caller_project_id,caller_class_id,caller_method_id,CALL_DIRECTION,callee_project_id,callee_class_id,callee_method_id
12acfc45-bdfb-4343-9004-9be15dfd844c,dbe92857-33a5-42b9-9f82-063339debe6b,57f07cb2-6c26-45a7-a4d1-4bbf1625da2b,->,12acfc45-bdfb-4343-9004-9be15dfd844c,dbe92857-33a5-42b9-9f82-063339debe6b,7690f47e-70a0-4efc-b4d1-adc9bfeb1f30
12acfc45-bdfb-4343-9004-9be15dfd844c,dbe92857-33a5-42b9-9f82-063339debe6b,7690f47e-70a0-4efc-b4d1-adc9bfeb1f30,->,12acfc45-bdfb-4343-9004-9be15dfd844c,java/io/File.java,exists
12acfc45-bdfb-4343-9004-9be15dfd844c,dbe92857-33a5-42b9-9f82-063339debe6b,7690f47e-70a0-4efc-b4d1-adc9bfeb1f30,->,12acfc45-bdfb-4343-9004-9be15dfd844c,java/io/File.java,listFiles
12acfc45-bdfb-4343-9004-9be15dfd844c,dbe92857-33a5-42b9-9f82-063339debe6b,7690f47e-70a0-4efc-b4d1-adc9bfeb1f30,->,12acfc45-bdfb-4343-9004-9be15dfd844c,java/io/File.java,getName
12acfc45-bdfb-4343-9004-9be15dfd844c,dbe92857-33a5-42b9-9f82-063339debe6b,7690f47e-70a0-4efc-b4d1-adc9bfeb1f30,->,12acfc45-bdfb-4343-9004-9be15dfd844c,java/lang/String.java,endsWith
12acfc45-bdfb-4343-9004-9be15dfd844c,dbe92857-33a5-42b9-9f82-063339debe6b,7690f47e-70a0-4efc-b4d1-adc9bfeb1f30,->,12acfc45-bdfb-4343-9004-9be15dfd844c,java/util/Scanner.java,hasNextLine
12acfc45-bdfb-4343-9004-9be15dfd844c,dbe92857-33a5-42b9-9f82-063339debe6b,7690f47e-70a0-4efc-b4d1-adc9bfeb1f30,->,12acfc45-bdfb-4343-9004-9be15dfd844c,java/util/Scanner.java,nextLine
12acfc45-bdfb-4343-9004-9be15dfd844c,dbe92857-33a5-42b9-9f82-063339debe6b,7690f47e-70a0-4efc-b4d1-adc9bfeb1f30,->,12acfc45-bdfb-4343-9004-9be15dfd844c,java/lang/String.java,startsWith
12acfc45-bdfb-4343-9004-9be15dfd844c,dbe92857-33a5-42b9-9f82-063339debe6b,7690f47e-70a0-4efc-b4d1-adc9bfeb1f30,->,12acfc45-bdfb-4343-9004-9be15dfd844c,java/lang/String.java,startsWith
12acfc45-bdfb-4343-9004-9be15dfd844c,dbe92857-33a5-42b9-9f82-063339debe6b,7690f47e-70a0-4efc-b4d1-adc9bfeb1f30,->,12acfc45-bdfb-4343-9004-9be15dfd844c,java/lang/String.java,split
12acfc45-bdfb-4343-9004-9be15dfd844c,dbe92857-33a5-42b9-9f82-063339debe6b,7690f47e-70a0-4efc-b4d1-adc9bfeb1f30,->,12acfc45-bdfb-4343-9004-9be15dfd844c,java/lang/Integer.java,parseInt
12acfc45-bdfb-4343-9004-9be15dfd844c,dbe92857-33a5-42b9-9f82-063339debe6b,7690f47e-70a0-4efc-b4d1-adc9bfeb1f30,->,12acfc45-bdfb-4343-9004-9be15dfd844c,java/lang/Integer.java,parseInt
12acfc45-bdfb-4343-9004-9be15dfd844c,dbe92857-33a5-42b9-9f82-063339debe6b,7690f47e-70a0-4efc-b4d1-adc9bfeb1f30,->,12acfc45-bdfb-4343-9004-9be15dfd844c,java/lang/StringBuilder.java,append
12acfc45-bdfb-4343-9004-9be15dfd844c,dbe92857-33a5-42b9-9f82-063339debe6b,7690f47e-70a0-4efc-b4d1-adc9bfeb1f30,->,12acfc45-bdfb-4343-9004-9be15dfd844c,java/io/File.java,getName
12acfc45-bdfb-4343-9004-9be15dfd844c,dbe92857-33a5-42b9-9f82-063339debe6b,7690f47e-70a0-4efc-b4d1-adc9bfeb1f30,->,12acfc45-bdfb-4343-9004-9be15dfd844c,java/lang/StringBuilder.java,append
12acfc45-bdfb-4343-9004-9be15dfd844c,dbe92857-33a5-42b9-9f82-063339debe6b,7690f47e-70a0-4efc-b4d1-adc9bfeb1f30,->,12acfc45-bdfb-4343-9004-9be15dfd844c,java/lang/StringBuilder.java,toString
12acfc45-bdfb-4343-9004-9be15dfd844c,dbe92857-33a5-42b9-9f82-063339debe6b,7690f47e-70a0-4efc-b4d1-adc9bfeb1f30,->,12acfc45-bdfb-4343-9004-9be15dfd844c,java/io/PrintStream.java,println
12acfc45-bdfb-4343-9004-9be15dfd844c,dbe92857-33a5-42b9-9f82-063339debe6b,7690f47e-70a0-4efc-b4d1-adc9bfeb1f30,->,12acfc45-bdfb-4343-9004-9be15dfd844c,java/io/PrintStream.java,println
12acfc45-bdfb-4343-9004-9be15dfd844c,dbe92857-33a5-42b9-9f82-063339debe6b,7690f47e-70a0-4efc-b4d1-adc9bfeb1f30,->,12acfc45-bdfb-4343-9004-9be15dfd844c,java/lang/Exception.java,printStackTrace
12acfc45-bdfb-4343-9004-9be15dfd844c,dbe92857-33a5-42b9-9f82-063339debe6b,b305a4a6-95ed-46d8-827c-690c1445a842,->,12acfc45-bdfb-4343-9004-9be15dfd844c,java/io/File.java,exists
12acfc45-bdfb-4343-9004-9be15dfd844c,dbe92857-33a5-42b9-9f82-063339debe6b,b305a4a6-95ed-46d8-827c-690c1445a842,->,12acfc45-bdfb-4343-9004-9be15dfd844c,java/io/File.java,listFiles
12acfc45-bdfb-4343-9004-9be15dfd844c,dbe92857-33a5-42b9-9f82-063339debe6b,b305a4a6-95ed-46d8-827c-690c1445a842,->,12acfc45-bdfb-4343-9004-9be15dfd844c,java/io/File.java,getName
12acfc45-bdfb-4343-9004-9be15dfd844c,dbe92857-33a5-42b9-9f82-063339debe6b,b305a4a6-95ed-46d8-827c-690c1445a842,->,12acfc45-bdfb-4343-9004-9be15dfd844c,java/lang/String.java,endsWith
12acfc45-bdfb-4343-9004-9be15dfd844c,dbe92857-33a5-42b9-9f82-063339debe6b,b305a4a6-95ed-46d8-827c-690c1445a842,->,12acfc45-bdfb-4343-9004-9be15dfd844c,java/util/Scanner.java,hasNextLine
12acfc45-bdfb-4343-9004-9be15dfd844c,dbe92857-33a5-42b9-9f82-063339debe6b,b305a4a6-95ed-46d8-827c-690c1445a842,->,12acfc45-bdfb-4343-9004-9be15dfd844c,java/util/Scanner.java,nextLine
12acfc45-bdfb-4343-9004-9be15dfd844c,dbe92857-33a5-42b9-9f82-063339debe6b,b305a4a6-95ed-46d8-827c-690c1445a842,->,12acfc45-bdfb-4343-9004-9be15dfd844c,java/lang/String.java,equalsIgnoreCase
12acfc45-bdfb-4343-9004-9be15dfd844c,dbe92857-33a5-42b9-9f82-063339debe6b,b305a4a6-95ed-46d8-827c-690c1445a842,->,12acfc45-bdfb-4343-9004-9be15dfd844c,java/io/File.java,getName
12acfc45-bdfb-4343-9004-9be15dfd844c,dbe92857-33a5-42b9-9f82-063339debe6b,b305a4a6-95ed-46d8-827c-690c1445a842,->,12acfc45-bdfb-4343-9004-9be15dfd844c,java/io/PrintStream.java,println
12acfc45-bdfb-4343-9004-9be15dfd844c,dbe92857-33a5-42b9-9f82-063339debe6b,f483c788-0469-4d01-85be-7d79680bc1fd,->,12acfc45-bdfb-4343-9004-9be15dfd844c,java/lang/StringBuilder.java,append
12acfc45-bdfb-4343-9004-9be15dfd844c,dbe92857-33a5-42b9-9f82-063339debe6b,f483c788-0469-4d01-85be-7d79680bc1fd,->,12acfc45-bdfb-4343-9004-9be15dfd844c,java/lang/StringBuilder.java,append
12acfc45-bdfb-4343-9004-9be15dfd844c,dbe92857-33a5-42b9-9f82-063339debe6b,f483c788-0469-4d01-85be-7d79680bc1fd,->,12acfc45-bdfb-4343-9004-9be15dfd844c,java/lang/StringBuilder.java,toString
12acfc45-bdfb-4343-9004-9be15dfd844c,dbe92857-33a5-42b9-9f82-063339debe6b,f483c788-0469-4d01-85be-7d79680bc1fd,->,12acfc45-bdfb-4343-9004-9be15dfd844c,java/io/FileWriter.java,write
12acfc45-bdfb-4343-9004-9be15dfd844c,dbe92857-33a5-42b9-9f82-063339debe6b,f483c788-0469-4d01-85be-7d79680bc1fd,->,12acfc45-bdfb-4343-9004-9be15dfd844c,java/io/FileWriter.java,close
12acfc45-bdfb-4343-9004-9be15dfd844c,0cdbdab9-54f2-4490-be2f-74b35d55ed96,0e26a897-917f-4959-adf0-d65a2b8c2868,->,12acfc45-bdfb-4343-9004-9be15dfd844c,java/io/File.java,exists
12acfc45-bdfb-4343-9004-9be15dfd844c,0cdbdab9-54f2-4490-be2f-74b35d55ed96,0e26a897-917f-4959-adf0-d65a2b8c2868,->,12acfc45-bdfb-4343-9004-9be15dfd844c,java/io/File.java,listFiles
12acfc45-bdfb-4343-9004-9be15dfd844c,0cdbdab9-54f2-4490-be2f-74b35d55ed96,0e26a897-917f-4959-adf0-d65a2b8c2868,->,12acfc45-bdfb-4343-9004-9be15dfd844c,java/io/File.java,getName
12acfc45-bdfb-4343-9004-9be15dfd844c,0cdbdab9-54f2-4490-be2f-74b35d55ed96,0e26a897-917f-4959-adf0-d65a2b8c2868,->,12acfc45-bdfb-4343-9004-9be15dfd844c,java/lang/String.java,endsWith
12acfc45-bdfb-4343-9004-9be15dfd844c,0cdbdab9-54f2-4490-be2f-74b35d55ed96,0e26a897-917f-4959-adf0-d65a2b8c2868,->,12acfc45-bdfb-4343-9004-9be15dfd844c,0cdbdab9-54f2-4490-be2f-74b35d55ed96,a9698941-fad6-4d01-a0fe-0ef927af9d8c
12acfc45-bdfb-4343-9004-9be15dfd844c,0cdbdab9-54f2-4490-be2f-74b35d55ed96,a9698941-fad6-4d01-a0fe-0ef927af9d8c,->,12acfc45-bdfb-4343-9004-9be15dfd844c,0cdbdab9-54f2-4490-be2f-74b35d55ed96,00d162ae-2ad4-4f44-81f9-568b9eefd6e6
12acfc45-bdfb-4343-9004-9be15dfd844c,0cdbdab9-54f2-4490-be2f-74b35d55ed96,a9698941-fad6-4d01-a0fe-0ef927af9d8c,->,12acfc45-bdfb-4343-9004-9be15dfd844c,java/util/Scanner.java,nextLine
12acfc45-bdfb-4343-9004-9be15dfd844c,0cdbdab9-54f2-4490-be2f-74b35d55ed96,a9698941-fad6-4d01-a0fe-0ef927af9d8c,->,12acfc45-bdfb-4343-9004-9be15dfd844c,java/lang/String.java,split
12acfc45-bdfb-4343-9004-9be15dfd844c,0cdbdab9-54f2-4490-be2f-74b35d55ed96,a9698941-fad6-4d01-a0fe-0ef927af9d8c,->,12acfc45-bdfb-4343-9004-9be15dfd844c,java/lang/String.java,contains
12acfc45-bdfb-4343-9004-9be15dfd844c,0cdbdab9-54f2-4490-be2f-74b35d55ed96,a9698941-fad6-4d01-a0fe-0ef927af9d8c,->,12acfc45-bdfb-4343-9004-9be15dfd844c,java/lang/String.java,contains
12acfc45-bdfb-4343-9004-9be15dfd844c,0cdbdab9-54f2-4490-be2f-74b35d55ed96,a9698941-fad6-4d01-a0fe-0ef927af9d8c,->,12acfc45-bdfb-4343-9004-9be15dfd844c,java/lang/String.java,split
12acfc45-bdfb-4343-9004-9be15dfd844c,0cdbdab9-54f2-4490-be2f-74b35d55ed96,a9698941-fad6-4d01-a0fe-0ef927af9d8c,->,12acfc45-bdfb-4343-9004-9be15dfd844c,java/lang/Integer.java,parseInt
12acfc45-bdfb-4343-9004-9be15dfd844c,0cdbdab9-54f2-4490-be2f-74b35d55ed96,a9698941-fad6-4d01-a0fe-0ef927af9d8c,->,12acfc45-bdfb-4343-9004-9be15dfd844c,java/lang/StringBuilder.java,append
12acfc45-bdfb-4343-9004-9be15dfd844c,0cdbdab9-54f2-4490-be2f-74b35d55ed96,a9698941-fad6-4d01-a0fe-0ef927af9d8c,->,12acfc45-bdfb-4343-9004-9be15dfd844c,java/lang/StringBuilder.java,append
12acfc45-bdfb-4343-9004-9be15dfd844c,0cdbdab9-54f2-4490-be2f-74b35d55ed96,a9698941-fad6-4d01-a0fe-0ef927af9d8c,->,12acfc45-bdfb-4343-9004-9be15dfd844c,java/lang/StringBuilder.java,toString
12acfc45-bdfb-4343-9004-9be15dfd844c,0cdbdab9-54f2-4490-be2f-74b35d55ed96,a9698941-fad6-4d01-a0fe-0ef927af9d8c,->,12acfc45-bdfb-4343-9004-9be15dfd844c,java/lang/StringBuilder.java,append
12acfc45-bdfb-4343-9004-9be15dfd844c,0cdbdab9-54f2-4490-be2f-74b35d55ed96,a9698941-fad6-4d01-a0fe-0ef927af9d8c,->,12acfc45-bdfb-4343-9004-9be15dfd844c,java/lang/Integer.java,parseInt
12acfc45-bdfb-4343-9004-9be15dfd844c,0cdbdab9-54f2-4490-be2f-74b35d55ed96,a9698941-fad6-4d01-a0fe-0ef927af9d8c,->,12acfc45-bdfb-4343-9004-9be15dfd844c,java/lang/StringBuilder.java,append
12acfc45-bdfb-4343-9004-9be15dfd844c,0cdbdab9-54f2-4490-be2f-74b35d55ed96,a9698941-fad6-4d01-a0fe-0ef927af9d8c,->,12acfc45-bdfb-4343-9004-9be15dfd844c,java/lang/StringBuilder.java,toString
12acfc45-bdfb-4343-9004-9be15dfd844c,0cdbdab9-54f2-4490-be2f-74b35d55ed96,a9698941-fad6-4d01-a0fe-0ef927af9d8c,->,12acfc45-bdfb-4343-9004-9be15dfd844c,java/lang/StringBuilder.java,append
12acfc45-bdfb-4343-9004-9be15dfd844c,0cdbdab9-54f2-4490-be2f-74b35d55ed96,a9698941-fad6-4d01-a0fe-0ef927af9d8c,->,12acfc45-bdfb-4343-9004-9be15dfd844c,java/lang/StringBuilder.java,append
12acfc45-bdfb-4343-9004-9be15dfd844c,0cdbdab9-54f2-4490-be2f-74b35d55ed96,a9698941-fad6-4d01-a0fe-0ef927af9d8c,->,12acfc45-bdfb-4343-9004-9be15dfd844c,java/lang/StringBuilder.java,append
12acfc45-bdfb-4343-9004-9be15dfd844c,0cdbdab9-54f2-4490-be2f-74b35d55ed96,a9698941-fad6-4d01-a0fe-0ef927af9d8c,->,12acfc45-bdfb-4343-9004-9be15dfd844c,java/lang/StringBuilder.java,append
12acfc45-bdfb-4343-9004-9be15dfd844c,0cdbdab9-54f2-4490-be2f-74b35d55ed96,a9698941-fad6-4d01-a0fe-0ef927af9d8c,->,12acfc45-bdfb-4343-9004-9be15dfd844c,java/lang/StringBuilder.java,append
12acfc45-bdfb-4343-9004-9be15dfd844c,0cdbdab9-54f2-4490-be2f-74b35d55ed96,a9698941-fad6-4d01-a0fe-0ef927af9d8c,->,12acfc45-bdfb-4343-9004-9be15dfd844c,java/lang/StringBuilder.java,toString
12acfc45-bdfb-4343-9004-9be15dfd844c,0cdbdab9-54f2-4490-be2f-74b35d55ed96,a9698941-fad6-4d01-a0fe-0ef927af9d8c,->,12acfc45-bdfb-4343-9004-9be15dfd844c,java/lang/String.java,contains
12acfc45-bdfb-4343-9004-9be15dfd844c,0cdbdab9-54f2-4490-be2f-74b35d55ed96,a9698941-fad6-4d01-a0fe-0ef927af9d8c,->,12acfc45-bdfb-4343-9004-9be15dfd844c,java/lang/String.java,split
12acfc45-bdfb-4343-9004-9be15dfd844c,0cdbdab9-54f2-4490-be2f-74b35d55ed96,a9698941-fad6-4d01-a0fe-0ef927af9d8c,->,12acfc45-bdfb-4343-9004-9be15dfd844c,java/lang/Integer.java,parseInt
12acfc45-bdfb-4343-9004-9be15dfd844c,0cdbdab9-54f2-4490-be2f-74b35d55ed96,a9698941-fad6-4d01-a0fe-0ef927af9d8c,->,12acfc45-bdfb-4343-9004-9be15dfd844c,java/lang/StringBuilder.java,append
12acfc45-bdfb-4343-9004-9be15dfd844c,0cdbdab9-54f2-4490-be2f-74b35d55ed96,a9698941-fad6-4d01-a0fe-0ef927af9d8c,->,12acfc45-bdfb-4343-9004-9be15dfd844c,java/lang/StringBuilder.java,append
12acfc45-bdfb-4343-9004-9be15dfd844c,0cdbdab9-54f2-4490-be2f-74b35d55ed96,a9698941-fad6-4d01-a0fe-0ef927af9d8c,->,12acfc45-bdfb-4343-9004-9be15dfd844c,java/lang/StringBuilder.java,toString
12acfc45-bdfb-4343-9004-9be15dfd844c,0cdbdab9-54f2-4490-be2f-74b35d55ed96,a9698941-fad6-4d01-a0fe-0ef927af9d8c,->,12acfc45-bdfb-4343-9004-9be15dfd844c,java/lang/StringBuilder.java,append
12acfc45-bdfb-4343-9004-9be15dfd844c,0cdbdab9-54f2-4490-be2f-74b35d55ed96,a9698941-fad6-4d01-a0fe-0ef927af9d8c,->,12acfc45-bdfb-4343-9004-9be15dfd844c,java/lang/Integer.java,parseInt
12acfc45-bdfb-4343-9004-9be15dfd844c,0cdbdab9-54f2-4490-be2f-74b35d55ed96,a9698941-fad6-4d01-a0fe-0ef927af9d8c,->,12acfc45-bdfb-4343-9004-9be15dfd844c,java/lang/StringBuilder.java,append
12acfc45-bdfb-4343-9004-9be15dfd844c,0cdbdab9-54f2-4490-be2f-74b35d55ed96,a9698941-fad6-4d01-a0fe-0ef927af9d8c,->,12acfc45-bdfb-4343-9004-9be15dfd844c,java/lang/StringBuilder.java,toString
12acfc45-bdfb-4343-9004-9be15dfd844c,0cdbdab9-54f2-4490-be2f-74b35d55ed96,a9698941-fad6-4d01-a0fe-0ef927af9d8c,->,12acfc45-bdfb-4343-9004-9be15dfd844c,java/lang/StringBuilder.java,append
12acfc45-bdfb-4343-9004-9be15dfd844c,0cdbdab9-54f2-4490-be2f-74b35d55ed96,a9698941-fad6-4d01-a0fe-0ef927af9d8c,->,12acfc45-bdfb-4343-9004-9be15dfd844c,java/lang/StringBuilder.java,append
12acfc45-bdfb-4343-9004-9be15dfd844c,0cdbdab9-54f2-4490-be2f-74b35d55ed96,a9698941-fad6-4d01-a0fe-0ef927af9d8c,->,12acfc45-bdfb-4343-9004-9be15dfd844c,java/lang/StringBuilder.java,append
12acfc45-bdfb-4343-9004-9be15dfd844c,0cdbdab9-54f2-4490-be2f-74b35d55ed96,a9698941-fad6-4d01-a0fe-0ef927af9d8c,->,12acfc45-bdfb-4343-9004-9be15dfd844c,java/lang/StringBuilder.java,append
12acfc45-bdfb-4343-9004-9be15dfd844c,0cdbdab9-54f2-4490-be2f-74b35d55ed96,a9698941-fad6-4d01-a0fe-0ef927af9d8c,->,12acfc45-bdfb-4343-9004-9be15dfd844c,java/lang/StringBuilder.java,append
12acfc45-bdfb-4343-9004-9be15dfd844c,0cdbdab9-54f2-4490-be2f-74b35d55ed96,a9698941-fad6-4d01-a0fe-0ef927af9d8c,->,12acfc45-bdfb-4343-9004-9be15dfd844c,java/lang/StringBuilder.java,toString
12acfc45-bdfb-4343-9004-9be15dfd844c,0cdbdab9-54f2-4490-be2f-74b35d55ed96,a9698941-fad6-4d01-a0fe-0ef927af9d8c,->,12acfc45-bdfb-4343-9004-9be15dfd844c,java/lang/StringBuilder.java,append
12acfc45-bdfb-4343-9004-9be15dfd844c,0cdbdab9-54f2-4490-be2f-74b35d55ed96,a9698941-fad6-4d01-a0fe-0ef927af9d8c,->,12acfc45-bdfb-4343-9004-9be15dfd844c,java/lang/StringBuilder.java,append
12acfc45-bdfb-4343-9004-9be15dfd844c,0cdbdab9-54f2-4490-be2f-74b35d55ed96,a9698941-fad6-4d01-a0fe-0ef927af9d8c,->,12acfc45-bdfb-4343-9004-9be15dfd844c,java/lang/StringBuilder.java,toString
12acfc45-bdfb-4343-9004-9be15dfd844c,0cdbdab9-54f2-4490-be2f-74b35d55ed96,a9698941-fad6-4d01-a0fe-0ef927af9d8c,->,12acfc45-bdfb-4343-9004-9be15dfd844c,java/io/FileWriter.java,write
12acfc45-bdfb-4343-9004-9be15dfd844c,0cdbdab9-54f2-4490-be2f-74b35d55ed96,a9698941-fad6-4d01-a0fe-0ef927af9d8c,->,12acfc45-bdfb-4343-9004-9be15dfd844c,java/io/FileWriter.java,close
12acfc45-bdfb-4343-9004-9be15dfd844c,0cdbdab9-54f2-4490-be2f-74b35d55ed96,a9698941-fad6-4d01-a0fe-0ef927af9d8c,->,12acfc45-bdfb-4343-9004-9be15dfd844c,java/io/IOException.java,printStackTrace
12acfc45-bdfb-4343-9004-9be15dfd844c,0cdbdab9-54f2-4490-be2f-74b35d55ed96,00d162ae-2ad4-4f44-81f9-568b9eefd6e6,->,12acfc45-bdfb-4343-9004-9be15dfd844c,java/util/Scanner.java,hasNextLine
12acfc45-bdfb-4343-9004-9be15dfd844c,0cdbdab9-54f2-4490-be2f-74b35d55ed96,00d162ae-2ad4-4f44-81f9-568b9eefd6e6,->,12acfc45-bdfb-4343-9004-9be15dfd844c,java/util/Scanner.java,nextLine
12acfc45-bdfb-4343-9004-9be15dfd844c,server/model/shops/ShopAssistant.java,openShop,->,12acfc45-bdfb-4343-9004-9be15dfd844c,server/model/players/Client.java,getItems
12acfc45-bdfb-4343-9004-9be15dfd844c,server/model/shops/ShopAssistant.java,openShop,->,12acfc45-bdfb-4343-9004-9be15dfd844c,server/model/items/ItemAssistant.java,resetItems
12acfc45-bdfb-4343-9004-9be15dfd844c,server/model/shops/ShopAssistant.java,openShop,->,12acfc45-bdfb-4343-9004-9be15dfd844c,server/model/shops/ShopAssistant.java,resetShop
12acfc45-bdfb-4343-9004-9be15dfd844c,server/model/shops/ShopAssistant.java,openShop,->,12acfc45-bdfb-4343-9004-9be15dfd844c,server/model/players/Client.java,getPA
12acfc45-bdfb-4343-9004-9be15dfd844c,server/model/shops/ShopAssistant.java,openShop,->,12acfc45-bdfb-4343-9004-9be15dfd844c,991eb2a8-284a-4290-ae08-f54cf8834706,b5e0025e-af80-480f-915c-9faf727f9415
12acfc45-bdfb-4343-9004-9be15dfd844c,server/model/shops/ShopAssistant.java,openShop,->,12acfc45-bdfb-4343-9004-9be15dfd844c,server/model/players/Client.java,getPA
12acfc45-bdfb-4343-9004-9be15dfd844c,server/model/shops/ShopAssistant.java,openShop,->,12acfc45-bdfb-4343-9004-9be15dfd844c,991eb2a8-284a-4290-ae08-f54cf8834706,609517a1-3a8b-4bd9-8623-3cae47c33a17
12acfc45-bdfb-4343-9004-9be15dfd844c,server/model/shops/ShopAssistant.java,updateshop,->,12acfc45-bdfb-4343-9004-9be15dfd844c,server/model/shops/ShopAssistant.java,resetShop
12acfc45-bdfb-4343-9004-9be15dfd844c,server/model/shops/ShopAssistant.java,resetShop,->,12acfc45-bdfb-4343-9004-9be15dfd844c,server/model/players/Client.java,getOutStream
12acfc45-bdfb-4343-9004-9be15dfd844c,server/model/shops/ShopAssistant.java,resetShop,->,12acfc45-bdfb-4343-9004-9be15dfd844c,server/util/Stream.java,createFrameVarSizeWord
12acfc45-bdfb-4343-9004-9be15dfd844c,server/model/shops/ShopAssistant.java,resetShop,->,12acfc45-bdfb-4343-9004-9be15dfd844c,server/model/players/Client.java,getOutStream
12acfc45-bdfb-4343-9004-9be15dfd844c,server/model/shops/ShopAssistant.java,resetShop,->,12acfc45-bdfb-4343-9004-9be15dfd844c,server/util/Stream.java,writeWord
12acfc45-bdfb-4343-9004-9be15dfd844c,server/model/shops/ShopAssistant.java,resetShop,->,12acfc45-bdfb-4343-9004-9be15dfd844c,server/model/players/Client.java,getOutStream
12acfc45-bdfb-4343-9004-9be15dfd844c,server/model/shops/ShopAssistant.java,resetShop,->,12acfc45-bdfb-4343-9004-9be15dfd844c,server/util/Stream.java,writeWord
12acfc45-bdfb-4343-9004-9be15dfd844c,server/model/shops/ShopAssistant.java,resetShop,->,12acfc45-bdfb-4343-9004-9be15dfd844c,server/model/players/Client.java,getOutStream
12acfc45-bdfb-4343-9004-9be15dfd844c,server/model/shops/ShopAssistant.java,resetShop,->,12acfc45-bdfb-4343-9004-9be15dfd844c,server/util/Stream.java,writeByte
12acfc45-bdfb-4343-9004-9be15dfd844c,server/model/shops/ShopAssistant.java,resetShop,->,12acfc45-bdfb-4343-9004-9be15dfd844c,server/model/players/Client.java,getOutStream
12acfc45-bdfb-4343-9004-9be15dfd844c,server/model/shops/ShopAssistant.java,resetShop,->,12acfc45-bdfb-4343-9004-9be15dfd844c,server/util/Stream.java,writeDWord_v2
12acfc45-bdfb-4343-9004-9be15dfd844c,server/model/shops/ShopAssistant.java,resetShop,->,12acfc45-bdfb-4343-9004-9be15dfd844c,server/model/players/Client.java,getOutStream
12acfc45-bdfb-4343-9004-9be15dfd844c,server/model/shops/ShopAssistant.java,resetShop,->,12acfc45-bdfb-4343-9004-9be15dfd844c,server/util/Stream.java,writeByte
12acfc45-bdfb-4343-9004-9be15dfd844c,server/model/shops/ShopAssistant.java,resetShop,->,12acfc45-bdfb-4343-9004-9be15dfd844c,server/model/players/Client.java,getOutStream
12acfc45-bdfb-4343-9004-9be15dfd844c,server/model/shops/ShopAssistant.java,resetShop,->,12acfc45-bdfb-4343-9004-9be15dfd844c,server/util/Stream.java,writeWordBigEndianA
12acfc45-bdfb-4343-9004-9be15dfd844c,server/model/shops/ShopAssistant.java,resetShop,->,12acfc45-bdfb-4343-9004-9be15dfd844c,server/model/players/Client.java,getOutStream
12acfc45-bdfb-4343-9004-9be15dfd844c,server/model/shops/ShopAssistant.java,resetShop,->,12acfc45-bdfb-4343-9004-9be15dfd844c,server/util/Stream.java,endFrameVarSizeWord
12acfc45-bdfb-4343-9004-9be15dfd844c,server/model/shops/ShopAssistant.java,resetShop,->,12acfc45-bdfb-4343-9004-9be15dfd844c,server/model/players/Client.java,flushOutStream
12acfc45-bdfb-4343-9004-9be15dfd844c,server/model/shops/ShopAssistant.java,buyFromShopPrice,->,12acfc45-bdfb-4343-9004-9be15dfd844c,server/model/shops/ShopAssistant.java,getItemShopValue
12acfc45-bdfb-4343-9004-9be15dfd844c,server/model/shops/ShopAssistant.java,buyFromShopPrice,->,12acfc45-bdfb-4343-9004-9be15dfd844c,java/lang/Math.java,floor
12acfc45-bdfb-4343-9004-9be15dfd844c,server/model/shops/ShopAssistant.java,buyFromShopPrice,->,12acfc45-bdfb-4343-9004-9be15dfd844c,server/model/players/Client.java,getItems
12acfc45-bdfb-4343-9004-9be15dfd844c,server/model/shops/ShopAssistant.java,buyFromShopPrice,->,12acfc45-bdfb-4343-9004-9be15dfd844c,server/model/items/ItemAssistant.java,getItemName
12acfc45-bdfb-4343-9004-9be15dfd844c,server/model/shops/ShopAssistant.java,buyFromShopPrice,->,12acfc45-bdfb-4343-9004-9be15dfd844c,java/lang/StringBuilder.java,append
12acfc45-bdfb-4343-9004-9be15dfd844c,server/model/shops/ShopAssistant.java,buyFromShopPrice,->,12acfc45-bdfb-4343-9004-9be15dfd844c,java/lang/StringBuilder.java,append
12acfc45-bdfb-4343-9004-9be15dfd844c,server/model/shops/ShopAssistant.java,buyFromShopPrice,->,12acfc45-bdfb-4343-9004-9be15dfd844c,server/model/shops/ShopAssistant.java,getSpecialItemValue
12acfc45-bdfb-4343-9004-9be15dfd844c,server/model/shops/ShopAssistant.java,buyFromShopPrice,->,12acfc45-bdfb-4343-9004-9be15dfd844c,java/lang/StringBuilder.java,append
12acfc45-bdfb-4343-9004-9be15dfd844c,server/model/shops/ShopAssistant.java,buyFromShopPrice,->,12acfc45-bdfb-4343-9004-9be15dfd844c,java/lang/StringBuilder.java,append
12acfc45-bdfb-4343-9004-9be15dfd844c,server/model/shops/ShopAssistant.java,buyFromShopPrice,->,12acfc45-bdfb-4343-9004-9be15dfd844c,java/lang/StringBuilder.java,toString
12acfc45-bdfb-4343-9004-9be15dfd844c,server/model/shops/ShopAssistant.java,buyFromShopPrice,->,12acfc45-bdfb-4343-9004-9be15dfd844c,server/model/players/Client.java,sendMessage
12acfc45-bdfb-4343-9004-9be15dfd844c,server/model/shops/ShopAssistant.java,buyFromShopPrice,->,12acfc45-bdfb-4343-9004-9be15dfd844c,java/lang/StringBuilder.java,append
12acfc45-bdfb-4343-9004-9be15dfd844c,server/model/shops/ShopAssistant.java,buyFromShopPrice,->,12acfc45-bdfb-4343-9004-9be15dfd844c,server/model/players/Client.java,getItems
12acfc45-bdfb-4343-9004-9be15dfd844c,server/model/shops/ShopAssistant.java,buyFromShopPrice,->,12acfc45-bdfb-4343-9004-9be15dfd844c,server/model/items/ItemAssistant.java,getUntradePrice
12acfc45-bdfb-4343-9004-9be15dfd844c,server/model/shops/ShopAssistant.java,buyFromShopPrice,->,12acfc45-bdfb-4343-9004-9be15dfd844c,java/lang/StringBuilder.java,append
12acfc45-bdfb-4343-9004-9be15dfd844c,server/model/shops/ShopAssistant.java,buyFromShopPrice,->,12acfc45-bdfb-4343-9004-9be15dfd844c,java/lang/StringBuilder.java,append
12acfc45-bdfb-4343-9004-9be15dfd844c,server/model/shops/ShopAssistant.java,buyFromShopPrice,->,12acfc45-bdfb-4343-9004-9be15dfd844c,java/lang/StringBuilder.java,toString
12acfc45-bdfb-4343-9004-9be15dfd844c,server/model/shops/ShopAssistant.java,buyFromShopPrice,->,12acfc45-bdfb-4343-9004-9be15dfd844c,server/model/players/Client.java,sendMessage
12acfc45-bdfb-4343-9004-9be15dfd844c,server/model/shops/ShopAssistant.java,buyFromShopPrice,->,12acfc45-bdfb-4343-9004-9be15dfd844c,java/lang/StringBuilder.java,append
12acfc45-bdfb-4343-9004-9be15dfd844c,server/model/shops/ShopAssistant.java,buyFromShopPrice,->,12acfc45-bdfb-4343-9004-9be15dfd844c,java/lang/StringBuilder.java,append
12acfc45-bdfb-4343-9004-9be15dfd844c,server/model/shops/ShopAssistant.java,buyFromShopPrice,->,12acfc45-bdfb-4343-9004-9be15dfd844c,java/lang/StringBuilder.java,append
12acfc45-bdfb-4343-9004-9be15dfd844c,server/model/shops/ShopAssistant.java,buyFromShopPrice,->,12acfc45-bdfb-4343-9004-9be15dfd844c,java/lang/StringBuilder.java,toString
12acfc45-bdfb-4343-9004-9be15dfd844c,server/model/shops/ShopAssistant.java,buyFromShopPrice,->,12acfc45-bdfb-4343-9004-9be15dfd844c,java/lang/StringBuilder.java,append
12acfc45-bdfb-4343-9004-9be15dfd844c,server/model/shops/ShopAssistant.java,buyFromShopPrice,->,12acfc45-bdfb-4343-9004-9be15dfd844c,java/lang/StringBuilder.java,append
12acfc45-bdfb-4343-9004-9be15dfd844c,server/model/shops/ShopAssistant.java,buyFromShopPrice,->,12acfc45-bdfb-4343-9004-9be15dfd844c,java/lang/StringBuilder.java,append
12acfc45-bdfb-4343-9004-9be15dfd844c,server/model/shops/ShopAssistant.java,buyFromShopPrice,->,12acfc45-bdfb-4343-9004-9be15dfd844c,java/lang/StringBuilder.java,toString
12acfc45-bdfb-4343-9004-9be15dfd844c,server/model/shops/ShopAssistant.java,buyFromShopPrice,->,12acfc45-bdfb-4343-9004-9be15dfd844c,server/model/players/Client.java,getItems
12acfc45-bdfb-4343-9004-9be15dfd844c,server/model/shops/ShopAssistant.java,buyFromShopPrice,->,12acfc45-bdfb-4343-9004-9be15dfd844c,server/model/items/ItemAssistant.java,getItemName
12acfc45-bdfb-4343-9004-9be15dfd844c,server/model/shops/ShopAssistant.java,buyFromShopPrice,->,12acfc45-bdfb-4343-9004-9be15dfd844c,java/lang/StringBuilder.java,append
12acfc45-bdfb-4343-9004-9be15dfd844c,server/model/shops/ShopAssistant.java,buyFromShopPrice,->,12acfc45-bdfb-4343-9004-9be15dfd844c,java/lang/StringBuilder.java,append
12acfc45-bdfb-4343-9004-9be15dfd844c,server/model/shops/ShopAssistant.java,buyFromShopPrice,->,12acfc45-bdfb-4343-9004-9be15dfd844c,java/lang/StringBuilder.java,append
12acfc45-bdfb-4343-9004-9be15dfd844c,server/model/shops/ShopAssistant.java,buyFromShopPrice,->,12acfc45-bdfb-4343-9004-9be15dfd844c,java/lang/StringBuilder.java,append
12acfc45-bdfb-4343-9004-9be15dfd844c,server/model/shops/ShopAssistant.java,buyFromShopPrice,->,12acfc45-bdfb-4343-9004-9be15dfd844c,java/lang/StringBuilder.java,append
12acfc45-bdfb-4343-9004-9be15dfd844c,server/model/shops/ShopAssistant.java,buyFromShopPrice,->,12acfc45-bdfb-4343-9004-9be15dfd844c,java/lang/StringBuilder.java,toString
12acfc45-bdfb-4343-9004-9be15dfd844c,server/model/shops/ShopAssistant.java,buyFromShopPrice,->,12acfc45-bdfb-4343-9004-9be15dfd844c,server/model/players/Client.java,sendMessage
12acfc45-bdfb-4343-9004-9be15dfd844c,server/model/shops/ShopAssistant.java,sellToShopPrice,->,12acfc45-bdfb-4343-9004-9be15dfd844c,java/lang/StringBuilder.java,append
12acfc45-bdfb-4343-9004-9be15dfd844c,server/model/shops/ShopAssistant.java,sellToShopPrice,->,12acfc45-bdfb-4343-9004-9be15dfd844c,server/model/players/Client.java,getItems
12acfc45-bdfb-4343-9004-9be15dfd844c,server/model/shops/ShopAssistant.java,sellToShopPrice,->,12acfc45-bdfb-4343-9004-9be15dfd844c,server/model/items/ItemAssistant.java,getItemName
12acfc45-bdfb-4343-9004-9be15dfd844c,server/model/shops/ShopAssistant.java,sellToShopPrice,->,12acfc45-bdfb-4343-9004-9be15dfd844c,java/lang/String.java,toLowerCase
12acfc45-bdfb-4343-9004-9be15dfd844c,server/model/shops/ShopAssistant.java,sellToShopPrice,->,12acfc45-bdfb-4343-9004-9be15dfd844c,java/lang/StringBuilder.java,append
12acfc45-bdfb-4343-9004-9be15dfd844c,server/model/shops/ShopAssistant.java,sellToShopPrice,->,12acfc45-bdfb-4343-9004-9be15dfd844c,java/lang/StringBuilder.java,append
12acfc45-bdfb-4343-9004-9be15dfd844c,server/model/shops/ShopAssistant.java,sellToShopPrice,->,12acfc45-bdfb-4343-9004-9be15dfd844c,java/lang/StringBuilder.java,toString
12acfc45-bdfb-4343-9004-9be15dfd844c,server/model/shops/ShopAssistant.java,sellToShopPrice,->,12acfc45-bdfb-4343-9004-9be15dfd844c,server/model/players/Client.java,sendMessage
12acfc45-bdfb-4343-9004-9be15dfd844c,server/model/shops/ShopAssistant.java,sellToShopPrice,->,12acfc45-bdfb-4343-9004-9be15dfd844c,java/lang/StringBuilder.java,append
12acfc45-bdfb-4343-9004-9be15dfd844c,server/model/shops/ShopAssistant.java,sellToShopPrice,->,12acfc45-bdfb-4343-9004-9be15dfd844c,server/model/players/Client.java,getItems
12acfc45-bdfb-4343-9004-9be15dfd844c,server/model/shops/ShopAssistant.java,sellToShopPrice,->,12acfc45-bdfb-4343-9004-9be15dfd844c,server/model/items/ItemAssistant.java,getItemName
12acfc45-bdfb-4343-9004-9be15dfd844c,server/model/shops/ShopAssistant.java,sellToShopPrice,->,12acfc45-bdfb-4343-9004-9be15dfd844c,java/lang/String.java,toLowerCase
12acfc45-bdfb-4343-9004-9be15dfd844c,server/model/shops/ShopAssistant.java,sellToShopPrice,->,12acfc45-bdfb-4343-9004-9be15dfd844c,java/lang/StringBuilder.java,append
12acfc45-bdfb-4343-9004-9be15dfd844c,server/model/shops/ShopAssistant.java,sellToShopPrice,->,12acfc45-bdfb-4343-9004-9be15dfd844c,java/lang/StringBuilder.java,append
12acfc45-bdfb-4343-9004-9be15dfd844c,server/model/shops/ShopAssistant.java,sellToShopPrice,->,12acfc45-bdfb-4343-9004-9be15dfd844c,java/lang/StringBuilder.java,toString
12acfc45-bdfb-4343-9004-9be15dfd844c,server/model/shops/ShopAssistant.java,sellToShopPrice,->,12acfc45-bdfb-4343-9004-9be15dfd844c,server/model/players/Client.java,sendMessage
12acfc45-bdfb-4343-9004-9be15dfd844c,server/model/shops/ShopAssistant.java,sellToShopPrice,->,12acfc45-bdfb-4343-9004-9be15dfd844c,server/model/shops/ShopAssistant.java,getItemShopValue
12acfc45-bdfb-4343-9004-9be15dfd844c,server/model/shops/ShopAssistant.java,sellToShopPrice,->,12acfc45-bdfb-4343-9004-9be15dfd844c,java/lang/Math.java,floor
12acfc45-bdfb-4343-9004-9be15dfd844c,server/model/shops/ShopAssistant.java,sellToShopPrice,->,12acfc45-bdfb-4343-9004-9be15dfd844c,java/lang/StringBuilder.java,append
12acfc45-bdfb-4343-9004-9be15dfd844c,server/model/shops/ShopAssistant.java,sellToShopPrice,->,12acfc45-bdfb-4343-9004-9be15dfd844c,java/lang/StringBuilder.java,append
12acfc45-bdfb-4343-9004-9be15dfd844c,server/model/shops/ShopAssistant.java,sellToShopPrice,->,12acfc45-bdfb-4343-9004-9be15dfd844c,java/lang/StringBuilder.java,append
12acfc45-bdfb-4343-9004-9be15dfd844c,server/model/shops/ShopAssistant.java,sellToShopPrice,->,12acfc45-bdfb-4343-9004-9be15dfd844c,java/lang/StringBuilder.java,toString
12acfc45-bdfb-4343-9004-9be15dfd844c,server/model/shops/ShopAssistant.java,sellToShopPrice,->,12acfc45-bdfb-4343-9004-9be15dfd844c,java/lang/StringBuilder.java,append
12acfc45-bdfb-4343-9004-9be15dfd844c,server/model/shops/ShopAssistant.java,sellToShopPrice,->,12acfc45-bdfb-4343-9004-9be15dfd844c,java/lang/StringBuilder.java,append
12acfc45-bdfb-4343-9004-9be15dfd844c,server/model/shops/ShopAssistant.java,sellToShopPrice,->,12acfc45-bdfb-4343-9004-9be15dfd844c,java/lang/StringBuilder.java,append
12acfc45-bdfb-4343-9004-9be15dfd844c,server/model/shops/ShopAssistant.java,sellToShopPrice,->,12acfc45-bdfb-4343-9004-9be15dfd844c,java/lang/StringBuilder.java,toString
12acfc45-bdfb-4343-9004-9be15dfd844c,server/model/shops/ShopAssistant.java,sellToShopPrice,->,12acfc45-bdfb-4343-9004-9be15dfd844c,server/model/players/Client.java,getItems
12acfc45-bdfb-4343-9004-9be15dfd844c,server/model/shops/ShopAssistant.java,sellToShopPrice,->,12acfc45-bdfb-4343-9004-9be15dfd844c,server/model/items/ItemAssistant.java,getItemName
12acfc45-bdfb-4343-9004-9be15dfd844c,server/model/shops/ShopAssistant.java,sellToShopPrice,->,12acfc45-bdfb-4343-9004-9be15dfd844c,java/lang/StringBuilder.java,append
12acfc45-bdfb-4343-9004-9be15dfd844c,server/model/shops/ShopAssistant.java,sellToShopPrice,->,12acfc45-bdfb-4343-9004-9be15dfd844c,java/lang/StringBuilder.java,append
12acfc45-bdfb-4343-9004-9be15dfd844c,server/model/shops/ShopAssistant.java,sellToShopPrice,->,12acfc45-bdfb-4343-9004-9be15dfd844c,java/lang/StringBuilder.java,append
12acfc45-bdfb-4343-9004-9be15dfd844c,server/model/shops/ShopAssistant.java,sellToShopPrice,->,12acfc45-bdfb-4343-9004-9be15dfd844c,java/lang/StringBuilder.java,append
12acfc45-bdfb-4343-9004-9be15dfd844c,server/model/shops/ShopAssistant.java,sellToShopPrice,->,12acfc45-bdfb-4343-9004-9be15dfd844c,java/lang/StringBuilder.java,append
12acfc45-bdfb-4343-9004-9be15dfd844c,server/model/shops/ShopAssistant.java,sellToShopPrice,->,12acfc45-bdfb-4343-9004-9be15dfd844c,java/lang/StringBuilder.java,toString
12acfc45-bdfb-4343-9004-9be15dfd844c,server/model/shops/ShopAssistant.java,sellToShopPrice,->,12acfc45-bdfb-4343-9004-9be15dfd844c,server/model/players/Client.java,sendMessage
12acfc45-bdfb-4343-9004-9be15dfd844c,server/model/shops/ShopAssistant.java,sellItem,->,12acfc45-bdfb-4343-9004-9be15dfd844c,java/lang/StringBuilder.java,append
12acfc45-bdfb-4343-9004-9be15dfd844c,server/model/shops/ShopAssistant.java,sellItem,->,12acfc45-bdfb-4343-9004-9be15dfd844c,server/model/players/Client.java,getItems
12acfc45-bdfb-4343-9004-9be15dfd844c,server/model/shops/ShopAssistant.java,sellItem,->,12acfc45-bdfb-4343-9004-9be15dfd844c,server/model/items/ItemAssistant.java,getItemName
12acfc45-bdfb-4343-9004-9be15dfd844c,server/model/shops/ShopAssistant.java,sellItem,->,12acfc45-bdfb-4343-9004-9be15dfd844c,java/lang/String.java,toLowerCase
12acfc45-bdfb-4343-9004-9be15dfd844c,server/model/shops/ShopAssistant.java,sellItem,->,12acfc45-bdfb-4343-9004-9be15dfd844c,java/lang/StringBuilder.java,append
12acfc45-bdfb-4343-9004-9be15dfd844c,server/model/shops/ShopAssistant.java,sellItem,->,12acfc45-bdfb-4343-9004-9be15dfd844c,java/lang/StringBuilder.java,append
12acfc45-bdfb-4343-9004-9be15dfd844c,server/model/shops/ShopAssistant.java,sellItem,->,12acfc45-bdfb-4343-9004-9be15dfd844c,java/lang/StringBuilder.java,toString
12acfc45-bdfb-4343-9004-9be15dfd844c,server/model/shops/ShopAssistant.java,sellItem,->,12acfc45-bdfb-4343-9004-9be15dfd844c,server/model/players/Client.java,sendMessage
12acfc45-bdfb-4343-9004-9be15dfd844c,server/model/shops/ShopAssistant.java,sellItem,->,12acfc45-bdfb-4343-9004-9be15dfd844c,server/model/players/Client.java,sendMessage
12acfc45-bdfb-4343-9004-9be15dfd844c,server/model/shops/ShopAssistant.java,sellItem,->,12acfc45-bdfb-4343-9004-9be15dfd844c,java/lang/StringBuilder.java,append
12acfc45-bdfb-4343-9004-9be15dfd844c,server/model/shops/ShopAssistant.java,sellItem,->,12acfc45-bdfb-4343-9004-9be15dfd844c,server/model/players/Client.java,getItems
12acfc45-bdfb-4343-9004-9be15dfd844c,server/model/shops/ShopAssistant.java,sellItem,->,12acfc45-bdfb-4343-9004-9be15dfd844c,server/model/items/ItemAssistant.java,getItemName
12acfc45-bdfb-4343-9004-9be15dfd844c,server/model/shops/ShopAssistant.java,sellItem,->,12acfc45-bdfb-4343-9004-9be15dfd844c,java/lang/String.java,toLowerCase
12acfc45-bdfb-4343-9004-9be15dfd844c,server/model/shops/ShopAssistant.java,sellItem,->,12acfc45-bdfb-4343-9004-9be15dfd844c,java/lang/StringBuilder.java,append
12acfc45-bdfb-4343-9004-9be15dfd844c,server/model/shops/ShopAssistant.java,sellItem,->,12acfc45-bdfb-4343-9004-9be15dfd844c,java/lang/StringBuilder.java,append
12acfc45-bdfb-4343-9004-9be15dfd844c,server/model/shops/ShopAssistant.java,sellItem,->,12acfc45-bdfb-4343-9004-9be15dfd844c,java/lang/StringBuilder.java,toString
12acfc45-bdfb-4343-9004-9be15dfd844c,server/model/shops/ShopAssistant.java,sellItem,->,12acfc45-bdfb-4343-9004-9be15dfd844c,server/model/players/Client.java,sendMessage
12acfc45-bdfb-4343-9004-9be15dfd844c,server/model/shops/ShopAssistant.java,sellItem,->,12acfc45-bdfb-4343-9004-9be15dfd844c,server/model/players/Client.java,getItems
12acfc45-bdfb-4343-9004-9be15dfd844c,server/model/shops/ShopAssistant.java,sellItem,->,12acfc45-bdfb-4343-9004-9be15dfd844c,server/model/items/ItemAssistant.java,getItemAmount
12acfc45-bdfb-4343-9004-9be15dfd844c,server/model/shops/ShopAssistant.java,sellItem,->,12acfc45-bdfb-4343-9004-9be15dfd844c,server/model/players/Client.java,getItems
12acfc45-bdfb-4343-9004-9be15dfd844c,server/model/shops/ShopAssistant.java,sellItem,->,12acfc45-bdfb-4343-9004-9be15dfd844c,server/model/items/ItemAssistant.java,getItemAmount
12acfc45-bdfb-4343-9004-9be15dfd844c,server/model/shops/ShopAssistant.java,sellItem,->,12acfc45-bdfb-4343-9004-9be15dfd844c,server/model/shops/ShopAssistant.java,getItemShopValue
12acfc45-bdfb-4343-9004-9be15dfd844c,server/model/shops/ShopAssistant.java,sellItem,->,12acfc45-bdfb-4343-9004-9be15dfd844c,java/lang/Math.java,floor
12acfc45-bdfb-4343-9004-9be15dfd844c,server/model/shops/ShopAssistant.java,sellItem,->,12acfc45-bdfb-4343-9004-9be15dfd844c,server/model/players/Client.java,getItems
12acfc45-bdfb-4343-9004-9be15dfd844c,server/model/shops/ShopAssistant.java,sellItem,->,12acfc45-bdfb-4343-9004-9be15dfd844c,server/model/items/ItemAssistant.java,freeSlots
12acfc45-bdfb-4343-9004-9be15dfd844c,server/model/shops/ShopAssistant.java,sellItem,->,12acfc45-bdfb-4343-9004-9be15dfd844c,server/model/players/Client.java,getItems
12acfc45-bdfb-4343-9004-9be15dfd844c,server/model/shops/ShopAssistant.java,sellItem,->,12acfc45-bdfb-4343-9004-9be15dfd844c,server/model/items/ItemAssistant.java,playerHasItem
12acfc45-bdfb-4343-9004-9be15dfd844c,server/model/shops/ShopAssistant.java,sellItem,->,12acfc45-bdfb-4343-9004-9be15dfd844c,server/model/players/Client.java,getItems
12acfc45-bdfb-4343-9004-9be15dfd844c,server/model/shops/ShopAssistant.java,sellItem,->,12acfc45-bdfb-4343-9004-9be15dfd844c,server/model/players/Client.java,getItems
12acfc45-bdfb-4343-9004-9be15dfd844c,server/model/shops/ShopAssistant.java,sellItem,->,12acfc45-bdfb-4343-9004-9be15dfd844c,server/model/items/ItemAssistant.java,getItemSlot
12acfc45-bdfb-4343-9004-9be15dfd844c,server/model/shops/ShopAssistant.java,sellItem,->,12acfc45-bdfb-4343-9004-9be15dfd844c,server/model/items/ItemAssistant.java,deleteItem
12acfc45-bdfb-4343-9004-9be15dfd844c,server/model/shops/ShopAssistant.java,sellItem,->,12acfc45-bdfb-4343-9004-9be15dfd844c,server/model/players/Client.java,getItems
12acfc45-bdfb-4343-9004-9be15dfd844c,server/model/shops/ShopAssistant.java,sellItem,->,12acfc45-bdfb-4343-9004-9be15dfd844c,server/model/items/ItemAssistant.java,deleteItem
12acfc45-bdfb-4343-9004-9be15dfd844c,server/model/shops/ShopAssistant.java,sellItem,->,12acfc45-bdfb-4343-9004-9be15dfd844c,server/model/players/Client.java,getItems
12acfc45-bdfb-4343-9004-9be15dfd844c,server/model/shops/ShopAssistant.java,sellItem,->,12acfc45-bdfb-4343-9004-9be15dfd844c,server/model/items/ItemAssistant.java,addItem
12acfc45-bdfb-4343-9004-9be15dfd844c,server/model/shops/ShopAssistant.java,sellItem,->,12acfc45-bdfb-4343-9004-9be15dfd844c,server/model/shops/ShopAssistant.java,addShopItem
12acfc45-bdfb-4343-9004-9be15dfd844c,server/model/shops/ShopAssistant.java,sellItem,->,12acfc45-bdfb-4343-9004-9be15dfd844c,server/model/players/Client.java,sendMessage
12acfc45-bdfb-4343-9004-9be15dfd844c,server/model/shops/ShopAssistant.java,sellItem,->,12acfc45-bdfb-4343-9004-9be15dfd844c,server/model/players/Client.java,getItems
12acfc45-bdfb-4343-9004-9be15dfd844c,server/model/shops/ShopAssistant.java,sellItem,->,12acfc45-bdfb-4343-9004-9be15dfd844c,server/model/items/ItemAssistant.java,resetItems
12acfc45-bdfb-4343-9004-9be15dfd844c,server/model/shops/ShopAssistant.java,sellItem,->,12acfc45-bdfb-4343-9004-9be15dfd844c,server/model/shops/ShopAssistant.java,resetShop
12acfc45-bdfb-4343-9004-9be15dfd844c,server/model/shops/ShopAssistant.java,sellItem,->,12acfc45-bdfb-4343-9004-9be15dfd844c,server/model/shops/ShopAssistant.java,updatePlayerShop
12acfc45-bdfb-4343-9004-9be15dfd844c,server/model/shops/ShopAssistant.java,addShopItem,->,12acfc45-bdfb-4343-9004-9be15dfd844c,server/model/players/Client.java,getItems
12acfc45-bdfb-4343-9004-9be15dfd844c,server/model/shops/ShopAssistant.java,addShopItem,->,12acfc45-bdfb-4343-9004-9be15dfd844c,server/model/items/ItemAssistant.java,getUnnotedItem
12acfc45-bdfb-4343-9004-9be15dfd844c,server/model/shops/ShopAssistant.java,buyItem,->,12acfc45-bdfb-4343-9004-9be15dfd844c,server/model/shops/ShopAssistant.java,skillBuy
12acfc45-bdfb-4343-9004-9be15dfd844c,server/model/shops/ShopAssistant.java,buyItem,->,12acfc45-bdfb-4343-9004-9be15dfd844c,server/model/shops/ShopAssistant.java,buyVoid
12acfc45-bdfb-4343-9004-9be15dfd844c,server/model/shops/ShopAssistant.java,buyItem,->,12acfc45-bdfb-4343-9004-9be15dfd844c,server/model/players/Client.java,sendMessage
12acfc45-bdfb-4343-9004-9be15dfd844c,server/model/shops/ShopAssistant.java,buyItem,->,12acfc45-bdfb-4343-9004-9be15dfd844c,server/model/shops/ShopAssistant.java,shopSellsItem
12acfc45-bdfb-4343-9004-9be15dfd844c,server/model/shops/ShopAssistant.java,buyItem,->,12acfc45-bdfb-4343-9004-9be15dfd844c,server/model/shops/ShopAssistant.java,getItemShopValue
12acfc45-bdfb-4343-9004-9be15dfd844c,server/model/shops/ShopAssistant.java,buyItem,->,12acfc45-bdfb-4343-9004-9be15dfd844c,java/lang/Math.java,floor
12acfc45-bdfb-4343-9004-9be15dfd844c,server/model/shops/ShopAssistant.java,buyItem,->,12acfc45-bdfb-4343-9004-9be15dfd844c,server/model/players/Client.java,getItems
12acfc45-bdfb-4343-9004-9be15dfd844c,server/model/shops/ShopAssistant.java,buyItem,->,12acfc45-bdfb-4343-9004-9be15dfd844c,server/model/items/ItemAssistant.java,getItemSlot
12acfc45-bdfb-4343-9004-9be15dfd844c,server/model/shops/ShopAssistant.java,buyItem,->,12acfc45-bdfb-4343-9004-9be15dfd844c,server/model/players/Client.java,getItems
12acfc45-bdfb-4343-9004-9be15dfd844c,server/model/shops/ShopAssistant.java,buyItem,->,12acfc45-bdfb-4343-9004-9be15dfd844c,server/model/items/ItemAssistant.java,getItemSlot
12acfc45-bdfb-4343-9004-9be15dfd844c,server/model/shops/ShopAssistant.java,buyItem,->,12acfc45-bdfb-4343-9004-9be15dfd844c,server/model/players/Client.java,sendMessage
12acfc45-bdfb-4343-9004-9be15dfd844c,server/model/shops/ShopAssistant.java,buyItem,->,12acfc45-bdfb-4343-9004-9be15dfd844c,server/model/players/Client.java,sendMessage
12acfc45-bdfb-4343-9004-9be15dfd844c,server/model/shops/ShopAssistant.java,buyItem,->,12acfc45-bdfb-4343-9004-9be15dfd844c,server/model/shops/ShopAssistant.java,getItemShopValue
12acfc45-bdfb-4343-9004-9be15dfd844c,server/model/shops/ShopAssistant.java,buyItem,->,12acfc45-bdfb-4343-9004-9be15dfd844c,java/lang/Math.java,floor
12acfc45-bdfb-4343-9004-9be15dfd844c,server/model/shops/ShopAssistant.java,buyItem,->,12acfc45-bdfb-4343-9004-9be15dfd844c,server/model/players/Client.java,getItems
12acfc45-bdfb-4343-9004-9be15dfd844c,server/model/shops/ShopAssistant.java,buyItem,->,12acfc45-bdfb-4343-9004-9be15dfd844c,server/model/items/ItemAssistant.java,freeSlots
12acfc45-bdfb-4343-9004-9be15dfd844c,server/model/shops/ShopAssistant.java,buyItem,->,12acfc45-bdfb-4343-9004-9be15dfd844c,server/model/players/Client.java,getItems
12acfc45-bdfb-4343-9004-9be15dfd844c,server/model/shops/ShopAssistant.java,buyItem,->,12acfc45-bdfb-4343-9004-9be15dfd844c,server/model/players/Client.java,getItems
12acfc45-bdfb-4343-9004-9be15dfd844c,server/model/shops/ShopAssistant.java,buyItem,->,12acfc45-bdfb-4343-9004-9be15dfd844c,server/model/items/ItemAssistant.java,getItemSlot
12acfc45-bdfb-4343-9004-9be15dfd844c,server/model/shops/ShopAssistant.java,buyItem,->,12acfc45-bdfb-4343-9004-9be15dfd844c,server/model/items/ItemAssistant.java,deleteItem
12acfc45-bdfb-4343-9004-9be15dfd844c,server/model/shops/ShopAssistant.java,buyItem,->,12acfc45-bdfb-4343-9004-9be15dfd844c,server/model/players/Client.java,getItems
12acfc45-bdfb-4343-9004-9be15dfd844c,server/model/shops/ShopAssistant.java,buyItem,->,12acfc45-bdfb-4343-9004-9be15dfd844c,server/model/items/ItemAssistant.java,addItem
12acfc45-bdfb-4343-9004-9be15dfd844c,server/model/shops/ShopAssistant.java,buyItem,->,12acfc45-bdfb-4343-9004-9be15dfd844c,server/model/players/Client.java,sendMessage
12acfc45-bdfb-4343-9004-9be15dfd844c,server/model/shops/ShopAssistant.java,buyItem,->,12acfc45-bdfb-4343-9004-9be15dfd844c,server/model/players/Client.java,sendMessage
12acfc45-bdfb-4343-9004-9be15dfd844c,server/model/shops/ShopAssistant.java,buyItem,->,12acfc45-bdfb-4343-9004-9be15dfd844c,server/model/players/Client.java,getItems
12acfc45-bdfb-4343-9004-9be15dfd844c,server/model/shops/ShopAssistant.java,buyItem,->,12acfc45-bdfb-4343-9004-9be15dfd844c,server/model/items/ItemAssistant.java,freeSlots
12acfc45-bdfb-4343-9004-9be15dfd844c,server/model/shops/ShopAssistant.java,buyItem,->,12acfc45-bdfb-4343-9004-9be15dfd844c,server/model/players/Client.java,getItems
12acfc45-bdfb-4343-9004-9be15dfd844c,server/model/shops/ShopAssistant.java,buyItem,->,12acfc45-bdfb-4343-9004-9be15dfd844c,server/model/players/Client.java,getItems
12acfc45-bdfb-4343-9004-9be15dfd844c,server/model/shops/ShopAssistant.java,buyItem,->,12acfc45-bdfb-4343-9004-9be15dfd844c,server/model/items/ItemAssistant.java,getItemSlot
12acfc45-bdfb-4343-9004-9be15dfd844c,server/model/shops/ShopAssistant.java,buyItem,->,12acfc45-bdfb-4343-9004-9be15dfd844c,server/model/items/ItemAssistant.java,deleteItem
12acfc45-bdfb-4343-9004-9be15dfd844c,server/model/shops/ShopAssistant.java,buyItem,->,12acfc45-bdfb-4343-9004-9be15dfd844c,server/model/players/Client.java,getItems
12acfc45-bdfb-4343-9004-9be15dfd844c,server/model/shops/ShopAssistant.java,buyItem,->,12acfc45-bdfb-4343-9004-9be15dfd844c,server/model/items/ItemAssistant.java,addItem
12acfc45-bdfb-4343-9004-9be15dfd844c,server/model/shops/ShopAssistant.java,buyItem,->,12acfc45-bdfb-4343-9004-9be15dfd844c,server/model/players/Client.java,sendMessage
12acfc45-bdfb-4343-9004-9be15dfd844c,server/model/shops/ShopAssistant.java,buyItem,->,12acfc45-bdfb-4343-9004-9be15dfd844c,server/model/players/Client.java,sendMessage
12acfc45-bdfb-4343-9004-9be15dfd844c,server/model/shops/ShopAssistant.java,buyItem,->,12acfc45-bdfb-4343-9004-9be15dfd844c,server/model/players/Client.java,getItems
12acfc45-bdfb-4343-9004-9be15dfd844c,server/model/shops/ShopAssistant.java,buyItem,->,12acfc45-bdfb-4343-9004-9be15dfd844c,server/model/items/ItemAssistant.java,resetItems
12acfc45-bdfb-4343-9004-9be15dfd844c,server/model/shops/ShopAssistant.java,buyItem,->,12acfc45-bdfb-4343-9004-9be15dfd844c,server/model/shops/ShopAssistant.java,resetShop
12acfc45-bdfb-4343-9004-9be15dfd844c,server/model/shops/ShopAssistant.java,buyItem,->,12acfc45-bdfb-4343-9004-9be15dfd844c,server/model/shops/ShopAssistant.java,updatePlayerShop
12acfc45-bdfb-4343-9004-9be15dfd844c,server/model/shops/ShopAssistant.java,openSkillCape,->,12acfc45-bdfb-4343-9004-9be15dfd844c,server/model/shops/ShopAssistant.java,get99Count
12acfc45-bdfb-4343-9004-9be15dfd844c,server/model/shops/ShopAssistant.java,openSkillCape,->,12acfc45-bdfb-4343-9004-9be15dfd844c,server/model/shops/ShopAssistant.java,get99Count
12acfc45-bdfb-4343-9004-9be15dfd844c,server/model/shops/ShopAssistant.java,openSkillCape,->,12acfc45-bdfb-4343-9004-9be15dfd844c,server/model/shops/ShopAssistant.java,setupSkillCapes
12acfc45-bdfb-4343-9004-9be15dfd844c,server/model/shops/ShopAssistant.java,get99Count,->,12acfc45-bdfb-4343-9004-9be15dfd844c,server/model/players/Client.java,getLevelForXP
12acfc45-bdfb-4343-9004-9be15dfd844c,server/model/shops/ShopAssistant.java,setupSkillCapes,->,12acfc45-bdfb-4343-9004-9be15dfd844c,server/model/players/Client.java,getItems
12acfc45-bdfb-4343-9004-9be15dfd844c,server/model/shops/ShopAssistant.java,setupSkillCapes,->,12acfc45-bdfb-4343-9004-9be15dfd844c,server/model/items/ItemAssistant.java,resetItems
12acfc45-bdfb-4343-9004-9be15dfd844c,server/model/shops/ShopAssistant.java,setupSkillCapes,->,12acfc45-bdfb-4343-9004-9be15dfd844c,server/model/players/Client.java,getPA
12acfc45-bdfb-4343-9004-9be15dfd844c,server/model/shops/ShopAssistant.java,setupSkillCapes,->,12acfc45-bdfb-4343-9004-9be15dfd844c,991eb2a8-284a-4290-ae08-f54cf8834706,b5e0025e-af80-480f-915c-9faf727f9415
12acfc45-bdfb-4343-9004-9be15dfd844c,server/model/shops/ShopAssistant.java,setupSkillCapes,->,12acfc45-bdfb-4343-9004-9be15dfd844c,server/model/players/Client.java,getPA
12acfc45-bdfb-4343-9004-9be15dfd844c,server/model/shops/ShopAssistant.java,setupSkillCapes,->,12acfc45-bdfb-4343-9004-9be15dfd844c,991eb2a8-284a-4290-ae08-f54cf8834706,609517a1-3a8b-4bd9-8623-3cae47c33a17
12acfc45-bdfb-4343-9004-9be15dfd844c,server/model/shops/ShopAssistant.java,setupSkillCapes,->,12acfc45-bdfb-4343-9004-9be15dfd844c,server/model/players/Client.java,getOutStream
12acfc45-bdfb-4343-9004-9be15dfd844c,server/model/shops/ShopAssistant.java,setupSkillCapes,->,12acfc45-bdfb-4343-9004-9be15dfd844c,server/util/Stream.java,createFrameVarSizeWord
12acfc45-bdfb-4343-9004-9be15dfd844c,server/model/shops/ShopAssistant.java,setupSkillCapes,->,12acfc45-bdfb-4343-9004-9be15dfd844c,server/model/players/Client.java,getOutStream
12acfc45-bdfb-4343-9004-9be15dfd844c,server/model/shops/ShopAssistant.java,setupSkillCapes,->,12acfc45-bdfb-4343-9004-9be15dfd844c,server/util/Stream.java,writeWord
12acfc45-bdfb-4343-9004-9be15dfd844c,server/model/shops/ShopAssistant.java,setupSkillCapes,->,12acfc45-bdfb-4343-9004-9be15dfd844c,server/model/players/Client.java,getOutStream
12acfc45-bdfb-4343-9004-9be15dfd844c,server/model/shops/ShopAssistant.java,setupSkillCapes,->,12acfc45-bdfb-4343-9004-9be15dfd844c,server/util/Stream.java,writeWord
12acfc45-bdfb-4343-9004-9be15dfd844c,server/model/shops/ShopAssistant.java,setupSkillCapes,->,12acfc45-bdfb-4343-9004-9be15dfd844c,server/model/players/Client.java,getLevelForXP
12acfc45-bdfb-4343-9004-9be15dfd844c,server/model/shops/ShopAssistant.java,setupSkillCapes,->,12acfc45-bdfb-4343-9004-9be15dfd844c,server/model/players/Client.java,getOutStream
12acfc45-bdfb-4343-9004-9be15dfd844c,server/model/shops/ShopAssistant.java,setupSkillCapes,->,12acfc45-bdfb-4343-9004-9be15dfd844c,server/util/Stream.java,writeByte
12acfc45-bdfb-4343-9004-9be15dfd844c,server/model/shops/ShopAssistant.java,setupSkillCapes,->,12acfc45-bdfb-4343-9004-9be15dfd844c,server/model/players/Client.java,getOutStream
12acfc45-bdfb-4343-9004-9be15dfd844c,server/model/shops/ShopAssistant.java,setupSkillCapes,->,12acfc45-bdfb-4343-9004-9be15dfd844c,server/util/Stream.java,writeWordBigEndianA
12acfc45-bdfb-4343-9004-9be15dfd844c,server/model/shops/ShopAssistant.java,setupSkillCapes,->,12acfc45-bdfb-4343-9004-9be15dfd844c,server/model/players/Client.java,getOutStream
12acfc45-bdfb-4343-9004-9be15dfd844c,server/model/shops/ShopAssistant.java,setupSkillCapes,->,12acfc45-bdfb-4343-9004-9be15dfd844c,server/util/Stream.java,endFrameVarSizeWord
12acfc45-bdfb-4343-9004-9be15dfd844c,server/model/shops/ShopAssistant.java,setupSkillCapes,->,12acfc45-bdfb-4343-9004-9be15dfd844c,server/model/players/Client.java,flushOutStream
12acfc45-bdfb-4343-9004-9be15dfd844c,server/model/shops/ShopAssistant.java,skillBuy,->,12acfc45-bdfb-4343-9004-9be15dfd844c,server/model/shops/ShopAssistant.java,get99Count
12acfc45-bdfb-4343-9004-9be15dfd844c,server/model/shops/ShopAssistant.java,skillBuy,->,12acfc45-bdfb-4343-9004-9be15dfd844c,server/model/players/Client.java,getItems
12acfc45-bdfb-4343-9004-9be15dfd844c,server/model/shops/ShopAssistant.java,skillBuy,->,12acfc45-bdfb-4343-9004-9be15dfd844c,server/model/items/ItemAssistant.java,freeSlots
12acfc45-bdfb-4343-9004-9be15dfd844c,server/model/shops/ShopAssistant.java,skillBuy,->,12acfc45-bdfb-4343-9004-9be15dfd844c,server/model/players/Client.java,getItems
12acfc45-bdfb-4343-9004-9be15dfd844c,server/model/shops/ShopAssistant.java,skillBuy,->,12acfc45-bdfb-4343-9004-9be15dfd844c,server/model/items/ItemAssistant.java,playerHasItem
12acfc45-bdfb-4343-9004-9be15dfd844c,server/model/shops/ShopAssistant.java,skillBuy,->,12acfc45-bdfb-4343-9004-9be15dfd844c,server/model/players/Client.java,getLevelForXP
12acfc45-bdfb-4343-9004-9be15dfd844c,server/model/shops/ShopAssistant.java,skillBuy,->,12acfc45-bdfb-4343-9004-9be15dfd844c,server/model/players/Client.java,getItems
12acfc45-bdfb-4343-9004-9be15dfd844c,server/model/shops/ShopAssistant.java,skillBuy,->,12acfc45-bdfb-4343-9004-9be15dfd844c,server/model/players/Client.java,getItems
12acfc45-bdfb-4343-9004-9be15dfd844c,server/model/shops/ShopAssistant.java,skillBuy,->,12acfc45-bdfb-4343-9004-9be15dfd844c,server/model/items/ItemAssistant.java,getItemSlot
12acfc45-bdfb-4343-9004-9be15dfd844c,server/model/shops/ShopAssistant.java,skillBuy,->,12acfc45-bdfb-4343-9004-9be15dfd844c,server/model/items/ItemAssistant.java,deleteItem
12acfc45-bdfb-4343-9004-9be15dfd844c,server/model/shops/ShopAssistant.java,skillBuy,->,12acfc45-bdfb-4343-9004-9be15dfd844c,server/model/players/Client.java,getItems
12acfc45-bdfb-4343-9004-9be15dfd844c,server/model/shops/ShopAssistant.java,skillBuy,->,12acfc45-bdfb-4343-9004-9be15dfd844c,server/model/items/ItemAssistant.java,addItem
12acfc45-bdfb-4343-9004-9be15dfd844c,server/model/shops/ShopAssistant.java,skillBuy,->,12acfc45-bdfb-4343-9004-9be15dfd844c,server/model/players/Client.java,getItems
12acfc45-bdfb-4343-9004-9be15dfd844c,server/model/shops/ShopAssistant.java,skillBuy,->,12acfc45-bdfb-4343-9004-9be15dfd844c,server/model/items/ItemAssistant.java,addItem
12acfc45-bdfb-4343-9004-9be15dfd844c,server/model/shops/ShopAssistant.java,skillBuy,->,12acfc45-bdfb-4343-9004-9be15dfd844c,server/model/players/Client.java,sendMessage
12acfc45-bdfb-4343-9004-9be15dfd844c,server/model/shops/ShopAssistant.java,skillBuy,->,12acfc45-bdfb-4343-9004-9be15dfd844c,server/model/players/Client.java,sendMessage
12acfc45-bdfb-4343-9004-9be15dfd844c,server/model/shops/ShopAssistant.java,skillBuy,->,12acfc45-bdfb-4343-9004-9be15dfd844c,server/model/players/Client.java,sendMessage
12acfc45-bdfb-4343-9004-9be15dfd844c,server/model/shops/ShopAssistant.java,skillBuy,->,12acfc45-bdfb-4343-9004-9be15dfd844c,server/model/players/Client.java,getItems
12acfc45-bdfb-4343-9004-9be15dfd844c,server/model/shops/ShopAssistant.java,skillBuy,->,12acfc45-bdfb-4343-9004-9be15dfd844c,server/model/items/ItemAssistant.java,resetItems
12acfc45-bdfb-4343-9004-9be15dfd844c,5849ef3e-9280-4348-a3c8-451a741eecc1,99d810d3-3758-41a7-88bc-a516ed231eb8,->,12acfc45-bdfb-4343-9004-9be15dfd844c,server/util/Stream.java,writeBits
12acfc45-bdfb-4343-9004-9be15dfd844c,5849ef3e-9280-4348-a3c8-451a741eecc1,99d810d3-3758-41a7-88bc-a516ed231eb8,->,12acfc45-bdfb-4343-9004-9be15dfd844c,server/util/Stream.java,writeBits
12acfc45-bdfb-4343-9004-9be15dfd844c,5849ef3e-9280-4348-a3c8-451a741eecc1,99d810d3-3758-41a7-88bc-a516ed231eb8,->,12acfc45-bdfb-4343-9004-9be15dfd844c,server/util/Stream.java,writeBits
12acfc45-bdfb-4343-9004-9be15dfd844c,5849ef3e-9280-4348-a3c8-451a741eecc1,99d810d3-3758-41a7-88bc-a516ed231eb8,->,12acfc45-bdfb-4343-9004-9be15dfd844c,server/util/Stream.java,writeBits
12acfc45-bdfb-4343-9004-9be15dfd844c,5849ef3e-9280-4348-a3c8-451a741eecc1,99d810d3-3758-41a7-88bc-a516ed231eb8,->,12acfc45-bdfb-4343-9004-9be15dfd844c,server/util/Stream.java,writeBits
12acfc45-bdfb-4343-9004-9be15dfd844c,5849ef3e-9280-4348-a3c8-451a741eecc1,99d810d3-3758-41a7-88bc-a516ed231eb8,->,12acfc45-bdfb-4343-9004-9be15dfd844c,server/util/Stream.java,writeBits
12acfc45-bdfb-4343-9004-9be15dfd844c,5849ef3e-9280-4348-a3c8-451a741eecc1,99d810d3-3758-41a7-88bc-a516ed231eb8,->,12acfc45-bdfb-4343-9004-9be15dfd844c,server/util/Stream.java,writeBits
12acfc45-bdfb-4343-9004-9be15dfd844c,5849ef3e-9280-4348-a3c8-451a741eecc1,99d810d3-3758-41a7-88bc-a516ed231eb8,->,12acfc45-bdfb-4343-9004-9be15dfd844c,server/util/Stream.java,writeBits
12acfc45-bdfb-4343-9004-9be15dfd844c,5849ef3e-9280-4348-a3c8-451a741eecc1,06e964f2-b1c3-4e69-85f5-23fe3b6d625d,->,12acfc45-bdfb-4343-9004-9be15dfd844c,server/util/Stream.java,writeWord
12acfc45-bdfb-4343-9004-9be15dfd844c,5849ef3e-9280-4348-a3c8-451a741eecc1,06e964f2-b1c3-4e69-85f5-23fe3b6d625d,->,12acfc45-bdfb-4343-9004-9be15dfd844c,server/util/Stream.java,writeDWord
12acfc45-bdfb-4343-9004-9be15dfd844c,5849ef3e-9280-4348-a3c8-451a741eecc1,d2f846dc-7425-4fff-a962-b7857e7e1bd3,->,12acfc45-bdfb-4343-9004-9be15dfd844c,server/util/Stream.java,writeWordBigEndian
12acfc45-bdfb-4343-9004-9be15dfd844c,5849ef3e-9280-4348-a3c8-451a741eecc1,d2f846dc-7425-4fff-a962-b7857e7e1bd3,->,12acfc45-bdfb-4343-9004-9be15dfd844c,server/util/Stream.java,writeByte
12acfc45-bdfb-4343-9004-9be15dfd844c,5849ef3e-9280-4348-a3c8-451a741eecc1,f46a40d6-ae27-4bb4-b175-ecbee6edea47,->,12acfc45-bdfb-4343-9004-9be15dfd844c,server/util/Stream.java,writeWordBigEndian
12acfc45-bdfb-4343-9004-9be15dfd844c,5849ef3e-9280-4348-a3c8-451a741eecc1,f46a40d6-ae27-4bb4-b175-ecbee6edea47,->,12acfc45-bdfb-4343-9004-9be15dfd844c,server/util/Stream.java,writeWordBigEndian
12acfc45-bdfb-4343-9004-9be15dfd844c,5849ef3e-9280-4348-a3c8-451a741eecc1,140aff4d-e4ae-4ed7-8832-ec73f52121f8,->,12acfc45-bdfb-4343-9004-9be15dfd844c,server/util/Stream.java,writeWord
12acfc45-bdfb-4343-9004-9be15dfd844c,5849ef3e-9280-4348-a3c8-451a741eecc1,233ea043-6c48-4df6-b508-8187f9b14f2d,->,12acfc45-bdfb-4343-9004-9be15dfd844c,server/util/Stream.java,writeWordBigEndian
12acfc45-bdfb-4343-9004-9be15dfd844c,5849ef3e-9280-4348-a3c8-451a741eecc1,233ea043-6c48-4df6-b508-8187f9b14f2d,->,12acfc45-bdfb-4343-9004-9be15dfd844c,server/util/Stream.java,writeWordBigEndian
12acfc45-bdfb-4343-9004-9be15dfd844c,5849ef3e-9280-4348-a3c8-451a741eecc1,c5ac402c-094e-46db-aca9-213d996bf308,->,12acfc45-bdfb-4343-9004-9be15dfd844c,server/util/Stream.java,writeByte
12acfc45-bdfb-4343-9004-9be15dfd844c,5849ef3e-9280-4348-a3c8-451a741eecc1,c5ac402c-094e-46db-aca9-213d996bf308,->,12acfc45-bdfb-4343-9004-9be15dfd844c,5849ef3e-9280-4348-a3c8-451a741eecc1,d2f846dc-7425-4fff-a962-b7857e7e1bd3
12acfc45-bdfb-4343-9004-9be15dfd844c,5849ef3e-9280-4348-a3c8-451a741eecc1,c5ac402c-094e-46db-aca9-213d996bf308,->,12acfc45-bdfb-4343-9004-9be15dfd844c,5849ef3e-9280-4348-a3c8-451a741eecc1,38c86a47-a554-401d-8b90-171b7630e523
12acfc45-bdfb-4343-9004-9be15dfd844c,5849ef3e-9280-4348-a3c8-451a741eecc1,c5ac402c-094e-46db-aca9-213d996bf308,->,12acfc45-bdfb-4343-9004-9be15dfd844c,5849ef3e-9280-4348-a3c8-451a741eecc1,06e964f2-b1c3-4e69-85f5-23fe3b6d625d
12acfc45-bdfb-4343-9004-9be15dfd844c,5849ef3e-9280-4348-a3c8-451a741eecc1,c5ac402c-094e-46db-aca9-213d996bf308,->,12acfc45-bdfb-4343-9004-9be15dfd844c,5849ef3e-9280-4348-a3c8-451a741eecc1,140aff4d-e4ae-4ed7-8832-ec73f52121f8
12acfc45-bdfb-4343-9004-9be15dfd844c,5849ef3e-9280-4348-a3c8-451a741eecc1,c5ac402c-094e-46db-aca9-213d996bf308,->,12acfc45-bdfb-4343-9004-9be15dfd844c,server/util/Stream.java,writeString
12acfc45-bdfb-4343-9004-9be15dfd844c,5849ef3e-9280-4348-a3c8-451a741eecc1,c5ac402c-094e-46db-aca9-213d996bf308,->,12acfc45-bdfb-4343-9004-9be15dfd844c,5849ef3e-9280-4348-a3c8-451a741eecc1,5482cb64-0aec-43db-8cea-ab52ab28599f
12acfc45-bdfb-4343-9004-9be15dfd844c,5849ef3e-9280-4348-a3c8-451a741eecc1,c5ac402c-094e-46db-aca9-213d996bf308,->,12acfc45-bdfb-4343-9004-9be15dfd844c,5849ef3e-9280-4348-a3c8-451a741eecc1,f46a40d6-ae27-4bb4-b175-ecbee6edea47
12acfc45-bdfb-4343-9004-9be15dfd844c,5849ef3e-9280-4348-a3c8-451a741eecc1,4e39f755-017f-45ca-8aa4-2f6e305ecbdf,->,12acfc45-bdfb-4343-9004-9be15dfd844c,2c89cfe4-ed6d-446f-832b-3c203feb3155,05de951b-2fa8-4121-99ee-ce604b8bd631
12acfc45-bdfb-4343-9004-9be15dfd844c,5849ef3e-9280-4348-a3c8-451a741eecc1,6ffc56c0-d948-403e-ac59-8343570910f9,->,12acfc45-bdfb-4343-9004-9be15dfd844c,5849ef3e-9280-4348-a3c8-451a741eecc1,4e39f755-017f-45ca-8aa4-2f6e305ecbdf
12acfc45-bdfb-4343-9004-9be15dfd844c,5849ef3e-9280-4348-a3c8-451a741eecc1,5482cb64-0aec-43db-8cea-ab52ab28599f,->,12acfc45-bdfb-4343-9004-9be15dfd844c,server/util/Stream.java,writeByteC
12acfc45-bdfb-4343-9004-9be15dfd844c,5849ef3e-9280-4348-a3c8-451a741eecc1,5482cb64-0aec-43db-8cea-ab52ab28599f,->,12acfc45-bdfb-4343-9004-9be15dfd844c,server/util/Stream.java,writeByteS
12acfc45-bdfb-4343-9004-9be15dfd844c,5849ef3e-9280-4348-a3c8-451a741eecc1,5482cb64-0aec-43db-8cea-ab52ab28599f,->,12acfc45-bdfb-4343-9004-9be15dfd844c,server/util/Stream.java,writeByteS
12acfc45-bdfb-4343-9004-9be15dfd844c,5849ef3e-9280-4348-a3c8-451a741eecc1,5482cb64-0aec-43db-8cea-ab52ab28599f,->,12acfc45-bdfb-4343-9004-9be15dfd844c,server/util/Stream.java,writeByteS
12acfc45-bdfb-4343-9004-9be15dfd844c,5849ef3e-9280-4348-a3c8-451a741eecc1,5482cb64-0aec-43db-8cea-ab52ab28599f,->,12acfc45-bdfb-4343-9004-9be15dfd844c,server/util/Stream.java,writeByteC
12acfc45-bdfb-4343-9004-9be15dfd844c,5849ef3e-9280-4348-a3c8-451a741eecc1,38c86a47-a554-401d-8b90-171b7630e523,->,12acfc45-bdfb-4343-9004-9be15dfd844c,server/util/Stream.java,writeByteA
12acfc45-bdfb-4343-9004-9be15dfd844c,5849ef3e-9280-4348-a3c8-451a741eecc1,38c86a47-a554-401d-8b90-171b7630e523,->,12acfc45-bdfb-4343-9004-9be15dfd844c,server/util/Stream.java,writeByteC
12acfc45-bdfb-4343-9004-9be15dfd844c,5849ef3e-9280-4348-a3c8-451a741eecc1,38c86a47-a554-401d-8b90-171b7630e523,->,12acfc45-bdfb-4343-9004-9be15dfd844c,server/util/Stream.java,writeByteC
12acfc45-bdfb-4343-9004-9be15dfd844c,5849ef3e-9280-4348-a3c8-451a741eecc1,38c86a47-a554-401d-8b90-171b7630e523,->,12acfc45-bdfb-4343-9004-9be15dfd844c,server/util/Stream.java,writeByteA
12acfc45-bdfb-4343-9004-9be15dfd844c,5849ef3e-9280-4348-a3c8-451a741eecc1,38c86a47-a554-401d-8b90-171b7630e523,->,12acfc45-bdfb-4343-9004-9be15dfd844c,server/util/Stream.java,writeByte
12acfc45-bdfb-4343-9004-9be15dfd844c,server/model/npcs/NPCHandler.java,multiAttackGfx,->,12acfc45-bdfb-4343-9004-9be15dfd844c,server/model/players/Player.java,goodDistance
12acfc45-bdfb-4343-9004-9be15dfd844c,server/model/npcs/NPCHandler.java,multiAttackGfx,->,12acfc45-bdfb-4343-9004-9be15dfd844c,5849ef3e-9280-4348-a3c8-451a741eecc1,be4814f2-9691-46f9-8036-ee2d782c6652
12acfc45-bdfb-4343-9004-9be15dfd844c,server/model/npcs/NPCHandler.java,multiAttackGfx,->,12acfc45-bdfb-4343-9004-9be15dfd844c,server/model/npcs/NPCHandler.java,offset
12acfc45-bdfb-4343-9004-9be15dfd844c,server/model/npcs/NPCHandler.java,multiAttackGfx,->,12acfc45-bdfb-4343-9004-9be15dfd844c,5849ef3e-9280-4348-a3c8-451a741eecc1,06abc11f-87f2-4398-ad11-b60bfae4491e
12acfc45-bdfb-4343-9004-9be15dfd844c,server/model/npcs/NPCHandler.java,multiAttackGfx,->,12acfc45-bdfb-4343-9004-9be15dfd844c,server/model/npcs/NPCHandler.java,offset
12acfc45-bdfb-4343-9004-9be15dfd844c,server/model/npcs/NPCHandler.java,multiAttackGfx,->,12acfc45-bdfb-4343-9004-9be15dfd844c,server/model/players/Client.java,getX
12acfc45-bdfb-4343-9004-9be15dfd844c,server/model/npcs/NPCHandler.java,multiAttackGfx,->,12acfc45-bdfb-4343-9004-9be15dfd844c,server/model/players/Client.java,getY
12acfc45-bdfb-4343-9004-9be15dfd844c,server/model/npcs/NPCHandler.java,multiAttackGfx,->,12acfc45-bdfb-4343-9004-9be15dfd844c,server/model/players/Client.java,getPA
12acfc45-bdfb-4343-9004-9be15dfd844c,server/model/npcs/NPCHandler.java,multiAttackGfx,->,12acfc45-bdfb-4343-9004-9be15dfd844c,server/model/npcs/NPCHandler.java,getProjectileSpeed
12acfc45-bdfb-4343-9004-9be15dfd844c,server/model/npcs/NPCHandler.java,multiAttackGfx,->,12acfc45-bdfb-4343-9004-9be15dfd844c,server/model/players/Client.java,getId
12acfc45-bdfb-4343-9004-9be15dfd844c,server/model/npcs/NPCHandler.java,multiAttackGfx,->,12acfc45-bdfb-4343-9004-9be15dfd844c,991eb2a8-284a-4290-ae08-f54cf8834706,3b42da37-c458-47dd-84b7-9027c34c9e43
12acfc45-bdfb-4343-9004-9be15dfd844c,server/model/npcs/NPCHandler.java,multiAttackDamage,->,12acfc45-bdfb-4343-9004-9be15dfd844c,server/model/npcs/NPCHandler.java,getMaxHit
12acfc45-bdfb-4343-9004-9be15dfd844c,server/model/npcs/NPCHandler.java,multiAttackDamage,->,12acfc45-bdfb-4343-9004-9be15dfd844c,server/model/players/Player.java,goodDistance
12acfc45-bdfb-4343-9004-9be15dfd844c,server/model/npcs/NPCHandler.java,multiAttackDamage,->,12acfc45-bdfb-4343-9004-9be15dfd844c,2c89cfe4-ed6d-446f-832b-3c203feb3155,12264cea-e176-47b1-b1bb-e3a14dc18d35
12acfc45-bdfb-4343-9004-9be15dfd844c,server/model/npcs/NPCHandler.java,multiAttackDamage,->,12acfc45-bdfb-4343-9004-9be15dfd844c,server/model/players/Client.java,getCombat
12acfc45-bdfb-4343-9004-9be15dfd844c,server/model/npcs/NPCHandler.java,multiAttackDamage,->,12acfc45-bdfb-4343-9004-9be15dfd844c,server/model/players/CombatAssistant.java,mageDef
12acfc45-bdfb-4343-9004-9be15dfd844c,server/model/npcs/NPCHandler.java,multiAttackDamage,->,12acfc45-bdfb-4343-9004-9be15dfd844c,2c89cfe4-ed6d-446f-832b-3c203feb3155,12264cea-e176-47b1-b1bb-e3a14dc18d35
12acfc45-bdfb-4343-9004-9be15dfd844c,server/model/npcs/NPCHandler.java,multiAttackDamage,->,12acfc45-bdfb-4343-9004-9be15dfd844c,2c89cfe4-ed6d-446f-832b-3c203feb3155,12264cea-e176-47b1-b1bb-e3a14dc18d35
12acfc45-bdfb-4343-9004-9be15dfd844c,server/model/npcs/NPCHandler.java,multiAttackDamage,->,12acfc45-bdfb-4343-9004-9be15dfd844c,server/model/players/Client.java,dealDamage
12acfc45-bdfb-4343-9004-9be15dfd844c,server/model/npcs/NPCHandler.java,multiAttackDamage,->,12acfc45-bdfb-4343-9004-9be15dfd844c,server/model/players/Client.java,handleHitMask
12acfc45-bdfb-4343-9004-9be15dfd844c,server/model/npcs/NPCHandler.java,multiAttackDamage,->,12acfc45-bdfb-4343-9004-9be15dfd844c,server/model/players/Client.java,dealDamage
12acfc45-bdfb-4343-9004-9be15dfd844c,server/model/npcs/NPCHandler.java,multiAttackDamage,->,12acfc45-bdfb-4343-9004-9be15dfd844c,server/model/players/Client.java,handleHitMask
12acfc45-bdfb-4343-9004-9be15dfd844c,server/model/npcs/NPCHandler.java,multiAttackDamage,->,12acfc45-bdfb-4343-9004-9be15dfd844c,server/model/players/Client.java,dealDamage
12acfc45-bdfb-4343-9004-9be15dfd844c,server/model/npcs/NPCHandler.java,multiAttackDamage,->,12acfc45-bdfb-4343-9004-9be15dfd844c,server/model/players/Client.java,handleHitMask
12acfc45-bdfb-4343-9004-9be15dfd844c,server/model/npcs/NPCHandler.java,multiAttackDamage,->,12acfc45-bdfb-4343-9004-9be15dfd844c,2c89cfe4-ed6d-446f-832b-3c203feb3155,12264cea-e176-47b1-b1bb-e3a14dc18d35
12acfc45-bdfb-4343-9004-9be15dfd844c,server/model/npcs/NPCHandler.java,multiAttackDamage,->,12acfc45-bdfb-4343-9004-9be15dfd844c,2c89cfe4-ed6d-446f-832b-3c203feb3155,12264cea-e176-47b1-b1bb-e3a14dc18d35
12acfc45-bdfb-4343-9004-9be15dfd844c,server/model/npcs/NPCHandler.java,multiAttackDamage,->,12acfc45-bdfb-4343-9004-9be15dfd844c,server/model/players/Client.java,getCombat
12acfc45-bdfb-4343-9004-9be15dfd844c,server/model/npcs/NPCHandler.java,multiAttackDamage,->,12acfc45-bdfb-4343-9004-9be15dfd844c,server/model/players/CombatAssistant.java,calculateRangeDefence
12acfc45-bdfb-4343-9004-9be15dfd844c,server/model/npcs/NPCHandler.java,multiAttackDamage,->,12acfc45-bdfb-4343-9004-9be15dfd844c,2c89cfe4-ed6d-446f-832b-3c203feb3155,12264cea-e176-47b1-b1bb-e3a14dc18d35
12acfc45-bdfb-4343-9004-9be15dfd844c,server/model/npcs/NPCHandler.java,multiAttackDamage,->,12acfc45-bdfb-4343-9004-9be15dfd844c,server/model/players/Client.java,dealDamage
12acfc45-bdfb-4343-9004-9be15dfd844c,server/model/npcs/NPCHandler.java,multiAttackDamage,->,12acfc45-bdfb-4343-9004-9be15dfd844c,server/model/players/Client.java,handleHitMask
12acfc45-bdfb-4343-9004-9be15dfd844c,server/model/npcs/NPCHandler.java,multiAttackDamage,->,12acfc45-bdfb-4343-9004-9be15dfd844c,server/model/players/Client.java,dealDamage
12acfc45-bdfb-4343-9004-9be15dfd844c,server/model/npcs/NPCHandler.java,multiAttackDamage,->,12acfc45-bdfb-4343-9004-9be15dfd844c,server/model/players/Client.java,handleHitMask
12acfc45-bdfb-4343-9004-9be15dfd844c,server/model/npcs/NPCHandler.java,multiAttackDamage,->,12acfc45-bdfb-4343-9004-9be15dfd844c,server/model/players/Client.java,dealDamage
12acfc45-bdfb-4343-9004-9be15dfd844c,server/model/npcs/NPCHandler.java,multiAttackDamage,->,12acfc45-bdfb-4343-9004-9be15dfd844c,server/model/players/Client.java,handleHitMask
12acfc45-bdfb-4343-9004-9be15dfd844c,server/model/npcs/NPCHandler.java,multiAttackDamage,->,12acfc45-bdfb-4343-9004-9be15dfd844c,server/model/players/Client.java,gfx0
12acfc45-bdfb-4343-9004-9be15dfd844c,server/model/npcs/NPCHandler.java,multiAttackDamage,->,12acfc45-bdfb-4343-9004-9be15dfd844c,server/model/players/Client.java,getPA
12acfc45-bdfb-4343-9004-9be15dfd844c,server/model/npcs/NPCHandler.java,multiAttackDamage,->,12acfc45-bdfb-4343-9004-9be15dfd844c,991eb2a8-284a-4290-ae08-f54cf8834706,cc581d00-f04e-4278-8aaf-0ecbd93e9b04
12acfc45-bdfb-4343-9004-9be15dfd844c,server/model/npcs/NPCHandler.java,getClosePlayer,->,12acfc45-bdfb-4343-9004-9be15dfd844c,server/model/npcs/NPCHandler.java,distanceRequired
12acfc45-bdfb-4343-9004-9be15dfd844c,server/model/npcs/NPCHandler.java,getClosePlayer,->,12acfc45-bdfb-4343-9004-9be15dfd844c,server/model/npcs/NPCHandler.java,followDistance
12acfc45-bdfb-4343-9004-9be15dfd844c,server/model/npcs/NPCHandler.java,getClosePlayer,->,12acfc45-bdfb-4343-9004-9be15dfd844c,server/model/npcs/NPCHandler.java,goodDistance
12acfc45-bdfb-4343-9004-9be15dfd844c,server/model/npcs/NPCHandler.java,getClosePlayer,->,12acfc45-bdfb-4343-9004-9be15dfd844c,server/model/npcs/NPCHandler.java,isFightCaveNpc
12acfc45-bdfb-4343-9004-9be15dfd844c,server/model/npcs/NPCHandler.java,getClosePlayer,->,12acfc45-bdfb-4343-9004-9be15dfd844c,server/model/players/Player.java,inMulti
12acfc45-bdfb-4343-9004-9be15dfd844c,server/model/npcs/NPCHandler.java,getCloseRandomPlayer,->,12acfc45-bdfb-4343-9004-9be15dfd844c,server/model/npcs/NPCHandler.java,distanceRequired
12acfc45-bdfb-4343-9004-9be15dfd844c,server/model/npcs/NPCHandler.java,getCloseRandomPlayer,->,12acfc45-bdfb-4343-9004-9be15dfd844c,server/model/npcs/NPCHandler.java,followDistance
12acfc45-bdfb-4343-9004-9be15dfd844c,server/model/npcs/NPCHandler.java,getCloseRandomPlayer,->,12acfc45-bdfb-4343-9004-9be15dfd844c,server/model/npcs/NPCHandler.java,goodDistance
12acfc45-bdfb-4343-9004-9be15dfd844c,server/model/npcs/NPCHandler.java,getCloseRandomPlayer,->,12acfc45-bdfb-4343-9004-9be15dfd844c,server/model/npcs/NPCHandler.java,isFightCaveNpc
12acfc45-bdfb-4343-9004-9be15dfd844c,server/model/npcs/NPCHandler.java,getCloseRandomPlayer,->,12acfc45-bdfb-4343-9004-9be15dfd844c,server/model/players/Player.java,inMulti
12acfc45-bdfb-4343-9004-9be15dfd844c,server/model/npcs/NPCHandler.java,getCloseRandomPlayer,->,12acfc45-bdfb-4343-9004-9be15dfd844c,java/lang/Integer.java,valueOf
12acfc45-bdfb-4343-9004-9be15dfd844c,server/model/npcs/NPCHandler.java,getCloseRandomPlayer,->,12acfc45-bdfb-4343-9004-9be15dfd844c,java/util/ArrayList.java,add
12acfc45-bdfb-4343-9004-9be15dfd844c,server/model/npcs/NPCHandler.java,getCloseRandomPlayer,->,12acfc45-bdfb-4343-9004-9be15dfd844c,java/util/ArrayList.java,size
12acfc45-bdfb-4343-9004-9be15dfd844c,server/model/npcs/NPCHandler.java,getCloseRandomPlayer,->,12acfc45-bdfb-4343-9004-9be15dfd844c,java/util/ArrayList.java,size
12acfc45-bdfb-4343-9004-9be15dfd844c,server/model/npcs/NPCHandler.java,getCloseRandomPlayer,->,12acfc45-bdfb-4343-9004-9be15dfd844c,2c89cfe4-ed6d-446f-832b-3c203feb3155,12264cea-e176-47b1-b1bb-e3a14dc18d35
12acfc45-bdfb-4343-9004-9be15dfd844c,server/model/npcs/NPCHandler.java,getCloseRandomPlayer,->,12acfc45-bdfb-4343-9004-9be15dfd844c,java/util/ArrayList.java,get
12acfc45-bdfb-4343-9004-9be15dfd844c,server/model/npcs/NPCHandler.java,getCloseRandomPlayer,->,12acfc45-bdfb-4343-9004-9be15dfd844c,java/lang/Integer.java,intValue
12acfc45-bdfb-4343-9004-9be15dfd844c,server/model/npcs/NPCHandler.java,isAggressive,->,12acfc45-bdfb-4343-9004-9be15dfd844c,5849ef3e-9280-4348-a3c8-451a741eecc1,33217070-0371-47ef-a89d-74fd2ce0586a
12acfc45-bdfb-4343-9004-9be15dfd844c,server/model/npcs/NPCHandler.java,isAggressive,->,12acfc45-bdfb-4343-9004-9be15dfd844c,server/model/npcs/NPCHandler.java,isFightCaveNpc
12acfc45-bdfb-4343-9004-9be15dfd844c,server/model/npcs/NPCHandler.java,spawnNpc,->,12acfc45-bdfb-4343-9004-9be15dfd844c,server/model/players/Client.java,getId
12acfc45-bdfb-4343-9004-9be15dfd844c,server/model/npcs/NPCHandler.java,spawnNpc,->,12acfc45-bdfb-4343-9004-9be15dfd844c,server/model/npcs/NPCHandler.java,getDagColor
12acfc45-bdfb-4343-9004-9be15dfd844c,server/model/npcs/NPCHandler.java,spawnNpc,->,12acfc45-bdfb-4343-9004-9be15dfd844c,server/model/players/Client.java,getPA
12acfc45-bdfb-4343-9004-9be15dfd844c,server/model/npcs/NPCHandler.java,spawnNpc,->,12acfc45-bdfb-4343-9004-9be15dfd844c,991eb2a8-284a-4290-ae08-f54cf8834706,9fc48eaf-3860-4671-aeab-bc5dd78c02e2
12acfc45-bdfb-4343-9004-9be15dfd844c,server/model/npcs/NPCHandler.java,spawnNpc,->,12acfc45-bdfb-4343-9004-9be15dfd844c,5849ef3e-9280-4348-a3c8-451a741eecc1,b49cad66-be70-4f86-b30f-2dd6c89d7241
12acfc45-bdfb-4343-9004-9be15dfd844c,server/model/npcs/NPCHandler.java,spawnNpc,->,12acfc45-bdfb-4343-9004-9be15dfd844c,5849ef3e-9280-4348-a3c8-451a741eecc1,b49cad66-be70-4f86-b30f-2dd6c89d7241
12acfc45-bdfb-4343-9004-9be15dfd844c,server/model/npcs/NPCHandler.java,checkHfd,->,12acfc45-bdfb-4343-9004-9be15dfd844c,server/model/players/Client.java,sendMessage
12acfc45-bdfb-4343-9004-9be15dfd844c,server/model/npcs/NPCHandler.java,checkHfd,->,12acfc45-bdfb-4343-9004-9be15dfd844c,server/model/players/Client.java,getAA2
12acfc45-bdfb-4343-9004-9be15dfd844c,server/model/npcs/NPCHandler.java,checkHfd,->,12acfc45-bdfb-4343-9004-9be15dfd844c,server/model/players/ActionAssistant2.java,HFTD
12acfc45-bdfb-4343-9004-9be15dfd844c,server/model/npcs/NPCHandler.java,checkHfd,->,12acfc45-bdfb-4343-9004-9be15dfd844c,server/model/players/Client.java,getPA
12acfc45-bdfb-4343-9004-9be15dfd844c,server/model/npcs/NPCHandler.java,checkHfd,->,12acfc45-bdfb-4343-9004-9be15dfd844c,991eb2a8-284a-4290-ae08-f54cf8834706,895d3d5a-5a67-4c66-8ca8-f3b69e5562a1
12acfc45-bdfb-4343-9004-9be15dfd844c,server/model/npcs/NPCHandler.java,checkRfd,->,12acfc45-bdfb-4343-9004-9be15dfd844c,server/model/npcs/NPCHandler.java,spawnNpc
12acfc45-bdfb-4343-9004-9be15dfd844c,server/model/npcs/NPCHandler.java,checkRfd,->,12acfc45-bdfb-4343-9004-9be15dfd844c,server/model/npcs/NPCHandler.java,spawnNpc
12acfc45-bdfb-4343-9004-9be15dfd844c,server/model/npcs/NPCHandler.java,checkRfd,->,12acfc45-bdfb-4343-9004-9be15dfd844c,server/model/npcs/NPCHandler.java,spawnNpc
12acfc45-bdfb-4343-9004-9be15dfd844c,server/model/npcs/NPCHandler.java,checkRfd,->,12acfc45-bdfb-4343-9004-9be15dfd844c,server/model/players/Client.java,getPA
12acfc45-bdfb-4343-9004-9be15dfd844c,server/model/npcs/NPCHandler.java,checkRfd,->,12acfc45-bdfb-4343-9004-9be15dfd844c,991eb2a8-284a-4290-ae08-f54cf8834706,141a66be-744c-48f6-a5c3-9dbea684d0d6
12acfc45-bdfb-4343-9004-9be15dfd844c,server/model/npcs/NPCHandler.java,checkRfd,->,12acfc45-bdfb-4343-9004-9be15dfd844c,server/model/players/Client.java,getDH
12acfc45-bdfb-4343-9004-9be15dfd844c,server/model/npcs/NPCHandler.java,checkRfd,->,12acfc45-bdfb-4343-9004-9be15dfd844c,5419d182-c704-4099-be43-be6d27b13974,1ed32f44-0391-413d-9721-7a5bd2e25693
12acfc45-bdfb-4343-9004-9be15dfd844c,server/model/npcs/NPCHandler.java,checkRfd,->,12acfc45-bdfb-4343-9004-9be15dfd844c,server/model/players/Client.java,getPA
12acfc45-bdfb-4343-9004-9be15dfd844c,server/model/npcs/NPCHandler.java,checkRfd,->,12acfc45-bdfb-4343-9004-9be15dfd844c,991eb2a8-284a-4290-ae08-f54cf8834706,895d3d5a-5a67-4c66-8ca8-f3b69e5562a1
12acfc45-bdfb-4343-9004-9be15dfd844c,server/model/npcs/NPCHandler.java,getAttackEmote,->,12acfc45-bdfb-4343-9004-9be15dfd844c,2c89cfe4-ed6d-446f-832b-3c203feb3155,12264cea-e176-47b1-b1bb-e3a14dc18d35
12acfc45-bdfb-4343-9004-9be15dfd844c,server/model/npcs/NPCHandler.java,handleClipping,->,12acfc45-bdfb-4343-9004-9be15dfd844c,17f46bba-a2e0-4476-b0d2-93ed7a181ff6,d3c30432-c14c-4d32-b3fa-4a91e8ae111a
12acfc45-bdfb-4343-9004-9be15dfd844c,server/model/npcs/NPCHandler.java,handleClipping,->,12acfc45-bdfb-4343-9004-9be15dfd844c,17f46bba-a2e0-4476-b0d2-93ed7a181ff6,d3c30432-c14c-4d32-b3fa-4a91e8ae111a
12acfc45-bdfb-4343-9004-9be15dfd844c,server/model/npcs/NPCHandler.java,handleClipping,->,12acfc45-bdfb-4343-9004-9be15dfd844c,17f46bba-a2e0-4476-b0d2-93ed7a181ff6,d3c30432-c14c-4d32-b3fa-4a91e8ae111a
12acfc45-bdfb-4343-9004-9be15dfd844c,server/model/npcs/NPCHandler.java,handleClipping,->,12acfc45-bdfb-4343-9004-9be15dfd844c,17f46bba-a2e0-4476-b0d2-93ed7a181ff6,d3c30432-c14c-4d32-b3fa-4a91e8ae111a
12acfc45-bdfb-4343-9004-9be15dfd844c,server/model/npcs/NPCHandler.java,handleClipping,->,12acfc45-bdfb-4343-9004-9be15dfd844c,17f46bba-a2e0-4476-b0d2-93ed7a181ff6,d3c30432-c14c-4d32-b3fa-4a91e8ae111a
12acfc45-bdfb-4343-9004-9be15dfd844c,server/model/npcs/NPCHandler.java,handleClipping,->,12acfc45-bdfb-4343-9004-9be15dfd844c,17f46bba-a2e0-4476-b0d2-93ed7a181ff6,d3c30432-c14c-4d32-b3fa-4a91e8ae111a
12acfc45-bdfb-4343-9004-9be15dfd844c,server/model/npcs/NPCHandler.java,handleClipping,->,12acfc45-bdfb-4343-9004-9be15dfd844c,17f46bba-a2e0-4476-b0d2-93ed7a181ff6,d3c30432-c14c-4d32-b3fa-4a91e8ae111a
12acfc45-bdfb-4343-9004-9be15dfd844c,server/model/npcs/NPCHandler.java,handleClipping,->,12acfc45-bdfb-4343-9004-9be15dfd844c,17f46bba-a2e0-4476-b0d2-93ed7a181ff6,d3c30432-c14c-4d32-b3fa-4a91e8ae111a
12acfc45-bdfb-4343-9004-9be15dfd844c,server/model/npcs/NPCHandler.java,handleClipping,->,12acfc45-bdfb-4343-9004-9be15dfd844c,17f46bba-a2e0-4476-b0d2-93ed7a181ff6,d3c30432-c14c-4d32-b3fa-4a91e8ae111a
12acfc45-bdfb-4343-9004-9be15dfd844c,server/model/npcs/NPCHandler.java,handleClipping,->,12acfc45-bdfb-4343-9004-9be15dfd844c,17f46bba-a2e0-4476-b0d2-93ed7a181ff6,d3c30432-c14c-4d32-b3fa-4a91e8ae111a
12acfc45-bdfb-4343-9004-9be15dfd844c,server/model/npcs/NPCHandler.java,handleClipping,->,12acfc45-bdfb-4343-9004-9be15dfd844c,17f46bba-a2e0-4476-b0d2-93ed7a181ff6,d3c30432-c14c-4d32-b3fa-4a91e8ae111a
12acfc45-bdfb-4343-9004-9be15dfd844c,server/model/npcs/NPCHandler.java,handleClipping,->,12acfc45-bdfb-4343-9004-9be15dfd844c,17f46bba-a2e0-4476-b0d2-93ed7a181ff6,d3c30432-c14c-4d32-b3fa-4a91e8ae111a
12acfc45-bdfb-4343-9004-9be15dfd844c,server/model/npcs/NPCHandler.java,process,->,12acfc45-bdfb-4343-9004-9be15dfd844c,5849ef3e-9280-4348-a3c8-451a741eecc1,0bad3629-9c98-451b-8943-a8b752cfb44d
12acfc45-bdfb-4343-9004-9be15dfd844c,server/model/npcs/NPCHandler.java,process,->,12acfc45-bdfb-4343-9004-9be15dfd844c,server/model/npcs/NPCHandler.java,applyDamage
12acfc45-bdfb-4343-9004-9be15dfd844c,server/model/npcs/NPCHandler.java,process,->,12acfc45-bdfb-4343-9004-9be15dfd844c,5849ef3e-9280-4348-a3c8-451a741eecc1,be4814f2-9691-46f9-8036-ee2d782c6652
12acfc45-bdfb-4343-9004-9be15dfd844c,server/model/npcs/NPCHandler.java,process,->,12acfc45-bdfb-4343-9004-9be15dfd844c,5849ef3e-9280-4348-a3c8-451a741eecc1,06abc11f-87f2-4398-ad11-b60bfae4491e
12acfc45-bdfb-4343-9004-9be15dfd844c,server/model/npcs/NPCHandler.java,process,->,12acfc45-bdfb-4343-9004-9be15dfd844c,server/model/players/Player.java,getX
12acfc45-bdfb-4343-9004-9be15dfd844c,server/model/npcs/NPCHandler.java,process,->,12acfc45-bdfb-4343-9004-9be15dfd844c,server/model/players/Player.java,getY
12acfc45-bdfb-4343-9004-9be15dfd844c,server/model/npcs/NPCHandler.java,process,->,12acfc45-bdfb-4343-9004-9be15dfd844c,server/model/players/Player.java,goodDistance
12acfc45-bdfb-4343-9004-9be15dfd844c,server/model/npcs/NPCHandler.java,process,->,12acfc45-bdfb-4343-9004-9be15dfd844c,5849ef3e-9280-4348-a3c8-451a741eecc1,be4814f2-9691-46f9-8036-ee2d782c6652
12acfc45-bdfb-4343-9004-9be15dfd844c,server/model/npcs/NPCHandler.java,process,->,12acfc45-bdfb-4343-9004-9be15dfd844c,5849ef3e-9280-4348-a3c8-451a741eecc1,06abc11f-87f2-4398-ad11-b60bfae4491e
12acfc45-bdfb-4343-9004-9be15dfd844c,server/model/npcs/NPCHandler.java,process,->,12acfc45-bdfb-4343-9004-9be15dfd844c,5849ef3e-9280-4348-a3c8-451a741eecc1,be4814f2-9691-46f9-8036-ee2d782c6652
12acfc45-bdfb-4343-9004-9be15dfd844c,server/model/npcs/NPCHandler.java,process,->,12acfc45-bdfb-4343-9004-9be15dfd844c,5849ef3e-9280-4348-a3c8-451a741eecc1,06abc11f-87f2-4398-ad11-b60bfae4491e
12acfc45-bdfb-4343-9004-9be15dfd844c,server/model/npcs/NPCHandler.java,process,->,12acfc45-bdfb-4343-9004-9be15dfd844c,server/model/npcs/NPCHandler.java,isAggressive
12acfc45-bdfb-4343-9004-9be15dfd844c,server/model/npcs/NPCHandler.java,process,->,12acfc45-bdfb-4343-9004-9be15dfd844c,server/model/npcs/NPCHandler.java,switchesAttackers
12acfc45-bdfb-4343-9004-9be15dfd844c,server/model/npcs/NPCHandler.java,process,->,12acfc45-bdfb-4343-9004-9be15dfd844c,server/model/npcs/NPCHandler.java,getCloseRandomPlayer
12acfc45-bdfb-4343-9004-9be15dfd844c,server/model/npcs/NPCHandler.java,process,->,12acfc45-bdfb-4343-9004-9be15dfd844c,server/model/npcs/NPCHandler.java,isAggressive
12acfc45-bdfb-4343-9004-9be15dfd844c,server/model/npcs/NPCHandler.java,process,->,12acfc45-bdfb-4343-9004-9be15dfd844c,server/model/npcs/NPCHandler.java,switchesAttackers
12acfc45-bdfb-4343-9004-9be15dfd844c,server/model/npcs/NPCHandler.java,process,->,12acfc45-bdfb-4343-9004-9be15dfd844c,server/model/npcs/NPCHandler.java,getCloseRandomPlayer
12acfc45-bdfb-4343-9004-9be15dfd844c,server/model/npcs/NPCHandler.java,process,->,12acfc45-bdfb-4343-9004-9be15dfd844c,java/lang/System.java,currentTimeMillis
12acfc45-bdfb-4343-9004-9be15dfd844c,server/model/npcs/NPCHandler.java,process,->,12acfc45-bdfb-4343-9004-9be15dfd844c,server/model/npcs/NPCHandler.java,retaliates
12acfc45-bdfb-4343-9004-9be15dfd844c,server/model/npcs/NPCHandler.java,process,->,12acfc45-bdfb-4343-9004-9be15dfd844c,server/model/npcs/NPCHandler.java,followPlayer
12acfc45-bdfb-4343-9004-9be15dfd844c,server/model/npcs/NPCHandler.java,process,->,12acfc45-bdfb-4343-9004-9be15dfd844c,server/model/npcs/NPCHandler.java,attackPlayer
12acfc45-bdfb-4343-9004-9be15dfd844c,server/model/npcs/NPCHandler.java,process,->,12acfc45-bdfb-4343-9004-9be15dfd844c,5849ef3e-9280-4348-a3c8-451a741eecc1,a5f5cfe6-b06c-46be-863e-05e090871096
12acfc45-bdfb-4343-9004-9be15dfd844c,server/model/npcs/NPCHandler.java,process,->,12acfc45-bdfb-4343-9004-9be15dfd844c,5849ef3e-9280-4348-a3c8-451a741eecc1,a5f5cfe6-b06c-46be-863e-05e090871096
12acfc45-bdfb-4343-9004-9be15dfd844c,server/model/npcs/NPCHandler.java,process,->,12acfc45-bdfb-4343-9004-9be15dfd844c,5849ef3e-9280-4348-a3c8-451a741eecc1,a5f5cfe6-b06c-46be-863e-05e090871096
12acfc45-bdfb-4343-9004-9be15dfd844c,server/model/npcs/NPCHandler.java,process,->,12acfc45-bdfb-4343-9004-9be15dfd844c,server/model/npcs/NPCHandler.java,GetMove
12acfc45-bdfb-4343-9004-9be15dfd844c,server/model/npcs/NPCHandler.java,process,->,12acfc45-bdfb-4343-9004-9be15dfd844c,server/model/npcs/NPCHandler.java,GetMove
12acfc45-bdfb-4343-9004-9be15dfd844c,server/model/npcs/NPCHandler.java,process,->,12acfc45-bdfb-4343-9004-9be15dfd844c,server/model/npcs/NPCHandler.java,handleClipping
12acfc45-bdfb-4343-9004-9be15dfd844c,server/model/npcs/NPCHandler.java,process,->,12acfc45-bdfb-4343-9004-9be15dfd844c,5849ef3e-9280-4348-a3c8-451a741eecc1,6ffc56c0-d948-403e-ac59-8343570910f9
12acfc45-bdfb-4343-9004-9be15dfd844c,server/model/npcs/NPCHandler.java,process,->,12acfc45-bdfb-4343-9004-9be15dfd844c,2c89cfe4-ed6d-446f-832b-3c203feb3155,12264cea-e176-47b1-b1bb-e3a14dc18d35
12acfc45-bdfb-4343-9004-9be15dfd844c,server/model/npcs/NPCHandler.java,process,->,12acfc45-bdfb-4343-9004-9be15dfd844c,2c89cfe4-ed6d-446f-832b-3c203feb3155,12264cea-e176-47b1-b1bb-e3a14dc18d35
12acfc45-bdfb-4343-9004-9be15dfd844c,server/model/npcs/NPCHandler.java,process,->,12acfc45-bdfb-4343-9004-9be15dfd844c,server/model/npcs/NPCHandler.java,handleClipping
12acfc45-bdfb-4343-9004-9be15dfd844c,server/model/npcs/NPCHandler.java,process,->,12acfc45-bdfb-4343-9004-9be15dfd844c,5849ef3e-9280-4348-a3c8-451a741eecc1,6ffc56c0-d948-403e-ac59-8343570910f9
12acfc45-bdfb-4343-9004-9be15dfd844c,server/model/npcs/NPCHandler.java,process,->,12acfc45-bdfb-4343-9004-9be15dfd844c,5849ef3e-9280-4348-a3c8-451a741eecc1,a5f5cfe6-b06c-46be-863e-05e090871096
12acfc45-bdfb-4343-9004-9be15dfd844c,server/model/npcs/NPCHandler.java,process,->,12acfc45-bdfb-4343-9004-9be15dfd844c,server/model/npcs/NPCHandler.java,getNpcKillerId
12acfc45-bdfb-4343-9004-9be15dfd844c,server/model/npcs/NPCHandler.java,process,->,12acfc45-bdfb-4343-9004-9be15dfd844c,server/model/npcs/NPCHandler.java,getDeadEmote
12acfc45-bdfb-4343-9004-9be15dfd844c,server/model/npcs/NPCHandler.java,process,->,12acfc45-bdfb-4343-9004-9be15dfd844c,server/model/npcs/NPCHandler.java,killedBarrow
12acfc45-bdfb-4343-9004-9be15dfd844c,server/model/npcs/NPCHandler.java,process,->,12acfc45-bdfb-4343-9004-9be15dfd844c,server/model/npcs/NPCHandler.java,resetPlayersInCombat
12acfc45-bdfb-4343-9004-9be15dfd844c,server/model/npcs/NPCHandler.java,process,->,12acfc45-bdfb-4343-9004-9be15dfd844c,server/model/npcs/NPCHandler.java,getDtLastKill
12acfc45-bdfb-4343-9004-9be15dfd844c,server/model/npcs/NPCHandler.java,process,->,12acfc45-bdfb-4343-9004-9be15dfd844c,server/model/npcs/NPCHandler.java,getRespawnTime
12acfc45-bdfb-4343-9004-9be15dfd844c,server/model/npcs/NPCHandler.java,process,->,12acfc45-bdfb-4343-9004-9be15dfd844c,server/model/npcs/NPCHandler.java,dropItems
12acfc45-bdfb-4343-9004-9be15dfd844c,server/model/npcs/NPCHandler.java,process,->,12acfc45-bdfb-4343-9004-9be15dfd844c,server/model/npcs/NPCHandler.java,appendSlayerExperience
12acfc45-bdfb-4343-9004-9be15dfd844c,server/model/npcs/NPCHandler.java,process,->,12acfc45-bdfb-4343-9004-9be15dfd844c,server/model/npcs/NPCHandler.java,appendKillCount
12acfc45-bdfb-4343-9004-9be15dfd844c,server/model/npcs/NPCHandler.java,process,->,12acfc45-bdfb-4343-9004-9be15dfd844c,server/world/ObjectManager.java,removeObject
12acfc45-bdfb-4343-9004-9be15dfd844c,server/model/npcs/NPCHandler.java,process,->,12acfc45-bdfb-4343-9004-9be15dfd844c,server/model/npcs/NPCHandler.java,checkDt
12acfc45-bdfb-4343-9004-9be15dfd844c,server/model/npcs/NPCHandler.java,process,->,12acfc45-bdfb-4343-9004-9be15dfd844c,server/model/npcs/NPCHandler.java,checkHfd
12acfc45-bdfb-4343-9004-9be15dfd844c,server/model/npcs/NPCHandler.java,process,->,12acfc45-bdfb-4343-9004-9be15dfd844c,server/model/npcs/NPCHandler.java,checkRfd
12acfc45-bdfb-4343-9004-9be15dfd844c,server/model/npcs/NPCHandler.java,process,->,12acfc45-bdfb-4343-9004-9be15dfd844c,server/model/npcs/NPCHandler.java,newNPC
12acfc45-bdfb-4343-9004-9be15dfd844c,server/model/npcs/NPCHandler.java,killedTzhaar,->,12acfc45-bdfb-4343-9004-9be15dfd844c,server/model/players/Client.java,sendMessage
12acfc45-bdfb-4343-9004-9be15dfd844c,server/model/npcs/NPCHandler.java,killedTzhaar,->,12acfc45-bdfb-4343-9004-9be15dfd844c,server/model/minigames/FightCaves.java,spawnNextWave
12acfc45-bdfb-4343-9004-9be15dfd844c,server/model/npcs/NPCHandler.java,handleJadDeath,->,12acfc45-bdfb-4343-9004-9be15dfd844c,server/model/players/Client.java,getItems
12acfc45-bdfb-4343-9004-9be15dfd844c,server/model/npcs/NPCHandler.java,handleJadDeath,->,12acfc45-bdfb-4343-9004-9be15dfd844c,server/model/items/ItemAssistant.java,addItem
12acfc45-bdfb-4343-9004-9be15dfd844c,server/model/npcs/NPCHandler.java,handleJadDeath,->,12acfc45-bdfb-4343-9004-9be15dfd844c,server/model/players/Client.java,sendMessage
12acfc45-bdfb-4343-9004-9be15dfd844c,server/model/npcs/NPCHandler.java,handleJadDeath,->,12acfc45-bdfb-4343-9004-9be15dfd844c,server/model/players/Client.java,getPA
12acfc45-bdfb-4343-9004-9be15dfd844c,server/model/npcs/NPCHandler.java,handleJadDeath,->,12acfc45-bdfb-4343-9004-9be15dfd844c,991eb2a8-284a-4290-ae08-f54cf8834706,7aa36b1d-a27a-41e4-9ac5-3e1db30701f7
12acfc45-bdfb-4343-9004-9be15dfd844c,server/model/npcs/NPCHandler.java,dropItems,->,12acfc45-bdfb-4343-9004-9be15dfd844c,2c89cfe4-ed6d-446f-832b-3c203feb3155,12264cea-e176-47b1-b1bb-e3a14dc18d35
12acfc45-bdfb-4343-9004-9be15dfd844c,server/model/npcs/NPCHandler.java,dropItems,->,12acfc45-bdfb-4343-9004-9be15dfd844c,server/world/ClanChatHandler.java,handleLootShare
12acfc45-bdfb-4343-9004-9be15dfd844c,server/model/npcs/NPCHandler.java,dropItems,->,12acfc45-bdfb-4343-9004-9be15dfd844c,server/world/ItemHandler.java,createGroundItem
12acfc45-bdfb-4343-9004-9be15dfd844c,server/model/npcs/NPCHandler.java,appendKillCount,->,12acfc45-bdfb-4343-9004-9be15dfd844c,java/lang/StringBuilder.java,append
12acfc45-bdfb-4343-9004-9be15dfd844c,server/model/npcs/NPCHandler.java,appendKillCount,->,12acfc45-bdfb-4343-9004-9be15dfd844c,java/lang/StringBuilder.java,append
12acfc45-bdfb-4343-9004-9be15dfd844c,server/model/npcs/NPCHandler.java,appendKillCount,->,12acfc45-bdfb-4343-9004-9be15dfd844c,java/lang/StringBuilder.java,toString
12acfc45-bdfb-4343-9004-9be15dfd844c,server/model/npcs/NPCHandler.java,appendKillCount,->,12acfc45-bdfb-4343-9004-9be15dfd844c,server/model/players/Client.java,sendMessage
12acfc45-bdfb-4343-9004-9be15dfd844c,server/model/npcs/NPCHandler.java,appendKillCount,->,12acfc45-bdfb-4343-9004-9be15dfd844c,server/model/players/Client.java,sendMessage
12acfc45-bdfb-4343-9004-9be15dfd844c,server/model/npcs/NPCHandler.java,getStackedDropAmount,->,12acfc45-bdfb-4343-9004-9be15dfd844c,2c89cfe4-ed6d-446f-832b-3c203feb3155,12264cea-e176-47b1-b1bb-e3a14dc18d35
12acfc45-bdfb-4343-9004-9be15dfd844c,server/model/npcs/NPCHandler.java,getStackedDropAmount,->,12acfc45-bdfb-4343-9004-9be15dfd844c,2c89cfe4-ed6d-446f-832b-3c203feb3155,12264cea-e176-47b1-b1bb-e3a14dc18d35
12acfc45-bdfb-4343-9004-9be15dfd844c,server/model/npcs/NPCHandler.java,getStackedDropAmount,->,12acfc45-bdfb-4343-9004-9be15dfd844c,2c89cfe4-ed6d-446f-832b-3c203feb3155,12264cea-e176-47b1-b1bb-e3a14dc18d35
12acfc45-bdfb-4343-9004-9be15dfd844c,server/model/npcs/NPCHandler.java,getStackedDropAmount,->,12acfc45-bdfb-4343-9004-9be15dfd844c,2c89cfe4-ed6d-446f-832b-3c203feb3155,12264cea-e176-47b1-b1bb-e3a14dc18d35
12acfc45-bdfb-4343-9004-9be15dfd844c,server/model/npcs/NPCHandler.java,getStackedDropAmount,->,12acfc45-bdfb-4343-9004-9be15dfd844c,2c89cfe4-ed6d-446f-832b-3c203feb3155,12264cea-e176-47b1-b1bb-e3a14dc18d35
12acfc45-bdfb-4343-9004-9be15dfd844c,server/model/npcs/NPCHandler.java,getStackedDropAmount,->,12acfc45-bdfb-4343-9004-9be15dfd844c,2c89cfe4-ed6d-446f-832b-3c203feb3155,12264cea-e176-47b1-b1bb-e3a14dc18d35
12acfc45-bdfb-4343-9004-9be15dfd844c,server/model/npcs/NPCHandler.java,getStackedDropAmount,->,12acfc45-bdfb-4343-9004-9be15dfd844c,2c89cfe4-ed6d-446f-832b-3c203feb3155,12264cea-e176-47b1-b1bb-e3a14dc18d35
12acfc45-bdfb-4343-9004-9be15dfd844c,server/model/npcs/NPCHandler.java,getStackedDropAmount,->,12acfc45-bdfb-4343-9004-9be15dfd844c,2c89cfe4-ed6d-446f-832b-3c203feb3155,12264cea-e176-47b1-b1bb-e3a14dc18d35
12acfc45-bdfb-4343-9004-9be15dfd844c,server/model/npcs/NPCHandler.java,getStackedDropAmount,->,12acfc45-bdfb-4343-9004-9be15dfd844c,2c89cfe4-ed6d-446f-832b-3c203feb3155,12264cea-e176-47b1-b1bb-e3a14dc18d35
12acfc45-bdfb-4343-9004-9be15dfd844c,server/model/npcs/NPCHandler.java,getStackedDropAmount,->,12acfc45-bdfb-4343-9004-9be15dfd844c,2c89cfe4-ed6d-446f-832b-3c203feb3155,12264cea-e176-47b1-b1bb-e3a14dc18d35
12acfc45-bdfb-4343-9004-9be15dfd844c,server/model/npcs/NPCHandler.java,getStackedDropAmount,->,12acfc45-bdfb-4343-9004-9be15dfd844c,2c89cfe4-ed6d-446f-832b-3c203feb3155,12264cea-e176-47b1-b1bb-e3a14dc18d35
12acfc45-bdfb-4343-9004-9be15dfd844c,server/model/npcs/NPCHandler.java,getStackedDropAmount,->,12acfc45-bdfb-4343-9004-9be15dfd844c,2c89cfe4-ed6d-446f-832b-3c203feb3155,12264cea-e176-47b1-b1bb-e3a14dc18d35
12acfc45-bdfb-4343-9004-9be15dfd844c,server/model/npcs/NPCHandler.java,getStackedDropAmount,->,12acfc45-bdfb-4343-9004-9be15dfd844c,2c89cfe4-ed6d-446f-832b-3c203feb3155,12264cea-e176-47b1-b1bb-e3a14dc18d35
12acfc45-bdfb-4343-9004-9be15dfd844c,server/model/npcs/NPCHandler.java,getStackedDropAmount,->,12acfc45-bdfb-4343-9004-9be15dfd844c,2c89cfe4-ed6d-446f-832b-3c203feb3155,12264cea-e176-47b1-b1bb-e3a14dc18d35
12acfc45-bdfb-4343-9004-9be15dfd844c,server/model/npcs/NPCHandler.java,getStackedDropAmount,->,12acfc45-bdfb-4343-9004-9be15dfd844c,2c89cfe4-ed6d-446f-832b-3c203feb3155,12264cea-e176-47b1-b1bb-e3a14dc18d35
12acfc45-bdfb-4343-9004-9be15dfd844c,server/model/npcs/NPCHandler.java,getStackedDropAmount,->,12acfc45-bdfb-4343-9004-9be15dfd844c,2c89cfe4-ed6d-446f-832b-3c203feb3155,12264cea-e176-47b1-b1bb-e3a14dc18d35
12acfc45-bdfb-4343-9004-9be15dfd844c,server/model/npcs/NPCHandler.java,getStackedDropAmount,->,12acfc45-bdfb-4343-9004-9be15dfd844c,2c89cfe4-ed6d-446f-832b-3c203feb3155,12264cea-e176-47b1-b1bb-e3a14dc18d35
12acfc45-bdfb-4343-9004-9be15dfd844c,server/model/npcs/NPCHandler.java,getStackedDropAmount,->,12acfc45-bdfb-4343-9004-9be15dfd844c,2c89cfe4-ed6d-446f-832b-3c203feb3155,12264cea-e176-47b1-b1bb-e3a14dc18d35
12acfc45-bdfb-4343-9004-9be15dfd844c,server/model/npcs/NPCHandler.java,getStackedDropAmount,->,12acfc45-bdfb-4343-9004-9be15dfd844c,2c89cfe4-ed6d-446f-832b-3c203feb3155,12264cea-e176-47b1-b1bb-e3a14dc18d35
12acfc45-bdfb-4343-9004-9be15dfd844c,server/model/npcs/NPCHandler.java,getStackedDropAmount,->,12acfc45-bdfb-4343-9004-9be15dfd844c,2c89cfe4-ed6d-446f-832b-3c203feb3155,12264cea-e176-47b1-b1bb-e3a14dc18d35
12acfc45-bdfb-4343-9004-9be15dfd844c,server/model/npcs/NPCHandler.java,getStackedDropAmount,->,12acfc45-bdfb-4343-9004-9be15dfd844c,2c89cfe4-ed6d-446f-832b-3c203feb3155,12264cea-e176-47b1-b1bb-e3a14dc18d35
12acfc45-bdfb-4343-9004-9be15dfd844c,server/model/npcs/NPCHandler.java,appendSlayerExperience,->,12acfc45-bdfb-4343-9004-9be15dfd844c,server/model/players/Client.java,getPA
12acfc45-bdfb-4343-9004-9be15dfd844c,server/model/npcs/NPCHandler.java,appendSlayerExperience,->,12acfc45-bdfb-4343-9004-9be15dfd844c,991eb2a8-284a-4290-ae08-f54cf8834706,0955b7e8-1203-4e9d-8e85-6eeaf5af5ce5
12acfc45-bdfb-4343-9004-9be15dfd844c,server/model/npcs/NPCHandler.java,appendSlayerExperience,->,12acfc45-bdfb-4343-9004-9be15dfd844c,server/model/players/Client.java,getPA
12acfc45-bdfb-4343-9004-9be15dfd844c,server/model/npcs/NPCHandler.java,appendSlayerExperience,->,12acfc45-bdfb-4343-9004-9be15dfd844c,991eb2a8-284a-4290-ae08-f54cf8834706,0955b7e8-1203-4e9d-8e85-6eeaf5af5ce5
12acfc45-bdfb-4343-9004-9be15dfd844c,server/model/npcs/NPCHandler.java,appendSlayerExperience,->,12acfc45-bdfb-4343-9004-9be15dfd844c,server/model/players/Client.java,sendMessage
12acfc45-bdfb-4343-9004-9be15dfd844c,server/model/npcs/NPCHandler.java,followPlayer,->,12acfc45-bdfb-4343-9004-9be15dfd844c,5849ef3e-9280-4348-a3c8-451a741eecc1,a5f5cfe6-b06c-46be-863e-05e090871096
12acfc45-bdfb-4343-9004-9be15dfd844c,server/model/npcs/NPCHandler.java,followPlayer,->,12acfc45-bdfb-4343-9004-9be15dfd844c,server/model/npcs/NPCHandler.java,followPlayer
12acfc45-bdfb-4343-9004-9be15dfd844c,server/model/npcs/NPCHandler.java,followPlayer,->,12acfc45-bdfb-4343-9004-9be15dfd844c,5849ef3e-9280-4348-a3c8-451a741eecc1,a5f5cfe6-b06c-46be-863e-05e090871096
12acfc45-bdfb-4343-9004-9be15dfd844c,server/model/npcs/NPCHandler.java,followPlayer,->,12acfc45-bdfb-4343-9004-9be15dfd844c,5849ef3e-9280-4348-a3c8-451a741eecc1,be4814f2-9691-46f9-8036-ee2d782c6652
12acfc45-bdfb-4343-9004-9be15dfd844c,server/model/npcs/NPCHandler.java,followPlayer,->,12acfc45-bdfb-4343-9004-9be15dfd844c,5849ef3e-9280-4348-a3c8-451a741eecc1,06abc11f-87f2-4398-ad11-b60bfae4491e
12acfc45-bdfb-4343-9004-9be15dfd844c,server/model/npcs/NPCHandler.java,followPlayer,->,12acfc45-bdfb-4343-9004-9be15dfd844c,server/model/npcs/NPCHandler.java,distanceRequired
12acfc45-bdfb-4343-9004-9be15dfd844c,server/model/npcs/NPCHandler.java,followPlayer,->,12acfc45-bdfb-4343-9004-9be15dfd844c,server/model/npcs/NPCHandler.java,goodDistance
12acfc45-bdfb-4343-9004-9be15dfd844c,server/model/npcs/NPCHandler.java,followPlayer,->,12acfc45-bdfb-4343-9004-9be15dfd844c,server/model/npcs/NPCHandler.java,GetMove
12acfc45-bdfb-4343-9004-9be15dfd844c,server/model/npcs/NPCHandler.java,followPlayer,->,12acfc45-bdfb-4343-9004-9be15dfd844c,server/model/npcs/NPCHandler.java,GetMove
12acfc45-bdfb-4343-9004-9be15dfd844c,server/model/npcs/NPCHandler.java,followPlayer,->,12acfc45-bdfb-4343-9004-9be15dfd844c,server/model/npcs/NPCHandler.java,GetMove
12acfc45-bdfb-4343-9004-9be15dfd844c,server/model/npcs/NPCHandler.java,followPlayer,->,12acfc45-bdfb-4343-9004-9be15dfd844c,server/model/npcs/NPCHandler.java,GetMove
12acfc45-bdfb-4343-9004-9be15dfd844c,server/model/npcs/NPCHandler.java,followPlayer,->,12acfc45-bdfb-4343-9004-9be15dfd844c,server/model/npcs/NPCHandler.java,GetMove
12acfc45-bdfb-4343-9004-9be15dfd844c,server/model/npcs/NPCHandler.java,followPlayer,->,12acfc45-bdfb-4343-9004-9be15dfd844c,server/model/npcs/NPCHandler.java,GetMove
12acfc45-bdfb-4343-9004-9be15dfd844c,server/model/npcs/NPCHandler.java,followPlayer,->,12acfc45-bdfb-4343-9004-9be15dfd844c,server/model/npcs/NPCHandler.java,GetMove
12acfc45-bdfb-4343-9004-9be15dfd844c,server/model/npcs/NPCHandler.java,followPlayer,->,12acfc45-bdfb-4343-9004-9be15dfd844c,server/model/npcs/NPCHandler.java,GetMove
12acfc45-bdfb-4343-9004-9be15dfd844c,server/model/npcs/NPCHandler.java,followPlayer,->,12acfc45-bdfb-4343-9004-9be15dfd844c,2c89cfe4-ed6d-446f-832b-3c203feb3155,12264cea-e176-47b1-b1bb-e3a14dc18d35
12acfc45-bdfb-4343-9004-9be15dfd844c,server/model/npcs/NPCHandler.java,followPlayer,->,12acfc45-bdfb-4343-9004-9be15dfd844c,server/model/npcs/NPCHandler.java,GetMove
12acfc45-bdfb-4343-9004-9be15dfd844c,server/model/npcs/NPCHandler.java,followPlayer,->,12acfc45-bdfb-4343-9004-9be15dfd844c,server/model/npcs/NPCHandler.java,GetMove
12acfc45-bdfb-4343-9004-9be15dfd844c,server/model/npcs/NPCHandler.java,followPlayer,->,12acfc45-bdfb-4343-9004-9be15dfd844c,server/model/npcs/NPCHandler.java,GetMove
12acfc45-bdfb-4343-9004-9be15dfd844c,server/model/npcs/NPCHandler.java,followPlayer,->,12acfc45-bdfb-4343-9004-9be15dfd844c,server/model/npcs/NPCHandler.java,GetMove
12acfc45-bdfb-4343-9004-9be15dfd844c,server/model/npcs/NPCHandler.java,followPlayer,->,12acfc45-bdfb-4343-9004-9be15dfd844c,server/model/npcs/NPCHandler.java,GetMove
12acfc45-bdfb-4343-9004-9be15dfd844c,server/model/npcs/NPCHandler.java,followPlayer,->,12acfc45-bdfb-4343-9004-9be15dfd844c,server/model/npcs/NPCHandler.java,GetMove
12acfc45-bdfb-4343-9004-9be15dfd844c,server/model/npcs/NPCHandler.java,followPlayer,->,12acfc45-bdfb-4343-9004-9be15dfd844c,server/model/npcs/NPCHandler.java,GetMove
12acfc45-bdfb-4343-9004-9be15dfd844c,server/model/npcs/NPCHandler.java,followPlayer,->,12acfc45-bdfb-4343-9004-9be15dfd844c,server/model/npcs/NPCHandler.java,GetMove
12acfc45-bdfb-4343-9004-9be15dfd844c,server/model/npcs/NPCHandler.java,followPlayer,->,12acfc45-bdfb-4343-9004-9be15dfd844c,5849ef3e-9280-4348-a3c8-451a741eecc1,a5f5cfe6-b06c-46be-863e-05e090871096
12acfc45-bdfb-4343-9004-9be15dfd844c,server/model/npcs/NPCHandler.java,followPlayer,->,12acfc45-bdfb-4343-9004-9be15dfd844c,server/model/npcs/NPCHandler.java,handleClipping
12acfc45-bdfb-4343-9004-9be15dfd844c,server/model/npcs/NPCHandler.java,followPlayer,->,12acfc45-bdfb-4343-9004-9be15dfd844c,5849ef3e-9280-4348-a3c8-451a741eecc1,6ffc56c0-d948-403e-ac59-8343570910f9
12acfc45-bdfb-4343-9004-9be15dfd844c,server/model/npcs/NPCHandler.java,followPlayer,->,12acfc45-bdfb-4343-9004-9be15dfd844c,5849ef3e-9280-4348-a3c8-451a741eecc1,a5f5cfe6-b06c-46be-863e-05e090871096
12acfc45-bdfb-4343-9004-9be15dfd844c,server/model/npcs/NPCHandler.java,followPlayer,->,12acfc45-bdfb-4343-9004-9be15dfd844c,5849ef3e-9280-4348-a3c8-451a741eecc1,a5f5cfe6-b06c-46be-863e-05e090871096
12acfc45-bdfb-4343-9004-9be15dfd844c,server/model/npcs/NPCHandler.java,loadSpell2,->,12acfc45-bdfb-4343-9004-9be15dfd844c,2c89cfe4-ed6d-446f-832b-3c203feb3155,12264cea-e176-47b1-b1bb-e3a14dc18d35
12acfc45-bdfb-4343-9004-9be15dfd844c,server/model/npcs/NPCHandler.java,loadSpell,->,12acfc45-bdfb-4343-9004-9be15dfd844c,2c89cfe4-ed6d-446f-832b-3c203feb3155,12264cea-e176-47b1-b1bb-e3a14dc18d35
12acfc45-bdfb-4343-9004-9be15dfd844c,server/model/npcs/NPCHandler.java,loadSpell,->,12acfc45-bdfb-4343-9004-9be15dfd844c,2c89cfe4-ed6d-446f-832b-3c203feb3155,12264cea-e176-47b1-b1bb-e3a14dc18d35
12acfc45-bdfb-4343-9004-9be15dfd844c,server/model/npcs/NPCHandler.java,loadSpell,->,12acfc45-bdfb-4343-9004-9be15dfd844c,2c89cfe4-ed6d-446f-832b-3c203feb3155,12264cea-e176-47b1-b1bb-e3a14dc18d35
12acfc45-bdfb-4343-9004-9be15dfd844c,server/model/npcs/NPCHandler.java,loadSpell,->,12acfc45-bdfb-4343-9004-9be15dfd844c,2c89cfe4-ed6d-446f-832b-3c203feb3155,12264cea-e176-47b1-b1bb-e3a14dc18d35
12acfc45-bdfb-4343-9004-9be15dfd844c,server/model/npcs/NPCHandler.java,loadSpell,->,12acfc45-bdfb-4343-9004-9be15dfd844c,2c89cfe4-ed6d-446f-832b-3c203feb3155,12264cea-e176-47b1-b1bb-e3a14dc18d35
12acfc45-bdfb-4343-9004-9be15dfd844c,server/model/npcs/NPCHandler.java,loadSpell,->,12acfc45-bdfb-4343-9004-9be15dfd844c,5849ef3e-9280-4348-a3c8-451a741eecc1,2afe644b-e2ff-4265-8d55-cc4b5e27265a
12acfc45-bdfb-4343-9004-9be15dfd844c,server/model/npcs/NPCHandler.java,loadSpell,->,12acfc45-bdfb-4343-9004-9be15dfd844c,5849ef3e-9280-4348-a3c8-451a741eecc1,2afe644b-e2ff-4265-8d55-cc4b5e27265a
12acfc45-bdfb-4343-9004-9be15dfd844c,server/model/npcs/NPCHandler.java,loadSpell,->,12acfc45-bdfb-4343-9004-9be15dfd844c,5849ef3e-9280-4348-a3c8-451a741eecc1,2afe644b-e2ff-4265-8d55-cc4b5e27265a
12acfc45-bdfb-4343-9004-9be15dfd844c,server/model/npcs/NPCHandler.java,loadSpell,->,12acfc45-bdfb-4343-9004-9be15dfd844c,5849ef3e-9280-4348-a3c8-451a741eecc1,2afe644b-e2ff-4265-8d55-cc4b5e27265a
12acfc45-bdfb-4343-9004-9be15dfd844c,server/model/npcs/NPCHandler.java,loadSpell,->,12acfc45-bdfb-4343-9004-9be15dfd844c,2c89cfe4-ed6d-446f-832b-3c203feb3155,12264cea-e176-47b1-b1bb-e3a14dc18d35
12acfc45-bdfb-4343-9004-9be15dfd844c,server/model/npcs/NPCHandler.java,loadSpell,->,12acfc45-bdfb-4343-9004-9be15dfd844c,5849ef3e-9280-4348-a3c8-451a741eecc1,2afe644b-e2ff-4265-8d55-cc4b5e27265a
12acfc45-bdfb-4343-9004-9be15dfd844c,server/model/npcs/NPCHandler.java,loadSpell,->,12acfc45-bdfb-4343-9004-9be15dfd844c,5849ef3e-9280-4348-a3c8-451a741eecc1,2afe644b-e2ff-4265-8d55-cc4b5e27265a
12acfc45-bdfb-4343-9004-9be15dfd844c,server/model/npcs/NPCHandler.java,loadSpell,->,12acfc45-bdfb-4343-9004-9be15dfd844c,server/model/npcs/NPCHandler.java,goodDistance
12acfc45-bdfb-4343-9004-9be15dfd844c,server/model/npcs/NPCHandler.java,loadSpell,->,12acfc45-bdfb-4343-9004-9be15dfd844c,2c89cfe4-ed6d-446f-832b-3c203feb3155,12264cea-e176-47b1-b1bb-e3a14dc18d35
12acfc45-bdfb-4343-9004-9be15dfd844c,server/model/npcs/NPCHandler.java,loadSpell,->,12acfc45-bdfb-4343-9004-9be15dfd844c,2c89cfe4-ed6d-446f-832b-3c203feb3155,12264cea-e176-47b1-b1bb-e3a14dc18d35
12acfc45-bdfb-4343-9004-9be15dfd844c,server/model/npcs/NPCHandler.java,attackPlayer,->,12acfc45-bdfb-4343-9004-9be15dfd844c,5849ef3e-9280-4348-a3c8-451a741eecc1,be4814f2-9691-46f9-8036-ee2d782c6652
12acfc45-bdfb-4343-9004-9be15dfd844c,server/model/npcs/NPCHandler.java,attackPlayer,->,12acfc45-bdfb-4343-9004-9be15dfd844c,5849ef3e-9280-4348-a3c8-451a741eecc1,06abc11f-87f2-4398-ad11-b60bfae4491e
12acfc45-bdfb-4343-9004-9be15dfd844c,server/model/npcs/NPCHandler.java,attackPlayer,->,12acfc45-bdfb-4343-9004-9be15dfd844c,5849ef3e-9280-4348-a3c8-451a741eecc1,7541bcec-ab8d-45a2-b899-c5977ccbeede
12acfc45-bdfb-4343-9004-9be15dfd844c,server/model/npcs/NPCHandler.java,attackPlayer,->,12acfc45-bdfb-4343-9004-9be15dfd844c,5849ef3e-9280-4348-a3c8-451a741eecc1,7541bcec-ab8d-45a2-b899-c5977ccbeede
12acfc45-bdfb-4343-9004-9be15dfd844c,server/model/npcs/NPCHandler.java,attackPlayer,->,12acfc45-bdfb-4343-9004-9be15dfd844c,5849ef3e-9280-4348-a3c8-451a741eecc1,a5f5cfe6-b06c-46be-863e-05e090871096
12acfc45-bdfb-4343-9004-9be15dfd844c,server/model/npcs/NPCHandler.java,attackPlayer,->,12acfc45-bdfb-4343-9004-9be15dfd844c,5849ef3e-9280-4348-a3c8-451a741eecc1,be4814f2-9691-46f9-8036-ee2d782c6652
12acfc45-bdfb-4343-9004-9be15dfd844c,server/model/npcs/NPCHandler.java,attackPlayer,->,12acfc45-bdfb-4343-9004-9be15dfd844c,5849ef3e-9280-4348-a3c8-451a741eecc1,06abc11f-87f2-4398-ad11-b60bfae4491e
12acfc45-bdfb-4343-9004-9be15dfd844c,server/model/npcs/NPCHandler.java,attackPlayer,->,12acfc45-bdfb-4343-9004-9be15dfd844c,server/model/players/Client.java,getX
12acfc45-bdfb-4343-9004-9be15dfd844c,server/model/npcs/NPCHandler.java,attackPlayer,->,12acfc45-bdfb-4343-9004-9be15dfd844c,server/model/players/Client.java,getY
12acfc45-bdfb-4343-9004-9be15dfd844c,server/model/npcs/NPCHandler.java,attackPlayer,->,12acfc45-bdfb-4343-9004-9be15dfd844c,server/model/npcs/NPCHandler.java,distanceRequired
12acfc45-bdfb-4343-9004-9be15dfd844c,server/model/npcs/NPCHandler.java,attackPlayer,->,12acfc45-bdfb-4343-9004-9be15dfd844c,server/model/npcs/NPCHandler.java,goodDistance
12acfc45-bdfb-4343-9004-9be15dfd844c,server/model/npcs/NPCHandler.java,attackPlayer,->,12acfc45-bdfb-4343-9004-9be15dfd844c,5849ef3e-9280-4348-a3c8-451a741eecc1,a5f5cfe6-b06c-46be-863e-05e090871096
12acfc45-bdfb-4343-9004-9be15dfd844c,server/model/npcs/NPCHandler.java,attackPlayer,->,12acfc45-bdfb-4343-9004-9be15dfd844c,server/model/npcs/NPCHandler.java,getNpcDelay
12acfc45-bdfb-4343-9004-9be15dfd844c,server/model/npcs/NPCHandler.java,attackPlayer,->,12acfc45-bdfb-4343-9004-9be15dfd844c,server/model/npcs/NPCHandler.java,getHitDelay
12acfc45-bdfb-4343-9004-9be15dfd844c,server/model/npcs/NPCHandler.java,attackPlayer,->,12acfc45-bdfb-4343-9004-9be15dfd844c,server/model/npcs/NPCHandler.java,loadSpell2
12acfc45-bdfb-4343-9004-9be15dfd844c,server/model/npcs/NPCHandler.java,attackPlayer,->,12acfc45-bdfb-4343-9004-9be15dfd844c,server/model/npcs/NPCHandler.java,loadSpell
12acfc45-bdfb-4343-9004-9be15dfd844c,server/model/npcs/NPCHandler.java,attackPlayer,->,12acfc45-bdfb-4343-9004-9be15dfd844c,server/model/npcs/NPCHandler.java,multiAttacks
12acfc45-bdfb-4343-9004-9be15dfd844c,server/model/npcs/NPCHandler.java,attackPlayer,->,12acfc45-bdfb-4343-9004-9be15dfd844c,server/model/npcs/NPCHandler.java,multiAttackGfx
12acfc45-bdfb-4343-9004-9be15dfd844c,server/model/npcs/NPCHandler.java,attackPlayer,->,12acfc45-bdfb-4343-9004-9be15dfd844c,server/model/npcs/NPCHandler.java,getAttackEmote
12acfc45-bdfb-4343-9004-9be15dfd844c,server/model/npcs/NPCHandler.java,attackPlayer,->,12acfc45-bdfb-4343-9004-9be15dfd844c,server/model/npcs/NPCHandler.java,startAnimation
12acfc45-bdfb-4343-9004-9be15dfd844c,server/model/npcs/NPCHandler.java,attackPlayer,->,12acfc45-bdfb-4343-9004-9be15dfd844c,5849ef3e-9280-4348-a3c8-451a741eecc1,be4814f2-9691-46f9-8036-ee2d782c6652
12acfc45-bdfb-4343-9004-9be15dfd844c,server/model/npcs/NPCHandler.java,attackPlayer,->,12acfc45-bdfb-4343-9004-9be15dfd844c,server/model/npcs/NPCHandler.java,offset
12acfc45-bdfb-4343-9004-9be15dfd844c,server/model/npcs/NPCHandler.java,attackPlayer,->,12acfc45-bdfb-4343-9004-9be15dfd844c,5849ef3e-9280-4348-a3c8-451a741eecc1,06abc11f-87f2-4398-ad11-b60bfae4491e
12acfc45-bdfb-4343-9004-9be15dfd844c,server/model/npcs/NPCHandler.java,attackPlayer,->,12acfc45-bdfb-4343-9004-9be15dfd844c,server/model/npcs/NPCHandler.java,offset
12acfc45-bdfb-4343-9004-9be15dfd844c,server/model/npcs/NPCHandler.java,attackPlayer,->,12acfc45-bdfb-4343-9004-9be15dfd844c,server/model/players/Client.java,getX
12acfc45-bdfb-4343-9004-9be15dfd844c,server/model/npcs/NPCHandler.java,attackPlayer,->,12acfc45-bdfb-4343-9004-9be15dfd844c,server/model/players/Client.java,getY
12acfc45-bdfb-4343-9004-9be15dfd844c,server/model/npcs/NPCHandler.java,attackPlayer,->,12acfc45-bdfb-4343-9004-9be15dfd844c,server/model/players/Client.java,getPA
12acfc45-bdfb-4343-9004-9be15dfd844c,server/model/npcs/NPCHandler.java,attackPlayer,->,12acfc45-bdfb-4343-9004-9be15dfd844c,server/model/npcs/NPCHandler.java,getProjectileSpeed
12acfc45-bdfb-4343-9004-9be15dfd844c,server/model/npcs/NPCHandler.java,attackPlayer,->,12acfc45-bdfb-4343-9004-9be15dfd844c,server/model/players/Client.java,getId
12acfc45-bdfb-4343-9004-9be15dfd844c,server/model/npcs/NPCHandler.java,attackPlayer,->,12acfc45-bdfb-4343-9004-9be15dfd844c,991eb2a8-284a-4290-ae08-f54cf8834706,3b42da37-c458-47dd-84b7-9027c34c9e43
12acfc45-bdfb-4343-9004-9be15dfd844c,server/model/npcs/NPCHandler.java,attackPlayer,->,12acfc45-bdfb-4343-9004-9be15dfd844c,java/lang/System.java,currentTimeMillis
12acfc45-bdfb-4343-9004-9be15dfd844c,server/model/npcs/NPCHandler.java,attackPlayer,->,12acfc45-bdfb-4343-9004-9be15dfd844c,server/model/npcs/NPCHandler.java,getAttackEmote
12acfc45-bdfb-4343-9004-9be15dfd844c,server/model/npcs/NPCHandler.java,attackPlayer,->,12acfc45-bdfb-4343-9004-9be15dfd844c,server/model/npcs/NPCHandler.java,startAnimation
12acfc45-bdfb-4343-9004-9be15dfd844c,server/model/npcs/NPCHandler.java,attackPlayer,->,12acfc45-bdfb-4343-9004-9be15dfd844c,server/model/players/Client.java,getPA
12acfc45-bdfb-4343-9004-9be15dfd844c,server/model/npcs/NPCHandler.java,attackPlayer,->,12acfc45-bdfb-4343-9004-9be15dfd844c,991eb2a8-284a-4290-ae08-f54cf8834706,3666955d-52b4-495d-880c-318d6383a5bb
12acfc45-bdfb-4343-9004-9be15dfd844c,server/model/npcs/NPCHandler.java,specialCase,->,12acfc45-bdfb-4343-9004-9be15dfd844c,5849ef3e-9280-4348-a3c8-451a741eecc1,be4814f2-9691-46f9-8036-ee2d782c6652
12acfc45-bdfb-4343-9004-9be15dfd844c,server/model/npcs/NPCHandler.java,specialCase,->,12acfc45-bdfb-4343-9004-9be15dfd844c,5849ef3e-9280-4348-a3c8-451a741eecc1,06abc11f-87f2-4398-ad11-b60bfae4491e
12acfc45-bdfb-4343-9004-9be15dfd844c,server/model/npcs/NPCHandler.java,specialCase,->,12acfc45-bdfb-4343-9004-9be15dfd844c,server/model/players/Client.java,getX
12acfc45-bdfb-4343-9004-9be15dfd844c,server/model/npcs/NPCHandler.java,specialCase,->,12acfc45-bdfb-4343-9004-9be15dfd844c,server/model/players/Client.java,getY
12acfc45-bdfb-4343-9004-9be15dfd844c,server/model/npcs/NPCHandler.java,specialCase,->,12acfc45-bdfb-4343-9004-9be15dfd844c,server/model/npcs/NPCHandler.java,goodDistance
12acfc45-bdfb-4343-9004-9be15dfd844c,server/model/npcs/NPCHandler.java,specialCase,->,12acfc45-bdfb-4343-9004-9be15dfd844c,5849ef3e-9280-4348-a3c8-451a741eecc1,be4814f2-9691-46f9-8036-ee2d782c6652
12acfc45-bdfb-4343-9004-9be15dfd844c,server/model/npcs/NPCHandler.java,specialCase,->,12acfc45-bdfb-4343-9004-9be15dfd844c,5849ef3e-9280-4348-a3c8-451a741eecc1,06abc11f-87f2-4398-ad11-b60bfae4491e
12acfc45-bdfb-4343-9004-9be15dfd844c,server/model/npcs/NPCHandler.java,specialCase,->,12acfc45-bdfb-4343-9004-9be15dfd844c,server/model/players/Client.java,getX
12acfc45-bdfb-4343-9004-9be15dfd844c,server/model/npcs/NPCHandler.java,specialCase,->,12acfc45-bdfb-4343-9004-9be15dfd844c,server/model/players/Client.java,getY
12acfc45-bdfb-4343-9004-9be15dfd844c,server/model/npcs/NPCHandler.java,specialCase,->,12acfc45-bdfb-4343-9004-9be15dfd844c,server/model/npcs/NPCHandler.java,distanceRequired
12acfc45-bdfb-4343-9004-9be15dfd844c,server/model/npcs/NPCHandler.java,specialCase,->,12acfc45-bdfb-4343-9004-9be15dfd844c,server/model/npcs/NPCHandler.java,goodDistance
12acfc45-bdfb-4343-9004-9be15dfd844c,server/model/npcs/NPCHandler.java,applyDamage,->,12acfc45-bdfb-4343-9004-9be15dfd844c,server/model/npcs/NPCHandler.java,multiAttacks
12acfc45-bdfb-4343-9004-9be15dfd844c,server/model/npcs/NPCHandler.java,applyDamage,->,12acfc45-bdfb-4343-9004-9be15dfd844c,server/model/npcs/NPCHandler.java,multiAttackDamage
12acfc45-bdfb-4343-9004-9be15dfd844c,server/model/npcs/NPCHandler.java,applyDamage,->,12acfc45-bdfb-4343-9004-9be15dfd844c,server/model/players/Client.java,getCombat
12acfc45-bdfb-4343-9004-9be15dfd844c,server/model/npcs/NPCHandler.java,applyDamage,->,12acfc45-bdfb-4343-9004-9be15dfd844c,server/model/players/CombatAssistant.java,getBlockEmote
12acfc45-bdfb-4343-9004-9be15dfd844c,server/model/npcs/NPCHandler.java,applyDamage,->,12acfc45-bdfb-4343-9004-9be15dfd844c,server/model/players/Client.java,startAnimation
12acfc45-bdfb-4343-9004-9be15dfd844c,server/model/npcs/NPCHandler.java,applyDamage,->,12acfc45-bdfb-4343-9004-9be15dfd844c,2c89cfe4-ed6d-446f-832b-3c203feb3155,12264cea-e176-47b1-b1bb-e3a14dc18d35
12acfc45-bdfb-4343-9004-9be15dfd844c,server/model/npcs/NPCHandler.java,applyDamage,->,12acfc45-bdfb-4343-9004-9be15dfd844c,server/model/players/Client.java,getCombat
12acfc45-bdfb-4343-9004-9be15dfd844c,server/model/npcs/NPCHandler.java,applyDamage,->,12acfc45-bdfb-4343-9004-9be15dfd844c,server/model/players/CombatAssistant.java,calculateMeleeDefence
12acfc45-bdfb-4343-9004-9be15dfd844c,server/model/npcs/NPCHandler.java,applyDamage,->,12acfc45-bdfb-4343-9004-9be15dfd844c,2c89cfe4-ed6d-446f-832b-3c203feb3155,12264cea-e176-47b1-b1bb-e3a14dc18d35
12acfc45-bdfb-4343-9004-9be15dfd844c,server/model/npcs/NPCHandler.java,applyDamage,->,12acfc45-bdfb-4343-9004-9be15dfd844c,2c89cfe4-ed6d-446f-832b-3c203feb3155,12264cea-e176-47b1-b1bb-e3a14dc18d35
12acfc45-bdfb-4343-9004-9be15dfd844c,server/model/npcs/NPCHandler.java,applyDamage,->,12acfc45-bdfb-4343-9004-9be15dfd844c,2c89cfe4-ed6d-446f-832b-3c203feb3155,12264cea-e176-47b1-b1bb-e3a14dc18d35
12acfc45-bdfb-4343-9004-9be15dfd844c,server/model/npcs/NPCHandler.java,applyDamage,->,12acfc45-bdfb-4343-9004-9be15dfd844c,server/model/players/Client.java,getCombat
12acfc45-bdfb-4343-9004-9be15dfd844c,server/model/npcs/NPCHandler.java,applyDamage,->,12acfc45-bdfb-4343-9004-9be15dfd844c,server/model/players/CombatAssistant.java,calculateRangeDefence
12acfc45-bdfb-4343-9004-9be15dfd844c,server/model/npcs/NPCHandler.java,applyDamage,->,12acfc45-bdfb-4343-9004-9be15dfd844c,2c89cfe4-ed6d-446f-832b-3c203feb3155,12264cea-e176-47b1-b1bb-e3a14dc18d35
12acfc45-bdfb-4343-9004-9be15dfd844c,server/model/npcs/NPCHandler.java,applyDamage,->,12acfc45-bdfb-4343-9004-9be15dfd844c,2c89cfe4-ed6d-446f-832b-3c203feb3155,12264cea-e176-47b1-b1bb-e3a14dc18d35
12acfc45-bdfb-4343-9004-9be15dfd844c,server/model/npcs/NPCHandler.java,applyDamage,->,12acfc45-bdfb-4343-9004-9be15dfd844c,2c89cfe4-ed6d-446f-832b-3c203feb3155,12264cea-e176-47b1-b1bb-e3a14dc18d35
12acfc45-bdfb-4343-9004-9be15dfd844c,server/model/npcs/NPCHandler.java,applyDamage,->,12acfc45-bdfb-4343-9004-9be15dfd844c,server/model/players/Client.java,getCombat
12acfc45-bdfb-4343-9004-9be15dfd844c,server/model/npcs/NPCHandler.java,applyDamage,->,12acfc45-bdfb-4343-9004-9be15dfd844c,server/model/players/CombatAssistant.java,mageDef
12acfc45-bdfb-4343-9004-9be15dfd844c,server/model/npcs/NPCHandler.java,applyDamage,->,12acfc45-bdfb-4343-9004-9be15dfd844c,2c89cfe4-ed6d-446f-832b-3c203feb3155,12264cea-e176-47b1-b1bb-e3a14dc18d35
12acfc45-bdfb-4343-9004-9be15dfd844c,server/model/npcs/NPCHandler.java,applyDamage,->,12acfc45-bdfb-4343-9004-9be15dfd844c,2c89cfe4-ed6d-446f-832b-3c203feb3155,12264cea-e176-47b1-b1bb-e3a14dc18d35
12acfc45-bdfb-4343-9004-9be15dfd844c,server/model/npcs/NPCHandler.java,applyDamage,->,12acfc45-bdfb-4343-9004-9be15dfd844c,server/model/npcs/NPCHandler.java,isFightCaveNpc
12acfc45-bdfb-4343-9004-9be15dfd844c,server/model/npcs/NPCHandler.java,applyDamage,->,12acfc45-bdfb-4343-9004-9be15dfd844c,server/model/players/Client.java,gfx100
12acfc45-bdfb-4343-9004-9be15dfd844c,server/model/npcs/NPCHandler.java,applyDamage,->,12acfc45-bdfb-4343-9004-9be15dfd844c,server/model/players/Client.java,gfx100
12acfc45-bdfb-4343-9004-9be15dfd844c,server/model/npcs/NPCHandler.java,applyDamage,->,12acfc45-bdfb-4343-9004-9be15dfd844c,server/model/players/Client.java,getPA
12acfc45-bdfb-4343-9004-9be15dfd844c,server/model/npcs/NPCHandler.java,applyDamage,->,12acfc45-bdfb-4343-9004-9be15dfd844c,991eb2a8-284a-4290-ae08-f54cf8834706,84badf5d-5106-4544-88c8-04c33f551431
12acfc45-bdfb-4343-9004-9be15dfd844c,server/model/npcs/NPCHandler.java,applyDamage,->,12acfc45-bdfb-4343-9004-9be15dfd844c,2c89cfe4-ed6d-446f-832b-3c203feb3155,12264cea-e176-47b1-b1bb-e3a14dc18d35
12acfc45-bdfb-4343-9004-9be15dfd844c,server/model/npcs/NPCHandler.java,applyDamage,->,12acfc45-bdfb-4343-9004-9be15dfd844c,server/model/players/Client.java,sendMessage
12acfc45-bdfb-4343-9004-9be15dfd844c,server/model/npcs/NPCHandler.java,applyDamage,->,12acfc45-bdfb-4343-9004-9be15dfd844c,2c89cfe4-ed6d-446f-832b-3c203feb3155,12264cea-e176-47b1-b1bb-e3a14dc18d35
12acfc45-bdfb-4343-9004-9be15dfd844c,server/model/npcs/NPCHandler.java,applyDamage,->,12acfc45-bdfb-4343-9004-9be15dfd844c,2c89cfe4-ed6d-446f-832b-3c203feb3155,12264cea-e176-47b1-b1bb-e3a14dc18d35
12acfc45-bdfb-4343-9004-9be15dfd844c,server/model/npcs/NPCHandler.java,applyDamage,->,12acfc45-bdfb-4343-9004-9be15dfd844c,server/model/players/Client.java,gfx100
12acfc45-bdfb-4343-9004-9be15dfd844c,server/model/npcs/NPCHandler.java,applyDamage,->,12acfc45-bdfb-4343-9004-9be15dfd844c,server/model/npcs/NPCHandler.java,handleSpecialEffects
12acfc45-bdfb-4343-9004-9be15dfd844c,server/model/npcs/NPCHandler.java,applyDamage,->,12acfc45-bdfb-4343-9004-9be15dfd844c,java/lang/System.java,currentTimeMillis
12acfc45-bdfb-4343-9004-9be15dfd844c,server/model/npcs/NPCHandler.java,applyDamage,->,12acfc45-bdfb-4343-9004-9be15dfd844c,server/model/players/Client.java,handleHitMask
12acfc45-bdfb-4343-9004-9be15dfd844c,server/model/npcs/NPCHandler.java,applyDamage,->,12acfc45-bdfb-4343-9004-9be15dfd844c,server/model/players/Client.java,getPA
12acfc45-bdfb-4343-9004-9be15dfd844c,server/model/npcs/NPCHandler.java,applyDamage,->,12acfc45-bdfb-4343-9004-9be15dfd844c,991eb2a8-284a-4290-ae08-f54cf8834706,cc581d00-f04e-4278-8aaf-0ecbd93e9b04
12acfc45-bdfb-4343-9004-9be15dfd844c,server/model/npcs/NPCHandler.java,handleSpecialEffects,->,12acfc45-bdfb-4343-9004-9be15dfd844c,server/model/players/Client.java,getPA
12acfc45-bdfb-4343-9004-9be15dfd844c,server/model/npcs/NPCHandler.java,handleSpecialEffects,->,12acfc45-bdfb-4343-9004-9be15dfd844c,991eb2a8-284a-4290-ae08-f54cf8834706,cc581d00-f04e-4278-8aaf-0ecbd93e9b04
12acfc45-bdfb-4343-9004-9be15dfd844c,server/model/npcs/NPCHandler.java,handleSpecialEffects,->,12acfc45-bdfb-4343-9004-9be15dfd844c,server/model/players/Client.java,getPA
12acfc45-bdfb-4343-9004-9be15dfd844c,server/model/npcs/NPCHandler.java,handleSpecialEffects,->,12acfc45-bdfb-4343-9004-9be15dfd844c,991eb2a8-284a-4290-ae08-f54cf8834706,f5bb9e43-0c01-4c45-bdce-20442359bef2
12acfc45-bdfb-4343-9004-9be15dfd844c,server/model/npcs/NPCHandler.java,loadAutoSpawn,->,12acfc45-bdfb-4343-9004-9be15dfd844c,java/lang/StringBuilder.java,append
12acfc45-bdfb-4343-9004-9be15dfd844c,server/model/npcs/NPCHandler.java,loadAutoSpawn,->,12acfc45-bdfb-4343-9004-9be15dfd844c,java/lang/StringBuilder.java,append
12acfc45-bdfb-4343-9004-9be15dfd844c,server/model/npcs/NPCHandler.java,loadAutoSpawn,->,12acfc45-bdfb-4343-9004-9be15dfd844c,java/lang/StringBuilder.java,toString
12acfc45-bdfb-4343-9004-9be15dfd844c,server/model/npcs/NPCHandler.java,loadAutoSpawn,->,12acfc45-bdfb-4343-9004-9be15dfd844c,java/lang/StringBuilder.java,append
12acfc45-bdfb-4343-9004-9be15dfd844c,server/model/npcs/NPCHandler.java,loadAutoSpawn,->,12acfc45-bdfb-4343-9004-9be15dfd844c,java/lang/StringBuilder.java,append
12acfc45-bdfb-4343-9004-9be15dfd844c,server/model/npcs/NPCHandler.java,loadAutoSpawn,->,12acfc45-bdfb-4343-9004-9be15dfd844c,java/lang/StringBuilder.java,toString
12acfc45-bdfb-4343-9004-9be15dfd844c,server/model/npcs/NPCHandler.java,loadAutoSpawn,->,12acfc45-bdfb-4343-9004-9be15dfd844c,2c89cfe4-ed6d-446f-832b-3c203feb3155,cf0eb5d1-f945-4cc7-9eaa-55b858ed55c6
12acfc45-bdfb-4343-9004-9be15dfd844c,server/model/npcs/NPCHandler.java,loadAutoSpawn,->,12acfc45-bdfb-4343-9004-9be15dfd844c,java/io/BufferedReader.java,readLine
12acfc45-bdfb-4343-9004-9be15dfd844c,server/model/npcs/NPCHandler.java,loadAutoSpawn,->,12acfc45-bdfb-4343-9004-9be15dfd844c,java/lang/StringBuilder.java,append
12acfc45-bdfb-4343-9004-9be15dfd844c,server/model/npcs/NPCHandler.java,loadAutoSpawn,->,12acfc45-bdfb-4343-9004-9be15dfd844c,java/lang/StringBuilder.java,append
12acfc45-bdfb-4343-9004-9be15dfd844c,server/model/npcs/NPCHandler.java,loadAutoSpawn,->,12acfc45-bdfb-4343-9004-9be15dfd844c,java/lang/StringBuilder.java,toString
12acfc45-bdfb-4343-9004-9be15dfd844c,server/model/npcs/NPCHandler.java,loadAutoSpawn,->,12acfc45-bdfb-4343-9004-9be15dfd844c,2c89cfe4-ed6d-446f-832b-3c203feb3155,cf0eb5d1-f945-4cc7-9eaa-55b858ed55c6
12acfc45-bdfb-4343-9004-9be15dfd844c,server/model/npcs/NPCHandler.java,loadAutoSpawn,->,12acfc45-bdfb-4343-9004-9be15dfd844c,java/lang/String.java,trim
12acfc45-bdfb-4343-9004-9be15dfd844c,server/model/npcs/NPCHandler.java,loadAutoSpawn,->,12acfc45-bdfb-4343-9004-9be15dfd844c,java/lang/String.java,indexOf
12acfc45-bdfb-4343-9004-9be15dfd844c,server/model/npcs/NPCHandler.java,loadAutoSpawn,->,12acfc45-bdfb-4343-9004-9be15dfd844c,java/lang/String.java,substring
12acfc45-bdfb-4343-9004-9be15dfd844c,server/model/npcs/NPCHandler.java,loadAutoSpawn,->,12acfc45-bdfb-4343-9004-9be15dfd844c,java/lang/String.java,trim
12acfc45-bdfb-4343-9004-9be15dfd844c,server/model/npcs/NPCHandler.java,loadAutoSpawn,->,12acfc45-bdfb-4343-9004-9be15dfd844c,java/lang/String.java,substring
12acfc45-bdfb-4343-9004-9be15dfd844c,server/model/npcs/NPCHandler.java,loadAutoSpawn,->,12acfc45-bdfb-4343-9004-9be15dfd844c,java/lang/String.java,trim
12acfc45-bdfb-4343-9004-9be15dfd844c,server/model/npcs/NPCHandler.java,loadAutoSpawn,->,12acfc45-bdfb-4343-9004-9be15dfd844c,java/lang/String.java,replaceAll
12acfc45-bdfb-4343-9004-9be15dfd844c,server/model/npcs/NPCHandler.java,loadAutoSpawn,->,12acfc45-bdfb-4343-9004-9be15dfd844c,java/lang/String.java,replaceAll
12acfc45-bdfb-4343-9004-9be15dfd844c,server/model/npcs/NPCHandler.java,loadAutoSpawn,->,12acfc45-bdfb-4343-9004-9be15dfd844c,java/lang/String.java,replaceAll
12acfc45-bdfb-4343-9004-9be15dfd844c,server/model/npcs/NPCHandler.java,loadAutoSpawn,->,12acfc45-bdfb-4343-9004-9be15dfd844c,java/lang/String.java,replaceAll
12acfc45-bdfb-4343-9004-9be15dfd844c,server/model/npcs/NPCHandler.java,loadAutoSpawn,->,12acfc45-bdfb-4343-9004-9be15dfd844c,java/lang/String.java,replaceAll
12acfc45-bdfb-4343-9004-9be15dfd844c,server/model/npcs/NPCHandler.java,loadAutoSpawn,->,12acfc45-bdfb-4343-9004-9be15dfd844c,java/lang/String.java,split
12acfc45-bdfb-4343-9004-9be15dfd844c,server/model/npcs/NPCHandler.java,loadAutoSpawn,->,12acfc45-bdfb-4343-9004-9be15dfd844c,java/lang/String.java,equals
12acfc45-bdfb-4343-9004-9be15dfd844c,server/model/npcs/NPCHandler.java,loadAutoSpawn,->,12acfc45-bdfb-4343-9004-9be15dfd844c,java/lang/Integer.java,parseInt
12acfc45-bdfb-4343-9004-9be15dfd844c,server/model/npcs/NPCHandler.java,loadAutoSpawn,->,12acfc45-bdfb-4343-9004-9be15dfd844c,java/lang/Integer.java,parseInt
12acfc45-bdfb-4343-9004-9be15dfd844c,server/model/npcs/NPCHandler.java,loadAutoSpawn,->,12acfc45-bdfb-4343-9004-9be15dfd844c,java/lang/Integer.java,parseInt
12acfc45-bdfb-4343-9004-9be15dfd844c,server/model/npcs/NPCHandler.java,loadAutoSpawn,->,12acfc45-bdfb-4343-9004-9be15dfd844c,java/lang/Integer.java,parseInt
12acfc45-bdfb-4343-9004-9be15dfd844c,server/model/npcs/NPCHandler.java,loadAutoSpawn,->,12acfc45-bdfb-4343-9004-9be15dfd844c,java/lang/Integer.java,parseInt
12acfc45-bdfb-4343-9004-9be15dfd844c,server/model/npcs/NPCHandler.java,loadAutoSpawn,->,12acfc45-bdfb-4343-9004-9be15dfd844c,java/lang/Integer.java,parseInt
12acfc45-bdfb-4343-9004-9be15dfd844c,server/model/npcs/NPCHandler.java,loadAutoSpawn,->,12acfc45-bdfb-4343-9004-9be15dfd844c,server/model/npcs/NPCHandler.java,getNpcListHP
12acfc45-bdfb-4343-9004-9be15dfd844c,server/model/npcs/NPCHandler.java,loadAutoSpawn,->,12acfc45-bdfb-4343-9004-9be15dfd844c,java/lang/Integer.java,parseInt
12acfc45-bdfb-4343-9004-9be15dfd844c,server/model/npcs/NPCHandler.java,loadAutoSpawn,->,12acfc45-bdfb-4343-9004-9be15dfd844c,java/lang/Integer.java,parseInt
12acfc45-bdfb-4343-9004-9be15dfd844c,server/model/npcs/NPCHandler.java,loadAutoSpawn,->,12acfc45-bdfb-4343-9004-9be15dfd844c,java/lang/Integer.java,parseInt
12acfc45-bdfb-4343-9004-9be15dfd844c,server/model/npcs/NPCHandler.java,loadAutoSpawn,->,12acfc45-bdfb-4343-9004-9be15dfd844c,server/model/npcs/NPCHandler.java,newNPC
12acfc45-bdfb-4343-9004-9be15dfd844c,server/model/npcs/NPCHandler.java,loadAutoSpawn,->,12acfc45-bdfb-4343-9004-9be15dfd844c,java/lang/String.java,equals
12acfc45-bdfb-4343-9004-9be15dfd844c,server/model/npcs/NPCHandler.java,loadAutoSpawn,->,12acfc45-bdfb-4343-9004-9be15dfd844c,java/io/BufferedReader.java,close
12acfc45-bdfb-4343-9004-9be15dfd844c,server/model/npcs/NPCHandler.java,loadAutoSpawn,->,12acfc45-bdfb-4343-9004-9be15dfd844c,java/io/BufferedReader.java,readLine
12acfc45-bdfb-4343-9004-9be15dfd844c,server/model/npcs/NPCHandler.java,loadAutoSpawn,->,12acfc45-bdfb-4343-9004-9be15dfd844c,java/io/BufferedReader.java,close
12acfc45-bdfb-4343-9004-9be15dfd844c,server/model/npcs/NPCHandler.java,loadNPCList,->,12acfc45-bdfb-4343-9004-9be15dfd844c,java/lang/StringBuilder.java,append
12acfc45-bdfb-4343-9004-9be15dfd844c,server/model/npcs/NPCHandler.java,loadNPCList,->,12acfc45-bdfb-4343-9004-9be15dfd844c,java/lang/StringBuilder.java,append
12acfc45-bdfb-4343-9004-9be15dfd844c,server/model/npcs/NPCHandler.java,loadNPCList,->,12acfc45-bdfb-4343-9004-9be15dfd844c,java/lang/StringBuilder.java,toString
12acfc45-bdfb-4343-9004-9be15dfd844c,server/model/npcs/NPCHandler.java,loadNPCList,->,12acfc45-bdfb-4343-9004-9be15dfd844c,java/lang/StringBuilder.java,append
12acfc45-bdfb-4343-9004-9be15dfd844c,server/model/npcs/NPCHandler.java,loadNPCList,->,12acfc45-bdfb-4343-9004-9be15dfd844c,java/lang/StringBuilder.java,append
12acfc45-bdfb-4343-9004-9be15dfd844c,server/model/npcs/NPCHandler.java,loadNPCList,->,12acfc45-bdfb-4343-9004-9be15dfd844c,java/lang/StringBuilder.java,toString
12acfc45-bdfb-4343-9004-9be15dfd844c,server/model/npcs/NPCHandler.java,loadNPCList,->,12acfc45-bdfb-4343-9004-9be15dfd844c,2c89cfe4-ed6d-446f-832b-3c203feb3155,cf0eb5d1-f945-4cc7-9eaa-55b858ed55c6
12acfc45-bdfb-4343-9004-9be15dfd844c,server/model/npcs/NPCHandler.java,loadNPCList,->,12acfc45-bdfb-4343-9004-9be15dfd844c,java/io/BufferedReader.java,readLine
12acfc45-bdfb-4343-9004-9be15dfd844c,server/model/npcs/NPCHandler.java,loadNPCList,->,12acfc45-bdfb-4343-9004-9be15dfd844c,java/lang/StringBuilder.java,append
12acfc45-bdfb-4343-9004-9be15dfd844c,server/model/npcs/NPCHandler.java,loadNPCList,->,12acfc45-bdfb-4343-9004-9be15dfd844c,java/lang/StringBuilder.java,append
12acfc45-bdfb-4343-9004-9be15dfd844c,server/model/npcs/NPCHandler.java,loadNPCList,->,12acfc45-bdfb-4343-9004-9be15dfd844c,java/lang/StringBuilder.java,toString
12acfc45-bdfb-4343-9004-9be15dfd844c,server/model/npcs/NPCHandler.java,loadNPCList,->,12acfc45-bdfb-4343-9004-9be15dfd844c,2c89cfe4-ed6d-446f-832b-3c203feb3155,cf0eb5d1-f945-4cc7-9eaa-55b858ed55c6
12acfc45-bdfb-4343-9004-9be15dfd844c,server/model/npcs/NPCHandler.java,loadNPCList,->,12acfc45-bdfb-4343-9004-9be15dfd844c,java/lang/String.java,trim
12acfc45-bdfb-4343-9004-9be15dfd844c,server/model/npcs/NPCHandler.java,loadNPCList,->,12acfc45-bdfb-4343-9004-9be15dfd844c,java/lang/String.java,indexOf
12acfc45-bdfb-4343-9004-9be15dfd844c,server/model/npcs/NPCHandler.java,loadNPCList,->,12acfc45-bdfb-4343-9004-9be15dfd844c,java/lang/String.java,substring
12acfc45-bdfb-4343-9004-9be15dfd844c,server/model/npcs/NPCHandler.java,loadNPCList,->,12acfc45-bdfb-4343-9004-9be15dfd844c,java/lang/String.java,trim
12acfc45-bdfb-4343-9004-9be15dfd844c,server/model/npcs/NPCHandler.java,loadNPCList,->,12acfc45-bdfb-4343-9004-9be15dfd844c,java/lang/String.java,substring
12acfc45-bdfb-4343-9004-9be15dfd844c,server/model/npcs/NPCHandler.java,loadNPCList,->,12acfc45-bdfb-4343-9004-9be15dfd844c,java/lang/String.java,trim
12acfc45-bdfb-4343-9004-9be15dfd844c,server/model/npcs/NPCHandler.java,loadNPCList,->,12acfc45-bdfb-4343-9004-9be15dfd844c,java/lang/String.java,replaceAll
12acfc45-bdfb-4343-9004-9be15dfd844c,server/model/npcs/NPCHandler.java,loadNPCList,->,12acfc45-bdfb-4343-9004-9be15dfd844c,java/lang/String.java,replaceAll
12acfc45-bdfb-4343-9004-9be15dfd844c,server/model/npcs/NPCHandler.java,loadNPCList,->,12acfc45-bdfb-4343-9004-9be15dfd844c,java/lang/String.java,replaceAll
12acfc45-bdfb-4343-9004-9be15dfd844c,server/model/npcs/NPCHandler.java,loadNPCList,->,12acfc45-bdfb-4343-9004-9be15dfd844c,java/lang/String.java,replaceAll
12acfc45-bdfb-4343-9004-9be15dfd844c,server/model/npcs/NPCHandler.java,loadNPCList,->,12acfc45-bdfb-4343-9004-9be15dfd844c,java/lang/String.java,replaceAll
12acfc45-bdfb-4343-9004-9be15dfd844c,server/model/npcs/NPCHandler.java,loadNPCList,->,12acfc45-bdfb-4343-9004-9be15dfd844c,java/lang/String.java,split
12acfc45-bdfb-4343-9004-9be15dfd844c,server/model/npcs/NPCHandler.java,loadNPCList,->,12acfc45-bdfb-4343-9004-9be15dfd844c,java/lang/String.java,equals
12acfc45-bdfb-4343-9004-9be15dfd844c,server/model/npcs/NPCHandler.java,loadNPCList,->,12acfc45-bdfb-4343-9004-9be15dfd844c,java/lang/Integer.java,parseInt
12acfc45-bdfb-4343-9004-9be15dfd844c,server/model/npcs/NPCHandler.java,loadNPCList,->,12acfc45-bdfb-4343-9004-9be15dfd844c,java/lang/Integer.java,parseInt
12acfc45-bdfb-4343-9004-9be15dfd844c,server/model/npcs/NPCHandler.java,loadNPCList,->,12acfc45-bdfb-4343-9004-9be15dfd844c,java/lang/Integer.java,parseInt
12acfc45-bdfb-4343-9004-9be15dfd844c,server/model/npcs/NPCHandler.java,loadNPCList,->,12acfc45-bdfb-4343-9004-9be15dfd844c,server/model/npcs/NPCHandler.java,newNPCList
12acfc45-bdfb-4343-9004-9be15dfd844c,server/model/npcs/NPCHandler.java,loadNPCList,->,12acfc45-bdfb-4343-9004-9be15dfd844c,java/lang/String.java,equals
12acfc45-bdfb-4343-9004-9be15dfd844c,server/model/npcs/NPCHandler.java,loadNPCList,->,12acfc45-bdfb-4343-9004-9be15dfd844c,java/io/BufferedReader.java,close
12acfc45-bdfb-4343-9004-9be15dfd844c,server/model/npcs/NPCHandler.java,loadNPCList,->,12acfc45-bdfb-4343-9004-9be15dfd844c,java/io/BufferedReader.java,readLine
12acfc45-bdfb-4343-9004-9be15dfd844c,server/model/npcs/NPCHandler.java,loadNPCList,->,12acfc45-bdfb-4343-9004-9be15dfd844c,java/io/BufferedReader.java,close
12acfc45-bdfb-4343-9004-9be15dfd844c,server/model/players/PlayerAssistant$2.java,execute,->,12acfc45-bdfb-4343-9004-9be15dfd844c,server/model/players/PlayerAssistant.java,access$000
12acfc45-bdfb-4343-9004-9be15dfd844c,server/model/players/PlayerAssistant$2.java,execute,->,12acfc45-bdfb-4343-9004-9be15dfd844c,server/model/players/PlayerAssistant.java,access$000
12acfc45-bdfb-4343-9004-9be15dfd844c,server/model/players/PlayerAssistant$2.java,execute,->,12acfc45-bdfb-4343-9004-9be15dfd844c,fa976a92-c113-4d25-b6a3-7daf8c6babeb,629d0eb8-50e0-483d-a3a5-a207220d969a
12acfc45-bdfb-4343-9004-9be15dfd844c,4669d03e-c9e2-4709-9382-21f542978b57,02146eb5-9130-41c5-bd65-41c808861179,->,12acfc45-bdfb-4343-9004-9be15dfd844c,server/model/players/Client.java,getItems
12acfc45-bdfb-4343-9004-9be15dfd844c,4669d03e-c9e2-4709-9382-21f542978b57,02146eb5-9130-41c5-bd65-41c808861179,->,12acfc45-bdfb-4343-9004-9be15dfd844c,server/model/items/ItemAssistant.java,freeSlots
12acfc45-bdfb-4343-9004-9be15dfd844c,4669d03e-c9e2-4709-9382-21f542978b57,02146eb5-9130-41c5-bd65-41c808861179,->,12acfc45-bdfb-4343-9004-9be15dfd844c,server/model/players/Client.java,getItems
12acfc45-bdfb-4343-9004-9be15dfd844c,4669d03e-c9e2-4709-9382-21f542978b57,02146eb5-9130-41c5-bd65-41c808861179,->,12acfc45-bdfb-4343-9004-9be15dfd844c,server/model/items/ItemAssistant.java,addItem
12acfc45-bdfb-4343-9004-9be15dfd844c,4669d03e-c9e2-4709-9382-21f542978b57,02146eb5-9130-41c5-bd65-41c808861179,->,12acfc45-bdfb-4343-9004-9be15dfd844c,server/model/players/Client.java,startAnimation
12acfc45-bdfb-4343-9004-9be15dfd844c,4669d03e-c9e2-4709-9382-21f542978b57,02146eb5-9130-41c5-bd65-41c808861179,->,12acfc45-bdfb-4343-9004-9be15dfd844c,server/model/players/Client.java,sendMessage
12acfc45-bdfb-4343-9004-9be15dfd844c,4669d03e-c9e2-4709-9382-21f542978b57,02146eb5-9130-41c5-bd65-41c808861179,->,12acfc45-bdfb-4343-9004-9be15dfd844c,2c89cfe4-ed6d-446f-832b-3c203feb3155,12264cea-e176-47b1-b1bb-e3a14dc18d35
12acfc45-bdfb-4343-9004-9be15dfd844c,4669d03e-c9e2-4709-9382-21f542978b57,02146eb5-9130-41c5-bd65-41c808861179,->,12acfc45-bdfb-4343-9004-9be15dfd844c,java/util/ArrayList.java,add
12acfc45-bdfb-4343-9004-9be15dfd844c,4669d03e-c9e2-4709-9382-21f542978b57,02146eb5-9130-41c5-bd65-41c808861179,->,12acfc45-bdfb-4343-9004-9be15dfd844c,server/world/ObjectManager.java,removeObject
12acfc45-bdfb-4343-9004-9be15dfd844c,4669d03e-c9e2-4709-9382-21f542978b57,02146eb5-9130-41c5-bd65-41c808861179,->,12acfc45-bdfb-4343-9004-9be15dfd844c,server/model/players/Client.java,sendMessage
12acfc45-bdfb-4343-9004-9be15dfd844c,server/model/players/PlayerHandler.java,newPlayerClient,->,12acfc45-bdfb-4343-9004-9be15dfd844c,java/lang/StringBuilder.java,append
12acfc45-bdfb-4343-9004-9be15dfd844c,server/model/players/PlayerHandler.java,newPlayerClient,->,12acfc45-bdfb-4343-9004-9be15dfd844c,java/lang/StringBuilder.java,append
12acfc45-bdfb-4343-9004-9be15dfd844c,server/model/players/PlayerHandler.java,newPlayerClient,->,12acfc45-bdfb-4343-9004-9be15dfd844c,java/lang/StringBuilder.java,append
12acfc45-bdfb-4343-9004-9be15dfd844c,server/model/players/PlayerHandler.java,newPlayerClient,->,12acfc45-bdfb-4343-9004-9be15dfd844c,java/lang/StringBuilder.java,append
12acfc45-bdfb-4343-9004-9be15dfd844c,server/model/players/PlayerHandler.java,newPlayerClient,->,12acfc45-bdfb-4343-9004-9be15dfd844c,java/lang/StringBuilder.java,append
12acfc45-bdfb-4343-9004-9be15dfd844c,server/model/players/PlayerHandler.java,newPlayerClient,->,12acfc45-bdfb-4343-9004-9be15dfd844c,java/lang/StringBuilder.java,append
12acfc45-bdfb-4343-9004-9be15dfd844c,server/model/players/PlayerHandler.java,newPlayerClient,->,12acfc45-bdfb-4343-9004-9be15dfd844c,java/lang/StringBuilder.java,toString
12acfc45-bdfb-4343-9004-9be15dfd844c,server/model/players/PlayerHandler.java,newPlayerClient,->,12acfc45-bdfb-4343-9004-9be15dfd844c,2c89cfe4-ed6d-446f-832b-3c203feb3155,cf0eb5d1-f945-4cc7-9eaa-55b858ed55c6
12acfc45-bdfb-4343-9004-9be15dfd844c,server/model/players/PlayerHandler.java,destruct,->,12acfc45-bdfb-4343-9004-9be15dfd844c,server/model/players/Player.java,destruct
12acfc45-bdfb-4343-9004-9be15dfd844c,server/model/players/PlayerHandler.java,isPlayerOn,->,12acfc45-bdfb-4343-9004-9be15dfd844c,java/lang/String.java,equalsIgnoreCase
12acfc45-bdfb-4343-9004-9be15dfd844c,server/model/players/PlayerHandler.java,process,->,12acfc45-bdfb-4343-9004-9be15dfd844c,java/lang/System.java,currentTimeMillis
12acfc45-bdfb-4343-9004-9be15dfd844c,server/model/players/PlayerHandler.java,process,->,12acfc45-bdfb-4343-9004-9be15dfd844c,server/model/players/Client.java,getTradeAndDuel
12acfc45-bdfb-4343-9004-9be15dfd844c,server/model/players/PlayerHandler.java,process,->,12acfc45-bdfb-4343-9004-9be15dfd844c,server/model/players/TradeAndDuel.java,declineTrade
12acfc45-bdfb-4343-9004-9be15dfd844c,server/model/players/PlayerHandler.java,process,->,12acfc45-bdfb-4343-9004-9be15dfd844c,server/model/players/Client.java,getTradeAndDuel
12acfc45-bdfb-4343-9004-9be15dfd844c,server/model/players/PlayerHandler.java,process,->,12acfc45-bdfb-4343-9004-9be15dfd844c,server/model/players/TradeAndDuel.java,duelVictory
12acfc45-bdfb-4343-9004-9be15dfd844c,server/model/players/PlayerHandler.java,process,->,12acfc45-bdfb-4343-9004-9be15dfd844c,server/model/players/Client.java,getTradeAndDuel
12acfc45-bdfb-4343-9004-9be15dfd844c,server/model/players/PlayerHandler.java,process,->,12acfc45-bdfb-4343-9004-9be15dfd844c,server/model/players/TradeAndDuel.java,declineDuel
12acfc45-bdfb-4343-9004-9be15dfd844c,server/model/players/PlayerHandler.java,process,->,12acfc45-bdfb-4343-9004-9be15dfd844c,server/model/players/PlayerSave.java,saveGame
12acfc45-bdfb-4343-9004-9be15dfd844c,server/model/players/PlayerHandler.java,process,->,12acfc45-bdfb-4343-9004-9be15dfd844c,java/lang/StringBuilder.java,append
12acfc45-bdfb-4343-9004-9be15dfd844c,server/model/players/PlayerHandler.java,process,->,12acfc45-bdfb-4343-9004-9be15dfd844c,java/lang/StringBuilder.java,append
12acfc45-bdfb-4343-9004-9be15dfd844c,server/model/players/PlayerHandler.java,process,->,12acfc45-bdfb-4343-9004-9be15dfd844c,java/lang/StringBuilder.java,toString
12acfc45-bdfb-4343-9004-9be15dfd844c,server/model/players/PlayerHandler.java,process,->,12acfc45-bdfb-4343-9004-9be15dfd844c,java/io/PrintStream.java,println
12acfc45-bdfb-4343-9004-9be15dfd844c,server/model/players/PlayerHandler.java,process,->,12acfc45-bdfb-4343-9004-9be15dfd844c,java/lang/StringBuilder.java,append
12acfc45-bdfb-4343-9004-9be15dfd844c,server/model/players/PlayerHandler.java,process,->,12acfc45-bdfb-4343-9004-9be15dfd844c,java/lang/StringBuilder.java,append
12acfc45-bdfb-4343-9004-9be15dfd844c,server/model/players/PlayerHandler.java,process,->,12acfc45-bdfb-4343-9004-9be15dfd844c,java/lang/StringBuilder.java,toString
12acfc45-bdfb-4343-9004-9be15dfd844c,server/model/players/PlayerHandler.java,process,->,12acfc45-bdfb-4343-9004-9be15dfd844c,java/io/PrintStream.java,println
12acfc45-bdfb-4343-9004-9be15dfd844c,server/model/players/PlayerHandler.java,process,->,12acfc45-bdfb-4343-9004-9be15dfd844c,server/model/players/PlayerHandler.java,removePlayer
12acfc45-bdfb-4343-9004-9be15dfd844c,server/model/players/PlayerHandler.java,process,->,12acfc45-bdfb-4343-9004-9be15dfd844c,server/model/players/Player.java,preProcessing
12acfc45-bdfb-4343-9004-9be15dfd844c,server/model/players/PlayerHandler.java,process,->,12acfc45-bdfb-4343-9004-9be15dfd844c,server/model/players/Player.java,processQueuedPackets
12acfc45-bdfb-4343-9004-9be15dfd844c,server/model/players/PlayerHandler.java,process,->,12acfc45-bdfb-4343-9004-9be15dfd844c,server/model/players/Player.java,process
12acfc45-bdfb-4343-9004-9be15dfd844c,server/model/players/PlayerHandler.java,process,->,12acfc45-bdfb-4343-9004-9be15dfd844c,server/model/players/Player.java,postProcessing
12acfc45-bdfb-4343-9004-9be15dfd844c,server/model/players/PlayerHandler.java,process,->,12acfc45-bdfb-4343-9004-9be15dfd844c,server/model/players/Player.java,getNextPlayerMovement
12acfc45-bdfb-4343-9004-9be15dfd844c,server/model/players/PlayerHandler.java,process,->,12acfc45-bdfb-4343-9004-9be15dfd844c,java/lang/Exception.java,printStackTrace
12acfc45-bdfb-4343-9004-9be15dfd844c,server/model/players/PlayerHandler.java,process,->,12acfc45-bdfb-4343-9004-9be15dfd844c,server/model/players/Player.java,update
12acfc45-bdfb-4343-9004-9be15dfd844c,server/model/players/PlayerHandler.java,process,->,12acfc45-bdfb-4343-9004-9be15dfd844c,java/lang/Exception.java,printStackTrace
12acfc45-bdfb-4343-9004-9be15dfd844c,server/model/players/PlayerHandler.java,process,->,12acfc45-bdfb-4343-9004-9be15dfd844c,server/model/players/Player.java,clearUpdateFlags
12acfc45-bdfb-4343-9004-9be15dfd844c,server/model/players/PlayerHandler.java,process,->,12acfc45-bdfb-4343-9004-9be15dfd844c,java/lang/Exception.java,printStackTrace
12acfc45-bdfb-4343-9004-9be15dfd844c,server/model/players/PlayerHandler.java,process,->,12acfc45-bdfb-4343-9004-9be15dfd844c,java/lang/System.java,currentTimeMillis
12acfc45-bdfb-4343-9004-9be15dfd844c,server/model/players/PlayerHandler.java,updateNPC,->,12acfc45-bdfb-4343-9004-9be15dfd844c,server/util/Stream.java,createFrameVarSizeWord
12acfc45-bdfb-4343-9004-9be15dfd844c,server/model/players/PlayerHandler.java,updateNPC,->,12acfc45-bdfb-4343-9004-9be15dfd844c,server/util/Stream.java,initBitAccess
12acfc45-bdfb-4343-9004-9be15dfd844c,server/model/players/PlayerHandler.java,updateNPC,->,12acfc45-bdfb-4343-9004-9be15dfd844c,server/util/Stream.java,writeBits
12acfc45-bdfb-4343-9004-9be15dfd844c,server/model/players/PlayerHandler.java,updateNPC,->,12acfc45-bdfb-4343-9004-9be15dfd844c,server/model/players/Player.java,withinDistance
12acfc45-bdfb-4343-9004-9be15dfd844c,server/model/players/PlayerHandler.java,updateNPC,->,12acfc45-bdfb-4343-9004-9be15dfd844c,5849ef3e-9280-4348-a3c8-451a741eecc1,99d810d3-3758-41a7-88bc-a516ed231eb8
12acfc45-bdfb-4343-9004-9be15dfd844c,server/model/players/PlayerHandler.java,updateNPC,->,12acfc45-bdfb-4343-9004-9be15dfd844c,5849ef3e-9280-4348-a3c8-451a741eecc1,c5ac402c-094e-46db-aca9-213d996bf308
12acfc45-bdfb-4343-9004-9be15dfd844c,server/model/players/PlayerHandler.java,updateNPC,->,12acfc45-bdfb-4343-9004-9be15dfd844c,server/util/Stream.java,writeBits
12acfc45-bdfb-4343-9004-9be15dfd844c,server/model/players/PlayerHandler.java,updateNPC,->,12acfc45-bdfb-4343-9004-9be15dfd844c,server/util/Stream.java,writeBits
12acfc45-bdfb-4343-9004-9be15dfd844c,server/model/players/PlayerHandler.java,updateNPC,->,12acfc45-bdfb-4343-9004-9be15dfd844c,server/model/players/Player.java,withinDistance
12acfc45-bdfb-4343-9004-9be15dfd844c,server/model/players/PlayerHandler.java,updateNPC,->,12acfc45-bdfb-4343-9004-9be15dfd844c,server/model/players/Player.java,addNewNPC
12acfc45-bdfb-4343-9004-9be15dfd844c,server/model/players/PlayerHandler.java,updateNPC,->,12acfc45-bdfb-4343-9004-9be15dfd844c,server/util/Stream.java,writeBits
12acfc45-bdfb-4343-9004-9be15dfd844c,server/model/players/PlayerHandler.java,updateNPC,->,12acfc45-bdfb-4343-9004-9be15dfd844c,server/util/Stream.java,finishBitAccess
12acfc45-bdfb-4343-9004-9be15dfd844c,server/model/players/PlayerHandler.java,updateNPC,->,12acfc45-bdfb-4343-9004-9be15dfd844c,server/util/Stream.java,writeBytes
12acfc45-bdfb-4343-9004-9be15dfd844c,server/model/players/PlayerHandler.java,updateNPC,->,12acfc45-bdfb-4343-9004-9be15dfd844c,server/util/Stream.java,finishBitAccess
12acfc45-bdfb-4343-9004-9be15dfd844c,server/model/players/PlayerHandler.java,updateNPC,->,12acfc45-bdfb-4343-9004-9be15dfd844c,server/util/Stream.java,endFrameVarSizeWord
12acfc45-bdfb-4343-9004-9be15dfd844c,server/model/players/PlayerHandler.java,updatePlayer,->,12acfc45-bdfb-4343-9004-9be15dfd844c,server/util/Stream.java,createFrame
12acfc45-bdfb-4343-9004-9be15dfd844c,server/model/players/PlayerHandler.java,updatePlayer,->,12acfc45-bdfb-4343-9004-9be15dfd844c,server/util/Stream.java,writeWordBigEndian
12acfc45-bdfb-4343-9004-9be15dfd844c,server/model/players/PlayerHandler.java,updatePlayer,->,12acfc45-bdfb-4343-9004-9be15dfd844c,server/model/players/Player.java,updateThisPlayerMovement
12acfc45-bdfb-4343-9004-9be15dfd844c,server/model/players/PlayerHandler.java,updatePlayer,->,12acfc45-bdfb-4343-9004-9be15dfd844c,server/model/players/Player.java,isChatTextUpdateRequired
12acfc45-bdfb-4343-9004-9be15dfd844c,server/model/players/PlayerHandler.java,updatePlayer,->,12acfc45-bdfb-4343-9004-9be15dfd844c,server/model/players/Player.java,setChatTextUpdateRequired
12acfc45-bdfb-4343-9004-9be15dfd844c,server/model/players/PlayerHandler.java,updatePlayer,->,12acfc45-bdfb-4343-9004-9be15dfd844c,server/model/players/Player.java,appendPlayerUpdateBlock
12acfc45-bdfb-4343-9004-9be15dfd844c,server/model/players/PlayerHandler.java,updatePlayer,->,12acfc45-bdfb-4343-9004-9be15dfd844c,server/model/players/Player.java,setChatTextUpdateRequired
12acfc45-bdfb-4343-9004-9be15dfd844c,server/model/players/PlayerHandler.java,updatePlayer,->,12acfc45-bdfb-4343-9004-9be15dfd844c,server/util/Stream.java,writeBits
12acfc45-bdfb-4343-9004-9be15dfd844c,server/model/players/PlayerHandler.java,updatePlayer,->,12acfc45-bdfb-4343-9004-9be15dfd844c,server/model/players/Player.java,withinDistance
12acfc45-bdfb-4343-9004-9be15dfd844c,server/model/players/PlayerHandler.java,updatePlayer,->,12acfc45-bdfb-4343-9004-9be15dfd844c,server/model/players/Player.java,updatePlayerMovement
12acfc45-bdfb-4343-9004-9be15dfd844c,server/model/players/PlayerHandler.java,updatePlayer,->,12acfc45-bdfb-4343-9004-9be15dfd844c,server/model/players/Player.java,appendPlayerUpdateBlock
12acfc45-bdfb-4343-9004-9be15dfd844c,server/model/players/PlayerHandler.java,updatePlayer,->,12acfc45-bdfb-4343-9004-9be15dfd844c,server/util/Stream.java,writeBits
12acfc45-bdfb-4343-9004-9be15dfd844c,server/model/players/PlayerHandler.java,updatePlayer,->,12acfc45-bdfb-4343-9004-9be15dfd844c,server/util/Stream.java,writeBits
12acfc45-bdfb-4343-9004-9be15dfd844c,server/model/players/PlayerHandler.java,updatePlayer,->,12acfc45-bdfb-4343-9004-9be15dfd844c,server/model/players/Player.java,withinDistance
12acfc45-bdfb-4343-9004-9be15dfd844c,server/model/players/PlayerHandler.java,updatePlayer,->,12acfc45-bdfb-4343-9004-9be15dfd844c,server/model/players/Player.java,addNewPlayer
12acfc45-bdfb-4343-9004-9be15dfd844c,server/model/players/PlayerHandler.java,updatePlayer,->,12acfc45-bdfb-4343-9004-9be15dfd844c,server/util/Stream.java,writeBits
12acfc45-bdfb-4343-9004-9be15dfd844c,server/model/players/PlayerHandler.java,updatePlayer,->,12acfc45-bdfb-4343-9004-9be15dfd844c,server/util/Stream.java,finishBitAccess
12acfc45-bdfb-4343-9004-9be15dfd844c,server/model/players/PlayerHandler.java,updatePlayer,->,12acfc45-bdfb-4343-9004-9be15dfd844c,server/util/Stream.java,writeBytes
12acfc45-bdfb-4343-9004-9be15dfd844c,server/model/players/PlayerHandler.java,updatePlayer,->,12acfc45-bdfb-4343-9004-9be15dfd844c,server/util/Stream.java,finishBitAccess
12acfc45-bdfb-4343-9004-9be15dfd844c,server/model/players/PlayerHandler.java,updatePlayer,->,12acfc45-bdfb-4343-9004-9be15dfd844c,server/util/Stream.java,endFrameVarSizeWord
12acfc45-bdfb-4343-9004-9be15dfd844c,server/model/players/PlayerHandler.java,removePlayer,->,12acfc45-bdfb-4343-9004-9be15dfd844c,server/model/players/Client.java,getPA
12acfc45-bdfb-4343-9004-9be15dfd844c,server/model/players/PlayerHandler.java,removePlayer,->,12acfc45-bdfb-4343-9004-9be15dfd844c,991eb2a8-284a-4290-ae08-f54cf8834706,b70ea1e8-2ab6-4258-9b34-5c4f886831a5
12acfc45-bdfb-4343-9004-9be15dfd844c,server/model/players/PlayerHandler.java,removePlayer,->,12acfc45-bdfb-4343-9004-9be15dfd844c,server/model/players/Player.java,destruct
12acfc45-bdfb-4343-9004-9be15dfd844c,server/model/players/MithrilSeeds$1.java,execute,->,12acfc45-bdfb-4343-9004-9be15dfd844c,server/world/ObjectHandler.java,createAnObject
12acfc45-bdfb-4343-9004-9be15dfd844c,server/model/players/MithrilSeeds$1.java,execute,->,12acfc45-bdfb-4343-9004-9be15dfd844c,6dd0c5db-72ba-4498-883f-a3c8c3333519,2c14e4eb-2b3e-4056-bf8e-5218f96f0ad5
12acfc45-bdfb-4343-9004-9be15dfd844c,eaec0489-38ab-4578-8bb1-fac4236d2c47,115850ae-2f69-4927-8743-c68a1820224b,->,12acfc45-bdfb-4343-9004-9be15dfd844c,20149d5f-7be9-4471-91fe-685916e9429e,066e8318-ed03-4058-9cde-1bac684024bc
12acfc45-bdfb-4343-9004-9be15dfd844c,eaec0489-38ab-4578-8bb1-fac4236d2c47,115850ae-2f69-4927-8743-c68a1820224b,->,12acfc45-bdfb-4343-9004-9be15dfd844c,java/lang/Exception.java,printStackTrace
12acfc45-bdfb-4343-9004-9be15dfd844c,eaec0489-38ab-4578-8bb1-fac4236d2c47,115850ae-2f69-4927-8743-c68a1820224b,->,12acfc45-bdfb-4343-9004-9be15dfd844c,java/lang/StringBuilder.java,append
12acfc45-bdfb-4343-9004-9be15dfd844c,eaec0489-38ab-4578-8bb1-fac4236d2c47,115850ae-2f69-4927-8743-c68a1820224b,->,12acfc45-bdfb-4343-9004-9be15dfd844c,java/lang/StringBuilder.java,append
12acfc45-bdfb-4343-9004-9be15dfd844c,eaec0489-38ab-4578-8bb1-fac4236d2c47,115850ae-2f69-4927-8743-c68a1820224b,->,12acfc45-bdfb-4343-9004-9be15dfd844c,java/lang/StringBuilder.java,append
12acfc45-bdfb-4343-9004-9be15dfd844c,eaec0489-38ab-4578-8bb1-fac4236d2c47,115850ae-2f69-4927-8743-c68a1820224b,->,12acfc45-bdfb-4343-9004-9be15dfd844c,java/lang/StringBuilder.java,append
12acfc45-bdfb-4343-9004-9be15dfd844c,eaec0489-38ab-4578-8bb1-fac4236d2c47,115850ae-2f69-4927-8743-c68a1820224b,->,12acfc45-bdfb-4343-9004-9be15dfd844c,java/lang/StringBuilder.java,toString
12acfc45-bdfb-4343-9004-9be15dfd844c,eaec0489-38ab-4578-8bb1-fac4236d2c47,115850ae-2f69-4927-8743-c68a1820224b,->,12acfc45-bdfb-4343-9004-9be15dfd844c,java/io/PrintStream.java,println
12acfc45-bdfb-4343-9004-9be15dfd844c,14203881-a564-4b2b-883f-05f6ba08720b,1182421c-0575-4d8f-9b0b-9fc46240a9c8,->,12acfc45-bdfb-4343-9004-9be15dfd844c,java/lang/Math.java,random
12acfc45-bdfb-4343-9004-9be15dfd844c,14203881-a564-4b2b-883f-05f6ba08720b,a450347d-06ce-4ff4-aa00-6b1d8fd94ec1,->,12acfc45-bdfb-4343-9004-9be15dfd844c,server/model/players/Client.java,getItems
12acfc45-bdfb-4343-9004-9be15dfd844c,14203881-a564-4b2b-883f-05f6ba08720b,a450347d-06ce-4ff4-aa00-6b1d8fd94ec1,->,12acfc45-bdfb-4343-9004-9be15dfd844c,server/model/items/ItemAssistant.java,playerHasItem
12acfc45-bdfb-4343-9004-9be15dfd844c,14203881-a564-4b2b-883f-05f6ba08720b,a450347d-06ce-4ff4-aa00-6b1d8fd94ec1,->,12acfc45-bdfb-4343-9004-9be15dfd844c,server/model/players/Client.java,getItems
12acfc45-bdfb-4343-9004-9be15dfd844c,14203881-a564-4b2b-883f-05f6ba08720b,a450347d-06ce-4ff4-aa00-6b1d8fd94ec1,->,12acfc45-bdfb-4343-9004-9be15dfd844c,server/model/items/ItemAssistant.java,deleteItem2
12acfc45-bdfb-4343-9004-9be15dfd844c,14203881-a564-4b2b-883f-05f6ba08720b,a450347d-06ce-4ff4-aa00-6b1d8fd94ec1,->,12acfc45-bdfb-4343-9004-9be15dfd844c,server/model/players/Client.java,getPA
12acfc45-bdfb-4343-9004-9be15dfd844c,14203881-a564-4b2b-883f-05f6ba08720b,a450347d-06ce-4ff4-aa00-6b1d8fd94ec1,->,12acfc45-bdfb-4343-9004-9be15dfd844c,991eb2a8-284a-4290-ae08-f54cf8834706,0955b7e8-1203-4e9d-8e85-6eeaf5af5ce5
12acfc45-bdfb-4343-9004-9be15dfd844c,14203881-a564-4b2b-883f-05f6ba08720b,a450347d-06ce-4ff4-aa00-6b1d8fd94ec1,->,12acfc45-bdfb-4343-9004-9be15dfd844c,server/model/players/Client.java,startAnimation
12acfc45-bdfb-4343-9004-9be15dfd844c,14203881-a564-4b2b-883f-05f6ba08720b,a450347d-06ce-4ff4-aa00-6b1d8fd94ec1,->,12acfc45-bdfb-4343-9004-9be15dfd844c,server/model/players/Client.java,randomFlower
12acfc45-bdfb-4343-9004-9be15dfd844c,14203881-a564-4b2b-883f-05f6ba08720b,a450347d-06ce-4ff4-aa00-6b1d8fd94ec1,->,12acfc45-bdfb-4343-9004-9be15dfd844c,server/world/ObjectHandler.java,createAnObject
12acfc45-bdfb-4343-9004-9be15dfd844c,14203881-a564-4b2b-883f-05f6ba08720b,a450347d-06ce-4ff4-aa00-6b1d8fd94ec1,->,12acfc45-bdfb-4343-9004-9be15dfd844c,server/model/players/Client.java,getDH
12acfc45-bdfb-4343-9004-9be15dfd844c,14203881-a564-4b2b-883f-05f6ba08720b,a450347d-06ce-4ff4-aa00-6b1d8fd94ec1,->,12acfc45-bdfb-4343-9004-9be15dfd844c,5419d182-c704-4099-be43-be6d27b13974,1ed32f44-0391-413d-9721-7a5bd2e25693
12acfc45-bdfb-4343-9004-9be15dfd844c,14203881-a564-4b2b-883f-05f6ba08720b,f819fd97-0385-4632-8680-a78cf019b280,->,12acfc45-bdfb-4343-9004-9be15dfd844c,server/world/ObjectHandler.java,createAnObject
12acfc45-bdfb-4343-9004-9be15dfd844c,14203881-a564-4b2b-883f-05f6ba08720b,f819fd97-0385-4632-8680-a78cf019b280,->,12acfc45-bdfb-4343-9004-9be15dfd844c,server/model/players/Client.java,randomFlower
12acfc45-bdfb-4343-9004-9be15dfd844c,14203881-a564-4b2b-883f-05f6ba08720b,f819fd97-0385-4632-8680-a78cf019b280,->,12acfc45-bdfb-4343-9004-9be15dfd844c,server/world/ObjectHandler.java,createAnObject
12acfc45-bdfb-4343-9004-9be15dfd844c,14203881-a564-4b2b-883f-05f6ba08720b,f819fd97-0385-4632-8680-a78cf019b280,->,12acfc45-bdfb-4343-9004-9be15dfd844c,server/model/players/Client.java,getX
12acfc45-bdfb-4343-9004-9be15dfd844c,14203881-a564-4b2b-883f-05f6ba08720b,f819fd97-0385-4632-8680-a78cf019b280,->,12acfc45-bdfb-4343-9004-9be15dfd844c,server/model/players/Client.java,getY
12acfc45-bdfb-4343-9004-9be15dfd844c,14203881-a564-4b2b-883f-05f6ba08720b,f819fd97-0385-4632-8680-a78cf019b280,->,12acfc45-bdfb-4343-9004-9be15dfd844c,17f46bba-a2e0-4476-b0d2-93ed7a181ff6,fd0a2178-fa44-492d-be09-ca096f8e4be1
12acfc45-bdfb-4343-9004-9be15dfd844c,14203881-a564-4b2b-883f-05f6ba08720b,f819fd97-0385-4632-8680-a78cf019b280,->,12acfc45-bdfb-4343-9004-9be15dfd844c,server/model/players/Client.java,getPA
12acfc45-bdfb-4343-9004-9be15dfd844c,14203881-a564-4b2b-883f-05f6ba08720b,f819fd97-0385-4632-8680-a78cf019b280,->,12acfc45-bdfb-4343-9004-9be15dfd844c,991eb2a8-284a-4290-ae08-f54cf8834706,387ef356-3543-428b-bef1-b07e93485a0d
12acfc45-bdfb-4343-9004-9be15dfd844c,14203881-a564-4b2b-883f-05f6ba08720b,f819fd97-0385-4632-8680-a78cf019b280,->,12acfc45-bdfb-4343-9004-9be15dfd844c,server/model/players/Client.java,getX
12acfc45-bdfb-4343-9004-9be15dfd844c,14203881-a564-4b2b-883f-05f6ba08720b,f819fd97-0385-4632-8680-a78cf019b280,->,12acfc45-bdfb-4343-9004-9be15dfd844c,server/model/players/Client.java,getY
12acfc45-bdfb-4343-9004-9be15dfd844c,14203881-a564-4b2b-883f-05f6ba08720b,f819fd97-0385-4632-8680-a78cf019b280,->,12acfc45-bdfb-4343-9004-9be15dfd844c,17f46bba-a2e0-4476-b0d2-93ed7a181ff6,fd0a2178-fa44-492d-be09-ca096f8e4be1
12acfc45-bdfb-4343-9004-9be15dfd844c,14203881-a564-4b2b-883f-05f6ba08720b,f819fd97-0385-4632-8680-a78cf019b280,->,12acfc45-bdfb-4343-9004-9be15dfd844c,server/model/players/Client.java,getPA
12acfc45-bdfb-4343-9004-9be15dfd844c,14203881-a564-4b2b-883f-05f6ba08720b,f819fd97-0385-4632-8680-a78cf019b280,->,12acfc45-bdfb-4343-9004-9be15dfd844c,991eb2a8-284a-4290-ae08-f54cf8834706,387ef356-3543-428b-bef1-b07e93485a0d
12acfc45-bdfb-4343-9004-9be15dfd844c,14203881-a564-4b2b-883f-05f6ba08720b,f819fd97-0385-4632-8680-a78cf019b280,->,12acfc45-bdfb-4343-9004-9be15dfd844c,server/model/players/Client.java,getX
12acfc45-bdfb-4343-9004-9be15dfd844c,14203881-a564-4b2b-883f-05f6ba08720b,f819fd97-0385-4632-8680-a78cf019b280,->,12acfc45-bdfb-4343-9004-9be15dfd844c,server/model/players/Client.java,getY
12acfc45-bdfb-4343-9004-9be15dfd844c,14203881-a564-4b2b-883f-05f6ba08720b,f819fd97-0385-4632-8680-a78cf019b280,->,12acfc45-bdfb-4343-9004-9be15dfd844c,17f46bba-a2e0-4476-b0d2-93ed7a181ff6,fd0a2178-fa44-492d-be09-ca096f8e4be1
12acfc45-bdfb-4343-9004-9be15dfd844c,14203881-a564-4b2b-883f-05f6ba08720b,f819fd97-0385-4632-8680-a78cf019b280,->,12acfc45-bdfb-4343-9004-9be15dfd844c,server/model/players/Client.java,getPA
12acfc45-bdfb-4343-9004-9be15dfd844c,14203881-a564-4b2b-883f-05f6ba08720b,f819fd97-0385-4632-8680-a78cf019b280,->,12acfc45-bdfb-4343-9004-9be15dfd844c,991eb2a8-284a-4290-ae08-f54cf8834706,387ef356-3543-428b-bef1-b07e93485a0d
12acfc45-bdfb-4343-9004-9be15dfd844c,14203881-a564-4b2b-883f-05f6ba08720b,f819fd97-0385-4632-8680-a78cf019b280,->,12acfc45-bdfb-4343-9004-9be15dfd844c,server/model/players/Client.java,getX
12acfc45-bdfb-4343-9004-9be15dfd844c,14203881-a564-4b2b-883f-05f6ba08720b,f819fd97-0385-4632-8680-a78cf019b280,->,12acfc45-bdfb-4343-9004-9be15dfd844c,server/model/players/Client.java,getY
12acfc45-bdfb-4343-9004-9be15dfd844c,14203881-a564-4b2b-883f-05f6ba08720b,f819fd97-0385-4632-8680-a78cf019b280,->,12acfc45-bdfb-4343-9004-9be15dfd844c,17f46bba-a2e0-4476-b0d2-93ed7a181ff6,fd0a2178-fa44-492d-be09-ca096f8e4be1
12acfc45-bdfb-4343-9004-9be15dfd844c,14203881-a564-4b2b-883f-05f6ba08720b,f819fd97-0385-4632-8680-a78cf019b280,->,12acfc45-bdfb-4343-9004-9be15dfd844c,server/model/players/Client.java,getPA
12acfc45-bdfb-4343-9004-9be15dfd844c,14203881-a564-4b2b-883f-05f6ba08720b,f819fd97-0385-4632-8680-a78cf019b280,->,12acfc45-bdfb-4343-9004-9be15dfd844c,991eb2a8-284a-4290-ae08-f54cf8834706,387ef356-3543-428b-bef1-b07e93485a0d
12acfc45-bdfb-4343-9004-9be15dfd844c,14203881-a564-4b2b-883f-05f6ba08720b,f819fd97-0385-4632-8680-a78cf019b280,->,12acfc45-bdfb-4343-9004-9be15dfd844c,server/model/players/Client.java,turnPlayerTo
12acfc45-bdfb-4343-9004-9be15dfd844c,14203881-a564-4b2b-883f-05f6ba08720b,f819fd97-0385-4632-8680-a78cf019b280,->,12acfc45-bdfb-4343-9004-9be15dfd844c,server/model/players/Client.java,sendMessage
12acfc45-bdfb-4343-9004-9be15dfd844c,14203881-a564-4b2b-883f-05f6ba08720b,f819fd97-0385-4632-8680-a78cf019b280,->,12acfc45-bdfb-4343-9004-9be15dfd844c,3ab0cc49-78c3-45ed-a03a-f251199dfbb9,3d27faf4-0319-4d3d-b558-10d40da17fd8
12acfc45-bdfb-4343-9004-9be15dfd844c,14203881-a564-4b2b-883f-05f6ba08720b,f819fd97-0385-4632-8680-a78cf019b280,->,12acfc45-bdfb-4343-9004-9be15dfd844c,3ab0cc49-78c3-45ed-a03a-f251199dfbb9,d719c34b-e0d2-473f-8e9a-936cfc6b4522
12acfc45-bdfb-4343-9004-9be15dfd844c,14203881-a564-4b2b-883f-05f6ba08720b,7517a8fc-d089-4fff-8f69-f502a6429ae9,->,12acfc45-bdfb-4343-9004-9be15dfd844c,server/world/ObjectHandler.java,createAnObject
12acfc45-bdfb-4343-9004-9be15dfd844c,14203881-a564-4b2b-883f-05f6ba08720b,7517a8fc-d089-4fff-8f69-f502a6429ae9,->,12acfc45-bdfb-4343-9004-9be15dfd844c,server/model/players/Client.java,getItems
12acfc45-bdfb-4343-9004-9be15dfd844c,14203881-a564-4b2b-883f-05f6ba08720b,7517a8fc-d089-4fff-8f69-f502a6429ae9,->,12acfc45-bdfb-4343-9004-9be15dfd844c,14203881-a564-4b2b-883f-05f6ba08720b,1182421c-0575-4d8f-9b0b-9fc46240a9c8
12acfc45-bdfb-4343-9004-9be15dfd844c,14203881-a564-4b2b-883f-05f6ba08720b,7517a8fc-d089-4fff-8f69-f502a6429ae9,->,12acfc45-bdfb-4343-9004-9be15dfd844c,server/model/items/ItemAssistant.java,addItem
12acfc45-bdfb-4343-9004-9be15dfd844c,server/model/players/PlayerAssistant$1.java,execute,->,12acfc45-bdfb-4343-9004-9be15dfd844c,server/model/players/Client.java,getCombat
12acfc45-bdfb-4343-9004-9be15dfd844c,server/model/players/PlayerAssistant$1.java,execute,->,12acfc45-bdfb-4343-9004-9be15dfd844c,server/model/players/CombatAssistant.java,applyNpcMeleeDamage
12acfc45-bdfb-4343-9004-9be15dfd844c,server/model/players/PlayerAssistant$1.java,execute,->,12acfc45-bdfb-4343-9004-9be15dfd844c,server/model/players/Client.java,getCombat
12acfc45-bdfb-4343-9004-9be15dfd844c,server/model/players/PlayerAssistant$1.java,execute,->,12acfc45-bdfb-4343-9004-9be15dfd844c,server/model/players/CombatAssistant.java,applyNpcMeleeDamage
12acfc45-bdfb-4343-9004-9be15dfd844c,server/model/players/PlayerAssistant$1.java,execute,->,12acfc45-bdfb-4343-9004-9be15dfd844c,server/model/players/Client.java,getCombat
12acfc45-bdfb-4343-9004-9be15dfd844c,server/model/players/PlayerAssistant$1.java,execute,->,12acfc45-bdfb-4343-9004-9be15dfd844c,server/model/players/CombatAssistant.java,applyPlayerMeleeDamage
12acfc45-bdfb-4343-9004-9be15dfd844c,server/model/players/PlayerAssistant$1.java,execute,->,12acfc45-bdfb-4343-9004-9be15dfd844c,server/model/players/Client.java,getCombat
12acfc45-bdfb-4343-9004-9be15dfd844c,server/model/players/PlayerAssistant$1.java,execute,->,12acfc45-bdfb-4343-9004-9be15dfd844c,server/model/players/CombatAssistant.java,applyPlayerMeleeDamage
12acfc45-bdfb-4343-9004-9be15dfd844c,server/model/players/PlayerAssistant$1.java,execute,->,12acfc45-bdfb-4343-9004-9be15dfd844c,991eb2a8-284a-4290-ae08-f54cf8834706,e439c16d-760b-4ef6-82af-a511d9dcac10
12acfc45-bdfb-4343-9004-9be15dfd844c,server/model/players/PlayerAssistant$1.java,execute,->,12acfc45-bdfb-4343-9004-9be15dfd844c,6dd0c5db-72ba-4498-883f-a3c8c3333519,2c14e4eb-2b3e-4056-bf8e-5218f96f0ad5
12acfc45-bdfb-4343-9004-9be15dfd844c,server/model/players/Food.java,eat,->,12acfc45-bdfb-4343-9004-9be15dfd844c,server/model/players/Client.java,sendMessage
12acfc45-bdfb-4343-9004-9be15dfd844c,server/model/players/Food.java,eat,->,12acfc45-bdfb-4343-9004-9be15dfd844c,java/lang/System.java,currentTimeMillis
12acfc45-bdfb-4343-9004-9be15dfd844c,server/model/players/Food.java,eat,->,12acfc45-bdfb-4343-9004-9be15dfd844c,server/model/players/Client.java,getCombat
12acfc45-bdfb-4343-9004-9be15dfd844c,server/model/players/Food.java,eat,->,12acfc45-bdfb-4343-9004-9be15dfd844c,server/model/players/CombatAssistant.java,resetPlayerAttack
12acfc45-bdfb-4343-9004-9be15dfd844c,server/model/players/Food.java,eat,->,12acfc45-bdfb-4343-9004-9be15dfd844c,server/model/players/Client.java,startAnimation
12acfc45-bdfb-4343-9004-9be15dfd844c,server/model/players/Food.java,eat,->,12acfc45-bdfb-4343-9004-9be15dfd844c,server/model/players/Client.java,getItems
12acfc45-bdfb-4343-9004-9be15dfd844c,server/model/players/Food.java,eat,->,12acfc45-bdfb-4343-9004-9be15dfd844c,server/model/items/ItemAssistant.java,deleteItem
12acfc45-bdfb-4343-9004-9be15dfd844c,server/model/players/Food.java,eat,->,12acfc45-bdfb-4343-9004-9be15dfd844c,java/lang/Integer.java,valueOf
12acfc45-bdfb-4343-9004-9be15dfd844c,server/model/players/Food.java,eat,->,12acfc45-bdfb-4343-9004-9be15dfd844c,java/util/HashMap.java,get
12acfc45-bdfb-4343-9004-9be15dfd844c,server/model/players/Food.java,eat,->,12acfc45-bdfb-4343-9004-9be15dfd844c,server/model/players/Client.java,getLevelForXP
12acfc45-bdfb-4343-9004-9be15dfd844c,server/model/players/Food.java,eat,->,12acfc45-bdfb-4343-9004-9be15dfd844c,server/model/players/Food$FoodToEat.java,getHeal
12acfc45-bdfb-4343-9004-9be15dfd844c,server/model/players/Food.java,eat,->,12acfc45-bdfb-4343-9004-9be15dfd844c,server/model/players/Client.java,getLevelForXP
12acfc45-bdfb-4343-9004-9be15dfd844c,server/model/players/Food.java,eat,->,12acfc45-bdfb-4343-9004-9be15dfd844c,server/model/players/Client.java,getLevelForXP
12acfc45-bdfb-4343-9004-9be15dfd844c,server/model/players/Food.java,eat,->,12acfc45-bdfb-4343-9004-9be15dfd844c,java/lang/System.java,currentTimeMillis
12acfc45-bdfb-4343-9004-9be15dfd844c,server/model/players/Food.java,eat,->,12acfc45-bdfb-4343-9004-9be15dfd844c,server/model/players/Client.java,getPA
12acfc45-bdfb-4343-9004-9be15dfd844c,server/model/players/Food.java,eat,->,12acfc45-bdfb-4343-9004-9be15dfd844c,991eb2a8-284a-4290-ae08-f54cf8834706,cc581d00-f04e-4278-8aaf-0ecbd93e9b04
12acfc45-bdfb-4343-9004-9be15dfd844c,server/model/players/Food.java,eat,->,12acfc45-bdfb-4343-9004-9be15dfd844c,java/lang/StringBuilder.java,append
12acfc45-bdfb-4343-9004-9be15dfd844c,server/model/players/Food.java,eat,->,12acfc45-bdfb-4343-9004-9be15dfd844c,server/model/players/Food$FoodToEat.java,getName
12acfc45-bdfb-4343-9004-9be15dfd844c,server/model/players/Food.java,eat,->,12acfc45-bdfb-4343-9004-9be15dfd844c,java/lang/StringBuilder.java,append
12acfc45-bdfb-4343-9004-9be15dfd844c,server/model/players/Food.java,eat,->,12acfc45-bdfb-4343-9004-9be15dfd844c,java/lang/StringBuilder.java,append
12acfc45-bdfb-4343-9004-9be15dfd844c,server/model/players/Food.java,eat,->,12acfc45-bdfb-4343-9004-9be15dfd844c,java/lang/StringBuilder.java,toString
12acfc45-bdfb-4343-9004-9be15dfd844c,server/model/players/Food.java,eat,->,12acfc45-bdfb-4343-9004-9be15dfd844c,server/model/players/Client.java,sendMessage
12acfc45-bdfb-4343-9004-9be15dfd844c,server/model/players/Food.java,isFood,->,12acfc45-bdfb-4343-9004-9be15dfd844c,java/lang/Integer.java,valueOf
12acfc45-bdfb-4343-9004-9be15dfd844c,server/model/players/Food.java,isFood,->,12acfc45-bdfb-4343-9004-9be15dfd844c,java/util/HashMap.java,containsKey
12acfc45-bdfb-4343-9004-9be15dfd844c,29fee235-4a30-41e0-b87a-594f4cfdd9e1,b89b3015-3aa8-4f66-9fbb-1575689237ec,->,12acfc45-bdfb-4343-9004-9be15dfd844c,server/model/players/Client.java,getItems
12acfc45-bdfb-4343-9004-9be15dfd844c,29fee235-4a30-41e0-b87a-594f4cfdd9e1,b89b3015-3aa8-4f66-9fbb-1575689237ec,->,12acfc45-bdfb-4343-9004-9be15dfd844c,server/model/items/ItemAssistant.java,getItemName
12acfc45-bdfb-4343-9004-9be15dfd844c,29fee235-4a30-41e0-b87a-594f4cfdd9e1,b89b3015-3aa8-4f66-9fbb-1575689237ec,->,12acfc45-bdfb-4343-9004-9be15dfd844c,server/model/players/Client.java,getItems
12acfc45-bdfb-4343-9004-9be15dfd844c,29fee235-4a30-41e0-b87a-594f4cfdd9e1,b89b3015-3aa8-4f66-9fbb-1575689237ec,->,12acfc45-bdfb-4343-9004-9be15dfd844c,server/model/items/ItemAssistant.java,getItemName
12acfc45-bdfb-4343-9004-9be15dfd844c,29fee235-4a30-41e0-b87a-594f4cfdd9e1,b89b3015-3aa8-4f66-9fbb-1575689237ec,->,12acfc45-bdfb-4343-9004-9be15dfd844c,java/lang/String.java,indexOf
12acfc45-bdfb-4343-9004-9be15dfd844c,29fee235-4a30-41e0-b87a-594f4cfdd9e1,b89b3015-3aa8-4f66-9fbb-1575689237ec,->,12acfc45-bdfb-4343-9004-9be15dfd844c,java/lang/String.java,substring
12acfc45-bdfb-4343-9004-9be15dfd844c,29fee235-4a30-41e0-b87a-594f4cfdd9e1,b89b3015-3aa8-4f66-9fbb-1575689237ec,->,12acfc45-bdfb-4343-9004-9be15dfd844c,java/lang/String.java,indexOf
12acfc45-bdfb-4343-9004-9be15dfd844c,29fee235-4a30-41e0-b87a-594f4cfdd9e1,b89b3015-3aa8-4f66-9fbb-1575689237ec,->,12acfc45-bdfb-4343-9004-9be15dfd844c,java/lang/String.java,substring
12acfc45-bdfb-4343-9004-9be15dfd844c,29fee235-4a30-41e0-b87a-594f4cfdd9e1,b89b3015-3aa8-4f66-9fbb-1575689237ec,->,12acfc45-bdfb-4343-9004-9be15dfd844c,java/lang/String.java,equalsIgnoreCase
12acfc45-bdfb-4343-9004-9be15dfd844c,29fee235-4a30-41e0-b87a-594f4cfdd9e1,b89b3015-3aa8-4f66-9fbb-1575689237ec,->,12acfc45-bdfb-4343-9004-9be15dfd844c,java/lang/String.java,indexOf
12acfc45-bdfb-4343-9004-9be15dfd844c,29fee235-4a30-41e0-b87a-594f4cfdd9e1,b89b3015-3aa8-4f66-9fbb-1575689237ec,->,12acfc45-bdfb-4343-9004-9be15dfd844c,java/lang/String.java,indexOf
12acfc45-bdfb-4343-9004-9be15dfd844c,29fee235-4a30-41e0-b87a-594f4cfdd9e1,b89b3015-3aa8-4f66-9fbb-1575689237ec,->,12acfc45-bdfb-4343-9004-9be15dfd844c,java/lang/String.java,substring
12acfc45-bdfb-4343-9004-9be15dfd844c,29fee235-4a30-41e0-b87a-594f4cfdd9e1,b89b3015-3aa8-4f66-9fbb-1575689237ec,->,12acfc45-bdfb-4343-9004-9be15dfd844c,java/lang/Integer.java,parseInt
12acfc45-bdfb-4343-9004-9be15dfd844c,29fee235-4a30-41e0-b87a-594f4cfdd9e1,b89b3015-3aa8-4f66-9fbb-1575689237ec,->,12acfc45-bdfb-4343-9004-9be15dfd844c,java/lang/String.java,indexOf
12acfc45-bdfb-4343-9004-9be15dfd844c,29fee235-4a30-41e0-b87a-594f4cfdd9e1,b89b3015-3aa8-4f66-9fbb-1575689237ec,->,12acfc45-bdfb-4343-9004-9be15dfd844c,java/lang/String.java,indexOf
12acfc45-bdfb-4343-9004-9be15dfd844c,29fee235-4a30-41e0-b87a-594f4cfdd9e1,b89b3015-3aa8-4f66-9fbb-1575689237ec,->,12acfc45-bdfb-4343-9004-9be15dfd844c,java/lang/String.java,substring
12acfc45-bdfb-4343-9004-9be15dfd844c,29fee235-4a30-41e0-b87a-594f4cfdd9e1,b89b3015-3aa8-4f66-9fbb-1575689237ec,->,12acfc45-bdfb-4343-9004-9be15dfd844c,java/lang/Integer.java,parseInt
12acfc45-bdfb-4343-9004-9be15dfd844c,29fee235-4a30-41e0-b87a-594f4cfdd9e1,b89b3015-3aa8-4f66-9fbb-1575689237ec,->,12acfc45-bdfb-4343-9004-9be15dfd844c,java/lang/String.java,indexOf
12acfc45-bdfb-4343-9004-9be15dfd844c,29fee235-4a30-41e0-b87a-594f4cfdd9e1,b89b3015-3aa8-4f66-9fbb-1575689237ec,->,12acfc45-bdfb-4343-9004-9be15dfd844c,java/lang/String.java,substring
12acfc45-bdfb-4343-9004-9be15dfd844c,29fee235-4a30-41e0-b87a-594f4cfdd9e1,b89b3015-3aa8-4f66-9fbb-1575689237ec,->,12acfc45-bdfb-4343-9004-9be15dfd844c,java/lang/StringBuilder.java,append
12acfc45-bdfb-4343-9004-9be15dfd844c,29fee235-4a30-41e0-b87a-594f4cfdd9e1,b89b3015-3aa8-4f66-9fbb-1575689237ec,->,12acfc45-bdfb-4343-9004-9be15dfd844c,java/lang/StringBuilder.java,append
12acfc45-bdfb-4343-9004-9be15dfd844c,29fee235-4a30-41e0-b87a-594f4cfdd9e1,b89b3015-3aa8-4f66-9fbb-1575689237ec,->,12acfc45-bdfb-4343-9004-9be15dfd844c,java/lang/StringBuilder.java,append
12acfc45-bdfb-4343-9004-9be15dfd844c,29fee235-4a30-41e0-b87a-594f4cfdd9e1,b89b3015-3aa8-4f66-9fbb-1575689237ec,->,12acfc45-bdfb-4343-9004-9be15dfd844c,java/lang/StringBuilder.java,toString
12acfc45-bdfb-4343-9004-9be15dfd844c,29fee235-4a30-41e0-b87a-594f4cfdd9e1,b89b3015-3aa8-4f66-9fbb-1575689237ec,->,12acfc45-bdfb-4343-9004-9be15dfd844c,java/lang/String.java,indexOf
12acfc45-bdfb-4343-9004-9be15dfd844c,29fee235-4a30-41e0-b87a-594f4cfdd9e1,b89b3015-3aa8-4f66-9fbb-1575689237ec,->,12acfc45-bdfb-4343-9004-9be15dfd844c,java/lang/String.java,substring
12acfc45-bdfb-4343-9004-9be15dfd844c,29fee235-4a30-41e0-b87a-594f4cfdd9e1,b89b3015-3aa8-4f66-9fbb-1575689237ec,->,12acfc45-bdfb-4343-9004-9be15dfd844c,java/lang/StringBuilder.java,append
12acfc45-bdfb-4343-9004-9be15dfd844c,29fee235-4a30-41e0-b87a-594f4cfdd9e1,b89b3015-3aa8-4f66-9fbb-1575689237ec,->,12acfc45-bdfb-4343-9004-9be15dfd844c,java/lang/StringBuilder.java,append
12acfc45-bdfb-4343-9004-9be15dfd844c,29fee235-4a30-41e0-b87a-594f4cfdd9e1,b89b3015-3aa8-4f66-9fbb-1575689237ec,->,12acfc45-bdfb-4343-9004-9be15dfd844c,java/lang/StringBuilder.java,append
12acfc45-bdfb-4343-9004-9be15dfd844c,29fee235-4a30-41e0-b87a-594f4cfdd9e1,b89b3015-3aa8-4f66-9fbb-1575689237ec,->,12acfc45-bdfb-4343-9004-9be15dfd844c,java/lang/StringBuilder.java,toString
12acfc45-bdfb-4343-9004-9be15dfd844c,29fee235-4a30-41e0-b87a-594f4cfdd9e1,b89b3015-3aa8-4f66-9fbb-1575689237ec,->,12acfc45-bdfb-4343-9004-9be15dfd844c,server/model/players/Client.java,getItems
12acfc45-bdfb-4343-9004-9be15dfd844c,29fee235-4a30-41e0-b87a-594f4cfdd9e1,b89b3015-3aa8-4f66-9fbb-1575689237ec,->,12acfc45-bdfb-4343-9004-9be15dfd844c,server/model/players/Client.java,getItems
12acfc45-bdfb-4343-9004-9be15dfd844c,29fee235-4a30-41e0-b87a-594f4cfdd9e1,b89b3015-3aa8-4f66-9fbb-1575689237ec,->,12acfc45-bdfb-4343-9004-9be15dfd844c,server/model/items/ItemAssistant.java,getItemSlot
12acfc45-bdfb-4343-9004-9be15dfd844c,29fee235-4a30-41e0-b87a-594f4cfdd9e1,b89b3015-3aa8-4f66-9fbb-1575689237ec,->,12acfc45-bdfb-4343-9004-9be15dfd844c,server/model/items/ItemAssistant.java,deleteItem
12acfc45-bdfb-4343-9004-9be15dfd844c,29fee235-4a30-41e0-b87a-594f4cfdd9e1,b89b3015-3aa8-4f66-9fbb-1575689237ec,->,12acfc45-bdfb-4343-9004-9be15dfd844c,server/model/players/Client.java,getItems
12acfc45-bdfb-4343-9004-9be15dfd844c,29fee235-4a30-41e0-b87a-594f4cfdd9e1,b89b3015-3aa8-4f66-9fbb-1575689237ec,->,12acfc45-bdfb-4343-9004-9be15dfd844c,server/model/players/Client.java,getItems
12acfc45-bdfb-4343-9004-9be15dfd844c,29fee235-4a30-41e0-b87a-594f4cfdd9e1,b89b3015-3aa8-4f66-9fbb-1575689237ec,->,12acfc45-bdfb-4343-9004-9be15dfd844c,server/model/items/ItemAssistant.java,getItemSlot
12acfc45-bdfb-4343-9004-9be15dfd844c,29fee235-4a30-41e0-b87a-594f4cfdd9e1,b89b3015-3aa8-4f66-9fbb-1575689237ec,->,12acfc45-bdfb-4343-9004-9be15dfd844c,server/model/items/ItemAssistant.java,deleteItem
12acfc45-bdfb-4343-9004-9be15dfd844c,29fee235-4a30-41e0-b87a-594f4cfdd9e1,b89b3015-3aa8-4f66-9fbb-1575689237ec,->,12acfc45-bdfb-4343-9004-9be15dfd844c,server/model/players/Client.java,getItems
12acfc45-bdfb-4343-9004-9be15dfd844c,29fee235-4a30-41e0-b87a-594f4cfdd9e1,b89b3015-3aa8-4f66-9fbb-1575689237ec,->,12acfc45-bdfb-4343-9004-9be15dfd844c,server/model/players/Client.java,getItems
12acfc45-bdfb-4343-9004-9be15dfd844c,29fee235-4a30-41e0-b87a-594f4cfdd9e1,b89b3015-3aa8-4f66-9fbb-1575689237ec,->,12acfc45-bdfb-4343-9004-9be15dfd844c,server/model/items/ItemAssistant.java,getItemId
12acfc45-bdfb-4343-9004-9be15dfd844c,29fee235-4a30-41e0-b87a-594f4cfdd9e1,b89b3015-3aa8-4f66-9fbb-1575689237ec,->,12acfc45-bdfb-4343-9004-9be15dfd844c,server/model/items/ItemAssistant.java,addItem
12acfc45-bdfb-4343-9004-9be15dfd844c,29fee235-4a30-41e0-b87a-594f4cfdd9e1,b89b3015-3aa8-4f66-9fbb-1575689237ec,->,12acfc45-bdfb-4343-9004-9be15dfd844c,server/model/players/Client.java,getItems
12acfc45-bdfb-4343-9004-9be15dfd844c,29fee235-4a30-41e0-b87a-594f4cfdd9e1,b89b3015-3aa8-4f66-9fbb-1575689237ec,->,12acfc45-bdfb-4343-9004-9be15dfd844c,server/model/players/Client.java,getItems
12acfc45-bdfb-4343-9004-9be15dfd844c,29fee235-4a30-41e0-b87a-594f4cfdd9e1,b89b3015-3aa8-4f66-9fbb-1575689237ec,->,12acfc45-bdfb-4343-9004-9be15dfd844c,server/model/items/ItemAssistant.java,getItemId
12acfc45-bdfb-4343-9004-9be15dfd844c,29fee235-4a30-41e0-b87a-594f4cfdd9e1,b89b3015-3aa8-4f66-9fbb-1575689237ec,->,12acfc45-bdfb-4343-9004-9be15dfd844c,server/model/items/ItemAssistant.java,addItem
12acfc45-bdfb-4343-9004-9be15dfd844c,29fee235-4a30-41e0-b87a-594f4cfdd9e1,b89b3015-3aa8-4f66-9fbb-1575689237ec,->,12acfc45-bdfb-4343-9004-9be15dfd844c,java/lang/String.java,indexOf
12acfc45-bdfb-4343-9004-9be15dfd844c,29fee235-4a30-41e0-b87a-594f4cfdd9e1,b89b3015-3aa8-4f66-9fbb-1575689237ec,->,12acfc45-bdfb-4343-9004-9be15dfd844c,java/lang/String.java,substring
12acfc45-bdfb-4343-9004-9be15dfd844c,29fee235-4a30-41e0-b87a-594f4cfdd9e1,b89b3015-3aa8-4f66-9fbb-1575689237ec,->,12acfc45-bdfb-4343-9004-9be15dfd844c,java/lang/StringBuilder.java,append
12acfc45-bdfb-4343-9004-9be15dfd844c,29fee235-4a30-41e0-b87a-594f4cfdd9e1,b89b3015-3aa8-4f66-9fbb-1575689237ec,->,12acfc45-bdfb-4343-9004-9be15dfd844c,java/lang/StringBuilder.java,append
12acfc45-bdfb-4343-9004-9be15dfd844c,29fee235-4a30-41e0-b87a-594f4cfdd9e1,b89b3015-3aa8-4f66-9fbb-1575689237ec,->,12acfc45-bdfb-4343-9004-9be15dfd844c,java/lang/StringBuilder.java,append
12acfc45-bdfb-4343-9004-9be15dfd844c,29fee235-4a30-41e0-b87a-594f4cfdd9e1,b89b3015-3aa8-4f66-9fbb-1575689237ec,->,12acfc45-bdfb-4343-9004-9be15dfd844c,java/lang/StringBuilder.java,toString
12acfc45-bdfb-4343-9004-9be15dfd844c,29fee235-4a30-41e0-b87a-594f4cfdd9e1,b89b3015-3aa8-4f66-9fbb-1575689237ec,->,12acfc45-bdfb-4343-9004-9be15dfd844c,server/model/players/Client.java,getItems
12acfc45-bdfb-4343-9004-9be15dfd844c,29fee235-4a30-41e0-b87a-594f4cfdd9e1,b89b3015-3aa8-4f66-9fbb-1575689237ec,->,12acfc45-bdfb-4343-9004-9be15dfd844c,server/model/players/Client.java,getItems
12acfc45-bdfb-4343-9004-9be15dfd844c,29fee235-4a30-41e0-b87a-594f4cfdd9e1,b89b3015-3aa8-4f66-9fbb-1575689237ec,->,12acfc45-bdfb-4343-9004-9be15dfd844c,server/model/items/ItemAssistant.java,getItemSlot
12acfc45-bdfb-4343-9004-9be15dfd844c,29fee235-4a30-41e0-b87a-594f4cfdd9e1,b89b3015-3aa8-4f66-9fbb-1575689237ec,->,12acfc45-bdfb-4343-9004-9be15dfd844c,server/model/items/ItemAssistant.java,deleteItem
12acfc45-bdfb-4343-9004-9be15dfd844c,29fee235-4a30-41e0-b87a-594f4cfdd9e1,b89b3015-3aa8-4f66-9fbb-1575689237ec,->,12acfc45-bdfb-4343-9004-9be15dfd844c,server/model/players/Client.java,getItems
12acfc45-bdfb-4343-9004-9be15dfd844c,29fee235-4a30-41e0-b87a-594f4cfdd9e1,b89b3015-3aa8-4f66-9fbb-1575689237ec,->,12acfc45-bdfb-4343-9004-9be15dfd844c,server/model/players/Client.java,getItems
12acfc45-bdfb-4343-9004-9be15dfd844c,29fee235-4a30-41e0-b87a-594f4cfdd9e1,b89b3015-3aa8-4f66-9fbb-1575689237ec,->,12acfc45-bdfb-4343-9004-9be15dfd844c,server/model/items/ItemAssistant.java,getItemSlot
12acfc45-bdfb-4343-9004-9be15dfd844c,29fee235-4a30-41e0-b87a-594f4cfdd9e1,b89b3015-3aa8-4f66-9fbb-1575689237ec,->,12acfc45-bdfb-4343-9004-9be15dfd844c,server/model/items/ItemAssistant.java,deleteItem
12acfc45-bdfb-4343-9004-9be15dfd844c,29fee235-4a30-41e0-b87a-594f4cfdd9e1,b89b3015-3aa8-4f66-9fbb-1575689237ec,->,12acfc45-bdfb-4343-9004-9be15dfd844c,server/model/players/Client.java,getItems
12acfc45-bdfb-4343-9004-9be15dfd844c,29fee235-4a30-41e0-b87a-594f4cfdd9e1,b89b3015-3aa8-4f66-9fbb-1575689237ec,->,12acfc45-bdfb-4343-9004-9be15dfd844c,server/model/players/Client.java,getItems
12acfc45-bdfb-4343-9004-9be15dfd844c,29fee235-4a30-41e0-b87a-594f4cfdd9e1,b89b3015-3aa8-4f66-9fbb-1575689237ec,->,12acfc45-bdfb-4343-9004-9be15dfd844c,server/model/items/ItemAssistant.java,getItemId
12acfc45-bdfb-4343-9004-9be15dfd844c,29fee235-4a30-41e0-b87a-594f4cfdd9e1,b89b3015-3aa8-4f66-9fbb-1575689237ec,->,12acfc45-bdfb-4343-9004-9be15dfd844c,server/model/items/ItemAssistant.java,addItem
12acfc45-bdfb-4343-9004-9be15dfd844c,29fee235-4a30-41e0-b87a-594f4cfdd9e1,b89b3015-3aa8-4f66-9fbb-1575689237ec,->,12acfc45-bdfb-4343-9004-9be15dfd844c,server/model/players/Client.java,getItems
12acfc45-bdfb-4343-9004-9be15dfd844c,29fee235-4a30-41e0-b87a-594f4cfdd9e1,b89b3015-3aa8-4f66-9fbb-1575689237ec,->,12acfc45-bdfb-4343-9004-9be15dfd844c,server/model/items/ItemAssistant.java,addItem
12acfc45-bdfb-4343-9004-9be15dfd844c,29fee235-4a30-41e0-b87a-594f4cfdd9e1,b89b3015-3aa8-4f66-9fbb-1575689237ec,->,12acfc45-bdfb-4343-9004-9be15dfd844c,java/lang/Exception.java,printStackTrace
12acfc45-bdfb-4343-9004-9be15dfd844c,29fee235-4a30-41e0-b87a-594f4cfdd9e1,ecd4dbe8-0c46-479e-8961-c2dfdb63e84e,->,12acfc45-bdfb-4343-9004-9be15dfd844c,server/model/players/Client.java,getItems
12acfc45-bdfb-4343-9004-9be15dfd844c,29fee235-4a30-41e0-b87a-594f4cfdd9e1,ecd4dbe8-0c46-479e-8961-c2dfdb63e84e,->,12acfc45-bdfb-4343-9004-9be15dfd844c,server/model/players/Client.java,getItems
12acfc45-bdfb-4343-9004-9be15dfd844c,29fee235-4a30-41e0-b87a-594f4cfdd9e1,ecd4dbe8-0c46-479e-8961-c2dfdb63e84e,->,12acfc45-bdfb-4343-9004-9be15dfd844c,server/model/items/ItemAssistant.java,getItemSlot
12acfc45-bdfb-4343-9004-9be15dfd844c,29fee235-4a30-41e0-b87a-594f4cfdd9e1,ecd4dbe8-0c46-479e-8961-c2dfdb63e84e,->,12acfc45-bdfb-4343-9004-9be15dfd844c,server/model/items/ItemAssistant.java,deleteItem
12acfc45-bdfb-4343-9004-9be15dfd844c,29fee235-4a30-41e0-b87a-594f4cfdd9e1,ecd4dbe8-0c46-479e-8961-c2dfdb63e84e,->,12acfc45-bdfb-4343-9004-9be15dfd844c,server/model/players/Client.java,getItems
12acfc45-bdfb-4343-9004-9be15dfd844c,29fee235-4a30-41e0-b87a-594f4cfdd9e1,ecd4dbe8-0c46-479e-8961-c2dfdb63e84e,->,12acfc45-bdfb-4343-9004-9be15dfd844c,server/model/players/Client.java,getItems
12acfc45-bdfb-4343-9004-9be15dfd844c,29fee235-4a30-41e0-b87a-594f4cfdd9e1,ecd4dbe8-0c46-479e-8961-c2dfdb63e84e,->,12acfc45-bdfb-4343-9004-9be15dfd844c,server/model/items/ItemAssistant.java,getItemSlot
12acfc45-bdfb-4343-9004-9be15dfd844c,29fee235-4a30-41e0-b87a-594f4cfdd9e1,ecd4dbe8-0c46-479e-8961-c2dfdb63e84e,->,12acfc45-bdfb-4343-9004-9be15dfd844c,server/model/items/ItemAssistant.java,deleteItem
12acfc45-bdfb-4343-9004-9be15dfd844c,29fee235-4a30-41e0-b87a-594f4cfdd9e1,ecd4dbe8-0c46-479e-8961-c2dfdb63e84e,->,12acfc45-bdfb-4343-9004-9be15dfd844c,server/model/players/Client.java,getItems
12acfc45-bdfb-4343-9004-9be15dfd844c,29fee235-4a30-41e0-b87a-594f4cfdd9e1,ecd4dbe8-0c46-479e-8961-c2dfdb63e84e,->,12acfc45-bdfb-4343-9004-9be15dfd844c,server/model/items/ItemAssistant.java,addItem
12acfc45-bdfb-4343-9004-9be15dfd844c,29fee235-4a30-41e0-b87a-594f4cfdd9e1,ecd4dbe8-0c46-479e-8961-c2dfdb63e84e,->,12acfc45-bdfb-4343-9004-9be15dfd844c,server/model/players/Client.java,getItems
12acfc45-bdfb-4343-9004-9be15dfd844c,29fee235-4a30-41e0-b87a-594f4cfdd9e1,ecd4dbe8-0c46-479e-8961-c2dfdb63e84e,->,12acfc45-bdfb-4343-9004-9be15dfd844c,server/model/items/ItemAssistant.java,addItem
12acfc45-bdfb-4343-9004-9be15dfd844c,server/model/players/skills/Thieving$3.java,execute,->,12acfc45-bdfb-4343-9004-9be15dfd844c,6dd0c5db-72ba-4498-883f-a3c8c3333519,2c14e4eb-2b3e-4056-bf8e-5218f96f0ad5
12acfc45-bdfb-4343-9004-9be15dfd844c,bac4b9ff-db51-4926-8515-7d06c24a0fa8,7a68b3c9-bd75-49ad-93f7-71470fcb7422,->,12acfc45-bdfb-4343-9004-9be15dfd844c,server/model/players/skills/CraftingData$cutGemData.java,values
12acfc45-bdfb-4343-9004-9be15dfd844c,bac4b9ff-db51-4926-8515-7d06c24a0fa8,7a68b3c9-bd75-49ad-93f7-71470fcb7422,->,12acfc45-bdfb-4343-9004-9be15dfd844c,server/model/players/skills/CraftingData$cutGemData.java,getUncut
12acfc45-bdfb-4343-9004-9be15dfd844c,bac4b9ff-db51-4926-8515-7d06c24a0fa8,7a68b3c9-bd75-49ad-93f7-71470fcb7422,->,12acfc45-bdfb-4343-9004-9be15dfd844c,server/model/players/skills/CraftingData$cutGemData.java,getLevel
12acfc45-bdfb-4343-9004-9be15dfd844c,bac4b9ff-db51-4926-8515-7d06c24a0fa8,7a68b3c9-bd75-49ad-93f7-71470fcb7422,->,12acfc45-bdfb-4343-9004-9be15dfd844c,java/lang/StringBuilder.java,append
12acfc45-bdfb-4343-9004-9be15dfd844c,bac4b9ff-db51-4926-8515-7d06c24a0fa8,7a68b3c9-bd75-49ad-93f7-71470fcb7422,->,12acfc45-bdfb-4343-9004-9be15dfd844c,server/model/players/skills/CraftingData$cutGemData.java,getLevel
12acfc45-bdfb-4343-9004-9be15dfd844c,bac4b9ff-db51-4926-8515-7d06c24a0fa8,7a68b3c9-bd75-49ad-93f7-71470fcb7422,->,12acfc45-bdfb-4343-9004-9be15dfd844c,java/lang/StringBuilder.java,append
12acfc45-bdfb-4343-9004-9be15dfd844c,bac4b9ff-db51-4926-8515-7d06c24a0fa8,7a68b3c9-bd75-49ad-93f7-71470fcb7422,->,12acfc45-bdfb-4343-9004-9be15dfd844c,java/lang/StringBuilder.java,append
12acfc45-bdfb-4343-9004-9be15dfd844c,bac4b9ff-db51-4926-8515-7d06c24a0fa8,7a68b3c9-bd75-49ad-93f7-71470fcb7422,->,12acfc45-bdfb-4343-9004-9be15dfd844c,java/lang/StringBuilder.java,toString
12acfc45-bdfb-4343-9004-9be15dfd844c,bac4b9ff-db51-4926-8515-7d06c24a0fa8,7a68b3c9-bd75-49ad-93f7-71470fcb7422,->,12acfc45-bdfb-4343-9004-9be15dfd844c,server/model/players/Client.java,sendMessage
12acfc45-bdfb-4343-9004-9be15dfd844c,bac4b9ff-db51-4926-8515-7d06c24a0fa8,7a68b3c9-bd75-49ad-93f7-71470fcb7422,->,12acfc45-bdfb-4343-9004-9be15dfd844c,server/model/players/Client.java,getItems
12acfc45-bdfb-4343-9004-9be15dfd844c,bac4b9ff-db51-4926-8515-7d06c24a0fa8,7a68b3c9-bd75-49ad-93f7-71470fcb7422,->,12acfc45-bdfb-4343-9004-9be15dfd844c,server/model/items/ItemAssistant.java,playerHasItem
12acfc45-bdfb-4343-9004-9be15dfd844c,bac4b9ff-db51-4926-8515-7d06c24a0fa8,7a68b3c9-bd75-49ad-93f7-71470fcb7422,->,12acfc45-bdfb-4343-9004-9be15dfd844c,server/model/players/skills/CraftingData$cutGemData.java,getAnimation
12acfc45-bdfb-4343-9004-9be15dfd844c,bac4b9ff-db51-4926-8515-7d06c24a0fa8,7a68b3c9-bd75-49ad-93f7-71470fcb7422,->,12acfc45-bdfb-4343-9004-9be15dfd844c,server/model/players/Client.java,startAnimation
12acfc45-bdfb-4343-9004-9be15dfd844c,bac4b9ff-db51-4926-8515-7d06c24a0fa8,7a68b3c9-bd75-49ad-93f7-71470fcb7422,->,12acfc45-bdfb-4343-9004-9be15dfd844c,3ab0cc49-78c3-45ed-a03a-f251199dfbb9,3d27faf4-0319-4d3d-b558-10d40da17fd8
12acfc45-bdfb-4343-9004-9be15dfd844c,bac4b9ff-db51-4926-8515-7d06c24a0fa8,7a68b3c9-bd75-49ad-93f7-71470fcb7422,->,12acfc45-bdfb-4343-9004-9be15dfd844c,3ab0cc49-78c3-45ed-a03a-f251199dfbb9,d719c34b-e0d2-473f-8e9a-936cfc6b4522
12acfc45-bdfb-4343-9004-9be15dfd844c,server/model/players/skills/Cooking$2.java,execute,->,12acfc45-bdfb-4343-9004-9be15dfd844c,server/model/players/Client.java,startAnimation
12acfc45-bdfb-4343-9004-9be15dfd844c,server/model/players/skills/Cooking$2.java,execute,->,12acfc45-bdfb-4343-9004-9be15dfd844c,6dd0c5db-72ba-4498-883f-a3c8c3333519,2c14e4eb-2b3e-4056-bf8e-5218f96f0ad5
12acfc45-bdfb-4343-9004-9be15dfd844c,4dd5853c-a4f2-4f1c-93d4-b3b7c81da534,58d925fc-662b-48dc-b5b9-4b807577145d,->,12acfc45-bdfb-4343-9004-9be15dfd844c,server/model/players/Client.java,startAnimation
12acfc45-bdfb-4343-9004-9be15dfd844c,4dd5853c-a4f2-4f1c-93d4-b3b7c81da534,58d925fc-662b-48dc-b5b9-4b807577145d,->,12acfc45-bdfb-4343-9004-9be15dfd844c,3ab0cc49-78c3-45ed-a03a-f251199dfbb9,3d27faf4-0319-4d3d-b558-10d40da17fd8
12acfc45-bdfb-4343-9004-9be15dfd844c,4dd5853c-a4f2-4f1c-93d4-b3b7c81da534,58d925fc-662b-48dc-b5b9-4b807577145d,->,12acfc45-bdfb-4343-9004-9be15dfd844c,3ab0cc49-78c3-45ed-a03a-f251199dfbb9,d719c34b-e0d2-473f-8e9a-936cfc6b4522
12acfc45-bdfb-4343-9004-9be15dfd844c,server/model/players/skills/Thieving$4.java,execute,->,12acfc45-bdfb-4343-9004-9be15dfd844c,server/model/players/Client.java,sendMessage
12acfc45-bdfb-4343-9004-9be15dfd844c,server/model/players/skills/Thieving$4.java,execute,->,12acfc45-bdfb-4343-9004-9be15dfd844c,server/model/players/Client.java,getPA
12acfc45-bdfb-4343-9004-9be15dfd844c,server/model/players/skills/Thieving$4.java,execute,->,12acfc45-bdfb-4343-9004-9be15dfd844c,server/model/players/skills/Thieving.java,access$000
12acfc45-bdfb-4343-9004-9be15dfd844c,server/model/players/skills/Thieving$4.java,execute,->,12acfc45-bdfb-4343-9004-9be15dfd844c,991eb2a8-284a-4290-ae08-f54cf8834706,0955b7e8-1203-4e9d-8e85-6eeaf5af5ce5
12acfc45-bdfb-4343-9004-9be15dfd844c,server/model/players/skills/Thieving$4.java,execute,->,12acfc45-bdfb-4343-9004-9be15dfd844c,server/model/players/Client.java,getItems
12acfc45-bdfb-4343-9004-9be15dfd844c,server/model/players/skills/Thieving$4.java,execute,->,12acfc45-bdfb-4343-9004-9be15dfd844c,server/model/items/ItemAssistant.java,addItem
12acfc45-bdfb-4343-9004-9be15dfd844c,server/model/players/skills/Thieving$4.java,execute,->,12acfc45-bdfb-4343-9004-9be15dfd844c,6dd0c5db-72ba-4498-883f-a3c8c3333519,2c14e4eb-2b3e-4056-bf8e-5218f96f0ad5
12acfc45-bdfb-4343-9004-9be15dfd844c,server/model/players/skills/Firemaking$1.java,execute,->,12acfc45-bdfb-4343-9004-9be15dfd844c,6dd0c5db-72ba-4498-883f-a3c8c3333519,2c14e4eb-2b3e-4056-bf8e-5218f96f0ad5
12acfc45-bdfb-4343-9004-9be15dfd844c,server/model/players/skills/Firemaking$1.java,stop,->,12acfc45-bdfb-4343-9004-9be15dfd844c,server/model/players/skills/Firemaking.java,access$000
12acfc45-bdfb-4343-9004-9be15dfd844c,server/model/players/skills/Firemaking$1.java,stop,->,12acfc45-bdfb-4343-9004-9be15dfd844c,server/model/players/Client.java,getPA
12acfc45-bdfb-4343-9004-9be15dfd844c,server/model/players/skills/Firemaking$1.java,stop,->,12acfc45-bdfb-4343-9004-9be15dfd844c,991eb2a8-284a-4290-ae08-f54cf8834706,82c6079b-d91b-4c83-a34c-24cf3e6e5473
12acfc45-bdfb-4343-9004-9be15dfd844c,server/model/players/skills/Firemaking$1.java,stop,->,12acfc45-bdfb-4343-9004-9be15dfd844c,server/model/players/skills/Firemaking.java,access$000
12acfc45-bdfb-4343-9004-9be15dfd844c,server/model/players/skills/Firemaking$1.java,stop,->,12acfc45-bdfb-4343-9004-9be15dfd844c,server/model/players/skills/Firemaking.java,access$000
12acfc45-bdfb-4343-9004-9be15dfd844c,server/model/players/skills/Firemaking$1.java,stop,->,12acfc45-bdfb-4343-9004-9be15dfd844c,server/world/ItemHandler.java,createGroundItem
12acfc45-bdfb-4343-9004-9be15dfd844c,server/model/players/skills/Mining$4.java,execute,->,12acfc45-bdfb-4343-9004-9be15dfd844c,server/model/players/skills/Mining.java,access$000
12acfc45-bdfb-4343-9004-9be15dfd844c,server/model/players/skills/Mining$4.java,execute,->,12acfc45-bdfb-4343-9004-9be15dfd844c,server/model/players/Client.java,startAnimation
12acfc45-bdfb-4343-9004-9be15dfd844c,server/model/players/skills/Mining$4.java,execute,->,12acfc45-bdfb-4343-9004-9be15dfd844c,server/model/players/skills/Mining.java,resetMining
12acfc45-bdfb-4343-9004-9be15dfd844c,server/model/players/skills/Mining$4.java,execute,->,12acfc45-bdfb-4343-9004-9be15dfd844c,6dd0c5db-72ba-4498-883f-a3c8c3333519,2c14e4eb-2b3e-4056-bf8e-5218f96f0ad5
12acfc45-bdfb-4343-9004-9be15dfd844c,server/model/players/skills/CraftingData$cutGemData.java,values,->,12acfc45-bdfb-4343-9004-9be15dfd844c,server/model/players/skills/CraftingData$cutGemData.java,clone
12acfc45-bdfb-4343-9004-9be15dfd844c,server/model/players/skills/CraftingData$cutGemData.java,valueOf,->,12acfc45-bdfb-4343-9004-9be15dfd844c,java/lang/Enum.java,valueOf
12acfc45-bdfb-4343-9004-9be15dfd844c,server/model/players/skills/HerbCleaning.java,handleHerbCleaning,->,12acfc45-bdfb-4343-9004-9be15dfd844c,java/lang/StringBuilder.java,append
12acfc45-bdfb-4343-9004-9be15dfd844c,server/model/players/skills/HerbCleaning.java,handleHerbCleaning,->,12acfc45-bdfb-4343-9004-9be15dfd844c,java/lang/StringBuilder.java,append
12acfc45-bdfb-4343-9004-9be15dfd844c,server/model/players/skills/HerbCleaning.java,handleHerbCleaning,->,12acfc45-bdfb-4343-9004-9be15dfd844c,java/lang/StringBuilder.java,append
12acfc45-bdfb-4343-9004-9be15dfd844c,server/model/players/skills/HerbCleaning.java,handleHerbCleaning,->,12acfc45-bdfb-4343-9004-9be15dfd844c,java/lang/StringBuilder.java,toString
12acfc45-bdfb-4343-9004-9be15dfd844c,server/model/players/skills/HerbCleaning.java,handleHerbCleaning,->,12acfc45-bdfb-4343-9004-9be15dfd844c,server/model/players/Client.java,sendMessage
12acfc45-bdfb-4343-9004-9be15dfd844c,server/model/players/skills/HerbCleaning.java,handleHerbCleaning,->,12acfc45-bdfb-4343-9004-9be15dfd844c,server/model/players/Client.java,getItems
12acfc45-bdfb-4343-9004-9be15dfd844c,server/model/players/skills/HerbCleaning.java,handleHerbCleaning,->,12acfc45-bdfb-4343-9004-9be15dfd844c,server/model/items/ItemAssistant.java,deleteItem
12acfc45-bdfb-4343-9004-9be15dfd844c,server/model/players/skills/HerbCleaning.java,handleHerbCleaning,->,12acfc45-bdfb-4343-9004-9be15dfd844c,server/model/players/Client.java,getItems
12acfc45-bdfb-4343-9004-9be15dfd844c,server/model/players/skills/HerbCleaning.java,handleHerbCleaning,->,12acfc45-bdfb-4343-9004-9be15dfd844c,server/model/items/ItemAssistant.java,addItem
12acfc45-bdfb-4343-9004-9be15dfd844c,server/model/players/skills/HerbCleaning.java,handleHerbCleaning,->,12acfc45-bdfb-4343-9004-9be15dfd844c,server/model/players/Client.java,getPA
12acfc45-bdfb-4343-9004-9be15dfd844c,server/model/players/skills/HerbCleaning.java,handleHerbCleaning,->,12acfc45-bdfb-4343-9004-9be15dfd844c,991eb2a8-284a-4290-ae08-f54cf8834706,0955b7e8-1203-4e9d-8e85-6eeaf5af5ce5
12acfc45-bdfb-4343-9004-9be15dfd844c,server/model/players/skills/Thieving$1.java,execute,->,12acfc45-bdfb-4343-9004-9be15dfd844c,server/world/ObjectHandler.java,createAnObject
12acfc45-bdfb-4343-9004-9be15dfd844c,server/model/players/skills/Thieving$1.java,execute,->,12acfc45-bdfb-4343-9004-9be15dfd844c,6dd0c5db-72ba-4498-883f-a3c8c3333519,2c14e4eb-2b3e-4056-bf8e-5218f96f0ad5
12acfc45-bdfb-4343-9004-9be15dfd844c,server/model/players/skills/Woodcutting$2.java,execute,->,12acfc45-bdfb-4343-9004-9be15dfd844c,server/model/players/Client.java,startAnimation
12acfc45-bdfb-4343-9004-9be15dfd844c,server/model/players/skills/Woodcutting$2.java,execute,->,12acfc45-bdfb-4343-9004-9be15dfd844c,server/model/players/skills/Woodcutting.java,resetWoodcutting
12acfc45-bdfb-4343-9004-9be15dfd844c,server/model/players/skills/Woodcutting$2.java,execute,->,12acfc45-bdfb-4343-9004-9be15dfd844c,6dd0c5db-72ba-4498-883f-a3c8c3333519,2c14e4eb-2b3e-4056-bf8e-5218f96f0ad5
12acfc45-bdfb-4343-9004-9be15dfd844c,server/model/players/skills/Agility$2.java,execute,->,12acfc45-bdfb-4343-9004-9be15dfd844c,6dd0c5db-72ba-4498-883f-a3c8c3333519,2c14e4eb-2b3e-4056-bf8e-5218f96f0ad5
12acfc45-bdfb-4343-9004-9be15dfd844c,server/model/players/skills/Agility$2.java,stop,->,12acfc45-bdfb-4343-9004-9be15dfd844c,server/model/players/skills/Agility.java,access$000
12acfc45-bdfb-4343-9004-9be15dfd844c,server/model/players/skills/Agility$2.java,stop,->,12acfc45-bdfb-4343-9004-9be15dfd844c,server/model/players/Client.java,getPA
12acfc45-bdfb-4343-9004-9be15dfd844c,server/model/players/skills/Agility$2.java,stop,->,12acfc45-bdfb-4343-9004-9be15dfd844c,991eb2a8-284a-4290-ae08-f54cf8834706,0955b7e8-1203-4e9d-8e85-6eeaf5af5ce5
12acfc45-bdfb-4343-9004-9be15dfd844c,server/model/players/skills/Agility$2.java,stop,->,12acfc45-bdfb-4343-9004-9be15dfd844c,server/model/players/skills/Agility.java,access$202
12acfc45-bdfb-4343-9004-9be15dfd844c,server/model/players/skills/JewelryMaking$1.java,execute,->,12acfc45-bdfb-4343-9004-9be15dfd844c,server/model/players/skills/JewelryMaking.java,access$000
12acfc45-bdfb-4343-9004-9be15dfd844c,server/model/players/skills/JewelryMaking$1.java,execute,->,12acfc45-bdfb-4343-9004-9be15dfd844c,6dd0c5db-72ba-4498-883f-a3c8c3333519,2c14e4eb-2b3e-4056-bf8e-5218f96f0ad5
12acfc45-bdfb-4343-9004-9be15dfd844c,server/model/players/skills/JewelryMaking$1.java,execute,->,12acfc45-bdfb-4343-9004-9be15dfd844c,server/model/players/Client.java,getItems
12acfc45-bdfb-4343-9004-9be15dfd844c,server/model/players/skills/JewelryMaking$1.java,execute,->,12acfc45-bdfb-4343-9004-9be15dfd844c,server/model/items/ItemAssistant.java,playerHasItem
12acfc45-bdfb-4343-9004-9be15dfd844c,server/model/players/skills/JewelryMaking$1.java,execute,->,12acfc45-bdfb-4343-9004-9be15dfd844c,server/model/players/Client.java,getItems
12acfc45-bdfb-4343-9004-9be15dfd844c,server/model/players/skills/JewelryMaking$1.java,execute,->,12acfc45-bdfb-4343-9004-9be15dfd844c,server/model/items/ItemAssistant.java,playerHasItem
12acfc45-bdfb-4343-9004-9be15dfd844c,server/model/players/skills/JewelryMaking$1.java,execute,->,12acfc45-bdfb-4343-9004-9be15dfd844c,server/model/players/Client.java,getItems
12acfc45-bdfb-4343-9004-9be15dfd844c,server/model/players/skills/JewelryMaking$1.java,execute,->,12acfc45-bdfb-4343-9004-9be15dfd844c,server/model/items/ItemAssistant.java,deleteItem
12acfc45-bdfb-4343-9004-9be15dfd844c,server/model/players/skills/JewelryMaking$1.java,execute,->,12acfc45-bdfb-4343-9004-9be15dfd844c,server/model/players/Client.java,getItems
12acfc45-bdfb-4343-9004-9be15dfd844c,server/model/players/skills/JewelryMaking$1.java,execute,->,12acfc45-bdfb-4343-9004-9be15dfd844c,server/model/items/ItemAssistant.java,deleteItem
12acfc45-bdfb-4343-9004-9be15dfd844c,server/model/players/skills/JewelryMaking$1.java,execute,->,12acfc45-bdfb-4343-9004-9be15dfd844c,server/model/players/Client.java,getItems
12acfc45-bdfb-4343-9004-9be15dfd844c,server/model/players/skills/JewelryMaking$1.java,execute,->,12acfc45-bdfb-4343-9004-9be15dfd844c,server/model/items/ItemAssistant.java,addItem
12acfc45-bdfb-4343-9004-9be15dfd844c,server/model/players/skills/JewelryMaking$1.java,execute,->,12acfc45-bdfb-4343-9004-9be15dfd844c,server/model/players/Client.java,startAnimation
12acfc45-bdfb-4343-9004-9be15dfd844c,server/model/players/skills/JewelryMaking$1.java,execute,->,12acfc45-bdfb-4343-9004-9be15dfd844c,server/model/players/Client.java,getPA
12acfc45-bdfb-4343-9004-9be15dfd844c,server/model/players/skills/JewelryMaking$1.java,execute,->,12acfc45-bdfb-4343-9004-9be15dfd844c,991eb2a8-284a-4290-ae08-f54cf8834706,0955b7e8-1203-4e9d-8e85-6eeaf5af5ce5
12acfc45-bdfb-4343-9004-9be15dfd844c,server/model/players/skills/JewelryMaking$1.java,execute,->,12acfc45-bdfb-4343-9004-9be15dfd844c,server/model/players/skills/JewelryMaking.java,access$010
12acfc45-bdfb-4343-9004-9be15dfd844c,server/model/players/skills/JewelryMaking$1.java,execute,->,12acfc45-bdfb-4343-9004-9be15dfd844c,java/lang/StringBuilder.java,append
12acfc45-bdfb-4343-9004-9be15dfd844c,server/model/players/skills/JewelryMaking$1.java,execute,->,12acfc45-bdfb-4343-9004-9be15dfd844c,java/lang/String.java,startsWith
12acfc45-bdfb-4343-9004-9be15dfd844c,server/model/players/skills/JewelryMaking$1.java,execute,->,12acfc45-bdfb-4343-9004-9be15dfd844c,java/lang/String.java,startsWith
12acfc45-bdfb-4343-9004-9be15dfd844c,server/model/players/skills/JewelryMaking$1.java,execute,->,12acfc45-bdfb-4343-9004-9be15dfd844c,java/lang/String.java,startsWith
12acfc45-bdfb-4343-9004-9be15dfd844c,server/model/players/skills/JewelryMaking$1.java,execute,->,12acfc45-bdfb-4343-9004-9be15dfd844c,java/lang/StringBuilder.java,append
12acfc45-bdfb-4343-9004-9be15dfd844c,server/model/players/skills/JewelryMaking$1.java,execute,->,12acfc45-bdfb-4343-9004-9be15dfd844c,java/lang/StringBuilder.java,append
12acfc45-bdfb-4343-9004-9be15dfd844c,server/model/players/skills/JewelryMaking$1.java,execute,->,12acfc45-bdfb-4343-9004-9be15dfd844c,java/lang/String.java,toLowerCase
12acfc45-bdfb-4343-9004-9be15dfd844c,server/model/players/skills/JewelryMaking$1.java,execute,->,12acfc45-bdfb-4343-9004-9be15dfd844c,java/lang/StringBuilder.java,append
12acfc45-bdfb-4343-9004-9be15dfd844c,server/model/players/skills/JewelryMaking$1.java,execute,->,12acfc45-bdfb-4343-9004-9be15dfd844c,java/lang/StringBuilder.java,toString
12acfc45-bdfb-4343-9004-9be15dfd844c,server/model/players/skills/JewelryMaking$1.java,execute,->,12acfc45-bdfb-4343-9004-9be15dfd844c,server/model/players/Client.java,sendMessage
12acfc45-bdfb-4343-9004-9be15dfd844c,server/model/players/skills/JewelryMaking$1.java,execute,->,12acfc45-bdfb-4343-9004-9be15dfd844c,6dd0c5db-72ba-4498-883f-a3c8c3333519,2c14e4eb-2b3e-4056-bf8e-5218f96f0ad5
12acfc45-bdfb-4343-9004-9be15dfd844c,server/model/players/skills/JewelryMaking$1.java,execute,->,12acfc45-bdfb-4343-9004-9be15dfd844c,6dd0c5db-72ba-4498-883f-a3c8c3333519,2c14e4eb-2b3e-4056-bf8e-5218f96f0ad5
12acfc45-bdfb-4343-9004-9be15dfd844c,server/model/players/skills/Cooking.java,cookThisFood,->,12acfc45-bdfb-4343-9004-9be15dfd844c,server/model/players/skills/Cooking.java,cookFish
12acfc45-bdfb-4343-9004-9be15dfd844c,server/model/players/skills/Cooking.java,cookThisFood,->,12acfc45-bdfb-4343-9004-9be15dfd844c,server/model/players/skills/Cooking.java,cookFish
12acfc45-bdfb-4343-9004-9be15dfd844c,server/model/players/skills/Cooking.java,cookThisFood,->,12acfc45-bdfb-4343-9004-9be15dfd844c,server/model/players/skills/Cooking.java,cookFish
12acfc45-bdfb-4343-9004-9be15dfd844c,server/model/players/skills/Cooking.java,cookThisFood,->,12acfc45-bdfb-4343-9004-9be15dfd844c,server/model/players/skills/Cooking.java,cookFish
12acfc45-bdfb-4343-9004-9be15dfd844c,server/model/players/skills/Cooking.java,cookThisFood,->,12acfc45-bdfb-4343-9004-9be15dfd844c,server/model/players/skills/Cooking.java,cookFish
12acfc45-bdfb-4343-9004-9be15dfd844c,server/model/players/skills/Cooking.java,cookThisFood,->,12acfc45-bdfb-4343-9004-9be15dfd844c,server/model/players/skills/Cooking.java,cookFish
12acfc45-bdfb-4343-9004-9be15dfd844c,server/model/players/skills/Cooking.java,cookThisFood,->,12acfc45-bdfb-4343-9004-9be15dfd844c,server/model/players/skills/Cooking.java,cookFish
12acfc45-bdfb-4343-9004-9be15dfd844c,server/model/players/skills/Cooking.java,cookThisFood,->,12acfc45-bdfb-4343-9004-9be15dfd844c,server/model/players/skills/Cooking.java,cookFish
12acfc45-bdfb-4343-9004-9be15dfd844c,server/model/players/skills/Cooking.java,cookThisFood,->,12acfc45-bdfb-4343-9004-9be15dfd844c,server/model/players/skills/Cooking.java,cookFish
12acfc45-bdfb-4343-9004-9be15dfd844c,server/model/players/skills/Cooking.java,cookThisFood,->,12acfc45-bdfb-4343-9004-9be15dfd844c,server/model/players/skills/Cooking.java,cookFish
12acfc45-bdfb-4343-9004-9be15dfd844c,server/model/players/skills/Cooking.java,cookThisFood,->,12acfc45-bdfb-4343-9004-9be15dfd844c,server/model/players/skills/Cooking.java,cookFish
12acfc45-bdfb-4343-9004-9be15dfd844c,server/model/players/skills/Cooking.java,cookThisFood,->,12acfc45-bdfb-4343-9004-9be15dfd844c,server/model/players/skills/Cooking.java,cookFish
12acfc45-bdfb-4343-9004-9be15dfd844c,server/model/players/skills/Cooking.java,cookThisFood,->,12acfc45-bdfb-4343-9004-9be15dfd844c,server/model/players/skills/Cooking.java,cookFish
12acfc45-bdfb-4343-9004-9be15dfd844c,server/model/players/skills/Cooking.java,cookThisFood,->,12acfc45-bdfb-4343-9004-9be15dfd844c,server/model/players/skills/Cooking.java,cookFish
12acfc45-bdfb-4343-9004-9be15dfd844c,server/model/players/skills/Cooking.java,cookThisFood,->,12acfc45-bdfb-4343-9004-9be15dfd844c,server/model/players/skills/Cooking.java,cookFish
12acfc45-bdfb-4343-9004-9be15dfd844c,server/model/players/skills/Cooking.java,cookThisFood,->,12acfc45-bdfb-4343-9004-9be15dfd844c,server/model/players/skills/Cooking.java,cookFish
12acfc45-bdfb-4343-9004-9be15dfd844c,server/model/players/skills/Cooking.java,cookThisFood,->,12acfc45-bdfb-4343-9004-9be15dfd844c,server/model/players/skills/Cooking.java,cookFish
12acfc45-bdfb-4343-9004-9be15dfd844c,server/model/players/skills/Cooking.java,cookThisFood,->,12acfc45-bdfb-4343-9004-9be15dfd844c,server/model/players/skills/Cooking.java,cookFish
12acfc45-bdfb-4343-9004-9be15dfd844c,server/model/players/skills/Cooking.java,cookThisFood,->,12acfc45-bdfb-4343-9004-9be15dfd844c,server/model/players/skills/Cooking.java,cookFish
12acfc45-bdfb-4343-9004-9be15dfd844c,server/model/players/skills/Cooking.java,cookThisFood,->,12acfc45-bdfb-4343-9004-9be15dfd844c,server/model/players/skills/Cooking.java,cookFish
12acfc45-bdfb-4343-9004-9be15dfd844c,server/model/players/skills/Cooking.java,cookThisFood,->,12acfc45-bdfb-4343-9004-9be15dfd844c,server/model/players/Client.java,sendMessage
12acfc45-bdfb-4343-9004-9be15dfd844c,server/model/players/skills/Cooking.java,cookFish,->,12acfc45-bdfb-4343-9004-9be15dfd844c,server/model/players/skills/Cooking.java,hasRequiredLevel
12acfc45-bdfb-4343-9004-9be15dfd844c,server/model/players/skills/Cooking.java,cookFish,->,12acfc45-bdfb-4343-9004-9be15dfd844c,2c89cfe4-ed6d-446f-832b-3c203feb3155,12264cea-e176-47b1-b1bb-e3a14dc18d35
12acfc45-bdfb-4343-9004-9be15dfd844c,server/model/players/skills/Cooking.java,cookFish,->,12acfc45-bdfb-4343-9004-9be15dfd844c,server/model/players/Client.java,getItems
12acfc45-bdfb-4343-9004-9be15dfd844c,server/model/players/skills/Cooking.java,cookFish,->,12acfc45-bdfb-4343-9004-9be15dfd844c,server/model/items/ItemAssistant.java,getItemAmount
12acfc45-bdfb-4343-9004-9be15dfd844c,server/model/players/skills/Cooking.java,cookFish,->,12acfc45-bdfb-4343-9004-9be15dfd844c,server/model/players/skills/Cooking.java,cookTheFish
12acfc45-bdfb-4343-9004-9be15dfd844c,server/model/players/skills/Cooking.java,cookFish,->,12acfc45-bdfb-4343-9004-9be15dfd844c,server/model/players/skills/Cooking.java,viewCookInterface
12acfc45-bdfb-4343-9004-9be15dfd844c,server/model/players/skills/Cooking.java,getAmount,->,12acfc45-bdfb-4343-9004-9be15dfd844c,server/model/players/Client.java,getItems
12acfc45-bdfb-4343-9004-9be15dfd844c,server/model/players/skills/Cooking.java,getAmount,->,12acfc45-bdfb-4343-9004-9be15dfd844c,server/model/items/ItemAssistant.java,getItemAmount
12acfc45-bdfb-4343-9004-9be15dfd844c,server/model/players/skills/Cooking.java,getAmount,->,12acfc45-bdfb-4343-9004-9be15dfd844c,server/model/players/skills/Cooking.java,cookTheFish
12acfc45-bdfb-4343-9004-9be15dfd844c,server/model/players/skills/Cooking.java,viewCookInterface,->,12acfc45-bdfb-4343-9004-9be15dfd844c,server/model/players/Client.java,getPA
12acfc45-bdfb-4343-9004-9be15dfd844c,server/model/players/skills/Cooking.java,viewCookInterface,->,12acfc45-bdfb-4343-9004-9be15dfd844c,991eb2a8-284a-4290-ae08-f54cf8834706,fbacd858-15ac-4dfb-b5c1-9851ae733165
12acfc45-bdfb-4343-9004-9be15dfd844c,server/model/players/skills/Cooking.java,viewCookInterface,->,12acfc45-bdfb-4343-9004-9be15dfd844c,server/model/players/Client.java,getPA
12acfc45-bdfb-4343-9004-9be15dfd844c,server/model/players/skills/Cooking.java,viewCookInterface,->,12acfc45-bdfb-4343-9004-9be15dfd844c,991eb2a8-284a-4290-ae08-f54cf8834706,45af8ce2-073f-4550-b281-9a9492802196
12acfc45-bdfb-4343-9004-9be15dfd844c,server/model/players/skills/Cooking.java,viewCookInterface,->,12acfc45-bdfb-4343-9004-9be15dfd844c,server/model/players/Client.java,getPA
12acfc45-bdfb-4343-9004-9be15dfd844c,server/model/players/skills/Cooking.java,viewCookInterface,->,12acfc45-bdfb-4343-9004-9be15dfd844c,java/lang/StringBuilder.java,append
12acfc45-bdfb-4343-9004-9be15dfd844c,server/model/players/skills/Cooking.java,viewCookInterface,->,12acfc45-bdfb-4343-9004-9be15dfd844c,server/model/players/Client.java,getItems
12acfc45-bdfb-4343-9004-9be15dfd844c,server/model/players/skills/Cooking.java,viewCookInterface,->,12acfc45-bdfb-4343-9004-9be15dfd844c,server/model/items/ItemAssistant.java,getItemName
12acfc45-bdfb-4343-9004-9be15dfd844c,server/model/players/skills/Cooking.java,viewCookInterface,->,12acfc45-bdfb-4343-9004-9be15dfd844c,java/lang/StringBuilder.java,append
12acfc45-bdfb-4343-9004-9be15dfd844c,server/model/players/skills/Cooking.java,viewCookInterface,->,12acfc45-bdfb-4343-9004-9be15dfd844c,java/lang/StringBuilder.java,append
12acfc45-bdfb-4343-9004-9be15dfd844c,server/model/players/skills/Cooking.java,viewCookInterface,->,12acfc45-bdfb-4343-9004-9be15dfd844c,java/lang/StringBuilder.java,toString
12acfc45-bdfb-4343-9004-9be15dfd844c,server/model/players/skills/Cooking.java,viewCookInterface,->,12acfc45-bdfb-4343-9004-9be15dfd844c,991eb2a8-284a-4290-ae08-f54cf8834706,609517a1-3a8b-4bd9-8623-3cae47c33a17
12acfc45-bdfb-4343-9004-9be15dfd844c,server/model/players/skills/Cooking.java,cookTheFish,->,12acfc45-bdfb-4343-9004-9be15dfd844c,server/model/players/Client.java,getPA
12acfc45-bdfb-4343-9004-9be15dfd844c,server/model/players/skills/Cooking.java,cookTheFish,->,12acfc45-bdfb-4343-9004-9be15dfd844c,991eb2a8-284a-4290-ae08-f54cf8834706,3666955d-52b4-495d-880c-318d6383a5bb
12acfc45-bdfb-4343-9004-9be15dfd844c,server/model/players/skills/Cooking.java,cookTheFish,->,12acfc45-bdfb-4343-9004-9be15dfd844c,server/model/players/Client.java,startAnimation
12acfc45-bdfb-4343-9004-9be15dfd844c,server/model/players/skills/Cooking.java,cookTheFish,->,12acfc45-bdfb-4343-9004-9be15dfd844c,3ab0cc49-78c3-45ed-a03a-f251199dfbb9,3d27faf4-0319-4d3d-b558-10d40da17fd8
12acfc45-bdfb-4343-9004-9be15dfd844c,server/model/players/skills/Cooking.java,cookTheFish,->,12acfc45-bdfb-4343-9004-9be15dfd844c,3ab0cc49-78c3-45ed-a03a-f251199dfbb9,d719c34b-e0d2-473f-8e9a-936cfc6b4522
12acfc45-bdfb-4343-9004-9be15dfd844c,server/model/players/skills/Cooking.java,cookTheFish,->,12acfc45-bdfb-4343-9004-9be15dfd844c,3ab0cc49-78c3-45ed-a03a-f251199dfbb9,3d27faf4-0319-4d3d-b558-10d40da17fd8
12acfc45-bdfb-4343-9004-9be15dfd844c,server/model/players/skills/Cooking.java,cookTheFish,->,12acfc45-bdfb-4343-9004-9be15dfd844c,3ab0cc49-78c3-45ed-a03a-f251199dfbb9,d719c34b-e0d2-473f-8e9a-936cfc6b4522
12acfc45-bdfb-4343-9004-9be15dfd844c,server/model/players/skills/Cooking.java,access$000,->,12acfc45-bdfb-4343-9004-9be15dfd844c,server/model/players/skills/Cooking.java,fishStopsBurning
12acfc45-bdfb-4343-9004-9be15dfd844c,server/model/players/skills/CraftingData$leatherDialogueData.java,values,->,12acfc45-bdfb-4343-9004-9be15dfd844c,server/model/players/skills/CraftingData$leatherDialogueData.java,clone
12acfc45-bdfb-4343-9004-9be15dfd844c,server/model/players/skills/CraftingData$leatherDialogueData.java,valueOf,->,12acfc45-bdfb-4343-9004-9be15dfd844c,java/lang/Enum.java,valueOf
12acfc45-bdfb-4343-9004-9be15dfd844c,server/model/players/skills/Thieving.java,stealFromStall,->,12acfc45-bdfb-4343-9004-9be15dfd844c,java/lang/System.java,currentTimeMillis
12acfc45-bdfb-4343-9004-9be15dfd844c,server/model/players/skills/Thieving.java,stealFromStall,->,12acfc45-bdfb-4343-9004-9be15dfd844c,server/model/players/Client.java,sendMessage
12acfc45-bdfb-4343-9004-9be15dfd844c,server/model/players/skills/Thieving.java,stealFromStall,->,12acfc45-bdfb-4343-9004-9be15dfd844c,server/model/players/Client.java,getItems
12acfc45-bdfb-4343-9004-9be15dfd844c,server/model/players/skills/Thieving.java,stealFromStall,->,12acfc45-bdfb-4343-9004-9be15dfd844c,server/model/items/ItemAssistant.java,addItem
12acfc45-bdfb-4343-9004-9be15dfd844c,server/model/players/skills/Thieving.java,stealFromStall,->,12acfc45-bdfb-4343-9004-9be15dfd844c,server/model/players/Client.java,startAnimation
12acfc45-bdfb-4343-9004-9be15dfd844c,server/model/players/skills/Thieving.java,stealFromStall,->,12acfc45-bdfb-4343-9004-9be15dfd844c,server/model/players/Client.java,getPA
12acfc45-bdfb-4343-9004-9be15dfd844c,server/model/players/skills/Thieving.java,stealFromStall,->,12acfc45-bdfb-4343-9004-9be15dfd844c,991eb2a8-284a-4290-ae08-f54cf8834706,0955b7e8-1203-4e9d-8e85-6eeaf5af5ce5
12acfc45-bdfb-4343-9004-9be15dfd844c,server/model/players/skills/Thieving.java,stealFromStall,->,12acfc45-bdfb-4343-9004-9be15dfd844c,java/lang/System.java,currentTimeMillis
12acfc45-bdfb-4343-9004-9be15dfd844c,server/model/players/skills/Thieving.java,stealFromStall,->,12acfc45-bdfb-4343-9004-9be15dfd844c,server/model/players/Client.java,sendMessage
12acfc45-bdfb-4343-9004-9be15dfd844c,server/model/players/skills/Thieving.java,stealFromStall,->,12acfc45-bdfb-4343-9004-9be15dfd844c,server/world/ObjectHandler.java,createAnObject
12acfc45-bdfb-4343-9004-9be15dfd844c,server/model/players/skills/Thieving.java,stealFromStall,->,12acfc45-bdfb-4343-9004-9be15dfd844c,3ab0cc49-78c3-45ed-a03a-f251199dfbb9,3d27faf4-0319-4d3d-b558-10d40da17fd8
12acfc45-bdfb-4343-9004-9be15dfd844c,server/model/players/skills/Thieving.java,stealFromStall,->,12acfc45-bdfb-4343-9004-9be15dfd844c,server/model/players/skills/Thieving.java,getRespawnTime
12acfc45-bdfb-4343-9004-9be15dfd844c,server/model/players/skills/Thieving.java,stealFromStall,->,12acfc45-bdfb-4343-9004-9be15dfd844c,3ab0cc49-78c3-45ed-a03a-f251199dfbb9,d719c34b-e0d2-473f-8e9a-936cfc6b4522
12acfc45-bdfb-4343-9004-9be15dfd844c,server/model/players/skills/Thieving.java,stealFromStall,->,12acfc45-bdfb-4343-9004-9be15dfd844c,java/lang/StringBuilder.java,append
12acfc45-bdfb-4343-9004-9be15dfd844c,server/model/players/skills/Thieving.java,stealFromStall,->,12acfc45-bdfb-4343-9004-9be15dfd844c,java/lang/StringBuilder.java,append
12acfc45-bdfb-4343-9004-9be15dfd844c,server/model/players/skills/Thieving.java,stealFromStall,->,12acfc45-bdfb-4343-9004-9be15dfd844c,java/lang/StringBuilder.java,append
12acfc45-bdfb-4343-9004-9be15dfd844c,server/model/players/skills/Thieving.java,stealFromStall,->,12acfc45-bdfb-4343-9004-9be15dfd844c,java/lang/StringBuilder.java,toString
12acfc45-bdfb-4343-9004-9be15dfd844c,server/model/players/skills/Thieving.java,stealFromStall,->,12acfc45-bdfb-4343-9004-9be15dfd844c,server/model/players/Client.java,sendMessage
12acfc45-bdfb-4343-9004-9be15dfd844c,server/model/players/skills/Thieving.java,failThieve,->,12acfc45-bdfb-4343-9004-9be15dfd844c,3ab0cc49-78c3-45ed-a03a-f251199dfbb9,3d27faf4-0319-4d3d-b558-10d40da17fd8
12acfc45-bdfb-4343-9004-9be15dfd844c,server/model/players/skills/Thieving.java,failThieve,->,12acfc45-bdfb-4343-9004-9be15dfd844c,3ab0cc49-78c3-45ed-a03a-f251199dfbb9,d719c34b-e0d2-473f-8e9a-936cfc6b4522
12acfc45-bdfb-4343-9004-9be15dfd844c,server/model/players/skills/Thieving.java,failThieve,->,12acfc45-bdfb-4343-9004-9be15dfd844c,3ab0cc49-78c3-45ed-a03a-f251199dfbb9,3d27faf4-0319-4d3d-b558-10d40da17fd8
12acfc45-bdfb-4343-9004-9be15dfd844c,server/model/players/skills/Thieving.java,failThieve,->,12acfc45-bdfb-4343-9004-9be15dfd844c,3ab0cc49-78c3-45ed-a03a-f251199dfbb9,d719c34b-e0d2-473f-8e9a-936cfc6b4522
12acfc45-bdfb-4343-9004-9be15dfd844c,server/model/players/skills/Thieving.java,completeThieve,->,12acfc45-bdfb-4343-9004-9be15dfd844c,2c89cfe4-ed6d-446f-832b-3c203feb3155,12264cea-e176-47b1-b1bb-e3a14dc18d35
12acfc45-bdfb-4343-9004-9be15dfd844c,server/model/players/skills/Thieving.java,completeThieve,->,12acfc45-bdfb-4343-9004-9be15dfd844c,java/lang/StringBuilder.java,append
12acfc45-bdfb-4343-9004-9be15dfd844c,server/model/players/skills/Thieving.java,completeThieve,->,12acfc45-bdfb-4343-9004-9be15dfd844c,server/model/npcs/NPCHandler.java,getNpcListName
12acfc45-bdfb-4343-9004-9be15dfd844c,server/model/players/skills/Thieving.java,completeThieve,->,12acfc45-bdfb-4343-9004-9be15dfd844c,java/lang/StringBuilder.java,append
12acfc45-bdfb-4343-9004-9be15dfd844c,server/model/players/skills/Thieving.java,completeThieve,->,12acfc45-bdfb-4343-9004-9be15dfd844c,java/lang/StringBuilder.java,append
12acfc45-bdfb-4343-9004-9be15dfd844c,server/model/players/skills/Thieving.java,completeThieve,->,12acfc45-bdfb-4343-9004-9be15dfd844c,java/lang/StringBuilder.java,toString
12acfc45-bdfb-4343-9004-9be15dfd844c,server/model/players/skills/Thieving.java,completeThieve,->,12acfc45-bdfb-4343-9004-9be15dfd844c,java/lang/StringBuilder.java,append
12acfc45-bdfb-4343-9004-9be15dfd844c,server/model/players/skills/Thieving.java,completeThieve,->,12acfc45-bdfb-4343-9004-9be15dfd844c,server/model/npcs/NPCHandler.java,getNpcListName
12acfc45-bdfb-4343-9004-9be15dfd844c,server/model/players/skills/Thieving.java,completeThieve,->,12acfc45-bdfb-4343-9004-9be15dfd844c,java/lang/StringBuilder.java,append
12acfc45-bdfb-4343-9004-9be15dfd844c,server/model/players/skills/Thieving.java,completeThieve,->,12acfc45-bdfb-4343-9004-9be15dfd844c,java/lang/StringBuilder.java,append
12acfc45-bdfb-4343-9004-9be15dfd844c,server/model/players/skills/Thieving.java,completeThieve,->,12acfc45-bdfb-4343-9004-9be15dfd844c,java/lang/StringBuilder.java,toString
12acfc45-bdfb-4343-9004-9be15dfd844c,server/model/players/skills/Thieving.java,completeThieve,->,12acfc45-bdfb-4343-9004-9be15dfd844c,java/lang/StringBuilder.java,append
12acfc45-bdfb-4343-9004-9be15dfd844c,server/model/players/skills/Thieving.java,completeThieve,->,12acfc45-bdfb-4343-9004-9be15dfd844c,server/model/npcs/NPCHandler.java,getNpcListName
12acfc45-bdfb-4343-9004-9be15dfd844c,server/model/players/skills/Thieving.java,completeThieve,->,12acfc45-bdfb-4343-9004-9be15dfd844c,java/lang/StringBuilder.java,append
12acfc45-bdfb-4343-9004-9be15dfd844c,server/model/players/skills/Thieving.java,completeThieve,->,12acfc45-bdfb-4343-9004-9be15dfd844c,java/lang/StringBuilder.java,append
12acfc45-bdfb-4343-9004-9be15dfd844c,server/model/players/skills/Thieving.java,completeThieve,->,12acfc45-bdfb-4343-9004-9be15dfd844c,java/lang/StringBuilder.java,toString
12acfc45-bdfb-4343-9004-9be15dfd844c,server/model/players/skills/Thieving.java,completeThieve,->,12acfc45-bdfb-4343-9004-9be15dfd844c,java/lang/StringBuilder.java,append
12acfc45-bdfb-4343-9004-9be15dfd844c,server/model/players/skills/Thieving.java,completeThieve,->,12acfc45-bdfb-4343-9004-9be15dfd844c,server/model/npcs/NPCHandler.java,getNpcListName
12acfc45-bdfb-4343-9004-9be15dfd844c,server/model/players/skills/Thieving.java,completeThieve,->,12acfc45-bdfb-4343-9004-9be15dfd844c,java/lang/StringBuilder.java,append
12acfc45-bdfb-4343-9004-9be15dfd844c,server/model/players/skills/Thieving.java,completeThieve,->,12acfc45-bdfb-4343-9004-9be15dfd844c,java/lang/StringBuilder.java,append
12acfc45-bdfb-4343-9004-9be15dfd844c,server/model/players/skills/Thieving.java,completeThieve,->,12acfc45-bdfb-4343-9004-9be15dfd844c,java/lang/StringBuilder.java,toString
12acfc45-bdfb-4343-9004-9be15dfd844c,server/model/players/skills/Thieving.java,completeThieve,->,12acfc45-bdfb-4343-9004-9be15dfd844c,3ab0cc49-78c3-45ed-a03a-f251199dfbb9,3d27faf4-0319-4d3d-b558-10d40da17fd8
12acfc45-bdfb-4343-9004-9be15dfd844c,server/model/players/skills/Thieving.java,completeThieve,->,12acfc45-bdfb-4343-9004-9be15dfd844c,3ab0cc49-78c3-45ed-a03a-f251199dfbb9,d719c34b-e0d2-473f-8e9a-936cfc6b4522
12acfc45-bdfb-4343-9004-9be15dfd844c,server/model/players/skills/Thieving.java,attemptToPickpocket,->,12acfc45-bdfb-4343-9004-9be15dfd844c,java/lang/System.java,currentTimeMillis
12acfc45-bdfb-4343-9004-9be15dfd844c,server/model/players/skills/Thieving.java,attemptToPickpocket,->,12acfc45-bdfb-4343-9004-9be15dfd844c,server/model/players/Client.java,sendMessage
12acfc45-bdfb-4343-9004-9be15dfd844c,server/model/players/skills/Thieving.java,attemptToPickpocket,->,12acfc45-bdfb-4343-9004-9be15dfd844c,server/model/players/skills/Thieving.java,hasRequiredLevel
12acfc45-bdfb-4343-9004-9be15dfd844c,server/model/players/skills/Thieving.java,attemptToPickpocket,->,12acfc45-bdfb-4343-9004-9be15dfd844c,java/lang/StringBuilder.java,append
12acfc45-bdfb-4343-9004-9be15dfd844c,server/model/players/skills/Thieving.java,attemptToPickpocket,->,12acfc45-bdfb-4343-9004-9be15dfd844c,server/model/npcs/NPCHandler.java,getNpcListName
12acfc45-bdfb-4343-9004-9be15dfd844c,server/model/players/skills/Thieving.java,attemptToPickpocket,->,12acfc45-bdfb-4343-9004-9be15dfd844c,java/lang/StringBuilder.java,append
12acfc45-bdfb-4343-9004-9be15dfd844c,server/model/players/skills/Thieving.java,attemptToPickpocket,->,12acfc45-bdfb-4343-9004-9be15dfd844c,java/lang/StringBuilder.java,append
12acfc45-bdfb-4343-9004-9be15dfd844c,server/model/players/skills/Thieving.java,attemptToPickpocket,->,12acfc45-bdfb-4343-9004-9be15dfd844c,java/lang/StringBuilder.java,toString
12acfc45-bdfb-4343-9004-9be15dfd844c,server/model/players/skills/Thieving.java,attemptToPickpocket,->,12acfc45-bdfb-4343-9004-9be15dfd844c,server/model/players/Client.java,sendMessage
12acfc45-bdfb-4343-9004-9be15dfd844c,server/model/players/skills/Thieving.java,attemptToPickpocket,->,12acfc45-bdfb-4343-9004-9be15dfd844c,server/model/players/Client.java,startAnimation
12acfc45-bdfb-4343-9004-9be15dfd844c,server/model/players/skills/Thieving.java,attemptToPickpocket,->,12acfc45-bdfb-4343-9004-9be15dfd844c,2c89cfe4-ed6d-446f-832b-3c203feb3155,12264cea-e176-47b1-b1bb-e3a14dc18d35
12acfc45-bdfb-4343-9004-9be15dfd844c,server/model/players/skills/Thieving.java,attemptToPickpocket,->,12acfc45-bdfb-4343-9004-9be15dfd844c,2c89cfe4-ed6d-446f-832b-3c203feb3155,12264cea-e176-47b1-b1bb-e3a14dc18d35
12acfc45-bdfb-4343-9004-9be15dfd844c,server/model/players/skills/Thieving.java,attemptToPickpocket,->,12acfc45-bdfb-4343-9004-9be15dfd844c,server/model/players/skills/Thieving.java,failThieve
12acfc45-bdfb-4343-9004-9be15dfd844c,server/model/players/skills/Thieving.java,attemptToPickpocket,->,12acfc45-bdfb-4343-9004-9be15dfd844c,server/model/players/skills/Thieving.java,completeThieve
12acfc45-bdfb-4343-9004-9be15dfd844c,server/model/players/skills/Thieving.java,attemptToPickpocket,->,12acfc45-bdfb-4343-9004-9be15dfd844c,java/lang/System.java,currentTimeMillis
12acfc45-bdfb-4343-9004-9be15dfd844c,13a9d311-0d3f-4300-a522-b5da68ff6085,dcfc4387-84fd-4e03-ab68-875f222b5ca7,->,12acfc45-bdfb-4343-9004-9be15dfd844c,server/model/players/skills/CraftingData$leatherData.java,values
12acfc45-bdfb-4343-9004-9be15dfd844c,13a9d311-0d3f-4300-a522-b5da68ff6085,dcfc4387-84fd-4e03-ab68-875f222b5ca7,->,12acfc45-bdfb-4343-9004-9be15dfd844c,server/model/players/skills/CraftingData$leatherData.java,getLeather
12acfc45-bdfb-4343-9004-9be15dfd844c,13a9d311-0d3f-4300-a522-b5da68ff6085,dcfc4387-84fd-4e03-ab68-875f222b5ca7,->,12acfc45-bdfb-4343-9004-9be15dfd844c,server/model/players/skills/CraftingData$leatherData.java,getLeather
12acfc45-bdfb-4343-9004-9be15dfd844c,13a9d311-0d3f-4300-a522-b5da68ff6085,dcfc4387-84fd-4e03-ab68-875f222b5ca7,->,12acfc45-bdfb-4343-9004-9be15dfd844c,server/model/players/Client.java,getPA
12acfc45-bdfb-4343-9004-9be15dfd844c,13a9d311-0d3f-4300-a522-b5da68ff6085,dcfc4387-84fd-4e03-ab68-875f222b5ca7,->,12acfc45-bdfb-4343-9004-9be15dfd844c,server/model/players/PlayerAssistant.java,showInterface
12acfc45-bdfb-4343-9004-9be15dfd844c,13a9d311-0d3f-4300-a522-b5da68ff6085,dcfc4387-84fd-4e03-ab68-875f222b5ca7,->,12acfc45-bdfb-4343-9004-9be15dfd844c,server/model/players/skills/CraftingData$leatherData.java,getLeather
12acfc45-bdfb-4343-9004-9be15dfd844c,13a9d311-0d3f-4300-a522-b5da68ff6085,dcfc4387-84fd-4e03-ab68-875f222b5ca7,->,12acfc45-bdfb-4343-9004-9be15dfd844c,server/model/players/Client.java,getPA
12acfc45-bdfb-4343-9004-9be15dfd844c,13a9d311-0d3f-4300-a522-b5da68ff6085,dcfc4387-84fd-4e03-ab68-875f222b5ca7,->,12acfc45-bdfb-4343-9004-9be15dfd844c,991eb2a8-284a-4290-ae08-f54cf8834706,fbacd858-15ac-4dfb-b5c1-9851ae733165
12acfc45-bdfb-4343-9004-9be15dfd844c,13a9d311-0d3f-4300-a522-b5da68ff6085,dcfc4387-84fd-4e03-ab68-875f222b5ca7,->,12acfc45-bdfb-4343-9004-9be15dfd844c,server/model/players/Client.java,getPA
12acfc45-bdfb-4343-9004-9be15dfd844c,13a9d311-0d3f-4300-a522-b5da68ff6085,dcfc4387-84fd-4e03-ab68-875f222b5ca7,->,12acfc45-bdfb-4343-9004-9be15dfd844c,991eb2a8-284a-4290-ae08-f54cf8834706,fac5805e-62dd-4557-9f21-ff16d491f306
12acfc45-bdfb-4343-9004-9be15dfd844c,13a9d311-0d3f-4300-a522-b5da68ff6085,dcfc4387-84fd-4e03-ab68-875f222b5ca7,->,12acfc45-bdfb-4343-9004-9be15dfd844c,server/model/players/Client.java,getPA
12acfc45-bdfb-4343-9004-9be15dfd844c,13a9d311-0d3f-4300-a522-b5da68ff6085,dcfc4387-84fd-4e03-ab68-875f222b5ca7,->,12acfc45-bdfb-4343-9004-9be15dfd844c,991eb2a8-284a-4290-ae08-f54cf8834706,fac5805e-62dd-4557-9f21-ff16d491f306
12acfc45-bdfb-4343-9004-9be15dfd844c,13a9d311-0d3f-4300-a522-b5da68ff6085,dcfc4387-84fd-4e03-ab68-875f222b5ca7,->,12acfc45-bdfb-4343-9004-9be15dfd844c,server/model/players/Client.java,getPA
12acfc45-bdfb-4343-9004-9be15dfd844c,13a9d311-0d3f-4300-a522-b5da68ff6085,dcfc4387-84fd-4e03-ab68-875f222b5ca7,->,12acfc45-bdfb-4343-9004-9be15dfd844c,991eb2a8-284a-4290-ae08-f54cf8834706,fac5805e-62dd-4557-9f21-ff16d491f306
12acfc45-bdfb-4343-9004-9be15dfd844c,13a9d311-0d3f-4300-a522-b5da68ff6085,dcfc4387-84fd-4e03-ab68-875f222b5ca7,->,12acfc45-bdfb-4343-9004-9be15dfd844c,server/model/players/Client.java,getPA
12acfc45-bdfb-4343-9004-9be15dfd844c,13a9d311-0d3f-4300-a522-b5da68ff6085,dcfc4387-84fd-4e03-ab68-875f222b5ca7,->,12acfc45-bdfb-4343-9004-9be15dfd844c,991eb2a8-284a-4290-ae08-f54cf8834706,fac5805e-62dd-4557-9f21-ff16d491f306
12acfc45-bdfb-4343-9004-9be15dfd844c,13a9d311-0d3f-4300-a522-b5da68ff6085,dcfc4387-84fd-4e03-ab68-875f222b5ca7,->,12acfc45-bdfb-4343-9004-9be15dfd844c,server/model/players/Client.java,getPA
12acfc45-bdfb-4343-9004-9be15dfd844c,13a9d311-0d3f-4300-a522-b5da68ff6085,dcfc4387-84fd-4e03-ab68-875f222b5ca7,->,12acfc45-bdfb-4343-9004-9be15dfd844c,991eb2a8-284a-4290-ae08-f54cf8834706,fac5805e-62dd-4557-9f21-ff16d491f306
12acfc45-bdfb-4343-9004-9be15dfd844c,13a9d311-0d3f-4300-a522-b5da68ff6085,dcfc4387-84fd-4e03-ab68-875f222b5ca7,->,12acfc45-bdfb-4343-9004-9be15dfd844c,server/model/players/Client.java,getPA
12acfc45-bdfb-4343-9004-9be15dfd844c,13a9d311-0d3f-4300-a522-b5da68ff6085,dcfc4387-84fd-4e03-ab68-875f222b5ca7,->,12acfc45-bdfb-4343-9004-9be15dfd844c,991eb2a8-284a-4290-ae08-f54cf8834706,609517a1-3a8b-4bd9-8623-3cae47c33a17
12acfc45-bdfb-4343-9004-9be15dfd844c,13a9d311-0d3f-4300-a522-b5da68ff6085,dcfc4387-84fd-4e03-ab68-875f222b5ca7,->,12acfc45-bdfb-4343-9004-9be15dfd844c,server/model/players/skills/CraftingData$leatherDialogueData.java,values
12acfc45-bdfb-4343-9004-9be15dfd844c,13a9d311-0d3f-4300-a522-b5da68ff6085,dcfc4387-84fd-4e03-ab68-875f222b5ca7,->,12acfc45-bdfb-4343-9004-9be15dfd844c,server/model/players/skills/CraftingData$leatherDialogueData.java,getLeather
12acfc45-bdfb-4343-9004-9be15dfd844c,13a9d311-0d3f-4300-a522-b5da68ff6085,dcfc4387-84fd-4e03-ab68-875f222b5ca7,->,12acfc45-bdfb-4343-9004-9be15dfd844c,server/model/players/Client.java,getPA
12acfc45-bdfb-4343-9004-9be15dfd844c,13a9d311-0d3f-4300-a522-b5da68ff6085,dcfc4387-84fd-4e03-ab68-875f222b5ca7,->,12acfc45-bdfb-4343-9004-9be15dfd844c,991eb2a8-284a-4290-ae08-f54cf8834706,fbacd858-15ac-4dfb-b5c1-9851ae733165
12acfc45-bdfb-4343-9004-9be15dfd844c,13a9d311-0d3f-4300-a522-b5da68ff6085,dcfc4387-84fd-4e03-ab68-875f222b5ca7,->,12acfc45-bdfb-4343-9004-9be15dfd844c,server/model/players/Client.java,getPA
12acfc45-bdfb-4343-9004-9be15dfd844c,13a9d311-0d3f-4300-a522-b5da68ff6085,dcfc4387-84fd-4e03-ab68-875f222b5ca7,->,12acfc45-bdfb-4343-9004-9be15dfd844c,server/model/players/skills/CraftingData$leatherDialogueData.java,getVamb
12acfc45-bdfb-4343-9004-9be15dfd844c,13a9d311-0d3f-4300-a522-b5da68ff6085,dcfc4387-84fd-4e03-ab68-875f222b5ca7,->,12acfc45-bdfb-4343-9004-9be15dfd844c,991eb2a8-284a-4290-ae08-f54cf8834706,fac5805e-62dd-4557-9f21-ff16d491f306
12acfc45-bdfb-4343-9004-9be15dfd844c,13a9d311-0d3f-4300-a522-b5da68ff6085,dcfc4387-84fd-4e03-ab68-875f222b5ca7,->,12acfc45-bdfb-4343-9004-9be15dfd844c,server/model/players/Client.java,getPA
12acfc45-bdfb-4343-9004-9be15dfd844c,13a9d311-0d3f-4300-a522-b5da68ff6085,dcfc4387-84fd-4e03-ab68-875f222b5ca7,->,12acfc45-bdfb-4343-9004-9be15dfd844c,server/model/players/skills/CraftingData$leatherDialogueData.java,getChaps
12acfc45-bdfb-4343-9004-9be15dfd844c,13a9d311-0d3f-4300-a522-b5da68ff6085,dcfc4387-84fd-4e03-ab68-875f222b5ca7,->,12acfc45-bdfb-4343-9004-9be15dfd844c,991eb2a8-284a-4290-ae08-f54cf8834706,fac5805e-62dd-4557-9f21-ff16d491f306
12acfc45-bdfb-4343-9004-9be15dfd844c,13a9d311-0d3f-4300-a522-b5da68ff6085,dcfc4387-84fd-4e03-ab68-875f222b5ca7,->,12acfc45-bdfb-4343-9004-9be15dfd844c,server/model/players/Client.java,getPA
12acfc45-bdfb-4343-9004-9be15dfd844c,13a9d311-0d3f-4300-a522-b5da68ff6085,dcfc4387-84fd-4e03-ab68-875f222b5ca7,->,12acfc45-bdfb-4343-9004-9be15dfd844c,server/model/players/skills/CraftingData$leatherDialogueData.java,getBody
12acfc45-bdfb-4343-9004-9be15dfd844c,13a9d311-0d3f-4300-a522-b5da68ff6085,dcfc4387-84fd-4e03-ab68-875f222b5ca7,->,12acfc45-bdfb-4343-9004-9be15dfd844c,991eb2a8-284a-4290-ae08-f54cf8834706,fac5805e-62dd-4557-9f21-ff16d491f306
12acfc45-bdfb-4343-9004-9be15dfd844c,13a9d311-0d3f-4300-a522-b5da68ff6085,dcfc4387-84fd-4e03-ab68-875f222b5ca7,->,12acfc45-bdfb-4343-9004-9be15dfd844c,server/model/players/Client.java,getPA
12acfc45-bdfb-4343-9004-9be15dfd844c,13a9d311-0d3f-4300-a522-b5da68ff6085,dcfc4387-84fd-4e03-ab68-875f222b5ca7,->,12acfc45-bdfb-4343-9004-9be15dfd844c,991eb2a8-284a-4290-ae08-f54cf8834706,609517a1-3a8b-4bd9-8623-3cae47c33a17
12acfc45-bdfb-4343-9004-9be15dfd844c,13a9d311-0d3f-4300-a522-b5da68ff6085,25ea2c71-7364-47af-85b5-87890f39a846,->,12acfc45-bdfb-4343-9004-9be15dfd844c,server/model/players/skills/CraftingData$leatherData.java,values
12acfc45-bdfb-4343-9004-9be15dfd844c,13a9d311-0d3f-4300-a522-b5da68ff6085,25ea2c71-7364-47af-85b5-87890f39a846,->,12acfc45-bdfb-4343-9004-9be15dfd844c,server/model/players/skills/CraftingData$leatherData.java,getButtonId
12acfc45-bdfb-4343-9004-9be15dfd844c,13a9d311-0d3f-4300-a522-b5da68ff6085,25ea2c71-7364-47af-85b5-87890f39a846,->,12acfc45-bdfb-4343-9004-9be15dfd844c,server/model/players/skills/CraftingData$leatherData.java,getLeather
12acfc45-bdfb-4343-9004-9be15dfd844c,13a9d311-0d3f-4300-a522-b5da68ff6085,25ea2c71-7364-47af-85b5-87890f39a846,->,12acfc45-bdfb-4343-9004-9be15dfd844c,server/model/players/skills/CraftingData$leatherData.java,getLevel
12acfc45-bdfb-4343-9004-9be15dfd844c,13a9d311-0d3f-4300-a522-b5da68ff6085,25ea2c71-7364-47af-85b5-87890f39a846,->,12acfc45-bdfb-4343-9004-9be15dfd844c,java/lang/StringBuilder.java,append
12acfc45-bdfb-4343-9004-9be15dfd844c,13a9d311-0d3f-4300-a522-b5da68ff6085,25ea2c71-7364-47af-85b5-87890f39a846,->,12acfc45-bdfb-4343-9004-9be15dfd844c,server/model/players/skills/CraftingData$leatherData.java,getLevel
12acfc45-bdfb-4343-9004-9be15dfd844c,13a9d311-0d3f-4300-a522-b5da68ff6085,25ea2c71-7364-47af-85b5-87890f39a846,->,12acfc45-bdfb-4343-9004-9be15dfd844c,java/lang/StringBuilder.java,append
12acfc45-bdfb-4343-9004-9be15dfd844c,13a9d311-0d3f-4300-a522-b5da68ff6085,25ea2c71-7364-47af-85b5-87890f39a846,->,12acfc45-bdfb-4343-9004-9be15dfd844c,java/lang/StringBuilder.java,append
12acfc45-bdfb-4343-9004-9be15dfd844c,13a9d311-0d3f-4300-a522-b5da68ff6085,25ea2c71-7364-47af-85b5-87890f39a846,->,12acfc45-bdfb-4343-9004-9be15dfd844c,java/lang/StringBuilder.java,toString
12acfc45-bdfb-4343-9004-9be15dfd844c,13a9d311-0d3f-4300-a522-b5da68ff6085,25ea2c71-7364-47af-85b5-87890f39a846,->,12acfc45-bdfb-4343-9004-9be15dfd844c,server/model/players/Client.java,sendMessage
12acfc45-bdfb-4343-9004-9be15dfd844c,13a9d311-0d3f-4300-a522-b5da68ff6085,25ea2c71-7364-47af-85b5-87890f39a846,->,12acfc45-bdfb-4343-9004-9be15dfd844c,server/model/players/Client.java,getPA
12acfc45-bdfb-4343-9004-9be15dfd844c,13a9d311-0d3f-4300-a522-b5da68ff6085,25ea2c71-7364-47af-85b5-87890f39a846,->,12acfc45-bdfb-4343-9004-9be15dfd844c,991eb2a8-284a-4290-ae08-f54cf8834706,3666955d-52b4-495d-880c-318d6383a5bb
12acfc45-bdfb-4343-9004-9be15dfd844c,13a9d311-0d3f-4300-a522-b5da68ff6085,25ea2c71-7364-47af-85b5-87890f39a846,->,12acfc45-bdfb-4343-9004-9be15dfd844c,server/model/players/Client.java,getItems
12acfc45-bdfb-4343-9004-9be15dfd844c,13a9d311-0d3f-4300-a522-b5da68ff6085,25ea2c71-7364-47af-85b5-87890f39a846,->,12acfc45-bdfb-4343-9004-9be15dfd844c,server/model/items/ItemAssistant.java,playerHasItem
12acfc45-bdfb-4343-9004-9be15dfd844c,13a9d311-0d3f-4300-a522-b5da68ff6085,25ea2c71-7364-47af-85b5-87890f39a846,->,12acfc45-bdfb-4343-9004-9be15dfd844c,server/model/players/Client.java,sendMessage
12acfc45-bdfb-4343-9004-9be15dfd844c,13a9d311-0d3f-4300-a522-b5da68ff6085,25ea2c71-7364-47af-85b5-87890f39a846,->,12acfc45-bdfb-4343-9004-9be15dfd844c,server/model/players/Client.java,getPA
12acfc45-bdfb-4343-9004-9be15dfd844c,13a9d311-0d3f-4300-a522-b5da68ff6085,25ea2c71-7364-47af-85b5-87890f39a846,->,12acfc45-bdfb-4343-9004-9be15dfd844c,991eb2a8-284a-4290-ae08-f54cf8834706,3666955d-52b4-495d-880c-318d6383a5bb
12acfc45-bdfb-4343-9004-9be15dfd844c,13a9d311-0d3f-4300-a522-b5da68ff6085,25ea2c71-7364-47af-85b5-87890f39a846,->,12acfc45-bdfb-4343-9004-9be15dfd844c,server/model/players/Client.java,getItems
12acfc45-bdfb-4343-9004-9be15dfd844c,13a9d311-0d3f-4300-a522-b5da68ff6085,25ea2c71-7364-47af-85b5-87890f39a846,->,12acfc45-bdfb-4343-9004-9be15dfd844c,server/model/players/skills/CraftingData$leatherData.java,getHideAmount
12acfc45-bdfb-4343-9004-9be15dfd844c,13a9d311-0d3f-4300-a522-b5da68ff6085,25ea2c71-7364-47af-85b5-87890f39a846,->,12acfc45-bdfb-4343-9004-9be15dfd844c,server/model/items/ItemAssistant.java,playerHasItem
12acfc45-bdfb-4343-9004-9be15dfd844c,13a9d311-0d3f-4300-a522-b5da68ff6085,25ea2c71-7364-47af-85b5-87890f39a846,->,12acfc45-bdfb-4343-9004-9be15dfd844c,java/lang/StringBuilder.java,append
12acfc45-bdfb-4343-9004-9be15dfd844c,13a9d311-0d3f-4300-a522-b5da68ff6085,25ea2c71-7364-47af-85b5-87890f39a846,->,12acfc45-bdfb-4343-9004-9be15dfd844c,server/model/players/skills/CraftingData$leatherData.java,getHideAmount
12acfc45-bdfb-4343-9004-9be15dfd844c,13a9d311-0d3f-4300-a522-b5da68ff6085,25ea2c71-7364-47af-85b5-87890f39a846,->,12acfc45-bdfb-4343-9004-9be15dfd844c,java/lang/StringBuilder.java,append
12acfc45-bdfb-4343-9004-9be15dfd844c,13a9d311-0d3f-4300-a522-b5da68ff6085,25ea2c71-7364-47af-85b5-87890f39a846,->,12acfc45-bdfb-4343-9004-9be15dfd844c,java/lang/StringBuilder.java,append
12acfc45-bdfb-4343-9004-9be15dfd844c,13a9d311-0d3f-4300-a522-b5da68ff6085,25ea2c71-7364-47af-85b5-87890f39a846,->,12acfc45-bdfb-4343-9004-9be15dfd844c,server/model/players/Client.java,getItems
12acfc45-bdfb-4343-9004-9be15dfd844c,13a9d311-0d3f-4300-a522-b5da68ff6085,25ea2c71-7364-47af-85b5-87890f39a846,->,12acfc45-bdfb-4343-9004-9be15dfd844c,server/model/items/ItemAssistant.java,getItemName
12acfc45-bdfb-4343-9004-9be15dfd844c,13a9d311-0d3f-4300-a522-b5da68ff6085,25ea2c71-7364-47af-85b5-87890f39a846,->,12acfc45-bdfb-4343-9004-9be15dfd844c,java/lang/String.java,toLowerCase
12acfc45-bdfb-4343-9004-9be15dfd844c,13a9d311-0d3f-4300-a522-b5da68ff6085,25ea2c71-7364-47af-85b5-87890f39a846,->,12acfc45-bdfb-4343-9004-9be15dfd844c,java/lang/StringBuilder.java,append
12acfc45-bdfb-4343-9004-9be15dfd844c,13a9d311-0d3f-4300-a522-b5da68ff6085,25ea2c71-7364-47af-85b5-87890f39a846,->,12acfc45-bdfb-4343-9004-9be15dfd844c,java/lang/StringBuilder.java,append
12acfc45-bdfb-4343-9004-9be15dfd844c,13a9d311-0d3f-4300-a522-b5da68ff6085,25ea2c71-7364-47af-85b5-87890f39a846,->,12acfc45-bdfb-4343-9004-9be15dfd844c,server/model/players/Client.java,getItems
12acfc45-bdfb-4343-9004-9be15dfd844c,13a9d311-0d3f-4300-a522-b5da68ff6085,25ea2c71-7364-47af-85b5-87890f39a846,->,12acfc45-bdfb-4343-9004-9be15dfd844c,server/model/players/skills/CraftingData$leatherData.java,getProduct
12acfc45-bdfb-4343-9004-9be15dfd844c,13a9d311-0d3f-4300-a522-b5da68ff6085,25ea2c71-7364-47af-85b5-87890f39a846,->,12acfc45-bdfb-4343-9004-9be15dfd844c,server/model/items/ItemAssistant.java,getItemName
12acfc45-bdfb-4343-9004-9be15dfd844c,13a9d311-0d3f-4300-a522-b5da68ff6085,25ea2c71-7364-47af-85b5-87890f39a846,->,12acfc45-bdfb-4343-9004-9be15dfd844c,java/lang/String.java,toLowerCase
12acfc45-bdfb-4343-9004-9be15dfd844c,13a9d311-0d3f-4300-a522-b5da68ff6085,25ea2c71-7364-47af-85b5-87890f39a846,->,12acfc45-bdfb-4343-9004-9be15dfd844c,java/lang/StringBuilder.java,append
12acfc45-bdfb-4343-9004-9be15dfd844c,13a9d311-0d3f-4300-a522-b5da68ff6085,25ea2c71-7364-47af-85b5-87890f39a846,->,12acfc45-bdfb-4343-9004-9be15dfd844c,java/lang/StringBuilder.java,append
12acfc45-bdfb-4343-9004-9be15dfd844c,13a9d311-0d3f-4300-a522-b5da68ff6085,25ea2c71-7364-47af-85b5-87890f39a846,->,12acfc45-bdfb-4343-9004-9be15dfd844c,java/lang/StringBuilder.java,toString
12acfc45-bdfb-4343-9004-9be15dfd844c,13a9d311-0d3f-4300-a522-b5da68ff6085,25ea2c71-7364-47af-85b5-87890f39a846,->,12acfc45-bdfb-4343-9004-9be15dfd844c,server/model/players/Client.java,sendMessage
12acfc45-bdfb-4343-9004-9be15dfd844c,13a9d311-0d3f-4300-a522-b5da68ff6085,25ea2c71-7364-47af-85b5-87890f39a846,->,12acfc45-bdfb-4343-9004-9be15dfd844c,server/model/players/Client.java,getPA
12acfc45-bdfb-4343-9004-9be15dfd844c,13a9d311-0d3f-4300-a522-b5da68ff6085,25ea2c71-7364-47af-85b5-87890f39a846,->,12acfc45-bdfb-4343-9004-9be15dfd844c,991eb2a8-284a-4290-ae08-f54cf8834706,3666955d-52b4-495d-880c-318d6383a5bb
12acfc45-bdfb-4343-9004-9be15dfd844c,13a9d311-0d3f-4300-a522-b5da68ff6085,25ea2c71-7364-47af-85b5-87890f39a846,->,12acfc45-bdfb-4343-9004-9be15dfd844c,server/model/players/Client.java,startAnimation
12acfc45-bdfb-4343-9004-9be15dfd844c,13a9d311-0d3f-4300-a522-b5da68ff6085,25ea2c71-7364-47af-85b5-87890f39a846,->,12acfc45-bdfb-4343-9004-9be15dfd844c,server/model/players/Client.java,getPA
12acfc45-bdfb-4343-9004-9be15dfd844c,13a9d311-0d3f-4300-a522-b5da68ff6085,25ea2c71-7364-47af-85b5-87890f39a846,->,12acfc45-bdfb-4343-9004-9be15dfd844c,991eb2a8-284a-4290-ae08-f54cf8834706,3666955d-52b4-495d-880c-318d6383a5bb
12acfc45-bdfb-4343-9004-9be15dfd844c,13a9d311-0d3f-4300-a522-b5da68ff6085,25ea2c71-7364-47af-85b5-87890f39a846,->,12acfc45-bdfb-4343-9004-9be15dfd844c,server/model/players/skills/CraftingData$leatherData.java,getAmount
12acfc45-bdfb-4343-9004-9be15dfd844c,13a9d311-0d3f-4300-a522-b5da68ff6085,25ea2c71-7364-47af-85b5-87890f39a846,->,12acfc45-bdfb-4343-9004-9be15dfd844c,3ab0cc49-78c3-45ed-a03a-f251199dfbb9,3d27faf4-0319-4d3d-b558-10d40da17fd8
12acfc45-bdfb-4343-9004-9be15dfd844c,13a9d311-0d3f-4300-a522-b5da68ff6085,25ea2c71-7364-47af-85b5-87890f39a846,->,12acfc45-bdfb-4343-9004-9be15dfd844c,3ab0cc49-78c3-45ed-a03a-f251199dfbb9,d719c34b-e0d2-473f-8e9a-936cfc6b4522
12acfc45-bdfb-4343-9004-9be15dfd844c,server/model/players/skills/Mining$3.java,execute,->,12acfc45-bdfb-4343-9004-9be15dfd844c,server/world/ObjectHandler.java,createAnObject
12acfc45-bdfb-4343-9004-9be15dfd844c,server/model/players/skills/Mining$3.java,execute,->,12acfc45-bdfb-4343-9004-9be15dfd844c,6dd0c5db-72ba-4498-883f-a3c8c3333519,2c14e4eb-2b3e-4056-bf8e-5218f96f0ad5
12acfc45-bdfb-4343-9004-9be15dfd844c,server/model/players/skills/Fletching.java,makeArrows,->,12acfc45-bdfb-4343-9004-9be15dfd844c,server/model/players/Client.java,getItems
12acfc45-bdfb-4343-9004-9be15dfd844c,server/model/players/skills/Fletching.java,makeArrows,->,12acfc45-bdfb-4343-9004-9be15dfd844c,server/model/items/ItemAssistant.java,playerHasItem
12acfc45-bdfb-4343-9004-9be15dfd844c,server/model/players/skills/Fletching.java,makeArrows,->,12acfc45-bdfb-4343-9004-9be15dfd844c,server/model/players/Client.java,getItems
12acfc45-bdfb-4343-9004-9be15dfd844c,server/model/players/skills/Fletching.java,makeArrows,->,12acfc45-bdfb-4343-9004-9be15dfd844c,server/model/items/ItemAssistant.java,playerHasItem
12acfc45-bdfb-4343-9004-9be15dfd844c,server/model/players/skills/Fletching.java,makeArrows,->,12acfc45-bdfb-4343-9004-9be15dfd844c,server/model/players/Client.java,getItems
12acfc45-bdfb-4343-9004-9be15dfd844c,server/model/players/skills/Fletching.java,makeArrows,->,12acfc45-bdfb-4343-9004-9be15dfd844c,server/model/players/Client.java,getItems
12acfc45-bdfb-4343-9004-9be15dfd844c,server/model/players/skills/Fletching.java,makeArrows,->,12acfc45-bdfb-4343-9004-9be15dfd844c,server/model/items/ItemAssistant.java,getItemSlot
12acfc45-bdfb-4343-9004-9be15dfd844c,server/model/players/skills/Fletching.java,makeArrows,->,12acfc45-bdfb-4343-9004-9be15dfd844c,server/model/items/ItemAssistant.java,deleteItem
12acfc45-bdfb-4343-9004-9be15dfd844c,server/model/players/skills/Fletching.java,makeArrows,->,12acfc45-bdfb-4343-9004-9be15dfd844c,server/model/players/Client.java,getItems
12acfc45-bdfb-4343-9004-9be15dfd844c,server/model/players/skills/Fletching.java,makeArrows,->,12acfc45-bdfb-4343-9004-9be15dfd844c,server/model/players/Client.java,getItems
12acfc45-bdfb-4343-9004-9be15dfd844c,server/model/players/skills/Fletching.java,makeArrows,->,12acfc45-bdfb-4343-9004-9be15dfd844c,server/model/items/ItemAssistant.java,getItemSlot
12acfc45-bdfb-4343-9004-9be15dfd844c,server/model/players/skills/Fletching.java,makeArrows,->,12acfc45-bdfb-4343-9004-9be15dfd844c,server/model/items/ItemAssistant.java,deleteItem
12acfc45-bdfb-4343-9004-9be15dfd844c,server/model/players/skills/Fletching.java,makeArrows,->,12acfc45-bdfb-4343-9004-9be15dfd844c,server/model/players/Client.java,getItems
12acfc45-bdfb-4343-9004-9be15dfd844c,server/model/players/skills/Fletching.java,makeArrows,->,12acfc45-bdfb-4343-9004-9be15dfd844c,server/model/items/ItemAssistant.java,addItem
12acfc45-bdfb-4343-9004-9be15dfd844c,server/model/players/skills/Fletching.java,makeArrows,->,12acfc45-bdfb-4343-9004-9be15dfd844c,server/model/players/Client.java,getPA
12acfc45-bdfb-4343-9004-9be15dfd844c,server/model/players/skills/Fletching.java,makeArrows,->,12acfc45-bdfb-4343-9004-9be15dfd844c,991eb2a8-284a-4290-ae08-f54cf8834706,0955b7e8-1203-4e9d-8e85-6eeaf5af5ce5
12acfc45-bdfb-4343-9004-9be15dfd844c,server/model/players/skills/Fletching.java,makeArrows,->,12acfc45-bdfb-4343-9004-9be15dfd844c,java/lang/StringBuilder.java,append
12acfc45-bdfb-4343-9004-9be15dfd844c,server/model/players/skills/Fletching.java,makeArrows,->,12acfc45-bdfb-4343-9004-9be15dfd844c,java/lang/StringBuilder.java,append
12acfc45-bdfb-4343-9004-9be15dfd844c,server/model/players/skills/Fletching.java,makeArrows,->,12acfc45-bdfb-4343-9004-9be15dfd844c,java/lang/StringBuilder.java,append
12acfc45-bdfb-4343-9004-9be15dfd844c,server/model/players/skills/Fletching.java,makeArrows,->,12acfc45-bdfb-4343-9004-9be15dfd844c,java/lang/StringBuilder.java,toString
12acfc45-bdfb-4343-9004-9be15dfd844c,server/model/players/skills/Fletching.java,makeArrows,->,12acfc45-bdfb-4343-9004-9be15dfd844c,server/model/players/Client.java,sendMessage
12acfc45-bdfb-4343-9004-9be15dfd844c,server/model/players/skills/Fletching.java,makeArrows,->,12acfc45-bdfb-4343-9004-9be15dfd844c,server/model/players/Client.java,sendMessage
12acfc45-bdfb-4343-9004-9be15dfd844c,server/model/players/skills/Fletching.java,handleFletchingClick,->,12acfc45-bdfb-4343-9004-9be15dfd844c,server/model/players/skills/Fletching.java,fletchBow
12acfc45-bdfb-4343-9004-9be15dfd844c,server/model/players/skills/Fletching.java,fletchBow,->,12acfc45-bdfb-4343-9004-9be15dfd844c,server/model/players/skills/Fletching.java,getItemToAdd
12acfc45-bdfb-4343-9004-9be15dfd844c,server/model/players/skills/Fletching.java,fletchBow,->,12acfc45-bdfb-4343-9004-9be15dfd844c,server/model/players/skills/Fletching.java,getAmountToAdd
12acfc45-bdfb-4343-9004-9be15dfd844c,server/model/players/skills/Fletching.java,fletchBow,->,12acfc45-bdfb-4343-9004-9be15dfd844c,server/model/players/Client.java,getItems
12acfc45-bdfb-4343-9004-9be15dfd844c,server/model/players/skills/Fletching.java,fletchBow,->,12acfc45-bdfb-4343-9004-9be15dfd844c,server/model/items/ItemAssistant.java,playerHasItem
12acfc45-bdfb-4343-9004-9be15dfd844c,server/model/players/skills/Fletching.java,fletchBow,->,12acfc45-bdfb-4343-9004-9be15dfd844c,server/model/players/Client.java,getItems
12acfc45-bdfb-4343-9004-9be15dfd844c,server/model/players/skills/Fletching.java,fletchBow,->,12acfc45-bdfb-4343-9004-9be15dfd844c,server/model/players/Client.java,getItems
12acfc45-bdfb-4343-9004-9be15dfd844c,server/model/players/skills/Fletching.java,fletchBow,->,12acfc45-bdfb-4343-9004-9be15dfd844c,server/model/items/ItemAssistant.java,getItemSlot
12acfc45-bdfb-4343-9004-9be15dfd844c,server/model/players/skills/Fletching.java,fletchBow,->,12acfc45-bdfb-4343-9004-9be15dfd844c,server/model/items/ItemAssistant.java,deleteItem
12acfc45-bdfb-4343-9004-9be15dfd844c,server/model/players/skills/Fletching.java,fletchBow,->,12acfc45-bdfb-4343-9004-9be15dfd844c,server/model/players/Client.java,getItems
12acfc45-bdfb-4343-9004-9be15dfd844c,server/model/players/skills/Fletching.java,fletchBow,->,12acfc45-bdfb-4343-9004-9be15dfd844c,server/model/items/ItemAssistant.java,addItem
12acfc45-bdfb-4343-9004-9be15dfd844c,server/model/players/skills/Fletching.java,fletchBow,->,12acfc45-bdfb-4343-9004-9be15dfd844c,server/model/players/Client.java,getPA
12acfc45-bdfb-4343-9004-9be15dfd844c,server/model/players/skills/Fletching.java,fletchBow,->,12acfc45-bdfb-4343-9004-9be15dfd844c,server/model/players/skills/Fletching.java,getExp
12acfc45-bdfb-4343-9004-9be15dfd844c,server/model/players/skills/Fletching.java,fletchBow,->,12acfc45-bdfb-4343-9004-9be15dfd844c,991eb2a8-284a-4290-ae08-f54cf8834706,0955b7e8-1203-4e9d-8e85-6eeaf5af5ce5
12acfc45-bdfb-4343-9004-9be15dfd844c,server/model/players/skills/Fletching.java,fletchBow,->,12acfc45-bdfb-4343-9004-9be15dfd844c,java/lang/StringBuilder.java,append
12acfc45-bdfb-4343-9004-9be15dfd844c,server/model/players/skills/Fletching.java,fletchBow,->,12acfc45-bdfb-4343-9004-9be15dfd844c,java/lang/StringBuilder.java,append
12acfc45-bdfb-4343-9004-9be15dfd844c,server/model/players/skills/Fletching.java,fletchBow,->,12acfc45-bdfb-4343-9004-9be15dfd844c,java/lang/StringBuilder.java,append
12acfc45-bdfb-4343-9004-9be15dfd844c,server/model/players/skills/Fletching.java,fletchBow,->,12acfc45-bdfb-4343-9004-9be15dfd844c,java/lang/StringBuilder.java,toString
12acfc45-bdfb-4343-9004-9be15dfd844c,server/model/players/skills/Fletching.java,fletchBow,->,12acfc45-bdfb-4343-9004-9be15dfd844c,server/model/players/Client.java,sendMessage
12acfc45-bdfb-4343-9004-9be15dfd844c,server/model/players/skills/Fletching.java,handleLog,->,12acfc45-bdfb-4343-9004-9be15dfd844c,server/model/players/skills/Fletching.java,openFletching
12acfc45-bdfb-4343-9004-9be15dfd844c,server/model/players/skills/Fletching.java,handleLog,->,12acfc45-bdfb-4343-9004-9be15dfd844c,server/model/players/skills/Fletching.java,openFletching
12acfc45-bdfb-4343-9004-9be15dfd844c,server/model/players/skills/Fletching.java,openFletching,->,12acfc45-bdfb-4343-9004-9be15dfd844c,server/model/players/Client.java,getPA
12acfc45-bdfb-4343-9004-9be15dfd844c,server/model/players/skills/Fletching.java,openFletching,->,12acfc45-bdfb-4343-9004-9be15dfd844c,991eb2a8-284a-4290-ae08-f54cf8834706,fbacd858-15ac-4dfb-b5c1-9851ae733165
12acfc45-bdfb-4343-9004-9be15dfd844c,server/model/players/skills/Fletching.java,openFletching,->,12acfc45-bdfb-4343-9004-9be15dfd844c,server/model/players/Client.java,getPA
12acfc45-bdfb-4343-9004-9be15dfd844c,server/model/players/skills/Fletching.java,openFletching,->,12acfc45-bdfb-4343-9004-9be15dfd844c,991eb2a8-284a-4290-ae08-f54cf8834706,609517a1-3a8b-4bd9-8623-3cae47c33a17
12acfc45-bdfb-4343-9004-9be15dfd844c,server/model/players/skills/Fletching.java,openFletching,->,12acfc45-bdfb-4343-9004-9be15dfd844c,server/model/players/Client.java,getPA
12acfc45-bdfb-4343-9004-9be15dfd844c,server/model/players/skills/Fletching.java,openFletching,->,12acfc45-bdfb-4343-9004-9be15dfd844c,991eb2a8-284a-4290-ae08-f54cf8834706,45af8ce2-073f-4550-b281-9a9492802196
12acfc45-bdfb-4343-9004-9be15dfd844c,server/model/players/skills/Fletching.java,openFletching,->,12acfc45-bdfb-4343-9004-9be15dfd844c,server/model/players/Client.java,getPA
12acfc45-bdfb-4343-9004-9be15dfd844c,server/model/players/skills/Fletching.java,openFletching,->,12acfc45-bdfb-4343-9004-9be15dfd844c,991eb2a8-284a-4290-ae08-f54cf8834706,45af8ce2-073f-4550-b281-9a9492802196
12acfc45-bdfb-4343-9004-9be15dfd844c,server/model/players/skills/Fletching.java,openFletching,->,12acfc45-bdfb-4343-9004-9be15dfd844c,server/model/players/Client.java,getPA
12acfc45-bdfb-4343-9004-9be15dfd844c,server/model/players/skills/Fletching.java,openFletching,->,12acfc45-bdfb-4343-9004-9be15dfd844c,991eb2a8-284a-4290-ae08-f54cf8834706,45af8ce2-073f-4550-b281-9a9492802196
12acfc45-bdfb-4343-9004-9be15dfd844c,server/model/players/skills/Fletching.java,openFletching,->,12acfc45-bdfb-4343-9004-9be15dfd844c,server/model/players/Client.java,getPA
12acfc45-bdfb-4343-9004-9be15dfd844c,server/model/players/skills/Fletching.java,openFletching,->,12acfc45-bdfb-4343-9004-9be15dfd844c,991eb2a8-284a-4290-ae08-f54cf8834706,609517a1-3a8b-4bd9-8623-3cae47c33a17
12acfc45-bdfb-4343-9004-9be15dfd844c,server/model/players/skills/Fletching.java,openFletching,->,12acfc45-bdfb-4343-9004-9be15dfd844c,server/model/players/Client.java,getPA
12acfc45-bdfb-4343-9004-9be15dfd844c,server/model/players/skills/Fletching.java,openFletching,->,12acfc45-bdfb-4343-9004-9be15dfd844c,991eb2a8-284a-4290-ae08-f54cf8834706,609517a1-3a8b-4bd9-8623-3cae47c33a17
12acfc45-bdfb-4343-9004-9be15dfd844c,server/model/players/skills/Fletching.java,openFletching,->,12acfc45-bdfb-4343-9004-9be15dfd844c,server/model/players/Client.java,getPA
12acfc45-bdfb-4343-9004-9be15dfd844c,server/model/players/skills/Fletching.java,openFletching,->,12acfc45-bdfb-4343-9004-9be15dfd844c,991eb2a8-284a-4290-ae08-f54cf8834706,609517a1-3a8b-4bd9-8623-3cae47c33a17
12acfc45-bdfb-4343-9004-9be15dfd844c,server/model/players/skills/Fletching.java,openFletching,->,12acfc45-bdfb-4343-9004-9be15dfd844c,server/model/players/Client.java,getPA
12acfc45-bdfb-4343-9004-9be15dfd844c,server/model/players/skills/Fletching.java,openFletching,->,12acfc45-bdfb-4343-9004-9be15dfd844c,991eb2a8-284a-4290-ae08-f54cf8834706,fbacd858-15ac-4dfb-b5c1-9851ae733165
12acfc45-bdfb-4343-9004-9be15dfd844c,server/model/players/skills/Fletching.java,openFletching,->,12acfc45-bdfb-4343-9004-9be15dfd844c,server/model/players/Client.java,getPA
12acfc45-bdfb-4343-9004-9be15dfd844c,server/model/players/skills/Fletching.java,openFletching,->,12acfc45-bdfb-4343-9004-9be15dfd844c,991eb2a8-284a-4290-ae08-f54cf8834706,609517a1-3a8b-4bd9-8623-3cae47c33a17
12acfc45-bdfb-4343-9004-9be15dfd844c,server/model/players/skills/Fletching.java,openFletching,->,12acfc45-bdfb-4343-9004-9be15dfd844c,server/model/players/Client.java,getPA
12acfc45-bdfb-4343-9004-9be15dfd844c,server/model/players/skills/Fletching.java,openFletching,->,12acfc45-bdfb-4343-9004-9be15dfd844c,991eb2a8-284a-4290-ae08-f54cf8834706,45af8ce2-073f-4550-b281-9a9492802196
12acfc45-bdfb-4343-9004-9be15dfd844c,server/model/players/skills/Fletching.java,openFletching,->,12acfc45-bdfb-4343-9004-9be15dfd844c,server/model/players/Client.java,getPA
12acfc45-bdfb-4343-9004-9be15dfd844c,server/model/players/skills/Fletching.java,openFletching,->,12acfc45-bdfb-4343-9004-9be15dfd844c,991eb2a8-284a-4290-ae08-f54cf8834706,45af8ce2-073f-4550-b281-9a9492802196
12acfc45-bdfb-4343-9004-9be15dfd844c,server/model/players/skills/Fletching.java,openFletching,->,12acfc45-bdfb-4343-9004-9be15dfd844c,server/model/players/Client.java,getPA
12acfc45-bdfb-4343-9004-9be15dfd844c,server/model/players/skills/Fletching.java,openFletching,->,12acfc45-bdfb-4343-9004-9be15dfd844c,991eb2a8-284a-4290-ae08-f54cf8834706,45af8ce2-073f-4550-b281-9a9492802196
12acfc45-bdfb-4343-9004-9be15dfd844c,server/model/players/skills/Fletching.java,openFletching,->,12acfc45-bdfb-4343-9004-9be15dfd844c,server/model/players/Client.java,getPA
12acfc45-bdfb-4343-9004-9be15dfd844c,server/model/players/skills/Fletching.java,openFletching,->,12acfc45-bdfb-4343-9004-9be15dfd844c,991eb2a8-284a-4290-ae08-f54cf8834706,609517a1-3a8b-4bd9-8623-3cae47c33a17
12acfc45-bdfb-4343-9004-9be15dfd844c,server/model/players/skills/Fletching.java,openFletching,->,12acfc45-bdfb-4343-9004-9be15dfd844c,server/model/players/Client.java,getPA
12acfc45-bdfb-4343-9004-9be15dfd844c,server/model/players/skills/Fletching.java,openFletching,->,12acfc45-bdfb-4343-9004-9be15dfd844c,991eb2a8-284a-4290-ae08-f54cf8834706,609517a1-3a8b-4bd9-8623-3cae47c33a17
12acfc45-bdfb-4343-9004-9be15dfd844c,server/model/players/skills/Fletching.java,openFletching,->,12acfc45-bdfb-4343-9004-9be15dfd844c,server/model/players/Client.java,getPA
12acfc45-bdfb-4343-9004-9be15dfd844c,server/model/players/skills/Fletching.java,openFletching,->,12acfc45-bdfb-4343-9004-9be15dfd844c,991eb2a8-284a-4290-ae08-f54cf8834706,609517a1-3a8b-4bd9-8623-3cae47c33a17
12acfc45-bdfb-4343-9004-9be15dfd844c,server/model/players/skills/Fletching.java,openFletching,->,12acfc45-bdfb-4343-9004-9be15dfd844c,server/model/players/Client.java,getPA
12acfc45-bdfb-4343-9004-9be15dfd844c,server/model/players/skills/Fletching.java,openFletching,->,12acfc45-bdfb-4343-9004-9be15dfd844c,991eb2a8-284a-4290-ae08-f54cf8834706,fbacd858-15ac-4dfb-b5c1-9851ae733165
12acfc45-bdfb-4343-9004-9be15dfd844c,server/model/players/skills/Fletching.java,openFletching,->,12acfc45-bdfb-4343-9004-9be15dfd844c,server/model/players/Client.java,getPA
12acfc45-bdfb-4343-9004-9be15dfd844c,server/model/players/skills/Fletching.java,openFletching,->,12acfc45-bdfb-4343-9004-9be15dfd844c,991eb2a8-284a-4290-ae08-f54cf8834706,609517a1-3a8b-4bd9-8623-3cae47c33a17
12acfc45-bdfb-4343-9004-9be15dfd844c,server/model/players/skills/Fletching.java,openFletching,->,12acfc45-bdfb-4343-9004-9be15dfd844c,server/model/players/Client.java,getPA
12acfc45-bdfb-4343-9004-9be15dfd844c,server/model/players/skills/Fletching.java,openFletching,->,12acfc45-bdfb-4343-9004-9be15dfd844c,991eb2a8-284a-4290-ae08-f54cf8834706,45af8ce2-073f-4550-b281-9a9492802196
12acfc45-bdfb-4343-9004-9be15dfd844c,server/model/players/skills/Fletching.java,openFletching,->,12acfc45-bdfb-4343-9004-9be15dfd844c,server/model/players/Client.java,getPA
12acfc45-bdfb-4343-9004-9be15dfd844c,server/model/players/skills/Fletching.java,openFletching,->,12acfc45-bdfb-4343-9004-9be15dfd844c,991eb2a8-284a-4290-ae08-f54cf8834706,45af8ce2-073f-4550-b281-9a9492802196
12acfc45-bdfb-4343-9004-9be15dfd844c,server/model/players/skills/Fletching.java,openFletching,->,12acfc45-bdfb-4343-9004-9be15dfd844c,server/model/players/Client.java,getPA
12acfc45-bdfb-4343-9004-9be15dfd844c,server/model/players/skills/Fletching.java,openFletching,->,12acfc45-bdfb-4343-9004-9be15dfd844c,991eb2a8-284a-4290-ae08-f54cf8834706,45af8ce2-073f-4550-b281-9a9492802196
12acfc45-bdfb-4343-9004-9be15dfd844c,server/model/players/skills/Fletching.java,openFletching,->,12acfc45-bdfb-4343-9004-9be15dfd844c,server/model/players/Client.java,getPA
12acfc45-bdfb-4343-9004-9be15dfd844c,server/model/players/skills/Fletching.java,openFletching,->,12acfc45-bdfb-4343-9004-9be15dfd844c,991eb2a8-284a-4290-ae08-f54cf8834706,609517a1-3a8b-4bd9-8623-3cae47c33a17
12acfc45-bdfb-4343-9004-9be15dfd844c,server/model/players/skills/Fletching.java,openFletching,->,12acfc45-bdfb-4343-9004-9be15dfd844c,server/model/players/Client.java,getPA
12acfc45-bdfb-4343-9004-9be15dfd844c,server/model/players/skills/Fletching.java,openFletching,->,12acfc45-bdfb-4343-9004-9be15dfd844c,991eb2a8-284a-4290-ae08-f54cf8834706,609517a1-3a8b-4bd9-8623-3cae47c33a17
12acfc45-bdfb-4343-9004-9be15dfd844c,server/model/players/skills/Fletching.java,openFletching,->,12acfc45-bdfb-4343-9004-9be15dfd844c,server/model/players/Client.java,getPA
12acfc45-bdfb-4343-9004-9be15dfd844c,server/model/players/skills/Fletching.java,openFletching,->,12acfc45-bdfb-4343-9004-9be15dfd844c,991eb2a8-284a-4290-ae08-f54cf8834706,609517a1-3a8b-4bd9-8623-3cae47c33a17
12acfc45-bdfb-4343-9004-9be15dfd844c,server/model/players/skills/Fletching.java,openFletching,->,12acfc45-bdfb-4343-9004-9be15dfd844c,server/model/players/Client.java,getPA
12acfc45-bdfb-4343-9004-9be15dfd844c,server/model/players/skills/Fletching.java,openFletching,->,12acfc45-bdfb-4343-9004-9be15dfd844c,991eb2a8-284a-4290-ae08-f54cf8834706,fbacd858-15ac-4dfb-b5c1-9851ae733165
12acfc45-bdfb-4343-9004-9be15dfd844c,server/model/players/skills/Fletching.java,openFletching,->,12acfc45-bdfb-4343-9004-9be15dfd844c,server/model/players/Client.java,getPA
12acfc45-bdfb-4343-9004-9be15dfd844c,server/model/players/skills/Fletching.java,openFletching,->,12acfc45-bdfb-4343-9004-9be15dfd844c,991eb2a8-284a-4290-ae08-f54cf8834706,609517a1-3a8b-4bd9-8623-3cae47c33a17
12acfc45-bdfb-4343-9004-9be15dfd844c,server/model/players/skills/Fletching.java,openFletching,->,12acfc45-bdfb-4343-9004-9be15dfd844c,server/model/players/Client.java,getPA
12acfc45-bdfb-4343-9004-9be15dfd844c,server/model/players/skills/Fletching.java,openFletching,->,12acfc45-bdfb-4343-9004-9be15dfd844c,991eb2a8-284a-4290-ae08-f54cf8834706,45af8ce2-073f-4550-b281-9a9492802196
12acfc45-bdfb-4343-9004-9be15dfd844c,server/model/players/skills/Fletching.java,openFletching,->,12acfc45-bdfb-4343-9004-9be15dfd844c,server/model/players/Client.java,getPA
12acfc45-bdfb-4343-9004-9be15dfd844c,server/model/players/skills/Fletching.java,openFletching,->,12acfc45-bdfb-4343-9004-9be15dfd844c,991eb2a8-284a-4290-ae08-f54cf8834706,45af8ce2-073f-4550-b281-9a9492802196
12acfc45-bdfb-4343-9004-9be15dfd844c,server/model/players/skills/Fletching.java,openFletching,->,12acfc45-bdfb-4343-9004-9be15dfd844c,server/model/players/Client.java,getPA
12acfc45-bdfb-4343-9004-9be15dfd844c,server/model/players/skills/Fletching.java,openFletching,->,12acfc45-bdfb-4343-9004-9be15dfd844c,991eb2a8-284a-4290-ae08-f54cf8834706,45af8ce2-073f-4550-b281-9a9492802196
12acfc45-bdfb-4343-9004-9be15dfd844c,server/model/players/skills/Fletching.java,openFletching,->,12acfc45-bdfb-4343-9004-9be15dfd844c,server/model/players/Client.java,getPA
12acfc45-bdfb-4343-9004-9be15dfd844c,server/model/players/skills/Fletching.java,openFletching,->,12acfc45-bdfb-4343-9004-9be15dfd844c,991eb2a8-284a-4290-ae08-f54cf8834706,609517a1-3a8b-4bd9-8623-3cae47c33a17
12acfc45-bdfb-4343-9004-9be15dfd844c,server/model/players/skills/Fletching.java,openFletching,->,12acfc45-bdfb-4343-9004-9be15dfd844c,server/model/players/Client.java,getPA
12acfc45-bdfb-4343-9004-9be15dfd844c,server/model/players/skills/Fletching.java,openFletching,->,12acfc45-bdfb-4343-9004-9be15dfd844c,991eb2a8-284a-4290-ae08-f54cf8834706,609517a1-3a8b-4bd9-8623-3cae47c33a17
12acfc45-bdfb-4343-9004-9be15dfd844c,server/model/players/skills/Fletching.java,openFletching,->,12acfc45-bdfb-4343-9004-9be15dfd844c,server/model/players/Client.java,getPA
12acfc45-bdfb-4343-9004-9be15dfd844c,server/model/players/skills/Fletching.java,openFletching,->,12acfc45-bdfb-4343-9004-9be15dfd844c,991eb2a8-284a-4290-ae08-f54cf8834706,609517a1-3a8b-4bd9-8623-3cae47c33a17
12acfc45-bdfb-4343-9004-9be15dfd844c,server/model/players/skills/Fletching.java,openFletching,->,12acfc45-bdfb-4343-9004-9be15dfd844c,server/model/players/Client.java,getPA
12acfc45-bdfb-4343-9004-9be15dfd844c,server/model/players/skills/Fletching.java,openFletching,->,12acfc45-bdfb-4343-9004-9be15dfd844c,991eb2a8-284a-4290-ae08-f54cf8834706,fbacd858-15ac-4dfb-b5c1-9851ae733165
12acfc45-bdfb-4343-9004-9be15dfd844c,server/model/players/skills/Fletching.java,openFletching,->,12acfc45-bdfb-4343-9004-9be15dfd844c,server/model/players/Client.java,getPA
12acfc45-bdfb-4343-9004-9be15dfd844c,server/model/players/skills/Fletching.java,openFletching,->,12acfc45-bdfb-4343-9004-9be15dfd844c,991eb2a8-284a-4290-ae08-f54cf8834706,609517a1-3a8b-4bd9-8623-3cae47c33a17
12acfc45-bdfb-4343-9004-9be15dfd844c,server/model/players/skills/Fletching.java,openFletching,->,12acfc45-bdfb-4343-9004-9be15dfd844c,server/model/players/Client.java,getPA
12acfc45-bdfb-4343-9004-9be15dfd844c,server/model/players/skills/Fletching.java,openFletching,->,12acfc45-bdfb-4343-9004-9be15dfd844c,991eb2a8-284a-4290-ae08-f54cf8834706,45af8ce2-073f-4550-b281-9a9492802196
12acfc45-bdfb-4343-9004-9be15dfd844c,server/model/players/skills/Fletching.java,openFletching,->,12acfc45-bdfb-4343-9004-9be15dfd844c,server/model/players/Client.java,getPA
12acfc45-bdfb-4343-9004-9be15dfd844c,server/model/players/skills/Fletching.java,openFletching,->,12acfc45-bdfb-4343-9004-9be15dfd844c,991eb2a8-284a-4290-ae08-f54cf8834706,45af8ce2-073f-4550-b281-9a9492802196
12acfc45-bdfb-4343-9004-9be15dfd844c,server/model/players/skills/Fletching.java,openFletching,->,12acfc45-bdfb-4343-9004-9be15dfd844c,server/model/players/Client.java,getPA
12acfc45-bdfb-4343-9004-9be15dfd844c,server/model/players/skills/Fletching.java,openFletching,->,12acfc45-bdfb-4343-9004-9be15dfd844c,991eb2a8-284a-4290-ae08-f54cf8834706,45af8ce2-073f-4550-b281-9a9492802196
12acfc45-bdfb-4343-9004-9be15dfd844c,server/model/players/skills/Fletching.java,openFletching,->,12acfc45-bdfb-4343-9004-9be15dfd844c,server/model/players/Client.java,getPA
12acfc45-bdfb-4343-9004-9be15dfd844c,server/model/players/skills/Fletching.java,openFletching,->,12acfc45-bdfb-4343-9004-9be15dfd844c,991eb2a8-284a-4290-ae08-f54cf8834706,609517a1-3a8b-4bd9-8623-3cae47c33a17
12acfc45-bdfb-4343-9004-9be15dfd844c,server/model/players/skills/Fletching.java,openFletching,->,12acfc45-bdfb-4343-9004-9be15dfd844c,server/model/players/Client.java,getPA
12acfc45-bdfb-4343-9004-9be15dfd844c,server/model/players/skills/Fletching.java,openFletching,->,12acfc45-bdfb-4343-9004-9be15dfd844c,991eb2a8-284a-4290-ae08-f54cf8834706,609517a1-3a8b-4bd9-8623-3cae47c33a17
12acfc45-bdfb-4343-9004-9be15dfd844c,server/model/players/skills/Fletching.java,openFletching,->,12acfc45-bdfb-4343-9004-9be15dfd844c,server/model/players/Client.java,getPA
12acfc45-bdfb-4343-9004-9be15dfd844c,server/model/players/skills/Fletching.java,openFletching,->,12acfc45-bdfb-4343-9004-9be15dfd844c,991eb2a8-284a-4290-ae08-f54cf8834706,609517a1-3a8b-4bd9-8623-3cae47c33a17
12acfc45-bdfb-4343-9004-9be15dfd844c,server/model/players/skills/Fletching.java,openFletching,->,12acfc45-bdfb-4343-9004-9be15dfd844c,server/model/players/Client.java,getPA
12acfc45-bdfb-4343-9004-9be15dfd844c,server/model/players/skills/Fletching.java,openFletching,->,12acfc45-bdfb-4343-9004-9be15dfd844c,991eb2a8-284a-4290-ae08-f54cf8834706,fbacd858-15ac-4dfb-b5c1-9851ae733165
12acfc45-bdfb-4343-9004-9be15dfd844c,server/model/players/skills/Fletching.java,openFletching,->,12acfc45-bdfb-4343-9004-9be15dfd844c,server/model/players/Client.java,getPA
12acfc45-bdfb-4343-9004-9be15dfd844c,server/model/players/skills/Fletching.java,openFletching,->,12acfc45-bdfb-4343-9004-9be15dfd844c,991eb2a8-284a-4290-ae08-f54cf8834706,609517a1-3a8b-4bd9-8623-3cae47c33a17
12acfc45-bdfb-4343-9004-9be15dfd844c,server/model/players/skills/Fletching.java,openFletching,->,12acfc45-bdfb-4343-9004-9be15dfd844c,server/model/players/Client.java,getPA
12acfc45-bdfb-4343-9004-9be15dfd844c,server/model/players/skills/Fletching.java,openFletching,->,12acfc45-bdfb-4343-9004-9be15dfd844c,991eb2a8-284a-4290-ae08-f54cf8834706,45af8ce2-073f-4550-b281-9a9492802196
12acfc45-bdfb-4343-9004-9be15dfd844c,server/model/players/skills/Fletching.java,openFletching,->,12acfc45-bdfb-4343-9004-9be15dfd844c,server/model/players/Client.java,getPA
12acfc45-bdfb-4343-9004-9be15dfd844c,server/model/players/skills/Fletching.java,openFletching,->,12acfc45-bdfb-4343-9004-9be15dfd844c,991eb2a8-284a-4290-ae08-f54cf8834706,45af8ce2-073f-4550-b281-9a9492802196
12acfc45-bdfb-4343-9004-9be15dfd844c,server/model/players/skills/Fletching.java,openFletching,->,12acfc45-bdfb-4343-9004-9be15dfd844c,server/model/players/Client.java,getPA
12acfc45-bdfb-4343-9004-9be15dfd844c,server/model/players/skills/Fletching.java,openFletching,->,12acfc45-bdfb-4343-9004-9be15dfd844c,991eb2a8-284a-4290-ae08-f54cf8834706,45af8ce2-073f-4550-b281-9a9492802196
12acfc45-bdfb-4343-9004-9be15dfd844c,server/model/players/skills/Fletching.java,openFletching,->,12acfc45-bdfb-4343-9004-9be15dfd844c,server/model/players/Client.java,getPA
12acfc45-bdfb-4343-9004-9be15dfd844c,server/model/players/skills/Fletching.java,openFletching,->,12acfc45-bdfb-4343-9004-9be15dfd844c,991eb2a8-284a-4290-ae08-f54cf8834706,609517a1-3a8b-4bd9-8623-3cae47c33a17
12acfc45-bdfb-4343-9004-9be15dfd844c,server/model/players/skills/Fletching.java,openFletching,->,12acfc45-bdfb-4343-9004-9be15dfd844c,server/model/players/Client.java,getPA
12acfc45-bdfb-4343-9004-9be15dfd844c,server/model/players/skills/Fletching.java,openFletching,->,12acfc45-bdfb-4343-9004-9be15dfd844c,991eb2a8-284a-4290-ae08-f54cf8834706,609517a1-3a8b-4bd9-8623-3cae47c33a17
12acfc45-bdfb-4343-9004-9be15dfd844c,server/model/players/skills/Fletching.java,openFletching,->,12acfc45-bdfb-4343-9004-9be15dfd844c,server/model/players/Client.java,getPA
12acfc45-bdfb-4343-9004-9be15dfd844c,server/model/players/skills/Fletching.java,openFletching,->,12acfc45-bdfb-4343-9004-9be15dfd844c,991eb2a8-284a-4290-ae08-f54cf8834706,609517a1-3a8b-4bd9-8623-3cae47c33a17
12acfc45-bdfb-4343-9004-9be15dfd844c,server/model/players/skills/SkillHandler.java,noInventorySpace,->,12acfc45-bdfb-4343-9004-9be15dfd844c,server/model/players/Client.java,getItems
12acfc45-bdfb-4343-9004-9be15dfd844c,server/model/players/skills/SkillHandler.java,noInventorySpace,->,12acfc45-bdfb-4343-9004-9be15dfd844c,server/model/items/ItemAssistant.java,freeSlots
12acfc45-bdfb-4343-9004-9be15dfd844c,server/model/players/skills/SkillHandler.java,noInventorySpace,->,12acfc45-bdfb-4343-9004-9be15dfd844c,java/lang/StringBuilder.java,append
12acfc45-bdfb-4343-9004-9be15dfd844c,server/model/players/skills/SkillHandler.java,noInventorySpace,->,12acfc45-bdfb-4343-9004-9be15dfd844c,java/lang/StringBuilder.java,append
12acfc45-bdfb-4343-9004-9be15dfd844c,server/model/players/skills/SkillHandler.java,noInventorySpace,->,12acfc45-bdfb-4343-9004-9be15dfd844c,java/lang/StringBuilder.java,append
12acfc45-bdfb-4343-9004-9be15dfd844c,server/model/players/skills/SkillHandler.java,noInventorySpace,->,12acfc45-bdfb-4343-9004-9be15dfd844c,java/lang/StringBuilder.java,toString
12acfc45-bdfb-4343-9004-9be15dfd844c,server/model/players/skills/SkillHandler.java,noInventorySpace,->,12acfc45-bdfb-4343-9004-9be15dfd844c,server/model/players/Client.java,sendMessage
12acfc45-bdfb-4343-9004-9be15dfd844c,server/model/players/skills/SkillHandler.java,noInventorySpace,->,12acfc45-bdfb-4343-9004-9be15dfd844c,server/model/players/Client.java,getPA
12acfc45-bdfb-4343-9004-9be15dfd844c,server/model/players/skills/SkillHandler.java,noInventorySpace,->,12acfc45-bdfb-4343-9004-9be15dfd844c,java/lang/StringBuilder.java,append
12acfc45-bdfb-4343-9004-9be15dfd844c,server/model/players/skills/SkillHandler.java,noInventorySpace,->,12acfc45-bdfb-4343-9004-9be15dfd844c,java/lang/StringBuilder.java,append
12acfc45-bdfb-4343-9004-9be15dfd844c,server/model/players/skills/SkillHandler.java,noInventorySpace,->,12acfc45-bdfb-4343-9004-9be15dfd844c,java/lang/StringBuilder.java,append
12acfc45-bdfb-4343-9004-9be15dfd844c,server/model/players/skills/SkillHandler.java,noInventorySpace,->,12acfc45-bdfb-4343-9004-9be15dfd844c,java/lang/StringBuilder.java,toString
12acfc45-bdfb-4343-9004-9be15dfd844c,server/model/players/skills/SkillHandler.java,noInventorySpace,->,12acfc45-bdfb-4343-9004-9be15dfd844c,991eb2a8-284a-4290-ae08-f54cf8834706,2d5da437-a0c9-45c9-be45-84c29062663c
12acfc45-bdfb-4343-9004-9be15dfd844c,server/model/players/skills/SkillHandler.java,hasRequiredLevel,->,12acfc45-bdfb-4343-9004-9be15dfd844c,java/lang/StringBuilder.java,append
12acfc45-bdfb-4343-9004-9be15dfd844c,server/model/players/skills/SkillHandler.java,hasRequiredLevel,->,12acfc45-bdfb-4343-9004-9be15dfd844c,java/lang/StringBuilder.java,append
12acfc45-bdfb-4343-9004-9be15dfd844c,server/model/players/skills/SkillHandler.java,hasRequiredLevel,->,12acfc45-bdfb-4343-9004-9be15dfd844c,java/lang/StringBuilder.java,append
12acfc45-bdfb-4343-9004-9be15dfd844c,server/model/players/skills/SkillHandler.java,hasRequiredLevel,->,12acfc45-bdfb-4343-9004-9be15dfd844c,java/lang/StringBuilder.java,append
12acfc45-bdfb-4343-9004-9be15dfd844c,server/model/players/skills/SkillHandler.java,hasRequiredLevel,->,12acfc45-bdfb-4343-9004-9be15dfd844c,java/lang/StringBuilder.java,append
12acfc45-bdfb-4343-9004-9be15dfd844c,server/model/players/skills/SkillHandler.java,hasRequiredLevel,->,12acfc45-bdfb-4343-9004-9be15dfd844c,java/lang/StringBuilder.java,toString
12acfc45-bdfb-4343-9004-9be15dfd844c,server/model/players/skills/SkillHandler.java,hasRequiredLevel,->,12acfc45-bdfb-4343-9004-9be15dfd844c,server/model/players/Client.java,sendMessage
12acfc45-bdfb-4343-9004-9be15dfd844c,server/model/players/skills/SkillHandler.java,hasRequiredLevel,->,12acfc45-bdfb-4343-9004-9be15dfd844c,java/lang/StringBuilder.java,append
12acfc45-bdfb-4343-9004-9be15dfd844c,server/model/players/skills/SkillHandler.java,hasRequiredLevel,->,12acfc45-bdfb-4343-9004-9be15dfd844c,java/lang/StringBuilder.java,append
12acfc45-bdfb-4343-9004-9be15dfd844c,server/model/players/skills/SkillHandler.java,hasRequiredLevel,->,12acfc45-bdfb-4343-9004-9be15dfd844c,java/lang/StringBuilder.java,append
12acfc45-bdfb-4343-9004-9be15dfd844c,server/model/players/skills/SkillHandler.java,hasRequiredLevel,->,12acfc45-bdfb-4343-9004-9be15dfd844c,java/lang/StringBuilder.java,append
12acfc45-bdfb-4343-9004-9be15dfd844c,server/model/players/skills/SkillHandler.java,hasRequiredLevel,->,12acfc45-bdfb-4343-9004-9be15dfd844c,java/lang/StringBuilder.java,append
12acfc45-bdfb-4343-9004-9be15dfd844c,server/model/players/skills/SkillHandler.java,hasRequiredLevel,->,12acfc45-bdfb-4343-9004-9be15dfd844c,java/lang/StringBuilder.java,toString
12acfc45-bdfb-4343-9004-9be15dfd844c,server/model/players/skills/SkillHandler.java,hasRequiredLevel,->,12acfc45-bdfb-4343-9004-9be15dfd844c,server/model/players/Client.java,sendMessage
12acfc45-bdfb-4343-9004-9be15dfd844c,server/model/players/skills/SkillHandler.java,hasRequiredLevel,->,12acfc45-bdfb-4343-9004-9be15dfd844c,server/model/players/Client.java,getPA
12acfc45-bdfb-4343-9004-9be15dfd844c,server/model/players/skills/SkillHandler.java,hasRequiredLevel,->,12acfc45-bdfb-4343-9004-9be15dfd844c,java/lang/StringBuilder.java,append
12acfc45-bdfb-4343-9004-9be15dfd844c,server/model/players/skills/SkillHandler.java,hasRequiredLevel,->,12acfc45-bdfb-4343-9004-9be15dfd844c,java/lang/StringBuilder.java,append
12acfc45-bdfb-4343-9004-9be15dfd844c,server/model/players/skills/SkillHandler.java,hasRequiredLevel,->,12acfc45-bdfb-4343-9004-9be15dfd844c,java/lang/StringBuilder.java,append
12acfc45-bdfb-4343-9004-9be15dfd844c,server/model/players/skills/SkillHandler.java,hasRequiredLevel,->,12acfc45-bdfb-4343-9004-9be15dfd844c,java/lang/StringBuilder.java,append
12acfc45-bdfb-4343-9004-9be15dfd844c,server/model/players/skills/SkillHandler.java,hasRequiredLevel,->,12acfc45-bdfb-4343-9004-9be15dfd844c,java/lang/StringBuilder.java,append
12acfc45-bdfb-4343-9004-9be15dfd844c,server/model/players/skills/SkillHandler.java,hasRequiredLevel,->,12acfc45-bdfb-4343-9004-9be15dfd844c,java/lang/StringBuilder.java,toString
12acfc45-bdfb-4343-9004-9be15dfd844c,server/model/players/skills/SkillHandler.java,hasRequiredLevel,->,12acfc45-bdfb-4343-9004-9be15dfd844c,991eb2a8-284a-4290-ae08-f54cf8834706,2d5da437-a0c9-45c9-be45-84c29062663c
12acfc45-bdfb-4343-9004-9be15dfd844c,server/model/players/skills/Agility$1.java,execute,->,12acfc45-bdfb-4343-9004-9be15dfd844c,6dd0c5db-72ba-4498-883f-a3c8c3333519,2c14e4eb-2b3e-4056-bf8e-5218f96f0ad5
12acfc45-bdfb-4343-9004-9be15dfd844c,server/model/players/skills/Agility$1.java,stop,->,12acfc45-bdfb-4343-9004-9be15dfd844c,server/model/players/skills/Agility.java,access$000
12acfc45-bdfb-4343-9004-9be15dfd844c,server/model/players/skills/Agility$1.java,stop,->,12acfc45-bdfb-4343-9004-9be15dfd844c,server/model/players/Client.java,getPA
12acfc45-bdfb-4343-9004-9be15dfd844c,server/model/players/skills/Agility$1.java,stop,->,12acfc45-bdfb-4343-9004-9be15dfd844c,991eb2a8-284a-4290-ae08-f54cf8834706,0955b7e8-1203-4e9d-8e85-6eeaf5af5ce5
12acfc45-bdfb-4343-9004-9be15dfd844c,server/model/players/skills/Agility$1.java,stop,->,12acfc45-bdfb-4343-9004-9be15dfd844c,server/model/players/skills/Agility.java,access$102
12acfc45-bdfb-4343-9004-9be15dfd844c,server/model/players/skills/Fishing.java,attemptdata,->,12acfc45-bdfb-4343-9004-9be15dfd844c,server/model/players/skills/Fishing.java,noInventorySpace
12acfc45-bdfb-4343-9004-9be15dfd844c,server/model/players/skills/Fishing.java,attemptdata,->,12acfc45-bdfb-4343-9004-9be15dfd844c,server/model/players/skills/Fishing.java,resetFishing
12acfc45-bdfb-4343-9004-9be15dfd844c,server/model/players/skills/Fishing.java,attemptdata,->,12acfc45-bdfb-4343-9004-9be15dfd844c,server/model/players/Client.java,sendMessage
12acfc45-bdfb-4343-9004-9be15dfd844c,server/model/players/skills/Fishing.java,attemptdata,->,12acfc45-bdfb-4343-9004-9be15dfd844c,java/lang/StringBuilder.java,append
12acfc45-bdfb-4343-9004-9be15dfd844c,server/model/players/skills/Fishing.java,attemptdata,->,12acfc45-bdfb-4343-9004-9be15dfd844c,java/lang/StringBuilder.java,append
12acfc45-bdfb-4343-9004-9be15dfd844c,server/model/players/skills/Fishing.java,attemptdata,->,12acfc45-bdfb-4343-9004-9be15dfd844c,java/lang/StringBuilder.java,append
12acfc45-bdfb-4343-9004-9be15dfd844c,server/model/players/skills/Fishing.java,attemptdata,->,12acfc45-bdfb-4343-9004-9be15dfd844c,java/lang/StringBuilder.java,toString
12acfc45-bdfb-4343-9004-9be15dfd844c,server/model/players/skills/Fishing.java,attemptdata,->,12acfc45-bdfb-4343-9004-9be15dfd844c,server/model/players/Client.java,sendMessage
12acfc45-bdfb-4343-9004-9be15dfd844c,server/model/players/skills/Fishing.java,attemptdata,->,12acfc45-bdfb-4343-9004-9be15dfd844c,server/model/players/Client.java,getPA
12acfc45-bdfb-4343-9004-9be15dfd844c,server/model/players/skills/Fishing.java,attemptdata,->,12acfc45-bdfb-4343-9004-9be15dfd844c,java/lang/StringBuilder.java,append
12acfc45-bdfb-4343-9004-9be15dfd844c,server/model/players/skills/Fishing.java,attemptdata,->,12acfc45-bdfb-4343-9004-9be15dfd844c,java/lang/StringBuilder.java,append
12acfc45-bdfb-4343-9004-9be15dfd844c,server/model/players/skills/Fishing.java,attemptdata,->,12acfc45-bdfb-4343-9004-9be15dfd844c,java/lang/StringBuilder.java,append
12acfc45-bdfb-4343-9004-9be15dfd844c,server/model/players/skills/Fishing.java,attemptdata,->,12acfc45-bdfb-4343-9004-9be15dfd844c,java/lang/StringBuilder.java,toString
12acfc45-bdfb-4343-9004-9be15dfd844c,server/model/players/skills/Fishing.java,attemptdata,->,12acfc45-bdfb-4343-9004-9be15dfd844c,991eb2a8-284a-4290-ae08-f54cf8834706,2d5da437-a0c9-45c9-be45-84c29062663c
12acfc45-bdfb-4343-9004-9be15dfd844c,server/model/players/skills/Fishing.java,attemptdata,->,12acfc45-bdfb-4343-9004-9be15dfd844c,server/model/players/Client.java,getItems
12acfc45-bdfb-4343-9004-9be15dfd844c,server/model/players/skills/Fishing.java,attemptdata,->,12acfc45-bdfb-4343-9004-9be15dfd844c,server/model/items/ItemAssistant.java,playerHasItem
12acfc45-bdfb-4343-9004-9be15dfd844c,server/model/players/skills/Fishing.java,attemptdata,->,12acfc45-bdfb-4343-9004-9be15dfd844c,java/lang/StringBuilder.java,append
12acfc45-bdfb-4343-9004-9be15dfd844c,server/model/players/skills/Fishing.java,attemptdata,->,12acfc45-bdfb-4343-9004-9be15dfd844c,server/model/players/Client.java,getItems
12acfc45-bdfb-4343-9004-9be15dfd844c,server/model/players/skills/Fishing.java,attemptdata,->,12acfc45-bdfb-4343-9004-9be15dfd844c,server/model/items/ItemAssistant.java,getItemName
12acfc45-bdfb-4343-9004-9be15dfd844c,server/model/players/skills/Fishing.java,attemptdata,->,12acfc45-bdfb-4343-9004-9be15dfd844c,java/lang/StringBuilder.java,append
12acfc45-bdfb-4343-9004-9be15dfd844c,server/model/players/skills/Fishing.java,attemptdata,->,12acfc45-bdfb-4343-9004-9be15dfd844c,java/lang/StringBuilder.java,append
12acfc45-bdfb-4343-9004-9be15dfd844c,server/model/players/skills/Fishing.java,attemptdata,->,12acfc45-bdfb-4343-9004-9be15dfd844c,java/lang/StringBuilder.java,toString
12acfc45-bdfb-4343-9004-9be15dfd844c,server/model/players/skills/Fishing.java,attemptdata,->,12acfc45-bdfb-4343-9004-9be15dfd844c,server/model/players/Client.java,sendMessage
12acfc45-bdfb-4343-9004-9be15dfd844c,server/model/players/skills/Fishing.java,attemptdata,->,12acfc45-bdfb-4343-9004-9be15dfd844c,java/lang/StringBuilder.java,append
12acfc45-bdfb-4343-9004-9be15dfd844c,server/model/players/skills/Fishing.java,attemptdata,->,12acfc45-bdfb-4343-9004-9be15dfd844c,server/model/players/Client.java,getItems
12acfc45-bdfb-4343-9004-9be15dfd844c,server/model/players/skills/Fishing.java,attemptdata,->,12acfc45-bdfb-4343-9004-9be15dfd844c,server/model/items/ItemAssistant.java,getItemName
12acfc45-bdfb-4343-9004-9be15dfd844c,server/model/players/skills/Fishing.java,attemptdata,->,12acfc45-bdfb-4343-9004-9be15dfd844c,java/lang/StringBuilder.java,append
12acfc45-bdfb-4343-9004-9be15dfd844c,server/model/players/skills/Fishing.java,attemptdata,->,12acfc45-bdfb-4343-9004-9be15dfd844c,java/lang/StringBuilder.java,append
12acfc45-bdfb-4343-9004-9be15dfd844c,server/model/players/skills/Fishing.java,attemptdata,->,12acfc45-bdfb-4343-9004-9be15dfd844c,java/lang/StringBuilder.java,toString
12acfc45-bdfb-4343-9004-9be15dfd844c,server/model/players/skills/Fishing.java,attemptdata,->,12acfc45-bdfb-4343-9004-9be15dfd844c,server/model/players/Client.java,sendMessage
12acfc45-bdfb-4343-9004-9be15dfd844c,server/model/players/skills/Fishing.java,attemptdata,->,12acfc45-bdfb-4343-9004-9be15dfd844c,2c89cfe4-ed6d-446f-832b-3c203feb3155,12264cea-e176-47b1-b1bb-e3a14dc18d35
12acfc45-bdfb-4343-9004-9be15dfd844c,server/model/players/skills/Fishing.java,attemptdata,->,12acfc45-bdfb-4343-9004-9be15dfd844c,server/model/players/skills/Fishing.java,hasFishingEquipment
12acfc45-bdfb-4343-9004-9be15dfd844c,server/model/players/skills/Fishing.java,attemptdata,->,12acfc45-bdfb-4343-9004-9be15dfd844c,server/model/players/Client.java,sendMessage
12acfc45-bdfb-4343-9004-9be15dfd844c,server/model/players/skills/Fishing.java,attemptdata,->,12acfc45-bdfb-4343-9004-9be15dfd844c,server/model/players/Client.java,startAnimation
12acfc45-bdfb-4343-9004-9be15dfd844c,server/model/players/skills/Fishing.java,attemptdata,->,12acfc45-bdfb-4343-9004-9be15dfd844c,3ab0cc49-78c3-45ed-a03a-f251199dfbb9,3d27faf4-0319-4d3d-b558-10d40da17fd8
12acfc45-bdfb-4343-9004-9be15dfd844c,server/model/players/skills/Fishing.java,attemptdata,->,12acfc45-bdfb-4343-9004-9be15dfd844c,server/model/players/skills/Fishing.java,getTimer
12acfc45-bdfb-4343-9004-9be15dfd844c,server/model/players/skills/Fishing.java,attemptdata,->,12acfc45-bdfb-4343-9004-9be15dfd844c,server/model/players/skills/Fishing.java,playerFishingLevel
12acfc45-bdfb-4343-9004-9be15dfd844c,server/model/players/skills/Fishing.java,attemptdata,->,12acfc45-bdfb-4343-9004-9be15dfd844c,3ab0cc49-78c3-45ed-a03a-f251199dfbb9,d719c34b-e0d2-473f-8e9a-936cfc6b4522
12acfc45-bdfb-4343-9004-9be15dfd844c,server/model/players/skills/Fishing.java,hasFishingEquipment,->,12acfc45-bdfb-4343-9004-9be15dfd844c,server/model/players/Client.java,getItems
12acfc45-bdfb-4343-9004-9be15dfd844c,server/model/players/skills/Fishing.java,hasFishingEquipment,->,12acfc45-bdfb-4343-9004-9be15dfd844c,server/model/items/ItemAssistant.java,playerHasItem
12acfc45-bdfb-4343-9004-9be15dfd844c,server/model/players/skills/Fishing.java,hasFishingEquipment,->,12acfc45-bdfb-4343-9004-9be15dfd844c,server/model/players/Client.java,getItems
12acfc45-bdfb-4343-9004-9be15dfd844c,server/model/players/skills/Fishing.java,hasFishingEquipment,->,12acfc45-bdfb-4343-9004-9be15dfd844c,server/model/items/ItemAssistant.java,playerHasItem
12acfc45-bdfb-4343-9004-9be15dfd844c,server/model/players/skills/Fishing.java,hasFishingEquipment,->,12acfc45-bdfb-4343-9004-9be15dfd844c,server/model/players/Client.java,getItems
12acfc45-bdfb-4343-9004-9be15dfd844c,server/model/players/skills/Fishing.java,hasFishingEquipment,->,12acfc45-bdfb-4343-9004-9be15dfd844c,server/model/items/ItemAssistant.java,playerHasItem
12acfc45-bdfb-4343-9004-9be15dfd844c,server/model/players/skills/Fishing.java,hasFishingEquipment,->,12acfc45-bdfb-4343-9004-9be15dfd844c,java/lang/StringBuilder.java,append
12acfc45-bdfb-4343-9004-9be15dfd844c,server/model/players/skills/Fishing.java,hasFishingEquipment,->,12acfc45-bdfb-4343-9004-9be15dfd844c,server/model/players/Client.java,getItems
12acfc45-bdfb-4343-9004-9be15dfd844c,server/model/players/skills/Fishing.java,hasFishingEquipment,->,12acfc45-bdfb-4343-9004-9be15dfd844c,server/model/items/ItemAssistant.java,getItemName
12acfc45-bdfb-4343-9004-9be15dfd844c,server/model/players/skills/Fishing.java,hasFishingEquipment,->,12acfc45-bdfb-4343-9004-9be15dfd844c,java/lang/StringBuilder.java,append
12acfc45-bdfb-4343-9004-9be15dfd844c,server/model/players/skills/Fishing.java,hasFishingEquipment,->,12acfc45-bdfb-4343-9004-9be15dfd844c,java/lang/StringBuilder.java,append
12acfc45-bdfb-4343-9004-9be15dfd844c,server/model/players/skills/Fishing.java,hasFishingEquipment,->,12acfc45-bdfb-4343-9004-9be15dfd844c,java/lang/StringBuilder.java,toString
12acfc45-bdfb-4343-9004-9be15dfd844c,server/model/players/skills/Fishing.java,hasFishingEquipment,->,12acfc45-bdfb-4343-9004-9be15dfd844c,server/model/players/Client.java,sendMessage
12acfc45-bdfb-4343-9004-9be15dfd844c,server/model/players/skills/Fishing.java,hasFishingEquipment,->,12acfc45-bdfb-4343-9004-9be15dfd844c,java/lang/StringBuilder.java,append
12acfc45-bdfb-4343-9004-9be15dfd844c,server/model/players/skills/Fishing.java,hasFishingEquipment,->,12acfc45-bdfb-4343-9004-9be15dfd844c,server/model/players/Client.java,getItems
12acfc45-bdfb-4343-9004-9be15dfd844c,server/model/players/skills/Fishing.java,hasFishingEquipment,->,12acfc45-bdfb-4343-9004-9be15dfd844c,server/model/items/ItemAssistant.java,getItemName
12acfc45-bdfb-4343-9004-9be15dfd844c,server/model/players/skills/Fishing.java,hasFishingEquipment,->,12acfc45-bdfb-4343-9004-9be15dfd844c,java/lang/StringBuilder.java,append
12acfc45-bdfb-4343-9004-9be15dfd844c,server/model/players/skills/Fishing.java,hasFishingEquipment,->,12acfc45-bdfb-4343-9004-9be15dfd844c,java/lang/StringBuilder.java,append
12acfc45-bdfb-4343-9004-9be15dfd844c,server/model/players/skills/Fishing.java,hasFishingEquipment,->,12acfc45-bdfb-4343-9004-9be15dfd844c,java/lang/StringBuilder.java,toString
12acfc45-bdfb-4343-9004-9be15dfd844c,server/model/players/skills/Fishing.java,hasFishingEquipment,->,12acfc45-bdfb-4343-9004-9be15dfd844c,server/model/players/Client.java,sendMessage
12acfc45-bdfb-4343-9004-9be15dfd844c,server/model/players/skills/Fishing.java,resetFishing,->,12acfc45-bdfb-4343-9004-9be15dfd844c,server/model/players/Client.java,startAnimation
12acfc45-bdfb-4343-9004-9be15dfd844c,server/model/players/skills/Fishing.java,resetFishing,->,12acfc45-bdfb-4343-9004-9be15dfd844c,server/model/players/Client.java,getPA
12acfc45-bdfb-4343-9004-9be15dfd844c,server/model/players/skills/Fishing.java,resetFishing,->,12acfc45-bdfb-4343-9004-9be15dfd844c,991eb2a8-284a-4290-ae08-f54cf8834706,3666955d-52b4-495d-880c-318d6383a5bb
12acfc45-bdfb-4343-9004-9be15dfd844c,server/model/players/skills/Fishing.java,playerFishingLevel,->,12acfc45-bdfb-4343-9004-9be15dfd844c,java/lang/Math.java,floor
12acfc45-bdfb-4343-9004-9be15dfd844c,server/model/players/skills/Fishing.java,fishingNPC,->,12acfc45-bdfb-4343-9004-9be15dfd844c,server/model/players/skills/Fishing.java,attemptdata
12acfc45-bdfb-4343-9004-9be15dfd844c,server/model/players/skills/Fishing.java,fishingNPC,->,12acfc45-bdfb-4343-9004-9be15dfd844c,server/model/players/skills/Fishing.java,attemptdata
12acfc45-bdfb-4343-9004-9be15dfd844c,server/model/players/skills/Fishing.java,fishingNPC,->,12acfc45-bdfb-4343-9004-9be15dfd844c,server/model/players/skills/Fishing.java,attemptdata
12acfc45-bdfb-4343-9004-9be15dfd844c,server/model/players/skills/Fishing.java,fishingNPC,->,12acfc45-bdfb-4343-9004-9be15dfd844c,server/model/players/skills/Fishing.java,attemptdata
12acfc45-bdfb-4343-9004-9be15dfd844c,server/model/players/skills/Fishing.java,fishingNPC,->,12acfc45-bdfb-4343-9004-9be15dfd844c,server/model/players/skills/Fishing.java,attemptdata
12acfc45-bdfb-4343-9004-9be15dfd844c,server/model/players/skills/Fishing.java,fishingNPC,->,12acfc45-bdfb-4343-9004-9be15dfd844c,server/model/players/skills/Fishing.java,attemptdata
12acfc45-bdfb-4343-9004-9be15dfd844c,server/model/players/skills/Fishing.java,fishingNPC,->,12acfc45-bdfb-4343-9004-9be15dfd844c,server/model/players/skills/Fishing.java,attemptdata
12acfc45-bdfb-4343-9004-9be15dfd844c,server/model/players/skills/Fishing.java,fishingNPC,->,12acfc45-bdfb-4343-9004-9be15dfd844c,server/model/players/skills/Fishing.java,attemptdata
12acfc45-bdfb-4343-9004-9be15dfd844c,server/model/players/skills/Fishing.java,fishingNPC,->,12acfc45-bdfb-4343-9004-9be15dfd844c,server/model/players/skills/Fishing.java,attemptdata
12acfc45-bdfb-4343-9004-9be15dfd844c,server/model/players/skills/Fishing.java,fishingNPC,->,12acfc45-bdfb-4343-9004-9be15dfd844c,server/model/players/skills/Fishing.java,attemptdata
12acfc45-bdfb-4343-9004-9be15dfd844c,server/model/players/skills/Fishing.java,access$000,->,12acfc45-bdfb-4343-9004-9be15dfd844c,server/model/players/skills/Fishing.java,hasFishingEquipment
12acfc45-bdfb-4343-9004-9be15dfd844c,server/model/players/skills/Fishing.java,access$100,->,12acfc45-bdfb-4343-9004-9be15dfd844c,server/model/players/skills/Fishing.java,resetFishing
12acfc45-bdfb-4343-9004-9be15dfd844c,aef98915-d9bd-4ef8-82f6-281ec4d69cc6,db5514d1-eb22-4e7f-9184-494a50042279,->,12acfc45-bdfb-4343-9004-9be15dfd844c,aef98915-d9bd-4ef8-82f6-281ec4d69cc6,208421dc-f9c8-4df2-b7a6-575259b61a5d
12acfc45-bdfb-4343-9004-9be15dfd844c,aef98915-d9bd-4ef8-82f6-281ec4d69cc6,db5514d1-eb22-4e7f-9184-494a50042279,->,12acfc45-bdfb-4343-9004-9be15dfd844c,aef98915-d9bd-4ef8-82f6-281ec4d69cc6,36009a51-34a1-446e-a8db-db36ed4a956d
12acfc45-bdfb-4343-9004-9be15dfd844c,aef98915-d9bd-4ef8-82f6-281ec4d69cc6,db5514d1-eb22-4e7f-9184-494a50042279,->,12acfc45-bdfb-4343-9004-9be15dfd844c,aef98915-d9bd-4ef8-82f6-281ec4d69cc6,daac46e5-601c-49b4-9398-e147d9fb6765
12acfc45-bdfb-4343-9004-9be15dfd844c,aef98915-d9bd-4ef8-82f6-281ec4d69cc6,db5514d1-eb22-4e7f-9184-494a50042279,->,12acfc45-bdfb-4343-9004-9be15dfd844c,aef98915-d9bd-4ef8-82f6-281ec4d69cc6,d4932dce-bb18-46f4-8736-f493f554e86b
12acfc45-bdfb-4343-9004-9be15dfd844c,aef98915-d9bd-4ef8-82f6-281ec4d69cc6,db5514d1-eb22-4e7f-9184-494a50042279,->,12acfc45-bdfb-4343-9004-9be15dfd844c,aef98915-d9bd-4ef8-82f6-281ec4d69cc6,c0798894-9b86-4d30-ad21-96b896568306
12acfc45-bdfb-4343-9004-9be15dfd844c,aef98915-d9bd-4ef8-82f6-281ec4d69cc6,db5514d1-eb22-4e7f-9184-494a50042279,->,12acfc45-bdfb-4343-9004-9be15dfd844c,aef98915-d9bd-4ef8-82f6-281ec4d69cc6,77a322d0-8a7f-4dc6-8de0-65110adfa831
12acfc45-bdfb-4343-9004-9be15dfd844c,aef98915-d9bd-4ef8-82f6-281ec4d69cc6,db5514d1-eb22-4e7f-9184-494a50042279,->,12acfc45-bdfb-4343-9004-9be15dfd844c,aef98915-d9bd-4ef8-82f6-281ec4d69cc6,a63921ae-3ad4-42a7-9ae1-bee4836c984a
12acfc45-bdfb-4343-9004-9be15dfd844c,aef98915-d9bd-4ef8-82f6-281ec4d69cc6,db5514d1-eb22-4e7f-9184-494a50042279,->,12acfc45-bdfb-4343-9004-9be15dfd844c,aef98915-d9bd-4ef8-82f6-281ec4d69cc6,a426c407-6551-4710-8f8b-ab6c2231ac5d
12acfc45-bdfb-4343-9004-9be15dfd844c,aef98915-d9bd-4ef8-82f6-281ec4d69cc6,db5514d1-eb22-4e7f-9184-494a50042279,->,12acfc45-bdfb-4343-9004-9be15dfd844c,aef98915-d9bd-4ef8-82f6-281ec4d69cc6,b70a5d3f-6ae4-4d94-8a2c-7ee99ca2453c
12acfc45-bdfb-4343-9004-9be15dfd844c,aef98915-d9bd-4ef8-82f6-281ec4d69cc6,db5514d1-eb22-4e7f-9184-494a50042279,->,12acfc45-bdfb-4343-9004-9be15dfd844c,aef98915-d9bd-4ef8-82f6-281ec4d69cc6,0983c6c4-9e06-41ee-8949-f59bc71c379b
12acfc45-bdfb-4343-9004-9be15dfd844c,aef98915-d9bd-4ef8-82f6-281ec4d69cc6,db5514d1-eb22-4e7f-9184-494a50042279,->,12acfc45-bdfb-4343-9004-9be15dfd844c,aef98915-d9bd-4ef8-82f6-281ec4d69cc6,fdb76db0-0d9c-47ec-a9ea-e6adc5b3ba8f
12acfc45-bdfb-4343-9004-9be15dfd844c,aef98915-d9bd-4ef8-82f6-281ec4d69cc6,db5514d1-eb22-4e7f-9184-494a50042279,->,12acfc45-bdfb-4343-9004-9be15dfd844c,aef98915-d9bd-4ef8-82f6-281ec4d69cc6,0881ff1e-5306-43c7-a4bb-350592146489
12acfc45-bdfb-4343-9004-9be15dfd844c,aef98915-d9bd-4ef8-82f6-281ec4d69cc6,db5514d1-eb22-4e7f-9184-494a50042279,->,12acfc45-bdfb-4343-9004-9be15dfd844c,aef98915-d9bd-4ef8-82f6-281ec4d69cc6,02d60486-1481-4df7-b33f-9aca5d6c1f1d
12acfc45-bdfb-4343-9004-9be15dfd844c,aef98915-d9bd-4ef8-82f6-281ec4d69cc6,db5514d1-eb22-4e7f-9184-494a50042279,->,12acfc45-bdfb-4343-9004-9be15dfd844c,aef98915-d9bd-4ef8-82f6-281ec4d69cc6,b0a343b9-5b2d-4708-9059-b5b2c89445ea
12acfc45-bdfb-4343-9004-9be15dfd844c,aef98915-d9bd-4ef8-82f6-281ec4d69cc6,db5514d1-eb22-4e7f-9184-494a50042279,->,12acfc45-bdfb-4343-9004-9be15dfd844c,aef98915-d9bd-4ef8-82f6-281ec4d69cc6,7fe62bb8-65a6-4471-b442-332073aaf740
12acfc45-bdfb-4343-9004-9be15dfd844c,aef98915-d9bd-4ef8-82f6-281ec4d69cc6,db5514d1-eb22-4e7f-9184-494a50042279,->,12acfc45-bdfb-4343-9004-9be15dfd844c,aef98915-d9bd-4ef8-82f6-281ec4d69cc6,6c886bbf-c15c-4713-9209-801939340c62
12acfc45-bdfb-4343-9004-9be15dfd844c,aef98915-d9bd-4ef8-82f6-281ec4d69cc6,db5514d1-eb22-4e7f-9184-494a50042279,->,12acfc45-bdfb-4343-9004-9be15dfd844c,aef98915-d9bd-4ef8-82f6-281ec4d69cc6,148fadba-2d90-4083-9d36-d56185655127
12acfc45-bdfb-4343-9004-9be15dfd844c,aef98915-d9bd-4ef8-82f6-281ec4d69cc6,db5514d1-eb22-4e7f-9184-494a50042279,->,12acfc45-bdfb-4343-9004-9be15dfd844c,aef98915-d9bd-4ef8-82f6-281ec4d69cc6,8e35a78f-0bb7-4b60-9aa3-2144a57e4bf4
12acfc45-bdfb-4343-9004-9be15dfd844c,aef98915-d9bd-4ef8-82f6-281ec4d69cc6,db5514d1-eb22-4e7f-9184-494a50042279,->,12acfc45-bdfb-4343-9004-9be15dfd844c,aef98915-d9bd-4ef8-82f6-281ec4d69cc6,47e65851-c884-4654-bd51-b45fbf5e04dd
12acfc45-bdfb-4343-9004-9be15dfd844c,aef98915-d9bd-4ef8-82f6-281ec4d69cc6,db5514d1-eb22-4e7f-9184-494a50042279,->,12acfc45-bdfb-4343-9004-9be15dfd844c,aef98915-d9bd-4ef8-82f6-281ec4d69cc6,8b744573-b42d-40ee-9bfc-800c05576e00
12acfc45-bdfb-4343-9004-9be15dfd844c,aef98915-d9bd-4ef8-82f6-281ec4d69cc6,db5514d1-eb22-4e7f-9184-494a50042279,->,12acfc45-bdfb-4343-9004-9be15dfd844c,aef98915-d9bd-4ef8-82f6-281ec4d69cc6,92dfcf15-e6c5-4e33-95cd-92bcb01651e9
12acfc45-bdfb-4343-9004-9be15dfd844c,aef98915-d9bd-4ef8-82f6-281ec4d69cc6,0fb8c0b3-d526-4e5a-b200-7aabf6303623,->,12acfc45-bdfb-4343-9004-9be15dfd844c,server/model/players/Client.java,getPA
12acfc45-bdfb-4343-9004-9be15dfd844c,aef98915-d9bd-4ef8-82f6-281ec4d69cc6,0fb8c0b3-d526-4e5a-b200-7aabf6303623,->,12acfc45-bdfb-4343-9004-9be15dfd844c,991eb2a8-284a-4290-ae08-f54cf8834706,609517a1-3a8b-4bd9-8623-3cae47c33a17
12acfc45-bdfb-4343-9004-9be15dfd844c,aef98915-d9bd-4ef8-82f6-281ec4d69cc6,0fb8c0b3-d526-4e5a-b200-7aabf6303623,->,12acfc45-bdfb-4343-9004-9be15dfd844c,server/model/players/Client.java,getPA
12acfc45-bdfb-4343-9004-9be15dfd844c,aef98915-d9bd-4ef8-82f6-281ec4d69cc6,0fb8c0b3-d526-4e5a-b200-7aabf6303623,->,12acfc45-bdfb-4343-9004-9be15dfd844c,991eb2a8-284a-4290-ae08-f54cf8834706,609517a1-3a8b-4bd9-8623-3cae47c33a17
12acfc45-bdfb-4343-9004-9be15dfd844c,aef98915-d9bd-4ef8-82f6-281ec4d69cc6,0fb8c0b3-d526-4e5a-b200-7aabf6303623,->,12acfc45-bdfb-4343-9004-9be15dfd844c,server/model/players/Client.java,getPA
12acfc45-bdfb-4343-9004-9be15dfd844c,aef98915-d9bd-4ef8-82f6-281ec4d69cc6,0fb8c0b3-d526-4e5a-b200-7aabf6303623,->,12acfc45-bdfb-4343-9004-9be15dfd844c,991eb2a8-284a-4290-ae08-f54cf8834706,609517a1-3a8b-4bd9-8623-3cae47c33a17
12acfc45-bdfb-4343-9004-9be15dfd844c,aef98915-d9bd-4ef8-82f6-281ec4d69cc6,0fb8c0b3-d526-4e5a-b200-7aabf6303623,->,12acfc45-bdfb-4343-9004-9be15dfd844c,server/model/players/Client.java,getPA
12acfc45-bdfb-4343-9004-9be15dfd844c,aef98915-d9bd-4ef8-82f6-281ec4d69cc6,0fb8c0b3-d526-4e5a-b200-7aabf6303623,->,12acfc45-bdfb-4343-9004-9be15dfd844c,991eb2a8-284a-4290-ae08-f54cf8834706,609517a1-3a8b-4bd9-8623-3cae47c33a17
12acfc45-bdfb-4343-9004-9be15dfd844c,aef98915-d9bd-4ef8-82f6-281ec4d69cc6,0fb8c0b3-d526-4e5a-b200-7aabf6303623,->,12acfc45-bdfb-4343-9004-9be15dfd844c,server/model/players/Client.java,getPA
12acfc45-bdfb-4343-9004-9be15dfd844c,aef98915-d9bd-4ef8-82f6-281ec4d69cc6,0fb8c0b3-d526-4e5a-b200-7aabf6303623,->,12acfc45-bdfb-4343-9004-9be15dfd844c,991eb2a8-284a-4290-ae08-f54cf8834706,609517a1-3a8b-4bd9-8623-3cae47c33a17
12acfc45-bdfb-4343-9004-9be15dfd844c,aef98915-d9bd-4ef8-82f6-281ec4d69cc6,0fb8c0b3-d526-4e5a-b200-7aabf6303623,->,12acfc45-bdfb-4343-9004-9be15dfd844c,server/model/players/Client.java,getPA
12acfc45-bdfb-4343-9004-9be15dfd844c,aef98915-d9bd-4ef8-82f6-281ec4d69cc6,0fb8c0b3-d526-4e5a-b200-7aabf6303623,->,12acfc45-bdfb-4343-9004-9be15dfd844c,991eb2a8-284a-4290-ae08-f54cf8834706,609517a1-3a8b-4bd9-8623-3cae47c33a17
12acfc45-bdfb-4343-9004-9be15dfd844c,aef98915-d9bd-4ef8-82f6-281ec4d69cc6,0fb8c0b3-d526-4e5a-b200-7aabf6303623,->,12acfc45-bdfb-4343-9004-9be15dfd844c,server/model/players/Client.java,getPA
12acfc45-bdfb-4343-9004-9be15dfd844c,aef98915-d9bd-4ef8-82f6-281ec4d69cc6,0fb8c0b3-d526-4e5a-b200-7aabf6303623,->,12acfc45-bdfb-4343-9004-9be15dfd844c,991eb2a8-284a-4290-ae08-f54cf8834706,609517a1-3a8b-4bd9-8623-3cae47c33a17
12acfc45-bdfb-4343-9004-9be15dfd844c,aef98915-d9bd-4ef8-82f6-281ec4d69cc6,0fb8c0b3-d526-4e5a-b200-7aabf6303623,->,12acfc45-bdfb-4343-9004-9be15dfd844c,server/model/players/Client.java,getPA
12acfc45-bdfb-4343-9004-9be15dfd844c,aef98915-d9bd-4ef8-82f6-281ec4d69cc6,0fb8c0b3-d526-4e5a-b200-7aabf6303623,->,12acfc45-bdfb-4343-9004-9be15dfd844c,991eb2a8-284a-4290-ae08-f54cf8834706,609517a1-3a8b-4bd9-8623-3cae47c33a17
12acfc45-bdfb-4343-9004-9be15dfd844c,aef98915-d9bd-4ef8-82f6-281ec4d69cc6,0fb8c0b3-d526-4e5a-b200-7aabf6303623,->,12acfc45-bdfb-4343-9004-9be15dfd844c,server/model/players/Client.java,getPA
12acfc45-bdfb-4343-9004-9be15dfd844c,aef98915-d9bd-4ef8-82f6-281ec4d69cc6,0fb8c0b3-d526-4e5a-b200-7aabf6303623,->,12acfc45-bdfb-4343-9004-9be15dfd844c,991eb2a8-284a-4290-ae08-f54cf8834706,609517a1-3a8b-4bd9-8623-3cae47c33a17
12acfc45-bdfb-4343-9004-9be15dfd844c,aef98915-d9bd-4ef8-82f6-281ec4d69cc6,0fb8c0b3-d526-4e5a-b200-7aabf6303623,->,12acfc45-bdfb-4343-9004-9be15dfd844c,server/model/players/Client.java,getPA
12acfc45-bdfb-4343-9004-9be15dfd844c,aef98915-d9bd-4ef8-82f6-281ec4d69cc6,0fb8c0b3-d526-4e5a-b200-7aabf6303623,->,12acfc45-bdfb-4343-9004-9be15dfd844c,991eb2a8-284a-4290-ae08-f54cf8834706,609517a1-3a8b-4bd9-8623-3cae47c33a17
12acfc45-bdfb-4343-9004-9be15dfd844c,aef98915-d9bd-4ef8-82f6-281ec4d69cc6,0fb8c0b3-d526-4e5a-b200-7aabf6303623,->,12acfc45-bdfb-4343-9004-9be15dfd844c,server/model/players/Client.java,getPA
12acfc45-bdfb-4343-9004-9be15dfd844c,aef98915-d9bd-4ef8-82f6-281ec4d69cc6,0fb8c0b3-d526-4e5a-b200-7aabf6303623,->,12acfc45-bdfb-4343-9004-9be15dfd844c,991eb2a8-284a-4290-ae08-f54cf8834706,609517a1-3a8b-4bd9-8623-3cae47c33a17
12acfc45-bdfb-4343-9004-9be15dfd844c,aef98915-d9bd-4ef8-82f6-281ec4d69cc6,0fb8c0b3-d526-4e5a-b200-7aabf6303623,->,12acfc45-bdfb-4343-9004-9be15dfd844c,server/model/players/Client.java,getPA
12acfc45-bdfb-4343-9004-9be15dfd844c,aef98915-d9bd-4ef8-82f6-281ec4d69cc6,0fb8c0b3-d526-4e5a-b200-7aabf6303623,->,12acfc45-bdfb-4343-9004-9be15dfd844c,991eb2a8-284a-4290-ae08-f54cf8834706,609517a1-3a8b-4bd9-8623-3cae47c33a17
12acfc45-bdfb-4343-9004-9be15dfd844c,aef98915-d9bd-4ef8-82f6-281ec4d69cc6,0fb8c0b3-d526-4e5a-b200-7aabf6303623,->,12acfc45-bdfb-4343-9004-9be15dfd844c,server/model/players/Client.java,getPA
12acfc45-bdfb-4343-9004-9be15dfd844c,aef98915-d9bd-4ef8-82f6-281ec4d69cc6,0fb8c0b3-d526-4e5a-b200-7aabf6303623,->,12acfc45-bdfb-4343-9004-9be15dfd844c,991eb2a8-284a-4290-ae08-f54cf8834706,609517a1-3a8b-4bd9-8623-3cae47c33a17
12acfc45-bdfb-4343-9004-9be15dfd844c,aef98915-d9bd-4ef8-82f6-281ec4d69cc6,0fb8c0b3-d526-4e5a-b200-7aabf6303623,->,12acfc45-bdfb-4343-9004-9be15dfd844c,server/model/players/Client.java,getPA
12acfc45-bdfb-4343-9004-9be15dfd844c,aef98915-d9bd-4ef8-82f6-281ec4d69cc6,0fb8c0b3-d526-4e5a-b200-7aabf6303623,->,12acfc45-bdfb-4343-9004-9be15dfd844c,991eb2a8-284a-4290-ae08-f54cf8834706,609517a1-3a8b-4bd9-8623-3cae47c33a17
12acfc45-bdfb-4343-9004-9be15dfd844c,aef98915-d9bd-4ef8-82f6-281ec4d69cc6,0fb8c0b3-d526-4e5a-b200-7aabf6303623,->,12acfc45-bdfb-4343-9004-9be15dfd844c,server/model/players/Client.java,getPA
12acfc45-bdfb-4343-9004-9be15dfd844c,aef98915-d9bd-4ef8-82f6-281ec4d69cc6,0fb8c0b3-d526-4e5a-b200-7aabf6303623,->,12acfc45-bdfb-4343-9004-9be15dfd844c,991eb2a8-284a-4290-ae08-f54cf8834706,609517a1-3a8b-4bd9-8623-3cae47c33a17
12acfc45-bdfb-4343-9004-9be15dfd844c,aef98915-d9bd-4ef8-82f6-281ec4d69cc6,0fb8c0b3-d526-4e5a-b200-7aabf6303623,->,12acfc45-bdfb-4343-9004-9be15dfd844c,server/model/players/Client.java,getPA
12acfc45-bdfb-4343-9004-9be15dfd844c,aef98915-d9bd-4ef8-82f6-281ec4d69cc6,0fb8c0b3-d526-4e5a-b200-7aabf6303623,->,12acfc45-bdfb-4343-9004-9be15dfd844c,server/model/players/PlayerAssistant.java,showInterface
12acfc45-bdfb-4343-9004-9be15dfd844c,aef98915-d9bd-4ef8-82f6-281ec4d69cc6,0cf0d29d-b160-429c-b796-5681868a0d4b,->,12acfc45-bdfb-4343-9004-9be15dfd844c,server/model/players/Client.java,getPA
12acfc45-bdfb-4343-9004-9be15dfd844c,aef98915-d9bd-4ef8-82f6-281ec4d69cc6,0cf0d29d-b160-429c-b796-5681868a0d4b,->,12acfc45-bdfb-4343-9004-9be15dfd844c,991eb2a8-284a-4290-ae08-f54cf8834706,609517a1-3a8b-4bd9-8623-3cae47c33a17
12acfc45-bdfb-4343-9004-9be15dfd844c,aef98915-d9bd-4ef8-82f6-281ec4d69cc6,0cf0d29d-b160-429c-b796-5681868a0d4b,->,12acfc45-bdfb-4343-9004-9be15dfd844c,server/model/players/Client.java,getPA
12acfc45-bdfb-4343-9004-9be15dfd844c,aef98915-d9bd-4ef8-82f6-281ec4d69cc6,0cf0d29d-b160-429c-b796-5681868a0d4b,->,12acfc45-bdfb-4343-9004-9be15dfd844c,991eb2a8-284a-4290-ae08-f54cf8834706,609517a1-3a8b-4bd9-8623-3cae47c33a17
12acfc45-bdfb-4343-9004-9be15dfd844c,aef98915-d9bd-4ef8-82f6-281ec4d69cc6,0cf0d29d-b160-429c-b796-5681868a0d4b,->,12acfc45-bdfb-4343-9004-9be15dfd844c,aef98915-d9bd-4ef8-82f6-281ec4d69cc6,fd80b102-3fa8-4020-bd7e-e9df0114580e
12acfc45-bdfb-4343-9004-9be15dfd844c,aef98915-d9bd-4ef8-82f6-281ec4d69cc6,3992bd2f-77ae-44fd-9dcd-0b271853822c,->,12acfc45-bdfb-4343-9004-9be15dfd844c,server/model/players/Client.java,getPA
12acfc45-bdfb-4343-9004-9be15dfd844c,aef98915-d9bd-4ef8-82f6-281ec4d69cc6,3992bd2f-77ae-44fd-9dcd-0b271853822c,->,12acfc45-bdfb-4343-9004-9be15dfd844c,991eb2a8-284a-4290-ae08-f54cf8834706,609517a1-3a8b-4bd9-8623-3cae47c33a17
12acfc45-bdfb-4343-9004-9be15dfd844c,aef98915-d9bd-4ef8-82f6-281ec4d69cc6,fd80b102-3fa8-4020-bd7e-e9df0114580e,->,12acfc45-bdfb-4343-9004-9be15dfd844c,server/util/Stream.java,createFrameVarSizeWord
12acfc45-bdfb-4343-9004-9be15dfd844c,aef98915-d9bd-4ef8-82f6-281ec4d69cc6,fd80b102-3fa8-4020-bd7e-e9df0114580e,->,12acfc45-bdfb-4343-9004-9be15dfd844c,server/util/Stream.java,writeWord
12acfc45-bdfb-4343-9004-9be15dfd844c,aef98915-d9bd-4ef8-82f6-281ec4d69cc6,fd80b102-3fa8-4020-bd7e-e9df0114580e,->,12acfc45-bdfb-4343-9004-9be15dfd844c,server/util/Stream.java,writeWord
12acfc45-bdfb-4343-9004-9be15dfd844c,aef98915-d9bd-4ef8-82f6-281ec4d69cc6,fd80b102-3fa8-4020-bd7e-e9df0114580e,->,12acfc45-bdfb-4343-9004-9be15dfd844c,server/util/Stream.java,writeByte
12acfc45-bdfb-4343-9004-9be15dfd844c,aef98915-d9bd-4ef8-82f6-281ec4d69cc6,fd80b102-3fa8-4020-bd7e-e9df0114580e,->,12acfc45-bdfb-4343-9004-9be15dfd844c,server/util/Stream.java,writeWordBigEndianA
12acfc45-bdfb-4343-9004-9be15dfd844c,aef98915-d9bd-4ef8-82f6-281ec4d69cc6,fd80b102-3fa8-4020-bd7e-e9df0114580e,->,12acfc45-bdfb-4343-9004-9be15dfd844c,server/util/Stream.java,writeWordBigEndianA
12acfc45-bdfb-4343-9004-9be15dfd844c,aef98915-d9bd-4ef8-82f6-281ec4d69cc6,fd80b102-3fa8-4020-bd7e-e9df0114580e,->,12acfc45-bdfb-4343-9004-9be15dfd844c,server/util/Stream.java,endFrameVarSizeWord
12acfc45-bdfb-4343-9004-9be15dfd844c,aef98915-d9bd-4ef8-82f6-281ec4d69cc6,fd80b102-3fa8-4020-bd7e-e9df0114580e,->,12acfc45-bdfb-4343-9004-9be15dfd844c,server/model/players/Client.java,flushOutStream
12acfc45-bdfb-4343-9004-9be15dfd844c,aef98915-d9bd-4ef8-82f6-281ec4d69cc6,208421dc-f9c8-4df2-b7a6-575259b61a5d,->,12acfc45-bdfb-4343-9004-9be15dfd844c,aef98915-d9bd-4ef8-82f6-281ec4d69cc6,3992bd2f-77ae-44fd-9dcd-0b271853822c
12acfc45-bdfb-4343-9004-9be15dfd844c,aef98915-d9bd-4ef8-82f6-281ec4d69cc6,208421dc-f9c8-4df2-b7a6-575259b61a5d,->,12acfc45-bdfb-4343-9004-9be15dfd844c,java/lang/StringBuilder.java,append
12acfc45-bdfb-4343-9004-9be15dfd844c,aef98915-d9bd-4ef8-82f6-281ec4d69cc6,208421dc-f9c8-4df2-b7a6-575259b61a5d,->,12acfc45-bdfb-4343-9004-9be15dfd844c,java/lang/StringBuilder.java,append
12acfc45-bdfb-4343-9004-9be15dfd844c,aef98915-d9bd-4ef8-82f6-281ec4d69cc6,208421dc-f9c8-4df2-b7a6-575259b61a5d,->,12acfc45-bdfb-4343-9004-9be15dfd844c,java/lang/StringBuilder.java,toString
12acfc45-bdfb-4343-9004-9be15dfd844c,aef98915-d9bd-4ef8-82f6-281ec4d69cc6,208421dc-f9c8-4df2-b7a6-575259b61a5d,->,12acfc45-bdfb-4343-9004-9be15dfd844c,aef98915-d9bd-4ef8-82f6-281ec4d69cc6,0cf0d29d-b160-429c-b796-5681868a0d4b
12acfc45-bdfb-4343-9004-9be15dfd844c,aef98915-d9bd-4ef8-82f6-281ec4d69cc6,208421dc-f9c8-4df2-b7a6-575259b61a5d,->,12acfc45-bdfb-4343-9004-9be15dfd844c,java/lang/StringBuilder.java,append
12acfc45-bdfb-4343-9004-9be15dfd844c,aef98915-d9bd-4ef8-82f6-281ec4d69cc6,208421dc-f9c8-4df2-b7a6-575259b61a5d,->,12acfc45-bdfb-4343-9004-9be15dfd844c,java/lang/StringBuilder.java,append
12acfc45-bdfb-4343-9004-9be15dfd844c,aef98915-d9bd-4ef8-82f6-281ec4d69cc6,208421dc-f9c8-4df2-b7a6-575259b61a5d,->,12acfc45-bdfb-4343-9004-9be15dfd844c,java/lang/StringBuilder.java,toString
12acfc45-bdfb-4343-9004-9be15dfd844c,aef98915-d9bd-4ef8-82f6-281ec4d69cc6,208421dc-f9c8-4df2-b7a6-575259b61a5d,->,12acfc45-bdfb-4343-9004-9be15dfd844c,aef98915-d9bd-4ef8-82f6-281ec4d69cc6,0cf0d29d-b160-429c-b796-5681868a0d4b
12acfc45-bdfb-4343-9004-9be15dfd844c,aef98915-d9bd-4ef8-82f6-281ec4d69cc6,208421dc-f9c8-4df2-b7a6-575259b61a5d,->,12acfc45-bdfb-4343-9004-9be15dfd844c,java/lang/StringBuilder.java,append
12acfc45-bdfb-4343-9004-9be15dfd844c,aef98915-d9bd-4ef8-82f6-281ec4d69cc6,208421dc-f9c8-4df2-b7a6-575259b61a5d,->,12acfc45-bdfb-4343-9004-9be15dfd844c,java/lang/StringBuilder.java,append
12acfc45-bdfb-4343-9004-9be15dfd844c,aef98915-d9bd-4ef8-82f6-281ec4d69cc6,208421dc-f9c8-4df2-b7a6-575259b61a5d,->,12acfc45-bdfb-4343-9004-9be15dfd844c,java/lang/StringBuilder.java,toString
12acfc45-bdfb-4343-9004-9be15dfd844c,aef98915-d9bd-4ef8-82f6-281ec4d69cc6,208421dc-f9c8-4df2-b7a6-575259b61a5d,->,12acfc45-bdfb-4343-9004-9be15dfd844c,aef98915-d9bd-4ef8-82f6-281ec4d69cc6,0cf0d29d-b160-429c-b796-5681868a0d4b
12acfc45-bdfb-4343-9004-9be15dfd844c,aef98915-d9bd-4ef8-82f6-281ec4d69cc6,208421dc-f9c8-4df2-b7a6-575259b61a5d,->,12acfc45-bdfb-4343-9004-9be15dfd844c,java/lang/StringBuilder.java,append
12acfc45-bdfb-4343-9004-9be15dfd844c,aef98915-d9bd-4ef8-82f6-281ec4d69cc6,208421dc-f9c8-4df2-b7a6-575259b61a5d,->,12acfc45-bdfb-4343-9004-9be15dfd844c,java/lang/StringBuilder.java,append
12acfc45-bdfb-4343-9004-9be15dfd844c,aef98915-d9bd-4ef8-82f6-281ec4d69cc6,208421dc-f9c8-4df2-b7a6-575259b61a5d,->,12acfc45-bdfb-4343-9004-9be15dfd844c,java/lang/StringBuilder.java,toString
12acfc45-bdfb-4343-9004-9be15dfd844c,aef98915-d9bd-4ef8-82f6-281ec4d69cc6,208421dc-f9c8-4df2-b7a6-575259b61a5d,->,12acfc45-bdfb-4343-9004-9be15dfd844c,aef98915-d9bd-4ef8-82f6-281ec4d69cc6,0cf0d29d-b160-429c-b796-5681868a0d4b
12acfc45-bdfb-4343-9004-9be15dfd844c,aef98915-d9bd-4ef8-82f6-281ec4d69cc6,208421dc-f9c8-4df2-b7a6-575259b61a5d,->,12acfc45-bdfb-4343-9004-9be15dfd844c,java/lang/StringBuilder.java,append
12acfc45-bdfb-4343-9004-9be15dfd844c,aef98915-d9bd-4ef8-82f6-281ec4d69cc6,208421dc-f9c8-4df2-b7a6-575259b61a5d,->,12acfc45-bdfb-4343-9004-9be15dfd844c,java/lang/StringBuilder.java,append
12acfc45-bdfb-4343-9004-9be15dfd844c,aef98915-d9bd-4ef8-82f6-281ec4d69cc6,208421dc-f9c8-4df2-b7a6-575259b61a5d,->,12acfc45-bdfb-4343-9004-9be15dfd844c,java/lang/StringBuilder.java,toString
12acfc45-bdfb-4343-9004-9be15dfd844c,aef98915-d9bd-4ef8-82f6-281ec4d69cc6,208421dc-f9c8-4df2-b7a6-575259b61a5d,->,12acfc45-bdfb-4343-9004-9be15dfd844c,aef98915-d9bd-4ef8-82f6-281ec4d69cc6,0cf0d29d-b160-429c-b796-5681868a0d4b
12acfc45-bdfb-4343-9004-9be15dfd844c,aef98915-d9bd-4ef8-82f6-281ec4d69cc6,208421dc-f9c8-4df2-b7a6-575259b61a5d,->,12acfc45-bdfb-4343-9004-9be15dfd844c,java/lang/StringBuilder.java,append
12acfc45-bdfb-4343-9004-9be15dfd844c,aef98915-d9bd-4ef8-82f6-281ec4d69cc6,208421dc-f9c8-4df2-b7a6-575259b61a5d,->,12acfc45-bdfb-4343-9004-9be15dfd844c,java/lang/StringBuilder.java,append
12acfc45-bdfb-4343-9004-9be15dfd844c,aef98915-d9bd-4ef8-82f6-281ec4d69cc6,208421dc-f9c8-4df2-b7a6-575259b61a5d,->,12acfc45-bdfb-4343-9004-9be15dfd844c,java/lang/StringBuilder.java,toString
12acfc45-bdfb-4343-9004-9be15dfd844c,aef98915-d9bd-4ef8-82f6-281ec4d69cc6,208421dc-f9c8-4df2-b7a6-575259b61a5d,->,12acfc45-bdfb-4343-9004-9be15dfd844c,aef98915-d9bd-4ef8-82f6-281ec4d69cc6,0cf0d29d-b160-429c-b796-5681868a0d4b
12acfc45-bdfb-4343-9004-9be15dfd844c,aef98915-d9bd-4ef8-82f6-281ec4d69cc6,208421dc-f9c8-4df2-b7a6-575259b61a5d,->,12acfc45-bdfb-4343-9004-9be15dfd844c,java/lang/StringBuilder.java,append
12acfc45-bdfb-4343-9004-9be15dfd844c,aef98915-d9bd-4ef8-82f6-281ec4d69cc6,208421dc-f9c8-4df2-b7a6-575259b61a5d,->,12acfc45-bdfb-4343-9004-9be15dfd844c,java/lang/StringBuilder.java,append
12acfc45-bdfb-4343-9004-9be15dfd844c,aef98915-d9bd-4ef8-82f6-281ec4d69cc6,208421dc-f9c8-4df2-b7a6-575259b61a5d,->,12acfc45-bdfb-4343-9004-9be15dfd844c,java/lang/StringBuilder.java,toString
12acfc45-bdfb-4343-9004-9be15dfd844c,aef98915-d9bd-4ef8-82f6-281ec4d69cc6,208421dc-f9c8-4df2-b7a6-575259b61a5d,->,12acfc45-bdfb-4343-9004-9be15dfd844c,aef98915-d9bd-4ef8-82f6-281ec4d69cc6,0cf0d29d-b160-429c-b796-5681868a0d4b
12acfc45-bdfb-4343-9004-9be15dfd844c,aef98915-d9bd-4ef8-82f6-281ec4d69cc6,208421dc-f9c8-4df2-b7a6-575259b61a5d,->,12acfc45-bdfb-4343-9004-9be15dfd844c,java/lang/StringBuilder.java,append
12acfc45-bdfb-4343-9004-9be15dfd844c,aef98915-d9bd-4ef8-82f6-281ec4d69cc6,208421dc-f9c8-4df2-b7a6-575259b61a5d,->,12acfc45-bdfb-4343-9004-9be15dfd844c,java/lang/StringBuilder.java,append
12acfc45-bdfb-4343-9004-9be15dfd844c,aef98915-d9bd-4ef8-82f6-281ec4d69cc6,208421dc-f9c8-4df2-b7a6-575259b61a5d,->,12acfc45-bdfb-4343-9004-9be15dfd844c,java/lang/StringBuilder.java,toString
12acfc45-bdfb-4343-9004-9be15dfd844c,aef98915-d9bd-4ef8-82f6-281ec4d69cc6,208421dc-f9c8-4df2-b7a6-575259b61a5d,->,12acfc45-bdfb-4343-9004-9be15dfd844c,aef98915-d9bd-4ef8-82f6-281ec4d69cc6,0cf0d29d-b160-429c-b796-5681868a0d4b
12acfc45-bdfb-4343-9004-9be15dfd844c,aef98915-d9bd-4ef8-82f6-281ec4d69cc6,208421dc-f9c8-4df2-b7a6-575259b61a5d,->,12acfc45-bdfb-4343-9004-9be15dfd844c,java/lang/StringBuilder.java,append
12acfc45-bdfb-4343-9004-9be15dfd844c,aef98915-d9bd-4ef8-82f6-281ec4d69cc6,208421dc-f9c8-4df2-b7a6-575259b61a5d,->,12acfc45-bdfb-4343-9004-9be15dfd844c,java/lang/StringBuilder.java,append
12acfc45-bdfb-4343-9004-9be15dfd844c,aef98915-d9bd-4ef8-82f6-281ec4d69cc6,208421dc-f9c8-4df2-b7a6-575259b61a5d,->,12acfc45-bdfb-4343-9004-9be15dfd844c,java/lang/StringBuilder.java,toString
12acfc45-bdfb-4343-9004-9be15dfd844c,aef98915-d9bd-4ef8-82f6-281ec4d69cc6,208421dc-f9c8-4df2-b7a6-575259b61a5d,->,12acfc45-bdfb-4343-9004-9be15dfd844c,aef98915-d9bd-4ef8-82f6-281ec4d69cc6,0cf0d29d-b160-429c-b796-5681868a0d4b
12acfc45-bdfb-4343-9004-9be15dfd844c,aef98915-d9bd-4ef8-82f6-281ec4d69cc6,208421dc-f9c8-4df2-b7a6-575259b61a5d,->,12acfc45-bdfb-4343-9004-9be15dfd844c,java/lang/StringBuilder.java,append
12acfc45-bdfb-4343-9004-9be15dfd844c,aef98915-d9bd-4ef8-82f6-281ec4d69cc6,208421dc-f9c8-4df2-b7a6-575259b61a5d,->,12acfc45-bdfb-4343-9004-9be15dfd844c,java/lang/StringBuilder.java,append
12acfc45-bdfb-4343-9004-9be15dfd844c,aef98915-d9bd-4ef8-82f6-281ec4d69cc6,208421dc-f9c8-4df2-b7a6-575259b61a5d,->,12acfc45-bdfb-4343-9004-9be15dfd844c,java/lang/StringBuilder.java,toString
12acfc45-bdfb-4343-9004-9be15dfd844c,aef98915-d9bd-4ef8-82f6-281ec4d69cc6,208421dc-f9c8-4df2-b7a6-575259b61a5d,->,12acfc45-bdfb-4343-9004-9be15dfd844c,aef98915-d9bd-4ef8-82f6-281ec4d69cc6,0cf0d29d-b160-429c-b796-5681868a0d4b
12acfc45-bdfb-4343-9004-9be15dfd844c,aef98915-d9bd-4ef8-82f6-281ec4d69cc6,208421dc-f9c8-4df2-b7a6-575259b61a5d,->,12acfc45-bdfb-4343-9004-9be15dfd844c,java/lang/StringBuilder.java,append
12acfc45-bdfb-4343-9004-9be15dfd844c,aef98915-d9bd-4ef8-82f6-281ec4d69cc6,208421dc-f9c8-4df2-b7a6-575259b61a5d,->,12acfc45-bdfb-4343-9004-9be15dfd844c,java/lang/StringBuilder.java,append
12acfc45-bdfb-4343-9004-9be15dfd844c,aef98915-d9bd-4ef8-82f6-281ec4d69cc6,208421dc-f9c8-4df2-b7a6-575259b61a5d,->,12acfc45-bdfb-4343-9004-9be15dfd844c,java/lang/StringBuilder.java,toString
12acfc45-bdfb-4343-9004-9be15dfd844c,aef98915-d9bd-4ef8-82f6-281ec4d69cc6,208421dc-f9c8-4df2-b7a6-575259b61a5d,->,12acfc45-bdfb-4343-9004-9be15dfd844c,aef98915-d9bd-4ef8-82f6-281ec4d69cc6,0cf0d29d-b160-429c-b796-5681868a0d4b
12acfc45-bdfb-4343-9004-9be15dfd844c,aef98915-d9bd-4ef8-82f6-281ec4d69cc6,208421dc-f9c8-4df2-b7a6-575259b61a5d,->,12acfc45-bdfb-4343-9004-9be15dfd844c,java/lang/StringBuilder.java,append
12acfc45-bdfb-4343-9004-9be15dfd844c,aef98915-d9bd-4ef8-82f6-281ec4d69cc6,208421dc-f9c8-4df2-b7a6-575259b61a5d,->,12acfc45-bdfb-4343-9004-9be15dfd844c,java/lang/StringBuilder.java,append
12acfc45-bdfb-4343-9004-9be15dfd844c,aef98915-d9bd-4ef8-82f6-281ec4d69cc6,208421dc-f9c8-4df2-b7a6-575259b61a5d,->,12acfc45-bdfb-4343-9004-9be15dfd844c,java/lang/StringBuilder.java,toString
12acfc45-bdfb-4343-9004-9be15dfd844c,aef98915-d9bd-4ef8-82f6-281ec4d69cc6,208421dc-f9c8-4df2-b7a6-575259b61a5d,->,12acfc45-bdfb-4343-9004-9be15dfd844c,aef98915-d9bd-4ef8-82f6-281ec4d69cc6,0cf0d29d-b160-429c-b796-5681868a0d4b
12acfc45-bdfb-4343-9004-9be15dfd844c,aef98915-d9bd-4ef8-82f6-281ec4d69cc6,208421dc-f9c8-4df2-b7a6-575259b61a5d,->,12acfc45-bdfb-4343-9004-9be15dfd844c,aef98915-d9bd-4ef8-82f6-281ec4d69cc6,0fb8c0b3-d526-4e5a-b200-7aabf6303623
12acfc45-bdfb-4343-9004-9be15dfd844c,aef98915-d9bd-4ef8-82f6-281ec4d69cc6,208421dc-f9c8-4df2-b7a6-575259b61a5d,->,12acfc45-bdfb-4343-9004-9be15dfd844c,aef98915-d9bd-4ef8-82f6-281ec4d69cc6,3992bd2f-77ae-44fd-9dcd-0b271853822c
12acfc45-bdfb-4343-9004-9be15dfd844c,aef98915-d9bd-4ef8-82f6-281ec4d69cc6,208421dc-f9c8-4df2-b7a6-575259b61a5d,->,12acfc45-bdfb-4343-9004-9be15dfd844c,java/lang/StringBuilder.java,append
12acfc45-bdfb-4343-9004-9be15dfd844c,aef98915-d9bd-4ef8-82f6-281ec4d69cc6,208421dc-f9c8-4df2-b7a6-575259b61a5d,->,12acfc45-bdfb-4343-9004-9be15dfd844c,java/lang/StringBuilder.java,append
12acfc45-bdfb-4343-9004-9be15dfd844c,aef98915-d9bd-4ef8-82f6-281ec4d69cc6,208421dc-f9c8-4df2-b7a6-575259b61a5d,->,12acfc45-bdfb-4343-9004-9be15dfd844c,java/lang/StringBuilder.java,toString
12acfc45-bdfb-4343-9004-9be15dfd844c,aef98915-d9bd-4ef8-82f6-281ec4d69cc6,208421dc-f9c8-4df2-b7a6-575259b61a5d,->,12acfc45-bdfb-4343-9004-9be15dfd844c,aef98915-d9bd-4ef8-82f6-281ec4d69cc6,0cf0d29d-b160-429c-b796-5681868a0d4b
12acfc45-bdfb-4343-9004-9be15dfd844c,aef98915-d9bd-4ef8-82f6-281ec4d69cc6,208421dc-f9c8-4df2-b7a6-575259b61a5d,->,12acfc45-bdfb-4343-9004-9be15dfd844c,java/lang/StringBuilder.java,append
12acfc45-bdfb-4343-9004-9be15dfd844c,aef98915-d9bd-4ef8-82f6-281ec4d69cc6,208421dc-f9c8-4df2-b7a6-575259b61a5d,->,12acfc45-bdfb-4343-9004-9be15dfd844c,java/lang/StringBuilder.java,append
12acfc45-bdfb-4343-9004-9be15dfd844c,aef98915-d9bd-4ef8-82f6-281ec4d69cc6,208421dc-f9c8-4df2-b7a6-575259b61a5d,->,12acfc45-bdfb-4343-9004-9be15dfd844c,java/lang/StringBuilder.java,toString
12acfc45-bdfb-4343-9004-9be15dfd844c,aef98915-d9bd-4ef8-82f6-281ec4d69cc6,208421dc-f9c8-4df2-b7a6-575259b61a5d,->,12acfc45-bdfb-4343-9004-9be15dfd844c,aef98915-d9bd-4ef8-82f6-281ec4d69cc6,0cf0d29d-b160-429c-b796-5681868a0d4b
12acfc45-bdfb-4343-9004-9be15dfd844c,aef98915-d9bd-4ef8-82f6-281ec4d69cc6,208421dc-f9c8-4df2-b7a6-575259b61a5d,->,12acfc45-bdfb-4343-9004-9be15dfd844c,java/lang/StringBuilder.java,append
12acfc45-bdfb-4343-9004-9be15dfd844c,aef98915-d9bd-4ef8-82f6-281ec4d69cc6,208421dc-f9c8-4df2-b7a6-575259b61a5d,->,12acfc45-bdfb-4343-9004-9be15dfd844c,java/lang/StringBuilder.java,append
12acfc45-bdfb-4343-9004-9be15dfd844c,aef98915-d9bd-4ef8-82f6-281ec4d69cc6,208421dc-f9c8-4df2-b7a6-575259b61a5d,->,12acfc45-bdfb-4343-9004-9be15dfd844c,java/lang/StringBuilder.java,toString
12acfc45-bdfb-4343-9004-9be15dfd844c,aef98915-d9bd-4ef8-82f6-281ec4d69cc6,208421dc-f9c8-4df2-b7a6-575259b61a5d,->,12acfc45-bdfb-4343-9004-9be15dfd844c,aef98915-d9bd-4ef8-82f6-281ec4d69cc6,0cf0d29d-b160-429c-b796-5681868a0d4b
12acfc45-bdfb-4343-9004-9be15dfd844c,aef98915-d9bd-4ef8-82f6-281ec4d69cc6,208421dc-f9c8-4df2-b7a6-575259b61a5d,->,12acfc45-bdfb-4343-9004-9be15dfd844c,java/lang/StringBuilder.java,append
12acfc45-bdfb-4343-9004-9be15dfd844c,aef98915-d9bd-4ef8-82f6-281ec4d69cc6,208421dc-f9c8-4df2-b7a6-575259b61a5d,->,12acfc45-bdfb-4343-9004-9be15dfd844c,java/lang/StringBuilder.java,append
12acfc45-bdfb-4343-9004-9be15dfd844c,aef98915-d9bd-4ef8-82f6-281ec4d69cc6,208421dc-f9c8-4df2-b7a6-575259b61a5d,->,12acfc45-bdfb-4343-9004-9be15dfd844c,java/lang/StringBuilder.java,toString
12acfc45-bdfb-4343-9004-9be15dfd844c,aef98915-d9bd-4ef8-82f6-281ec4d69cc6,208421dc-f9c8-4df2-b7a6-575259b61a5d,->,12acfc45-bdfb-4343-9004-9be15dfd844c,aef98915-d9bd-4ef8-82f6-281ec4d69cc6,0cf0d29d-b160-429c-b796-5681868a0d4b
12acfc45-bdfb-4343-9004-9be15dfd844c,aef98915-d9bd-4ef8-82f6-281ec4d69cc6,208421dc-f9c8-4df2-b7a6-575259b61a5d,->,12acfc45-bdfb-4343-9004-9be15dfd844c,java/lang/StringBuilder.java,append
12acfc45-bdfb-4343-9004-9be15dfd844c,aef98915-d9bd-4ef8-82f6-281ec4d69cc6,208421dc-f9c8-4df2-b7a6-575259b61a5d,->,12acfc45-bdfb-4343-9004-9be15dfd844c,java/lang/StringBuilder.java,append
12acfc45-bdfb-4343-9004-9be15dfd844c,aef98915-d9bd-4ef8-82f6-281ec4d69cc6,208421dc-f9c8-4df2-b7a6-575259b61a5d,->,12acfc45-bdfb-4343-9004-9be15dfd844c,java/lang/StringBuilder.java,toString
12acfc45-bdfb-4343-9004-9be15dfd844c,aef98915-d9bd-4ef8-82f6-281ec4d69cc6,208421dc-f9c8-4df2-b7a6-575259b61a5d,->,12acfc45-bdfb-4343-9004-9be15dfd844c,aef98915-d9bd-4ef8-82f6-281ec4d69cc6,0cf0d29d-b160-429c-b796-5681868a0d4b
12acfc45-bdfb-4343-9004-9be15dfd844c,aef98915-d9bd-4ef8-82f6-281ec4d69cc6,208421dc-f9c8-4df2-b7a6-575259b61a5d,->,12acfc45-bdfb-4343-9004-9be15dfd844c,java/lang/StringBuilder.java,append
12acfc45-bdfb-4343-9004-9be15dfd844c,aef98915-d9bd-4ef8-82f6-281ec4d69cc6,208421dc-f9c8-4df2-b7a6-575259b61a5d,->,12acfc45-bdfb-4343-9004-9be15dfd844c,java/lang/StringBuilder.java,append
12acfc45-bdfb-4343-9004-9be15dfd844c,aef98915-d9bd-4ef8-82f6-281ec4d69cc6,208421dc-f9c8-4df2-b7a6-575259b61a5d,->,12acfc45-bdfb-4343-9004-9be15dfd844c,java/lang/StringBuilder.java,toString
12acfc45-bdfb-4343-9004-9be15dfd844c,aef98915-d9bd-4ef8-82f6-281ec4d69cc6,208421dc-f9c8-4df2-b7a6-575259b61a5d,->,12acfc45-bdfb-4343-9004-9be15dfd844c,aef98915-d9bd-4ef8-82f6-281ec4d69cc6,0cf0d29d-b160-429c-b796-5681868a0d4b
12acfc45-bdfb-4343-9004-9be15dfd844c,aef98915-d9bd-4ef8-82f6-281ec4d69cc6,208421dc-f9c8-4df2-b7a6-575259b61a5d,->,12acfc45-bdfb-4343-9004-9be15dfd844c,java/lang/StringBuilder.java,append
12acfc45-bdfb-4343-9004-9be15dfd844c,aef98915-d9bd-4ef8-82f6-281ec4d69cc6,208421dc-f9c8-4df2-b7a6-575259b61a5d,->,12acfc45-bdfb-4343-9004-9be15dfd844c,java/lang/StringBuilder.java,append
12acfc45-bdfb-4343-9004-9be15dfd844c,aef98915-d9bd-4ef8-82f6-281ec4d69cc6,208421dc-f9c8-4df2-b7a6-575259b61a5d,->,12acfc45-bdfb-4343-9004-9be15dfd844c,java/lang/StringBuilder.java,toString
12acfc45-bdfb-4343-9004-9be15dfd844c,aef98915-d9bd-4ef8-82f6-281ec4d69cc6,208421dc-f9c8-4df2-b7a6-575259b61a5d,->,12acfc45-bdfb-4343-9004-9be15dfd844c,aef98915-d9bd-4ef8-82f6-281ec4d69cc6,0cf0d29d-b160-429c-b796-5681868a0d4b
12acfc45-bdfb-4343-9004-9be15dfd844c,aef98915-d9bd-4ef8-82f6-281ec4d69cc6,208421dc-f9c8-4df2-b7a6-575259b61a5d,->,12acfc45-bdfb-4343-9004-9be15dfd844c,java/lang/StringBuilder.java,append
12acfc45-bdfb-4343-9004-9be15dfd844c,aef98915-d9bd-4ef8-82f6-281ec4d69cc6,208421dc-f9c8-4df2-b7a6-575259b61a5d,->,12acfc45-bdfb-4343-9004-9be15dfd844c,java/lang/StringBuilder.java,append
12acfc45-bdfb-4343-9004-9be15dfd844c,aef98915-d9bd-4ef8-82f6-281ec4d69cc6,208421dc-f9c8-4df2-b7a6-575259b61a5d,->,12acfc45-bdfb-4343-9004-9be15dfd844c,java/lang/StringBuilder.java,toString
12acfc45-bdfb-4343-9004-9be15dfd844c,aef98915-d9bd-4ef8-82f6-281ec4d69cc6,208421dc-f9c8-4df2-b7a6-575259b61a5d,->,12acfc45-bdfb-4343-9004-9be15dfd844c,aef98915-d9bd-4ef8-82f6-281ec4d69cc6,0cf0d29d-b160-429c-b796-5681868a0d4b
12acfc45-bdfb-4343-9004-9be15dfd844c,aef98915-d9bd-4ef8-82f6-281ec4d69cc6,208421dc-f9c8-4df2-b7a6-575259b61a5d,->,12acfc45-bdfb-4343-9004-9be15dfd844c,java/lang/StringBuilder.java,append
12acfc45-bdfb-4343-9004-9be15dfd844c,aef98915-d9bd-4ef8-82f6-281ec4d69cc6,208421dc-f9c8-4df2-b7a6-575259b61a5d,->,12acfc45-bdfb-4343-9004-9be15dfd844c,java/lang/StringBuilder.java,append
12acfc45-bdfb-4343-9004-9be15dfd844c,aef98915-d9bd-4ef8-82f6-281ec4d69cc6,208421dc-f9c8-4df2-b7a6-575259b61a5d,->,12acfc45-bdfb-4343-9004-9be15dfd844c,java/lang/StringBuilder.java,toString
12acfc45-bdfb-4343-9004-9be15dfd844c,aef98915-d9bd-4ef8-82f6-281ec4d69cc6,208421dc-f9c8-4df2-b7a6-575259b61a5d,->,12acfc45-bdfb-4343-9004-9be15dfd844c,aef98915-d9bd-4ef8-82f6-281ec4d69cc6,0cf0d29d-b160-429c-b796-5681868a0d4b
12acfc45-bdfb-4343-9004-9be15dfd844c,aef98915-d9bd-4ef8-82f6-281ec4d69cc6,208421dc-f9c8-4df2-b7a6-575259b61a5d,->,12acfc45-bdfb-4343-9004-9be15dfd844c,java/lang/StringBuilder.java,append
12acfc45-bdfb-4343-9004-9be15dfd844c,aef98915-d9bd-4ef8-82f6-281ec4d69cc6,208421dc-f9c8-4df2-b7a6-575259b61a5d,->,12acfc45-bdfb-4343-9004-9be15dfd844c,java/lang/StringBuilder.java,append
12acfc45-bdfb-4343-9004-9be15dfd844c,aef98915-d9bd-4ef8-82f6-281ec4d69cc6,208421dc-f9c8-4df2-b7a6-575259b61a5d,->,12acfc45-bdfb-4343-9004-9be15dfd844c,java/lang/StringBuilder.java,toString
12acfc45-bdfb-4343-9004-9be15dfd844c,aef98915-d9bd-4ef8-82f6-281ec4d69cc6,208421dc-f9c8-4df2-b7a6-575259b61a5d,->,12acfc45-bdfb-4343-9004-9be15dfd844c,aef98915-d9bd-4ef8-82f6-281ec4d69cc6,0cf0d29d-b160-429c-b796-5681868a0d4b
12acfc45-bdfb-4343-9004-9be15dfd844c,aef98915-d9bd-4ef8-82f6-281ec4d69cc6,208421dc-f9c8-4df2-b7a6-575259b61a5d,->,12acfc45-bdfb-4343-9004-9be15dfd844c,java/lang/StringBuilder.java,append
12acfc45-bdfb-4343-9004-9be15dfd844c,aef98915-d9bd-4ef8-82f6-281ec4d69cc6,208421dc-f9c8-4df2-b7a6-575259b61a5d,->,12acfc45-bdfb-4343-9004-9be15dfd844c,java/lang/StringBuilder.java,append
12acfc45-bdfb-4343-9004-9be15dfd844c,aef98915-d9bd-4ef8-82f6-281ec4d69cc6,208421dc-f9c8-4df2-b7a6-575259b61a5d,->,12acfc45-bdfb-4343-9004-9be15dfd844c,java/lang/StringBuilder.java,toString
12acfc45-bdfb-4343-9004-9be15dfd844c,aef98915-d9bd-4ef8-82f6-281ec4d69cc6,208421dc-f9c8-4df2-b7a6-575259b61a5d,->,12acfc45-bdfb-4343-9004-9be15dfd844c,aef98915-d9bd-4ef8-82f6-281ec4d69cc6,0cf0d29d-b160-429c-b796-5681868a0d4b
12acfc45-bdfb-4343-9004-9be15dfd844c,aef98915-d9bd-4ef8-82f6-281ec4d69cc6,208421dc-f9c8-4df2-b7a6-575259b61a5d,->,12acfc45-bdfb-4343-9004-9be15dfd844c,java/lang/StringBuilder.java,append
12acfc45-bdfb-4343-9004-9be15dfd844c,aef98915-d9bd-4ef8-82f6-281ec4d69cc6,208421dc-f9c8-4df2-b7a6-575259b61a5d,->,12acfc45-bdfb-4343-9004-9be15dfd844c,java/lang/StringBuilder.java,append
12acfc45-bdfb-4343-9004-9be15dfd844c,aef98915-d9bd-4ef8-82f6-281ec4d69cc6,208421dc-f9c8-4df2-b7a6-575259b61a5d,->,12acfc45-bdfb-4343-9004-9be15dfd844c,java/lang/StringBuilder.java,toString
12acfc45-bdfb-4343-9004-9be15dfd844c,aef98915-d9bd-4ef8-82f6-281ec4d69cc6,208421dc-f9c8-4df2-b7a6-575259b61a5d,->,12acfc45-bdfb-4343-9004-9be15dfd844c,aef98915-d9bd-4ef8-82f6-281ec4d69cc6,0cf0d29d-b160-429c-b796-5681868a0d4b
12acfc45-bdfb-4343-9004-9be15dfd844c,aef98915-d9bd-4ef8-82f6-281ec4d69cc6,208421dc-f9c8-4df2-b7a6-575259b61a5d,->,12acfc45-bdfb-4343-9004-9be15dfd844c,java/lang/StringBuilder.java,append
12acfc45-bdfb-4343-9004-9be15dfd844c,aef98915-d9bd-4ef8-82f6-281ec4d69cc6,208421dc-f9c8-4df2-b7a6-575259b61a5d,->,12acfc45-bdfb-4343-9004-9be15dfd844c,java/lang/StringBuilder.java,append
12acfc45-bdfb-4343-9004-9be15dfd844c,aef98915-d9bd-4ef8-82f6-281ec4d69cc6,208421dc-f9c8-4df2-b7a6-575259b61a5d,->,12acfc45-bdfb-4343-9004-9be15dfd844c,java/lang/StringBuilder.java,toString
12acfc45-bdfb-4343-9004-9be15dfd844c,aef98915-d9bd-4ef8-82f6-281ec4d69cc6,208421dc-f9c8-4df2-b7a6-575259b61a5d,->,12acfc45-bdfb-4343-9004-9be15dfd844c,aef98915-d9bd-4ef8-82f6-281ec4d69cc6,0fb8c0b3-d526-4e5a-b200-7aabf6303623
12acfc45-bdfb-4343-9004-9be15dfd844c,aef98915-d9bd-4ef8-82f6-281ec4d69cc6,208421dc-f9c8-4df2-b7a6-575259b61a5d,->,12acfc45-bdfb-4343-9004-9be15dfd844c,aef98915-d9bd-4ef8-82f6-281ec4d69cc6,3992bd2f-77ae-44fd-9dcd-0b271853822c
12acfc45-bdfb-4343-9004-9be15dfd844c,aef98915-d9bd-4ef8-82f6-281ec4d69cc6,208421dc-f9c8-4df2-b7a6-575259b61a5d,->,12acfc45-bdfb-4343-9004-9be15dfd844c,java/lang/StringBuilder.java,append
12acfc45-bdfb-4343-9004-9be15dfd844c,aef98915-d9bd-4ef8-82f6-281ec4d69cc6,208421dc-f9c8-4df2-b7a6-575259b61a5d,->,12acfc45-bdfb-4343-9004-9be15dfd844c,java/lang/StringBuilder.java,append
12acfc45-bdfb-4343-9004-9be15dfd844c,aef98915-d9bd-4ef8-82f6-281ec4d69cc6,208421dc-f9c8-4df2-b7a6-575259b61a5d,->,12acfc45-bdfb-4343-9004-9be15dfd844c,java/lang/StringBuilder.java,toString
12acfc45-bdfb-4343-9004-9be15dfd844c,aef98915-d9bd-4ef8-82f6-281ec4d69cc6,208421dc-f9c8-4df2-b7a6-575259b61a5d,->,12acfc45-bdfb-4343-9004-9be15dfd844c,aef98915-d9bd-4ef8-82f6-281ec4d69cc6,0cf0d29d-b160-429c-b796-5681868a0d4b
12acfc45-bdfb-4343-9004-9be15dfd844c,aef98915-d9bd-4ef8-82f6-281ec4d69cc6,208421dc-f9c8-4df2-b7a6-575259b61a5d,->,12acfc45-bdfb-4343-9004-9be15dfd844c,java/lang/StringBuilder.java,append
12acfc45-bdfb-4343-9004-9be15dfd844c,aef98915-d9bd-4ef8-82f6-281ec4d69cc6,208421dc-f9c8-4df2-b7a6-575259b61a5d,->,12acfc45-bdfb-4343-9004-9be15dfd844c,java/lang/StringBuilder.java,append
12acfc45-bdfb-4343-9004-9be15dfd844c,aef98915-d9bd-4ef8-82f6-281ec4d69cc6,208421dc-f9c8-4df2-b7a6-575259b61a5d,->,12acfc45-bdfb-4343-9004-9be15dfd844c,java/lang/StringBuilder.java,toString
12acfc45-bdfb-4343-9004-9be15dfd844c,aef98915-d9bd-4ef8-82f6-281ec4d69cc6,208421dc-f9c8-4df2-b7a6-575259b61a5d,->,12acfc45-bdfb-4343-9004-9be15dfd844c,aef98915-d9bd-4ef8-82f6-281ec4d69cc6,0cf0d29d-b160-429c-b796-5681868a0d4b
12acfc45-bdfb-4343-9004-9be15dfd844c,aef98915-d9bd-4ef8-82f6-281ec4d69cc6,208421dc-f9c8-4df2-b7a6-575259b61a5d,->,12acfc45-bdfb-4343-9004-9be15dfd844c,java/lang/StringBuilder.java,append
12acfc45-bdfb-4343-9004-9be15dfd844c,aef98915-d9bd-4ef8-82f6-281ec4d69cc6,208421dc-f9c8-4df2-b7a6-575259b61a5d,->,12acfc45-bdfb-4343-9004-9be15dfd844c,java/lang/StringBuilder.java,append
12acfc45-bdfb-4343-9004-9be15dfd844c,aef98915-d9bd-4ef8-82f6-281ec4d69cc6,208421dc-f9c8-4df2-b7a6-575259b61a5d,->,12acfc45-bdfb-4343-9004-9be15dfd844c,java/lang/StringBuilder.java,toString
12acfc45-bdfb-4343-9004-9be15dfd844c,aef98915-d9bd-4ef8-82f6-281ec4d69cc6,208421dc-f9c8-4df2-b7a6-575259b61a5d,->,12acfc45-bdfb-4343-9004-9be15dfd844c,aef98915-d9bd-4ef8-82f6-281ec4d69cc6,0cf0d29d-b160-429c-b796-5681868a0d4b
12acfc45-bdfb-4343-9004-9be15dfd844c,aef98915-d9bd-4ef8-82f6-281ec4d69cc6,208421dc-f9c8-4df2-b7a6-575259b61a5d,->,12acfc45-bdfb-4343-9004-9be15dfd844c,java/lang/StringBuilder.java,append
12acfc45-bdfb-4343-9004-9be15dfd844c,aef98915-d9bd-4ef8-82f6-281ec4d69cc6,208421dc-f9c8-4df2-b7a6-575259b61a5d,->,12acfc45-bdfb-4343-9004-9be15dfd844c,java/lang/StringBuilder.java,append
12acfc45-bdfb-4343-9004-9be15dfd844c,aef98915-d9bd-4ef8-82f6-281ec4d69cc6,208421dc-f9c8-4df2-b7a6-575259b61a5d,->,12acfc45-bdfb-4343-9004-9be15dfd844c,java/lang/StringBuilder.java,toString
12acfc45-bdfb-4343-9004-9be15dfd844c,aef98915-d9bd-4ef8-82f6-281ec4d69cc6,208421dc-f9c8-4df2-b7a6-575259b61a5d,->,12acfc45-bdfb-4343-9004-9be15dfd844c,aef98915-d9bd-4ef8-82f6-281ec4d69cc6,0cf0d29d-b160-429c-b796-5681868a0d4b
12acfc45-bdfb-4343-9004-9be15dfd844c,aef98915-d9bd-4ef8-82f6-281ec4d69cc6,208421dc-f9c8-4df2-b7a6-575259b61a5d,->,12acfc45-bdfb-4343-9004-9be15dfd844c,java/lang/StringBuilder.java,append
12acfc45-bdfb-4343-9004-9be15dfd844c,aef98915-d9bd-4ef8-82f6-281ec4d69cc6,208421dc-f9c8-4df2-b7a6-575259b61a5d,->,12acfc45-bdfb-4343-9004-9be15dfd844c,java/lang/StringBuilder.java,append
12acfc45-bdfb-4343-9004-9be15dfd844c,aef98915-d9bd-4ef8-82f6-281ec4d69cc6,208421dc-f9c8-4df2-b7a6-575259b61a5d,->,12acfc45-bdfb-4343-9004-9be15dfd844c,java/lang/StringBuilder.java,toString
12acfc45-bdfb-4343-9004-9be15dfd844c,aef98915-d9bd-4ef8-82f6-281ec4d69cc6,208421dc-f9c8-4df2-b7a6-575259b61a5d,->,12acfc45-bdfb-4343-9004-9be15dfd844c,aef98915-d9bd-4ef8-82f6-281ec4d69cc6,0cf0d29d-b160-429c-b796-5681868a0d4b
12acfc45-bdfb-4343-9004-9be15dfd844c,aef98915-d9bd-4ef8-82f6-281ec4d69cc6,208421dc-f9c8-4df2-b7a6-575259b61a5d,->,12acfc45-bdfb-4343-9004-9be15dfd844c,java/lang/StringBuilder.java,append
12acfc45-bdfb-4343-9004-9be15dfd844c,aef98915-d9bd-4ef8-82f6-281ec4d69cc6,208421dc-f9c8-4df2-b7a6-575259b61a5d,->,12acfc45-bdfb-4343-9004-9be15dfd844c,java/lang/StringBuilder.java,append
12acfc45-bdfb-4343-9004-9be15dfd844c,aef98915-d9bd-4ef8-82f6-281ec4d69cc6,208421dc-f9c8-4df2-b7a6-575259b61a5d,->,12acfc45-bdfb-4343-9004-9be15dfd844c,java/lang/StringBuilder.java,toString
12acfc45-bdfb-4343-9004-9be15dfd844c,aef98915-d9bd-4ef8-82f6-281ec4d69cc6,208421dc-f9c8-4df2-b7a6-575259b61a5d,->,12acfc45-bdfb-4343-9004-9be15dfd844c,aef98915-d9bd-4ef8-82f6-281ec4d69cc6,0cf0d29d-b160-429c-b796-5681868a0d4b
12acfc45-bdfb-4343-9004-9be15dfd844c,aef98915-d9bd-4ef8-82f6-281ec4d69cc6,208421dc-f9c8-4df2-b7a6-575259b61a5d,->,12acfc45-bdfb-4343-9004-9be15dfd844c,java/lang/StringBuilder.java,append
12acfc45-bdfb-4343-9004-9be15dfd844c,aef98915-d9bd-4ef8-82f6-281ec4d69cc6,208421dc-f9c8-4df2-b7a6-575259b61a5d,->,12acfc45-bdfb-4343-9004-9be15dfd844c,java/lang/StringBuilder.java,append
12acfc45-bdfb-4343-9004-9be15dfd844c,aef98915-d9bd-4ef8-82f6-281ec4d69cc6,208421dc-f9c8-4df2-b7a6-575259b61a5d,->,12acfc45-bdfb-4343-9004-9be15dfd844c,java/lang/StringBuilder.java,toString
12acfc45-bdfb-4343-9004-9be15dfd844c,aef98915-d9bd-4ef8-82f6-281ec4d69cc6,208421dc-f9c8-4df2-b7a6-575259b61a5d,->,12acfc45-bdfb-4343-9004-9be15dfd844c,aef98915-d9bd-4ef8-82f6-281ec4d69cc6,0cf0d29d-b160-429c-b796-5681868a0d4b
12acfc45-bdfb-4343-9004-9be15dfd844c,aef98915-d9bd-4ef8-82f6-281ec4d69cc6,208421dc-f9c8-4df2-b7a6-575259b61a5d,->,12acfc45-bdfb-4343-9004-9be15dfd844c,java/lang/StringBuilder.java,append
12acfc45-bdfb-4343-9004-9be15dfd844c,aef98915-d9bd-4ef8-82f6-281ec4d69cc6,208421dc-f9c8-4df2-b7a6-575259b61a5d,->,12acfc45-bdfb-4343-9004-9be15dfd844c,java/lang/StringBuilder.java,append
12acfc45-bdfb-4343-9004-9be15dfd844c,aef98915-d9bd-4ef8-82f6-281ec4d69cc6,208421dc-f9c8-4df2-b7a6-575259b61a5d,->,12acfc45-bdfb-4343-9004-9be15dfd844c,java/lang/StringBuilder.java,toString
12acfc45-bdfb-4343-9004-9be15dfd844c,aef98915-d9bd-4ef8-82f6-281ec4d69cc6,208421dc-f9c8-4df2-b7a6-575259b61a5d,->,12acfc45-bdfb-4343-9004-9be15dfd844c,aef98915-d9bd-4ef8-82f6-281ec4d69cc6,0cf0d29d-b160-429c-b796-5681868a0d4b
12acfc45-bdfb-4343-9004-9be15dfd844c,aef98915-d9bd-4ef8-82f6-281ec4d69cc6,208421dc-f9c8-4df2-b7a6-575259b61a5d,->,12acfc45-bdfb-4343-9004-9be15dfd844c,java/lang/StringBuilder.java,append
12acfc45-bdfb-4343-9004-9be15dfd844c,aef98915-d9bd-4ef8-82f6-281ec4d69cc6,208421dc-f9c8-4df2-b7a6-575259b61a5d,->,12acfc45-bdfb-4343-9004-9be15dfd844c,java/lang/StringBuilder.java,append
12acfc45-bdfb-4343-9004-9be15dfd844c,aef98915-d9bd-4ef8-82f6-281ec4d69cc6,208421dc-f9c8-4df2-b7a6-575259b61a5d,->,12acfc45-bdfb-4343-9004-9be15dfd844c,java/lang/StringBuilder.java,toString
12acfc45-bdfb-4343-9004-9be15dfd844c,aef98915-d9bd-4ef8-82f6-281ec4d69cc6,208421dc-f9c8-4df2-b7a6-575259b61a5d,->,12acfc45-bdfb-4343-9004-9be15dfd844c,aef98915-d9bd-4ef8-82f6-281ec4d69cc6,0cf0d29d-b160-429c-b796-5681868a0d4b
12acfc45-bdfb-4343-9004-9be15dfd844c,aef98915-d9bd-4ef8-82f6-281ec4d69cc6,208421dc-f9c8-4df2-b7a6-575259b61a5d,->,12acfc45-bdfb-4343-9004-9be15dfd844c,java/lang/StringBuilder.java,append
12acfc45-bdfb-4343-9004-9be15dfd844c,aef98915-d9bd-4ef8-82f6-281ec4d69cc6,208421dc-f9c8-4df2-b7a6-575259b61a5d,->,12acfc45-bdfb-4343-9004-9be15dfd844c,java/lang/StringBuilder.java,append
12acfc45-bdfb-4343-9004-9be15dfd844c,aef98915-d9bd-4ef8-82f6-281ec4d69cc6,208421dc-f9c8-4df2-b7a6-575259b61a5d,->,12acfc45-bdfb-4343-9004-9be15dfd844c,java/lang/StringBuilder.java,toString
12acfc45-bdfb-4343-9004-9be15dfd844c,aef98915-d9bd-4ef8-82f6-281ec4d69cc6,208421dc-f9c8-4df2-b7a6-575259b61a5d,->,12acfc45-bdfb-4343-9004-9be15dfd844c,aef98915-d9bd-4ef8-82f6-281ec4d69cc6,0cf0d29d-b160-429c-b796-5681868a0d4b
12acfc45-bdfb-4343-9004-9be15dfd844c,aef98915-d9bd-4ef8-82f6-281ec4d69cc6,208421dc-f9c8-4df2-b7a6-575259b61a5d,->,12acfc45-bdfb-4343-9004-9be15dfd844c,java/lang/StringBuilder.java,append
12acfc45-bdfb-4343-9004-9be15dfd844c,aef98915-d9bd-4ef8-82f6-281ec4d69cc6,208421dc-f9c8-4df2-b7a6-575259b61a5d,->,12acfc45-bdfb-4343-9004-9be15dfd844c,java/lang/StringBuilder.java,append
12acfc45-bdfb-4343-9004-9be15dfd844c,aef98915-d9bd-4ef8-82f6-281ec4d69cc6,208421dc-f9c8-4df2-b7a6-575259b61a5d,->,12acfc45-bdfb-4343-9004-9be15dfd844c,java/lang/StringBuilder.java,toString
12acfc45-bdfb-4343-9004-9be15dfd844c,aef98915-d9bd-4ef8-82f6-281ec4d69cc6,208421dc-f9c8-4df2-b7a6-575259b61a5d,->,12acfc45-bdfb-4343-9004-9be15dfd844c,aef98915-d9bd-4ef8-82f6-281ec4d69cc6,0cf0d29d-b160-429c-b796-5681868a0d4b
12acfc45-bdfb-4343-9004-9be15dfd844c,aef98915-d9bd-4ef8-82f6-281ec4d69cc6,208421dc-f9c8-4df2-b7a6-575259b61a5d,->,12acfc45-bdfb-4343-9004-9be15dfd844c,java/lang/StringBuilder.java,append
12acfc45-bdfb-4343-9004-9be15dfd844c,aef98915-d9bd-4ef8-82f6-281ec4d69cc6,208421dc-f9c8-4df2-b7a6-575259b61a5d,->,12acfc45-bdfb-4343-9004-9be15dfd844c,java/lang/StringBuilder.java,append
12acfc45-bdfb-4343-9004-9be15dfd844c,aef98915-d9bd-4ef8-82f6-281ec4d69cc6,208421dc-f9c8-4df2-b7a6-575259b61a5d,->,12acfc45-bdfb-4343-9004-9be15dfd844c,java/lang/StringBuilder.java,toString
12acfc45-bdfb-4343-9004-9be15dfd844c,aef98915-d9bd-4ef8-82f6-281ec4d69cc6,208421dc-f9c8-4df2-b7a6-575259b61a5d,->,12acfc45-bdfb-4343-9004-9be15dfd844c,aef98915-d9bd-4ef8-82f6-281ec4d69cc6,0cf0d29d-b160-429c-b796-5681868a0d4b
12acfc45-bdfb-4343-9004-9be15dfd844c,aef98915-d9bd-4ef8-82f6-281ec4d69cc6,208421dc-f9c8-4df2-b7a6-575259b61a5d,->,12acfc45-bdfb-4343-9004-9be15dfd844c,aef98915-d9bd-4ef8-82f6-281ec4d69cc6,0fb8c0b3-d526-4e5a-b200-7aabf6303623
12acfc45-bdfb-4343-9004-9be15dfd844c,aef98915-d9bd-4ef8-82f6-281ec4d69cc6,208421dc-f9c8-4df2-b7a6-575259b61a5d,->,12acfc45-bdfb-4343-9004-9be15dfd844c,aef98915-d9bd-4ef8-82f6-281ec4d69cc6,3992bd2f-77ae-44fd-9dcd-0b271853822c
12acfc45-bdfb-4343-9004-9be15dfd844c,aef98915-d9bd-4ef8-82f6-281ec4d69cc6,208421dc-f9c8-4df2-b7a6-575259b61a5d,->,12acfc45-bdfb-4343-9004-9be15dfd844c,java/lang/StringBuilder.java,append
12acfc45-bdfb-4343-9004-9be15dfd844c,aef98915-d9bd-4ef8-82f6-281ec4d69cc6,208421dc-f9c8-4df2-b7a6-575259b61a5d,->,12acfc45-bdfb-4343-9004-9be15dfd844c,java/lang/StringBuilder.java,append
12acfc45-bdfb-4343-9004-9be15dfd844c,aef98915-d9bd-4ef8-82f6-281ec4d69cc6,208421dc-f9c8-4df2-b7a6-575259b61a5d,->,12acfc45-bdfb-4343-9004-9be15dfd844c,java/lang/StringBuilder.java,toString
12acfc45-bdfb-4343-9004-9be15dfd844c,aef98915-d9bd-4ef8-82f6-281ec4d69cc6,208421dc-f9c8-4df2-b7a6-575259b61a5d,->,12acfc45-bdfb-4343-9004-9be15dfd844c,aef98915-d9bd-4ef8-82f6-281ec4d69cc6,0cf0d29d-b160-429c-b796-5681868a0d4b
12acfc45-bdfb-4343-9004-9be15dfd844c,aef98915-d9bd-4ef8-82f6-281ec4d69cc6,208421dc-f9c8-4df2-b7a6-575259b61a5d,->,12acfc45-bdfb-4343-9004-9be15dfd844c,java/lang/StringBuilder.java,append
12acfc45-bdfb-4343-9004-9be15dfd844c,aef98915-d9bd-4ef8-82f6-281ec4d69cc6,208421dc-f9c8-4df2-b7a6-575259b61a5d,->,12acfc45-bdfb-4343-9004-9be15dfd844c,java/lang/StringBuilder.java,append
12acfc45-bdfb-4343-9004-9be15dfd844c,aef98915-d9bd-4ef8-82f6-281ec4d69cc6,208421dc-f9c8-4df2-b7a6-575259b61a5d,->,12acfc45-bdfb-4343-9004-9be15dfd844c,java/lang/StringBuilder.java,toString
12acfc45-bdfb-4343-9004-9be15dfd844c,aef98915-d9bd-4ef8-82f6-281ec4d69cc6,208421dc-f9c8-4df2-b7a6-575259b61a5d,->,12acfc45-bdfb-4343-9004-9be15dfd844c,aef98915-d9bd-4ef8-82f6-281ec4d69cc6,0cf0d29d-b160-429c-b796-5681868a0d4b
12acfc45-bdfb-4343-9004-9be15dfd844c,aef98915-d9bd-4ef8-82f6-281ec4d69cc6,208421dc-f9c8-4df2-b7a6-575259b61a5d,->,12acfc45-bdfb-4343-9004-9be15dfd844c,java/lang/StringBuilder.java,append
12acfc45-bdfb-4343-9004-9be15dfd844c,aef98915-d9bd-4ef8-82f6-281ec4d69cc6,208421dc-f9c8-4df2-b7a6-575259b61a5d,->,12acfc45-bdfb-4343-9004-9be15dfd844c,java/lang/StringBuilder.java,append
12acfc45-bdfb-4343-9004-9be15dfd844c,aef98915-d9bd-4ef8-82f6-281ec4d69cc6,208421dc-f9c8-4df2-b7a6-575259b61a5d,->,12acfc45-bdfb-4343-9004-9be15dfd844c,java/lang/StringBuilder.java,toString
12acfc45-bdfb-4343-9004-9be15dfd844c,aef98915-d9bd-4ef8-82f6-281ec4d69cc6,208421dc-f9c8-4df2-b7a6-575259b61a5d,->,12acfc45-bdfb-4343-9004-9be15dfd844c,aef98915-d9bd-4ef8-82f6-281ec4d69cc6,0cf0d29d-b160-429c-b796-5681868a0d4b
12acfc45-bdfb-4343-9004-9be15dfd844c,aef98915-d9bd-4ef8-82f6-281ec4d69cc6,208421dc-f9c8-4df2-b7a6-575259b61a5d,->,12acfc45-bdfb-4343-9004-9be15dfd844c,java/lang/StringBuilder.java,append
12acfc45-bdfb-4343-9004-9be15dfd844c,aef98915-d9bd-4ef8-82f6-281ec4d69cc6,208421dc-f9c8-4df2-b7a6-575259b61a5d,->,12acfc45-bdfb-4343-9004-9be15dfd844c,java/lang/StringBuilder.java,append
12acfc45-bdfb-4343-9004-9be15dfd844c,aef98915-d9bd-4ef8-82f6-281ec4d69cc6,208421dc-f9c8-4df2-b7a6-575259b61a5d,->,12acfc45-bdfb-4343-9004-9be15dfd844c,java/lang/StringBuilder.java,toString
12acfc45-bdfb-4343-9004-9be15dfd844c,aef98915-d9bd-4ef8-82f6-281ec4d69cc6,208421dc-f9c8-4df2-b7a6-575259b61a5d,->,12acfc45-bdfb-4343-9004-9be15dfd844c,aef98915-d9bd-4ef8-82f6-281ec4d69cc6,0cf0d29d-b160-429c-b796-5681868a0d4b
12acfc45-bdfb-4343-9004-9be15dfd844c,aef98915-d9bd-4ef8-82f6-281ec4d69cc6,208421dc-f9c8-4df2-b7a6-575259b61a5d,->,12acfc45-bdfb-4343-9004-9be15dfd844c,java/lang/StringBuilder.java,append
12acfc45-bdfb-4343-9004-9be15dfd844c,aef98915-d9bd-4ef8-82f6-281ec4d69cc6,208421dc-f9c8-4df2-b7a6-575259b61a5d,->,12acfc45-bdfb-4343-9004-9be15dfd844c,java/lang/StringBuilder.java,append
12acfc45-bdfb-4343-9004-9be15dfd844c,aef98915-d9bd-4ef8-82f6-281ec4d69cc6,208421dc-f9c8-4df2-b7a6-575259b61a5d,->,12acfc45-bdfb-4343-9004-9be15dfd844c,java/lang/StringBuilder.java,toString
12acfc45-bdfb-4343-9004-9be15dfd844c,aef98915-d9bd-4ef8-82f6-281ec4d69cc6,208421dc-f9c8-4df2-b7a6-575259b61a5d,->,12acfc45-bdfb-4343-9004-9be15dfd844c,aef98915-d9bd-4ef8-82f6-281ec4d69cc6,0cf0d29d-b160-429c-b796-5681868a0d4b
12acfc45-bdfb-4343-9004-9be15dfd844c,aef98915-d9bd-4ef8-82f6-281ec4d69cc6,208421dc-f9c8-4df2-b7a6-575259b61a5d,->,12acfc45-bdfb-4343-9004-9be15dfd844c,java/lang/StringBuilder.java,append
12acfc45-bdfb-4343-9004-9be15dfd844c,aef98915-d9bd-4ef8-82f6-281ec4d69cc6,208421dc-f9c8-4df2-b7a6-575259b61a5d,->,12acfc45-bdfb-4343-9004-9be15dfd844c,java/lang/StringBuilder.java,append
12acfc45-bdfb-4343-9004-9be15dfd844c,aef98915-d9bd-4ef8-82f6-281ec4d69cc6,208421dc-f9c8-4df2-b7a6-575259b61a5d,->,12acfc45-bdfb-4343-9004-9be15dfd844c,java/lang/StringBuilder.java,toString
12acfc45-bdfb-4343-9004-9be15dfd844c,aef98915-d9bd-4ef8-82f6-281ec4d69cc6,208421dc-f9c8-4df2-b7a6-575259b61a5d,->,12acfc45-bdfb-4343-9004-9be15dfd844c,aef98915-d9bd-4ef8-82f6-281ec4d69cc6,0cf0d29d-b160-429c-b796-5681868a0d4b
12acfc45-bdfb-4343-9004-9be15dfd844c,aef98915-d9bd-4ef8-82f6-281ec4d69cc6,208421dc-f9c8-4df2-b7a6-575259b61a5d,->,12acfc45-bdfb-4343-9004-9be15dfd844c,java/lang/StringBuilder.java,append
12acfc45-bdfb-4343-9004-9be15dfd844c,aef98915-d9bd-4ef8-82f6-281ec4d69cc6,208421dc-f9c8-4df2-b7a6-575259b61a5d,->,12acfc45-bdfb-4343-9004-9be15dfd844c,java/lang/StringBuilder.java,append
12acfc45-bdfb-4343-9004-9be15dfd844c,aef98915-d9bd-4ef8-82f6-281ec4d69cc6,208421dc-f9c8-4df2-b7a6-575259b61a5d,->,12acfc45-bdfb-4343-9004-9be15dfd844c,java/lang/StringBuilder.java,toString
12acfc45-bdfb-4343-9004-9be15dfd844c,aef98915-d9bd-4ef8-82f6-281ec4d69cc6,208421dc-f9c8-4df2-b7a6-575259b61a5d,->,12acfc45-bdfb-4343-9004-9be15dfd844c,aef98915-d9bd-4ef8-82f6-281ec4d69cc6,0cf0d29d-b160-429c-b796-5681868a0d4b
12acfc45-bdfb-4343-9004-9be15dfd844c,aef98915-d9bd-4ef8-82f6-281ec4d69cc6,208421dc-f9c8-4df2-b7a6-575259b61a5d,->,12acfc45-bdfb-4343-9004-9be15dfd844c,java/lang/StringBuilder.java,append
12acfc45-bdfb-4343-9004-9be15dfd844c,aef98915-d9bd-4ef8-82f6-281ec4d69cc6,208421dc-f9c8-4df2-b7a6-575259b61a5d,->,12acfc45-bdfb-4343-9004-9be15dfd844c,java/lang/StringBuilder.java,append
12acfc45-bdfb-4343-9004-9be15dfd844c,aef98915-d9bd-4ef8-82f6-281ec4d69cc6,208421dc-f9c8-4df2-b7a6-575259b61a5d,->,12acfc45-bdfb-4343-9004-9be15dfd844c,java/lang/StringBuilder.java,toString
12acfc45-bdfb-4343-9004-9be15dfd844c,aef98915-d9bd-4ef8-82f6-281ec4d69cc6,208421dc-f9c8-4df2-b7a6-575259b61a5d,->,12acfc45-bdfb-4343-9004-9be15dfd844c,aef98915-d9bd-4ef8-82f6-281ec4d69cc6,0cf0d29d-b160-429c-b796-5681868a0d4b
12acfc45-bdfb-4343-9004-9be15dfd844c,aef98915-d9bd-4ef8-82f6-281ec4d69cc6,208421dc-f9c8-4df2-b7a6-575259b61a5d,->,12acfc45-bdfb-4343-9004-9be15dfd844c,java/lang/StringBuilder.java,append
12acfc45-bdfb-4343-9004-9be15dfd844c,aef98915-d9bd-4ef8-82f6-281ec4d69cc6,208421dc-f9c8-4df2-b7a6-575259b61a5d,->,12acfc45-bdfb-4343-9004-9be15dfd844c,java/lang/StringBuilder.java,append
12acfc45-bdfb-4343-9004-9be15dfd844c,aef98915-d9bd-4ef8-82f6-281ec4d69cc6,208421dc-f9c8-4df2-b7a6-575259b61a5d,->,12acfc45-bdfb-4343-9004-9be15dfd844c,java/lang/StringBuilder.java,toString
12acfc45-bdfb-4343-9004-9be15dfd844c,aef98915-d9bd-4ef8-82f6-281ec4d69cc6,208421dc-f9c8-4df2-b7a6-575259b61a5d,->,12acfc45-bdfb-4343-9004-9be15dfd844c,aef98915-d9bd-4ef8-82f6-281ec4d69cc6,0cf0d29d-b160-429c-b796-5681868a0d4b
12acfc45-bdfb-4343-9004-9be15dfd844c,aef98915-d9bd-4ef8-82f6-281ec4d69cc6,208421dc-f9c8-4df2-b7a6-575259b61a5d,->,12acfc45-bdfb-4343-9004-9be15dfd844c,java/lang/StringBuilder.java,append
12acfc45-bdfb-4343-9004-9be15dfd844c,aef98915-d9bd-4ef8-82f6-281ec4d69cc6,208421dc-f9c8-4df2-b7a6-575259b61a5d,->,12acfc45-bdfb-4343-9004-9be15dfd844c,java/lang/StringBuilder.java,append
12acfc45-bdfb-4343-9004-9be15dfd844c,aef98915-d9bd-4ef8-82f6-281ec4d69cc6,208421dc-f9c8-4df2-b7a6-575259b61a5d,->,12acfc45-bdfb-4343-9004-9be15dfd844c,java/lang/StringBuilder.java,toString
12acfc45-bdfb-4343-9004-9be15dfd844c,aef98915-d9bd-4ef8-82f6-281ec4d69cc6,208421dc-f9c8-4df2-b7a6-575259b61a5d,->,12acfc45-bdfb-4343-9004-9be15dfd844c,aef98915-d9bd-4ef8-82f6-281ec4d69cc6,0cf0d29d-b160-429c-b796-5681868a0d4b
12acfc45-bdfb-4343-9004-9be15dfd844c,aef98915-d9bd-4ef8-82f6-281ec4d69cc6,208421dc-f9c8-4df2-b7a6-575259b61a5d,->,12acfc45-bdfb-4343-9004-9be15dfd844c,java/lang/StringBuilder.java,append
12acfc45-bdfb-4343-9004-9be15dfd844c,aef98915-d9bd-4ef8-82f6-281ec4d69cc6,208421dc-f9c8-4df2-b7a6-575259b61a5d,->,12acfc45-bdfb-4343-9004-9be15dfd844c,java/lang/StringBuilder.java,append
12acfc45-bdfb-4343-9004-9be15dfd844c,aef98915-d9bd-4ef8-82f6-281ec4d69cc6,208421dc-f9c8-4df2-b7a6-575259b61a5d,->,12acfc45-bdfb-4343-9004-9be15dfd844c,java/lang/StringBuilder.java,toString
12acfc45-bdfb-4343-9004-9be15dfd844c,aef98915-d9bd-4ef8-82f6-281ec4d69cc6,208421dc-f9c8-4df2-b7a6-575259b61a5d,->,12acfc45-bdfb-4343-9004-9be15dfd844c,aef98915-d9bd-4ef8-82f6-281ec4d69cc6,0cf0d29d-b160-429c-b796-5681868a0d4b
12acfc45-bdfb-4343-9004-9be15dfd844c,aef98915-d9bd-4ef8-82f6-281ec4d69cc6,208421dc-f9c8-4df2-b7a6-575259b61a5d,->,12acfc45-bdfb-4343-9004-9be15dfd844c,java/lang/StringBuilder.java,append
12acfc45-bdfb-4343-9004-9be15dfd844c,aef98915-d9bd-4ef8-82f6-281ec4d69cc6,208421dc-f9c8-4df2-b7a6-575259b61a5d,->,12acfc45-bdfb-4343-9004-9be15dfd844c,java/lang/StringBuilder.java,append
12acfc45-bdfb-4343-9004-9be15dfd844c,aef98915-d9bd-4ef8-82f6-281ec4d69cc6,208421dc-f9c8-4df2-b7a6-575259b61a5d,->,12acfc45-bdfb-4343-9004-9be15dfd844c,java/lang/StringBuilder.java,toString
12acfc45-bdfb-4343-9004-9be15dfd844c,aef98915-d9bd-4ef8-82f6-281ec4d69cc6,208421dc-f9c8-4df2-b7a6-575259b61a5d,->,12acfc45-bdfb-4343-9004-9be15dfd844c,aef98915-d9bd-4ef8-82f6-281ec4d69cc6,0cf0d29d-b160-429c-b796-5681868a0d4b
12acfc45-bdfb-4343-9004-9be15dfd844c,aef98915-d9bd-4ef8-82f6-281ec4d69cc6,208421dc-f9c8-4df2-b7a6-575259b61a5d,->,12acfc45-bdfb-4343-9004-9be15dfd844c,aef98915-d9bd-4ef8-82f6-281ec4d69cc6,0fb8c0b3-d526-4e5a-b200-7aabf6303623
12acfc45-bdfb-4343-9004-9be15dfd844c,aef98915-d9bd-4ef8-82f6-281ec4d69cc6,208421dc-f9c8-4df2-b7a6-575259b61a5d,->,12acfc45-bdfb-4343-9004-9be15dfd844c,aef98915-d9bd-4ef8-82f6-281ec4d69cc6,3992bd2f-77ae-44fd-9dcd-0b271853822c
12acfc45-bdfb-4343-9004-9be15dfd844c,aef98915-d9bd-4ef8-82f6-281ec4d69cc6,208421dc-f9c8-4df2-b7a6-575259b61a5d,->,12acfc45-bdfb-4343-9004-9be15dfd844c,java/lang/StringBuilder.java,append
12acfc45-bdfb-4343-9004-9be15dfd844c,aef98915-d9bd-4ef8-82f6-281ec4d69cc6,208421dc-f9c8-4df2-b7a6-575259b61a5d,->,12acfc45-bdfb-4343-9004-9be15dfd844c,java/lang/StringBuilder.java,append
12acfc45-bdfb-4343-9004-9be15dfd844c,aef98915-d9bd-4ef8-82f6-281ec4d69cc6,208421dc-f9c8-4df2-b7a6-575259b61a5d,->,12acfc45-bdfb-4343-9004-9be15dfd844c,java/lang/StringBuilder.java,toString
12acfc45-bdfb-4343-9004-9be15dfd844c,aef98915-d9bd-4ef8-82f6-281ec4d69cc6,208421dc-f9c8-4df2-b7a6-575259b61a5d,->,12acfc45-bdfb-4343-9004-9be15dfd844c,aef98915-d9bd-4ef8-82f6-281ec4d69cc6,0cf0d29d-b160-429c-b796-5681868a0d4b
12acfc45-bdfb-4343-9004-9be15dfd844c,aef98915-d9bd-4ef8-82f6-281ec4d69cc6,208421dc-f9c8-4df2-b7a6-575259b61a5d,->,12acfc45-bdfb-4343-9004-9be15dfd844c,java/lang/StringBuilder.java,append
12acfc45-bdfb-4343-9004-9be15dfd844c,aef98915-d9bd-4ef8-82f6-281ec4d69cc6,208421dc-f9c8-4df2-b7a6-575259b61a5d,->,12acfc45-bdfb-4343-9004-9be15dfd844c,java/lang/StringBuilder.java,append
12acfc45-bdfb-4343-9004-9be15dfd844c,aef98915-d9bd-4ef8-82f6-281ec4d69cc6,208421dc-f9c8-4df2-b7a6-575259b61a5d,->,12acfc45-bdfb-4343-9004-9be15dfd844c,java/lang/StringBuilder.java,toString
12acfc45-bdfb-4343-9004-9be15dfd844c,aef98915-d9bd-4ef8-82f6-281ec4d69cc6,208421dc-f9c8-4df2-b7a6-575259b61a5d,->,12acfc45-bdfb-4343-9004-9be15dfd844c,aef98915-d9bd-4ef8-82f6-281ec4d69cc6,0cf0d29d-b160-429c-b796-5681868a0d4b
12acfc45-bdfb-4343-9004-9be15dfd844c,aef98915-d9bd-4ef8-82f6-281ec4d69cc6,208421dc-f9c8-4df2-b7a6-575259b61a5d,->,12acfc45-bdfb-4343-9004-9be15dfd844c,java/lang/StringBuilder.java,append
12acfc45-bdfb-4343-9004-9be15dfd844c,aef98915-d9bd-4ef8-82f6-281ec4d69cc6,208421dc-f9c8-4df2-b7a6-575259b61a5d,->,12acfc45-bdfb-4343-9004-9be15dfd844c,java/lang/StringBuilder.java,append
12acfc45-bdfb-4343-9004-9be15dfd844c,aef98915-d9bd-4ef8-82f6-281ec4d69cc6,208421dc-f9c8-4df2-b7a6-575259b61a5d,->,12acfc45-bdfb-4343-9004-9be15dfd844c,java/lang/StringBuilder.java,toString
12acfc45-bdfb-4343-9004-9be15dfd844c,aef98915-d9bd-4ef8-82f6-281ec4d69cc6,208421dc-f9c8-4df2-b7a6-575259b61a5d,->,12acfc45-bdfb-4343-9004-9be15dfd844c,aef98915-d9bd-4ef8-82f6-281ec4d69cc6,0cf0d29d-b160-429c-b796-5681868a0d4b
12acfc45-bdfb-4343-9004-9be15dfd844c,aef98915-d9bd-4ef8-82f6-281ec4d69cc6,208421dc-f9c8-4df2-b7a6-575259b61a5d,->,12acfc45-bdfb-4343-9004-9be15dfd844c,java/lang/StringBuilder.java,append
12acfc45-bdfb-4343-9004-9be15dfd844c,aef98915-d9bd-4ef8-82f6-281ec4d69cc6,208421dc-f9c8-4df2-b7a6-575259b61a5d,->,12acfc45-bdfb-4343-9004-9be15dfd844c,java/lang/StringBuilder.java,append
12acfc45-bdfb-4343-9004-9be15dfd844c,aef98915-d9bd-4ef8-82f6-281ec4d69cc6,208421dc-f9c8-4df2-b7a6-575259b61a5d,->,12acfc45-bdfb-4343-9004-9be15dfd844c,java/lang/StringBuilder.java,toString
12acfc45-bdfb-4343-9004-9be15dfd844c,aef98915-d9bd-4ef8-82f6-281ec4d69cc6,208421dc-f9c8-4df2-b7a6-575259b61a5d,->,12acfc45-bdfb-4343-9004-9be15dfd844c,aef98915-d9bd-4ef8-82f6-281ec4d69cc6,0cf0d29d-b160-429c-b796-5681868a0d4b
12acfc45-bdfb-4343-9004-9be15dfd844c,aef98915-d9bd-4ef8-82f6-281ec4d69cc6,208421dc-f9c8-4df2-b7a6-575259b61a5d,->,12acfc45-bdfb-4343-9004-9be15dfd844c,java/lang/StringBuilder.java,append
12acfc45-bdfb-4343-9004-9be15dfd844c,aef98915-d9bd-4ef8-82f6-281ec4d69cc6,208421dc-f9c8-4df2-b7a6-575259b61a5d,->,12acfc45-bdfb-4343-9004-9be15dfd844c,java/lang/StringBuilder.java,append
12acfc45-bdfb-4343-9004-9be15dfd844c,aef98915-d9bd-4ef8-82f6-281ec4d69cc6,208421dc-f9c8-4df2-b7a6-575259b61a5d,->,12acfc45-bdfb-4343-9004-9be15dfd844c,java/lang/StringBuilder.java,toString
12acfc45-bdfb-4343-9004-9be15dfd844c,aef98915-d9bd-4ef8-82f6-281ec4d69cc6,208421dc-f9c8-4df2-b7a6-575259b61a5d,->,12acfc45-bdfb-4343-9004-9be15dfd844c,aef98915-d9bd-4ef8-82f6-281ec4d69cc6,0cf0d29d-b160-429c-b796-5681868a0d4b
12acfc45-bdfb-4343-9004-9be15dfd844c,aef98915-d9bd-4ef8-82f6-281ec4d69cc6,208421dc-f9c8-4df2-b7a6-575259b61a5d,->,12acfc45-bdfb-4343-9004-9be15dfd844c,java/lang/StringBuilder.java,append
12acfc45-bdfb-4343-9004-9be15dfd844c,aef98915-d9bd-4ef8-82f6-281ec4d69cc6,208421dc-f9c8-4df2-b7a6-575259b61a5d,->,12acfc45-bdfb-4343-9004-9be15dfd844c,java/lang/StringBuilder.java,append
12acfc45-bdfb-4343-9004-9be15dfd844c,aef98915-d9bd-4ef8-82f6-281ec4d69cc6,208421dc-f9c8-4df2-b7a6-575259b61a5d,->,12acfc45-bdfb-4343-9004-9be15dfd844c,java/lang/StringBuilder.java,toString
12acfc45-bdfb-4343-9004-9be15dfd844c,aef98915-d9bd-4ef8-82f6-281ec4d69cc6,208421dc-f9c8-4df2-b7a6-575259b61a5d,->,12acfc45-bdfb-4343-9004-9be15dfd844c,aef98915-d9bd-4ef8-82f6-281ec4d69cc6,0cf0d29d-b160-429c-b796-5681868a0d4b
12acfc45-bdfb-4343-9004-9be15dfd844c,aef98915-d9bd-4ef8-82f6-281ec4d69cc6,208421dc-f9c8-4df2-b7a6-575259b61a5d,->,12acfc45-bdfb-4343-9004-9be15dfd844c,java/lang/StringBuilder.java,append
12acfc45-bdfb-4343-9004-9be15dfd844c,aef98915-d9bd-4ef8-82f6-281ec4d69cc6,208421dc-f9c8-4df2-b7a6-575259b61a5d,->,12acfc45-bdfb-4343-9004-9be15dfd844c,java/lang/StringBuilder.java,append
12acfc45-bdfb-4343-9004-9be15dfd844c,aef98915-d9bd-4ef8-82f6-281ec4d69cc6,208421dc-f9c8-4df2-b7a6-575259b61a5d,->,12acfc45-bdfb-4343-9004-9be15dfd844c,java/lang/StringBuilder.java,toString
12acfc45-bdfb-4343-9004-9be15dfd844c,aef98915-d9bd-4ef8-82f6-281ec4d69cc6,208421dc-f9c8-4df2-b7a6-575259b61a5d,->,12acfc45-bdfb-4343-9004-9be15dfd844c,aef98915-d9bd-4ef8-82f6-281ec4d69cc6,0cf0d29d-b160-429c-b796-5681868a0d4b
12acfc45-bdfb-4343-9004-9be15dfd844c,aef98915-d9bd-4ef8-82f6-281ec4d69cc6,208421dc-f9c8-4df2-b7a6-575259b61a5d,->,12acfc45-bdfb-4343-9004-9be15dfd844c,java/lang/StringBuilder.java,append
12acfc45-bdfb-4343-9004-9be15dfd844c,aef98915-d9bd-4ef8-82f6-281ec4d69cc6,208421dc-f9c8-4df2-b7a6-575259b61a5d,->,12acfc45-bdfb-4343-9004-9be15dfd844c,java/lang/StringBuilder.java,append
12acfc45-bdfb-4343-9004-9be15dfd844c,aef98915-d9bd-4ef8-82f6-281ec4d69cc6,208421dc-f9c8-4df2-b7a6-575259b61a5d,->,12acfc45-bdfb-4343-9004-9be15dfd844c,java/lang/StringBuilder.java,toString
12acfc45-bdfb-4343-9004-9be15dfd844c,aef98915-d9bd-4ef8-82f6-281ec4d69cc6,208421dc-f9c8-4df2-b7a6-575259b61a5d,->,12acfc45-bdfb-4343-9004-9be15dfd844c,aef98915-d9bd-4ef8-82f6-281ec4d69cc6,0cf0d29d-b160-429c-b796-5681868a0d4b
12acfc45-bdfb-4343-9004-9be15dfd844c,aef98915-d9bd-4ef8-82f6-281ec4d69cc6,208421dc-f9c8-4df2-b7a6-575259b61a5d,->,12acfc45-bdfb-4343-9004-9be15dfd844c,java/lang/StringBuilder.java,append
12acfc45-bdfb-4343-9004-9be15dfd844c,aef98915-d9bd-4ef8-82f6-281ec4d69cc6,208421dc-f9c8-4df2-b7a6-575259b61a5d,->,12acfc45-bdfb-4343-9004-9be15dfd844c,java/lang/StringBuilder.java,append
12acfc45-bdfb-4343-9004-9be15dfd844c,aef98915-d9bd-4ef8-82f6-281ec4d69cc6,208421dc-f9c8-4df2-b7a6-575259b61a5d,->,12acfc45-bdfb-4343-9004-9be15dfd844c,java/lang/StringBuilder.java,toString
12acfc45-bdfb-4343-9004-9be15dfd844c,aef98915-d9bd-4ef8-82f6-281ec4d69cc6,208421dc-f9c8-4df2-b7a6-575259b61a5d,->,12acfc45-bdfb-4343-9004-9be15dfd844c,aef98915-d9bd-4ef8-82f6-281ec4d69cc6,0cf0d29d-b160-429c-b796-5681868a0d4b
12acfc45-bdfb-4343-9004-9be15dfd844c,aef98915-d9bd-4ef8-82f6-281ec4d69cc6,208421dc-f9c8-4df2-b7a6-575259b61a5d,->,12acfc45-bdfb-4343-9004-9be15dfd844c,java/lang/StringBuilder.java,append
12acfc45-bdfb-4343-9004-9be15dfd844c,aef98915-d9bd-4ef8-82f6-281ec4d69cc6,208421dc-f9c8-4df2-b7a6-575259b61a5d,->,12acfc45-bdfb-4343-9004-9be15dfd844c,java/lang/StringBuilder.java,append
12acfc45-bdfb-4343-9004-9be15dfd844c,aef98915-d9bd-4ef8-82f6-281ec4d69cc6,208421dc-f9c8-4df2-b7a6-575259b61a5d,->,12acfc45-bdfb-4343-9004-9be15dfd844c,java/lang/StringBuilder.java,toString
12acfc45-bdfb-4343-9004-9be15dfd844c,aef98915-d9bd-4ef8-82f6-281ec4d69cc6,208421dc-f9c8-4df2-b7a6-575259b61a5d,->,12acfc45-bdfb-4343-9004-9be15dfd844c,aef98915-d9bd-4ef8-82f6-281ec4d69cc6,0cf0d29d-b160-429c-b796-5681868a0d4b
12acfc45-bdfb-4343-9004-9be15dfd844c,aef98915-d9bd-4ef8-82f6-281ec4d69cc6,208421dc-f9c8-4df2-b7a6-575259b61a5d,->,12acfc45-bdfb-4343-9004-9be15dfd844c,aef98915-d9bd-4ef8-82f6-281ec4d69cc6,0fb8c0b3-d526-4e5a-b200-7aabf6303623
12acfc45-bdfb-4343-9004-9be15dfd844c,aef98915-d9bd-4ef8-82f6-281ec4d69cc6,208421dc-f9c8-4df2-b7a6-575259b61a5d,->,12acfc45-bdfb-4343-9004-9be15dfd844c,aef98915-d9bd-4ef8-82f6-281ec4d69cc6,3992bd2f-77ae-44fd-9dcd-0b271853822c
12acfc45-bdfb-4343-9004-9be15dfd844c,aef98915-d9bd-4ef8-82f6-281ec4d69cc6,208421dc-f9c8-4df2-b7a6-575259b61a5d,->,12acfc45-bdfb-4343-9004-9be15dfd844c,java/lang/StringBuilder.java,append
12acfc45-bdfb-4343-9004-9be15dfd844c,aef98915-d9bd-4ef8-82f6-281ec4d69cc6,208421dc-f9c8-4df2-b7a6-575259b61a5d,->,12acfc45-bdfb-4343-9004-9be15dfd844c,java/lang/StringBuilder.java,append
12acfc45-bdfb-4343-9004-9be15dfd844c,aef98915-d9bd-4ef8-82f6-281ec4d69cc6,208421dc-f9c8-4df2-b7a6-575259b61a5d,->,12acfc45-bdfb-4343-9004-9be15dfd844c,java/lang/StringBuilder.java,toString
12acfc45-bdfb-4343-9004-9be15dfd844c,aef98915-d9bd-4ef8-82f6-281ec4d69cc6,208421dc-f9c8-4df2-b7a6-575259b61a5d,->,12acfc45-bdfb-4343-9004-9be15dfd844c,aef98915-d9bd-4ef8-82f6-281ec4d69cc6,0cf0d29d-b160-429c-b796-5681868a0d4b
12acfc45-bdfb-4343-9004-9be15dfd844c,aef98915-d9bd-4ef8-82f6-281ec4d69cc6,208421dc-f9c8-4df2-b7a6-575259b61a5d,->,12acfc45-bdfb-4343-9004-9be15dfd844c,java/lang/StringBuilder.java,append
12acfc45-bdfb-4343-9004-9be15dfd844c,aef98915-d9bd-4ef8-82f6-281ec4d69cc6,208421dc-f9c8-4df2-b7a6-575259b61a5d,->,12acfc45-bdfb-4343-9004-9be15dfd844c,java/lang/StringBuilder.java,append
12acfc45-bdfb-4343-9004-9be15dfd844c,aef98915-d9bd-4ef8-82f6-281ec4d69cc6,208421dc-f9c8-4df2-b7a6-575259b61a5d,->,12acfc45-bdfb-4343-9004-9be15dfd844c,java/lang/StringBuilder.java,toString
12acfc45-bdfb-4343-9004-9be15dfd844c,aef98915-d9bd-4ef8-82f6-281ec4d69cc6,208421dc-f9c8-4df2-b7a6-575259b61a5d,->,12acfc45-bdfb-4343-9004-9be15dfd844c,aef98915-d9bd-4ef8-82f6-281ec4d69cc6,0cf0d29d-b160-429c-b796-5681868a0d4b
12acfc45-bdfb-4343-9004-9be15dfd844c,aef98915-d9bd-4ef8-82f6-281ec4d69cc6,208421dc-f9c8-4df2-b7a6-575259b61a5d,->,12acfc45-bdfb-4343-9004-9be15dfd844c,java/lang/StringBuilder.java,append
12acfc45-bdfb-4343-9004-9be15dfd844c,aef98915-d9bd-4ef8-82f6-281ec4d69cc6,208421dc-f9c8-4df2-b7a6-575259b61a5d,->,12acfc45-bdfb-4343-9004-9be15dfd844c,java/lang/StringBuilder.java,append
12acfc45-bdfb-4343-9004-9be15dfd844c,aef98915-d9bd-4ef8-82f6-281ec4d69cc6,208421dc-f9c8-4df2-b7a6-575259b61a5d,->,12acfc45-bdfb-4343-9004-9be15dfd844c,java/lang/StringBuilder.java,toString
12acfc45-bdfb-4343-9004-9be15dfd844c,aef98915-d9bd-4ef8-82f6-281ec4d69cc6,208421dc-f9c8-4df2-b7a6-575259b61a5d,->,12acfc45-bdfb-4343-9004-9be15dfd844c,aef98915-d9bd-4ef8-82f6-281ec4d69cc6,0cf0d29d-b160-429c-b796-5681868a0d4b
12acfc45-bdfb-4343-9004-9be15dfd844c,aef98915-d9bd-4ef8-82f6-281ec4d69cc6,208421dc-f9c8-4df2-b7a6-575259b61a5d,->,12acfc45-bdfb-4343-9004-9be15dfd844c,java/lang/StringBuilder.java,append
12acfc45-bdfb-4343-9004-9be15dfd844c,aef98915-d9bd-4ef8-82f6-281ec4d69cc6,208421dc-f9c8-4df2-b7a6-575259b61a5d,->,12acfc45-bdfb-4343-9004-9be15dfd844c,java/lang/StringBuilder.java,append
12acfc45-bdfb-4343-9004-9be15dfd844c,aef98915-d9bd-4ef8-82f6-281ec4d69cc6,208421dc-f9c8-4df2-b7a6-575259b61a5d,->,12acfc45-bdfb-4343-9004-9be15dfd844c,java/lang/StringBuilder.java,toString
12acfc45-bdfb-4343-9004-9be15dfd844c,aef98915-d9bd-4ef8-82f6-281ec4d69cc6,208421dc-f9c8-4df2-b7a6-575259b61a5d,->,12acfc45-bdfb-4343-9004-9be15dfd844c,aef98915-d9bd-4ef8-82f6-281ec4d69cc6,0cf0d29d-b160-429c-b796-5681868a0d4b
12acfc45-bdfb-4343-9004-9be15dfd844c,aef98915-d9bd-4ef8-82f6-281ec4d69cc6,208421dc-f9c8-4df2-b7a6-575259b61a5d,->,12acfc45-bdfb-4343-9004-9be15dfd844c,java/lang/StringBuilder.java,append
12acfc45-bdfb-4343-9004-9be15dfd844c,aef98915-d9bd-4ef8-82f6-281ec4d69cc6,208421dc-f9c8-4df2-b7a6-575259b61a5d,->,12acfc45-bdfb-4343-9004-9be15dfd844c,java/lang/StringBuilder.java,append
12acfc45-bdfb-4343-9004-9be15dfd844c,aef98915-d9bd-4ef8-82f6-281ec4d69cc6,208421dc-f9c8-4df2-b7a6-575259b61a5d,->,12acfc45-bdfb-4343-9004-9be15dfd844c,java/lang/StringBuilder.java,toString
12acfc45-bdfb-4343-9004-9be15dfd844c,aef98915-d9bd-4ef8-82f6-281ec4d69cc6,208421dc-f9c8-4df2-b7a6-575259b61a5d,->,12acfc45-bdfb-4343-9004-9be15dfd844c,aef98915-d9bd-4ef8-82f6-281ec4d69cc6,0cf0d29d-b160-429c-b796-5681868a0d4b
12acfc45-bdfb-4343-9004-9be15dfd844c,aef98915-d9bd-4ef8-82f6-281ec4d69cc6,208421dc-f9c8-4df2-b7a6-575259b61a5d,->,12acfc45-bdfb-4343-9004-9be15dfd844c,java/lang/StringBuilder.java,append
12acfc45-bdfb-4343-9004-9be15dfd844c,aef98915-d9bd-4ef8-82f6-281ec4d69cc6,208421dc-f9c8-4df2-b7a6-575259b61a5d,->,12acfc45-bdfb-4343-9004-9be15dfd844c,java/lang/StringBuilder.java,append
12acfc45-bdfb-4343-9004-9be15dfd844c,aef98915-d9bd-4ef8-82f6-281ec4d69cc6,208421dc-f9c8-4df2-b7a6-575259b61a5d,->,12acfc45-bdfb-4343-9004-9be15dfd844c,java/lang/StringBuilder.java,toString
12acfc45-bdfb-4343-9004-9be15dfd844c,aef98915-d9bd-4ef8-82f6-281ec4d69cc6,208421dc-f9c8-4df2-b7a6-575259b61a5d,->,12acfc45-bdfb-4343-9004-9be15dfd844c,aef98915-d9bd-4ef8-82f6-281ec4d69cc6,0cf0d29d-b160-429c-b796-5681868a0d4b
12acfc45-bdfb-4343-9004-9be15dfd844c,aef98915-d9bd-4ef8-82f6-281ec4d69cc6,208421dc-f9c8-4df2-b7a6-575259b61a5d,->,12acfc45-bdfb-4343-9004-9be15dfd844c,java/lang/StringBuilder.java,append
12acfc45-bdfb-4343-9004-9be15dfd844c,aef98915-d9bd-4ef8-82f6-281ec4d69cc6,208421dc-f9c8-4df2-b7a6-575259b61a5d,->,12acfc45-bdfb-4343-9004-9be15dfd844c,java/lang/StringBuilder.java,append
12acfc45-bdfb-4343-9004-9be15dfd844c,aef98915-d9bd-4ef8-82f6-281ec4d69cc6,208421dc-f9c8-4df2-b7a6-575259b61a5d,->,12acfc45-bdfb-4343-9004-9be15dfd844c,java/lang/StringBuilder.java,toString
12acfc45-bdfb-4343-9004-9be15dfd844c,aef98915-d9bd-4ef8-82f6-281ec4d69cc6,208421dc-f9c8-4df2-b7a6-575259b61a5d,->,12acfc45-bdfb-4343-9004-9be15dfd844c,aef98915-d9bd-4ef8-82f6-281ec4d69cc6,0cf0d29d-b160-429c-b796-5681868a0d4b
12acfc45-bdfb-4343-9004-9be15dfd844c,aef98915-d9bd-4ef8-82f6-281ec4d69cc6,208421dc-f9c8-4df2-b7a6-575259b61a5d,->,12acfc45-bdfb-4343-9004-9be15dfd844c,java/lang/StringBuilder.java,append
12acfc45-bdfb-4343-9004-9be15dfd844c,aef98915-d9bd-4ef8-82f6-281ec4d69cc6,208421dc-f9c8-4df2-b7a6-575259b61a5d,->,12acfc45-bdfb-4343-9004-9be15dfd844c,java/lang/StringBuilder.java,append
12acfc45-bdfb-4343-9004-9be15dfd844c,aef98915-d9bd-4ef8-82f6-281ec4d69cc6,208421dc-f9c8-4df2-b7a6-575259b61a5d,->,12acfc45-bdfb-4343-9004-9be15dfd844c,java/lang/StringBuilder.java,toString
12acfc45-bdfb-4343-9004-9be15dfd844c,aef98915-d9bd-4ef8-82f6-281ec4d69cc6,208421dc-f9c8-4df2-b7a6-575259b61a5d,->,12acfc45-bdfb-4343-9004-9be15dfd844c,aef98915-d9bd-4ef8-82f6-281ec4d69cc6,0cf0d29d-b160-429c-b796-5681868a0d4b
12acfc45-bdfb-4343-9004-9be15dfd844c,aef98915-d9bd-4ef8-82f6-281ec4d69cc6,208421dc-f9c8-4df2-b7a6-575259b61a5d,->,12acfc45-bdfb-4343-9004-9be15dfd844c,java/lang/StringBuilder.java,append
12acfc45-bdfb-4343-9004-9be15dfd844c,aef98915-d9bd-4ef8-82f6-281ec4d69cc6,208421dc-f9c8-4df2-b7a6-575259b61a5d,->,12acfc45-bdfb-4343-9004-9be15dfd844c,java/lang/StringBuilder.java,append
12acfc45-bdfb-4343-9004-9be15dfd844c,aef98915-d9bd-4ef8-82f6-281ec4d69cc6,208421dc-f9c8-4df2-b7a6-575259b61a5d,->,12acfc45-bdfb-4343-9004-9be15dfd844c,java/lang/StringBuilder.java,toString
12acfc45-bdfb-4343-9004-9be15dfd844c,aef98915-d9bd-4ef8-82f6-281ec4d69cc6,208421dc-f9c8-4df2-b7a6-575259b61a5d,->,12acfc45-bdfb-4343-9004-9be15dfd844c,aef98915-d9bd-4ef8-82f6-281ec4d69cc6,0cf0d29d-b160-429c-b796-5681868a0d4b
12acfc45-bdfb-4343-9004-9be15dfd844c,aef98915-d9bd-4ef8-82f6-281ec4d69cc6,208421dc-f9c8-4df2-b7a6-575259b61a5d,->,12acfc45-bdfb-4343-9004-9be15dfd844c,java/lang/StringBuilder.java,append
12acfc45-bdfb-4343-9004-9be15dfd844c,aef98915-d9bd-4ef8-82f6-281ec4d69cc6,208421dc-f9c8-4df2-b7a6-575259b61a5d,->,12acfc45-bdfb-4343-9004-9be15dfd844c,java/lang/StringBuilder.java,append
12acfc45-bdfb-4343-9004-9be15dfd844c,aef98915-d9bd-4ef8-82f6-281ec4d69cc6,208421dc-f9c8-4df2-b7a6-575259b61a5d,->,12acfc45-bdfb-4343-9004-9be15dfd844c,java/lang/StringBuilder.java,toString
12acfc45-bdfb-4343-9004-9be15dfd844c,aef98915-d9bd-4ef8-82f6-281ec4d69cc6,208421dc-f9c8-4df2-b7a6-575259b61a5d,->,12acfc45-bdfb-4343-9004-9be15dfd844c,aef98915-d9bd-4ef8-82f6-281ec4d69cc6,0cf0d29d-b160-429c-b796-5681868a0d4b
12acfc45-bdfb-4343-9004-9be15dfd844c,aef98915-d9bd-4ef8-82f6-281ec4d69cc6,208421dc-f9c8-4df2-b7a6-575259b61a5d,->,12acfc45-bdfb-4343-9004-9be15dfd844c,java/lang/StringBuilder.java,append
12acfc45-bdfb-4343-9004-9be15dfd844c,aef98915-d9bd-4ef8-82f6-281ec4d69cc6,208421dc-f9c8-4df2-b7a6-575259b61a5d,->,12acfc45-bdfb-4343-9004-9be15dfd844c,java/lang/StringBuilder.java,append
12acfc45-bdfb-4343-9004-9be15dfd844c,aef98915-d9bd-4ef8-82f6-281ec4d69cc6,208421dc-f9c8-4df2-b7a6-575259b61a5d,->,12acfc45-bdfb-4343-9004-9be15dfd844c,java/lang/StringBuilder.java,toString
12acfc45-bdfb-4343-9004-9be15dfd844c,aef98915-d9bd-4ef8-82f6-281ec4d69cc6,208421dc-f9c8-4df2-b7a6-575259b61a5d,->,12acfc45-bdfb-4343-9004-9be15dfd844c,aef98915-d9bd-4ef8-82f6-281ec4d69cc6,0cf0d29d-b160-429c-b796-5681868a0d4b
12acfc45-bdfb-4343-9004-9be15dfd844c,aef98915-d9bd-4ef8-82f6-281ec4d69cc6,208421dc-f9c8-4df2-b7a6-575259b61a5d,->,12acfc45-bdfb-4343-9004-9be15dfd844c,java/lang/StringBuilder.java,append
12acfc45-bdfb-4343-9004-9be15dfd844c,aef98915-d9bd-4ef8-82f6-281ec4d69cc6,208421dc-f9c8-4df2-b7a6-575259b61a5d,->,12acfc45-bdfb-4343-9004-9be15dfd844c,java/lang/StringBuilder.java,append
12acfc45-bdfb-4343-9004-9be15dfd844c,aef98915-d9bd-4ef8-82f6-281ec4d69cc6,208421dc-f9c8-4df2-b7a6-575259b61a5d,->,12acfc45-bdfb-4343-9004-9be15dfd844c,java/lang/StringBuilder.java,toString
12acfc45-bdfb-4343-9004-9be15dfd844c,aef98915-d9bd-4ef8-82f6-281ec4d69cc6,208421dc-f9c8-4df2-b7a6-575259b61a5d,->,12acfc45-bdfb-4343-9004-9be15dfd844c,aef98915-d9bd-4ef8-82f6-281ec4d69cc6,0cf0d29d-b160-429c-b796-5681868a0d4b
12acfc45-bdfb-4343-9004-9be15dfd844c,aef98915-d9bd-4ef8-82f6-281ec4d69cc6,208421dc-f9c8-4df2-b7a6-575259b61a5d,->,12acfc45-bdfb-4343-9004-9be15dfd844c,aef98915-d9bd-4ef8-82f6-281ec4d69cc6,0fb8c0b3-d526-4e5a-b200-7aabf6303623
12acfc45-bdfb-4343-9004-9be15dfd844c,aef98915-d9bd-4ef8-82f6-281ec4d69cc6,208421dc-f9c8-4df2-b7a6-575259b61a5d,->,12acfc45-bdfb-4343-9004-9be15dfd844c,aef98915-d9bd-4ef8-82f6-281ec4d69cc6,3992bd2f-77ae-44fd-9dcd-0b271853822c
12acfc45-bdfb-4343-9004-9be15dfd844c,aef98915-d9bd-4ef8-82f6-281ec4d69cc6,208421dc-f9c8-4df2-b7a6-575259b61a5d,->,12acfc45-bdfb-4343-9004-9be15dfd844c,java/lang/StringBuilder.java,append
12acfc45-bdfb-4343-9004-9be15dfd844c,aef98915-d9bd-4ef8-82f6-281ec4d69cc6,208421dc-f9c8-4df2-b7a6-575259b61a5d,->,12acfc45-bdfb-4343-9004-9be15dfd844c,java/lang/StringBuilder.java,append
12acfc45-bdfb-4343-9004-9be15dfd844c,aef98915-d9bd-4ef8-82f6-281ec4d69cc6,208421dc-f9c8-4df2-b7a6-575259b61a5d,->,12acfc45-bdfb-4343-9004-9be15dfd844c,java/lang/StringBuilder.java,toString
12acfc45-bdfb-4343-9004-9be15dfd844c,aef98915-d9bd-4ef8-82f6-281ec4d69cc6,208421dc-f9c8-4df2-b7a6-575259b61a5d,->,12acfc45-bdfb-4343-9004-9be15dfd844c,aef98915-d9bd-4ef8-82f6-281ec4d69cc6,0cf0d29d-b160-429c-b796-5681868a0d4b
12acfc45-bdfb-4343-9004-9be15dfd844c,aef98915-d9bd-4ef8-82f6-281ec4d69cc6,208421dc-f9c8-4df2-b7a6-575259b61a5d,->,12acfc45-bdfb-4343-9004-9be15dfd844c,java/lang/StringBuilder.java,append
12acfc45-bdfb-4343-9004-9be15dfd844c,aef98915-d9bd-4ef8-82f6-281ec4d69cc6,208421dc-f9c8-4df2-b7a6-575259b61a5d,->,12acfc45-bdfb-4343-9004-9be15dfd844c,java/lang/StringBuilder.java,append
12acfc45-bdfb-4343-9004-9be15dfd844c,aef98915-d9bd-4ef8-82f6-281ec4d69cc6,208421dc-f9c8-4df2-b7a6-575259b61a5d,->,12acfc45-bdfb-4343-9004-9be15dfd844c,java/lang/StringBuilder.java,toString
12acfc45-bdfb-4343-9004-9be15dfd844c,aef98915-d9bd-4ef8-82f6-281ec4d69cc6,208421dc-f9c8-4df2-b7a6-575259b61a5d,->,12acfc45-bdfb-4343-9004-9be15dfd844c,aef98915-d9bd-4ef8-82f6-281ec4d69cc6,0cf0d29d-b160-429c-b796-5681868a0d4b
12acfc45-bdfb-4343-9004-9be15dfd844c,aef98915-d9bd-4ef8-82f6-281ec4d69cc6,208421dc-f9c8-4df2-b7a6-575259b61a5d,->,12acfc45-bdfb-4343-9004-9be15dfd844c,java/lang/StringBuilder.java,append
12acfc45-bdfb-4343-9004-9be15dfd844c,aef98915-d9bd-4ef8-82f6-281ec4d69cc6,208421dc-f9c8-4df2-b7a6-575259b61a5d,->,12acfc45-bdfb-4343-9004-9be15dfd844c,java/lang/StringBuilder.java,append
12acfc45-bdfb-4343-9004-9be15dfd844c,aef98915-d9bd-4ef8-82f6-281ec4d69cc6,208421dc-f9c8-4df2-b7a6-575259b61a5d,->,12acfc45-bdfb-4343-9004-9be15dfd844c,java/lang/StringBuilder.java,toString
12acfc45-bdfb-4343-9004-9be15dfd844c,aef98915-d9bd-4ef8-82f6-281ec4d69cc6,208421dc-f9c8-4df2-b7a6-575259b61a5d,->,12acfc45-bdfb-4343-9004-9be15dfd844c,aef98915-d9bd-4ef8-82f6-281ec4d69cc6,0cf0d29d-b160-429c-b796-5681868a0d4b
12acfc45-bdfb-4343-9004-9be15dfd844c,aef98915-d9bd-4ef8-82f6-281ec4d69cc6,208421dc-f9c8-4df2-b7a6-575259b61a5d,->,12acfc45-bdfb-4343-9004-9be15dfd844c,java/lang/StringBuilder.java,append
12acfc45-bdfb-4343-9004-9be15dfd844c,aef98915-d9bd-4ef8-82f6-281ec4d69cc6,208421dc-f9c8-4df2-b7a6-575259b61a5d,->,12acfc45-bdfb-4343-9004-9be15dfd844c,java/lang/StringBuilder.java,append
12acfc45-bdfb-4343-9004-9be15dfd844c,aef98915-d9bd-4ef8-82f6-281ec4d69cc6,208421dc-f9c8-4df2-b7a6-575259b61a5d,->,12acfc45-bdfb-4343-9004-9be15dfd844c,java/lang/StringBuilder.java,toString
12acfc45-bdfb-4343-9004-9be15dfd844c,aef98915-d9bd-4ef8-82f6-281ec4d69cc6,208421dc-f9c8-4df2-b7a6-575259b61a5d,->,12acfc45-bdfb-4343-9004-9be15dfd844c,aef98915-d9bd-4ef8-82f6-281ec4d69cc6,0cf0d29d-b160-429c-b796-5681868a0d4b
12acfc45-bdfb-4343-9004-9be15dfd844c,aef98915-d9bd-4ef8-82f6-281ec4d69cc6,208421dc-f9c8-4df2-b7a6-575259b61a5d,->,12acfc45-bdfb-4343-9004-9be15dfd844c,java/lang/StringBuilder.java,append
12acfc45-bdfb-4343-9004-9be15dfd844c,aef98915-d9bd-4ef8-82f6-281ec4d69cc6,208421dc-f9c8-4df2-b7a6-575259b61a5d,->,12acfc45-bdfb-4343-9004-9be15dfd844c,java/lang/StringBuilder.java,append
12acfc45-bdfb-4343-9004-9be15dfd844c,aef98915-d9bd-4ef8-82f6-281ec4d69cc6,208421dc-f9c8-4df2-b7a6-575259b61a5d,->,12acfc45-bdfb-4343-9004-9be15dfd844c,java/lang/StringBuilder.java,toString
12acfc45-bdfb-4343-9004-9be15dfd844c,aef98915-d9bd-4ef8-82f6-281ec4d69cc6,208421dc-f9c8-4df2-b7a6-575259b61a5d,->,12acfc45-bdfb-4343-9004-9be15dfd844c,aef98915-d9bd-4ef8-82f6-281ec4d69cc6,0cf0d29d-b160-429c-b796-5681868a0d4b
12acfc45-bdfb-4343-9004-9be15dfd844c,aef98915-d9bd-4ef8-82f6-281ec4d69cc6,208421dc-f9c8-4df2-b7a6-575259b61a5d,->,12acfc45-bdfb-4343-9004-9be15dfd844c,java/lang/StringBuilder.java,append
12acfc45-bdfb-4343-9004-9be15dfd844c,aef98915-d9bd-4ef8-82f6-281ec4d69cc6,208421dc-f9c8-4df2-b7a6-575259b61a5d,->,12acfc45-bdfb-4343-9004-9be15dfd844c,java/lang/StringBuilder.java,append
12acfc45-bdfb-4343-9004-9be15dfd844c,aef98915-d9bd-4ef8-82f6-281ec4d69cc6,208421dc-f9c8-4df2-b7a6-575259b61a5d,->,12acfc45-bdfb-4343-9004-9be15dfd844c,java/lang/StringBuilder.java,toString
12acfc45-bdfb-4343-9004-9be15dfd844c,aef98915-d9bd-4ef8-82f6-281ec4d69cc6,208421dc-f9c8-4df2-b7a6-575259b61a5d,->,12acfc45-bdfb-4343-9004-9be15dfd844c,aef98915-d9bd-4ef8-82f6-281ec4d69cc6,0cf0d29d-b160-429c-b796-5681868a0d4b
12acfc45-bdfb-4343-9004-9be15dfd844c,aef98915-d9bd-4ef8-82f6-281ec4d69cc6,208421dc-f9c8-4df2-b7a6-575259b61a5d,->,12acfc45-bdfb-4343-9004-9be15dfd844c,java/lang/StringBuilder.java,append
12acfc45-bdfb-4343-9004-9be15dfd844c,aef98915-d9bd-4ef8-82f6-281ec4d69cc6,208421dc-f9c8-4df2-b7a6-575259b61a5d,->,12acfc45-bdfb-4343-9004-9be15dfd844c,java/lang/StringBuilder.java,append
12acfc45-bdfb-4343-9004-9be15dfd844c,aef98915-d9bd-4ef8-82f6-281ec4d69cc6,208421dc-f9c8-4df2-b7a6-575259b61a5d,->,12acfc45-bdfb-4343-9004-9be15dfd844c,java/lang/StringBuilder.java,toString
12acfc45-bdfb-4343-9004-9be15dfd844c,aef98915-d9bd-4ef8-82f6-281ec4d69cc6,208421dc-f9c8-4df2-b7a6-575259b61a5d,->,12acfc45-bdfb-4343-9004-9be15dfd844c,aef98915-d9bd-4ef8-82f6-281ec4d69cc6,0cf0d29d-b160-429c-b796-5681868a0d4b
12acfc45-bdfb-4343-9004-9be15dfd844c,aef98915-d9bd-4ef8-82f6-281ec4d69cc6,208421dc-f9c8-4df2-b7a6-575259b61a5d,->,12acfc45-bdfb-4343-9004-9be15dfd844c,java/lang/StringBuilder.java,append
12acfc45-bdfb-4343-9004-9be15dfd844c,aef98915-d9bd-4ef8-82f6-281ec4d69cc6,208421dc-f9c8-4df2-b7a6-575259b61a5d,->,12acfc45-bdfb-4343-9004-9be15dfd844c,java/lang/StringBuilder.java,append
12acfc45-bdfb-4343-9004-9be15dfd844c,aef98915-d9bd-4ef8-82f6-281ec4d69cc6,208421dc-f9c8-4df2-b7a6-575259b61a5d,->,12acfc45-bdfb-4343-9004-9be15dfd844c,java/lang/StringBuilder.java,toString
12acfc45-bdfb-4343-9004-9be15dfd844c,aef98915-d9bd-4ef8-82f6-281ec4d69cc6,208421dc-f9c8-4df2-b7a6-575259b61a5d,->,12acfc45-bdfb-4343-9004-9be15dfd844c,aef98915-d9bd-4ef8-82f6-281ec4d69cc6,0cf0d29d-b160-429c-b796-5681868a0d4b
12acfc45-bdfb-4343-9004-9be15dfd844c,aef98915-d9bd-4ef8-82f6-281ec4d69cc6,208421dc-f9c8-4df2-b7a6-575259b61a5d,->,12acfc45-bdfb-4343-9004-9be15dfd844c,java/lang/StringBuilder.java,append
12acfc45-bdfb-4343-9004-9be15dfd844c,aef98915-d9bd-4ef8-82f6-281ec4d69cc6,208421dc-f9c8-4df2-b7a6-575259b61a5d,->,12acfc45-bdfb-4343-9004-9be15dfd844c,java/lang/StringBuilder.java,append
12acfc45-bdfb-4343-9004-9be15dfd844c,aef98915-d9bd-4ef8-82f6-281ec4d69cc6,208421dc-f9c8-4df2-b7a6-575259b61a5d,->,12acfc45-bdfb-4343-9004-9be15dfd844c,java/lang/StringBuilder.java,toString
12acfc45-bdfb-4343-9004-9be15dfd844c,aef98915-d9bd-4ef8-82f6-281ec4d69cc6,208421dc-f9c8-4df2-b7a6-575259b61a5d,->,12acfc45-bdfb-4343-9004-9be15dfd844c,aef98915-d9bd-4ef8-82f6-281ec4d69cc6,0cf0d29d-b160-429c-b796-5681868a0d4b
12acfc45-bdfb-4343-9004-9be15dfd844c,aef98915-d9bd-4ef8-82f6-281ec4d69cc6,208421dc-f9c8-4df2-b7a6-575259b61a5d,->,12acfc45-bdfb-4343-9004-9be15dfd844c,java/lang/StringBuilder.java,append
12acfc45-bdfb-4343-9004-9be15dfd844c,aef98915-d9bd-4ef8-82f6-281ec4d69cc6,208421dc-f9c8-4df2-b7a6-575259b61a5d,->,12acfc45-bdfb-4343-9004-9be15dfd844c,java/lang/StringBuilder.java,append
12acfc45-bdfb-4343-9004-9be15dfd844c,aef98915-d9bd-4ef8-82f6-281ec4d69cc6,208421dc-f9c8-4df2-b7a6-575259b61a5d,->,12acfc45-bdfb-4343-9004-9be15dfd844c,java/lang/StringBuilder.java,toString
12acfc45-bdfb-4343-9004-9be15dfd844c,aef98915-d9bd-4ef8-82f6-281ec4d69cc6,208421dc-f9c8-4df2-b7a6-575259b61a5d,->,12acfc45-bdfb-4343-9004-9be15dfd844c,aef98915-d9bd-4ef8-82f6-281ec4d69cc6,0cf0d29d-b160-429c-b796-5681868a0d4b
12acfc45-bdfb-4343-9004-9be15dfd844c,aef98915-d9bd-4ef8-82f6-281ec4d69cc6,208421dc-f9c8-4df2-b7a6-575259b61a5d,->,12acfc45-bdfb-4343-9004-9be15dfd844c,java/lang/StringBuilder.java,append
12acfc45-bdfb-4343-9004-9be15dfd844c,aef98915-d9bd-4ef8-82f6-281ec4d69cc6,208421dc-f9c8-4df2-b7a6-575259b61a5d,->,12acfc45-bdfb-4343-9004-9be15dfd844c,java/lang/StringBuilder.java,append
12acfc45-bdfb-4343-9004-9be15dfd844c,aef98915-d9bd-4ef8-82f6-281ec4d69cc6,208421dc-f9c8-4df2-b7a6-575259b61a5d,->,12acfc45-bdfb-4343-9004-9be15dfd844c,java/lang/StringBuilder.java,toString
12acfc45-bdfb-4343-9004-9be15dfd844c,aef98915-d9bd-4ef8-82f6-281ec4d69cc6,208421dc-f9c8-4df2-b7a6-575259b61a5d,->,12acfc45-bdfb-4343-9004-9be15dfd844c,aef98915-d9bd-4ef8-82f6-281ec4d69cc6,0cf0d29d-b160-429c-b796-5681868a0d4b
12acfc45-bdfb-4343-9004-9be15dfd844c,aef98915-d9bd-4ef8-82f6-281ec4d69cc6,208421dc-f9c8-4df2-b7a6-575259b61a5d,->,12acfc45-bdfb-4343-9004-9be15dfd844c,java/lang/StringBuilder.java,append
12acfc45-bdfb-4343-9004-9be15dfd844c,aef98915-d9bd-4ef8-82f6-281ec4d69cc6,208421dc-f9c8-4df2-b7a6-575259b61a5d,->,12acfc45-bdfb-4343-9004-9be15dfd844c,java/lang/StringBuilder.java,append
12acfc45-bdfb-4343-9004-9be15dfd844c,aef98915-d9bd-4ef8-82f6-281ec4d69cc6,208421dc-f9c8-4df2-b7a6-575259b61a5d,->,12acfc45-bdfb-4343-9004-9be15dfd844c,java/lang/StringBuilder.java,toString
12acfc45-bdfb-4343-9004-9be15dfd844c,aef98915-d9bd-4ef8-82f6-281ec4d69cc6,208421dc-f9c8-4df2-b7a6-575259b61a5d,->,12acfc45-bdfb-4343-9004-9be15dfd844c,aef98915-d9bd-4ef8-82f6-281ec4d69cc6,0cf0d29d-b160-429c-b796-5681868a0d4b
12acfc45-bdfb-4343-9004-9be15dfd844c,aef98915-d9bd-4ef8-82f6-281ec4d69cc6,208421dc-f9c8-4df2-b7a6-575259b61a5d,->,12acfc45-bdfb-4343-9004-9be15dfd844c,aef98915-d9bd-4ef8-82f6-281ec4d69cc6,0fb8c0b3-d526-4e5a-b200-7aabf6303623
12acfc45-bdfb-4343-9004-9be15dfd844c,aef98915-d9bd-4ef8-82f6-281ec4d69cc6,208421dc-f9c8-4df2-b7a6-575259b61a5d,->,12acfc45-bdfb-4343-9004-9be15dfd844c,aef98915-d9bd-4ef8-82f6-281ec4d69cc6,3992bd2f-77ae-44fd-9dcd-0b271853822c
12acfc45-bdfb-4343-9004-9be15dfd844c,aef98915-d9bd-4ef8-82f6-281ec4d69cc6,208421dc-f9c8-4df2-b7a6-575259b61a5d,->,12acfc45-bdfb-4343-9004-9be15dfd844c,java/lang/StringBuilder.java,append
12acfc45-bdfb-4343-9004-9be15dfd844c,aef98915-d9bd-4ef8-82f6-281ec4d69cc6,208421dc-f9c8-4df2-b7a6-575259b61a5d,->,12acfc45-bdfb-4343-9004-9be15dfd844c,java/lang/StringBuilder.java,append
12acfc45-bdfb-4343-9004-9be15dfd844c,aef98915-d9bd-4ef8-82f6-281ec4d69cc6,208421dc-f9c8-4df2-b7a6-575259b61a5d,->,12acfc45-bdfb-4343-9004-9be15dfd844c,java/lang/StringBuilder.java,toString
12acfc45-bdfb-4343-9004-9be15dfd844c,aef98915-d9bd-4ef8-82f6-281ec4d69cc6,208421dc-f9c8-4df2-b7a6-575259b61a5d,->,12acfc45-bdfb-4343-9004-9be15dfd844c,aef98915-d9bd-4ef8-82f6-281ec4d69cc6,0cf0d29d-b160-429c-b796-5681868a0d4b
12acfc45-bdfb-4343-9004-9be15dfd844c,aef98915-d9bd-4ef8-82f6-281ec4d69cc6,208421dc-f9c8-4df2-b7a6-575259b61a5d,->,12acfc45-bdfb-4343-9004-9be15dfd844c,java/lang/StringBuilder.java,append
12acfc45-bdfb-4343-9004-9be15dfd844c,aef98915-d9bd-4ef8-82f6-281ec4d69cc6,208421dc-f9c8-4df2-b7a6-575259b61a5d,->,12acfc45-bdfb-4343-9004-9be15dfd844c,java/lang/StringBuilder.java,append
12acfc45-bdfb-4343-9004-9be15dfd844c,aef98915-d9bd-4ef8-82f6-281ec4d69cc6,208421dc-f9c8-4df2-b7a6-575259b61a5d,->,12acfc45-bdfb-4343-9004-9be15dfd844c,java/lang/StringBuilder.java,toString
12acfc45-bdfb-4343-9004-9be15dfd844c,aef98915-d9bd-4ef8-82f6-281ec4d69cc6,208421dc-f9c8-4df2-b7a6-575259b61a5d,->,12acfc45-bdfb-4343-9004-9be15dfd844c,aef98915-d9bd-4ef8-82f6-281ec4d69cc6,0cf0d29d-b160-429c-b796-5681868a0d4b
12acfc45-bdfb-4343-9004-9be15dfd844c,aef98915-d9bd-4ef8-82f6-281ec4d69cc6,208421dc-f9c8-4df2-b7a6-575259b61a5d,->,12acfc45-bdfb-4343-9004-9be15dfd844c,java/lang/StringBuilder.java,append
12acfc45-bdfb-4343-9004-9be15dfd844c,aef98915-d9bd-4ef8-82f6-281ec4d69cc6,208421dc-f9c8-4df2-b7a6-575259b61a5d,->,12acfc45-bdfb-4343-9004-9be15dfd844c,java/lang/StringBuilder.java,append
12acfc45-bdfb-4343-9004-9be15dfd844c,aef98915-d9bd-4ef8-82f6-281ec4d69cc6,208421dc-f9c8-4df2-b7a6-575259b61a5d,->,12acfc45-bdfb-4343-9004-9be15dfd844c,java/lang/StringBuilder.java,toString
12acfc45-bdfb-4343-9004-9be15dfd844c,aef98915-d9bd-4ef8-82f6-281ec4d69cc6,208421dc-f9c8-4df2-b7a6-575259b61a5d,->,12acfc45-bdfb-4343-9004-9be15dfd844c,aef98915-d9bd-4ef8-82f6-281ec4d69cc6,0cf0d29d-b160-429c-b796-5681868a0d4b
12acfc45-bdfb-4343-9004-9be15dfd844c,aef98915-d9bd-4ef8-82f6-281ec4d69cc6,208421dc-f9c8-4df2-b7a6-575259b61a5d,->,12acfc45-bdfb-4343-9004-9be15dfd844c,java/lang/StringBuilder.java,append
12acfc45-bdfb-4343-9004-9be15dfd844c,aef98915-d9bd-4ef8-82f6-281ec4d69cc6,208421dc-f9c8-4df2-b7a6-575259b61a5d,->,12acfc45-bdfb-4343-9004-9be15dfd844c,java/lang/StringBuilder.java,append
12acfc45-bdfb-4343-9004-9be15dfd844c,aef98915-d9bd-4ef8-82f6-281ec4d69cc6,208421dc-f9c8-4df2-b7a6-575259b61a5d,->,12acfc45-bdfb-4343-9004-9be15dfd844c,java/lang/StringBuilder.java,toString
12acfc45-bdfb-4343-9004-9be15dfd844c,aef98915-d9bd-4ef8-82f6-281ec4d69cc6,208421dc-f9c8-4df2-b7a6-575259b61a5d,->,12acfc45-bdfb-4343-9004-9be15dfd844c,aef98915-d9bd-4ef8-82f6-281ec4d69cc6,0cf0d29d-b160-429c-b796-5681868a0d4b
12acfc45-bdfb-4343-9004-9be15dfd844c,aef98915-d9bd-4ef8-82f6-281ec4d69cc6,208421dc-f9c8-4df2-b7a6-575259b61a5d,->,12acfc45-bdfb-4343-9004-9be15dfd844c,java/lang/StringBuilder.java,append
12acfc45-bdfb-4343-9004-9be15dfd844c,aef98915-d9bd-4ef8-82f6-281ec4d69cc6,208421dc-f9c8-4df2-b7a6-575259b61a5d,->,12acfc45-bdfb-4343-9004-9be15dfd844c,java/lang/StringBuilder.java,append
12acfc45-bdfb-4343-9004-9be15dfd844c,aef98915-d9bd-4ef8-82f6-281ec4d69cc6,208421dc-f9c8-4df2-b7a6-575259b61a5d,->,12acfc45-bdfb-4343-9004-9be15dfd844c,java/lang/StringBuilder.java,toString
12acfc45-bdfb-4343-9004-9be15dfd844c,aef98915-d9bd-4ef8-82f6-281ec4d69cc6,208421dc-f9c8-4df2-b7a6-575259b61a5d,->,12acfc45-bdfb-4343-9004-9be15dfd844c,aef98915-d9bd-4ef8-82f6-281ec4d69cc6,0cf0d29d-b160-429c-b796-5681868a0d4b
12acfc45-bdfb-4343-9004-9be15dfd844c,aef98915-d9bd-4ef8-82f6-281ec4d69cc6,208421dc-f9c8-4df2-b7a6-575259b61a5d,->,12acfc45-bdfb-4343-9004-9be15dfd844c,java/lang/StringBuilder.java,append
12acfc45-bdfb-4343-9004-9be15dfd844c,aef98915-d9bd-4ef8-82f6-281ec4d69cc6,208421dc-f9c8-4df2-b7a6-575259b61a5d,->,12acfc45-bdfb-4343-9004-9be15dfd844c,java/lang/StringBuilder.java,append
12acfc45-bdfb-4343-9004-9be15dfd844c,aef98915-d9bd-4ef8-82f6-281ec4d69cc6,208421dc-f9c8-4df2-b7a6-575259b61a5d,->,12acfc45-bdfb-4343-9004-9be15dfd844c,java/lang/StringBuilder.java,toString
12acfc45-bdfb-4343-9004-9be15dfd844c,aef98915-d9bd-4ef8-82f6-281ec4d69cc6,208421dc-f9c8-4df2-b7a6-575259b61a5d,->,12acfc45-bdfb-4343-9004-9be15dfd844c,aef98915-d9bd-4ef8-82f6-281ec4d69cc6,0cf0d29d-b160-429c-b796-5681868a0d4b
12acfc45-bdfb-4343-9004-9be15dfd844c,aef98915-d9bd-4ef8-82f6-281ec4d69cc6,208421dc-f9c8-4df2-b7a6-575259b61a5d,->,12acfc45-bdfb-4343-9004-9be15dfd844c,java/lang/StringBuilder.java,append
12acfc45-bdfb-4343-9004-9be15dfd844c,aef98915-d9bd-4ef8-82f6-281ec4d69cc6,208421dc-f9c8-4df2-b7a6-575259b61a5d,->,12acfc45-bdfb-4343-9004-9be15dfd844c,java/lang/StringBuilder.java,append
12acfc45-bdfb-4343-9004-9be15dfd844c,aef98915-d9bd-4ef8-82f6-281ec4d69cc6,208421dc-f9c8-4df2-b7a6-575259b61a5d,->,12acfc45-bdfb-4343-9004-9be15dfd844c,java/lang/StringBuilder.java,toString
12acfc45-bdfb-4343-9004-9be15dfd844c,aef98915-d9bd-4ef8-82f6-281ec4d69cc6,208421dc-f9c8-4df2-b7a6-575259b61a5d,->,12acfc45-bdfb-4343-9004-9be15dfd844c,aef98915-d9bd-4ef8-82f6-281ec4d69cc6,0cf0d29d-b160-429c-b796-5681868a0d4b
12acfc45-bdfb-4343-9004-9be15dfd844c,aef98915-d9bd-4ef8-82f6-281ec4d69cc6,208421dc-f9c8-4df2-b7a6-575259b61a5d,->,12acfc45-bdfb-4343-9004-9be15dfd844c,java/lang/StringBuilder.java,append
12acfc45-bdfb-4343-9004-9be15dfd844c,aef98915-d9bd-4ef8-82f6-281ec4d69cc6,208421dc-f9c8-4df2-b7a6-575259b61a5d,->,12acfc45-bdfb-4343-9004-9be15dfd844c,java/lang/StringBuilder.java,append
12acfc45-bdfb-4343-9004-9be15dfd844c,aef98915-d9bd-4ef8-82f6-281ec4d69cc6,208421dc-f9c8-4df2-b7a6-575259b61a5d,->,12acfc45-bdfb-4343-9004-9be15dfd844c,java/lang/StringBuilder.java,toString
12acfc45-bdfb-4343-9004-9be15dfd844c,aef98915-d9bd-4ef8-82f6-281ec4d69cc6,208421dc-f9c8-4df2-b7a6-575259b61a5d,->,12acfc45-bdfb-4343-9004-9be15dfd844c,aef98915-d9bd-4ef8-82f6-281ec4d69cc6,0cf0d29d-b160-429c-b796-5681868a0d4b
12acfc45-bdfb-4343-9004-9be15dfd844c,aef98915-d9bd-4ef8-82f6-281ec4d69cc6,208421dc-f9c8-4df2-b7a6-575259b61a5d,->,12acfc45-bdfb-4343-9004-9be15dfd844c,java/lang/StringBuilder.java,append
12acfc45-bdfb-4343-9004-9be15dfd844c,aef98915-d9bd-4ef8-82f6-281ec4d69cc6,208421dc-f9c8-4df2-b7a6-575259b61a5d,->,12acfc45-bdfb-4343-9004-9be15dfd844c,java/lang/StringBuilder.java,append
12acfc45-bdfb-4343-9004-9be15dfd844c,aef98915-d9bd-4ef8-82f6-281ec4d69cc6,208421dc-f9c8-4df2-b7a6-575259b61a5d,->,12acfc45-bdfb-4343-9004-9be15dfd844c,java/lang/StringBuilder.java,toString
12acfc45-bdfb-4343-9004-9be15dfd844c,aef98915-d9bd-4ef8-82f6-281ec4d69cc6,208421dc-f9c8-4df2-b7a6-575259b61a5d,->,12acfc45-bdfb-4343-9004-9be15dfd844c,aef98915-d9bd-4ef8-82f6-281ec4d69cc6,0cf0d29d-b160-429c-b796-5681868a0d4b
12acfc45-bdfb-4343-9004-9be15dfd844c,aef98915-d9bd-4ef8-82f6-281ec4d69cc6,208421dc-f9c8-4df2-b7a6-575259b61a5d,->,12acfc45-bdfb-4343-9004-9be15dfd844c,java/lang/StringBuilder.java,append
12acfc45-bdfb-4343-9004-9be15dfd844c,aef98915-d9bd-4ef8-82f6-281ec4d69cc6,208421dc-f9c8-4df2-b7a6-575259b61a5d,->,12acfc45-bdfb-4343-9004-9be15dfd844c,java/lang/StringBuilder.java,append
12acfc45-bdfb-4343-9004-9be15dfd844c,aef98915-d9bd-4ef8-82f6-281ec4d69cc6,208421dc-f9c8-4df2-b7a6-575259b61a5d,->,12acfc45-bdfb-4343-9004-9be15dfd844c,java/lang/StringBuilder.java,toString
12acfc45-bdfb-4343-9004-9be15dfd844c,aef98915-d9bd-4ef8-82f6-281ec4d69cc6,208421dc-f9c8-4df2-b7a6-575259b61a5d,->,12acfc45-bdfb-4343-9004-9be15dfd844c,aef98915-d9bd-4ef8-82f6-281ec4d69cc6,0cf0d29d-b160-429c-b796-5681868a0d4b
12acfc45-bdfb-4343-9004-9be15dfd844c,aef98915-d9bd-4ef8-82f6-281ec4d69cc6,208421dc-f9c8-4df2-b7a6-575259b61a5d,->,12acfc45-bdfb-4343-9004-9be15dfd844c,java/lang/StringBuilder.java,append
12acfc45-bdfb-4343-9004-9be15dfd844c,aef98915-d9bd-4ef8-82f6-281ec4d69cc6,208421dc-f9c8-4df2-b7a6-575259b61a5d,->,12acfc45-bdfb-4343-9004-9be15dfd844c,java/lang/StringBuilder.java,append
12acfc45-bdfb-4343-9004-9be15dfd844c,aef98915-d9bd-4ef8-82f6-281ec4d69cc6,208421dc-f9c8-4df2-b7a6-575259b61a5d,->,12acfc45-bdfb-4343-9004-9be15dfd844c,java/lang/StringBuilder.java,toString
12acfc45-bdfb-4343-9004-9be15dfd844c,aef98915-d9bd-4ef8-82f6-281ec4d69cc6,208421dc-f9c8-4df2-b7a6-575259b61a5d,->,12acfc45-bdfb-4343-9004-9be15dfd844c,aef98915-d9bd-4ef8-82f6-281ec4d69cc6,0cf0d29d-b160-429c-b796-5681868a0d4b
12acfc45-bdfb-4343-9004-9be15dfd844c,aef98915-d9bd-4ef8-82f6-281ec4d69cc6,208421dc-f9c8-4df2-b7a6-575259b61a5d,->,12acfc45-bdfb-4343-9004-9be15dfd844c,java/lang/StringBuilder.java,append
12acfc45-bdfb-4343-9004-9be15dfd844c,aef98915-d9bd-4ef8-82f6-281ec4d69cc6,208421dc-f9c8-4df2-b7a6-575259b61a5d,->,12acfc45-bdfb-4343-9004-9be15dfd844c,java/lang/StringBuilder.java,append
12acfc45-bdfb-4343-9004-9be15dfd844c,aef98915-d9bd-4ef8-82f6-281ec4d69cc6,208421dc-f9c8-4df2-b7a6-575259b61a5d,->,12acfc45-bdfb-4343-9004-9be15dfd844c,java/lang/StringBuilder.java,toString
12acfc45-bdfb-4343-9004-9be15dfd844c,aef98915-d9bd-4ef8-82f6-281ec4d69cc6,208421dc-f9c8-4df2-b7a6-575259b61a5d,->,12acfc45-bdfb-4343-9004-9be15dfd844c,aef98915-d9bd-4ef8-82f6-281ec4d69cc6,0cf0d29d-b160-429c-b796-5681868a0d4b
12acfc45-bdfb-4343-9004-9be15dfd844c,aef98915-d9bd-4ef8-82f6-281ec4d69cc6,208421dc-f9c8-4df2-b7a6-575259b61a5d,->,12acfc45-bdfb-4343-9004-9be15dfd844c,aef98915-d9bd-4ef8-82f6-281ec4d69cc6,0fb8c0b3-d526-4e5a-b200-7aabf6303623
12acfc45-bdfb-4343-9004-9be15dfd844c,aef98915-d9bd-4ef8-82f6-281ec4d69cc6,208421dc-f9c8-4df2-b7a6-575259b61a5d,->,12acfc45-bdfb-4343-9004-9be15dfd844c,aef98915-d9bd-4ef8-82f6-281ec4d69cc6,3992bd2f-77ae-44fd-9dcd-0b271853822c
12acfc45-bdfb-4343-9004-9be15dfd844c,aef98915-d9bd-4ef8-82f6-281ec4d69cc6,208421dc-f9c8-4df2-b7a6-575259b61a5d,->,12acfc45-bdfb-4343-9004-9be15dfd844c,java/lang/StringBuilder.java,append
12acfc45-bdfb-4343-9004-9be15dfd844c,aef98915-d9bd-4ef8-82f6-281ec4d69cc6,208421dc-f9c8-4df2-b7a6-575259b61a5d,->,12acfc45-bdfb-4343-9004-9be15dfd844c,java/lang/StringBuilder.java,append
12acfc45-bdfb-4343-9004-9be15dfd844c,aef98915-d9bd-4ef8-82f6-281ec4d69cc6,208421dc-f9c8-4df2-b7a6-575259b61a5d,->,12acfc45-bdfb-4343-9004-9be15dfd844c,java/lang/StringBuilder.java,toString
12acfc45-bdfb-4343-9004-9be15dfd844c,aef98915-d9bd-4ef8-82f6-281ec4d69cc6,208421dc-f9c8-4df2-b7a6-575259b61a5d,->,12acfc45-bdfb-4343-9004-9be15dfd844c,aef98915-d9bd-4ef8-82f6-281ec4d69cc6,0cf0d29d-b160-429c-b796-5681868a0d4b
12acfc45-bdfb-4343-9004-9be15dfd844c,aef98915-d9bd-4ef8-82f6-281ec4d69cc6,208421dc-f9c8-4df2-b7a6-575259b61a5d,->,12acfc45-bdfb-4343-9004-9be15dfd844c,java/lang/StringBuilder.java,append
12acfc45-bdfb-4343-9004-9be15dfd844c,aef98915-d9bd-4ef8-82f6-281ec4d69cc6,208421dc-f9c8-4df2-b7a6-575259b61a5d,->,12acfc45-bdfb-4343-9004-9be15dfd844c,java/lang/StringBuilder.java,append
12acfc45-bdfb-4343-9004-9be15dfd844c,aef98915-d9bd-4ef8-82f6-281ec4d69cc6,208421dc-f9c8-4df2-b7a6-575259b61a5d,->,12acfc45-bdfb-4343-9004-9be15dfd844c,java/lang/StringBuilder.java,toString
12acfc45-bdfb-4343-9004-9be15dfd844c,aef98915-d9bd-4ef8-82f6-281ec4d69cc6,208421dc-f9c8-4df2-b7a6-575259b61a5d,->,12acfc45-bdfb-4343-9004-9be15dfd844c,aef98915-d9bd-4ef8-82f6-281ec4d69cc6,0cf0d29d-b160-429c-b796-5681868a0d4b
12acfc45-bdfb-4343-9004-9be15dfd844c,aef98915-d9bd-4ef8-82f6-281ec4d69cc6,208421dc-f9c8-4df2-b7a6-575259b61a5d,->,12acfc45-bdfb-4343-9004-9be15dfd844c,java/lang/StringBuilder.java,append
12acfc45-bdfb-4343-9004-9be15dfd844c,aef98915-d9bd-4ef8-82f6-281ec4d69cc6,208421dc-f9c8-4df2-b7a6-575259b61a5d,->,12acfc45-bdfb-4343-9004-9be15dfd844c,java/lang/StringBuilder.java,append
12acfc45-bdfb-4343-9004-9be15dfd844c,aef98915-d9bd-4ef8-82f6-281ec4d69cc6,208421dc-f9c8-4df2-b7a6-575259b61a5d,->,12acfc45-bdfb-4343-9004-9be15dfd844c,java/lang/StringBuilder.java,toString
12acfc45-bdfb-4343-9004-9be15dfd844c,aef98915-d9bd-4ef8-82f6-281ec4d69cc6,208421dc-f9c8-4df2-b7a6-575259b61a5d,->,12acfc45-bdfb-4343-9004-9be15dfd844c,aef98915-d9bd-4ef8-82f6-281ec4d69cc6,0cf0d29d-b160-429c-b796-5681868a0d4b
12acfc45-bdfb-4343-9004-9be15dfd844c,aef98915-d9bd-4ef8-82f6-281ec4d69cc6,208421dc-f9c8-4df2-b7a6-575259b61a5d,->,12acfc45-bdfb-4343-9004-9be15dfd844c,java/lang/StringBuilder.java,append
12acfc45-bdfb-4343-9004-9be15dfd844c,aef98915-d9bd-4ef8-82f6-281ec4d69cc6,208421dc-f9c8-4df2-b7a6-575259b61a5d,->,12acfc45-bdfb-4343-9004-9be15dfd844c,java/lang/StringBuilder.java,append
12acfc45-bdfb-4343-9004-9be15dfd844c,aef98915-d9bd-4ef8-82f6-281ec4d69cc6,208421dc-f9c8-4df2-b7a6-575259b61a5d,->,12acfc45-bdfb-4343-9004-9be15dfd844c,java/lang/StringBuilder.java,toString
12acfc45-bdfb-4343-9004-9be15dfd844c,aef98915-d9bd-4ef8-82f6-281ec4d69cc6,208421dc-f9c8-4df2-b7a6-575259b61a5d,->,12acfc45-bdfb-4343-9004-9be15dfd844c,aef98915-d9bd-4ef8-82f6-281ec4d69cc6,0cf0d29d-b160-429c-b796-5681868a0d4b
12acfc45-bdfb-4343-9004-9be15dfd844c,aef98915-d9bd-4ef8-82f6-281ec4d69cc6,208421dc-f9c8-4df2-b7a6-575259b61a5d,->,12acfc45-bdfb-4343-9004-9be15dfd844c,java/lang/StringBuilder.java,append
12acfc45-bdfb-4343-9004-9be15dfd844c,aef98915-d9bd-4ef8-82f6-281ec4d69cc6,208421dc-f9c8-4df2-b7a6-575259b61a5d,->,12acfc45-bdfb-4343-9004-9be15dfd844c,java/lang/StringBuilder.java,append
12acfc45-bdfb-4343-9004-9be15dfd844c,aef98915-d9bd-4ef8-82f6-281ec4d69cc6,208421dc-f9c8-4df2-b7a6-575259b61a5d,->,12acfc45-bdfb-4343-9004-9be15dfd844c,java/lang/StringBuilder.java,toString
12acfc45-bdfb-4343-9004-9be15dfd844c,aef98915-d9bd-4ef8-82f6-281ec4d69cc6,208421dc-f9c8-4df2-b7a6-575259b61a5d,->,12acfc45-bdfb-4343-9004-9be15dfd844c,aef98915-d9bd-4ef8-82f6-281ec4d69cc6,0cf0d29d-b160-429c-b796-5681868a0d4b
12acfc45-bdfb-4343-9004-9be15dfd844c,aef98915-d9bd-4ef8-82f6-281ec4d69cc6,208421dc-f9c8-4df2-b7a6-575259b61a5d,->,12acfc45-bdfb-4343-9004-9be15dfd844c,java/lang/StringBuilder.java,append
12acfc45-bdfb-4343-9004-9be15dfd844c,aef98915-d9bd-4ef8-82f6-281ec4d69cc6,208421dc-f9c8-4df2-b7a6-575259b61a5d,->,12acfc45-bdfb-4343-9004-9be15dfd844c,java/lang/StringBuilder.java,append
12acfc45-bdfb-4343-9004-9be15dfd844c,aef98915-d9bd-4ef8-82f6-281ec4d69cc6,208421dc-f9c8-4df2-b7a6-575259b61a5d,->,12acfc45-bdfb-4343-9004-9be15dfd844c,java/lang/StringBuilder.java,toString
12acfc45-bdfb-4343-9004-9be15dfd844c,aef98915-d9bd-4ef8-82f6-281ec4d69cc6,208421dc-f9c8-4df2-b7a6-575259b61a5d,->,12acfc45-bdfb-4343-9004-9be15dfd844c,aef98915-d9bd-4ef8-82f6-281ec4d69cc6,0cf0d29d-b160-429c-b796-5681868a0d4b
12acfc45-bdfb-4343-9004-9be15dfd844c,aef98915-d9bd-4ef8-82f6-281ec4d69cc6,208421dc-f9c8-4df2-b7a6-575259b61a5d,->,12acfc45-bdfb-4343-9004-9be15dfd844c,java/lang/StringBuilder.java,append
12acfc45-bdfb-4343-9004-9be15dfd844c,aef98915-d9bd-4ef8-82f6-281ec4d69cc6,208421dc-f9c8-4df2-b7a6-575259b61a5d,->,12acfc45-bdfb-4343-9004-9be15dfd844c,java/lang/StringBuilder.java,append
12acfc45-bdfb-4343-9004-9be15dfd844c,aef98915-d9bd-4ef8-82f6-281ec4d69cc6,208421dc-f9c8-4df2-b7a6-575259b61a5d,->,12acfc45-bdfb-4343-9004-9be15dfd844c,java/lang/StringBuilder.java,toString
12acfc45-bdfb-4343-9004-9be15dfd844c,aef98915-d9bd-4ef8-82f6-281ec4d69cc6,208421dc-f9c8-4df2-b7a6-575259b61a5d,->,12acfc45-bdfb-4343-9004-9be15dfd844c,aef98915-d9bd-4ef8-82f6-281ec4d69cc6,0cf0d29d-b160-429c-b796-5681868a0d4b
12acfc45-bdfb-4343-9004-9be15dfd844c,aef98915-d9bd-4ef8-82f6-281ec4d69cc6,208421dc-f9c8-4df2-b7a6-575259b61a5d,->,12acfc45-bdfb-4343-9004-9be15dfd844c,java/lang/StringBuilder.java,append
12acfc45-bdfb-4343-9004-9be15dfd844c,aef98915-d9bd-4ef8-82f6-281ec4d69cc6,208421dc-f9c8-4df2-b7a6-575259b61a5d,->,12acfc45-bdfb-4343-9004-9be15dfd844c,java/lang/StringBuilder.java,append
12acfc45-bdfb-4343-9004-9be15dfd844c,aef98915-d9bd-4ef8-82f6-281ec4d69cc6,208421dc-f9c8-4df2-b7a6-575259b61a5d,->,12acfc45-bdfb-4343-9004-9be15dfd844c,java/lang/StringBuilder.java,toString
12acfc45-bdfb-4343-9004-9be15dfd844c,aef98915-d9bd-4ef8-82f6-281ec4d69cc6,208421dc-f9c8-4df2-b7a6-575259b61a5d,->,12acfc45-bdfb-4343-9004-9be15dfd844c,aef98915-d9bd-4ef8-82f6-281ec4d69cc6,0cf0d29d-b160-429c-b796-5681868a0d4b
12acfc45-bdfb-4343-9004-9be15dfd844c,aef98915-d9bd-4ef8-82f6-281ec4d69cc6,208421dc-f9c8-4df2-b7a6-575259b61a5d,->,12acfc45-bdfb-4343-9004-9be15dfd844c,java/lang/StringBuilder.java,append
12acfc45-bdfb-4343-9004-9be15dfd844c,aef98915-d9bd-4ef8-82f6-281ec4d69cc6,208421dc-f9c8-4df2-b7a6-575259b61a5d,->,12acfc45-bdfb-4343-9004-9be15dfd844c,java/lang/StringBuilder.java,append
12acfc45-bdfb-4343-9004-9be15dfd844c,aef98915-d9bd-4ef8-82f6-281ec4d69cc6,208421dc-f9c8-4df2-b7a6-575259b61a5d,->,12acfc45-bdfb-4343-9004-9be15dfd844c,java/lang/StringBuilder.java,toString
12acfc45-bdfb-4343-9004-9be15dfd844c,aef98915-d9bd-4ef8-82f6-281ec4d69cc6,208421dc-f9c8-4df2-b7a6-575259b61a5d,->,12acfc45-bdfb-4343-9004-9be15dfd844c,aef98915-d9bd-4ef8-82f6-281ec4d69cc6,0cf0d29d-b160-429c-b796-5681868a0d4b
12acfc45-bdfb-4343-9004-9be15dfd844c,aef98915-d9bd-4ef8-82f6-281ec4d69cc6,208421dc-f9c8-4df2-b7a6-575259b61a5d,->,12acfc45-bdfb-4343-9004-9be15dfd844c,aef98915-d9bd-4ef8-82f6-281ec4d69cc6,0fb8c0b3-d526-4e5a-b200-7aabf6303623
12acfc45-bdfb-4343-9004-9be15dfd844c,aef98915-d9bd-4ef8-82f6-281ec4d69cc6,208421dc-f9c8-4df2-b7a6-575259b61a5d,->,12acfc45-bdfb-4343-9004-9be15dfd844c,aef98915-d9bd-4ef8-82f6-281ec4d69cc6,3992bd2f-77ae-44fd-9dcd-0b271853822c
12acfc45-bdfb-4343-9004-9be15dfd844c,aef98915-d9bd-4ef8-82f6-281ec4d69cc6,208421dc-f9c8-4df2-b7a6-575259b61a5d,->,12acfc45-bdfb-4343-9004-9be15dfd844c,aef98915-d9bd-4ef8-82f6-281ec4d69cc6,0cf0d29d-b160-429c-b796-5681868a0d4b
12acfc45-bdfb-4343-9004-9be15dfd844c,aef98915-d9bd-4ef8-82f6-281ec4d69cc6,208421dc-f9c8-4df2-b7a6-575259b61a5d,->,12acfc45-bdfb-4343-9004-9be15dfd844c,aef98915-d9bd-4ef8-82f6-281ec4d69cc6,0cf0d29d-b160-429c-b796-5681868a0d4b
12acfc45-bdfb-4343-9004-9be15dfd844c,aef98915-d9bd-4ef8-82f6-281ec4d69cc6,208421dc-f9c8-4df2-b7a6-575259b61a5d,->,12acfc45-bdfb-4343-9004-9be15dfd844c,aef98915-d9bd-4ef8-82f6-281ec4d69cc6,0cf0d29d-b160-429c-b796-5681868a0d4b
12acfc45-bdfb-4343-9004-9be15dfd844c,aef98915-d9bd-4ef8-82f6-281ec4d69cc6,208421dc-f9c8-4df2-b7a6-575259b61a5d,->,12acfc45-bdfb-4343-9004-9be15dfd844c,aef98915-d9bd-4ef8-82f6-281ec4d69cc6,0cf0d29d-b160-429c-b796-5681868a0d4b
12acfc45-bdfb-4343-9004-9be15dfd844c,aef98915-d9bd-4ef8-82f6-281ec4d69cc6,208421dc-f9c8-4df2-b7a6-575259b61a5d,->,12acfc45-bdfb-4343-9004-9be15dfd844c,aef98915-d9bd-4ef8-82f6-281ec4d69cc6,0cf0d29d-b160-429c-b796-5681868a0d4b
12acfc45-bdfb-4343-9004-9be15dfd844c,aef98915-d9bd-4ef8-82f6-281ec4d69cc6,208421dc-f9c8-4df2-b7a6-575259b61a5d,->,12acfc45-bdfb-4343-9004-9be15dfd844c,aef98915-d9bd-4ef8-82f6-281ec4d69cc6,0fb8c0b3-d526-4e5a-b200-7aabf6303623
12acfc45-bdfb-4343-9004-9be15dfd844c,aef98915-d9bd-4ef8-82f6-281ec4d69cc6,208421dc-f9c8-4df2-b7a6-575259b61a5d,->,12acfc45-bdfb-4343-9004-9be15dfd844c,aef98915-d9bd-4ef8-82f6-281ec4d69cc6,3992bd2f-77ae-44fd-9dcd-0b271853822c
12acfc45-bdfb-4343-9004-9be15dfd844c,aef98915-d9bd-4ef8-82f6-281ec4d69cc6,208421dc-f9c8-4df2-b7a6-575259b61a5d,->,12acfc45-bdfb-4343-9004-9be15dfd844c,aef98915-d9bd-4ef8-82f6-281ec4d69cc6,0cf0d29d-b160-429c-b796-5681868a0d4b
12acfc45-bdfb-4343-9004-9be15dfd844c,aef98915-d9bd-4ef8-82f6-281ec4d69cc6,208421dc-f9c8-4df2-b7a6-575259b61a5d,->,12acfc45-bdfb-4343-9004-9be15dfd844c,aef98915-d9bd-4ef8-82f6-281ec4d69cc6,0cf0d29d-b160-429c-b796-5681868a0d4b
12acfc45-bdfb-4343-9004-9be15dfd844c,aef98915-d9bd-4ef8-82f6-281ec4d69cc6,208421dc-f9c8-4df2-b7a6-575259b61a5d,->,12acfc45-bdfb-4343-9004-9be15dfd844c,aef98915-d9bd-4ef8-82f6-281ec4d69cc6,0cf0d29d-b160-429c-b796-5681868a0d4b
12acfc45-bdfb-4343-9004-9be15dfd844c,aef98915-d9bd-4ef8-82f6-281ec4d69cc6,208421dc-f9c8-4df2-b7a6-575259b61a5d,->,12acfc45-bdfb-4343-9004-9be15dfd844c,aef98915-d9bd-4ef8-82f6-281ec4d69cc6,0cf0d29d-b160-429c-b796-5681868a0d4b
12acfc45-bdfb-4343-9004-9be15dfd844c,aef98915-d9bd-4ef8-82f6-281ec4d69cc6,208421dc-f9c8-4df2-b7a6-575259b61a5d,->,12acfc45-bdfb-4343-9004-9be15dfd844c,aef98915-d9bd-4ef8-82f6-281ec4d69cc6,0cf0d29d-b160-429c-b796-5681868a0d4b
12acfc45-bdfb-4343-9004-9be15dfd844c,aef98915-d9bd-4ef8-82f6-281ec4d69cc6,208421dc-f9c8-4df2-b7a6-575259b61a5d,->,12acfc45-bdfb-4343-9004-9be15dfd844c,aef98915-d9bd-4ef8-82f6-281ec4d69cc6,0cf0d29d-b160-429c-b796-5681868a0d4b
12acfc45-bdfb-4343-9004-9be15dfd844c,aef98915-d9bd-4ef8-82f6-281ec4d69cc6,208421dc-f9c8-4df2-b7a6-575259b61a5d,->,12acfc45-bdfb-4343-9004-9be15dfd844c,aef98915-d9bd-4ef8-82f6-281ec4d69cc6,0cf0d29d-b160-429c-b796-5681868a0d4b
12acfc45-bdfb-4343-9004-9be15dfd844c,aef98915-d9bd-4ef8-82f6-281ec4d69cc6,208421dc-f9c8-4df2-b7a6-575259b61a5d,->,12acfc45-bdfb-4343-9004-9be15dfd844c,aef98915-d9bd-4ef8-82f6-281ec4d69cc6,0cf0d29d-b160-429c-b796-5681868a0d4b
12acfc45-bdfb-4343-9004-9be15dfd844c,aef98915-d9bd-4ef8-82f6-281ec4d69cc6,208421dc-f9c8-4df2-b7a6-575259b61a5d,->,12acfc45-bdfb-4343-9004-9be15dfd844c,aef98915-d9bd-4ef8-82f6-281ec4d69cc6,0fb8c0b3-d526-4e5a-b200-7aabf6303623
12acfc45-bdfb-4343-9004-9be15dfd844c,aef98915-d9bd-4ef8-82f6-281ec4d69cc6,208421dc-f9c8-4df2-b7a6-575259b61a5d,->,12acfc45-bdfb-4343-9004-9be15dfd844c,aef98915-d9bd-4ef8-82f6-281ec4d69cc6,3992bd2f-77ae-44fd-9dcd-0b271853822c
12acfc45-bdfb-4343-9004-9be15dfd844c,aef98915-d9bd-4ef8-82f6-281ec4d69cc6,208421dc-f9c8-4df2-b7a6-575259b61a5d,->,12acfc45-bdfb-4343-9004-9be15dfd844c,server/model/players/Client.java,getItems
12acfc45-bdfb-4343-9004-9be15dfd844c,aef98915-d9bd-4ef8-82f6-281ec4d69cc6,208421dc-f9c8-4df2-b7a6-575259b61a5d,->,12acfc45-bdfb-4343-9004-9be15dfd844c,aef98915-d9bd-4ef8-82f6-281ec4d69cc6,0cf0d29d-b160-429c-b796-5681868a0d4b
12acfc45-bdfb-4343-9004-9be15dfd844c,aef98915-d9bd-4ef8-82f6-281ec4d69cc6,208421dc-f9c8-4df2-b7a6-575259b61a5d,->,12acfc45-bdfb-4343-9004-9be15dfd844c,aef98915-d9bd-4ef8-82f6-281ec4d69cc6,0fb8c0b3-d526-4e5a-b200-7aabf6303623
12acfc45-bdfb-4343-9004-9be15dfd844c,aef98915-d9bd-4ef8-82f6-281ec4d69cc6,36009a51-34a1-446e-a8db-db36ed4a956d,->,12acfc45-bdfb-4343-9004-9be15dfd844c,aef98915-d9bd-4ef8-82f6-281ec4d69cc6,3992bd2f-77ae-44fd-9dcd-0b271853822c
12acfc45-bdfb-4343-9004-9be15dfd844c,aef98915-d9bd-4ef8-82f6-281ec4d69cc6,36009a51-34a1-446e-a8db-db36ed4a956d,->,12acfc45-bdfb-4343-9004-9be15dfd844c,aef98915-d9bd-4ef8-82f6-281ec4d69cc6,0cf0d29d-b160-429c-b796-5681868a0d4b
12acfc45-bdfb-4343-9004-9be15dfd844c,aef98915-d9bd-4ef8-82f6-281ec4d69cc6,36009a51-34a1-446e-a8db-db36ed4a956d,->,12acfc45-bdfb-4343-9004-9be15dfd844c,aef98915-d9bd-4ef8-82f6-281ec4d69cc6,0cf0d29d-b160-429c-b796-5681868a0d4b
12acfc45-bdfb-4343-9004-9be15dfd844c,aef98915-d9bd-4ef8-82f6-281ec4d69cc6,36009a51-34a1-446e-a8db-db36ed4a956d,->,12acfc45-bdfb-4343-9004-9be15dfd844c,aef98915-d9bd-4ef8-82f6-281ec4d69cc6,0cf0d29d-b160-429c-b796-5681868a0d4b
12acfc45-bdfb-4343-9004-9be15dfd844c,aef98915-d9bd-4ef8-82f6-281ec4d69cc6,36009a51-34a1-446e-a8db-db36ed4a956d,->,12acfc45-bdfb-4343-9004-9be15dfd844c,aef98915-d9bd-4ef8-82f6-281ec4d69cc6,0cf0d29d-b160-429c-b796-5681868a0d4b
12acfc45-bdfb-4343-9004-9be15dfd844c,aef98915-d9bd-4ef8-82f6-281ec4d69cc6,36009a51-34a1-446e-a8db-db36ed4a956d,->,12acfc45-bdfb-4343-9004-9be15dfd844c,aef98915-d9bd-4ef8-82f6-281ec4d69cc6,0cf0d29d-b160-429c-b796-5681868a0d4b
12acfc45-bdfb-4343-9004-9be15dfd844c,aef98915-d9bd-4ef8-82f6-281ec4d69cc6,36009a51-34a1-446e-a8db-db36ed4a956d,->,12acfc45-bdfb-4343-9004-9be15dfd844c,aef98915-d9bd-4ef8-82f6-281ec4d69cc6,0cf0d29d-b160-429c-b796-5681868a0d4b
12acfc45-bdfb-4343-9004-9be15dfd844c,aef98915-d9bd-4ef8-82f6-281ec4d69cc6,36009a51-34a1-446e-a8db-db36ed4a956d,->,12acfc45-bdfb-4343-9004-9be15dfd844c,aef98915-d9bd-4ef8-82f6-281ec4d69cc6,0cf0d29d-b160-429c-b796-5681868a0d4b
12acfc45-bdfb-4343-9004-9be15dfd844c,aef98915-d9bd-4ef8-82f6-281ec4d69cc6,36009a51-34a1-446e-a8db-db36ed4a956d,->,12acfc45-bdfb-4343-9004-9be15dfd844c,aef98915-d9bd-4ef8-82f6-281ec4d69cc6,0cf0d29d-b160-429c-b796-5681868a0d4b
12acfc45-bdfb-4343-9004-9be15dfd844c,aef98915-d9bd-4ef8-82f6-281ec4d69cc6,36009a51-34a1-446e-a8db-db36ed4a956d,->,12acfc45-bdfb-4343-9004-9be15dfd844c,aef98915-d9bd-4ef8-82f6-281ec4d69cc6,0cf0d29d-b160-429c-b796-5681868a0d4b
12acfc45-bdfb-4343-9004-9be15dfd844c,aef98915-d9bd-4ef8-82f6-281ec4d69cc6,36009a51-34a1-446e-a8db-db36ed4a956d,->,12acfc45-bdfb-4343-9004-9be15dfd844c,aef98915-d9bd-4ef8-82f6-281ec4d69cc6,0cf0d29d-b160-429c-b796-5681868a0d4b
12acfc45-bdfb-4343-9004-9be15dfd844c,aef98915-d9bd-4ef8-82f6-281ec4d69cc6,36009a51-34a1-446e-a8db-db36ed4a956d,->,12acfc45-bdfb-4343-9004-9be15dfd844c,aef98915-d9bd-4ef8-82f6-281ec4d69cc6,0fb8c0b3-d526-4e5a-b200-7aabf6303623
12acfc45-bdfb-4343-9004-9be15dfd844c,aef98915-d9bd-4ef8-82f6-281ec4d69cc6,36009a51-34a1-446e-a8db-db36ed4a956d,->,12acfc45-bdfb-4343-9004-9be15dfd844c,aef98915-d9bd-4ef8-82f6-281ec4d69cc6,3992bd2f-77ae-44fd-9dcd-0b271853822c
12acfc45-bdfb-4343-9004-9be15dfd844c,aef98915-d9bd-4ef8-82f6-281ec4d69cc6,36009a51-34a1-446e-a8db-db36ed4a956d,->,12acfc45-bdfb-4343-9004-9be15dfd844c,aef98915-d9bd-4ef8-82f6-281ec4d69cc6,0cf0d29d-b160-429c-b796-5681868a0d4b
12acfc45-bdfb-4343-9004-9be15dfd844c,aef98915-d9bd-4ef8-82f6-281ec4d69cc6,36009a51-34a1-446e-a8db-db36ed4a956d,->,12acfc45-bdfb-4343-9004-9be15dfd844c,aef98915-d9bd-4ef8-82f6-281ec4d69cc6,0fb8c0b3-d526-4e5a-b200-7aabf6303623
12acfc45-bdfb-4343-9004-9be15dfd844c,aef98915-d9bd-4ef8-82f6-281ec4d69cc6,36009a51-34a1-446e-a8db-db36ed4a956d,->,12acfc45-bdfb-4343-9004-9be15dfd844c,aef98915-d9bd-4ef8-82f6-281ec4d69cc6,3992bd2f-77ae-44fd-9dcd-0b271853822c
12acfc45-bdfb-4343-9004-9be15dfd844c,aef98915-d9bd-4ef8-82f6-281ec4d69cc6,36009a51-34a1-446e-a8db-db36ed4a956d,->,12acfc45-bdfb-4343-9004-9be15dfd844c,server/model/players/Client.java,getItems
12acfc45-bdfb-4343-9004-9be15dfd844c,aef98915-d9bd-4ef8-82f6-281ec4d69cc6,36009a51-34a1-446e-a8db-db36ed4a956d,->,12acfc45-bdfb-4343-9004-9be15dfd844c,aef98915-d9bd-4ef8-82f6-281ec4d69cc6,0cf0d29d-b160-429c-b796-5681868a0d4b
12acfc45-bdfb-4343-9004-9be15dfd844c,aef98915-d9bd-4ef8-82f6-281ec4d69cc6,36009a51-34a1-446e-a8db-db36ed4a956d,->,12acfc45-bdfb-4343-9004-9be15dfd844c,aef98915-d9bd-4ef8-82f6-281ec4d69cc6,0fb8c0b3-d526-4e5a-b200-7aabf6303623
12acfc45-bdfb-4343-9004-9be15dfd844c,aef98915-d9bd-4ef8-82f6-281ec4d69cc6,daac46e5-601c-49b4-9398-e147d9fb6765,->,12acfc45-bdfb-4343-9004-9be15dfd844c,aef98915-d9bd-4ef8-82f6-281ec4d69cc6,3992bd2f-77ae-44fd-9dcd-0b271853822c
12acfc45-bdfb-4343-9004-9be15dfd844c,aef98915-d9bd-4ef8-82f6-281ec4d69cc6,daac46e5-601c-49b4-9398-e147d9fb6765,->,12acfc45-bdfb-4343-9004-9be15dfd844c,java/lang/StringBuilder.java,append
12acfc45-bdfb-4343-9004-9be15dfd844c,aef98915-d9bd-4ef8-82f6-281ec4d69cc6,daac46e5-601c-49b4-9398-e147d9fb6765,->,12acfc45-bdfb-4343-9004-9be15dfd844c,java/lang/StringBuilder.java,append
12acfc45-bdfb-4343-9004-9be15dfd844c,aef98915-d9bd-4ef8-82f6-281ec4d69cc6,daac46e5-601c-49b4-9398-e147d9fb6765,->,12acfc45-bdfb-4343-9004-9be15dfd844c,java/lang/StringBuilder.java,toString
12acfc45-bdfb-4343-9004-9be15dfd844c,aef98915-d9bd-4ef8-82f6-281ec4d69cc6,daac46e5-601c-49b4-9398-e147d9fb6765,->,12acfc45-bdfb-4343-9004-9be15dfd844c,aef98915-d9bd-4ef8-82f6-281ec4d69cc6,0cf0d29d-b160-429c-b796-5681868a0d4b
12acfc45-bdfb-4343-9004-9be15dfd844c,aef98915-d9bd-4ef8-82f6-281ec4d69cc6,daac46e5-601c-49b4-9398-e147d9fb6765,->,12acfc45-bdfb-4343-9004-9be15dfd844c,java/lang/StringBuilder.java,append
12acfc45-bdfb-4343-9004-9be15dfd844c,aef98915-d9bd-4ef8-82f6-281ec4d69cc6,daac46e5-601c-49b4-9398-e147d9fb6765,->,12acfc45-bdfb-4343-9004-9be15dfd844c,java/lang/StringBuilder.java,append
12acfc45-bdfb-4343-9004-9be15dfd844c,aef98915-d9bd-4ef8-82f6-281ec4d69cc6,daac46e5-601c-49b4-9398-e147d9fb6765,->,12acfc45-bdfb-4343-9004-9be15dfd844c,java/lang/StringBuilder.java,toString
12acfc45-bdfb-4343-9004-9be15dfd844c,aef98915-d9bd-4ef8-82f6-281ec4d69cc6,daac46e5-601c-49b4-9398-e147d9fb6765,->,12acfc45-bdfb-4343-9004-9be15dfd844c,aef98915-d9bd-4ef8-82f6-281ec4d69cc6,0cf0d29d-b160-429c-b796-5681868a0d4b
12acfc45-bdfb-4343-9004-9be15dfd844c,aef98915-d9bd-4ef8-82f6-281ec4d69cc6,daac46e5-601c-49b4-9398-e147d9fb6765,->,12acfc45-bdfb-4343-9004-9be15dfd844c,java/lang/StringBuilder.java,append
12acfc45-bdfb-4343-9004-9be15dfd844c,aef98915-d9bd-4ef8-82f6-281ec4d69cc6,daac46e5-601c-49b4-9398-e147d9fb6765,->,12acfc45-bdfb-4343-9004-9be15dfd844c,java/lang/StringBuilder.java,append
12acfc45-bdfb-4343-9004-9be15dfd844c,aef98915-d9bd-4ef8-82f6-281ec4d69cc6,daac46e5-601c-49b4-9398-e147d9fb6765,->,12acfc45-bdfb-4343-9004-9be15dfd844c,java/lang/StringBuilder.java,toString
12acfc45-bdfb-4343-9004-9be15dfd844c,aef98915-d9bd-4ef8-82f6-281ec4d69cc6,daac46e5-601c-49b4-9398-e147d9fb6765,->,12acfc45-bdfb-4343-9004-9be15dfd844c,aef98915-d9bd-4ef8-82f6-281ec4d69cc6,0cf0d29d-b160-429c-b796-5681868a0d4b
12acfc45-bdfb-4343-9004-9be15dfd844c,aef98915-d9bd-4ef8-82f6-281ec4d69cc6,daac46e5-601c-49b4-9398-e147d9fb6765,->,12acfc45-bdfb-4343-9004-9be15dfd844c,java/lang/StringBuilder.java,append
12acfc45-bdfb-4343-9004-9be15dfd844c,aef98915-d9bd-4ef8-82f6-281ec4d69cc6,daac46e5-601c-49b4-9398-e147d9fb6765,->,12acfc45-bdfb-4343-9004-9be15dfd844c,java/lang/StringBuilder.java,append
12acfc45-bdfb-4343-9004-9be15dfd844c,aef98915-d9bd-4ef8-82f6-281ec4d69cc6,daac46e5-601c-49b4-9398-e147d9fb6765,->,12acfc45-bdfb-4343-9004-9be15dfd844c,java/lang/StringBuilder.java,toString
12acfc45-bdfb-4343-9004-9be15dfd844c,aef98915-d9bd-4ef8-82f6-281ec4d69cc6,daac46e5-601c-49b4-9398-e147d9fb6765,->,12acfc45-bdfb-4343-9004-9be15dfd844c,aef98915-d9bd-4ef8-82f6-281ec4d69cc6,0cf0d29d-b160-429c-b796-5681868a0d4b
12acfc45-bdfb-4343-9004-9be15dfd844c,aef98915-d9bd-4ef8-82f6-281ec4d69cc6,daac46e5-601c-49b4-9398-e147d9fb6765,->,12acfc45-bdfb-4343-9004-9be15dfd844c,java/lang/StringBuilder.java,append
12acfc45-bdfb-4343-9004-9be15dfd844c,aef98915-d9bd-4ef8-82f6-281ec4d69cc6,daac46e5-601c-49b4-9398-e147d9fb6765,->,12acfc45-bdfb-4343-9004-9be15dfd844c,java/lang/StringBuilder.java,append
12acfc45-bdfb-4343-9004-9be15dfd844c,aef98915-d9bd-4ef8-82f6-281ec4d69cc6,daac46e5-601c-49b4-9398-e147d9fb6765,->,12acfc45-bdfb-4343-9004-9be15dfd844c,java/lang/StringBuilder.java,toString
12acfc45-bdfb-4343-9004-9be15dfd844c,aef98915-d9bd-4ef8-82f6-281ec4d69cc6,daac46e5-601c-49b4-9398-e147d9fb6765,->,12acfc45-bdfb-4343-9004-9be15dfd844c,aef98915-d9bd-4ef8-82f6-281ec4d69cc6,0cf0d29d-b160-429c-b796-5681868a0d4b
12acfc45-bdfb-4343-9004-9be15dfd844c,aef98915-d9bd-4ef8-82f6-281ec4d69cc6,daac46e5-601c-49b4-9398-e147d9fb6765,->,12acfc45-bdfb-4343-9004-9be15dfd844c,java/lang/StringBuilder.java,append
12acfc45-bdfb-4343-9004-9be15dfd844c,aef98915-d9bd-4ef8-82f6-281ec4d69cc6,daac46e5-601c-49b4-9398-e147d9fb6765,->,12acfc45-bdfb-4343-9004-9be15dfd844c,java/lang/StringBuilder.java,append
12acfc45-bdfb-4343-9004-9be15dfd844c,aef98915-d9bd-4ef8-82f6-281ec4d69cc6,daac46e5-601c-49b4-9398-e147d9fb6765,->,12acfc45-bdfb-4343-9004-9be15dfd844c,java/lang/StringBuilder.java,toString
12acfc45-bdfb-4343-9004-9be15dfd844c,aef98915-d9bd-4ef8-82f6-281ec4d69cc6,daac46e5-601c-49b4-9398-e147d9fb6765,->,12acfc45-bdfb-4343-9004-9be15dfd844c,aef98915-d9bd-4ef8-82f6-281ec4d69cc6,0cf0d29d-b160-429c-b796-5681868a0d4b
12acfc45-bdfb-4343-9004-9be15dfd844c,aef98915-d9bd-4ef8-82f6-281ec4d69cc6,daac46e5-601c-49b4-9398-e147d9fb6765,->,12acfc45-bdfb-4343-9004-9be15dfd844c,java/lang/StringBuilder.java,append
12acfc45-bdfb-4343-9004-9be15dfd844c,aef98915-d9bd-4ef8-82f6-281ec4d69cc6,daac46e5-601c-49b4-9398-e147d9fb6765,->,12acfc45-bdfb-4343-9004-9be15dfd844c,java/lang/StringBuilder.java,append
12acfc45-bdfb-4343-9004-9be15dfd844c,aef98915-d9bd-4ef8-82f6-281ec4d69cc6,daac46e5-601c-49b4-9398-e147d9fb6765,->,12acfc45-bdfb-4343-9004-9be15dfd844c,java/lang/StringBuilder.java,toString
12acfc45-bdfb-4343-9004-9be15dfd844c,aef98915-d9bd-4ef8-82f6-281ec4d69cc6,daac46e5-601c-49b4-9398-e147d9fb6765,->,12acfc45-bdfb-4343-9004-9be15dfd844c,aef98915-d9bd-4ef8-82f6-281ec4d69cc6,0cf0d29d-b160-429c-b796-5681868a0d4b
12acfc45-bdfb-4343-9004-9be15dfd844c,aef98915-d9bd-4ef8-82f6-281ec4d69cc6,daac46e5-601c-49b4-9398-e147d9fb6765,->,12acfc45-bdfb-4343-9004-9be15dfd844c,java/lang/StringBuilder.java,append
12acfc45-bdfb-4343-9004-9be15dfd844c,aef98915-d9bd-4ef8-82f6-281ec4d69cc6,daac46e5-601c-49b4-9398-e147d9fb6765,->,12acfc45-bdfb-4343-9004-9be15dfd844c,java/lang/StringBuilder.java,append
12acfc45-bdfb-4343-9004-9be15dfd844c,aef98915-d9bd-4ef8-82f6-281ec4d69cc6,daac46e5-601c-49b4-9398-e147d9fb6765,->,12acfc45-bdfb-4343-9004-9be15dfd844c,java/lang/StringBuilder.java,toString
12acfc45-bdfb-4343-9004-9be15dfd844c,aef98915-d9bd-4ef8-82f6-281ec4d69cc6,daac46e5-601c-49b4-9398-e147d9fb6765,->,12acfc45-bdfb-4343-9004-9be15dfd844c,aef98915-d9bd-4ef8-82f6-281ec4d69cc6,0cf0d29d-b160-429c-b796-5681868a0d4b
12acfc45-bdfb-4343-9004-9be15dfd844c,aef98915-d9bd-4ef8-82f6-281ec4d69cc6,daac46e5-601c-49b4-9398-e147d9fb6765,->,12acfc45-bdfb-4343-9004-9be15dfd844c,java/lang/StringBuilder.java,append
12acfc45-bdfb-4343-9004-9be15dfd844c,aef98915-d9bd-4ef8-82f6-281ec4d69cc6,daac46e5-601c-49b4-9398-e147d9fb6765,->,12acfc45-bdfb-4343-9004-9be15dfd844c,java/lang/StringBuilder.java,append
12acfc45-bdfb-4343-9004-9be15dfd844c,aef98915-d9bd-4ef8-82f6-281ec4d69cc6,daac46e5-601c-49b4-9398-e147d9fb6765,->,12acfc45-bdfb-4343-9004-9be15dfd844c,java/lang/StringBuilder.java,toString
12acfc45-bdfb-4343-9004-9be15dfd844c,aef98915-d9bd-4ef8-82f6-281ec4d69cc6,daac46e5-601c-49b4-9398-e147d9fb6765,->,12acfc45-bdfb-4343-9004-9be15dfd844c,aef98915-d9bd-4ef8-82f6-281ec4d69cc6,0cf0d29d-b160-429c-b796-5681868a0d4b
12acfc45-bdfb-4343-9004-9be15dfd844c,aef98915-d9bd-4ef8-82f6-281ec4d69cc6,daac46e5-601c-49b4-9398-e147d9fb6765,->,12acfc45-bdfb-4343-9004-9be15dfd844c,aef98915-d9bd-4ef8-82f6-281ec4d69cc6,0fb8c0b3-d526-4e5a-b200-7aabf6303623
12acfc45-bdfb-4343-9004-9be15dfd844c,aef98915-d9bd-4ef8-82f6-281ec4d69cc6,daac46e5-601c-49b4-9398-e147d9fb6765,->,12acfc45-bdfb-4343-9004-9be15dfd844c,aef98915-d9bd-4ef8-82f6-281ec4d69cc6,3992bd2f-77ae-44fd-9dcd-0b271853822c
12acfc45-bdfb-4343-9004-9be15dfd844c,aef98915-d9bd-4ef8-82f6-281ec4d69cc6,daac46e5-601c-49b4-9398-e147d9fb6765,->,12acfc45-bdfb-4343-9004-9be15dfd844c,java/lang/StringBuilder.java,append
12acfc45-bdfb-4343-9004-9be15dfd844c,aef98915-d9bd-4ef8-82f6-281ec4d69cc6,daac46e5-601c-49b4-9398-e147d9fb6765,->,12acfc45-bdfb-4343-9004-9be15dfd844c,java/lang/StringBuilder.java,append
12acfc45-bdfb-4343-9004-9be15dfd844c,aef98915-d9bd-4ef8-82f6-281ec4d69cc6,daac46e5-601c-49b4-9398-e147d9fb6765,->,12acfc45-bdfb-4343-9004-9be15dfd844c,java/lang/StringBuilder.java,toString
12acfc45-bdfb-4343-9004-9be15dfd844c,aef98915-d9bd-4ef8-82f6-281ec4d69cc6,daac46e5-601c-49b4-9398-e147d9fb6765,->,12acfc45-bdfb-4343-9004-9be15dfd844c,aef98915-d9bd-4ef8-82f6-281ec4d69cc6,0cf0d29d-b160-429c-b796-5681868a0d4b
12acfc45-bdfb-4343-9004-9be15dfd844c,aef98915-d9bd-4ef8-82f6-281ec4d69cc6,daac46e5-601c-49b4-9398-e147d9fb6765,->,12acfc45-bdfb-4343-9004-9be15dfd844c,java/lang/StringBuilder.java,append
12acfc45-bdfb-4343-9004-9be15dfd844c,aef98915-d9bd-4ef8-82f6-281ec4d69cc6,daac46e5-601c-49b4-9398-e147d9fb6765,->,12acfc45-bdfb-4343-9004-9be15dfd844c,java/lang/StringBuilder.java,append
12acfc45-bdfb-4343-9004-9be15dfd844c,aef98915-d9bd-4ef8-82f6-281ec4d69cc6,daac46e5-601c-49b4-9398-e147d9fb6765,->,12acfc45-bdfb-4343-9004-9be15dfd844c,java/lang/StringBuilder.java,toString
12acfc45-bdfb-4343-9004-9be15dfd844c,aef98915-d9bd-4ef8-82f6-281ec4d69cc6,daac46e5-601c-49b4-9398-e147d9fb6765,->,12acfc45-bdfb-4343-9004-9be15dfd844c,aef98915-d9bd-4ef8-82f6-281ec4d69cc6,0cf0d29d-b160-429c-b796-5681868a0d4b
12acfc45-bdfb-4343-9004-9be15dfd844c,aef98915-d9bd-4ef8-82f6-281ec4d69cc6,daac46e5-601c-49b4-9398-e147d9fb6765,->,12acfc45-bdfb-4343-9004-9be15dfd844c,java/lang/StringBuilder.java,append
12acfc45-bdfb-4343-9004-9be15dfd844c,aef98915-d9bd-4ef8-82f6-281ec4d69cc6,daac46e5-601c-49b4-9398-e147d9fb6765,->,12acfc45-bdfb-4343-9004-9be15dfd844c,java/lang/StringBuilder.java,append
12acfc45-bdfb-4343-9004-9be15dfd844c,aef98915-d9bd-4ef8-82f6-281ec4d69cc6,daac46e5-601c-49b4-9398-e147d9fb6765,->,12acfc45-bdfb-4343-9004-9be15dfd844c,java/lang/StringBuilder.java,toString
12acfc45-bdfb-4343-9004-9be15dfd844c,aef98915-d9bd-4ef8-82f6-281ec4d69cc6,daac46e5-601c-49b4-9398-e147d9fb6765,->,12acfc45-bdfb-4343-9004-9be15dfd844c,aef98915-d9bd-4ef8-82f6-281ec4d69cc6,0cf0d29d-b160-429c-b796-5681868a0d4b
12acfc45-bdfb-4343-9004-9be15dfd844c,aef98915-d9bd-4ef8-82f6-281ec4d69cc6,daac46e5-601c-49b4-9398-e147d9fb6765,->,12acfc45-bdfb-4343-9004-9be15dfd844c,java/lang/StringBuilder.java,append
12acfc45-bdfb-4343-9004-9be15dfd844c,aef98915-d9bd-4ef8-82f6-281ec4d69cc6,daac46e5-601c-49b4-9398-e147d9fb6765,->,12acfc45-bdfb-4343-9004-9be15dfd844c,java/lang/StringBuilder.java,append
12acfc45-bdfb-4343-9004-9be15dfd844c,aef98915-d9bd-4ef8-82f6-281ec4d69cc6,daac46e5-601c-49b4-9398-e147d9fb6765,->,12acfc45-bdfb-4343-9004-9be15dfd844c,java/lang/StringBuilder.java,toString
12acfc45-bdfb-4343-9004-9be15dfd844c,aef98915-d9bd-4ef8-82f6-281ec4d69cc6,daac46e5-601c-49b4-9398-e147d9fb6765,->,12acfc45-bdfb-4343-9004-9be15dfd844c,aef98915-d9bd-4ef8-82f6-281ec4d69cc6,0cf0d29d-b160-429c-b796-5681868a0d4b
12acfc45-bdfb-4343-9004-9be15dfd844c,aef98915-d9bd-4ef8-82f6-281ec4d69cc6,daac46e5-601c-49b4-9398-e147d9fb6765,->,12acfc45-bdfb-4343-9004-9be15dfd844c,java/lang/StringBuilder.java,append
12acfc45-bdfb-4343-9004-9be15dfd844c,aef98915-d9bd-4ef8-82f6-281ec4d69cc6,daac46e5-601c-49b4-9398-e147d9fb6765,->,12acfc45-bdfb-4343-9004-9be15dfd844c,java/lang/StringBuilder.java,append
12acfc45-bdfb-4343-9004-9be15dfd844c,aef98915-d9bd-4ef8-82f6-281ec4d69cc6,daac46e5-601c-49b4-9398-e147d9fb6765,->,12acfc45-bdfb-4343-9004-9be15dfd844c,java/lang/StringBuilder.java,toString
12acfc45-bdfb-4343-9004-9be15dfd844c,aef98915-d9bd-4ef8-82f6-281ec4d69cc6,daac46e5-601c-49b4-9398-e147d9fb6765,->,12acfc45-bdfb-4343-9004-9be15dfd844c,aef98915-d9bd-4ef8-82f6-281ec4d69cc6,0cf0d29d-b160-429c-b796-5681868a0d4b
12acfc45-bdfb-4343-9004-9be15dfd844c,aef98915-d9bd-4ef8-82f6-281ec4d69cc6,daac46e5-601c-49b4-9398-e147d9fb6765,->,12acfc45-bdfb-4343-9004-9be15dfd844c,java/lang/StringBuilder.java,append
12acfc45-bdfb-4343-9004-9be15dfd844c,aef98915-d9bd-4ef8-82f6-281ec4d69cc6,daac46e5-601c-49b4-9398-e147d9fb6765,->,12acfc45-bdfb-4343-9004-9be15dfd844c,java/lang/StringBuilder.java,append
12acfc45-bdfb-4343-9004-9be15dfd844c,aef98915-d9bd-4ef8-82f6-281ec4d69cc6,daac46e5-601c-49b4-9398-e147d9fb6765,->,12acfc45-bdfb-4343-9004-9be15dfd844c,java/lang/StringBuilder.java,toString
12acfc45-bdfb-4343-9004-9be15dfd844c,aef98915-d9bd-4ef8-82f6-281ec4d69cc6,daac46e5-601c-49b4-9398-e147d9fb6765,->,12acfc45-bdfb-4343-9004-9be15dfd844c,aef98915-d9bd-4ef8-82f6-281ec4d69cc6,0cf0d29d-b160-429c-b796-5681868a0d4b
12acfc45-bdfb-4343-9004-9be15dfd844c,aef98915-d9bd-4ef8-82f6-281ec4d69cc6,daac46e5-601c-49b4-9398-e147d9fb6765,->,12acfc45-bdfb-4343-9004-9be15dfd844c,java/lang/StringBuilder.java,append
12acfc45-bdfb-4343-9004-9be15dfd844c,aef98915-d9bd-4ef8-82f6-281ec4d69cc6,daac46e5-601c-49b4-9398-e147d9fb6765,->,12acfc45-bdfb-4343-9004-9be15dfd844c,java/lang/StringBuilder.java,append
12acfc45-bdfb-4343-9004-9be15dfd844c,aef98915-d9bd-4ef8-82f6-281ec4d69cc6,daac46e5-601c-49b4-9398-e147d9fb6765,->,12acfc45-bdfb-4343-9004-9be15dfd844c,java/lang/StringBuilder.java,toString
12acfc45-bdfb-4343-9004-9be15dfd844c,aef98915-d9bd-4ef8-82f6-281ec4d69cc6,daac46e5-601c-49b4-9398-e147d9fb6765,->,12acfc45-bdfb-4343-9004-9be15dfd844c,aef98915-d9bd-4ef8-82f6-281ec4d69cc6,0cf0d29d-b160-429c-b796-5681868a0d4b
12acfc45-bdfb-4343-9004-9be15dfd844c,aef98915-d9bd-4ef8-82f6-281ec4d69cc6,daac46e5-601c-49b4-9398-e147d9fb6765,->,12acfc45-bdfb-4343-9004-9be15dfd844c,java/lang/StringBuilder.java,append
12acfc45-bdfb-4343-9004-9be15dfd844c,aef98915-d9bd-4ef8-82f6-281ec4d69cc6,daac46e5-601c-49b4-9398-e147d9fb6765,->,12acfc45-bdfb-4343-9004-9be15dfd844c,java/lang/StringBuilder.java,append
12acfc45-bdfb-4343-9004-9be15dfd844c,aef98915-d9bd-4ef8-82f6-281ec4d69cc6,daac46e5-601c-49b4-9398-e147d9fb6765,->,12acfc45-bdfb-4343-9004-9be15dfd844c,java/lang/StringBuilder.java,toString
12acfc45-bdfb-4343-9004-9be15dfd844c,aef98915-d9bd-4ef8-82f6-281ec4d69cc6,daac46e5-601c-49b4-9398-e147d9fb6765,->,12acfc45-bdfb-4343-9004-9be15dfd844c,aef98915-d9bd-4ef8-82f6-281ec4d69cc6,0cf0d29d-b160-429c-b796-5681868a0d4b
12acfc45-bdfb-4343-9004-9be15dfd844c,aef98915-d9bd-4ef8-82f6-281ec4d69cc6,daac46e5-601c-49b4-9398-e147d9fb6765,->,12acfc45-bdfb-4343-9004-9be15dfd844c,java/lang/StringBuilder.java,append
12acfc45-bdfb-4343-9004-9be15dfd844c,aef98915-d9bd-4ef8-82f6-281ec4d69cc6,daac46e5-601c-49b4-9398-e147d9fb6765,->,12acfc45-bdfb-4343-9004-9be15dfd844c,java/lang/StringBuilder.java,append
12acfc45-bdfb-4343-9004-9be15dfd844c,aef98915-d9bd-4ef8-82f6-281ec4d69cc6,daac46e5-601c-49b4-9398-e147d9fb6765,->,12acfc45-bdfb-4343-9004-9be15dfd844c,java/lang/StringBuilder.java,toString
12acfc45-bdfb-4343-9004-9be15dfd844c,aef98915-d9bd-4ef8-82f6-281ec4d69cc6,daac46e5-601c-49b4-9398-e147d9fb6765,->,12acfc45-bdfb-4343-9004-9be15dfd844c,aef98915-d9bd-4ef8-82f6-281ec4d69cc6,0cf0d29d-b160-429c-b796-5681868a0d4b
12acfc45-bdfb-4343-9004-9be15dfd844c,aef98915-d9bd-4ef8-82f6-281ec4d69cc6,daac46e5-601c-49b4-9398-e147d9fb6765,->,12acfc45-bdfb-4343-9004-9be15dfd844c,aef98915-d9bd-4ef8-82f6-281ec4d69cc6,0fb8c0b3-d526-4e5a-b200-7aabf6303623
12acfc45-bdfb-4343-9004-9be15dfd844c,aef98915-d9bd-4ef8-82f6-281ec4d69cc6,daac46e5-601c-49b4-9398-e147d9fb6765,->,12acfc45-bdfb-4343-9004-9be15dfd844c,aef98915-d9bd-4ef8-82f6-281ec4d69cc6,3992bd2f-77ae-44fd-9dcd-0b271853822c
12acfc45-bdfb-4343-9004-9be15dfd844c,aef98915-d9bd-4ef8-82f6-281ec4d69cc6,daac46e5-601c-49b4-9398-e147d9fb6765,->,12acfc45-bdfb-4343-9004-9be15dfd844c,java/lang/StringBuilder.java,append
12acfc45-bdfb-4343-9004-9be15dfd844c,aef98915-d9bd-4ef8-82f6-281ec4d69cc6,daac46e5-601c-49b4-9398-e147d9fb6765,->,12acfc45-bdfb-4343-9004-9be15dfd844c,java/lang/StringBuilder.java,append
12acfc45-bdfb-4343-9004-9be15dfd844c,aef98915-d9bd-4ef8-82f6-281ec4d69cc6,daac46e5-601c-49b4-9398-e147d9fb6765,->,12acfc45-bdfb-4343-9004-9be15dfd844c,java/lang/StringBuilder.java,toString
12acfc45-bdfb-4343-9004-9be15dfd844c,aef98915-d9bd-4ef8-82f6-281ec4d69cc6,daac46e5-601c-49b4-9398-e147d9fb6765,->,12acfc45-bdfb-4343-9004-9be15dfd844c,aef98915-d9bd-4ef8-82f6-281ec4d69cc6,0cf0d29d-b160-429c-b796-5681868a0d4b
12acfc45-bdfb-4343-9004-9be15dfd844c,aef98915-d9bd-4ef8-82f6-281ec4d69cc6,daac46e5-601c-49b4-9398-e147d9fb6765,->,12acfc45-bdfb-4343-9004-9be15dfd844c,java/lang/StringBuilder.java,append
12acfc45-bdfb-4343-9004-9be15dfd844c,aef98915-d9bd-4ef8-82f6-281ec4d69cc6,daac46e5-601c-49b4-9398-e147d9fb6765,->,12acfc45-bdfb-4343-9004-9be15dfd844c,java/lang/StringBuilder.java,append
12acfc45-bdfb-4343-9004-9be15dfd844c,aef98915-d9bd-4ef8-82f6-281ec4d69cc6,daac46e5-601c-49b4-9398-e147d9fb6765,->,12acfc45-bdfb-4343-9004-9be15dfd844c,java/lang/StringBuilder.java,toString
12acfc45-bdfb-4343-9004-9be15dfd844c,aef98915-d9bd-4ef8-82f6-281ec4d69cc6,daac46e5-601c-49b4-9398-e147d9fb6765,->,12acfc45-bdfb-4343-9004-9be15dfd844c,aef98915-d9bd-4ef8-82f6-281ec4d69cc6,0cf0d29d-b160-429c-b796-5681868a0d4b
12acfc45-bdfb-4343-9004-9be15dfd844c,aef98915-d9bd-4ef8-82f6-281ec4d69cc6,daac46e5-601c-49b4-9398-e147d9fb6765,->,12acfc45-bdfb-4343-9004-9be15dfd844c,java/lang/StringBuilder.java,append
12acfc45-bdfb-4343-9004-9be15dfd844c,aef98915-d9bd-4ef8-82f6-281ec4d69cc6,daac46e5-601c-49b4-9398-e147d9fb6765,->,12acfc45-bdfb-4343-9004-9be15dfd844c,java/lang/StringBuilder.java,append
12acfc45-bdfb-4343-9004-9be15dfd844c,aef98915-d9bd-4ef8-82f6-281ec4d69cc6,daac46e5-601c-49b4-9398-e147d9fb6765,->,12acfc45-bdfb-4343-9004-9be15dfd844c,java/lang/StringBuilder.java,toString
12acfc45-bdfb-4343-9004-9be15dfd844c,aef98915-d9bd-4ef8-82f6-281ec4d69cc6,daac46e5-601c-49b4-9398-e147d9fb6765,->,12acfc45-bdfb-4343-9004-9be15dfd844c,aef98915-d9bd-4ef8-82f6-281ec4d69cc6,0cf0d29d-b160-429c-b796-5681868a0d4b
12acfc45-bdfb-4343-9004-9be15dfd844c,aef98915-d9bd-4ef8-82f6-281ec4d69cc6,daac46e5-601c-49b4-9398-e147d9fb6765,->,12acfc45-bdfb-4343-9004-9be15dfd844c,java/lang/StringBuilder.java,append
12acfc45-bdfb-4343-9004-9be15dfd844c,aef98915-d9bd-4ef8-82f6-281ec4d69cc6,daac46e5-601c-49b4-9398-e147d9fb6765,->,12acfc45-bdfb-4343-9004-9be15dfd844c,java/lang/StringBuilder.java,append
12acfc45-bdfb-4343-9004-9be15dfd844c,aef98915-d9bd-4ef8-82f6-281ec4d69cc6,daac46e5-601c-49b4-9398-e147d9fb6765,->,12acfc45-bdfb-4343-9004-9be15dfd844c,java/lang/StringBuilder.java,toString
12acfc45-bdfb-4343-9004-9be15dfd844c,aef98915-d9bd-4ef8-82f6-281ec4d69cc6,daac46e5-601c-49b4-9398-e147d9fb6765,->,12acfc45-bdfb-4343-9004-9be15dfd844c,aef98915-d9bd-4ef8-82f6-281ec4d69cc6,0cf0d29d-b160-429c-b796-5681868a0d4b
12acfc45-bdfb-4343-9004-9be15dfd844c,aef98915-d9bd-4ef8-82f6-281ec4d69cc6,daac46e5-601c-49b4-9398-e147d9fb6765,->,12acfc45-bdfb-4343-9004-9be15dfd844c,java/lang/StringBuilder.java,append
12acfc45-bdfb-4343-9004-9be15dfd844c,aef98915-d9bd-4ef8-82f6-281ec4d69cc6,daac46e5-601c-49b4-9398-e147d9fb6765,->,12acfc45-bdfb-4343-9004-9be15dfd844c,java/lang/StringBuilder.java,append
12acfc45-bdfb-4343-9004-9be15dfd844c,aef98915-d9bd-4ef8-82f6-281ec4d69cc6,daac46e5-601c-49b4-9398-e147d9fb6765,->,12acfc45-bdfb-4343-9004-9be15dfd844c,java/lang/StringBuilder.java,toString
12acfc45-bdfb-4343-9004-9be15dfd844c,aef98915-d9bd-4ef8-82f6-281ec4d69cc6,daac46e5-601c-49b4-9398-e147d9fb6765,->,12acfc45-bdfb-4343-9004-9be15dfd844c,aef98915-d9bd-4ef8-82f6-281ec4d69cc6,0cf0d29d-b160-429c-b796-5681868a0d4b
12acfc45-bdfb-4343-9004-9be15dfd844c,aef98915-d9bd-4ef8-82f6-281ec4d69cc6,daac46e5-601c-49b4-9398-e147d9fb6765,->,12acfc45-bdfb-4343-9004-9be15dfd844c,java/lang/StringBuilder.java,append
12acfc45-bdfb-4343-9004-9be15dfd844c,aef98915-d9bd-4ef8-82f6-281ec4d69cc6,daac46e5-601c-49b4-9398-e147d9fb6765,->,12acfc45-bdfb-4343-9004-9be15dfd844c,java/lang/StringBuilder.java,append
12acfc45-bdfb-4343-9004-9be15dfd844c,aef98915-d9bd-4ef8-82f6-281ec4d69cc6,daac46e5-601c-49b4-9398-e147d9fb6765,->,12acfc45-bdfb-4343-9004-9be15dfd844c,java/lang/StringBuilder.java,toString
12acfc45-bdfb-4343-9004-9be15dfd844c,aef98915-d9bd-4ef8-82f6-281ec4d69cc6,daac46e5-601c-49b4-9398-e147d9fb6765,->,12acfc45-bdfb-4343-9004-9be15dfd844c,aef98915-d9bd-4ef8-82f6-281ec4d69cc6,0cf0d29d-b160-429c-b796-5681868a0d4b
12acfc45-bdfb-4343-9004-9be15dfd844c,aef98915-d9bd-4ef8-82f6-281ec4d69cc6,daac46e5-601c-49b4-9398-e147d9fb6765,->,12acfc45-bdfb-4343-9004-9be15dfd844c,java/lang/StringBuilder.java,append
12acfc45-bdfb-4343-9004-9be15dfd844c,aef98915-d9bd-4ef8-82f6-281ec4d69cc6,daac46e5-601c-49b4-9398-e147d9fb6765,->,12acfc45-bdfb-4343-9004-9be15dfd844c,java/lang/StringBuilder.java,append
12acfc45-bdfb-4343-9004-9be15dfd844c,aef98915-d9bd-4ef8-82f6-281ec4d69cc6,daac46e5-601c-49b4-9398-e147d9fb6765,->,12acfc45-bdfb-4343-9004-9be15dfd844c,java/lang/StringBuilder.java,toString
12acfc45-bdfb-4343-9004-9be15dfd844c,aef98915-d9bd-4ef8-82f6-281ec4d69cc6,daac46e5-601c-49b4-9398-e147d9fb6765,->,12acfc45-bdfb-4343-9004-9be15dfd844c,aef98915-d9bd-4ef8-82f6-281ec4d69cc6,0cf0d29d-b160-429c-b796-5681868a0d4b
12acfc45-bdfb-4343-9004-9be15dfd844c,aef98915-d9bd-4ef8-82f6-281ec4d69cc6,daac46e5-601c-49b4-9398-e147d9fb6765,->,12acfc45-bdfb-4343-9004-9be15dfd844c,java/lang/StringBuilder.java,append
12acfc45-bdfb-4343-9004-9be15dfd844c,aef98915-d9bd-4ef8-82f6-281ec4d69cc6,daac46e5-601c-49b4-9398-e147d9fb6765,->,12acfc45-bdfb-4343-9004-9be15dfd844c,java/lang/StringBuilder.java,append
12acfc45-bdfb-4343-9004-9be15dfd844c,aef98915-d9bd-4ef8-82f6-281ec4d69cc6,daac46e5-601c-49b4-9398-e147d9fb6765,->,12acfc45-bdfb-4343-9004-9be15dfd844c,java/lang/StringBuilder.java,toString
12acfc45-bdfb-4343-9004-9be15dfd844c,aef98915-d9bd-4ef8-82f6-281ec4d69cc6,daac46e5-601c-49b4-9398-e147d9fb6765,->,12acfc45-bdfb-4343-9004-9be15dfd844c,aef98915-d9bd-4ef8-82f6-281ec4d69cc6,0cf0d29d-b160-429c-b796-5681868a0d4b
12acfc45-bdfb-4343-9004-9be15dfd844c,aef98915-d9bd-4ef8-82f6-281ec4d69cc6,daac46e5-601c-49b4-9398-e147d9fb6765,->,12acfc45-bdfb-4343-9004-9be15dfd844c,java/lang/StringBuilder.java,append
12acfc45-bdfb-4343-9004-9be15dfd844c,aef98915-d9bd-4ef8-82f6-281ec4d69cc6,daac46e5-601c-49b4-9398-e147d9fb6765,->,12acfc45-bdfb-4343-9004-9be15dfd844c,java/lang/StringBuilder.java,append
12acfc45-bdfb-4343-9004-9be15dfd844c,aef98915-d9bd-4ef8-82f6-281ec4d69cc6,daac46e5-601c-49b4-9398-e147d9fb6765,->,12acfc45-bdfb-4343-9004-9be15dfd844c,java/lang/StringBuilder.java,toString
12acfc45-bdfb-4343-9004-9be15dfd844c,aef98915-d9bd-4ef8-82f6-281ec4d69cc6,daac46e5-601c-49b4-9398-e147d9fb6765,->,12acfc45-bdfb-4343-9004-9be15dfd844c,aef98915-d9bd-4ef8-82f6-281ec4d69cc6,0cf0d29d-b160-429c-b796-5681868a0d4b
12acfc45-bdfb-4343-9004-9be15dfd844c,aef98915-d9bd-4ef8-82f6-281ec4d69cc6,daac46e5-601c-49b4-9398-e147d9fb6765,->,12acfc45-bdfb-4343-9004-9be15dfd844c,aef98915-d9bd-4ef8-82f6-281ec4d69cc6,0fb8c0b3-d526-4e5a-b200-7aabf6303623
12acfc45-bdfb-4343-9004-9be15dfd844c,aef98915-d9bd-4ef8-82f6-281ec4d69cc6,daac46e5-601c-49b4-9398-e147d9fb6765,->,12acfc45-bdfb-4343-9004-9be15dfd844c,aef98915-d9bd-4ef8-82f6-281ec4d69cc6,3992bd2f-77ae-44fd-9dcd-0b271853822c
12acfc45-bdfb-4343-9004-9be15dfd844c,aef98915-d9bd-4ef8-82f6-281ec4d69cc6,daac46e5-601c-49b4-9398-e147d9fb6765,->,12acfc45-bdfb-4343-9004-9be15dfd844c,java/lang/StringBuilder.java,append
12acfc45-bdfb-4343-9004-9be15dfd844c,aef98915-d9bd-4ef8-82f6-281ec4d69cc6,daac46e5-601c-49b4-9398-e147d9fb6765,->,12acfc45-bdfb-4343-9004-9be15dfd844c,java/lang/StringBuilder.java,append
12acfc45-bdfb-4343-9004-9be15dfd844c,aef98915-d9bd-4ef8-82f6-281ec4d69cc6,daac46e5-601c-49b4-9398-e147d9fb6765,->,12acfc45-bdfb-4343-9004-9be15dfd844c,java/lang/StringBuilder.java,toString
12acfc45-bdfb-4343-9004-9be15dfd844c,aef98915-d9bd-4ef8-82f6-281ec4d69cc6,daac46e5-601c-49b4-9398-e147d9fb6765,->,12acfc45-bdfb-4343-9004-9be15dfd844c,aef98915-d9bd-4ef8-82f6-281ec4d69cc6,0cf0d29d-b160-429c-b796-5681868a0d4b
12acfc45-bdfb-4343-9004-9be15dfd844c,aef98915-d9bd-4ef8-82f6-281ec4d69cc6,daac46e5-601c-49b4-9398-e147d9fb6765,->,12acfc45-bdfb-4343-9004-9be15dfd844c,java/lang/StringBuilder.java,append
12acfc45-bdfb-4343-9004-9be15dfd844c,aef98915-d9bd-4ef8-82f6-281ec4d69cc6,daac46e5-601c-49b4-9398-e147d9fb6765,->,12acfc45-bdfb-4343-9004-9be15dfd844c,java/lang/StringBuilder.java,append
12acfc45-bdfb-4343-9004-9be15dfd844c,aef98915-d9bd-4ef8-82f6-281ec4d69cc6,daac46e5-601c-49b4-9398-e147d9fb6765,->,12acfc45-bdfb-4343-9004-9be15dfd844c,java/lang/StringBuilder.java,toString
12acfc45-bdfb-4343-9004-9be15dfd844c,aef98915-d9bd-4ef8-82f6-281ec4d69cc6,daac46e5-601c-49b4-9398-e147d9fb6765,->,12acfc45-bdfb-4343-9004-9be15dfd844c,aef98915-d9bd-4ef8-82f6-281ec4d69cc6,0cf0d29d-b160-429c-b796-5681868a0d4b
12acfc45-bdfb-4343-9004-9be15dfd844c,aef98915-d9bd-4ef8-82f6-281ec4d69cc6,daac46e5-601c-49b4-9398-e147d9fb6765,->,12acfc45-bdfb-4343-9004-9be15dfd844c,java/lang/StringBuilder.java,append
12acfc45-bdfb-4343-9004-9be15dfd844c,aef98915-d9bd-4ef8-82f6-281ec4d69cc6,daac46e5-601c-49b4-9398-e147d9fb6765,->,12acfc45-bdfb-4343-9004-9be15dfd844c,java/lang/StringBuilder.java,append
12acfc45-bdfb-4343-9004-9be15dfd844c,aef98915-d9bd-4ef8-82f6-281ec4d69cc6,daac46e5-601c-49b4-9398-e147d9fb6765,->,12acfc45-bdfb-4343-9004-9be15dfd844c,java/lang/StringBuilder.java,toString
12acfc45-bdfb-4343-9004-9be15dfd844c,aef98915-d9bd-4ef8-82f6-281ec4d69cc6,daac46e5-601c-49b4-9398-e147d9fb6765,->,12acfc45-bdfb-4343-9004-9be15dfd844c,aef98915-d9bd-4ef8-82f6-281ec4d69cc6,0cf0d29d-b160-429c-b796-5681868a0d4b
12acfc45-bdfb-4343-9004-9be15dfd844c,aef98915-d9bd-4ef8-82f6-281ec4d69cc6,daac46e5-601c-49b4-9398-e147d9fb6765,->,12acfc45-bdfb-4343-9004-9be15dfd844c,java/lang/StringBuilder.java,append
12acfc45-bdfb-4343-9004-9be15dfd844c,aef98915-d9bd-4ef8-82f6-281ec4d69cc6,daac46e5-601c-49b4-9398-e147d9fb6765,->,12acfc45-bdfb-4343-9004-9be15dfd844c,java/lang/StringBuilder.java,append
12acfc45-bdfb-4343-9004-9be15dfd844c,aef98915-d9bd-4ef8-82f6-281ec4d69cc6,daac46e5-601c-49b4-9398-e147d9fb6765,->,12acfc45-bdfb-4343-9004-9be15dfd844c,java/lang/StringBuilder.java,toString
12acfc45-bdfb-4343-9004-9be15dfd844c,aef98915-d9bd-4ef8-82f6-281ec4d69cc6,daac46e5-601c-49b4-9398-e147d9fb6765,->,12acfc45-bdfb-4343-9004-9be15dfd844c,aef98915-d9bd-4ef8-82f6-281ec4d69cc6,0cf0d29d-b160-429c-b796-5681868a0d4b
12acfc45-bdfb-4343-9004-9be15dfd844c,aef98915-d9bd-4ef8-82f6-281ec4d69cc6,daac46e5-601c-49b4-9398-e147d9fb6765,->,12acfc45-bdfb-4343-9004-9be15dfd844c,java/lang/StringBuilder.java,append
12acfc45-bdfb-4343-9004-9be15dfd844c,aef98915-d9bd-4ef8-82f6-281ec4d69cc6,daac46e5-601c-49b4-9398-e147d9fb6765,->,12acfc45-bdfb-4343-9004-9be15dfd844c,java/lang/StringBuilder.java,append
12acfc45-bdfb-4343-9004-9be15dfd844c,aef98915-d9bd-4ef8-82f6-281ec4d69cc6,daac46e5-601c-49b4-9398-e147d9fb6765,->,12acfc45-bdfb-4343-9004-9be15dfd844c,java/lang/StringBuilder.java,toString
12acfc45-bdfb-4343-9004-9be15dfd844c,aef98915-d9bd-4ef8-82f6-281ec4d69cc6,daac46e5-601c-49b4-9398-e147d9fb6765,->,12acfc45-bdfb-4343-9004-9be15dfd844c,aef98915-d9bd-4ef8-82f6-281ec4d69cc6,0cf0d29d-b160-429c-b796-5681868a0d4b
12acfc45-bdfb-4343-9004-9be15dfd844c,aef98915-d9bd-4ef8-82f6-281ec4d69cc6,daac46e5-601c-49b4-9398-e147d9fb6765,->,12acfc45-bdfb-4343-9004-9be15dfd844c,java/lang/StringBuilder.java,append
12acfc45-bdfb-4343-9004-9be15dfd844c,aef98915-d9bd-4ef8-82f6-281ec4d69cc6,daac46e5-601c-49b4-9398-e147d9fb6765,->,12acfc45-bdfb-4343-9004-9be15dfd844c,java/lang/StringBuilder.java,append
12acfc45-bdfb-4343-9004-9be15dfd844c,aef98915-d9bd-4ef8-82f6-281ec4d69cc6,daac46e5-601c-49b4-9398-e147d9fb6765,->,12acfc45-bdfb-4343-9004-9be15dfd844c,java/lang/StringBuilder.java,toString
12acfc45-bdfb-4343-9004-9be15dfd844c,aef98915-d9bd-4ef8-82f6-281ec4d69cc6,daac46e5-601c-49b4-9398-e147d9fb6765,->,12acfc45-bdfb-4343-9004-9be15dfd844c,aef98915-d9bd-4ef8-82f6-281ec4d69cc6,0cf0d29d-b160-429c-b796-5681868a0d4b
12acfc45-bdfb-4343-9004-9be15dfd844c,aef98915-d9bd-4ef8-82f6-281ec4d69cc6,daac46e5-601c-49b4-9398-e147d9fb6765,->,12acfc45-bdfb-4343-9004-9be15dfd844c,java/lang/StringBuilder.java,append
12acfc45-bdfb-4343-9004-9be15dfd844c,aef98915-d9bd-4ef8-82f6-281ec4d69cc6,daac46e5-601c-49b4-9398-e147d9fb6765,->,12acfc45-bdfb-4343-9004-9be15dfd844c,java/lang/StringBuilder.java,append
12acfc45-bdfb-4343-9004-9be15dfd844c,aef98915-d9bd-4ef8-82f6-281ec4d69cc6,daac46e5-601c-49b4-9398-e147d9fb6765,->,12acfc45-bdfb-4343-9004-9be15dfd844c,java/lang/StringBuilder.java,toString
12acfc45-bdfb-4343-9004-9be15dfd844c,aef98915-d9bd-4ef8-82f6-281ec4d69cc6,daac46e5-601c-49b4-9398-e147d9fb6765,->,12acfc45-bdfb-4343-9004-9be15dfd844c,aef98915-d9bd-4ef8-82f6-281ec4d69cc6,0cf0d29d-b160-429c-b796-5681868a0d4b
12acfc45-bdfb-4343-9004-9be15dfd844c,aef98915-d9bd-4ef8-82f6-281ec4d69cc6,daac46e5-601c-49b4-9398-e147d9fb6765,->,12acfc45-bdfb-4343-9004-9be15dfd844c,java/lang/StringBuilder.java,append
12acfc45-bdfb-4343-9004-9be15dfd844c,aef98915-d9bd-4ef8-82f6-281ec4d69cc6,daac46e5-601c-49b4-9398-e147d9fb6765,->,12acfc45-bdfb-4343-9004-9be15dfd844c,java/lang/StringBuilder.java,append
12acfc45-bdfb-4343-9004-9be15dfd844c,aef98915-d9bd-4ef8-82f6-281ec4d69cc6,daac46e5-601c-49b4-9398-e147d9fb6765,->,12acfc45-bdfb-4343-9004-9be15dfd844c,java/lang/StringBuilder.java,toString
12acfc45-bdfb-4343-9004-9be15dfd844c,aef98915-d9bd-4ef8-82f6-281ec4d69cc6,daac46e5-601c-49b4-9398-e147d9fb6765,->,12acfc45-bdfb-4343-9004-9be15dfd844c,aef98915-d9bd-4ef8-82f6-281ec4d69cc6,0cf0d29d-b160-429c-b796-5681868a0d4b
12acfc45-bdfb-4343-9004-9be15dfd844c,aef98915-d9bd-4ef8-82f6-281ec4d69cc6,daac46e5-601c-49b4-9398-e147d9fb6765,->,12acfc45-bdfb-4343-9004-9be15dfd844c,java/lang/StringBuilder.java,append
12acfc45-bdfb-4343-9004-9be15dfd844c,aef98915-d9bd-4ef8-82f6-281ec4d69cc6,daac46e5-601c-49b4-9398-e147d9fb6765,->,12acfc45-bdfb-4343-9004-9be15dfd844c,java/lang/StringBuilder.java,append
12acfc45-bdfb-4343-9004-9be15dfd844c,aef98915-d9bd-4ef8-82f6-281ec4d69cc6,daac46e5-601c-49b4-9398-e147d9fb6765,->,12acfc45-bdfb-4343-9004-9be15dfd844c,java/lang/StringBuilder.java,toString
12acfc45-bdfb-4343-9004-9be15dfd844c,aef98915-d9bd-4ef8-82f6-281ec4d69cc6,daac46e5-601c-49b4-9398-e147d9fb6765,->,12acfc45-bdfb-4343-9004-9be15dfd844c,aef98915-d9bd-4ef8-82f6-281ec4d69cc6,0cf0d29d-b160-429c-b796-5681868a0d4b
12acfc45-bdfb-4343-9004-9be15dfd844c,aef98915-d9bd-4ef8-82f6-281ec4d69cc6,daac46e5-601c-49b4-9398-e147d9fb6765,->,12acfc45-bdfb-4343-9004-9be15dfd844c,aef98915-d9bd-4ef8-82f6-281ec4d69cc6,0fb8c0b3-d526-4e5a-b200-7aabf6303623
12acfc45-bdfb-4343-9004-9be15dfd844c,aef98915-d9bd-4ef8-82f6-281ec4d69cc6,daac46e5-601c-49b4-9398-e147d9fb6765,->,12acfc45-bdfb-4343-9004-9be15dfd844c,aef98915-d9bd-4ef8-82f6-281ec4d69cc6,3992bd2f-77ae-44fd-9dcd-0b271853822c
12acfc45-bdfb-4343-9004-9be15dfd844c,aef98915-d9bd-4ef8-82f6-281ec4d69cc6,daac46e5-601c-49b4-9398-e147d9fb6765,->,12acfc45-bdfb-4343-9004-9be15dfd844c,java/lang/StringBuilder.java,append
12acfc45-bdfb-4343-9004-9be15dfd844c,aef98915-d9bd-4ef8-82f6-281ec4d69cc6,daac46e5-601c-49b4-9398-e147d9fb6765,->,12acfc45-bdfb-4343-9004-9be15dfd844c,java/lang/StringBuilder.java,append
12acfc45-bdfb-4343-9004-9be15dfd844c,aef98915-d9bd-4ef8-82f6-281ec4d69cc6,daac46e5-601c-49b4-9398-e147d9fb6765,->,12acfc45-bdfb-4343-9004-9be15dfd844c,java/lang/StringBuilder.java,toString
12acfc45-bdfb-4343-9004-9be15dfd844c,aef98915-d9bd-4ef8-82f6-281ec4d69cc6,daac46e5-601c-49b4-9398-e147d9fb6765,->,12acfc45-bdfb-4343-9004-9be15dfd844c,aef98915-d9bd-4ef8-82f6-281ec4d69cc6,0cf0d29d-b160-429c-b796-5681868a0d4b
12acfc45-bdfb-4343-9004-9be15dfd844c,aef98915-d9bd-4ef8-82f6-281ec4d69cc6,daac46e5-601c-49b4-9398-e147d9fb6765,->,12acfc45-bdfb-4343-9004-9be15dfd844c,java/lang/StringBuilder.java,append
12acfc45-bdfb-4343-9004-9be15dfd844c,aef98915-d9bd-4ef8-82f6-281ec4d69cc6,daac46e5-601c-49b4-9398-e147d9fb6765,->,12acfc45-bdfb-4343-9004-9be15dfd844c,java/lang/StringBuilder.java,append
12acfc45-bdfb-4343-9004-9be15dfd844c,aef98915-d9bd-4ef8-82f6-281ec4d69cc6,daac46e5-601c-49b4-9398-e147d9fb6765,->,12acfc45-bdfb-4343-9004-9be15dfd844c,java/lang/StringBuilder.java,toString
12acfc45-bdfb-4343-9004-9be15dfd844c,aef98915-d9bd-4ef8-82f6-281ec4d69cc6,daac46e5-601c-49b4-9398-e147d9fb6765,->,12acfc45-bdfb-4343-9004-9be15dfd844c,aef98915-d9bd-4ef8-82f6-281ec4d69cc6,0cf0d29d-b160-429c-b796-5681868a0d4b
12acfc45-bdfb-4343-9004-9be15dfd844c,aef98915-d9bd-4ef8-82f6-281ec4d69cc6,daac46e5-601c-49b4-9398-e147d9fb6765,->,12acfc45-bdfb-4343-9004-9be15dfd844c,java/lang/StringBuilder.java,append
12acfc45-bdfb-4343-9004-9be15dfd844c,aef98915-d9bd-4ef8-82f6-281ec4d69cc6,daac46e5-601c-49b4-9398-e147d9fb6765,->,12acfc45-bdfb-4343-9004-9be15dfd844c,java/lang/StringBuilder.java,append
12acfc45-bdfb-4343-9004-9be15dfd844c,aef98915-d9bd-4ef8-82f6-281ec4d69cc6,daac46e5-601c-49b4-9398-e147d9fb6765,->,12acfc45-bdfb-4343-9004-9be15dfd844c,java/lang/StringBuilder.java,toString
12acfc45-bdfb-4343-9004-9be15dfd844c,aef98915-d9bd-4ef8-82f6-281ec4d69cc6,daac46e5-601c-49b4-9398-e147d9fb6765,->,12acfc45-bdfb-4343-9004-9be15dfd844c,aef98915-d9bd-4ef8-82f6-281ec4d69cc6,0cf0d29d-b160-429c-b796-5681868a0d4b
12acfc45-bdfb-4343-9004-9be15dfd844c,aef98915-d9bd-4ef8-82f6-281ec4d69cc6,daac46e5-601c-49b4-9398-e147d9fb6765,->,12acfc45-bdfb-4343-9004-9be15dfd844c,java/lang/StringBuilder.java,append
12acfc45-bdfb-4343-9004-9be15dfd844c,aef98915-d9bd-4ef8-82f6-281ec4d69cc6,daac46e5-601c-49b4-9398-e147d9fb6765,->,12acfc45-bdfb-4343-9004-9be15dfd844c,java/lang/StringBuilder.java,append
12acfc45-bdfb-4343-9004-9be15dfd844c,aef98915-d9bd-4ef8-82f6-281ec4d69cc6,daac46e5-601c-49b4-9398-e147d9fb6765,->,12acfc45-bdfb-4343-9004-9be15dfd844c,java/lang/StringBuilder.java,toString
12acfc45-bdfb-4343-9004-9be15dfd844c,aef98915-d9bd-4ef8-82f6-281ec4d69cc6,daac46e5-601c-49b4-9398-e147d9fb6765,->,12acfc45-bdfb-4343-9004-9be15dfd844c,aef98915-d9bd-4ef8-82f6-281ec4d69cc6,0cf0d29d-b160-429c-b796-5681868a0d4b
12acfc45-bdfb-4343-9004-9be15dfd844c,aef98915-d9bd-4ef8-82f6-281ec4d69cc6,daac46e5-601c-49b4-9398-e147d9fb6765,->,12acfc45-bdfb-4343-9004-9be15dfd844c,java/lang/StringBuilder.java,append
12acfc45-bdfb-4343-9004-9be15dfd844c,aef98915-d9bd-4ef8-82f6-281ec4d69cc6,daac46e5-601c-49b4-9398-e147d9fb6765,->,12acfc45-bdfb-4343-9004-9be15dfd844c,java/lang/StringBuilder.java,append
12acfc45-bdfb-4343-9004-9be15dfd844c,aef98915-d9bd-4ef8-82f6-281ec4d69cc6,daac46e5-601c-49b4-9398-e147d9fb6765,->,12acfc45-bdfb-4343-9004-9be15dfd844c,java/lang/StringBuilder.java,toString
12acfc45-bdfb-4343-9004-9be15dfd844c,aef98915-d9bd-4ef8-82f6-281ec4d69cc6,daac46e5-601c-49b4-9398-e147d9fb6765,->,12acfc45-bdfb-4343-9004-9be15dfd844c,aef98915-d9bd-4ef8-82f6-281ec4d69cc6,0cf0d29d-b160-429c-b796-5681868a0d4b
12acfc45-bdfb-4343-9004-9be15dfd844c,aef98915-d9bd-4ef8-82f6-281ec4d69cc6,daac46e5-601c-49b4-9398-e147d9fb6765,->,12acfc45-bdfb-4343-9004-9be15dfd844c,java/lang/StringBuilder.java,append
12acfc45-bdfb-4343-9004-9be15dfd844c,aef98915-d9bd-4ef8-82f6-281ec4d69cc6,daac46e5-601c-49b4-9398-e147d9fb6765,->,12acfc45-bdfb-4343-9004-9be15dfd844c,java/lang/StringBuilder.java,append
12acfc45-bdfb-4343-9004-9be15dfd844c,aef98915-d9bd-4ef8-82f6-281ec4d69cc6,daac46e5-601c-49b4-9398-e147d9fb6765,->,12acfc45-bdfb-4343-9004-9be15dfd844c,java/lang/StringBuilder.java,toString
12acfc45-bdfb-4343-9004-9be15dfd844c,aef98915-d9bd-4ef8-82f6-281ec4d69cc6,daac46e5-601c-49b4-9398-e147d9fb6765,->,12acfc45-bdfb-4343-9004-9be15dfd844c,aef98915-d9bd-4ef8-82f6-281ec4d69cc6,0cf0d29d-b160-429c-b796-5681868a0d4b
12acfc45-bdfb-4343-9004-9be15dfd844c,aef98915-d9bd-4ef8-82f6-281ec4d69cc6,daac46e5-601c-49b4-9398-e147d9fb6765,->,12acfc45-bdfb-4343-9004-9be15dfd844c,java/lang/StringBuilder.java,append
12acfc45-bdfb-4343-9004-9be15dfd844c,aef98915-d9bd-4ef8-82f6-281ec4d69cc6,daac46e5-601c-49b4-9398-e147d9fb6765,->,12acfc45-bdfb-4343-9004-9be15dfd844c,java/lang/StringBuilder.java,append
12acfc45-bdfb-4343-9004-9be15dfd844c,aef98915-d9bd-4ef8-82f6-281ec4d69cc6,daac46e5-601c-49b4-9398-e147d9fb6765,->,12acfc45-bdfb-4343-9004-9be15dfd844c,java/lang/StringBuilder.java,toString
12acfc45-bdfb-4343-9004-9be15dfd844c,aef98915-d9bd-4ef8-82f6-281ec4d69cc6,daac46e5-601c-49b4-9398-e147d9fb6765,->,12acfc45-bdfb-4343-9004-9be15dfd844c,aef98915-d9bd-4ef8-82f6-281ec4d69cc6,0cf0d29d-b160-429c-b796-5681868a0d4b
12acfc45-bdfb-4343-9004-9be15dfd844c,aef98915-d9bd-4ef8-82f6-281ec4d69cc6,daac46e5-601c-49b4-9398-e147d9fb6765,->,12acfc45-bdfb-4343-9004-9be15dfd844c,java/lang/StringBuilder.java,append
12acfc45-bdfb-4343-9004-9be15dfd844c,aef98915-d9bd-4ef8-82f6-281ec4d69cc6,daac46e5-601c-49b4-9398-e147d9fb6765,->,12acfc45-bdfb-4343-9004-9be15dfd844c,java/lang/StringBuilder.java,append
12acfc45-bdfb-4343-9004-9be15dfd844c,aef98915-d9bd-4ef8-82f6-281ec4d69cc6,daac46e5-601c-49b4-9398-e147d9fb6765,->,12acfc45-bdfb-4343-9004-9be15dfd844c,java/lang/StringBuilder.java,toString
12acfc45-bdfb-4343-9004-9be15dfd844c,aef98915-d9bd-4ef8-82f6-281ec4d69cc6,daac46e5-601c-49b4-9398-e147d9fb6765,->,12acfc45-bdfb-4343-9004-9be15dfd844c,aef98915-d9bd-4ef8-82f6-281ec4d69cc6,0cf0d29d-b160-429c-b796-5681868a0d4b
12acfc45-bdfb-4343-9004-9be15dfd844c,aef98915-d9bd-4ef8-82f6-281ec4d69cc6,daac46e5-601c-49b4-9398-e147d9fb6765,->,12acfc45-bdfb-4343-9004-9be15dfd844c,java/lang/StringBuilder.java,append
12acfc45-bdfb-4343-9004-9be15dfd844c,aef98915-d9bd-4ef8-82f6-281ec4d69cc6,daac46e5-601c-49b4-9398-e147d9fb6765,->,12acfc45-bdfb-4343-9004-9be15dfd844c,java/lang/StringBuilder.java,append
12acfc45-bdfb-4343-9004-9be15dfd844c,aef98915-d9bd-4ef8-82f6-281ec4d69cc6,daac46e5-601c-49b4-9398-e147d9fb6765,->,12acfc45-bdfb-4343-9004-9be15dfd844c,java/lang/StringBuilder.java,toString
12acfc45-bdfb-4343-9004-9be15dfd844c,aef98915-d9bd-4ef8-82f6-281ec4d69cc6,daac46e5-601c-49b4-9398-e147d9fb6765,->,12acfc45-bdfb-4343-9004-9be15dfd844c,aef98915-d9bd-4ef8-82f6-281ec4d69cc6,0cf0d29d-b160-429c-b796-5681868a0d4b
12acfc45-bdfb-4343-9004-9be15dfd844c,aef98915-d9bd-4ef8-82f6-281ec4d69cc6,daac46e5-601c-49b4-9398-e147d9fb6765,->,12acfc45-bdfb-4343-9004-9be15dfd844c,aef98915-d9bd-4ef8-82f6-281ec4d69cc6,0fb8c0b3-d526-4e5a-b200-7aabf6303623
12acfc45-bdfb-4343-9004-9be15dfd844c,aef98915-d9bd-4ef8-82f6-281ec4d69cc6,daac46e5-601c-49b4-9398-e147d9fb6765,->,12acfc45-bdfb-4343-9004-9be15dfd844c,aef98915-d9bd-4ef8-82f6-281ec4d69cc6,3992bd2f-77ae-44fd-9dcd-0b271853822c
12acfc45-bdfb-4343-9004-9be15dfd844c,aef98915-d9bd-4ef8-82f6-281ec4d69cc6,daac46e5-601c-49b4-9398-e147d9fb6765,->,12acfc45-bdfb-4343-9004-9be15dfd844c,java/lang/StringBuilder.java,append
12acfc45-bdfb-4343-9004-9be15dfd844c,aef98915-d9bd-4ef8-82f6-281ec4d69cc6,daac46e5-601c-49b4-9398-e147d9fb6765,->,12acfc45-bdfb-4343-9004-9be15dfd844c,java/lang/StringBuilder.java,append
12acfc45-bdfb-4343-9004-9be15dfd844c,aef98915-d9bd-4ef8-82f6-281ec4d69cc6,daac46e5-601c-49b4-9398-e147d9fb6765,->,12acfc45-bdfb-4343-9004-9be15dfd844c,java/lang/StringBuilder.java,toString
12acfc45-bdfb-4343-9004-9be15dfd844c,aef98915-d9bd-4ef8-82f6-281ec4d69cc6,daac46e5-601c-49b4-9398-e147d9fb6765,->,12acfc45-bdfb-4343-9004-9be15dfd844c,aef98915-d9bd-4ef8-82f6-281ec4d69cc6,0cf0d29d-b160-429c-b796-5681868a0d4b
12acfc45-bdfb-4343-9004-9be15dfd844c,aef98915-d9bd-4ef8-82f6-281ec4d69cc6,daac46e5-601c-49b4-9398-e147d9fb6765,->,12acfc45-bdfb-4343-9004-9be15dfd844c,java/lang/StringBuilder.java,append
12acfc45-bdfb-4343-9004-9be15dfd844c,aef98915-d9bd-4ef8-82f6-281ec4d69cc6,daac46e5-601c-49b4-9398-e147d9fb6765,->,12acfc45-bdfb-4343-9004-9be15dfd844c,java/lang/StringBuilder.java,append
12acfc45-bdfb-4343-9004-9be15dfd844c,aef98915-d9bd-4ef8-82f6-281ec4d69cc6,daac46e5-601c-49b4-9398-e147d9fb6765,->,12acfc45-bdfb-4343-9004-9be15dfd844c,java/lang/StringBuilder.java,toString
12acfc45-bdfb-4343-9004-9be15dfd844c,aef98915-d9bd-4ef8-82f6-281ec4d69cc6,daac46e5-601c-49b4-9398-e147d9fb6765,->,12acfc45-bdfb-4343-9004-9be15dfd844c,aef98915-d9bd-4ef8-82f6-281ec4d69cc6,0cf0d29d-b160-429c-b796-5681868a0d4b
12acfc45-bdfb-4343-9004-9be15dfd844c,aef98915-d9bd-4ef8-82f6-281ec4d69cc6,daac46e5-601c-49b4-9398-e147d9fb6765,->,12acfc45-bdfb-4343-9004-9be15dfd844c,java/lang/StringBuilder.java,append
12acfc45-bdfb-4343-9004-9be15dfd844c,aef98915-d9bd-4ef8-82f6-281ec4d69cc6,daac46e5-601c-49b4-9398-e147d9fb6765,->,12acfc45-bdfb-4343-9004-9be15dfd844c,java/lang/StringBuilder.java,append
12acfc45-bdfb-4343-9004-9be15dfd844c,aef98915-d9bd-4ef8-82f6-281ec4d69cc6,daac46e5-601c-49b4-9398-e147d9fb6765,->,12acfc45-bdfb-4343-9004-9be15dfd844c,java/lang/StringBuilder.java,toString
12acfc45-bdfb-4343-9004-9be15dfd844c,aef98915-d9bd-4ef8-82f6-281ec4d69cc6,daac46e5-601c-49b4-9398-e147d9fb6765,->,12acfc45-bdfb-4343-9004-9be15dfd844c,aef98915-d9bd-4ef8-82f6-281ec4d69cc6,0cf0d29d-b160-429c-b796-5681868a0d4b
12acfc45-bdfb-4343-9004-9be15dfd844c,aef98915-d9bd-4ef8-82f6-281ec4d69cc6,daac46e5-601c-49b4-9398-e147d9fb6765,->,12acfc45-bdfb-4343-9004-9be15dfd844c,java/lang/StringBuilder.java,append
12acfc45-bdfb-4343-9004-9be15dfd844c,aef98915-d9bd-4ef8-82f6-281ec4d69cc6,daac46e5-601c-49b4-9398-e147d9fb6765,->,12acfc45-bdfb-4343-9004-9be15dfd844c,java/lang/StringBuilder.java,append
12acfc45-bdfb-4343-9004-9be15dfd844c,aef98915-d9bd-4ef8-82f6-281ec4d69cc6,daac46e5-601c-49b4-9398-e147d9fb6765,->,12acfc45-bdfb-4343-9004-9be15dfd844c,java/lang/StringBuilder.java,toString
12acfc45-bdfb-4343-9004-9be15dfd844c,aef98915-d9bd-4ef8-82f6-281ec4d69cc6,daac46e5-601c-49b4-9398-e147d9fb6765,->,12acfc45-bdfb-4343-9004-9be15dfd844c,aef98915-d9bd-4ef8-82f6-281ec4d69cc6,0cf0d29d-b160-429c-b796-5681868a0d4b
12acfc45-bdfb-4343-9004-9be15dfd844c,aef98915-d9bd-4ef8-82f6-281ec4d69cc6,daac46e5-601c-49b4-9398-e147d9fb6765,->,12acfc45-bdfb-4343-9004-9be15dfd844c,java/lang/StringBuilder.java,append
12acfc45-bdfb-4343-9004-9be15dfd844c,aef98915-d9bd-4ef8-82f6-281ec4d69cc6,daac46e5-601c-49b4-9398-e147d9fb6765,->,12acfc45-bdfb-4343-9004-9be15dfd844c,java/lang/StringBuilder.java,append
12acfc45-bdfb-4343-9004-9be15dfd844c,aef98915-d9bd-4ef8-82f6-281ec4d69cc6,daac46e5-601c-49b4-9398-e147d9fb6765,->,12acfc45-bdfb-4343-9004-9be15dfd844c,java/lang/StringBuilder.java,toString
12acfc45-bdfb-4343-9004-9be15dfd844c,aef98915-d9bd-4ef8-82f6-281ec4d69cc6,daac46e5-601c-49b4-9398-e147d9fb6765,->,12acfc45-bdfb-4343-9004-9be15dfd844c,aef98915-d9bd-4ef8-82f6-281ec4d69cc6,0cf0d29d-b160-429c-b796-5681868a0d4b
12acfc45-bdfb-4343-9004-9be15dfd844c,aef98915-d9bd-4ef8-82f6-281ec4d69cc6,daac46e5-601c-49b4-9398-e147d9fb6765,->,12acfc45-bdfb-4343-9004-9be15dfd844c,java/lang/StringBuilder.java,append
12acfc45-bdfb-4343-9004-9be15dfd844c,aef98915-d9bd-4ef8-82f6-281ec4d69cc6,daac46e5-601c-49b4-9398-e147d9fb6765,->,12acfc45-bdfb-4343-9004-9be15dfd844c,java/lang/StringBuilder.java,append
12acfc45-bdfb-4343-9004-9be15dfd844c,aef98915-d9bd-4ef8-82f6-281ec4d69cc6,daac46e5-601c-49b4-9398-e147d9fb6765,->,12acfc45-bdfb-4343-9004-9be15dfd844c,java/lang/StringBuilder.java,toString
12acfc45-bdfb-4343-9004-9be15dfd844c,aef98915-d9bd-4ef8-82f6-281ec4d69cc6,daac46e5-601c-49b4-9398-e147d9fb6765,->,12acfc45-bdfb-4343-9004-9be15dfd844c,aef98915-d9bd-4ef8-82f6-281ec4d69cc6,0cf0d29d-b160-429c-b796-5681868a0d4b
12acfc45-bdfb-4343-9004-9be15dfd844c,aef98915-d9bd-4ef8-82f6-281ec4d69cc6,daac46e5-601c-49b4-9398-e147d9fb6765,->,12acfc45-bdfb-4343-9004-9be15dfd844c,java/lang/StringBuilder.java,append
12acfc45-bdfb-4343-9004-9be15dfd844c,aef98915-d9bd-4ef8-82f6-281ec4d69cc6,daac46e5-601c-49b4-9398-e147d9fb6765,->,12acfc45-bdfb-4343-9004-9be15dfd844c,java/lang/StringBuilder.java,append
12acfc45-bdfb-4343-9004-9be15dfd844c,aef98915-d9bd-4ef8-82f6-281ec4d69cc6,daac46e5-601c-49b4-9398-e147d9fb6765,->,12acfc45-bdfb-4343-9004-9be15dfd844c,java/lang/StringBuilder.java,toString
12acfc45-bdfb-4343-9004-9be15dfd844c,aef98915-d9bd-4ef8-82f6-281ec4d69cc6,daac46e5-601c-49b4-9398-e147d9fb6765,->,12acfc45-bdfb-4343-9004-9be15dfd844c,aef98915-d9bd-4ef8-82f6-281ec4d69cc6,0cf0d29d-b160-429c-b796-5681868a0d4b
12acfc45-bdfb-4343-9004-9be15dfd844c,aef98915-d9bd-4ef8-82f6-281ec4d69cc6,daac46e5-601c-49b4-9398-e147d9fb6765,->,12acfc45-bdfb-4343-9004-9be15dfd844c,java/lang/StringBuilder.java,append
12acfc45-bdfb-4343-9004-9be15dfd844c,aef98915-d9bd-4ef8-82f6-281ec4d69cc6,daac46e5-601c-49b4-9398-e147d9fb6765,->,12acfc45-bdfb-4343-9004-9be15dfd844c,java/lang/StringBuilder.java,append
12acfc45-bdfb-4343-9004-9be15dfd844c,aef98915-d9bd-4ef8-82f6-281ec4d69cc6,daac46e5-601c-49b4-9398-e147d9fb6765,->,12acfc45-bdfb-4343-9004-9be15dfd844c,java/lang/StringBuilder.java,toString
12acfc45-bdfb-4343-9004-9be15dfd844c,aef98915-d9bd-4ef8-82f6-281ec4d69cc6,daac46e5-601c-49b4-9398-e147d9fb6765,->,12acfc45-bdfb-4343-9004-9be15dfd844c,aef98915-d9bd-4ef8-82f6-281ec4d69cc6,0cf0d29d-b160-429c-b796-5681868a0d4b
12acfc45-bdfb-4343-9004-9be15dfd844c,aef98915-d9bd-4ef8-82f6-281ec4d69cc6,daac46e5-601c-49b4-9398-e147d9fb6765,->,12acfc45-bdfb-4343-9004-9be15dfd844c,java/lang/StringBuilder.java,append
12acfc45-bdfb-4343-9004-9be15dfd844c,aef98915-d9bd-4ef8-82f6-281ec4d69cc6,daac46e5-601c-49b4-9398-e147d9fb6765,->,12acfc45-bdfb-4343-9004-9be15dfd844c,java/lang/StringBuilder.java,append
12acfc45-bdfb-4343-9004-9be15dfd844c,aef98915-d9bd-4ef8-82f6-281ec4d69cc6,daac46e5-601c-49b4-9398-e147d9fb6765,->,12acfc45-bdfb-4343-9004-9be15dfd844c,java/lang/StringBuilder.java,toString
12acfc45-bdfb-4343-9004-9be15dfd844c,aef98915-d9bd-4ef8-82f6-281ec4d69cc6,daac46e5-601c-49b4-9398-e147d9fb6765,->,12acfc45-bdfb-4343-9004-9be15dfd844c,aef98915-d9bd-4ef8-82f6-281ec4d69cc6,0cf0d29d-b160-429c-b796-5681868a0d4b
12acfc45-bdfb-4343-9004-9be15dfd844c,aef98915-d9bd-4ef8-82f6-281ec4d69cc6,daac46e5-601c-49b4-9398-e147d9fb6765,->,12acfc45-bdfb-4343-9004-9be15dfd844c,aef98915-d9bd-4ef8-82f6-281ec4d69cc6,0fb8c0b3-d526-4e5a-b200-7aabf6303623
12acfc45-bdfb-4343-9004-9be15dfd844c,aef98915-d9bd-4ef8-82f6-281ec4d69cc6,daac46e5-601c-49b4-9398-e147d9fb6765,->,12acfc45-bdfb-4343-9004-9be15dfd844c,aef98915-d9bd-4ef8-82f6-281ec4d69cc6,3992bd2f-77ae-44fd-9dcd-0b271853822c
12acfc45-bdfb-4343-9004-9be15dfd844c,aef98915-d9bd-4ef8-82f6-281ec4d69cc6,daac46e5-601c-49b4-9398-e147d9fb6765,->,12acfc45-bdfb-4343-9004-9be15dfd844c,java/lang/StringBuilder.java,append
12acfc45-bdfb-4343-9004-9be15dfd844c,aef98915-d9bd-4ef8-82f6-281ec4d69cc6,daac46e5-601c-49b4-9398-e147d9fb6765,->,12acfc45-bdfb-4343-9004-9be15dfd844c,java/lang/StringBuilder.java,append
12acfc45-bdfb-4343-9004-9be15dfd844c,aef98915-d9bd-4ef8-82f6-281ec4d69cc6,daac46e5-601c-49b4-9398-e147d9fb6765,->,12acfc45-bdfb-4343-9004-9be15dfd844c,java/lang/StringBuilder.java,toString
12acfc45-bdfb-4343-9004-9be15dfd844c,aef98915-d9bd-4ef8-82f6-281ec4d69cc6,daac46e5-601c-49b4-9398-e147d9fb6765,->,12acfc45-bdfb-4343-9004-9be15dfd844c,aef98915-d9bd-4ef8-82f6-281ec4d69cc6,0cf0d29d-b160-429c-b796-5681868a0d4b
12acfc45-bdfb-4343-9004-9be15dfd844c,aef98915-d9bd-4ef8-82f6-281ec4d69cc6,daac46e5-601c-49b4-9398-e147d9fb6765,->,12acfc45-bdfb-4343-9004-9be15dfd844c,java/lang/StringBuilder.java,append
12acfc45-bdfb-4343-9004-9be15dfd844c,aef98915-d9bd-4ef8-82f6-281ec4d69cc6,daac46e5-601c-49b4-9398-e147d9fb6765,->,12acfc45-bdfb-4343-9004-9be15dfd844c,java/lang/StringBuilder.java,append
12acfc45-bdfb-4343-9004-9be15dfd844c,aef98915-d9bd-4ef8-82f6-281ec4d69cc6,daac46e5-601c-49b4-9398-e147d9fb6765,->,12acfc45-bdfb-4343-9004-9be15dfd844c,java/lang/StringBuilder.java,toString
12acfc45-bdfb-4343-9004-9be15dfd844c,aef98915-d9bd-4ef8-82f6-281ec4d69cc6,daac46e5-601c-49b4-9398-e147d9fb6765,->,12acfc45-bdfb-4343-9004-9be15dfd844c,aef98915-d9bd-4ef8-82f6-281ec4d69cc6,0cf0d29d-b160-429c-b796-5681868a0d4b
12acfc45-bdfb-4343-9004-9be15dfd844c,aef98915-d9bd-4ef8-82f6-281ec4d69cc6,daac46e5-601c-49b4-9398-e147d9fb6765,->,12acfc45-bdfb-4343-9004-9be15dfd844c,java/lang/StringBuilder.java,append
12acfc45-bdfb-4343-9004-9be15dfd844c,aef98915-d9bd-4ef8-82f6-281ec4d69cc6,daac46e5-601c-49b4-9398-e147d9fb6765,->,12acfc45-bdfb-4343-9004-9be15dfd844c,java/lang/StringBuilder.java,append
12acfc45-bdfb-4343-9004-9be15dfd844c,aef98915-d9bd-4ef8-82f6-281ec4d69cc6,daac46e5-601c-49b4-9398-e147d9fb6765,->,12acfc45-bdfb-4343-9004-9be15dfd844c,java/lang/StringBuilder.java,toString
12acfc45-bdfb-4343-9004-9be15dfd844c,aef98915-d9bd-4ef8-82f6-281ec4d69cc6,daac46e5-601c-49b4-9398-e147d9fb6765,->,12acfc45-bdfb-4343-9004-9be15dfd844c,aef98915-d9bd-4ef8-82f6-281ec4d69cc6,0cf0d29d-b160-429c-b796-5681868a0d4b
12acfc45-bdfb-4343-9004-9be15dfd844c,aef98915-d9bd-4ef8-82f6-281ec4d69cc6,daac46e5-601c-49b4-9398-e147d9fb6765,->,12acfc45-bdfb-4343-9004-9be15dfd844c,java/lang/StringBuilder.java,append
12acfc45-bdfb-4343-9004-9be15dfd844c,aef98915-d9bd-4ef8-82f6-281ec4d69cc6,daac46e5-601c-49b4-9398-e147d9fb6765,->,12acfc45-bdfb-4343-9004-9be15dfd844c,java/lang/StringBuilder.java,append
12acfc45-bdfb-4343-9004-9be15dfd844c,aef98915-d9bd-4ef8-82f6-281ec4d69cc6,daac46e5-601c-49b4-9398-e147d9fb6765,->,12acfc45-bdfb-4343-9004-9be15dfd844c,java/lang/StringBuilder.java,toString
12acfc45-bdfb-4343-9004-9be15dfd844c,aef98915-d9bd-4ef8-82f6-281ec4d69cc6,daac46e5-601c-49b4-9398-e147d9fb6765,->,12acfc45-bdfb-4343-9004-9be15dfd844c,aef98915-d9bd-4ef8-82f6-281ec4d69cc6,0cf0d29d-b160-429c-b796-5681868a0d4b
12acfc45-bdfb-4343-9004-9be15dfd844c,aef98915-d9bd-4ef8-82f6-281ec4d69cc6,daac46e5-601c-49b4-9398-e147d9fb6765,->,12acfc45-bdfb-4343-9004-9be15dfd844c,java/lang/StringBuilder.java,append
12acfc45-bdfb-4343-9004-9be15dfd844c,aef98915-d9bd-4ef8-82f6-281ec4d69cc6,daac46e5-601c-49b4-9398-e147d9fb6765,->,12acfc45-bdfb-4343-9004-9be15dfd844c,java/lang/StringBuilder.java,append
12acfc45-bdfb-4343-9004-9be15dfd844c,aef98915-d9bd-4ef8-82f6-281ec4d69cc6,daac46e5-601c-49b4-9398-e147d9fb6765,->,12acfc45-bdfb-4343-9004-9be15dfd844c,java/lang/StringBuilder.java,toString
12acfc45-bdfb-4343-9004-9be15dfd844c,aef98915-d9bd-4ef8-82f6-281ec4d69cc6,daac46e5-601c-49b4-9398-e147d9fb6765,->,12acfc45-bdfb-4343-9004-9be15dfd844c,aef98915-d9bd-4ef8-82f6-281ec4d69cc6,0cf0d29d-b160-429c-b796-5681868a0d4b
12acfc45-bdfb-4343-9004-9be15dfd844c,aef98915-d9bd-4ef8-82f6-281ec4d69cc6,daac46e5-601c-49b4-9398-e147d9fb6765,->,12acfc45-bdfb-4343-9004-9be15dfd844c,java/lang/StringBuilder.java,append
12acfc45-bdfb-4343-9004-9be15dfd844c,aef98915-d9bd-4ef8-82f6-281ec4d69cc6,daac46e5-601c-49b4-9398-e147d9fb6765,->,12acfc45-bdfb-4343-9004-9be15dfd844c,java/lang/StringBuilder.java,append
12acfc45-bdfb-4343-9004-9be15dfd844c,aef98915-d9bd-4ef8-82f6-281ec4d69cc6,daac46e5-601c-49b4-9398-e147d9fb6765,->,12acfc45-bdfb-4343-9004-9be15dfd844c,java/lang/StringBuilder.java,toString
12acfc45-bdfb-4343-9004-9be15dfd844c,aef98915-d9bd-4ef8-82f6-281ec4d69cc6,daac46e5-601c-49b4-9398-e147d9fb6765,->,12acfc45-bdfb-4343-9004-9be15dfd844c,aef98915-d9bd-4ef8-82f6-281ec4d69cc6,0cf0d29d-b160-429c-b796-5681868a0d4b
12acfc45-bdfb-4343-9004-9be15dfd844c,aef98915-d9bd-4ef8-82f6-281ec4d69cc6,daac46e5-601c-49b4-9398-e147d9fb6765,->,12acfc45-bdfb-4343-9004-9be15dfd844c,java/lang/StringBuilder.java,append
12acfc45-bdfb-4343-9004-9be15dfd844c,aef98915-d9bd-4ef8-82f6-281ec4d69cc6,daac46e5-601c-49b4-9398-e147d9fb6765,->,12acfc45-bdfb-4343-9004-9be15dfd844c,java/lang/StringBuilder.java,append
12acfc45-bdfb-4343-9004-9be15dfd844c,aef98915-d9bd-4ef8-82f6-281ec4d69cc6,daac46e5-601c-49b4-9398-e147d9fb6765,->,12acfc45-bdfb-4343-9004-9be15dfd844c,java/lang/StringBuilder.java,toString
12acfc45-bdfb-4343-9004-9be15dfd844c,aef98915-d9bd-4ef8-82f6-281ec4d69cc6,daac46e5-601c-49b4-9398-e147d9fb6765,->,12acfc45-bdfb-4343-9004-9be15dfd844c,aef98915-d9bd-4ef8-82f6-281ec4d69cc6,0cf0d29d-b160-429c-b796-5681868a0d4b
12acfc45-bdfb-4343-9004-9be15dfd844c,aef98915-d9bd-4ef8-82f6-281ec4d69cc6,daac46e5-601c-49b4-9398-e147d9fb6765,->,12acfc45-bdfb-4343-9004-9be15dfd844c,java/lang/StringBuilder.java,append
12acfc45-bdfb-4343-9004-9be15dfd844c,aef98915-d9bd-4ef8-82f6-281ec4d69cc6,daac46e5-601c-49b4-9398-e147d9fb6765,->,12acfc45-bdfb-4343-9004-9be15dfd844c,java/lang/StringBuilder.java,append
12acfc45-bdfb-4343-9004-9be15dfd844c,aef98915-d9bd-4ef8-82f6-281ec4d69cc6,daac46e5-601c-49b4-9398-e147d9fb6765,->,12acfc45-bdfb-4343-9004-9be15dfd844c,java/lang/StringBuilder.java,toString
12acfc45-bdfb-4343-9004-9be15dfd844c,aef98915-d9bd-4ef8-82f6-281ec4d69cc6,daac46e5-601c-49b4-9398-e147d9fb6765,->,12acfc45-bdfb-4343-9004-9be15dfd844c,aef98915-d9bd-4ef8-82f6-281ec4d69cc6,0cf0d29d-b160-429c-b796-5681868a0d4b
12acfc45-bdfb-4343-9004-9be15dfd844c,aef98915-d9bd-4ef8-82f6-281ec4d69cc6,daac46e5-601c-49b4-9398-e147d9fb6765,->,12acfc45-bdfb-4343-9004-9be15dfd844c,java/lang/StringBuilder.java,append
12acfc45-bdfb-4343-9004-9be15dfd844c,aef98915-d9bd-4ef8-82f6-281ec4d69cc6,daac46e5-601c-49b4-9398-e147d9fb6765,->,12acfc45-bdfb-4343-9004-9be15dfd844c,java/lang/StringBuilder.java,append
12acfc45-bdfb-4343-9004-9be15dfd844c,aef98915-d9bd-4ef8-82f6-281ec4d69cc6,daac46e5-601c-49b4-9398-e147d9fb6765,->,12acfc45-bdfb-4343-9004-9be15dfd844c,java/lang/StringBuilder.java,toString
12acfc45-bdfb-4343-9004-9be15dfd844c,aef98915-d9bd-4ef8-82f6-281ec4d69cc6,daac46e5-601c-49b4-9398-e147d9fb6765,->,12acfc45-bdfb-4343-9004-9be15dfd844c,aef98915-d9bd-4ef8-82f6-281ec4d69cc6,0cf0d29d-b160-429c-b796-5681868a0d4b
12acfc45-bdfb-4343-9004-9be15dfd844c,aef98915-d9bd-4ef8-82f6-281ec4d69cc6,daac46e5-601c-49b4-9398-e147d9fb6765,->,12acfc45-bdfb-4343-9004-9be15dfd844c,aef98915-d9bd-4ef8-82f6-281ec4d69cc6,0fb8c0b3-d526-4e5a-b200-7aabf6303623
12acfc45-bdfb-4343-9004-9be15dfd844c,aef98915-d9bd-4ef8-82f6-281ec4d69cc6,daac46e5-601c-49b4-9398-e147d9fb6765,->,12acfc45-bdfb-4343-9004-9be15dfd844c,aef98915-d9bd-4ef8-82f6-281ec4d69cc6,3992bd2f-77ae-44fd-9dcd-0b271853822c
12acfc45-bdfb-4343-9004-9be15dfd844c,aef98915-d9bd-4ef8-82f6-281ec4d69cc6,daac46e5-601c-49b4-9398-e147d9fb6765,->,12acfc45-bdfb-4343-9004-9be15dfd844c,java/lang/StringBuilder.java,append
12acfc45-bdfb-4343-9004-9be15dfd844c,aef98915-d9bd-4ef8-82f6-281ec4d69cc6,daac46e5-601c-49b4-9398-e147d9fb6765,->,12acfc45-bdfb-4343-9004-9be15dfd844c,java/lang/StringBuilder.java,append
12acfc45-bdfb-4343-9004-9be15dfd844c,aef98915-d9bd-4ef8-82f6-281ec4d69cc6,daac46e5-601c-49b4-9398-e147d9fb6765,->,12acfc45-bdfb-4343-9004-9be15dfd844c,java/lang/StringBuilder.java,toString
12acfc45-bdfb-4343-9004-9be15dfd844c,aef98915-d9bd-4ef8-82f6-281ec4d69cc6,daac46e5-601c-49b4-9398-e147d9fb6765,->,12acfc45-bdfb-4343-9004-9be15dfd844c,aef98915-d9bd-4ef8-82f6-281ec4d69cc6,0cf0d29d-b160-429c-b796-5681868a0d4b
12acfc45-bdfb-4343-9004-9be15dfd844c,aef98915-d9bd-4ef8-82f6-281ec4d69cc6,daac46e5-601c-49b4-9398-e147d9fb6765,->,12acfc45-bdfb-4343-9004-9be15dfd844c,java/lang/StringBuilder.java,append
12acfc45-bdfb-4343-9004-9be15dfd844c,aef98915-d9bd-4ef8-82f6-281ec4d69cc6,daac46e5-601c-49b4-9398-e147d9fb6765,->,12acfc45-bdfb-4343-9004-9be15dfd844c,java/lang/StringBuilder.java,append
12acfc45-bdfb-4343-9004-9be15dfd844c,aef98915-d9bd-4ef8-82f6-281ec4d69cc6,daac46e5-601c-49b4-9398-e147d9fb6765,->,12acfc45-bdfb-4343-9004-9be15dfd844c,java/lang/StringBuilder.java,toString
12acfc45-bdfb-4343-9004-9be15dfd844c,aef98915-d9bd-4ef8-82f6-281ec4d69cc6,daac46e5-601c-49b4-9398-e147d9fb6765,->,12acfc45-bdfb-4343-9004-9be15dfd844c,aef98915-d9bd-4ef8-82f6-281ec4d69cc6,0cf0d29d-b160-429c-b796-5681868a0d4b
12acfc45-bdfb-4343-9004-9be15dfd844c,aef98915-d9bd-4ef8-82f6-281ec4d69cc6,daac46e5-601c-49b4-9398-e147d9fb6765,->,12acfc45-bdfb-4343-9004-9be15dfd844c,java/lang/StringBuilder.java,append
12acfc45-bdfb-4343-9004-9be15dfd844c,aef98915-d9bd-4ef8-82f6-281ec4d69cc6,daac46e5-601c-49b4-9398-e147d9fb6765,->,12acfc45-bdfb-4343-9004-9be15dfd844c,java/lang/StringBuilder.java,append
12acfc45-bdfb-4343-9004-9be15dfd844c,aef98915-d9bd-4ef8-82f6-281ec4d69cc6,daac46e5-601c-49b4-9398-e147d9fb6765,->,12acfc45-bdfb-4343-9004-9be15dfd844c,java/lang/StringBuilder.java,toString
12acfc45-bdfb-4343-9004-9be15dfd844c,aef98915-d9bd-4ef8-82f6-281ec4d69cc6,daac46e5-601c-49b4-9398-e147d9fb6765,->,12acfc45-bdfb-4343-9004-9be15dfd844c,aef98915-d9bd-4ef8-82f6-281ec4d69cc6,0cf0d29d-b160-429c-b796-5681868a0d4b
12acfc45-bdfb-4343-9004-9be15dfd844c,aef98915-d9bd-4ef8-82f6-281ec4d69cc6,daac46e5-601c-49b4-9398-e147d9fb6765,->,12acfc45-bdfb-4343-9004-9be15dfd844c,java/lang/StringBuilder.java,append
12acfc45-bdfb-4343-9004-9be15dfd844c,aef98915-d9bd-4ef8-82f6-281ec4d69cc6,daac46e5-601c-49b4-9398-e147d9fb6765,->,12acfc45-bdfb-4343-9004-9be15dfd844c,java/lang/StringBuilder.java,append
12acfc45-bdfb-4343-9004-9be15dfd844c,aef98915-d9bd-4ef8-82f6-281ec4d69cc6,daac46e5-601c-49b4-9398-e147d9fb6765,->,12acfc45-bdfb-4343-9004-9be15dfd844c,java/lang/StringBuilder.java,toString
12acfc45-bdfb-4343-9004-9be15dfd844c,aef98915-d9bd-4ef8-82f6-281ec4d69cc6,daac46e5-601c-49b4-9398-e147d9fb6765,->,12acfc45-bdfb-4343-9004-9be15dfd844c,aef98915-d9bd-4ef8-82f6-281ec4d69cc6,0cf0d29d-b160-429c-b796-5681868a0d4b
12acfc45-bdfb-4343-9004-9be15dfd844c,aef98915-d9bd-4ef8-82f6-281ec4d69cc6,daac46e5-601c-49b4-9398-e147d9fb6765,->,12acfc45-bdfb-4343-9004-9be15dfd844c,java/lang/StringBuilder.java,append
12acfc45-bdfb-4343-9004-9be15dfd844c,aef98915-d9bd-4ef8-82f6-281ec4d69cc6,daac46e5-601c-49b4-9398-e147d9fb6765,->,12acfc45-bdfb-4343-9004-9be15dfd844c,java/lang/StringBuilder.java,append
12acfc45-bdfb-4343-9004-9be15dfd844c,aef98915-d9bd-4ef8-82f6-281ec4d69cc6,daac46e5-601c-49b4-9398-e147d9fb6765,->,12acfc45-bdfb-4343-9004-9be15dfd844c,java/lang/StringBuilder.java,toString
12acfc45-bdfb-4343-9004-9be15dfd844c,aef98915-d9bd-4ef8-82f6-281ec4d69cc6,daac46e5-601c-49b4-9398-e147d9fb6765,->,12acfc45-bdfb-4343-9004-9be15dfd844c,aef98915-d9bd-4ef8-82f6-281ec4d69cc6,0cf0d29d-b160-429c-b796-5681868a0d4b
12acfc45-bdfb-4343-9004-9be15dfd844c,aef98915-d9bd-4ef8-82f6-281ec4d69cc6,daac46e5-601c-49b4-9398-e147d9fb6765,->,12acfc45-bdfb-4343-9004-9be15dfd844c,java/lang/StringBuilder.java,append
12acfc45-bdfb-4343-9004-9be15dfd844c,aef98915-d9bd-4ef8-82f6-281ec4d69cc6,daac46e5-601c-49b4-9398-e147d9fb6765,->,12acfc45-bdfb-4343-9004-9be15dfd844c,java/lang/StringBuilder.java,append
12acfc45-bdfb-4343-9004-9be15dfd844c,aef98915-d9bd-4ef8-82f6-281ec4d69cc6,daac46e5-601c-49b4-9398-e147d9fb6765,->,12acfc45-bdfb-4343-9004-9be15dfd844c,java/lang/StringBuilder.java,toString
12acfc45-bdfb-4343-9004-9be15dfd844c,aef98915-d9bd-4ef8-82f6-281ec4d69cc6,daac46e5-601c-49b4-9398-e147d9fb6765,->,12acfc45-bdfb-4343-9004-9be15dfd844c,aef98915-d9bd-4ef8-82f6-281ec4d69cc6,0cf0d29d-b160-429c-b796-5681868a0d4b
12acfc45-bdfb-4343-9004-9be15dfd844c,aef98915-d9bd-4ef8-82f6-281ec4d69cc6,daac46e5-601c-49b4-9398-e147d9fb6765,->,12acfc45-bdfb-4343-9004-9be15dfd844c,java/lang/StringBuilder.java,append
12acfc45-bdfb-4343-9004-9be15dfd844c,aef98915-d9bd-4ef8-82f6-281ec4d69cc6,daac46e5-601c-49b4-9398-e147d9fb6765,->,12acfc45-bdfb-4343-9004-9be15dfd844c,java/lang/StringBuilder.java,append
12acfc45-bdfb-4343-9004-9be15dfd844c,aef98915-d9bd-4ef8-82f6-281ec4d69cc6,daac46e5-601c-49b4-9398-e147d9fb6765,->,12acfc45-bdfb-4343-9004-9be15dfd844c,java/lang/StringBuilder.java,toString
12acfc45-bdfb-4343-9004-9be15dfd844c,aef98915-d9bd-4ef8-82f6-281ec4d69cc6,daac46e5-601c-49b4-9398-e147d9fb6765,->,12acfc45-bdfb-4343-9004-9be15dfd844c,aef98915-d9bd-4ef8-82f6-281ec4d69cc6,0cf0d29d-b160-429c-b796-5681868a0d4b
12acfc45-bdfb-4343-9004-9be15dfd844c,aef98915-d9bd-4ef8-82f6-281ec4d69cc6,daac46e5-601c-49b4-9398-e147d9fb6765,->,12acfc45-bdfb-4343-9004-9be15dfd844c,java/lang/StringBuilder.java,append
12acfc45-bdfb-4343-9004-9be15dfd844c,aef98915-d9bd-4ef8-82f6-281ec4d69cc6,daac46e5-601c-49b4-9398-e147d9fb6765,->,12acfc45-bdfb-4343-9004-9be15dfd844c,java/lang/StringBuilder.java,append
12acfc45-bdfb-4343-9004-9be15dfd844c,aef98915-d9bd-4ef8-82f6-281ec4d69cc6,daac46e5-601c-49b4-9398-e147d9fb6765,->,12acfc45-bdfb-4343-9004-9be15dfd844c,java/lang/StringBuilder.java,toString
12acfc45-bdfb-4343-9004-9be15dfd844c,aef98915-d9bd-4ef8-82f6-281ec4d69cc6,daac46e5-601c-49b4-9398-e147d9fb6765,->,12acfc45-bdfb-4343-9004-9be15dfd844c,aef98915-d9bd-4ef8-82f6-281ec4d69cc6,0cf0d29d-b160-429c-b796-5681868a0d4b
12acfc45-bdfb-4343-9004-9be15dfd844c,aef98915-d9bd-4ef8-82f6-281ec4d69cc6,daac46e5-601c-49b4-9398-e147d9fb6765,->,12acfc45-bdfb-4343-9004-9be15dfd844c,java/lang/StringBuilder.java,append
12acfc45-bdfb-4343-9004-9be15dfd844c,aef98915-d9bd-4ef8-82f6-281ec4d69cc6,daac46e5-601c-49b4-9398-e147d9fb6765,->,12acfc45-bdfb-4343-9004-9be15dfd844c,java/lang/StringBuilder.java,append
12acfc45-bdfb-4343-9004-9be15dfd844c,aef98915-d9bd-4ef8-82f6-281ec4d69cc6,daac46e5-601c-49b4-9398-e147d9fb6765,->,12acfc45-bdfb-4343-9004-9be15dfd844c,java/lang/StringBuilder.java,toString
12acfc45-bdfb-4343-9004-9be15dfd844c,aef98915-d9bd-4ef8-82f6-281ec4d69cc6,daac46e5-601c-49b4-9398-e147d9fb6765,->,12acfc45-bdfb-4343-9004-9be15dfd844c,aef98915-d9bd-4ef8-82f6-281ec4d69cc6,0cf0d29d-b160-429c-b796-5681868a0d4b
12acfc45-bdfb-4343-9004-9be15dfd844c,aef98915-d9bd-4ef8-82f6-281ec4d69cc6,daac46e5-601c-49b4-9398-e147d9fb6765,->,12acfc45-bdfb-4343-9004-9be15dfd844c,aef98915-d9bd-4ef8-82f6-281ec4d69cc6,0fb8c0b3-d526-4e5a-b200-7aabf6303623
12acfc45-bdfb-4343-9004-9be15dfd844c,aef98915-d9bd-4ef8-82f6-281ec4d69cc6,daac46e5-601c-49b4-9398-e147d9fb6765,->,12acfc45-bdfb-4343-9004-9be15dfd844c,aef98915-d9bd-4ef8-82f6-281ec4d69cc6,3992bd2f-77ae-44fd-9dcd-0b271853822c
12acfc45-bdfb-4343-9004-9be15dfd844c,aef98915-d9bd-4ef8-82f6-281ec4d69cc6,daac46e5-601c-49b4-9398-e147d9fb6765,->,12acfc45-bdfb-4343-9004-9be15dfd844c,java/lang/StringBuilder.java,append
12acfc45-bdfb-4343-9004-9be15dfd844c,aef98915-d9bd-4ef8-82f6-281ec4d69cc6,daac46e5-601c-49b4-9398-e147d9fb6765,->,12acfc45-bdfb-4343-9004-9be15dfd844c,java/lang/StringBuilder.java,append
12acfc45-bdfb-4343-9004-9be15dfd844c,aef98915-d9bd-4ef8-82f6-281ec4d69cc6,daac46e5-601c-49b4-9398-e147d9fb6765,->,12acfc45-bdfb-4343-9004-9be15dfd844c,java/lang/StringBuilder.java,toString
12acfc45-bdfb-4343-9004-9be15dfd844c,aef98915-d9bd-4ef8-82f6-281ec4d69cc6,daac46e5-601c-49b4-9398-e147d9fb6765,->,12acfc45-bdfb-4343-9004-9be15dfd844c,aef98915-d9bd-4ef8-82f6-281ec4d69cc6,0cf0d29d-b160-429c-b796-5681868a0d4b
12acfc45-bdfb-4343-9004-9be15dfd844c,aef98915-d9bd-4ef8-82f6-281ec4d69cc6,daac46e5-601c-49b4-9398-e147d9fb6765,->,12acfc45-bdfb-4343-9004-9be15dfd844c,java/lang/StringBuilder.java,append
12acfc45-bdfb-4343-9004-9be15dfd844c,aef98915-d9bd-4ef8-82f6-281ec4d69cc6,daac46e5-601c-49b4-9398-e147d9fb6765,->,12acfc45-bdfb-4343-9004-9be15dfd844c,java/lang/StringBuilder.java,append
12acfc45-bdfb-4343-9004-9be15dfd844c,aef98915-d9bd-4ef8-82f6-281ec4d69cc6,daac46e5-601c-49b4-9398-e147d9fb6765,->,12acfc45-bdfb-4343-9004-9be15dfd844c,java/lang/StringBuilder.java,toString
12acfc45-bdfb-4343-9004-9be15dfd844c,aef98915-d9bd-4ef8-82f6-281ec4d69cc6,daac46e5-601c-49b4-9398-e147d9fb6765,->,12acfc45-bdfb-4343-9004-9be15dfd844c,aef98915-d9bd-4ef8-82f6-281ec4d69cc6,0cf0d29d-b160-429c-b796-5681868a0d4b
12acfc45-bdfb-4343-9004-9be15dfd844c,aef98915-d9bd-4ef8-82f6-281ec4d69cc6,daac46e5-601c-49b4-9398-e147d9fb6765,->,12acfc45-bdfb-4343-9004-9be15dfd844c,java/lang/StringBuilder.java,append
12acfc45-bdfb-4343-9004-9be15dfd844c,aef98915-d9bd-4ef8-82f6-281ec4d69cc6,daac46e5-601c-49b4-9398-e147d9fb6765,->,12acfc45-bdfb-4343-9004-9be15dfd844c,java/lang/StringBuilder.java,append
12acfc45-bdfb-4343-9004-9be15dfd844c,aef98915-d9bd-4ef8-82f6-281ec4d69cc6,daac46e5-601c-49b4-9398-e147d9fb6765,->,12acfc45-bdfb-4343-9004-9be15dfd844c,java/lang/StringBuilder.java,toString
12acfc45-bdfb-4343-9004-9be15dfd844c,aef98915-d9bd-4ef8-82f6-281ec4d69cc6,daac46e5-601c-49b4-9398-e147d9fb6765,->,12acfc45-bdfb-4343-9004-9be15dfd844c,aef98915-d9bd-4ef8-82f6-281ec4d69cc6,0cf0d29d-b160-429c-b796-5681868a0d4b
12acfc45-bdfb-4343-9004-9be15dfd844c,aef98915-d9bd-4ef8-82f6-281ec4d69cc6,daac46e5-601c-49b4-9398-e147d9fb6765,->,12acfc45-bdfb-4343-9004-9be15dfd844c,java/lang/StringBuilder.java,append
12acfc45-bdfb-4343-9004-9be15dfd844c,aef98915-d9bd-4ef8-82f6-281ec4d69cc6,daac46e5-601c-49b4-9398-e147d9fb6765,->,12acfc45-bdfb-4343-9004-9be15dfd844c,java/lang/StringBuilder.java,append
12acfc45-bdfb-4343-9004-9be15dfd844c,aef98915-d9bd-4ef8-82f6-281ec4d69cc6,daac46e5-601c-49b4-9398-e147d9fb6765,->,12acfc45-bdfb-4343-9004-9be15dfd844c,java/lang/StringBuilder.java,toString
12acfc45-bdfb-4343-9004-9be15dfd844c,aef98915-d9bd-4ef8-82f6-281ec4d69cc6,daac46e5-601c-49b4-9398-e147d9fb6765,->,12acfc45-bdfb-4343-9004-9be15dfd844c,aef98915-d9bd-4ef8-82f6-281ec4d69cc6,0cf0d29d-b160-429c-b796-5681868a0d4b
12acfc45-bdfb-4343-9004-9be15dfd844c,aef98915-d9bd-4ef8-82f6-281ec4d69cc6,daac46e5-601c-49b4-9398-e147d9fb6765,->,12acfc45-bdfb-4343-9004-9be15dfd844c,java/lang/StringBuilder.java,append
12acfc45-bdfb-4343-9004-9be15dfd844c,aef98915-d9bd-4ef8-82f6-281ec4d69cc6,daac46e5-601c-49b4-9398-e147d9fb6765,->,12acfc45-bdfb-4343-9004-9be15dfd844c,java/lang/StringBuilder.java,append
12acfc45-bdfb-4343-9004-9be15dfd844c,aef98915-d9bd-4ef8-82f6-281ec4d69cc6,daac46e5-601c-49b4-9398-e147d9fb6765,->,12acfc45-bdfb-4343-9004-9be15dfd844c,java/lang/StringBuilder.java,toString
12acfc45-bdfb-4343-9004-9be15dfd844c,aef98915-d9bd-4ef8-82f6-281ec4d69cc6,daac46e5-601c-49b4-9398-e147d9fb6765,->,12acfc45-bdfb-4343-9004-9be15dfd844c,aef98915-d9bd-4ef8-82f6-281ec4d69cc6,0cf0d29d-b160-429c-b796-5681868a0d4b
12acfc45-bdfb-4343-9004-9be15dfd844c,aef98915-d9bd-4ef8-82f6-281ec4d69cc6,daac46e5-601c-49b4-9398-e147d9fb6765,->,12acfc45-bdfb-4343-9004-9be15dfd844c,aef98915-d9bd-4ef8-82f6-281ec4d69cc6,0fb8c0b3-d526-4e5a-b200-7aabf6303623
12acfc45-bdfb-4343-9004-9be15dfd844c,aef98915-d9bd-4ef8-82f6-281ec4d69cc6,daac46e5-601c-49b4-9398-e147d9fb6765,->,12acfc45-bdfb-4343-9004-9be15dfd844c,aef98915-d9bd-4ef8-82f6-281ec4d69cc6,3992bd2f-77ae-44fd-9dcd-0b271853822c
12acfc45-bdfb-4343-9004-9be15dfd844c,aef98915-d9bd-4ef8-82f6-281ec4d69cc6,daac46e5-601c-49b4-9398-e147d9fb6765,->,12acfc45-bdfb-4343-9004-9be15dfd844c,aef98915-d9bd-4ef8-82f6-281ec4d69cc6,0cf0d29d-b160-429c-b796-5681868a0d4b
12acfc45-bdfb-4343-9004-9be15dfd844c,aef98915-d9bd-4ef8-82f6-281ec4d69cc6,daac46e5-601c-49b4-9398-e147d9fb6765,->,12acfc45-bdfb-4343-9004-9be15dfd844c,aef98915-d9bd-4ef8-82f6-281ec4d69cc6,0cf0d29d-b160-429c-b796-5681868a0d4b
12acfc45-bdfb-4343-9004-9be15dfd844c,aef98915-d9bd-4ef8-82f6-281ec4d69cc6,daac46e5-601c-49b4-9398-e147d9fb6765,->,12acfc45-bdfb-4343-9004-9be15dfd844c,aef98915-d9bd-4ef8-82f6-281ec4d69cc6,0cf0d29d-b160-429c-b796-5681868a0d4b
12acfc45-bdfb-4343-9004-9be15dfd844c,aef98915-d9bd-4ef8-82f6-281ec4d69cc6,daac46e5-601c-49b4-9398-e147d9fb6765,->,12acfc45-bdfb-4343-9004-9be15dfd844c,aef98915-d9bd-4ef8-82f6-281ec4d69cc6,0cf0d29d-b160-429c-b796-5681868a0d4b
12acfc45-bdfb-4343-9004-9be15dfd844c,aef98915-d9bd-4ef8-82f6-281ec4d69cc6,daac46e5-601c-49b4-9398-e147d9fb6765,->,12acfc45-bdfb-4343-9004-9be15dfd844c,aef98915-d9bd-4ef8-82f6-281ec4d69cc6,0cf0d29d-b160-429c-b796-5681868a0d4b
12acfc45-bdfb-4343-9004-9be15dfd844c,aef98915-d9bd-4ef8-82f6-281ec4d69cc6,daac46e5-601c-49b4-9398-e147d9fb6765,->,12acfc45-bdfb-4343-9004-9be15dfd844c,aef98915-d9bd-4ef8-82f6-281ec4d69cc6,0cf0d29d-b160-429c-b796-5681868a0d4b
12acfc45-bdfb-4343-9004-9be15dfd844c,aef98915-d9bd-4ef8-82f6-281ec4d69cc6,daac46e5-601c-49b4-9398-e147d9fb6765,->,12acfc45-bdfb-4343-9004-9be15dfd844c,aef98915-d9bd-4ef8-82f6-281ec4d69cc6,0cf0d29d-b160-429c-b796-5681868a0d4b
12acfc45-bdfb-4343-9004-9be15dfd844c,aef98915-d9bd-4ef8-82f6-281ec4d69cc6,daac46e5-601c-49b4-9398-e147d9fb6765,->,12acfc45-bdfb-4343-9004-9be15dfd844c,aef98915-d9bd-4ef8-82f6-281ec4d69cc6,0cf0d29d-b160-429c-b796-5681868a0d4b
12acfc45-bdfb-4343-9004-9be15dfd844c,aef98915-d9bd-4ef8-82f6-281ec4d69cc6,daac46e5-601c-49b4-9398-e147d9fb6765,->,12acfc45-bdfb-4343-9004-9be15dfd844c,aef98915-d9bd-4ef8-82f6-281ec4d69cc6,0cf0d29d-b160-429c-b796-5681868a0d4b
12acfc45-bdfb-4343-9004-9be15dfd844c,aef98915-d9bd-4ef8-82f6-281ec4d69cc6,daac46e5-601c-49b4-9398-e147d9fb6765,->,12acfc45-bdfb-4343-9004-9be15dfd844c,aef98915-d9bd-4ef8-82f6-281ec4d69cc6,0cf0d29d-b160-429c-b796-5681868a0d4b
12acfc45-bdfb-4343-9004-9be15dfd844c,aef98915-d9bd-4ef8-82f6-281ec4d69cc6,daac46e5-601c-49b4-9398-e147d9fb6765,->,12acfc45-bdfb-4343-9004-9be15dfd844c,aef98915-d9bd-4ef8-82f6-281ec4d69cc6,0cf0d29d-b160-429c-b796-5681868a0d4b
12acfc45-bdfb-4343-9004-9be15dfd844c,aef98915-d9bd-4ef8-82f6-281ec4d69cc6,daac46e5-601c-49b4-9398-e147d9fb6765,->,12acfc45-bdfb-4343-9004-9be15dfd844c,aef98915-d9bd-4ef8-82f6-281ec4d69cc6,0cf0d29d-b160-429c-b796-5681868a0d4b
12acfc45-bdfb-4343-9004-9be15dfd844c,aef98915-d9bd-4ef8-82f6-281ec4d69cc6,daac46e5-601c-49b4-9398-e147d9fb6765,->,12acfc45-bdfb-4343-9004-9be15dfd844c,aef98915-d9bd-4ef8-82f6-281ec4d69cc6,0cf0d29d-b160-429c-b796-5681868a0d4b
12acfc45-bdfb-4343-9004-9be15dfd844c,aef98915-d9bd-4ef8-82f6-281ec4d69cc6,daac46e5-601c-49b4-9398-e147d9fb6765,->,12acfc45-bdfb-4343-9004-9be15dfd844c,aef98915-d9bd-4ef8-82f6-281ec4d69cc6,0cf0d29d-b160-429c-b796-5681868a0d4b
12acfc45-bdfb-4343-9004-9be15dfd844c,aef98915-d9bd-4ef8-82f6-281ec4d69cc6,daac46e5-601c-49b4-9398-e147d9fb6765,->,12acfc45-bdfb-4343-9004-9be15dfd844c,aef98915-d9bd-4ef8-82f6-281ec4d69cc6,0cf0d29d-b160-429c-b796-5681868a0d4b
12acfc45-bdfb-4343-9004-9be15dfd844c,aef98915-d9bd-4ef8-82f6-281ec4d69cc6,daac46e5-601c-49b4-9398-e147d9fb6765,->,12acfc45-bdfb-4343-9004-9be15dfd844c,aef98915-d9bd-4ef8-82f6-281ec4d69cc6,0cf0d29d-b160-429c-b796-5681868a0d4b
12acfc45-bdfb-4343-9004-9be15dfd844c,aef98915-d9bd-4ef8-82f6-281ec4d69cc6,daac46e5-601c-49b4-9398-e147d9fb6765,->,12acfc45-bdfb-4343-9004-9be15dfd844c,aef98915-d9bd-4ef8-82f6-281ec4d69cc6,0cf0d29d-b160-429c-b796-5681868a0d4b
12acfc45-bdfb-4343-9004-9be15dfd844c,aef98915-d9bd-4ef8-82f6-281ec4d69cc6,daac46e5-601c-49b4-9398-e147d9fb6765,->,12acfc45-bdfb-4343-9004-9be15dfd844c,aef98915-d9bd-4ef8-82f6-281ec4d69cc6,0cf0d29d-b160-429c-b796-5681868a0d4b
12acfc45-bdfb-4343-9004-9be15dfd844c,aef98915-d9bd-4ef8-82f6-281ec4d69cc6,daac46e5-601c-49b4-9398-e147d9fb6765,->,12acfc45-bdfb-4343-9004-9be15dfd844c,aef98915-d9bd-4ef8-82f6-281ec4d69cc6,0fb8c0b3-d526-4e5a-b200-7aabf6303623
12acfc45-bdfb-4343-9004-9be15dfd844c,aef98915-d9bd-4ef8-82f6-281ec4d69cc6,daac46e5-601c-49b4-9398-e147d9fb6765,->,12acfc45-bdfb-4343-9004-9be15dfd844c,aef98915-d9bd-4ef8-82f6-281ec4d69cc6,3992bd2f-77ae-44fd-9dcd-0b271853822c
12acfc45-bdfb-4343-9004-9be15dfd844c,aef98915-d9bd-4ef8-82f6-281ec4d69cc6,daac46e5-601c-49b4-9398-e147d9fb6765,->,12acfc45-bdfb-4343-9004-9be15dfd844c,aef98915-d9bd-4ef8-82f6-281ec4d69cc6,0cf0d29d-b160-429c-b796-5681868a0d4b
12acfc45-bdfb-4343-9004-9be15dfd844c,aef98915-d9bd-4ef8-82f6-281ec4d69cc6,daac46e5-601c-49b4-9398-e147d9fb6765,->,12acfc45-bdfb-4343-9004-9be15dfd844c,aef98915-d9bd-4ef8-82f6-281ec4d69cc6,0cf0d29d-b160-429c-b796-5681868a0d4b
12acfc45-bdfb-4343-9004-9be15dfd844c,aef98915-d9bd-4ef8-82f6-281ec4d69cc6,daac46e5-601c-49b4-9398-e147d9fb6765,->,12acfc45-bdfb-4343-9004-9be15dfd844c,aef98915-d9bd-4ef8-82f6-281ec4d69cc6,0cf0d29d-b160-429c-b796-5681868a0d4b
12acfc45-bdfb-4343-9004-9be15dfd844c,aef98915-d9bd-4ef8-82f6-281ec4d69cc6,daac46e5-601c-49b4-9398-e147d9fb6765,->,12acfc45-bdfb-4343-9004-9be15dfd844c,aef98915-d9bd-4ef8-82f6-281ec4d69cc6,0cf0d29d-b160-429c-b796-5681868a0d4b
12acfc45-bdfb-4343-9004-9be15dfd844c,aef98915-d9bd-4ef8-82f6-281ec4d69cc6,daac46e5-601c-49b4-9398-e147d9fb6765,->,12acfc45-bdfb-4343-9004-9be15dfd844c,aef98915-d9bd-4ef8-82f6-281ec4d69cc6,0cf0d29d-b160-429c-b796-5681868a0d4b
12acfc45-bdfb-4343-9004-9be15dfd844c,aef98915-d9bd-4ef8-82f6-281ec4d69cc6,daac46e5-601c-49b4-9398-e147d9fb6765,->,12acfc45-bdfb-4343-9004-9be15dfd844c,aef98915-d9bd-4ef8-82f6-281ec4d69cc6,0cf0d29d-b160-429c-b796-5681868a0d4b
12acfc45-bdfb-4343-9004-9be15dfd844c,aef98915-d9bd-4ef8-82f6-281ec4d69cc6,daac46e5-601c-49b4-9398-e147d9fb6765,->,12acfc45-bdfb-4343-9004-9be15dfd844c,aef98915-d9bd-4ef8-82f6-281ec4d69cc6,0cf0d29d-b160-429c-b796-5681868a0d4b
12acfc45-bdfb-4343-9004-9be15dfd844c,aef98915-d9bd-4ef8-82f6-281ec4d69cc6,daac46e5-601c-49b4-9398-e147d9fb6765,->,12acfc45-bdfb-4343-9004-9be15dfd844c,aef98915-d9bd-4ef8-82f6-281ec4d69cc6,0cf0d29d-b160-429c-b796-5681868a0d4b
12acfc45-bdfb-4343-9004-9be15dfd844c,aef98915-d9bd-4ef8-82f6-281ec4d69cc6,daac46e5-601c-49b4-9398-e147d9fb6765,->,12acfc45-bdfb-4343-9004-9be15dfd844c,aef98915-d9bd-4ef8-82f6-281ec4d69cc6,0cf0d29d-b160-429c-b796-5681868a0d4b
12acfc45-bdfb-4343-9004-9be15dfd844c,aef98915-d9bd-4ef8-82f6-281ec4d69cc6,daac46e5-601c-49b4-9398-e147d9fb6765,->,12acfc45-bdfb-4343-9004-9be15dfd844c,aef98915-d9bd-4ef8-82f6-281ec4d69cc6,0cf0d29d-b160-429c-b796-5681868a0d4b
12acfc45-bdfb-4343-9004-9be15dfd844c,aef98915-d9bd-4ef8-82f6-281ec4d69cc6,daac46e5-601c-49b4-9398-e147d9fb6765,->,12acfc45-bdfb-4343-9004-9be15dfd844c,aef98915-d9bd-4ef8-82f6-281ec4d69cc6,0cf0d29d-b160-429c-b796-5681868a0d4b
12acfc45-bdfb-4343-9004-9be15dfd844c,aef98915-d9bd-4ef8-82f6-281ec4d69cc6,daac46e5-601c-49b4-9398-e147d9fb6765,->,12acfc45-bdfb-4343-9004-9be15dfd844c,aef98915-d9bd-4ef8-82f6-281ec4d69cc6,0cf0d29d-b160-429c-b796-5681868a0d4b
12acfc45-bdfb-4343-9004-9be15dfd844c,aef98915-d9bd-4ef8-82f6-281ec4d69cc6,daac46e5-601c-49b4-9398-e147d9fb6765,->,12acfc45-bdfb-4343-9004-9be15dfd844c,aef98915-d9bd-4ef8-82f6-281ec4d69cc6,0cf0d29d-b160-429c-b796-5681868a0d4b
12acfc45-bdfb-4343-9004-9be15dfd844c,aef98915-d9bd-4ef8-82f6-281ec4d69cc6,daac46e5-601c-49b4-9398-e147d9fb6765,->,12acfc45-bdfb-4343-9004-9be15dfd844c,aef98915-d9bd-4ef8-82f6-281ec4d69cc6,0cf0d29d-b160-429c-b796-5681868a0d4b
12acfc45-bdfb-4343-9004-9be15dfd844c,aef98915-d9bd-4ef8-82f6-281ec4d69cc6,daac46e5-601c-49b4-9398-e147d9fb6765,->,12acfc45-bdfb-4343-9004-9be15dfd844c,aef98915-d9bd-4ef8-82f6-281ec4d69cc6,0cf0d29d-b160-429c-b796-5681868a0d4b
12acfc45-bdfb-4343-9004-9be15dfd844c,aef98915-d9bd-4ef8-82f6-281ec4d69cc6,daac46e5-601c-49b4-9398-e147d9fb6765,->,12acfc45-bdfb-4343-9004-9be15dfd844c,aef98915-d9bd-4ef8-82f6-281ec4d69cc6,0cf0d29d-b160-429c-b796-5681868a0d4b
12acfc45-bdfb-4343-9004-9be15dfd844c,aef98915-d9bd-4ef8-82f6-281ec4d69cc6,daac46e5-601c-49b4-9398-e147d9fb6765,->,12acfc45-bdfb-4343-9004-9be15dfd844c,aef98915-d9bd-4ef8-82f6-281ec4d69cc6,0cf0d29d-b160-429c-b796-5681868a0d4b
12acfc45-bdfb-4343-9004-9be15dfd844c,aef98915-d9bd-4ef8-82f6-281ec4d69cc6,daac46e5-601c-49b4-9398-e147d9fb6765,->,12acfc45-bdfb-4343-9004-9be15dfd844c,aef98915-d9bd-4ef8-82f6-281ec4d69cc6,0cf0d29d-b160-429c-b796-5681868a0d4b
12acfc45-bdfb-4343-9004-9be15dfd844c,aef98915-d9bd-4ef8-82f6-281ec4d69cc6,daac46e5-601c-49b4-9398-e147d9fb6765,->,12acfc45-bdfb-4343-9004-9be15dfd844c,aef98915-d9bd-4ef8-82f6-281ec4d69cc6,0cf0d29d-b160-429c-b796-5681868a0d4b
12acfc45-bdfb-4343-9004-9be15dfd844c,aef98915-d9bd-4ef8-82f6-281ec4d69cc6,daac46e5-601c-49b4-9398-e147d9fb6765,->,12acfc45-bdfb-4343-9004-9be15dfd844c,aef98915-d9bd-4ef8-82f6-281ec4d69cc6,0cf0d29d-b160-429c-b796-5681868a0d4b
12acfc45-bdfb-4343-9004-9be15dfd844c,aef98915-d9bd-4ef8-82f6-281ec4d69cc6,daac46e5-601c-49b4-9398-e147d9fb6765,->,12acfc45-bdfb-4343-9004-9be15dfd844c,aef98915-d9bd-4ef8-82f6-281ec4d69cc6,0cf0d29d-b160-429c-b796-5681868a0d4b
12acfc45-bdfb-4343-9004-9be15dfd844c,aef98915-d9bd-4ef8-82f6-281ec4d69cc6,daac46e5-601c-49b4-9398-e147d9fb6765,->,12acfc45-bdfb-4343-9004-9be15dfd844c,aef98915-d9bd-4ef8-82f6-281ec4d69cc6,0cf0d29d-b160-429c-b796-5681868a0d4b
12acfc45-bdfb-4343-9004-9be15dfd844c,aef98915-d9bd-4ef8-82f6-281ec4d69cc6,daac46e5-601c-49b4-9398-e147d9fb6765,->,12acfc45-bdfb-4343-9004-9be15dfd844c,aef98915-d9bd-4ef8-82f6-281ec4d69cc6,0cf0d29d-b160-429c-b796-5681868a0d4b
12acfc45-bdfb-4343-9004-9be15dfd844c,aef98915-d9bd-4ef8-82f6-281ec4d69cc6,daac46e5-601c-49b4-9398-e147d9fb6765,->,12acfc45-bdfb-4343-9004-9be15dfd844c,aef98915-d9bd-4ef8-82f6-281ec4d69cc6,0cf0d29d-b160-429c-b796-5681868a0d4b
12acfc45-bdfb-4343-9004-9be15dfd844c,aef98915-d9bd-4ef8-82f6-281ec4d69cc6,daac46e5-601c-49b4-9398-e147d9fb6765,->,12acfc45-bdfb-4343-9004-9be15dfd844c,aef98915-d9bd-4ef8-82f6-281ec4d69cc6,0cf0d29d-b160-429c-b796-5681868a0d4b
12acfc45-bdfb-4343-9004-9be15dfd844c,aef98915-d9bd-4ef8-82f6-281ec4d69cc6,daac46e5-601c-49b4-9398-e147d9fb6765,->,12acfc45-bdfb-4343-9004-9be15dfd844c,aef98915-d9bd-4ef8-82f6-281ec4d69cc6,0fb8c0b3-d526-4e5a-b200-7aabf6303623
12acfc45-bdfb-4343-9004-9be15dfd844c,aef98915-d9bd-4ef8-82f6-281ec4d69cc6,daac46e5-601c-49b4-9398-e147d9fb6765,->,12acfc45-bdfb-4343-9004-9be15dfd844c,aef98915-d9bd-4ef8-82f6-281ec4d69cc6,3992bd2f-77ae-44fd-9dcd-0b271853822c
12acfc45-bdfb-4343-9004-9be15dfd844c,aef98915-d9bd-4ef8-82f6-281ec4d69cc6,daac46e5-601c-49b4-9398-e147d9fb6765,->,12acfc45-bdfb-4343-9004-9be15dfd844c,aef98915-d9bd-4ef8-82f6-281ec4d69cc6,0cf0d29d-b160-429c-b796-5681868a0d4b
12acfc45-bdfb-4343-9004-9be15dfd844c,aef98915-d9bd-4ef8-82f6-281ec4d69cc6,daac46e5-601c-49b4-9398-e147d9fb6765,->,12acfc45-bdfb-4343-9004-9be15dfd844c,aef98915-d9bd-4ef8-82f6-281ec4d69cc6,0cf0d29d-b160-429c-b796-5681868a0d4b
12acfc45-bdfb-4343-9004-9be15dfd844c,aef98915-d9bd-4ef8-82f6-281ec4d69cc6,daac46e5-601c-49b4-9398-e147d9fb6765,->,12acfc45-bdfb-4343-9004-9be15dfd844c,aef98915-d9bd-4ef8-82f6-281ec4d69cc6,0cf0d29d-b160-429c-b796-5681868a0d4b
12acfc45-bdfb-4343-9004-9be15dfd844c,aef98915-d9bd-4ef8-82f6-281ec4d69cc6,daac46e5-601c-49b4-9398-e147d9fb6765,->,12acfc45-bdfb-4343-9004-9be15dfd844c,aef98915-d9bd-4ef8-82f6-281ec4d69cc6,0cf0d29d-b160-429c-b796-5681868a0d4b
12acfc45-bdfb-4343-9004-9be15dfd844c,aef98915-d9bd-4ef8-82f6-281ec4d69cc6,daac46e5-601c-49b4-9398-e147d9fb6765,->,12acfc45-bdfb-4343-9004-9be15dfd844c,aef98915-d9bd-4ef8-82f6-281ec4d69cc6,0cf0d29d-b160-429c-b796-5681868a0d4b
12acfc45-bdfb-4343-9004-9be15dfd844c,aef98915-d9bd-4ef8-82f6-281ec4d69cc6,daac46e5-601c-49b4-9398-e147d9fb6765,->,12acfc45-bdfb-4343-9004-9be15dfd844c,aef98915-d9bd-4ef8-82f6-281ec4d69cc6,0cf0d29d-b160-429c-b796-5681868a0d4b
12acfc45-bdfb-4343-9004-9be15dfd844c,aef98915-d9bd-4ef8-82f6-281ec4d69cc6,daac46e5-601c-49b4-9398-e147d9fb6765,->,12acfc45-bdfb-4343-9004-9be15dfd844c,aef98915-d9bd-4ef8-82f6-281ec4d69cc6,0cf0d29d-b160-429c-b796-5681868a0d4b
12acfc45-bdfb-4343-9004-9be15dfd844c,aef98915-d9bd-4ef8-82f6-281ec4d69cc6,daac46e5-601c-49b4-9398-e147d9fb6765,->,12acfc45-bdfb-4343-9004-9be15dfd844c,aef98915-d9bd-4ef8-82f6-281ec4d69cc6,0cf0d29d-b160-429c-b796-5681868a0d4b
12acfc45-bdfb-4343-9004-9be15dfd844c,aef98915-d9bd-4ef8-82f6-281ec4d69cc6,daac46e5-601c-49b4-9398-e147d9fb6765,->,12acfc45-bdfb-4343-9004-9be15dfd844c,aef98915-d9bd-4ef8-82f6-281ec4d69cc6,0cf0d29d-b160-429c-b796-5681868a0d4b
12acfc45-bdfb-4343-9004-9be15dfd844c,aef98915-d9bd-4ef8-82f6-281ec4d69cc6,daac46e5-601c-49b4-9398-e147d9fb6765,->,12acfc45-bdfb-4343-9004-9be15dfd844c,aef98915-d9bd-4ef8-82f6-281ec4d69cc6,0cf0d29d-b160-429c-b796-5681868a0d4b
12acfc45-bdfb-4343-9004-9be15dfd844c,aef98915-d9bd-4ef8-82f6-281ec4d69cc6,daac46e5-601c-49b4-9398-e147d9fb6765,->,12acfc45-bdfb-4343-9004-9be15dfd844c,aef98915-d9bd-4ef8-82f6-281ec4d69cc6,0cf0d29d-b160-429c-b796-5681868a0d4b
12acfc45-bdfb-4343-9004-9be15dfd844c,aef98915-d9bd-4ef8-82f6-281ec4d69cc6,daac46e5-601c-49b4-9398-e147d9fb6765,->,12acfc45-bdfb-4343-9004-9be15dfd844c,aef98915-d9bd-4ef8-82f6-281ec4d69cc6,0cf0d29d-b160-429c-b796-5681868a0d4b
12acfc45-bdfb-4343-9004-9be15dfd844c,aef98915-d9bd-4ef8-82f6-281ec4d69cc6,daac46e5-601c-49b4-9398-e147d9fb6765,->,12acfc45-bdfb-4343-9004-9be15dfd844c,aef98915-d9bd-4ef8-82f6-281ec4d69cc6,0cf0d29d-b160-429c-b796-5681868a0d4b
12acfc45-bdfb-4343-9004-9be15dfd844c,aef98915-d9bd-4ef8-82f6-281ec4d69cc6,daac46e5-601c-49b4-9398-e147d9fb6765,->,12acfc45-bdfb-4343-9004-9be15dfd844c,aef98915-d9bd-4ef8-82f6-281ec4d69cc6,0cf0d29d-b160-429c-b796-5681868a0d4b
12acfc45-bdfb-4343-9004-9be15dfd844c,aef98915-d9bd-4ef8-82f6-281ec4d69cc6,daac46e5-601c-49b4-9398-e147d9fb6765,->,12acfc45-bdfb-4343-9004-9be15dfd844c,aef98915-d9bd-4ef8-82f6-281ec4d69cc6,0cf0d29d-b160-429c-b796-5681868a0d4b
12acfc45-bdfb-4343-9004-9be15dfd844c,aef98915-d9bd-4ef8-82f6-281ec4d69cc6,daac46e5-601c-49b4-9398-e147d9fb6765,->,12acfc45-bdfb-4343-9004-9be15dfd844c,aef98915-d9bd-4ef8-82f6-281ec4d69cc6,0cf0d29d-b160-429c-b796-5681868a0d4b
12acfc45-bdfb-4343-9004-9be15dfd844c,aef98915-d9bd-4ef8-82f6-281ec4d69cc6,daac46e5-601c-49b4-9398-e147d9fb6765,->,12acfc45-bdfb-4343-9004-9be15dfd844c,aef98915-d9bd-4ef8-82f6-281ec4d69cc6,0cf0d29d-b160-429c-b796-5681868a0d4b
12acfc45-bdfb-4343-9004-9be15dfd844c,aef98915-d9bd-4ef8-82f6-281ec4d69cc6,daac46e5-601c-49b4-9398-e147d9fb6765,->,12acfc45-bdfb-4343-9004-9be15dfd844c,aef98915-d9bd-4ef8-82f6-281ec4d69cc6,0cf0d29d-b160-429c-b796-5681868a0d4b
12acfc45-bdfb-4343-9004-9be15dfd844c,aef98915-d9bd-4ef8-82f6-281ec4d69cc6,daac46e5-601c-49b4-9398-e147d9fb6765,->,12acfc45-bdfb-4343-9004-9be15dfd844c,aef98915-d9bd-4ef8-82f6-281ec4d69cc6,0cf0d29d-b160-429c-b796-5681868a0d4b
12acfc45-bdfb-4343-9004-9be15dfd844c,aef98915-d9bd-4ef8-82f6-281ec4d69cc6,daac46e5-601c-49b4-9398-e147d9fb6765,->,12acfc45-bdfb-4343-9004-9be15dfd844c,aef98915-d9bd-4ef8-82f6-281ec4d69cc6,0cf0d29d-b160-429c-b796-5681868a0d4b
12acfc45-bdfb-4343-9004-9be15dfd844c,aef98915-d9bd-4ef8-82f6-281ec4d69cc6,daac46e5-601c-49b4-9398-e147d9fb6765,->,12acfc45-bdfb-4343-9004-9be15dfd844c,aef98915-d9bd-4ef8-82f6-281ec4d69cc6,0cf0d29d-b160-429c-b796-5681868a0d4b
12acfc45-bdfb-4343-9004-9be15dfd844c,aef98915-d9bd-4ef8-82f6-281ec4d69cc6,daac46e5-601c-49b4-9398-e147d9fb6765,->,12acfc45-bdfb-4343-9004-9be15dfd844c,aef98915-d9bd-4ef8-82f6-281ec4d69cc6,0cf0d29d-b160-429c-b796-5681868a0d4b
12acfc45-bdfb-4343-9004-9be15dfd844c,aef98915-d9bd-4ef8-82f6-281ec4d69cc6,daac46e5-601c-49b4-9398-e147d9fb6765,->,12acfc45-bdfb-4343-9004-9be15dfd844c,aef98915-d9bd-4ef8-82f6-281ec4d69cc6,0cf0d29d-b160-429c-b796-5681868a0d4b
12acfc45-bdfb-4343-9004-9be15dfd844c,aef98915-d9bd-4ef8-82f6-281ec4d69cc6,daac46e5-601c-49b4-9398-e147d9fb6765,->,12acfc45-bdfb-4343-9004-9be15dfd844c,aef98915-d9bd-4ef8-82f6-281ec4d69cc6,0cf0d29d-b160-429c-b796-5681868a0d4b
12acfc45-bdfb-4343-9004-9be15dfd844c,aef98915-d9bd-4ef8-82f6-281ec4d69cc6,daac46e5-601c-49b4-9398-e147d9fb6765,->,12acfc45-bdfb-4343-9004-9be15dfd844c,aef98915-d9bd-4ef8-82f6-281ec4d69cc6,0cf0d29d-b160-429c-b796-5681868a0d4b
12acfc45-bdfb-4343-9004-9be15dfd844c,aef98915-d9bd-4ef8-82f6-281ec4d69cc6,daac46e5-601c-49b4-9398-e147d9fb6765,->,12acfc45-bdfb-4343-9004-9be15dfd844c,aef98915-d9bd-4ef8-82f6-281ec4d69cc6,0cf0d29d-b160-429c-b796-5681868a0d4b
12acfc45-bdfb-4343-9004-9be15dfd844c,aef98915-d9bd-4ef8-82f6-281ec4d69cc6,daac46e5-601c-49b4-9398-e147d9fb6765,->,12acfc45-bdfb-4343-9004-9be15dfd844c,aef98915-d9bd-4ef8-82f6-281ec4d69cc6,0cf0d29d-b160-429c-b796-5681868a0d4b
12acfc45-bdfb-4343-9004-9be15dfd844c,aef98915-d9bd-4ef8-82f6-281ec4d69cc6,daac46e5-601c-49b4-9398-e147d9fb6765,->,12acfc45-bdfb-4343-9004-9be15dfd844c,aef98915-d9bd-4ef8-82f6-281ec4d69cc6,0cf0d29d-b160-429c-b796-5681868a0d4b
12acfc45-bdfb-4343-9004-9be15dfd844c,aef98915-d9bd-4ef8-82f6-281ec4d69cc6,daac46e5-601c-49b4-9398-e147d9fb6765,->,12acfc45-bdfb-4343-9004-9be15dfd844c,aef98915-d9bd-4ef8-82f6-281ec4d69cc6,0fb8c0b3-d526-4e5a-b200-7aabf6303623
12acfc45-bdfb-4343-9004-9be15dfd844c,aef98915-d9bd-4ef8-82f6-281ec4d69cc6,daac46e5-601c-49b4-9398-e147d9fb6765,->,12acfc45-bdfb-4343-9004-9be15dfd844c,aef98915-d9bd-4ef8-82f6-281ec4d69cc6,3992bd2f-77ae-44fd-9dcd-0b271853822c
12acfc45-bdfb-4343-9004-9be15dfd844c,aef98915-d9bd-4ef8-82f6-281ec4d69cc6,daac46e5-601c-49b4-9398-e147d9fb6765,->,12acfc45-bdfb-4343-9004-9be15dfd844c,server/model/players/Client.java,getItems
12acfc45-bdfb-4343-9004-9be15dfd844c,aef98915-d9bd-4ef8-82f6-281ec4d69cc6,daac46e5-601c-49b4-9398-e147d9fb6765,->,12acfc45-bdfb-4343-9004-9be15dfd844c,aef98915-d9bd-4ef8-82f6-281ec4d69cc6,0cf0d29d-b160-429c-b796-5681868a0d4b
12acfc45-bdfb-4343-9004-9be15dfd844c,aef98915-d9bd-4ef8-82f6-281ec4d69cc6,daac46e5-601c-49b4-9398-e147d9fb6765,->,12acfc45-bdfb-4343-9004-9be15dfd844c,aef98915-d9bd-4ef8-82f6-281ec4d69cc6,0fb8c0b3-d526-4e5a-b200-7aabf6303623
12acfc45-bdfb-4343-9004-9be15dfd844c,aef98915-d9bd-4ef8-82f6-281ec4d69cc6,d4932dce-bb18-46f4-8736-f493f554e86b,->,12acfc45-bdfb-4343-9004-9be15dfd844c,aef98915-d9bd-4ef8-82f6-281ec4d69cc6,3992bd2f-77ae-44fd-9dcd-0b271853822c
12acfc45-bdfb-4343-9004-9be15dfd844c,aef98915-d9bd-4ef8-82f6-281ec4d69cc6,d4932dce-bb18-46f4-8736-f493f554e86b,->,12acfc45-bdfb-4343-9004-9be15dfd844c,aef98915-d9bd-4ef8-82f6-281ec4d69cc6,0cf0d29d-b160-429c-b796-5681868a0d4b
12acfc45-bdfb-4343-9004-9be15dfd844c,aef98915-d9bd-4ef8-82f6-281ec4d69cc6,d4932dce-bb18-46f4-8736-f493f554e86b,->,12acfc45-bdfb-4343-9004-9be15dfd844c,aef98915-d9bd-4ef8-82f6-281ec4d69cc6,0cf0d29d-b160-429c-b796-5681868a0d4b
12acfc45-bdfb-4343-9004-9be15dfd844c,aef98915-d9bd-4ef8-82f6-281ec4d69cc6,d4932dce-bb18-46f4-8736-f493f554e86b,->,12acfc45-bdfb-4343-9004-9be15dfd844c,aef98915-d9bd-4ef8-82f6-281ec4d69cc6,0cf0d29d-b160-429c-b796-5681868a0d4b
12acfc45-bdfb-4343-9004-9be15dfd844c,aef98915-d9bd-4ef8-82f6-281ec4d69cc6,d4932dce-bb18-46f4-8736-f493f554e86b,->,12acfc45-bdfb-4343-9004-9be15dfd844c,aef98915-d9bd-4ef8-82f6-281ec4d69cc6,0cf0d29d-b160-429c-b796-5681868a0d4b
12acfc45-bdfb-4343-9004-9be15dfd844c,aef98915-d9bd-4ef8-82f6-281ec4d69cc6,d4932dce-bb18-46f4-8736-f493f554e86b,->,12acfc45-bdfb-4343-9004-9be15dfd844c,aef98915-d9bd-4ef8-82f6-281ec4d69cc6,0cf0d29d-b160-429c-b796-5681868a0d4b
12acfc45-bdfb-4343-9004-9be15dfd844c,aef98915-d9bd-4ef8-82f6-281ec4d69cc6,d4932dce-bb18-46f4-8736-f493f554e86b,->,12acfc45-bdfb-4343-9004-9be15dfd844c,aef98915-d9bd-4ef8-82f6-281ec4d69cc6,0cf0d29d-b160-429c-b796-5681868a0d4b
12acfc45-bdfb-4343-9004-9be15dfd844c,aef98915-d9bd-4ef8-82f6-281ec4d69cc6,d4932dce-bb18-46f4-8736-f493f554e86b,->,12acfc45-bdfb-4343-9004-9be15dfd844c,aef98915-d9bd-4ef8-82f6-281ec4d69cc6,0cf0d29d-b160-429c-b796-5681868a0d4b
12acfc45-bdfb-4343-9004-9be15dfd844c,aef98915-d9bd-4ef8-82f6-281ec4d69cc6,d4932dce-bb18-46f4-8736-f493f554e86b,->,12acfc45-bdfb-4343-9004-9be15dfd844c,aef98915-d9bd-4ef8-82f6-281ec4d69cc6,0cf0d29d-b160-429c-b796-5681868a0d4b
12acfc45-bdfb-4343-9004-9be15dfd844c,aef98915-d9bd-4ef8-82f6-281ec4d69cc6,d4932dce-bb18-46f4-8736-f493f554e86b,->,12acfc45-bdfb-4343-9004-9be15dfd844c,aef98915-d9bd-4ef8-82f6-281ec4d69cc6,0cf0d29d-b160-429c-b796-5681868a0d4b
12acfc45-bdfb-4343-9004-9be15dfd844c,aef98915-d9bd-4ef8-82f6-281ec4d69cc6,d4932dce-bb18-46f4-8736-f493f554e86b,->,12acfc45-bdfb-4343-9004-9be15dfd844c,aef98915-d9bd-4ef8-82f6-281ec4d69cc6,0cf0d29d-b160-429c-b796-5681868a0d4b
12acfc45-bdfb-4343-9004-9be15dfd844c,aef98915-d9bd-4ef8-82f6-281ec4d69cc6,d4932dce-bb18-46f4-8736-f493f554e86b,->,12acfc45-bdfb-4343-9004-9be15dfd844c,aef98915-d9bd-4ef8-82f6-281ec4d69cc6,0fb8c0b3-d526-4e5a-b200-7aabf6303623
12acfc45-bdfb-4343-9004-9be15dfd844c,aef98915-d9bd-4ef8-82f6-281ec4d69cc6,d4932dce-bb18-46f4-8736-f493f554e86b,->,12acfc45-bdfb-4343-9004-9be15dfd844c,aef98915-d9bd-4ef8-82f6-281ec4d69cc6,3992bd2f-77ae-44fd-9dcd-0b271853822c
12acfc45-bdfb-4343-9004-9be15dfd844c,aef98915-d9bd-4ef8-82f6-281ec4d69cc6,d4932dce-bb18-46f4-8736-f493f554e86b,->,12acfc45-bdfb-4343-9004-9be15dfd844c,aef98915-d9bd-4ef8-82f6-281ec4d69cc6,0cf0d29d-b160-429c-b796-5681868a0d4b
12acfc45-bdfb-4343-9004-9be15dfd844c,aef98915-d9bd-4ef8-82f6-281ec4d69cc6,d4932dce-bb18-46f4-8736-f493f554e86b,->,12acfc45-bdfb-4343-9004-9be15dfd844c,aef98915-d9bd-4ef8-82f6-281ec4d69cc6,0cf0d29d-b160-429c-b796-5681868a0d4b
12acfc45-bdfb-4343-9004-9be15dfd844c,aef98915-d9bd-4ef8-82f6-281ec4d69cc6,d4932dce-bb18-46f4-8736-f493f554e86b,->,12acfc45-bdfb-4343-9004-9be15dfd844c,aef98915-d9bd-4ef8-82f6-281ec4d69cc6,0cf0d29d-b160-429c-b796-5681868a0d4b
12acfc45-bdfb-4343-9004-9be15dfd844c,aef98915-d9bd-4ef8-82f6-281ec4d69cc6,d4932dce-bb18-46f4-8736-f493f554e86b,->,12acfc45-bdfb-4343-9004-9be15dfd844c,aef98915-d9bd-4ef8-82f6-281ec4d69cc6,0cf0d29d-b160-429c-b796-5681868a0d4b
12acfc45-bdfb-4343-9004-9be15dfd844c,aef98915-d9bd-4ef8-82f6-281ec4d69cc6,d4932dce-bb18-46f4-8736-f493f554e86b,->,12acfc45-bdfb-4343-9004-9be15dfd844c,aef98915-d9bd-4ef8-82f6-281ec4d69cc6,0cf0d29d-b160-429c-b796-5681868a0d4b
12acfc45-bdfb-4343-9004-9be15dfd844c,aef98915-d9bd-4ef8-82f6-281ec4d69cc6,d4932dce-bb18-46f4-8736-f493f554e86b,->,12acfc45-bdfb-4343-9004-9be15dfd844c,aef98915-d9bd-4ef8-82f6-281ec4d69cc6,0cf0d29d-b160-429c-b796-5681868a0d4b
12acfc45-bdfb-4343-9004-9be15dfd844c,aef98915-d9bd-4ef8-82f6-281ec4d69cc6,d4932dce-bb18-46f4-8736-f493f554e86b,->,12acfc45-bdfb-4343-9004-9be15dfd844c,aef98915-d9bd-4ef8-82f6-281ec4d69cc6,0cf0d29d-b160-429c-b796-5681868a0d4b
12acfc45-bdfb-4343-9004-9be15dfd844c,aef98915-d9bd-4ef8-82f6-281ec4d69cc6,d4932dce-bb18-46f4-8736-f493f554e86b,->,12acfc45-bdfb-4343-9004-9be15dfd844c,aef98915-d9bd-4ef8-82f6-281ec4d69cc6,0cf0d29d-b160-429c-b796-5681868a0d4b
12acfc45-bdfb-4343-9004-9be15dfd844c,aef98915-d9bd-4ef8-82f6-281ec4d69cc6,d4932dce-bb18-46f4-8736-f493f554e86b,->,12acfc45-bdfb-4343-9004-9be15dfd844c,aef98915-d9bd-4ef8-82f6-281ec4d69cc6,0cf0d29d-b160-429c-b796-5681868a0d4b
12acfc45-bdfb-4343-9004-9be15dfd844c,aef98915-d9bd-4ef8-82f6-281ec4d69cc6,d4932dce-bb18-46f4-8736-f493f554e86b,->,12acfc45-bdfb-4343-9004-9be15dfd844c,aef98915-d9bd-4ef8-82f6-281ec4d69cc6,0cf0d29d-b160-429c-b796-5681868a0d4b
12acfc45-bdfb-4343-9004-9be15dfd844c,aef98915-d9bd-4ef8-82f6-281ec4d69cc6,d4932dce-bb18-46f4-8736-f493f554e86b,->,12acfc45-bdfb-4343-9004-9be15dfd844c,aef98915-d9bd-4ef8-82f6-281ec4d69cc6,0cf0d29d-b160-429c-b796-5681868a0d4b
12acfc45-bdfb-4343-9004-9be15dfd844c,aef98915-d9bd-4ef8-82f6-281ec4d69cc6,d4932dce-bb18-46f4-8736-f493f554e86b,->,12acfc45-bdfb-4343-9004-9be15dfd844c,aef98915-d9bd-4ef8-82f6-281ec4d69cc6,0cf0d29d-b160-429c-b796-5681868a0d4b
12acfc45-bdfb-4343-9004-9be15dfd844c,aef98915-d9bd-4ef8-82f6-281ec4d69cc6,d4932dce-bb18-46f4-8736-f493f554e86b,->,12acfc45-bdfb-4343-9004-9be15dfd844c,aef98915-d9bd-4ef8-82f6-281ec4d69cc6,0cf0d29d-b160-429c-b796-5681868a0d4b
12acfc45-bdfb-4343-9004-9be15dfd844c,aef98915-d9bd-4ef8-82f6-281ec4d69cc6,d4932dce-bb18-46f4-8736-f493f554e86b,->,12acfc45-bdfb-4343-9004-9be15dfd844c,aef98915-d9bd-4ef8-82f6-281ec4d69cc6,0cf0d29d-b160-429c-b796-5681868a0d4b
12acfc45-bdfb-4343-9004-9be15dfd844c,aef98915-d9bd-4ef8-82f6-281ec4d69cc6,d4932dce-bb18-46f4-8736-f493f554e86b,->,12acfc45-bdfb-4343-9004-9be15dfd844c,aef98915-d9bd-4ef8-82f6-281ec4d69cc6,0cf0d29d-b160-429c-b796-5681868a0d4b
12acfc45-bdfb-4343-9004-9be15dfd844c,aef98915-d9bd-4ef8-82f6-281ec4d69cc6,d4932dce-bb18-46f4-8736-f493f554e86b,->,12acfc45-bdfb-4343-9004-9be15dfd844c,aef98915-d9bd-4ef8-82f6-281ec4d69cc6,0cf0d29d-b160-429c-b796-5681868a0d4b
12acfc45-bdfb-4343-9004-9be15dfd844c,aef98915-d9bd-4ef8-82f6-281ec4d69cc6,d4932dce-bb18-46f4-8736-f493f554e86b,->,12acfc45-bdfb-4343-9004-9be15dfd844c,aef98915-d9bd-4ef8-82f6-281ec4d69cc6,0cf0d29d-b160-429c-b796-5681868a0d4b
12acfc45-bdfb-4343-9004-9be15dfd844c,aef98915-d9bd-4ef8-82f6-281ec4d69cc6,d4932dce-bb18-46f4-8736-f493f554e86b,->,12acfc45-bdfb-4343-9004-9be15dfd844c,aef98915-d9bd-4ef8-82f6-281ec4d69cc6,0cf0d29d-b160-429c-b796-5681868a0d4b
12acfc45-bdfb-4343-9004-9be15dfd844c,aef98915-d9bd-4ef8-82f6-281ec4d69cc6,d4932dce-bb18-46f4-8736-f493f554e86b,->,12acfc45-bdfb-4343-9004-9be15dfd844c,aef98915-d9bd-4ef8-82f6-281ec4d69cc6,0cf0d29d-b160-429c-b796-5681868a0d4b
12acfc45-bdfb-4343-9004-9be15dfd844c,aef98915-d9bd-4ef8-82f6-281ec4d69cc6,d4932dce-bb18-46f4-8736-f493f554e86b,->,12acfc45-bdfb-4343-9004-9be15dfd844c,aef98915-d9bd-4ef8-82f6-281ec4d69cc6,0cf0d29d-b160-429c-b796-5681868a0d4b
12acfc45-bdfb-4343-9004-9be15dfd844c,aef98915-d9bd-4ef8-82f6-281ec4d69cc6,d4932dce-bb18-46f4-8736-f493f554e86b,->,12acfc45-bdfb-4343-9004-9be15dfd844c,aef98915-d9bd-4ef8-82f6-281ec4d69cc6,0cf0d29d-b160-429c-b796-5681868a0d4b
12acfc45-bdfb-4343-9004-9be15dfd844c,aef98915-d9bd-4ef8-82f6-281ec4d69cc6,d4932dce-bb18-46f4-8736-f493f554e86b,->,12acfc45-bdfb-4343-9004-9be15dfd844c,aef98915-d9bd-4ef8-82f6-281ec4d69cc6,0cf0d29d-b160-429c-b796-5681868a0d4b
12acfc45-bdfb-4343-9004-9be15dfd844c,aef98915-d9bd-4ef8-82f6-281ec4d69cc6,d4932dce-bb18-46f4-8736-f493f554e86b,->,12acfc45-bdfb-4343-9004-9be15dfd844c,aef98915-d9bd-4ef8-82f6-281ec4d69cc6,0cf0d29d-b160-429c-b796-5681868a0d4b
12acfc45-bdfb-4343-9004-9be15dfd844c,aef98915-d9bd-4ef8-82f6-281ec4d69cc6,d4932dce-bb18-46f4-8736-f493f554e86b,->,12acfc45-bdfb-4343-9004-9be15dfd844c,aef98915-d9bd-4ef8-82f6-281ec4d69cc6,0cf0d29d-b160-429c-b796-5681868a0d4b
12acfc45-bdfb-4343-9004-9be15dfd844c,aef98915-d9bd-4ef8-82f6-281ec4d69cc6,d4932dce-bb18-46f4-8736-f493f554e86b,->,12acfc45-bdfb-4343-9004-9be15dfd844c,aef98915-d9bd-4ef8-82f6-281ec4d69cc6,0cf0d29d-b160-429c-b796-5681868a0d4b
12acfc45-bdfb-4343-9004-9be15dfd844c,aef98915-d9bd-4ef8-82f6-281ec4d69cc6,d4932dce-bb18-46f4-8736-f493f554e86b,->,12acfc45-bdfb-4343-9004-9be15dfd844c,aef98915-d9bd-4ef8-82f6-281ec4d69cc6,0cf0d29d-b160-429c-b796-5681868a0d4b
12acfc45-bdfb-4343-9004-9be15dfd844c,aef98915-d9bd-4ef8-82f6-281ec4d69cc6,d4932dce-bb18-46f4-8736-f493f554e86b,->,12acfc45-bdfb-4343-9004-9be15dfd844c,aef98915-d9bd-4ef8-82f6-281ec4d69cc6,0cf0d29d-b160-429c-b796-5681868a0d4b
12acfc45-bdfb-4343-9004-9be15dfd844c,aef98915-d9bd-4ef8-82f6-281ec4d69cc6,d4932dce-bb18-46f4-8736-f493f554e86b,->,12acfc45-bdfb-4343-9004-9be15dfd844c,aef98915-d9bd-4ef8-82f6-281ec4d69cc6,0fb8c0b3-d526-4e5a-b200-7aabf6303623
12acfc45-bdfb-4343-9004-9be15dfd844c,aef98915-d9bd-4ef8-82f6-281ec4d69cc6,d4932dce-bb18-46f4-8736-f493f554e86b,->,12acfc45-bdfb-4343-9004-9be15dfd844c,aef98915-d9bd-4ef8-82f6-281ec4d69cc6,3992bd2f-77ae-44fd-9dcd-0b271853822c
12acfc45-bdfb-4343-9004-9be15dfd844c,aef98915-d9bd-4ef8-82f6-281ec4d69cc6,d4932dce-bb18-46f4-8736-f493f554e86b,->,12acfc45-bdfb-4343-9004-9be15dfd844c,aef98915-d9bd-4ef8-82f6-281ec4d69cc6,0cf0d29d-b160-429c-b796-5681868a0d4b
12acfc45-bdfb-4343-9004-9be15dfd844c,aef98915-d9bd-4ef8-82f6-281ec4d69cc6,d4932dce-bb18-46f4-8736-f493f554e86b,->,12acfc45-bdfb-4343-9004-9be15dfd844c,aef98915-d9bd-4ef8-82f6-281ec4d69cc6,0cf0d29d-b160-429c-b796-5681868a0d4b
12acfc45-bdfb-4343-9004-9be15dfd844c,aef98915-d9bd-4ef8-82f6-281ec4d69cc6,d4932dce-bb18-46f4-8736-f493f554e86b,->,12acfc45-bdfb-4343-9004-9be15dfd844c,aef98915-d9bd-4ef8-82f6-281ec4d69cc6,0cf0d29d-b160-429c-b796-5681868a0d4b
12acfc45-bdfb-4343-9004-9be15dfd844c,aef98915-d9bd-4ef8-82f6-281ec4d69cc6,d4932dce-bb18-46f4-8736-f493f554e86b,->,12acfc45-bdfb-4343-9004-9be15dfd844c,aef98915-d9bd-4ef8-82f6-281ec4d69cc6,0cf0d29d-b160-429c-b796-5681868a0d4b
12acfc45-bdfb-4343-9004-9be15dfd844c,aef98915-d9bd-4ef8-82f6-281ec4d69cc6,d4932dce-bb18-46f4-8736-f493f554e86b,->,12acfc45-bdfb-4343-9004-9be15dfd844c,aef98915-d9bd-4ef8-82f6-281ec4d69cc6,0cf0d29d-b160-429c-b796-5681868a0d4b
12acfc45-bdfb-4343-9004-9be15dfd844c,aef98915-d9bd-4ef8-82f6-281ec4d69cc6,d4932dce-bb18-46f4-8736-f493f554e86b,->,12acfc45-bdfb-4343-9004-9be15dfd844c,aef98915-d9bd-4ef8-82f6-281ec4d69cc6,0cf0d29d-b160-429c-b796-5681868a0d4b
12acfc45-bdfb-4343-9004-9be15dfd844c,aef98915-d9bd-4ef8-82f6-281ec4d69cc6,d4932dce-bb18-46f4-8736-f493f554e86b,->,12acfc45-bdfb-4343-9004-9be15dfd844c,aef98915-d9bd-4ef8-82f6-281ec4d69cc6,0cf0d29d-b160-429c-b796-5681868a0d4b
12acfc45-bdfb-4343-9004-9be15dfd844c,aef98915-d9bd-4ef8-82f6-281ec4d69cc6,d4932dce-bb18-46f4-8736-f493f554e86b,->,12acfc45-bdfb-4343-9004-9be15dfd844c,aef98915-d9bd-4ef8-82f6-281ec4d69cc6,0cf0d29d-b160-429c-b796-5681868a0d4b
12acfc45-bdfb-4343-9004-9be15dfd844c,aef98915-d9bd-4ef8-82f6-281ec4d69cc6,d4932dce-bb18-46f4-8736-f493f554e86b,->,12acfc45-bdfb-4343-9004-9be15dfd844c,aef98915-d9bd-4ef8-82f6-281ec4d69cc6,0cf0d29d-b160-429c-b796-5681868a0d4b
12acfc45-bdfb-4343-9004-9be15dfd844c,aef98915-d9bd-4ef8-82f6-281ec4d69cc6,d4932dce-bb18-46f4-8736-f493f554e86b,->,12acfc45-bdfb-4343-9004-9be15dfd844c,aef98915-d9bd-4ef8-82f6-281ec4d69cc6,0cf0d29d-b160-429c-b796-5681868a0d4b
12acfc45-bdfb-4343-9004-9be15dfd844c,aef98915-d9bd-4ef8-82f6-281ec4d69cc6,d4932dce-bb18-46f4-8736-f493f554e86b,->,12acfc45-bdfb-4343-9004-9be15dfd844c,aef98915-d9bd-4ef8-82f6-281ec4d69cc6,0cf0d29d-b160-429c-b796-5681868a0d4b
12acfc45-bdfb-4343-9004-9be15dfd844c,aef98915-d9bd-4ef8-82f6-281ec4d69cc6,d4932dce-bb18-46f4-8736-f493f554e86b,->,12acfc45-bdfb-4343-9004-9be15dfd844c,aef98915-d9bd-4ef8-82f6-281ec4d69cc6,0cf0d29d-b160-429c-b796-5681868a0d4b
12acfc45-bdfb-4343-9004-9be15dfd844c,aef98915-d9bd-4ef8-82f6-281ec4d69cc6,d4932dce-bb18-46f4-8736-f493f554e86b,->,12acfc45-bdfb-4343-9004-9be15dfd844c,aef98915-d9bd-4ef8-82f6-281ec4d69cc6,0cf0d29d-b160-429c-b796-5681868a0d4b
12acfc45-bdfb-4343-9004-9be15dfd844c,aef98915-d9bd-4ef8-82f6-281ec4d69cc6,d4932dce-bb18-46f4-8736-f493f554e86b,->,12acfc45-bdfb-4343-9004-9be15dfd844c,aef98915-d9bd-4ef8-82f6-281ec4d69cc6,0cf0d29d-b160-429c-b796-5681868a0d4b
12acfc45-bdfb-4343-9004-9be15dfd844c,aef98915-d9bd-4ef8-82f6-281ec4d69cc6,d4932dce-bb18-46f4-8736-f493f554e86b,->,12acfc45-bdfb-4343-9004-9be15dfd844c,aef98915-d9bd-4ef8-82f6-281ec4d69cc6,0cf0d29d-b160-429c-b796-5681868a0d4b
12acfc45-bdfb-4343-9004-9be15dfd844c,aef98915-d9bd-4ef8-82f6-281ec4d69cc6,d4932dce-bb18-46f4-8736-f493f554e86b,->,12acfc45-bdfb-4343-9004-9be15dfd844c,aef98915-d9bd-4ef8-82f6-281ec4d69cc6,0cf0d29d-b160-429c-b796-5681868a0d4b
12acfc45-bdfb-4343-9004-9be15dfd844c,aef98915-d9bd-4ef8-82f6-281ec4d69cc6,d4932dce-bb18-46f4-8736-f493f554e86b,->,12acfc45-bdfb-4343-9004-9be15dfd844c,aef98915-d9bd-4ef8-82f6-281ec4d69cc6,0cf0d29d-b160-429c-b796-5681868a0d4b
12acfc45-bdfb-4343-9004-9be15dfd844c,aef98915-d9bd-4ef8-82f6-281ec4d69cc6,d4932dce-bb18-46f4-8736-f493f554e86b,->,12acfc45-bdfb-4343-9004-9be15dfd844c,aef98915-d9bd-4ef8-82f6-281ec4d69cc6,0cf0d29d-b160-429c-b796-5681868a0d4b
12acfc45-bdfb-4343-9004-9be15dfd844c,aef98915-d9bd-4ef8-82f6-281ec4d69cc6,d4932dce-bb18-46f4-8736-f493f554e86b,->,12acfc45-bdfb-4343-9004-9be15dfd844c,aef98915-d9bd-4ef8-82f6-281ec4d69cc6,0cf0d29d-b160-429c-b796-5681868a0d4b
12acfc45-bdfb-4343-9004-9be15dfd844c,aef98915-d9bd-4ef8-82f6-281ec4d69cc6,d4932dce-bb18-46f4-8736-f493f554e86b,->,12acfc45-bdfb-4343-9004-9be15dfd844c,aef98915-d9bd-4ef8-82f6-281ec4d69cc6,0cf0d29d-b160-429c-b796-5681868a0d4b
12acfc45-bdfb-4343-9004-9be15dfd844c,aef98915-d9bd-4ef8-82f6-281ec4d69cc6,d4932dce-bb18-46f4-8736-f493f554e86b,->,12acfc45-bdfb-4343-9004-9be15dfd844c,aef98915-d9bd-4ef8-82f6-281ec4d69cc6,0cf0d29d-b160-429c-b796-5681868a0d4b
12acfc45-bdfb-4343-9004-9be15dfd844c,aef98915-d9bd-4ef8-82f6-281ec4d69cc6,d4932dce-bb18-46f4-8736-f493f554e86b,->,12acfc45-bdfb-4343-9004-9be15dfd844c,aef98915-d9bd-4ef8-82f6-281ec4d69cc6,0cf0d29d-b160-429c-b796-5681868a0d4b
12acfc45-bdfb-4343-9004-9be15dfd844c,aef98915-d9bd-4ef8-82f6-281ec4d69cc6,d4932dce-bb18-46f4-8736-f493f554e86b,->,12acfc45-bdfb-4343-9004-9be15dfd844c,aef98915-d9bd-4ef8-82f6-281ec4d69cc6,0cf0d29d-b160-429c-b796-5681868a0d4b
12acfc45-bdfb-4343-9004-9be15dfd844c,aef98915-d9bd-4ef8-82f6-281ec4d69cc6,d4932dce-bb18-46f4-8736-f493f554e86b,->,12acfc45-bdfb-4343-9004-9be15dfd844c,aef98915-d9bd-4ef8-82f6-281ec4d69cc6,0cf0d29d-b160-429c-b796-5681868a0d4b
12acfc45-bdfb-4343-9004-9be15dfd844c,aef98915-d9bd-4ef8-82f6-281ec4d69cc6,d4932dce-bb18-46f4-8736-f493f554e86b,->,12acfc45-bdfb-4343-9004-9be15dfd844c,aef98915-d9bd-4ef8-82f6-281ec4d69cc6,0cf0d29d-b160-429c-b796-5681868a0d4b
12acfc45-bdfb-4343-9004-9be15dfd844c,aef98915-d9bd-4ef8-82f6-281ec4d69cc6,d4932dce-bb18-46f4-8736-f493f554e86b,->,12acfc45-bdfb-4343-9004-9be15dfd844c,aef98915-d9bd-4ef8-82f6-281ec4d69cc6,0cf0d29d-b160-429c-b796-5681868a0d4b
12acfc45-bdfb-4343-9004-9be15dfd844c,aef98915-d9bd-4ef8-82f6-281ec4d69cc6,d4932dce-bb18-46f4-8736-f493f554e86b,->,12acfc45-bdfb-4343-9004-9be15dfd844c,aef98915-d9bd-4ef8-82f6-281ec4d69cc6,0cf0d29d-b160-429c-b796-5681868a0d4b
12acfc45-bdfb-4343-9004-9be15dfd844c,aef98915-d9bd-4ef8-82f6-281ec4d69cc6,d4932dce-bb18-46f4-8736-f493f554e86b,->,12acfc45-bdfb-4343-9004-9be15dfd844c,aef98915-d9bd-4ef8-82f6-281ec4d69cc6,0cf0d29d-b160-429c-b796-5681868a0d4b
12acfc45-bdfb-4343-9004-9be15dfd844c,aef98915-d9bd-4ef8-82f6-281ec4d69cc6,d4932dce-bb18-46f4-8736-f493f554e86b,->,12acfc45-bdfb-4343-9004-9be15dfd844c,aef98915-d9bd-4ef8-82f6-281ec4d69cc6,0cf0d29d-b160-429c-b796-5681868a0d4b
12acfc45-bdfb-4343-9004-9be15dfd844c,aef98915-d9bd-4ef8-82f6-281ec4d69cc6,d4932dce-bb18-46f4-8736-f493f554e86b,->,12acfc45-bdfb-4343-9004-9be15dfd844c,aef98915-d9bd-4ef8-82f6-281ec4d69cc6,0cf0d29d-b160-429c-b796-5681868a0d4b
12acfc45-bdfb-4343-9004-9be15dfd844c,aef98915-d9bd-4ef8-82f6-281ec4d69cc6,d4932dce-bb18-46f4-8736-f493f554e86b,->,12acfc45-bdfb-4343-9004-9be15dfd844c,aef98915-d9bd-4ef8-82f6-281ec4d69cc6,0cf0d29d-b160-429c-b796-5681868a0d4b
12acfc45-bdfb-4343-9004-9be15dfd844c,aef98915-d9bd-4ef8-82f6-281ec4d69cc6,d4932dce-bb18-46f4-8736-f493f554e86b,->,12acfc45-bdfb-4343-9004-9be15dfd844c,aef98915-d9bd-4ef8-82f6-281ec4d69cc6,0cf0d29d-b160-429c-b796-5681868a0d4b
12acfc45-bdfb-4343-9004-9be15dfd844c,aef98915-d9bd-4ef8-82f6-281ec4d69cc6,d4932dce-bb18-46f4-8736-f493f554e86b,->,12acfc45-bdfb-4343-9004-9be15dfd844c,aef98915-d9bd-4ef8-82f6-281ec4d69cc6,0cf0d29d-b160-429c-b796-5681868a0d4b
12acfc45-bdfb-4343-9004-9be15dfd844c,aef98915-d9bd-4ef8-82f6-281ec4d69cc6,d4932dce-bb18-46f4-8736-f493f554e86b,->,12acfc45-bdfb-4343-9004-9be15dfd844c,aef98915-d9bd-4ef8-82f6-281ec4d69cc6,0fb8c0b3-d526-4e5a-b200-7aabf6303623
12acfc45-bdfb-4343-9004-9be15dfd844c,aef98915-d9bd-4ef8-82f6-281ec4d69cc6,d4932dce-bb18-46f4-8736-f493f554e86b,->,12acfc45-bdfb-4343-9004-9be15dfd844c,aef98915-d9bd-4ef8-82f6-281ec4d69cc6,3992bd2f-77ae-44fd-9dcd-0b271853822c
12acfc45-bdfb-4343-9004-9be15dfd844c,aef98915-d9bd-4ef8-82f6-281ec4d69cc6,d4932dce-bb18-46f4-8736-f493f554e86b,->,12acfc45-bdfb-4343-9004-9be15dfd844c,aef98915-d9bd-4ef8-82f6-281ec4d69cc6,0cf0d29d-b160-429c-b796-5681868a0d4b
12acfc45-bdfb-4343-9004-9be15dfd844c,aef98915-d9bd-4ef8-82f6-281ec4d69cc6,d4932dce-bb18-46f4-8736-f493f554e86b,->,12acfc45-bdfb-4343-9004-9be15dfd844c,aef98915-d9bd-4ef8-82f6-281ec4d69cc6,0cf0d29d-b160-429c-b796-5681868a0d4b
12acfc45-bdfb-4343-9004-9be15dfd844c,aef98915-d9bd-4ef8-82f6-281ec4d69cc6,d4932dce-bb18-46f4-8736-f493f554e86b,->,12acfc45-bdfb-4343-9004-9be15dfd844c,aef98915-d9bd-4ef8-82f6-281ec4d69cc6,0cf0d29d-b160-429c-b796-5681868a0d4b
12acfc45-bdfb-4343-9004-9be15dfd844c,aef98915-d9bd-4ef8-82f6-281ec4d69cc6,d4932dce-bb18-46f4-8736-f493f554e86b,->,12acfc45-bdfb-4343-9004-9be15dfd844c,aef98915-d9bd-4ef8-82f6-281ec4d69cc6,0fb8c0b3-d526-4e5a-b200-7aabf6303623
12acfc45-bdfb-4343-9004-9be15dfd844c,aef98915-d9bd-4ef8-82f6-281ec4d69cc6,d4932dce-bb18-46f4-8736-f493f554e86b,->,12acfc45-bdfb-4343-9004-9be15dfd844c,aef98915-d9bd-4ef8-82f6-281ec4d69cc6,3992bd2f-77ae-44fd-9dcd-0b271853822c
12acfc45-bdfb-4343-9004-9be15dfd844c,aef98915-d9bd-4ef8-82f6-281ec4d69cc6,d4932dce-bb18-46f4-8736-f493f554e86b,->,12acfc45-bdfb-4343-9004-9be15dfd844c,aef98915-d9bd-4ef8-82f6-281ec4d69cc6,0cf0d29d-b160-429c-b796-5681868a0d4b
12acfc45-bdfb-4343-9004-9be15dfd844c,aef98915-d9bd-4ef8-82f6-281ec4d69cc6,d4932dce-bb18-46f4-8736-f493f554e86b,->,12acfc45-bdfb-4343-9004-9be15dfd844c,aef98915-d9bd-4ef8-82f6-281ec4d69cc6,0fb8c0b3-d526-4e5a-b200-7aabf6303623
12acfc45-bdfb-4343-9004-9be15dfd844c,aef98915-d9bd-4ef8-82f6-281ec4d69cc6,d4932dce-bb18-46f4-8736-f493f554e86b,->,12acfc45-bdfb-4343-9004-9be15dfd844c,aef98915-d9bd-4ef8-82f6-281ec4d69cc6,3992bd2f-77ae-44fd-9dcd-0b271853822c
12acfc45-bdfb-4343-9004-9be15dfd844c,aef98915-d9bd-4ef8-82f6-281ec4d69cc6,d4932dce-bb18-46f4-8736-f493f554e86b,->,12acfc45-bdfb-4343-9004-9be15dfd844c,aef98915-d9bd-4ef8-82f6-281ec4d69cc6,0cf0d29d-b160-429c-b796-5681868a0d4b
12acfc45-bdfb-4343-9004-9be15dfd844c,aef98915-d9bd-4ef8-82f6-281ec4d69cc6,d4932dce-bb18-46f4-8736-f493f554e86b,->,12acfc45-bdfb-4343-9004-9be15dfd844c,server/model/players/Client.java,getItems
12acfc45-bdfb-4343-9004-9be15dfd844c,aef98915-d9bd-4ef8-82f6-281ec4d69cc6,d4932dce-bb18-46f4-8736-f493f554e86b,->,12acfc45-bdfb-4343-9004-9be15dfd844c,aef98915-d9bd-4ef8-82f6-281ec4d69cc6,0cf0d29d-b160-429c-b796-5681868a0d4b
12acfc45-bdfb-4343-9004-9be15dfd844c,aef98915-d9bd-4ef8-82f6-281ec4d69cc6,d4932dce-bb18-46f4-8736-f493f554e86b,->,12acfc45-bdfb-4343-9004-9be15dfd844c,aef98915-d9bd-4ef8-82f6-281ec4d69cc6,0fb8c0b3-d526-4e5a-b200-7aabf6303623
12acfc45-bdfb-4343-9004-9be15dfd844c,aef98915-d9bd-4ef8-82f6-281ec4d69cc6,c0798894-9b86-4d30-ad21-96b896568306,->,12acfc45-bdfb-4343-9004-9be15dfd844c,aef98915-d9bd-4ef8-82f6-281ec4d69cc6,3992bd2f-77ae-44fd-9dcd-0b271853822c
12acfc45-bdfb-4343-9004-9be15dfd844c,aef98915-d9bd-4ef8-82f6-281ec4d69cc6,c0798894-9b86-4d30-ad21-96b896568306,->,12acfc45-bdfb-4343-9004-9be15dfd844c,aef98915-d9bd-4ef8-82f6-281ec4d69cc6,0cf0d29d-b160-429c-b796-5681868a0d4b
12acfc45-bdfb-4343-9004-9be15dfd844c,aef98915-d9bd-4ef8-82f6-281ec4d69cc6,c0798894-9b86-4d30-ad21-96b896568306,->,12acfc45-bdfb-4343-9004-9be15dfd844c,aef98915-d9bd-4ef8-82f6-281ec4d69cc6,0cf0d29d-b160-429c-b796-5681868a0d4b
12acfc45-bdfb-4343-9004-9be15dfd844c,aef98915-d9bd-4ef8-82f6-281ec4d69cc6,c0798894-9b86-4d30-ad21-96b896568306,->,12acfc45-bdfb-4343-9004-9be15dfd844c,aef98915-d9bd-4ef8-82f6-281ec4d69cc6,0cf0d29d-b160-429c-b796-5681868a0d4b
12acfc45-bdfb-4343-9004-9be15dfd844c,aef98915-d9bd-4ef8-82f6-281ec4d69cc6,c0798894-9b86-4d30-ad21-96b896568306,->,12acfc45-bdfb-4343-9004-9be15dfd844c,aef98915-d9bd-4ef8-82f6-281ec4d69cc6,0cf0d29d-b160-429c-b796-5681868a0d4b
12acfc45-bdfb-4343-9004-9be15dfd844c,aef98915-d9bd-4ef8-82f6-281ec4d69cc6,c0798894-9b86-4d30-ad21-96b896568306,->,12acfc45-bdfb-4343-9004-9be15dfd844c,aef98915-d9bd-4ef8-82f6-281ec4d69cc6,0cf0d29d-b160-429c-b796-5681868a0d4b
12acfc45-bdfb-4343-9004-9be15dfd844c,aef98915-d9bd-4ef8-82f6-281ec4d69cc6,c0798894-9b86-4d30-ad21-96b896568306,->,12acfc45-bdfb-4343-9004-9be15dfd844c,aef98915-d9bd-4ef8-82f6-281ec4d69cc6,0cf0d29d-b160-429c-b796-5681868a0d4b
12acfc45-bdfb-4343-9004-9be15dfd844c,aef98915-d9bd-4ef8-82f6-281ec4d69cc6,c0798894-9b86-4d30-ad21-96b896568306,->,12acfc45-bdfb-4343-9004-9be15dfd844c,aef98915-d9bd-4ef8-82f6-281ec4d69cc6,0cf0d29d-b160-429c-b796-5681868a0d4b
12acfc45-bdfb-4343-9004-9be15dfd844c,aef98915-d9bd-4ef8-82f6-281ec4d69cc6,c0798894-9b86-4d30-ad21-96b896568306,->,12acfc45-bdfb-4343-9004-9be15dfd844c,aef98915-d9bd-4ef8-82f6-281ec4d69cc6,0cf0d29d-b160-429c-b796-5681868a0d4b
12acfc45-bdfb-4343-9004-9be15dfd844c,aef98915-d9bd-4ef8-82f6-281ec4d69cc6,c0798894-9b86-4d30-ad21-96b896568306,->,12acfc45-bdfb-4343-9004-9be15dfd844c,aef98915-d9bd-4ef8-82f6-281ec4d69cc6,0cf0d29d-b160-429c-b796-5681868a0d4b
12acfc45-bdfb-4343-9004-9be15dfd844c,aef98915-d9bd-4ef8-82f6-281ec4d69cc6,c0798894-9b86-4d30-ad21-96b896568306,->,12acfc45-bdfb-4343-9004-9be15dfd844c,aef98915-d9bd-4ef8-82f6-281ec4d69cc6,0cf0d29d-b160-429c-b796-5681868a0d4b
12acfc45-bdfb-4343-9004-9be15dfd844c,aef98915-d9bd-4ef8-82f6-281ec4d69cc6,c0798894-9b86-4d30-ad21-96b896568306,->,12acfc45-bdfb-4343-9004-9be15dfd844c,aef98915-d9bd-4ef8-82f6-281ec4d69cc6,0cf0d29d-b160-429c-b796-5681868a0d4b
12acfc45-bdfb-4343-9004-9be15dfd844c,aef98915-d9bd-4ef8-82f6-281ec4d69cc6,c0798894-9b86-4d30-ad21-96b896568306,->,12acfc45-bdfb-4343-9004-9be15dfd844c,aef98915-d9bd-4ef8-82f6-281ec4d69cc6,0cf0d29d-b160-429c-b796-5681868a0d4b
12acfc45-bdfb-4343-9004-9be15dfd844c,aef98915-d9bd-4ef8-82f6-281ec4d69cc6,c0798894-9b86-4d30-ad21-96b896568306,->,12acfc45-bdfb-4343-9004-9be15dfd844c,aef98915-d9bd-4ef8-82f6-281ec4d69cc6,0cf0d29d-b160-429c-b796-5681868a0d4b
12acfc45-bdfb-4343-9004-9be15dfd844c,aef98915-d9bd-4ef8-82f6-281ec4d69cc6,c0798894-9b86-4d30-ad21-96b896568306,->,12acfc45-bdfb-4343-9004-9be15dfd844c,aef98915-d9bd-4ef8-82f6-281ec4d69cc6,0cf0d29d-b160-429c-b796-5681868a0d4b
12acfc45-bdfb-4343-9004-9be15dfd844c,aef98915-d9bd-4ef8-82f6-281ec4d69cc6,c0798894-9b86-4d30-ad21-96b896568306,->,12acfc45-bdfb-4343-9004-9be15dfd844c,aef98915-d9bd-4ef8-82f6-281ec4d69cc6,0cf0d29d-b160-429c-b796-5681868a0d4b
12acfc45-bdfb-4343-9004-9be15dfd844c,aef98915-d9bd-4ef8-82f6-281ec4d69cc6,c0798894-9b86-4d30-ad21-96b896568306,->,12acfc45-bdfb-4343-9004-9be15dfd844c,aef98915-d9bd-4ef8-82f6-281ec4d69cc6,0cf0d29d-b160-429c-b796-5681868a0d4b
12acfc45-bdfb-4343-9004-9be15dfd844c,aef98915-d9bd-4ef8-82f6-281ec4d69cc6,c0798894-9b86-4d30-ad21-96b896568306,->,12acfc45-bdfb-4343-9004-9be15dfd844c,aef98915-d9bd-4ef8-82f6-281ec4d69cc6,0cf0d29d-b160-429c-b796-5681868a0d4b
12acfc45-bdfb-4343-9004-9be15dfd844c,aef98915-d9bd-4ef8-82f6-281ec4d69cc6,c0798894-9b86-4d30-ad21-96b896568306,->,12acfc45-bdfb-4343-9004-9be15dfd844c,aef98915-d9bd-4ef8-82f6-281ec4d69cc6,0cf0d29d-b160-429c-b796-5681868a0d4b
12acfc45-bdfb-4343-9004-9be15dfd844c,aef98915-d9bd-4ef8-82f6-281ec4d69cc6,c0798894-9b86-4d30-ad21-96b896568306,->,12acfc45-bdfb-4343-9004-9be15dfd844c,aef98915-d9bd-4ef8-82f6-281ec4d69cc6,0cf0d29d-b160-429c-b796-5681868a0d4b
12acfc45-bdfb-4343-9004-9be15dfd844c,aef98915-d9bd-4ef8-82f6-281ec4d69cc6,c0798894-9b86-4d30-ad21-96b896568306,->,12acfc45-bdfb-4343-9004-9be15dfd844c,aef98915-d9bd-4ef8-82f6-281ec4d69cc6,0cf0d29d-b160-429c-b796-5681868a0d4b
12acfc45-bdfb-4343-9004-9be15dfd844c,aef98915-d9bd-4ef8-82f6-281ec4d69cc6,c0798894-9b86-4d30-ad21-96b896568306,->,12acfc45-bdfb-4343-9004-9be15dfd844c,aef98915-d9bd-4ef8-82f6-281ec4d69cc6,0cf0d29d-b160-429c-b796-5681868a0d4b
12acfc45-bdfb-4343-9004-9be15dfd844c,aef98915-d9bd-4ef8-82f6-281ec4d69cc6,c0798894-9b86-4d30-ad21-96b896568306,->,12acfc45-bdfb-4343-9004-9be15dfd844c,aef98915-d9bd-4ef8-82f6-281ec4d69cc6,0cf0d29d-b160-429c-b796-5681868a0d4b
12acfc45-bdfb-4343-9004-9be15dfd844c,aef98915-d9bd-4ef8-82f6-281ec4d69cc6,c0798894-9b86-4d30-ad21-96b896568306,->,12acfc45-bdfb-4343-9004-9be15dfd844c,aef98915-d9bd-4ef8-82f6-281ec4d69cc6,0cf0d29d-b160-429c-b796-5681868a0d4b
12acfc45-bdfb-4343-9004-9be15dfd844c,aef98915-d9bd-4ef8-82f6-281ec4d69cc6,c0798894-9b86-4d30-ad21-96b896568306,->,12acfc45-bdfb-4343-9004-9be15dfd844c,aef98915-d9bd-4ef8-82f6-281ec4d69cc6,0cf0d29d-b160-429c-b796-5681868a0d4b
12acfc45-bdfb-4343-9004-9be15dfd844c,aef98915-d9bd-4ef8-82f6-281ec4d69cc6,c0798894-9b86-4d30-ad21-96b896568306,->,12acfc45-bdfb-4343-9004-9be15dfd844c,aef98915-d9bd-4ef8-82f6-281ec4d69cc6,0fb8c0b3-d526-4e5a-b200-7aabf6303623
12acfc45-bdfb-4343-9004-9be15dfd844c,aef98915-d9bd-4ef8-82f6-281ec4d69cc6,c0798894-9b86-4d30-ad21-96b896568306,->,12acfc45-bdfb-4343-9004-9be15dfd844c,aef98915-d9bd-4ef8-82f6-281ec4d69cc6,3992bd2f-77ae-44fd-9dcd-0b271853822c
12acfc45-bdfb-4343-9004-9be15dfd844c,aef98915-d9bd-4ef8-82f6-281ec4d69cc6,c0798894-9b86-4d30-ad21-96b896568306,->,12acfc45-bdfb-4343-9004-9be15dfd844c,aef98915-d9bd-4ef8-82f6-281ec4d69cc6,0cf0d29d-b160-429c-b796-5681868a0d4b
12acfc45-bdfb-4343-9004-9be15dfd844c,aef98915-d9bd-4ef8-82f6-281ec4d69cc6,c0798894-9b86-4d30-ad21-96b896568306,->,12acfc45-bdfb-4343-9004-9be15dfd844c,aef98915-d9bd-4ef8-82f6-281ec4d69cc6,0cf0d29d-b160-429c-b796-5681868a0d4b
12acfc45-bdfb-4343-9004-9be15dfd844c,aef98915-d9bd-4ef8-82f6-281ec4d69cc6,c0798894-9b86-4d30-ad21-96b896568306,->,12acfc45-bdfb-4343-9004-9be15dfd844c,aef98915-d9bd-4ef8-82f6-281ec4d69cc6,0cf0d29d-b160-429c-b796-5681868a0d4b
12acfc45-bdfb-4343-9004-9be15dfd844c,aef98915-d9bd-4ef8-82f6-281ec4d69cc6,c0798894-9b86-4d30-ad21-96b896568306,->,12acfc45-bdfb-4343-9004-9be15dfd844c,aef98915-d9bd-4ef8-82f6-281ec4d69cc6,0cf0d29d-b160-429c-b796-5681868a0d4b
12acfc45-bdfb-4343-9004-9be15dfd844c,aef98915-d9bd-4ef8-82f6-281ec4d69cc6,c0798894-9b86-4d30-ad21-96b896568306,->,12acfc45-bdfb-4343-9004-9be15dfd844c,aef98915-d9bd-4ef8-82f6-281ec4d69cc6,0fb8c0b3-d526-4e5a-b200-7aabf6303623
12acfc45-bdfb-4343-9004-9be15dfd844c,aef98915-d9bd-4ef8-82f6-281ec4d69cc6,c0798894-9b86-4d30-ad21-96b896568306,->,12acfc45-bdfb-4343-9004-9be15dfd844c,aef98915-d9bd-4ef8-82f6-281ec4d69cc6,3992bd2f-77ae-44fd-9dcd-0b271853822c
12acfc45-bdfb-4343-9004-9be15dfd844c,aef98915-d9bd-4ef8-82f6-281ec4d69cc6,c0798894-9b86-4d30-ad21-96b896568306,->,12acfc45-bdfb-4343-9004-9be15dfd844c,aef98915-d9bd-4ef8-82f6-281ec4d69cc6,0cf0d29d-b160-429c-b796-5681868a0d4b
12acfc45-bdfb-4343-9004-9be15dfd844c,aef98915-d9bd-4ef8-82f6-281ec4d69cc6,c0798894-9b86-4d30-ad21-96b896568306,->,12acfc45-bdfb-4343-9004-9be15dfd844c,server/model/players/Client.java,getItems
12acfc45-bdfb-4343-9004-9be15dfd844c,aef98915-d9bd-4ef8-82f6-281ec4d69cc6,c0798894-9b86-4d30-ad21-96b896568306,->,12acfc45-bdfb-4343-9004-9be15dfd844c,aef98915-d9bd-4ef8-82f6-281ec4d69cc6,0cf0d29d-b160-429c-b796-5681868a0d4b
12acfc45-bdfb-4343-9004-9be15dfd844c,aef98915-d9bd-4ef8-82f6-281ec4d69cc6,c0798894-9b86-4d30-ad21-96b896568306,->,12acfc45-bdfb-4343-9004-9be15dfd844c,aef98915-d9bd-4ef8-82f6-281ec4d69cc6,0fb8c0b3-d526-4e5a-b200-7aabf6303623
12acfc45-bdfb-4343-9004-9be15dfd844c,aef98915-d9bd-4ef8-82f6-281ec4d69cc6,77a322d0-8a7f-4dc6-8de0-65110adfa831,->,12acfc45-bdfb-4343-9004-9be15dfd844c,aef98915-d9bd-4ef8-82f6-281ec4d69cc6,3992bd2f-77ae-44fd-9dcd-0b271853822c
12acfc45-bdfb-4343-9004-9be15dfd844c,aef98915-d9bd-4ef8-82f6-281ec4d69cc6,77a322d0-8a7f-4dc6-8de0-65110adfa831,->,12acfc45-bdfb-4343-9004-9be15dfd844c,aef98915-d9bd-4ef8-82f6-281ec4d69cc6,0cf0d29d-b160-429c-b796-5681868a0d4b
12acfc45-bdfb-4343-9004-9be15dfd844c,aef98915-d9bd-4ef8-82f6-281ec4d69cc6,77a322d0-8a7f-4dc6-8de0-65110adfa831,->,12acfc45-bdfb-4343-9004-9be15dfd844c,aef98915-d9bd-4ef8-82f6-281ec4d69cc6,0cf0d29d-b160-429c-b796-5681868a0d4b
12acfc45-bdfb-4343-9004-9be15dfd844c,aef98915-d9bd-4ef8-82f6-281ec4d69cc6,77a322d0-8a7f-4dc6-8de0-65110adfa831,->,12acfc45-bdfb-4343-9004-9be15dfd844c,aef98915-d9bd-4ef8-82f6-281ec4d69cc6,0cf0d29d-b160-429c-b796-5681868a0d4b
12acfc45-bdfb-4343-9004-9be15dfd844c,aef98915-d9bd-4ef8-82f6-281ec4d69cc6,77a322d0-8a7f-4dc6-8de0-65110adfa831,->,12acfc45-bdfb-4343-9004-9be15dfd844c,aef98915-d9bd-4ef8-82f6-281ec4d69cc6,0cf0d29d-b160-429c-b796-5681868a0d4b
12acfc45-bdfb-4343-9004-9be15dfd844c,aef98915-d9bd-4ef8-82f6-281ec4d69cc6,77a322d0-8a7f-4dc6-8de0-65110adfa831,->,12acfc45-bdfb-4343-9004-9be15dfd844c,aef98915-d9bd-4ef8-82f6-281ec4d69cc6,0cf0d29d-b160-429c-b796-5681868a0d4b
12acfc45-bdfb-4343-9004-9be15dfd844c,aef98915-d9bd-4ef8-82f6-281ec4d69cc6,77a322d0-8a7f-4dc6-8de0-65110adfa831,->,12acfc45-bdfb-4343-9004-9be15dfd844c,aef98915-d9bd-4ef8-82f6-281ec4d69cc6,0fb8c0b3-d526-4e5a-b200-7aabf6303623
12acfc45-bdfb-4343-9004-9be15dfd844c,aef98915-d9bd-4ef8-82f6-281ec4d69cc6,77a322d0-8a7f-4dc6-8de0-65110adfa831,->,12acfc45-bdfb-4343-9004-9be15dfd844c,aef98915-d9bd-4ef8-82f6-281ec4d69cc6,3992bd2f-77ae-44fd-9dcd-0b271853822c
12acfc45-bdfb-4343-9004-9be15dfd844c,aef98915-d9bd-4ef8-82f6-281ec4d69cc6,77a322d0-8a7f-4dc6-8de0-65110adfa831,->,12acfc45-bdfb-4343-9004-9be15dfd844c,aef98915-d9bd-4ef8-82f6-281ec4d69cc6,0cf0d29d-b160-429c-b796-5681868a0d4b
12acfc45-bdfb-4343-9004-9be15dfd844c,aef98915-d9bd-4ef8-82f6-281ec4d69cc6,77a322d0-8a7f-4dc6-8de0-65110adfa831,->,12acfc45-bdfb-4343-9004-9be15dfd844c,aef98915-d9bd-4ef8-82f6-281ec4d69cc6,0cf0d29d-b160-429c-b796-5681868a0d4b
12acfc45-bdfb-4343-9004-9be15dfd844c,aef98915-d9bd-4ef8-82f6-281ec4d69cc6,77a322d0-8a7f-4dc6-8de0-65110adfa831,->,12acfc45-bdfb-4343-9004-9be15dfd844c,aef98915-d9bd-4ef8-82f6-281ec4d69cc6,0cf0d29d-b160-429c-b796-5681868a0d4b
12acfc45-bdfb-4343-9004-9be15dfd844c,aef98915-d9bd-4ef8-82f6-281ec4d69cc6,77a322d0-8a7f-4dc6-8de0-65110adfa831,->,12acfc45-bdfb-4343-9004-9be15dfd844c,aef98915-d9bd-4ef8-82f6-281ec4d69cc6,0cf0d29d-b160-429c-b796-5681868a0d4b
12acfc45-bdfb-4343-9004-9be15dfd844c,aef98915-d9bd-4ef8-82f6-281ec4d69cc6,77a322d0-8a7f-4dc6-8de0-65110adfa831,->,12acfc45-bdfb-4343-9004-9be15dfd844c,aef98915-d9bd-4ef8-82f6-281ec4d69cc6,0cf0d29d-b160-429c-b796-5681868a0d4b
12acfc45-bdfb-4343-9004-9be15dfd844c,aef98915-d9bd-4ef8-82f6-281ec4d69cc6,77a322d0-8a7f-4dc6-8de0-65110adfa831,->,12acfc45-bdfb-4343-9004-9be15dfd844c,aef98915-d9bd-4ef8-82f6-281ec4d69cc6,0cf0d29d-b160-429c-b796-5681868a0d4b
12acfc45-bdfb-4343-9004-9be15dfd844c,aef98915-d9bd-4ef8-82f6-281ec4d69cc6,77a322d0-8a7f-4dc6-8de0-65110adfa831,->,12acfc45-bdfb-4343-9004-9be15dfd844c,aef98915-d9bd-4ef8-82f6-281ec4d69cc6,0cf0d29d-b160-429c-b796-5681868a0d4b
12acfc45-bdfb-4343-9004-9be15dfd844c,aef98915-d9bd-4ef8-82f6-281ec4d69cc6,77a322d0-8a7f-4dc6-8de0-65110adfa831,->,12acfc45-bdfb-4343-9004-9be15dfd844c,aef98915-d9bd-4ef8-82f6-281ec4d69cc6,0cf0d29d-b160-429c-b796-5681868a0d4b
12acfc45-bdfb-4343-9004-9be15dfd844c,aef98915-d9bd-4ef8-82f6-281ec4d69cc6,77a322d0-8a7f-4dc6-8de0-65110adfa831,->,12acfc45-bdfb-4343-9004-9be15dfd844c,aef98915-d9bd-4ef8-82f6-281ec4d69cc6,0cf0d29d-b160-429c-b796-5681868a0d4b
12acfc45-bdfb-4343-9004-9be15dfd844c,aef98915-d9bd-4ef8-82f6-281ec4d69cc6,77a322d0-8a7f-4dc6-8de0-65110adfa831,->,12acfc45-bdfb-4343-9004-9be15dfd844c,aef98915-d9bd-4ef8-82f6-281ec4d69cc6,0cf0d29d-b160-429c-b796-5681868a0d4b
12acfc45-bdfb-4343-9004-9be15dfd844c,aef98915-d9bd-4ef8-82f6-281ec4d69cc6,77a322d0-8a7f-4dc6-8de0-65110adfa831,->,12acfc45-bdfb-4343-9004-9be15dfd844c,aef98915-d9bd-4ef8-82f6-281ec4d69cc6,0cf0d29d-b160-429c-b796-5681868a0d4b
12acfc45-bdfb-4343-9004-9be15dfd844c,aef98915-d9bd-4ef8-82f6-281ec4d69cc6,77a322d0-8a7f-4dc6-8de0-65110adfa831,->,12acfc45-bdfb-4343-9004-9be15dfd844c,aef98915-d9bd-4ef8-82f6-281ec4d69cc6,0cf0d29d-b160-429c-b796-5681868a0d4b
12acfc45-bdfb-4343-9004-9be15dfd844c,aef98915-d9bd-4ef8-82f6-281ec4d69cc6,77a322d0-8a7f-4dc6-8de0-65110adfa831,->,12acfc45-bdfb-4343-9004-9be15dfd844c,aef98915-d9bd-4ef8-82f6-281ec4d69cc6,0cf0d29d-b160-429c-b796-5681868a0d4b
12acfc45-bdfb-4343-9004-9be15dfd844c,aef98915-d9bd-4ef8-82f6-281ec4d69cc6,77a322d0-8a7f-4dc6-8de0-65110adfa831,->,12acfc45-bdfb-4343-9004-9be15dfd844c,aef98915-d9bd-4ef8-82f6-281ec4d69cc6,0cf0d29d-b160-429c-b796-5681868a0d4b
12acfc45-bdfb-4343-9004-9be15dfd844c,aef98915-d9bd-4ef8-82f6-281ec4d69cc6,77a322d0-8a7f-4dc6-8de0-65110adfa831,->,12acfc45-bdfb-4343-9004-9be15dfd844c,aef98915-d9bd-4ef8-82f6-281ec4d69cc6,0cf0d29d-b160-429c-b796-5681868a0d4b
12acfc45-bdfb-4343-9004-9be15dfd844c,aef98915-d9bd-4ef8-82f6-281ec4d69cc6,77a322d0-8a7f-4dc6-8de0-65110adfa831,->,12acfc45-bdfb-4343-9004-9be15dfd844c,aef98915-d9bd-4ef8-82f6-281ec4d69cc6,0cf0d29d-b160-429c-b796-5681868a0d4b
12acfc45-bdfb-4343-9004-9be15dfd844c,aef98915-d9bd-4ef8-82f6-281ec4d69cc6,77a322d0-8a7f-4dc6-8de0-65110adfa831,->,12acfc45-bdfb-4343-9004-9be15dfd844c,aef98915-d9bd-4ef8-82f6-281ec4d69cc6,0cf0d29d-b160-429c-b796-5681868a0d4b
12acfc45-bdfb-4343-9004-9be15dfd844c,aef98915-d9bd-4ef8-82f6-281ec4d69cc6,77a322d0-8a7f-4dc6-8de0-65110adfa831,->,12acfc45-bdfb-4343-9004-9be15dfd844c,aef98915-d9bd-4ef8-82f6-281ec4d69cc6,0cf0d29d-b160-429c-b796-5681868a0d4b
12acfc45-bdfb-4343-9004-9be15dfd844c,aef98915-d9bd-4ef8-82f6-281ec4d69cc6,77a322d0-8a7f-4dc6-8de0-65110adfa831,->,12acfc45-bdfb-4343-9004-9be15dfd844c,aef98915-d9bd-4ef8-82f6-281ec4d69cc6,0cf0d29d-b160-429c-b796-5681868a0d4b
12acfc45-bdfb-4343-9004-9be15dfd844c,aef98915-d9bd-4ef8-82f6-281ec4d69cc6,77a322d0-8a7f-4dc6-8de0-65110adfa831,->,12acfc45-bdfb-4343-9004-9be15dfd844c,aef98915-d9bd-4ef8-82f6-281ec4d69cc6,0cf0d29d-b160-429c-b796-5681868a0d4b
12acfc45-bdfb-4343-9004-9be15dfd844c,aef98915-d9bd-4ef8-82f6-281ec4d69cc6,77a322d0-8a7f-4dc6-8de0-65110adfa831,->,12acfc45-bdfb-4343-9004-9be15dfd844c,aef98915-d9bd-4ef8-82f6-281ec4d69cc6,0cf0d29d-b160-429c-b796-5681868a0d4b
12acfc45-bdfb-4343-9004-9be15dfd844c,aef98915-d9bd-4ef8-82f6-281ec4d69cc6,77a322d0-8a7f-4dc6-8de0-65110adfa831,->,12acfc45-bdfb-4343-9004-9be15dfd844c,aef98915-d9bd-4ef8-82f6-281ec4d69cc6,0cf0d29d-b160-429c-b796-5681868a0d4b
12acfc45-bdfb-4343-9004-9be15dfd844c,aef98915-d9bd-4ef8-82f6-281ec4d69cc6,77a322d0-8a7f-4dc6-8de0-65110adfa831,->,12acfc45-bdfb-4343-9004-9be15dfd844c,aef98915-d9bd-4ef8-82f6-281ec4d69cc6,0cf0d29d-b160-429c-b796-5681868a0d4b
12acfc45-bdfb-4343-9004-9be15dfd844c,aef98915-d9bd-4ef8-82f6-281ec4d69cc6,77a322d0-8a7f-4dc6-8de0-65110adfa831,->,12acfc45-bdfb-4343-9004-9be15dfd844c,aef98915-d9bd-4ef8-82f6-281ec4d69cc6,0cf0d29d-b160-429c-b796-5681868a0d4b
12acfc45-bdfb-4343-9004-9be15dfd844c,aef98915-d9bd-4ef8-82f6-281ec4d69cc6,77a322d0-8a7f-4dc6-8de0-65110adfa831,->,12acfc45-bdfb-4343-9004-9be15dfd844c,aef98915-d9bd-4ef8-82f6-281ec4d69cc6,0cf0d29d-b160-429c-b796-5681868a0d4b
12acfc45-bdfb-4343-9004-9be15dfd844c,aef98915-d9bd-4ef8-82f6-281ec4d69cc6,77a322d0-8a7f-4dc6-8de0-65110adfa831,->,12acfc45-bdfb-4343-9004-9be15dfd844c,aef98915-d9bd-4ef8-82f6-281ec4d69cc6,0cf0d29d-b160-429c-b796-5681868a0d4b
12acfc45-bdfb-4343-9004-9be15dfd844c,aef98915-d9bd-4ef8-82f6-281ec4d69cc6,77a322d0-8a7f-4dc6-8de0-65110adfa831,->,12acfc45-bdfb-4343-9004-9be15dfd844c,aef98915-d9bd-4ef8-82f6-281ec4d69cc6,0fb8c0b3-d526-4e5a-b200-7aabf6303623
12acfc45-bdfb-4343-9004-9be15dfd844c,aef98915-d9bd-4ef8-82f6-281ec4d69cc6,77a322d0-8a7f-4dc6-8de0-65110adfa831,->,12acfc45-bdfb-4343-9004-9be15dfd844c,aef98915-d9bd-4ef8-82f6-281ec4d69cc6,3992bd2f-77ae-44fd-9dcd-0b271853822c
12acfc45-bdfb-4343-9004-9be15dfd844c,aef98915-d9bd-4ef8-82f6-281ec4d69cc6,77a322d0-8a7f-4dc6-8de0-65110adfa831,->,12acfc45-bdfb-4343-9004-9be15dfd844c,aef98915-d9bd-4ef8-82f6-281ec4d69cc6,0cf0d29d-b160-429c-b796-5681868a0d4b
12acfc45-bdfb-4343-9004-9be15dfd844c,aef98915-d9bd-4ef8-82f6-281ec4d69cc6,77a322d0-8a7f-4dc6-8de0-65110adfa831,->,12acfc45-bdfb-4343-9004-9be15dfd844c,aef98915-d9bd-4ef8-82f6-281ec4d69cc6,0cf0d29d-b160-429c-b796-5681868a0d4b
12acfc45-bdfb-4343-9004-9be15dfd844c,aef98915-d9bd-4ef8-82f6-281ec4d69cc6,77a322d0-8a7f-4dc6-8de0-65110adfa831,->,12acfc45-bdfb-4343-9004-9be15dfd844c,aef98915-d9bd-4ef8-82f6-281ec4d69cc6,0cf0d29d-b160-429c-b796-5681868a0d4b
12acfc45-bdfb-4343-9004-9be15dfd844c,aef98915-d9bd-4ef8-82f6-281ec4d69cc6,77a322d0-8a7f-4dc6-8de0-65110adfa831,->,12acfc45-bdfb-4343-9004-9be15dfd844c,aef98915-d9bd-4ef8-82f6-281ec4d69cc6,0cf0d29d-b160-429c-b796-5681868a0d4b
12acfc45-bdfb-4343-9004-9be15dfd844c,aef98915-d9bd-4ef8-82f6-281ec4d69cc6,77a322d0-8a7f-4dc6-8de0-65110adfa831,->,12acfc45-bdfb-4343-9004-9be15dfd844c,aef98915-d9bd-4ef8-82f6-281ec4d69cc6,0cf0d29d-b160-429c-b796-5681868a0d4b
12acfc45-bdfb-4343-9004-9be15dfd844c,aef98915-d9bd-4ef8-82f6-281ec4d69cc6,77a322d0-8a7f-4dc6-8de0-65110adfa831,->,12acfc45-bdfb-4343-9004-9be15dfd844c,aef98915-d9bd-4ef8-82f6-281ec4d69cc6,0cf0d29d-b160-429c-b796-5681868a0d4b
12acfc45-bdfb-4343-9004-9be15dfd844c,aef98915-d9bd-4ef8-82f6-281ec4d69cc6,77a322d0-8a7f-4dc6-8de0-65110adfa831,->,12acfc45-bdfb-4343-9004-9be15dfd844c,aef98915-d9bd-4ef8-82f6-281ec4d69cc6,0cf0d29d-b160-429c-b796-5681868a0d4b
12acfc45-bdfb-4343-9004-9be15dfd844c,aef98915-d9bd-4ef8-82f6-281ec4d69cc6,77a322d0-8a7f-4dc6-8de0-65110adfa831,->,12acfc45-bdfb-4343-9004-9be15dfd844c,aef98915-d9bd-4ef8-82f6-281ec4d69cc6,0cf0d29d-b160-429c-b796-5681868a0d4b
12acfc45-bdfb-4343-9004-9be15dfd844c,aef98915-d9bd-4ef8-82f6-281ec4d69cc6,77a322d0-8a7f-4dc6-8de0-65110adfa831,->,12acfc45-bdfb-4343-9004-9be15dfd844c,aef98915-d9bd-4ef8-82f6-281ec4d69cc6,0cf0d29d-b160-429c-b796-5681868a0d4b
12acfc45-bdfb-4343-9004-9be15dfd844c,aef98915-d9bd-4ef8-82f6-281ec4d69cc6,77a322d0-8a7f-4dc6-8de0-65110adfa831,->,12acfc45-bdfb-4343-9004-9be15dfd844c,aef98915-d9bd-4ef8-82f6-281ec4d69cc6,0cf0d29d-b160-429c-b796-5681868a0d4b
12acfc45-bdfb-4343-9004-9be15dfd844c,aef98915-d9bd-4ef8-82f6-281ec4d69cc6,77a322d0-8a7f-4dc6-8de0-65110adfa831,->,12acfc45-bdfb-4343-9004-9be15dfd844c,aef98915-d9bd-4ef8-82f6-281ec4d69cc6,0cf0d29d-b160-429c-b796-5681868a0d4b
12acfc45-bdfb-4343-9004-9be15dfd844c,aef98915-d9bd-4ef8-82f6-281ec4d69cc6,77a322d0-8a7f-4dc6-8de0-65110adfa831,->,12acfc45-bdfb-4343-9004-9be15dfd844c,aef98915-d9bd-4ef8-82f6-281ec4d69cc6,0cf0d29d-b160-429c-b796-5681868a0d4b
12acfc45-bdfb-4343-9004-9be15dfd844c,aef98915-d9bd-4ef8-82f6-281ec4d69cc6,77a322d0-8a7f-4dc6-8de0-65110adfa831,->,12acfc45-bdfb-4343-9004-9be15dfd844c,aef98915-d9bd-4ef8-82f6-281ec4d69cc6,0cf0d29d-b160-429c-b796-5681868a0d4b
12acfc45-bdfb-4343-9004-9be15dfd844c,aef98915-d9bd-4ef8-82f6-281ec4d69cc6,77a322d0-8a7f-4dc6-8de0-65110adfa831,->,12acfc45-bdfb-4343-9004-9be15dfd844c,aef98915-d9bd-4ef8-82f6-281ec4d69cc6,0cf0d29d-b160-429c-b796-5681868a0d4b
12acfc45-bdfb-4343-9004-9be15dfd844c,aef98915-d9bd-4ef8-82f6-281ec4d69cc6,77a322d0-8a7f-4dc6-8de0-65110adfa831,->,12acfc45-bdfb-4343-9004-9be15dfd844c,aef98915-d9bd-4ef8-82f6-281ec4d69cc6,0cf0d29d-b160-429c-b796-5681868a0d4b
12acfc45-bdfb-4343-9004-9be15dfd844c,aef98915-d9bd-4ef8-82f6-281ec4d69cc6,77a322d0-8a7f-4dc6-8de0-65110adfa831,->,12acfc45-bdfb-4343-9004-9be15dfd844c,aef98915-d9bd-4ef8-82f6-281ec4d69cc6,0cf0d29d-b160-429c-b796-5681868a0d4b
12acfc45-bdfb-4343-9004-9be15dfd844c,aef98915-d9bd-4ef8-82f6-281ec4d69cc6,77a322d0-8a7f-4dc6-8de0-65110adfa831,->,12acfc45-bdfb-4343-9004-9be15dfd844c,aef98915-d9bd-4ef8-82f6-281ec4d69cc6,0cf0d29d-b160-429c-b796-5681868a0d4b
12acfc45-bdfb-4343-9004-9be15dfd844c,aef98915-d9bd-4ef8-82f6-281ec4d69cc6,77a322d0-8a7f-4dc6-8de0-65110adfa831,->,12acfc45-bdfb-4343-9004-9be15dfd844c,aef98915-d9bd-4ef8-82f6-281ec4d69cc6,0cf0d29d-b160-429c-b796-5681868a0d4b
12acfc45-bdfb-4343-9004-9be15dfd844c,aef98915-d9bd-4ef8-82f6-281ec4d69cc6,77a322d0-8a7f-4dc6-8de0-65110adfa831,->,12acfc45-bdfb-4343-9004-9be15dfd844c,aef98915-d9bd-4ef8-82f6-281ec4d69cc6,0cf0d29d-b160-429c-b796-5681868a0d4b
12acfc45-bdfb-4343-9004-9be15dfd844c,aef98915-d9bd-4ef8-82f6-281ec4d69cc6,77a322d0-8a7f-4dc6-8de0-65110adfa831,->,12acfc45-bdfb-4343-9004-9be15dfd844c,aef98915-d9bd-4ef8-82f6-281ec4d69cc6,0cf0d29d-b160-429c-b796-5681868a0d4b
12acfc45-bdfb-4343-9004-9be15dfd844c,aef98915-d9bd-4ef8-82f6-281ec4d69cc6,77a322d0-8a7f-4dc6-8de0-65110adfa831,->,12acfc45-bdfb-4343-9004-9be15dfd844c,aef98915-d9bd-4ef8-82f6-281ec4d69cc6,0cf0d29d-b160-429c-b796-5681868a0d4b
12acfc45-bdfb-4343-9004-9be15dfd844c,aef98915-d9bd-4ef8-82f6-281ec4d69cc6,77a322d0-8a7f-4dc6-8de0-65110adfa831,->,12acfc45-bdfb-4343-9004-9be15dfd844c,aef98915-d9bd-4ef8-82f6-281ec4d69cc6,0cf0d29d-b160-429c-b796-5681868a0d4b
12acfc45-bdfb-4343-9004-9be15dfd844c,aef98915-d9bd-4ef8-82f6-281ec4d69cc6,77a322d0-8a7f-4dc6-8de0-65110adfa831,->,12acfc45-bdfb-4343-9004-9be15dfd844c,aef98915-d9bd-4ef8-82f6-281ec4d69cc6,0cf0d29d-b160-429c-b796-5681868a0d4b
12acfc45-bdfb-4343-9004-9be15dfd844c,aef98915-d9bd-4ef8-82f6-281ec4d69cc6,77a322d0-8a7f-4dc6-8de0-65110adfa831,->,12acfc45-bdfb-4343-9004-9be15dfd844c,aef98915-d9bd-4ef8-82f6-281ec4d69cc6,0cf0d29d-b160-429c-b796-5681868a0d4b
12acfc45-bdfb-4343-9004-9be15dfd844c,aef98915-d9bd-4ef8-82f6-281ec4d69cc6,77a322d0-8a7f-4dc6-8de0-65110adfa831,->,12acfc45-bdfb-4343-9004-9be15dfd844c,aef98915-d9bd-4ef8-82f6-281ec4d69cc6,0cf0d29d-b160-429c-b796-5681868a0d4b
12acfc45-bdfb-4343-9004-9be15dfd844c,aef98915-d9bd-4ef8-82f6-281ec4d69cc6,77a322d0-8a7f-4dc6-8de0-65110adfa831,->,12acfc45-bdfb-4343-9004-9be15dfd844c,aef98915-d9bd-4ef8-82f6-281ec4d69cc6,0cf0d29d-b160-429c-b796-5681868a0d4b
12acfc45-bdfb-4343-9004-9be15dfd844c,aef98915-d9bd-4ef8-82f6-281ec4d69cc6,77a322d0-8a7f-4dc6-8de0-65110adfa831,->,12acfc45-bdfb-4343-9004-9be15dfd844c,aef98915-d9bd-4ef8-82f6-281ec4d69cc6,0cf0d29d-b160-429c-b796-5681868a0d4b
12acfc45-bdfb-4343-9004-9be15dfd844c,aef98915-d9bd-4ef8-82f6-281ec4d69cc6,77a322d0-8a7f-4dc6-8de0-65110adfa831,->,12acfc45-bdfb-4343-9004-9be15dfd844c,aef98915-d9bd-4ef8-82f6-281ec4d69cc6,0cf0d29d-b160-429c-b796-5681868a0d4b
12acfc45-bdfb-4343-9004-9be15dfd844c,aef98915-d9bd-4ef8-82f6-281ec4d69cc6,77a322d0-8a7f-4dc6-8de0-65110adfa831,->,12acfc45-bdfb-4343-9004-9be15dfd844c,aef98915-d9bd-4ef8-82f6-281ec4d69cc6,0cf0d29d-b160-429c-b796-5681868a0d4b
12acfc45-bdfb-4343-9004-9be15dfd844c,aef98915-d9bd-4ef8-82f6-281ec4d69cc6,77a322d0-8a7f-4dc6-8de0-65110adfa831,->,12acfc45-bdfb-4343-9004-9be15dfd844c,aef98915-d9bd-4ef8-82f6-281ec4d69cc6,0fb8c0b3-d526-4e5a-b200-7aabf6303623
12acfc45-bdfb-4343-9004-9be15dfd844c,aef98915-d9bd-4ef8-82f6-281ec4d69cc6,77a322d0-8a7f-4dc6-8de0-65110adfa831,->,12acfc45-bdfb-4343-9004-9be15dfd844c,aef98915-d9bd-4ef8-82f6-281ec4d69cc6,3992bd2f-77ae-44fd-9dcd-0b271853822c
12acfc45-bdfb-4343-9004-9be15dfd844c,aef98915-d9bd-4ef8-82f6-281ec4d69cc6,77a322d0-8a7f-4dc6-8de0-65110adfa831,->,12acfc45-bdfb-4343-9004-9be15dfd844c,aef98915-d9bd-4ef8-82f6-281ec4d69cc6,0cf0d29d-b160-429c-b796-5681868a0d4b
12acfc45-bdfb-4343-9004-9be15dfd844c,aef98915-d9bd-4ef8-82f6-281ec4d69cc6,77a322d0-8a7f-4dc6-8de0-65110adfa831,->,12acfc45-bdfb-4343-9004-9be15dfd844c,aef98915-d9bd-4ef8-82f6-281ec4d69cc6,0cf0d29d-b160-429c-b796-5681868a0d4b
12acfc45-bdfb-4343-9004-9be15dfd844c,aef98915-d9bd-4ef8-82f6-281ec4d69cc6,77a322d0-8a7f-4dc6-8de0-65110adfa831,->,12acfc45-bdfb-4343-9004-9be15dfd844c,aef98915-d9bd-4ef8-82f6-281ec4d69cc6,0cf0d29d-b160-429c-b796-5681868a0d4b
12acfc45-bdfb-4343-9004-9be15dfd844c,aef98915-d9bd-4ef8-82f6-281ec4d69cc6,77a322d0-8a7f-4dc6-8de0-65110adfa831,->,12acfc45-bdfb-4343-9004-9be15dfd844c,aef98915-d9bd-4ef8-82f6-281ec4d69cc6,0cf0d29d-b160-429c-b796-5681868a0d4b
12acfc45-bdfb-4343-9004-9be15dfd844c,aef98915-d9bd-4ef8-82f6-281ec4d69cc6,77a322d0-8a7f-4dc6-8de0-65110adfa831,->,12acfc45-bdfb-4343-9004-9be15dfd844c,aef98915-d9bd-4ef8-82f6-281ec4d69cc6,0cf0d29d-b160-429c-b796-5681868a0d4b
12acfc45-bdfb-4343-9004-9be15dfd844c,aef98915-d9bd-4ef8-82f6-281ec4d69cc6,77a322d0-8a7f-4dc6-8de0-65110adfa831,->,12acfc45-bdfb-4343-9004-9be15dfd844c,aef98915-d9bd-4ef8-82f6-281ec4d69cc6,0cf0d29d-b160-429c-b796-5681868a0d4b
12acfc45-bdfb-4343-9004-9be15dfd844c,aef98915-d9bd-4ef8-82f6-281ec4d69cc6,77a322d0-8a7f-4dc6-8de0-65110adfa831,->,12acfc45-bdfb-4343-9004-9be15dfd844c,aef98915-d9bd-4ef8-82f6-281ec4d69cc6,0cf0d29d-b160-429c-b796-5681868a0d4b
12acfc45-bdfb-4343-9004-9be15dfd844c,aef98915-d9bd-4ef8-82f6-281ec4d69cc6,77a322d0-8a7f-4dc6-8de0-65110adfa831,->,12acfc45-bdfb-4343-9004-9be15dfd844c,aef98915-d9bd-4ef8-82f6-281ec4d69cc6,0cf0d29d-b160-429c-b796-5681868a0d4b
12acfc45-bdfb-4343-9004-9be15dfd844c,aef98915-d9bd-4ef8-82f6-281ec4d69cc6,77a322d0-8a7f-4dc6-8de0-65110adfa831,->,12acfc45-bdfb-4343-9004-9be15dfd844c,aef98915-d9bd-4ef8-82f6-281ec4d69cc6,0cf0d29d-b160-429c-b796-5681868a0d4b
12acfc45-bdfb-4343-9004-9be15dfd844c,aef98915-d9bd-4ef8-82f6-281ec4d69cc6,77a322d0-8a7f-4dc6-8de0-65110adfa831,->,12acfc45-bdfb-4343-9004-9be15dfd844c,aef98915-d9bd-4ef8-82f6-281ec4d69cc6,0cf0d29d-b160-429c-b796-5681868a0d4b
12acfc45-bdfb-4343-9004-9be15dfd844c,aef98915-d9bd-4ef8-82f6-281ec4d69cc6,77a322d0-8a7f-4dc6-8de0-65110adfa831,->,12acfc45-bdfb-4343-9004-9be15dfd844c,aef98915-d9bd-4ef8-82f6-281ec4d69cc6,0cf0d29d-b160-429c-b796-5681868a0d4b
12acfc45-bdfb-4343-9004-9be15dfd844c,aef98915-d9bd-4ef8-82f6-281ec4d69cc6,77a322d0-8a7f-4dc6-8de0-65110adfa831,->,12acfc45-bdfb-4343-9004-9be15dfd844c,aef98915-d9bd-4ef8-82f6-281ec4d69cc6,0cf0d29d-b160-429c-b796-5681868a0d4b
12acfc45-bdfb-4343-9004-9be15dfd844c,aef98915-d9bd-4ef8-82f6-281ec4d69cc6,77a322d0-8a7f-4dc6-8de0-65110adfa831,->,12acfc45-bdfb-4343-9004-9be15dfd844c,aef98915-d9bd-4ef8-82f6-281ec4d69cc6,0cf0d29d-b160-429c-b796-5681868a0d4b
12acfc45-bdfb-4343-9004-9be15dfd844c,aef98915-d9bd-4ef8-82f6-281ec4d69cc6,77a322d0-8a7f-4dc6-8de0-65110adfa831,->,12acfc45-bdfb-4343-9004-9be15dfd844c,aef98915-d9bd-4ef8-82f6-281ec4d69cc6,0cf0d29d-b160-429c-b796-5681868a0d4b
12acfc45-bdfb-4343-9004-9be15dfd844c,aef98915-d9bd-4ef8-82f6-281ec4d69cc6,77a322d0-8a7f-4dc6-8de0-65110adfa831,->,12acfc45-bdfb-4343-9004-9be15dfd844c,aef98915-d9bd-4ef8-82f6-281ec4d69cc6,0cf0d29d-b160-429c-b796-5681868a0d4b
12acfc45-bdfb-4343-9004-9be15dfd844c,aef98915-d9bd-4ef8-82f6-281ec4d69cc6,77a322d0-8a7f-4dc6-8de0-65110adfa831,->,12acfc45-bdfb-4343-9004-9be15dfd844c,aef98915-d9bd-4ef8-82f6-281ec4d69cc6,0cf0d29d-b160-429c-b796-5681868a0d4b
12acfc45-bdfb-4343-9004-9be15dfd844c,aef98915-d9bd-4ef8-82f6-281ec4d69cc6,77a322d0-8a7f-4dc6-8de0-65110adfa831,->,12acfc45-bdfb-4343-9004-9be15dfd844c,aef98915-d9bd-4ef8-82f6-281ec4d69cc6,0cf0d29d-b160-429c-b796-5681868a0d4b
12acfc45-bdfb-4343-9004-9be15dfd844c,aef98915-d9bd-4ef8-82f6-281ec4d69cc6,77a322d0-8a7f-4dc6-8de0-65110adfa831,->,12acfc45-bdfb-4343-9004-9be15dfd844c,aef98915-d9bd-4ef8-82f6-281ec4d69cc6,0cf0d29d-b160-429c-b796-5681868a0d4b
12acfc45-bdfb-4343-9004-9be15dfd844c,aef98915-d9bd-4ef8-82f6-281ec4d69cc6,77a322d0-8a7f-4dc6-8de0-65110adfa831,->,12acfc45-bdfb-4343-9004-9be15dfd844c,aef98915-d9bd-4ef8-82f6-281ec4d69cc6,0cf0d29d-b160-429c-b796-5681868a0d4b
12acfc45-bdfb-4343-9004-9be15dfd844c,aef98915-d9bd-4ef8-82f6-281ec4d69cc6,77a322d0-8a7f-4dc6-8de0-65110adfa831,->,12acfc45-bdfb-4343-9004-9be15dfd844c,aef98915-d9bd-4ef8-82f6-281ec4d69cc6,0cf0d29d-b160-429c-b796-5681868a0d4b
12acfc45-bdfb-4343-9004-9be15dfd844c,aef98915-d9bd-4ef8-82f6-281ec4d69cc6,77a322d0-8a7f-4dc6-8de0-65110adfa831,->,12acfc45-bdfb-4343-9004-9be15dfd844c,aef98915-d9bd-4ef8-82f6-281ec4d69cc6,0cf0d29d-b160-429c-b796-5681868a0d4b
12acfc45-bdfb-4343-9004-9be15dfd844c,aef98915-d9bd-4ef8-82f6-281ec4d69cc6,77a322d0-8a7f-4dc6-8de0-65110adfa831,->,12acfc45-bdfb-4343-9004-9be15dfd844c,aef98915-d9bd-4ef8-82f6-281ec4d69cc6,0cf0d29d-b160-429c-b796-5681868a0d4b
12acfc45-bdfb-4343-9004-9be15dfd844c,aef98915-d9bd-4ef8-82f6-281ec4d69cc6,77a322d0-8a7f-4dc6-8de0-65110adfa831,->,12acfc45-bdfb-4343-9004-9be15dfd844c,aef98915-d9bd-4ef8-82f6-281ec4d69cc6,0cf0d29d-b160-429c-b796-5681868a0d4b
12acfc45-bdfb-4343-9004-9be15dfd844c,aef98915-d9bd-4ef8-82f6-281ec4d69cc6,77a322d0-8a7f-4dc6-8de0-65110adfa831,->,12acfc45-bdfb-4343-9004-9be15dfd844c,aef98915-d9bd-4ef8-82f6-281ec4d69cc6,0cf0d29d-b160-429c-b796-5681868a0d4b
12acfc45-bdfb-4343-9004-9be15dfd844c,aef98915-d9bd-4ef8-82f6-281ec4d69cc6,77a322d0-8a7f-4dc6-8de0-65110adfa831,->,12acfc45-bdfb-4343-9004-9be15dfd844c,aef98915-d9bd-4ef8-82f6-281ec4d69cc6,0cf0d29d-b160-429c-b796-5681868a0d4b
12acfc45-bdfb-4343-9004-9be15dfd844c,aef98915-d9bd-4ef8-82f6-281ec4d69cc6,77a322d0-8a7f-4dc6-8de0-65110adfa831,->,12acfc45-bdfb-4343-9004-9be15dfd844c,aef98915-d9bd-4ef8-82f6-281ec4d69cc6,0cf0d29d-b160-429c-b796-5681868a0d4b
12acfc45-bdfb-4343-9004-9be15dfd844c,aef98915-d9bd-4ef8-82f6-281ec4d69cc6,77a322d0-8a7f-4dc6-8de0-65110adfa831,->,12acfc45-bdfb-4343-9004-9be15dfd844c,aef98915-d9bd-4ef8-82f6-281ec4d69cc6,0fb8c0b3-d526-4e5a-b200-7aabf6303623
12acfc45-bdfb-4343-9004-9be15dfd844c,aef98915-d9bd-4ef8-82f6-281ec4d69cc6,77a322d0-8a7f-4dc6-8de0-65110adfa831,->,12acfc45-bdfb-4343-9004-9be15dfd844c,aef98915-d9bd-4ef8-82f6-281ec4d69cc6,3992bd2f-77ae-44fd-9dcd-0b271853822c
12acfc45-bdfb-4343-9004-9be15dfd844c,aef98915-d9bd-4ef8-82f6-281ec4d69cc6,77a322d0-8a7f-4dc6-8de0-65110adfa831,->,12acfc45-bdfb-4343-9004-9be15dfd844c,aef98915-d9bd-4ef8-82f6-281ec4d69cc6,0cf0d29d-b160-429c-b796-5681868a0d4b
12acfc45-bdfb-4343-9004-9be15dfd844c,aef98915-d9bd-4ef8-82f6-281ec4d69cc6,77a322d0-8a7f-4dc6-8de0-65110adfa831,->,12acfc45-bdfb-4343-9004-9be15dfd844c,aef98915-d9bd-4ef8-82f6-281ec4d69cc6,0cf0d29d-b160-429c-b796-5681868a0d4b
12acfc45-bdfb-4343-9004-9be15dfd844c,aef98915-d9bd-4ef8-82f6-281ec4d69cc6,77a322d0-8a7f-4dc6-8de0-65110adfa831,->,12acfc45-bdfb-4343-9004-9be15dfd844c,aef98915-d9bd-4ef8-82f6-281ec4d69cc6,0cf0d29d-b160-429c-b796-5681868a0d4b
12acfc45-bdfb-4343-9004-9be15dfd844c,aef98915-d9bd-4ef8-82f6-281ec4d69cc6,77a322d0-8a7f-4dc6-8de0-65110adfa831,->,12acfc45-bdfb-4343-9004-9be15dfd844c,aef98915-d9bd-4ef8-82f6-281ec4d69cc6,0cf0d29d-b160-429c-b796-5681868a0d4b
12acfc45-bdfb-4343-9004-9be15dfd844c,aef98915-d9bd-4ef8-82f6-281ec4d69cc6,77a322d0-8a7f-4dc6-8de0-65110adfa831,->,12acfc45-bdfb-4343-9004-9be15dfd844c,aef98915-d9bd-4ef8-82f6-281ec4d69cc6,0cf0d29d-b160-429c-b796-5681868a0d4b
12acfc45-bdfb-4343-9004-9be15dfd844c,aef98915-d9bd-4ef8-82f6-281ec4d69cc6,77a322d0-8a7f-4dc6-8de0-65110adfa831,->,12acfc45-bdfb-4343-9004-9be15dfd844c,aef98915-d9bd-4ef8-82f6-281ec4d69cc6,0fb8c0b3-d526-4e5a-b200-7aabf6303623
12acfc45-bdfb-4343-9004-9be15dfd844c,aef98915-d9bd-4ef8-82f6-281ec4d69cc6,77a322d0-8a7f-4dc6-8de0-65110adfa831,->,12acfc45-bdfb-4343-9004-9be15dfd844c,aef98915-d9bd-4ef8-82f6-281ec4d69cc6,3992bd2f-77ae-44fd-9dcd-0b271853822c
12acfc45-bdfb-4343-9004-9be15dfd844c,aef98915-d9bd-4ef8-82f6-281ec4d69cc6,77a322d0-8a7f-4dc6-8de0-65110adfa831,->,12acfc45-bdfb-4343-9004-9be15dfd844c,aef98915-d9bd-4ef8-82f6-281ec4d69cc6,0cf0d29d-b160-429c-b796-5681868a0d4b
12acfc45-bdfb-4343-9004-9be15dfd844c,aef98915-d9bd-4ef8-82f6-281ec4d69cc6,77a322d0-8a7f-4dc6-8de0-65110adfa831,->,12acfc45-bdfb-4343-9004-9be15dfd844c,server/model/players/Client.java,getItems
12acfc45-bdfb-4343-9004-9be15dfd844c,aef98915-d9bd-4ef8-82f6-281ec4d69cc6,77a322d0-8a7f-4dc6-8de0-65110adfa831,->,12acfc45-bdfb-4343-9004-9be15dfd844c,aef98915-d9bd-4ef8-82f6-281ec4d69cc6,0cf0d29d-b160-429c-b796-5681868a0d4b
12acfc45-bdfb-4343-9004-9be15dfd844c,aef98915-d9bd-4ef8-82f6-281ec4d69cc6,77a322d0-8a7f-4dc6-8de0-65110adfa831,->,12acfc45-bdfb-4343-9004-9be15dfd844c,aef98915-d9bd-4ef8-82f6-281ec4d69cc6,0fb8c0b3-d526-4e5a-b200-7aabf6303623
12acfc45-bdfb-4343-9004-9be15dfd844c,aef98915-d9bd-4ef8-82f6-281ec4d69cc6,a63921ae-3ad4-42a7-9ae1-bee4836c984a,->,12acfc45-bdfb-4343-9004-9be15dfd844c,aef98915-d9bd-4ef8-82f6-281ec4d69cc6,3992bd2f-77ae-44fd-9dcd-0b271853822c
12acfc45-bdfb-4343-9004-9be15dfd844c,aef98915-d9bd-4ef8-82f6-281ec4d69cc6,a63921ae-3ad4-42a7-9ae1-bee4836c984a,->,12acfc45-bdfb-4343-9004-9be15dfd844c,aef98915-d9bd-4ef8-82f6-281ec4d69cc6,0cf0d29d-b160-429c-b796-5681868a0d4b
12acfc45-bdfb-4343-9004-9be15dfd844c,aef98915-d9bd-4ef8-82f6-281ec4d69cc6,a63921ae-3ad4-42a7-9ae1-bee4836c984a,->,12acfc45-bdfb-4343-9004-9be15dfd844c,aef98915-d9bd-4ef8-82f6-281ec4d69cc6,0cf0d29d-b160-429c-b796-5681868a0d4b
12acfc45-bdfb-4343-9004-9be15dfd844c,aef98915-d9bd-4ef8-82f6-281ec4d69cc6,a63921ae-3ad4-42a7-9ae1-bee4836c984a,->,12acfc45-bdfb-4343-9004-9be15dfd844c,aef98915-d9bd-4ef8-82f6-281ec4d69cc6,0cf0d29d-b160-429c-b796-5681868a0d4b
12acfc45-bdfb-4343-9004-9be15dfd844c,aef98915-d9bd-4ef8-82f6-281ec4d69cc6,a63921ae-3ad4-42a7-9ae1-bee4836c984a,->,12acfc45-bdfb-4343-9004-9be15dfd844c,aef98915-d9bd-4ef8-82f6-281ec4d69cc6,0cf0d29d-b160-429c-b796-5681868a0d4b
12acfc45-bdfb-4343-9004-9be15dfd844c,aef98915-d9bd-4ef8-82f6-281ec4d69cc6,a63921ae-3ad4-42a7-9ae1-bee4836c984a,->,12acfc45-bdfb-4343-9004-9be15dfd844c,aef98915-d9bd-4ef8-82f6-281ec4d69cc6,0cf0d29d-b160-429c-b796-5681868a0d4b
12acfc45-bdfb-4343-9004-9be15dfd844c,aef98915-d9bd-4ef8-82f6-281ec4d69cc6,a63921ae-3ad4-42a7-9ae1-bee4836c984a,->,12acfc45-bdfb-4343-9004-9be15dfd844c,aef98915-d9bd-4ef8-82f6-281ec4d69cc6,0cf0d29d-b160-429c-b796-5681868a0d4b
12acfc45-bdfb-4343-9004-9be15dfd844c,aef98915-d9bd-4ef8-82f6-281ec4d69cc6,a63921ae-3ad4-42a7-9ae1-bee4836c984a,->,12acfc45-bdfb-4343-9004-9be15dfd844c,aef98915-d9bd-4ef8-82f6-281ec4d69cc6,0cf0d29d-b160-429c-b796-5681868a0d4b
12acfc45-bdfb-4343-9004-9be15dfd844c,aef98915-d9bd-4ef8-82f6-281ec4d69cc6,a63921ae-3ad4-42a7-9ae1-bee4836c984a,->,12acfc45-bdfb-4343-9004-9be15dfd844c,aef98915-d9bd-4ef8-82f6-281ec4d69cc6,0cf0d29d-b160-429c-b796-5681868a0d4b
12acfc45-bdfb-4343-9004-9be15dfd844c,aef98915-d9bd-4ef8-82f6-281ec4d69cc6,a63921ae-3ad4-42a7-9ae1-bee4836c984a,->,12acfc45-bdfb-4343-9004-9be15dfd844c,aef98915-d9bd-4ef8-82f6-281ec4d69cc6,0cf0d29d-b160-429c-b796-5681868a0d4b
12acfc45-bdfb-4343-9004-9be15dfd844c,aef98915-d9bd-4ef8-82f6-281ec4d69cc6,a63921ae-3ad4-42a7-9ae1-bee4836c984a,->,12acfc45-bdfb-4343-9004-9be15dfd844c,aef98915-d9bd-4ef8-82f6-281ec4d69cc6,0cf0d29d-b160-429c-b796-5681868a0d4b
12acfc45-bdfb-4343-9004-9be15dfd844c,aef98915-d9bd-4ef8-82f6-281ec4d69cc6,a63921ae-3ad4-42a7-9ae1-bee4836c984a,->,12acfc45-bdfb-4343-9004-9be15dfd844c,aef98915-d9bd-4ef8-82f6-281ec4d69cc6,0cf0d29d-b160-429c-b796-5681868a0d4b
12acfc45-bdfb-4343-9004-9be15dfd844c,aef98915-d9bd-4ef8-82f6-281ec4d69cc6,a63921ae-3ad4-42a7-9ae1-bee4836c984a,->,12acfc45-bdfb-4343-9004-9be15dfd844c,aef98915-d9bd-4ef8-82f6-281ec4d69cc6,0cf0d29d-b160-429c-b796-5681868a0d4b
12acfc45-bdfb-4343-9004-9be15dfd844c,aef98915-d9bd-4ef8-82f6-281ec4d69cc6,a63921ae-3ad4-42a7-9ae1-bee4836c984a,->,12acfc45-bdfb-4343-9004-9be15dfd844c,aef98915-d9bd-4ef8-82f6-281ec4d69cc6,0cf0d29d-b160-429c-b796-5681868a0d4b
12acfc45-bdfb-4343-9004-9be15dfd844c,aef98915-d9bd-4ef8-82f6-281ec4d69cc6,a63921ae-3ad4-42a7-9ae1-bee4836c984a,->,12acfc45-bdfb-4343-9004-9be15dfd844c,aef98915-d9bd-4ef8-82f6-281ec4d69cc6,0cf0d29d-b160-429c-b796-5681868a0d4b
12acfc45-bdfb-4343-9004-9be15dfd844c,aef98915-d9bd-4ef8-82f6-281ec4d69cc6,a63921ae-3ad4-42a7-9ae1-bee4836c984a,->,12acfc45-bdfb-4343-9004-9be15dfd844c,aef98915-d9bd-4ef8-82f6-281ec4d69cc6,0cf0d29d-b160-429c-b796-5681868a0d4b
12acfc45-bdfb-4343-9004-9be15dfd844c,aef98915-d9bd-4ef8-82f6-281ec4d69cc6,a63921ae-3ad4-42a7-9ae1-bee4836c984a,->,12acfc45-bdfb-4343-9004-9be15dfd844c,aef98915-d9bd-4ef8-82f6-281ec4d69cc6,0cf0d29d-b160-429c-b796-5681868a0d4b
12acfc45-bdfb-4343-9004-9be15dfd844c,aef98915-d9bd-4ef8-82f6-281ec4d69cc6,a63921ae-3ad4-42a7-9ae1-bee4836c984a,->,12acfc45-bdfb-4343-9004-9be15dfd844c,aef98915-d9bd-4ef8-82f6-281ec4d69cc6,0cf0d29d-b160-429c-b796-5681868a0d4b
12acfc45-bdfb-4343-9004-9be15dfd844c,aef98915-d9bd-4ef8-82f6-281ec4d69cc6,a63921ae-3ad4-42a7-9ae1-bee4836c984a,->,12acfc45-bdfb-4343-9004-9be15dfd844c,aef98915-d9bd-4ef8-82f6-281ec4d69cc6,0cf0d29d-b160-429c-b796-5681868a0d4b
12acfc45-bdfb-4343-9004-9be15dfd844c,aef98915-d9bd-4ef8-82f6-281ec4d69cc6,a63921ae-3ad4-42a7-9ae1-bee4836c984a,->,12acfc45-bdfb-4343-9004-9be15dfd844c,aef98915-d9bd-4ef8-82f6-281ec4d69cc6,0fb8c0b3-d526-4e5a-b200-7aabf6303623
12acfc45-bdfb-4343-9004-9be15dfd844c,aef98915-d9bd-4ef8-82f6-281ec4d69cc6,a63921ae-3ad4-42a7-9ae1-bee4836c984a,->,12acfc45-bdfb-4343-9004-9be15dfd844c,aef98915-d9bd-4ef8-82f6-281ec4d69cc6,3992bd2f-77ae-44fd-9dcd-0b271853822c
12acfc45-bdfb-4343-9004-9be15dfd844c,aef98915-d9bd-4ef8-82f6-281ec4d69cc6,a63921ae-3ad4-42a7-9ae1-bee4836c984a,->,12acfc45-bdfb-4343-9004-9be15dfd844c,aef98915-d9bd-4ef8-82f6-281ec4d69cc6,0cf0d29d-b160-429c-b796-5681868a0d4b
12acfc45-bdfb-4343-9004-9be15dfd844c,aef98915-d9bd-4ef8-82f6-281ec4d69cc6,a63921ae-3ad4-42a7-9ae1-bee4836c984a,->,12acfc45-bdfb-4343-9004-9be15dfd844c,aef98915-d9bd-4ef8-82f6-281ec4d69cc6,0cf0d29d-b160-429c-b796-5681868a0d4b
12acfc45-bdfb-4343-9004-9be15dfd844c,aef98915-d9bd-4ef8-82f6-281ec4d69cc6,a63921ae-3ad4-42a7-9ae1-bee4836c984a,->,12acfc45-bdfb-4343-9004-9be15dfd844c,aef98915-d9bd-4ef8-82f6-281ec4d69cc6,0cf0d29d-b160-429c-b796-5681868a0d4b
12acfc45-bdfb-4343-9004-9be15dfd844c,aef98915-d9bd-4ef8-82f6-281ec4d69cc6,a63921ae-3ad4-42a7-9ae1-bee4836c984a,->,12acfc45-bdfb-4343-9004-9be15dfd844c,aef98915-d9bd-4ef8-82f6-281ec4d69cc6,0cf0d29d-b160-429c-b796-5681868a0d4b
12acfc45-bdfb-4343-9004-9be15dfd844c,aef98915-d9bd-4ef8-82f6-281ec4d69cc6,a63921ae-3ad4-42a7-9ae1-bee4836c984a,->,12acfc45-bdfb-4343-9004-9be15dfd844c,aef98915-d9bd-4ef8-82f6-281ec4d69cc6,0cf0d29d-b160-429c-b796-5681868a0d4b
12acfc45-bdfb-4343-9004-9be15dfd844c,aef98915-d9bd-4ef8-82f6-281ec4d69cc6,a63921ae-3ad4-42a7-9ae1-bee4836c984a,->,12acfc45-bdfb-4343-9004-9be15dfd844c,aef98915-d9bd-4ef8-82f6-281ec4d69cc6,0cf0d29d-b160-429c-b796-5681868a0d4b
12acfc45-bdfb-4343-9004-9be15dfd844c,aef98915-d9bd-4ef8-82f6-281ec4d69cc6,a63921ae-3ad4-42a7-9ae1-bee4836c984a,->,12acfc45-bdfb-4343-9004-9be15dfd844c,aef98915-d9bd-4ef8-82f6-281ec4d69cc6,0cf0d29d-b160-429c-b796-5681868a0d4b
12acfc45-bdfb-4343-9004-9be15dfd844c,aef98915-d9bd-4ef8-82f6-281ec4d69cc6,a63921ae-3ad4-42a7-9ae1-bee4836c984a,->,12acfc45-bdfb-4343-9004-9be15dfd844c,aef98915-d9bd-4ef8-82f6-281ec4d69cc6,0cf0d29d-b160-429c-b796-5681868a0d4b
12acfc45-bdfb-4343-9004-9be15dfd844c,aef98915-d9bd-4ef8-82f6-281ec4d69cc6,a63921ae-3ad4-42a7-9ae1-bee4836c984a,->,12acfc45-bdfb-4343-9004-9be15dfd844c,aef98915-d9bd-4ef8-82f6-281ec4d69cc6,0cf0d29d-b160-429c-b796-5681868a0d4b
12acfc45-bdfb-4343-9004-9be15dfd844c,aef98915-d9bd-4ef8-82f6-281ec4d69cc6,a63921ae-3ad4-42a7-9ae1-bee4836c984a,->,12acfc45-bdfb-4343-9004-9be15dfd844c,aef98915-d9bd-4ef8-82f6-281ec4d69cc6,0cf0d29d-b160-429c-b796-5681868a0d4b
12acfc45-bdfb-4343-9004-9be15dfd844c,aef98915-d9bd-4ef8-82f6-281ec4d69cc6,a63921ae-3ad4-42a7-9ae1-bee4836c984a,->,12acfc45-bdfb-4343-9004-9be15dfd844c,aef98915-d9bd-4ef8-82f6-281ec4d69cc6,0cf0d29d-b160-429c-b796-5681868a0d4b
12acfc45-bdfb-4343-9004-9be15dfd844c,aef98915-d9bd-4ef8-82f6-281ec4d69cc6,a63921ae-3ad4-42a7-9ae1-bee4836c984a,->,12acfc45-bdfb-4343-9004-9be15dfd844c,aef98915-d9bd-4ef8-82f6-281ec4d69cc6,0cf0d29d-b160-429c-b796-5681868a0d4b
12acfc45-bdfb-4343-9004-9be15dfd844c,aef98915-d9bd-4ef8-82f6-281ec4d69cc6,a63921ae-3ad4-42a7-9ae1-bee4836c984a,->,12acfc45-bdfb-4343-9004-9be15dfd844c,aef98915-d9bd-4ef8-82f6-281ec4d69cc6,0cf0d29d-b160-429c-b796-5681868a0d4b
12acfc45-bdfb-4343-9004-9be15dfd844c,aef98915-d9bd-4ef8-82f6-281ec4d69cc6,a63921ae-3ad4-42a7-9ae1-bee4836c984a,->,12acfc45-bdfb-4343-9004-9be15dfd844c,aef98915-d9bd-4ef8-82f6-281ec4d69cc6,0cf0d29d-b160-429c-b796-5681868a0d4b
12acfc45-bdfb-4343-9004-9be15dfd844c,aef98915-d9bd-4ef8-82f6-281ec4d69cc6,a63921ae-3ad4-42a7-9ae1-bee4836c984a,->,12acfc45-bdfb-4343-9004-9be15dfd844c,aef98915-d9bd-4ef8-82f6-281ec4d69cc6,0cf0d29d-b160-429c-b796-5681868a0d4b
12acfc45-bdfb-4343-9004-9be15dfd844c,aef98915-d9bd-4ef8-82f6-281ec4d69cc6,a63921ae-3ad4-42a7-9ae1-bee4836c984a,->,12acfc45-bdfb-4343-9004-9be15dfd844c,aef98915-d9bd-4ef8-82f6-281ec4d69cc6,0cf0d29d-b160-429c-b796-5681868a0d4b
12acfc45-bdfb-4343-9004-9be15dfd844c,aef98915-d9bd-4ef8-82f6-281ec4d69cc6,a63921ae-3ad4-42a7-9ae1-bee4836c984a,->,12acfc45-bdfb-4343-9004-9be15dfd844c,aef98915-d9bd-4ef8-82f6-281ec4d69cc6,0cf0d29d-b160-429c-b796-5681868a0d4b
12acfc45-bdfb-4343-9004-9be15dfd844c,aef98915-d9bd-4ef8-82f6-281ec4d69cc6,a63921ae-3ad4-42a7-9ae1-bee4836c984a,->,12acfc45-bdfb-4343-9004-9be15dfd844c,aef98915-d9bd-4ef8-82f6-281ec4d69cc6,0cf0d29d-b160-429c-b796-5681868a0d4b
12acfc45-bdfb-4343-9004-9be15dfd844c,aef98915-d9bd-4ef8-82f6-281ec4d69cc6,a63921ae-3ad4-42a7-9ae1-bee4836c984a,->,12acfc45-bdfb-4343-9004-9be15dfd844c,aef98915-d9bd-4ef8-82f6-281ec4d69cc6,0cf0d29d-b160-429c-b796-5681868a0d4b
12acfc45-bdfb-4343-9004-9be15dfd844c,aef98915-d9bd-4ef8-82f6-281ec4d69cc6,a63921ae-3ad4-42a7-9ae1-bee4836c984a,->,12acfc45-bdfb-4343-9004-9be15dfd844c,aef98915-d9bd-4ef8-82f6-281ec4d69cc6,0cf0d29d-b160-429c-b796-5681868a0d4b
12acfc45-bdfb-4343-9004-9be15dfd844c,aef98915-d9bd-4ef8-82f6-281ec4d69cc6,a63921ae-3ad4-42a7-9ae1-bee4836c984a,->,12acfc45-bdfb-4343-9004-9be15dfd844c,aef98915-d9bd-4ef8-82f6-281ec4d69cc6,0cf0d29d-b160-429c-b796-5681868a0d4b
12acfc45-bdfb-4343-9004-9be15dfd844c,aef98915-d9bd-4ef8-82f6-281ec4d69cc6,a63921ae-3ad4-42a7-9ae1-bee4836c984a,->,12acfc45-bdfb-4343-9004-9be15dfd844c,aef98915-d9bd-4ef8-82f6-281ec4d69cc6,0cf0d29d-b160-429c-b796-5681868a0d4b
12acfc45-bdfb-4343-9004-9be15dfd844c,aef98915-d9bd-4ef8-82f6-281ec4d69cc6,a63921ae-3ad4-42a7-9ae1-bee4836c984a,->,12acfc45-bdfb-4343-9004-9be15dfd844c,aef98915-d9bd-4ef8-82f6-281ec4d69cc6,0cf0d29d-b160-429c-b796-5681868a0d4b
12acfc45-bdfb-4343-9004-9be15dfd844c,aef98915-d9bd-4ef8-82f6-281ec4d69cc6,a63921ae-3ad4-42a7-9ae1-bee4836c984a,->,12acfc45-bdfb-4343-9004-9be15dfd844c,aef98915-d9bd-4ef8-82f6-281ec4d69cc6,0cf0d29d-b160-429c-b796-5681868a0d4b
12acfc45-bdfb-4343-9004-9be15dfd844c,aef98915-d9bd-4ef8-82f6-281ec4d69cc6,a63921ae-3ad4-42a7-9ae1-bee4836c984a,->,12acfc45-bdfb-4343-9004-9be15dfd844c,aef98915-d9bd-4ef8-82f6-281ec4d69cc6,0cf0d29d-b160-429c-b796-5681868a0d4b
12acfc45-bdfb-4343-9004-9be15dfd844c,aef98915-d9bd-4ef8-82f6-281ec4d69cc6,a63921ae-3ad4-42a7-9ae1-bee4836c984a,->,12acfc45-bdfb-4343-9004-9be15dfd844c,aef98915-d9bd-4ef8-82f6-281ec4d69cc6,0cf0d29d-b160-429c-b796-5681868a0d4b
12acfc45-bdfb-4343-9004-9be15dfd844c,aef98915-d9bd-4ef8-82f6-281ec4d69cc6,a63921ae-3ad4-42a7-9ae1-bee4836c984a,->,12acfc45-bdfb-4343-9004-9be15dfd844c,aef98915-d9bd-4ef8-82f6-281ec4d69cc6,0cf0d29d-b160-429c-b796-5681868a0d4b
12acfc45-bdfb-4343-9004-9be15dfd844c,aef98915-d9bd-4ef8-82f6-281ec4d69cc6,a63921ae-3ad4-42a7-9ae1-bee4836c984a,->,12acfc45-bdfb-4343-9004-9be15dfd844c,aef98915-d9bd-4ef8-82f6-281ec4d69cc6,0cf0d29d-b160-429c-b796-5681868a0d4b
12acfc45-bdfb-4343-9004-9be15dfd844c,aef98915-d9bd-4ef8-82f6-281ec4d69cc6,a63921ae-3ad4-42a7-9ae1-bee4836c984a,->,12acfc45-bdfb-4343-9004-9be15dfd844c,aef98915-d9bd-4ef8-82f6-281ec4d69cc6,0cf0d29d-b160-429c-b796-5681868a0d4b
12acfc45-bdfb-4343-9004-9be15dfd844c,aef98915-d9bd-4ef8-82f6-281ec4d69cc6,a63921ae-3ad4-42a7-9ae1-bee4836c984a,->,12acfc45-bdfb-4343-9004-9be15dfd844c,aef98915-d9bd-4ef8-82f6-281ec4d69cc6,0cf0d29d-b160-429c-b796-5681868a0d4b
12acfc45-bdfb-4343-9004-9be15dfd844c,aef98915-d9bd-4ef8-82f6-281ec4d69cc6,a63921ae-3ad4-42a7-9ae1-bee4836c984a,->,12acfc45-bdfb-4343-9004-9be15dfd844c,aef98915-d9bd-4ef8-82f6-281ec4d69cc6,0cf0d29d-b160-429c-b796-5681868a0d4b
12acfc45-bdfb-4343-9004-9be15dfd844c,aef98915-d9bd-4ef8-82f6-281ec4d69cc6,a63921ae-3ad4-42a7-9ae1-bee4836c984a,->,12acfc45-bdfb-4343-9004-9be15dfd844c,aef98915-d9bd-4ef8-82f6-281ec4d69cc6,0fb8c0b3-d526-4e5a-b200-7aabf6303623
12acfc45-bdfb-4343-9004-9be15dfd844c,aef98915-d9bd-4ef8-82f6-281ec4d69cc6,a63921ae-3ad4-42a7-9ae1-bee4836c984a,->,12acfc45-bdfb-4343-9004-9be15dfd844c,aef98915-d9bd-4ef8-82f6-281ec4d69cc6,3992bd2f-77ae-44fd-9dcd-0b271853822c
12acfc45-bdfb-4343-9004-9be15dfd844c,aef98915-d9bd-4ef8-82f6-281ec4d69cc6,a63921ae-3ad4-42a7-9ae1-bee4836c984a,->,12acfc45-bdfb-4343-9004-9be15dfd844c,aef98915-d9bd-4ef8-82f6-281ec4d69cc6,0cf0d29d-b160-429c-b796-5681868a0d4b
12acfc45-bdfb-4343-9004-9be15dfd844c,aef98915-d9bd-4ef8-82f6-281ec4d69cc6,a63921ae-3ad4-42a7-9ae1-bee4836c984a,->,12acfc45-bdfb-4343-9004-9be15dfd844c,aef98915-d9bd-4ef8-82f6-281ec4d69cc6,0cf0d29d-b160-429c-b796-5681868a0d4b
12acfc45-bdfb-4343-9004-9be15dfd844c,aef98915-d9bd-4ef8-82f6-281ec4d69cc6,a63921ae-3ad4-42a7-9ae1-bee4836c984a,->,12acfc45-bdfb-4343-9004-9be15dfd844c,aef98915-d9bd-4ef8-82f6-281ec4d69cc6,0cf0d29d-b160-429c-b796-5681868a0d4b
12acfc45-bdfb-4343-9004-9be15dfd844c,aef98915-d9bd-4ef8-82f6-281ec4d69cc6,a63921ae-3ad4-42a7-9ae1-bee4836c984a,->,12acfc45-bdfb-4343-9004-9be15dfd844c,aef98915-d9bd-4ef8-82f6-281ec4d69cc6,0cf0d29d-b160-429c-b796-5681868a0d4b
12acfc45-bdfb-4343-9004-9be15dfd844c,aef98915-d9bd-4ef8-82f6-281ec4d69cc6,a63921ae-3ad4-42a7-9ae1-bee4836c984a,->,12acfc45-bdfb-4343-9004-9be15dfd844c,aef98915-d9bd-4ef8-82f6-281ec4d69cc6,0fb8c0b3-d526-4e5a-b200-7aabf6303623
12acfc45-bdfb-4343-9004-9be15dfd844c,aef98915-d9bd-4ef8-82f6-281ec4d69cc6,a63921ae-3ad4-42a7-9ae1-bee4836c984a,->,12acfc45-bdfb-4343-9004-9be15dfd844c,aef98915-d9bd-4ef8-82f6-281ec4d69cc6,3992bd2f-77ae-44fd-9dcd-0b271853822c
12acfc45-bdfb-4343-9004-9be15dfd844c,aef98915-d9bd-4ef8-82f6-281ec4d69cc6,a63921ae-3ad4-42a7-9ae1-bee4836c984a,->,12acfc45-bdfb-4343-9004-9be15dfd844c,server/model/players/Client.java,getItems
12acfc45-bdfb-4343-9004-9be15dfd844c,aef98915-d9bd-4ef8-82f6-281ec4d69cc6,a63921ae-3ad4-42a7-9ae1-bee4836c984a,->,12acfc45-bdfb-4343-9004-9be15dfd844c,aef98915-d9bd-4ef8-82f6-281ec4d69cc6,0cf0d29d-b160-429c-b796-5681868a0d4b
12acfc45-bdfb-4343-9004-9be15dfd844c,aef98915-d9bd-4ef8-82f6-281ec4d69cc6,a63921ae-3ad4-42a7-9ae1-bee4836c984a,->,12acfc45-bdfb-4343-9004-9be15dfd844c,aef98915-d9bd-4ef8-82f6-281ec4d69cc6,0fb8c0b3-d526-4e5a-b200-7aabf6303623
12acfc45-bdfb-4343-9004-9be15dfd844c,aef98915-d9bd-4ef8-82f6-281ec4d69cc6,a426c407-6551-4710-8f8b-ab6c2231ac5d,->,12acfc45-bdfb-4343-9004-9be15dfd844c,aef98915-d9bd-4ef8-82f6-281ec4d69cc6,3992bd2f-77ae-44fd-9dcd-0b271853822c
12acfc45-bdfb-4343-9004-9be15dfd844c,aef98915-d9bd-4ef8-82f6-281ec4d69cc6,a426c407-6551-4710-8f8b-ab6c2231ac5d,->,12acfc45-bdfb-4343-9004-9be15dfd844c,aef98915-d9bd-4ef8-82f6-281ec4d69cc6,0cf0d29d-b160-429c-b796-5681868a0d4b
12acfc45-bdfb-4343-9004-9be15dfd844c,aef98915-d9bd-4ef8-82f6-281ec4d69cc6,a426c407-6551-4710-8f8b-ab6c2231ac5d,->,12acfc45-bdfb-4343-9004-9be15dfd844c,aef98915-d9bd-4ef8-82f6-281ec4d69cc6,0cf0d29d-b160-429c-b796-5681868a0d4b
12acfc45-bdfb-4343-9004-9be15dfd844c,aef98915-d9bd-4ef8-82f6-281ec4d69cc6,a426c407-6551-4710-8f8b-ab6c2231ac5d,->,12acfc45-bdfb-4343-9004-9be15dfd844c,aef98915-d9bd-4ef8-82f6-281ec4d69cc6,0cf0d29d-b160-429c-b796-5681868a0d4b
12acfc45-bdfb-4343-9004-9be15dfd844c,aef98915-d9bd-4ef8-82f6-281ec4d69cc6,a426c407-6551-4710-8f8b-ab6c2231ac5d,->,12acfc45-bdfb-4343-9004-9be15dfd844c,aef98915-d9bd-4ef8-82f6-281ec4d69cc6,0cf0d29d-b160-429c-b796-5681868a0d4b
12acfc45-bdfb-4343-9004-9be15dfd844c,aef98915-d9bd-4ef8-82f6-281ec4d69cc6,a426c407-6551-4710-8f8b-ab6c2231ac5d,->,12acfc45-bdfb-4343-9004-9be15dfd844c,aef98915-d9bd-4ef8-82f6-281ec4d69cc6,0cf0d29d-b160-429c-b796-5681868a0d4b
12acfc45-bdfb-4343-9004-9be15dfd844c,aef98915-d9bd-4ef8-82f6-281ec4d69cc6,a426c407-6551-4710-8f8b-ab6c2231ac5d,->,12acfc45-bdfb-4343-9004-9be15dfd844c,aef98915-d9bd-4ef8-82f6-281ec4d69cc6,0cf0d29d-b160-429c-b796-5681868a0d4b
12acfc45-bdfb-4343-9004-9be15dfd844c,aef98915-d9bd-4ef8-82f6-281ec4d69cc6,a426c407-6551-4710-8f8b-ab6c2231ac5d,->,12acfc45-bdfb-4343-9004-9be15dfd844c,aef98915-d9bd-4ef8-82f6-281ec4d69cc6,0cf0d29d-b160-429c-b796-5681868a0d4b
12acfc45-bdfb-4343-9004-9be15dfd844c,aef98915-d9bd-4ef8-82f6-281ec4d69cc6,a426c407-6551-4710-8f8b-ab6c2231ac5d,->,12acfc45-bdfb-4343-9004-9be15dfd844c,aef98915-d9bd-4ef8-82f6-281ec4d69cc6,0cf0d29d-b160-429c-b796-5681868a0d4b
12acfc45-bdfb-4343-9004-9be15dfd844c,aef98915-d9bd-4ef8-82f6-281ec4d69cc6,a426c407-6551-4710-8f8b-ab6c2231ac5d,->,12acfc45-bdfb-4343-9004-9be15dfd844c,aef98915-d9bd-4ef8-82f6-281ec4d69cc6,0cf0d29d-b160-429c-b796-5681868a0d4b
12acfc45-bdfb-4343-9004-9be15dfd844c,aef98915-d9bd-4ef8-82f6-281ec4d69cc6,a426c407-6551-4710-8f8b-ab6c2231ac5d,->,12acfc45-bdfb-4343-9004-9be15dfd844c,aef98915-d9bd-4ef8-82f6-281ec4d69cc6,0cf0d29d-b160-429c-b796-5681868a0d4b
12acfc45-bdfb-4343-9004-9be15dfd844c,aef98915-d9bd-4ef8-82f6-281ec4d69cc6,a426c407-6551-4710-8f8b-ab6c2231ac5d,->,12acfc45-bdfb-4343-9004-9be15dfd844c,aef98915-d9bd-4ef8-82f6-281ec4d69cc6,0cf0d29d-b160-429c-b796-5681868a0d4b
12acfc45-bdfb-4343-9004-9be15dfd844c,aef98915-d9bd-4ef8-82f6-281ec4d69cc6,a426c407-6551-4710-8f8b-ab6c2231ac5d,->,12acfc45-bdfb-4343-9004-9be15dfd844c,aef98915-d9bd-4ef8-82f6-281ec4d69cc6,0cf0d29d-b160-429c-b796-5681868a0d4b
12acfc45-bdfb-4343-9004-9be15dfd844c,aef98915-d9bd-4ef8-82f6-281ec4d69cc6,a426c407-6551-4710-8f8b-ab6c2231ac5d,->,12acfc45-bdfb-4343-9004-9be15dfd844c,aef98915-d9bd-4ef8-82f6-281ec4d69cc6,0cf0d29d-b160-429c-b796-5681868a0d4b
12acfc45-bdfb-4343-9004-9be15dfd844c,aef98915-d9bd-4ef8-82f6-281ec4d69cc6,a426c407-6551-4710-8f8b-ab6c2231ac5d,->,12acfc45-bdfb-4343-9004-9be15dfd844c,aef98915-d9bd-4ef8-82f6-281ec4d69cc6,0cf0d29d-b160-429c-b796-5681868a0d4b
12acfc45-bdfb-4343-9004-9be15dfd844c,aef98915-d9bd-4ef8-82f6-281ec4d69cc6,a426c407-6551-4710-8f8b-ab6c2231ac5d,->,12acfc45-bdfb-4343-9004-9be15dfd844c,aef98915-d9bd-4ef8-82f6-281ec4d69cc6,0cf0d29d-b160-429c-b796-5681868a0d4b
12acfc45-bdfb-4343-9004-9be15dfd844c,aef98915-d9bd-4ef8-82f6-281ec4d69cc6,a426c407-6551-4710-8f8b-ab6c2231ac5d,->,12acfc45-bdfb-4343-9004-9be15dfd844c,aef98915-d9bd-4ef8-82f6-281ec4d69cc6,0cf0d29d-b160-429c-b796-5681868a0d4b
12acfc45-bdfb-4343-9004-9be15dfd844c,aef98915-d9bd-4ef8-82f6-281ec4d69cc6,a426c407-6551-4710-8f8b-ab6c2231ac5d,->,12acfc45-bdfb-4343-9004-9be15dfd844c,aef98915-d9bd-4ef8-82f6-281ec4d69cc6,0fb8c0b3-d526-4e5a-b200-7aabf6303623
12acfc45-bdfb-4343-9004-9be15dfd844c,aef98915-d9bd-4ef8-82f6-281ec4d69cc6,a426c407-6551-4710-8f8b-ab6c2231ac5d,->,12acfc45-bdfb-4343-9004-9be15dfd844c,aef98915-d9bd-4ef8-82f6-281ec4d69cc6,3992bd2f-77ae-44fd-9dcd-0b271853822c
12acfc45-bdfb-4343-9004-9be15dfd844c,aef98915-d9bd-4ef8-82f6-281ec4d69cc6,a426c407-6551-4710-8f8b-ab6c2231ac5d,->,12acfc45-bdfb-4343-9004-9be15dfd844c,server/model/players/Client.java,getItems
12acfc45-bdfb-4343-9004-9be15dfd844c,aef98915-d9bd-4ef8-82f6-281ec4d69cc6,a426c407-6551-4710-8f8b-ab6c2231ac5d,->,12acfc45-bdfb-4343-9004-9be15dfd844c,aef98915-d9bd-4ef8-82f6-281ec4d69cc6,0cf0d29d-b160-429c-b796-5681868a0d4b
12acfc45-bdfb-4343-9004-9be15dfd844c,aef98915-d9bd-4ef8-82f6-281ec4d69cc6,a426c407-6551-4710-8f8b-ab6c2231ac5d,->,12acfc45-bdfb-4343-9004-9be15dfd844c,aef98915-d9bd-4ef8-82f6-281ec4d69cc6,0fb8c0b3-d526-4e5a-b200-7aabf6303623
12acfc45-bdfb-4343-9004-9be15dfd844c,aef98915-d9bd-4ef8-82f6-281ec4d69cc6,b70a5d3f-6ae4-4d94-8a2c-7ee99ca2453c,->,12acfc45-bdfb-4343-9004-9be15dfd844c,aef98915-d9bd-4ef8-82f6-281ec4d69cc6,3992bd2f-77ae-44fd-9dcd-0b271853822c
12acfc45-bdfb-4343-9004-9be15dfd844c,aef98915-d9bd-4ef8-82f6-281ec4d69cc6,b70a5d3f-6ae4-4d94-8a2c-7ee99ca2453c,->,12acfc45-bdfb-4343-9004-9be15dfd844c,aef98915-d9bd-4ef8-82f6-281ec4d69cc6,0cf0d29d-b160-429c-b796-5681868a0d4b
12acfc45-bdfb-4343-9004-9be15dfd844c,aef98915-d9bd-4ef8-82f6-281ec4d69cc6,b70a5d3f-6ae4-4d94-8a2c-7ee99ca2453c,->,12acfc45-bdfb-4343-9004-9be15dfd844c,aef98915-d9bd-4ef8-82f6-281ec4d69cc6,0cf0d29d-b160-429c-b796-5681868a0d4b
12acfc45-bdfb-4343-9004-9be15dfd844c,aef98915-d9bd-4ef8-82f6-281ec4d69cc6,b70a5d3f-6ae4-4d94-8a2c-7ee99ca2453c,->,12acfc45-bdfb-4343-9004-9be15dfd844c,aef98915-d9bd-4ef8-82f6-281ec4d69cc6,0cf0d29d-b160-429c-b796-5681868a0d4b
12acfc45-bdfb-4343-9004-9be15dfd844c,aef98915-d9bd-4ef8-82f6-281ec4d69cc6,b70a5d3f-6ae4-4d94-8a2c-7ee99ca2453c,->,12acfc45-bdfb-4343-9004-9be15dfd844c,aef98915-d9bd-4ef8-82f6-281ec4d69cc6,0cf0d29d-b160-429c-b796-5681868a0d4b
12acfc45-bdfb-4343-9004-9be15dfd844c,aef98915-d9bd-4ef8-82f6-281ec4d69cc6,b70a5d3f-6ae4-4d94-8a2c-7ee99ca2453c,->,12acfc45-bdfb-4343-9004-9be15dfd844c,aef98915-d9bd-4ef8-82f6-281ec4d69cc6,0cf0d29d-b160-429c-b796-5681868a0d4b
12acfc45-bdfb-4343-9004-9be15dfd844c,aef98915-d9bd-4ef8-82f6-281ec4d69cc6,b70a5d3f-6ae4-4d94-8a2c-7ee99ca2453c,->,12acfc45-bdfb-4343-9004-9be15dfd844c,aef98915-d9bd-4ef8-82f6-281ec4d69cc6,0cf0d29d-b160-429c-b796-5681868a0d4b
12acfc45-bdfb-4343-9004-9be15dfd844c,aef98915-d9bd-4ef8-82f6-281ec4d69cc6,b70a5d3f-6ae4-4d94-8a2c-7ee99ca2453c,->,12acfc45-bdfb-4343-9004-9be15dfd844c,aef98915-d9bd-4ef8-82f6-281ec4d69cc6,0cf0d29d-b160-429c-b796-5681868a0d4b
12acfc45-bdfb-4343-9004-9be15dfd844c,aef98915-d9bd-4ef8-82f6-281ec4d69cc6,b70a5d3f-6ae4-4d94-8a2c-7ee99ca2453c,->,12acfc45-bdfb-4343-9004-9be15dfd844c,aef98915-d9bd-4ef8-82f6-281ec4d69cc6,0cf0d29d-b160-429c-b796-5681868a0d4b
12acfc45-bdfb-4343-9004-9be15dfd844c,aef98915-d9bd-4ef8-82f6-281ec4d69cc6,b70a5d3f-6ae4-4d94-8a2c-7ee99ca2453c,->,12acfc45-bdfb-4343-9004-9be15dfd844c,aef98915-d9bd-4ef8-82f6-281ec4d69cc6,0cf0d29d-b160-429c-b796-5681868a0d4b
12acfc45-bdfb-4343-9004-9be15dfd844c,aef98915-d9bd-4ef8-82f6-281ec4d69cc6,b70a5d3f-6ae4-4d94-8a2c-7ee99ca2453c,->,12acfc45-bdfb-4343-9004-9be15dfd844c,aef98915-d9bd-4ef8-82f6-281ec4d69cc6,0cf0d29d-b160-429c-b796-5681868a0d4b
12acfc45-bdfb-4343-9004-9be15dfd844c,aef98915-d9bd-4ef8-82f6-281ec4d69cc6,b70a5d3f-6ae4-4d94-8a2c-7ee99ca2453c,->,12acfc45-bdfb-4343-9004-9be15dfd844c,aef98915-d9bd-4ef8-82f6-281ec4d69cc6,0fb8c0b3-d526-4e5a-b200-7aabf6303623
12acfc45-bdfb-4343-9004-9be15dfd844c,aef98915-d9bd-4ef8-82f6-281ec4d69cc6,b70a5d3f-6ae4-4d94-8a2c-7ee99ca2453c,->,12acfc45-bdfb-4343-9004-9be15dfd844c,aef98915-d9bd-4ef8-82f6-281ec4d69cc6,3992bd2f-77ae-44fd-9dcd-0b271853822c
12acfc45-bdfb-4343-9004-9be15dfd844c,aef98915-d9bd-4ef8-82f6-281ec4d69cc6,b70a5d3f-6ae4-4d94-8a2c-7ee99ca2453c,->,12acfc45-bdfb-4343-9004-9be15dfd844c,aef98915-d9bd-4ef8-82f6-281ec4d69cc6,0cf0d29d-b160-429c-b796-5681868a0d4b
12acfc45-bdfb-4343-9004-9be15dfd844c,aef98915-d9bd-4ef8-82f6-281ec4d69cc6,b70a5d3f-6ae4-4d94-8a2c-7ee99ca2453c,->,12acfc45-bdfb-4343-9004-9be15dfd844c,aef98915-d9bd-4ef8-82f6-281ec4d69cc6,0cf0d29d-b160-429c-b796-5681868a0d4b
12acfc45-bdfb-4343-9004-9be15dfd844c,aef98915-d9bd-4ef8-82f6-281ec4d69cc6,b70a5d3f-6ae4-4d94-8a2c-7ee99ca2453c,->,12acfc45-bdfb-4343-9004-9be15dfd844c,aef98915-d9bd-4ef8-82f6-281ec4d69cc6,0cf0d29d-b160-429c-b796-5681868a0d4b
12acfc45-bdfb-4343-9004-9be15dfd844c,aef98915-d9bd-4ef8-82f6-281ec4d69cc6,b70a5d3f-6ae4-4d94-8a2c-7ee99ca2453c,->,12acfc45-bdfb-4343-9004-9be15dfd844c,aef98915-d9bd-4ef8-82f6-281ec4d69cc6,0cf0d29d-b160-429c-b796-5681868a0d4b
12acfc45-bdfb-4343-9004-9be15dfd844c,aef98915-d9bd-4ef8-82f6-281ec4d69cc6,b70a5d3f-6ae4-4d94-8a2c-7ee99ca2453c,->,12acfc45-bdfb-4343-9004-9be15dfd844c,aef98915-d9bd-4ef8-82f6-281ec4d69cc6,0cf0d29d-b160-429c-b796-5681868a0d4b
12acfc45-bdfb-4343-9004-9be15dfd844c,aef98915-d9bd-4ef8-82f6-281ec4d69cc6,b70a5d3f-6ae4-4d94-8a2c-7ee99ca2453c,->,12acfc45-bdfb-4343-9004-9be15dfd844c,aef98915-d9bd-4ef8-82f6-281ec4d69cc6,0cf0d29d-b160-429c-b796-5681868a0d4b
12acfc45-bdfb-4343-9004-9be15dfd844c,aef98915-d9bd-4ef8-82f6-281ec4d69cc6,b70a5d3f-6ae4-4d94-8a2c-7ee99ca2453c,->,12acfc45-bdfb-4343-9004-9be15dfd844c,aef98915-d9bd-4ef8-82f6-281ec4d69cc6,0cf0d29d-b160-429c-b796-5681868a0d4b
12acfc45-bdfb-4343-9004-9be15dfd844c,aef98915-d9bd-4ef8-82f6-281ec4d69cc6,b70a5d3f-6ae4-4d94-8a2c-7ee99ca2453c,->,12acfc45-bdfb-4343-9004-9be15dfd844c,aef98915-d9bd-4ef8-82f6-281ec4d69cc6,0cf0d29d-b160-429c-b796-5681868a0d4b
12acfc45-bdfb-4343-9004-9be15dfd844c,aef98915-d9bd-4ef8-82f6-281ec4d69cc6,b70a5d3f-6ae4-4d94-8a2c-7ee99ca2453c,->,12acfc45-bdfb-4343-9004-9be15dfd844c,aef98915-d9bd-4ef8-82f6-281ec4d69cc6,0cf0d29d-b160-429c-b796-5681868a0d4b
12acfc45-bdfb-4343-9004-9be15dfd844c,aef98915-d9bd-4ef8-82f6-281ec4d69cc6,b70a5d3f-6ae4-4d94-8a2c-7ee99ca2453c,->,12acfc45-bdfb-4343-9004-9be15dfd844c,aef98915-d9bd-4ef8-82f6-281ec4d69cc6,0cf0d29d-b160-429c-b796-5681868a0d4b
12acfc45-bdfb-4343-9004-9be15dfd844c,aef98915-d9bd-4ef8-82f6-281ec4d69cc6,b70a5d3f-6ae4-4d94-8a2c-7ee99ca2453c,->,12acfc45-bdfb-4343-9004-9be15dfd844c,aef98915-d9bd-4ef8-82f6-281ec4d69cc6,0cf0d29d-b160-429c-b796-5681868a0d4b
12acfc45-bdfb-4343-9004-9be15dfd844c,aef98915-d9bd-4ef8-82f6-281ec4d69cc6,b70a5d3f-6ae4-4d94-8a2c-7ee99ca2453c,->,12acfc45-bdfb-4343-9004-9be15dfd844c,aef98915-d9bd-4ef8-82f6-281ec4d69cc6,0fb8c0b3-d526-4e5a-b200-7aabf6303623
12acfc45-bdfb-4343-9004-9be15dfd844c,aef98915-d9bd-4ef8-82f6-281ec4d69cc6,b70a5d3f-6ae4-4d94-8a2c-7ee99ca2453c,->,12acfc45-bdfb-4343-9004-9be15dfd844c,aef98915-d9bd-4ef8-82f6-281ec4d69cc6,3992bd2f-77ae-44fd-9dcd-0b271853822c
12acfc45-bdfb-4343-9004-9be15dfd844c,aef98915-d9bd-4ef8-82f6-281ec4d69cc6,b70a5d3f-6ae4-4d94-8a2c-7ee99ca2453c,->,12acfc45-bdfb-4343-9004-9be15dfd844c,aef98915-d9bd-4ef8-82f6-281ec4d69cc6,0cf0d29d-b160-429c-b796-5681868a0d4b
12acfc45-bdfb-4343-9004-9be15dfd844c,aef98915-d9bd-4ef8-82f6-281ec4d69cc6,b70a5d3f-6ae4-4d94-8a2c-7ee99ca2453c,->,12acfc45-bdfb-4343-9004-9be15dfd844c,aef98915-d9bd-4ef8-82f6-281ec4d69cc6,0cf0d29d-b160-429c-b796-5681868a0d4b
12acfc45-bdfb-4343-9004-9be15dfd844c,aef98915-d9bd-4ef8-82f6-281ec4d69cc6,b70a5d3f-6ae4-4d94-8a2c-7ee99ca2453c,->,12acfc45-bdfb-4343-9004-9be15dfd844c,aef98915-d9bd-4ef8-82f6-281ec4d69cc6,0cf0d29d-b160-429c-b796-5681868a0d4b
12acfc45-bdfb-4343-9004-9be15dfd844c,aef98915-d9bd-4ef8-82f6-281ec4d69cc6,b70a5d3f-6ae4-4d94-8a2c-7ee99ca2453c,->,12acfc45-bdfb-4343-9004-9be15dfd844c,aef98915-d9bd-4ef8-82f6-281ec4d69cc6,0cf0d29d-b160-429c-b796-5681868a0d4b
12acfc45-bdfb-4343-9004-9be15dfd844c,aef98915-d9bd-4ef8-82f6-281ec4d69cc6,b70a5d3f-6ae4-4d94-8a2c-7ee99ca2453c,->,12acfc45-bdfb-4343-9004-9be15dfd844c,aef98915-d9bd-4ef8-82f6-281ec4d69cc6,0cf0d29d-b160-429c-b796-5681868a0d4b
12acfc45-bdfb-4343-9004-9be15dfd844c,aef98915-d9bd-4ef8-82f6-281ec4d69cc6,b70a5d3f-6ae4-4d94-8a2c-7ee99ca2453c,->,12acfc45-bdfb-4343-9004-9be15dfd844c,aef98915-d9bd-4ef8-82f6-281ec4d69cc6,0cf0d29d-b160-429c-b796-5681868a0d4b
12acfc45-bdfb-4343-9004-9be15dfd844c,aef98915-d9bd-4ef8-82f6-281ec4d69cc6,b70a5d3f-6ae4-4d94-8a2c-7ee99ca2453c,->,12acfc45-bdfb-4343-9004-9be15dfd844c,aef98915-d9bd-4ef8-82f6-281ec4d69cc6,0cf0d29d-b160-429c-b796-5681868a0d4b
12acfc45-bdfb-4343-9004-9be15dfd844c,aef98915-d9bd-4ef8-82f6-281ec4d69cc6,b70a5d3f-6ae4-4d94-8a2c-7ee99ca2453c,->,12acfc45-bdfb-4343-9004-9be15dfd844c,aef98915-d9bd-4ef8-82f6-281ec4d69cc6,0cf0d29d-b160-429c-b796-5681868a0d4b
12acfc45-bdfb-4343-9004-9be15dfd844c,aef98915-d9bd-4ef8-82f6-281ec4d69cc6,b70a5d3f-6ae4-4d94-8a2c-7ee99ca2453c,->,12acfc45-bdfb-4343-9004-9be15dfd844c,aef98915-d9bd-4ef8-82f6-281ec4d69cc6,0cf0d29d-b160-429c-b796-5681868a0d4b
12acfc45-bdfb-4343-9004-9be15dfd844c,aef98915-d9bd-4ef8-82f6-281ec4d69cc6,b70a5d3f-6ae4-4d94-8a2c-7ee99ca2453c,->,12acfc45-bdfb-4343-9004-9be15dfd844c,aef98915-d9bd-4ef8-82f6-281ec4d69cc6,0cf0d29d-b160-429c-b796-5681868a0d4b
12acfc45-bdfb-4343-9004-9be15dfd844c,aef98915-d9bd-4ef8-82f6-281ec4d69cc6,b70a5d3f-6ae4-4d94-8a2c-7ee99ca2453c,->,12acfc45-bdfb-4343-9004-9be15dfd844c,aef98915-d9bd-4ef8-82f6-281ec4d69cc6,0cf0d29d-b160-429c-b796-5681868a0d4b
12acfc45-bdfb-4343-9004-9be15dfd844c,aef98915-d9bd-4ef8-82f6-281ec4d69cc6,b70a5d3f-6ae4-4d94-8a2c-7ee99ca2453c,->,12acfc45-bdfb-4343-9004-9be15dfd844c,aef98915-d9bd-4ef8-82f6-281ec4d69cc6,0cf0d29d-b160-429c-b796-5681868a0d4b
12acfc45-bdfb-4343-9004-9be15dfd844c,aef98915-d9bd-4ef8-82f6-281ec4d69cc6,b70a5d3f-6ae4-4d94-8a2c-7ee99ca2453c,->,12acfc45-bdfb-4343-9004-9be15dfd844c,aef98915-d9bd-4ef8-82f6-281ec4d69cc6,0cf0d29d-b160-429c-b796-5681868a0d4b
12acfc45-bdfb-4343-9004-9be15dfd844c,aef98915-d9bd-4ef8-82f6-281ec4d69cc6,b70a5d3f-6ae4-4d94-8a2c-7ee99ca2453c,->,12acfc45-bdfb-4343-9004-9be15dfd844c,aef98915-d9bd-4ef8-82f6-281ec4d69cc6,0cf0d29d-b160-429c-b796-5681868a0d4b
12acfc45-bdfb-4343-9004-9be15dfd844c,aef98915-d9bd-4ef8-82f6-281ec4d69cc6,b70a5d3f-6ae4-4d94-8a2c-7ee99ca2453c,->,12acfc45-bdfb-4343-9004-9be15dfd844c,aef98915-d9bd-4ef8-82f6-281ec4d69cc6,0cf0d29d-b160-429c-b796-5681868a0d4b
12acfc45-bdfb-4343-9004-9be15dfd844c,aef98915-d9bd-4ef8-82f6-281ec4d69cc6,b70a5d3f-6ae4-4d94-8a2c-7ee99ca2453c,->,12acfc45-bdfb-4343-9004-9be15dfd844c,aef98915-d9bd-4ef8-82f6-281ec4d69cc6,0cf0d29d-b160-429c-b796-5681868a0d4b
12acfc45-bdfb-4343-9004-9be15dfd844c,aef98915-d9bd-4ef8-82f6-281ec4d69cc6,b70a5d3f-6ae4-4d94-8a2c-7ee99ca2453c,->,12acfc45-bdfb-4343-9004-9be15dfd844c,aef98915-d9bd-4ef8-82f6-281ec4d69cc6,0cf0d29d-b160-429c-b796-5681868a0d4b
12acfc45-bdfb-4343-9004-9be15dfd844c,aef98915-d9bd-4ef8-82f6-281ec4d69cc6,b70a5d3f-6ae4-4d94-8a2c-7ee99ca2453c,->,12acfc45-bdfb-4343-9004-9be15dfd844c,aef98915-d9bd-4ef8-82f6-281ec4d69cc6,0cf0d29d-b160-429c-b796-5681868a0d4b
12acfc45-bdfb-4343-9004-9be15dfd844c,aef98915-d9bd-4ef8-82f6-281ec4d69cc6,b70a5d3f-6ae4-4d94-8a2c-7ee99ca2453c,->,12acfc45-bdfb-4343-9004-9be15dfd844c,aef98915-d9bd-4ef8-82f6-281ec4d69cc6,0cf0d29d-b160-429c-b796-5681868a0d4b
12acfc45-bdfb-4343-9004-9be15dfd844c,aef98915-d9bd-4ef8-82f6-281ec4d69cc6,b70a5d3f-6ae4-4d94-8a2c-7ee99ca2453c,->,12acfc45-bdfb-4343-9004-9be15dfd844c,aef98915-d9bd-4ef8-82f6-281ec4d69cc6,0cf0d29d-b160-429c-b796-5681868a0d4b
12acfc45-bdfb-4343-9004-9be15dfd844c,aef98915-d9bd-4ef8-82f6-281ec4d69cc6,b70a5d3f-6ae4-4d94-8a2c-7ee99ca2453c,->,12acfc45-bdfb-4343-9004-9be15dfd844c,aef98915-d9bd-4ef8-82f6-281ec4d69cc6,0cf0d29d-b160-429c-b796-5681868a0d4b
12acfc45-bdfb-4343-9004-9be15dfd844c,aef98915-d9bd-4ef8-82f6-281ec4d69cc6,b70a5d3f-6ae4-4d94-8a2c-7ee99ca2453c,->,12acfc45-bdfb-4343-9004-9be15dfd844c,aef98915-d9bd-4ef8-82f6-281ec4d69cc6,0cf0d29d-b160-429c-b796-5681868a0d4b
12acfc45-bdfb-4343-9004-9be15dfd844c,aef98915-d9bd-4ef8-82f6-281ec4d69cc6,b70a5d3f-6ae4-4d94-8a2c-7ee99ca2453c,->,12acfc45-bdfb-4343-9004-9be15dfd844c,aef98915-d9bd-4ef8-82f6-281ec4d69cc6,0cf0d29d-b160-429c-b796-5681868a0d4b
12acfc45-bdfb-4343-9004-9be15dfd844c,aef98915-d9bd-4ef8-82f6-281ec4d69cc6,b70a5d3f-6ae4-4d94-8a2c-7ee99ca2453c,->,12acfc45-bdfb-4343-9004-9be15dfd844c,aef98915-d9bd-4ef8-82f6-281ec4d69cc6,0cf0d29d-b160-429c-b796-5681868a0d4b
12acfc45-bdfb-4343-9004-9be15dfd844c,aef98915-d9bd-4ef8-82f6-281ec4d69cc6,b70a5d3f-6ae4-4d94-8a2c-7ee99ca2453c,->,12acfc45-bdfb-4343-9004-9be15dfd844c,aef98915-d9bd-4ef8-82f6-281ec4d69cc6,0cf0d29d-b160-429c-b796-5681868a0d4b
12acfc45-bdfb-4343-9004-9be15dfd844c,aef98915-d9bd-4ef8-82f6-281ec4d69cc6,b70a5d3f-6ae4-4d94-8a2c-7ee99ca2453c,->,12acfc45-bdfb-4343-9004-9be15dfd844c,aef98915-d9bd-4ef8-82f6-281ec4d69cc6,0cf0d29d-b160-429c-b796-5681868a0d4b
12acfc45-bdfb-4343-9004-9be15dfd844c,aef98915-d9bd-4ef8-82f6-281ec4d69cc6,b70a5d3f-6ae4-4d94-8a2c-7ee99ca2453c,->,12acfc45-bdfb-4343-9004-9be15dfd844c,aef98915-d9bd-4ef8-82f6-281ec4d69cc6,0cf0d29d-b160-429c-b796-5681868a0d4b
12acfc45-bdfb-4343-9004-9be15dfd844c,aef98915-d9bd-4ef8-82f6-281ec4d69cc6,b70a5d3f-6ae4-4d94-8a2c-7ee99ca2453c,->,12acfc45-bdfb-4343-9004-9be15dfd844c,aef98915-d9bd-4ef8-82f6-281ec4d69cc6,0cf0d29d-b160-429c-b796-5681868a0d4b
12acfc45-bdfb-4343-9004-9be15dfd844c,aef98915-d9bd-4ef8-82f6-281ec4d69cc6,b70a5d3f-6ae4-4d94-8a2c-7ee99ca2453c,->,12acfc45-bdfb-4343-9004-9be15dfd844c,aef98915-d9bd-4ef8-82f6-281ec4d69cc6,0cf0d29d-b160-429c-b796-5681868a0d4b
12acfc45-bdfb-4343-9004-9be15dfd844c,aef98915-d9bd-4ef8-82f6-281ec4d69cc6,b70a5d3f-6ae4-4d94-8a2c-7ee99ca2453c,->,12acfc45-bdfb-4343-9004-9be15dfd844c,aef98915-d9bd-4ef8-82f6-281ec4d69cc6,0cf0d29d-b160-429c-b796-5681868a0d4b
12acfc45-bdfb-4343-9004-9be15dfd844c,aef98915-d9bd-4ef8-82f6-281ec4d69cc6,b70a5d3f-6ae4-4d94-8a2c-7ee99ca2453c,->,12acfc45-bdfb-4343-9004-9be15dfd844c,aef98915-d9bd-4ef8-82f6-281ec4d69cc6,0cf0d29d-b160-429c-b796-5681868a0d4b
12acfc45-bdfb-4343-9004-9be15dfd844c,aef98915-d9bd-4ef8-82f6-281ec4d69cc6,b70a5d3f-6ae4-4d94-8a2c-7ee99ca2453c,->,12acfc45-bdfb-4343-9004-9be15dfd844c,aef98915-d9bd-4ef8-82f6-281ec4d69cc6,0cf0d29d-b160-429c-b796-5681868a0d4b
12acfc45-bdfb-4343-9004-9be15dfd844c,aef98915-d9bd-4ef8-82f6-281ec4d69cc6,b70a5d3f-6ae4-4d94-8a2c-7ee99ca2453c,->,12acfc45-bdfb-4343-9004-9be15dfd844c,aef98915-d9bd-4ef8-82f6-281ec4d69cc6,0cf0d29d-b160-429c-b796-5681868a0d4b
12acfc45-bdfb-4343-9004-9be15dfd844c,aef98915-d9bd-4ef8-82f6-281ec4d69cc6,b70a5d3f-6ae4-4d94-8a2c-7ee99ca2453c,->,12acfc45-bdfb-4343-9004-9be15dfd844c,aef98915-d9bd-4ef8-82f6-281ec4d69cc6,0cf0d29d-b160-429c-b796-5681868a0d4b
12acfc45-bdfb-4343-9004-9be15dfd844c,aef98915-d9bd-4ef8-82f6-281ec4d69cc6,b70a5d3f-6ae4-4d94-8a2c-7ee99ca2453c,->,12acfc45-bdfb-4343-9004-9be15dfd844c,aef98915-d9bd-4ef8-82f6-281ec4d69cc6,0cf0d29d-b160-429c-b796-5681868a0d4b
12acfc45-bdfb-4343-9004-9be15dfd844c,aef98915-d9bd-4ef8-82f6-281ec4d69cc6,b70a5d3f-6ae4-4d94-8a2c-7ee99ca2453c,->,12acfc45-bdfb-4343-9004-9be15dfd844c,aef98915-d9bd-4ef8-82f6-281ec4d69cc6,0cf0d29d-b160-429c-b796-5681868a0d4b
12acfc45-bdfb-4343-9004-9be15dfd844c,aef98915-d9bd-4ef8-82f6-281ec4d69cc6,b70a5d3f-6ae4-4d94-8a2c-7ee99ca2453c,->,12acfc45-bdfb-4343-9004-9be15dfd844c,aef98915-d9bd-4ef8-82f6-281ec4d69cc6,0cf0d29d-b160-429c-b796-5681868a0d4b
12acfc45-bdfb-4343-9004-9be15dfd844c,aef98915-d9bd-4ef8-82f6-281ec4d69cc6,b70a5d3f-6ae4-4d94-8a2c-7ee99ca2453c,->,12acfc45-bdfb-4343-9004-9be15dfd844c,aef98915-d9bd-4ef8-82f6-281ec4d69cc6,0cf0d29d-b160-429c-b796-5681868a0d4b
12acfc45-bdfb-4343-9004-9be15dfd844c,aef98915-d9bd-4ef8-82f6-281ec4d69cc6,b70a5d3f-6ae4-4d94-8a2c-7ee99ca2453c,->,12acfc45-bdfb-4343-9004-9be15dfd844c,aef98915-d9bd-4ef8-82f6-281ec4d69cc6,0cf0d29d-b160-429c-b796-5681868a0d4b
12acfc45-bdfb-4343-9004-9be15dfd844c,aef98915-d9bd-4ef8-82f6-281ec4d69cc6,b70a5d3f-6ae4-4d94-8a2c-7ee99ca2453c,->,12acfc45-bdfb-4343-9004-9be15dfd844c,aef98915-d9bd-4ef8-82f6-281ec4d69cc6,0fb8c0b3-d526-4e5a-b200-7aabf6303623
12acfc45-bdfb-4343-9004-9be15dfd844c,aef98915-d9bd-4ef8-82f6-281ec4d69cc6,b70a5d3f-6ae4-4d94-8a2c-7ee99ca2453c,->,12acfc45-bdfb-4343-9004-9be15dfd844c,aef98915-d9bd-4ef8-82f6-281ec4d69cc6,3992bd2f-77ae-44fd-9dcd-0b271853822c
12acfc45-bdfb-4343-9004-9be15dfd844c,aef98915-d9bd-4ef8-82f6-281ec4d69cc6,b70a5d3f-6ae4-4d94-8a2c-7ee99ca2453c,->,12acfc45-bdfb-4343-9004-9be15dfd844c,aef98915-d9bd-4ef8-82f6-281ec4d69cc6,0cf0d29d-b160-429c-b796-5681868a0d4b
12acfc45-bdfb-4343-9004-9be15dfd844c,aef98915-d9bd-4ef8-82f6-281ec4d69cc6,b70a5d3f-6ae4-4d94-8a2c-7ee99ca2453c,->,12acfc45-bdfb-4343-9004-9be15dfd844c,server/model/players/Client.java,getItems
12acfc45-bdfb-4343-9004-9be15dfd844c,aef98915-d9bd-4ef8-82f6-281ec4d69cc6,b70a5d3f-6ae4-4d94-8a2c-7ee99ca2453c,->,12acfc45-bdfb-4343-9004-9be15dfd844c,aef98915-d9bd-4ef8-82f6-281ec4d69cc6,0cf0d29d-b160-429c-b796-5681868a0d4b
12acfc45-bdfb-4343-9004-9be15dfd844c,aef98915-d9bd-4ef8-82f6-281ec4d69cc6,b70a5d3f-6ae4-4d94-8a2c-7ee99ca2453c,->,12acfc45-bdfb-4343-9004-9be15dfd844c,aef98915-d9bd-4ef8-82f6-281ec4d69cc6,0fb8c0b3-d526-4e5a-b200-7aabf6303623
12acfc45-bdfb-4343-9004-9be15dfd844c,aef98915-d9bd-4ef8-82f6-281ec4d69cc6,0983c6c4-9e06-41ee-8949-f59bc71c379b,->,12acfc45-bdfb-4343-9004-9be15dfd844c,aef98915-d9bd-4ef8-82f6-281ec4d69cc6,3992bd2f-77ae-44fd-9dcd-0b271853822c
12acfc45-bdfb-4343-9004-9be15dfd844c,aef98915-d9bd-4ef8-82f6-281ec4d69cc6,0983c6c4-9e06-41ee-8949-f59bc71c379b,->,12acfc45-bdfb-4343-9004-9be15dfd844c,aef98915-d9bd-4ef8-82f6-281ec4d69cc6,0cf0d29d-b160-429c-b796-5681868a0d4b
12acfc45-bdfb-4343-9004-9be15dfd844c,aef98915-d9bd-4ef8-82f6-281ec4d69cc6,0983c6c4-9e06-41ee-8949-f59bc71c379b,->,12acfc45-bdfb-4343-9004-9be15dfd844c,aef98915-d9bd-4ef8-82f6-281ec4d69cc6,0cf0d29d-b160-429c-b796-5681868a0d4b
12acfc45-bdfb-4343-9004-9be15dfd844c,aef98915-d9bd-4ef8-82f6-281ec4d69cc6,0983c6c4-9e06-41ee-8949-f59bc71c379b,->,12acfc45-bdfb-4343-9004-9be15dfd844c,aef98915-d9bd-4ef8-82f6-281ec4d69cc6,0cf0d29d-b160-429c-b796-5681868a0d4b
12acfc45-bdfb-4343-9004-9be15dfd844c,aef98915-d9bd-4ef8-82f6-281ec4d69cc6,0983c6c4-9e06-41ee-8949-f59bc71c379b,->,12acfc45-bdfb-4343-9004-9be15dfd844c,aef98915-d9bd-4ef8-82f6-281ec4d69cc6,0cf0d29d-b160-429c-b796-5681868a0d4b
12acfc45-bdfb-4343-9004-9be15dfd844c,aef98915-d9bd-4ef8-82f6-281ec4d69cc6,0983c6c4-9e06-41ee-8949-f59bc71c379b,->,12acfc45-bdfb-4343-9004-9be15dfd844c,aef98915-d9bd-4ef8-82f6-281ec4d69cc6,0cf0d29d-b160-429c-b796-5681868a0d4b
12acfc45-bdfb-4343-9004-9be15dfd844c,aef98915-d9bd-4ef8-82f6-281ec4d69cc6,0983c6c4-9e06-41ee-8949-f59bc71c379b,->,12acfc45-bdfb-4343-9004-9be15dfd844c,aef98915-d9bd-4ef8-82f6-281ec4d69cc6,0cf0d29d-b160-429c-b796-5681868a0d4b
12acfc45-bdfb-4343-9004-9be15dfd844c,aef98915-d9bd-4ef8-82f6-281ec4d69cc6,0983c6c4-9e06-41ee-8949-f59bc71c379b,->,12acfc45-bdfb-4343-9004-9be15dfd844c,aef98915-d9bd-4ef8-82f6-281ec4d69cc6,0cf0d29d-b160-429c-b796-5681868a0d4b
12acfc45-bdfb-4343-9004-9be15dfd844c,aef98915-d9bd-4ef8-82f6-281ec4d69cc6,0983c6c4-9e06-41ee-8949-f59bc71c379b,->,12acfc45-bdfb-4343-9004-9be15dfd844c,aef98915-d9bd-4ef8-82f6-281ec4d69cc6,0cf0d29d-b160-429c-b796-5681868a0d4b
12acfc45-bdfb-4343-9004-9be15dfd844c,aef98915-d9bd-4ef8-82f6-281ec4d69cc6,0983c6c4-9e06-41ee-8949-f59bc71c379b,->,12acfc45-bdfb-4343-9004-9be15dfd844c,aef98915-d9bd-4ef8-82f6-281ec4d69cc6,0cf0d29d-b160-429c-b796-5681868a0d4b
12acfc45-bdfb-4343-9004-9be15dfd844c,aef98915-d9bd-4ef8-82f6-281ec4d69cc6,0983c6c4-9e06-41ee-8949-f59bc71c379b,->,12acfc45-bdfb-4343-9004-9be15dfd844c,aef98915-d9bd-4ef8-82f6-281ec4d69cc6,0cf0d29d-b160-429c-b796-5681868a0d4b
12acfc45-bdfb-4343-9004-9be15dfd844c,aef98915-d9bd-4ef8-82f6-281ec4d69cc6,0983c6c4-9e06-41ee-8949-f59bc71c379b,->,12acfc45-bdfb-4343-9004-9be15dfd844c,aef98915-d9bd-4ef8-82f6-281ec4d69cc6,0cf0d29d-b160-429c-b796-5681868a0d4b
12acfc45-bdfb-4343-9004-9be15dfd844c,aef98915-d9bd-4ef8-82f6-281ec4d69cc6,0983c6c4-9e06-41ee-8949-f59bc71c379b,->,12acfc45-bdfb-4343-9004-9be15dfd844c,aef98915-d9bd-4ef8-82f6-281ec4d69cc6,0cf0d29d-b160-429c-b796-5681868a0d4b
12acfc45-bdfb-4343-9004-9be15dfd844c,aef98915-d9bd-4ef8-82f6-281ec4d69cc6,0983c6c4-9e06-41ee-8949-f59bc71c379b,->,12acfc45-bdfb-4343-9004-9be15dfd844c,aef98915-d9bd-4ef8-82f6-281ec4d69cc6,0cf0d29d-b160-429c-b796-5681868a0d4b
12acfc45-bdfb-4343-9004-9be15dfd844c,aef98915-d9bd-4ef8-82f6-281ec4d69cc6,0983c6c4-9e06-41ee-8949-f59bc71c379b,->,12acfc45-bdfb-4343-9004-9be15dfd844c,aef98915-d9bd-4ef8-82f6-281ec4d69cc6,0cf0d29d-b160-429c-b796-5681868a0d4b
12acfc45-bdfb-4343-9004-9be15dfd844c,aef98915-d9bd-4ef8-82f6-281ec4d69cc6,0983c6c4-9e06-41ee-8949-f59bc71c379b,->,12acfc45-bdfb-4343-9004-9be15dfd844c,aef98915-d9bd-4ef8-82f6-281ec4d69cc6,0cf0d29d-b160-429c-b796-5681868a0d4b
12acfc45-bdfb-4343-9004-9be15dfd844c,aef98915-d9bd-4ef8-82f6-281ec4d69cc6,0983c6c4-9e06-41ee-8949-f59bc71c379b,->,12acfc45-bdfb-4343-9004-9be15dfd844c,aef98915-d9bd-4ef8-82f6-281ec4d69cc6,0cf0d29d-b160-429c-b796-5681868a0d4b
12acfc45-bdfb-4343-9004-9be15dfd844c,aef98915-d9bd-4ef8-82f6-281ec4d69cc6,0983c6c4-9e06-41ee-8949-f59bc71c379b,->,12acfc45-bdfb-4343-9004-9be15dfd844c,aef98915-d9bd-4ef8-82f6-281ec4d69cc6,0cf0d29d-b160-429c-b796-5681868a0d4b
12acfc45-bdfb-4343-9004-9be15dfd844c,aef98915-d9bd-4ef8-82f6-281ec4d69cc6,0983c6c4-9e06-41ee-8949-f59bc71c379b,->,12acfc45-bdfb-4343-9004-9be15dfd844c,aef98915-d9bd-4ef8-82f6-281ec4d69cc6,0cf0d29d-b160-429c-b796-5681868a0d4b
12acfc45-bdfb-4343-9004-9be15dfd844c,aef98915-d9bd-4ef8-82f6-281ec4d69cc6,0983c6c4-9e06-41ee-8949-f59bc71c379b,->,12acfc45-bdfb-4343-9004-9be15dfd844c,aef98915-d9bd-4ef8-82f6-281ec4d69cc6,0cf0d29d-b160-429c-b796-5681868a0d4b
12acfc45-bdfb-4343-9004-9be15dfd844c,aef98915-d9bd-4ef8-82f6-281ec4d69cc6,0983c6c4-9e06-41ee-8949-f59bc71c379b,->,12acfc45-bdfb-4343-9004-9be15dfd844c,aef98915-d9bd-4ef8-82f6-281ec4d69cc6,0cf0d29d-b160-429c-b796-5681868a0d4b
12acfc45-bdfb-4343-9004-9be15dfd844c,aef98915-d9bd-4ef8-82f6-281ec4d69cc6,0983c6c4-9e06-41ee-8949-f59bc71c379b,->,12acfc45-bdfb-4343-9004-9be15dfd844c,aef98915-d9bd-4ef8-82f6-281ec4d69cc6,0cf0d29d-b160-429c-b796-5681868a0d4b
12acfc45-bdfb-4343-9004-9be15dfd844c,aef98915-d9bd-4ef8-82f6-281ec4d69cc6,0983c6c4-9e06-41ee-8949-f59bc71c379b,->,12acfc45-bdfb-4343-9004-9be15dfd844c,aef98915-d9bd-4ef8-82f6-281ec4d69cc6,0cf0d29d-b160-429c-b796-5681868a0d4b
12acfc45-bdfb-4343-9004-9be15dfd844c,aef98915-d9bd-4ef8-82f6-281ec4d69cc6,0983c6c4-9e06-41ee-8949-f59bc71c379b,->,12acfc45-bdfb-4343-9004-9be15dfd844c,aef98915-d9bd-4ef8-82f6-281ec4d69cc6,0cf0d29d-b160-429c-b796-5681868a0d4b
12acfc45-bdfb-4343-9004-9be15dfd844c,aef98915-d9bd-4ef8-82f6-281ec4d69cc6,0983c6c4-9e06-41ee-8949-f59bc71c379b,->,12acfc45-bdfb-4343-9004-9be15dfd844c,aef98915-d9bd-4ef8-82f6-281ec4d69cc6,0cf0d29d-b160-429c-b796-5681868a0d4b
12acfc45-bdfb-4343-9004-9be15dfd844c,aef98915-d9bd-4ef8-82f6-281ec4d69cc6,0983c6c4-9e06-41ee-8949-f59bc71c379b,->,12acfc45-bdfb-4343-9004-9be15dfd844c,aef98915-d9bd-4ef8-82f6-281ec4d69cc6,0cf0d29d-b160-429c-b796-5681868a0d4b
12acfc45-bdfb-4343-9004-9be15dfd844c,aef98915-d9bd-4ef8-82f6-281ec4d69cc6,0983c6c4-9e06-41ee-8949-f59bc71c379b,->,12acfc45-bdfb-4343-9004-9be15dfd844c,aef98915-d9bd-4ef8-82f6-281ec4d69cc6,0fb8c0b3-d526-4e5a-b200-7aabf6303623
12acfc45-bdfb-4343-9004-9be15dfd844c,aef98915-d9bd-4ef8-82f6-281ec4d69cc6,0983c6c4-9e06-41ee-8949-f59bc71c379b,->,12acfc45-bdfb-4343-9004-9be15dfd844c,aef98915-d9bd-4ef8-82f6-281ec4d69cc6,3992bd2f-77ae-44fd-9dcd-0b271853822c
12acfc45-bdfb-4343-9004-9be15dfd844c,aef98915-d9bd-4ef8-82f6-281ec4d69cc6,0983c6c4-9e06-41ee-8949-f59bc71c379b,->,12acfc45-bdfb-4343-9004-9be15dfd844c,aef98915-d9bd-4ef8-82f6-281ec4d69cc6,0cf0d29d-b160-429c-b796-5681868a0d4b
12acfc45-bdfb-4343-9004-9be15dfd844c,aef98915-d9bd-4ef8-82f6-281ec4d69cc6,0983c6c4-9e06-41ee-8949-f59bc71c379b,->,12acfc45-bdfb-4343-9004-9be15dfd844c,aef98915-d9bd-4ef8-82f6-281ec4d69cc6,0cf0d29d-b160-429c-b796-5681868a0d4b
12acfc45-bdfb-4343-9004-9be15dfd844c,aef98915-d9bd-4ef8-82f6-281ec4d69cc6,0983c6c4-9e06-41ee-8949-f59bc71c379b,->,12acfc45-bdfb-4343-9004-9be15dfd844c,aef98915-d9bd-4ef8-82f6-281ec4d69cc6,0cf0d29d-b160-429c-b796-5681868a0d4b
12acfc45-bdfb-4343-9004-9be15dfd844c,aef98915-d9bd-4ef8-82f6-281ec4d69cc6,0983c6c4-9e06-41ee-8949-f59bc71c379b,->,12acfc45-bdfb-4343-9004-9be15dfd844c,aef98915-d9bd-4ef8-82f6-281ec4d69cc6,0cf0d29d-b160-429c-b796-5681868a0d4b
12acfc45-bdfb-4343-9004-9be15dfd844c,aef98915-d9bd-4ef8-82f6-281ec4d69cc6,0983c6c4-9e06-41ee-8949-f59bc71c379b,->,12acfc45-bdfb-4343-9004-9be15dfd844c,aef98915-d9bd-4ef8-82f6-281ec4d69cc6,0cf0d29d-b160-429c-b796-5681868a0d4b
12acfc45-bdfb-4343-9004-9be15dfd844c,aef98915-d9bd-4ef8-82f6-281ec4d69cc6,0983c6c4-9e06-41ee-8949-f59bc71c379b,->,12acfc45-bdfb-4343-9004-9be15dfd844c,aef98915-d9bd-4ef8-82f6-281ec4d69cc6,0cf0d29d-b160-429c-b796-5681868a0d4b
12acfc45-bdfb-4343-9004-9be15dfd844c,aef98915-d9bd-4ef8-82f6-281ec4d69cc6,0983c6c4-9e06-41ee-8949-f59bc71c379b,->,12acfc45-bdfb-4343-9004-9be15dfd844c,aef98915-d9bd-4ef8-82f6-281ec4d69cc6,0cf0d29d-b160-429c-b796-5681868a0d4b
12acfc45-bdfb-4343-9004-9be15dfd844c,aef98915-d9bd-4ef8-82f6-281ec4d69cc6,0983c6c4-9e06-41ee-8949-f59bc71c379b,->,12acfc45-bdfb-4343-9004-9be15dfd844c,aef98915-d9bd-4ef8-82f6-281ec4d69cc6,0cf0d29d-b160-429c-b796-5681868a0d4b
12acfc45-bdfb-4343-9004-9be15dfd844c,aef98915-d9bd-4ef8-82f6-281ec4d69cc6,0983c6c4-9e06-41ee-8949-f59bc71c379b,->,12acfc45-bdfb-4343-9004-9be15dfd844c,aef98915-d9bd-4ef8-82f6-281ec4d69cc6,0cf0d29d-b160-429c-b796-5681868a0d4b
12acfc45-bdfb-4343-9004-9be15dfd844c,aef98915-d9bd-4ef8-82f6-281ec4d69cc6,0983c6c4-9e06-41ee-8949-f59bc71c379b,->,12acfc45-bdfb-4343-9004-9be15dfd844c,aef98915-d9bd-4ef8-82f6-281ec4d69cc6,0cf0d29d-b160-429c-b796-5681868a0d4b
12acfc45-bdfb-4343-9004-9be15dfd844c,aef98915-d9bd-4ef8-82f6-281ec4d69cc6,0983c6c4-9e06-41ee-8949-f59bc71c379b,->,12acfc45-bdfb-4343-9004-9be15dfd844c,aef98915-d9bd-4ef8-82f6-281ec4d69cc6,0cf0d29d-b160-429c-b796-5681868a0d4b
12acfc45-bdfb-4343-9004-9be15dfd844c,aef98915-d9bd-4ef8-82f6-281ec4d69cc6,0983c6c4-9e06-41ee-8949-f59bc71c379b,->,12acfc45-bdfb-4343-9004-9be15dfd844c,aef98915-d9bd-4ef8-82f6-281ec4d69cc6,0cf0d29d-b160-429c-b796-5681868a0d4b
12acfc45-bdfb-4343-9004-9be15dfd844c,aef98915-d9bd-4ef8-82f6-281ec4d69cc6,0983c6c4-9e06-41ee-8949-f59bc71c379b,->,12acfc45-bdfb-4343-9004-9be15dfd844c,aef98915-d9bd-4ef8-82f6-281ec4d69cc6,0cf0d29d-b160-429c-b796-5681868a0d4b
12acfc45-bdfb-4343-9004-9be15dfd844c,aef98915-d9bd-4ef8-82f6-281ec4d69cc6,0983c6c4-9e06-41ee-8949-f59bc71c379b,->,12acfc45-bdfb-4343-9004-9be15dfd844c,aef98915-d9bd-4ef8-82f6-281ec4d69cc6,0cf0d29d-b160-429c-b796-5681868a0d4b
12acfc45-bdfb-4343-9004-9be15dfd844c,aef98915-d9bd-4ef8-82f6-281ec4d69cc6,0983c6c4-9e06-41ee-8949-f59bc71c379b,->,12acfc45-bdfb-4343-9004-9be15dfd844c,aef98915-d9bd-4ef8-82f6-281ec4d69cc6,0fb8c0b3-d526-4e5a-b200-7aabf6303623
12acfc45-bdfb-4343-9004-9be15dfd844c,aef98915-d9bd-4ef8-82f6-281ec4d69cc6,0983c6c4-9e06-41ee-8949-f59bc71c379b,->,12acfc45-bdfb-4343-9004-9be15dfd844c,aef98915-d9bd-4ef8-82f6-281ec4d69cc6,3992bd2f-77ae-44fd-9dcd-0b271853822c
12acfc45-bdfb-4343-9004-9be15dfd844c,aef98915-d9bd-4ef8-82f6-281ec4d69cc6,0983c6c4-9e06-41ee-8949-f59bc71c379b,->,12acfc45-bdfb-4343-9004-9be15dfd844c,server/model/players/Client.java,getItems
12acfc45-bdfb-4343-9004-9be15dfd844c,aef98915-d9bd-4ef8-82f6-281ec4d69cc6,0983c6c4-9e06-41ee-8949-f59bc71c379b,->,12acfc45-bdfb-4343-9004-9be15dfd844c,aef98915-d9bd-4ef8-82f6-281ec4d69cc6,0cf0d29d-b160-429c-b796-5681868a0d4b
12acfc45-bdfb-4343-9004-9be15dfd844c,aef98915-d9bd-4ef8-82f6-281ec4d69cc6,0983c6c4-9e06-41ee-8949-f59bc71c379b,->,12acfc45-bdfb-4343-9004-9be15dfd844c,aef98915-d9bd-4ef8-82f6-281ec4d69cc6,0fb8c0b3-d526-4e5a-b200-7aabf6303623
12acfc45-bdfb-4343-9004-9be15dfd844c,aef98915-d9bd-4ef8-82f6-281ec4d69cc6,fdb76db0-0d9c-47ec-a9ea-e6adc5b3ba8f,->,12acfc45-bdfb-4343-9004-9be15dfd844c,aef98915-d9bd-4ef8-82f6-281ec4d69cc6,3992bd2f-77ae-44fd-9dcd-0b271853822c
12acfc45-bdfb-4343-9004-9be15dfd844c,aef98915-d9bd-4ef8-82f6-281ec4d69cc6,fdb76db0-0d9c-47ec-a9ea-e6adc5b3ba8f,->,12acfc45-bdfb-4343-9004-9be15dfd844c,aef98915-d9bd-4ef8-82f6-281ec4d69cc6,0cf0d29d-b160-429c-b796-5681868a0d4b
12acfc45-bdfb-4343-9004-9be15dfd844c,aef98915-d9bd-4ef8-82f6-281ec4d69cc6,fdb76db0-0d9c-47ec-a9ea-e6adc5b3ba8f,->,12acfc45-bdfb-4343-9004-9be15dfd844c,aef98915-d9bd-4ef8-82f6-281ec4d69cc6,0cf0d29d-b160-429c-b796-5681868a0d4b
12acfc45-bdfb-4343-9004-9be15dfd844c,aef98915-d9bd-4ef8-82f6-281ec4d69cc6,fdb76db0-0d9c-47ec-a9ea-e6adc5b3ba8f,->,12acfc45-bdfb-4343-9004-9be15dfd844c,aef98915-d9bd-4ef8-82f6-281ec4d69cc6,0cf0d29d-b160-429c-b796-5681868a0d4b
12acfc45-bdfb-4343-9004-9be15dfd844c,aef98915-d9bd-4ef8-82f6-281ec4d69cc6,fdb76db0-0d9c-47ec-a9ea-e6adc5b3ba8f,->,12acfc45-bdfb-4343-9004-9be15dfd844c,aef98915-d9bd-4ef8-82f6-281ec4d69cc6,0cf0d29d-b160-429c-b796-5681868a0d4b
12acfc45-bdfb-4343-9004-9be15dfd844c,aef98915-d9bd-4ef8-82f6-281ec4d69cc6,fdb76db0-0d9c-47ec-a9ea-e6adc5b3ba8f,->,12acfc45-bdfb-4343-9004-9be15dfd844c,aef98915-d9bd-4ef8-82f6-281ec4d69cc6,0cf0d29d-b160-429c-b796-5681868a0d4b
12acfc45-bdfb-4343-9004-9be15dfd844c,aef98915-d9bd-4ef8-82f6-281ec4d69cc6,fdb76db0-0d9c-47ec-a9ea-e6adc5b3ba8f,->,12acfc45-bdfb-4343-9004-9be15dfd844c,aef98915-d9bd-4ef8-82f6-281ec4d69cc6,0cf0d29d-b160-429c-b796-5681868a0d4b
12acfc45-bdfb-4343-9004-9be15dfd844c,aef98915-d9bd-4ef8-82f6-281ec4d69cc6,fdb76db0-0d9c-47ec-a9ea-e6adc5b3ba8f,->,12acfc45-bdfb-4343-9004-9be15dfd844c,aef98915-d9bd-4ef8-82f6-281ec4d69cc6,0cf0d29d-b160-429c-b796-5681868a0d4b
12acfc45-bdfb-4343-9004-9be15dfd844c,aef98915-d9bd-4ef8-82f6-281ec4d69cc6,fdb76db0-0d9c-47ec-a9ea-e6adc5b3ba8f,->,12acfc45-bdfb-4343-9004-9be15dfd844c,aef98915-d9bd-4ef8-82f6-281ec4d69cc6,0cf0d29d-b160-429c-b796-5681868a0d4b
12acfc45-bdfb-4343-9004-9be15dfd844c,aef98915-d9bd-4ef8-82f6-281ec4d69cc6,fdb76db0-0d9c-47ec-a9ea-e6adc5b3ba8f,->,12acfc45-bdfb-4343-9004-9be15dfd844c,aef98915-d9bd-4ef8-82f6-281ec4d69cc6,0cf0d29d-b160-429c-b796-5681868a0d4b
12acfc45-bdfb-4343-9004-9be15dfd844c,aef98915-d9bd-4ef8-82f6-281ec4d69cc6,fdb76db0-0d9c-47ec-a9ea-e6adc5b3ba8f,->,12acfc45-bdfb-4343-9004-9be15dfd844c,aef98915-d9bd-4ef8-82f6-281ec4d69cc6,0cf0d29d-b160-429c-b796-5681868a0d4b
12acfc45-bdfb-4343-9004-9be15dfd844c,aef98915-d9bd-4ef8-82f6-281ec4d69cc6,fdb76db0-0d9c-47ec-a9ea-e6adc5b3ba8f,->,12acfc45-bdfb-4343-9004-9be15dfd844c,aef98915-d9bd-4ef8-82f6-281ec4d69cc6,0cf0d29d-b160-429c-b796-5681868a0d4b
12acfc45-bdfb-4343-9004-9be15dfd844c,aef98915-d9bd-4ef8-82f6-281ec4d69cc6,fdb76db0-0d9c-47ec-a9ea-e6adc5b3ba8f,->,12acfc45-bdfb-4343-9004-9be15dfd844c,aef98915-d9bd-4ef8-82f6-281ec4d69cc6,0cf0d29d-b160-429c-b796-5681868a0d4b
12acfc45-bdfb-4343-9004-9be15dfd844c,aef98915-d9bd-4ef8-82f6-281ec4d69cc6,fdb76db0-0d9c-47ec-a9ea-e6adc5b3ba8f,->,12acfc45-bdfb-4343-9004-9be15dfd844c,aef98915-d9bd-4ef8-82f6-281ec4d69cc6,0cf0d29d-b160-429c-b796-5681868a0d4b
12acfc45-bdfb-4343-9004-9be15dfd844c,aef98915-d9bd-4ef8-82f6-281ec4d69cc6,fdb76db0-0d9c-47ec-a9ea-e6adc5b3ba8f,->,12acfc45-bdfb-4343-9004-9be15dfd844c,aef98915-d9bd-4ef8-82f6-281ec4d69cc6,0cf0d29d-b160-429c-b796-5681868a0d4b
12acfc45-bdfb-4343-9004-9be15dfd844c,aef98915-d9bd-4ef8-82f6-281ec4d69cc6,fdb76db0-0d9c-47ec-a9ea-e6adc5b3ba8f,->,12acfc45-bdfb-4343-9004-9be15dfd844c,aef98915-d9bd-4ef8-82f6-281ec4d69cc6,0cf0d29d-b160-429c-b796-5681868a0d4b
12acfc45-bdfb-4343-9004-9be15dfd844c,aef98915-d9bd-4ef8-82f6-281ec4d69cc6,fdb76db0-0d9c-47ec-a9ea-e6adc5b3ba8f,->,12acfc45-bdfb-4343-9004-9be15dfd844c,aef98915-d9bd-4ef8-82f6-281ec4d69cc6,0cf0d29d-b160-429c-b796-5681868a0d4b
12acfc45-bdfb-4343-9004-9be15dfd844c,aef98915-d9bd-4ef8-82f6-281ec4d69cc6,fdb76db0-0d9c-47ec-a9ea-e6adc5b3ba8f,->,12acfc45-bdfb-4343-9004-9be15dfd844c,aef98915-d9bd-4ef8-82f6-281ec4d69cc6,0cf0d29d-b160-429c-b796-5681868a0d4b
12acfc45-bdfb-4343-9004-9be15dfd844c,aef98915-d9bd-4ef8-82f6-281ec4d69cc6,fdb76db0-0d9c-47ec-a9ea-e6adc5b3ba8f,->,12acfc45-bdfb-4343-9004-9be15dfd844c,aef98915-d9bd-4ef8-82f6-281ec4d69cc6,0cf0d29d-b160-429c-b796-5681868a0d4b
12acfc45-bdfb-4343-9004-9be15dfd844c,aef98915-d9bd-4ef8-82f6-281ec4d69cc6,fdb76db0-0d9c-47ec-a9ea-e6adc5b3ba8f,->,12acfc45-bdfb-4343-9004-9be15dfd844c,aef98915-d9bd-4ef8-82f6-281ec4d69cc6,0cf0d29d-b160-429c-b796-5681868a0d4b
12acfc45-bdfb-4343-9004-9be15dfd844c,aef98915-d9bd-4ef8-82f6-281ec4d69cc6,fdb76db0-0d9c-47ec-a9ea-e6adc5b3ba8f,->,12acfc45-bdfb-4343-9004-9be15dfd844c,aef98915-d9bd-4ef8-82f6-281ec4d69cc6,0fb8c0b3-d526-4e5a-b200-7aabf6303623
12acfc45-bdfb-4343-9004-9be15dfd844c,aef98915-d9bd-4ef8-82f6-281ec4d69cc6,fdb76db0-0d9c-47ec-a9ea-e6adc5b3ba8f,->,12acfc45-bdfb-4343-9004-9be15dfd844c,aef98915-d9bd-4ef8-82f6-281ec4d69cc6,3992bd2f-77ae-44fd-9dcd-0b271853822c
12acfc45-bdfb-4343-9004-9be15dfd844c,aef98915-d9bd-4ef8-82f6-281ec4d69cc6,fdb76db0-0d9c-47ec-a9ea-e6adc5b3ba8f,->,12acfc45-bdfb-4343-9004-9be15dfd844c,aef98915-d9bd-4ef8-82f6-281ec4d69cc6,0cf0d29d-b160-429c-b796-5681868a0d4b
12acfc45-bdfb-4343-9004-9be15dfd844c,aef98915-d9bd-4ef8-82f6-281ec4d69cc6,fdb76db0-0d9c-47ec-a9ea-e6adc5b3ba8f,->,12acfc45-bdfb-4343-9004-9be15dfd844c,aef98915-d9bd-4ef8-82f6-281ec4d69cc6,0cf0d29d-b160-429c-b796-5681868a0d4b
12acfc45-bdfb-4343-9004-9be15dfd844c,aef98915-d9bd-4ef8-82f6-281ec4d69cc6,fdb76db0-0d9c-47ec-a9ea-e6adc5b3ba8f,->,12acfc45-bdfb-4343-9004-9be15dfd844c,aef98915-d9bd-4ef8-82f6-281ec4d69cc6,0cf0d29d-b160-429c-b796-5681868a0d4b
12acfc45-bdfb-4343-9004-9be15dfd844c,aef98915-d9bd-4ef8-82f6-281ec4d69cc6,fdb76db0-0d9c-47ec-a9ea-e6adc5b3ba8f,->,12acfc45-bdfb-4343-9004-9be15dfd844c,aef98915-d9bd-4ef8-82f6-281ec4d69cc6,0cf0d29d-b160-429c-b796-5681868a0d4b
12acfc45-bdfb-4343-9004-9be15dfd844c,aef98915-d9bd-4ef8-82f6-281ec4d69cc6,fdb76db0-0d9c-47ec-a9ea-e6adc5b3ba8f,->,12acfc45-bdfb-4343-9004-9be15dfd844c,aef98915-d9bd-4ef8-82f6-281ec4d69cc6,0cf0d29d-b160-429c-b796-5681868a0d4b
12acfc45-bdfb-4343-9004-9be15dfd844c,aef98915-d9bd-4ef8-82f6-281ec4d69cc6,fdb76db0-0d9c-47ec-a9ea-e6adc5b3ba8f,->,12acfc45-bdfb-4343-9004-9be15dfd844c,aef98915-d9bd-4ef8-82f6-281ec4d69cc6,0cf0d29d-b160-429c-b796-5681868a0d4b
12acfc45-bdfb-4343-9004-9be15dfd844c,aef98915-d9bd-4ef8-82f6-281ec4d69cc6,fdb76db0-0d9c-47ec-a9ea-e6adc5b3ba8f,->,12acfc45-bdfb-4343-9004-9be15dfd844c,aef98915-d9bd-4ef8-82f6-281ec4d69cc6,0cf0d29d-b160-429c-b796-5681868a0d4b
12acfc45-bdfb-4343-9004-9be15dfd844c,aef98915-d9bd-4ef8-82f6-281ec4d69cc6,fdb76db0-0d9c-47ec-a9ea-e6adc5b3ba8f,->,12acfc45-bdfb-4343-9004-9be15dfd844c,aef98915-d9bd-4ef8-82f6-281ec4d69cc6,0cf0d29d-b160-429c-b796-5681868a0d4b
12acfc45-bdfb-4343-9004-9be15dfd844c,aef98915-d9bd-4ef8-82f6-281ec4d69cc6,fdb76db0-0d9c-47ec-a9ea-e6adc5b3ba8f,->,12acfc45-bdfb-4343-9004-9be15dfd844c,aef98915-d9bd-4ef8-82f6-281ec4d69cc6,0cf0d29d-b160-429c-b796-5681868a0d4b
12acfc45-bdfb-4343-9004-9be15dfd844c,aef98915-d9bd-4ef8-82f6-281ec4d69cc6,fdb76db0-0d9c-47ec-a9ea-e6adc5b3ba8f,->,12acfc45-bdfb-4343-9004-9be15dfd844c,aef98915-d9bd-4ef8-82f6-281ec4d69cc6,0cf0d29d-b160-429c-b796-5681868a0d4b
12acfc45-bdfb-4343-9004-9be15dfd844c,aef98915-d9bd-4ef8-82f6-281ec4d69cc6,fdb76db0-0d9c-47ec-a9ea-e6adc5b3ba8f,->,12acfc45-bdfb-4343-9004-9be15dfd844c,aef98915-d9bd-4ef8-82f6-281ec4d69cc6,0cf0d29d-b160-429c-b796-5681868a0d4b
12acfc45-bdfb-4343-9004-9be15dfd844c,aef98915-d9bd-4ef8-82f6-281ec4d69cc6,fdb76db0-0d9c-47ec-a9ea-e6adc5b3ba8f,->,12acfc45-bdfb-4343-9004-9be15dfd844c,aef98915-d9bd-4ef8-82f6-281ec4d69cc6,0cf0d29d-b160-429c-b796-5681868a0d4b
12acfc45-bdfb-4343-9004-9be15dfd844c,aef98915-d9bd-4ef8-82f6-281ec4d69cc6,fdb76db0-0d9c-47ec-a9ea-e6adc5b3ba8f,->,12acfc45-bdfb-4343-9004-9be15dfd844c,aef98915-d9bd-4ef8-82f6-281ec4d69cc6,0cf0d29d-b160-429c-b796-5681868a0d4b
12acfc45-bdfb-4343-9004-9be15dfd844c,aef98915-d9bd-4ef8-82f6-281ec4d69cc6,fdb76db0-0d9c-47ec-a9ea-e6adc5b3ba8f,->,12acfc45-bdfb-4343-9004-9be15dfd844c,aef98915-d9bd-4ef8-82f6-281ec4d69cc6,0cf0d29d-b160-429c-b796-5681868a0d4b
12acfc45-bdfb-4343-9004-9be15dfd844c,aef98915-d9bd-4ef8-82f6-281ec4d69cc6,fdb76db0-0d9c-47ec-a9ea-e6adc5b3ba8f,->,12acfc45-bdfb-4343-9004-9be15dfd844c,aef98915-d9bd-4ef8-82f6-281ec4d69cc6,0cf0d29d-b160-429c-b796-5681868a0d4b
12acfc45-bdfb-4343-9004-9be15dfd844c,aef98915-d9bd-4ef8-82f6-281ec4d69cc6,fdb76db0-0d9c-47ec-a9ea-e6adc5b3ba8f,->,12acfc45-bdfb-4343-9004-9be15dfd844c,aef98915-d9bd-4ef8-82f6-281ec4d69cc6,0cf0d29d-b160-429c-b796-5681868a0d4b
12acfc45-bdfb-4343-9004-9be15dfd844c,aef98915-d9bd-4ef8-82f6-281ec4d69cc6,fdb76db0-0d9c-47ec-a9ea-e6adc5b3ba8f,->,12acfc45-bdfb-4343-9004-9be15dfd844c,aef98915-d9bd-4ef8-82f6-281ec4d69cc6,0cf0d29d-b160-429c-b796-5681868a0d4b
12acfc45-bdfb-4343-9004-9be15dfd844c,aef98915-d9bd-4ef8-82f6-281ec4d69cc6,fdb76db0-0d9c-47ec-a9ea-e6adc5b3ba8f,->,12acfc45-bdfb-4343-9004-9be15dfd844c,aef98915-d9bd-4ef8-82f6-281ec4d69cc6,0fb8c0b3-d526-4e5a-b200-7aabf6303623
12acfc45-bdfb-4343-9004-9be15dfd844c,aef98915-d9bd-4ef8-82f6-281ec4d69cc6,fdb76db0-0d9c-47ec-a9ea-e6adc5b3ba8f,->,12acfc45-bdfb-4343-9004-9be15dfd844c,aef98915-d9bd-4ef8-82f6-281ec4d69cc6,3992bd2f-77ae-44fd-9dcd-0b271853822c
12acfc45-bdfb-4343-9004-9be15dfd844c,aef98915-d9bd-4ef8-82f6-281ec4d69cc6,fdb76db0-0d9c-47ec-a9ea-e6adc5b3ba8f,->,12acfc45-bdfb-4343-9004-9be15dfd844c,aef98915-d9bd-4ef8-82f6-281ec4d69cc6,0cf0d29d-b160-429c-b796-5681868a0d4b
12acfc45-bdfb-4343-9004-9be15dfd844c,aef98915-d9bd-4ef8-82f6-281ec4d69cc6,fdb76db0-0d9c-47ec-a9ea-e6adc5b3ba8f,->,12acfc45-bdfb-4343-9004-9be15dfd844c,aef98915-d9bd-4ef8-82f6-281ec4d69cc6,0cf0d29d-b160-429c-b796-5681868a0d4b
12acfc45-bdfb-4343-9004-9be15dfd844c,aef98915-d9bd-4ef8-82f6-281ec4d69cc6,fdb76db0-0d9c-47ec-a9ea-e6adc5b3ba8f,->,12acfc45-bdfb-4343-9004-9be15dfd844c,aef98915-d9bd-4ef8-82f6-281ec4d69cc6,0cf0d29d-b160-429c-b796-5681868a0d4b
12acfc45-bdfb-4343-9004-9be15dfd844c,aef98915-d9bd-4ef8-82f6-281ec4d69cc6,fdb76db0-0d9c-47ec-a9ea-e6adc5b3ba8f,->,12acfc45-bdfb-4343-9004-9be15dfd844c,aef98915-d9bd-4ef8-82f6-281ec4d69cc6,0cf0d29d-b160-429c-b796-5681868a0d4b
12acfc45-bdfb-4343-9004-9be15dfd844c,aef98915-d9bd-4ef8-82f6-281ec4d69cc6,fdb76db0-0d9c-47ec-a9ea-e6adc5b3ba8f,->,12acfc45-bdfb-4343-9004-9be15dfd844c,aef98915-d9bd-4ef8-82f6-281ec4d69cc6,0cf0d29d-b160-429c-b796-5681868a0d4b
12acfc45-bdfb-4343-9004-9be15dfd844c,aef98915-d9bd-4ef8-82f6-281ec4d69cc6,fdb76db0-0d9c-47ec-a9ea-e6adc5b3ba8f,->,12acfc45-bdfb-4343-9004-9be15dfd844c,aef98915-d9bd-4ef8-82f6-281ec4d69cc6,0cf0d29d-b160-429c-b796-5681868a0d4b
12acfc45-bdfb-4343-9004-9be15dfd844c,aef98915-d9bd-4ef8-82f6-281ec4d69cc6,fdb76db0-0d9c-47ec-a9ea-e6adc5b3ba8f,->,12acfc45-bdfb-4343-9004-9be15dfd844c,aef98915-d9bd-4ef8-82f6-281ec4d69cc6,0cf0d29d-b160-429c-b796-5681868a0d4b
12acfc45-bdfb-4343-9004-9be15dfd844c,aef98915-d9bd-4ef8-82f6-281ec4d69cc6,fdb76db0-0d9c-47ec-a9ea-e6adc5b3ba8f,->,12acfc45-bdfb-4343-9004-9be15dfd844c,aef98915-d9bd-4ef8-82f6-281ec4d69cc6,0fb8c0b3-d526-4e5a-b200-7aabf6303623
12acfc45-bdfb-4343-9004-9be15dfd844c,aef98915-d9bd-4ef8-82f6-281ec4d69cc6,fdb76db0-0d9c-47ec-a9ea-e6adc5b3ba8f,->,12acfc45-bdfb-4343-9004-9be15dfd844c,aef98915-d9bd-4ef8-82f6-281ec4d69cc6,3992bd2f-77ae-44fd-9dcd-0b271853822c
12acfc45-bdfb-4343-9004-9be15dfd844c,aef98915-d9bd-4ef8-82f6-281ec4d69cc6,fdb76db0-0d9c-47ec-a9ea-e6adc5b3ba8f,->,12acfc45-bdfb-4343-9004-9be15dfd844c,server/model/players/Client.java,getItems
12acfc45-bdfb-4343-9004-9be15dfd844c,aef98915-d9bd-4ef8-82f6-281ec4d69cc6,fdb76db0-0d9c-47ec-a9ea-e6adc5b3ba8f,->,12acfc45-bdfb-4343-9004-9be15dfd844c,aef98915-d9bd-4ef8-82f6-281ec4d69cc6,0cf0d29d-b160-429c-b796-5681868a0d4b
12acfc45-bdfb-4343-9004-9be15dfd844c,aef98915-d9bd-4ef8-82f6-281ec4d69cc6,fdb76db0-0d9c-47ec-a9ea-e6adc5b3ba8f,->,12acfc45-bdfb-4343-9004-9be15dfd844c,aef98915-d9bd-4ef8-82f6-281ec4d69cc6,0fb8c0b3-d526-4e5a-b200-7aabf6303623
12acfc45-bdfb-4343-9004-9be15dfd844c,aef98915-d9bd-4ef8-82f6-281ec4d69cc6,0881ff1e-5306-43c7-a4bb-350592146489,->,12acfc45-bdfb-4343-9004-9be15dfd844c,aef98915-d9bd-4ef8-82f6-281ec4d69cc6,3992bd2f-77ae-44fd-9dcd-0b271853822c
12acfc45-bdfb-4343-9004-9be15dfd844c,aef98915-d9bd-4ef8-82f6-281ec4d69cc6,0881ff1e-5306-43c7-a4bb-350592146489,->,12acfc45-bdfb-4343-9004-9be15dfd844c,aef98915-d9bd-4ef8-82f6-281ec4d69cc6,0cf0d29d-b160-429c-b796-5681868a0d4b
12acfc45-bdfb-4343-9004-9be15dfd844c,aef98915-d9bd-4ef8-82f6-281ec4d69cc6,0881ff1e-5306-43c7-a4bb-350592146489,->,12acfc45-bdfb-4343-9004-9be15dfd844c,aef98915-d9bd-4ef8-82f6-281ec4d69cc6,0cf0d29d-b160-429c-b796-5681868a0d4b
12acfc45-bdfb-4343-9004-9be15dfd844c,aef98915-d9bd-4ef8-82f6-281ec4d69cc6,0881ff1e-5306-43c7-a4bb-350592146489,->,12acfc45-bdfb-4343-9004-9be15dfd844c,aef98915-d9bd-4ef8-82f6-281ec4d69cc6,0fb8c0b3-d526-4e5a-b200-7aabf6303623
12acfc45-bdfb-4343-9004-9be15dfd844c,aef98915-d9bd-4ef8-82f6-281ec4d69cc6,0881ff1e-5306-43c7-a4bb-350592146489,->,12acfc45-bdfb-4343-9004-9be15dfd844c,aef98915-d9bd-4ef8-82f6-281ec4d69cc6,3992bd2f-77ae-44fd-9dcd-0b271853822c
12acfc45-bdfb-4343-9004-9be15dfd844c,aef98915-d9bd-4ef8-82f6-281ec4d69cc6,0881ff1e-5306-43c7-a4bb-350592146489,->,12acfc45-bdfb-4343-9004-9be15dfd844c,aef98915-d9bd-4ef8-82f6-281ec4d69cc6,0cf0d29d-b160-429c-b796-5681868a0d4b
12acfc45-bdfb-4343-9004-9be15dfd844c,aef98915-d9bd-4ef8-82f6-281ec4d69cc6,0881ff1e-5306-43c7-a4bb-350592146489,->,12acfc45-bdfb-4343-9004-9be15dfd844c,aef98915-d9bd-4ef8-82f6-281ec4d69cc6,0cf0d29d-b160-429c-b796-5681868a0d4b
12acfc45-bdfb-4343-9004-9be15dfd844c,aef98915-d9bd-4ef8-82f6-281ec4d69cc6,0881ff1e-5306-43c7-a4bb-350592146489,->,12acfc45-bdfb-4343-9004-9be15dfd844c,aef98915-d9bd-4ef8-82f6-281ec4d69cc6,0cf0d29d-b160-429c-b796-5681868a0d4b
12acfc45-bdfb-4343-9004-9be15dfd844c,aef98915-d9bd-4ef8-82f6-281ec4d69cc6,0881ff1e-5306-43c7-a4bb-350592146489,->,12acfc45-bdfb-4343-9004-9be15dfd844c,aef98915-d9bd-4ef8-82f6-281ec4d69cc6,0cf0d29d-b160-429c-b796-5681868a0d4b
12acfc45-bdfb-4343-9004-9be15dfd844c,aef98915-d9bd-4ef8-82f6-281ec4d69cc6,0881ff1e-5306-43c7-a4bb-350592146489,->,12acfc45-bdfb-4343-9004-9be15dfd844c,aef98915-d9bd-4ef8-82f6-281ec4d69cc6,0cf0d29d-b160-429c-b796-5681868a0d4b
12acfc45-bdfb-4343-9004-9be15dfd844c,aef98915-d9bd-4ef8-82f6-281ec4d69cc6,0881ff1e-5306-43c7-a4bb-350592146489,->,12acfc45-bdfb-4343-9004-9be15dfd844c,aef98915-d9bd-4ef8-82f6-281ec4d69cc6,0cf0d29d-b160-429c-b796-5681868a0d4b
12acfc45-bdfb-4343-9004-9be15dfd844c,aef98915-d9bd-4ef8-82f6-281ec4d69cc6,0881ff1e-5306-43c7-a4bb-350592146489,->,12acfc45-bdfb-4343-9004-9be15dfd844c,aef98915-d9bd-4ef8-82f6-281ec4d69cc6,0cf0d29d-b160-429c-b796-5681868a0d4b
12acfc45-bdfb-4343-9004-9be15dfd844c,aef98915-d9bd-4ef8-82f6-281ec4d69cc6,0881ff1e-5306-43c7-a4bb-350592146489,->,12acfc45-bdfb-4343-9004-9be15dfd844c,aef98915-d9bd-4ef8-82f6-281ec4d69cc6,0cf0d29d-b160-429c-b796-5681868a0d4b
12acfc45-bdfb-4343-9004-9be15dfd844c,aef98915-d9bd-4ef8-82f6-281ec4d69cc6,0881ff1e-5306-43c7-a4bb-350592146489,->,12acfc45-bdfb-4343-9004-9be15dfd844c,aef98915-d9bd-4ef8-82f6-281ec4d69cc6,0cf0d29d-b160-429c-b796-5681868a0d4b
12acfc45-bdfb-4343-9004-9be15dfd844c,aef98915-d9bd-4ef8-82f6-281ec4d69cc6,0881ff1e-5306-43c7-a4bb-350592146489,->,12acfc45-bdfb-4343-9004-9be15dfd844c,aef98915-d9bd-4ef8-82f6-281ec4d69cc6,0cf0d29d-b160-429c-b796-5681868a0d4b
12acfc45-bdfb-4343-9004-9be15dfd844c,aef98915-d9bd-4ef8-82f6-281ec4d69cc6,0881ff1e-5306-43c7-a4bb-350592146489,->,12acfc45-bdfb-4343-9004-9be15dfd844c,aef98915-d9bd-4ef8-82f6-281ec4d69cc6,0cf0d29d-b160-429c-b796-5681868a0d4b
12acfc45-bdfb-4343-9004-9be15dfd844c,aef98915-d9bd-4ef8-82f6-281ec4d69cc6,0881ff1e-5306-43c7-a4bb-350592146489,->,12acfc45-bdfb-4343-9004-9be15dfd844c,aef98915-d9bd-4ef8-82f6-281ec4d69cc6,0cf0d29d-b160-429c-b796-5681868a0d4b
12acfc45-bdfb-4343-9004-9be15dfd844c,aef98915-d9bd-4ef8-82f6-281ec4d69cc6,0881ff1e-5306-43c7-a4bb-350592146489,->,12acfc45-bdfb-4343-9004-9be15dfd844c,aef98915-d9bd-4ef8-82f6-281ec4d69cc6,0cf0d29d-b160-429c-b796-5681868a0d4b
12acfc45-bdfb-4343-9004-9be15dfd844c,aef98915-d9bd-4ef8-82f6-281ec4d69cc6,0881ff1e-5306-43c7-a4bb-350592146489,->,12acfc45-bdfb-4343-9004-9be15dfd844c,aef98915-d9bd-4ef8-82f6-281ec4d69cc6,0cf0d29d-b160-429c-b796-5681868a0d4b
12acfc45-bdfb-4343-9004-9be15dfd844c,aef98915-d9bd-4ef8-82f6-281ec4d69cc6,0881ff1e-5306-43c7-a4bb-350592146489,->,12acfc45-bdfb-4343-9004-9be15dfd844c,aef98915-d9bd-4ef8-82f6-281ec4d69cc6,0cf0d29d-b160-429c-b796-5681868a0d4b
12acfc45-bdfb-4343-9004-9be15dfd844c,aef98915-d9bd-4ef8-82f6-281ec4d69cc6,0881ff1e-5306-43c7-a4bb-350592146489,->,12acfc45-bdfb-4343-9004-9be15dfd844c,aef98915-d9bd-4ef8-82f6-281ec4d69cc6,0cf0d29d-b160-429c-b796-5681868a0d4b
12acfc45-bdfb-4343-9004-9be15dfd844c,aef98915-d9bd-4ef8-82f6-281ec4d69cc6,0881ff1e-5306-43c7-a4bb-350592146489,->,12acfc45-bdfb-4343-9004-9be15dfd844c,aef98915-d9bd-4ef8-82f6-281ec4d69cc6,0cf0d29d-b160-429c-b796-5681868a0d4b
12acfc45-bdfb-4343-9004-9be15dfd844c,aef98915-d9bd-4ef8-82f6-281ec4d69cc6,0881ff1e-5306-43c7-a4bb-350592146489,->,12acfc45-bdfb-4343-9004-9be15dfd844c,aef98915-d9bd-4ef8-82f6-281ec4d69cc6,0cf0d29d-b160-429c-b796-5681868a0d4b
12acfc45-bdfb-4343-9004-9be15dfd844c,aef98915-d9bd-4ef8-82f6-281ec4d69cc6,0881ff1e-5306-43c7-a4bb-350592146489,->,12acfc45-bdfb-4343-9004-9be15dfd844c,aef98915-d9bd-4ef8-82f6-281ec4d69cc6,0cf0d29d-b160-429c-b796-5681868a0d4b
12acfc45-bdfb-4343-9004-9be15dfd844c,aef98915-d9bd-4ef8-82f6-281ec4d69cc6,0881ff1e-5306-43c7-a4bb-350592146489,->,12acfc45-bdfb-4343-9004-9be15dfd844c,aef98915-d9bd-4ef8-82f6-281ec4d69cc6,0cf0d29d-b160-429c-b796-5681868a0d4b
12acfc45-bdfb-4343-9004-9be15dfd844c,aef98915-d9bd-4ef8-82f6-281ec4d69cc6,0881ff1e-5306-43c7-a4bb-350592146489,->,12acfc45-bdfb-4343-9004-9be15dfd844c,aef98915-d9bd-4ef8-82f6-281ec4d69cc6,0cf0d29d-b160-429c-b796-5681868a0d4b
12acfc45-bdfb-4343-9004-9be15dfd844c,aef98915-d9bd-4ef8-82f6-281ec4d69cc6,0881ff1e-5306-43c7-a4bb-350592146489,->,12acfc45-bdfb-4343-9004-9be15dfd844c,aef98915-d9bd-4ef8-82f6-281ec4d69cc6,0cf0d29d-b160-429c-b796-5681868a0d4b
12acfc45-bdfb-4343-9004-9be15dfd844c,aef98915-d9bd-4ef8-82f6-281ec4d69cc6,0881ff1e-5306-43c7-a4bb-350592146489,->,12acfc45-bdfb-4343-9004-9be15dfd844c,aef98915-d9bd-4ef8-82f6-281ec4d69cc6,0cf0d29d-b160-429c-b796-5681868a0d4b
12acfc45-bdfb-4343-9004-9be15dfd844c,aef98915-d9bd-4ef8-82f6-281ec4d69cc6,0881ff1e-5306-43c7-a4bb-350592146489,->,12acfc45-bdfb-4343-9004-9be15dfd844c,aef98915-d9bd-4ef8-82f6-281ec4d69cc6,0cf0d29d-b160-429c-b796-5681868a0d4b
12acfc45-bdfb-4343-9004-9be15dfd844c,aef98915-d9bd-4ef8-82f6-281ec4d69cc6,0881ff1e-5306-43c7-a4bb-350592146489,->,12acfc45-bdfb-4343-9004-9be15dfd844c,aef98915-d9bd-4ef8-82f6-281ec4d69cc6,0cf0d29d-b160-429c-b796-5681868a0d4b
12acfc45-bdfb-4343-9004-9be15dfd844c,aef98915-d9bd-4ef8-82f6-281ec4d69cc6,0881ff1e-5306-43c7-a4bb-350592146489,->,12acfc45-bdfb-4343-9004-9be15dfd844c,aef98915-d9bd-4ef8-82f6-281ec4d69cc6,0cf0d29d-b160-429c-b796-5681868a0d4b
12acfc45-bdfb-4343-9004-9be15dfd844c,aef98915-d9bd-4ef8-82f6-281ec4d69cc6,0881ff1e-5306-43c7-a4bb-350592146489,->,12acfc45-bdfb-4343-9004-9be15dfd844c,aef98915-d9bd-4ef8-82f6-281ec4d69cc6,0cf0d29d-b160-429c-b796-5681868a0d4b
12acfc45-bdfb-4343-9004-9be15dfd844c,aef98915-d9bd-4ef8-82f6-281ec4d69cc6,0881ff1e-5306-43c7-a4bb-350592146489,->,12acfc45-bdfb-4343-9004-9be15dfd844c,aef98915-d9bd-4ef8-82f6-281ec4d69cc6,0cf0d29d-b160-429c-b796-5681868a0d4b
12acfc45-bdfb-4343-9004-9be15dfd844c,aef98915-d9bd-4ef8-82f6-281ec4d69cc6,0881ff1e-5306-43c7-a4bb-350592146489,->,12acfc45-bdfb-4343-9004-9be15dfd844c,aef98915-d9bd-4ef8-82f6-281ec4d69cc6,0fb8c0b3-d526-4e5a-b200-7aabf6303623
12acfc45-bdfb-4343-9004-9be15dfd844c,aef98915-d9bd-4ef8-82f6-281ec4d69cc6,0881ff1e-5306-43c7-a4bb-350592146489,->,12acfc45-bdfb-4343-9004-9be15dfd844c,aef98915-d9bd-4ef8-82f6-281ec4d69cc6,3992bd2f-77ae-44fd-9dcd-0b271853822c
12acfc45-bdfb-4343-9004-9be15dfd844c,aef98915-d9bd-4ef8-82f6-281ec4d69cc6,0881ff1e-5306-43c7-a4bb-350592146489,->,12acfc45-bdfb-4343-9004-9be15dfd844c,aef98915-d9bd-4ef8-82f6-281ec4d69cc6,0cf0d29d-b160-429c-b796-5681868a0d4b
12acfc45-bdfb-4343-9004-9be15dfd844c,aef98915-d9bd-4ef8-82f6-281ec4d69cc6,0881ff1e-5306-43c7-a4bb-350592146489,->,12acfc45-bdfb-4343-9004-9be15dfd844c,aef98915-d9bd-4ef8-82f6-281ec4d69cc6,0cf0d29d-b160-429c-b796-5681868a0d4b
12acfc45-bdfb-4343-9004-9be15dfd844c,aef98915-d9bd-4ef8-82f6-281ec4d69cc6,0881ff1e-5306-43c7-a4bb-350592146489,->,12acfc45-bdfb-4343-9004-9be15dfd844c,aef98915-d9bd-4ef8-82f6-281ec4d69cc6,0fb8c0b3-d526-4e5a-b200-7aabf6303623
12acfc45-bdfb-4343-9004-9be15dfd844c,aef98915-d9bd-4ef8-82f6-281ec4d69cc6,0881ff1e-5306-43c7-a4bb-350592146489,->,12acfc45-bdfb-4343-9004-9be15dfd844c,aef98915-d9bd-4ef8-82f6-281ec4d69cc6,3992bd2f-77ae-44fd-9dcd-0b271853822c
12acfc45-bdfb-4343-9004-9be15dfd844c,aef98915-d9bd-4ef8-82f6-281ec4d69cc6,0881ff1e-5306-43c7-a4bb-350592146489,->,12acfc45-bdfb-4343-9004-9be15dfd844c,aef98915-d9bd-4ef8-82f6-281ec4d69cc6,0cf0d29d-b160-429c-b796-5681868a0d4b
12acfc45-bdfb-4343-9004-9be15dfd844c,aef98915-d9bd-4ef8-82f6-281ec4d69cc6,0881ff1e-5306-43c7-a4bb-350592146489,->,12acfc45-bdfb-4343-9004-9be15dfd844c,aef98915-d9bd-4ef8-82f6-281ec4d69cc6,0cf0d29d-b160-429c-b796-5681868a0d4b
12acfc45-bdfb-4343-9004-9be15dfd844c,aef98915-d9bd-4ef8-82f6-281ec4d69cc6,0881ff1e-5306-43c7-a4bb-350592146489,->,12acfc45-bdfb-4343-9004-9be15dfd844c,aef98915-d9bd-4ef8-82f6-281ec4d69cc6,0cf0d29d-b160-429c-b796-5681868a0d4b
12acfc45-bdfb-4343-9004-9be15dfd844c,aef98915-d9bd-4ef8-82f6-281ec4d69cc6,0881ff1e-5306-43c7-a4bb-350592146489,->,12acfc45-bdfb-4343-9004-9be15dfd844c,aef98915-d9bd-4ef8-82f6-281ec4d69cc6,0cf0d29d-b160-429c-b796-5681868a0d4b
12acfc45-bdfb-4343-9004-9be15dfd844c,aef98915-d9bd-4ef8-82f6-281ec4d69cc6,0881ff1e-5306-43c7-a4bb-350592146489,->,12acfc45-bdfb-4343-9004-9be15dfd844c,aef98915-d9bd-4ef8-82f6-281ec4d69cc6,0cf0d29d-b160-429c-b796-5681868a0d4b
12acfc45-bdfb-4343-9004-9be15dfd844c,aef98915-d9bd-4ef8-82f6-281ec4d69cc6,0881ff1e-5306-43c7-a4bb-350592146489,->,12acfc45-bdfb-4343-9004-9be15dfd844c,aef98915-d9bd-4ef8-82f6-281ec4d69cc6,0fb8c0b3-d526-4e5a-b200-7aabf6303623
12acfc45-bdfb-4343-9004-9be15dfd844c,aef98915-d9bd-4ef8-82f6-281ec4d69cc6,0881ff1e-5306-43c7-a4bb-350592146489,->,12acfc45-bdfb-4343-9004-9be15dfd844c,aef98915-d9bd-4ef8-82f6-281ec4d69cc6,3992bd2f-77ae-44fd-9dcd-0b271853822c
12acfc45-bdfb-4343-9004-9be15dfd844c,aef98915-d9bd-4ef8-82f6-281ec4d69cc6,0881ff1e-5306-43c7-a4bb-350592146489,->,12acfc45-bdfb-4343-9004-9be15dfd844c,aef98915-d9bd-4ef8-82f6-281ec4d69cc6,0cf0d29d-b160-429c-b796-5681868a0d4b
12acfc45-bdfb-4343-9004-9be15dfd844c,aef98915-d9bd-4ef8-82f6-281ec4d69cc6,0881ff1e-5306-43c7-a4bb-350592146489,->,12acfc45-bdfb-4343-9004-9be15dfd844c,aef98915-d9bd-4ef8-82f6-281ec4d69cc6,0cf0d29d-b160-429c-b796-5681868a0d4b
12acfc45-bdfb-4343-9004-9be15dfd844c,aef98915-d9bd-4ef8-82f6-281ec4d69cc6,0881ff1e-5306-43c7-a4bb-350592146489,->,12acfc45-bdfb-4343-9004-9be15dfd844c,aef98915-d9bd-4ef8-82f6-281ec4d69cc6,0cf0d29d-b160-429c-b796-5681868a0d4b
12acfc45-bdfb-4343-9004-9be15dfd844c,aef98915-d9bd-4ef8-82f6-281ec4d69cc6,0881ff1e-5306-43c7-a4bb-350592146489,->,12acfc45-bdfb-4343-9004-9be15dfd844c,aef98915-d9bd-4ef8-82f6-281ec4d69cc6,0cf0d29d-b160-429c-b796-5681868a0d4b
12acfc45-bdfb-4343-9004-9be15dfd844c,aef98915-d9bd-4ef8-82f6-281ec4d69cc6,0881ff1e-5306-43c7-a4bb-350592146489,->,12acfc45-bdfb-4343-9004-9be15dfd844c,aef98915-d9bd-4ef8-82f6-281ec4d69cc6,0cf0d29d-b160-429c-b796-5681868a0d4b
12acfc45-bdfb-4343-9004-9be15dfd844c,aef98915-d9bd-4ef8-82f6-281ec4d69cc6,0881ff1e-5306-43c7-a4bb-350592146489,->,12acfc45-bdfb-4343-9004-9be15dfd844c,aef98915-d9bd-4ef8-82f6-281ec4d69cc6,0cf0d29d-b160-429c-b796-5681868a0d4b
12acfc45-bdfb-4343-9004-9be15dfd844c,aef98915-d9bd-4ef8-82f6-281ec4d69cc6,0881ff1e-5306-43c7-a4bb-350592146489,->,12acfc45-bdfb-4343-9004-9be15dfd844c,aef98915-d9bd-4ef8-82f6-281ec4d69cc6,0cf0d29d-b160-429c-b796-5681868a0d4b
12acfc45-bdfb-4343-9004-9be15dfd844c,aef98915-d9bd-4ef8-82f6-281ec4d69cc6,0881ff1e-5306-43c7-a4bb-350592146489,->,12acfc45-bdfb-4343-9004-9be15dfd844c,aef98915-d9bd-4ef8-82f6-281ec4d69cc6,0cf0d29d-b160-429c-b796-5681868a0d4b
12acfc45-bdfb-4343-9004-9be15dfd844c,aef98915-d9bd-4ef8-82f6-281ec4d69cc6,0881ff1e-5306-43c7-a4bb-350592146489,->,12acfc45-bdfb-4343-9004-9be15dfd844c,aef98915-d9bd-4ef8-82f6-281ec4d69cc6,0fb8c0b3-d526-4e5a-b200-7aabf6303623
12acfc45-bdfb-4343-9004-9be15dfd844c,aef98915-d9bd-4ef8-82f6-281ec4d69cc6,0881ff1e-5306-43c7-a4bb-350592146489,->,12acfc45-bdfb-4343-9004-9be15dfd844c,aef98915-d9bd-4ef8-82f6-281ec4d69cc6,3992bd2f-77ae-44fd-9dcd-0b271853822c
12acfc45-bdfb-4343-9004-9be15dfd844c,aef98915-d9bd-4ef8-82f6-281ec4d69cc6,0881ff1e-5306-43c7-a4bb-350592146489,->,12acfc45-bdfb-4343-9004-9be15dfd844c,aef98915-d9bd-4ef8-82f6-281ec4d69cc6,0cf0d29d-b160-429c-b796-5681868a0d4b
12acfc45-bdfb-4343-9004-9be15dfd844c,aef98915-d9bd-4ef8-82f6-281ec4d69cc6,0881ff1e-5306-43c7-a4bb-350592146489,->,12acfc45-bdfb-4343-9004-9be15dfd844c,aef98915-d9bd-4ef8-82f6-281ec4d69cc6,0cf0d29d-b160-429c-b796-5681868a0d4b
12acfc45-bdfb-4343-9004-9be15dfd844c,aef98915-d9bd-4ef8-82f6-281ec4d69cc6,0881ff1e-5306-43c7-a4bb-350592146489,->,12acfc45-bdfb-4343-9004-9be15dfd844c,aef98915-d9bd-4ef8-82f6-281ec4d69cc6,0cf0d29d-b160-429c-b796-5681868a0d4b
12acfc45-bdfb-4343-9004-9be15dfd844c,aef98915-d9bd-4ef8-82f6-281ec4d69cc6,0881ff1e-5306-43c7-a4bb-350592146489,->,12acfc45-bdfb-4343-9004-9be15dfd844c,aef98915-d9bd-4ef8-82f6-281ec4d69cc6,0cf0d29d-b160-429c-b796-5681868a0d4b
12acfc45-bdfb-4343-9004-9be15dfd844c,aef98915-d9bd-4ef8-82f6-281ec4d69cc6,0881ff1e-5306-43c7-a4bb-350592146489,->,12acfc45-bdfb-4343-9004-9be15dfd844c,aef98915-d9bd-4ef8-82f6-281ec4d69cc6,0cf0d29d-b160-429c-b796-5681868a0d4b
12acfc45-bdfb-4343-9004-9be15dfd844c,aef98915-d9bd-4ef8-82f6-281ec4d69cc6,0881ff1e-5306-43c7-a4bb-350592146489,->,12acfc45-bdfb-4343-9004-9be15dfd844c,aef98915-d9bd-4ef8-82f6-281ec4d69cc6,0cf0d29d-b160-429c-b796-5681868a0d4b
12acfc45-bdfb-4343-9004-9be15dfd844c,aef98915-d9bd-4ef8-82f6-281ec4d69cc6,0881ff1e-5306-43c7-a4bb-350592146489,->,12acfc45-bdfb-4343-9004-9be15dfd844c,aef98915-d9bd-4ef8-82f6-281ec4d69cc6,0cf0d29d-b160-429c-b796-5681868a0d4b
12acfc45-bdfb-4343-9004-9be15dfd844c,aef98915-d9bd-4ef8-82f6-281ec4d69cc6,0881ff1e-5306-43c7-a4bb-350592146489,->,12acfc45-bdfb-4343-9004-9be15dfd844c,aef98915-d9bd-4ef8-82f6-281ec4d69cc6,0cf0d29d-b160-429c-b796-5681868a0d4b
12acfc45-bdfb-4343-9004-9be15dfd844c,aef98915-d9bd-4ef8-82f6-281ec4d69cc6,0881ff1e-5306-43c7-a4bb-350592146489,->,12acfc45-bdfb-4343-9004-9be15dfd844c,aef98915-d9bd-4ef8-82f6-281ec4d69cc6,0cf0d29d-b160-429c-b796-5681868a0d4b
12acfc45-bdfb-4343-9004-9be15dfd844c,aef98915-d9bd-4ef8-82f6-281ec4d69cc6,0881ff1e-5306-43c7-a4bb-350592146489,->,12acfc45-bdfb-4343-9004-9be15dfd844c,aef98915-d9bd-4ef8-82f6-281ec4d69cc6,0cf0d29d-b160-429c-b796-5681868a0d4b
12acfc45-bdfb-4343-9004-9be15dfd844c,aef98915-d9bd-4ef8-82f6-281ec4d69cc6,0881ff1e-5306-43c7-a4bb-350592146489,->,12acfc45-bdfb-4343-9004-9be15dfd844c,aef98915-d9bd-4ef8-82f6-281ec4d69cc6,0cf0d29d-b160-429c-b796-5681868a0d4b
12acfc45-bdfb-4343-9004-9be15dfd844c,aef98915-d9bd-4ef8-82f6-281ec4d69cc6,0881ff1e-5306-43c7-a4bb-350592146489,->,12acfc45-bdfb-4343-9004-9be15dfd844c,aef98915-d9bd-4ef8-82f6-281ec4d69cc6,0cf0d29d-b160-429c-b796-5681868a0d4b
12acfc45-bdfb-4343-9004-9be15dfd844c,aef98915-d9bd-4ef8-82f6-281ec4d69cc6,0881ff1e-5306-43c7-a4bb-350592146489,->,12acfc45-bdfb-4343-9004-9be15dfd844c,aef98915-d9bd-4ef8-82f6-281ec4d69cc6,0cf0d29d-b160-429c-b796-5681868a0d4b
12acfc45-bdfb-4343-9004-9be15dfd844c,aef98915-d9bd-4ef8-82f6-281ec4d69cc6,0881ff1e-5306-43c7-a4bb-350592146489,->,12acfc45-bdfb-4343-9004-9be15dfd844c,aef98915-d9bd-4ef8-82f6-281ec4d69cc6,0cf0d29d-b160-429c-b796-5681868a0d4b
12acfc45-bdfb-4343-9004-9be15dfd844c,aef98915-d9bd-4ef8-82f6-281ec4d69cc6,0881ff1e-5306-43c7-a4bb-350592146489,->,12acfc45-bdfb-4343-9004-9be15dfd844c,aef98915-d9bd-4ef8-82f6-281ec4d69cc6,0cf0d29d-b160-429c-b796-5681868a0d4b
12acfc45-bdfb-4343-9004-9be15dfd844c,aef98915-d9bd-4ef8-82f6-281ec4d69cc6,0881ff1e-5306-43c7-a4bb-350592146489,->,12acfc45-bdfb-4343-9004-9be15dfd844c,aef98915-d9bd-4ef8-82f6-281ec4d69cc6,0cf0d29d-b160-429c-b796-5681868a0d4b
12acfc45-bdfb-4343-9004-9be15dfd844c,aef98915-d9bd-4ef8-82f6-281ec4d69cc6,0881ff1e-5306-43c7-a4bb-350592146489,->,12acfc45-bdfb-4343-9004-9be15dfd844c,aef98915-d9bd-4ef8-82f6-281ec4d69cc6,0cf0d29d-b160-429c-b796-5681868a0d4b
12acfc45-bdfb-4343-9004-9be15dfd844c,aef98915-d9bd-4ef8-82f6-281ec4d69cc6,0881ff1e-5306-43c7-a4bb-350592146489,->,12acfc45-bdfb-4343-9004-9be15dfd844c,aef98915-d9bd-4ef8-82f6-281ec4d69cc6,0cf0d29d-b160-429c-b796-5681868a0d4b
12acfc45-bdfb-4343-9004-9be15dfd844c,aef98915-d9bd-4ef8-82f6-281ec4d69cc6,0881ff1e-5306-43c7-a4bb-350592146489,->,12acfc45-bdfb-4343-9004-9be15dfd844c,aef98915-d9bd-4ef8-82f6-281ec4d69cc6,0cf0d29d-b160-429c-b796-5681868a0d4b
12acfc45-bdfb-4343-9004-9be15dfd844c,aef98915-d9bd-4ef8-82f6-281ec4d69cc6,0881ff1e-5306-43c7-a4bb-350592146489,->,12acfc45-bdfb-4343-9004-9be15dfd844c,aef98915-d9bd-4ef8-82f6-281ec4d69cc6,0cf0d29d-b160-429c-b796-5681868a0d4b
12acfc45-bdfb-4343-9004-9be15dfd844c,aef98915-d9bd-4ef8-82f6-281ec4d69cc6,0881ff1e-5306-43c7-a4bb-350592146489,->,12acfc45-bdfb-4343-9004-9be15dfd844c,aef98915-d9bd-4ef8-82f6-281ec4d69cc6,0cf0d29d-b160-429c-b796-5681868a0d4b
12acfc45-bdfb-4343-9004-9be15dfd844c,aef98915-d9bd-4ef8-82f6-281ec4d69cc6,0881ff1e-5306-43c7-a4bb-350592146489,->,12acfc45-bdfb-4343-9004-9be15dfd844c,aef98915-d9bd-4ef8-82f6-281ec4d69cc6,0cf0d29d-b160-429c-b796-5681868a0d4b
12acfc45-bdfb-4343-9004-9be15dfd844c,aef98915-d9bd-4ef8-82f6-281ec4d69cc6,0881ff1e-5306-43c7-a4bb-350592146489,->,12acfc45-bdfb-4343-9004-9be15dfd844c,aef98915-d9bd-4ef8-82f6-281ec4d69cc6,0cf0d29d-b160-429c-b796-5681868a0d4b
12acfc45-bdfb-4343-9004-9be15dfd844c,aef98915-d9bd-4ef8-82f6-281ec4d69cc6,0881ff1e-5306-43c7-a4bb-350592146489,->,12acfc45-bdfb-4343-9004-9be15dfd844c,aef98915-d9bd-4ef8-82f6-281ec4d69cc6,0cf0d29d-b160-429c-b796-5681868a0d4b
12acfc45-bdfb-4343-9004-9be15dfd844c,aef98915-d9bd-4ef8-82f6-281ec4d69cc6,0881ff1e-5306-43c7-a4bb-350592146489,->,12acfc45-bdfb-4343-9004-9be15dfd844c,aef98915-d9bd-4ef8-82f6-281ec4d69cc6,0cf0d29d-b160-429c-b796-5681868a0d4b
12acfc45-bdfb-4343-9004-9be15dfd844c,aef98915-d9bd-4ef8-82f6-281ec4d69cc6,0881ff1e-5306-43c7-a4bb-350592146489,->,12acfc45-bdfb-4343-9004-9be15dfd844c,aef98915-d9bd-4ef8-82f6-281ec4d69cc6,0cf0d29d-b160-429c-b796-5681868a0d4b
12acfc45-bdfb-4343-9004-9be15dfd844c,aef98915-d9bd-4ef8-82f6-281ec4d69cc6,0881ff1e-5306-43c7-a4bb-350592146489,->,12acfc45-bdfb-4343-9004-9be15dfd844c,aef98915-d9bd-4ef8-82f6-281ec4d69cc6,0cf0d29d-b160-429c-b796-5681868a0d4b
12acfc45-bdfb-4343-9004-9be15dfd844c,aef98915-d9bd-4ef8-82f6-281ec4d69cc6,0881ff1e-5306-43c7-a4bb-350592146489,->,12acfc45-bdfb-4343-9004-9be15dfd844c,aef98915-d9bd-4ef8-82f6-281ec4d69cc6,0cf0d29d-b160-429c-b796-5681868a0d4b
12acfc45-bdfb-4343-9004-9be15dfd844c,aef98915-d9bd-4ef8-82f6-281ec4d69cc6,0881ff1e-5306-43c7-a4bb-350592146489,->,12acfc45-bdfb-4343-9004-9be15dfd844c,aef98915-d9bd-4ef8-82f6-281ec4d69cc6,0cf0d29d-b160-429c-b796-5681868a0d4b
12acfc45-bdfb-4343-9004-9be15dfd844c,aef98915-d9bd-4ef8-82f6-281ec4d69cc6,0881ff1e-5306-43c7-a4bb-350592146489,->,12acfc45-bdfb-4343-9004-9be15dfd844c,aef98915-d9bd-4ef8-82f6-281ec4d69cc6,0cf0d29d-b160-429c-b796-5681868a0d4b
12acfc45-bdfb-4343-9004-9be15dfd844c,aef98915-d9bd-4ef8-82f6-281ec4d69cc6,0881ff1e-5306-43c7-a4bb-350592146489,->,12acfc45-bdfb-4343-9004-9be15dfd844c,aef98915-d9bd-4ef8-82f6-281ec4d69cc6,0cf0d29d-b160-429c-b796-5681868a0d4b
12acfc45-bdfb-4343-9004-9be15dfd844c,aef98915-d9bd-4ef8-82f6-281ec4d69cc6,0881ff1e-5306-43c7-a4bb-350592146489,->,12acfc45-bdfb-4343-9004-9be15dfd844c,aef98915-d9bd-4ef8-82f6-281ec4d69cc6,0cf0d29d-b160-429c-b796-5681868a0d4b
12acfc45-bdfb-4343-9004-9be15dfd844c,aef98915-d9bd-4ef8-82f6-281ec4d69cc6,0881ff1e-5306-43c7-a4bb-350592146489,->,12acfc45-bdfb-4343-9004-9be15dfd844c,aef98915-d9bd-4ef8-82f6-281ec4d69cc6,0fb8c0b3-d526-4e5a-b200-7aabf6303623
12acfc45-bdfb-4343-9004-9be15dfd844c,aef98915-d9bd-4ef8-82f6-281ec4d69cc6,0881ff1e-5306-43c7-a4bb-350592146489,->,12acfc45-bdfb-4343-9004-9be15dfd844c,aef98915-d9bd-4ef8-82f6-281ec4d69cc6,3992bd2f-77ae-44fd-9dcd-0b271853822c
12acfc45-bdfb-4343-9004-9be15dfd844c,aef98915-d9bd-4ef8-82f6-281ec4d69cc6,0881ff1e-5306-43c7-a4bb-350592146489,->,12acfc45-bdfb-4343-9004-9be15dfd844c,aef98915-d9bd-4ef8-82f6-281ec4d69cc6,0cf0d29d-b160-429c-b796-5681868a0d4b
12acfc45-bdfb-4343-9004-9be15dfd844c,aef98915-d9bd-4ef8-82f6-281ec4d69cc6,0881ff1e-5306-43c7-a4bb-350592146489,->,12acfc45-bdfb-4343-9004-9be15dfd844c,aef98915-d9bd-4ef8-82f6-281ec4d69cc6,0cf0d29d-b160-429c-b796-5681868a0d4b
12acfc45-bdfb-4343-9004-9be15dfd844c,aef98915-d9bd-4ef8-82f6-281ec4d69cc6,0881ff1e-5306-43c7-a4bb-350592146489,->,12acfc45-bdfb-4343-9004-9be15dfd844c,aef98915-d9bd-4ef8-82f6-281ec4d69cc6,0cf0d29d-b160-429c-b796-5681868a0d4b
12acfc45-bdfb-4343-9004-9be15dfd844c,aef98915-d9bd-4ef8-82f6-281ec4d69cc6,0881ff1e-5306-43c7-a4bb-350592146489,->,12acfc45-bdfb-4343-9004-9be15dfd844c,aef98915-d9bd-4ef8-82f6-281ec4d69cc6,0cf0d29d-b160-429c-b796-5681868a0d4b
12acfc45-bdfb-4343-9004-9be15dfd844c,aef98915-d9bd-4ef8-82f6-281ec4d69cc6,0881ff1e-5306-43c7-a4bb-350592146489,->,12acfc45-bdfb-4343-9004-9be15dfd844c,aef98915-d9bd-4ef8-82f6-281ec4d69cc6,0fb8c0b3-d526-4e5a-b200-7aabf6303623
12acfc45-bdfb-4343-9004-9be15dfd844c,aef98915-d9bd-4ef8-82f6-281ec4d69cc6,0881ff1e-5306-43c7-a4bb-350592146489,->,12acfc45-bdfb-4343-9004-9be15dfd844c,aef98915-d9bd-4ef8-82f6-281ec4d69cc6,3992bd2f-77ae-44fd-9dcd-0b271853822c
12acfc45-bdfb-4343-9004-9be15dfd844c,aef98915-d9bd-4ef8-82f6-281ec4d69cc6,0881ff1e-5306-43c7-a4bb-350592146489,->,12acfc45-bdfb-4343-9004-9be15dfd844c,aef98915-d9bd-4ef8-82f6-281ec4d69cc6,0cf0d29d-b160-429c-b796-5681868a0d4b
12acfc45-bdfb-4343-9004-9be15dfd844c,aef98915-d9bd-4ef8-82f6-281ec4d69cc6,0881ff1e-5306-43c7-a4bb-350592146489,->,12acfc45-bdfb-4343-9004-9be15dfd844c,server/model/players/Client.java,getItems
12acfc45-bdfb-4343-9004-9be15dfd844c,aef98915-d9bd-4ef8-82f6-281ec4d69cc6,0881ff1e-5306-43c7-a4bb-350592146489,->,12acfc45-bdfb-4343-9004-9be15dfd844c,aef98915-d9bd-4ef8-82f6-281ec4d69cc6,0cf0d29d-b160-429c-b796-5681868a0d4b
12acfc45-bdfb-4343-9004-9be15dfd844c,aef98915-d9bd-4ef8-82f6-281ec4d69cc6,0881ff1e-5306-43c7-a4bb-350592146489,->,12acfc45-bdfb-4343-9004-9be15dfd844c,aef98915-d9bd-4ef8-82f6-281ec4d69cc6,0fb8c0b3-d526-4e5a-b200-7aabf6303623
12acfc45-bdfb-4343-9004-9be15dfd844c,aef98915-d9bd-4ef8-82f6-281ec4d69cc6,02d60486-1481-4df7-b33f-9aca5d6c1f1d,->,12acfc45-bdfb-4343-9004-9be15dfd844c,aef98915-d9bd-4ef8-82f6-281ec4d69cc6,3992bd2f-77ae-44fd-9dcd-0b271853822c
12acfc45-bdfb-4343-9004-9be15dfd844c,aef98915-d9bd-4ef8-82f6-281ec4d69cc6,02d60486-1481-4df7-b33f-9aca5d6c1f1d,->,12acfc45-bdfb-4343-9004-9be15dfd844c,aef98915-d9bd-4ef8-82f6-281ec4d69cc6,0cf0d29d-b160-429c-b796-5681868a0d4b
12acfc45-bdfb-4343-9004-9be15dfd844c,aef98915-d9bd-4ef8-82f6-281ec4d69cc6,02d60486-1481-4df7-b33f-9aca5d6c1f1d,->,12acfc45-bdfb-4343-9004-9be15dfd844c,aef98915-d9bd-4ef8-82f6-281ec4d69cc6,0cf0d29d-b160-429c-b796-5681868a0d4b
12acfc45-bdfb-4343-9004-9be15dfd844c,aef98915-d9bd-4ef8-82f6-281ec4d69cc6,02d60486-1481-4df7-b33f-9aca5d6c1f1d,->,12acfc45-bdfb-4343-9004-9be15dfd844c,aef98915-d9bd-4ef8-82f6-281ec4d69cc6,0cf0d29d-b160-429c-b796-5681868a0d4b
12acfc45-bdfb-4343-9004-9be15dfd844c,aef98915-d9bd-4ef8-82f6-281ec4d69cc6,02d60486-1481-4df7-b33f-9aca5d6c1f1d,->,12acfc45-bdfb-4343-9004-9be15dfd844c,aef98915-d9bd-4ef8-82f6-281ec4d69cc6,0cf0d29d-b160-429c-b796-5681868a0d4b
12acfc45-bdfb-4343-9004-9be15dfd844c,aef98915-d9bd-4ef8-82f6-281ec4d69cc6,02d60486-1481-4df7-b33f-9aca5d6c1f1d,->,12acfc45-bdfb-4343-9004-9be15dfd844c,aef98915-d9bd-4ef8-82f6-281ec4d69cc6,0cf0d29d-b160-429c-b796-5681868a0d4b
12acfc45-bdfb-4343-9004-9be15dfd844c,aef98915-d9bd-4ef8-82f6-281ec4d69cc6,02d60486-1481-4df7-b33f-9aca5d6c1f1d,->,12acfc45-bdfb-4343-9004-9be15dfd844c,aef98915-d9bd-4ef8-82f6-281ec4d69cc6,0cf0d29d-b160-429c-b796-5681868a0d4b
12acfc45-bdfb-4343-9004-9be15dfd844c,aef98915-d9bd-4ef8-82f6-281ec4d69cc6,02d60486-1481-4df7-b33f-9aca5d6c1f1d,->,12acfc45-bdfb-4343-9004-9be15dfd844c,aef98915-d9bd-4ef8-82f6-281ec4d69cc6,0cf0d29d-b160-429c-b796-5681868a0d4b
12acfc45-bdfb-4343-9004-9be15dfd844c,aef98915-d9bd-4ef8-82f6-281ec4d69cc6,02d60486-1481-4df7-b33f-9aca5d6c1f1d,->,12acfc45-bdfb-4343-9004-9be15dfd844c,aef98915-d9bd-4ef8-82f6-281ec4d69cc6,0cf0d29d-b160-429c-b796-5681868a0d4b
12acfc45-bdfb-4343-9004-9be15dfd844c,aef98915-d9bd-4ef8-82f6-281ec4d69cc6,02d60486-1481-4df7-b33f-9aca5d6c1f1d,->,12acfc45-bdfb-4343-9004-9be15dfd844c,aef98915-d9bd-4ef8-82f6-281ec4d69cc6,0cf0d29d-b160-429c-b796-5681868a0d4b
12acfc45-bdfb-4343-9004-9be15dfd844c,aef98915-d9bd-4ef8-82f6-281ec4d69cc6,02d60486-1481-4df7-b33f-9aca5d6c1f1d,->,12acfc45-bdfb-4343-9004-9be15dfd844c,aef98915-d9bd-4ef8-82f6-281ec4d69cc6,0cf0d29d-b160-429c-b796-5681868a0d4b
12acfc45-bdfb-4343-9004-9be15dfd844c,aef98915-d9bd-4ef8-82f6-281ec4d69cc6,02d60486-1481-4df7-b33f-9aca5d6c1f1d,->,12acfc45-bdfb-4343-9004-9be15dfd844c,aef98915-d9bd-4ef8-82f6-281ec4d69cc6,0cf0d29d-b160-429c-b796-5681868a0d4b
12acfc45-bdfb-4343-9004-9be15dfd844c,aef98915-d9bd-4ef8-82f6-281ec4d69cc6,02d60486-1481-4df7-b33f-9aca5d6c1f1d,->,12acfc45-bdfb-4343-9004-9be15dfd844c,aef98915-d9bd-4ef8-82f6-281ec4d69cc6,0cf0d29d-b160-429c-b796-5681868a0d4b
12acfc45-bdfb-4343-9004-9be15dfd844c,aef98915-d9bd-4ef8-82f6-281ec4d69cc6,02d60486-1481-4df7-b33f-9aca5d6c1f1d,->,12acfc45-bdfb-4343-9004-9be15dfd844c,aef98915-d9bd-4ef8-82f6-281ec4d69cc6,0cf0d29d-b160-429c-b796-5681868a0d4b
12acfc45-bdfb-4343-9004-9be15dfd844c,aef98915-d9bd-4ef8-82f6-281ec4d69cc6,02d60486-1481-4df7-b33f-9aca5d6c1f1d,->,12acfc45-bdfb-4343-9004-9be15dfd844c,aef98915-d9bd-4ef8-82f6-281ec4d69cc6,0cf0d29d-b160-429c-b796-5681868a0d4b
12acfc45-bdfb-4343-9004-9be15dfd844c,aef98915-d9bd-4ef8-82f6-281ec4d69cc6,02d60486-1481-4df7-b33f-9aca5d6c1f1d,->,12acfc45-bdfb-4343-9004-9be15dfd844c,aef98915-d9bd-4ef8-82f6-281ec4d69cc6,0fb8c0b3-d526-4e5a-b200-7aabf6303623
12acfc45-bdfb-4343-9004-9be15dfd844c,aef98915-d9bd-4ef8-82f6-281ec4d69cc6,02d60486-1481-4df7-b33f-9aca5d6c1f1d,->,12acfc45-bdfb-4343-9004-9be15dfd844c,aef98915-d9bd-4ef8-82f6-281ec4d69cc6,3992bd2f-77ae-44fd-9dcd-0b271853822c
12acfc45-bdfb-4343-9004-9be15dfd844c,aef98915-d9bd-4ef8-82f6-281ec4d69cc6,02d60486-1481-4df7-b33f-9aca5d6c1f1d,->,12acfc45-bdfb-4343-9004-9be15dfd844c,aef98915-d9bd-4ef8-82f6-281ec4d69cc6,0cf0d29d-b160-429c-b796-5681868a0d4b
12acfc45-bdfb-4343-9004-9be15dfd844c,aef98915-d9bd-4ef8-82f6-281ec4d69cc6,02d60486-1481-4df7-b33f-9aca5d6c1f1d,->,12acfc45-bdfb-4343-9004-9be15dfd844c,aef98915-d9bd-4ef8-82f6-281ec4d69cc6,0cf0d29d-b160-429c-b796-5681868a0d4b
12acfc45-bdfb-4343-9004-9be15dfd844c,aef98915-d9bd-4ef8-82f6-281ec4d69cc6,02d60486-1481-4df7-b33f-9aca5d6c1f1d,->,12acfc45-bdfb-4343-9004-9be15dfd844c,aef98915-d9bd-4ef8-82f6-281ec4d69cc6,0cf0d29d-b160-429c-b796-5681868a0d4b
12acfc45-bdfb-4343-9004-9be15dfd844c,aef98915-d9bd-4ef8-82f6-281ec4d69cc6,02d60486-1481-4df7-b33f-9aca5d6c1f1d,->,12acfc45-bdfb-4343-9004-9be15dfd844c,aef98915-d9bd-4ef8-82f6-281ec4d69cc6,0cf0d29d-b160-429c-b796-5681868a0d4b
12acfc45-bdfb-4343-9004-9be15dfd844c,aef98915-d9bd-4ef8-82f6-281ec4d69cc6,02d60486-1481-4df7-b33f-9aca5d6c1f1d,->,12acfc45-bdfb-4343-9004-9be15dfd844c,aef98915-d9bd-4ef8-82f6-281ec4d69cc6,0cf0d29d-b160-429c-b796-5681868a0d4b
12acfc45-bdfb-4343-9004-9be15dfd844c,aef98915-d9bd-4ef8-82f6-281ec4d69cc6,02d60486-1481-4df7-b33f-9aca5d6c1f1d,->,12acfc45-bdfb-4343-9004-9be15dfd844c,aef98915-d9bd-4ef8-82f6-281ec4d69cc6,0cf0d29d-b160-429c-b796-5681868a0d4b
12acfc45-bdfb-4343-9004-9be15dfd844c,aef98915-d9bd-4ef8-82f6-281ec4d69cc6,02d60486-1481-4df7-b33f-9aca5d6c1f1d,->,12acfc45-bdfb-4343-9004-9be15dfd844c,aef98915-d9bd-4ef8-82f6-281ec4d69cc6,0cf0d29d-b160-429c-b796-5681868a0d4b
12acfc45-bdfb-4343-9004-9be15dfd844c,aef98915-d9bd-4ef8-82f6-281ec4d69cc6,02d60486-1481-4df7-b33f-9aca5d6c1f1d,->,12acfc45-bdfb-4343-9004-9be15dfd844c,aef98915-d9bd-4ef8-82f6-281ec4d69cc6,0cf0d29d-b160-429c-b796-5681868a0d4b
12acfc45-bdfb-4343-9004-9be15dfd844c,aef98915-d9bd-4ef8-82f6-281ec4d69cc6,02d60486-1481-4df7-b33f-9aca5d6c1f1d,->,12acfc45-bdfb-4343-9004-9be15dfd844c,aef98915-d9bd-4ef8-82f6-281ec4d69cc6,0cf0d29d-b160-429c-b796-5681868a0d4b
12acfc45-bdfb-4343-9004-9be15dfd844c,aef98915-d9bd-4ef8-82f6-281ec4d69cc6,02d60486-1481-4df7-b33f-9aca5d6c1f1d,->,12acfc45-bdfb-4343-9004-9be15dfd844c,aef98915-d9bd-4ef8-82f6-281ec4d69cc6,0cf0d29d-b160-429c-b796-5681868a0d4b
12acfc45-bdfb-4343-9004-9be15dfd844c,aef98915-d9bd-4ef8-82f6-281ec4d69cc6,02d60486-1481-4df7-b33f-9aca5d6c1f1d,->,12acfc45-bdfb-4343-9004-9be15dfd844c,aef98915-d9bd-4ef8-82f6-281ec4d69cc6,0cf0d29d-b160-429c-b796-5681868a0d4b
12acfc45-bdfb-4343-9004-9be15dfd844c,aef98915-d9bd-4ef8-82f6-281ec4d69cc6,02d60486-1481-4df7-b33f-9aca5d6c1f1d,->,12acfc45-bdfb-4343-9004-9be15dfd844c,aef98915-d9bd-4ef8-82f6-281ec4d69cc6,0cf0d29d-b160-429c-b796-5681868a0d4b
12acfc45-bdfb-4343-9004-9be15dfd844c,aef98915-d9bd-4ef8-82f6-281ec4d69cc6,02d60486-1481-4df7-b33f-9aca5d6c1f1d,->,12acfc45-bdfb-4343-9004-9be15dfd844c,aef98915-d9bd-4ef8-82f6-281ec4d69cc6,0cf0d29d-b160-429c-b796-5681868a0d4b
12acfc45-bdfb-4343-9004-9be15dfd844c,aef98915-d9bd-4ef8-82f6-281ec4d69cc6,02d60486-1481-4df7-b33f-9aca5d6c1f1d,->,12acfc45-bdfb-4343-9004-9be15dfd844c,aef98915-d9bd-4ef8-82f6-281ec4d69cc6,0fb8c0b3-d526-4e5a-b200-7aabf6303623
12acfc45-bdfb-4343-9004-9be15dfd844c,aef98915-d9bd-4ef8-82f6-281ec4d69cc6,02d60486-1481-4df7-b33f-9aca5d6c1f1d,->,12acfc45-bdfb-4343-9004-9be15dfd844c,aef98915-d9bd-4ef8-82f6-281ec4d69cc6,3992bd2f-77ae-44fd-9dcd-0b271853822c
12acfc45-bdfb-4343-9004-9be15dfd844c,aef98915-d9bd-4ef8-82f6-281ec4d69cc6,02d60486-1481-4df7-b33f-9aca5d6c1f1d,->,12acfc45-bdfb-4343-9004-9be15dfd844c,aef98915-d9bd-4ef8-82f6-281ec4d69cc6,0cf0d29d-b160-429c-b796-5681868a0d4b
12acfc45-bdfb-4343-9004-9be15dfd844c,aef98915-d9bd-4ef8-82f6-281ec4d69cc6,02d60486-1481-4df7-b33f-9aca5d6c1f1d,->,12acfc45-bdfb-4343-9004-9be15dfd844c,aef98915-d9bd-4ef8-82f6-281ec4d69cc6,0cf0d29d-b160-429c-b796-5681868a0d4b
12acfc45-bdfb-4343-9004-9be15dfd844c,aef98915-d9bd-4ef8-82f6-281ec4d69cc6,02d60486-1481-4df7-b33f-9aca5d6c1f1d,->,12acfc45-bdfb-4343-9004-9be15dfd844c,aef98915-d9bd-4ef8-82f6-281ec4d69cc6,0cf0d29d-b160-429c-b796-5681868a0d4b
12acfc45-bdfb-4343-9004-9be15dfd844c,aef98915-d9bd-4ef8-82f6-281ec4d69cc6,02d60486-1481-4df7-b33f-9aca5d6c1f1d,->,12acfc45-bdfb-4343-9004-9be15dfd844c,aef98915-d9bd-4ef8-82f6-281ec4d69cc6,0cf0d29d-b160-429c-b796-5681868a0d4b
12acfc45-bdfb-4343-9004-9be15dfd844c,aef98915-d9bd-4ef8-82f6-281ec4d69cc6,02d60486-1481-4df7-b33f-9aca5d6c1f1d,->,12acfc45-bdfb-4343-9004-9be15dfd844c,aef98915-d9bd-4ef8-82f6-281ec4d69cc6,0cf0d29d-b160-429c-b796-5681868a0d4b
12acfc45-bdfb-4343-9004-9be15dfd844c,aef98915-d9bd-4ef8-82f6-281ec4d69cc6,02d60486-1481-4df7-b33f-9aca5d6c1f1d,->,12acfc45-bdfb-4343-9004-9be15dfd844c,aef98915-d9bd-4ef8-82f6-281ec4d69cc6,0cf0d29d-b160-429c-b796-5681868a0d4b
12acfc45-bdfb-4343-9004-9be15dfd844c,aef98915-d9bd-4ef8-82f6-281ec4d69cc6,02d60486-1481-4df7-b33f-9aca5d6c1f1d,->,12acfc45-bdfb-4343-9004-9be15dfd844c,aef98915-d9bd-4ef8-82f6-281ec4d69cc6,0fb8c0b3-d526-4e5a-b200-7aabf6303623
12acfc45-bdfb-4343-9004-9be15dfd844c,aef98915-d9bd-4ef8-82f6-281ec4d69cc6,02d60486-1481-4df7-b33f-9aca5d6c1f1d,->,12acfc45-bdfb-4343-9004-9be15dfd844c,aef98915-d9bd-4ef8-82f6-281ec4d69cc6,3992bd2f-77ae-44fd-9dcd-0b271853822c
12acfc45-bdfb-4343-9004-9be15dfd844c,aef98915-d9bd-4ef8-82f6-281ec4d69cc6,02d60486-1481-4df7-b33f-9aca5d6c1f1d,->,12acfc45-bdfb-4343-9004-9be15dfd844c,server/model/players/Client.java,getItems
12acfc45-bdfb-4343-9004-9be15dfd844c,aef98915-d9bd-4ef8-82f6-281ec4d69cc6,02d60486-1481-4df7-b33f-9aca5d6c1f1d,->,12acfc45-bdfb-4343-9004-9be15dfd844c,aef98915-d9bd-4ef8-82f6-281ec4d69cc6,0cf0d29d-b160-429c-b796-5681868a0d4b
12acfc45-bdfb-4343-9004-9be15dfd844c,aef98915-d9bd-4ef8-82f6-281ec4d69cc6,02d60486-1481-4df7-b33f-9aca5d6c1f1d,->,12acfc45-bdfb-4343-9004-9be15dfd844c,aef98915-d9bd-4ef8-82f6-281ec4d69cc6,0fb8c0b3-d526-4e5a-b200-7aabf6303623
12acfc45-bdfb-4343-9004-9be15dfd844c,aef98915-d9bd-4ef8-82f6-281ec4d69cc6,b0a343b9-5b2d-4708-9059-b5b2c89445ea,->,12acfc45-bdfb-4343-9004-9be15dfd844c,aef98915-d9bd-4ef8-82f6-281ec4d69cc6,3992bd2f-77ae-44fd-9dcd-0b271853822c
12acfc45-bdfb-4343-9004-9be15dfd844c,aef98915-d9bd-4ef8-82f6-281ec4d69cc6,b0a343b9-5b2d-4708-9059-b5b2c89445ea,->,12acfc45-bdfb-4343-9004-9be15dfd844c,aef98915-d9bd-4ef8-82f6-281ec4d69cc6,0cf0d29d-b160-429c-b796-5681868a0d4b
12acfc45-bdfb-4343-9004-9be15dfd844c,aef98915-d9bd-4ef8-82f6-281ec4d69cc6,b0a343b9-5b2d-4708-9059-b5b2c89445ea,->,12acfc45-bdfb-4343-9004-9be15dfd844c,aef98915-d9bd-4ef8-82f6-281ec4d69cc6,0cf0d29d-b160-429c-b796-5681868a0d4b
12acfc45-bdfb-4343-9004-9be15dfd844c,aef98915-d9bd-4ef8-82f6-281ec4d69cc6,b0a343b9-5b2d-4708-9059-b5b2c89445ea,->,12acfc45-bdfb-4343-9004-9be15dfd844c,aef98915-d9bd-4ef8-82f6-281ec4d69cc6,0cf0d29d-b160-429c-b796-5681868a0d4b
12acfc45-bdfb-4343-9004-9be15dfd844c,aef98915-d9bd-4ef8-82f6-281ec4d69cc6,b0a343b9-5b2d-4708-9059-b5b2c89445ea,->,12acfc45-bdfb-4343-9004-9be15dfd844c,aef98915-d9bd-4ef8-82f6-281ec4d69cc6,0cf0d29d-b160-429c-b796-5681868a0d4b
12acfc45-bdfb-4343-9004-9be15dfd844c,aef98915-d9bd-4ef8-82f6-281ec4d69cc6,b0a343b9-5b2d-4708-9059-b5b2c89445ea,->,12acfc45-bdfb-4343-9004-9be15dfd844c,aef98915-d9bd-4ef8-82f6-281ec4d69cc6,0cf0d29d-b160-429c-b796-5681868a0d4b
12acfc45-bdfb-4343-9004-9be15dfd844c,aef98915-d9bd-4ef8-82f6-281ec4d69cc6,b0a343b9-5b2d-4708-9059-b5b2c89445ea,->,12acfc45-bdfb-4343-9004-9be15dfd844c,aef98915-d9bd-4ef8-82f6-281ec4d69cc6,0cf0d29d-b160-429c-b796-5681868a0d4b
12acfc45-bdfb-4343-9004-9be15dfd844c,aef98915-d9bd-4ef8-82f6-281ec4d69cc6,b0a343b9-5b2d-4708-9059-b5b2c89445ea,->,12acfc45-bdfb-4343-9004-9be15dfd844c,aef98915-d9bd-4ef8-82f6-281ec4d69cc6,0cf0d29d-b160-429c-b796-5681868a0d4b
12acfc45-bdfb-4343-9004-9be15dfd844c,aef98915-d9bd-4ef8-82f6-281ec4d69cc6,b0a343b9-5b2d-4708-9059-b5b2c89445ea,->,12acfc45-bdfb-4343-9004-9be15dfd844c,aef98915-d9bd-4ef8-82f6-281ec4d69cc6,0cf0d29d-b160-429c-b796-5681868a0d4b
12acfc45-bdfb-4343-9004-9be15dfd844c,aef98915-d9bd-4ef8-82f6-281ec4d69cc6,b0a343b9-5b2d-4708-9059-b5b2c89445ea,->,12acfc45-bdfb-4343-9004-9be15dfd844c,aef98915-d9bd-4ef8-82f6-281ec4d69cc6,0cf0d29d-b160-429c-b796-5681868a0d4b
12acfc45-bdfb-4343-9004-9be15dfd844c,aef98915-d9bd-4ef8-82f6-281ec4d69cc6,b0a343b9-5b2d-4708-9059-b5b2c89445ea,->,12acfc45-bdfb-4343-9004-9be15dfd844c,aef98915-d9bd-4ef8-82f6-281ec4d69cc6,0cf0d29d-b160-429c-b796-5681868a0d4b
12acfc45-bdfb-4343-9004-9be15dfd844c,aef98915-d9bd-4ef8-82f6-281ec4d69cc6,b0a343b9-5b2d-4708-9059-b5b2c89445ea,->,12acfc45-bdfb-4343-9004-9be15dfd844c,aef98915-d9bd-4ef8-82f6-281ec4d69cc6,0cf0d29d-b160-429c-b796-5681868a0d4b
12acfc45-bdfb-4343-9004-9be15dfd844c,aef98915-d9bd-4ef8-82f6-281ec4d69cc6,b0a343b9-5b2d-4708-9059-b5b2c89445ea,->,12acfc45-bdfb-4343-9004-9be15dfd844c,aef98915-d9bd-4ef8-82f6-281ec4d69cc6,0cf0d29d-b160-429c-b796-5681868a0d4b
12acfc45-bdfb-4343-9004-9be15dfd844c,aef98915-d9bd-4ef8-82f6-281ec4d69cc6,b0a343b9-5b2d-4708-9059-b5b2c89445ea,->,12acfc45-bdfb-4343-9004-9be15dfd844c,aef98915-d9bd-4ef8-82f6-281ec4d69cc6,0cf0d29d-b160-429c-b796-5681868a0d4b
12acfc45-bdfb-4343-9004-9be15dfd844c,aef98915-d9bd-4ef8-82f6-281ec4d69cc6,b0a343b9-5b2d-4708-9059-b5b2c89445ea,->,12acfc45-bdfb-4343-9004-9be15dfd844c,aef98915-d9bd-4ef8-82f6-281ec4d69cc6,0cf0d29d-b160-429c-b796-5681868a0d4b
12acfc45-bdfb-4343-9004-9be15dfd844c,aef98915-d9bd-4ef8-82f6-281ec4d69cc6,b0a343b9-5b2d-4708-9059-b5b2c89445ea,->,12acfc45-bdfb-4343-9004-9be15dfd844c,aef98915-d9bd-4ef8-82f6-281ec4d69cc6,0cf0d29d-b160-429c-b796-5681868a0d4b
12acfc45-bdfb-4343-9004-9be15dfd844c,aef98915-d9bd-4ef8-82f6-281ec4d69cc6,b0a343b9-5b2d-4708-9059-b5b2c89445ea,->,12acfc45-bdfb-4343-9004-9be15dfd844c,aef98915-d9bd-4ef8-82f6-281ec4d69cc6,0cf0d29d-b160-429c-b796-5681868a0d4b
12acfc45-bdfb-4343-9004-9be15dfd844c,aef98915-d9bd-4ef8-82f6-281ec4d69cc6,b0a343b9-5b2d-4708-9059-b5b2c89445ea,->,12acfc45-bdfb-4343-9004-9be15dfd844c,aef98915-d9bd-4ef8-82f6-281ec4d69cc6,0cf0d29d-b160-429c-b796-5681868a0d4b
12acfc45-bdfb-4343-9004-9be15dfd844c,aef98915-d9bd-4ef8-82f6-281ec4d69cc6,b0a343b9-5b2d-4708-9059-b5b2c89445ea,->,12acfc45-bdfb-4343-9004-9be15dfd844c,aef98915-d9bd-4ef8-82f6-281ec4d69cc6,0fb8c0b3-d526-4e5a-b200-7aabf6303623
12acfc45-bdfb-4343-9004-9be15dfd844c,aef98915-d9bd-4ef8-82f6-281ec4d69cc6,b0a343b9-5b2d-4708-9059-b5b2c89445ea,->,12acfc45-bdfb-4343-9004-9be15dfd844c,aef98915-d9bd-4ef8-82f6-281ec4d69cc6,3992bd2f-77ae-44fd-9dcd-0b271853822c
12acfc45-bdfb-4343-9004-9be15dfd844c,aef98915-d9bd-4ef8-82f6-281ec4d69cc6,b0a343b9-5b2d-4708-9059-b5b2c89445ea,->,12acfc45-bdfb-4343-9004-9be15dfd844c,aef98915-d9bd-4ef8-82f6-281ec4d69cc6,0cf0d29d-b160-429c-b796-5681868a0d4b
12acfc45-bdfb-4343-9004-9be15dfd844c,aef98915-d9bd-4ef8-82f6-281ec4d69cc6,b0a343b9-5b2d-4708-9059-b5b2c89445ea,->,12acfc45-bdfb-4343-9004-9be15dfd844c,aef98915-d9bd-4ef8-82f6-281ec4d69cc6,0cf0d29d-b160-429c-b796-5681868a0d4b
12acfc45-bdfb-4343-9004-9be15dfd844c,aef98915-d9bd-4ef8-82f6-281ec4d69cc6,b0a343b9-5b2d-4708-9059-b5b2c89445ea,->,12acfc45-bdfb-4343-9004-9be15dfd844c,aef98915-d9bd-4ef8-82f6-281ec4d69cc6,0cf0d29d-b160-429c-b796-5681868a0d4b
12acfc45-bdfb-4343-9004-9be15dfd844c,aef98915-d9bd-4ef8-82f6-281ec4d69cc6,b0a343b9-5b2d-4708-9059-b5b2c89445ea,->,12acfc45-bdfb-4343-9004-9be15dfd844c,aef98915-d9bd-4ef8-82f6-281ec4d69cc6,0cf0d29d-b160-429c-b796-5681868a0d4b
12acfc45-bdfb-4343-9004-9be15dfd844c,aef98915-d9bd-4ef8-82f6-281ec4d69cc6,b0a343b9-5b2d-4708-9059-b5b2c89445ea,->,12acfc45-bdfb-4343-9004-9be15dfd844c,aef98915-d9bd-4ef8-82f6-281ec4d69cc6,0cf0d29d-b160-429c-b796-5681868a0d4b
12acfc45-bdfb-4343-9004-9be15dfd844c,aef98915-d9bd-4ef8-82f6-281ec4d69cc6,b0a343b9-5b2d-4708-9059-b5b2c89445ea,->,12acfc45-bdfb-4343-9004-9be15dfd844c,aef98915-d9bd-4ef8-82f6-281ec4d69cc6,0cf0d29d-b160-429c-b796-5681868a0d4b
12acfc45-bdfb-4343-9004-9be15dfd844c,aef98915-d9bd-4ef8-82f6-281ec4d69cc6,b0a343b9-5b2d-4708-9059-b5b2c89445ea,->,12acfc45-bdfb-4343-9004-9be15dfd844c,aef98915-d9bd-4ef8-82f6-281ec4d69cc6,0cf0d29d-b160-429c-b796-5681868a0d4b
12acfc45-bdfb-4343-9004-9be15dfd844c,aef98915-d9bd-4ef8-82f6-281ec4d69cc6,b0a343b9-5b2d-4708-9059-b5b2c89445ea,->,12acfc45-bdfb-4343-9004-9be15dfd844c,aef98915-d9bd-4ef8-82f6-281ec4d69cc6,0cf0d29d-b160-429c-b796-5681868a0d4b
12acfc45-bdfb-4343-9004-9be15dfd844c,aef98915-d9bd-4ef8-82f6-281ec4d69cc6,b0a343b9-5b2d-4708-9059-b5b2c89445ea,->,12acfc45-bdfb-4343-9004-9be15dfd844c,aef98915-d9bd-4ef8-82f6-281ec4d69cc6,0cf0d29d-b160-429c-b796-5681868a0d4b
12acfc45-bdfb-4343-9004-9be15dfd844c,aef98915-d9bd-4ef8-82f6-281ec4d69cc6,b0a343b9-5b2d-4708-9059-b5b2c89445ea,->,12acfc45-bdfb-4343-9004-9be15dfd844c,aef98915-d9bd-4ef8-82f6-281ec4d69cc6,0cf0d29d-b160-429c-b796-5681868a0d4b
12acfc45-bdfb-4343-9004-9be15dfd844c,aef98915-d9bd-4ef8-82f6-281ec4d69cc6,b0a343b9-5b2d-4708-9059-b5b2c89445ea,->,12acfc45-bdfb-4343-9004-9be15dfd844c,aef98915-d9bd-4ef8-82f6-281ec4d69cc6,0cf0d29d-b160-429c-b796-5681868a0d4b
12acfc45-bdfb-4343-9004-9be15dfd844c,aef98915-d9bd-4ef8-82f6-281ec4d69cc6,b0a343b9-5b2d-4708-9059-b5b2c89445ea,->,12acfc45-bdfb-4343-9004-9be15dfd844c,aef98915-d9bd-4ef8-82f6-281ec4d69cc6,0cf0d29d-b160-429c-b796-5681868a0d4b
12acfc45-bdfb-4343-9004-9be15dfd844c,aef98915-d9bd-4ef8-82f6-281ec4d69cc6,b0a343b9-5b2d-4708-9059-b5b2c89445ea,->,12acfc45-bdfb-4343-9004-9be15dfd844c,aef98915-d9bd-4ef8-82f6-281ec4d69cc6,0cf0d29d-b160-429c-b796-5681868a0d4b
12acfc45-bdfb-4343-9004-9be15dfd844c,aef98915-d9bd-4ef8-82f6-281ec4d69cc6,b0a343b9-5b2d-4708-9059-b5b2c89445ea,->,12acfc45-bdfb-4343-9004-9be15dfd844c,aef98915-d9bd-4ef8-82f6-281ec4d69cc6,0cf0d29d-b160-429c-b796-5681868a0d4b
12acfc45-bdfb-4343-9004-9be15dfd844c,aef98915-d9bd-4ef8-82f6-281ec4d69cc6,b0a343b9-5b2d-4708-9059-b5b2c89445ea,->,12acfc45-bdfb-4343-9004-9be15dfd844c,aef98915-d9bd-4ef8-82f6-281ec4d69cc6,0cf0d29d-b160-429c-b796-5681868a0d4b
12acfc45-bdfb-4343-9004-9be15dfd844c,aef98915-d9bd-4ef8-82f6-281ec4d69cc6,b0a343b9-5b2d-4708-9059-b5b2c89445ea,->,12acfc45-bdfb-4343-9004-9be15dfd844c,aef98915-d9bd-4ef8-82f6-281ec4d69cc6,0cf0d29d-b160-429c-b796-5681868a0d4b
12acfc45-bdfb-4343-9004-9be15dfd844c,aef98915-d9bd-4ef8-82f6-281ec4d69cc6,b0a343b9-5b2d-4708-9059-b5b2c89445ea,->,12acfc45-bdfb-4343-9004-9be15dfd844c,aef98915-d9bd-4ef8-82f6-281ec4d69cc6,0cf0d29d-b160-429c-b796-5681868a0d4b
12acfc45-bdfb-4343-9004-9be15dfd844c,aef98915-d9bd-4ef8-82f6-281ec4d69cc6,b0a343b9-5b2d-4708-9059-b5b2c89445ea,->,12acfc45-bdfb-4343-9004-9be15dfd844c,aef98915-d9bd-4ef8-82f6-281ec4d69cc6,0cf0d29d-b160-429c-b796-5681868a0d4b
12acfc45-bdfb-4343-9004-9be15dfd844c,aef98915-d9bd-4ef8-82f6-281ec4d69cc6,b0a343b9-5b2d-4708-9059-b5b2c89445ea,->,12acfc45-bdfb-4343-9004-9be15dfd844c,aef98915-d9bd-4ef8-82f6-281ec4d69cc6,0cf0d29d-b160-429c-b796-5681868a0d4b
12acfc45-bdfb-4343-9004-9be15dfd844c,aef98915-d9bd-4ef8-82f6-281ec4d69cc6,b0a343b9-5b2d-4708-9059-b5b2c89445ea,->,12acfc45-bdfb-4343-9004-9be15dfd844c,aef98915-d9bd-4ef8-82f6-281ec4d69cc6,0cf0d29d-b160-429c-b796-5681868a0d4b
12acfc45-bdfb-4343-9004-9be15dfd844c,aef98915-d9bd-4ef8-82f6-281ec4d69cc6,b0a343b9-5b2d-4708-9059-b5b2c89445ea,->,12acfc45-bdfb-4343-9004-9be15dfd844c,aef98915-d9bd-4ef8-82f6-281ec4d69cc6,0cf0d29d-b160-429c-b796-5681868a0d4b
12acfc45-bdfb-4343-9004-9be15dfd844c,aef98915-d9bd-4ef8-82f6-281ec4d69cc6,b0a343b9-5b2d-4708-9059-b5b2c89445ea,->,12acfc45-bdfb-4343-9004-9be15dfd844c,aef98915-d9bd-4ef8-82f6-281ec4d69cc6,0fb8c0b3-d526-4e5a-b200-7aabf6303623
12acfc45-bdfb-4343-9004-9be15dfd844c,aef98915-d9bd-4ef8-82f6-281ec4d69cc6,b0a343b9-5b2d-4708-9059-b5b2c89445ea,->,12acfc45-bdfb-4343-9004-9be15dfd844c,aef98915-d9bd-4ef8-82f6-281ec4d69cc6,3992bd2f-77ae-44fd-9dcd-0b271853822c
12acfc45-bdfb-4343-9004-9be15dfd844c,aef98915-d9bd-4ef8-82f6-281ec4d69cc6,b0a343b9-5b2d-4708-9059-b5b2c89445ea,->,12acfc45-bdfb-4343-9004-9be15dfd844c,aef98915-d9bd-4ef8-82f6-281ec4d69cc6,0cf0d29d-b160-429c-b796-5681868a0d4b
12acfc45-bdfb-4343-9004-9be15dfd844c,aef98915-d9bd-4ef8-82f6-281ec4d69cc6,b0a343b9-5b2d-4708-9059-b5b2c89445ea,->,12acfc45-bdfb-4343-9004-9be15dfd844c,aef98915-d9bd-4ef8-82f6-281ec4d69cc6,0cf0d29d-b160-429c-b796-5681868a0d4b
12acfc45-bdfb-4343-9004-9be15dfd844c,aef98915-d9bd-4ef8-82f6-281ec4d69cc6,b0a343b9-5b2d-4708-9059-b5b2c89445ea,->,12acfc45-bdfb-4343-9004-9be15dfd844c,aef98915-d9bd-4ef8-82f6-281ec4d69cc6,0cf0d29d-b160-429c-b796-5681868a0d4b
12acfc45-bdfb-4343-9004-9be15dfd844c,aef98915-d9bd-4ef8-82f6-281ec4d69cc6,b0a343b9-5b2d-4708-9059-b5b2c89445ea,->,12acfc45-bdfb-4343-9004-9be15dfd844c,aef98915-d9bd-4ef8-82f6-281ec4d69cc6,0cf0d29d-b160-429c-b796-5681868a0d4b
12acfc45-bdfb-4343-9004-9be15dfd844c,aef98915-d9bd-4ef8-82f6-281ec4d69cc6,b0a343b9-5b2d-4708-9059-b5b2c89445ea,->,12acfc45-bdfb-4343-9004-9be15dfd844c,aef98915-d9bd-4ef8-82f6-281ec4d69cc6,0cf0d29d-b160-429c-b796-5681868a0d4b
12acfc45-bdfb-4343-9004-9be15dfd844c,aef98915-d9bd-4ef8-82f6-281ec4d69cc6,b0a343b9-5b2d-4708-9059-b5b2c89445ea,->,12acfc45-bdfb-4343-9004-9be15dfd844c,aef98915-d9bd-4ef8-82f6-281ec4d69cc6,0fb8c0b3-d526-4e5a-b200-7aabf6303623
12acfc45-bdfb-4343-9004-9be15dfd844c,aef98915-d9bd-4ef8-82f6-281ec4d69cc6,b0a343b9-5b2d-4708-9059-b5b2c89445ea,->,12acfc45-bdfb-4343-9004-9be15dfd844c,aef98915-d9bd-4ef8-82f6-281ec4d69cc6,3992bd2f-77ae-44fd-9dcd-0b271853822c
12acfc45-bdfb-4343-9004-9be15dfd844c,aef98915-d9bd-4ef8-82f6-281ec4d69cc6,b0a343b9-5b2d-4708-9059-b5b2c89445ea,->,12acfc45-bdfb-4343-9004-9be15dfd844c,server/model/players/Client.java,getItems
12acfc45-bdfb-4343-9004-9be15dfd844c,aef98915-d9bd-4ef8-82f6-281ec4d69cc6,b0a343b9-5b2d-4708-9059-b5b2c89445ea,->,12acfc45-bdfb-4343-9004-9be15dfd844c,aef98915-d9bd-4ef8-82f6-281ec4d69cc6,0cf0d29d-b160-429c-b796-5681868a0d4b
12acfc45-bdfb-4343-9004-9be15dfd844c,aef98915-d9bd-4ef8-82f6-281ec4d69cc6,b0a343b9-5b2d-4708-9059-b5b2c89445ea,->,12acfc45-bdfb-4343-9004-9be15dfd844c,aef98915-d9bd-4ef8-82f6-281ec4d69cc6,0fb8c0b3-d526-4e5a-b200-7aabf6303623
12acfc45-bdfb-4343-9004-9be15dfd844c,aef98915-d9bd-4ef8-82f6-281ec4d69cc6,7fe62bb8-65a6-4471-b442-332073aaf740,->,12acfc45-bdfb-4343-9004-9be15dfd844c,aef98915-d9bd-4ef8-82f6-281ec4d69cc6,3992bd2f-77ae-44fd-9dcd-0b271853822c
12acfc45-bdfb-4343-9004-9be15dfd844c,aef98915-d9bd-4ef8-82f6-281ec4d69cc6,7fe62bb8-65a6-4471-b442-332073aaf740,->,12acfc45-bdfb-4343-9004-9be15dfd844c,aef98915-d9bd-4ef8-82f6-281ec4d69cc6,0cf0d29d-b160-429c-b796-5681868a0d4b
12acfc45-bdfb-4343-9004-9be15dfd844c,aef98915-d9bd-4ef8-82f6-281ec4d69cc6,7fe62bb8-65a6-4471-b442-332073aaf740,->,12acfc45-bdfb-4343-9004-9be15dfd844c,aef98915-d9bd-4ef8-82f6-281ec4d69cc6,0cf0d29d-b160-429c-b796-5681868a0d4b
12acfc45-bdfb-4343-9004-9be15dfd844c,aef98915-d9bd-4ef8-82f6-281ec4d69cc6,7fe62bb8-65a6-4471-b442-332073aaf740,->,12acfc45-bdfb-4343-9004-9be15dfd844c,aef98915-d9bd-4ef8-82f6-281ec4d69cc6,0cf0d29d-b160-429c-b796-5681868a0d4b
12acfc45-bdfb-4343-9004-9be15dfd844c,aef98915-d9bd-4ef8-82f6-281ec4d69cc6,7fe62bb8-65a6-4471-b442-332073aaf740,->,12acfc45-bdfb-4343-9004-9be15dfd844c,aef98915-d9bd-4ef8-82f6-281ec4d69cc6,0cf0d29d-b160-429c-b796-5681868a0d4b
12acfc45-bdfb-4343-9004-9be15dfd844c,aef98915-d9bd-4ef8-82f6-281ec4d69cc6,7fe62bb8-65a6-4471-b442-332073aaf740,->,12acfc45-bdfb-4343-9004-9be15dfd844c,aef98915-d9bd-4ef8-82f6-281ec4d69cc6,0cf0d29d-b160-429c-b796-5681868a0d4b
12acfc45-bdfb-4343-9004-9be15dfd844c,aef98915-d9bd-4ef8-82f6-281ec4d69cc6,7fe62bb8-65a6-4471-b442-332073aaf740,->,12acfc45-bdfb-4343-9004-9be15dfd844c,aef98915-d9bd-4ef8-82f6-281ec4d69cc6,0cf0d29d-b160-429c-b796-5681868a0d4b
12acfc45-bdfb-4343-9004-9be15dfd844c,aef98915-d9bd-4ef8-82f6-281ec4d69cc6,7fe62bb8-65a6-4471-b442-332073aaf740,->,12acfc45-bdfb-4343-9004-9be15dfd844c,aef98915-d9bd-4ef8-82f6-281ec4d69cc6,0cf0d29d-b160-429c-b796-5681868a0d4b
12acfc45-bdfb-4343-9004-9be15dfd844c,aef98915-d9bd-4ef8-82f6-281ec4d69cc6,7fe62bb8-65a6-4471-b442-332073aaf740,->,12acfc45-bdfb-4343-9004-9be15dfd844c,aef98915-d9bd-4ef8-82f6-281ec4d69cc6,0cf0d29d-b160-429c-b796-5681868a0d4b
12acfc45-bdfb-4343-9004-9be15dfd844c,aef98915-d9bd-4ef8-82f6-281ec4d69cc6,7fe62bb8-65a6-4471-b442-332073aaf740,->,12acfc45-bdfb-4343-9004-9be15dfd844c,aef98915-d9bd-4ef8-82f6-281ec4d69cc6,0cf0d29d-b160-429c-b796-5681868a0d4b
12acfc45-bdfb-4343-9004-9be15dfd844c,aef98915-d9bd-4ef8-82f6-281ec4d69cc6,7fe62bb8-65a6-4471-b442-332073aaf740,->,12acfc45-bdfb-4343-9004-9be15dfd844c,aef98915-d9bd-4ef8-82f6-281ec4d69cc6,0cf0d29d-b160-429c-b796-5681868a0d4b
12acfc45-bdfb-4343-9004-9be15dfd844c,aef98915-d9bd-4ef8-82f6-281ec4d69cc6,7fe62bb8-65a6-4471-b442-332073aaf740,->,12acfc45-bdfb-4343-9004-9be15dfd844c,aef98915-d9bd-4ef8-82f6-281ec4d69cc6,0cf0d29d-b160-429c-b796-5681868a0d4b
12acfc45-bdfb-4343-9004-9be15dfd844c,aef98915-d9bd-4ef8-82f6-281ec4d69cc6,7fe62bb8-65a6-4471-b442-332073aaf740,->,12acfc45-bdfb-4343-9004-9be15dfd844c,aef98915-d9bd-4ef8-82f6-281ec4d69cc6,0cf0d29d-b160-429c-b796-5681868a0d4b
12acfc45-bdfb-4343-9004-9be15dfd844c,aef98915-d9bd-4ef8-82f6-281ec4d69cc6,7fe62bb8-65a6-4471-b442-332073aaf740,->,12acfc45-bdfb-4343-9004-9be15dfd844c,aef98915-d9bd-4ef8-82f6-281ec4d69cc6,0cf0d29d-b160-429c-b796-5681868a0d4b
12acfc45-bdfb-4343-9004-9be15dfd844c,aef98915-d9bd-4ef8-82f6-281ec4d69cc6,7fe62bb8-65a6-4471-b442-332073aaf740,->,12acfc45-bdfb-4343-9004-9be15dfd844c,aef98915-d9bd-4ef8-82f6-281ec4d69cc6,0cf0d29d-b160-429c-b796-5681868a0d4b
12acfc45-bdfb-4343-9004-9be15dfd844c,aef98915-d9bd-4ef8-82f6-281ec4d69cc6,7fe62bb8-65a6-4471-b442-332073aaf740,->,12acfc45-bdfb-4343-9004-9be15dfd844c,aef98915-d9bd-4ef8-82f6-281ec4d69cc6,0cf0d29d-b160-429c-b796-5681868a0d4b
12acfc45-bdfb-4343-9004-9be15dfd844c,aef98915-d9bd-4ef8-82f6-281ec4d69cc6,7fe62bb8-65a6-4471-b442-332073aaf740,->,12acfc45-bdfb-4343-9004-9be15dfd844c,aef98915-d9bd-4ef8-82f6-281ec4d69cc6,0cf0d29d-b160-429c-b796-5681868a0d4b
12acfc45-bdfb-4343-9004-9be15dfd844c,aef98915-d9bd-4ef8-82f6-281ec4d69cc6,7fe62bb8-65a6-4471-b442-332073aaf740,->,12acfc45-bdfb-4343-9004-9be15dfd844c,aef98915-d9bd-4ef8-82f6-281ec4d69cc6,0cf0d29d-b160-429c-b796-5681868a0d4b
12acfc45-bdfb-4343-9004-9be15dfd844c,aef98915-d9bd-4ef8-82f6-281ec4d69cc6,7fe62bb8-65a6-4471-b442-332073aaf740,->,12acfc45-bdfb-4343-9004-9be15dfd844c,aef98915-d9bd-4ef8-82f6-281ec4d69cc6,0cf0d29d-b160-429c-b796-5681868a0d4b
12acfc45-bdfb-4343-9004-9be15dfd844c,aef98915-d9bd-4ef8-82f6-281ec4d69cc6,7fe62bb8-65a6-4471-b442-332073aaf740,->,12acfc45-bdfb-4343-9004-9be15dfd844c,aef98915-d9bd-4ef8-82f6-281ec4d69cc6,0fb8c0b3-d526-4e5a-b200-7aabf6303623
12acfc45-bdfb-4343-9004-9be15dfd844c,aef98915-d9bd-4ef8-82f6-281ec4d69cc6,7fe62bb8-65a6-4471-b442-332073aaf740,->,12acfc45-bdfb-4343-9004-9be15dfd844c,aef98915-d9bd-4ef8-82f6-281ec4d69cc6,3992bd2f-77ae-44fd-9dcd-0b271853822c
12acfc45-bdfb-4343-9004-9be15dfd844c,aef98915-d9bd-4ef8-82f6-281ec4d69cc6,7fe62bb8-65a6-4471-b442-332073aaf740,->,12acfc45-bdfb-4343-9004-9be15dfd844c,aef98915-d9bd-4ef8-82f6-281ec4d69cc6,0cf0d29d-b160-429c-b796-5681868a0d4b
12acfc45-bdfb-4343-9004-9be15dfd844c,aef98915-d9bd-4ef8-82f6-281ec4d69cc6,7fe62bb8-65a6-4471-b442-332073aaf740,->,12acfc45-bdfb-4343-9004-9be15dfd844c,aef98915-d9bd-4ef8-82f6-281ec4d69cc6,0cf0d29d-b160-429c-b796-5681868a0d4b
12acfc45-bdfb-4343-9004-9be15dfd844c,aef98915-d9bd-4ef8-82f6-281ec4d69cc6,7fe62bb8-65a6-4471-b442-332073aaf740,->,12acfc45-bdfb-4343-9004-9be15dfd844c,aef98915-d9bd-4ef8-82f6-281ec4d69cc6,0cf0d29d-b160-429c-b796-5681868a0d4b
12acfc45-bdfb-4343-9004-9be15dfd844c,aef98915-d9bd-4ef8-82f6-281ec4d69cc6,7fe62bb8-65a6-4471-b442-332073aaf740,->,12acfc45-bdfb-4343-9004-9be15dfd844c,aef98915-d9bd-4ef8-82f6-281ec4d69cc6,0cf0d29d-b160-429c-b796-5681868a0d4b
12acfc45-bdfb-4343-9004-9be15dfd844c,aef98915-d9bd-4ef8-82f6-281ec4d69cc6,7fe62bb8-65a6-4471-b442-332073aaf740,->,12acfc45-bdfb-4343-9004-9be15dfd844c,aef98915-d9bd-4ef8-82f6-281ec4d69cc6,0cf0d29d-b160-429c-b796-5681868a0d4b
12acfc45-bdfb-4343-9004-9be15dfd844c,aef98915-d9bd-4ef8-82f6-281ec4d69cc6,7fe62bb8-65a6-4471-b442-332073aaf740,->,12acfc45-bdfb-4343-9004-9be15dfd844c,aef98915-d9bd-4ef8-82f6-281ec4d69cc6,0cf0d29d-b160-429c-b796-5681868a0d4b
12acfc45-bdfb-4343-9004-9be15dfd844c,aef98915-d9bd-4ef8-82f6-281ec4d69cc6,7fe62bb8-65a6-4471-b442-332073aaf740,->,12acfc45-bdfb-4343-9004-9be15dfd844c,aef98915-d9bd-4ef8-82f6-281ec4d69cc6,0fb8c0b3-d526-4e5a-b200-7aabf6303623
12acfc45-bdfb-4343-9004-9be15dfd844c,aef98915-d9bd-4ef8-82f6-281ec4d69cc6,7fe62bb8-65a6-4471-b442-332073aaf740,->,12acfc45-bdfb-4343-9004-9be15dfd844c,aef98915-d9bd-4ef8-82f6-281ec4d69cc6,3992bd2f-77ae-44fd-9dcd-0b271853822c
12acfc45-bdfb-4343-9004-9be15dfd844c,aef98915-d9bd-4ef8-82f6-281ec4d69cc6,7fe62bb8-65a6-4471-b442-332073aaf740,->,12acfc45-bdfb-4343-9004-9be15dfd844c,aef98915-d9bd-4ef8-82f6-281ec4d69cc6,0cf0d29d-b160-429c-b796-5681868a0d4b
12acfc45-bdfb-4343-9004-9be15dfd844c,aef98915-d9bd-4ef8-82f6-281ec4d69cc6,7fe62bb8-65a6-4471-b442-332073aaf740,->,12acfc45-bdfb-4343-9004-9be15dfd844c,aef98915-d9bd-4ef8-82f6-281ec4d69cc6,0cf0d29d-b160-429c-b796-5681868a0d4b
12acfc45-bdfb-4343-9004-9be15dfd844c,aef98915-d9bd-4ef8-82f6-281ec4d69cc6,7fe62bb8-65a6-4471-b442-332073aaf740,->,12acfc45-bdfb-4343-9004-9be15dfd844c,aef98915-d9bd-4ef8-82f6-281ec4d69cc6,0fb8c0b3-d526-4e5a-b200-7aabf6303623
12acfc45-bdfb-4343-9004-9be15dfd844c,aef98915-d9bd-4ef8-82f6-281ec4d69cc6,6c886bbf-c15c-4713-9209-801939340c62,->,12acfc45-bdfb-4343-9004-9be15dfd844c,aef98915-d9bd-4ef8-82f6-281ec4d69cc6,3992bd2f-77ae-44fd-9dcd-0b271853822c
12acfc45-bdfb-4343-9004-9be15dfd844c,aef98915-d9bd-4ef8-82f6-281ec4d69cc6,6c886bbf-c15c-4713-9209-801939340c62,->,12acfc45-bdfb-4343-9004-9be15dfd844c,aef98915-d9bd-4ef8-82f6-281ec4d69cc6,0cf0d29d-b160-429c-b796-5681868a0d4b
12acfc45-bdfb-4343-9004-9be15dfd844c,aef98915-d9bd-4ef8-82f6-281ec4d69cc6,6c886bbf-c15c-4713-9209-801939340c62,->,12acfc45-bdfb-4343-9004-9be15dfd844c,aef98915-d9bd-4ef8-82f6-281ec4d69cc6,0cf0d29d-b160-429c-b796-5681868a0d4b
12acfc45-bdfb-4343-9004-9be15dfd844c,aef98915-d9bd-4ef8-82f6-281ec4d69cc6,6c886bbf-c15c-4713-9209-801939340c62,->,12acfc45-bdfb-4343-9004-9be15dfd844c,aef98915-d9bd-4ef8-82f6-281ec4d69cc6,0cf0d29d-b160-429c-b796-5681868a0d4b
12acfc45-bdfb-4343-9004-9be15dfd844c,aef98915-d9bd-4ef8-82f6-281ec4d69cc6,6c886bbf-c15c-4713-9209-801939340c62,->,12acfc45-bdfb-4343-9004-9be15dfd844c,aef98915-d9bd-4ef8-82f6-281ec4d69cc6,0cf0d29d-b160-429c-b796-5681868a0d4b
12acfc45-bdfb-4343-9004-9be15dfd844c,aef98915-d9bd-4ef8-82f6-281ec4d69cc6,6c886bbf-c15c-4713-9209-801939340c62,->,12acfc45-bdfb-4343-9004-9be15dfd844c,aef98915-d9bd-4ef8-82f6-281ec4d69cc6,0cf0d29d-b160-429c-b796-5681868a0d4b
12acfc45-bdfb-4343-9004-9be15dfd844c,aef98915-d9bd-4ef8-82f6-281ec4d69cc6,6c886bbf-c15c-4713-9209-801939340c62,->,12acfc45-bdfb-4343-9004-9be15dfd844c,aef98915-d9bd-4ef8-82f6-281ec4d69cc6,0cf0d29d-b160-429c-b796-5681868a0d4b
12acfc45-bdfb-4343-9004-9be15dfd844c,aef98915-d9bd-4ef8-82f6-281ec4d69cc6,6c886bbf-c15c-4713-9209-801939340c62,->,12acfc45-bdfb-4343-9004-9be15dfd844c,aef98915-d9bd-4ef8-82f6-281ec4d69cc6,0cf0d29d-b160-429c-b796-5681868a0d4b
12acfc45-bdfb-4343-9004-9be15dfd844c,aef98915-d9bd-4ef8-82f6-281ec4d69cc6,6c886bbf-c15c-4713-9209-801939340c62,->,12acfc45-bdfb-4343-9004-9be15dfd844c,aef98915-d9bd-4ef8-82f6-281ec4d69cc6,0cf0d29d-b160-429c-b796-5681868a0d4b
12acfc45-bdfb-4343-9004-9be15dfd844c,aef98915-d9bd-4ef8-82f6-281ec4d69cc6,6c886bbf-c15c-4713-9209-801939340c62,->,12acfc45-bdfb-4343-9004-9be15dfd844c,aef98915-d9bd-4ef8-82f6-281ec4d69cc6,0cf0d29d-b160-429c-b796-5681868a0d4b
12acfc45-bdfb-4343-9004-9be15dfd844c,aef98915-d9bd-4ef8-82f6-281ec4d69cc6,6c886bbf-c15c-4713-9209-801939340c62,->,12acfc45-bdfb-4343-9004-9be15dfd844c,aef98915-d9bd-4ef8-82f6-281ec4d69cc6,0fb8c0b3-d526-4e5a-b200-7aabf6303623
12acfc45-bdfb-4343-9004-9be15dfd844c,aef98915-d9bd-4ef8-82f6-281ec4d69cc6,6c886bbf-c15c-4713-9209-801939340c62,->,12acfc45-bdfb-4343-9004-9be15dfd844c,aef98915-d9bd-4ef8-82f6-281ec4d69cc6,3992bd2f-77ae-44fd-9dcd-0b271853822c
12acfc45-bdfb-4343-9004-9be15dfd844c,aef98915-d9bd-4ef8-82f6-281ec4d69cc6,6c886bbf-c15c-4713-9209-801939340c62,->,12acfc45-bdfb-4343-9004-9be15dfd844c,java/lang/StringBuilder.java,append
12acfc45-bdfb-4343-9004-9be15dfd844c,aef98915-d9bd-4ef8-82f6-281ec4d69cc6,6c886bbf-c15c-4713-9209-801939340c62,->,12acfc45-bdfb-4343-9004-9be15dfd844c,java/lang/StringBuilder.java,append
12acfc45-bdfb-4343-9004-9be15dfd844c,aef98915-d9bd-4ef8-82f6-281ec4d69cc6,6c886bbf-c15c-4713-9209-801939340c62,->,12acfc45-bdfb-4343-9004-9be15dfd844c,java/lang/StringBuilder.java,toString
12acfc45-bdfb-4343-9004-9be15dfd844c,aef98915-d9bd-4ef8-82f6-281ec4d69cc6,6c886bbf-c15c-4713-9209-801939340c62,->,12acfc45-bdfb-4343-9004-9be15dfd844c,aef98915-d9bd-4ef8-82f6-281ec4d69cc6,0cf0d29d-b160-429c-b796-5681868a0d4b
12acfc45-bdfb-4343-9004-9be15dfd844c,aef98915-d9bd-4ef8-82f6-281ec4d69cc6,6c886bbf-c15c-4713-9209-801939340c62,->,12acfc45-bdfb-4343-9004-9be15dfd844c,java/lang/StringBuilder.java,append
12acfc45-bdfb-4343-9004-9be15dfd844c,aef98915-d9bd-4ef8-82f6-281ec4d69cc6,6c886bbf-c15c-4713-9209-801939340c62,->,12acfc45-bdfb-4343-9004-9be15dfd844c,java/lang/StringBuilder.java,append
12acfc45-bdfb-4343-9004-9be15dfd844c,aef98915-d9bd-4ef8-82f6-281ec4d69cc6,6c886bbf-c15c-4713-9209-801939340c62,->,12acfc45-bdfb-4343-9004-9be15dfd844c,java/lang/StringBuilder.java,toString
12acfc45-bdfb-4343-9004-9be15dfd844c,aef98915-d9bd-4ef8-82f6-281ec4d69cc6,6c886bbf-c15c-4713-9209-801939340c62,->,12acfc45-bdfb-4343-9004-9be15dfd844c,aef98915-d9bd-4ef8-82f6-281ec4d69cc6,0cf0d29d-b160-429c-b796-5681868a0d4b
12acfc45-bdfb-4343-9004-9be15dfd844c,aef98915-d9bd-4ef8-82f6-281ec4d69cc6,6c886bbf-c15c-4713-9209-801939340c62,->,12acfc45-bdfb-4343-9004-9be15dfd844c,java/lang/StringBuilder.java,append
12acfc45-bdfb-4343-9004-9be15dfd844c,aef98915-d9bd-4ef8-82f6-281ec4d69cc6,6c886bbf-c15c-4713-9209-801939340c62,->,12acfc45-bdfb-4343-9004-9be15dfd844c,java/lang/StringBuilder.java,append
12acfc45-bdfb-4343-9004-9be15dfd844c,aef98915-d9bd-4ef8-82f6-281ec4d69cc6,6c886bbf-c15c-4713-9209-801939340c62,->,12acfc45-bdfb-4343-9004-9be15dfd844c,java/lang/StringBuilder.java,toString
12acfc45-bdfb-4343-9004-9be15dfd844c,aef98915-d9bd-4ef8-82f6-281ec4d69cc6,6c886bbf-c15c-4713-9209-801939340c62,->,12acfc45-bdfb-4343-9004-9be15dfd844c,aef98915-d9bd-4ef8-82f6-281ec4d69cc6,0cf0d29d-b160-429c-b796-5681868a0d4b
12acfc45-bdfb-4343-9004-9be15dfd844c,aef98915-d9bd-4ef8-82f6-281ec4d69cc6,6c886bbf-c15c-4713-9209-801939340c62,->,12acfc45-bdfb-4343-9004-9be15dfd844c,java/lang/StringBuilder.java,append
12acfc45-bdfb-4343-9004-9be15dfd844c,aef98915-d9bd-4ef8-82f6-281ec4d69cc6,6c886bbf-c15c-4713-9209-801939340c62,->,12acfc45-bdfb-4343-9004-9be15dfd844c,java/lang/StringBuilder.java,append
12acfc45-bdfb-4343-9004-9be15dfd844c,aef98915-d9bd-4ef8-82f6-281ec4d69cc6,6c886bbf-c15c-4713-9209-801939340c62,->,12acfc45-bdfb-4343-9004-9be15dfd844c,java/lang/StringBuilder.java,toString
12acfc45-bdfb-4343-9004-9be15dfd844c,aef98915-d9bd-4ef8-82f6-281ec4d69cc6,6c886bbf-c15c-4713-9209-801939340c62,->,12acfc45-bdfb-4343-9004-9be15dfd844c,aef98915-d9bd-4ef8-82f6-281ec4d69cc6,0cf0d29d-b160-429c-b796-5681868a0d4b
12acfc45-bdfb-4343-9004-9be15dfd844c,aef98915-d9bd-4ef8-82f6-281ec4d69cc6,6c886bbf-c15c-4713-9209-801939340c62,->,12acfc45-bdfb-4343-9004-9be15dfd844c,java/lang/StringBuilder.java,append
12acfc45-bdfb-4343-9004-9be15dfd844c,aef98915-d9bd-4ef8-82f6-281ec4d69cc6,6c886bbf-c15c-4713-9209-801939340c62,->,12acfc45-bdfb-4343-9004-9be15dfd844c,java/lang/StringBuilder.java,append
12acfc45-bdfb-4343-9004-9be15dfd844c,aef98915-d9bd-4ef8-82f6-281ec4d69cc6,6c886bbf-c15c-4713-9209-801939340c62,->,12acfc45-bdfb-4343-9004-9be15dfd844c,java/lang/StringBuilder.java,toString
12acfc45-bdfb-4343-9004-9be15dfd844c,aef98915-d9bd-4ef8-82f6-281ec4d69cc6,6c886bbf-c15c-4713-9209-801939340c62,->,12acfc45-bdfb-4343-9004-9be15dfd844c,aef98915-d9bd-4ef8-82f6-281ec4d69cc6,0cf0d29d-b160-429c-b796-5681868a0d4b
12acfc45-bdfb-4343-9004-9be15dfd844c,aef98915-d9bd-4ef8-82f6-281ec4d69cc6,6c886bbf-c15c-4713-9209-801939340c62,->,12acfc45-bdfb-4343-9004-9be15dfd844c,java/lang/StringBuilder.java,append
12acfc45-bdfb-4343-9004-9be15dfd844c,aef98915-d9bd-4ef8-82f6-281ec4d69cc6,6c886bbf-c15c-4713-9209-801939340c62,->,12acfc45-bdfb-4343-9004-9be15dfd844c,java/lang/StringBuilder.java,append
12acfc45-bdfb-4343-9004-9be15dfd844c,aef98915-d9bd-4ef8-82f6-281ec4d69cc6,6c886bbf-c15c-4713-9209-801939340c62,->,12acfc45-bdfb-4343-9004-9be15dfd844c,java/lang/StringBuilder.java,toString
12acfc45-bdfb-4343-9004-9be15dfd844c,aef98915-d9bd-4ef8-82f6-281ec4d69cc6,6c886bbf-c15c-4713-9209-801939340c62,->,12acfc45-bdfb-4343-9004-9be15dfd844c,aef98915-d9bd-4ef8-82f6-281ec4d69cc6,0cf0d29d-b160-429c-b796-5681868a0d4b
12acfc45-bdfb-4343-9004-9be15dfd844c,aef98915-d9bd-4ef8-82f6-281ec4d69cc6,6c886bbf-c15c-4713-9209-801939340c62,->,12acfc45-bdfb-4343-9004-9be15dfd844c,java/lang/StringBuilder.java,append
12acfc45-bdfb-4343-9004-9be15dfd844c,aef98915-d9bd-4ef8-82f6-281ec4d69cc6,6c886bbf-c15c-4713-9209-801939340c62,->,12acfc45-bdfb-4343-9004-9be15dfd844c,java/lang/StringBuilder.java,append
12acfc45-bdfb-4343-9004-9be15dfd844c,aef98915-d9bd-4ef8-82f6-281ec4d69cc6,6c886bbf-c15c-4713-9209-801939340c62,->,12acfc45-bdfb-4343-9004-9be15dfd844c,java/lang/StringBuilder.java,toString
12acfc45-bdfb-4343-9004-9be15dfd844c,aef98915-d9bd-4ef8-82f6-281ec4d69cc6,6c886bbf-c15c-4713-9209-801939340c62,->,12acfc45-bdfb-4343-9004-9be15dfd844c,aef98915-d9bd-4ef8-82f6-281ec4d69cc6,0cf0d29d-b160-429c-b796-5681868a0d4b
12acfc45-bdfb-4343-9004-9be15dfd844c,aef98915-d9bd-4ef8-82f6-281ec4d69cc6,6c886bbf-c15c-4713-9209-801939340c62,->,12acfc45-bdfb-4343-9004-9be15dfd844c,java/lang/StringBuilder.java,append
12acfc45-bdfb-4343-9004-9be15dfd844c,aef98915-d9bd-4ef8-82f6-281ec4d69cc6,6c886bbf-c15c-4713-9209-801939340c62,->,12acfc45-bdfb-4343-9004-9be15dfd844c,java/lang/StringBuilder.java,append
12acfc45-bdfb-4343-9004-9be15dfd844c,aef98915-d9bd-4ef8-82f6-281ec4d69cc6,6c886bbf-c15c-4713-9209-801939340c62,->,12acfc45-bdfb-4343-9004-9be15dfd844c,java/lang/StringBuilder.java,toString
12acfc45-bdfb-4343-9004-9be15dfd844c,aef98915-d9bd-4ef8-82f6-281ec4d69cc6,6c886bbf-c15c-4713-9209-801939340c62,->,12acfc45-bdfb-4343-9004-9be15dfd844c,aef98915-d9bd-4ef8-82f6-281ec4d69cc6,0cf0d29d-b160-429c-b796-5681868a0d4b
12acfc45-bdfb-4343-9004-9be15dfd844c,aef98915-d9bd-4ef8-82f6-281ec4d69cc6,6c886bbf-c15c-4713-9209-801939340c62,->,12acfc45-bdfb-4343-9004-9be15dfd844c,java/lang/StringBuilder.java,append
12acfc45-bdfb-4343-9004-9be15dfd844c,aef98915-d9bd-4ef8-82f6-281ec4d69cc6,6c886bbf-c15c-4713-9209-801939340c62,->,12acfc45-bdfb-4343-9004-9be15dfd844c,java/lang/StringBuilder.java,append
12acfc45-bdfb-4343-9004-9be15dfd844c,aef98915-d9bd-4ef8-82f6-281ec4d69cc6,6c886bbf-c15c-4713-9209-801939340c62,->,12acfc45-bdfb-4343-9004-9be15dfd844c,java/lang/StringBuilder.java,toString
12acfc45-bdfb-4343-9004-9be15dfd844c,aef98915-d9bd-4ef8-82f6-281ec4d69cc6,6c886bbf-c15c-4713-9209-801939340c62,->,12acfc45-bdfb-4343-9004-9be15dfd844c,aef98915-d9bd-4ef8-82f6-281ec4d69cc6,0cf0d29d-b160-429c-b796-5681868a0d4b
12acfc45-bdfb-4343-9004-9be15dfd844c,aef98915-d9bd-4ef8-82f6-281ec4d69cc6,6c886bbf-c15c-4713-9209-801939340c62,->,12acfc45-bdfb-4343-9004-9be15dfd844c,java/lang/StringBuilder.java,append
12acfc45-bdfb-4343-9004-9be15dfd844c,aef98915-d9bd-4ef8-82f6-281ec4d69cc6,6c886bbf-c15c-4713-9209-801939340c62,->,12acfc45-bdfb-4343-9004-9be15dfd844c,java/lang/StringBuilder.java,append
12acfc45-bdfb-4343-9004-9be15dfd844c,aef98915-d9bd-4ef8-82f6-281ec4d69cc6,6c886bbf-c15c-4713-9209-801939340c62,->,12acfc45-bdfb-4343-9004-9be15dfd844c,java/lang/StringBuilder.java,toString
12acfc45-bdfb-4343-9004-9be15dfd844c,aef98915-d9bd-4ef8-82f6-281ec4d69cc6,6c886bbf-c15c-4713-9209-801939340c62,->,12acfc45-bdfb-4343-9004-9be15dfd844c,aef98915-d9bd-4ef8-82f6-281ec4d69cc6,0cf0d29d-b160-429c-b796-5681868a0d4b
12acfc45-bdfb-4343-9004-9be15dfd844c,aef98915-d9bd-4ef8-82f6-281ec4d69cc6,6c886bbf-c15c-4713-9209-801939340c62,->,12acfc45-bdfb-4343-9004-9be15dfd844c,java/lang/StringBuilder.java,append
12acfc45-bdfb-4343-9004-9be15dfd844c,aef98915-d9bd-4ef8-82f6-281ec4d69cc6,6c886bbf-c15c-4713-9209-801939340c62,->,12acfc45-bdfb-4343-9004-9be15dfd844c,java/lang/StringBuilder.java,append
12acfc45-bdfb-4343-9004-9be15dfd844c,aef98915-d9bd-4ef8-82f6-281ec4d69cc6,6c886bbf-c15c-4713-9209-801939340c62,->,12acfc45-bdfb-4343-9004-9be15dfd844c,java/lang/StringBuilder.java,toString
12acfc45-bdfb-4343-9004-9be15dfd844c,aef98915-d9bd-4ef8-82f6-281ec4d69cc6,6c886bbf-c15c-4713-9209-801939340c62,->,12acfc45-bdfb-4343-9004-9be15dfd844c,aef98915-d9bd-4ef8-82f6-281ec4d69cc6,0cf0d29d-b160-429c-b796-5681868a0d4b
12acfc45-bdfb-4343-9004-9be15dfd844c,aef98915-d9bd-4ef8-82f6-281ec4d69cc6,6c886bbf-c15c-4713-9209-801939340c62,->,12acfc45-bdfb-4343-9004-9be15dfd844c,java/lang/StringBuilder.java,append
12acfc45-bdfb-4343-9004-9be15dfd844c,aef98915-d9bd-4ef8-82f6-281ec4d69cc6,6c886bbf-c15c-4713-9209-801939340c62,->,12acfc45-bdfb-4343-9004-9be15dfd844c,java/lang/StringBuilder.java,append
12acfc45-bdfb-4343-9004-9be15dfd844c,aef98915-d9bd-4ef8-82f6-281ec4d69cc6,6c886bbf-c15c-4713-9209-801939340c62,->,12acfc45-bdfb-4343-9004-9be15dfd844c,java/lang/StringBuilder.java,toString
12acfc45-bdfb-4343-9004-9be15dfd844c,aef98915-d9bd-4ef8-82f6-281ec4d69cc6,6c886bbf-c15c-4713-9209-801939340c62,->,12acfc45-bdfb-4343-9004-9be15dfd844c,aef98915-d9bd-4ef8-82f6-281ec4d69cc6,0cf0d29d-b160-429c-b796-5681868a0d4b
12acfc45-bdfb-4343-9004-9be15dfd844c,aef98915-d9bd-4ef8-82f6-281ec4d69cc6,6c886bbf-c15c-4713-9209-801939340c62,->,12acfc45-bdfb-4343-9004-9be15dfd844c,java/lang/StringBuilder.java,append
12acfc45-bdfb-4343-9004-9be15dfd844c,aef98915-d9bd-4ef8-82f6-281ec4d69cc6,6c886bbf-c15c-4713-9209-801939340c62,->,12acfc45-bdfb-4343-9004-9be15dfd844c,java/lang/StringBuilder.java,append
12acfc45-bdfb-4343-9004-9be15dfd844c,aef98915-d9bd-4ef8-82f6-281ec4d69cc6,6c886bbf-c15c-4713-9209-801939340c62,->,12acfc45-bdfb-4343-9004-9be15dfd844c,java/lang/StringBuilder.java,toString
12acfc45-bdfb-4343-9004-9be15dfd844c,aef98915-d9bd-4ef8-82f6-281ec4d69cc6,6c886bbf-c15c-4713-9209-801939340c62,->,12acfc45-bdfb-4343-9004-9be15dfd844c,aef98915-d9bd-4ef8-82f6-281ec4d69cc6,0cf0d29d-b160-429c-b796-5681868a0d4b
12acfc45-bdfb-4343-9004-9be15dfd844c,aef98915-d9bd-4ef8-82f6-281ec4d69cc6,6c886bbf-c15c-4713-9209-801939340c62,->,12acfc45-bdfb-4343-9004-9be15dfd844c,java/lang/StringBuilder.java,append
12acfc45-bdfb-4343-9004-9be15dfd844c,aef98915-d9bd-4ef8-82f6-281ec4d69cc6,6c886bbf-c15c-4713-9209-801939340c62,->,12acfc45-bdfb-4343-9004-9be15dfd844c,java/lang/StringBuilder.java,append
12acfc45-bdfb-4343-9004-9be15dfd844c,aef98915-d9bd-4ef8-82f6-281ec4d69cc6,6c886bbf-c15c-4713-9209-801939340c62,->,12acfc45-bdfb-4343-9004-9be15dfd844c,java/lang/StringBuilder.java,toString
12acfc45-bdfb-4343-9004-9be15dfd844c,aef98915-d9bd-4ef8-82f6-281ec4d69cc6,6c886bbf-c15c-4713-9209-801939340c62,->,12acfc45-bdfb-4343-9004-9be15dfd844c,aef98915-d9bd-4ef8-82f6-281ec4d69cc6,0cf0d29d-b160-429c-b796-5681868a0d4b
12acfc45-bdfb-4343-9004-9be15dfd844c,aef98915-d9bd-4ef8-82f6-281ec4d69cc6,6c886bbf-c15c-4713-9209-801939340c62,->,12acfc45-bdfb-4343-9004-9be15dfd844c,java/lang/StringBuilder.java,append
12acfc45-bdfb-4343-9004-9be15dfd844c,aef98915-d9bd-4ef8-82f6-281ec4d69cc6,6c886bbf-c15c-4713-9209-801939340c62,->,12acfc45-bdfb-4343-9004-9be15dfd844c,java/lang/StringBuilder.java,append
12acfc45-bdfb-4343-9004-9be15dfd844c,aef98915-d9bd-4ef8-82f6-281ec4d69cc6,6c886bbf-c15c-4713-9209-801939340c62,->,12acfc45-bdfb-4343-9004-9be15dfd844c,java/lang/StringBuilder.java,toString
12acfc45-bdfb-4343-9004-9be15dfd844c,aef98915-d9bd-4ef8-82f6-281ec4d69cc6,6c886bbf-c15c-4713-9209-801939340c62,->,12acfc45-bdfb-4343-9004-9be15dfd844c,aef98915-d9bd-4ef8-82f6-281ec4d69cc6,0cf0d29d-b160-429c-b796-5681868a0d4b
12acfc45-bdfb-4343-9004-9be15dfd844c,aef98915-d9bd-4ef8-82f6-281ec4d69cc6,6c886bbf-c15c-4713-9209-801939340c62,->,12acfc45-bdfb-4343-9004-9be15dfd844c,java/lang/StringBuilder.java,append
12acfc45-bdfb-4343-9004-9be15dfd844c,aef98915-d9bd-4ef8-82f6-281ec4d69cc6,6c886bbf-c15c-4713-9209-801939340c62,->,12acfc45-bdfb-4343-9004-9be15dfd844c,java/lang/StringBuilder.java,append
12acfc45-bdfb-4343-9004-9be15dfd844c,aef98915-d9bd-4ef8-82f6-281ec4d69cc6,6c886bbf-c15c-4713-9209-801939340c62,->,12acfc45-bdfb-4343-9004-9be15dfd844c,java/lang/StringBuilder.java,toString
12acfc45-bdfb-4343-9004-9be15dfd844c,aef98915-d9bd-4ef8-82f6-281ec4d69cc6,6c886bbf-c15c-4713-9209-801939340c62,->,12acfc45-bdfb-4343-9004-9be15dfd844c,aef98915-d9bd-4ef8-82f6-281ec4d69cc6,0cf0d29d-b160-429c-b796-5681868a0d4b
12acfc45-bdfb-4343-9004-9be15dfd844c,aef98915-d9bd-4ef8-82f6-281ec4d69cc6,6c886bbf-c15c-4713-9209-801939340c62,->,12acfc45-bdfb-4343-9004-9be15dfd844c,java/lang/StringBuilder.java,append
12acfc45-bdfb-4343-9004-9be15dfd844c,aef98915-d9bd-4ef8-82f6-281ec4d69cc6,6c886bbf-c15c-4713-9209-801939340c62,->,12acfc45-bdfb-4343-9004-9be15dfd844c,java/lang/StringBuilder.java,append
12acfc45-bdfb-4343-9004-9be15dfd844c,aef98915-d9bd-4ef8-82f6-281ec4d69cc6,6c886bbf-c15c-4713-9209-801939340c62,->,12acfc45-bdfb-4343-9004-9be15dfd844c,java/lang/StringBuilder.java,toString
12acfc45-bdfb-4343-9004-9be15dfd844c,aef98915-d9bd-4ef8-82f6-281ec4d69cc6,6c886bbf-c15c-4713-9209-801939340c62,->,12acfc45-bdfb-4343-9004-9be15dfd844c,aef98915-d9bd-4ef8-82f6-281ec4d69cc6,0cf0d29d-b160-429c-b796-5681868a0d4b
12acfc45-bdfb-4343-9004-9be15dfd844c,aef98915-d9bd-4ef8-82f6-281ec4d69cc6,6c886bbf-c15c-4713-9209-801939340c62,->,12acfc45-bdfb-4343-9004-9be15dfd844c,java/lang/StringBuilder.java,append
12acfc45-bdfb-4343-9004-9be15dfd844c,aef98915-d9bd-4ef8-82f6-281ec4d69cc6,6c886bbf-c15c-4713-9209-801939340c62,->,12acfc45-bdfb-4343-9004-9be15dfd844c,java/lang/StringBuilder.java,append
12acfc45-bdfb-4343-9004-9be15dfd844c,aef98915-d9bd-4ef8-82f6-281ec4d69cc6,6c886bbf-c15c-4713-9209-801939340c62,->,12acfc45-bdfb-4343-9004-9be15dfd844c,java/lang/StringBuilder.java,toString
12acfc45-bdfb-4343-9004-9be15dfd844c,aef98915-d9bd-4ef8-82f6-281ec4d69cc6,6c886bbf-c15c-4713-9209-801939340c62,->,12acfc45-bdfb-4343-9004-9be15dfd844c,aef98915-d9bd-4ef8-82f6-281ec4d69cc6,0cf0d29d-b160-429c-b796-5681868a0d4b
12acfc45-bdfb-4343-9004-9be15dfd844c,aef98915-d9bd-4ef8-82f6-281ec4d69cc6,6c886bbf-c15c-4713-9209-801939340c62,->,12acfc45-bdfb-4343-9004-9be15dfd844c,java/lang/StringBuilder.java,append
12acfc45-bdfb-4343-9004-9be15dfd844c,aef98915-d9bd-4ef8-82f6-281ec4d69cc6,6c886bbf-c15c-4713-9209-801939340c62,->,12acfc45-bdfb-4343-9004-9be15dfd844c,java/lang/StringBuilder.java,append
12acfc45-bdfb-4343-9004-9be15dfd844c,aef98915-d9bd-4ef8-82f6-281ec4d69cc6,6c886bbf-c15c-4713-9209-801939340c62,->,12acfc45-bdfb-4343-9004-9be15dfd844c,java/lang/StringBuilder.java,toString
12acfc45-bdfb-4343-9004-9be15dfd844c,aef98915-d9bd-4ef8-82f6-281ec4d69cc6,6c886bbf-c15c-4713-9209-801939340c62,->,12acfc45-bdfb-4343-9004-9be15dfd844c,aef98915-d9bd-4ef8-82f6-281ec4d69cc6,0cf0d29d-b160-429c-b796-5681868a0d4b
12acfc45-bdfb-4343-9004-9be15dfd844c,aef98915-d9bd-4ef8-82f6-281ec4d69cc6,6c886bbf-c15c-4713-9209-801939340c62,->,12acfc45-bdfb-4343-9004-9be15dfd844c,java/lang/StringBuilder.java,append
12acfc45-bdfb-4343-9004-9be15dfd844c,aef98915-d9bd-4ef8-82f6-281ec4d69cc6,6c886bbf-c15c-4713-9209-801939340c62,->,12acfc45-bdfb-4343-9004-9be15dfd844c,java/lang/StringBuilder.java,append
12acfc45-bdfb-4343-9004-9be15dfd844c,aef98915-d9bd-4ef8-82f6-281ec4d69cc6,6c886bbf-c15c-4713-9209-801939340c62,->,12acfc45-bdfb-4343-9004-9be15dfd844c,java/lang/StringBuilder.java,toString
12acfc45-bdfb-4343-9004-9be15dfd844c,aef98915-d9bd-4ef8-82f6-281ec4d69cc6,6c886bbf-c15c-4713-9209-801939340c62,->,12acfc45-bdfb-4343-9004-9be15dfd844c,aef98915-d9bd-4ef8-82f6-281ec4d69cc6,0cf0d29d-b160-429c-b796-5681868a0d4b
12acfc45-bdfb-4343-9004-9be15dfd844c,aef98915-d9bd-4ef8-82f6-281ec4d69cc6,6c886bbf-c15c-4713-9209-801939340c62,->,12acfc45-bdfb-4343-9004-9be15dfd844c,java/lang/StringBuilder.java,append
12acfc45-bdfb-4343-9004-9be15dfd844c,aef98915-d9bd-4ef8-82f6-281ec4d69cc6,6c886bbf-c15c-4713-9209-801939340c62,->,12acfc45-bdfb-4343-9004-9be15dfd844c,java/lang/StringBuilder.java,append
12acfc45-bdfb-4343-9004-9be15dfd844c,aef98915-d9bd-4ef8-82f6-281ec4d69cc6,6c886bbf-c15c-4713-9209-801939340c62,->,12acfc45-bdfb-4343-9004-9be15dfd844c,java/lang/StringBuilder.java,toString
12acfc45-bdfb-4343-9004-9be15dfd844c,aef98915-d9bd-4ef8-82f6-281ec4d69cc6,6c886bbf-c15c-4713-9209-801939340c62,->,12acfc45-bdfb-4343-9004-9be15dfd844c,aef98915-d9bd-4ef8-82f6-281ec4d69cc6,0cf0d29d-b160-429c-b796-5681868a0d4b
12acfc45-bdfb-4343-9004-9be15dfd844c,aef98915-d9bd-4ef8-82f6-281ec4d69cc6,6c886bbf-c15c-4713-9209-801939340c62,->,12acfc45-bdfb-4343-9004-9be15dfd844c,java/lang/StringBuilder.java,append
12acfc45-bdfb-4343-9004-9be15dfd844c,aef98915-d9bd-4ef8-82f6-281ec4d69cc6,6c886bbf-c15c-4713-9209-801939340c62,->,12acfc45-bdfb-4343-9004-9be15dfd844c,java/lang/StringBuilder.java,append
12acfc45-bdfb-4343-9004-9be15dfd844c,aef98915-d9bd-4ef8-82f6-281ec4d69cc6,6c886bbf-c15c-4713-9209-801939340c62,->,12acfc45-bdfb-4343-9004-9be15dfd844c,java/lang/StringBuilder.java,toString
12acfc45-bdfb-4343-9004-9be15dfd844c,aef98915-d9bd-4ef8-82f6-281ec4d69cc6,6c886bbf-c15c-4713-9209-801939340c62,->,12acfc45-bdfb-4343-9004-9be15dfd844c,aef98915-d9bd-4ef8-82f6-281ec4d69cc6,0cf0d29d-b160-429c-b796-5681868a0d4b
12acfc45-bdfb-4343-9004-9be15dfd844c,aef98915-d9bd-4ef8-82f6-281ec4d69cc6,6c886bbf-c15c-4713-9209-801939340c62,->,12acfc45-bdfb-4343-9004-9be15dfd844c,java/lang/StringBuilder.java,append
12acfc45-bdfb-4343-9004-9be15dfd844c,aef98915-d9bd-4ef8-82f6-281ec4d69cc6,6c886bbf-c15c-4713-9209-801939340c62,->,12acfc45-bdfb-4343-9004-9be15dfd844c,java/lang/StringBuilder.java,append
12acfc45-bdfb-4343-9004-9be15dfd844c,aef98915-d9bd-4ef8-82f6-281ec4d69cc6,6c886bbf-c15c-4713-9209-801939340c62,->,12acfc45-bdfb-4343-9004-9be15dfd844c,java/lang/StringBuilder.java,toString
12acfc45-bdfb-4343-9004-9be15dfd844c,aef98915-d9bd-4ef8-82f6-281ec4d69cc6,6c886bbf-c15c-4713-9209-801939340c62,->,12acfc45-bdfb-4343-9004-9be15dfd844c,aef98915-d9bd-4ef8-82f6-281ec4d69cc6,0cf0d29d-b160-429c-b796-5681868a0d4b
12acfc45-bdfb-4343-9004-9be15dfd844c,aef98915-d9bd-4ef8-82f6-281ec4d69cc6,6c886bbf-c15c-4713-9209-801939340c62,->,12acfc45-bdfb-4343-9004-9be15dfd844c,java/lang/StringBuilder.java,append
12acfc45-bdfb-4343-9004-9be15dfd844c,aef98915-d9bd-4ef8-82f6-281ec4d69cc6,6c886bbf-c15c-4713-9209-801939340c62,->,12acfc45-bdfb-4343-9004-9be15dfd844c,java/lang/StringBuilder.java,append
12acfc45-bdfb-4343-9004-9be15dfd844c,aef98915-d9bd-4ef8-82f6-281ec4d69cc6,6c886bbf-c15c-4713-9209-801939340c62,->,12acfc45-bdfb-4343-9004-9be15dfd844c,java/lang/StringBuilder.java,toString
12acfc45-bdfb-4343-9004-9be15dfd844c,aef98915-d9bd-4ef8-82f6-281ec4d69cc6,6c886bbf-c15c-4713-9209-801939340c62,->,12acfc45-bdfb-4343-9004-9be15dfd844c,aef98915-d9bd-4ef8-82f6-281ec4d69cc6,0cf0d29d-b160-429c-b796-5681868a0d4b
12acfc45-bdfb-4343-9004-9be15dfd844c,aef98915-d9bd-4ef8-82f6-281ec4d69cc6,6c886bbf-c15c-4713-9209-801939340c62,->,12acfc45-bdfb-4343-9004-9be15dfd844c,aef98915-d9bd-4ef8-82f6-281ec4d69cc6,0fb8c0b3-d526-4e5a-b200-7aabf6303623
12acfc45-bdfb-4343-9004-9be15dfd844c,aef98915-d9bd-4ef8-82f6-281ec4d69cc6,6c886bbf-c15c-4713-9209-801939340c62,->,12acfc45-bdfb-4343-9004-9be15dfd844c,aef98915-d9bd-4ef8-82f6-281ec4d69cc6,3992bd2f-77ae-44fd-9dcd-0b271853822c
12acfc45-bdfb-4343-9004-9be15dfd844c,aef98915-d9bd-4ef8-82f6-281ec4d69cc6,6c886bbf-c15c-4713-9209-801939340c62,->,12acfc45-bdfb-4343-9004-9be15dfd844c,java/lang/StringBuilder.java,append
12acfc45-bdfb-4343-9004-9be15dfd844c,aef98915-d9bd-4ef8-82f6-281ec4d69cc6,6c886bbf-c15c-4713-9209-801939340c62,->,12acfc45-bdfb-4343-9004-9be15dfd844c,java/lang/StringBuilder.java,append
12acfc45-bdfb-4343-9004-9be15dfd844c,aef98915-d9bd-4ef8-82f6-281ec4d69cc6,6c886bbf-c15c-4713-9209-801939340c62,->,12acfc45-bdfb-4343-9004-9be15dfd844c,java/lang/StringBuilder.java,toString
12acfc45-bdfb-4343-9004-9be15dfd844c,aef98915-d9bd-4ef8-82f6-281ec4d69cc6,6c886bbf-c15c-4713-9209-801939340c62,->,12acfc45-bdfb-4343-9004-9be15dfd844c,aef98915-d9bd-4ef8-82f6-281ec4d69cc6,0cf0d29d-b160-429c-b796-5681868a0d4b
12acfc45-bdfb-4343-9004-9be15dfd844c,aef98915-d9bd-4ef8-82f6-281ec4d69cc6,6c886bbf-c15c-4713-9209-801939340c62,->,12acfc45-bdfb-4343-9004-9be15dfd844c,java/lang/StringBuilder.java,append
12acfc45-bdfb-4343-9004-9be15dfd844c,aef98915-d9bd-4ef8-82f6-281ec4d69cc6,6c886bbf-c15c-4713-9209-801939340c62,->,12acfc45-bdfb-4343-9004-9be15dfd844c,java/lang/StringBuilder.java,append
12acfc45-bdfb-4343-9004-9be15dfd844c,aef98915-d9bd-4ef8-82f6-281ec4d69cc6,6c886bbf-c15c-4713-9209-801939340c62,->,12acfc45-bdfb-4343-9004-9be15dfd844c,java/lang/StringBuilder.java,toString
12acfc45-bdfb-4343-9004-9be15dfd844c,aef98915-d9bd-4ef8-82f6-281ec4d69cc6,6c886bbf-c15c-4713-9209-801939340c62,->,12acfc45-bdfb-4343-9004-9be15dfd844c,aef98915-d9bd-4ef8-82f6-281ec4d69cc6,0cf0d29d-b160-429c-b796-5681868a0d4b
12acfc45-bdfb-4343-9004-9be15dfd844c,aef98915-d9bd-4ef8-82f6-281ec4d69cc6,6c886bbf-c15c-4713-9209-801939340c62,->,12acfc45-bdfb-4343-9004-9be15dfd844c,java/lang/StringBuilder.java,append
12acfc45-bdfb-4343-9004-9be15dfd844c,aef98915-d9bd-4ef8-82f6-281ec4d69cc6,6c886bbf-c15c-4713-9209-801939340c62,->,12acfc45-bdfb-4343-9004-9be15dfd844c,java/lang/StringBuilder.java,append
12acfc45-bdfb-4343-9004-9be15dfd844c,aef98915-d9bd-4ef8-82f6-281ec4d69cc6,6c886bbf-c15c-4713-9209-801939340c62,->,12acfc45-bdfb-4343-9004-9be15dfd844c,java/lang/StringBuilder.java,toString
12acfc45-bdfb-4343-9004-9be15dfd844c,aef98915-d9bd-4ef8-82f6-281ec4d69cc6,6c886bbf-c15c-4713-9209-801939340c62,->,12acfc45-bdfb-4343-9004-9be15dfd844c,aef98915-d9bd-4ef8-82f6-281ec4d69cc6,0cf0d29d-b160-429c-b796-5681868a0d4b
12acfc45-bdfb-4343-9004-9be15dfd844c,aef98915-d9bd-4ef8-82f6-281ec4d69cc6,6c886bbf-c15c-4713-9209-801939340c62,->,12acfc45-bdfb-4343-9004-9be15dfd844c,java/lang/StringBuilder.java,append
12acfc45-bdfb-4343-9004-9be15dfd844c,aef98915-d9bd-4ef8-82f6-281ec4d69cc6,6c886bbf-c15c-4713-9209-801939340c62,->,12acfc45-bdfb-4343-9004-9be15dfd844c,java/lang/StringBuilder.java,append
12acfc45-bdfb-4343-9004-9be15dfd844c,aef98915-d9bd-4ef8-82f6-281ec4d69cc6,6c886bbf-c15c-4713-9209-801939340c62,->,12acfc45-bdfb-4343-9004-9be15dfd844c,java/lang/StringBuilder.java,toString
12acfc45-bdfb-4343-9004-9be15dfd844c,aef98915-d9bd-4ef8-82f6-281ec4d69cc6,6c886bbf-c15c-4713-9209-801939340c62,->,12acfc45-bdfb-4343-9004-9be15dfd844c,aef98915-d9bd-4ef8-82f6-281ec4d69cc6,0cf0d29d-b160-429c-b796-5681868a0d4b
12acfc45-bdfb-4343-9004-9be15dfd844c,aef98915-d9bd-4ef8-82f6-281ec4d69cc6,6c886bbf-c15c-4713-9209-801939340c62,->,12acfc45-bdfb-4343-9004-9be15dfd844c,java/lang/StringBuilder.java,append
12acfc45-bdfb-4343-9004-9be15dfd844c,aef98915-d9bd-4ef8-82f6-281ec4d69cc6,6c886bbf-c15c-4713-9209-801939340c62,->,12acfc45-bdfb-4343-9004-9be15dfd844c,java/lang/StringBuilder.java,append
12acfc45-bdfb-4343-9004-9be15dfd844c,aef98915-d9bd-4ef8-82f6-281ec4d69cc6,6c886bbf-c15c-4713-9209-801939340c62,->,12acfc45-bdfb-4343-9004-9be15dfd844c,java/lang/StringBuilder.java,toString
12acfc45-bdfb-4343-9004-9be15dfd844c,aef98915-d9bd-4ef8-82f6-281ec4d69cc6,6c886bbf-c15c-4713-9209-801939340c62,->,12acfc45-bdfb-4343-9004-9be15dfd844c,aef98915-d9bd-4ef8-82f6-281ec4d69cc6,0cf0d29d-b160-429c-b796-5681868a0d4b
12acfc45-bdfb-4343-9004-9be15dfd844c,aef98915-d9bd-4ef8-82f6-281ec4d69cc6,6c886bbf-c15c-4713-9209-801939340c62,->,12acfc45-bdfb-4343-9004-9be15dfd844c,java/lang/StringBuilder.java,append
12acfc45-bdfb-4343-9004-9be15dfd844c,aef98915-d9bd-4ef8-82f6-281ec4d69cc6,6c886bbf-c15c-4713-9209-801939340c62,->,12acfc45-bdfb-4343-9004-9be15dfd844c,java/lang/StringBuilder.java,append
12acfc45-bdfb-4343-9004-9be15dfd844c,aef98915-d9bd-4ef8-82f6-281ec4d69cc6,6c886bbf-c15c-4713-9209-801939340c62,->,12acfc45-bdfb-4343-9004-9be15dfd844c,java/lang/StringBuilder.java,toString
12acfc45-bdfb-4343-9004-9be15dfd844c,aef98915-d9bd-4ef8-82f6-281ec4d69cc6,6c886bbf-c15c-4713-9209-801939340c62,->,12acfc45-bdfb-4343-9004-9be15dfd844c,aef98915-d9bd-4ef8-82f6-281ec4d69cc6,0cf0d29d-b160-429c-b796-5681868a0d4b
12acfc45-bdfb-4343-9004-9be15dfd844c,aef98915-d9bd-4ef8-82f6-281ec4d69cc6,6c886bbf-c15c-4713-9209-801939340c62,->,12acfc45-bdfb-4343-9004-9be15dfd844c,java/lang/StringBuilder.java,append
12acfc45-bdfb-4343-9004-9be15dfd844c,aef98915-d9bd-4ef8-82f6-281ec4d69cc6,6c886bbf-c15c-4713-9209-801939340c62,->,12acfc45-bdfb-4343-9004-9be15dfd844c,java/lang/StringBuilder.java,append
12acfc45-bdfb-4343-9004-9be15dfd844c,aef98915-d9bd-4ef8-82f6-281ec4d69cc6,6c886bbf-c15c-4713-9209-801939340c62,->,12acfc45-bdfb-4343-9004-9be15dfd844c,java/lang/StringBuilder.java,toString
12acfc45-bdfb-4343-9004-9be15dfd844c,aef98915-d9bd-4ef8-82f6-281ec4d69cc6,6c886bbf-c15c-4713-9209-801939340c62,->,12acfc45-bdfb-4343-9004-9be15dfd844c,aef98915-d9bd-4ef8-82f6-281ec4d69cc6,0cf0d29d-b160-429c-b796-5681868a0d4b
12acfc45-bdfb-4343-9004-9be15dfd844c,aef98915-d9bd-4ef8-82f6-281ec4d69cc6,6c886bbf-c15c-4713-9209-801939340c62,->,12acfc45-bdfb-4343-9004-9be15dfd844c,java/lang/StringBuilder.java,append
12acfc45-bdfb-4343-9004-9be15dfd844c,aef98915-d9bd-4ef8-82f6-281ec4d69cc6,6c886bbf-c15c-4713-9209-801939340c62,->,12acfc45-bdfb-4343-9004-9be15dfd844c,java/lang/StringBuilder.java,append
12acfc45-bdfb-4343-9004-9be15dfd844c,aef98915-d9bd-4ef8-82f6-281ec4d69cc6,6c886bbf-c15c-4713-9209-801939340c62,->,12acfc45-bdfb-4343-9004-9be15dfd844c,java/lang/StringBuilder.java,toString
12acfc45-bdfb-4343-9004-9be15dfd844c,aef98915-d9bd-4ef8-82f6-281ec4d69cc6,6c886bbf-c15c-4713-9209-801939340c62,->,12acfc45-bdfb-4343-9004-9be15dfd844c,aef98915-d9bd-4ef8-82f6-281ec4d69cc6,0cf0d29d-b160-429c-b796-5681868a0d4b
12acfc45-bdfb-4343-9004-9be15dfd844c,aef98915-d9bd-4ef8-82f6-281ec4d69cc6,6c886bbf-c15c-4713-9209-801939340c62,->,12acfc45-bdfb-4343-9004-9be15dfd844c,java/lang/StringBuilder.java,append
12acfc45-bdfb-4343-9004-9be15dfd844c,aef98915-d9bd-4ef8-82f6-281ec4d69cc6,6c886bbf-c15c-4713-9209-801939340c62,->,12acfc45-bdfb-4343-9004-9be15dfd844c,java/lang/StringBuilder.java,append
12acfc45-bdfb-4343-9004-9be15dfd844c,aef98915-d9bd-4ef8-82f6-281ec4d69cc6,6c886bbf-c15c-4713-9209-801939340c62,->,12acfc45-bdfb-4343-9004-9be15dfd844c,java/lang/StringBuilder.java,toString
12acfc45-bdfb-4343-9004-9be15dfd844c,aef98915-d9bd-4ef8-82f6-281ec4d69cc6,6c886bbf-c15c-4713-9209-801939340c62,->,12acfc45-bdfb-4343-9004-9be15dfd844c,aef98915-d9bd-4ef8-82f6-281ec4d69cc6,0cf0d29d-b160-429c-b796-5681868a0d4b
12acfc45-bdfb-4343-9004-9be15dfd844c,aef98915-d9bd-4ef8-82f6-281ec4d69cc6,6c886bbf-c15c-4713-9209-801939340c62,->,12acfc45-bdfb-4343-9004-9be15dfd844c,java/lang/StringBuilder.java,append
12acfc45-bdfb-4343-9004-9be15dfd844c,aef98915-d9bd-4ef8-82f6-281ec4d69cc6,6c886bbf-c15c-4713-9209-801939340c62,->,12acfc45-bdfb-4343-9004-9be15dfd844c,java/lang/StringBuilder.java,append
12acfc45-bdfb-4343-9004-9be15dfd844c,aef98915-d9bd-4ef8-82f6-281ec4d69cc6,6c886bbf-c15c-4713-9209-801939340c62,->,12acfc45-bdfb-4343-9004-9be15dfd844c,java/lang/StringBuilder.java,toString
12acfc45-bdfb-4343-9004-9be15dfd844c,aef98915-d9bd-4ef8-82f6-281ec4d69cc6,6c886bbf-c15c-4713-9209-801939340c62,->,12acfc45-bdfb-4343-9004-9be15dfd844c,aef98915-d9bd-4ef8-82f6-281ec4d69cc6,0cf0d29d-b160-429c-b796-5681868a0d4b
12acfc45-bdfb-4343-9004-9be15dfd844c,aef98915-d9bd-4ef8-82f6-281ec4d69cc6,6c886bbf-c15c-4713-9209-801939340c62,->,12acfc45-bdfb-4343-9004-9be15dfd844c,java/lang/StringBuilder.java,append
12acfc45-bdfb-4343-9004-9be15dfd844c,aef98915-d9bd-4ef8-82f6-281ec4d69cc6,6c886bbf-c15c-4713-9209-801939340c62,->,12acfc45-bdfb-4343-9004-9be15dfd844c,java/lang/StringBuilder.java,append
12acfc45-bdfb-4343-9004-9be15dfd844c,aef98915-d9bd-4ef8-82f6-281ec4d69cc6,6c886bbf-c15c-4713-9209-801939340c62,->,12acfc45-bdfb-4343-9004-9be15dfd844c,java/lang/StringBuilder.java,toString
12acfc45-bdfb-4343-9004-9be15dfd844c,aef98915-d9bd-4ef8-82f6-281ec4d69cc6,6c886bbf-c15c-4713-9209-801939340c62,->,12acfc45-bdfb-4343-9004-9be15dfd844c,aef98915-d9bd-4ef8-82f6-281ec4d69cc6,0cf0d29d-b160-429c-b796-5681868a0d4b
12acfc45-bdfb-4343-9004-9be15dfd844c,aef98915-d9bd-4ef8-82f6-281ec4d69cc6,6c886bbf-c15c-4713-9209-801939340c62,->,12acfc45-bdfb-4343-9004-9be15dfd844c,java/lang/StringBuilder.java,append
12acfc45-bdfb-4343-9004-9be15dfd844c,aef98915-d9bd-4ef8-82f6-281ec4d69cc6,6c886bbf-c15c-4713-9209-801939340c62,->,12acfc45-bdfb-4343-9004-9be15dfd844c,java/lang/StringBuilder.java,append
12acfc45-bdfb-4343-9004-9be15dfd844c,aef98915-d9bd-4ef8-82f6-281ec4d69cc6,6c886bbf-c15c-4713-9209-801939340c62,->,12acfc45-bdfb-4343-9004-9be15dfd844c,java/lang/StringBuilder.java,toString
12acfc45-bdfb-4343-9004-9be15dfd844c,aef98915-d9bd-4ef8-82f6-281ec4d69cc6,6c886bbf-c15c-4713-9209-801939340c62,->,12acfc45-bdfb-4343-9004-9be15dfd844c,aef98915-d9bd-4ef8-82f6-281ec4d69cc6,0cf0d29d-b160-429c-b796-5681868a0d4b
12acfc45-bdfb-4343-9004-9be15dfd844c,aef98915-d9bd-4ef8-82f6-281ec4d69cc6,6c886bbf-c15c-4713-9209-801939340c62,->,12acfc45-bdfb-4343-9004-9be15dfd844c,java/lang/StringBuilder.java,append
12acfc45-bdfb-4343-9004-9be15dfd844c,aef98915-d9bd-4ef8-82f6-281ec4d69cc6,6c886bbf-c15c-4713-9209-801939340c62,->,12acfc45-bdfb-4343-9004-9be15dfd844c,java/lang/StringBuilder.java,append
12acfc45-bdfb-4343-9004-9be15dfd844c,aef98915-d9bd-4ef8-82f6-281ec4d69cc6,6c886bbf-c15c-4713-9209-801939340c62,->,12acfc45-bdfb-4343-9004-9be15dfd844c,java/lang/StringBuilder.java,toString
12acfc45-bdfb-4343-9004-9be15dfd844c,aef98915-d9bd-4ef8-82f6-281ec4d69cc6,6c886bbf-c15c-4713-9209-801939340c62,->,12acfc45-bdfb-4343-9004-9be15dfd844c,aef98915-d9bd-4ef8-82f6-281ec4d69cc6,0cf0d29d-b160-429c-b796-5681868a0d4b
12acfc45-bdfb-4343-9004-9be15dfd844c,aef98915-d9bd-4ef8-82f6-281ec4d69cc6,6c886bbf-c15c-4713-9209-801939340c62,->,12acfc45-bdfb-4343-9004-9be15dfd844c,java/lang/StringBuilder.java,append
12acfc45-bdfb-4343-9004-9be15dfd844c,aef98915-d9bd-4ef8-82f6-281ec4d69cc6,6c886bbf-c15c-4713-9209-801939340c62,->,12acfc45-bdfb-4343-9004-9be15dfd844c,java/lang/StringBuilder.java,append
12acfc45-bdfb-4343-9004-9be15dfd844c,aef98915-d9bd-4ef8-82f6-281ec4d69cc6,6c886bbf-c15c-4713-9209-801939340c62,->,12acfc45-bdfb-4343-9004-9be15dfd844c,java/lang/StringBuilder.java,toString
12acfc45-bdfb-4343-9004-9be15dfd844c,aef98915-d9bd-4ef8-82f6-281ec4d69cc6,6c886bbf-c15c-4713-9209-801939340c62,->,12acfc45-bdfb-4343-9004-9be15dfd844c,aef98915-d9bd-4ef8-82f6-281ec4d69cc6,0cf0d29d-b160-429c-b796-5681868a0d4b
12acfc45-bdfb-4343-9004-9be15dfd844c,aef98915-d9bd-4ef8-82f6-281ec4d69cc6,6c886bbf-c15c-4713-9209-801939340c62,->,12acfc45-bdfb-4343-9004-9be15dfd844c,java/lang/StringBuilder.java,append
12acfc45-bdfb-4343-9004-9be15dfd844c,aef98915-d9bd-4ef8-82f6-281ec4d69cc6,6c886bbf-c15c-4713-9209-801939340c62,->,12acfc45-bdfb-4343-9004-9be15dfd844c,java/lang/StringBuilder.java,append
12acfc45-bdfb-4343-9004-9be15dfd844c,aef98915-d9bd-4ef8-82f6-281ec4d69cc6,6c886bbf-c15c-4713-9209-801939340c62,->,12acfc45-bdfb-4343-9004-9be15dfd844c,java/lang/StringBuilder.java,toString
12acfc45-bdfb-4343-9004-9be15dfd844c,aef98915-d9bd-4ef8-82f6-281ec4d69cc6,6c886bbf-c15c-4713-9209-801939340c62,->,12acfc45-bdfb-4343-9004-9be15dfd844c,aef98915-d9bd-4ef8-82f6-281ec4d69cc6,0cf0d29d-b160-429c-b796-5681868a0d4b
12acfc45-bdfb-4343-9004-9be15dfd844c,aef98915-d9bd-4ef8-82f6-281ec4d69cc6,6c886bbf-c15c-4713-9209-801939340c62,->,12acfc45-bdfb-4343-9004-9be15dfd844c,java/lang/StringBuilder.java,append
12acfc45-bdfb-4343-9004-9be15dfd844c,aef98915-d9bd-4ef8-82f6-281ec4d69cc6,6c886bbf-c15c-4713-9209-801939340c62,->,12acfc45-bdfb-4343-9004-9be15dfd844c,java/lang/StringBuilder.java,append
12acfc45-bdfb-4343-9004-9be15dfd844c,aef98915-d9bd-4ef8-82f6-281ec4d69cc6,6c886bbf-c15c-4713-9209-801939340c62,->,12acfc45-bdfb-4343-9004-9be15dfd844c,java/lang/StringBuilder.java,toString
12acfc45-bdfb-4343-9004-9be15dfd844c,aef98915-d9bd-4ef8-82f6-281ec4d69cc6,6c886bbf-c15c-4713-9209-801939340c62,->,12acfc45-bdfb-4343-9004-9be15dfd844c,aef98915-d9bd-4ef8-82f6-281ec4d69cc6,0cf0d29d-b160-429c-b796-5681868a0d4b
12acfc45-bdfb-4343-9004-9be15dfd844c,aef98915-d9bd-4ef8-82f6-281ec4d69cc6,6c886bbf-c15c-4713-9209-801939340c62,->,12acfc45-bdfb-4343-9004-9be15dfd844c,java/lang/StringBuilder.java,append
12acfc45-bdfb-4343-9004-9be15dfd844c,aef98915-d9bd-4ef8-82f6-281ec4d69cc6,6c886bbf-c15c-4713-9209-801939340c62,->,12acfc45-bdfb-4343-9004-9be15dfd844c,java/lang/StringBuilder.java,append
12acfc45-bdfb-4343-9004-9be15dfd844c,aef98915-d9bd-4ef8-82f6-281ec4d69cc6,6c886bbf-c15c-4713-9209-801939340c62,->,12acfc45-bdfb-4343-9004-9be15dfd844c,java/lang/StringBuilder.java,toString
12acfc45-bdfb-4343-9004-9be15dfd844c,aef98915-d9bd-4ef8-82f6-281ec4d69cc6,6c886bbf-c15c-4713-9209-801939340c62,->,12acfc45-bdfb-4343-9004-9be15dfd844c,aef98915-d9bd-4ef8-82f6-281ec4d69cc6,0cf0d29d-b160-429c-b796-5681868a0d4b
12acfc45-bdfb-4343-9004-9be15dfd844c,aef98915-d9bd-4ef8-82f6-281ec4d69cc6,6c886bbf-c15c-4713-9209-801939340c62,->,12acfc45-bdfb-4343-9004-9be15dfd844c,java/lang/StringBuilder.java,append
12acfc45-bdfb-4343-9004-9be15dfd844c,aef98915-d9bd-4ef8-82f6-281ec4d69cc6,6c886bbf-c15c-4713-9209-801939340c62,->,12acfc45-bdfb-4343-9004-9be15dfd844c,java/lang/StringBuilder.java,append
12acfc45-bdfb-4343-9004-9be15dfd844c,aef98915-d9bd-4ef8-82f6-281ec4d69cc6,6c886bbf-c15c-4713-9209-801939340c62,->,12acfc45-bdfb-4343-9004-9be15dfd844c,java/lang/StringBuilder.java,toString
12acfc45-bdfb-4343-9004-9be15dfd844c,aef98915-d9bd-4ef8-82f6-281ec4d69cc6,6c886bbf-c15c-4713-9209-801939340c62,->,12acfc45-bdfb-4343-9004-9be15dfd844c,aef98915-d9bd-4ef8-82f6-281ec4d69cc6,0cf0d29d-b160-429c-b796-5681868a0d4b
12acfc45-bdfb-4343-9004-9be15dfd844c,aef98915-d9bd-4ef8-82f6-281ec4d69cc6,6c886bbf-c15c-4713-9209-801939340c62,->,12acfc45-bdfb-4343-9004-9be15dfd844c,aef98915-d9bd-4ef8-82f6-281ec4d69cc6,0cf0d29d-b160-429c-b796-5681868a0d4b
12acfc45-bdfb-4343-9004-9be15dfd844c,aef98915-d9bd-4ef8-82f6-281ec4d69cc6,6c886bbf-c15c-4713-9209-801939340c62,->,12acfc45-bdfb-4343-9004-9be15dfd844c,java/lang/StringBuilder.java,append
12acfc45-bdfb-4343-9004-9be15dfd844c,aef98915-d9bd-4ef8-82f6-281ec4d69cc6,6c886bbf-c15c-4713-9209-801939340c62,->,12acfc45-bdfb-4343-9004-9be15dfd844c,java/lang/StringBuilder.java,append
12acfc45-bdfb-4343-9004-9be15dfd844c,aef98915-d9bd-4ef8-82f6-281ec4d69cc6,6c886bbf-c15c-4713-9209-801939340c62,->,12acfc45-bdfb-4343-9004-9be15dfd844c,java/lang/StringBuilder.java,toString
12acfc45-bdfb-4343-9004-9be15dfd844c,aef98915-d9bd-4ef8-82f6-281ec4d69cc6,6c886bbf-c15c-4713-9209-801939340c62,->,12acfc45-bdfb-4343-9004-9be15dfd844c,aef98915-d9bd-4ef8-82f6-281ec4d69cc6,0cf0d29d-b160-429c-b796-5681868a0d4b
12acfc45-bdfb-4343-9004-9be15dfd844c,aef98915-d9bd-4ef8-82f6-281ec4d69cc6,6c886bbf-c15c-4713-9209-801939340c62,->,12acfc45-bdfb-4343-9004-9be15dfd844c,java/lang/StringBuilder.java,append
12acfc45-bdfb-4343-9004-9be15dfd844c,aef98915-d9bd-4ef8-82f6-281ec4d69cc6,6c886bbf-c15c-4713-9209-801939340c62,->,12acfc45-bdfb-4343-9004-9be15dfd844c,java/lang/StringBuilder.java,append
12acfc45-bdfb-4343-9004-9be15dfd844c,aef98915-d9bd-4ef8-82f6-281ec4d69cc6,6c886bbf-c15c-4713-9209-801939340c62,->,12acfc45-bdfb-4343-9004-9be15dfd844c,java/lang/StringBuilder.java,toString
12acfc45-bdfb-4343-9004-9be15dfd844c,aef98915-d9bd-4ef8-82f6-281ec4d69cc6,6c886bbf-c15c-4713-9209-801939340c62,->,12acfc45-bdfb-4343-9004-9be15dfd844c,aef98915-d9bd-4ef8-82f6-281ec4d69cc6,0cf0d29d-b160-429c-b796-5681868a0d4b
12acfc45-bdfb-4343-9004-9be15dfd844c,aef98915-d9bd-4ef8-82f6-281ec4d69cc6,6c886bbf-c15c-4713-9209-801939340c62,->,12acfc45-bdfb-4343-9004-9be15dfd844c,java/lang/StringBuilder.java,append
12acfc45-bdfb-4343-9004-9be15dfd844c,aef98915-d9bd-4ef8-82f6-281ec4d69cc6,6c886bbf-c15c-4713-9209-801939340c62,->,12acfc45-bdfb-4343-9004-9be15dfd844c,java/lang/StringBuilder.java,append
12acfc45-bdfb-4343-9004-9be15dfd844c,aef98915-d9bd-4ef8-82f6-281ec4d69cc6,6c886bbf-c15c-4713-9209-801939340c62,->,12acfc45-bdfb-4343-9004-9be15dfd844c,java/lang/StringBuilder.java,toString
12acfc45-bdfb-4343-9004-9be15dfd844c,aef98915-d9bd-4ef8-82f6-281ec4d69cc6,6c886bbf-c15c-4713-9209-801939340c62,->,12acfc45-bdfb-4343-9004-9be15dfd844c,aef98915-d9bd-4ef8-82f6-281ec4d69cc6,0cf0d29d-b160-429c-b796-5681868a0d4b
12acfc45-bdfb-4343-9004-9be15dfd844c,aef98915-d9bd-4ef8-82f6-281ec4d69cc6,6c886bbf-c15c-4713-9209-801939340c62,->,12acfc45-bdfb-4343-9004-9be15dfd844c,java/lang/StringBuilder.java,append
12acfc45-bdfb-4343-9004-9be15dfd844c,aef98915-d9bd-4ef8-82f6-281ec4d69cc6,6c886bbf-c15c-4713-9209-801939340c62,->,12acfc45-bdfb-4343-9004-9be15dfd844c,java/lang/StringBuilder.java,append
12acfc45-bdfb-4343-9004-9be15dfd844c,aef98915-d9bd-4ef8-82f6-281ec4d69cc6,6c886bbf-c15c-4713-9209-801939340c62,->,12acfc45-bdfb-4343-9004-9be15dfd844c,java/lang/StringBuilder.java,toString
12acfc45-bdfb-4343-9004-9be15dfd844c,aef98915-d9bd-4ef8-82f6-281ec4d69cc6,6c886bbf-c15c-4713-9209-801939340c62,->,12acfc45-bdfb-4343-9004-9be15dfd844c,aef98915-d9bd-4ef8-82f6-281ec4d69cc6,0cf0d29d-b160-429c-b796-5681868a0d4b
12acfc45-bdfb-4343-9004-9be15dfd844c,aef98915-d9bd-4ef8-82f6-281ec4d69cc6,6c886bbf-c15c-4713-9209-801939340c62,->,12acfc45-bdfb-4343-9004-9be15dfd844c,java/lang/StringBuilder.java,append
12acfc45-bdfb-4343-9004-9be15dfd844c,aef98915-d9bd-4ef8-82f6-281ec4d69cc6,6c886bbf-c15c-4713-9209-801939340c62,->,12acfc45-bdfb-4343-9004-9be15dfd844c,java/lang/StringBuilder.java,append
12acfc45-bdfb-4343-9004-9be15dfd844c,aef98915-d9bd-4ef8-82f6-281ec4d69cc6,6c886bbf-c15c-4713-9209-801939340c62,->,12acfc45-bdfb-4343-9004-9be15dfd844c,java/lang/StringBuilder.java,toString
12acfc45-bdfb-4343-9004-9be15dfd844c,aef98915-d9bd-4ef8-82f6-281ec4d69cc6,6c886bbf-c15c-4713-9209-801939340c62,->,12acfc45-bdfb-4343-9004-9be15dfd844c,aef98915-d9bd-4ef8-82f6-281ec4d69cc6,0cf0d29d-b160-429c-b796-5681868a0d4b
12acfc45-bdfb-4343-9004-9be15dfd844c,aef98915-d9bd-4ef8-82f6-281ec4d69cc6,6c886bbf-c15c-4713-9209-801939340c62,->,12acfc45-bdfb-4343-9004-9be15dfd844c,java/lang/StringBuilder.java,append
12acfc45-bdfb-4343-9004-9be15dfd844c,aef98915-d9bd-4ef8-82f6-281ec4d69cc6,6c886bbf-c15c-4713-9209-801939340c62,->,12acfc45-bdfb-4343-9004-9be15dfd844c,java/lang/StringBuilder.java,append
12acfc45-bdfb-4343-9004-9be15dfd844c,aef98915-d9bd-4ef8-82f6-281ec4d69cc6,6c886bbf-c15c-4713-9209-801939340c62,->,12acfc45-bdfb-4343-9004-9be15dfd844c,java/lang/StringBuilder.java,toString
12acfc45-bdfb-4343-9004-9be15dfd844c,aef98915-d9bd-4ef8-82f6-281ec4d69cc6,6c886bbf-c15c-4713-9209-801939340c62,->,12acfc45-bdfb-4343-9004-9be15dfd844c,aef98915-d9bd-4ef8-82f6-281ec4d69cc6,0cf0d29d-b160-429c-b796-5681868a0d4b
12acfc45-bdfb-4343-9004-9be15dfd844c,aef98915-d9bd-4ef8-82f6-281ec4d69cc6,6c886bbf-c15c-4713-9209-801939340c62,->,12acfc45-bdfb-4343-9004-9be15dfd844c,aef98915-d9bd-4ef8-82f6-281ec4d69cc6,0fb8c0b3-d526-4e5a-b200-7aabf6303623
12acfc45-bdfb-4343-9004-9be15dfd844c,aef98915-d9bd-4ef8-82f6-281ec4d69cc6,6c886bbf-c15c-4713-9209-801939340c62,->,12acfc45-bdfb-4343-9004-9be15dfd844c,aef98915-d9bd-4ef8-82f6-281ec4d69cc6,3992bd2f-77ae-44fd-9dcd-0b271853822c
12acfc45-bdfb-4343-9004-9be15dfd844c,aef98915-d9bd-4ef8-82f6-281ec4d69cc6,6c886bbf-c15c-4713-9209-801939340c62,->,12acfc45-bdfb-4343-9004-9be15dfd844c,java/lang/StringBuilder.java,append
12acfc45-bdfb-4343-9004-9be15dfd844c,aef98915-d9bd-4ef8-82f6-281ec4d69cc6,6c886bbf-c15c-4713-9209-801939340c62,->,12acfc45-bdfb-4343-9004-9be15dfd844c,java/lang/StringBuilder.java,append
12acfc45-bdfb-4343-9004-9be15dfd844c,aef98915-d9bd-4ef8-82f6-281ec4d69cc6,6c886bbf-c15c-4713-9209-801939340c62,->,12acfc45-bdfb-4343-9004-9be15dfd844c,java/lang/StringBuilder.java,toString
12acfc45-bdfb-4343-9004-9be15dfd844c,aef98915-d9bd-4ef8-82f6-281ec4d69cc6,6c886bbf-c15c-4713-9209-801939340c62,->,12acfc45-bdfb-4343-9004-9be15dfd844c,aef98915-d9bd-4ef8-82f6-281ec4d69cc6,0cf0d29d-b160-429c-b796-5681868a0d4b
12acfc45-bdfb-4343-9004-9be15dfd844c,aef98915-d9bd-4ef8-82f6-281ec4d69cc6,6c886bbf-c15c-4713-9209-801939340c62,->,12acfc45-bdfb-4343-9004-9be15dfd844c,java/lang/StringBuilder.java,append
12acfc45-bdfb-4343-9004-9be15dfd844c,aef98915-d9bd-4ef8-82f6-281ec4d69cc6,6c886bbf-c15c-4713-9209-801939340c62,->,12acfc45-bdfb-4343-9004-9be15dfd844c,java/lang/StringBuilder.java,append
12acfc45-bdfb-4343-9004-9be15dfd844c,aef98915-d9bd-4ef8-82f6-281ec4d69cc6,6c886bbf-c15c-4713-9209-801939340c62,->,12acfc45-bdfb-4343-9004-9be15dfd844c,java/lang/StringBuilder.java,toString
12acfc45-bdfb-4343-9004-9be15dfd844c,aef98915-d9bd-4ef8-82f6-281ec4d69cc6,6c886bbf-c15c-4713-9209-801939340c62,->,12acfc45-bdfb-4343-9004-9be15dfd844c,aef98915-d9bd-4ef8-82f6-281ec4d69cc6,0cf0d29d-b160-429c-b796-5681868a0d4b
12acfc45-bdfb-4343-9004-9be15dfd844c,aef98915-d9bd-4ef8-82f6-281ec4d69cc6,6c886bbf-c15c-4713-9209-801939340c62,->,12acfc45-bdfb-4343-9004-9be15dfd844c,java/lang/StringBuilder.java,append
12acfc45-bdfb-4343-9004-9be15dfd844c,aef98915-d9bd-4ef8-82f6-281ec4d69cc6,6c886bbf-c15c-4713-9209-801939340c62,->,12acfc45-bdfb-4343-9004-9be15dfd844c,java/lang/StringBuilder.java,append
12acfc45-bdfb-4343-9004-9be15dfd844c,aef98915-d9bd-4ef8-82f6-281ec4d69cc6,6c886bbf-c15c-4713-9209-801939340c62,->,12acfc45-bdfb-4343-9004-9be15dfd844c,java/lang/StringBuilder.java,toString
12acfc45-bdfb-4343-9004-9be15dfd844c,aef98915-d9bd-4ef8-82f6-281ec4d69cc6,6c886bbf-c15c-4713-9209-801939340c62,->,12acfc45-bdfb-4343-9004-9be15dfd844c,aef98915-d9bd-4ef8-82f6-281ec4d69cc6,0cf0d29d-b160-429c-b796-5681868a0d4b
12acfc45-bdfb-4343-9004-9be15dfd844c,aef98915-d9bd-4ef8-82f6-281ec4d69cc6,6c886bbf-c15c-4713-9209-801939340c62,->,12acfc45-bdfb-4343-9004-9be15dfd844c,java/lang/StringBuilder.java,append
12acfc45-bdfb-4343-9004-9be15dfd844c,aef98915-d9bd-4ef8-82f6-281ec4d69cc6,6c886bbf-c15c-4713-9209-801939340c62,->,12acfc45-bdfb-4343-9004-9be15dfd844c,java/lang/StringBuilder.java,append
12acfc45-bdfb-4343-9004-9be15dfd844c,aef98915-d9bd-4ef8-82f6-281ec4d69cc6,6c886bbf-c15c-4713-9209-801939340c62,->,12acfc45-bdfb-4343-9004-9be15dfd844c,java/lang/StringBuilder.java,toString
12acfc45-bdfb-4343-9004-9be15dfd844c,aef98915-d9bd-4ef8-82f6-281ec4d69cc6,6c886bbf-c15c-4713-9209-801939340c62,->,12acfc45-bdfb-4343-9004-9be15dfd844c,aef98915-d9bd-4ef8-82f6-281ec4d69cc6,0cf0d29d-b160-429c-b796-5681868a0d4b
12acfc45-bdfb-4343-9004-9be15dfd844c,aef98915-d9bd-4ef8-82f6-281ec4d69cc6,6c886bbf-c15c-4713-9209-801939340c62,->,12acfc45-bdfb-4343-9004-9be15dfd844c,java/lang/StringBuilder.java,append
12acfc45-bdfb-4343-9004-9be15dfd844c,aef98915-d9bd-4ef8-82f6-281ec4d69cc6,6c886bbf-c15c-4713-9209-801939340c62,->,12acfc45-bdfb-4343-9004-9be15dfd844c,java/lang/StringBuilder.java,append
12acfc45-bdfb-4343-9004-9be15dfd844c,aef98915-d9bd-4ef8-82f6-281ec4d69cc6,6c886bbf-c15c-4713-9209-801939340c62,->,12acfc45-bdfb-4343-9004-9be15dfd844c,java/lang/StringBuilder.java,toString
12acfc45-bdfb-4343-9004-9be15dfd844c,aef98915-d9bd-4ef8-82f6-281ec4d69cc6,6c886bbf-c15c-4713-9209-801939340c62,->,12acfc45-bdfb-4343-9004-9be15dfd844c,aef98915-d9bd-4ef8-82f6-281ec4d69cc6,0cf0d29d-b160-429c-b796-5681868a0d4b
12acfc45-bdfb-4343-9004-9be15dfd844c,aef98915-d9bd-4ef8-82f6-281ec4d69cc6,6c886bbf-c15c-4713-9209-801939340c62,->,12acfc45-bdfb-4343-9004-9be15dfd844c,java/lang/StringBuilder.java,append
12acfc45-bdfb-4343-9004-9be15dfd844c,aef98915-d9bd-4ef8-82f6-281ec4d69cc6,6c886bbf-c15c-4713-9209-801939340c62,->,12acfc45-bdfb-4343-9004-9be15dfd844c,java/lang/StringBuilder.java,append
12acfc45-bdfb-4343-9004-9be15dfd844c,aef98915-d9bd-4ef8-82f6-281ec4d69cc6,6c886bbf-c15c-4713-9209-801939340c62,->,12acfc45-bdfb-4343-9004-9be15dfd844c,java/lang/StringBuilder.java,toString
12acfc45-bdfb-4343-9004-9be15dfd844c,aef98915-d9bd-4ef8-82f6-281ec4d69cc6,6c886bbf-c15c-4713-9209-801939340c62,->,12acfc45-bdfb-4343-9004-9be15dfd844c,aef98915-d9bd-4ef8-82f6-281ec4d69cc6,0cf0d29d-b160-429c-b796-5681868a0d4b
12acfc45-bdfb-4343-9004-9be15dfd844c,aef98915-d9bd-4ef8-82f6-281ec4d69cc6,6c886bbf-c15c-4713-9209-801939340c62,->,12acfc45-bdfb-4343-9004-9be15dfd844c,java/lang/StringBuilder.java,append
12acfc45-bdfb-4343-9004-9be15dfd844c,aef98915-d9bd-4ef8-82f6-281ec4d69cc6,6c886bbf-c15c-4713-9209-801939340c62,->,12acfc45-bdfb-4343-9004-9be15dfd844c,java/lang/StringBuilder.java,append
12acfc45-bdfb-4343-9004-9be15dfd844c,aef98915-d9bd-4ef8-82f6-281ec4d69cc6,6c886bbf-c15c-4713-9209-801939340c62,->,12acfc45-bdfb-4343-9004-9be15dfd844c,java/lang/StringBuilder.java,toString
12acfc45-bdfb-4343-9004-9be15dfd844c,aef98915-d9bd-4ef8-82f6-281ec4d69cc6,6c886bbf-c15c-4713-9209-801939340c62,->,12acfc45-bdfb-4343-9004-9be15dfd844c,aef98915-d9bd-4ef8-82f6-281ec4d69cc6,0cf0d29d-b160-429c-b796-5681868a0d4b
12acfc45-bdfb-4343-9004-9be15dfd844c,aef98915-d9bd-4ef8-82f6-281ec4d69cc6,6c886bbf-c15c-4713-9209-801939340c62,->,12acfc45-bdfb-4343-9004-9be15dfd844c,java/lang/StringBuilder.java,append
12acfc45-bdfb-4343-9004-9be15dfd844c,aef98915-d9bd-4ef8-82f6-281ec4d69cc6,6c886bbf-c15c-4713-9209-801939340c62,->,12acfc45-bdfb-4343-9004-9be15dfd844c,java/lang/StringBuilder.java,append
12acfc45-bdfb-4343-9004-9be15dfd844c,aef98915-d9bd-4ef8-82f6-281ec4d69cc6,6c886bbf-c15c-4713-9209-801939340c62,->,12acfc45-bdfb-4343-9004-9be15dfd844c,java/lang/StringBuilder.java,toString
12acfc45-bdfb-4343-9004-9be15dfd844c,aef98915-d9bd-4ef8-82f6-281ec4d69cc6,6c886bbf-c15c-4713-9209-801939340c62,->,12acfc45-bdfb-4343-9004-9be15dfd844c,aef98915-d9bd-4ef8-82f6-281ec4d69cc6,0cf0d29d-b160-429c-b796-5681868a0d4b
12acfc45-bdfb-4343-9004-9be15dfd844c,aef98915-d9bd-4ef8-82f6-281ec4d69cc6,6c886bbf-c15c-4713-9209-801939340c62,->,12acfc45-bdfb-4343-9004-9be15dfd844c,java/lang/StringBuilder.java,append
12acfc45-bdfb-4343-9004-9be15dfd844c,aef98915-d9bd-4ef8-82f6-281ec4d69cc6,6c886bbf-c15c-4713-9209-801939340c62,->,12acfc45-bdfb-4343-9004-9be15dfd844c,java/lang/StringBuilder.java,append
12acfc45-bdfb-4343-9004-9be15dfd844c,aef98915-d9bd-4ef8-82f6-281ec4d69cc6,6c886bbf-c15c-4713-9209-801939340c62,->,12acfc45-bdfb-4343-9004-9be15dfd844c,java/lang/StringBuilder.java,toString
12acfc45-bdfb-4343-9004-9be15dfd844c,aef98915-d9bd-4ef8-82f6-281ec4d69cc6,6c886bbf-c15c-4713-9209-801939340c62,->,12acfc45-bdfb-4343-9004-9be15dfd844c,aef98915-d9bd-4ef8-82f6-281ec4d69cc6,0cf0d29d-b160-429c-b796-5681868a0d4b
12acfc45-bdfb-4343-9004-9be15dfd844c,aef98915-d9bd-4ef8-82f6-281ec4d69cc6,6c886bbf-c15c-4713-9209-801939340c62,->,12acfc45-bdfb-4343-9004-9be15dfd844c,java/lang/StringBuilder.java,append
12acfc45-bdfb-4343-9004-9be15dfd844c,aef98915-d9bd-4ef8-82f6-281ec4d69cc6,6c886bbf-c15c-4713-9209-801939340c62,->,12acfc45-bdfb-4343-9004-9be15dfd844c,java/lang/StringBuilder.java,append
12acfc45-bdfb-4343-9004-9be15dfd844c,aef98915-d9bd-4ef8-82f6-281ec4d69cc6,6c886bbf-c15c-4713-9209-801939340c62,->,12acfc45-bdfb-4343-9004-9be15dfd844c,java/lang/StringBuilder.java,toString
12acfc45-bdfb-4343-9004-9be15dfd844c,aef98915-d9bd-4ef8-82f6-281ec4d69cc6,6c886bbf-c15c-4713-9209-801939340c62,->,12acfc45-bdfb-4343-9004-9be15dfd844c,aef98915-d9bd-4ef8-82f6-281ec4d69cc6,0cf0d29d-b160-429c-b796-5681868a0d4b
12acfc45-bdfb-4343-9004-9be15dfd844c,aef98915-d9bd-4ef8-82f6-281ec4d69cc6,6c886bbf-c15c-4713-9209-801939340c62,->,12acfc45-bdfb-4343-9004-9be15dfd844c,java/lang/StringBuilder.java,append
12acfc45-bdfb-4343-9004-9be15dfd844c,aef98915-d9bd-4ef8-82f6-281ec4d69cc6,6c886bbf-c15c-4713-9209-801939340c62,->,12acfc45-bdfb-4343-9004-9be15dfd844c,java/lang/StringBuilder.java,append
12acfc45-bdfb-4343-9004-9be15dfd844c,aef98915-d9bd-4ef8-82f6-281ec4d69cc6,6c886bbf-c15c-4713-9209-801939340c62,->,12acfc45-bdfb-4343-9004-9be15dfd844c,java/lang/StringBuilder.java,toString
12acfc45-bdfb-4343-9004-9be15dfd844c,aef98915-d9bd-4ef8-82f6-281ec4d69cc6,6c886bbf-c15c-4713-9209-801939340c62,->,12acfc45-bdfb-4343-9004-9be15dfd844c,aef98915-d9bd-4ef8-82f6-281ec4d69cc6,0cf0d29d-b160-429c-b796-5681868a0d4b
12acfc45-bdfb-4343-9004-9be15dfd844c,aef98915-d9bd-4ef8-82f6-281ec4d69cc6,6c886bbf-c15c-4713-9209-801939340c62,->,12acfc45-bdfb-4343-9004-9be15dfd844c,java/lang/StringBuilder.java,append
12acfc45-bdfb-4343-9004-9be15dfd844c,aef98915-d9bd-4ef8-82f6-281ec4d69cc6,6c886bbf-c15c-4713-9209-801939340c62,->,12acfc45-bdfb-4343-9004-9be15dfd844c,java/lang/StringBuilder.java,append
12acfc45-bdfb-4343-9004-9be15dfd844c,aef98915-d9bd-4ef8-82f6-281ec4d69cc6,6c886bbf-c15c-4713-9209-801939340c62,->,12acfc45-bdfb-4343-9004-9be15dfd844c,java/lang/StringBuilder.java,toString
12acfc45-bdfb-4343-9004-9be15dfd844c,aef98915-d9bd-4ef8-82f6-281ec4d69cc6,6c886bbf-c15c-4713-9209-801939340c62,->,12acfc45-bdfb-4343-9004-9be15dfd844c,aef98915-d9bd-4ef8-82f6-281ec4d69cc6,0cf0d29d-b160-429c-b796-5681868a0d4b
12acfc45-bdfb-4343-9004-9be15dfd844c,aef98915-d9bd-4ef8-82f6-281ec4d69cc6,6c886bbf-c15c-4713-9209-801939340c62,->,12acfc45-bdfb-4343-9004-9be15dfd844c,java/lang/StringBuilder.java,append
12acfc45-bdfb-4343-9004-9be15dfd844c,aef98915-d9bd-4ef8-82f6-281ec4d69cc6,6c886bbf-c15c-4713-9209-801939340c62,->,12acfc45-bdfb-4343-9004-9be15dfd844c,java/lang/StringBuilder.java,append
12acfc45-bdfb-4343-9004-9be15dfd844c,aef98915-d9bd-4ef8-82f6-281ec4d69cc6,6c886bbf-c15c-4713-9209-801939340c62,->,12acfc45-bdfb-4343-9004-9be15dfd844c,java/lang/StringBuilder.java,toString
12acfc45-bdfb-4343-9004-9be15dfd844c,aef98915-d9bd-4ef8-82f6-281ec4d69cc6,6c886bbf-c15c-4713-9209-801939340c62,->,12acfc45-bdfb-4343-9004-9be15dfd844c,aef98915-d9bd-4ef8-82f6-281ec4d69cc6,0cf0d29d-b160-429c-b796-5681868a0d4b
12acfc45-bdfb-4343-9004-9be15dfd844c,aef98915-d9bd-4ef8-82f6-281ec4d69cc6,6c886bbf-c15c-4713-9209-801939340c62,->,12acfc45-bdfb-4343-9004-9be15dfd844c,java/lang/StringBuilder.java,append
12acfc45-bdfb-4343-9004-9be15dfd844c,aef98915-d9bd-4ef8-82f6-281ec4d69cc6,6c886bbf-c15c-4713-9209-801939340c62,->,12acfc45-bdfb-4343-9004-9be15dfd844c,java/lang/StringBuilder.java,append
12acfc45-bdfb-4343-9004-9be15dfd844c,aef98915-d9bd-4ef8-82f6-281ec4d69cc6,6c886bbf-c15c-4713-9209-801939340c62,->,12acfc45-bdfb-4343-9004-9be15dfd844c,java/lang/StringBuilder.java,toString
12acfc45-bdfb-4343-9004-9be15dfd844c,aef98915-d9bd-4ef8-82f6-281ec4d69cc6,6c886bbf-c15c-4713-9209-801939340c62,->,12acfc45-bdfb-4343-9004-9be15dfd844c,aef98915-d9bd-4ef8-82f6-281ec4d69cc6,0cf0d29d-b160-429c-b796-5681868a0d4b
12acfc45-bdfb-4343-9004-9be15dfd844c,aef98915-d9bd-4ef8-82f6-281ec4d69cc6,6c886bbf-c15c-4713-9209-801939340c62,->,12acfc45-bdfb-4343-9004-9be15dfd844c,java/lang/StringBuilder.java,append
12acfc45-bdfb-4343-9004-9be15dfd844c,aef98915-d9bd-4ef8-82f6-281ec4d69cc6,6c886bbf-c15c-4713-9209-801939340c62,->,12acfc45-bdfb-4343-9004-9be15dfd844c,java/lang/StringBuilder.java,append
12acfc45-bdfb-4343-9004-9be15dfd844c,aef98915-d9bd-4ef8-82f6-281ec4d69cc6,6c886bbf-c15c-4713-9209-801939340c62,->,12acfc45-bdfb-4343-9004-9be15dfd844c,java/lang/StringBuilder.java,toString
12acfc45-bdfb-4343-9004-9be15dfd844c,aef98915-d9bd-4ef8-82f6-281ec4d69cc6,6c886bbf-c15c-4713-9209-801939340c62,->,12acfc45-bdfb-4343-9004-9be15dfd844c,aef98915-d9bd-4ef8-82f6-281ec4d69cc6,0cf0d29d-b160-429c-b796-5681868a0d4b
12acfc45-bdfb-4343-9004-9be15dfd844c,aef98915-d9bd-4ef8-82f6-281ec4d69cc6,6c886bbf-c15c-4713-9209-801939340c62,->,12acfc45-bdfb-4343-9004-9be15dfd844c,java/lang/StringBuilder.java,append
12acfc45-bdfb-4343-9004-9be15dfd844c,aef98915-d9bd-4ef8-82f6-281ec4d69cc6,6c886bbf-c15c-4713-9209-801939340c62,->,12acfc45-bdfb-4343-9004-9be15dfd844c,java/lang/StringBuilder.java,append
12acfc45-bdfb-4343-9004-9be15dfd844c,aef98915-d9bd-4ef8-82f6-281ec4d69cc6,6c886bbf-c15c-4713-9209-801939340c62,->,12acfc45-bdfb-4343-9004-9be15dfd844c,java/lang/StringBuilder.java,toString
12acfc45-bdfb-4343-9004-9be15dfd844c,aef98915-d9bd-4ef8-82f6-281ec4d69cc6,6c886bbf-c15c-4713-9209-801939340c62,->,12acfc45-bdfb-4343-9004-9be15dfd844c,aef98915-d9bd-4ef8-82f6-281ec4d69cc6,0cf0d29d-b160-429c-b796-5681868a0d4b
12acfc45-bdfb-4343-9004-9be15dfd844c,aef98915-d9bd-4ef8-82f6-281ec4d69cc6,6c886bbf-c15c-4713-9209-801939340c62,->,12acfc45-bdfb-4343-9004-9be15dfd844c,java/lang/StringBuilder.java,append
12acfc45-bdfb-4343-9004-9be15dfd844c,aef98915-d9bd-4ef8-82f6-281ec4d69cc6,6c886bbf-c15c-4713-9209-801939340c62,->,12acfc45-bdfb-4343-9004-9be15dfd844c,java/lang/StringBuilder.java,append
12acfc45-bdfb-4343-9004-9be15dfd844c,aef98915-d9bd-4ef8-82f6-281ec4d69cc6,6c886bbf-c15c-4713-9209-801939340c62,->,12acfc45-bdfb-4343-9004-9be15dfd844c,java/lang/StringBuilder.java,toString
12acfc45-bdfb-4343-9004-9be15dfd844c,aef98915-d9bd-4ef8-82f6-281ec4d69cc6,6c886bbf-c15c-4713-9209-801939340c62,->,12acfc45-bdfb-4343-9004-9be15dfd844c,aef98915-d9bd-4ef8-82f6-281ec4d69cc6,0cf0d29d-b160-429c-b796-5681868a0d4b
12acfc45-bdfb-4343-9004-9be15dfd844c,aef98915-d9bd-4ef8-82f6-281ec4d69cc6,6c886bbf-c15c-4713-9209-801939340c62,->,12acfc45-bdfb-4343-9004-9be15dfd844c,java/lang/StringBuilder.java,append
12acfc45-bdfb-4343-9004-9be15dfd844c,aef98915-d9bd-4ef8-82f6-281ec4d69cc6,6c886bbf-c15c-4713-9209-801939340c62,->,12acfc45-bdfb-4343-9004-9be15dfd844c,java/lang/StringBuilder.java,append
12acfc45-bdfb-4343-9004-9be15dfd844c,aef98915-d9bd-4ef8-82f6-281ec4d69cc6,6c886bbf-c15c-4713-9209-801939340c62,->,12acfc45-bdfb-4343-9004-9be15dfd844c,java/lang/StringBuilder.java,toString
12acfc45-bdfb-4343-9004-9be15dfd844c,aef98915-d9bd-4ef8-82f6-281ec4d69cc6,6c886bbf-c15c-4713-9209-801939340c62,->,12acfc45-bdfb-4343-9004-9be15dfd844c,aef98915-d9bd-4ef8-82f6-281ec4d69cc6,0cf0d29d-b160-429c-b796-5681868a0d4b
12acfc45-bdfb-4343-9004-9be15dfd844c,aef98915-d9bd-4ef8-82f6-281ec4d69cc6,6c886bbf-c15c-4713-9209-801939340c62,->,12acfc45-bdfb-4343-9004-9be15dfd844c,java/lang/StringBuilder.java,append
12acfc45-bdfb-4343-9004-9be15dfd844c,aef98915-d9bd-4ef8-82f6-281ec4d69cc6,6c886bbf-c15c-4713-9209-801939340c62,->,12acfc45-bdfb-4343-9004-9be15dfd844c,java/lang/StringBuilder.java,append
12acfc45-bdfb-4343-9004-9be15dfd844c,aef98915-d9bd-4ef8-82f6-281ec4d69cc6,6c886bbf-c15c-4713-9209-801939340c62,->,12acfc45-bdfb-4343-9004-9be15dfd844c,java/lang/StringBuilder.java,toString
12acfc45-bdfb-4343-9004-9be15dfd844c,aef98915-d9bd-4ef8-82f6-281ec4d69cc6,6c886bbf-c15c-4713-9209-801939340c62,->,12acfc45-bdfb-4343-9004-9be15dfd844c,aef98915-d9bd-4ef8-82f6-281ec4d69cc6,0cf0d29d-b160-429c-b796-5681868a0d4b
12acfc45-bdfb-4343-9004-9be15dfd844c,aef98915-d9bd-4ef8-82f6-281ec4d69cc6,6c886bbf-c15c-4713-9209-801939340c62,->,12acfc45-bdfb-4343-9004-9be15dfd844c,java/lang/StringBuilder.java,append
12acfc45-bdfb-4343-9004-9be15dfd844c,aef98915-d9bd-4ef8-82f6-281ec4d69cc6,6c886bbf-c15c-4713-9209-801939340c62,->,12acfc45-bdfb-4343-9004-9be15dfd844c,java/lang/StringBuilder.java,append
12acfc45-bdfb-4343-9004-9be15dfd844c,aef98915-d9bd-4ef8-82f6-281ec4d69cc6,6c886bbf-c15c-4713-9209-801939340c62,->,12acfc45-bdfb-4343-9004-9be15dfd844c,java/lang/StringBuilder.java,toString
12acfc45-bdfb-4343-9004-9be15dfd844c,aef98915-d9bd-4ef8-82f6-281ec4d69cc6,6c886bbf-c15c-4713-9209-801939340c62,->,12acfc45-bdfb-4343-9004-9be15dfd844c,aef98915-d9bd-4ef8-82f6-281ec4d69cc6,0cf0d29d-b160-429c-b796-5681868a0d4b
12acfc45-bdfb-4343-9004-9be15dfd844c,aef98915-d9bd-4ef8-82f6-281ec4d69cc6,6c886bbf-c15c-4713-9209-801939340c62,->,12acfc45-bdfb-4343-9004-9be15dfd844c,java/lang/StringBuilder.java,append
12acfc45-bdfb-4343-9004-9be15dfd844c,aef98915-d9bd-4ef8-82f6-281ec4d69cc6,6c886bbf-c15c-4713-9209-801939340c62,->,12acfc45-bdfb-4343-9004-9be15dfd844c,java/lang/StringBuilder.java,append
12acfc45-bdfb-4343-9004-9be15dfd844c,aef98915-d9bd-4ef8-82f6-281ec4d69cc6,6c886bbf-c15c-4713-9209-801939340c62,->,12acfc45-bdfb-4343-9004-9be15dfd844c,java/lang/StringBuilder.java,toString
12acfc45-bdfb-4343-9004-9be15dfd844c,aef98915-d9bd-4ef8-82f6-281ec4d69cc6,6c886bbf-c15c-4713-9209-801939340c62,->,12acfc45-bdfb-4343-9004-9be15dfd844c,aef98915-d9bd-4ef8-82f6-281ec4d69cc6,0cf0d29d-b160-429c-b796-5681868a0d4b
12acfc45-bdfb-4343-9004-9be15dfd844c,aef98915-d9bd-4ef8-82f6-281ec4d69cc6,6c886bbf-c15c-4713-9209-801939340c62,->,12acfc45-bdfb-4343-9004-9be15dfd844c,java/lang/StringBuilder.java,append
12acfc45-bdfb-4343-9004-9be15dfd844c,aef98915-d9bd-4ef8-82f6-281ec4d69cc6,6c886bbf-c15c-4713-9209-801939340c62,->,12acfc45-bdfb-4343-9004-9be15dfd844c,java/lang/StringBuilder.java,append
12acfc45-bdfb-4343-9004-9be15dfd844c,aef98915-d9bd-4ef8-82f6-281ec4d69cc6,6c886bbf-c15c-4713-9209-801939340c62,->,12acfc45-bdfb-4343-9004-9be15dfd844c,java/lang/StringBuilder.java,toString
12acfc45-bdfb-4343-9004-9be15dfd844c,aef98915-d9bd-4ef8-82f6-281ec4d69cc6,6c886bbf-c15c-4713-9209-801939340c62,->,12acfc45-bdfb-4343-9004-9be15dfd844c,aef98915-d9bd-4ef8-82f6-281ec4d69cc6,0cf0d29d-b160-429c-b796-5681868a0d4b
12acfc45-bdfb-4343-9004-9be15dfd844c,aef98915-d9bd-4ef8-82f6-281ec4d69cc6,6c886bbf-c15c-4713-9209-801939340c62,->,12acfc45-bdfb-4343-9004-9be15dfd844c,java/lang/StringBuilder.java,append
12acfc45-bdfb-4343-9004-9be15dfd844c,aef98915-d9bd-4ef8-82f6-281ec4d69cc6,6c886bbf-c15c-4713-9209-801939340c62,->,12acfc45-bdfb-4343-9004-9be15dfd844c,java/lang/StringBuilder.java,append
12acfc45-bdfb-4343-9004-9be15dfd844c,aef98915-d9bd-4ef8-82f6-281ec4d69cc6,6c886bbf-c15c-4713-9209-801939340c62,->,12acfc45-bdfb-4343-9004-9be15dfd844c,java/lang/StringBuilder.java,toString
12acfc45-bdfb-4343-9004-9be15dfd844c,aef98915-d9bd-4ef8-82f6-281ec4d69cc6,6c886bbf-c15c-4713-9209-801939340c62,->,12acfc45-bdfb-4343-9004-9be15dfd844c,aef98915-d9bd-4ef8-82f6-281ec4d69cc6,0cf0d29d-b160-429c-b796-5681868a0d4b
12acfc45-bdfb-4343-9004-9be15dfd844c,aef98915-d9bd-4ef8-82f6-281ec4d69cc6,6c886bbf-c15c-4713-9209-801939340c62,->,12acfc45-bdfb-4343-9004-9be15dfd844c,java/lang/StringBuilder.java,append
12acfc45-bdfb-4343-9004-9be15dfd844c,aef98915-d9bd-4ef8-82f6-281ec4d69cc6,6c886bbf-c15c-4713-9209-801939340c62,->,12acfc45-bdfb-4343-9004-9be15dfd844c,java/lang/StringBuilder.java,append
12acfc45-bdfb-4343-9004-9be15dfd844c,aef98915-d9bd-4ef8-82f6-281ec4d69cc6,6c886bbf-c15c-4713-9209-801939340c62,->,12acfc45-bdfb-4343-9004-9be15dfd844c,java/lang/StringBuilder.java,toString
12acfc45-bdfb-4343-9004-9be15dfd844c,aef98915-d9bd-4ef8-82f6-281ec4d69cc6,6c886bbf-c15c-4713-9209-801939340c62,->,12acfc45-bdfb-4343-9004-9be15dfd844c,aef98915-d9bd-4ef8-82f6-281ec4d69cc6,0cf0d29d-b160-429c-b796-5681868a0d4b
12acfc45-bdfb-4343-9004-9be15dfd844c,aef98915-d9bd-4ef8-82f6-281ec4d69cc6,6c886bbf-c15c-4713-9209-801939340c62,->,12acfc45-bdfb-4343-9004-9be15dfd844c,aef98915-d9bd-4ef8-82f6-281ec4d69cc6,0fb8c0b3-d526-4e5a-b200-7aabf6303623
12acfc45-bdfb-4343-9004-9be15dfd844c,aef98915-d9bd-4ef8-82f6-281ec4d69cc6,6c886bbf-c15c-4713-9209-801939340c62,->,12acfc45-bdfb-4343-9004-9be15dfd844c,aef98915-d9bd-4ef8-82f6-281ec4d69cc6,3992bd2f-77ae-44fd-9dcd-0b271853822c
12acfc45-bdfb-4343-9004-9be15dfd844c,aef98915-d9bd-4ef8-82f6-281ec4d69cc6,6c886bbf-c15c-4713-9209-801939340c62,->,12acfc45-bdfb-4343-9004-9be15dfd844c,java/lang/StringBuilder.java,append
12acfc45-bdfb-4343-9004-9be15dfd844c,aef98915-d9bd-4ef8-82f6-281ec4d69cc6,6c886bbf-c15c-4713-9209-801939340c62,->,12acfc45-bdfb-4343-9004-9be15dfd844c,java/lang/StringBuilder.java,append
12acfc45-bdfb-4343-9004-9be15dfd844c,aef98915-d9bd-4ef8-82f6-281ec4d69cc6,6c886bbf-c15c-4713-9209-801939340c62,->,12acfc45-bdfb-4343-9004-9be15dfd844c,java/lang/StringBuilder.java,toString
12acfc45-bdfb-4343-9004-9be15dfd844c,aef98915-d9bd-4ef8-82f6-281ec4d69cc6,6c886bbf-c15c-4713-9209-801939340c62,->,12acfc45-bdfb-4343-9004-9be15dfd844c,aef98915-d9bd-4ef8-82f6-281ec4d69cc6,0cf0d29d-b160-429c-b796-5681868a0d4b
12acfc45-bdfb-4343-9004-9be15dfd844c,aef98915-d9bd-4ef8-82f6-281ec4d69cc6,6c886bbf-c15c-4713-9209-801939340c62,->,12acfc45-bdfb-4343-9004-9be15dfd844c,java/lang/StringBuilder.java,append
12acfc45-bdfb-4343-9004-9be15dfd844c,aef98915-d9bd-4ef8-82f6-281ec4d69cc6,6c886bbf-c15c-4713-9209-801939340c62,->,12acfc45-bdfb-4343-9004-9be15dfd844c,java/lang/StringBuilder.java,append
12acfc45-bdfb-4343-9004-9be15dfd844c,aef98915-d9bd-4ef8-82f6-281ec4d69cc6,6c886bbf-c15c-4713-9209-801939340c62,->,12acfc45-bdfb-4343-9004-9be15dfd844c,java/lang/StringBuilder.java,toString
12acfc45-bdfb-4343-9004-9be15dfd844c,aef98915-d9bd-4ef8-82f6-281ec4d69cc6,6c886bbf-c15c-4713-9209-801939340c62,->,12acfc45-bdfb-4343-9004-9be15dfd844c,aef98915-d9bd-4ef8-82f6-281ec4d69cc6,0cf0d29d-b160-429c-b796-5681868a0d4b
12acfc45-bdfb-4343-9004-9be15dfd844c,aef98915-d9bd-4ef8-82f6-281ec4d69cc6,6c886bbf-c15c-4713-9209-801939340c62,->,12acfc45-bdfb-4343-9004-9be15dfd844c,java/lang/StringBuilder.java,append
12acfc45-bdfb-4343-9004-9be15dfd844c,aef98915-d9bd-4ef8-82f6-281ec4d69cc6,6c886bbf-c15c-4713-9209-801939340c62,->,12acfc45-bdfb-4343-9004-9be15dfd844c,java/lang/StringBuilder.java,append
12acfc45-bdfb-4343-9004-9be15dfd844c,aef98915-d9bd-4ef8-82f6-281ec4d69cc6,6c886bbf-c15c-4713-9209-801939340c62,->,12acfc45-bdfb-4343-9004-9be15dfd844c,java/lang/StringBuilder.java,toString
12acfc45-bdfb-4343-9004-9be15dfd844c,aef98915-d9bd-4ef8-82f6-281ec4d69cc6,6c886bbf-c15c-4713-9209-801939340c62,->,12acfc45-bdfb-4343-9004-9be15dfd844c,aef98915-d9bd-4ef8-82f6-281ec4d69cc6,0cf0d29d-b160-429c-b796-5681868a0d4b
12acfc45-bdfb-4343-9004-9be15dfd844c,aef98915-d9bd-4ef8-82f6-281ec4d69cc6,6c886bbf-c15c-4713-9209-801939340c62,->,12acfc45-bdfb-4343-9004-9be15dfd844c,java/lang/StringBuilder.java,append
12acfc45-bdfb-4343-9004-9be15dfd844c,aef98915-d9bd-4ef8-82f6-281ec4d69cc6,6c886bbf-c15c-4713-9209-801939340c62,->,12acfc45-bdfb-4343-9004-9be15dfd844c,java/lang/StringBuilder.java,append
12acfc45-bdfb-4343-9004-9be15dfd844c,aef98915-d9bd-4ef8-82f6-281ec4d69cc6,6c886bbf-c15c-4713-9209-801939340c62,->,12acfc45-bdfb-4343-9004-9be15dfd844c,java/lang/StringBuilder.java,toString
12acfc45-bdfb-4343-9004-9be15dfd844c,aef98915-d9bd-4ef8-82f6-281ec4d69cc6,6c886bbf-c15c-4713-9209-801939340c62,->,12acfc45-bdfb-4343-9004-9be15dfd844c,aef98915-d9bd-4ef8-82f6-281ec4d69cc6,0cf0d29d-b160-429c-b796-5681868a0d4b
12acfc45-bdfb-4343-9004-9be15dfd844c,aef98915-d9bd-4ef8-82f6-281ec4d69cc6,6c886bbf-c15c-4713-9209-801939340c62,->,12acfc45-bdfb-4343-9004-9be15dfd844c,java/lang/StringBuilder.java,append
12acfc45-bdfb-4343-9004-9be15dfd844c,aef98915-d9bd-4ef8-82f6-281ec4d69cc6,6c886bbf-c15c-4713-9209-801939340c62,->,12acfc45-bdfb-4343-9004-9be15dfd844c,java/lang/StringBuilder.java,append
12acfc45-bdfb-4343-9004-9be15dfd844c,aef98915-d9bd-4ef8-82f6-281ec4d69cc6,6c886bbf-c15c-4713-9209-801939340c62,->,12acfc45-bdfb-4343-9004-9be15dfd844c,java/lang/StringBuilder.java,toString
12acfc45-bdfb-4343-9004-9be15dfd844c,aef98915-d9bd-4ef8-82f6-281ec4d69cc6,6c886bbf-c15c-4713-9209-801939340c62,->,12acfc45-bdfb-4343-9004-9be15dfd844c,aef98915-d9bd-4ef8-82f6-281ec4d69cc6,0cf0d29d-b160-429c-b796-5681868a0d4b
12acfc45-bdfb-4343-9004-9be15dfd844c,aef98915-d9bd-4ef8-82f6-281ec4d69cc6,6c886bbf-c15c-4713-9209-801939340c62,->,12acfc45-bdfb-4343-9004-9be15dfd844c,java/lang/StringBuilder.java,append
12acfc45-bdfb-4343-9004-9be15dfd844c,aef98915-d9bd-4ef8-82f6-281ec4d69cc6,6c886bbf-c15c-4713-9209-801939340c62,->,12acfc45-bdfb-4343-9004-9be15dfd844c,java/lang/StringBuilder.java,append
12acfc45-bdfb-4343-9004-9be15dfd844c,aef98915-d9bd-4ef8-82f6-281ec4d69cc6,6c886bbf-c15c-4713-9209-801939340c62,->,12acfc45-bdfb-4343-9004-9be15dfd844c,java/lang/StringBuilder.java,toString
12acfc45-bdfb-4343-9004-9be15dfd844c,aef98915-d9bd-4ef8-82f6-281ec4d69cc6,6c886bbf-c15c-4713-9209-801939340c62,->,12acfc45-bdfb-4343-9004-9be15dfd844c,aef98915-d9bd-4ef8-82f6-281ec4d69cc6,0cf0d29d-b160-429c-b796-5681868a0d4b
12acfc45-bdfb-4343-9004-9be15dfd844c,aef98915-d9bd-4ef8-82f6-281ec4d69cc6,6c886bbf-c15c-4713-9209-801939340c62,->,12acfc45-bdfb-4343-9004-9be15dfd844c,java/lang/StringBuilder.java,append
12acfc45-bdfb-4343-9004-9be15dfd844c,aef98915-d9bd-4ef8-82f6-281ec4d69cc6,6c886bbf-c15c-4713-9209-801939340c62,->,12acfc45-bdfb-4343-9004-9be15dfd844c,java/lang/StringBuilder.java,append
12acfc45-bdfb-4343-9004-9be15dfd844c,aef98915-d9bd-4ef8-82f6-281ec4d69cc6,6c886bbf-c15c-4713-9209-801939340c62,->,12acfc45-bdfb-4343-9004-9be15dfd844c,java/lang/StringBuilder.java,toString
12acfc45-bdfb-4343-9004-9be15dfd844c,aef98915-d9bd-4ef8-82f6-281ec4d69cc6,6c886bbf-c15c-4713-9209-801939340c62,->,12acfc45-bdfb-4343-9004-9be15dfd844c,aef98915-d9bd-4ef8-82f6-281ec4d69cc6,0cf0d29d-b160-429c-b796-5681868a0d4b
12acfc45-bdfb-4343-9004-9be15dfd844c,aef98915-d9bd-4ef8-82f6-281ec4d69cc6,6c886bbf-c15c-4713-9209-801939340c62,->,12acfc45-bdfb-4343-9004-9be15dfd844c,java/lang/StringBuilder.java,append
12acfc45-bdfb-4343-9004-9be15dfd844c,aef98915-d9bd-4ef8-82f6-281ec4d69cc6,6c886bbf-c15c-4713-9209-801939340c62,->,12acfc45-bdfb-4343-9004-9be15dfd844c,java/lang/StringBuilder.java,append
12acfc45-bdfb-4343-9004-9be15dfd844c,aef98915-d9bd-4ef8-82f6-281ec4d69cc6,6c886bbf-c15c-4713-9209-801939340c62,->,12acfc45-bdfb-4343-9004-9be15dfd844c,java/lang/StringBuilder.java,toString
12acfc45-bdfb-4343-9004-9be15dfd844c,aef98915-d9bd-4ef8-82f6-281ec4d69cc6,6c886bbf-c15c-4713-9209-801939340c62,->,12acfc45-bdfb-4343-9004-9be15dfd844c,aef98915-d9bd-4ef8-82f6-281ec4d69cc6,0cf0d29d-b160-429c-b796-5681868a0d4b
12acfc45-bdfb-4343-9004-9be15dfd844c,aef98915-d9bd-4ef8-82f6-281ec4d69cc6,6c886bbf-c15c-4713-9209-801939340c62,->,12acfc45-bdfb-4343-9004-9be15dfd844c,java/lang/StringBuilder.java,append
12acfc45-bdfb-4343-9004-9be15dfd844c,aef98915-d9bd-4ef8-82f6-281ec4d69cc6,6c886bbf-c15c-4713-9209-801939340c62,->,12acfc45-bdfb-4343-9004-9be15dfd844c,java/lang/StringBuilder.java,append
12acfc45-bdfb-4343-9004-9be15dfd844c,aef98915-d9bd-4ef8-82f6-281ec4d69cc6,6c886bbf-c15c-4713-9209-801939340c62,->,12acfc45-bdfb-4343-9004-9be15dfd844c,java/lang/StringBuilder.java,toString
12acfc45-bdfb-4343-9004-9be15dfd844c,aef98915-d9bd-4ef8-82f6-281ec4d69cc6,6c886bbf-c15c-4713-9209-801939340c62,->,12acfc45-bdfb-4343-9004-9be15dfd844c,aef98915-d9bd-4ef8-82f6-281ec4d69cc6,0cf0d29d-b160-429c-b796-5681868a0d4b
12acfc45-bdfb-4343-9004-9be15dfd844c,aef98915-d9bd-4ef8-82f6-281ec4d69cc6,6c886bbf-c15c-4713-9209-801939340c62,->,12acfc45-bdfb-4343-9004-9be15dfd844c,java/lang/StringBuilder.java,append
12acfc45-bdfb-4343-9004-9be15dfd844c,aef98915-d9bd-4ef8-82f6-281ec4d69cc6,6c886bbf-c15c-4713-9209-801939340c62,->,12acfc45-bdfb-4343-9004-9be15dfd844c,java/lang/StringBuilder.java,append
12acfc45-bdfb-4343-9004-9be15dfd844c,aef98915-d9bd-4ef8-82f6-281ec4d69cc6,6c886bbf-c15c-4713-9209-801939340c62,->,12acfc45-bdfb-4343-9004-9be15dfd844c,java/lang/StringBuilder.java,toString
12acfc45-bdfb-4343-9004-9be15dfd844c,aef98915-d9bd-4ef8-82f6-281ec4d69cc6,6c886bbf-c15c-4713-9209-801939340c62,->,12acfc45-bdfb-4343-9004-9be15dfd844c,aef98915-d9bd-4ef8-82f6-281ec4d69cc6,0cf0d29d-b160-429c-b796-5681868a0d4b
12acfc45-bdfb-4343-9004-9be15dfd844c,aef98915-d9bd-4ef8-82f6-281ec4d69cc6,6c886bbf-c15c-4713-9209-801939340c62,->,12acfc45-bdfb-4343-9004-9be15dfd844c,java/lang/StringBuilder.java,append
12acfc45-bdfb-4343-9004-9be15dfd844c,aef98915-d9bd-4ef8-82f6-281ec4d69cc6,6c886bbf-c15c-4713-9209-801939340c62,->,12acfc45-bdfb-4343-9004-9be15dfd844c,java/lang/StringBuilder.java,append
12acfc45-bdfb-4343-9004-9be15dfd844c,aef98915-d9bd-4ef8-82f6-281ec4d69cc6,6c886bbf-c15c-4713-9209-801939340c62,->,12acfc45-bdfb-4343-9004-9be15dfd844c,java/lang/StringBuilder.java,toString
12acfc45-bdfb-4343-9004-9be15dfd844c,aef98915-d9bd-4ef8-82f6-281ec4d69cc6,6c886bbf-c15c-4713-9209-801939340c62,->,12acfc45-bdfb-4343-9004-9be15dfd844c,aef98915-d9bd-4ef8-82f6-281ec4d69cc6,0cf0d29d-b160-429c-b796-5681868a0d4b
12acfc45-bdfb-4343-9004-9be15dfd844c,aef98915-d9bd-4ef8-82f6-281ec4d69cc6,6c886bbf-c15c-4713-9209-801939340c62,->,12acfc45-bdfb-4343-9004-9be15dfd844c,java/lang/StringBuilder.java,append
12acfc45-bdfb-4343-9004-9be15dfd844c,aef98915-d9bd-4ef8-82f6-281ec4d69cc6,6c886bbf-c15c-4713-9209-801939340c62,->,12acfc45-bdfb-4343-9004-9be15dfd844c,java/lang/StringBuilder.java,append
12acfc45-bdfb-4343-9004-9be15dfd844c,aef98915-d9bd-4ef8-82f6-281ec4d69cc6,6c886bbf-c15c-4713-9209-801939340c62,->,12acfc45-bdfb-4343-9004-9be15dfd844c,java/lang/StringBuilder.java,toString
12acfc45-bdfb-4343-9004-9be15dfd844c,aef98915-d9bd-4ef8-82f6-281ec4d69cc6,6c886bbf-c15c-4713-9209-801939340c62,->,12acfc45-bdfb-4343-9004-9be15dfd844c,aef98915-d9bd-4ef8-82f6-281ec4d69cc6,0cf0d29d-b160-429c-b796-5681868a0d4b
12acfc45-bdfb-4343-9004-9be15dfd844c,aef98915-d9bd-4ef8-82f6-281ec4d69cc6,6c886bbf-c15c-4713-9209-801939340c62,->,12acfc45-bdfb-4343-9004-9be15dfd844c,java/lang/StringBuilder.java,append
12acfc45-bdfb-4343-9004-9be15dfd844c,aef98915-d9bd-4ef8-82f6-281ec4d69cc6,6c886bbf-c15c-4713-9209-801939340c62,->,12acfc45-bdfb-4343-9004-9be15dfd844c,java/lang/StringBuilder.java,append
12acfc45-bdfb-4343-9004-9be15dfd844c,aef98915-d9bd-4ef8-82f6-281ec4d69cc6,6c886bbf-c15c-4713-9209-801939340c62,->,12acfc45-bdfb-4343-9004-9be15dfd844c,java/lang/StringBuilder.java,toString
12acfc45-bdfb-4343-9004-9be15dfd844c,aef98915-d9bd-4ef8-82f6-281ec4d69cc6,6c886bbf-c15c-4713-9209-801939340c62,->,12acfc45-bdfb-4343-9004-9be15dfd844c,aef98915-d9bd-4ef8-82f6-281ec4d69cc6,0cf0d29d-b160-429c-b796-5681868a0d4b
12acfc45-bdfb-4343-9004-9be15dfd844c,aef98915-d9bd-4ef8-82f6-281ec4d69cc6,6c886bbf-c15c-4713-9209-801939340c62,->,12acfc45-bdfb-4343-9004-9be15dfd844c,java/lang/StringBuilder.java,append
12acfc45-bdfb-4343-9004-9be15dfd844c,aef98915-d9bd-4ef8-82f6-281ec4d69cc6,6c886bbf-c15c-4713-9209-801939340c62,->,12acfc45-bdfb-4343-9004-9be15dfd844c,java/lang/StringBuilder.java,append
12acfc45-bdfb-4343-9004-9be15dfd844c,aef98915-d9bd-4ef8-82f6-281ec4d69cc6,6c886bbf-c15c-4713-9209-801939340c62,->,12acfc45-bdfb-4343-9004-9be15dfd844c,java/lang/StringBuilder.java,toString
12acfc45-bdfb-4343-9004-9be15dfd844c,aef98915-d9bd-4ef8-82f6-281ec4d69cc6,6c886bbf-c15c-4713-9209-801939340c62,->,12acfc45-bdfb-4343-9004-9be15dfd844c,aef98915-d9bd-4ef8-82f6-281ec4d69cc6,0cf0d29d-b160-429c-b796-5681868a0d4b
12acfc45-bdfb-4343-9004-9be15dfd844c,aef98915-d9bd-4ef8-82f6-281ec4d69cc6,6c886bbf-c15c-4713-9209-801939340c62,->,12acfc45-bdfb-4343-9004-9be15dfd844c,java/lang/StringBuilder.java,append
12acfc45-bdfb-4343-9004-9be15dfd844c,aef98915-d9bd-4ef8-82f6-281ec4d69cc6,6c886bbf-c15c-4713-9209-801939340c62,->,12acfc45-bdfb-4343-9004-9be15dfd844c,java/lang/StringBuilder.java,append
12acfc45-bdfb-4343-9004-9be15dfd844c,aef98915-d9bd-4ef8-82f6-281ec4d69cc6,6c886bbf-c15c-4713-9209-801939340c62,->,12acfc45-bdfb-4343-9004-9be15dfd844c,java/lang/StringBuilder.java,toString
12acfc45-bdfb-4343-9004-9be15dfd844c,aef98915-d9bd-4ef8-82f6-281ec4d69cc6,6c886bbf-c15c-4713-9209-801939340c62,->,12acfc45-bdfb-4343-9004-9be15dfd844c,aef98915-d9bd-4ef8-82f6-281ec4d69cc6,0cf0d29d-b160-429c-b796-5681868a0d4b
12acfc45-bdfb-4343-9004-9be15dfd844c,aef98915-d9bd-4ef8-82f6-281ec4d69cc6,6c886bbf-c15c-4713-9209-801939340c62,->,12acfc45-bdfb-4343-9004-9be15dfd844c,java/lang/StringBuilder.java,append
12acfc45-bdfb-4343-9004-9be15dfd844c,aef98915-d9bd-4ef8-82f6-281ec4d69cc6,6c886bbf-c15c-4713-9209-801939340c62,->,12acfc45-bdfb-4343-9004-9be15dfd844c,java/lang/StringBuilder.java,append
12acfc45-bdfb-4343-9004-9be15dfd844c,aef98915-d9bd-4ef8-82f6-281ec4d69cc6,6c886bbf-c15c-4713-9209-801939340c62,->,12acfc45-bdfb-4343-9004-9be15dfd844c,java/lang/StringBuilder.java,toString
12acfc45-bdfb-4343-9004-9be15dfd844c,aef98915-d9bd-4ef8-82f6-281ec4d69cc6,6c886bbf-c15c-4713-9209-801939340c62,->,12acfc45-bdfb-4343-9004-9be15dfd844c,aef98915-d9bd-4ef8-82f6-281ec4d69cc6,0cf0d29d-b160-429c-b796-5681868a0d4b
12acfc45-bdfb-4343-9004-9be15dfd844c,aef98915-d9bd-4ef8-82f6-281ec4d69cc6,6c886bbf-c15c-4713-9209-801939340c62,->,12acfc45-bdfb-4343-9004-9be15dfd844c,java/lang/StringBuilder.java,append
12acfc45-bdfb-4343-9004-9be15dfd844c,aef98915-d9bd-4ef8-82f6-281ec4d69cc6,6c886bbf-c15c-4713-9209-801939340c62,->,12acfc45-bdfb-4343-9004-9be15dfd844c,java/lang/StringBuilder.java,append
12acfc45-bdfb-4343-9004-9be15dfd844c,aef98915-d9bd-4ef8-82f6-281ec4d69cc6,6c886bbf-c15c-4713-9209-801939340c62,->,12acfc45-bdfb-4343-9004-9be15dfd844c,java/lang/StringBuilder.java,toString
12acfc45-bdfb-4343-9004-9be15dfd844c,aef98915-d9bd-4ef8-82f6-281ec4d69cc6,6c886bbf-c15c-4713-9209-801939340c62,->,12acfc45-bdfb-4343-9004-9be15dfd844c,aef98915-d9bd-4ef8-82f6-281ec4d69cc6,0cf0d29d-b160-429c-b796-5681868a0d4b
12acfc45-bdfb-4343-9004-9be15dfd844c,aef98915-d9bd-4ef8-82f6-281ec4d69cc6,6c886bbf-c15c-4713-9209-801939340c62,->,12acfc45-bdfb-4343-9004-9be15dfd844c,java/lang/StringBuilder.java,append
12acfc45-bdfb-4343-9004-9be15dfd844c,aef98915-d9bd-4ef8-82f6-281ec4d69cc6,6c886bbf-c15c-4713-9209-801939340c62,->,12acfc45-bdfb-4343-9004-9be15dfd844c,java/lang/StringBuilder.java,append
12acfc45-bdfb-4343-9004-9be15dfd844c,aef98915-d9bd-4ef8-82f6-281ec4d69cc6,6c886bbf-c15c-4713-9209-801939340c62,->,12acfc45-bdfb-4343-9004-9be15dfd844c,java/lang/StringBuilder.java,toString
12acfc45-bdfb-4343-9004-9be15dfd844c,aef98915-d9bd-4ef8-82f6-281ec4d69cc6,6c886bbf-c15c-4713-9209-801939340c62,->,12acfc45-bdfb-4343-9004-9be15dfd844c,aef98915-d9bd-4ef8-82f6-281ec4d69cc6,0cf0d29d-b160-429c-b796-5681868a0d4b
12acfc45-bdfb-4343-9004-9be15dfd844c,aef98915-d9bd-4ef8-82f6-281ec4d69cc6,6c886bbf-c15c-4713-9209-801939340c62,->,12acfc45-bdfb-4343-9004-9be15dfd844c,java/lang/StringBuilder.java,append
12acfc45-bdfb-4343-9004-9be15dfd844c,aef98915-d9bd-4ef8-82f6-281ec4d69cc6,6c886bbf-c15c-4713-9209-801939340c62,->,12acfc45-bdfb-4343-9004-9be15dfd844c,java/lang/StringBuilder.java,append
12acfc45-bdfb-4343-9004-9be15dfd844c,aef98915-d9bd-4ef8-82f6-281ec4d69cc6,6c886bbf-c15c-4713-9209-801939340c62,->,12acfc45-bdfb-4343-9004-9be15dfd844c,java/lang/StringBuilder.java,toString
12acfc45-bdfb-4343-9004-9be15dfd844c,aef98915-d9bd-4ef8-82f6-281ec4d69cc6,6c886bbf-c15c-4713-9209-801939340c62,->,12acfc45-bdfb-4343-9004-9be15dfd844c,aef98915-d9bd-4ef8-82f6-281ec4d69cc6,0cf0d29d-b160-429c-b796-5681868a0d4b
12acfc45-bdfb-4343-9004-9be15dfd844c,aef98915-d9bd-4ef8-82f6-281ec4d69cc6,6c886bbf-c15c-4713-9209-801939340c62,->,12acfc45-bdfb-4343-9004-9be15dfd844c,java/lang/StringBuilder.java,append
12acfc45-bdfb-4343-9004-9be15dfd844c,aef98915-d9bd-4ef8-82f6-281ec4d69cc6,6c886bbf-c15c-4713-9209-801939340c62,->,12acfc45-bdfb-4343-9004-9be15dfd844c,java/lang/StringBuilder.java,append
12acfc45-bdfb-4343-9004-9be15dfd844c,aef98915-d9bd-4ef8-82f6-281ec4d69cc6,6c886bbf-c15c-4713-9209-801939340c62,->,12acfc45-bdfb-4343-9004-9be15dfd844c,java/lang/StringBuilder.java,toString
12acfc45-bdfb-4343-9004-9be15dfd844c,aef98915-d9bd-4ef8-82f6-281ec4d69cc6,6c886bbf-c15c-4713-9209-801939340c62,->,12acfc45-bdfb-4343-9004-9be15dfd844c,aef98915-d9bd-4ef8-82f6-281ec4d69cc6,0cf0d29d-b160-429c-b796-5681868a0d4b
12acfc45-bdfb-4343-9004-9be15dfd844c,aef98915-d9bd-4ef8-82f6-281ec4d69cc6,6c886bbf-c15c-4713-9209-801939340c62,->,12acfc45-bdfb-4343-9004-9be15dfd844c,java/lang/StringBuilder.java,append
12acfc45-bdfb-4343-9004-9be15dfd844c,aef98915-d9bd-4ef8-82f6-281ec4d69cc6,6c886bbf-c15c-4713-9209-801939340c62,->,12acfc45-bdfb-4343-9004-9be15dfd844c,java/lang/StringBuilder.java,append
12acfc45-bdfb-4343-9004-9be15dfd844c,aef98915-d9bd-4ef8-82f6-281ec4d69cc6,6c886bbf-c15c-4713-9209-801939340c62,->,12acfc45-bdfb-4343-9004-9be15dfd844c,java/lang/StringBuilder.java,toString
12acfc45-bdfb-4343-9004-9be15dfd844c,aef98915-d9bd-4ef8-82f6-281ec4d69cc6,6c886bbf-c15c-4713-9209-801939340c62,->,12acfc45-bdfb-4343-9004-9be15dfd844c,aef98915-d9bd-4ef8-82f6-281ec4d69cc6,0cf0d29d-b160-429c-b796-5681868a0d4b
12acfc45-bdfb-4343-9004-9be15dfd844c,aef98915-d9bd-4ef8-82f6-281ec4d69cc6,6c886bbf-c15c-4713-9209-801939340c62,->,12acfc45-bdfb-4343-9004-9be15dfd844c,java/lang/StringBuilder.java,append
12acfc45-bdfb-4343-9004-9be15dfd844c,aef98915-d9bd-4ef8-82f6-281ec4d69cc6,6c886bbf-c15c-4713-9209-801939340c62,->,12acfc45-bdfb-4343-9004-9be15dfd844c,java/lang/StringBuilder.java,append
12acfc45-bdfb-4343-9004-9be15dfd844c,aef98915-d9bd-4ef8-82f6-281ec4d69cc6,6c886bbf-c15c-4713-9209-801939340c62,->,12acfc45-bdfb-4343-9004-9be15dfd844c,java/lang/StringBuilder.java,toString
12acfc45-bdfb-4343-9004-9be15dfd844c,aef98915-d9bd-4ef8-82f6-281ec4d69cc6,6c886bbf-c15c-4713-9209-801939340c62,->,12acfc45-bdfb-4343-9004-9be15dfd844c,aef98915-d9bd-4ef8-82f6-281ec4d69cc6,0cf0d29d-b160-429c-b796-5681868a0d4b
12acfc45-bdfb-4343-9004-9be15dfd844c,aef98915-d9bd-4ef8-82f6-281ec4d69cc6,6c886bbf-c15c-4713-9209-801939340c62,->,12acfc45-bdfb-4343-9004-9be15dfd844c,java/lang/StringBuilder.java,append
12acfc45-bdfb-4343-9004-9be15dfd844c,aef98915-d9bd-4ef8-82f6-281ec4d69cc6,6c886bbf-c15c-4713-9209-801939340c62,->,12acfc45-bdfb-4343-9004-9be15dfd844c,java/lang/StringBuilder.java,append
12acfc45-bdfb-4343-9004-9be15dfd844c,aef98915-d9bd-4ef8-82f6-281ec4d69cc6,6c886bbf-c15c-4713-9209-801939340c62,->,12acfc45-bdfb-4343-9004-9be15dfd844c,java/lang/StringBuilder.java,toString
12acfc45-bdfb-4343-9004-9be15dfd844c,aef98915-d9bd-4ef8-82f6-281ec4d69cc6,6c886bbf-c15c-4713-9209-801939340c62,->,12acfc45-bdfb-4343-9004-9be15dfd844c,aef98915-d9bd-4ef8-82f6-281ec4d69cc6,0cf0d29d-b160-429c-b796-5681868a0d4b
12acfc45-bdfb-4343-9004-9be15dfd844c,aef98915-d9bd-4ef8-82f6-281ec4d69cc6,6c886bbf-c15c-4713-9209-801939340c62,->,12acfc45-bdfb-4343-9004-9be15dfd844c,aef98915-d9bd-4ef8-82f6-281ec4d69cc6,0fb8c0b3-d526-4e5a-b200-7aabf6303623
12acfc45-bdfb-4343-9004-9be15dfd844c,aef98915-d9bd-4ef8-82f6-281ec4d69cc6,6c886bbf-c15c-4713-9209-801939340c62,->,12acfc45-bdfb-4343-9004-9be15dfd844c,aef98915-d9bd-4ef8-82f6-281ec4d69cc6,3992bd2f-77ae-44fd-9dcd-0b271853822c
12acfc45-bdfb-4343-9004-9be15dfd844c,aef98915-d9bd-4ef8-82f6-281ec4d69cc6,6c886bbf-c15c-4713-9209-801939340c62,->,12acfc45-bdfb-4343-9004-9be15dfd844c,java/lang/StringBuilder.java,append
12acfc45-bdfb-4343-9004-9be15dfd844c,aef98915-d9bd-4ef8-82f6-281ec4d69cc6,6c886bbf-c15c-4713-9209-801939340c62,->,12acfc45-bdfb-4343-9004-9be15dfd844c,java/lang/StringBuilder.java,append
12acfc45-bdfb-4343-9004-9be15dfd844c,aef98915-d9bd-4ef8-82f6-281ec4d69cc6,6c886bbf-c15c-4713-9209-801939340c62,->,12acfc45-bdfb-4343-9004-9be15dfd844c,java/lang/StringBuilder.java,toString
12acfc45-bdfb-4343-9004-9be15dfd844c,aef98915-d9bd-4ef8-82f6-281ec4d69cc6,6c886bbf-c15c-4713-9209-801939340c62,->,12acfc45-bdfb-4343-9004-9be15dfd844c,aef98915-d9bd-4ef8-82f6-281ec4d69cc6,0cf0d29d-b160-429c-b796-5681868a0d4b
12acfc45-bdfb-4343-9004-9be15dfd844c,aef98915-d9bd-4ef8-82f6-281ec4d69cc6,6c886bbf-c15c-4713-9209-801939340c62,->,12acfc45-bdfb-4343-9004-9be15dfd844c,java/lang/StringBuilder.java,append
12acfc45-bdfb-4343-9004-9be15dfd844c,aef98915-d9bd-4ef8-82f6-281ec4d69cc6,6c886bbf-c15c-4713-9209-801939340c62,->,12acfc45-bdfb-4343-9004-9be15dfd844c,java/lang/StringBuilder.java,append
12acfc45-bdfb-4343-9004-9be15dfd844c,aef98915-d9bd-4ef8-82f6-281ec4d69cc6,6c886bbf-c15c-4713-9209-801939340c62,->,12acfc45-bdfb-4343-9004-9be15dfd844c,java/lang/StringBuilder.java,toString
12acfc45-bdfb-4343-9004-9be15dfd844c,aef98915-d9bd-4ef8-82f6-281ec4d69cc6,6c886bbf-c15c-4713-9209-801939340c62,->,12acfc45-bdfb-4343-9004-9be15dfd844c,aef98915-d9bd-4ef8-82f6-281ec4d69cc6,0cf0d29d-b160-429c-b796-5681868a0d4b
12acfc45-bdfb-4343-9004-9be15dfd844c,aef98915-d9bd-4ef8-82f6-281ec4d69cc6,6c886bbf-c15c-4713-9209-801939340c62,->,12acfc45-bdfb-4343-9004-9be15dfd844c,java/lang/StringBuilder.java,append
12acfc45-bdfb-4343-9004-9be15dfd844c,aef98915-d9bd-4ef8-82f6-281ec4d69cc6,6c886bbf-c15c-4713-9209-801939340c62,->,12acfc45-bdfb-4343-9004-9be15dfd844c,java/lang/StringBuilder.java,append
12acfc45-bdfb-4343-9004-9be15dfd844c,aef98915-d9bd-4ef8-82f6-281ec4d69cc6,6c886bbf-c15c-4713-9209-801939340c62,->,12acfc45-bdfb-4343-9004-9be15dfd844c,java/lang/StringBuilder.java,toString
12acfc45-bdfb-4343-9004-9be15dfd844c,aef98915-d9bd-4ef8-82f6-281ec4d69cc6,6c886bbf-c15c-4713-9209-801939340c62,->,12acfc45-bdfb-4343-9004-9be15dfd844c,aef98915-d9bd-4ef8-82f6-281ec4d69cc6,0cf0d29d-b160-429c-b796-5681868a0d4b
12acfc45-bdfb-4343-9004-9be15dfd844c,aef98915-d9bd-4ef8-82f6-281ec4d69cc6,6c886bbf-c15c-4713-9209-801939340c62,->,12acfc45-bdfb-4343-9004-9be15dfd844c,java/lang/StringBuilder.java,append
12acfc45-bdfb-4343-9004-9be15dfd844c,aef98915-d9bd-4ef8-82f6-281ec4d69cc6,6c886bbf-c15c-4713-9209-801939340c62,->,12acfc45-bdfb-4343-9004-9be15dfd844c,java/lang/StringBuilder.java,append
12acfc45-bdfb-4343-9004-9be15dfd844c,aef98915-d9bd-4ef8-82f6-281ec4d69cc6,6c886bbf-c15c-4713-9209-801939340c62,->,12acfc45-bdfb-4343-9004-9be15dfd844c,java/lang/StringBuilder.java,toString
12acfc45-bdfb-4343-9004-9be15dfd844c,aef98915-d9bd-4ef8-82f6-281ec4d69cc6,6c886bbf-c15c-4713-9209-801939340c62,->,12acfc45-bdfb-4343-9004-9be15dfd844c,aef98915-d9bd-4ef8-82f6-281ec4d69cc6,0cf0d29d-b160-429c-b796-5681868a0d4b
12acfc45-bdfb-4343-9004-9be15dfd844c,aef98915-d9bd-4ef8-82f6-281ec4d69cc6,6c886bbf-c15c-4713-9209-801939340c62,->,12acfc45-bdfb-4343-9004-9be15dfd844c,java/lang/StringBuilder.java,append
12acfc45-bdfb-4343-9004-9be15dfd844c,aef98915-d9bd-4ef8-82f6-281ec4d69cc6,6c886bbf-c15c-4713-9209-801939340c62,->,12acfc45-bdfb-4343-9004-9be15dfd844c,java/lang/StringBuilder.java,append
12acfc45-bdfb-4343-9004-9be15dfd844c,aef98915-d9bd-4ef8-82f6-281ec4d69cc6,6c886bbf-c15c-4713-9209-801939340c62,->,12acfc45-bdfb-4343-9004-9be15dfd844c,java/lang/StringBuilder.java,toString
12acfc45-bdfb-4343-9004-9be15dfd844c,aef98915-d9bd-4ef8-82f6-281ec4d69cc6,6c886bbf-c15c-4713-9209-801939340c62,->,12acfc45-bdfb-4343-9004-9be15dfd844c,aef98915-d9bd-4ef8-82f6-281ec4d69cc6,0cf0d29d-b160-429c-b796-5681868a0d4b
12acfc45-bdfb-4343-9004-9be15dfd844c,aef98915-d9bd-4ef8-82f6-281ec4d69cc6,6c886bbf-c15c-4713-9209-801939340c62,->,12acfc45-bdfb-4343-9004-9be15dfd844c,java/lang/StringBuilder.java,append
12acfc45-bdfb-4343-9004-9be15dfd844c,aef98915-d9bd-4ef8-82f6-281ec4d69cc6,6c886bbf-c15c-4713-9209-801939340c62,->,12acfc45-bdfb-4343-9004-9be15dfd844c,java/lang/StringBuilder.java,append
12acfc45-bdfb-4343-9004-9be15dfd844c,aef98915-d9bd-4ef8-82f6-281ec4d69cc6,6c886bbf-c15c-4713-9209-801939340c62,->,12acfc45-bdfb-4343-9004-9be15dfd844c,java/lang/StringBuilder.java,toString
12acfc45-bdfb-4343-9004-9be15dfd844c,aef98915-d9bd-4ef8-82f6-281ec4d69cc6,6c886bbf-c15c-4713-9209-801939340c62,->,12acfc45-bdfb-4343-9004-9be15dfd844c,aef98915-d9bd-4ef8-82f6-281ec4d69cc6,0cf0d29d-b160-429c-b796-5681868a0d4b
12acfc45-bdfb-4343-9004-9be15dfd844c,aef98915-d9bd-4ef8-82f6-281ec4d69cc6,6c886bbf-c15c-4713-9209-801939340c62,->,12acfc45-bdfb-4343-9004-9be15dfd844c,java/lang/StringBuilder.java,append
12acfc45-bdfb-4343-9004-9be15dfd844c,aef98915-d9bd-4ef8-82f6-281ec4d69cc6,6c886bbf-c15c-4713-9209-801939340c62,->,12acfc45-bdfb-4343-9004-9be15dfd844c,java/lang/StringBuilder.java,append
12acfc45-bdfb-4343-9004-9be15dfd844c,aef98915-d9bd-4ef8-82f6-281ec4d69cc6,6c886bbf-c15c-4713-9209-801939340c62,->,12acfc45-bdfb-4343-9004-9be15dfd844c,java/lang/StringBuilder.java,toString
12acfc45-bdfb-4343-9004-9be15dfd844c,aef98915-d9bd-4ef8-82f6-281ec4d69cc6,6c886bbf-c15c-4713-9209-801939340c62,->,12acfc45-bdfb-4343-9004-9be15dfd844c,aef98915-d9bd-4ef8-82f6-281ec4d69cc6,0cf0d29d-b160-429c-b796-5681868a0d4b
12acfc45-bdfb-4343-9004-9be15dfd844c,aef98915-d9bd-4ef8-82f6-281ec4d69cc6,6c886bbf-c15c-4713-9209-801939340c62,->,12acfc45-bdfb-4343-9004-9be15dfd844c,java/lang/StringBuilder.java,append
12acfc45-bdfb-4343-9004-9be15dfd844c,aef98915-d9bd-4ef8-82f6-281ec4d69cc6,6c886bbf-c15c-4713-9209-801939340c62,->,12acfc45-bdfb-4343-9004-9be15dfd844c,java/lang/StringBuilder.java,append
12acfc45-bdfb-4343-9004-9be15dfd844c,aef98915-d9bd-4ef8-82f6-281ec4d69cc6,6c886bbf-c15c-4713-9209-801939340c62,->,12acfc45-bdfb-4343-9004-9be15dfd844c,java/lang/StringBuilder.java,toString
12acfc45-bdfb-4343-9004-9be15dfd844c,aef98915-d9bd-4ef8-82f6-281ec4d69cc6,6c886bbf-c15c-4713-9209-801939340c62,->,12acfc45-bdfb-4343-9004-9be15dfd844c,aef98915-d9bd-4ef8-82f6-281ec4d69cc6,0cf0d29d-b160-429c-b796-5681868a0d4b
12acfc45-bdfb-4343-9004-9be15dfd844c,aef98915-d9bd-4ef8-82f6-281ec4d69cc6,6c886bbf-c15c-4713-9209-801939340c62,->,12acfc45-bdfb-4343-9004-9be15dfd844c,java/lang/StringBuilder.java,append
12acfc45-bdfb-4343-9004-9be15dfd844c,aef98915-d9bd-4ef8-82f6-281ec4d69cc6,6c886bbf-c15c-4713-9209-801939340c62,->,12acfc45-bdfb-4343-9004-9be15dfd844c,java/lang/StringBuilder.java,append
12acfc45-bdfb-4343-9004-9be15dfd844c,aef98915-d9bd-4ef8-82f6-281ec4d69cc6,6c886bbf-c15c-4713-9209-801939340c62,->,12acfc45-bdfb-4343-9004-9be15dfd844c,java/lang/StringBuilder.java,toString
12acfc45-bdfb-4343-9004-9be15dfd844c,aef98915-d9bd-4ef8-82f6-281ec4d69cc6,6c886bbf-c15c-4713-9209-801939340c62,->,12acfc45-bdfb-4343-9004-9be15dfd844c,aef98915-d9bd-4ef8-82f6-281ec4d69cc6,0cf0d29d-b160-429c-b796-5681868a0d4b
12acfc45-bdfb-4343-9004-9be15dfd844c,aef98915-d9bd-4ef8-82f6-281ec4d69cc6,6c886bbf-c15c-4713-9209-801939340c62,->,12acfc45-bdfb-4343-9004-9be15dfd844c,java/lang/StringBuilder.java,append
12acfc45-bdfb-4343-9004-9be15dfd844c,aef98915-d9bd-4ef8-82f6-281ec4d69cc6,6c886bbf-c15c-4713-9209-801939340c62,->,12acfc45-bdfb-4343-9004-9be15dfd844c,java/lang/StringBuilder.java,append
12acfc45-bdfb-4343-9004-9be15dfd844c,aef98915-d9bd-4ef8-82f6-281ec4d69cc6,6c886bbf-c15c-4713-9209-801939340c62,->,12acfc45-bdfb-4343-9004-9be15dfd844c,java/lang/StringBuilder.java,toString
12acfc45-bdfb-4343-9004-9be15dfd844c,aef98915-d9bd-4ef8-82f6-281ec4d69cc6,6c886bbf-c15c-4713-9209-801939340c62,->,12acfc45-bdfb-4343-9004-9be15dfd844c,aef98915-d9bd-4ef8-82f6-281ec4d69cc6,0cf0d29d-b160-429c-b796-5681868a0d4b
12acfc45-bdfb-4343-9004-9be15dfd844c,aef98915-d9bd-4ef8-82f6-281ec4d69cc6,6c886bbf-c15c-4713-9209-801939340c62,->,12acfc45-bdfb-4343-9004-9be15dfd844c,java/lang/StringBuilder.java,append
12acfc45-bdfb-4343-9004-9be15dfd844c,aef98915-d9bd-4ef8-82f6-281ec4d69cc6,6c886bbf-c15c-4713-9209-801939340c62,->,12acfc45-bdfb-4343-9004-9be15dfd844c,java/lang/StringBuilder.java,append
12acfc45-bdfb-4343-9004-9be15dfd844c,aef98915-d9bd-4ef8-82f6-281ec4d69cc6,6c886bbf-c15c-4713-9209-801939340c62,->,12acfc45-bdfb-4343-9004-9be15dfd844c,java/lang/StringBuilder.java,toString
12acfc45-bdfb-4343-9004-9be15dfd844c,aef98915-d9bd-4ef8-82f6-281ec4d69cc6,6c886bbf-c15c-4713-9209-801939340c62,->,12acfc45-bdfb-4343-9004-9be15dfd844c,aef98915-d9bd-4ef8-82f6-281ec4d69cc6,0cf0d29d-b160-429c-b796-5681868a0d4b
12acfc45-bdfb-4343-9004-9be15dfd844c,aef98915-d9bd-4ef8-82f6-281ec4d69cc6,6c886bbf-c15c-4713-9209-801939340c62,->,12acfc45-bdfb-4343-9004-9be15dfd844c,java/lang/StringBuilder.java,append
12acfc45-bdfb-4343-9004-9be15dfd844c,aef98915-d9bd-4ef8-82f6-281ec4d69cc6,6c886bbf-c15c-4713-9209-801939340c62,->,12acfc45-bdfb-4343-9004-9be15dfd844c,java/lang/StringBuilder.java,append
12acfc45-bdfb-4343-9004-9be15dfd844c,aef98915-d9bd-4ef8-82f6-281ec4d69cc6,6c886bbf-c15c-4713-9209-801939340c62,->,12acfc45-bdfb-4343-9004-9be15dfd844c,java/lang/StringBuilder.java,toString
12acfc45-bdfb-4343-9004-9be15dfd844c,aef98915-d9bd-4ef8-82f6-281ec4d69cc6,6c886bbf-c15c-4713-9209-801939340c62,->,12acfc45-bdfb-4343-9004-9be15dfd844c,aef98915-d9bd-4ef8-82f6-281ec4d69cc6,0cf0d29d-b160-429c-b796-5681868a0d4b
12acfc45-bdfb-4343-9004-9be15dfd844c,aef98915-d9bd-4ef8-82f6-281ec4d69cc6,6c886bbf-c15c-4713-9209-801939340c62,->,12acfc45-bdfb-4343-9004-9be15dfd844c,java/lang/StringBuilder.java,append
12acfc45-bdfb-4343-9004-9be15dfd844c,aef98915-d9bd-4ef8-82f6-281ec4d69cc6,6c886bbf-c15c-4713-9209-801939340c62,->,12acfc45-bdfb-4343-9004-9be15dfd844c,java/lang/StringBuilder.java,append
12acfc45-bdfb-4343-9004-9be15dfd844c,aef98915-d9bd-4ef8-82f6-281ec4d69cc6,6c886bbf-c15c-4713-9209-801939340c62,->,12acfc45-bdfb-4343-9004-9be15dfd844c,java/lang/StringBuilder.java,toString
12acfc45-bdfb-4343-9004-9be15dfd844c,aef98915-d9bd-4ef8-82f6-281ec4d69cc6,6c886bbf-c15c-4713-9209-801939340c62,->,12acfc45-bdfb-4343-9004-9be15dfd844c,aef98915-d9bd-4ef8-82f6-281ec4d69cc6,0cf0d29d-b160-429c-b796-5681868a0d4b
12acfc45-bdfb-4343-9004-9be15dfd844c,aef98915-d9bd-4ef8-82f6-281ec4d69cc6,6c886bbf-c15c-4713-9209-801939340c62,->,12acfc45-bdfb-4343-9004-9be15dfd844c,java/lang/StringBuilder.java,append
12acfc45-bdfb-4343-9004-9be15dfd844c,aef98915-d9bd-4ef8-82f6-281ec4d69cc6,6c886bbf-c15c-4713-9209-801939340c62,->,12acfc45-bdfb-4343-9004-9be15dfd844c,java/lang/StringBuilder.java,append
12acfc45-bdfb-4343-9004-9be15dfd844c,aef98915-d9bd-4ef8-82f6-281ec4d69cc6,6c886bbf-c15c-4713-9209-801939340c62,->,12acfc45-bdfb-4343-9004-9be15dfd844c,java/lang/StringBuilder.java,toString
12acfc45-bdfb-4343-9004-9be15dfd844c,aef98915-d9bd-4ef8-82f6-281ec4d69cc6,6c886bbf-c15c-4713-9209-801939340c62,->,12acfc45-bdfb-4343-9004-9be15dfd844c,aef98915-d9bd-4ef8-82f6-281ec4d69cc6,0cf0d29d-b160-429c-b796-5681868a0d4b
12acfc45-bdfb-4343-9004-9be15dfd844c,aef98915-d9bd-4ef8-82f6-281ec4d69cc6,6c886bbf-c15c-4713-9209-801939340c62,->,12acfc45-bdfb-4343-9004-9be15dfd844c,java/lang/StringBuilder.java,append
12acfc45-bdfb-4343-9004-9be15dfd844c,aef98915-d9bd-4ef8-82f6-281ec4d69cc6,6c886bbf-c15c-4713-9209-801939340c62,->,12acfc45-bdfb-4343-9004-9be15dfd844c,java/lang/StringBuilder.java,append
12acfc45-bdfb-4343-9004-9be15dfd844c,aef98915-d9bd-4ef8-82f6-281ec4d69cc6,6c886bbf-c15c-4713-9209-801939340c62,->,12acfc45-bdfb-4343-9004-9be15dfd844c,java/lang/StringBuilder.java,toString
12acfc45-bdfb-4343-9004-9be15dfd844c,aef98915-d9bd-4ef8-82f6-281ec4d69cc6,6c886bbf-c15c-4713-9209-801939340c62,->,12acfc45-bdfb-4343-9004-9be15dfd844c,aef98915-d9bd-4ef8-82f6-281ec4d69cc6,0cf0d29d-b160-429c-b796-5681868a0d4b
12acfc45-bdfb-4343-9004-9be15dfd844c,aef98915-d9bd-4ef8-82f6-281ec4d69cc6,6c886bbf-c15c-4713-9209-801939340c62,->,12acfc45-bdfb-4343-9004-9be15dfd844c,java/lang/StringBuilder.java,append
12acfc45-bdfb-4343-9004-9be15dfd844c,aef98915-d9bd-4ef8-82f6-281ec4d69cc6,6c886bbf-c15c-4713-9209-801939340c62,->,12acfc45-bdfb-4343-9004-9be15dfd844c,java/lang/StringBuilder.java,append
12acfc45-bdfb-4343-9004-9be15dfd844c,aef98915-d9bd-4ef8-82f6-281ec4d69cc6,6c886bbf-c15c-4713-9209-801939340c62,->,12acfc45-bdfb-4343-9004-9be15dfd844c,java/lang/StringBuilder.java,toString
12acfc45-bdfb-4343-9004-9be15dfd844c,aef98915-d9bd-4ef8-82f6-281ec4d69cc6,6c886bbf-c15c-4713-9209-801939340c62,->,12acfc45-bdfb-4343-9004-9be15dfd844c,aef98915-d9bd-4ef8-82f6-281ec4d69cc6,0cf0d29d-b160-429c-b796-5681868a0d4b
12acfc45-bdfb-4343-9004-9be15dfd844c,aef98915-d9bd-4ef8-82f6-281ec4d69cc6,6c886bbf-c15c-4713-9209-801939340c62,->,12acfc45-bdfb-4343-9004-9be15dfd844c,java/lang/StringBuilder.java,append
12acfc45-bdfb-4343-9004-9be15dfd844c,aef98915-d9bd-4ef8-82f6-281ec4d69cc6,6c886bbf-c15c-4713-9209-801939340c62,->,12acfc45-bdfb-4343-9004-9be15dfd844c,java/lang/StringBuilder.java,append
12acfc45-bdfb-4343-9004-9be15dfd844c,aef98915-d9bd-4ef8-82f6-281ec4d69cc6,6c886bbf-c15c-4713-9209-801939340c62,->,12acfc45-bdfb-4343-9004-9be15dfd844c,java/lang/StringBuilder.java,toString
12acfc45-bdfb-4343-9004-9be15dfd844c,aef98915-d9bd-4ef8-82f6-281ec4d69cc6,6c886bbf-c15c-4713-9209-801939340c62,->,12acfc45-bdfb-4343-9004-9be15dfd844c,aef98915-d9bd-4ef8-82f6-281ec4d69cc6,0cf0d29d-b160-429c-b796-5681868a0d4b
12acfc45-bdfb-4343-9004-9be15dfd844c,aef98915-d9bd-4ef8-82f6-281ec4d69cc6,6c886bbf-c15c-4713-9209-801939340c62,->,12acfc45-bdfb-4343-9004-9be15dfd844c,java/lang/StringBuilder.java,append
12acfc45-bdfb-4343-9004-9be15dfd844c,aef98915-d9bd-4ef8-82f6-281ec4d69cc6,6c886bbf-c15c-4713-9209-801939340c62,->,12acfc45-bdfb-4343-9004-9be15dfd844c,java/lang/StringBuilder.java,append
12acfc45-bdfb-4343-9004-9be15dfd844c,aef98915-d9bd-4ef8-82f6-281ec4d69cc6,6c886bbf-c15c-4713-9209-801939340c62,->,12acfc45-bdfb-4343-9004-9be15dfd844c,java/lang/StringBuilder.java,toString
12acfc45-bdfb-4343-9004-9be15dfd844c,aef98915-d9bd-4ef8-82f6-281ec4d69cc6,6c886bbf-c15c-4713-9209-801939340c62,->,12acfc45-bdfb-4343-9004-9be15dfd844c,aef98915-d9bd-4ef8-82f6-281ec4d69cc6,0cf0d29d-b160-429c-b796-5681868a0d4b
12acfc45-bdfb-4343-9004-9be15dfd844c,aef98915-d9bd-4ef8-82f6-281ec4d69cc6,6c886bbf-c15c-4713-9209-801939340c62,->,12acfc45-bdfb-4343-9004-9be15dfd844c,java/lang/StringBuilder.java,append
12acfc45-bdfb-4343-9004-9be15dfd844c,aef98915-d9bd-4ef8-82f6-281ec4d69cc6,6c886bbf-c15c-4713-9209-801939340c62,->,12acfc45-bdfb-4343-9004-9be15dfd844c,java/lang/StringBuilder.java,append
12acfc45-bdfb-4343-9004-9be15dfd844c,aef98915-d9bd-4ef8-82f6-281ec4d69cc6,6c886bbf-c15c-4713-9209-801939340c62,->,12acfc45-bdfb-4343-9004-9be15dfd844c,java/lang/StringBuilder.java,toString
12acfc45-bdfb-4343-9004-9be15dfd844c,aef98915-d9bd-4ef8-82f6-281ec4d69cc6,6c886bbf-c15c-4713-9209-801939340c62,->,12acfc45-bdfb-4343-9004-9be15dfd844c,aef98915-d9bd-4ef8-82f6-281ec4d69cc6,0cf0d29d-b160-429c-b796-5681868a0d4b
12acfc45-bdfb-4343-9004-9be15dfd844c,aef98915-d9bd-4ef8-82f6-281ec4d69cc6,6c886bbf-c15c-4713-9209-801939340c62,->,12acfc45-bdfb-4343-9004-9be15dfd844c,java/lang/StringBuilder.java,append
12acfc45-bdfb-4343-9004-9be15dfd844c,aef98915-d9bd-4ef8-82f6-281ec4d69cc6,6c886bbf-c15c-4713-9209-801939340c62,->,12acfc45-bdfb-4343-9004-9be15dfd844c,java/lang/StringBuilder.java,append
12acfc45-bdfb-4343-9004-9be15dfd844c,aef98915-d9bd-4ef8-82f6-281ec4d69cc6,6c886bbf-c15c-4713-9209-801939340c62,->,12acfc45-bdfb-4343-9004-9be15dfd844c,java/lang/StringBuilder.java,toString
12acfc45-bdfb-4343-9004-9be15dfd844c,aef98915-d9bd-4ef8-82f6-281ec4d69cc6,6c886bbf-c15c-4713-9209-801939340c62,->,12acfc45-bdfb-4343-9004-9be15dfd844c,aef98915-d9bd-4ef8-82f6-281ec4d69cc6,0cf0d29d-b160-429c-b796-5681868a0d4b
12acfc45-bdfb-4343-9004-9be15dfd844c,aef98915-d9bd-4ef8-82f6-281ec4d69cc6,6c886bbf-c15c-4713-9209-801939340c62,->,12acfc45-bdfb-4343-9004-9be15dfd844c,java/lang/StringBuilder.java,append
12acfc45-bdfb-4343-9004-9be15dfd844c,aef98915-d9bd-4ef8-82f6-281ec4d69cc6,6c886bbf-c15c-4713-9209-801939340c62,->,12acfc45-bdfb-4343-9004-9be15dfd844c,java/lang/StringBuilder.java,append
12acfc45-bdfb-4343-9004-9be15dfd844c,aef98915-d9bd-4ef8-82f6-281ec4d69cc6,6c886bbf-c15c-4713-9209-801939340c62,->,12acfc45-bdfb-4343-9004-9be15dfd844c,java/lang/StringBuilder.java,toString
12acfc45-bdfb-4343-9004-9be15dfd844c,aef98915-d9bd-4ef8-82f6-281ec4d69cc6,6c886bbf-c15c-4713-9209-801939340c62,->,12acfc45-bdfb-4343-9004-9be15dfd844c,aef98915-d9bd-4ef8-82f6-281ec4d69cc6,0cf0d29d-b160-429c-b796-5681868a0d4b
12acfc45-bdfb-4343-9004-9be15dfd844c,aef98915-d9bd-4ef8-82f6-281ec4d69cc6,6c886bbf-c15c-4713-9209-801939340c62,->,12acfc45-bdfb-4343-9004-9be15dfd844c,java/lang/StringBuilder.java,append
12acfc45-bdfb-4343-9004-9be15dfd844c,aef98915-d9bd-4ef8-82f6-281ec4d69cc6,6c886bbf-c15c-4713-9209-801939340c62,->,12acfc45-bdfb-4343-9004-9be15dfd844c,java/lang/StringBuilder.java,append
12acfc45-bdfb-4343-9004-9be15dfd844c,aef98915-d9bd-4ef8-82f6-281ec4d69cc6,6c886bbf-c15c-4713-9209-801939340c62,->,12acfc45-bdfb-4343-9004-9be15dfd844c,java/lang/StringBuilder.java,toString
12acfc45-bdfb-4343-9004-9be15dfd844c,aef98915-d9bd-4ef8-82f6-281ec4d69cc6,6c886bbf-c15c-4713-9209-801939340c62,->,12acfc45-bdfb-4343-9004-9be15dfd844c,aef98915-d9bd-4ef8-82f6-281ec4d69cc6,0cf0d29d-b160-429c-b796-5681868a0d4b
12acfc45-bdfb-4343-9004-9be15dfd844c,aef98915-d9bd-4ef8-82f6-281ec4d69cc6,6c886bbf-c15c-4713-9209-801939340c62,->,12acfc45-bdfb-4343-9004-9be15dfd844c,java/lang/StringBuilder.java,append
12acfc45-bdfb-4343-9004-9be15dfd844c,aef98915-d9bd-4ef8-82f6-281ec4d69cc6,6c886bbf-c15c-4713-9209-801939340c62,->,12acfc45-bdfb-4343-9004-9be15dfd844c,java/lang/StringBuilder.java,append
12acfc45-bdfb-4343-9004-9be15dfd844c,aef98915-d9bd-4ef8-82f6-281ec4d69cc6,6c886bbf-c15c-4713-9209-801939340c62,->,12acfc45-bdfb-4343-9004-9be15dfd844c,java/lang/StringBuilder.java,toString
12acfc45-bdfb-4343-9004-9be15dfd844c,aef98915-d9bd-4ef8-82f6-281ec4d69cc6,6c886bbf-c15c-4713-9209-801939340c62,->,12acfc45-bdfb-4343-9004-9be15dfd844c,aef98915-d9bd-4ef8-82f6-281ec4d69cc6,0cf0d29d-b160-429c-b796-5681868a0d4b
12acfc45-bdfb-4343-9004-9be15dfd844c,aef98915-d9bd-4ef8-82f6-281ec4d69cc6,6c886bbf-c15c-4713-9209-801939340c62,->,12acfc45-bdfb-4343-9004-9be15dfd844c,aef98915-d9bd-4ef8-82f6-281ec4d69cc6,0fb8c0b3-d526-4e5a-b200-7aabf6303623
12acfc45-bdfb-4343-9004-9be15dfd844c,aef98915-d9bd-4ef8-82f6-281ec4d69cc6,6c886bbf-c15c-4713-9209-801939340c62,->,12acfc45-bdfb-4343-9004-9be15dfd844c,aef98915-d9bd-4ef8-82f6-281ec4d69cc6,3992bd2f-77ae-44fd-9dcd-0b271853822c
12acfc45-bdfb-4343-9004-9be15dfd844c,aef98915-d9bd-4ef8-82f6-281ec4d69cc6,6c886bbf-c15c-4713-9209-801939340c62,->,12acfc45-bdfb-4343-9004-9be15dfd844c,java/lang/StringBuilder.java,append
12acfc45-bdfb-4343-9004-9be15dfd844c,aef98915-d9bd-4ef8-82f6-281ec4d69cc6,6c886bbf-c15c-4713-9209-801939340c62,->,12acfc45-bdfb-4343-9004-9be15dfd844c,java/lang/StringBuilder.java,append
12acfc45-bdfb-4343-9004-9be15dfd844c,aef98915-d9bd-4ef8-82f6-281ec4d69cc6,6c886bbf-c15c-4713-9209-801939340c62,->,12acfc45-bdfb-4343-9004-9be15dfd844c,java/lang/StringBuilder.java,toString
12acfc45-bdfb-4343-9004-9be15dfd844c,aef98915-d9bd-4ef8-82f6-281ec4d69cc6,6c886bbf-c15c-4713-9209-801939340c62,->,12acfc45-bdfb-4343-9004-9be15dfd844c,aef98915-d9bd-4ef8-82f6-281ec4d69cc6,0cf0d29d-b160-429c-b796-5681868a0d4b
12acfc45-bdfb-4343-9004-9be15dfd844c,aef98915-d9bd-4ef8-82f6-281ec4d69cc6,6c886bbf-c15c-4713-9209-801939340c62,->,12acfc45-bdfb-4343-9004-9be15dfd844c,java/lang/StringBuilder.java,append
12acfc45-bdfb-4343-9004-9be15dfd844c,aef98915-d9bd-4ef8-82f6-281ec4d69cc6,6c886bbf-c15c-4713-9209-801939340c62,->,12acfc45-bdfb-4343-9004-9be15dfd844c,java/lang/StringBuilder.java,append
12acfc45-bdfb-4343-9004-9be15dfd844c,aef98915-d9bd-4ef8-82f6-281ec4d69cc6,6c886bbf-c15c-4713-9209-801939340c62,->,12acfc45-bdfb-4343-9004-9be15dfd844c,java/lang/StringBuilder.java,toString
12acfc45-bdfb-4343-9004-9be15dfd844c,aef98915-d9bd-4ef8-82f6-281ec4d69cc6,6c886bbf-c15c-4713-9209-801939340c62,->,12acfc45-bdfb-4343-9004-9be15dfd844c,aef98915-d9bd-4ef8-82f6-281ec4d69cc6,0cf0d29d-b160-429c-b796-5681868a0d4b
12acfc45-bdfb-4343-9004-9be15dfd844c,aef98915-d9bd-4ef8-82f6-281ec4d69cc6,6c886bbf-c15c-4713-9209-801939340c62,->,12acfc45-bdfb-4343-9004-9be15dfd844c,java/lang/StringBuilder.java,append
12acfc45-bdfb-4343-9004-9be15dfd844c,aef98915-d9bd-4ef8-82f6-281ec4d69cc6,6c886bbf-c15c-4713-9209-801939340c62,->,12acfc45-bdfb-4343-9004-9be15dfd844c,java/lang/StringBuilder.java,append
12acfc45-bdfb-4343-9004-9be15dfd844c,aef98915-d9bd-4ef8-82f6-281ec4d69cc6,6c886bbf-c15c-4713-9209-801939340c62,->,12acfc45-bdfb-4343-9004-9be15dfd844c,java/lang/StringBuilder.java,toString
12acfc45-bdfb-4343-9004-9be15dfd844c,aef98915-d9bd-4ef8-82f6-281ec4d69cc6,6c886bbf-c15c-4713-9209-801939340c62,->,12acfc45-bdfb-4343-9004-9be15dfd844c,aef98915-d9bd-4ef8-82f6-281ec4d69cc6,0cf0d29d-b160-429c-b796-5681868a0d4b
12acfc45-bdfb-4343-9004-9be15dfd844c,aef98915-d9bd-4ef8-82f6-281ec4d69cc6,6c886bbf-c15c-4713-9209-801939340c62,->,12acfc45-bdfb-4343-9004-9be15dfd844c,java/lang/StringBuilder.java,append
12acfc45-bdfb-4343-9004-9be15dfd844c,aef98915-d9bd-4ef8-82f6-281ec4d69cc6,6c886bbf-c15c-4713-9209-801939340c62,->,12acfc45-bdfb-4343-9004-9be15dfd844c,java/lang/StringBuilder.java,append
12acfc45-bdfb-4343-9004-9be15dfd844c,aef98915-d9bd-4ef8-82f6-281ec4d69cc6,6c886bbf-c15c-4713-9209-801939340c62,->,12acfc45-bdfb-4343-9004-9be15dfd844c,java/lang/StringBuilder.java,toString
12acfc45-bdfb-4343-9004-9be15dfd844c,aef98915-d9bd-4ef8-82f6-281ec4d69cc6,6c886bbf-c15c-4713-9209-801939340c62,->,12acfc45-bdfb-4343-9004-9be15dfd844c,aef98915-d9bd-4ef8-82f6-281ec4d69cc6,0cf0d29d-b160-429c-b796-5681868a0d4b
12acfc45-bdfb-4343-9004-9be15dfd844c,aef98915-d9bd-4ef8-82f6-281ec4d69cc6,6c886bbf-c15c-4713-9209-801939340c62,->,12acfc45-bdfb-4343-9004-9be15dfd844c,java/lang/StringBuilder.java,append
12acfc45-bdfb-4343-9004-9be15dfd844c,aef98915-d9bd-4ef8-82f6-281ec4d69cc6,6c886bbf-c15c-4713-9209-801939340c62,->,12acfc45-bdfb-4343-9004-9be15dfd844c,java/lang/StringBuilder.java,append
12acfc45-bdfb-4343-9004-9be15dfd844c,aef98915-d9bd-4ef8-82f6-281ec4d69cc6,6c886bbf-c15c-4713-9209-801939340c62,->,12acfc45-bdfb-4343-9004-9be15dfd844c,java/lang/StringBuilder.java,toString
12acfc45-bdfb-4343-9004-9be15dfd844c,aef98915-d9bd-4ef8-82f6-281ec4d69cc6,6c886bbf-c15c-4713-9209-801939340c62,->,12acfc45-bdfb-4343-9004-9be15dfd844c,aef98915-d9bd-4ef8-82f6-281ec4d69cc6,0cf0d29d-b160-429c-b796-5681868a0d4b
12acfc45-bdfb-4343-9004-9be15dfd844c,aef98915-d9bd-4ef8-82f6-281ec4d69cc6,6c886bbf-c15c-4713-9209-801939340c62,->,12acfc45-bdfb-4343-9004-9be15dfd844c,java/lang/StringBuilder.java,append
12acfc45-bdfb-4343-9004-9be15dfd844c,aef98915-d9bd-4ef8-82f6-281ec4d69cc6,6c886bbf-c15c-4713-9209-801939340c62,->,12acfc45-bdfb-4343-9004-9be15dfd844c,java/lang/StringBuilder.java,append
12acfc45-bdfb-4343-9004-9be15dfd844c,aef98915-d9bd-4ef8-82f6-281ec4d69cc6,6c886bbf-c15c-4713-9209-801939340c62,->,12acfc45-bdfb-4343-9004-9be15dfd844c,java/lang/StringBuilder.java,toString
12acfc45-bdfb-4343-9004-9be15dfd844c,aef98915-d9bd-4ef8-82f6-281ec4d69cc6,6c886bbf-c15c-4713-9209-801939340c62,->,12acfc45-bdfb-4343-9004-9be15dfd844c,aef98915-d9bd-4ef8-82f6-281ec4d69cc6,0cf0d29d-b160-429c-b796-5681868a0d4b
12acfc45-bdfb-4343-9004-9be15dfd844c,aef98915-d9bd-4ef8-82f6-281ec4d69cc6,6c886bbf-c15c-4713-9209-801939340c62,->,12acfc45-bdfb-4343-9004-9be15dfd844c,java/lang/StringBuilder.java,append
12acfc45-bdfb-4343-9004-9be15dfd844c,aef98915-d9bd-4ef8-82f6-281ec4d69cc6,6c886bbf-c15c-4713-9209-801939340c62,->,12acfc45-bdfb-4343-9004-9be15dfd844c,java/lang/StringBuilder.java,append
12acfc45-bdfb-4343-9004-9be15dfd844c,aef98915-d9bd-4ef8-82f6-281ec4d69cc6,6c886bbf-c15c-4713-9209-801939340c62,->,12acfc45-bdfb-4343-9004-9be15dfd844c,java/lang/StringBuilder.java,toString
12acfc45-bdfb-4343-9004-9be15dfd844c,aef98915-d9bd-4ef8-82f6-281ec4d69cc6,6c886bbf-c15c-4713-9209-801939340c62,->,12acfc45-bdfb-4343-9004-9be15dfd844c,aef98915-d9bd-4ef8-82f6-281ec4d69cc6,0cf0d29d-b160-429c-b796-5681868a0d4b
12acfc45-bdfb-4343-9004-9be15dfd844c,aef98915-d9bd-4ef8-82f6-281ec4d69cc6,6c886bbf-c15c-4713-9209-801939340c62,->,12acfc45-bdfb-4343-9004-9be15dfd844c,java/lang/StringBuilder.java,append
12acfc45-bdfb-4343-9004-9be15dfd844c,aef98915-d9bd-4ef8-82f6-281ec4d69cc6,6c886bbf-c15c-4713-9209-801939340c62,->,12acfc45-bdfb-4343-9004-9be15dfd844c,java/lang/StringBuilder.java,append
12acfc45-bdfb-4343-9004-9be15dfd844c,aef98915-d9bd-4ef8-82f6-281ec4d69cc6,6c886bbf-c15c-4713-9209-801939340c62,->,12acfc45-bdfb-4343-9004-9be15dfd844c,java/lang/StringBuilder.java,toString
12acfc45-bdfb-4343-9004-9be15dfd844c,aef98915-d9bd-4ef8-82f6-281ec4d69cc6,6c886bbf-c15c-4713-9209-801939340c62,->,12acfc45-bdfb-4343-9004-9be15dfd844c,aef98915-d9bd-4ef8-82f6-281ec4d69cc6,0cf0d29d-b160-429c-b796-5681868a0d4b
12acfc45-bdfb-4343-9004-9be15dfd844c,aef98915-d9bd-4ef8-82f6-281ec4d69cc6,6c886bbf-c15c-4713-9209-801939340c62,->,12acfc45-bdfb-4343-9004-9be15dfd844c,java/lang/StringBuilder.java,append
12acfc45-bdfb-4343-9004-9be15dfd844c,aef98915-d9bd-4ef8-82f6-281ec4d69cc6,6c886bbf-c15c-4713-9209-801939340c62,->,12acfc45-bdfb-4343-9004-9be15dfd844c,java/lang/StringBuilder.java,append
12acfc45-bdfb-4343-9004-9be15dfd844c,aef98915-d9bd-4ef8-82f6-281ec4d69cc6,6c886bbf-c15c-4713-9209-801939340c62,->,12acfc45-bdfb-4343-9004-9be15dfd844c,java/lang/StringBuilder.java,toString
12acfc45-bdfb-4343-9004-9be15dfd844c,aef98915-d9bd-4ef8-82f6-281ec4d69cc6,6c886bbf-c15c-4713-9209-801939340c62,->,12acfc45-bdfb-4343-9004-9be15dfd844c,aef98915-d9bd-4ef8-82f6-281ec4d69cc6,0cf0d29d-b160-429c-b796-5681868a0d4b
12acfc45-bdfb-4343-9004-9be15dfd844c,aef98915-d9bd-4ef8-82f6-281ec4d69cc6,6c886bbf-c15c-4713-9209-801939340c62,->,12acfc45-bdfb-4343-9004-9be15dfd844c,java/lang/StringBuilder.java,append
12acfc45-bdfb-4343-9004-9be15dfd844c,aef98915-d9bd-4ef8-82f6-281ec4d69cc6,6c886bbf-c15c-4713-9209-801939340c62,->,12acfc45-bdfb-4343-9004-9be15dfd844c,java/lang/StringBuilder.java,append
12acfc45-bdfb-4343-9004-9be15dfd844c,aef98915-d9bd-4ef8-82f6-281ec4d69cc6,6c886bbf-c15c-4713-9209-801939340c62,->,12acfc45-bdfb-4343-9004-9be15dfd844c,java/lang/StringBuilder.java,toString
12acfc45-bdfb-4343-9004-9be15dfd844c,aef98915-d9bd-4ef8-82f6-281ec4d69cc6,6c886bbf-c15c-4713-9209-801939340c62,->,12acfc45-bdfb-4343-9004-9be15dfd844c,aef98915-d9bd-4ef8-82f6-281ec4d69cc6,0cf0d29d-b160-429c-b796-5681868a0d4b
12acfc45-bdfb-4343-9004-9be15dfd844c,aef98915-d9bd-4ef8-82f6-281ec4d69cc6,6c886bbf-c15c-4713-9209-801939340c62,->,12acfc45-bdfb-4343-9004-9be15dfd844c,java/lang/StringBuilder.java,append
12acfc45-bdfb-4343-9004-9be15dfd844c,aef98915-d9bd-4ef8-82f6-281ec4d69cc6,6c886bbf-c15c-4713-9209-801939340c62,->,12acfc45-bdfb-4343-9004-9be15dfd844c,java/lang/StringBuilder.java,append
12acfc45-bdfb-4343-9004-9be15dfd844c,aef98915-d9bd-4ef8-82f6-281ec4d69cc6,6c886bbf-c15c-4713-9209-801939340c62,->,12acfc45-bdfb-4343-9004-9be15dfd844c,java/lang/StringBuilder.java,toString
12acfc45-bdfb-4343-9004-9be15dfd844c,aef98915-d9bd-4ef8-82f6-281ec4d69cc6,6c886bbf-c15c-4713-9209-801939340c62,->,12acfc45-bdfb-4343-9004-9be15dfd844c,aef98915-d9bd-4ef8-82f6-281ec4d69cc6,0cf0d29d-b160-429c-b796-5681868a0d4b
12acfc45-bdfb-4343-9004-9be15dfd844c,aef98915-d9bd-4ef8-82f6-281ec4d69cc6,6c886bbf-c15c-4713-9209-801939340c62,->,12acfc45-bdfb-4343-9004-9be15dfd844c,java/lang/StringBuilder.java,append
12acfc45-bdfb-4343-9004-9be15dfd844c,aef98915-d9bd-4ef8-82f6-281ec4d69cc6,6c886bbf-c15c-4713-9209-801939340c62,->,12acfc45-bdfb-4343-9004-9be15dfd844c,java/lang/StringBuilder.java,append
12acfc45-bdfb-4343-9004-9be15dfd844c,aef98915-d9bd-4ef8-82f6-281ec4d69cc6,6c886bbf-c15c-4713-9209-801939340c62,->,12acfc45-bdfb-4343-9004-9be15dfd844c,java/lang/StringBuilder.java,toString
12acfc45-bdfb-4343-9004-9be15dfd844c,aef98915-d9bd-4ef8-82f6-281ec4d69cc6,6c886bbf-c15c-4713-9209-801939340c62,->,12acfc45-bdfb-4343-9004-9be15dfd844c,aef98915-d9bd-4ef8-82f6-281ec4d69cc6,0cf0d29d-b160-429c-b796-5681868a0d4b
12acfc45-bdfb-4343-9004-9be15dfd844c,aef98915-d9bd-4ef8-82f6-281ec4d69cc6,6c886bbf-c15c-4713-9209-801939340c62,->,12acfc45-bdfb-4343-9004-9be15dfd844c,java/lang/StringBuilder.java,append
12acfc45-bdfb-4343-9004-9be15dfd844c,aef98915-d9bd-4ef8-82f6-281ec4d69cc6,6c886bbf-c15c-4713-9209-801939340c62,->,12acfc45-bdfb-4343-9004-9be15dfd844c,java/lang/StringBuilder.java,append
12acfc45-bdfb-4343-9004-9be15dfd844c,aef98915-d9bd-4ef8-82f6-281ec4d69cc6,6c886bbf-c15c-4713-9209-801939340c62,->,12acfc45-bdfb-4343-9004-9be15dfd844c,java/lang/StringBuilder.java,toString
12acfc45-bdfb-4343-9004-9be15dfd844c,aef98915-d9bd-4ef8-82f6-281ec4d69cc6,6c886bbf-c15c-4713-9209-801939340c62,->,12acfc45-bdfb-4343-9004-9be15dfd844c,aef98915-d9bd-4ef8-82f6-281ec4d69cc6,0cf0d29d-b160-429c-b796-5681868a0d4b
12acfc45-bdfb-4343-9004-9be15dfd844c,aef98915-d9bd-4ef8-82f6-281ec4d69cc6,6c886bbf-c15c-4713-9209-801939340c62,->,12acfc45-bdfb-4343-9004-9be15dfd844c,java/lang/StringBuilder.java,append
12acfc45-bdfb-4343-9004-9be15dfd844c,aef98915-d9bd-4ef8-82f6-281ec4d69cc6,6c886bbf-c15c-4713-9209-801939340c62,->,12acfc45-bdfb-4343-9004-9be15dfd844c,java/lang/StringBuilder.java,append
12acfc45-bdfb-4343-9004-9be15dfd844c,aef98915-d9bd-4ef8-82f6-281ec4d69cc6,6c886bbf-c15c-4713-9209-801939340c62,->,12acfc45-bdfb-4343-9004-9be15dfd844c,java/lang/StringBuilder.java,toString
12acfc45-bdfb-4343-9004-9be15dfd844c,aef98915-d9bd-4ef8-82f6-281ec4d69cc6,6c886bbf-c15c-4713-9209-801939340c62,->,12acfc45-bdfb-4343-9004-9be15dfd844c,aef98915-d9bd-4ef8-82f6-281ec4d69cc6,0cf0d29d-b160-429c-b796-5681868a0d4b
12acfc45-bdfb-4343-9004-9be15dfd844c,aef98915-d9bd-4ef8-82f6-281ec4d69cc6,6c886bbf-c15c-4713-9209-801939340c62,->,12acfc45-bdfb-4343-9004-9be15dfd844c,java/lang/StringBuilder.java,append
12acfc45-bdfb-4343-9004-9be15dfd844c,aef98915-d9bd-4ef8-82f6-281ec4d69cc6,6c886bbf-c15c-4713-9209-801939340c62,->,12acfc45-bdfb-4343-9004-9be15dfd844c,java/lang/StringBuilder.java,append
12acfc45-bdfb-4343-9004-9be15dfd844c,aef98915-d9bd-4ef8-82f6-281ec4d69cc6,6c886bbf-c15c-4713-9209-801939340c62,->,12acfc45-bdfb-4343-9004-9be15dfd844c,java/lang/StringBuilder.java,toString
12acfc45-bdfb-4343-9004-9be15dfd844c,aef98915-d9bd-4ef8-82f6-281ec4d69cc6,6c886bbf-c15c-4713-9209-801939340c62,->,12acfc45-bdfb-4343-9004-9be15dfd844c,aef98915-d9bd-4ef8-82f6-281ec4d69cc6,0cf0d29d-b160-429c-b796-5681868a0d4b
12acfc45-bdfb-4343-9004-9be15dfd844c,aef98915-d9bd-4ef8-82f6-281ec4d69cc6,6c886bbf-c15c-4713-9209-801939340c62,->,12acfc45-bdfb-4343-9004-9be15dfd844c,java/lang/StringBuilder.java,append
12acfc45-bdfb-4343-9004-9be15dfd844c,aef98915-d9bd-4ef8-82f6-281ec4d69cc6,6c886bbf-c15c-4713-9209-801939340c62,->,12acfc45-bdfb-4343-9004-9be15dfd844c,java/lang/StringBuilder.java,append
12acfc45-bdfb-4343-9004-9be15dfd844c,aef98915-d9bd-4ef8-82f6-281ec4d69cc6,6c886bbf-c15c-4713-9209-801939340c62,->,12acfc45-bdfb-4343-9004-9be15dfd844c,java/lang/StringBuilder.java,toString
12acfc45-bdfb-4343-9004-9be15dfd844c,aef98915-d9bd-4ef8-82f6-281ec4d69cc6,6c886bbf-c15c-4713-9209-801939340c62,->,12acfc45-bdfb-4343-9004-9be15dfd844c,aef98915-d9bd-4ef8-82f6-281ec4d69cc6,0cf0d29d-b160-429c-b796-5681868a0d4b
12acfc45-bdfb-4343-9004-9be15dfd844c,aef98915-d9bd-4ef8-82f6-281ec4d69cc6,6c886bbf-c15c-4713-9209-801939340c62,->,12acfc45-bdfb-4343-9004-9be15dfd844c,java/lang/StringBuilder.java,append
12acfc45-bdfb-4343-9004-9be15dfd844c,aef98915-d9bd-4ef8-82f6-281ec4d69cc6,6c886bbf-c15c-4713-9209-801939340c62,->,12acfc45-bdfb-4343-9004-9be15dfd844c,java/lang/StringBuilder.java,append
12acfc45-bdfb-4343-9004-9be15dfd844c,aef98915-d9bd-4ef8-82f6-281ec4d69cc6,6c886bbf-c15c-4713-9209-801939340c62,->,12acfc45-bdfb-4343-9004-9be15dfd844c,java/lang/StringBuilder.java,toString
12acfc45-bdfb-4343-9004-9be15dfd844c,aef98915-d9bd-4ef8-82f6-281ec4d69cc6,6c886bbf-c15c-4713-9209-801939340c62,->,12acfc45-bdfb-4343-9004-9be15dfd844c,aef98915-d9bd-4ef8-82f6-281ec4d69cc6,0cf0d29d-b160-429c-b796-5681868a0d4b
12acfc45-bdfb-4343-9004-9be15dfd844c,aef98915-d9bd-4ef8-82f6-281ec4d69cc6,6c886bbf-c15c-4713-9209-801939340c62,->,12acfc45-bdfb-4343-9004-9be15dfd844c,java/lang/StringBuilder.java,append
12acfc45-bdfb-4343-9004-9be15dfd844c,aef98915-d9bd-4ef8-82f6-281ec4d69cc6,6c886bbf-c15c-4713-9209-801939340c62,->,12acfc45-bdfb-4343-9004-9be15dfd844c,java/lang/StringBuilder.java,append
12acfc45-bdfb-4343-9004-9be15dfd844c,aef98915-d9bd-4ef8-82f6-281ec4d69cc6,6c886bbf-c15c-4713-9209-801939340c62,->,12acfc45-bdfb-4343-9004-9be15dfd844c,java/lang/StringBuilder.java,toString
12acfc45-bdfb-4343-9004-9be15dfd844c,aef98915-d9bd-4ef8-82f6-281ec4d69cc6,6c886bbf-c15c-4713-9209-801939340c62,->,12acfc45-bdfb-4343-9004-9be15dfd844c,aef98915-d9bd-4ef8-82f6-281ec4d69cc6,0cf0d29d-b160-429c-b796-5681868a0d4b
12acfc45-bdfb-4343-9004-9be15dfd844c,aef98915-d9bd-4ef8-82f6-281ec4d69cc6,6c886bbf-c15c-4713-9209-801939340c62,->,12acfc45-bdfb-4343-9004-9be15dfd844c,java/lang/StringBuilder.java,append
12acfc45-bdfb-4343-9004-9be15dfd844c,aef98915-d9bd-4ef8-82f6-281ec4d69cc6,6c886bbf-c15c-4713-9209-801939340c62,->,12acfc45-bdfb-4343-9004-9be15dfd844c,java/lang/StringBuilder.java,append
12acfc45-bdfb-4343-9004-9be15dfd844c,aef98915-d9bd-4ef8-82f6-281ec4d69cc6,6c886bbf-c15c-4713-9209-801939340c62,->,12acfc45-bdfb-4343-9004-9be15dfd844c,java/lang/StringBuilder.java,toString
12acfc45-bdfb-4343-9004-9be15dfd844c,aef98915-d9bd-4ef8-82f6-281ec4d69cc6,6c886bbf-c15c-4713-9209-801939340c62,->,12acfc45-bdfb-4343-9004-9be15dfd844c,aef98915-d9bd-4ef8-82f6-281ec4d69cc6,0cf0d29d-b160-429c-b796-5681868a0d4b
12acfc45-bdfb-4343-9004-9be15dfd844c,aef98915-d9bd-4ef8-82f6-281ec4d69cc6,6c886bbf-c15c-4713-9209-801939340c62,->,12acfc45-bdfb-4343-9004-9be15dfd844c,java/lang/StringBuilder.java,append
12acfc45-bdfb-4343-9004-9be15dfd844c,aef98915-d9bd-4ef8-82f6-281ec4d69cc6,6c886bbf-c15c-4713-9209-801939340c62,->,12acfc45-bdfb-4343-9004-9be15dfd844c,java/lang/StringBuilder.java,append
12acfc45-bdfb-4343-9004-9be15dfd844c,aef98915-d9bd-4ef8-82f6-281ec4d69cc6,6c886bbf-c15c-4713-9209-801939340c62,->,12acfc45-bdfb-4343-9004-9be15dfd844c,java/lang/StringBuilder.java,toString
12acfc45-bdfb-4343-9004-9be15dfd844c,aef98915-d9bd-4ef8-82f6-281ec4d69cc6,6c886bbf-c15c-4713-9209-801939340c62,->,12acfc45-bdfb-4343-9004-9be15dfd844c,aef98915-d9bd-4ef8-82f6-281ec4d69cc6,0cf0d29d-b160-429c-b796-5681868a0d4b
12acfc45-bdfb-4343-9004-9be15dfd844c,aef98915-d9bd-4ef8-82f6-281ec4d69cc6,6c886bbf-c15c-4713-9209-801939340c62,->,12acfc45-bdfb-4343-9004-9be15dfd844c,java/lang/StringBuilder.java,append
12acfc45-bdfb-4343-9004-9be15dfd844c,aef98915-d9bd-4ef8-82f6-281ec4d69cc6,6c886bbf-c15c-4713-9209-801939340c62,->,12acfc45-bdfb-4343-9004-9be15dfd844c,java/lang/StringBuilder.java,append
12acfc45-bdfb-4343-9004-9be15dfd844c,aef98915-d9bd-4ef8-82f6-281ec4d69cc6,6c886bbf-c15c-4713-9209-801939340c62,->,12acfc45-bdfb-4343-9004-9be15dfd844c,java/lang/StringBuilder.java,toString
12acfc45-bdfb-4343-9004-9be15dfd844c,aef98915-d9bd-4ef8-82f6-281ec4d69cc6,6c886bbf-c15c-4713-9209-801939340c62,->,12acfc45-bdfb-4343-9004-9be15dfd844c,aef98915-d9bd-4ef8-82f6-281ec4d69cc6,0cf0d29d-b160-429c-b796-5681868a0d4b
12acfc45-bdfb-4343-9004-9be15dfd844c,aef98915-d9bd-4ef8-82f6-281ec4d69cc6,6c886bbf-c15c-4713-9209-801939340c62,->,12acfc45-bdfb-4343-9004-9be15dfd844c,java/lang/StringBuilder.java,append
12acfc45-bdfb-4343-9004-9be15dfd844c,aef98915-d9bd-4ef8-82f6-281ec4d69cc6,6c886bbf-c15c-4713-9209-801939340c62,->,12acfc45-bdfb-4343-9004-9be15dfd844c,java/lang/StringBuilder.java,append
12acfc45-bdfb-4343-9004-9be15dfd844c,aef98915-d9bd-4ef8-82f6-281ec4d69cc6,6c886bbf-c15c-4713-9209-801939340c62,->,12acfc45-bdfb-4343-9004-9be15dfd844c,java/lang/StringBuilder.java,toString
12acfc45-bdfb-4343-9004-9be15dfd844c,aef98915-d9bd-4ef8-82f6-281ec4d69cc6,6c886bbf-c15c-4713-9209-801939340c62,->,12acfc45-bdfb-4343-9004-9be15dfd844c,aef98915-d9bd-4ef8-82f6-281ec4d69cc6,0cf0d29d-b160-429c-b796-5681868a0d4b
12acfc45-bdfb-4343-9004-9be15dfd844c,aef98915-d9bd-4ef8-82f6-281ec4d69cc6,6c886bbf-c15c-4713-9209-801939340c62,->,12acfc45-bdfb-4343-9004-9be15dfd844c,java/lang/StringBuilder.java,append
12acfc45-bdfb-4343-9004-9be15dfd844c,aef98915-d9bd-4ef8-82f6-281ec4d69cc6,6c886bbf-c15c-4713-9209-801939340c62,->,12acfc45-bdfb-4343-9004-9be15dfd844c,java/lang/StringBuilder.java,append
12acfc45-bdfb-4343-9004-9be15dfd844c,aef98915-d9bd-4ef8-82f6-281ec4d69cc6,6c886bbf-c15c-4713-9209-801939340c62,->,12acfc45-bdfb-4343-9004-9be15dfd844c,java/lang/StringBuilder.java,toString
12acfc45-bdfb-4343-9004-9be15dfd844c,aef98915-d9bd-4ef8-82f6-281ec4d69cc6,6c886bbf-c15c-4713-9209-801939340c62,->,12acfc45-bdfb-4343-9004-9be15dfd844c,aef98915-d9bd-4ef8-82f6-281ec4d69cc6,0cf0d29d-b160-429c-b796-5681868a0d4b
12acfc45-bdfb-4343-9004-9be15dfd844c,aef98915-d9bd-4ef8-82f6-281ec4d69cc6,6c886bbf-c15c-4713-9209-801939340c62,->,12acfc45-bdfb-4343-9004-9be15dfd844c,aef98915-d9bd-4ef8-82f6-281ec4d69cc6,0fb8c0b3-d526-4e5a-b200-7aabf6303623
12acfc45-bdfb-4343-9004-9be15dfd844c,aef98915-d9bd-4ef8-82f6-281ec4d69cc6,6c886bbf-c15c-4713-9209-801939340c62,->,12acfc45-bdfb-4343-9004-9be15dfd844c,aef98915-d9bd-4ef8-82f6-281ec4d69cc6,3992bd2f-77ae-44fd-9dcd-0b271853822c
12acfc45-bdfb-4343-9004-9be15dfd844c,aef98915-d9bd-4ef8-82f6-281ec4d69cc6,6c886bbf-c15c-4713-9209-801939340c62,->,12acfc45-bdfb-4343-9004-9be15dfd844c,aef98915-d9bd-4ef8-82f6-281ec4d69cc6,0cf0d29d-b160-429c-b796-5681868a0d4b
12acfc45-bdfb-4343-9004-9be15dfd844c,aef98915-d9bd-4ef8-82f6-281ec4d69cc6,6c886bbf-c15c-4713-9209-801939340c62,->,12acfc45-bdfb-4343-9004-9be15dfd844c,aef98915-d9bd-4ef8-82f6-281ec4d69cc6,0cf0d29d-b160-429c-b796-5681868a0d4b
12acfc45-bdfb-4343-9004-9be15dfd844c,aef98915-d9bd-4ef8-82f6-281ec4d69cc6,6c886bbf-c15c-4713-9209-801939340c62,->,12acfc45-bdfb-4343-9004-9be15dfd844c,aef98915-d9bd-4ef8-82f6-281ec4d69cc6,0fb8c0b3-d526-4e5a-b200-7aabf6303623
12acfc45-bdfb-4343-9004-9be15dfd844c,aef98915-d9bd-4ef8-82f6-281ec4d69cc6,6c886bbf-c15c-4713-9209-801939340c62,->,12acfc45-bdfb-4343-9004-9be15dfd844c,aef98915-d9bd-4ef8-82f6-281ec4d69cc6,3992bd2f-77ae-44fd-9dcd-0b271853822c
12acfc45-bdfb-4343-9004-9be15dfd844c,aef98915-d9bd-4ef8-82f6-281ec4d69cc6,6c886bbf-c15c-4713-9209-801939340c62,->,12acfc45-bdfb-4343-9004-9be15dfd844c,aef98915-d9bd-4ef8-82f6-281ec4d69cc6,0cf0d29d-b160-429c-b796-5681868a0d4b
12acfc45-bdfb-4343-9004-9be15dfd844c,aef98915-d9bd-4ef8-82f6-281ec4d69cc6,6c886bbf-c15c-4713-9209-801939340c62,->,12acfc45-bdfb-4343-9004-9be15dfd844c,aef98915-d9bd-4ef8-82f6-281ec4d69cc6,0fb8c0b3-d526-4e5a-b200-7aabf6303623
12acfc45-bdfb-4343-9004-9be15dfd844c,aef98915-d9bd-4ef8-82f6-281ec4d69cc6,6c886bbf-c15c-4713-9209-801939340c62,->,12acfc45-bdfb-4343-9004-9be15dfd844c,aef98915-d9bd-4ef8-82f6-281ec4d69cc6,3992bd2f-77ae-44fd-9dcd-0b271853822c
12acfc45-bdfb-4343-9004-9be15dfd844c,aef98915-d9bd-4ef8-82f6-281ec4d69cc6,6c886bbf-c15c-4713-9209-801939340c62,->,12acfc45-bdfb-4343-9004-9be15dfd844c,aef98915-d9bd-4ef8-82f6-281ec4d69cc6,0cf0d29d-b160-429c-b796-5681868a0d4b
12acfc45-bdfb-4343-9004-9be15dfd844c,aef98915-d9bd-4ef8-82f6-281ec4d69cc6,6c886bbf-c15c-4713-9209-801939340c62,->,12acfc45-bdfb-4343-9004-9be15dfd844c,aef98915-d9bd-4ef8-82f6-281ec4d69cc6,0fb8c0b3-d526-4e5a-b200-7aabf6303623
12acfc45-bdfb-4343-9004-9be15dfd844c,aef98915-d9bd-4ef8-82f6-281ec4d69cc6,6c886bbf-c15c-4713-9209-801939340c62,->,12acfc45-bdfb-4343-9004-9be15dfd844c,aef98915-d9bd-4ef8-82f6-281ec4d69cc6,3992bd2f-77ae-44fd-9dcd-0b271853822c
12acfc45-bdfb-4343-9004-9be15dfd844c,aef98915-d9bd-4ef8-82f6-281ec4d69cc6,6c886bbf-c15c-4713-9209-801939340c62,->,12acfc45-bdfb-4343-9004-9be15dfd844c,server/model/players/Client.java,getItems
12acfc45-bdfb-4343-9004-9be15dfd844c,aef98915-d9bd-4ef8-82f6-281ec4d69cc6,6c886bbf-c15c-4713-9209-801939340c62,->,12acfc45-bdfb-4343-9004-9be15dfd844c,aef98915-d9bd-4ef8-82f6-281ec4d69cc6,0cf0d29d-b160-429c-b796-5681868a0d4b
12acfc45-bdfb-4343-9004-9be15dfd844c,aef98915-d9bd-4ef8-82f6-281ec4d69cc6,6c886bbf-c15c-4713-9209-801939340c62,->,12acfc45-bdfb-4343-9004-9be15dfd844c,aef98915-d9bd-4ef8-82f6-281ec4d69cc6,0fb8c0b3-d526-4e5a-b200-7aabf6303623
12acfc45-bdfb-4343-9004-9be15dfd844c,aef98915-d9bd-4ef8-82f6-281ec4d69cc6,148fadba-2d90-4083-9d36-d56185655127,->,12acfc45-bdfb-4343-9004-9be15dfd844c,aef98915-d9bd-4ef8-82f6-281ec4d69cc6,3992bd2f-77ae-44fd-9dcd-0b271853822c
12acfc45-bdfb-4343-9004-9be15dfd844c,aef98915-d9bd-4ef8-82f6-281ec4d69cc6,148fadba-2d90-4083-9d36-d56185655127,->,12acfc45-bdfb-4343-9004-9be15dfd844c,aef98915-d9bd-4ef8-82f6-281ec4d69cc6,0cf0d29d-b160-429c-b796-5681868a0d4b
12acfc45-bdfb-4343-9004-9be15dfd844c,aef98915-d9bd-4ef8-82f6-281ec4d69cc6,148fadba-2d90-4083-9d36-d56185655127,->,12acfc45-bdfb-4343-9004-9be15dfd844c,aef98915-d9bd-4ef8-82f6-281ec4d69cc6,0cf0d29d-b160-429c-b796-5681868a0d4b
12acfc45-bdfb-4343-9004-9be15dfd844c,aef98915-d9bd-4ef8-82f6-281ec4d69cc6,148fadba-2d90-4083-9d36-d56185655127,->,12acfc45-bdfb-4343-9004-9be15dfd844c,aef98915-d9bd-4ef8-82f6-281ec4d69cc6,0cf0d29d-b160-429c-b796-5681868a0d4b
12acfc45-bdfb-4343-9004-9be15dfd844c,aef98915-d9bd-4ef8-82f6-281ec4d69cc6,148fadba-2d90-4083-9d36-d56185655127,->,12acfc45-bdfb-4343-9004-9be15dfd844c,aef98915-d9bd-4ef8-82f6-281ec4d69cc6,0cf0d29d-b160-429c-b796-5681868a0d4b
12acfc45-bdfb-4343-9004-9be15dfd844c,aef98915-d9bd-4ef8-82f6-281ec4d69cc6,148fadba-2d90-4083-9d36-d56185655127,->,12acfc45-bdfb-4343-9004-9be15dfd844c,aef98915-d9bd-4ef8-82f6-281ec4d69cc6,0cf0d29d-b160-429c-b796-5681868a0d4b
12acfc45-bdfb-4343-9004-9be15dfd844c,aef98915-d9bd-4ef8-82f6-281ec4d69cc6,148fadba-2d90-4083-9d36-d56185655127,->,12acfc45-bdfb-4343-9004-9be15dfd844c,aef98915-d9bd-4ef8-82f6-281ec4d69cc6,0cf0d29d-b160-429c-b796-5681868a0d4b
12acfc45-bdfb-4343-9004-9be15dfd844c,aef98915-d9bd-4ef8-82f6-281ec4d69cc6,148fadba-2d90-4083-9d36-d56185655127,->,12acfc45-bdfb-4343-9004-9be15dfd844c,aef98915-d9bd-4ef8-82f6-281ec4d69cc6,0cf0d29d-b160-429c-b796-5681868a0d4b
12acfc45-bdfb-4343-9004-9be15dfd844c,aef98915-d9bd-4ef8-82f6-281ec4d69cc6,148fadba-2d90-4083-9d36-d56185655127,->,12acfc45-bdfb-4343-9004-9be15dfd844c,aef98915-d9bd-4ef8-82f6-281ec4d69cc6,0fb8c0b3-d526-4e5a-b200-7aabf6303623
12acfc45-bdfb-4343-9004-9be15dfd844c,aef98915-d9bd-4ef8-82f6-281ec4d69cc6,148fadba-2d90-4083-9d36-d56185655127,->,12acfc45-bdfb-4343-9004-9be15dfd844c,aef98915-d9bd-4ef8-82f6-281ec4d69cc6,3992bd2f-77ae-44fd-9dcd-0b271853822c
12acfc45-bdfb-4343-9004-9be15dfd844c,aef98915-d9bd-4ef8-82f6-281ec4d69cc6,148fadba-2d90-4083-9d36-d56185655127,->,12acfc45-bdfb-4343-9004-9be15dfd844c,aef98915-d9bd-4ef8-82f6-281ec4d69cc6,0cf0d29d-b160-429c-b796-5681868a0d4b
12acfc45-bdfb-4343-9004-9be15dfd844c,aef98915-d9bd-4ef8-82f6-281ec4d69cc6,148fadba-2d90-4083-9d36-d56185655127,->,12acfc45-bdfb-4343-9004-9be15dfd844c,aef98915-d9bd-4ef8-82f6-281ec4d69cc6,0cf0d29d-b160-429c-b796-5681868a0d4b
12acfc45-bdfb-4343-9004-9be15dfd844c,aef98915-d9bd-4ef8-82f6-281ec4d69cc6,148fadba-2d90-4083-9d36-d56185655127,->,12acfc45-bdfb-4343-9004-9be15dfd844c,aef98915-d9bd-4ef8-82f6-281ec4d69cc6,0cf0d29d-b160-429c-b796-5681868a0d4b
12acfc45-bdfb-4343-9004-9be15dfd844c,aef98915-d9bd-4ef8-82f6-281ec4d69cc6,148fadba-2d90-4083-9d36-d56185655127,->,12acfc45-bdfb-4343-9004-9be15dfd844c,aef98915-d9bd-4ef8-82f6-281ec4d69cc6,0cf0d29d-b160-429c-b796-5681868a0d4b
12acfc45-bdfb-4343-9004-9be15dfd844c,aef98915-d9bd-4ef8-82f6-281ec4d69cc6,148fadba-2d90-4083-9d36-d56185655127,->,12acfc45-bdfb-4343-9004-9be15dfd844c,aef98915-d9bd-4ef8-82f6-281ec4d69cc6,0cf0d29d-b160-429c-b796-5681868a0d4b
12acfc45-bdfb-4343-9004-9be15dfd844c,aef98915-d9bd-4ef8-82f6-281ec4d69cc6,148fadba-2d90-4083-9d36-d56185655127,->,12acfc45-bdfb-4343-9004-9be15dfd844c,aef98915-d9bd-4ef8-82f6-281ec4d69cc6,0cf0d29d-b160-429c-b796-5681868a0d4b
12acfc45-bdfb-4343-9004-9be15dfd844c,aef98915-d9bd-4ef8-82f6-281ec4d69cc6,148fadba-2d90-4083-9d36-d56185655127,->,12acfc45-bdfb-4343-9004-9be15dfd844c,aef98915-d9bd-4ef8-82f6-281ec4d69cc6,0cf0d29d-b160-429c-b796-5681868a0d4b
12acfc45-bdfb-4343-9004-9be15dfd844c,aef98915-d9bd-4ef8-82f6-281ec4d69cc6,148fadba-2d90-4083-9d36-d56185655127,->,12acfc45-bdfb-4343-9004-9be15dfd844c,aef98915-d9bd-4ef8-82f6-281ec4d69cc6,0cf0d29d-b160-429c-b796-5681868a0d4b
12acfc45-bdfb-4343-9004-9be15dfd844c,aef98915-d9bd-4ef8-82f6-281ec4d69cc6,148fadba-2d90-4083-9d36-d56185655127,->,12acfc45-bdfb-4343-9004-9be15dfd844c,aef98915-d9bd-4ef8-82f6-281ec4d69cc6,0cf0d29d-b160-429c-b796-5681868a0d4b
12acfc45-bdfb-4343-9004-9be15dfd844c,aef98915-d9bd-4ef8-82f6-281ec4d69cc6,148fadba-2d90-4083-9d36-d56185655127,->,12acfc45-bdfb-4343-9004-9be15dfd844c,aef98915-d9bd-4ef8-82f6-281ec4d69cc6,0cf0d29d-b160-429c-b796-5681868a0d4b
12acfc45-bdfb-4343-9004-9be15dfd844c,aef98915-d9bd-4ef8-82f6-281ec4d69cc6,148fadba-2d90-4083-9d36-d56185655127,->,12acfc45-bdfb-4343-9004-9be15dfd844c,aef98915-d9bd-4ef8-82f6-281ec4d69cc6,0cf0d29d-b160-429c-b796-5681868a0d4b
12acfc45-bdfb-4343-9004-9be15dfd844c,aef98915-d9bd-4ef8-82f6-281ec4d69cc6,148fadba-2d90-4083-9d36-d56185655127,->,12acfc45-bdfb-4343-9004-9be15dfd844c,aef98915-d9bd-4ef8-82f6-281ec4d69cc6,0cf0d29d-b160-429c-b796-5681868a0d4b
12acfc45-bdfb-4343-9004-9be15dfd844c,aef98915-d9bd-4ef8-82f6-281ec4d69cc6,148fadba-2d90-4083-9d36-d56185655127,->,12acfc45-bdfb-4343-9004-9be15dfd844c,aef98915-d9bd-4ef8-82f6-281ec4d69cc6,0cf0d29d-b160-429c-b796-5681868a0d4b
12acfc45-bdfb-4343-9004-9be15dfd844c,aef98915-d9bd-4ef8-82f6-281ec4d69cc6,148fadba-2d90-4083-9d36-d56185655127,->,12acfc45-bdfb-4343-9004-9be15dfd844c,aef98915-d9bd-4ef8-82f6-281ec4d69cc6,0cf0d29d-b160-429c-b796-5681868a0d4b
12acfc45-bdfb-4343-9004-9be15dfd844c,aef98915-d9bd-4ef8-82f6-281ec4d69cc6,148fadba-2d90-4083-9d36-d56185655127,->,12acfc45-bdfb-4343-9004-9be15dfd844c,aef98915-d9bd-4ef8-82f6-281ec4d69cc6,0cf0d29d-b160-429c-b796-5681868a0d4b
12acfc45-bdfb-4343-9004-9be15dfd844c,aef98915-d9bd-4ef8-82f6-281ec4d69cc6,148fadba-2d90-4083-9d36-d56185655127,->,12acfc45-bdfb-4343-9004-9be15dfd844c,aef98915-d9bd-4ef8-82f6-281ec4d69cc6,0cf0d29d-b160-429c-b796-5681868a0d4b
12acfc45-bdfb-4343-9004-9be15dfd844c,aef98915-d9bd-4ef8-82f6-281ec4d69cc6,148fadba-2d90-4083-9d36-d56185655127,->,12acfc45-bdfb-4343-9004-9be15dfd844c,aef98915-d9bd-4ef8-82f6-281ec4d69cc6,0cf0d29d-b160-429c-b796-5681868a0d4b
12acfc45-bdfb-4343-9004-9be15dfd844c,aef98915-d9bd-4ef8-82f6-281ec4d69cc6,148fadba-2d90-4083-9d36-d56185655127,->,12acfc45-bdfb-4343-9004-9be15dfd844c,aef98915-d9bd-4ef8-82f6-281ec4d69cc6,0cf0d29d-b160-429c-b796-5681868a0d4b
12acfc45-bdfb-4343-9004-9be15dfd844c,aef98915-d9bd-4ef8-82f6-281ec4d69cc6,148fadba-2d90-4083-9d36-d56185655127,->,12acfc45-bdfb-4343-9004-9be15dfd844c,aef98915-d9bd-4ef8-82f6-281ec4d69cc6,0cf0d29d-b160-429c-b796-5681868a0d4b
12acfc45-bdfb-4343-9004-9be15dfd844c,aef98915-d9bd-4ef8-82f6-281ec4d69cc6,148fadba-2d90-4083-9d36-d56185655127,->,12acfc45-bdfb-4343-9004-9be15dfd844c,aef98915-d9bd-4ef8-82f6-281ec4d69cc6,0cf0d29d-b160-429c-b796-5681868a0d4b
12acfc45-bdfb-4343-9004-9be15dfd844c,aef98915-d9bd-4ef8-82f6-281ec4d69cc6,148fadba-2d90-4083-9d36-d56185655127,->,12acfc45-bdfb-4343-9004-9be15dfd844c,aef98915-d9bd-4ef8-82f6-281ec4d69cc6,0cf0d29d-b160-429c-b796-5681868a0d4b
12acfc45-bdfb-4343-9004-9be15dfd844c,aef98915-d9bd-4ef8-82f6-281ec4d69cc6,148fadba-2d90-4083-9d36-d56185655127,->,12acfc45-bdfb-4343-9004-9be15dfd844c,aef98915-d9bd-4ef8-82f6-281ec4d69cc6,0cf0d29d-b160-429c-b796-5681868a0d4b
12acfc45-bdfb-4343-9004-9be15dfd844c,aef98915-d9bd-4ef8-82f6-281ec4d69cc6,148fadba-2d90-4083-9d36-d56185655127,->,12acfc45-bdfb-4343-9004-9be15dfd844c,aef98915-d9bd-4ef8-82f6-281ec4d69cc6,0cf0d29d-b160-429c-b796-5681868a0d4b
12acfc45-bdfb-4343-9004-9be15dfd844c,aef98915-d9bd-4ef8-82f6-281ec4d69cc6,148fadba-2d90-4083-9d36-d56185655127,->,12acfc45-bdfb-4343-9004-9be15dfd844c,aef98915-d9bd-4ef8-82f6-281ec4d69cc6,0cf0d29d-b160-429c-b796-5681868a0d4b
12acfc45-bdfb-4343-9004-9be15dfd844c,aef98915-d9bd-4ef8-82f6-281ec4d69cc6,148fadba-2d90-4083-9d36-d56185655127,->,12acfc45-bdfb-4343-9004-9be15dfd844c,aef98915-d9bd-4ef8-82f6-281ec4d69cc6,0cf0d29d-b160-429c-b796-5681868a0d4b
12acfc45-bdfb-4343-9004-9be15dfd844c,aef98915-d9bd-4ef8-82f6-281ec4d69cc6,148fadba-2d90-4083-9d36-d56185655127,->,12acfc45-bdfb-4343-9004-9be15dfd844c,aef98915-d9bd-4ef8-82f6-281ec4d69cc6,0fb8c0b3-d526-4e5a-b200-7aabf6303623
12acfc45-bdfb-4343-9004-9be15dfd844c,aef98915-d9bd-4ef8-82f6-281ec4d69cc6,148fadba-2d90-4083-9d36-d56185655127,->,12acfc45-bdfb-4343-9004-9be15dfd844c,aef98915-d9bd-4ef8-82f6-281ec4d69cc6,3992bd2f-77ae-44fd-9dcd-0b271853822c
12acfc45-bdfb-4343-9004-9be15dfd844c,aef98915-d9bd-4ef8-82f6-281ec4d69cc6,148fadba-2d90-4083-9d36-d56185655127,->,12acfc45-bdfb-4343-9004-9be15dfd844c,aef98915-d9bd-4ef8-82f6-281ec4d69cc6,0cf0d29d-b160-429c-b796-5681868a0d4b
12acfc45-bdfb-4343-9004-9be15dfd844c,aef98915-d9bd-4ef8-82f6-281ec4d69cc6,148fadba-2d90-4083-9d36-d56185655127,->,12acfc45-bdfb-4343-9004-9be15dfd844c,server/model/players/Client.java,getItems
12acfc45-bdfb-4343-9004-9be15dfd844c,aef98915-d9bd-4ef8-82f6-281ec4d69cc6,148fadba-2d90-4083-9d36-d56185655127,->,12acfc45-bdfb-4343-9004-9be15dfd844c,aef98915-d9bd-4ef8-82f6-281ec4d69cc6,0cf0d29d-b160-429c-b796-5681868a0d4b
12acfc45-bdfb-4343-9004-9be15dfd844c,aef98915-d9bd-4ef8-82f6-281ec4d69cc6,148fadba-2d90-4083-9d36-d56185655127,->,12acfc45-bdfb-4343-9004-9be15dfd844c,aef98915-d9bd-4ef8-82f6-281ec4d69cc6,0fb8c0b3-d526-4e5a-b200-7aabf6303623
12acfc45-bdfb-4343-9004-9be15dfd844c,aef98915-d9bd-4ef8-82f6-281ec4d69cc6,8e35a78f-0bb7-4b60-9aa3-2144a57e4bf4,->,12acfc45-bdfb-4343-9004-9be15dfd844c,aef98915-d9bd-4ef8-82f6-281ec4d69cc6,3992bd2f-77ae-44fd-9dcd-0b271853822c
12acfc45-bdfb-4343-9004-9be15dfd844c,aef98915-d9bd-4ef8-82f6-281ec4d69cc6,8e35a78f-0bb7-4b60-9aa3-2144a57e4bf4,->,12acfc45-bdfb-4343-9004-9be15dfd844c,aef98915-d9bd-4ef8-82f6-281ec4d69cc6,0cf0d29d-b160-429c-b796-5681868a0d4b
12acfc45-bdfb-4343-9004-9be15dfd844c,aef98915-d9bd-4ef8-82f6-281ec4d69cc6,8e35a78f-0bb7-4b60-9aa3-2144a57e4bf4,->,12acfc45-bdfb-4343-9004-9be15dfd844c,aef98915-d9bd-4ef8-82f6-281ec4d69cc6,0cf0d29d-b160-429c-b796-5681868a0d4b
12acfc45-bdfb-4343-9004-9be15dfd844c,aef98915-d9bd-4ef8-82f6-281ec4d69cc6,8e35a78f-0bb7-4b60-9aa3-2144a57e4bf4,->,12acfc45-bdfb-4343-9004-9be15dfd844c,aef98915-d9bd-4ef8-82f6-281ec4d69cc6,0cf0d29d-b160-429c-b796-5681868a0d4b
12acfc45-bdfb-4343-9004-9be15dfd844c,aef98915-d9bd-4ef8-82f6-281ec4d69cc6,8e35a78f-0bb7-4b60-9aa3-2144a57e4bf4,->,12acfc45-bdfb-4343-9004-9be15dfd844c,aef98915-d9bd-4ef8-82f6-281ec4d69cc6,0cf0d29d-b160-429c-b796-5681868a0d4b
12acfc45-bdfb-4343-9004-9be15dfd844c,aef98915-d9bd-4ef8-82f6-281ec4d69cc6,8e35a78f-0bb7-4b60-9aa3-2144a57e4bf4,->,12acfc45-bdfb-4343-9004-9be15dfd844c,aef98915-d9bd-4ef8-82f6-281ec4d69cc6,0cf0d29d-b160-429c-b796-5681868a0d4b
12acfc45-bdfb-4343-9004-9be15dfd844c,aef98915-d9bd-4ef8-82f6-281ec4d69cc6,8e35a78f-0bb7-4b60-9aa3-2144a57e4bf4,->,12acfc45-bdfb-4343-9004-9be15dfd844c,aef98915-d9bd-4ef8-82f6-281ec4d69cc6,0cf0d29d-b160-429c-b796-5681868a0d4b
12acfc45-bdfb-4343-9004-9be15dfd844c,aef98915-d9bd-4ef8-82f6-281ec4d69cc6,8e35a78f-0bb7-4b60-9aa3-2144a57e4bf4,->,12acfc45-bdfb-4343-9004-9be15dfd844c,aef98915-d9bd-4ef8-82f6-281ec4d69cc6,0cf0d29d-b160-429c-b796-5681868a0d4b
12acfc45-bdfb-4343-9004-9be15dfd844c,aef98915-d9bd-4ef8-82f6-281ec4d69cc6,8e35a78f-0bb7-4b60-9aa3-2144a57e4bf4,->,12acfc45-bdfb-4343-9004-9be15dfd844c,aef98915-d9bd-4ef8-82f6-281ec4d69cc6,0cf0d29d-b160-429c-b796-5681868a0d4b
12acfc45-bdfb-4343-9004-9be15dfd844c,aef98915-d9bd-4ef8-82f6-281ec4d69cc6,8e35a78f-0bb7-4b60-9aa3-2144a57e4bf4,->,12acfc45-bdfb-4343-9004-9be15dfd844c,aef98915-d9bd-4ef8-82f6-281ec4d69cc6,0cf0d29d-b160-429c-b796-5681868a0d4b
12acfc45-bdfb-4343-9004-9be15dfd844c,aef98915-d9bd-4ef8-82f6-281ec4d69cc6,8e35a78f-0bb7-4b60-9aa3-2144a57e4bf4,->,12acfc45-bdfb-4343-9004-9be15dfd844c,aef98915-d9bd-4ef8-82f6-281ec4d69cc6,0cf0d29d-b160-429c-b796-5681868a0d4b
12acfc45-bdfb-4343-9004-9be15dfd844c,aef98915-d9bd-4ef8-82f6-281ec4d69cc6,8e35a78f-0bb7-4b60-9aa3-2144a57e4bf4,->,12acfc45-bdfb-4343-9004-9be15dfd844c,aef98915-d9bd-4ef8-82f6-281ec4d69cc6,0cf0d29d-b160-429c-b796-5681868a0d4b
12acfc45-bdfb-4343-9004-9be15dfd844c,aef98915-d9bd-4ef8-82f6-281ec4d69cc6,8e35a78f-0bb7-4b60-9aa3-2144a57e4bf4,->,12acfc45-bdfb-4343-9004-9be15dfd844c,aef98915-d9bd-4ef8-82f6-281ec4d69cc6,0cf0d29d-b160-429c-b796-5681868a0d4b
12acfc45-bdfb-4343-9004-9be15dfd844c,aef98915-d9bd-4ef8-82f6-281ec4d69cc6,8e35a78f-0bb7-4b60-9aa3-2144a57e4bf4,->,12acfc45-bdfb-4343-9004-9be15dfd844c,aef98915-d9bd-4ef8-82f6-281ec4d69cc6,0cf0d29d-b160-429c-b796-5681868a0d4b
12acfc45-bdfb-4343-9004-9be15dfd844c,aef98915-d9bd-4ef8-82f6-281ec4d69cc6,8e35a78f-0bb7-4b60-9aa3-2144a57e4bf4,->,12acfc45-bdfb-4343-9004-9be15dfd844c,aef98915-d9bd-4ef8-82f6-281ec4d69cc6,0cf0d29d-b160-429c-b796-5681868a0d4b
12acfc45-bdfb-4343-9004-9be15dfd844c,aef98915-d9bd-4ef8-82f6-281ec4d69cc6,8e35a78f-0bb7-4b60-9aa3-2144a57e4bf4,->,12acfc45-bdfb-4343-9004-9be15dfd844c,aef98915-d9bd-4ef8-82f6-281ec4d69cc6,0cf0d29d-b160-429c-b796-5681868a0d4b
12acfc45-bdfb-4343-9004-9be15dfd844c,aef98915-d9bd-4ef8-82f6-281ec4d69cc6,8e35a78f-0bb7-4b60-9aa3-2144a57e4bf4,->,12acfc45-bdfb-4343-9004-9be15dfd844c,aef98915-d9bd-4ef8-82f6-281ec4d69cc6,0cf0d29d-b160-429c-b796-5681868a0d4b
12acfc45-bdfb-4343-9004-9be15dfd844c,aef98915-d9bd-4ef8-82f6-281ec4d69cc6,8e35a78f-0bb7-4b60-9aa3-2144a57e4bf4,->,12acfc45-bdfb-4343-9004-9be15dfd844c,aef98915-d9bd-4ef8-82f6-281ec4d69cc6,0cf0d29d-b160-429c-b796-5681868a0d4b
12acfc45-bdfb-4343-9004-9be15dfd844c,aef98915-d9bd-4ef8-82f6-281ec4d69cc6,8e35a78f-0bb7-4b60-9aa3-2144a57e4bf4,->,12acfc45-bdfb-4343-9004-9be15dfd844c,aef98915-d9bd-4ef8-82f6-281ec4d69cc6,0cf0d29d-b160-429c-b796-5681868a0d4b
12acfc45-bdfb-4343-9004-9be15dfd844c,aef98915-d9bd-4ef8-82f6-281ec4d69cc6,8e35a78f-0bb7-4b60-9aa3-2144a57e4bf4,->,12acfc45-bdfb-4343-9004-9be15dfd844c,aef98915-d9bd-4ef8-82f6-281ec4d69cc6,0cf0d29d-b160-429c-b796-5681868a0d4b
12acfc45-bdfb-4343-9004-9be15dfd844c,aef98915-d9bd-4ef8-82f6-281ec4d69cc6,8e35a78f-0bb7-4b60-9aa3-2144a57e4bf4,->,12acfc45-bdfb-4343-9004-9be15dfd844c,aef98915-d9bd-4ef8-82f6-281ec4d69cc6,0cf0d29d-b160-429c-b796-5681868a0d4b
12acfc45-bdfb-4343-9004-9be15dfd844c,aef98915-d9bd-4ef8-82f6-281ec4d69cc6,8e35a78f-0bb7-4b60-9aa3-2144a57e4bf4,->,12acfc45-bdfb-4343-9004-9be15dfd844c,aef98915-d9bd-4ef8-82f6-281ec4d69cc6,0cf0d29d-b160-429c-b796-5681868a0d4b
12acfc45-bdfb-4343-9004-9be15dfd844c,aef98915-d9bd-4ef8-82f6-281ec4d69cc6,8e35a78f-0bb7-4b60-9aa3-2144a57e4bf4,->,12acfc45-bdfb-4343-9004-9be15dfd844c,aef98915-d9bd-4ef8-82f6-281ec4d69cc6,0cf0d29d-b160-429c-b796-5681868a0d4b
12acfc45-bdfb-4343-9004-9be15dfd844c,aef98915-d9bd-4ef8-82f6-281ec4d69cc6,8e35a78f-0bb7-4b60-9aa3-2144a57e4bf4,->,12acfc45-bdfb-4343-9004-9be15dfd844c,aef98915-d9bd-4ef8-82f6-281ec4d69cc6,0cf0d29d-b160-429c-b796-5681868a0d4b
12acfc45-bdfb-4343-9004-9be15dfd844c,aef98915-d9bd-4ef8-82f6-281ec4d69cc6,8e35a78f-0bb7-4b60-9aa3-2144a57e4bf4,->,12acfc45-bdfb-4343-9004-9be15dfd844c,aef98915-d9bd-4ef8-82f6-281ec4d69cc6,0cf0d29d-b160-429c-b796-5681868a0d4b
12acfc45-bdfb-4343-9004-9be15dfd844c,aef98915-d9bd-4ef8-82f6-281ec4d69cc6,8e35a78f-0bb7-4b60-9aa3-2144a57e4bf4,->,12acfc45-bdfb-4343-9004-9be15dfd844c,aef98915-d9bd-4ef8-82f6-281ec4d69cc6,0cf0d29d-b160-429c-b796-5681868a0d4b
12acfc45-bdfb-4343-9004-9be15dfd844c,aef98915-d9bd-4ef8-82f6-281ec4d69cc6,8e35a78f-0bb7-4b60-9aa3-2144a57e4bf4,->,12acfc45-bdfb-4343-9004-9be15dfd844c,aef98915-d9bd-4ef8-82f6-281ec4d69cc6,0cf0d29d-b160-429c-b796-5681868a0d4b
12acfc45-bdfb-4343-9004-9be15dfd844c,aef98915-d9bd-4ef8-82f6-281ec4d69cc6,8e35a78f-0bb7-4b60-9aa3-2144a57e4bf4,->,12acfc45-bdfb-4343-9004-9be15dfd844c,aef98915-d9bd-4ef8-82f6-281ec4d69cc6,0cf0d29d-b160-429c-b796-5681868a0d4b
12acfc45-bdfb-4343-9004-9be15dfd844c,aef98915-d9bd-4ef8-82f6-281ec4d69cc6,8e35a78f-0bb7-4b60-9aa3-2144a57e4bf4,->,12acfc45-bdfb-4343-9004-9be15dfd844c,aef98915-d9bd-4ef8-82f6-281ec4d69cc6,0cf0d29d-b160-429c-b796-5681868a0d4b
12acfc45-bdfb-4343-9004-9be15dfd844c,aef98915-d9bd-4ef8-82f6-281ec4d69cc6,8e35a78f-0bb7-4b60-9aa3-2144a57e4bf4,->,12acfc45-bdfb-4343-9004-9be15dfd844c,aef98915-d9bd-4ef8-82f6-281ec4d69cc6,0cf0d29d-b160-429c-b796-5681868a0d4b
12acfc45-bdfb-4343-9004-9be15dfd844c,aef98915-d9bd-4ef8-82f6-281ec4d69cc6,8e35a78f-0bb7-4b60-9aa3-2144a57e4bf4,->,12acfc45-bdfb-4343-9004-9be15dfd844c,aef98915-d9bd-4ef8-82f6-281ec4d69cc6,0cf0d29d-b160-429c-b796-5681868a0d4b
12acfc45-bdfb-4343-9004-9be15dfd844c,aef98915-d9bd-4ef8-82f6-281ec4d69cc6,8e35a78f-0bb7-4b60-9aa3-2144a57e4bf4,->,12acfc45-bdfb-4343-9004-9be15dfd844c,aef98915-d9bd-4ef8-82f6-281ec4d69cc6,0cf0d29d-b160-429c-b796-5681868a0d4b
12acfc45-bdfb-4343-9004-9be15dfd844c,aef98915-d9bd-4ef8-82f6-281ec4d69cc6,8e35a78f-0bb7-4b60-9aa3-2144a57e4bf4,->,12acfc45-bdfb-4343-9004-9be15dfd844c,aef98915-d9bd-4ef8-82f6-281ec4d69cc6,0cf0d29d-b160-429c-b796-5681868a0d4b
12acfc45-bdfb-4343-9004-9be15dfd844c,aef98915-d9bd-4ef8-82f6-281ec4d69cc6,8e35a78f-0bb7-4b60-9aa3-2144a57e4bf4,->,12acfc45-bdfb-4343-9004-9be15dfd844c,aef98915-d9bd-4ef8-82f6-281ec4d69cc6,0cf0d29d-b160-429c-b796-5681868a0d4b
12acfc45-bdfb-4343-9004-9be15dfd844c,aef98915-d9bd-4ef8-82f6-281ec4d69cc6,8e35a78f-0bb7-4b60-9aa3-2144a57e4bf4,->,12acfc45-bdfb-4343-9004-9be15dfd844c,aef98915-d9bd-4ef8-82f6-281ec4d69cc6,0cf0d29d-b160-429c-b796-5681868a0d4b
12acfc45-bdfb-4343-9004-9be15dfd844c,aef98915-d9bd-4ef8-82f6-281ec4d69cc6,8e35a78f-0bb7-4b60-9aa3-2144a57e4bf4,->,12acfc45-bdfb-4343-9004-9be15dfd844c,aef98915-d9bd-4ef8-82f6-281ec4d69cc6,0fb8c0b3-d526-4e5a-b200-7aabf6303623
12acfc45-bdfb-4343-9004-9be15dfd844c,aef98915-d9bd-4ef8-82f6-281ec4d69cc6,8e35a78f-0bb7-4b60-9aa3-2144a57e4bf4,->,12acfc45-bdfb-4343-9004-9be15dfd844c,aef98915-d9bd-4ef8-82f6-281ec4d69cc6,3992bd2f-77ae-44fd-9dcd-0b271853822c
12acfc45-bdfb-4343-9004-9be15dfd844c,aef98915-d9bd-4ef8-82f6-281ec4d69cc6,8e35a78f-0bb7-4b60-9aa3-2144a57e4bf4,->,12acfc45-bdfb-4343-9004-9be15dfd844c,aef98915-d9bd-4ef8-82f6-281ec4d69cc6,0cf0d29d-b160-429c-b796-5681868a0d4b
12acfc45-bdfb-4343-9004-9be15dfd844c,aef98915-d9bd-4ef8-82f6-281ec4d69cc6,8e35a78f-0bb7-4b60-9aa3-2144a57e4bf4,->,12acfc45-bdfb-4343-9004-9be15dfd844c,aef98915-d9bd-4ef8-82f6-281ec4d69cc6,0cf0d29d-b160-429c-b796-5681868a0d4b
12acfc45-bdfb-4343-9004-9be15dfd844c,aef98915-d9bd-4ef8-82f6-281ec4d69cc6,8e35a78f-0bb7-4b60-9aa3-2144a57e4bf4,->,12acfc45-bdfb-4343-9004-9be15dfd844c,aef98915-d9bd-4ef8-82f6-281ec4d69cc6,0cf0d29d-b160-429c-b796-5681868a0d4b
12acfc45-bdfb-4343-9004-9be15dfd844c,aef98915-d9bd-4ef8-82f6-281ec4d69cc6,8e35a78f-0bb7-4b60-9aa3-2144a57e4bf4,->,12acfc45-bdfb-4343-9004-9be15dfd844c,aef98915-d9bd-4ef8-82f6-281ec4d69cc6,0cf0d29d-b160-429c-b796-5681868a0d4b
12acfc45-bdfb-4343-9004-9be15dfd844c,aef98915-d9bd-4ef8-82f6-281ec4d69cc6,8e35a78f-0bb7-4b60-9aa3-2144a57e4bf4,->,12acfc45-bdfb-4343-9004-9be15dfd844c,aef98915-d9bd-4ef8-82f6-281ec4d69cc6,0cf0d29d-b160-429c-b796-5681868a0d4b
12acfc45-bdfb-4343-9004-9be15dfd844c,aef98915-d9bd-4ef8-82f6-281ec4d69cc6,8e35a78f-0bb7-4b60-9aa3-2144a57e4bf4,->,12acfc45-bdfb-4343-9004-9be15dfd844c,aef98915-d9bd-4ef8-82f6-281ec4d69cc6,0cf0d29d-b160-429c-b796-5681868a0d4b
12acfc45-bdfb-4343-9004-9be15dfd844c,aef98915-d9bd-4ef8-82f6-281ec4d69cc6,8e35a78f-0bb7-4b60-9aa3-2144a57e4bf4,->,12acfc45-bdfb-4343-9004-9be15dfd844c,aef98915-d9bd-4ef8-82f6-281ec4d69cc6,0cf0d29d-b160-429c-b796-5681868a0d4b
12acfc45-bdfb-4343-9004-9be15dfd844c,aef98915-d9bd-4ef8-82f6-281ec4d69cc6,8e35a78f-0bb7-4b60-9aa3-2144a57e4bf4,->,12acfc45-bdfb-4343-9004-9be15dfd844c,aef98915-d9bd-4ef8-82f6-281ec4d69cc6,0cf0d29d-b160-429c-b796-5681868a0d4b
12acfc45-bdfb-4343-9004-9be15dfd844c,aef98915-d9bd-4ef8-82f6-281ec4d69cc6,8e35a78f-0bb7-4b60-9aa3-2144a57e4bf4,->,12acfc45-bdfb-4343-9004-9be15dfd844c,aef98915-d9bd-4ef8-82f6-281ec4d69cc6,0fb8c0b3-d526-4e5a-b200-7aabf6303623
12acfc45-bdfb-4343-9004-9be15dfd844c,aef98915-d9bd-4ef8-82f6-281ec4d69cc6,8e35a78f-0bb7-4b60-9aa3-2144a57e4bf4,->,12acfc45-bdfb-4343-9004-9be15dfd844c,aef98915-d9bd-4ef8-82f6-281ec4d69cc6,3992bd2f-77ae-44fd-9dcd-0b271853822c
12acfc45-bdfb-4343-9004-9be15dfd844c,aef98915-d9bd-4ef8-82f6-281ec4d69cc6,8e35a78f-0bb7-4b60-9aa3-2144a57e4bf4,->,12acfc45-bdfb-4343-9004-9be15dfd844c,aef98915-d9bd-4ef8-82f6-281ec4d69cc6,0cf0d29d-b160-429c-b796-5681868a0d4b
12acfc45-bdfb-4343-9004-9be15dfd844c,aef98915-d9bd-4ef8-82f6-281ec4d69cc6,8e35a78f-0bb7-4b60-9aa3-2144a57e4bf4,->,12acfc45-bdfb-4343-9004-9be15dfd844c,aef98915-d9bd-4ef8-82f6-281ec4d69cc6,0cf0d29d-b160-429c-b796-5681868a0d4b
12acfc45-bdfb-4343-9004-9be15dfd844c,aef98915-d9bd-4ef8-82f6-281ec4d69cc6,8e35a78f-0bb7-4b60-9aa3-2144a57e4bf4,->,12acfc45-bdfb-4343-9004-9be15dfd844c,aef98915-d9bd-4ef8-82f6-281ec4d69cc6,0cf0d29d-b160-429c-b796-5681868a0d4b
12acfc45-bdfb-4343-9004-9be15dfd844c,aef98915-d9bd-4ef8-82f6-281ec4d69cc6,8e35a78f-0bb7-4b60-9aa3-2144a57e4bf4,->,12acfc45-bdfb-4343-9004-9be15dfd844c,aef98915-d9bd-4ef8-82f6-281ec4d69cc6,0cf0d29d-b160-429c-b796-5681868a0d4b
12acfc45-bdfb-4343-9004-9be15dfd844c,aef98915-d9bd-4ef8-82f6-281ec4d69cc6,8e35a78f-0bb7-4b60-9aa3-2144a57e4bf4,->,12acfc45-bdfb-4343-9004-9be15dfd844c,aef98915-d9bd-4ef8-82f6-281ec4d69cc6,0cf0d29d-b160-429c-b796-5681868a0d4b
12acfc45-bdfb-4343-9004-9be15dfd844c,aef98915-d9bd-4ef8-82f6-281ec4d69cc6,8e35a78f-0bb7-4b60-9aa3-2144a57e4bf4,->,12acfc45-bdfb-4343-9004-9be15dfd844c,aef98915-d9bd-4ef8-82f6-281ec4d69cc6,0cf0d29d-b160-429c-b796-5681868a0d4b
12acfc45-bdfb-4343-9004-9be15dfd844c,aef98915-d9bd-4ef8-82f6-281ec4d69cc6,8e35a78f-0bb7-4b60-9aa3-2144a57e4bf4,->,12acfc45-bdfb-4343-9004-9be15dfd844c,aef98915-d9bd-4ef8-82f6-281ec4d69cc6,0cf0d29d-b160-429c-b796-5681868a0d4b
12acfc45-bdfb-4343-9004-9be15dfd844c,aef98915-d9bd-4ef8-82f6-281ec4d69cc6,8e35a78f-0bb7-4b60-9aa3-2144a57e4bf4,->,12acfc45-bdfb-4343-9004-9be15dfd844c,aef98915-d9bd-4ef8-82f6-281ec4d69cc6,0cf0d29d-b160-429c-b796-5681868a0d4b
12acfc45-bdfb-4343-9004-9be15dfd844c,aef98915-d9bd-4ef8-82f6-281ec4d69cc6,8e35a78f-0bb7-4b60-9aa3-2144a57e4bf4,->,12acfc45-bdfb-4343-9004-9be15dfd844c,aef98915-d9bd-4ef8-82f6-281ec4d69cc6,0cf0d29d-b160-429c-b796-5681868a0d4b
12acfc45-bdfb-4343-9004-9be15dfd844c,aef98915-d9bd-4ef8-82f6-281ec4d69cc6,8e35a78f-0bb7-4b60-9aa3-2144a57e4bf4,->,12acfc45-bdfb-4343-9004-9be15dfd844c,aef98915-d9bd-4ef8-82f6-281ec4d69cc6,0cf0d29d-b160-429c-b796-5681868a0d4b
12acfc45-bdfb-4343-9004-9be15dfd844c,aef98915-d9bd-4ef8-82f6-281ec4d69cc6,8e35a78f-0bb7-4b60-9aa3-2144a57e4bf4,->,12acfc45-bdfb-4343-9004-9be15dfd844c,aef98915-d9bd-4ef8-82f6-281ec4d69cc6,0cf0d29d-b160-429c-b796-5681868a0d4b
12acfc45-bdfb-4343-9004-9be15dfd844c,aef98915-d9bd-4ef8-82f6-281ec4d69cc6,8e35a78f-0bb7-4b60-9aa3-2144a57e4bf4,->,12acfc45-bdfb-4343-9004-9be15dfd844c,aef98915-d9bd-4ef8-82f6-281ec4d69cc6,0cf0d29d-b160-429c-b796-5681868a0d4b
12acfc45-bdfb-4343-9004-9be15dfd844c,aef98915-d9bd-4ef8-82f6-281ec4d69cc6,8e35a78f-0bb7-4b60-9aa3-2144a57e4bf4,->,12acfc45-bdfb-4343-9004-9be15dfd844c,aef98915-d9bd-4ef8-82f6-281ec4d69cc6,0cf0d29d-b160-429c-b796-5681868a0d4b
12acfc45-bdfb-4343-9004-9be15dfd844c,aef98915-d9bd-4ef8-82f6-281ec4d69cc6,8e35a78f-0bb7-4b60-9aa3-2144a57e4bf4,->,12acfc45-bdfb-4343-9004-9be15dfd844c,aef98915-d9bd-4ef8-82f6-281ec4d69cc6,0cf0d29d-b160-429c-b796-5681868a0d4b
12acfc45-bdfb-4343-9004-9be15dfd844c,aef98915-d9bd-4ef8-82f6-281ec4d69cc6,8e35a78f-0bb7-4b60-9aa3-2144a57e4bf4,->,12acfc45-bdfb-4343-9004-9be15dfd844c,aef98915-d9bd-4ef8-82f6-281ec4d69cc6,0fb8c0b3-d526-4e5a-b200-7aabf6303623
12acfc45-bdfb-4343-9004-9be15dfd844c,aef98915-d9bd-4ef8-82f6-281ec4d69cc6,8e35a78f-0bb7-4b60-9aa3-2144a57e4bf4,->,12acfc45-bdfb-4343-9004-9be15dfd844c,aef98915-d9bd-4ef8-82f6-281ec4d69cc6,3992bd2f-77ae-44fd-9dcd-0b271853822c
12acfc45-bdfb-4343-9004-9be15dfd844c,aef98915-d9bd-4ef8-82f6-281ec4d69cc6,8e35a78f-0bb7-4b60-9aa3-2144a57e4bf4,->,12acfc45-bdfb-4343-9004-9be15dfd844c,aef98915-d9bd-4ef8-82f6-281ec4d69cc6,0cf0d29d-b160-429c-b796-5681868a0d4b
12acfc45-bdfb-4343-9004-9be15dfd844c,aef98915-d9bd-4ef8-82f6-281ec4d69cc6,8e35a78f-0bb7-4b60-9aa3-2144a57e4bf4,->,12acfc45-bdfb-4343-9004-9be15dfd844c,aef98915-d9bd-4ef8-82f6-281ec4d69cc6,0cf0d29d-b160-429c-b796-5681868a0d4b
12acfc45-bdfb-4343-9004-9be15dfd844c,aef98915-d9bd-4ef8-82f6-281ec4d69cc6,8e35a78f-0bb7-4b60-9aa3-2144a57e4bf4,->,12acfc45-bdfb-4343-9004-9be15dfd844c,aef98915-d9bd-4ef8-82f6-281ec4d69cc6,0cf0d29d-b160-429c-b796-5681868a0d4b
12acfc45-bdfb-4343-9004-9be15dfd844c,aef98915-d9bd-4ef8-82f6-281ec4d69cc6,8e35a78f-0bb7-4b60-9aa3-2144a57e4bf4,->,12acfc45-bdfb-4343-9004-9be15dfd844c,aef98915-d9bd-4ef8-82f6-281ec4d69cc6,0cf0d29d-b160-429c-b796-5681868a0d4b
12acfc45-bdfb-4343-9004-9be15dfd844c,aef98915-d9bd-4ef8-82f6-281ec4d69cc6,8e35a78f-0bb7-4b60-9aa3-2144a57e4bf4,->,12acfc45-bdfb-4343-9004-9be15dfd844c,aef98915-d9bd-4ef8-82f6-281ec4d69cc6,0cf0d29d-b160-429c-b796-5681868a0d4b
12acfc45-bdfb-4343-9004-9be15dfd844c,aef98915-d9bd-4ef8-82f6-281ec4d69cc6,8e35a78f-0bb7-4b60-9aa3-2144a57e4bf4,->,12acfc45-bdfb-4343-9004-9be15dfd844c,aef98915-d9bd-4ef8-82f6-281ec4d69cc6,0cf0d29d-b160-429c-b796-5681868a0d4b
12acfc45-bdfb-4343-9004-9be15dfd844c,aef98915-d9bd-4ef8-82f6-281ec4d69cc6,8e35a78f-0bb7-4b60-9aa3-2144a57e4bf4,->,12acfc45-bdfb-4343-9004-9be15dfd844c,aef98915-d9bd-4ef8-82f6-281ec4d69cc6,0cf0d29d-b160-429c-b796-5681868a0d4b
12acfc45-bdfb-4343-9004-9be15dfd844c,aef98915-d9bd-4ef8-82f6-281ec4d69cc6,8e35a78f-0bb7-4b60-9aa3-2144a57e4bf4,->,12acfc45-bdfb-4343-9004-9be15dfd844c,aef98915-d9bd-4ef8-82f6-281ec4d69cc6,0cf0d29d-b160-429c-b796-5681868a0d4b
12acfc45-bdfb-4343-9004-9be15dfd844c,aef98915-d9bd-4ef8-82f6-281ec4d69cc6,8e35a78f-0bb7-4b60-9aa3-2144a57e4bf4,->,12acfc45-bdfb-4343-9004-9be15dfd844c,aef98915-d9bd-4ef8-82f6-281ec4d69cc6,0cf0d29d-b160-429c-b796-5681868a0d4b
12acfc45-bdfb-4343-9004-9be15dfd844c,aef98915-d9bd-4ef8-82f6-281ec4d69cc6,8e35a78f-0bb7-4b60-9aa3-2144a57e4bf4,->,12acfc45-bdfb-4343-9004-9be15dfd844c,aef98915-d9bd-4ef8-82f6-281ec4d69cc6,0cf0d29d-b160-429c-b796-5681868a0d4b
12acfc45-bdfb-4343-9004-9be15dfd844c,aef98915-d9bd-4ef8-82f6-281ec4d69cc6,8e35a78f-0bb7-4b60-9aa3-2144a57e4bf4,->,12acfc45-bdfb-4343-9004-9be15dfd844c,aef98915-d9bd-4ef8-82f6-281ec4d69cc6,0fb8c0b3-d526-4e5a-b200-7aabf6303623
12acfc45-bdfb-4343-9004-9be15dfd844c,aef98915-d9bd-4ef8-82f6-281ec4d69cc6,8e35a78f-0bb7-4b60-9aa3-2144a57e4bf4,->,12acfc45-bdfb-4343-9004-9be15dfd844c,aef98915-d9bd-4ef8-82f6-281ec4d69cc6,3992bd2f-77ae-44fd-9dcd-0b271853822c
12acfc45-bdfb-4343-9004-9be15dfd844c,aef98915-d9bd-4ef8-82f6-281ec4d69cc6,8e35a78f-0bb7-4b60-9aa3-2144a57e4bf4,->,12acfc45-bdfb-4343-9004-9be15dfd844c,aef98915-d9bd-4ef8-82f6-281ec4d69cc6,0cf0d29d-b160-429c-b796-5681868a0d4b
12acfc45-bdfb-4343-9004-9be15dfd844c,aef98915-d9bd-4ef8-82f6-281ec4d69cc6,8e35a78f-0bb7-4b60-9aa3-2144a57e4bf4,->,12acfc45-bdfb-4343-9004-9be15dfd844c,aef98915-d9bd-4ef8-82f6-281ec4d69cc6,0cf0d29d-b160-429c-b796-5681868a0d4b
12acfc45-bdfb-4343-9004-9be15dfd844c,aef98915-d9bd-4ef8-82f6-281ec4d69cc6,8e35a78f-0bb7-4b60-9aa3-2144a57e4bf4,->,12acfc45-bdfb-4343-9004-9be15dfd844c,aef98915-d9bd-4ef8-82f6-281ec4d69cc6,0cf0d29d-b160-429c-b796-5681868a0d4b
12acfc45-bdfb-4343-9004-9be15dfd844c,aef98915-d9bd-4ef8-82f6-281ec4d69cc6,8e35a78f-0bb7-4b60-9aa3-2144a57e4bf4,->,12acfc45-bdfb-4343-9004-9be15dfd844c,aef98915-d9bd-4ef8-82f6-281ec4d69cc6,0cf0d29d-b160-429c-b796-5681868a0d4b
12acfc45-bdfb-4343-9004-9be15dfd844c,aef98915-d9bd-4ef8-82f6-281ec4d69cc6,8e35a78f-0bb7-4b60-9aa3-2144a57e4bf4,->,12acfc45-bdfb-4343-9004-9be15dfd844c,aef98915-d9bd-4ef8-82f6-281ec4d69cc6,0cf0d29d-b160-429c-b796-5681868a0d4b
12acfc45-bdfb-4343-9004-9be15dfd844c,aef98915-d9bd-4ef8-82f6-281ec4d69cc6,8e35a78f-0bb7-4b60-9aa3-2144a57e4bf4,->,12acfc45-bdfb-4343-9004-9be15dfd844c,aef98915-d9bd-4ef8-82f6-281ec4d69cc6,0cf0d29d-b160-429c-b796-5681868a0d4b
12acfc45-bdfb-4343-9004-9be15dfd844c,aef98915-d9bd-4ef8-82f6-281ec4d69cc6,8e35a78f-0bb7-4b60-9aa3-2144a57e4bf4,->,12acfc45-bdfb-4343-9004-9be15dfd844c,aef98915-d9bd-4ef8-82f6-281ec4d69cc6,0cf0d29d-b160-429c-b796-5681868a0d4b
12acfc45-bdfb-4343-9004-9be15dfd844c,aef98915-d9bd-4ef8-82f6-281ec4d69cc6,8e35a78f-0bb7-4b60-9aa3-2144a57e4bf4,->,12acfc45-bdfb-4343-9004-9be15dfd844c,aef98915-d9bd-4ef8-82f6-281ec4d69cc6,0cf0d29d-b160-429c-b796-5681868a0d4b
12acfc45-bdfb-4343-9004-9be15dfd844c,aef98915-d9bd-4ef8-82f6-281ec4d69cc6,8e35a78f-0bb7-4b60-9aa3-2144a57e4bf4,->,12acfc45-bdfb-4343-9004-9be15dfd844c,aef98915-d9bd-4ef8-82f6-281ec4d69cc6,0cf0d29d-b160-429c-b796-5681868a0d4b
12acfc45-bdfb-4343-9004-9be15dfd844c,aef98915-d9bd-4ef8-82f6-281ec4d69cc6,8e35a78f-0bb7-4b60-9aa3-2144a57e4bf4,->,12acfc45-bdfb-4343-9004-9be15dfd844c,aef98915-d9bd-4ef8-82f6-281ec4d69cc6,0cf0d29d-b160-429c-b796-5681868a0d4b
12acfc45-bdfb-4343-9004-9be15dfd844c,aef98915-d9bd-4ef8-82f6-281ec4d69cc6,8e35a78f-0bb7-4b60-9aa3-2144a57e4bf4,->,12acfc45-bdfb-4343-9004-9be15dfd844c,aef98915-d9bd-4ef8-82f6-281ec4d69cc6,0fb8c0b3-d526-4e5a-b200-7aabf6303623
12acfc45-bdfb-4343-9004-9be15dfd844c,aef98915-d9bd-4ef8-82f6-281ec4d69cc6,8e35a78f-0bb7-4b60-9aa3-2144a57e4bf4,->,12acfc45-bdfb-4343-9004-9be15dfd844c,aef98915-d9bd-4ef8-82f6-281ec4d69cc6,3992bd2f-77ae-44fd-9dcd-0b271853822c
12acfc45-bdfb-4343-9004-9be15dfd844c,aef98915-d9bd-4ef8-82f6-281ec4d69cc6,8e35a78f-0bb7-4b60-9aa3-2144a57e4bf4,->,12acfc45-bdfb-4343-9004-9be15dfd844c,aef98915-d9bd-4ef8-82f6-281ec4d69cc6,0cf0d29d-b160-429c-b796-5681868a0d4b
12acfc45-bdfb-4343-9004-9be15dfd844c,aef98915-d9bd-4ef8-82f6-281ec4d69cc6,8e35a78f-0bb7-4b60-9aa3-2144a57e4bf4,->,12acfc45-bdfb-4343-9004-9be15dfd844c,aef98915-d9bd-4ef8-82f6-281ec4d69cc6,0cf0d29d-b160-429c-b796-5681868a0d4b
12acfc45-bdfb-4343-9004-9be15dfd844c,aef98915-d9bd-4ef8-82f6-281ec4d69cc6,8e35a78f-0bb7-4b60-9aa3-2144a57e4bf4,->,12acfc45-bdfb-4343-9004-9be15dfd844c,aef98915-d9bd-4ef8-82f6-281ec4d69cc6,0cf0d29d-b160-429c-b796-5681868a0d4b
12acfc45-bdfb-4343-9004-9be15dfd844c,aef98915-d9bd-4ef8-82f6-281ec4d69cc6,8e35a78f-0bb7-4b60-9aa3-2144a57e4bf4,->,12acfc45-bdfb-4343-9004-9be15dfd844c,aef98915-d9bd-4ef8-82f6-281ec4d69cc6,0cf0d29d-b160-429c-b796-5681868a0d4b
12acfc45-bdfb-4343-9004-9be15dfd844c,aef98915-d9bd-4ef8-82f6-281ec4d69cc6,8e35a78f-0bb7-4b60-9aa3-2144a57e4bf4,->,12acfc45-bdfb-4343-9004-9be15dfd844c,aef98915-d9bd-4ef8-82f6-281ec4d69cc6,0cf0d29d-b160-429c-b796-5681868a0d4b
12acfc45-bdfb-4343-9004-9be15dfd844c,aef98915-d9bd-4ef8-82f6-281ec4d69cc6,8e35a78f-0bb7-4b60-9aa3-2144a57e4bf4,->,12acfc45-bdfb-4343-9004-9be15dfd844c,aef98915-d9bd-4ef8-82f6-281ec4d69cc6,0cf0d29d-b160-429c-b796-5681868a0d4b
12acfc45-bdfb-4343-9004-9be15dfd844c,aef98915-d9bd-4ef8-82f6-281ec4d69cc6,8e35a78f-0bb7-4b60-9aa3-2144a57e4bf4,->,12acfc45-bdfb-4343-9004-9be15dfd844c,aef98915-d9bd-4ef8-82f6-281ec4d69cc6,0cf0d29d-b160-429c-b796-5681868a0d4b
12acfc45-bdfb-4343-9004-9be15dfd844c,aef98915-d9bd-4ef8-82f6-281ec4d69cc6,8e35a78f-0bb7-4b60-9aa3-2144a57e4bf4,->,12acfc45-bdfb-4343-9004-9be15dfd844c,aef98915-d9bd-4ef8-82f6-281ec4d69cc6,0fb8c0b3-d526-4e5a-b200-7aabf6303623
12acfc45-bdfb-4343-9004-9be15dfd844c,aef98915-d9bd-4ef8-82f6-281ec4d69cc6,8e35a78f-0bb7-4b60-9aa3-2144a57e4bf4,->,12acfc45-bdfb-4343-9004-9be15dfd844c,aef98915-d9bd-4ef8-82f6-281ec4d69cc6,3992bd2f-77ae-44fd-9dcd-0b271853822c
12acfc45-bdfb-4343-9004-9be15dfd844c,aef98915-d9bd-4ef8-82f6-281ec4d69cc6,8e35a78f-0bb7-4b60-9aa3-2144a57e4bf4,->,12acfc45-bdfb-4343-9004-9be15dfd844c,aef98915-d9bd-4ef8-82f6-281ec4d69cc6,0cf0d29d-b160-429c-b796-5681868a0d4b
12acfc45-bdfb-4343-9004-9be15dfd844c,aef98915-d9bd-4ef8-82f6-281ec4d69cc6,8e35a78f-0bb7-4b60-9aa3-2144a57e4bf4,->,12acfc45-bdfb-4343-9004-9be15dfd844c,aef98915-d9bd-4ef8-82f6-281ec4d69cc6,0cf0d29d-b160-429c-b796-5681868a0d4b
12acfc45-bdfb-4343-9004-9be15dfd844c,aef98915-d9bd-4ef8-82f6-281ec4d69cc6,8e35a78f-0bb7-4b60-9aa3-2144a57e4bf4,->,12acfc45-bdfb-4343-9004-9be15dfd844c,aef98915-d9bd-4ef8-82f6-281ec4d69cc6,0cf0d29d-b160-429c-b796-5681868a0d4b
12acfc45-bdfb-4343-9004-9be15dfd844c,aef98915-d9bd-4ef8-82f6-281ec4d69cc6,8e35a78f-0bb7-4b60-9aa3-2144a57e4bf4,->,12acfc45-bdfb-4343-9004-9be15dfd844c,aef98915-d9bd-4ef8-82f6-281ec4d69cc6,0cf0d29d-b160-429c-b796-5681868a0d4b
12acfc45-bdfb-4343-9004-9be15dfd844c,aef98915-d9bd-4ef8-82f6-281ec4d69cc6,8e35a78f-0bb7-4b60-9aa3-2144a57e4bf4,->,12acfc45-bdfb-4343-9004-9be15dfd844c,aef98915-d9bd-4ef8-82f6-281ec4d69cc6,0cf0d29d-b160-429c-b796-5681868a0d4b
12acfc45-bdfb-4343-9004-9be15dfd844c,aef98915-d9bd-4ef8-82f6-281ec4d69cc6,8e35a78f-0bb7-4b60-9aa3-2144a57e4bf4,->,12acfc45-bdfb-4343-9004-9be15dfd844c,aef98915-d9bd-4ef8-82f6-281ec4d69cc6,0cf0d29d-b160-429c-b796-5681868a0d4b
12acfc45-bdfb-4343-9004-9be15dfd844c,aef98915-d9bd-4ef8-82f6-281ec4d69cc6,8e35a78f-0bb7-4b60-9aa3-2144a57e4bf4,->,12acfc45-bdfb-4343-9004-9be15dfd844c,aef98915-d9bd-4ef8-82f6-281ec4d69cc6,0cf0d29d-b160-429c-b796-5681868a0d4b
12acfc45-bdfb-4343-9004-9be15dfd844c,aef98915-d9bd-4ef8-82f6-281ec4d69cc6,8e35a78f-0bb7-4b60-9aa3-2144a57e4bf4,->,12acfc45-bdfb-4343-9004-9be15dfd844c,aef98915-d9bd-4ef8-82f6-281ec4d69cc6,0fb8c0b3-d526-4e5a-b200-7aabf6303623
12acfc45-bdfb-4343-9004-9be15dfd844c,aef98915-d9bd-4ef8-82f6-281ec4d69cc6,8e35a78f-0bb7-4b60-9aa3-2144a57e4bf4,->,12acfc45-bdfb-4343-9004-9be15dfd844c,aef98915-d9bd-4ef8-82f6-281ec4d69cc6,3992bd2f-77ae-44fd-9dcd-0b271853822c
12acfc45-bdfb-4343-9004-9be15dfd844c,aef98915-d9bd-4ef8-82f6-281ec4d69cc6,8e35a78f-0bb7-4b60-9aa3-2144a57e4bf4,->,12acfc45-bdfb-4343-9004-9be15dfd844c,aef98915-d9bd-4ef8-82f6-281ec4d69cc6,0cf0d29d-b160-429c-b796-5681868a0d4b
12acfc45-bdfb-4343-9004-9be15dfd844c,aef98915-d9bd-4ef8-82f6-281ec4d69cc6,8e35a78f-0bb7-4b60-9aa3-2144a57e4bf4,->,12acfc45-bdfb-4343-9004-9be15dfd844c,aef98915-d9bd-4ef8-82f6-281ec4d69cc6,0cf0d29d-b160-429c-b796-5681868a0d4b
12acfc45-bdfb-4343-9004-9be15dfd844c,aef98915-d9bd-4ef8-82f6-281ec4d69cc6,8e35a78f-0bb7-4b60-9aa3-2144a57e4bf4,->,12acfc45-bdfb-4343-9004-9be15dfd844c,aef98915-d9bd-4ef8-82f6-281ec4d69cc6,0cf0d29d-b160-429c-b796-5681868a0d4b
12acfc45-bdfb-4343-9004-9be15dfd844c,aef98915-d9bd-4ef8-82f6-281ec4d69cc6,8e35a78f-0bb7-4b60-9aa3-2144a57e4bf4,->,12acfc45-bdfb-4343-9004-9be15dfd844c,aef98915-d9bd-4ef8-82f6-281ec4d69cc6,0cf0d29d-b160-429c-b796-5681868a0d4b
12acfc45-bdfb-4343-9004-9be15dfd844c,aef98915-d9bd-4ef8-82f6-281ec4d69cc6,8e35a78f-0bb7-4b60-9aa3-2144a57e4bf4,->,12acfc45-bdfb-4343-9004-9be15dfd844c,aef98915-d9bd-4ef8-82f6-281ec4d69cc6,0cf0d29d-b160-429c-b796-5681868a0d4b
12acfc45-bdfb-4343-9004-9be15dfd844c,aef98915-d9bd-4ef8-82f6-281ec4d69cc6,8e35a78f-0bb7-4b60-9aa3-2144a57e4bf4,->,12acfc45-bdfb-4343-9004-9be15dfd844c,aef98915-d9bd-4ef8-82f6-281ec4d69cc6,0cf0d29d-b160-429c-b796-5681868a0d4b
12acfc45-bdfb-4343-9004-9be15dfd844c,aef98915-d9bd-4ef8-82f6-281ec4d69cc6,8e35a78f-0bb7-4b60-9aa3-2144a57e4bf4,->,12acfc45-bdfb-4343-9004-9be15dfd844c,aef98915-d9bd-4ef8-82f6-281ec4d69cc6,0cf0d29d-b160-429c-b796-5681868a0d4b
12acfc45-bdfb-4343-9004-9be15dfd844c,aef98915-d9bd-4ef8-82f6-281ec4d69cc6,8e35a78f-0bb7-4b60-9aa3-2144a57e4bf4,->,12acfc45-bdfb-4343-9004-9be15dfd844c,aef98915-d9bd-4ef8-82f6-281ec4d69cc6,0fb8c0b3-d526-4e5a-b200-7aabf6303623
12acfc45-bdfb-4343-9004-9be15dfd844c,aef98915-d9bd-4ef8-82f6-281ec4d69cc6,8e35a78f-0bb7-4b60-9aa3-2144a57e4bf4,->,12acfc45-bdfb-4343-9004-9be15dfd844c,aef98915-d9bd-4ef8-82f6-281ec4d69cc6,3992bd2f-77ae-44fd-9dcd-0b271853822c
12acfc45-bdfb-4343-9004-9be15dfd844c,aef98915-d9bd-4ef8-82f6-281ec4d69cc6,8e35a78f-0bb7-4b60-9aa3-2144a57e4bf4,->,12acfc45-bdfb-4343-9004-9be15dfd844c,aef98915-d9bd-4ef8-82f6-281ec4d69cc6,0cf0d29d-b160-429c-b796-5681868a0d4b
12acfc45-bdfb-4343-9004-9be15dfd844c,aef98915-d9bd-4ef8-82f6-281ec4d69cc6,8e35a78f-0bb7-4b60-9aa3-2144a57e4bf4,->,12acfc45-bdfb-4343-9004-9be15dfd844c,aef98915-d9bd-4ef8-82f6-281ec4d69cc6,0cf0d29d-b160-429c-b796-5681868a0d4b
12acfc45-bdfb-4343-9004-9be15dfd844c,aef98915-d9bd-4ef8-82f6-281ec4d69cc6,8e35a78f-0bb7-4b60-9aa3-2144a57e4bf4,->,12acfc45-bdfb-4343-9004-9be15dfd844c,aef98915-d9bd-4ef8-82f6-281ec4d69cc6,0cf0d29d-b160-429c-b796-5681868a0d4b
12acfc45-bdfb-4343-9004-9be15dfd844c,aef98915-d9bd-4ef8-82f6-281ec4d69cc6,8e35a78f-0bb7-4b60-9aa3-2144a57e4bf4,->,12acfc45-bdfb-4343-9004-9be15dfd844c,aef98915-d9bd-4ef8-82f6-281ec4d69cc6,0cf0d29d-b160-429c-b796-5681868a0d4b
12acfc45-bdfb-4343-9004-9be15dfd844c,aef98915-d9bd-4ef8-82f6-281ec4d69cc6,8e35a78f-0bb7-4b60-9aa3-2144a57e4bf4,->,12acfc45-bdfb-4343-9004-9be15dfd844c,aef98915-d9bd-4ef8-82f6-281ec4d69cc6,0cf0d29d-b160-429c-b796-5681868a0d4b
12acfc45-bdfb-4343-9004-9be15dfd844c,aef98915-d9bd-4ef8-82f6-281ec4d69cc6,8e35a78f-0bb7-4b60-9aa3-2144a57e4bf4,->,12acfc45-bdfb-4343-9004-9be15dfd844c,aef98915-d9bd-4ef8-82f6-281ec4d69cc6,0cf0d29d-b160-429c-b796-5681868a0d4b
12acfc45-bdfb-4343-9004-9be15dfd844c,aef98915-d9bd-4ef8-82f6-281ec4d69cc6,8e35a78f-0bb7-4b60-9aa3-2144a57e4bf4,->,12acfc45-bdfb-4343-9004-9be15dfd844c,aef98915-d9bd-4ef8-82f6-281ec4d69cc6,0cf0d29d-b160-429c-b796-5681868a0d4b
12acfc45-bdfb-4343-9004-9be15dfd844c,aef98915-d9bd-4ef8-82f6-281ec4d69cc6,8e35a78f-0bb7-4b60-9aa3-2144a57e4bf4,->,12acfc45-bdfb-4343-9004-9be15dfd844c,aef98915-d9bd-4ef8-82f6-281ec4d69cc6,0cf0d29d-b160-429c-b796-5681868a0d4b
12acfc45-bdfb-4343-9004-9be15dfd844c,aef98915-d9bd-4ef8-82f6-281ec4d69cc6,8e35a78f-0bb7-4b60-9aa3-2144a57e4bf4,->,12acfc45-bdfb-4343-9004-9be15dfd844c,aef98915-d9bd-4ef8-82f6-281ec4d69cc6,0cf0d29d-b160-429c-b796-5681868a0d4b
12acfc45-bdfb-4343-9004-9be15dfd844c,aef98915-d9bd-4ef8-82f6-281ec4d69cc6,8e35a78f-0bb7-4b60-9aa3-2144a57e4bf4,->,12acfc45-bdfb-4343-9004-9be15dfd844c,aef98915-d9bd-4ef8-82f6-281ec4d69cc6,0cf0d29d-b160-429c-b796-5681868a0d4b
12acfc45-bdfb-4343-9004-9be15dfd844c,aef98915-d9bd-4ef8-82f6-281ec4d69cc6,8e35a78f-0bb7-4b60-9aa3-2144a57e4bf4,->,12acfc45-bdfb-4343-9004-9be15dfd844c,aef98915-d9bd-4ef8-82f6-281ec4d69cc6,0fb8c0b3-d526-4e5a-b200-7aabf6303623
12acfc45-bdfb-4343-9004-9be15dfd844c,aef98915-d9bd-4ef8-82f6-281ec4d69cc6,8e35a78f-0bb7-4b60-9aa3-2144a57e4bf4,->,12acfc45-bdfb-4343-9004-9be15dfd844c,aef98915-d9bd-4ef8-82f6-281ec4d69cc6,3992bd2f-77ae-44fd-9dcd-0b271853822c
12acfc45-bdfb-4343-9004-9be15dfd844c,aef98915-d9bd-4ef8-82f6-281ec4d69cc6,8e35a78f-0bb7-4b60-9aa3-2144a57e4bf4,->,12acfc45-bdfb-4343-9004-9be15dfd844c,aef98915-d9bd-4ef8-82f6-281ec4d69cc6,0cf0d29d-b160-429c-b796-5681868a0d4b
12acfc45-bdfb-4343-9004-9be15dfd844c,aef98915-d9bd-4ef8-82f6-281ec4d69cc6,8e35a78f-0bb7-4b60-9aa3-2144a57e4bf4,->,12acfc45-bdfb-4343-9004-9be15dfd844c,aef98915-d9bd-4ef8-82f6-281ec4d69cc6,0cf0d29d-b160-429c-b796-5681868a0d4b
12acfc45-bdfb-4343-9004-9be15dfd844c,aef98915-d9bd-4ef8-82f6-281ec4d69cc6,8e35a78f-0bb7-4b60-9aa3-2144a57e4bf4,->,12acfc45-bdfb-4343-9004-9be15dfd844c,aef98915-d9bd-4ef8-82f6-281ec4d69cc6,0cf0d29d-b160-429c-b796-5681868a0d4b
12acfc45-bdfb-4343-9004-9be15dfd844c,aef98915-d9bd-4ef8-82f6-281ec4d69cc6,8e35a78f-0bb7-4b60-9aa3-2144a57e4bf4,->,12acfc45-bdfb-4343-9004-9be15dfd844c,aef98915-d9bd-4ef8-82f6-281ec4d69cc6,0cf0d29d-b160-429c-b796-5681868a0d4b
12acfc45-bdfb-4343-9004-9be15dfd844c,aef98915-d9bd-4ef8-82f6-281ec4d69cc6,8e35a78f-0bb7-4b60-9aa3-2144a57e4bf4,->,12acfc45-bdfb-4343-9004-9be15dfd844c,aef98915-d9bd-4ef8-82f6-281ec4d69cc6,0cf0d29d-b160-429c-b796-5681868a0d4b
12acfc45-bdfb-4343-9004-9be15dfd844c,aef98915-d9bd-4ef8-82f6-281ec4d69cc6,8e35a78f-0bb7-4b60-9aa3-2144a57e4bf4,->,12acfc45-bdfb-4343-9004-9be15dfd844c,aef98915-d9bd-4ef8-82f6-281ec4d69cc6,0cf0d29d-b160-429c-b796-5681868a0d4b
12acfc45-bdfb-4343-9004-9be15dfd844c,aef98915-d9bd-4ef8-82f6-281ec4d69cc6,8e35a78f-0bb7-4b60-9aa3-2144a57e4bf4,->,12acfc45-bdfb-4343-9004-9be15dfd844c,aef98915-d9bd-4ef8-82f6-281ec4d69cc6,0cf0d29d-b160-429c-b796-5681868a0d4b
12acfc45-bdfb-4343-9004-9be15dfd844c,aef98915-d9bd-4ef8-82f6-281ec4d69cc6,8e35a78f-0bb7-4b60-9aa3-2144a57e4bf4,->,12acfc45-bdfb-4343-9004-9be15dfd844c,aef98915-d9bd-4ef8-82f6-281ec4d69cc6,0cf0d29d-b160-429c-b796-5681868a0d4b
12acfc45-bdfb-4343-9004-9be15dfd844c,aef98915-d9bd-4ef8-82f6-281ec4d69cc6,8e35a78f-0bb7-4b60-9aa3-2144a57e4bf4,->,12acfc45-bdfb-4343-9004-9be15dfd844c,aef98915-d9bd-4ef8-82f6-281ec4d69cc6,0cf0d29d-b160-429c-b796-5681868a0d4b
12acfc45-bdfb-4343-9004-9be15dfd844c,aef98915-d9bd-4ef8-82f6-281ec4d69cc6,8e35a78f-0bb7-4b60-9aa3-2144a57e4bf4,->,12acfc45-bdfb-4343-9004-9be15dfd844c,aef98915-d9bd-4ef8-82f6-281ec4d69cc6,0cf0d29d-b160-429c-b796-5681868a0d4b
12acfc45-bdfb-4343-9004-9be15dfd844c,aef98915-d9bd-4ef8-82f6-281ec4d69cc6,8e35a78f-0bb7-4b60-9aa3-2144a57e4bf4,->,12acfc45-bdfb-4343-9004-9be15dfd844c,aef98915-d9bd-4ef8-82f6-281ec4d69cc6,0cf0d29d-b160-429c-b796-5681868a0d4b
12acfc45-bdfb-4343-9004-9be15dfd844c,aef98915-d9bd-4ef8-82f6-281ec4d69cc6,8e35a78f-0bb7-4b60-9aa3-2144a57e4bf4,->,12acfc45-bdfb-4343-9004-9be15dfd844c,aef98915-d9bd-4ef8-82f6-281ec4d69cc6,0cf0d29d-b160-429c-b796-5681868a0d4b
12acfc45-bdfb-4343-9004-9be15dfd844c,aef98915-d9bd-4ef8-82f6-281ec4d69cc6,8e35a78f-0bb7-4b60-9aa3-2144a57e4bf4,->,12acfc45-bdfb-4343-9004-9be15dfd844c,aef98915-d9bd-4ef8-82f6-281ec4d69cc6,0cf0d29d-b160-429c-b796-5681868a0d4b
12acfc45-bdfb-4343-9004-9be15dfd844c,aef98915-d9bd-4ef8-82f6-281ec4d69cc6,8e35a78f-0bb7-4b60-9aa3-2144a57e4bf4,->,12acfc45-bdfb-4343-9004-9be15dfd844c,aef98915-d9bd-4ef8-82f6-281ec4d69cc6,0cf0d29d-b160-429c-b796-5681868a0d4b
12acfc45-bdfb-4343-9004-9be15dfd844c,aef98915-d9bd-4ef8-82f6-281ec4d69cc6,8e35a78f-0bb7-4b60-9aa3-2144a57e4bf4,->,12acfc45-bdfb-4343-9004-9be15dfd844c,aef98915-d9bd-4ef8-82f6-281ec4d69cc6,0cf0d29d-b160-429c-b796-5681868a0d4b
12acfc45-bdfb-4343-9004-9be15dfd844c,aef98915-d9bd-4ef8-82f6-281ec4d69cc6,8e35a78f-0bb7-4b60-9aa3-2144a57e4bf4,->,12acfc45-bdfb-4343-9004-9be15dfd844c,aef98915-d9bd-4ef8-82f6-281ec4d69cc6,0cf0d29d-b160-429c-b796-5681868a0d4b
12acfc45-bdfb-4343-9004-9be15dfd844c,aef98915-d9bd-4ef8-82f6-281ec4d69cc6,8e35a78f-0bb7-4b60-9aa3-2144a57e4bf4,->,12acfc45-bdfb-4343-9004-9be15dfd844c,aef98915-d9bd-4ef8-82f6-281ec4d69cc6,0cf0d29d-b160-429c-b796-5681868a0d4b
12acfc45-bdfb-4343-9004-9be15dfd844c,aef98915-d9bd-4ef8-82f6-281ec4d69cc6,8e35a78f-0bb7-4b60-9aa3-2144a57e4bf4,->,12acfc45-bdfb-4343-9004-9be15dfd844c,aef98915-d9bd-4ef8-82f6-281ec4d69cc6,0cf0d29d-b160-429c-b796-5681868a0d4b
12acfc45-bdfb-4343-9004-9be15dfd844c,aef98915-d9bd-4ef8-82f6-281ec4d69cc6,8e35a78f-0bb7-4b60-9aa3-2144a57e4bf4,->,12acfc45-bdfb-4343-9004-9be15dfd844c,aef98915-d9bd-4ef8-82f6-281ec4d69cc6,0cf0d29d-b160-429c-b796-5681868a0d4b
12acfc45-bdfb-4343-9004-9be15dfd844c,aef98915-d9bd-4ef8-82f6-281ec4d69cc6,8e35a78f-0bb7-4b60-9aa3-2144a57e4bf4,->,12acfc45-bdfb-4343-9004-9be15dfd844c,aef98915-d9bd-4ef8-82f6-281ec4d69cc6,0cf0d29d-b160-429c-b796-5681868a0d4b
12acfc45-bdfb-4343-9004-9be15dfd844c,aef98915-d9bd-4ef8-82f6-281ec4d69cc6,8e35a78f-0bb7-4b60-9aa3-2144a57e4bf4,->,12acfc45-bdfb-4343-9004-9be15dfd844c,aef98915-d9bd-4ef8-82f6-281ec4d69cc6,0cf0d29d-b160-429c-b796-5681868a0d4b
12acfc45-bdfb-4343-9004-9be15dfd844c,aef98915-d9bd-4ef8-82f6-281ec4d69cc6,8e35a78f-0bb7-4b60-9aa3-2144a57e4bf4,->,12acfc45-bdfb-4343-9004-9be15dfd844c,aef98915-d9bd-4ef8-82f6-281ec4d69cc6,0cf0d29d-b160-429c-b796-5681868a0d4b
12acfc45-bdfb-4343-9004-9be15dfd844c,aef98915-d9bd-4ef8-82f6-281ec4d69cc6,8e35a78f-0bb7-4b60-9aa3-2144a57e4bf4,->,12acfc45-bdfb-4343-9004-9be15dfd844c,aef98915-d9bd-4ef8-82f6-281ec4d69cc6,0cf0d29d-b160-429c-b796-5681868a0d4b
12acfc45-bdfb-4343-9004-9be15dfd844c,aef98915-d9bd-4ef8-82f6-281ec4d69cc6,8e35a78f-0bb7-4b60-9aa3-2144a57e4bf4,->,12acfc45-bdfb-4343-9004-9be15dfd844c,aef98915-d9bd-4ef8-82f6-281ec4d69cc6,0cf0d29d-b160-429c-b796-5681868a0d4b
12acfc45-bdfb-4343-9004-9be15dfd844c,aef98915-d9bd-4ef8-82f6-281ec4d69cc6,8e35a78f-0bb7-4b60-9aa3-2144a57e4bf4,->,12acfc45-bdfb-4343-9004-9be15dfd844c,aef98915-d9bd-4ef8-82f6-281ec4d69cc6,0cf0d29d-b160-429c-b796-5681868a0d4b
12acfc45-bdfb-4343-9004-9be15dfd844c,aef98915-d9bd-4ef8-82f6-281ec4d69cc6,8e35a78f-0bb7-4b60-9aa3-2144a57e4bf4,->,12acfc45-bdfb-4343-9004-9be15dfd844c,aef98915-d9bd-4ef8-82f6-281ec4d69cc6,0cf0d29d-b160-429c-b796-5681868a0d4b
12acfc45-bdfb-4343-9004-9be15dfd844c,aef98915-d9bd-4ef8-82f6-281ec4d69cc6,8e35a78f-0bb7-4b60-9aa3-2144a57e4bf4,->,12acfc45-bdfb-4343-9004-9be15dfd844c,aef98915-d9bd-4ef8-82f6-281ec4d69cc6,0fb8c0b3-d526-4e5a-b200-7aabf6303623
12acfc45-bdfb-4343-9004-9be15dfd844c,aef98915-d9bd-4ef8-82f6-281ec4d69cc6,8e35a78f-0bb7-4b60-9aa3-2144a57e4bf4,->,12acfc45-bdfb-4343-9004-9be15dfd844c,aef98915-d9bd-4ef8-82f6-281ec4d69cc6,3992bd2f-77ae-44fd-9dcd-0b271853822c
12acfc45-bdfb-4343-9004-9be15dfd844c,aef98915-d9bd-4ef8-82f6-281ec4d69cc6,8e35a78f-0bb7-4b60-9aa3-2144a57e4bf4,->,12acfc45-bdfb-4343-9004-9be15dfd844c,aef98915-d9bd-4ef8-82f6-281ec4d69cc6,0cf0d29d-b160-429c-b796-5681868a0d4b
12acfc45-bdfb-4343-9004-9be15dfd844c,aef98915-d9bd-4ef8-82f6-281ec4d69cc6,8e35a78f-0bb7-4b60-9aa3-2144a57e4bf4,->,12acfc45-bdfb-4343-9004-9be15dfd844c,aef98915-d9bd-4ef8-82f6-281ec4d69cc6,0cf0d29d-b160-429c-b796-5681868a0d4b
12acfc45-bdfb-4343-9004-9be15dfd844c,aef98915-d9bd-4ef8-82f6-281ec4d69cc6,8e35a78f-0bb7-4b60-9aa3-2144a57e4bf4,->,12acfc45-bdfb-4343-9004-9be15dfd844c,aef98915-d9bd-4ef8-82f6-281ec4d69cc6,0cf0d29d-b160-429c-b796-5681868a0d4b
12acfc45-bdfb-4343-9004-9be15dfd844c,aef98915-d9bd-4ef8-82f6-281ec4d69cc6,8e35a78f-0bb7-4b60-9aa3-2144a57e4bf4,->,12acfc45-bdfb-4343-9004-9be15dfd844c,aef98915-d9bd-4ef8-82f6-281ec4d69cc6,0cf0d29d-b160-429c-b796-5681868a0d4b
12acfc45-bdfb-4343-9004-9be15dfd844c,aef98915-d9bd-4ef8-82f6-281ec4d69cc6,8e35a78f-0bb7-4b60-9aa3-2144a57e4bf4,->,12acfc45-bdfb-4343-9004-9be15dfd844c,aef98915-d9bd-4ef8-82f6-281ec4d69cc6,0cf0d29d-b160-429c-b796-5681868a0d4b
12acfc45-bdfb-4343-9004-9be15dfd844c,aef98915-d9bd-4ef8-82f6-281ec4d69cc6,8e35a78f-0bb7-4b60-9aa3-2144a57e4bf4,->,12acfc45-bdfb-4343-9004-9be15dfd844c,aef98915-d9bd-4ef8-82f6-281ec4d69cc6,0cf0d29d-b160-429c-b796-5681868a0d4b
12acfc45-bdfb-4343-9004-9be15dfd844c,aef98915-d9bd-4ef8-82f6-281ec4d69cc6,8e35a78f-0bb7-4b60-9aa3-2144a57e4bf4,->,12acfc45-bdfb-4343-9004-9be15dfd844c,aef98915-d9bd-4ef8-82f6-281ec4d69cc6,0cf0d29d-b160-429c-b796-5681868a0d4b
12acfc45-bdfb-4343-9004-9be15dfd844c,aef98915-d9bd-4ef8-82f6-281ec4d69cc6,8e35a78f-0bb7-4b60-9aa3-2144a57e4bf4,->,12acfc45-bdfb-4343-9004-9be15dfd844c,aef98915-d9bd-4ef8-82f6-281ec4d69cc6,0cf0d29d-b160-429c-b796-5681868a0d4b
12acfc45-bdfb-4343-9004-9be15dfd844c,aef98915-d9bd-4ef8-82f6-281ec4d69cc6,8e35a78f-0bb7-4b60-9aa3-2144a57e4bf4,->,12acfc45-bdfb-4343-9004-9be15dfd844c,aef98915-d9bd-4ef8-82f6-281ec4d69cc6,0cf0d29d-b160-429c-b796-5681868a0d4b
12acfc45-bdfb-4343-9004-9be15dfd844c,aef98915-d9bd-4ef8-82f6-281ec4d69cc6,8e35a78f-0bb7-4b60-9aa3-2144a57e4bf4,->,12acfc45-bdfb-4343-9004-9be15dfd844c,aef98915-d9bd-4ef8-82f6-281ec4d69cc6,0fb8c0b3-d526-4e5a-b200-7aabf6303623
12acfc45-bdfb-4343-9004-9be15dfd844c,aef98915-d9bd-4ef8-82f6-281ec4d69cc6,8e35a78f-0bb7-4b60-9aa3-2144a57e4bf4,->,12acfc45-bdfb-4343-9004-9be15dfd844c,aef98915-d9bd-4ef8-82f6-281ec4d69cc6,3992bd2f-77ae-44fd-9dcd-0b271853822c
12acfc45-bdfb-4343-9004-9be15dfd844c,aef98915-d9bd-4ef8-82f6-281ec4d69cc6,8e35a78f-0bb7-4b60-9aa3-2144a57e4bf4,->,12acfc45-bdfb-4343-9004-9be15dfd844c,aef98915-d9bd-4ef8-82f6-281ec4d69cc6,0cf0d29d-b160-429c-b796-5681868a0d4b
12acfc45-bdfb-4343-9004-9be15dfd844c,aef98915-d9bd-4ef8-82f6-281ec4d69cc6,8e35a78f-0bb7-4b60-9aa3-2144a57e4bf4,->,12acfc45-bdfb-4343-9004-9be15dfd844c,aef98915-d9bd-4ef8-82f6-281ec4d69cc6,0cf0d29d-b160-429c-b796-5681868a0d4b
12acfc45-bdfb-4343-9004-9be15dfd844c,aef98915-d9bd-4ef8-82f6-281ec4d69cc6,8e35a78f-0bb7-4b60-9aa3-2144a57e4bf4,->,12acfc45-bdfb-4343-9004-9be15dfd844c,aef98915-d9bd-4ef8-82f6-281ec4d69cc6,0cf0d29d-b160-429c-b796-5681868a0d4b
12acfc45-bdfb-4343-9004-9be15dfd844c,aef98915-d9bd-4ef8-82f6-281ec4d69cc6,8e35a78f-0bb7-4b60-9aa3-2144a57e4bf4,->,12acfc45-bdfb-4343-9004-9be15dfd844c,aef98915-d9bd-4ef8-82f6-281ec4d69cc6,0cf0d29d-b160-429c-b796-5681868a0d4b
12acfc45-bdfb-4343-9004-9be15dfd844c,aef98915-d9bd-4ef8-82f6-281ec4d69cc6,8e35a78f-0bb7-4b60-9aa3-2144a57e4bf4,->,12acfc45-bdfb-4343-9004-9be15dfd844c,aef98915-d9bd-4ef8-82f6-281ec4d69cc6,0cf0d29d-b160-429c-b796-5681868a0d4b
12acfc45-bdfb-4343-9004-9be15dfd844c,aef98915-d9bd-4ef8-82f6-281ec4d69cc6,8e35a78f-0bb7-4b60-9aa3-2144a57e4bf4,->,12acfc45-bdfb-4343-9004-9be15dfd844c,aef98915-d9bd-4ef8-82f6-281ec4d69cc6,0cf0d29d-b160-429c-b796-5681868a0d4b
12acfc45-bdfb-4343-9004-9be15dfd844c,aef98915-d9bd-4ef8-82f6-281ec4d69cc6,8e35a78f-0bb7-4b60-9aa3-2144a57e4bf4,->,12acfc45-bdfb-4343-9004-9be15dfd844c,aef98915-d9bd-4ef8-82f6-281ec4d69cc6,0cf0d29d-b160-429c-b796-5681868a0d4b
12acfc45-bdfb-4343-9004-9be15dfd844c,aef98915-d9bd-4ef8-82f6-281ec4d69cc6,8e35a78f-0bb7-4b60-9aa3-2144a57e4bf4,->,12acfc45-bdfb-4343-9004-9be15dfd844c,aef98915-d9bd-4ef8-82f6-281ec4d69cc6,0cf0d29d-b160-429c-b796-5681868a0d4b
12acfc45-bdfb-4343-9004-9be15dfd844c,aef98915-d9bd-4ef8-82f6-281ec4d69cc6,8e35a78f-0bb7-4b60-9aa3-2144a57e4bf4,->,12acfc45-bdfb-4343-9004-9be15dfd844c,aef98915-d9bd-4ef8-82f6-281ec4d69cc6,0cf0d29d-b160-429c-b796-5681868a0d4b
12acfc45-bdfb-4343-9004-9be15dfd844c,aef98915-d9bd-4ef8-82f6-281ec4d69cc6,8e35a78f-0bb7-4b60-9aa3-2144a57e4bf4,->,12acfc45-bdfb-4343-9004-9be15dfd844c,aef98915-d9bd-4ef8-82f6-281ec4d69cc6,0cf0d29d-b160-429c-b796-5681868a0d4b
12acfc45-bdfb-4343-9004-9be15dfd844c,aef98915-d9bd-4ef8-82f6-281ec4d69cc6,8e35a78f-0bb7-4b60-9aa3-2144a57e4bf4,->,12acfc45-bdfb-4343-9004-9be15dfd844c,aef98915-d9bd-4ef8-82f6-281ec4d69cc6,0cf0d29d-b160-429c-b796-5681868a0d4b
12acfc45-bdfb-4343-9004-9be15dfd844c,aef98915-d9bd-4ef8-82f6-281ec4d69cc6,8e35a78f-0bb7-4b60-9aa3-2144a57e4bf4,->,12acfc45-bdfb-4343-9004-9be15dfd844c,aef98915-d9bd-4ef8-82f6-281ec4d69cc6,0cf0d29d-b160-429c-b796-5681868a0d4b
12acfc45-bdfb-4343-9004-9be15dfd844c,aef98915-d9bd-4ef8-82f6-281ec4d69cc6,8e35a78f-0bb7-4b60-9aa3-2144a57e4bf4,->,12acfc45-bdfb-4343-9004-9be15dfd844c,aef98915-d9bd-4ef8-82f6-281ec4d69cc6,0cf0d29d-b160-429c-b796-5681868a0d4b
12acfc45-bdfb-4343-9004-9be15dfd844c,aef98915-d9bd-4ef8-82f6-281ec4d69cc6,8e35a78f-0bb7-4b60-9aa3-2144a57e4bf4,->,12acfc45-bdfb-4343-9004-9be15dfd844c,aef98915-d9bd-4ef8-82f6-281ec4d69cc6,0cf0d29d-b160-429c-b796-5681868a0d4b
12acfc45-bdfb-4343-9004-9be15dfd844c,aef98915-d9bd-4ef8-82f6-281ec4d69cc6,8e35a78f-0bb7-4b60-9aa3-2144a57e4bf4,->,12acfc45-bdfb-4343-9004-9be15dfd844c,aef98915-d9bd-4ef8-82f6-281ec4d69cc6,0cf0d29d-b160-429c-b796-5681868a0d4b
12acfc45-bdfb-4343-9004-9be15dfd844c,aef98915-d9bd-4ef8-82f6-281ec4d69cc6,8e35a78f-0bb7-4b60-9aa3-2144a57e4bf4,->,12acfc45-bdfb-4343-9004-9be15dfd844c,aef98915-d9bd-4ef8-82f6-281ec4d69cc6,0cf0d29d-b160-429c-b796-5681868a0d4b
12acfc45-bdfb-4343-9004-9be15dfd844c,aef98915-d9bd-4ef8-82f6-281ec4d69cc6,8e35a78f-0bb7-4b60-9aa3-2144a57e4bf4,->,12acfc45-bdfb-4343-9004-9be15dfd844c,aef98915-d9bd-4ef8-82f6-281ec4d69cc6,0cf0d29d-b160-429c-b796-5681868a0d4b
12acfc45-bdfb-4343-9004-9be15dfd844c,aef98915-d9bd-4ef8-82f6-281ec4d69cc6,8e35a78f-0bb7-4b60-9aa3-2144a57e4bf4,->,12acfc45-bdfb-4343-9004-9be15dfd844c,aef98915-d9bd-4ef8-82f6-281ec4d69cc6,0cf0d29d-b160-429c-b796-5681868a0d4b
12acfc45-bdfb-4343-9004-9be15dfd844c,aef98915-d9bd-4ef8-82f6-281ec4d69cc6,8e35a78f-0bb7-4b60-9aa3-2144a57e4bf4,->,12acfc45-bdfb-4343-9004-9be15dfd844c,aef98915-d9bd-4ef8-82f6-281ec4d69cc6,0cf0d29d-b160-429c-b796-5681868a0d4b
12acfc45-bdfb-4343-9004-9be15dfd844c,aef98915-d9bd-4ef8-82f6-281ec4d69cc6,8e35a78f-0bb7-4b60-9aa3-2144a57e4bf4,->,12acfc45-bdfb-4343-9004-9be15dfd844c,aef98915-d9bd-4ef8-82f6-281ec4d69cc6,0cf0d29d-b160-429c-b796-5681868a0d4b
12acfc45-bdfb-4343-9004-9be15dfd844c,aef98915-d9bd-4ef8-82f6-281ec4d69cc6,8e35a78f-0bb7-4b60-9aa3-2144a57e4bf4,->,12acfc45-bdfb-4343-9004-9be15dfd844c,aef98915-d9bd-4ef8-82f6-281ec4d69cc6,0fb8c0b3-d526-4e5a-b200-7aabf6303623
12acfc45-bdfb-4343-9004-9be15dfd844c,aef98915-d9bd-4ef8-82f6-281ec4d69cc6,8e35a78f-0bb7-4b60-9aa3-2144a57e4bf4,->,12acfc45-bdfb-4343-9004-9be15dfd844c,aef98915-d9bd-4ef8-82f6-281ec4d69cc6,3992bd2f-77ae-44fd-9dcd-0b271853822c
12acfc45-bdfb-4343-9004-9be15dfd844c,aef98915-d9bd-4ef8-82f6-281ec4d69cc6,8e35a78f-0bb7-4b60-9aa3-2144a57e4bf4,->,12acfc45-bdfb-4343-9004-9be15dfd844c,aef98915-d9bd-4ef8-82f6-281ec4d69cc6,0cf0d29d-b160-429c-b796-5681868a0d4b
12acfc45-bdfb-4343-9004-9be15dfd844c,aef98915-d9bd-4ef8-82f6-281ec4d69cc6,8e35a78f-0bb7-4b60-9aa3-2144a57e4bf4,->,12acfc45-bdfb-4343-9004-9be15dfd844c,server/model/players/Client.java,getItems
12acfc45-bdfb-4343-9004-9be15dfd844c,aef98915-d9bd-4ef8-82f6-281ec4d69cc6,8e35a78f-0bb7-4b60-9aa3-2144a57e4bf4,->,12acfc45-bdfb-4343-9004-9be15dfd844c,aef98915-d9bd-4ef8-82f6-281ec4d69cc6,0cf0d29d-b160-429c-b796-5681868a0d4b
12acfc45-bdfb-4343-9004-9be15dfd844c,aef98915-d9bd-4ef8-82f6-281ec4d69cc6,8e35a78f-0bb7-4b60-9aa3-2144a57e4bf4,->,12acfc45-bdfb-4343-9004-9be15dfd844c,aef98915-d9bd-4ef8-82f6-281ec4d69cc6,0fb8c0b3-d526-4e5a-b200-7aabf6303623
12acfc45-bdfb-4343-9004-9be15dfd844c,aef98915-d9bd-4ef8-82f6-281ec4d69cc6,47e65851-c884-4654-bd51-b45fbf5e04dd,->,12acfc45-bdfb-4343-9004-9be15dfd844c,aef98915-d9bd-4ef8-82f6-281ec4d69cc6,3992bd2f-77ae-44fd-9dcd-0b271853822c
12acfc45-bdfb-4343-9004-9be15dfd844c,aef98915-d9bd-4ef8-82f6-281ec4d69cc6,47e65851-c884-4654-bd51-b45fbf5e04dd,->,12acfc45-bdfb-4343-9004-9be15dfd844c,aef98915-d9bd-4ef8-82f6-281ec4d69cc6,0cf0d29d-b160-429c-b796-5681868a0d4b
12acfc45-bdfb-4343-9004-9be15dfd844c,aef98915-d9bd-4ef8-82f6-281ec4d69cc6,47e65851-c884-4654-bd51-b45fbf5e04dd,->,12acfc45-bdfb-4343-9004-9be15dfd844c,aef98915-d9bd-4ef8-82f6-281ec4d69cc6,0cf0d29d-b160-429c-b796-5681868a0d4b
12acfc45-bdfb-4343-9004-9be15dfd844c,aef98915-d9bd-4ef8-82f6-281ec4d69cc6,47e65851-c884-4654-bd51-b45fbf5e04dd,->,12acfc45-bdfb-4343-9004-9be15dfd844c,aef98915-d9bd-4ef8-82f6-281ec4d69cc6,0cf0d29d-b160-429c-b796-5681868a0d4b
12acfc45-bdfb-4343-9004-9be15dfd844c,aef98915-d9bd-4ef8-82f6-281ec4d69cc6,47e65851-c884-4654-bd51-b45fbf5e04dd,->,12acfc45-bdfb-4343-9004-9be15dfd844c,aef98915-d9bd-4ef8-82f6-281ec4d69cc6,0cf0d29d-b160-429c-b796-5681868a0d4b
12acfc45-bdfb-4343-9004-9be15dfd844c,aef98915-d9bd-4ef8-82f6-281ec4d69cc6,47e65851-c884-4654-bd51-b45fbf5e04dd,->,12acfc45-bdfb-4343-9004-9be15dfd844c,aef98915-d9bd-4ef8-82f6-281ec4d69cc6,0cf0d29d-b160-429c-b796-5681868a0d4b
12acfc45-bdfb-4343-9004-9be15dfd844c,aef98915-d9bd-4ef8-82f6-281ec4d69cc6,47e65851-c884-4654-bd51-b45fbf5e04dd,->,12acfc45-bdfb-4343-9004-9be15dfd844c,aef98915-d9bd-4ef8-82f6-281ec4d69cc6,0cf0d29d-b160-429c-b796-5681868a0d4b
12acfc45-bdfb-4343-9004-9be15dfd844c,aef98915-d9bd-4ef8-82f6-281ec4d69cc6,47e65851-c884-4654-bd51-b45fbf5e04dd,->,12acfc45-bdfb-4343-9004-9be15dfd844c,aef98915-d9bd-4ef8-82f6-281ec4d69cc6,0cf0d29d-b160-429c-b796-5681868a0d4b
12acfc45-bdfb-4343-9004-9be15dfd844c,aef98915-d9bd-4ef8-82f6-281ec4d69cc6,47e65851-c884-4654-bd51-b45fbf5e04dd,->,12acfc45-bdfb-4343-9004-9be15dfd844c,aef98915-d9bd-4ef8-82f6-281ec4d69cc6,0cf0d29d-b160-429c-b796-5681868a0d4b
12acfc45-bdfb-4343-9004-9be15dfd844c,aef98915-d9bd-4ef8-82f6-281ec4d69cc6,47e65851-c884-4654-bd51-b45fbf5e04dd,->,12acfc45-bdfb-4343-9004-9be15dfd844c,aef98915-d9bd-4ef8-82f6-281ec4d69cc6,0cf0d29d-b160-429c-b796-5681868a0d4b
12acfc45-bdfb-4343-9004-9be15dfd844c,aef98915-d9bd-4ef8-82f6-281ec4d69cc6,47e65851-c884-4654-bd51-b45fbf5e04dd,->,12acfc45-bdfb-4343-9004-9be15dfd844c,aef98915-d9bd-4ef8-82f6-281ec4d69cc6,0cf0d29d-b160-429c-b796-5681868a0d4b
12acfc45-bdfb-4343-9004-9be15dfd844c,aef98915-d9bd-4ef8-82f6-281ec4d69cc6,47e65851-c884-4654-bd51-b45fbf5e04dd,->,12acfc45-bdfb-4343-9004-9be15dfd844c,aef98915-d9bd-4ef8-82f6-281ec4d69cc6,0cf0d29d-b160-429c-b796-5681868a0d4b
12acfc45-bdfb-4343-9004-9be15dfd844c,aef98915-d9bd-4ef8-82f6-281ec4d69cc6,47e65851-c884-4654-bd51-b45fbf5e04dd,->,12acfc45-bdfb-4343-9004-9be15dfd844c,aef98915-d9bd-4ef8-82f6-281ec4d69cc6,0cf0d29d-b160-429c-b796-5681868a0d4b
12acfc45-bdfb-4343-9004-9be15dfd844c,aef98915-d9bd-4ef8-82f6-281ec4d69cc6,47e65851-c884-4654-bd51-b45fbf5e04dd,->,12acfc45-bdfb-4343-9004-9be15dfd844c,aef98915-d9bd-4ef8-82f6-281ec4d69cc6,0cf0d29d-b160-429c-b796-5681868a0d4b
12acfc45-bdfb-4343-9004-9be15dfd844c,aef98915-d9bd-4ef8-82f6-281ec4d69cc6,47e65851-c884-4654-bd51-b45fbf5e04dd,->,12acfc45-bdfb-4343-9004-9be15dfd844c,aef98915-d9bd-4ef8-82f6-281ec4d69cc6,0cf0d29d-b160-429c-b796-5681868a0d4b
12acfc45-bdfb-4343-9004-9be15dfd844c,aef98915-d9bd-4ef8-82f6-281ec4d69cc6,47e65851-c884-4654-bd51-b45fbf5e04dd,->,12acfc45-bdfb-4343-9004-9be15dfd844c,aef98915-d9bd-4ef8-82f6-281ec4d69cc6,0cf0d29d-b160-429c-b796-5681868a0d4b
12acfc45-bdfb-4343-9004-9be15dfd844c,aef98915-d9bd-4ef8-82f6-281ec4d69cc6,47e65851-c884-4654-bd51-b45fbf5e04dd,->,12acfc45-bdfb-4343-9004-9be15dfd844c,aef98915-d9bd-4ef8-82f6-281ec4d69cc6,0cf0d29d-b160-429c-b796-5681868a0d4b
12acfc45-bdfb-4343-9004-9be15dfd844c,aef98915-d9bd-4ef8-82f6-281ec4d69cc6,47e65851-c884-4654-bd51-b45fbf5e04dd,->,12acfc45-bdfb-4343-9004-9be15dfd844c,aef98915-d9bd-4ef8-82f6-281ec4d69cc6,0cf0d29d-b160-429c-b796-5681868a0d4b
12acfc45-bdfb-4343-9004-9be15dfd844c,aef98915-d9bd-4ef8-82f6-281ec4d69cc6,47e65851-c884-4654-bd51-b45fbf5e04dd,->,12acfc45-bdfb-4343-9004-9be15dfd844c,aef98915-d9bd-4ef8-82f6-281ec4d69cc6,0cf0d29d-b160-429c-b796-5681868a0d4b
12acfc45-bdfb-4343-9004-9be15dfd844c,aef98915-d9bd-4ef8-82f6-281ec4d69cc6,47e65851-c884-4654-bd51-b45fbf5e04dd,->,12acfc45-bdfb-4343-9004-9be15dfd844c,aef98915-d9bd-4ef8-82f6-281ec4d69cc6,0cf0d29d-b160-429c-b796-5681868a0d4b
12acfc45-bdfb-4343-9004-9be15dfd844c,aef98915-d9bd-4ef8-82f6-281ec4d69cc6,47e65851-c884-4654-bd51-b45fbf5e04dd,->,12acfc45-bdfb-4343-9004-9be15dfd844c,aef98915-d9bd-4ef8-82f6-281ec4d69cc6,0cf0d29d-b160-429c-b796-5681868a0d4b
12acfc45-bdfb-4343-9004-9be15dfd844c,aef98915-d9bd-4ef8-82f6-281ec4d69cc6,47e65851-c884-4654-bd51-b45fbf5e04dd,->,12acfc45-bdfb-4343-9004-9be15dfd844c,aef98915-d9bd-4ef8-82f6-281ec4d69cc6,0cf0d29d-b160-429c-b796-5681868a0d4b
12acfc45-bdfb-4343-9004-9be15dfd844c,aef98915-d9bd-4ef8-82f6-281ec4d69cc6,47e65851-c884-4654-bd51-b45fbf5e04dd,->,12acfc45-bdfb-4343-9004-9be15dfd844c,aef98915-d9bd-4ef8-82f6-281ec4d69cc6,0cf0d29d-b160-429c-b796-5681868a0d4b
12acfc45-bdfb-4343-9004-9be15dfd844c,aef98915-d9bd-4ef8-82f6-281ec4d69cc6,47e65851-c884-4654-bd51-b45fbf5e04dd,->,12acfc45-bdfb-4343-9004-9be15dfd844c,aef98915-d9bd-4ef8-82f6-281ec4d69cc6,0cf0d29d-b160-429c-b796-5681868a0d4b
12acfc45-bdfb-4343-9004-9be15dfd844c,aef98915-d9bd-4ef8-82f6-281ec4d69cc6,47e65851-c884-4654-bd51-b45fbf5e04dd,->,12acfc45-bdfb-4343-9004-9be15dfd844c,aef98915-d9bd-4ef8-82f6-281ec4d69cc6,0cf0d29d-b160-429c-b796-5681868a0d4b
12acfc45-bdfb-4343-9004-9be15dfd844c,aef98915-d9bd-4ef8-82f6-281ec4d69cc6,47e65851-c884-4654-bd51-b45fbf5e04dd,->,12acfc45-bdfb-4343-9004-9be15dfd844c,aef98915-d9bd-4ef8-82f6-281ec4d69cc6,0cf0d29d-b160-429c-b796-5681868a0d4b
12acfc45-bdfb-4343-9004-9be15dfd844c,aef98915-d9bd-4ef8-82f6-281ec4d69cc6,47e65851-c884-4654-bd51-b45fbf5e04dd,->,12acfc45-bdfb-4343-9004-9be15dfd844c,aef98915-d9bd-4ef8-82f6-281ec4d69cc6,0cf0d29d-b160-429c-b796-5681868a0d4b
12acfc45-bdfb-4343-9004-9be15dfd844c,aef98915-d9bd-4ef8-82f6-281ec4d69cc6,47e65851-c884-4654-bd51-b45fbf5e04dd,->,12acfc45-bdfb-4343-9004-9be15dfd844c,aef98915-d9bd-4ef8-82f6-281ec4d69cc6,0cf0d29d-b160-429c-b796-5681868a0d4b
12acfc45-bdfb-4343-9004-9be15dfd844c,aef98915-d9bd-4ef8-82f6-281ec4d69cc6,47e65851-c884-4654-bd51-b45fbf5e04dd,->,12acfc45-bdfb-4343-9004-9be15dfd844c,aef98915-d9bd-4ef8-82f6-281ec4d69cc6,0fb8c0b3-d526-4e5a-b200-7aabf6303623
12acfc45-bdfb-4343-9004-9be15dfd844c,aef98915-d9bd-4ef8-82f6-281ec4d69cc6,47e65851-c884-4654-bd51-b45fbf5e04dd,->,12acfc45-bdfb-4343-9004-9be15dfd844c,aef98915-d9bd-4ef8-82f6-281ec4d69cc6,3992bd2f-77ae-44fd-9dcd-0b271853822c
12acfc45-bdfb-4343-9004-9be15dfd844c,aef98915-d9bd-4ef8-82f6-281ec4d69cc6,47e65851-c884-4654-bd51-b45fbf5e04dd,->,12acfc45-bdfb-4343-9004-9be15dfd844c,aef98915-d9bd-4ef8-82f6-281ec4d69cc6,0cf0d29d-b160-429c-b796-5681868a0d4b
12acfc45-bdfb-4343-9004-9be15dfd844c,aef98915-d9bd-4ef8-82f6-281ec4d69cc6,47e65851-c884-4654-bd51-b45fbf5e04dd,->,12acfc45-bdfb-4343-9004-9be15dfd844c,aef98915-d9bd-4ef8-82f6-281ec4d69cc6,0fb8c0b3-d526-4e5a-b200-7aabf6303623
12acfc45-bdfb-4343-9004-9be15dfd844c,aef98915-d9bd-4ef8-82f6-281ec4d69cc6,47e65851-c884-4654-bd51-b45fbf5e04dd,->,12acfc45-bdfb-4343-9004-9be15dfd844c,aef98915-d9bd-4ef8-82f6-281ec4d69cc6,3992bd2f-77ae-44fd-9dcd-0b271853822c
12acfc45-bdfb-4343-9004-9be15dfd844c,aef98915-d9bd-4ef8-82f6-281ec4d69cc6,47e65851-c884-4654-bd51-b45fbf5e04dd,->,12acfc45-bdfb-4343-9004-9be15dfd844c,server/model/players/Client.java,getItems
12acfc45-bdfb-4343-9004-9be15dfd844c,aef98915-d9bd-4ef8-82f6-281ec4d69cc6,47e65851-c884-4654-bd51-b45fbf5e04dd,->,12acfc45-bdfb-4343-9004-9be15dfd844c,aef98915-d9bd-4ef8-82f6-281ec4d69cc6,0cf0d29d-b160-429c-b796-5681868a0d4b
12acfc45-bdfb-4343-9004-9be15dfd844c,aef98915-d9bd-4ef8-82f6-281ec4d69cc6,47e65851-c884-4654-bd51-b45fbf5e04dd,->,12acfc45-bdfb-4343-9004-9be15dfd844c,aef98915-d9bd-4ef8-82f6-281ec4d69cc6,0fb8c0b3-d526-4e5a-b200-7aabf6303623
12acfc45-bdfb-4343-9004-9be15dfd844c,aef98915-d9bd-4ef8-82f6-281ec4d69cc6,8b744573-b42d-40ee-9bfc-800c05576e00,->,12acfc45-bdfb-4343-9004-9be15dfd844c,aef98915-d9bd-4ef8-82f6-281ec4d69cc6,3992bd2f-77ae-44fd-9dcd-0b271853822c
12acfc45-bdfb-4343-9004-9be15dfd844c,aef98915-d9bd-4ef8-82f6-281ec4d69cc6,8b744573-b42d-40ee-9bfc-800c05576e00,->,12acfc45-bdfb-4343-9004-9be15dfd844c,aef98915-d9bd-4ef8-82f6-281ec4d69cc6,0cf0d29d-b160-429c-b796-5681868a0d4b
12acfc45-bdfb-4343-9004-9be15dfd844c,aef98915-d9bd-4ef8-82f6-281ec4d69cc6,8b744573-b42d-40ee-9bfc-800c05576e00,->,12acfc45-bdfb-4343-9004-9be15dfd844c,aef98915-d9bd-4ef8-82f6-281ec4d69cc6,0cf0d29d-b160-429c-b796-5681868a0d4b
12acfc45-bdfb-4343-9004-9be15dfd844c,aef98915-d9bd-4ef8-82f6-281ec4d69cc6,8b744573-b42d-40ee-9bfc-800c05576e00,->,12acfc45-bdfb-4343-9004-9be15dfd844c,aef98915-d9bd-4ef8-82f6-281ec4d69cc6,0cf0d29d-b160-429c-b796-5681868a0d4b
12acfc45-bdfb-4343-9004-9be15dfd844c,aef98915-d9bd-4ef8-82f6-281ec4d69cc6,8b744573-b42d-40ee-9bfc-800c05576e00,->,12acfc45-bdfb-4343-9004-9be15dfd844c,aef98915-d9bd-4ef8-82f6-281ec4d69cc6,0cf0d29d-b160-429c-b796-5681868a0d4b
12acfc45-bdfb-4343-9004-9be15dfd844c,aef98915-d9bd-4ef8-82f6-281ec4d69cc6,8b744573-b42d-40ee-9bfc-800c05576e00,->,12acfc45-bdfb-4343-9004-9be15dfd844c,aef98915-d9bd-4ef8-82f6-281ec4d69cc6,0cf0d29d-b160-429c-b796-5681868a0d4b
12acfc45-bdfb-4343-9004-9be15dfd844c,aef98915-d9bd-4ef8-82f6-281ec4d69cc6,8b744573-b42d-40ee-9bfc-800c05576e00,->,12acfc45-bdfb-4343-9004-9be15dfd844c,aef98915-d9bd-4ef8-82f6-281ec4d69cc6,0cf0d29d-b160-429c-b796-5681868a0d4b
12acfc45-bdfb-4343-9004-9be15dfd844c,aef98915-d9bd-4ef8-82f6-281ec4d69cc6,8b744573-b42d-40ee-9bfc-800c05576e00,->,12acfc45-bdfb-4343-9004-9be15dfd844c,aef98915-d9bd-4ef8-82f6-281ec4d69cc6,0cf0d29d-b160-429c-b796-5681868a0d4b
12acfc45-bdfb-4343-9004-9be15dfd844c,aef98915-d9bd-4ef8-82f6-281ec4d69cc6,8b744573-b42d-40ee-9bfc-800c05576e00,->,12acfc45-bdfb-4343-9004-9be15dfd844c,aef98915-d9bd-4ef8-82f6-281ec4d69cc6,0cf0d29d-b160-429c-b796-5681868a0d4b
12acfc45-bdfb-4343-9004-9be15dfd844c,aef98915-d9bd-4ef8-82f6-281ec4d69cc6,8b744573-b42d-40ee-9bfc-800c05576e00,->,12acfc45-bdfb-4343-9004-9be15dfd844c,aef98915-d9bd-4ef8-82f6-281ec4d69cc6,0cf0d29d-b160-429c-b796-5681868a0d4b
12acfc45-bdfb-4343-9004-9be15dfd844c,aef98915-d9bd-4ef8-82f6-281ec4d69cc6,8b744573-b42d-40ee-9bfc-800c05576e00,->,12acfc45-bdfb-4343-9004-9be15dfd844c,aef98915-d9bd-4ef8-82f6-281ec4d69cc6,0cf0d29d-b160-429c-b796-5681868a0d4b
12acfc45-bdfb-4343-9004-9be15dfd844c,aef98915-d9bd-4ef8-82f6-281ec4d69cc6,8b744573-b42d-40ee-9bfc-800c05576e00,->,12acfc45-bdfb-4343-9004-9be15dfd844c,aef98915-d9bd-4ef8-82f6-281ec4d69cc6,0cf0d29d-b160-429c-b796-5681868a0d4b
12acfc45-bdfb-4343-9004-9be15dfd844c,aef98915-d9bd-4ef8-82f6-281ec4d69cc6,8b744573-b42d-40ee-9bfc-800c05576e00,->,12acfc45-bdfb-4343-9004-9be15dfd844c,aef98915-d9bd-4ef8-82f6-281ec4d69cc6,0cf0d29d-b160-429c-b796-5681868a0d4b
12acfc45-bdfb-4343-9004-9be15dfd844c,aef98915-d9bd-4ef8-82f6-281ec4d69cc6,8b744573-b42d-40ee-9bfc-800c05576e00,->,12acfc45-bdfb-4343-9004-9be15dfd844c,aef98915-d9bd-4ef8-82f6-281ec4d69cc6,0cf0d29d-b160-429c-b796-5681868a0d4b
12acfc45-bdfb-4343-9004-9be15dfd844c,aef98915-d9bd-4ef8-82f6-281ec4d69cc6,8b744573-b42d-40ee-9bfc-800c05576e00,->,12acfc45-bdfb-4343-9004-9be15dfd844c,aef98915-d9bd-4ef8-82f6-281ec4d69cc6,0fb8c0b3-d526-4e5a-b200-7aabf6303623
12acfc45-bdfb-4343-9004-9be15dfd844c,aef98915-d9bd-4ef8-82f6-281ec4d69cc6,8b744573-b42d-40ee-9bfc-800c05576e00,->,12acfc45-bdfb-4343-9004-9be15dfd844c,aef98915-d9bd-4ef8-82f6-281ec4d69cc6,3992bd2f-77ae-44fd-9dcd-0b271853822c
12acfc45-bdfb-4343-9004-9be15dfd844c,aef98915-d9bd-4ef8-82f6-281ec4d69cc6,8b744573-b42d-40ee-9bfc-800c05576e00,->,12acfc45-bdfb-4343-9004-9be15dfd844c,aef98915-d9bd-4ef8-82f6-281ec4d69cc6,0cf0d29d-b160-429c-b796-5681868a0d4b
12acfc45-bdfb-4343-9004-9be15dfd844c,aef98915-d9bd-4ef8-82f6-281ec4d69cc6,8b744573-b42d-40ee-9bfc-800c05576e00,->,12acfc45-bdfb-4343-9004-9be15dfd844c,aef98915-d9bd-4ef8-82f6-281ec4d69cc6,0cf0d29d-b160-429c-b796-5681868a0d4b
12acfc45-bdfb-4343-9004-9be15dfd844c,aef98915-d9bd-4ef8-82f6-281ec4d69cc6,8b744573-b42d-40ee-9bfc-800c05576e00,->,12acfc45-bdfb-4343-9004-9be15dfd844c,aef98915-d9bd-4ef8-82f6-281ec4d69cc6,0cf0d29d-b160-429c-b796-5681868a0d4b
12acfc45-bdfb-4343-9004-9be15dfd844c,aef98915-d9bd-4ef8-82f6-281ec4d69cc6,8b744573-b42d-40ee-9bfc-800c05576e00,->,12acfc45-bdfb-4343-9004-9be15dfd844c,aef98915-d9bd-4ef8-82f6-281ec4d69cc6,0cf0d29d-b160-429c-b796-5681868a0d4b
12acfc45-bdfb-4343-9004-9be15dfd844c,aef98915-d9bd-4ef8-82f6-281ec4d69cc6,8b744573-b42d-40ee-9bfc-800c05576e00,->,12acfc45-bdfb-4343-9004-9be15dfd844c,aef98915-d9bd-4ef8-82f6-281ec4d69cc6,0cf0d29d-b160-429c-b796-5681868a0d4b
12acfc45-bdfb-4343-9004-9be15dfd844c,aef98915-d9bd-4ef8-82f6-281ec4d69cc6,8b744573-b42d-40ee-9bfc-800c05576e00,->,12acfc45-bdfb-4343-9004-9be15dfd844c,aef98915-d9bd-4ef8-82f6-281ec4d69cc6,0cf0d29d-b160-429c-b796-5681868a0d4b
12acfc45-bdfb-4343-9004-9be15dfd844c,aef98915-d9bd-4ef8-82f6-281ec4d69cc6,8b744573-b42d-40ee-9bfc-800c05576e00,->,12acfc45-bdfb-4343-9004-9be15dfd844c,aef98915-d9bd-4ef8-82f6-281ec4d69cc6,0cf0d29d-b160-429c-b796-5681868a0d4b
12acfc45-bdfb-4343-9004-9be15dfd844c,aef98915-d9bd-4ef8-82f6-281ec4d69cc6,8b744573-b42d-40ee-9bfc-800c05576e00,->,12acfc45-bdfb-4343-9004-9be15dfd844c,aef98915-d9bd-4ef8-82f6-281ec4d69cc6,0cf0d29d-b160-429c-b796-5681868a0d4b
12acfc45-bdfb-4343-9004-9be15dfd844c,aef98915-d9bd-4ef8-82f6-281ec4d69cc6,8b744573-b42d-40ee-9bfc-800c05576e00,->,12acfc45-bdfb-4343-9004-9be15dfd844c,aef98915-d9bd-4ef8-82f6-281ec4d69cc6,0fb8c0b3-d526-4e5a-b200-7aabf6303623
12acfc45-bdfb-4343-9004-9be15dfd844c,aef98915-d9bd-4ef8-82f6-281ec4d69cc6,8b744573-b42d-40ee-9bfc-800c05576e00,->,12acfc45-bdfb-4343-9004-9be15dfd844c,aef98915-d9bd-4ef8-82f6-281ec4d69cc6,3992bd2f-77ae-44fd-9dcd-0b271853822c
12acfc45-bdfb-4343-9004-9be15dfd844c,aef98915-d9bd-4ef8-82f6-281ec4d69cc6,8b744573-b42d-40ee-9bfc-800c05576e00,->,12acfc45-bdfb-4343-9004-9be15dfd844c,aef98915-d9bd-4ef8-82f6-281ec4d69cc6,0cf0d29d-b160-429c-b796-5681868a0d4b
12acfc45-bdfb-4343-9004-9be15dfd844c,aef98915-d9bd-4ef8-82f6-281ec4d69cc6,8b744573-b42d-40ee-9bfc-800c05576e00,->,12acfc45-bdfb-4343-9004-9be15dfd844c,aef98915-d9bd-4ef8-82f6-281ec4d69cc6,0cf0d29d-b160-429c-b796-5681868a0d4b
12acfc45-bdfb-4343-9004-9be15dfd844c,aef98915-d9bd-4ef8-82f6-281ec4d69cc6,8b744573-b42d-40ee-9bfc-800c05576e00,->,12acfc45-bdfb-4343-9004-9be15dfd844c,aef98915-d9bd-4ef8-82f6-281ec4d69cc6,0cf0d29d-b160-429c-b796-5681868a0d4b
12acfc45-bdfb-4343-9004-9be15dfd844c,aef98915-d9bd-4ef8-82f6-281ec4d69cc6,8b744573-b42d-40ee-9bfc-800c05576e00,->,12acfc45-bdfb-4343-9004-9be15dfd844c,aef98915-d9bd-4ef8-82f6-281ec4d69cc6,0cf0d29d-b160-429c-b796-5681868a0d4b
12acfc45-bdfb-4343-9004-9be15dfd844c,aef98915-d9bd-4ef8-82f6-281ec4d69cc6,8b744573-b42d-40ee-9bfc-800c05576e00,->,12acfc45-bdfb-4343-9004-9be15dfd844c,aef98915-d9bd-4ef8-82f6-281ec4d69cc6,0fb8c0b3-d526-4e5a-b200-7aabf6303623
12acfc45-bdfb-4343-9004-9be15dfd844c,aef98915-d9bd-4ef8-82f6-281ec4d69cc6,8b744573-b42d-40ee-9bfc-800c05576e00,->,12acfc45-bdfb-4343-9004-9be15dfd844c,aef98915-d9bd-4ef8-82f6-281ec4d69cc6,3992bd2f-77ae-44fd-9dcd-0b271853822c
12acfc45-bdfb-4343-9004-9be15dfd844c,aef98915-d9bd-4ef8-82f6-281ec4d69cc6,8b744573-b42d-40ee-9bfc-800c05576e00,->,12acfc45-bdfb-4343-9004-9be15dfd844c,server/model/players/Client.java,getItems
12acfc45-bdfb-4343-9004-9be15dfd844c,aef98915-d9bd-4ef8-82f6-281ec4d69cc6,8b744573-b42d-40ee-9bfc-800c05576e00,->,12acfc45-bdfb-4343-9004-9be15dfd844c,aef98915-d9bd-4ef8-82f6-281ec4d69cc6,0cf0d29d-b160-429c-b796-5681868a0d4b
12acfc45-bdfb-4343-9004-9be15dfd844c,aef98915-d9bd-4ef8-82f6-281ec4d69cc6,8b744573-b42d-40ee-9bfc-800c05576e00,->,12acfc45-bdfb-4343-9004-9be15dfd844c,aef98915-d9bd-4ef8-82f6-281ec4d69cc6,0fb8c0b3-d526-4e5a-b200-7aabf6303623
12acfc45-bdfb-4343-9004-9be15dfd844c,aef98915-d9bd-4ef8-82f6-281ec4d69cc6,92dfcf15-e6c5-4e33-95cd-92bcb01651e9,->,12acfc45-bdfb-4343-9004-9be15dfd844c,aef98915-d9bd-4ef8-82f6-281ec4d69cc6,3992bd2f-77ae-44fd-9dcd-0b271853822c
12acfc45-bdfb-4343-9004-9be15dfd844c,aef98915-d9bd-4ef8-82f6-281ec4d69cc6,92dfcf15-e6c5-4e33-95cd-92bcb01651e9,->,12acfc45-bdfb-4343-9004-9be15dfd844c,aef98915-d9bd-4ef8-82f6-281ec4d69cc6,0cf0d29d-b160-429c-b796-5681868a0d4b
12acfc45-bdfb-4343-9004-9be15dfd844c,aef98915-d9bd-4ef8-82f6-281ec4d69cc6,92dfcf15-e6c5-4e33-95cd-92bcb01651e9,->,12acfc45-bdfb-4343-9004-9be15dfd844c,aef98915-d9bd-4ef8-82f6-281ec4d69cc6,0cf0d29d-b160-429c-b796-5681868a0d4b
12acfc45-bdfb-4343-9004-9be15dfd844c,aef98915-d9bd-4ef8-82f6-281ec4d69cc6,92dfcf15-e6c5-4e33-95cd-92bcb01651e9,->,12acfc45-bdfb-4343-9004-9be15dfd844c,aef98915-d9bd-4ef8-82f6-281ec4d69cc6,0cf0d29d-b160-429c-b796-5681868a0d4b
12acfc45-bdfb-4343-9004-9be15dfd844c,aef98915-d9bd-4ef8-82f6-281ec4d69cc6,92dfcf15-e6c5-4e33-95cd-92bcb01651e9,->,12acfc45-bdfb-4343-9004-9be15dfd844c,aef98915-d9bd-4ef8-82f6-281ec4d69cc6,0cf0d29d-b160-429c-b796-5681868a0d4b
12acfc45-bdfb-4343-9004-9be15dfd844c,aef98915-d9bd-4ef8-82f6-281ec4d69cc6,92dfcf15-e6c5-4e33-95cd-92bcb01651e9,->,12acfc45-bdfb-4343-9004-9be15dfd844c,aef98915-d9bd-4ef8-82f6-281ec4d69cc6,0cf0d29d-b160-429c-b796-5681868a0d4b
12acfc45-bdfb-4343-9004-9be15dfd844c,aef98915-d9bd-4ef8-82f6-281ec4d69cc6,92dfcf15-e6c5-4e33-95cd-92bcb01651e9,->,12acfc45-bdfb-4343-9004-9be15dfd844c,aef98915-d9bd-4ef8-82f6-281ec4d69cc6,0cf0d29d-b160-429c-b796-5681868a0d4b
12acfc45-bdfb-4343-9004-9be15dfd844c,aef98915-d9bd-4ef8-82f6-281ec4d69cc6,92dfcf15-e6c5-4e33-95cd-92bcb01651e9,->,12acfc45-bdfb-4343-9004-9be15dfd844c,aef98915-d9bd-4ef8-82f6-281ec4d69cc6,0cf0d29d-b160-429c-b796-5681868a0d4b
12acfc45-bdfb-4343-9004-9be15dfd844c,aef98915-d9bd-4ef8-82f6-281ec4d69cc6,92dfcf15-e6c5-4e33-95cd-92bcb01651e9,->,12acfc45-bdfb-4343-9004-9be15dfd844c,aef98915-d9bd-4ef8-82f6-281ec4d69cc6,0fb8c0b3-d526-4e5a-b200-7aabf6303623
12acfc45-bdfb-4343-9004-9be15dfd844c,aef98915-d9bd-4ef8-82f6-281ec4d69cc6,92dfcf15-e6c5-4e33-95cd-92bcb01651e9,->,12acfc45-bdfb-4343-9004-9be15dfd844c,aef98915-d9bd-4ef8-82f6-281ec4d69cc6,3992bd2f-77ae-44fd-9dcd-0b271853822c
12acfc45-bdfb-4343-9004-9be15dfd844c,aef98915-d9bd-4ef8-82f6-281ec4d69cc6,92dfcf15-e6c5-4e33-95cd-92bcb01651e9,->,12acfc45-bdfb-4343-9004-9be15dfd844c,aef98915-d9bd-4ef8-82f6-281ec4d69cc6,0cf0d29d-b160-429c-b796-5681868a0d4b
12acfc45-bdfb-4343-9004-9be15dfd844c,aef98915-d9bd-4ef8-82f6-281ec4d69cc6,92dfcf15-e6c5-4e33-95cd-92bcb01651e9,->,12acfc45-bdfb-4343-9004-9be15dfd844c,aef98915-d9bd-4ef8-82f6-281ec4d69cc6,0cf0d29d-b160-429c-b796-5681868a0d4b
12acfc45-bdfb-4343-9004-9be15dfd844c,aef98915-d9bd-4ef8-82f6-281ec4d69cc6,92dfcf15-e6c5-4e33-95cd-92bcb01651e9,->,12acfc45-bdfb-4343-9004-9be15dfd844c,aef98915-d9bd-4ef8-82f6-281ec4d69cc6,0cf0d29d-b160-429c-b796-5681868a0d4b
12acfc45-bdfb-4343-9004-9be15dfd844c,aef98915-d9bd-4ef8-82f6-281ec4d69cc6,92dfcf15-e6c5-4e33-95cd-92bcb01651e9,->,12acfc45-bdfb-4343-9004-9be15dfd844c,aef98915-d9bd-4ef8-82f6-281ec4d69cc6,0cf0d29d-b160-429c-b796-5681868a0d4b
12acfc45-bdfb-4343-9004-9be15dfd844c,aef98915-d9bd-4ef8-82f6-281ec4d69cc6,92dfcf15-e6c5-4e33-95cd-92bcb01651e9,->,12acfc45-bdfb-4343-9004-9be15dfd844c,aef98915-d9bd-4ef8-82f6-281ec4d69cc6,0cf0d29d-b160-429c-b796-5681868a0d4b
12acfc45-bdfb-4343-9004-9be15dfd844c,aef98915-d9bd-4ef8-82f6-281ec4d69cc6,92dfcf15-e6c5-4e33-95cd-92bcb01651e9,->,12acfc45-bdfb-4343-9004-9be15dfd844c,aef98915-d9bd-4ef8-82f6-281ec4d69cc6,0cf0d29d-b160-429c-b796-5681868a0d4b
12acfc45-bdfb-4343-9004-9be15dfd844c,aef98915-d9bd-4ef8-82f6-281ec4d69cc6,92dfcf15-e6c5-4e33-95cd-92bcb01651e9,->,12acfc45-bdfb-4343-9004-9be15dfd844c,aef98915-d9bd-4ef8-82f6-281ec4d69cc6,0cf0d29d-b160-429c-b796-5681868a0d4b
12acfc45-bdfb-4343-9004-9be15dfd844c,aef98915-d9bd-4ef8-82f6-281ec4d69cc6,92dfcf15-e6c5-4e33-95cd-92bcb01651e9,->,12acfc45-bdfb-4343-9004-9be15dfd844c,aef98915-d9bd-4ef8-82f6-281ec4d69cc6,0fb8c0b3-d526-4e5a-b200-7aabf6303623
12acfc45-bdfb-4343-9004-9be15dfd844c,aef98915-d9bd-4ef8-82f6-281ec4d69cc6,92dfcf15-e6c5-4e33-95cd-92bcb01651e9,->,12acfc45-bdfb-4343-9004-9be15dfd844c,aef98915-d9bd-4ef8-82f6-281ec4d69cc6,3992bd2f-77ae-44fd-9dcd-0b271853822c
12acfc45-bdfb-4343-9004-9be15dfd844c,aef98915-d9bd-4ef8-82f6-281ec4d69cc6,92dfcf15-e6c5-4e33-95cd-92bcb01651e9,->,12acfc45-bdfb-4343-9004-9be15dfd844c,aef98915-d9bd-4ef8-82f6-281ec4d69cc6,0cf0d29d-b160-429c-b796-5681868a0d4b
12acfc45-bdfb-4343-9004-9be15dfd844c,aef98915-d9bd-4ef8-82f6-281ec4d69cc6,92dfcf15-e6c5-4e33-95cd-92bcb01651e9,->,12acfc45-bdfb-4343-9004-9be15dfd844c,aef98915-d9bd-4ef8-82f6-281ec4d69cc6,0cf0d29d-b160-429c-b796-5681868a0d4b
12acfc45-bdfb-4343-9004-9be15dfd844c,aef98915-d9bd-4ef8-82f6-281ec4d69cc6,92dfcf15-e6c5-4e33-95cd-92bcb01651e9,->,12acfc45-bdfb-4343-9004-9be15dfd844c,aef98915-d9bd-4ef8-82f6-281ec4d69cc6,0cf0d29d-b160-429c-b796-5681868a0d4b
12acfc45-bdfb-4343-9004-9be15dfd844c,aef98915-d9bd-4ef8-82f6-281ec4d69cc6,92dfcf15-e6c5-4e33-95cd-92bcb01651e9,->,12acfc45-bdfb-4343-9004-9be15dfd844c,aef98915-d9bd-4ef8-82f6-281ec4d69cc6,0cf0d29d-b160-429c-b796-5681868a0d4b
12acfc45-bdfb-4343-9004-9be15dfd844c,aef98915-d9bd-4ef8-82f6-281ec4d69cc6,92dfcf15-e6c5-4e33-95cd-92bcb01651e9,->,12acfc45-bdfb-4343-9004-9be15dfd844c,aef98915-d9bd-4ef8-82f6-281ec4d69cc6,0cf0d29d-b160-429c-b796-5681868a0d4b
12acfc45-bdfb-4343-9004-9be15dfd844c,aef98915-d9bd-4ef8-82f6-281ec4d69cc6,92dfcf15-e6c5-4e33-95cd-92bcb01651e9,->,12acfc45-bdfb-4343-9004-9be15dfd844c,aef98915-d9bd-4ef8-82f6-281ec4d69cc6,0fb8c0b3-d526-4e5a-b200-7aabf6303623
12acfc45-bdfb-4343-9004-9be15dfd844c,aef98915-d9bd-4ef8-82f6-281ec4d69cc6,92dfcf15-e6c5-4e33-95cd-92bcb01651e9,->,12acfc45-bdfb-4343-9004-9be15dfd844c,aef98915-d9bd-4ef8-82f6-281ec4d69cc6,3992bd2f-77ae-44fd-9dcd-0b271853822c
12acfc45-bdfb-4343-9004-9be15dfd844c,aef98915-d9bd-4ef8-82f6-281ec4d69cc6,92dfcf15-e6c5-4e33-95cd-92bcb01651e9,->,12acfc45-bdfb-4343-9004-9be15dfd844c,aef98915-d9bd-4ef8-82f6-281ec4d69cc6,0cf0d29d-b160-429c-b796-5681868a0d4b
12acfc45-bdfb-4343-9004-9be15dfd844c,aef98915-d9bd-4ef8-82f6-281ec4d69cc6,92dfcf15-e6c5-4e33-95cd-92bcb01651e9,->,12acfc45-bdfb-4343-9004-9be15dfd844c,aef98915-d9bd-4ef8-82f6-281ec4d69cc6,0cf0d29d-b160-429c-b796-5681868a0d4b
12acfc45-bdfb-4343-9004-9be15dfd844c,aef98915-d9bd-4ef8-82f6-281ec4d69cc6,92dfcf15-e6c5-4e33-95cd-92bcb01651e9,->,12acfc45-bdfb-4343-9004-9be15dfd844c,aef98915-d9bd-4ef8-82f6-281ec4d69cc6,0cf0d29d-b160-429c-b796-5681868a0d4b
12acfc45-bdfb-4343-9004-9be15dfd844c,aef98915-d9bd-4ef8-82f6-281ec4d69cc6,92dfcf15-e6c5-4e33-95cd-92bcb01651e9,->,12acfc45-bdfb-4343-9004-9be15dfd844c,aef98915-d9bd-4ef8-82f6-281ec4d69cc6,0cf0d29d-b160-429c-b796-5681868a0d4b
12acfc45-bdfb-4343-9004-9be15dfd844c,aef98915-d9bd-4ef8-82f6-281ec4d69cc6,92dfcf15-e6c5-4e33-95cd-92bcb01651e9,->,12acfc45-bdfb-4343-9004-9be15dfd844c,aef98915-d9bd-4ef8-82f6-281ec4d69cc6,0cf0d29d-b160-429c-b796-5681868a0d4b
12acfc45-bdfb-4343-9004-9be15dfd844c,aef98915-d9bd-4ef8-82f6-281ec4d69cc6,92dfcf15-e6c5-4e33-95cd-92bcb01651e9,->,12acfc45-bdfb-4343-9004-9be15dfd844c,aef98915-d9bd-4ef8-82f6-281ec4d69cc6,0cf0d29d-b160-429c-b796-5681868a0d4b
12acfc45-bdfb-4343-9004-9be15dfd844c,aef98915-d9bd-4ef8-82f6-281ec4d69cc6,92dfcf15-e6c5-4e33-95cd-92bcb01651e9,->,12acfc45-bdfb-4343-9004-9be15dfd844c,aef98915-d9bd-4ef8-82f6-281ec4d69cc6,0cf0d29d-b160-429c-b796-5681868a0d4b
12acfc45-bdfb-4343-9004-9be15dfd844c,aef98915-d9bd-4ef8-82f6-281ec4d69cc6,92dfcf15-e6c5-4e33-95cd-92bcb01651e9,->,12acfc45-bdfb-4343-9004-9be15dfd844c,aef98915-d9bd-4ef8-82f6-281ec4d69cc6,0fb8c0b3-d526-4e5a-b200-7aabf6303623
12acfc45-bdfb-4343-9004-9be15dfd844c,aef98915-d9bd-4ef8-82f6-281ec4d69cc6,92dfcf15-e6c5-4e33-95cd-92bcb01651e9,->,12acfc45-bdfb-4343-9004-9be15dfd844c,aef98915-d9bd-4ef8-82f6-281ec4d69cc6,3992bd2f-77ae-44fd-9dcd-0b271853822c
12acfc45-bdfb-4343-9004-9be15dfd844c,aef98915-d9bd-4ef8-82f6-281ec4d69cc6,92dfcf15-e6c5-4e33-95cd-92bcb01651e9,->,12acfc45-bdfb-4343-9004-9be15dfd844c,aef98915-d9bd-4ef8-82f6-281ec4d69cc6,0cf0d29d-b160-429c-b796-5681868a0d4b
12acfc45-bdfb-4343-9004-9be15dfd844c,aef98915-d9bd-4ef8-82f6-281ec4d69cc6,92dfcf15-e6c5-4e33-95cd-92bcb01651e9,->,12acfc45-bdfb-4343-9004-9be15dfd844c,aef98915-d9bd-4ef8-82f6-281ec4d69cc6,0cf0d29d-b160-429c-b796-5681868a0d4b
12acfc45-bdfb-4343-9004-9be15dfd844c,aef98915-d9bd-4ef8-82f6-281ec4d69cc6,92dfcf15-e6c5-4e33-95cd-92bcb01651e9,->,12acfc45-bdfb-4343-9004-9be15dfd844c,aef98915-d9bd-4ef8-82f6-281ec4d69cc6,0cf0d29d-b160-429c-b796-5681868a0d4b
12acfc45-bdfb-4343-9004-9be15dfd844c,aef98915-d9bd-4ef8-82f6-281ec4d69cc6,92dfcf15-e6c5-4e33-95cd-92bcb01651e9,->,12acfc45-bdfb-4343-9004-9be15dfd844c,aef98915-d9bd-4ef8-82f6-281ec4d69cc6,0cf0d29d-b160-429c-b796-5681868a0d4b
12acfc45-bdfb-4343-9004-9be15dfd844c,aef98915-d9bd-4ef8-82f6-281ec4d69cc6,92dfcf15-e6c5-4e33-95cd-92bcb01651e9,->,12acfc45-bdfb-4343-9004-9be15dfd844c,aef98915-d9bd-4ef8-82f6-281ec4d69cc6,0cf0d29d-b160-429c-b796-5681868a0d4b
12acfc45-bdfb-4343-9004-9be15dfd844c,aef98915-d9bd-4ef8-82f6-281ec4d69cc6,92dfcf15-e6c5-4e33-95cd-92bcb01651e9,->,12acfc45-bdfb-4343-9004-9be15dfd844c,aef98915-d9bd-4ef8-82f6-281ec4d69cc6,0cf0d29d-b160-429c-b796-5681868a0d4b
12acfc45-bdfb-4343-9004-9be15dfd844c,aef98915-d9bd-4ef8-82f6-281ec4d69cc6,92dfcf15-e6c5-4e33-95cd-92bcb01651e9,->,12acfc45-bdfb-4343-9004-9be15dfd844c,aef98915-d9bd-4ef8-82f6-281ec4d69cc6,0fb8c0b3-d526-4e5a-b200-7aabf6303623
12acfc45-bdfb-4343-9004-9be15dfd844c,aef98915-d9bd-4ef8-82f6-281ec4d69cc6,92dfcf15-e6c5-4e33-95cd-92bcb01651e9,->,12acfc45-bdfb-4343-9004-9be15dfd844c,aef98915-d9bd-4ef8-82f6-281ec4d69cc6,3992bd2f-77ae-44fd-9dcd-0b271853822c
12acfc45-bdfb-4343-9004-9be15dfd844c,aef98915-d9bd-4ef8-82f6-281ec4d69cc6,92dfcf15-e6c5-4e33-95cd-92bcb01651e9,->,12acfc45-bdfb-4343-9004-9be15dfd844c,aef98915-d9bd-4ef8-82f6-281ec4d69cc6,0cf0d29d-b160-429c-b796-5681868a0d4b
12acfc45-bdfb-4343-9004-9be15dfd844c,aef98915-d9bd-4ef8-82f6-281ec4d69cc6,92dfcf15-e6c5-4e33-95cd-92bcb01651e9,->,12acfc45-bdfb-4343-9004-9be15dfd844c,aef98915-d9bd-4ef8-82f6-281ec4d69cc6,0cf0d29d-b160-429c-b796-5681868a0d4b
12acfc45-bdfb-4343-9004-9be15dfd844c,aef98915-d9bd-4ef8-82f6-281ec4d69cc6,92dfcf15-e6c5-4e33-95cd-92bcb01651e9,->,12acfc45-bdfb-4343-9004-9be15dfd844c,aef98915-d9bd-4ef8-82f6-281ec4d69cc6,0cf0d29d-b160-429c-b796-5681868a0d4b
12acfc45-bdfb-4343-9004-9be15dfd844c,aef98915-d9bd-4ef8-82f6-281ec4d69cc6,92dfcf15-e6c5-4e33-95cd-92bcb01651e9,->,12acfc45-bdfb-4343-9004-9be15dfd844c,aef98915-d9bd-4ef8-82f6-281ec4d69cc6,0cf0d29d-b160-429c-b796-5681868a0d4b
12acfc45-bdfb-4343-9004-9be15dfd844c,aef98915-d9bd-4ef8-82f6-281ec4d69cc6,92dfcf15-e6c5-4e33-95cd-92bcb01651e9,->,12acfc45-bdfb-4343-9004-9be15dfd844c,aef98915-d9bd-4ef8-82f6-281ec4d69cc6,0cf0d29d-b160-429c-b796-5681868a0d4b
12acfc45-bdfb-4343-9004-9be15dfd844c,aef98915-d9bd-4ef8-82f6-281ec4d69cc6,92dfcf15-e6c5-4e33-95cd-92bcb01651e9,->,12acfc45-bdfb-4343-9004-9be15dfd844c,aef98915-d9bd-4ef8-82f6-281ec4d69cc6,0fb8c0b3-d526-4e5a-b200-7aabf6303623
12acfc45-bdfb-4343-9004-9be15dfd844c,aef98915-d9bd-4ef8-82f6-281ec4d69cc6,92dfcf15-e6c5-4e33-95cd-92bcb01651e9,->,12acfc45-bdfb-4343-9004-9be15dfd844c,aef98915-d9bd-4ef8-82f6-281ec4d69cc6,3992bd2f-77ae-44fd-9dcd-0b271853822c
12acfc45-bdfb-4343-9004-9be15dfd844c,aef98915-d9bd-4ef8-82f6-281ec4d69cc6,92dfcf15-e6c5-4e33-95cd-92bcb01651e9,->,12acfc45-bdfb-4343-9004-9be15dfd844c,aef98915-d9bd-4ef8-82f6-281ec4d69cc6,0cf0d29d-b160-429c-b796-5681868a0d4b
12acfc45-bdfb-4343-9004-9be15dfd844c,aef98915-d9bd-4ef8-82f6-281ec4d69cc6,92dfcf15-e6c5-4e33-95cd-92bcb01651e9,->,12acfc45-bdfb-4343-9004-9be15dfd844c,aef98915-d9bd-4ef8-82f6-281ec4d69cc6,0cf0d29d-b160-429c-b796-5681868a0d4b
12acfc45-bdfb-4343-9004-9be15dfd844c,aef98915-d9bd-4ef8-82f6-281ec4d69cc6,92dfcf15-e6c5-4e33-95cd-92bcb01651e9,->,12acfc45-bdfb-4343-9004-9be15dfd844c,aef98915-d9bd-4ef8-82f6-281ec4d69cc6,0cf0d29d-b160-429c-b796-5681868a0d4b
12acfc45-bdfb-4343-9004-9be15dfd844c,aef98915-d9bd-4ef8-82f6-281ec4d69cc6,92dfcf15-e6c5-4e33-95cd-92bcb01651e9,->,12acfc45-bdfb-4343-9004-9be15dfd844c,aef98915-d9bd-4ef8-82f6-281ec4d69cc6,0cf0d29d-b160-429c-b796-5681868a0d4b
12acfc45-bdfb-4343-9004-9be15dfd844c,aef98915-d9bd-4ef8-82f6-281ec4d69cc6,92dfcf15-e6c5-4e33-95cd-92bcb01651e9,->,12acfc45-bdfb-4343-9004-9be15dfd844c,aef98915-d9bd-4ef8-82f6-281ec4d69cc6,0cf0d29d-b160-429c-b796-5681868a0d4b
12acfc45-bdfb-4343-9004-9be15dfd844c,aef98915-d9bd-4ef8-82f6-281ec4d69cc6,92dfcf15-e6c5-4e33-95cd-92bcb01651e9,->,12acfc45-bdfb-4343-9004-9be15dfd844c,aef98915-d9bd-4ef8-82f6-281ec4d69cc6,0cf0d29d-b160-429c-b796-5681868a0d4b
12acfc45-bdfb-4343-9004-9be15dfd844c,aef98915-d9bd-4ef8-82f6-281ec4d69cc6,92dfcf15-e6c5-4e33-95cd-92bcb01651e9,->,12acfc45-bdfb-4343-9004-9be15dfd844c,aef98915-d9bd-4ef8-82f6-281ec4d69cc6,0cf0d29d-b160-429c-b796-5681868a0d4b
12acfc45-bdfb-4343-9004-9be15dfd844c,aef98915-d9bd-4ef8-82f6-281ec4d69cc6,92dfcf15-e6c5-4e33-95cd-92bcb01651e9,->,12acfc45-bdfb-4343-9004-9be15dfd844c,aef98915-d9bd-4ef8-82f6-281ec4d69cc6,0cf0d29d-b160-429c-b796-5681868a0d4b
12acfc45-bdfb-4343-9004-9be15dfd844c,aef98915-d9bd-4ef8-82f6-281ec4d69cc6,92dfcf15-e6c5-4e33-95cd-92bcb01651e9,->,12acfc45-bdfb-4343-9004-9be15dfd844c,aef98915-d9bd-4ef8-82f6-281ec4d69cc6,0cf0d29d-b160-429c-b796-5681868a0d4b
12acfc45-bdfb-4343-9004-9be15dfd844c,aef98915-d9bd-4ef8-82f6-281ec4d69cc6,92dfcf15-e6c5-4e33-95cd-92bcb01651e9,->,12acfc45-bdfb-4343-9004-9be15dfd844c,aef98915-d9bd-4ef8-82f6-281ec4d69cc6,0cf0d29d-b160-429c-b796-5681868a0d4b
12acfc45-bdfb-4343-9004-9be15dfd844c,aef98915-d9bd-4ef8-82f6-281ec4d69cc6,92dfcf15-e6c5-4e33-95cd-92bcb01651e9,->,12acfc45-bdfb-4343-9004-9be15dfd844c,aef98915-d9bd-4ef8-82f6-281ec4d69cc6,0cf0d29d-b160-429c-b796-5681868a0d4b
12acfc45-bdfb-4343-9004-9be15dfd844c,aef98915-d9bd-4ef8-82f6-281ec4d69cc6,92dfcf15-e6c5-4e33-95cd-92bcb01651e9,->,12acfc45-bdfb-4343-9004-9be15dfd844c,aef98915-d9bd-4ef8-82f6-281ec4d69cc6,0cf0d29d-b160-429c-b796-5681868a0d4b
12acfc45-bdfb-4343-9004-9be15dfd844c,aef98915-d9bd-4ef8-82f6-281ec4d69cc6,92dfcf15-e6c5-4e33-95cd-92bcb01651e9,->,12acfc45-bdfb-4343-9004-9be15dfd844c,aef98915-d9bd-4ef8-82f6-281ec4d69cc6,0cf0d29d-b160-429c-b796-5681868a0d4b
12acfc45-bdfb-4343-9004-9be15dfd844c,aef98915-d9bd-4ef8-82f6-281ec4d69cc6,92dfcf15-e6c5-4e33-95cd-92bcb01651e9,->,12acfc45-bdfb-4343-9004-9be15dfd844c,aef98915-d9bd-4ef8-82f6-281ec4d69cc6,0cf0d29d-b160-429c-b796-5681868a0d4b
12acfc45-bdfb-4343-9004-9be15dfd844c,aef98915-d9bd-4ef8-82f6-281ec4d69cc6,92dfcf15-e6c5-4e33-95cd-92bcb01651e9,->,12acfc45-bdfb-4343-9004-9be15dfd844c,aef98915-d9bd-4ef8-82f6-281ec4d69cc6,0fb8c0b3-d526-4e5a-b200-7aabf6303623
12acfc45-bdfb-4343-9004-9be15dfd844c,aef98915-d9bd-4ef8-82f6-281ec4d69cc6,92dfcf15-e6c5-4e33-95cd-92bcb01651e9,->,12acfc45-bdfb-4343-9004-9be15dfd844c,aef98915-d9bd-4ef8-82f6-281ec4d69cc6,3992bd2f-77ae-44fd-9dcd-0b271853822c
12acfc45-bdfb-4343-9004-9be15dfd844c,aef98915-d9bd-4ef8-82f6-281ec4d69cc6,92dfcf15-e6c5-4e33-95cd-92bcb01651e9,->,12acfc45-bdfb-4343-9004-9be15dfd844c,aef98915-d9bd-4ef8-82f6-281ec4d69cc6,0cf0d29d-b160-429c-b796-5681868a0d4b
12acfc45-bdfb-4343-9004-9be15dfd844c,aef98915-d9bd-4ef8-82f6-281ec4d69cc6,92dfcf15-e6c5-4e33-95cd-92bcb01651e9,->,12acfc45-bdfb-4343-9004-9be15dfd844c,aef98915-d9bd-4ef8-82f6-281ec4d69cc6,0cf0d29d-b160-429c-b796-5681868a0d4b
12acfc45-bdfb-4343-9004-9be15dfd844c,aef98915-d9bd-4ef8-82f6-281ec4d69cc6,92dfcf15-e6c5-4e33-95cd-92bcb01651e9,->,12acfc45-bdfb-4343-9004-9be15dfd844c,aef98915-d9bd-4ef8-82f6-281ec4d69cc6,0cf0d29d-b160-429c-b796-5681868a0d4b
12acfc45-bdfb-4343-9004-9be15dfd844c,aef98915-d9bd-4ef8-82f6-281ec4d69cc6,92dfcf15-e6c5-4e33-95cd-92bcb01651e9,->,12acfc45-bdfb-4343-9004-9be15dfd844c,aef98915-d9bd-4ef8-82f6-281ec4d69cc6,0cf0d29d-b160-429c-b796-5681868a0d4b
12acfc45-bdfb-4343-9004-9be15dfd844c,aef98915-d9bd-4ef8-82f6-281ec4d69cc6,92dfcf15-e6c5-4e33-95cd-92bcb01651e9,->,12acfc45-bdfb-4343-9004-9be15dfd844c,aef98915-d9bd-4ef8-82f6-281ec4d69cc6,0fb8c0b3-d526-4e5a-b200-7aabf6303623
12acfc45-bdfb-4343-9004-9be15dfd844c,aef98915-d9bd-4ef8-82f6-281ec4d69cc6,92dfcf15-e6c5-4e33-95cd-92bcb01651e9,->,12acfc45-bdfb-4343-9004-9be15dfd844c,aef98915-d9bd-4ef8-82f6-281ec4d69cc6,3992bd2f-77ae-44fd-9dcd-0b271853822c
12acfc45-bdfb-4343-9004-9be15dfd844c,aef98915-d9bd-4ef8-82f6-281ec4d69cc6,92dfcf15-e6c5-4e33-95cd-92bcb01651e9,->,12acfc45-bdfb-4343-9004-9be15dfd844c,aef98915-d9bd-4ef8-82f6-281ec4d69cc6,0cf0d29d-b160-429c-b796-5681868a0d4b
12acfc45-bdfb-4343-9004-9be15dfd844c,aef98915-d9bd-4ef8-82f6-281ec4d69cc6,92dfcf15-e6c5-4e33-95cd-92bcb01651e9,->,12acfc45-bdfb-4343-9004-9be15dfd844c,aef98915-d9bd-4ef8-82f6-281ec4d69cc6,0cf0d29d-b160-429c-b796-5681868a0d4b
12acfc45-bdfb-4343-9004-9be15dfd844c,aef98915-d9bd-4ef8-82f6-281ec4d69cc6,92dfcf15-e6c5-4e33-95cd-92bcb01651e9,->,12acfc45-bdfb-4343-9004-9be15dfd844c,aef98915-d9bd-4ef8-82f6-281ec4d69cc6,0cf0d29d-b160-429c-b796-5681868a0d4b
12acfc45-bdfb-4343-9004-9be15dfd844c,aef98915-d9bd-4ef8-82f6-281ec4d69cc6,92dfcf15-e6c5-4e33-95cd-92bcb01651e9,->,12acfc45-bdfb-4343-9004-9be15dfd844c,aef98915-d9bd-4ef8-82f6-281ec4d69cc6,0cf0d29d-b160-429c-b796-5681868a0d4b
12acfc45-bdfb-4343-9004-9be15dfd844c,aef98915-d9bd-4ef8-82f6-281ec4d69cc6,92dfcf15-e6c5-4e33-95cd-92bcb01651e9,->,12acfc45-bdfb-4343-9004-9be15dfd844c,aef98915-d9bd-4ef8-82f6-281ec4d69cc6,0cf0d29d-b160-429c-b796-5681868a0d4b
12acfc45-bdfb-4343-9004-9be15dfd844c,aef98915-d9bd-4ef8-82f6-281ec4d69cc6,92dfcf15-e6c5-4e33-95cd-92bcb01651e9,->,12acfc45-bdfb-4343-9004-9be15dfd844c,aef98915-d9bd-4ef8-82f6-281ec4d69cc6,0cf0d29d-b160-429c-b796-5681868a0d4b
12acfc45-bdfb-4343-9004-9be15dfd844c,aef98915-d9bd-4ef8-82f6-281ec4d69cc6,92dfcf15-e6c5-4e33-95cd-92bcb01651e9,->,12acfc45-bdfb-4343-9004-9be15dfd844c,aef98915-d9bd-4ef8-82f6-281ec4d69cc6,0cf0d29d-b160-429c-b796-5681868a0d4b
12acfc45-bdfb-4343-9004-9be15dfd844c,aef98915-d9bd-4ef8-82f6-281ec4d69cc6,92dfcf15-e6c5-4e33-95cd-92bcb01651e9,->,12acfc45-bdfb-4343-9004-9be15dfd844c,aef98915-d9bd-4ef8-82f6-281ec4d69cc6,0cf0d29d-b160-429c-b796-5681868a0d4b
12acfc45-bdfb-4343-9004-9be15dfd844c,aef98915-d9bd-4ef8-82f6-281ec4d69cc6,92dfcf15-e6c5-4e33-95cd-92bcb01651e9,->,12acfc45-bdfb-4343-9004-9be15dfd844c,aef98915-d9bd-4ef8-82f6-281ec4d69cc6,0cf0d29d-b160-429c-b796-5681868a0d4b
12acfc45-bdfb-4343-9004-9be15dfd844c,aef98915-d9bd-4ef8-82f6-281ec4d69cc6,92dfcf15-e6c5-4e33-95cd-92bcb01651e9,->,12acfc45-bdfb-4343-9004-9be15dfd844c,aef98915-d9bd-4ef8-82f6-281ec4d69cc6,0cf0d29d-b160-429c-b796-5681868a0d4b
12acfc45-bdfb-4343-9004-9be15dfd844c,aef98915-d9bd-4ef8-82f6-281ec4d69cc6,92dfcf15-e6c5-4e33-95cd-92bcb01651e9,->,12acfc45-bdfb-4343-9004-9be15dfd844c,aef98915-d9bd-4ef8-82f6-281ec4d69cc6,0cf0d29d-b160-429c-b796-5681868a0d4b
12acfc45-bdfb-4343-9004-9be15dfd844c,aef98915-d9bd-4ef8-82f6-281ec4d69cc6,92dfcf15-e6c5-4e33-95cd-92bcb01651e9,->,12acfc45-bdfb-4343-9004-9be15dfd844c,aef98915-d9bd-4ef8-82f6-281ec4d69cc6,0cf0d29d-b160-429c-b796-5681868a0d4b
12acfc45-bdfb-4343-9004-9be15dfd844c,aef98915-d9bd-4ef8-82f6-281ec4d69cc6,92dfcf15-e6c5-4e33-95cd-92bcb01651e9,->,12acfc45-bdfb-4343-9004-9be15dfd844c,aef98915-d9bd-4ef8-82f6-281ec4d69cc6,0fb8c0b3-d526-4e5a-b200-7aabf6303623
12acfc45-bdfb-4343-9004-9be15dfd844c,aef98915-d9bd-4ef8-82f6-281ec4d69cc6,92dfcf15-e6c5-4e33-95cd-92bcb01651e9,->,12acfc45-bdfb-4343-9004-9be15dfd844c,aef98915-d9bd-4ef8-82f6-281ec4d69cc6,3992bd2f-77ae-44fd-9dcd-0b271853822c
12acfc45-bdfb-4343-9004-9be15dfd844c,aef98915-d9bd-4ef8-82f6-281ec4d69cc6,92dfcf15-e6c5-4e33-95cd-92bcb01651e9,->,12acfc45-bdfb-4343-9004-9be15dfd844c,server/model/players/Client.java,getItems
12acfc45-bdfb-4343-9004-9be15dfd844c,aef98915-d9bd-4ef8-82f6-281ec4d69cc6,92dfcf15-e6c5-4e33-95cd-92bcb01651e9,->,12acfc45-bdfb-4343-9004-9be15dfd844c,aef98915-d9bd-4ef8-82f6-281ec4d69cc6,0cf0d29d-b160-429c-b796-5681868a0d4b
12acfc45-bdfb-4343-9004-9be15dfd844c,aef98915-d9bd-4ef8-82f6-281ec4d69cc6,92dfcf15-e6c5-4e33-95cd-92bcb01651e9,->,12acfc45-bdfb-4343-9004-9be15dfd844c,aef98915-d9bd-4ef8-82f6-281ec4d69cc6,0fb8c0b3-d526-4e5a-b200-7aabf6303623
12acfc45-bdfb-4343-9004-9be15dfd844c,server/model/players/skills/Mining$2.java,execute,->,12acfc45-bdfb-4343-9004-9be15dfd844c,server/model/players/Client.java,getItems
12acfc45-bdfb-4343-9004-9be15dfd844c,server/model/players/skills/Mining$2.java,execute,->,12acfc45-bdfb-4343-9004-9be15dfd844c,server/model/items/ItemAssistant.java,addItem
12acfc45-bdfb-4343-9004-9be15dfd844c,server/model/players/skills/Mining$2.java,execute,->,12acfc45-bdfb-4343-9004-9be15dfd844c,java/lang/StringBuilder.java,append
12acfc45-bdfb-4343-9004-9be15dfd844c,server/model/players/skills/Mining$2.java,execute,->,12acfc45-bdfb-4343-9004-9be15dfd844c,server/model/players/Client.java,getItems
12acfc45-bdfb-4343-9004-9be15dfd844c,server/model/players/skills/Mining$2.java,execute,->,12acfc45-bdfb-4343-9004-9be15dfd844c,server/model/items/ItemAssistant.java,getItemName
12acfc45-bdfb-4343-9004-9be15dfd844c,server/model/players/skills/Mining$2.java,execute,->,12acfc45-bdfb-4343-9004-9be15dfd844c,java/lang/String.java,toLowerCase
12acfc45-bdfb-4343-9004-9be15dfd844c,server/model/players/skills/Mining$2.java,execute,->,12acfc45-bdfb-4343-9004-9be15dfd844c,java/lang/StringBuilder.java,append
12acfc45-bdfb-4343-9004-9be15dfd844c,server/model/players/skills/Mining$2.java,execute,->,12acfc45-bdfb-4343-9004-9be15dfd844c,java/lang/StringBuilder.java,append
12acfc45-bdfb-4343-9004-9be15dfd844c,server/model/players/skills/Mining$2.java,execute,->,12acfc45-bdfb-4343-9004-9be15dfd844c,java/lang/StringBuilder.java,toString
12acfc45-bdfb-4343-9004-9be15dfd844c,server/model/players/skills/Mining$2.java,execute,->,12acfc45-bdfb-4343-9004-9be15dfd844c,server/model/players/Client.java,sendMessage
12acfc45-bdfb-4343-9004-9be15dfd844c,server/model/players/skills/Mining$2.java,execute,->,12acfc45-bdfb-4343-9004-9be15dfd844c,server/model/players/Client.java,getPA
12acfc45-bdfb-4343-9004-9be15dfd844c,server/model/players/skills/Mining$2.java,execute,->,12acfc45-bdfb-4343-9004-9be15dfd844c,991eb2a8-284a-4290-ae08-f54cf8834706,0955b7e8-1203-4e9d-8e85-6eeaf5af5ce5
12acfc45-bdfb-4343-9004-9be15dfd844c,server/model/players/skills/Mining$2.java,execute,->,12acfc45-bdfb-4343-9004-9be15dfd844c,server/world/ObjectHandler.java,createAnObject
12acfc45-bdfb-4343-9004-9be15dfd844c,server/model/players/skills/Mining$2.java,execute,->,12acfc45-bdfb-4343-9004-9be15dfd844c,server/model/players/skills/Mining.java,access$100
12acfc45-bdfb-4343-9004-9be15dfd844c,server/model/players/skills/Mining$2.java,execute,->,12acfc45-bdfb-4343-9004-9be15dfd844c,server/model/players/Client.java,sendMessage
12acfc45-bdfb-4343-9004-9be15dfd844c,server/model/players/skills/Mining$2.java,execute,->,12acfc45-bdfb-4343-9004-9be15dfd844c,server/model/players/skills/Mining.java,resetMining
12acfc45-bdfb-4343-9004-9be15dfd844c,server/model/players/skills/Mining$2.java,execute,->,12acfc45-bdfb-4343-9004-9be15dfd844c,6dd0c5db-72ba-4498-883f-a3c8c3333519,2c14e4eb-2b3e-4056-bf8e-5218f96f0ad5
12acfc45-bdfb-4343-9004-9be15dfd844c,server/model/players/skills/Mining$2.java,execute,->,12acfc45-bdfb-4343-9004-9be15dfd844c,server/model/players/skills/Mining.java,resetMining
12acfc45-bdfb-4343-9004-9be15dfd844c,server/model/players/skills/Mining$2.java,execute,->,12acfc45-bdfb-4343-9004-9be15dfd844c,6dd0c5db-72ba-4498-883f-a3c8c3333519,2c14e4eb-2b3e-4056-bf8e-5218f96f0ad5
12acfc45-bdfb-4343-9004-9be15dfd844c,server/model/players/skills/Mining$2.java,execute,->,12acfc45-bdfb-4343-9004-9be15dfd844c,server/model/players/skills/SkillHandler.java,noInventorySpace
12acfc45-bdfb-4343-9004-9be15dfd844c,server/model/players/skills/Mining$2.java,execute,->,12acfc45-bdfb-4343-9004-9be15dfd844c,server/model/players/skills/Mining.java,resetMining
12acfc45-bdfb-4343-9004-9be15dfd844c,server/model/players/skills/Mining$2.java,execute,->,12acfc45-bdfb-4343-9004-9be15dfd844c,6dd0c5db-72ba-4498-883f-a3c8c3333519,2c14e4eb-2b3e-4056-bf8e-5218f96f0ad5
12acfc45-bdfb-4343-9004-9be15dfd844c,server/model/players/skills/Mining$2.java,execute,->,12acfc45-bdfb-4343-9004-9be15dfd844c,server/model/players/skills/Mining.java,resetMining
12acfc45-bdfb-4343-9004-9be15dfd844c,server/model/players/skills/Mining$2.java,execute,->,12acfc45-bdfb-4343-9004-9be15dfd844c,6dd0c5db-72ba-4498-883f-a3c8c3333519,2c14e4eb-2b3e-4056-bf8e-5218f96f0ad5
12acfc45-bdfb-4343-9004-9be15dfd844c,server/model/players/skills/PotionMaking$1.java,execute,->,12acfc45-bdfb-4343-9004-9be15dfd844c,server/model/players/Client.java,getItems
12acfc45-bdfb-4343-9004-9be15dfd844c,server/model/players/skills/PotionMaking$1.java,execute,->,12acfc45-bdfb-4343-9004-9be15dfd844c,server/model/items/ItemAssistant.java,playerHasItem
12acfc45-bdfb-4343-9004-9be15dfd844c,server/model/players/skills/PotionMaking$1.java,execute,->,12acfc45-bdfb-4343-9004-9be15dfd844c,server/model/players/Client.java,getItems
12acfc45-bdfb-4343-9004-9be15dfd844c,server/model/players/skills/PotionMaking$1.java,execute,->,12acfc45-bdfb-4343-9004-9be15dfd844c,server/model/items/ItemAssistant.java,playerHasItem
12acfc45-bdfb-4343-9004-9be15dfd844c,server/model/players/skills/PotionMaking$1.java,execute,->,12acfc45-bdfb-4343-9004-9be15dfd844c,server/model/players/Client.java,getItems
12acfc45-bdfb-4343-9004-9be15dfd844c,server/model/players/skills/PotionMaking$1.java,execute,->,12acfc45-bdfb-4343-9004-9be15dfd844c,server/model/items/ItemAssistant.java,deleteItem
12acfc45-bdfb-4343-9004-9be15dfd844c,server/model/players/skills/PotionMaking$1.java,execute,->,12acfc45-bdfb-4343-9004-9be15dfd844c,server/model/players/Client.java,getItems
12acfc45-bdfb-4343-9004-9be15dfd844c,server/model/players/skills/PotionMaking$1.java,execute,->,12acfc45-bdfb-4343-9004-9be15dfd844c,server/model/items/ItemAssistant.java,deleteItem
12acfc45-bdfb-4343-9004-9be15dfd844c,server/model/players/skills/PotionMaking$1.java,execute,->,12acfc45-bdfb-4343-9004-9be15dfd844c,server/model/players/Client.java,getItems
12acfc45-bdfb-4343-9004-9be15dfd844c,server/model/players/skills/PotionMaking$1.java,execute,->,12acfc45-bdfb-4343-9004-9be15dfd844c,server/model/items/ItemAssistant.java,addItem
12acfc45-bdfb-4343-9004-9be15dfd844c,server/model/players/skills/PotionMaking$1.java,execute,->,12acfc45-bdfb-4343-9004-9be15dfd844c,server/model/players/Client.java,getPA
12acfc45-bdfb-4343-9004-9be15dfd844c,server/model/players/skills/PotionMaking$1.java,execute,->,12acfc45-bdfb-4343-9004-9be15dfd844c,991eb2a8-284a-4290-ae08-f54cf8834706,0955b7e8-1203-4e9d-8e85-6eeaf5af5ce5
12acfc45-bdfb-4343-9004-9be15dfd844c,server/model/players/skills/PotionMaking$1.java,execute,->,12acfc45-bdfb-4343-9004-9be15dfd844c,server/model/players/Client.java,startAnimation
12acfc45-bdfb-4343-9004-9be15dfd844c,server/model/players/skills/PotionMaking$1.java,execute,->,12acfc45-bdfb-4343-9004-9be15dfd844c,java/lang/StringBuilder.java,append
12acfc45-bdfb-4343-9004-9be15dfd844c,server/model/players/skills/PotionMaking$1.java,execute,->,12acfc45-bdfb-4343-9004-9be15dfd844c,server/model/players/Client.java,getItems
12acfc45-bdfb-4343-9004-9be15dfd844c,server/model/players/skills/PotionMaking$1.java,execute,->,12acfc45-bdfb-4343-9004-9be15dfd844c,server/model/items/ItemAssistant.java,getItemName
12acfc45-bdfb-4343-9004-9be15dfd844c,server/model/players/skills/PotionMaking$1.java,execute,->,12acfc45-bdfb-4343-9004-9be15dfd844c,java/lang/StringBuilder.java,append
12acfc45-bdfb-4343-9004-9be15dfd844c,server/model/players/skills/PotionMaking$1.java,execute,->,12acfc45-bdfb-4343-9004-9be15dfd844c,java/lang/StringBuilder.java,toString
12acfc45-bdfb-4343-9004-9be15dfd844c,server/model/players/skills/PotionMaking$1.java,execute,->,12acfc45-bdfb-4343-9004-9be15dfd844c,server/model/players/Client.java,sendMessage
12acfc45-bdfb-4343-9004-9be15dfd844c,server/model/players/skills/PotionMaking$1.java,execute,->,12acfc45-bdfb-4343-9004-9be15dfd844c,6dd0c5db-72ba-4498-883f-a3c8c3333519,2c14e4eb-2b3e-4056-bf8e-5218f96f0ad5
12acfc45-bdfb-4343-9004-9be15dfd844c,server/model/players/skills/PotionMaking$1.java,execute,->,12acfc45-bdfb-4343-9004-9be15dfd844c,6dd0c5db-72ba-4498-883f-a3c8c3333519,2c14e4eb-2b3e-4056-bf8e-5218f96f0ad5
12acfc45-bdfb-4343-9004-9be15dfd844c,server/model/players/skills/Smithing.java,sendSmelting,->,12acfc45-bdfb-4343-9004-9be15dfd844c,server/model/players/Client.java,getPA
12acfc45-bdfb-4343-9004-9be15dfd844c,server/model/players/skills/Smithing.java,sendSmelting,->,12acfc45-bdfb-4343-9004-9be15dfd844c,991eb2a8-284a-4290-ae08-f54cf8834706,45af8ce2-073f-4550-b281-9a9492802196
12acfc45-bdfb-4343-9004-9be15dfd844c,server/model/players/skills/Smithing.java,sendSmelting,->,12acfc45-bdfb-4343-9004-9be15dfd844c,server/model/players/Client.java,getPA
12acfc45-bdfb-4343-9004-9be15dfd844c,server/model/players/skills/Smithing.java,sendSmelting,->,12acfc45-bdfb-4343-9004-9be15dfd844c,991eb2a8-284a-4290-ae08-f54cf8834706,fbacd858-15ac-4dfb-b5c1-9851ae733165
12acfc45-bdfb-4343-9004-9be15dfd844c,server/model/players/skills/Smithing.java,startSmelting,->,12acfc45-bdfb-4343-9004-9be15dfd844c,server/model/players/skills/Smithing.java,canSmelt
12acfc45-bdfb-4343-9004-9be15dfd844c,server/model/players/skills/Smithing.java,startSmelting,->,12acfc45-bdfb-4343-9004-9be15dfd844c,server/model/players/skills/Smithing.java,hasOres
12acfc45-bdfb-4343-9004-9be15dfd844c,server/model/players/skills/Smithing.java,startSmelting,->,12acfc45-bdfb-4343-9004-9be15dfd844c,server/model/players/skills/Smithing.java,getExp
12acfc45-bdfb-4343-9004-9be15dfd844c,server/model/players/skills/Smithing.java,startSmelting,->,12acfc45-bdfb-4343-9004-9be15dfd844c,server/model/players/skills/Smithing.java,getOre
12acfc45-bdfb-4343-9004-9be15dfd844c,server/model/players/skills/Smithing.java,startSmelting,->,12acfc45-bdfb-4343-9004-9be15dfd844c,server/model/players/skills/Smithing.java,getOre2
12acfc45-bdfb-4343-9004-9be15dfd844c,server/model/players/skills/Smithing.java,startSmelting,->,12acfc45-bdfb-4343-9004-9be15dfd844c,server/model/players/skills/Smithing.java,smelt
12acfc45-bdfb-4343-9004-9be15dfd844c,server/model/players/skills/Smithing.java,startSmelting,->,12acfc45-bdfb-4343-9004-9be15dfd844c,server/model/players/Client.java,sendMessage
12acfc45-bdfb-4343-9004-9be15dfd844c,server/model/players/skills/Smithing.java,startSmelting,->,12acfc45-bdfb-4343-9004-9be15dfd844c,server/model/players/Client.java,getPA
12acfc45-bdfb-4343-9004-9be15dfd844c,server/model/players/skills/Smithing.java,startSmelting,->,12acfc45-bdfb-4343-9004-9be15dfd844c,991eb2a8-284a-4290-ae08-f54cf8834706,3666955d-52b4-495d-880c-318d6383a5bb
12acfc45-bdfb-4343-9004-9be15dfd844c,server/model/players/skills/Smithing.java,startSmelting,->,12acfc45-bdfb-4343-9004-9be15dfd844c,server/model/players/Client.java,sendMessage
12acfc45-bdfb-4343-9004-9be15dfd844c,server/model/players/skills/Smithing.java,startSmelting,->,12acfc45-bdfb-4343-9004-9be15dfd844c,server/model/players/Client.java,getPA
12acfc45-bdfb-4343-9004-9be15dfd844c,server/model/players/skills/Smithing.java,startSmelting,->,12acfc45-bdfb-4343-9004-9be15dfd844c,991eb2a8-284a-4290-ae08-f54cf8834706,3666955d-52b4-495d-880c-318d6383a5bb
12acfc45-bdfb-4343-9004-9be15dfd844c,server/model/players/skills/Smithing.java,smelt,->,12acfc45-bdfb-4343-9004-9be15dfd844c,server/model/players/Client.java,getPA
12acfc45-bdfb-4343-9004-9be15dfd844c,server/model/players/skills/Smithing.java,smelt,->,12acfc45-bdfb-4343-9004-9be15dfd844c,991eb2a8-284a-4290-ae08-f54cf8834706,1f7845fa-db07-4b23-bcc9-ed7fd4f9ca8b
12acfc45-bdfb-4343-9004-9be15dfd844c,server/model/players/skills/Smithing.java,smelt,->,12acfc45-bdfb-4343-9004-9be15dfd844c,server/model/players/skills/Smithing.java,hasOres
12acfc45-bdfb-4343-9004-9be15dfd844c,server/model/players/skills/Smithing.java,smelt,->,12acfc45-bdfb-4343-9004-9be15dfd844c,server/model/players/Client.java,getItems
12acfc45-bdfb-4343-9004-9be15dfd844c,server/model/players/skills/Smithing.java,smelt,->,12acfc45-bdfb-4343-9004-9be15dfd844c,server/model/players/Client.java,getItems
12acfc45-bdfb-4343-9004-9be15dfd844c,server/model/players/skills/Smithing.java,smelt,->,12acfc45-bdfb-4343-9004-9be15dfd844c,server/model/items/ItemAssistant.java,getItemSlot
12acfc45-bdfb-4343-9004-9be15dfd844c,server/model/players/skills/Smithing.java,smelt,->,12acfc45-bdfb-4343-9004-9be15dfd844c,server/model/items/ItemAssistant.java,deleteItem
12acfc45-bdfb-4343-9004-9be15dfd844c,server/model/players/skills/Smithing.java,smelt,->,12acfc45-bdfb-4343-9004-9be15dfd844c,server/model/players/Client.java,getItems
12acfc45-bdfb-4343-9004-9be15dfd844c,server/model/players/skills/Smithing.java,smelt,->,12acfc45-bdfb-4343-9004-9be15dfd844c,server/model/players/Client.java,getItems
12acfc45-bdfb-4343-9004-9be15dfd844c,server/model/players/skills/Smithing.java,smelt,->,12acfc45-bdfb-4343-9004-9be15dfd844c,server/model/items/ItemAssistant.java,getItemSlot
12acfc45-bdfb-4343-9004-9be15dfd844c,server/model/players/skills/Smithing.java,smelt,->,12acfc45-bdfb-4343-9004-9be15dfd844c,server/model/items/ItemAssistant.java,deleteItem
12acfc45-bdfb-4343-9004-9be15dfd844c,server/model/players/skills/Smithing.java,smelt,->,12acfc45-bdfb-4343-9004-9be15dfd844c,server/model/players/Client.java,getItems
12acfc45-bdfb-4343-9004-9be15dfd844c,server/model/players/skills/Smithing.java,smelt,->,12acfc45-bdfb-4343-9004-9be15dfd844c,server/model/items/ItemAssistant.java,addItem
12acfc45-bdfb-4343-9004-9be15dfd844c,server/model/players/skills/Smithing.java,smelt,->,12acfc45-bdfb-4343-9004-9be15dfd844c,server/model/players/Client.java,getPA
12acfc45-bdfb-4343-9004-9be15dfd844c,server/model/players/skills/Smithing.java,smelt,->,12acfc45-bdfb-4343-9004-9be15dfd844c,991eb2a8-284a-4290-ae08-f54cf8834706,0955b7e8-1203-4e9d-8e85-6eeaf5af5ce5
12acfc45-bdfb-4343-9004-9be15dfd844c,server/model/players/skills/Smithing.java,smelt,->,12acfc45-bdfb-4343-9004-9be15dfd844c,server/model/players/Client.java,getPA
12acfc45-bdfb-4343-9004-9be15dfd844c,server/model/players/skills/Smithing.java,smelt,->,12acfc45-bdfb-4343-9004-9be15dfd844c,991eb2a8-284a-4290-ae08-f54cf8834706,cc581d00-f04e-4278-8aaf-0ecbd93e9b04
12acfc45-bdfb-4343-9004-9be15dfd844c,server/model/players/skills/Smithing.java,smelt,->,12acfc45-bdfb-4343-9004-9be15dfd844c,server/model/players/Client.java,sendMessage
12acfc45-bdfb-4343-9004-9be15dfd844c,server/model/players/skills/Smithing.java,smelt,->,12acfc45-bdfb-4343-9004-9be15dfd844c,server/model/players/Client.java,getPA
12acfc45-bdfb-4343-9004-9be15dfd844c,server/model/players/skills/Smithing.java,smelt,->,12acfc45-bdfb-4343-9004-9be15dfd844c,991eb2a8-284a-4290-ae08-f54cf8834706,3666955d-52b4-495d-880c-318d6383a5bb
12acfc45-bdfb-4343-9004-9be15dfd844c,server/model/players/skills/Smithing.java,smelt,->,12acfc45-bdfb-4343-9004-9be15dfd844c,server/model/players/Client.java,getPA
12acfc45-bdfb-4343-9004-9be15dfd844c,server/model/players/skills/Smithing.java,smelt,->,12acfc45-bdfb-4343-9004-9be15dfd844c,991eb2a8-284a-4290-ae08-f54cf8834706,a650c378-2bb6-4cd0-a616-959f230dd638
12acfc45-bdfb-4343-9004-9be15dfd844c,server/model/players/skills/Smithing.java,hasOres,->,12acfc45-bdfb-4343-9004-9be15dfd844c,server/model/players/skills/Smithing.java,getOre2
12acfc45-bdfb-4343-9004-9be15dfd844c,server/model/players/skills/Smithing.java,hasOres,->,12acfc45-bdfb-4343-9004-9be15dfd844c,server/model/players/Client.java,getItems
12acfc45-bdfb-4343-9004-9be15dfd844c,server/model/players/skills/Smithing.java,hasOres,->,12acfc45-bdfb-4343-9004-9be15dfd844c,server/model/players/skills/Smithing.java,getOre
12acfc45-bdfb-4343-9004-9be15dfd844c,server/model/players/skills/Smithing.java,hasOres,->,12acfc45-bdfb-4343-9004-9be15dfd844c,server/model/items/ItemAssistant.java,playerHasItem
12acfc45-bdfb-4343-9004-9be15dfd844c,server/model/players/skills/Smithing.java,hasOres,->,12acfc45-bdfb-4343-9004-9be15dfd844c,server/model/players/Client.java,getItems
12acfc45-bdfb-4343-9004-9be15dfd844c,server/model/players/skills/Smithing.java,hasOres,->,12acfc45-bdfb-4343-9004-9be15dfd844c,server/model/players/skills/Smithing.java,getOre2
12acfc45-bdfb-4343-9004-9be15dfd844c,server/model/players/skills/Smithing.java,hasOres,->,12acfc45-bdfb-4343-9004-9be15dfd844c,server/model/items/ItemAssistant.java,playerHasItem
12acfc45-bdfb-4343-9004-9be15dfd844c,server/model/players/skills/Smithing.java,hasOres,->,12acfc45-bdfb-4343-9004-9be15dfd844c,server/model/players/Client.java,getItems
12acfc45-bdfb-4343-9004-9be15dfd844c,server/model/players/skills/Smithing.java,hasOres,->,12acfc45-bdfb-4343-9004-9be15dfd844c,server/model/players/skills/Smithing.java,getOre
12acfc45-bdfb-4343-9004-9be15dfd844c,server/model/players/skills/Smithing.java,hasOres,->,12acfc45-bdfb-4343-9004-9be15dfd844c,server/model/items/ItemAssistant.java,playerHasItem
12acfc45-bdfb-4343-9004-9be15dfd844c,server/model/players/skills/Smithing.java,readInput,->,12acfc45-bdfb-4343-9004-9be15dfd844c,server/model/players/Client.java,getItems
12acfc45-bdfb-4343-9004-9be15dfd844c,server/model/players/skills/Smithing.java,readInput,->,12acfc45-bdfb-4343-9004-9be15dfd844c,java/lang/Integer.java,parseInt
12acfc45-bdfb-4343-9004-9be15dfd844c,server/model/players/skills/Smithing.java,readInput,->,12acfc45-bdfb-4343-9004-9be15dfd844c,server/model/items/ItemAssistant.java,getItemName
12acfc45-bdfb-4343-9004-9be15dfd844c,server/model/players/skills/Smithing.java,readInput,->,12acfc45-bdfb-4343-9004-9be15dfd844c,java/lang/String.java,contains
12acfc45-bdfb-4343-9004-9be15dfd844c,server/model/players/skills/Smithing.java,readInput,->,12acfc45-bdfb-4343-9004-9be15dfd844c,server/model/players/skills/Smithing.java,CheckBronze
12acfc45-bdfb-4343-9004-9be15dfd844c,server/model/players/skills/Smithing.java,readInput,->,12acfc45-bdfb-4343-9004-9be15dfd844c,server/model/players/Client.java,getItems
12acfc45-bdfb-4343-9004-9be15dfd844c,server/model/players/skills/Smithing.java,readInput,->,12acfc45-bdfb-4343-9004-9be15dfd844c,java/lang/Integer.java,parseInt
12acfc45-bdfb-4343-9004-9be15dfd844c,server/model/players/skills/Smithing.java,readInput,->,12acfc45-bdfb-4343-9004-9be15dfd844c,server/model/items/ItemAssistant.java,getItemName
12acfc45-bdfb-4343-9004-9be15dfd844c,server/model/players/skills/Smithing.java,readInput,->,12acfc45-bdfb-4343-9004-9be15dfd844c,java/lang/String.java,contains
12acfc45-bdfb-4343-9004-9be15dfd844c,server/model/players/skills/Smithing.java,readInput,->,12acfc45-bdfb-4343-9004-9be15dfd844c,server/model/players/skills/Smithing.java,CheckIron
12acfc45-bdfb-4343-9004-9be15dfd844c,server/model/players/skills/Smithing.java,readInput,->,12acfc45-bdfb-4343-9004-9be15dfd844c,server/model/players/Client.java,getItems
12acfc45-bdfb-4343-9004-9be15dfd844c,server/model/players/skills/Smithing.java,readInput,->,12acfc45-bdfb-4343-9004-9be15dfd844c,java/lang/Integer.java,parseInt
12acfc45-bdfb-4343-9004-9be15dfd844c,server/model/players/skills/Smithing.java,readInput,->,12acfc45-bdfb-4343-9004-9be15dfd844c,server/model/items/ItemAssistant.java,getItemName
12acfc45-bdfb-4343-9004-9be15dfd844c,server/model/players/skills/Smithing.java,readInput,->,12acfc45-bdfb-4343-9004-9be15dfd844c,java/lang/String.java,contains
12acfc45-bdfb-4343-9004-9be15dfd844c,server/model/players/skills/Smithing.java,readInput,->,12acfc45-bdfb-4343-9004-9be15dfd844c,server/model/players/skills/Smithing.java,CheckSteel
12acfc45-bdfb-4343-9004-9be15dfd844c,server/model/players/skills/Smithing.java,readInput,->,12acfc45-bdfb-4343-9004-9be15dfd844c,server/model/players/Client.java,getItems
12acfc45-bdfb-4343-9004-9be15dfd844c,server/model/players/skills/Smithing.java,readInput,->,12acfc45-bdfb-4343-9004-9be15dfd844c,java/lang/Integer.java,parseInt
12acfc45-bdfb-4343-9004-9be15dfd844c,server/model/players/skills/Smithing.java,readInput,->,12acfc45-bdfb-4343-9004-9be15dfd844c,server/model/items/ItemAssistant.java,getItemName
12acfc45-bdfb-4343-9004-9be15dfd844c,server/model/players/skills/Smithing.java,readInput,->,12acfc45-bdfb-4343-9004-9be15dfd844c,java/lang/String.java,contains
12acfc45-bdfb-4343-9004-9be15dfd844c,server/model/players/skills/Smithing.java,readInput,->,12acfc45-bdfb-4343-9004-9be15dfd844c,server/model/players/skills/Smithing.java,CheckMith
12acfc45-bdfb-4343-9004-9be15dfd844c,server/model/players/skills/Smithing.java,readInput,->,12acfc45-bdfb-4343-9004-9be15dfd844c,server/model/players/Client.java,getItems
12acfc45-bdfb-4343-9004-9be15dfd844c,server/model/players/skills/Smithing.java,readInput,->,12acfc45-bdfb-4343-9004-9be15dfd844c,java/lang/Integer.java,parseInt
12acfc45-bdfb-4343-9004-9be15dfd844c,server/model/players/skills/Smithing.java,readInput,->,12acfc45-bdfb-4343-9004-9be15dfd844c,server/model/items/ItemAssistant.java,getItemName
12acfc45-bdfb-4343-9004-9be15dfd844c,server/model/players/skills/Smithing.java,readInput,->,12acfc45-bdfb-4343-9004-9be15dfd844c,java/lang/String.java,contains
12acfc45-bdfb-4343-9004-9be15dfd844c,server/model/players/skills/Smithing.java,readInput,->,12acfc45-bdfb-4343-9004-9be15dfd844c,server/model/players/Client.java,getItems
12acfc45-bdfb-4343-9004-9be15dfd844c,server/model/players/skills/Smithing.java,readInput,->,12acfc45-bdfb-4343-9004-9be15dfd844c,java/lang/Integer.java,parseInt
12acfc45-bdfb-4343-9004-9be15dfd844c,server/model/players/skills/Smithing.java,readInput,->,12acfc45-bdfb-4343-9004-9be15dfd844c,server/model/items/ItemAssistant.java,getItemName
12acfc45-bdfb-4343-9004-9be15dfd844c,server/model/players/skills/Smithing.java,readInput,->,12acfc45-bdfb-4343-9004-9be15dfd844c,java/lang/String.java,contains
12acfc45-bdfb-4343-9004-9be15dfd844c,server/model/players/skills/Smithing.java,readInput,->,12acfc45-bdfb-4343-9004-9be15dfd844c,server/model/players/skills/Smithing.java,CheckAddy
12acfc45-bdfb-4343-9004-9be15dfd844c,server/model/players/skills/Smithing.java,readInput,->,12acfc45-bdfb-4343-9004-9be15dfd844c,server/model/players/Client.java,getItems
12acfc45-bdfb-4343-9004-9be15dfd844c,server/model/players/skills/Smithing.java,readInput,->,12acfc45-bdfb-4343-9004-9be15dfd844c,java/lang/Integer.java,parseInt
12acfc45-bdfb-4343-9004-9be15dfd844c,server/model/players/skills/Smithing.java,readInput,->,12acfc45-bdfb-4343-9004-9be15dfd844c,server/model/items/ItemAssistant.java,getItemName
12acfc45-bdfb-4343-9004-9be15dfd844c,server/model/players/skills/Smithing.java,readInput,->,12acfc45-bdfb-4343-9004-9be15dfd844c,java/lang/String.java,contains
12acfc45-bdfb-4343-9004-9be15dfd844c,server/model/players/skills/Smithing.java,readInput,->,12acfc45-bdfb-4343-9004-9be15dfd844c,server/model/players/Client.java,getItems
12acfc45-bdfb-4343-9004-9be15dfd844c,server/model/players/skills/Smithing.java,readInput,->,12acfc45-bdfb-4343-9004-9be15dfd844c,java/lang/Integer.java,parseInt
12acfc45-bdfb-4343-9004-9be15dfd844c,server/model/players/skills/Smithing.java,readInput,->,12acfc45-bdfb-4343-9004-9be15dfd844c,server/model/items/ItemAssistant.java,getItemName
12acfc45-bdfb-4343-9004-9be15dfd844c,server/model/players/skills/Smithing.java,readInput,->,12acfc45-bdfb-4343-9004-9be15dfd844c,java/lang/String.java,contains
12acfc45-bdfb-4343-9004-9be15dfd844c,server/model/players/skills/Smithing.java,readInput,->,12acfc45-bdfb-4343-9004-9be15dfd844c,server/model/players/skills/Smithing.java,CheckRune
12acfc45-bdfb-4343-9004-9be15dfd844c,server/model/players/skills/Smithing.java,readInput,->,12acfc45-bdfb-4343-9004-9be15dfd844c,java/lang/StringBuilder.java,append
12acfc45-bdfb-4343-9004-9be15dfd844c,server/model/players/skills/Smithing.java,readInput,->,12acfc45-bdfb-4343-9004-9be15dfd844c,java/lang/StringBuilder.java,append
12acfc45-bdfb-4343-9004-9be15dfd844c,server/model/players/skills/Smithing.java,readInput,->,12acfc45-bdfb-4343-9004-9be15dfd844c,java/lang/StringBuilder.java,toString
12acfc45-bdfb-4343-9004-9be15dfd844c,server/model/players/skills/Smithing.java,readInput,->,12acfc45-bdfb-4343-9004-9be15dfd844c,server/model/players/Client.java,sendMessage
12acfc45-bdfb-4343-9004-9be15dfd844c,server/model/players/skills/Smithing.java,CheckIron,->,12acfc45-bdfb-4343-9004-9be15dfd844c,java/lang/String.java,equalsIgnoreCase
12acfc45-bdfb-4343-9004-9be15dfd844c,server/model/players/skills/Smithing.java,CheckIron,->,12acfc45-bdfb-4343-9004-9be15dfd844c,java/lang/String.java,equalsIgnoreCase
12acfc45-bdfb-4343-9004-9be15dfd844c,server/model/players/skills/Smithing.java,CheckIron,->,12acfc45-bdfb-4343-9004-9be15dfd844c,java/lang/String.java,equals
12acfc45-bdfb-4343-9004-9be15dfd844c,server/model/players/skills/Smithing.java,CheckIron,->,12acfc45-bdfb-4343-9004-9be15dfd844c,java/lang/String.java,equals
12acfc45-bdfb-4343-9004-9be15dfd844c,server/model/players/skills/Smithing.java,CheckIron,->,12acfc45-bdfb-4343-9004-9be15dfd844c,java/lang/String.java,equals
12acfc45-bdfb-4343-9004-9be15dfd844c,server/model/players/skills/Smithing.java,CheckIron,->,12acfc45-bdfb-4343-9004-9be15dfd844c,java/lang/String.java,equals
12acfc45-bdfb-4343-9004-9be15dfd844c,server/model/players/skills/Smithing.java,CheckIron,->,12acfc45-bdfb-4343-9004-9be15dfd844c,java/lang/String.java,equals
12acfc45-bdfb-4343-9004-9be15dfd844c,server/model/players/skills/Smithing.java,CheckIron,->,12acfc45-bdfb-4343-9004-9be15dfd844c,java/lang/String.java,equals
12acfc45-bdfb-4343-9004-9be15dfd844c,server/model/players/skills/Smithing.java,CheckIron,->,12acfc45-bdfb-4343-9004-9be15dfd844c,java/lang/String.java,equals
12acfc45-bdfb-4343-9004-9be15dfd844c,server/model/players/skills/Smithing.java,CheckIron,->,12acfc45-bdfb-4343-9004-9be15dfd844c,java/lang/String.java,equals
12acfc45-bdfb-4343-9004-9be15dfd844c,server/model/players/skills/Smithing.java,CheckIron,->,12acfc45-bdfb-4343-9004-9be15dfd844c,java/lang/String.java,equals
12acfc45-bdfb-4343-9004-9be15dfd844c,server/model/players/skills/Smithing.java,CheckIron,->,12acfc45-bdfb-4343-9004-9be15dfd844c,java/lang/String.java,equals
12acfc45-bdfb-4343-9004-9be15dfd844c,server/model/players/skills/Smithing.java,CheckIron,->,12acfc45-bdfb-4343-9004-9be15dfd844c,java/lang/String.java,equals
12acfc45-bdfb-4343-9004-9be15dfd844c,server/model/players/skills/Smithing.java,CheckIron,->,12acfc45-bdfb-4343-9004-9be15dfd844c,java/lang/String.java,equals
12acfc45-bdfb-4343-9004-9be15dfd844c,server/model/players/skills/Smithing.java,CheckIron,->,12acfc45-bdfb-4343-9004-9be15dfd844c,java/lang/String.java,equals
12acfc45-bdfb-4343-9004-9be15dfd844c,server/model/players/skills/Smithing.java,CheckIron,->,12acfc45-bdfb-4343-9004-9be15dfd844c,java/lang/String.java,equals
12acfc45-bdfb-4343-9004-9be15dfd844c,server/model/players/skills/Smithing.java,CheckIron,->,12acfc45-bdfb-4343-9004-9be15dfd844c,java/lang/String.java,equals
12acfc45-bdfb-4343-9004-9be15dfd844c,server/model/players/skills/Smithing.java,CheckIron,->,12acfc45-bdfb-4343-9004-9be15dfd844c,java/lang/String.java,equals
12acfc45-bdfb-4343-9004-9be15dfd844c,server/model/players/skills/Smithing.java,CheckIron,->,12acfc45-bdfb-4343-9004-9be15dfd844c,java/lang/String.java,equals
12acfc45-bdfb-4343-9004-9be15dfd844c,server/model/players/skills/Smithing.java,CheckIron,->,12acfc45-bdfb-4343-9004-9be15dfd844c,java/lang/String.java,equals
12acfc45-bdfb-4343-9004-9be15dfd844c,server/model/players/skills/Smithing.java,CheckIron,->,12acfc45-bdfb-4343-9004-9be15dfd844c,java/lang/String.java,equals
12acfc45-bdfb-4343-9004-9be15dfd844c,server/model/players/skills/Smithing.java,CheckIron,->,12acfc45-bdfb-4343-9004-9be15dfd844c,server/model/players/Client.java,sendMessage
12acfc45-bdfb-4343-9004-9be15dfd844c,server/model/players/skills/Smithing.java,CheckIron,->,12acfc45-bdfb-4343-9004-9be15dfd844c,server/model/players/skills/Smithing.java,doaction
12acfc45-bdfb-4343-9004-9be15dfd844c,server/model/players/skills/Smithing.java,CheckSteel,->,12acfc45-bdfb-4343-9004-9be15dfd844c,java/lang/String.java,equalsIgnoreCase
12acfc45-bdfb-4343-9004-9be15dfd844c,server/model/players/skills/Smithing.java,CheckSteel,->,12acfc45-bdfb-4343-9004-9be15dfd844c,java/lang/String.java,equalsIgnoreCase
12acfc45-bdfb-4343-9004-9be15dfd844c,server/model/players/skills/Smithing.java,CheckSteel,->,12acfc45-bdfb-4343-9004-9be15dfd844c,java/lang/String.java,equals
12acfc45-bdfb-4343-9004-9be15dfd844c,server/model/players/skills/Smithing.java,CheckSteel,->,12acfc45-bdfb-4343-9004-9be15dfd844c,java/lang/String.java,equals
12acfc45-bdfb-4343-9004-9be15dfd844c,server/model/players/skills/Smithing.java,CheckSteel,->,12acfc45-bdfb-4343-9004-9be15dfd844c,java/lang/String.java,equals
12acfc45-bdfb-4343-9004-9be15dfd844c,server/model/players/skills/Smithing.java,CheckSteel,->,12acfc45-bdfb-4343-9004-9be15dfd844c,java/lang/String.java,equals
12acfc45-bdfb-4343-9004-9be15dfd844c,server/model/players/skills/Smithing.java,CheckSteel,->,12acfc45-bdfb-4343-9004-9be15dfd844c,java/lang/String.java,equals
12acfc45-bdfb-4343-9004-9be15dfd844c,server/model/players/skills/Smithing.java,CheckSteel,->,12acfc45-bdfb-4343-9004-9be15dfd844c,java/lang/String.java,equals
12acfc45-bdfb-4343-9004-9be15dfd844c,server/model/players/skills/Smithing.java,CheckSteel,->,12acfc45-bdfb-4343-9004-9be15dfd844c,java/lang/String.java,equals
12acfc45-bdfb-4343-9004-9be15dfd844c,server/model/players/skills/Smithing.java,CheckSteel,->,12acfc45-bdfb-4343-9004-9be15dfd844c,java/lang/String.java,equals
12acfc45-bdfb-4343-9004-9be15dfd844c,server/model/players/skills/Smithing.java,CheckSteel,->,12acfc45-bdfb-4343-9004-9be15dfd844c,java/lang/String.java,equals
12acfc45-bdfb-4343-9004-9be15dfd844c,server/model/players/skills/Smithing.java,CheckSteel,->,12acfc45-bdfb-4343-9004-9be15dfd844c,java/lang/String.java,equals
12acfc45-bdfb-4343-9004-9be15dfd844c,server/model/players/skills/Smithing.java,CheckSteel,->,12acfc45-bdfb-4343-9004-9be15dfd844c,java/lang/String.java,equals
12acfc45-bdfb-4343-9004-9be15dfd844c,server/model/players/skills/Smithing.java,CheckSteel,->,12acfc45-bdfb-4343-9004-9be15dfd844c,java/lang/String.java,equals
12acfc45-bdfb-4343-9004-9be15dfd844c,server/model/players/skills/Smithing.java,CheckSteel,->,12acfc45-bdfb-4343-9004-9be15dfd844c,java/lang/String.java,equals
12acfc45-bdfb-4343-9004-9be15dfd844c,server/model/players/skills/Smithing.java,CheckSteel,->,12acfc45-bdfb-4343-9004-9be15dfd844c,java/lang/String.java,equals
12acfc45-bdfb-4343-9004-9be15dfd844c,server/model/players/skills/Smithing.java,CheckSteel,->,12acfc45-bdfb-4343-9004-9be15dfd844c,java/lang/String.java,equals
12acfc45-bdfb-4343-9004-9be15dfd844c,server/model/players/skills/Smithing.java,CheckSteel,->,12acfc45-bdfb-4343-9004-9be15dfd844c,java/lang/String.java,equals
12acfc45-bdfb-4343-9004-9be15dfd844c,server/model/players/skills/Smithing.java,CheckSteel,->,12acfc45-bdfb-4343-9004-9be15dfd844c,java/lang/String.java,equals
12acfc45-bdfb-4343-9004-9be15dfd844c,server/model/players/skills/Smithing.java,CheckSteel,->,12acfc45-bdfb-4343-9004-9be15dfd844c,java/lang/String.java,equals
12acfc45-bdfb-4343-9004-9be15dfd844c,server/model/players/skills/Smithing.java,CheckSteel,->,12acfc45-bdfb-4343-9004-9be15dfd844c,java/lang/String.java,equals
12acfc45-bdfb-4343-9004-9be15dfd844c,server/model/players/skills/Smithing.java,CheckSteel,->,12acfc45-bdfb-4343-9004-9be15dfd844c,server/model/players/Client.java,sendMessage
12acfc45-bdfb-4343-9004-9be15dfd844c,server/model/players/skills/Smithing.java,CheckSteel,->,12acfc45-bdfb-4343-9004-9be15dfd844c,server/model/players/skills/Smithing.java,doaction
12acfc45-bdfb-4343-9004-9be15dfd844c,server/model/players/skills/Smithing.java,CheckMith,->,12acfc45-bdfb-4343-9004-9be15dfd844c,java/lang/String.java,equalsIgnoreCase
12acfc45-bdfb-4343-9004-9be15dfd844c,server/model/players/skills/Smithing.java,CheckMith,->,12acfc45-bdfb-4343-9004-9be15dfd844c,java/lang/String.java,equalsIgnoreCase
12acfc45-bdfb-4343-9004-9be15dfd844c,server/model/players/skills/Smithing.java,CheckMith,->,12acfc45-bdfb-4343-9004-9be15dfd844c,java/lang/String.java,equals
12acfc45-bdfb-4343-9004-9be15dfd844c,server/model/players/skills/Smithing.java,CheckMith,->,12acfc45-bdfb-4343-9004-9be15dfd844c,java/lang/String.java,equals
12acfc45-bdfb-4343-9004-9be15dfd844c,server/model/players/skills/Smithing.java,CheckMith,->,12acfc45-bdfb-4343-9004-9be15dfd844c,java/lang/String.java,equals
12acfc45-bdfb-4343-9004-9be15dfd844c,server/model/players/skills/Smithing.java,CheckMith,->,12acfc45-bdfb-4343-9004-9be15dfd844c,java/lang/String.java,equals
12acfc45-bdfb-4343-9004-9be15dfd844c,server/model/players/skills/Smithing.java,CheckMith,->,12acfc45-bdfb-4343-9004-9be15dfd844c,java/lang/String.java,equals
12acfc45-bdfb-4343-9004-9be15dfd844c,server/model/players/skills/Smithing.java,CheckMith,->,12acfc45-bdfb-4343-9004-9be15dfd844c,java/lang/String.java,equals
12acfc45-bdfb-4343-9004-9be15dfd844c,server/model/players/skills/Smithing.java,CheckMith,->,12acfc45-bdfb-4343-9004-9be15dfd844c,java/lang/String.java,equals
12acfc45-bdfb-4343-9004-9be15dfd844c,server/model/players/skills/Smithing.java,CheckMith,->,12acfc45-bdfb-4343-9004-9be15dfd844c,java/lang/String.java,equals
12acfc45-bdfb-4343-9004-9be15dfd844c,server/model/players/skills/Smithing.java,CheckMith,->,12acfc45-bdfb-4343-9004-9be15dfd844c,java/lang/String.java,equals
12acfc45-bdfb-4343-9004-9be15dfd844c,server/model/players/skills/Smithing.java,CheckMith,->,12acfc45-bdfb-4343-9004-9be15dfd844c,java/lang/String.java,equals
12acfc45-bdfb-4343-9004-9be15dfd844c,server/model/players/skills/Smithing.java,CheckMith,->,12acfc45-bdfb-4343-9004-9be15dfd844c,java/lang/String.java,equals
12acfc45-bdfb-4343-9004-9be15dfd844c,server/model/players/skills/Smithing.java,CheckMith,->,12acfc45-bdfb-4343-9004-9be15dfd844c,java/lang/String.java,equals
12acfc45-bdfb-4343-9004-9be15dfd844c,server/model/players/skills/Smithing.java,CheckMith,->,12acfc45-bdfb-4343-9004-9be15dfd844c,java/lang/String.java,equals
12acfc45-bdfb-4343-9004-9be15dfd844c,server/model/players/skills/Smithing.java,CheckMith,->,12acfc45-bdfb-4343-9004-9be15dfd844c,java/lang/String.java,equals
12acfc45-bdfb-4343-9004-9be15dfd844c,server/model/players/skills/Smithing.java,CheckMith,->,12acfc45-bdfb-4343-9004-9be15dfd844c,java/lang/String.java,equals
12acfc45-bdfb-4343-9004-9be15dfd844c,server/model/players/skills/Smithing.java,CheckMith,->,12acfc45-bdfb-4343-9004-9be15dfd844c,java/lang/String.java,equals
12acfc45-bdfb-4343-9004-9be15dfd844c,server/model/players/skills/Smithing.java,CheckMith,->,12acfc45-bdfb-4343-9004-9be15dfd844c,java/lang/String.java,equals
12acfc45-bdfb-4343-9004-9be15dfd844c,server/model/players/skills/Smithing.java,CheckMith,->,12acfc45-bdfb-4343-9004-9be15dfd844c,java/lang/String.java,equals
12acfc45-bdfb-4343-9004-9be15dfd844c,server/model/players/skills/Smithing.java,CheckMith,->,12acfc45-bdfb-4343-9004-9be15dfd844c,java/lang/String.java,equals
12acfc45-bdfb-4343-9004-9be15dfd844c,server/model/players/skills/Smithing.java,CheckMith,->,12acfc45-bdfb-4343-9004-9be15dfd844c,server/model/players/Client.java,sendMessage
12acfc45-bdfb-4343-9004-9be15dfd844c,server/model/players/skills/Smithing.java,CheckMith,->,12acfc45-bdfb-4343-9004-9be15dfd844c,server/model/players/skills/Smithing.java,doaction
12acfc45-bdfb-4343-9004-9be15dfd844c,server/model/players/skills/Smithing.java,CheckRune,->,12acfc45-bdfb-4343-9004-9be15dfd844c,java/lang/String.java,equalsIgnoreCase
12acfc45-bdfb-4343-9004-9be15dfd844c,server/model/players/skills/Smithing.java,CheckRune,->,12acfc45-bdfb-4343-9004-9be15dfd844c,java/lang/String.java,equalsIgnoreCase
12acfc45-bdfb-4343-9004-9be15dfd844c,server/model/players/skills/Smithing.java,CheckRune,->,12acfc45-bdfb-4343-9004-9be15dfd844c,java/lang/String.java,equals
12acfc45-bdfb-4343-9004-9be15dfd844c,server/model/players/skills/Smithing.java,CheckRune,->,12acfc45-bdfb-4343-9004-9be15dfd844c,java/lang/String.java,equals
12acfc45-bdfb-4343-9004-9be15dfd844c,server/model/players/skills/Smithing.java,CheckRune,->,12acfc45-bdfb-4343-9004-9be15dfd844c,java/lang/String.java,equals
12acfc45-bdfb-4343-9004-9be15dfd844c,server/model/players/skills/Smithing.java,CheckRune,->,12acfc45-bdfb-4343-9004-9be15dfd844c,java/lang/String.java,equals
12acfc45-bdfb-4343-9004-9be15dfd844c,server/model/players/skills/Smithing.java,CheckRune,->,12acfc45-bdfb-4343-9004-9be15dfd844c,java/lang/String.java,equals
12acfc45-bdfb-4343-9004-9be15dfd844c,server/model/players/skills/Smithing.java,CheckRune,->,12acfc45-bdfb-4343-9004-9be15dfd844c,java/lang/String.java,equals
12acfc45-bdfb-4343-9004-9be15dfd844c,server/model/players/skills/Smithing.java,CheckRune,->,12acfc45-bdfb-4343-9004-9be15dfd844c,java/lang/String.java,equals
12acfc45-bdfb-4343-9004-9be15dfd844c,server/model/players/skills/Smithing.java,CheckRune,->,12acfc45-bdfb-4343-9004-9be15dfd844c,java/lang/String.java,equals
12acfc45-bdfb-4343-9004-9be15dfd844c,server/model/players/skills/Smithing.java,CheckRune,->,12acfc45-bdfb-4343-9004-9be15dfd844c,java/lang/String.java,equals
12acfc45-bdfb-4343-9004-9be15dfd844c,server/model/players/skills/Smithing.java,CheckRune,->,12acfc45-bdfb-4343-9004-9be15dfd844c,java/lang/String.java,equals
12acfc45-bdfb-4343-9004-9be15dfd844c,server/model/players/skills/Smithing.java,CheckRune,->,12acfc45-bdfb-4343-9004-9be15dfd844c,java/lang/String.java,equals
12acfc45-bdfb-4343-9004-9be15dfd844c,server/model/players/skills/Smithing.java,CheckRune,->,12acfc45-bdfb-4343-9004-9be15dfd844c,java/lang/String.java,equals
12acfc45-bdfb-4343-9004-9be15dfd844c,server/model/players/skills/Smithing.java,CheckRune,->,12acfc45-bdfb-4343-9004-9be15dfd844c,java/lang/String.java,equals
12acfc45-bdfb-4343-9004-9be15dfd844c,server/model/players/skills/Smithing.java,CheckRune,->,12acfc45-bdfb-4343-9004-9be15dfd844c,java/lang/String.java,equals
12acfc45-bdfb-4343-9004-9be15dfd844c,server/model/players/skills/Smithing.java,CheckRune,->,12acfc45-bdfb-4343-9004-9be15dfd844c,java/lang/String.java,equals
12acfc45-bdfb-4343-9004-9be15dfd844c,server/model/players/skills/Smithing.java,CheckRune,->,12acfc45-bdfb-4343-9004-9be15dfd844c,java/lang/String.java,equals
12acfc45-bdfb-4343-9004-9be15dfd844c,server/model/players/skills/Smithing.java,CheckRune,->,12acfc45-bdfb-4343-9004-9be15dfd844c,java/lang/String.java,equals
12acfc45-bdfb-4343-9004-9be15dfd844c,server/model/players/skills/Smithing.java,CheckRune,->,12acfc45-bdfb-4343-9004-9be15dfd844c,java/lang/String.java,equals
12acfc45-bdfb-4343-9004-9be15dfd844c,server/model/players/skills/Smithing.java,CheckRune,->,12acfc45-bdfb-4343-9004-9be15dfd844c,java/lang/String.java,equals
12acfc45-bdfb-4343-9004-9be15dfd844c,server/model/players/skills/Smithing.java,CheckRune,->,12acfc45-bdfb-4343-9004-9be15dfd844c,server/model/players/Client.java,sendMessage
12acfc45-bdfb-4343-9004-9be15dfd844c,server/model/players/skills/Smithing.java,CheckRune,->,12acfc45-bdfb-4343-9004-9be15dfd844c,server/model/players/skills/Smithing.java,doaction
12acfc45-bdfb-4343-9004-9be15dfd844c,server/model/players/skills/Smithing.java,CheckAddy,->,12acfc45-bdfb-4343-9004-9be15dfd844c,java/lang/String.java,equalsIgnoreCase
12acfc45-bdfb-4343-9004-9be15dfd844c,server/model/players/skills/Smithing.java,CheckAddy,->,12acfc45-bdfb-4343-9004-9be15dfd844c,java/lang/String.java,equalsIgnoreCase
12acfc45-bdfb-4343-9004-9be15dfd844c,server/model/players/skills/Smithing.java,CheckAddy,->,12acfc45-bdfb-4343-9004-9be15dfd844c,java/lang/String.java,equals
12acfc45-bdfb-4343-9004-9be15dfd844c,server/model/players/skills/Smithing.java,CheckAddy,->,12acfc45-bdfb-4343-9004-9be15dfd844c,java/lang/String.java,equals
12acfc45-bdfb-4343-9004-9be15dfd844c,server/model/players/skills/Smithing.java,CheckAddy,->,12acfc45-bdfb-4343-9004-9be15dfd844c,java/lang/String.java,equals
12acfc45-bdfb-4343-9004-9be15dfd844c,server/model/players/skills/Smithing.java,CheckAddy,->,12acfc45-bdfb-4343-9004-9be15dfd844c,java/lang/String.java,equals
12acfc45-bdfb-4343-9004-9be15dfd844c,server/model/players/skills/Smithing.java,CheckAddy,->,12acfc45-bdfb-4343-9004-9be15dfd844c,java/lang/String.java,equals
12acfc45-bdfb-4343-9004-9be15dfd844c,server/model/players/skills/Smithing.java,CheckAddy,->,12acfc45-bdfb-4343-9004-9be15dfd844c,java/lang/String.java,equals
12acfc45-bdfb-4343-9004-9be15dfd844c,server/model/players/skills/Smithing.java,CheckAddy,->,12acfc45-bdfb-4343-9004-9be15dfd844c,java/lang/String.java,equals
12acfc45-bdfb-4343-9004-9be15dfd844c,server/model/players/skills/Smithing.java,CheckAddy,->,12acfc45-bdfb-4343-9004-9be15dfd844c,java/lang/String.java,equals
12acfc45-bdfb-4343-9004-9be15dfd844c,server/model/players/skills/Smithing.java,CheckAddy,->,12acfc45-bdfb-4343-9004-9be15dfd844c,java/lang/String.java,equals
12acfc45-bdfb-4343-9004-9be15dfd844c,server/model/players/skills/Smithing.java,CheckAddy,->,12acfc45-bdfb-4343-9004-9be15dfd844c,java/lang/String.java,equals
12acfc45-bdfb-4343-9004-9be15dfd844c,server/model/players/skills/Smithing.java,CheckAddy,->,12acfc45-bdfb-4343-9004-9be15dfd844c,java/lang/String.java,equals
12acfc45-bdfb-4343-9004-9be15dfd844c,server/model/players/skills/Smithing.java,CheckAddy,->,12acfc45-bdfb-4343-9004-9be15dfd844c,java/lang/String.java,equals
12acfc45-bdfb-4343-9004-9be15dfd844c,server/model/players/skills/Smithing.java,CheckAddy,->,12acfc45-bdfb-4343-9004-9be15dfd844c,java/lang/String.java,equals
12acfc45-bdfb-4343-9004-9be15dfd844c,server/model/players/skills/Smithing.java,CheckAddy,->,12acfc45-bdfb-4343-9004-9be15dfd844c,java/lang/String.java,equals
12acfc45-bdfb-4343-9004-9be15dfd844c,server/model/players/skills/Smithing.java,CheckAddy,->,12acfc45-bdfb-4343-9004-9be15dfd844c,java/lang/String.java,equals
12acfc45-bdfb-4343-9004-9be15dfd844c,server/model/players/skills/Smithing.java,CheckAddy,->,12acfc45-bdfb-4343-9004-9be15dfd844c,java/lang/String.java,equals
12acfc45-bdfb-4343-9004-9be15dfd844c,server/model/players/skills/Smithing.java,CheckAddy,->,12acfc45-bdfb-4343-9004-9be15dfd844c,java/lang/String.java,equals
12acfc45-bdfb-4343-9004-9be15dfd844c,server/model/players/skills/Smithing.java,CheckAddy,->,12acfc45-bdfb-4343-9004-9be15dfd844c,java/lang/String.java,equals
12acfc45-bdfb-4343-9004-9be15dfd844c,server/model/players/skills/Smithing.java,CheckAddy,->,12acfc45-bdfb-4343-9004-9be15dfd844c,java/lang/String.java,equals
12acfc45-bdfb-4343-9004-9be15dfd844c,server/model/players/skills/Smithing.java,CheckAddy,->,12acfc45-bdfb-4343-9004-9be15dfd844c,server/model/players/Client.java,sendMessage
12acfc45-bdfb-4343-9004-9be15dfd844c,server/model/players/skills/Smithing.java,CheckAddy,->,12acfc45-bdfb-4343-9004-9be15dfd844c,server/model/players/skills/Smithing.java,doaction
12acfc45-bdfb-4343-9004-9be15dfd844c,server/model/players/skills/Smithing.java,CheckBronze,->,12acfc45-bdfb-4343-9004-9be15dfd844c,java/lang/String.java,equalsIgnoreCase
12acfc45-bdfb-4343-9004-9be15dfd844c,server/model/players/skills/Smithing.java,CheckBronze,->,12acfc45-bdfb-4343-9004-9be15dfd844c,java/lang/String.java,equalsIgnoreCase
12acfc45-bdfb-4343-9004-9be15dfd844c,server/model/players/skills/Smithing.java,CheckBronze,->,12acfc45-bdfb-4343-9004-9be15dfd844c,java/lang/String.java,equals
12acfc45-bdfb-4343-9004-9be15dfd844c,server/model/players/skills/Smithing.java,CheckBronze,->,12acfc45-bdfb-4343-9004-9be15dfd844c,java/lang/String.java,equals
12acfc45-bdfb-4343-9004-9be15dfd844c,server/model/players/skills/Smithing.java,CheckBronze,->,12acfc45-bdfb-4343-9004-9be15dfd844c,java/lang/String.java,equals
12acfc45-bdfb-4343-9004-9be15dfd844c,server/model/players/skills/Smithing.java,CheckBronze,->,12acfc45-bdfb-4343-9004-9be15dfd844c,java/lang/String.java,equals
12acfc45-bdfb-4343-9004-9be15dfd844c,server/model/players/skills/Smithing.java,CheckBronze,->,12acfc45-bdfb-4343-9004-9be15dfd844c,java/lang/String.java,equals
12acfc45-bdfb-4343-9004-9be15dfd844c,server/model/players/skills/Smithing.java,CheckBronze,->,12acfc45-bdfb-4343-9004-9be15dfd844c,java/lang/String.java,equals
12acfc45-bdfb-4343-9004-9be15dfd844c,server/model/players/skills/Smithing.java,CheckBronze,->,12acfc45-bdfb-4343-9004-9be15dfd844c,java/lang/String.java,equals
12acfc45-bdfb-4343-9004-9be15dfd844c,server/model/players/skills/Smithing.java,CheckBronze,->,12acfc45-bdfb-4343-9004-9be15dfd844c,java/lang/String.java,equals
12acfc45-bdfb-4343-9004-9be15dfd844c,server/model/players/skills/Smithing.java,CheckBronze,->,12acfc45-bdfb-4343-9004-9be15dfd844c,java/lang/String.java,equals
12acfc45-bdfb-4343-9004-9be15dfd844c,server/model/players/skills/Smithing.java,CheckBronze,->,12acfc45-bdfb-4343-9004-9be15dfd844c,java/lang/String.java,equals
12acfc45-bdfb-4343-9004-9be15dfd844c,server/model/players/skills/Smithing.java,CheckBronze,->,12acfc45-bdfb-4343-9004-9be15dfd844c,java/lang/String.java,equals
12acfc45-bdfb-4343-9004-9be15dfd844c,server/model/players/skills/Smithing.java,CheckBronze,->,12acfc45-bdfb-4343-9004-9be15dfd844c,java/lang/String.java,equals
12acfc45-bdfb-4343-9004-9be15dfd844c,server/model/players/skills/Smithing.java,CheckBronze,->,12acfc45-bdfb-4343-9004-9be15dfd844c,java/lang/String.java,equals
12acfc45-bdfb-4343-9004-9be15dfd844c,server/model/players/skills/Smithing.java,CheckBronze,->,12acfc45-bdfb-4343-9004-9be15dfd844c,java/lang/String.java,equals
12acfc45-bdfb-4343-9004-9be15dfd844c,server/model/players/skills/Smithing.java,CheckBronze,->,12acfc45-bdfb-4343-9004-9be15dfd844c,java/lang/String.java,equals
12acfc45-bdfb-4343-9004-9be15dfd844c,server/model/players/skills/Smithing.java,CheckBronze,->,12acfc45-bdfb-4343-9004-9be15dfd844c,java/lang/String.java,equals
12acfc45-bdfb-4343-9004-9be15dfd844c,server/model/players/skills/Smithing.java,CheckBronze,->,12acfc45-bdfb-4343-9004-9be15dfd844c,java/lang/String.java,equals
12acfc45-bdfb-4343-9004-9be15dfd844c,server/model/players/skills/Smithing.java,CheckBronze,->,12acfc45-bdfb-4343-9004-9be15dfd844c,java/lang/String.java,equals
12acfc45-bdfb-4343-9004-9be15dfd844c,server/model/players/skills/Smithing.java,CheckBronze,->,12acfc45-bdfb-4343-9004-9be15dfd844c,java/lang/String.java,equals
12acfc45-bdfb-4343-9004-9be15dfd844c,server/model/players/skills/Smithing.java,CheckBronze,->,12acfc45-bdfb-4343-9004-9be15dfd844c,server/model/players/Client.java,sendMessage
12acfc45-bdfb-4343-9004-9be15dfd844c,server/model/players/skills/Smithing.java,CheckBronze,->,12acfc45-bdfb-4343-9004-9be15dfd844c,server/model/players/skills/Smithing.java,doaction
12acfc45-bdfb-4343-9004-9be15dfd844c,server/model/players/skills/Smithing.java,doaction,->,12acfc45-bdfb-4343-9004-9be15dfd844c,server/model/players/Client.java,getPA
12acfc45-bdfb-4343-9004-9be15dfd844c,server/model/players/skills/Smithing.java,doaction,->,12acfc45-bdfb-4343-9004-9be15dfd844c,991eb2a8-284a-4290-ae08-f54cf8834706,1f7845fa-db07-4b23-bcc9-ed7fd4f9ca8b
12acfc45-bdfb-4343-9004-9be15dfd844c,server/model/players/skills/Smithing.java,doaction,->,12acfc45-bdfb-4343-9004-9be15dfd844c,server/model/players/Client.java,getItems
12acfc45-bdfb-4343-9004-9be15dfd844c,server/model/players/skills/Smithing.java,doaction,->,12acfc45-bdfb-4343-9004-9be15dfd844c,server/model/items/ItemAssistant.java,playerHasItem
12acfc45-bdfb-4343-9004-9be15dfd844c,server/model/players/skills/Smithing.java,doaction,->,12acfc45-bdfb-4343-9004-9be15dfd844c,server/model/players/Client.java,startAnimation
12acfc45-bdfb-4343-9004-9be15dfd844c,server/model/players/skills/Smithing.java,doaction,->,12acfc45-bdfb-4343-9004-9be15dfd844c,server/model/players/Client.java,getItems
12acfc45-bdfb-4343-9004-9be15dfd844c,server/model/players/skills/Smithing.java,doaction,->,12acfc45-bdfb-4343-9004-9be15dfd844c,server/model/items/ItemAssistant.java,playerHasItem
12acfc45-bdfb-4343-9004-9be15dfd844c,server/model/players/skills/Smithing.java,doaction,->,12acfc45-bdfb-4343-9004-9be15dfd844c,java/lang/StringBuilder.java,append
12acfc45-bdfb-4343-9004-9be15dfd844c,server/model/players/skills/Smithing.java,doaction,->,12acfc45-bdfb-4343-9004-9be15dfd844c,server/model/players/Client.java,getItems
12acfc45-bdfb-4343-9004-9be15dfd844c,server/model/players/skills/Smithing.java,doaction,->,12acfc45-bdfb-4343-9004-9be15dfd844c,server/model/items/ItemAssistant.java,getItemName
12acfc45-bdfb-4343-9004-9be15dfd844c,server/model/players/skills/Smithing.java,doaction,->,12acfc45-bdfb-4343-9004-9be15dfd844c,java/lang/StringBuilder.java,append
12acfc45-bdfb-4343-9004-9be15dfd844c,server/model/players/skills/Smithing.java,doaction,->,12acfc45-bdfb-4343-9004-9be15dfd844c,java/lang/StringBuilder.java,append
12acfc45-bdfb-4343-9004-9be15dfd844c,server/model/players/skills/Smithing.java,doaction,->,12acfc45-bdfb-4343-9004-9be15dfd844c,java/lang/StringBuilder.java,toString
12acfc45-bdfb-4343-9004-9be15dfd844c,server/model/players/skills/Smithing.java,doaction,->,12acfc45-bdfb-4343-9004-9be15dfd844c,server/model/players/Client.java,sendMessage
12acfc45-bdfb-4343-9004-9be15dfd844c,server/model/players/skills/Smithing.java,doaction,->,12acfc45-bdfb-4343-9004-9be15dfd844c,java/lang/StringBuilder.java,append
12acfc45-bdfb-4343-9004-9be15dfd844c,server/model/players/skills/Smithing.java,doaction,->,12acfc45-bdfb-4343-9004-9be15dfd844c,server/model/players/Client.java,getItems
12acfc45-bdfb-4343-9004-9be15dfd844c,server/model/players/skills/Smithing.java,doaction,->,12acfc45-bdfb-4343-9004-9be15dfd844c,server/model/items/ItemAssistant.java,getItemName
12acfc45-bdfb-4343-9004-9be15dfd844c,server/model/players/skills/Smithing.java,doaction,->,12acfc45-bdfb-4343-9004-9be15dfd844c,java/lang/StringBuilder.java,append
12acfc45-bdfb-4343-9004-9be15dfd844c,server/model/players/skills/Smithing.java,doaction,->,12acfc45-bdfb-4343-9004-9be15dfd844c,java/lang/StringBuilder.java,toString
12acfc45-bdfb-4343-9004-9be15dfd844c,server/model/players/skills/Smithing.java,doaction,->,12acfc45-bdfb-4343-9004-9be15dfd844c,server/model/players/Client.java,sendMessage
12acfc45-bdfb-4343-9004-9be15dfd844c,server/model/players/skills/Smithing.java,doaction,->,12acfc45-bdfb-4343-9004-9be15dfd844c,server/model/players/Client.java,getItems
12acfc45-bdfb-4343-9004-9be15dfd844c,server/model/players/skills/Smithing.java,doaction,->,12acfc45-bdfb-4343-9004-9be15dfd844c,server/model/items/ItemAssistant.java,playerHasItem
12acfc45-bdfb-4343-9004-9be15dfd844c,server/model/players/skills/Smithing.java,doaction,->,12acfc45-bdfb-4343-9004-9be15dfd844c,server/model/players/Client.java,getItems
12acfc45-bdfb-4343-9004-9be15dfd844c,server/model/players/skills/Smithing.java,doaction,->,12acfc45-bdfb-4343-9004-9be15dfd844c,server/model/items/ItemAssistant.java,deleteItem2
12acfc45-bdfb-4343-9004-9be15dfd844c,server/model/players/skills/Smithing.java,doaction,->,12acfc45-bdfb-4343-9004-9be15dfd844c,server/model/players/Client.java,getItems
12acfc45-bdfb-4343-9004-9be15dfd844c,server/model/players/skills/Smithing.java,doaction,->,12acfc45-bdfb-4343-9004-9be15dfd844c,server/model/items/ItemAssistant.java,getItemName
12acfc45-bdfb-4343-9004-9be15dfd844c,server/model/players/skills/Smithing.java,doaction,->,12acfc45-bdfb-4343-9004-9be15dfd844c,java/lang/String.java,contains
12acfc45-bdfb-4343-9004-9be15dfd844c,server/model/players/skills/Smithing.java,doaction,->,12acfc45-bdfb-4343-9004-9be15dfd844c,server/model/players/Client.java,getItems
12acfc45-bdfb-4343-9004-9be15dfd844c,server/model/players/skills/Smithing.java,doaction,->,12acfc45-bdfb-4343-9004-9be15dfd844c,server/model/items/ItemAssistant.java,addItem
12acfc45-bdfb-4343-9004-9be15dfd844c,server/model/players/skills/Smithing.java,doaction,->,12acfc45-bdfb-4343-9004-9be15dfd844c,server/model/players/Client.java,getItems
12acfc45-bdfb-4343-9004-9be15dfd844c,server/model/players/skills/Smithing.java,doaction,->,12acfc45-bdfb-4343-9004-9be15dfd844c,server/model/items/ItemAssistant.java,getItemName
12acfc45-bdfb-4343-9004-9be15dfd844c,server/model/players/skills/Smithing.java,doaction,->,12acfc45-bdfb-4343-9004-9be15dfd844c,java/lang/String.java,contains
12acfc45-bdfb-4343-9004-9be15dfd844c,server/model/players/skills/Smithing.java,doaction,->,12acfc45-bdfb-4343-9004-9be15dfd844c,server/model/players/Client.java,getItems
12acfc45-bdfb-4343-9004-9be15dfd844c,server/model/players/skills/Smithing.java,doaction,->,12acfc45-bdfb-4343-9004-9be15dfd844c,server/model/items/ItemAssistant.java,addItem
12acfc45-bdfb-4343-9004-9be15dfd844c,server/model/players/skills/Smithing.java,doaction,->,12acfc45-bdfb-4343-9004-9be15dfd844c,server/model/players/Client.java,getItems
12acfc45-bdfb-4343-9004-9be15dfd844c,server/model/players/skills/Smithing.java,doaction,->,12acfc45-bdfb-4343-9004-9be15dfd844c,server/model/items/ItemAssistant.java,getItemName
12acfc45-bdfb-4343-9004-9be15dfd844c,server/model/players/skills/Smithing.java,doaction,->,12acfc45-bdfb-4343-9004-9be15dfd844c,java/lang/String.java,contains
12acfc45-bdfb-4343-9004-9be15dfd844c,server/model/players/skills/Smithing.java,doaction,->,12acfc45-bdfb-4343-9004-9be15dfd844c,server/model/players/Client.java,getItems
12acfc45-bdfb-4343-9004-9be15dfd844c,server/model/players/skills/Smithing.java,doaction,->,12acfc45-bdfb-4343-9004-9be15dfd844c,server/model/items/ItemAssistant.java,addItem
12acfc45-bdfb-4343-9004-9be15dfd844c,server/model/players/skills/Smithing.java,doaction,->,12acfc45-bdfb-4343-9004-9be15dfd844c,server/model/players/Client.java,getItems
12acfc45-bdfb-4343-9004-9be15dfd844c,server/model/players/skills/Smithing.java,doaction,->,12acfc45-bdfb-4343-9004-9be15dfd844c,server/model/items/ItemAssistant.java,getItemName
12acfc45-bdfb-4343-9004-9be15dfd844c,server/model/players/skills/Smithing.java,doaction,->,12acfc45-bdfb-4343-9004-9be15dfd844c,java/lang/String.java,contains
12acfc45-bdfb-4343-9004-9be15dfd844c,server/model/players/skills/Smithing.java,doaction,->,12acfc45-bdfb-4343-9004-9be15dfd844c,server/model/players/Client.java,getItems
12acfc45-bdfb-4343-9004-9be15dfd844c,server/model/players/skills/Smithing.java,doaction,->,12acfc45-bdfb-4343-9004-9be15dfd844c,server/model/items/ItemAssistant.java,addItem
12acfc45-bdfb-4343-9004-9be15dfd844c,server/model/players/skills/Smithing.java,doaction,->,12acfc45-bdfb-4343-9004-9be15dfd844c,server/model/players/Client.java,getItems
12acfc45-bdfb-4343-9004-9be15dfd844c,server/model/players/skills/Smithing.java,doaction,->,12acfc45-bdfb-4343-9004-9be15dfd844c,server/model/items/ItemAssistant.java,getItemName
12acfc45-bdfb-4343-9004-9be15dfd844c,server/model/players/skills/Smithing.java,doaction,->,12acfc45-bdfb-4343-9004-9be15dfd844c,java/lang/String.java,contains
12acfc45-bdfb-4343-9004-9be15dfd844c,server/model/players/skills/Smithing.java,doaction,->,12acfc45-bdfb-4343-9004-9be15dfd844c,server/model/players/Client.java,getItems
12acfc45-bdfb-4343-9004-9be15dfd844c,server/model/players/skills/Smithing.java,doaction,->,12acfc45-bdfb-4343-9004-9be15dfd844c,server/model/items/ItemAssistant.java,addItem
12acfc45-bdfb-4343-9004-9be15dfd844c,server/model/players/skills/Smithing.java,doaction,->,12acfc45-bdfb-4343-9004-9be15dfd844c,server/model/players/Client.java,getItems
12acfc45-bdfb-4343-9004-9be15dfd844c,server/model/players/skills/Smithing.java,doaction,->,12acfc45-bdfb-4343-9004-9be15dfd844c,server/model/items/ItemAssistant.java,addItem
12acfc45-bdfb-4343-9004-9be15dfd844c,server/model/players/skills/Smithing.java,doaction,->,12acfc45-bdfb-4343-9004-9be15dfd844c,server/model/players/Client.java,getPA
12acfc45-bdfb-4343-9004-9be15dfd844c,server/model/players/skills/Smithing.java,doaction,->,12acfc45-bdfb-4343-9004-9be15dfd844c,991eb2a8-284a-4290-ae08-f54cf8834706,0955b7e8-1203-4e9d-8e85-6eeaf5af5ce5
12acfc45-bdfb-4343-9004-9be15dfd844c,server/model/players/skills/Smithing.java,doaction,->,12acfc45-bdfb-4343-9004-9be15dfd844c,server/model/players/Client.java,getPA
12acfc45-bdfb-4343-9004-9be15dfd844c,server/model/players/skills/Smithing.java,doaction,->,12acfc45-bdfb-4343-9004-9be15dfd844c,991eb2a8-284a-4290-ae08-f54cf8834706,cc581d00-f04e-4278-8aaf-0ecbd93e9b04
12acfc45-bdfb-4343-9004-9be15dfd844c,server/model/players/skills/Smithing.java,doaction,->,12acfc45-bdfb-4343-9004-9be15dfd844c,server/model/players/Client.java,sendMessage
12acfc45-bdfb-4343-9004-9be15dfd844c,server/model/players/skills/Fishing$1.java,execute,->,12acfc45-bdfb-4343-9004-9be15dfd844c,2c89cfe4-ed6d-446f-832b-3c203feb3155,12264cea-e176-47b1-b1bb-e3a14dc18d35
12acfc45-bdfb-4343-9004-9be15dfd844c,server/model/players/skills/Fishing$1.java,execute,->,12acfc45-bdfb-4343-9004-9be15dfd844c,java/lang/StringBuilder.java,append
12acfc45-bdfb-4343-9004-9be15dfd844c,server/model/players/skills/Fishing$1.java,execute,->,12acfc45-bdfb-4343-9004-9be15dfd844c,server/model/players/Client.java,getItems
12acfc45-bdfb-4343-9004-9be15dfd844c,server/model/players/skills/Fishing$1.java,execute,->,12acfc45-bdfb-4343-9004-9be15dfd844c,server/model/items/ItemAssistant.java,getItemName
12acfc45-bdfb-4343-9004-9be15dfd844c,server/model/players/skills/Fishing$1.java,execute,->,12acfc45-bdfb-4343-9004-9be15dfd844c,java/lang/StringBuilder.java,append
12acfc45-bdfb-4343-9004-9be15dfd844c,server/model/players/skills/Fishing$1.java,execute,->,12acfc45-bdfb-4343-9004-9be15dfd844c,java/lang/StringBuilder.java,append
12acfc45-bdfb-4343-9004-9be15dfd844c,server/model/players/skills/Fishing$1.java,execute,->,12acfc45-bdfb-4343-9004-9be15dfd844c,java/lang/StringBuilder.java,toString
12acfc45-bdfb-4343-9004-9be15dfd844c,server/model/players/skills/Fishing$1.java,execute,->,12acfc45-bdfb-4343-9004-9be15dfd844c,server/model/players/Client.java,sendMessage
12acfc45-bdfb-4343-9004-9be15dfd844c,server/model/players/skills/Fishing$1.java,execute,->,12acfc45-bdfb-4343-9004-9be15dfd844c,server/model/players/Client.java,getItems
12acfc45-bdfb-4343-9004-9be15dfd844c,server/model/players/skills/Fishing$1.java,execute,->,12acfc45-bdfb-4343-9004-9be15dfd844c,server/model/items/ItemAssistant.java,addItem
12acfc45-bdfb-4343-9004-9be15dfd844c,server/model/players/skills/Fishing$1.java,execute,->,12acfc45-bdfb-4343-9004-9be15dfd844c,server/model/players/Client.java,startAnimation
12acfc45-bdfb-4343-9004-9be15dfd844c,server/model/players/skills/Fishing$1.java,execute,->,12acfc45-bdfb-4343-9004-9be15dfd844c,server/model/players/Client.java,getPA
12acfc45-bdfb-4343-9004-9be15dfd844c,server/model/players/skills/Fishing$1.java,execute,->,12acfc45-bdfb-4343-9004-9be15dfd844c,991eb2a8-284a-4290-ae08-f54cf8834706,0955b7e8-1203-4e9d-8e85-6eeaf5af5ce5
12acfc45-bdfb-4343-9004-9be15dfd844c,server/model/players/skills/Fishing$1.java,execute,->,12acfc45-bdfb-4343-9004-9be15dfd844c,server/model/players/Client.java,getItems
12acfc45-bdfb-4343-9004-9be15dfd844c,server/model/players/skills/Fishing$1.java,execute,->,12acfc45-bdfb-4343-9004-9be15dfd844c,server/model/players/Client.java,getItems
12acfc45-bdfb-4343-9004-9be15dfd844c,server/model/players/skills/Fishing$1.java,execute,->,12acfc45-bdfb-4343-9004-9be15dfd844c,server/model/items/ItemAssistant.java,getItemSlot
12acfc45-bdfb-4343-9004-9be15dfd844c,server/model/players/skills/Fishing$1.java,execute,->,12acfc45-bdfb-4343-9004-9be15dfd844c,server/model/items/ItemAssistant.java,deleteItem
12acfc45-bdfb-4343-9004-9be15dfd844c,server/model/players/skills/Fishing$1.java,execute,->,12acfc45-bdfb-4343-9004-9be15dfd844c,server/model/players/Client.java,getItems
12acfc45-bdfb-4343-9004-9be15dfd844c,server/model/players/skills/Fishing$1.java,execute,->,12acfc45-bdfb-4343-9004-9be15dfd844c,server/model/items/ItemAssistant.java,playerHasItem
12acfc45-bdfb-4343-9004-9be15dfd844c,server/model/players/skills/Fishing$1.java,execute,->,12acfc45-bdfb-4343-9004-9be15dfd844c,java/lang/StringBuilder.java,append
12acfc45-bdfb-4343-9004-9be15dfd844c,server/model/players/skills/Fishing$1.java,execute,->,12acfc45-bdfb-4343-9004-9be15dfd844c,server/model/players/Client.java,getItems
12acfc45-bdfb-4343-9004-9be15dfd844c,server/model/players/skills/Fishing$1.java,execute,->,12acfc45-bdfb-4343-9004-9be15dfd844c,server/model/items/ItemAssistant.java,getItemName
12acfc45-bdfb-4343-9004-9be15dfd844c,server/model/players/skills/Fishing$1.java,execute,->,12acfc45-bdfb-4343-9004-9be15dfd844c,java/lang/StringBuilder.java,append
12acfc45-bdfb-4343-9004-9be15dfd844c,server/model/players/skills/Fishing$1.java,execute,->,12acfc45-bdfb-4343-9004-9be15dfd844c,java/lang/StringBuilder.java,append
12acfc45-bdfb-4343-9004-9be15dfd844c,server/model/players/skills/Fishing$1.java,execute,->,12acfc45-bdfb-4343-9004-9be15dfd844c,java/lang/StringBuilder.java,toString
12acfc45-bdfb-4343-9004-9be15dfd844c,server/model/players/skills/Fishing$1.java,execute,->,12acfc45-bdfb-4343-9004-9be15dfd844c,server/model/players/Client.java,sendMessage
12acfc45-bdfb-4343-9004-9be15dfd844c,server/model/players/skills/Fishing$1.java,execute,->,12acfc45-bdfb-4343-9004-9be15dfd844c,java/lang/StringBuilder.java,append
12acfc45-bdfb-4343-9004-9be15dfd844c,server/model/players/skills/Fishing$1.java,execute,->,12acfc45-bdfb-4343-9004-9be15dfd844c,server/model/players/Client.java,getItems
12acfc45-bdfb-4343-9004-9be15dfd844c,server/model/players/skills/Fishing$1.java,execute,->,12acfc45-bdfb-4343-9004-9be15dfd844c,server/model/items/ItemAssistant.java,getItemName
12acfc45-bdfb-4343-9004-9be15dfd844c,server/model/players/skills/Fishing$1.java,execute,->,12acfc45-bdfb-4343-9004-9be15dfd844c,java/lang/StringBuilder.java,append
12acfc45-bdfb-4343-9004-9be15dfd844c,server/model/players/skills/Fishing$1.java,execute,->,12acfc45-bdfb-4343-9004-9be15dfd844c,java/lang/StringBuilder.java,append
12acfc45-bdfb-4343-9004-9be15dfd844c,server/model/players/skills/Fishing$1.java,execute,->,12acfc45-bdfb-4343-9004-9be15dfd844c,java/lang/StringBuilder.java,toString
12acfc45-bdfb-4343-9004-9be15dfd844c,server/model/players/skills/Fishing$1.java,execute,->,12acfc45-bdfb-4343-9004-9be15dfd844c,server/model/players/Client.java,sendMessage
12acfc45-bdfb-4343-9004-9be15dfd844c,server/model/players/skills/Fishing$1.java,execute,->,12acfc45-bdfb-4343-9004-9be15dfd844c,6dd0c5db-72ba-4498-883f-a3c8c3333519,2c14e4eb-2b3e-4056-bf8e-5218f96f0ad5
12acfc45-bdfb-4343-9004-9be15dfd844c,server/model/players/skills/Fishing$1.java,execute,->,12acfc45-bdfb-4343-9004-9be15dfd844c,server/model/players/skills/Fishing.java,access$000
12acfc45-bdfb-4343-9004-9be15dfd844c,server/model/players/skills/Fishing$1.java,execute,->,12acfc45-bdfb-4343-9004-9be15dfd844c,6dd0c5db-72ba-4498-883f-a3c8c3333519,2c14e4eb-2b3e-4056-bf8e-5218f96f0ad5
12acfc45-bdfb-4343-9004-9be15dfd844c,server/model/players/skills/Fishing$1.java,execute,->,12acfc45-bdfb-4343-9004-9be15dfd844c,server/model/players/skills/SkillHandler.java,noInventorySpace
12acfc45-bdfb-4343-9004-9be15dfd844c,server/model/players/skills/Fishing$1.java,execute,->,12acfc45-bdfb-4343-9004-9be15dfd844c,6dd0c5db-72ba-4498-883f-a3c8c3333519,2c14e4eb-2b3e-4056-bf8e-5218f96f0ad5
12acfc45-bdfb-4343-9004-9be15dfd844c,server/model/players/skills/Fishing$1.java,execute,->,12acfc45-bdfb-4343-9004-9be15dfd844c,2c89cfe4-ed6d-446f-832b-3c203feb3155,12264cea-e176-47b1-b1bb-e3a14dc18d35
12acfc45-bdfb-4343-9004-9be15dfd844c,server/model/players/skills/Fishing$1.java,execute,->,12acfc45-bdfb-4343-9004-9be15dfd844c,6dd0c5db-72ba-4498-883f-a3c8c3333519,2c14e4eb-2b3e-4056-bf8e-5218f96f0ad5
12acfc45-bdfb-4343-9004-9be15dfd844c,server/model/players/skills/Fishing$1.java,execute,->,12acfc45-bdfb-4343-9004-9be15dfd844c,6dd0c5db-72ba-4498-883f-a3c8c3333519,2c14e4eb-2b3e-4056-bf8e-5218f96f0ad5
12acfc45-bdfb-4343-9004-9be15dfd844c,server/model/players/skills/Fishing$1.java,execute,->,12acfc45-bdfb-4343-9004-9be15dfd844c,6dd0c5db-72ba-4498-883f-a3c8c3333519,2c14e4eb-2b3e-4056-bf8e-5218f96f0ad5
12acfc45-bdfb-4343-9004-9be15dfd844c,server/model/players/skills/Fishing$1.java,stop,->,12acfc45-bdfb-4343-9004-9be15dfd844c,server/model/players/skills/Fishing.java,access$100
12acfc45-bdfb-4343-9004-9be15dfd844c,server/model/players/skills/Woodcutting$1.java,execute,->,12acfc45-bdfb-4343-9004-9be15dfd844c,server/model/players/Client.java,turnPlayerTo
12acfc45-bdfb-4343-9004-9be15dfd844c,server/model/players/skills/Woodcutting$1.java,execute,->,12acfc45-bdfb-4343-9004-9be15dfd844c,server/model/players/Client.java,getItems
12acfc45-bdfb-4343-9004-9be15dfd844c,server/model/players/skills/Woodcutting$1.java,execute,->,12acfc45-bdfb-4343-9004-9be15dfd844c,server/model/items/ItemAssistant.java,addItem
12acfc45-bdfb-4343-9004-9be15dfd844c,server/model/players/skills/Woodcutting$1.java,execute,->,12acfc45-bdfb-4343-9004-9be15dfd844c,server/model/players/Client.java,getPA
12acfc45-bdfb-4343-9004-9be15dfd844c,server/model/players/skills/Woodcutting$1.java,execute,->,12acfc45-bdfb-4343-9004-9be15dfd844c,991eb2a8-284a-4290-ae08-f54cf8834706,0955b7e8-1203-4e9d-8e85-6eeaf5af5ce5
12acfc45-bdfb-4343-9004-9be15dfd844c,server/model/players/skills/Woodcutting$1.java,execute,->,12acfc45-bdfb-4343-9004-9be15dfd844c,server/model/players/Client.java,sendMessage
12acfc45-bdfb-4343-9004-9be15dfd844c,server/model/players/skills/Woodcutting$1.java,execute,->,12acfc45-bdfb-4343-9004-9be15dfd844c,server/model/players/skills/SkillHandler.java,deleteTime
12acfc45-bdfb-4343-9004-9be15dfd844c,server/model/players/skills/Woodcutting$1.java,execute,->,12acfc45-bdfb-4343-9004-9be15dfd844c,server/model/players/skills/Woodcutting.java,access$000
12acfc45-bdfb-4343-9004-9be15dfd844c,server/model/players/skills/Woodcutting$1.java,execute,->,12acfc45-bdfb-4343-9004-9be15dfd844c,server/model/players/Client.java,sendMessage
12acfc45-bdfb-4343-9004-9be15dfd844c,server/model/players/skills/Woodcutting$1.java,execute,->,12acfc45-bdfb-4343-9004-9be15dfd844c,server/model/players/skills/Woodcutting.java,resetWoodcutting
12acfc45-bdfb-4343-9004-9be15dfd844c,server/model/players/skills/Woodcutting$1.java,execute,->,12acfc45-bdfb-4343-9004-9be15dfd844c,6dd0c5db-72ba-4498-883f-a3c8c3333519,2c14e4eb-2b3e-4056-bf8e-5218f96f0ad5
12acfc45-bdfb-4343-9004-9be15dfd844c,server/model/players/skills/Woodcutting$1.java,execute,->,12acfc45-bdfb-4343-9004-9be15dfd844c,server/model/players/skills/SkillHandler.java,noInventorySpace
12acfc45-bdfb-4343-9004-9be15dfd844c,server/model/players/skills/Woodcutting$1.java,execute,->,12acfc45-bdfb-4343-9004-9be15dfd844c,server/model/players/skills/Woodcutting.java,resetWoodcutting
12acfc45-bdfb-4343-9004-9be15dfd844c,server/model/players/skills/Woodcutting$1.java,execute,->,12acfc45-bdfb-4343-9004-9be15dfd844c,6dd0c5db-72ba-4498-883f-a3c8c3333519,2c14e4eb-2b3e-4056-bf8e-5218f96f0ad5
12acfc45-bdfb-4343-9004-9be15dfd844c,server/model/players/skills/Woodcutting$1.java,execute,->,12acfc45-bdfb-4343-9004-9be15dfd844c,server/model/players/skills/Woodcutting.java,resetWoodcutting
12acfc45-bdfb-4343-9004-9be15dfd844c,server/model/players/skills/Woodcutting$1.java,execute,->,12acfc45-bdfb-4343-9004-9be15dfd844c,6dd0c5db-72ba-4498-883f-a3c8c3333519,2c14e4eb-2b3e-4056-bf8e-5218f96f0ad5
12acfc45-bdfb-4343-9004-9be15dfd844c,server/model/players/skills/Woodcutting$1.java,execute,->,12acfc45-bdfb-4343-9004-9be15dfd844c,6dd0c5db-72ba-4498-883f-a3c8c3333519,2c14e4eb-2b3e-4056-bf8e-5218f96f0ad5
12acfc45-bdfb-4343-9004-9be15dfd844c,server/model/players/skills/Woodcutting$1.java,execute,->,12acfc45-bdfb-4343-9004-9be15dfd844c,server/model/players/skills/Woodcutting.java,access$100
12acfc45-bdfb-4343-9004-9be15dfd844c,server/model/players/skills/Woodcutting$1.java,execute,->,12acfc45-bdfb-4343-9004-9be15dfd844c,server/model/players/skills/Woodcutting.java,resetWoodcutting
12acfc45-bdfb-4343-9004-9be15dfd844c,server/model/players/skills/Woodcutting$1.java,execute,->,12acfc45-bdfb-4343-9004-9be15dfd844c,6dd0c5db-72ba-4498-883f-a3c8c3333519,2c14e4eb-2b3e-4056-bf8e-5218f96f0ad5
12acfc45-bdfb-4343-9004-9be15dfd844c,server/model/players/skills/Crafting.java,handleChisel,->,12acfc45-bdfb-4343-9004-9be15dfd844c,server/model/players/skills/Crafting.java,cutGem
12acfc45-bdfb-4343-9004-9be15dfd844c,server/model/players/skills/Crafting.java,handleChisel,->,12acfc45-bdfb-4343-9004-9be15dfd844c,server/model/players/skills/Crafting.java,cutGem
12acfc45-bdfb-4343-9004-9be15dfd844c,server/model/players/skills/Crafting.java,cutGem,->,12acfc45-bdfb-4343-9004-9be15dfd844c,server/model/players/Client.java,getItems
12acfc45-bdfb-4343-9004-9be15dfd844c,server/model/players/skills/Crafting.java,cutGem,->,12acfc45-bdfb-4343-9004-9be15dfd844c,server/model/players/Client.java,getItems
12acfc45-bdfb-4343-9004-9be15dfd844c,server/model/players/skills/Crafting.java,cutGem,->,12acfc45-bdfb-4343-9004-9be15dfd844c,server/model/items/ItemAssistant.java,getItemSlot
12acfc45-bdfb-4343-9004-9be15dfd844c,server/model/players/skills/Crafting.java,cutGem,->,12acfc45-bdfb-4343-9004-9be15dfd844c,server/model/items/ItemAssistant.java,deleteItem
12acfc45-bdfb-4343-9004-9be15dfd844c,server/model/players/skills/Crafting.java,cutGem,->,12acfc45-bdfb-4343-9004-9be15dfd844c,server/model/players/Client.java,getItems
12acfc45-bdfb-4343-9004-9be15dfd844c,server/model/players/skills/Crafting.java,cutGem,->,12acfc45-bdfb-4343-9004-9be15dfd844c,server/model/items/ItemAssistant.java,addItem
12acfc45-bdfb-4343-9004-9be15dfd844c,server/model/players/skills/Crafting.java,cutGem,->,12acfc45-bdfb-4343-9004-9be15dfd844c,server/model/players/Client.java,getPA
12acfc45-bdfb-4343-9004-9be15dfd844c,server/model/players/skills/Crafting.java,cutGem,->,12acfc45-bdfb-4343-9004-9be15dfd844c,991eb2a8-284a-4290-ae08-f54cf8834706,0955b7e8-1203-4e9d-8e85-6eeaf5af5ce5
12acfc45-bdfb-4343-9004-9be15dfd844c,server/model/players/skills/Crafting.java,handleCraftingClick,->,12acfc45-bdfb-4343-9004-9be15dfd844c,server/model/players/skills/Crafting.java,checkRequirements
12acfc45-bdfb-4343-9004-9be15dfd844c,server/model/players/skills/Crafting.java,checkRequirements,->,12acfc45-bdfb-4343-9004-9be15dfd844c,server/model/players/Client.java,getItems
12acfc45-bdfb-4343-9004-9be15dfd844c,server/model/players/skills/Crafting.java,checkRequirements,->,12acfc45-bdfb-4343-9004-9be15dfd844c,server/model/items/ItemAssistant.java,playerHasItem
12acfc45-bdfb-4343-9004-9be15dfd844c,server/model/players/skills/Crafting.java,checkRequirements,->,12acfc45-bdfb-4343-9004-9be15dfd844c,server/model/players/Client.java,getPA
12acfc45-bdfb-4343-9004-9be15dfd844c,server/model/players/skills/Crafting.java,checkRequirements,->,12acfc45-bdfb-4343-9004-9be15dfd844c,991eb2a8-284a-4290-ae08-f54cf8834706,1f7845fa-db07-4b23-bcc9-ed7fd4f9ca8b
12acfc45-bdfb-4343-9004-9be15dfd844c,server/model/players/skills/Crafting.java,checkRequirements,->,12acfc45-bdfb-4343-9004-9be15dfd844c,server/model/players/skills/Crafting.java,craftHides
12acfc45-bdfb-4343-9004-9be15dfd844c,server/model/players/skills/Crafting.java,checkRequirements,->,12acfc45-bdfb-4343-9004-9be15dfd844c,java/lang/StringBuilder.java,append
12acfc45-bdfb-4343-9004-9be15dfd844c,server/model/players/skills/Crafting.java,checkRequirements,->,12acfc45-bdfb-4343-9004-9be15dfd844c,java/lang/StringBuilder.java,append
12acfc45-bdfb-4343-9004-9be15dfd844c,server/model/players/skills/Crafting.java,checkRequirements,->,12acfc45-bdfb-4343-9004-9be15dfd844c,java/lang/StringBuilder.java,append
12acfc45-bdfb-4343-9004-9be15dfd844c,server/model/players/skills/Crafting.java,checkRequirements,->,12acfc45-bdfb-4343-9004-9be15dfd844c,java/lang/StringBuilder.java,toString
12acfc45-bdfb-4343-9004-9be15dfd844c,server/model/players/skills/Crafting.java,checkRequirements,->,12acfc45-bdfb-4343-9004-9be15dfd844c,server/model/players/Client.java,sendMessage
12acfc45-bdfb-4343-9004-9be15dfd844c,server/model/players/skills/Crafting.java,craftHides,->,12acfc45-bdfb-4343-9004-9be15dfd844c,server/model/players/Client.java,getItems
12acfc45-bdfb-4343-9004-9be15dfd844c,server/model/players/skills/Crafting.java,craftHides,->,12acfc45-bdfb-4343-9004-9be15dfd844c,server/model/items/ItemAssistant.java,playerHasItem
12acfc45-bdfb-4343-9004-9be15dfd844c,server/model/players/skills/Crafting.java,craftHides,->,12acfc45-bdfb-4343-9004-9be15dfd844c,server/model/players/Client.java,getItems
12acfc45-bdfb-4343-9004-9be15dfd844c,server/model/players/skills/Crafting.java,craftHides,->,12acfc45-bdfb-4343-9004-9be15dfd844c,server/model/items/ItemAssistant.java,deleteItem
12acfc45-bdfb-4343-9004-9be15dfd844c,server/model/players/skills/Crafting.java,craftHides,->,12acfc45-bdfb-4343-9004-9be15dfd844c,server/model/players/skills/Crafting.java,getItemToAdd
12acfc45-bdfb-4343-9004-9be15dfd844c,server/model/players/skills/Crafting.java,craftHides,->,12acfc45-bdfb-4343-9004-9be15dfd844c,server/model/players/Client.java,getItems
12acfc45-bdfb-4343-9004-9be15dfd844c,server/model/players/skills/Crafting.java,craftHides,->,12acfc45-bdfb-4343-9004-9be15dfd844c,server/model/players/skills/Crafting.java,getItemToAdd
12acfc45-bdfb-4343-9004-9be15dfd844c,server/model/players/skills/Crafting.java,craftHides,->,12acfc45-bdfb-4343-9004-9be15dfd844c,server/model/items/ItemAssistant.java,addItem
12acfc45-bdfb-4343-9004-9be15dfd844c,server/model/players/skills/Crafting.java,craftHides,->,12acfc45-bdfb-4343-9004-9be15dfd844c,server/model/players/Client.java,getPA
12acfc45-bdfb-4343-9004-9be15dfd844c,server/model/players/skills/Crafting.java,craftHides,->,12acfc45-bdfb-4343-9004-9be15dfd844c,991eb2a8-284a-4290-ae08-f54cf8834706,0955b7e8-1203-4e9d-8e85-6eeaf5af5ce5
12acfc45-bdfb-4343-9004-9be15dfd844c,server/model/players/skills/Crafting.java,craftHides,->,12acfc45-bdfb-4343-9004-9be15dfd844c,server/model/players/skills/Crafting.java,resetCrafting
12acfc45-bdfb-4343-9004-9be15dfd844c,server/model/players/skills/Crafting.java,handleLeather,->,12acfc45-bdfb-4343-9004-9be15dfd844c,server/model/players/skills/Crafting.java,openLeather
12acfc45-bdfb-4343-9004-9be15dfd844c,server/model/players/skills/Crafting.java,handleLeather,->,12acfc45-bdfb-4343-9004-9be15dfd844c,server/model/players/skills/Crafting.java,openLeather
12acfc45-bdfb-4343-9004-9be15dfd844c,server/model/players/skills/Crafting.java,openLeather,->,12acfc45-bdfb-4343-9004-9be15dfd844c,server/model/players/Client.java,getPA
12acfc45-bdfb-4343-9004-9be15dfd844c,server/model/players/skills/Crafting.java,openLeather,->,12acfc45-bdfb-4343-9004-9be15dfd844c,991eb2a8-284a-4290-ae08-f54cf8834706,fbacd858-15ac-4dfb-b5c1-9851ae733165
12acfc45-bdfb-4343-9004-9be15dfd844c,server/model/players/skills/Crafting.java,openLeather,->,12acfc45-bdfb-4343-9004-9be15dfd844c,server/model/players/Client.java,getPA
12acfc45-bdfb-4343-9004-9be15dfd844c,server/model/players/skills/Crafting.java,openLeather,->,12acfc45-bdfb-4343-9004-9be15dfd844c,991eb2a8-284a-4290-ae08-f54cf8834706,609517a1-3a8b-4bd9-8623-3cae47c33a17
12acfc45-bdfb-4343-9004-9be15dfd844c,server/model/players/skills/Crafting.java,openLeather,->,12acfc45-bdfb-4343-9004-9be15dfd844c,server/model/players/Client.java,getPA
12acfc45-bdfb-4343-9004-9be15dfd844c,server/model/players/skills/Crafting.java,openLeather,->,12acfc45-bdfb-4343-9004-9be15dfd844c,991eb2a8-284a-4290-ae08-f54cf8834706,45af8ce2-073f-4550-b281-9a9492802196
12acfc45-bdfb-4343-9004-9be15dfd844c,server/model/players/skills/Crafting.java,openLeather,->,12acfc45-bdfb-4343-9004-9be15dfd844c,server/model/players/Client.java,getPA
12acfc45-bdfb-4343-9004-9be15dfd844c,server/model/players/skills/Crafting.java,openLeather,->,12acfc45-bdfb-4343-9004-9be15dfd844c,991eb2a8-284a-4290-ae08-f54cf8834706,45af8ce2-073f-4550-b281-9a9492802196
12acfc45-bdfb-4343-9004-9be15dfd844c,server/model/players/skills/Crafting.java,openLeather,->,12acfc45-bdfb-4343-9004-9be15dfd844c,server/model/players/Client.java,getPA
12acfc45-bdfb-4343-9004-9be15dfd844c,server/model/players/skills/Crafting.java,openLeather,->,12acfc45-bdfb-4343-9004-9be15dfd844c,991eb2a8-284a-4290-ae08-f54cf8834706,45af8ce2-073f-4550-b281-9a9492802196
12acfc45-bdfb-4343-9004-9be15dfd844c,server/model/players/skills/Crafting.java,openLeather,->,12acfc45-bdfb-4343-9004-9be15dfd844c,server/model/players/Client.java,getPA
12acfc45-bdfb-4343-9004-9be15dfd844c,server/model/players/skills/Crafting.java,openLeather,->,12acfc45-bdfb-4343-9004-9be15dfd844c,991eb2a8-284a-4290-ae08-f54cf8834706,609517a1-3a8b-4bd9-8623-3cae47c33a17
12acfc45-bdfb-4343-9004-9be15dfd844c,server/model/players/skills/Crafting.java,openLeather,->,12acfc45-bdfb-4343-9004-9be15dfd844c,server/model/players/Client.java,getPA
12acfc45-bdfb-4343-9004-9be15dfd844c,server/model/players/skills/Crafting.java,openLeather,->,12acfc45-bdfb-4343-9004-9be15dfd844c,991eb2a8-284a-4290-ae08-f54cf8834706,609517a1-3a8b-4bd9-8623-3cae47c33a17
12acfc45-bdfb-4343-9004-9be15dfd844c,server/model/players/skills/Crafting.java,openLeather,->,12acfc45-bdfb-4343-9004-9be15dfd844c,server/model/players/Client.java,getPA
12acfc45-bdfb-4343-9004-9be15dfd844c,server/model/players/skills/Crafting.java,openLeather,->,12acfc45-bdfb-4343-9004-9be15dfd844c,991eb2a8-284a-4290-ae08-f54cf8834706,609517a1-3a8b-4bd9-8623-3cae47c33a17
12acfc45-bdfb-4343-9004-9be15dfd844c,server/model/players/skills/Crafting.java,openLeather,->,12acfc45-bdfb-4343-9004-9be15dfd844c,server/model/players/Client.java,getPA
12acfc45-bdfb-4343-9004-9be15dfd844c,server/model/players/skills/Crafting.java,openLeather,->,12acfc45-bdfb-4343-9004-9be15dfd844c,991eb2a8-284a-4290-ae08-f54cf8834706,fbacd858-15ac-4dfb-b5c1-9851ae733165
12acfc45-bdfb-4343-9004-9be15dfd844c,server/model/players/skills/Crafting.java,openLeather,->,12acfc45-bdfb-4343-9004-9be15dfd844c,server/model/players/Client.java,getPA
12acfc45-bdfb-4343-9004-9be15dfd844c,server/model/players/skills/Crafting.java,openLeather,->,12acfc45-bdfb-4343-9004-9be15dfd844c,991eb2a8-284a-4290-ae08-f54cf8834706,609517a1-3a8b-4bd9-8623-3cae47c33a17
12acfc45-bdfb-4343-9004-9be15dfd844c,server/model/players/skills/Crafting.java,openLeather,->,12acfc45-bdfb-4343-9004-9be15dfd844c,server/model/players/Client.java,getPA
12acfc45-bdfb-4343-9004-9be15dfd844c,server/model/players/skills/Crafting.java,openLeather,->,12acfc45-bdfb-4343-9004-9be15dfd844c,991eb2a8-284a-4290-ae08-f54cf8834706,45af8ce2-073f-4550-b281-9a9492802196
12acfc45-bdfb-4343-9004-9be15dfd844c,server/model/players/skills/Crafting.java,openLeather,->,12acfc45-bdfb-4343-9004-9be15dfd844c,server/model/players/Client.java,getPA
12acfc45-bdfb-4343-9004-9be15dfd844c,server/model/players/skills/Crafting.java,openLeather,->,12acfc45-bdfb-4343-9004-9be15dfd844c,991eb2a8-284a-4290-ae08-f54cf8834706,45af8ce2-073f-4550-b281-9a9492802196
12acfc45-bdfb-4343-9004-9be15dfd844c,server/model/players/skills/Crafting.java,openLeather,->,12acfc45-bdfb-4343-9004-9be15dfd844c,server/model/players/Client.java,getPA
12acfc45-bdfb-4343-9004-9be15dfd844c,server/model/players/skills/Crafting.java,openLeather,->,12acfc45-bdfb-4343-9004-9be15dfd844c,991eb2a8-284a-4290-ae08-f54cf8834706,45af8ce2-073f-4550-b281-9a9492802196
12acfc45-bdfb-4343-9004-9be15dfd844c,server/model/players/skills/Crafting.java,openLeather,->,12acfc45-bdfb-4343-9004-9be15dfd844c,server/model/players/Client.java,getPA
12acfc45-bdfb-4343-9004-9be15dfd844c,server/model/players/skills/Crafting.java,openLeather,->,12acfc45-bdfb-4343-9004-9be15dfd844c,991eb2a8-284a-4290-ae08-f54cf8834706,609517a1-3a8b-4bd9-8623-3cae47c33a17
12acfc45-bdfb-4343-9004-9be15dfd844c,server/model/players/skills/Crafting.java,openLeather,->,12acfc45-bdfb-4343-9004-9be15dfd844c,server/model/players/Client.java,getPA
12acfc45-bdfb-4343-9004-9be15dfd844c,server/model/players/skills/Crafting.java,openLeather,->,12acfc45-bdfb-4343-9004-9be15dfd844c,991eb2a8-284a-4290-ae08-f54cf8834706,609517a1-3a8b-4bd9-8623-3cae47c33a17
12acfc45-bdfb-4343-9004-9be15dfd844c,server/model/players/skills/Crafting.java,openLeather,->,12acfc45-bdfb-4343-9004-9be15dfd844c,server/model/players/Client.java,getPA
12acfc45-bdfb-4343-9004-9be15dfd844c,server/model/players/skills/Crafting.java,openLeather,->,12acfc45-bdfb-4343-9004-9be15dfd844c,991eb2a8-284a-4290-ae08-f54cf8834706,609517a1-3a8b-4bd9-8623-3cae47c33a17
12acfc45-bdfb-4343-9004-9be15dfd844c,server/model/players/skills/Crafting.java,openLeather,->,12acfc45-bdfb-4343-9004-9be15dfd844c,server/model/players/Client.java,getPA
12acfc45-bdfb-4343-9004-9be15dfd844c,server/model/players/skills/Crafting.java,openLeather,->,12acfc45-bdfb-4343-9004-9be15dfd844c,991eb2a8-284a-4290-ae08-f54cf8834706,fbacd858-15ac-4dfb-b5c1-9851ae733165
12acfc45-bdfb-4343-9004-9be15dfd844c,server/model/players/skills/Crafting.java,openLeather,->,12acfc45-bdfb-4343-9004-9be15dfd844c,server/model/players/Client.java,getPA
12acfc45-bdfb-4343-9004-9be15dfd844c,server/model/players/skills/Crafting.java,openLeather,->,12acfc45-bdfb-4343-9004-9be15dfd844c,991eb2a8-284a-4290-ae08-f54cf8834706,609517a1-3a8b-4bd9-8623-3cae47c33a17
12acfc45-bdfb-4343-9004-9be15dfd844c,server/model/players/skills/Crafting.java,openLeather,->,12acfc45-bdfb-4343-9004-9be15dfd844c,server/model/players/Client.java,getPA
12acfc45-bdfb-4343-9004-9be15dfd844c,server/model/players/skills/Crafting.java,openLeather,->,12acfc45-bdfb-4343-9004-9be15dfd844c,991eb2a8-284a-4290-ae08-f54cf8834706,45af8ce2-073f-4550-b281-9a9492802196
12acfc45-bdfb-4343-9004-9be15dfd844c,server/model/players/skills/Crafting.java,openLeather,->,12acfc45-bdfb-4343-9004-9be15dfd844c,server/model/players/Client.java,getPA
12acfc45-bdfb-4343-9004-9be15dfd844c,server/model/players/skills/Crafting.java,openLeather,->,12acfc45-bdfb-4343-9004-9be15dfd844c,991eb2a8-284a-4290-ae08-f54cf8834706,45af8ce2-073f-4550-b281-9a9492802196
12acfc45-bdfb-4343-9004-9be15dfd844c,server/model/players/skills/Crafting.java,openLeather,->,12acfc45-bdfb-4343-9004-9be15dfd844c,server/model/players/Client.java,getPA
12acfc45-bdfb-4343-9004-9be15dfd844c,server/model/players/skills/Crafting.java,openLeather,->,12acfc45-bdfb-4343-9004-9be15dfd844c,991eb2a8-284a-4290-ae08-f54cf8834706,45af8ce2-073f-4550-b281-9a9492802196
12acfc45-bdfb-4343-9004-9be15dfd844c,server/model/players/skills/Crafting.java,openLeather,->,12acfc45-bdfb-4343-9004-9be15dfd844c,server/model/players/Client.java,getPA
12acfc45-bdfb-4343-9004-9be15dfd844c,server/model/players/skills/Crafting.java,openLeather,->,12acfc45-bdfb-4343-9004-9be15dfd844c,991eb2a8-284a-4290-ae08-f54cf8834706,609517a1-3a8b-4bd9-8623-3cae47c33a17
12acfc45-bdfb-4343-9004-9be15dfd844c,server/model/players/skills/Crafting.java,openLeather,->,12acfc45-bdfb-4343-9004-9be15dfd844c,server/model/players/Client.java,getPA
12acfc45-bdfb-4343-9004-9be15dfd844c,server/model/players/skills/Crafting.java,openLeather,->,12acfc45-bdfb-4343-9004-9be15dfd844c,991eb2a8-284a-4290-ae08-f54cf8834706,609517a1-3a8b-4bd9-8623-3cae47c33a17
12acfc45-bdfb-4343-9004-9be15dfd844c,server/model/players/skills/Crafting.java,openLeather,->,12acfc45-bdfb-4343-9004-9be15dfd844c,server/model/players/Client.java,getPA
12acfc45-bdfb-4343-9004-9be15dfd844c,server/model/players/skills/Crafting.java,openLeather,->,12acfc45-bdfb-4343-9004-9be15dfd844c,991eb2a8-284a-4290-ae08-f54cf8834706,609517a1-3a8b-4bd9-8623-3cae47c33a17
12acfc45-bdfb-4343-9004-9be15dfd844c,server/model/players/skills/Crafting.java,openLeather,->,12acfc45-bdfb-4343-9004-9be15dfd844c,server/model/players/Client.java,getPA
12acfc45-bdfb-4343-9004-9be15dfd844c,server/model/players/skills/Crafting.java,openLeather,->,12acfc45-bdfb-4343-9004-9be15dfd844c,991eb2a8-284a-4290-ae08-f54cf8834706,fbacd858-15ac-4dfb-b5c1-9851ae733165
12acfc45-bdfb-4343-9004-9be15dfd844c,server/model/players/skills/Crafting.java,openLeather,->,12acfc45-bdfb-4343-9004-9be15dfd844c,server/model/players/Client.java,getPA
12acfc45-bdfb-4343-9004-9be15dfd844c,server/model/players/skills/Crafting.java,openLeather,->,12acfc45-bdfb-4343-9004-9be15dfd844c,991eb2a8-284a-4290-ae08-f54cf8834706,609517a1-3a8b-4bd9-8623-3cae47c33a17
12acfc45-bdfb-4343-9004-9be15dfd844c,server/model/players/skills/Crafting.java,openLeather,->,12acfc45-bdfb-4343-9004-9be15dfd844c,server/model/players/Client.java,getPA
12acfc45-bdfb-4343-9004-9be15dfd844c,server/model/players/skills/Crafting.java,openLeather,->,12acfc45-bdfb-4343-9004-9be15dfd844c,991eb2a8-284a-4290-ae08-f54cf8834706,45af8ce2-073f-4550-b281-9a9492802196
12acfc45-bdfb-4343-9004-9be15dfd844c,server/model/players/skills/Crafting.java,openLeather,->,12acfc45-bdfb-4343-9004-9be15dfd844c,server/model/players/Client.java,getPA
12acfc45-bdfb-4343-9004-9be15dfd844c,server/model/players/skills/Crafting.java,openLeather,->,12acfc45-bdfb-4343-9004-9be15dfd844c,991eb2a8-284a-4290-ae08-f54cf8834706,45af8ce2-073f-4550-b281-9a9492802196
12acfc45-bdfb-4343-9004-9be15dfd844c,server/model/players/skills/Crafting.java,openLeather,->,12acfc45-bdfb-4343-9004-9be15dfd844c,server/model/players/Client.java,getPA
12acfc45-bdfb-4343-9004-9be15dfd844c,server/model/players/skills/Crafting.java,openLeather,->,12acfc45-bdfb-4343-9004-9be15dfd844c,991eb2a8-284a-4290-ae08-f54cf8834706,45af8ce2-073f-4550-b281-9a9492802196
12acfc45-bdfb-4343-9004-9be15dfd844c,server/model/players/skills/Crafting.java,openLeather,->,12acfc45-bdfb-4343-9004-9be15dfd844c,server/model/players/Client.java,getPA
12acfc45-bdfb-4343-9004-9be15dfd844c,server/model/players/skills/Crafting.java,openLeather,->,12acfc45-bdfb-4343-9004-9be15dfd844c,991eb2a8-284a-4290-ae08-f54cf8834706,609517a1-3a8b-4bd9-8623-3cae47c33a17
12acfc45-bdfb-4343-9004-9be15dfd844c,server/model/players/skills/Crafting.java,openLeather,->,12acfc45-bdfb-4343-9004-9be15dfd844c,server/model/players/Client.java,getPA
12acfc45-bdfb-4343-9004-9be15dfd844c,server/model/players/skills/Crafting.java,openLeather,->,12acfc45-bdfb-4343-9004-9be15dfd844c,991eb2a8-284a-4290-ae08-f54cf8834706,609517a1-3a8b-4bd9-8623-3cae47c33a17
12acfc45-bdfb-4343-9004-9be15dfd844c,server/model/players/skills/Crafting.java,openLeather,->,12acfc45-bdfb-4343-9004-9be15dfd844c,server/model/players/Client.java,getPA
12acfc45-bdfb-4343-9004-9be15dfd844c,server/model/players/skills/Crafting.java,openLeather,->,12acfc45-bdfb-4343-9004-9be15dfd844c,991eb2a8-284a-4290-ae08-f54cf8834706,609517a1-3a8b-4bd9-8623-3cae47c33a17
12acfc45-bdfb-4343-9004-9be15dfd844c,server/model/players/skills/LeatherMaking$1.java,execute,->,12acfc45-bdfb-4343-9004-9be15dfd844c,server/model/players/Client.java,getItems
12acfc45-bdfb-4343-9004-9be15dfd844c,server/model/players/skills/LeatherMaking$1.java,execute,->,12acfc45-bdfb-4343-9004-9be15dfd844c,server/model/items/ItemAssistant.java,playerHasItem
12acfc45-bdfb-4343-9004-9be15dfd844c,server/model/players/skills/LeatherMaking$1.java,execute,->,12acfc45-bdfb-4343-9004-9be15dfd844c,server/model/players/Client.java,sendMessage
12acfc45-bdfb-4343-9004-9be15dfd844c,server/model/players/skills/LeatherMaking$1.java,execute,->,12acfc45-bdfb-4343-9004-9be15dfd844c,6dd0c5db-72ba-4498-883f-a3c8c3333519,2c14e4eb-2b3e-4056-bf8e-5218f96f0ad5
12acfc45-bdfb-4343-9004-9be15dfd844c,server/model/players/skills/LeatherMaking$1.java,execute,->,12acfc45-bdfb-4343-9004-9be15dfd844c,server/model/players/Client.java,getItems
12acfc45-bdfb-4343-9004-9be15dfd844c,server/model/players/skills/LeatherMaking$1.java,execute,->,12acfc45-bdfb-4343-9004-9be15dfd844c,server/model/players/skills/CraftingData$leatherData.java,getHideAmount
12acfc45-bdfb-4343-9004-9be15dfd844c,server/model/players/skills/LeatherMaking$1.java,execute,->,12acfc45-bdfb-4343-9004-9be15dfd844c,server/model/items/ItemAssistant.java,playerHasItem
12acfc45-bdfb-4343-9004-9be15dfd844c,server/model/players/skills/LeatherMaking$1.java,execute,->,12acfc45-bdfb-4343-9004-9be15dfd844c,server/model/players/Client.java,sendMessage
12acfc45-bdfb-4343-9004-9be15dfd844c,server/model/players/skills/LeatherMaking$1.java,execute,->,12acfc45-bdfb-4343-9004-9be15dfd844c,6dd0c5db-72ba-4498-883f-a3c8c3333519,2c14e4eb-2b3e-4056-bf8e-5218f96f0ad5
12acfc45-bdfb-4343-9004-9be15dfd844c,server/model/players/skills/LeatherMaking$1.java,execute,->,12acfc45-bdfb-4343-9004-9be15dfd844c,server/model/players/skills/LeatherMaking.java,access$000
12acfc45-bdfb-4343-9004-9be15dfd844c,server/model/players/skills/LeatherMaking$1.java,execute,->,12acfc45-bdfb-4343-9004-9be15dfd844c,6dd0c5db-72ba-4498-883f-a3c8c3333519,2c14e4eb-2b3e-4056-bf8e-5218f96f0ad5
12acfc45-bdfb-4343-9004-9be15dfd844c,server/model/players/skills/LeatherMaking$1.java,execute,->,12acfc45-bdfb-4343-9004-9be15dfd844c,server/model/players/Client.java,getItems
12acfc45-bdfb-4343-9004-9be15dfd844c,server/model/players/skills/LeatherMaking$1.java,execute,->,12acfc45-bdfb-4343-9004-9be15dfd844c,server/model/players/Client.java,getItems
12acfc45-bdfb-4343-9004-9be15dfd844c,server/model/players/skills/LeatherMaking$1.java,execute,->,12acfc45-bdfb-4343-9004-9be15dfd844c,server/model/items/ItemAssistant.java,getItemSlot
12acfc45-bdfb-4343-9004-9be15dfd844c,server/model/players/skills/LeatherMaking$1.java,execute,->,12acfc45-bdfb-4343-9004-9be15dfd844c,server/model/items/ItemAssistant.java,deleteItem
12acfc45-bdfb-4343-9004-9be15dfd844c,server/model/players/skills/LeatherMaking$1.java,execute,->,12acfc45-bdfb-4343-9004-9be15dfd844c,server/model/players/Client.java,getItems
12acfc45-bdfb-4343-9004-9be15dfd844c,server/model/players/skills/LeatherMaking$1.java,execute,->,12acfc45-bdfb-4343-9004-9be15dfd844c,server/model/players/skills/CraftingData$leatherData.java,getHideAmount
12acfc45-bdfb-4343-9004-9be15dfd844c,server/model/players/skills/LeatherMaking$1.java,execute,->,12acfc45-bdfb-4343-9004-9be15dfd844c,server/model/items/ItemAssistant.java,deleteItem
12acfc45-bdfb-4343-9004-9be15dfd844c,server/model/players/skills/LeatherMaking$1.java,execute,->,12acfc45-bdfb-4343-9004-9be15dfd844c,server/model/players/Client.java,getItems
12acfc45-bdfb-4343-9004-9be15dfd844c,server/model/players/skills/LeatherMaking$1.java,execute,->,12acfc45-bdfb-4343-9004-9be15dfd844c,server/model/players/skills/CraftingData$leatherData.java,getProduct
12acfc45-bdfb-4343-9004-9be15dfd844c,server/model/players/skills/LeatherMaking$1.java,execute,->,12acfc45-bdfb-4343-9004-9be15dfd844c,server/model/items/ItemAssistant.java,addItem
12acfc45-bdfb-4343-9004-9be15dfd844c,server/model/players/skills/LeatherMaking$1.java,execute,->,12acfc45-bdfb-4343-9004-9be15dfd844c,java/lang/StringBuilder.java,append
12acfc45-bdfb-4343-9004-9be15dfd844c,server/model/players/skills/LeatherMaking$1.java,execute,->,12acfc45-bdfb-4343-9004-9be15dfd844c,server/model/players/Client.java,getItems
12acfc45-bdfb-4343-9004-9be15dfd844c,server/model/players/skills/LeatherMaking$1.java,execute,->,12acfc45-bdfb-4343-9004-9be15dfd844c,server/model/players/skills/CraftingData$leatherData.java,getProduct
12acfc45-bdfb-4343-9004-9be15dfd844c,server/model/players/skills/LeatherMaking$1.java,execute,->,12acfc45-bdfb-4343-9004-9be15dfd844c,server/model/items/ItemAssistant.java,getItemName
12acfc45-bdfb-4343-9004-9be15dfd844c,server/model/players/skills/LeatherMaking$1.java,execute,->,12acfc45-bdfb-4343-9004-9be15dfd844c,java/lang/String.java,contains
12acfc45-bdfb-4343-9004-9be15dfd844c,server/model/players/skills/LeatherMaking$1.java,execute,->,12acfc45-bdfb-4343-9004-9be15dfd844c,java/lang/StringBuilder.java,append
12acfc45-bdfb-4343-9004-9be15dfd844c,server/model/players/skills/LeatherMaking$1.java,execute,->,12acfc45-bdfb-4343-9004-9be15dfd844c,java/lang/StringBuilder.java,append
12acfc45-bdfb-4343-9004-9be15dfd844c,server/model/players/skills/LeatherMaking$1.java,execute,->,12acfc45-bdfb-4343-9004-9be15dfd844c,server/model/players/Client.java,getItems
12acfc45-bdfb-4343-9004-9be15dfd844c,server/model/players/skills/LeatherMaking$1.java,execute,->,12acfc45-bdfb-4343-9004-9be15dfd844c,server/model/players/skills/CraftingData$leatherData.java,getProduct
12acfc45-bdfb-4343-9004-9be15dfd844c,server/model/players/skills/LeatherMaking$1.java,execute,->,12acfc45-bdfb-4343-9004-9be15dfd844c,server/model/items/ItemAssistant.java,getItemName
12acfc45-bdfb-4343-9004-9be15dfd844c,server/model/players/skills/LeatherMaking$1.java,execute,->,12acfc45-bdfb-4343-9004-9be15dfd844c,java/lang/StringBuilder.java,append
12acfc45-bdfb-4343-9004-9be15dfd844c,server/model/players/skills/LeatherMaking$1.java,execute,->,12acfc45-bdfb-4343-9004-9be15dfd844c,java/lang/StringBuilder.java,append
12acfc45-bdfb-4343-9004-9be15dfd844c,server/model/players/skills/LeatherMaking$1.java,execute,->,12acfc45-bdfb-4343-9004-9be15dfd844c,java/lang/StringBuilder.java,toString
12acfc45-bdfb-4343-9004-9be15dfd844c,server/model/players/skills/LeatherMaking$1.java,execute,->,12acfc45-bdfb-4343-9004-9be15dfd844c,server/model/players/Client.java,sendMessage
12acfc45-bdfb-4343-9004-9be15dfd844c,server/model/players/skills/LeatherMaking$1.java,execute,->,12acfc45-bdfb-4343-9004-9be15dfd844c,server/model/players/Client.java,getPA
12acfc45-bdfb-4343-9004-9be15dfd844c,server/model/players/skills/LeatherMaking$1.java,execute,->,12acfc45-bdfb-4343-9004-9be15dfd844c,server/model/players/skills/CraftingData$leatherData.java,getXP
12acfc45-bdfb-4343-9004-9be15dfd844c,server/model/players/skills/LeatherMaking$1.java,execute,->,12acfc45-bdfb-4343-9004-9be15dfd844c,991eb2a8-284a-4290-ae08-f54cf8834706,0955b7e8-1203-4e9d-8e85-6eeaf5af5ce5
12acfc45-bdfb-4343-9004-9be15dfd844c,server/model/players/skills/LeatherMaking$1.java,execute,->,12acfc45-bdfb-4343-9004-9be15dfd844c,server/model/players/Client.java,startAnimation
12acfc45-bdfb-4343-9004-9be15dfd844c,server/model/players/skills/LeatherMaking$1.java,execute,->,12acfc45-bdfb-4343-9004-9be15dfd844c,server/model/players/skills/LeatherMaking.java,access$010
12acfc45-bdfb-4343-9004-9be15dfd844c,server/model/players/skills/LeatherMaking$1.java,execute,->,12acfc45-bdfb-4343-9004-9be15dfd844c,server/model/players/Client.java,getItems
12acfc45-bdfb-4343-9004-9be15dfd844c,server/model/players/skills/LeatherMaking$1.java,execute,->,12acfc45-bdfb-4343-9004-9be15dfd844c,server/model/items/ItemAssistant.java,playerHasItem
12acfc45-bdfb-4343-9004-9be15dfd844c,server/model/players/skills/LeatherMaking$1.java,execute,->,12acfc45-bdfb-4343-9004-9be15dfd844c,server/model/players/Client.java,sendMessage
12acfc45-bdfb-4343-9004-9be15dfd844c,server/model/players/skills/LeatherMaking$1.java,execute,->,12acfc45-bdfb-4343-9004-9be15dfd844c,6dd0c5db-72ba-4498-883f-a3c8c3333519,2c14e4eb-2b3e-4056-bf8e-5218f96f0ad5
12acfc45-bdfb-4343-9004-9be15dfd844c,server/model/players/skills/LeatherMaking$1.java,execute,->,12acfc45-bdfb-4343-9004-9be15dfd844c,server/model/players/Client.java,getItems
12acfc45-bdfb-4343-9004-9be15dfd844c,server/model/players/skills/LeatherMaking$1.java,execute,->,12acfc45-bdfb-4343-9004-9be15dfd844c,server/model/players/skills/CraftingData$leatherData.java,getHideAmount
12acfc45-bdfb-4343-9004-9be15dfd844c,server/model/players/skills/LeatherMaking$1.java,execute,->,12acfc45-bdfb-4343-9004-9be15dfd844c,server/model/items/ItemAssistant.java,playerHasItem
12acfc45-bdfb-4343-9004-9be15dfd844c,server/model/players/skills/LeatherMaking$1.java,execute,->,12acfc45-bdfb-4343-9004-9be15dfd844c,server/model/players/Client.java,sendMessage
12acfc45-bdfb-4343-9004-9be15dfd844c,server/model/players/skills/LeatherMaking$1.java,execute,->,12acfc45-bdfb-4343-9004-9be15dfd844c,6dd0c5db-72ba-4498-883f-a3c8c3333519,2c14e4eb-2b3e-4056-bf8e-5218f96f0ad5
12acfc45-bdfb-4343-9004-9be15dfd844c,server/model/players/skills/LeatherMaking$1.java,execute,->,12acfc45-bdfb-4343-9004-9be15dfd844c,6dd0c5db-72ba-4498-883f-a3c8c3333519,2c14e4eb-2b3e-4056-bf8e-5218f96f0ad5
12acfc45-bdfb-4343-9004-9be15dfd844c,server/model/players/skills/Slayer.java,giveTask,->,12acfc45-bdfb-4343-9004-9be15dfd844c,server/model/players/skills/Slayer.java,giveTask
12acfc45-bdfb-4343-9004-9be15dfd844c,server/model/players/skills/Slayer.java,giveTask,->,12acfc45-bdfb-4343-9004-9be15dfd844c,server/model/players/skills/Slayer.java,giveTask
12acfc45-bdfb-4343-9004-9be15dfd844c,server/model/players/skills/Slayer.java,giveTask,->,12acfc45-bdfb-4343-9004-9be15dfd844c,server/model/players/skills/Slayer.java,giveTask
12acfc45-bdfb-4343-9004-9be15dfd844c,server/model/players/skills/Slayer.java,giveTask,->,12acfc45-bdfb-4343-9004-9be15dfd844c,server/model/players/skills/Slayer.java,giveTask
12acfc45-bdfb-4343-9004-9be15dfd844c,server/model/players/skills/Slayer.java,giveTask2,->,12acfc45-bdfb-4343-9004-9be15dfd844c,java/lang/StringBuilder.java,append
12acfc45-bdfb-4343-9004-9be15dfd844c,server/model/players/skills/Slayer.java,giveTask2,->,12acfc45-bdfb-4343-9004-9be15dfd844c,java/lang/StringBuilder.java,append
12acfc45-bdfb-4343-9004-9be15dfd844c,server/model/players/skills/Slayer.java,giveTask2,->,12acfc45-bdfb-4343-9004-9be15dfd844c,java/lang/StringBuilder.java,append
12acfc45-bdfb-4343-9004-9be15dfd844c,server/model/players/skills/Slayer.java,giveTask2,->,12acfc45-bdfb-4343-9004-9be15dfd844c,server/model/npcs/NPCHandler.java,getNpcListName
12acfc45-bdfb-4343-9004-9be15dfd844c,server/model/players/skills/Slayer.java,giveTask2,->,12acfc45-bdfb-4343-9004-9be15dfd844c,java/lang/StringBuilder.java,append
12acfc45-bdfb-4343-9004-9be15dfd844c,server/model/players/skills/Slayer.java,giveTask2,->,12acfc45-bdfb-4343-9004-9be15dfd844c,java/lang/StringBuilder.java,append
12acfc45-bdfb-4343-9004-9be15dfd844c,server/model/players/skills/Slayer.java,giveTask2,->,12acfc45-bdfb-4343-9004-9be15dfd844c,java/lang/StringBuilder.java,toString
12acfc45-bdfb-4343-9004-9be15dfd844c,server/model/players/skills/Slayer.java,giveTask2,->,12acfc45-bdfb-4343-9004-9be15dfd844c,server/model/players/Client.java,sendMessage
12acfc45-bdfb-4343-9004-9be15dfd844c,server/model/players/skills/Slayer.java,giveTask2,->,12acfc45-bdfb-4343-9004-9be15dfd844c,server/model/players/skills/Slayer.java,giveTask
12acfc45-bdfb-4343-9004-9be15dfd844c,server/model/players/skills/Slayer.java,giveTask,->,12acfc45-bdfb-4343-9004-9be15dfd844c,java/lang/Math.java,random
12acfc45-bdfb-4343-9004-9be15dfd844c,server/model/players/skills/Slayer.java,giveTask,->,12acfc45-bdfb-4343-9004-9be15dfd844c,java/lang/Math.java,random
12acfc45-bdfb-4343-9004-9be15dfd844c,server/model/players/skills/Slayer.java,giveTask,->,12acfc45-bdfb-4343-9004-9be15dfd844c,java/lang/Math.java,random
12acfc45-bdfb-4343-9004-9be15dfd844c,server/model/players/skills/Slayer.java,giveTask,->,12acfc45-bdfb-4343-9004-9be15dfd844c,server/model/players/skills/Slayer.java,canDoTask
12acfc45-bdfb-4343-9004-9be15dfd844c,server/model/players/skills/Slayer.java,giveTask,->,12acfc45-bdfb-4343-9004-9be15dfd844c,server/model/players/skills/Slayer.java,giveTask
12acfc45-bdfb-4343-9004-9be15dfd844c,server/model/players/skills/Slayer.java,giveTask,->,12acfc45-bdfb-4343-9004-9be15dfd844c,2c89cfe4-ed6d-446f-832b-3c203feb3155,12264cea-e176-47b1-b1bb-e3a14dc18d35
12acfc45-bdfb-4343-9004-9be15dfd844c,server/model/players/skills/Slayer.java,giveTask,->,12acfc45-bdfb-4343-9004-9be15dfd844c,java/lang/StringBuilder.java,append
12acfc45-bdfb-4343-9004-9be15dfd844c,server/model/players/skills/Slayer.java,giveTask,->,12acfc45-bdfb-4343-9004-9be15dfd844c,java/lang/StringBuilder.java,append
12acfc45-bdfb-4343-9004-9be15dfd844c,server/model/players/skills/Slayer.java,giveTask,->,12acfc45-bdfb-4343-9004-9be15dfd844c,java/lang/StringBuilder.java,append
12acfc45-bdfb-4343-9004-9be15dfd844c,server/model/players/skills/Slayer.java,giveTask,->,12acfc45-bdfb-4343-9004-9be15dfd844c,server/model/npcs/NPCHandler.java,getNpcListName
12acfc45-bdfb-4343-9004-9be15dfd844c,server/model/players/skills/Slayer.java,giveTask,->,12acfc45-bdfb-4343-9004-9be15dfd844c,java/lang/StringBuilder.java,append
12acfc45-bdfb-4343-9004-9be15dfd844c,server/model/players/skills/Slayer.java,giveTask,->,12acfc45-bdfb-4343-9004-9be15dfd844c,java/lang/StringBuilder.java,append
12acfc45-bdfb-4343-9004-9be15dfd844c,server/model/players/skills/Slayer.java,giveTask,->,12acfc45-bdfb-4343-9004-9be15dfd844c,java/lang/StringBuilder.java,toString
12acfc45-bdfb-4343-9004-9be15dfd844c,server/model/players/skills/Slayer.java,giveTask,->,12acfc45-bdfb-4343-9004-9be15dfd844c,server/model/players/Client.java,sendMessage
12acfc45-bdfb-4343-9004-9be15dfd844c,server/model/players/skills/Mining.java,mineEss,->,12acfc45-bdfb-4343-9004-9be15dfd844c,server/model/players/skills/Mining.java,noInventorySpace
12acfc45-bdfb-4343-9004-9be15dfd844c,server/model/players/skills/Mining.java,mineEss,->,12acfc45-bdfb-4343-9004-9be15dfd844c,server/model/players/skills/Mining.java,resetMining
12acfc45-bdfb-4343-9004-9be15dfd844c,server/model/players/skills/Mining.java,mineEss,->,12acfc45-bdfb-4343-9004-9be15dfd844c,server/model/players/skills/Mining.java,hasPickaxe
12acfc45-bdfb-4343-9004-9be15dfd844c,server/model/players/skills/Mining.java,mineEss,->,12acfc45-bdfb-4343-9004-9be15dfd844c,server/model/players/Client.java,sendMessage
12acfc45-bdfb-4343-9004-9be15dfd844c,server/model/players/skills/Mining.java,mineEss,->,12acfc45-bdfb-4343-9004-9be15dfd844c,server/model/players/skills/Mining.java,getAnimation
12acfc45-bdfb-4343-9004-9be15dfd844c,server/model/players/skills/Mining.java,mineEss,->,12acfc45-bdfb-4343-9004-9be15dfd844c,server/model/players/Client.java,startAnimation
12acfc45-bdfb-4343-9004-9be15dfd844c,server/model/players/skills/Mining.java,mineEss,->,12acfc45-bdfb-4343-9004-9be15dfd844c,3ab0cc49-78c3-45ed-a03a-f251199dfbb9,3d27faf4-0319-4d3d-b558-10d40da17fd8
12acfc45-bdfb-4343-9004-9be15dfd844c,server/model/players/skills/Mining.java,mineEss,->,12acfc45-bdfb-4343-9004-9be15dfd844c,3ab0cc49-78c3-45ed-a03a-f251199dfbb9,d719c34b-e0d2-473f-8e9a-936cfc6b4522
12acfc45-bdfb-4343-9004-9be15dfd844c,server/model/players/skills/Mining.java,attemptData,->,12acfc45-bdfb-4343-9004-9be15dfd844c,server/model/players/skills/Mining.java,noInventorySpace
12acfc45-bdfb-4343-9004-9be15dfd844c,server/model/players/skills/Mining.java,attemptData,->,12acfc45-bdfb-4343-9004-9be15dfd844c,server/model/players/skills/Mining.java,resetMining
12acfc45-bdfb-4343-9004-9be15dfd844c,server/model/players/skills/Mining.java,attemptData,->,12acfc45-bdfb-4343-9004-9be15dfd844c,server/model/players/skills/Mining.java,getLevelReq
12acfc45-bdfb-4343-9004-9be15dfd844c,server/model/players/skills/Mining.java,attemptData,->,12acfc45-bdfb-4343-9004-9be15dfd844c,server/model/players/skills/Mining.java,hasRequiredLevel
12acfc45-bdfb-4343-9004-9be15dfd844c,server/model/players/skills/Mining.java,attemptData,->,12acfc45-bdfb-4343-9004-9be15dfd844c,server/model/players/skills/Mining.java,hasPickaxe
12acfc45-bdfb-4343-9004-9be15dfd844c,server/model/players/skills/Mining.java,attemptData,->,12acfc45-bdfb-4343-9004-9be15dfd844c,server/model/players/Client.java,sendMessage
12acfc45-bdfb-4343-9004-9be15dfd844c,server/model/players/skills/Mining.java,attemptData,->,12acfc45-bdfb-4343-9004-9be15dfd844c,server/model/players/Client.java,sendMessage
12acfc45-bdfb-4343-9004-9be15dfd844c,server/model/players/skills/Mining.java,attemptData,->,12acfc45-bdfb-4343-9004-9be15dfd844c,server/model/players/skills/Mining.java,getAnimation
12acfc45-bdfb-4343-9004-9be15dfd844c,server/model/players/skills/Mining.java,attemptData,->,12acfc45-bdfb-4343-9004-9be15dfd844c,server/model/players/Client.java,startAnimation
12acfc45-bdfb-4343-9004-9be15dfd844c,server/model/players/skills/Mining.java,attemptData,->,12acfc45-bdfb-4343-9004-9be15dfd844c,server/model/players/skills/Mining.java,getAnimation
12acfc45-bdfb-4343-9004-9be15dfd844c,server/model/players/skills/Mining.java,attemptData,->,12acfc45-bdfb-4343-9004-9be15dfd844c,server/model/players/Client.java,startAnimation
12acfc45-bdfb-4343-9004-9be15dfd844c,server/model/players/skills/Mining.java,attemptData,->,12acfc45-bdfb-4343-9004-9be15dfd844c,3ab0cc49-78c3-45ed-a03a-f251199dfbb9,3d27faf4-0319-4d3d-b558-10d40da17fd8
12acfc45-bdfb-4343-9004-9be15dfd844c,server/model/players/skills/Mining.java,attemptData,->,12acfc45-bdfb-4343-9004-9be15dfd844c,server/model/players/skills/Mining.java,getTimer
12acfc45-bdfb-4343-9004-9be15dfd844c,server/model/players/skills/Mining.java,attemptData,->,12acfc45-bdfb-4343-9004-9be15dfd844c,3ab0cc49-78c3-45ed-a03a-f251199dfbb9,d719c34b-e0d2-473f-8e9a-936cfc6b4522
12acfc45-bdfb-4343-9004-9be15dfd844c,server/model/players/skills/Mining.java,attemptData,->,12acfc45-bdfb-4343-9004-9be15dfd844c,3ab0cc49-78c3-45ed-a03a-f251199dfbb9,3d27faf4-0319-4d3d-b558-10d40da17fd8
12acfc45-bdfb-4343-9004-9be15dfd844c,server/model/players/skills/Mining.java,attemptData,->,12acfc45-bdfb-4343-9004-9be15dfd844c,server/model/players/skills/Mining.java,getTimer
12acfc45-bdfb-4343-9004-9be15dfd844c,server/model/players/skills/Mining.java,attemptData,->,12acfc45-bdfb-4343-9004-9be15dfd844c,server/model/players/skills/Mining.java,getRespawnTime
12acfc45-bdfb-4343-9004-9be15dfd844c,server/model/players/skills/Mining.java,attemptData,->,12acfc45-bdfb-4343-9004-9be15dfd844c,3ab0cc49-78c3-45ed-a03a-f251199dfbb9,d719c34b-e0d2-473f-8e9a-936cfc6b4522
12acfc45-bdfb-4343-9004-9be15dfd844c,server/model/players/skills/Mining.java,attemptData,->,12acfc45-bdfb-4343-9004-9be15dfd844c,3ab0cc49-78c3-45ed-a03a-f251199dfbb9,3d27faf4-0319-4d3d-b558-10d40da17fd8
12acfc45-bdfb-4343-9004-9be15dfd844c,server/model/players/skills/Mining.java,attemptData,->,12acfc45-bdfb-4343-9004-9be15dfd844c,3ab0cc49-78c3-45ed-a03a-f251199dfbb9,d719c34b-e0d2-473f-8e9a-936cfc6b4522
12acfc45-bdfb-4343-9004-9be15dfd844c,server/model/players/skills/Mining.java,getTimer,->,12acfc45-bdfb-4343-9004-9be15dfd844c,server/model/players/skills/Mining.java,getMineTime
12acfc45-bdfb-4343-9004-9be15dfd844c,server/model/players/skills/Mining.java,getTimer,->,12acfc45-bdfb-4343-9004-9be15dfd844c,server/model/players/skills/Mining.java,getTime
12acfc45-bdfb-4343-9004-9be15dfd844c,server/model/players/skills/Mining.java,getTimer,->,12acfc45-bdfb-4343-9004-9be15dfd844c,server/model/players/skills/Mining.java,playerMiningLevel
12acfc45-bdfb-4343-9004-9be15dfd844c,server/model/players/skills/Mining.java,playerMiningLevel,->,12acfc45-bdfb-4343-9004-9be15dfd844c,java/lang/Math.java,floor
12acfc45-bdfb-4343-9004-9be15dfd844c,server/model/players/skills/Mining.java,getTime,->,12acfc45-bdfb-4343-9004-9be15dfd844c,server/model/players/Client.java,getItems
12acfc45-bdfb-4343-9004-9be15dfd844c,server/model/players/skills/Mining.java,getTime,->,12acfc45-bdfb-4343-9004-9be15dfd844c,server/model/items/ItemAssistant.java,playerHasItem
12acfc45-bdfb-4343-9004-9be15dfd844c,server/model/players/skills/Mining.java,resetMining,->,12acfc45-bdfb-4343-9004-9be15dfd844c,server/model/players/Client.java,startAnimation
12acfc45-bdfb-4343-9004-9be15dfd844c,server/model/players/skills/Mining.java,hasPickaxe,->,12acfc45-bdfb-4343-9004-9be15dfd844c,server/model/players/Client.java,getItems
12acfc45-bdfb-4343-9004-9be15dfd844c,server/model/players/skills/Mining.java,hasPickaxe,->,12acfc45-bdfb-4343-9004-9be15dfd844c,server/model/items/ItemAssistant.java,playerHasItem
12acfc45-bdfb-4343-9004-9be15dfd844c,server/model/players/skills/Mining.java,getAnimation,->,12acfc45-bdfb-4343-9004-9be15dfd844c,server/model/players/Client.java,getItems
12acfc45-bdfb-4343-9004-9be15dfd844c,server/model/players/skills/Mining.java,getAnimation,->,12acfc45-bdfb-4343-9004-9be15dfd844c,server/model/items/ItemAssistant.java,playerHasItem
12acfc45-bdfb-4343-9004-9be15dfd844c,server/model/players/skills/Mining.java,access$000,->,12acfc45-bdfb-4343-9004-9be15dfd844c,server/model/players/skills/Mining.java,getAnimation
12acfc45-bdfb-4343-9004-9be15dfd844c,server/model/players/skills/Mining.java,access$100,->,12acfc45-bdfb-4343-9004-9be15dfd844c,server/model/players/skills/Mining.java,hasPickaxe
12acfc45-bdfb-4343-9004-9be15dfd844c,d860546d-40b6-4a16-ab38-e39edb82c4df,497c4b01-b259-4f59-823b-be3509918250,->,12acfc45-bdfb-4343-9004-9be15dfd844c,server/model/players/skills/Runecrafting.java,hasRequiredLevel
12acfc45-bdfb-4343-9004-9be15dfd844c,d860546d-40b6-4a16-ab38-e39edb82c4df,497c4b01-b259-4f59-823b-be3509918250,->,12acfc45-bdfb-4343-9004-9be15dfd844c,server/model/players/Client.java,getItems
12acfc45-bdfb-4343-9004-9be15dfd844c,d860546d-40b6-4a16-ab38-e39edb82c4df,497c4b01-b259-4f59-823b-be3509918250,->,12acfc45-bdfb-4343-9004-9be15dfd844c,server/model/items/ItemAssistant.java,playerHasItem
12acfc45-bdfb-4343-9004-9be15dfd844c,d860546d-40b6-4a16-ab38-e39edb82c4df,497c4b01-b259-4f59-823b-be3509918250,->,12acfc45-bdfb-4343-9004-9be15dfd844c,server/model/players/Client.java,sendMessage
12acfc45-bdfb-4343-9004-9be15dfd844c,d860546d-40b6-4a16-ab38-e39edb82c4df,497c4b01-b259-4f59-823b-be3509918250,->,12acfc45-bdfb-4343-9004-9be15dfd844c,server/model/players/Client.java,gfx100
12acfc45-bdfb-4343-9004-9be15dfd844c,d860546d-40b6-4a16-ab38-e39edb82c4df,497c4b01-b259-4f59-823b-be3509918250,->,12acfc45-bdfb-4343-9004-9be15dfd844c,server/model/players/Client.java,startAnimation
12acfc45-bdfb-4343-9004-9be15dfd844c,d860546d-40b6-4a16-ab38-e39edb82c4df,497c4b01-b259-4f59-823b-be3509918250,->,12acfc45-bdfb-4343-9004-9be15dfd844c,server/model/players/Client.java,getItems
12acfc45-bdfb-4343-9004-9be15dfd844c,d860546d-40b6-4a16-ab38-e39edb82c4df,497c4b01-b259-4f59-823b-be3509918250,->,12acfc45-bdfb-4343-9004-9be15dfd844c,server/model/items/ItemAssistant.java,getItemAmount
12acfc45-bdfb-4343-9004-9be15dfd844c,d860546d-40b6-4a16-ab38-e39edb82c4df,497c4b01-b259-4f59-823b-be3509918250,->,12acfc45-bdfb-4343-9004-9be15dfd844c,server/model/players/Client.java,getItems
12acfc45-bdfb-4343-9004-9be15dfd844c,d860546d-40b6-4a16-ab38-e39edb82c4df,497c4b01-b259-4f59-823b-be3509918250,->,12acfc45-bdfb-4343-9004-9be15dfd844c,server/model/items/ItemAssistant.java,getItemAmount
12acfc45-bdfb-4343-9004-9be15dfd844c,d860546d-40b6-4a16-ab38-e39edb82c4df,497c4b01-b259-4f59-823b-be3509918250,->,12acfc45-bdfb-4343-9004-9be15dfd844c,server/model/players/Client.java,getItems
12acfc45-bdfb-4343-9004-9be15dfd844c,d860546d-40b6-4a16-ab38-e39edb82c4df,497c4b01-b259-4f59-823b-be3509918250,->,12acfc45-bdfb-4343-9004-9be15dfd844c,server/model/items/ItemAssistant.java,getItemAmount
12acfc45-bdfb-4343-9004-9be15dfd844c,d860546d-40b6-4a16-ab38-e39edb82c4df,497c4b01-b259-4f59-823b-be3509918250,->,12acfc45-bdfb-4343-9004-9be15dfd844c,server/model/players/Client.java,getItems
12acfc45-bdfb-4343-9004-9be15dfd844c,d860546d-40b6-4a16-ab38-e39edb82c4df,497c4b01-b259-4f59-823b-be3509918250,->,12acfc45-bdfb-4343-9004-9be15dfd844c,server/model/players/Client.java,getItems
12acfc45-bdfb-4343-9004-9be15dfd844c,d860546d-40b6-4a16-ab38-e39edb82c4df,497c4b01-b259-4f59-823b-be3509918250,->,12acfc45-bdfb-4343-9004-9be15dfd844c,server/model/items/ItemAssistant.java,getItemSlot
12acfc45-bdfb-4343-9004-9be15dfd844c,d860546d-40b6-4a16-ab38-e39edb82c4df,497c4b01-b259-4f59-823b-be3509918250,->,12acfc45-bdfb-4343-9004-9be15dfd844c,server/model/items/ItemAssistant.java,deleteItem
12acfc45-bdfb-4343-9004-9be15dfd844c,d860546d-40b6-4a16-ab38-e39edb82c4df,497c4b01-b259-4f59-823b-be3509918250,->,12acfc45-bdfb-4343-9004-9be15dfd844c,server/model/players/Client.java,getPA
12acfc45-bdfb-4343-9004-9be15dfd844c,d860546d-40b6-4a16-ab38-e39edb82c4df,497c4b01-b259-4f59-823b-be3509918250,->,12acfc45-bdfb-4343-9004-9be15dfd844c,991eb2a8-284a-4290-ae08-f54cf8834706,0955b7e8-1203-4e9d-8e85-6eeaf5af5ce5
12acfc45-bdfb-4343-9004-9be15dfd844c,d860546d-40b6-4a16-ab38-e39edb82c4df,497c4b01-b259-4f59-823b-be3509918250,->,12acfc45-bdfb-4343-9004-9be15dfd844c,server/model/players/Client.java,getItems
12acfc45-bdfb-4343-9004-9be15dfd844c,d860546d-40b6-4a16-ab38-e39edb82c4df,497c4b01-b259-4f59-823b-be3509918250,->,12acfc45-bdfb-4343-9004-9be15dfd844c,server/model/items/ItemAssistant.java,addItem
12acfc45-bdfb-4343-9004-9be15dfd844c,d860546d-40b6-4a16-ab38-e39edb82c4df,497c4b01-b259-4f59-823b-be3509918250,->,12acfc45-bdfb-4343-9004-9be15dfd844c,java/lang/StringBuilder.java,append
12acfc45-bdfb-4343-9004-9be15dfd844c,d860546d-40b6-4a16-ab38-e39edb82c4df,497c4b01-b259-4f59-823b-be3509918250,->,12acfc45-bdfb-4343-9004-9be15dfd844c,java/lang/StringBuilder.java,append
12acfc45-bdfb-4343-9004-9be15dfd844c,d860546d-40b6-4a16-ab38-e39edb82c4df,497c4b01-b259-4f59-823b-be3509918250,->,12acfc45-bdfb-4343-9004-9be15dfd844c,java/lang/StringBuilder.java,append
12acfc45-bdfb-4343-9004-9be15dfd844c,d860546d-40b6-4a16-ab38-e39edb82c4df,497c4b01-b259-4f59-823b-be3509918250,->,12acfc45-bdfb-4343-9004-9be15dfd844c,server/model/players/Client.java,getItems
12acfc45-bdfb-4343-9004-9be15dfd844c,d860546d-40b6-4a16-ab38-e39edb82c4df,497c4b01-b259-4f59-823b-be3509918250,->,12acfc45-bdfb-4343-9004-9be15dfd844c,server/model/items/ItemAssistant.java,getItemName
12acfc45-bdfb-4343-9004-9be15dfd844c,d860546d-40b6-4a16-ab38-e39edb82c4df,497c4b01-b259-4f59-823b-be3509918250,->,12acfc45-bdfb-4343-9004-9be15dfd844c,java/lang/StringBuilder.java,append
12acfc45-bdfb-4343-9004-9be15dfd844c,d860546d-40b6-4a16-ab38-e39edb82c4df,497c4b01-b259-4f59-823b-be3509918250,->,12acfc45-bdfb-4343-9004-9be15dfd844c,java/lang/StringBuilder.java,append
12acfc45-bdfb-4343-9004-9be15dfd844c,d860546d-40b6-4a16-ab38-e39edb82c4df,497c4b01-b259-4f59-823b-be3509918250,->,12acfc45-bdfb-4343-9004-9be15dfd844c,java/lang/StringBuilder.java,toString
12acfc45-bdfb-4343-9004-9be15dfd844c,d860546d-40b6-4a16-ab38-e39edb82c4df,497c4b01-b259-4f59-823b-be3509918250,->,12acfc45-bdfb-4343-9004-9be15dfd844c,server/model/players/Client.java,sendMessage
12acfc45-bdfb-4343-9004-9be15dfd844c,d860546d-40b6-4a16-ab38-e39edb82c4df,497c4b01-b259-4f59-823b-be3509918250,->,12acfc45-bdfb-4343-9004-9be15dfd844c,server/model/players/Client.java,getPA
12acfc45-bdfb-4343-9004-9be15dfd844c,d860546d-40b6-4a16-ab38-e39edb82c4df,497c4b01-b259-4f59-823b-be3509918250,->,12acfc45-bdfb-4343-9004-9be15dfd844c,991eb2a8-284a-4290-ae08-f54cf8834706,f59ca130-d149-43aa-b537-369a4987d63b
12acfc45-bdfb-4343-9004-9be15dfd844c,server/model/players/skills/Farming.java,checkItemOnObject,->,12acfc45-bdfb-4343-9004-9be15dfd844c,server/model/players/skills/Farming.java,plantSeed
12acfc45-bdfb-4343-9004-9be15dfd844c,server/model/players/skills/Farming.java,checkItemOnObject,->,12acfc45-bdfb-4343-9004-9be15dfd844c,server/model/players/skills/Farming.java,waterSeed
12acfc45-bdfb-4343-9004-9be15dfd844c,server/model/players/skills/Farming.java,checkItemOnObject,->,12acfc45-bdfb-4343-9004-9be15dfd844c,server/model/players/skills/Farming.java,rakePatch
12acfc45-bdfb-4343-9004-9be15dfd844c,server/model/players/skills/Farming.java,checkItemOnObject,->,12acfc45-bdfb-4343-9004-9be15dfd844c,server/model/players/Client.java,getItems
12acfc45-bdfb-4343-9004-9be15dfd844c,server/model/players/skills/Farming.java,checkItemOnObject,->,12acfc45-bdfb-4343-9004-9be15dfd844c,server/model/items/ItemAssistant.java,playerHasItem
12acfc45-bdfb-4343-9004-9be15dfd844c,server/model/players/skills/Farming.java,checkItemOnObject,->,12acfc45-bdfb-4343-9004-9be15dfd844c,server/model/players/Client.java,sendMessage
12acfc45-bdfb-4343-9004-9be15dfd844c,server/model/players/skills/Farming.java,plantSeed,->,12acfc45-bdfb-4343-9004-9be15dfd844c,java/lang/StringBuilder.java,append
12acfc45-bdfb-4343-9004-9be15dfd844c,server/model/players/skills/Farming.java,plantSeed,->,12acfc45-bdfb-4343-9004-9be15dfd844c,java/lang/StringBuilder.java,append
12acfc45-bdfb-4343-9004-9be15dfd844c,server/model/players/skills/Farming.java,plantSeed,->,12acfc45-bdfb-4343-9004-9be15dfd844c,java/lang/StringBuilder.java,append
12acfc45-bdfb-4343-9004-9be15dfd844c,server/model/players/skills/Farming.java,plantSeed,->,12acfc45-bdfb-4343-9004-9be15dfd844c,java/lang/StringBuilder.java,toString
12acfc45-bdfb-4343-9004-9be15dfd844c,server/model/players/skills/Farming.java,plantSeed,->,12acfc45-bdfb-4343-9004-9be15dfd844c,server/model/players/Client.java,sendMessage
12acfc45-bdfb-4343-9004-9be15dfd844c,server/model/players/skills/Farming.java,plantSeed,->,12acfc45-bdfb-4343-9004-9be15dfd844c,server/model/players/Client.java,getItems
12acfc45-bdfb-4343-9004-9be15dfd844c,server/model/players/skills/Farming.java,plantSeed,->,12acfc45-bdfb-4343-9004-9be15dfd844c,server/model/items/ItemAssistant.java,playerHasItem
12acfc45-bdfb-4343-9004-9be15dfd844c,server/model/players/skills/Farming.java,plantSeed,->,12acfc45-bdfb-4343-9004-9be15dfd844c,server/model/players/Client.java,getItems
12acfc45-bdfb-4343-9004-9be15dfd844c,server/model/players/skills/Farming.java,plantSeed,->,12acfc45-bdfb-4343-9004-9be15dfd844c,server/model/items/ItemAssistant.java,playerHasItem
12acfc45-bdfb-4343-9004-9be15dfd844c,server/model/players/skills/Farming.java,plantSeed,->,12acfc45-bdfb-4343-9004-9be15dfd844c,server/model/players/Client.java,getItems
12acfc45-bdfb-4343-9004-9be15dfd844c,server/model/players/skills/Farming.java,plantSeed,->,12acfc45-bdfb-4343-9004-9be15dfd844c,server/model/players/Client.java,getItems
12acfc45-bdfb-4343-9004-9be15dfd844c,server/model/players/skills/Farming.java,plantSeed,->,12acfc45-bdfb-4343-9004-9be15dfd844c,server/model/items/ItemAssistant.java,getItemSlot
12acfc45-bdfb-4343-9004-9be15dfd844c,server/model/players/skills/Farming.java,plantSeed,->,12acfc45-bdfb-4343-9004-9be15dfd844c,server/model/items/ItemAssistant.java,deleteItem
12acfc45-bdfb-4343-9004-9be15dfd844c,server/model/players/skills/Farming.java,plantSeed,->,12acfc45-bdfb-4343-9004-9be15dfd844c,server/model/players/Client.java,getPA
12acfc45-bdfb-4343-9004-9be15dfd844c,server/model/players/skills/Farming.java,plantSeed,->,12acfc45-bdfb-4343-9004-9be15dfd844c,991eb2a8-284a-4290-ae08-f54cf8834706,0955b7e8-1203-4e9d-8e85-6eeaf5af5ce5
12acfc45-bdfb-4343-9004-9be15dfd844c,server/model/players/skills/Farming.java,plantSeed,->,12acfc45-bdfb-4343-9004-9be15dfd844c,server/model/players/Client.java,startAnimation
12acfc45-bdfb-4343-9004-9be15dfd844c,server/model/players/skills/Farming.java,plantSeed,->,12acfc45-bdfb-4343-9004-9be15dfd844c,server/model/players/Client.java,getPA
12acfc45-bdfb-4343-9004-9be15dfd844c,server/model/players/skills/Farming.java,plantSeed,->,12acfc45-bdfb-4343-9004-9be15dfd844c,991eb2a8-284a-4290-ae08-f54cf8834706,cc581d00-f04e-4278-8aaf-0ecbd93e9b04
12acfc45-bdfb-4343-9004-9be15dfd844c,server/model/players/skills/Farming.java,plantSeed,->,12acfc45-bdfb-4343-9004-9be15dfd844c,2c89cfe4-ed6d-446f-832b-3c203feb3155,12264cea-e176-47b1-b1bb-e3a14dc18d35
12acfc45-bdfb-4343-9004-9be15dfd844c,server/model/players/skills/Farming.java,plantSeed,->,12acfc45-bdfb-4343-9004-9be15dfd844c,server/model/players/Client.java,sendMessage
12acfc45-bdfb-4343-9004-9be15dfd844c,server/model/players/skills/Farming.java,plantSeed,->,12acfc45-bdfb-4343-9004-9be15dfd844c,server/model/players/Client.java,sendMessage
12acfc45-bdfb-4343-9004-9be15dfd844c,server/model/players/skills/Farming.java,waterSeed,->,12acfc45-bdfb-4343-9004-9be15dfd844c,server/model/players/Client.java,startAnimation
12acfc45-bdfb-4343-9004-9be15dfd844c,server/model/players/skills/Farming.java,waterSeed,->,12acfc45-bdfb-4343-9004-9be15dfd844c,server/model/players/skills/Farming.java,updateHerbPatch
12acfc45-bdfb-4343-9004-9be15dfd844c,server/model/players/skills/Farming.java,waterSeed,->,12acfc45-bdfb-4343-9004-9be15dfd844c,server/model/players/Client.java,sendMessage
12acfc45-bdfb-4343-9004-9be15dfd844c,server/model/players/skills/Farming.java,cleanPatch,->,12acfc45-bdfb-4343-9004-9be15dfd844c,server/model/players/Client.java,getPA
12acfc45-bdfb-4343-9004-9be15dfd844c,server/model/players/skills/Farming.java,cleanPatch,->,12acfc45-bdfb-4343-9004-9be15dfd844c,991eb2a8-284a-4290-ae08-f54cf8834706,6f1c3a56-0513-4978-8516-4c4cd1895096
12acfc45-bdfb-4343-9004-9be15dfd844c,server/model/players/skills/Farming.java,cleanPatch,->,12acfc45-bdfb-4343-9004-9be15dfd844c,server/model/players/Client.java,sendMessage
12acfc45-bdfb-4343-9004-9be15dfd844c,server/model/players/skills/Farming.java,updateHerbPatch,->,12acfc45-bdfb-4343-9004-9be15dfd844c,server/model/players/Client.java,getPA
12acfc45-bdfb-4343-9004-9be15dfd844c,server/model/players/skills/Farming.java,updateHerbPatch,->,12acfc45-bdfb-4343-9004-9be15dfd844c,991eb2a8-284a-4290-ae08-f54cf8834706,6f1c3a56-0513-4978-8516-4c4cd1895096
12acfc45-bdfb-4343-9004-9be15dfd844c,server/model/players/skills/Farming.java,updateHerbPatch,->,12acfc45-bdfb-4343-9004-9be15dfd844c,server/model/players/Client.java,getPA
12acfc45-bdfb-4343-9004-9be15dfd844c,server/model/players/skills/Farming.java,updateHerbPatch,->,12acfc45-bdfb-4343-9004-9be15dfd844c,991eb2a8-284a-4290-ae08-f54cf8834706,6f1c3a56-0513-4978-8516-4c4cd1895096
12acfc45-bdfb-4343-9004-9be15dfd844c,server/model/players/skills/Farming.java,rakePatch,->,12acfc45-bdfb-4343-9004-9be15dfd844c,java/lang/System.java,currentTimeMillis
12acfc45-bdfb-4343-9004-9be15dfd844c,server/model/players/skills/Farming.java,rakePatch,->,12acfc45-bdfb-4343-9004-9be15dfd844c,server/model/players/Client.java,startAnimation
12acfc45-bdfb-4343-9004-9be15dfd844c,server/model/players/skills/Farming.java,rakePatch,->,12acfc45-bdfb-4343-9004-9be15dfd844c,server/model/players/skills/Farming.java,cleanPatch
12acfc45-bdfb-4343-9004-9be15dfd844c,server/model/players/skills/Farming.java,rakePatch,->,12acfc45-bdfb-4343-9004-9be15dfd844c,server/model/players/Client.java,getPA
12acfc45-bdfb-4343-9004-9be15dfd844c,server/model/players/skills/Farming.java,rakePatch,->,12acfc45-bdfb-4343-9004-9be15dfd844c,server/model/players/skills/Farming.java,getExp
12acfc45-bdfb-4343-9004-9be15dfd844c,server/model/players/skills/Farming.java,rakePatch,->,12acfc45-bdfb-4343-9004-9be15dfd844c,991eb2a8-284a-4290-ae08-f54cf8834706,0955b7e8-1203-4e9d-8e85-6eeaf5af5ce5
12acfc45-bdfb-4343-9004-9be15dfd844c,server/model/players/skills/Farming.java,rakePatch,->,12acfc45-bdfb-4343-9004-9be15dfd844c,server/model/players/Client.java,sendMessage
12acfc45-bdfb-4343-9004-9be15dfd844c,server/model/players/skills/Farming.java,pickHerb,->,12acfc45-bdfb-4343-9004-9be15dfd844c,java/lang/System.java,currentTimeMillis
12acfc45-bdfb-4343-9004-9be15dfd844c,server/model/players/skills/Farming.java,pickHerb,->,12acfc45-bdfb-4343-9004-9be15dfd844c,server/model/players/Client.java,getItems
12acfc45-bdfb-4343-9004-9be15dfd844c,server/model/players/skills/Farming.java,pickHerb,->,12acfc45-bdfb-4343-9004-9be15dfd844c,server/model/items/ItemAssistant.java,addItem
12acfc45-bdfb-4343-9004-9be15dfd844c,server/model/players/skills/Farming.java,pickHerb,->,12acfc45-bdfb-4343-9004-9be15dfd844c,server/model/players/Client.java,getPA
12acfc45-bdfb-4343-9004-9be15dfd844c,server/model/players/skills/Farming.java,pickHerb,->,12acfc45-bdfb-4343-9004-9be15dfd844c,server/model/players/skills/Farming.java,getExp
12acfc45-bdfb-4343-9004-9be15dfd844c,server/model/players/skills/Farming.java,pickHerb,->,12acfc45-bdfb-4343-9004-9be15dfd844c,991eb2a8-284a-4290-ae08-f54cf8834706,0955b7e8-1203-4e9d-8e85-6eeaf5af5ce5
12acfc45-bdfb-4343-9004-9be15dfd844c,server/model/players/skills/Farming.java,pickHerb,->,12acfc45-bdfb-4343-9004-9be15dfd844c,server/model/players/Client.java,startAnimation
12acfc45-bdfb-4343-9004-9be15dfd844c,server/model/players/skills/Farming.java,pickHerb,->,12acfc45-bdfb-4343-9004-9be15dfd844c,server/model/players/Client.java,sendMessage
12acfc45-bdfb-4343-9004-9be15dfd844c,server/model/players/skills/Farming.java,pickHerb,->,12acfc45-bdfb-4343-9004-9be15dfd844c,server/model/players/skills/Farming.java,updateHerbPatch
12acfc45-bdfb-4343-9004-9be15dfd844c,server/model/players/skills/JewelryMaking.java,jewelryMaking,->,12acfc45-bdfb-4343-9004-9be15dfd844c,java/lang/String.java,hashCode
12acfc45-bdfb-4343-9004-9be15dfd844c,server/model/players/skills/JewelryMaking.java,jewelryMaking,->,12acfc45-bdfb-4343-9004-9be15dfd844c,java/lang/String.java,equals
12acfc45-bdfb-4343-9004-9be15dfd844c,server/model/players/skills/JewelryMaking.java,jewelryMaking,->,12acfc45-bdfb-4343-9004-9be15dfd844c,java/lang/String.java,equals
12acfc45-bdfb-4343-9004-9be15dfd844c,server/model/players/skills/JewelryMaking.java,jewelryMaking,->,12acfc45-bdfb-4343-9004-9be15dfd844c,java/lang/String.java,equals
12acfc45-bdfb-4343-9004-9be15dfd844c,server/model/players/skills/JewelryMaking.java,jewelryMaking,->,12acfc45-bdfb-4343-9004-9be15dfd844c,server/model/players/skills/JewelryMaking.java,mouldJewelry
12acfc45-bdfb-4343-9004-9be15dfd844c,server/model/players/skills/JewelryMaking.java,jewelryMaking,->,12acfc45-bdfb-4343-9004-9be15dfd844c,server/model/players/skills/JewelryMaking.java,mouldJewelry
12acfc45-bdfb-4343-9004-9be15dfd844c,server/model/players/skills/JewelryMaking.java,jewelryMaking,->,12acfc45-bdfb-4343-9004-9be15dfd844c,server/model/players/skills/JewelryMaking.java,mouldJewelry
12acfc45-bdfb-4343-9004-9be15dfd844c,server/model/players/skills/JewelryMaking.java,mouldJewelry,->,12acfc45-bdfb-4343-9004-9be15dfd844c,java/lang/StringBuilder.java,append
12acfc45-bdfb-4343-9004-9be15dfd844c,server/model/players/skills/JewelryMaking.java,mouldJewelry,->,12acfc45-bdfb-4343-9004-9be15dfd844c,java/lang/StringBuilder.java,append
12acfc45-bdfb-4343-9004-9be15dfd844c,server/model/players/skills/JewelryMaking.java,mouldJewelry,->,12acfc45-bdfb-4343-9004-9be15dfd844c,java/lang/StringBuilder.java,append
12acfc45-bdfb-4343-9004-9be15dfd844c,server/model/players/skills/JewelryMaking.java,mouldJewelry,->,12acfc45-bdfb-4343-9004-9be15dfd844c,java/lang/StringBuilder.java,toString
12acfc45-bdfb-4343-9004-9be15dfd844c,server/model/players/skills/JewelryMaking.java,mouldJewelry,->,12acfc45-bdfb-4343-9004-9be15dfd844c,server/model/players/Client.java,sendMessage
12acfc45-bdfb-4343-9004-9be15dfd844c,server/model/players/skills/JewelryMaking.java,mouldJewelry,->,12acfc45-bdfb-4343-9004-9be15dfd844c,server/model/players/Client.java,getItems
12acfc45-bdfb-4343-9004-9be15dfd844c,server/model/players/skills/JewelryMaking.java,mouldJewelry,->,12acfc45-bdfb-4343-9004-9be15dfd844c,server/model/items/ItemAssistant.java,playerHasItem
12acfc45-bdfb-4343-9004-9be15dfd844c,server/model/players/skills/JewelryMaking.java,mouldJewelry,->,12acfc45-bdfb-4343-9004-9be15dfd844c,server/model/players/Client.java,sendMessage
12acfc45-bdfb-4343-9004-9be15dfd844c,server/model/players/skills/JewelryMaking.java,mouldJewelry,->,12acfc45-bdfb-4343-9004-9be15dfd844c,server/model/players/Client.java,getItems
12acfc45-bdfb-4343-9004-9be15dfd844c,server/model/players/skills/JewelryMaking.java,mouldJewelry,->,12acfc45-bdfb-4343-9004-9be15dfd844c,server/model/items/ItemAssistant.java,getItemName
12acfc45-bdfb-4343-9004-9be15dfd844c,server/model/players/skills/JewelryMaking.java,mouldJewelry,->,12acfc45-bdfb-4343-9004-9be15dfd844c,server/model/players/Client.java,getItems
12acfc45-bdfb-4343-9004-9be15dfd844c,server/model/players/skills/JewelryMaking.java,mouldJewelry,->,12acfc45-bdfb-4343-9004-9be15dfd844c,server/model/items/ItemAssistant.java,playerHasItem
12acfc45-bdfb-4343-9004-9be15dfd844c,server/model/players/skills/JewelryMaking.java,mouldJewelry,->,12acfc45-bdfb-4343-9004-9be15dfd844c,java/lang/StringBuilder.java,append
12acfc45-bdfb-4343-9004-9be15dfd844c,server/model/players/skills/JewelryMaking.java,mouldJewelry,->,12acfc45-bdfb-4343-9004-9be15dfd844c,java/lang/String.java,startsWith
12acfc45-bdfb-4343-9004-9be15dfd844c,server/model/players/skills/JewelryMaking.java,mouldJewelry,->,12acfc45-bdfb-4343-9004-9be15dfd844c,java/lang/String.java,startsWith
12acfc45-bdfb-4343-9004-9be15dfd844c,server/model/players/skills/JewelryMaking.java,mouldJewelry,->,12acfc45-bdfb-4343-9004-9be15dfd844c,java/lang/String.java,startsWith
12acfc45-bdfb-4343-9004-9be15dfd844c,server/model/players/skills/JewelryMaking.java,mouldJewelry,->,12acfc45-bdfb-4343-9004-9be15dfd844c,java/lang/StringBuilder.java,append
12acfc45-bdfb-4343-9004-9be15dfd844c,server/model/players/skills/JewelryMaking.java,mouldJewelry,->,12acfc45-bdfb-4343-9004-9be15dfd844c,java/lang/StringBuilder.java,append
12acfc45-bdfb-4343-9004-9be15dfd844c,server/model/players/skills/JewelryMaking.java,mouldJewelry,->,12acfc45-bdfb-4343-9004-9be15dfd844c,java/lang/String.java,toLowerCase
12acfc45-bdfb-4343-9004-9be15dfd844c,server/model/players/skills/JewelryMaking.java,mouldJewelry,->,12acfc45-bdfb-4343-9004-9be15dfd844c,java/lang/StringBuilder.java,append
12acfc45-bdfb-4343-9004-9be15dfd844c,server/model/players/skills/JewelryMaking.java,mouldJewelry,->,12acfc45-bdfb-4343-9004-9be15dfd844c,java/lang/StringBuilder.java,append
12acfc45-bdfb-4343-9004-9be15dfd844c,server/model/players/skills/JewelryMaking.java,mouldJewelry,->,12acfc45-bdfb-4343-9004-9be15dfd844c,java/lang/StringBuilder.java,toString
12acfc45-bdfb-4343-9004-9be15dfd844c,server/model/players/skills/JewelryMaking.java,mouldJewelry,->,12acfc45-bdfb-4343-9004-9be15dfd844c,server/model/players/Client.java,sendMessage
12acfc45-bdfb-4343-9004-9be15dfd844c,server/model/players/skills/JewelryMaking.java,mouldJewelry,->,12acfc45-bdfb-4343-9004-9be15dfd844c,server/model/players/Client.java,getPA
12acfc45-bdfb-4343-9004-9be15dfd844c,server/model/players/skills/JewelryMaking.java,mouldJewelry,->,12acfc45-bdfb-4343-9004-9be15dfd844c,991eb2a8-284a-4290-ae08-f54cf8834706,3666955d-52b4-495d-880c-318d6383a5bb
12acfc45-bdfb-4343-9004-9be15dfd844c,server/model/players/skills/JewelryMaking.java,mouldJewelry,->,12acfc45-bdfb-4343-9004-9be15dfd844c,server/model/players/Client.java,getItems
12acfc45-bdfb-4343-9004-9be15dfd844c,server/model/players/skills/JewelryMaking.java,mouldJewelry,->,12acfc45-bdfb-4343-9004-9be15dfd844c,server/model/items/ItemAssistant.java,getItemName
12acfc45-bdfb-4343-9004-9be15dfd844c,server/model/players/skills/JewelryMaking.java,mouldJewelry,->,12acfc45-bdfb-4343-9004-9be15dfd844c,server/model/players/Client.java,startAnimation
12acfc45-bdfb-4343-9004-9be15dfd844c,server/model/players/skills/JewelryMaking.java,mouldJewelry,->,12acfc45-bdfb-4343-9004-9be15dfd844c,3ab0cc49-78c3-45ed-a03a-f251199dfbb9,3d27faf4-0319-4d3d-b558-10d40da17fd8
12acfc45-bdfb-4343-9004-9be15dfd844c,server/model/players/skills/JewelryMaking.java,mouldJewelry,->,12acfc45-bdfb-4343-9004-9be15dfd844c,3ab0cc49-78c3-45ed-a03a-f251199dfbb9,d719c34b-e0d2-473f-8e9a-936cfc6b4522
12acfc45-bdfb-4343-9004-9be15dfd844c,server/model/players/skills/JewelryMaking.java,stringAmulet,->,12acfc45-bdfb-4343-9004-9be15dfd844c,server/model/players/skills/CraftingData$amuletData.java,values
12acfc45-bdfb-4343-9004-9be15dfd844c,server/model/players/skills/JewelryMaking.java,stringAmulet,->,12acfc45-bdfb-4343-9004-9be15dfd844c,server/model/players/skills/CraftingData$amuletData.java,getAmuletId
12acfc45-bdfb-4343-9004-9be15dfd844c,server/model/players/skills/JewelryMaking.java,stringAmulet,->,12acfc45-bdfb-4343-9004-9be15dfd844c,server/model/players/Client.java,getItems
12acfc45-bdfb-4343-9004-9be15dfd844c,server/model/players/skills/JewelryMaking.java,stringAmulet,->,12acfc45-bdfb-4343-9004-9be15dfd844c,server/model/items/ItemAssistant.java,deleteItem
12acfc45-bdfb-4343-9004-9be15dfd844c,server/model/players/skills/JewelryMaking.java,stringAmulet,->,12acfc45-bdfb-4343-9004-9be15dfd844c,server/model/players/Client.java,getItems
12acfc45-bdfb-4343-9004-9be15dfd844c,server/model/players/skills/JewelryMaking.java,stringAmulet,->,12acfc45-bdfb-4343-9004-9be15dfd844c,server/model/items/ItemAssistant.java,deleteItem
12acfc45-bdfb-4343-9004-9be15dfd844c,server/model/players/skills/JewelryMaking.java,stringAmulet,->,12acfc45-bdfb-4343-9004-9be15dfd844c,server/model/players/Client.java,getItems
12acfc45-bdfb-4343-9004-9be15dfd844c,server/model/players/skills/JewelryMaking.java,stringAmulet,->,12acfc45-bdfb-4343-9004-9be15dfd844c,server/model/players/skills/CraftingData$amuletData.java,getProduct
12acfc45-bdfb-4343-9004-9be15dfd844c,server/model/players/skills/JewelryMaking.java,stringAmulet,->,12acfc45-bdfb-4343-9004-9be15dfd844c,server/model/items/ItemAssistant.java,addItem
12acfc45-bdfb-4343-9004-9be15dfd844c,server/model/players/skills/JewelryMaking.java,stringAmulet,->,12acfc45-bdfb-4343-9004-9be15dfd844c,server/model/players/Client.java,getPA
12acfc45-bdfb-4343-9004-9be15dfd844c,server/model/players/skills/JewelryMaking.java,stringAmulet,->,12acfc45-bdfb-4343-9004-9be15dfd844c,991eb2a8-284a-4290-ae08-f54cf8834706,0955b7e8-1203-4e9d-8e85-6eeaf5af5ce5
12acfc45-bdfb-4343-9004-9be15dfd844c,server/model/players/skills/JewelryMaking.java,jewelryInterface,->,12acfc45-bdfb-4343-9004-9be15dfd844c,server/model/players/Client.java,getPA
12acfc45-bdfb-4343-9004-9be15dfd844c,server/model/players/skills/JewelryMaking.java,jewelryInterface,->,12acfc45-bdfb-4343-9004-9be15dfd844c,server/model/players/PlayerAssistant.java,showInterface
12acfc45-bdfb-4343-9004-9be15dfd844c,server/model/players/skills/JewelryMaking.java,jewelryInterface,->,12acfc45-bdfb-4343-9004-9be15dfd844c,server/model/players/skills/CraftingData$jewelryData.java,values
12acfc45-bdfb-4343-9004-9be15dfd844c,server/model/players/skills/JewelryMaking.java,jewelryInterface,->,12acfc45-bdfb-4343-9004-9be15dfd844c,server/model/players/Client.java,getItems
12acfc45-bdfb-4343-9004-9be15dfd844c,server/model/players/skills/JewelryMaking.java,jewelryInterface,->,12acfc45-bdfb-4343-9004-9be15dfd844c,server/model/items/ItemAssistant.java,playerHasItem
12acfc45-bdfb-4343-9004-9be15dfd844c,server/model/players/skills/JewelryMaking.java,jewelryInterface,->,12acfc45-bdfb-4343-9004-9be15dfd844c,server/model/players/Client.java,getItems
12acfc45-bdfb-4343-9004-9be15dfd844c,server/model/players/skills/JewelryMaking.java,jewelryInterface,->,12acfc45-bdfb-4343-9004-9be15dfd844c,server/model/items/ItemAssistant.java,playerHasItem
12acfc45-bdfb-4343-9004-9be15dfd844c,server/model/players/skills/JewelryMaking.java,jewelryInterface,->,12acfc45-bdfb-4343-9004-9be15dfd844c,server/model/players/Client.java,getPA
12acfc45-bdfb-4343-9004-9be15dfd844c,server/model/players/skills/JewelryMaking.java,jewelryInterface,->,12acfc45-bdfb-4343-9004-9be15dfd844c,991eb2a8-284a-4290-ae08-f54cf8834706,567f87b3-4cc7-43f9-9489-4a8b3527773d
12acfc45-bdfb-4343-9004-9be15dfd844c,server/model/players/skills/JewelryMaking.java,jewelryInterface,->,12acfc45-bdfb-4343-9004-9be15dfd844c,server/model/players/Client.java,getPA
12acfc45-bdfb-4343-9004-9be15dfd844c,server/model/players/skills/JewelryMaking.java,jewelryInterface,->,12acfc45-bdfb-4343-9004-9be15dfd844c,991eb2a8-284a-4290-ae08-f54cf8834706,567f87b3-4cc7-43f9-9489-4a8b3527773d
12acfc45-bdfb-4343-9004-9be15dfd844c,server/model/players/skills/JewelryMaking.java,jewelryInterface,->,12acfc45-bdfb-4343-9004-9be15dfd844c,server/model/players/Client.java,getPA
12acfc45-bdfb-4343-9004-9be15dfd844c,server/model/players/skills/JewelryMaking.java,jewelryInterface,->,12acfc45-bdfb-4343-9004-9be15dfd844c,991eb2a8-284a-4290-ae08-f54cf8834706,609517a1-3a8b-4bd9-8623-3cae47c33a17
12acfc45-bdfb-4343-9004-9be15dfd844c,server/model/players/skills/JewelryMaking.java,jewelryInterface,->,12acfc45-bdfb-4343-9004-9be15dfd844c,server/model/players/Client.java,getPA
12acfc45-bdfb-4343-9004-9be15dfd844c,server/model/players/skills/JewelryMaking.java,jewelryInterface,->,12acfc45-bdfb-4343-9004-9be15dfd844c,991eb2a8-284a-4290-ae08-f54cf8834706,45af8ce2-073f-4550-b281-9a9492802196
12acfc45-bdfb-4343-9004-9be15dfd844c,server/model/players/skills/JewelryMaking.java,jewelryInterface,->,12acfc45-bdfb-4343-9004-9be15dfd844c,server/model/players/Client.java,getPA
12acfc45-bdfb-4343-9004-9be15dfd844c,server/model/players/skills/JewelryMaking.java,jewelryInterface,->,12acfc45-bdfb-4343-9004-9be15dfd844c,991eb2a8-284a-4290-ae08-f54cf8834706,45af8ce2-073f-4550-b281-9a9492802196
12acfc45-bdfb-4343-9004-9be15dfd844c,server/model/players/skills/JewelryMaking.java,jewelryInterface,->,12acfc45-bdfb-4343-9004-9be15dfd844c,server/model/players/Client.java,getPA
12acfc45-bdfb-4343-9004-9be15dfd844c,server/model/players/skills/JewelryMaking.java,jewelryInterface,->,12acfc45-bdfb-4343-9004-9be15dfd844c,991eb2a8-284a-4290-ae08-f54cf8834706,567f87b3-4cc7-43f9-9489-4a8b3527773d
12acfc45-bdfb-4343-9004-9be15dfd844c,server/model/players/skills/JewelryMaking.java,jewelryInterface,->,12acfc45-bdfb-4343-9004-9be15dfd844c,server/model/players/Client.java,getPA
12acfc45-bdfb-4343-9004-9be15dfd844c,server/model/players/skills/JewelryMaking.java,jewelryInterface,->,12acfc45-bdfb-4343-9004-9be15dfd844c,991eb2a8-284a-4290-ae08-f54cf8834706,609517a1-3a8b-4bd9-8623-3cae47c33a17
12acfc45-bdfb-4343-9004-9be15dfd844c,server/model/players/skills/JewelryMaking.java,jewelryInterface,->,12acfc45-bdfb-4343-9004-9be15dfd844c,server/model/players/Client.java,getItems
12acfc45-bdfb-4343-9004-9be15dfd844c,server/model/players/skills/JewelryMaking.java,jewelryInterface,->,12acfc45-bdfb-4343-9004-9be15dfd844c,server/model/items/ItemAssistant.java,playerHasItem
12acfc45-bdfb-4343-9004-9be15dfd844c,server/model/players/skills/JewelryMaking.java,jewelryInterface,->,12acfc45-bdfb-4343-9004-9be15dfd844c,server/model/players/Client.java,getItems
12acfc45-bdfb-4343-9004-9be15dfd844c,server/model/players/skills/JewelryMaking.java,jewelryInterface,->,12acfc45-bdfb-4343-9004-9be15dfd844c,server/model/items/ItemAssistant.java,playerHasItem
12acfc45-bdfb-4343-9004-9be15dfd844c,server/model/players/skills/JewelryMaking.java,jewelryInterface,->,12acfc45-bdfb-4343-9004-9be15dfd844c,server/model/players/Client.java,getPA
12acfc45-bdfb-4343-9004-9be15dfd844c,server/model/players/skills/JewelryMaking.java,jewelryInterface,->,12acfc45-bdfb-4343-9004-9be15dfd844c,991eb2a8-284a-4290-ae08-f54cf8834706,567f87b3-4cc7-43f9-9489-4a8b3527773d
12acfc45-bdfb-4343-9004-9be15dfd844c,server/model/players/skills/JewelryMaking.java,jewelryInterface,->,12acfc45-bdfb-4343-9004-9be15dfd844c,server/model/players/Client.java,getPA
12acfc45-bdfb-4343-9004-9be15dfd844c,server/model/players/skills/JewelryMaking.java,jewelryInterface,->,12acfc45-bdfb-4343-9004-9be15dfd844c,991eb2a8-284a-4290-ae08-f54cf8834706,567f87b3-4cc7-43f9-9489-4a8b3527773d
12acfc45-bdfb-4343-9004-9be15dfd844c,server/model/players/skills/JewelryMaking.java,jewelryInterface,->,12acfc45-bdfb-4343-9004-9be15dfd844c,server/model/players/Client.java,getPA
12acfc45-bdfb-4343-9004-9be15dfd844c,server/model/players/skills/JewelryMaking.java,jewelryInterface,->,12acfc45-bdfb-4343-9004-9be15dfd844c,991eb2a8-284a-4290-ae08-f54cf8834706,609517a1-3a8b-4bd9-8623-3cae47c33a17
12acfc45-bdfb-4343-9004-9be15dfd844c,server/model/players/skills/JewelryMaking.java,jewelryInterface,->,12acfc45-bdfb-4343-9004-9be15dfd844c,server/model/players/Client.java,getPA
12acfc45-bdfb-4343-9004-9be15dfd844c,server/model/players/skills/JewelryMaking.java,jewelryInterface,->,12acfc45-bdfb-4343-9004-9be15dfd844c,991eb2a8-284a-4290-ae08-f54cf8834706,45af8ce2-073f-4550-b281-9a9492802196
12acfc45-bdfb-4343-9004-9be15dfd844c,server/model/players/skills/JewelryMaking.java,jewelryInterface,->,12acfc45-bdfb-4343-9004-9be15dfd844c,server/model/players/Client.java,getPA
12acfc45-bdfb-4343-9004-9be15dfd844c,server/model/players/skills/JewelryMaking.java,jewelryInterface,->,12acfc45-bdfb-4343-9004-9be15dfd844c,991eb2a8-284a-4290-ae08-f54cf8834706,45af8ce2-073f-4550-b281-9a9492802196
12acfc45-bdfb-4343-9004-9be15dfd844c,server/model/players/skills/JewelryMaking.java,jewelryInterface,->,12acfc45-bdfb-4343-9004-9be15dfd844c,server/model/players/Client.java,getPA
12acfc45-bdfb-4343-9004-9be15dfd844c,server/model/players/skills/JewelryMaking.java,jewelryInterface,->,12acfc45-bdfb-4343-9004-9be15dfd844c,991eb2a8-284a-4290-ae08-f54cf8834706,567f87b3-4cc7-43f9-9489-4a8b3527773d
12acfc45-bdfb-4343-9004-9be15dfd844c,server/model/players/skills/JewelryMaking.java,jewelryInterface,->,12acfc45-bdfb-4343-9004-9be15dfd844c,server/model/players/Client.java,getPA
12acfc45-bdfb-4343-9004-9be15dfd844c,server/model/players/skills/JewelryMaking.java,jewelryInterface,->,12acfc45-bdfb-4343-9004-9be15dfd844c,991eb2a8-284a-4290-ae08-f54cf8834706,609517a1-3a8b-4bd9-8623-3cae47c33a17
12acfc45-bdfb-4343-9004-9be15dfd844c,server/model/players/skills/JewelryMaking.java,jewelryInterface,->,12acfc45-bdfb-4343-9004-9be15dfd844c,server/model/players/Client.java,getItems
12acfc45-bdfb-4343-9004-9be15dfd844c,server/model/players/skills/JewelryMaking.java,jewelryInterface,->,12acfc45-bdfb-4343-9004-9be15dfd844c,server/model/items/ItemAssistant.java,playerHasItem
12acfc45-bdfb-4343-9004-9be15dfd844c,server/model/players/skills/JewelryMaking.java,jewelryInterface,->,12acfc45-bdfb-4343-9004-9be15dfd844c,server/model/players/Client.java,getItems
12acfc45-bdfb-4343-9004-9be15dfd844c,server/model/players/skills/JewelryMaking.java,jewelryInterface,->,12acfc45-bdfb-4343-9004-9be15dfd844c,server/model/items/ItemAssistant.java,playerHasItem
12acfc45-bdfb-4343-9004-9be15dfd844c,server/model/players/skills/JewelryMaking.java,jewelryInterface,->,12acfc45-bdfb-4343-9004-9be15dfd844c,server/model/players/Client.java,getPA
12acfc45-bdfb-4343-9004-9be15dfd844c,server/model/players/skills/JewelryMaking.java,jewelryInterface,->,12acfc45-bdfb-4343-9004-9be15dfd844c,991eb2a8-284a-4290-ae08-f54cf8834706,567f87b3-4cc7-43f9-9489-4a8b3527773d
12acfc45-bdfb-4343-9004-9be15dfd844c,server/model/players/skills/JewelryMaking.java,jewelryInterface,->,12acfc45-bdfb-4343-9004-9be15dfd844c,server/model/players/Client.java,getPA
12acfc45-bdfb-4343-9004-9be15dfd844c,server/model/players/skills/JewelryMaking.java,jewelryInterface,->,12acfc45-bdfb-4343-9004-9be15dfd844c,991eb2a8-284a-4290-ae08-f54cf8834706,567f87b3-4cc7-43f9-9489-4a8b3527773d
12acfc45-bdfb-4343-9004-9be15dfd844c,server/model/players/skills/JewelryMaking.java,jewelryInterface,->,12acfc45-bdfb-4343-9004-9be15dfd844c,server/model/players/Client.java,getPA
12acfc45-bdfb-4343-9004-9be15dfd844c,server/model/players/skills/JewelryMaking.java,jewelryInterface,->,12acfc45-bdfb-4343-9004-9be15dfd844c,991eb2a8-284a-4290-ae08-f54cf8834706,609517a1-3a8b-4bd9-8623-3cae47c33a17
12acfc45-bdfb-4343-9004-9be15dfd844c,server/model/players/skills/JewelryMaking.java,jewelryInterface,->,12acfc45-bdfb-4343-9004-9be15dfd844c,server/model/players/Client.java,getPA
12acfc45-bdfb-4343-9004-9be15dfd844c,server/model/players/skills/JewelryMaking.java,jewelryInterface,->,12acfc45-bdfb-4343-9004-9be15dfd844c,991eb2a8-284a-4290-ae08-f54cf8834706,45af8ce2-073f-4550-b281-9a9492802196
12acfc45-bdfb-4343-9004-9be15dfd844c,server/model/players/skills/JewelryMaking.java,jewelryInterface,->,12acfc45-bdfb-4343-9004-9be15dfd844c,server/model/players/Client.java,getPA
12acfc45-bdfb-4343-9004-9be15dfd844c,server/model/players/skills/JewelryMaking.java,jewelryInterface,->,12acfc45-bdfb-4343-9004-9be15dfd844c,991eb2a8-284a-4290-ae08-f54cf8834706,45af8ce2-073f-4550-b281-9a9492802196
12acfc45-bdfb-4343-9004-9be15dfd844c,server/model/players/skills/JewelryMaking.java,jewelryInterface,->,12acfc45-bdfb-4343-9004-9be15dfd844c,server/model/players/Client.java,getPA
12acfc45-bdfb-4343-9004-9be15dfd844c,server/model/players/skills/JewelryMaking.java,jewelryInterface,->,12acfc45-bdfb-4343-9004-9be15dfd844c,991eb2a8-284a-4290-ae08-f54cf8834706,567f87b3-4cc7-43f9-9489-4a8b3527773d
12acfc45-bdfb-4343-9004-9be15dfd844c,server/model/players/skills/JewelryMaking.java,jewelryInterface,->,12acfc45-bdfb-4343-9004-9be15dfd844c,server/model/players/Client.java,getPA
12acfc45-bdfb-4343-9004-9be15dfd844c,server/model/players/skills/JewelryMaking.java,jewelryInterface,->,12acfc45-bdfb-4343-9004-9be15dfd844c,991eb2a8-284a-4290-ae08-f54cf8834706,609517a1-3a8b-4bd9-8623-3cae47c33a17
12acfc45-bdfb-4343-9004-9be15dfd844c,server/model/players/skills/Herblore.java,handleHerbClick,->,12acfc45-bdfb-4343-9004-9be15dfd844c,server/model/players/skills/Herblore.java,idHerb
12acfc45-bdfb-4343-9004-9be15dfd844c,server/model/players/skills/Herblore.java,handlePotMaking,->,12acfc45-bdfb-4343-9004-9be15dfd844c,server/model/players/skills/Herblore.java,isIdedHerb
12acfc45-bdfb-4343-9004-9be15dfd844c,server/model/players/skills/Herblore.java,handlePotMaking,->,12acfc45-bdfb-4343-9004-9be15dfd844c,server/model/players/skills/Herblore.java,makePot
12acfc45-bdfb-4343-9004-9be15dfd844c,server/model/players/skills/Herblore.java,handlePotMaking,->,12acfc45-bdfb-4343-9004-9be15dfd844c,server/model/players/skills/Herblore.java,isIdedHerb
12acfc45-bdfb-4343-9004-9be15dfd844c,server/model/players/skills/Herblore.java,handlePotMaking,->,12acfc45-bdfb-4343-9004-9be15dfd844c,server/model/players/skills/Herblore.java,makePot
12acfc45-bdfb-4343-9004-9be15dfd844c,server/model/players/skills/Herblore.java,idHerb,->,12acfc45-bdfb-4343-9004-9be15dfd844c,server/model/players/Client.java,getItems
12acfc45-bdfb-4343-9004-9be15dfd844c,server/model/players/skills/Herblore.java,idHerb,->,12acfc45-bdfb-4343-9004-9be15dfd844c,server/model/items/ItemAssistant.java,playerHasItem
12acfc45-bdfb-4343-9004-9be15dfd844c,server/model/players/skills/Herblore.java,idHerb,->,12acfc45-bdfb-4343-9004-9be15dfd844c,server/model/players/Client.java,getItems
12acfc45-bdfb-4343-9004-9be15dfd844c,server/model/players/skills/Herblore.java,idHerb,->,12acfc45-bdfb-4343-9004-9be15dfd844c,server/model/players/Client.java,getItems
12acfc45-bdfb-4343-9004-9be15dfd844c,server/model/players/skills/Herblore.java,idHerb,->,12acfc45-bdfb-4343-9004-9be15dfd844c,server/model/items/ItemAssistant.java,getItemSlot
12acfc45-bdfb-4343-9004-9be15dfd844c,server/model/players/skills/Herblore.java,idHerb,->,12acfc45-bdfb-4343-9004-9be15dfd844c,server/model/items/ItemAssistant.java,deleteItem
12acfc45-bdfb-4343-9004-9be15dfd844c,server/model/players/skills/Herblore.java,idHerb,->,12acfc45-bdfb-4343-9004-9be15dfd844c,server/model/players/Client.java,getItems
12acfc45-bdfb-4343-9004-9be15dfd844c,server/model/players/skills/Herblore.java,idHerb,->,12acfc45-bdfb-4343-9004-9be15dfd844c,server/model/items/ItemAssistant.java,addItem
12acfc45-bdfb-4343-9004-9be15dfd844c,server/model/players/skills/Herblore.java,idHerb,->,12acfc45-bdfb-4343-9004-9be15dfd844c,server/model/players/Client.java,getPA
12acfc45-bdfb-4343-9004-9be15dfd844c,server/model/players/skills/Herblore.java,idHerb,->,12acfc45-bdfb-4343-9004-9be15dfd844c,991eb2a8-284a-4290-ae08-f54cf8834706,0955b7e8-1203-4e9d-8e85-6eeaf5af5ce5
12acfc45-bdfb-4343-9004-9be15dfd844c,server/model/players/skills/Herblore.java,idHerb,->,12acfc45-bdfb-4343-9004-9be15dfd844c,java/lang/StringBuilder.java,append
12acfc45-bdfb-4343-9004-9be15dfd844c,server/model/players/skills/Herblore.java,idHerb,->,12acfc45-bdfb-4343-9004-9be15dfd844c,server/model/players/Client.java,getItems
12acfc45-bdfb-4343-9004-9be15dfd844c,server/model/players/skills/Herblore.java,idHerb,->,12acfc45-bdfb-4343-9004-9be15dfd844c,server/model/items/ItemAssistant.java,getItemName
12acfc45-bdfb-4343-9004-9be15dfd844c,server/model/players/skills/Herblore.java,idHerb,->,12acfc45-bdfb-4343-9004-9be15dfd844c,java/lang/StringBuilder.java,append
12acfc45-bdfb-4343-9004-9be15dfd844c,server/model/players/skills/Herblore.java,idHerb,->,12acfc45-bdfb-4343-9004-9be15dfd844c,java/lang/StringBuilder.java,append
12acfc45-bdfb-4343-9004-9be15dfd844c,server/model/players/skills/Herblore.java,idHerb,->,12acfc45-bdfb-4343-9004-9be15dfd844c,java/lang/StringBuilder.java,toString
12acfc45-bdfb-4343-9004-9be15dfd844c,server/model/players/skills/Herblore.java,idHerb,->,12acfc45-bdfb-4343-9004-9be15dfd844c,server/model/players/Client.java,sendMessage
12acfc45-bdfb-4343-9004-9be15dfd844c,server/model/players/skills/Herblore.java,idHerb,->,12acfc45-bdfb-4343-9004-9be15dfd844c,java/lang/StringBuilder.java,append
12acfc45-bdfb-4343-9004-9be15dfd844c,server/model/players/skills/Herblore.java,idHerb,->,12acfc45-bdfb-4343-9004-9be15dfd844c,java/lang/StringBuilder.java,append
12acfc45-bdfb-4343-9004-9be15dfd844c,server/model/players/skills/Herblore.java,idHerb,->,12acfc45-bdfb-4343-9004-9be15dfd844c,java/lang/StringBuilder.java,append
12acfc45-bdfb-4343-9004-9be15dfd844c,server/model/players/skills/Herblore.java,idHerb,->,12acfc45-bdfb-4343-9004-9be15dfd844c,java/lang/StringBuilder.java,toString
12acfc45-bdfb-4343-9004-9be15dfd844c,server/model/players/skills/Herblore.java,idHerb,->,12acfc45-bdfb-4343-9004-9be15dfd844c,server/model/players/Client.java,sendMessage
12acfc45-bdfb-4343-9004-9be15dfd844c,server/model/players/skills/Herblore.java,makePot,->,12acfc45-bdfb-4343-9004-9be15dfd844c,server/model/players/Client.java,getItems
12acfc45-bdfb-4343-9004-9be15dfd844c,server/model/players/skills/Herblore.java,makePot,->,12acfc45-bdfb-4343-9004-9be15dfd844c,server/model/items/ItemAssistant.java,playerHasItem
12acfc45-bdfb-4343-9004-9be15dfd844c,server/model/players/skills/Herblore.java,makePot,->,12acfc45-bdfb-4343-9004-9be15dfd844c,server/model/players/Client.java,getItems
12acfc45-bdfb-4343-9004-9be15dfd844c,server/model/players/skills/Herblore.java,makePot,->,12acfc45-bdfb-4343-9004-9be15dfd844c,server/model/items/ItemAssistant.java,playerHasItem
12acfc45-bdfb-4343-9004-9be15dfd844c,server/model/players/skills/Herblore.java,makePot,->,12acfc45-bdfb-4343-9004-9be15dfd844c,server/model/players/skills/Herblore.java,getSlot
12acfc45-bdfb-4343-9004-9be15dfd844c,server/model/players/skills/Herblore.java,makePot,->,12acfc45-bdfb-4343-9004-9be15dfd844c,server/model/players/Client.java,getItems
12acfc45-bdfb-4343-9004-9be15dfd844c,server/model/players/skills/Herblore.java,makePot,->,12acfc45-bdfb-4343-9004-9be15dfd844c,server/model/players/Client.java,getItems
12acfc45-bdfb-4343-9004-9be15dfd844c,server/model/players/skills/Herblore.java,makePot,->,12acfc45-bdfb-4343-9004-9be15dfd844c,server/model/items/ItemAssistant.java,getItemSlot
12acfc45-bdfb-4343-9004-9be15dfd844c,server/model/players/skills/Herblore.java,makePot,->,12acfc45-bdfb-4343-9004-9be15dfd844c,server/model/items/ItemAssistant.java,deleteItem
12acfc45-bdfb-4343-9004-9be15dfd844c,server/model/players/skills/Herblore.java,makePot,->,12acfc45-bdfb-4343-9004-9be15dfd844c,server/model/players/Client.java,getItems
12acfc45-bdfb-4343-9004-9be15dfd844c,server/model/players/skills/Herblore.java,makePot,->,12acfc45-bdfb-4343-9004-9be15dfd844c,server/model/players/Client.java,getItems
12acfc45-bdfb-4343-9004-9be15dfd844c,server/model/players/skills/Herblore.java,makePot,->,12acfc45-bdfb-4343-9004-9be15dfd844c,server/model/items/ItemAssistant.java,getItemSlot
12acfc45-bdfb-4343-9004-9be15dfd844c,server/model/players/skills/Herblore.java,makePot,->,12acfc45-bdfb-4343-9004-9be15dfd844c,server/model/items/ItemAssistant.java,deleteItem
12acfc45-bdfb-4343-9004-9be15dfd844c,server/model/players/skills/Herblore.java,makePot,->,12acfc45-bdfb-4343-9004-9be15dfd844c,server/model/players/Client.java,getItems
12acfc45-bdfb-4343-9004-9be15dfd844c,server/model/players/skills/Herblore.java,makePot,->,12acfc45-bdfb-4343-9004-9be15dfd844c,server/model/items/ItemAssistant.java,addItem
12acfc45-bdfb-4343-9004-9be15dfd844c,server/model/players/skills/Herblore.java,makePot,->,12acfc45-bdfb-4343-9004-9be15dfd844c,java/lang/StringBuilder.java,append
12acfc45-bdfb-4343-9004-9be15dfd844c,server/model/players/skills/Herblore.java,makePot,->,12acfc45-bdfb-4343-9004-9be15dfd844c,server/model/players/Client.java,getItems
12acfc45-bdfb-4343-9004-9be15dfd844c,server/model/players/skills/Herblore.java,makePot,->,12acfc45-bdfb-4343-9004-9be15dfd844c,server/model/items/ItemAssistant.java,getItemName
12acfc45-bdfb-4343-9004-9be15dfd844c,server/model/players/skills/Herblore.java,makePot,->,12acfc45-bdfb-4343-9004-9be15dfd844c,java/lang/StringBuilder.java,append
12acfc45-bdfb-4343-9004-9be15dfd844c,server/model/players/skills/Herblore.java,makePot,->,12acfc45-bdfb-4343-9004-9be15dfd844c,java/lang/StringBuilder.java,append
12acfc45-bdfb-4343-9004-9be15dfd844c,server/model/players/skills/Herblore.java,makePot,->,12acfc45-bdfb-4343-9004-9be15dfd844c,java/lang/StringBuilder.java,toString
12acfc45-bdfb-4343-9004-9be15dfd844c,server/model/players/skills/Herblore.java,makePot,->,12acfc45-bdfb-4343-9004-9be15dfd844c,server/model/players/Client.java,sendMessage
12acfc45-bdfb-4343-9004-9be15dfd844c,server/model/players/skills/Herblore.java,makePot,->,12acfc45-bdfb-4343-9004-9be15dfd844c,server/model/players/Client.java,getPA
12acfc45-bdfb-4343-9004-9be15dfd844c,server/model/players/skills/Herblore.java,makePot,->,12acfc45-bdfb-4343-9004-9be15dfd844c,991eb2a8-284a-4290-ae08-f54cf8834706,0955b7e8-1203-4e9d-8e85-6eeaf5af5ce5
12acfc45-bdfb-4343-9004-9be15dfd844c,server/model/players/skills/Herblore.java,makePot,->,12acfc45-bdfb-4343-9004-9be15dfd844c,java/lang/StringBuilder.java,append
12acfc45-bdfb-4343-9004-9be15dfd844c,server/model/players/skills/Herblore.java,makePot,->,12acfc45-bdfb-4343-9004-9be15dfd844c,java/lang/StringBuilder.java,append
12acfc45-bdfb-4343-9004-9be15dfd844c,server/model/players/skills/Herblore.java,makePot,->,12acfc45-bdfb-4343-9004-9be15dfd844c,java/lang/StringBuilder.java,append
12acfc45-bdfb-4343-9004-9be15dfd844c,server/model/players/skills/Herblore.java,makePot,->,12acfc45-bdfb-4343-9004-9be15dfd844c,java/lang/StringBuilder.java,toString
12acfc45-bdfb-4343-9004-9be15dfd844c,server/model/players/skills/Herblore.java,makePot,->,12acfc45-bdfb-4343-9004-9be15dfd844c,server/model/players/Client.java,sendMessage
12acfc45-bdfb-4343-9004-9be15dfd844c,server/model/players/skills/Agility$4.java,execute,->,12acfc45-bdfb-4343-9004-9be15dfd844c,6dd0c5db-72ba-4498-883f-a3c8c3333519,2c14e4eb-2b3e-4056-bf8e-5218f96f0ad5
12acfc45-bdfb-4343-9004-9be15dfd844c,server/model/players/skills/Agility$4.java,stop,->,12acfc45-bdfb-4343-9004-9be15dfd844c,server/model/players/Client.java,startAnimation
12acfc45-bdfb-4343-9004-9be15dfd844c,server/model/players/skills/Agility$4.java,stop,->,12acfc45-bdfb-4343-9004-9be15dfd844c,server/model/players/skills/Agility.java,access$000
12acfc45-bdfb-4343-9004-9be15dfd844c,server/model/players/skills/Agility$4.java,stop,->,12acfc45-bdfb-4343-9004-9be15dfd844c,server/model/players/skills/Agility.java,access$100
12acfc45-bdfb-4343-9004-9be15dfd844c,server/model/players/skills/Agility$4.java,stop,->,12acfc45-bdfb-4343-9004-9be15dfd844c,server/model/players/skills/Agility.java,access$400
12acfc45-bdfb-4343-9004-9be15dfd844c,server/model/players/skills/Agility$4.java,stop,->,12acfc45-bdfb-4343-9004-9be15dfd844c,server/model/players/skills/Agility.java,access$500
12acfc45-bdfb-4343-9004-9be15dfd844c,server/model/players/skills/Agility$4.java,stop,->,12acfc45-bdfb-4343-9004-9be15dfd844c,server/model/players/skills/Agility.java,access$200
12acfc45-bdfb-4343-9004-9be15dfd844c,server/model/players/skills/Agility$4.java,stop,->,12acfc45-bdfb-4343-9004-9be15dfd844c,server/model/players/skills/Agility.java,access$600
12acfc45-bdfb-4343-9004-9be15dfd844c,server/model/players/skills/Agility$4.java,stop,->,12acfc45-bdfb-4343-9004-9be15dfd844c,server/model/players/skills/Agility.java,access$300
12acfc45-bdfb-4343-9004-9be15dfd844c,server/model/players/skills/Agility$4.java,stop,->,12acfc45-bdfb-4343-9004-9be15dfd844c,server/model/players/Client.java,getPA
12acfc45-bdfb-4343-9004-9be15dfd844c,server/model/players/skills/Agility$4.java,stop,->,12acfc45-bdfb-4343-9004-9be15dfd844c,991eb2a8-284a-4290-ae08-f54cf8834706,0955b7e8-1203-4e9d-8e85-6eeaf5af5ce5
12acfc45-bdfb-4343-9004-9be15dfd844c,server/model/players/skills/Agility$4.java,stop,->,12acfc45-bdfb-4343-9004-9be15dfd844c,server/model/players/Client.java,sendMessage
12acfc45-bdfb-4343-9004-9be15dfd844c,server/model/players/skills/Agility$4.java,stop,->,12acfc45-bdfb-4343-9004-9be15dfd844c,server/model/players/Client.java,getPA
12acfc45-bdfb-4343-9004-9be15dfd844c,server/model/players/skills/Agility$4.java,stop,->,12acfc45-bdfb-4343-9004-9be15dfd844c,991eb2a8-284a-4290-ae08-f54cf8834706,0955b7e8-1203-4e9d-8e85-6eeaf5af5ce5
12acfc45-bdfb-4343-9004-9be15dfd844c,server/model/players/skills/Agility$4.java,stop,->,12acfc45-bdfb-4343-9004-9be15dfd844c,server/model/players/skills/Agility.java,access$102
12acfc45-bdfb-4343-9004-9be15dfd844c,server/model/players/skills/Agility$4.java,stop,->,12acfc45-bdfb-4343-9004-9be15dfd844c,server/model/players/skills/Agility.java,access$402
12acfc45-bdfb-4343-9004-9be15dfd844c,server/model/players/skills/Agility$4.java,stop,->,12acfc45-bdfb-4343-9004-9be15dfd844c,server/model/players/skills/Agility.java,access$502
12acfc45-bdfb-4343-9004-9be15dfd844c,server/model/players/skills/Agility$4.java,stop,->,12acfc45-bdfb-4343-9004-9be15dfd844c,server/model/players/skills/Agility.java,access$202
12acfc45-bdfb-4343-9004-9be15dfd844c,server/model/players/skills/Agility$4.java,stop,->,12acfc45-bdfb-4343-9004-9be15dfd844c,server/model/players/skills/Agility.java,access$602
12acfc45-bdfb-4343-9004-9be15dfd844c,server/model/players/skills/Agility$4.java,stop,->,12acfc45-bdfb-4343-9004-9be15dfd844c,server/model/players/skills/Agility.java,access$302
12acfc45-bdfb-4343-9004-9be15dfd844c,server/model/players/skills/Cooking$1.java,execute,->,12acfc45-bdfb-4343-9004-9be15dfd844c,server/model/players/Client.java,getItems
12acfc45-bdfb-4343-9004-9be15dfd844c,server/model/players/skills/Cooking$1.java,execute,->,12acfc45-bdfb-4343-9004-9be15dfd844c,server/model/players/Client.java,getItems
12acfc45-bdfb-4343-9004-9be15dfd844c,server/model/players/skills/Cooking$1.java,execute,->,12acfc45-bdfb-4343-9004-9be15dfd844c,server/model/items/ItemAssistant.java,getItemSlot
12acfc45-bdfb-4343-9004-9be15dfd844c,server/model/players/skills/Cooking$1.java,execute,->,12acfc45-bdfb-4343-9004-9be15dfd844c,server/model/items/ItemAssistant.java,deleteItem
12acfc45-bdfb-4343-9004-9be15dfd844c,server/model/players/skills/Cooking$1.java,execute,->,12acfc45-bdfb-4343-9004-9be15dfd844c,server/model/players/skills/Cooking.java,access$000
12acfc45-bdfb-4343-9004-9be15dfd844c,server/model/players/skills/Cooking$1.java,execute,->,12acfc45-bdfb-4343-9004-9be15dfd844c,2c89cfe4-ed6d-446f-832b-3c203feb3155,12264cea-e176-47b1-b1bb-e3a14dc18d35
12acfc45-bdfb-4343-9004-9be15dfd844c,server/model/players/skills/Cooking$1.java,execute,->,12acfc45-bdfb-4343-9004-9be15dfd844c,2c89cfe4-ed6d-446f-832b-3c203feb3155,12264cea-e176-47b1-b1bb-e3a14dc18d35
12acfc45-bdfb-4343-9004-9be15dfd844c,server/model/players/skills/Cooking$1.java,execute,->,12acfc45-bdfb-4343-9004-9be15dfd844c,java/lang/StringBuilder.java,append
12acfc45-bdfb-4343-9004-9be15dfd844c,server/model/players/skills/Cooking$1.java,execute,->,12acfc45-bdfb-4343-9004-9be15dfd844c,server/model/players/Client.java,getItems
12acfc45-bdfb-4343-9004-9be15dfd844c,server/model/players/skills/Cooking$1.java,execute,->,12acfc45-bdfb-4343-9004-9be15dfd844c,server/model/items/ItemAssistant.java,getItemName
12acfc45-bdfb-4343-9004-9be15dfd844c,server/model/players/skills/Cooking$1.java,execute,->,12acfc45-bdfb-4343-9004-9be15dfd844c,java/lang/String.java,toLowerCase
12acfc45-bdfb-4343-9004-9be15dfd844c,server/model/players/skills/Cooking$1.java,execute,->,12acfc45-bdfb-4343-9004-9be15dfd844c,java/lang/StringBuilder.java,append
12acfc45-bdfb-4343-9004-9be15dfd844c,server/model/players/skills/Cooking$1.java,execute,->,12acfc45-bdfb-4343-9004-9be15dfd844c,java/lang/StringBuilder.java,append
12acfc45-bdfb-4343-9004-9be15dfd844c,server/model/players/skills/Cooking$1.java,execute,->,12acfc45-bdfb-4343-9004-9be15dfd844c,java/lang/StringBuilder.java,toString
12acfc45-bdfb-4343-9004-9be15dfd844c,server/model/players/skills/Cooking$1.java,execute,->,12acfc45-bdfb-4343-9004-9be15dfd844c,server/model/players/Client.java,sendMessage
12acfc45-bdfb-4343-9004-9be15dfd844c,server/model/players/skills/Cooking$1.java,execute,->,12acfc45-bdfb-4343-9004-9be15dfd844c,server/model/players/Client.java,getPA
12acfc45-bdfb-4343-9004-9be15dfd844c,server/model/players/skills/Cooking$1.java,execute,->,12acfc45-bdfb-4343-9004-9be15dfd844c,991eb2a8-284a-4290-ae08-f54cf8834706,0955b7e8-1203-4e9d-8e85-6eeaf5af5ce5
12acfc45-bdfb-4343-9004-9be15dfd844c,server/model/players/skills/Cooking$1.java,execute,->,12acfc45-bdfb-4343-9004-9be15dfd844c,server/model/players/Client.java,getItems
12acfc45-bdfb-4343-9004-9be15dfd844c,server/model/players/skills/Cooking$1.java,execute,->,12acfc45-bdfb-4343-9004-9be15dfd844c,server/model/items/ItemAssistant.java,addItem
12acfc45-bdfb-4343-9004-9be15dfd844c,server/model/players/skills/Cooking$1.java,execute,->,12acfc45-bdfb-4343-9004-9be15dfd844c,java/lang/StringBuilder.java,append
12acfc45-bdfb-4343-9004-9be15dfd844c,server/model/players/skills/Cooking$1.java,execute,->,12acfc45-bdfb-4343-9004-9be15dfd844c,server/model/players/Client.java,getItems
12acfc45-bdfb-4343-9004-9be15dfd844c,server/model/players/skills/Cooking$1.java,execute,->,12acfc45-bdfb-4343-9004-9be15dfd844c,server/model/items/ItemAssistant.java,getItemName
12acfc45-bdfb-4343-9004-9be15dfd844c,server/model/players/skills/Cooking$1.java,execute,->,12acfc45-bdfb-4343-9004-9be15dfd844c,java/lang/String.java,toLowerCase
12acfc45-bdfb-4343-9004-9be15dfd844c,server/model/players/skills/Cooking$1.java,execute,->,12acfc45-bdfb-4343-9004-9be15dfd844c,java/lang/StringBuilder.java,append
12acfc45-bdfb-4343-9004-9be15dfd844c,server/model/players/skills/Cooking$1.java,execute,->,12acfc45-bdfb-4343-9004-9be15dfd844c,java/lang/StringBuilder.java,append
12acfc45-bdfb-4343-9004-9be15dfd844c,server/model/players/skills/Cooking$1.java,execute,->,12acfc45-bdfb-4343-9004-9be15dfd844c,java/lang/StringBuilder.java,toString
12acfc45-bdfb-4343-9004-9be15dfd844c,server/model/players/skills/Cooking$1.java,execute,->,12acfc45-bdfb-4343-9004-9be15dfd844c,server/model/players/Client.java,sendMessage
12acfc45-bdfb-4343-9004-9be15dfd844c,server/model/players/skills/Cooking$1.java,execute,->,12acfc45-bdfb-4343-9004-9be15dfd844c,server/model/players/Client.java,getItems
12acfc45-bdfb-4343-9004-9be15dfd844c,server/model/players/skills/Cooking$1.java,execute,->,12acfc45-bdfb-4343-9004-9be15dfd844c,server/model/items/ItemAssistant.java,addItem
12acfc45-bdfb-4343-9004-9be15dfd844c,server/model/players/skills/Cooking$1.java,execute,->,12acfc45-bdfb-4343-9004-9be15dfd844c,server/model/players/skills/SkillHandler.java,deleteTime
12acfc45-bdfb-4343-9004-9be15dfd844c,server/model/players/skills/Cooking$1.java,execute,->,12acfc45-bdfb-4343-9004-9be15dfd844c,server/model/players/Client.java,getItems
12acfc45-bdfb-4343-9004-9be15dfd844c,server/model/players/skills/Cooking$1.java,execute,->,12acfc45-bdfb-4343-9004-9be15dfd844c,server/model/items/ItemAssistant.java,playerHasItem
12acfc45-bdfb-4343-9004-9be15dfd844c,server/model/players/skills/Cooking$1.java,execute,->,12acfc45-bdfb-4343-9004-9be15dfd844c,6dd0c5db-72ba-4498-883f-a3c8c3333519,2c14e4eb-2b3e-4056-bf8e-5218f96f0ad5
12acfc45-bdfb-4343-9004-9be15dfd844c,server/model/players/skills/Cooking$1.java,execute,->,12acfc45-bdfb-4343-9004-9be15dfd844c,6dd0c5db-72ba-4498-883f-a3c8c3333519,2c14e4eb-2b3e-4056-bf8e-5218f96f0ad5
12acfc45-bdfb-4343-9004-9be15dfd844c,server/model/players/skills/Cooking$1.java,stop,->,12acfc45-bdfb-4343-9004-9be15dfd844c,server/model/players/skills/Cooking.java,resetCooking
12acfc45-bdfb-4343-9004-9be15dfd844c,server/model/players/skills/Mining$1.java,execute,->,12acfc45-bdfb-4343-9004-9be15dfd844c,server/model/players/Client.java,getItems
12acfc45-bdfb-4343-9004-9be15dfd844c,server/model/players/skills/Mining$1.java,execute,->,12acfc45-bdfb-4343-9004-9be15dfd844c,server/model/items/ItemAssistant.java,addItem
12acfc45-bdfb-4343-9004-9be15dfd844c,server/model/players/skills/Mining$1.java,execute,->,12acfc45-bdfb-4343-9004-9be15dfd844c,java/lang/StringBuilder.java,append
12acfc45-bdfb-4343-9004-9be15dfd844c,server/model/players/skills/Mining$1.java,execute,->,12acfc45-bdfb-4343-9004-9be15dfd844c,server/model/players/Client.java,getItems
12acfc45-bdfb-4343-9004-9be15dfd844c,server/model/players/skills/Mining$1.java,execute,->,12acfc45-bdfb-4343-9004-9be15dfd844c,server/model/items/ItemAssistant.java,getItemName
12acfc45-bdfb-4343-9004-9be15dfd844c,server/model/players/skills/Mining$1.java,execute,->,12acfc45-bdfb-4343-9004-9be15dfd844c,java/lang/String.java,toLowerCase
12acfc45-bdfb-4343-9004-9be15dfd844c,server/model/players/skills/Mining$1.java,execute,->,12acfc45-bdfb-4343-9004-9be15dfd844c,java/lang/StringBuilder.java,append
12acfc45-bdfb-4343-9004-9be15dfd844c,server/model/players/skills/Mining$1.java,execute,->,12acfc45-bdfb-4343-9004-9be15dfd844c,java/lang/StringBuilder.java,append
12acfc45-bdfb-4343-9004-9be15dfd844c,server/model/players/skills/Mining$1.java,execute,->,12acfc45-bdfb-4343-9004-9be15dfd844c,java/lang/StringBuilder.java,toString
12acfc45-bdfb-4343-9004-9be15dfd844c,server/model/players/skills/Mining$1.java,execute,->,12acfc45-bdfb-4343-9004-9be15dfd844c,server/model/players/Client.java,sendMessage
12acfc45-bdfb-4343-9004-9be15dfd844c,server/model/players/skills/Mining$1.java,execute,->,12acfc45-bdfb-4343-9004-9be15dfd844c,server/model/players/Client.java,getPA
12acfc45-bdfb-4343-9004-9be15dfd844c,server/model/players/skills/Mining$1.java,execute,->,12acfc45-bdfb-4343-9004-9be15dfd844c,991eb2a8-284a-4290-ae08-f54cf8834706,0955b7e8-1203-4e9d-8e85-6eeaf5af5ce5
12acfc45-bdfb-4343-9004-9be15dfd844c,server/model/players/skills/Mining$1.java,execute,->,12acfc45-bdfb-4343-9004-9be15dfd844c,server/model/players/skills/Mining.java,access$000
12acfc45-bdfb-4343-9004-9be15dfd844c,server/model/players/skills/Mining$1.java,execute,->,12acfc45-bdfb-4343-9004-9be15dfd844c,server/model/players/Client.java,startAnimation
12acfc45-bdfb-4343-9004-9be15dfd844c,server/model/players/skills/Mining$1.java,execute,->,12acfc45-bdfb-4343-9004-9be15dfd844c,server/model/players/skills/Mining.java,access$100
12acfc45-bdfb-4343-9004-9be15dfd844c,server/model/players/skills/Mining$1.java,execute,->,12acfc45-bdfb-4343-9004-9be15dfd844c,server/model/players/Client.java,sendMessage
12acfc45-bdfb-4343-9004-9be15dfd844c,server/model/players/skills/Mining$1.java,execute,->,12acfc45-bdfb-4343-9004-9be15dfd844c,server/model/players/skills/Mining.java,resetMining
12acfc45-bdfb-4343-9004-9be15dfd844c,server/model/players/skills/Mining$1.java,execute,->,12acfc45-bdfb-4343-9004-9be15dfd844c,6dd0c5db-72ba-4498-883f-a3c8c3333519,2c14e4eb-2b3e-4056-bf8e-5218f96f0ad5
12acfc45-bdfb-4343-9004-9be15dfd844c,server/model/players/skills/Mining$1.java,execute,->,12acfc45-bdfb-4343-9004-9be15dfd844c,server/model/players/skills/Mining.java,resetMining
12acfc45-bdfb-4343-9004-9be15dfd844c,server/model/players/skills/Mining$1.java,execute,->,12acfc45-bdfb-4343-9004-9be15dfd844c,6dd0c5db-72ba-4498-883f-a3c8c3333519,2c14e4eb-2b3e-4056-bf8e-5218f96f0ad5
12acfc45-bdfb-4343-9004-9be15dfd844c,server/model/players/skills/Mining$1.java,execute,->,12acfc45-bdfb-4343-9004-9be15dfd844c,server/model/players/skills/SkillHandler.java,noInventorySpace
12acfc45-bdfb-4343-9004-9be15dfd844c,server/model/players/skills/Mining$1.java,execute,->,12acfc45-bdfb-4343-9004-9be15dfd844c,server/model/players/skills/Mining.java,resetMining
12acfc45-bdfb-4343-9004-9be15dfd844c,server/model/players/skills/Mining$1.java,execute,->,12acfc45-bdfb-4343-9004-9be15dfd844c,6dd0c5db-72ba-4498-883f-a3c8c3333519,2c14e4eb-2b3e-4056-bf8e-5218f96f0ad5
12acfc45-bdfb-4343-9004-9be15dfd844c,server/model/players/skills/CraftingData$jewelryData.java,values,->,12acfc45-bdfb-4343-9004-9be15dfd844c,server/model/players/skills/CraftingData$jewelryData.java,clone
12acfc45-bdfb-4343-9004-9be15dfd844c,server/model/players/skills/CraftingData$jewelryData.java,valueOf,->,12acfc45-bdfb-4343-9004-9be15dfd844c,java/lang/Enum.java,valueOf
12acfc45-bdfb-4343-9004-9be15dfd844c,server/model/players/skills/GemCutting$1.java,execute,->,12acfc45-bdfb-4343-9004-9be15dfd844c,server/model/players/Client.java,getItems
12acfc45-bdfb-4343-9004-9be15dfd844c,server/model/players/skills/GemCutting$1.java,execute,->,12acfc45-bdfb-4343-9004-9be15dfd844c,server/model/items/ItemAssistant.java,playerHasItem
12acfc45-bdfb-4343-9004-9be15dfd844c,server/model/players/skills/GemCutting$1.java,execute,->,12acfc45-bdfb-4343-9004-9be15dfd844c,server/model/players/Client.java,getItems
12acfc45-bdfb-4343-9004-9be15dfd844c,server/model/players/skills/GemCutting$1.java,execute,->,12acfc45-bdfb-4343-9004-9be15dfd844c,server/model/items/ItemAssistant.java,deleteItem
12acfc45-bdfb-4343-9004-9be15dfd844c,server/model/players/skills/GemCutting$1.java,execute,->,12acfc45-bdfb-4343-9004-9be15dfd844c,server/model/players/Client.java,getItems
12acfc45-bdfb-4343-9004-9be15dfd844c,server/model/players/skills/GemCutting$1.java,execute,->,12acfc45-bdfb-4343-9004-9be15dfd844c,server/model/players/skills/CraftingData$cutGemData.java,getCut
12acfc45-bdfb-4343-9004-9be15dfd844c,server/model/players/skills/GemCutting$1.java,execute,->,12acfc45-bdfb-4343-9004-9be15dfd844c,server/model/items/ItemAssistant.java,addItem
12acfc45-bdfb-4343-9004-9be15dfd844c,server/model/players/skills/GemCutting$1.java,execute,->,12acfc45-bdfb-4343-9004-9be15dfd844c,server/model/players/Client.java,getPA
12acfc45-bdfb-4343-9004-9be15dfd844c,server/model/players/skills/GemCutting$1.java,execute,->,12acfc45-bdfb-4343-9004-9be15dfd844c,server/model/players/skills/CraftingData$cutGemData.java,getXP
12acfc45-bdfb-4343-9004-9be15dfd844c,server/model/players/skills/GemCutting$1.java,execute,->,12acfc45-bdfb-4343-9004-9be15dfd844c,991eb2a8-284a-4290-ae08-f54cf8834706,0955b7e8-1203-4e9d-8e85-6eeaf5af5ce5
12acfc45-bdfb-4343-9004-9be15dfd844c,server/model/players/skills/GemCutting$1.java,execute,->,12acfc45-bdfb-4343-9004-9be15dfd844c,java/lang/StringBuilder.java,append
12acfc45-bdfb-4343-9004-9be15dfd844c,server/model/players/skills/GemCutting$1.java,execute,->,12acfc45-bdfb-4343-9004-9be15dfd844c,server/model/players/Client.java,getItems
12acfc45-bdfb-4343-9004-9be15dfd844c,server/model/players/skills/GemCutting$1.java,execute,->,12acfc45-bdfb-4343-9004-9be15dfd844c,server/model/items/ItemAssistant.java,getItemName
12acfc45-bdfb-4343-9004-9be15dfd844c,server/model/players/skills/GemCutting$1.java,execute,->,12acfc45-bdfb-4343-9004-9be15dfd844c,java/lang/String.java,toLowerCase
12acfc45-bdfb-4343-9004-9be15dfd844c,server/model/players/skills/GemCutting$1.java,execute,->,12acfc45-bdfb-4343-9004-9be15dfd844c,java/lang/StringBuilder.java,append
12acfc45-bdfb-4343-9004-9be15dfd844c,server/model/players/skills/GemCutting$1.java,execute,->,12acfc45-bdfb-4343-9004-9be15dfd844c,java/lang/StringBuilder.java,append
12acfc45-bdfb-4343-9004-9be15dfd844c,server/model/players/skills/GemCutting$1.java,execute,->,12acfc45-bdfb-4343-9004-9be15dfd844c,java/lang/StringBuilder.java,toString
12acfc45-bdfb-4343-9004-9be15dfd844c,server/model/players/skills/GemCutting$1.java,execute,->,12acfc45-bdfb-4343-9004-9be15dfd844c,server/model/players/Client.java,sendMessage
12acfc45-bdfb-4343-9004-9be15dfd844c,server/model/players/skills/GemCutting$1.java,execute,->,12acfc45-bdfb-4343-9004-9be15dfd844c,server/model/players/skills/CraftingData$cutGemData.java,getAnimation
12acfc45-bdfb-4343-9004-9be15dfd844c,server/model/players/skills/GemCutting$1.java,execute,->,12acfc45-bdfb-4343-9004-9be15dfd844c,server/model/players/Client.java,startAnimation
12acfc45-bdfb-4343-9004-9be15dfd844c,server/model/players/skills/GemCutting$1.java,execute,->,12acfc45-bdfb-4343-9004-9be15dfd844c,6dd0c5db-72ba-4498-883f-a3c8c3333519,2c14e4eb-2b3e-4056-bf8e-5218f96f0ad5
12acfc45-bdfb-4343-9004-9be15dfd844c,server/model/players/skills/GemCutting$1.java,execute,->,12acfc45-bdfb-4343-9004-9be15dfd844c,6dd0c5db-72ba-4498-883f-a3c8c3333519,2c14e4eb-2b3e-4056-bf8e-5218f96f0ad5
12acfc45-bdfb-4343-9004-9be15dfd844c,server/model/players/skills/Thieving$2.java,execute,->,12acfc45-bdfb-4343-9004-9be15dfd844c,server/model/players/skills/Thieving.java,access$000
12acfc45-bdfb-4343-9004-9be15dfd844c,server/model/players/skills/Thieving$2.java,execute,->,12acfc45-bdfb-4343-9004-9be15dfd844c,server/model/players/Client.java,setHitDiff
12acfc45-bdfb-4343-9004-9be15dfd844c,server/model/players/skills/Thieving$2.java,execute,->,12acfc45-bdfb-4343-9004-9be15dfd844c,server/model/players/Client.java,setHitUpdateRequired
12acfc45-bdfb-4343-9004-9be15dfd844c,server/model/players/skills/Thieving$2.java,execute,->,12acfc45-bdfb-4343-9004-9be15dfd844c,server/model/players/skills/Thieving.java,access$000
12acfc45-bdfb-4343-9004-9be15dfd844c,server/model/players/skills/Thieving$2.java,execute,->,12acfc45-bdfb-4343-9004-9be15dfd844c,server/model/players/Client.java,getPA
12acfc45-bdfb-4343-9004-9be15dfd844c,server/model/players/skills/Thieving$2.java,execute,->,12acfc45-bdfb-4343-9004-9be15dfd844c,991eb2a8-284a-4290-ae08-f54cf8834706,cc581d00-f04e-4278-8aaf-0ecbd93e9b04
12acfc45-bdfb-4343-9004-9be15dfd844c,server/model/players/skills/Thieving$2.java,execute,->,12acfc45-bdfb-4343-9004-9be15dfd844c,server/model/players/Client.java,gfx100
12acfc45-bdfb-4343-9004-9be15dfd844c,server/model/players/skills/Thieving$2.java,execute,->,12acfc45-bdfb-4343-9004-9be15dfd844c,server/model/players/Client.java,startAnimation
12acfc45-bdfb-4343-9004-9be15dfd844c,server/model/players/skills/Thieving$2.java,execute,->,12acfc45-bdfb-4343-9004-9be15dfd844c,java/lang/System.java,currentTimeMillis
12acfc45-bdfb-4343-9004-9be15dfd844c,server/model/players/skills/Thieving$2.java,execute,->,12acfc45-bdfb-4343-9004-9be15dfd844c,java/lang/StringBuilder.java,append
12acfc45-bdfb-4343-9004-9be15dfd844c,server/model/players/skills/Thieving$2.java,execute,->,12acfc45-bdfb-4343-9004-9be15dfd844c,server/model/players/skills/Thieving.java,access$000
12acfc45-bdfb-4343-9004-9be15dfd844c,server/model/players/skills/Thieving$2.java,execute,->,12acfc45-bdfb-4343-9004-9be15dfd844c,server/model/npcs/NPCHandler.java,getNpcListName
12acfc45-bdfb-4343-9004-9be15dfd844c,server/model/players/skills/Thieving$2.java,execute,->,12acfc45-bdfb-4343-9004-9be15dfd844c,java/lang/StringBuilder.java,append
12acfc45-bdfb-4343-9004-9be15dfd844c,server/model/players/skills/Thieving$2.java,execute,->,12acfc45-bdfb-4343-9004-9be15dfd844c,java/lang/StringBuilder.java,append
12acfc45-bdfb-4343-9004-9be15dfd844c,server/model/players/skills/Thieving$2.java,execute,->,12acfc45-bdfb-4343-9004-9be15dfd844c,java/lang/StringBuilder.java,toString
12acfc45-bdfb-4343-9004-9be15dfd844c,server/model/players/skills/Thieving$2.java,execute,->,12acfc45-bdfb-4343-9004-9be15dfd844c,server/model/players/Client.java,sendMessage
12acfc45-bdfb-4343-9004-9be15dfd844c,server/model/players/skills/Thieving$2.java,execute,->,12acfc45-bdfb-4343-9004-9be15dfd844c,6dd0c5db-72ba-4498-883f-a3c8c3333519,2c14e4eb-2b3e-4056-bf8e-5218f96f0ad5
12acfc45-bdfb-4343-9004-9be15dfd844c,server/model/players/skills/Agility$3.java,execute,->,12acfc45-bdfb-4343-9004-9be15dfd844c,server/model/players/Client.java,getPA
12acfc45-bdfb-4343-9004-9be15dfd844c,server/model/players/skills/Agility$3.java,execute,->,12acfc45-bdfb-4343-9004-9be15dfd844c,991eb2a8-284a-4290-ae08-f54cf8834706,141a66be-744c-48f6-a5c3-9dbea684d0d6
12acfc45-bdfb-4343-9004-9be15dfd844c,server/model/players/skills/Agility$3.java,execute,->,12acfc45-bdfb-4343-9004-9be15dfd844c,6dd0c5db-72ba-4498-883f-a3c8c3333519,2c14e4eb-2b3e-4056-bf8e-5218f96f0ad5
12acfc45-bdfb-4343-9004-9be15dfd844c,server/model/players/skills/Agility$3.java,stop,->,12acfc45-bdfb-4343-9004-9be15dfd844c,server/model/players/Client.java,turnPlayerTo
12acfc45-bdfb-4343-9004-9be15dfd844c,server/model/players/skills/Agility$3.java,stop,->,12acfc45-bdfb-4343-9004-9be15dfd844c,server/model/players/Client.java,getPA
12acfc45-bdfb-4343-9004-9be15dfd844c,server/model/players/skills/Agility$3.java,stop,->,12acfc45-bdfb-4343-9004-9be15dfd844c,991eb2a8-284a-4290-ae08-f54cf8834706,0955b7e8-1203-4e9d-8e85-6eeaf5af5ce5
12acfc45-bdfb-4343-9004-9be15dfd844c,server/model/players/skills/Agility$3.java,stop,->,12acfc45-bdfb-4343-9004-9be15dfd844c,server/model/players/skills/Agility.java,access$302
12acfc45-bdfb-4343-9004-9be15dfd844c,server/model/players/skills/CraftingData$amuletData.java,values,->,12acfc45-bdfb-4343-9004-9be15dfd844c,server/model/players/skills/CraftingData$amuletData.java,clone
12acfc45-bdfb-4343-9004-9be15dfd844c,server/model/players/skills/CraftingData$amuletData.java,valueOf,->,12acfc45-bdfb-4343-9004-9be15dfd844c,java/lang/Enum.java,valueOf
12acfc45-bdfb-4343-9004-9be15dfd844c,server/model/players/skills/CraftingData$leatherData.java,values,->,12acfc45-bdfb-4343-9004-9be15dfd844c,server/model/players/skills/CraftingData$leatherData.java,clone
12acfc45-bdfb-4343-9004-9be15dfd844c,server/model/players/skills/CraftingData$leatherData.java,valueOf,->,12acfc45-bdfb-4343-9004-9be15dfd844c,java/lang/Enum.java,valueOf
12acfc45-bdfb-4343-9004-9be15dfd844c,server/model/players/skills/CraftingData$tanningData.java,values,->,12acfc45-bdfb-4343-9004-9be15dfd844c,server/model/players/skills/CraftingData$tanningData.java,clone
12acfc45-bdfb-4343-9004-9be15dfd844c,server/model/players/skills/CraftingData$tanningData.java,valueOf,->,12acfc45-bdfb-4343-9004-9be15dfd844c,java/lang/Enum.java,valueOf
12acfc45-bdfb-4343-9004-9be15dfd844c,server/model/players/skills/Grinding$1.java,execute,->,12acfc45-bdfb-4343-9004-9be15dfd844c,server/model/players/Client.java,getItems
12acfc45-bdfb-4343-9004-9be15dfd844c,server/model/players/skills/Grinding$1.java,execute,->,12acfc45-bdfb-4343-9004-9be15dfd844c,server/model/items/ItemAssistant.java,deleteItem
12acfc45-bdfb-4343-9004-9be15dfd844c,server/model/players/skills/Grinding$1.java,execute,->,12acfc45-bdfb-4343-9004-9be15dfd844c,server/model/players/Client.java,getItems
12acfc45-bdfb-4343-9004-9be15dfd844c,server/model/players/skills/Grinding$1.java,execute,->,12acfc45-bdfb-4343-9004-9be15dfd844c,server/model/items/ItemAssistant.java,addItem
12acfc45-bdfb-4343-9004-9be15dfd844c,server/model/players/skills/Grinding$1.java,execute,->,12acfc45-bdfb-4343-9004-9be15dfd844c,java/lang/StringBuilder.java,append
12acfc45-bdfb-4343-9004-9be15dfd844c,server/model/players/skills/Grinding$1.java,execute,->,12acfc45-bdfb-4343-9004-9be15dfd844c,server/model/players/Client.java,getItems
12acfc45-bdfb-4343-9004-9be15dfd844c,server/model/players/skills/Grinding$1.java,execute,->,12acfc45-bdfb-4343-9004-9be15dfd844c,server/model/items/ItemAssistant.java,getItemName
12acfc45-bdfb-4343-9004-9be15dfd844c,server/model/players/skills/Grinding$1.java,execute,->,12acfc45-bdfb-4343-9004-9be15dfd844c,java/lang/StringBuilder.java,append
12acfc45-bdfb-4343-9004-9be15dfd844c,server/model/players/skills/Grinding$1.java,execute,->,12acfc45-bdfb-4343-9004-9be15dfd844c,java/lang/StringBuilder.java,append
12acfc45-bdfb-4343-9004-9be15dfd844c,server/model/players/skills/Grinding$1.java,execute,->,12acfc45-bdfb-4343-9004-9be15dfd844c,server/model/players/Client.java,getItems
12acfc45-bdfb-4343-9004-9be15dfd844c,server/model/players/skills/Grinding$1.java,execute,->,12acfc45-bdfb-4343-9004-9be15dfd844c,server/model/items/ItemAssistant.java,getItemName
12acfc45-bdfb-4343-9004-9be15dfd844c,server/model/players/skills/Grinding$1.java,execute,->,12acfc45-bdfb-4343-9004-9be15dfd844c,java/lang/StringBuilder.java,append
12acfc45-bdfb-4343-9004-9be15dfd844c,server/model/players/skills/Grinding$1.java,execute,->,12acfc45-bdfb-4343-9004-9be15dfd844c,java/lang/StringBuilder.java,append
12acfc45-bdfb-4343-9004-9be15dfd844c,server/model/players/skills/Grinding$1.java,execute,->,12acfc45-bdfb-4343-9004-9be15dfd844c,java/lang/StringBuilder.java,toString
12acfc45-bdfb-4343-9004-9be15dfd844c,server/model/players/skills/Grinding$1.java,execute,->,12acfc45-bdfb-4343-9004-9be15dfd844c,server/model/players/Client.java,sendMessage
12acfc45-bdfb-4343-9004-9be15dfd844c,server/model/players/skills/Grinding$1.java,execute,->,12acfc45-bdfb-4343-9004-9be15dfd844c,6dd0c5db-72ba-4498-883f-a3c8c3333519,2c14e4eb-2b3e-4056-bf8e-5218f96f0ad5
12acfc45-bdfb-4343-9004-9be15dfd844c,server/model/players/skills/Woodcutting.java,attemptData,->,12acfc45-bdfb-4343-9004-9be15dfd844c,server/model/players/Client.java,turnPlayerTo
12acfc45-bdfb-4343-9004-9be15dfd844c,server/model/players/skills/Woodcutting.java,attemptData,->,12acfc45-bdfb-4343-9004-9be15dfd844c,server/model/players/skills/Woodcutting.java,noInventorySpace
12acfc45-bdfb-4343-9004-9be15dfd844c,server/model/players/skills/Woodcutting.java,attemptData,->,12acfc45-bdfb-4343-9004-9be15dfd844c,server/model/players/skills/Woodcutting.java,resetWoodcutting
12acfc45-bdfb-4343-9004-9be15dfd844c,server/model/players/skills/Woodcutting.java,attemptData,->,12acfc45-bdfb-4343-9004-9be15dfd844c,server/model/players/skills/Woodcutting.java,resetWoodcutting
12acfc45-bdfb-4343-9004-9be15dfd844c,server/model/players/skills/Woodcutting.java,attemptData,->,12acfc45-bdfb-4343-9004-9be15dfd844c,server/model/players/skills/Woodcutting.java,hasAxe
12acfc45-bdfb-4343-9004-9be15dfd844c,server/model/players/skills/Woodcutting.java,attemptData,->,12acfc45-bdfb-4343-9004-9be15dfd844c,server/model/players/skills/Woodcutting.java,canUseAxe
12acfc45-bdfb-4343-9004-9be15dfd844c,server/model/players/skills/Woodcutting.java,attemptData,->,12acfc45-bdfb-4343-9004-9be15dfd844c,server/model/players/Client.java,sendMessage
12acfc45-bdfb-4343-9004-9be15dfd844c,server/model/players/skills/Woodcutting.java,attemptData,->,12acfc45-bdfb-4343-9004-9be15dfd844c,server/model/players/skills/Woodcutting.java,hasAxe
12acfc45-bdfb-4343-9004-9be15dfd844c,server/model/players/skills/Woodcutting.java,attemptData,->,12acfc45-bdfb-4343-9004-9be15dfd844c,server/model/players/Client.java,sendMessage
12acfc45-bdfb-4343-9004-9be15dfd844c,server/model/players/skills/Woodcutting.java,attemptData,->,12acfc45-bdfb-4343-9004-9be15dfd844c,server/model/players/Client.java,sendMessage
12acfc45-bdfb-4343-9004-9be15dfd844c,server/model/players/skills/Woodcutting.java,attemptData,->,12acfc45-bdfb-4343-9004-9be15dfd844c,server/model/players/skills/Woodcutting.java,getRespawnTime
12acfc45-bdfb-4343-9004-9be15dfd844c,server/model/players/skills/Woodcutting.java,attemptData,->,12acfc45-bdfb-4343-9004-9be15dfd844c,server/model/players/skills/Woodcutting.java,getRequiredLevel
12acfc45-bdfb-4343-9004-9be15dfd844c,server/model/players/skills/Woodcutting.java,attemptData,->,12acfc45-bdfb-4343-9004-9be15dfd844c,server/model/players/skills/Woodcutting.java,recieveXP
12acfc45-bdfb-4343-9004-9be15dfd844c,server/model/players/skills/Woodcutting.java,attemptData,->,12acfc45-bdfb-4343-9004-9be15dfd844c,server/model/players/skills/Woodcutting.java,getAnimId
12acfc45-bdfb-4343-9004-9be15dfd844c,server/model/players/skills/Woodcutting.java,attemptData,->,12acfc45-bdfb-4343-9004-9be15dfd844c,server/model/players/skills/Woodcutting.java,getRespawnTime
12acfc45-bdfb-4343-9004-9be15dfd844c,server/model/players/skills/Woodcutting.java,attemptData,->,12acfc45-bdfb-4343-9004-9be15dfd844c,server/model/players/skills/Woodcutting.java,getTreeLog
12acfc45-bdfb-4343-9004-9be15dfd844c,server/model/players/skills/Woodcutting.java,attemptData,->,12acfc45-bdfb-4343-9004-9be15dfd844c,2c89cfe4-ed6d-446f-832b-3c203feb3155,12264cea-e176-47b1-b1bb-e3a14dc18d35
12acfc45-bdfb-4343-9004-9be15dfd844c,server/model/players/skills/Woodcutting.java,attemptData,->,12acfc45-bdfb-4343-9004-9be15dfd844c,server/model/players/skills/Woodcutting.java,normalTree
12acfc45-bdfb-4343-9004-9be15dfd844c,server/model/players/skills/Woodcutting.java,attemptData,->,12acfc45-bdfb-4343-9004-9be15dfd844c,server/model/players/skills/Woodcutting.java,hasRequiredLevel
12acfc45-bdfb-4343-9004-9be15dfd844c,server/model/players/skills/Woodcutting.java,attemptData,->,12acfc45-bdfb-4343-9004-9be15dfd844c,server/model/players/skills/Woodcutting.java,resetWoodcutting
12acfc45-bdfb-4343-9004-9be15dfd844c,server/model/players/skills/Woodcutting.java,attemptData,->,12acfc45-bdfb-4343-9004-9be15dfd844c,server/model/players/Client.java,startAnimation
12acfc45-bdfb-4343-9004-9be15dfd844c,server/model/players/skills/Woodcutting.java,attemptData,->,12acfc45-bdfb-4343-9004-9be15dfd844c,3ab0cc49-78c3-45ed-a03a-f251199dfbb9,3d27faf4-0319-4d3d-b558-10d40da17fd8
12acfc45-bdfb-4343-9004-9be15dfd844c,server/model/players/skills/Woodcutting.java,attemptData,->,12acfc45-bdfb-4343-9004-9be15dfd844c,server/model/players/skills/Woodcutting.java,getTimer
12acfc45-bdfb-4343-9004-9be15dfd844c,server/model/players/skills/Woodcutting.java,attemptData,->,12acfc45-bdfb-4343-9004-9be15dfd844c,3ab0cc49-78c3-45ed-a03a-f251199dfbb9,d719c34b-e0d2-473f-8e9a-936cfc6b4522
12acfc45-bdfb-4343-9004-9be15dfd844c,server/model/players/skills/Woodcutting.java,attemptData,->,12acfc45-bdfb-4343-9004-9be15dfd844c,3ab0cc49-78c3-45ed-a03a-f251199dfbb9,3d27faf4-0319-4d3d-b558-10d40da17fd8
12acfc45-bdfb-4343-9004-9be15dfd844c,server/model/players/skills/Woodcutting.java,attemptData,->,12acfc45-bdfb-4343-9004-9be15dfd844c,3ab0cc49-78c3-45ed-a03a-f251199dfbb9,d719c34b-e0d2-473f-8e9a-936cfc6b4522
12acfc45-bdfb-4343-9004-9be15dfd844c,server/model/players/skills/Woodcutting.java,treeLocated,->,12acfc45-bdfb-4343-9004-9be15dfd844c,server/model/players/Client.java,distanceToPoint
12acfc45-bdfb-4343-9004-9be15dfd844c,server/model/players/skills/Woodcutting.java,treeLocated,->,12acfc45-bdfb-4343-9004-9be15dfd844c,server/model/players/skills/Woodcutting.java,resetWoodcutting
12acfc45-bdfb-4343-9004-9be15dfd844c,server/model/players/skills/Woodcutting.java,getTimer,->,12acfc45-bdfb-4343-9004-9be15dfd844c,2c89cfe4-ed6d-446f-832b-3c203feb3155,12264cea-e176-47b1-b1bb-e3a14dc18d35
12acfc45-bdfb-4343-9004-9be15dfd844c,server/model/players/skills/Woodcutting.java,getTimer,->,12acfc45-bdfb-4343-9004-9be15dfd844c,server/model/players/skills/Woodcutting.java,getAxeTime
12acfc45-bdfb-4343-9004-9be15dfd844c,server/model/players/skills/Woodcutting.java,getTimer,->,12acfc45-bdfb-4343-9004-9be15dfd844c,server/model/players/skills/Woodcutting.java,playerWoodcuttingLevel
12acfc45-bdfb-4343-9004-9be15dfd844c,server/model/players/skills/Woodcutting.java,createStump,->,12acfc45-bdfb-4343-9004-9be15dfd844c,server/world/ObjectHandler.java,createAnObject
12acfc45-bdfb-4343-9004-9be15dfd844c,server/model/players/skills/Woodcutting.java,createStump,->,12acfc45-bdfb-4343-9004-9be15dfd844c,server/model/players/skills/Woodcutting.java,treeLocated
12acfc45-bdfb-4343-9004-9be15dfd844c,server/model/players/skills/Woodcutting.java,createStump,->,12acfc45-bdfb-4343-9004-9be15dfd844c,3ab0cc49-78c3-45ed-a03a-f251199dfbb9,3d27faf4-0319-4d3d-b558-10d40da17fd8
12acfc45-bdfb-4343-9004-9be15dfd844c,server/model/players/skills/Woodcutting.java,createStump,->,12acfc45-bdfb-4343-9004-9be15dfd844c,server/model/players/skills/Woodcutting.java,getRespawnTime
12acfc45-bdfb-4343-9004-9be15dfd844c,server/model/players/skills/Woodcutting.java,createStump,->,12acfc45-bdfb-4343-9004-9be15dfd844c,3ab0cc49-78c3-45ed-a03a-f251199dfbb9,d719c34b-e0d2-473f-8e9a-936cfc6b4522
12acfc45-bdfb-4343-9004-9be15dfd844c,server/model/players/skills/Woodcutting.java,resetWoodcutting,->,12acfc45-bdfb-4343-9004-9be15dfd844c,server/model/players/Client.java,startAnimation
12acfc45-bdfb-4343-9004-9be15dfd844c,server/model/players/skills/Woodcutting.java,hasAxe,->,12acfc45-bdfb-4343-9004-9be15dfd844c,server/model/players/Client.java,getItems
12acfc45-bdfb-4343-9004-9be15dfd844c,server/model/players/skills/Woodcutting.java,hasAxe,->,12acfc45-bdfb-4343-9004-9be15dfd844c,server/model/items/ItemAssistant.java,playerHasItem
12acfc45-bdfb-4343-9004-9be15dfd844c,server/model/players/skills/Woodcutting.java,playerWoodcuttingLevel,->,12acfc45-bdfb-4343-9004-9be15dfd844c,java/lang/Math.java,floor
12acfc45-bdfb-4343-9004-9be15dfd844c,server/model/players/skills/Woodcutting.java,getAxeTime,->,12acfc45-bdfb-4343-9004-9be15dfd844c,server/model/players/Client.java,getItems
12acfc45-bdfb-4343-9004-9be15dfd844c,server/model/players/skills/Woodcutting.java,getAxeTime,->,12acfc45-bdfb-4343-9004-9be15dfd844c,server/model/items/ItemAssistant.java,playerHasItem
12acfc45-bdfb-4343-9004-9be15dfd844c,server/model/players/skills/Woodcutting.java,getAnimId,->,12acfc45-bdfb-4343-9004-9be15dfd844c,server/model/players/Client.java,getItems
12acfc45-bdfb-4343-9004-9be15dfd844c,server/model/players/skills/Woodcutting.java,getAnimId,->,12acfc45-bdfb-4343-9004-9be15dfd844c,server/model/items/ItemAssistant.java,playerHasItem
12acfc45-bdfb-4343-9004-9be15dfd844c,server/model/players/skills/Woodcutting.java,canUseAxe,->,12acfc45-bdfb-4343-9004-9be15dfd844c,server/model/players/skills/Woodcutting.java,performCheck
12acfc45-bdfb-4343-9004-9be15dfd844c,server/model/players/skills/Woodcutting.java,canUseAxe,->,12acfc45-bdfb-4343-9004-9be15dfd844c,server/model/players/skills/Woodcutting.java,performCheck
12acfc45-bdfb-4343-9004-9be15dfd844c,server/model/players/skills/Woodcutting.java,canUseAxe,->,12acfc45-bdfb-4343-9004-9be15dfd844c,server/model/players/skills/Woodcutting.java,performCheck
12acfc45-bdfb-4343-9004-9be15dfd844c,server/model/players/skills/Woodcutting.java,canUseAxe,->,12acfc45-bdfb-4343-9004-9be15dfd844c,server/model/players/skills/Woodcutting.java,performCheck
12acfc45-bdfb-4343-9004-9be15dfd844c,server/model/players/skills/Woodcutting.java,canUseAxe,->,12acfc45-bdfb-4343-9004-9be15dfd844c,server/model/players/skills/Woodcutting.java,performCheck
12acfc45-bdfb-4343-9004-9be15dfd844c,server/model/players/skills/Woodcutting.java,canUseAxe,->,12acfc45-bdfb-4343-9004-9be15dfd844c,server/model/players/skills/Woodcutting.java,performCheck
12acfc45-bdfb-4343-9004-9be15dfd844c,server/model/players/skills/Woodcutting.java,canUseAxe,->,12acfc45-bdfb-4343-9004-9be15dfd844c,server/model/players/skills/Woodcutting.java,performCheck
12acfc45-bdfb-4343-9004-9be15dfd844c,server/model/players/skills/Woodcutting.java,canUseAxe,->,12acfc45-bdfb-4343-9004-9be15dfd844c,server/model/players/skills/Woodcutting.java,performCheck
12acfc45-bdfb-4343-9004-9be15dfd844c,server/model/players/skills/Woodcutting.java,performCheck,->,12acfc45-bdfb-4343-9004-9be15dfd844c,server/model/players/Client.java,getItems
12acfc45-bdfb-4343-9004-9be15dfd844c,server/model/players/skills/Woodcutting.java,performCheck,->,12acfc45-bdfb-4343-9004-9be15dfd844c,server/model/items/ItemAssistant.java,playerHasItem
12acfc45-bdfb-4343-9004-9be15dfd844c,server/model/players/skills/Woodcutting.java,access$000,->,12acfc45-bdfb-4343-9004-9be15dfd844c,server/model/players/skills/Woodcutting.java,hasAxe
12acfc45-bdfb-4343-9004-9be15dfd844c,server/model/players/skills/Woodcutting.java,access$100,->,12acfc45-bdfb-4343-9004-9be15dfd844c,server/model/players/skills/Woodcutting.java,createStump
12acfc45-bdfb-4343-9004-9be15dfd844c,server/model/players/skills/Woodcutting$3.java,execute,->,12acfc45-bdfb-4343-9004-9be15dfd844c,server/world/ObjectHandler.java,createAnObject
12acfc45-bdfb-4343-9004-9be15dfd844c,server/model/players/skills/Woodcutting$3.java,execute,->,12acfc45-bdfb-4343-9004-9be15dfd844c,6dd0c5db-72ba-4498-883f-a3c8c3333519,2c14e4eb-2b3e-4056-bf8e-5218f96f0ad5
12acfc45-bdfb-4343-9004-9be15dfd844c,server/model/players/skills/PotionMaking.java,createUnfinishedPotion,->,12acfc45-bdfb-4343-9004-9be15dfd844c,java/lang/StringBuilder.java,append
12acfc45-bdfb-4343-9004-9be15dfd844c,server/model/players/skills/PotionMaking.java,createUnfinishedPotion,->,12acfc45-bdfb-4343-9004-9be15dfd844c,java/lang/StringBuilder.java,append
12acfc45-bdfb-4343-9004-9be15dfd844c,server/model/players/skills/PotionMaking.java,createUnfinishedPotion,->,12acfc45-bdfb-4343-9004-9be15dfd844c,java/lang/StringBuilder.java,append
12acfc45-bdfb-4343-9004-9be15dfd844c,server/model/players/skills/PotionMaking.java,createUnfinishedPotion,->,12acfc45-bdfb-4343-9004-9be15dfd844c,java/lang/StringBuilder.java,toString
12acfc45-bdfb-4343-9004-9be15dfd844c,server/model/players/skills/PotionMaking.java,createUnfinishedPotion,->,12acfc45-bdfb-4343-9004-9be15dfd844c,server/model/players/Client.java,sendMessage
12acfc45-bdfb-4343-9004-9be15dfd844c,server/model/players/skills/PotionMaking.java,createUnfinishedPotion,->,12acfc45-bdfb-4343-9004-9be15dfd844c,server/model/players/skills/PotionMaking.java,handlePotionMaking
12acfc45-bdfb-4343-9004-9be15dfd844c,server/model/players/skills/PotionMaking.java,isPotion,->,12acfc45-bdfb-4343-9004-9be15dfd844c,java/lang/StringBuilder.java,append
12acfc45-bdfb-4343-9004-9be15dfd844c,server/model/players/skills/PotionMaking.java,isPotion,->,12acfc45-bdfb-4343-9004-9be15dfd844c,java/lang/StringBuilder.java,append
12acfc45-bdfb-4343-9004-9be15dfd844c,server/model/players/skills/PotionMaking.java,isPotion,->,12acfc45-bdfb-4343-9004-9be15dfd844c,java/lang/StringBuilder.java,append
12acfc45-bdfb-4343-9004-9be15dfd844c,server/model/players/skills/PotionMaking.java,isPotion,->,12acfc45-bdfb-4343-9004-9be15dfd844c,java/lang/StringBuilder.java,append
12acfc45-bdfb-4343-9004-9be15dfd844c,server/model/players/skills/PotionMaking.java,isPotion,->,12acfc45-bdfb-4343-9004-9be15dfd844c,java/lang/StringBuilder.java,toString
12acfc45-bdfb-4343-9004-9be15dfd844c,server/model/players/skills/PotionMaking.java,isPotion,->,12acfc45-bdfb-4343-9004-9be15dfd844c,java/io/PrintStream.java,println
12acfc45-bdfb-4343-9004-9be15dfd844c,server/model/players/skills/PotionMaking.java,isPotion,->,12acfc45-bdfb-4343-9004-9be15dfd844c,server/model/players/skills/PotionMaking.java,createPotion
12acfc45-bdfb-4343-9004-9be15dfd844c,server/model/players/skills/PotionMaking.java,isPotion,->,12acfc45-bdfb-4343-9004-9be15dfd844c,java/lang/StringBuilder.java,append
12acfc45-bdfb-4343-9004-9be15dfd844c,server/model/players/skills/PotionMaking.java,isPotion,->,12acfc45-bdfb-4343-9004-9be15dfd844c,java/lang/StringBuilder.java,append
12acfc45-bdfb-4343-9004-9be15dfd844c,server/model/players/skills/PotionMaking.java,isPotion,->,12acfc45-bdfb-4343-9004-9be15dfd844c,java/lang/StringBuilder.java,append
12acfc45-bdfb-4343-9004-9be15dfd844c,server/model/players/skills/PotionMaking.java,isPotion,->,12acfc45-bdfb-4343-9004-9be15dfd844c,java/lang/StringBuilder.java,append
12acfc45-bdfb-4343-9004-9be15dfd844c,server/model/players/skills/PotionMaking.java,isPotion,->,12acfc45-bdfb-4343-9004-9be15dfd844c,java/lang/StringBuilder.java,toString
12acfc45-bdfb-4343-9004-9be15dfd844c,server/model/players/skills/PotionMaking.java,isPotion,->,12acfc45-bdfb-4343-9004-9be15dfd844c,java/io/PrintStream.java,println
12acfc45-bdfb-4343-9004-9be15dfd844c,server/model/players/skills/PotionMaking.java,isPotion,->,12acfc45-bdfb-4343-9004-9be15dfd844c,server/model/players/skills/PotionMaking.java,createPotion
12acfc45-bdfb-4343-9004-9be15dfd844c,server/model/players/skills/PotionMaking.java,isPotion,->,12acfc45-bdfb-4343-9004-9be15dfd844c,java/lang/StringBuilder.java,append
12acfc45-bdfb-4343-9004-9be15dfd844c,server/model/players/skills/PotionMaking.java,isPotion,->,12acfc45-bdfb-4343-9004-9be15dfd844c,java/lang/StringBuilder.java,append
12acfc45-bdfb-4343-9004-9be15dfd844c,server/model/players/skills/PotionMaking.java,isPotion,->,12acfc45-bdfb-4343-9004-9be15dfd844c,java/lang/StringBuilder.java,append
12acfc45-bdfb-4343-9004-9be15dfd844c,server/model/players/skills/PotionMaking.java,isPotion,->,12acfc45-bdfb-4343-9004-9be15dfd844c,java/lang/StringBuilder.java,append
12acfc45-bdfb-4343-9004-9be15dfd844c,server/model/players/skills/PotionMaking.java,isPotion,->,12acfc45-bdfb-4343-9004-9be15dfd844c,java/lang/StringBuilder.java,toString
12acfc45-bdfb-4343-9004-9be15dfd844c,server/model/players/skills/PotionMaking.java,isPotion,->,12acfc45-bdfb-4343-9004-9be15dfd844c,java/io/PrintStream.java,println
12acfc45-bdfb-4343-9004-9be15dfd844c,server/model/players/skills/PotionMaking.java,createPotion,->,12acfc45-bdfb-4343-9004-9be15dfd844c,java/io/PrintStream.java,println
12acfc45-bdfb-4343-9004-9be15dfd844c,server/model/players/skills/PotionMaking.java,createPotion,->,12acfc45-bdfb-4343-9004-9be15dfd844c,java/io/PrintStream.java,println
12acfc45-bdfb-4343-9004-9be15dfd844c,server/model/players/skills/PotionMaking.java,createPotion,->,12acfc45-bdfb-4343-9004-9be15dfd844c,java/lang/StringBuilder.java,append
12acfc45-bdfb-4343-9004-9be15dfd844c,server/model/players/skills/PotionMaking.java,createPotion,->,12acfc45-bdfb-4343-9004-9be15dfd844c,java/lang/StringBuilder.java,append
12acfc45-bdfb-4343-9004-9be15dfd844c,server/model/players/skills/PotionMaking.java,createPotion,->,12acfc45-bdfb-4343-9004-9be15dfd844c,java/lang/StringBuilder.java,append
12acfc45-bdfb-4343-9004-9be15dfd844c,server/model/players/skills/PotionMaking.java,createPotion,->,12acfc45-bdfb-4343-9004-9be15dfd844c,java/lang/StringBuilder.java,toString
12acfc45-bdfb-4343-9004-9be15dfd844c,server/model/players/skills/PotionMaking.java,createPotion,->,12acfc45-bdfb-4343-9004-9be15dfd844c,server/model/players/Client.java,sendMessage
12acfc45-bdfb-4343-9004-9be15dfd844c,server/model/players/skills/PotionMaking.java,createPotion,->,12acfc45-bdfb-4343-9004-9be15dfd844c,server/model/players/skills/PotionMaking.java,handlePotionMaking
12acfc45-bdfb-4343-9004-9be15dfd844c,server/model/players/skills/PotionMaking.java,handlePotionMaking,->,12acfc45-bdfb-4343-9004-9be15dfd844c,server/model/players/Client.java,startAnimation
12acfc45-bdfb-4343-9004-9be15dfd844c,server/model/players/skills/PotionMaking.java,handlePotionMaking,->,12acfc45-bdfb-4343-9004-9be15dfd844c,3ab0cc49-78c3-45ed-a03a-f251199dfbb9,3d27faf4-0319-4d3d-b558-10d40da17fd8
12acfc45-bdfb-4343-9004-9be15dfd844c,server/model/players/skills/PotionMaking.java,handlePotionMaking,->,12acfc45-bdfb-4343-9004-9be15dfd844c,3ab0cc49-78c3-45ed-a03a-f251199dfbb9,d719c34b-e0d2-473f-8e9a-936cfc6b4522
12acfc45-bdfb-4343-9004-9be15dfd844c,server/model/players/skills/Firemaking.java,checkLogType,->,12acfc45-bdfb-4343-9004-9be15dfd844c,server/model/players/skills/Firemaking.java,lightFire
12acfc45-bdfb-4343-9004-9be15dfd844c,server/model/players/skills/Firemaking.java,lightFire,->,12acfc45-bdfb-4343-9004-9be15dfd844c,a8e14bcd-e497-432a-810a-923a36d35afd,b156356d-c96e-43a4-a635-04f3ee42d467
12acfc45-bdfb-4343-9004-9be15dfd844c,server/model/players/skills/Firemaking.java,lightFire,->,12acfc45-bdfb-4343-9004-9be15dfd844c,a8e14bcd-e497-432a-810a-923a36d35afd,17cd5c45-cbb6-4f0b-b44d-37d0ac65397c
12acfc45-bdfb-4343-9004-9be15dfd844c,server/model/players/skills/Firemaking.java,lightFire,->,12acfc45-bdfb-4343-9004-9be15dfd844c,a8e14bcd-e497-432a-810a-923a36d35afd,7076817e-7125-4b64-b151-4a25db38f21c
12acfc45-bdfb-4343-9004-9be15dfd844c,server/model/players/skills/Firemaking.java,lightFire,->,12acfc45-bdfb-4343-9004-9be15dfd844c,server/model/players/Client.java,sendMessage
12acfc45-bdfb-4343-9004-9be15dfd844c,server/model/players/skills/Firemaking.java,lightFire,->,12acfc45-bdfb-4343-9004-9be15dfd844c,server/model/players/Client.java,sendMessage
12acfc45-bdfb-4343-9004-9be15dfd844c,server/model/players/skills/Firemaking.java,lightFire,->,12acfc45-bdfb-4343-9004-9be15dfd844c,server/model/players/Client.java,getX
12acfc45-bdfb-4343-9004-9be15dfd844c,server/model/players/skills/Firemaking.java,lightFire,->,12acfc45-bdfb-4343-9004-9be15dfd844c,server/model/players/Client.java,getY
12acfc45-bdfb-4343-9004-9be15dfd844c,server/model/players/skills/Firemaking.java,lightFire,->,12acfc45-bdfb-4343-9004-9be15dfd844c,server/model/players/Client.java,getX
12acfc45-bdfb-4343-9004-9be15dfd844c,server/model/players/skills/Firemaking.java,lightFire,->,12acfc45-bdfb-4343-9004-9be15dfd844c,server/model/players/Client.java,getY
12acfc45-bdfb-4343-9004-9be15dfd844c,server/model/players/skills/Firemaking.java,lightFire,->,12acfc45-bdfb-4343-9004-9be15dfd844c,17f46bba-a2e0-4476-b0d2-93ed7a181ff6,fd0a2178-fa44-492d-be09-ca096f8e4be1
12acfc45-bdfb-4343-9004-9be15dfd844c,server/model/players/skills/Firemaking.java,lightFire,->,12acfc45-bdfb-4343-9004-9be15dfd844c,server/model/players/Client.java,getPA
12acfc45-bdfb-4343-9004-9be15dfd844c,server/model/players/skills/Firemaking.java,lightFire,->,12acfc45-bdfb-4343-9004-9be15dfd844c,991eb2a8-284a-4290-ae08-f54cf8834706,387ef356-3543-428b-bef1-b07e93485a0d
12acfc45-bdfb-4343-9004-9be15dfd844c,server/model/players/skills/Firemaking.java,lightFire,->,12acfc45-bdfb-4343-9004-9be15dfd844c,server/model/players/Client.java,getX
12acfc45-bdfb-4343-9004-9be15dfd844c,server/model/players/skills/Firemaking.java,lightFire,->,12acfc45-bdfb-4343-9004-9be15dfd844c,server/model/players/Client.java,getY
12acfc45-bdfb-4343-9004-9be15dfd844c,server/model/players/skills/Firemaking.java,lightFire,->,12acfc45-bdfb-4343-9004-9be15dfd844c,17f46bba-a2e0-4476-b0d2-93ed7a181ff6,fd0a2178-fa44-492d-be09-ca096f8e4be1
12acfc45-bdfb-4343-9004-9be15dfd844c,server/model/players/skills/Firemaking.java,lightFire,->,12acfc45-bdfb-4343-9004-9be15dfd844c,server/model/players/Client.java,getPA
12acfc45-bdfb-4343-9004-9be15dfd844c,server/model/players/skills/Firemaking.java,lightFire,->,12acfc45-bdfb-4343-9004-9be15dfd844c,991eb2a8-284a-4290-ae08-f54cf8834706,387ef356-3543-428b-bef1-b07e93485a0d
12acfc45-bdfb-4343-9004-9be15dfd844c,server/model/players/skills/Firemaking.java,lightFire,->,12acfc45-bdfb-4343-9004-9be15dfd844c,server/model/players/Client.java,getX
12acfc45-bdfb-4343-9004-9be15dfd844c,server/model/players/skills/Firemaking.java,lightFire,->,12acfc45-bdfb-4343-9004-9be15dfd844c,server/model/players/Client.java,getY
12acfc45-bdfb-4343-9004-9be15dfd844c,server/model/players/skills/Firemaking.java,lightFire,->,12acfc45-bdfb-4343-9004-9be15dfd844c,17f46bba-a2e0-4476-b0d2-93ed7a181ff6,fd0a2178-fa44-492d-be09-ca096f8e4be1
12acfc45-bdfb-4343-9004-9be15dfd844c,server/model/players/skills/Firemaking.java,lightFire,->,12acfc45-bdfb-4343-9004-9be15dfd844c,server/model/players/Client.java,getPA
12acfc45-bdfb-4343-9004-9be15dfd844c,server/model/players/skills/Firemaking.java,lightFire,->,12acfc45-bdfb-4343-9004-9be15dfd844c,991eb2a8-284a-4290-ae08-f54cf8834706,387ef356-3543-428b-bef1-b07e93485a0d
12acfc45-bdfb-4343-9004-9be15dfd844c,server/model/players/skills/Firemaking.java,lightFire,->,12acfc45-bdfb-4343-9004-9be15dfd844c,server/model/players/Client.java,getX
12acfc45-bdfb-4343-9004-9be15dfd844c,server/model/players/skills/Firemaking.java,lightFire,->,12acfc45-bdfb-4343-9004-9be15dfd844c,server/model/players/Client.java,getY
12acfc45-bdfb-4343-9004-9be15dfd844c,server/model/players/skills/Firemaking.java,lightFire,->,12acfc45-bdfb-4343-9004-9be15dfd844c,17f46bba-a2e0-4476-b0d2-93ed7a181ff6,fd0a2178-fa44-492d-be09-ca096f8e4be1
12acfc45-bdfb-4343-9004-9be15dfd844c,server/model/players/skills/Firemaking.java,lightFire,->,12acfc45-bdfb-4343-9004-9be15dfd844c,server/model/players/Client.java,getPA
12acfc45-bdfb-4343-9004-9be15dfd844c,server/model/players/skills/Firemaking.java,lightFire,->,12acfc45-bdfb-4343-9004-9be15dfd844c,991eb2a8-284a-4290-ae08-f54cf8834706,387ef356-3543-428b-bef1-b07e93485a0d
12acfc45-bdfb-4343-9004-9be15dfd844c,server/model/players/skills/Firemaking.java,lightFire,->,12acfc45-bdfb-4343-9004-9be15dfd844c,server/model/players/Client.java,getItems
12acfc45-bdfb-4343-9004-9be15dfd844c,server/model/players/skills/Firemaking.java,lightFire,->,12acfc45-bdfb-4343-9004-9be15dfd844c,server/model/items/ItemAssistant.java,playerHasItem
12acfc45-bdfb-4343-9004-9be15dfd844c,server/model/players/skills/Firemaking.java,lightFire,->,12acfc45-bdfb-4343-9004-9be15dfd844c,server/model/players/Client.java,getItems
12acfc45-bdfb-4343-9004-9be15dfd844c,server/model/players/skills/Firemaking.java,lightFire,->,12acfc45-bdfb-4343-9004-9be15dfd844c,server/model/items/ItemAssistant.java,playerHasItem
12acfc45-bdfb-4343-9004-9be15dfd844c,server/model/players/skills/Firemaking.java,lightFire,->,12acfc45-bdfb-4343-9004-9be15dfd844c,java/lang/System.java,currentTimeMillis
12acfc45-bdfb-4343-9004-9be15dfd844c,server/model/players/skills/Firemaking.java,lightFire,->,12acfc45-bdfb-4343-9004-9be15dfd844c,server/model/players/Client.java,startAnimation
12acfc45-bdfb-4343-9004-9be15dfd844c,server/model/players/skills/Firemaking.java,lightFire,->,12acfc45-bdfb-4343-9004-9be15dfd844c,server/model/players/Client.java,getItems
12acfc45-bdfb-4343-9004-9be15dfd844c,server/model/players/skills/Firemaking.java,lightFire,->,12acfc45-bdfb-4343-9004-9be15dfd844c,server/model/players/Client.java,getItems
12acfc45-bdfb-4343-9004-9be15dfd844c,server/model/players/skills/Firemaking.java,lightFire,->,12acfc45-bdfb-4343-9004-9be15dfd844c,server/model/items/ItemAssistant.java,getItemSlot
12acfc45-bdfb-4343-9004-9be15dfd844c,server/model/players/skills/Firemaking.java,lightFire,->,12acfc45-bdfb-4343-9004-9be15dfd844c,server/model/items/ItemAssistant.java,deleteItem
12acfc45-bdfb-4343-9004-9be15dfd844c,server/model/players/skills/Firemaking.java,lightFire,->,12acfc45-bdfb-4343-9004-9be15dfd844c,server/model/players/Client.java,getPA
12acfc45-bdfb-4343-9004-9be15dfd844c,server/model/players/skills/Firemaking.java,lightFire,->,12acfc45-bdfb-4343-9004-9be15dfd844c,991eb2a8-284a-4290-ae08-f54cf8834706,0955b7e8-1203-4e9d-8e85-6eeaf5af5ce5
12acfc45-bdfb-4343-9004-9be15dfd844c,server/model/players/skills/Firemaking.java,lightFire,->,12acfc45-bdfb-4343-9004-9be15dfd844c,server/model/players/Client.java,sendMessage
12acfc45-bdfb-4343-9004-9be15dfd844c,server/model/players/skills/Firemaking.java,lightFire,->,12acfc45-bdfb-4343-9004-9be15dfd844c,server/world/ObjectHandler.java,createAnObject
12acfc45-bdfb-4343-9004-9be15dfd844c,server/model/players/skills/Firemaking.java,lightFire,->,12acfc45-bdfb-4343-9004-9be15dfd844c,server/model/players/Client.java,getX
12acfc45-bdfb-4343-9004-9be15dfd844c,server/model/players/skills/Firemaking.java,lightFire,->,12acfc45-bdfb-4343-9004-9be15dfd844c,server/model/players/Client.java,getY
12acfc45-bdfb-4343-9004-9be15dfd844c,server/model/players/skills/Firemaking.java,lightFire,->,12acfc45-bdfb-4343-9004-9be15dfd844c,server/model/players/Client.java,turnPlayerTo
12acfc45-bdfb-4343-9004-9be15dfd844c,server/model/players/skills/Firemaking.java,lightFire,->,12acfc45-bdfb-4343-9004-9be15dfd844c,3ab0cc49-78c3-45ed-a03a-f251199dfbb9,3d27faf4-0319-4d3d-b558-10d40da17fd8
12acfc45-bdfb-4343-9004-9be15dfd844c,server/model/players/skills/Firemaking.java,lightFire,->,12acfc45-bdfb-4343-9004-9be15dfd844c,3ab0cc49-78c3-45ed-a03a-f251199dfbb9,d719c34b-e0d2-473f-8e9a-936cfc6b4522
12acfc45-bdfb-4343-9004-9be15dfd844c,server/model/players/skills/Firemaking.java,lightFire,->,12acfc45-bdfb-4343-9004-9be15dfd844c,java/lang/System.java,currentTimeMillis
12acfc45-bdfb-4343-9004-9be15dfd844c,server/model/players/skills/Firemaking.java,lightFire,->,12acfc45-bdfb-4343-9004-9be15dfd844c,server/model/players/Client.java,startAnimation
12acfc45-bdfb-4343-9004-9be15dfd844c,server/model/players/skills/SmithingInterface.java,showSmithInterface,->,12acfc45-bdfb-4343-9004-9be15dfd844c,server/model/players/skills/SmithingInterface.java,makeBronzeInterface
12acfc45-bdfb-4343-9004-9be15dfd844c,server/model/players/skills/SmithingInterface.java,showSmithInterface,->,12acfc45-bdfb-4343-9004-9be15dfd844c,server/model/players/skills/SmithingInterface.java,makeIronInterface
12acfc45-bdfb-4343-9004-9be15dfd844c,server/model/players/skills/SmithingInterface.java,showSmithInterface,->,12acfc45-bdfb-4343-9004-9be15dfd844c,server/model/players/skills/SmithingInterface.java,makeSteelInterface
12acfc45-bdfb-4343-9004-9be15dfd844c,server/model/players/skills/SmithingInterface.java,showSmithInterface,->,12acfc45-bdfb-4343-9004-9be15dfd844c,server/model/players/skills/SmithingInterface.java,makeMithInterface
12acfc45-bdfb-4343-9004-9be15dfd844c,server/model/players/skills/SmithingInterface.java,showSmithInterface,->,12acfc45-bdfb-4343-9004-9be15dfd844c,server/model/players/skills/SmithingInterface.java,makeAddyInterface
12acfc45-bdfb-4343-9004-9be15dfd844c,server/model/players/skills/SmithingInterface.java,showSmithInterface,->,12acfc45-bdfb-4343-9004-9be15dfd844c,server/model/players/skills/SmithingInterface.java,makeRuneInterface
12acfc45-bdfb-4343-9004-9be15dfd844c,server/model/players/skills/SmithingInterface.java,makeRuneInterface,->,12acfc45-bdfb-4343-9004-9be15dfd844c,server/model/players/skills/SmithingInterface.java,GetForBars
12acfc45-bdfb-4343-9004-9be15dfd844c,server/model/players/skills/SmithingInterface.java,makeRuneInterface,->,12acfc45-bdfb-4343-9004-9be15dfd844c,server/model/players/skills/SmithingInterface.java,GetForBars
12acfc45-bdfb-4343-9004-9be15dfd844c,server/model/players/skills/SmithingInterface.java,makeRuneInterface,->,12acfc45-bdfb-4343-9004-9be15dfd844c,server/model/players/skills/SmithingInterface.java,GetForBars
12acfc45-bdfb-4343-9004-9be15dfd844c,server/model/players/skills/SmithingInterface.java,makeRuneInterface,->,12acfc45-bdfb-4343-9004-9be15dfd844c,server/model/players/skills/SmithingInterface.java,GetForBars
12acfc45-bdfb-4343-9004-9be15dfd844c,server/model/players/skills/SmithingInterface.java,makeRuneInterface,->,12acfc45-bdfb-4343-9004-9be15dfd844c,server/model/players/Client.java,getPA
12acfc45-bdfb-4343-9004-9be15dfd844c,server/model/players/skills/SmithingInterface.java,makeRuneInterface,->,12acfc45-bdfb-4343-9004-9be15dfd844c,java/lang/StringBuilder.java,append
12acfc45-bdfb-4343-9004-9be15dfd844c,server/model/players/skills/SmithingInterface.java,makeRuneInterface,->,12acfc45-bdfb-4343-9004-9be15dfd844c,java/lang/StringBuilder.java,append
12acfc45-bdfb-4343-9004-9be15dfd844c,server/model/players/skills/SmithingInterface.java,makeRuneInterface,->,12acfc45-bdfb-4343-9004-9be15dfd844c,java/lang/StringBuilder.java,append
12acfc45-bdfb-4343-9004-9be15dfd844c,server/model/players/skills/SmithingInterface.java,makeRuneInterface,->,12acfc45-bdfb-4343-9004-9be15dfd844c,java/lang/StringBuilder.java,toString
12acfc45-bdfb-4343-9004-9be15dfd844c,server/model/players/skills/SmithingInterface.java,makeRuneInterface,->,12acfc45-bdfb-4343-9004-9be15dfd844c,991eb2a8-284a-4290-ae08-f54cf8834706,609517a1-3a8b-4bd9-8623-3cae47c33a17
12acfc45-bdfb-4343-9004-9be15dfd844c,server/model/players/skills/SmithingInterface.java,makeRuneInterface,->,12acfc45-bdfb-4343-9004-9be15dfd844c,server/model/players/Client.java,getPA
12acfc45-bdfb-4343-9004-9be15dfd844c,server/model/players/skills/SmithingInterface.java,makeRuneInterface,->,12acfc45-bdfb-4343-9004-9be15dfd844c,java/lang/StringBuilder.java,append
12acfc45-bdfb-4343-9004-9be15dfd844c,server/model/players/skills/SmithingInterface.java,makeRuneInterface,->,12acfc45-bdfb-4343-9004-9be15dfd844c,java/lang/StringBuilder.java,append
12acfc45-bdfb-4343-9004-9be15dfd844c,server/model/players/skills/SmithingInterface.java,makeRuneInterface,->,12acfc45-bdfb-4343-9004-9be15dfd844c,java/lang/StringBuilder.java,append
12acfc45-bdfb-4343-9004-9be15dfd844c,server/model/players/skills/SmithingInterface.java,makeRuneInterface,->,12acfc45-bdfb-4343-9004-9be15dfd844c,java/lang/StringBuilder.java,toString
12acfc45-bdfb-4343-9004-9be15dfd844c,server/model/players/skills/SmithingInterface.java,makeRuneInterface,->,12acfc45-bdfb-4343-9004-9be15dfd844c,991eb2a8-284a-4290-ae08-f54cf8834706,609517a1-3a8b-4bd9-8623-3cae47c33a17
12acfc45-bdfb-4343-9004-9be15dfd844c,server/model/players/skills/SmithingInterface.java,makeRuneInterface,->,12acfc45-bdfb-4343-9004-9be15dfd844c,server/model/players/Client.java,getPA
12acfc45-bdfb-4343-9004-9be15dfd844c,server/model/players/skills/SmithingInterface.java,makeRuneInterface,->,12acfc45-bdfb-4343-9004-9be15dfd844c,java/lang/StringBuilder.java,append
12acfc45-bdfb-4343-9004-9be15dfd844c,server/model/players/skills/SmithingInterface.java,makeRuneInterface,->,12acfc45-bdfb-4343-9004-9be15dfd844c,java/lang/StringBuilder.java,append
12acfc45-bdfb-4343-9004-9be15dfd844c,server/model/players/skills/SmithingInterface.java,makeRuneInterface,->,12acfc45-bdfb-4343-9004-9be15dfd844c,java/lang/StringBuilder.java,append
12acfc45-bdfb-4343-9004-9be15dfd844c,server/model/players/skills/SmithingInterface.java,makeRuneInterface,->,12acfc45-bdfb-4343-9004-9be15dfd844c,java/lang/StringBuilder.java,toString
12acfc45-bdfb-4343-9004-9be15dfd844c,server/model/players/skills/SmithingInterface.java,makeRuneInterface,->,12acfc45-bdfb-4343-9004-9be15dfd844c,991eb2a8-284a-4290-ae08-f54cf8834706,609517a1-3a8b-4bd9-8623-3cae47c33a17
12acfc45-bdfb-4343-9004-9be15dfd844c,server/model/players/skills/SmithingInterface.java,makeRuneInterface,->,12acfc45-bdfb-4343-9004-9be15dfd844c,server/model/players/Client.java,getPA
12acfc45-bdfb-4343-9004-9be15dfd844c,server/model/players/skills/SmithingInterface.java,makeRuneInterface,->,12acfc45-bdfb-4343-9004-9be15dfd844c,java/lang/StringBuilder.java,append
12acfc45-bdfb-4343-9004-9be15dfd844c,server/model/players/skills/SmithingInterface.java,makeRuneInterface,->,12acfc45-bdfb-4343-9004-9be15dfd844c,java/lang/StringBuilder.java,append
12acfc45-bdfb-4343-9004-9be15dfd844c,server/model/players/skills/SmithingInterface.java,makeRuneInterface,->,12acfc45-bdfb-4343-9004-9be15dfd844c,java/lang/StringBuilder.java,append
12acfc45-bdfb-4343-9004-9be15dfd844c,server/model/players/skills/SmithingInterface.java,makeRuneInterface,->,12acfc45-bdfb-4343-9004-9be15dfd844c,java/lang/StringBuilder.java,toString
12acfc45-bdfb-4343-9004-9be15dfd844c,server/model/players/skills/SmithingInterface.java,makeRuneInterface,->,12acfc45-bdfb-4343-9004-9be15dfd844c,991eb2a8-284a-4290-ae08-f54cf8834706,609517a1-3a8b-4bd9-8623-3cae47c33a17
12acfc45-bdfb-4343-9004-9be15dfd844c,server/model/players/skills/SmithingInterface.java,makeRuneInterface,->,12acfc45-bdfb-4343-9004-9be15dfd844c,server/model/players/Client.java,getPA
12acfc45-bdfb-4343-9004-9be15dfd844c,server/model/players/skills/SmithingInterface.java,makeRuneInterface,->,12acfc45-bdfb-4343-9004-9be15dfd844c,java/lang/StringBuilder.java,append
12acfc45-bdfb-4343-9004-9be15dfd844c,server/model/players/skills/SmithingInterface.java,makeRuneInterface,->,12acfc45-bdfb-4343-9004-9be15dfd844c,java/lang/StringBuilder.java,append
12acfc45-bdfb-4343-9004-9be15dfd844c,server/model/players/skills/SmithingInterface.java,makeRuneInterface,->,12acfc45-bdfb-4343-9004-9be15dfd844c,java/lang/StringBuilder.java,append
12acfc45-bdfb-4343-9004-9be15dfd844c,server/model/players/skills/SmithingInterface.java,makeRuneInterface,->,12acfc45-bdfb-4343-9004-9be15dfd844c,java/lang/StringBuilder.java,toString
12acfc45-bdfb-4343-9004-9be15dfd844c,server/model/players/skills/SmithingInterface.java,makeRuneInterface,->,12acfc45-bdfb-4343-9004-9be15dfd844c,991eb2a8-284a-4290-ae08-f54cf8834706,609517a1-3a8b-4bd9-8623-3cae47c33a17
12acfc45-bdfb-4343-9004-9be15dfd844c,server/model/players/skills/SmithingInterface.java,makeRuneInterface,->,12acfc45-bdfb-4343-9004-9be15dfd844c,server/model/players/Client.java,getPA
12acfc45-bdfb-4343-9004-9be15dfd844c,server/model/players/skills/SmithingInterface.java,makeRuneInterface,->,12acfc45-bdfb-4343-9004-9be15dfd844c,java/lang/StringBuilder.java,append
12acfc45-bdfb-4343-9004-9be15dfd844c,server/model/players/skills/SmithingInterface.java,makeRuneInterface,->,12acfc45-bdfb-4343-9004-9be15dfd844c,java/lang/StringBuilder.java,append
12acfc45-bdfb-4343-9004-9be15dfd844c,server/model/players/skills/SmithingInterface.java,makeRuneInterface,->,12acfc45-bdfb-4343-9004-9be15dfd844c,java/lang/StringBuilder.java,append
12acfc45-bdfb-4343-9004-9be15dfd844c,server/model/players/skills/SmithingInterface.java,makeRuneInterface,->,12acfc45-bdfb-4343-9004-9be15dfd844c,java/lang/StringBuilder.java,toString
12acfc45-bdfb-4343-9004-9be15dfd844c,server/model/players/skills/SmithingInterface.java,makeRuneInterface,->,12acfc45-bdfb-4343-9004-9be15dfd844c,991eb2a8-284a-4290-ae08-f54cf8834706,609517a1-3a8b-4bd9-8623-3cae47c33a17
12acfc45-bdfb-4343-9004-9be15dfd844c,server/model/players/skills/SmithingInterface.java,makeRuneInterface,->,12acfc45-bdfb-4343-9004-9be15dfd844c,server/model/players/Client.java,getPA
12acfc45-bdfb-4343-9004-9be15dfd844c,server/model/players/skills/SmithingInterface.java,makeRuneInterface,->,12acfc45-bdfb-4343-9004-9be15dfd844c,java/lang/StringBuilder.java,append
12acfc45-bdfb-4343-9004-9be15dfd844c,server/model/players/skills/SmithingInterface.java,makeRuneInterface,->,12acfc45-bdfb-4343-9004-9be15dfd844c,java/lang/StringBuilder.java,append
12acfc45-bdfb-4343-9004-9be15dfd844c,server/model/players/skills/SmithingInterface.java,makeRuneInterface,->,12acfc45-bdfb-4343-9004-9be15dfd844c,java/lang/StringBuilder.java,append
12acfc45-bdfb-4343-9004-9be15dfd844c,server/model/players/skills/SmithingInterface.java,makeRuneInterface,->,12acfc45-bdfb-4343-9004-9be15dfd844c,java/lang/StringBuilder.java,toString
12acfc45-bdfb-4343-9004-9be15dfd844c,server/model/players/skills/SmithingInterface.java,makeRuneInterface,->,12acfc45-bdfb-4343-9004-9be15dfd844c,991eb2a8-284a-4290-ae08-f54cf8834706,609517a1-3a8b-4bd9-8623-3cae47c33a17
12acfc45-bdfb-4343-9004-9be15dfd844c,server/model/players/skills/SmithingInterface.java,makeRuneInterface,->,12acfc45-bdfb-4343-9004-9be15dfd844c,server/model/players/Client.java,getPA
12acfc45-bdfb-4343-9004-9be15dfd844c,server/model/players/skills/SmithingInterface.java,makeRuneInterface,->,12acfc45-bdfb-4343-9004-9be15dfd844c,java/lang/StringBuilder.java,append
12acfc45-bdfb-4343-9004-9be15dfd844c,server/model/players/skills/SmithingInterface.java,makeRuneInterface,->,12acfc45-bdfb-4343-9004-9be15dfd844c,java/lang/StringBuilder.java,append
12acfc45-bdfb-4343-9004-9be15dfd844c,server/model/players/skills/SmithingInterface.java,makeRuneInterface,->,12acfc45-bdfb-4343-9004-9be15dfd844c,java/lang/StringBuilder.java,append
12acfc45-bdfb-4343-9004-9be15dfd844c,server/model/players/skills/SmithingInterface.java,makeRuneInterface,->,12acfc45-bdfb-4343-9004-9be15dfd844c,java/lang/StringBuilder.java,toString
12acfc45-bdfb-4343-9004-9be15dfd844c,server/model/players/skills/SmithingInterface.java,makeRuneInterface,->,12acfc45-bdfb-4343-9004-9be15dfd844c,991eb2a8-284a-4290-ae08-f54cf8834706,609517a1-3a8b-4bd9-8623-3cae47c33a17
12acfc45-bdfb-4343-9004-9be15dfd844c,server/model/players/skills/SmithingInterface.java,makeRuneInterface,->,12acfc45-bdfb-4343-9004-9be15dfd844c,server/model/players/Client.java,getPA
12acfc45-bdfb-4343-9004-9be15dfd844c,server/model/players/skills/SmithingInterface.java,makeRuneInterface,->,12acfc45-bdfb-4343-9004-9be15dfd844c,java/lang/StringBuilder.java,append
12acfc45-bdfb-4343-9004-9be15dfd844c,server/model/players/skills/SmithingInterface.java,makeRuneInterface,->,12acfc45-bdfb-4343-9004-9be15dfd844c,java/lang/StringBuilder.java,append
12acfc45-bdfb-4343-9004-9be15dfd844c,server/model/players/skills/SmithingInterface.java,makeRuneInterface,->,12acfc45-bdfb-4343-9004-9be15dfd844c,java/lang/StringBuilder.java,append
12acfc45-bdfb-4343-9004-9be15dfd844c,server/model/players/skills/SmithingInterface.java,makeRuneInterface,->,12acfc45-bdfb-4343-9004-9be15dfd844c,java/lang/StringBuilder.java,toString
12acfc45-bdfb-4343-9004-9be15dfd844c,server/model/players/skills/SmithingInterface.java,makeRuneInterface,->,12acfc45-bdfb-4343-9004-9be15dfd844c,991eb2a8-284a-4290-ae08-f54cf8834706,609517a1-3a8b-4bd9-8623-3cae47c33a17
12acfc45-bdfb-4343-9004-9be15dfd844c,server/model/players/skills/SmithingInterface.java,makeRuneInterface,->,12acfc45-bdfb-4343-9004-9be15dfd844c,server/model/players/Client.java,getPA
12acfc45-bdfb-4343-9004-9be15dfd844c,server/model/players/skills/SmithingInterface.java,makeRuneInterface,->,12acfc45-bdfb-4343-9004-9be15dfd844c,java/lang/StringBuilder.java,append
12acfc45-bdfb-4343-9004-9be15dfd844c,server/model/players/skills/SmithingInterface.java,makeRuneInterface,->,12acfc45-bdfb-4343-9004-9be15dfd844c,java/lang/StringBuilder.java,append
12acfc45-bdfb-4343-9004-9be15dfd844c,server/model/players/skills/SmithingInterface.java,makeRuneInterface,->,12acfc45-bdfb-4343-9004-9be15dfd844c,java/lang/StringBuilder.java,append
12acfc45-bdfb-4343-9004-9be15dfd844c,server/model/players/skills/SmithingInterface.java,makeRuneInterface,->,12acfc45-bdfb-4343-9004-9be15dfd844c,java/lang/StringBuilder.java,toString
12acfc45-bdfb-4343-9004-9be15dfd844c,server/model/players/skills/SmithingInterface.java,makeRuneInterface,->,12acfc45-bdfb-4343-9004-9be15dfd844c,991eb2a8-284a-4290-ae08-f54cf8834706,609517a1-3a8b-4bd9-8623-3cae47c33a17
12acfc45-bdfb-4343-9004-9be15dfd844c,server/model/players/skills/SmithingInterface.java,makeRuneInterface,->,12acfc45-bdfb-4343-9004-9be15dfd844c,server/model/players/Client.java,getPA
12acfc45-bdfb-4343-9004-9be15dfd844c,server/model/players/skills/SmithingInterface.java,makeRuneInterface,->,12acfc45-bdfb-4343-9004-9be15dfd844c,java/lang/StringBuilder.java,append
12acfc45-bdfb-4343-9004-9be15dfd844c,server/model/players/skills/SmithingInterface.java,makeRuneInterface,->,12acfc45-bdfb-4343-9004-9be15dfd844c,java/lang/StringBuilder.java,append
12acfc45-bdfb-4343-9004-9be15dfd844c,server/model/players/skills/SmithingInterface.java,makeRuneInterface,->,12acfc45-bdfb-4343-9004-9be15dfd844c,java/lang/StringBuilder.java,append
12acfc45-bdfb-4343-9004-9be15dfd844c,server/model/players/skills/SmithingInterface.java,makeRuneInterface,->,12acfc45-bdfb-4343-9004-9be15dfd844c,java/lang/StringBuilder.java,toString
12acfc45-bdfb-4343-9004-9be15dfd844c,server/model/players/skills/SmithingInterface.java,makeRuneInterface,->,12acfc45-bdfb-4343-9004-9be15dfd844c,991eb2a8-284a-4290-ae08-f54cf8834706,609517a1-3a8b-4bd9-8623-3cae47c33a17
12acfc45-bdfb-4343-9004-9be15dfd844c,server/model/players/skills/SmithingInterface.java,makeRuneInterface,->,12acfc45-bdfb-4343-9004-9be15dfd844c,server/model/players/Client.java,getPA
12acfc45-bdfb-4343-9004-9be15dfd844c,server/model/players/skills/SmithingInterface.java,makeRuneInterface,->,12acfc45-bdfb-4343-9004-9be15dfd844c,java/lang/StringBuilder.java,append
12acfc45-bdfb-4343-9004-9be15dfd844c,server/model/players/skills/SmithingInterface.java,makeRuneInterface,->,12acfc45-bdfb-4343-9004-9be15dfd844c,java/lang/StringBuilder.java,append
12acfc45-bdfb-4343-9004-9be15dfd844c,server/model/players/skills/SmithingInterface.java,makeRuneInterface,->,12acfc45-bdfb-4343-9004-9be15dfd844c,java/lang/StringBuilder.java,append
12acfc45-bdfb-4343-9004-9be15dfd844c,server/model/players/skills/SmithingInterface.java,makeRuneInterface,->,12acfc45-bdfb-4343-9004-9be15dfd844c,java/lang/StringBuilder.java,toString
12acfc45-bdfb-4343-9004-9be15dfd844c,server/model/players/skills/SmithingInterface.java,makeRuneInterface,->,12acfc45-bdfb-4343-9004-9be15dfd844c,991eb2a8-284a-4290-ae08-f54cf8834706,609517a1-3a8b-4bd9-8623-3cae47c33a17
12acfc45-bdfb-4343-9004-9be15dfd844c,server/model/players/skills/SmithingInterface.java,makeRuneInterface,->,12acfc45-bdfb-4343-9004-9be15dfd844c,server/model/players/Client.java,getPA
12acfc45-bdfb-4343-9004-9be15dfd844c,server/model/players/skills/SmithingInterface.java,makeRuneInterface,->,12acfc45-bdfb-4343-9004-9be15dfd844c,java/lang/StringBuilder.java,append
12acfc45-bdfb-4343-9004-9be15dfd844c,server/model/players/skills/SmithingInterface.java,makeRuneInterface,->,12acfc45-bdfb-4343-9004-9be15dfd844c,java/lang/StringBuilder.java,append
12acfc45-bdfb-4343-9004-9be15dfd844c,server/model/players/skills/SmithingInterface.java,makeRuneInterface,->,12acfc45-bdfb-4343-9004-9be15dfd844c,java/lang/StringBuilder.java,append
12acfc45-bdfb-4343-9004-9be15dfd844c,server/model/players/skills/SmithingInterface.java,makeRuneInterface,->,12acfc45-bdfb-4343-9004-9be15dfd844c,java/lang/StringBuilder.java,toString
12acfc45-bdfb-4343-9004-9be15dfd844c,server/model/players/skills/SmithingInterface.java,makeRuneInterface,->,12acfc45-bdfb-4343-9004-9be15dfd844c,991eb2a8-284a-4290-ae08-f54cf8834706,609517a1-3a8b-4bd9-8623-3cae47c33a17
12acfc45-bdfb-4343-9004-9be15dfd844c,server/model/players/skills/SmithingInterface.java,makeRuneInterface,->,12acfc45-bdfb-4343-9004-9be15dfd844c,server/model/players/Client.java,getPA
12acfc45-bdfb-4343-9004-9be15dfd844c,server/model/players/skills/SmithingInterface.java,makeRuneInterface,->,12acfc45-bdfb-4343-9004-9be15dfd844c,java/lang/StringBuilder.java,append
12acfc45-bdfb-4343-9004-9be15dfd844c,server/model/players/skills/SmithingInterface.java,makeRuneInterface,->,12acfc45-bdfb-4343-9004-9be15dfd844c,java/lang/StringBuilder.java,append
12acfc45-bdfb-4343-9004-9be15dfd844c,server/model/players/skills/SmithingInterface.java,makeRuneInterface,->,12acfc45-bdfb-4343-9004-9be15dfd844c,java/lang/StringBuilder.java,append
12acfc45-bdfb-4343-9004-9be15dfd844c,server/model/players/skills/SmithingInterface.java,makeRuneInterface,->,12acfc45-bdfb-4343-9004-9be15dfd844c,java/lang/StringBuilder.java,toString
12acfc45-bdfb-4343-9004-9be15dfd844c,server/model/players/skills/SmithingInterface.java,makeRuneInterface,->,12acfc45-bdfb-4343-9004-9be15dfd844c,991eb2a8-284a-4290-ae08-f54cf8834706,609517a1-3a8b-4bd9-8623-3cae47c33a17
12acfc45-bdfb-4343-9004-9be15dfd844c,server/model/players/skills/SmithingInterface.java,makeRuneInterface,->,12acfc45-bdfb-4343-9004-9be15dfd844c,server/model/players/Client.java,getPA
12acfc45-bdfb-4343-9004-9be15dfd844c,server/model/players/skills/SmithingInterface.java,makeRuneInterface,->,12acfc45-bdfb-4343-9004-9be15dfd844c,java/lang/StringBuilder.java,append
12acfc45-bdfb-4343-9004-9be15dfd844c,server/model/players/skills/SmithingInterface.java,makeRuneInterface,->,12acfc45-bdfb-4343-9004-9be15dfd844c,java/lang/StringBuilder.java,append
12acfc45-bdfb-4343-9004-9be15dfd844c,server/model/players/skills/SmithingInterface.java,makeRuneInterface,->,12acfc45-bdfb-4343-9004-9be15dfd844c,java/lang/StringBuilder.java,append
12acfc45-bdfb-4343-9004-9be15dfd844c,server/model/players/skills/SmithingInterface.java,makeRuneInterface,->,12acfc45-bdfb-4343-9004-9be15dfd844c,java/lang/StringBuilder.java,toString
12acfc45-bdfb-4343-9004-9be15dfd844c,server/model/players/skills/SmithingInterface.java,makeRuneInterface,->,12acfc45-bdfb-4343-9004-9be15dfd844c,991eb2a8-284a-4290-ae08-f54cf8834706,609517a1-3a8b-4bd9-8623-3cae47c33a17
12acfc45-bdfb-4343-9004-9be15dfd844c,server/model/players/skills/SmithingInterface.java,makeRuneInterface,->,12acfc45-bdfb-4343-9004-9be15dfd844c,server/model/players/Client.java,getPA
12acfc45-bdfb-4343-9004-9be15dfd844c,server/model/players/skills/SmithingInterface.java,makeRuneInterface,->,12acfc45-bdfb-4343-9004-9be15dfd844c,java/lang/StringBuilder.java,append
12acfc45-bdfb-4343-9004-9be15dfd844c,server/model/players/skills/SmithingInterface.java,makeRuneInterface,->,12acfc45-bdfb-4343-9004-9be15dfd844c,java/lang/StringBuilder.java,append
12acfc45-bdfb-4343-9004-9be15dfd844c,server/model/players/skills/SmithingInterface.java,makeRuneInterface,->,12acfc45-bdfb-4343-9004-9be15dfd844c,java/lang/StringBuilder.java,append
12acfc45-bdfb-4343-9004-9be15dfd844c,server/model/players/skills/SmithingInterface.java,makeRuneInterface,->,12acfc45-bdfb-4343-9004-9be15dfd844c,java/lang/StringBuilder.java,toString
12acfc45-bdfb-4343-9004-9be15dfd844c,server/model/players/skills/SmithingInterface.java,makeRuneInterface,->,12acfc45-bdfb-4343-9004-9be15dfd844c,991eb2a8-284a-4290-ae08-f54cf8834706,609517a1-3a8b-4bd9-8623-3cae47c33a17
12acfc45-bdfb-4343-9004-9be15dfd844c,server/model/players/skills/SmithingInterface.java,makeRuneInterface,->,12acfc45-bdfb-4343-9004-9be15dfd844c,server/model/players/Client.java,getPA
12acfc45-bdfb-4343-9004-9be15dfd844c,server/model/players/skills/SmithingInterface.java,makeRuneInterface,->,12acfc45-bdfb-4343-9004-9be15dfd844c,java/lang/StringBuilder.java,append
12acfc45-bdfb-4343-9004-9be15dfd844c,server/model/players/skills/SmithingInterface.java,makeRuneInterface,->,12acfc45-bdfb-4343-9004-9be15dfd844c,java/lang/StringBuilder.java,append
12acfc45-bdfb-4343-9004-9be15dfd844c,server/model/players/skills/SmithingInterface.java,makeRuneInterface,->,12acfc45-bdfb-4343-9004-9be15dfd844c,java/lang/StringBuilder.java,append
12acfc45-bdfb-4343-9004-9be15dfd844c,server/model/players/skills/SmithingInterface.java,makeRuneInterface,->,12acfc45-bdfb-4343-9004-9be15dfd844c,java/lang/StringBuilder.java,toString
12acfc45-bdfb-4343-9004-9be15dfd844c,server/model/players/skills/SmithingInterface.java,makeRuneInterface,->,12acfc45-bdfb-4343-9004-9be15dfd844c,991eb2a8-284a-4290-ae08-f54cf8834706,609517a1-3a8b-4bd9-8623-3cae47c33a17
12acfc45-bdfb-4343-9004-9be15dfd844c,server/model/players/skills/SmithingInterface.java,makeRuneInterface,->,12acfc45-bdfb-4343-9004-9be15dfd844c,server/model/players/Client.java,getPA
12acfc45-bdfb-4343-9004-9be15dfd844c,server/model/players/skills/SmithingInterface.java,makeRuneInterface,->,12acfc45-bdfb-4343-9004-9be15dfd844c,java/lang/StringBuilder.java,append
12acfc45-bdfb-4343-9004-9be15dfd844c,server/model/players/skills/SmithingInterface.java,makeRuneInterface,->,12acfc45-bdfb-4343-9004-9be15dfd844c,java/lang/StringBuilder.java,append
12acfc45-bdfb-4343-9004-9be15dfd844c,server/model/players/skills/SmithingInterface.java,makeRuneInterface,->,12acfc45-bdfb-4343-9004-9be15dfd844c,java/lang/StringBuilder.java,append
12acfc45-bdfb-4343-9004-9be15dfd844c,server/model/players/skills/SmithingInterface.java,makeRuneInterface,->,12acfc45-bdfb-4343-9004-9be15dfd844c,java/lang/StringBuilder.java,toString
12acfc45-bdfb-4343-9004-9be15dfd844c,server/model/players/skills/SmithingInterface.java,makeRuneInterface,->,12acfc45-bdfb-4343-9004-9be15dfd844c,991eb2a8-284a-4290-ae08-f54cf8834706,609517a1-3a8b-4bd9-8623-3cae47c33a17
12acfc45-bdfb-4343-9004-9be15dfd844c,server/model/players/skills/SmithingInterface.java,makeRuneInterface,->,12acfc45-bdfb-4343-9004-9be15dfd844c,server/model/players/Client.java,getPA
12acfc45-bdfb-4343-9004-9be15dfd844c,server/model/players/skills/SmithingInterface.java,makeRuneInterface,->,12acfc45-bdfb-4343-9004-9be15dfd844c,java/lang/StringBuilder.java,append
12acfc45-bdfb-4343-9004-9be15dfd844c,server/model/players/skills/SmithingInterface.java,makeRuneInterface,->,12acfc45-bdfb-4343-9004-9be15dfd844c,java/lang/StringBuilder.java,append
12acfc45-bdfb-4343-9004-9be15dfd844c,server/model/players/skills/SmithingInterface.java,makeRuneInterface,->,12acfc45-bdfb-4343-9004-9be15dfd844c,java/lang/StringBuilder.java,append
12acfc45-bdfb-4343-9004-9be15dfd844c,server/model/players/skills/SmithingInterface.java,makeRuneInterface,->,12acfc45-bdfb-4343-9004-9be15dfd844c,java/lang/StringBuilder.java,toString
12acfc45-bdfb-4343-9004-9be15dfd844c,server/model/players/skills/SmithingInterface.java,makeRuneInterface,->,12acfc45-bdfb-4343-9004-9be15dfd844c,991eb2a8-284a-4290-ae08-f54cf8834706,609517a1-3a8b-4bd9-8623-3cae47c33a17
12acfc45-bdfb-4343-9004-9be15dfd844c,server/model/players/skills/SmithingInterface.java,makeRuneInterface,->,12acfc45-bdfb-4343-9004-9be15dfd844c,server/model/players/Client.java,getPA
12acfc45-bdfb-4343-9004-9be15dfd844c,server/model/players/skills/SmithingInterface.java,makeRuneInterface,->,12acfc45-bdfb-4343-9004-9be15dfd844c,java/lang/StringBuilder.java,append
12acfc45-bdfb-4343-9004-9be15dfd844c,server/model/players/skills/SmithingInterface.java,makeRuneInterface,->,12acfc45-bdfb-4343-9004-9be15dfd844c,java/lang/StringBuilder.java,append
12acfc45-bdfb-4343-9004-9be15dfd844c,server/model/players/skills/SmithingInterface.java,makeRuneInterface,->,12acfc45-bdfb-4343-9004-9be15dfd844c,java/lang/StringBuilder.java,append
12acfc45-bdfb-4343-9004-9be15dfd844c,server/model/players/skills/SmithingInterface.java,makeRuneInterface,->,12acfc45-bdfb-4343-9004-9be15dfd844c,java/lang/StringBuilder.java,toString
12acfc45-bdfb-4343-9004-9be15dfd844c,server/model/players/skills/SmithingInterface.java,makeRuneInterface,->,12acfc45-bdfb-4343-9004-9be15dfd844c,991eb2a8-284a-4290-ae08-f54cf8834706,609517a1-3a8b-4bd9-8623-3cae47c33a17
12acfc45-bdfb-4343-9004-9be15dfd844c,server/model/players/skills/SmithingInterface.java,makeRuneInterface,->,12acfc45-bdfb-4343-9004-9be15dfd844c,server/model/players/Client.java,getPA
12acfc45-bdfb-4343-9004-9be15dfd844c,server/model/players/skills/SmithingInterface.java,makeRuneInterface,->,12acfc45-bdfb-4343-9004-9be15dfd844c,java/lang/StringBuilder.java,append
12acfc45-bdfb-4343-9004-9be15dfd844c,server/model/players/skills/SmithingInterface.java,makeRuneInterface,->,12acfc45-bdfb-4343-9004-9be15dfd844c,java/lang/StringBuilder.java,append
12acfc45-bdfb-4343-9004-9be15dfd844c,server/model/players/skills/SmithingInterface.java,makeRuneInterface,->,12acfc45-bdfb-4343-9004-9be15dfd844c,java/lang/StringBuilder.java,append
12acfc45-bdfb-4343-9004-9be15dfd844c,server/model/players/skills/SmithingInterface.java,makeRuneInterface,->,12acfc45-bdfb-4343-9004-9be15dfd844c,java/lang/StringBuilder.java,toString
12acfc45-bdfb-4343-9004-9be15dfd844c,server/model/players/skills/SmithingInterface.java,makeRuneInterface,->,12acfc45-bdfb-4343-9004-9be15dfd844c,991eb2a8-284a-4290-ae08-f54cf8834706,609517a1-3a8b-4bd9-8623-3cae47c33a17
12acfc45-bdfb-4343-9004-9be15dfd844c,server/model/players/skills/SmithingInterface.java,makeRuneInterface,->,12acfc45-bdfb-4343-9004-9be15dfd844c,server/model/players/Client.java,getPA
12acfc45-bdfb-4343-9004-9be15dfd844c,server/model/players/skills/SmithingInterface.java,makeRuneInterface,->,12acfc45-bdfb-4343-9004-9be15dfd844c,java/lang/StringBuilder.java,append
12acfc45-bdfb-4343-9004-9be15dfd844c,server/model/players/skills/SmithingInterface.java,makeRuneInterface,->,12acfc45-bdfb-4343-9004-9be15dfd844c,java/lang/StringBuilder.java,append
12acfc45-bdfb-4343-9004-9be15dfd844c,server/model/players/skills/SmithingInterface.java,makeRuneInterface,->,12acfc45-bdfb-4343-9004-9be15dfd844c,java/lang/StringBuilder.java,append
12acfc45-bdfb-4343-9004-9be15dfd844c,server/model/players/skills/SmithingInterface.java,makeRuneInterface,->,12acfc45-bdfb-4343-9004-9be15dfd844c,java/lang/StringBuilder.java,toString
12acfc45-bdfb-4343-9004-9be15dfd844c,server/model/players/skills/SmithingInterface.java,makeRuneInterface,->,12acfc45-bdfb-4343-9004-9be15dfd844c,991eb2a8-284a-4290-ae08-f54cf8834706,609517a1-3a8b-4bd9-8623-3cae47c33a17
12acfc45-bdfb-4343-9004-9be15dfd844c,server/model/players/skills/SmithingInterface.java,makeRuneInterface,->,12acfc45-bdfb-4343-9004-9be15dfd844c,server/model/players/Client.java,getPA
12acfc45-bdfb-4343-9004-9be15dfd844c,server/model/players/skills/SmithingInterface.java,makeRuneInterface,->,12acfc45-bdfb-4343-9004-9be15dfd844c,java/lang/StringBuilder.java,append
12acfc45-bdfb-4343-9004-9be15dfd844c,server/model/players/skills/SmithingInterface.java,makeRuneInterface,->,12acfc45-bdfb-4343-9004-9be15dfd844c,java/lang/StringBuilder.java,append
12acfc45-bdfb-4343-9004-9be15dfd844c,server/model/players/skills/SmithingInterface.java,makeRuneInterface,->,12acfc45-bdfb-4343-9004-9be15dfd844c,java/lang/StringBuilder.java,append
12acfc45-bdfb-4343-9004-9be15dfd844c,server/model/players/skills/SmithingInterface.java,makeRuneInterface,->,12acfc45-bdfb-4343-9004-9be15dfd844c,java/lang/StringBuilder.java,toString
12acfc45-bdfb-4343-9004-9be15dfd844c,server/model/players/skills/SmithingInterface.java,makeRuneInterface,->,12acfc45-bdfb-4343-9004-9be15dfd844c,991eb2a8-284a-4290-ae08-f54cf8834706,609517a1-3a8b-4bd9-8623-3cae47c33a17
12acfc45-bdfb-4343-9004-9be15dfd844c,server/model/players/skills/SmithingInterface.java,makeRuneInterface,->,12acfc45-bdfb-4343-9004-9be15dfd844c,server/model/players/Client.java,getPA
12acfc45-bdfb-4343-9004-9be15dfd844c,server/model/players/skills/SmithingInterface.java,makeRuneInterface,->,12acfc45-bdfb-4343-9004-9be15dfd844c,server/model/players/skills/SmithingInterface.java,GetForlvl
12acfc45-bdfb-4343-9004-9be15dfd844c,server/model/players/skills/SmithingInterface.java,makeRuneInterface,->,12acfc45-bdfb-4343-9004-9be15dfd844c,java/lang/StringBuilder.java,append
12acfc45-bdfb-4343-9004-9be15dfd844c,server/model/players/skills/SmithingInterface.java,makeRuneInterface,->,12acfc45-bdfb-4343-9004-9be15dfd844c,java/lang/StringBuilder.java,append
12acfc45-bdfb-4343-9004-9be15dfd844c,server/model/players/skills/SmithingInterface.java,makeRuneInterface,->,12acfc45-bdfb-4343-9004-9be15dfd844c,server/model/players/skills/SmithingInterface.java,GetForlvl
12acfc45-bdfb-4343-9004-9be15dfd844c,server/model/players/skills/SmithingInterface.java,makeRuneInterface,->,12acfc45-bdfb-4343-9004-9be15dfd844c,java/lang/StringBuilder.java,append
12acfc45-bdfb-4343-9004-9be15dfd844c,server/model/players/skills/SmithingInterface.java,makeRuneInterface,->,12acfc45-bdfb-4343-9004-9be15dfd844c,java/lang/StringBuilder.java,toString
12acfc45-bdfb-4343-9004-9be15dfd844c,server/model/players/skills/SmithingInterface.java,makeRuneInterface,->,12acfc45-bdfb-4343-9004-9be15dfd844c,991eb2a8-284a-4290-ae08-f54cf8834706,609517a1-3a8b-4bd9-8623-3cae47c33a17
12acfc45-bdfb-4343-9004-9be15dfd844c,server/model/players/skills/SmithingInterface.java,makeRuneInterface,->,12acfc45-bdfb-4343-9004-9be15dfd844c,server/model/players/Client.java,getPA
12acfc45-bdfb-4343-9004-9be15dfd844c,server/model/players/skills/SmithingInterface.java,makeRuneInterface,->,12acfc45-bdfb-4343-9004-9be15dfd844c,server/model/players/skills/SmithingInterface.java,GetForlvl
12acfc45-bdfb-4343-9004-9be15dfd844c,server/model/players/skills/SmithingInterface.java,makeRuneInterface,->,12acfc45-bdfb-4343-9004-9be15dfd844c,java/lang/StringBuilder.java,append
12acfc45-bdfb-4343-9004-9be15dfd844c,server/model/players/skills/SmithingInterface.java,makeRuneInterface,->,12acfc45-bdfb-4343-9004-9be15dfd844c,java/lang/StringBuilder.java,append
12acfc45-bdfb-4343-9004-9be15dfd844c,server/model/players/skills/SmithingInterface.java,makeRuneInterface,->,12acfc45-bdfb-4343-9004-9be15dfd844c,server/model/players/skills/SmithingInterface.java,GetForlvl
12acfc45-bdfb-4343-9004-9be15dfd844c,server/model/players/skills/SmithingInterface.java,makeRuneInterface,->,12acfc45-bdfb-4343-9004-9be15dfd844c,java/lang/StringBuilder.java,append
12acfc45-bdfb-4343-9004-9be15dfd844c,server/model/players/skills/SmithingInterface.java,makeRuneInterface,->,12acfc45-bdfb-4343-9004-9be15dfd844c,java/lang/StringBuilder.java,toString
12acfc45-bdfb-4343-9004-9be15dfd844c,server/model/players/skills/SmithingInterface.java,makeRuneInterface,->,12acfc45-bdfb-4343-9004-9be15dfd844c,991eb2a8-284a-4290-ae08-f54cf8834706,609517a1-3a8b-4bd9-8623-3cae47c33a17
12acfc45-bdfb-4343-9004-9be15dfd844c,server/model/players/skills/SmithingInterface.java,makeRuneInterface,->,12acfc45-bdfb-4343-9004-9be15dfd844c,server/model/players/Client.java,getPA
12acfc45-bdfb-4343-9004-9be15dfd844c,server/model/players/skills/SmithingInterface.java,makeRuneInterface,->,12acfc45-bdfb-4343-9004-9be15dfd844c,server/model/players/skills/SmithingInterface.java,GetForlvl
12acfc45-bdfb-4343-9004-9be15dfd844c,server/model/players/skills/SmithingInterface.java,makeRuneInterface,->,12acfc45-bdfb-4343-9004-9be15dfd844c,java/lang/StringBuilder.java,append
12acfc45-bdfb-4343-9004-9be15dfd844c,server/model/players/skills/SmithingInterface.java,makeRuneInterface,->,12acfc45-bdfb-4343-9004-9be15dfd844c,java/lang/StringBuilder.java,append
12acfc45-bdfb-4343-9004-9be15dfd844c,server/model/players/skills/SmithingInterface.java,makeRuneInterface,->,12acfc45-bdfb-4343-9004-9be15dfd844c,server/model/players/skills/SmithingInterface.java,GetForlvl
12acfc45-bdfb-4343-9004-9be15dfd844c,server/model/players/skills/SmithingInterface.java,makeRuneInterface,->,12acfc45-bdfb-4343-9004-9be15dfd844c,java/lang/StringBuilder.java,append
12acfc45-bdfb-4343-9004-9be15dfd844c,server/model/players/skills/SmithingInterface.java,makeRuneInterface,->,12acfc45-bdfb-4343-9004-9be15dfd844c,java/lang/StringBuilder.java,toString
12acfc45-bdfb-4343-9004-9be15dfd844c,server/model/players/skills/SmithingInterface.java,makeRuneInterface,->,12acfc45-bdfb-4343-9004-9be15dfd844c,991eb2a8-284a-4290-ae08-f54cf8834706,609517a1-3a8b-4bd9-8623-3cae47c33a17
12acfc45-bdfb-4343-9004-9be15dfd844c,server/model/players/skills/SmithingInterface.java,makeRuneInterface,->,12acfc45-bdfb-4343-9004-9be15dfd844c,server/model/players/Client.java,getPA
12acfc45-bdfb-4343-9004-9be15dfd844c,server/model/players/skills/SmithingInterface.java,makeRuneInterface,->,12acfc45-bdfb-4343-9004-9be15dfd844c,server/model/players/skills/SmithingInterface.java,GetForlvl
12acfc45-bdfb-4343-9004-9be15dfd844c,server/model/players/skills/SmithingInterface.java,makeRuneInterface,->,12acfc45-bdfb-4343-9004-9be15dfd844c,java/lang/StringBuilder.java,append
12acfc45-bdfb-4343-9004-9be15dfd844c,server/model/players/skills/SmithingInterface.java,makeRuneInterface,->,12acfc45-bdfb-4343-9004-9be15dfd844c,java/lang/StringBuilder.java,append
12acfc45-bdfb-4343-9004-9be15dfd844c,server/model/players/skills/SmithingInterface.java,makeRuneInterface,->,12acfc45-bdfb-4343-9004-9be15dfd844c,server/model/players/skills/SmithingInterface.java,GetForlvl
12acfc45-bdfb-4343-9004-9be15dfd844c,server/model/players/skills/SmithingInterface.java,makeRuneInterface,->,12acfc45-bdfb-4343-9004-9be15dfd844c,java/lang/StringBuilder.java,append
12acfc45-bdfb-4343-9004-9be15dfd844c,server/model/players/skills/SmithingInterface.java,makeRuneInterface,->,12acfc45-bdfb-4343-9004-9be15dfd844c,java/lang/StringBuilder.java,toString
12acfc45-bdfb-4343-9004-9be15dfd844c,server/model/players/skills/SmithingInterface.java,makeRuneInterface,->,12acfc45-bdfb-4343-9004-9be15dfd844c,991eb2a8-284a-4290-ae08-f54cf8834706,609517a1-3a8b-4bd9-8623-3cae47c33a17
12acfc45-bdfb-4343-9004-9be15dfd844c,server/model/players/skills/SmithingInterface.java,makeRuneInterface,->,12acfc45-bdfb-4343-9004-9be15dfd844c,server/model/players/Client.java,getPA
12acfc45-bdfb-4343-9004-9be15dfd844c,server/model/players/skills/SmithingInterface.java,makeRuneInterface,->,12acfc45-bdfb-4343-9004-9be15dfd844c,server/model/players/skills/SmithingInterface.java,GetForlvl
12acfc45-bdfb-4343-9004-9be15dfd844c,server/model/players/skills/SmithingInterface.java,makeRuneInterface,->,12acfc45-bdfb-4343-9004-9be15dfd844c,java/lang/StringBuilder.java,append
12acfc45-bdfb-4343-9004-9be15dfd844c,server/model/players/skills/SmithingInterface.java,makeRuneInterface,->,12acfc45-bdfb-4343-9004-9be15dfd844c,java/lang/StringBuilder.java,append
12acfc45-bdfb-4343-9004-9be15dfd844c,server/model/players/skills/SmithingInterface.java,makeRuneInterface,->,12acfc45-bdfb-4343-9004-9be15dfd844c,server/model/players/skills/SmithingInterface.java,GetForlvl
12acfc45-bdfb-4343-9004-9be15dfd844c,server/model/players/skills/SmithingInterface.java,makeRuneInterface,->,12acfc45-bdfb-4343-9004-9be15dfd844c,java/lang/StringBuilder.java,append
12acfc45-bdfb-4343-9004-9be15dfd844c,server/model/players/skills/SmithingInterface.java,makeRuneInterface,->,12acfc45-bdfb-4343-9004-9be15dfd844c,java/lang/StringBuilder.java,toString
12acfc45-bdfb-4343-9004-9be15dfd844c,server/model/players/skills/SmithingInterface.java,makeRuneInterface,->,12acfc45-bdfb-4343-9004-9be15dfd844c,991eb2a8-284a-4290-ae08-f54cf8834706,609517a1-3a8b-4bd9-8623-3cae47c33a17
12acfc45-bdfb-4343-9004-9be15dfd844c,server/model/players/skills/SmithingInterface.java,makeRuneInterface,->,12acfc45-bdfb-4343-9004-9be15dfd844c,server/model/players/Client.java,getPA
12acfc45-bdfb-4343-9004-9be15dfd844c,server/model/players/skills/SmithingInterface.java,makeRuneInterface,->,12acfc45-bdfb-4343-9004-9be15dfd844c,server/model/players/skills/SmithingInterface.java,GetForlvl
12acfc45-bdfb-4343-9004-9be15dfd844c,server/model/players/skills/SmithingInterface.java,makeRuneInterface,->,12acfc45-bdfb-4343-9004-9be15dfd844c,java/lang/StringBuilder.java,append
12acfc45-bdfb-4343-9004-9be15dfd844c,server/model/players/skills/SmithingInterface.java,makeRuneInterface,->,12acfc45-bdfb-4343-9004-9be15dfd844c,java/lang/StringBuilder.java,append
12acfc45-bdfb-4343-9004-9be15dfd844c,server/model/players/skills/SmithingInterface.java,makeRuneInterface,->,12acfc45-bdfb-4343-9004-9be15dfd844c,server/model/players/skills/SmithingInterface.java,GetForlvl
12acfc45-bdfb-4343-9004-9be15dfd844c,server/model/players/skills/SmithingInterface.java,makeRuneInterface,->,12acfc45-bdfb-4343-9004-9be15dfd844c,java/lang/StringBuilder.java,append
12acfc45-bdfb-4343-9004-9be15dfd844c,server/model/players/skills/SmithingInterface.java,makeRuneInterface,->,12acfc45-bdfb-4343-9004-9be15dfd844c,java/lang/StringBuilder.java,toString
12acfc45-bdfb-4343-9004-9be15dfd844c,server/model/players/skills/SmithingInterface.java,makeRuneInterface,->,12acfc45-bdfb-4343-9004-9be15dfd844c,991eb2a8-284a-4290-ae08-f54cf8834706,609517a1-3a8b-4bd9-8623-3cae47c33a17
12acfc45-bdfb-4343-9004-9be15dfd844c,server/model/players/skills/SmithingInterface.java,makeRuneInterface,->,12acfc45-bdfb-4343-9004-9be15dfd844c,server/model/players/Client.java,getPA
12acfc45-bdfb-4343-9004-9be15dfd844c,server/model/players/skills/SmithingInterface.java,makeRuneInterface,->,12acfc45-bdfb-4343-9004-9be15dfd844c,server/model/players/skills/SmithingInterface.java,GetForlvl
12acfc45-bdfb-4343-9004-9be15dfd844c,server/model/players/skills/SmithingInterface.java,makeRuneInterface,->,12acfc45-bdfb-4343-9004-9be15dfd844c,java/lang/StringBuilder.java,append
12acfc45-bdfb-4343-9004-9be15dfd844c,server/model/players/skills/SmithingInterface.java,makeRuneInterface,->,12acfc45-bdfb-4343-9004-9be15dfd844c,java/lang/StringBuilder.java,append
12acfc45-bdfb-4343-9004-9be15dfd844c,server/model/players/skills/SmithingInterface.java,makeRuneInterface,->,12acfc45-bdfb-4343-9004-9be15dfd844c,server/model/players/skills/SmithingInterface.java,GetForlvl
12acfc45-bdfb-4343-9004-9be15dfd844c,server/model/players/skills/SmithingInterface.java,makeRuneInterface,->,12acfc45-bdfb-4343-9004-9be15dfd844c,java/lang/StringBuilder.java,append
12acfc45-bdfb-4343-9004-9be15dfd844c,server/model/players/skills/SmithingInterface.java,makeRuneInterface,->,12acfc45-bdfb-4343-9004-9be15dfd844c,java/lang/StringBuilder.java,toString
12acfc45-bdfb-4343-9004-9be15dfd844c,server/model/players/skills/SmithingInterface.java,makeRuneInterface,->,12acfc45-bdfb-4343-9004-9be15dfd844c,991eb2a8-284a-4290-ae08-f54cf8834706,609517a1-3a8b-4bd9-8623-3cae47c33a17
12acfc45-bdfb-4343-9004-9be15dfd844c,server/model/players/skills/SmithingInterface.java,makeRuneInterface,->,12acfc45-bdfb-4343-9004-9be15dfd844c,server/model/players/Client.java,getPA
12acfc45-bdfb-4343-9004-9be15dfd844c,server/model/players/skills/SmithingInterface.java,makeRuneInterface,->,12acfc45-bdfb-4343-9004-9be15dfd844c,server/model/players/skills/SmithingInterface.java,GetForlvl
12acfc45-bdfb-4343-9004-9be15dfd844c,server/model/players/skills/SmithingInterface.java,makeRuneInterface,->,12acfc45-bdfb-4343-9004-9be15dfd844c,java/lang/StringBuilder.java,append
12acfc45-bdfb-4343-9004-9be15dfd844c,server/model/players/skills/SmithingInterface.java,makeRuneInterface,->,12acfc45-bdfb-4343-9004-9be15dfd844c,java/lang/StringBuilder.java,append
12acfc45-bdfb-4343-9004-9be15dfd844c,server/model/players/skills/SmithingInterface.java,makeRuneInterface,->,12acfc45-bdfb-4343-9004-9be15dfd844c,server/model/players/skills/SmithingInterface.java,GetForlvl
12acfc45-bdfb-4343-9004-9be15dfd844c,server/model/players/skills/SmithingInterface.java,makeRuneInterface,->,12acfc45-bdfb-4343-9004-9be15dfd844c,java/lang/StringBuilder.java,append
12acfc45-bdfb-4343-9004-9be15dfd844c,server/model/players/skills/SmithingInterface.java,makeRuneInterface,->,12acfc45-bdfb-4343-9004-9be15dfd844c,java/lang/StringBuilder.java,toString
12acfc45-bdfb-4343-9004-9be15dfd844c,server/model/players/skills/SmithingInterface.java,makeRuneInterface,->,12acfc45-bdfb-4343-9004-9be15dfd844c,991eb2a8-284a-4290-ae08-f54cf8834706,609517a1-3a8b-4bd9-8623-3cae47c33a17
12acfc45-bdfb-4343-9004-9be15dfd844c,server/model/players/skills/SmithingInterface.java,makeRuneInterface,->,12acfc45-bdfb-4343-9004-9be15dfd844c,server/model/players/Client.java,getPA
12acfc45-bdfb-4343-9004-9be15dfd844c,server/model/players/skills/SmithingInterface.java,makeRuneInterface,->,12acfc45-bdfb-4343-9004-9be15dfd844c,server/model/players/skills/SmithingInterface.java,GetForlvl
12acfc45-bdfb-4343-9004-9be15dfd844c,server/model/players/skills/SmithingInterface.java,makeRuneInterface,->,12acfc45-bdfb-4343-9004-9be15dfd844c,java/lang/StringBuilder.java,append
12acfc45-bdfb-4343-9004-9be15dfd844c,server/model/players/skills/SmithingInterface.java,makeRuneInterface,->,12acfc45-bdfb-4343-9004-9be15dfd844c,java/lang/StringBuilder.java,append
12acfc45-bdfb-4343-9004-9be15dfd844c,server/model/players/skills/SmithingInterface.java,makeRuneInterface,->,12acfc45-bdfb-4343-9004-9be15dfd844c,server/model/players/skills/SmithingInterface.java,GetForlvl
12acfc45-bdfb-4343-9004-9be15dfd844c,server/model/players/skills/SmithingInterface.java,makeRuneInterface,->,12acfc45-bdfb-4343-9004-9be15dfd844c,java/lang/StringBuilder.java,append
12acfc45-bdfb-4343-9004-9be15dfd844c,server/model/players/skills/SmithingInterface.java,makeRuneInterface,->,12acfc45-bdfb-4343-9004-9be15dfd844c,java/lang/StringBuilder.java,toString
12acfc45-bdfb-4343-9004-9be15dfd844c,server/model/players/skills/SmithingInterface.java,makeRuneInterface,->,12acfc45-bdfb-4343-9004-9be15dfd844c,991eb2a8-284a-4290-ae08-f54cf8834706,609517a1-3a8b-4bd9-8623-3cae47c33a17
12acfc45-bdfb-4343-9004-9be15dfd844c,server/model/players/skills/SmithingInterface.java,makeRuneInterface,->,12acfc45-bdfb-4343-9004-9be15dfd844c,server/model/players/Client.java,getPA
12acfc45-bdfb-4343-9004-9be15dfd844c,server/model/players/skills/SmithingInterface.java,makeRuneInterface,->,12acfc45-bdfb-4343-9004-9be15dfd844c,server/model/players/skills/SmithingInterface.java,GetForlvl
12acfc45-bdfb-4343-9004-9be15dfd844c,server/model/players/skills/SmithingInterface.java,makeRuneInterface,->,12acfc45-bdfb-4343-9004-9be15dfd844c,java/lang/StringBuilder.java,append
12acfc45-bdfb-4343-9004-9be15dfd844c,server/model/players/skills/SmithingInterface.java,makeRuneInterface,->,12acfc45-bdfb-4343-9004-9be15dfd844c,java/lang/StringBuilder.java,append
12acfc45-bdfb-4343-9004-9be15dfd844c,server/model/players/skills/SmithingInterface.java,makeRuneInterface,->,12acfc45-bdfb-4343-9004-9be15dfd844c,server/model/players/skills/SmithingInterface.java,GetForlvl
12acfc45-bdfb-4343-9004-9be15dfd844c,server/model/players/skills/SmithingInterface.java,makeRuneInterface,->,12acfc45-bdfb-4343-9004-9be15dfd844c,java/lang/StringBuilder.java,append
12acfc45-bdfb-4343-9004-9be15dfd844c,server/model/players/skills/SmithingInterface.java,makeRuneInterface,->,12acfc45-bdfb-4343-9004-9be15dfd844c,java/lang/StringBuilder.java,toString
12acfc45-bdfb-4343-9004-9be15dfd844c,server/model/players/skills/SmithingInterface.java,makeRuneInterface,->,12acfc45-bdfb-4343-9004-9be15dfd844c,991eb2a8-284a-4290-ae08-f54cf8834706,609517a1-3a8b-4bd9-8623-3cae47c33a17
12acfc45-bdfb-4343-9004-9be15dfd844c,server/model/players/skills/SmithingInterface.java,makeRuneInterface,->,12acfc45-bdfb-4343-9004-9be15dfd844c,server/model/players/Client.java,getPA
12acfc45-bdfb-4343-9004-9be15dfd844c,server/model/players/skills/SmithingInterface.java,makeRuneInterface,->,12acfc45-bdfb-4343-9004-9be15dfd844c,server/model/players/skills/SmithingInterface.java,GetForlvl
12acfc45-bdfb-4343-9004-9be15dfd844c,server/model/players/skills/SmithingInterface.java,makeRuneInterface,->,12acfc45-bdfb-4343-9004-9be15dfd844c,java/lang/StringBuilder.java,append
12acfc45-bdfb-4343-9004-9be15dfd844c,server/model/players/skills/SmithingInterface.java,makeRuneInterface,->,12acfc45-bdfb-4343-9004-9be15dfd844c,java/lang/StringBuilder.java,append
12acfc45-bdfb-4343-9004-9be15dfd844c,server/model/players/skills/SmithingInterface.java,makeRuneInterface,->,12acfc45-bdfb-4343-9004-9be15dfd844c,server/model/players/skills/SmithingInterface.java,GetForlvl
12acfc45-bdfb-4343-9004-9be15dfd844c,server/model/players/skills/SmithingInterface.java,makeRuneInterface,->,12acfc45-bdfb-4343-9004-9be15dfd844c,java/lang/StringBuilder.java,append
12acfc45-bdfb-4343-9004-9be15dfd844c,server/model/players/skills/SmithingInterface.java,makeRuneInterface,->,12acfc45-bdfb-4343-9004-9be15dfd844c,java/lang/StringBuilder.java,toString
12acfc45-bdfb-4343-9004-9be15dfd844c,server/model/players/skills/SmithingInterface.java,makeRuneInterface,->,12acfc45-bdfb-4343-9004-9be15dfd844c,991eb2a8-284a-4290-ae08-f54cf8834706,609517a1-3a8b-4bd9-8623-3cae47c33a17
12acfc45-bdfb-4343-9004-9be15dfd844c,server/model/players/skills/SmithingInterface.java,makeRuneInterface,->,12acfc45-bdfb-4343-9004-9be15dfd844c,server/model/players/Client.java,getPA
12acfc45-bdfb-4343-9004-9be15dfd844c,server/model/players/skills/SmithingInterface.java,makeRuneInterface,->,12acfc45-bdfb-4343-9004-9be15dfd844c,server/model/players/skills/SmithingInterface.java,GetForlvl
12acfc45-bdfb-4343-9004-9be15dfd844c,server/model/players/skills/SmithingInterface.java,makeRuneInterface,->,12acfc45-bdfb-4343-9004-9be15dfd844c,java/lang/StringBuilder.java,append
12acfc45-bdfb-4343-9004-9be15dfd844c,server/model/players/skills/SmithingInterface.java,makeRuneInterface,->,12acfc45-bdfb-4343-9004-9be15dfd844c,java/lang/StringBuilder.java,append
12acfc45-bdfb-4343-9004-9be15dfd844c,server/model/players/skills/SmithingInterface.java,makeRuneInterface,->,12acfc45-bdfb-4343-9004-9be15dfd844c,server/model/players/skills/SmithingInterface.java,GetForlvl
12acfc45-bdfb-4343-9004-9be15dfd844c,server/model/players/skills/SmithingInterface.java,makeRuneInterface,->,12acfc45-bdfb-4343-9004-9be15dfd844c,java/lang/StringBuilder.java,append
12acfc45-bdfb-4343-9004-9be15dfd844c,server/model/players/skills/SmithingInterface.java,makeRuneInterface,->,12acfc45-bdfb-4343-9004-9be15dfd844c,java/lang/StringBuilder.java,toString
12acfc45-bdfb-4343-9004-9be15dfd844c,server/model/players/skills/SmithingInterface.java,makeRuneInterface,->,12acfc45-bdfb-4343-9004-9be15dfd844c,991eb2a8-284a-4290-ae08-f54cf8834706,609517a1-3a8b-4bd9-8623-3cae47c33a17
12acfc45-bdfb-4343-9004-9be15dfd844c,server/model/players/skills/SmithingInterface.java,makeRuneInterface,->,12acfc45-bdfb-4343-9004-9be15dfd844c,server/model/players/Client.java,getPA
12acfc45-bdfb-4343-9004-9be15dfd844c,server/model/players/skills/SmithingInterface.java,makeRuneInterface,->,12acfc45-bdfb-4343-9004-9be15dfd844c,server/model/players/skills/SmithingInterface.java,GetForlvl
12acfc45-bdfb-4343-9004-9be15dfd844c,server/model/players/skills/SmithingInterface.java,makeRuneInterface,->,12acfc45-bdfb-4343-9004-9be15dfd844c,java/lang/StringBuilder.java,append
12acfc45-bdfb-4343-9004-9be15dfd844c,server/model/players/skills/SmithingInterface.java,makeRuneInterface,->,12acfc45-bdfb-4343-9004-9be15dfd844c,java/lang/StringBuilder.java,append
12acfc45-bdfb-4343-9004-9be15dfd844c,server/model/players/skills/SmithingInterface.java,makeRuneInterface,->,12acfc45-bdfb-4343-9004-9be15dfd844c,server/model/players/skills/SmithingInterface.java,GetForlvl
12acfc45-bdfb-4343-9004-9be15dfd844c,server/model/players/skills/SmithingInterface.java,makeRuneInterface,->,12acfc45-bdfb-4343-9004-9be15dfd844c,java/lang/StringBuilder.java,append
12acfc45-bdfb-4343-9004-9be15dfd844c,server/model/players/skills/SmithingInterface.java,makeRuneInterface,->,12acfc45-bdfb-4343-9004-9be15dfd844c,java/lang/StringBuilder.java,toString
12acfc45-bdfb-4343-9004-9be15dfd844c,server/model/players/skills/SmithingInterface.java,makeRuneInterface,->,12acfc45-bdfb-4343-9004-9be15dfd844c,991eb2a8-284a-4290-ae08-f54cf8834706,609517a1-3a8b-4bd9-8623-3cae47c33a17
12acfc45-bdfb-4343-9004-9be15dfd844c,server/model/players/skills/SmithingInterface.java,makeRuneInterface,->,12acfc45-bdfb-4343-9004-9be15dfd844c,server/model/players/Client.java,getPA
12acfc45-bdfb-4343-9004-9be15dfd844c,server/model/players/skills/SmithingInterface.java,makeRuneInterface,->,12acfc45-bdfb-4343-9004-9be15dfd844c,server/model/players/skills/SmithingInterface.java,GetForlvl
12acfc45-bdfb-4343-9004-9be15dfd844c,server/model/players/skills/SmithingInterface.java,makeRuneInterface,->,12acfc45-bdfb-4343-9004-9be15dfd844c,java/lang/StringBuilder.java,append
12acfc45-bdfb-4343-9004-9be15dfd844c,server/model/players/skills/SmithingInterface.java,makeRuneInterface,->,12acfc45-bdfb-4343-9004-9be15dfd844c,java/lang/StringBuilder.java,append
12acfc45-bdfb-4343-9004-9be15dfd844c,server/model/players/skills/SmithingInterface.java,makeRuneInterface,->,12acfc45-bdfb-4343-9004-9be15dfd844c,server/model/players/skills/SmithingInterface.java,GetForlvl
12acfc45-bdfb-4343-9004-9be15dfd844c,server/model/players/skills/SmithingInterface.java,makeRuneInterface,->,12acfc45-bdfb-4343-9004-9be15dfd844c,java/lang/StringBuilder.java,append
12acfc45-bdfb-4343-9004-9be15dfd844c,server/model/players/skills/SmithingInterface.java,makeRuneInterface,->,12acfc45-bdfb-4343-9004-9be15dfd844c,java/lang/StringBuilder.java,toString
12acfc45-bdfb-4343-9004-9be15dfd844c,server/model/players/skills/SmithingInterface.java,makeRuneInterface,->,12acfc45-bdfb-4343-9004-9be15dfd844c,991eb2a8-284a-4290-ae08-f54cf8834706,609517a1-3a8b-4bd9-8623-3cae47c33a17
12acfc45-bdfb-4343-9004-9be15dfd844c,server/model/players/skills/SmithingInterface.java,makeRuneInterface,->,12acfc45-bdfb-4343-9004-9be15dfd844c,server/model/players/Client.java,getPA
12acfc45-bdfb-4343-9004-9be15dfd844c,server/model/players/skills/SmithingInterface.java,makeRuneInterface,->,12acfc45-bdfb-4343-9004-9be15dfd844c,server/model/players/skills/SmithingInterface.java,GetForlvl
12acfc45-bdfb-4343-9004-9be15dfd844c,server/model/players/skills/SmithingInterface.java,makeRuneInterface,->,12acfc45-bdfb-4343-9004-9be15dfd844c,java/lang/StringBuilder.java,append
12acfc45-bdfb-4343-9004-9be15dfd844c,server/model/players/skills/SmithingInterface.java,makeRuneInterface,->,12acfc45-bdfb-4343-9004-9be15dfd844c,java/lang/StringBuilder.java,append
12acfc45-bdfb-4343-9004-9be15dfd844c,server/model/players/skills/SmithingInterface.java,makeRuneInterface,->,12acfc45-bdfb-4343-9004-9be15dfd844c,server/model/players/skills/SmithingInterface.java,GetForlvl
12acfc45-bdfb-4343-9004-9be15dfd844c,server/model/players/skills/SmithingInterface.java,makeRuneInterface,->,12acfc45-bdfb-4343-9004-9be15dfd844c,java/lang/StringBuilder.java,append
12acfc45-bdfb-4343-9004-9be15dfd844c,server/model/players/skills/SmithingInterface.java,makeRuneInterface,->,12acfc45-bdfb-4343-9004-9be15dfd844c,java/lang/StringBuilder.java,toString
12acfc45-bdfb-4343-9004-9be15dfd844c,server/model/players/skills/SmithingInterface.java,makeRuneInterface,->,12acfc45-bdfb-4343-9004-9be15dfd844c,991eb2a8-284a-4290-ae08-f54cf8834706,609517a1-3a8b-4bd9-8623-3cae47c33a17
12acfc45-bdfb-4343-9004-9be15dfd844c,server/model/players/skills/SmithingInterface.java,makeRuneInterface,->,12acfc45-bdfb-4343-9004-9be15dfd844c,server/model/players/Client.java,getPA
12acfc45-bdfb-4343-9004-9be15dfd844c,server/model/players/skills/SmithingInterface.java,makeRuneInterface,->,12acfc45-bdfb-4343-9004-9be15dfd844c,server/model/players/skills/SmithingInterface.java,GetForlvl
12acfc45-bdfb-4343-9004-9be15dfd844c,server/model/players/skills/SmithingInterface.java,makeRuneInterface,->,12acfc45-bdfb-4343-9004-9be15dfd844c,java/lang/StringBuilder.java,append
12acfc45-bdfb-4343-9004-9be15dfd844c,server/model/players/skills/SmithingInterface.java,makeRuneInterface,->,12acfc45-bdfb-4343-9004-9be15dfd844c,java/lang/StringBuilder.java,append
12acfc45-bdfb-4343-9004-9be15dfd844c,server/model/players/skills/SmithingInterface.java,makeRuneInterface,->,12acfc45-bdfb-4343-9004-9be15dfd844c,server/model/players/skills/SmithingInterface.java,GetForlvl
12acfc45-bdfb-4343-9004-9be15dfd844c,server/model/players/skills/SmithingInterface.java,makeRuneInterface,->,12acfc45-bdfb-4343-9004-9be15dfd844c,java/lang/StringBuilder.java,append
12acfc45-bdfb-4343-9004-9be15dfd844c,server/model/players/skills/SmithingInterface.java,makeRuneInterface,->,12acfc45-bdfb-4343-9004-9be15dfd844c,java/lang/StringBuilder.java,toString
12acfc45-bdfb-4343-9004-9be15dfd844c,server/model/players/skills/SmithingInterface.java,makeRuneInterface,->,12acfc45-bdfb-4343-9004-9be15dfd844c,991eb2a8-284a-4290-ae08-f54cf8834706,609517a1-3a8b-4bd9-8623-3cae47c33a17
12acfc45-bdfb-4343-9004-9be15dfd844c,server/model/players/skills/SmithingInterface.java,makeRuneInterface,->,12acfc45-bdfb-4343-9004-9be15dfd844c,server/model/players/Client.java,getPA
12acfc45-bdfb-4343-9004-9be15dfd844c,server/model/players/skills/SmithingInterface.java,makeRuneInterface,->,12acfc45-bdfb-4343-9004-9be15dfd844c,server/model/players/skills/SmithingInterface.java,GetForlvl
12acfc45-bdfb-4343-9004-9be15dfd844c,server/model/players/skills/SmithingInterface.java,makeRuneInterface,->,12acfc45-bdfb-4343-9004-9be15dfd844c,java/lang/StringBuilder.java,append
12acfc45-bdfb-4343-9004-9be15dfd844c,server/model/players/skills/SmithingInterface.java,makeRuneInterface,->,12acfc45-bdfb-4343-9004-9be15dfd844c,java/lang/StringBuilder.java,append
12acfc45-bdfb-4343-9004-9be15dfd844c,server/model/players/skills/SmithingInterface.java,makeRuneInterface,->,12acfc45-bdfb-4343-9004-9be15dfd844c,server/model/players/skills/SmithingInterface.java,GetForlvl
12acfc45-bdfb-4343-9004-9be15dfd844c,server/model/players/skills/SmithingInterface.java,makeRuneInterface,->,12acfc45-bdfb-4343-9004-9be15dfd844c,java/lang/StringBuilder.java,append
12acfc45-bdfb-4343-9004-9be15dfd844c,server/model/players/skills/SmithingInterface.java,makeRuneInterface,->,12acfc45-bdfb-4343-9004-9be15dfd844c,java/lang/StringBuilder.java,toString
12acfc45-bdfb-4343-9004-9be15dfd844c,server/model/players/skills/SmithingInterface.java,makeRuneInterface,->,12acfc45-bdfb-4343-9004-9be15dfd844c,991eb2a8-284a-4290-ae08-f54cf8834706,609517a1-3a8b-4bd9-8623-3cae47c33a17
12acfc45-bdfb-4343-9004-9be15dfd844c,server/model/players/skills/SmithingInterface.java,makeRuneInterface,->,12acfc45-bdfb-4343-9004-9be15dfd844c,server/model/players/Client.java,getPA
12acfc45-bdfb-4343-9004-9be15dfd844c,server/model/players/skills/SmithingInterface.java,makeRuneInterface,->,12acfc45-bdfb-4343-9004-9be15dfd844c,server/model/players/skills/SmithingInterface.java,GetForlvl
12acfc45-bdfb-4343-9004-9be15dfd844c,server/model/players/skills/SmithingInterface.java,makeRuneInterface,->,12acfc45-bdfb-4343-9004-9be15dfd844c,java/lang/StringBuilder.java,append
12acfc45-bdfb-4343-9004-9be15dfd844c,server/model/players/skills/SmithingInterface.java,makeRuneInterface,->,12acfc45-bdfb-4343-9004-9be15dfd844c,java/lang/StringBuilder.java,append
12acfc45-bdfb-4343-9004-9be15dfd844c,server/model/players/skills/SmithingInterface.java,makeRuneInterface,->,12acfc45-bdfb-4343-9004-9be15dfd844c,server/model/players/skills/SmithingInterface.java,GetForlvl
12acfc45-bdfb-4343-9004-9be15dfd844c,server/model/players/skills/SmithingInterface.java,makeRuneInterface,->,12acfc45-bdfb-4343-9004-9be15dfd844c,java/lang/StringBuilder.java,append
12acfc45-bdfb-4343-9004-9be15dfd844c,server/model/players/skills/SmithingInterface.java,makeRuneInterface,->,12acfc45-bdfb-4343-9004-9be15dfd844c,java/lang/StringBuilder.java,toString
12acfc45-bdfb-4343-9004-9be15dfd844c,server/model/players/skills/SmithingInterface.java,makeRuneInterface,->,12acfc45-bdfb-4343-9004-9be15dfd844c,991eb2a8-284a-4290-ae08-f54cf8834706,609517a1-3a8b-4bd9-8623-3cae47c33a17
12acfc45-bdfb-4343-9004-9be15dfd844c,server/model/players/skills/SmithingInterface.java,makeRuneInterface,->,12acfc45-bdfb-4343-9004-9be15dfd844c,server/model/players/Client.java,getPA
12acfc45-bdfb-4343-9004-9be15dfd844c,server/model/players/skills/SmithingInterface.java,makeRuneInterface,->,12acfc45-bdfb-4343-9004-9be15dfd844c,server/model/players/skills/SmithingInterface.java,GetForlvl
12acfc45-bdfb-4343-9004-9be15dfd844c,server/model/players/skills/SmithingInterface.java,makeRuneInterface,->,12acfc45-bdfb-4343-9004-9be15dfd844c,java/lang/StringBuilder.java,append
12acfc45-bdfb-4343-9004-9be15dfd844c,server/model/players/skills/SmithingInterface.java,makeRuneInterface,->,12acfc45-bdfb-4343-9004-9be15dfd844c,java/lang/StringBuilder.java,append
12acfc45-bdfb-4343-9004-9be15dfd844c,server/model/players/skills/SmithingInterface.java,makeRuneInterface,->,12acfc45-bdfb-4343-9004-9be15dfd844c,server/model/players/skills/SmithingInterface.java,GetForlvl
12acfc45-bdfb-4343-9004-9be15dfd844c,server/model/players/skills/SmithingInterface.java,makeRuneInterface,->,12acfc45-bdfb-4343-9004-9be15dfd844c,java/lang/StringBuilder.java,append
12acfc45-bdfb-4343-9004-9be15dfd844c,server/model/players/skills/SmithingInterface.java,makeRuneInterface,->,12acfc45-bdfb-4343-9004-9be15dfd844c,java/lang/StringBuilder.java,toString
12acfc45-bdfb-4343-9004-9be15dfd844c,server/model/players/skills/SmithingInterface.java,makeRuneInterface,->,12acfc45-bdfb-4343-9004-9be15dfd844c,991eb2a8-284a-4290-ae08-f54cf8834706,609517a1-3a8b-4bd9-8623-3cae47c33a17
12acfc45-bdfb-4343-9004-9be15dfd844c,server/model/players/skills/SmithingInterface.java,makeRuneInterface,->,12acfc45-bdfb-4343-9004-9be15dfd844c,server/model/players/Client.java,getPA
12acfc45-bdfb-4343-9004-9be15dfd844c,server/model/players/skills/SmithingInterface.java,makeRuneInterface,->,12acfc45-bdfb-4343-9004-9be15dfd844c,server/model/players/skills/SmithingInterface.java,GetForlvl
12acfc45-bdfb-4343-9004-9be15dfd844c,server/model/players/skills/SmithingInterface.java,makeRuneInterface,->,12acfc45-bdfb-4343-9004-9be15dfd844c,java/lang/StringBuilder.java,append
12acfc45-bdfb-4343-9004-9be15dfd844c,server/model/players/skills/SmithingInterface.java,makeRuneInterface,->,12acfc45-bdfb-4343-9004-9be15dfd844c,java/lang/StringBuilder.java,append
12acfc45-bdfb-4343-9004-9be15dfd844c,server/model/players/skills/SmithingInterface.java,makeRuneInterface,->,12acfc45-bdfb-4343-9004-9be15dfd844c,server/model/players/skills/SmithingInterface.java,GetForlvl
12acfc45-bdfb-4343-9004-9be15dfd844c,server/model/players/skills/SmithingInterface.java,makeRuneInterface,->,12acfc45-bdfb-4343-9004-9be15dfd844c,java/lang/StringBuilder.java,append
12acfc45-bdfb-4343-9004-9be15dfd844c,server/model/players/skills/SmithingInterface.java,makeRuneInterface,->,12acfc45-bdfb-4343-9004-9be15dfd844c,java/lang/StringBuilder.java,toString
12acfc45-bdfb-4343-9004-9be15dfd844c,server/model/players/skills/SmithingInterface.java,makeRuneInterface,->,12acfc45-bdfb-4343-9004-9be15dfd844c,991eb2a8-284a-4290-ae08-f54cf8834706,609517a1-3a8b-4bd9-8623-3cae47c33a17
12acfc45-bdfb-4343-9004-9be15dfd844c,server/model/players/skills/SmithingInterface.java,makeRuneInterface,->,12acfc45-bdfb-4343-9004-9be15dfd844c,server/model/players/Client.java,getPA
12acfc45-bdfb-4343-9004-9be15dfd844c,server/model/players/skills/SmithingInterface.java,makeRuneInterface,->,12acfc45-bdfb-4343-9004-9be15dfd844c,server/model/players/skills/SmithingInterface.java,GetForlvl
12acfc45-bdfb-4343-9004-9be15dfd844c,server/model/players/skills/SmithingInterface.java,makeRuneInterface,->,12acfc45-bdfb-4343-9004-9be15dfd844c,java/lang/StringBuilder.java,append
12acfc45-bdfb-4343-9004-9be15dfd844c,server/model/players/skills/SmithingInterface.java,makeRuneInterface,->,12acfc45-bdfb-4343-9004-9be15dfd844c,java/lang/StringBuilder.java,append
12acfc45-bdfb-4343-9004-9be15dfd844c,server/model/players/skills/SmithingInterface.java,makeRuneInterface,->,12acfc45-bdfb-4343-9004-9be15dfd844c,server/model/players/skills/SmithingInterface.java,GetForlvl
12acfc45-bdfb-4343-9004-9be15dfd844c,server/model/players/skills/SmithingInterface.java,makeRuneInterface,->,12acfc45-bdfb-4343-9004-9be15dfd844c,java/lang/StringBuilder.java,append
12acfc45-bdfb-4343-9004-9be15dfd844c,server/model/players/skills/SmithingInterface.java,makeRuneInterface,->,12acfc45-bdfb-4343-9004-9be15dfd844c,java/lang/StringBuilder.java,toString
12acfc45-bdfb-4343-9004-9be15dfd844c,server/model/players/skills/SmithingInterface.java,makeRuneInterface,->,12acfc45-bdfb-4343-9004-9be15dfd844c,991eb2a8-284a-4290-ae08-f54cf8834706,609517a1-3a8b-4bd9-8623-3cae47c33a17
12acfc45-bdfb-4343-9004-9be15dfd844c,server/model/players/skills/SmithingInterface.java,makeRuneInterface,->,12acfc45-bdfb-4343-9004-9be15dfd844c,server/model/players/Client.java,getPA
12acfc45-bdfb-4343-9004-9be15dfd844c,server/model/players/skills/SmithingInterface.java,makeRuneInterface,->,12acfc45-bdfb-4343-9004-9be15dfd844c,991eb2a8-284a-4290-ae08-f54cf8834706,567f87b3-4cc7-43f9-9489-4a8b3527773d
12acfc45-bdfb-4343-9004-9be15dfd844c,server/model/players/skills/SmithingInterface.java,makeRuneInterface,->,12acfc45-bdfb-4343-9004-9be15dfd844c,server/model/players/Client.java,getPA
12acfc45-bdfb-4343-9004-9be15dfd844c,server/model/players/skills/SmithingInterface.java,makeRuneInterface,->,12acfc45-bdfb-4343-9004-9be15dfd844c,991eb2a8-284a-4290-ae08-f54cf8834706,567f87b3-4cc7-43f9-9489-4a8b3527773d
12acfc45-bdfb-4343-9004-9be15dfd844c,server/model/players/skills/SmithingInterface.java,makeRuneInterface,->,12acfc45-bdfb-4343-9004-9be15dfd844c,server/model/players/Client.java,getPA
12acfc45-bdfb-4343-9004-9be15dfd844c,server/model/players/skills/SmithingInterface.java,makeRuneInterface,->,12acfc45-bdfb-4343-9004-9be15dfd844c,991eb2a8-284a-4290-ae08-f54cf8834706,567f87b3-4cc7-43f9-9489-4a8b3527773d
12acfc45-bdfb-4343-9004-9be15dfd844c,server/model/players/skills/SmithingInterface.java,makeRuneInterface,->,12acfc45-bdfb-4343-9004-9be15dfd844c,server/model/players/Client.java,getPA
12acfc45-bdfb-4343-9004-9be15dfd844c,server/model/players/skills/SmithingInterface.java,makeRuneInterface,->,12acfc45-bdfb-4343-9004-9be15dfd844c,991eb2a8-284a-4290-ae08-f54cf8834706,567f87b3-4cc7-43f9-9489-4a8b3527773d
12acfc45-bdfb-4343-9004-9be15dfd844c,server/model/players/skills/SmithingInterface.java,makeRuneInterface,->,12acfc45-bdfb-4343-9004-9be15dfd844c,server/model/players/Client.java,getPA
12acfc45-bdfb-4343-9004-9be15dfd844c,server/model/players/skills/SmithingInterface.java,makeRuneInterface,->,12acfc45-bdfb-4343-9004-9be15dfd844c,991eb2a8-284a-4290-ae08-f54cf8834706,567f87b3-4cc7-43f9-9489-4a8b3527773d
12acfc45-bdfb-4343-9004-9be15dfd844c,server/model/players/skills/SmithingInterface.java,makeRuneInterface,->,12acfc45-bdfb-4343-9004-9be15dfd844c,server/model/players/Client.java,getPA
12acfc45-bdfb-4343-9004-9be15dfd844c,server/model/players/skills/SmithingInterface.java,makeRuneInterface,->,12acfc45-bdfb-4343-9004-9be15dfd844c,991eb2a8-284a-4290-ae08-f54cf8834706,567f87b3-4cc7-43f9-9489-4a8b3527773d
12acfc45-bdfb-4343-9004-9be15dfd844c,server/model/players/skills/SmithingInterface.java,makeRuneInterface,->,12acfc45-bdfb-4343-9004-9be15dfd844c,server/model/players/Client.java,getPA
12acfc45-bdfb-4343-9004-9be15dfd844c,server/model/players/skills/SmithingInterface.java,makeRuneInterface,->,12acfc45-bdfb-4343-9004-9be15dfd844c,991eb2a8-284a-4290-ae08-f54cf8834706,567f87b3-4cc7-43f9-9489-4a8b3527773d
12acfc45-bdfb-4343-9004-9be15dfd844c,server/model/players/skills/SmithingInterface.java,makeRuneInterface,->,12acfc45-bdfb-4343-9004-9be15dfd844c,server/model/players/Client.java,getPA
12acfc45-bdfb-4343-9004-9be15dfd844c,server/model/players/skills/SmithingInterface.java,makeRuneInterface,->,12acfc45-bdfb-4343-9004-9be15dfd844c,991eb2a8-284a-4290-ae08-f54cf8834706,567f87b3-4cc7-43f9-9489-4a8b3527773d
12acfc45-bdfb-4343-9004-9be15dfd844c,server/model/players/skills/SmithingInterface.java,makeRuneInterface,->,12acfc45-bdfb-4343-9004-9be15dfd844c,server/model/players/Client.java,getPA
12acfc45-bdfb-4343-9004-9be15dfd844c,server/model/players/skills/SmithingInterface.java,makeRuneInterface,->,12acfc45-bdfb-4343-9004-9be15dfd844c,991eb2a8-284a-4290-ae08-f54cf8834706,567f87b3-4cc7-43f9-9489-4a8b3527773d
12acfc45-bdfb-4343-9004-9be15dfd844c,server/model/players/skills/SmithingInterface.java,makeRuneInterface,->,12acfc45-bdfb-4343-9004-9be15dfd844c,server/model/players/Client.java,getPA
12acfc45-bdfb-4343-9004-9be15dfd844c,server/model/players/skills/SmithingInterface.java,makeRuneInterface,->,12acfc45-bdfb-4343-9004-9be15dfd844c,991eb2a8-284a-4290-ae08-f54cf8834706,567f87b3-4cc7-43f9-9489-4a8b3527773d
12acfc45-bdfb-4343-9004-9be15dfd844c,server/model/players/skills/SmithingInterface.java,makeRuneInterface,->,12acfc45-bdfb-4343-9004-9be15dfd844c,server/model/players/Client.java,getPA
12acfc45-bdfb-4343-9004-9be15dfd844c,server/model/players/skills/SmithingInterface.java,makeRuneInterface,->,12acfc45-bdfb-4343-9004-9be15dfd844c,991eb2a8-284a-4290-ae08-f54cf8834706,567f87b3-4cc7-43f9-9489-4a8b3527773d
12acfc45-bdfb-4343-9004-9be15dfd844c,server/model/players/skills/SmithingInterface.java,makeRuneInterface,->,12acfc45-bdfb-4343-9004-9be15dfd844c,server/model/players/Client.java,getPA
12acfc45-bdfb-4343-9004-9be15dfd844c,server/model/players/skills/SmithingInterface.java,makeRuneInterface,->,12acfc45-bdfb-4343-9004-9be15dfd844c,991eb2a8-284a-4290-ae08-f54cf8834706,567f87b3-4cc7-43f9-9489-4a8b3527773d
12acfc45-bdfb-4343-9004-9be15dfd844c,server/model/players/skills/SmithingInterface.java,makeRuneInterface,->,12acfc45-bdfb-4343-9004-9be15dfd844c,server/model/players/Client.java,getPA
12acfc45-bdfb-4343-9004-9be15dfd844c,server/model/players/skills/SmithingInterface.java,makeRuneInterface,->,12acfc45-bdfb-4343-9004-9be15dfd844c,991eb2a8-284a-4290-ae08-f54cf8834706,567f87b3-4cc7-43f9-9489-4a8b3527773d
12acfc45-bdfb-4343-9004-9be15dfd844c,server/model/players/skills/SmithingInterface.java,makeRuneInterface,->,12acfc45-bdfb-4343-9004-9be15dfd844c,server/model/players/Client.java,getPA
12acfc45-bdfb-4343-9004-9be15dfd844c,server/model/players/skills/SmithingInterface.java,makeRuneInterface,->,12acfc45-bdfb-4343-9004-9be15dfd844c,991eb2a8-284a-4290-ae08-f54cf8834706,567f87b3-4cc7-43f9-9489-4a8b3527773d
12acfc45-bdfb-4343-9004-9be15dfd844c,server/model/players/skills/SmithingInterface.java,makeRuneInterface,->,12acfc45-bdfb-4343-9004-9be15dfd844c,server/model/players/Client.java,getPA
12acfc45-bdfb-4343-9004-9be15dfd844c,server/model/players/skills/SmithingInterface.java,makeRuneInterface,->,12acfc45-bdfb-4343-9004-9be15dfd844c,991eb2a8-284a-4290-ae08-f54cf8834706,567f87b3-4cc7-43f9-9489-4a8b3527773d
12acfc45-bdfb-4343-9004-9be15dfd844c,server/model/players/skills/SmithingInterface.java,makeRuneInterface,->,12acfc45-bdfb-4343-9004-9be15dfd844c,server/model/players/Client.java,getPA
12acfc45-bdfb-4343-9004-9be15dfd844c,server/model/players/skills/SmithingInterface.java,makeRuneInterface,->,12acfc45-bdfb-4343-9004-9be15dfd844c,991eb2a8-284a-4290-ae08-f54cf8834706,567f87b3-4cc7-43f9-9489-4a8b3527773d
12acfc45-bdfb-4343-9004-9be15dfd844c,server/model/players/skills/SmithingInterface.java,makeRuneInterface,->,12acfc45-bdfb-4343-9004-9be15dfd844c,server/model/players/Client.java,getPA
12acfc45-bdfb-4343-9004-9be15dfd844c,server/model/players/skills/SmithingInterface.java,makeRuneInterface,->,12acfc45-bdfb-4343-9004-9be15dfd844c,991eb2a8-284a-4290-ae08-f54cf8834706,567f87b3-4cc7-43f9-9489-4a8b3527773d
12acfc45-bdfb-4343-9004-9be15dfd844c,server/model/players/skills/SmithingInterface.java,makeRuneInterface,->,12acfc45-bdfb-4343-9004-9be15dfd844c,server/model/players/Client.java,getPA
12acfc45-bdfb-4343-9004-9be15dfd844c,server/model/players/skills/SmithingInterface.java,makeRuneInterface,->,12acfc45-bdfb-4343-9004-9be15dfd844c,991eb2a8-284a-4290-ae08-f54cf8834706,567f87b3-4cc7-43f9-9489-4a8b3527773d
12acfc45-bdfb-4343-9004-9be15dfd844c,server/model/players/skills/SmithingInterface.java,makeRuneInterface,->,12acfc45-bdfb-4343-9004-9be15dfd844c,server/model/players/Client.java,getPA
12acfc45-bdfb-4343-9004-9be15dfd844c,server/model/players/skills/SmithingInterface.java,makeRuneInterface,->,12acfc45-bdfb-4343-9004-9be15dfd844c,991eb2a8-284a-4290-ae08-f54cf8834706,567f87b3-4cc7-43f9-9489-4a8b3527773d
12acfc45-bdfb-4343-9004-9be15dfd844c,server/model/players/skills/SmithingInterface.java,makeRuneInterface,->,12acfc45-bdfb-4343-9004-9be15dfd844c,server/model/players/Client.java,getPA
12acfc45-bdfb-4343-9004-9be15dfd844c,server/model/players/skills/SmithingInterface.java,makeRuneInterface,->,12acfc45-bdfb-4343-9004-9be15dfd844c,991eb2a8-284a-4290-ae08-f54cf8834706,567f87b3-4cc7-43f9-9489-4a8b3527773d
12acfc45-bdfb-4343-9004-9be15dfd844c,server/model/players/skills/SmithingInterface.java,makeRuneInterface,->,12acfc45-bdfb-4343-9004-9be15dfd844c,server/model/players/Client.java,getPA
12acfc45-bdfb-4343-9004-9be15dfd844c,server/model/players/skills/SmithingInterface.java,makeRuneInterface,->,12acfc45-bdfb-4343-9004-9be15dfd844c,991eb2a8-284a-4290-ae08-f54cf8834706,567f87b3-4cc7-43f9-9489-4a8b3527773d
12acfc45-bdfb-4343-9004-9be15dfd844c,server/model/players/skills/SmithingInterface.java,makeRuneInterface,->,12acfc45-bdfb-4343-9004-9be15dfd844c,server/model/players/Client.java,getPA
12acfc45-bdfb-4343-9004-9be15dfd844c,server/model/players/skills/SmithingInterface.java,makeRuneInterface,->,12acfc45-bdfb-4343-9004-9be15dfd844c,991eb2a8-284a-4290-ae08-f54cf8834706,567f87b3-4cc7-43f9-9489-4a8b3527773d
12acfc45-bdfb-4343-9004-9be15dfd844c,server/model/players/skills/SmithingInterface.java,makeRuneInterface,->,12acfc45-bdfb-4343-9004-9be15dfd844c,server/model/players/Client.java,getPA
12acfc45-bdfb-4343-9004-9be15dfd844c,server/model/players/skills/SmithingInterface.java,makeRuneInterface,->,12acfc45-bdfb-4343-9004-9be15dfd844c,991eb2a8-284a-4290-ae08-f54cf8834706,609517a1-3a8b-4bd9-8623-3cae47c33a17
12acfc45-bdfb-4343-9004-9be15dfd844c,server/model/players/skills/SmithingInterface.java,makeRuneInterface,->,12acfc45-bdfb-4343-9004-9be15dfd844c,server/model/players/Client.java,getPA
12acfc45-bdfb-4343-9004-9be15dfd844c,server/model/players/skills/SmithingInterface.java,makeRuneInterface,->,12acfc45-bdfb-4343-9004-9be15dfd844c,991eb2a8-284a-4290-ae08-f54cf8834706,609517a1-3a8b-4bd9-8623-3cae47c33a17
12acfc45-bdfb-4343-9004-9be15dfd844c,server/model/players/skills/SmithingInterface.java,makeRuneInterface,->,12acfc45-bdfb-4343-9004-9be15dfd844c,server/model/players/Client.java,getPA
12acfc45-bdfb-4343-9004-9be15dfd844c,server/model/players/skills/SmithingInterface.java,makeRuneInterface,->,12acfc45-bdfb-4343-9004-9be15dfd844c,991eb2a8-284a-4290-ae08-f54cf8834706,609517a1-3a8b-4bd9-8623-3cae47c33a17
12acfc45-bdfb-4343-9004-9be15dfd844c,server/model/players/skills/SmithingInterface.java,makeRuneInterface,->,12acfc45-bdfb-4343-9004-9be15dfd844c,server/model/players/Client.java,getPA
12acfc45-bdfb-4343-9004-9be15dfd844c,server/model/players/skills/SmithingInterface.java,makeRuneInterface,->,12acfc45-bdfb-4343-9004-9be15dfd844c,991eb2a8-284a-4290-ae08-f54cf8834706,609517a1-3a8b-4bd9-8623-3cae47c33a17
12acfc45-bdfb-4343-9004-9be15dfd844c,server/model/players/skills/SmithingInterface.java,makeRuneInterface,->,12acfc45-bdfb-4343-9004-9be15dfd844c,server/model/players/Client.java,getPA
12acfc45-bdfb-4343-9004-9be15dfd844c,server/model/players/skills/SmithingInterface.java,makeRuneInterface,->,12acfc45-bdfb-4343-9004-9be15dfd844c,991eb2a8-284a-4290-ae08-f54cf8834706,609517a1-3a8b-4bd9-8623-3cae47c33a17
12acfc45-bdfb-4343-9004-9be15dfd844c,server/model/players/skills/SmithingInterface.java,makeRuneInterface,->,12acfc45-bdfb-4343-9004-9be15dfd844c,server/model/players/Client.java,getPA
12acfc45-bdfb-4343-9004-9be15dfd844c,server/model/players/skills/SmithingInterface.java,makeRuneInterface,->,12acfc45-bdfb-4343-9004-9be15dfd844c,991eb2a8-284a-4290-ae08-f54cf8834706,609517a1-3a8b-4bd9-8623-3cae47c33a17
12acfc45-bdfb-4343-9004-9be15dfd844c,server/model/players/skills/SmithingInterface.java,makeRuneInterface,->,12acfc45-bdfb-4343-9004-9be15dfd844c,server/model/players/Client.java,getPA
12acfc45-bdfb-4343-9004-9be15dfd844c,server/model/players/skills/SmithingInterface.java,makeRuneInterface,->,12acfc45-bdfb-4343-9004-9be15dfd844c,server/model/players/PlayerAssistant.java,showInterface
12acfc45-bdfb-4343-9004-9be15dfd844c,server/model/players/skills/SmithingInterface.java,makeAddyInterface,->,12acfc45-bdfb-4343-9004-9be15dfd844c,server/model/players/skills/SmithingInterface.java,GetForBars
12acfc45-bdfb-4343-9004-9be15dfd844c,server/model/players/skills/SmithingInterface.java,makeAddyInterface,->,12acfc45-bdfb-4343-9004-9be15dfd844c,server/model/players/skills/SmithingInterface.java,GetForBars
12acfc45-bdfb-4343-9004-9be15dfd844c,server/model/players/skills/SmithingInterface.java,makeAddyInterface,->,12acfc45-bdfb-4343-9004-9be15dfd844c,server/model/players/skills/SmithingInterface.java,GetForBars
12acfc45-bdfb-4343-9004-9be15dfd844c,server/model/players/skills/SmithingInterface.java,makeAddyInterface,->,12acfc45-bdfb-4343-9004-9be15dfd844c,server/model/players/skills/SmithingInterface.java,GetForBars
12acfc45-bdfb-4343-9004-9be15dfd844c,server/model/players/skills/SmithingInterface.java,makeAddyInterface,->,12acfc45-bdfb-4343-9004-9be15dfd844c,server/model/players/Client.java,getPA
12acfc45-bdfb-4343-9004-9be15dfd844c,server/model/players/skills/SmithingInterface.java,makeAddyInterface,->,12acfc45-bdfb-4343-9004-9be15dfd844c,java/lang/StringBuilder.java,append
12acfc45-bdfb-4343-9004-9be15dfd844c,server/model/players/skills/SmithingInterface.java,makeAddyInterface,->,12acfc45-bdfb-4343-9004-9be15dfd844c,java/lang/StringBuilder.java,append
12acfc45-bdfb-4343-9004-9be15dfd844c,server/model/players/skills/SmithingInterface.java,makeAddyInterface,->,12acfc45-bdfb-4343-9004-9be15dfd844c,java/lang/StringBuilder.java,append
12acfc45-bdfb-4343-9004-9be15dfd844c,server/model/players/skills/SmithingInterface.java,makeAddyInterface,->,12acfc45-bdfb-4343-9004-9be15dfd844c,java/lang/StringBuilder.java,toString
12acfc45-bdfb-4343-9004-9be15dfd844c,server/model/players/skills/SmithingInterface.java,makeAddyInterface,->,12acfc45-bdfb-4343-9004-9be15dfd844c,991eb2a8-284a-4290-ae08-f54cf8834706,609517a1-3a8b-4bd9-8623-3cae47c33a17
12acfc45-bdfb-4343-9004-9be15dfd844c,server/model/players/skills/SmithingInterface.java,makeAddyInterface,->,12acfc45-bdfb-4343-9004-9be15dfd844c,server/model/players/Client.java,getPA
12acfc45-bdfb-4343-9004-9be15dfd844c,server/model/players/skills/SmithingInterface.java,makeAddyInterface,->,12acfc45-bdfb-4343-9004-9be15dfd844c,java/lang/StringBuilder.java,append
12acfc45-bdfb-4343-9004-9be15dfd844c,server/model/players/skills/SmithingInterface.java,makeAddyInterface,->,12acfc45-bdfb-4343-9004-9be15dfd844c,java/lang/StringBuilder.java,append
12acfc45-bdfb-4343-9004-9be15dfd844c,server/model/players/skills/SmithingInterface.java,makeAddyInterface,->,12acfc45-bdfb-4343-9004-9be15dfd844c,java/lang/StringBuilder.java,append
12acfc45-bdfb-4343-9004-9be15dfd844c,server/model/players/skills/SmithingInterface.java,makeAddyInterface,->,12acfc45-bdfb-4343-9004-9be15dfd844c,java/lang/StringBuilder.java,toString
12acfc45-bdfb-4343-9004-9be15dfd844c,server/model/players/skills/SmithingInterface.java,makeAddyInterface,->,12acfc45-bdfb-4343-9004-9be15dfd844c,991eb2a8-284a-4290-ae08-f54cf8834706,609517a1-3a8b-4bd9-8623-3cae47c33a17
12acfc45-bdfb-4343-9004-9be15dfd844c,server/model/players/skills/SmithingInterface.java,makeAddyInterface,->,12acfc45-bdfb-4343-9004-9be15dfd844c,server/model/players/Client.java,getPA
12acfc45-bdfb-4343-9004-9be15dfd844c,server/model/players/skills/SmithingInterface.java,makeAddyInterface,->,12acfc45-bdfb-4343-9004-9be15dfd844c,java/lang/StringBuilder.java,append
12acfc45-bdfb-4343-9004-9be15dfd844c,server/model/players/skills/SmithingInterface.java,makeAddyInterface,->,12acfc45-bdfb-4343-9004-9be15dfd844c,java/lang/StringBuilder.java,append
12acfc45-bdfb-4343-9004-9be15dfd844c,server/model/players/skills/SmithingInterface.java,makeAddyInterface,->,12acfc45-bdfb-4343-9004-9be15dfd844c,java/lang/StringBuilder.java,append
12acfc45-bdfb-4343-9004-9be15dfd844c,server/model/players/skills/SmithingInterface.java,makeAddyInterface,->,12acfc45-bdfb-4343-9004-9be15dfd844c,java/lang/StringBuilder.java,toString
12acfc45-bdfb-4343-9004-9be15dfd844c,server/model/players/skills/SmithingInterface.java,makeAddyInterface,->,12acfc45-bdfb-4343-9004-9be15dfd844c,991eb2a8-284a-4290-ae08-f54cf8834706,609517a1-3a8b-4bd9-8623-3cae47c33a17
12acfc45-bdfb-4343-9004-9be15dfd844c,server/model/players/skills/SmithingInterface.java,makeAddyInterface,->,12acfc45-bdfb-4343-9004-9be15dfd844c,server/model/players/Client.java,getPA
12acfc45-bdfb-4343-9004-9be15dfd844c,server/model/players/skills/SmithingInterface.java,makeAddyInterface,->,12acfc45-bdfb-4343-9004-9be15dfd844c,java/lang/StringBuilder.java,append
12acfc45-bdfb-4343-9004-9be15dfd844c,server/model/players/skills/SmithingInterface.java,makeAddyInterface,->,12acfc45-bdfb-4343-9004-9be15dfd844c,java/lang/StringBuilder.java,append
12acfc45-bdfb-4343-9004-9be15dfd844c,server/model/players/skills/SmithingInterface.java,makeAddyInterface,->,12acfc45-bdfb-4343-9004-9be15dfd844c,java/lang/StringBuilder.java,append
12acfc45-bdfb-4343-9004-9be15dfd844c,server/model/players/skills/SmithingInterface.java,makeAddyInterface,->,12acfc45-bdfb-4343-9004-9be15dfd844c,java/lang/StringBuilder.java,toString
12acfc45-bdfb-4343-9004-9be15dfd844c,server/model/players/skills/SmithingInterface.java,makeAddyInterface,->,12acfc45-bdfb-4343-9004-9be15dfd844c,991eb2a8-284a-4290-ae08-f54cf8834706,609517a1-3a8b-4bd9-8623-3cae47c33a17
12acfc45-bdfb-4343-9004-9be15dfd844c,server/model/players/skills/SmithingInterface.java,makeAddyInterface,->,12acfc45-bdfb-4343-9004-9be15dfd844c,server/model/players/Client.java,getPA
12acfc45-bdfb-4343-9004-9be15dfd844c,server/model/players/skills/SmithingInterface.java,makeAddyInterface,->,12acfc45-bdfb-4343-9004-9be15dfd844c,java/lang/StringBuilder.java,append
12acfc45-bdfb-4343-9004-9be15dfd844c,server/model/players/skills/SmithingInterface.java,makeAddyInterface,->,12acfc45-bdfb-4343-9004-9be15dfd844c,java/lang/StringBuilder.java,append
12acfc45-bdfb-4343-9004-9be15dfd844c,server/model/players/skills/SmithingInterface.java,makeAddyInterface,->,12acfc45-bdfb-4343-9004-9be15dfd844c,java/lang/StringBuilder.java,append
12acfc45-bdfb-4343-9004-9be15dfd844c,server/model/players/skills/SmithingInterface.java,makeAddyInterface,->,12acfc45-bdfb-4343-9004-9be15dfd844c,java/lang/StringBuilder.java,toString
12acfc45-bdfb-4343-9004-9be15dfd844c,server/model/players/skills/SmithingInterface.java,makeAddyInterface,->,12acfc45-bdfb-4343-9004-9be15dfd844c,991eb2a8-284a-4290-ae08-f54cf8834706,609517a1-3a8b-4bd9-8623-3cae47c33a17
12acfc45-bdfb-4343-9004-9be15dfd844c,server/model/players/skills/SmithingInterface.java,makeAddyInterface,->,12acfc45-bdfb-4343-9004-9be15dfd844c,server/model/players/Client.java,getPA
12acfc45-bdfb-4343-9004-9be15dfd844c,server/model/players/skills/SmithingInterface.java,makeAddyInterface,->,12acfc45-bdfb-4343-9004-9be15dfd844c,java/lang/StringBuilder.java,append
12acfc45-bdfb-4343-9004-9be15dfd844c,server/model/players/skills/SmithingInterface.java,makeAddyInterface,->,12acfc45-bdfb-4343-9004-9be15dfd844c,java/lang/StringBuilder.java,append
12acfc45-bdfb-4343-9004-9be15dfd844c,server/model/players/skills/SmithingInterface.java,makeAddyInterface,->,12acfc45-bdfb-4343-9004-9be15dfd844c,java/lang/StringBuilder.java,append
12acfc45-bdfb-4343-9004-9be15dfd844c,server/model/players/skills/SmithingInterface.java,makeAddyInterface,->,12acfc45-bdfb-4343-9004-9be15dfd844c,java/lang/StringBuilder.java,toString
12acfc45-bdfb-4343-9004-9be15dfd844c,server/model/players/skills/SmithingInterface.java,makeAddyInterface,->,12acfc45-bdfb-4343-9004-9be15dfd844c,991eb2a8-284a-4290-ae08-f54cf8834706,609517a1-3a8b-4bd9-8623-3cae47c33a17
12acfc45-bdfb-4343-9004-9be15dfd844c,server/model/players/skills/SmithingInterface.java,makeAddyInterface,->,12acfc45-bdfb-4343-9004-9be15dfd844c,server/model/players/Client.java,getPA
12acfc45-bdfb-4343-9004-9be15dfd844c,server/model/players/skills/SmithingInterface.java,makeAddyInterface,->,12acfc45-bdfb-4343-9004-9be15dfd844c,java/lang/StringBuilder.java,append
12acfc45-bdfb-4343-9004-9be15dfd844c,server/model/players/skills/SmithingInterface.java,makeAddyInterface,->,12acfc45-bdfb-4343-9004-9be15dfd844c,java/lang/StringBuilder.java,append
12acfc45-bdfb-4343-9004-9be15dfd844c,server/model/players/skills/SmithingInterface.java,makeAddyInterface,->,12acfc45-bdfb-4343-9004-9be15dfd844c,java/lang/StringBuilder.java,append
12acfc45-bdfb-4343-9004-9be15dfd844c,server/model/players/skills/SmithingInterface.java,makeAddyInterface,->,12acfc45-bdfb-4343-9004-9be15dfd844c,java/lang/StringBuilder.java,toString
12acfc45-bdfb-4343-9004-9be15dfd844c,server/model/players/skills/SmithingInterface.java,makeAddyInterface,->,12acfc45-bdfb-4343-9004-9be15dfd844c,991eb2a8-284a-4290-ae08-f54cf8834706,609517a1-3a8b-4bd9-8623-3cae47c33a17
12acfc45-bdfb-4343-9004-9be15dfd844c,server/model/players/skills/SmithingInterface.java,makeAddyInterface,->,12acfc45-bdfb-4343-9004-9be15dfd844c,server/model/players/Client.java,getPA
12acfc45-bdfb-4343-9004-9be15dfd844c,server/model/players/skills/SmithingInterface.java,makeAddyInterface,->,12acfc45-bdfb-4343-9004-9be15dfd844c,java/lang/StringBuilder.java,append
12acfc45-bdfb-4343-9004-9be15dfd844c,server/model/players/skills/SmithingInterface.java,makeAddyInterface,->,12acfc45-bdfb-4343-9004-9be15dfd844c,java/lang/StringBuilder.java,append
12acfc45-bdfb-4343-9004-9be15dfd844c,server/model/players/skills/SmithingInterface.java,makeAddyInterface,->,12acfc45-bdfb-4343-9004-9be15dfd844c,java/lang/StringBuilder.java,append
12acfc45-bdfb-4343-9004-9be15dfd844c,server/model/players/skills/SmithingInterface.java,makeAddyInterface,->,12acfc45-bdfb-4343-9004-9be15dfd844c,java/lang/StringBuilder.java,toString
12acfc45-bdfb-4343-9004-9be15dfd844c,server/model/players/skills/SmithingInterface.java,makeAddyInterface,->,12acfc45-bdfb-4343-9004-9be15dfd844c,991eb2a8-284a-4290-ae08-f54cf8834706,609517a1-3a8b-4bd9-8623-3cae47c33a17
12acfc45-bdfb-4343-9004-9be15dfd844c,server/model/players/skills/SmithingInterface.java,makeAddyInterface,->,12acfc45-bdfb-4343-9004-9be15dfd844c,server/model/players/Client.java,getPA
12acfc45-bdfb-4343-9004-9be15dfd844c,server/model/players/skills/SmithingInterface.java,makeAddyInterface,->,12acfc45-bdfb-4343-9004-9be15dfd844c,java/lang/StringBuilder.java,append
12acfc45-bdfb-4343-9004-9be15dfd844c,server/model/players/skills/SmithingInterface.java,makeAddyInterface,->,12acfc45-bdfb-4343-9004-9be15dfd844c,java/lang/StringBuilder.java,append
12acfc45-bdfb-4343-9004-9be15dfd844c,server/model/players/skills/SmithingInterface.java,makeAddyInterface,->,12acfc45-bdfb-4343-9004-9be15dfd844c,java/lang/StringBuilder.java,append
12acfc45-bdfb-4343-9004-9be15dfd844c,server/model/players/skills/SmithingInterface.java,makeAddyInterface,->,12acfc45-bdfb-4343-9004-9be15dfd844c,java/lang/StringBuilder.java,toString
12acfc45-bdfb-4343-9004-9be15dfd844c,server/model/players/skills/SmithingInterface.java,makeAddyInterface,->,12acfc45-bdfb-4343-9004-9be15dfd844c,991eb2a8-284a-4290-ae08-f54cf8834706,609517a1-3a8b-4bd9-8623-3cae47c33a17
12acfc45-bdfb-4343-9004-9be15dfd844c,server/model/players/skills/SmithingInterface.java,makeAddyInterface,->,12acfc45-bdfb-4343-9004-9be15dfd844c,server/model/players/Client.java,getPA
12acfc45-bdfb-4343-9004-9be15dfd844c,server/model/players/skills/SmithingInterface.java,makeAddyInterface,->,12acfc45-bdfb-4343-9004-9be15dfd844c,java/lang/StringBuilder.java,append
12acfc45-bdfb-4343-9004-9be15dfd844c,server/model/players/skills/SmithingInterface.java,makeAddyInterface,->,12acfc45-bdfb-4343-9004-9be15dfd844c,java/lang/StringBuilder.java,append
12acfc45-bdfb-4343-9004-9be15dfd844c,server/model/players/skills/SmithingInterface.java,makeAddyInterface,->,12acfc45-bdfb-4343-9004-9be15dfd844c,java/lang/StringBuilder.java,append
12acfc45-bdfb-4343-9004-9be15dfd844c,server/model/players/skills/SmithingInterface.java,makeAddyInterface,->,12acfc45-bdfb-4343-9004-9be15dfd844c,java/lang/StringBuilder.java,toString
12acfc45-bdfb-4343-9004-9be15dfd844c,server/model/players/skills/SmithingInterface.java,makeAddyInterface,->,12acfc45-bdfb-4343-9004-9be15dfd844c,991eb2a8-284a-4290-ae08-f54cf8834706,609517a1-3a8b-4bd9-8623-3cae47c33a17
12acfc45-bdfb-4343-9004-9be15dfd844c,server/model/players/skills/SmithingInterface.java,makeAddyInterface,->,12acfc45-bdfb-4343-9004-9be15dfd844c,server/model/players/Client.java,getPA
12acfc45-bdfb-4343-9004-9be15dfd844c,server/model/players/skills/SmithingInterface.java,makeAddyInterface,->,12acfc45-bdfb-4343-9004-9be15dfd844c,java/lang/StringBuilder.java,append
12acfc45-bdfb-4343-9004-9be15dfd844c,server/model/players/skills/SmithingInterface.java,makeAddyInterface,->,12acfc45-bdfb-4343-9004-9be15dfd844c,java/lang/StringBuilder.java,append
12acfc45-bdfb-4343-9004-9be15dfd844c,server/model/players/skills/SmithingInterface.java,makeAddyInterface,->,12acfc45-bdfb-4343-9004-9be15dfd844c,java/lang/StringBuilder.java,append
12acfc45-bdfb-4343-9004-9be15dfd844c,server/model/players/skills/SmithingInterface.java,makeAddyInterface,->,12acfc45-bdfb-4343-9004-9be15dfd844c,java/lang/StringBuilder.java,toString
12acfc45-bdfb-4343-9004-9be15dfd844c,server/model/players/skills/SmithingInterface.java,makeAddyInterface,->,12acfc45-bdfb-4343-9004-9be15dfd844c,991eb2a8-284a-4290-ae08-f54cf8834706,609517a1-3a8b-4bd9-8623-3cae47c33a17
12acfc45-bdfb-4343-9004-9be15dfd844c,server/model/players/skills/SmithingInterface.java,makeAddyInterface,->,12acfc45-bdfb-4343-9004-9be15dfd844c,server/model/players/Client.java,getPA
12acfc45-bdfb-4343-9004-9be15dfd844c,server/model/players/skills/SmithingInterface.java,makeAddyInterface,->,12acfc45-bdfb-4343-9004-9be15dfd844c,java/lang/StringBuilder.java,append
12acfc45-bdfb-4343-9004-9be15dfd844c,server/model/players/skills/SmithingInterface.java,makeAddyInterface,->,12acfc45-bdfb-4343-9004-9be15dfd844c,java/lang/StringBuilder.java,append
12acfc45-bdfb-4343-9004-9be15dfd844c,server/model/players/skills/SmithingInterface.java,makeAddyInterface,->,12acfc45-bdfb-4343-9004-9be15dfd844c,java/lang/StringBuilder.java,append
12acfc45-bdfb-4343-9004-9be15dfd844c,server/model/players/skills/SmithingInterface.java,makeAddyInterface,->,12acfc45-bdfb-4343-9004-9be15dfd844c,java/lang/StringBuilder.java,toString
12acfc45-bdfb-4343-9004-9be15dfd844c,server/model/players/skills/SmithingInterface.java,makeAddyInterface,->,12acfc45-bdfb-4343-9004-9be15dfd844c,991eb2a8-284a-4290-ae08-f54cf8834706,609517a1-3a8b-4bd9-8623-3cae47c33a17
12acfc45-bdfb-4343-9004-9be15dfd844c,server/model/players/skills/SmithingInterface.java,makeAddyInterface,->,12acfc45-bdfb-4343-9004-9be15dfd844c,server/model/players/Client.java,getPA
12acfc45-bdfb-4343-9004-9be15dfd844c,server/model/players/skills/SmithingInterface.java,makeAddyInterface,->,12acfc45-bdfb-4343-9004-9be15dfd844c,java/lang/StringBuilder.java,append
12acfc45-bdfb-4343-9004-9be15dfd844c,server/model/players/skills/SmithingInterface.java,makeAddyInterface,->,12acfc45-bdfb-4343-9004-9be15dfd844c,java/lang/StringBuilder.java,append
12acfc45-bdfb-4343-9004-9be15dfd844c,server/model/players/skills/SmithingInterface.java,makeAddyInterface,->,12acfc45-bdfb-4343-9004-9be15dfd844c,java/lang/StringBuilder.java,append
12acfc45-bdfb-4343-9004-9be15dfd844c,server/model/players/skills/SmithingInterface.java,makeAddyInterface,->,12acfc45-bdfb-4343-9004-9be15dfd844c,java/lang/StringBuilder.java,toString
12acfc45-bdfb-4343-9004-9be15dfd844c,server/model/players/skills/SmithingInterface.java,makeAddyInterface,->,12acfc45-bdfb-4343-9004-9be15dfd844c,991eb2a8-284a-4290-ae08-f54cf8834706,609517a1-3a8b-4bd9-8623-3cae47c33a17
12acfc45-bdfb-4343-9004-9be15dfd844c,server/model/players/skills/SmithingInterface.java,makeAddyInterface,->,12acfc45-bdfb-4343-9004-9be15dfd844c,server/model/players/Client.java,getPA
12acfc45-bdfb-4343-9004-9be15dfd844c,server/model/players/skills/SmithingInterface.java,makeAddyInterface,->,12acfc45-bdfb-4343-9004-9be15dfd844c,java/lang/StringBuilder.java,append
12acfc45-bdfb-4343-9004-9be15dfd844c,server/model/players/skills/SmithingInterface.java,makeAddyInterface,->,12acfc45-bdfb-4343-9004-9be15dfd844c,java/lang/StringBuilder.java,append
12acfc45-bdfb-4343-9004-9be15dfd844c,server/model/players/skills/SmithingInterface.java,makeAddyInterface,->,12acfc45-bdfb-4343-9004-9be15dfd844c,java/lang/StringBuilder.java,append
12acfc45-bdfb-4343-9004-9be15dfd844c,server/model/players/skills/SmithingInterface.java,makeAddyInterface,->,12acfc45-bdfb-4343-9004-9be15dfd844c,java/lang/StringBuilder.java,toString
12acfc45-bdfb-4343-9004-9be15dfd844c,server/model/players/skills/SmithingInterface.java,makeAddyInterface,->,12acfc45-bdfb-4343-9004-9be15dfd844c,991eb2a8-284a-4290-ae08-f54cf8834706,609517a1-3a8b-4bd9-8623-3cae47c33a17
12acfc45-bdfb-4343-9004-9be15dfd844c,server/model/players/skills/SmithingInterface.java,makeAddyInterface,->,12acfc45-bdfb-4343-9004-9be15dfd844c,server/model/players/Client.java,getPA
12acfc45-bdfb-4343-9004-9be15dfd844c,server/model/players/skills/SmithingInterface.java,makeAddyInterface,->,12acfc45-bdfb-4343-9004-9be15dfd844c,java/lang/StringBuilder.java,append
12acfc45-bdfb-4343-9004-9be15dfd844c,server/model/players/skills/SmithingInterface.java,makeAddyInterface,->,12acfc45-bdfb-4343-9004-9be15dfd844c,java/lang/StringBuilder.java,append
12acfc45-bdfb-4343-9004-9be15dfd844c,server/model/players/skills/SmithingInterface.java,makeAddyInterface,->,12acfc45-bdfb-4343-9004-9be15dfd844c,java/lang/StringBuilder.java,append
12acfc45-bdfb-4343-9004-9be15dfd844c,server/model/players/skills/SmithingInterface.java,makeAddyInterface,->,12acfc45-bdfb-4343-9004-9be15dfd844c,java/lang/StringBuilder.java,toString
12acfc45-bdfb-4343-9004-9be15dfd844c,server/model/players/skills/SmithingInterface.java,makeAddyInterface,->,12acfc45-bdfb-4343-9004-9be15dfd844c,991eb2a8-284a-4290-ae08-f54cf8834706,609517a1-3a8b-4bd9-8623-3cae47c33a17
12acfc45-bdfb-4343-9004-9be15dfd844c,server/model/players/skills/SmithingInterface.java,makeAddyInterface,->,12acfc45-bdfb-4343-9004-9be15dfd844c,server/model/players/Client.java,getPA
12acfc45-bdfb-4343-9004-9be15dfd844c,server/model/players/skills/SmithingInterface.java,makeAddyInterface,->,12acfc45-bdfb-4343-9004-9be15dfd844c,java/lang/StringBuilder.java,append
12acfc45-bdfb-4343-9004-9be15dfd844c,server/model/players/skills/SmithingInterface.java,makeAddyInterface,->,12acfc45-bdfb-4343-9004-9be15dfd844c,java/lang/StringBuilder.java,append
12acfc45-bdfb-4343-9004-9be15dfd844c,server/model/players/skills/SmithingInterface.java,makeAddyInterface,->,12acfc45-bdfb-4343-9004-9be15dfd844c,java/lang/StringBuilder.java,append
12acfc45-bdfb-4343-9004-9be15dfd844c,server/model/players/skills/SmithingInterface.java,makeAddyInterface,->,12acfc45-bdfb-4343-9004-9be15dfd844c,java/lang/StringBuilder.java,toString
12acfc45-bdfb-4343-9004-9be15dfd844c,server/model/players/skills/SmithingInterface.java,makeAddyInterface,->,12acfc45-bdfb-4343-9004-9be15dfd844c,991eb2a8-284a-4290-ae08-f54cf8834706,609517a1-3a8b-4bd9-8623-3cae47c33a17
12acfc45-bdfb-4343-9004-9be15dfd844c,server/model/players/skills/SmithingInterface.java,makeAddyInterface,->,12acfc45-bdfb-4343-9004-9be15dfd844c,server/model/players/Client.java,getPA
12acfc45-bdfb-4343-9004-9be15dfd844c,server/model/players/skills/SmithingInterface.java,makeAddyInterface,->,12acfc45-bdfb-4343-9004-9be15dfd844c,java/lang/StringBuilder.java,append
12acfc45-bdfb-4343-9004-9be15dfd844c,server/model/players/skills/SmithingInterface.java,makeAddyInterface,->,12acfc45-bdfb-4343-9004-9be15dfd844c,java/lang/StringBuilder.java,append
12acfc45-bdfb-4343-9004-9be15dfd844c,server/model/players/skills/SmithingInterface.java,makeAddyInterface,->,12acfc45-bdfb-4343-9004-9be15dfd844c,java/lang/StringBuilder.java,append
12acfc45-bdfb-4343-9004-9be15dfd844c,server/model/players/skills/SmithingInterface.java,makeAddyInterface,->,12acfc45-bdfb-4343-9004-9be15dfd844c,java/lang/StringBuilder.java,toString
12acfc45-bdfb-4343-9004-9be15dfd844c,server/model/players/skills/SmithingInterface.java,makeAddyInterface,->,12acfc45-bdfb-4343-9004-9be15dfd844c,991eb2a8-284a-4290-ae08-f54cf8834706,609517a1-3a8b-4bd9-8623-3cae47c33a17
12acfc45-bdfb-4343-9004-9be15dfd844c,server/model/players/skills/SmithingInterface.java,makeAddyInterface,->,12acfc45-bdfb-4343-9004-9be15dfd844c,server/model/players/Client.java,getPA
12acfc45-bdfb-4343-9004-9be15dfd844c,server/model/players/skills/SmithingInterface.java,makeAddyInterface,->,12acfc45-bdfb-4343-9004-9be15dfd844c,java/lang/StringBuilder.java,append
12acfc45-bdfb-4343-9004-9be15dfd844c,server/model/players/skills/SmithingInterface.java,makeAddyInterface,->,12acfc45-bdfb-4343-9004-9be15dfd844c,java/lang/StringBuilder.java,append
12acfc45-bdfb-4343-9004-9be15dfd844c,server/model/players/skills/SmithingInterface.java,makeAddyInterface,->,12acfc45-bdfb-4343-9004-9be15dfd844c,java/lang/StringBuilder.java,append
12acfc45-bdfb-4343-9004-9be15dfd844c,server/model/players/skills/SmithingInterface.java,makeAddyInterface,->,12acfc45-bdfb-4343-9004-9be15dfd844c,java/lang/StringBuilder.java,toString
12acfc45-bdfb-4343-9004-9be15dfd844c,server/model/players/skills/SmithingInterface.java,makeAddyInterface,->,12acfc45-bdfb-4343-9004-9be15dfd844c,991eb2a8-284a-4290-ae08-f54cf8834706,609517a1-3a8b-4bd9-8623-3cae47c33a17
12acfc45-bdfb-4343-9004-9be15dfd844c,server/model/players/skills/SmithingInterface.java,makeAddyInterface,->,12acfc45-bdfb-4343-9004-9be15dfd844c,server/model/players/Client.java,getPA
12acfc45-bdfb-4343-9004-9be15dfd844c,server/model/players/skills/SmithingInterface.java,makeAddyInterface,->,12acfc45-bdfb-4343-9004-9be15dfd844c,java/lang/StringBuilder.java,append
12acfc45-bdfb-4343-9004-9be15dfd844c,server/model/players/skills/SmithingInterface.java,makeAddyInterface,->,12acfc45-bdfb-4343-9004-9be15dfd844c,java/lang/StringBuilder.java,append
12acfc45-bdfb-4343-9004-9be15dfd844c,server/model/players/skills/SmithingInterface.java,makeAddyInterface,->,12acfc45-bdfb-4343-9004-9be15dfd844c,java/lang/StringBuilder.java,append
12acfc45-bdfb-4343-9004-9be15dfd844c,server/model/players/skills/SmithingInterface.java,makeAddyInterface,->,12acfc45-bdfb-4343-9004-9be15dfd844c,java/lang/StringBuilder.java,toString
12acfc45-bdfb-4343-9004-9be15dfd844c,server/model/players/skills/SmithingInterface.java,makeAddyInterface,->,12acfc45-bdfb-4343-9004-9be15dfd844c,991eb2a8-284a-4290-ae08-f54cf8834706,609517a1-3a8b-4bd9-8623-3cae47c33a17
12acfc45-bdfb-4343-9004-9be15dfd844c,server/model/players/skills/SmithingInterface.java,makeAddyInterface,->,12acfc45-bdfb-4343-9004-9be15dfd844c,server/model/players/Client.java,getPA
12acfc45-bdfb-4343-9004-9be15dfd844c,server/model/players/skills/SmithingInterface.java,makeAddyInterface,->,12acfc45-bdfb-4343-9004-9be15dfd844c,java/lang/StringBuilder.java,append
12acfc45-bdfb-4343-9004-9be15dfd844c,server/model/players/skills/SmithingInterface.java,makeAddyInterface,->,12acfc45-bdfb-4343-9004-9be15dfd844c,java/lang/StringBuilder.java,append
12acfc45-bdfb-4343-9004-9be15dfd844c,server/model/players/skills/SmithingInterface.java,makeAddyInterface,->,12acfc45-bdfb-4343-9004-9be15dfd844c,java/lang/StringBuilder.java,append
12acfc45-bdfb-4343-9004-9be15dfd844c,server/model/players/skills/SmithingInterface.java,makeAddyInterface,->,12acfc45-bdfb-4343-9004-9be15dfd844c,java/lang/StringBuilder.java,toString
12acfc45-bdfb-4343-9004-9be15dfd844c,server/model/players/skills/SmithingInterface.java,makeAddyInterface,->,12acfc45-bdfb-4343-9004-9be15dfd844c,991eb2a8-284a-4290-ae08-f54cf8834706,609517a1-3a8b-4bd9-8623-3cae47c33a17
12acfc45-bdfb-4343-9004-9be15dfd844c,server/model/players/skills/SmithingInterface.java,makeAddyInterface,->,12acfc45-bdfb-4343-9004-9be15dfd844c,server/model/players/Client.java,getPA
12acfc45-bdfb-4343-9004-9be15dfd844c,server/model/players/skills/SmithingInterface.java,makeAddyInterface,->,12acfc45-bdfb-4343-9004-9be15dfd844c,java/lang/StringBuilder.java,append
12acfc45-bdfb-4343-9004-9be15dfd844c,server/model/players/skills/SmithingInterface.java,makeAddyInterface,->,12acfc45-bdfb-4343-9004-9be15dfd844c,java/lang/StringBuilder.java,append
12acfc45-bdfb-4343-9004-9be15dfd844c,server/model/players/skills/SmithingInterface.java,makeAddyInterface,->,12acfc45-bdfb-4343-9004-9be15dfd844c,java/lang/StringBuilder.java,append
12acfc45-bdfb-4343-9004-9be15dfd844c,server/model/players/skills/SmithingInterface.java,makeAddyInterface,->,12acfc45-bdfb-4343-9004-9be15dfd844c,java/lang/StringBuilder.java,toString
12acfc45-bdfb-4343-9004-9be15dfd844c,server/model/players/skills/SmithingInterface.java,makeAddyInterface,->,12acfc45-bdfb-4343-9004-9be15dfd844c,991eb2a8-284a-4290-ae08-f54cf8834706,609517a1-3a8b-4bd9-8623-3cae47c33a17
12acfc45-bdfb-4343-9004-9be15dfd844c,server/model/players/skills/SmithingInterface.java,makeAddyInterface,->,12acfc45-bdfb-4343-9004-9be15dfd844c,server/model/players/Client.java,getPA
12acfc45-bdfb-4343-9004-9be15dfd844c,server/model/players/skills/SmithingInterface.java,makeAddyInterface,->,12acfc45-bdfb-4343-9004-9be15dfd844c,java/lang/StringBuilder.java,append
12acfc45-bdfb-4343-9004-9be15dfd844c,server/model/players/skills/SmithingInterface.java,makeAddyInterface,->,12acfc45-bdfb-4343-9004-9be15dfd844c,java/lang/StringBuilder.java,append
12acfc45-bdfb-4343-9004-9be15dfd844c,server/model/players/skills/SmithingInterface.java,makeAddyInterface,->,12acfc45-bdfb-4343-9004-9be15dfd844c,java/lang/StringBuilder.java,append
12acfc45-bdfb-4343-9004-9be15dfd844c,server/model/players/skills/SmithingInterface.java,makeAddyInterface,->,12acfc45-bdfb-4343-9004-9be15dfd844c,java/lang/StringBuilder.java,toString
12acfc45-bdfb-4343-9004-9be15dfd844c,server/model/players/skills/SmithingInterface.java,makeAddyInterface,->,12acfc45-bdfb-4343-9004-9be15dfd844c,991eb2a8-284a-4290-ae08-f54cf8834706,609517a1-3a8b-4bd9-8623-3cae47c33a17
12acfc45-bdfb-4343-9004-9be15dfd844c,server/model/players/skills/SmithingInterface.java,makeAddyInterface,->,12acfc45-bdfb-4343-9004-9be15dfd844c,server/model/players/Client.java,getPA
12acfc45-bdfb-4343-9004-9be15dfd844c,server/model/players/skills/SmithingInterface.java,makeAddyInterface,->,12acfc45-bdfb-4343-9004-9be15dfd844c,java/lang/StringBuilder.java,append
12acfc45-bdfb-4343-9004-9be15dfd844c,server/model/players/skills/SmithingInterface.java,makeAddyInterface,->,12acfc45-bdfb-4343-9004-9be15dfd844c,java/lang/StringBuilder.java,append
12acfc45-bdfb-4343-9004-9be15dfd844c,server/model/players/skills/SmithingInterface.java,makeAddyInterface,->,12acfc45-bdfb-4343-9004-9be15dfd844c,java/lang/StringBuilder.java,append
12acfc45-bdfb-4343-9004-9be15dfd844c,server/model/players/skills/SmithingInterface.java,makeAddyInterface,->,12acfc45-bdfb-4343-9004-9be15dfd844c,java/lang/StringBuilder.java,toString
12acfc45-bdfb-4343-9004-9be15dfd844c,server/model/players/skills/SmithingInterface.java,makeAddyInterface,->,12acfc45-bdfb-4343-9004-9be15dfd844c,991eb2a8-284a-4290-ae08-f54cf8834706,609517a1-3a8b-4bd9-8623-3cae47c33a17
12acfc45-bdfb-4343-9004-9be15dfd844c,server/model/players/skills/SmithingInterface.java,makeAddyInterface,->,12acfc45-bdfb-4343-9004-9be15dfd844c,server/model/players/Client.java,getPA
12acfc45-bdfb-4343-9004-9be15dfd844c,server/model/players/skills/SmithingInterface.java,makeAddyInterface,->,12acfc45-bdfb-4343-9004-9be15dfd844c,server/model/players/skills/SmithingInterface.java,GetForlvl
12acfc45-bdfb-4343-9004-9be15dfd844c,server/model/players/skills/SmithingInterface.java,makeAddyInterface,->,12acfc45-bdfb-4343-9004-9be15dfd844c,java/lang/StringBuilder.java,append
12acfc45-bdfb-4343-9004-9be15dfd844c,server/model/players/skills/SmithingInterface.java,makeAddyInterface,->,12acfc45-bdfb-4343-9004-9be15dfd844c,java/lang/StringBuilder.java,append
12acfc45-bdfb-4343-9004-9be15dfd844c,server/model/players/skills/SmithingInterface.java,makeAddyInterface,->,12acfc45-bdfb-4343-9004-9be15dfd844c,server/model/players/skills/SmithingInterface.java,GetForlvl
12acfc45-bdfb-4343-9004-9be15dfd844c,server/model/players/skills/SmithingInterface.java,makeAddyInterface,->,12acfc45-bdfb-4343-9004-9be15dfd844c,java/lang/StringBuilder.java,append
12acfc45-bdfb-4343-9004-9be15dfd844c,server/model/players/skills/SmithingInterface.java,makeAddyInterface,->,12acfc45-bdfb-4343-9004-9be15dfd844c,java/lang/StringBuilder.java,toString
12acfc45-bdfb-4343-9004-9be15dfd844c,server/model/players/skills/SmithingInterface.java,makeAddyInterface,->,12acfc45-bdfb-4343-9004-9be15dfd844c,991eb2a8-284a-4290-ae08-f54cf8834706,609517a1-3a8b-4bd9-8623-3cae47c33a17
12acfc45-bdfb-4343-9004-9be15dfd844c,server/model/players/skills/SmithingInterface.java,makeAddyInterface,->,12acfc45-bdfb-4343-9004-9be15dfd844c,server/model/players/Client.java,getPA
12acfc45-bdfb-4343-9004-9be15dfd844c,server/model/players/skills/SmithingInterface.java,makeAddyInterface,->,12acfc45-bdfb-4343-9004-9be15dfd844c,server/model/players/skills/SmithingInterface.java,GetForlvl
12acfc45-bdfb-4343-9004-9be15dfd844c,server/model/players/skills/SmithingInterface.java,makeAddyInterface,->,12acfc45-bdfb-4343-9004-9be15dfd844c,java/lang/StringBuilder.java,append
12acfc45-bdfb-4343-9004-9be15dfd844c,server/model/players/skills/SmithingInterface.java,makeAddyInterface,->,12acfc45-bdfb-4343-9004-9be15dfd844c,java/lang/StringBuilder.java,append
12acfc45-bdfb-4343-9004-9be15dfd844c,server/model/players/skills/SmithingInterface.java,makeAddyInterface,->,12acfc45-bdfb-4343-9004-9be15dfd844c,server/model/players/skills/SmithingInterface.java,GetForlvl
12acfc45-bdfb-4343-9004-9be15dfd844c,server/model/players/skills/SmithingInterface.java,makeAddyInterface,->,12acfc45-bdfb-4343-9004-9be15dfd844c,java/lang/StringBuilder.java,append
12acfc45-bdfb-4343-9004-9be15dfd844c,server/model/players/skills/SmithingInterface.java,makeAddyInterface,->,12acfc45-bdfb-4343-9004-9be15dfd844c,java/lang/StringBuilder.java,toString
12acfc45-bdfb-4343-9004-9be15dfd844c,server/model/players/skills/SmithingInterface.java,makeAddyInterface,->,12acfc45-bdfb-4343-9004-9be15dfd844c,991eb2a8-284a-4290-ae08-f54cf8834706,609517a1-3a8b-4bd9-8623-3cae47c33a17
12acfc45-bdfb-4343-9004-9be15dfd844c,server/model/players/skills/SmithingInterface.java,makeAddyInterface,->,12acfc45-bdfb-4343-9004-9be15dfd844c,server/model/players/Client.java,getPA
12acfc45-bdfb-4343-9004-9be15dfd844c,server/model/players/skills/SmithingInterface.java,makeAddyInterface,->,12acfc45-bdfb-4343-9004-9be15dfd844c,server/model/players/skills/SmithingInterface.java,GetForlvl
12acfc45-bdfb-4343-9004-9be15dfd844c,server/model/players/skills/SmithingInterface.java,makeAddyInterface,->,12acfc45-bdfb-4343-9004-9be15dfd844c,java/lang/StringBuilder.java,append
12acfc45-bdfb-4343-9004-9be15dfd844c,server/model/players/skills/SmithingInterface.java,makeAddyInterface,->,12acfc45-bdfb-4343-9004-9be15dfd844c,java/lang/StringBuilder.java,append
12acfc45-bdfb-4343-9004-9be15dfd844c,server/model/players/skills/SmithingInterface.java,makeAddyInterface,->,12acfc45-bdfb-4343-9004-9be15dfd844c,server/model/players/skills/SmithingInterface.java,GetForlvl
12acfc45-bdfb-4343-9004-9be15dfd844c,server/model/players/skills/SmithingInterface.java,makeAddyInterface,->,12acfc45-bdfb-4343-9004-9be15dfd844c,java/lang/StringBuilder.java,append
12acfc45-bdfb-4343-9004-9be15dfd844c,server/model/players/skills/SmithingInterface.java,makeAddyInterface,->,12acfc45-bdfb-4343-9004-9be15dfd844c,java/lang/StringBuilder.java,toString
12acfc45-bdfb-4343-9004-9be15dfd844c,server/model/players/skills/SmithingInterface.java,makeAddyInterface,->,12acfc45-bdfb-4343-9004-9be15dfd844c,991eb2a8-284a-4290-ae08-f54cf8834706,609517a1-3a8b-4bd9-8623-3cae47c33a17
12acfc45-bdfb-4343-9004-9be15dfd844c,server/model/players/skills/SmithingInterface.java,makeAddyInterface,->,12acfc45-bdfb-4343-9004-9be15dfd844c,server/model/players/Client.java,getPA
12acfc45-bdfb-4343-9004-9be15dfd844c,server/model/players/skills/SmithingInterface.java,makeAddyInterface,->,12acfc45-bdfb-4343-9004-9be15dfd844c,server/model/players/skills/SmithingInterface.java,GetForlvl
12acfc45-bdfb-4343-9004-9be15dfd844c,server/model/players/skills/SmithingInterface.java,makeAddyInterface,->,12acfc45-bdfb-4343-9004-9be15dfd844c,java/lang/StringBuilder.java,append
12acfc45-bdfb-4343-9004-9be15dfd844c,server/model/players/skills/SmithingInterface.java,makeAddyInterface,->,12acfc45-bdfb-4343-9004-9be15dfd844c,java/lang/StringBuilder.java,append
12acfc45-bdfb-4343-9004-9be15dfd844c,server/model/players/skills/SmithingInterface.java,makeAddyInterface,->,12acfc45-bdfb-4343-9004-9be15dfd844c,server/model/players/skills/SmithingInterface.java,GetForlvl
12acfc45-bdfb-4343-9004-9be15dfd844c,server/model/players/skills/SmithingInterface.java,makeAddyInterface,->,12acfc45-bdfb-4343-9004-9be15dfd844c,java/lang/StringBuilder.java,append
12acfc45-bdfb-4343-9004-9be15dfd844c,server/model/players/skills/SmithingInterface.java,makeAddyInterface,->,12acfc45-bdfb-4343-9004-9be15dfd844c,java/lang/StringBuilder.java,toString
12acfc45-bdfb-4343-9004-9be15dfd844c,server/model/players/skills/SmithingInterface.java,makeAddyInterface,->,12acfc45-bdfb-4343-9004-9be15dfd844c,991eb2a8-284a-4290-ae08-f54cf8834706,609517a1-3a8b-4bd9-8623-3cae47c33a17
12acfc45-bdfb-4343-9004-9be15dfd844c,server/model/players/skills/SmithingInterface.java,makeAddyInterface,->,12acfc45-bdfb-4343-9004-9be15dfd844c,server/model/players/Client.java,getPA
12acfc45-bdfb-4343-9004-9be15dfd844c,server/model/players/skills/SmithingInterface.java,makeAddyInterface,->,12acfc45-bdfb-4343-9004-9be15dfd844c,server/model/players/skills/SmithingInterface.java,GetForlvl
12acfc45-bdfb-4343-9004-9be15dfd844c,server/model/players/skills/SmithingInterface.java,makeAddyInterface,->,12acfc45-bdfb-4343-9004-9be15dfd844c,java/lang/StringBuilder.java,append
12acfc45-bdfb-4343-9004-9be15dfd844c,server/model/players/skills/SmithingInterface.java,makeAddyInterface,->,12acfc45-bdfb-4343-9004-9be15dfd844c,java/lang/StringBuilder.java,append
12acfc45-bdfb-4343-9004-9be15dfd844c,server/model/players/skills/SmithingInterface.java,makeAddyInterface,->,12acfc45-bdfb-4343-9004-9be15dfd844c,server/model/players/skills/SmithingInterface.java,GetForlvl
12acfc45-bdfb-4343-9004-9be15dfd844c,server/model/players/skills/SmithingInterface.java,makeAddyInterface,->,12acfc45-bdfb-4343-9004-9be15dfd844c,java/lang/StringBuilder.java,append
12acfc45-bdfb-4343-9004-9be15dfd844c,server/model/players/skills/SmithingInterface.java,makeAddyInterface,->,12acfc45-bdfb-4343-9004-9be15dfd844c,java/lang/StringBuilder.java,toString
12acfc45-bdfb-4343-9004-9be15dfd844c,server/model/players/skills/SmithingInterface.java,makeAddyInterface,->,12acfc45-bdfb-4343-9004-9be15dfd844c,991eb2a8-284a-4290-ae08-f54cf8834706,609517a1-3a8b-4bd9-8623-3cae47c33a17
12acfc45-bdfb-4343-9004-9be15dfd844c,server/model/players/skills/SmithingInterface.java,makeAddyInterface,->,12acfc45-bdfb-4343-9004-9be15dfd844c,server/model/players/Client.java,getPA
12acfc45-bdfb-4343-9004-9be15dfd844c,server/model/players/skills/SmithingInterface.java,makeAddyInterface,->,12acfc45-bdfb-4343-9004-9be15dfd844c,server/model/players/skills/SmithingInterface.java,GetForlvl
12acfc45-bdfb-4343-9004-9be15dfd844c,server/model/players/skills/SmithingInterface.java,makeAddyInterface,->,12acfc45-bdfb-4343-9004-9be15dfd844c,java/lang/StringBuilder.java,append
12acfc45-bdfb-4343-9004-9be15dfd844c,server/model/players/skills/SmithingInterface.java,makeAddyInterface,->,12acfc45-bdfb-4343-9004-9be15dfd844c,java/lang/StringBuilder.java,append
12acfc45-bdfb-4343-9004-9be15dfd844c,server/model/players/skills/SmithingInterface.java,makeAddyInterface,->,12acfc45-bdfb-4343-9004-9be15dfd844c,server/model/players/skills/SmithingInterface.java,GetForlvl
12acfc45-bdfb-4343-9004-9be15dfd844c,server/model/players/skills/SmithingInterface.java,makeAddyInterface,->,12acfc45-bdfb-4343-9004-9be15dfd844c,java/lang/StringBuilder.java,append
12acfc45-bdfb-4343-9004-9be15dfd844c,server/model/players/skills/SmithingInterface.java,makeAddyInterface,->,12acfc45-bdfb-4343-9004-9be15dfd844c,java/lang/StringBuilder.java,toString
12acfc45-bdfb-4343-9004-9be15dfd844c,server/model/players/skills/SmithingInterface.java,makeAddyInterface,->,12acfc45-bdfb-4343-9004-9be15dfd844c,991eb2a8-284a-4290-ae08-f54cf8834706,609517a1-3a8b-4bd9-8623-3cae47c33a17
12acfc45-bdfb-4343-9004-9be15dfd844c,server/model/players/skills/SmithingInterface.java,makeAddyInterface,->,12acfc45-bdfb-4343-9004-9be15dfd844c,server/model/players/Client.java,getPA
12acfc45-bdfb-4343-9004-9be15dfd844c,server/model/players/skills/SmithingInterface.java,makeAddyInterface,->,12acfc45-bdfb-4343-9004-9be15dfd844c,server/model/players/skills/SmithingInterface.java,GetForlvl
12acfc45-bdfb-4343-9004-9be15dfd844c,server/model/players/skills/SmithingInterface.java,makeAddyInterface,->,12acfc45-bdfb-4343-9004-9be15dfd844c,java/lang/StringBuilder.java,append
12acfc45-bdfb-4343-9004-9be15dfd844c,server/model/players/skills/SmithingInterface.java,makeAddyInterface,->,12acfc45-bdfb-4343-9004-9be15dfd844c,java/lang/StringBuilder.java,append
12acfc45-bdfb-4343-9004-9be15dfd844c,server/model/players/skills/SmithingInterface.java,makeAddyInterface,->,12acfc45-bdfb-4343-9004-9be15dfd844c,server/model/players/skills/SmithingInterface.java,GetForlvl
12acfc45-bdfb-4343-9004-9be15dfd844c,server/model/players/skills/SmithingInterface.java,makeAddyInterface,->,12acfc45-bdfb-4343-9004-9be15dfd844c,java/lang/StringBuilder.java,append
12acfc45-bdfb-4343-9004-9be15dfd844c,server/model/players/skills/SmithingInterface.java,makeAddyInterface,->,12acfc45-bdfb-4343-9004-9be15dfd844c,java/lang/StringBuilder.java,toString
12acfc45-bdfb-4343-9004-9be15dfd844c,server/model/players/skills/SmithingInterface.java,makeAddyInterface,->,12acfc45-bdfb-4343-9004-9be15dfd844c,991eb2a8-284a-4290-ae08-f54cf8834706,609517a1-3a8b-4bd9-8623-3cae47c33a17
12acfc45-bdfb-4343-9004-9be15dfd844c,server/model/players/skills/SmithingInterface.java,makeAddyInterface,->,12acfc45-bdfb-4343-9004-9be15dfd844c,server/model/players/Client.java,getPA
12acfc45-bdfb-4343-9004-9be15dfd844c,server/model/players/skills/SmithingInterface.java,makeAddyInterface,->,12acfc45-bdfb-4343-9004-9be15dfd844c,server/model/players/skills/SmithingInterface.java,GetForlvl
12acfc45-bdfb-4343-9004-9be15dfd844c,server/model/players/skills/SmithingInterface.java,makeAddyInterface,->,12acfc45-bdfb-4343-9004-9be15dfd844c,java/lang/StringBuilder.java,append
12acfc45-bdfb-4343-9004-9be15dfd844c,server/model/players/skills/SmithingInterface.java,makeAddyInterface,->,12acfc45-bdfb-4343-9004-9be15dfd844c,java/lang/StringBuilder.java,append
12acfc45-bdfb-4343-9004-9be15dfd844c,server/model/players/skills/SmithingInterface.java,makeAddyInterface,->,12acfc45-bdfb-4343-9004-9be15dfd844c,server/model/players/skills/SmithingInterface.java,GetForlvl
12acfc45-bdfb-4343-9004-9be15dfd844c,server/model/players/skills/SmithingInterface.java,makeAddyInterface,->,12acfc45-bdfb-4343-9004-9be15dfd844c,java/lang/StringBuilder.java,append
12acfc45-bdfb-4343-9004-9be15dfd844c,server/model/players/skills/SmithingInterface.java,makeAddyInterface,->,12acfc45-bdfb-4343-9004-9be15dfd844c,java/lang/StringBuilder.java,toString
12acfc45-bdfb-4343-9004-9be15dfd844c,server/model/players/skills/SmithingInterface.java,makeAddyInterface,->,12acfc45-bdfb-4343-9004-9be15dfd844c,991eb2a8-284a-4290-ae08-f54cf8834706,609517a1-3a8b-4bd9-8623-3cae47c33a17
12acfc45-bdfb-4343-9004-9be15dfd844c,server/model/players/skills/SmithingInterface.java,makeAddyInterface,->,12acfc45-bdfb-4343-9004-9be15dfd844c,server/model/players/Client.java,getPA
12acfc45-bdfb-4343-9004-9be15dfd844c,server/model/players/skills/SmithingInterface.java,makeAddyInterface,->,12acfc45-bdfb-4343-9004-9be15dfd844c,server/model/players/skills/SmithingInterface.java,GetForlvl
12acfc45-bdfb-4343-9004-9be15dfd844c,server/model/players/skills/SmithingInterface.java,makeAddyInterface,->,12acfc45-bdfb-4343-9004-9be15dfd844c,java/lang/StringBuilder.java,append
12acfc45-bdfb-4343-9004-9be15dfd844c,server/model/players/skills/SmithingInterface.java,makeAddyInterface,->,12acfc45-bdfb-4343-9004-9be15dfd844c,java/lang/StringBuilder.java,append
12acfc45-bdfb-4343-9004-9be15dfd844c,server/model/players/skills/SmithingInterface.java,makeAddyInterface,->,12acfc45-bdfb-4343-9004-9be15dfd844c,server/model/players/skills/SmithingInterface.java,GetForlvl
12acfc45-bdfb-4343-9004-9be15dfd844c,server/model/players/skills/SmithingInterface.java,makeAddyInterface,->,12acfc45-bdfb-4343-9004-9be15dfd844c,java/lang/StringBuilder.java,append
12acfc45-bdfb-4343-9004-9be15dfd844c,server/model/players/skills/SmithingInterface.java,makeAddyInterface,->,12acfc45-bdfb-4343-9004-9be15dfd844c,java/lang/StringBuilder.java,toString
12acfc45-bdfb-4343-9004-9be15dfd844c,server/model/players/skills/SmithingInterface.java,makeAddyInterface,->,12acfc45-bdfb-4343-9004-9be15dfd844c,991eb2a8-284a-4290-ae08-f54cf8834706,609517a1-3a8b-4bd9-8623-3cae47c33a17
12acfc45-bdfb-4343-9004-9be15dfd844c,server/model/players/skills/SmithingInterface.java,makeAddyInterface,->,12acfc45-bdfb-4343-9004-9be15dfd844c,server/model/players/Client.java,getPA
12acfc45-bdfb-4343-9004-9be15dfd844c,server/model/players/skills/SmithingInterface.java,makeAddyInterface,->,12acfc45-bdfb-4343-9004-9be15dfd844c,server/model/players/skills/SmithingInterface.java,GetForlvl
12acfc45-bdfb-4343-9004-9be15dfd844c,server/model/players/skills/SmithingInterface.java,makeAddyInterface,->,12acfc45-bdfb-4343-9004-9be15dfd844c,java/lang/StringBuilder.java,append
12acfc45-bdfb-4343-9004-9be15dfd844c,server/model/players/skills/SmithingInterface.java,makeAddyInterface,->,12acfc45-bdfb-4343-9004-9be15dfd844c,java/lang/StringBuilder.java,append
12acfc45-bdfb-4343-9004-9be15dfd844c,server/model/players/skills/SmithingInterface.java,makeAddyInterface,->,12acfc45-bdfb-4343-9004-9be15dfd844c,server/model/players/skills/SmithingInterface.java,GetForlvl
12acfc45-bdfb-4343-9004-9be15dfd844c,server/model/players/skills/SmithingInterface.java,makeAddyInterface,->,12acfc45-bdfb-4343-9004-9be15dfd844c,java/lang/StringBuilder.java,append
12acfc45-bdfb-4343-9004-9be15dfd844c,server/model/players/skills/SmithingInterface.java,makeAddyInterface,->,12acfc45-bdfb-4343-9004-9be15dfd844c,java/lang/StringBuilder.java,toString
12acfc45-bdfb-4343-9004-9be15dfd844c,server/model/players/skills/SmithingInterface.java,makeAddyInterface,->,12acfc45-bdfb-4343-9004-9be15dfd844c,991eb2a8-284a-4290-ae08-f54cf8834706,609517a1-3a8b-4bd9-8623-3cae47c33a17
12acfc45-bdfb-4343-9004-9be15dfd844c,server/model/players/skills/SmithingInterface.java,makeAddyInterface,->,12acfc45-bdfb-4343-9004-9be15dfd844c,server/model/players/Client.java,getPA
12acfc45-bdfb-4343-9004-9be15dfd844c,server/model/players/skills/SmithingInterface.java,makeAddyInterface,->,12acfc45-bdfb-4343-9004-9be15dfd844c,server/model/players/skills/SmithingInterface.java,GetForlvl
12acfc45-bdfb-4343-9004-9be15dfd844c,server/model/players/skills/SmithingInterface.java,makeAddyInterface,->,12acfc45-bdfb-4343-9004-9be15dfd844c,java/lang/StringBuilder.java,append
12acfc45-bdfb-4343-9004-9be15dfd844c,server/model/players/skills/SmithingInterface.java,makeAddyInterface,->,12acfc45-bdfb-4343-9004-9be15dfd844c,java/lang/StringBuilder.java,append
12acfc45-bdfb-4343-9004-9be15dfd844c,server/model/players/skills/SmithingInterface.java,makeAddyInterface,->,12acfc45-bdfb-4343-9004-9be15dfd844c,server/model/players/skills/SmithingInterface.java,GetForlvl
12acfc45-bdfb-4343-9004-9be15dfd844c,server/model/players/skills/SmithingInterface.java,makeAddyInterface,->,12acfc45-bdfb-4343-9004-9be15dfd844c,java/lang/StringBuilder.java,append
12acfc45-bdfb-4343-9004-9be15dfd844c,server/model/players/skills/SmithingInterface.java,makeAddyInterface,->,12acfc45-bdfb-4343-9004-9be15dfd844c,java/lang/StringBuilder.java,toString
12acfc45-bdfb-4343-9004-9be15dfd844c,server/model/players/skills/SmithingInterface.java,makeAddyInterface,->,12acfc45-bdfb-4343-9004-9be15dfd844c,991eb2a8-284a-4290-ae08-f54cf8834706,609517a1-3a8b-4bd9-8623-3cae47c33a17
12acfc45-bdfb-4343-9004-9be15dfd844c,server/model/players/skills/SmithingInterface.java,makeAddyInterface,->,12acfc45-bdfb-4343-9004-9be15dfd844c,server/model/players/Client.java,getPA
12acfc45-bdfb-4343-9004-9be15dfd844c,server/model/players/skills/SmithingInterface.java,makeAddyInterface,->,12acfc45-bdfb-4343-9004-9be15dfd844c,server/model/players/skills/SmithingInterface.java,GetForlvl
12acfc45-bdfb-4343-9004-9be15dfd844c,server/model/players/skills/SmithingInterface.java,makeAddyInterface,->,12acfc45-bdfb-4343-9004-9be15dfd844c,java/lang/StringBuilder.java,append
12acfc45-bdfb-4343-9004-9be15dfd844c,server/model/players/skills/SmithingInterface.java,makeAddyInterface,->,12acfc45-bdfb-4343-9004-9be15dfd844c,java/lang/StringBuilder.java,append
12acfc45-bdfb-4343-9004-9be15dfd844c,server/model/players/skills/SmithingInterface.java,makeAddyInterface,->,12acfc45-bdfb-4343-9004-9be15dfd844c,server/model/players/skills/SmithingInterface.java,GetForlvl
12acfc45-bdfb-4343-9004-9be15dfd844c,server/model/players/skills/SmithingInterface.java,makeAddyInterface,->,12acfc45-bdfb-4343-9004-9be15dfd844c,java/lang/StringBuilder.java,append
12acfc45-bdfb-4343-9004-9be15dfd844c,server/model/players/skills/SmithingInterface.java,makeAddyInterface,->,12acfc45-bdfb-4343-9004-9be15dfd844c,java/lang/StringBuilder.java,toString
12acfc45-bdfb-4343-9004-9be15dfd844c,server/model/players/skills/SmithingInterface.java,makeAddyInterface,->,12acfc45-bdfb-4343-9004-9be15dfd844c,991eb2a8-284a-4290-ae08-f54cf8834706,609517a1-3a8b-4bd9-8623-3cae47c33a17
12acfc45-bdfb-4343-9004-9be15dfd844c,server/model/players/skills/SmithingInterface.java,makeAddyInterface,->,12acfc45-bdfb-4343-9004-9be15dfd844c,server/model/players/Client.java,getPA
12acfc45-bdfb-4343-9004-9be15dfd844c,server/model/players/skills/SmithingInterface.java,makeAddyInterface,->,12acfc45-bdfb-4343-9004-9be15dfd844c,server/model/players/skills/SmithingInterface.java,GetForlvl
12acfc45-bdfb-4343-9004-9be15dfd844c,server/model/players/skills/SmithingInterface.java,makeAddyInterface,->,12acfc45-bdfb-4343-9004-9be15dfd844c,java/lang/StringBuilder.java,append
12acfc45-bdfb-4343-9004-9be15dfd844c,server/model/players/skills/SmithingInterface.java,makeAddyInterface,->,12acfc45-bdfb-4343-9004-9be15dfd844c,java/lang/StringBuilder.java,append
12acfc45-bdfb-4343-9004-9be15dfd844c,server/model/players/skills/SmithingInterface.java,makeAddyInterface,->,12acfc45-bdfb-4343-9004-9be15dfd844c,server/model/players/skills/SmithingInterface.java,GetForlvl
12acfc45-bdfb-4343-9004-9be15dfd844c,server/model/players/skills/SmithingInterface.java,makeAddyInterface,->,12acfc45-bdfb-4343-9004-9be15dfd844c,java/lang/StringBuilder.java,append
12acfc45-bdfb-4343-9004-9be15dfd844c,server/model/players/skills/SmithingInterface.java,makeAddyInterface,->,12acfc45-bdfb-4343-9004-9be15dfd844c,java/lang/StringBuilder.java,toString
12acfc45-bdfb-4343-9004-9be15dfd844c,server/model/players/skills/SmithingInterface.java,makeAddyInterface,->,12acfc45-bdfb-4343-9004-9be15dfd844c,991eb2a8-284a-4290-ae08-f54cf8834706,609517a1-3a8b-4bd9-8623-3cae47c33a17
12acfc45-bdfb-4343-9004-9be15dfd844c,server/model/players/skills/SmithingInterface.java,makeAddyInterface,->,12acfc45-bdfb-4343-9004-9be15dfd844c,server/model/players/Client.java,getPA
12acfc45-bdfb-4343-9004-9be15dfd844c,server/model/players/skills/SmithingInterface.java,makeAddyInterface,->,12acfc45-bdfb-4343-9004-9be15dfd844c,server/model/players/skills/SmithingInterface.java,GetForlvl
12acfc45-bdfb-4343-9004-9be15dfd844c,server/model/players/skills/SmithingInterface.java,makeAddyInterface,->,12acfc45-bdfb-4343-9004-9be15dfd844c,java/lang/StringBuilder.java,append
12acfc45-bdfb-4343-9004-9be15dfd844c,server/model/players/skills/SmithingInterface.java,makeAddyInterface,->,12acfc45-bdfb-4343-9004-9be15dfd844c,java/lang/StringBuilder.java,append
12acfc45-bdfb-4343-9004-9be15dfd844c,server/model/players/skills/SmithingInterface.java,makeAddyInterface,->,12acfc45-bdfb-4343-9004-9be15dfd844c,server/model/players/skills/SmithingInterface.java,GetForlvl
12acfc45-bdfb-4343-9004-9be15dfd844c,server/model/players/skills/SmithingInterface.java,makeAddyInterface,->,12acfc45-bdfb-4343-9004-9be15dfd844c,java/lang/StringBuilder.java,append
12acfc45-bdfb-4343-9004-9be15dfd844c,server/model/players/skills/SmithingInterface.java,makeAddyInterface,->,12acfc45-bdfb-4343-9004-9be15dfd844c,java/lang/StringBuilder.java,toString
12acfc45-bdfb-4343-9004-9be15dfd844c,server/model/players/skills/SmithingInterface.java,makeAddyInterface,->,12acfc45-bdfb-4343-9004-9be15dfd844c,991eb2a8-284a-4290-ae08-f54cf8834706,609517a1-3a8b-4bd9-8623-3cae47c33a17
12acfc45-bdfb-4343-9004-9be15dfd844c,server/model/players/skills/SmithingInterface.java,makeAddyInterface,->,12acfc45-bdfb-4343-9004-9be15dfd844c,server/model/players/Client.java,getPA
12acfc45-bdfb-4343-9004-9be15dfd844c,server/model/players/skills/SmithingInterface.java,makeAddyInterface,->,12acfc45-bdfb-4343-9004-9be15dfd844c,server/model/players/skills/SmithingInterface.java,GetForlvl
12acfc45-bdfb-4343-9004-9be15dfd844c,server/model/players/skills/SmithingInterface.java,makeAddyInterface,->,12acfc45-bdfb-4343-9004-9be15dfd844c,java/lang/StringBuilder.java,append
12acfc45-bdfb-4343-9004-9be15dfd844c,server/model/players/skills/SmithingInterface.java,makeAddyInterface,->,12acfc45-bdfb-4343-9004-9be15dfd844c,java/lang/StringBuilder.java,append
12acfc45-bdfb-4343-9004-9be15dfd844c,server/model/players/skills/SmithingInterface.java,makeAddyInterface,->,12acfc45-bdfb-4343-9004-9be15dfd844c,server/model/players/skills/SmithingInterface.java,GetForlvl
12acfc45-bdfb-4343-9004-9be15dfd844c,server/model/players/skills/SmithingInterface.java,makeAddyInterface,->,12acfc45-bdfb-4343-9004-9be15dfd844c,java/lang/StringBuilder.java,append
12acfc45-bdfb-4343-9004-9be15dfd844c,server/model/players/skills/SmithingInterface.java,makeAddyInterface,->,12acfc45-bdfb-4343-9004-9be15dfd844c,java/lang/StringBuilder.java,toString
12acfc45-bdfb-4343-9004-9be15dfd844c,server/model/players/skills/SmithingInterface.java,makeAddyInterface,->,12acfc45-bdfb-4343-9004-9be15dfd844c,991eb2a8-284a-4290-ae08-f54cf8834706,609517a1-3a8b-4bd9-8623-3cae47c33a17
12acfc45-bdfb-4343-9004-9be15dfd844c,server/model/players/skills/SmithingInterface.java,makeAddyInterface,->,12acfc45-bdfb-4343-9004-9be15dfd844c,server/model/players/Client.java,getPA
12acfc45-bdfb-4343-9004-9be15dfd844c,server/model/players/skills/SmithingInterface.java,makeAddyInterface,->,12acfc45-bdfb-4343-9004-9be15dfd844c,server/model/players/skills/SmithingInterface.java,GetForlvl
12acfc45-bdfb-4343-9004-9be15dfd844c,server/model/players/skills/SmithingInterface.java,makeAddyInterface,->,12acfc45-bdfb-4343-9004-9be15dfd844c,java/lang/StringBuilder.java,append
12acfc45-bdfb-4343-9004-9be15dfd844c,server/model/players/skills/SmithingInterface.java,makeAddyInterface,->,12acfc45-bdfb-4343-9004-9be15dfd844c,java/lang/StringBuilder.java,append
12acfc45-bdfb-4343-9004-9be15dfd844c,server/model/players/skills/SmithingInterface.java,makeAddyInterface,->,12acfc45-bdfb-4343-9004-9be15dfd844c,server/model/players/skills/SmithingInterface.java,GetForlvl
12acfc45-bdfb-4343-9004-9be15dfd844c,server/model/players/skills/SmithingInterface.java,makeAddyInterface,->,12acfc45-bdfb-4343-9004-9be15dfd844c,java/lang/StringBuilder.java,append
12acfc45-bdfb-4343-9004-9be15dfd844c,server/model/players/skills/SmithingInterface.java,makeAddyInterface,->,12acfc45-bdfb-4343-9004-9be15dfd844c,java/lang/StringBuilder.java,toString
12acfc45-bdfb-4343-9004-9be15dfd844c,server/model/players/skills/SmithingInterface.java,makeAddyInterface,->,12acfc45-bdfb-4343-9004-9be15dfd844c,991eb2a8-284a-4290-ae08-f54cf8834706,609517a1-3a8b-4bd9-8623-3cae47c33a17
12acfc45-bdfb-4343-9004-9be15dfd844c,server/model/players/skills/SmithingInterface.java,makeAddyInterface,->,12acfc45-bdfb-4343-9004-9be15dfd844c,server/model/players/Client.java,getPA
12acfc45-bdfb-4343-9004-9be15dfd844c,server/model/players/skills/SmithingInterface.java,makeAddyInterface,->,12acfc45-bdfb-4343-9004-9be15dfd844c,server/model/players/skills/SmithingInterface.java,GetForlvl
12acfc45-bdfb-4343-9004-9be15dfd844c,server/model/players/skills/SmithingInterface.java,makeAddyInterface,->,12acfc45-bdfb-4343-9004-9be15dfd844c,java/lang/StringBuilder.java,append
12acfc45-bdfb-4343-9004-9be15dfd844c,server/model/players/skills/SmithingInterface.java,makeAddyInterface,->,12acfc45-bdfb-4343-9004-9be15dfd844c,java/lang/StringBuilder.java,append
12acfc45-bdfb-4343-9004-9be15dfd844c,server/model/players/skills/SmithingInterface.java,makeAddyInterface,->,12acfc45-bdfb-4343-9004-9be15dfd844c,server/model/players/skills/SmithingInterface.java,GetForlvl
12acfc45-bdfb-4343-9004-9be15dfd844c,server/model/players/skills/SmithingInterface.java,makeAddyInterface,->,12acfc45-bdfb-4343-9004-9be15dfd844c,java/lang/StringBuilder.java,append
12acfc45-bdfb-4343-9004-9be15dfd844c,server/model/players/skills/SmithingInterface.java,makeAddyInterface,->,12acfc45-bdfb-4343-9004-9be15dfd844c,java/lang/StringBuilder.java,toString
12acfc45-bdfb-4343-9004-9be15dfd844c,server/model/players/skills/SmithingInterface.java,makeAddyInterface,->,12acfc45-bdfb-4343-9004-9be15dfd844c,991eb2a8-284a-4290-ae08-f54cf8834706,609517a1-3a8b-4bd9-8623-3cae47c33a17
12acfc45-bdfb-4343-9004-9be15dfd844c,server/model/players/skills/SmithingInterface.java,makeAddyInterface,->,12acfc45-bdfb-4343-9004-9be15dfd844c,server/model/players/Client.java,getPA
12acfc45-bdfb-4343-9004-9be15dfd844c,server/model/players/skills/SmithingInterface.java,makeAddyInterface,->,12acfc45-bdfb-4343-9004-9be15dfd844c,server/model/players/skills/SmithingInterface.java,GetForlvl
12acfc45-bdfb-4343-9004-9be15dfd844c,server/model/players/skills/SmithingInterface.java,makeAddyInterface,->,12acfc45-bdfb-4343-9004-9be15dfd844c,java/lang/StringBuilder.java,append
12acfc45-bdfb-4343-9004-9be15dfd844c,server/model/players/skills/SmithingInterface.java,makeAddyInterface,->,12acfc45-bdfb-4343-9004-9be15dfd844c,java/lang/StringBuilder.java,append
12acfc45-bdfb-4343-9004-9be15dfd844c,server/model/players/skills/SmithingInterface.java,makeAddyInterface,->,12acfc45-bdfb-4343-9004-9be15dfd844c,server/model/players/skills/SmithingInterface.java,GetForlvl
12acfc45-bdfb-4343-9004-9be15dfd844c,server/model/players/skills/SmithingInterface.java,makeAddyInterface,->,12acfc45-bdfb-4343-9004-9be15dfd844c,java/lang/StringBuilder.java,append
12acfc45-bdfb-4343-9004-9be15dfd844c,server/model/players/skills/SmithingInterface.java,makeAddyInterface,->,12acfc45-bdfb-4343-9004-9be15dfd844c,java/lang/StringBuilder.java,toString
12acfc45-bdfb-4343-9004-9be15dfd844c,server/model/players/skills/SmithingInterface.java,makeAddyInterface,->,12acfc45-bdfb-4343-9004-9be15dfd844c,991eb2a8-284a-4290-ae08-f54cf8834706,609517a1-3a8b-4bd9-8623-3cae47c33a17
12acfc45-bdfb-4343-9004-9be15dfd844c,server/model/players/skills/SmithingInterface.java,makeAddyInterface,->,12acfc45-bdfb-4343-9004-9be15dfd844c,server/model/players/Client.java,getPA
12acfc45-bdfb-4343-9004-9be15dfd844c,server/model/players/skills/SmithingInterface.java,makeAddyInterface,->,12acfc45-bdfb-4343-9004-9be15dfd844c,server/model/players/skills/SmithingInterface.java,GetForlvl
12acfc45-bdfb-4343-9004-9be15dfd844c,server/model/players/skills/SmithingInterface.java,makeAddyInterface,->,12acfc45-bdfb-4343-9004-9be15dfd844c,java/lang/StringBuilder.java,append
12acfc45-bdfb-4343-9004-9be15dfd844c,server/model/players/skills/SmithingInterface.java,makeAddyInterface,->,12acfc45-bdfb-4343-9004-9be15dfd844c,java/lang/StringBuilder.java,append
12acfc45-bdfb-4343-9004-9be15dfd844c,server/model/players/skills/SmithingInterface.java,makeAddyInterface,->,12acfc45-bdfb-4343-9004-9be15dfd844c,server/model/players/skills/SmithingInterface.java,GetForlvl
12acfc45-bdfb-4343-9004-9be15dfd844c,server/model/players/skills/SmithingInterface.java,makeAddyInterface,->,12acfc45-bdfb-4343-9004-9be15dfd844c,java/lang/StringBuilder.java,append
12acfc45-bdfb-4343-9004-9be15dfd844c,server/model/players/skills/SmithingInterface.java,makeAddyInterface,->,12acfc45-bdfb-4343-9004-9be15dfd844c,java/lang/StringBuilder.java,toString
12acfc45-bdfb-4343-9004-9be15dfd844c,server/model/players/skills/SmithingInterface.java,makeAddyInterface,->,12acfc45-bdfb-4343-9004-9be15dfd844c,991eb2a8-284a-4290-ae08-f54cf8834706,609517a1-3a8b-4bd9-8623-3cae47c33a17
12acfc45-bdfb-4343-9004-9be15dfd844c,server/model/players/skills/SmithingInterface.java,makeAddyInterface,->,12acfc45-bdfb-4343-9004-9be15dfd844c,server/model/players/Client.java,getPA
12acfc45-bdfb-4343-9004-9be15dfd844c,server/model/players/skills/SmithingInterface.java,makeAddyInterface,->,12acfc45-bdfb-4343-9004-9be15dfd844c,server/model/players/skills/SmithingInterface.java,GetForlvl
12acfc45-bdfb-4343-9004-9be15dfd844c,server/model/players/skills/SmithingInterface.java,makeAddyInterface,->,12acfc45-bdfb-4343-9004-9be15dfd844c,java/lang/StringBuilder.java,append
12acfc45-bdfb-4343-9004-9be15dfd844c,server/model/players/skills/SmithingInterface.java,makeAddyInterface,->,12acfc45-bdfb-4343-9004-9be15dfd844c,java/lang/StringBuilder.java,append
12acfc45-bdfb-4343-9004-9be15dfd844c,server/model/players/skills/SmithingInterface.java,makeAddyInterface,->,12acfc45-bdfb-4343-9004-9be15dfd844c,server/model/players/skills/SmithingInterface.java,GetForlvl
12acfc45-bdfb-4343-9004-9be15dfd844c,server/model/players/skills/SmithingInterface.java,makeAddyInterface,->,12acfc45-bdfb-4343-9004-9be15dfd844c,java/lang/StringBuilder.java,append
12acfc45-bdfb-4343-9004-9be15dfd844c,server/model/players/skills/SmithingInterface.java,makeAddyInterface,->,12acfc45-bdfb-4343-9004-9be15dfd844c,java/lang/StringBuilder.java,toString
12acfc45-bdfb-4343-9004-9be15dfd844c,server/model/players/skills/SmithingInterface.java,makeAddyInterface,->,12acfc45-bdfb-4343-9004-9be15dfd844c,991eb2a8-284a-4290-ae08-f54cf8834706,609517a1-3a8b-4bd9-8623-3cae47c33a17
12acfc45-bdfb-4343-9004-9be15dfd844c,server/model/players/skills/SmithingInterface.java,makeAddyInterface,->,12acfc45-bdfb-4343-9004-9be15dfd844c,server/model/players/Client.java,getPA
12acfc45-bdfb-4343-9004-9be15dfd844c,server/model/players/skills/SmithingInterface.java,makeAddyInterface,->,12acfc45-bdfb-4343-9004-9be15dfd844c,server/model/players/skills/SmithingInterface.java,GetForlvl
12acfc45-bdfb-4343-9004-9be15dfd844c,server/model/players/skills/SmithingInterface.java,makeAddyInterface,->,12acfc45-bdfb-4343-9004-9be15dfd844c,java/lang/StringBuilder.java,append
12acfc45-bdfb-4343-9004-9be15dfd844c,server/model/players/skills/SmithingInterface.java,makeAddyInterface,->,12acfc45-bdfb-4343-9004-9be15dfd844c,java/lang/StringBuilder.java,append
12acfc45-bdfb-4343-9004-9be15dfd844c,server/model/players/skills/SmithingInterface.java,makeAddyInterface,->,12acfc45-bdfb-4343-9004-9be15dfd844c,server/model/players/skills/SmithingInterface.java,GetForlvl
12acfc45-bdfb-4343-9004-9be15dfd844c,server/model/players/skills/SmithingInterface.java,makeAddyInterface,->,12acfc45-bdfb-4343-9004-9be15dfd844c,java/lang/StringBuilder.java,append
12acfc45-bdfb-4343-9004-9be15dfd844c,server/model/players/skills/SmithingInterface.java,makeAddyInterface,->,12acfc45-bdfb-4343-9004-9be15dfd844c,java/lang/StringBuilder.java,toString
12acfc45-bdfb-4343-9004-9be15dfd844c,server/model/players/skills/SmithingInterface.java,makeAddyInterface,->,12acfc45-bdfb-4343-9004-9be15dfd844c,991eb2a8-284a-4290-ae08-f54cf8834706,609517a1-3a8b-4bd9-8623-3cae47c33a17
12acfc45-bdfb-4343-9004-9be15dfd844c,server/model/players/skills/SmithingInterface.java,makeAddyInterface,->,12acfc45-bdfb-4343-9004-9be15dfd844c,server/model/players/Client.java,getPA
12acfc45-bdfb-4343-9004-9be15dfd844c,server/model/players/skills/SmithingInterface.java,makeAddyInterface,->,12acfc45-bdfb-4343-9004-9be15dfd844c,991eb2a8-284a-4290-ae08-f54cf8834706,567f87b3-4cc7-43f9-9489-4a8b3527773d
12acfc45-bdfb-4343-9004-9be15dfd844c,server/model/players/skills/SmithingInterface.java,makeAddyInterface,->,12acfc45-bdfb-4343-9004-9be15dfd844c,server/model/players/Client.java,getPA
12acfc45-bdfb-4343-9004-9be15dfd844c,server/model/players/skills/SmithingInterface.java,makeAddyInterface,->,12acfc45-bdfb-4343-9004-9be15dfd844c,991eb2a8-284a-4290-ae08-f54cf8834706,567f87b3-4cc7-43f9-9489-4a8b3527773d
12acfc45-bdfb-4343-9004-9be15dfd844c,server/model/players/skills/SmithingInterface.java,makeAddyInterface,->,12acfc45-bdfb-4343-9004-9be15dfd844c,server/model/players/Client.java,getPA
12acfc45-bdfb-4343-9004-9be15dfd844c,server/model/players/skills/SmithingInterface.java,makeAddyInterface,->,12acfc45-bdfb-4343-9004-9be15dfd844c,991eb2a8-284a-4290-ae08-f54cf8834706,567f87b3-4cc7-43f9-9489-4a8b3527773d
12acfc45-bdfb-4343-9004-9be15dfd844c,server/model/players/skills/SmithingInterface.java,makeAddyInterface,->,12acfc45-bdfb-4343-9004-9be15dfd844c,server/model/players/Client.java,getPA
12acfc45-bdfb-4343-9004-9be15dfd844c,server/model/players/skills/SmithingInterface.java,makeAddyInterface,->,12acfc45-bdfb-4343-9004-9be15dfd844c,991eb2a8-284a-4290-ae08-f54cf8834706,567f87b3-4cc7-43f9-9489-4a8b3527773d
12acfc45-bdfb-4343-9004-9be15dfd844c,server/model/players/skills/SmithingInterface.java,makeAddyInterface,->,12acfc45-bdfb-4343-9004-9be15dfd844c,server/model/players/Client.java,getPA
12acfc45-bdfb-4343-9004-9be15dfd844c,server/model/players/skills/SmithingInterface.java,makeAddyInterface,->,12acfc45-bdfb-4343-9004-9be15dfd844c,991eb2a8-284a-4290-ae08-f54cf8834706,567f87b3-4cc7-43f9-9489-4a8b3527773d
12acfc45-bdfb-4343-9004-9be15dfd844c,server/model/players/skills/SmithingInterface.java,makeAddyInterface,->,12acfc45-bdfb-4343-9004-9be15dfd844c,server/model/players/Client.java,getPA
12acfc45-bdfb-4343-9004-9be15dfd844c,server/model/players/skills/SmithingInterface.java,makeAddyInterface,->,12acfc45-bdfb-4343-9004-9be15dfd844c,991eb2a8-284a-4290-ae08-f54cf8834706,567f87b3-4cc7-43f9-9489-4a8b3527773d
12acfc45-bdfb-4343-9004-9be15dfd844c,server/model/players/skills/SmithingInterface.java,makeAddyInterface,->,12acfc45-bdfb-4343-9004-9be15dfd844c,server/model/players/Client.java,getPA
12acfc45-bdfb-4343-9004-9be15dfd844c,server/model/players/skills/SmithingInterface.java,makeAddyInterface,->,12acfc45-bdfb-4343-9004-9be15dfd844c,991eb2a8-284a-4290-ae08-f54cf8834706,567f87b3-4cc7-43f9-9489-4a8b3527773d
12acfc45-bdfb-4343-9004-9be15dfd844c,server/model/players/skills/SmithingInterface.java,makeAddyInterface,->,12acfc45-bdfb-4343-9004-9be15dfd844c,server/model/players/Client.java,getPA
12acfc45-bdfb-4343-9004-9be15dfd844c,server/model/players/skills/SmithingInterface.java,makeAddyInterface,->,12acfc45-bdfb-4343-9004-9be15dfd844c,991eb2a8-284a-4290-ae08-f54cf8834706,567f87b3-4cc7-43f9-9489-4a8b3527773d
12acfc45-bdfb-4343-9004-9be15dfd844c,server/model/players/skills/SmithingInterface.java,makeAddyInterface,->,12acfc45-bdfb-4343-9004-9be15dfd844c,server/model/players/Client.java,getPA
12acfc45-bdfb-4343-9004-9be15dfd844c,server/model/players/skills/SmithingInterface.java,makeAddyInterface,->,12acfc45-bdfb-4343-9004-9be15dfd844c,991eb2a8-284a-4290-ae08-f54cf8834706,567f87b3-4cc7-43f9-9489-4a8b3527773d
12acfc45-bdfb-4343-9004-9be15dfd844c,server/model/players/skills/SmithingInterface.java,makeAddyInterface,->,12acfc45-bdfb-4343-9004-9be15dfd844c,server/model/players/Client.java,getPA
12acfc45-bdfb-4343-9004-9be15dfd844c,server/model/players/skills/SmithingInterface.java,makeAddyInterface,->,12acfc45-bdfb-4343-9004-9be15dfd844c,991eb2a8-284a-4290-ae08-f54cf8834706,567f87b3-4cc7-43f9-9489-4a8b3527773d
12acfc45-bdfb-4343-9004-9be15dfd844c,server/model/players/skills/SmithingInterface.java,makeAddyInterface,->,12acfc45-bdfb-4343-9004-9be15dfd844c,server/model/players/Client.java,getPA
12acfc45-bdfb-4343-9004-9be15dfd844c,server/model/players/skills/SmithingInterface.java,makeAddyInterface,->,12acfc45-bdfb-4343-9004-9be15dfd844c,991eb2a8-284a-4290-ae08-f54cf8834706,567f87b3-4cc7-43f9-9489-4a8b3527773d
12acfc45-bdfb-4343-9004-9be15dfd844c,server/model/players/skills/SmithingInterface.java,makeAddyInterface,->,12acfc45-bdfb-4343-9004-9be15dfd844c,server/model/players/Client.java,getPA
12acfc45-bdfb-4343-9004-9be15dfd844c,server/model/players/skills/SmithingInterface.java,makeAddyInterface,->,12acfc45-bdfb-4343-9004-9be15dfd844c,991eb2a8-284a-4290-ae08-f54cf8834706,567f87b3-4cc7-43f9-9489-4a8b3527773d
12acfc45-bdfb-4343-9004-9be15dfd844c,server/model/players/skills/SmithingInterface.java,makeAddyInterface,->,12acfc45-bdfb-4343-9004-9be15dfd844c,server/model/players/Client.java,getPA
12acfc45-bdfb-4343-9004-9be15dfd844c,server/model/players/skills/SmithingInterface.java,makeAddyInterface,->,12acfc45-bdfb-4343-9004-9be15dfd844c,991eb2a8-284a-4290-ae08-f54cf8834706,567f87b3-4cc7-43f9-9489-4a8b3527773d
12acfc45-bdfb-4343-9004-9be15dfd844c,server/model/players/skills/SmithingInterface.java,makeAddyInterface,->,12acfc45-bdfb-4343-9004-9be15dfd844c,server/model/players/Client.java,getPA
12acfc45-bdfb-4343-9004-9be15dfd844c,server/model/players/skills/SmithingInterface.java,makeAddyInterface,->,12acfc45-bdfb-4343-9004-9be15dfd844c,991eb2a8-284a-4290-ae08-f54cf8834706,567f87b3-4cc7-43f9-9489-4a8b3527773d
12acfc45-bdfb-4343-9004-9be15dfd844c,server/model/players/skills/SmithingInterface.java,makeAddyInterface,->,12acfc45-bdfb-4343-9004-9be15dfd844c,server/model/players/Client.java,getPA
12acfc45-bdfb-4343-9004-9be15dfd844c,server/model/players/skills/SmithingInterface.java,makeAddyInterface,->,12acfc45-bdfb-4343-9004-9be15dfd844c,991eb2a8-284a-4290-ae08-f54cf8834706,567f87b3-4cc7-43f9-9489-4a8b3527773d
12acfc45-bdfb-4343-9004-9be15dfd844c,server/model/players/skills/SmithingInterface.java,makeAddyInterface,->,12acfc45-bdfb-4343-9004-9be15dfd844c,server/model/players/Client.java,getPA
12acfc45-bdfb-4343-9004-9be15dfd844c,server/model/players/skills/SmithingInterface.java,makeAddyInterface,->,12acfc45-bdfb-4343-9004-9be15dfd844c,991eb2a8-284a-4290-ae08-f54cf8834706,567f87b3-4cc7-43f9-9489-4a8b3527773d
12acfc45-bdfb-4343-9004-9be15dfd844c,server/model/players/skills/SmithingInterface.java,makeAddyInterface,->,12acfc45-bdfb-4343-9004-9be15dfd844c,server/model/players/Client.java,getPA
12acfc45-bdfb-4343-9004-9be15dfd844c,server/model/players/skills/SmithingInterface.java,makeAddyInterface,->,12acfc45-bdfb-4343-9004-9be15dfd844c,991eb2a8-284a-4290-ae08-f54cf8834706,567f87b3-4cc7-43f9-9489-4a8b3527773d
12acfc45-bdfb-4343-9004-9be15dfd844c,server/model/players/skills/SmithingInterface.java,makeAddyInterface,->,12acfc45-bdfb-4343-9004-9be15dfd844c,server/model/players/Client.java,getPA
12acfc45-bdfb-4343-9004-9be15dfd844c,server/model/players/skills/SmithingInterface.java,makeAddyInterface,->,12acfc45-bdfb-4343-9004-9be15dfd844c,991eb2a8-284a-4290-ae08-f54cf8834706,567f87b3-4cc7-43f9-9489-4a8b3527773d
12acfc45-bdfb-4343-9004-9be15dfd844c,server/model/players/skills/SmithingInterface.java,makeAddyInterface,->,12acfc45-bdfb-4343-9004-9be15dfd844c,server/model/players/Client.java,getPA
12acfc45-bdfb-4343-9004-9be15dfd844c,server/model/players/skills/SmithingInterface.java,makeAddyInterface,->,12acfc45-bdfb-4343-9004-9be15dfd844c,991eb2a8-284a-4290-ae08-f54cf8834706,567f87b3-4cc7-43f9-9489-4a8b3527773d
12acfc45-bdfb-4343-9004-9be15dfd844c,server/model/players/skills/SmithingInterface.java,makeAddyInterface,->,12acfc45-bdfb-4343-9004-9be15dfd844c,server/model/players/Client.java,getPA
12acfc45-bdfb-4343-9004-9be15dfd844c,server/model/players/skills/SmithingInterface.java,makeAddyInterface,->,12acfc45-bdfb-4343-9004-9be15dfd844c,991eb2a8-284a-4290-ae08-f54cf8834706,567f87b3-4cc7-43f9-9489-4a8b3527773d
12acfc45-bdfb-4343-9004-9be15dfd844c,server/model/players/skills/SmithingInterface.java,makeAddyInterface,->,12acfc45-bdfb-4343-9004-9be15dfd844c,server/model/players/Client.java,getPA
12acfc45-bdfb-4343-9004-9be15dfd844c,server/model/players/skills/SmithingInterface.java,makeAddyInterface,->,12acfc45-bdfb-4343-9004-9be15dfd844c,991eb2a8-284a-4290-ae08-f54cf8834706,567f87b3-4cc7-43f9-9489-4a8b3527773d
12acfc45-bdfb-4343-9004-9be15dfd844c,server/model/players/skills/SmithingInterface.java,makeAddyInterface,->,12acfc45-bdfb-4343-9004-9be15dfd844c,server/model/players/Client.java,getPA
12acfc45-bdfb-4343-9004-9be15dfd844c,server/model/players/skills/SmithingInterface.java,makeAddyInterface,->,12acfc45-bdfb-4343-9004-9be15dfd844c,991eb2a8-284a-4290-ae08-f54cf8834706,567f87b3-4cc7-43f9-9489-4a8b3527773d
12acfc45-bdfb-4343-9004-9be15dfd844c,server/model/players/skills/SmithingInterface.java,makeAddyInterface,->,12acfc45-bdfb-4343-9004-9be15dfd844c,server/model/players/Client.java,getPA
12acfc45-bdfb-4343-9004-9be15dfd844c,server/model/players/skills/SmithingInterface.java,makeAddyInterface,->,12acfc45-bdfb-4343-9004-9be15dfd844c,991eb2a8-284a-4290-ae08-f54cf8834706,609517a1-3a8b-4bd9-8623-3cae47c33a17
12acfc45-bdfb-4343-9004-9be15dfd844c,server/model/players/skills/SmithingInterface.java,makeAddyInterface,->,12acfc45-bdfb-4343-9004-9be15dfd844c,server/model/players/Client.java,getPA
12acfc45-bdfb-4343-9004-9be15dfd844c,server/model/players/skills/SmithingInterface.java,makeAddyInterface,->,12acfc45-bdfb-4343-9004-9be15dfd844c,991eb2a8-284a-4290-ae08-f54cf8834706,609517a1-3a8b-4bd9-8623-3cae47c33a17
12acfc45-bdfb-4343-9004-9be15dfd844c,server/model/players/skills/SmithingInterface.java,makeAddyInterface,->,12acfc45-bdfb-4343-9004-9be15dfd844c,server/model/players/Client.java,getPA
12acfc45-bdfb-4343-9004-9be15dfd844c,server/model/players/skills/SmithingInterface.java,makeAddyInterface,->,12acfc45-bdfb-4343-9004-9be15dfd844c,991eb2a8-284a-4290-ae08-f54cf8834706,609517a1-3a8b-4bd9-8623-3cae47c33a17
12acfc45-bdfb-4343-9004-9be15dfd844c,server/model/players/skills/SmithingInterface.java,makeAddyInterface,->,12acfc45-bdfb-4343-9004-9be15dfd844c,server/model/players/Client.java,getPA
12acfc45-bdfb-4343-9004-9be15dfd844c,server/model/players/skills/SmithingInterface.java,makeAddyInterface,->,12acfc45-bdfb-4343-9004-9be15dfd844c,991eb2a8-284a-4290-ae08-f54cf8834706,609517a1-3a8b-4bd9-8623-3cae47c33a17
12acfc45-bdfb-4343-9004-9be15dfd844c,server/model/players/skills/SmithingInterface.java,makeAddyInterface,->,12acfc45-bdfb-4343-9004-9be15dfd844c,server/model/players/Client.java,getPA
12acfc45-bdfb-4343-9004-9be15dfd844c,server/model/players/skills/SmithingInterface.java,makeAddyInterface,->,12acfc45-bdfb-4343-9004-9be15dfd844c,991eb2a8-284a-4290-ae08-f54cf8834706,609517a1-3a8b-4bd9-8623-3cae47c33a17
12acfc45-bdfb-4343-9004-9be15dfd844c,server/model/players/skills/SmithingInterface.java,makeAddyInterface,->,12acfc45-bdfb-4343-9004-9be15dfd844c,server/model/players/Client.java,getPA
12acfc45-bdfb-4343-9004-9be15dfd844c,server/model/players/skills/SmithingInterface.java,makeAddyInterface,->,12acfc45-bdfb-4343-9004-9be15dfd844c,991eb2a8-284a-4290-ae08-f54cf8834706,609517a1-3a8b-4bd9-8623-3cae47c33a17
12acfc45-bdfb-4343-9004-9be15dfd844c,server/model/players/skills/SmithingInterface.java,makeAddyInterface,->,12acfc45-bdfb-4343-9004-9be15dfd844c,server/model/players/Client.java,getPA
12acfc45-bdfb-4343-9004-9be15dfd844c,server/model/players/skills/SmithingInterface.java,makeAddyInterface,->,12acfc45-bdfb-4343-9004-9be15dfd844c,server/model/players/PlayerAssistant.java,showInterface
12acfc45-bdfb-4343-9004-9be15dfd844c,server/model/players/skills/SmithingInterface.java,makeMithInterface,->,12acfc45-bdfb-4343-9004-9be15dfd844c,server/model/players/skills/SmithingInterface.java,GetForBars
12acfc45-bdfb-4343-9004-9be15dfd844c,server/model/players/skills/SmithingInterface.java,makeMithInterface,->,12acfc45-bdfb-4343-9004-9be15dfd844c,server/model/players/skills/SmithingInterface.java,GetForBars
12acfc45-bdfb-4343-9004-9be15dfd844c,server/model/players/skills/SmithingInterface.java,makeMithInterface,->,12acfc45-bdfb-4343-9004-9be15dfd844c,server/model/players/skills/SmithingInterface.java,GetForBars
12acfc45-bdfb-4343-9004-9be15dfd844c,server/model/players/skills/SmithingInterface.java,makeMithInterface,->,12acfc45-bdfb-4343-9004-9be15dfd844c,server/model/players/skills/SmithingInterface.java,GetForBars
12acfc45-bdfb-4343-9004-9be15dfd844c,server/model/players/skills/SmithingInterface.java,makeMithInterface,->,12acfc45-bdfb-4343-9004-9be15dfd844c,server/model/players/Client.java,getPA
12acfc45-bdfb-4343-9004-9be15dfd844c,server/model/players/skills/SmithingInterface.java,makeMithInterface,->,12acfc45-bdfb-4343-9004-9be15dfd844c,java/lang/StringBuilder.java,append
12acfc45-bdfb-4343-9004-9be15dfd844c,server/model/players/skills/SmithingInterface.java,makeMithInterface,->,12acfc45-bdfb-4343-9004-9be15dfd844c,java/lang/StringBuilder.java,append
12acfc45-bdfb-4343-9004-9be15dfd844c,server/model/players/skills/SmithingInterface.java,makeMithInterface,->,12acfc45-bdfb-4343-9004-9be15dfd844c,java/lang/StringBuilder.java,append
12acfc45-bdfb-4343-9004-9be15dfd844c,server/model/players/skills/SmithingInterface.java,makeMithInterface,->,12acfc45-bdfb-4343-9004-9be15dfd844c,java/lang/StringBuilder.java,toString
12acfc45-bdfb-4343-9004-9be15dfd844c,server/model/players/skills/SmithingInterface.java,makeMithInterface,->,12acfc45-bdfb-4343-9004-9be15dfd844c,991eb2a8-284a-4290-ae08-f54cf8834706,609517a1-3a8b-4bd9-8623-3cae47c33a17
12acfc45-bdfb-4343-9004-9be15dfd844c,server/model/players/skills/SmithingInterface.java,makeMithInterface,->,12acfc45-bdfb-4343-9004-9be15dfd844c,server/model/players/Client.java,getPA
12acfc45-bdfb-4343-9004-9be15dfd844c,server/model/players/skills/SmithingInterface.java,makeMithInterface,->,12acfc45-bdfb-4343-9004-9be15dfd844c,java/lang/StringBuilder.java,append
12acfc45-bdfb-4343-9004-9be15dfd844c,server/model/players/skills/SmithingInterface.java,makeMithInterface,->,12acfc45-bdfb-4343-9004-9be15dfd844c,java/lang/StringBuilder.java,append
12acfc45-bdfb-4343-9004-9be15dfd844c,server/model/players/skills/SmithingInterface.java,makeMithInterface,->,12acfc45-bdfb-4343-9004-9be15dfd844c,java/lang/StringBuilder.java,append
12acfc45-bdfb-4343-9004-9be15dfd844c,server/model/players/skills/SmithingInterface.java,makeMithInterface,->,12acfc45-bdfb-4343-9004-9be15dfd844c,java/lang/StringBuilder.java,toString
12acfc45-bdfb-4343-9004-9be15dfd844c,server/model/players/skills/SmithingInterface.java,makeMithInterface,->,12acfc45-bdfb-4343-9004-9be15dfd844c,991eb2a8-284a-4290-ae08-f54cf8834706,609517a1-3a8b-4bd9-8623-3cae47c33a17
12acfc45-bdfb-4343-9004-9be15dfd844c,server/model/players/skills/SmithingInterface.java,makeMithInterface,->,12acfc45-bdfb-4343-9004-9be15dfd844c,server/model/players/Client.java,getPA
12acfc45-bdfb-4343-9004-9be15dfd844c,server/model/players/skills/SmithingInterface.java,makeMithInterface,->,12acfc45-bdfb-4343-9004-9be15dfd844c,java/lang/StringBuilder.java,append
12acfc45-bdfb-4343-9004-9be15dfd844c,server/model/players/skills/SmithingInterface.java,makeMithInterface,->,12acfc45-bdfb-4343-9004-9be15dfd844c,java/lang/StringBuilder.java,append
12acfc45-bdfb-4343-9004-9be15dfd844c,server/model/players/skills/SmithingInterface.java,makeMithInterface,->,12acfc45-bdfb-4343-9004-9be15dfd844c,java/lang/StringBuilder.java,append
12acfc45-bdfb-4343-9004-9be15dfd844c,server/model/players/skills/SmithingInterface.java,makeMithInterface,->,12acfc45-bdfb-4343-9004-9be15dfd844c,java/lang/StringBuilder.java,toString
12acfc45-bdfb-4343-9004-9be15dfd844c,server/model/players/skills/SmithingInterface.java,makeMithInterface,->,12acfc45-bdfb-4343-9004-9be15dfd844c,991eb2a8-284a-4290-ae08-f54cf8834706,609517a1-3a8b-4bd9-8623-3cae47c33a17
12acfc45-bdfb-4343-9004-9be15dfd844c,server/model/players/skills/SmithingInterface.java,makeMithInterface,->,12acfc45-bdfb-4343-9004-9be15dfd844c,server/model/players/Client.java,getPA
12acfc45-bdfb-4343-9004-9be15dfd844c,server/model/players/skills/SmithingInterface.java,makeMithInterface,->,12acfc45-bdfb-4343-9004-9be15dfd844c,java/lang/StringBuilder.java,append
12acfc45-bdfb-4343-9004-9be15dfd844c,server/model/players/skills/SmithingInterface.java,makeMithInterface,->,12acfc45-bdfb-4343-9004-9be15dfd844c,java/lang/StringBuilder.java,append
12acfc45-bdfb-4343-9004-9be15dfd844c,server/model/players/skills/SmithingInterface.java,makeMithInterface,->,12acfc45-bdfb-4343-9004-9be15dfd844c,java/lang/StringBuilder.java,append
12acfc45-bdfb-4343-9004-9be15dfd844c,server/model/players/skills/SmithingInterface.java,makeMithInterface,->,12acfc45-bdfb-4343-9004-9be15dfd844c,java/lang/StringBuilder.java,toString
12acfc45-bdfb-4343-9004-9be15dfd844c,server/model/players/skills/SmithingInterface.java,makeMithInterface,->,12acfc45-bdfb-4343-9004-9be15dfd844c,991eb2a8-284a-4290-ae08-f54cf8834706,609517a1-3a8b-4bd9-8623-3cae47c33a17
12acfc45-bdfb-4343-9004-9be15dfd844c,server/model/players/skills/SmithingInterface.java,makeMithInterface,->,12acfc45-bdfb-4343-9004-9be15dfd844c,server/model/players/Client.java,getPA
12acfc45-bdfb-4343-9004-9be15dfd844c,server/model/players/skills/SmithingInterface.java,makeMithInterface,->,12acfc45-bdfb-4343-9004-9be15dfd844c,java/lang/StringBuilder.java,append
12acfc45-bdfb-4343-9004-9be15dfd844c,server/model/players/skills/SmithingInterface.java,makeMithInterface,->,12acfc45-bdfb-4343-9004-9be15dfd844c,java/lang/StringBuilder.java,append
12acfc45-bdfb-4343-9004-9be15dfd844c,server/model/players/skills/SmithingInterface.java,makeMithInterface,->,12acfc45-bdfb-4343-9004-9be15dfd844c,java/lang/StringBuilder.java,append
12acfc45-bdfb-4343-9004-9be15dfd844c,server/model/players/skills/SmithingInterface.java,makeMithInterface,->,12acfc45-bdfb-4343-9004-9be15dfd844c,java/lang/StringBuilder.java,toString
12acfc45-bdfb-4343-9004-9be15dfd844c,server/model/players/skills/SmithingInterface.java,makeMithInterface,->,12acfc45-bdfb-4343-9004-9be15dfd844c,991eb2a8-284a-4290-ae08-f54cf8834706,609517a1-3a8b-4bd9-8623-3cae47c33a17
12acfc45-bdfb-4343-9004-9be15dfd844c,server/model/players/skills/SmithingInterface.java,makeMithInterface,->,12acfc45-bdfb-4343-9004-9be15dfd844c,server/model/players/Client.java,getPA
12acfc45-bdfb-4343-9004-9be15dfd844c,server/model/players/skills/SmithingInterface.java,makeMithInterface,->,12acfc45-bdfb-4343-9004-9be15dfd844c,java/lang/StringBuilder.java,append
12acfc45-bdfb-4343-9004-9be15dfd844c,server/model/players/skills/SmithingInterface.java,makeMithInterface,->,12acfc45-bdfb-4343-9004-9be15dfd844c,java/lang/StringBuilder.java,append
12acfc45-bdfb-4343-9004-9be15dfd844c,server/model/players/skills/SmithingInterface.java,makeMithInterface,->,12acfc45-bdfb-4343-9004-9be15dfd844c,java/lang/StringBuilder.java,append
12acfc45-bdfb-4343-9004-9be15dfd844c,server/model/players/skills/SmithingInterface.java,makeMithInterface,->,12acfc45-bdfb-4343-9004-9be15dfd844c,java/lang/StringBuilder.java,toString
12acfc45-bdfb-4343-9004-9be15dfd844c,server/model/players/skills/SmithingInterface.java,makeMithInterface,->,12acfc45-bdfb-4343-9004-9be15dfd844c,991eb2a8-284a-4290-ae08-f54cf8834706,609517a1-3a8b-4bd9-8623-3cae47c33a17
12acfc45-bdfb-4343-9004-9be15dfd844c,server/model/players/skills/SmithingInterface.java,makeMithInterface,->,12acfc45-bdfb-4343-9004-9be15dfd844c,server/model/players/Client.java,getPA
12acfc45-bdfb-4343-9004-9be15dfd844c,server/model/players/skills/SmithingInterface.java,makeMithInterface,->,12acfc45-bdfb-4343-9004-9be15dfd844c,java/lang/StringBuilder.java,append
12acfc45-bdfb-4343-9004-9be15dfd844c,server/model/players/skills/SmithingInterface.java,makeMithInterface,->,12acfc45-bdfb-4343-9004-9be15dfd844c,java/lang/StringBuilder.java,append
12acfc45-bdfb-4343-9004-9be15dfd844c,server/model/players/skills/SmithingInterface.java,makeMithInterface,->,12acfc45-bdfb-4343-9004-9be15dfd844c,java/lang/StringBuilder.java,append
12acfc45-bdfb-4343-9004-9be15dfd844c,server/model/players/skills/SmithingInterface.java,makeMithInterface,->,12acfc45-bdfb-4343-9004-9be15dfd844c,java/lang/StringBuilder.java,toString
12acfc45-bdfb-4343-9004-9be15dfd844c,server/model/players/skills/SmithingInterface.java,makeMithInterface,->,12acfc45-bdfb-4343-9004-9be15dfd844c,991eb2a8-284a-4290-ae08-f54cf8834706,609517a1-3a8b-4bd9-8623-3cae47c33a17
12acfc45-bdfb-4343-9004-9be15dfd844c,server/model/players/skills/SmithingInterface.java,makeMithInterface,->,12acfc45-bdfb-4343-9004-9be15dfd844c,server/model/players/Client.java,getPA
12acfc45-bdfb-4343-9004-9be15dfd844c,server/model/players/skills/SmithingInterface.java,makeMithInterface,->,12acfc45-bdfb-4343-9004-9be15dfd844c,java/lang/StringBuilder.java,append
12acfc45-bdfb-4343-9004-9be15dfd844c,server/model/players/skills/SmithingInterface.java,makeMithInterface,->,12acfc45-bdfb-4343-9004-9be15dfd844c,java/lang/StringBuilder.java,append
12acfc45-bdfb-4343-9004-9be15dfd844c,server/model/players/skills/SmithingInterface.java,makeMithInterface,->,12acfc45-bdfb-4343-9004-9be15dfd844c,java/lang/StringBuilder.java,append
12acfc45-bdfb-4343-9004-9be15dfd844c,server/model/players/skills/SmithingInterface.java,makeMithInterface,->,12acfc45-bdfb-4343-9004-9be15dfd844c,java/lang/StringBuilder.java,toString
12acfc45-bdfb-4343-9004-9be15dfd844c,server/model/players/skills/SmithingInterface.java,makeMithInterface,->,12acfc45-bdfb-4343-9004-9be15dfd844c,991eb2a8-284a-4290-ae08-f54cf8834706,609517a1-3a8b-4bd9-8623-3cae47c33a17
12acfc45-bdfb-4343-9004-9be15dfd844c,server/model/players/skills/SmithingInterface.java,makeMithInterface,->,12acfc45-bdfb-4343-9004-9be15dfd844c,server/model/players/Client.java,getPA
12acfc45-bdfb-4343-9004-9be15dfd844c,server/model/players/skills/SmithingInterface.java,makeMithInterface,->,12acfc45-bdfb-4343-9004-9be15dfd844c,java/lang/StringBuilder.java,append
12acfc45-bdfb-4343-9004-9be15dfd844c,server/model/players/skills/SmithingInterface.java,makeMithInterface,->,12acfc45-bdfb-4343-9004-9be15dfd844c,java/lang/StringBuilder.java,append
12acfc45-bdfb-4343-9004-9be15dfd844c,server/model/players/skills/SmithingInterface.java,makeMithInterface,->,12acfc45-bdfb-4343-9004-9be15dfd844c,java/lang/StringBuilder.java,append
12acfc45-bdfb-4343-9004-9be15dfd844c,server/model/players/skills/SmithingInterface.java,makeMithInterface,->,12acfc45-bdfb-4343-9004-9be15dfd844c,java/lang/StringBuilder.java,toString
12acfc45-bdfb-4343-9004-9be15dfd844c,server/model/players/skills/SmithingInterface.java,makeMithInterface,->,12acfc45-bdfb-4343-9004-9be15dfd844c,991eb2a8-284a-4290-ae08-f54cf8834706,609517a1-3a8b-4bd9-8623-3cae47c33a17
12acfc45-bdfb-4343-9004-9be15dfd844c,server/model/players/skills/SmithingInterface.java,makeMithInterface,->,12acfc45-bdfb-4343-9004-9be15dfd844c,server/model/players/Client.java,getPA
12acfc45-bdfb-4343-9004-9be15dfd844c,server/model/players/skills/SmithingInterface.java,makeMithInterface,->,12acfc45-bdfb-4343-9004-9be15dfd844c,java/lang/StringBuilder.java,append
12acfc45-bdfb-4343-9004-9be15dfd844c,server/model/players/skills/SmithingInterface.java,makeMithInterface,->,12acfc45-bdfb-4343-9004-9be15dfd844c,java/lang/StringBuilder.java,append
12acfc45-bdfb-4343-9004-9be15dfd844c,server/model/players/skills/SmithingInterface.java,makeMithInterface,->,12acfc45-bdfb-4343-9004-9be15dfd844c,java/lang/StringBuilder.java,append
12acfc45-bdfb-4343-9004-9be15dfd844c,server/model/players/skills/SmithingInterface.java,makeMithInterface,->,12acfc45-bdfb-4343-9004-9be15dfd844c,java/lang/StringBuilder.java,toString
12acfc45-bdfb-4343-9004-9be15dfd844c,server/model/players/skills/SmithingInterface.java,makeMithInterface,->,12acfc45-bdfb-4343-9004-9be15dfd844c,991eb2a8-284a-4290-ae08-f54cf8834706,609517a1-3a8b-4bd9-8623-3cae47c33a17
12acfc45-bdfb-4343-9004-9be15dfd844c,server/model/players/skills/SmithingInterface.java,makeMithInterface,->,12acfc45-bdfb-4343-9004-9be15dfd844c,server/model/players/Client.java,getPA
12acfc45-bdfb-4343-9004-9be15dfd844c,server/model/players/skills/SmithingInterface.java,makeMithInterface,->,12acfc45-bdfb-4343-9004-9be15dfd844c,java/lang/StringBuilder.java,append
12acfc45-bdfb-4343-9004-9be15dfd844c,server/model/players/skills/SmithingInterface.java,makeMithInterface,->,12acfc45-bdfb-4343-9004-9be15dfd844c,java/lang/StringBuilder.java,append
12acfc45-bdfb-4343-9004-9be15dfd844c,server/model/players/skills/SmithingInterface.java,makeMithInterface,->,12acfc45-bdfb-4343-9004-9be15dfd844c,java/lang/StringBuilder.java,append
12acfc45-bdfb-4343-9004-9be15dfd844c,server/model/players/skills/SmithingInterface.java,makeMithInterface,->,12acfc45-bdfb-4343-9004-9be15dfd844c,java/lang/StringBuilder.java,toString
12acfc45-bdfb-4343-9004-9be15dfd844c,server/model/players/skills/SmithingInterface.java,makeMithInterface,->,12acfc45-bdfb-4343-9004-9be15dfd844c,991eb2a8-284a-4290-ae08-f54cf8834706,609517a1-3a8b-4bd9-8623-3cae47c33a17
12acfc45-bdfb-4343-9004-9be15dfd844c,server/model/players/skills/SmithingInterface.java,makeMithInterface,->,12acfc45-bdfb-4343-9004-9be15dfd844c,server/model/players/Client.java,getPA
12acfc45-bdfb-4343-9004-9be15dfd844c,server/model/players/skills/SmithingInterface.java,makeMithInterface,->,12acfc45-bdfb-4343-9004-9be15dfd844c,java/lang/StringBuilder.java,append
12acfc45-bdfb-4343-9004-9be15dfd844c,server/model/players/skills/SmithingInterface.java,makeMithInterface,->,12acfc45-bdfb-4343-9004-9be15dfd844c,java/lang/StringBuilder.java,append
12acfc45-bdfb-4343-9004-9be15dfd844c,server/model/players/skills/SmithingInterface.java,makeMithInterface,->,12acfc45-bdfb-4343-9004-9be15dfd844c,java/lang/StringBuilder.java,append
12acfc45-bdfb-4343-9004-9be15dfd844c,server/model/players/skills/SmithingInterface.java,makeMithInterface,->,12acfc45-bdfb-4343-9004-9be15dfd844c,java/lang/StringBuilder.java,toString
12acfc45-bdfb-4343-9004-9be15dfd844c,server/model/players/skills/SmithingInterface.java,makeMithInterface,->,12acfc45-bdfb-4343-9004-9be15dfd844c,991eb2a8-284a-4290-ae08-f54cf8834706,609517a1-3a8b-4bd9-8623-3cae47c33a17
12acfc45-bdfb-4343-9004-9be15dfd844c,server/model/players/skills/SmithingInterface.java,makeMithInterface,->,12acfc45-bdfb-4343-9004-9be15dfd844c,server/model/players/Client.java,getPA
12acfc45-bdfb-4343-9004-9be15dfd844c,server/model/players/skills/SmithingInterface.java,makeMithInterface,->,12acfc45-bdfb-4343-9004-9be15dfd844c,java/lang/StringBuilder.java,append
12acfc45-bdfb-4343-9004-9be15dfd844c,server/model/players/skills/SmithingInterface.java,makeMithInterface,->,12acfc45-bdfb-4343-9004-9be15dfd844c,java/lang/StringBuilder.java,append
12acfc45-bdfb-4343-9004-9be15dfd844c,server/model/players/skills/SmithingInterface.java,makeMithInterface,->,12acfc45-bdfb-4343-9004-9be15dfd844c,java/lang/StringBuilder.java,append
12acfc45-bdfb-4343-9004-9be15dfd844c,server/model/players/skills/SmithingInterface.java,makeMithInterface,->,12acfc45-bdfb-4343-9004-9be15dfd844c,java/lang/StringBuilder.java,toString
12acfc45-bdfb-4343-9004-9be15dfd844c,server/model/players/skills/SmithingInterface.java,makeMithInterface,->,12acfc45-bdfb-4343-9004-9be15dfd844c,991eb2a8-284a-4290-ae08-f54cf8834706,609517a1-3a8b-4bd9-8623-3cae47c33a17
12acfc45-bdfb-4343-9004-9be15dfd844c,server/model/players/skills/SmithingInterface.java,makeMithInterface,->,12acfc45-bdfb-4343-9004-9be15dfd844c,server/model/players/Client.java,getPA
12acfc45-bdfb-4343-9004-9be15dfd844c,server/model/players/skills/SmithingInterface.java,makeMithInterface,->,12acfc45-bdfb-4343-9004-9be15dfd844c,java/lang/StringBuilder.java,append
12acfc45-bdfb-4343-9004-9be15dfd844c,server/model/players/skills/SmithingInterface.java,makeMithInterface,->,12acfc45-bdfb-4343-9004-9be15dfd844c,java/lang/StringBuilder.java,append
12acfc45-bdfb-4343-9004-9be15dfd844c,server/model/players/skills/SmithingInterface.java,makeMithInterface,->,12acfc45-bdfb-4343-9004-9be15dfd844c,java/lang/StringBuilder.java,append
12acfc45-bdfb-4343-9004-9be15dfd844c,server/model/players/skills/SmithingInterface.java,makeMithInterface,->,12acfc45-bdfb-4343-9004-9be15dfd844c,java/lang/StringBuilder.java,toString
12acfc45-bdfb-4343-9004-9be15dfd844c,server/model/players/skills/SmithingInterface.java,makeMithInterface,->,12acfc45-bdfb-4343-9004-9be15dfd844c,991eb2a8-284a-4290-ae08-f54cf8834706,609517a1-3a8b-4bd9-8623-3cae47c33a17
12acfc45-bdfb-4343-9004-9be15dfd844c,server/model/players/skills/SmithingInterface.java,makeMithInterface,->,12acfc45-bdfb-4343-9004-9be15dfd844c,server/model/players/Client.java,getPA
12acfc45-bdfb-4343-9004-9be15dfd844c,server/model/players/skills/SmithingInterface.java,makeMithInterface,->,12acfc45-bdfb-4343-9004-9be15dfd844c,java/lang/StringBuilder.java,append
12acfc45-bdfb-4343-9004-9be15dfd844c,server/model/players/skills/SmithingInterface.java,makeMithInterface,->,12acfc45-bdfb-4343-9004-9be15dfd844c,java/lang/StringBuilder.java,append
12acfc45-bdfb-4343-9004-9be15dfd844c,server/model/players/skills/SmithingInterface.java,makeMithInterface,->,12acfc45-bdfb-4343-9004-9be15dfd844c,java/lang/StringBuilder.java,append
12acfc45-bdfb-4343-9004-9be15dfd844c,server/model/players/skills/SmithingInterface.java,makeMithInterface,->,12acfc45-bdfb-4343-9004-9be15dfd844c,java/lang/StringBuilder.java,toString
12acfc45-bdfb-4343-9004-9be15dfd844c,server/model/players/skills/SmithingInterface.java,makeMithInterface,->,12acfc45-bdfb-4343-9004-9be15dfd844c,991eb2a8-284a-4290-ae08-f54cf8834706,609517a1-3a8b-4bd9-8623-3cae47c33a17
12acfc45-bdfb-4343-9004-9be15dfd844c,server/model/players/skills/SmithingInterface.java,makeMithInterface,->,12acfc45-bdfb-4343-9004-9be15dfd844c,server/model/players/Client.java,getPA
12acfc45-bdfb-4343-9004-9be15dfd844c,server/model/players/skills/SmithingInterface.java,makeMithInterface,->,12acfc45-bdfb-4343-9004-9be15dfd844c,java/lang/StringBuilder.java,append
12acfc45-bdfb-4343-9004-9be15dfd844c,server/model/players/skills/SmithingInterface.java,makeMithInterface,->,12acfc45-bdfb-4343-9004-9be15dfd844c,java/lang/StringBuilder.java,append
12acfc45-bdfb-4343-9004-9be15dfd844c,server/model/players/skills/SmithingInterface.java,makeMithInterface,->,12acfc45-bdfb-4343-9004-9be15dfd844c,java/lang/StringBuilder.java,append
12acfc45-bdfb-4343-9004-9be15dfd844c,server/model/players/skills/SmithingInterface.java,makeMithInterface,->,12acfc45-bdfb-4343-9004-9be15dfd844c,java/lang/StringBuilder.java,toString
12acfc45-bdfb-4343-9004-9be15dfd844c,server/model/players/skills/SmithingInterface.java,makeMithInterface,->,12acfc45-bdfb-4343-9004-9be15dfd844c,991eb2a8-284a-4290-ae08-f54cf8834706,609517a1-3a8b-4bd9-8623-3cae47c33a17
12acfc45-bdfb-4343-9004-9be15dfd844c,server/model/players/skills/SmithingInterface.java,makeMithInterface,->,12acfc45-bdfb-4343-9004-9be15dfd844c,server/model/players/Client.java,getPA
12acfc45-bdfb-4343-9004-9be15dfd844c,server/model/players/skills/SmithingInterface.java,makeMithInterface,->,12acfc45-bdfb-4343-9004-9be15dfd844c,java/lang/StringBuilder.java,append
12acfc45-bdfb-4343-9004-9be15dfd844c,server/model/players/skills/SmithingInterface.java,makeMithInterface,->,12acfc45-bdfb-4343-9004-9be15dfd844c,java/lang/StringBuilder.java,append
12acfc45-bdfb-4343-9004-9be15dfd844c,server/model/players/skills/SmithingInterface.java,makeMithInterface,->,12acfc45-bdfb-4343-9004-9be15dfd844c,java/lang/StringBuilder.java,append
12acfc45-bdfb-4343-9004-9be15dfd844c,server/model/players/skills/SmithingInterface.java,makeMithInterface,->,12acfc45-bdfb-4343-9004-9be15dfd844c,java/lang/StringBuilder.java,toString
12acfc45-bdfb-4343-9004-9be15dfd844c,server/model/players/skills/SmithingInterface.java,makeMithInterface,->,12acfc45-bdfb-4343-9004-9be15dfd844c,991eb2a8-284a-4290-ae08-f54cf8834706,609517a1-3a8b-4bd9-8623-3cae47c33a17
12acfc45-bdfb-4343-9004-9be15dfd844c,server/model/players/skills/SmithingInterface.java,makeMithInterface,->,12acfc45-bdfb-4343-9004-9be15dfd844c,server/model/players/Client.java,getPA
12acfc45-bdfb-4343-9004-9be15dfd844c,server/model/players/skills/SmithingInterface.java,makeMithInterface,->,12acfc45-bdfb-4343-9004-9be15dfd844c,java/lang/StringBuilder.java,append
12acfc45-bdfb-4343-9004-9be15dfd844c,server/model/players/skills/SmithingInterface.java,makeMithInterface,->,12acfc45-bdfb-4343-9004-9be15dfd844c,java/lang/StringBuilder.java,append
12acfc45-bdfb-4343-9004-9be15dfd844c,server/model/players/skills/SmithingInterface.java,makeMithInterface,->,12acfc45-bdfb-4343-9004-9be15dfd844c,java/lang/StringBuilder.java,append
12acfc45-bdfb-4343-9004-9be15dfd844c,server/model/players/skills/SmithingInterface.java,makeMithInterface,->,12acfc45-bdfb-4343-9004-9be15dfd844c,java/lang/StringBuilder.java,toString
12acfc45-bdfb-4343-9004-9be15dfd844c,server/model/players/skills/SmithingInterface.java,makeMithInterface,->,12acfc45-bdfb-4343-9004-9be15dfd844c,991eb2a8-284a-4290-ae08-f54cf8834706,609517a1-3a8b-4bd9-8623-3cae47c33a17
12acfc45-bdfb-4343-9004-9be15dfd844c,server/model/players/skills/SmithingInterface.java,makeMithInterface,->,12acfc45-bdfb-4343-9004-9be15dfd844c,server/model/players/Client.java,getPA
12acfc45-bdfb-4343-9004-9be15dfd844c,server/model/players/skills/SmithingInterface.java,makeMithInterface,->,12acfc45-bdfb-4343-9004-9be15dfd844c,java/lang/StringBuilder.java,append
12acfc45-bdfb-4343-9004-9be15dfd844c,server/model/players/skills/SmithingInterface.java,makeMithInterface,->,12acfc45-bdfb-4343-9004-9be15dfd844c,java/lang/StringBuilder.java,append
12acfc45-bdfb-4343-9004-9be15dfd844c,server/model/players/skills/SmithingInterface.java,makeMithInterface,->,12acfc45-bdfb-4343-9004-9be15dfd844c,java/lang/StringBuilder.java,append
12acfc45-bdfb-4343-9004-9be15dfd844c,server/model/players/skills/SmithingInterface.java,makeMithInterface,->,12acfc45-bdfb-4343-9004-9be15dfd844c,java/lang/StringBuilder.java,toString
12acfc45-bdfb-4343-9004-9be15dfd844c,server/model/players/skills/SmithingInterface.java,makeMithInterface,->,12acfc45-bdfb-4343-9004-9be15dfd844c,991eb2a8-284a-4290-ae08-f54cf8834706,609517a1-3a8b-4bd9-8623-3cae47c33a17
12acfc45-bdfb-4343-9004-9be15dfd844c,server/model/players/skills/SmithingInterface.java,makeMithInterface,->,12acfc45-bdfb-4343-9004-9be15dfd844c,server/model/players/Client.java,getPA
12acfc45-bdfb-4343-9004-9be15dfd844c,server/model/players/skills/SmithingInterface.java,makeMithInterface,->,12acfc45-bdfb-4343-9004-9be15dfd844c,java/lang/StringBuilder.java,append
12acfc45-bdfb-4343-9004-9be15dfd844c,server/model/players/skills/SmithingInterface.java,makeMithInterface,->,12acfc45-bdfb-4343-9004-9be15dfd844c,java/lang/StringBuilder.java,append
12acfc45-bdfb-4343-9004-9be15dfd844c,server/model/players/skills/SmithingInterface.java,makeMithInterface,->,12acfc45-bdfb-4343-9004-9be15dfd844c,java/lang/StringBuilder.java,append
12acfc45-bdfb-4343-9004-9be15dfd844c,server/model/players/skills/SmithingInterface.java,makeMithInterface,->,12acfc45-bdfb-4343-9004-9be15dfd844c,java/lang/StringBuilder.java,toString
12acfc45-bdfb-4343-9004-9be15dfd844c,server/model/players/skills/SmithingInterface.java,makeMithInterface,->,12acfc45-bdfb-4343-9004-9be15dfd844c,991eb2a8-284a-4290-ae08-f54cf8834706,609517a1-3a8b-4bd9-8623-3cae47c33a17
12acfc45-bdfb-4343-9004-9be15dfd844c,server/model/players/skills/SmithingInterface.java,makeMithInterface,->,12acfc45-bdfb-4343-9004-9be15dfd844c,server/model/players/Client.java,getPA
12acfc45-bdfb-4343-9004-9be15dfd844c,server/model/players/skills/SmithingInterface.java,makeMithInterface,->,12acfc45-bdfb-4343-9004-9be15dfd844c,java/lang/StringBuilder.java,append
12acfc45-bdfb-4343-9004-9be15dfd844c,server/model/players/skills/SmithingInterface.java,makeMithInterface,->,12acfc45-bdfb-4343-9004-9be15dfd844c,java/lang/StringBuilder.java,append
12acfc45-bdfb-4343-9004-9be15dfd844c,server/model/players/skills/SmithingInterface.java,makeMithInterface,->,12acfc45-bdfb-4343-9004-9be15dfd844c,java/lang/StringBuilder.java,append
12acfc45-bdfb-4343-9004-9be15dfd844c,server/model/players/skills/SmithingInterface.java,makeMithInterface,->,12acfc45-bdfb-4343-9004-9be15dfd844c,java/lang/StringBuilder.java,toString
12acfc45-bdfb-4343-9004-9be15dfd844c,server/model/players/skills/SmithingInterface.java,makeMithInterface,->,12acfc45-bdfb-4343-9004-9be15dfd844c,991eb2a8-284a-4290-ae08-f54cf8834706,609517a1-3a8b-4bd9-8623-3cae47c33a17
12acfc45-bdfb-4343-9004-9be15dfd844c,server/model/players/skills/SmithingInterface.java,makeMithInterface,->,12acfc45-bdfb-4343-9004-9be15dfd844c,server/model/players/Client.java,getPA
12acfc45-bdfb-4343-9004-9be15dfd844c,server/model/players/skills/SmithingInterface.java,makeMithInterface,->,12acfc45-bdfb-4343-9004-9be15dfd844c,java/lang/StringBuilder.java,append
12acfc45-bdfb-4343-9004-9be15dfd844c,server/model/players/skills/SmithingInterface.java,makeMithInterface,->,12acfc45-bdfb-4343-9004-9be15dfd844c,java/lang/StringBuilder.java,append
12acfc45-bdfb-4343-9004-9be15dfd844c,server/model/players/skills/SmithingInterface.java,makeMithInterface,->,12acfc45-bdfb-4343-9004-9be15dfd844c,java/lang/StringBuilder.java,append
12acfc45-bdfb-4343-9004-9be15dfd844c,server/model/players/skills/SmithingInterface.java,makeMithInterface,->,12acfc45-bdfb-4343-9004-9be15dfd844c,java/lang/StringBuilder.java,toString
12acfc45-bdfb-4343-9004-9be15dfd844c,server/model/players/skills/SmithingInterface.java,makeMithInterface,->,12acfc45-bdfb-4343-9004-9be15dfd844c,991eb2a8-284a-4290-ae08-f54cf8834706,609517a1-3a8b-4bd9-8623-3cae47c33a17
12acfc45-bdfb-4343-9004-9be15dfd844c,server/model/players/skills/SmithingInterface.java,makeMithInterface,->,12acfc45-bdfb-4343-9004-9be15dfd844c,server/model/players/Client.java,getPA
12acfc45-bdfb-4343-9004-9be15dfd844c,server/model/players/skills/SmithingInterface.java,makeMithInterface,->,12acfc45-bdfb-4343-9004-9be15dfd844c,java/lang/StringBuilder.java,append
12acfc45-bdfb-4343-9004-9be15dfd844c,server/model/players/skills/SmithingInterface.java,makeMithInterface,->,12acfc45-bdfb-4343-9004-9be15dfd844c,java/lang/StringBuilder.java,append
12acfc45-bdfb-4343-9004-9be15dfd844c,server/model/players/skills/SmithingInterface.java,makeMithInterface,->,12acfc45-bdfb-4343-9004-9be15dfd844c,java/lang/StringBuilder.java,append
12acfc45-bdfb-4343-9004-9be15dfd844c,server/model/players/skills/SmithingInterface.java,makeMithInterface,->,12acfc45-bdfb-4343-9004-9be15dfd844c,java/lang/StringBuilder.java,toString
12acfc45-bdfb-4343-9004-9be15dfd844c,server/model/players/skills/SmithingInterface.java,makeMithInterface,->,12acfc45-bdfb-4343-9004-9be15dfd844c,991eb2a8-284a-4290-ae08-f54cf8834706,609517a1-3a8b-4bd9-8623-3cae47c33a17
12acfc45-bdfb-4343-9004-9be15dfd844c,server/model/players/skills/SmithingInterface.java,makeMithInterface,->,12acfc45-bdfb-4343-9004-9be15dfd844c,server/model/players/Client.java,getPA
12acfc45-bdfb-4343-9004-9be15dfd844c,server/model/players/skills/SmithingInterface.java,makeMithInterface,->,12acfc45-bdfb-4343-9004-9be15dfd844c,server/model/players/skills/SmithingInterface.java,GetForlvl
12acfc45-bdfb-4343-9004-9be15dfd844c,server/model/players/skills/SmithingInterface.java,makeMithInterface,->,12acfc45-bdfb-4343-9004-9be15dfd844c,java/lang/StringBuilder.java,append
12acfc45-bdfb-4343-9004-9be15dfd844c,server/model/players/skills/SmithingInterface.java,makeMithInterface,->,12acfc45-bdfb-4343-9004-9be15dfd844c,java/lang/StringBuilder.java,append
12acfc45-bdfb-4343-9004-9be15dfd844c,server/model/players/skills/SmithingInterface.java,makeMithInterface,->,12acfc45-bdfb-4343-9004-9be15dfd844c,server/model/players/skills/SmithingInterface.java,GetForlvl
12acfc45-bdfb-4343-9004-9be15dfd844c,server/model/players/skills/SmithingInterface.java,makeMithInterface,->,12acfc45-bdfb-4343-9004-9be15dfd844c,java/lang/StringBuilder.java,append
12acfc45-bdfb-4343-9004-9be15dfd844c,server/model/players/skills/SmithingInterface.java,makeMithInterface,->,12acfc45-bdfb-4343-9004-9be15dfd844c,java/lang/StringBuilder.java,toString
12acfc45-bdfb-4343-9004-9be15dfd844c,server/model/players/skills/SmithingInterface.java,makeMithInterface,->,12acfc45-bdfb-4343-9004-9be15dfd844c,991eb2a8-284a-4290-ae08-f54cf8834706,609517a1-3a8b-4bd9-8623-3cae47c33a17
12acfc45-bdfb-4343-9004-9be15dfd844c,server/model/players/skills/SmithingInterface.java,makeMithInterface,->,12acfc45-bdfb-4343-9004-9be15dfd844c,server/model/players/Client.java,getPA
12acfc45-bdfb-4343-9004-9be15dfd844c,server/model/players/skills/SmithingInterface.java,makeMithInterface,->,12acfc45-bdfb-4343-9004-9be15dfd844c,server/model/players/skills/SmithingInterface.java,GetForlvl
12acfc45-bdfb-4343-9004-9be15dfd844c,server/model/players/skills/SmithingInterface.java,makeMithInterface,->,12acfc45-bdfb-4343-9004-9be15dfd844c,java/lang/StringBuilder.java,append
12acfc45-bdfb-4343-9004-9be15dfd844c,server/model/players/skills/SmithingInterface.java,makeMithInterface,->,12acfc45-bdfb-4343-9004-9be15dfd844c,java/lang/StringBuilder.java,append
12acfc45-bdfb-4343-9004-9be15dfd844c,server/model/players/skills/SmithingInterface.java,makeMithInterface,->,12acfc45-bdfb-4343-9004-9be15dfd844c,server/model/players/skills/SmithingInterface.java,GetForlvl
12acfc45-bdfb-4343-9004-9be15dfd844c,server/model/players/skills/SmithingInterface.java,makeMithInterface,->,12acfc45-bdfb-4343-9004-9be15dfd844c,java/lang/StringBuilder.java,append
12acfc45-bdfb-4343-9004-9be15dfd844c,server/model/players/skills/SmithingInterface.java,makeMithInterface,->,12acfc45-bdfb-4343-9004-9be15dfd844c,java/lang/StringBuilder.java,toString
12acfc45-bdfb-4343-9004-9be15dfd844c,server/model/players/skills/SmithingInterface.java,makeMithInterface,->,12acfc45-bdfb-4343-9004-9be15dfd844c,991eb2a8-284a-4290-ae08-f54cf8834706,609517a1-3a8b-4bd9-8623-3cae47c33a17
12acfc45-bdfb-4343-9004-9be15dfd844c,server/model/players/skills/SmithingInterface.java,makeMithInterface,->,12acfc45-bdfb-4343-9004-9be15dfd844c,server/model/players/Client.java,getPA
12acfc45-bdfb-4343-9004-9be15dfd844c,server/model/players/skills/SmithingInterface.java,makeMithInterface,->,12acfc45-bdfb-4343-9004-9be15dfd844c,server/model/players/skills/SmithingInterface.java,GetForlvl
12acfc45-bdfb-4343-9004-9be15dfd844c,server/model/players/skills/SmithingInterface.java,makeMithInterface,->,12acfc45-bdfb-4343-9004-9be15dfd844c,java/lang/StringBuilder.java,append
12acfc45-bdfb-4343-9004-9be15dfd844c,server/model/players/skills/SmithingInterface.java,makeMithInterface,->,12acfc45-bdfb-4343-9004-9be15dfd844c,java/lang/StringBuilder.java,append
12acfc45-bdfb-4343-9004-9be15dfd844c,server/model/players/skills/SmithingInterface.java,makeMithInterface,->,12acfc45-bdfb-4343-9004-9be15dfd844c,server/model/players/skills/SmithingInterface.java,GetForlvl
12acfc45-bdfb-4343-9004-9be15dfd844c,server/model/players/skills/SmithingInterface.java,makeMithInterface,->,12acfc45-bdfb-4343-9004-9be15dfd844c,java/lang/StringBuilder.java,append
12acfc45-bdfb-4343-9004-9be15dfd844c,server/model/players/skills/SmithingInterface.java,makeMithInterface,->,12acfc45-bdfb-4343-9004-9be15dfd844c,java/lang/StringBuilder.java,toString
12acfc45-bdfb-4343-9004-9be15dfd844c,server/model/players/skills/SmithingInterface.java,makeMithInterface,->,12acfc45-bdfb-4343-9004-9be15dfd844c,991eb2a8-284a-4290-ae08-f54cf8834706,609517a1-3a8b-4bd9-8623-3cae47c33a17
12acfc45-bdfb-4343-9004-9be15dfd844c,server/model/players/skills/SmithingInterface.java,makeMithInterface,->,12acfc45-bdfb-4343-9004-9be15dfd844c,server/model/players/Client.java,getPA
12acfc45-bdfb-4343-9004-9be15dfd844c,server/model/players/skills/SmithingInterface.java,makeMithInterface,->,12acfc45-bdfb-4343-9004-9be15dfd844c,server/model/players/skills/SmithingInterface.java,GetForlvl
12acfc45-bdfb-4343-9004-9be15dfd844c,server/model/players/skills/SmithingInterface.java,makeMithInterface,->,12acfc45-bdfb-4343-9004-9be15dfd844c,java/lang/StringBuilder.java,append
12acfc45-bdfb-4343-9004-9be15dfd844c,server/model/players/skills/SmithingInterface.java,makeMithInterface,->,12acfc45-bdfb-4343-9004-9be15dfd844c,java/lang/StringBuilder.java,append
12acfc45-bdfb-4343-9004-9be15dfd844c,server/model/players/skills/SmithingInterface.java,makeMithInterface,->,12acfc45-bdfb-4343-9004-9be15dfd844c,server/model/players/skills/SmithingInterface.java,GetForlvl
12acfc45-bdfb-4343-9004-9be15dfd844c,server/model/players/skills/SmithingInterface.java,makeMithInterface,->,12acfc45-bdfb-4343-9004-9be15dfd844c,java/lang/StringBuilder.java,append
12acfc45-bdfb-4343-9004-9be15dfd844c,server/model/players/skills/SmithingInterface.java,makeMithInterface,->,12acfc45-bdfb-4343-9004-9be15dfd844c,java/lang/StringBuilder.java,toString
12acfc45-bdfb-4343-9004-9be15dfd844c,server/model/players/skills/SmithingInterface.java,makeMithInterface,->,12acfc45-bdfb-4343-9004-9be15dfd844c,991eb2a8-284a-4290-ae08-f54cf8834706,609517a1-3a8b-4bd9-8623-3cae47c33a17
12acfc45-bdfb-4343-9004-9be15dfd844c,server/model/players/skills/SmithingInterface.java,makeMithInterface,->,12acfc45-bdfb-4343-9004-9be15dfd844c,server/model/players/Client.java,getPA
12acfc45-bdfb-4343-9004-9be15dfd844c,server/model/players/skills/SmithingInterface.java,makeMithInterface,->,12acfc45-bdfb-4343-9004-9be15dfd844c,server/model/players/skills/SmithingInterface.java,GetForlvl
12acfc45-bdfb-4343-9004-9be15dfd844c,server/model/players/skills/SmithingInterface.java,makeMithInterface,->,12acfc45-bdfb-4343-9004-9be15dfd844c,java/lang/StringBuilder.java,append
12acfc45-bdfb-4343-9004-9be15dfd844c,server/model/players/skills/SmithingInterface.java,makeMithInterface,->,12acfc45-bdfb-4343-9004-9be15dfd844c,java/lang/StringBuilder.java,append
12acfc45-bdfb-4343-9004-9be15dfd844c,server/model/players/skills/SmithingInterface.java,makeMithInterface,->,12acfc45-bdfb-4343-9004-9be15dfd844c,server/model/players/skills/SmithingInterface.java,GetForlvl
12acfc45-bdfb-4343-9004-9be15dfd844c,server/model/players/skills/SmithingInterface.java,makeMithInterface,->,12acfc45-bdfb-4343-9004-9be15dfd844c,java/lang/StringBuilder.java,append
12acfc45-bdfb-4343-9004-9be15dfd844c,server/model/players/skills/SmithingInterface.java,makeMithInterface,->,12acfc45-bdfb-4343-9004-9be15dfd844c,java/lang/StringBuilder.java,toString
12acfc45-bdfb-4343-9004-9be15dfd844c,server/model/players/skills/SmithingInterface.java,makeMithInterface,->,12acfc45-bdfb-4343-9004-9be15dfd844c,991eb2a8-284a-4290-ae08-f54cf8834706,609517a1-3a8b-4bd9-8623-3cae47c33a17
12acfc45-bdfb-4343-9004-9be15dfd844c,server/model/players/skills/SmithingInterface.java,makeMithInterface,->,12acfc45-bdfb-4343-9004-9be15dfd844c,server/model/players/Client.java,getPA
12acfc45-bdfb-4343-9004-9be15dfd844c,server/model/players/skills/SmithingInterface.java,makeMithInterface,->,12acfc45-bdfb-4343-9004-9be15dfd844c,server/model/players/skills/SmithingInterface.java,GetForlvl
12acfc45-bdfb-4343-9004-9be15dfd844c,server/model/players/skills/SmithingInterface.java,makeMithInterface,->,12acfc45-bdfb-4343-9004-9be15dfd844c,java/lang/StringBuilder.java,append
12acfc45-bdfb-4343-9004-9be15dfd844c,server/model/players/skills/SmithingInterface.java,makeMithInterface,->,12acfc45-bdfb-4343-9004-9be15dfd844c,java/lang/StringBuilder.java,append
12acfc45-bdfb-4343-9004-9be15dfd844c,server/model/players/skills/SmithingInterface.java,makeMithInterface,->,12acfc45-bdfb-4343-9004-9be15dfd844c,server/model/players/skills/SmithingInterface.java,GetForlvl
12acfc45-bdfb-4343-9004-9be15dfd844c,server/model/players/skills/SmithingInterface.java,makeMithInterface,->,12acfc45-bdfb-4343-9004-9be15dfd844c,java/lang/StringBuilder.java,append
12acfc45-bdfb-4343-9004-9be15dfd844c,server/model/players/skills/SmithingInterface.java,makeMithInterface,->,12acfc45-bdfb-4343-9004-9be15dfd844c,java/lang/StringBuilder.java,toString
12acfc45-bdfb-4343-9004-9be15dfd844c,server/model/players/skills/SmithingInterface.java,makeMithInterface,->,12acfc45-bdfb-4343-9004-9be15dfd844c,991eb2a8-284a-4290-ae08-f54cf8834706,609517a1-3a8b-4bd9-8623-3cae47c33a17
12acfc45-bdfb-4343-9004-9be15dfd844c,server/model/players/skills/SmithingInterface.java,makeMithInterface,->,12acfc45-bdfb-4343-9004-9be15dfd844c,server/model/players/Client.java,getPA
12acfc45-bdfb-4343-9004-9be15dfd844c,server/model/players/skills/SmithingInterface.java,makeMithInterface,->,12acfc45-bdfb-4343-9004-9be15dfd844c,server/model/players/skills/SmithingInterface.java,GetForlvl
12acfc45-bdfb-4343-9004-9be15dfd844c,server/model/players/skills/SmithingInterface.java,makeMithInterface,->,12acfc45-bdfb-4343-9004-9be15dfd844c,java/lang/StringBuilder.java,append
12acfc45-bdfb-4343-9004-9be15dfd844c,server/model/players/skills/SmithingInterface.java,makeMithInterface,->,12acfc45-bdfb-4343-9004-9be15dfd844c,java/lang/StringBuilder.java,append
12acfc45-bdfb-4343-9004-9be15dfd844c,server/model/players/skills/SmithingInterface.java,makeMithInterface,->,12acfc45-bdfb-4343-9004-9be15dfd844c,server/model/players/skills/SmithingInterface.java,GetForlvl
12acfc45-bdfb-4343-9004-9be15dfd844c,server/model/players/skills/SmithingInterface.java,makeMithInterface,->,12acfc45-bdfb-4343-9004-9be15dfd844c,java/lang/StringBuilder.java,append
12acfc45-bdfb-4343-9004-9be15dfd844c,server/model/players/skills/SmithingInterface.java,makeMithInterface,->,12acfc45-bdfb-4343-9004-9be15dfd844c,java/lang/StringBuilder.java,toString
12acfc45-bdfb-4343-9004-9be15dfd844c,server/model/players/skills/SmithingInterface.java,makeMithInterface,->,12acfc45-bdfb-4343-9004-9be15dfd844c,991eb2a8-284a-4290-ae08-f54cf8834706,609517a1-3a8b-4bd9-8623-3cae47c33a17
12acfc45-bdfb-4343-9004-9be15dfd844c,server/model/players/skills/SmithingInterface.java,makeMithInterface,->,12acfc45-bdfb-4343-9004-9be15dfd844c,server/model/players/Client.java,getPA
12acfc45-bdfb-4343-9004-9be15dfd844c,server/model/players/skills/SmithingInterface.java,makeMithInterface,->,12acfc45-bdfb-4343-9004-9be15dfd844c,server/model/players/skills/SmithingInterface.java,GetForlvl
12acfc45-bdfb-4343-9004-9be15dfd844c,server/model/players/skills/SmithingInterface.java,makeMithInterface,->,12acfc45-bdfb-4343-9004-9be15dfd844c,java/lang/StringBuilder.java,append
12acfc45-bdfb-4343-9004-9be15dfd844c,server/model/players/skills/SmithingInterface.java,makeMithInterface,->,12acfc45-bdfb-4343-9004-9be15dfd844c,java/lang/StringBuilder.java,append
12acfc45-bdfb-4343-9004-9be15dfd844c,server/model/players/skills/SmithingInterface.java,makeMithInterface,->,12acfc45-bdfb-4343-9004-9be15dfd844c,server/model/players/skills/SmithingInterface.java,GetForlvl
12acfc45-bdfb-4343-9004-9be15dfd844c,server/model/players/skills/SmithingInterface.java,makeMithInterface,->,12acfc45-bdfb-4343-9004-9be15dfd844c,java/lang/StringBuilder.java,append
12acfc45-bdfb-4343-9004-9be15dfd844c,server/model/players/skills/SmithingInterface.java,makeMithInterface,->,12acfc45-bdfb-4343-9004-9be15dfd844c,java/lang/StringBuilder.java,toString
12acfc45-bdfb-4343-9004-9be15dfd844c,server/model/players/skills/SmithingInterface.java,makeMithInterface,->,12acfc45-bdfb-4343-9004-9be15dfd844c,991eb2a8-284a-4290-ae08-f54cf8834706,609517a1-3a8b-4bd9-8623-3cae47c33a17
12acfc45-bdfb-4343-9004-9be15dfd844c,server/model/players/skills/SmithingInterface.java,makeMithInterface,->,12acfc45-bdfb-4343-9004-9be15dfd844c,server/model/players/Client.java,getPA
12acfc45-bdfb-4343-9004-9be15dfd844c,server/model/players/skills/SmithingInterface.java,makeMithInterface,->,12acfc45-bdfb-4343-9004-9be15dfd844c,server/model/players/skills/SmithingInterface.java,GetForlvl
12acfc45-bdfb-4343-9004-9be15dfd844c,server/model/players/skills/SmithingInterface.java,makeMithInterface,->,12acfc45-bdfb-4343-9004-9be15dfd844c,java/lang/StringBuilder.java,append
12acfc45-bdfb-4343-9004-9be15dfd844c,server/model/players/skills/SmithingInterface.java,makeMithInterface,->,12acfc45-bdfb-4343-9004-9be15dfd844c,java/lang/StringBuilder.java,append
12acfc45-bdfb-4343-9004-9be15dfd844c,server/model/players/skills/SmithingInterface.java,makeMithInterface,->,12acfc45-bdfb-4343-9004-9be15dfd844c,server/model/players/skills/SmithingInterface.java,GetForlvl
12acfc45-bdfb-4343-9004-9be15dfd844c,server/model/players/skills/SmithingInterface.java,makeMithInterface,->,12acfc45-bdfb-4343-9004-9be15dfd844c,java/lang/StringBuilder.java,append
12acfc45-bdfb-4343-9004-9be15dfd844c,server/model/players/skills/SmithingInterface.java,makeMithInterface,->,12acfc45-bdfb-4343-9004-9be15dfd844c,java/lang/StringBuilder.java,toString
12acfc45-bdfb-4343-9004-9be15dfd844c,server/model/players/skills/SmithingInterface.java,makeMithInterface,->,12acfc45-bdfb-4343-9004-9be15dfd844c,991eb2a8-284a-4290-ae08-f54cf8834706,609517a1-3a8b-4bd9-8623-3cae47c33a17
12acfc45-bdfb-4343-9004-9be15dfd844c,server/model/players/skills/SmithingInterface.java,makeMithInterface,->,12acfc45-bdfb-4343-9004-9be15dfd844c,server/model/players/Client.java,getPA
12acfc45-bdfb-4343-9004-9be15dfd844c,server/model/players/skills/SmithingInterface.java,makeMithInterface,->,12acfc45-bdfb-4343-9004-9be15dfd844c,server/model/players/skills/SmithingInterface.java,GetForlvl
12acfc45-bdfb-4343-9004-9be15dfd844c,server/model/players/skills/SmithingInterface.java,makeMithInterface,->,12acfc45-bdfb-4343-9004-9be15dfd844c,java/lang/StringBuilder.java,append
12acfc45-bdfb-4343-9004-9be15dfd844c,server/model/players/skills/SmithingInterface.java,makeMithInterface,->,12acfc45-bdfb-4343-9004-9be15dfd844c,java/lang/StringBuilder.java,append
12acfc45-bdfb-4343-9004-9be15dfd844c,server/model/players/skills/SmithingInterface.java,makeMithInterface,->,12acfc45-bdfb-4343-9004-9be15dfd844c,server/model/players/skills/SmithingInterface.java,GetForlvl
12acfc45-bdfb-4343-9004-9be15dfd844c,server/model/players/skills/SmithingInterface.java,makeMithInterface,->,12acfc45-bdfb-4343-9004-9be15dfd844c,java/lang/StringBuilder.java,append
12acfc45-bdfb-4343-9004-9be15dfd844c,server/model/players/skills/SmithingInterface.java,makeMithInterface,->,12acfc45-bdfb-4343-9004-9be15dfd844c,java/lang/StringBuilder.java,toString
12acfc45-bdfb-4343-9004-9be15dfd844c,server/model/players/skills/SmithingInterface.java,makeMithInterface,->,12acfc45-bdfb-4343-9004-9be15dfd844c,991eb2a8-284a-4290-ae08-f54cf8834706,609517a1-3a8b-4bd9-8623-3cae47c33a17
12acfc45-bdfb-4343-9004-9be15dfd844c,server/model/players/skills/SmithingInterface.java,makeMithInterface,->,12acfc45-bdfb-4343-9004-9be15dfd844c,server/model/players/Client.java,getPA
12acfc45-bdfb-4343-9004-9be15dfd844c,server/model/players/skills/SmithingInterface.java,makeMithInterface,->,12acfc45-bdfb-4343-9004-9be15dfd844c,server/model/players/skills/SmithingInterface.java,GetForlvl
12acfc45-bdfb-4343-9004-9be15dfd844c,server/model/players/skills/SmithingInterface.java,makeMithInterface,->,12acfc45-bdfb-4343-9004-9be15dfd844c,java/lang/StringBuilder.java,append
12acfc45-bdfb-4343-9004-9be15dfd844c,server/model/players/skills/SmithingInterface.java,makeMithInterface,->,12acfc45-bdfb-4343-9004-9be15dfd844c,java/lang/StringBuilder.java,append
12acfc45-bdfb-4343-9004-9be15dfd844c,server/model/players/skills/SmithingInterface.java,makeMithInterface,->,12acfc45-bdfb-4343-9004-9be15dfd844c,server/model/players/skills/SmithingInterface.java,GetForlvl
12acfc45-bdfb-4343-9004-9be15dfd844c,server/model/players/skills/SmithingInterface.java,makeMithInterface,->,12acfc45-bdfb-4343-9004-9be15dfd844c,java/lang/StringBuilder.java,append
12acfc45-bdfb-4343-9004-9be15dfd844c,server/model/players/skills/SmithingInterface.java,makeMithInterface,->,12acfc45-bdfb-4343-9004-9be15dfd844c,java/lang/StringBuilder.java,toString
12acfc45-bdfb-4343-9004-9be15dfd844c,server/model/players/skills/SmithingInterface.java,makeMithInterface,->,12acfc45-bdfb-4343-9004-9be15dfd844c,991eb2a8-284a-4290-ae08-f54cf8834706,609517a1-3a8b-4bd9-8623-3cae47c33a17
12acfc45-bdfb-4343-9004-9be15dfd844c,server/model/players/skills/SmithingInterface.java,makeMithInterface,->,12acfc45-bdfb-4343-9004-9be15dfd844c,server/model/players/Client.java,getPA
12acfc45-bdfb-4343-9004-9be15dfd844c,server/model/players/skills/SmithingInterface.java,makeMithInterface,->,12acfc45-bdfb-4343-9004-9be15dfd844c,server/model/players/skills/SmithingInterface.java,GetForlvl
12acfc45-bdfb-4343-9004-9be15dfd844c,server/model/players/skills/SmithingInterface.java,makeMithInterface,->,12acfc45-bdfb-4343-9004-9be15dfd844c,java/lang/StringBuilder.java,append
12acfc45-bdfb-4343-9004-9be15dfd844c,server/model/players/skills/SmithingInterface.java,makeMithInterface,->,12acfc45-bdfb-4343-9004-9be15dfd844c,java/lang/StringBuilder.java,append
12acfc45-bdfb-4343-9004-9be15dfd844c,server/model/players/skills/SmithingInterface.java,makeMithInterface,->,12acfc45-bdfb-4343-9004-9be15dfd844c,server/model/players/skills/SmithingInterface.java,GetForlvl
12acfc45-bdfb-4343-9004-9be15dfd844c,server/model/players/skills/SmithingInterface.java,makeMithInterface,->,12acfc45-bdfb-4343-9004-9be15dfd844c,java/lang/StringBuilder.java,append
12acfc45-bdfb-4343-9004-9be15dfd844c,server/model/players/skills/SmithingInterface.java,makeMithInterface,->,12acfc45-bdfb-4343-9004-9be15dfd844c,java/lang/StringBuilder.java,toString
12acfc45-bdfb-4343-9004-9be15dfd844c,server/model/players/skills/SmithingInterface.java,makeMithInterface,->,12acfc45-bdfb-4343-9004-9be15dfd844c,991eb2a8-284a-4290-ae08-f54cf8834706,609517a1-3a8b-4bd9-8623-3cae47c33a17
12acfc45-bdfb-4343-9004-9be15dfd844c,server/model/players/skills/SmithingInterface.java,makeMithInterface,->,12acfc45-bdfb-4343-9004-9be15dfd844c,server/model/players/Client.java,getPA
12acfc45-bdfb-4343-9004-9be15dfd844c,server/model/players/skills/SmithingInterface.java,makeMithInterface,->,12acfc45-bdfb-4343-9004-9be15dfd844c,server/model/players/skills/SmithingInterface.java,GetForlvl
12acfc45-bdfb-4343-9004-9be15dfd844c,server/model/players/skills/SmithingInterface.java,makeMithInterface,->,12acfc45-bdfb-4343-9004-9be15dfd844c,java/lang/StringBuilder.java,append
12acfc45-bdfb-4343-9004-9be15dfd844c,server/model/players/skills/SmithingInterface.java,makeMithInterface,->,12acfc45-bdfb-4343-9004-9be15dfd844c,java/lang/StringBuilder.java,append
12acfc45-bdfb-4343-9004-9be15dfd844c,server/model/players/skills/SmithingInterface.java,makeMithInterface,->,12acfc45-bdfb-4343-9004-9be15dfd844c,server/model/players/skills/SmithingInterface.java,GetForlvl
12acfc45-bdfb-4343-9004-9be15dfd844c,server/model/players/skills/SmithingInterface.java,makeMithInterface,->,12acfc45-bdfb-4343-9004-9be15dfd844c,java/lang/StringBuilder.java,append
12acfc45-bdfb-4343-9004-9be15dfd844c,server/model/players/skills/SmithingInterface.java,makeMithInterface,->,12acfc45-bdfb-4343-9004-9be15dfd844c,java/lang/StringBuilder.java,toString
12acfc45-bdfb-4343-9004-9be15dfd844c,server/model/players/skills/SmithingInterface.java,makeMithInterface,->,12acfc45-bdfb-4343-9004-9be15dfd844c,991eb2a8-284a-4290-ae08-f54cf8834706,609517a1-3a8b-4bd9-8623-3cae47c33a17
12acfc45-bdfb-4343-9004-9be15dfd844c,server/model/players/skills/SmithingInterface.java,makeMithInterface,->,12acfc45-bdfb-4343-9004-9be15dfd844c,server/model/players/Client.java,getPA
12acfc45-bdfb-4343-9004-9be15dfd844c,server/model/players/skills/SmithingInterface.java,makeMithInterface,->,12acfc45-bdfb-4343-9004-9be15dfd844c,server/model/players/skills/SmithingInterface.java,GetForlvl
12acfc45-bdfb-4343-9004-9be15dfd844c,server/model/players/skills/SmithingInterface.java,makeMithInterface,->,12acfc45-bdfb-4343-9004-9be15dfd844c,java/lang/StringBuilder.java,append
12acfc45-bdfb-4343-9004-9be15dfd844c,server/model/players/skills/SmithingInterface.java,makeMithInterface,->,12acfc45-bdfb-4343-9004-9be15dfd844c,java/lang/StringBuilder.java,append
12acfc45-bdfb-4343-9004-9be15dfd844c,server/model/players/skills/SmithingInterface.java,makeMithInterface,->,12acfc45-bdfb-4343-9004-9be15dfd844c,server/model/players/skills/SmithingInterface.java,GetForlvl
12acfc45-bdfb-4343-9004-9be15dfd844c,server/model/players/skills/SmithingInterface.java,makeMithInterface,->,12acfc45-bdfb-4343-9004-9be15dfd844c,java/lang/StringBuilder.java,append
12acfc45-bdfb-4343-9004-9be15dfd844c,server/model/players/skills/SmithingInterface.java,makeMithInterface,->,12acfc45-bdfb-4343-9004-9be15dfd844c,java/lang/StringBuilder.java,toString
12acfc45-bdfb-4343-9004-9be15dfd844c,server/model/players/skills/SmithingInterface.java,makeMithInterface,->,12acfc45-bdfb-4343-9004-9be15dfd844c,991eb2a8-284a-4290-ae08-f54cf8834706,609517a1-3a8b-4bd9-8623-3cae47c33a17
12acfc45-bdfb-4343-9004-9be15dfd844c,server/model/players/skills/SmithingInterface.java,makeMithInterface,->,12acfc45-bdfb-4343-9004-9be15dfd844c,server/model/players/Client.java,getPA
12acfc45-bdfb-4343-9004-9be15dfd844c,server/model/players/skills/SmithingInterface.java,makeMithInterface,->,12acfc45-bdfb-4343-9004-9be15dfd844c,server/model/players/skills/SmithingInterface.java,GetForlvl
12acfc45-bdfb-4343-9004-9be15dfd844c,server/model/players/skills/SmithingInterface.java,makeMithInterface,->,12acfc45-bdfb-4343-9004-9be15dfd844c,java/lang/StringBuilder.java,append
12acfc45-bdfb-4343-9004-9be15dfd844c,server/model/players/skills/SmithingInterface.java,makeMithInterface,->,12acfc45-bdfb-4343-9004-9be15dfd844c,java/lang/StringBuilder.java,append
12acfc45-bdfb-4343-9004-9be15dfd844c,server/model/players/skills/SmithingInterface.java,makeMithInterface,->,12acfc45-bdfb-4343-9004-9be15dfd844c,server/model/players/skills/SmithingInterface.java,GetForlvl
12acfc45-bdfb-4343-9004-9be15dfd844c,server/model/players/skills/SmithingInterface.java,makeMithInterface,->,12acfc45-bdfb-4343-9004-9be15dfd844c,java/lang/StringBuilder.java,append
12acfc45-bdfb-4343-9004-9be15dfd844c,server/model/players/skills/SmithingInterface.java,makeMithInterface,->,12acfc45-bdfb-4343-9004-9be15dfd844c,java/lang/StringBuilder.java,toString
12acfc45-bdfb-4343-9004-9be15dfd844c,server/model/players/skills/SmithingInterface.java,makeMithInterface,->,12acfc45-bdfb-4343-9004-9be15dfd844c,991eb2a8-284a-4290-ae08-f54cf8834706,609517a1-3a8b-4bd9-8623-3cae47c33a17
12acfc45-bdfb-4343-9004-9be15dfd844c,server/model/players/skills/SmithingInterface.java,makeMithInterface,->,12acfc45-bdfb-4343-9004-9be15dfd844c,server/model/players/Client.java,getPA
12acfc45-bdfb-4343-9004-9be15dfd844c,server/model/players/skills/SmithingInterface.java,makeMithInterface,->,12acfc45-bdfb-4343-9004-9be15dfd844c,server/model/players/skills/SmithingInterface.java,GetForlvl
12acfc45-bdfb-4343-9004-9be15dfd844c,server/model/players/skills/SmithingInterface.java,makeMithInterface,->,12acfc45-bdfb-4343-9004-9be15dfd844c,java/lang/StringBuilder.java,append
12acfc45-bdfb-4343-9004-9be15dfd844c,server/model/players/skills/SmithingInterface.java,makeMithInterface,->,12acfc45-bdfb-4343-9004-9be15dfd844c,java/lang/StringBuilder.java,append
12acfc45-bdfb-4343-9004-9be15dfd844c,server/model/players/skills/SmithingInterface.java,makeMithInterface,->,12acfc45-bdfb-4343-9004-9be15dfd844c,server/model/players/skills/SmithingInterface.java,GetForlvl
12acfc45-bdfb-4343-9004-9be15dfd844c,server/model/players/skills/SmithingInterface.java,makeMithInterface,->,12acfc45-bdfb-4343-9004-9be15dfd844c,java/lang/StringBuilder.java,append
12acfc45-bdfb-4343-9004-9be15dfd844c,server/model/players/skills/SmithingInterface.java,makeMithInterface,->,12acfc45-bdfb-4343-9004-9be15dfd844c,java/lang/StringBuilder.java,toString
12acfc45-bdfb-4343-9004-9be15dfd844c,server/model/players/skills/SmithingInterface.java,makeMithInterface,->,12acfc45-bdfb-4343-9004-9be15dfd844c,991eb2a8-284a-4290-ae08-f54cf8834706,609517a1-3a8b-4bd9-8623-3cae47c33a17
12acfc45-bdfb-4343-9004-9be15dfd844c,server/model/players/skills/SmithingInterface.java,makeMithInterface,->,12acfc45-bdfb-4343-9004-9be15dfd844c,server/model/players/Client.java,getPA
12acfc45-bdfb-4343-9004-9be15dfd844c,server/model/players/skills/SmithingInterface.java,makeMithInterface,->,12acfc45-bdfb-4343-9004-9be15dfd844c,server/model/players/skills/SmithingInterface.java,GetForlvl
12acfc45-bdfb-4343-9004-9be15dfd844c,server/model/players/skills/SmithingInterface.java,makeMithInterface,->,12acfc45-bdfb-4343-9004-9be15dfd844c,java/lang/StringBuilder.java,append
12acfc45-bdfb-4343-9004-9be15dfd844c,server/model/players/skills/SmithingInterface.java,makeMithInterface,->,12acfc45-bdfb-4343-9004-9be15dfd844c,java/lang/StringBuilder.java,append
12acfc45-bdfb-4343-9004-9be15dfd844c,server/model/players/skills/SmithingInterface.java,makeMithInterface,->,12acfc45-bdfb-4343-9004-9be15dfd844c,server/model/players/skills/SmithingInterface.java,GetForlvl
12acfc45-bdfb-4343-9004-9be15dfd844c,server/model/players/skills/SmithingInterface.java,makeMithInterface,->,12acfc45-bdfb-4343-9004-9be15dfd844c,java/lang/StringBuilder.java,append
12acfc45-bdfb-4343-9004-9be15dfd844c,server/model/players/skills/SmithingInterface.java,makeMithInterface,->,12acfc45-bdfb-4343-9004-9be15dfd844c,java/lang/StringBuilder.java,toString
12acfc45-bdfb-4343-9004-9be15dfd844c,server/model/players/skills/SmithingInterface.java,makeMithInterface,->,12acfc45-bdfb-4343-9004-9be15dfd844c,991eb2a8-284a-4290-ae08-f54cf8834706,609517a1-3a8b-4bd9-8623-3cae47c33a17
12acfc45-bdfb-4343-9004-9be15dfd844c,server/model/players/skills/SmithingInterface.java,makeMithInterface,->,12acfc45-bdfb-4343-9004-9be15dfd844c,server/model/players/Client.java,getPA
12acfc45-bdfb-4343-9004-9be15dfd844c,server/model/players/skills/SmithingInterface.java,makeMithInterface,->,12acfc45-bdfb-4343-9004-9be15dfd844c,server/model/players/skills/SmithingInterface.java,GetForlvl
12acfc45-bdfb-4343-9004-9be15dfd844c,server/model/players/skills/SmithingInterface.java,makeMithInterface,->,12acfc45-bdfb-4343-9004-9be15dfd844c,java/lang/StringBuilder.java,append
12acfc45-bdfb-4343-9004-9be15dfd844c,server/model/players/skills/SmithingInterface.java,makeMithInterface,->,12acfc45-bdfb-4343-9004-9be15dfd844c,java/lang/StringBuilder.java,append
12acfc45-bdfb-4343-9004-9be15dfd844c,server/model/players/skills/SmithingInterface.java,makeMithInterface,->,12acfc45-bdfb-4343-9004-9be15dfd844c,server/model/players/skills/SmithingInterface.java,GetForlvl
12acfc45-bdfb-4343-9004-9be15dfd844c,server/model/players/skills/SmithingInterface.java,makeMithInterface,->,12acfc45-bdfb-4343-9004-9be15dfd844c,java/lang/StringBuilder.java,append
12acfc45-bdfb-4343-9004-9be15dfd844c,server/model/players/skills/SmithingInterface.java,makeMithInterface,->,12acfc45-bdfb-4343-9004-9be15dfd844c,java/lang/StringBuilder.java,toString
12acfc45-bdfb-4343-9004-9be15dfd844c,server/model/players/skills/SmithingInterface.java,makeMithInterface,->,12acfc45-bdfb-4343-9004-9be15dfd844c,991eb2a8-284a-4290-ae08-f54cf8834706,609517a1-3a8b-4bd9-8623-3cae47c33a17
12acfc45-bdfb-4343-9004-9be15dfd844c,server/model/players/skills/SmithingInterface.java,makeMithInterface,->,12acfc45-bdfb-4343-9004-9be15dfd844c,server/model/players/Client.java,getPA
12acfc45-bdfb-4343-9004-9be15dfd844c,server/model/players/skills/SmithingInterface.java,makeMithInterface,->,12acfc45-bdfb-4343-9004-9be15dfd844c,server/model/players/skills/SmithingInterface.java,GetForlvl
12acfc45-bdfb-4343-9004-9be15dfd844c,server/model/players/skills/SmithingInterface.java,makeMithInterface,->,12acfc45-bdfb-4343-9004-9be15dfd844c,java/lang/StringBuilder.java,append
12acfc45-bdfb-4343-9004-9be15dfd844c,server/model/players/skills/SmithingInterface.java,makeMithInterface,->,12acfc45-bdfb-4343-9004-9be15dfd844c,java/lang/StringBuilder.java,append
12acfc45-bdfb-4343-9004-9be15dfd844c,server/model/players/skills/SmithingInterface.java,makeMithInterface,->,12acfc45-bdfb-4343-9004-9be15dfd844c,server/model/players/skills/SmithingInterface.java,GetForlvl
12acfc45-bdfb-4343-9004-9be15dfd844c,server/model/players/skills/SmithingInterface.java,makeMithInterface,->,12acfc45-bdfb-4343-9004-9be15dfd844c,java/lang/StringBuilder.java,append
12acfc45-bdfb-4343-9004-9be15dfd844c,server/model/players/skills/SmithingInterface.java,makeMithInterface,->,12acfc45-bdfb-4343-9004-9be15dfd844c,java/lang/StringBuilder.java,toString
12acfc45-bdfb-4343-9004-9be15dfd844c,server/model/players/skills/SmithingInterface.java,makeMithInterface,->,12acfc45-bdfb-4343-9004-9be15dfd844c,991eb2a8-284a-4290-ae08-f54cf8834706,609517a1-3a8b-4bd9-8623-3cae47c33a17
12acfc45-bdfb-4343-9004-9be15dfd844c,server/model/players/skills/SmithingInterface.java,makeMithInterface,->,12acfc45-bdfb-4343-9004-9be15dfd844c,server/model/players/Client.java,getPA
12acfc45-bdfb-4343-9004-9be15dfd844c,server/model/players/skills/SmithingInterface.java,makeMithInterface,->,12acfc45-bdfb-4343-9004-9be15dfd844c,server/model/players/skills/SmithingInterface.java,GetForlvl
12acfc45-bdfb-4343-9004-9be15dfd844c,server/model/players/skills/SmithingInterface.java,makeMithInterface,->,12acfc45-bdfb-4343-9004-9be15dfd844c,java/lang/StringBuilder.java,append
12acfc45-bdfb-4343-9004-9be15dfd844c,server/model/players/skills/SmithingInterface.java,makeMithInterface,->,12acfc45-bdfb-4343-9004-9be15dfd844c,java/lang/StringBuilder.java,append
12acfc45-bdfb-4343-9004-9be15dfd844c,server/model/players/skills/SmithingInterface.java,makeMithInterface,->,12acfc45-bdfb-4343-9004-9be15dfd844c,server/model/players/skills/SmithingInterface.java,GetForlvl
12acfc45-bdfb-4343-9004-9be15dfd844c,server/model/players/skills/SmithingInterface.java,makeMithInterface,->,12acfc45-bdfb-4343-9004-9be15dfd844c,java/lang/StringBuilder.java,append
12acfc45-bdfb-4343-9004-9be15dfd844c,server/model/players/skills/SmithingInterface.java,makeMithInterface,->,12acfc45-bdfb-4343-9004-9be15dfd844c,java/lang/StringBuilder.java,toString
12acfc45-bdfb-4343-9004-9be15dfd844c,server/model/players/skills/SmithingInterface.java,makeMithInterface,->,12acfc45-bdfb-4343-9004-9be15dfd844c,991eb2a8-284a-4290-ae08-f54cf8834706,609517a1-3a8b-4bd9-8623-3cae47c33a17
12acfc45-bdfb-4343-9004-9be15dfd844c,server/model/players/skills/SmithingInterface.java,makeMithInterface,->,12acfc45-bdfb-4343-9004-9be15dfd844c,server/model/players/Client.java,getPA
12acfc45-bdfb-4343-9004-9be15dfd844c,server/model/players/skills/SmithingInterface.java,makeMithInterface,->,12acfc45-bdfb-4343-9004-9be15dfd844c,server/model/players/skills/SmithingInterface.java,GetForlvl
12acfc45-bdfb-4343-9004-9be15dfd844c,server/model/players/skills/SmithingInterface.java,makeMithInterface,->,12acfc45-bdfb-4343-9004-9be15dfd844c,java/lang/StringBuilder.java,append
12acfc45-bdfb-4343-9004-9be15dfd844c,server/model/players/skills/SmithingInterface.java,makeMithInterface,->,12acfc45-bdfb-4343-9004-9be15dfd844c,java/lang/StringBuilder.java,append
12acfc45-bdfb-4343-9004-9be15dfd844c,server/model/players/skills/SmithingInterface.java,makeMithInterface,->,12acfc45-bdfb-4343-9004-9be15dfd844c,server/model/players/skills/SmithingInterface.java,GetForlvl
12acfc45-bdfb-4343-9004-9be15dfd844c,server/model/players/skills/SmithingInterface.java,makeMithInterface,->,12acfc45-bdfb-4343-9004-9be15dfd844c,java/lang/StringBuilder.java,append
12acfc45-bdfb-4343-9004-9be15dfd844c,server/model/players/skills/SmithingInterface.java,makeMithInterface,->,12acfc45-bdfb-4343-9004-9be15dfd844c,java/lang/StringBuilder.java,toString
12acfc45-bdfb-4343-9004-9be15dfd844c,server/model/players/skills/SmithingInterface.java,makeMithInterface,->,12acfc45-bdfb-4343-9004-9be15dfd844c,991eb2a8-284a-4290-ae08-f54cf8834706,609517a1-3a8b-4bd9-8623-3cae47c33a17
12acfc45-bdfb-4343-9004-9be15dfd844c,server/model/players/skills/SmithingInterface.java,makeMithInterface,->,12acfc45-bdfb-4343-9004-9be15dfd844c,server/model/players/Client.java,getPA
12acfc45-bdfb-4343-9004-9be15dfd844c,server/model/players/skills/SmithingInterface.java,makeMithInterface,->,12acfc45-bdfb-4343-9004-9be15dfd844c,991eb2a8-284a-4290-ae08-f54cf8834706,567f87b3-4cc7-43f9-9489-4a8b3527773d
12acfc45-bdfb-4343-9004-9be15dfd844c,server/model/players/skills/SmithingInterface.java,makeMithInterface,->,12acfc45-bdfb-4343-9004-9be15dfd844c,server/model/players/Client.java,getPA
12acfc45-bdfb-4343-9004-9be15dfd844c,server/model/players/skills/SmithingInterface.java,makeMithInterface,->,12acfc45-bdfb-4343-9004-9be15dfd844c,991eb2a8-284a-4290-ae08-f54cf8834706,567f87b3-4cc7-43f9-9489-4a8b3527773d
12acfc45-bdfb-4343-9004-9be15dfd844c,server/model/players/skills/SmithingInterface.java,makeMithInterface,->,12acfc45-bdfb-4343-9004-9be15dfd844c,server/model/players/Client.java,getPA
12acfc45-bdfb-4343-9004-9be15dfd844c,server/model/players/skills/SmithingInterface.java,makeMithInterface,->,12acfc45-bdfb-4343-9004-9be15dfd844c,991eb2a8-284a-4290-ae08-f54cf8834706,567f87b3-4cc7-43f9-9489-4a8b3527773d
12acfc45-bdfb-4343-9004-9be15dfd844c,server/model/players/skills/SmithingInterface.java,makeMithInterface,->,12acfc45-bdfb-4343-9004-9be15dfd844c,server/model/players/Client.java,getPA
12acfc45-bdfb-4343-9004-9be15dfd844c,server/model/players/skills/SmithingInterface.java,makeMithInterface,->,12acfc45-bdfb-4343-9004-9be15dfd844c,991eb2a8-284a-4290-ae08-f54cf8834706,567f87b3-4cc7-43f9-9489-4a8b3527773d
12acfc45-bdfb-4343-9004-9be15dfd844c,server/model/players/skills/SmithingInterface.java,makeMithInterface,->,12acfc45-bdfb-4343-9004-9be15dfd844c,server/model/players/Client.java,getPA
12acfc45-bdfb-4343-9004-9be15dfd844c,server/model/players/skills/SmithingInterface.java,makeMithInterface,->,12acfc45-bdfb-4343-9004-9be15dfd844c,991eb2a8-284a-4290-ae08-f54cf8834706,567f87b3-4cc7-43f9-9489-4a8b3527773d
12acfc45-bdfb-4343-9004-9be15dfd844c,server/model/players/skills/SmithingInterface.java,makeMithInterface,->,12acfc45-bdfb-4343-9004-9be15dfd844c,server/model/players/Client.java,getPA
12acfc45-bdfb-4343-9004-9be15dfd844c,server/model/players/skills/SmithingInterface.java,makeMithInterface,->,12acfc45-bdfb-4343-9004-9be15dfd844c,991eb2a8-284a-4290-ae08-f54cf8834706,567f87b3-4cc7-43f9-9489-4a8b3527773d
12acfc45-bdfb-4343-9004-9be15dfd844c,server/model/players/skills/SmithingInterface.java,makeMithInterface,->,12acfc45-bdfb-4343-9004-9be15dfd844c,server/model/players/Client.java,getPA
12acfc45-bdfb-4343-9004-9be15dfd844c,server/model/players/skills/SmithingInterface.java,makeMithInterface,->,12acfc45-bdfb-4343-9004-9be15dfd844c,991eb2a8-284a-4290-ae08-f54cf8834706,567f87b3-4cc7-43f9-9489-4a8b3527773d
12acfc45-bdfb-4343-9004-9be15dfd844c,server/model/players/skills/SmithingInterface.java,makeMithInterface,->,12acfc45-bdfb-4343-9004-9be15dfd844c,server/model/players/Client.java,getPA
12acfc45-bdfb-4343-9004-9be15dfd844c,server/model/players/skills/SmithingInterface.java,makeMithInterface,->,12acfc45-bdfb-4343-9004-9be15dfd844c,991eb2a8-284a-4290-ae08-f54cf8834706,567f87b3-4cc7-43f9-9489-4a8b3527773d
12acfc45-bdfb-4343-9004-9be15dfd844c,server/model/players/skills/SmithingInterface.java,makeMithInterface,->,12acfc45-bdfb-4343-9004-9be15dfd844c,server/model/players/Client.java,getPA
12acfc45-bdfb-4343-9004-9be15dfd844c,server/model/players/skills/SmithingInterface.java,makeMithInterface,->,12acfc45-bdfb-4343-9004-9be15dfd844c,991eb2a8-284a-4290-ae08-f54cf8834706,567f87b3-4cc7-43f9-9489-4a8b3527773d
12acfc45-bdfb-4343-9004-9be15dfd844c,server/model/players/skills/SmithingInterface.java,makeMithInterface,->,12acfc45-bdfb-4343-9004-9be15dfd844c,server/model/players/Client.java,getPA
12acfc45-bdfb-4343-9004-9be15dfd844c,server/model/players/skills/SmithingInterface.java,makeMithInterface,->,12acfc45-bdfb-4343-9004-9be15dfd844c,991eb2a8-284a-4290-ae08-f54cf8834706,567f87b3-4cc7-43f9-9489-4a8b3527773d
12acfc45-bdfb-4343-9004-9be15dfd844c,server/model/players/skills/SmithingInterface.java,makeMithInterface,->,12acfc45-bdfb-4343-9004-9be15dfd844c,server/model/players/Client.java,getPA
12acfc45-bdfb-4343-9004-9be15dfd844c,server/model/players/skills/SmithingInterface.java,makeMithInterface,->,12acfc45-bdfb-4343-9004-9be15dfd844c,991eb2a8-284a-4290-ae08-f54cf8834706,567f87b3-4cc7-43f9-9489-4a8b3527773d
12acfc45-bdfb-4343-9004-9be15dfd844c,server/model/players/skills/SmithingInterface.java,makeMithInterface,->,12acfc45-bdfb-4343-9004-9be15dfd844c,server/model/players/Client.java,getPA
12acfc45-bdfb-4343-9004-9be15dfd844c,server/model/players/skills/SmithingInterface.java,makeMithInterface,->,12acfc45-bdfb-4343-9004-9be15dfd844c,991eb2a8-284a-4290-ae08-f54cf8834706,567f87b3-4cc7-43f9-9489-4a8b3527773d
12acfc45-bdfb-4343-9004-9be15dfd844c,server/model/players/skills/SmithingInterface.java,makeMithInterface,->,12acfc45-bdfb-4343-9004-9be15dfd844c,server/model/players/Client.java,getPA
12acfc45-bdfb-4343-9004-9be15dfd844c,server/model/players/skills/SmithingInterface.java,makeMithInterface,->,12acfc45-bdfb-4343-9004-9be15dfd844c,991eb2a8-284a-4290-ae08-f54cf8834706,567f87b3-4cc7-43f9-9489-4a8b3527773d
12acfc45-bdfb-4343-9004-9be15dfd844c,server/model/players/skills/SmithingInterface.java,makeMithInterface,->,12acfc45-bdfb-4343-9004-9be15dfd844c,server/model/players/Client.java,getPA
12acfc45-bdfb-4343-9004-9be15dfd844c,server/model/players/skills/SmithingInterface.java,makeMithInterface,->,12acfc45-bdfb-4343-9004-9be15dfd844c,991eb2a8-284a-4290-ae08-f54cf8834706,567f87b3-4cc7-43f9-9489-4a8b3527773d
12acfc45-bdfb-4343-9004-9be15dfd844c,server/model/players/skills/SmithingInterface.java,makeMithInterface,->,12acfc45-bdfb-4343-9004-9be15dfd844c,server/model/players/Client.java,getPA
12acfc45-bdfb-4343-9004-9be15dfd844c,server/model/players/skills/SmithingInterface.java,makeMithInterface,->,12acfc45-bdfb-4343-9004-9be15dfd844c,991eb2a8-284a-4290-ae08-f54cf8834706,567f87b3-4cc7-43f9-9489-4a8b3527773d
12acfc45-bdfb-4343-9004-9be15dfd844c,server/model/players/skills/SmithingInterface.java,makeMithInterface,->,12acfc45-bdfb-4343-9004-9be15dfd844c,server/model/players/Client.java,getPA
12acfc45-bdfb-4343-9004-9be15dfd844c,server/model/players/skills/SmithingInterface.java,makeMithInterface,->,12acfc45-bdfb-4343-9004-9be15dfd844c,991eb2a8-284a-4290-ae08-f54cf8834706,567f87b3-4cc7-43f9-9489-4a8b3527773d
12acfc45-bdfb-4343-9004-9be15dfd844c,server/model/players/skills/SmithingInterface.java,makeMithInterface,->,12acfc45-bdfb-4343-9004-9be15dfd844c,server/model/players/Client.java,getPA
12acfc45-bdfb-4343-9004-9be15dfd844c,server/model/players/skills/SmithingInterface.java,makeMithInterface,->,12acfc45-bdfb-4343-9004-9be15dfd844c,991eb2a8-284a-4290-ae08-f54cf8834706,567f87b3-4cc7-43f9-9489-4a8b3527773d
12acfc45-bdfb-4343-9004-9be15dfd844c,server/model/players/skills/SmithingInterface.java,makeMithInterface,->,12acfc45-bdfb-4343-9004-9be15dfd844c,server/model/players/Client.java,getPA
12acfc45-bdfb-4343-9004-9be15dfd844c,server/model/players/skills/SmithingInterface.java,makeMithInterface,->,12acfc45-bdfb-4343-9004-9be15dfd844c,991eb2a8-284a-4290-ae08-f54cf8834706,567f87b3-4cc7-43f9-9489-4a8b3527773d
12acfc45-bdfb-4343-9004-9be15dfd844c,server/model/players/skills/SmithingInterface.java,makeMithInterface,->,12acfc45-bdfb-4343-9004-9be15dfd844c,server/model/players/Client.java,getPA
12acfc45-bdfb-4343-9004-9be15dfd844c,server/model/players/skills/SmithingInterface.java,makeMithInterface,->,12acfc45-bdfb-4343-9004-9be15dfd844c,991eb2a8-284a-4290-ae08-f54cf8834706,567f87b3-4cc7-43f9-9489-4a8b3527773d
12acfc45-bdfb-4343-9004-9be15dfd844c,server/model/players/skills/SmithingInterface.java,makeMithInterface,->,12acfc45-bdfb-4343-9004-9be15dfd844c,server/model/players/Client.java,getPA
12acfc45-bdfb-4343-9004-9be15dfd844c,server/model/players/skills/SmithingInterface.java,makeMithInterface,->,12acfc45-bdfb-4343-9004-9be15dfd844c,991eb2a8-284a-4290-ae08-f54cf8834706,567f87b3-4cc7-43f9-9489-4a8b3527773d
12acfc45-bdfb-4343-9004-9be15dfd844c,server/model/players/skills/SmithingInterface.java,makeMithInterface,->,12acfc45-bdfb-4343-9004-9be15dfd844c,server/model/players/Client.java,getPA
12acfc45-bdfb-4343-9004-9be15dfd844c,server/model/players/skills/SmithingInterface.java,makeMithInterface,->,12acfc45-bdfb-4343-9004-9be15dfd844c,991eb2a8-284a-4290-ae08-f54cf8834706,567f87b3-4cc7-43f9-9489-4a8b3527773d
12acfc45-bdfb-4343-9004-9be15dfd844c,server/model/players/skills/SmithingInterface.java,makeMithInterface,->,12acfc45-bdfb-4343-9004-9be15dfd844c,server/model/players/Client.java,getPA
12acfc45-bdfb-4343-9004-9be15dfd844c,server/model/players/skills/SmithingInterface.java,makeMithInterface,->,12acfc45-bdfb-4343-9004-9be15dfd844c,991eb2a8-284a-4290-ae08-f54cf8834706,567f87b3-4cc7-43f9-9489-4a8b3527773d
12acfc45-bdfb-4343-9004-9be15dfd844c,server/model/players/skills/SmithingInterface.java,makeMithInterface,->,12acfc45-bdfb-4343-9004-9be15dfd844c,server/model/players/Client.java,getPA
12acfc45-bdfb-4343-9004-9be15dfd844c,server/model/players/skills/SmithingInterface.java,makeMithInterface,->,12acfc45-bdfb-4343-9004-9be15dfd844c,991eb2a8-284a-4290-ae08-f54cf8834706,609517a1-3a8b-4bd9-8623-3cae47c33a17
12acfc45-bdfb-4343-9004-9be15dfd844c,server/model/players/skills/SmithingInterface.java,makeMithInterface,->,12acfc45-bdfb-4343-9004-9be15dfd844c,server/model/players/Client.java,getPA
12acfc45-bdfb-4343-9004-9be15dfd844c,server/model/players/skills/SmithingInterface.java,makeMithInterface,->,12acfc45-bdfb-4343-9004-9be15dfd844c,991eb2a8-284a-4290-ae08-f54cf8834706,609517a1-3a8b-4bd9-8623-3cae47c33a17
12acfc45-bdfb-4343-9004-9be15dfd844c,server/model/players/skills/SmithingInterface.java,makeMithInterface,->,12acfc45-bdfb-4343-9004-9be15dfd844c,server/model/players/Client.java,getPA
12acfc45-bdfb-4343-9004-9be15dfd844c,server/model/players/skills/SmithingInterface.java,makeMithInterface,->,12acfc45-bdfb-4343-9004-9be15dfd844c,991eb2a8-284a-4290-ae08-f54cf8834706,609517a1-3a8b-4bd9-8623-3cae47c33a17
12acfc45-bdfb-4343-9004-9be15dfd844c,server/model/players/skills/SmithingInterface.java,makeMithInterface,->,12acfc45-bdfb-4343-9004-9be15dfd844c,server/model/players/Client.java,getPA
12acfc45-bdfb-4343-9004-9be15dfd844c,server/model/players/skills/SmithingInterface.java,makeMithInterface,->,12acfc45-bdfb-4343-9004-9be15dfd844c,991eb2a8-284a-4290-ae08-f54cf8834706,609517a1-3a8b-4bd9-8623-3cae47c33a17
12acfc45-bdfb-4343-9004-9be15dfd844c,server/model/players/skills/SmithingInterface.java,makeMithInterface,->,12acfc45-bdfb-4343-9004-9be15dfd844c,server/model/players/Client.java,getPA
12acfc45-bdfb-4343-9004-9be15dfd844c,server/model/players/skills/SmithingInterface.java,makeMithInterface,->,12acfc45-bdfb-4343-9004-9be15dfd844c,991eb2a8-284a-4290-ae08-f54cf8834706,609517a1-3a8b-4bd9-8623-3cae47c33a17
12acfc45-bdfb-4343-9004-9be15dfd844c,server/model/players/skills/SmithingInterface.java,makeMithInterface,->,12acfc45-bdfb-4343-9004-9be15dfd844c,server/model/players/Client.java,getPA
12acfc45-bdfb-4343-9004-9be15dfd844c,server/model/players/skills/SmithingInterface.java,makeMithInterface,->,12acfc45-bdfb-4343-9004-9be15dfd844c,991eb2a8-284a-4290-ae08-f54cf8834706,609517a1-3a8b-4bd9-8623-3cae47c33a17
12acfc45-bdfb-4343-9004-9be15dfd844c,server/model/players/skills/SmithingInterface.java,makeMithInterface,->,12acfc45-bdfb-4343-9004-9be15dfd844c,server/model/players/Client.java,getPA
12acfc45-bdfb-4343-9004-9be15dfd844c,server/model/players/skills/SmithingInterface.java,makeMithInterface,->,12acfc45-bdfb-4343-9004-9be15dfd844c,server/model/players/PlayerAssistant.java,showInterface
12acfc45-bdfb-4343-9004-9be15dfd844c,server/model/players/skills/SmithingInterface.java,makeSteelInterface,->,12acfc45-bdfb-4343-9004-9be15dfd844c,server/model/players/skills/SmithingInterface.java,GetForBars
12acfc45-bdfb-4343-9004-9be15dfd844c,server/model/players/skills/SmithingInterface.java,makeSteelInterface,->,12acfc45-bdfb-4343-9004-9be15dfd844c,server/model/players/skills/SmithingInterface.java,GetForBars
12acfc45-bdfb-4343-9004-9be15dfd844c,server/model/players/skills/SmithingInterface.java,makeSteelInterface,->,12acfc45-bdfb-4343-9004-9be15dfd844c,server/model/players/skills/SmithingInterface.java,GetForBars
12acfc45-bdfb-4343-9004-9be15dfd844c,server/model/players/skills/SmithingInterface.java,makeSteelInterface,->,12acfc45-bdfb-4343-9004-9be15dfd844c,server/model/players/skills/SmithingInterface.java,GetForBars
12acfc45-bdfb-4343-9004-9be15dfd844c,server/model/players/skills/SmithingInterface.java,makeSteelInterface,->,12acfc45-bdfb-4343-9004-9be15dfd844c,server/model/players/Client.java,getPA
12acfc45-bdfb-4343-9004-9be15dfd844c,server/model/players/skills/SmithingInterface.java,makeSteelInterface,->,12acfc45-bdfb-4343-9004-9be15dfd844c,java/lang/StringBuilder.java,append
12acfc45-bdfb-4343-9004-9be15dfd844c,server/model/players/skills/SmithingInterface.java,makeSteelInterface,->,12acfc45-bdfb-4343-9004-9be15dfd844c,java/lang/StringBuilder.java,append
12acfc45-bdfb-4343-9004-9be15dfd844c,server/model/players/skills/SmithingInterface.java,makeSteelInterface,->,12acfc45-bdfb-4343-9004-9be15dfd844c,java/lang/StringBuilder.java,append
12acfc45-bdfb-4343-9004-9be15dfd844c,server/model/players/skills/SmithingInterface.java,makeSteelInterface,->,12acfc45-bdfb-4343-9004-9be15dfd844c,java/lang/StringBuilder.java,toString
12acfc45-bdfb-4343-9004-9be15dfd844c,server/model/players/skills/SmithingInterface.java,makeSteelInterface,->,12acfc45-bdfb-4343-9004-9be15dfd844c,991eb2a8-284a-4290-ae08-f54cf8834706,609517a1-3a8b-4bd9-8623-3cae47c33a17
12acfc45-bdfb-4343-9004-9be15dfd844c,server/model/players/skills/SmithingInterface.java,makeSteelInterface,->,12acfc45-bdfb-4343-9004-9be15dfd844c,server/model/players/Client.java,getPA
12acfc45-bdfb-4343-9004-9be15dfd844c,server/model/players/skills/SmithingInterface.java,makeSteelInterface,->,12acfc45-bdfb-4343-9004-9be15dfd844c,java/lang/StringBuilder.java,append
12acfc45-bdfb-4343-9004-9be15dfd844c,server/model/players/skills/SmithingInterface.java,makeSteelInterface,->,12acfc45-bdfb-4343-9004-9be15dfd844c,java/lang/StringBuilder.java,append
12acfc45-bdfb-4343-9004-9be15dfd844c,server/model/players/skills/SmithingInterface.java,makeSteelInterface,->,12acfc45-bdfb-4343-9004-9be15dfd844c,java/lang/StringBuilder.java,append
12acfc45-bdfb-4343-9004-9be15dfd844c,server/model/players/skills/SmithingInterface.java,makeSteelInterface,->,12acfc45-bdfb-4343-9004-9be15dfd844c,java/lang/StringBuilder.java,toString
12acfc45-bdfb-4343-9004-9be15dfd844c,server/model/players/skills/SmithingInterface.java,makeSteelInterface,->,12acfc45-bdfb-4343-9004-9be15dfd844c,991eb2a8-284a-4290-ae08-f54cf8834706,609517a1-3a8b-4bd9-8623-3cae47c33a17
12acfc45-bdfb-4343-9004-9be15dfd844c,server/model/players/skills/SmithingInterface.java,makeSteelInterface,->,12acfc45-bdfb-4343-9004-9be15dfd844c,server/model/players/Client.java,getPA
12acfc45-bdfb-4343-9004-9be15dfd844c,server/model/players/skills/SmithingInterface.java,makeSteelInterface,->,12acfc45-bdfb-4343-9004-9be15dfd844c,java/lang/StringBuilder.java,append
12acfc45-bdfb-4343-9004-9be15dfd844c,server/model/players/skills/SmithingInterface.java,makeSteelInterface,->,12acfc45-bdfb-4343-9004-9be15dfd844c,java/lang/StringBuilder.java,append
12acfc45-bdfb-4343-9004-9be15dfd844c,server/model/players/skills/SmithingInterface.java,makeSteelInterface,->,12acfc45-bdfb-4343-9004-9be15dfd844c,java/lang/StringBuilder.java,append
12acfc45-bdfb-4343-9004-9be15dfd844c,server/model/players/skills/SmithingInterface.java,makeSteelInterface,->,12acfc45-bdfb-4343-9004-9be15dfd844c,java/lang/StringBuilder.java,toString
12acfc45-bdfb-4343-9004-9be15dfd844c,server/model/players/skills/SmithingInterface.java,makeSteelInterface,->,12acfc45-bdfb-4343-9004-9be15dfd844c,991eb2a8-284a-4290-ae08-f54cf8834706,609517a1-3a8b-4bd9-8623-3cae47c33a17
12acfc45-bdfb-4343-9004-9be15dfd844c,server/model/players/skills/SmithingInterface.java,makeSteelInterface,->,12acfc45-bdfb-4343-9004-9be15dfd844c,server/model/players/Client.java,getPA
12acfc45-bdfb-4343-9004-9be15dfd844c,server/model/players/skills/SmithingInterface.java,makeSteelInterface,->,12acfc45-bdfb-4343-9004-9be15dfd844c,java/lang/StringBuilder.java,append
12acfc45-bdfb-4343-9004-9be15dfd844c,server/model/players/skills/SmithingInterface.java,makeSteelInterface,->,12acfc45-bdfb-4343-9004-9be15dfd844c,java/lang/StringBuilder.java,append
12acfc45-bdfb-4343-9004-9be15dfd844c,server/model/players/skills/SmithingInterface.java,makeSteelInterface,->,12acfc45-bdfb-4343-9004-9be15dfd844c,java/lang/StringBuilder.java,append
12acfc45-bdfb-4343-9004-9be15dfd844c,server/model/players/skills/SmithingInterface.java,makeSteelInterface,->,12acfc45-bdfb-4343-9004-9be15dfd844c,java/lang/StringBuilder.java,toString
12acfc45-bdfb-4343-9004-9be15dfd844c,server/model/players/skills/SmithingInterface.java,makeSteelInterface,->,12acfc45-bdfb-4343-9004-9be15dfd844c,991eb2a8-284a-4290-ae08-f54cf8834706,609517a1-3a8b-4bd9-8623-3cae47c33a17
12acfc45-bdfb-4343-9004-9be15dfd844c,server/model/players/skills/SmithingInterface.java,makeSteelInterface,->,12acfc45-bdfb-4343-9004-9be15dfd844c,server/model/players/Client.java,getPA
12acfc45-bdfb-4343-9004-9be15dfd844c,server/model/players/skills/SmithingInterface.java,makeSteelInterface,->,12acfc45-bdfb-4343-9004-9be15dfd844c,java/lang/StringBuilder.java,append
12acfc45-bdfb-4343-9004-9be15dfd844c,server/model/players/skills/SmithingInterface.java,makeSteelInterface,->,12acfc45-bdfb-4343-9004-9be15dfd844c,java/lang/StringBuilder.java,append
12acfc45-bdfb-4343-9004-9be15dfd844c,server/model/players/skills/SmithingInterface.java,makeSteelInterface,->,12acfc45-bdfb-4343-9004-9be15dfd844c,java/lang/StringBuilder.java,append
12acfc45-bdfb-4343-9004-9be15dfd844c,server/model/players/skills/SmithingInterface.java,makeSteelInterface,->,12acfc45-bdfb-4343-9004-9be15dfd844c,java/lang/StringBuilder.java,toString
12acfc45-bdfb-4343-9004-9be15dfd844c,server/model/players/skills/SmithingInterface.java,makeSteelInterface,->,12acfc45-bdfb-4343-9004-9be15dfd844c,991eb2a8-284a-4290-ae08-f54cf8834706,609517a1-3a8b-4bd9-8623-3cae47c33a17
12acfc45-bdfb-4343-9004-9be15dfd844c,server/model/players/skills/SmithingInterface.java,makeSteelInterface,->,12acfc45-bdfb-4343-9004-9be15dfd844c,server/model/players/Client.java,getPA
12acfc45-bdfb-4343-9004-9be15dfd844c,server/model/players/skills/SmithingInterface.java,makeSteelInterface,->,12acfc45-bdfb-4343-9004-9be15dfd844c,java/lang/StringBuilder.java,append
12acfc45-bdfb-4343-9004-9be15dfd844c,server/model/players/skills/SmithingInterface.java,makeSteelInterface,->,12acfc45-bdfb-4343-9004-9be15dfd844c,java/lang/StringBuilder.java,append
12acfc45-bdfb-4343-9004-9be15dfd844c,server/model/players/skills/SmithingInterface.java,makeSteelInterface,->,12acfc45-bdfb-4343-9004-9be15dfd844c,java/lang/StringBuilder.java,append
12acfc45-bdfb-4343-9004-9be15dfd844c,server/model/players/skills/SmithingInterface.java,makeSteelInterface,->,12acfc45-bdfb-4343-9004-9be15dfd844c,java/lang/StringBuilder.java,toString
12acfc45-bdfb-4343-9004-9be15dfd844c,server/model/players/skills/SmithingInterface.java,makeSteelInterface,->,12acfc45-bdfb-4343-9004-9be15dfd844c,991eb2a8-284a-4290-ae08-f54cf8834706,609517a1-3a8b-4bd9-8623-3cae47c33a17
12acfc45-bdfb-4343-9004-9be15dfd844c,server/model/players/skills/SmithingInterface.java,makeSteelInterface,->,12acfc45-bdfb-4343-9004-9be15dfd844c,server/model/players/Client.java,getPA
12acfc45-bdfb-4343-9004-9be15dfd844c,server/model/players/skills/SmithingInterface.java,makeSteelInterface,->,12acfc45-bdfb-4343-9004-9be15dfd844c,java/lang/StringBuilder.java,append
12acfc45-bdfb-4343-9004-9be15dfd844c,server/model/players/skills/SmithingInterface.java,makeSteelInterface,->,12acfc45-bdfb-4343-9004-9be15dfd844c,java/lang/StringBuilder.java,append
12acfc45-bdfb-4343-9004-9be15dfd844c,server/model/players/skills/SmithingInterface.java,makeSteelInterface,->,12acfc45-bdfb-4343-9004-9be15dfd844c,java/lang/StringBuilder.java,append
12acfc45-bdfb-4343-9004-9be15dfd844c,server/model/players/skills/SmithingInterface.java,makeSteelInterface,->,12acfc45-bdfb-4343-9004-9be15dfd844c,java/lang/StringBuilder.java,toString
12acfc45-bdfb-4343-9004-9be15dfd844c,server/model/players/skills/SmithingInterface.java,makeSteelInterface,->,12acfc45-bdfb-4343-9004-9be15dfd844c,991eb2a8-284a-4290-ae08-f54cf8834706,609517a1-3a8b-4bd9-8623-3cae47c33a17
12acfc45-bdfb-4343-9004-9be15dfd844c,server/model/players/skills/SmithingInterface.java,makeSteelInterface,->,12acfc45-bdfb-4343-9004-9be15dfd844c,server/model/players/Client.java,getPA
12acfc45-bdfb-4343-9004-9be15dfd844c,server/model/players/skills/SmithingInterface.java,makeSteelInterface,->,12acfc45-bdfb-4343-9004-9be15dfd844c,java/lang/StringBuilder.java,append
12acfc45-bdfb-4343-9004-9be15dfd844c,server/model/players/skills/SmithingInterface.java,makeSteelInterface,->,12acfc45-bdfb-4343-9004-9be15dfd844c,java/lang/StringBuilder.java,append
12acfc45-bdfb-4343-9004-9be15dfd844c,server/model/players/skills/SmithingInterface.java,makeSteelInterface,->,12acfc45-bdfb-4343-9004-9be15dfd844c,java/lang/StringBuilder.java,append
12acfc45-bdfb-4343-9004-9be15dfd844c,server/model/players/skills/SmithingInterface.java,makeSteelInterface,->,12acfc45-bdfb-4343-9004-9be15dfd844c,java/lang/StringBuilder.java,toString
12acfc45-bdfb-4343-9004-9be15dfd844c,server/model/players/skills/SmithingInterface.java,makeSteelInterface,->,12acfc45-bdfb-4343-9004-9be15dfd844c,991eb2a8-284a-4290-ae08-f54cf8834706,609517a1-3a8b-4bd9-8623-3cae47c33a17
12acfc45-bdfb-4343-9004-9be15dfd844c,server/model/players/skills/SmithingInterface.java,makeSteelInterface,->,12acfc45-bdfb-4343-9004-9be15dfd844c,server/model/players/Client.java,getPA
12acfc45-bdfb-4343-9004-9be15dfd844c,server/model/players/skills/SmithingInterface.java,makeSteelInterface,->,12acfc45-bdfb-4343-9004-9be15dfd844c,java/lang/StringBuilder.java,append
12acfc45-bdfb-4343-9004-9be15dfd844c,server/model/players/skills/SmithingInterface.java,makeSteelInterface,->,12acfc45-bdfb-4343-9004-9be15dfd844c,java/lang/StringBuilder.java,append
12acfc45-bdfb-4343-9004-9be15dfd844c,server/model/players/skills/SmithingInterface.java,makeSteelInterface,->,12acfc45-bdfb-4343-9004-9be15dfd844c,java/lang/StringBuilder.java,append
12acfc45-bdfb-4343-9004-9be15dfd844c,server/model/players/skills/SmithingInterface.java,makeSteelInterface,->,12acfc45-bdfb-4343-9004-9be15dfd844c,java/lang/StringBuilder.java,toString
12acfc45-bdfb-4343-9004-9be15dfd844c,server/model/players/skills/SmithingInterface.java,makeSteelInterface,->,12acfc45-bdfb-4343-9004-9be15dfd844c,991eb2a8-284a-4290-ae08-f54cf8834706,609517a1-3a8b-4bd9-8623-3cae47c33a17
12acfc45-bdfb-4343-9004-9be15dfd844c,server/model/players/skills/SmithingInterface.java,makeSteelInterface,->,12acfc45-bdfb-4343-9004-9be15dfd844c,server/model/players/Client.java,getPA
12acfc45-bdfb-4343-9004-9be15dfd844c,server/model/players/skills/SmithingInterface.java,makeSteelInterface,->,12acfc45-bdfb-4343-9004-9be15dfd844c,java/lang/StringBuilder.java,append
12acfc45-bdfb-4343-9004-9be15dfd844c,server/model/players/skills/SmithingInterface.java,makeSteelInterface,->,12acfc45-bdfb-4343-9004-9be15dfd844c,java/lang/StringBuilder.java,append
12acfc45-bdfb-4343-9004-9be15dfd844c,server/model/players/skills/SmithingInterface.java,makeSteelInterface,->,12acfc45-bdfb-4343-9004-9be15dfd844c,java/lang/StringBuilder.java,append
12acfc45-bdfb-4343-9004-9be15dfd844c,server/model/players/skills/SmithingInterface.java,makeSteelInterface,->,12acfc45-bdfb-4343-9004-9be15dfd844c,java/lang/StringBuilder.java,toString
12acfc45-bdfb-4343-9004-9be15dfd844c,server/model/players/skills/SmithingInterface.java,makeSteelInterface,->,12acfc45-bdfb-4343-9004-9be15dfd844c,991eb2a8-284a-4290-ae08-f54cf8834706,609517a1-3a8b-4bd9-8623-3cae47c33a17
12acfc45-bdfb-4343-9004-9be15dfd844c,server/model/players/skills/SmithingInterface.java,makeSteelInterface,->,12acfc45-bdfb-4343-9004-9be15dfd844c,server/model/players/Client.java,getPA
12acfc45-bdfb-4343-9004-9be15dfd844c,server/model/players/skills/SmithingInterface.java,makeSteelInterface,->,12acfc45-bdfb-4343-9004-9be15dfd844c,java/lang/StringBuilder.java,append
12acfc45-bdfb-4343-9004-9be15dfd844c,server/model/players/skills/SmithingInterface.java,makeSteelInterface,->,12acfc45-bdfb-4343-9004-9be15dfd844c,java/lang/StringBuilder.java,append
12acfc45-bdfb-4343-9004-9be15dfd844c,server/model/players/skills/SmithingInterface.java,makeSteelInterface,->,12acfc45-bdfb-4343-9004-9be15dfd844c,java/lang/StringBuilder.java,append
12acfc45-bdfb-4343-9004-9be15dfd844c,server/model/players/skills/SmithingInterface.java,makeSteelInterface,->,12acfc45-bdfb-4343-9004-9be15dfd844c,java/lang/StringBuilder.java,toString
12acfc45-bdfb-4343-9004-9be15dfd844c,server/model/players/skills/SmithingInterface.java,makeSteelInterface,->,12acfc45-bdfb-4343-9004-9be15dfd844c,991eb2a8-284a-4290-ae08-f54cf8834706,609517a1-3a8b-4bd9-8623-3cae47c33a17
12acfc45-bdfb-4343-9004-9be15dfd844c,server/model/players/skills/SmithingInterface.java,makeSteelInterface,->,12acfc45-bdfb-4343-9004-9be15dfd844c,server/model/players/Client.java,getPA
12acfc45-bdfb-4343-9004-9be15dfd844c,server/model/players/skills/SmithingInterface.java,makeSteelInterface,->,12acfc45-bdfb-4343-9004-9be15dfd844c,java/lang/StringBuilder.java,append
12acfc45-bdfb-4343-9004-9be15dfd844c,server/model/players/skills/SmithingInterface.java,makeSteelInterface,->,12acfc45-bdfb-4343-9004-9be15dfd844c,java/lang/StringBuilder.java,append
12acfc45-bdfb-4343-9004-9be15dfd844c,server/model/players/skills/SmithingInterface.java,makeSteelInterface,->,12acfc45-bdfb-4343-9004-9be15dfd844c,java/lang/StringBuilder.java,append
12acfc45-bdfb-4343-9004-9be15dfd844c,server/model/players/skills/SmithingInterface.java,makeSteelInterface,->,12acfc45-bdfb-4343-9004-9be15dfd844c,java/lang/StringBuilder.java,toString
12acfc45-bdfb-4343-9004-9be15dfd844c,server/model/players/skills/SmithingInterface.java,makeSteelInterface,->,12acfc45-bdfb-4343-9004-9be15dfd844c,991eb2a8-284a-4290-ae08-f54cf8834706,609517a1-3a8b-4bd9-8623-3cae47c33a17
12acfc45-bdfb-4343-9004-9be15dfd844c,server/model/players/skills/SmithingInterface.java,makeSteelInterface,->,12acfc45-bdfb-4343-9004-9be15dfd844c,server/model/players/Client.java,getPA
12acfc45-bdfb-4343-9004-9be15dfd844c,server/model/players/skills/SmithingInterface.java,makeSteelInterface,->,12acfc45-bdfb-4343-9004-9be15dfd844c,java/lang/StringBuilder.java,append
12acfc45-bdfb-4343-9004-9be15dfd844c,server/model/players/skills/SmithingInterface.java,makeSteelInterface,->,12acfc45-bdfb-4343-9004-9be15dfd844c,java/lang/StringBuilder.java,append
12acfc45-bdfb-4343-9004-9be15dfd844c,server/model/players/skills/SmithingInterface.java,makeSteelInterface,->,12acfc45-bdfb-4343-9004-9be15dfd844c,java/lang/StringBuilder.java,append
12acfc45-bdfb-4343-9004-9be15dfd844c,server/model/players/skills/SmithingInterface.java,makeSteelInterface,->,12acfc45-bdfb-4343-9004-9be15dfd844c,java/lang/StringBuilder.java,toString
12acfc45-bdfb-4343-9004-9be15dfd844c,server/model/players/skills/SmithingInterface.java,makeSteelInterface,->,12acfc45-bdfb-4343-9004-9be15dfd844c,991eb2a8-284a-4290-ae08-f54cf8834706,609517a1-3a8b-4bd9-8623-3cae47c33a17
12acfc45-bdfb-4343-9004-9be15dfd844c,server/model/players/skills/SmithingInterface.java,makeSteelInterface,->,12acfc45-bdfb-4343-9004-9be15dfd844c,server/model/players/Client.java,getPA
12acfc45-bdfb-4343-9004-9be15dfd844c,server/model/players/skills/SmithingInterface.java,makeSteelInterface,->,12acfc45-bdfb-4343-9004-9be15dfd844c,java/lang/StringBuilder.java,append
12acfc45-bdfb-4343-9004-9be15dfd844c,server/model/players/skills/SmithingInterface.java,makeSteelInterface,->,12acfc45-bdfb-4343-9004-9be15dfd844c,java/lang/StringBuilder.java,append
12acfc45-bdfb-4343-9004-9be15dfd844c,server/model/players/skills/SmithingInterface.java,makeSteelInterface,->,12acfc45-bdfb-4343-9004-9be15dfd844c,java/lang/StringBuilder.java,append
12acfc45-bdfb-4343-9004-9be15dfd844c,server/model/players/skills/SmithingInterface.java,makeSteelInterface,->,12acfc45-bdfb-4343-9004-9be15dfd844c,java/lang/StringBuilder.java,toString
12acfc45-bdfb-4343-9004-9be15dfd844c,server/model/players/skills/SmithingInterface.java,makeSteelInterface,->,12acfc45-bdfb-4343-9004-9be15dfd844c,991eb2a8-284a-4290-ae08-f54cf8834706,609517a1-3a8b-4bd9-8623-3cae47c33a17
12acfc45-bdfb-4343-9004-9be15dfd844c,server/model/players/skills/SmithingInterface.java,makeSteelInterface,->,12acfc45-bdfb-4343-9004-9be15dfd844c,server/model/players/Client.java,getPA
12acfc45-bdfb-4343-9004-9be15dfd844c,server/model/players/skills/SmithingInterface.java,makeSteelInterface,->,12acfc45-bdfb-4343-9004-9be15dfd844c,java/lang/StringBuilder.java,append
12acfc45-bdfb-4343-9004-9be15dfd844c,server/model/players/skills/SmithingInterface.java,makeSteelInterface,->,12acfc45-bdfb-4343-9004-9be15dfd844c,java/lang/StringBuilder.java,append
12acfc45-bdfb-4343-9004-9be15dfd844c,server/model/players/skills/SmithingInterface.java,makeSteelInterface,->,12acfc45-bdfb-4343-9004-9be15dfd844c,java/lang/StringBuilder.java,append
12acfc45-bdfb-4343-9004-9be15dfd844c,server/model/players/skills/SmithingInterface.java,makeSteelInterface,->,12acfc45-bdfb-4343-9004-9be15dfd844c,java/lang/StringBuilder.java,toString
12acfc45-bdfb-4343-9004-9be15dfd844c,server/model/players/skills/SmithingInterface.java,makeSteelInterface,->,12acfc45-bdfb-4343-9004-9be15dfd844c,991eb2a8-284a-4290-ae08-f54cf8834706,609517a1-3a8b-4bd9-8623-3cae47c33a17
12acfc45-bdfb-4343-9004-9be15dfd844c,server/model/players/skills/SmithingInterface.java,makeSteelInterface,->,12acfc45-bdfb-4343-9004-9be15dfd844c,server/model/players/Client.java,getPA
12acfc45-bdfb-4343-9004-9be15dfd844c,server/model/players/skills/SmithingInterface.java,makeSteelInterface,->,12acfc45-bdfb-4343-9004-9be15dfd844c,java/lang/StringBuilder.java,append
12acfc45-bdfb-4343-9004-9be15dfd844c,server/model/players/skills/SmithingInterface.java,makeSteelInterface,->,12acfc45-bdfb-4343-9004-9be15dfd844c,java/lang/StringBuilder.java,append
12acfc45-bdfb-4343-9004-9be15dfd844c,server/model/players/skills/SmithingInterface.java,makeSteelInterface,->,12acfc45-bdfb-4343-9004-9be15dfd844c,java/lang/StringBuilder.java,append
12acfc45-bdfb-4343-9004-9be15dfd844c,server/model/players/skills/SmithingInterface.java,makeSteelInterface,->,12acfc45-bdfb-4343-9004-9be15dfd844c,java/lang/StringBuilder.java,toString
12acfc45-bdfb-4343-9004-9be15dfd844c,server/model/players/skills/SmithingInterface.java,makeSteelInterface,->,12acfc45-bdfb-4343-9004-9be15dfd844c,991eb2a8-284a-4290-ae08-f54cf8834706,609517a1-3a8b-4bd9-8623-3cae47c33a17
12acfc45-bdfb-4343-9004-9be15dfd844c,server/model/players/skills/SmithingInterface.java,makeSteelInterface,->,12acfc45-bdfb-4343-9004-9be15dfd844c,server/model/players/Client.java,getPA
12acfc45-bdfb-4343-9004-9be15dfd844c,server/model/players/skills/SmithingInterface.java,makeSteelInterface,->,12acfc45-bdfb-4343-9004-9be15dfd844c,java/lang/StringBuilder.java,append
12acfc45-bdfb-4343-9004-9be15dfd844c,server/model/players/skills/SmithingInterface.java,makeSteelInterface,->,12acfc45-bdfb-4343-9004-9be15dfd844c,java/lang/StringBuilder.java,append
12acfc45-bdfb-4343-9004-9be15dfd844c,server/model/players/skills/SmithingInterface.java,makeSteelInterface,->,12acfc45-bdfb-4343-9004-9be15dfd844c,java/lang/StringBuilder.java,append
12acfc45-bdfb-4343-9004-9be15dfd844c,server/model/players/skills/SmithingInterface.java,makeSteelInterface,->,12acfc45-bdfb-4343-9004-9be15dfd844c,java/lang/StringBuilder.java,toString
12acfc45-bdfb-4343-9004-9be15dfd844c,server/model/players/skills/SmithingInterface.java,makeSteelInterface,->,12acfc45-bdfb-4343-9004-9be15dfd844c,991eb2a8-284a-4290-ae08-f54cf8834706,609517a1-3a8b-4bd9-8623-3cae47c33a17
12acfc45-bdfb-4343-9004-9be15dfd844c,server/model/players/skills/SmithingInterface.java,makeSteelInterface,->,12acfc45-bdfb-4343-9004-9be15dfd844c,server/model/players/Client.java,getPA
12acfc45-bdfb-4343-9004-9be15dfd844c,server/model/players/skills/SmithingInterface.java,makeSteelInterface,->,12acfc45-bdfb-4343-9004-9be15dfd844c,java/lang/StringBuilder.java,append
12acfc45-bdfb-4343-9004-9be15dfd844c,server/model/players/skills/SmithingInterface.java,makeSteelInterface,->,12acfc45-bdfb-4343-9004-9be15dfd844c,java/lang/StringBuilder.java,append
12acfc45-bdfb-4343-9004-9be15dfd844c,server/model/players/skills/SmithingInterface.java,makeSteelInterface,->,12acfc45-bdfb-4343-9004-9be15dfd844c,java/lang/StringBuilder.java,append
12acfc45-bdfb-4343-9004-9be15dfd844c,server/model/players/skills/SmithingInterface.java,makeSteelInterface,->,12acfc45-bdfb-4343-9004-9be15dfd844c,java/lang/StringBuilder.java,toString
12acfc45-bdfb-4343-9004-9be15dfd844c,server/model/players/skills/SmithingInterface.java,makeSteelInterface,->,12acfc45-bdfb-4343-9004-9be15dfd844c,991eb2a8-284a-4290-ae08-f54cf8834706,609517a1-3a8b-4bd9-8623-3cae47c33a17
12acfc45-bdfb-4343-9004-9be15dfd844c,server/model/players/skills/SmithingInterface.java,makeSteelInterface,->,12acfc45-bdfb-4343-9004-9be15dfd844c,server/model/players/Client.java,getPA
12acfc45-bdfb-4343-9004-9be15dfd844c,server/model/players/skills/SmithingInterface.java,makeSteelInterface,->,12acfc45-bdfb-4343-9004-9be15dfd844c,java/lang/StringBuilder.java,append
12acfc45-bdfb-4343-9004-9be15dfd844c,server/model/players/skills/SmithingInterface.java,makeSteelInterface,->,12acfc45-bdfb-4343-9004-9be15dfd844c,java/lang/StringBuilder.java,append
12acfc45-bdfb-4343-9004-9be15dfd844c,server/model/players/skills/SmithingInterface.java,makeSteelInterface,->,12acfc45-bdfb-4343-9004-9be15dfd844c,java/lang/StringBuilder.java,append
12acfc45-bdfb-4343-9004-9be15dfd844c,server/model/players/skills/SmithingInterface.java,makeSteelInterface,->,12acfc45-bdfb-4343-9004-9be15dfd844c,java/lang/StringBuilder.java,toString
12acfc45-bdfb-4343-9004-9be15dfd844c,server/model/players/skills/SmithingInterface.java,makeSteelInterface,->,12acfc45-bdfb-4343-9004-9be15dfd844c,991eb2a8-284a-4290-ae08-f54cf8834706,609517a1-3a8b-4bd9-8623-3cae47c33a17
12acfc45-bdfb-4343-9004-9be15dfd844c,server/model/players/skills/SmithingInterface.java,makeSteelInterface,->,12acfc45-bdfb-4343-9004-9be15dfd844c,server/model/players/Client.java,getPA
12acfc45-bdfb-4343-9004-9be15dfd844c,server/model/players/skills/SmithingInterface.java,makeSteelInterface,->,12acfc45-bdfb-4343-9004-9be15dfd844c,java/lang/StringBuilder.java,append
12acfc45-bdfb-4343-9004-9be15dfd844c,server/model/players/skills/SmithingInterface.java,makeSteelInterface,->,12acfc45-bdfb-4343-9004-9be15dfd844c,java/lang/StringBuilder.java,append
12acfc45-bdfb-4343-9004-9be15dfd844c,server/model/players/skills/SmithingInterface.java,makeSteelInterface,->,12acfc45-bdfb-4343-9004-9be15dfd844c,java/lang/StringBuilder.java,append
12acfc45-bdfb-4343-9004-9be15dfd844c,server/model/players/skills/SmithingInterface.java,makeSteelInterface,->,12acfc45-bdfb-4343-9004-9be15dfd844c,java/lang/StringBuilder.java,toString
12acfc45-bdfb-4343-9004-9be15dfd844c,server/model/players/skills/SmithingInterface.java,makeSteelInterface,->,12acfc45-bdfb-4343-9004-9be15dfd844c,991eb2a8-284a-4290-ae08-f54cf8834706,609517a1-3a8b-4bd9-8623-3cae47c33a17
12acfc45-bdfb-4343-9004-9be15dfd844c,server/model/players/skills/SmithingInterface.java,makeSteelInterface,->,12acfc45-bdfb-4343-9004-9be15dfd844c,server/model/players/Client.java,getPA
12acfc45-bdfb-4343-9004-9be15dfd844c,server/model/players/skills/SmithingInterface.java,makeSteelInterface,->,12acfc45-bdfb-4343-9004-9be15dfd844c,java/lang/StringBuilder.java,append
12acfc45-bdfb-4343-9004-9be15dfd844c,server/model/players/skills/SmithingInterface.java,makeSteelInterface,->,12acfc45-bdfb-4343-9004-9be15dfd844c,java/lang/StringBuilder.java,append
12acfc45-bdfb-4343-9004-9be15dfd844c,server/model/players/skills/SmithingInterface.java,makeSteelInterface,->,12acfc45-bdfb-4343-9004-9be15dfd844c,java/lang/StringBuilder.java,append
12acfc45-bdfb-4343-9004-9be15dfd844c,server/model/players/skills/SmithingInterface.java,makeSteelInterface,->,12acfc45-bdfb-4343-9004-9be15dfd844c,java/lang/StringBuilder.java,toString
12acfc45-bdfb-4343-9004-9be15dfd844c,server/model/players/skills/SmithingInterface.java,makeSteelInterface,->,12acfc45-bdfb-4343-9004-9be15dfd844c,991eb2a8-284a-4290-ae08-f54cf8834706,609517a1-3a8b-4bd9-8623-3cae47c33a17
12acfc45-bdfb-4343-9004-9be15dfd844c,server/model/players/skills/SmithingInterface.java,makeSteelInterface,->,12acfc45-bdfb-4343-9004-9be15dfd844c,server/model/players/Client.java,getPA
12acfc45-bdfb-4343-9004-9be15dfd844c,server/model/players/skills/SmithingInterface.java,makeSteelInterface,->,12acfc45-bdfb-4343-9004-9be15dfd844c,java/lang/StringBuilder.java,append
12acfc45-bdfb-4343-9004-9be15dfd844c,server/model/players/skills/SmithingInterface.java,makeSteelInterface,->,12acfc45-bdfb-4343-9004-9be15dfd844c,java/lang/StringBuilder.java,append
12acfc45-bdfb-4343-9004-9be15dfd844c,server/model/players/skills/SmithingInterface.java,makeSteelInterface,->,12acfc45-bdfb-4343-9004-9be15dfd844c,java/lang/StringBuilder.java,append
12acfc45-bdfb-4343-9004-9be15dfd844c,server/model/players/skills/SmithingInterface.java,makeSteelInterface,->,12acfc45-bdfb-4343-9004-9be15dfd844c,java/lang/StringBuilder.java,toString
12acfc45-bdfb-4343-9004-9be15dfd844c,server/model/players/skills/SmithingInterface.java,makeSteelInterface,->,12acfc45-bdfb-4343-9004-9be15dfd844c,991eb2a8-284a-4290-ae08-f54cf8834706,609517a1-3a8b-4bd9-8623-3cae47c33a17
12acfc45-bdfb-4343-9004-9be15dfd844c,server/model/players/skills/SmithingInterface.java,makeSteelInterface,->,12acfc45-bdfb-4343-9004-9be15dfd844c,server/model/players/Client.java,getPA
12acfc45-bdfb-4343-9004-9be15dfd844c,server/model/players/skills/SmithingInterface.java,makeSteelInterface,->,12acfc45-bdfb-4343-9004-9be15dfd844c,java/lang/StringBuilder.java,append
12acfc45-bdfb-4343-9004-9be15dfd844c,server/model/players/skills/SmithingInterface.java,makeSteelInterface,->,12acfc45-bdfb-4343-9004-9be15dfd844c,java/lang/StringBuilder.java,append
12acfc45-bdfb-4343-9004-9be15dfd844c,server/model/players/skills/SmithingInterface.java,makeSteelInterface,->,12acfc45-bdfb-4343-9004-9be15dfd844c,java/lang/StringBuilder.java,append
12acfc45-bdfb-4343-9004-9be15dfd844c,server/model/players/skills/SmithingInterface.java,makeSteelInterface,->,12acfc45-bdfb-4343-9004-9be15dfd844c,java/lang/StringBuilder.java,toString
12acfc45-bdfb-4343-9004-9be15dfd844c,server/model/players/skills/SmithingInterface.java,makeSteelInterface,->,12acfc45-bdfb-4343-9004-9be15dfd844c,991eb2a8-284a-4290-ae08-f54cf8834706,609517a1-3a8b-4bd9-8623-3cae47c33a17
12acfc45-bdfb-4343-9004-9be15dfd844c,server/model/players/skills/SmithingInterface.java,makeSteelInterface,->,12acfc45-bdfb-4343-9004-9be15dfd844c,server/model/players/Client.java,getPA
12acfc45-bdfb-4343-9004-9be15dfd844c,server/model/players/skills/SmithingInterface.java,makeSteelInterface,->,12acfc45-bdfb-4343-9004-9be15dfd844c,java/lang/StringBuilder.java,append
12acfc45-bdfb-4343-9004-9be15dfd844c,server/model/players/skills/SmithingInterface.java,makeSteelInterface,->,12acfc45-bdfb-4343-9004-9be15dfd844c,java/lang/StringBuilder.java,append
12acfc45-bdfb-4343-9004-9be15dfd844c,server/model/players/skills/SmithingInterface.java,makeSteelInterface,->,12acfc45-bdfb-4343-9004-9be15dfd844c,java/lang/StringBuilder.java,append
12acfc45-bdfb-4343-9004-9be15dfd844c,server/model/players/skills/SmithingInterface.java,makeSteelInterface,->,12acfc45-bdfb-4343-9004-9be15dfd844c,java/lang/StringBuilder.java,toString
12acfc45-bdfb-4343-9004-9be15dfd844c,server/model/players/skills/SmithingInterface.java,makeSteelInterface,->,12acfc45-bdfb-4343-9004-9be15dfd844c,991eb2a8-284a-4290-ae08-f54cf8834706,609517a1-3a8b-4bd9-8623-3cae47c33a17
12acfc45-bdfb-4343-9004-9be15dfd844c,server/model/players/skills/SmithingInterface.java,makeSteelInterface,->,12acfc45-bdfb-4343-9004-9be15dfd844c,server/model/players/Client.java,getPA
12acfc45-bdfb-4343-9004-9be15dfd844c,server/model/players/skills/SmithingInterface.java,makeSteelInterface,->,12acfc45-bdfb-4343-9004-9be15dfd844c,991eb2a8-284a-4290-ae08-f54cf8834706,609517a1-3a8b-4bd9-8623-3cae47c33a17
12acfc45-bdfb-4343-9004-9be15dfd844c,server/model/players/skills/SmithingInterface.java,makeSteelInterface,->,12acfc45-bdfb-4343-9004-9be15dfd844c,server/model/players/Client.java,getPA
12acfc45-bdfb-4343-9004-9be15dfd844c,server/model/players/skills/SmithingInterface.java,makeSteelInterface,->,12acfc45-bdfb-4343-9004-9be15dfd844c,server/model/players/skills/SmithingInterface.java,GetForlvl
12acfc45-bdfb-4343-9004-9be15dfd844c,server/model/players/skills/SmithingInterface.java,makeSteelInterface,->,12acfc45-bdfb-4343-9004-9be15dfd844c,java/lang/StringBuilder.java,append
12acfc45-bdfb-4343-9004-9be15dfd844c,server/model/players/skills/SmithingInterface.java,makeSteelInterface,->,12acfc45-bdfb-4343-9004-9be15dfd844c,java/lang/StringBuilder.java,append
12acfc45-bdfb-4343-9004-9be15dfd844c,server/model/players/skills/SmithingInterface.java,makeSteelInterface,->,12acfc45-bdfb-4343-9004-9be15dfd844c,server/model/players/skills/SmithingInterface.java,GetForlvl
12acfc45-bdfb-4343-9004-9be15dfd844c,server/model/players/skills/SmithingInterface.java,makeSteelInterface,->,12acfc45-bdfb-4343-9004-9be15dfd844c,java/lang/StringBuilder.java,append
12acfc45-bdfb-4343-9004-9be15dfd844c,server/model/players/skills/SmithingInterface.java,makeSteelInterface,->,12acfc45-bdfb-4343-9004-9be15dfd844c,java/lang/StringBuilder.java,toString
12acfc45-bdfb-4343-9004-9be15dfd844c,server/model/players/skills/SmithingInterface.java,makeSteelInterface,->,12acfc45-bdfb-4343-9004-9be15dfd844c,991eb2a8-284a-4290-ae08-f54cf8834706,609517a1-3a8b-4bd9-8623-3cae47c33a17
12acfc45-bdfb-4343-9004-9be15dfd844c,server/model/players/skills/SmithingInterface.java,makeSteelInterface,->,12acfc45-bdfb-4343-9004-9be15dfd844c,server/model/players/Client.java,getPA
12acfc45-bdfb-4343-9004-9be15dfd844c,server/model/players/skills/SmithingInterface.java,makeSteelInterface,->,12acfc45-bdfb-4343-9004-9be15dfd844c,server/model/players/skills/SmithingInterface.java,GetForlvl
12acfc45-bdfb-4343-9004-9be15dfd844c,server/model/players/skills/SmithingInterface.java,makeSteelInterface,->,12acfc45-bdfb-4343-9004-9be15dfd844c,java/lang/StringBuilder.java,append
12acfc45-bdfb-4343-9004-9be15dfd844c,server/model/players/skills/SmithingInterface.java,makeSteelInterface,->,12acfc45-bdfb-4343-9004-9be15dfd844c,java/lang/StringBuilder.java,append
12acfc45-bdfb-4343-9004-9be15dfd844c,server/model/players/skills/SmithingInterface.java,makeSteelInterface,->,12acfc45-bdfb-4343-9004-9be15dfd844c,server/model/players/skills/SmithingInterface.java,GetForlvl
12acfc45-bdfb-4343-9004-9be15dfd844c,server/model/players/skills/SmithingInterface.java,makeSteelInterface,->,12acfc45-bdfb-4343-9004-9be15dfd844c,java/lang/StringBuilder.java,append
12acfc45-bdfb-4343-9004-9be15dfd844c,server/model/players/skills/SmithingInterface.java,makeSteelInterface,->,12acfc45-bdfb-4343-9004-9be15dfd844c,java/lang/StringBuilder.java,toString
12acfc45-bdfb-4343-9004-9be15dfd844c,server/model/players/skills/SmithingInterface.java,makeSteelInterface,->,12acfc45-bdfb-4343-9004-9be15dfd844c,991eb2a8-284a-4290-ae08-f54cf8834706,609517a1-3a8b-4bd9-8623-3cae47c33a17
12acfc45-bdfb-4343-9004-9be15dfd844c,server/model/players/skills/SmithingInterface.java,makeSteelInterface,->,12acfc45-bdfb-4343-9004-9be15dfd844c,server/model/players/Client.java,getPA
12acfc45-bdfb-4343-9004-9be15dfd844c,server/model/players/skills/SmithingInterface.java,makeSteelInterface,->,12acfc45-bdfb-4343-9004-9be15dfd844c,server/model/players/skills/SmithingInterface.java,GetForlvl
12acfc45-bdfb-4343-9004-9be15dfd844c,server/model/players/skills/SmithingInterface.java,makeSteelInterface,->,12acfc45-bdfb-4343-9004-9be15dfd844c,java/lang/StringBuilder.java,append
12acfc45-bdfb-4343-9004-9be15dfd844c,server/model/players/skills/SmithingInterface.java,makeSteelInterface,->,12acfc45-bdfb-4343-9004-9be15dfd844c,java/lang/StringBuilder.java,append
12acfc45-bdfb-4343-9004-9be15dfd844c,server/model/players/skills/SmithingInterface.java,makeSteelInterface,->,12acfc45-bdfb-4343-9004-9be15dfd844c,server/model/players/skills/SmithingInterface.java,GetForlvl
12acfc45-bdfb-4343-9004-9be15dfd844c,server/model/players/skills/SmithingInterface.java,makeSteelInterface,->,12acfc45-bdfb-4343-9004-9be15dfd844c,java/lang/StringBuilder.java,append
12acfc45-bdfb-4343-9004-9be15dfd844c,server/model/players/skills/SmithingInterface.java,makeSteelInterface,->,12acfc45-bdfb-4343-9004-9be15dfd844c,java/lang/StringBuilder.java,toString
12acfc45-bdfb-4343-9004-9be15dfd844c,server/model/players/skills/SmithingInterface.java,makeSteelInterface,->,12acfc45-bdfb-4343-9004-9be15dfd844c,991eb2a8-284a-4290-ae08-f54cf8834706,609517a1-3a8b-4bd9-8623-3cae47c33a17
12acfc45-bdfb-4343-9004-9be15dfd844c,server/model/players/skills/SmithingInterface.java,makeSteelInterface,->,12acfc45-bdfb-4343-9004-9be15dfd844c,server/model/players/Client.java,getPA
12acfc45-bdfb-4343-9004-9be15dfd844c,server/model/players/skills/SmithingInterface.java,makeSteelInterface,->,12acfc45-bdfb-4343-9004-9be15dfd844c,server/model/players/skills/SmithingInterface.java,GetForlvl
12acfc45-bdfb-4343-9004-9be15dfd844c,server/model/players/skills/SmithingInterface.java,makeSteelInterface,->,12acfc45-bdfb-4343-9004-9be15dfd844c,java/lang/StringBuilder.java,append
12acfc45-bdfb-4343-9004-9be15dfd844c,server/model/players/skills/SmithingInterface.java,makeSteelInterface,->,12acfc45-bdfb-4343-9004-9be15dfd844c,java/lang/StringBuilder.java,append
12acfc45-bdfb-4343-9004-9be15dfd844c,server/model/players/skills/SmithingInterface.java,makeSteelInterface,->,12acfc45-bdfb-4343-9004-9be15dfd844c,server/model/players/skills/SmithingInterface.java,GetForlvl
12acfc45-bdfb-4343-9004-9be15dfd844c,server/model/players/skills/SmithingInterface.java,makeSteelInterface,->,12acfc45-bdfb-4343-9004-9be15dfd844c,java/lang/StringBuilder.java,append
12acfc45-bdfb-4343-9004-9be15dfd844c,server/model/players/skills/SmithingInterface.java,makeSteelInterface,->,12acfc45-bdfb-4343-9004-9be15dfd844c,java/lang/StringBuilder.java,toString
12acfc45-bdfb-4343-9004-9be15dfd844c,server/model/players/skills/SmithingInterface.java,makeSteelInterface,->,12acfc45-bdfb-4343-9004-9be15dfd844c,991eb2a8-284a-4290-ae08-f54cf8834706,609517a1-3a8b-4bd9-8623-3cae47c33a17
12acfc45-bdfb-4343-9004-9be15dfd844c,server/model/players/skills/SmithingInterface.java,makeSteelInterface,->,12acfc45-bdfb-4343-9004-9be15dfd844c,server/model/players/Client.java,getPA
12acfc45-bdfb-4343-9004-9be15dfd844c,server/model/players/skills/SmithingInterface.java,makeSteelInterface,->,12acfc45-bdfb-4343-9004-9be15dfd844c,server/model/players/skills/SmithingInterface.java,GetForlvl
12acfc45-bdfb-4343-9004-9be15dfd844c,server/model/players/skills/SmithingInterface.java,makeSteelInterface,->,12acfc45-bdfb-4343-9004-9be15dfd844c,java/lang/StringBuilder.java,append
12acfc45-bdfb-4343-9004-9be15dfd844c,server/model/players/skills/SmithingInterface.java,makeSteelInterface,->,12acfc45-bdfb-4343-9004-9be15dfd844c,java/lang/StringBuilder.java,append
12acfc45-bdfb-4343-9004-9be15dfd844c,server/model/players/skills/SmithingInterface.java,makeSteelInterface,->,12acfc45-bdfb-4343-9004-9be15dfd844c,server/model/players/skills/SmithingInterface.java,GetForlvl
12acfc45-bdfb-4343-9004-9be15dfd844c,server/model/players/skills/SmithingInterface.java,makeSteelInterface,->,12acfc45-bdfb-4343-9004-9be15dfd844c,java/lang/StringBuilder.java,append
12acfc45-bdfb-4343-9004-9be15dfd844c,server/model/players/skills/SmithingInterface.java,makeSteelInterface,->,12acfc45-bdfb-4343-9004-9be15dfd844c,java/lang/StringBuilder.java,toString
12acfc45-bdfb-4343-9004-9be15dfd844c,server/model/players/skills/SmithingInterface.java,makeSteelInterface,->,12acfc45-bdfb-4343-9004-9be15dfd844c,991eb2a8-284a-4290-ae08-f54cf8834706,609517a1-3a8b-4bd9-8623-3cae47c33a17
12acfc45-bdfb-4343-9004-9be15dfd844c,server/model/players/skills/SmithingInterface.java,makeSteelInterface,->,12acfc45-bdfb-4343-9004-9be15dfd844c,server/model/players/Client.java,getPA
12acfc45-bdfb-4343-9004-9be15dfd844c,server/model/players/skills/SmithingInterface.java,makeSteelInterface,->,12acfc45-bdfb-4343-9004-9be15dfd844c,server/model/players/skills/SmithingInterface.java,GetForlvl
12acfc45-bdfb-4343-9004-9be15dfd844c,server/model/players/skills/SmithingInterface.java,makeSteelInterface,->,12acfc45-bdfb-4343-9004-9be15dfd844c,java/lang/StringBuilder.java,append
12acfc45-bdfb-4343-9004-9be15dfd844c,server/model/players/skills/SmithingInterface.java,makeSteelInterface,->,12acfc45-bdfb-4343-9004-9be15dfd844c,java/lang/StringBuilder.java,append
12acfc45-bdfb-4343-9004-9be15dfd844c,server/model/players/skills/SmithingInterface.java,makeSteelInterface,->,12acfc45-bdfb-4343-9004-9be15dfd844c,server/model/players/skills/SmithingInterface.java,GetForlvl
12acfc45-bdfb-4343-9004-9be15dfd844c,server/model/players/skills/SmithingInterface.java,makeSteelInterface,->,12acfc45-bdfb-4343-9004-9be15dfd844c,java/lang/StringBuilder.java,append
12acfc45-bdfb-4343-9004-9be15dfd844c,server/model/players/skills/SmithingInterface.java,makeSteelInterface,->,12acfc45-bdfb-4343-9004-9be15dfd844c,java/lang/StringBuilder.java,toString
12acfc45-bdfb-4343-9004-9be15dfd844c,server/model/players/skills/SmithingInterface.java,makeSteelInterface,->,12acfc45-bdfb-4343-9004-9be15dfd844c,991eb2a8-284a-4290-ae08-f54cf8834706,609517a1-3a8b-4bd9-8623-3cae47c33a17
12acfc45-bdfb-4343-9004-9be15dfd844c,server/model/players/skills/SmithingInterface.java,makeSteelInterface,->,12acfc45-bdfb-4343-9004-9be15dfd844c,server/model/players/Client.java,getPA
12acfc45-bdfb-4343-9004-9be15dfd844c,server/model/players/skills/SmithingInterface.java,makeSteelInterface,->,12acfc45-bdfb-4343-9004-9be15dfd844c,991eb2a8-284a-4290-ae08-f54cf8834706,609517a1-3a8b-4bd9-8623-3cae47c33a17
12acfc45-bdfb-4343-9004-9be15dfd844c,server/model/players/skills/SmithingInterface.java,makeSteelInterface,->,12acfc45-bdfb-4343-9004-9be15dfd844c,server/model/players/Client.java,getPA
12acfc45-bdfb-4343-9004-9be15dfd844c,server/model/players/skills/SmithingInterface.java,makeSteelInterface,->,12acfc45-bdfb-4343-9004-9be15dfd844c,server/model/players/skills/SmithingInterface.java,GetForlvl
12acfc45-bdfb-4343-9004-9be15dfd844c,server/model/players/skills/SmithingInterface.java,makeSteelInterface,->,12acfc45-bdfb-4343-9004-9be15dfd844c,java/lang/StringBuilder.java,append
12acfc45-bdfb-4343-9004-9be15dfd844c,server/model/players/skills/SmithingInterface.java,makeSteelInterface,->,12acfc45-bdfb-4343-9004-9be15dfd844c,java/lang/StringBuilder.java,append
12acfc45-bdfb-4343-9004-9be15dfd844c,server/model/players/skills/SmithingInterface.java,makeSteelInterface,->,12acfc45-bdfb-4343-9004-9be15dfd844c,server/model/players/skills/SmithingInterface.java,GetForlvl
12acfc45-bdfb-4343-9004-9be15dfd844c,server/model/players/skills/SmithingInterface.java,makeSteelInterface,->,12acfc45-bdfb-4343-9004-9be15dfd844c,java/lang/StringBuilder.java,append
12acfc45-bdfb-4343-9004-9be15dfd844c,server/model/players/skills/SmithingInterface.java,makeSteelInterface,->,12acfc45-bdfb-4343-9004-9be15dfd844c,java/lang/StringBuilder.java,toString
12acfc45-bdfb-4343-9004-9be15dfd844c,server/model/players/skills/SmithingInterface.java,makeSteelInterface,->,12acfc45-bdfb-4343-9004-9be15dfd844c,991eb2a8-284a-4290-ae08-f54cf8834706,609517a1-3a8b-4bd9-8623-3cae47c33a17
12acfc45-bdfb-4343-9004-9be15dfd844c,server/model/players/skills/SmithingInterface.java,makeSteelInterface,->,12acfc45-bdfb-4343-9004-9be15dfd844c,server/model/players/Client.java,getPA
12acfc45-bdfb-4343-9004-9be15dfd844c,server/model/players/skills/SmithingInterface.java,makeSteelInterface,->,12acfc45-bdfb-4343-9004-9be15dfd844c,server/model/players/skills/SmithingInterface.java,GetForlvl
12acfc45-bdfb-4343-9004-9be15dfd844c,server/model/players/skills/SmithingInterface.java,makeSteelInterface,->,12acfc45-bdfb-4343-9004-9be15dfd844c,java/lang/StringBuilder.java,append
12acfc45-bdfb-4343-9004-9be15dfd844c,server/model/players/skills/SmithingInterface.java,makeSteelInterface,->,12acfc45-bdfb-4343-9004-9be15dfd844c,java/lang/StringBuilder.java,append
12acfc45-bdfb-4343-9004-9be15dfd844c,server/model/players/skills/SmithingInterface.java,makeSteelInterface,->,12acfc45-bdfb-4343-9004-9be15dfd844c,server/model/players/skills/SmithingInterface.java,GetForlvl
12acfc45-bdfb-4343-9004-9be15dfd844c,server/model/players/skills/SmithingInterface.java,makeSteelInterface,->,12acfc45-bdfb-4343-9004-9be15dfd844c,java/lang/StringBuilder.java,append
12acfc45-bdfb-4343-9004-9be15dfd844c,server/model/players/skills/SmithingInterface.java,makeSteelInterface,->,12acfc45-bdfb-4343-9004-9be15dfd844c,java/lang/StringBuilder.java,toString
12acfc45-bdfb-4343-9004-9be15dfd844c,server/model/players/skills/SmithingInterface.java,makeSteelInterface,->,12acfc45-bdfb-4343-9004-9be15dfd844c,991eb2a8-284a-4290-ae08-f54cf8834706,609517a1-3a8b-4bd9-8623-3cae47c33a17
12acfc45-bdfb-4343-9004-9be15dfd844c,server/model/players/skills/SmithingInterface.java,makeSteelInterface,->,12acfc45-bdfb-4343-9004-9be15dfd844c,server/model/players/Client.java,getPA
12acfc45-bdfb-4343-9004-9be15dfd844c,server/model/players/skills/SmithingInterface.java,makeSteelInterface,->,12acfc45-bdfb-4343-9004-9be15dfd844c,server/model/players/skills/SmithingInterface.java,GetForlvl
12acfc45-bdfb-4343-9004-9be15dfd844c,server/model/players/skills/SmithingInterface.java,makeSteelInterface,->,12acfc45-bdfb-4343-9004-9be15dfd844c,java/lang/StringBuilder.java,append
12acfc45-bdfb-4343-9004-9be15dfd844c,server/model/players/skills/SmithingInterface.java,makeSteelInterface,->,12acfc45-bdfb-4343-9004-9be15dfd844c,java/lang/StringBuilder.java,append
12acfc45-bdfb-4343-9004-9be15dfd844c,server/model/players/skills/SmithingInterface.java,makeSteelInterface,->,12acfc45-bdfb-4343-9004-9be15dfd844c,server/model/players/skills/SmithingInterface.java,GetForlvl
12acfc45-bdfb-4343-9004-9be15dfd844c,server/model/players/skills/SmithingInterface.java,makeSteelInterface,->,12acfc45-bdfb-4343-9004-9be15dfd844c,java/lang/StringBuilder.java,append
12acfc45-bdfb-4343-9004-9be15dfd844c,server/model/players/skills/SmithingInterface.java,makeSteelInterface,->,12acfc45-bdfb-4343-9004-9be15dfd844c,java/lang/StringBuilder.java,toString
12acfc45-bdfb-4343-9004-9be15dfd844c,server/model/players/skills/SmithingInterface.java,makeSteelInterface,->,12acfc45-bdfb-4343-9004-9be15dfd844c,991eb2a8-284a-4290-ae08-f54cf8834706,609517a1-3a8b-4bd9-8623-3cae47c33a17
12acfc45-bdfb-4343-9004-9be15dfd844c,server/model/players/skills/SmithingInterface.java,makeSteelInterface,->,12acfc45-bdfb-4343-9004-9be15dfd844c,server/model/players/Client.java,getPA
12acfc45-bdfb-4343-9004-9be15dfd844c,server/model/players/skills/SmithingInterface.java,makeSteelInterface,->,12acfc45-bdfb-4343-9004-9be15dfd844c,server/model/players/skills/SmithingInterface.java,GetForlvl
12acfc45-bdfb-4343-9004-9be15dfd844c,server/model/players/skills/SmithingInterface.java,makeSteelInterface,->,12acfc45-bdfb-4343-9004-9be15dfd844c,java/lang/StringBuilder.java,append
12acfc45-bdfb-4343-9004-9be15dfd844c,server/model/players/skills/SmithingInterface.java,makeSteelInterface,->,12acfc45-bdfb-4343-9004-9be15dfd844c,java/lang/StringBuilder.java,append
12acfc45-bdfb-4343-9004-9be15dfd844c,server/model/players/skills/SmithingInterface.java,makeSteelInterface,->,12acfc45-bdfb-4343-9004-9be15dfd844c,server/model/players/skills/SmithingInterface.java,GetForlvl
12acfc45-bdfb-4343-9004-9be15dfd844c,server/model/players/skills/SmithingInterface.java,makeSteelInterface,->,12acfc45-bdfb-4343-9004-9be15dfd844c,java/lang/StringBuilder.java,append
12acfc45-bdfb-4343-9004-9be15dfd844c,server/model/players/skills/SmithingInterface.java,makeSteelInterface,->,12acfc45-bdfb-4343-9004-9be15dfd844c,java/lang/StringBuilder.java,toString
12acfc45-bdfb-4343-9004-9be15dfd844c,server/model/players/skills/SmithingInterface.java,makeSteelInterface,->,12acfc45-bdfb-4343-9004-9be15dfd844c,991eb2a8-284a-4290-ae08-f54cf8834706,609517a1-3a8b-4bd9-8623-3cae47c33a17
12acfc45-bdfb-4343-9004-9be15dfd844c,server/model/players/skills/SmithingInterface.java,makeSteelInterface,->,12acfc45-bdfb-4343-9004-9be15dfd844c,server/model/players/Client.java,getPA
12acfc45-bdfb-4343-9004-9be15dfd844c,server/model/players/skills/SmithingInterface.java,makeSteelInterface,->,12acfc45-bdfb-4343-9004-9be15dfd844c,server/model/players/skills/SmithingInterface.java,GetForlvl
12acfc45-bdfb-4343-9004-9be15dfd844c,server/model/players/skills/SmithingInterface.java,makeSteelInterface,->,12acfc45-bdfb-4343-9004-9be15dfd844c,java/lang/StringBuilder.java,append
12acfc45-bdfb-4343-9004-9be15dfd844c,server/model/players/skills/SmithingInterface.java,makeSteelInterface,->,12acfc45-bdfb-4343-9004-9be15dfd844c,java/lang/StringBuilder.java,append
12acfc45-bdfb-4343-9004-9be15dfd844c,server/model/players/skills/SmithingInterface.java,makeSteelInterface,->,12acfc45-bdfb-4343-9004-9be15dfd844c,server/model/players/skills/SmithingInterface.java,GetForlvl
12acfc45-bdfb-4343-9004-9be15dfd844c,server/model/players/skills/SmithingInterface.java,makeSteelInterface,->,12acfc45-bdfb-4343-9004-9be15dfd844c,java/lang/StringBuilder.java,append
12acfc45-bdfb-4343-9004-9be15dfd844c,server/model/players/skills/SmithingInterface.java,makeSteelInterface,->,12acfc45-bdfb-4343-9004-9be15dfd844c,java/lang/StringBuilder.java,toString
12acfc45-bdfb-4343-9004-9be15dfd844c,server/model/players/skills/SmithingInterface.java,makeSteelInterface,->,12acfc45-bdfb-4343-9004-9be15dfd844c,991eb2a8-284a-4290-ae08-f54cf8834706,609517a1-3a8b-4bd9-8623-3cae47c33a17
12acfc45-bdfb-4343-9004-9be15dfd844c,server/model/players/skills/SmithingInterface.java,makeSteelInterface,->,12acfc45-bdfb-4343-9004-9be15dfd844c,server/model/players/Client.java,getPA
12acfc45-bdfb-4343-9004-9be15dfd844c,server/model/players/skills/SmithingInterface.java,makeSteelInterface,->,12acfc45-bdfb-4343-9004-9be15dfd844c,server/model/players/skills/SmithingInterface.java,GetForlvl
12acfc45-bdfb-4343-9004-9be15dfd844c,server/model/players/skills/SmithingInterface.java,makeSteelInterface,->,12acfc45-bdfb-4343-9004-9be15dfd844c,java/lang/StringBuilder.java,append
12acfc45-bdfb-4343-9004-9be15dfd844c,server/model/players/skills/SmithingInterface.java,makeSteelInterface,->,12acfc45-bdfb-4343-9004-9be15dfd844c,java/lang/StringBuilder.java,append
12acfc45-bdfb-4343-9004-9be15dfd844c,server/model/players/skills/SmithingInterface.java,makeSteelInterface,->,12acfc45-bdfb-4343-9004-9be15dfd844c,server/model/players/skills/SmithingInterface.java,GetForlvl
12acfc45-bdfb-4343-9004-9be15dfd844c,server/model/players/skills/SmithingInterface.java,makeSteelInterface,->,12acfc45-bdfb-4343-9004-9be15dfd844c,java/lang/StringBuilder.java,append
12acfc45-bdfb-4343-9004-9be15dfd844c,server/model/players/skills/SmithingInterface.java,makeSteelInterface,->,12acfc45-bdfb-4343-9004-9be15dfd844c,java/lang/StringBuilder.java,toString
12acfc45-bdfb-4343-9004-9be15dfd844c,server/model/players/skills/SmithingInterface.java,makeSteelInterface,->,12acfc45-bdfb-4343-9004-9be15dfd844c,991eb2a8-284a-4290-ae08-f54cf8834706,609517a1-3a8b-4bd9-8623-3cae47c33a17
12acfc45-bdfb-4343-9004-9be15dfd844c,server/model/players/skills/SmithingInterface.java,makeSteelInterface,->,12acfc45-bdfb-4343-9004-9be15dfd844c,server/model/players/Client.java,getPA
12acfc45-bdfb-4343-9004-9be15dfd844c,server/model/players/skills/SmithingInterface.java,makeSteelInterface,->,12acfc45-bdfb-4343-9004-9be15dfd844c,server/model/players/skills/SmithingInterface.java,GetForlvl
12acfc45-bdfb-4343-9004-9be15dfd844c,server/model/players/skills/SmithingInterface.java,makeSteelInterface,->,12acfc45-bdfb-4343-9004-9be15dfd844c,java/lang/StringBuilder.java,append
12acfc45-bdfb-4343-9004-9be15dfd844c,server/model/players/skills/SmithingInterface.java,makeSteelInterface,->,12acfc45-bdfb-4343-9004-9be15dfd844c,java/lang/StringBuilder.java,append
12acfc45-bdfb-4343-9004-9be15dfd844c,server/model/players/skills/SmithingInterface.java,makeSteelInterface,->,12acfc45-bdfb-4343-9004-9be15dfd844c,server/model/players/skills/SmithingInterface.java,GetForlvl
12acfc45-bdfb-4343-9004-9be15dfd844c,server/model/players/skills/SmithingInterface.java,makeSteelInterface,->,12acfc45-bdfb-4343-9004-9be15dfd844c,java/lang/StringBuilder.java,append
12acfc45-bdfb-4343-9004-9be15dfd844c,server/model/players/skills/SmithingInterface.java,makeSteelInterface,->,12acfc45-bdfb-4343-9004-9be15dfd844c,java/lang/StringBuilder.java,toString
12acfc45-bdfb-4343-9004-9be15dfd844c,server/model/players/skills/SmithingInterface.java,makeSteelInterface,->,12acfc45-bdfb-4343-9004-9be15dfd844c,991eb2a8-284a-4290-ae08-f54cf8834706,609517a1-3a8b-4bd9-8623-3cae47c33a17
12acfc45-bdfb-4343-9004-9be15dfd844c,server/model/players/skills/SmithingInterface.java,makeSteelInterface,->,12acfc45-bdfb-4343-9004-9be15dfd844c,server/model/players/Client.java,getPA
12acfc45-bdfb-4343-9004-9be15dfd844c,server/model/players/skills/SmithingInterface.java,makeSteelInterface,->,12acfc45-bdfb-4343-9004-9be15dfd844c,server/model/players/skills/SmithingInterface.java,GetForlvl
12acfc45-bdfb-4343-9004-9be15dfd844c,server/model/players/skills/SmithingInterface.java,makeSteelInterface,->,12acfc45-bdfb-4343-9004-9be15dfd844c,java/lang/StringBuilder.java,append
12acfc45-bdfb-4343-9004-9be15dfd844c,server/model/players/skills/SmithingInterface.java,makeSteelInterface,->,12acfc45-bdfb-4343-9004-9be15dfd844c,java/lang/StringBuilder.java,append
12acfc45-bdfb-4343-9004-9be15dfd844c,server/model/players/skills/SmithingInterface.java,makeSteelInterface,->,12acfc45-bdfb-4343-9004-9be15dfd844c,server/model/players/skills/SmithingInterface.java,GetForlvl
12acfc45-bdfb-4343-9004-9be15dfd844c,server/model/players/skills/SmithingInterface.java,makeSteelInterface,->,12acfc45-bdfb-4343-9004-9be15dfd844c,java/lang/StringBuilder.java,append
12acfc45-bdfb-4343-9004-9be15dfd844c,server/model/players/skills/SmithingInterface.java,makeSteelInterface,->,12acfc45-bdfb-4343-9004-9be15dfd844c,java/lang/StringBuilder.java,toString
12acfc45-bdfb-4343-9004-9be15dfd844c,server/model/players/skills/SmithingInterface.java,makeSteelInterface,->,12acfc45-bdfb-4343-9004-9be15dfd844c,991eb2a8-284a-4290-ae08-f54cf8834706,609517a1-3a8b-4bd9-8623-3cae47c33a17
12acfc45-bdfb-4343-9004-9be15dfd844c,server/model/players/skills/SmithingInterface.java,makeSteelInterface,->,12acfc45-bdfb-4343-9004-9be15dfd844c,server/model/players/Client.java,getPA
12acfc45-bdfb-4343-9004-9be15dfd844c,server/model/players/skills/SmithingInterface.java,makeSteelInterface,->,12acfc45-bdfb-4343-9004-9be15dfd844c,server/model/players/skills/SmithingInterface.java,GetForlvl
12acfc45-bdfb-4343-9004-9be15dfd844c,server/model/players/skills/SmithingInterface.java,makeSteelInterface,->,12acfc45-bdfb-4343-9004-9be15dfd844c,java/lang/StringBuilder.java,append
12acfc45-bdfb-4343-9004-9be15dfd844c,server/model/players/skills/SmithingInterface.java,makeSteelInterface,->,12acfc45-bdfb-4343-9004-9be15dfd844c,java/lang/StringBuilder.java,append
12acfc45-bdfb-4343-9004-9be15dfd844c,server/model/players/skills/SmithingInterface.java,makeSteelInterface,->,12acfc45-bdfb-4343-9004-9be15dfd844c,server/model/players/skills/SmithingInterface.java,GetForlvl
12acfc45-bdfb-4343-9004-9be15dfd844c,server/model/players/skills/SmithingInterface.java,makeSteelInterface,->,12acfc45-bdfb-4343-9004-9be15dfd844c,java/lang/StringBuilder.java,append
12acfc45-bdfb-4343-9004-9be15dfd844c,server/model/players/skills/SmithingInterface.java,makeSteelInterface,->,12acfc45-bdfb-4343-9004-9be15dfd844c,java/lang/StringBuilder.java,toString
12acfc45-bdfb-4343-9004-9be15dfd844c,server/model/players/skills/SmithingInterface.java,makeSteelInterface,->,12acfc45-bdfb-4343-9004-9be15dfd844c,991eb2a8-284a-4290-ae08-f54cf8834706,609517a1-3a8b-4bd9-8623-3cae47c33a17
12acfc45-bdfb-4343-9004-9be15dfd844c,server/model/players/skills/SmithingInterface.java,makeSteelInterface,->,12acfc45-bdfb-4343-9004-9be15dfd844c,server/model/players/Client.java,getPA
12acfc45-bdfb-4343-9004-9be15dfd844c,server/model/players/skills/SmithingInterface.java,makeSteelInterface,->,12acfc45-bdfb-4343-9004-9be15dfd844c,server/model/players/skills/SmithingInterface.java,GetForlvl
12acfc45-bdfb-4343-9004-9be15dfd844c,server/model/players/skills/SmithingInterface.java,makeSteelInterface,->,12acfc45-bdfb-4343-9004-9be15dfd844c,java/lang/StringBuilder.java,append
12acfc45-bdfb-4343-9004-9be15dfd844c,server/model/players/skills/SmithingInterface.java,makeSteelInterface,->,12acfc45-bdfb-4343-9004-9be15dfd844c,java/lang/StringBuilder.java,append
12acfc45-bdfb-4343-9004-9be15dfd844c,server/model/players/skills/SmithingInterface.java,makeSteelInterface,->,12acfc45-bdfb-4343-9004-9be15dfd844c,server/model/players/skills/SmithingInterface.java,GetForlvl
12acfc45-bdfb-4343-9004-9be15dfd844c,server/model/players/skills/SmithingInterface.java,makeSteelInterface,->,12acfc45-bdfb-4343-9004-9be15dfd844c,java/lang/StringBuilder.java,append
12acfc45-bdfb-4343-9004-9be15dfd844c,server/model/players/skills/SmithingInterface.java,makeSteelInterface,->,12acfc45-bdfb-4343-9004-9be15dfd844c,java/lang/StringBuilder.java,toString
12acfc45-bdfb-4343-9004-9be15dfd844c,server/model/players/skills/SmithingInterface.java,makeSteelInterface,->,12acfc45-bdfb-4343-9004-9be15dfd844c,991eb2a8-284a-4290-ae08-f54cf8834706,609517a1-3a8b-4bd9-8623-3cae47c33a17
12acfc45-bdfb-4343-9004-9be15dfd844c,server/model/players/skills/SmithingInterface.java,makeSteelInterface,->,12acfc45-bdfb-4343-9004-9be15dfd844c,server/model/players/Client.java,getPA
12acfc45-bdfb-4343-9004-9be15dfd844c,server/model/players/skills/SmithingInterface.java,makeSteelInterface,->,12acfc45-bdfb-4343-9004-9be15dfd844c,server/model/players/skills/SmithingInterface.java,GetForlvl
12acfc45-bdfb-4343-9004-9be15dfd844c,server/model/players/skills/SmithingInterface.java,makeSteelInterface,->,12acfc45-bdfb-4343-9004-9be15dfd844c,java/lang/StringBuilder.java,append
12acfc45-bdfb-4343-9004-9be15dfd844c,server/model/players/skills/SmithingInterface.java,makeSteelInterface,->,12acfc45-bdfb-4343-9004-9be15dfd844c,java/lang/StringBuilder.java,append
12acfc45-bdfb-4343-9004-9be15dfd844c,server/model/players/skills/SmithingInterface.java,makeSteelInterface,->,12acfc45-bdfb-4343-9004-9be15dfd844c,server/model/players/skills/SmithingInterface.java,GetForlvl
12acfc45-bdfb-4343-9004-9be15dfd844c,server/model/players/skills/SmithingInterface.java,makeSteelInterface,->,12acfc45-bdfb-4343-9004-9be15dfd844c,java/lang/StringBuilder.java,append
12acfc45-bdfb-4343-9004-9be15dfd844c,server/model/players/skills/SmithingInterface.java,makeSteelInterface,->,12acfc45-bdfb-4343-9004-9be15dfd844c,java/lang/StringBuilder.java,toString
12acfc45-bdfb-4343-9004-9be15dfd844c,server/model/players/skills/SmithingInterface.java,makeSteelInterface,->,12acfc45-bdfb-4343-9004-9be15dfd844c,991eb2a8-284a-4290-ae08-f54cf8834706,609517a1-3a8b-4bd9-8623-3cae47c33a17
12acfc45-bdfb-4343-9004-9be15dfd844c,server/model/players/skills/SmithingInterface.java,makeSteelInterface,->,12acfc45-bdfb-4343-9004-9be15dfd844c,server/model/players/Client.java,getPA
12acfc45-bdfb-4343-9004-9be15dfd844c,server/model/players/skills/SmithingInterface.java,makeSteelInterface,->,12acfc45-bdfb-4343-9004-9be15dfd844c,server/model/players/skills/SmithingInterface.java,GetForlvl
12acfc45-bdfb-4343-9004-9be15dfd844c,server/model/players/skills/SmithingInterface.java,makeSteelInterface,->,12acfc45-bdfb-4343-9004-9be15dfd844c,java/lang/StringBuilder.java,append
12acfc45-bdfb-4343-9004-9be15dfd844c,server/model/players/skills/SmithingInterface.java,makeSteelInterface,->,12acfc45-bdfb-4343-9004-9be15dfd844c,java/lang/StringBuilder.java,append
12acfc45-bdfb-4343-9004-9be15dfd844c,server/model/players/skills/SmithingInterface.java,makeSteelInterface,->,12acfc45-bdfb-4343-9004-9be15dfd844c,server/model/players/skills/SmithingInterface.java,GetForlvl
12acfc45-bdfb-4343-9004-9be15dfd844c,server/model/players/skills/SmithingInterface.java,makeSteelInterface,->,12acfc45-bdfb-4343-9004-9be15dfd844c,java/lang/StringBuilder.java,append
12acfc45-bdfb-4343-9004-9be15dfd844c,server/model/players/skills/SmithingInterface.java,makeSteelInterface,->,12acfc45-bdfb-4343-9004-9be15dfd844c,java/lang/StringBuilder.java,toString
12acfc45-bdfb-4343-9004-9be15dfd844c,server/model/players/skills/SmithingInterface.java,makeSteelInterface,->,12acfc45-bdfb-4343-9004-9be15dfd844c,991eb2a8-284a-4290-ae08-f54cf8834706,609517a1-3a8b-4bd9-8623-3cae47c33a17
12acfc45-bdfb-4343-9004-9be15dfd844c,server/model/players/skills/SmithingInterface.java,makeSteelInterface,->,12acfc45-bdfb-4343-9004-9be15dfd844c,server/model/players/Client.java,getPA
12acfc45-bdfb-4343-9004-9be15dfd844c,server/model/players/skills/SmithingInterface.java,makeSteelInterface,->,12acfc45-bdfb-4343-9004-9be15dfd844c,server/model/players/skills/SmithingInterface.java,GetForlvl
12acfc45-bdfb-4343-9004-9be15dfd844c,server/model/players/skills/SmithingInterface.java,makeSteelInterface,->,12acfc45-bdfb-4343-9004-9be15dfd844c,java/lang/StringBuilder.java,append
12acfc45-bdfb-4343-9004-9be15dfd844c,server/model/players/skills/SmithingInterface.java,makeSteelInterface,->,12acfc45-bdfb-4343-9004-9be15dfd844c,java/lang/StringBuilder.java,append
12acfc45-bdfb-4343-9004-9be15dfd844c,server/model/players/skills/SmithingInterface.java,makeSteelInterface,->,12acfc45-bdfb-4343-9004-9be15dfd844c,server/model/players/skills/SmithingInterface.java,GetForlvl
12acfc45-bdfb-4343-9004-9be15dfd844c,server/model/players/skills/SmithingInterface.java,makeSteelInterface,->,12acfc45-bdfb-4343-9004-9be15dfd844c,java/lang/StringBuilder.java,append
12acfc45-bdfb-4343-9004-9be15dfd844c,server/model/players/skills/SmithingInterface.java,makeSteelInterface,->,12acfc45-bdfb-4343-9004-9be15dfd844c,java/lang/StringBuilder.java,toString
12acfc45-bdfb-4343-9004-9be15dfd844c,server/model/players/skills/SmithingInterface.java,makeSteelInterface,->,12acfc45-bdfb-4343-9004-9be15dfd844c,991eb2a8-284a-4290-ae08-f54cf8834706,609517a1-3a8b-4bd9-8623-3cae47c33a17
12acfc45-bdfb-4343-9004-9be15dfd844c,server/model/players/skills/SmithingInterface.java,makeSteelInterface,->,12acfc45-bdfb-4343-9004-9be15dfd844c,server/model/players/Client.java,getPA
12acfc45-bdfb-4343-9004-9be15dfd844c,server/model/players/skills/SmithingInterface.java,makeSteelInterface,->,12acfc45-bdfb-4343-9004-9be15dfd844c,server/model/players/skills/SmithingInterface.java,GetForlvl
12acfc45-bdfb-4343-9004-9be15dfd844c,server/model/players/skills/SmithingInterface.java,makeSteelInterface,->,12acfc45-bdfb-4343-9004-9be15dfd844c,java/lang/StringBuilder.java,append
12acfc45-bdfb-4343-9004-9be15dfd844c,server/model/players/skills/SmithingInterface.java,makeSteelInterface,->,12acfc45-bdfb-4343-9004-9be15dfd844c,java/lang/StringBuilder.java,append
12acfc45-bdfb-4343-9004-9be15dfd844c,server/model/players/skills/SmithingInterface.java,makeSteelInterface,->,12acfc45-bdfb-4343-9004-9be15dfd844c,server/model/players/skills/SmithingInterface.java,GetForlvl
12acfc45-bdfb-4343-9004-9be15dfd844c,server/model/players/skills/SmithingInterface.java,makeSteelInterface,->,12acfc45-bdfb-4343-9004-9be15dfd844c,java/lang/StringBuilder.java,append
12acfc45-bdfb-4343-9004-9be15dfd844c,server/model/players/skills/SmithingInterface.java,makeSteelInterface,->,12acfc45-bdfb-4343-9004-9be15dfd844c,java/lang/StringBuilder.java,toString
12acfc45-bdfb-4343-9004-9be15dfd844c,server/model/players/skills/SmithingInterface.java,makeSteelInterface,->,12acfc45-bdfb-4343-9004-9be15dfd844c,991eb2a8-284a-4290-ae08-f54cf8834706,609517a1-3a8b-4bd9-8623-3cae47c33a17
12acfc45-bdfb-4343-9004-9be15dfd844c,server/model/players/skills/SmithingInterface.java,makeSteelInterface,->,12acfc45-bdfb-4343-9004-9be15dfd844c,server/model/players/Client.java,getPA
12acfc45-bdfb-4343-9004-9be15dfd844c,server/model/players/skills/SmithingInterface.java,makeSteelInterface,->,12acfc45-bdfb-4343-9004-9be15dfd844c,server/model/players/skills/SmithingInterface.java,GetForlvl
12acfc45-bdfb-4343-9004-9be15dfd844c,server/model/players/skills/SmithingInterface.java,makeSteelInterface,->,12acfc45-bdfb-4343-9004-9be15dfd844c,java/lang/StringBuilder.java,append
12acfc45-bdfb-4343-9004-9be15dfd844c,server/model/players/skills/SmithingInterface.java,makeSteelInterface,->,12acfc45-bdfb-4343-9004-9be15dfd844c,java/lang/StringBuilder.java,append
12acfc45-bdfb-4343-9004-9be15dfd844c,server/model/players/skills/SmithingInterface.java,makeSteelInterface,->,12acfc45-bdfb-4343-9004-9be15dfd844c,server/model/players/skills/SmithingInterface.java,GetForlvl
12acfc45-bdfb-4343-9004-9be15dfd844c,server/model/players/skills/SmithingInterface.java,makeSteelInterface,->,12acfc45-bdfb-4343-9004-9be15dfd844c,java/lang/StringBuilder.java,append
12acfc45-bdfb-4343-9004-9be15dfd844c,server/model/players/skills/SmithingInterface.java,makeSteelInterface,->,12acfc45-bdfb-4343-9004-9be15dfd844c,java/lang/StringBuilder.java,toString
12acfc45-bdfb-4343-9004-9be15dfd844c,server/model/players/skills/SmithingInterface.java,makeSteelInterface,->,12acfc45-bdfb-4343-9004-9be15dfd844c,991eb2a8-284a-4290-ae08-f54cf8834706,609517a1-3a8b-4bd9-8623-3cae47c33a17
12acfc45-bdfb-4343-9004-9be15dfd844c,server/model/players/skills/SmithingInterface.java,makeSteelInterface,->,12acfc45-bdfb-4343-9004-9be15dfd844c,server/model/players/Client.java,getPA
12acfc45-bdfb-4343-9004-9be15dfd844c,server/model/players/skills/SmithingInterface.java,makeSteelInterface,->,12acfc45-bdfb-4343-9004-9be15dfd844c,server/model/players/skills/SmithingInterface.java,GetForlvl
12acfc45-bdfb-4343-9004-9be15dfd844c,server/model/players/skills/SmithingInterface.java,makeSteelInterface,->,12acfc45-bdfb-4343-9004-9be15dfd844c,java/lang/StringBuilder.java,append
12acfc45-bdfb-4343-9004-9be15dfd844c,server/model/players/skills/SmithingInterface.java,makeSteelInterface,->,12acfc45-bdfb-4343-9004-9be15dfd844c,java/lang/StringBuilder.java,append
12acfc45-bdfb-4343-9004-9be15dfd844c,server/model/players/skills/SmithingInterface.java,makeSteelInterface,->,12acfc45-bdfb-4343-9004-9be15dfd844c,server/model/players/skills/SmithingInterface.java,GetForlvl
12acfc45-bdfb-4343-9004-9be15dfd844c,server/model/players/skills/SmithingInterface.java,makeSteelInterface,->,12acfc45-bdfb-4343-9004-9be15dfd844c,java/lang/StringBuilder.java,append
12acfc45-bdfb-4343-9004-9be15dfd844c,server/model/players/skills/SmithingInterface.java,makeSteelInterface,->,12acfc45-bdfb-4343-9004-9be15dfd844c,java/lang/StringBuilder.java,toString
12acfc45-bdfb-4343-9004-9be15dfd844c,server/model/players/skills/SmithingInterface.java,makeSteelInterface,->,12acfc45-bdfb-4343-9004-9be15dfd844c,991eb2a8-284a-4290-ae08-f54cf8834706,609517a1-3a8b-4bd9-8623-3cae47c33a17
12acfc45-bdfb-4343-9004-9be15dfd844c,server/model/players/skills/SmithingInterface.java,makeSteelInterface,->,12acfc45-bdfb-4343-9004-9be15dfd844c,server/model/players/Client.java,getPA
12acfc45-bdfb-4343-9004-9be15dfd844c,server/model/players/skills/SmithingInterface.java,makeSteelInterface,->,12acfc45-bdfb-4343-9004-9be15dfd844c,server/model/players/skills/SmithingInterface.java,GetForlvl
12acfc45-bdfb-4343-9004-9be15dfd844c,server/model/players/skills/SmithingInterface.java,makeSteelInterface,->,12acfc45-bdfb-4343-9004-9be15dfd844c,java/lang/StringBuilder.java,append
12acfc45-bdfb-4343-9004-9be15dfd844c,server/model/players/skills/SmithingInterface.java,makeSteelInterface,->,12acfc45-bdfb-4343-9004-9be15dfd844c,java/lang/StringBuilder.java,append
12acfc45-bdfb-4343-9004-9be15dfd844c,server/model/players/skills/SmithingInterface.java,makeSteelInterface,->,12acfc45-bdfb-4343-9004-9be15dfd844c,server/model/players/skills/SmithingInterface.java,GetForlvl
12acfc45-bdfb-4343-9004-9be15dfd844c,server/model/players/skills/SmithingInterface.java,makeSteelInterface,->,12acfc45-bdfb-4343-9004-9be15dfd844c,java/lang/StringBuilder.java,append
12acfc45-bdfb-4343-9004-9be15dfd844c,server/model/players/skills/SmithingInterface.java,makeSteelInterface,->,12acfc45-bdfb-4343-9004-9be15dfd844c,java/lang/StringBuilder.java,toString
12acfc45-bdfb-4343-9004-9be15dfd844c,server/model/players/skills/SmithingInterface.java,makeSteelInterface,->,12acfc45-bdfb-4343-9004-9be15dfd844c,991eb2a8-284a-4290-ae08-f54cf8834706,609517a1-3a8b-4bd9-8623-3cae47c33a17
12acfc45-bdfb-4343-9004-9be15dfd844c,server/model/players/skills/SmithingInterface.java,makeSteelInterface,->,12acfc45-bdfb-4343-9004-9be15dfd844c,server/model/players/Client.java,getPA
12acfc45-bdfb-4343-9004-9be15dfd844c,server/model/players/skills/SmithingInterface.java,makeSteelInterface,->,12acfc45-bdfb-4343-9004-9be15dfd844c,991eb2a8-284a-4290-ae08-f54cf8834706,567f87b3-4cc7-43f9-9489-4a8b3527773d
12acfc45-bdfb-4343-9004-9be15dfd844c,server/model/players/skills/SmithingInterface.java,makeSteelInterface,->,12acfc45-bdfb-4343-9004-9be15dfd844c,server/model/players/Client.java,getPA
12acfc45-bdfb-4343-9004-9be15dfd844c,server/model/players/skills/SmithingInterface.java,makeSteelInterface,->,12acfc45-bdfb-4343-9004-9be15dfd844c,991eb2a8-284a-4290-ae08-f54cf8834706,567f87b3-4cc7-43f9-9489-4a8b3527773d
12acfc45-bdfb-4343-9004-9be15dfd844c,server/model/players/skills/SmithingInterface.java,makeSteelInterface,->,12acfc45-bdfb-4343-9004-9be15dfd844c,server/model/players/Client.java,getPA
12acfc45-bdfb-4343-9004-9be15dfd844c,server/model/players/skills/SmithingInterface.java,makeSteelInterface,->,12acfc45-bdfb-4343-9004-9be15dfd844c,991eb2a8-284a-4290-ae08-f54cf8834706,567f87b3-4cc7-43f9-9489-4a8b3527773d
12acfc45-bdfb-4343-9004-9be15dfd844c,server/model/players/skills/SmithingInterface.java,makeSteelInterface,->,12acfc45-bdfb-4343-9004-9be15dfd844c,server/model/players/Client.java,getPA
12acfc45-bdfb-4343-9004-9be15dfd844c,server/model/players/skills/SmithingInterface.java,makeSteelInterface,->,12acfc45-bdfb-4343-9004-9be15dfd844c,991eb2a8-284a-4290-ae08-f54cf8834706,567f87b3-4cc7-43f9-9489-4a8b3527773d
12acfc45-bdfb-4343-9004-9be15dfd844c,server/model/players/skills/SmithingInterface.java,makeSteelInterface,->,12acfc45-bdfb-4343-9004-9be15dfd844c,server/model/players/Client.java,getPA
12acfc45-bdfb-4343-9004-9be15dfd844c,server/model/players/skills/SmithingInterface.java,makeSteelInterface,->,12acfc45-bdfb-4343-9004-9be15dfd844c,991eb2a8-284a-4290-ae08-f54cf8834706,567f87b3-4cc7-43f9-9489-4a8b3527773d
12acfc45-bdfb-4343-9004-9be15dfd844c,server/model/players/skills/SmithingInterface.java,makeSteelInterface,->,12acfc45-bdfb-4343-9004-9be15dfd844c,server/model/players/Client.java,getPA
12acfc45-bdfb-4343-9004-9be15dfd844c,server/model/players/skills/SmithingInterface.java,makeSteelInterface,->,12acfc45-bdfb-4343-9004-9be15dfd844c,991eb2a8-284a-4290-ae08-f54cf8834706,567f87b3-4cc7-43f9-9489-4a8b3527773d
12acfc45-bdfb-4343-9004-9be15dfd844c,server/model/players/skills/SmithingInterface.java,makeSteelInterface,->,12acfc45-bdfb-4343-9004-9be15dfd844c,server/model/players/Client.java,getPA
12acfc45-bdfb-4343-9004-9be15dfd844c,server/model/players/skills/SmithingInterface.java,makeSteelInterface,->,12acfc45-bdfb-4343-9004-9be15dfd844c,991eb2a8-284a-4290-ae08-f54cf8834706,567f87b3-4cc7-43f9-9489-4a8b3527773d
12acfc45-bdfb-4343-9004-9be15dfd844c,server/model/players/skills/SmithingInterface.java,makeSteelInterface,->,12acfc45-bdfb-4343-9004-9be15dfd844c,server/model/players/Client.java,getPA
12acfc45-bdfb-4343-9004-9be15dfd844c,server/model/players/skills/SmithingInterface.java,makeSteelInterface,->,12acfc45-bdfb-4343-9004-9be15dfd844c,991eb2a8-284a-4290-ae08-f54cf8834706,567f87b3-4cc7-43f9-9489-4a8b3527773d
12acfc45-bdfb-4343-9004-9be15dfd844c,server/model/players/skills/SmithingInterface.java,makeSteelInterface,->,12acfc45-bdfb-4343-9004-9be15dfd844c,server/model/players/Client.java,getPA
12acfc45-bdfb-4343-9004-9be15dfd844c,server/model/players/skills/SmithingInterface.java,makeSteelInterface,->,12acfc45-bdfb-4343-9004-9be15dfd844c,991eb2a8-284a-4290-ae08-f54cf8834706,567f87b3-4cc7-43f9-9489-4a8b3527773d
12acfc45-bdfb-4343-9004-9be15dfd844c,server/model/players/skills/SmithingInterface.java,makeSteelInterface,->,12acfc45-bdfb-4343-9004-9be15dfd844c,server/model/players/Client.java,getPA
12acfc45-bdfb-4343-9004-9be15dfd844c,server/model/players/skills/SmithingInterface.java,makeSteelInterface,->,12acfc45-bdfb-4343-9004-9be15dfd844c,991eb2a8-284a-4290-ae08-f54cf8834706,567f87b3-4cc7-43f9-9489-4a8b3527773d
12acfc45-bdfb-4343-9004-9be15dfd844c,server/model/players/skills/SmithingInterface.java,makeSteelInterface,->,12acfc45-bdfb-4343-9004-9be15dfd844c,server/model/players/Client.java,getPA
12acfc45-bdfb-4343-9004-9be15dfd844c,server/model/players/skills/SmithingInterface.java,makeSteelInterface,->,12acfc45-bdfb-4343-9004-9be15dfd844c,991eb2a8-284a-4290-ae08-f54cf8834706,567f87b3-4cc7-43f9-9489-4a8b3527773d
12acfc45-bdfb-4343-9004-9be15dfd844c,server/model/players/skills/SmithingInterface.java,makeSteelInterface,->,12acfc45-bdfb-4343-9004-9be15dfd844c,server/model/players/Client.java,getPA
12acfc45-bdfb-4343-9004-9be15dfd844c,server/model/players/skills/SmithingInterface.java,makeSteelInterface,->,12acfc45-bdfb-4343-9004-9be15dfd844c,991eb2a8-284a-4290-ae08-f54cf8834706,567f87b3-4cc7-43f9-9489-4a8b3527773d
12acfc45-bdfb-4343-9004-9be15dfd844c,server/model/players/skills/SmithingInterface.java,makeSteelInterface,->,12acfc45-bdfb-4343-9004-9be15dfd844c,server/model/players/Client.java,getPA
12acfc45-bdfb-4343-9004-9be15dfd844c,server/model/players/skills/SmithingInterface.java,makeSteelInterface,->,12acfc45-bdfb-4343-9004-9be15dfd844c,991eb2a8-284a-4290-ae08-f54cf8834706,567f87b3-4cc7-43f9-9489-4a8b3527773d
12acfc45-bdfb-4343-9004-9be15dfd844c,server/model/players/skills/SmithingInterface.java,makeSteelInterface,->,12acfc45-bdfb-4343-9004-9be15dfd844c,server/model/players/Client.java,getPA
12acfc45-bdfb-4343-9004-9be15dfd844c,server/model/players/skills/SmithingInterface.java,makeSteelInterface,->,12acfc45-bdfb-4343-9004-9be15dfd844c,991eb2a8-284a-4290-ae08-f54cf8834706,567f87b3-4cc7-43f9-9489-4a8b3527773d
12acfc45-bdfb-4343-9004-9be15dfd844c,server/model/players/skills/SmithingInterface.java,makeSteelInterface,->,12acfc45-bdfb-4343-9004-9be15dfd844c,server/model/players/Client.java,getPA
12acfc45-bdfb-4343-9004-9be15dfd844c,server/model/players/skills/SmithingInterface.java,makeSteelInterface,->,12acfc45-bdfb-4343-9004-9be15dfd844c,991eb2a8-284a-4290-ae08-f54cf8834706,567f87b3-4cc7-43f9-9489-4a8b3527773d
12acfc45-bdfb-4343-9004-9be15dfd844c,server/model/players/skills/SmithingInterface.java,makeSteelInterface,->,12acfc45-bdfb-4343-9004-9be15dfd844c,server/model/players/Client.java,getPA
12acfc45-bdfb-4343-9004-9be15dfd844c,server/model/players/skills/SmithingInterface.java,makeSteelInterface,->,12acfc45-bdfb-4343-9004-9be15dfd844c,991eb2a8-284a-4290-ae08-f54cf8834706,567f87b3-4cc7-43f9-9489-4a8b3527773d
12acfc45-bdfb-4343-9004-9be15dfd844c,server/model/players/skills/SmithingInterface.java,makeSteelInterface,->,12acfc45-bdfb-4343-9004-9be15dfd844c,server/model/players/Client.java,getPA
12acfc45-bdfb-4343-9004-9be15dfd844c,server/model/players/skills/SmithingInterface.java,makeSteelInterface,->,12acfc45-bdfb-4343-9004-9be15dfd844c,991eb2a8-284a-4290-ae08-f54cf8834706,567f87b3-4cc7-43f9-9489-4a8b3527773d
12acfc45-bdfb-4343-9004-9be15dfd844c,server/model/players/skills/SmithingInterface.java,makeSteelInterface,->,12acfc45-bdfb-4343-9004-9be15dfd844c,server/model/players/Client.java,getPA
12acfc45-bdfb-4343-9004-9be15dfd844c,server/model/players/skills/SmithingInterface.java,makeSteelInterface,->,12acfc45-bdfb-4343-9004-9be15dfd844c,991eb2a8-284a-4290-ae08-f54cf8834706,567f87b3-4cc7-43f9-9489-4a8b3527773d
12acfc45-bdfb-4343-9004-9be15dfd844c,server/model/players/skills/SmithingInterface.java,makeSteelInterface,->,12acfc45-bdfb-4343-9004-9be15dfd844c,server/model/players/Client.java,getPA
12acfc45-bdfb-4343-9004-9be15dfd844c,server/model/players/skills/SmithingInterface.java,makeSteelInterface,->,12acfc45-bdfb-4343-9004-9be15dfd844c,991eb2a8-284a-4290-ae08-f54cf8834706,567f87b3-4cc7-43f9-9489-4a8b3527773d
12acfc45-bdfb-4343-9004-9be15dfd844c,server/model/players/skills/SmithingInterface.java,makeSteelInterface,->,12acfc45-bdfb-4343-9004-9be15dfd844c,server/model/players/Client.java,getPA
12acfc45-bdfb-4343-9004-9be15dfd844c,server/model/players/skills/SmithingInterface.java,makeSteelInterface,->,12acfc45-bdfb-4343-9004-9be15dfd844c,991eb2a8-284a-4290-ae08-f54cf8834706,567f87b3-4cc7-43f9-9489-4a8b3527773d
12acfc45-bdfb-4343-9004-9be15dfd844c,server/model/players/skills/SmithingInterface.java,makeSteelInterface,->,12acfc45-bdfb-4343-9004-9be15dfd844c,server/model/players/Client.java,getPA
12acfc45-bdfb-4343-9004-9be15dfd844c,server/model/players/skills/SmithingInterface.java,makeSteelInterface,->,12acfc45-bdfb-4343-9004-9be15dfd844c,991eb2a8-284a-4290-ae08-f54cf8834706,567f87b3-4cc7-43f9-9489-4a8b3527773d
12acfc45-bdfb-4343-9004-9be15dfd844c,server/model/players/skills/SmithingInterface.java,makeSteelInterface,->,12acfc45-bdfb-4343-9004-9be15dfd844c,server/model/players/Client.java,getPA
12acfc45-bdfb-4343-9004-9be15dfd844c,server/model/players/skills/SmithingInterface.java,makeSteelInterface,->,12acfc45-bdfb-4343-9004-9be15dfd844c,991eb2a8-284a-4290-ae08-f54cf8834706,567f87b3-4cc7-43f9-9489-4a8b3527773d
12acfc45-bdfb-4343-9004-9be15dfd844c,server/model/players/skills/SmithingInterface.java,makeSteelInterface,->,12acfc45-bdfb-4343-9004-9be15dfd844c,server/model/players/Client.java,getPA
12acfc45-bdfb-4343-9004-9be15dfd844c,server/model/players/skills/SmithingInterface.java,makeSteelInterface,->,12acfc45-bdfb-4343-9004-9be15dfd844c,991eb2a8-284a-4290-ae08-f54cf8834706,567f87b3-4cc7-43f9-9489-4a8b3527773d
12acfc45-bdfb-4343-9004-9be15dfd844c,server/model/players/skills/SmithingInterface.java,makeSteelInterface,->,12acfc45-bdfb-4343-9004-9be15dfd844c,server/model/players/Client.java,getPA
12acfc45-bdfb-4343-9004-9be15dfd844c,server/model/players/skills/SmithingInterface.java,makeSteelInterface,->,12acfc45-bdfb-4343-9004-9be15dfd844c,server/model/players/PlayerAssistant.java,showInterface
12acfc45-bdfb-4343-9004-9be15dfd844c,server/model/players/skills/SmithingInterface.java,makeIronInterface,->,12acfc45-bdfb-4343-9004-9be15dfd844c,server/model/players/skills/SmithingInterface.java,GetForBars
12acfc45-bdfb-4343-9004-9be15dfd844c,server/model/players/skills/SmithingInterface.java,makeIronInterface,->,12acfc45-bdfb-4343-9004-9be15dfd844c,server/model/players/skills/SmithingInterface.java,GetForBars
12acfc45-bdfb-4343-9004-9be15dfd844c,server/model/players/skills/SmithingInterface.java,makeIronInterface,->,12acfc45-bdfb-4343-9004-9be15dfd844c,server/model/players/skills/SmithingInterface.java,GetForBars
12acfc45-bdfb-4343-9004-9be15dfd844c,server/model/players/skills/SmithingInterface.java,makeIronInterface,->,12acfc45-bdfb-4343-9004-9be15dfd844c,server/model/players/skills/SmithingInterface.java,GetForBars
12acfc45-bdfb-4343-9004-9be15dfd844c,server/model/players/skills/SmithingInterface.java,makeIronInterface,->,12acfc45-bdfb-4343-9004-9be15dfd844c,server/model/players/Client.java,getPA
12acfc45-bdfb-4343-9004-9be15dfd844c,server/model/players/skills/SmithingInterface.java,makeIronInterface,->,12acfc45-bdfb-4343-9004-9be15dfd844c,java/lang/StringBuilder.java,append
12acfc45-bdfb-4343-9004-9be15dfd844c,server/model/players/skills/SmithingInterface.java,makeIronInterface,->,12acfc45-bdfb-4343-9004-9be15dfd844c,java/lang/StringBuilder.java,append
12acfc45-bdfb-4343-9004-9be15dfd844c,server/model/players/skills/SmithingInterface.java,makeIronInterface,->,12acfc45-bdfb-4343-9004-9be15dfd844c,java/lang/StringBuilder.java,append
12acfc45-bdfb-4343-9004-9be15dfd844c,server/model/players/skills/SmithingInterface.java,makeIronInterface,->,12acfc45-bdfb-4343-9004-9be15dfd844c,java/lang/StringBuilder.java,toString
12acfc45-bdfb-4343-9004-9be15dfd844c,server/model/players/skills/SmithingInterface.java,makeIronInterface,->,12acfc45-bdfb-4343-9004-9be15dfd844c,991eb2a8-284a-4290-ae08-f54cf8834706,609517a1-3a8b-4bd9-8623-3cae47c33a17
12acfc45-bdfb-4343-9004-9be15dfd844c,server/model/players/skills/SmithingInterface.java,makeIronInterface,->,12acfc45-bdfb-4343-9004-9be15dfd844c,server/model/players/Client.java,getPA
12acfc45-bdfb-4343-9004-9be15dfd844c,server/model/players/skills/SmithingInterface.java,makeIronInterface,->,12acfc45-bdfb-4343-9004-9be15dfd844c,java/lang/StringBuilder.java,append
12acfc45-bdfb-4343-9004-9be15dfd844c,server/model/players/skills/SmithingInterface.java,makeIronInterface,->,12acfc45-bdfb-4343-9004-9be15dfd844c,java/lang/StringBuilder.java,append
12acfc45-bdfb-4343-9004-9be15dfd844c,server/model/players/skills/SmithingInterface.java,makeIronInterface,->,12acfc45-bdfb-4343-9004-9be15dfd844c,java/lang/StringBuilder.java,append
12acfc45-bdfb-4343-9004-9be15dfd844c,server/model/players/skills/SmithingInterface.java,makeIronInterface,->,12acfc45-bdfb-4343-9004-9be15dfd844c,java/lang/StringBuilder.java,toString
12acfc45-bdfb-4343-9004-9be15dfd844c,server/model/players/skills/SmithingInterface.java,makeIronInterface,->,12acfc45-bdfb-4343-9004-9be15dfd844c,991eb2a8-284a-4290-ae08-f54cf8834706,609517a1-3a8b-4bd9-8623-3cae47c33a17
12acfc45-bdfb-4343-9004-9be15dfd844c,server/model/players/skills/SmithingInterface.java,makeIronInterface,->,12acfc45-bdfb-4343-9004-9be15dfd844c,server/model/players/Client.java,getPA
12acfc45-bdfb-4343-9004-9be15dfd844c,server/model/players/skills/SmithingInterface.java,makeIronInterface,->,12acfc45-bdfb-4343-9004-9be15dfd844c,java/lang/StringBuilder.java,append
12acfc45-bdfb-4343-9004-9be15dfd844c,server/model/players/skills/SmithingInterface.java,makeIronInterface,->,12acfc45-bdfb-4343-9004-9be15dfd844c,java/lang/StringBuilder.java,append
12acfc45-bdfb-4343-9004-9be15dfd844c,server/model/players/skills/SmithingInterface.java,makeIronInterface,->,12acfc45-bdfb-4343-9004-9be15dfd844c,java/lang/StringBuilder.java,append
12acfc45-bdfb-4343-9004-9be15dfd844c,server/model/players/skills/SmithingInterface.java,makeIronInterface,->,12acfc45-bdfb-4343-9004-9be15dfd844c,java/lang/StringBuilder.java,toString
12acfc45-bdfb-4343-9004-9be15dfd844c,server/model/players/skills/SmithingInterface.java,makeIronInterface,->,12acfc45-bdfb-4343-9004-9be15dfd844c,991eb2a8-284a-4290-ae08-f54cf8834706,609517a1-3a8b-4bd9-8623-3cae47c33a17
12acfc45-bdfb-4343-9004-9be15dfd844c,server/model/players/skills/SmithingInterface.java,makeIronInterface,->,12acfc45-bdfb-4343-9004-9be15dfd844c,server/model/players/Client.java,getPA
12acfc45-bdfb-4343-9004-9be15dfd844c,server/model/players/skills/SmithingInterface.java,makeIronInterface,->,12acfc45-bdfb-4343-9004-9be15dfd844c,java/lang/StringBuilder.java,append
12acfc45-bdfb-4343-9004-9be15dfd844c,server/model/players/skills/SmithingInterface.java,makeIronInterface,->,12acfc45-bdfb-4343-9004-9be15dfd844c,java/lang/StringBuilder.java,append
12acfc45-bdfb-4343-9004-9be15dfd844c,server/model/players/skills/SmithingInterface.java,makeIronInterface,->,12acfc45-bdfb-4343-9004-9be15dfd844c,java/lang/StringBuilder.java,append
12acfc45-bdfb-4343-9004-9be15dfd844c,server/model/players/skills/SmithingInterface.java,makeIronInterface,->,12acfc45-bdfb-4343-9004-9be15dfd844c,java/lang/StringBuilder.java,toString
12acfc45-bdfb-4343-9004-9be15dfd844c,server/model/players/skills/SmithingInterface.java,makeIronInterface,->,12acfc45-bdfb-4343-9004-9be15dfd844c,991eb2a8-284a-4290-ae08-f54cf8834706,609517a1-3a8b-4bd9-8623-3cae47c33a17
12acfc45-bdfb-4343-9004-9be15dfd844c,server/model/players/skills/SmithingInterface.java,makeIronInterface,->,12acfc45-bdfb-4343-9004-9be15dfd844c,server/model/players/Client.java,getPA
12acfc45-bdfb-4343-9004-9be15dfd844c,server/model/players/skills/SmithingInterface.java,makeIronInterface,->,12acfc45-bdfb-4343-9004-9be15dfd844c,java/lang/StringBuilder.java,append
12acfc45-bdfb-4343-9004-9be15dfd844c,server/model/players/skills/SmithingInterface.java,makeIronInterface,->,12acfc45-bdfb-4343-9004-9be15dfd844c,java/lang/StringBuilder.java,append
12acfc45-bdfb-4343-9004-9be15dfd844c,server/model/players/skills/SmithingInterface.java,makeIronInterface,->,12acfc45-bdfb-4343-9004-9be15dfd844c,java/lang/StringBuilder.java,append
12acfc45-bdfb-4343-9004-9be15dfd844c,server/model/players/skills/SmithingInterface.java,makeIronInterface,->,12acfc45-bdfb-4343-9004-9be15dfd844c,java/lang/StringBuilder.java,toString
12acfc45-bdfb-4343-9004-9be15dfd844c,server/model/players/skills/SmithingInterface.java,makeIronInterface,->,12acfc45-bdfb-4343-9004-9be15dfd844c,991eb2a8-284a-4290-ae08-f54cf8834706,609517a1-3a8b-4bd9-8623-3cae47c33a17
12acfc45-bdfb-4343-9004-9be15dfd844c,server/model/players/skills/SmithingInterface.java,makeIronInterface,->,12acfc45-bdfb-4343-9004-9be15dfd844c,server/model/players/Client.java,getPA
12acfc45-bdfb-4343-9004-9be15dfd844c,server/model/players/skills/SmithingInterface.java,makeIronInterface,->,12acfc45-bdfb-4343-9004-9be15dfd844c,java/lang/StringBuilder.java,append
12acfc45-bdfb-4343-9004-9be15dfd844c,server/model/players/skills/SmithingInterface.java,makeIronInterface,->,12acfc45-bdfb-4343-9004-9be15dfd844c,java/lang/StringBuilder.java,append
12acfc45-bdfb-4343-9004-9be15dfd844c,server/model/players/skills/SmithingInterface.java,makeIronInterface,->,12acfc45-bdfb-4343-9004-9be15dfd844c,java/lang/StringBuilder.java,append
12acfc45-bdfb-4343-9004-9be15dfd844c,server/model/players/skills/SmithingInterface.java,makeIronInterface,->,12acfc45-bdfb-4343-9004-9be15dfd844c,java/lang/StringBuilder.java,toString
12acfc45-bdfb-4343-9004-9be15dfd844c,server/model/players/skills/SmithingInterface.java,makeIronInterface,->,12acfc45-bdfb-4343-9004-9be15dfd844c,991eb2a8-284a-4290-ae08-f54cf8834706,609517a1-3a8b-4bd9-8623-3cae47c33a17
12acfc45-bdfb-4343-9004-9be15dfd844c,server/model/players/skills/SmithingInterface.java,makeIronInterface,->,12acfc45-bdfb-4343-9004-9be15dfd844c,server/model/players/Client.java,getPA
12acfc45-bdfb-4343-9004-9be15dfd844c,server/model/players/skills/SmithingInterface.java,makeIronInterface,->,12acfc45-bdfb-4343-9004-9be15dfd844c,java/lang/StringBuilder.java,append
12acfc45-bdfb-4343-9004-9be15dfd844c,server/model/players/skills/SmithingInterface.java,makeIronInterface,->,12acfc45-bdfb-4343-9004-9be15dfd844c,java/lang/StringBuilder.java,append
12acfc45-bdfb-4343-9004-9be15dfd844c,server/model/players/skills/SmithingInterface.java,makeIronInterface,->,12acfc45-bdfb-4343-9004-9be15dfd844c,java/lang/StringBuilder.java,append
12acfc45-bdfb-4343-9004-9be15dfd844c,server/model/players/skills/SmithingInterface.java,makeIronInterface,->,12acfc45-bdfb-4343-9004-9be15dfd844c,java/lang/StringBuilder.java,toString
12acfc45-bdfb-4343-9004-9be15dfd844c,server/model/players/skills/SmithingInterface.java,makeIronInterface,->,12acfc45-bdfb-4343-9004-9be15dfd844c,991eb2a8-284a-4290-ae08-f54cf8834706,609517a1-3a8b-4bd9-8623-3cae47c33a17
12acfc45-bdfb-4343-9004-9be15dfd844c,server/model/players/skills/SmithingInterface.java,makeIronInterface,->,12acfc45-bdfb-4343-9004-9be15dfd844c,server/model/players/Client.java,getPA
12acfc45-bdfb-4343-9004-9be15dfd844c,server/model/players/skills/SmithingInterface.java,makeIronInterface,->,12acfc45-bdfb-4343-9004-9be15dfd844c,java/lang/StringBuilder.java,append
12acfc45-bdfb-4343-9004-9be15dfd844c,server/model/players/skills/SmithingInterface.java,makeIronInterface,->,12acfc45-bdfb-4343-9004-9be15dfd844c,java/lang/StringBuilder.java,append
12acfc45-bdfb-4343-9004-9be15dfd844c,server/model/players/skills/SmithingInterface.java,makeIronInterface,->,12acfc45-bdfb-4343-9004-9be15dfd844c,java/lang/StringBuilder.java,append
12acfc45-bdfb-4343-9004-9be15dfd844c,server/model/players/skills/SmithingInterface.java,makeIronInterface,->,12acfc45-bdfb-4343-9004-9be15dfd844c,java/lang/StringBuilder.java,toString
12acfc45-bdfb-4343-9004-9be15dfd844c,server/model/players/skills/SmithingInterface.java,makeIronInterface,->,12acfc45-bdfb-4343-9004-9be15dfd844c,991eb2a8-284a-4290-ae08-f54cf8834706,609517a1-3a8b-4bd9-8623-3cae47c33a17
12acfc45-bdfb-4343-9004-9be15dfd844c,server/model/players/skills/SmithingInterface.java,makeIronInterface,->,12acfc45-bdfb-4343-9004-9be15dfd844c,server/model/players/Client.java,getPA
12acfc45-bdfb-4343-9004-9be15dfd844c,server/model/players/skills/SmithingInterface.java,makeIronInterface,->,12acfc45-bdfb-4343-9004-9be15dfd844c,java/lang/StringBuilder.java,append
12acfc45-bdfb-4343-9004-9be15dfd844c,server/model/players/skills/SmithingInterface.java,makeIronInterface,->,12acfc45-bdfb-4343-9004-9be15dfd844c,java/lang/StringBuilder.java,append
12acfc45-bdfb-4343-9004-9be15dfd844c,server/model/players/skills/SmithingInterface.java,makeIronInterface,->,12acfc45-bdfb-4343-9004-9be15dfd844c,java/lang/StringBuilder.java,append
12acfc45-bdfb-4343-9004-9be15dfd844c,server/model/players/skills/SmithingInterface.java,makeIronInterface,->,12acfc45-bdfb-4343-9004-9be15dfd844c,java/lang/StringBuilder.java,toString
12acfc45-bdfb-4343-9004-9be15dfd844c,server/model/players/skills/SmithingInterface.java,makeIronInterface,->,12acfc45-bdfb-4343-9004-9be15dfd844c,991eb2a8-284a-4290-ae08-f54cf8834706,609517a1-3a8b-4bd9-8623-3cae47c33a17
12acfc45-bdfb-4343-9004-9be15dfd844c,server/model/players/skills/SmithingInterface.java,makeIronInterface,->,12acfc45-bdfb-4343-9004-9be15dfd844c,server/model/players/Client.java,getPA
12acfc45-bdfb-4343-9004-9be15dfd844c,server/model/players/skills/SmithingInterface.java,makeIronInterface,->,12acfc45-bdfb-4343-9004-9be15dfd844c,java/lang/StringBuilder.java,append
12acfc45-bdfb-4343-9004-9be15dfd844c,server/model/players/skills/SmithingInterface.java,makeIronInterface,->,12acfc45-bdfb-4343-9004-9be15dfd844c,java/lang/StringBuilder.java,append
12acfc45-bdfb-4343-9004-9be15dfd844c,server/model/players/skills/SmithingInterface.java,makeIronInterface,->,12acfc45-bdfb-4343-9004-9be15dfd844c,java/lang/StringBuilder.java,append
12acfc45-bdfb-4343-9004-9be15dfd844c,server/model/players/skills/SmithingInterface.java,makeIronInterface,->,12acfc45-bdfb-4343-9004-9be15dfd844c,java/lang/StringBuilder.java,toString
12acfc45-bdfb-4343-9004-9be15dfd844c,server/model/players/skills/SmithingInterface.java,makeIronInterface,->,12acfc45-bdfb-4343-9004-9be15dfd844c,991eb2a8-284a-4290-ae08-f54cf8834706,609517a1-3a8b-4bd9-8623-3cae47c33a17
12acfc45-bdfb-4343-9004-9be15dfd844c,server/model/players/skills/SmithingInterface.java,makeIronInterface,->,12acfc45-bdfb-4343-9004-9be15dfd844c,server/model/players/Client.java,getPA
12acfc45-bdfb-4343-9004-9be15dfd844c,server/model/players/skills/SmithingInterface.java,makeIronInterface,->,12acfc45-bdfb-4343-9004-9be15dfd844c,java/lang/StringBuilder.java,append
12acfc45-bdfb-4343-9004-9be15dfd844c,server/model/players/skills/SmithingInterface.java,makeIronInterface,->,12acfc45-bdfb-4343-9004-9be15dfd844c,java/lang/StringBuilder.java,append
12acfc45-bdfb-4343-9004-9be15dfd844c,server/model/players/skills/SmithingInterface.java,makeIronInterface,->,12acfc45-bdfb-4343-9004-9be15dfd844c,java/lang/StringBuilder.java,append
12acfc45-bdfb-4343-9004-9be15dfd844c,server/model/players/skills/SmithingInterface.java,makeIronInterface,->,12acfc45-bdfb-4343-9004-9be15dfd844c,java/lang/StringBuilder.java,toString
12acfc45-bdfb-4343-9004-9be15dfd844c,server/model/players/skills/SmithingInterface.java,makeIronInterface,->,12acfc45-bdfb-4343-9004-9be15dfd844c,991eb2a8-284a-4290-ae08-f54cf8834706,609517a1-3a8b-4bd9-8623-3cae47c33a17
12acfc45-bdfb-4343-9004-9be15dfd844c,server/model/players/skills/SmithingInterface.java,makeIronInterface,->,12acfc45-bdfb-4343-9004-9be15dfd844c,server/model/players/Client.java,getPA
12acfc45-bdfb-4343-9004-9be15dfd844c,server/model/players/skills/SmithingInterface.java,makeIronInterface,->,12acfc45-bdfb-4343-9004-9be15dfd844c,java/lang/StringBuilder.java,append
12acfc45-bdfb-4343-9004-9be15dfd844c,server/model/players/skills/SmithingInterface.java,makeIronInterface,->,12acfc45-bdfb-4343-9004-9be15dfd844c,java/lang/StringBuilder.java,append
12acfc45-bdfb-4343-9004-9be15dfd844c,server/model/players/skills/SmithingInterface.java,makeIronInterface,->,12acfc45-bdfb-4343-9004-9be15dfd844c,java/lang/StringBuilder.java,append
12acfc45-bdfb-4343-9004-9be15dfd844c,server/model/players/skills/SmithingInterface.java,makeIronInterface,->,12acfc45-bdfb-4343-9004-9be15dfd844c,java/lang/StringBuilder.java,toString
12acfc45-bdfb-4343-9004-9be15dfd844c,server/model/players/skills/SmithingInterface.java,makeIronInterface,->,12acfc45-bdfb-4343-9004-9be15dfd844c,991eb2a8-284a-4290-ae08-f54cf8834706,609517a1-3a8b-4bd9-8623-3cae47c33a17
12acfc45-bdfb-4343-9004-9be15dfd844c,server/model/players/skills/SmithingInterface.java,makeIronInterface,->,12acfc45-bdfb-4343-9004-9be15dfd844c,server/model/players/Client.java,getPA
12acfc45-bdfb-4343-9004-9be15dfd844c,server/model/players/skills/SmithingInterface.java,makeIronInterface,->,12acfc45-bdfb-4343-9004-9be15dfd844c,java/lang/StringBuilder.java,append
12acfc45-bdfb-4343-9004-9be15dfd844c,server/model/players/skills/SmithingInterface.java,makeIronInterface,->,12acfc45-bdfb-4343-9004-9be15dfd844c,java/lang/StringBuilder.java,append
12acfc45-bdfb-4343-9004-9be15dfd844c,server/model/players/skills/SmithingInterface.java,makeIronInterface,->,12acfc45-bdfb-4343-9004-9be15dfd844c,java/lang/StringBuilder.java,append
12acfc45-bdfb-4343-9004-9be15dfd844c,server/model/players/skills/SmithingInterface.java,makeIronInterface,->,12acfc45-bdfb-4343-9004-9be15dfd844c,java/lang/StringBuilder.java,toString
12acfc45-bdfb-4343-9004-9be15dfd844c,server/model/players/skills/SmithingInterface.java,makeIronInterface,->,12acfc45-bdfb-4343-9004-9be15dfd844c,991eb2a8-284a-4290-ae08-f54cf8834706,609517a1-3a8b-4bd9-8623-3cae47c33a17
12acfc45-bdfb-4343-9004-9be15dfd844c,server/model/players/skills/SmithingInterface.java,makeIronInterface,->,12acfc45-bdfb-4343-9004-9be15dfd844c,server/model/players/Client.java,getPA
12acfc45-bdfb-4343-9004-9be15dfd844c,server/model/players/skills/SmithingInterface.java,makeIronInterface,->,12acfc45-bdfb-4343-9004-9be15dfd844c,java/lang/StringBuilder.java,append
12acfc45-bdfb-4343-9004-9be15dfd844c,server/model/players/skills/SmithingInterface.java,makeIronInterface,->,12acfc45-bdfb-4343-9004-9be15dfd844c,java/lang/StringBuilder.java,append
12acfc45-bdfb-4343-9004-9be15dfd844c,server/model/players/skills/SmithingInterface.java,makeIronInterface,->,12acfc45-bdfb-4343-9004-9be15dfd844c,java/lang/StringBuilder.java,append
12acfc45-bdfb-4343-9004-9be15dfd844c,server/model/players/skills/SmithingInterface.java,makeIronInterface,->,12acfc45-bdfb-4343-9004-9be15dfd844c,java/lang/StringBuilder.java,toString
12acfc45-bdfb-4343-9004-9be15dfd844c,server/model/players/skills/SmithingInterface.java,makeIronInterface,->,12acfc45-bdfb-4343-9004-9be15dfd844c,991eb2a8-284a-4290-ae08-f54cf8834706,609517a1-3a8b-4bd9-8623-3cae47c33a17
12acfc45-bdfb-4343-9004-9be15dfd844c,server/model/players/skills/SmithingInterface.java,makeIronInterface,->,12acfc45-bdfb-4343-9004-9be15dfd844c,server/model/players/Client.java,getPA
12acfc45-bdfb-4343-9004-9be15dfd844c,server/model/players/skills/SmithingInterface.java,makeIronInterface,->,12acfc45-bdfb-4343-9004-9be15dfd844c,java/lang/StringBuilder.java,append
12acfc45-bdfb-4343-9004-9be15dfd844c,server/model/players/skills/SmithingInterface.java,makeIronInterface,->,12acfc45-bdfb-4343-9004-9be15dfd844c,java/lang/StringBuilder.java,append
12acfc45-bdfb-4343-9004-9be15dfd844c,server/model/players/skills/SmithingInterface.java,makeIronInterface,->,12acfc45-bdfb-4343-9004-9be15dfd844c,java/lang/StringBuilder.java,append
12acfc45-bdfb-4343-9004-9be15dfd844c,server/model/players/skills/SmithingInterface.java,makeIronInterface,->,12acfc45-bdfb-4343-9004-9be15dfd844c,java/lang/StringBuilder.java,toString
12acfc45-bdfb-4343-9004-9be15dfd844c,server/model/players/skills/SmithingInterface.java,makeIronInterface,->,12acfc45-bdfb-4343-9004-9be15dfd844c,991eb2a8-284a-4290-ae08-f54cf8834706,609517a1-3a8b-4bd9-8623-3cae47c33a17
12acfc45-bdfb-4343-9004-9be15dfd844c,server/model/players/skills/SmithingInterface.java,makeIronInterface,->,12acfc45-bdfb-4343-9004-9be15dfd844c,server/model/players/Client.java,getPA
12acfc45-bdfb-4343-9004-9be15dfd844c,server/model/players/skills/SmithingInterface.java,makeIronInterface,->,12acfc45-bdfb-4343-9004-9be15dfd844c,java/lang/StringBuilder.java,append
12acfc45-bdfb-4343-9004-9be15dfd844c,server/model/players/skills/SmithingInterface.java,makeIronInterface,->,12acfc45-bdfb-4343-9004-9be15dfd844c,java/lang/StringBuilder.java,append
12acfc45-bdfb-4343-9004-9be15dfd844c,server/model/players/skills/SmithingInterface.java,makeIronInterface,->,12acfc45-bdfb-4343-9004-9be15dfd844c,java/lang/StringBuilder.java,append
12acfc45-bdfb-4343-9004-9be15dfd844c,server/model/players/skills/SmithingInterface.java,makeIronInterface,->,12acfc45-bdfb-4343-9004-9be15dfd844c,java/lang/StringBuilder.java,toString
12acfc45-bdfb-4343-9004-9be15dfd844c,server/model/players/skills/SmithingInterface.java,makeIronInterface,->,12acfc45-bdfb-4343-9004-9be15dfd844c,991eb2a8-284a-4290-ae08-f54cf8834706,609517a1-3a8b-4bd9-8623-3cae47c33a17
12acfc45-bdfb-4343-9004-9be15dfd844c,server/model/players/skills/SmithingInterface.java,makeIronInterface,->,12acfc45-bdfb-4343-9004-9be15dfd844c,server/model/players/Client.java,getPA
12acfc45-bdfb-4343-9004-9be15dfd844c,server/model/players/skills/SmithingInterface.java,makeIronInterface,->,12acfc45-bdfb-4343-9004-9be15dfd844c,java/lang/StringBuilder.java,append
12acfc45-bdfb-4343-9004-9be15dfd844c,server/model/players/skills/SmithingInterface.java,makeIronInterface,->,12acfc45-bdfb-4343-9004-9be15dfd844c,java/lang/StringBuilder.java,append
12acfc45-bdfb-4343-9004-9be15dfd844c,server/model/players/skills/SmithingInterface.java,makeIronInterface,->,12acfc45-bdfb-4343-9004-9be15dfd844c,java/lang/StringBuilder.java,append
12acfc45-bdfb-4343-9004-9be15dfd844c,server/model/players/skills/SmithingInterface.java,makeIronInterface,->,12acfc45-bdfb-4343-9004-9be15dfd844c,java/lang/StringBuilder.java,toString
12acfc45-bdfb-4343-9004-9be15dfd844c,server/model/players/skills/SmithingInterface.java,makeIronInterface,->,12acfc45-bdfb-4343-9004-9be15dfd844c,991eb2a8-284a-4290-ae08-f54cf8834706,609517a1-3a8b-4bd9-8623-3cae47c33a17
12acfc45-bdfb-4343-9004-9be15dfd844c,server/model/players/skills/SmithingInterface.java,makeIronInterface,->,12acfc45-bdfb-4343-9004-9be15dfd844c,server/model/players/Client.java,getPA
12acfc45-bdfb-4343-9004-9be15dfd844c,server/model/players/skills/SmithingInterface.java,makeIronInterface,->,12acfc45-bdfb-4343-9004-9be15dfd844c,java/lang/StringBuilder.java,append
12acfc45-bdfb-4343-9004-9be15dfd844c,server/model/players/skills/SmithingInterface.java,makeIronInterface,->,12acfc45-bdfb-4343-9004-9be15dfd844c,java/lang/StringBuilder.java,append
12acfc45-bdfb-4343-9004-9be15dfd844c,server/model/players/skills/SmithingInterface.java,makeIronInterface,->,12acfc45-bdfb-4343-9004-9be15dfd844c,java/lang/StringBuilder.java,append
12acfc45-bdfb-4343-9004-9be15dfd844c,server/model/players/skills/SmithingInterface.java,makeIronInterface,->,12acfc45-bdfb-4343-9004-9be15dfd844c,java/lang/StringBuilder.java,toString
12acfc45-bdfb-4343-9004-9be15dfd844c,server/model/players/skills/SmithingInterface.java,makeIronInterface,->,12acfc45-bdfb-4343-9004-9be15dfd844c,991eb2a8-284a-4290-ae08-f54cf8834706,609517a1-3a8b-4bd9-8623-3cae47c33a17
12acfc45-bdfb-4343-9004-9be15dfd844c,server/model/players/skills/SmithingInterface.java,makeIronInterface,->,12acfc45-bdfb-4343-9004-9be15dfd844c,server/model/players/Client.java,getPA
12acfc45-bdfb-4343-9004-9be15dfd844c,server/model/players/skills/SmithingInterface.java,makeIronInterface,->,12acfc45-bdfb-4343-9004-9be15dfd844c,java/lang/StringBuilder.java,append
12acfc45-bdfb-4343-9004-9be15dfd844c,server/model/players/skills/SmithingInterface.java,makeIronInterface,->,12acfc45-bdfb-4343-9004-9be15dfd844c,java/lang/StringBuilder.java,append
12acfc45-bdfb-4343-9004-9be15dfd844c,server/model/players/skills/SmithingInterface.java,makeIronInterface,->,12acfc45-bdfb-4343-9004-9be15dfd844c,java/lang/StringBuilder.java,append
12acfc45-bdfb-4343-9004-9be15dfd844c,server/model/players/skills/SmithingInterface.java,makeIronInterface,->,12acfc45-bdfb-4343-9004-9be15dfd844c,java/lang/StringBuilder.java,toString
12acfc45-bdfb-4343-9004-9be15dfd844c,server/model/players/skills/SmithingInterface.java,makeIronInterface,->,12acfc45-bdfb-4343-9004-9be15dfd844c,991eb2a8-284a-4290-ae08-f54cf8834706,609517a1-3a8b-4bd9-8623-3cae47c33a17
12acfc45-bdfb-4343-9004-9be15dfd844c,server/model/players/skills/SmithingInterface.java,makeIronInterface,->,12acfc45-bdfb-4343-9004-9be15dfd844c,server/model/players/Client.java,getPA
12acfc45-bdfb-4343-9004-9be15dfd844c,server/model/players/skills/SmithingInterface.java,makeIronInterface,->,12acfc45-bdfb-4343-9004-9be15dfd844c,java/lang/StringBuilder.java,append
12acfc45-bdfb-4343-9004-9be15dfd844c,server/model/players/skills/SmithingInterface.java,makeIronInterface,->,12acfc45-bdfb-4343-9004-9be15dfd844c,java/lang/StringBuilder.java,append
12acfc45-bdfb-4343-9004-9be15dfd844c,server/model/players/skills/SmithingInterface.java,makeIronInterface,->,12acfc45-bdfb-4343-9004-9be15dfd844c,java/lang/StringBuilder.java,append
12acfc45-bdfb-4343-9004-9be15dfd844c,server/model/players/skills/SmithingInterface.java,makeIronInterface,->,12acfc45-bdfb-4343-9004-9be15dfd844c,java/lang/StringBuilder.java,toString
12acfc45-bdfb-4343-9004-9be15dfd844c,server/model/players/skills/SmithingInterface.java,makeIronInterface,->,12acfc45-bdfb-4343-9004-9be15dfd844c,991eb2a8-284a-4290-ae08-f54cf8834706,609517a1-3a8b-4bd9-8623-3cae47c33a17
12acfc45-bdfb-4343-9004-9be15dfd844c,server/model/players/skills/SmithingInterface.java,makeIronInterface,->,12acfc45-bdfb-4343-9004-9be15dfd844c,server/model/players/Client.java,getPA
12acfc45-bdfb-4343-9004-9be15dfd844c,server/model/players/skills/SmithingInterface.java,makeIronInterface,->,12acfc45-bdfb-4343-9004-9be15dfd844c,java/lang/StringBuilder.java,append
12acfc45-bdfb-4343-9004-9be15dfd844c,server/model/players/skills/SmithingInterface.java,makeIronInterface,->,12acfc45-bdfb-4343-9004-9be15dfd844c,java/lang/StringBuilder.java,append
12acfc45-bdfb-4343-9004-9be15dfd844c,server/model/players/skills/SmithingInterface.java,makeIronInterface,->,12acfc45-bdfb-4343-9004-9be15dfd844c,java/lang/StringBuilder.java,append
12acfc45-bdfb-4343-9004-9be15dfd844c,server/model/players/skills/SmithingInterface.java,makeIronInterface,->,12acfc45-bdfb-4343-9004-9be15dfd844c,java/lang/StringBuilder.java,toString
12acfc45-bdfb-4343-9004-9be15dfd844c,server/model/players/skills/SmithingInterface.java,makeIronInterface,->,12acfc45-bdfb-4343-9004-9be15dfd844c,991eb2a8-284a-4290-ae08-f54cf8834706,609517a1-3a8b-4bd9-8623-3cae47c33a17
12acfc45-bdfb-4343-9004-9be15dfd844c,server/model/players/skills/SmithingInterface.java,makeIronInterface,->,12acfc45-bdfb-4343-9004-9be15dfd844c,server/model/players/Client.java,getPA
12acfc45-bdfb-4343-9004-9be15dfd844c,server/model/players/skills/SmithingInterface.java,makeIronInterface,->,12acfc45-bdfb-4343-9004-9be15dfd844c,java/lang/StringBuilder.java,append
12acfc45-bdfb-4343-9004-9be15dfd844c,server/model/players/skills/SmithingInterface.java,makeIronInterface,->,12acfc45-bdfb-4343-9004-9be15dfd844c,java/lang/StringBuilder.java,append
12acfc45-bdfb-4343-9004-9be15dfd844c,server/model/players/skills/SmithingInterface.java,makeIronInterface,->,12acfc45-bdfb-4343-9004-9be15dfd844c,java/lang/StringBuilder.java,append
12acfc45-bdfb-4343-9004-9be15dfd844c,server/model/players/skills/SmithingInterface.java,makeIronInterface,->,12acfc45-bdfb-4343-9004-9be15dfd844c,java/lang/StringBuilder.java,toString
12acfc45-bdfb-4343-9004-9be15dfd844c,server/model/players/skills/SmithingInterface.java,makeIronInterface,->,12acfc45-bdfb-4343-9004-9be15dfd844c,991eb2a8-284a-4290-ae08-f54cf8834706,609517a1-3a8b-4bd9-8623-3cae47c33a17
12acfc45-bdfb-4343-9004-9be15dfd844c,server/model/players/skills/SmithingInterface.java,makeIronInterface,->,12acfc45-bdfb-4343-9004-9be15dfd844c,server/model/players/Client.java,getPA
12acfc45-bdfb-4343-9004-9be15dfd844c,server/model/players/skills/SmithingInterface.java,makeIronInterface,->,12acfc45-bdfb-4343-9004-9be15dfd844c,java/lang/StringBuilder.java,append
12acfc45-bdfb-4343-9004-9be15dfd844c,server/model/players/skills/SmithingInterface.java,makeIronInterface,->,12acfc45-bdfb-4343-9004-9be15dfd844c,java/lang/StringBuilder.java,append
12acfc45-bdfb-4343-9004-9be15dfd844c,server/model/players/skills/SmithingInterface.java,makeIronInterface,->,12acfc45-bdfb-4343-9004-9be15dfd844c,java/lang/StringBuilder.java,append
12acfc45-bdfb-4343-9004-9be15dfd844c,server/model/players/skills/SmithingInterface.java,makeIronInterface,->,12acfc45-bdfb-4343-9004-9be15dfd844c,java/lang/StringBuilder.java,toString
12acfc45-bdfb-4343-9004-9be15dfd844c,server/model/players/skills/SmithingInterface.java,makeIronInterface,->,12acfc45-bdfb-4343-9004-9be15dfd844c,991eb2a8-284a-4290-ae08-f54cf8834706,609517a1-3a8b-4bd9-8623-3cae47c33a17
12acfc45-bdfb-4343-9004-9be15dfd844c,server/model/players/skills/SmithingInterface.java,makeIronInterface,->,12acfc45-bdfb-4343-9004-9be15dfd844c,server/model/players/Client.java,getPA
12acfc45-bdfb-4343-9004-9be15dfd844c,server/model/players/skills/SmithingInterface.java,makeIronInterface,->,12acfc45-bdfb-4343-9004-9be15dfd844c,server/model/players/skills/SmithingInterface.java,GetForlvl
12acfc45-bdfb-4343-9004-9be15dfd844c,server/model/players/skills/SmithingInterface.java,makeIronInterface,->,12acfc45-bdfb-4343-9004-9be15dfd844c,java/lang/StringBuilder.java,append
12acfc45-bdfb-4343-9004-9be15dfd844c,server/model/players/skills/SmithingInterface.java,makeIronInterface,->,12acfc45-bdfb-4343-9004-9be15dfd844c,java/lang/StringBuilder.java,append
12acfc45-bdfb-4343-9004-9be15dfd844c,server/model/players/skills/SmithingInterface.java,makeIronInterface,->,12acfc45-bdfb-4343-9004-9be15dfd844c,server/model/players/skills/SmithingInterface.java,GetForlvl
12acfc45-bdfb-4343-9004-9be15dfd844c,server/model/players/skills/SmithingInterface.java,makeIronInterface,->,12acfc45-bdfb-4343-9004-9be15dfd844c,java/lang/StringBuilder.java,append
12acfc45-bdfb-4343-9004-9be15dfd844c,server/model/players/skills/SmithingInterface.java,makeIronInterface,->,12acfc45-bdfb-4343-9004-9be15dfd844c,java/lang/StringBuilder.java,toString
12acfc45-bdfb-4343-9004-9be15dfd844c,server/model/players/skills/SmithingInterface.java,makeIronInterface,->,12acfc45-bdfb-4343-9004-9be15dfd844c,991eb2a8-284a-4290-ae08-f54cf8834706,609517a1-3a8b-4bd9-8623-3cae47c33a17
12acfc45-bdfb-4343-9004-9be15dfd844c,server/model/players/skills/SmithingInterface.java,makeIronInterface,->,12acfc45-bdfb-4343-9004-9be15dfd844c,server/model/players/Client.java,getPA
12acfc45-bdfb-4343-9004-9be15dfd844c,server/model/players/skills/SmithingInterface.java,makeIronInterface,->,12acfc45-bdfb-4343-9004-9be15dfd844c,server/model/players/skills/SmithingInterface.java,GetForlvl
12acfc45-bdfb-4343-9004-9be15dfd844c,server/model/players/skills/SmithingInterface.java,makeIronInterface,->,12acfc45-bdfb-4343-9004-9be15dfd844c,java/lang/StringBuilder.java,append
12acfc45-bdfb-4343-9004-9be15dfd844c,server/model/players/skills/SmithingInterface.java,makeIronInterface,->,12acfc45-bdfb-4343-9004-9be15dfd844c,java/lang/StringBuilder.java,append
12acfc45-bdfb-4343-9004-9be15dfd844c,server/model/players/skills/SmithingInterface.java,makeIronInterface,->,12acfc45-bdfb-4343-9004-9be15dfd844c,server/model/players/skills/SmithingInterface.java,GetForlvl
12acfc45-bdfb-4343-9004-9be15dfd844c,server/model/players/skills/SmithingInterface.java,makeIronInterface,->,12acfc45-bdfb-4343-9004-9be15dfd844c,java/lang/StringBuilder.java,append
12acfc45-bdfb-4343-9004-9be15dfd844c,server/model/players/skills/SmithingInterface.java,makeIronInterface,->,12acfc45-bdfb-4343-9004-9be15dfd844c,java/lang/StringBuilder.java,toString
12acfc45-bdfb-4343-9004-9be15dfd844c,server/model/players/skills/SmithingInterface.java,makeIronInterface,->,12acfc45-bdfb-4343-9004-9be15dfd844c,991eb2a8-284a-4290-ae08-f54cf8834706,609517a1-3a8b-4bd9-8623-3cae47c33a17
12acfc45-bdfb-4343-9004-9be15dfd844c,server/model/players/skills/SmithingInterface.java,makeIronInterface,->,12acfc45-bdfb-4343-9004-9be15dfd844c,server/model/players/Client.java,getPA
12acfc45-bdfb-4343-9004-9be15dfd844c,server/model/players/skills/SmithingInterface.java,makeIronInterface,->,12acfc45-bdfb-4343-9004-9be15dfd844c,server/model/players/skills/SmithingInterface.java,GetForlvl
12acfc45-bdfb-4343-9004-9be15dfd844c,server/model/players/skills/SmithingInterface.java,makeIronInterface,->,12acfc45-bdfb-4343-9004-9be15dfd844c,java/lang/StringBuilder.java,append
12acfc45-bdfb-4343-9004-9be15dfd844c,server/model/players/skills/SmithingInterface.java,makeIronInterface,->,12acfc45-bdfb-4343-9004-9be15dfd844c,java/lang/StringBuilder.java,append
12acfc45-bdfb-4343-9004-9be15dfd844c,server/model/players/skills/SmithingInterface.java,makeIronInterface,->,12acfc45-bdfb-4343-9004-9be15dfd844c,server/model/players/skills/SmithingInterface.java,GetForlvl
12acfc45-bdfb-4343-9004-9be15dfd844c,server/model/players/skills/SmithingInterface.java,makeIronInterface,->,12acfc45-bdfb-4343-9004-9be15dfd844c,java/lang/StringBuilder.java,append
12acfc45-bdfb-4343-9004-9be15dfd844c,server/model/players/skills/SmithingInterface.java,makeIronInterface,->,12acfc45-bdfb-4343-9004-9be15dfd844c,java/lang/StringBuilder.java,toString
12acfc45-bdfb-4343-9004-9be15dfd844c,server/model/players/skills/SmithingInterface.java,makeIronInterface,->,12acfc45-bdfb-4343-9004-9be15dfd844c,991eb2a8-284a-4290-ae08-f54cf8834706,609517a1-3a8b-4bd9-8623-3cae47c33a17
12acfc45-bdfb-4343-9004-9be15dfd844c,server/model/players/skills/SmithingInterface.java,makeIronInterface,->,12acfc45-bdfb-4343-9004-9be15dfd844c,server/model/players/Client.java,getPA
12acfc45-bdfb-4343-9004-9be15dfd844c,server/model/players/skills/SmithingInterface.java,makeIronInterface,->,12acfc45-bdfb-4343-9004-9be15dfd844c,server/model/players/skills/SmithingInterface.java,GetForlvl
12acfc45-bdfb-4343-9004-9be15dfd844c,server/model/players/skills/SmithingInterface.java,makeIronInterface,->,12acfc45-bdfb-4343-9004-9be15dfd844c,java/lang/StringBuilder.java,append
12acfc45-bdfb-4343-9004-9be15dfd844c,server/model/players/skills/SmithingInterface.java,makeIronInterface,->,12acfc45-bdfb-4343-9004-9be15dfd844c,java/lang/StringBuilder.java,append
12acfc45-bdfb-4343-9004-9be15dfd844c,server/model/players/skills/SmithingInterface.java,makeIronInterface,->,12acfc45-bdfb-4343-9004-9be15dfd844c,server/model/players/skills/SmithingInterface.java,GetForlvl
12acfc45-bdfb-4343-9004-9be15dfd844c,server/model/players/skills/SmithingInterface.java,makeIronInterface,->,12acfc45-bdfb-4343-9004-9be15dfd844c,java/lang/StringBuilder.java,append
12acfc45-bdfb-4343-9004-9be15dfd844c,server/model/players/skills/SmithingInterface.java,makeIronInterface,->,12acfc45-bdfb-4343-9004-9be15dfd844c,java/lang/StringBuilder.java,toString
12acfc45-bdfb-4343-9004-9be15dfd844c,server/model/players/skills/SmithingInterface.java,makeIronInterface,->,12acfc45-bdfb-4343-9004-9be15dfd844c,991eb2a8-284a-4290-ae08-f54cf8834706,609517a1-3a8b-4bd9-8623-3cae47c33a17
12acfc45-bdfb-4343-9004-9be15dfd844c,server/model/players/skills/SmithingInterface.java,makeIronInterface,->,12acfc45-bdfb-4343-9004-9be15dfd844c,server/model/players/Client.java,getPA
12acfc45-bdfb-4343-9004-9be15dfd844c,server/model/players/skills/SmithingInterface.java,makeIronInterface,->,12acfc45-bdfb-4343-9004-9be15dfd844c,server/model/players/skills/SmithingInterface.java,GetForlvl
12acfc45-bdfb-4343-9004-9be15dfd844c,server/model/players/skills/SmithingInterface.java,makeIronInterface,->,12acfc45-bdfb-4343-9004-9be15dfd844c,java/lang/StringBuilder.java,append
12acfc45-bdfb-4343-9004-9be15dfd844c,server/model/players/skills/SmithingInterface.java,makeIronInterface,->,12acfc45-bdfb-4343-9004-9be15dfd844c,java/lang/StringBuilder.java,append
12acfc45-bdfb-4343-9004-9be15dfd844c,server/model/players/skills/SmithingInterface.java,makeIronInterface,->,12acfc45-bdfb-4343-9004-9be15dfd844c,server/model/players/skills/SmithingInterface.java,GetForlvl
12acfc45-bdfb-4343-9004-9be15dfd844c,server/model/players/skills/SmithingInterface.java,makeIronInterface,->,12acfc45-bdfb-4343-9004-9be15dfd844c,java/lang/StringBuilder.java,append
12acfc45-bdfb-4343-9004-9be15dfd844c,server/model/players/skills/SmithingInterface.java,makeIronInterface,->,12acfc45-bdfb-4343-9004-9be15dfd844c,java/lang/StringBuilder.java,toString
12acfc45-bdfb-4343-9004-9be15dfd844c,server/model/players/skills/SmithingInterface.java,makeIronInterface,->,12acfc45-bdfb-4343-9004-9be15dfd844c,991eb2a8-284a-4290-ae08-f54cf8834706,609517a1-3a8b-4bd9-8623-3cae47c33a17
12acfc45-bdfb-4343-9004-9be15dfd844c,server/model/players/skills/SmithingInterface.java,makeIronInterface,->,12acfc45-bdfb-4343-9004-9be15dfd844c,server/model/players/Client.java,getPA
12acfc45-bdfb-4343-9004-9be15dfd844c,server/model/players/skills/SmithingInterface.java,makeIronInterface,->,12acfc45-bdfb-4343-9004-9be15dfd844c,server/model/players/skills/SmithingInterface.java,GetForlvl
12acfc45-bdfb-4343-9004-9be15dfd844c,server/model/players/skills/SmithingInterface.java,makeIronInterface,->,12acfc45-bdfb-4343-9004-9be15dfd844c,java/lang/StringBuilder.java,append
12acfc45-bdfb-4343-9004-9be15dfd844c,server/model/players/skills/SmithingInterface.java,makeIronInterface,->,12acfc45-bdfb-4343-9004-9be15dfd844c,java/lang/StringBuilder.java,append
12acfc45-bdfb-4343-9004-9be15dfd844c,server/model/players/skills/SmithingInterface.java,makeIronInterface,->,12acfc45-bdfb-4343-9004-9be15dfd844c,server/model/players/skills/SmithingInterface.java,GetForlvl
12acfc45-bdfb-4343-9004-9be15dfd844c,server/model/players/skills/SmithingInterface.java,makeIronInterface,->,12acfc45-bdfb-4343-9004-9be15dfd844c,java/lang/StringBuilder.java,append
12acfc45-bdfb-4343-9004-9be15dfd844c,server/model/players/skills/SmithingInterface.java,makeIronInterface,->,12acfc45-bdfb-4343-9004-9be15dfd844c,java/lang/StringBuilder.java,toString
12acfc45-bdfb-4343-9004-9be15dfd844c,server/model/players/skills/SmithingInterface.java,makeIronInterface,->,12acfc45-bdfb-4343-9004-9be15dfd844c,991eb2a8-284a-4290-ae08-f54cf8834706,609517a1-3a8b-4bd9-8623-3cae47c33a17
12acfc45-bdfb-4343-9004-9be15dfd844c,server/model/players/skills/SmithingInterface.java,makeIronInterface,->,12acfc45-bdfb-4343-9004-9be15dfd844c,server/model/players/Client.java,getPA
12acfc45-bdfb-4343-9004-9be15dfd844c,server/model/players/skills/SmithingInterface.java,makeIronInterface,->,12acfc45-bdfb-4343-9004-9be15dfd844c,server/model/players/skills/SmithingInterface.java,GetForlvl
12acfc45-bdfb-4343-9004-9be15dfd844c,server/model/players/skills/SmithingInterface.java,makeIronInterface,->,12acfc45-bdfb-4343-9004-9be15dfd844c,java/lang/StringBuilder.java,append
12acfc45-bdfb-4343-9004-9be15dfd844c,server/model/players/skills/SmithingInterface.java,makeIronInterface,->,12acfc45-bdfb-4343-9004-9be15dfd844c,java/lang/StringBuilder.java,append
12acfc45-bdfb-4343-9004-9be15dfd844c,server/model/players/skills/SmithingInterface.java,makeIronInterface,->,12acfc45-bdfb-4343-9004-9be15dfd844c,server/model/players/skills/SmithingInterface.java,GetForlvl
12acfc45-bdfb-4343-9004-9be15dfd844c,server/model/players/skills/SmithingInterface.java,makeIronInterface,->,12acfc45-bdfb-4343-9004-9be15dfd844c,java/lang/StringBuilder.java,append
12acfc45-bdfb-4343-9004-9be15dfd844c,server/model/players/skills/SmithingInterface.java,makeIronInterface,->,12acfc45-bdfb-4343-9004-9be15dfd844c,java/lang/StringBuilder.java,toString
12acfc45-bdfb-4343-9004-9be15dfd844c,server/model/players/skills/SmithingInterface.java,makeIronInterface,->,12acfc45-bdfb-4343-9004-9be15dfd844c,991eb2a8-284a-4290-ae08-f54cf8834706,609517a1-3a8b-4bd9-8623-3cae47c33a17
12acfc45-bdfb-4343-9004-9be15dfd844c,server/model/players/skills/SmithingInterface.java,makeIronInterface,->,12acfc45-bdfb-4343-9004-9be15dfd844c,server/model/players/Client.java,getPA
12acfc45-bdfb-4343-9004-9be15dfd844c,server/model/players/skills/SmithingInterface.java,makeIronInterface,->,12acfc45-bdfb-4343-9004-9be15dfd844c,server/model/players/skills/SmithingInterface.java,GetForlvl
12acfc45-bdfb-4343-9004-9be15dfd844c,server/model/players/skills/SmithingInterface.java,makeIronInterface,->,12acfc45-bdfb-4343-9004-9be15dfd844c,java/lang/StringBuilder.java,append
12acfc45-bdfb-4343-9004-9be15dfd844c,server/model/players/skills/SmithingInterface.java,makeIronInterface,->,12acfc45-bdfb-4343-9004-9be15dfd844c,java/lang/StringBuilder.java,append
12acfc45-bdfb-4343-9004-9be15dfd844c,server/model/players/skills/SmithingInterface.java,makeIronInterface,->,12acfc45-bdfb-4343-9004-9be15dfd844c,server/model/players/skills/SmithingInterface.java,GetForlvl
12acfc45-bdfb-4343-9004-9be15dfd844c,server/model/players/skills/SmithingInterface.java,makeIronInterface,->,12acfc45-bdfb-4343-9004-9be15dfd844c,java/lang/StringBuilder.java,append
12acfc45-bdfb-4343-9004-9be15dfd844c,server/model/players/skills/SmithingInterface.java,makeIronInterface,->,12acfc45-bdfb-4343-9004-9be15dfd844c,java/lang/StringBuilder.java,toString
12acfc45-bdfb-4343-9004-9be15dfd844c,server/model/players/skills/SmithingInterface.java,makeIronInterface,->,12acfc45-bdfb-4343-9004-9be15dfd844c,991eb2a8-284a-4290-ae08-f54cf8834706,609517a1-3a8b-4bd9-8623-3cae47c33a17
12acfc45-bdfb-4343-9004-9be15dfd844c,server/model/players/skills/SmithingInterface.java,makeIronInterface,->,12acfc45-bdfb-4343-9004-9be15dfd844c,server/model/players/Client.java,getPA
12acfc45-bdfb-4343-9004-9be15dfd844c,server/model/players/skills/SmithingInterface.java,makeIronInterface,->,12acfc45-bdfb-4343-9004-9be15dfd844c,server/model/players/skills/SmithingInterface.java,GetForlvl
12acfc45-bdfb-4343-9004-9be15dfd844c,server/model/players/skills/SmithingInterface.java,makeIronInterface,->,12acfc45-bdfb-4343-9004-9be15dfd844c,java/lang/StringBuilder.java,append
12acfc45-bdfb-4343-9004-9be15dfd844c,server/model/players/skills/SmithingInterface.java,makeIronInterface,->,12acfc45-bdfb-4343-9004-9be15dfd844c,java/lang/StringBuilder.java,append
12acfc45-bdfb-4343-9004-9be15dfd844c,server/model/players/skills/SmithingInterface.java,makeIronInterface,->,12acfc45-bdfb-4343-9004-9be15dfd844c,server/model/players/skills/SmithingInterface.java,GetForlvl
12acfc45-bdfb-4343-9004-9be15dfd844c,server/model/players/skills/SmithingInterface.java,makeIronInterface,->,12acfc45-bdfb-4343-9004-9be15dfd844c,java/lang/StringBuilder.java,append
12acfc45-bdfb-4343-9004-9be15dfd844c,server/model/players/skills/SmithingInterface.java,makeIronInterface,->,12acfc45-bdfb-4343-9004-9be15dfd844c,java/lang/StringBuilder.java,toString
12acfc45-bdfb-4343-9004-9be15dfd844c,server/model/players/skills/SmithingInterface.java,makeIronInterface,->,12acfc45-bdfb-4343-9004-9be15dfd844c,991eb2a8-284a-4290-ae08-f54cf8834706,609517a1-3a8b-4bd9-8623-3cae47c33a17
12acfc45-bdfb-4343-9004-9be15dfd844c,server/model/players/skills/SmithingInterface.java,makeIronInterface,->,12acfc45-bdfb-4343-9004-9be15dfd844c,server/model/players/Client.java,getPA
12acfc45-bdfb-4343-9004-9be15dfd844c,server/model/players/skills/SmithingInterface.java,makeIronInterface,->,12acfc45-bdfb-4343-9004-9be15dfd844c,server/model/players/skills/SmithingInterface.java,GetForlvl
12acfc45-bdfb-4343-9004-9be15dfd844c,server/model/players/skills/SmithingInterface.java,makeIronInterface,->,12acfc45-bdfb-4343-9004-9be15dfd844c,java/lang/StringBuilder.java,append
12acfc45-bdfb-4343-9004-9be15dfd844c,server/model/players/skills/SmithingInterface.java,makeIronInterface,->,12acfc45-bdfb-4343-9004-9be15dfd844c,java/lang/StringBuilder.java,append
12acfc45-bdfb-4343-9004-9be15dfd844c,server/model/players/skills/SmithingInterface.java,makeIronInterface,->,12acfc45-bdfb-4343-9004-9be15dfd844c,server/model/players/skills/SmithingInterface.java,GetForlvl
12acfc45-bdfb-4343-9004-9be15dfd844c,server/model/players/skills/SmithingInterface.java,makeIronInterface,->,12acfc45-bdfb-4343-9004-9be15dfd844c,java/lang/StringBuilder.java,append
12acfc45-bdfb-4343-9004-9be15dfd844c,server/model/players/skills/SmithingInterface.java,makeIronInterface,->,12acfc45-bdfb-4343-9004-9be15dfd844c,java/lang/StringBuilder.java,toString
12acfc45-bdfb-4343-9004-9be15dfd844c,server/model/players/skills/SmithingInterface.java,makeIronInterface,->,12acfc45-bdfb-4343-9004-9be15dfd844c,991eb2a8-284a-4290-ae08-f54cf8834706,609517a1-3a8b-4bd9-8623-3cae47c33a17
12acfc45-bdfb-4343-9004-9be15dfd844c,server/model/players/skills/SmithingInterface.java,makeIronInterface,->,12acfc45-bdfb-4343-9004-9be15dfd844c,server/model/players/Client.java,getPA
12acfc45-bdfb-4343-9004-9be15dfd844c,server/model/players/skills/SmithingInterface.java,makeIronInterface,->,12acfc45-bdfb-4343-9004-9be15dfd844c,server/model/players/skills/SmithingInterface.java,GetForlvl
12acfc45-bdfb-4343-9004-9be15dfd844c,server/model/players/skills/SmithingInterface.java,makeIronInterface,->,12acfc45-bdfb-4343-9004-9be15dfd844c,java/lang/StringBuilder.java,append
12acfc45-bdfb-4343-9004-9be15dfd844c,server/model/players/skills/SmithingInterface.java,makeIronInterface,->,12acfc45-bdfb-4343-9004-9be15dfd844c,java/lang/StringBuilder.java,append
12acfc45-bdfb-4343-9004-9be15dfd844c,server/model/players/skills/SmithingInterface.java,makeIronInterface,->,12acfc45-bdfb-4343-9004-9be15dfd844c,server/model/players/skills/SmithingInterface.java,GetForlvl
12acfc45-bdfb-4343-9004-9be15dfd844c,server/model/players/skills/SmithingInterface.java,makeIronInterface,->,12acfc45-bdfb-4343-9004-9be15dfd844c,java/lang/StringBuilder.java,append
12acfc45-bdfb-4343-9004-9be15dfd844c,server/model/players/skills/SmithingInterface.java,makeIronInterface,->,12acfc45-bdfb-4343-9004-9be15dfd844c,java/lang/StringBuilder.java,toString
12acfc45-bdfb-4343-9004-9be15dfd844c,server/model/players/skills/SmithingInterface.java,makeIronInterface,->,12acfc45-bdfb-4343-9004-9be15dfd844c,991eb2a8-284a-4290-ae08-f54cf8834706,609517a1-3a8b-4bd9-8623-3cae47c33a17
12acfc45-bdfb-4343-9004-9be15dfd844c,server/model/players/skills/SmithingInterface.java,makeIronInterface,->,12acfc45-bdfb-4343-9004-9be15dfd844c,server/model/players/Client.java,getPA
12acfc45-bdfb-4343-9004-9be15dfd844c,server/model/players/skills/SmithingInterface.java,makeIronInterface,->,12acfc45-bdfb-4343-9004-9be15dfd844c,server/model/players/skills/SmithingInterface.java,GetForlvl
12acfc45-bdfb-4343-9004-9be15dfd844c,server/model/players/skills/SmithingInterface.java,makeIronInterface,->,12acfc45-bdfb-4343-9004-9be15dfd844c,java/lang/StringBuilder.java,append
12acfc45-bdfb-4343-9004-9be15dfd844c,server/model/players/skills/SmithingInterface.java,makeIronInterface,->,12acfc45-bdfb-4343-9004-9be15dfd844c,java/lang/StringBuilder.java,append
12acfc45-bdfb-4343-9004-9be15dfd844c,server/model/players/skills/SmithingInterface.java,makeIronInterface,->,12acfc45-bdfb-4343-9004-9be15dfd844c,server/model/players/skills/SmithingInterface.java,GetForlvl
12acfc45-bdfb-4343-9004-9be15dfd844c,server/model/players/skills/SmithingInterface.java,makeIronInterface,->,12acfc45-bdfb-4343-9004-9be15dfd844c,java/lang/StringBuilder.java,append
12acfc45-bdfb-4343-9004-9be15dfd844c,server/model/players/skills/SmithingInterface.java,makeIronInterface,->,12acfc45-bdfb-4343-9004-9be15dfd844c,java/lang/StringBuilder.java,toString
12acfc45-bdfb-4343-9004-9be15dfd844c,server/model/players/skills/SmithingInterface.java,makeIronInterface,->,12acfc45-bdfb-4343-9004-9be15dfd844c,991eb2a8-284a-4290-ae08-f54cf8834706,609517a1-3a8b-4bd9-8623-3cae47c33a17
12acfc45-bdfb-4343-9004-9be15dfd844c,server/model/players/skills/SmithingInterface.java,makeIronInterface,->,12acfc45-bdfb-4343-9004-9be15dfd844c,server/model/players/Client.java,getPA
12acfc45-bdfb-4343-9004-9be15dfd844c,server/model/players/skills/SmithingInterface.java,makeIronInterface,->,12acfc45-bdfb-4343-9004-9be15dfd844c,server/model/players/skills/SmithingInterface.java,GetForlvl
12acfc45-bdfb-4343-9004-9be15dfd844c,server/model/players/skills/SmithingInterface.java,makeIronInterface,->,12acfc45-bdfb-4343-9004-9be15dfd844c,java/lang/StringBuilder.java,append
12acfc45-bdfb-4343-9004-9be15dfd844c,server/model/players/skills/SmithingInterface.java,makeIronInterface,->,12acfc45-bdfb-4343-9004-9be15dfd844c,java/lang/StringBuilder.java,append
12acfc45-bdfb-4343-9004-9be15dfd844c,server/model/players/skills/SmithingInterface.java,makeIronInterface,->,12acfc45-bdfb-4343-9004-9be15dfd844c,server/model/players/skills/SmithingInterface.java,GetForlvl
12acfc45-bdfb-4343-9004-9be15dfd844c,server/model/players/skills/SmithingInterface.java,makeIronInterface,->,12acfc45-bdfb-4343-9004-9be15dfd844c,java/lang/StringBuilder.java,append
12acfc45-bdfb-4343-9004-9be15dfd844c,server/model/players/skills/SmithingInterface.java,makeIronInterface,->,12acfc45-bdfb-4343-9004-9be15dfd844c,java/lang/StringBuilder.java,toString
12acfc45-bdfb-4343-9004-9be15dfd844c,server/model/players/skills/SmithingInterface.java,makeIronInterface,->,12acfc45-bdfb-4343-9004-9be15dfd844c,991eb2a8-284a-4290-ae08-f54cf8834706,609517a1-3a8b-4bd9-8623-3cae47c33a17
12acfc45-bdfb-4343-9004-9be15dfd844c,server/model/players/skills/SmithingInterface.java,makeIronInterface,->,12acfc45-bdfb-4343-9004-9be15dfd844c,server/model/players/Client.java,getPA
12acfc45-bdfb-4343-9004-9be15dfd844c,server/model/players/skills/SmithingInterface.java,makeIronInterface,->,12acfc45-bdfb-4343-9004-9be15dfd844c,server/model/players/skills/SmithingInterface.java,GetForlvl
12acfc45-bdfb-4343-9004-9be15dfd844c,server/model/players/skills/SmithingInterface.java,makeIronInterface,->,12acfc45-bdfb-4343-9004-9be15dfd844c,java/lang/StringBuilder.java,append
12acfc45-bdfb-4343-9004-9be15dfd844c,server/model/players/skills/SmithingInterface.java,makeIronInterface,->,12acfc45-bdfb-4343-9004-9be15dfd844c,java/lang/StringBuilder.java,append
12acfc45-bdfb-4343-9004-9be15dfd844c,server/model/players/skills/SmithingInterface.java,makeIronInterface,->,12acfc45-bdfb-4343-9004-9be15dfd844c,server/model/players/skills/SmithingInterface.java,GetForlvl
12acfc45-bdfb-4343-9004-9be15dfd844c,server/model/players/skills/SmithingInterface.java,makeIronInterface,->,12acfc45-bdfb-4343-9004-9be15dfd844c,java/lang/StringBuilder.java,append
12acfc45-bdfb-4343-9004-9be15dfd844c,server/model/players/skills/SmithingInterface.java,makeIronInterface,->,12acfc45-bdfb-4343-9004-9be15dfd844c,java/lang/StringBuilder.java,toString
12acfc45-bdfb-4343-9004-9be15dfd844c,server/model/players/skills/SmithingInterface.java,makeIronInterface,->,12acfc45-bdfb-4343-9004-9be15dfd844c,991eb2a8-284a-4290-ae08-f54cf8834706,609517a1-3a8b-4bd9-8623-3cae47c33a17
12acfc45-bdfb-4343-9004-9be15dfd844c,server/model/players/skills/SmithingInterface.java,makeIronInterface,->,12acfc45-bdfb-4343-9004-9be15dfd844c,server/model/players/Client.java,getPA
12acfc45-bdfb-4343-9004-9be15dfd844c,server/model/players/skills/SmithingInterface.java,makeIronInterface,->,12acfc45-bdfb-4343-9004-9be15dfd844c,server/model/players/skills/SmithingInterface.java,GetForlvl
12acfc45-bdfb-4343-9004-9be15dfd844c,server/model/players/skills/SmithingInterface.java,makeIronInterface,->,12acfc45-bdfb-4343-9004-9be15dfd844c,java/lang/StringBuilder.java,append
12acfc45-bdfb-4343-9004-9be15dfd844c,server/model/players/skills/SmithingInterface.java,makeIronInterface,->,12acfc45-bdfb-4343-9004-9be15dfd844c,java/lang/StringBuilder.java,append
12acfc45-bdfb-4343-9004-9be15dfd844c,server/model/players/skills/SmithingInterface.java,makeIronInterface,->,12acfc45-bdfb-4343-9004-9be15dfd844c,server/model/players/skills/SmithingInterface.java,GetForlvl
12acfc45-bdfb-4343-9004-9be15dfd844c,server/model/players/skills/SmithingInterface.java,makeIronInterface,->,12acfc45-bdfb-4343-9004-9be15dfd844c,java/lang/StringBuilder.java,append
12acfc45-bdfb-4343-9004-9be15dfd844c,server/model/players/skills/SmithingInterface.java,makeIronInterface,->,12acfc45-bdfb-4343-9004-9be15dfd844c,java/lang/StringBuilder.java,toString
12acfc45-bdfb-4343-9004-9be15dfd844c,server/model/players/skills/SmithingInterface.java,makeIronInterface,->,12acfc45-bdfb-4343-9004-9be15dfd844c,991eb2a8-284a-4290-ae08-f54cf8834706,609517a1-3a8b-4bd9-8623-3cae47c33a17
12acfc45-bdfb-4343-9004-9be15dfd844c,server/model/players/skills/SmithingInterface.java,makeIronInterface,->,12acfc45-bdfb-4343-9004-9be15dfd844c,server/model/players/Client.java,getPA
12acfc45-bdfb-4343-9004-9be15dfd844c,server/model/players/skills/SmithingInterface.java,makeIronInterface,->,12acfc45-bdfb-4343-9004-9be15dfd844c,server/model/players/skills/SmithingInterface.java,GetForlvl
12acfc45-bdfb-4343-9004-9be15dfd844c,server/model/players/skills/SmithingInterface.java,makeIronInterface,->,12acfc45-bdfb-4343-9004-9be15dfd844c,java/lang/StringBuilder.java,append
12acfc45-bdfb-4343-9004-9be15dfd844c,server/model/players/skills/SmithingInterface.java,makeIronInterface,->,12acfc45-bdfb-4343-9004-9be15dfd844c,java/lang/StringBuilder.java,append
12acfc45-bdfb-4343-9004-9be15dfd844c,server/model/players/skills/SmithingInterface.java,makeIronInterface,->,12acfc45-bdfb-4343-9004-9be15dfd844c,server/model/players/skills/SmithingInterface.java,GetForlvl
12acfc45-bdfb-4343-9004-9be15dfd844c,server/model/players/skills/SmithingInterface.java,makeIronInterface,->,12acfc45-bdfb-4343-9004-9be15dfd844c,java/lang/StringBuilder.java,append
12acfc45-bdfb-4343-9004-9be15dfd844c,server/model/players/skills/SmithingInterface.java,makeIronInterface,->,12acfc45-bdfb-4343-9004-9be15dfd844c,java/lang/StringBuilder.java,toString
12acfc45-bdfb-4343-9004-9be15dfd844c,server/model/players/skills/SmithingInterface.java,makeIronInterface,->,12acfc45-bdfb-4343-9004-9be15dfd844c,991eb2a8-284a-4290-ae08-f54cf8834706,609517a1-3a8b-4bd9-8623-3cae47c33a17
12acfc45-bdfb-4343-9004-9be15dfd844c,server/model/players/skills/SmithingInterface.java,makeIronInterface,->,12acfc45-bdfb-4343-9004-9be15dfd844c,server/model/players/Client.java,getPA
12acfc45-bdfb-4343-9004-9be15dfd844c,server/model/players/skills/SmithingInterface.java,makeIronInterface,->,12acfc45-bdfb-4343-9004-9be15dfd844c,server/model/players/skills/SmithingInterface.java,GetForlvl
12acfc45-bdfb-4343-9004-9be15dfd844c,server/model/players/skills/SmithingInterface.java,makeIronInterface,->,12acfc45-bdfb-4343-9004-9be15dfd844c,java/lang/StringBuilder.java,append
12acfc45-bdfb-4343-9004-9be15dfd844c,server/model/players/skills/SmithingInterface.java,makeIronInterface,->,12acfc45-bdfb-4343-9004-9be15dfd844c,java/lang/StringBuilder.java,append
12acfc45-bdfb-4343-9004-9be15dfd844c,server/model/players/skills/SmithingInterface.java,makeIronInterface,->,12acfc45-bdfb-4343-9004-9be15dfd844c,server/model/players/skills/SmithingInterface.java,GetForlvl
12acfc45-bdfb-4343-9004-9be15dfd844c,server/model/players/skills/SmithingInterface.java,makeIronInterface,->,12acfc45-bdfb-4343-9004-9be15dfd844c,java/lang/StringBuilder.java,append
12acfc45-bdfb-4343-9004-9be15dfd844c,server/model/players/skills/SmithingInterface.java,makeIronInterface,->,12acfc45-bdfb-4343-9004-9be15dfd844c,java/lang/StringBuilder.java,toString
12acfc45-bdfb-4343-9004-9be15dfd844c,server/model/players/skills/SmithingInterface.java,makeIronInterface,->,12acfc45-bdfb-4343-9004-9be15dfd844c,991eb2a8-284a-4290-ae08-f54cf8834706,609517a1-3a8b-4bd9-8623-3cae47c33a17
12acfc45-bdfb-4343-9004-9be15dfd844c,server/model/players/skills/SmithingInterface.java,makeIronInterface,->,12acfc45-bdfb-4343-9004-9be15dfd844c,server/model/players/Client.java,getPA
12acfc45-bdfb-4343-9004-9be15dfd844c,server/model/players/skills/SmithingInterface.java,makeIronInterface,->,12acfc45-bdfb-4343-9004-9be15dfd844c,server/model/players/skills/SmithingInterface.java,GetForlvl
12acfc45-bdfb-4343-9004-9be15dfd844c,server/model/players/skills/SmithingInterface.java,makeIronInterface,->,12acfc45-bdfb-4343-9004-9be15dfd844c,java/lang/StringBuilder.java,append
12acfc45-bdfb-4343-9004-9be15dfd844c,server/model/players/skills/SmithingInterface.java,makeIronInterface,->,12acfc45-bdfb-4343-9004-9be15dfd844c,java/lang/StringBuilder.java,append
12acfc45-bdfb-4343-9004-9be15dfd844c,server/model/players/skills/SmithingInterface.java,makeIronInterface,->,12acfc45-bdfb-4343-9004-9be15dfd844c,server/model/players/skills/SmithingInterface.java,GetForlvl
12acfc45-bdfb-4343-9004-9be15dfd844c,server/model/players/skills/SmithingInterface.java,makeIronInterface,->,12acfc45-bdfb-4343-9004-9be15dfd844c,java/lang/StringBuilder.java,append
12acfc45-bdfb-4343-9004-9be15dfd844c,server/model/players/skills/SmithingInterface.java,makeIronInterface,->,12acfc45-bdfb-4343-9004-9be15dfd844c,java/lang/StringBuilder.java,toString
12acfc45-bdfb-4343-9004-9be15dfd844c,server/model/players/skills/SmithingInterface.java,makeIronInterface,->,12acfc45-bdfb-4343-9004-9be15dfd844c,991eb2a8-284a-4290-ae08-f54cf8834706,609517a1-3a8b-4bd9-8623-3cae47c33a17
12acfc45-bdfb-4343-9004-9be15dfd844c,server/model/players/skills/SmithingInterface.java,makeIronInterface,->,12acfc45-bdfb-4343-9004-9be15dfd844c,server/model/players/Client.java,getPA
12acfc45-bdfb-4343-9004-9be15dfd844c,server/model/players/skills/SmithingInterface.java,makeIronInterface,->,12acfc45-bdfb-4343-9004-9be15dfd844c,server/model/players/skills/SmithingInterface.java,GetForlvl
12acfc45-bdfb-4343-9004-9be15dfd844c,server/model/players/skills/SmithingInterface.java,makeIronInterface,->,12acfc45-bdfb-4343-9004-9be15dfd844c,java/lang/StringBuilder.java,append
12acfc45-bdfb-4343-9004-9be15dfd844c,server/model/players/skills/SmithingInterface.java,makeIronInterface,->,12acfc45-bdfb-4343-9004-9be15dfd844c,java/lang/StringBuilder.java,append
12acfc45-bdfb-4343-9004-9be15dfd844c,server/model/players/skills/SmithingInterface.java,makeIronInterface,->,12acfc45-bdfb-4343-9004-9be15dfd844c,server/model/players/skills/SmithingInterface.java,GetForlvl
12acfc45-bdfb-4343-9004-9be15dfd844c,server/model/players/skills/SmithingInterface.java,makeIronInterface,->,12acfc45-bdfb-4343-9004-9be15dfd844c,java/lang/StringBuilder.java,append
12acfc45-bdfb-4343-9004-9be15dfd844c,server/model/players/skills/SmithingInterface.java,makeIronInterface,->,12acfc45-bdfb-4343-9004-9be15dfd844c,java/lang/StringBuilder.java,toString
12acfc45-bdfb-4343-9004-9be15dfd844c,server/model/players/skills/SmithingInterface.java,makeIronInterface,->,12acfc45-bdfb-4343-9004-9be15dfd844c,991eb2a8-284a-4290-ae08-f54cf8834706,609517a1-3a8b-4bd9-8623-3cae47c33a17
12acfc45-bdfb-4343-9004-9be15dfd844c,server/model/players/skills/SmithingInterface.java,makeIronInterface,->,12acfc45-bdfb-4343-9004-9be15dfd844c,server/model/players/Client.java,getPA
12acfc45-bdfb-4343-9004-9be15dfd844c,server/model/players/skills/SmithingInterface.java,makeIronInterface,->,12acfc45-bdfb-4343-9004-9be15dfd844c,server/model/players/skills/SmithingInterface.java,GetForlvl
12acfc45-bdfb-4343-9004-9be15dfd844c,server/model/players/skills/SmithingInterface.java,makeIronInterface,->,12acfc45-bdfb-4343-9004-9be15dfd844c,java/lang/StringBuilder.java,append
12acfc45-bdfb-4343-9004-9be15dfd844c,server/model/players/skills/SmithingInterface.java,makeIronInterface,->,12acfc45-bdfb-4343-9004-9be15dfd844c,java/lang/StringBuilder.java,append
12acfc45-bdfb-4343-9004-9be15dfd844c,server/model/players/skills/SmithingInterface.java,makeIronInterface,->,12acfc45-bdfb-4343-9004-9be15dfd844c,server/model/players/skills/SmithingInterface.java,GetForlvl
12acfc45-bdfb-4343-9004-9be15dfd844c,server/model/players/skills/SmithingInterface.java,makeIronInterface,->,12acfc45-bdfb-4343-9004-9be15dfd844c,java/lang/StringBuilder.java,append
12acfc45-bdfb-4343-9004-9be15dfd844c,server/model/players/skills/SmithingInterface.java,makeIronInterface,->,12acfc45-bdfb-4343-9004-9be15dfd844c,java/lang/StringBuilder.java,toString
12acfc45-bdfb-4343-9004-9be15dfd844c,server/model/players/skills/SmithingInterface.java,makeIronInterface,->,12acfc45-bdfb-4343-9004-9be15dfd844c,991eb2a8-284a-4290-ae08-f54cf8834706,609517a1-3a8b-4bd9-8623-3cae47c33a17
12acfc45-bdfb-4343-9004-9be15dfd844c,server/model/players/skills/SmithingInterface.java,makeIronInterface,->,12acfc45-bdfb-4343-9004-9be15dfd844c,server/model/players/Client.java,getPA
12acfc45-bdfb-4343-9004-9be15dfd844c,server/model/players/skills/SmithingInterface.java,makeIronInterface,->,12acfc45-bdfb-4343-9004-9be15dfd844c,server/model/players/skills/SmithingInterface.java,GetForlvl
12acfc45-bdfb-4343-9004-9be15dfd844c,server/model/players/skills/SmithingInterface.java,makeIronInterface,->,12acfc45-bdfb-4343-9004-9be15dfd844c,java/lang/StringBuilder.java,append
12acfc45-bdfb-4343-9004-9be15dfd844c,server/model/players/skills/SmithingInterface.java,makeIronInterface,->,12acfc45-bdfb-4343-9004-9be15dfd844c,java/lang/StringBuilder.java,append
12acfc45-bdfb-4343-9004-9be15dfd844c,server/model/players/skills/SmithingInterface.java,makeIronInterface,->,12acfc45-bdfb-4343-9004-9be15dfd844c,server/model/players/skills/SmithingInterface.java,GetForlvl
12acfc45-bdfb-4343-9004-9be15dfd844c,server/model/players/skills/SmithingInterface.java,makeIronInterface,->,12acfc45-bdfb-4343-9004-9be15dfd844c,java/lang/StringBuilder.java,append
12acfc45-bdfb-4343-9004-9be15dfd844c,server/model/players/skills/SmithingInterface.java,makeIronInterface,->,12acfc45-bdfb-4343-9004-9be15dfd844c,java/lang/StringBuilder.java,toString
12acfc45-bdfb-4343-9004-9be15dfd844c,server/model/players/skills/SmithingInterface.java,makeIronInterface,->,12acfc45-bdfb-4343-9004-9be15dfd844c,991eb2a8-284a-4290-ae08-f54cf8834706,609517a1-3a8b-4bd9-8623-3cae47c33a17
12acfc45-bdfb-4343-9004-9be15dfd844c,server/model/players/skills/SmithingInterface.java,makeIronInterface,->,12acfc45-bdfb-4343-9004-9be15dfd844c,server/model/players/Client.java,getPA
12acfc45-bdfb-4343-9004-9be15dfd844c,server/model/players/skills/SmithingInterface.java,makeIronInterface,->,12acfc45-bdfb-4343-9004-9be15dfd844c,server/model/players/skills/SmithingInterface.java,GetForlvl
12acfc45-bdfb-4343-9004-9be15dfd844c,server/model/players/skills/SmithingInterface.java,makeIronInterface,->,12acfc45-bdfb-4343-9004-9be15dfd844c,java/lang/StringBuilder.java,append
12acfc45-bdfb-4343-9004-9be15dfd844c,server/model/players/skills/SmithingInterface.java,makeIronInterface,->,12acfc45-bdfb-4343-9004-9be15dfd844c,java/lang/StringBuilder.java,append
12acfc45-bdfb-4343-9004-9be15dfd844c,server/model/players/skills/SmithingInterface.java,makeIronInterface,->,12acfc45-bdfb-4343-9004-9be15dfd844c,server/model/players/skills/SmithingInterface.java,GetForlvl
12acfc45-bdfb-4343-9004-9be15dfd844c,server/model/players/skills/SmithingInterface.java,makeIronInterface,->,12acfc45-bdfb-4343-9004-9be15dfd844c,java/lang/StringBuilder.java,append
12acfc45-bdfb-4343-9004-9be15dfd844c,server/model/players/skills/SmithingInterface.java,makeIronInterface,->,12acfc45-bdfb-4343-9004-9be15dfd844c,java/lang/StringBuilder.java,toString
12acfc45-bdfb-4343-9004-9be15dfd844c,server/model/players/skills/SmithingInterface.java,makeIronInterface,->,12acfc45-bdfb-4343-9004-9be15dfd844c,991eb2a8-284a-4290-ae08-f54cf8834706,609517a1-3a8b-4bd9-8623-3cae47c33a17
12acfc45-bdfb-4343-9004-9be15dfd844c,server/model/players/skills/SmithingInterface.java,makeIronInterface,->,12acfc45-bdfb-4343-9004-9be15dfd844c,server/model/players/Client.java,getPA
12acfc45-bdfb-4343-9004-9be15dfd844c,server/model/players/skills/SmithingInterface.java,makeIronInterface,->,12acfc45-bdfb-4343-9004-9be15dfd844c,991eb2a8-284a-4290-ae08-f54cf8834706,567f87b3-4cc7-43f9-9489-4a8b3527773d
12acfc45-bdfb-4343-9004-9be15dfd844c,server/model/players/skills/SmithingInterface.java,makeIronInterface,->,12acfc45-bdfb-4343-9004-9be15dfd844c,server/model/players/Client.java,getPA
12acfc45-bdfb-4343-9004-9be15dfd844c,server/model/players/skills/SmithingInterface.java,makeIronInterface,->,12acfc45-bdfb-4343-9004-9be15dfd844c,991eb2a8-284a-4290-ae08-f54cf8834706,567f87b3-4cc7-43f9-9489-4a8b3527773d
12acfc45-bdfb-4343-9004-9be15dfd844c,server/model/players/skills/SmithingInterface.java,makeIronInterface,->,12acfc45-bdfb-4343-9004-9be15dfd844c,server/model/players/Client.java,getPA
12acfc45-bdfb-4343-9004-9be15dfd844c,server/model/players/skills/SmithingInterface.java,makeIronInterface,->,12acfc45-bdfb-4343-9004-9be15dfd844c,991eb2a8-284a-4290-ae08-f54cf8834706,567f87b3-4cc7-43f9-9489-4a8b3527773d
12acfc45-bdfb-4343-9004-9be15dfd844c,server/model/players/skills/SmithingInterface.java,makeIronInterface,->,12acfc45-bdfb-4343-9004-9be15dfd844c,server/model/players/Client.java,getPA
12acfc45-bdfb-4343-9004-9be15dfd844c,server/model/players/skills/SmithingInterface.java,makeIronInterface,->,12acfc45-bdfb-4343-9004-9be15dfd844c,991eb2a8-284a-4290-ae08-f54cf8834706,567f87b3-4cc7-43f9-9489-4a8b3527773d
12acfc45-bdfb-4343-9004-9be15dfd844c,server/model/players/skills/SmithingInterface.java,makeIronInterface,->,12acfc45-bdfb-4343-9004-9be15dfd844c,server/model/players/Client.java,getPA
12acfc45-bdfb-4343-9004-9be15dfd844c,server/model/players/skills/SmithingInterface.java,makeIronInterface,->,12acfc45-bdfb-4343-9004-9be15dfd844c,991eb2a8-284a-4290-ae08-f54cf8834706,567f87b3-4cc7-43f9-9489-4a8b3527773d
12acfc45-bdfb-4343-9004-9be15dfd844c,server/model/players/skills/SmithingInterface.java,makeIronInterface,->,12acfc45-bdfb-4343-9004-9be15dfd844c,server/model/players/Client.java,getPA
12acfc45-bdfb-4343-9004-9be15dfd844c,server/model/players/skills/SmithingInterface.java,makeIronInterface,->,12acfc45-bdfb-4343-9004-9be15dfd844c,991eb2a8-284a-4290-ae08-f54cf8834706,567f87b3-4cc7-43f9-9489-4a8b3527773d
12acfc45-bdfb-4343-9004-9be15dfd844c,server/model/players/skills/SmithingInterface.java,makeIronInterface,->,12acfc45-bdfb-4343-9004-9be15dfd844c,server/model/players/Client.java,getPA
12acfc45-bdfb-4343-9004-9be15dfd844c,server/model/players/skills/SmithingInterface.java,makeIronInterface,->,12acfc45-bdfb-4343-9004-9be15dfd844c,991eb2a8-284a-4290-ae08-f54cf8834706,567f87b3-4cc7-43f9-9489-4a8b3527773d
12acfc45-bdfb-4343-9004-9be15dfd844c,server/model/players/skills/SmithingInterface.java,makeIronInterface,->,12acfc45-bdfb-4343-9004-9be15dfd844c,server/model/players/Client.java,getPA
12acfc45-bdfb-4343-9004-9be15dfd844c,server/model/players/skills/SmithingInterface.java,makeIronInterface,->,12acfc45-bdfb-4343-9004-9be15dfd844c,991eb2a8-284a-4290-ae08-f54cf8834706,567f87b3-4cc7-43f9-9489-4a8b3527773d
12acfc45-bdfb-4343-9004-9be15dfd844c,server/model/players/skills/SmithingInterface.java,makeIronInterface,->,12acfc45-bdfb-4343-9004-9be15dfd844c,server/model/players/Client.java,getPA
12acfc45-bdfb-4343-9004-9be15dfd844c,server/model/players/skills/SmithingInterface.java,makeIronInterface,->,12acfc45-bdfb-4343-9004-9be15dfd844c,991eb2a8-284a-4290-ae08-f54cf8834706,567f87b3-4cc7-43f9-9489-4a8b3527773d
12acfc45-bdfb-4343-9004-9be15dfd844c,server/model/players/skills/SmithingInterface.java,makeIronInterface,->,12acfc45-bdfb-4343-9004-9be15dfd844c,server/model/players/Client.java,getPA
12acfc45-bdfb-4343-9004-9be15dfd844c,server/model/players/skills/SmithingInterface.java,makeIronInterface,->,12acfc45-bdfb-4343-9004-9be15dfd844c,991eb2a8-284a-4290-ae08-f54cf8834706,567f87b3-4cc7-43f9-9489-4a8b3527773d
12acfc45-bdfb-4343-9004-9be15dfd844c,server/model/players/skills/SmithingInterface.java,makeIronInterface,->,12acfc45-bdfb-4343-9004-9be15dfd844c,server/model/players/Client.java,getPA
12acfc45-bdfb-4343-9004-9be15dfd844c,server/model/players/skills/SmithingInterface.java,makeIronInterface,->,12acfc45-bdfb-4343-9004-9be15dfd844c,991eb2a8-284a-4290-ae08-f54cf8834706,567f87b3-4cc7-43f9-9489-4a8b3527773d
12acfc45-bdfb-4343-9004-9be15dfd844c,server/model/players/skills/SmithingInterface.java,makeIronInterface,->,12acfc45-bdfb-4343-9004-9be15dfd844c,server/model/players/Client.java,getPA
12acfc45-bdfb-4343-9004-9be15dfd844c,server/model/players/skills/SmithingInterface.java,makeIronInterface,->,12acfc45-bdfb-4343-9004-9be15dfd844c,991eb2a8-284a-4290-ae08-f54cf8834706,567f87b3-4cc7-43f9-9489-4a8b3527773d
12acfc45-bdfb-4343-9004-9be15dfd844c,server/model/players/skills/SmithingInterface.java,makeIronInterface,->,12acfc45-bdfb-4343-9004-9be15dfd844c,server/model/players/Client.java,getPA
12acfc45-bdfb-4343-9004-9be15dfd844c,server/model/players/skills/SmithingInterface.java,makeIronInterface,->,12acfc45-bdfb-4343-9004-9be15dfd844c,991eb2a8-284a-4290-ae08-f54cf8834706,567f87b3-4cc7-43f9-9489-4a8b3527773d
12acfc45-bdfb-4343-9004-9be15dfd844c,server/model/players/skills/SmithingInterface.java,makeIronInterface,->,12acfc45-bdfb-4343-9004-9be15dfd844c,server/model/players/Client.java,getPA
12acfc45-bdfb-4343-9004-9be15dfd844c,server/model/players/skills/SmithingInterface.java,makeIronInterface,->,12acfc45-bdfb-4343-9004-9be15dfd844c,991eb2a8-284a-4290-ae08-f54cf8834706,567f87b3-4cc7-43f9-9489-4a8b3527773d
12acfc45-bdfb-4343-9004-9be15dfd844c,server/model/players/skills/SmithingInterface.java,makeIronInterface,->,12acfc45-bdfb-4343-9004-9be15dfd844c,server/model/players/Client.java,getPA
12acfc45-bdfb-4343-9004-9be15dfd844c,server/model/players/skills/SmithingInterface.java,makeIronInterface,->,12acfc45-bdfb-4343-9004-9be15dfd844c,991eb2a8-284a-4290-ae08-f54cf8834706,567f87b3-4cc7-43f9-9489-4a8b3527773d
12acfc45-bdfb-4343-9004-9be15dfd844c,server/model/players/skills/SmithingInterface.java,makeIronInterface,->,12acfc45-bdfb-4343-9004-9be15dfd844c,server/model/players/Client.java,getPA
12acfc45-bdfb-4343-9004-9be15dfd844c,server/model/players/skills/SmithingInterface.java,makeIronInterface,->,12acfc45-bdfb-4343-9004-9be15dfd844c,991eb2a8-284a-4290-ae08-f54cf8834706,567f87b3-4cc7-43f9-9489-4a8b3527773d
12acfc45-bdfb-4343-9004-9be15dfd844c,server/model/players/skills/SmithingInterface.java,makeIronInterface,->,12acfc45-bdfb-4343-9004-9be15dfd844c,server/model/players/Client.java,getPA
12acfc45-bdfb-4343-9004-9be15dfd844c,server/model/players/skills/SmithingInterface.java,makeIronInterface,->,12acfc45-bdfb-4343-9004-9be15dfd844c,991eb2a8-284a-4290-ae08-f54cf8834706,567f87b3-4cc7-43f9-9489-4a8b3527773d
12acfc45-bdfb-4343-9004-9be15dfd844c,server/model/players/skills/SmithingInterface.java,makeIronInterface,->,12acfc45-bdfb-4343-9004-9be15dfd844c,server/model/players/Client.java,getPA
12acfc45-bdfb-4343-9004-9be15dfd844c,server/model/players/skills/SmithingInterface.java,makeIronInterface,->,12acfc45-bdfb-4343-9004-9be15dfd844c,991eb2a8-284a-4290-ae08-f54cf8834706,567f87b3-4cc7-43f9-9489-4a8b3527773d
12acfc45-bdfb-4343-9004-9be15dfd844c,server/model/players/skills/SmithingInterface.java,makeIronInterface,->,12acfc45-bdfb-4343-9004-9be15dfd844c,server/model/players/Client.java,getPA
12acfc45-bdfb-4343-9004-9be15dfd844c,server/model/players/skills/SmithingInterface.java,makeIronInterface,->,12acfc45-bdfb-4343-9004-9be15dfd844c,991eb2a8-284a-4290-ae08-f54cf8834706,567f87b3-4cc7-43f9-9489-4a8b3527773d
12acfc45-bdfb-4343-9004-9be15dfd844c,server/model/players/skills/SmithingInterface.java,makeIronInterface,->,12acfc45-bdfb-4343-9004-9be15dfd844c,server/model/players/Client.java,getPA
12acfc45-bdfb-4343-9004-9be15dfd844c,server/model/players/skills/SmithingInterface.java,makeIronInterface,->,12acfc45-bdfb-4343-9004-9be15dfd844c,991eb2a8-284a-4290-ae08-f54cf8834706,567f87b3-4cc7-43f9-9489-4a8b3527773d
12acfc45-bdfb-4343-9004-9be15dfd844c,server/model/players/skills/SmithingInterface.java,makeIronInterface,->,12acfc45-bdfb-4343-9004-9be15dfd844c,server/model/players/Client.java,getPA
12acfc45-bdfb-4343-9004-9be15dfd844c,server/model/players/skills/SmithingInterface.java,makeIronInterface,->,12acfc45-bdfb-4343-9004-9be15dfd844c,991eb2a8-284a-4290-ae08-f54cf8834706,567f87b3-4cc7-43f9-9489-4a8b3527773d
12acfc45-bdfb-4343-9004-9be15dfd844c,server/model/players/skills/SmithingInterface.java,makeIronInterface,->,12acfc45-bdfb-4343-9004-9be15dfd844c,server/model/players/Client.java,getPA
12acfc45-bdfb-4343-9004-9be15dfd844c,server/model/players/skills/SmithingInterface.java,makeIronInterface,->,12acfc45-bdfb-4343-9004-9be15dfd844c,991eb2a8-284a-4290-ae08-f54cf8834706,567f87b3-4cc7-43f9-9489-4a8b3527773d
12acfc45-bdfb-4343-9004-9be15dfd844c,server/model/players/skills/SmithingInterface.java,makeIronInterface,->,12acfc45-bdfb-4343-9004-9be15dfd844c,server/model/players/Client.java,getPA
12acfc45-bdfb-4343-9004-9be15dfd844c,server/model/players/skills/SmithingInterface.java,makeIronInterface,->,12acfc45-bdfb-4343-9004-9be15dfd844c,991eb2a8-284a-4290-ae08-f54cf8834706,567f87b3-4cc7-43f9-9489-4a8b3527773d
12acfc45-bdfb-4343-9004-9be15dfd844c,server/model/players/skills/SmithingInterface.java,makeIronInterface,->,12acfc45-bdfb-4343-9004-9be15dfd844c,server/model/players/Client.java,getPA
12acfc45-bdfb-4343-9004-9be15dfd844c,server/model/players/skills/SmithingInterface.java,makeIronInterface,->,12acfc45-bdfb-4343-9004-9be15dfd844c,991eb2a8-284a-4290-ae08-f54cf8834706,609517a1-3a8b-4bd9-8623-3cae47c33a17
12acfc45-bdfb-4343-9004-9be15dfd844c,server/model/players/skills/SmithingInterface.java,makeIronInterface,->,12acfc45-bdfb-4343-9004-9be15dfd844c,server/model/players/Client.java,getPA
12acfc45-bdfb-4343-9004-9be15dfd844c,server/model/players/skills/SmithingInterface.java,makeIronInterface,->,12acfc45-bdfb-4343-9004-9be15dfd844c,991eb2a8-284a-4290-ae08-f54cf8834706,609517a1-3a8b-4bd9-8623-3cae47c33a17
12acfc45-bdfb-4343-9004-9be15dfd844c,server/model/players/skills/SmithingInterface.java,makeIronInterface,->,12acfc45-bdfb-4343-9004-9be15dfd844c,server/model/players/Client.java,getPA
12acfc45-bdfb-4343-9004-9be15dfd844c,server/model/players/skills/SmithingInterface.java,makeIronInterface,->,12acfc45-bdfb-4343-9004-9be15dfd844c,991eb2a8-284a-4290-ae08-f54cf8834706,609517a1-3a8b-4bd9-8623-3cae47c33a17
12acfc45-bdfb-4343-9004-9be15dfd844c,server/model/players/skills/SmithingInterface.java,makeIronInterface,->,12acfc45-bdfb-4343-9004-9be15dfd844c,server/model/players/Client.java,getPA
12acfc45-bdfb-4343-9004-9be15dfd844c,server/model/players/skills/SmithingInterface.java,makeIronInterface,->,12acfc45-bdfb-4343-9004-9be15dfd844c,991eb2a8-284a-4290-ae08-f54cf8834706,609517a1-3a8b-4bd9-8623-3cae47c33a17
12acfc45-bdfb-4343-9004-9be15dfd844c,server/model/players/skills/SmithingInterface.java,makeIronInterface,->,12acfc45-bdfb-4343-9004-9be15dfd844c,server/model/players/Client.java,getPA
12acfc45-bdfb-4343-9004-9be15dfd844c,server/model/players/skills/SmithingInterface.java,makeIronInterface,->,12acfc45-bdfb-4343-9004-9be15dfd844c,server/model/players/PlayerAssistant.java,showInterface
12acfc45-bdfb-4343-9004-9be15dfd844c,server/model/players/skills/SmithingInterface.java,makeBronzeInterface,->,12acfc45-bdfb-4343-9004-9be15dfd844c,server/model/players/skills/SmithingInterface.java,GetForBars
12acfc45-bdfb-4343-9004-9be15dfd844c,server/model/players/skills/SmithingInterface.java,makeBronzeInterface,->,12acfc45-bdfb-4343-9004-9be15dfd844c,server/model/players/skills/SmithingInterface.java,GetForBars
12acfc45-bdfb-4343-9004-9be15dfd844c,server/model/players/skills/SmithingInterface.java,makeBronzeInterface,->,12acfc45-bdfb-4343-9004-9be15dfd844c,server/model/players/skills/SmithingInterface.java,GetForBars
12acfc45-bdfb-4343-9004-9be15dfd844c,server/model/players/skills/SmithingInterface.java,makeBronzeInterface,->,12acfc45-bdfb-4343-9004-9be15dfd844c,server/model/players/skills/SmithingInterface.java,GetForBars
12acfc45-bdfb-4343-9004-9be15dfd844c,server/model/players/skills/SmithingInterface.java,makeBronzeInterface,->,12acfc45-bdfb-4343-9004-9be15dfd844c,server/model/players/Client.java,getPA
12acfc45-bdfb-4343-9004-9be15dfd844c,server/model/players/skills/SmithingInterface.java,makeBronzeInterface,->,12acfc45-bdfb-4343-9004-9be15dfd844c,java/lang/StringBuilder.java,append
12acfc45-bdfb-4343-9004-9be15dfd844c,server/model/players/skills/SmithingInterface.java,makeBronzeInterface,->,12acfc45-bdfb-4343-9004-9be15dfd844c,java/lang/StringBuilder.java,append
12acfc45-bdfb-4343-9004-9be15dfd844c,server/model/players/skills/SmithingInterface.java,makeBronzeInterface,->,12acfc45-bdfb-4343-9004-9be15dfd844c,java/lang/StringBuilder.java,append
12acfc45-bdfb-4343-9004-9be15dfd844c,server/model/players/skills/SmithingInterface.java,makeBronzeInterface,->,12acfc45-bdfb-4343-9004-9be15dfd844c,java/lang/StringBuilder.java,toString
12acfc45-bdfb-4343-9004-9be15dfd844c,server/model/players/skills/SmithingInterface.java,makeBronzeInterface,->,12acfc45-bdfb-4343-9004-9be15dfd844c,991eb2a8-284a-4290-ae08-f54cf8834706,609517a1-3a8b-4bd9-8623-3cae47c33a17
12acfc45-bdfb-4343-9004-9be15dfd844c,server/model/players/skills/SmithingInterface.java,makeBronzeInterface,->,12acfc45-bdfb-4343-9004-9be15dfd844c,server/model/players/Client.java,getPA
12acfc45-bdfb-4343-9004-9be15dfd844c,server/model/players/skills/SmithingInterface.java,makeBronzeInterface,->,12acfc45-bdfb-4343-9004-9be15dfd844c,java/lang/StringBuilder.java,append
12acfc45-bdfb-4343-9004-9be15dfd844c,server/model/players/skills/SmithingInterface.java,makeBronzeInterface,->,12acfc45-bdfb-4343-9004-9be15dfd844c,java/lang/StringBuilder.java,append
12acfc45-bdfb-4343-9004-9be15dfd844c,server/model/players/skills/SmithingInterface.java,makeBronzeInterface,->,12acfc45-bdfb-4343-9004-9be15dfd844c,java/lang/StringBuilder.java,append
12acfc45-bdfb-4343-9004-9be15dfd844c,server/model/players/skills/SmithingInterface.java,makeBronzeInterface,->,12acfc45-bdfb-4343-9004-9be15dfd844c,java/lang/StringBuilder.java,toString
12acfc45-bdfb-4343-9004-9be15dfd844c,server/model/players/skills/SmithingInterface.java,makeBronzeInterface,->,12acfc45-bdfb-4343-9004-9be15dfd844c,991eb2a8-284a-4290-ae08-f54cf8834706,609517a1-3a8b-4bd9-8623-3cae47c33a17
12acfc45-bdfb-4343-9004-9be15dfd844c,server/model/players/skills/SmithingInterface.java,makeBronzeInterface,->,12acfc45-bdfb-4343-9004-9be15dfd844c,server/model/players/Client.java,getPA
12acfc45-bdfb-4343-9004-9be15dfd844c,server/model/players/skills/SmithingInterface.java,makeBronzeInterface,->,12acfc45-bdfb-4343-9004-9be15dfd844c,java/lang/StringBuilder.java,append
12acfc45-bdfb-4343-9004-9be15dfd844c,server/model/players/skills/SmithingInterface.java,makeBronzeInterface,->,12acfc45-bdfb-4343-9004-9be15dfd844c,java/lang/StringBuilder.java,append
12acfc45-bdfb-4343-9004-9be15dfd844c,server/model/players/skills/SmithingInterface.java,makeBronzeInterface,->,12acfc45-bdfb-4343-9004-9be15dfd844c,java/lang/StringBuilder.java,append
12acfc45-bdfb-4343-9004-9be15dfd844c,server/model/players/skills/SmithingInterface.java,makeBronzeInterface,->,12acfc45-bdfb-4343-9004-9be15dfd844c,java/lang/StringBuilder.java,toString
12acfc45-bdfb-4343-9004-9be15dfd844c,server/model/players/skills/SmithingInterface.java,makeBronzeInterface,->,12acfc45-bdfb-4343-9004-9be15dfd844c,991eb2a8-284a-4290-ae08-f54cf8834706,609517a1-3a8b-4bd9-8623-3cae47c33a17
12acfc45-bdfb-4343-9004-9be15dfd844c,server/model/players/skills/SmithingInterface.java,makeBronzeInterface,->,12acfc45-bdfb-4343-9004-9be15dfd844c,server/model/players/Client.java,getPA
12acfc45-bdfb-4343-9004-9be15dfd844c,server/model/players/skills/SmithingInterface.java,makeBronzeInterface,->,12acfc45-bdfb-4343-9004-9be15dfd844c,java/lang/StringBuilder.java,append
12acfc45-bdfb-4343-9004-9be15dfd844c,server/model/players/skills/SmithingInterface.java,makeBronzeInterface,->,12acfc45-bdfb-4343-9004-9be15dfd844c,java/lang/StringBuilder.java,append
12acfc45-bdfb-4343-9004-9be15dfd844c,server/model/players/skills/SmithingInterface.java,makeBronzeInterface,->,12acfc45-bdfb-4343-9004-9be15dfd844c,java/lang/StringBuilder.java,append
12acfc45-bdfb-4343-9004-9be15dfd844c,server/model/players/skills/SmithingInterface.java,makeBronzeInterface,->,12acfc45-bdfb-4343-9004-9be15dfd844c,java/lang/StringBuilder.java,toString
12acfc45-bdfb-4343-9004-9be15dfd844c,server/model/players/skills/SmithingInterface.java,makeBronzeInterface,->,12acfc45-bdfb-4343-9004-9be15dfd844c,991eb2a8-284a-4290-ae08-f54cf8834706,609517a1-3a8b-4bd9-8623-3cae47c33a17
12acfc45-bdfb-4343-9004-9be15dfd844c,server/model/players/skills/SmithingInterface.java,makeBronzeInterface,->,12acfc45-bdfb-4343-9004-9be15dfd844c,server/model/players/Client.java,getPA
12acfc45-bdfb-4343-9004-9be15dfd844c,server/model/players/skills/SmithingInterface.java,makeBronzeInterface,->,12acfc45-bdfb-4343-9004-9be15dfd844c,java/lang/StringBuilder.java,append
12acfc45-bdfb-4343-9004-9be15dfd844c,server/model/players/skills/SmithingInterface.java,makeBronzeInterface,->,12acfc45-bdfb-4343-9004-9be15dfd844c,java/lang/StringBuilder.java,append
12acfc45-bdfb-4343-9004-9be15dfd844c,server/model/players/skills/SmithingInterface.java,makeBronzeInterface,->,12acfc45-bdfb-4343-9004-9be15dfd844c,java/lang/StringBuilder.java,append
12acfc45-bdfb-4343-9004-9be15dfd844c,server/model/players/skills/SmithingInterface.java,makeBronzeInterface,->,12acfc45-bdfb-4343-9004-9be15dfd844c,java/lang/StringBuilder.java,toString
12acfc45-bdfb-4343-9004-9be15dfd844c,server/model/players/skills/SmithingInterface.java,makeBronzeInterface,->,12acfc45-bdfb-4343-9004-9be15dfd844c,991eb2a8-284a-4290-ae08-f54cf8834706,609517a1-3a8b-4bd9-8623-3cae47c33a17
12acfc45-bdfb-4343-9004-9be15dfd844c,server/model/players/skills/SmithingInterface.java,makeBronzeInterface,->,12acfc45-bdfb-4343-9004-9be15dfd844c,server/model/players/Client.java,getPA
12acfc45-bdfb-4343-9004-9be15dfd844c,server/model/players/skills/SmithingInterface.java,makeBronzeInterface,->,12acfc45-bdfb-4343-9004-9be15dfd844c,java/lang/StringBuilder.java,append
12acfc45-bdfb-4343-9004-9be15dfd844c,server/model/players/skills/SmithingInterface.java,makeBronzeInterface,->,12acfc45-bdfb-4343-9004-9be15dfd844c,java/lang/StringBuilder.java,append
12acfc45-bdfb-4343-9004-9be15dfd844c,server/model/players/skills/SmithingInterface.java,makeBronzeInterface,->,12acfc45-bdfb-4343-9004-9be15dfd844c,java/lang/StringBuilder.java,append
12acfc45-bdfb-4343-9004-9be15dfd844c,server/model/players/skills/SmithingInterface.java,makeBronzeInterface,->,12acfc45-bdfb-4343-9004-9be15dfd844c,java/lang/StringBuilder.java,toString
12acfc45-bdfb-4343-9004-9be15dfd844c,server/model/players/skills/SmithingInterface.java,makeBronzeInterface,->,12acfc45-bdfb-4343-9004-9be15dfd844c,991eb2a8-284a-4290-ae08-f54cf8834706,609517a1-3a8b-4bd9-8623-3cae47c33a17
12acfc45-bdfb-4343-9004-9be15dfd844c,server/model/players/skills/SmithingInterface.java,makeBronzeInterface,->,12acfc45-bdfb-4343-9004-9be15dfd844c,server/model/players/Client.java,getPA
12acfc45-bdfb-4343-9004-9be15dfd844c,server/model/players/skills/SmithingInterface.java,makeBronzeInterface,->,12acfc45-bdfb-4343-9004-9be15dfd844c,java/lang/StringBuilder.java,append
12acfc45-bdfb-4343-9004-9be15dfd844c,server/model/players/skills/SmithingInterface.java,makeBronzeInterface,->,12acfc45-bdfb-4343-9004-9be15dfd844c,java/lang/StringBuilder.java,append
12acfc45-bdfb-4343-9004-9be15dfd844c,server/model/players/skills/SmithingInterface.java,makeBronzeInterface,->,12acfc45-bdfb-4343-9004-9be15dfd844c,java/lang/StringBuilder.java,append
12acfc45-bdfb-4343-9004-9be15dfd844c,server/model/players/skills/SmithingInterface.java,makeBronzeInterface,->,12acfc45-bdfb-4343-9004-9be15dfd844c,java/lang/StringBuilder.java,toString
12acfc45-bdfb-4343-9004-9be15dfd844c,server/model/players/skills/SmithingInterface.java,makeBronzeInterface,->,12acfc45-bdfb-4343-9004-9be15dfd844c,991eb2a8-284a-4290-ae08-f54cf8834706,609517a1-3a8b-4bd9-8623-3cae47c33a17
12acfc45-bdfb-4343-9004-9be15dfd844c,server/model/players/skills/SmithingInterface.java,makeBronzeInterface,->,12acfc45-bdfb-4343-9004-9be15dfd844c,server/model/players/Client.java,getPA
12acfc45-bdfb-4343-9004-9be15dfd844c,server/model/players/skills/SmithingInterface.java,makeBronzeInterface,->,12acfc45-bdfb-4343-9004-9be15dfd844c,java/lang/StringBuilder.java,append
12acfc45-bdfb-4343-9004-9be15dfd844c,server/model/players/skills/SmithingInterface.java,makeBronzeInterface,->,12acfc45-bdfb-4343-9004-9be15dfd844c,java/lang/StringBuilder.java,append
12acfc45-bdfb-4343-9004-9be15dfd844c,server/model/players/skills/SmithingInterface.java,makeBronzeInterface,->,12acfc45-bdfb-4343-9004-9be15dfd844c,java/lang/StringBuilder.java,append
12acfc45-bdfb-4343-9004-9be15dfd844c,server/model/players/skills/SmithingInterface.java,makeBronzeInterface,->,12acfc45-bdfb-4343-9004-9be15dfd844c,java/lang/StringBuilder.java,toString
12acfc45-bdfb-4343-9004-9be15dfd844c,server/model/players/skills/SmithingInterface.java,makeBronzeInterface,->,12acfc45-bdfb-4343-9004-9be15dfd844c,991eb2a8-284a-4290-ae08-f54cf8834706,609517a1-3a8b-4bd9-8623-3cae47c33a17
12acfc45-bdfb-4343-9004-9be15dfd844c,server/model/players/skills/SmithingInterface.java,makeBronzeInterface,->,12acfc45-bdfb-4343-9004-9be15dfd844c,server/model/players/Client.java,getPA
12acfc45-bdfb-4343-9004-9be15dfd844c,server/model/players/skills/SmithingInterface.java,makeBronzeInterface,->,12acfc45-bdfb-4343-9004-9be15dfd844c,java/lang/StringBuilder.java,append
12acfc45-bdfb-4343-9004-9be15dfd844c,server/model/players/skills/SmithingInterface.java,makeBronzeInterface,->,12acfc45-bdfb-4343-9004-9be15dfd844c,java/lang/StringBuilder.java,append
12acfc45-bdfb-4343-9004-9be15dfd844c,server/model/players/skills/SmithingInterface.java,makeBronzeInterface,->,12acfc45-bdfb-4343-9004-9be15dfd844c,java/lang/StringBuilder.java,append
12acfc45-bdfb-4343-9004-9be15dfd844c,server/model/players/skills/SmithingInterface.java,makeBronzeInterface,->,12acfc45-bdfb-4343-9004-9be15dfd844c,java/lang/StringBuilder.java,toString
12acfc45-bdfb-4343-9004-9be15dfd844c,server/model/players/skills/SmithingInterface.java,makeBronzeInterface,->,12acfc45-bdfb-4343-9004-9be15dfd844c,991eb2a8-284a-4290-ae08-f54cf8834706,609517a1-3a8b-4bd9-8623-3cae47c33a17
12acfc45-bdfb-4343-9004-9be15dfd844c,server/model/players/skills/SmithingInterface.java,makeBronzeInterface,->,12acfc45-bdfb-4343-9004-9be15dfd844c,server/model/players/Client.java,getPA
12acfc45-bdfb-4343-9004-9be15dfd844c,server/model/players/skills/SmithingInterface.java,makeBronzeInterface,->,12acfc45-bdfb-4343-9004-9be15dfd844c,java/lang/StringBuilder.java,append
12acfc45-bdfb-4343-9004-9be15dfd844c,server/model/players/skills/SmithingInterface.java,makeBronzeInterface,->,12acfc45-bdfb-4343-9004-9be15dfd844c,java/lang/StringBuilder.java,append
12acfc45-bdfb-4343-9004-9be15dfd844c,server/model/players/skills/SmithingInterface.java,makeBronzeInterface,->,12acfc45-bdfb-4343-9004-9be15dfd844c,java/lang/StringBuilder.java,append
12acfc45-bdfb-4343-9004-9be15dfd844c,server/model/players/skills/SmithingInterface.java,makeBronzeInterface,->,12acfc45-bdfb-4343-9004-9be15dfd844c,java/lang/StringBuilder.java,toString
12acfc45-bdfb-4343-9004-9be15dfd844c,server/model/players/skills/SmithingInterface.java,makeBronzeInterface,->,12acfc45-bdfb-4343-9004-9be15dfd844c,991eb2a8-284a-4290-ae08-f54cf8834706,609517a1-3a8b-4bd9-8623-3cae47c33a17
12acfc45-bdfb-4343-9004-9be15dfd844c,server/model/players/skills/SmithingInterface.java,makeBronzeInterface,->,12acfc45-bdfb-4343-9004-9be15dfd844c,server/model/players/Client.java,getPA
12acfc45-bdfb-4343-9004-9be15dfd844c,server/model/players/skills/SmithingInterface.java,makeBronzeInterface,->,12acfc45-bdfb-4343-9004-9be15dfd844c,java/lang/StringBuilder.java,append
12acfc45-bdfb-4343-9004-9be15dfd844c,server/model/players/skills/SmithingInterface.java,makeBronzeInterface,->,12acfc45-bdfb-4343-9004-9be15dfd844c,java/lang/StringBuilder.java,append
12acfc45-bdfb-4343-9004-9be15dfd844c,server/model/players/skills/SmithingInterface.java,makeBronzeInterface,->,12acfc45-bdfb-4343-9004-9be15dfd844c,java/lang/StringBuilder.java,append
12acfc45-bdfb-4343-9004-9be15dfd844c,server/model/players/skills/SmithingInterface.java,makeBronzeInterface,->,12acfc45-bdfb-4343-9004-9be15dfd844c,java/lang/StringBuilder.java,toString
12acfc45-bdfb-4343-9004-9be15dfd844c,server/model/players/skills/SmithingInterface.java,makeBronzeInterface,->,12acfc45-bdfb-4343-9004-9be15dfd844c,991eb2a8-284a-4290-ae08-f54cf8834706,609517a1-3a8b-4bd9-8623-3cae47c33a17
12acfc45-bdfb-4343-9004-9be15dfd844c,server/model/players/skills/SmithingInterface.java,makeBronzeInterface,->,12acfc45-bdfb-4343-9004-9be15dfd844c,server/model/players/Client.java,getPA
12acfc45-bdfb-4343-9004-9be15dfd844c,server/model/players/skills/SmithingInterface.java,makeBronzeInterface,->,12acfc45-bdfb-4343-9004-9be15dfd844c,java/lang/StringBuilder.java,append
12acfc45-bdfb-4343-9004-9be15dfd844c,server/model/players/skills/SmithingInterface.java,makeBronzeInterface,->,12acfc45-bdfb-4343-9004-9be15dfd844c,java/lang/StringBuilder.java,append
12acfc45-bdfb-4343-9004-9be15dfd844c,server/model/players/skills/SmithingInterface.java,makeBronzeInterface,->,12acfc45-bdfb-4343-9004-9be15dfd844c,java/lang/StringBuilder.java,append
12acfc45-bdfb-4343-9004-9be15dfd844c,server/model/players/skills/SmithingInterface.java,makeBronzeInterface,->,12acfc45-bdfb-4343-9004-9be15dfd844c,java/lang/StringBuilder.java,toString
12acfc45-bdfb-4343-9004-9be15dfd844c,server/model/players/skills/SmithingInterface.java,makeBronzeInterface,->,12acfc45-bdfb-4343-9004-9be15dfd844c,991eb2a8-284a-4290-ae08-f54cf8834706,609517a1-3a8b-4bd9-8623-3cae47c33a17
12acfc45-bdfb-4343-9004-9be15dfd844c,server/model/players/skills/SmithingInterface.java,makeBronzeInterface,->,12acfc45-bdfb-4343-9004-9be15dfd844c,server/model/players/Client.java,getPA
12acfc45-bdfb-4343-9004-9be15dfd844c,server/model/players/skills/SmithingInterface.java,makeBronzeInterface,->,12acfc45-bdfb-4343-9004-9be15dfd844c,java/lang/StringBuilder.java,append
12acfc45-bdfb-4343-9004-9be15dfd844c,server/model/players/skills/SmithingInterface.java,makeBronzeInterface,->,12acfc45-bdfb-4343-9004-9be15dfd844c,java/lang/StringBuilder.java,append
12acfc45-bdfb-4343-9004-9be15dfd844c,server/model/players/skills/SmithingInterface.java,makeBronzeInterface,->,12acfc45-bdfb-4343-9004-9be15dfd844c,java/lang/StringBuilder.java,append
12acfc45-bdfb-4343-9004-9be15dfd844c,server/model/players/skills/SmithingInterface.java,makeBronzeInterface,->,12acfc45-bdfb-4343-9004-9be15dfd844c,java/lang/StringBuilder.java,toString
12acfc45-bdfb-4343-9004-9be15dfd844c,server/model/players/skills/SmithingInterface.java,makeBronzeInterface,->,12acfc45-bdfb-4343-9004-9be15dfd844c,991eb2a8-284a-4290-ae08-f54cf8834706,609517a1-3a8b-4bd9-8623-3cae47c33a17
12acfc45-bdfb-4343-9004-9be15dfd844c,server/model/players/skills/SmithingInterface.java,makeBronzeInterface,->,12acfc45-bdfb-4343-9004-9be15dfd844c,server/model/players/Client.java,getPA
12acfc45-bdfb-4343-9004-9be15dfd844c,server/model/players/skills/SmithingInterface.java,makeBronzeInterface,->,12acfc45-bdfb-4343-9004-9be15dfd844c,java/lang/StringBuilder.java,append
12acfc45-bdfb-4343-9004-9be15dfd844c,server/model/players/skills/SmithingInterface.java,makeBronzeInterface,->,12acfc45-bdfb-4343-9004-9be15dfd844c,java/lang/StringBuilder.java,append
12acfc45-bdfb-4343-9004-9be15dfd844c,server/model/players/skills/SmithingInterface.java,makeBronzeInterface,->,12acfc45-bdfb-4343-9004-9be15dfd844c,java/lang/StringBuilder.java,append
12acfc45-bdfb-4343-9004-9be15dfd844c,server/model/players/skills/SmithingInterface.java,makeBronzeInterface,->,12acfc45-bdfb-4343-9004-9be15dfd844c,java/lang/StringBuilder.java,toString
12acfc45-bdfb-4343-9004-9be15dfd844c,server/model/players/skills/SmithingInterface.java,makeBronzeInterface,->,12acfc45-bdfb-4343-9004-9be15dfd844c,991eb2a8-284a-4290-ae08-f54cf8834706,609517a1-3a8b-4bd9-8623-3cae47c33a17
12acfc45-bdfb-4343-9004-9be15dfd844c,server/model/players/skills/SmithingInterface.java,makeBronzeInterface,->,12acfc45-bdfb-4343-9004-9be15dfd844c,server/model/players/Client.java,getPA
12acfc45-bdfb-4343-9004-9be15dfd844c,server/model/players/skills/SmithingInterface.java,makeBronzeInterface,->,12acfc45-bdfb-4343-9004-9be15dfd844c,java/lang/StringBuilder.java,append
12acfc45-bdfb-4343-9004-9be15dfd844c,server/model/players/skills/SmithingInterface.java,makeBronzeInterface,->,12acfc45-bdfb-4343-9004-9be15dfd844c,java/lang/StringBuilder.java,append
12acfc45-bdfb-4343-9004-9be15dfd844c,server/model/players/skills/SmithingInterface.java,makeBronzeInterface,->,12acfc45-bdfb-4343-9004-9be15dfd844c,java/lang/StringBuilder.java,append
12acfc45-bdfb-4343-9004-9be15dfd844c,server/model/players/skills/SmithingInterface.java,makeBronzeInterface,->,12acfc45-bdfb-4343-9004-9be15dfd844c,java/lang/StringBuilder.java,toString
12acfc45-bdfb-4343-9004-9be15dfd844c,server/model/players/skills/SmithingInterface.java,makeBronzeInterface,->,12acfc45-bdfb-4343-9004-9be15dfd844c,991eb2a8-284a-4290-ae08-f54cf8834706,609517a1-3a8b-4bd9-8623-3cae47c33a17
12acfc45-bdfb-4343-9004-9be15dfd844c,server/model/players/skills/SmithingInterface.java,makeBronzeInterface,->,12acfc45-bdfb-4343-9004-9be15dfd844c,server/model/players/Client.java,getPA
12acfc45-bdfb-4343-9004-9be15dfd844c,server/model/players/skills/SmithingInterface.java,makeBronzeInterface,->,12acfc45-bdfb-4343-9004-9be15dfd844c,java/lang/StringBuilder.java,append
12acfc45-bdfb-4343-9004-9be15dfd844c,server/model/players/skills/SmithingInterface.java,makeBronzeInterface,->,12acfc45-bdfb-4343-9004-9be15dfd844c,java/lang/StringBuilder.java,append
12acfc45-bdfb-4343-9004-9be15dfd844c,server/model/players/skills/SmithingInterface.java,makeBronzeInterface,->,12acfc45-bdfb-4343-9004-9be15dfd844c,java/lang/StringBuilder.java,append
12acfc45-bdfb-4343-9004-9be15dfd844c,server/model/players/skills/SmithingInterface.java,makeBronzeInterface,->,12acfc45-bdfb-4343-9004-9be15dfd844c,java/lang/StringBuilder.java,toString
12acfc45-bdfb-4343-9004-9be15dfd844c,server/model/players/skills/SmithingInterface.java,makeBronzeInterface,->,12acfc45-bdfb-4343-9004-9be15dfd844c,991eb2a8-284a-4290-ae08-f54cf8834706,609517a1-3a8b-4bd9-8623-3cae47c33a17
12acfc45-bdfb-4343-9004-9be15dfd844c,server/model/players/skills/SmithingInterface.java,makeBronzeInterface,->,12acfc45-bdfb-4343-9004-9be15dfd844c,server/model/players/Client.java,getPA
12acfc45-bdfb-4343-9004-9be15dfd844c,server/model/players/skills/SmithingInterface.java,makeBronzeInterface,->,12acfc45-bdfb-4343-9004-9be15dfd844c,java/lang/StringBuilder.java,append
12acfc45-bdfb-4343-9004-9be15dfd844c,server/model/players/skills/SmithingInterface.java,makeBronzeInterface,->,12acfc45-bdfb-4343-9004-9be15dfd844c,java/lang/StringBuilder.java,append
12acfc45-bdfb-4343-9004-9be15dfd844c,server/model/players/skills/SmithingInterface.java,makeBronzeInterface,->,12acfc45-bdfb-4343-9004-9be15dfd844c,java/lang/StringBuilder.java,append
12acfc45-bdfb-4343-9004-9be15dfd844c,server/model/players/skills/SmithingInterface.java,makeBronzeInterface,->,12acfc45-bdfb-4343-9004-9be15dfd844c,java/lang/StringBuilder.java,toString
12acfc45-bdfb-4343-9004-9be15dfd844c,server/model/players/skills/SmithingInterface.java,makeBronzeInterface,->,12acfc45-bdfb-4343-9004-9be15dfd844c,991eb2a8-284a-4290-ae08-f54cf8834706,609517a1-3a8b-4bd9-8623-3cae47c33a17
12acfc45-bdfb-4343-9004-9be15dfd844c,server/model/players/skills/SmithingInterface.java,makeBronzeInterface,->,12acfc45-bdfb-4343-9004-9be15dfd844c,server/model/players/Client.java,getPA
12acfc45-bdfb-4343-9004-9be15dfd844c,server/model/players/skills/SmithingInterface.java,makeBronzeInterface,->,12acfc45-bdfb-4343-9004-9be15dfd844c,java/lang/StringBuilder.java,append
12acfc45-bdfb-4343-9004-9be15dfd844c,server/model/players/skills/SmithingInterface.java,makeBronzeInterface,->,12acfc45-bdfb-4343-9004-9be15dfd844c,java/lang/StringBuilder.java,append
12acfc45-bdfb-4343-9004-9be15dfd844c,server/model/players/skills/SmithingInterface.java,makeBronzeInterface,->,12acfc45-bdfb-4343-9004-9be15dfd844c,java/lang/StringBuilder.java,append
12acfc45-bdfb-4343-9004-9be15dfd844c,server/model/players/skills/SmithingInterface.java,makeBronzeInterface,->,12acfc45-bdfb-4343-9004-9be15dfd844c,java/lang/StringBuilder.java,toString
12acfc45-bdfb-4343-9004-9be15dfd844c,server/model/players/skills/SmithingInterface.java,makeBronzeInterface,->,12acfc45-bdfb-4343-9004-9be15dfd844c,991eb2a8-284a-4290-ae08-f54cf8834706,609517a1-3a8b-4bd9-8623-3cae47c33a17
12acfc45-bdfb-4343-9004-9be15dfd844c,server/model/players/skills/SmithingInterface.java,makeBronzeInterface,->,12acfc45-bdfb-4343-9004-9be15dfd844c,server/model/players/Client.java,getPA
12acfc45-bdfb-4343-9004-9be15dfd844c,server/model/players/skills/SmithingInterface.java,makeBronzeInterface,->,12acfc45-bdfb-4343-9004-9be15dfd844c,java/lang/StringBuilder.java,append
12acfc45-bdfb-4343-9004-9be15dfd844c,server/model/players/skills/SmithingInterface.java,makeBronzeInterface,->,12acfc45-bdfb-4343-9004-9be15dfd844c,java/lang/StringBuilder.java,append
12acfc45-bdfb-4343-9004-9be15dfd844c,server/model/players/skills/SmithingInterface.java,makeBronzeInterface,->,12acfc45-bdfb-4343-9004-9be15dfd844c,java/lang/StringBuilder.java,append
12acfc45-bdfb-4343-9004-9be15dfd844c,server/model/players/skills/SmithingInterface.java,makeBronzeInterface,->,12acfc45-bdfb-4343-9004-9be15dfd844c,java/lang/StringBuilder.java,toString
12acfc45-bdfb-4343-9004-9be15dfd844c,server/model/players/skills/SmithingInterface.java,makeBronzeInterface,->,12acfc45-bdfb-4343-9004-9be15dfd844c,991eb2a8-284a-4290-ae08-f54cf8834706,609517a1-3a8b-4bd9-8623-3cae47c33a17
12acfc45-bdfb-4343-9004-9be15dfd844c,server/model/players/skills/SmithingInterface.java,makeBronzeInterface,->,12acfc45-bdfb-4343-9004-9be15dfd844c,server/model/players/Client.java,getPA
12acfc45-bdfb-4343-9004-9be15dfd844c,server/model/players/skills/SmithingInterface.java,makeBronzeInterface,->,12acfc45-bdfb-4343-9004-9be15dfd844c,java/lang/StringBuilder.java,append
12acfc45-bdfb-4343-9004-9be15dfd844c,server/model/players/skills/SmithingInterface.java,makeBronzeInterface,->,12acfc45-bdfb-4343-9004-9be15dfd844c,java/lang/StringBuilder.java,append
12acfc45-bdfb-4343-9004-9be15dfd844c,server/model/players/skills/SmithingInterface.java,makeBronzeInterface,->,12acfc45-bdfb-4343-9004-9be15dfd844c,java/lang/StringBuilder.java,append
12acfc45-bdfb-4343-9004-9be15dfd844c,server/model/players/skills/SmithingInterface.java,makeBronzeInterface,->,12acfc45-bdfb-4343-9004-9be15dfd844c,java/lang/StringBuilder.java,toString
12acfc45-bdfb-4343-9004-9be15dfd844c,server/model/players/skills/SmithingInterface.java,makeBronzeInterface,->,12acfc45-bdfb-4343-9004-9be15dfd844c,991eb2a8-284a-4290-ae08-f54cf8834706,609517a1-3a8b-4bd9-8623-3cae47c33a17
12acfc45-bdfb-4343-9004-9be15dfd844c,server/model/players/skills/SmithingInterface.java,makeBronzeInterface,->,12acfc45-bdfb-4343-9004-9be15dfd844c,server/model/players/Client.java,getPA
12acfc45-bdfb-4343-9004-9be15dfd844c,server/model/players/skills/SmithingInterface.java,makeBronzeInterface,->,12acfc45-bdfb-4343-9004-9be15dfd844c,java/lang/StringBuilder.java,append
12acfc45-bdfb-4343-9004-9be15dfd844c,server/model/players/skills/SmithingInterface.java,makeBronzeInterface,->,12acfc45-bdfb-4343-9004-9be15dfd844c,java/lang/StringBuilder.java,append
12acfc45-bdfb-4343-9004-9be15dfd844c,server/model/players/skills/SmithingInterface.java,makeBronzeInterface,->,12acfc45-bdfb-4343-9004-9be15dfd844c,java/lang/StringBuilder.java,append
12acfc45-bdfb-4343-9004-9be15dfd844c,server/model/players/skills/SmithingInterface.java,makeBronzeInterface,->,12acfc45-bdfb-4343-9004-9be15dfd844c,java/lang/StringBuilder.java,toString
12acfc45-bdfb-4343-9004-9be15dfd844c,server/model/players/skills/SmithingInterface.java,makeBronzeInterface,->,12acfc45-bdfb-4343-9004-9be15dfd844c,991eb2a8-284a-4290-ae08-f54cf8834706,609517a1-3a8b-4bd9-8623-3cae47c33a17
12acfc45-bdfb-4343-9004-9be15dfd844c,server/model/players/skills/SmithingInterface.java,makeBronzeInterface,->,12acfc45-bdfb-4343-9004-9be15dfd844c,server/model/players/Client.java,getPA
12acfc45-bdfb-4343-9004-9be15dfd844c,server/model/players/skills/SmithingInterface.java,makeBronzeInterface,->,12acfc45-bdfb-4343-9004-9be15dfd844c,java/lang/StringBuilder.java,append
12acfc45-bdfb-4343-9004-9be15dfd844c,server/model/players/skills/SmithingInterface.java,makeBronzeInterface,->,12acfc45-bdfb-4343-9004-9be15dfd844c,java/lang/StringBuilder.java,append
12acfc45-bdfb-4343-9004-9be15dfd844c,server/model/players/skills/SmithingInterface.java,makeBronzeInterface,->,12acfc45-bdfb-4343-9004-9be15dfd844c,java/lang/StringBuilder.java,append
12acfc45-bdfb-4343-9004-9be15dfd844c,server/model/players/skills/SmithingInterface.java,makeBronzeInterface,->,12acfc45-bdfb-4343-9004-9be15dfd844c,java/lang/StringBuilder.java,toString
12acfc45-bdfb-4343-9004-9be15dfd844c,server/model/players/skills/SmithingInterface.java,makeBronzeInterface,->,12acfc45-bdfb-4343-9004-9be15dfd844c,991eb2a8-284a-4290-ae08-f54cf8834706,609517a1-3a8b-4bd9-8623-3cae47c33a17
12acfc45-bdfb-4343-9004-9be15dfd844c,server/model/players/skills/SmithingInterface.java,makeBronzeInterface,->,12acfc45-bdfb-4343-9004-9be15dfd844c,server/model/players/Client.java,getPA
12acfc45-bdfb-4343-9004-9be15dfd844c,server/model/players/skills/SmithingInterface.java,makeBronzeInterface,->,12acfc45-bdfb-4343-9004-9be15dfd844c,java/lang/StringBuilder.java,append
12acfc45-bdfb-4343-9004-9be15dfd844c,server/model/players/skills/SmithingInterface.java,makeBronzeInterface,->,12acfc45-bdfb-4343-9004-9be15dfd844c,java/lang/StringBuilder.java,append
12acfc45-bdfb-4343-9004-9be15dfd844c,server/model/players/skills/SmithingInterface.java,makeBronzeInterface,->,12acfc45-bdfb-4343-9004-9be15dfd844c,java/lang/StringBuilder.java,append
12acfc45-bdfb-4343-9004-9be15dfd844c,server/model/players/skills/SmithingInterface.java,makeBronzeInterface,->,12acfc45-bdfb-4343-9004-9be15dfd844c,java/lang/StringBuilder.java,toString
12acfc45-bdfb-4343-9004-9be15dfd844c,server/model/players/skills/SmithingInterface.java,makeBronzeInterface,->,12acfc45-bdfb-4343-9004-9be15dfd844c,991eb2a8-284a-4290-ae08-f54cf8834706,609517a1-3a8b-4bd9-8623-3cae47c33a17
12acfc45-bdfb-4343-9004-9be15dfd844c,server/model/players/skills/SmithingInterface.java,makeBronzeInterface,->,12acfc45-bdfb-4343-9004-9be15dfd844c,server/model/players/Client.java,getPA
12acfc45-bdfb-4343-9004-9be15dfd844c,server/model/players/skills/SmithingInterface.java,makeBronzeInterface,->,12acfc45-bdfb-4343-9004-9be15dfd844c,server/model/players/skills/SmithingInterface.java,GetForlvl
12acfc45-bdfb-4343-9004-9be15dfd844c,server/model/players/skills/SmithingInterface.java,makeBronzeInterface,->,12acfc45-bdfb-4343-9004-9be15dfd844c,java/lang/StringBuilder.java,append
12acfc45-bdfb-4343-9004-9be15dfd844c,server/model/players/skills/SmithingInterface.java,makeBronzeInterface,->,12acfc45-bdfb-4343-9004-9be15dfd844c,java/lang/StringBuilder.java,append
12acfc45-bdfb-4343-9004-9be15dfd844c,server/model/players/skills/SmithingInterface.java,makeBronzeInterface,->,12acfc45-bdfb-4343-9004-9be15dfd844c,server/model/players/skills/SmithingInterface.java,GetForlvl
12acfc45-bdfb-4343-9004-9be15dfd844c,server/model/players/skills/SmithingInterface.java,makeBronzeInterface,->,12acfc45-bdfb-4343-9004-9be15dfd844c,java/lang/StringBuilder.java,append
12acfc45-bdfb-4343-9004-9be15dfd844c,server/model/players/skills/SmithingInterface.java,makeBronzeInterface,->,12acfc45-bdfb-4343-9004-9be15dfd844c,java/lang/StringBuilder.java,toString
12acfc45-bdfb-4343-9004-9be15dfd844c,server/model/players/skills/SmithingInterface.java,makeBronzeInterface,->,12acfc45-bdfb-4343-9004-9be15dfd844c,991eb2a8-284a-4290-ae08-f54cf8834706,609517a1-3a8b-4bd9-8623-3cae47c33a17
12acfc45-bdfb-4343-9004-9be15dfd844c,server/model/players/skills/SmithingInterface.java,makeBronzeInterface,->,12acfc45-bdfb-4343-9004-9be15dfd844c,server/model/players/Client.java,getPA
12acfc45-bdfb-4343-9004-9be15dfd844c,server/model/players/skills/SmithingInterface.java,makeBronzeInterface,->,12acfc45-bdfb-4343-9004-9be15dfd844c,server/model/players/skills/SmithingInterface.java,GetForlvl
12acfc45-bdfb-4343-9004-9be15dfd844c,server/model/players/skills/SmithingInterface.java,makeBronzeInterface,->,12acfc45-bdfb-4343-9004-9be15dfd844c,java/lang/StringBuilder.java,append
12acfc45-bdfb-4343-9004-9be15dfd844c,server/model/players/skills/SmithingInterface.java,makeBronzeInterface,->,12acfc45-bdfb-4343-9004-9be15dfd844c,java/lang/StringBuilder.java,append
12acfc45-bdfb-4343-9004-9be15dfd844c,server/model/players/skills/SmithingInterface.java,makeBronzeInterface,->,12acfc45-bdfb-4343-9004-9be15dfd844c,server/model/players/skills/SmithingInterface.java,GetForlvl
12acfc45-bdfb-4343-9004-9be15dfd844c,server/model/players/skills/SmithingInterface.java,makeBronzeInterface,->,12acfc45-bdfb-4343-9004-9be15dfd844c,java/lang/StringBuilder.java,append
12acfc45-bdfb-4343-9004-9be15dfd844c,server/model/players/skills/SmithingInterface.java,makeBronzeInterface,->,12acfc45-bdfb-4343-9004-9be15dfd844c,java/lang/StringBuilder.java,toString
12acfc45-bdfb-4343-9004-9be15dfd844c,server/model/players/skills/SmithingInterface.java,makeBronzeInterface,->,12acfc45-bdfb-4343-9004-9be15dfd844c,991eb2a8-284a-4290-ae08-f54cf8834706,609517a1-3a8b-4bd9-8623-3cae47c33a17
12acfc45-bdfb-4343-9004-9be15dfd844c,server/model/players/skills/SmithingInterface.java,makeBronzeInterface,->,12acfc45-bdfb-4343-9004-9be15dfd844c,server/model/players/Client.java,getPA
12acfc45-bdfb-4343-9004-9be15dfd844c,server/model/players/skills/SmithingInterface.java,makeBronzeInterface,->,12acfc45-bdfb-4343-9004-9be15dfd844c,server/model/players/skills/SmithingInterface.java,GetForlvl
12acfc45-bdfb-4343-9004-9be15dfd844c,server/model/players/skills/SmithingInterface.java,makeBronzeInterface,->,12acfc45-bdfb-4343-9004-9be15dfd844c,java/lang/StringBuilder.java,append
12acfc45-bdfb-4343-9004-9be15dfd844c,server/model/players/skills/SmithingInterface.java,makeBronzeInterface,->,12acfc45-bdfb-4343-9004-9be15dfd844c,java/lang/StringBuilder.java,append
12acfc45-bdfb-4343-9004-9be15dfd844c,server/model/players/skills/SmithingInterface.java,makeBronzeInterface,->,12acfc45-bdfb-4343-9004-9be15dfd844c,server/model/players/skills/SmithingInterface.java,GetForlvl
12acfc45-bdfb-4343-9004-9be15dfd844c,server/model/players/skills/SmithingInterface.java,makeBronzeInterface,->,12acfc45-bdfb-4343-9004-9be15dfd844c,java/lang/StringBuilder.java,append
12acfc45-bdfb-4343-9004-9be15dfd844c,server/model/players/skills/SmithingInterface.java,makeBronzeInterface,->,12acfc45-bdfb-4343-9004-9be15dfd844c,java/lang/StringBuilder.java,toString
12acfc45-bdfb-4343-9004-9be15dfd844c,server/model/players/skills/SmithingInterface.java,makeBronzeInterface,->,12acfc45-bdfb-4343-9004-9be15dfd844c,991eb2a8-284a-4290-ae08-f54cf8834706,609517a1-3a8b-4bd9-8623-3cae47c33a17
12acfc45-bdfb-4343-9004-9be15dfd844c,server/model/players/skills/SmithingInterface.java,makeBronzeInterface,->,12acfc45-bdfb-4343-9004-9be15dfd844c,server/model/players/Client.java,getPA
12acfc45-bdfb-4343-9004-9be15dfd844c,server/model/players/skills/SmithingInterface.java,makeBronzeInterface,->,12acfc45-bdfb-4343-9004-9be15dfd844c,server/model/players/skills/SmithingInterface.java,GetForlvl
12acfc45-bdfb-4343-9004-9be15dfd844c,server/model/players/skills/SmithingInterface.java,makeBronzeInterface,->,12acfc45-bdfb-4343-9004-9be15dfd844c,java/lang/StringBuilder.java,append
12acfc45-bdfb-4343-9004-9be15dfd844c,server/model/players/skills/SmithingInterface.java,makeBronzeInterface,->,12acfc45-bdfb-4343-9004-9be15dfd844c,java/lang/StringBuilder.java,append
12acfc45-bdfb-4343-9004-9be15dfd844c,server/model/players/skills/SmithingInterface.java,makeBronzeInterface,->,12acfc45-bdfb-4343-9004-9be15dfd844c,server/model/players/skills/SmithingInterface.java,GetForlvl
12acfc45-bdfb-4343-9004-9be15dfd844c,server/model/players/skills/SmithingInterface.java,makeBronzeInterface,->,12acfc45-bdfb-4343-9004-9be15dfd844c,java/lang/StringBuilder.java,append
12acfc45-bdfb-4343-9004-9be15dfd844c,server/model/players/skills/SmithingInterface.java,makeBronzeInterface,->,12acfc45-bdfb-4343-9004-9be15dfd844c,java/lang/StringBuilder.java,toString
12acfc45-bdfb-4343-9004-9be15dfd844c,server/model/players/skills/SmithingInterface.java,makeBronzeInterface,->,12acfc45-bdfb-4343-9004-9be15dfd844c,991eb2a8-284a-4290-ae08-f54cf8834706,609517a1-3a8b-4bd9-8623-3cae47c33a17
12acfc45-bdfb-4343-9004-9be15dfd844c,server/model/players/skills/SmithingInterface.java,makeBronzeInterface,->,12acfc45-bdfb-4343-9004-9be15dfd844c,server/model/players/Client.java,getPA
12acfc45-bdfb-4343-9004-9be15dfd844c,server/model/players/skills/SmithingInterface.java,makeBronzeInterface,->,12acfc45-bdfb-4343-9004-9be15dfd844c,server/model/players/skills/SmithingInterface.java,GetForlvl
12acfc45-bdfb-4343-9004-9be15dfd844c,server/model/players/skills/SmithingInterface.java,makeBronzeInterface,->,12acfc45-bdfb-4343-9004-9be15dfd844c,java/lang/StringBuilder.java,append
12acfc45-bdfb-4343-9004-9be15dfd844c,server/model/players/skills/SmithingInterface.java,makeBronzeInterface,->,12acfc45-bdfb-4343-9004-9be15dfd844c,java/lang/StringBuilder.java,append
12acfc45-bdfb-4343-9004-9be15dfd844c,server/model/players/skills/SmithingInterface.java,makeBronzeInterface,->,12acfc45-bdfb-4343-9004-9be15dfd844c,server/model/players/skills/SmithingInterface.java,GetForlvl
12acfc45-bdfb-4343-9004-9be15dfd844c,server/model/players/skills/SmithingInterface.java,makeBronzeInterface,->,12acfc45-bdfb-4343-9004-9be15dfd844c,java/lang/StringBuilder.java,append
12acfc45-bdfb-4343-9004-9be15dfd844c,server/model/players/skills/SmithingInterface.java,makeBronzeInterface,->,12acfc45-bdfb-4343-9004-9be15dfd844c,java/lang/StringBuilder.java,toString
12acfc45-bdfb-4343-9004-9be15dfd844c,server/model/players/skills/SmithingInterface.java,makeBronzeInterface,->,12acfc45-bdfb-4343-9004-9be15dfd844c,991eb2a8-284a-4290-ae08-f54cf8834706,609517a1-3a8b-4bd9-8623-3cae47c33a17
12acfc45-bdfb-4343-9004-9be15dfd844c,server/model/players/skills/SmithingInterface.java,makeBronzeInterface,->,12acfc45-bdfb-4343-9004-9be15dfd844c,server/model/players/Client.java,getPA
12acfc45-bdfb-4343-9004-9be15dfd844c,server/model/players/skills/SmithingInterface.java,makeBronzeInterface,->,12acfc45-bdfb-4343-9004-9be15dfd844c,server/model/players/skills/SmithingInterface.java,GetForlvl
12acfc45-bdfb-4343-9004-9be15dfd844c,server/model/players/skills/SmithingInterface.java,makeBronzeInterface,->,12acfc45-bdfb-4343-9004-9be15dfd844c,java/lang/StringBuilder.java,append
12acfc45-bdfb-4343-9004-9be15dfd844c,server/model/players/skills/SmithingInterface.java,makeBronzeInterface,->,12acfc45-bdfb-4343-9004-9be15dfd844c,java/lang/StringBuilder.java,append
12acfc45-bdfb-4343-9004-9be15dfd844c,server/model/players/skills/SmithingInterface.java,makeBronzeInterface,->,12acfc45-bdfb-4343-9004-9be15dfd844c,server/model/players/skills/SmithingInterface.java,GetForlvl
12acfc45-bdfb-4343-9004-9be15dfd844c,server/model/players/skills/SmithingInterface.java,makeBronzeInterface,->,12acfc45-bdfb-4343-9004-9be15dfd844c,java/lang/StringBuilder.java,append
12acfc45-bdfb-4343-9004-9be15dfd844c,server/model/players/skills/SmithingInterface.java,makeBronzeInterface,->,12acfc45-bdfb-4343-9004-9be15dfd844c,java/lang/StringBuilder.java,toString
12acfc45-bdfb-4343-9004-9be15dfd844c,server/model/players/skills/SmithingInterface.java,makeBronzeInterface,->,12acfc45-bdfb-4343-9004-9be15dfd844c,991eb2a8-284a-4290-ae08-f54cf8834706,609517a1-3a8b-4bd9-8623-3cae47c33a17
12acfc45-bdfb-4343-9004-9be15dfd844c,server/model/players/skills/SmithingInterface.java,makeBronzeInterface,->,12acfc45-bdfb-4343-9004-9be15dfd844c,server/model/players/Client.java,getPA
12acfc45-bdfb-4343-9004-9be15dfd844c,server/model/players/skills/SmithingInterface.java,makeBronzeInterface,->,12acfc45-bdfb-4343-9004-9be15dfd844c,server/model/players/skills/SmithingInterface.java,GetForlvl
12acfc45-bdfb-4343-9004-9be15dfd844c,server/model/players/skills/SmithingInterface.java,makeBronzeInterface,->,12acfc45-bdfb-4343-9004-9be15dfd844c,java/lang/StringBuilder.java,append
12acfc45-bdfb-4343-9004-9be15dfd844c,server/model/players/skills/SmithingInterface.java,makeBronzeInterface,->,12acfc45-bdfb-4343-9004-9be15dfd844c,java/lang/StringBuilder.java,append
12acfc45-bdfb-4343-9004-9be15dfd844c,server/model/players/skills/SmithingInterface.java,makeBronzeInterface,->,12acfc45-bdfb-4343-9004-9be15dfd844c,server/model/players/skills/SmithingInterface.java,GetForlvl
12acfc45-bdfb-4343-9004-9be15dfd844c,server/model/players/skills/SmithingInterface.java,makeBronzeInterface,->,12acfc45-bdfb-4343-9004-9be15dfd844c,java/lang/StringBuilder.java,append
12acfc45-bdfb-4343-9004-9be15dfd844c,server/model/players/skills/SmithingInterface.java,makeBronzeInterface,->,12acfc45-bdfb-4343-9004-9be15dfd844c,java/lang/StringBuilder.java,toString
12acfc45-bdfb-4343-9004-9be15dfd844c,server/model/players/skills/SmithingInterface.java,makeBronzeInterface,->,12acfc45-bdfb-4343-9004-9be15dfd844c,991eb2a8-284a-4290-ae08-f54cf8834706,609517a1-3a8b-4bd9-8623-3cae47c33a17
12acfc45-bdfb-4343-9004-9be15dfd844c,server/model/players/skills/SmithingInterface.java,makeBronzeInterface,->,12acfc45-bdfb-4343-9004-9be15dfd844c,server/model/players/Client.java,getPA
12acfc45-bdfb-4343-9004-9be15dfd844c,server/model/players/skills/SmithingInterface.java,makeBronzeInterface,->,12acfc45-bdfb-4343-9004-9be15dfd844c,server/model/players/skills/SmithingInterface.java,GetForlvl
12acfc45-bdfb-4343-9004-9be15dfd844c,server/model/players/skills/SmithingInterface.java,makeBronzeInterface,->,12acfc45-bdfb-4343-9004-9be15dfd844c,java/lang/StringBuilder.java,append
12acfc45-bdfb-4343-9004-9be15dfd844c,server/model/players/skills/SmithingInterface.java,makeBronzeInterface,->,12acfc45-bdfb-4343-9004-9be15dfd844c,java/lang/StringBuilder.java,append
12acfc45-bdfb-4343-9004-9be15dfd844c,server/model/players/skills/SmithingInterface.java,makeBronzeInterface,->,12acfc45-bdfb-4343-9004-9be15dfd844c,server/model/players/skills/SmithingInterface.java,GetForlvl
12acfc45-bdfb-4343-9004-9be15dfd844c,server/model/players/skills/SmithingInterface.java,makeBronzeInterface,->,12acfc45-bdfb-4343-9004-9be15dfd844c,java/lang/StringBuilder.java,append
12acfc45-bdfb-4343-9004-9be15dfd844c,server/model/players/skills/SmithingInterface.java,makeBronzeInterface,->,12acfc45-bdfb-4343-9004-9be15dfd844c,java/lang/StringBuilder.java,toString
12acfc45-bdfb-4343-9004-9be15dfd844c,server/model/players/skills/SmithingInterface.java,makeBronzeInterface,->,12acfc45-bdfb-4343-9004-9be15dfd844c,991eb2a8-284a-4290-ae08-f54cf8834706,609517a1-3a8b-4bd9-8623-3cae47c33a17
12acfc45-bdfb-4343-9004-9be15dfd844c,server/model/players/skills/SmithingInterface.java,makeBronzeInterface,->,12acfc45-bdfb-4343-9004-9be15dfd844c,server/model/players/Client.java,getPA
12acfc45-bdfb-4343-9004-9be15dfd844c,server/model/players/skills/SmithingInterface.java,makeBronzeInterface,->,12acfc45-bdfb-4343-9004-9be15dfd844c,server/model/players/skills/SmithingInterface.java,GetForlvl
12acfc45-bdfb-4343-9004-9be15dfd844c,server/model/players/skills/SmithingInterface.java,makeBronzeInterface,->,12acfc45-bdfb-4343-9004-9be15dfd844c,java/lang/StringBuilder.java,append
12acfc45-bdfb-4343-9004-9be15dfd844c,server/model/players/skills/SmithingInterface.java,makeBronzeInterface,->,12acfc45-bdfb-4343-9004-9be15dfd844c,java/lang/StringBuilder.java,append
12acfc45-bdfb-4343-9004-9be15dfd844c,server/model/players/skills/SmithingInterface.java,makeBronzeInterface,->,12acfc45-bdfb-4343-9004-9be15dfd844c,server/model/players/skills/SmithingInterface.java,GetForlvl
12acfc45-bdfb-4343-9004-9be15dfd844c,server/model/players/skills/SmithingInterface.java,makeBronzeInterface,->,12acfc45-bdfb-4343-9004-9be15dfd844c,java/lang/StringBuilder.java,append
12acfc45-bdfb-4343-9004-9be15dfd844c,server/model/players/skills/SmithingInterface.java,makeBronzeInterface,->,12acfc45-bdfb-4343-9004-9be15dfd844c,java/lang/StringBuilder.java,toString
12acfc45-bdfb-4343-9004-9be15dfd844c,server/model/players/skills/SmithingInterface.java,makeBronzeInterface,->,12acfc45-bdfb-4343-9004-9be15dfd844c,991eb2a8-284a-4290-ae08-f54cf8834706,609517a1-3a8b-4bd9-8623-3cae47c33a17
12acfc45-bdfb-4343-9004-9be15dfd844c,server/model/players/skills/SmithingInterface.java,makeBronzeInterface,->,12acfc45-bdfb-4343-9004-9be15dfd844c,server/model/players/Client.java,getPA
12acfc45-bdfb-4343-9004-9be15dfd844c,server/model/players/skills/SmithingInterface.java,makeBronzeInterface,->,12acfc45-bdfb-4343-9004-9be15dfd844c,server/model/players/skills/SmithingInterface.java,GetForlvl
12acfc45-bdfb-4343-9004-9be15dfd844c,server/model/players/skills/SmithingInterface.java,makeBronzeInterface,->,12acfc45-bdfb-4343-9004-9be15dfd844c,java/lang/StringBuilder.java,append
12acfc45-bdfb-4343-9004-9be15dfd844c,server/model/players/skills/SmithingInterface.java,makeBronzeInterface,->,12acfc45-bdfb-4343-9004-9be15dfd844c,java/lang/StringBuilder.java,append
12acfc45-bdfb-4343-9004-9be15dfd844c,server/model/players/skills/SmithingInterface.java,makeBronzeInterface,->,12acfc45-bdfb-4343-9004-9be15dfd844c,server/model/players/skills/SmithingInterface.java,GetForlvl
12acfc45-bdfb-4343-9004-9be15dfd844c,server/model/players/skills/SmithingInterface.java,makeBronzeInterface,->,12acfc45-bdfb-4343-9004-9be15dfd844c,java/lang/StringBuilder.java,append
12acfc45-bdfb-4343-9004-9be15dfd844c,server/model/players/skills/SmithingInterface.java,makeBronzeInterface,->,12acfc45-bdfb-4343-9004-9be15dfd844c,java/lang/StringBuilder.java,toString
12acfc45-bdfb-4343-9004-9be15dfd844c,server/model/players/skills/SmithingInterface.java,makeBronzeInterface,->,12acfc45-bdfb-4343-9004-9be15dfd844c,991eb2a8-284a-4290-ae08-f54cf8834706,609517a1-3a8b-4bd9-8623-3cae47c33a17
12acfc45-bdfb-4343-9004-9be15dfd844c,server/model/players/skills/SmithingInterface.java,makeBronzeInterface,->,12acfc45-bdfb-4343-9004-9be15dfd844c,server/model/players/Client.java,getPA
12acfc45-bdfb-4343-9004-9be15dfd844c,server/model/players/skills/SmithingInterface.java,makeBronzeInterface,->,12acfc45-bdfb-4343-9004-9be15dfd844c,server/model/players/skills/SmithingInterface.java,GetForlvl
12acfc45-bdfb-4343-9004-9be15dfd844c,server/model/players/skills/SmithingInterface.java,makeBronzeInterface,->,12acfc45-bdfb-4343-9004-9be15dfd844c,java/lang/StringBuilder.java,append
12acfc45-bdfb-4343-9004-9be15dfd844c,server/model/players/skills/SmithingInterface.java,makeBronzeInterface,->,12acfc45-bdfb-4343-9004-9be15dfd844c,java/lang/StringBuilder.java,append
12acfc45-bdfb-4343-9004-9be15dfd844c,server/model/players/skills/SmithingInterface.java,makeBronzeInterface,->,12acfc45-bdfb-4343-9004-9be15dfd844c,server/model/players/skills/SmithingInterface.java,GetForlvl
12acfc45-bdfb-4343-9004-9be15dfd844c,server/model/players/skills/SmithingInterface.java,makeBronzeInterface,->,12acfc45-bdfb-4343-9004-9be15dfd844c,java/lang/StringBuilder.java,append
12acfc45-bdfb-4343-9004-9be15dfd844c,server/model/players/skills/SmithingInterface.java,makeBronzeInterface,->,12acfc45-bdfb-4343-9004-9be15dfd844c,java/lang/StringBuilder.java,toString
12acfc45-bdfb-4343-9004-9be15dfd844c,server/model/players/skills/SmithingInterface.java,makeBronzeInterface,->,12acfc45-bdfb-4343-9004-9be15dfd844c,991eb2a8-284a-4290-ae08-f54cf8834706,609517a1-3a8b-4bd9-8623-3cae47c33a17
12acfc45-bdfb-4343-9004-9be15dfd844c,server/model/players/skills/SmithingInterface.java,makeBronzeInterface,->,12acfc45-bdfb-4343-9004-9be15dfd844c,server/model/players/Client.java,getPA
12acfc45-bdfb-4343-9004-9be15dfd844c,server/model/players/skills/SmithingInterface.java,makeBronzeInterface,->,12acfc45-bdfb-4343-9004-9be15dfd844c,server/model/players/skills/SmithingInterface.java,GetForlvl
12acfc45-bdfb-4343-9004-9be15dfd844c,server/model/players/skills/SmithingInterface.java,makeBronzeInterface,->,12acfc45-bdfb-4343-9004-9be15dfd844c,java/lang/StringBuilder.java,append
12acfc45-bdfb-4343-9004-9be15dfd844c,server/model/players/skills/SmithingInterface.java,makeBronzeInterface,->,12acfc45-bdfb-4343-9004-9be15dfd844c,java/lang/StringBuilder.java,append
12acfc45-bdfb-4343-9004-9be15dfd844c,server/model/players/skills/SmithingInterface.java,makeBronzeInterface,->,12acfc45-bdfb-4343-9004-9be15dfd844c,server/model/players/skills/SmithingInterface.java,GetForlvl
12acfc45-bdfb-4343-9004-9be15dfd844c,server/model/players/skills/SmithingInterface.java,makeBronzeInterface,->,12acfc45-bdfb-4343-9004-9be15dfd844c,java/lang/StringBuilder.java,append
12acfc45-bdfb-4343-9004-9be15dfd844c,server/model/players/skills/SmithingInterface.java,makeBronzeInterface,->,12acfc45-bdfb-4343-9004-9be15dfd844c,java/lang/StringBuilder.java,toString
12acfc45-bdfb-4343-9004-9be15dfd844c,server/model/players/skills/SmithingInterface.java,makeBronzeInterface,->,12acfc45-bdfb-4343-9004-9be15dfd844c,991eb2a8-284a-4290-ae08-f54cf8834706,609517a1-3a8b-4bd9-8623-3cae47c33a17
12acfc45-bdfb-4343-9004-9be15dfd844c,server/model/players/skills/SmithingInterface.java,makeBronzeInterface,->,12acfc45-bdfb-4343-9004-9be15dfd844c,server/model/players/Client.java,getPA
12acfc45-bdfb-4343-9004-9be15dfd844c,server/model/players/skills/SmithingInterface.java,makeBronzeInterface,->,12acfc45-bdfb-4343-9004-9be15dfd844c,server/model/players/skills/SmithingInterface.java,GetForlvl
12acfc45-bdfb-4343-9004-9be15dfd844c,server/model/players/skills/SmithingInterface.java,makeBronzeInterface,->,12acfc45-bdfb-4343-9004-9be15dfd844c,java/lang/StringBuilder.java,append
12acfc45-bdfb-4343-9004-9be15dfd844c,server/model/players/skills/SmithingInterface.java,makeBronzeInterface,->,12acfc45-bdfb-4343-9004-9be15dfd844c,java/lang/StringBuilder.java,append
12acfc45-bdfb-4343-9004-9be15dfd844c,server/model/players/skills/SmithingInterface.java,makeBronzeInterface,->,12acfc45-bdfb-4343-9004-9be15dfd844c,server/model/players/skills/SmithingInterface.java,GetForlvl
12acfc45-bdfb-4343-9004-9be15dfd844c,server/model/players/skills/SmithingInterface.java,makeBronzeInterface,->,12acfc45-bdfb-4343-9004-9be15dfd844c,java/lang/StringBuilder.java,append
12acfc45-bdfb-4343-9004-9be15dfd844c,server/model/players/skills/SmithingInterface.java,makeBronzeInterface,->,12acfc45-bdfb-4343-9004-9be15dfd844c,java/lang/StringBuilder.java,toString
12acfc45-bdfb-4343-9004-9be15dfd844c,server/model/players/skills/SmithingInterface.java,makeBronzeInterface,->,12acfc45-bdfb-4343-9004-9be15dfd844c,991eb2a8-284a-4290-ae08-f54cf8834706,609517a1-3a8b-4bd9-8623-3cae47c33a17
12acfc45-bdfb-4343-9004-9be15dfd844c,server/model/players/skills/SmithingInterface.java,makeBronzeInterface,->,12acfc45-bdfb-4343-9004-9be15dfd844c,server/model/players/Client.java,getPA
12acfc45-bdfb-4343-9004-9be15dfd844c,server/model/players/skills/SmithingInterface.java,makeBronzeInterface,->,12acfc45-bdfb-4343-9004-9be15dfd844c,server/model/players/skills/SmithingInterface.java,GetForlvl
12acfc45-bdfb-4343-9004-9be15dfd844c,server/model/players/skills/SmithingInterface.java,makeBronzeInterface,->,12acfc45-bdfb-4343-9004-9be15dfd844c,java/lang/StringBuilder.java,append
12acfc45-bdfb-4343-9004-9be15dfd844c,server/model/players/skills/SmithingInterface.java,makeBronzeInterface,->,12acfc45-bdfb-4343-9004-9be15dfd844c,java/lang/StringBuilder.java,append
12acfc45-bdfb-4343-9004-9be15dfd844c,server/model/players/skills/SmithingInterface.java,makeBronzeInterface,->,12acfc45-bdfb-4343-9004-9be15dfd844c,server/model/players/skills/SmithingInterface.java,GetForlvl
12acfc45-bdfb-4343-9004-9be15dfd844c,server/model/players/skills/SmithingInterface.java,makeBronzeInterface,->,12acfc45-bdfb-4343-9004-9be15dfd844c,java/lang/StringBuilder.java,append
12acfc45-bdfb-4343-9004-9be15dfd844c,server/model/players/skills/SmithingInterface.java,makeBronzeInterface,->,12acfc45-bdfb-4343-9004-9be15dfd844c,java/lang/StringBuilder.java,toString
12acfc45-bdfb-4343-9004-9be15dfd844c,server/model/players/skills/SmithingInterface.java,makeBronzeInterface,->,12acfc45-bdfb-4343-9004-9be15dfd844c,991eb2a8-284a-4290-ae08-f54cf8834706,609517a1-3a8b-4bd9-8623-3cae47c33a17
12acfc45-bdfb-4343-9004-9be15dfd844c,server/model/players/skills/SmithingInterface.java,makeBronzeInterface,->,12acfc45-bdfb-4343-9004-9be15dfd844c,server/model/players/Client.java,getPA
12acfc45-bdfb-4343-9004-9be15dfd844c,server/model/players/skills/SmithingInterface.java,makeBronzeInterface,->,12acfc45-bdfb-4343-9004-9be15dfd844c,server/model/players/skills/SmithingInterface.java,GetForlvl
12acfc45-bdfb-4343-9004-9be15dfd844c,server/model/players/skills/SmithingInterface.java,makeBronzeInterface,->,12acfc45-bdfb-4343-9004-9be15dfd844c,java/lang/StringBuilder.java,append
12acfc45-bdfb-4343-9004-9be15dfd844c,server/model/players/skills/SmithingInterface.java,makeBronzeInterface,->,12acfc45-bdfb-4343-9004-9be15dfd844c,java/lang/StringBuilder.java,append
12acfc45-bdfb-4343-9004-9be15dfd844c,server/model/players/skills/SmithingInterface.java,makeBronzeInterface,->,12acfc45-bdfb-4343-9004-9be15dfd844c,server/model/players/skills/SmithingInterface.java,GetForlvl
12acfc45-bdfb-4343-9004-9be15dfd844c,server/model/players/skills/SmithingInterface.java,makeBronzeInterface,->,12acfc45-bdfb-4343-9004-9be15dfd844c,java/lang/StringBuilder.java,append
12acfc45-bdfb-4343-9004-9be15dfd844c,server/model/players/skills/SmithingInterface.java,makeBronzeInterface,->,12acfc45-bdfb-4343-9004-9be15dfd844c,java/lang/StringBuilder.java,toString
12acfc45-bdfb-4343-9004-9be15dfd844c,server/model/players/skills/SmithingInterface.java,makeBronzeInterface,->,12acfc45-bdfb-4343-9004-9be15dfd844c,991eb2a8-284a-4290-ae08-f54cf8834706,609517a1-3a8b-4bd9-8623-3cae47c33a17
12acfc45-bdfb-4343-9004-9be15dfd844c,server/model/players/skills/SmithingInterface.java,makeBronzeInterface,->,12acfc45-bdfb-4343-9004-9be15dfd844c,server/model/players/Client.java,getPA
12acfc45-bdfb-4343-9004-9be15dfd844c,server/model/players/skills/SmithingInterface.java,makeBronzeInterface,->,12acfc45-bdfb-4343-9004-9be15dfd844c,server/model/players/skills/SmithingInterface.java,GetForlvl
12acfc45-bdfb-4343-9004-9be15dfd844c,server/model/players/skills/SmithingInterface.java,makeBronzeInterface,->,12acfc45-bdfb-4343-9004-9be15dfd844c,java/lang/StringBuilder.java,append
12acfc45-bdfb-4343-9004-9be15dfd844c,server/model/players/skills/SmithingInterface.java,makeBronzeInterface,->,12acfc45-bdfb-4343-9004-9be15dfd844c,java/lang/StringBuilder.java,append
12acfc45-bdfb-4343-9004-9be15dfd844c,server/model/players/skills/SmithingInterface.java,makeBronzeInterface,->,12acfc45-bdfb-4343-9004-9be15dfd844c,server/model/players/skills/SmithingInterface.java,GetForlvl
12acfc45-bdfb-4343-9004-9be15dfd844c,server/model/players/skills/SmithingInterface.java,makeBronzeInterface,->,12acfc45-bdfb-4343-9004-9be15dfd844c,java/lang/StringBuilder.java,append
12acfc45-bdfb-4343-9004-9be15dfd844c,server/model/players/skills/SmithingInterface.java,makeBronzeInterface,->,12acfc45-bdfb-4343-9004-9be15dfd844c,java/lang/StringBuilder.java,toString
12acfc45-bdfb-4343-9004-9be15dfd844c,server/model/players/skills/SmithingInterface.java,makeBronzeInterface,->,12acfc45-bdfb-4343-9004-9be15dfd844c,991eb2a8-284a-4290-ae08-f54cf8834706,609517a1-3a8b-4bd9-8623-3cae47c33a17
12acfc45-bdfb-4343-9004-9be15dfd844c,server/model/players/skills/SmithingInterface.java,makeBronzeInterface,->,12acfc45-bdfb-4343-9004-9be15dfd844c,server/model/players/Client.java,getPA
12acfc45-bdfb-4343-9004-9be15dfd844c,server/model/players/skills/SmithingInterface.java,makeBronzeInterface,->,12acfc45-bdfb-4343-9004-9be15dfd844c,server/model/players/skills/SmithingInterface.java,GetForlvl
12acfc45-bdfb-4343-9004-9be15dfd844c,server/model/players/skills/SmithingInterface.java,makeBronzeInterface,->,12acfc45-bdfb-4343-9004-9be15dfd844c,java/lang/StringBuilder.java,append
12acfc45-bdfb-4343-9004-9be15dfd844c,server/model/players/skills/SmithingInterface.java,makeBronzeInterface,->,12acfc45-bdfb-4343-9004-9be15dfd844c,java/lang/StringBuilder.java,append
12acfc45-bdfb-4343-9004-9be15dfd844c,server/model/players/skills/SmithingInterface.java,makeBronzeInterface,->,12acfc45-bdfb-4343-9004-9be15dfd844c,server/model/players/skills/SmithingInterface.java,GetForlvl
12acfc45-bdfb-4343-9004-9be15dfd844c,server/model/players/skills/SmithingInterface.java,makeBronzeInterface,->,12acfc45-bdfb-4343-9004-9be15dfd844c,java/lang/StringBuilder.java,append
12acfc45-bdfb-4343-9004-9be15dfd844c,server/model/players/skills/SmithingInterface.java,makeBronzeInterface,->,12acfc45-bdfb-4343-9004-9be15dfd844c,java/lang/StringBuilder.java,toString
12acfc45-bdfb-4343-9004-9be15dfd844c,server/model/players/skills/SmithingInterface.java,makeBronzeInterface,->,12acfc45-bdfb-4343-9004-9be15dfd844c,991eb2a8-284a-4290-ae08-f54cf8834706,609517a1-3a8b-4bd9-8623-3cae47c33a17
12acfc45-bdfb-4343-9004-9be15dfd844c,server/model/players/skills/SmithingInterface.java,makeBronzeInterface,->,12acfc45-bdfb-4343-9004-9be15dfd844c,server/model/players/Client.java,getPA
12acfc45-bdfb-4343-9004-9be15dfd844c,server/model/players/skills/SmithingInterface.java,makeBronzeInterface,->,12acfc45-bdfb-4343-9004-9be15dfd844c,server/model/players/skills/SmithingInterface.java,GetForlvl
12acfc45-bdfb-4343-9004-9be15dfd844c,server/model/players/skills/SmithingInterface.java,makeBronzeInterface,->,12acfc45-bdfb-4343-9004-9be15dfd844c,java/lang/StringBuilder.java,append
12acfc45-bdfb-4343-9004-9be15dfd844c,server/model/players/skills/SmithingInterface.java,makeBronzeInterface,->,12acfc45-bdfb-4343-9004-9be15dfd844c,java/lang/StringBuilder.java,append
12acfc45-bdfb-4343-9004-9be15dfd844c,server/model/players/skills/SmithingInterface.java,makeBronzeInterface,->,12acfc45-bdfb-4343-9004-9be15dfd844c,server/model/players/skills/SmithingInterface.java,GetForlvl
12acfc45-bdfb-4343-9004-9be15dfd844c,server/model/players/skills/SmithingInterface.java,makeBronzeInterface,->,12acfc45-bdfb-4343-9004-9be15dfd844c,java/lang/StringBuilder.java,append
12acfc45-bdfb-4343-9004-9be15dfd844c,server/model/players/skills/SmithingInterface.java,makeBronzeInterface,->,12acfc45-bdfb-4343-9004-9be15dfd844c,java/lang/StringBuilder.java,toString
12acfc45-bdfb-4343-9004-9be15dfd844c,server/model/players/skills/SmithingInterface.java,makeBronzeInterface,->,12acfc45-bdfb-4343-9004-9be15dfd844c,991eb2a8-284a-4290-ae08-f54cf8834706,609517a1-3a8b-4bd9-8623-3cae47c33a17
12acfc45-bdfb-4343-9004-9be15dfd844c,server/model/players/skills/SmithingInterface.java,makeBronzeInterface,->,12acfc45-bdfb-4343-9004-9be15dfd844c,server/model/players/Client.java,getPA
12acfc45-bdfb-4343-9004-9be15dfd844c,server/model/players/skills/SmithingInterface.java,makeBronzeInterface,->,12acfc45-bdfb-4343-9004-9be15dfd844c,server/model/players/skills/SmithingInterface.java,GetForlvl
12acfc45-bdfb-4343-9004-9be15dfd844c,server/model/players/skills/SmithingInterface.java,makeBronzeInterface,->,12acfc45-bdfb-4343-9004-9be15dfd844c,java/lang/StringBuilder.java,append
12acfc45-bdfb-4343-9004-9be15dfd844c,server/model/players/skills/SmithingInterface.java,makeBronzeInterface,->,12acfc45-bdfb-4343-9004-9be15dfd844c,java/lang/StringBuilder.java,append
12acfc45-bdfb-4343-9004-9be15dfd844c,server/model/players/skills/SmithingInterface.java,makeBronzeInterface,->,12acfc45-bdfb-4343-9004-9be15dfd844c,server/model/players/skills/SmithingInterface.java,GetForlvl
12acfc45-bdfb-4343-9004-9be15dfd844c,server/model/players/skills/SmithingInterface.java,makeBronzeInterface,->,12acfc45-bdfb-4343-9004-9be15dfd844c,java/lang/StringBuilder.java,append
12acfc45-bdfb-4343-9004-9be15dfd844c,server/model/players/skills/SmithingInterface.java,makeBronzeInterface,->,12acfc45-bdfb-4343-9004-9be15dfd844c,java/lang/StringBuilder.java,toString
12acfc45-bdfb-4343-9004-9be15dfd844c,server/model/players/skills/SmithingInterface.java,makeBronzeInterface,->,12acfc45-bdfb-4343-9004-9be15dfd844c,991eb2a8-284a-4290-ae08-f54cf8834706,609517a1-3a8b-4bd9-8623-3cae47c33a17
12acfc45-bdfb-4343-9004-9be15dfd844c,server/model/players/skills/SmithingInterface.java,makeBronzeInterface,->,12acfc45-bdfb-4343-9004-9be15dfd844c,server/model/players/Client.java,getPA
12acfc45-bdfb-4343-9004-9be15dfd844c,server/model/players/skills/SmithingInterface.java,makeBronzeInterface,->,12acfc45-bdfb-4343-9004-9be15dfd844c,server/model/players/skills/SmithingInterface.java,GetForlvl
12acfc45-bdfb-4343-9004-9be15dfd844c,server/model/players/skills/SmithingInterface.java,makeBronzeInterface,->,12acfc45-bdfb-4343-9004-9be15dfd844c,java/lang/StringBuilder.java,append
12acfc45-bdfb-4343-9004-9be15dfd844c,server/model/players/skills/SmithingInterface.java,makeBronzeInterface,->,12acfc45-bdfb-4343-9004-9be15dfd844c,java/lang/StringBuilder.java,append
12acfc45-bdfb-4343-9004-9be15dfd844c,server/model/players/skills/SmithingInterface.java,makeBronzeInterface,->,12acfc45-bdfb-4343-9004-9be15dfd844c,server/model/players/skills/SmithingInterface.java,GetForlvl
12acfc45-bdfb-4343-9004-9be15dfd844c,server/model/players/skills/SmithingInterface.java,makeBronzeInterface,->,12acfc45-bdfb-4343-9004-9be15dfd844c,java/lang/StringBuilder.java,append
12acfc45-bdfb-4343-9004-9be15dfd844c,server/model/players/skills/SmithingInterface.java,makeBronzeInterface,->,12acfc45-bdfb-4343-9004-9be15dfd844c,java/lang/StringBuilder.java,toString
12acfc45-bdfb-4343-9004-9be15dfd844c,server/model/players/skills/SmithingInterface.java,makeBronzeInterface,->,12acfc45-bdfb-4343-9004-9be15dfd844c,991eb2a8-284a-4290-ae08-f54cf8834706,609517a1-3a8b-4bd9-8623-3cae47c33a17
12acfc45-bdfb-4343-9004-9be15dfd844c,server/model/players/skills/SmithingInterface.java,makeBronzeInterface,->,12acfc45-bdfb-4343-9004-9be15dfd844c,server/model/players/Client.java,getPA
12acfc45-bdfb-4343-9004-9be15dfd844c,server/model/players/skills/SmithingInterface.java,makeBronzeInterface,->,12acfc45-bdfb-4343-9004-9be15dfd844c,server/model/players/skills/SmithingInterface.java,GetForlvl
12acfc45-bdfb-4343-9004-9be15dfd844c,server/model/players/skills/SmithingInterface.java,makeBronzeInterface,->,12acfc45-bdfb-4343-9004-9be15dfd844c,java/lang/StringBuilder.java,append
12acfc45-bdfb-4343-9004-9be15dfd844c,server/model/players/skills/SmithingInterface.java,makeBronzeInterface,->,12acfc45-bdfb-4343-9004-9be15dfd844c,java/lang/StringBuilder.java,append
12acfc45-bdfb-4343-9004-9be15dfd844c,server/model/players/skills/SmithingInterface.java,makeBronzeInterface,->,12acfc45-bdfb-4343-9004-9be15dfd844c,server/model/players/skills/SmithingInterface.java,GetForlvl
12acfc45-bdfb-4343-9004-9be15dfd844c,server/model/players/skills/SmithingInterface.java,makeBronzeInterface,->,12acfc45-bdfb-4343-9004-9be15dfd844c,java/lang/StringBuilder.java,append
12acfc45-bdfb-4343-9004-9be15dfd844c,server/model/players/skills/SmithingInterface.java,makeBronzeInterface,->,12acfc45-bdfb-4343-9004-9be15dfd844c,java/lang/StringBuilder.java,toString
12acfc45-bdfb-4343-9004-9be15dfd844c,server/model/players/skills/SmithingInterface.java,makeBronzeInterface,->,12acfc45-bdfb-4343-9004-9be15dfd844c,991eb2a8-284a-4290-ae08-f54cf8834706,609517a1-3a8b-4bd9-8623-3cae47c33a17
12acfc45-bdfb-4343-9004-9be15dfd844c,server/model/players/skills/SmithingInterface.java,makeBronzeInterface,->,12acfc45-bdfb-4343-9004-9be15dfd844c,server/model/players/Client.java,getPA
12acfc45-bdfb-4343-9004-9be15dfd844c,server/model/players/skills/SmithingInterface.java,makeBronzeInterface,->,12acfc45-bdfb-4343-9004-9be15dfd844c,991eb2a8-284a-4290-ae08-f54cf8834706,567f87b3-4cc7-43f9-9489-4a8b3527773d
12acfc45-bdfb-4343-9004-9be15dfd844c,server/model/players/skills/SmithingInterface.java,makeBronzeInterface,->,12acfc45-bdfb-4343-9004-9be15dfd844c,server/model/players/Client.java,getPA
12acfc45-bdfb-4343-9004-9be15dfd844c,server/model/players/skills/SmithingInterface.java,makeBronzeInterface,->,12acfc45-bdfb-4343-9004-9be15dfd844c,991eb2a8-284a-4290-ae08-f54cf8834706,567f87b3-4cc7-43f9-9489-4a8b3527773d
12acfc45-bdfb-4343-9004-9be15dfd844c,server/model/players/skills/SmithingInterface.java,makeBronzeInterface,->,12acfc45-bdfb-4343-9004-9be15dfd844c,server/model/players/Client.java,getPA
12acfc45-bdfb-4343-9004-9be15dfd844c,server/model/players/skills/SmithingInterface.java,makeBronzeInterface,->,12acfc45-bdfb-4343-9004-9be15dfd844c,991eb2a8-284a-4290-ae08-f54cf8834706,567f87b3-4cc7-43f9-9489-4a8b3527773d
12acfc45-bdfb-4343-9004-9be15dfd844c,server/model/players/skills/SmithingInterface.java,makeBronzeInterface,->,12acfc45-bdfb-4343-9004-9be15dfd844c,server/model/players/Client.java,getPA
12acfc45-bdfb-4343-9004-9be15dfd844c,server/model/players/skills/SmithingInterface.java,makeBronzeInterface,->,12acfc45-bdfb-4343-9004-9be15dfd844c,991eb2a8-284a-4290-ae08-f54cf8834706,567f87b3-4cc7-43f9-9489-4a8b3527773d
12acfc45-bdfb-4343-9004-9be15dfd844c,server/model/players/skills/SmithingInterface.java,makeBronzeInterface,->,12acfc45-bdfb-4343-9004-9be15dfd844c,server/model/players/Client.java,getPA
12acfc45-bdfb-4343-9004-9be15dfd844c,server/model/players/skills/SmithingInterface.java,makeBronzeInterface,->,12acfc45-bdfb-4343-9004-9be15dfd844c,991eb2a8-284a-4290-ae08-f54cf8834706,567f87b3-4cc7-43f9-9489-4a8b3527773d
12acfc45-bdfb-4343-9004-9be15dfd844c,server/model/players/skills/SmithingInterface.java,makeBronzeInterface,->,12acfc45-bdfb-4343-9004-9be15dfd844c,server/model/players/Client.java,getPA
12acfc45-bdfb-4343-9004-9be15dfd844c,server/model/players/skills/SmithingInterface.java,makeBronzeInterface,->,12acfc45-bdfb-4343-9004-9be15dfd844c,991eb2a8-284a-4290-ae08-f54cf8834706,567f87b3-4cc7-43f9-9489-4a8b3527773d
12acfc45-bdfb-4343-9004-9be15dfd844c,server/model/players/skills/SmithingInterface.java,makeBronzeInterface,->,12acfc45-bdfb-4343-9004-9be15dfd844c,server/model/players/Client.java,getPA
12acfc45-bdfb-4343-9004-9be15dfd844c,server/model/players/skills/SmithingInterface.java,makeBronzeInterface,->,12acfc45-bdfb-4343-9004-9be15dfd844c,991eb2a8-284a-4290-ae08-f54cf8834706,567f87b3-4cc7-43f9-9489-4a8b3527773d
12acfc45-bdfb-4343-9004-9be15dfd844c,server/model/players/skills/SmithingInterface.java,makeBronzeInterface,->,12acfc45-bdfb-4343-9004-9be15dfd844c,server/model/players/Client.java,getPA
12acfc45-bdfb-4343-9004-9be15dfd844c,server/model/players/skills/SmithingInterface.java,makeBronzeInterface,->,12acfc45-bdfb-4343-9004-9be15dfd844c,991eb2a8-284a-4290-ae08-f54cf8834706,567f87b3-4cc7-43f9-9489-4a8b3527773d
12acfc45-bdfb-4343-9004-9be15dfd844c,server/model/players/skills/SmithingInterface.java,makeBronzeInterface,->,12acfc45-bdfb-4343-9004-9be15dfd844c,server/model/players/Client.java,getPA
12acfc45-bdfb-4343-9004-9be15dfd844c,server/model/players/skills/SmithingInterface.java,makeBronzeInterface,->,12acfc45-bdfb-4343-9004-9be15dfd844c,991eb2a8-284a-4290-ae08-f54cf8834706,567f87b3-4cc7-43f9-9489-4a8b3527773d
12acfc45-bdfb-4343-9004-9be15dfd844c,server/model/players/skills/SmithingInterface.java,makeBronzeInterface,->,12acfc45-bdfb-4343-9004-9be15dfd844c,server/model/players/Client.java,getPA
12acfc45-bdfb-4343-9004-9be15dfd844c,server/model/players/skills/SmithingInterface.java,makeBronzeInterface,->,12acfc45-bdfb-4343-9004-9be15dfd844c,991eb2a8-284a-4290-ae08-f54cf8834706,567f87b3-4cc7-43f9-9489-4a8b3527773d
12acfc45-bdfb-4343-9004-9be15dfd844c,server/model/players/skills/SmithingInterface.java,makeBronzeInterface,->,12acfc45-bdfb-4343-9004-9be15dfd844c,server/model/players/Client.java,getPA
12acfc45-bdfb-4343-9004-9be15dfd844c,server/model/players/skills/SmithingInterface.java,makeBronzeInterface,->,12acfc45-bdfb-4343-9004-9be15dfd844c,991eb2a8-284a-4290-ae08-f54cf8834706,567f87b3-4cc7-43f9-9489-4a8b3527773d
12acfc45-bdfb-4343-9004-9be15dfd844c,server/model/players/skills/SmithingInterface.java,makeBronzeInterface,->,12acfc45-bdfb-4343-9004-9be15dfd844c,server/model/players/Client.java,getPA
12acfc45-bdfb-4343-9004-9be15dfd844c,server/model/players/skills/SmithingInterface.java,makeBronzeInterface,->,12acfc45-bdfb-4343-9004-9be15dfd844c,991eb2a8-284a-4290-ae08-f54cf8834706,567f87b3-4cc7-43f9-9489-4a8b3527773d
12acfc45-bdfb-4343-9004-9be15dfd844c,server/model/players/skills/SmithingInterface.java,makeBronzeInterface,->,12acfc45-bdfb-4343-9004-9be15dfd844c,server/model/players/Client.java,getPA
12acfc45-bdfb-4343-9004-9be15dfd844c,server/model/players/skills/SmithingInterface.java,makeBronzeInterface,->,12acfc45-bdfb-4343-9004-9be15dfd844c,991eb2a8-284a-4290-ae08-f54cf8834706,567f87b3-4cc7-43f9-9489-4a8b3527773d
12acfc45-bdfb-4343-9004-9be15dfd844c,server/model/players/skills/SmithingInterface.java,makeBronzeInterface,->,12acfc45-bdfb-4343-9004-9be15dfd844c,server/model/players/Client.java,getPA
12acfc45-bdfb-4343-9004-9be15dfd844c,server/model/players/skills/SmithingInterface.java,makeBronzeInterface,->,12acfc45-bdfb-4343-9004-9be15dfd844c,991eb2a8-284a-4290-ae08-f54cf8834706,567f87b3-4cc7-43f9-9489-4a8b3527773d
12acfc45-bdfb-4343-9004-9be15dfd844c,server/model/players/skills/SmithingInterface.java,makeBronzeInterface,->,12acfc45-bdfb-4343-9004-9be15dfd844c,server/model/players/Client.java,getPA
12acfc45-bdfb-4343-9004-9be15dfd844c,server/model/players/skills/SmithingInterface.java,makeBronzeInterface,->,12acfc45-bdfb-4343-9004-9be15dfd844c,991eb2a8-284a-4290-ae08-f54cf8834706,567f87b3-4cc7-43f9-9489-4a8b3527773d
12acfc45-bdfb-4343-9004-9be15dfd844c,server/model/players/skills/SmithingInterface.java,makeBronzeInterface,->,12acfc45-bdfb-4343-9004-9be15dfd844c,server/model/players/Client.java,getPA
12acfc45-bdfb-4343-9004-9be15dfd844c,server/model/players/skills/SmithingInterface.java,makeBronzeInterface,->,12acfc45-bdfb-4343-9004-9be15dfd844c,991eb2a8-284a-4290-ae08-f54cf8834706,567f87b3-4cc7-43f9-9489-4a8b3527773d
12acfc45-bdfb-4343-9004-9be15dfd844c,server/model/players/skills/SmithingInterface.java,makeBronzeInterface,->,12acfc45-bdfb-4343-9004-9be15dfd844c,server/model/players/Client.java,getPA
12acfc45-bdfb-4343-9004-9be15dfd844c,server/model/players/skills/SmithingInterface.java,makeBronzeInterface,->,12acfc45-bdfb-4343-9004-9be15dfd844c,991eb2a8-284a-4290-ae08-f54cf8834706,567f87b3-4cc7-43f9-9489-4a8b3527773d
12acfc45-bdfb-4343-9004-9be15dfd844c,server/model/players/skills/SmithingInterface.java,makeBronzeInterface,->,12acfc45-bdfb-4343-9004-9be15dfd844c,server/model/players/Client.java,getPA
12acfc45-bdfb-4343-9004-9be15dfd844c,server/model/players/skills/SmithingInterface.java,makeBronzeInterface,->,12acfc45-bdfb-4343-9004-9be15dfd844c,991eb2a8-284a-4290-ae08-f54cf8834706,567f87b3-4cc7-43f9-9489-4a8b3527773d
12acfc45-bdfb-4343-9004-9be15dfd844c,server/model/players/skills/SmithingInterface.java,makeBronzeInterface,->,12acfc45-bdfb-4343-9004-9be15dfd844c,server/model/players/Client.java,getPA
12acfc45-bdfb-4343-9004-9be15dfd844c,server/model/players/skills/SmithingInterface.java,makeBronzeInterface,->,12acfc45-bdfb-4343-9004-9be15dfd844c,991eb2a8-284a-4290-ae08-f54cf8834706,567f87b3-4cc7-43f9-9489-4a8b3527773d
12acfc45-bdfb-4343-9004-9be15dfd844c,server/model/players/skills/SmithingInterface.java,makeBronzeInterface,->,12acfc45-bdfb-4343-9004-9be15dfd844c,server/model/players/Client.java,getPA
12acfc45-bdfb-4343-9004-9be15dfd844c,server/model/players/skills/SmithingInterface.java,makeBronzeInterface,->,12acfc45-bdfb-4343-9004-9be15dfd844c,991eb2a8-284a-4290-ae08-f54cf8834706,567f87b3-4cc7-43f9-9489-4a8b3527773d
12acfc45-bdfb-4343-9004-9be15dfd844c,server/model/players/skills/SmithingInterface.java,makeBronzeInterface,->,12acfc45-bdfb-4343-9004-9be15dfd844c,server/model/players/Client.java,getPA
12acfc45-bdfb-4343-9004-9be15dfd844c,server/model/players/skills/SmithingInterface.java,makeBronzeInterface,->,12acfc45-bdfb-4343-9004-9be15dfd844c,991eb2a8-284a-4290-ae08-f54cf8834706,567f87b3-4cc7-43f9-9489-4a8b3527773d
12acfc45-bdfb-4343-9004-9be15dfd844c,server/model/players/skills/SmithingInterface.java,makeBronzeInterface,->,12acfc45-bdfb-4343-9004-9be15dfd844c,server/model/players/Client.java,getPA
12acfc45-bdfb-4343-9004-9be15dfd844c,server/model/players/skills/SmithingInterface.java,makeBronzeInterface,->,12acfc45-bdfb-4343-9004-9be15dfd844c,991eb2a8-284a-4290-ae08-f54cf8834706,567f87b3-4cc7-43f9-9489-4a8b3527773d
12acfc45-bdfb-4343-9004-9be15dfd844c,server/model/players/skills/SmithingInterface.java,makeBronzeInterface,->,12acfc45-bdfb-4343-9004-9be15dfd844c,server/model/players/Client.java,getPA
12acfc45-bdfb-4343-9004-9be15dfd844c,server/model/players/skills/SmithingInterface.java,makeBronzeInterface,->,12acfc45-bdfb-4343-9004-9be15dfd844c,991eb2a8-284a-4290-ae08-f54cf8834706,609517a1-3a8b-4bd9-8623-3cae47c33a17
12acfc45-bdfb-4343-9004-9be15dfd844c,server/model/players/skills/SmithingInterface.java,makeBronzeInterface,->,12acfc45-bdfb-4343-9004-9be15dfd844c,server/model/players/Client.java,getPA
12acfc45-bdfb-4343-9004-9be15dfd844c,server/model/players/skills/SmithingInterface.java,makeBronzeInterface,->,12acfc45-bdfb-4343-9004-9be15dfd844c,991eb2a8-284a-4290-ae08-f54cf8834706,609517a1-3a8b-4bd9-8623-3cae47c33a17
12acfc45-bdfb-4343-9004-9be15dfd844c,server/model/players/skills/SmithingInterface.java,makeBronzeInterface,->,12acfc45-bdfb-4343-9004-9be15dfd844c,server/model/players/Client.java,getPA
12acfc45-bdfb-4343-9004-9be15dfd844c,server/model/players/skills/SmithingInterface.java,makeBronzeInterface,->,12acfc45-bdfb-4343-9004-9be15dfd844c,991eb2a8-284a-4290-ae08-f54cf8834706,609517a1-3a8b-4bd9-8623-3cae47c33a17
12acfc45-bdfb-4343-9004-9be15dfd844c,server/model/players/skills/SmithingInterface.java,makeBronzeInterface,->,12acfc45-bdfb-4343-9004-9be15dfd844c,server/model/players/Client.java,getPA
12acfc45-bdfb-4343-9004-9be15dfd844c,server/model/players/skills/SmithingInterface.java,makeBronzeInterface,->,12acfc45-bdfb-4343-9004-9be15dfd844c,991eb2a8-284a-4290-ae08-f54cf8834706,609517a1-3a8b-4bd9-8623-3cae47c33a17
12acfc45-bdfb-4343-9004-9be15dfd844c,server/model/players/skills/SmithingInterface.java,makeBronzeInterface,->,12acfc45-bdfb-4343-9004-9be15dfd844c,server/model/players/Client.java,getPA
12acfc45-bdfb-4343-9004-9be15dfd844c,server/model/players/skills/SmithingInterface.java,makeBronzeInterface,->,12acfc45-bdfb-4343-9004-9be15dfd844c,991eb2a8-284a-4290-ae08-f54cf8834706,609517a1-3a8b-4bd9-8623-3cae47c33a17
12acfc45-bdfb-4343-9004-9be15dfd844c,server/model/players/skills/SmithingInterface.java,makeBronzeInterface,->,12acfc45-bdfb-4343-9004-9be15dfd844c,server/model/players/Client.java,getPA
12acfc45-bdfb-4343-9004-9be15dfd844c,server/model/players/skills/SmithingInterface.java,makeBronzeInterface,->,12acfc45-bdfb-4343-9004-9be15dfd844c,991eb2a8-284a-4290-ae08-f54cf8834706,609517a1-3a8b-4bd9-8623-3cae47c33a17
12acfc45-bdfb-4343-9004-9be15dfd844c,server/model/players/skills/SmithingInterface.java,makeBronzeInterface,->,12acfc45-bdfb-4343-9004-9be15dfd844c,server/model/players/Client.java,getPA
12acfc45-bdfb-4343-9004-9be15dfd844c,server/model/players/skills/SmithingInterface.java,makeBronzeInterface,->,12acfc45-bdfb-4343-9004-9be15dfd844c,server/model/players/PlayerAssistant.java,showInterface
12acfc45-bdfb-4343-9004-9be15dfd844c,server/model/players/skills/SmithingInterface.java,GetForBars,->,12acfc45-bdfb-4343-9004-9be15dfd844c,server/model/players/Client.java,getItems
12acfc45-bdfb-4343-9004-9be15dfd844c,server/model/players/skills/SmithingInterface.java,GetForBars,->,12acfc45-bdfb-4343-9004-9be15dfd844c,server/model/items/ItemAssistant.java,playerHasItem
12acfc45-bdfb-4343-9004-9be15dfd844c,e25a43c7-9bc1-4d3c-b8d0-2f651141b4da,8afbbc71-35f2-4173-862a-9bd3a208541f,->,12acfc45-bdfb-4343-9004-9be15dfd844c,server/model/players/Client.java,getPA
12acfc45-bdfb-4343-9004-9be15dfd844c,e25a43c7-9bc1-4d3c-b8d0-2f651141b4da,8afbbc71-35f2-4173-862a-9bd3a208541f,->,12acfc45-bdfb-4343-9004-9be15dfd844c,server/model/players/PlayerAssistant.java,showInterface
12acfc45-bdfb-4343-9004-9be15dfd844c,e25a43c7-9bc1-4d3c-b8d0-2f651141b4da,8afbbc71-35f2-4173-862a-9bd3a208541f,->,12acfc45-bdfb-4343-9004-9be15dfd844c,server/model/players/skills/CraftingData$tanningData.java,values
12acfc45-bdfb-4343-9004-9be15dfd844c,e25a43c7-9bc1-4d3c-b8d0-2f651141b4da,8afbbc71-35f2-4173-862a-9bd3a208541f,->,12acfc45-bdfb-4343-9004-9be15dfd844c,server/model/players/Client.java,getPA
12acfc45-bdfb-4343-9004-9be15dfd844c,e25a43c7-9bc1-4d3c-b8d0-2f651141b4da,8afbbc71-35f2-4173-862a-9bd3a208541f,->,12acfc45-bdfb-4343-9004-9be15dfd844c,server/model/players/skills/CraftingData$tanningData.java,getItemFrame
12acfc45-bdfb-4343-9004-9be15dfd844c,e25a43c7-9bc1-4d3c-b8d0-2f651141b4da,8afbbc71-35f2-4173-862a-9bd3a208541f,->,12acfc45-bdfb-4343-9004-9be15dfd844c,server/model/players/skills/CraftingData$tanningData.java,getLeatherId
12acfc45-bdfb-4343-9004-9be15dfd844c,e25a43c7-9bc1-4d3c-b8d0-2f651141b4da,8afbbc71-35f2-4173-862a-9bd3a208541f,->,12acfc45-bdfb-4343-9004-9be15dfd844c,991eb2a8-284a-4290-ae08-f54cf8834706,fac5805e-62dd-4557-9f21-ff16d491f306
12acfc45-bdfb-4343-9004-9be15dfd844c,e25a43c7-9bc1-4d3c-b8d0-2f651141b4da,8afbbc71-35f2-4173-862a-9bd3a208541f,->,12acfc45-bdfb-4343-9004-9be15dfd844c,server/model/players/Client.java,getPA
12acfc45-bdfb-4343-9004-9be15dfd844c,e25a43c7-9bc1-4d3c-b8d0-2f651141b4da,8afbbc71-35f2-4173-862a-9bd3a208541f,->,12acfc45-bdfb-4343-9004-9be15dfd844c,server/model/players/skills/CraftingData$tanningData.java,getName
12acfc45-bdfb-4343-9004-9be15dfd844c,e25a43c7-9bc1-4d3c-b8d0-2f651141b4da,8afbbc71-35f2-4173-862a-9bd3a208541f,->,12acfc45-bdfb-4343-9004-9be15dfd844c,server/model/players/skills/CraftingData$tanningData.java,getNameFrame
12acfc45-bdfb-4343-9004-9be15dfd844c,e25a43c7-9bc1-4d3c-b8d0-2f651141b4da,8afbbc71-35f2-4173-862a-9bd3a208541f,->,12acfc45-bdfb-4343-9004-9be15dfd844c,991eb2a8-284a-4290-ae08-f54cf8834706,609517a1-3a8b-4bd9-8623-3cae47c33a17
12acfc45-bdfb-4343-9004-9be15dfd844c,e25a43c7-9bc1-4d3c-b8d0-2f651141b4da,8afbbc71-35f2-4173-862a-9bd3a208541f,->,12acfc45-bdfb-4343-9004-9be15dfd844c,server/model/players/Client.java,getItems
12acfc45-bdfb-4343-9004-9be15dfd844c,e25a43c7-9bc1-4d3c-b8d0-2f651141b4da,8afbbc71-35f2-4173-862a-9bd3a208541f,->,12acfc45-bdfb-4343-9004-9be15dfd844c,server/model/players/skills/CraftingData$tanningData.java,getPrice
12acfc45-bdfb-4343-9004-9be15dfd844c,e25a43c7-9bc1-4d3c-b8d0-2f651141b4da,8afbbc71-35f2-4173-862a-9bd3a208541f,->,12acfc45-bdfb-4343-9004-9be15dfd844c,server/model/items/ItemAssistant.java,playerHasItem
12acfc45-bdfb-4343-9004-9be15dfd844c,e25a43c7-9bc1-4d3c-b8d0-2f651141b4da,8afbbc71-35f2-4173-862a-9bd3a208541f,->,12acfc45-bdfb-4343-9004-9be15dfd844c,server/model/players/Client.java,getPA
12acfc45-bdfb-4343-9004-9be15dfd844c,e25a43c7-9bc1-4d3c-b8d0-2f651141b4da,8afbbc71-35f2-4173-862a-9bd3a208541f,->,12acfc45-bdfb-4343-9004-9be15dfd844c,java/lang/StringBuilder.java,append
12acfc45-bdfb-4343-9004-9be15dfd844c,e25a43c7-9bc1-4d3c-b8d0-2f651141b4da,8afbbc71-35f2-4173-862a-9bd3a208541f,->,12acfc45-bdfb-4343-9004-9be15dfd844c,server/model/players/skills/CraftingData$tanningData.java,getPrice
12acfc45-bdfb-4343-9004-9be15dfd844c,e25a43c7-9bc1-4d3c-b8d0-2f651141b4da,8afbbc71-35f2-4173-862a-9bd3a208541f,->,12acfc45-bdfb-4343-9004-9be15dfd844c,java/lang/StringBuilder.java,append
12acfc45-bdfb-4343-9004-9be15dfd844c,e25a43c7-9bc1-4d3c-b8d0-2f651141b4da,8afbbc71-35f2-4173-862a-9bd3a208541f,->,12acfc45-bdfb-4343-9004-9be15dfd844c,java/lang/StringBuilder.java,toString
12acfc45-bdfb-4343-9004-9be15dfd844c,e25a43c7-9bc1-4d3c-b8d0-2f651141b4da,8afbbc71-35f2-4173-862a-9bd3a208541f,->,12acfc45-bdfb-4343-9004-9be15dfd844c,server/model/players/skills/CraftingData$tanningData.java,getCostFrame
12acfc45-bdfb-4343-9004-9be15dfd844c,e25a43c7-9bc1-4d3c-b8d0-2f651141b4da,8afbbc71-35f2-4173-862a-9bd3a208541f,->,12acfc45-bdfb-4343-9004-9be15dfd844c,991eb2a8-284a-4290-ae08-f54cf8834706,609517a1-3a8b-4bd9-8623-3cae47c33a17
12acfc45-bdfb-4343-9004-9be15dfd844c,e25a43c7-9bc1-4d3c-b8d0-2f651141b4da,8afbbc71-35f2-4173-862a-9bd3a208541f,->,12acfc45-bdfb-4343-9004-9be15dfd844c,server/model/players/Client.java,getPA
12acfc45-bdfb-4343-9004-9be15dfd844c,e25a43c7-9bc1-4d3c-b8d0-2f651141b4da,8afbbc71-35f2-4173-862a-9bd3a208541f,->,12acfc45-bdfb-4343-9004-9be15dfd844c,java/lang/StringBuilder.java,append
12acfc45-bdfb-4343-9004-9be15dfd844c,e25a43c7-9bc1-4d3c-b8d0-2f651141b4da,8afbbc71-35f2-4173-862a-9bd3a208541f,->,12acfc45-bdfb-4343-9004-9be15dfd844c,server/model/players/skills/CraftingData$tanningData.java,getPrice
12acfc45-bdfb-4343-9004-9be15dfd844c,e25a43c7-9bc1-4d3c-b8d0-2f651141b4da,8afbbc71-35f2-4173-862a-9bd3a208541f,->,12acfc45-bdfb-4343-9004-9be15dfd844c,java/lang/StringBuilder.java,append
12acfc45-bdfb-4343-9004-9be15dfd844c,e25a43c7-9bc1-4d3c-b8d0-2f651141b4da,8afbbc71-35f2-4173-862a-9bd3a208541f,->,12acfc45-bdfb-4343-9004-9be15dfd844c,java/lang/StringBuilder.java,toString
12acfc45-bdfb-4343-9004-9be15dfd844c,e25a43c7-9bc1-4d3c-b8d0-2f651141b4da,8afbbc71-35f2-4173-862a-9bd3a208541f,->,12acfc45-bdfb-4343-9004-9be15dfd844c,server/model/players/skills/CraftingData$tanningData.java,getCostFrame
12acfc45-bdfb-4343-9004-9be15dfd844c,e25a43c7-9bc1-4d3c-b8d0-2f651141b4da,8afbbc71-35f2-4173-862a-9bd3a208541f,->,12acfc45-bdfb-4343-9004-9be15dfd844c,991eb2a8-284a-4290-ae08-f54cf8834706,609517a1-3a8b-4bd9-8623-3cae47c33a17
12acfc45-bdfb-4343-9004-9be15dfd844c,e25a43c7-9bc1-4d3c-b8d0-2f651141b4da,063efb1d-a72f-44c4-a00d-c4933aeb5ea4,->,12acfc45-bdfb-4343-9004-9be15dfd844c,server/model/players/skills/CraftingData$tanningData.java,values
12acfc45-bdfb-4343-9004-9be15dfd844c,e25a43c7-9bc1-4d3c-b8d0-2f651141b4da,063efb1d-a72f-44c4-a00d-c4933aeb5ea4,->,12acfc45-bdfb-4343-9004-9be15dfd844c,server/model/players/skills/CraftingData$tanningData.java,getButtonId
12acfc45-bdfb-4343-9004-9be15dfd844c,e25a43c7-9bc1-4d3c-b8d0-2f651141b4da,063efb1d-a72f-44c4-a00d-c4933aeb5ea4,->,12acfc45-bdfb-4343-9004-9be15dfd844c,server/model/players/Client.java,getItems
12acfc45-bdfb-4343-9004-9be15dfd844c,e25a43c7-9bc1-4d3c-b8d0-2f651141b4da,063efb1d-a72f-44c4-a00d-c4933aeb5ea4,->,12acfc45-bdfb-4343-9004-9be15dfd844c,server/model/players/skills/CraftingData$tanningData.java,getHideId
12acfc45-bdfb-4343-9004-9be15dfd844c,e25a43c7-9bc1-4d3c-b8d0-2f651141b4da,063efb1d-a72f-44c4-a00d-c4933aeb5ea4,->,12acfc45-bdfb-4343-9004-9be15dfd844c,server/model/items/ItemAssistant.java,getItemCount
12acfc45-bdfb-4343-9004-9be15dfd844c,e25a43c7-9bc1-4d3c-b8d0-2f651141b4da,063efb1d-a72f-44c4-a00d-c4933aeb5ea4,->,12acfc45-bdfb-4343-9004-9be15dfd844c,server/model/players/skills/CraftingData$tanningData.java,getAmount
12acfc45-bdfb-4343-9004-9be15dfd844c,e25a43c7-9bc1-4d3c-b8d0-2f651141b4da,063efb1d-a72f-44c4-a00d-c4933aeb5ea4,->,12acfc45-bdfb-4343-9004-9be15dfd844c,server/model/players/skills/CraftingData$tanningData.java,getAmount
12acfc45-bdfb-4343-9004-9be15dfd844c,e25a43c7-9bc1-4d3c-b8d0-2f651141b4da,063efb1d-a72f-44c4-a00d-c4933aeb5ea4,->,12acfc45-bdfb-4343-9004-9be15dfd844c,server/model/players/skills/CraftingData$tanningData.java,getPrice
12acfc45-bdfb-4343-9004-9be15dfd844c,e25a43c7-9bc1-4d3c-b8d0-2f651141b4da,063efb1d-a72f-44c4-a00d-c4933aeb5ea4,->,12acfc45-bdfb-4343-9004-9be15dfd844c,server/model/players/Client.java,getItems
12acfc45-bdfb-4343-9004-9be15dfd844c,e25a43c7-9bc1-4d3c-b8d0-2f651141b4da,063efb1d-a72f-44c4-a00d-c4933aeb5ea4,->,12acfc45-bdfb-4343-9004-9be15dfd844c,server/model/items/ItemAssistant.java,getItemCount
12acfc45-bdfb-4343-9004-9be15dfd844c,e25a43c7-9bc1-4d3c-b8d0-2f651141b4da,063efb1d-a72f-44c4-a00d-c4933aeb5ea4,->,12acfc45-bdfb-4343-9004-9be15dfd844c,server/model/players/skills/CraftingData$tanningData.java,getPrice
12acfc45-bdfb-4343-9004-9be15dfd844c,e25a43c7-9bc1-4d3c-b8d0-2f651141b4da,063efb1d-a72f-44c4-a00d-c4933aeb5ea4,->,12acfc45-bdfb-4343-9004-9be15dfd844c,server/model/players/Client.java,sendMessage
12acfc45-bdfb-4343-9004-9be15dfd844c,e25a43c7-9bc1-4d3c-b8d0-2f651141b4da,063efb1d-a72f-44c4-a00d-c4933aeb5ea4,->,12acfc45-bdfb-4343-9004-9be15dfd844c,server/model/players/skills/CraftingData$tanningData.java,getPrice
12acfc45-bdfb-4343-9004-9be15dfd844c,e25a43c7-9bc1-4d3c-b8d0-2f651141b4da,063efb1d-a72f-44c4-a00d-c4933aeb5ea4,->,12acfc45-bdfb-4343-9004-9be15dfd844c,server/model/players/skills/CraftingData$tanningData.java,getHideId
12acfc45-bdfb-4343-9004-9be15dfd844c,e25a43c7-9bc1-4d3c-b8d0-2f651141b4da,063efb1d-a72f-44c4-a00d-c4933aeb5ea4,->,12acfc45-bdfb-4343-9004-9be15dfd844c,server/model/players/skills/CraftingData$tanningData.java,getLeatherId
12acfc45-bdfb-4343-9004-9be15dfd844c,e25a43c7-9bc1-4d3c-b8d0-2f651141b4da,063efb1d-a72f-44c4-a00d-c4933aeb5ea4,->,12acfc45-bdfb-4343-9004-9be15dfd844c,server/model/players/Client.java,getItems
12acfc45-bdfb-4343-9004-9be15dfd844c,e25a43c7-9bc1-4d3c-b8d0-2f651141b4da,063efb1d-a72f-44c4-a00d-c4933aeb5ea4,->,12acfc45-bdfb-4343-9004-9be15dfd844c,server/model/items/ItemAssistant.java,playerHasItem
12acfc45-bdfb-4343-9004-9be15dfd844c,e25a43c7-9bc1-4d3c-b8d0-2f651141b4da,063efb1d-a72f-44c4-a00d-c4933aeb5ea4,->,12acfc45-bdfb-4343-9004-9be15dfd844c,server/model/players/Client.java,getItems
12acfc45-bdfb-4343-9004-9be15dfd844c,e25a43c7-9bc1-4d3c-b8d0-2f651141b4da,063efb1d-a72f-44c4-a00d-c4933aeb5ea4,->,12acfc45-bdfb-4343-9004-9be15dfd844c,server/model/items/ItemAssistant.java,playerHasItem
12acfc45-bdfb-4343-9004-9be15dfd844c,e25a43c7-9bc1-4d3c-b8d0-2f651141b4da,063efb1d-a72f-44c4-a00d-c4933aeb5ea4,->,12acfc45-bdfb-4343-9004-9be15dfd844c,server/model/players/Client.java,getItems
12acfc45-bdfb-4343-9004-9be15dfd844c,e25a43c7-9bc1-4d3c-b8d0-2f651141b4da,063efb1d-a72f-44c4-a00d-c4933aeb5ea4,->,12acfc45-bdfb-4343-9004-9be15dfd844c,server/model/items/ItemAssistant.java,deleteItem
12acfc45-bdfb-4343-9004-9be15dfd844c,e25a43c7-9bc1-4d3c-b8d0-2f651141b4da,063efb1d-a72f-44c4-a00d-c4933aeb5ea4,->,12acfc45-bdfb-4343-9004-9be15dfd844c,server/model/players/Client.java,getItems
12acfc45-bdfb-4343-9004-9be15dfd844c,e25a43c7-9bc1-4d3c-b8d0-2f651141b4da,063efb1d-a72f-44c4-a00d-c4933aeb5ea4,->,12acfc45-bdfb-4343-9004-9be15dfd844c,server/model/players/Client.java,getItems
12acfc45-bdfb-4343-9004-9be15dfd844c,e25a43c7-9bc1-4d3c-b8d0-2f651141b4da,063efb1d-a72f-44c4-a00d-c4933aeb5ea4,->,12acfc45-bdfb-4343-9004-9be15dfd844c,server/model/items/ItemAssistant.java,getItemSlot
12acfc45-bdfb-4343-9004-9be15dfd844c,e25a43c7-9bc1-4d3c-b8d0-2f651141b4da,063efb1d-a72f-44c4-a00d-c4933aeb5ea4,->,12acfc45-bdfb-4343-9004-9be15dfd844c,server/model/items/ItemAssistant.java,deleteItem
12acfc45-bdfb-4343-9004-9be15dfd844c,e25a43c7-9bc1-4d3c-b8d0-2f651141b4da,063efb1d-a72f-44c4-a00d-c4933aeb5ea4,->,12acfc45-bdfb-4343-9004-9be15dfd844c,server/model/players/Client.java,getItems
12acfc45-bdfb-4343-9004-9be15dfd844c,e25a43c7-9bc1-4d3c-b8d0-2f651141b4da,063efb1d-a72f-44c4-a00d-c4933aeb5ea4,->,12acfc45-bdfb-4343-9004-9be15dfd844c,server/model/items/ItemAssistant.java,addItem
12acfc45-bdfb-4343-9004-9be15dfd844c,e25a43c7-9bc1-4d3c-b8d0-2f651141b4da,063efb1d-a72f-44c4-a00d-c4933aeb5ea4,->,12acfc45-bdfb-4343-9004-9be15dfd844c,server/model/players/Client.java,sendMessage
12acfc45-bdfb-4343-9004-9be15dfd844c,e25a43c7-9bc1-4d3c-b8d0-2f651141b4da,063efb1d-a72f-44c4-a00d-c4933aeb5ea4,->,12acfc45-bdfb-4343-9004-9be15dfd844c,server/model/players/Client.java,sendMessage
12acfc45-bdfb-4343-9004-9be15dfd844c,e25a43c7-9bc1-4d3c-b8d0-2f651141b4da,063efb1d-a72f-44c4-a00d-c4933aeb5ea4,->,12acfc45-bdfb-4343-9004-9be15dfd844c,server/model/players/Client.java,sendMessage
12acfc45-bdfb-4343-9004-9be15dfd844c,server/model/players/skills/Agility.java,agilityWalk,->,12acfc45-bdfb-4343-9004-9be15dfd844c,server/model/players/Client.java,getPA
12acfc45-bdfb-4343-9004-9be15dfd844c,server/model/players/skills/Agility.java,agilityWalk,->,12acfc45-bdfb-4343-9004-9be15dfd844c,991eb2a8-284a-4290-ae08-f54cf8834706,27bd7aec-abd0-4844-9935-efefbf7019b2
12acfc45-bdfb-4343-9004-9be15dfd844c,server/model/players/skills/Agility.java,agilityWalk,->,12acfc45-bdfb-4343-9004-9be15dfd844c,server/model/players/Client.java,getPA
12acfc45-bdfb-4343-9004-9be15dfd844c,server/model/players/skills/Agility.java,agilityWalk,->,12acfc45-bdfb-4343-9004-9be15dfd844c,991eb2a8-284a-4290-ae08-f54cf8834706,f59ca130-d149-43aa-b537-369a4987d63b
12acfc45-bdfb-4343-9004-9be15dfd844c,server/model/players/skills/Agility.java,agilityWalk,->,12acfc45-bdfb-4343-9004-9be15dfd844c,server/model/players/Client.java,getPA
12acfc45-bdfb-4343-9004-9be15dfd844c,server/model/players/skills/Agility.java,agilityWalk,->,12acfc45-bdfb-4343-9004-9be15dfd844c,991eb2a8-284a-4290-ae08-f54cf8834706,387ef356-3543-428b-bef1-b07e93485a0d
12acfc45-bdfb-4343-9004-9be15dfd844c,server/model/players/skills/Agility.java,resetAgilityWalk,->,12acfc45-bdfb-4343-9004-9be15dfd844c,server/model/players/Client.java,getPA
12acfc45-bdfb-4343-9004-9be15dfd844c,server/model/players/skills/Agility.java,resetAgilityWalk,->,12acfc45-bdfb-4343-9004-9be15dfd844c,991eb2a8-284a-4290-ae08-f54cf8834706,27bd7aec-abd0-4844-9935-efefbf7019b2
12acfc45-bdfb-4343-9004-9be15dfd844c,server/model/players/skills/Agility.java,resetAgilityWalk,->,12acfc45-bdfb-4343-9004-9be15dfd844c,server/model/players/Client.java,getPA
12acfc45-bdfb-4343-9004-9be15dfd844c,server/model/players/skills/Agility.java,resetAgilityWalk,->,12acfc45-bdfb-4343-9004-9be15dfd844c,991eb2a8-284a-4290-ae08-f54cf8834706,f59ca130-d149-43aa-b537-369a4987d63b
12acfc45-bdfb-4343-9004-9be15dfd844c,server/model/players/skills/Agility.java,agilityCourse,->,12acfc45-bdfb-4343-9004-9be15dfd844c,server/model/players/Client.java,getPA
12acfc45-bdfb-4343-9004-9be15dfd844c,server/model/players/skills/Agility.java,agilityCourse,->,12acfc45-bdfb-4343-9004-9be15dfd844c,991eb2a8-284a-4290-ae08-f54cf8834706,387ef356-3543-428b-bef1-b07e93485a0d
12acfc45-bdfb-4343-9004-9be15dfd844c,server/model/players/skills/Agility.java,agilityCourse,->,12acfc45-bdfb-4343-9004-9be15dfd844c,server/model/players/skills/Agility.java,agilityWalk
12acfc45-bdfb-4343-9004-9be15dfd844c,server/model/players/skills/Agility.java,agilityCourse,->,12acfc45-bdfb-4343-9004-9be15dfd844c,3ab0cc49-78c3-45ed-a03a-f251199dfbb9,3d27faf4-0319-4d3d-b558-10d40da17fd8
12acfc45-bdfb-4343-9004-9be15dfd844c,server/model/players/skills/Agility.java,agilityCourse,->,12acfc45-bdfb-4343-9004-9be15dfd844c,3ab0cc49-78c3-45ed-a03a-f251199dfbb9,d719c34b-e0d2-473f-8e9a-936cfc6b4522
12acfc45-bdfb-4343-9004-9be15dfd844c,server/model/players/skills/Agility.java,agilityCourse,->,12acfc45-bdfb-4343-9004-9be15dfd844c,server/model/players/Client.java,startAnimation
12acfc45-bdfb-4343-9004-9be15dfd844c,server/model/players/skills/Agility.java,agilityCourse,->,12acfc45-bdfb-4343-9004-9be15dfd844c,server/model/players/Client.java,getPA
12acfc45-bdfb-4343-9004-9be15dfd844c,server/model/players/skills/Agility.java,agilityCourse,->,12acfc45-bdfb-4343-9004-9be15dfd844c,991eb2a8-284a-4290-ae08-f54cf8834706,141a66be-744c-48f6-a5c3-9dbea684d0d6
12acfc45-bdfb-4343-9004-9be15dfd844c,server/model/players/skills/Agility.java,agilityCourse,->,12acfc45-bdfb-4343-9004-9be15dfd844c,server/model/players/Client.java,getPA
12acfc45-bdfb-4343-9004-9be15dfd844c,server/model/players/skills/Agility.java,agilityCourse,->,12acfc45-bdfb-4343-9004-9be15dfd844c,991eb2a8-284a-4290-ae08-f54cf8834706,0955b7e8-1203-4e9d-8e85-6eeaf5af5ce5
12acfc45-bdfb-4343-9004-9be15dfd844c,server/model/players/skills/Agility.java,agilityCourse,->,12acfc45-bdfb-4343-9004-9be15dfd844c,server/model/players/Client.java,startAnimation
12acfc45-bdfb-4343-9004-9be15dfd844c,server/model/players/skills/Agility.java,agilityCourse,->,12acfc45-bdfb-4343-9004-9be15dfd844c,server/model/players/Client.java,getPA
12acfc45-bdfb-4343-9004-9be15dfd844c,server/model/players/skills/Agility.java,agilityCourse,->,12acfc45-bdfb-4343-9004-9be15dfd844c,991eb2a8-284a-4290-ae08-f54cf8834706,141a66be-744c-48f6-a5c3-9dbea684d0d6
12acfc45-bdfb-4343-9004-9be15dfd844c,server/model/players/skills/Agility.java,agilityCourse,->,12acfc45-bdfb-4343-9004-9be15dfd844c,server/model/players/Client.java,getPA
12acfc45-bdfb-4343-9004-9be15dfd844c,server/model/players/skills/Agility.java,agilityCourse,->,12acfc45-bdfb-4343-9004-9be15dfd844c,991eb2a8-284a-4290-ae08-f54cf8834706,0955b7e8-1203-4e9d-8e85-6eeaf5af5ce5
12acfc45-bdfb-4343-9004-9be15dfd844c,server/model/players/skills/Agility.java,agilityCourse,->,12acfc45-bdfb-4343-9004-9be15dfd844c,server/model/players/Client.java,getPA
12acfc45-bdfb-4343-9004-9be15dfd844c,server/model/players/skills/Agility.java,agilityCourse,->,12acfc45-bdfb-4343-9004-9be15dfd844c,991eb2a8-284a-4290-ae08-f54cf8834706,387ef356-3543-428b-bef1-b07e93485a0d
12acfc45-bdfb-4343-9004-9be15dfd844c,server/model/players/skills/Agility.java,agilityCourse,->,12acfc45-bdfb-4343-9004-9be15dfd844c,server/model/players/skills/Agility.java,agilityWalk
12acfc45-bdfb-4343-9004-9be15dfd844c,server/model/players/skills/Agility.java,agilityCourse,->,12acfc45-bdfb-4343-9004-9be15dfd844c,3ab0cc49-78c3-45ed-a03a-f251199dfbb9,3d27faf4-0319-4d3d-b558-10d40da17fd8
12acfc45-bdfb-4343-9004-9be15dfd844c,server/model/players/skills/Agility.java,agilityCourse,->,12acfc45-bdfb-4343-9004-9be15dfd844c,3ab0cc49-78c3-45ed-a03a-f251199dfbb9,d719c34b-e0d2-473f-8e9a-936cfc6b4522
12acfc45-bdfb-4343-9004-9be15dfd844c,server/model/players/skills/Agility.java,agilityCourse,->,12acfc45-bdfb-4343-9004-9be15dfd844c,server/model/players/Client.java,startAnimation
12acfc45-bdfb-4343-9004-9be15dfd844c,server/model/players/skills/Agility.java,agilityCourse,->,12acfc45-bdfb-4343-9004-9be15dfd844c,server/model/players/Client.java,getPA
12acfc45-bdfb-4343-9004-9be15dfd844c,server/model/players/skills/Agility.java,agilityCourse,->,12acfc45-bdfb-4343-9004-9be15dfd844c,991eb2a8-284a-4290-ae08-f54cf8834706,141a66be-744c-48f6-a5c3-9dbea684d0d6
12acfc45-bdfb-4343-9004-9be15dfd844c,server/model/players/skills/Agility.java,agilityCourse,->,12acfc45-bdfb-4343-9004-9be15dfd844c,server/model/players/Client.java,getPA
12acfc45-bdfb-4343-9004-9be15dfd844c,server/model/players/skills/Agility.java,agilityCourse,->,12acfc45-bdfb-4343-9004-9be15dfd844c,991eb2a8-284a-4290-ae08-f54cf8834706,0955b7e8-1203-4e9d-8e85-6eeaf5af5ce5
12acfc45-bdfb-4343-9004-9be15dfd844c,server/model/players/skills/Agility.java,agilityCourse,->,12acfc45-bdfb-4343-9004-9be15dfd844c,server/model/players/Client.java,startAnimation
12acfc45-bdfb-4343-9004-9be15dfd844c,server/model/players/skills/Agility.java,agilityCourse,->,12acfc45-bdfb-4343-9004-9be15dfd844c,3ab0cc49-78c3-45ed-a03a-f251199dfbb9,3d27faf4-0319-4d3d-b558-10d40da17fd8
12acfc45-bdfb-4343-9004-9be15dfd844c,server/model/players/skills/Agility.java,agilityCourse,->,12acfc45-bdfb-4343-9004-9be15dfd844c,3ab0cc49-78c3-45ed-a03a-f251199dfbb9,d719c34b-e0d2-473f-8e9a-936cfc6b4522
12acfc45-bdfb-4343-9004-9be15dfd844c,server/model/players/skills/Agility.java,agilityCourse,->,12acfc45-bdfb-4343-9004-9be15dfd844c,server/model/players/Client.java,getPA
12acfc45-bdfb-4343-9004-9be15dfd844c,server/model/players/skills/Agility.java,agilityCourse,->,12acfc45-bdfb-4343-9004-9be15dfd844c,991eb2a8-284a-4290-ae08-f54cf8834706,387ef356-3543-428b-bef1-b07e93485a0d
12acfc45-bdfb-4343-9004-9be15dfd844c,server/model/players/skills/Agility.java,agilityCourse,->,12acfc45-bdfb-4343-9004-9be15dfd844c,server/model/players/Client.java,startAnimation
12acfc45-bdfb-4343-9004-9be15dfd844c,server/model/players/skills/Agility.java,agilityCourse,->,12acfc45-bdfb-4343-9004-9be15dfd844c,server/model/players/skills/Agility.java,agilityWalk
12acfc45-bdfb-4343-9004-9be15dfd844c,server/model/players/skills/Agility.java,agilityCourse,->,12acfc45-bdfb-4343-9004-9be15dfd844c,3ab0cc49-78c3-45ed-a03a-f251199dfbb9,3d27faf4-0319-4d3d-b558-10d40da17fd8
12acfc45-bdfb-4343-9004-9be15dfd844c,server/model/players/skills/Agility.java,agilityCourse,->,12acfc45-bdfb-4343-9004-9be15dfd844c,3ab0cc49-78c3-45ed-a03a-f251199dfbb9,d719c34b-e0d2-473f-8e9a-936cfc6b4522
12acfc45-bdfb-4343-9004-9be15dfd844c,server/model/players/skills/Agility.java,access$000,->,12acfc45-bdfb-4343-9004-9be15dfd844c,server/model/players/skills/Agility.java,resetAgilityWalk
12acfc45-bdfb-4343-9004-9be15dfd844c,server/model/players/Food$FoodToEat.java,values,->,12acfc45-bdfb-4343-9004-9be15dfd844c,server/model/players/Food$FoodToEat.java,clone
12acfc45-bdfb-4343-9004-9be15dfd844c,server/model/players/Food$FoodToEat.java,valueOf,->,12acfc45-bdfb-4343-9004-9be15dfd844c,java/lang/Enum.java,valueOf
12acfc45-bdfb-4343-9004-9be15dfd844c,server/model/players/Food$FoodToEat.java,forId,->,12acfc45-bdfb-4343-9004-9be15dfd844c,java/lang/Integer.java,valueOf
12acfc45-bdfb-4343-9004-9be15dfd844c,server/model/players/Food$FoodToEat.java,forId,->,12acfc45-bdfb-4343-9004-9be15dfd844c,java/util/HashMap.java,get
12acfc45-bdfb-4343-9004-9be15dfd844c,server/model/players/Food$FoodToEat.java,<clinit>,->,12acfc45-bdfb-4343-9004-9be15dfd844c,server/model/players/Food$FoodToEat.java,values
12acfc45-bdfb-4343-9004-9be15dfd844c,server/model/players/Food$FoodToEat.java,<clinit>,->,12acfc45-bdfb-4343-9004-9be15dfd844c,server/model/players/Food$FoodToEat.java,getId
12acfc45-bdfb-4343-9004-9be15dfd844c,server/model/players/Food$FoodToEat.java,<clinit>,->,12acfc45-bdfb-4343-9004-9be15dfd844c,java/lang/Integer.java,valueOf
12acfc45-bdfb-4343-9004-9be15dfd844c,server/model/players/Food$FoodToEat.java,<clinit>,->,12acfc45-bdfb-4343-9004-9be15dfd844c,java/util/HashMap.java,put
12acfc45-bdfb-4343-9004-9be15dfd844c,server/model/players/PlayerSave.java,loadGame,->,12acfc45-bdfb-4343-9004-9be15dfd844c,java/lang/StringBuilder.java,append
12acfc45-bdfb-4343-9004-9be15dfd844c,server/model/players/PlayerSave.java,loadGame,->,12acfc45-bdfb-4343-9004-9be15dfd844c,java/lang/StringBuilder.java,append
12acfc45-bdfb-4343-9004-9be15dfd844c,server/model/players/PlayerSave.java,loadGame,->,12acfc45-bdfb-4343-9004-9be15dfd844c,java/lang/StringBuilder.java,append
12acfc45-bdfb-4343-9004-9be15dfd844c,server/model/players/PlayerSave.java,loadGame,->,12acfc45-bdfb-4343-9004-9be15dfd844c,java/lang/StringBuilder.java,toString
12acfc45-bdfb-4343-9004-9be15dfd844c,server/model/players/PlayerSave.java,loadGame,->,12acfc45-bdfb-4343-9004-9be15dfd844c,java/lang/StringBuilder.java,append
12acfc45-bdfb-4343-9004-9be15dfd844c,server/model/players/PlayerSave.java,loadGame,->,12acfc45-bdfb-4343-9004-9be15dfd844c,java/lang/StringBuilder.java,append
12acfc45-bdfb-4343-9004-9be15dfd844c,server/model/players/PlayerSave.java,loadGame,->,12acfc45-bdfb-4343-9004-9be15dfd844c,java/lang/StringBuilder.java,toString
12acfc45-bdfb-4343-9004-9be15dfd844c,server/model/players/PlayerSave.java,loadGame,->,12acfc45-bdfb-4343-9004-9be15dfd844c,2c89cfe4-ed6d-446f-832b-3c203feb3155,cf0eb5d1-f945-4cc7-9eaa-55b858ed55c6
12acfc45-bdfb-4343-9004-9be15dfd844c,server/model/players/PlayerSave.java,loadGame,->,12acfc45-bdfb-4343-9004-9be15dfd844c,java/io/BufferedReader.java,readLine
12acfc45-bdfb-4343-9004-9be15dfd844c,server/model/players/PlayerSave.java,loadGame,->,12acfc45-bdfb-4343-9004-9be15dfd844c,java/lang/StringBuilder.java,append
12acfc45-bdfb-4343-9004-9be15dfd844c,server/model/players/PlayerSave.java,loadGame,->,12acfc45-bdfb-4343-9004-9be15dfd844c,java/lang/StringBuilder.java,append
12acfc45-bdfb-4343-9004-9be15dfd844c,server/model/players/PlayerSave.java,loadGame,->,12acfc45-bdfb-4343-9004-9be15dfd844c,java/lang/StringBuilder.java,toString
12acfc45-bdfb-4343-9004-9be15dfd844c,server/model/players/PlayerSave.java,loadGame,->,12acfc45-bdfb-4343-9004-9be15dfd844c,2c89cfe4-ed6d-446f-832b-3c203feb3155,cf0eb5d1-f945-4cc7-9eaa-55b858ed55c6
12acfc45-bdfb-4343-9004-9be15dfd844c,server/model/players/PlayerSave.java,loadGame,->,12acfc45-bdfb-4343-9004-9be15dfd844c,java/lang/String.java,trim
12acfc45-bdfb-4343-9004-9be15dfd844c,server/model/players/PlayerSave.java,loadGame,->,12acfc45-bdfb-4343-9004-9be15dfd844c,java/lang/String.java,indexOf
12acfc45-bdfb-4343-9004-9be15dfd844c,server/model/players/PlayerSave.java,loadGame,->,12acfc45-bdfb-4343-9004-9be15dfd844c,java/lang/String.java,substring
12acfc45-bdfb-4343-9004-9be15dfd844c,server/model/players/PlayerSave.java,loadGame,->,12acfc45-bdfb-4343-9004-9be15dfd844c,java/lang/String.java,trim
12acfc45-bdfb-4343-9004-9be15dfd844c,server/model/players/PlayerSave.java,loadGame,->,12acfc45-bdfb-4343-9004-9be15dfd844c,java/lang/String.java,substring
12acfc45-bdfb-4343-9004-9be15dfd844c,server/model/players/PlayerSave.java,loadGame,->,12acfc45-bdfb-4343-9004-9be15dfd844c,java/lang/String.java,trim
12acfc45-bdfb-4343-9004-9be15dfd844c,server/model/players/PlayerSave.java,loadGame,->,12acfc45-bdfb-4343-9004-9be15dfd844c,java/lang/String.java,split
12acfc45-bdfb-4343-9004-9be15dfd844c,server/model/players/PlayerSave.java,loadGame,->,12acfc45-bdfb-4343-9004-9be15dfd844c,java/lang/String.java,equals
12acfc45-bdfb-4343-9004-9be15dfd844c,server/model/players/PlayerSave.java,loadGame,->,12acfc45-bdfb-4343-9004-9be15dfd844c,java/lang/String.java,equalsIgnoreCase
12acfc45-bdfb-4343-9004-9be15dfd844c,server/model/players/PlayerSave.java,loadGame,->,12acfc45-bdfb-4343-9004-9be15dfd844c,2c89cfe4-ed6d-446f-832b-3c203feb3155,c24786d7-908d-4b2d-ac25-958777d49b27
12acfc45-bdfb-4343-9004-9be15dfd844c,server/model/players/PlayerSave.java,loadGame,->,12acfc45-bdfb-4343-9004-9be15dfd844c,java/lang/String.java,equals
12acfc45-bdfb-4343-9004-9be15dfd844c,server/model/players/PlayerSave.java,loadGame,->,12acfc45-bdfb-4343-9004-9be15dfd844c,java/lang/String.java,equals
12acfc45-bdfb-4343-9004-9be15dfd844c,server/model/players/PlayerSave.java,loadGame,->,12acfc45-bdfb-4343-9004-9be15dfd844c,java/lang/Integer.java,parseInt
12acfc45-bdfb-4343-9004-9be15dfd844c,server/model/players/PlayerSave.java,loadGame,->,12acfc45-bdfb-4343-9004-9be15dfd844c,java/lang/String.java,equals
12acfc45-bdfb-4343-9004-9be15dfd844c,server/model/players/PlayerSave.java,loadGame,->,12acfc45-bdfb-4343-9004-9be15dfd844c,java/lang/Integer.java,parseInt
12acfc45-bdfb-4343-9004-9be15dfd844c,server/model/players/PlayerSave.java,loadGame,->,12acfc45-bdfb-4343-9004-9be15dfd844c,java/lang/Integer.java,parseInt
12acfc45-bdfb-4343-9004-9be15dfd844c,server/model/players/PlayerSave.java,loadGame,->,12acfc45-bdfb-4343-9004-9be15dfd844c,java/lang/String.java,equals
12acfc45-bdfb-4343-9004-9be15dfd844c,server/model/players/PlayerSave.java,loadGame,->,12acfc45-bdfb-4343-9004-9be15dfd844c,java/lang/Integer.java,parseInt
12acfc45-bdfb-4343-9004-9be15dfd844c,server/model/players/PlayerSave.java,loadGame,->,12acfc45-bdfb-4343-9004-9be15dfd844c,java/lang/Integer.java,parseInt
12acfc45-bdfb-4343-9004-9be15dfd844c,server/model/players/PlayerSave.java,loadGame,->,12acfc45-bdfb-4343-9004-9be15dfd844c,java/lang/String.java,equals
12acfc45-bdfb-4343-9004-9be15dfd844c,server/model/players/PlayerSave.java,loadGame,->,12acfc45-bdfb-4343-9004-9be15dfd844c,java/lang/Integer.java,parseInt
12acfc45-bdfb-4343-9004-9be15dfd844c,server/model/players/PlayerSave.java,loadGame,->,12acfc45-bdfb-4343-9004-9be15dfd844c,java/lang/String.java,equals
12acfc45-bdfb-4343-9004-9be15dfd844c,server/model/players/PlayerSave.java,loadGame,->,12acfc45-bdfb-4343-9004-9be15dfd844c,java/lang/Integer.java,parseInt
12acfc45-bdfb-4343-9004-9be15dfd844c,server/model/players/PlayerSave.java,loadGame,->,12acfc45-bdfb-4343-9004-9be15dfd844c,java/lang/String.java,equals
12acfc45-bdfb-4343-9004-9be15dfd844c,server/model/players/PlayerSave.java,loadGame,->,12acfc45-bdfb-4343-9004-9be15dfd844c,java/lang/Integer.java,parseInt
12acfc45-bdfb-4343-9004-9be15dfd844c,server/model/players/PlayerSave.java,loadGame,->,12acfc45-bdfb-4343-9004-9be15dfd844c,java/lang/String.java,equals
12acfc45-bdfb-4343-9004-9be15dfd844c,server/model/players/PlayerSave.java,loadGame,->,12acfc45-bdfb-4343-9004-9be15dfd844c,java/lang/Integer.java,parseInt
12acfc45-bdfb-4343-9004-9be15dfd844c,server/model/players/PlayerSave.java,loadGame,->,12acfc45-bdfb-4343-9004-9be15dfd844c,java/lang/String.java,equals
12acfc45-bdfb-4343-9004-9be15dfd844c,server/model/players/PlayerSave.java,loadGame,->,12acfc45-bdfb-4343-9004-9be15dfd844c,java/lang/Integer.java,parseInt
12acfc45-bdfb-4343-9004-9be15dfd844c,server/model/players/PlayerSave.java,loadGame,->,12acfc45-bdfb-4343-9004-9be15dfd844c,java/lang/String.java,equals
12acfc45-bdfb-4343-9004-9be15dfd844c,server/model/players/PlayerSave.java,loadGame,->,12acfc45-bdfb-4343-9004-9be15dfd844c,java/lang/Integer.java,parseInt
12acfc45-bdfb-4343-9004-9be15dfd844c,server/model/players/PlayerSave.java,loadGame,->,12acfc45-bdfb-4343-9004-9be15dfd844c,java/lang/String.java,equals
12acfc45-bdfb-4343-9004-9be15dfd844c,server/model/players/PlayerSave.java,loadGame,->,12acfc45-bdfb-4343-9004-9be15dfd844c,java/lang/Integer.java,parseInt
12acfc45-bdfb-4343-9004-9be15dfd844c,server/model/players/PlayerSave.java,loadGame,->,12acfc45-bdfb-4343-9004-9be15dfd844c,java/lang/String.java,equals
12acfc45-bdfb-4343-9004-9be15dfd844c,server/model/players/PlayerSave.java,loadGame,->,12acfc45-bdfb-4343-9004-9be15dfd844c,java/lang/Integer.java,parseInt
12acfc45-bdfb-4343-9004-9be15dfd844c,server/model/players/PlayerSave.java,loadGame,->,12acfc45-bdfb-4343-9004-9be15dfd844c,java/lang/String.java,equals
12acfc45-bdfb-4343-9004-9be15dfd844c,server/model/players/PlayerSave.java,loadGame,->,12acfc45-bdfb-4343-9004-9be15dfd844c,java/lang/Integer.java,parseInt
12acfc45-bdfb-4343-9004-9be15dfd844c,server/model/players/PlayerSave.java,loadGame,->,12acfc45-bdfb-4343-9004-9be15dfd844c,java/lang/String.java,equals
12acfc45-bdfb-4343-9004-9be15dfd844c,server/model/players/PlayerSave.java,loadGame,->,12acfc45-bdfb-4343-9004-9be15dfd844c,java/lang/Integer.java,parseInt
12acfc45-bdfb-4343-9004-9be15dfd844c,server/model/players/PlayerSave.java,loadGame,->,12acfc45-bdfb-4343-9004-9be15dfd844c,java/lang/String.java,equals
12acfc45-bdfb-4343-9004-9be15dfd844c,server/model/players/PlayerSave.java,loadGame,->,12acfc45-bdfb-4343-9004-9be15dfd844c,java/lang/Integer.java,parseInt
12acfc45-bdfb-4343-9004-9be15dfd844c,server/model/players/PlayerSave.java,loadGame,->,12acfc45-bdfb-4343-9004-9be15dfd844c,java/lang/String.java,equals
12acfc45-bdfb-4343-9004-9be15dfd844c,server/model/players/PlayerSave.java,loadGame,->,12acfc45-bdfb-4343-9004-9be15dfd844c,java/lang/Boolean.java,parseBoolean
12acfc45-bdfb-4343-9004-9be15dfd844c,server/model/players/PlayerSave.java,loadGame,->,12acfc45-bdfb-4343-9004-9be15dfd844c,java/lang/String.java,equals
12acfc45-bdfb-4343-9004-9be15dfd844c,server/model/players/PlayerSave.java,loadGame,->,12acfc45-bdfb-4343-9004-9be15dfd844c,java/lang/Boolean.java,parseBoolean
12acfc45-bdfb-4343-9004-9be15dfd844c,server/model/players/PlayerSave.java,loadGame,->,12acfc45-bdfb-4343-9004-9be15dfd844c,java/lang/String.java,equals
12acfc45-bdfb-4343-9004-9be15dfd844c,server/model/players/PlayerSave.java,loadGame,->,12acfc45-bdfb-4343-9004-9be15dfd844c,java/lang/Integer.java,parseInt
12acfc45-bdfb-4343-9004-9be15dfd844c,server/model/players/PlayerSave.java,loadGame,->,12acfc45-bdfb-4343-9004-9be15dfd844c,java/lang/String.java,equals
12acfc45-bdfb-4343-9004-9be15dfd844c,server/model/players/PlayerSave.java,loadGame,->,12acfc45-bdfb-4343-9004-9be15dfd844c,java/lang/Boolean.java,parseBoolean
12acfc45-bdfb-4343-9004-9be15dfd844c,server/model/players/PlayerSave.java,loadGame,->,12acfc45-bdfb-4343-9004-9be15dfd844c,java/lang/String.java,equals
12acfc45-bdfb-4343-9004-9be15dfd844c,server/model/players/PlayerSave.java,loadGame,->,12acfc45-bdfb-4343-9004-9be15dfd844c,java/lang/Integer.java,parseInt
12acfc45-bdfb-4343-9004-9be15dfd844c,server/model/players/PlayerSave.java,loadGame,->,12acfc45-bdfb-4343-9004-9be15dfd844c,java/lang/String.java,equals
12acfc45-bdfb-4343-9004-9be15dfd844c,server/model/players/PlayerSave.java,loadGame,->,12acfc45-bdfb-4343-9004-9be15dfd844c,java/lang/Integer.java,parseInt
12acfc45-bdfb-4343-9004-9be15dfd844c,server/model/players/PlayerSave.java,loadGame,->,12acfc45-bdfb-4343-9004-9be15dfd844c,java/lang/String.java,equals
12acfc45-bdfb-4343-9004-9be15dfd844c,server/model/players/PlayerSave.java,loadGame,->,12acfc45-bdfb-4343-9004-9be15dfd844c,java/lang/Integer.java,parseInt
12acfc45-bdfb-4343-9004-9be15dfd844c,server/model/players/PlayerSave.java,loadGame,->,12acfc45-bdfb-4343-9004-9be15dfd844c,java/lang/String.java,equals
12acfc45-bdfb-4343-9004-9be15dfd844c,server/model/players/PlayerSave.java,loadGame,->,12acfc45-bdfb-4343-9004-9be15dfd844c,java/lang/Integer.java,parseInt
12acfc45-bdfb-4343-9004-9be15dfd844c,server/model/players/PlayerSave.java,loadGame,->,12acfc45-bdfb-4343-9004-9be15dfd844c,java/lang/String.java,equals
12acfc45-bdfb-4343-9004-9be15dfd844c,server/model/players/PlayerSave.java,loadGame,->,12acfc45-bdfb-4343-9004-9be15dfd844c,java/lang/Integer.java,parseInt
12acfc45-bdfb-4343-9004-9be15dfd844c,server/model/players/PlayerSave.java,loadGame,->,12acfc45-bdfb-4343-9004-9be15dfd844c,java/lang/String.java,equals
12acfc45-bdfb-4343-9004-9be15dfd844c,server/model/players/PlayerSave.java,loadGame,->,12acfc45-bdfb-4343-9004-9be15dfd844c,java/lang/Integer.java,parseInt
12acfc45-bdfb-4343-9004-9be15dfd844c,server/model/players/PlayerSave.java,loadGame,->,12acfc45-bdfb-4343-9004-9be15dfd844c,java/lang/String.java,equals
12acfc45-bdfb-4343-9004-9be15dfd844c,server/model/players/PlayerSave.java,loadGame,->,12acfc45-bdfb-4343-9004-9be15dfd844c,java/lang/Integer.java,parseInt
12acfc45-bdfb-4343-9004-9be15dfd844c,server/model/players/PlayerSave.java,loadGame,->,12acfc45-bdfb-4343-9004-9be15dfd844c,java/lang/String.java,equals
12acfc45-bdfb-4343-9004-9be15dfd844c,server/model/players/PlayerSave.java,loadGame,->,12acfc45-bdfb-4343-9004-9be15dfd844c,java/lang/Integer.java,parseInt
12acfc45-bdfb-4343-9004-9be15dfd844c,server/model/players/PlayerSave.java,loadGame,->,12acfc45-bdfb-4343-9004-9be15dfd844c,java/lang/String.java,equals
12acfc45-bdfb-4343-9004-9be15dfd844c,server/model/players/PlayerSave.java,loadGame,->,12acfc45-bdfb-4343-9004-9be15dfd844c,java/lang/Integer.java,parseInt
12acfc45-bdfb-4343-9004-9be15dfd844c,server/model/players/PlayerSave.java,loadGame,->,12acfc45-bdfb-4343-9004-9be15dfd844c,java/lang/Integer.java,parseInt
12acfc45-bdfb-4343-9004-9be15dfd844c,server/model/players/PlayerSave.java,loadGame,->,12acfc45-bdfb-4343-9004-9be15dfd844c,java/lang/String.java,equals
12acfc45-bdfb-4343-9004-9be15dfd844c,server/model/players/PlayerSave.java,loadGame,->,12acfc45-bdfb-4343-9004-9be15dfd844c,java/lang/Double.java,parseDouble
12acfc45-bdfb-4343-9004-9be15dfd844c,server/model/players/PlayerSave.java,loadGame,->,12acfc45-bdfb-4343-9004-9be15dfd844c,java/lang/String.java,equals
12acfc45-bdfb-4343-9004-9be15dfd844c,server/model/players/PlayerSave.java,loadGame,->,12acfc45-bdfb-4343-9004-9be15dfd844c,java/lang/Integer.java,parseInt
12acfc45-bdfb-4343-9004-9be15dfd844c,server/model/players/PlayerSave.java,loadGame,->,12acfc45-bdfb-4343-9004-9be15dfd844c,java/lang/String.java,equals
12acfc45-bdfb-4343-9004-9be15dfd844c,server/model/players/PlayerSave.java,loadGame,->,12acfc45-bdfb-4343-9004-9be15dfd844c,java/lang/Integer.java,parseInt
12acfc45-bdfb-4343-9004-9be15dfd844c,server/model/players/PlayerSave.java,loadGame,->,12acfc45-bdfb-4343-9004-9be15dfd844c,java/lang/String.java,equals
12acfc45-bdfb-4343-9004-9be15dfd844c,server/model/players/PlayerSave.java,loadGame,->,12acfc45-bdfb-4343-9004-9be15dfd844c,java/lang/System.java,currentTimeMillis
12acfc45-bdfb-4343-9004-9be15dfd844c,server/model/players/PlayerSave.java,loadGame,->,12acfc45-bdfb-4343-9004-9be15dfd844c,java/lang/Integer.java,parseInt
12acfc45-bdfb-4343-9004-9be15dfd844c,server/model/players/PlayerSave.java,loadGame,->,12acfc45-bdfb-4343-9004-9be15dfd844c,java/lang/String.java,equals
12acfc45-bdfb-4343-9004-9be15dfd844c,server/model/players/PlayerSave.java,loadGame,->,12acfc45-bdfb-4343-9004-9be15dfd844c,java/lang/Integer.java,parseInt
12acfc45-bdfb-4343-9004-9be15dfd844c,server/model/players/PlayerSave.java,loadGame,->,12acfc45-bdfb-4343-9004-9be15dfd844c,java/lang/String.java,equals
12acfc45-bdfb-4343-9004-9be15dfd844c,server/model/players/PlayerSave.java,loadGame,->,12acfc45-bdfb-4343-9004-9be15dfd844c,java/lang/Integer.java,parseInt
12acfc45-bdfb-4343-9004-9be15dfd844c,server/model/players/PlayerSave.java,loadGame,->,12acfc45-bdfb-4343-9004-9be15dfd844c,java/lang/String.java,equals
12acfc45-bdfb-4343-9004-9be15dfd844c,server/model/players/PlayerSave.java,loadGame,->,12acfc45-bdfb-4343-9004-9be15dfd844c,java/lang/Integer.java,parseInt
12acfc45-bdfb-4343-9004-9be15dfd844c,server/model/players/PlayerSave.java,loadGame,->,12acfc45-bdfb-4343-9004-9be15dfd844c,java/lang/String.java,equals
12acfc45-bdfb-4343-9004-9be15dfd844c,server/model/players/PlayerSave.java,loadGame,->,12acfc45-bdfb-4343-9004-9be15dfd844c,java/lang/Integer.java,parseInt
12acfc45-bdfb-4343-9004-9be15dfd844c,server/model/players/PlayerSave.java,loadGame,->,12acfc45-bdfb-4343-9004-9be15dfd844c,java/lang/String.java,equals
12acfc45-bdfb-4343-9004-9be15dfd844c,server/model/players/PlayerSave.java,loadGame,->,12acfc45-bdfb-4343-9004-9be15dfd844c,java/lang/Integer.java,parseInt
12acfc45-bdfb-4343-9004-9be15dfd844c,server/model/players/PlayerSave.java,loadGame,->,12acfc45-bdfb-4343-9004-9be15dfd844c,java/lang/String.java,equals
12acfc45-bdfb-4343-9004-9be15dfd844c,server/model/players/PlayerSave.java,loadGame,->,12acfc45-bdfb-4343-9004-9be15dfd844c,java/lang/Integer.java,parseInt
12acfc45-bdfb-4343-9004-9be15dfd844c,server/model/players/PlayerSave.java,loadGame,->,12acfc45-bdfb-4343-9004-9be15dfd844c,java/lang/String.java,equals
12acfc45-bdfb-4343-9004-9be15dfd844c,server/model/players/PlayerSave.java,loadGame,->,12acfc45-bdfb-4343-9004-9be15dfd844c,java/lang/Boolean.java,parseBoolean
12acfc45-bdfb-4343-9004-9be15dfd844c,server/model/players/PlayerSave.java,loadGame,->,12acfc45-bdfb-4343-9004-9be15dfd844c,java/lang/String.java,equals
12acfc45-bdfb-4343-9004-9be15dfd844c,server/model/players/PlayerSave.java,loadGame,->,12acfc45-bdfb-4343-9004-9be15dfd844c,java/lang/Boolean.java,parseBoolean
12acfc45-bdfb-4343-9004-9be15dfd844c,server/model/players/PlayerSave.java,loadGame,->,12acfc45-bdfb-4343-9004-9be15dfd844c,java/lang/String.java,equals
12acfc45-bdfb-4343-9004-9be15dfd844c,server/model/players/PlayerSave.java,loadGame,->,12acfc45-bdfb-4343-9004-9be15dfd844c,java/lang/Boolean.java,parseBoolean
12acfc45-bdfb-4343-9004-9be15dfd844c,server/model/players/PlayerSave.java,loadGame,->,12acfc45-bdfb-4343-9004-9be15dfd844c,java/lang/String.java,equals
12acfc45-bdfb-4343-9004-9be15dfd844c,server/model/players/PlayerSave.java,loadGame,->,12acfc45-bdfb-4343-9004-9be15dfd844c,java/lang/Boolean.java,parseBoolean
12acfc45-bdfb-4343-9004-9be15dfd844c,server/model/players/PlayerSave.java,loadGame,->,12acfc45-bdfb-4343-9004-9be15dfd844c,java/lang/String.java,equals
12acfc45-bdfb-4343-9004-9be15dfd844c,server/model/players/PlayerSave.java,loadGame,->,12acfc45-bdfb-4343-9004-9be15dfd844c,java/lang/Boolean.java,parseBoolean
12acfc45-bdfb-4343-9004-9be15dfd844c,server/model/players/PlayerSave.java,loadGame,->,12acfc45-bdfb-4343-9004-9be15dfd844c,java/lang/String.java,equals
12acfc45-bdfb-4343-9004-9be15dfd844c,server/model/players/PlayerSave.java,loadGame,->,12acfc45-bdfb-4343-9004-9be15dfd844c,java/lang/Integer.java,parseInt
12acfc45-bdfb-4343-9004-9be15dfd844c,server/model/players/PlayerSave.java,loadGame,->,12acfc45-bdfb-4343-9004-9be15dfd844c,java/lang/String.java,equals
12acfc45-bdfb-4343-9004-9be15dfd844c,server/model/players/PlayerSave.java,loadGame,->,12acfc45-bdfb-4343-9004-9be15dfd844c,java/lang/Integer.java,parseInt
12acfc45-bdfb-4343-9004-9be15dfd844c,server/model/players/PlayerSave.java,loadGame,->,12acfc45-bdfb-4343-9004-9be15dfd844c,java/lang/String.java,equals
12acfc45-bdfb-4343-9004-9be15dfd844c,server/model/players/PlayerSave.java,loadGame,->,12acfc45-bdfb-4343-9004-9be15dfd844c,java/lang/Integer.java,parseInt
12acfc45-bdfb-4343-9004-9be15dfd844c,server/model/players/PlayerSave.java,loadGame,->,12acfc45-bdfb-4343-9004-9be15dfd844c,java/lang/String.java,equals
12acfc45-bdfb-4343-9004-9be15dfd844c,server/model/players/PlayerSave.java,loadGame,->,12acfc45-bdfb-4343-9004-9be15dfd844c,java/lang/Integer.java,parseInt
12acfc45-bdfb-4343-9004-9be15dfd844c,server/model/players/PlayerSave.java,loadGame,->,12acfc45-bdfb-4343-9004-9be15dfd844c,java/lang/String.java,equals
12acfc45-bdfb-4343-9004-9be15dfd844c,server/model/players/PlayerSave.java,loadGame,->,12acfc45-bdfb-4343-9004-9be15dfd844c,java/lang/Integer.java,parseInt
12acfc45-bdfb-4343-9004-9be15dfd844c,server/model/players/PlayerSave.java,loadGame,->,12acfc45-bdfb-4343-9004-9be15dfd844c,java/lang/Integer.java,parseInt
12acfc45-bdfb-4343-9004-9be15dfd844c,server/model/players/PlayerSave.java,loadGame,->,12acfc45-bdfb-4343-9004-9be15dfd844c,java/lang/Integer.java,parseInt
12acfc45-bdfb-4343-9004-9be15dfd844c,server/model/players/PlayerSave.java,loadGame,->,12acfc45-bdfb-4343-9004-9be15dfd844c,java/lang/Integer.java,parseInt
12acfc45-bdfb-4343-9004-9be15dfd844c,server/model/players/PlayerSave.java,loadGame,->,12acfc45-bdfb-4343-9004-9be15dfd844c,java/lang/String.java,equals
12acfc45-bdfb-4343-9004-9be15dfd844c,server/model/players/PlayerSave.java,loadGame,->,12acfc45-bdfb-4343-9004-9be15dfd844c,java/lang/Integer.java,parseInt
12acfc45-bdfb-4343-9004-9be15dfd844c,server/model/players/PlayerSave.java,loadGame,->,12acfc45-bdfb-4343-9004-9be15dfd844c,java/lang/Integer.java,parseInt
12acfc45-bdfb-4343-9004-9be15dfd844c,server/model/players/PlayerSave.java,loadGame,->,12acfc45-bdfb-4343-9004-9be15dfd844c,java/lang/String.java,equals
12acfc45-bdfb-4343-9004-9be15dfd844c,server/model/players/PlayerSave.java,loadGame,->,12acfc45-bdfb-4343-9004-9be15dfd844c,java/lang/Integer.java,parseInt
12acfc45-bdfb-4343-9004-9be15dfd844c,server/model/players/PlayerSave.java,loadGame,->,12acfc45-bdfb-4343-9004-9be15dfd844c,java/lang/Integer.java,parseInt
12acfc45-bdfb-4343-9004-9be15dfd844c,server/model/players/PlayerSave.java,loadGame,->,12acfc45-bdfb-4343-9004-9be15dfd844c,java/lang/Integer.java,parseInt
12acfc45-bdfb-4343-9004-9be15dfd844c,server/model/players/PlayerSave.java,loadGame,->,12acfc45-bdfb-4343-9004-9be15dfd844c,java/lang/Integer.java,parseInt
12acfc45-bdfb-4343-9004-9be15dfd844c,server/model/players/PlayerSave.java,loadGame,->,12acfc45-bdfb-4343-9004-9be15dfd844c,java/lang/String.java,equals
12acfc45-bdfb-4343-9004-9be15dfd844c,server/model/players/PlayerSave.java,loadGame,->,12acfc45-bdfb-4343-9004-9be15dfd844c,java/lang/Integer.java,parseInt
12acfc45-bdfb-4343-9004-9be15dfd844c,server/model/players/PlayerSave.java,loadGame,->,12acfc45-bdfb-4343-9004-9be15dfd844c,java/lang/Integer.java,parseInt
12acfc45-bdfb-4343-9004-9be15dfd844c,server/model/players/PlayerSave.java,loadGame,->,12acfc45-bdfb-4343-9004-9be15dfd844c,java/lang/Integer.java,parseInt
12acfc45-bdfb-4343-9004-9be15dfd844c,server/model/players/PlayerSave.java,loadGame,->,12acfc45-bdfb-4343-9004-9be15dfd844c,java/lang/Integer.java,parseInt
12acfc45-bdfb-4343-9004-9be15dfd844c,server/model/players/PlayerSave.java,loadGame,->,12acfc45-bdfb-4343-9004-9be15dfd844c,java/lang/String.java,equals
12acfc45-bdfb-4343-9004-9be15dfd844c,server/model/players/PlayerSave.java,loadGame,->,12acfc45-bdfb-4343-9004-9be15dfd844c,java/lang/Integer.java,parseInt
12acfc45-bdfb-4343-9004-9be15dfd844c,server/model/players/PlayerSave.java,loadGame,->,12acfc45-bdfb-4343-9004-9be15dfd844c,java/lang/Integer.java,parseInt
12acfc45-bdfb-4343-9004-9be15dfd844c,server/model/players/PlayerSave.java,loadGame,->,12acfc45-bdfb-4343-9004-9be15dfd844c,java/lang/Integer.java,parseInt
12acfc45-bdfb-4343-9004-9be15dfd844c,server/model/players/PlayerSave.java,loadGame,->,12acfc45-bdfb-4343-9004-9be15dfd844c,java/lang/Integer.java,parseInt
12acfc45-bdfb-4343-9004-9be15dfd844c,server/model/players/PlayerSave.java,loadGame,->,12acfc45-bdfb-4343-9004-9be15dfd844c,java/lang/String.java,equals
12acfc45-bdfb-4343-9004-9be15dfd844c,server/model/players/PlayerSave.java,loadGame,->,12acfc45-bdfb-4343-9004-9be15dfd844c,java/lang/Integer.java,parseInt
12acfc45-bdfb-4343-9004-9be15dfd844c,server/model/players/PlayerSave.java,loadGame,->,12acfc45-bdfb-4343-9004-9be15dfd844c,java/lang/Long.java,parseLong
12acfc45-bdfb-4343-9004-9be15dfd844c,server/model/players/PlayerSave.java,loadGame,->,12acfc45-bdfb-4343-9004-9be15dfd844c,java/lang/String.java,equals
12acfc45-bdfb-4343-9004-9be15dfd844c,server/model/players/PlayerSave.java,loadGame,->,12acfc45-bdfb-4343-9004-9be15dfd844c,java/lang/String.java,equals
12acfc45-bdfb-4343-9004-9be15dfd844c,server/model/players/PlayerSave.java,loadGame,->,12acfc45-bdfb-4343-9004-9be15dfd844c,java/lang/String.java,equals
12acfc45-bdfb-4343-9004-9be15dfd844c,server/model/players/PlayerSave.java,loadGame,->,12acfc45-bdfb-4343-9004-9be15dfd844c,java/lang/String.java,equals
12acfc45-bdfb-4343-9004-9be15dfd844c,server/model/players/PlayerSave.java,loadGame,->,12acfc45-bdfb-4343-9004-9be15dfd844c,java/lang/String.java,equals
12acfc45-bdfb-4343-9004-9be15dfd844c,server/model/players/PlayerSave.java,loadGame,->,12acfc45-bdfb-4343-9004-9be15dfd844c,java/lang/String.java,equals
12acfc45-bdfb-4343-9004-9be15dfd844c,server/model/players/PlayerSave.java,loadGame,->,12acfc45-bdfb-4343-9004-9be15dfd844c,java/lang/String.java,equals
12acfc45-bdfb-4343-9004-9be15dfd844c,server/model/players/PlayerSave.java,loadGame,->,12acfc45-bdfb-4343-9004-9be15dfd844c,java/lang/String.java,equals
12acfc45-bdfb-4343-9004-9be15dfd844c,server/model/players/PlayerSave.java,loadGame,->,12acfc45-bdfb-4343-9004-9be15dfd844c,java/lang/String.java,equals
12acfc45-bdfb-4343-9004-9be15dfd844c,server/model/players/PlayerSave.java,loadGame,->,12acfc45-bdfb-4343-9004-9be15dfd844c,java/lang/String.java,equals
12acfc45-bdfb-4343-9004-9be15dfd844c,server/model/players/PlayerSave.java,loadGame,->,12acfc45-bdfb-4343-9004-9be15dfd844c,java/io/BufferedReader.java,close
12acfc45-bdfb-4343-9004-9be15dfd844c,server/model/players/PlayerSave.java,loadGame,->,12acfc45-bdfb-4343-9004-9be15dfd844c,java/io/BufferedReader.java,readLine
12acfc45-bdfb-4343-9004-9be15dfd844c,server/model/players/PlayerSave.java,loadGame,->,12acfc45-bdfb-4343-9004-9be15dfd844c,java/io/BufferedReader.java,close
12acfc45-bdfb-4343-9004-9be15dfd844c,server/model/players/PlayerSave.java,saveGame,->,12acfc45-bdfb-4343-9004-9be15dfd844c,java/lang/System.java,currentTimeMillis
12acfc45-bdfb-4343-9004-9be15dfd844c,server/model/players/PlayerSave.java,saveGame,->,12acfc45-bdfb-4343-9004-9be15dfd844c,java/lang/StringBuilder.java,append
12acfc45-bdfb-4343-9004-9be15dfd844c,server/model/players/PlayerSave.java,saveGame,->,12acfc45-bdfb-4343-9004-9be15dfd844c,java/lang/StringBuilder.java,append
12acfc45-bdfb-4343-9004-9be15dfd844c,server/model/players/PlayerSave.java,saveGame,->,12acfc45-bdfb-4343-9004-9be15dfd844c,java/lang/StringBuilder.java,append
12acfc45-bdfb-4343-9004-9be15dfd844c,server/model/players/PlayerSave.java,saveGame,->,12acfc45-bdfb-4343-9004-9be15dfd844c,java/lang/StringBuilder.java,toString
12acfc45-bdfb-4343-9004-9be15dfd844c,server/model/players/PlayerSave.java,saveGame,->,12acfc45-bdfb-4343-9004-9be15dfd844c,java/io/BufferedWriter.java,write
12acfc45-bdfb-4343-9004-9be15dfd844c,server/model/players/PlayerSave.java,saveGame,->,12acfc45-bdfb-4343-9004-9be15dfd844c,java/io/BufferedWriter.java,newLine
12acfc45-bdfb-4343-9004-9be15dfd844c,server/model/players/PlayerSave.java,saveGame,->,12acfc45-bdfb-4343-9004-9be15dfd844c,java/io/BufferedWriter.java,write
12acfc45-bdfb-4343-9004-9be15dfd844c,server/model/players/PlayerSave.java,saveGame,->,12acfc45-bdfb-4343-9004-9be15dfd844c,java/lang/String.java,length
12acfc45-bdfb-4343-9004-9be15dfd844c,server/model/players/PlayerSave.java,saveGame,->,12acfc45-bdfb-4343-9004-9be15dfd844c,java/io/BufferedWriter.java,write
12acfc45-bdfb-4343-9004-9be15dfd844c,server/model/players/PlayerSave.java,saveGame,->,12acfc45-bdfb-4343-9004-9be15dfd844c,java/io/BufferedWriter.java,newLine
12acfc45-bdfb-4343-9004-9be15dfd844c,server/model/players/PlayerSave.java,saveGame,->,12acfc45-bdfb-4343-9004-9be15dfd844c,java/io/BufferedWriter.java,write
12acfc45-bdfb-4343-9004-9be15dfd844c,server/model/players/PlayerSave.java,saveGame,->,12acfc45-bdfb-4343-9004-9be15dfd844c,java/lang/String.java,length
12acfc45-bdfb-4343-9004-9be15dfd844c,server/model/players/PlayerSave.java,saveGame,->,12acfc45-bdfb-4343-9004-9be15dfd844c,java/io/BufferedWriter.java,write
12acfc45-bdfb-4343-9004-9be15dfd844c,server/model/players/PlayerSave.java,saveGame,->,12acfc45-bdfb-4343-9004-9be15dfd844c,java/io/BufferedWriter.java,newLine
12acfc45-bdfb-4343-9004-9be15dfd844c,server/model/players/PlayerSave.java,saveGame,->,12acfc45-bdfb-4343-9004-9be15dfd844c,java/io/BufferedWriter.java,newLine
12acfc45-bdfb-4343-9004-9be15dfd844c,server/model/players/PlayerSave.java,saveGame,->,12acfc45-bdfb-4343-9004-9be15dfd844c,java/io/BufferedWriter.java,write
12acfc45-bdfb-4343-9004-9be15dfd844c,server/model/players/PlayerSave.java,saveGame,->,12acfc45-bdfb-4343-9004-9be15dfd844c,java/io/BufferedWriter.java,newLine
12acfc45-bdfb-4343-9004-9be15dfd844c,server/model/players/PlayerSave.java,saveGame,->,12acfc45-bdfb-4343-9004-9be15dfd844c,java/io/BufferedWriter.java,write
12acfc45-bdfb-4343-9004-9be15dfd844c,server/model/players/PlayerSave.java,saveGame,->,12acfc45-bdfb-4343-9004-9be15dfd844c,java/lang/Integer.java,toString
12acfc45-bdfb-4343-9004-9be15dfd844c,server/model/players/PlayerSave.java,saveGame,->,12acfc45-bdfb-4343-9004-9be15dfd844c,java/lang/Integer.java,toString
12acfc45-bdfb-4343-9004-9be15dfd844c,server/model/players/PlayerSave.java,saveGame,->,12acfc45-bdfb-4343-9004-9be15dfd844c,java/lang/String.java,length
12acfc45-bdfb-4343-9004-9be15dfd844c,server/model/players/PlayerSave.java,saveGame,->,12acfc45-bdfb-4343-9004-9be15dfd844c,java/io/BufferedWriter.java,write
12acfc45-bdfb-4343-9004-9be15dfd844c,server/model/players/PlayerSave.java,saveGame,->,12acfc45-bdfb-4343-9004-9be15dfd844c,java/io/BufferedWriter.java,newLine
12acfc45-bdfb-4343-9004-9be15dfd844c,server/model/players/PlayerSave.java,saveGame,->,12acfc45-bdfb-4343-9004-9be15dfd844c,java/io/BufferedWriter.java,write
12acfc45-bdfb-4343-9004-9be15dfd844c,server/model/players/PlayerSave.java,saveGame,->,12acfc45-bdfb-4343-9004-9be15dfd844c,java/lang/Integer.java,toString
12acfc45-bdfb-4343-9004-9be15dfd844c,server/model/players/PlayerSave.java,saveGame,->,12acfc45-bdfb-4343-9004-9be15dfd844c,java/lang/Integer.java,toString
12acfc45-bdfb-4343-9004-9be15dfd844c,server/model/players/PlayerSave.java,saveGame,->,12acfc45-bdfb-4343-9004-9be15dfd844c,java/lang/String.java,length
12acfc45-bdfb-4343-9004-9be15dfd844c,server/model/players/PlayerSave.java,saveGame,->,12acfc45-bdfb-4343-9004-9be15dfd844c,java/io/BufferedWriter.java,write
12acfc45-bdfb-4343-9004-9be15dfd844c,server/model/players/PlayerSave.java,saveGame,->,12acfc45-bdfb-4343-9004-9be15dfd844c,java/io/BufferedWriter.java,newLine
12acfc45-bdfb-4343-9004-9be15dfd844c,server/model/players/PlayerSave.java,saveGame,->,12acfc45-bdfb-4343-9004-9be15dfd844c,java/io/BufferedWriter.java,write
12acfc45-bdfb-4343-9004-9be15dfd844c,server/model/players/PlayerSave.java,saveGame,->,12acfc45-bdfb-4343-9004-9be15dfd844c,java/lang/Integer.java,toString
12acfc45-bdfb-4343-9004-9be15dfd844c,server/model/players/PlayerSave.java,saveGame,->,12acfc45-bdfb-4343-9004-9be15dfd844c,java/lang/Integer.java,toString
12acfc45-bdfb-4343-9004-9be15dfd844c,server/model/players/PlayerSave.java,saveGame,->,12acfc45-bdfb-4343-9004-9be15dfd844c,java/lang/String.java,length
12acfc45-bdfb-4343-9004-9be15dfd844c,server/model/players/PlayerSave.java,saveGame,->,12acfc45-bdfb-4343-9004-9be15dfd844c,java/io/BufferedWriter.java,write
12acfc45-bdfb-4343-9004-9be15dfd844c,server/model/players/PlayerSave.java,saveGame,->,12acfc45-bdfb-4343-9004-9be15dfd844c,java/io/BufferedWriter.java,newLine
12acfc45-bdfb-4343-9004-9be15dfd844c,server/model/players/PlayerSave.java,saveGame,->,12acfc45-bdfb-4343-9004-9be15dfd844c,java/io/BufferedWriter.java,write
12acfc45-bdfb-4343-9004-9be15dfd844c,server/model/players/PlayerSave.java,saveGame,->,12acfc45-bdfb-4343-9004-9be15dfd844c,java/lang/Integer.java,toString
12acfc45-bdfb-4343-9004-9be15dfd844c,server/model/players/PlayerSave.java,saveGame,->,12acfc45-bdfb-4343-9004-9be15dfd844c,java/lang/Integer.java,toString
12acfc45-bdfb-4343-9004-9be15dfd844c,server/model/players/PlayerSave.java,saveGame,->,12acfc45-bdfb-4343-9004-9be15dfd844c,java/lang/String.java,length
12acfc45-bdfb-4343-9004-9be15dfd844c,server/model/players/PlayerSave.java,saveGame,->,12acfc45-bdfb-4343-9004-9be15dfd844c,java/io/BufferedWriter.java,write
12acfc45-bdfb-4343-9004-9be15dfd844c,server/model/players/PlayerSave.java,saveGame,->,12acfc45-bdfb-4343-9004-9be15dfd844c,java/io/BufferedWriter.java,newLine
12acfc45-bdfb-4343-9004-9be15dfd844c,server/model/players/PlayerSave.java,saveGame,->,12acfc45-bdfb-4343-9004-9be15dfd844c,java/io/BufferedWriter.java,write
12acfc45-bdfb-4343-9004-9be15dfd844c,server/model/players/PlayerSave.java,saveGame,->,12acfc45-bdfb-4343-9004-9be15dfd844c,java/lang/Integer.java,toString
12acfc45-bdfb-4343-9004-9be15dfd844c,server/model/players/PlayerSave.java,saveGame,->,12acfc45-bdfb-4343-9004-9be15dfd844c,java/lang/Integer.java,toString
12acfc45-bdfb-4343-9004-9be15dfd844c,server/model/players/PlayerSave.java,saveGame,->,12acfc45-bdfb-4343-9004-9be15dfd844c,java/lang/String.java,length
12acfc45-bdfb-4343-9004-9be15dfd844c,server/model/players/PlayerSave.java,saveGame,->,12acfc45-bdfb-4343-9004-9be15dfd844c,java/io/BufferedWriter.java,write
12acfc45-bdfb-4343-9004-9be15dfd844c,server/model/players/PlayerSave.java,saveGame,->,12acfc45-bdfb-4343-9004-9be15dfd844c,java/io/BufferedWriter.java,newLine
12acfc45-bdfb-4343-9004-9be15dfd844c,server/model/players/PlayerSave.java,saveGame,->,12acfc45-bdfb-4343-9004-9be15dfd844c,java/io/BufferedWriter.java,write
12acfc45-bdfb-4343-9004-9be15dfd844c,server/model/players/PlayerSave.java,saveGame,->,12acfc45-bdfb-4343-9004-9be15dfd844c,java/lang/Integer.java,toString
12acfc45-bdfb-4343-9004-9be15dfd844c,server/model/players/PlayerSave.java,saveGame,->,12acfc45-bdfb-4343-9004-9be15dfd844c,java/lang/Integer.java,toString
12acfc45-bdfb-4343-9004-9be15dfd844c,server/model/players/PlayerSave.java,saveGame,->,12acfc45-bdfb-4343-9004-9be15dfd844c,java/lang/String.java,length
12acfc45-bdfb-4343-9004-9be15dfd844c,server/model/players/PlayerSave.java,saveGame,->,12acfc45-bdfb-4343-9004-9be15dfd844c,java/io/BufferedWriter.java,write
12acfc45-bdfb-4343-9004-9be15dfd844c,server/model/players/PlayerSave.java,saveGame,->,12acfc45-bdfb-4343-9004-9be15dfd844c,java/io/BufferedWriter.java,newLine
12acfc45-bdfb-4343-9004-9be15dfd844c,server/model/players/PlayerSave.java,saveGame,->,12acfc45-bdfb-4343-9004-9be15dfd844c,java/io/BufferedWriter.java,write
12acfc45-bdfb-4343-9004-9be15dfd844c,server/model/players/PlayerSave.java,saveGame,->,12acfc45-bdfb-4343-9004-9be15dfd844c,java/lang/Integer.java,toString
12acfc45-bdfb-4343-9004-9be15dfd844c,server/model/players/PlayerSave.java,saveGame,->,12acfc45-bdfb-4343-9004-9be15dfd844c,java/lang/Integer.java,toString
12acfc45-bdfb-4343-9004-9be15dfd844c,server/model/players/PlayerSave.java,saveGame,->,12acfc45-bdfb-4343-9004-9be15dfd844c,java/lang/String.java,length
12acfc45-bdfb-4343-9004-9be15dfd844c,server/model/players/PlayerSave.java,saveGame,->,12acfc45-bdfb-4343-9004-9be15dfd844c,java/io/BufferedWriter.java,write
12acfc45-bdfb-4343-9004-9be15dfd844c,server/model/players/PlayerSave.java,saveGame,->,12acfc45-bdfb-4343-9004-9be15dfd844c,java/io/BufferedWriter.java,newLine
12acfc45-bdfb-4343-9004-9be15dfd844c,server/model/players/PlayerSave.java,saveGame,->,12acfc45-bdfb-4343-9004-9be15dfd844c,java/io/BufferedWriter.java,write
12acfc45-bdfb-4343-9004-9be15dfd844c,server/model/players/PlayerSave.java,saveGame,->,12acfc45-bdfb-4343-9004-9be15dfd844c,java/lang/Integer.java,toString
12acfc45-bdfb-4343-9004-9be15dfd844c,server/model/players/PlayerSave.java,saveGame,->,12acfc45-bdfb-4343-9004-9be15dfd844c,java/lang/Integer.java,toString
12acfc45-bdfb-4343-9004-9be15dfd844c,server/model/players/PlayerSave.java,saveGame,->,12acfc45-bdfb-4343-9004-9be15dfd844c,java/lang/String.java,length
12acfc45-bdfb-4343-9004-9be15dfd844c,server/model/players/PlayerSave.java,saveGame,->,12acfc45-bdfb-4343-9004-9be15dfd844c,java/io/BufferedWriter.java,write
12acfc45-bdfb-4343-9004-9be15dfd844c,server/model/players/PlayerSave.java,saveGame,->,12acfc45-bdfb-4343-9004-9be15dfd844c,java/io/BufferedWriter.java,newLine
12acfc45-bdfb-4343-9004-9be15dfd844c,server/model/players/PlayerSave.java,saveGame,->,12acfc45-bdfb-4343-9004-9be15dfd844c,java/io/BufferedWriter.java,write
12acfc45-bdfb-4343-9004-9be15dfd844c,server/model/players/PlayerSave.java,saveGame,->,12acfc45-bdfb-4343-9004-9be15dfd844c,java/lang/Integer.java,toString
12acfc45-bdfb-4343-9004-9be15dfd844c,server/model/players/PlayerSave.java,saveGame,->,12acfc45-bdfb-4343-9004-9be15dfd844c,java/lang/Integer.java,toString
12acfc45-bdfb-4343-9004-9be15dfd844c,server/model/players/PlayerSave.java,saveGame,->,12acfc45-bdfb-4343-9004-9be15dfd844c,java/lang/String.java,length
12acfc45-bdfb-4343-9004-9be15dfd844c,server/model/players/PlayerSave.java,saveGame,->,12acfc45-bdfb-4343-9004-9be15dfd844c,java/io/BufferedWriter.java,write
12acfc45-bdfb-4343-9004-9be15dfd844c,server/model/players/PlayerSave.java,saveGame,->,12acfc45-bdfb-4343-9004-9be15dfd844c,java/io/BufferedWriter.java,newLine
12acfc45-bdfb-4343-9004-9be15dfd844c,server/model/players/PlayerSave.java,saveGame,->,12acfc45-bdfb-4343-9004-9be15dfd844c,java/io/BufferedWriter.java,write
12acfc45-bdfb-4343-9004-9be15dfd844c,server/model/players/PlayerSave.java,saveGame,->,12acfc45-bdfb-4343-9004-9be15dfd844c,java/lang/Integer.java,toString
12acfc45-bdfb-4343-9004-9be15dfd844c,server/model/players/PlayerSave.java,saveGame,->,12acfc45-bdfb-4343-9004-9be15dfd844c,java/lang/Integer.java,toString
12acfc45-bdfb-4343-9004-9be15dfd844c,server/model/players/PlayerSave.java,saveGame,->,12acfc45-bdfb-4343-9004-9be15dfd844c,java/lang/String.java,length
12acfc45-bdfb-4343-9004-9be15dfd844c,server/model/players/PlayerSave.java,saveGame,->,12acfc45-bdfb-4343-9004-9be15dfd844c,java/io/BufferedWriter.java,write
12acfc45-bdfb-4343-9004-9be15dfd844c,server/model/players/PlayerSave.java,saveGame,->,12acfc45-bdfb-4343-9004-9be15dfd844c,java/io/BufferedWriter.java,newLine
12acfc45-bdfb-4343-9004-9be15dfd844c,server/model/players/PlayerSave.java,saveGame,->,12acfc45-bdfb-4343-9004-9be15dfd844c,java/io/BufferedWriter.java,write
12acfc45-bdfb-4343-9004-9be15dfd844c,server/model/players/PlayerSave.java,saveGame,->,12acfc45-bdfb-4343-9004-9be15dfd844c,java/lang/Integer.java,toString
12acfc45-bdfb-4343-9004-9be15dfd844c,server/model/players/PlayerSave.java,saveGame,->,12acfc45-bdfb-4343-9004-9be15dfd844c,java/lang/Integer.java,toString
12acfc45-bdfb-4343-9004-9be15dfd844c,server/model/players/PlayerSave.java,saveGame,->,12acfc45-bdfb-4343-9004-9be15dfd844c,java/lang/String.java,length
12acfc45-bdfb-4343-9004-9be15dfd844c,server/model/players/PlayerSave.java,saveGame,->,12acfc45-bdfb-4343-9004-9be15dfd844c,java/io/BufferedWriter.java,write
12acfc45-bdfb-4343-9004-9be15dfd844c,server/model/players/PlayerSave.java,saveGame,->,12acfc45-bdfb-4343-9004-9be15dfd844c,java/io/BufferedWriter.java,newLine
12acfc45-bdfb-4343-9004-9be15dfd844c,server/model/players/PlayerSave.java,saveGame,->,12acfc45-bdfb-4343-9004-9be15dfd844c,java/io/BufferedWriter.java,write
12acfc45-bdfb-4343-9004-9be15dfd844c,server/model/players/PlayerSave.java,saveGame,->,12acfc45-bdfb-4343-9004-9be15dfd844c,java/lang/Integer.java,toString
12acfc45-bdfb-4343-9004-9be15dfd844c,server/model/players/PlayerSave.java,saveGame,->,12acfc45-bdfb-4343-9004-9be15dfd844c,java/lang/Integer.java,toString
12acfc45-bdfb-4343-9004-9be15dfd844c,server/model/players/PlayerSave.java,saveGame,->,12acfc45-bdfb-4343-9004-9be15dfd844c,java/lang/String.java,length
12acfc45-bdfb-4343-9004-9be15dfd844c,server/model/players/PlayerSave.java,saveGame,->,12acfc45-bdfb-4343-9004-9be15dfd844c,java/io/BufferedWriter.java,write
12acfc45-bdfb-4343-9004-9be15dfd844c,server/model/players/PlayerSave.java,saveGame,->,12acfc45-bdfb-4343-9004-9be15dfd844c,java/io/BufferedWriter.java,newLine
12acfc45-bdfb-4343-9004-9be15dfd844c,server/model/players/PlayerSave.java,saveGame,->,12acfc45-bdfb-4343-9004-9be15dfd844c,java/io/BufferedWriter.java,write
12acfc45-bdfb-4343-9004-9be15dfd844c,server/model/players/PlayerSave.java,saveGame,->,12acfc45-bdfb-4343-9004-9be15dfd844c,java/lang/Boolean.java,toString
12acfc45-bdfb-4343-9004-9be15dfd844c,server/model/players/PlayerSave.java,saveGame,->,12acfc45-bdfb-4343-9004-9be15dfd844c,java/lang/Boolean.java,toString
12acfc45-bdfb-4343-9004-9be15dfd844c,server/model/players/PlayerSave.java,saveGame,->,12acfc45-bdfb-4343-9004-9be15dfd844c,java/lang/String.java,length
12acfc45-bdfb-4343-9004-9be15dfd844c,server/model/players/PlayerSave.java,saveGame,->,12acfc45-bdfb-4343-9004-9be15dfd844c,java/io/BufferedWriter.java,write
12acfc45-bdfb-4343-9004-9be15dfd844c,server/model/players/PlayerSave.java,saveGame,->,12acfc45-bdfb-4343-9004-9be15dfd844c,java/io/BufferedWriter.java,newLine
12acfc45-bdfb-4343-9004-9be15dfd844c,server/model/players/PlayerSave.java,saveGame,->,12acfc45-bdfb-4343-9004-9be15dfd844c,java/io/BufferedWriter.java,write
12acfc45-bdfb-4343-9004-9be15dfd844c,server/model/players/PlayerSave.java,saveGame,->,12acfc45-bdfb-4343-9004-9be15dfd844c,java/lang/Integer.java,toString
12acfc45-bdfb-4343-9004-9be15dfd844c,server/model/players/PlayerSave.java,saveGame,->,12acfc45-bdfb-4343-9004-9be15dfd844c,java/lang/Integer.java,toString
12acfc45-bdfb-4343-9004-9be15dfd844c,server/model/players/PlayerSave.java,saveGame,->,12acfc45-bdfb-4343-9004-9be15dfd844c,java/lang/String.java,length
12acfc45-bdfb-4343-9004-9be15dfd844c,server/model/players/PlayerSave.java,saveGame,->,12acfc45-bdfb-4343-9004-9be15dfd844c,java/io/BufferedWriter.java,write
12acfc45-bdfb-4343-9004-9be15dfd844c,server/model/players/PlayerSave.java,saveGame,->,12acfc45-bdfb-4343-9004-9be15dfd844c,java/io/BufferedWriter.java,newLine
12acfc45-bdfb-4343-9004-9be15dfd844c,server/model/players/PlayerSave.java,saveGame,->,12acfc45-bdfb-4343-9004-9be15dfd844c,java/io/BufferedWriter.java,write
12acfc45-bdfb-4343-9004-9be15dfd844c,server/model/players/PlayerSave.java,saveGame,->,12acfc45-bdfb-4343-9004-9be15dfd844c,java/lang/Integer.java,toString
12acfc45-bdfb-4343-9004-9be15dfd844c,server/model/players/PlayerSave.java,saveGame,->,12acfc45-bdfb-4343-9004-9be15dfd844c,java/lang/Integer.java,toString
12acfc45-bdfb-4343-9004-9be15dfd844c,server/model/players/PlayerSave.java,saveGame,->,12acfc45-bdfb-4343-9004-9be15dfd844c,java/lang/String.java,length
12acfc45-bdfb-4343-9004-9be15dfd844c,server/model/players/PlayerSave.java,saveGame,->,12acfc45-bdfb-4343-9004-9be15dfd844c,java/io/BufferedWriter.java,write
12acfc45-bdfb-4343-9004-9be15dfd844c,server/model/players/PlayerSave.java,saveGame,->,12acfc45-bdfb-4343-9004-9be15dfd844c,java/io/BufferedWriter.java,newLine
12acfc45-bdfb-4343-9004-9be15dfd844c,server/model/players/PlayerSave.java,saveGame,->,12acfc45-bdfb-4343-9004-9be15dfd844c,java/io/BufferedWriter.java,write
12acfc45-bdfb-4343-9004-9be15dfd844c,server/model/players/PlayerSave.java,saveGame,->,12acfc45-bdfb-4343-9004-9be15dfd844c,java/lang/Integer.java,toString
12acfc45-bdfb-4343-9004-9be15dfd844c,server/model/players/PlayerSave.java,saveGame,->,12acfc45-bdfb-4343-9004-9be15dfd844c,java/lang/Integer.java,toString
12acfc45-bdfb-4343-9004-9be15dfd844c,server/model/players/PlayerSave.java,saveGame,->,12acfc45-bdfb-4343-9004-9be15dfd844c,java/lang/String.java,length
12acfc45-bdfb-4343-9004-9be15dfd844c,server/model/players/PlayerSave.java,saveGame,->,12acfc45-bdfb-4343-9004-9be15dfd844c,java/io/BufferedWriter.java,write
12acfc45-bdfb-4343-9004-9be15dfd844c,server/model/players/PlayerSave.java,saveGame,->,12acfc45-bdfb-4343-9004-9be15dfd844c,java/io/BufferedWriter.java,newLine
12acfc45-bdfb-4343-9004-9be15dfd844c,server/model/players/PlayerSave.java,saveGame,->,12acfc45-bdfb-4343-9004-9be15dfd844c,java/io/BufferedWriter.java,write
12acfc45-bdfb-4343-9004-9be15dfd844c,server/model/players/PlayerSave.java,saveGame,->,12acfc45-bdfb-4343-9004-9be15dfd844c,java/lang/Integer.java,toString
12acfc45-bdfb-4343-9004-9be15dfd844c,server/model/players/PlayerSave.java,saveGame,->,12acfc45-bdfb-4343-9004-9be15dfd844c,java/lang/Integer.java,toString
12acfc45-bdfb-4343-9004-9be15dfd844c,server/model/players/PlayerSave.java,saveGame,->,12acfc45-bdfb-4343-9004-9be15dfd844c,java/lang/String.java,length
12acfc45-bdfb-4343-9004-9be15dfd844c,server/model/players/PlayerSave.java,saveGame,->,12acfc45-bdfb-4343-9004-9be15dfd844c,java/io/BufferedWriter.java,write
12acfc45-bdfb-4343-9004-9be15dfd844c,server/model/players/PlayerSave.java,saveGame,->,12acfc45-bdfb-4343-9004-9be15dfd844c,java/io/BufferedWriter.java,newLine
12acfc45-bdfb-4343-9004-9be15dfd844c,server/model/players/PlayerSave.java,saveGame,->,12acfc45-bdfb-4343-9004-9be15dfd844c,java/io/BufferedWriter.java,write
12acfc45-bdfb-4343-9004-9be15dfd844c,server/model/players/PlayerSave.java,saveGame,->,12acfc45-bdfb-4343-9004-9be15dfd844c,java/lang/Boolean.java,toString
12acfc45-bdfb-4343-9004-9be15dfd844c,server/model/players/PlayerSave.java,saveGame,->,12acfc45-bdfb-4343-9004-9be15dfd844c,java/lang/Boolean.java,toString
12acfc45-bdfb-4343-9004-9be15dfd844c,server/model/players/PlayerSave.java,saveGame,->,12acfc45-bdfb-4343-9004-9be15dfd844c,java/lang/String.java,length
12acfc45-bdfb-4343-9004-9be15dfd844c,server/model/players/PlayerSave.java,saveGame,->,12acfc45-bdfb-4343-9004-9be15dfd844c,java/io/BufferedWriter.java,write
12acfc45-bdfb-4343-9004-9be15dfd844c,server/model/players/PlayerSave.java,saveGame,->,12acfc45-bdfb-4343-9004-9be15dfd844c,java/io/BufferedWriter.java,newLine
12acfc45-bdfb-4343-9004-9be15dfd844c,server/model/players/PlayerSave.java,saveGame,->,12acfc45-bdfb-4343-9004-9be15dfd844c,java/io/BufferedWriter.java,write
12acfc45-bdfb-4343-9004-9be15dfd844c,server/model/players/PlayerSave.java,saveGame,->,12acfc45-bdfb-4343-9004-9be15dfd844c,java/lang/Integer.java,toString
12acfc45-bdfb-4343-9004-9be15dfd844c,server/model/players/PlayerSave.java,saveGame,->,12acfc45-bdfb-4343-9004-9be15dfd844c,java/lang/Integer.java,toString
12acfc45-bdfb-4343-9004-9be15dfd844c,server/model/players/PlayerSave.java,saveGame,->,12acfc45-bdfb-4343-9004-9be15dfd844c,java/lang/String.java,length
12acfc45-bdfb-4343-9004-9be15dfd844c,server/model/players/PlayerSave.java,saveGame,->,12acfc45-bdfb-4343-9004-9be15dfd844c,java/io/BufferedWriter.java,write
12acfc45-bdfb-4343-9004-9be15dfd844c,server/model/players/PlayerSave.java,saveGame,->,12acfc45-bdfb-4343-9004-9be15dfd844c,java/io/BufferedWriter.java,newLine
12acfc45-bdfb-4343-9004-9be15dfd844c,server/model/players/PlayerSave.java,saveGame,->,12acfc45-bdfb-4343-9004-9be15dfd844c,java/io/BufferedWriter.java,write
12acfc45-bdfb-4343-9004-9be15dfd844c,server/model/players/PlayerSave.java,saveGame,->,12acfc45-bdfb-4343-9004-9be15dfd844c,java/lang/Boolean.java,toString
12acfc45-bdfb-4343-9004-9be15dfd844c,server/model/players/PlayerSave.java,saveGame,->,12acfc45-bdfb-4343-9004-9be15dfd844c,java/lang/Boolean.java,toString
12acfc45-bdfb-4343-9004-9be15dfd844c,server/model/players/PlayerSave.java,saveGame,->,12acfc45-bdfb-4343-9004-9be15dfd844c,java/lang/String.java,length
12acfc45-bdfb-4343-9004-9be15dfd844c,server/model/players/PlayerSave.java,saveGame,->,12acfc45-bdfb-4343-9004-9be15dfd844c,java/io/BufferedWriter.java,write
12acfc45-bdfb-4343-9004-9be15dfd844c,server/model/players/PlayerSave.java,saveGame,->,12acfc45-bdfb-4343-9004-9be15dfd844c,java/io/BufferedWriter.java,newLine
12acfc45-bdfb-4343-9004-9be15dfd844c,server/model/players/PlayerSave.java,saveGame,->,12acfc45-bdfb-4343-9004-9be15dfd844c,java/io/BufferedWriter.java,write
12acfc45-bdfb-4343-9004-9be15dfd844c,server/model/players/PlayerSave.java,saveGame,->,12acfc45-bdfb-4343-9004-9be15dfd844c,java/lang/Integer.java,toString
12acfc45-bdfb-4343-9004-9be15dfd844c,server/model/players/PlayerSave.java,saveGame,->,12acfc45-bdfb-4343-9004-9be15dfd844c,java/lang/Integer.java,toString
12acfc45-bdfb-4343-9004-9be15dfd844c,server/model/players/PlayerSave.java,saveGame,->,12acfc45-bdfb-4343-9004-9be15dfd844c,java/lang/String.java,length
12acfc45-bdfb-4343-9004-9be15dfd844c,server/model/players/PlayerSave.java,saveGame,->,12acfc45-bdfb-4343-9004-9be15dfd844c,java/io/BufferedWriter.java,write
12acfc45-bdfb-4343-9004-9be15dfd844c,server/model/players/PlayerSave.java,saveGame,->,12acfc45-bdfb-4343-9004-9be15dfd844c,java/io/BufferedWriter.java,newLine
12acfc45-bdfb-4343-9004-9be15dfd844c,server/model/players/PlayerSave.java,saveGame,->,12acfc45-bdfb-4343-9004-9be15dfd844c,java/io/BufferedWriter.java,write
12acfc45-bdfb-4343-9004-9be15dfd844c,server/model/players/PlayerSave.java,saveGame,->,12acfc45-bdfb-4343-9004-9be15dfd844c,java/lang/Integer.java,toString
12acfc45-bdfb-4343-9004-9be15dfd844c,server/model/players/PlayerSave.java,saveGame,->,12acfc45-bdfb-4343-9004-9be15dfd844c,java/lang/Integer.java,toString
12acfc45-bdfb-4343-9004-9be15dfd844c,server/model/players/PlayerSave.java,saveGame,->,12acfc45-bdfb-4343-9004-9be15dfd844c,java/lang/String.java,length
12acfc45-bdfb-4343-9004-9be15dfd844c,server/model/players/PlayerSave.java,saveGame,->,12acfc45-bdfb-4343-9004-9be15dfd844c,java/io/BufferedWriter.java,write
12acfc45-bdfb-4343-9004-9be15dfd844c,server/model/players/PlayerSave.java,saveGame,->,12acfc45-bdfb-4343-9004-9be15dfd844c,java/io/BufferedWriter.java,newLine
12acfc45-bdfb-4343-9004-9be15dfd844c,server/model/players/PlayerSave.java,saveGame,->,12acfc45-bdfb-4343-9004-9be15dfd844c,java/io/BufferedWriter.java,write
12acfc45-bdfb-4343-9004-9be15dfd844c,server/model/players/PlayerSave.java,saveGame,->,12acfc45-bdfb-4343-9004-9be15dfd844c,java/lang/Boolean.java,toString
12acfc45-bdfb-4343-9004-9be15dfd844c,server/model/players/PlayerSave.java,saveGame,->,12acfc45-bdfb-4343-9004-9be15dfd844c,java/lang/Boolean.java,toString
12acfc45-bdfb-4343-9004-9be15dfd844c,server/model/players/PlayerSave.java,saveGame,->,12acfc45-bdfb-4343-9004-9be15dfd844c,java/lang/String.java,length
12acfc45-bdfb-4343-9004-9be15dfd844c,server/model/players/PlayerSave.java,saveGame,->,12acfc45-bdfb-4343-9004-9be15dfd844c,java/io/BufferedWriter.java,write
12acfc45-bdfb-4343-9004-9be15dfd844c,server/model/players/PlayerSave.java,saveGame,->,12acfc45-bdfb-4343-9004-9be15dfd844c,java/io/BufferedWriter.java,newLine
12acfc45-bdfb-4343-9004-9be15dfd844c,server/model/players/PlayerSave.java,saveGame,->,12acfc45-bdfb-4343-9004-9be15dfd844c,java/io/BufferedWriter.java,write
12acfc45-bdfb-4343-9004-9be15dfd844c,server/model/players/PlayerSave.java,saveGame,->,12acfc45-bdfb-4343-9004-9be15dfd844c,java/lang/Boolean.java,toString
12acfc45-bdfb-4343-9004-9be15dfd844c,server/model/players/PlayerSave.java,saveGame,->,12acfc45-bdfb-4343-9004-9be15dfd844c,java/lang/Boolean.java,toString
12acfc45-bdfb-4343-9004-9be15dfd844c,server/model/players/PlayerSave.java,saveGame,->,12acfc45-bdfb-4343-9004-9be15dfd844c,java/lang/String.java,length
12acfc45-bdfb-4343-9004-9be15dfd844c,server/model/players/PlayerSave.java,saveGame,->,12acfc45-bdfb-4343-9004-9be15dfd844c,java/io/BufferedWriter.java,write
12acfc45-bdfb-4343-9004-9be15dfd844c,server/model/players/PlayerSave.java,saveGame,->,12acfc45-bdfb-4343-9004-9be15dfd844c,java/io/BufferedWriter.java,newLine
12acfc45-bdfb-4343-9004-9be15dfd844c,server/model/players/PlayerSave.java,saveGame,->,12acfc45-bdfb-4343-9004-9be15dfd844c,java/io/BufferedWriter.java,write
12acfc45-bdfb-4343-9004-9be15dfd844c,server/model/players/PlayerSave.java,saveGame,->,12acfc45-bdfb-4343-9004-9be15dfd844c,java/lang/Boolean.java,toString
12acfc45-bdfb-4343-9004-9be15dfd844c,server/model/players/PlayerSave.java,saveGame,->,12acfc45-bdfb-4343-9004-9be15dfd844c,java/lang/Boolean.java,toString
12acfc45-bdfb-4343-9004-9be15dfd844c,server/model/players/PlayerSave.java,saveGame,->,12acfc45-bdfb-4343-9004-9be15dfd844c,java/lang/String.java,length
12acfc45-bdfb-4343-9004-9be15dfd844c,server/model/players/PlayerSave.java,saveGame,->,12acfc45-bdfb-4343-9004-9be15dfd844c,java/io/BufferedWriter.java,write
12acfc45-bdfb-4343-9004-9be15dfd844c,server/model/players/PlayerSave.java,saveGame,->,12acfc45-bdfb-4343-9004-9be15dfd844c,java/io/BufferedWriter.java,newLine
12acfc45-bdfb-4343-9004-9be15dfd844c,server/model/players/PlayerSave.java,saveGame,->,12acfc45-bdfb-4343-9004-9be15dfd844c,java/io/BufferedWriter.java,write
12acfc45-bdfb-4343-9004-9be15dfd844c,server/model/players/PlayerSave.java,saveGame,->,12acfc45-bdfb-4343-9004-9be15dfd844c,java/lang/Integer.java,toString
12acfc45-bdfb-4343-9004-9be15dfd844c,server/model/players/PlayerSave.java,saveGame,->,12acfc45-bdfb-4343-9004-9be15dfd844c,java/lang/Integer.java,toString
12acfc45-bdfb-4343-9004-9be15dfd844c,server/model/players/PlayerSave.java,saveGame,->,12acfc45-bdfb-4343-9004-9be15dfd844c,java/lang/String.java,length
12acfc45-bdfb-4343-9004-9be15dfd844c,server/model/players/PlayerSave.java,saveGame,->,12acfc45-bdfb-4343-9004-9be15dfd844c,java/io/BufferedWriter.java,write
12acfc45-bdfb-4343-9004-9be15dfd844c,server/model/players/PlayerSave.java,saveGame,->,12acfc45-bdfb-4343-9004-9be15dfd844c,java/io/BufferedWriter.java,newLine
12acfc45-bdfb-4343-9004-9be15dfd844c,server/model/players/PlayerSave.java,saveGame,->,12acfc45-bdfb-4343-9004-9be15dfd844c,java/io/BufferedWriter.java,write
12acfc45-bdfb-4343-9004-9be15dfd844c,server/model/players/PlayerSave.java,saveGame,->,12acfc45-bdfb-4343-9004-9be15dfd844c,java/lang/Integer.java,toString
12acfc45-bdfb-4343-9004-9be15dfd844c,server/model/players/PlayerSave.java,saveGame,->,12acfc45-bdfb-4343-9004-9be15dfd844c,java/lang/Integer.java,toString
12acfc45-bdfb-4343-9004-9be15dfd844c,server/model/players/PlayerSave.java,saveGame,->,12acfc45-bdfb-4343-9004-9be15dfd844c,java/lang/String.java,length
12acfc45-bdfb-4343-9004-9be15dfd844c,server/model/players/PlayerSave.java,saveGame,->,12acfc45-bdfb-4343-9004-9be15dfd844c,java/io/BufferedWriter.java,write
12acfc45-bdfb-4343-9004-9be15dfd844c,server/model/players/PlayerSave.java,saveGame,->,12acfc45-bdfb-4343-9004-9be15dfd844c,java/io/BufferedWriter.java,newLine
12acfc45-bdfb-4343-9004-9be15dfd844c,server/model/players/PlayerSave.java,saveGame,->,12acfc45-bdfb-4343-9004-9be15dfd844c,java/io/BufferedWriter.java,write
12acfc45-bdfb-4343-9004-9be15dfd844c,server/model/players/PlayerSave.java,saveGame,->,12acfc45-bdfb-4343-9004-9be15dfd844c,java/lang/Integer.java,toString
12acfc45-bdfb-4343-9004-9be15dfd844c,server/model/players/PlayerSave.java,saveGame,->,12acfc45-bdfb-4343-9004-9be15dfd844c,java/lang/Integer.java,toString
12acfc45-bdfb-4343-9004-9be15dfd844c,server/model/players/PlayerSave.java,saveGame,->,12acfc45-bdfb-4343-9004-9be15dfd844c,java/lang/String.java,length
12acfc45-bdfb-4343-9004-9be15dfd844c,server/model/players/PlayerSave.java,saveGame,->,12acfc45-bdfb-4343-9004-9be15dfd844c,java/io/BufferedWriter.java,write
12acfc45-bdfb-4343-9004-9be15dfd844c,server/model/players/PlayerSave.java,saveGame,->,12acfc45-bdfb-4343-9004-9be15dfd844c,java/io/BufferedWriter.java,newLine
12acfc45-bdfb-4343-9004-9be15dfd844c,server/model/players/PlayerSave.java,saveGame,->,12acfc45-bdfb-4343-9004-9be15dfd844c,java/io/BufferedWriter.java,write
12acfc45-bdfb-4343-9004-9be15dfd844c,server/model/players/PlayerSave.java,saveGame,->,12acfc45-bdfb-4343-9004-9be15dfd844c,java/lang/Integer.java,toString
12acfc45-bdfb-4343-9004-9be15dfd844c,server/model/players/PlayerSave.java,saveGame,->,12acfc45-bdfb-4343-9004-9be15dfd844c,java/lang/Integer.java,toString
12acfc45-bdfb-4343-9004-9be15dfd844c,server/model/players/PlayerSave.java,saveGame,->,12acfc45-bdfb-4343-9004-9be15dfd844c,java/lang/String.java,length
12acfc45-bdfb-4343-9004-9be15dfd844c,server/model/players/PlayerSave.java,saveGame,->,12acfc45-bdfb-4343-9004-9be15dfd844c,java/io/BufferedWriter.java,write
12acfc45-bdfb-4343-9004-9be15dfd844c,server/model/players/PlayerSave.java,saveGame,->,12acfc45-bdfb-4343-9004-9be15dfd844c,java/io/BufferedWriter.java,write
12acfc45-bdfb-4343-9004-9be15dfd844c,server/model/players/PlayerSave.java,saveGame,->,12acfc45-bdfb-4343-9004-9be15dfd844c,java/lang/Integer.java,toString
12acfc45-bdfb-4343-9004-9be15dfd844c,server/model/players/PlayerSave.java,saveGame,->,12acfc45-bdfb-4343-9004-9be15dfd844c,java/lang/Integer.java,toString
12acfc45-bdfb-4343-9004-9be15dfd844c,server/model/players/PlayerSave.java,saveGame,->,12acfc45-bdfb-4343-9004-9be15dfd844c,java/lang/Integer.java,toString
12acfc45-bdfb-4343-9004-9be15dfd844c,server/model/players/PlayerSave.java,saveGame,->,12acfc45-bdfb-4343-9004-9be15dfd844c,java/lang/String.java,length
12acfc45-bdfb-4343-9004-9be15dfd844c,server/model/players/PlayerSave.java,saveGame,->,12acfc45-bdfb-4343-9004-9be15dfd844c,java/io/BufferedWriter.java,write
12acfc45-bdfb-4343-9004-9be15dfd844c,server/model/players/PlayerSave.java,saveGame,->,12acfc45-bdfb-4343-9004-9be15dfd844c,java/io/BufferedWriter.java,newLine
12acfc45-bdfb-4343-9004-9be15dfd844c,server/model/players/PlayerSave.java,saveGame,->,12acfc45-bdfb-4343-9004-9be15dfd844c,java/io/BufferedWriter.java,write
12acfc45-bdfb-4343-9004-9be15dfd844c,server/model/players/PlayerSave.java,saveGame,->,12acfc45-bdfb-4343-9004-9be15dfd844c,java/lang/Double.java,toString
12acfc45-bdfb-4343-9004-9be15dfd844c,server/model/players/PlayerSave.java,saveGame,->,12acfc45-bdfb-4343-9004-9be15dfd844c,java/lang/Double.java,toString
12acfc45-bdfb-4343-9004-9be15dfd844c,server/model/players/PlayerSave.java,saveGame,->,12acfc45-bdfb-4343-9004-9be15dfd844c,java/lang/String.java,length
12acfc45-bdfb-4343-9004-9be15dfd844c,server/model/players/PlayerSave.java,saveGame,->,12acfc45-bdfb-4343-9004-9be15dfd844c,java/io/BufferedWriter.java,write
12acfc45-bdfb-4343-9004-9be15dfd844c,server/model/players/PlayerSave.java,saveGame,->,12acfc45-bdfb-4343-9004-9be15dfd844c,java/io/BufferedWriter.java,newLine
12acfc45-bdfb-4343-9004-9be15dfd844c,server/model/players/PlayerSave.java,saveGame,->,12acfc45-bdfb-4343-9004-9be15dfd844c,java/io/BufferedWriter.java,write
12acfc45-bdfb-4343-9004-9be15dfd844c,server/model/players/PlayerSave.java,saveGame,->,12acfc45-bdfb-4343-9004-9be15dfd844c,java/lang/Integer.java,toString
12acfc45-bdfb-4343-9004-9be15dfd844c,server/model/players/PlayerSave.java,saveGame,->,12acfc45-bdfb-4343-9004-9be15dfd844c,java/lang/Integer.java,toString
12acfc45-bdfb-4343-9004-9be15dfd844c,server/model/players/PlayerSave.java,saveGame,->,12acfc45-bdfb-4343-9004-9be15dfd844c,java/lang/String.java,length
12acfc45-bdfb-4343-9004-9be15dfd844c,server/model/players/PlayerSave.java,saveGame,->,12acfc45-bdfb-4343-9004-9be15dfd844c,java/io/BufferedWriter.java,write
12acfc45-bdfb-4343-9004-9be15dfd844c,server/model/players/PlayerSave.java,saveGame,->,12acfc45-bdfb-4343-9004-9be15dfd844c,java/io/BufferedWriter.java,newLine
12acfc45-bdfb-4343-9004-9be15dfd844c,server/model/players/PlayerSave.java,saveGame,->,12acfc45-bdfb-4343-9004-9be15dfd844c,java/io/BufferedWriter.java,write
12acfc45-bdfb-4343-9004-9be15dfd844c,server/model/players/PlayerSave.java,saveGame,->,12acfc45-bdfb-4343-9004-9be15dfd844c,java/lang/Integer.java,toString
12acfc45-bdfb-4343-9004-9be15dfd844c,server/model/players/PlayerSave.java,saveGame,->,12acfc45-bdfb-4343-9004-9be15dfd844c,java/lang/Integer.java,toString
12acfc45-bdfb-4343-9004-9be15dfd844c,server/model/players/PlayerSave.java,saveGame,->,12acfc45-bdfb-4343-9004-9be15dfd844c,java/lang/String.java,length
12acfc45-bdfb-4343-9004-9be15dfd844c,server/model/players/PlayerSave.java,saveGame,->,12acfc45-bdfb-4343-9004-9be15dfd844c,java/io/BufferedWriter.java,write
12acfc45-bdfb-4343-9004-9be15dfd844c,server/model/players/PlayerSave.java,saveGame,->,12acfc45-bdfb-4343-9004-9be15dfd844c,java/io/BufferedWriter.java,newLine
12acfc45-bdfb-4343-9004-9be15dfd844c,server/model/players/PlayerSave.java,saveGame,->,12acfc45-bdfb-4343-9004-9be15dfd844c,java/io/BufferedWriter.java,write
12acfc45-bdfb-4343-9004-9be15dfd844c,server/model/players/PlayerSave.java,saveGame,->,12acfc45-bdfb-4343-9004-9be15dfd844c,java/lang/Integer.java,toString
12acfc45-bdfb-4343-9004-9be15dfd844c,server/model/players/PlayerSave.java,saveGame,->,12acfc45-bdfb-4343-9004-9be15dfd844c,java/lang/Integer.java,toString
12acfc45-bdfb-4343-9004-9be15dfd844c,server/model/players/PlayerSave.java,saveGame,->,12acfc45-bdfb-4343-9004-9be15dfd844c,java/lang/String.java,length
12acfc45-bdfb-4343-9004-9be15dfd844c,server/model/players/PlayerSave.java,saveGame,->,12acfc45-bdfb-4343-9004-9be15dfd844c,java/io/BufferedWriter.java,write
12acfc45-bdfb-4343-9004-9be15dfd844c,server/model/players/PlayerSave.java,saveGame,->,12acfc45-bdfb-4343-9004-9be15dfd844c,java/io/BufferedWriter.java,newLine
12acfc45-bdfb-4343-9004-9be15dfd844c,server/model/players/PlayerSave.java,saveGame,->,12acfc45-bdfb-4343-9004-9be15dfd844c,java/io/BufferedWriter.java,write
12acfc45-bdfb-4343-9004-9be15dfd844c,server/model/players/PlayerSave.java,saveGame,->,12acfc45-bdfb-4343-9004-9be15dfd844c,java/lang/Integer.java,toString
12acfc45-bdfb-4343-9004-9be15dfd844c,server/model/players/PlayerSave.java,saveGame,->,12acfc45-bdfb-4343-9004-9be15dfd844c,java/lang/Integer.java,toString
12acfc45-bdfb-4343-9004-9be15dfd844c,server/model/players/PlayerSave.java,saveGame,->,12acfc45-bdfb-4343-9004-9be15dfd844c,java/lang/String.java,length
12acfc45-bdfb-4343-9004-9be15dfd844c,server/model/players/PlayerSave.java,saveGame,->,12acfc45-bdfb-4343-9004-9be15dfd844c,java/io/BufferedWriter.java,write
12acfc45-bdfb-4343-9004-9be15dfd844c,server/model/players/PlayerSave.java,saveGame,->,12acfc45-bdfb-4343-9004-9be15dfd844c,java/io/BufferedWriter.java,newLine
12acfc45-bdfb-4343-9004-9be15dfd844c,server/model/players/PlayerSave.java,saveGame,->,12acfc45-bdfb-4343-9004-9be15dfd844c,java/io/BufferedWriter.java,write
12acfc45-bdfb-4343-9004-9be15dfd844c,server/model/players/PlayerSave.java,saveGame,->,12acfc45-bdfb-4343-9004-9be15dfd844c,java/lang/Integer.java,toString
12acfc45-bdfb-4343-9004-9be15dfd844c,server/model/players/PlayerSave.java,saveGame,->,12acfc45-bdfb-4343-9004-9be15dfd844c,java/lang/Integer.java,toString
12acfc45-bdfb-4343-9004-9be15dfd844c,server/model/players/PlayerSave.java,saveGame,->,12acfc45-bdfb-4343-9004-9be15dfd844c,java/lang/String.java,length
12acfc45-bdfb-4343-9004-9be15dfd844c,server/model/players/PlayerSave.java,saveGame,->,12acfc45-bdfb-4343-9004-9be15dfd844c,java/io/BufferedWriter.java,write
12acfc45-bdfb-4343-9004-9be15dfd844c,server/model/players/PlayerSave.java,saveGame,->,12acfc45-bdfb-4343-9004-9be15dfd844c,java/io/BufferedWriter.java,newLine
12acfc45-bdfb-4343-9004-9be15dfd844c,server/model/players/PlayerSave.java,saveGame,->,12acfc45-bdfb-4343-9004-9be15dfd844c,java/io/BufferedWriter.java,write
12acfc45-bdfb-4343-9004-9be15dfd844c,server/model/players/PlayerSave.java,saveGame,->,12acfc45-bdfb-4343-9004-9be15dfd844c,java/lang/Integer.java,toString
12acfc45-bdfb-4343-9004-9be15dfd844c,server/model/players/PlayerSave.java,saveGame,->,12acfc45-bdfb-4343-9004-9be15dfd844c,java/lang/Integer.java,toString
12acfc45-bdfb-4343-9004-9be15dfd844c,server/model/players/PlayerSave.java,saveGame,->,12acfc45-bdfb-4343-9004-9be15dfd844c,java/lang/String.java,length
12acfc45-bdfb-4343-9004-9be15dfd844c,server/model/players/PlayerSave.java,saveGame,->,12acfc45-bdfb-4343-9004-9be15dfd844c,java/io/BufferedWriter.java,write
12acfc45-bdfb-4343-9004-9be15dfd844c,server/model/players/PlayerSave.java,saveGame,->,12acfc45-bdfb-4343-9004-9be15dfd844c,java/io/BufferedWriter.java,newLine
12acfc45-bdfb-4343-9004-9be15dfd844c,server/model/players/PlayerSave.java,saveGame,->,12acfc45-bdfb-4343-9004-9be15dfd844c,java/io/BufferedWriter.java,write
12acfc45-bdfb-4343-9004-9be15dfd844c,server/model/players/PlayerSave.java,saveGame,->,12acfc45-bdfb-4343-9004-9be15dfd844c,java/lang/Integer.java,toString
12acfc45-bdfb-4343-9004-9be15dfd844c,server/model/players/PlayerSave.java,saveGame,->,12acfc45-bdfb-4343-9004-9be15dfd844c,java/lang/Integer.java,toString
12acfc45-bdfb-4343-9004-9be15dfd844c,server/model/players/PlayerSave.java,saveGame,->,12acfc45-bdfb-4343-9004-9be15dfd844c,java/lang/String.java,length
12acfc45-bdfb-4343-9004-9be15dfd844c,server/model/players/PlayerSave.java,saveGame,->,12acfc45-bdfb-4343-9004-9be15dfd844c,java/io/BufferedWriter.java,write
12acfc45-bdfb-4343-9004-9be15dfd844c,server/model/players/PlayerSave.java,saveGame,->,12acfc45-bdfb-4343-9004-9be15dfd844c,java/io/BufferedWriter.java,newLine
12acfc45-bdfb-4343-9004-9be15dfd844c,server/model/players/PlayerSave.java,saveGame,->,12acfc45-bdfb-4343-9004-9be15dfd844c,java/io/BufferedWriter.java,write
12acfc45-bdfb-4343-9004-9be15dfd844c,server/model/players/PlayerSave.java,saveGame,->,12acfc45-bdfb-4343-9004-9be15dfd844c,java/lang/Integer.java,toString
12acfc45-bdfb-4343-9004-9be15dfd844c,server/model/players/PlayerSave.java,saveGame,->,12acfc45-bdfb-4343-9004-9be15dfd844c,java/lang/Integer.java,toString
12acfc45-bdfb-4343-9004-9be15dfd844c,server/model/players/PlayerSave.java,saveGame,->,12acfc45-bdfb-4343-9004-9be15dfd844c,java/lang/String.java,length
12acfc45-bdfb-4343-9004-9be15dfd844c,server/model/players/PlayerSave.java,saveGame,->,12acfc45-bdfb-4343-9004-9be15dfd844c,java/io/BufferedWriter.java,write
12acfc45-bdfb-4343-9004-9be15dfd844c,server/model/players/PlayerSave.java,saveGame,->,12acfc45-bdfb-4343-9004-9be15dfd844c,java/io/BufferedWriter.java,newLine
12acfc45-bdfb-4343-9004-9be15dfd844c,server/model/players/PlayerSave.java,saveGame,->,12acfc45-bdfb-4343-9004-9be15dfd844c,java/io/BufferedWriter.java,write
12acfc45-bdfb-4343-9004-9be15dfd844c,server/model/players/PlayerSave.java,saveGame,->,12acfc45-bdfb-4343-9004-9be15dfd844c,java/lang/Integer.java,toString
12acfc45-bdfb-4343-9004-9be15dfd844c,server/model/players/PlayerSave.java,saveGame,->,12acfc45-bdfb-4343-9004-9be15dfd844c,java/lang/Integer.java,toString
12acfc45-bdfb-4343-9004-9be15dfd844c,server/model/players/PlayerSave.java,saveGame,->,12acfc45-bdfb-4343-9004-9be15dfd844c,java/lang/String.java,length
12acfc45-bdfb-4343-9004-9be15dfd844c,server/model/players/PlayerSave.java,saveGame,->,12acfc45-bdfb-4343-9004-9be15dfd844c,java/io/BufferedWriter.java,write
12acfc45-bdfb-4343-9004-9be15dfd844c,server/model/players/PlayerSave.java,saveGame,->,12acfc45-bdfb-4343-9004-9be15dfd844c,java/io/BufferedWriter.java,newLine
12acfc45-bdfb-4343-9004-9be15dfd844c,server/model/players/PlayerSave.java,saveGame,->,12acfc45-bdfb-4343-9004-9be15dfd844c,java/io/BufferedWriter.java,write
12acfc45-bdfb-4343-9004-9be15dfd844c,server/model/players/PlayerSave.java,saveGame,->,12acfc45-bdfb-4343-9004-9be15dfd844c,java/lang/Boolean.java,toString
12acfc45-bdfb-4343-9004-9be15dfd844c,server/model/players/PlayerSave.java,saveGame,->,12acfc45-bdfb-4343-9004-9be15dfd844c,java/lang/Boolean.java,toString
12acfc45-bdfb-4343-9004-9be15dfd844c,server/model/players/PlayerSave.java,saveGame,->,12acfc45-bdfb-4343-9004-9be15dfd844c,java/lang/String.java,length
12acfc45-bdfb-4343-9004-9be15dfd844c,server/model/players/PlayerSave.java,saveGame,->,12acfc45-bdfb-4343-9004-9be15dfd844c,java/io/BufferedWriter.java,write
12acfc45-bdfb-4343-9004-9be15dfd844c,server/model/players/PlayerSave.java,saveGame,->,12acfc45-bdfb-4343-9004-9be15dfd844c,java/io/BufferedWriter.java,newLine
12acfc45-bdfb-4343-9004-9be15dfd844c,server/model/players/PlayerSave.java,saveGame,->,12acfc45-bdfb-4343-9004-9be15dfd844c,java/io/BufferedWriter.java,write
12acfc45-bdfb-4343-9004-9be15dfd844c,server/model/players/PlayerSave.java,saveGame,->,12acfc45-bdfb-4343-9004-9be15dfd844c,java/lang/Integer.java,toString
12acfc45-bdfb-4343-9004-9be15dfd844c,server/model/players/PlayerSave.java,saveGame,->,12acfc45-bdfb-4343-9004-9be15dfd844c,java/lang/Integer.java,toString
12acfc45-bdfb-4343-9004-9be15dfd844c,server/model/players/PlayerSave.java,saveGame,->,12acfc45-bdfb-4343-9004-9be15dfd844c,java/lang/String.java,length
12acfc45-bdfb-4343-9004-9be15dfd844c,server/model/players/PlayerSave.java,saveGame,->,12acfc45-bdfb-4343-9004-9be15dfd844c,java/io/BufferedWriter.java,write
12acfc45-bdfb-4343-9004-9be15dfd844c,server/model/players/PlayerSave.java,saveGame,->,12acfc45-bdfb-4343-9004-9be15dfd844c,java/io/BufferedWriter.java,newLine
12acfc45-bdfb-4343-9004-9be15dfd844c,server/model/players/PlayerSave.java,saveGame,->,12acfc45-bdfb-4343-9004-9be15dfd844c,java/io/BufferedWriter.java,write
12acfc45-bdfb-4343-9004-9be15dfd844c,server/model/players/PlayerSave.java,saveGame,->,12acfc45-bdfb-4343-9004-9be15dfd844c,java/lang/Integer.java,toString
12acfc45-bdfb-4343-9004-9be15dfd844c,server/model/players/PlayerSave.java,saveGame,->,12acfc45-bdfb-4343-9004-9be15dfd844c,java/lang/Integer.java,toString
12acfc45-bdfb-4343-9004-9be15dfd844c,server/model/players/PlayerSave.java,saveGame,->,12acfc45-bdfb-4343-9004-9be15dfd844c,java/lang/String.java,length
12acfc45-bdfb-4343-9004-9be15dfd844c,server/model/players/PlayerSave.java,saveGame,->,12acfc45-bdfb-4343-9004-9be15dfd844c,java/io/BufferedWriter.java,write
12acfc45-bdfb-4343-9004-9be15dfd844c,server/model/players/PlayerSave.java,saveGame,->,12acfc45-bdfb-4343-9004-9be15dfd844c,java/io/BufferedWriter.java,newLine
12acfc45-bdfb-4343-9004-9be15dfd844c,server/model/players/PlayerSave.java,saveGame,->,12acfc45-bdfb-4343-9004-9be15dfd844c,java/io/BufferedWriter.java,write
12acfc45-bdfb-4343-9004-9be15dfd844c,server/model/players/PlayerSave.java,saveGame,->,12acfc45-bdfb-4343-9004-9be15dfd844c,java/lang/Integer.java,toString
12acfc45-bdfb-4343-9004-9be15dfd844c,server/model/players/PlayerSave.java,saveGame,->,12acfc45-bdfb-4343-9004-9be15dfd844c,java/lang/Integer.java,toString
12acfc45-bdfb-4343-9004-9be15dfd844c,server/model/players/PlayerSave.java,saveGame,->,12acfc45-bdfb-4343-9004-9be15dfd844c,java/lang/String.java,length
12acfc45-bdfb-4343-9004-9be15dfd844c,server/model/players/PlayerSave.java,saveGame,->,12acfc45-bdfb-4343-9004-9be15dfd844c,java/io/BufferedWriter.java,write
12acfc45-bdfb-4343-9004-9be15dfd844c,server/model/players/PlayerSave.java,saveGame,->,12acfc45-bdfb-4343-9004-9be15dfd844c,java/io/BufferedWriter.java,newLine
12acfc45-bdfb-4343-9004-9be15dfd844c,server/model/players/PlayerSave.java,saveGame,->,12acfc45-bdfb-4343-9004-9be15dfd844c,java/io/BufferedWriter.java,write
12acfc45-bdfb-4343-9004-9be15dfd844c,server/model/players/PlayerSave.java,saveGame,->,12acfc45-bdfb-4343-9004-9be15dfd844c,java/lang/StringBuilder.java,append
12acfc45-bdfb-4343-9004-9be15dfd844c,server/model/players/PlayerSave.java,saveGame,->,12acfc45-bdfb-4343-9004-9be15dfd844c,java/lang/StringBuilder.java,append
12acfc45-bdfb-4343-9004-9be15dfd844c,server/model/players/PlayerSave.java,saveGame,->,12acfc45-bdfb-4343-9004-9be15dfd844c,java/lang/StringBuilder.java,append
12acfc45-bdfb-4343-9004-9be15dfd844c,server/model/players/PlayerSave.java,saveGame,->,12acfc45-bdfb-4343-9004-9be15dfd844c,java/lang/StringBuilder.java,append
12acfc45-bdfb-4343-9004-9be15dfd844c,server/model/players/PlayerSave.java,saveGame,->,12acfc45-bdfb-4343-9004-9be15dfd844c,java/lang/StringBuilder.java,append
12acfc45-bdfb-4343-9004-9be15dfd844c,server/model/players/PlayerSave.java,saveGame,->,12acfc45-bdfb-4343-9004-9be15dfd844c,java/lang/StringBuilder.java,append
12acfc45-bdfb-4343-9004-9be15dfd844c,server/model/players/PlayerSave.java,saveGame,->,12acfc45-bdfb-4343-9004-9be15dfd844c,java/lang/StringBuilder.java,append
12acfc45-bdfb-4343-9004-9be15dfd844c,server/model/players/PlayerSave.java,saveGame,->,12acfc45-bdfb-4343-9004-9be15dfd844c,java/lang/StringBuilder.java,append
12acfc45-bdfb-4343-9004-9be15dfd844c,server/model/players/PlayerSave.java,saveGame,->,12acfc45-bdfb-4343-9004-9be15dfd844c,java/lang/StringBuilder.java,append
12acfc45-bdfb-4343-9004-9be15dfd844c,server/model/players/PlayerSave.java,saveGame,->,12acfc45-bdfb-4343-9004-9be15dfd844c,java/lang/StringBuilder.java,toString
12acfc45-bdfb-4343-9004-9be15dfd844c,server/model/players/PlayerSave.java,saveGame,->,12acfc45-bdfb-4343-9004-9be15dfd844c,java/io/BufferedWriter.java,write
12acfc45-bdfb-4343-9004-9be15dfd844c,server/model/players/PlayerSave.java,saveGame,->,12acfc45-bdfb-4343-9004-9be15dfd844c,java/io/BufferedWriter.java,newLine
12acfc45-bdfb-4343-9004-9be15dfd844c,server/model/players/PlayerSave.java,saveGame,->,12acfc45-bdfb-4343-9004-9be15dfd844c,java/io/BufferedWriter.java,newLine
12acfc45-bdfb-4343-9004-9be15dfd844c,server/model/players/PlayerSave.java,saveGame,->,12acfc45-bdfb-4343-9004-9be15dfd844c,java/io/BufferedWriter.java,write
12acfc45-bdfb-4343-9004-9be15dfd844c,server/model/players/PlayerSave.java,saveGame,->,12acfc45-bdfb-4343-9004-9be15dfd844c,java/io/BufferedWriter.java,newLine
12acfc45-bdfb-4343-9004-9be15dfd844c,server/model/players/PlayerSave.java,saveGame,->,12acfc45-bdfb-4343-9004-9be15dfd844c,java/io/BufferedWriter.java,write
12acfc45-bdfb-4343-9004-9be15dfd844c,server/model/players/PlayerSave.java,saveGame,->,12acfc45-bdfb-4343-9004-9be15dfd844c,java/lang/Integer.java,toString
12acfc45-bdfb-4343-9004-9be15dfd844c,server/model/players/PlayerSave.java,saveGame,->,12acfc45-bdfb-4343-9004-9be15dfd844c,java/lang/Integer.java,toString
12acfc45-bdfb-4343-9004-9be15dfd844c,server/model/players/PlayerSave.java,saveGame,->,12acfc45-bdfb-4343-9004-9be15dfd844c,java/lang/String.java,length
12acfc45-bdfb-4343-9004-9be15dfd844c,server/model/players/PlayerSave.java,saveGame,->,12acfc45-bdfb-4343-9004-9be15dfd844c,java/io/BufferedWriter.java,write
12acfc45-bdfb-4343-9004-9be15dfd844c,server/model/players/PlayerSave.java,saveGame,->,12acfc45-bdfb-4343-9004-9be15dfd844c,java/io/BufferedWriter.java,write
12acfc45-bdfb-4343-9004-9be15dfd844c,server/model/players/PlayerSave.java,saveGame,->,12acfc45-bdfb-4343-9004-9be15dfd844c,java/lang/Integer.java,toString
12acfc45-bdfb-4343-9004-9be15dfd844c,server/model/players/PlayerSave.java,saveGame,->,12acfc45-bdfb-4343-9004-9be15dfd844c,java/lang/Integer.java,toString
12acfc45-bdfb-4343-9004-9be15dfd844c,server/model/players/PlayerSave.java,saveGame,->,12acfc45-bdfb-4343-9004-9be15dfd844c,java/lang/String.java,length
12acfc45-bdfb-4343-9004-9be15dfd844c,server/model/players/PlayerSave.java,saveGame,->,12acfc45-bdfb-4343-9004-9be15dfd844c,java/io/BufferedWriter.java,write
12acfc45-bdfb-4343-9004-9be15dfd844c,server/model/players/PlayerSave.java,saveGame,->,12acfc45-bdfb-4343-9004-9be15dfd844c,java/io/BufferedWriter.java,write
12acfc45-bdfb-4343-9004-9be15dfd844c,server/model/players/PlayerSave.java,saveGame,->,12acfc45-bdfb-4343-9004-9be15dfd844c,java/lang/Integer.java,toString
12acfc45-bdfb-4343-9004-9be15dfd844c,server/model/players/PlayerSave.java,saveGame,->,12acfc45-bdfb-4343-9004-9be15dfd844c,java/lang/Integer.java,toString
12acfc45-bdfb-4343-9004-9be15dfd844c,server/model/players/PlayerSave.java,saveGame,->,12acfc45-bdfb-4343-9004-9be15dfd844c,java/lang/String.java,length
12acfc45-bdfb-4343-9004-9be15dfd844c,server/model/players/PlayerSave.java,saveGame,->,12acfc45-bdfb-4343-9004-9be15dfd844c,java/io/BufferedWriter.java,write
12acfc45-bdfb-4343-9004-9be15dfd844c,server/model/players/PlayerSave.java,saveGame,->,12acfc45-bdfb-4343-9004-9be15dfd844c,java/io/BufferedWriter.java,write
12acfc45-bdfb-4343-9004-9be15dfd844c,server/model/players/PlayerSave.java,saveGame,->,12acfc45-bdfb-4343-9004-9be15dfd844c,java/io/BufferedWriter.java,newLine
12acfc45-bdfb-4343-9004-9be15dfd844c,server/model/players/PlayerSave.java,saveGame,->,12acfc45-bdfb-4343-9004-9be15dfd844c,java/io/BufferedWriter.java,newLine
12acfc45-bdfb-4343-9004-9be15dfd844c,server/model/players/PlayerSave.java,saveGame,->,12acfc45-bdfb-4343-9004-9be15dfd844c,java/io/BufferedWriter.java,write
12acfc45-bdfb-4343-9004-9be15dfd844c,server/model/players/PlayerSave.java,saveGame,->,12acfc45-bdfb-4343-9004-9be15dfd844c,java/io/BufferedWriter.java,newLine
12acfc45-bdfb-4343-9004-9be15dfd844c,server/model/players/PlayerSave.java,saveGame,->,12acfc45-bdfb-4343-9004-9be15dfd844c,java/io/BufferedWriter.java,write
12acfc45-bdfb-4343-9004-9be15dfd844c,server/model/players/PlayerSave.java,saveGame,->,12acfc45-bdfb-4343-9004-9be15dfd844c,java/lang/Integer.java,toString
12acfc45-bdfb-4343-9004-9be15dfd844c,server/model/players/PlayerSave.java,saveGame,->,12acfc45-bdfb-4343-9004-9be15dfd844c,java/lang/Integer.java,toString
12acfc45-bdfb-4343-9004-9be15dfd844c,server/model/players/PlayerSave.java,saveGame,->,12acfc45-bdfb-4343-9004-9be15dfd844c,java/lang/String.java,length
12acfc45-bdfb-4343-9004-9be15dfd844c,server/model/players/PlayerSave.java,saveGame,->,12acfc45-bdfb-4343-9004-9be15dfd844c,java/io/BufferedWriter.java,write
12acfc45-bdfb-4343-9004-9be15dfd844c,server/model/players/PlayerSave.java,saveGame,->,12acfc45-bdfb-4343-9004-9be15dfd844c,java/io/BufferedWriter.java,write
12acfc45-bdfb-4343-9004-9be15dfd844c,server/model/players/PlayerSave.java,saveGame,->,12acfc45-bdfb-4343-9004-9be15dfd844c,java/lang/Integer.java,toString
12acfc45-bdfb-4343-9004-9be15dfd844c,server/model/players/PlayerSave.java,saveGame,->,12acfc45-bdfb-4343-9004-9be15dfd844c,java/lang/Integer.java,toString
12acfc45-bdfb-4343-9004-9be15dfd844c,server/model/players/PlayerSave.java,saveGame,->,12acfc45-bdfb-4343-9004-9be15dfd844c,java/lang/String.java,length
12acfc45-bdfb-4343-9004-9be15dfd844c,server/model/players/PlayerSave.java,saveGame,->,12acfc45-bdfb-4343-9004-9be15dfd844c,java/io/BufferedWriter.java,write
12acfc45-bdfb-4343-9004-9be15dfd844c,server/model/players/PlayerSave.java,saveGame,->,12acfc45-bdfb-4343-9004-9be15dfd844c,java/io/BufferedWriter.java,newLine
12acfc45-bdfb-4343-9004-9be15dfd844c,server/model/players/PlayerSave.java,saveGame,->,12acfc45-bdfb-4343-9004-9be15dfd844c,java/io/BufferedWriter.java,newLine
12acfc45-bdfb-4343-9004-9be15dfd844c,server/model/players/PlayerSave.java,saveGame,->,12acfc45-bdfb-4343-9004-9be15dfd844c,java/io/BufferedWriter.java,write
12acfc45-bdfb-4343-9004-9be15dfd844c,server/model/players/PlayerSave.java,saveGame,->,12acfc45-bdfb-4343-9004-9be15dfd844c,java/io/BufferedWriter.java,newLine
12acfc45-bdfb-4343-9004-9be15dfd844c,server/model/players/PlayerSave.java,saveGame,->,12acfc45-bdfb-4343-9004-9be15dfd844c,java/io/BufferedWriter.java,write
12acfc45-bdfb-4343-9004-9be15dfd844c,server/model/players/PlayerSave.java,saveGame,->,12acfc45-bdfb-4343-9004-9be15dfd844c,java/lang/Integer.java,toString
12acfc45-bdfb-4343-9004-9be15dfd844c,server/model/players/PlayerSave.java,saveGame,->,12acfc45-bdfb-4343-9004-9be15dfd844c,java/lang/Integer.java,toString
12acfc45-bdfb-4343-9004-9be15dfd844c,server/model/players/PlayerSave.java,saveGame,->,12acfc45-bdfb-4343-9004-9be15dfd844c,java/lang/String.java,length
12acfc45-bdfb-4343-9004-9be15dfd844c,server/model/players/PlayerSave.java,saveGame,->,12acfc45-bdfb-4343-9004-9be15dfd844c,java/io/BufferedWriter.java,write
12acfc45-bdfb-4343-9004-9be15dfd844c,server/model/players/PlayerSave.java,saveGame,->,12acfc45-bdfb-4343-9004-9be15dfd844c,java/io/BufferedWriter.java,write
12acfc45-bdfb-4343-9004-9be15dfd844c,server/model/players/PlayerSave.java,saveGame,->,12acfc45-bdfb-4343-9004-9be15dfd844c,java/lang/Integer.java,toString
12acfc45-bdfb-4343-9004-9be15dfd844c,server/model/players/PlayerSave.java,saveGame,->,12acfc45-bdfb-4343-9004-9be15dfd844c,java/lang/Integer.java,toString
12acfc45-bdfb-4343-9004-9be15dfd844c,server/model/players/PlayerSave.java,saveGame,->,12acfc45-bdfb-4343-9004-9be15dfd844c,java/lang/String.java,length
12acfc45-bdfb-4343-9004-9be15dfd844c,server/model/players/PlayerSave.java,saveGame,->,12acfc45-bdfb-4343-9004-9be15dfd844c,java/io/BufferedWriter.java,write
12acfc45-bdfb-4343-9004-9be15dfd844c,server/model/players/PlayerSave.java,saveGame,->,12acfc45-bdfb-4343-9004-9be15dfd844c,java/io/BufferedWriter.java,write
12acfc45-bdfb-4343-9004-9be15dfd844c,server/model/players/PlayerSave.java,saveGame,->,12acfc45-bdfb-4343-9004-9be15dfd844c,java/lang/Integer.java,toString
12acfc45-bdfb-4343-9004-9be15dfd844c,server/model/players/PlayerSave.java,saveGame,->,12acfc45-bdfb-4343-9004-9be15dfd844c,java/lang/Integer.java,toString
12acfc45-bdfb-4343-9004-9be15dfd844c,server/model/players/PlayerSave.java,saveGame,->,12acfc45-bdfb-4343-9004-9be15dfd844c,java/lang/String.java,length
12acfc45-bdfb-4343-9004-9be15dfd844c,server/model/players/PlayerSave.java,saveGame,->,12acfc45-bdfb-4343-9004-9be15dfd844c,java/io/BufferedWriter.java,write
12acfc45-bdfb-4343-9004-9be15dfd844c,server/model/players/PlayerSave.java,saveGame,->,12acfc45-bdfb-4343-9004-9be15dfd844c,java/io/BufferedWriter.java,newLine
12acfc45-bdfb-4343-9004-9be15dfd844c,server/model/players/PlayerSave.java,saveGame,->,12acfc45-bdfb-4343-9004-9be15dfd844c,java/io/BufferedWriter.java,newLine
12acfc45-bdfb-4343-9004-9be15dfd844c,server/model/players/PlayerSave.java,saveGame,->,12acfc45-bdfb-4343-9004-9be15dfd844c,java/io/BufferedWriter.java,write
12acfc45-bdfb-4343-9004-9be15dfd844c,server/model/players/PlayerSave.java,saveGame,->,12acfc45-bdfb-4343-9004-9be15dfd844c,java/io/BufferedWriter.java,newLine
12acfc45-bdfb-4343-9004-9be15dfd844c,server/model/players/PlayerSave.java,saveGame,->,12acfc45-bdfb-4343-9004-9be15dfd844c,java/io/BufferedWriter.java,write
12acfc45-bdfb-4343-9004-9be15dfd844c,server/model/players/PlayerSave.java,saveGame,->,12acfc45-bdfb-4343-9004-9be15dfd844c,java/lang/Integer.java,toString
12acfc45-bdfb-4343-9004-9be15dfd844c,server/model/players/PlayerSave.java,saveGame,->,12acfc45-bdfb-4343-9004-9be15dfd844c,java/lang/Integer.java,toString
12acfc45-bdfb-4343-9004-9be15dfd844c,server/model/players/PlayerSave.java,saveGame,->,12acfc45-bdfb-4343-9004-9be15dfd844c,java/lang/String.java,length
12acfc45-bdfb-4343-9004-9be15dfd844c,server/model/players/PlayerSave.java,saveGame,->,12acfc45-bdfb-4343-9004-9be15dfd844c,java/io/BufferedWriter.java,write
12acfc45-bdfb-4343-9004-9be15dfd844c,server/model/players/PlayerSave.java,saveGame,->,12acfc45-bdfb-4343-9004-9be15dfd844c,java/io/BufferedWriter.java,write
12acfc45-bdfb-4343-9004-9be15dfd844c,server/model/players/PlayerSave.java,saveGame,->,12acfc45-bdfb-4343-9004-9be15dfd844c,java/lang/Integer.java,toString
12acfc45-bdfb-4343-9004-9be15dfd844c,server/model/players/PlayerSave.java,saveGame,->,12acfc45-bdfb-4343-9004-9be15dfd844c,java/lang/Integer.java,toString
12acfc45-bdfb-4343-9004-9be15dfd844c,server/model/players/PlayerSave.java,saveGame,->,12acfc45-bdfb-4343-9004-9be15dfd844c,java/lang/String.java,length
12acfc45-bdfb-4343-9004-9be15dfd844c,server/model/players/PlayerSave.java,saveGame,->,12acfc45-bdfb-4343-9004-9be15dfd844c,java/io/BufferedWriter.java,write
12acfc45-bdfb-4343-9004-9be15dfd844c,server/model/players/PlayerSave.java,saveGame,->,12acfc45-bdfb-4343-9004-9be15dfd844c,java/io/BufferedWriter.java,write
12acfc45-bdfb-4343-9004-9be15dfd844c,server/model/players/PlayerSave.java,saveGame,->,12acfc45-bdfb-4343-9004-9be15dfd844c,java/lang/Integer.java,toString
12acfc45-bdfb-4343-9004-9be15dfd844c,server/model/players/PlayerSave.java,saveGame,->,12acfc45-bdfb-4343-9004-9be15dfd844c,java/lang/Integer.java,toString
12acfc45-bdfb-4343-9004-9be15dfd844c,server/model/players/PlayerSave.java,saveGame,->,12acfc45-bdfb-4343-9004-9be15dfd844c,java/lang/String.java,length
12acfc45-bdfb-4343-9004-9be15dfd844c,server/model/players/PlayerSave.java,saveGame,->,12acfc45-bdfb-4343-9004-9be15dfd844c,java/io/BufferedWriter.java,write
12acfc45-bdfb-4343-9004-9be15dfd844c,server/model/players/PlayerSave.java,saveGame,->,12acfc45-bdfb-4343-9004-9be15dfd844c,java/io/BufferedWriter.java,newLine
12acfc45-bdfb-4343-9004-9be15dfd844c,server/model/players/PlayerSave.java,saveGame,->,12acfc45-bdfb-4343-9004-9be15dfd844c,java/io/BufferedWriter.java,newLine
12acfc45-bdfb-4343-9004-9be15dfd844c,server/model/players/PlayerSave.java,saveGame,->,12acfc45-bdfb-4343-9004-9be15dfd844c,java/io/BufferedWriter.java,write
12acfc45-bdfb-4343-9004-9be15dfd844c,server/model/players/PlayerSave.java,saveGame,->,12acfc45-bdfb-4343-9004-9be15dfd844c,java/io/BufferedWriter.java,newLine
12acfc45-bdfb-4343-9004-9be15dfd844c,server/model/players/PlayerSave.java,saveGame,->,12acfc45-bdfb-4343-9004-9be15dfd844c,java/io/BufferedWriter.java,write
12acfc45-bdfb-4343-9004-9be15dfd844c,server/model/players/PlayerSave.java,saveGame,->,12acfc45-bdfb-4343-9004-9be15dfd844c,java/lang/Integer.java,toString
12acfc45-bdfb-4343-9004-9be15dfd844c,server/model/players/PlayerSave.java,saveGame,->,12acfc45-bdfb-4343-9004-9be15dfd844c,java/lang/Integer.java,toString
12acfc45-bdfb-4343-9004-9be15dfd844c,server/model/players/PlayerSave.java,saveGame,->,12acfc45-bdfb-4343-9004-9be15dfd844c,java/lang/String.java,length
12acfc45-bdfb-4343-9004-9be15dfd844c,server/model/players/PlayerSave.java,saveGame,->,12acfc45-bdfb-4343-9004-9be15dfd844c,java/io/BufferedWriter.java,write
12acfc45-bdfb-4343-9004-9be15dfd844c,server/model/players/PlayerSave.java,saveGame,->,12acfc45-bdfb-4343-9004-9be15dfd844c,java/io/BufferedWriter.java,write
12acfc45-bdfb-4343-9004-9be15dfd844c,server/model/players/PlayerSave.java,saveGame,->,12acfc45-bdfb-4343-9004-9be15dfd844c,java/lang/Integer.java,toString
12acfc45-bdfb-4343-9004-9be15dfd844c,server/model/players/PlayerSave.java,saveGame,->,12acfc45-bdfb-4343-9004-9be15dfd844c,java/lang/Integer.java,toString
12acfc45-bdfb-4343-9004-9be15dfd844c,server/model/players/PlayerSave.java,saveGame,->,12acfc45-bdfb-4343-9004-9be15dfd844c,java/lang/String.java,length
12acfc45-bdfb-4343-9004-9be15dfd844c,server/model/players/PlayerSave.java,saveGame,->,12acfc45-bdfb-4343-9004-9be15dfd844c,java/io/BufferedWriter.java,write
12acfc45-bdfb-4343-9004-9be15dfd844c,server/model/players/PlayerSave.java,saveGame,->,12acfc45-bdfb-4343-9004-9be15dfd844c,java/io/BufferedWriter.java,write
12acfc45-bdfb-4343-9004-9be15dfd844c,server/model/players/PlayerSave.java,saveGame,->,12acfc45-bdfb-4343-9004-9be15dfd844c,java/lang/Integer.java,toString
12acfc45-bdfb-4343-9004-9be15dfd844c,server/model/players/PlayerSave.java,saveGame,->,12acfc45-bdfb-4343-9004-9be15dfd844c,java/lang/Integer.java,toString
12acfc45-bdfb-4343-9004-9be15dfd844c,server/model/players/PlayerSave.java,saveGame,->,12acfc45-bdfb-4343-9004-9be15dfd844c,java/lang/String.java,length
12acfc45-bdfb-4343-9004-9be15dfd844c,server/model/players/PlayerSave.java,saveGame,->,12acfc45-bdfb-4343-9004-9be15dfd844c,java/io/BufferedWriter.java,write
12acfc45-bdfb-4343-9004-9be15dfd844c,server/model/players/PlayerSave.java,saveGame,->,12acfc45-bdfb-4343-9004-9be15dfd844c,java/io/BufferedWriter.java,newLine
12acfc45-bdfb-4343-9004-9be15dfd844c,server/model/players/PlayerSave.java,saveGame,->,12acfc45-bdfb-4343-9004-9be15dfd844c,java/io/BufferedWriter.java,newLine
12acfc45-bdfb-4343-9004-9be15dfd844c,server/model/players/PlayerSave.java,saveGame,->,12acfc45-bdfb-4343-9004-9be15dfd844c,java/io/BufferedWriter.java,write
12acfc45-bdfb-4343-9004-9be15dfd844c,server/model/players/PlayerSave.java,saveGame,->,12acfc45-bdfb-4343-9004-9be15dfd844c,java/io/BufferedWriter.java,newLine
12acfc45-bdfb-4343-9004-9be15dfd844c,server/model/players/PlayerSave.java,saveGame,->,12acfc45-bdfb-4343-9004-9be15dfd844c,java/io/BufferedWriter.java,write
12acfc45-bdfb-4343-9004-9be15dfd844c,server/model/players/PlayerSave.java,saveGame,->,12acfc45-bdfb-4343-9004-9be15dfd844c,java/lang/Integer.java,toString
12acfc45-bdfb-4343-9004-9be15dfd844c,server/model/players/PlayerSave.java,saveGame,->,12acfc45-bdfb-4343-9004-9be15dfd844c,java/lang/Integer.java,toString
12acfc45-bdfb-4343-9004-9be15dfd844c,server/model/players/PlayerSave.java,saveGame,->,12acfc45-bdfb-4343-9004-9be15dfd844c,java/lang/String.java,length
12acfc45-bdfb-4343-9004-9be15dfd844c,server/model/players/PlayerSave.java,saveGame,->,12acfc45-bdfb-4343-9004-9be15dfd844c,java/io/BufferedWriter.java,write
12acfc45-bdfb-4343-9004-9be15dfd844c,server/model/players/PlayerSave.java,saveGame,->,12acfc45-bdfb-4343-9004-9be15dfd844c,java/io/BufferedWriter.java,write
12acfc45-bdfb-4343-9004-9be15dfd844c,server/model/players/PlayerSave.java,saveGame,->,12acfc45-bdfb-4343-9004-9be15dfd844c,java/lang/StringBuilder.java,append
12acfc45-bdfb-4343-9004-9be15dfd844c,server/model/players/PlayerSave.java,saveGame,->,12acfc45-bdfb-4343-9004-9be15dfd844c,java/lang/StringBuilder.java,append
12acfc45-bdfb-4343-9004-9be15dfd844c,server/model/players/PlayerSave.java,saveGame,->,12acfc45-bdfb-4343-9004-9be15dfd844c,java/lang/StringBuilder.java,toString
12acfc45-bdfb-4343-9004-9be15dfd844c,server/model/players/PlayerSave.java,saveGame,->,12acfc45-bdfb-4343-9004-9be15dfd844c,java/io/BufferedWriter.java,write
12acfc45-bdfb-4343-9004-9be15dfd844c,server/model/players/PlayerSave.java,saveGame,->,12acfc45-bdfb-4343-9004-9be15dfd844c,java/io/BufferedWriter.java,newLine
12acfc45-bdfb-4343-9004-9be15dfd844c,server/model/players/PlayerSave.java,saveGame,->,12acfc45-bdfb-4343-9004-9be15dfd844c,java/io/BufferedWriter.java,newLine
12acfc45-bdfb-4343-9004-9be15dfd844c,server/model/players/PlayerSave.java,saveGame,->,12acfc45-bdfb-4343-9004-9be15dfd844c,java/io/BufferedWriter.java,write
12acfc45-bdfb-4343-9004-9be15dfd844c,server/model/players/PlayerSave.java,saveGame,->,12acfc45-bdfb-4343-9004-9be15dfd844c,java/io/BufferedWriter.java,newLine
12acfc45-bdfb-4343-9004-9be15dfd844c,server/model/players/PlayerSave.java,saveGame,->,12acfc45-bdfb-4343-9004-9be15dfd844c,java/io/BufferedWriter.java,newLine
12acfc45-bdfb-4343-9004-9be15dfd844c,server/model/players/PlayerSave.java,saveGame,->,12acfc45-bdfb-4343-9004-9be15dfd844c,java/io/BufferedWriter.java,close
12acfc45-bdfb-4343-9004-9be15dfd844c,server/model/players/PlayerSave.java,saveGame,->,12acfc45-bdfb-4343-9004-9be15dfd844c,java/lang/StringBuilder.java,append
12acfc45-bdfb-4343-9004-9be15dfd844c,server/model/players/PlayerSave.java,saveGame,->,12acfc45-bdfb-4343-9004-9be15dfd844c,java/lang/StringBuilder.java,append
12acfc45-bdfb-4343-9004-9be15dfd844c,server/model/players/PlayerSave.java,saveGame,->,12acfc45-bdfb-4343-9004-9be15dfd844c,java/lang/StringBuilder.java,toString
12acfc45-bdfb-4343-9004-9be15dfd844c,server/model/players/PlayerSave.java,saveGame,->,12acfc45-bdfb-4343-9004-9be15dfd844c,2c89cfe4-ed6d-446f-832b-3c203feb3155,cf0eb5d1-f945-4cc7-9eaa-55b858ed55c6
12acfc45-bdfb-4343-9004-9be15dfd844c,server/model/players/BankPin.java,dateExpired,->,12acfc45-bdfb-4343-9004-9be15dfd844c,server/model/players/BankPin.java,dateRequested
12acfc45-bdfb-4343-9004-9be15dfd844c,server/model/players/BankPin.java,dateRequested,->,12acfc45-bdfb-4343-9004-9be15dfd844c,java/util/Calendar.java,get
12acfc45-bdfb-4343-9004-9be15dfd844c,server/model/players/BankPin.java,dateRequested,->,12acfc45-bdfb-4343-9004-9be15dfd844c,java/util/Calendar.java,get
12acfc45-bdfb-4343-9004-9be15dfd844c,server/model/players/BankPin.java,dateRequested,->,12acfc45-bdfb-4343-9004-9be15dfd844c,java/util/Calendar.java,get
12acfc45-bdfb-4343-9004-9be15dfd844c,server/model/players/BankPin.java,closeBankPin,->,12acfc45-bdfb-4343-9004-9be15dfd844c,server/model/players/BankPin.java,falseButtons
12acfc45-bdfb-4343-9004-9be15dfd844c,server/model/players/BankPin.java,closeBankPin,->,12acfc45-bdfb-4343-9004-9be15dfd844c,server/model/players/Client.java,getPA
12acfc45-bdfb-4343-9004-9be15dfd844c,server/model/players/BankPin.java,closeBankPin,->,12acfc45-bdfb-4343-9004-9be15dfd844c,991eb2a8-284a-4290-ae08-f54cf8834706,3666955d-52b4-495d-880c-318d6383a5bb
12acfc45-bdfb-4343-9004-9be15dfd844c,server/model/players/BankPin.java,pinSettingFrames,->,12acfc45-bdfb-4343-9004-9be15dfd844c,server/model/players/Client.java,getPA
12acfc45-bdfb-4343-9004-9be15dfd844c,server/model/players/BankPin.java,pinSettingFrames,->,12acfc45-bdfb-4343-9004-9be15dfd844c,991eb2a8-284a-4290-ae08-f54cf8834706,609517a1-3a8b-4bd9-8623-3cae47c33a17
12acfc45-bdfb-4343-9004-9be15dfd844c,server/model/players/BankPin.java,pinSettingFrames,->,12acfc45-bdfb-4343-9004-9be15dfd844c,server/model/players/Client.java,getPA
12acfc45-bdfb-4343-9004-9be15dfd844c,server/model/players/BankPin.java,pinSettingFrames,->,12acfc45-bdfb-4343-9004-9be15dfd844c,991eb2a8-284a-4290-ae08-f54cf8834706,609517a1-3a8b-4bd9-8623-3cae47c33a17
12acfc45-bdfb-4343-9004-9be15dfd844c,server/model/players/BankPin.java,pinSettingFrames,->,12acfc45-bdfb-4343-9004-9be15dfd844c,server/model/players/Client.java,getPA
12acfc45-bdfb-4343-9004-9be15dfd844c,server/model/players/BankPin.java,pinSettingFrames,->,12acfc45-bdfb-4343-9004-9be15dfd844c,991eb2a8-284a-4290-ae08-f54cf8834706,609517a1-3a8b-4bd9-8623-3cae47c33a17
12acfc45-bdfb-4343-9004-9be15dfd844c,server/model/players/BankPin.java,pinSettingFrames,->,12acfc45-bdfb-4343-9004-9be15dfd844c,server/model/players/Client.java,getPA
12acfc45-bdfb-4343-9004-9be15dfd844c,server/model/players/BankPin.java,pinSettingFrames,->,12acfc45-bdfb-4343-9004-9be15dfd844c,991eb2a8-284a-4290-ae08-f54cf8834706,609517a1-3a8b-4bd9-8623-3cae47c33a17
12acfc45-bdfb-4343-9004-9be15dfd844c,server/model/players/BankPin.java,pinSettingFrames,->,12acfc45-bdfb-4343-9004-9be15dfd844c,server/model/players/Client.java,getPA
12acfc45-bdfb-4343-9004-9be15dfd844c,server/model/players/BankPin.java,pinSettingFrames,->,12acfc45-bdfb-4343-9004-9be15dfd844c,991eb2a8-284a-4290-ae08-f54cf8834706,609517a1-3a8b-4bd9-8623-3cae47c33a17
12acfc45-bdfb-4343-9004-9be15dfd844c,server/model/players/BankPin.java,pinSettingFrames,->,12acfc45-bdfb-4343-9004-9be15dfd844c,server/model/players/Client.java,getPA
12acfc45-bdfb-4343-9004-9be15dfd844c,server/model/players/BankPin.java,pinSettingFrames,->,12acfc45-bdfb-4343-9004-9be15dfd844c,991eb2a8-284a-4290-ae08-f54cf8834706,609517a1-3a8b-4bd9-8623-3cae47c33a17
12acfc45-bdfb-4343-9004-9be15dfd844c,server/model/players/BankPin.java,pinSettingFrames,->,12acfc45-bdfb-4343-9004-9be15dfd844c,server/model/players/Client.java,getPA
12acfc45-bdfb-4343-9004-9be15dfd844c,server/model/players/BankPin.java,pinSettingFrames,->,12acfc45-bdfb-4343-9004-9be15dfd844c,991eb2a8-284a-4290-ae08-f54cf8834706,609517a1-3a8b-4bd9-8623-3cae47c33a17
12acfc45-bdfb-4343-9004-9be15dfd844c,server/model/players/BankPin.java,pinSettingFrames,->,12acfc45-bdfb-4343-9004-9be15dfd844c,server/model/players/Client.java,getPA
12acfc45-bdfb-4343-9004-9be15dfd844c,server/model/players/BankPin.java,pinSettingFrames,->,12acfc45-bdfb-4343-9004-9be15dfd844c,991eb2a8-284a-4290-ae08-f54cf8834706,609517a1-3a8b-4bd9-8623-3cae47c33a17
12acfc45-bdfb-4343-9004-9be15dfd844c,server/model/players/BankPin.java,pinSettingFrames,->,12acfc45-bdfb-4343-9004-9be15dfd844c,server/model/players/Client.java,getPA
12acfc45-bdfb-4343-9004-9be15dfd844c,server/model/players/BankPin.java,pinSettingFrames,->,12acfc45-bdfb-4343-9004-9be15dfd844c,991eb2a8-284a-4290-ae08-f54cf8834706,609517a1-3a8b-4bd9-8623-3cae47c33a17
12acfc45-bdfb-4343-9004-9be15dfd844c,server/model/players/BankPin.java,pinSettingFrames,->,12acfc45-bdfb-4343-9004-9be15dfd844c,server/model/players/Client.java,getPA
12acfc45-bdfb-4343-9004-9be15dfd844c,server/model/players/BankPin.java,pinSettingFrames,->,12acfc45-bdfb-4343-9004-9be15dfd844c,991eb2a8-284a-4290-ae08-f54cf8834706,609517a1-3a8b-4bd9-8623-3cae47c33a17
12acfc45-bdfb-4343-9004-9be15dfd844c,server/model/players/BankPin.java,pinSettingFrames,->,12acfc45-bdfb-4343-9004-9be15dfd844c,server/model/players/Client.java,getPA
12acfc45-bdfb-4343-9004-9be15dfd844c,server/model/players/BankPin.java,pinSettingFrames,->,12acfc45-bdfb-4343-9004-9be15dfd844c,991eb2a8-284a-4290-ae08-f54cf8834706,609517a1-3a8b-4bd9-8623-3cae47c33a17
12acfc45-bdfb-4343-9004-9be15dfd844c,server/model/players/BankPin.java,pinSettingFrames,->,12acfc45-bdfb-4343-9004-9be15dfd844c,server/model/players/Client.java,getPA
12acfc45-bdfb-4343-9004-9be15dfd844c,server/model/players/BankPin.java,pinSettingFrames,->,12acfc45-bdfb-4343-9004-9be15dfd844c,991eb2a8-284a-4290-ae08-f54cf8834706,609517a1-3a8b-4bd9-8623-3cae47c33a17
12acfc45-bdfb-4343-9004-9be15dfd844c,server/model/players/BankPin.java,pinSettingFrames,->,12acfc45-bdfb-4343-9004-9be15dfd844c,server/model/players/Client.java,getPA
12acfc45-bdfb-4343-9004-9be15dfd844c,server/model/players/BankPin.java,pinSettingFrames,->,12acfc45-bdfb-4343-9004-9be15dfd844c,java/lang/StringBuilder.java,append
12acfc45-bdfb-4343-9004-9be15dfd844c,server/model/players/BankPin.java,pinSettingFrames,->,12acfc45-bdfb-4343-9004-9be15dfd844c,java/lang/StringBuilder.java,append
12acfc45-bdfb-4343-9004-9be15dfd844c,server/model/players/BankPin.java,pinSettingFrames,->,12acfc45-bdfb-4343-9004-9be15dfd844c,java/lang/StringBuilder.java,toString
12acfc45-bdfb-4343-9004-9be15dfd844c,server/model/players/BankPin.java,pinSettingFrames,->,12acfc45-bdfb-4343-9004-9be15dfd844c,991eb2a8-284a-4290-ae08-f54cf8834706,609517a1-3a8b-4bd9-8623-3cae47c33a17
12acfc45-bdfb-4343-9004-9be15dfd844c,server/model/players/BankPin.java,bankPinSettings,->,12acfc45-bdfb-4343-9004-9be15dfd844c,server/model/players/BankPin.java,pinSettingFrames
12acfc45-bdfb-4343-9004-9be15dfd844c,server/model/players/BankPin.java,bankPinSettings,->,12acfc45-bdfb-4343-9004-9be15dfd844c,server/model/players/Client.java,getPA
12acfc45-bdfb-4343-9004-9be15dfd844c,server/model/players/BankPin.java,bankPinSettings,->,12acfc45-bdfb-4343-9004-9be15dfd844c,server/model/players/PlayerAssistant.java,showInterface
12acfc45-bdfb-4343-9004-9be15dfd844c,server/model/players/BankPin.java,resetBankPin,->,12acfc45-bdfb-4343-9004-9be15dfd844c,server/model/players/BankPin.java,resetBankNumbers
12acfc45-bdfb-4343-9004-9be15dfd844c,server/model/players/BankPin.java,resetBankPin,->,12acfc45-bdfb-4343-9004-9be15dfd844c,server/model/players/BankPin.java,falseButtons
12acfc45-bdfb-4343-9004-9be15dfd844c,server/model/players/BankPin.java,resetBankPin,->,12acfc45-bdfb-4343-9004-9be15dfd844c,server/model/players/Client.java,getPA
12acfc45-bdfb-4343-9004-9be15dfd844c,server/model/players/BankPin.java,resetBankPin,->,12acfc45-bdfb-4343-9004-9be15dfd844c,991eb2a8-284a-4290-ae08-f54cf8834706,1f7845fa-db07-4b23-bcc9-ed7fd4f9ca8b
12acfc45-bdfb-4343-9004-9be15dfd844c,server/model/players/BankPin.java,bankPinEnter,->,12acfc45-bdfb-4343-9004-9be15dfd844c,java/lang/StringBuilder.java,append
12acfc45-bdfb-4343-9004-9be15dfd844c,server/model/players/BankPin.java,bankPinEnter,->,12acfc45-bdfb-4343-9004-9be15dfd844c,java/lang/StringBuilder.java,append
12acfc45-bdfb-4343-9004-9be15dfd844c,server/model/players/BankPin.java,bankPinEnter,->,12acfc45-bdfb-4343-9004-9be15dfd844c,java/lang/StringBuilder.java,append
12acfc45-bdfb-4343-9004-9be15dfd844c,server/model/players/BankPin.java,bankPinEnter,->,12acfc45-bdfb-4343-9004-9be15dfd844c,java/lang/StringBuilder.java,toString
12acfc45-bdfb-4343-9004-9be15dfd844c,server/model/players/BankPin.java,bankPinEnter,->,12acfc45-bdfb-4343-9004-9be15dfd844c,server/model/players/Client.java,sendMessage
12acfc45-bdfb-4343-9004-9be15dfd844c,server/model/players/BankPin.java,bankPinEnter,->,12acfc45-bdfb-4343-9004-9be15dfd844c,java/lang/StringBuilder.java,append
12acfc45-bdfb-4343-9004-9be15dfd844c,server/model/players/BankPin.java,bankPinEnter,->,12acfc45-bdfb-4343-9004-9be15dfd844c,java/lang/StringBuilder.java,append
12acfc45-bdfb-4343-9004-9be15dfd844c,server/model/players/BankPin.java,bankPinEnter,->,12acfc45-bdfb-4343-9004-9be15dfd844c,java/lang/StringBuilder.java,append
12acfc45-bdfb-4343-9004-9be15dfd844c,server/model/players/BankPin.java,bankPinEnter,->,12acfc45-bdfb-4343-9004-9be15dfd844c,java/lang/StringBuilder.java,toString
12acfc45-bdfb-4343-9004-9be15dfd844c,server/model/players/BankPin.java,bankPinEnter,->,12acfc45-bdfb-4343-9004-9be15dfd844c,server/model/players/Client.java,sendMessage
12acfc45-bdfb-4343-9004-9be15dfd844c,server/model/players/BankPin.java,bankPinEnter,->,12acfc45-bdfb-4343-9004-9be15dfd844c,server/model/players/Client.java,sendMessage
12acfc45-bdfb-4343-9004-9be15dfd844c,server/model/players/BankPin.java,bankPinEnter,->,12acfc45-bdfb-4343-9004-9be15dfd844c,server/model/players/BankPin.java,sendPins
12acfc45-bdfb-4343-9004-9be15dfd844c,server/model/players/BankPin.java,bankPinEnter,->,12acfc45-bdfb-4343-9004-9be15dfd844c,server/model/players/BankPin.java,handleButtonOne
12acfc45-bdfb-4343-9004-9be15dfd844c,server/model/players/BankPin.java,bankPinEnter,->,12acfc45-bdfb-4343-9004-9be15dfd844c,server/model/players/BankPin.java,handleButtonTwo
12acfc45-bdfb-4343-9004-9be15dfd844c,server/model/players/BankPin.java,bankPinEnter,->,12acfc45-bdfb-4343-9004-9be15dfd844c,server/model/players/BankPin.java,handleButtonThree
12acfc45-bdfb-4343-9004-9be15dfd844c,server/model/players/BankPin.java,bankPinEnter,->,12acfc45-bdfb-4343-9004-9be15dfd844c,server/model/players/BankPin.java,handleButtonFour
12acfc45-bdfb-4343-9004-9be15dfd844c,server/model/players/BankPin.java,openPin,->,12acfc45-bdfb-4343-9004-9be15dfd844c,server/model/players/Client.java,getPA
12acfc45-bdfb-4343-9004-9be15dfd844c,server/model/players/BankPin.java,openPin,->,12acfc45-bdfb-4343-9004-9be15dfd844c,991eb2a8-284a-4290-ae08-f54cf8834706,c92a2d90-1bdb-4dce-9e99-abbe1893ccbd
12acfc45-bdfb-4343-9004-9be15dfd844c,server/model/players/BankPin.java,openPin,->,12acfc45-bdfb-4343-9004-9be15dfd844c,server/model/players/BankPin.java,randomizeNumbers
12acfc45-bdfb-4343-9004-9be15dfd844c,server/model/players/BankPin.java,openPin,->,12acfc45-bdfb-4343-9004-9be15dfd844c,server/model/players/Client.java,getPA
12acfc45-bdfb-4343-9004-9be15dfd844c,server/model/players/BankPin.java,openPin,->,12acfc45-bdfb-4343-9004-9be15dfd844c,991eb2a8-284a-4290-ae08-f54cf8834706,609517a1-3a8b-4bd9-8623-3cae47c33a17
12acfc45-bdfb-4343-9004-9be15dfd844c,server/model/players/BankPin.java,openPin,->,12acfc45-bdfb-4343-9004-9be15dfd844c,server/model/players/Client.java,getPA
12acfc45-bdfb-4343-9004-9be15dfd844c,server/model/players/BankPin.java,openPin,->,12acfc45-bdfb-4343-9004-9be15dfd844c,991eb2a8-284a-4290-ae08-f54cf8834706,609517a1-3a8b-4bd9-8623-3cae47c33a17
12acfc45-bdfb-4343-9004-9be15dfd844c,server/model/players/BankPin.java,openPin,->,12acfc45-bdfb-4343-9004-9be15dfd844c,server/model/players/Client.java,getPA
12acfc45-bdfb-4343-9004-9be15dfd844c,server/model/players/BankPin.java,openPin,->,12acfc45-bdfb-4343-9004-9be15dfd844c,991eb2a8-284a-4290-ae08-f54cf8834706,609517a1-3a8b-4bd9-8623-3cae47c33a17
12acfc45-bdfb-4343-9004-9be15dfd844c,server/model/players/BankPin.java,openPin,->,12acfc45-bdfb-4343-9004-9be15dfd844c,server/model/players/Client.java,getPA
12acfc45-bdfb-4343-9004-9be15dfd844c,server/model/players/BankPin.java,openPin,->,12acfc45-bdfb-4343-9004-9be15dfd844c,server/model/players/PlayerAssistant.java,showInterface
12acfc45-bdfb-4343-9004-9be15dfd844c,server/model/players/BankPin.java,openPin,->,12acfc45-bdfb-4343-9004-9be15dfd844c,server/model/players/BankPin.java,sendPins
12acfc45-bdfb-4343-9004-9be15dfd844c,server/model/players/BankPin.java,sendPins,->,12acfc45-bdfb-4343-9004-9be15dfd844c,server/model/players/Client.java,getPA
12acfc45-bdfb-4343-9004-9be15dfd844c,server/model/players/BankPin.java,sendPins,->,12acfc45-bdfb-4343-9004-9be15dfd844c,991eb2a8-284a-4290-ae08-f54cf8834706,c92a2d90-1bdb-4dce-9e99-abbe1893ccbd
12acfc45-bdfb-4343-9004-9be15dfd844c,server/model/players/BankPin.java,sendPins,->,12acfc45-bdfb-4343-9004-9be15dfd844c,server/model/players/BankPin.java,getBankPins
12acfc45-bdfb-4343-9004-9be15dfd844c,server/model/players/BankPin.java,sendPins,->,12acfc45-bdfb-4343-9004-9be15dfd844c,server/model/players/Client.java,getPA
12acfc45-bdfb-4343-9004-9be15dfd844c,server/model/players/BankPin.java,sendPins,->,12acfc45-bdfb-4343-9004-9be15dfd844c,java/lang/StringBuilder.java,append
12acfc45-bdfb-4343-9004-9be15dfd844c,server/model/players/BankPin.java,sendPins,->,12acfc45-bdfb-4343-9004-9be15dfd844c,server/model/players/BankPin.java,getBankPins
12acfc45-bdfb-4343-9004-9be15dfd844c,server/model/players/BankPin.java,sendPins,->,12acfc45-bdfb-4343-9004-9be15dfd844c,java/lang/StringBuilder.java,append
12acfc45-bdfb-4343-9004-9be15dfd844c,server/model/players/BankPin.java,sendPins,->,12acfc45-bdfb-4343-9004-9be15dfd844c,java/lang/StringBuilder.java,toString
12acfc45-bdfb-4343-9004-9be15dfd844c,server/model/players/BankPin.java,sendPins,->,12acfc45-bdfb-4343-9004-9be15dfd844c,991eb2a8-284a-4290-ae08-f54cf8834706,609517a1-3a8b-4bd9-8623-3cae47c33a17
12acfc45-bdfb-4343-9004-9be15dfd844c,server/model/players/BankPin.java,handleButtonOne,->,12acfc45-bdfb-4343-9004-9be15dfd844c,server/model/players/Client.java,getPA
12acfc45-bdfb-4343-9004-9be15dfd844c,server/model/players/BankPin.java,handleButtonOne,->,12acfc45-bdfb-4343-9004-9be15dfd844c,991eb2a8-284a-4290-ae08-f54cf8834706,609517a1-3a8b-4bd9-8623-3cae47c33a17
12acfc45-bdfb-4343-9004-9be15dfd844c,server/model/players/BankPin.java,handleButtonOne,->,12acfc45-bdfb-4343-9004-9be15dfd844c,server/model/players/Client.java,getPA
12acfc45-bdfb-4343-9004-9be15dfd844c,server/model/players/BankPin.java,handleButtonOne,->,12acfc45-bdfb-4343-9004-9be15dfd844c,991eb2a8-284a-4290-ae08-f54cf8834706,609517a1-3a8b-4bd9-8623-3cae47c33a17
12acfc45-bdfb-4343-9004-9be15dfd844c,server/model/players/BankPin.java,handleButtonOne,->,12acfc45-bdfb-4343-9004-9be15dfd844c,server/model/players/BankPin.java,getActionButtons
12acfc45-bdfb-4343-9004-9be15dfd844c,server/model/players/BankPin.java,handleButtonOne,->,12acfc45-bdfb-4343-9004-9be15dfd844c,server/model/players/BankPin.java,getActionButtons
12acfc45-bdfb-4343-9004-9be15dfd844c,server/model/players/BankPin.java,handleButtonOne,->,12acfc45-bdfb-4343-9004-9be15dfd844c,server/model/players/BankPin.java,getBankPins
12acfc45-bdfb-4343-9004-9be15dfd844c,server/model/players/BankPin.java,handleButtonOne,->,12acfc45-bdfb-4343-9004-9be15dfd844c,server/model/players/BankPin.java,randomizeNumbers
12acfc45-bdfb-4343-9004-9be15dfd844c,server/model/players/BankPin.java,handleButtonTwo,->,12acfc45-bdfb-4343-9004-9be15dfd844c,server/model/players/Client.java,getPA
12acfc45-bdfb-4343-9004-9be15dfd844c,server/model/players/BankPin.java,handleButtonTwo,->,12acfc45-bdfb-4343-9004-9be15dfd844c,991eb2a8-284a-4290-ae08-f54cf8834706,609517a1-3a8b-4bd9-8623-3cae47c33a17
12acfc45-bdfb-4343-9004-9be15dfd844c,server/model/players/BankPin.java,handleButtonTwo,->,12acfc45-bdfb-4343-9004-9be15dfd844c,server/model/players/Client.java,getPA
12acfc45-bdfb-4343-9004-9be15dfd844c,server/model/players/BankPin.java,handleButtonTwo,->,12acfc45-bdfb-4343-9004-9be15dfd844c,991eb2a8-284a-4290-ae08-f54cf8834706,609517a1-3a8b-4bd9-8623-3cae47c33a17
12acfc45-bdfb-4343-9004-9be15dfd844c,server/model/players/BankPin.java,handleButtonTwo,->,12acfc45-bdfb-4343-9004-9be15dfd844c,server/model/players/BankPin.java,getActionButtons
12acfc45-bdfb-4343-9004-9be15dfd844c,server/model/players/BankPin.java,handleButtonTwo,->,12acfc45-bdfb-4343-9004-9be15dfd844c,server/model/players/BankPin.java,getActionButtons
12acfc45-bdfb-4343-9004-9be15dfd844c,server/model/players/BankPin.java,handleButtonTwo,->,12acfc45-bdfb-4343-9004-9be15dfd844c,server/model/players/BankPin.java,getBankPins
12acfc45-bdfb-4343-9004-9be15dfd844c,server/model/players/BankPin.java,handleButtonTwo,->,12acfc45-bdfb-4343-9004-9be15dfd844c,server/model/players/BankPin.java,randomizeNumbers
12acfc45-bdfb-4343-9004-9be15dfd844c,server/model/players/BankPin.java,handleButtonThree,->,12acfc45-bdfb-4343-9004-9be15dfd844c,server/model/players/Client.java,getPA
12acfc45-bdfb-4343-9004-9be15dfd844c,server/model/players/BankPin.java,handleButtonThree,->,12acfc45-bdfb-4343-9004-9be15dfd844c,991eb2a8-284a-4290-ae08-f54cf8834706,609517a1-3a8b-4bd9-8623-3cae47c33a17
12acfc45-bdfb-4343-9004-9be15dfd844c,server/model/players/BankPin.java,handleButtonThree,->,12acfc45-bdfb-4343-9004-9be15dfd844c,server/model/players/Client.java,getPA
12acfc45-bdfb-4343-9004-9be15dfd844c,server/model/players/BankPin.java,handleButtonThree,->,12acfc45-bdfb-4343-9004-9be15dfd844c,991eb2a8-284a-4290-ae08-f54cf8834706,609517a1-3a8b-4bd9-8623-3cae47c33a17
12acfc45-bdfb-4343-9004-9be15dfd844c,server/model/players/BankPin.java,handleButtonThree,->,12acfc45-bdfb-4343-9004-9be15dfd844c,server/model/players/BankPin.java,getActionButtons
12acfc45-bdfb-4343-9004-9be15dfd844c,server/model/players/BankPin.java,handleButtonThree,->,12acfc45-bdfb-4343-9004-9be15dfd844c,server/model/players/BankPin.java,getActionButtons
12acfc45-bdfb-4343-9004-9be15dfd844c,server/model/players/BankPin.java,handleButtonThree,->,12acfc45-bdfb-4343-9004-9be15dfd844c,server/model/players/BankPin.java,getBankPins
12acfc45-bdfb-4343-9004-9be15dfd844c,server/model/players/BankPin.java,handleButtonThree,->,12acfc45-bdfb-4343-9004-9be15dfd844c,server/model/players/BankPin.java,randomizeNumbers
12acfc45-bdfb-4343-9004-9be15dfd844c,server/model/players/BankPin.java,handleButtonFour,->,12acfc45-bdfb-4343-9004-9be15dfd844c,server/model/players/Client.java,getPA
12acfc45-bdfb-4343-9004-9be15dfd844c,server/model/players/BankPin.java,handleButtonFour,->,12acfc45-bdfb-4343-9004-9be15dfd844c,991eb2a8-284a-4290-ae08-f54cf8834706,c92a2d90-1bdb-4dce-9e99-abbe1893ccbd
12acfc45-bdfb-4343-9004-9be15dfd844c,server/model/players/BankPin.java,handleButtonFour,->,12acfc45-bdfb-4343-9004-9be15dfd844c,server/model/players/Client.java,getPA
12acfc45-bdfb-4343-9004-9be15dfd844c,server/model/players/BankPin.java,handleButtonFour,->,12acfc45-bdfb-4343-9004-9be15dfd844c,991eb2a8-284a-4290-ae08-f54cf8834706,609517a1-3a8b-4bd9-8623-3cae47c33a17
12acfc45-bdfb-4343-9004-9be15dfd844c,server/model/players/BankPin.java,handleButtonFour,->,12acfc45-bdfb-4343-9004-9be15dfd844c,server/model/players/BankPin.java,getActionButtons
12acfc45-bdfb-4343-9004-9be15dfd844c,server/model/players/BankPin.java,handleButtonFour,->,12acfc45-bdfb-4343-9004-9be15dfd844c,server/model/players/BankPin.java,getActionButtons
12acfc45-bdfb-4343-9004-9be15dfd844c,server/model/players/BankPin.java,handleButtonFour,->,12acfc45-bdfb-4343-9004-9be15dfd844c,server/model/players/BankPin.java,getBankPins
12acfc45-bdfb-4343-9004-9be15dfd844c,server/model/players/BankPin.java,handleButtonFour,->,12acfc45-bdfb-4343-9004-9be15dfd844c,server/model/players/Client.java,sendMessage
12acfc45-bdfb-4343-9004-9be15dfd844c,server/model/players/BankPin.java,handleButtonFour,->,12acfc45-bdfb-4343-9004-9be15dfd844c,java/lang/StringBuilder.java,append
12acfc45-bdfb-4343-9004-9be15dfd844c,server/model/players/BankPin.java,handleButtonFour,->,12acfc45-bdfb-4343-9004-9be15dfd844c,java/lang/StringBuilder.java,append
12acfc45-bdfb-4343-9004-9be15dfd844c,server/model/players/BankPin.java,handleButtonFour,->,12acfc45-bdfb-4343-9004-9be15dfd844c,java/lang/StringBuilder.java,append
12acfc45-bdfb-4343-9004-9be15dfd844c,server/model/players/BankPin.java,handleButtonFour,->,12acfc45-bdfb-4343-9004-9be15dfd844c,java/lang/StringBuilder.java,append
12acfc45-bdfb-4343-9004-9be15dfd844c,server/model/players/BankPin.java,handleButtonFour,->,12acfc45-bdfb-4343-9004-9be15dfd844c,java/lang/StringBuilder.java,append
12acfc45-bdfb-4343-9004-9be15dfd844c,server/model/players/BankPin.java,handleButtonFour,->,12acfc45-bdfb-4343-9004-9be15dfd844c,java/lang/StringBuilder.java,append
12acfc45-bdfb-4343-9004-9be15dfd844c,server/model/players/BankPin.java,handleButtonFour,->,12acfc45-bdfb-4343-9004-9be15dfd844c,java/lang/StringBuilder.java,append
12acfc45-bdfb-4343-9004-9be15dfd844c,server/model/players/BankPin.java,handleButtonFour,->,12acfc45-bdfb-4343-9004-9be15dfd844c,java/lang/StringBuilder.java,append
12acfc45-bdfb-4343-9004-9be15dfd844c,server/model/players/BankPin.java,handleButtonFour,->,12acfc45-bdfb-4343-9004-9be15dfd844c,java/lang/StringBuilder.java,toString
12acfc45-bdfb-4343-9004-9be15dfd844c,server/model/players/BankPin.java,handleButtonFour,->,12acfc45-bdfb-4343-9004-9be15dfd844c,server/model/players/Client.java,sendMessage
12acfc45-bdfb-4343-9004-9be15dfd844c,server/model/players/BankPin.java,handleButtonFour,->,12acfc45-bdfb-4343-9004-9be15dfd844c,server/model/players/BankPin.java,falseButtons
12acfc45-bdfb-4343-9004-9be15dfd844c,server/model/players/BankPin.java,handleButtonFour,->,12acfc45-bdfb-4343-9004-9be15dfd844c,server/model/players/Client.java,getPA
12acfc45-bdfb-4343-9004-9be15dfd844c,server/model/players/BankPin.java,handleButtonFour,->,12acfc45-bdfb-4343-9004-9be15dfd844c,991eb2a8-284a-4290-ae08-f54cf8834706,3666955d-52b4-495d-880c-318d6383a5bb
12acfc45-bdfb-4343-9004-9be15dfd844c,server/model/players/BankPin.java,handleButtonFour,->,12acfc45-bdfb-4343-9004-9be15dfd844c,server/model/players/Client.java,getPA
12acfc45-bdfb-4343-9004-9be15dfd844c,server/model/players/BankPin.java,handleButtonFour,->,12acfc45-bdfb-4343-9004-9be15dfd844c,991eb2a8-284a-4290-ae08-f54cf8834706,c92a2d90-1bdb-4dce-9e99-abbe1893ccbd
12acfc45-bdfb-4343-9004-9be15dfd844c,server/model/players/BankPin.java,handleButtonFour,->,12acfc45-bdfb-4343-9004-9be15dfd844c,java/lang/StringBuilder.java,append
12acfc45-bdfb-4343-9004-9be15dfd844c,server/model/players/BankPin.java,handleButtonFour,->,12acfc45-bdfb-4343-9004-9be15dfd844c,java/lang/StringBuilder.java,append
12acfc45-bdfb-4343-9004-9be15dfd844c,server/model/players/BankPin.java,handleButtonFour,->,12acfc45-bdfb-4343-9004-9be15dfd844c,java/lang/StringBuilder.java,append
12acfc45-bdfb-4343-9004-9be15dfd844c,server/model/players/BankPin.java,handleButtonFour,->,12acfc45-bdfb-4343-9004-9be15dfd844c,java/lang/StringBuilder.java,toString
12acfc45-bdfb-4343-9004-9be15dfd844c,server/model/players/BankPin.java,handleButtonFour,->,12acfc45-bdfb-4343-9004-9be15dfd844c,server/model/players/Client.java,sendMessage
12acfc45-bdfb-4343-9004-9be15dfd844c,server/model/players/BankPin.java,handleButtonFour,->,12acfc45-bdfb-4343-9004-9be15dfd844c,java/lang/StringBuilder.java,append
12acfc45-bdfb-4343-9004-9be15dfd844c,server/model/players/BankPin.java,handleButtonFour,->,12acfc45-bdfb-4343-9004-9be15dfd844c,java/lang/StringBuilder.java,append
12acfc45-bdfb-4343-9004-9be15dfd844c,server/model/players/BankPin.java,handleButtonFour,->,12acfc45-bdfb-4343-9004-9be15dfd844c,java/lang/StringBuilder.java,append
12acfc45-bdfb-4343-9004-9be15dfd844c,server/model/players/BankPin.java,handleButtonFour,->,12acfc45-bdfb-4343-9004-9be15dfd844c,java/lang/StringBuilder.java,toString
12acfc45-bdfb-4343-9004-9be15dfd844c,server/model/players/BankPin.java,handleButtonFour,->,12acfc45-bdfb-4343-9004-9be15dfd844c,server/model/players/Client.java,sendMessage
12acfc45-bdfb-4343-9004-9be15dfd844c,server/model/players/BankPin.java,handleButtonFour,->,12acfc45-bdfb-4343-9004-9be15dfd844c,server/model/players/Client.java,sendMessage
12acfc45-bdfb-4343-9004-9be15dfd844c,server/model/players/BankPin.java,handleButtonFour,->,12acfc45-bdfb-4343-9004-9be15dfd844c,server/model/players/Client.java,getPA
12acfc45-bdfb-4343-9004-9be15dfd844c,server/model/players/BankPin.java,handleButtonFour,->,12acfc45-bdfb-4343-9004-9be15dfd844c,991eb2a8-284a-4290-ae08-f54cf8834706,3666955d-52b4-495d-880c-318d6383a5bb
12acfc45-bdfb-4343-9004-9be15dfd844c,server/model/players/BankPin.java,handleButtonFour,->,12acfc45-bdfb-4343-9004-9be15dfd844c,server/model/players/BankPin.java,falseButtons
12acfc45-bdfb-4343-9004-9be15dfd844c,server/model/players/BankPin.java,randomizeNumbers,->,12acfc45-bdfb-4343-9004-9be15dfd844c,2c89cfe4-ed6d-446f-832b-3c203feb3155,12264cea-e176-47b1-b1bb-e3a14dc18d35
12acfc45-bdfb-4343-9004-9be15dfd844c,server/model/players/BankPin.java,randomizeNumbers,->,12acfc45-bdfb-4343-9004-9be15dfd844c,server/model/players/BankPin.java,sendPins
12acfc45-bdfb-4343-9004-9be15dfd844c,server/model/players/BankPin.java,toString,->,12acfc45-bdfb-4343-9004-9be15dfd844c,java/lang/StringBuilder.java,append
12acfc45-bdfb-4343-9004-9be15dfd844c,server/model/players/BankPin.java,toString,->,12acfc45-bdfb-4343-9004-9be15dfd844c,java/lang/StringBuilder.java,append
12acfc45-bdfb-4343-9004-9be15dfd844c,server/model/players/BankPin.java,toString,->,12acfc45-bdfb-4343-9004-9be15dfd844c,java/lang/StringBuilder.java,append
12acfc45-bdfb-4343-9004-9be15dfd844c,server/model/players/BankPin.java,toString,->,12acfc45-bdfb-4343-9004-9be15dfd844c,java/lang/StringBuilder.java,append
12acfc45-bdfb-4343-9004-9be15dfd844c,server/model/players/BankPin.java,toString,->,12acfc45-bdfb-4343-9004-9be15dfd844c,java/lang/StringBuilder.java,append
12acfc45-bdfb-4343-9004-9be15dfd844c,server/model/players/BankPin.java,toString,->,12acfc45-bdfb-4343-9004-9be15dfd844c,java/lang/StringBuilder.java,append
12acfc45-bdfb-4343-9004-9be15dfd844c,server/model/players/BankPin.java,toString,->,12acfc45-bdfb-4343-9004-9be15dfd844c,java/lang/StringBuilder.java,append
12acfc45-bdfb-4343-9004-9be15dfd844c,server/model/players/BankPin.java,toString,->,12acfc45-bdfb-4343-9004-9be15dfd844c,java/lang/StringBuilder.java,append
12acfc45-bdfb-4343-9004-9be15dfd844c,server/model/players/BankPin.java,toString,->,12acfc45-bdfb-4343-9004-9be15dfd844c,java/lang/StringBuilder.java,append
12acfc45-bdfb-4343-9004-9be15dfd844c,server/model/players/BankPin.java,toString,->,12acfc45-bdfb-4343-9004-9be15dfd844c,java/lang/StringBuilder.java,append
12acfc45-bdfb-4343-9004-9be15dfd844c,server/model/players/BankPin.java,toString,->,12acfc45-bdfb-4343-9004-9be15dfd844c,java/lang/StringBuilder.java,append
12acfc45-bdfb-4343-9004-9be15dfd844c,server/model/players/BankPin.java,toString,->,12acfc45-bdfb-4343-9004-9be15dfd844c,java/lang/StringBuilder.java,append
12acfc45-bdfb-4343-9004-9be15dfd844c,server/model/players/BankPin.java,toString,->,12acfc45-bdfb-4343-9004-9be15dfd844c,java/lang/StringBuilder.java,append
12acfc45-bdfb-4343-9004-9be15dfd844c,server/model/players/BankPin.java,toString,->,12acfc45-bdfb-4343-9004-9be15dfd844c,java/lang/StringBuilder.java,append
12acfc45-bdfb-4343-9004-9be15dfd844c,server/model/players/BankPin.java,toString,->,12acfc45-bdfb-4343-9004-9be15dfd844c,java/lang/StringBuilder.java,append
12acfc45-bdfb-4343-9004-9be15dfd844c,server/model/players/BankPin.java,toString,->,12acfc45-bdfb-4343-9004-9be15dfd844c,java/lang/StringBuilder.java,append
12acfc45-bdfb-4343-9004-9be15dfd844c,server/model/players/BankPin.java,toString,->,12acfc45-bdfb-4343-9004-9be15dfd844c,java/lang/StringBuilder.java,append
12acfc45-bdfb-4343-9004-9be15dfd844c,server/model/players/BankPin.java,toString,->,12acfc45-bdfb-4343-9004-9be15dfd844c,java/lang/StringBuilder.java,append
12acfc45-bdfb-4343-9004-9be15dfd844c,server/model/players/BankPin.java,toString,->,12acfc45-bdfb-4343-9004-9be15dfd844c,java/lang/StringBuilder.java,append
12acfc45-bdfb-4343-9004-9be15dfd844c,server/model/players/BankPin.java,toString,->,12acfc45-bdfb-4343-9004-9be15dfd844c,java/lang/StringBuilder.java,append
12acfc45-bdfb-4343-9004-9be15dfd844c,server/model/players/BankPin.java,toString,->,12acfc45-bdfb-4343-9004-9be15dfd844c,java/lang/StringBuilder.java,append
12acfc45-bdfb-4343-9004-9be15dfd844c,server/model/players/BankPin.java,toString,->,12acfc45-bdfb-4343-9004-9be15dfd844c,java/lang/StringBuilder.java,toString
12acfc45-bdfb-4343-9004-9be15dfd844c,server/model/players/Player.java,isRunning,->,12acfc45-bdfb-4343-9004-9be15dfd844c,server/model/players/Player.java,isNewWalkCmdIsRunning
12acfc45-bdfb-4343-9004-9be15dfd844c,server/model/players/Player.java,appendFaceNPCUpdate,->,12acfc45-bdfb-4343-9004-9be15dfd844c,server/util/Stream.java,writeWordBigEndian
12acfc45-bdfb-4343-9004-9be15dfd844c,server/model/players/Player.java,StartBestItemScan,->,12acfc45-bdfb-4343-9004-9be15dfd844c,server/model/players/Player.java,ItemKeptInfo
12acfc45-bdfb-4343-9004-9be15dfd844c,server/model/players/Player.java,StartBestItemScan,->,12acfc45-bdfb-4343-9004-9be15dfd844c,server/model/players/Player.java,FindItemKeptInfo
12acfc45-bdfb-4343-9004-9be15dfd844c,server/model/players/Player.java,StartBestItemScan,->,12acfc45-bdfb-4343-9004-9be15dfd844c,server/model/players/Player.java,ResetKeepItems
12acfc45-bdfb-4343-9004-9be15dfd844c,server/model/players/Player.java,StartBestItemScan,->,12acfc45-bdfb-4343-9004-9be15dfd844c,server/model/players/Player.java,BestItem1
12acfc45-bdfb-4343-9004-9be15dfd844c,server/model/players/Player.java,FindItemKeptInfo,->,12acfc45-bdfb-4343-9004-9be15dfd844c,server/model/players/Player.java,ItemKeptInfo
12acfc45-bdfb-4343-9004-9be15dfd844c,server/model/players/Player.java,FindItemKeptInfo,->,12acfc45-bdfb-4343-9004-9be15dfd844c,server/model/players/Player.java,ItemKeptInfo
12acfc45-bdfb-4343-9004-9be15dfd844c,server/model/players/Player.java,FindItemKeptInfo,->,12acfc45-bdfb-4343-9004-9be15dfd844c,server/model/players/Player.java,ItemKeptInfo
12acfc45-bdfb-4343-9004-9be15dfd844c,server/model/players/Player.java,ItemKeptInfo,->,12acfc45-bdfb-4343-9004-9be15dfd844c,server/model/players/Client.java,getPA
12acfc45-bdfb-4343-9004-9be15dfd844c,server/model/players/Player.java,ItemKeptInfo,->,12acfc45-bdfb-4343-9004-9be15dfd844c,991eb2a8-284a-4290-ae08-f54cf8834706,609517a1-3a8b-4bd9-8623-3cae47c33a17
12acfc45-bdfb-4343-9004-9be15dfd844c,server/model/players/Player.java,ItemKeptInfo,->,12acfc45-bdfb-4343-9004-9be15dfd844c,server/model/players/Client.java,getPA
12acfc45-bdfb-4343-9004-9be15dfd844c,server/model/players/Player.java,ItemKeptInfo,->,12acfc45-bdfb-4343-9004-9be15dfd844c,991eb2a8-284a-4290-ae08-f54cf8834706,609517a1-3a8b-4bd9-8623-3cae47c33a17
12acfc45-bdfb-4343-9004-9be15dfd844c,server/model/players/Player.java,ItemKeptInfo,->,12acfc45-bdfb-4343-9004-9be15dfd844c,server/model/players/Client.java,getPA
12acfc45-bdfb-4343-9004-9be15dfd844c,server/model/players/Player.java,ItemKeptInfo,->,12acfc45-bdfb-4343-9004-9be15dfd844c,991eb2a8-284a-4290-ae08-f54cf8834706,609517a1-3a8b-4bd9-8623-3cae47c33a17
12acfc45-bdfb-4343-9004-9be15dfd844c,server/model/players/Player.java,ItemKeptInfo,->,12acfc45-bdfb-4343-9004-9be15dfd844c,server/model/players/Client.java,getPA
12acfc45-bdfb-4343-9004-9be15dfd844c,server/model/players/Player.java,ItemKeptInfo,->,12acfc45-bdfb-4343-9004-9be15dfd844c,991eb2a8-284a-4290-ae08-f54cf8834706,609517a1-3a8b-4bd9-8623-3cae47c33a17
12acfc45-bdfb-4343-9004-9be15dfd844c,server/model/players/Player.java,ItemKeptInfo,->,12acfc45-bdfb-4343-9004-9be15dfd844c,server/model/players/Client.java,getPA
12acfc45-bdfb-4343-9004-9be15dfd844c,server/model/players/Player.java,ItemKeptInfo,->,12acfc45-bdfb-4343-9004-9be15dfd844c,991eb2a8-284a-4290-ae08-f54cf8834706,609517a1-3a8b-4bd9-8623-3cae47c33a17
12acfc45-bdfb-4343-9004-9be15dfd844c,server/model/players/Player.java,ItemKeptInfo,->,12acfc45-bdfb-4343-9004-9be15dfd844c,server/model/players/Client.java,getPA
12acfc45-bdfb-4343-9004-9be15dfd844c,server/model/players/Player.java,ItemKeptInfo,->,12acfc45-bdfb-4343-9004-9be15dfd844c,java/lang/StringBuilder.java,append
12acfc45-bdfb-4343-9004-9be15dfd844c,server/model/players/Player.java,ItemKeptInfo,->,12acfc45-bdfb-4343-9004-9be15dfd844c,java/lang/StringBuilder.java,append
12acfc45-bdfb-4343-9004-9be15dfd844c,server/model/players/Player.java,ItemKeptInfo,->,12acfc45-bdfb-4343-9004-9be15dfd844c,java/lang/StringBuilder.java,append
12acfc45-bdfb-4343-9004-9be15dfd844c,server/model/players/Player.java,ItemKeptInfo,->,12acfc45-bdfb-4343-9004-9be15dfd844c,java/lang/StringBuilder.java,toString
12acfc45-bdfb-4343-9004-9be15dfd844c,server/model/players/Player.java,ItemKeptInfo,->,12acfc45-bdfb-4343-9004-9be15dfd844c,991eb2a8-284a-4290-ae08-f54cf8834706,609517a1-3a8b-4bd9-8623-3cae47c33a17
12acfc45-bdfb-4343-9004-9be15dfd844c,server/model/players/Player.java,ItemKeptInfo,->,12acfc45-bdfb-4343-9004-9be15dfd844c,server/model/players/Client.java,getPA
12acfc45-bdfb-4343-9004-9be15dfd844c,server/model/players/Player.java,ItemKeptInfo,->,12acfc45-bdfb-4343-9004-9be15dfd844c,991eb2a8-284a-4290-ae08-f54cf8834706,609517a1-3a8b-4bd9-8623-3cae47c33a17
12acfc45-bdfb-4343-9004-9be15dfd844c,server/model/players/Player.java,ItemKeptInfo,->,12acfc45-bdfb-4343-9004-9be15dfd844c,server/model/players/Client.java,getPA
12acfc45-bdfb-4343-9004-9be15dfd844c,server/model/players/Player.java,ItemKeptInfo,->,12acfc45-bdfb-4343-9004-9be15dfd844c,991eb2a8-284a-4290-ae08-f54cf8834706,609517a1-3a8b-4bd9-8623-3cae47c33a17
12acfc45-bdfb-4343-9004-9be15dfd844c,server/model/players/Player.java,ItemKeptInfo,->,12acfc45-bdfb-4343-9004-9be15dfd844c,server/model/players/Client.java,getPA
12acfc45-bdfb-4343-9004-9be15dfd844c,server/model/players/Player.java,ItemKeptInfo,->,12acfc45-bdfb-4343-9004-9be15dfd844c,991eb2a8-284a-4290-ae08-f54cf8834706,609517a1-3a8b-4bd9-8623-3cae47c33a17
12acfc45-bdfb-4343-9004-9be15dfd844c,server/model/players/Player.java,ItemKeptInfo,->,12acfc45-bdfb-4343-9004-9be15dfd844c,server/model/players/Client.java,getPA
12acfc45-bdfb-4343-9004-9be15dfd844c,server/model/players/Player.java,ItemKeptInfo,->,12acfc45-bdfb-4343-9004-9be15dfd844c,991eb2a8-284a-4290-ae08-f54cf8834706,609517a1-3a8b-4bd9-8623-3cae47c33a17
12acfc45-bdfb-4343-9004-9be15dfd844c,server/model/players/Player.java,ItemKeptInfo,->,12acfc45-bdfb-4343-9004-9be15dfd844c,server/model/players/Client.java,getPA
12acfc45-bdfb-4343-9004-9be15dfd844c,server/model/players/Player.java,ItemKeptInfo,->,12acfc45-bdfb-4343-9004-9be15dfd844c,991eb2a8-284a-4290-ae08-f54cf8834706,609517a1-3a8b-4bd9-8623-3cae47c33a17
12acfc45-bdfb-4343-9004-9be15dfd844c,server/model/players/Player.java,ItemKeptInfo,->,12acfc45-bdfb-4343-9004-9be15dfd844c,server/model/players/Client.java,getPA
12acfc45-bdfb-4343-9004-9be15dfd844c,server/model/players/Player.java,ItemKeptInfo,->,12acfc45-bdfb-4343-9004-9be15dfd844c,991eb2a8-284a-4290-ae08-f54cf8834706,609517a1-3a8b-4bd9-8623-3cae47c33a17
12acfc45-bdfb-4343-9004-9be15dfd844c,server/model/players/Player.java,ItemKeptInfo,->,12acfc45-bdfb-4343-9004-9be15dfd844c,server/model/players/Client.java,getPA
12acfc45-bdfb-4343-9004-9be15dfd844c,server/model/players/Player.java,ItemKeptInfo,->,12acfc45-bdfb-4343-9004-9be15dfd844c,991eb2a8-284a-4290-ae08-f54cf8834706,609517a1-3a8b-4bd9-8623-3cae47c33a17
12acfc45-bdfb-4343-9004-9be15dfd844c,server/model/players/Player.java,ItemKeptInfo,->,12acfc45-bdfb-4343-9004-9be15dfd844c,server/model/players/Client.java,getPA
12acfc45-bdfb-4343-9004-9be15dfd844c,server/model/players/Player.java,ItemKeptInfo,->,12acfc45-bdfb-4343-9004-9be15dfd844c,991eb2a8-284a-4290-ae08-f54cf8834706,609517a1-3a8b-4bd9-8623-3cae47c33a17
12acfc45-bdfb-4343-9004-9be15dfd844c,server/model/players/Player.java,ItemKeptInfo,->,12acfc45-bdfb-4343-9004-9be15dfd844c,server/model/players/Client.java,getPA
12acfc45-bdfb-4343-9004-9be15dfd844c,server/model/players/Player.java,ItemKeptInfo,->,12acfc45-bdfb-4343-9004-9be15dfd844c,991eb2a8-284a-4290-ae08-f54cf8834706,609517a1-3a8b-4bd9-8623-3cae47c33a17
12acfc45-bdfb-4343-9004-9be15dfd844c,server/model/players/Player.java,ItemKeptInfo,->,12acfc45-bdfb-4343-9004-9be15dfd844c,server/model/players/Client.java,getPA
12acfc45-bdfb-4343-9004-9be15dfd844c,server/model/players/Player.java,ItemKeptInfo,->,12acfc45-bdfb-4343-9004-9be15dfd844c,991eb2a8-284a-4290-ae08-f54cf8834706,609517a1-3a8b-4bd9-8623-3cae47c33a17
12acfc45-bdfb-4343-9004-9be15dfd844c,server/model/players/Player.java,ItemKeptInfo,->,12acfc45-bdfb-4343-9004-9be15dfd844c,server/model/players/Client.java,getPA
12acfc45-bdfb-4343-9004-9be15dfd844c,server/model/players/Player.java,ItemKeptInfo,->,12acfc45-bdfb-4343-9004-9be15dfd844c,991eb2a8-284a-4290-ae08-f54cf8834706,609517a1-3a8b-4bd9-8623-3cae47c33a17
12acfc45-bdfb-4343-9004-9be15dfd844c,server/model/players/Player.java,ItemKeptInfo,->,12acfc45-bdfb-4343-9004-9be15dfd844c,server/model/players/Client.java,getPA
12acfc45-bdfb-4343-9004-9be15dfd844c,server/model/players/Player.java,ItemKeptInfo,->,12acfc45-bdfb-4343-9004-9be15dfd844c,991eb2a8-284a-4290-ae08-f54cf8834706,609517a1-3a8b-4bd9-8623-3cae47c33a17
12acfc45-bdfb-4343-9004-9be15dfd844c,server/model/players/Player.java,ItemKeptInfo,->,12acfc45-bdfb-4343-9004-9be15dfd844c,server/model/players/Client.java,getPA
12acfc45-bdfb-4343-9004-9be15dfd844c,server/model/players/Player.java,ItemKeptInfo,->,12acfc45-bdfb-4343-9004-9be15dfd844c,991eb2a8-284a-4290-ae08-f54cf8834706,609517a1-3a8b-4bd9-8623-3cae47c33a17
12acfc45-bdfb-4343-9004-9be15dfd844c,server/model/players/Player.java,ItemKeptInfo,->,12acfc45-bdfb-4343-9004-9be15dfd844c,server/model/players/Client.java,getPA
12acfc45-bdfb-4343-9004-9be15dfd844c,server/model/players/Player.java,ItemKeptInfo,->,12acfc45-bdfb-4343-9004-9be15dfd844c,991eb2a8-284a-4290-ae08-f54cf8834706,609517a1-3a8b-4bd9-8623-3cae47c33a17
12acfc45-bdfb-4343-9004-9be15dfd844c,server/model/players/Player.java,ItemKeptInfo,->,12acfc45-bdfb-4343-9004-9be15dfd844c,server/model/players/Client.java,getPA
12acfc45-bdfb-4343-9004-9be15dfd844c,server/model/players/Player.java,ItemKeptInfo,->,12acfc45-bdfb-4343-9004-9be15dfd844c,991eb2a8-284a-4290-ae08-f54cf8834706,609517a1-3a8b-4bd9-8623-3cae47c33a17
12acfc45-bdfb-4343-9004-9be15dfd844c,server/model/players/Player.java,ItemKeptInfo,->,12acfc45-bdfb-4343-9004-9be15dfd844c,server/model/players/Client.java,getPA
12acfc45-bdfb-4343-9004-9be15dfd844c,server/model/players/Player.java,ItemKeptInfo,->,12acfc45-bdfb-4343-9004-9be15dfd844c,991eb2a8-284a-4290-ae08-f54cf8834706,609517a1-3a8b-4bd9-8623-3cae47c33a17
12acfc45-bdfb-4343-9004-9be15dfd844c,server/model/players/Player.java,ItemKeptInfo,->,12acfc45-bdfb-4343-9004-9be15dfd844c,server/model/players/Client.java,getPA
12acfc45-bdfb-4343-9004-9be15dfd844c,server/model/players/Player.java,ItemKeptInfo,->,12acfc45-bdfb-4343-9004-9be15dfd844c,991eb2a8-284a-4290-ae08-f54cf8834706,609517a1-3a8b-4bd9-8623-3cae47c33a17
12acfc45-bdfb-4343-9004-9be15dfd844c,server/model/players/Player.java,ItemKeptInfo,->,12acfc45-bdfb-4343-9004-9be15dfd844c,server/model/players/Client.java,getPA
12acfc45-bdfb-4343-9004-9be15dfd844c,server/model/players/Player.java,ItemKeptInfo,->,12acfc45-bdfb-4343-9004-9be15dfd844c,991eb2a8-284a-4290-ae08-f54cf8834706,609517a1-3a8b-4bd9-8623-3cae47c33a17
12acfc45-bdfb-4343-9004-9be15dfd844c,server/model/players/Player.java,ItemKeptInfo,->,12acfc45-bdfb-4343-9004-9be15dfd844c,server/model/players/Client.java,getPA
12acfc45-bdfb-4343-9004-9be15dfd844c,server/model/players/Player.java,ItemKeptInfo,->,12acfc45-bdfb-4343-9004-9be15dfd844c,991eb2a8-284a-4290-ae08-f54cf8834706,609517a1-3a8b-4bd9-8623-3cae47c33a17
12acfc45-bdfb-4343-9004-9be15dfd844c,server/model/players/Player.java,ItemKeptInfo,->,12acfc45-bdfb-4343-9004-9be15dfd844c,server/model/players/Client.java,getPA
12acfc45-bdfb-4343-9004-9be15dfd844c,server/model/players/Player.java,ItemKeptInfo,->,12acfc45-bdfb-4343-9004-9be15dfd844c,991eb2a8-284a-4290-ae08-f54cf8834706,609517a1-3a8b-4bd9-8623-3cae47c33a17
12acfc45-bdfb-4343-9004-9be15dfd844c,server/model/players/Player.java,ItemKeptInfo,->,12acfc45-bdfb-4343-9004-9be15dfd844c,server/model/players/Client.java,getPA
12acfc45-bdfb-4343-9004-9be15dfd844c,server/model/players/Player.java,ItemKeptInfo,->,12acfc45-bdfb-4343-9004-9be15dfd844c,991eb2a8-284a-4290-ae08-f54cf8834706,609517a1-3a8b-4bd9-8623-3cae47c33a17
12acfc45-bdfb-4343-9004-9be15dfd844c,server/model/players/Player.java,ItemKeptInfo,->,12acfc45-bdfb-4343-9004-9be15dfd844c,server/model/players/Client.java,getPA
12acfc45-bdfb-4343-9004-9be15dfd844c,server/model/players/Player.java,ItemKeptInfo,->,12acfc45-bdfb-4343-9004-9be15dfd844c,991eb2a8-284a-4290-ae08-f54cf8834706,609517a1-3a8b-4bd9-8623-3cae47c33a17
12acfc45-bdfb-4343-9004-9be15dfd844c,server/model/players/Player.java,ItemKeptInfo,->,12acfc45-bdfb-4343-9004-9be15dfd844c,server/model/players/Client.java,getPA
12acfc45-bdfb-4343-9004-9be15dfd844c,server/model/players/Player.java,ItemKeptInfo,->,12acfc45-bdfb-4343-9004-9be15dfd844c,991eb2a8-284a-4290-ae08-f54cf8834706,609517a1-3a8b-4bd9-8623-3cae47c33a17
12acfc45-bdfb-4343-9004-9be15dfd844c,server/model/players/Player.java,ItemKeptInfo,->,12acfc45-bdfb-4343-9004-9be15dfd844c,server/model/players/Client.java,getPA
12acfc45-bdfb-4343-9004-9be15dfd844c,server/model/players/Player.java,ItemKeptInfo,->,12acfc45-bdfb-4343-9004-9be15dfd844c,991eb2a8-284a-4290-ae08-f54cf8834706,609517a1-3a8b-4bd9-8623-3cae47c33a17
12acfc45-bdfb-4343-9004-9be15dfd844c,server/model/players/Player.java,ItemKeptInfo,->,12acfc45-bdfb-4343-9004-9be15dfd844c,server/model/players/Client.java,getPA
12acfc45-bdfb-4343-9004-9be15dfd844c,server/model/players/Player.java,ItemKeptInfo,->,12acfc45-bdfb-4343-9004-9be15dfd844c,991eb2a8-284a-4290-ae08-f54cf8834706,609517a1-3a8b-4bd9-8623-3cae47c33a17
12acfc45-bdfb-4343-9004-9be15dfd844c,server/model/players/Player.java,ItemKeptInfo,->,12acfc45-bdfb-4343-9004-9be15dfd844c,server/model/players/Client.java,getPA
12acfc45-bdfb-4343-9004-9be15dfd844c,server/model/players/Player.java,ItemKeptInfo,->,12acfc45-bdfb-4343-9004-9be15dfd844c,991eb2a8-284a-4290-ae08-f54cf8834706,609517a1-3a8b-4bd9-8623-3cae47c33a17
12acfc45-bdfb-4343-9004-9be15dfd844c,server/model/players/Player.java,ItemKeptInfo,->,12acfc45-bdfb-4343-9004-9be15dfd844c,server/model/players/Client.java,getPA
12acfc45-bdfb-4343-9004-9be15dfd844c,server/model/players/Player.java,ItemKeptInfo,->,12acfc45-bdfb-4343-9004-9be15dfd844c,991eb2a8-284a-4290-ae08-f54cf8834706,609517a1-3a8b-4bd9-8623-3cae47c33a17
12acfc45-bdfb-4343-9004-9be15dfd844c,server/model/players/Player.java,ItemKeptInfo,->,12acfc45-bdfb-4343-9004-9be15dfd844c,server/model/players/Client.java,getPA
12acfc45-bdfb-4343-9004-9be15dfd844c,server/model/players/Player.java,ItemKeptInfo,->,12acfc45-bdfb-4343-9004-9be15dfd844c,991eb2a8-284a-4290-ae08-f54cf8834706,609517a1-3a8b-4bd9-8623-3cae47c33a17
12acfc45-bdfb-4343-9004-9be15dfd844c,server/model/players/Player.java,ItemKeptInfo,->,12acfc45-bdfb-4343-9004-9be15dfd844c,server/model/players/Client.java,getPA
12acfc45-bdfb-4343-9004-9be15dfd844c,server/model/players/Player.java,ItemKeptInfo,->,12acfc45-bdfb-4343-9004-9be15dfd844c,991eb2a8-284a-4290-ae08-f54cf8834706,609517a1-3a8b-4bd9-8623-3cae47c33a17
12acfc45-bdfb-4343-9004-9be15dfd844c,server/model/players/Player.java,BestItem1,->,12acfc45-bdfb-4343-9004-9be15dfd844c,server/model/players/Client.java,getShops
12acfc45-bdfb-4343-9004-9be15dfd844c,server/model/players/Player.java,BestItem1,->,12acfc45-bdfb-4343-9004-9be15dfd844c,server/model/shops/ShopAssistant.java,getItemShopValue
12acfc45-bdfb-4343-9004-9be15dfd844c,server/model/players/Player.java,BestItem1,->,12acfc45-bdfb-4343-9004-9be15dfd844c,java/lang/Math.java,floor
12acfc45-bdfb-4343-9004-9be15dfd844c,server/model/players/Player.java,BestItem1,->,12acfc45-bdfb-4343-9004-9be15dfd844c,server/model/players/Client.java,getShops
12acfc45-bdfb-4343-9004-9be15dfd844c,server/model/players/Player.java,BestItem1,->,12acfc45-bdfb-4343-9004-9be15dfd844c,server/model/shops/ShopAssistant.java,getItemShopValue
12acfc45-bdfb-4343-9004-9be15dfd844c,server/model/players/Player.java,BestItem1,->,12acfc45-bdfb-4343-9004-9be15dfd844c,java/lang/Math.java,floor
12acfc45-bdfb-4343-9004-9be15dfd844c,server/model/players/Player.java,BestItem1,->,12acfc45-bdfb-4343-9004-9be15dfd844c,server/model/players/Player.java,BestItem2
12acfc45-bdfb-4343-9004-9be15dfd844c,server/model/players/Player.java,BestItem2,->,12acfc45-bdfb-4343-9004-9be15dfd844c,server/model/players/Client.java,getShops
12acfc45-bdfb-4343-9004-9be15dfd844c,server/model/players/Player.java,BestItem2,->,12acfc45-bdfb-4343-9004-9be15dfd844c,server/model/shops/ShopAssistant.java,getItemShopValue
12acfc45-bdfb-4343-9004-9be15dfd844c,server/model/players/Player.java,BestItem2,->,12acfc45-bdfb-4343-9004-9be15dfd844c,java/lang/Math.java,floor
12acfc45-bdfb-4343-9004-9be15dfd844c,server/model/players/Player.java,BestItem2,->,12acfc45-bdfb-4343-9004-9be15dfd844c,server/model/players/Client.java,getShops
12acfc45-bdfb-4343-9004-9be15dfd844c,server/model/players/Player.java,BestItem2,->,12acfc45-bdfb-4343-9004-9be15dfd844c,server/model/shops/ShopAssistant.java,getItemShopValue
12acfc45-bdfb-4343-9004-9be15dfd844c,server/model/players/Player.java,BestItem2,->,12acfc45-bdfb-4343-9004-9be15dfd844c,java/lang/Math.java,floor
12acfc45-bdfb-4343-9004-9be15dfd844c,server/model/players/Player.java,BestItem2,->,12acfc45-bdfb-4343-9004-9be15dfd844c,server/model/players/Player.java,BestItem3
12acfc45-bdfb-4343-9004-9be15dfd844c,server/model/players/Player.java,BestItem3,->,12acfc45-bdfb-4343-9004-9be15dfd844c,server/model/players/Client.java,getShops
12acfc45-bdfb-4343-9004-9be15dfd844c,server/model/players/Player.java,BestItem3,->,12acfc45-bdfb-4343-9004-9be15dfd844c,server/model/shops/ShopAssistant.java,getItemShopValue
12acfc45-bdfb-4343-9004-9be15dfd844c,server/model/players/Player.java,BestItem3,->,12acfc45-bdfb-4343-9004-9be15dfd844c,java/lang/Math.java,floor
12acfc45-bdfb-4343-9004-9be15dfd844c,server/model/players/Player.java,BestItem3,->,12acfc45-bdfb-4343-9004-9be15dfd844c,server/model/players/Client.java,getShops
12acfc45-bdfb-4343-9004-9be15dfd844c,server/model/players/Player.java,BestItem3,->,12acfc45-bdfb-4343-9004-9be15dfd844c,server/model/shops/ShopAssistant.java,getItemShopValue
12acfc45-bdfb-4343-9004-9be15dfd844c,server/model/players/Player.java,BestItem3,->,12acfc45-bdfb-4343-9004-9be15dfd844c,java/lang/Math.java,floor
12acfc45-bdfb-4343-9004-9be15dfd844c,server/model/players/Player.java,BestItem3,->,12acfc45-bdfb-4343-9004-9be15dfd844c,server/model/players/Player.java,BestItem4
12acfc45-bdfb-4343-9004-9be15dfd844c,server/model/players/Player.java,BestItem4,->,12acfc45-bdfb-4343-9004-9be15dfd844c,server/model/players/Client.java,getShops
12acfc45-bdfb-4343-9004-9be15dfd844c,server/model/players/Player.java,BestItem4,->,12acfc45-bdfb-4343-9004-9be15dfd844c,server/model/shops/ShopAssistant.java,getItemShopValue
12acfc45-bdfb-4343-9004-9be15dfd844c,server/model/players/Player.java,BestItem4,->,12acfc45-bdfb-4343-9004-9be15dfd844c,java/lang/Math.java,floor
12acfc45-bdfb-4343-9004-9be15dfd844c,server/model/players/Player.java,BestItem4,->,12acfc45-bdfb-4343-9004-9be15dfd844c,server/model/players/Client.java,getShops
12acfc45-bdfb-4343-9004-9be15dfd844c,server/model/players/Player.java,BestItem4,->,12acfc45-bdfb-4343-9004-9be15dfd844c,server/model/shops/ShopAssistant.java,getItemShopValue
12acfc45-bdfb-4343-9004-9be15dfd844c,server/model/players/Player.java,BestItem4,->,12acfc45-bdfb-4343-9004-9be15dfd844c,java/lang/Math.java,floor
12acfc45-bdfb-4343-9004-9be15dfd844c,server/model/players/Player.java,assignAutocast,->,12acfc45-bdfb-4343-9004-9be15dfd844c,server/model/players/Client.java,getPA
12acfc45-bdfb-4343-9004-9be15dfd844c,server/model/players/Player.java,assignAutocast,->,12acfc45-bdfb-4343-9004-9be15dfd844c,991eb2a8-284a-4290-ae08-f54cf8834706,27bd7aec-abd0-4844-9935-efefbf7019b2
12acfc45-bdfb-4343-9004-9be15dfd844c,server/model/players/Player.java,assignAutocast,->,12acfc45-bdfb-4343-9004-9be15dfd844c,server/model/players/Client.java,setSidebarInterface
12acfc45-bdfb-4343-9004-9be15dfd844c,server/model/players/Player.java,getLocalX,->,12acfc45-bdfb-4343-9004-9be15dfd844c,server/model/players/Player.java,getX
12acfc45-bdfb-4343-9004-9be15dfd844c,server/model/players/Player.java,getLocalX,->,12acfc45-bdfb-4343-9004-9be15dfd844c,server/model/players/Player.java,getMapRegionX
12acfc45-bdfb-4343-9004-9be15dfd844c,server/model/players/Player.java,getLocalY,->,12acfc45-bdfb-4343-9004-9be15dfd844c,server/model/players/Player.java,getY
12acfc45-bdfb-4343-9004-9be15dfd844c,server/model/players/Player.java,getLocalY,->,12acfc45-bdfb-4343-9004-9be15dfd844c,server/model/players/Player.java,getMapRegionY
12acfc45-bdfb-4343-9004-9be15dfd844c,server/model/players/Player.java,updateshop,->,12acfc45-bdfb-4343-9004-9be15dfd844c,server/model/players/Client.java,getShops
12acfc45-bdfb-4343-9004-9be15dfd844c,server/model/players/Player.java,updateshop,->,12acfc45-bdfb-4343-9004-9be15dfd844c,server/model/shops/ShopAssistant.java,resetShop
12acfc45-bdfb-4343-9004-9be15dfd844c,server/model/players/Player.java,println_debug,->,12acfc45-bdfb-4343-9004-9be15dfd844c,java/lang/StringBuilder.java,append
12acfc45-bdfb-4343-9004-9be15dfd844c,server/model/players/Player.java,println_debug,->,12acfc45-bdfb-4343-9004-9be15dfd844c,java/lang/StringBuilder.java,append
12acfc45-bdfb-4343-9004-9be15dfd844c,server/model/players/Player.java,println_debug,->,12acfc45-bdfb-4343-9004-9be15dfd844c,java/lang/StringBuilder.java,append
12acfc45-bdfb-4343-9004-9be15dfd844c,server/model/players/Player.java,println_debug,->,12acfc45-bdfb-4343-9004-9be15dfd844c,java/lang/StringBuilder.java,append
12acfc45-bdfb-4343-9004-9be15dfd844c,server/model/players/Player.java,println_debug,->,12acfc45-bdfb-4343-9004-9be15dfd844c,java/lang/StringBuilder.java,toString
12acfc45-bdfb-4343-9004-9be15dfd844c,server/model/players/Player.java,println_debug,->,12acfc45-bdfb-4343-9004-9be15dfd844c,java/io/PrintStream.java,println
12acfc45-bdfb-4343-9004-9be15dfd844c,server/model/players/Player.java,println,->,12acfc45-bdfb-4343-9004-9be15dfd844c,java/lang/StringBuilder.java,append
12acfc45-bdfb-4343-9004-9be15dfd844c,server/model/players/Player.java,println,->,12acfc45-bdfb-4343-9004-9be15dfd844c,java/lang/StringBuilder.java,append
12acfc45-bdfb-4343-9004-9be15dfd844c,server/model/players/Player.java,println,->,12acfc45-bdfb-4343-9004-9be15dfd844c,java/lang/StringBuilder.java,append
12acfc45-bdfb-4343-9004-9be15dfd844c,server/model/players/Player.java,println,->,12acfc45-bdfb-4343-9004-9be15dfd844c,java/lang/StringBuilder.java,append
12acfc45-bdfb-4343-9004-9be15dfd844c,server/model/players/Player.java,println,->,12acfc45-bdfb-4343-9004-9be15dfd844c,java/lang/StringBuilder.java,toString
12acfc45-bdfb-4343-9004-9be15dfd844c,server/model/players/Player.java,println,->,12acfc45-bdfb-4343-9004-9be15dfd844c,java/io/PrintStream.java,println
12acfc45-bdfb-4343-9004-9be15dfd844c,server/model/players/Player.java,destruct,->,12acfc45-bdfb-4343-9004-9be15dfd844c,server/model/players/Player.java,resetWalkingQueue
12acfc45-bdfb-4343-9004-9be15dfd844c,server/model/players/Player.java,withinDistance,->,12acfc45-bdfb-4343-9004-9be15dfd844c,server/model/players/Player.java,getHeightLevel
12acfc45-bdfb-4343-9004-9be15dfd844c,server/model/players/Player.java,withinDistance,->,12acfc45-bdfb-4343-9004-9be15dfd844c,server/model/players/Player.java,getX
12acfc45-bdfb-4343-9004-9be15dfd844c,server/model/players/Player.java,withinDistance,->,12acfc45-bdfb-4343-9004-9be15dfd844c,server/model/players/Player.java,getY
12acfc45-bdfb-4343-9004-9be15dfd844c,server/model/players/Player.java,distanceToPoint,->,12acfc45-bdfb-4343-9004-9be15dfd844c,java/lang/Math.java,pow
12acfc45-bdfb-4343-9004-9be15dfd844c,server/model/players/Player.java,distanceToPoint,->,12acfc45-bdfb-4343-9004-9be15dfd844c,java/lang/Math.java,pow
12acfc45-bdfb-4343-9004-9be15dfd844c,server/model/players/Player.java,distanceToPoint,->,12acfc45-bdfb-4343-9004-9be15dfd844c,java/lang/Math.java,sqrt
12acfc45-bdfb-4343-9004-9be15dfd844c,server/model/players/Player.java,getNextWalkingDirection,->,12acfc45-bdfb-4343-9004-9be15dfd844c,2c89cfe4-ed6d-446f-832b-3c203feb3155,05de951b-2fa8-4121-99ee-ce604b8bd631
12acfc45-bdfb-4343-9004-9be15dfd844c,server/model/players/Player.java,getNextWalkingDirection,->,12acfc45-bdfb-4343-9004-9be15dfd844c,server/model/players/Player.java,println_debug
12acfc45-bdfb-4343-9004-9be15dfd844c,server/model/players/Player.java,getNextWalkingDirection,->,12acfc45-bdfb-4343-9004-9be15dfd844c,server/model/players/Player.java,resetWalkingQueue
12acfc45-bdfb-4343-9004-9be15dfd844c,server/model/players/Player.java,getNextWalkingDirection,->,12acfc45-bdfb-4343-9004-9be15dfd844c,server/model/players/Player.java,isRunning
12acfc45-bdfb-4343-9004-9be15dfd844c,server/model/players/Player.java,getNextWalkingDirection,->,12acfc45-bdfb-4343-9004-9be15dfd844c,server/model/players/Client.java,getPA
12acfc45-bdfb-4343-9004-9be15dfd844c,server/model/players/Player.java,getNextWalkingDirection,->,12acfc45-bdfb-4343-9004-9be15dfd844c,java/lang/StringBuilder.java,append
12acfc45-bdfb-4343-9004-9be15dfd844c,server/model/players/Player.java,getNextWalkingDirection,->,12acfc45-bdfb-4343-9004-9be15dfd844c,java/lang/StringBuilder.java,append
12acfc45-bdfb-4343-9004-9be15dfd844c,server/model/players/Player.java,getNextWalkingDirection,->,12acfc45-bdfb-4343-9004-9be15dfd844c,java/lang/StringBuilder.java,toString
12acfc45-bdfb-4343-9004-9be15dfd844c,server/model/players/Player.java,getNextWalkingDirection,->,12acfc45-bdfb-4343-9004-9be15dfd844c,991eb2a8-284a-4290-ae08-f54cf8834706,609517a1-3a8b-4bd9-8623-3cae47c33a17
12acfc45-bdfb-4343-9004-9be15dfd844c,server/model/players/Player.java,getNextWalkingDirection,->,12acfc45-bdfb-4343-9004-9be15dfd844c,server/model/players/Client.java,getPA
12acfc45-bdfb-4343-9004-9be15dfd844c,server/model/players/Player.java,getNextWalkingDirection,->,12acfc45-bdfb-4343-9004-9be15dfd844c,991eb2a8-284a-4290-ae08-f54cf8834706,a42fbaf6-b891-4c83-82d8-8774dabec564
12acfc45-bdfb-4343-9004-9be15dfd844c,server/model/players/Player.java,getNextPlayerMovement,->,12acfc45-bdfb-4343-9004-9be15dfd844c,server/model/players/Player.java,resetWalkingQueue
12acfc45-bdfb-4343-9004-9be15dfd844c,server/model/players/Player.java,getNextPlayerMovement,->,12acfc45-bdfb-4343-9004-9be15dfd844c,server/model/players/Player.java,getNextWalkingDirection
12acfc45-bdfb-4343-9004-9be15dfd844c,server/model/players/Player.java,getNextPlayerMovement,->,12acfc45-bdfb-4343-9004-9be15dfd844c,server/model/players/Player.java,getNextWalkingDirection
12acfc45-bdfb-4343-9004-9be15dfd844c,server/model/players/Player.java,updateThisPlayerMovement,->,12acfc45-bdfb-4343-9004-9be15dfd844c,server/util/Stream.java,createFrame
12acfc45-bdfb-4343-9004-9be15dfd844c,server/model/players/Player.java,updateThisPlayerMovement,->,12acfc45-bdfb-4343-9004-9be15dfd844c,server/util/Stream.java,writeWordA
12acfc45-bdfb-4343-9004-9be15dfd844c,server/model/players/Player.java,updateThisPlayerMovement,->,12acfc45-bdfb-4343-9004-9be15dfd844c,server/util/Stream.java,writeWord
12acfc45-bdfb-4343-9004-9be15dfd844c,server/model/players/Player.java,updateThisPlayerMovement,->,12acfc45-bdfb-4343-9004-9be15dfd844c,server/util/Stream.java,createFrameVarSizeWord
12acfc45-bdfb-4343-9004-9be15dfd844c,server/model/players/Player.java,updateThisPlayerMovement,->,12acfc45-bdfb-4343-9004-9be15dfd844c,server/util/Stream.java,initBitAccess
12acfc45-bdfb-4343-9004-9be15dfd844c,server/model/players/Player.java,updateThisPlayerMovement,->,12acfc45-bdfb-4343-9004-9be15dfd844c,server/util/Stream.java,writeBits
12acfc45-bdfb-4343-9004-9be15dfd844c,server/model/players/Player.java,updateThisPlayerMovement,->,12acfc45-bdfb-4343-9004-9be15dfd844c,server/util/Stream.java,writeBits
12acfc45-bdfb-4343-9004-9be15dfd844c,server/model/players/Player.java,updateThisPlayerMovement,->,12acfc45-bdfb-4343-9004-9be15dfd844c,server/util/Stream.java,writeBits
12acfc45-bdfb-4343-9004-9be15dfd844c,server/model/players/Player.java,updateThisPlayerMovement,->,12acfc45-bdfb-4343-9004-9be15dfd844c,server/util/Stream.java,writeBits
12acfc45-bdfb-4343-9004-9be15dfd844c,server/model/players/Player.java,updateThisPlayerMovement,->,12acfc45-bdfb-4343-9004-9be15dfd844c,server/util/Stream.java,writeBits
12acfc45-bdfb-4343-9004-9be15dfd844c,server/model/players/Player.java,updateThisPlayerMovement,->,12acfc45-bdfb-4343-9004-9be15dfd844c,server/util/Stream.java,writeBits
12acfc45-bdfb-4343-9004-9be15dfd844c,server/model/players/Player.java,updateThisPlayerMovement,->,12acfc45-bdfb-4343-9004-9be15dfd844c,server/util/Stream.java,writeBits
12acfc45-bdfb-4343-9004-9be15dfd844c,server/model/players/Player.java,updateThisPlayerMovement,->,12acfc45-bdfb-4343-9004-9be15dfd844c,server/util/Stream.java,createFrameVarSizeWord
12acfc45-bdfb-4343-9004-9be15dfd844c,server/model/players/Player.java,updateThisPlayerMovement,->,12acfc45-bdfb-4343-9004-9be15dfd844c,server/util/Stream.java,initBitAccess
12acfc45-bdfb-4343-9004-9be15dfd844c,server/model/players/Player.java,updateThisPlayerMovement,->,12acfc45-bdfb-4343-9004-9be15dfd844c,server/util/Stream.java,writeBits
12acfc45-bdfb-4343-9004-9be15dfd844c,server/model/players/Player.java,updateThisPlayerMovement,->,12acfc45-bdfb-4343-9004-9be15dfd844c,server/util/Stream.java,writeBits
12acfc45-bdfb-4343-9004-9be15dfd844c,server/model/players/Player.java,updateThisPlayerMovement,->,12acfc45-bdfb-4343-9004-9be15dfd844c,server/util/Stream.java,writeBits
12acfc45-bdfb-4343-9004-9be15dfd844c,server/model/players/Player.java,updateThisPlayerMovement,->,12acfc45-bdfb-4343-9004-9be15dfd844c,server/util/Stream.java,createFrameVarSizeWord
12acfc45-bdfb-4343-9004-9be15dfd844c,server/model/players/Player.java,updateThisPlayerMovement,->,12acfc45-bdfb-4343-9004-9be15dfd844c,server/util/Stream.java,initBitAccess
12acfc45-bdfb-4343-9004-9be15dfd844c,server/model/players/Player.java,updateThisPlayerMovement,->,12acfc45-bdfb-4343-9004-9be15dfd844c,server/util/Stream.java,writeBits
12acfc45-bdfb-4343-9004-9be15dfd844c,server/model/players/Player.java,updateThisPlayerMovement,->,12acfc45-bdfb-4343-9004-9be15dfd844c,server/util/Stream.java,writeBits
12acfc45-bdfb-4343-9004-9be15dfd844c,server/model/players/Player.java,updateThisPlayerMovement,->,12acfc45-bdfb-4343-9004-9be15dfd844c,server/util/Stream.java,writeBits
12acfc45-bdfb-4343-9004-9be15dfd844c,server/model/players/Player.java,updateThisPlayerMovement,->,12acfc45-bdfb-4343-9004-9be15dfd844c,server/util/Stream.java,writeBits
12acfc45-bdfb-4343-9004-9be15dfd844c,server/model/players/Player.java,updateThisPlayerMovement,->,12acfc45-bdfb-4343-9004-9be15dfd844c,server/util/Stream.java,writeBits
12acfc45-bdfb-4343-9004-9be15dfd844c,server/model/players/Player.java,updateThisPlayerMovement,->,12acfc45-bdfb-4343-9004-9be15dfd844c,server/util/Stream.java,writeBits
12acfc45-bdfb-4343-9004-9be15dfd844c,server/model/players/Player.java,updateThisPlayerMovement,->,12acfc45-bdfb-4343-9004-9be15dfd844c,server/util/Stream.java,writeBits
12acfc45-bdfb-4343-9004-9be15dfd844c,server/model/players/Player.java,updateThisPlayerMovement,->,12acfc45-bdfb-4343-9004-9be15dfd844c,server/util/Stream.java,writeBits
12acfc45-bdfb-4343-9004-9be15dfd844c,server/model/players/Player.java,updateThisPlayerMovement,->,12acfc45-bdfb-4343-9004-9be15dfd844c,server/util/Stream.java,writeBits
12acfc45-bdfb-4343-9004-9be15dfd844c,server/model/players/Player.java,updateThisPlayerMovement,->,12acfc45-bdfb-4343-9004-9be15dfd844c,server/util/Stream.java,writeBits
12acfc45-bdfb-4343-9004-9be15dfd844c,server/model/players/Player.java,updatePlayerMovement,->,12acfc45-bdfb-4343-9004-9be15dfd844c,server/model/players/Player.java,isChatTextUpdateRequired
12acfc45-bdfb-4343-9004-9be15dfd844c,server/model/players/Player.java,updatePlayerMovement,->,12acfc45-bdfb-4343-9004-9be15dfd844c,server/util/Stream.java,writeBits
12acfc45-bdfb-4343-9004-9be15dfd844c,server/model/players/Player.java,updatePlayerMovement,->,12acfc45-bdfb-4343-9004-9be15dfd844c,server/util/Stream.java,writeBits
12acfc45-bdfb-4343-9004-9be15dfd844c,server/model/players/Player.java,updatePlayerMovement,->,12acfc45-bdfb-4343-9004-9be15dfd844c,server/util/Stream.java,writeBits
12acfc45-bdfb-4343-9004-9be15dfd844c,server/model/players/Player.java,updatePlayerMovement,->,12acfc45-bdfb-4343-9004-9be15dfd844c,server/util/Stream.java,writeBits
12acfc45-bdfb-4343-9004-9be15dfd844c,server/model/players/Player.java,updatePlayerMovement,->,12acfc45-bdfb-4343-9004-9be15dfd844c,server/util/Stream.java,writeBits
12acfc45-bdfb-4343-9004-9be15dfd844c,server/model/players/Player.java,updatePlayerMovement,->,12acfc45-bdfb-4343-9004-9be15dfd844c,server/util/Stream.java,writeBits
12acfc45-bdfb-4343-9004-9be15dfd844c,server/model/players/Player.java,updatePlayerMovement,->,12acfc45-bdfb-4343-9004-9be15dfd844c,server/model/players/Player.java,isChatTextUpdateRequired
12acfc45-bdfb-4343-9004-9be15dfd844c,server/model/players/Player.java,updatePlayerMovement,->,12acfc45-bdfb-4343-9004-9be15dfd844c,server/util/Stream.java,writeBits
12acfc45-bdfb-4343-9004-9be15dfd844c,server/model/players/Player.java,updatePlayerMovement,->,12acfc45-bdfb-4343-9004-9be15dfd844c,server/util/Stream.java,writeBits
12acfc45-bdfb-4343-9004-9be15dfd844c,server/model/players/Player.java,updatePlayerMovement,->,12acfc45-bdfb-4343-9004-9be15dfd844c,server/util/Stream.java,writeBits
12acfc45-bdfb-4343-9004-9be15dfd844c,server/model/players/Player.java,updatePlayerMovement,->,12acfc45-bdfb-4343-9004-9be15dfd844c,server/util/Stream.java,writeBits
12acfc45-bdfb-4343-9004-9be15dfd844c,server/model/players/Player.java,updatePlayerMovement,->,12acfc45-bdfb-4343-9004-9be15dfd844c,server/util/Stream.java,writeBits
12acfc45-bdfb-4343-9004-9be15dfd844c,server/model/players/Player.java,updatePlayerMovement,->,12acfc45-bdfb-4343-9004-9be15dfd844c,server/model/players/Player.java,isChatTextUpdateRequired
12acfc45-bdfb-4343-9004-9be15dfd844c,server/model/players/Player.java,updatePlayerMovement,->,12acfc45-bdfb-4343-9004-9be15dfd844c,server/util/Stream.java,writeBits
12acfc45-bdfb-4343-9004-9be15dfd844c,server/model/players/Player.java,addNewNPC,->,12acfc45-bdfb-4343-9004-9be15dfd844c,server/util/Stream.java,writeBits
12acfc45-bdfb-4343-9004-9be15dfd844c,server/model/players/Player.java,addNewNPC,->,12acfc45-bdfb-4343-9004-9be15dfd844c,server/util/Stream.java,writeBits
12acfc45-bdfb-4343-9004-9be15dfd844c,server/model/players/Player.java,addNewNPC,->,12acfc45-bdfb-4343-9004-9be15dfd844c,server/util/Stream.java,writeBits
12acfc45-bdfb-4343-9004-9be15dfd844c,server/model/players/Player.java,addNewNPC,->,12acfc45-bdfb-4343-9004-9be15dfd844c,server/util/Stream.java,writeBits
12acfc45-bdfb-4343-9004-9be15dfd844c,server/model/players/Player.java,addNewNPC,->,12acfc45-bdfb-4343-9004-9be15dfd844c,server/util/Stream.java,writeBits
12acfc45-bdfb-4343-9004-9be15dfd844c,server/model/players/Player.java,addNewNPC,->,12acfc45-bdfb-4343-9004-9be15dfd844c,5849ef3e-9280-4348-a3c8-451a741eecc1,c5ac402c-094e-46db-aca9-213d996bf308
12acfc45-bdfb-4343-9004-9be15dfd844c,server/model/players/Player.java,addNewNPC,->,12acfc45-bdfb-4343-9004-9be15dfd844c,server/util/Stream.java,writeBits
12acfc45-bdfb-4343-9004-9be15dfd844c,server/model/players/Player.java,addNewPlayer,->,12acfc45-bdfb-4343-9004-9be15dfd844c,server/util/Stream.java,writeBits
12acfc45-bdfb-4343-9004-9be15dfd844c,server/model/players/Player.java,addNewPlayer,->,12acfc45-bdfb-4343-9004-9be15dfd844c,server/util/Stream.java,writeBits
12acfc45-bdfb-4343-9004-9be15dfd844c,server/model/players/Player.java,addNewPlayer,->,12acfc45-bdfb-4343-9004-9be15dfd844c,server/model/players/Player.java,isAppearanceUpdateRequired
12acfc45-bdfb-4343-9004-9be15dfd844c,server/model/players/Player.java,addNewPlayer,->,12acfc45-bdfb-4343-9004-9be15dfd844c,server/model/players/Player.java,setAppearanceUpdateRequired
12acfc45-bdfb-4343-9004-9be15dfd844c,server/model/players/Player.java,addNewPlayer,->,12acfc45-bdfb-4343-9004-9be15dfd844c,server/model/players/Player.java,appendPlayerUpdateBlock
12acfc45-bdfb-4343-9004-9be15dfd844c,server/model/players/Player.java,addNewPlayer,->,12acfc45-bdfb-4343-9004-9be15dfd844c,server/model/players/Player.java,setAppearanceUpdateRequired
12acfc45-bdfb-4343-9004-9be15dfd844c,server/model/players/Player.java,addNewPlayer,->,12acfc45-bdfb-4343-9004-9be15dfd844c,server/util/Stream.java,writeBits
12acfc45-bdfb-4343-9004-9be15dfd844c,server/model/players/Player.java,addNewPlayer,->,12acfc45-bdfb-4343-9004-9be15dfd844c,server/util/Stream.java,writeBits
12acfc45-bdfb-4343-9004-9be15dfd844c,server/model/players/Player.java,addNewPlayer,->,12acfc45-bdfb-4343-9004-9be15dfd844c,server/util/Stream.java,writeBits
12acfc45-bdfb-4343-9004-9be15dfd844c,server/model/players/Player.java,appendPlayerAppearance,->,12acfc45-bdfb-4343-9004-9be15dfd844c,server/util/Stream.java,writeByte
12acfc45-bdfb-4343-9004-9be15dfd844c,server/model/players/Player.java,appendPlayerAppearance,->,12acfc45-bdfb-4343-9004-9be15dfd844c,server/util/Stream.java,writeByte
12acfc45-bdfb-4343-9004-9be15dfd844c,server/model/players/Player.java,appendPlayerAppearance,->,12acfc45-bdfb-4343-9004-9be15dfd844c,server/util/Stream.java,writeByte
12acfc45-bdfb-4343-9004-9be15dfd844c,server/model/players/Player.java,appendPlayerAppearance,->,12acfc45-bdfb-4343-9004-9be15dfd844c,server/util/Stream.java,writeWord
12acfc45-bdfb-4343-9004-9be15dfd844c,server/model/players/Player.java,appendPlayerAppearance,->,12acfc45-bdfb-4343-9004-9be15dfd844c,server/util/Stream.java,writeByte
12acfc45-bdfb-4343-9004-9be15dfd844c,server/model/players/Player.java,appendPlayerAppearance,->,12acfc45-bdfb-4343-9004-9be15dfd844c,server/util/Stream.java,writeWord
12acfc45-bdfb-4343-9004-9be15dfd844c,server/model/players/Player.java,appendPlayerAppearance,->,12acfc45-bdfb-4343-9004-9be15dfd844c,server/util/Stream.java,writeByte
12acfc45-bdfb-4343-9004-9be15dfd844c,server/model/players/Player.java,appendPlayerAppearance,->,12acfc45-bdfb-4343-9004-9be15dfd844c,server/util/Stream.java,writeWord
12acfc45-bdfb-4343-9004-9be15dfd844c,server/model/players/Player.java,appendPlayerAppearance,->,12acfc45-bdfb-4343-9004-9be15dfd844c,server/util/Stream.java,writeByte
12acfc45-bdfb-4343-9004-9be15dfd844c,server/model/players/Player.java,appendPlayerAppearance,->,12acfc45-bdfb-4343-9004-9be15dfd844c,server/util/Stream.java,writeWord
12acfc45-bdfb-4343-9004-9be15dfd844c,server/model/players/Player.java,appendPlayerAppearance,->,12acfc45-bdfb-4343-9004-9be15dfd844c,server/util/Stream.java,writeByte
12acfc45-bdfb-4343-9004-9be15dfd844c,server/model/players/Player.java,appendPlayerAppearance,->,12acfc45-bdfb-4343-9004-9be15dfd844c,server/util/Stream.java,writeWord
12acfc45-bdfb-4343-9004-9be15dfd844c,server/model/players/Player.java,appendPlayerAppearance,->,12acfc45-bdfb-4343-9004-9be15dfd844c,server/util/Stream.java,writeWord
12acfc45-bdfb-4343-9004-9be15dfd844c,server/model/players/Player.java,appendPlayerAppearance,->,12acfc45-bdfb-4343-9004-9be15dfd844c,server/util/Stream.java,writeWord
12acfc45-bdfb-4343-9004-9be15dfd844c,server/model/players/Player.java,appendPlayerAppearance,->,12acfc45-bdfb-4343-9004-9be15dfd844c,server/util/Stream.java,writeByte
12acfc45-bdfb-4343-9004-9be15dfd844c,server/model/players/Player.java,appendPlayerAppearance,->,12acfc45-bdfb-4343-9004-9be15dfd844c,server/model/items/Item.java,isFullBody
12acfc45-bdfb-4343-9004-9be15dfd844c,server/model/players/Player.java,appendPlayerAppearance,->,12acfc45-bdfb-4343-9004-9be15dfd844c,server/util/Stream.java,writeWord
12acfc45-bdfb-4343-9004-9be15dfd844c,server/model/players/Player.java,appendPlayerAppearance,->,12acfc45-bdfb-4343-9004-9be15dfd844c,server/util/Stream.java,writeByte
12acfc45-bdfb-4343-9004-9be15dfd844c,server/model/players/Player.java,appendPlayerAppearance,->,12acfc45-bdfb-4343-9004-9be15dfd844c,server/util/Stream.java,writeWord
12acfc45-bdfb-4343-9004-9be15dfd844c,server/model/players/Player.java,appendPlayerAppearance,->,12acfc45-bdfb-4343-9004-9be15dfd844c,server/util/Stream.java,writeWord
12acfc45-bdfb-4343-9004-9be15dfd844c,server/model/players/Player.java,appendPlayerAppearance,->,12acfc45-bdfb-4343-9004-9be15dfd844c,server/model/items/Item.java,isFullHelm
12acfc45-bdfb-4343-9004-9be15dfd844c,server/model/players/Player.java,appendPlayerAppearance,->,12acfc45-bdfb-4343-9004-9be15dfd844c,server/model/items/Item.java,isFullMask
12acfc45-bdfb-4343-9004-9be15dfd844c,server/model/players/Player.java,appendPlayerAppearance,->,12acfc45-bdfb-4343-9004-9be15dfd844c,server/util/Stream.java,writeWord
12acfc45-bdfb-4343-9004-9be15dfd844c,server/model/players/Player.java,appendPlayerAppearance,->,12acfc45-bdfb-4343-9004-9be15dfd844c,server/util/Stream.java,writeByte
12acfc45-bdfb-4343-9004-9be15dfd844c,server/model/players/Player.java,appendPlayerAppearance,->,12acfc45-bdfb-4343-9004-9be15dfd844c,server/util/Stream.java,writeWord
12acfc45-bdfb-4343-9004-9be15dfd844c,server/model/players/Player.java,appendPlayerAppearance,->,12acfc45-bdfb-4343-9004-9be15dfd844c,server/util/Stream.java,writeWord
12acfc45-bdfb-4343-9004-9be15dfd844c,server/model/players/Player.java,appendPlayerAppearance,->,12acfc45-bdfb-4343-9004-9be15dfd844c,server/util/Stream.java,writeWord
12acfc45-bdfb-4343-9004-9be15dfd844c,server/model/players/Player.java,appendPlayerAppearance,->,12acfc45-bdfb-4343-9004-9be15dfd844c,server/util/Stream.java,writeWord
12acfc45-bdfb-4343-9004-9be15dfd844c,server/model/players/Player.java,appendPlayerAppearance,->,12acfc45-bdfb-4343-9004-9be15dfd844c,server/model/items/Item.java,isFullMask
12acfc45-bdfb-4343-9004-9be15dfd844c,server/model/players/Player.java,appendPlayerAppearance,->,12acfc45-bdfb-4343-9004-9be15dfd844c,server/util/Stream.java,writeWord
12acfc45-bdfb-4343-9004-9be15dfd844c,server/model/players/Player.java,appendPlayerAppearance,->,12acfc45-bdfb-4343-9004-9be15dfd844c,server/util/Stream.java,writeByte
12acfc45-bdfb-4343-9004-9be15dfd844c,server/model/players/Player.java,appendPlayerAppearance,->,12acfc45-bdfb-4343-9004-9be15dfd844c,server/util/Stream.java,writeByte
12acfc45-bdfb-4343-9004-9be15dfd844c,server/model/players/Player.java,appendPlayerAppearance,->,12acfc45-bdfb-4343-9004-9be15dfd844c,server/util/Stream.java,writeByte
12acfc45-bdfb-4343-9004-9be15dfd844c,server/model/players/Player.java,appendPlayerAppearance,->,12acfc45-bdfb-4343-9004-9be15dfd844c,server/util/Stream.java,writeByte
12acfc45-bdfb-4343-9004-9be15dfd844c,server/model/players/Player.java,appendPlayerAppearance,->,12acfc45-bdfb-4343-9004-9be15dfd844c,server/util/Stream.java,writeByte
12acfc45-bdfb-4343-9004-9be15dfd844c,server/model/players/Player.java,appendPlayerAppearance,->,12acfc45-bdfb-4343-9004-9be15dfd844c,server/util/Stream.java,writeByte
12acfc45-bdfb-4343-9004-9be15dfd844c,server/model/players/Player.java,appendPlayerAppearance,->,12acfc45-bdfb-4343-9004-9be15dfd844c,server/util/Stream.java,writeWord
12acfc45-bdfb-4343-9004-9be15dfd844c,server/model/players/Player.java,appendPlayerAppearance,->,12acfc45-bdfb-4343-9004-9be15dfd844c,server/util/Stream.java,writeWord
12acfc45-bdfb-4343-9004-9be15dfd844c,server/model/players/Player.java,appendPlayerAppearance,->,12acfc45-bdfb-4343-9004-9be15dfd844c,server/util/Stream.java,writeWord
12acfc45-bdfb-4343-9004-9be15dfd844c,server/model/players/Player.java,appendPlayerAppearance,->,12acfc45-bdfb-4343-9004-9be15dfd844c,server/util/Stream.java,writeWord
12acfc45-bdfb-4343-9004-9be15dfd844c,server/model/players/Player.java,appendPlayerAppearance,->,12acfc45-bdfb-4343-9004-9be15dfd844c,server/util/Stream.java,writeWord
12acfc45-bdfb-4343-9004-9be15dfd844c,server/model/players/Player.java,appendPlayerAppearance,->,12acfc45-bdfb-4343-9004-9be15dfd844c,server/util/Stream.java,writeWord
12acfc45-bdfb-4343-9004-9be15dfd844c,server/model/players/Player.java,appendPlayerAppearance,->,12acfc45-bdfb-4343-9004-9be15dfd844c,server/util/Stream.java,writeWord
12acfc45-bdfb-4343-9004-9be15dfd844c,server/model/players/Player.java,appendPlayerAppearance,->,12acfc45-bdfb-4343-9004-9be15dfd844c,2c89cfe4-ed6d-446f-832b-3c203feb3155,5f0b275f-5e8d-4369-aad1-1277a9738119
12acfc45-bdfb-4343-9004-9be15dfd844c,server/model/players/Player.java,appendPlayerAppearance,->,12acfc45-bdfb-4343-9004-9be15dfd844c,server/util/Stream.java,writeQWord
12acfc45-bdfb-4343-9004-9be15dfd844c,server/model/players/Player.java,appendPlayerAppearance,->,12acfc45-bdfb-4343-9004-9be15dfd844c,server/model/players/Player.java,getLevelForXP
12acfc45-bdfb-4343-9004-9be15dfd844c,server/model/players/Player.java,appendPlayerAppearance,->,12acfc45-bdfb-4343-9004-9be15dfd844c,server/model/players/Player.java,getLevelForXP
12acfc45-bdfb-4343-9004-9be15dfd844c,server/model/players/Player.java,appendPlayerAppearance,->,12acfc45-bdfb-4343-9004-9be15dfd844c,server/model/players/Player.java,getLevelForXP
12acfc45-bdfb-4343-9004-9be15dfd844c,server/model/players/Player.java,appendPlayerAppearance,->,12acfc45-bdfb-4343-9004-9be15dfd844c,server/model/players/Player.java,getLevelForXP
12acfc45-bdfb-4343-9004-9be15dfd844c,server/model/players/Player.java,appendPlayerAppearance,->,12acfc45-bdfb-4343-9004-9be15dfd844c,server/model/players/Player.java,getLevelForXP
12acfc45-bdfb-4343-9004-9be15dfd844c,server/model/players/Player.java,appendPlayerAppearance,->,12acfc45-bdfb-4343-9004-9be15dfd844c,server/model/players/Player.java,getLevelForXP
12acfc45-bdfb-4343-9004-9be15dfd844c,server/model/players/Player.java,appendPlayerAppearance,->,12acfc45-bdfb-4343-9004-9be15dfd844c,server/model/players/Player.java,getLevelForXP
12acfc45-bdfb-4343-9004-9be15dfd844c,server/model/players/Player.java,appendPlayerAppearance,->,12acfc45-bdfb-4343-9004-9be15dfd844c,server/model/players/Player.java,getLevelForXP
12acfc45-bdfb-4343-9004-9be15dfd844c,server/model/players/Player.java,appendPlayerAppearance,->,12acfc45-bdfb-4343-9004-9be15dfd844c,server/model/players/Player.java,getLevelForXP
12acfc45-bdfb-4343-9004-9be15dfd844c,server/model/players/Player.java,appendPlayerAppearance,->,12acfc45-bdfb-4343-9004-9be15dfd844c,server/model/players/Player.java,getLevelForXP
12acfc45-bdfb-4343-9004-9be15dfd844c,server/model/players/Player.java,appendPlayerAppearance,->,12acfc45-bdfb-4343-9004-9be15dfd844c,server/model/players/Player.java,getLevelForXP
12acfc45-bdfb-4343-9004-9be15dfd844c,server/model/players/Player.java,appendPlayerAppearance,->,12acfc45-bdfb-4343-9004-9be15dfd844c,server/model/players/Player.java,getLevelForXP
12acfc45-bdfb-4343-9004-9be15dfd844c,server/model/players/Player.java,appendPlayerAppearance,->,12acfc45-bdfb-4343-9004-9be15dfd844c,server/model/players/Player.java,getLevelForXP
12acfc45-bdfb-4343-9004-9be15dfd844c,server/model/players/Player.java,appendPlayerAppearance,->,12acfc45-bdfb-4343-9004-9be15dfd844c,server/model/players/Player.java,getLevelForXP
12acfc45-bdfb-4343-9004-9be15dfd844c,server/model/players/Player.java,appendPlayerAppearance,->,12acfc45-bdfb-4343-9004-9be15dfd844c,server/model/players/Player.java,getLevelForXP
12acfc45-bdfb-4343-9004-9be15dfd844c,server/model/players/Player.java,appendPlayerAppearance,->,12acfc45-bdfb-4343-9004-9be15dfd844c,server/model/players/Player.java,getLevelForXP
12acfc45-bdfb-4343-9004-9be15dfd844c,server/model/players/Player.java,appendPlayerAppearance,->,12acfc45-bdfb-4343-9004-9be15dfd844c,server/model/players/Player.java,getLevelForXP
12acfc45-bdfb-4343-9004-9be15dfd844c,server/model/players/Player.java,appendPlayerAppearance,->,12acfc45-bdfb-4343-9004-9be15dfd844c,server/util/Stream.java,writeByte
12acfc45-bdfb-4343-9004-9be15dfd844c,server/model/players/Player.java,appendPlayerAppearance,->,12acfc45-bdfb-4343-9004-9be15dfd844c,server/util/Stream.java,writeWord
12acfc45-bdfb-4343-9004-9be15dfd844c,server/model/players/Player.java,appendPlayerAppearance,->,12acfc45-bdfb-4343-9004-9be15dfd844c,server/util/Stream.java,writeByteC
12acfc45-bdfb-4343-9004-9be15dfd844c,server/model/players/Player.java,appendPlayerAppearance,->,12acfc45-bdfb-4343-9004-9be15dfd844c,server/util/Stream.java,writeBytes
12acfc45-bdfb-4343-9004-9be15dfd844c,server/model/players/Player.java,getLevelForXP,->,12acfc45-bdfb-4343-9004-9be15dfd844c,java/lang/Math.java,pow
12acfc45-bdfb-4343-9004-9be15dfd844c,server/model/players/Player.java,getLevelForXP,->,12acfc45-bdfb-4343-9004-9be15dfd844c,java/lang/Math.java,floor
12acfc45-bdfb-4343-9004-9be15dfd844c,server/model/players/Player.java,getLevelForXP,->,12acfc45-bdfb-4343-9004-9be15dfd844c,java/lang/Math.java,floor
12acfc45-bdfb-4343-9004-9be15dfd844c,server/model/players/Player.java,appendPlayerChatText,->,12acfc45-bdfb-4343-9004-9be15dfd844c,server/model/players/Player.java,getChatTextColor
12acfc45-bdfb-4343-9004-9be15dfd844c,server/model/players/Player.java,appendPlayerChatText,->,12acfc45-bdfb-4343-9004-9be15dfd844c,server/model/players/Player.java,getChatTextEffects
12acfc45-bdfb-4343-9004-9be15dfd844c,server/model/players/Player.java,appendPlayerChatText,->,12acfc45-bdfb-4343-9004-9be15dfd844c,server/util/Stream.java,writeWordBigEndian
12acfc45-bdfb-4343-9004-9be15dfd844c,server/model/players/Player.java,appendPlayerChatText,->,12acfc45-bdfb-4343-9004-9be15dfd844c,server/util/Stream.java,writeByte
12acfc45-bdfb-4343-9004-9be15dfd844c,server/model/players/Player.java,appendPlayerChatText,->,12acfc45-bdfb-4343-9004-9be15dfd844c,server/model/players/Player.java,getChatTextSize
12acfc45-bdfb-4343-9004-9be15dfd844c,server/model/players/Player.java,appendPlayerChatText,->,12acfc45-bdfb-4343-9004-9be15dfd844c,server/util/Stream.java,writeByteC
12acfc45-bdfb-4343-9004-9be15dfd844c,server/model/players/Player.java,appendPlayerChatText,->,12acfc45-bdfb-4343-9004-9be15dfd844c,server/model/players/Player.java,getChatText
12acfc45-bdfb-4343-9004-9be15dfd844c,server/model/players/Player.java,appendPlayerChatText,->,12acfc45-bdfb-4343-9004-9be15dfd844c,server/model/players/Player.java,getChatTextSize
12acfc45-bdfb-4343-9004-9be15dfd844c,server/model/players/Player.java,appendPlayerChatText,->,12acfc45-bdfb-4343-9004-9be15dfd844c,server/util/Stream.java,writeBytes_reverse
12acfc45-bdfb-4343-9004-9be15dfd844c,server/model/players/Player.java,forcedChat,->,12acfc45-bdfb-4343-9004-9be15dfd844c,server/model/players/Player.java,setAppearanceUpdateRequired
12acfc45-bdfb-4343-9004-9be15dfd844c,server/model/players/Player.java,appendForcedChat,->,12acfc45-bdfb-4343-9004-9be15dfd844c,server/util/Stream.java,writeString
12acfc45-bdfb-4343-9004-9be15dfd844c,server/model/players/Player.java,appendMask100Update,->,12acfc45-bdfb-4343-9004-9be15dfd844c,server/util/Stream.java,writeWordBigEndian
12acfc45-bdfb-4343-9004-9be15dfd844c,server/model/players/Player.java,appendMask100Update,->,12acfc45-bdfb-4343-9004-9be15dfd844c,server/util/Stream.java,writeDWord
12acfc45-bdfb-4343-9004-9be15dfd844c,server/model/players/Player.java,wearing2h,->,12acfc45-bdfb-4343-9004-9be15dfd844c,server/model/players/Client.java,getItems
12acfc45-bdfb-4343-9004-9be15dfd844c,server/model/players/Player.java,wearing2h,->,12acfc45-bdfb-4343-9004-9be15dfd844c,server/model/items/ItemAssistant.java,getItemName
12acfc45-bdfb-4343-9004-9be15dfd844c,server/model/players/Player.java,wearing2h,->,12acfc45-bdfb-4343-9004-9be15dfd844c,java/lang/String.java,contains
12acfc45-bdfb-4343-9004-9be15dfd844c,server/model/players/Player.java,wearing2h,->,12acfc45-bdfb-4343-9004-9be15dfd844c,java/lang/String.java,contains
12acfc45-bdfb-4343-9004-9be15dfd844c,server/model/players/Player.java,startAnimation,->,12acfc45-bdfb-4343-9004-9be15dfd844c,server/model/players/Player.java,wearing2h
12acfc45-bdfb-4343-9004-9be15dfd844c,server/model/players/Player.java,appendAnimationRequest,->,12acfc45-bdfb-4343-9004-9be15dfd844c,server/util/Stream.java,writeWordBigEndian
12acfc45-bdfb-4343-9004-9be15dfd844c,server/model/players/Player.java,appendAnimationRequest,->,12acfc45-bdfb-4343-9004-9be15dfd844c,server/util/Stream.java,writeByteC
12acfc45-bdfb-4343-9004-9be15dfd844c,server/model/players/Player.java,appendFaceUpdate,->,12acfc45-bdfb-4343-9004-9be15dfd844c,server/util/Stream.java,writeWordBigEndian
12acfc45-bdfb-4343-9004-9be15dfd844c,server/model/players/Player.java,appendSetFocusDestination,->,12acfc45-bdfb-4343-9004-9be15dfd844c,server/util/Stream.java,writeWordBigEndianA
12acfc45-bdfb-4343-9004-9be15dfd844c,server/model/players/Player.java,appendSetFocusDestination,->,12acfc45-bdfb-4343-9004-9be15dfd844c,server/util/Stream.java,writeWordBigEndian
12acfc45-bdfb-4343-9004-9be15dfd844c,server/model/players/Player.java,appendHitUpdate,->,12acfc45-bdfb-4343-9004-9be15dfd844c,server/model/players/Player.java,getHitDiff
12acfc45-bdfb-4343-9004-9be15dfd844c,server/model/players/Player.java,appendHitUpdate,->,12acfc45-bdfb-4343-9004-9be15dfd844c,server/util/Stream.java,writeByte
12acfc45-bdfb-4343-9004-9be15dfd844c,server/model/players/Player.java,appendHitUpdate,->,12acfc45-bdfb-4343-9004-9be15dfd844c,server/util/Stream.java,writeByteA
12acfc45-bdfb-4343-9004-9be15dfd844c,server/model/players/Player.java,appendHitUpdate,->,12acfc45-bdfb-4343-9004-9be15dfd844c,server/model/players/Player.java,getHitDiff
12acfc45-bdfb-4343-9004-9be15dfd844c,server/model/players/Player.java,appendHitUpdate,->,12acfc45-bdfb-4343-9004-9be15dfd844c,server/util/Stream.java,writeByteA
12acfc45-bdfb-4343-9004-9be15dfd844c,server/model/players/Player.java,appendHitUpdate,->,12acfc45-bdfb-4343-9004-9be15dfd844c,server/util/Stream.java,writeByteA
12acfc45-bdfb-4343-9004-9be15dfd844c,server/model/players/Player.java,appendHitUpdate,->,12acfc45-bdfb-4343-9004-9be15dfd844c,server/util/Stream.java,writeByteC
12acfc45-bdfb-4343-9004-9be15dfd844c,server/model/players/Player.java,appendHitUpdate,->,12acfc45-bdfb-4343-9004-9be15dfd844c,server/model/players/Player.java,getLevelForXP
12acfc45-bdfb-4343-9004-9be15dfd844c,server/model/players/Player.java,appendHitUpdate,->,12acfc45-bdfb-4343-9004-9be15dfd844c,server/util/Stream.java,writeByte
12acfc45-bdfb-4343-9004-9be15dfd844c,server/model/players/Player.java,appendHitUpdate2,->,12acfc45-bdfb-4343-9004-9be15dfd844c,server/util/Stream.java,writeByte
12acfc45-bdfb-4343-9004-9be15dfd844c,server/model/players/Player.java,appendHitUpdate2,->,12acfc45-bdfb-4343-9004-9be15dfd844c,server/util/Stream.java,writeByteS
12acfc45-bdfb-4343-9004-9be15dfd844c,server/model/players/Player.java,appendHitUpdate2,->,12acfc45-bdfb-4343-9004-9be15dfd844c,server/util/Stream.java,writeByteS
12acfc45-bdfb-4343-9004-9be15dfd844c,server/model/players/Player.java,appendHitUpdate2,->,12acfc45-bdfb-4343-9004-9be15dfd844c,server/util/Stream.java,writeByteS
12acfc45-bdfb-4343-9004-9be15dfd844c,server/model/players/Player.java,appendHitUpdate2,->,12acfc45-bdfb-4343-9004-9be15dfd844c,server/util/Stream.java,writeByte
12acfc45-bdfb-4343-9004-9be15dfd844c,server/model/players/Player.java,appendHitUpdate2,->,12acfc45-bdfb-4343-9004-9be15dfd844c,server/model/players/Player.java,getLevelForXP
12acfc45-bdfb-4343-9004-9be15dfd844c,server/model/players/Player.java,appendHitUpdate2,->,12acfc45-bdfb-4343-9004-9be15dfd844c,server/util/Stream.java,writeByteC
12acfc45-bdfb-4343-9004-9be15dfd844c,server/model/players/Player.java,appendPlayerUpdateBlock,->,12acfc45-bdfb-4343-9004-9be15dfd844c,server/model/players/Player.java,isChatTextUpdateRequired
12acfc45-bdfb-4343-9004-9be15dfd844c,server/model/players/Player.java,appendPlayerUpdateBlock,->,12acfc45-bdfb-4343-9004-9be15dfd844c,server/model/players/Player.java,isChatTextUpdateRequired
12acfc45-bdfb-4343-9004-9be15dfd844c,server/model/players/Player.java,appendPlayerUpdateBlock,->,12acfc45-bdfb-4343-9004-9be15dfd844c,server/model/players/Player.java,isAppearanceUpdateRequired
12acfc45-bdfb-4343-9004-9be15dfd844c,server/model/players/Player.java,appendPlayerUpdateBlock,->,12acfc45-bdfb-4343-9004-9be15dfd844c,server/model/players/Player.java,isHitUpdateRequired
12acfc45-bdfb-4343-9004-9be15dfd844c,server/model/players/Player.java,appendPlayerUpdateBlock,->,12acfc45-bdfb-4343-9004-9be15dfd844c,server/util/Stream.java,writeByte
12acfc45-bdfb-4343-9004-9be15dfd844c,server/model/players/Player.java,appendPlayerUpdateBlock,->,12acfc45-bdfb-4343-9004-9be15dfd844c,server/util/Stream.java,writeByte
12acfc45-bdfb-4343-9004-9be15dfd844c,server/model/players/Player.java,appendPlayerUpdateBlock,->,12acfc45-bdfb-4343-9004-9be15dfd844c,server/util/Stream.java,writeByte
12acfc45-bdfb-4343-9004-9be15dfd844c,server/model/players/Player.java,appendPlayerUpdateBlock,->,12acfc45-bdfb-4343-9004-9be15dfd844c,server/model/players/Player.java,appendMask100Update
12acfc45-bdfb-4343-9004-9be15dfd844c,server/model/players/Player.java,appendPlayerUpdateBlock,->,12acfc45-bdfb-4343-9004-9be15dfd844c,server/model/players/Player.java,appendAnimationRequest
12acfc45-bdfb-4343-9004-9be15dfd844c,server/model/players/Player.java,appendPlayerUpdateBlock,->,12acfc45-bdfb-4343-9004-9be15dfd844c,server/model/players/Player.java,appendForcedChat
12acfc45-bdfb-4343-9004-9be15dfd844c,server/model/players/Player.java,appendPlayerUpdateBlock,->,12acfc45-bdfb-4343-9004-9be15dfd844c,server/model/players/Player.java,isChatTextUpdateRequired
12acfc45-bdfb-4343-9004-9be15dfd844c,server/model/players/Player.java,appendPlayerUpdateBlock,->,12acfc45-bdfb-4343-9004-9be15dfd844c,server/model/players/Player.java,appendPlayerChatText
12acfc45-bdfb-4343-9004-9be15dfd844c,server/model/players/Player.java,appendPlayerUpdateBlock,->,12acfc45-bdfb-4343-9004-9be15dfd844c,server/model/players/Player.java,appendFaceUpdate
12acfc45-bdfb-4343-9004-9be15dfd844c,server/model/players/Player.java,appendPlayerUpdateBlock,->,12acfc45-bdfb-4343-9004-9be15dfd844c,server/model/players/Player.java,isAppearanceUpdateRequired
12acfc45-bdfb-4343-9004-9be15dfd844c,server/model/players/Player.java,appendPlayerUpdateBlock,->,12acfc45-bdfb-4343-9004-9be15dfd844c,server/model/players/Player.java,appendPlayerAppearance
12acfc45-bdfb-4343-9004-9be15dfd844c,server/model/players/Player.java,appendPlayerUpdateBlock,->,12acfc45-bdfb-4343-9004-9be15dfd844c,server/model/players/Player.java,appendSetFocusDestination
12acfc45-bdfb-4343-9004-9be15dfd844c,server/model/players/Player.java,appendPlayerUpdateBlock,->,12acfc45-bdfb-4343-9004-9be15dfd844c,server/model/players/Player.java,isHitUpdateRequired
12acfc45-bdfb-4343-9004-9be15dfd844c,server/model/players/Player.java,appendPlayerUpdateBlock,->,12acfc45-bdfb-4343-9004-9be15dfd844c,server/model/players/Player.java,appendHitUpdate
12acfc45-bdfb-4343-9004-9be15dfd844c,server/model/players/Player.java,appendPlayerUpdateBlock,->,12acfc45-bdfb-4343-9004-9be15dfd844c,server/model/players/Player.java,appendHitUpdate2
12acfc45-bdfb-4343-9004-9be15dfd844c,server/model/players/Player.java,clearUpdateFlags,->,12acfc45-bdfb-4343-9004-9be15dfd844c,server/model/players/Player.java,setChatTextUpdateRequired
12acfc45-bdfb-4343-9004-9be15dfd844c,server/model/players/Player.java,clearUpdateFlags,->,12acfc45-bdfb-4343-9004-9be15dfd844c,server/model/players/Player.java,setAppearanceUpdateRequired
12acfc45-bdfb-4343-9004-9be15dfd844c,server/model/players/Player.java,clearUpdateFlags,->,12acfc45-bdfb-4343-9004-9be15dfd844c,server/model/players/Player.java,setHitUpdateRequired
12acfc45-bdfb-4343-9004-9be15dfd844c,server/model/players/Player.java,stopMovement,->,12acfc45-bdfb-4343-9004-9be15dfd844c,server/model/players/Player.java,getNewWalkCmdX
12acfc45-bdfb-4343-9004-9be15dfd844c,server/model/players/Player.java,stopMovement,->,12acfc45-bdfb-4343-9004-9be15dfd844c,server/model/players/Player.java,getNewWalkCmdY
12acfc45-bdfb-4343-9004-9be15dfd844c,server/model/players/Player.java,stopMovement,->,12acfc45-bdfb-4343-9004-9be15dfd844c,server/model/players/Player.java,getNextPlayerMovement
12acfc45-bdfb-4343-9004-9be15dfd844c,server/model/players/Player.java,postProcessing,->,12acfc45-bdfb-4343-9004-9be15dfd844c,server/model/players/Player.java,getNewWalkCmdX
12acfc45-bdfb-4343-9004-9be15dfd844c,server/model/players/Player.java,postProcessing,->,12acfc45-bdfb-4343-9004-9be15dfd844c,server/model/players/Player.java,getNewWalkCmdY
12acfc45-bdfb-4343-9004-9be15dfd844c,server/model/players/Player.java,postProcessing,->,12acfc45-bdfb-4343-9004-9be15dfd844c,2c89cfe4-ed6d-446f-832b-3c203feb3155,05de951b-2fa8-4121-99ee-ce604b8bd631
12acfc45-bdfb-4343-9004-9be15dfd844c,server/model/players/Player.java,postProcessing,->,12acfc45-bdfb-4343-9004-9be15dfd844c,2c89cfe4-ed6d-446f-832b-3c203feb3155,05de951b-2fa8-4121-99ee-ce604b8bd631
12acfc45-bdfb-4343-9004-9be15dfd844c,server/model/players/Player.java,postProcessing,->,12acfc45-bdfb-4343-9004-9be15dfd844c,server/model/players/Player.java,println_debug
12acfc45-bdfb-4343-9004-9be15dfd844c,server/model/players/Player.java,postProcessing,->,12acfc45-bdfb-4343-9004-9be15dfd844c,server/model/players/Player.java,addToWalkingQueue
12acfc45-bdfb-4343-9004-9be15dfd844c,server/model/players/Player.java,postProcessing,->,12acfc45-bdfb-4343-9004-9be15dfd844c,server/model/players/Player.java,addToWalkingQueue
12acfc45-bdfb-4343-9004-9be15dfd844c,server/model/players/Player.java,postProcessing,->,12acfc45-bdfb-4343-9004-9be15dfd844c,2c89cfe4-ed6d-446f-832b-3c203feb3155,05de951b-2fa8-4121-99ee-ce604b8bd631
12acfc45-bdfb-4343-9004-9be15dfd844c,server/model/players/Player.java,postProcessing,->,12acfc45-bdfb-4343-9004-9be15dfd844c,java/lang/StringBuilder.java,append
12acfc45-bdfb-4343-9004-9be15dfd844c,server/model/players/Player.java,postProcessing,->,12acfc45-bdfb-4343-9004-9be15dfd844c,java/lang/StringBuilder.java,append
12acfc45-bdfb-4343-9004-9be15dfd844c,server/model/players/Player.java,postProcessing,->,12acfc45-bdfb-4343-9004-9be15dfd844c,java/lang/StringBuilder.java,append
12acfc45-bdfb-4343-9004-9be15dfd844c,server/model/players/Player.java,postProcessing,->,12acfc45-bdfb-4343-9004-9be15dfd844c,java/lang/StringBuilder.java,append
12acfc45-bdfb-4343-9004-9be15dfd844c,server/model/players/Player.java,postProcessing,->,12acfc45-bdfb-4343-9004-9be15dfd844c,java/lang/StringBuilder.java,append
12acfc45-bdfb-4343-9004-9be15dfd844c,server/model/players/Player.java,postProcessing,->,12acfc45-bdfb-4343-9004-9be15dfd844c,java/lang/StringBuilder.java,append
12acfc45-bdfb-4343-9004-9be15dfd844c,server/model/players/Player.java,postProcessing,->,12acfc45-bdfb-4343-9004-9be15dfd844c,java/lang/StringBuilder.java,append
12acfc45-bdfb-4343-9004-9be15dfd844c,server/model/players/Player.java,postProcessing,->,12acfc45-bdfb-4343-9004-9be15dfd844c,java/lang/StringBuilder.java,append
12acfc45-bdfb-4343-9004-9be15dfd844c,server/model/players/Player.java,postProcessing,->,12acfc45-bdfb-4343-9004-9be15dfd844c,java/lang/StringBuilder.java,append
12acfc45-bdfb-4343-9004-9be15dfd844c,server/model/players/Player.java,postProcessing,->,12acfc45-bdfb-4343-9004-9be15dfd844c,java/lang/StringBuilder.java,append
12acfc45-bdfb-4343-9004-9be15dfd844c,server/model/players/Player.java,postProcessing,->,12acfc45-bdfb-4343-9004-9be15dfd844c,java/lang/StringBuilder.java,toString
12acfc45-bdfb-4343-9004-9be15dfd844c,server/model/players/Player.java,postProcessing,->,12acfc45-bdfb-4343-9004-9be15dfd844c,server/model/players/Player.java,println_debug
12acfc45-bdfb-4343-9004-9be15dfd844c,server/model/players/Player.java,postProcessing,->,12acfc45-bdfb-4343-9004-9be15dfd844c,2c89cfe4-ed6d-446f-832b-3c203feb3155,05de951b-2fa8-4121-99ee-ce604b8bd631
12acfc45-bdfb-4343-9004-9be15dfd844c,server/model/players/Player.java,postProcessing,->,12acfc45-bdfb-4343-9004-9be15dfd844c,java/lang/StringBuilder.java,append
12acfc45-bdfb-4343-9004-9be15dfd844c,server/model/players/Player.java,postProcessing,->,12acfc45-bdfb-4343-9004-9be15dfd844c,java/lang/StringBuilder.java,append
12acfc45-bdfb-4343-9004-9be15dfd844c,server/model/players/Player.java,postProcessing,->,12acfc45-bdfb-4343-9004-9be15dfd844c,java/lang/StringBuilder.java,append
12acfc45-bdfb-4343-9004-9be15dfd844c,server/model/players/Player.java,postProcessing,->,12acfc45-bdfb-4343-9004-9be15dfd844c,java/lang/StringBuilder.java,append
12acfc45-bdfb-4343-9004-9be15dfd844c,server/model/players/Player.java,postProcessing,->,12acfc45-bdfb-4343-9004-9be15dfd844c,java/lang/StringBuilder.java,append
12acfc45-bdfb-4343-9004-9be15dfd844c,server/model/players/Player.java,postProcessing,->,12acfc45-bdfb-4343-9004-9be15dfd844c,java/lang/StringBuilder.java,append
12acfc45-bdfb-4343-9004-9be15dfd844c,server/model/players/Player.java,postProcessing,->,12acfc45-bdfb-4343-9004-9be15dfd844c,java/lang/StringBuilder.java,append
12acfc45-bdfb-4343-9004-9be15dfd844c,server/model/players/Player.java,postProcessing,->,12acfc45-bdfb-4343-9004-9be15dfd844c,java/lang/StringBuilder.java,append
12acfc45-bdfb-4343-9004-9be15dfd844c,server/model/players/Player.java,postProcessing,->,12acfc45-bdfb-4343-9004-9be15dfd844c,java/lang/StringBuilder.java,append
12acfc45-bdfb-4343-9004-9be15dfd844c,server/model/players/Player.java,postProcessing,->,12acfc45-bdfb-4343-9004-9be15dfd844c,java/lang/StringBuilder.java,append
12acfc45-bdfb-4343-9004-9be15dfd844c,server/model/players/Player.java,postProcessing,->,12acfc45-bdfb-4343-9004-9be15dfd844c,java/lang/StringBuilder.java,append
12acfc45-bdfb-4343-9004-9be15dfd844c,server/model/players/Player.java,postProcessing,->,12acfc45-bdfb-4343-9004-9be15dfd844c,java/lang/StringBuilder.java,append
12acfc45-bdfb-4343-9004-9be15dfd844c,server/model/players/Player.java,postProcessing,->,12acfc45-bdfb-4343-9004-9be15dfd844c,java/lang/StringBuilder.java,append
12acfc45-bdfb-4343-9004-9be15dfd844c,server/model/players/Player.java,postProcessing,->,12acfc45-bdfb-4343-9004-9be15dfd844c,java/lang/StringBuilder.java,append
12acfc45-bdfb-4343-9004-9be15dfd844c,server/model/players/Player.java,postProcessing,->,12acfc45-bdfb-4343-9004-9be15dfd844c,java/lang/StringBuilder.java,toString
12acfc45-bdfb-4343-9004-9be15dfd844c,server/model/players/Player.java,postProcessing,->,12acfc45-bdfb-4343-9004-9be15dfd844c,server/model/players/Player.java,println_debug
12acfc45-bdfb-4343-9004-9be15dfd844c,server/model/players/Player.java,postProcessing,->,12acfc45-bdfb-4343-9004-9be15dfd844c,server/model/players/Player.java,addToWalkingQueue
12acfc45-bdfb-4343-9004-9be15dfd844c,server/model/players/Player.java,postProcessing,->,12acfc45-bdfb-4343-9004-9be15dfd844c,server/model/players/Player.java,addToWalkingQueue
12acfc45-bdfb-4343-9004-9be15dfd844c,server/model/players/Player.java,postProcessing,->,12acfc45-bdfb-4343-9004-9be15dfd844c,server/model/players/Player.java,getNewWalkCmdX
12acfc45-bdfb-4343-9004-9be15dfd844c,server/model/players/Player.java,postProcessing,->,12acfc45-bdfb-4343-9004-9be15dfd844c,server/model/players/Player.java,getNewWalkCmdY
12acfc45-bdfb-4343-9004-9be15dfd844c,server/model/players/Player.java,postProcessing,->,12acfc45-bdfb-4343-9004-9be15dfd844c,server/model/players/Player.java,addToWalkingQueue
12acfc45-bdfb-4343-9004-9be15dfd844c,server/model/players/Player.java,postProcessing,->,12acfc45-bdfb-4343-9004-9be15dfd844c,server/model/players/Player.java,isNewWalkCmdIsRunning
12acfc45-bdfb-4343-9004-9be15dfd844c,server/model/players/Player.java,samePlayer,->,12acfc45-bdfb-4343-9004-9be15dfd844c,java/lang/String.java,equalsIgnoreCase
12acfc45-bdfb-4343-9004-9be15dfd844c,server/model/players/Player.java,putInCombat,->,12acfc45-bdfb-4343-9004-9be15dfd844c,java/lang/System.java,currentTimeMillis
12acfc45-bdfb-4343-9004-9be15dfd844c,server/model/players/Player.java,putInCombat,->,12acfc45-bdfb-4343-9004-9be15dfd844c,java/lang/System.java,currentTimeMillis
12acfc45-bdfb-4343-9004-9be15dfd844c,server/model/players/ActionAssistant2.java,showInterface,->,12acfc45-bdfb-4343-9004-9be15dfd844c,server/model/players/Client.java,getOutStream
12acfc45-bdfb-4343-9004-9be15dfd844c,server/model/players/ActionAssistant2.java,showInterface,->,12acfc45-bdfb-4343-9004-9be15dfd844c,server/util/Stream.java,createFrame
12acfc45-bdfb-4343-9004-9be15dfd844c,server/model/players/ActionAssistant2.java,showInterface,->,12acfc45-bdfb-4343-9004-9be15dfd844c,server/model/players/Client.java,getOutStream
12acfc45-bdfb-4343-9004-9be15dfd844c,server/model/players/ActionAssistant2.java,showInterface,->,12acfc45-bdfb-4343-9004-9be15dfd844c,server/util/Stream.java,writeWord
12acfc45-bdfb-4343-9004-9be15dfd844c,server/model/players/ActionAssistant2.java,showInterface,->,12acfc45-bdfb-4343-9004-9be15dfd844c,server/model/players/Client.java,flushOutStream
12acfc45-bdfb-4343-9004-9be15dfd844c,server/model/players/ActionAssistant2.java,sendQuest,->,12acfc45-bdfb-4343-9004-9be15dfd844c,server/model/players/Client.java,getOutStream
12acfc45-bdfb-4343-9004-9be15dfd844c,server/model/players/ActionAssistant2.java,sendQuest,->,12acfc45-bdfb-4343-9004-9be15dfd844c,server/util/Stream.java,createFrameVarSizeWord
12acfc45-bdfb-4343-9004-9be15dfd844c,server/model/players/ActionAssistant2.java,sendQuest,->,12acfc45-bdfb-4343-9004-9be15dfd844c,server/model/players/Client.java,getOutStream
12acfc45-bdfb-4343-9004-9be15dfd844c,server/model/players/ActionAssistant2.java,sendQuest,->,12acfc45-bdfb-4343-9004-9be15dfd844c,server/util/Stream.java,writeString
12acfc45-bdfb-4343-9004-9be15dfd844c,server/model/players/ActionAssistant2.java,sendQuest,->,12acfc45-bdfb-4343-9004-9be15dfd844c,server/model/players/Client.java,getOutStream
12acfc45-bdfb-4343-9004-9be15dfd844c,server/model/players/ActionAssistant2.java,sendQuest,->,12acfc45-bdfb-4343-9004-9be15dfd844c,server/util/Stream.java,writeWordA
12acfc45-bdfb-4343-9004-9be15dfd844c,server/model/players/ActionAssistant2.java,sendQuest,->,12acfc45-bdfb-4343-9004-9be15dfd844c,server/model/players/Client.java,getOutStream
12acfc45-bdfb-4343-9004-9be15dfd844c,server/model/players/ActionAssistant2.java,sendQuest,->,12acfc45-bdfb-4343-9004-9be15dfd844c,server/util/Stream.java,endFrameVarSizeWord
12acfc45-bdfb-4343-9004-9be15dfd844c,server/model/players/ActionAssistant2.java,sendQuest,->,12acfc45-bdfb-4343-9004-9be15dfd844c,server/model/players/Client.java,flushOutStream
12acfc45-bdfb-4343-9004-9be15dfd844c,server/model/players/ActionAssistant2.java,GERTRUDE4,->,12acfc45-bdfb-4343-9004-9be15dfd844c,server/model/players/Client.java,getPA
12acfc45-bdfb-4343-9004-9be15dfd844c,server/model/players/ActionAssistant2.java,GERTRUDE4,->,12acfc45-bdfb-4343-9004-9be15dfd844c,991eb2a8-284a-4290-ae08-f54cf8834706,8b7f99b3-ad79-4f53-a6cb-1134e538049f
12acfc45-bdfb-4343-9004-9be15dfd844c,server/model/players/ActionAssistant2.java,DESERT,->,12acfc45-bdfb-4343-9004-9be15dfd844c,server/model/players/Client.java,getPA
12acfc45-bdfb-4343-9004-9be15dfd844c,server/model/players/ActionAssistant2.java,DESERT,->,12acfc45-bdfb-4343-9004-9be15dfd844c,991eb2a8-284a-4290-ae08-f54cf8834706,8b7f99b3-ad79-4f53-a6cb-1134e538049f
12acfc45-bdfb-4343-9004-9be15dfd844c,server/model/players/ActionAssistant2.java,DEMONREWARD,->,12acfc45-bdfb-4343-9004-9be15dfd844c,server/model/players/Client.java,getPA
12acfc45-bdfb-4343-9004-9be15dfd844c,server/model/players/ActionAssistant2.java,DEMONREWARD,->,12acfc45-bdfb-4343-9004-9be15dfd844c,991eb2a8-284a-4290-ae08-f54cf8834706,8b7f99b3-ad79-4f53-a6cb-1134e538049f
12acfc45-bdfb-4343-9004-9be15dfd844c,server/model/players/ActionAssistant2.java,HFTD,->,12acfc45-bdfb-4343-9004-9be15dfd844c,server/model/players/Client.java,getPA
12acfc45-bdfb-4343-9004-9be15dfd844c,server/model/players/ActionAssistant2.java,HFTD,->,12acfc45-bdfb-4343-9004-9be15dfd844c,991eb2a8-284a-4290-ae08-f54cf8834706,8b7f99b3-ad79-4f53-a6cb-1134e538049f
12acfc45-bdfb-4343-9004-9be15dfd844c,server/model/players/ActionAssistant2.java,RMQ,->,12acfc45-bdfb-4343-9004-9be15dfd844c,server/model/players/Client.java,getPA
12acfc45-bdfb-4343-9004-9be15dfd844c,server/model/players/ActionAssistant2.java,RMQ,->,12acfc45-bdfb-4343-9004-9be15dfd844c,991eb2a8-284a-4290-ae08-f54cf8834706,8b7f99b3-ad79-4f53-a6cb-1134e538049f
12acfc45-bdfb-4343-9004-9be15dfd844c,server/model/players/ActionAssistant2.java,COOK2,->,12acfc45-bdfb-4343-9004-9be15dfd844c,server/model/players/Client.java,getPA
12acfc45-bdfb-4343-9004-9be15dfd844c,server/model/players/ActionAssistant2.java,COOK2,->,12acfc45-bdfb-4343-9004-9be15dfd844c,991eb2a8-284a-4290-ae08-f54cf8834706,0955b7e8-1203-4e9d-8e85-6eeaf5af5ce5
12acfc45-bdfb-4343-9004-9be15dfd844c,server/model/players/ActionAssistant2.java,COOK2,->,12acfc45-bdfb-4343-9004-9be15dfd844c,server/model/players/Client.java,getPA
12acfc45-bdfb-4343-9004-9be15dfd844c,server/model/players/ActionAssistant2.java,COOK2,->,12acfc45-bdfb-4343-9004-9be15dfd844c,991eb2a8-284a-4290-ae08-f54cf8834706,895d3d5a-5a67-4c66-8ca8-f3b69e5562a1
12acfc45-bdfb-4343-9004-9be15dfd844c,server/model/players/ActionAssistant2.java,COOK2,->,12acfc45-bdfb-4343-9004-9be15dfd844c,server/model/players/Client.java,getPA
12acfc45-bdfb-4343-9004-9be15dfd844c,server/model/players/ActionAssistant2.java,COOK2,->,12acfc45-bdfb-4343-9004-9be15dfd844c,991eb2a8-284a-4290-ae08-f54cf8834706,8b7f99b3-ad79-4f53-a6cb-1134e538049f
12acfc45-bdfb-4343-9004-9be15dfd844c,server/model/players/ActionAssistant2.java,DORIC,->,12acfc45-bdfb-4343-9004-9be15dfd844c,server/model/players/Client.java,getPA
12acfc45-bdfb-4343-9004-9be15dfd844c,server/model/players/ActionAssistant2.java,DORIC,->,12acfc45-bdfb-4343-9004-9be15dfd844c,991eb2a8-284a-4290-ae08-f54cf8834706,0955b7e8-1203-4e9d-8e85-6eeaf5af5ce5
12acfc45-bdfb-4343-9004-9be15dfd844c,server/model/players/ActionAssistant2.java,DORIC,->,12acfc45-bdfb-4343-9004-9be15dfd844c,server/model/players/Client.java,getPA
12acfc45-bdfb-4343-9004-9be15dfd844c,server/model/players/ActionAssistant2.java,DORIC,->,12acfc45-bdfb-4343-9004-9be15dfd844c,991eb2a8-284a-4290-ae08-f54cf8834706,895d3d5a-5a67-4c66-8ca8-f3b69e5562a1
12acfc45-bdfb-4343-9004-9be15dfd844c,server/model/players/ActionAssistant2.java,DORIC,->,12acfc45-bdfb-4343-9004-9be15dfd844c,server/model/players/Client.java,getPA
12acfc45-bdfb-4343-9004-9be15dfd844c,server/model/players/ActionAssistant2.java,DORIC,->,12acfc45-bdfb-4343-9004-9be15dfd844c,991eb2a8-284a-4290-ae08-f54cf8834706,8b7f99b3-ad79-4f53-a6cb-1134e538049f
12acfc45-bdfb-4343-9004-9be15dfd844c,server/model/players/ActionAssistant2.java,JULIET2,->,12acfc45-bdfb-4343-9004-9be15dfd844c,server/model/players/Client.java,getPA
12acfc45-bdfb-4343-9004-9be15dfd844c,server/model/players/ActionAssistant2.java,JULIET2,->,12acfc45-bdfb-4343-9004-9be15dfd844c,991eb2a8-284a-4290-ae08-f54cf8834706,8b7f99b3-ad79-4f53-a6cb-1134e538049f
12acfc45-bdfb-4343-9004-9be15dfd844c,server/model/players/ActionAssistant2.java,startDwarfQuest7,->,12acfc45-bdfb-4343-9004-9be15dfd844c,server/model/players/Client.java,getPA
12acfc45-bdfb-4343-9004-9be15dfd844c,server/model/players/ActionAssistant2.java,startDwarfQuest7,->,12acfc45-bdfb-4343-9004-9be15dfd844c,991eb2a8-284a-4290-ae08-f54cf8834706,8b7f99b3-ad79-4f53-a6cb-1134e538049f
12acfc45-bdfb-4343-9004-9be15dfd844c,server/model/players/ActionAssistant2.java,WITCHPOTION,->,12acfc45-bdfb-4343-9004-9be15dfd844c,server/model/players/Client.java,getPA
12acfc45-bdfb-4343-9004-9be15dfd844c,server/model/players/ActionAssistant2.java,WITCHPOTION,->,12acfc45-bdfb-4343-9004-9be15dfd844c,991eb2a8-284a-4290-ae08-f54cf8834706,0955b7e8-1203-4e9d-8e85-6eeaf5af5ce5
12acfc45-bdfb-4343-9004-9be15dfd844c,server/model/players/ActionAssistant2.java,WITCHPOTION,->,12acfc45-bdfb-4343-9004-9be15dfd844c,server/model/players/Client.java,getPA
12acfc45-bdfb-4343-9004-9be15dfd844c,server/model/players/ActionAssistant2.java,WITCHPOTION,->,12acfc45-bdfb-4343-9004-9be15dfd844c,991eb2a8-284a-4290-ae08-f54cf8834706,8b7f99b3-ad79-4f53-a6cb-1134e538049f
12acfc45-bdfb-4343-9004-9be15dfd844c,server/model/players/ActionAssistant2.java,sendQuestTab,->,12acfc45-bdfb-4343-9004-9be15dfd844c,server/model/players/ActionAssistant2.java,sendFrame126
12acfc45-bdfb-4343-9004-9be15dfd844c,server/model/players/ActionAssistant2.java,sendQuestTab,->,12acfc45-bdfb-4343-9004-9be15dfd844c,server/model/players/ActionAssistant2.java,sendFrame126
12acfc45-bdfb-4343-9004-9be15dfd844c,server/model/players/ActionAssistant2.java,sendQuestTab,->,12acfc45-bdfb-4343-9004-9be15dfd844c,server/model/players/ActionAssistant2.java,sendFrame126
12acfc45-bdfb-4343-9004-9be15dfd844c,server/model/players/ActionAssistant2.java,sendQuestTab,->,12acfc45-bdfb-4343-9004-9be15dfd844c,server/model/players/ActionAssistant2.java,sendFrame126
12acfc45-bdfb-4343-9004-9be15dfd844c,server/model/players/ActionAssistant2.java,sendQuestTab,->,12acfc45-bdfb-4343-9004-9be15dfd844c,server/model/players/ActionAssistant2.java,sendFrame126
12acfc45-bdfb-4343-9004-9be15dfd844c,server/model/players/ActionAssistant2.java,sendQuestTab,->,12acfc45-bdfb-4343-9004-9be15dfd844c,server/model/players/ActionAssistant2.java,sendFrame126
12acfc45-bdfb-4343-9004-9be15dfd844c,server/model/players/ActionAssistant2.java,sendQuestTab,->,12acfc45-bdfb-4343-9004-9be15dfd844c,server/model/players/ActionAssistant2.java,sendFrame126
12acfc45-bdfb-4343-9004-9be15dfd844c,server/model/players/ActionAssistant2.java,sendQuestTab,->,12acfc45-bdfb-4343-9004-9be15dfd844c,server/model/players/ActionAssistant2.java,sendFrame126
12acfc45-bdfb-4343-9004-9be15dfd844c,server/model/players/ActionAssistant2.java,sendQuestTab,->,12acfc45-bdfb-4343-9004-9be15dfd844c,server/model/players/ActionAssistant2.java,sendFrame126
12acfc45-bdfb-4343-9004-9be15dfd844c,server/model/players/ActionAssistant2.java,sendQuestTab,->,12acfc45-bdfb-4343-9004-9be15dfd844c,server/model/players/ActionAssistant2.java,sendFrame126
12acfc45-bdfb-4343-9004-9be15dfd844c,server/model/players/ActionAssistant2.java,sendQuestTab,->,12acfc45-bdfb-4343-9004-9be15dfd844c,server/model/players/ActionAssistant2.java,sendFrame126
12acfc45-bdfb-4343-9004-9be15dfd844c,server/model/players/ActionAssistant2.java,sendQuestTab,->,12acfc45-bdfb-4343-9004-9be15dfd844c,server/model/players/ActionAssistant2.java,sendFrame126
12acfc45-bdfb-4343-9004-9be15dfd844c,server/model/players/ActionAssistant2.java,sendQuestTab,->,12acfc45-bdfb-4343-9004-9be15dfd844c,server/model/players/ActionAssistant2.java,sendFrame126
12acfc45-bdfb-4343-9004-9be15dfd844c,server/model/players/ActionAssistant2.java,sendQuestTab,->,12acfc45-bdfb-4343-9004-9be15dfd844c,server/model/players/ActionAssistant2.java,sendFrame126
12acfc45-bdfb-4343-9004-9be15dfd844c,server/model/players/ActionAssistant2.java,sendQuestTab,->,12acfc45-bdfb-4343-9004-9be15dfd844c,server/model/players/ActionAssistant2.java,sendFrame126
12acfc45-bdfb-4343-9004-9be15dfd844c,server/model/players/ActionAssistant2.java,sendQuestTab,->,12acfc45-bdfb-4343-9004-9be15dfd844c,java/lang/StringBuilder.java,append
12acfc45-bdfb-4343-9004-9be15dfd844c,server/model/players/ActionAssistant2.java,sendQuestTab,->,12acfc45-bdfb-4343-9004-9be15dfd844c,java/lang/StringBuilder.java,append
12acfc45-bdfb-4343-9004-9be15dfd844c,server/model/players/ActionAssistant2.java,sendQuestTab,->,12acfc45-bdfb-4343-9004-9be15dfd844c,java/lang/StringBuilder.java,toString
12acfc45-bdfb-4343-9004-9be15dfd844c,server/model/players/ActionAssistant2.java,sendQuestTab,->,12acfc45-bdfb-4343-9004-9be15dfd844c,server/model/players/ActionAssistant2.java,sendFrame126
12acfc45-bdfb-4343-9004-9be15dfd844c,server/model/players/ActionAssistant2.java,sendFrame126,->,12acfc45-bdfb-4343-9004-9be15dfd844c,server/model/players/Client.java,getOutStream
12acfc45-bdfb-4343-9004-9be15dfd844c,server/model/players/ActionAssistant2.java,sendFrame126,->,12acfc45-bdfb-4343-9004-9be15dfd844c,server/model/players/Client.java,getOutStream
12acfc45-bdfb-4343-9004-9be15dfd844c,server/model/players/ActionAssistant2.java,sendFrame126,->,12acfc45-bdfb-4343-9004-9be15dfd844c,server/util/Stream.java,createFrameVarSizeWord
12acfc45-bdfb-4343-9004-9be15dfd844c,server/model/players/ActionAssistant2.java,sendFrame126,->,12acfc45-bdfb-4343-9004-9be15dfd844c,server/model/players/Client.java,getOutStream
12acfc45-bdfb-4343-9004-9be15dfd844c,server/model/players/ActionAssistant2.java,sendFrame126,->,12acfc45-bdfb-4343-9004-9be15dfd844c,server/util/Stream.java,writeString
12acfc45-bdfb-4343-9004-9be15dfd844c,server/model/players/ActionAssistant2.java,sendFrame126,->,12acfc45-bdfb-4343-9004-9be15dfd844c,server/model/players/Client.java,getOutStream
12acfc45-bdfb-4343-9004-9be15dfd844c,server/model/players/ActionAssistant2.java,sendFrame126,->,12acfc45-bdfb-4343-9004-9be15dfd844c,server/util/Stream.java,writeWordA
12acfc45-bdfb-4343-9004-9be15dfd844c,server/model/players/ActionAssistant2.java,sendFrame126,->,12acfc45-bdfb-4343-9004-9be15dfd844c,server/model/players/Client.java,getOutStream
12acfc45-bdfb-4343-9004-9be15dfd844c,server/model/players/ActionAssistant2.java,sendFrame126,->,12acfc45-bdfb-4343-9004-9be15dfd844c,server/util/Stream.java,endFrameVarSizeWord
12acfc45-bdfb-4343-9004-9be15dfd844c,server/model/players/ActionAssistant2.java,sendFrame126,->,12acfc45-bdfb-4343-9004-9be15dfd844c,server/model/players/Client.java,flushOutStream
12acfc45-bdfb-4343-9004-9be15dfd844c,server/model/players/CombatAssistant.java,goodSlayer,->,12acfc45-bdfb-4343-9004-9be15dfd844c,java/lang/StringBuilder.java,append
12acfc45-bdfb-4343-9004-9be15dfd844c,server/model/players/CombatAssistant.java,goodSlayer,->,12acfc45-bdfb-4343-9004-9be15dfd844c,java/lang/StringBuilder.java,append
12acfc45-bdfb-4343-9004-9be15dfd844c,server/model/players/CombatAssistant.java,goodSlayer,->,12acfc45-bdfb-4343-9004-9be15dfd844c,java/lang/StringBuilder.java,append
12acfc45-bdfb-4343-9004-9be15dfd844c,server/model/players/CombatAssistant.java,goodSlayer,->,12acfc45-bdfb-4343-9004-9be15dfd844c,java/lang/StringBuilder.java,toString
12acfc45-bdfb-4343-9004-9be15dfd844c,server/model/players/CombatAssistant.java,goodSlayer,->,12acfc45-bdfb-4343-9004-9be15dfd844c,server/model/players/Client.java,sendMessage
12acfc45-bdfb-4343-9004-9be15dfd844c,server/model/players/CombatAssistant.java,resetPlayerAttack,->,12acfc45-bdfb-4343-9004-9be15dfd844c,server/model/players/combat/melee/MeleeData.java,resetPlayerAttack
12acfc45-bdfb-4343-9004-9be15dfd844c,server/model/players/CombatAssistant.java,getCombatDifference,->,12acfc45-bdfb-4343-9004-9be15dfd844c,server/model/players/combat/melee/MeleeRequirements.java,getCombatDifference
12acfc45-bdfb-4343-9004-9be15dfd844c,server/model/players/CombatAssistant.java,getKillerId,->,12acfc45-bdfb-4343-9004-9be15dfd844c,server/model/players/combat/melee/MeleeRequirements.java,getKillerId
12acfc45-bdfb-4343-9004-9be15dfd844c,server/model/players/CombatAssistant.java,checkReqs,->,12acfc45-bdfb-4343-9004-9be15dfd844c,server/model/players/combat/melee/MeleeRequirements.java,checkReqs
12acfc45-bdfb-4343-9004-9be15dfd844c,server/model/players/CombatAssistant.java,checkMultiBarrageReqs,->,12acfc45-bdfb-4343-9004-9be15dfd844c,server/model/players/combat/magic/MagicExtras.java,checkMultiBarrageReqs
12acfc45-bdfb-4343-9004-9be15dfd844c,server/model/players/CombatAssistant.java,getRequiredDistance,->,12acfc45-bdfb-4343-9004-9be15dfd844c,server/model/players/combat/melee/MeleeRequirements.java,getRequiredDistance
12acfc45-bdfb-4343-9004-9be15dfd844c,server/model/players/CombatAssistant.java,multiSpellEffectNPC,->,12acfc45-bdfb-4343-9004-9be15dfd844c,server/model/players/combat/magic/MagicExtras.java,multiSpellEffectNPC
12acfc45-bdfb-4343-9004-9be15dfd844c,server/model/players/CombatAssistant.java,checkMultiBarrageReqsNPC,->,12acfc45-bdfb-4343-9004-9be15dfd844c,server/model/players/combat/magic/MagicExtras.java,checkMultiBarrageReqsNPC
12acfc45-bdfb-4343-9004-9be15dfd844c,server/model/players/CombatAssistant.java,appendMultiBarrageNPC,->,12acfc45-bdfb-4343-9004-9be15dfd844c,server/model/players/combat/magic/MagicExtras.java,appendMultiBarrageNPC
12acfc45-bdfb-4343-9004-9be15dfd844c,server/model/players/CombatAssistant.java,attackNpc,->,12acfc45-bdfb-4343-9004-9be15dfd844c,server/model/players/combat/AttackNPC.java,attackNpc
12acfc45-bdfb-4343-9004-9be15dfd844c,server/model/players/CombatAssistant.java,delayedHit,->,12acfc45-bdfb-4343-9004-9be15dfd844c,server/model/players/combat/AttackNPC.java,delayedHit
12acfc45-bdfb-4343-9004-9be15dfd844c,server/model/players/CombatAssistant.java,applyNpcMeleeDamage,->,12acfc45-bdfb-4343-9004-9be15dfd844c,server/model/players/combat/AttackNPC.java,applyNpcMeleeDamage
12acfc45-bdfb-4343-9004-9be15dfd844c,server/model/players/CombatAssistant.java,attackPlayer,->,12acfc45-bdfb-4343-9004-9be15dfd844c,server/model/players/combat/AttackPlayer.java,attackPlayer
12acfc45-bdfb-4343-9004-9be15dfd844c,server/model/players/CombatAssistant.java,playerDelayedHit,->,12acfc45-bdfb-4343-9004-9be15dfd844c,server/model/players/combat/AttackPlayer.java,playerDelayedHit
12acfc45-bdfb-4343-9004-9be15dfd844c,server/model/players/CombatAssistant.java,applyPlayerMeleeDamage,->,12acfc45-bdfb-4343-9004-9be15dfd844c,server/model/players/combat/AttackPlayer.java,applyPlayerMeleeDamage
12acfc45-bdfb-4343-9004-9be15dfd844c,server/model/players/CombatAssistant.java,addNPCHit,->,12acfc45-bdfb-4343-9004-9be15dfd844c,server/model/players/combat/AttackNPC.java,addNPCHit
12acfc45-bdfb-4343-9004-9be15dfd844c,server/model/players/CombatAssistant.java,applyPlayerHit,->,12acfc45-bdfb-4343-9004-9be15dfd844c,server/model/players/combat/AttackPlayer.java,applyPlayerHit
12acfc45-bdfb-4343-9004-9be15dfd844c,server/model/players/CombatAssistant.java,fireProjectileNpc,->,12acfc45-bdfb-4343-9004-9be15dfd844c,server/model/players/combat/range/RangeData.java,fireProjectileNpc
12acfc45-bdfb-4343-9004-9be15dfd844c,server/model/players/CombatAssistant.java,fireProjectilePlayer,->,12acfc45-bdfb-4343-9004-9be15dfd844c,server/model/players/combat/range/RangeData.java,fireProjectilePlayer
12acfc45-bdfb-4343-9004-9be15dfd844c,server/model/players/CombatAssistant.java,multis,->,12acfc45-bdfb-4343-9004-9be15dfd844c,server/model/players/combat/magic/MagicData.java,multiSpells
12acfc45-bdfb-4343-9004-9be15dfd844c,server/model/players/CombatAssistant.java,appendMultiBarrage,->,12acfc45-bdfb-4343-9004-9be15dfd844c,server/model/players/combat/magic/MagicExtras.java,appendMultiBarrage
12acfc45-bdfb-4343-9004-9be15dfd844c,server/model/players/CombatAssistant.java,multiSpellEffect,->,12acfc45-bdfb-4343-9004-9be15dfd844c,server/model/players/combat/magic/MagicExtras.java,multiSpellEffect
12acfc45-bdfb-4343-9004-9be15dfd844c,server/model/players/CombatAssistant.java,applySmite,->,12acfc45-bdfb-4343-9004-9be15dfd844c,server/model/players/combat/melee/MeleeExtras.java,applySmite
12acfc45-bdfb-4343-9004-9be15dfd844c,server/model/players/CombatAssistant.java,usingHally,->,12acfc45-bdfb-4343-9004-9be15dfd844c,server/model/players/combat/melee/MeleeData.java,usingHally
12acfc45-bdfb-4343-9004-9be15dfd844c,server/model/players/CombatAssistant.java,getPlayerAnimIndex,->,12acfc45-bdfb-4343-9004-9be15dfd844c,server/model/players/combat/melee/MeleeData.java,getPlayerAnimIndex
12acfc45-bdfb-4343-9004-9be15dfd844c,server/model/players/CombatAssistant.java,getWepAnim,->,12acfc45-bdfb-4343-9004-9be15dfd844c,server/model/players/combat/melee/MeleeData.java,getWepAnim
12acfc45-bdfb-4343-9004-9be15dfd844c,server/model/players/CombatAssistant.java,getBlockEmote,->,12acfc45-bdfb-4343-9004-9be15dfd844c,server/model/players/combat/melee/MeleeData.java,getBlockEmote
12acfc45-bdfb-4343-9004-9be15dfd844c,server/model/players/CombatAssistant.java,getAttackDelay,->,12acfc45-bdfb-4343-9004-9be15dfd844c,server/model/players/combat/melee/MeleeData.java,getAttackDelay
12acfc45-bdfb-4343-9004-9be15dfd844c,server/model/players/CombatAssistant.java,getHitDelay,->,12acfc45-bdfb-4343-9004-9be15dfd844c,server/model/players/combat/melee/MeleeData.java,getHitDelay
12acfc45-bdfb-4343-9004-9be15dfd844c,server/model/players/CombatAssistant.java,npcDefenceAnim,->,12acfc45-bdfb-4343-9004-9be15dfd844c,server/model/players/combat/melee/MeleeData.java,npcDefenceAnim
12acfc45-bdfb-4343-9004-9be15dfd844c,server/model/players/CombatAssistant.java,calculateMeleeAttack,->,12acfc45-bdfb-4343-9004-9be15dfd844c,server/model/players/combat/melee/MeleeMaxHit.java,calculateMeleeAttack
12acfc45-bdfb-4343-9004-9be15dfd844c,server/model/players/CombatAssistant.java,bestMeleeAtk,->,12acfc45-bdfb-4343-9004-9be15dfd844c,server/model/players/combat/melee/MeleeMaxHit.java,bestMeleeAtk
12acfc45-bdfb-4343-9004-9be15dfd844c,server/model/players/CombatAssistant.java,calculateMeleeMaxHit,->,12acfc45-bdfb-4343-9004-9be15dfd844c,server/model/players/combat/melee/MeleeMaxHit.java,calculateBaseDamage
12acfc45-bdfb-4343-9004-9be15dfd844c,server/model/players/CombatAssistant.java,calculateMeleeDefence,->,12acfc45-bdfb-4343-9004-9be15dfd844c,server/model/players/combat/melee/MeleeMaxHit.java,calculateMeleeDefence
12acfc45-bdfb-4343-9004-9be15dfd844c,server/model/players/CombatAssistant.java,bestMeleeDef,->,12acfc45-bdfb-4343-9004-9be15dfd844c,server/model/players/combat/melee/MeleeMaxHit.java,bestMeleeDef
12acfc45-bdfb-4343-9004-9be15dfd844c,server/model/players/CombatAssistant.java,addCharge,->,12acfc45-bdfb-4343-9004-9be15dfd844c,server/model/players/combat/melee/MeleeExtras.java,addCharge
12acfc45-bdfb-4343-9004-9be15dfd844c,server/model/players/CombatAssistant.java,handleDfs,->,12acfc45-bdfb-4343-9004-9be15dfd844c,server/model/players/combat/melee/MeleeExtras.java,handleDragonFireShield
12acfc45-bdfb-4343-9004-9be15dfd844c,server/model/players/CombatAssistant.java,handleDfsNPC,->,12acfc45-bdfb-4343-9004-9be15dfd844c,server/model/players/combat/melee/MeleeExtras.java,handleDragonFireShieldNPC
12acfc45-bdfb-4343-9004-9be15dfd844c,server/model/players/CombatAssistant.java,appendVengeanceNPC,->,12acfc45-bdfb-4343-9004-9be15dfd844c,server/model/players/combat/melee/MeleeExtras.java,appendVengeanceNPC
12acfc45-bdfb-4343-9004-9be15dfd844c,server/model/players/CombatAssistant.java,appendVengeance,->,12acfc45-bdfb-4343-9004-9be15dfd844c,server/model/players/combat/melee/MeleeExtras.java,appendVengeance
12acfc45-bdfb-4343-9004-9be15dfd844c,server/model/players/CombatAssistant.java,applyRecoilNPC,->,12acfc45-bdfb-4343-9004-9be15dfd844c,server/model/players/combat/melee/MeleeExtras.java,applyRecoilNPC
12acfc45-bdfb-4343-9004-9be15dfd844c,server/model/players/CombatAssistant.java,applyRecoil,->,12acfc45-bdfb-4343-9004-9be15dfd844c,server/model/players/combat/melee/MeleeExtras.java,applyRecoil
12acfc45-bdfb-4343-9004-9be15dfd844c,server/model/players/CombatAssistant.java,removeRecoil,->,12acfc45-bdfb-4343-9004-9be15dfd844c,server/model/players/combat/melee/MeleeExtras.java,removeRecoil
12acfc45-bdfb-4343-9004-9be15dfd844c,server/model/players/CombatAssistant.java,handleGmaulPlayer,->,12acfc45-bdfb-4343-9004-9be15dfd844c,server/model/players/combat/melee/MeleeExtras.java,graniteMaulSpecial
12acfc45-bdfb-4343-9004-9be15dfd844c,server/model/players/CombatAssistant.java,activateSpecial,->,12acfc45-bdfb-4343-9004-9be15dfd844c,server/model/players/combat/melee/MeleeSpecial.java,activateSpecial
12acfc45-bdfb-4343-9004-9be15dfd844c,server/model/players/CombatAssistant.java,checkSpecAmount,->,12acfc45-bdfb-4343-9004-9be15dfd844c,server/model/players/combat/melee/MeleeSpecial.java,checkSpecAmount
12acfc45-bdfb-4343-9004-9be15dfd844c,server/model/players/CombatAssistant.java,calculateRangeAttack,->,12acfc45-bdfb-4343-9004-9be15dfd844c,server/model/players/combat/range/RangeMaxHit.java,calculateRangeAttack
12acfc45-bdfb-4343-9004-9be15dfd844c,server/model/players/CombatAssistant.java,calculateRangeDefence,->,12acfc45-bdfb-4343-9004-9be15dfd844c,server/model/players/combat/range/RangeMaxHit.java,calculateRangeDefence
12acfc45-bdfb-4343-9004-9be15dfd844c,server/model/players/CombatAssistant.java,rangeMaxHit,->,12acfc45-bdfb-4343-9004-9be15dfd844c,server/model/players/combat/range/RangeMaxHit.java,maxHit
12acfc45-bdfb-4343-9004-9be15dfd844c,server/model/players/CombatAssistant.java,getRangeStr,->,12acfc45-bdfb-4343-9004-9be15dfd844c,server/model/players/combat/range/RangeData.java,getRangeStr
12acfc45-bdfb-4343-9004-9be15dfd844c,server/model/players/CombatAssistant.java,getRangeStartGFX,->,12acfc45-bdfb-4343-9004-9be15dfd844c,server/model/players/combat/range/RangeData.java,getRangeStartGFX
12acfc45-bdfb-4343-9004-9be15dfd844c,server/model/players/CombatAssistant.java,getRangeProjectileGFX,->,12acfc45-bdfb-4343-9004-9be15dfd844c,server/model/players/combat/range/RangeData.java,getRangeProjectileGFX
12acfc45-bdfb-4343-9004-9be15dfd844c,server/model/players/CombatAssistant.java,correctBowAndArrows,->,12acfc45-bdfb-4343-9004-9be15dfd844c,server/model/players/combat/range/RangeData.java,correctBowAndArrows
12acfc45-bdfb-4343-9004-9be15dfd844c,server/model/players/CombatAssistant.java,getProjectileShowDelay,->,12acfc45-bdfb-4343-9004-9be15dfd844c,server/model/players/combat/range/RangeData.java,getProjectileShowDelay
12acfc45-bdfb-4343-9004-9be15dfd844c,server/model/players/CombatAssistant.java,getProjectileSpeed,->,12acfc45-bdfb-4343-9004-9be15dfd844c,server/model/players/combat/range/RangeData.java,getProjectileSpeed
12acfc45-bdfb-4343-9004-9be15dfd844c,server/model/players/CombatAssistant.java,crossbowSpecial,->,12acfc45-bdfb-4343-9004-9be15dfd844c,server/model/players/combat/range/RangeExtras.java,crossbowSpecial
12acfc45-bdfb-4343-9004-9be15dfd844c,server/model/players/CombatAssistant.java,appendMutliChinchompa,->,12acfc45-bdfb-4343-9004-9be15dfd844c,server/model/players/combat/range/RangeExtras.java,appendMutliChinchompa
12acfc45-bdfb-4343-9004-9be15dfd844c,server/model/players/CombatAssistant.java,properBolts,->,12acfc45-bdfb-4343-9004-9be15dfd844c,server/model/players/CombatAssistant.java,usingBolts
12acfc45-bdfb-4343-9004-9be15dfd844c,server/model/players/CombatAssistant.java,mageAtk,->,12acfc45-bdfb-4343-9004-9be15dfd844c,server/model/players/combat/magic/MagicMaxHit.java,mageAttack
12acfc45-bdfb-4343-9004-9be15dfd844c,server/model/players/CombatAssistant.java,mageDef,->,12acfc45-bdfb-4343-9004-9be15dfd844c,server/model/players/combat/magic/MagicMaxHit.java,mageDefefence
12acfc45-bdfb-4343-9004-9be15dfd844c,server/model/players/CombatAssistant.java,magicMaxHit,->,12acfc45-bdfb-4343-9004-9be15dfd844c,server/model/players/combat/magic/MagicMaxHit.java,magiMaxHit
12acfc45-bdfb-4343-9004-9be15dfd844c,server/model/players/CombatAssistant.java,wearingStaff,->,12acfc45-bdfb-4343-9004-9be15dfd844c,server/model/players/combat/magic/MagicRequirements.java,wearingStaff
12acfc45-bdfb-4343-9004-9be15dfd844c,server/model/players/CombatAssistant.java,checkMagicReqs,->,12acfc45-bdfb-4343-9004-9be15dfd844c,server/model/players/combat/magic/MagicRequirements.java,checkMagicReqs
12acfc45-bdfb-4343-9004-9be15dfd844c,server/model/players/CombatAssistant.java,getMagicGraphic,->,12acfc45-bdfb-4343-9004-9be15dfd844c,server/model/players/combat/magic/MagicData.java,getMagicGraphic
12acfc45-bdfb-4343-9004-9be15dfd844c,server/model/players/CombatAssistant.java,getFreezeTime,->,12acfc45-bdfb-4343-9004-9be15dfd844c,server/model/players/combat/magic/MagicData.java,getFreezeTime
12acfc45-bdfb-4343-9004-9be15dfd844c,server/model/players/CombatAssistant.java,getStartHeight,->,12acfc45-bdfb-4343-9004-9be15dfd844c,server/model/players/combat/magic/MagicData.java,getStartHeight
12acfc45-bdfb-4343-9004-9be15dfd844c,server/model/players/CombatAssistant.java,getEndHeight,->,12acfc45-bdfb-4343-9004-9be15dfd844c,server/model/players/combat/magic/MagicData.java,getEndHeight
12acfc45-bdfb-4343-9004-9be15dfd844c,server/model/players/CombatAssistant.java,getStartDelay,->,12acfc45-bdfb-4343-9004-9be15dfd844c,server/model/players/combat/magic/MagicData.java,getStartDelay
12acfc45-bdfb-4343-9004-9be15dfd844c,server/model/players/CombatAssistant.java,getStaffNeeded,->,12acfc45-bdfb-4343-9004-9be15dfd844c,server/model/players/combat/magic/MagicData.java,getStaffNeeded
12acfc45-bdfb-4343-9004-9be15dfd844c,server/model/players/CombatAssistant.java,godSpells,->,12acfc45-bdfb-4343-9004-9be15dfd844c,server/model/players/combat/magic/MagicData.java,godSpells
12acfc45-bdfb-4343-9004-9be15dfd844c,server/model/players/CombatAssistant.java,getEndGfxHeight,->,12acfc45-bdfb-4343-9004-9be15dfd844c,server/model/players/combat/magic/MagicData.java,getEndGfxHeight
12acfc45-bdfb-4343-9004-9be15dfd844c,server/model/players/CombatAssistant.java,getStartGfxHeight,->,12acfc45-bdfb-4343-9004-9be15dfd844c,server/model/players/combat/magic/MagicData.java,getStartGfxHeight
12acfc45-bdfb-4343-9004-9be15dfd844c,server/model/players/CombatAssistant.java,handlePrayerDrain,->,12acfc45-bdfb-4343-9004-9be15dfd844c,server/model/players/combat/melee/CombatPrayer.java,handlePrayerDrain
12acfc45-bdfb-4343-9004-9be15dfd844c,server/model/players/CombatAssistant.java,reducePrayerLevel,->,12acfc45-bdfb-4343-9004-9be15dfd844c,server/model/players/combat/melee/CombatPrayer.java,reducePrayerLevel
12acfc45-bdfb-4343-9004-9be15dfd844c,server/model/players/CombatAssistant.java,resetPrayers,->,12acfc45-bdfb-4343-9004-9be15dfd844c,server/model/players/combat/melee/CombatPrayer.java,resetPrayers
12acfc45-bdfb-4343-9004-9be15dfd844c,server/model/players/CombatAssistant.java,activatePrayer,->,12acfc45-bdfb-4343-9004-9be15dfd844c,server/model/players/combat/melee/CombatPrayer.java,activatePrayer
12acfc45-bdfb-4343-9004-9be15dfd844c,server/model/players/Client.java,flushOutStream,->,12acfc45-bdfb-4343-9004-9be15dfd844c,org/jboss/netty/channel/Channel.java,isConnected
12acfc45-bdfb-4343-9004-9be15dfd844c,server/model/players/Client.java,flushOutStream,->,12acfc45-bdfb-4343-9004-9be15dfd844c,java/lang/System.java,arraycopy
12acfc45-bdfb-4343-9004-9be15dfd844c,server/model/players/Client.java,flushOutStream,->,12acfc45-bdfb-4343-9004-9be15dfd844c,org/jboss/netty/buffer/ChannelBuffers.java,wrappedBuffer
12acfc45-bdfb-4343-9004-9be15dfd844c,server/model/players/Client.java,flushOutStream,->,12acfc45-bdfb-4343-9004-9be15dfd844c,org/jboss/netty/channel/Channel.java,write
12acfc45-bdfb-4343-9004-9be15dfd844c,server/model/players/Client.java,sendClan,->,12acfc45-bdfb-4343-9004-9be15dfd844c,java/lang/String.java,substring
12acfc45-bdfb-4343-9004-9be15dfd844c,server/model/players/Client.java,sendClan,->,12acfc45-bdfb-4343-9004-9be15dfd844c,java/lang/String.java,toUpperCase
12acfc45-bdfb-4343-9004-9be15dfd844c,server/model/players/Client.java,sendClan,->,12acfc45-bdfb-4343-9004-9be15dfd844c,java/lang/StringBuilder.java,append
12acfc45-bdfb-4343-9004-9be15dfd844c,server/model/players/Client.java,sendClan,->,12acfc45-bdfb-4343-9004-9be15dfd844c,java/lang/String.java,substring
12acfc45-bdfb-4343-9004-9be15dfd844c,server/model/players/Client.java,sendClan,->,12acfc45-bdfb-4343-9004-9be15dfd844c,java/lang/StringBuilder.java,append
12acfc45-bdfb-4343-9004-9be15dfd844c,server/model/players/Client.java,sendClan,->,12acfc45-bdfb-4343-9004-9be15dfd844c,java/lang/StringBuilder.java,toString
12acfc45-bdfb-4343-9004-9be15dfd844c,server/model/players/Client.java,sendClan,->,12acfc45-bdfb-4343-9004-9be15dfd844c,java/lang/String.java,substring
12acfc45-bdfb-4343-9004-9be15dfd844c,server/model/players/Client.java,sendClan,->,12acfc45-bdfb-4343-9004-9be15dfd844c,java/lang/String.java,toUpperCase
12acfc45-bdfb-4343-9004-9be15dfd844c,server/model/players/Client.java,sendClan,->,12acfc45-bdfb-4343-9004-9be15dfd844c,java/lang/StringBuilder.java,append
12acfc45-bdfb-4343-9004-9be15dfd844c,server/model/players/Client.java,sendClan,->,12acfc45-bdfb-4343-9004-9be15dfd844c,java/lang/String.java,substring
12acfc45-bdfb-4343-9004-9be15dfd844c,server/model/players/Client.java,sendClan,->,12acfc45-bdfb-4343-9004-9be15dfd844c,java/lang/StringBuilder.java,append
12acfc45-bdfb-4343-9004-9be15dfd844c,server/model/players/Client.java,sendClan,->,12acfc45-bdfb-4343-9004-9be15dfd844c,java/lang/StringBuilder.java,toString
12acfc45-bdfb-4343-9004-9be15dfd844c,server/model/players/Client.java,sendClan,->,12acfc45-bdfb-4343-9004-9be15dfd844c,java/lang/String.java,substring
12acfc45-bdfb-4343-9004-9be15dfd844c,server/model/players/Client.java,sendClan,->,12acfc45-bdfb-4343-9004-9be15dfd844c,java/lang/String.java,toUpperCase
12acfc45-bdfb-4343-9004-9be15dfd844c,server/model/players/Client.java,sendClan,->,12acfc45-bdfb-4343-9004-9be15dfd844c,java/lang/StringBuilder.java,append
12acfc45-bdfb-4343-9004-9be15dfd844c,server/model/players/Client.java,sendClan,->,12acfc45-bdfb-4343-9004-9be15dfd844c,java/lang/String.java,substring
12acfc45-bdfb-4343-9004-9be15dfd844c,server/model/players/Client.java,sendClan,->,12acfc45-bdfb-4343-9004-9be15dfd844c,java/lang/StringBuilder.java,append
12acfc45-bdfb-4343-9004-9be15dfd844c,server/model/players/Client.java,sendClan,->,12acfc45-bdfb-4343-9004-9be15dfd844c,java/lang/StringBuilder.java,toString
12acfc45-bdfb-4343-9004-9be15dfd844c,server/model/players/Client.java,sendClan,->,12acfc45-bdfb-4343-9004-9be15dfd844c,server/util/Stream.java,createFrameVarSizeWord
12acfc45-bdfb-4343-9004-9be15dfd844c,server/model/players/Client.java,sendClan,->,12acfc45-bdfb-4343-9004-9be15dfd844c,server/util/Stream.java,writeString
12acfc45-bdfb-4343-9004-9be15dfd844c,server/model/players/Client.java,sendClan,->,12acfc45-bdfb-4343-9004-9be15dfd844c,server/util/Stream.java,writeString
12acfc45-bdfb-4343-9004-9be15dfd844c,server/model/players/Client.java,sendClan,->,12acfc45-bdfb-4343-9004-9be15dfd844c,server/util/Stream.java,writeString
12acfc45-bdfb-4343-9004-9be15dfd844c,server/model/players/Client.java,sendClan,->,12acfc45-bdfb-4343-9004-9be15dfd844c,server/util/Stream.java,writeWord
12acfc45-bdfb-4343-9004-9be15dfd844c,server/model/players/Client.java,sendClan,->,12acfc45-bdfb-4343-9004-9be15dfd844c,server/util/Stream.java,endFrameVarSize
12acfc45-bdfb-4343-9004-9be15dfd844c,server/model/players/Client.java,randomFlower,->,12acfc45-bdfb-4343-9004-9be15dfd844c,java/lang/Math.java,random
12acfc45-bdfb-4343-9004-9be15dfd844c,server/model/players/Client.java,destruct,->,12acfc45-bdfb-4343-9004-9be15dfd844c,server/model/players/Client.java,getTradeAndDuel
12acfc45-bdfb-4343-9004-9be15dfd844c,server/model/players/Client.java,destruct,->,12acfc45-bdfb-4343-9004-9be15dfd844c,server/model/players/TradeAndDuel.java,claimStakedItems
12acfc45-bdfb-4343-9004-9be15dfd844c,server/model/players/Client.java,destruct,->,12acfc45-bdfb-4343-9004-9be15dfd844c,server/model/players/Client.java,getPA
12acfc45-bdfb-4343-9004-9be15dfd844c,server/model/players/Client.java,destruct,->,12acfc45-bdfb-4343-9004-9be15dfd844c,991eb2a8-284a-4290-ae08-f54cf8834706,36f5e05d-9662-4cac-b711-68413e75ab80
12acfc45-bdfb-4343-9004-9be15dfd844c,server/model/players/Client.java,destruct,->,12acfc45-bdfb-4343-9004-9be15dfd844c,server/model/minigames/FightPits.java,removePlayerFromPits
12acfc45-bdfb-4343-9004-9be15dfd844c,server/model/players/Client.java,destruct,->,12acfc45-bdfb-4343-9004-9be15dfd844c,server/world/ClanChatHandler.java,leaveClan
12acfc45-bdfb-4343-9004-9be15dfd844c,server/model/players/Client.java,destruct,->,12acfc45-bdfb-4343-9004-9be15dfd844c,java/lang/StringBuilder.java,append
12acfc45-bdfb-4343-9004-9be15dfd844c,server/model/players/Client.java,destruct,->,12acfc45-bdfb-4343-9004-9be15dfd844c,java/lang/StringBuilder.java,append
12acfc45-bdfb-4343-9004-9be15dfd844c,server/model/players/Client.java,destruct,->,12acfc45-bdfb-4343-9004-9be15dfd844c,java/lang/StringBuilder.java,append
12acfc45-bdfb-4343-9004-9be15dfd844c,server/model/players/Client.java,destruct,->,12acfc45-bdfb-4343-9004-9be15dfd844c,java/lang/StringBuilder.java,toString
12acfc45-bdfb-4343-9004-9be15dfd844c,server/model/players/Client.java,destruct,->,12acfc45-bdfb-4343-9004-9be15dfd844c,2c89cfe4-ed6d-446f-832b-3c203feb3155,cf0eb5d1-f945-4cc7-9eaa-55b858ed55c6
12acfc45-bdfb-4343-9004-9be15dfd844c,server/model/players/Client.java,destruct,->,12acfc45-bdfb-4343-9004-9be15dfd844c,3ab0cc49-78c3-45ed-a03a-f251199dfbb9,3d27faf4-0319-4d3d-b558-10d40da17fd8
12acfc45-bdfb-4343-9004-9be15dfd844c,server/model/players/Client.java,destruct,->,12acfc45-bdfb-4343-9004-9be15dfd844c,3ab0cc49-78c3-45ed-a03a-f251199dfbb9,"b78655c5-bf58-474d-88b3-601f4c78ef8e,5ce60758-2732-401c-ae20-807f2dd5dbc4"
12acfc45-bdfb-4343-9004-9be15dfd844c,server/model/players/Client.java,destruct,->,12acfc45-bdfb-4343-9004-9be15dfd844c,org/jboss/netty/channel/Channel.java,close
12acfc45-bdfb-4343-9004-9be15dfd844c,server/model/players/Client.java,destruct,->,12acfc45-bdfb-4343-9004-9be15dfd844c,server/model/players/Player.java,destruct
12acfc45-bdfb-4343-9004-9be15dfd844c,server/model/players/Client.java,sendMessage,->,12acfc45-bdfb-4343-9004-9be15dfd844c,server/model/players/Client.java,getOutStream
12acfc45-bdfb-4343-9004-9be15dfd844c,server/model/players/Client.java,sendMessage,->,12acfc45-bdfb-4343-9004-9be15dfd844c,server/util/Stream.java,createFrameVarSize
12acfc45-bdfb-4343-9004-9be15dfd844c,server/model/players/Client.java,sendMessage,->,12acfc45-bdfb-4343-9004-9be15dfd844c,server/util/Stream.java,writeString
12acfc45-bdfb-4343-9004-9be15dfd844c,server/model/players/Client.java,sendMessage,->,12acfc45-bdfb-4343-9004-9be15dfd844c,server/util/Stream.java,endFrameVarSize
12acfc45-bdfb-4343-9004-9be15dfd844c,server/model/players/Client.java,setSidebarInterface,->,12acfc45-bdfb-4343-9004-9be15dfd844c,server/model/players/Client.java,getOutStream
12acfc45-bdfb-4343-9004-9be15dfd844c,server/model/players/Client.java,setSidebarInterface,->,12acfc45-bdfb-4343-9004-9be15dfd844c,server/util/Stream.java,createFrame
12acfc45-bdfb-4343-9004-9be15dfd844c,server/model/players/Client.java,setSidebarInterface,->,12acfc45-bdfb-4343-9004-9be15dfd844c,server/util/Stream.java,writeWord
12acfc45-bdfb-4343-9004-9be15dfd844c,server/model/players/Client.java,setSidebarInterface,->,12acfc45-bdfb-4343-9004-9be15dfd844c,server/util/Stream.java,writeByteA
12acfc45-bdfb-4343-9004-9be15dfd844c,server/model/players/Client.java,initialize,->,12acfc45-bdfb-4343-9004-9be15dfd844c,server/util/Stream.java,createFrame
12acfc45-bdfb-4343-9004-9be15dfd844c,server/model/players/Client.java,initialize,->,12acfc45-bdfb-4343-9004-9be15dfd844c,server/util/Stream.java,writeByteA
12acfc45-bdfb-4343-9004-9be15dfd844c,server/model/players/Client.java,initialize,->,12acfc45-bdfb-4343-9004-9be15dfd844c,server/util/Stream.java,writeWordBigEndianA
12acfc45-bdfb-4343-9004-9be15dfd844c,server/model/players/Client.java,initialize,->,12acfc45-bdfb-4343-9004-9be15dfd844c,java/lang/String.java,equalsIgnoreCase
12acfc45-bdfb-4343-9004-9be15dfd844c,server/model/players/Client.java,initialize,->,12acfc45-bdfb-4343-9004-9be15dfd844c,server/model/players/Client.java,getPA
12acfc45-bdfb-4343-9004-9be15dfd844c,server/model/players/Client.java,initialize,->,12acfc45-bdfb-4343-9004-9be15dfd844c,991eb2a8-284a-4290-ae08-f54cf8834706,1f9429af-c8fa-498b-ab2c-661299ba41ed
12acfc45-bdfb-4343-9004-9be15dfd844c,server/model/players/Client.java,initialize,->,12acfc45-bdfb-4343-9004-9be15dfd844c,server/model/players/Client.java,getPA
12acfc45-bdfb-4343-9004-9be15dfd844c,server/model/players/Client.java,initialize,->,12acfc45-bdfb-4343-9004-9be15dfd844c,991eb2a8-284a-4290-ae08-f54cf8834706,cc581d00-f04e-4278-8aaf-0ecbd93e9b04
12acfc45-bdfb-4343-9004-9be15dfd844c,server/model/players/Client.java,initialize,->,12acfc45-bdfb-4343-9004-9be15dfd844c,server/model/players/Client.java,getPA
12acfc45-bdfb-4343-9004-9be15dfd844c,server/model/players/Client.java,initialize,->,12acfc45-bdfb-4343-9004-9be15dfd844c,991eb2a8-284a-4290-ae08-f54cf8834706,27bd7aec-abd0-4844-9935-efefbf7019b2
12acfc45-bdfb-4343-9004-9be15dfd844c,server/model/players/Client.java,initialize,->,12acfc45-bdfb-4343-9004-9be15dfd844c,server/model/players/Client.java,getPA
12acfc45-bdfb-4343-9004-9be15dfd844c,server/model/players/Client.java,initialize,->,12acfc45-bdfb-4343-9004-9be15dfd844c,991eb2a8-284a-4290-ae08-f54cf8834706,d4c66ff8-37b6-404a-912f-c2e9d51b12b0
12acfc45-bdfb-4343-9004-9be15dfd844c,server/model/players/Client.java,initialize,->,12acfc45-bdfb-4343-9004-9be15dfd844c,server/model/players/Client.java,getPA
12acfc45-bdfb-4343-9004-9be15dfd844c,server/model/players/Client.java,initialize,->,12acfc45-bdfb-4343-9004-9be15dfd844c,991eb2a8-284a-4290-ae08-f54cf8834706,8009a98e-960d-4c5f-8975-09f6e9c8f281
12acfc45-bdfb-4343-9004-9be15dfd844c,server/model/players/Client.java,initialize,->,12acfc45-bdfb-4343-9004-9be15dfd844c,server/model/players/Client.java,getPA
12acfc45-bdfb-4343-9004-9be15dfd844c,server/model/players/Client.java,initialize,->,12acfc45-bdfb-4343-9004-9be15dfd844c,991eb2a8-284a-4290-ae08-f54cf8834706,67ac7667-1e05-4592-a1c0-adeafa37d3ba
12acfc45-bdfb-4343-9004-9be15dfd844c,server/model/players/Client.java,initialize,->,12acfc45-bdfb-4343-9004-9be15dfd844c,server/model/players/Client.java,getPA
12acfc45-bdfb-4343-9004-9be15dfd844c,server/model/players/Client.java,initialize,->,12acfc45-bdfb-4343-9004-9be15dfd844c,991eb2a8-284a-4290-ae08-f54cf8834706,27bd7aec-abd0-4844-9935-efefbf7019b2
12acfc45-bdfb-4343-9004-9be15dfd844c,server/model/players/Client.java,initialize,->,12acfc45-bdfb-4343-9004-9be15dfd844c,server/model/players/Client.java,getPA
12acfc45-bdfb-4343-9004-9be15dfd844c,server/model/players/Client.java,initialize,->,12acfc45-bdfb-4343-9004-9be15dfd844c,991eb2a8-284a-4290-ae08-f54cf8834706,27bd7aec-abd0-4844-9935-efefbf7019b2
12acfc45-bdfb-4343-9004-9be15dfd844c,server/model/players/Client.java,initialize,->,12acfc45-bdfb-4343-9004-9be15dfd844c,server/model/players/Client.java,getPA
12acfc45-bdfb-4343-9004-9be15dfd844c,server/model/players/Client.java,initialize,->,12acfc45-bdfb-4343-9004-9be15dfd844c,991eb2a8-284a-4290-ae08-f54cf8834706,a0172a18-e856-47a4-9552-b3816f3c4eac
12acfc45-bdfb-4343-9004-9be15dfd844c,server/model/players/Client.java,initialize,->,12acfc45-bdfb-4343-9004-9be15dfd844c,server/model/players/Client.java,getPA
12acfc45-bdfb-4343-9004-9be15dfd844c,server/model/players/Client.java,initialize,->,12acfc45-bdfb-4343-9004-9be15dfd844c,991eb2a8-284a-4290-ae08-f54cf8834706,18c0f05c-2306-47a4-818d-803bbdd82f4c
12acfc45-bdfb-4343-9004-9be15dfd844c,server/model/players/Client.java,initialize,->,12acfc45-bdfb-4343-9004-9be15dfd844c,server/model/players/Client.java,setSidebarInterface
12acfc45-bdfb-4343-9004-9be15dfd844c,server/model/players/Client.java,initialize,->,12acfc45-bdfb-4343-9004-9be15dfd844c,server/model/players/Client.java,setSidebarInterface
12acfc45-bdfb-4343-9004-9be15dfd844c,server/model/players/Client.java,initialize,->,12acfc45-bdfb-4343-9004-9be15dfd844c,server/model/players/Client.java,getPA
12acfc45-bdfb-4343-9004-9be15dfd844c,server/model/players/Client.java,initialize,->,12acfc45-bdfb-4343-9004-9be15dfd844c,java/lang/StringBuilder.java,append
12acfc45-bdfb-4343-9004-9be15dfd844c,server/model/players/Client.java,initialize,->,12acfc45-bdfb-4343-9004-9be15dfd844c,java/lang/StringBuilder.java,append
12acfc45-bdfb-4343-9004-9be15dfd844c,server/model/players/Client.java,initialize,->,12acfc45-bdfb-4343-9004-9be15dfd844c,java/lang/StringBuilder.java,toString
12acfc45-bdfb-4343-9004-9be15dfd844c,server/model/players/Client.java,initialize,->,12acfc45-bdfb-4343-9004-9be15dfd844c,991eb2a8-284a-4290-ae08-f54cf8834706,609517a1-3a8b-4bd9-8623-3cae47c33a17
12acfc45-bdfb-4343-9004-9be15dfd844c,server/model/players/Client.java,initialize,->,12acfc45-bdfb-4343-9004-9be15dfd844c,server/model/players/Client.java,setSidebarInterface
12acfc45-bdfb-4343-9004-9be15dfd844c,server/model/players/Client.java,initialize,->,12acfc45-bdfb-4343-9004-9be15dfd844c,server/model/players/Client.java,setSidebarInterface
12acfc45-bdfb-4343-9004-9be15dfd844c,server/model/players/Client.java,initialize,->,12acfc45-bdfb-4343-9004-9be15dfd844c,server/model/players/Client.java,setSidebarInterface
12acfc45-bdfb-4343-9004-9be15dfd844c,server/model/players/Client.java,initialize,->,12acfc45-bdfb-4343-9004-9be15dfd844c,server/model/players/Client.java,setSidebarInterface
12acfc45-bdfb-4343-9004-9be15dfd844c,server/model/players/Client.java,initialize,->,12acfc45-bdfb-4343-9004-9be15dfd844c,server/model/players/Client.java,setSidebarInterface
12acfc45-bdfb-4343-9004-9be15dfd844c,server/model/players/Client.java,initialize,->,12acfc45-bdfb-4343-9004-9be15dfd844c,server/model/players/Client.java,correctCoordinates
12acfc45-bdfb-4343-9004-9be15dfd844c,server/model/players/Client.java,initialize,->,12acfc45-bdfb-4343-9004-9be15dfd844c,server/model/players/Client.java,setSidebarInterface
12acfc45-bdfb-4343-9004-9be15dfd844c,server/model/players/Client.java,initialize,->,12acfc45-bdfb-4343-9004-9be15dfd844c,server/model/players/Client.java,setSidebarInterface
12acfc45-bdfb-4343-9004-9be15dfd844c,server/model/players/Client.java,initialize,->,12acfc45-bdfb-4343-9004-9be15dfd844c,server/model/players/Client.java,setSidebarInterface
12acfc45-bdfb-4343-9004-9be15dfd844c,server/model/players/Client.java,initialize,->,12acfc45-bdfb-4343-9004-9be15dfd844c,server/model/players/Client.java,setSidebarInterface
12acfc45-bdfb-4343-9004-9be15dfd844c,server/model/players/Client.java,initialize,->,12acfc45-bdfb-4343-9004-9be15dfd844c,server/model/players/Client.java,setSidebarInterface
12acfc45-bdfb-4343-9004-9be15dfd844c,server/model/players/Client.java,initialize,->,12acfc45-bdfb-4343-9004-9be15dfd844c,server/model/players/Client.java,setSidebarInterface
12acfc45-bdfb-4343-9004-9be15dfd844c,server/model/players/Client.java,initialize,->,12acfc45-bdfb-4343-9004-9be15dfd844c,server/model/players/Client.java,setSidebarInterface
12acfc45-bdfb-4343-9004-9be15dfd844c,server/model/players/Client.java,initialize,->,12acfc45-bdfb-4343-9004-9be15dfd844c,server/model/players/Client.java,setSidebarInterface
12acfc45-bdfb-4343-9004-9be15dfd844c,server/model/players/Client.java,initialize,->,12acfc45-bdfb-4343-9004-9be15dfd844c,server/model/players/Client.java,sendMessage
12acfc45-bdfb-4343-9004-9be15dfd844c,server/model/players/Client.java,initialize,->,12acfc45-bdfb-4343-9004-9be15dfd844c,server/model/players/Client.java,sendMessage
12acfc45-bdfb-4343-9004-9be15dfd844c,server/model/players/Client.java,initialize,->,12acfc45-bdfb-4343-9004-9be15dfd844c,server/model/players/Client.java,sendMessage
12acfc45-bdfb-4343-9004-9be15dfd844c,server/model/players/Client.java,initialize,->,12acfc45-bdfb-4343-9004-9be15dfd844c,server/model/players/Client.java,sendMessage
12acfc45-bdfb-4343-9004-9be15dfd844c,server/model/players/Client.java,initialize,->,12acfc45-bdfb-4343-9004-9be15dfd844c,server/model/players/Client.java,sendMessage
12acfc45-bdfb-4343-9004-9be15dfd844c,server/model/players/Client.java,initialize,->,12acfc45-bdfb-4343-9004-9be15dfd844c,server/model/players/Client.java,getPA
12acfc45-bdfb-4343-9004-9be15dfd844c,server/model/players/Client.java,initialize,->,12acfc45-bdfb-4343-9004-9be15dfd844c,991eb2a8-284a-4290-ae08-f54cf8834706,51d33ea6-999b-4264-bbf0-81141490ce8f
12acfc45-bdfb-4343-9004-9be15dfd844c,server/model/players/Client.java,initialize,->,12acfc45-bdfb-4343-9004-9be15dfd844c,server/model/players/Client.java,getPA
12acfc45-bdfb-4343-9004-9be15dfd844c,server/model/players/Client.java,initialize,->,12acfc45-bdfb-4343-9004-9be15dfd844c,991eb2a8-284a-4290-ae08-f54cf8834706,51d33ea6-999b-4264-bbf0-81141490ce8f
12acfc45-bdfb-4343-9004-9be15dfd844c,server/model/players/Client.java,initialize,->,12acfc45-bdfb-4343-9004-9be15dfd844c,server/model/players/Client.java,getItems
12acfc45-bdfb-4343-9004-9be15dfd844c,server/model/players/Client.java,initialize,->,12acfc45-bdfb-4343-9004-9be15dfd844c,server/model/items/ItemAssistant.java,resetItems
12acfc45-bdfb-4343-9004-9be15dfd844c,server/model/players/Client.java,initialize,->,12acfc45-bdfb-4343-9004-9be15dfd844c,server/model/players/Client.java,getItems
12acfc45-bdfb-4343-9004-9be15dfd844c,server/model/players/Client.java,initialize,->,12acfc45-bdfb-4343-9004-9be15dfd844c,server/model/players/Client.java,getItems
12acfc45-bdfb-4343-9004-9be15dfd844c,server/model/players/Client.java,initialize,->,12acfc45-bdfb-4343-9004-9be15dfd844c,server/model/items/ItemAssistant.java,getItemName
12acfc45-bdfb-4343-9004-9be15dfd844c,server/model/players/Client.java,initialize,->,12acfc45-bdfb-4343-9004-9be15dfd844c,server/model/items/ItemAssistant.java,sendWeapon
12acfc45-bdfb-4343-9004-9be15dfd844c,server/model/players/Client.java,initialize,->,12acfc45-bdfb-4343-9004-9be15dfd844c,server/model/players/Client.java,getItems
12acfc45-bdfb-4343-9004-9be15dfd844c,server/model/players/Client.java,initialize,->,12acfc45-bdfb-4343-9004-9be15dfd844c,server/model/items/ItemAssistant.java,resetBonus
12acfc45-bdfb-4343-9004-9be15dfd844c,server/model/players/Client.java,initialize,->,12acfc45-bdfb-4343-9004-9be15dfd844c,server/model/players/Client.java,getItems
12acfc45-bdfb-4343-9004-9be15dfd844c,server/model/players/Client.java,initialize,->,12acfc45-bdfb-4343-9004-9be15dfd844c,server/model/items/ItemAssistant.java,getBonus
12acfc45-bdfb-4343-9004-9be15dfd844c,server/model/players/Client.java,initialize,->,12acfc45-bdfb-4343-9004-9be15dfd844c,server/model/players/Client.java,getItems
12acfc45-bdfb-4343-9004-9be15dfd844c,server/model/players/Client.java,initialize,->,12acfc45-bdfb-4343-9004-9be15dfd844c,server/model/items/ItemAssistant.java,writeBonus
12acfc45-bdfb-4343-9004-9be15dfd844c,server/model/players/Client.java,initialize,->,12acfc45-bdfb-4343-9004-9be15dfd844c,server/model/players/Client.java,getItems
12acfc45-bdfb-4343-9004-9be15dfd844c,server/model/players/Client.java,initialize,->,12acfc45-bdfb-4343-9004-9be15dfd844c,server/model/items/ItemAssistant.java,setEquipment
12acfc45-bdfb-4343-9004-9be15dfd844c,server/model/players/Client.java,initialize,->,12acfc45-bdfb-4343-9004-9be15dfd844c,server/model/players/Client.java,getItems
12acfc45-bdfb-4343-9004-9be15dfd844c,server/model/players/Client.java,initialize,->,12acfc45-bdfb-4343-9004-9be15dfd844c,server/model/items/ItemAssistant.java,setEquipment
12acfc45-bdfb-4343-9004-9be15dfd844c,server/model/players/Client.java,initialize,->,12acfc45-bdfb-4343-9004-9be15dfd844c,server/model/players/Client.java,getItems
12acfc45-bdfb-4343-9004-9be15dfd844c,server/model/players/Client.java,initialize,->,12acfc45-bdfb-4343-9004-9be15dfd844c,server/model/items/ItemAssistant.java,setEquipment
12acfc45-bdfb-4343-9004-9be15dfd844c,server/model/players/Client.java,initialize,->,12acfc45-bdfb-4343-9004-9be15dfd844c,server/model/players/Client.java,getItems
12acfc45-bdfb-4343-9004-9be15dfd844c,server/model/players/Client.java,initialize,->,12acfc45-bdfb-4343-9004-9be15dfd844c,server/model/items/ItemAssistant.java,setEquipment
12acfc45-bdfb-4343-9004-9be15dfd844c,server/model/players/Client.java,initialize,->,12acfc45-bdfb-4343-9004-9be15dfd844c,server/model/players/Client.java,getItems
12acfc45-bdfb-4343-9004-9be15dfd844c,server/model/players/Client.java,initialize,->,12acfc45-bdfb-4343-9004-9be15dfd844c,server/model/items/ItemAssistant.java,setEquipment
12acfc45-bdfb-4343-9004-9be15dfd844c,server/model/players/Client.java,initialize,->,12acfc45-bdfb-4343-9004-9be15dfd844c,server/model/players/Client.java,getItems
12acfc45-bdfb-4343-9004-9be15dfd844c,server/model/players/Client.java,initialize,->,12acfc45-bdfb-4343-9004-9be15dfd844c,server/model/items/ItemAssistant.java,setEquipment
12acfc45-bdfb-4343-9004-9be15dfd844c,server/model/players/Client.java,initialize,->,12acfc45-bdfb-4343-9004-9be15dfd844c,server/model/players/Client.java,getItems
12acfc45-bdfb-4343-9004-9be15dfd844c,server/model/players/Client.java,initialize,->,12acfc45-bdfb-4343-9004-9be15dfd844c,server/model/items/ItemAssistant.java,setEquipment
12acfc45-bdfb-4343-9004-9be15dfd844c,server/model/players/Client.java,initialize,->,12acfc45-bdfb-4343-9004-9be15dfd844c,server/model/players/Client.java,getItems
12acfc45-bdfb-4343-9004-9be15dfd844c,server/model/players/Client.java,initialize,->,12acfc45-bdfb-4343-9004-9be15dfd844c,server/model/items/ItemAssistant.java,setEquipment
12acfc45-bdfb-4343-9004-9be15dfd844c,server/model/players/Client.java,initialize,->,12acfc45-bdfb-4343-9004-9be15dfd844c,server/model/players/Client.java,getItems
12acfc45-bdfb-4343-9004-9be15dfd844c,server/model/players/Client.java,initialize,->,12acfc45-bdfb-4343-9004-9be15dfd844c,server/model/items/ItemAssistant.java,setEquipment
12acfc45-bdfb-4343-9004-9be15dfd844c,server/model/players/Client.java,initialize,->,12acfc45-bdfb-4343-9004-9be15dfd844c,server/model/players/Client.java,getItems
12acfc45-bdfb-4343-9004-9be15dfd844c,server/model/players/Client.java,initialize,->,12acfc45-bdfb-4343-9004-9be15dfd844c,server/model/items/ItemAssistant.java,setEquipment
12acfc45-bdfb-4343-9004-9be15dfd844c,server/model/players/Client.java,initialize,->,12acfc45-bdfb-4343-9004-9be15dfd844c,server/model/players/Client.java,getItems
12acfc45-bdfb-4343-9004-9be15dfd844c,server/model/players/Client.java,initialize,->,12acfc45-bdfb-4343-9004-9be15dfd844c,server/model/items/ItemAssistant.java,setEquipment
12acfc45-bdfb-4343-9004-9be15dfd844c,server/model/players/Client.java,initialize,->,12acfc45-bdfb-4343-9004-9be15dfd844c,server/model/players/Client.java,getCombat
12acfc45-bdfb-4343-9004-9be15dfd844c,server/model/players/Client.java,initialize,->,12acfc45-bdfb-4343-9004-9be15dfd844c,server/model/players/Client.java,getItems
12acfc45-bdfb-4343-9004-9be15dfd844c,server/model/players/Client.java,initialize,->,12acfc45-bdfb-4343-9004-9be15dfd844c,server/model/items/ItemAssistant.java,getItemName
12acfc45-bdfb-4343-9004-9be15dfd844c,server/model/players/Client.java,initialize,->,12acfc45-bdfb-4343-9004-9be15dfd844c,java/lang/String.java,toLowerCase
12acfc45-bdfb-4343-9004-9be15dfd844c,server/model/players/Client.java,initialize,->,12acfc45-bdfb-4343-9004-9be15dfd844c,server/model/players/CombatAssistant.java,getPlayerAnimIndex
12acfc45-bdfb-4343-9004-9be15dfd844c,server/model/players/Client.java,initialize,->,12acfc45-bdfb-4343-9004-9be15dfd844c,server/model/players/Client.java,getPA
12acfc45-bdfb-4343-9004-9be15dfd844c,server/model/players/Client.java,initialize,->,12acfc45-bdfb-4343-9004-9be15dfd844c,991eb2a8-284a-4290-ae08-f54cf8834706,a52049c0-8473-44cc-80ab-626e7122395d
12acfc45-bdfb-4343-9004-9be15dfd844c,server/model/players/Client.java,initialize,->,12acfc45-bdfb-4343-9004-9be15dfd844c,server/model/players/Client.java,getItems
12acfc45-bdfb-4343-9004-9be15dfd844c,server/model/players/Client.java,initialize,->,12acfc45-bdfb-4343-9004-9be15dfd844c,server/model/items/ItemAssistant.java,addSpecialBar
12acfc45-bdfb-4343-9004-9be15dfd844c,server/model/players/Client.java,initialize,->,12acfc45-bdfb-4343-9004-9be15dfd844c,java/lang/StringBuilder.java,append
12acfc45-bdfb-4343-9004-9be15dfd844c,server/model/players/Client.java,initialize,->,12acfc45-bdfb-4343-9004-9be15dfd844c,java/lang/StringBuilder.java,append
12acfc45-bdfb-4343-9004-9be15dfd844c,server/model/players/Client.java,initialize,->,12acfc45-bdfb-4343-9004-9be15dfd844c,java/lang/StringBuilder.java,append
12acfc45-bdfb-4343-9004-9be15dfd844c,server/model/players/Client.java,initialize,->,12acfc45-bdfb-4343-9004-9be15dfd844c,java/lang/StringBuilder.java,toString
12acfc45-bdfb-4343-9004-9be15dfd844c,server/model/players/Client.java,initialize,->,12acfc45-bdfb-4343-9004-9be15dfd844c,2c89cfe4-ed6d-446f-832b-3c203feb3155,cf0eb5d1-f945-4cc7-9eaa-55b858ed55c6
12acfc45-bdfb-4343-9004-9be15dfd844c,server/model/players/Client.java,initialize,->,12acfc45-bdfb-4343-9004-9be15dfd844c,server/model/players/PlayerHandler.java,updatePlayer
12acfc45-bdfb-4343-9004-9be15dfd844c,server/model/players/Client.java,initialize,->,12acfc45-bdfb-4343-9004-9be15dfd844c,server/model/players/PlayerHandler.java,updateNPC
12acfc45-bdfb-4343-9004-9be15dfd844c,server/model/players/Client.java,initialize,->,12acfc45-bdfb-4343-9004-9be15dfd844c,server/model/players/Client.java,flushOutStream
12acfc45-bdfb-4343-9004-9be15dfd844c,server/model/players/Client.java,initialize,->,12acfc45-bdfb-4343-9004-9be15dfd844c,server/model/players/Client.java,getPA
12acfc45-bdfb-4343-9004-9be15dfd844c,server/model/players/Client.java,initialize,->,12acfc45-bdfb-4343-9004-9be15dfd844c,991eb2a8-284a-4290-ae08-f54cf8834706,a48222ba-98f6-4d21-8792-15e0a0a7a2e7
12acfc45-bdfb-4343-9004-9be15dfd844c,server/model/players/Client.java,initialize,->,12acfc45-bdfb-4343-9004-9be15dfd844c,server/model/players/Client.java,getPA
12acfc45-bdfb-4343-9004-9be15dfd844c,server/model/players/Client.java,initialize,->,12acfc45-bdfb-4343-9004-9be15dfd844c,991eb2a8-284a-4290-ae08-f54cf8834706,f734ec4c-f6ff-48ef-9a62-43e360d115c7
12acfc45-bdfb-4343-9004-9be15dfd844c,server/model/players/Client.java,initialize,->,12acfc45-bdfb-4343-9004-9be15dfd844c,server/model/players/Client.java,getPA
12acfc45-bdfb-4343-9004-9be15dfd844c,server/model/players/Client.java,initialize,->,12acfc45-bdfb-4343-9004-9be15dfd844c,server/model/players/PlayerAssistant.java,showInterface
12acfc45-bdfb-4343-9004-9be15dfd844c,server/model/players/Client.java,initialize,->,12acfc45-bdfb-4343-9004-9be15dfd844c,server/model/players/Client.java,getPA
12acfc45-bdfb-4343-9004-9be15dfd844c,server/model/players/Client.java,initialize,->,12acfc45-bdfb-4343-9004-9be15dfd844c,991eb2a8-284a-4290-ae08-f54cf8834706,609517a1-3a8b-4bd9-8623-3cae47c33a17
12acfc45-bdfb-4343-9004-9be15dfd844c,server/model/players/Client.java,initialize,->,12acfc45-bdfb-4343-9004-9be15dfd844c,server/model/players/Client.java,getPA
12acfc45-bdfb-4343-9004-9be15dfd844c,server/model/players/Client.java,initialize,->,12acfc45-bdfb-4343-9004-9be15dfd844c,991eb2a8-284a-4290-ae08-f54cf8834706,609517a1-3a8b-4bd9-8623-3cae47c33a17
12acfc45-bdfb-4343-9004-9be15dfd844c,server/model/players/Client.java,initialize,->,12acfc45-bdfb-4343-9004-9be15dfd844c,server/model/players/Client.java,getPA
12acfc45-bdfb-4343-9004-9be15dfd844c,server/model/players/Client.java,initialize,->,12acfc45-bdfb-4343-9004-9be15dfd844c,991eb2a8-284a-4290-ae08-f54cf8834706,609517a1-3a8b-4bd9-8623-3cae47c33a17
12acfc45-bdfb-4343-9004-9be15dfd844c,server/model/players/Client.java,initialize,->,12acfc45-bdfb-4343-9004-9be15dfd844c,server/model/players/Client.java,getPA
12acfc45-bdfb-4343-9004-9be15dfd844c,server/model/players/Client.java,initialize,->,12acfc45-bdfb-4343-9004-9be15dfd844c,991eb2a8-284a-4290-ae08-f54cf8834706,609517a1-3a8b-4bd9-8623-3cae47c33a17
12acfc45-bdfb-4343-9004-9be15dfd844c,server/model/players/Client.java,initialize,->,12acfc45-bdfb-4343-9004-9be15dfd844c,server/model/players/Client.java,getPA
12acfc45-bdfb-4343-9004-9be15dfd844c,server/model/players/Client.java,initialize,->,12acfc45-bdfb-4343-9004-9be15dfd844c,991eb2a8-284a-4290-ae08-f54cf8834706,609517a1-3a8b-4bd9-8623-3cae47c33a17
12acfc45-bdfb-4343-9004-9be15dfd844c,server/model/players/Client.java,initialize,->,12acfc45-bdfb-4343-9004-9be15dfd844c,server/model/players/Client.java,getPA
12acfc45-bdfb-4343-9004-9be15dfd844c,server/model/players/Client.java,initialize,->,12acfc45-bdfb-4343-9004-9be15dfd844c,991eb2a8-284a-4290-ae08-f54cf8834706,609517a1-3a8b-4bd9-8623-3cae47c33a17
12acfc45-bdfb-4343-9004-9be15dfd844c,server/model/players/Client.java,initialize,->,12acfc45-bdfb-4343-9004-9be15dfd844c,server/model/players/Client.java,getPA
12acfc45-bdfb-4343-9004-9be15dfd844c,server/model/players/Client.java,initialize,->,12acfc45-bdfb-4343-9004-9be15dfd844c,991eb2a8-284a-4290-ae08-f54cf8834706,609517a1-3a8b-4bd9-8623-3cae47c33a17
12acfc45-bdfb-4343-9004-9be15dfd844c,server/model/players/Client.java,initialize,->,12acfc45-bdfb-4343-9004-9be15dfd844c,server/model/players/Client.java,getPA
12acfc45-bdfb-4343-9004-9be15dfd844c,server/model/players/Client.java,initialize,->,12acfc45-bdfb-4343-9004-9be15dfd844c,991eb2a8-284a-4290-ae08-f54cf8834706,609517a1-3a8b-4bd9-8623-3cae47c33a17
12acfc45-bdfb-4343-9004-9be15dfd844c,server/model/players/Client.java,initialize,->,12acfc45-bdfb-4343-9004-9be15dfd844c,server/model/players/Client.java,getPA
12acfc45-bdfb-4343-9004-9be15dfd844c,server/model/players/Client.java,initialize,->,12acfc45-bdfb-4343-9004-9be15dfd844c,991eb2a8-284a-4290-ae08-f54cf8834706,609517a1-3a8b-4bd9-8623-3cae47c33a17
12acfc45-bdfb-4343-9004-9be15dfd844c,server/model/players/Client.java,initialize,->,12acfc45-bdfb-4343-9004-9be15dfd844c,server/model/players/Client.java,getPA
12acfc45-bdfb-4343-9004-9be15dfd844c,server/model/players/Client.java,initialize,->,12acfc45-bdfb-4343-9004-9be15dfd844c,991eb2a8-284a-4290-ae08-f54cf8834706,27bd7aec-abd0-4844-9935-efefbf7019b2
12acfc45-bdfb-4343-9004-9be15dfd844c,server/model/players/Client.java,initialize,->,12acfc45-bdfb-4343-9004-9be15dfd844c,server/model/players/Client.java,getPA
12acfc45-bdfb-4343-9004-9be15dfd844c,server/model/players/Client.java,initialize,->,12acfc45-bdfb-4343-9004-9be15dfd844c,991eb2a8-284a-4290-ae08-f54cf8834706,27bd7aec-abd0-4844-9935-efefbf7019b2
12acfc45-bdfb-4343-9004-9be15dfd844c,server/model/players/Client.java,update,->,12acfc45-bdfb-4343-9004-9be15dfd844c,server/model/players/PlayerHandler.java,updatePlayer
12acfc45-bdfb-4343-9004-9be15dfd844c,server/model/players/Client.java,update,->,12acfc45-bdfb-4343-9004-9be15dfd844c,server/model/players/PlayerHandler.java,updateNPC
12acfc45-bdfb-4343-9004-9be15dfd844c,server/model/players/Client.java,update,->,12acfc45-bdfb-4343-9004-9be15dfd844c,server/model/players/Client.java,flushOutStream
12acfc45-bdfb-4343-9004-9be15dfd844c,server/model/players/Client.java,wildyWarning,->,12acfc45-bdfb-4343-9004-9be15dfd844c,server/model/players/Client.java,getPA
12acfc45-bdfb-4343-9004-9be15dfd844c,server/model/players/Client.java,wildyWarning,->,12acfc45-bdfb-4343-9004-9be15dfd844c,server/model/players/PlayerAssistant.java,showInterface
12acfc45-bdfb-4343-9004-9be15dfd844c,server/model/players/Client.java,logout,->,12acfc45-bdfb-4343-9004-9be15dfd844c,java/lang/System.java,currentTimeMillis
12acfc45-bdfb-4343-9004-9be15dfd844c,server/model/players/Client.java,logout,->,12acfc45-bdfb-4343-9004-9be15dfd844c,server/util/Stream.java,createFrame
12acfc45-bdfb-4343-9004-9be15dfd844c,server/model/players/Client.java,logout,->,12acfc45-bdfb-4343-9004-9be15dfd844c,3ab0cc49-78c3-45ed-a03a-f251199dfbb9,3d27faf4-0319-4d3d-b558-10d40da17fd8
12acfc45-bdfb-4343-9004-9be15dfd844c,server/model/players/Client.java,logout,->,12acfc45-bdfb-4343-9004-9be15dfd844c,3ab0cc49-78c3-45ed-a03a-f251199dfbb9,"b78655c5-bf58-474d-88b3-601f4c78ef8e,5ce60758-2732-401c-ae20-807f2dd5dbc4"
12acfc45-bdfb-4343-9004-9be15dfd844c,server/model/players/Client.java,logout,->,12acfc45-bdfb-4343-9004-9be15dfd844c,server/model/players/Client.java,sendMessage
12acfc45-bdfb-4343-9004-9be15dfd844c,server/model/players/Client.java,process,->,12acfc45-bdfb-4343-9004-9be15dfd844c,server/model/players/Client.java,inWild
12acfc45-bdfb-4343-9004-9be15dfd844c,server/model/players/Client.java,process,->,12acfc45-bdfb-4343-9004-9be15dfd844c,server/model/players/Client.java,resetWalkingQueue
12acfc45-bdfb-4343-9004-9be15dfd844c,server/model/players/Client.java,process,->,12acfc45-bdfb-4343-9004-9be15dfd844c,server/model/players/Client.java,wildyWarning
12acfc45-bdfb-4343-9004-9be15dfd844c,server/model/players/Client.java,process,->,12acfc45-bdfb-4343-9004-9be15dfd844c,java/lang/System.java,currentTimeMillis
12acfc45-bdfb-4343-9004-9be15dfd844c,server/model/players/Client.java,process,->,12acfc45-bdfb-4343-9004-9be15dfd844c,server/model/players/Client.java,getPA
12acfc45-bdfb-4343-9004-9be15dfd844c,server/model/players/Client.java,process,->,12acfc45-bdfb-4343-9004-9be15dfd844c,991eb2a8-284a-4290-ae08-f54cf8834706,d95e686c-61ab-423a-87d9-b609a0cea951
12acfc45-bdfb-4343-9004-9be15dfd844c,server/model/players/Client.java,process,->,12acfc45-bdfb-4343-9004-9be15dfd844c,java/lang/System.java,currentTimeMillis
12acfc45-bdfb-4343-9004-9be15dfd844c,server/model/players/Client.java,process,->,12acfc45-bdfb-4343-9004-9be15dfd844c,server/model/players/Client.java,getPA
12acfc45-bdfb-4343-9004-9be15dfd844c,server/model/players/Client.java,process,->,12acfc45-bdfb-4343-9004-9be15dfd844c,java/lang/StringBuilder.java,append
12acfc45-bdfb-4343-9004-9be15dfd844c,server/model/players/Client.java,process,->,12acfc45-bdfb-4343-9004-9be15dfd844c,java/lang/StringBuilder.java,append
12acfc45-bdfb-4343-9004-9be15dfd844c,server/model/players/Client.java,process,->,12acfc45-bdfb-4343-9004-9be15dfd844c,java/lang/StringBuilder.java,toString
12acfc45-bdfb-4343-9004-9be15dfd844c,server/model/players/Client.java,process,->,12acfc45-bdfb-4343-9004-9be15dfd844c,991eb2a8-284a-4290-ae08-f54cf8834706,609517a1-3a8b-4bd9-8623-3cae47c33a17
12acfc45-bdfb-4343-9004-9be15dfd844c,server/model/players/Client.java,process,->,12acfc45-bdfb-4343-9004-9be15dfd844c,java/lang/System.java,currentTimeMillis
12acfc45-bdfb-4343-9004-9be15dfd844c,server/model/players/Client.java,process,->,12acfc45-bdfb-4343-9004-9be15dfd844c,java/lang/StringBuilder.java,append
12acfc45-bdfb-4343-9004-9be15dfd844c,server/model/players/Client.java,process,->,12acfc45-bdfb-4343-9004-9be15dfd844c,java/lang/StringBuilder.java,append
12acfc45-bdfb-4343-9004-9be15dfd844c,server/model/players/Client.java,process,->,12acfc45-bdfb-4343-9004-9be15dfd844c,java/lang/StringBuilder.java,toString
12acfc45-bdfb-4343-9004-9be15dfd844c,server/model/players/Client.java,process,->,12acfc45-bdfb-4343-9004-9be15dfd844c,server/model/players/Client.java,forcedChat
12acfc45-bdfb-4343-9004-9be15dfd844c,server/model/players/Client.java,process,->,12acfc45-bdfb-4343-9004-9be15dfd844c,java/lang/System.java,currentTimeMillis
12acfc45-bdfb-4343-9004-9be15dfd844c,server/model/players/Client.java,process,->,12acfc45-bdfb-4343-9004-9be15dfd844c,server/model/players/Client.java,forcedChat
12acfc45-bdfb-4343-9004-9be15dfd844c,server/model/players/Client.java,process,->,12acfc45-bdfb-4343-9004-9be15dfd844c,java/lang/System.java,currentTimeMillis
12acfc45-bdfb-4343-9004-9be15dfd844c,server/model/players/Client.java,process,->,12acfc45-bdfb-4343-9004-9be15dfd844c,java/lang/System.java,currentTimeMillis
12acfc45-bdfb-4343-9004-9be15dfd844c,server/model/players/Client.java,process,->,12acfc45-bdfb-4343-9004-9be15dfd844c,server/model/players/Client.java,getItems
12acfc45-bdfb-4343-9004-9be15dfd844c,server/model/players/Client.java,process,->,12acfc45-bdfb-4343-9004-9be15dfd844c,server/model/items/ItemAssistant.java,addSpecialBar
12acfc45-bdfb-4343-9004-9be15dfd844c,server/model/players/Client.java,process,->,12acfc45-bdfb-4343-9004-9be15dfd844c,server/model/players/Client.java,getPA
12acfc45-bdfb-4343-9004-9be15dfd844c,server/model/players/Client.java,process,->,12acfc45-bdfb-4343-9004-9be15dfd844c,991eb2a8-284a-4290-ae08-f54cf8834706,7953991a-c478-44db-962f-2aa2177f945d
12acfc45-bdfb-4343-9004-9be15dfd844c,server/model/players/Client.java,process,->,12acfc45-bdfb-4343-9004-9be15dfd844c,server/model/players/Client.java,getPA
12acfc45-bdfb-4343-9004-9be15dfd844c,server/model/players/Client.java,process,->,12acfc45-bdfb-4343-9004-9be15dfd844c,991eb2a8-284a-4290-ae08-f54cf8834706,52a21904-427e-4263-9554-cc4953ec015f
12acfc45-bdfb-4343-9004-9be15dfd844c,server/model/players/Client.java,process,->,12acfc45-bdfb-4343-9004-9be15dfd844c,server/model/players/Client.java,getCombat
12acfc45-bdfb-4343-9004-9be15dfd844c,server/model/players/Client.java,process,->,12acfc45-bdfb-4343-9004-9be15dfd844c,server/model/players/CombatAssistant.java,handlePrayerDrain
12acfc45-bdfb-4343-9004-9be15dfd844c,server/model/players/Client.java,process,->,12acfc45-bdfb-4343-9004-9be15dfd844c,java/lang/System.java,currentTimeMillis
12acfc45-bdfb-4343-9004-9be15dfd844c,server/model/players/Client.java,process,->,12acfc45-bdfb-4343-9004-9be15dfd844c,java/lang/System.java,currentTimeMillis
12acfc45-bdfb-4343-9004-9be15dfd844c,server/model/players/Client.java,process,->,12acfc45-bdfb-4343-9004-9be15dfd844c,java/lang/System.java,currentTimeMillis
12acfc45-bdfb-4343-9004-9be15dfd844c,server/model/players/Client.java,process,->,12acfc45-bdfb-4343-9004-9be15dfd844c,java/lang/System.java,currentTimeMillis
12acfc45-bdfb-4343-9004-9be15dfd844c,server/model/players/Client.java,process,->,12acfc45-bdfb-4343-9004-9be15dfd844c,server/model/players/Client.java,getLevelForXP
12acfc45-bdfb-4343-9004-9be15dfd844c,server/model/players/Client.java,process,->,12acfc45-bdfb-4343-9004-9be15dfd844c,server/model/players/Client.java,getPA
12acfc45-bdfb-4343-9004-9be15dfd844c,server/model/players/Client.java,process,->,12acfc45-bdfb-4343-9004-9be15dfd844c,991eb2a8-284a-4290-ae08-f54cf8834706,1f9429af-c8fa-498b-ab2c-661299ba41ed
12acfc45-bdfb-4343-9004-9be15dfd844c,server/model/players/Client.java,process,->,12acfc45-bdfb-4343-9004-9be15dfd844c,server/model/players/Client.java,getPA
12acfc45-bdfb-4343-9004-9be15dfd844c,server/model/players/Client.java,process,->,12acfc45-bdfb-4343-9004-9be15dfd844c,991eb2a8-284a-4290-ae08-f54cf8834706,cc581d00-f04e-4278-8aaf-0ecbd93e9b04
12acfc45-bdfb-4343-9004-9be15dfd844c,server/model/players/Client.java,process,->,12acfc45-bdfb-4343-9004-9be15dfd844c,server/model/players/Client.java,getLevelForXP
12acfc45-bdfb-4343-9004-9be15dfd844c,server/model/players/Client.java,process,->,12acfc45-bdfb-4343-9004-9be15dfd844c,server/model/players/Client.java,getPA
12acfc45-bdfb-4343-9004-9be15dfd844c,server/model/players/Client.java,process,->,12acfc45-bdfb-4343-9004-9be15dfd844c,991eb2a8-284a-4290-ae08-f54cf8834706,1f9429af-c8fa-498b-ab2c-661299ba41ed
12acfc45-bdfb-4343-9004-9be15dfd844c,server/model/players/Client.java,process,->,12acfc45-bdfb-4343-9004-9be15dfd844c,server/model/players/Client.java,getPA
12acfc45-bdfb-4343-9004-9be15dfd844c,server/model/players/Client.java,process,->,12acfc45-bdfb-4343-9004-9be15dfd844c,991eb2a8-284a-4290-ae08-f54cf8834706,cc581d00-f04e-4278-8aaf-0ecbd93e9b04
12acfc45-bdfb-4343-9004-9be15dfd844c,server/model/players/Client.java,process,->,12acfc45-bdfb-4343-9004-9be15dfd844c,server/model/players/Client.java,inWild
12acfc45-bdfb-4343-9004-9be15dfd844c,server/model/players/Client.java,process,->,12acfc45-bdfb-4343-9004-9be15dfd844c,server/model/players/Client.java,getPA
12acfc45-bdfb-4343-9004-9be15dfd844c,server/model/players/Client.java,process,->,12acfc45-bdfb-4343-9004-9be15dfd844c,991eb2a8-284a-4290-ae08-f54cf8834706,40b8551f-2f00-4956-8f96-670fa83abf44
12acfc45-bdfb-4343-9004-9be15dfd844c,server/model/players/Client.java,process,->,12acfc45-bdfb-4343-9004-9be15dfd844c,server/model/players/Client.java,inMulti
12acfc45-bdfb-4343-9004-9be15dfd844c,server/model/players/Client.java,process,->,12acfc45-bdfb-4343-9004-9be15dfd844c,server/model/players/Client.java,getPA
12acfc45-bdfb-4343-9004-9be15dfd844c,server/model/players/Client.java,process,->,12acfc45-bdfb-4343-9004-9be15dfd844c,java/lang/StringBuilder.java,append
12acfc45-bdfb-4343-9004-9be15dfd844c,server/model/players/Client.java,process,->,12acfc45-bdfb-4343-9004-9be15dfd844c,java/lang/StringBuilder.java,append
12acfc45-bdfb-4343-9004-9be15dfd844c,server/model/players/Client.java,process,->,12acfc45-bdfb-4343-9004-9be15dfd844c,java/lang/StringBuilder.java,toString
12acfc45-bdfb-4343-9004-9be15dfd844c,server/model/players/Client.java,process,->,12acfc45-bdfb-4343-9004-9be15dfd844c,991eb2a8-284a-4290-ae08-f54cf8834706,609517a1-3a8b-4bd9-8623-3cae47c33a17
12acfc45-bdfb-4343-9004-9be15dfd844c,server/model/players/Client.java,process,->,12acfc45-bdfb-4343-9004-9be15dfd844c,server/model/players/Client.java,getPA
12acfc45-bdfb-4343-9004-9be15dfd844c,server/model/players/Client.java,process,->,12acfc45-bdfb-4343-9004-9be15dfd844c,java/lang/StringBuilder.java,append
12acfc45-bdfb-4343-9004-9be15dfd844c,server/model/players/Client.java,process,->,12acfc45-bdfb-4343-9004-9be15dfd844c,java/lang/StringBuilder.java,append
12acfc45-bdfb-4343-9004-9be15dfd844c,server/model/players/Client.java,process,->,12acfc45-bdfb-4343-9004-9be15dfd844c,java/lang/StringBuilder.java,toString
12acfc45-bdfb-4343-9004-9be15dfd844c,server/model/players/Client.java,process,->,12acfc45-bdfb-4343-9004-9be15dfd844c,991eb2a8-284a-4290-ae08-f54cf8834706,609517a1-3a8b-4bd9-8623-3cae47c33a17
12acfc45-bdfb-4343-9004-9be15dfd844c,server/model/players/Client.java,process,->,12acfc45-bdfb-4343-9004-9be15dfd844c,server/model/players/Client.java,getPA
12acfc45-bdfb-4343-9004-9be15dfd844c,server/model/players/Client.java,process,->,12acfc45-bdfb-4343-9004-9be15dfd844c,991eb2a8-284a-4290-ae08-f54cf8834706,51d33ea6-999b-4264-bbf0-81141490ce8f
12acfc45-bdfb-4343-9004-9be15dfd844c,server/model/players/Client.java,process,->,12acfc45-bdfb-4343-9004-9be15dfd844c,server/model/players/Client.java,inDuelArena
12acfc45-bdfb-4343-9004-9be15dfd844c,server/model/players/Client.java,process,->,12acfc45-bdfb-4343-9004-9be15dfd844c,server/model/players/Client.java,getPA
12acfc45-bdfb-4343-9004-9be15dfd844c,server/model/players/Client.java,process,->,12acfc45-bdfb-4343-9004-9be15dfd844c,991eb2a8-284a-4290-ae08-f54cf8834706,40b8551f-2f00-4956-8f96-670fa83abf44
12acfc45-bdfb-4343-9004-9be15dfd844c,server/model/players/Client.java,process,->,12acfc45-bdfb-4343-9004-9be15dfd844c,server/model/players/Client.java,getPA
12acfc45-bdfb-4343-9004-9be15dfd844c,server/model/players/Client.java,process,->,12acfc45-bdfb-4343-9004-9be15dfd844c,991eb2a8-284a-4290-ae08-f54cf8834706,51d33ea6-999b-4264-bbf0-81141490ce8f
12acfc45-bdfb-4343-9004-9be15dfd844c,server/model/players/Client.java,process,->,12acfc45-bdfb-4343-9004-9be15dfd844c,server/model/players/Client.java,getPA
12acfc45-bdfb-4343-9004-9be15dfd844c,server/model/players/Client.java,process,->,12acfc45-bdfb-4343-9004-9be15dfd844c,991eb2a8-284a-4290-ae08-f54cf8834706,51d33ea6-999b-4264-bbf0-81141490ce8f
12acfc45-bdfb-4343-9004-9be15dfd844c,server/model/players/Client.java,process,->,12acfc45-bdfb-4343-9004-9be15dfd844c,server/model/players/Client.java,inBarrows
12acfc45-bdfb-4343-9004-9be15dfd844c,server/model/players/Client.java,process,->,12acfc45-bdfb-4343-9004-9be15dfd844c,server/model/players/Client.java,getPA
12acfc45-bdfb-4343-9004-9be15dfd844c,server/model/players/Client.java,process,->,12acfc45-bdfb-4343-9004-9be15dfd844c,server/model/players/PlayerAssistant.java,sendFrame99
12acfc45-bdfb-4343-9004-9be15dfd844c,server/model/players/Client.java,process,->,12acfc45-bdfb-4343-9004-9be15dfd844c,server/model/players/Client.java,getPA
12acfc45-bdfb-4343-9004-9be15dfd844c,server/model/players/Client.java,process,->,12acfc45-bdfb-4343-9004-9be15dfd844c,java/lang/StringBuilder.java,append
12acfc45-bdfb-4343-9004-9be15dfd844c,server/model/players/Client.java,process,->,12acfc45-bdfb-4343-9004-9be15dfd844c,java/lang/StringBuilder.java,append
12acfc45-bdfb-4343-9004-9be15dfd844c,server/model/players/Client.java,process,->,12acfc45-bdfb-4343-9004-9be15dfd844c,java/lang/StringBuilder.java,toString
12acfc45-bdfb-4343-9004-9be15dfd844c,server/model/players/Client.java,process,->,12acfc45-bdfb-4343-9004-9be15dfd844c,991eb2a8-284a-4290-ae08-f54cf8834706,609517a1-3a8b-4bd9-8623-3cae47c33a17
12acfc45-bdfb-4343-9004-9be15dfd844c,server/model/players/Client.java,process,->,12acfc45-bdfb-4343-9004-9be15dfd844c,server/model/players/Client.java,getPA
12acfc45-bdfb-4343-9004-9be15dfd844c,server/model/players/Client.java,process,->,12acfc45-bdfb-4343-9004-9be15dfd844c,991eb2a8-284a-4290-ae08-f54cf8834706,40b8551f-2f00-4956-8f96-670fa83abf44
12acfc45-bdfb-4343-9004-9be15dfd844c,server/model/players/Client.java,process,->,12acfc45-bdfb-4343-9004-9be15dfd844c,server/model/players/Client.java,getPA
12acfc45-bdfb-4343-9004-9be15dfd844c,server/model/players/Client.java,process,->,12acfc45-bdfb-4343-9004-9be15dfd844c,991eb2a8-284a-4290-ae08-f54cf8834706,51d33ea6-999b-4264-bbf0-81141490ce8f
12acfc45-bdfb-4343-9004-9be15dfd844c,server/model/players/Client.java,process,->,12acfc45-bdfb-4343-9004-9be15dfd844c,server/model/players/Client.java,getPA
12acfc45-bdfb-4343-9004-9be15dfd844c,server/model/players/Client.java,process,->,12acfc45-bdfb-4343-9004-9be15dfd844c,991eb2a8-284a-4290-ae08-f54cf8834706,790d5234-7ac8-4d94-9ec9-32ac9e6366a7
12acfc45-bdfb-4343-9004-9be15dfd844c,server/model/players/Client.java,process,->,12acfc45-bdfb-4343-9004-9be15dfd844c,server/model/players/Client.java,getPA
12acfc45-bdfb-4343-9004-9be15dfd844c,server/model/players/Client.java,process,->,12acfc45-bdfb-4343-9004-9be15dfd844c,991eb2a8-284a-4290-ae08-f54cf8834706,51d33ea6-999b-4264-bbf0-81141490ce8f
12acfc45-bdfb-4343-9004-9be15dfd844c,server/model/players/Client.java,process,->,12acfc45-bdfb-4343-9004-9be15dfd844c,server/model/players/Client.java,getPA
12acfc45-bdfb-4343-9004-9be15dfd844c,server/model/players/Client.java,process,->,12acfc45-bdfb-4343-9004-9be15dfd844c,server/model/players/PlayerAssistant.java,sendFrame99
12acfc45-bdfb-4343-9004-9be15dfd844c,server/model/players/Client.java,process,->,12acfc45-bdfb-4343-9004-9be15dfd844c,server/model/players/Client.java,getPA
12acfc45-bdfb-4343-9004-9be15dfd844c,server/model/players/Client.java,process,->,12acfc45-bdfb-4343-9004-9be15dfd844c,991eb2a8-284a-4290-ae08-f54cf8834706,40b8551f-2f00-4956-8f96-670fa83abf44
12acfc45-bdfb-4343-9004-9be15dfd844c,server/model/players/Client.java,process,->,12acfc45-bdfb-4343-9004-9be15dfd844c,server/model/players/Client.java,getPA
12acfc45-bdfb-4343-9004-9be15dfd844c,server/model/players/Client.java,process,->,12acfc45-bdfb-4343-9004-9be15dfd844c,991eb2a8-284a-4290-ae08-f54cf8834706,51d33ea6-999b-4264-bbf0-81141490ce8f
12acfc45-bdfb-4343-9004-9be15dfd844c,server/model/players/Client.java,process,->,12acfc45-bdfb-4343-9004-9be15dfd844c,server/model/players/Client.java,inMulti
12acfc45-bdfb-4343-9004-9be15dfd844c,server/model/players/Client.java,process,->,12acfc45-bdfb-4343-9004-9be15dfd844c,server/model/players/Client.java,getPA
12acfc45-bdfb-4343-9004-9be15dfd844c,server/model/players/Client.java,process,->,12acfc45-bdfb-4343-9004-9be15dfd844c,991eb2a8-284a-4290-ae08-f54cf8834706,6c080891-4f00-4f3f-95ef-829448952f4a
12acfc45-bdfb-4343-9004-9be15dfd844c,server/model/players/Client.java,process,->,12acfc45-bdfb-4343-9004-9be15dfd844c,server/model/players/Client.java,inMulti
12acfc45-bdfb-4343-9004-9be15dfd844c,server/model/players/Client.java,process,->,12acfc45-bdfb-4343-9004-9be15dfd844c,server/model/players/Client.java,getPA
12acfc45-bdfb-4343-9004-9be15dfd844c,server/model/players/Client.java,process,->,12acfc45-bdfb-4343-9004-9be15dfd844c,991eb2a8-284a-4290-ae08-f54cf8834706,6c080891-4f00-4f3f-95ef-829448952f4a
12acfc45-bdfb-4343-9004-9be15dfd844c,server/model/players/Client.java,process,->,12acfc45-bdfb-4343-9004-9be15dfd844c,java/util/ArrayList.java,clear
12acfc45-bdfb-4343-9004-9be15dfd844c,server/model/players/Client.java,process,->,12acfc45-bdfb-4343-9004-9be15dfd844c,server/model/players/Client.java,getPA
12acfc45-bdfb-4343-9004-9be15dfd844c,server/model/players/Client.java,process,->,12acfc45-bdfb-4343-9004-9be15dfd844c,991eb2a8-284a-4290-ae08-f54cf8834706,f59ca130-d149-43aa-b537-369a4987d63b
12acfc45-bdfb-4343-9004-9be15dfd844c,server/model/players/Client.java,process,->,12acfc45-bdfb-4343-9004-9be15dfd844c,server/model/players/Client.java,getPA
12acfc45-bdfb-4343-9004-9be15dfd844c,server/model/players/Client.java,process,->,12acfc45-bdfb-4343-9004-9be15dfd844c,991eb2a8-284a-4290-ae08-f54cf8834706,ce0f61c2-de28-4e8a-8a0d-ce9798ecb5cb
12acfc45-bdfb-4343-9004-9be15dfd844c,server/model/players/Client.java,process,->,12acfc45-bdfb-4343-9004-9be15dfd844c,server/model/players/Client.java,getPA
12acfc45-bdfb-4343-9004-9be15dfd844c,server/model/players/Client.java,process,->,12acfc45-bdfb-4343-9004-9be15dfd844c,991eb2a8-284a-4290-ae08-f54cf8834706,63900ae0-af00-49cd-af2f-1ccf0ea88d45
12acfc45-bdfb-4343-9004-9be15dfd844c,server/model/players/Client.java,process,->,12acfc45-bdfb-4343-9004-9be15dfd844c,server/model/players/Client.java,startAnimation
12acfc45-bdfb-4343-9004-9be15dfd844c,server/model/players/Client.java,process,->,12acfc45-bdfb-4343-9004-9be15dfd844c,server/model/players/Client.java,goodDistance
12acfc45-bdfb-4343-9004-9be15dfd844c,server/model/players/Client.java,process,->,12acfc45-bdfb-4343-9004-9be15dfd844c,server/model/players/Client.java,getPA
12acfc45-bdfb-4343-9004-9be15dfd844c,server/model/players/Client.java,process,->,12acfc45-bdfb-4343-9004-9be15dfd844c,991eb2a8-284a-4290-ae08-f54cf8834706,acec9b81-e62f-4461-af76-94512d90eba3
12acfc45-bdfb-4343-9004-9be15dfd844c,server/model/players/Client.java,process,->,12acfc45-bdfb-4343-9004-9be15dfd844c,server/model/players/Client.java,getPA
12acfc45-bdfb-4343-9004-9be15dfd844c,server/model/players/Client.java,process,->,12acfc45-bdfb-4343-9004-9be15dfd844c,server/model/players/PlayerAssistant.java,processTeleport
12acfc45-bdfb-4343-9004-9be15dfd844c,server/model/players/Client.java,process,->,12acfc45-bdfb-4343-9004-9be15dfd844c,server/model/players/Client.java,gfx100
12acfc45-bdfb-4343-9004-9be15dfd844c,server/model/players/Client.java,process,->,12acfc45-bdfb-4343-9004-9be15dfd844c,server/model/players/Client.java,getCombat
12acfc45-bdfb-4343-9004-9be15dfd844c,server/model/players/Client.java,process,->,12acfc45-bdfb-4343-9004-9be15dfd844c,server/model/players/CombatAssistant.java,delayedHit
12acfc45-bdfb-4343-9004-9be15dfd844c,server/model/players/Client.java,process,->,12acfc45-bdfb-4343-9004-9be15dfd844c,server/model/players/Client.java,getCombat
12acfc45-bdfb-4343-9004-9be15dfd844c,server/model/players/Client.java,process,->,12acfc45-bdfb-4343-9004-9be15dfd844c,server/model/players/CombatAssistant.java,playerDelayedHit
12acfc45-bdfb-4343-9004-9be15dfd844c,server/model/players/Client.java,process,->,12acfc45-bdfb-4343-9004-9be15dfd844c,server/model/players/Client.java,getCombat
12acfc45-bdfb-4343-9004-9be15dfd844c,server/model/players/Client.java,process,->,12acfc45-bdfb-4343-9004-9be15dfd844c,server/model/players/CombatAssistant.java,attackNpc
12acfc45-bdfb-4343-9004-9be15dfd844c,server/model/players/Client.java,process,->,12acfc45-bdfb-4343-9004-9be15dfd844c,server/model/players/Client.java,getCombat
12acfc45-bdfb-4343-9004-9be15dfd844c,server/model/players/Client.java,process,->,12acfc45-bdfb-4343-9004-9be15dfd844c,server/model/players/CombatAssistant.java,attackPlayer
12acfc45-bdfb-4343-9004-9be15dfd844c,server/model/players/Client.java,process,->,12acfc45-bdfb-4343-9004-9be15dfd844c,server/model/players/Client.java,getCombat
12acfc45-bdfb-4343-9004-9be15dfd844c,server/model/players/Client.java,process,->,12acfc45-bdfb-4343-9004-9be15dfd844c,server/model/players/CombatAssistant.java,attackNpc
12acfc45-bdfb-4343-9004-9be15dfd844c,server/model/players/Client.java,process,->,12acfc45-bdfb-4343-9004-9be15dfd844c,server/model/players/Client.java,getCombat
12acfc45-bdfb-4343-9004-9be15dfd844c,server/model/players/Client.java,process,->,12acfc45-bdfb-4343-9004-9be15dfd844c,server/model/players/CombatAssistant.java,attackPlayer
12acfc45-bdfb-4343-9004-9be15dfd844c,server/model/players/Client.java,process,->,12acfc45-bdfb-4343-9004-9be15dfd844c,server/model/players/Client.java,getTradeAndDuel
12acfc45-bdfb-4343-9004-9be15dfd844c,server/model/players/Client.java,process,->,12acfc45-bdfb-4343-9004-9be15dfd844c,server/model/players/TradeAndDuel.java,resetTrade
12acfc45-bdfb-4343-9004-9be15dfd844c,server/model/players/Client.java,process,->,12acfc45-bdfb-4343-9004-9be15dfd844c,server/model/players/Client.java,getTradeAndDuel
12acfc45-bdfb-4343-9004-9be15dfd844c,server/model/players/Client.java,process,->,12acfc45-bdfb-4343-9004-9be15dfd844c,server/model/players/TradeAndDuel.java,resetTrade
12acfc45-bdfb-4343-9004-9be15dfd844c,server/model/players/Client.java,queueMessage,->,12acfc45-bdfb-4343-9004-9be15dfd844c,java/util/Queue.java,add
12acfc45-bdfb-4343-9004-9be15dfd844c,server/model/players/Client.java,processQueuedPackets,->,12acfc45-bdfb-4343-9004-9be15dfd844c,java/util/Queue.java,poll
12acfc45-bdfb-4343-9004-9be15dfd844c,server/model/players/Client.java,processQueuedPackets,->,12acfc45-bdfb-4343-9004-9be15dfd844c,650485d6-af12-4d77-a5e6-6a88daaf9fc0,0fa5271a-4ddf-481d-b35b-34ef99d71dc1
12acfc45-bdfb-4343-9004-9be15dfd844c,server/model/players/Client.java,processQueuedPackets,->,12acfc45-bdfb-4343-9004-9be15dfd844c,650485d6-af12-4d77-a5e6-6a88daaf9fc0,4d7508ea-929d-4c52-9fe9-b4c677064724
12acfc45-bdfb-4343-9004-9be15dfd844c,server/model/players/Client.java,processQueuedPackets,->,12acfc45-bdfb-4343-9004-9be15dfd844c,650485d6-af12-4d77-a5e6-6a88daaf9fc0,c929f815-5baf-4e71-8f7f-95055fc2511f
12acfc45-bdfb-4343-9004-9be15dfd844c,server/model/players/Client.java,processQueuedPackets,->,12acfc45-bdfb-4343-9004-9be15dfd844c,org/jboss/netty/buffer/ChannelBuffer.java,array
12acfc45-bdfb-4343-9004-9be15dfd844c,server/model/players/Client.java,processQueuedPackets,->,12acfc45-bdfb-4343-9004-9be15dfd844c,eaec0489-38ab-4578-8bb1-fac4236d2c47,115850ae-2f69-4927-8743-c68a1820224b
12acfc45-bdfb-4343-9004-9be15dfd844c,server/model/players/Client.java,correctCoordinates,->,12acfc45-bdfb-4343-9004-9be15dfd844c,server/model/players/Client.java,inPcGame
12acfc45-bdfb-4343-9004-9be15dfd844c,server/model/players/Client.java,correctCoordinates,->,12acfc45-bdfb-4343-9004-9be15dfd844c,server/model/players/Client.java,getPA
12acfc45-bdfb-4343-9004-9be15dfd844c,server/model/players/Client.java,correctCoordinates,->,12acfc45-bdfb-4343-9004-9be15dfd844c,991eb2a8-284a-4290-ae08-f54cf8834706,141a66be-744c-48f6-a5c3-9dbea684d0d6
12acfc45-bdfb-4343-9004-9be15dfd844c,server/model/players/Client.java,correctCoordinates,->,12acfc45-bdfb-4343-9004-9be15dfd844c,server/model/players/Client.java,inFightCaves
12acfc45-bdfb-4343-9004-9be15dfd844c,server/model/players/Client.java,correctCoordinates,->,12acfc45-bdfb-4343-9004-9be15dfd844c,server/model/players/Client.java,getPA
12acfc45-bdfb-4343-9004-9be15dfd844c,server/model/players/Client.java,correctCoordinates,->,12acfc45-bdfb-4343-9004-9be15dfd844c,991eb2a8-284a-4290-ae08-f54cf8834706,141a66be-744c-48f6-a5c3-9dbea684d0d6
12acfc45-bdfb-4343-9004-9be15dfd844c,server/model/players/Client.java,correctCoordinates,->,12acfc45-bdfb-4343-9004-9be15dfd844c,server/model/players/Client.java,sendMessage
12acfc45-bdfb-4343-9004-9be15dfd844c,server/model/players/Client.java,correctCoordinates,->,12acfc45-bdfb-4343-9004-9be15dfd844c,3ab0cc49-78c3-45ed-a03a-f251199dfbb9,3d27faf4-0319-4d3d-b558-10d40da17fd8
12acfc45-bdfb-4343-9004-9be15dfd844c,server/model/players/Client.java,correctCoordinates,->,12acfc45-bdfb-4343-9004-9be15dfd844c,3ab0cc49-78c3-45ed-a03a-f251199dfbb9,d719c34b-e0d2-473f-8e9a-936cfc6b4522
12acfc45-bdfb-4343-9004-9be15dfd844c,server/model/players/Potions.java,handlePotion,->,12acfc45-bdfb-4343-9004-9be15dfd844c,server/model/players/Client.java,sendMessage
12acfc45-bdfb-4343-9004-9be15dfd844c,server/model/players/Potions.java,handlePotion,->,12acfc45-bdfb-4343-9004-9be15dfd844c,java/lang/System.java,currentTimeMillis
12acfc45-bdfb-4343-9004-9be15dfd844c,server/model/players/Potions.java,handlePotion,->,12acfc45-bdfb-4343-9004-9be15dfd844c,java/lang/System.java,currentTimeMillis
12acfc45-bdfb-4343-9004-9be15dfd844c,server/model/players/Potions.java,handlePotion,->,12acfc45-bdfb-4343-9004-9be15dfd844c,server/model/players/Client.java,getCombat
12acfc45-bdfb-4343-9004-9be15dfd844c,server/model/players/Potions.java,handlePotion,->,12acfc45-bdfb-4343-9004-9be15dfd844c,server/model/players/CombatAssistant.java,resetPlayerAttack
12acfc45-bdfb-4343-9004-9be15dfd844c,server/model/players/Potions.java,handlePotion,->,12acfc45-bdfb-4343-9004-9be15dfd844c,server/model/players/Potions.java,doTheBrew
12acfc45-bdfb-4343-9004-9be15dfd844c,server/model/players/Potions.java,handlePotion,->,12acfc45-bdfb-4343-9004-9be15dfd844c,server/model/players/Potions.java,doTheBrew
12acfc45-bdfb-4343-9004-9be15dfd844c,server/model/players/Potions.java,handlePotion,->,12acfc45-bdfb-4343-9004-9be15dfd844c,server/model/players/Potions.java,doTheBrew
12acfc45-bdfb-4343-9004-9be15dfd844c,server/model/players/Potions.java,handlePotion,->,12acfc45-bdfb-4343-9004-9be15dfd844c,server/model/players/Potions.java,doTheBrew
12acfc45-bdfb-4343-9004-9be15dfd844c,server/model/players/Potions.java,handlePotion,->,12acfc45-bdfb-4343-9004-9be15dfd844c,server/model/players/Potions.java,drinkStatPotion
12acfc45-bdfb-4343-9004-9be15dfd844c,server/model/players/Potions.java,handlePotion,->,12acfc45-bdfb-4343-9004-9be15dfd844c,server/model/players/Potions.java,drinkStatPotion
12acfc45-bdfb-4343-9004-9be15dfd844c,server/model/players/Potions.java,handlePotion,->,12acfc45-bdfb-4343-9004-9be15dfd844c,server/model/players/Potions.java,drinkStatPotion
12acfc45-bdfb-4343-9004-9be15dfd844c,server/model/players/Potions.java,handlePotion,->,12acfc45-bdfb-4343-9004-9be15dfd844c,server/model/players/Potions.java,drinkStatPotion
12acfc45-bdfb-4343-9004-9be15dfd844c,server/model/players/Potions.java,handlePotion,->,12acfc45-bdfb-4343-9004-9be15dfd844c,server/model/players/Potions.java,drinkStatPotion
12acfc45-bdfb-4343-9004-9be15dfd844c,server/model/players/Potions.java,handlePotion,->,12acfc45-bdfb-4343-9004-9be15dfd844c,server/model/players/Potions.java,drinkStatPotion
12acfc45-bdfb-4343-9004-9be15dfd844c,server/model/players/Potions.java,handlePotion,->,12acfc45-bdfb-4343-9004-9be15dfd844c,server/model/players/Potions.java,drinkStatPotion
12acfc45-bdfb-4343-9004-9be15dfd844c,server/model/players/Potions.java,handlePotion,->,12acfc45-bdfb-4343-9004-9be15dfd844c,server/model/players/Potions.java,drinkStatPotion
12acfc45-bdfb-4343-9004-9be15dfd844c,server/model/players/Potions.java,handlePotion,->,12acfc45-bdfb-4343-9004-9be15dfd844c,server/model/players/Potions.java,drinkStatPotion
12acfc45-bdfb-4343-9004-9be15dfd844c,server/model/players/Potions.java,handlePotion,->,12acfc45-bdfb-4343-9004-9be15dfd844c,server/model/players/Potions.java,drinkStatPotion
12acfc45-bdfb-4343-9004-9be15dfd844c,server/model/players/Potions.java,handlePotion,->,12acfc45-bdfb-4343-9004-9be15dfd844c,server/model/players/Potions.java,drinkStatPotion
12acfc45-bdfb-4343-9004-9be15dfd844c,server/model/players/Potions.java,handlePotion,->,12acfc45-bdfb-4343-9004-9be15dfd844c,server/model/players/Potions.java,drinkStatPotion
12acfc45-bdfb-4343-9004-9be15dfd844c,server/model/players/Potions.java,handlePotion,->,12acfc45-bdfb-4343-9004-9be15dfd844c,server/model/players/Potions.java,drinkStatPotion
12acfc45-bdfb-4343-9004-9be15dfd844c,server/model/players/Potions.java,handlePotion,->,12acfc45-bdfb-4343-9004-9be15dfd844c,server/model/players/Potions.java,drinkStatPotion
12acfc45-bdfb-4343-9004-9be15dfd844c,server/model/players/Potions.java,handlePotion,->,12acfc45-bdfb-4343-9004-9be15dfd844c,server/model/players/Potions.java,drinkStatPotion
12acfc45-bdfb-4343-9004-9be15dfd844c,server/model/players/Potions.java,handlePotion,->,12acfc45-bdfb-4343-9004-9be15dfd844c,server/model/players/Potions.java,drinkStatPotion
12acfc45-bdfb-4343-9004-9be15dfd844c,server/model/players/Potions.java,handlePotion,->,12acfc45-bdfb-4343-9004-9be15dfd844c,server/model/players/Potions.java,drinkStatPotion
12acfc45-bdfb-4343-9004-9be15dfd844c,server/model/players/Potions.java,handlePotion,->,12acfc45-bdfb-4343-9004-9be15dfd844c,server/model/players/Potions.java,drinkStatPotion
12acfc45-bdfb-4343-9004-9be15dfd844c,server/model/players/Potions.java,handlePotion,->,12acfc45-bdfb-4343-9004-9be15dfd844c,server/model/players/Potions.java,drinkStatPotion
12acfc45-bdfb-4343-9004-9be15dfd844c,server/model/players/Potions.java,handlePotion,->,12acfc45-bdfb-4343-9004-9be15dfd844c,server/model/players/Potions.java,drinkStatPotion
12acfc45-bdfb-4343-9004-9be15dfd844c,server/model/players/Potions.java,handlePotion,->,12acfc45-bdfb-4343-9004-9be15dfd844c,server/model/players/Potions.java,drinkStatPotion
12acfc45-bdfb-4343-9004-9be15dfd844c,server/model/players/Potions.java,handlePotion,->,12acfc45-bdfb-4343-9004-9be15dfd844c,server/model/players/Potions.java,drinkStatPotion
12acfc45-bdfb-4343-9004-9be15dfd844c,server/model/players/Potions.java,handlePotion,->,12acfc45-bdfb-4343-9004-9be15dfd844c,server/model/players/Potions.java,drinkStatPotion
12acfc45-bdfb-4343-9004-9be15dfd844c,server/model/players/Potions.java,handlePotion,->,12acfc45-bdfb-4343-9004-9be15dfd844c,server/model/players/Potions.java,drinkStatPotion
12acfc45-bdfb-4343-9004-9be15dfd844c,server/model/players/Potions.java,handlePotion,->,12acfc45-bdfb-4343-9004-9be15dfd844c,server/model/players/Potions.java,drinkStatPotion
12acfc45-bdfb-4343-9004-9be15dfd844c,server/model/players/Potions.java,handlePotion,->,12acfc45-bdfb-4343-9004-9be15dfd844c,server/model/players/Potions.java,drinkStatPotion
12acfc45-bdfb-4343-9004-9be15dfd844c,server/model/players/Potions.java,handlePotion,->,12acfc45-bdfb-4343-9004-9be15dfd844c,server/model/players/Potions.java,drinkStatPotion
12acfc45-bdfb-4343-9004-9be15dfd844c,server/model/players/Potions.java,handlePotion,->,12acfc45-bdfb-4343-9004-9be15dfd844c,server/model/players/Potions.java,drinkStatPotion
12acfc45-bdfb-4343-9004-9be15dfd844c,server/model/players/Potions.java,handlePotion,->,12acfc45-bdfb-4343-9004-9be15dfd844c,server/model/players/Potions.java,drinkPrayerPot
12acfc45-bdfb-4343-9004-9be15dfd844c,server/model/players/Potions.java,handlePotion,->,12acfc45-bdfb-4343-9004-9be15dfd844c,server/model/players/Potions.java,drinkPrayerPot
12acfc45-bdfb-4343-9004-9be15dfd844c,server/model/players/Potions.java,handlePotion,->,12acfc45-bdfb-4343-9004-9be15dfd844c,server/model/players/Potions.java,drinkPrayerPot
12acfc45-bdfb-4343-9004-9be15dfd844c,server/model/players/Potions.java,handlePotion,->,12acfc45-bdfb-4343-9004-9be15dfd844c,server/model/players/Potions.java,drinkPrayerPot
12acfc45-bdfb-4343-9004-9be15dfd844c,server/model/players/Potions.java,handlePotion,->,12acfc45-bdfb-4343-9004-9be15dfd844c,server/model/players/Potions.java,drinkPrayerPot
12acfc45-bdfb-4343-9004-9be15dfd844c,server/model/players/Potions.java,handlePotion,->,12acfc45-bdfb-4343-9004-9be15dfd844c,server/model/players/Potions.java,curePoison
12acfc45-bdfb-4343-9004-9be15dfd844c,server/model/players/Potions.java,handlePotion,->,12acfc45-bdfb-4343-9004-9be15dfd844c,server/model/players/Potions.java,drinkPrayerPot
12acfc45-bdfb-4343-9004-9be15dfd844c,server/model/players/Potions.java,handlePotion,->,12acfc45-bdfb-4343-9004-9be15dfd844c,server/model/players/Potions.java,curePoison
12acfc45-bdfb-4343-9004-9be15dfd844c,server/model/players/Potions.java,handlePotion,->,12acfc45-bdfb-4343-9004-9be15dfd844c,server/model/players/Potions.java,drinkPrayerPot
12acfc45-bdfb-4343-9004-9be15dfd844c,server/model/players/Potions.java,handlePotion,->,12acfc45-bdfb-4343-9004-9be15dfd844c,server/model/players/Potions.java,curePoison
12acfc45-bdfb-4343-9004-9be15dfd844c,server/model/players/Potions.java,handlePotion,->,12acfc45-bdfb-4343-9004-9be15dfd844c,server/model/players/Potions.java,drinkPrayerPot
12acfc45-bdfb-4343-9004-9be15dfd844c,server/model/players/Potions.java,handlePotion,->,12acfc45-bdfb-4343-9004-9be15dfd844c,server/model/players/Potions.java,curePoison
12acfc45-bdfb-4343-9004-9be15dfd844c,server/model/players/Potions.java,handlePotion,->,12acfc45-bdfb-4343-9004-9be15dfd844c,server/model/players/Potions.java,drinkPrayerPot
12acfc45-bdfb-4343-9004-9be15dfd844c,server/model/players/Potions.java,handlePotion,->,12acfc45-bdfb-4343-9004-9be15dfd844c,server/model/players/Potions.java,drinkPrayerPot
12acfc45-bdfb-4343-9004-9be15dfd844c,server/model/players/Potions.java,handlePotion,->,12acfc45-bdfb-4343-9004-9be15dfd844c,server/model/players/Potions.java,drinkPrayerPot
12acfc45-bdfb-4343-9004-9be15dfd844c,server/model/players/Potions.java,handlePotion,->,12acfc45-bdfb-4343-9004-9be15dfd844c,server/model/players/Potions.java,drinkPrayerPot
12acfc45-bdfb-4343-9004-9be15dfd844c,server/model/players/Potions.java,handlePotion,->,12acfc45-bdfb-4343-9004-9be15dfd844c,server/model/players/Potions.java,drinkAntiPoison
12acfc45-bdfb-4343-9004-9be15dfd844c,server/model/players/Potions.java,handlePotion,->,12acfc45-bdfb-4343-9004-9be15dfd844c,server/model/players/Potions.java,drinkAntiPoison
12acfc45-bdfb-4343-9004-9be15dfd844c,server/model/players/Potions.java,handlePotion,->,12acfc45-bdfb-4343-9004-9be15dfd844c,server/model/players/Potions.java,drinkAntiPoison
12acfc45-bdfb-4343-9004-9be15dfd844c,server/model/players/Potions.java,handlePotion,->,12acfc45-bdfb-4343-9004-9be15dfd844c,server/model/players/Potions.java,drinkAntiPoison
12acfc45-bdfb-4343-9004-9be15dfd844c,server/model/players/Potions.java,handlePotion,->,12acfc45-bdfb-4343-9004-9be15dfd844c,server/model/players/Potions.java,drinkAntiPoison
12acfc45-bdfb-4343-9004-9be15dfd844c,server/model/players/Potions.java,handlePotion,->,12acfc45-bdfb-4343-9004-9be15dfd844c,server/model/players/Potions.java,drinkAntiPoison
12acfc45-bdfb-4343-9004-9be15dfd844c,server/model/players/Potions.java,handlePotion,->,12acfc45-bdfb-4343-9004-9be15dfd844c,server/model/players/Potions.java,drinkAntiPoison
12acfc45-bdfb-4343-9004-9be15dfd844c,server/model/players/Potions.java,handlePotion,->,12acfc45-bdfb-4343-9004-9be15dfd844c,server/model/players/Potions.java,drinkAntiPoison
12acfc45-bdfb-4343-9004-9be15dfd844c,server/model/players/Potions.java,drinkAntiPoison,->,12acfc45-bdfb-4343-9004-9be15dfd844c,server/model/players/Client.java,startAnimation
12acfc45-bdfb-4343-9004-9be15dfd844c,server/model/players/Potions.java,drinkAntiPoison,->,12acfc45-bdfb-4343-9004-9be15dfd844c,server/model/players/Client.java,getItems
12acfc45-bdfb-4343-9004-9be15dfd844c,server/model/players/Potions.java,drinkAntiPoison,->,12acfc45-bdfb-4343-9004-9be15dfd844c,server/model/items/ItemAssistant.java,resetItems
12acfc45-bdfb-4343-9004-9be15dfd844c,server/model/players/Potions.java,drinkAntiPoison,->,12acfc45-bdfb-4343-9004-9be15dfd844c,server/model/players/Potions.java,curePoison
12acfc45-bdfb-4343-9004-9be15dfd844c,server/model/players/Potions.java,curePoison,->,12acfc45-bdfb-4343-9004-9be15dfd844c,java/lang/System.java,currentTimeMillis
12acfc45-bdfb-4343-9004-9be15dfd844c,server/model/players/Potions.java,drinkStatPotion,->,12acfc45-bdfb-4343-9004-9be15dfd844c,server/model/players/Client.java,startAnimation
12acfc45-bdfb-4343-9004-9be15dfd844c,server/model/players/Potions.java,drinkStatPotion,->,12acfc45-bdfb-4343-9004-9be15dfd844c,server/model/players/Client.java,getItems
12acfc45-bdfb-4343-9004-9be15dfd844c,server/model/players/Potions.java,drinkStatPotion,->,12acfc45-bdfb-4343-9004-9be15dfd844c,server/model/items/ItemAssistant.java,resetItems
12acfc45-bdfb-4343-9004-9be15dfd844c,server/model/players/Potions.java,drinkStatPotion,->,12acfc45-bdfb-4343-9004-9be15dfd844c,server/model/players/Potions.java,enchanceStat
12acfc45-bdfb-4343-9004-9be15dfd844c,server/model/players/Potions.java,drinkPrayerPot,->,12acfc45-bdfb-4343-9004-9be15dfd844c,server/model/players/Client.java,startAnimation
12acfc45-bdfb-4343-9004-9be15dfd844c,server/model/players/Potions.java,drinkPrayerPot,->,12acfc45-bdfb-4343-9004-9be15dfd844c,server/model/players/Client.java,getItems
12acfc45-bdfb-4343-9004-9be15dfd844c,server/model/players/Potions.java,drinkPrayerPot,->,12acfc45-bdfb-4343-9004-9be15dfd844c,server/model/items/ItemAssistant.java,resetItems
12acfc45-bdfb-4343-9004-9be15dfd844c,server/model/players/Potions.java,drinkPrayerPot,->,12acfc45-bdfb-4343-9004-9be15dfd844c,server/model/players/Client.java,getLevelForXP
12acfc45-bdfb-4343-9004-9be15dfd844c,server/model/players/Potions.java,drinkPrayerPot,->,12acfc45-bdfb-4343-9004-9be15dfd844c,server/model/players/Client.java,getLevelForXP
12acfc45-bdfb-4343-9004-9be15dfd844c,server/model/players/Potions.java,drinkPrayerPot,->,12acfc45-bdfb-4343-9004-9be15dfd844c,server/model/players/Client.java,getLevelForXP
12acfc45-bdfb-4343-9004-9be15dfd844c,server/model/players/Potions.java,drinkPrayerPot,->,12acfc45-bdfb-4343-9004-9be15dfd844c,server/model/players/Client.java,getPA
12acfc45-bdfb-4343-9004-9be15dfd844c,server/model/players/Potions.java,drinkPrayerPot,->,12acfc45-bdfb-4343-9004-9be15dfd844c,991eb2a8-284a-4290-ae08-f54cf8834706,cc581d00-f04e-4278-8aaf-0ecbd93e9b04
12acfc45-bdfb-4343-9004-9be15dfd844c,server/model/players/Potions.java,drinkPrayerPot,->,12acfc45-bdfb-4343-9004-9be15dfd844c,server/model/players/Potions.java,restoreStats
12acfc45-bdfb-4343-9004-9be15dfd844c,server/model/players/Potions.java,restoreStats,->,12acfc45-bdfb-4343-9004-9be15dfd844c,server/model/players/Client.java,getLevelForXP
12acfc45-bdfb-4343-9004-9be15dfd844c,server/model/players/Potions.java,restoreStats,->,12acfc45-bdfb-4343-9004-9be15dfd844c,server/model/players/Client.java,getLevelForXP
12acfc45-bdfb-4343-9004-9be15dfd844c,server/model/players/Potions.java,restoreStats,->,12acfc45-bdfb-4343-9004-9be15dfd844c,server/model/players/Client.java,getLevelForXP
12acfc45-bdfb-4343-9004-9be15dfd844c,server/model/players/Potions.java,restoreStats,->,12acfc45-bdfb-4343-9004-9be15dfd844c,server/model/players/Client.java,getLevelForXP
12acfc45-bdfb-4343-9004-9be15dfd844c,server/model/players/Potions.java,restoreStats,->,12acfc45-bdfb-4343-9004-9be15dfd844c,server/model/players/Client.java,getPA
12acfc45-bdfb-4343-9004-9be15dfd844c,server/model/players/Potions.java,restoreStats,->,12acfc45-bdfb-4343-9004-9be15dfd844c,991eb2a8-284a-4290-ae08-f54cf8834706,cc581d00-f04e-4278-8aaf-0ecbd93e9b04
12acfc45-bdfb-4343-9004-9be15dfd844c,server/model/players/Potions.java,restoreStats,->,12acfc45-bdfb-4343-9004-9be15dfd844c,server/model/players/Client.java,getPA
12acfc45-bdfb-4343-9004-9be15dfd844c,server/model/players/Potions.java,restoreStats,->,12acfc45-bdfb-4343-9004-9be15dfd844c,991eb2a8-284a-4290-ae08-f54cf8834706,1f9429af-c8fa-498b-ab2c-661299ba41ed
12acfc45-bdfb-4343-9004-9be15dfd844c,server/model/players/Potions.java,doTheBrew,->,12acfc45-bdfb-4343-9004-9be15dfd844c,server/model/players/Client.java,sendMessage
12acfc45-bdfb-4343-9004-9be15dfd844c,server/model/players/Potions.java,doTheBrew,->,12acfc45-bdfb-4343-9004-9be15dfd844c,server/model/players/Client.java,startAnimation
12acfc45-bdfb-4343-9004-9be15dfd844c,server/model/players/Potions.java,doTheBrew,->,12acfc45-bdfb-4343-9004-9be15dfd844c,server/model/players/Client.java,getItems
12acfc45-bdfb-4343-9004-9be15dfd844c,server/model/players/Potions.java,doTheBrew,->,12acfc45-bdfb-4343-9004-9be15dfd844c,server/model/items/ItemAssistant.java,resetItems
12acfc45-bdfb-4343-9004-9be15dfd844c,server/model/players/Potions.java,doTheBrew,->,12acfc45-bdfb-4343-9004-9be15dfd844c,server/model/players/Potions.java,getBrewStat
12acfc45-bdfb-4343-9004-9be15dfd844c,server/model/players/Potions.java,doTheBrew,->,12acfc45-bdfb-4343-9004-9be15dfd844c,server/model/players/Client.java,getPA
12acfc45-bdfb-4343-9004-9be15dfd844c,server/model/players/Potions.java,doTheBrew,->,12acfc45-bdfb-4343-9004-9be15dfd844c,991eb2a8-284a-4290-ae08-f54cf8834706,cc581d00-f04e-4278-8aaf-0ecbd93e9b04
12acfc45-bdfb-4343-9004-9be15dfd844c,server/model/players/Potions.java,doTheBrew,->,12acfc45-bdfb-4343-9004-9be15dfd844c,server/model/players/Client.java,getPA
12acfc45-bdfb-4343-9004-9be15dfd844c,server/model/players/Potions.java,doTheBrew,->,12acfc45-bdfb-4343-9004-9be15dfd844c,991eb2a8-284a-4290-ae08-f54cf8834706,1f9429af-c8fa-498b-ab2c-661299ba41ed
12acfc45-bdfb-4343-9004-9be15dfd844c,server/model/players/Potions.java,doTheBrew,->,12acfc45-bdfb-4343-9004-9be15dfd844c,server/model/players/Potions.java,getBrewStat
12acfc45-bdfb-4343-9004-9be15dfd844c,server/model/players/Potions.java,doTheBrew,->,12acfc45-bdfb-4343-9004-9be15dfd844c,server/model/players/Client.java,getLevelForXP
12acfc45-bdfb-4343-9004-9be15dfd844c,server/model/players/Potions.java,doTheBrew,->,12acfc45-bdfb-4343-9004-9be15dfd844c,server/model/players/Client.java,getLevelForXP
12acfc45-bdfb-4343-9004-9be15dfd844c,server/model/players/Potions.java,doTheBrew,->,12acfc45-bdfb-4343-9004-9be15dfd844c,server/model/players/Client.java,getPA
12acfc45-bdfb-4343-9004-9be15dfd844c,server/model/players/Potions.java,doTheBrew,->,12acfc45-bdfb-4343-9004-9be15dfd844c,991eb2a8-284a-4290-ae08-f54cf8834706,cc581d00-f04e-4278-8aaf-0ecbd93e9b04
12acfc45-bdfb-4343-9004-9be15dfd844c,server/model/players/Potions.java,doTheBrew,->,12acfc45-bdfb-4343-9004-9be15dfd844c,server/model/players/Potions.java,getBrewStat
12acfc45-bdfb-4343-9004-9be15dfd844c,server/model/players/Potions.java,doTheBrew,->,12acfc45-bdfb-4343-9004-9be15dfd844c,server/model/players/Client.java,getLevelForXP
12acfc45-bdfb-4343-9004-9be15dfd844c,server/model/players/Potions.java,doTheBrew,->,12acfc45-bdfb-4343-9004-9be15dfd844c,server/model/players/Client.java,getLevelForXP
12acfc45-bdfb-4343-9004-9be15dfd844c,server/model/players/Potions.java,doTheBrew,->,12acfc45-bdfb-4343-9004-9be15dfd844c,server/model/players/Client.java,getPA
12acfc45-bdfb-4343-9004-9be15dfd844c,server/model/players/Potions.java,doTheBrew,->,12acfc45-bdfb-4343-9004-9be15dfd844c,991eb2a8-284a-4290-ae08-f54cf8834706,cc581d00-f04e-4278-8aaf-0ecbd93e9b04
12acfc45-bdfb-4343-9004-9be15dfd844c,server/model/players/Potions.java,enchanceStat,->,12acfc45-bdfb-4343-9004-9be15dfd844c,server/model/players/Potions.java,getBoostedStat
12acfc45-bdfb-4343-9004-9be15dfd844c,server/model/players/Potions.java,enchanceStat,->,12acfc45-bdfb-4343-9004-9be15dfd844c,server/model/players/Client.java,getPA
12acfc45-bdfb-4343-9004-9be15dfd844c,server/model/players/Potions.java,enchanceStat,->,12acfc45-bdfb-4343-9004-9be15dfd844c,991eb2a8-284a-4290-ae08-f54cf8834706,cc581d00-f04e-4278-8aaf-0ecbd93e9b04
12acfc45-bdfb-4343-9004-9be15dfd844c,server/model/players/Potions.java,getBrewStat,->,12acfc45-bdfb-4343-9004-9be15dfd844c,server/model/players/Client.java,getLevelForXP
12acfc45-bdfb-4343-9004-9be15dfd844c,server/model/players/Potions.java,getBoostedStat,->,12acfc45-bdfb-4343-9004-9be15dfd844c,server/model/players/Client.java,getLevelForXP
12acfc45-bdfb-4343-9004-9be15dfd844c,server/model/players/Potions.java,getBoostedStat,->,12acfc45-bdfb-4343-9004-9be15dfd844c,server/model/players/Client.java,getLevelForXP
12acfc45-bdfb-4343-9004-9be15dfd844c,server/model/players/Potions.java,getBoostedStat,->,12acfc45-bdfb-4343-9004-9be15dfd844c,server/model/players/Client.java,getLevelForXP
12acfc45-bdfb-4343-9004-9be15dfd844c,server/model/players/Potions.java,getBoostedStat,->,12acfc45-bdfb-4343-9004-9be15dfd844c,server/model/players/Client.java,getLevelForXP
12acfc45-bdfb-4343-9004-9be15dfd844c,server/model/players/Potions.java,isPotion,->,12acfc45-bdfb-4343-9004-9be15dfd844c,server/model/players/Client.java,getItems
12acfc45-bdfb-4343-9004-9be15dfd844c,server/model/players/Potions.java,isPotion,->,12acfc45-bdfb-4343-9004-9be15dfd844c,server/model/items/ItemAssistant.java,getItemName
12acfc45-bdfb-4343-9004-9be15dfd844c,server/model/players/Potions.java,isPotion,->,12acfc45-bdfb-4343-9004-9be15dfd844c,java/lang/String.java,contains
12acfc45-bdfb-4343-9004-9be15dfd844c,server/model/players/Potions.java,isPotion,->,12acfc45-bdfb-4343-9004-9be15dfd844c,java/lang/String.java,contains
12acfc45-bdfb-4343-9004-9be15dfd844c,server/model/players/Potions.java,isPotion,->,12acfc45-bdfb-4343-9004-9be15dfd844c,java/lang/String.java,contains
12acfc45-bdfb-4343-9004-9be15dfd844c,server/model/players/Potions.java,isPotion,->,12acfc45-bdfb-4343-9004-9be15dfd844c,java/lang/String.java,contains
12acfc45-bdfb-4343-9004-9be15dfd844c,a51e2ff0-4411-41d8-acaa-a730ac40f347,a48dbfd1-4869-4d60-9429-713e4684d0eb,->,12acfc45-bdfb-4343-9004-9be15dfd844c,server/model/players/skills/Woodcutting.java,playerTrees
12acfc45-bdfb-4343-9004-9be15dfd844c,a51e2ff0-4411-41d8-acaa-a730ac40f347,a48dbfd1-4869-4d60-9429-713e4684d0eb,->,12acfc45-bdfb-4343-9004-9be15dfd844c,server/model/players/skills/Woodcutting.java,attemptData
12acfc45-bdfb-4343-9004-9be15dfd844c,a51e2ff0-4411-41d8-acaa-a730ac40f347,a48dbfd1-4869-4d60-9429-713e4684d0eb,->,12acfc45-bdfb-4343-9004-9be15dfd844c,server/model/players/Client.java,getAgility
12acfc45-bdfb-4343-9004-9be15dfd844c,a51e2ff0-4411-41d8-acaa-a730ac40f347,a48dbfd1-4869-4d60-9429-713e4684d0eb,->,12acfc45-bdfb-4343-9004-9be15dfd844c,server/model/players/skills/Agility.java,agilityObstacle
12acfc45-bdfb-4343-9004-9be15dfd844c,a51e2ff0-4411-41d8-acaa-a730ac40f347,a48dbfd1-4869-4d60-9429-713e4684d0eb,->,12acfc45-bdfb-4343-9004-9be15dfd844c,server/model/players/Client.java,getAgility
12acfc45-bdfb-4343-9004-9be15dfd844c,a51e2ff0-4411-41d8-acaa-a730ac40f347,a48dbfd1-4869-4d60-9429-713e4684d0eb,->,12acfc45-bdfb-4343-9004-9be15dfd844c,server/model/players/skills/Agility.java,agilityCourse
12acfc45-bdfb-4343-9004-9be15dfd844c,a51e2ff0-4411-41d8-acaa-a730ac40f347,a48dbfd1-4869-4d60-9429-713e4684d0eb,->,12acfc45-bdfb-4343-9004-9be15dfd844c,server/model/players/skills/Mining.java,miningRocks
12acfc45-bdfb-4343-9004-9be15dfd844c,a51e2ff0-4411-41d8-acaa-a730ac40f347,a48dbfd1-4869-4d60-9429-713e4684d0eb,->,12acfc45-bdfb-4343-9004-9be15dfd844c,server/model/players/skills/Mining.java,attemptData
12acfc45-bdfb-4343-9004-9be15dfd844c,a51e2ff0-4411-41d8-acaa-a730ac40f347,a48dbfd1-4869-4d60-9429-713e4684d0eb,->,12acfc45-bdfb-4343-9004-9be15dfd844c,server/model/players/skills/Mining.java,mineEss
12acfc45-bdfb-4343-9004-9be15dfd844c,a51e2ff0-4411-41d8-acaa-a730ac40f347,a48dbfd1-4869-4d60-9429-713e4684d0eb,->,12acfc45-bdfb-4343-9004-9be15dfd844c,server/model/players/Client.java,getSmithing
12acfc45-bdfb-4343-9004-9be15dfd844c,a51e2ff0-4411-41d8-acaa-a730ac40f347,a48dbfd1-4869-4d60-9429-713e4684d0eb,->,12acfc45-bdfb-4343-9004-9be15dfd844c,server/model/players/skills/Smithing.java,sendSmelting
12acfc45-bdfb-4343-9004-9be15dfd844c,a51e2ff0-4411-41d8-acaa-a730ac40f347,a48dbfd1-4869-4d60-9429-713e4684d0eb,->,12acfc45-bdfb-4343-9004-9be15dfd844c,d860546d-40b6-4a16-ab38-e39edb82c4df,497c4b01-b259-4f59-823b-be3509918250
12acfc45-bdfb-4343-9004-9be15dfd844c,a51e2ff0-4411-41d8-acaa-a730ac40f347,a48dbfd1-4869-4d60-9429-713e4684d0eb,->,12acfc45-bdfb-4343-9004-9be15dfd844c,d860546d-40b6-4a16-ab38-e39edb82c4df,497c4b01-b259-4f59-823b-be3509918250
12acfc45-bdfb-4343-9004-9be15dfd844c,a51e2ff0-4411-41d8-acaa-a730ac40f347,a48dbfd1-4869-4d60-9429-713e4684d0eb,->,12acfc45-bdfb-4343-9004-9be15dfd844c,d860546d-40b6-4a16-ab38-e39edb82c4df,497c4b01-b259-4f59-823b-be3509918250
12acfc45-bdfb-4343-9004-9be15dfd844c,a51e2ff0-4411-41d8-acaa-a730ac40f347,a48dbfd1-4869-4d60-9429-713e4684d0eb,->,12acfc45-bdfb-4343-9004-9be15dfd844c,d860546d-40b6-4a16-ab38-e39edb82c4df,497c4b01-b259-4f59-823b-be3509918250
12acfc45-bdfb-4343-9004-9be15dfd844c,a51e2ff0-4411-41d8-acaa-a730ac40f347,a48dbfd1-4869-4d60-9429-713e4684d0eb,->,12acfc45-bdfb-4343-9004-9be15dfd844c,d860546d-40b6-4a16-ab38-e39edb82c4df,497c4b01-b259-4f59-823b-be3509918250
12acfc45-bdfb-4343-9004-9be15dfd844c,a51e2ff0-4411-41d8-acaa-a730ac40f347,a48dbfd1-4869-4d60-9429-713e4684d0eb,->,12acfc45-bdfb-4343-9004-9be15dfd844c,d860546d-40b6-4a16-ab38-e39edb82c4df,497c4b01-b259-4f59-823b-be3509918250
12acfc45-bdfb-4343-9004-9be15dfd844c,a51e2ff0-4411-41d8-acaa-a730ac40f347,a48dbfd1-4869-4d60-9429-713e4684d0eb,->,12acfc45-bdfb-4343-9004-9be15dfd844c,d860546d-40b6-4a16-ab38-e39edb82c4df,497c4b01-b259-4f59-823b-be3509918250
12acfc45-bdfb-4343-9004-9be15dfd844c,a51e2ff0-4411-41d8-acaa-a730ac40f347,a48dbfd1-4869-4d60-9429-713e4684d0eb,->,12acfc45-bdfb-4343-9004-9be15dfd844c,d860546d-40b6-4a16-ab38-e39edb82c4df,497c4b01-b259-4f59-823b-be3509918250
12acfc45-bdfb-4343-9004-9be15dfd844c,a51e2ff0-4411-41d8-acaa-a730ac40f347,a48dbfd1-4869-4d60-9429-713e4684d0eb,->,12acfc45-bdfb-4343-9004-9be15dfd844c,d860546d-40b6-4a16-ab38-e39edb82c4df,497c4b01-b259-4f59-823b-be3509918250
12acfc45-bdfb-4343-9004-9be15dfd844c,a51e2ff0-4411-41d8-acaa-a730ac40f347,a48dbfd1-4869-4d60-9429-713e4684d0eb,->,12acfc45-bdfb-4343-9004-9be15dfd844c,d860546d-40b6-4a16-ab38-e39edb82c4df,497c4b01-b259-4f59-823b-be3509918250
12acfc45-bdfb-4343-9004-9be15dfd844c,a51e2ff0-4411-41d8-acaa-a730ac40f347,a48dbfd1-4869-4d60-9429-713e4684d0eb,->,12acfc45-bdfb-4343-9004-9be15dfd844c,e25a43c7-9bc1-4d3c-b8d0-2f651141b4da,8afbbc71-35f2-4173-862a-9bd3a208541f
12acfc45-bdfb-4343-9004-9be15dfd844c,a51e2ff0-4411-41d8-acaa-a730ac40f347,a48dbfd1-4869-4d60-9429-713e4684d0eb,->,12acfc45-bdfb-4343-9004-9be15dfd844c,server/model/players/Client.java,getDH
12acfc45-bdfb-4343-9004-9be15dfd844c,a51e2ff0-4411-41d8-acaa-a730ac40f347,a48dbfd1-4869-4d60-9429-713e4684d0eb,->,12acfc45-bdfb-4343-9004-9be15dfd844c,5419d182-c704-4099-be43-be6d27b13974,1ed32f44-0391-413d-9721-7a5bd2e25693
12acfc45-bdfb-4343-9004-9be15dfd844c,a51e2ff0-4411-41d8-acaa-a730ac40f347,a48dbfd1-4869-4d60-9429-713e4684d0eb,->,12acfc45-bdfb-4343-9004-9be15dfd844c,846ac295-98b9-41b2-a171-9ea6992159d5,28d2ef4f-68a8-496b-9e1a-1f5870a14aa7
12acfc45-bdfb-4343-9004-9be15dfd844c,a51e2ff0-4411-41d8-acaa-a730ac40f347,a48dbfd1-4869-4d60-9429-713e4684d0eb,->,12acfc45-bdfb-4343-9004-9be15dfd844c,846ac295-98b9-41b2-a171-9ea6992159d5,28d2ef4f-68a8-496b-9e1a-1f5870a14aa7
12acfc45-bdfb-4343-9004-9be15dfd844c,a51e2ff0-4411-41d8-acaa-a730ac40f347,a48dbfd1-4869-4d60-9429-713e4684d0eb,->,12acfc45-bdfb-4343-9004-9be15dfd844c,846ac295-98b9-41b2-a171-9ea6992159d5,28d2ef4f-68a8-496b-9e1a-1f5870a14aa7
12acfc45-bdfb-4343-9004-9be15dfd844c,a51e2ff0-4411-41d8-acaa-a730ac40f347,a48dbfd1-4869-4d60-9429-713e4684d0eb,->,12acfc45-bdfb-4343-9004-9be15dfd844c,846ac295-98b9-41b2-a171-9ea6992159d5,28d2ef4f-68a8-496b-9e1a-1f5870a14aa7
12acfc45-bdfb-4343-9004-9be15dfd844c,a51e2ff0-4411-41d8-acaa-a730ac40f347,a48dbfd1-4869-4d60-9429-713e4684d0eb,->,12acfc45-bdfb-4343-9004-9be15dfd844c,846ac295-98b9-41b2-a171-9ea6992159d5,28d2ef4f-68a8-496b-9e1a-1f5870a14aa7
12acfc45-bdfb-4343-9004-9be15dfd844c,a51e2ff0-4411-41d8-acaa-a730ac40f347,a48dbfd1-4869-4d60-9429-713e4684d0eb,->,12acfc45-bdfb-4343-9004-9be15dfd844c,846ac295-98b9-41b2-a171-9ea6992159d5,28d2ef4f-68a8-496b-9e1a-1f5870a14aa7
12acfc45-bdfb-4343-9004-9be15dfd844c,a51e2ff0-4411-41d8-acaa-a730ac40f347,a48dbfd1-4869-4d60-9429-713e4684d0eb,->,12acfc45-bdfb-4343-9004-9be15dfd844c,server/model/players/Client.java,getPA
12acfc45-bdfb-4343-9004-9be15dfd844c,a51e2ff0-4411-41d8-acaa-a730ac40f347,a48dbfd1-4869-4d60-9429-713e4684d0eb,->,12acfc45-bdfb-4343-9004-9be15dfd844c,991eb2a8-284a-4290-ae08-f54cf8834706,c92a2d90-1bdb-4dce-9e99-abbe1893ccbd
12acfc45-bdfb-4343-9004-9be15dfd844c,a51e2ff0-4411-41d8-acaa-a730ac40f347,a48dbfd1-4869-4d60-9429-713e4684d0eb,->,12acfc45-bdfb-4343-9004-9be15dfd844c,server/model/players/Client.java,getPA
12acfc45-bdfb-4343-9004-9be15dfd844c,a51e2ff0-4411-41d8-acaa-a730ac40f347,a48dbfd1-4869-4d60-9429-713e4684d0eb,->,12acfc45-bdfb-4343-9004-9be15dfd844c,991eb2a8-284a-4290-ae08-f54cf8834706,b4e2adae-4a67-4b2d-8ebb-d964a89a9c0e
12acfc45-bdfb-4343-9004-9be15dfd844c,a51e2ff0-4411-41d8-acaa-a730ac40f347,a48dbfd1-4869-4d60-9429-713e4684d0eb,->,12acfc45-bdfb-4343-9004-9be15dfd844c,server/model/players/Client.java,sendMessage
12acfc45-bdfb-4343-9004-9be15dfd844c,a51e2ff0-4411-41d8-acaa-a730ac40f347,a48dbfd1-4869-4d60-9429-713e4684d0eb,->,12acfc45-bdfb-4343-9004-9be15dfd844c,server/model/players/Client.java,sendMessage
12acfc45-bdfb-4343-9004-9be15dfd844c,a51e2ff0-4411-41d8-acaa-a730ac40f347,a48dbfd1-4869-4d60-9429-713e4684d0eb,->,12acfc45-bdfb-4343-9004-9be15dfd844c,server/model/players/Client.java,setSidebarInterface
12acfc45-bdfb-4343-9004-9be15dfd844c,a51e2ff0-4411-41d8-acaa-a730ac40f347,a48dbfd1-4869-4d60-9429-713e4684d0eb,->,12acfc45-bdfb-4343-9004-9be15dfd844c,server/model/players/Client.java,sendMessage
12acfc45-bdfb-4343-9004-9be15dfd844c,a51e2ff0-4411-41d8-acaa-a730ac40f347,a48dbfd1-4869-4d60-9429-713e4684d0eb,->,12acfc45-bdfb-4343-9004-9be15dfd844c,server/model/players/Client.java,getPA
12acfc45-bdfb-4343-9004-9be15dfd844c,a51e2ff0-4411-41d8-acaa-a730ac40f347,a48dbfd1-4869-4d60-9429-713e4684d0eb,->,12acfc45-bdfb-4343-9004-9be15dfd844c,991eb2a8-284a-4290-ae08-f54cf8834706,ffee66ac-4ac5-469e-9cfe-d0f69c65d92f
12acfc45-bdfb-4343-9004-9be15dfd844c,a51e2ff0-4411-41d8-acaa-a730ac40f347,a48dbfd1-4869-4d60-9429-713e4684d0eb,->,12acfc45-bdfb-4343-9004-9be15dfd844c,server/model/players/Client.java,setSidebarInterface
12acfc45-bdfb-4343-9004-9be15dfd844c,a51e2ff0-4411-41d8-acaa-a730ac40f347,a48dbfd1-4869-4d60-9429-713e4684d0eb,->,12acfc45-bdfb-4343-9004-9be15dfd844c,server/model/players/Client.java,sendMessage
12acfc45-bdfb-4343-9004-9be15dfd844c,a51e2ff0-4411-41d8-acaa-a730ac40f347,a48dbfd1-4869-4d60-9429-713e4684d0eb,->,12acfc45-bdfb-4343-9004-9be15dfd844c,server/model/players/Client.java,getPA
12acfc45-bdfb-4343-9004-9be15dfd844c,a51e2ff0-4411-41d8-acaa-a730ac40f347,a48dbfd1-4869-4d60-9429-713e4684d0eb,->,12acfc45-bdfb-4343-9004-9be15dfd844c,991eb2a8-284a-4290-ae08-f54cf8834706,ffee66ac-4ac5-469e-9cfe-d0f69c65d92f
12acfc45-bdfb-4343-9004-9be15dfd844c,a51e2ff0-4411-41d8-acaa-a730ac40f347,a48dbfd1-4869-4d60-9429-713e4684d0eb,->,12acfc45-bdfb-4343-9004-9be15dfd844c,server/model/players/Client.java,getPA
12acfc45-bdfb-4343-9004-9be15dfd844c,a51e2ff0-4411-41d8-acaa-a730ac40f347,a48dbfd1-4869-4d60-9429-713e4684d0eb,->,12acfc45-bdfb-4343-9004-9be15dfd844c,991eb2a8-284a-4290-ae08-f54cf8834706,26ef4ae0-57cb-4083-a56f-eaf4b81cb1ad
12acfc45-bdfb-4343-9004-9be15dfd844c,a51e2ff0-4411-41d8-acaa-a730ac40f347,a48dbfd1-4869-4d60-9429-713e4684d0eb,->,12acfc45-bdfb-4343-9004-9be15dfd844c,server/model/players/Client.java,startAnimation
12acfc45-bdfb-4343-9004-9be15dfd844c,a51e2ff0-4411-41d8-acaa-a730ac40f347,a48dbfd1-4869-4d60-9429-713e4684d0eb,->,12acfc45-bdfb-4343-9004-9be15dfd844c,server/model/players/Client.java,getPA
12acfc45-bdfb-4343-9004-9be15dfd844c,a51e2ff0-4411-41d8-acaa-a730ac40f347,a48dbfd1-4869-4d60-9429-713e4684d0eb,->,12acfc45-bdfb-4343-9004-9be15dfd844c,991eb2a8-284a-4290-ae08-f54cf8834706,26ef4ae0-57cb-4083-a56f-eaf4b81cb1ad
12acfc45-bdfb-4343-9004-9be15dfd844c,a51e2ff0-4411-41d8-acaa-a730ac40f347,a48dbfd1-4869-4d60-9429-713e4684d0eb,->,12acfc45-bdfb-4343-9004-9be15dfd844c,server/model/players/Client.java,sendMessage
12acfc45-bdfb-4343-9004-9be15dfd844c,a51e2ff0-4411-41d8-acaa-a730ac40f347,a48dbfd1-4869-4d60-9429-713e4684d0eb,->,12acfc45-bdfb-4343-9004-9be15dfd844c,server/model/players/Client.java,getPA
12acfc45-bdfb-4343-9004-9be15dfd844c,a51e2ff0-4411-41d8-acaa-a730ac40f347,a48dbfd1-4869-4d60-9429-713e4684d0eb,->,12acfc45-bdfb-4343-9004-9be15dfd844c,991eb2a8-284a-4290-ae08-f54cf8834706,cc581d00-f04e-4278-8aaf-0ecbd93e9b04
12acfc45-bdfb-4343-9004-9be15dfd844c,a51e2ff0-4411-41d8-acaa-a730ac40f347,a48dbfd1-4869-4d60-9429-713e4684d0eb,->,12acfc45-bdfb-4343-9004-9be15dfd844c,server/model/players/Client.java,sendMessage
12acfc45-bdfb-4343-9004-9be15dfd844c,a51e2ff0-4411-41d8-acaa-a730ac40f347,a48dbfd1-4869-4d60-9429-713e4684d0eb,->,12acfc45-bdfb-4343-9004-9be15dfd844c,server/model/players/Client.java,getItems
12acfc45-bdfb-4343-9004-9be15dfd844c,a51e2ff0-4411-41d8-acaa-a730ac40f347,a48dbfd1-4869-4d60-9429-713e4684d0eb,->,12acfc45-bdfb-4343-9004-9be15dfd844c,server/model/items/ItemAssistant.java,ownsCape
12acfc45-bdfb-4343-9004-9be15dfd844c,a51e2ff0-4411-41d8-acaa-a730ac40f347,a48dbfd1-4869-4d60-9429-713e4684d0eb,->,12acfc45-bdfb-4343-9004-9be15dfd844c,server/model/players/Client.java,startAnimation
12acfc45-bdfb-4343-9004-9be15dfd844c,a51e2ff0-4411-41d8-acaa-a730ac40f347,a48dbfd1-4869-4d60-9429-713e4684d0eb,->,12acfc45-bdfb-4343-9004-9be15dfd844c,server/model/players/Client.java,sendMessage
12acfc45-bdfb-4343-9004-9be15dfd844c,a51e2ff0-4411-41d8-acaa-a730ac40f347,a48dbfd1-4869-4d60-9429-713e4684d0eb,->,12acfc45-bdfb-4343-9004-9be15dfd844c,server/model/players/Client.java,getItems
12acfc45-bdfb-4343-9004-9be15dfd844c,a51e2ff0-4411-41d8-acaa-a730ac40f347,a48dbfd1-4869-4d60-9429-713e4684d0eb,->,12acfc45-bdfb-4343-9004-9be15dfd844c,server/model/items/ItemAssistant.java,addItem
12acfc45-bdfb-4343-9004-9be15dfd844c,a51e2ff0-4411-41d8-acaa-a730ac40f347,a48dbfd1-4869-4d60-9429-713e4684d0eb,->,12acfc45-bdfb-4343-9004-9be15dfd844c,server/model/players/Client.java,getItems
12acfc45-bdfb-4343-9004-9be15dfd844c,a51e2ff0-4411-41d8-acaa-a730ac40f347,a48dbfd1-4869-4d60-9429-713e4684d0eb,->,12acfc45-bdfb-4343-9004-9be15dfd844c,server/model/items/ItemAssistant.java,ownsCape
12acfc45-bdfb-4343-9004-9be15dfd844c,a51e2ff0-4411-41d8-acaa-a730ac40f347,a48dbfd1-4869-4d60-9429-713e4684d0eb,->,12acfc45-bdfb-4343-9004-9be15dfd844c,server/model/players/Client.java,startAnimation
12acfc45-bdfb-4343-9004-9be15dfd844c,a51e2ff0-4411-41d8-acaa-a730ac40f347,a48dbfd1-4869-4d60-9429-713e4684d0eb,->,12acfc45-bdfb-4343-9004-9be15dfd844c,server/model/players/Client.java,sendMessage
12acfc45-bdfb-4343-9004-9be15dfd844c,a51e2ff0-4411-41d8-acaa-a730ac40f347,a48dbfd1-4869-4d60-9429-713e4684d0eb,->,12acfc45-bdfb-4343-9004-9be15dfd844c,server/model/players/Client.java,getItems
12acfc45-bdfb-4343-9004-9be15dfd844c,a51e2ff0-4411-41d8-acaa-a730ac40f347,a48dbfd1-4869-4d60-9429-713e4684d0eb,->,12acfc45-bdfb-4343-9004-9be15dfd844c,server/model/items/ItemAssistant.java,addItem
12acfc45-bdfb-4343-9004-9be15dfd844c,a51e2ff0-4411-41d8-acaa-a730ac40f347,a48dbfd1-4869-4d60-9429-713e4684d0eb,->,12acfc45-bdfb-4343-9004-9be15dfd844c,server/model/players/Client.java,getItems
12acfc45-bdfb-4343-9004-9be15dfd844c,a51e2ff0-4411-41d8-acaa-a730ac40f347,a48dbfd1-4869-4d60-9429-713e4684d0eb,->,12acfc45-bdfb-4343-9004-9be15dfd844c,server/model/items/ItemAssistant.java,ownsCape
12acfc45-bdfb-4343-9004-9be15dfd844c,a51e2ff0-4411-41d8-acaa-a730ac40f347,a48dbfd1-4869-4d60-9429-713e4684d0eb,->,12acfc45-bdfb-4343-9004-9be15dfd844c,server/model/players/Client.java,startAnimation
12acfc45-bdfb-4343-9004-9be15dfd844c,a51e2ff0-4411-41d8-acaa-a730ac40f347,a48dbfd1-4869-4d60-9429-713e4684d0eb,->,12acfc45-bdfb-4343-9004-9be15dfd844c,server/model/players/Client.java,sendMessage
12acfc45-bdfb-4343-9004-9be15dfd844c,a51e2ff0-4411-41d8-acaa-a730ac40f347,a48dbfd1-4869-4d60-9429-713e4684d0eb,->,12acfc45-bdfb-4343-9004-9be15dfd844c,server/model/players/Client.java,getItems
12acfc45-bdfb-4343-9004-9be15dfd844c,a51e2ff0-4411-41d8-acaa-a730ac40f347,a48dbfd1-4869-4d60-9429-713e4684d0eb,->,12acfc45-bdfb-4343-9004-9be15dfd844c,server/model/items/ItemAssistant.java,addItem
12acfc45-bdfb-4343-9004-9be15dfd844c,a51e2ff0-4411-41d8-acaa-a730ac40f347,a48dbfd1-4869-4d60-9429-713e4684d0eb,->,12acfc45-bdfb-4343-9004-9be15dfd844c,server/world/ObjectManager.java,startObelisk
12acfc45-bdfb-4343-9004-9be15dfd844c,a51e2ff0-4411-41d8-acaa-a730ac40f347,a48dbfd1-4869-4d60-9429-713e4684d0eb,->,12acfc45-bdfb-4343-9004-9be15dfd844c,server/model/players/Client.java,getPA
12acfc45-bdfb-4343-9004-9be15dfd844c,a51e2ff0-4411-41d8-acaa-a730ac40f347,a48dbfd1-4869-4d60-9429-713e4684d0eb,->,12acfc45-bdfb-4343-9004-9be15dfd844c,991eb2a8-284a-4290-ae08-f54cf8834706,6f1c3a56-0513-4978-8516-4c4cd1895096
12acfc45-bdfb-4343-9004-9be15dfd844c,a51e2ff0-4411-41d8-acaa-a730ac40f347,a48dbfd1-4869-4d60-9429-713e4684d0eb,->,12acfc45-bdfb-4343-9004-9be15dfd844c,server/model/players/Client.java,getPA
12acfc45-bdfb-4343-9004-9be15dfd844c,a51e2ff0-4411-41d8-acaa-a730ac40f347,a48dbfd1-4869-4d60-9429-713e4684d0eb,->,12acfc45-bdfb-4343-9004-9be15dfd844c,991eb2a8-284a-4290-ae08-f54cf8834706,6f1c3a56-0513-4978-8516-4c4cd1895096
12acfc45-bdfb-4343-9004-9be15dfd844c,a51e2ff0-4411-41d8-acaa-a730ac40f347,a48dbfd1-4869-4d60-9429-713e4684d0eb,->,12acfc45-bdfb-4343-9004-9be15dfd844c,server/model/players/Client.java,getPA
12acfc45-bdfb-4343-9004-9be15dfd844c,a51e2ff0-4411-41d8-acaa-a730ac40f347,a48dbfd1-4869-4d60-9429-713e4684d0eb,->,12acfc45-bdfb-4343-9004-9be15dfd844c,991eb2a8-284a-4290-ae08-f54cf8834706,6f1c3a56-0513-4978-8516-4c4cd1895096
12acfc45-bdfb-4343-9004-9be15dfd844c,a51e2ff0-4411-41d8-acaa-a730ac40f347,a48dbfd1-4869-4d60-9429-713e4684d0eb,->,12acfc45-bdfb-4343-9004-9be15dfd844c,server/model/players/Client.java,getPA
12acfc45-bdfb-4343-9004-9be15dfd844c,a51e2ff0-4411-41d8-acaa-a730ac40f347,a48dbfd1-4869-4d60-9429-713e4684d0eb,->,12acfc45-bdfb-4343-9004-9be15dfd844c,991eb2a8-284a-4290-ae08-f54cf8834706,6f1c3a56-0513-4978-8516-4c4cd1895096
12acfc45-bdfb-4343-9004-9be15dfd844c,a51e2ff0-4411-41d8-acaa-a730ac40f347,a48dbfd1-4869-4d60-9429-713e4684d0eb,->,12acfc45-bdfb-4343-9004-9be15dfd844c,server/model/players/Client.java,getPA
12acfc45-bdfb-4343-9004-9be15dfd844c,a51e2ff0-4411-41d8-acaa-a730ac40f347,a48dbfd1-4869-4d60-9429-713e4684d0eb,->,12acfc45-bdfb-4343-9004-9be15dfd844c,991eb2a8-284a-4290-ae08-f54cf8834706,6f1c3a56-0513-4978-8516-4c4cd1895096
12acfc45-bdfb-4343-9004-9be15dfd844c,a51e2ff0-4411-41d8-acaa-a730ac40f347,a48dbfd1-4869-4d60-9429-713e4684d0eb,->,12acfc45-bdfb-4343-9004-9be15dfd844c,server/model/players/Client.java,getPA
12acfc45-bdfb-4343-9004-9be15dfd844c,a51e2ff0-4411-41d8-acaa-a730ac40f347,a48dbfd1-4869-4d60-9429-713e4684d0eb,->,12acfc45-bdfb-4343-9004-9be15dfd844c,991eb2a8-284a-4290-ae08-f54cf8834706,6f1c3a56-0513-4978-8516-4c4cd1895096
12acfc45-bdfb-4343-9004-9be15dfd844c,a51e2ff0-4411-41d8-acaa-a730ac40f347,a48dbfd1-4869-4d60-9429-713e4684d0eb,->,12acfc45-bdfb-4343-9004-9be15dfd844c,server/model/players/Client.java,getPA
12acfc45-bdfb-4343-9004-9be15dfd844c,a51e2ff0-4411-41d8-acaa-a730ac40f347,a48dbfd1-4869-4d60-9429-713e4684d0eb,->,12acfc45-bdfb-4343-9004-9be15dfd844c,991eb2a8-284a-4290-ae08-f54cf8834706,6f1c3a56-0513-4978-8516-4c4cd1895096
12acfc45-bdfb-4343-9004-9be15dfd844c,a51e2ff0-4411-41d8-acaa-a730ac40f347,a48dbfd1-4869-4d60-9429-713e4684d0eb,->,12acfc45-bdfb-4343-9004-9be15dfd844c,server/model/players/Client.java,getPA
12acfc45-bdfb-4343-9004-9be15dfd844c,a51e2ff0-4411-41d8-acaa-a730ac40f347,a48dbfd1-4869-4d60-9429-713e4684d0eb,->,12acfc45-bdfb-4343-9004-9be15dfd844c,991eb2a8-284a-4290-ae08-f54cf8834706,6f1c3a56-0513-4978-8516-4c4cd1895096
12acfc45-bdfb-4343-9004-9be15dfd844c,a51e2ff0-4411-41d8-acaa-a730ac40f347,a48dbfd1-4869-4d60-9429-713e4684d0eb,->,12acfc45-bdfb-4343-9004-9be15dfd844c,server/model/players/Client.java,sendMessage
12acfc45-bdfb-4343-9004-9be15dfd844c,a51e2ff0-4411-41d8-acaa-a730ac40f347,a48dbfd1-4869-4d60-9429-713e4684d0eb,->,12acfc45-bdfb-4343-9004-9be15dfd844c,server/model/players/Client.java,sendMessage
12acfc45-bdfb-4343-9004-9be15dfd844c,a51e2ff0-4411-41d8-acaa-a730ac40f347,a48dbfd1-4869-4d60-9429-713e4684d0eb,->,12acfc45-bdfb-4343-9004-9be15dfd844c,server/model/players/Client.java,getPA
12acfc45-bdfb-4343-9004-9be15dfd844c,a51e2ff0-4411-41d8-acaa-a730ac40f347,a48dbfd1-4869-4d60-9429-713e4684d0eb,->,12acfc45-bdfb-4343-9004-9be15dfd844c,991eb2a8-284a-4290-ae08-f54cf8834706,6f1c3a56-0513-4978-8516-4c4cd1895096
12acfc45-bdfb-4343-9004-9be15dfd844c,a51e2ff0-4411-41d8-acaa-a730ac40f347,a48dbfd1-4869-4d60-9429-713e4684d0eb,->,12acfc45-bdfb-4343-9004-9be15dfd844c,server/model/players/Client.java,getPA
12acfc45-bdfb-4343-9004-9be15dfd844c,a51e2ff0-4411-41d8-acaa-a730ac40f347,a48dbfd1-4869-4d60-9429-713e4684d0eb,->,12acfc45-bdfb-4343-9004-9be15dfd844c,991eb2a8-284a-4290-ae08-f54cf8834706,6f1c3a56-0513-4978-8516-4c4cd1895096
12acfc45-bdfb-4343-9004-9be15dfd844c,a51e2ff0-4411-41d8-acaa-a730ac40f347,a48dbfd1-4869-4d60-9429-713e4684d0eb,->,12acfc45-bdfb-4343-9004-9be15dfd844c,server/model/players/Client.java,getPA
12acfc45-bdfb-4343-9004-9be15dfd844c,a51e2ff0-4411-41d8-acaa-a730ac40f347,a48dbfd1-4869-4d60-9429-713e4684d0eb,->,12acfc45-bdfb-4343-9004-9be15dfd844c,991eb2a8-284a-4290-ae08-f54cf8834706,6f1c3a56-0513-4978-8516-4c4cd1895096
12acfc45-bdfb-4343-9004-9be15dfd844c,a51e2ff0-4411-41d8-acaa-a730ac40f347,a48dbfd1-4869-4d60-9429-713e4684d0eb,->,12acfc45-bdfb-4343-9004-9be15dfd844c,server/model/players/Client.java,getPA
12acfc45-bdfb-4343-9004-9be15dfd844c,a51e2ff0-4411-41d8-acaa-a730ac40f347,a48dbfd1-4869-4d60-9429-713e4684d0eb,->,12acfc45-bdfb-4343-9004-9be15dfd844c,991eb2a8-284a-4290-ae08-f54cf8834706,6f1c3a56-0513-4978-8516-4c4cd1895096
12acfc45-bdfb-4343-9004-9be15dfd844c,a51e2ff0-4411-41d8-acaa-a730ac40f347,a48dbfd1-4869-4d60-9429-713e4684d0eb,->,12acfc45-bdfb-4343-9004-9be15dfd844c,server/model/players/Client.java,getPA
12acfc45-bdfb-4343-9004-9be15dfd844c,a51e2ff0-4411-41d8-acaa-a730ac40f347,a48dbfd1-4869-4d60-9429-713e4684d0eb,->,12acfc45-bdfb-4343-9004-9be15dfd844c,991eb2a8-284a-4290-ae08-f54cf8834706,6f1c3a56-0513-4978-8516-4c4cd1895096
12acfc45-bdfb-4343-9004-9be15dfd844c,a51e2ff0-4411-41d8-acaa-a730ac40f347,a48dbfd1-4869-4d60-9429-713e4684d0eb,->,12acfc45-bdfb-4343-9004-9be15dfd844c,server/model/players/Client.java,getPA
12acfc45-bdfb-4343-9004-9be15dfd844c,a51e2ff0-4411-41d8-acaa-a730ac40f347,a48dbfd1-4869-4d60-9429-713e4684d0eb,->,12acfc45-bdfb-4343-9004-9be15dfd844c,991eb2a8-284a-4290-ae08-f54cf8834706,6f1c3a56-0513-4978-8516-4c4cd1895096
12acfc45-bdfb-4343-9004-9be15dfd844c,a51e2ff0-4411-41d8-acaa-a730ac40f347,a48dbfd1-4869-4d60-9429-713e4684d0eb,->,12acfc45-bdfb-4343-9004-9be15dfd844c,server/model/players/Client.java,getPA
12acfc45-bdfb-4343-9004-9be15dfd844c,a51e2ff0-4411-41d8-acaa-a730ac40f347,a48dbfd1-4869-4d60-9429-713e4684d0eb,->,12acfc45-bdfb-4343-9004-9be15dfd844c,991eb2a8-284a-4290-ae08-f54cf8834706,6f1c3a56-0513-4978-8516-4c4cd1895096
12acfc45-bdfb-4343-9004-9be15dfd844c,a51e2ff0-4411-41d8-acaa-a730ac40f347,a48dbfd1-4869-4d60-9429-713e4684d0eb,->,12acfc45-bdfb-4343-9004-9be15dfd844c,server/model/players/Client.java,getPA
12acfc45-bdfb-4343-9004-9be15dfd844c,a51e2ff0-4411-41d8-acaa-a730ac40f347,a48dbfd1-4869-4d60-9429-713e4684d0eb,->,12acfc45-bdfb-4343-9004-9be15dfd844c,991eb2a8-284a-4290-ae08-f54cf8834706,6f1c3a56-0513-4978-8516-4c4cd1895096
12acfc45-bdfb-4343-9004-9be15dfd844c,a51e2ff0-4411-41d8-acaa-a730ac40f347,a48dbfd1-4869-4d60-9429-713e4684d0eb,->,12acfc45-bdfb-4343-9004-9be15dfd844c,server/model/players/Client.java,getPA
12acfc45-bdfb-4343-9004-9be15dfd844c,a51e2ff0-4411-41d8-acaa-a730ac40f347,a48dbfd1-4869-4d60-9429-713e4684d0eb,->,12acfc45-bdfb-4343-9004-9be15dfd844c,991eb2a8-284a-4290-ae08-f54cf8834706,6f1c3a56-0513-4978-8516-4c4cd1895096
12acfc45-bdfb-4343-9004-9be15dfd844c,a51e2ff0-4411-41d8-acaa-a730ac40f347,a48dbfd1-4869-4d60-9429-713e4684d0eb,->,12acfc45-bdfb-4343-9004-9be15dfd844c,server/model/players/Client.java,getPA
12acfc45-bdfb-4343-9004-9be15dfd844c,a51e2ff0-4411-41d8-acaa-a730ac40f347,a48dbfd1-4869-4d60-9429-713e4684d0eb,->,12acfc45-bdfb-4343-9004-9be15dfd844c,991eb2a8-284a-4290-ae08-f54cf8834706,6f1c3a56-0513-4978-8516-4c4cd1895096
12acfc45-bdfb-4343-9004-9be15dfd844c,a51e2ff0-4411-41d8-acaa-a730ac40f347,a48dbfd1-4869-4d60-9429-713e4684d0eb,->,12acfc45-bdfb-4343-9004-9be15dfd844c,server/model/players/Client.java,getPA
12acfc45-bdfb-4343-9004-9be15dfd844c,a51e2ff0-4411-41d8-acaa-a730ac40f347,a48dbfd1-4869-4d60-9429-713e4684d0eb,->,12acfc45-bdfb-4343-9004-9be15dfd844c,991eb2a8-284a-4290-ae08-f54cf8834706,6f1c3a56-0513-4978-8516-4c4cd1895096
12acfc45-bdfb-4343-9004-9be15dfd844c,a51e2ff0-4411-41d8-acaa-a730ac40f347,a48dbfd1-4869-4d60-9429-713e4684d0eb,->,12acfc45-bdfb-4343-9004-9be15dfd844c,server/model/players/Client.java,getPA
12acfc45-bdfb-4343-9004-9be15dfd844c,a51e2ff0-4411-41d8-acaa-a730ac40f347,a48dbfd1-4869-4d60-9429-713e4684d0eb,->,12acfc45-bdfb-4343-9004-9be15dfd844c,991eb2a8-284a-4290-ae08-f54cf8834706,6f1c3a56-0513-4978-8516-4c4cd1895096
12acfc45-bdfb-4343-9004-9be15dfd844c,a51e2ff0-4411-41d8-acaa-a730ac40f347,a48dbfd1-4869-4d60-9429-713e4684d0eb,->,12acfc45-bdfb-4343-9004-9be15dfd844c,server/model/players/Client.java,getPA
12acfc45-bdfb-4343-9004-9be15dfd844c,a51e2ff0-4411-41d8-acaa-a730ac40f347,a48dbfd1-4869-4d60-9429-713e4684d0eb,->,12acfc45-bdfb-4343-9004-9be15dfd844c,991eb2a8-284a-4290-ae08-f54cf8834706,6f1c3a56-0513-4978-8516-4c4cd1895096
12acfc45-bdfb-4343-9004-9be15dfd844c,a51e2ff0-4411-41d8-acaa-a730ac40f347,a48dbfd1-4869-4d60-9429-713e4684d0eb,->,12acfc45-bdfb-4343-9004-9be15dfd844c,server/model/players/Client.java,getPA
12acfc45-bdfb-4343-9004-9be15dfd844c,a51e2ff0-4411-41d8-acaa-a730ac40f347,a48dbfd1-4869-4d60-9429-713e4684d0eb,->,12acfc45-bdfb-4343-9004-9be15dfd844c,991eb2a8-284a-4290-ae08-f54cf8834706,6f1c3a56-0513-4978-8516-4c4cd1895096
12acfc45-bdfb-4343-9004-9be15dfd844c,a51e2ff0-4411-41d8-acaa-a730ac40f347,a48dbfd1-4869-4d60-9429-713e4684d0eb,->,12acfc45-bdfb-4343-9004-9be15dfd844c,server/model/players/Client.java,getPA
12acfc45-bdfb-4343-9004-9be15dfd844c,a51e2ff0-4411-41d8-acaa-a730ac40f347,a48dbfd1-4869-4d60-9429-713e4684d0eb,->,12acfc45-bdfb-4343-9004-9be15dfd844c,991eb2a8-284a-4290-ae08-f54cf8834706,6f1c3a56-0513-4978-8516-4c4cd1895096
12acfc45-bdfb-4343-9004-9be15dfd844c,a51e2ff0-4411-41d8-acaa-a730ac40f347,a48dbfd1-4869-4d60-9429-713e4684d0eb,->,12acfc45-bdfb-4343-9004-9be15dfd844c,server/model/players/Client.java,getPA
12acfc45-bdfb-4343-9004-9be15dfd844c,a51e2ff0-4411-41d8-acaa-a730ac40f347,a48dbfd1-4869-4d60-9429-713e4684d0eb,->,12acfc45-bdfb-4343-9004-9be15dfd844c,991eb2a8-284a-4290-ae08-f54cf8834706,6f1c3a56-0513-4978-8516-4c4cd1895096
12acfc45-bdfb-4343-9004-9be15dfd844c,a51e2ff0-4411-41d8-acaa-a730ac40f347,a48dbfd1-4869-4d60-9429-713e4684d0eb,->,12acfc45-bdfb-4343-9004-9be15dfd844c,server/model/players/Client.java,getPA
12acfc45-bdfb-4343-9004-9be15dfd844c,a51e2ff0-4411-41d8-acaa-a730ac40f347,a48dbfd1-4869-4d60-9429-713e4684d0eb,->,12acfc45-bdfb-4343-9004-9be15dfd844c,991eb2a8-284a-4290-ae08-f54cf8834706,6f1c3a56-0513-4978-8516-4c4cd1895096
12acfc45-bdfb-4343-9004-9be15dfd844c,a51e2ff0-4411-41d8-acaa-a730ac40f347,a48dbfd1-4869-4d60-9429-713e4684d0eb,->,12acfc45-bdfb-4343-9004-9be15dfd844c,server/model/players/Client.java,getPA
12acfc45-bdfb-4343-9004-9be15dfd844c,a51e2ff0-4411-41d8-acaa-a730ac40f347,a48dbfd1-4869-4d60-9429-713e4684d0eb,->,12acfc45-bdfb-4343-9004-9be15dfd844c,991eb2a8-284a-4290-ae08-f54cf8834706,6f1c3a56-0513-4978-8516-4c4cd1895096
12acfc45-bdfb-4343-9004-9be15dfd844c,a51e2ff0-4411-41d8-acaa-a730ac40f347,a48dbfd1-4869-4d60-9429-713e4684d0eb,->,12acfc45-bdfb-4343-9004-9be15dfd844c,server/model/players/Client.java,getPA
12acfc45-bdfb-4343-9004-9be15dfd844c,a51e2ff0-4411-41d8-acaa-a730ac40f347,a48dbfd1-4869-4d60-9429-713e4684d0eb,->,12acfc45-bdfb-4343-9004-9be15dfd844c,991eb2a8-284a-4290-ae08-f54cf8834706,6f1c3a56-0513-4978-8516-4c4cd1895096
12acfc45-bdfb-4343-9004-9be15dfd844c,a51e2ff0-4411-41d8-acaa-a730ac40f347,a48dbfd1-4869-4d60-9429-713e4684d0eb,->,12acfc45-bdfb-4343-9004-9be15dfd844c,server/model/players/Client.java,getPA
12acfc45-bdfb-4343-9004-9be15dfd844c,a51e2ff0-4411-41d8-acaa-a730ac40f347,a48dbfd1-4869-4d60-9429-713e4684d0eb,->,12acfc45-bdfb-4343-9004-9be15dfd844c,991eb2a8-284a-4290-ae08-f54cf8834706,6f1c3a56-0513-4978-8516-4c4cd1895096
12acfc45-bdfb-4343-9004-9be15dfd844c,a51e2ff0-4411-41d8-acaa-a730ac40f347,a48dbfd1-4869-4d60-9429-713e4684d0eb,->,12acfc45-bdfb-4343-9004-9be15dfd844c,server/model/players/Client.java,getPA
12acfc45-bdfb-4343-9004-9be15dfd844c,a51e2ff0-4411-41d8-acaa-a730ac40f347,a48dbfd1-4869-4d60-9429-713e4684d0eb,->,12acfc45-bdfb-4343-9004-9be15dfd844c,991eb2a8-284a-4290-ae08-f54cf8834706,6f1c3a56-0513-4978-8516-4c4cd1895096
12acfc45-bdfb-4343-9004-9be15dfd844c,a51e2ff0-4411-41d8-acaa-a730ac40f347,a48dbfd1-4869-4d60-9429-713e4684d0eb,->,12acfc45-bdfb-4343-9004-9be15dfd844c,server/model/players/Client.java,getPA
12acfc45-bdfb-4343-9004-9be15dfd844c,a51e2ff0-4411-41d8-acaa-a730ac40f347,a48dbfd1-4869-4d60-9429-713e4684d0eb,->,12acfc45-bdfb-4343-9004-9be15dfd844c,991eb2a8-284a-4290-ae08-f54cf8834706,6f1c3a56-0513-4978-8516-4c4cd1895096
12acfc45-bdfb-4343-9004-9be15dfd844c,a51e2ff0-4411-41d8-acaa-a730ac40f347,a48dbfd1-4869-4d60-9429-713e4684d0eb,->,12acfc45-bdfb-4343-9004-9be15dfd844c,server/model/players/Client.java,getPA
12acfc45-bdfb-4343-9004-9be15dfd844c,a51e2ff0-4411-41d8-acaa-a730ac40f347,a48dbfd1-4869-4d60-9429-713e4684d0eb,->,12acfc45-bdfb-4343-9004-9be15dfd844c,991eb2a8-284a-4290-ae08-f54cf8834706,6f1c3a56-0513-4978-8516-4c4cd1895096
12acfc45-bdfb-4343-9004-9be15dfd844c,a51e2ff0-4411-41d8-acaa-a730ac40f347,a48dbfd1-4869-4d60-9429-713e4684d0eb,->,12acfc45-bdfb-4343-9004-9be15dfd844c,server/model/players/Client.java,getPA
12acfc45-bdfb-4343-9004-9be15dfd844c,a51e2ff0-4411-41d8-acaa-a730ac40f347,a48dbfd1-4869-4d60-9429-713e4684d0eb,->,12acfc45-bdfb-4343-9004-9be15dfd844c,991eb2a8-284a-4290-ae08-f54cf8834706,6f1c3a56-0513-4978-8516-4c4cd1895096
12acfc45-bdfb-4343-9004-9be15dfd844c,a51e2ff0-4411-41d8-acaa-a730ac40f347,a48dbfd1-4869-4d60-9429-713e4684d0eb,->,12acfc45-bdfb-4343-9004-9be15dfd844c,server/model/players/Client.java,getPA
12acfc45-bdfb-4343-9004-9be15dfd844c,a51e2ff0-4411-41d8-acaa-a730ac40f347,a48dbfd1-4869-4d60-9429-713e4684d0eb,->,12acfc45-bdfb-4343-9004-9be15dfd844c,991eb2a8-284a-4290-ae08-f54cf8834706,387ef356-3543-428b-bef1-b07e93485a0d
12acfc45-bdfb-4343-9004-9be15dfd844c,a51e2ff0-4411-41d8-acaa-a730ac40f347,a48dbfd1-4869-4d60-9429-713e4684d0eb,->,12acfc45-bdfb-4343-9004-9be15dfd844c,server/model/players/Client.java,getPA
12acfc45-bdfb-4343-9004-9be15dfd844c,a51e2ff0-4411-41d8-acaa-a730ac40f347,a48dbfd1-4869-4d60-9429-713e4684d0eb,->,12acfc45-bdfb-4343-9004-9be15dfd844c,991eb2a8-284a-4290-ae08-f54cf8834706,387ef356-3543-428b-bef1-b07e93485a0d
12acfc45-bdfb-4343-9004-9be15dfd844c,a51e2ff0-4411-41d8-acaa-a730ac40f347,a48dbfd1-4869-4d60-9429-713e4684d0eb,->,12acfc45-bdfb-4343-9004-9be15dfd844c,server/world/ObjectHandler.java,doorHandling
12acfc45-bdfb-4343-9004-9be15dfd844c,a51e2ff0-4411-41d8-acaa-a730ac40f347,a48dbfd1-4869-4d60-9429-713e4684d0eb,->,12acfc45-bdfb-4343-9004-9be15dfd844c,server/model/players/Client.java,getPA
12acfc45-bdfb-4343-9004-9be15dfd844c,a51e2ff0-4411-41d8-acaa-a730ac40f347,a48dbfd1-4869-4d60-9429-713e4684d0eb,->,12acfc45-bdfb-4343-9004-9be15dfd844c,991eb2a8-284a-4290-ae08-f54cf8834706,141a66be-744c-48f6-a5c3-9dbea684d0d6
12acfc45-bdfb-4343-9004-9be15dfd844c,a51e2ff0-4411-41d8-acaa-a730ac40f347,a48dbfd1-4869-4d60-9429-713e4684d0eb,->,12acfc45-bdfb-4343-9004-9be15dfd844c,server/model/players/Client.java,getPA
12acfc45-bdfb-4343-9004-9be15dfd844c,a51e2ff0-4411-41d8-acaa-a730ac40f347,a48dbfd1-4869-4d60-9429-713e4684d0eb,->,12acfc45-bdfb-4343-9004-9be15dfd844c,991eb2a8-284a-4290-ae08-f54cf8834706,141a66be-744c-48f6-a5c3-9dbea684d0d6
12acfc45-bdfb-4343-9004-9be15dfd844c,a51e2ff0-4411-41d8-acaa-a730ac40f347,a48dbfd1-4869-4d60-9429-713e4684d0eb,->,12acfc45-bdfb-4343-9004-9be15dfd844c,server/model/players/Client.java,getPA
12acfc45-bdfb-4343-9004-9be15dfd844c,a51e2ff0-4411-41d8-acaa-a730ac40f347,a48dbfd1-4869-4d60-9429-713e4684d0eb,->,12acfc45-bdfb-4343-9004-9be15dfd844c,991eb2a8-284a-4290-ae08-f54cf8834706,141a66be-744c-48f6-a5c3-9dbea684d0d6
12acfc45-bdfb-4343-9004-9be15dfd844c,a51e2ff0-4411-41d8-acaa-a730ac40f347,a48dbfd1-4869-4d60-9429-713e4684d0eb,->,12acfc45-bdfb-4343-9004-9be15dfd844c,server/model/players/Client.java,getPA
12acfc45-bdfb-4343-9004-9be15dfd844c,a51e2ff0-4411-41d8-acaa-a730ac40f347,a48dbfd1-4869-4d60-9429-713e4684d0eb,->,12acfc45-bdfb-4343-9004-9be15dfd844c,991eb2a8-284a-4290-ae08-f54cf8834706,141a66be-744c-48f6-a5c3-9dbea684d0d6
12acfc45-bdfb-4343-9004-9be15dfd844c,a51e2ff0-4411-41d8-acaa-a730ac40f347,a48dbfd1-4869-4d60-9429-713e4684d0eb,->,12acfc45-bdfb-4343-9004-9be15dfd844c,server/model/players/Client.java,getPA
12acfc45-bdfb-4343-9004-9be15dfd844c,a51e2ff0-4411-41d8-acaa-a730ac40f347,a48dbfd1-4869-4d60-9429-713e4684d0eb,->,12acfc45-bdfb-4343-9004-9be15dfd844c,991eb2a8-284a-4290-ae08-f54cf8834706,141a66be-744c-48f6-a5c3-9dbea684d0d6
12acfc45-bdfb-4343-9004-9be15dfd844c,a51e2ff0-4411-41d8-acaa-a730ac40f347,a48dbfd1-4869-4d60-9429-713e4684d0eb,->,12acfc45-bdfb-4343-9004-9be15dfd844c,server/model/players/Client.java,getPA
12acfc45-bdfb-4343-9004-9be15dfd844c,a51e2ff0-4411-41d8-acaa-a730ac40f347,a48dbfd1-4869-4d60-9429-713e4684d0eb,->,12acfc45-bdfb-4343-9004-9be15dfd844c,991eb2a8-284a-4290-ae08-f54cf8834706,141a66be-744c-48f6-a5c3-9dbea684d0d6
12acfc45-bdfb-4343-9004-9be15dfd844c,a51e2ff0-4411-41d8-acaa-a730ac40f347,a48dbfd1-4869-4d60-9429-713e4684d0eb,->,12acfc45-bdfb-4343-9004-9be15dfd844c,server/model/players/Client.java,getPA
12acfc45-bdfb-4343-9004-9be15dfd844c,a51e2ff0-4411-41d8-acaa-a730ac40f347,a48dbfd1-4869-4d60-9429-713e4684d0eb,->,12acfc45-bdfb-4343-9004-9be15dfd844c,991eb2a8-284a-4290-ae08-f54cf8834706,141a66be-744c-48f6-a5c3-9dbea684d0d6
12acfc45-bdfb-4343-9004-9be15dfd844c,a51e2ff0-4411-41d8-acaa-a730ac40f347,a48dbfd1-4869-4d60-9429-713e4684d0eb,->,12acfc45-bdfb-4343-9004-9be15dfd844c,server/model/players/Client.java,getPA
12acfc45-bdfb-4343-9004-9be15dfd844c,a51e2ff0-4411-41d8-acaa-a730ac40f347,a48dbfd1-4869-4d60-9429-713e4684d0eb,->,12acfc45-bdfb-4343-9004-9be15dfd844c,991eb2a8-284a-4290-ae08-f54cf8834706,141a66be-744c-48f6-a5c3-9dbea684d0d6
12acfc45-bdfb-4343-9004-9be15dfd844c,a51e2ff0-4411-41d8-acaa-a730ac40f347,a48dbfd1-4869-4d60-9429-713e4684d0eb,->,12acfc45-bdfb-4343-9004-9be15dfd844c,server/model/players/Client.java,getPA
12acfc45-bdfb-4343-9004-9be15dfd844c,a51e2ff0-4411-41d8-acaa-a730ac40f347,a48dbfd1-4869-4d60-9429-713e4684d0eb,->,12acfc45-bdfb-4343-9004-9be15dfd844c,991eb2a8-284a-4290-ae08-f54cf8834706,141a66be-744c-48f6-a5c3-9dbea684d0d6
12acfc45-bdfb-4343-9004-9be15dfd844c,a51e2ff0-4411-41d8-acaa-a730ac40f347,a48dbfd1-4869-4d60-9429-713e4684d0eb,->,12acfc45-bdfb-4343-9004-9be15dfd844c,server/model/players/Client.java,getPA
12acfc45-bdfb-4343-9004-9be15dfd844c,a51e2ff0-4411-41d8-acaa-a730ac40f347,a48dbfd1-4869-4d60-9429-713e4684d0eb,->,12acfc45-bdfb-4343-9004-9be15dfd844c,991eb2a8-284a-4290-ae08-f54cf8834706,387ef356-3543-428b-bef1-b07e93485a0d
12acfc45-bdfb-4343-9004-9be15dfd844c,a51e2ff0-4411-41d8-acaa-a730ac40f347,a48dbfd1-4869-4d60-9429-713e4684d0eb,->,12acfc45-bdfb-4343-9004-9be15dfd844c,server/model/players/Client.java,getPA
12acfc45-bdfb-4343-9004-9be15dfd844c,a51e2ff0-4411-41d8-acaa-a730ac40f347,a48dbfd1-4869-4d60-9429-713e4684d0eb,->,12acfc45-bdfb-4343-9004-9be15dfd844c,991eb2a8-284a-4290-ae08-f54cf8834706,387ef356-3543-428b-bef1-b07e93485a0d
12acfc45-bdfb-4343-9004-9be15dfd844c,a51e2ff0-4411-41d8-acaa-a730ac40f347,a48dbfd1-4869-4d60-9429-713e4684d0eb,->,12acfc45-bdfb-4343-9004-9be15dfd844c,server/model/players/Client.java,getPA
12acfc45-bdfb-4343-9004-9be15dfd844c,a51e2ff0-4411-41d8-acaa-a730ac40f347,a48dbfd1-4869-4d60-9429-713e4684d0eb,->,12acfc45-bdfb-4343-9004-9be15dfd844c,991eb2a8-284a-4290-ae08-f54cf8834706,141a66be-744c-48f6-a5c3-9dbea684d0d6
12acfc45-bdfb-4343-9004-9be15dfd844c,a51e2ff0-4411-41d8-acaa-a730ac40f347,a48dbfd1-4869-4d60-9429-713e4684d0eb,->,12acfc45-bdfb-4343-9004-9be15dfd844c,server/model/players/Client.java,getPA
12acfc45-bdfb-4343-9004-9be15dfd844c,a51e2ff0-4411-41d8-acaa-a730ac40f347,a48dbfd1-4869-4d60-9429-713e4684d0eb,->,12acfc45-bdfb-4343-9004-9be15dfd844c,991eb2a8-284a-4290-ae08-f54cf8834706,141a66be-744c-48f6-a5c3-9dbea684d0d6
12acfc45-bdfb-4343-9004-9be15dfd844c,a51e2ff0-4411-41d8-acaa-a730ac40f347,a48dbfd1-4869-4d60-9429-713e4684d0eb,->,12acfc45-bdfb-4343-9004-9be15dfd844c,server/model/players/Client.java,getPA
12acfc45-bdfb-4343-9004-9be15dfd844c,a51e2ff0-4411-41d8-acaa-a730ac40f347,a48dbfd1-4869-4d60-9429-713e4684d0eb,->,12acfc45-bdfb-4343-9004-9be15dfd844c,991eb2a8-284a-4290-ae08-f54cf8834706,141a66be-744c-48f6-a5c3-9dbea684d0d6
12acfc45-bdfb-4343-9004-9be15dfd844c,a51e2ff0-4411-41d8-acaa-a730ac40f347,a48dbfd1-4869-4d60-9429-713e4684d0eb,->,12acfc45-bdfb-4343-9004-9be15dfd844c,server/model/players/Client.java,getPA
12acfc45-bdfb-4343-9004-9be15dfd844c,a51e2ff0-4411-41d8-acaa-a730ac40f347,a48dbfd1-4869-4d60-9429-713e4684d0eb,->,12acfc45-bdfb-4343-9004-9be15dfd844c,991eb2a8-284a-4290-ae08-f54cf8834706,141a66be-744c-48f6-a5c3-9dbea684d0d6
12acfc45-bdfb-4343-9004-9be15dfd844c,a51e2ff0-4411-41d8-acaa-a730ac40f347,a48dbfd1-4869-4d60-9429-713e4684d0eb,->,12acfc45-bdfb-4343-9004-9be15dfd844c,server/model/players/Client.java,getPA
12acfc45-bdfb-4343-9004-9be15dfd844c,a51e2ff0-4411-41d8-acaa-a730ac40f347,a48dbfd1-4869-4d60-9429-713e4684d0eb,->,12acfc45-bdfb-4343-9004-9be15dfd844c,991eb2a8-284a-4290-ae08-f54cf8834706,141a66be-744c-48f6-a5c3-9dbea684d0d6
12acfc45-bdfb-4343-9004-9be15dfd844c,a51e2ff0-4411-41d8-acaa-a730ac40f347,a48dbfd1-4869-4d60-9429-713e4684d0eb,->,12acfc45-bdfb-4343-9004-9be15dfd844c,server/model/players/Client.java,getPA
12acfc45-bdfb-4343-9004-9be15dfd844c,a51e2ff0-4411-41d8-acaa-a730ac40f347,a48dbfd1-4869-4d60-9429-713e4684d0eb,->,12acfc45-bdfb-4343-9004-9be15dfd844c,991eb2a8-284a-4290-ae08-f54cf8834706,141a66be-744c-48f6-a5c3-9dbea684d0d6
12acfc45-bdfb-4343-9004-9be15dfd844c,a51e2ff0-4411-41d8-acaa-a730ac40f347,a48dbfd1-4869-4d60-9429-713e4684d0eb,->,12acfc45-bdfb-4343-9004-9be15dfd844c,server/model/players/Client.java,getPA
12acfc45-bdfb-4343-9004-9be15dfd844c,a51e2ff0-4411-41d8-acaa-a730ac40f347,a48dbfd1-4869-4d60-9429-713e4684d0eb,->,12acfc45-bdfb-4343-9004-9be15dfd844c,991eb2a8-284a-4290-ae08-f54cf8834706,141a66be-744c-48f6-a5c3-9dbea684d0d6
12acfc45-bdfb-4343-9004-9be15dfd844c,a51e2ff0-4411-41d8-acaa-a730ac40f347,a48dbfd1-4869-4d60-9429-713e4684d0eb,->,12acfc45-bdfb-4343-9004-9be15dfd844c,server/model/players/Client.java,getPA
12acfc45-bdfb-4343-9004-9be15dfd844c,a51e2ff0-4411-41d8-acaa-a730ac40f347,a48dbfd1-4869-4d60-9429-713e4684d0eb,->,12acfc45-bdfb-4343-9004-9be15dfd844c,991eb2a8-284a-4290-ae08-f54cf8834706,141a66be-744c-48f6-a5c3-9dbea684d0d6
12acfc45-bdfb-4343-9004-9be15dfd844c,a51e2ff0-4411-41d8-acaa-a730ac40f347,a48dbfd1-4869-4d60-9429-713e4684d0eb,->,12acfc45-bdfb-4343-9004-9be15dfd844c,server/model/players/Client.java,getPA
12acfc45-bdfb-4343-9004-9be15dfd844c,a51e2ff0-4411-41d8-acaa-a730ac40f347,a48dbfd1-4869-4d60-9429-713e4684d0eb,->,12acfc45-bdfb-4343-9004-9be15dfd844c,991eb2a8-284a-4290-ae08-f54cf8834706,141a66be-744c-48f6-a5c3-9dbea684d0d6
12acfc45-bdfb-4343-9004-9be15dfd844c,a51e2ff0-4411-41d8-acaa-a730ac40f347,a48dbfd1-4869-4d60-9429-713e4684d0eb,->,12acfc45-bdfb-4343-9004-9be15dfd844c,server/model/players/Client.java,getPA
12acfc45-bdfb-4343-9004-9be15dfd844c,a51e2ff0-4411-41d8-acaa-a730ac40f347,a48dbfd1-4869-4d60-9429-713e4684d0eb,->,12acfc45-bdfb-4343-9004-9be15dfd844c,991eb2a8-284a-4290-ae08-f54cf8834706,141a66be-744c-48f6-a5c3-9dbea684d0d6
12acfc45-bdfb-4343-9004-9be15dfd844c,a51e2ff0-4411-41d8-acaa-a730ac40f347,a48dbfd1-4869-4d60-9429-713e4684d0eb,->,12acfc45-bdfb-4343-9004-9be15dfd844c,server/model/players/Client.java,getPA
12acfc45-bdfb-4343-9004-9be15dfd844c,a51e2ff0-4411-41d8-acaa-a730ac40f347,a48dbfd1-4869-4d60-9429-713e4684d0eb,->,12acfc45-bdfb-4343-9004-9be15dfd844c,991eb2a8-284a-4290-ae08-f54cf8834706,141a66be-744c-48f6-a5c3-9dbea684d0d6
12acfc45-bdfb-4343-9004-9be15dfd844c,a51e2ff0-4411-41d8-acaa-a730ac40f347,a48dbfd1-4869-4d60-9429-713e4684d0eb,->,12acfc45-bdfb-4343-9004-9be15dfd844c,server/model/players/Client.java,getPA
12acfc45-bdfb-4343-9004-9be15dfd844c,a51e2ff0-4411-41d8-acaa-a730ac40f347,a48dbfd1-4869-4d60-9429-713e4684d0eb,->,12acfc45-bdfb-4343-9004-9be15dfd844c,991eb2a8-284a-4290-ae08-f54cf8834706,141a66be-744c-48f6-a5c3-9dbea684d0d6
12acfc45-bdfb-4343-9004-9be15dfd844c,a51e2ff0-4411-41d8-acaa-a730ac40f347,a48dbfd1-4869-4d60-9429-713e4684d0eb,->,12acfc45-bdfb-4343-9004-9be15dfd844c,server/model/players/Client.java,getPA
12acfc45-bdfb-4343-9004-9be15dfd844c,a51e2ff0-4411-41d8-acaa-a730ac40f347,a48dbfd1-4869-4d60-9429-713e4684d0eb,->,12acfc45-bdfb-4343-9004-9be15dfd844c,991eb2a8-284a-4290-ae08-f54cf8834706,141a66be-744c-48f6-a5c3-9dbea684d0d6
12acfc45-bdfb-4343-9004-9be15dfd844c,a51e2ff0-4411-41d8-acaa-a730ac40f347,a48dbfd1-4869-4d60-9429-713e4684d0eb,->,12acfc45-bdfb-4343-9004-9be15dfd844c,server/model/players/Client.java,sendMessage
12acfc45-bdfb-4343-9004-9be15dfd844c,a51e2ff0-4411-41d8-acaa-a730ac40f347,a48dbfd1-4869-4d60-9429-713e4684d0eb,->,12acfc45-bdfb-4343-9004-9be15dfd844c,server/model/players/Client.java,getPA
12acfc45-bdfb-4343-9004-9be15dfd844c,a51e2ff0-4411-41d8-acaa-a730ac40f347,a48dbfd1-4869-4d60-9429-713e4684d0eb,->,12acfc45-bdfb-4343-9004-9be15dfd844c,991eb2a8-284a-4290-ae08-f54cf8834706,141a66be-744c-48f6-a5c3-9dbea684d0d6
12acfc45-bdfb-4343-9004-9be15dfd844c,a51e2ff0-4411-41d8-acaa-a730ac40f347,a48dbfd1-4869-4d60-9429-713e4684d0eb,->,12acfc45-bdfb-4343-9004-9be15dfd844c,server/model/players/Client.java,getPA
12acfc45-bdfb-4343-9004-9be15dfd844c,a51e2ff0-4411-41d8-acaa-a730ac40f347,a48dbfd1-4869-4d60-9429-713e4684d0eb,->,12acfc45-bdfb-4343-9004-9be15dfd844c,991eb2a8-284a-4290-ae08-f54cf8834706,141a66be-744c-48f6-a5c3-9dbea684d0d6
12acfc45-bdfb-4343-9004-9be15dfd844c,a51e2ff0-4411-41d8-acaa-a730ac40f347,a48dbfd1-4869-4d60-9429-713e4684d0eb,->,12acfc45-bdfb-4343-9004-9be15dfd844c,server/model/players/Client.java,getPA
12acfc45-bdfb-4343-9004-9be15dfd844c,a51e2ff0-4411-41d8-acaa-a730ac40f347,a48dbfd1-4869-4d60-9429-713e4684d0eb,->,12acfc45-bdfb-4343-9004-9be15dfd844c,991eb2a8-284a-4290-ae08-f54cf8834706,141a66be-744c-48f6-a5c3-9dbea684d0d6
12acfc45-bdfb-4343-9004-9be15dfd844c,a51e2ff0-4411-41d8-acaa-a730ac40f347,a48dbfd1-4869-4d60-9429-713e4684d0eb,->,12acfc45-bdfb-4343-9004-9be15dfd844c,server/model/players/Client.java,getPA
12acfc45-bdfb-4343-9004-9be15dfd844c,a51e2ff0-4411-41d8-acaa-a730ac40f347,a48dbfd1-4869-4d60-9429-713e4684d0eb,->,12acfc45-bdfb-4343-9004-9be15dfd844c,991eb2a8-284a-4290-ae08-f54cf8834706,141a66be-744c-48f6-a5c3-9dbea684d0d6
12acfc45-bdfb-4343-9004-9be15dfd844c,a51e2ff0-4411-41d8-acaa-a730ac40f347,a48dbfd1-4869-4d60-9429-713e4684d0eb,->,12acfc45-bdfb-4343-9004-9be15dfd844c,server/model/players/Client.java,getPA
12acfc45-bdfb-4343-9004-9be15dfd844c,a51e2ff0-4411-41d8-acaa-a730ac40f347,a48dbfd1-4869-4d60-9429-713e4684d0eb,->,12acfc45-bdfb-4343-9004-9be15dfd844c,991eb2a8-284a-4290-ae08-f54cf8834706,387ef356-3543-428b-bef1-b07e93485a0d
12acfc45-bdfb-4343-9004-9be15dfd844c,a51e2ff0-4411-41d8-acaa-a730ac40f347,a48dbfd1-4869-4d60-9429-713e4684d0eb,->,12acfc45-bdfb-4343-9004-9be15dfd844c,server/model/players/Client.java,getPA
12acfc45-bdfb-4343-9004-9be15dfd844c,a51e2ff0-4411-41d8-acaa-a730ac40f347,a48dbfd1-4869-4d60-9429-713e4684d0eb,->,12acfc45-bdfb-4343-9004-9be15dfd844c,991eb2a8-284a-4290-ae08-f54cf8834706,387ef356-3543-428b-bef1-b07e93485a0d
12acfc45-bdfb-4343-9004-9be15dfd844c,a51e2ff0-4411-41d8-acaa-a730ac40f347,a48dbfd1-4869-4d60-9429-713e4684d0eb,->,12acfc45-bdfb-4343-9004-9be15dfd844c,server/model/players/Client.java,startAnimation
12acfc45-bdfb-4343-9004-9be15dfd844c,a51e2ff0-4411-41d8-acaa-a730ac40f347,a48dbfd1-4869-4d60-9429-713e4684d0eb,->,12acfc45-bdfb-4343-9004-9be15dfd844c,java/lang/StringBuilder.java,append
12acfc45-bdfb-4343-9004-9be15dfd844c,a51e2ff0-4411-41d8-acaa-a730ac40f347,a48dbfd1-4869-4d60-9429-713e4684d0eb,->,12acfc45-bdfb-4343-9004-9be15dfd844c,java/lang/StringBuilder.java,append
12acfc45-bdfb-4343-9004-9be15dfd844c,a51e2ff0-4411-41d8-acaa-a730ac40f347,a48dbfd1-4869-4d60-9429-713e4684d0eb,->,12acfc45-bdfb-4343-9004-9be15dfd844c,java/lang/StringBuilder.java,toString
12acfc45-bdfb-4343-9004-9be15dfd844c,a51e2ff0-4411-41d8-acaa-a730ac40f347,a48dbfd1-4869-4d60-9429-713e4684d0eb,->,12acfc45-bdfb-4343-9004-9be15dfd844c,java/lang/Integer.java,valueOf
12acfc45-bdfb-4343-9004-9be15dfd844c,a51e2ff0-4411-41d8-acaa-a730ac40f347,a48dbfd1-4869-4d60-9429-713e4684d0eb,->,12acfc45-bdfb-4343-9004-9be15dfd844c,java/lang/Integer.java,valueOf
12acfc45-bdfb-4343-9004-9be15dfd844c,a51e2ff0-4411-41d8-acaa-a730ac40f347,a48dbfd1-4869-4d60-9429-713e4684d0eb,->,12acfc45-bdfb-4343-9004-9be15dfd844c,java/lang/Integer.java,valueOf
12acfc45-bdfb-4343-9004-9be15dfd844c,a51e2ff0-4411-41d8-acaa-a730ac40f347,a48dbfd1-4869-4d60-9429-713e4684d0eb,->,12acfc45-bdfb-4343-9004-9be15dfd844c,26b2eec9-5f6d-477d-9382-0da06589235e,2375bfa4-316a-4fb9-a4f6-ac6815e89c16
12acfc45-bdfb-4343-9004-9be15dfd844c,a51e2ff0-4411-41d8-acaa-a730ac40f347,a48dbfd1-4869-4d60-9429-713e4684d0eb,->,12acfc45-bdfb-4343-9004-9be15dfd844c,server/model/players/Client.java,sendMessage
12acfc45-bdfb-4343-9004-9be15dfd844c,a51e2ff0-4411-41d8-acaa-a730ac40f347,a48dbfd1-4869-4d60-9429-713e4684d0eb,->,12acfc45-bdfb-4343-9004-9be15dfd844c,a542b53a-f390-4db2-b142-f574070d138b,e1e8344c-d09d-447b-88c2-685c2c130b6d
12acfc45-bdfb-4343-9004-9be15dfd844c,a51e2ff0-4411-41d8-acaa-a730ac40f347,a48dbfd1-4869-4d60-9429-713e4684d0eb,->,12acfc45-bdfb-4343-9004-9be15dfd844c,server/model/players/Client.java,getX
12acfc45-bdfb-4343-9004-9be15dfd844c,a51e2ff0-4411-41d8-acaa-a730ac40f347,a48dbfd1-4869-4d60-9429-713e4684d0eb,->,12acfc45-bdfb-4343-9004-9be15dfd844c,server/model/players/Client.java,getY
12acfc45-bdfb-4343-9004-9be15dfd844c,a51e2ff0-4411-41d8-acaa-a730ac40f347,a48dbfd1-4869-4d60-9429-713e4684d0eb,->,12acfc45-bdfb-4343-9004-9be15dfd844c,server/model/npcs/NPCHandler.java,spawnNpc
12acfc45-bdfb-4343-9004-9be15dfd844c,a51e2ff0-4411-41d8-acaa-a730ac40f347,a48dbfd1-4869-4d60-9429-713e4684d0eb,->,12acfc45-bdfb-4343-9004-9be15dfd844c,server/model/players/Client.java,sendMessage
12acfc45-bdfb-4343-9004-9be15dfd844c,a51e2ff0-4411-41d8-acaa-a730ac40f347,a48dbfd1-4869-4d60-9429-713e4684d0eb,->,12acfc45-bdfb-4343-9004-9be15dfd844c,server/model/players/Client.java,getPA
12acfc45-bdfb-4343-9004-9be15dfd844c,a51e2ff0-4411-41d8-acaa-a730ac40f347,a48dbfd1-4869-4d60-9429-713e4684d0eb,->,12acfc45-bdfb-4343-9004-9be15dfd844c,991eb2a8-284a-4290-ae08-f54cf8834706,141a66be-744c-48f6-a5c3-9dbea684d0d6
12acfc45-bdfb-4343-9004-9be15dfd844c,a51e2ff0-4411-41d8-acaa-a730ac40f347,a48dbfd1-4869-4d60-9429-713e4684d0eb,->,12acfc45-bdfb-4343-9004-9be15dfd844c,a542b53a-f390-4db2-b142-f574070d138b,e1e8344c-d09d-447b-88c2-685c2c130b6d
12acfc45-bdfb-4343-9004-9be15dfd844c,a51e2ff0-4411-41d8-acaa-a730ac40f347,a48dbfd1-4869-4d60-9429-713e4684d0eb,->,12acfc45-bdfb-4343-9004-9be15dfd844c,server/model/players/Client.java,getX
12acfc45-bdfb-4343-9004-9be15dfd844c,a51e2ff0-4411-41d8-acaa-a730ac40f347,a48dbfd1-4869-4d60-9429-713e4684d0eb,->,12acfc45-bdfb-4343-9004-9be15dfd844c,server/model/players/Client.java,getY
12acfc45-bdfb-4343-9004-9be15dfd844c,a51e2ff0-4411-41d8-acaa-a730ac40f347,a48dbfd1-4869-4d60-9429-713e4684d0eb,->,12acfc45-bdfb-4343-9004-9be15dfd844c,server/model/npcs/NPCHandler.java,spawnNpc
12acfc45-bdfb-4343-9004-9be15dfd844c,a51e2ff0-4411-41d8-acaa-a730ac40f347,a48dbfd1-4869-4d60-9429-713e4684d0eb,->,12acfc45-bdfb-4343-9004-9be15dfd844c,server/model/players/Client.java,sendMessage
12acfc45-bdfb-4343-9004-9be15dfd844c,a51e2ff0-4411-41d8-acaa-a730ac40f347,a48dbfd1-4869-4d60-9429-713e4684d0eb,->,12acfc45-bdfb-4343-9004-9be15dfd844c,server/model/players/Client.java,getPA
12acfc45-bdfb-4343-9004-9be15dfd844c,a51e2ff0-4411-41d8-acaa-a730ac40f347,a48dbfd1-4869-4d60-9429-713e4684d0eb,->,12acfc45-bdfb-4343-9004-9be15dfd844c,991eb2a8-284a-4290-ae08-f54cf8834706,141a66be-744c-48f6-a5c3-9dbea684d0d6
12acfc45-bdfb-4343-9004-9be15dfd844c,a51e2ff0-4411-41d8-acaa-a730ac40f347,a48dbfd1-4869-4d60-9429-713e4684d0eb,->,12acfc45-bdfb-4343-9004-9be15dfd844c,server/model/players/Client.java,getPA
12acfc45-bdfb-4343-9004-9be15dfd844c,a51e2ff0-4411-41d8-acaa-a730ac40f347,a48dbfd1-4869-4d60-9429-713e4684d0eb,->,12acfc45-bdfb-4343-9004-9be15dfd844c,991eb2a8-284a-4290-ae08-f54cf8834706,141a66be-744c-48f6-a5c3-9dbea684d0d6
12acfc45-bdfb-4343-9004-9be15dfd844c,a51e2ff0-4411-41d8-acaa-a730ac40f347,a48dbfd1-4869-4d60-9429-713e4684d0eb,->,12acfc45-bdfb-4343-9004-9be15dfd844c,a542b53a-f390-4db2-b142-f574070d138b,e1e8344c-d09d-447b-88c2-685c2c130b6d
12acfc45-bdfb-4343-9004-9be15dfd844c,a51e2ff0-4411-41d8-acaa-a730ac40f347,a48dbfd1-4869-4d60-9429-713e4684d0eb,->,12acfc45-bdfb-4343-9004-9be15dfd844c,server/model/players/Client.java,getX
12acfc45-bdfb-4343-9004-9be15dfd844c,a51e2ff0-4411-41d8-acaa-a730ac40f347,a48dbfd1-4869-4d60-9429-713e4684d0eb,->,12acfc45-bdfb-4343-9004-9be15dfd844c,server/model/players/Client.java,getY
12acfc45-bdfb-4343-9004-9be15dfd844c,a51e2ff0-4411-41d8-acaa-a730ac40f347,a48dbfd1-4869-4d60-9429-713e4684d0eb,->,12acfc45-bdfb-4343-9004-9be15dfd844c,server/model/npcs/NPCHandler.java,spawnNpc
12acfc45-bdfb-4343-9004-9be15dfd844c,a51e2ff0-4411-41d8-acaa-a730ac40f347,a48dbfd1-4869-4d60-9429-713e4684d0eb,->,12acfc45-bdfb-4343-9004-9be15dfd844c,server/model/players/Client.java,sendMessage
12acfc45-bdfb-4343-9004-9be15dfd844c,a51e2ff0-4411-41d8-acaa-a730ac40f347,a48dbfd1-4869-4d60-9429-713e4684d0eb,->,12acfc45-bdfb-4343-9004-9be15dfd844c,server/model/players/Client.java,getPA
12acfc45-bdfb-4343-9004-9be15dfd844c,a51e2ff0-4411-41d8-acaa-a730ac40f347,a48dbfd1-4869-4d60-9429-713e4684d0eb,->,12acfc45-bdfb-4343-9004-9be15dfd844c,991eb2a8-284a-4290-ae08-f54cf8834706,141a66be-744c-48f6-a5c3-9dbea684d0d6
12acfc45-bdfb-4343-9004-9be15dfd844c,a51e2ff0-4411-41d8-acaa-a730ac40f347,a48dbfd1-4869-4d60-9429-713e4684d0eb,->,12acfc45-bdfb-4343-9004-9be15dfd844c,a542b53a-f390-4db2-b142-f574070d138b,e1e8344c-d09d-447b-88c2-685c2c130b6d
12acfc45-bdfb-4343-9004-9be15dfd844c,a51e2ff0-4411-41d8-acaa-a730ac40f347,a48dbfd1-4869-4d60-9429-713e4684d0eb,->,12acfc45-bdfb-4343-9004-9be15dfd844c,server/model/players/Client.java,getX
12acfc45-bdfb-4343-9004-9be15dfd844c,a51e2ff0-4411-41d8-acaa-a730ac40f347,a48dbfd1-4869-4d60-9429-713e4684d0eb,->,12acfc45-bdfb-4343-9004-9be15dfd844c,server/model/players/Client.java,getY
12acfc45-bdfb-4343-9004-9be15dfd844c,a51e2ff0-4411-41d8-acaa-a730ac40f347,a48dbfd1-4869-4d60-9429-713e4684d0eb,->,12acfc45-bdfb-4343-9004-9be15dfd844c,server/model/npcs/NPCHandler.java,spawnNpc
12acfc45-bdfb-4343-9004-9be15dfd844c,a51e2ff0-4411-41d8-acaa-a730ac40f347,a48dbfd1-4869-4d60-9429-713e4684d0eb,->,12acfc45-bdfb-4343-9004-9be15dfd844c,server/model/players/Client.java,sendMessage
12acfc45-bdfb-4343-9004-9be15dfd844c,a51e2ff0-4411-41d8-acaa-a730ac40f347,a48dbfd1-4869-4d60-9429-713e4684d0eb,->,12acfc45-bdfb-4343-9004-9be15dfd844c,server/model/players/Client.java,getPA
12acfc45-bdfb-4343-9004-9be15dfd844c,a51e2ff0-4411-41d8-acaa-a730ac40f347,a48dbfd1-4869-4d60-9429-713e4684d0eb,->,12acfc45-bdfb-4343-9004-9be15dfd844c,991eb2a8-284a-4290-ae08-f54cf8834706,141a66be-744c-48f6-a5c3-9dbea684d0d6
12acfc45-bdfb-4343-9004-9be15dfd844c,a51e2ff0-4411-41d8-acaa-a730ac40f347,a48dbfd1-4869-4d60-9429-713e4684d0eb,->,12acfc45-bdfb-4343-9004-9be15dfd844c,a542b53a-f390-4db2-b142-f574070d138b,e1e8344c-d09d-447b-88c2-685c2c130b6d
12acfc45-bdfb-4343-9004-9be15dfd844c,a51e2ff0-4411-41d8-acaa-a730ac40f347,a48dbfd1-4869-4d60-9429-713e4684d0eb,->,12acfc45-bdfb-4343-9004-9be15dfd844c,server/model/players/Client.java,getX
12acfc45-bdfb-4343-9004-9be15dfd844c,a51e2ff0-4411-41d8-acaa-a730ac40f347,a48dbfd1-4869-4d60-9429-713e4684d0eb,->,12acfc45-bdfb-4343-9004-9be15dfd844c,server/model/players/Client.java,getY
12acfc45-bdfb-4343-9004-9be15dfd844c,a51e2ff0-4411-41d8-acaa-a730ac40f347,a48dbfd1-4869-4d60-9429-713e4684d0eb,->,12acfc45-bdfb-4343-9004-9be15dfd844c,server/model/npcs/NPCHandler.java,spawnNpc
12acfc45-bdfb-4343-9004-9be15dfd844c,a51e2ff0-4411-41d8-acaa-a730ac40f347,a48dbfd1-4869-4d60-9429-713e4684d0eb,->,12acfc45-bdfb-4343-9004-9be15dfd844c,server/model/players/Client.java,sendMessage
12acfc45-bdfb-4343-9004-9be15dfd844c,a51e2ff0-4411-41d8-acaa-a730ac40f347,a48dbfd1-4869-4d60-9429-713e4684d0eb,->,12acfc45-bdfb-4343-9004-9be15dfd844c,server/model/players/Client.java,getPA
12acfc45-bdfb-4343-9004-9be15dfd844c,a51e2ff0-4411-41d8-acaa-a730ac40f347,a48dbfd1-4869-4d60-9429-713e4684d0eb,->,12acfc45-bdfb-4343-9004-9be15dfd844c,991eb2a8-284a-4290-ae08-f54cf8834706,141a66be-744c-48f6-a5c3-9dbea684d0d6
12acfc45-bdfb-4343-9004-9be15dfd844c,a51e2ff0-4411-41d8-acaa-a730ac40f347,a48dbfd1-4869-4d60-9429-713e4684d0eb,->,12acfc45-bdfb-4343-9004-9be15dfd844c,a542b53a-f390-4db2-b142-f574070d138b,e1e8344c-d09d-447b-88c2-685c2c130b6d
12acfc45-bdfb-4343-9004-9be15dfd844c,a51e2ff0-4411-41d8-acaa-a730ac40f347,a48dbfd1-4869-4d60-9429-713e4684d0eb,->,12acfc45-bdfb-4343-9004-9be15dfd844c,server/model/players/Client.java,getX
12acfc45-bdfb-4343-9004-9be15dfd844c,a51e2ff0-4411-41d8-acaa-a730ac40f347,a48dbfd1-4869-4d60-9429-713e4684d0eb,->,12acfc45-bdfb-4343-9004-9be15dfd844c,server/model/players/Client.java,getY
12acfc45-bdfb-4343-9004-9be15dfd844c,a51e2ff0-4411-41d8-acaa-a730ac40f347,a48dbfd1-4869-4d60-9429-713e4684d0eb,->,12acfc45-bdfb-4343-9004-9be15dfd844c,server/model/npcs/NPCHandler.java,spawnNpc
12acfc45-bdfb-4343-9004-9be15dfd844c,a51e2ff0-4411-41d8-acaa-a730ac40f347,a48dbfd1-4869-4d60-9429-713e4684d0eb,->,12acfc45-bdfb-4343-9004-9be15dfd844c,server/model/players/Client.java,sendMessage
12acfc45-bdfb-4343-9004-9be15dfd844c,a51e2ff0-4411-41d8-acaa-a730ac40f347,a48dbfd1-4869-4d60-9429-713e4684d0eb,->,12acfc45-bdfb-4343-9004-9be15dfd844c,server/model/players/Client.java,sendMessage
12acfc45-bdfb-4343-9004-9be15dfd844c,a51e2ff0-4411-41d8-acaa-a730ac40f347,a48dbfd1-4869-4d60-9429-713e4684d0eb,->,12acfc45-bdfb-4343-9004-9be15dfd844c,server/model/players/Client.java,sendMessage
12acfc45-bdfb-4343-9004-9be15dfd844c,a51e2ff0-4411-41d8-acaa-a730ac40f347,a48dbfd1-4869-4d60-9429-713e4684d0eb,->,12acfc45-bdfb-4343-9004-9be15dfd844c,server/model/npcs/NPCHandler.java,spawnNpc
12acfc45-bdfb-4343-9004-9be15dfd844c,a51e2ff0-4411-41d8-acaa-a730ac40f347,a48dbfd1-4869-4d60-9429-713e4684d0eb,->,12acfc45-bdfb-4343-9004-9be15dfd844c,server/model/players/Client.java,getItems
12acfc45-bdfb-4343-9004-9be15dfd844c,a51e2ff0-4411-41d8-acaa-a730ac40f347,a48dbfd1-4869-4d60-9429-713e4684d0eb,->,12acfc45-bdfb-4343-9004-9be15dfd844c,server/model/items/ItemAssistant.java,freeSlots
12acfc45-bdfb-4343-9004-9be15dfd844c,a51e2ff0-4411-41d8-acaa-a730ac40f347,a48dbfd1-4869-4d60-9429-713e4684d0eb,->,12acfc45-bdfb-4343-9004-9be15dfd844c,server/model/players/Client.java,getPA
12acfc45-bdfb-4343-9004-9be15dfd844c,a51e2ff0-4411-41d8-acaa-a730ac40f347,a48dbfd1-4869-4d60-9429-713e4684d0eb,->,12acfc45-bdfb-4343-9004-9be15dfd844c,991eb2a8-284a-4290-ae08-f54cf8834706,2ae06d3a-50ac-4745-b398-b3edd96fd4eb
12acfc45-bdfb-4343-9004-9be15dfd844c,a51e2ff0-4411-41d8-acaa-a730ac40f347,a48dbfd1-4869-4d60-9429-713e4684d0eb,->,12acfc45-bdfb-4343-9004-9be15dfd844c,server/model/players/Client.java,getItems
12acfc45-bdfb-4343-9004-9be15dfd844c,a51e2ff0-4411-41d8-acaa-a730ac40f347,a48dbfd1-4869-4d60-9429-713e4684d0eb,->,12acfc45-bdfb-4343-9004-9be15dfd844c,server/model/players/Client.java,getPA
12acfc45-bdfb-4343-9004-9be15dfd844c,a51e2ff0-4411-41d8-acaa-a730ac40f347,a48dbfd1-4869-4d60-9429-713e4684d0eb,->,12acfc45-bdfb-4343-9004-9be15dfd844c,991eb2a8-284a-4290-ae08-f54cf8834706,3fd6db33-1986-43d9-a323-e0f29a1cc211
12acfc45-bdfb-4343-9004-9be15dfd844c,a51e2ff0-4411-41d8-acaa-a730ac40f347,a48dbfd1-4869-4d60-9429-713e4684d0eb,->,12acfc45-bdfb-4343-9004-9be15dfd844c,2c89cfe4-ed6d-446f-832b-3c203feb3155,12264cea-e176-47b1-b1bb-e3a14dc18d35
12acfc45-bdfb-4343-9004-9be15dfd844c,a51e2ff0-4411-41d8-acaa-a730ac40f347,a48dbfd1-4869-4d60-9429-713e4684d0eb,->,12acfc45-bdfb-4343-9004-9be15dfd844c,server/model/items/ItemAssistant.java,addItem
12acfc45-bdfb-4343-9004-9be15dfd844c,a51e2ff0-4411-41d8-acaa-a730ac40f347,a48dbfd1-4869-4d60-9429-713e4684d0eb,->,12acfc45-bdfb-4343-9004-9be15dfd844c,2c89cfe4-ed6d-446f-832b-3c203feb3155,12264cea-e176-47b1-b1bb-e3a14dc18d35
12acfc45-bdfb-4343-9004-9be15dfd844c,a51e2ff0-4411-41d8-acaa-a730ac40f347,a48dbfd1-4869-4d60-9429-713e4684d0eb,->,12acfc45-bdfb-4343-9004-9be15dfd844c,server/model/players/Client.java,getItems
12acfc45-bdfb-4343-9004-9be15dfd844c,a51e2ff0-4411-41d8-acaa-a730ac40f347,a48dbfd1-4869-4d60-9429-713e4684d0eb,->,12acfc45-bdfb-4343-9004-9be15dfd844c,server/model/players/Client.java,getPA
12acfc45-bdfb-4343-9004-9be15dfd844c,a51e2ff0-4411-41d8-acaa-a730ac40f347,a48dbfd1-4869-4d60-9429-713e4684d0eb,->,12acfc45-bdfb-4343-9004-9be15dfd844c,991eb2a8-284a-4290-ae08-f54cf8834706,9fc3a403-013d-45b6-b0e0-cea229574e8a
12acfc45-bdfb-4343-9004-9be15dfd844c,a51e2ff0-4411-41d8-acaa-a730ac40f347,a48dbfd1-4869-4d60-9429-713e4684d0eb,->,12acfc45-bdfb-4343-9004-9be15dfd844c,server/model/items/ItemAssistant.java,addItem
12acfc45-bdfb-4343-9004-9be15dfd844c,a51e2ff0-4411-41d8-acaa-a730ac40f347,a48dbfd1-4869-4d60-9429-713e4684d0eb,->,12acfc45-bdfb-4343-9004-9be15dfd844c,server/model/players/Client.java,getPA
12acfc45-bdfb-4343-9004-9be15dfd844c,a51e2ff0-4411-41d8-acaa-a730ac40f347,a48dbfd1-4869-4d60-9429-713e4684d0eb,->,12acfc45-bdfb-4343-9004-9be15dfd844c,991eb2a8-284a-4290-ae08-f54cf8834706,ac5a52b5-7320-44a0-9233-853148386f14
12acfc45-bdfb-4343-9004-9be15dfd844c,a51e2ff0-4411-41d8-acaa-a730ac40f347,a48dbfd1-4869-4d60-9429-713e4684d0eb,->,12acfc45-bdfb-4343-9004-9be15dfd844c,server/model/players/Client.java,getItems
12acfc45-bdfb-4343-9004-9be15dfd844c,a51e2ff0-4411-41d8-acaa-a730ac40f347,a48dbfd1-4869-4d60-9429-713e4684d0eb,->,12acfc45-bdfb-4343-9004-9be15dfd844c,server/model/items/ItemAssistant.java,freeSlots
12acfc45-bdfb-4343-9004-9be15dfd844c,a51e2ff0-4411-41d8-acaa-a730ac40f347,a48dbfd1-4869-4d60-9429-713e4684d0eb,->,12acfc45-bdfb-4343-9004-9be15dfd844c,server/model/players/Client.java,sendMessage
12acfc45-bdfb-4343-9004-9be15dfd844c,a51e2ff0-4411-41d8-acaa-a730ac40f347,d3b9dfd1-f6aa-4aec-81c0-5b010a7c6cda,->,12acfc45-bdfb-4343-9004-9be15dfd844c,server/model/players/Client.java,getSmithing
12acfc45-bdfb-4343-9004-9be15dfd844c,a51e2ff0-4411-41d8-acaa-a730ac40f347,d3b9dfd1-f6aa-4aec-81c0-5b010a7c6cda,->,12acfc45-bdfb-4343-9004-9be15dfd844c,server/model/players/skills/Smithing.java,sendSmelting
12acfc45-bdfb-4343-9004-9be15dfd844c,a51e2ff0-4411-41d8-acaa-a730ac40f347,d3b9dfd1-f6aa-4aec-81c0-5b010a7c6cda,->,12acfc45-bdfb-4343-9004-9be15dfd844c,server/model/players/skills/Thieving.java,stealFromStall
12acfc45-bdfb-4343-9004-9be15dfd844c,a51e2ff0-4411-41d8-acaa-a730ac40f347,d3b9dfd1-f6aa-4aec-81c0-5b010a7c6cda,->,12acfc45-bdfb-4343-9004-9be15dfd844c,server/model/players/skills/Thieving.java,stealFromStall
12acfc45-bdfb-4343-9004-9be15dfd844c,a51e2ff0-4411-41d8-acaa-a730ac40f347,d3b9dfd1-f6aa-4aec-81c0-5b010a7c6cda,->,12acfc45-bdfb-4343-9004-9be15dfd844c,server/model/players/skills/Thieving.java,stealFromStall
12acfc45-bdfb-4343-9004-9be15dfd844c,a51e2ff0-4411-41d8-acaa-a730ac40f347,d3b9dfd1-f6aa-4aec-81c0-5b010a7c6cda,->,12acfc45-bdfb-4343-9004-9be15dfd844c,server/model/players/skills/Thieving.java,stealFromStall
12acfc45-bdfb-4343-9004-9be15dfd844c,a51e2ff0-4411-41d8-acaa-a730ac40f347,d3b9dfd1-f6aa-4aec-81c0-5b010a7c6cda,->,12acfc45-bdfb-4343-9004-9be15dfd844c,server/model/players/skills/Thieving.java,stealFromStall
12acfc45-bdfb-4343-9004-9be15dfd844c,a51e2ff0-4411-41d8-acaa-a730ac40f347,d3b9dfd1-f6aa-4aec-81c0-5b010a7c6cda,->,12acfc45-bdfb-4343-9004-9be15dfd844c,server/model/players/skills/Thieving.java,stealFromStall
12acfc45-bdfb-4343-9004-9be15dfd844c,a51e2ff0-4411-41d8-acaa-a730ac40f347,d3b9dfd1-f6aa-4aec-81c0-5b010a7c6cda,->,12acfc45-bdfb-4343-9004-9be15dfd844c,server/model/players/skills/Thieving.java,stealFromStall
12acfc45-bdfb-4343-9004-9be15dfd844c,a51e2ff0-4411-41d8-acaa-a730ac40f347,d3b9dfd1-f6aa-4aec-81c0-5b010a7c6cda,->,12acfc45-bdfb-4343-9004-9be15dfd844c,server/model/players/skills/Thieving.java,stealFromStall
12acfc45-bdfb-4343-9004-9be15dfd844c,a51e2ff0-4411-41d8-acaa-a730ac40f347,d3b9dfd1-f6aa-4aec-81c0-5b010a7c6cda,->,12acfc45-bdfb-4343-9004-9be15dfd844c,4669d03e-c9e2-4709-9382-21f542978b57,02146eb5-9130-41c5-bd65-41c808861179
12acfc45-bdfb-4343-9004-9be15dfd844c,a51e2ff0-4411-41d8-acaa-a730ac40f347,d3b9dfd1-f6aa-4aec-81c0-5b010a7c6cda,->,12acfc45-bdfb-4343-9004-9be15dfd844c,server/model/players/Client.java,getPA
12acfc45-bdfb-4343-9004-9be15dfd844c,a51e2ff0-4411-41d8-acaa-a730ac40f347,d3b9dfd1-f6aa-4aec-81c0-5b010a7c6cda,->,12acfc45-bdfb-4343-9004-9be15dfd844c,991eb2a8-284a-4290-ae08-f54cf8834706,c92a2d90-1bdb-4dce-9e99-abbe1893ccbd
12acfc45-bdfb-4343-9004-9be15dfd844c,a51e2ff0-4411-41d8-acaa-a730ac40f347,107ceded-2d1f-4eb3-8c55-34e4461509b5,->,12acfc45-bdfb-4343-9004-9be15dfd844c,java/lang/StringBuilder.java,append
12acfc45-bdfb-4343-9004-9be15dfd844c,a51e2ff0-4411-41d8-acaa-a730ac40f347,107ceded-2d1f-4eb3-8c55-34e4461509b5,->,12acfc45-bdfb-4343-9004-9be15dfd844c,java/lang/StringBuilder.java,append
12acfc45-bdfb-4343-9004-9be15dfd844c,a51e2ff0-4411-41d8-acaa-a730ac40f347,107ceded-2d1f-4eb3-8c55-34e4461509b5,->,12acfc45-bdfb-4343-9004-9be15dfd844c,java/lang/StringBuilder.java,toString
12acfc45-bdfb-4343-9004-9be15dfd844c,a51e2ff0-4411-41d8-acaa-a730ac40f347,107ceded-2d1f-4eb3-8c55-34e4461509b5,->,12acfc45-bdfb-4343-9004-9be15dfd844c,server/model/players/Client.java,sendMessage
12acfc45-bdfb-4343-9004-9be15dfd844c,a51e2ff0-4411-41d8-acaa-a730ac40f347,107ceded-2d1f-4eb3-8c55-34e4461509b5,->,12acfc45-bdfb-4343-9004-9be15dfd844c,java/lang/StringBuilder.java,append
12acfc45-bdfb-4343-9004-9be15dfd844c,a51e2ff0-4411-41d8-acaa-a730ac40f347,107ceded-2d1f-4eb3-8c55-34e4461509b5,->,12acfc45-bdfb-4343-9004-9be15dfd844c,java/lang/StringBuilder.java,append
12acfc45-bdfb-4343-9004-9be15dfd844c,a51e2ff0-4411-41d8-acaa-a730ac40f347,107ceded-2d1f-4eb3-8c55-34e4461509b5,->,12acfc45-bdfb-4343-9004-9be15dfd844c,java/lang/StringBuilder.java,toString
12acfc45-bdfb-4343-9004-9be15dfd844c,a51e2ff0-4411-41d8-acaa-a730ac40f347,107ceded-2d1f-4eb3-8c55-34e4461509b5,->,12acfc45-bdfb-4343-9004-9be15dfd844c,java/lang/Integer.java,valueOf
12acfc45-bdfb-4343-9004-9be15dfd844c,a51e2ff0-4411-41d8-acaa-a730ac40f347,107ceded-2d1f-4eb3-8c55-34e4461509b5,->,12acfc45-bdfb-4343-9004-9be15dfd844c,java/lang/Integer.java,valueOf
12acfc45-bdfb-4343-9004-9be15dfd844c,a51e2ff0-4411-41d8-acaa-a730ac40f347,107ceded-2d1f-4eb3-8c55-34e4461509b5,->,12acfc45-bdfb-4343-9004-9be15dfd844c,java/lang/Integer.java,valueOf
12acfc45-bdfb-4343-9004-9be15dfd844c,a51e2ff0-4411-41d8-acaa-a730ac40f347,107ceded-2d1f-4eb3-8c55-34e4461509b5,->,12acfc45-bdfb-4343-9004-9be15dfd844c,26b2eec9-5f6d-477d-9382-0da06589235e,2375bfa4-316a-4fb9-a4f6-ac6815e89c16
12acfc45-bdfb-4343-9004-9be15dfd844c,a51e2ff0-4411-41d8-acaa-a730ac40f347,db139400-3802-43d1-96d9-9b15a42be34d,->,12acfc45-bdfb-4343-9004-9be15dfd844c,server/model/players/skills/Fishing.java,fishingNPC
12acfc45-bdfb-4343-9004-9be15dfd844c,a51e2ff0-4411-41d8-acaa-a730ac40f347,db139400-3802-43d1-96d9-9b15a42be34d,->,12acfc45-bdfb-4343-9004-9be15dfd844c,server/model/players/skills/Fishing.java,fishingNPC
12acfc45-bdfb-4343-9004-9be15dfd844c,a51e2ff0-4411-41d8-acaa-a730ac40f347,db139400-3802-43d1-96d9-9b15a42be34d,->,12acfc45-bdfb-4343-9004-9be15dfd844c,server/model/players/Client.java,getDH
12acfc45-bdfb-4343-9004-9be15dfd844c,a51e2ff0-4411-41d8-acaa-a730ac40f347,db139400-3802-43d1-96d9-9b15a42be34d,->,12acfc45-bdfb-4343-9004-9be15dfd844c,5419d182-c704-4099-be43-be6d27b13974,1ed32f44-0391-413d-9721-7a5bd2e25693
12acfc45-bdfb-4343-9004-9be15dfd844c,a51e2ff0-4411-41d8-acaa-a730ac40f347,db139400-3802-43d1-96d9-9b15a42be34d,->,12acfc45-bdfb-4343-9004-9be15dfd844c,server/model/players/Client.java,getShops
12acfc45-bdfb-4343-9004-9be15dfd844c,a51e2ff0-4411-41d8-acaa-a730ac40f347,db139400-3802-43d1-96d9-9b15a42be34d,->,12acfc45-bdfb-4343-9004-9be15dfd844c,server/model/shops/ShopAssistant.java,openShop
12acfc45-bdfb-4343-9004-9be15dfd844c,a51e2ff0-4411-41d8-acaa-a730ac40f347,db139400-3802-43d1-96d9-9b15a42be34d,->,12acfc45-bdfb-4343-9004-9be15dfd844c,server/model/players/Client.java,getShops
12acfc45-bdfb-4343-9004-9be15dfd844c,a51e2ff0-4411-41d8-acaa-a730ac40f347,db139400-3802-43d1-96d9-9b15a42be34d,->,12acfc45-bdfb-4343-9004-9be15dfd844c,server/model/shops/ShopAssistant.java,openShop
12acfc45-bdfb-4343-9004-9be15dfd844c,a51e2ff0-4411-41d8-acaa-a730ac40f347,db139400-3802-43d1-96d9-9b15a42be34d,->,12acfc45-bdfb-4343-9004-9be15dfd844c,server/model/players/Client.java,getShops
12acfc45-bdfb-4343-9004-9be15dfd844c,a51e2ff0-4411-41d8-acaa-a730ac40f347,db139400-3802-43d1-96d9-9b15a42be34d,->,12acfc45-bdfb-4343-9004-9be15dfd844c,server/model/shops/ShopAssistant.java,openShop
12acfc45-bdfb-4343-9004-9be15dfd844c,a51e2ff0-4411-41d8-acaa-a730ac40f347,db139400-3802-43d1-96d9-9b15a42be34d,->,12acfc45-bdfb-4343-9004-9be15dfd844c,server/model/players/Client.java,getShops
12acfc45-bdfb-4343-9004-9be15dfd844c,a51e2ff0-4411-41d8-acaa-a730ac40f347,db139400-3802-43d1-96d9-9b15a42be34d,->,12acfc45-bdfb-4343-9004-9be15dfd844c,server/model/shops/ShopAssistant.java,openShop
12acfc45-bdfb-4343-9004-9be15dfd844c,a51e2ff0-4411-41d8-acaa-a730ac40f347,db139400-3802-43d1-96d9-9b15a42be34d,->,12acfc45-bdfb-4343-9004-9be15dfd844c,server/model/players/Client.java,getShops
12acfc45-bdfb-4343-9004-9be15dfd844c,a51e2ff0-4411-41d8-acaa-a730ac40f347,db139400-3802-43d1-96d9-9b15a42be34d,->,12acfc45-bdfb-4343-9004-9be15dfd844c,server/model/shops/ShopAssistant.java,openShop
12acfc45-bdfb-4343-9004-9be15dfd844c,a51e2ff0-4411-41d8-acaa-a730ac40f347,db139400-3802-43d1-96d9-9b15a42be34d,->,12acfc45-bdfb-4343-9004-9be15dfd844c,server/model/players/Client.java,getShops
12acfc45-bdfb-4343-9004-9be15dfd844c,a51e2ff0-4411-41d8-acaa-a730ac40f347,db139400-3802-43d1-96d9-9b15a42be34d,->,12acfc45-bdfb-4343-9004-9be15dfd844c,server/model/shops/ShopAssistant.java,openShop
12acfc45-bdfb-4343-9004-9be15dfd844c,a51e2ff0-4411-41d8-acaa-a730ac40f347,db139400-3802-43d1-96d9-9b15a42be34d,->,12acfc45-bdfb-4343-9004-9be15dfd844c,server/model/players/Client.java,getShops
12acfc45-bdfb-4343-9004-9be15dfd844c,a51e2ff0-4411-41d8-acaa-a730ac40f347,db139400-3802-43d1-96d9-9b15a42be34d,->,12acfc45-bdfb-4343-9004-9be15dfd844c,server/model/shops/ShopAssistant.java,openShop
12acfc45-bdfb-4343-9004-9be15dfd844c,a51e2ff0-4411-41d8-acaa-a730ac40f347,db139400-3802-43d1-96d9-9b15a42be34d,->,12acfc45-bdfb-4343-9004-9be15dfd844c,server/model/players/Client.java,getShops
12acfc45-bdfb-4343-9004-9be15dfd844c,a51e2ff0-4411-41d8-acaa-a730ac40f347,db139400-3802-43d1-96d9-9b15a42be34d,->,12acfc45-bdfb-4343-9004-9be15dfd844c,server/model/shops/ShopAssistant.java,openShop
12acfc45-bdfb-4343-9004-9be15dfd844c,a51e2ff0-4411-41d8-acaa-a730ac40f347,db139400-3802-43d1-96d9-9b15a42be34d,->,12acfc45-bdfb-4343-9004-9be15dfd844c,server/model/players/Client.java,getShops
12acfc45-bdfb-4343-9004-9be15dfd844c,a51e2ff0-4411-41d8-acaa-a730ac40f347,db139400-3802-43d1-96d9-9b15a42be34d,->,12acfc45-bdfb-4343-9004-9be15dfd844c,server/model/shops/ShopAssistant.java,openShop
12acfc45-bdfb-4343-9004-9be15dfd844c,a51e2ff0-4411-41d8-acaa-a730ac40f347,db139400-3802-43d1-96d9-9b15a42be34d,->,12acfc45-bdfb-4343-9004-9be15dfd844c,server/model/players/Client.java,getShops
12acfc45-bdfb-4343-9004-9be15dfd844c,a51e2ff0-4411-41d8-acaa-a730ac40f347,db139400-3802-43d1-96d9-9b15a42be34d,->,12acfc45-bdfb-4343-9004-9be15dfd844c,server/model/shops/ShopAssistant.java,openShop
12acfc45-bdfb-4343-9004-9be15dfd844c,a51e2ff0-4411-41d8-acaa-a730ac40f347,db139400-3802-43d1-96d9-9b15a42be34d,->,12acfc45-bdfb-4343-9004-9be15dfd844c,server/model/players/Client.java,getShops
12acfc45-bdfb-4343-9004-9be15dfd844c,a51e2ff0-4411-41d8-acaa-a730ac40f347,db139400-3802-43d1-96d9-9b15a42be34d,->,12acfc45-bdfb-4343-9004-9be15dfd844c,server/model/shops/ShopAssistant.java,openShop
12acfc45-bdfb-4343-9004-9be15dfd844c,a51e2ff0-4411-41d8-acaa-a730ac40f347,db139400-3802-43d1-96d9-9b15a42be34d,->,12acfc45-bdfb-4343-9004-9be15dfd844c,server/model/players/Client.java,getShops
12acfc45-bdfb-4343-9004-9be15dfd844c,a51e2ff0-4411-41d8-acaa-a730ac40f347,db139400-3802-43d1-96d9-9b15a42be34d,->,12acfc45-bdfb-4343-9004-9be15dfd844c,server/model/shops/ShopAssistant.java,openShop
12acfc45-bdfb-4343-9004-9be15dfd844c,a51e2ff0-4411-41d8-acaa-a730ac40f347,db139400-3802-43d1-96d9-9b15a42be34d,->,12acfc45-bdfb-4343-9004-9be15dfd844c,server/model/players/Client.java,getShops
12acfc45-bdfb-4343-9004-9be15dfd844c,a51e2ff0-4411-41d8-acaa-a730ac40f347,db139400-3802-43d1-96d9-9b15a42be34d,->,12acfc45-bdfb-4343-9004-9be15dfd844c,server/model/shops/ShopAssistant.java,openShop
12acfc45-bdfb-4343-9004-9be15dfd844c,a51e2ff0-4411-41d8-acaa-a730ac40f347,db139400-3802-43d1-96d9-9b15a42be34d,->,12acfc45-bdfb-4343-9004-9be15dfd844c,server/model/players/Client.java,getShops
12acfc45-bdfb-4343-9004-9be15dfd844c,a51e2ff0-4411-41d8-acaa-a730ac40f347,db139400-3802-43d1-96d9-9b15a42be34d,->,12acfc45-bdfb-4343-9004-9be15dfd844c,server/model/shops/ShopAssistant.java,openShop
12acfc45-bdfb-4343-9004-9be15dfd844c,a51e2ff0-4411-41d8-acaa-a730ac40f347,db139400-3802-43d1-96d9-9b15a42be34d,->,12acfc45-bdfb-4343-9004-9be15dfd844c,server/model/players/Client.java,getShops
12acfc45-bdfb-4343-9004-9be15dfd844c,a51e2ff0-4411-41d8-acaa-a730ac40f347,db139400-3802-43d1-96d9-9b15a42be34d,->,12acfc45-bdfb-4343-9004-9be15dfd844c,server/model/shops/ShopAssistant.java,openShop
12acfc45-bdfb-4343-9004-9be15dfd844c,a51e2ff0-4411-41d8-acaa-a730ac40f347,db139400-3802-43d1-96d9-9b15a42be34d,->,12acfc45-bdfb-4343-9004-9be15dfd844c,server/model/players/Client.java,getShops
12acfc45-bdfb-4343-9004-9be15dfd844c,a51e2ff0-4411-41d8-acaa-a730ac40f347,db139400-3802-43d1-96d9-9b15a42be34d,->,12acfc45-bdfb-4343-9004-9be15dfd844c,server/model/shops/ShopAssistant.java,openShop
12acfc45-bdfb-4343-9004-9be15dfd844c,a51e2ff0-4411-41d8-acaa-a730ac40f347,db139400-3802-43d1-96d9-9b15a42be34d,->,12acfc45-bdfb-4343-9004-9be15dfd844c,server/model/players/Client.java,getShops
12acfc45-bdfb-4343-9004-9be15dfd844c,a51e2ff0-4411-41d8-acaa-a730ac40f347,db139400-3802-43d1-96d9-9b15a42be34d,->,12acfc45-bdfb-4343-9004-9be15dfd844c,server/model/shops/ShopAssistant.java,openShop
12acfc45-bdfb-4343-9004-9be15dfd844c,a51e2ff0-4411-41d8-acaa-a730ac40f347,db139400-3802-43d1-96d9-9b15a42be34d,->,12acfc45-bdfb-4343-9004-9be15dfd844c,server/model/players/Client.java,getShops
12acfc45-bdfb-4343-9004-9be15dfd844c,a51e2ff0-4411-41d8-acaa-a730ac40f347,db139400-3802-43d1-96d9-9b15a42be34d,->,12acfc45-bdfb-4343-9004-9be15dfd844c,server/model/shops/ShopAssistant.java,openShop
12acfc45-bdfb-4343-9004-9be15dfd844c,a51e2ff0-4411-41d8-acaa-a730ac40f347,db139400-3802-43d1-96d9-9b15a42be34d,->,12acfc45-bdfb-4343-9004-9be15dfd844c,server/model/players/Client.java,getShops
12acfc45-bdfb-4343-9004-9be15dfd844c,a51e2ff0-4411-41d8-acaa-a730ac40f347,db139400-3802-43d1-96d9-9b15a42be34d,->,12acfc45-bdfb-4343-9004-9be15dfd844c,server/model/shops/ShopAssistant.java,openShop
12acfc45-bdfb-4343-9004-9be15dfd844c,a51e2ff0-4411-41d8-acaa-a730ac40f347,db139400-3802-43d1-96d9-9b15a42be34d,->,12acfc45-bdfb-4343-9004-9be15dfd844c,server/model/players/Client.java,getShops
12acfc45-bdfb-4343-9004-9be15dfd844c,a51e2ff0-4411-41d8-acaa-a730ac40f347,db139400-3802-43d1-96d9-9b15a42be34d,->,12acfc45-bdfb-4343-9004-9be15dfd844c,server/model/shops/ShopAssistant.java,openShop
12acfc45-bdfb-4343-9004-9be15dfd844c,a51e2ff0-4411-41d8-acaa-a730ac40f347,db139400-3802-43d1-96d9-9b15a42be34d,->,12acfc45-bdfb-4343-9004-9be15dfd844c,server/model/players/Client.java,getShops
12acfc45-bdfb-4343-9004-9be15dfd844c,a51e2ff0-4411-41d8-acaa-a730ac40f347,db139400-3802-43d1-96d9-9b15a42be34d,->,12acfc45-bdfb-4343-9004-9be15dfd844c,server/model/shops/ShopAssistant.java,openShop
12acfc45-bdfb-4343-9004-9be15dfd844c,a51e2ff0-4411-41d8-acaa-a730ac40f347,db139400-3802-43d1-96d9-9b15a42be34d,->,12acfc45-bdfb-4343-9004-9be15dfd844c,server/model/players/Client.java,getShops
12acfc45-bdfb-4343-9004-9be15dfd844c,a51e2ff0-4411-41d8-acaa-a730ac40f347,db139400-3802-43d1-96d9-9b15a42be34d,->,12acfc45-bdfb-4343-9004-9be15dfd844c,server/model/shops/ShopAssistant.java,openShop
12acfc45-bdfb-4343-9004-9be15dfd844c,a51e2ff0-4411-41d8-acaa-a730ac40f347,db139400-3802-43d1-96d9-9b15a42be34d,->,12acfc45-bdfb-4343-9004-9be15dfd844c,server/model/players/Client.java,getShops
12acfc45-bdfb-4343-9004-9be15dfd844c,a51e2ff0-4411-41d8-acaa-a730ac40f347,db139400-3802-43d1-96d9-9b15a42be34d,->,12acfc45-bdfb-4343-9004-9be15dfd844c,server/model/shops/ShopAssistant.java,openShop
12acfc45-bdfb-4343-9004-9be15dfd844c,a51e2ff0-4411-41d8-acaa-a730ac40f347,db139400-3802-43d1-96d9-9b15a42be34d,->,12acfc45-bdfb-4343-9004-9be15dfd844c,server/model/players/Client.java,getShops
12acfc45-bdfb-4343-9004-9be15dfd844c,a51e2ff0-4411-41d8-acaa-a730ac40f347,db139400-3802-43d1-96d9-9b15a42be34d,->,12acfc45-bdfb-4343-9004-9be15dfd844c,server/model/shops/ShopAssistant.java,openShop
12acfc45-bdfb-4343-9004-9be15dfd844c,a51e2ff0-4411-41d8-acaa-a730ac40f347,db139400-3802-43d1-96d9-9b15a42be34d,->,12acfc45-bdfb-4343-9004-9be15dfd844c,server/model/players/Client.java,getShops
12acfc45-bdfb-4343-9004-9be15dfd844c,a51e2ff0-4411-41d8-acaa-a730ac40f347,db139400-3802-43d1-96d9-9b15a42be34d,->,12acfc45-bdfb-4343-9004-9be15dfd844c,server/model/shops/ShopAssistant.java,openShop
12acfc45-bdfb-4343-9004-9be15dfd844c,a51e2ff0-4411-41d8-acaa-a730ac40f347,db139400-3802-43d1-96d9-9b15a42be34d,->,12acfc45-bdfb-4343-9004-9be15dfd844c,server/model/players/Client.java,getShops
12acfc45-bdfb-4343-9004-9be15dfd844c,a51e2ff0-4411-41d8-acaa-a730ac40f347,db139400-3802-43d1-96d9-9b15a42be34d,->,12acfc45-bdfb-4343-9004-9be15dfd844c,server/model/shops/ShopAssistant.java,openShop
12acfc45-bdfb-4343-9004-9be15dfd844c,a51e2ff0-4411-41d8-acaa-a730ac40f347,db139400-3802-43d1-96d9-9b15a42be34d,->,12acfc45-bdfb-4343-9004-9be15dfd844c,server/model/players/Client.java,getShops
12acfc45-bdfb-4343-9004-9be15dfd844c,a51e2ff0-4411-41d8-acaa-a730ac40f347,db139400-3802-43d1-96d9-9b15a42be34d,->,12acfc45-bdfb-4343-9004-9be15dfd844c,server/model/shops/ShopAssistant.java,openShop
12acfc45-bdfb-4343-9004-9be15dfd844c,a51e2ff0-4411-41d8-acaa-a730ac40f347,db139400-3802-43d1-96d9-9b15a42be34d,->,12acfc45-bdfb-4343-9004-9be15dfd844c,server/model/players/Client.java,getShops
12acfc45-bdfb-4343-9004-9be15dfd844c,a51e2ff0-4411-41d8-acaa-a730ac40f347,db139400-3802-43d1-96d9-9b15a42be34d,->,12acfc45-bdfb-4343-9004-9be15dfd844c,server/model/shops/ShopAssistant.java,openShop
12acfc45-bdfb-4343-9004-9be15dfd844c,a51e2ff0-4411-41d8-acaa-a730ac40f347,db139400-3802-43d1-96d9-9b15a42be34d,->,12acfc45-bdfb-4343-9004-9be15dfd844c,server/model/players/Client.java,getShops
12acfc45-bdfb-4343-9004-9be15dfd844c,a51e2ff0-4411-41d8-acaa-a730ac40f347,db139400-3802-43d1-96d9-9b15a42be34d,->,12acfc45-bdfb-4343-9004-9be15dfd844c,server/model/shops/ShopAssistant.java,openShop
12acfc45-bdfb-4343-9004-9be15dfd844c,a51e2ff0-4411-41d8-acaa-a730ac40f347,db139400-3802-43d1-96d9-9b15a42be34d,->,12acfc45-bdfb-4343-9004-9be15dfd844c,server/model/players/Client.java,getShops
12acfc45-bdfb-4343-9004-9be15dfd844c,a51e2ff0-4411-41d8-acaa-a730ac40f347,db139400-3802-43d1-96d9-9b15a42be34d,->,12acfc45-bdfb-4343-9004-9be15dfd844c,server/model/shops/ShopAssistant.java,openShop
12acfc45-bdfb-4343-9004-9be15dfd844c,a51e2ff0-4411-41d8-acaa-a730ac40f347,db139400-3802-43d1-96d9-9b15a42be34d,->,12acfc45-bdfb-4343-9004-9be15dfd844c,server/model/players/Client.java,getShops
12acfc45-bdfb-4343-9004-9be15dfd844c,a51e2ff0-4411-41d8-acaa-a730ac40f347,db139400-3802-43d1-96d9-9b15a42be34d,->,12acfc45-bdfb-4343-9004-9be15dfd844c,server/model/shops/ShopAssistant.java,openShop
12acfc45-bdfb-4343-9004-9be15dfd844c,a51e2ff0-4411-41d8-acaa-a730ac40f347,db139400-3802-43d1-96d9-9b15a42be34d,->,12acfc45-bdfb-4343-9004-9be15dfd844c,server/model/players/Client.java,getShops
12acfc45-bdfb-4343-9004-9be15dfd844c,a51e2ff0-4411-41d8-acaa-a730ac40f347,db139400-3802-43d1-96d9-9b15a42be34d,->,12acfc45-bdfb-4343-9004-9be15dfd844c,server/model/shops/ShopAssistant.java,openShop
12acfc45-bdfb-4343-9004-9be15dfd844c,a51e2ff0-4411-41d8-acaa-a730ac40f347,db139400-3802-43d1-96d9-9b15a42be34d,->,12acfc45-bdfb-4343-9004-9be15dfd844c,server/model/players/Client.java,getShops
12acfc45-bdfb-4343-9004-9be15dfd844c,a51e2ff0-4411-41d8-acaa-a730ac40f347,db139400-3802-43d1-96d9-9b15a42be34d,->,12acfc45-bdfb-4343-9004-9be15dfd844c,server/model/shops/ShopAssistant.java,openShop
12acfc45-bdfb-4343-9004-9be15dfd844c,a51e2ff0-4411-41d8-acaa-a730ac40f347,db139400-3802-43d1-96d9-9b15a42be34d,->,12acfc45-bdfb-4343-9004-9be15dfd844c,server/model/players/Client.java,getShops
12acfc45-bdfb-4343-9004-9be15dfd844c,a51e2ff0-4411-41d8-acaa-a730ac40f347,db139400-3802-43d1-96d9-9b15a42be34d,->,12acfc45-bdfb-4343-9004-9be15dfd844c,server/model/shops/ShopAssistant.java,openShop
12acfc45-bdfb-4343-9004-9be15dfd844c,a51e2ff0-4411-41d8-acaa-a730ac40f347,db139400-3802-43d1-96d9-9b15a42be34d,->,12acfc45-bdfb-4343-9004-9be15dfd844c,server/model/players/Client.java,getShops
12acfc45-bdfb-4343-9004-9be15dfd844c,a51e2ff0-4411-41d8-acaa-a730ac40f347,db139400-3802-43d1-96d9-9b15a42be34d,->,12acfc45-bdfb-4343-9004-9be15dfd844c,server/model/shops/ShopAssistant.java,openShop
12acfc45-bdfb-4343-9004-9be15dfd844c,a51e2ff0-4411-41d8-acaa-a730ac40f347,db139400-3802-43d1-96d9-9b15a42be34d,->,12acfc45-bdfb-4343-9004-9be15dfd844c,server/model/players/Client.java,getShops
12acfc45-bdfb-4343-9004-9be15dfd844c,a51e2ff0-4411-41d8-acaa-a730ac40f347,db139400-3802-43d1-96d9-9b15a42be34d,->,12acfc45-bdfb-4343-9004-9be15dfd844c,server/model/shops/ShopAssistant.java,openShop
12acfc45-bdfb-4343-9004-9be15dfd844c,a51e2ff0-4411-41d8-acaa-a730ac40f347,db139400-3802-43d1-96d9-9b15a42be34d,->,12acfc45-bdfb-4343-9004-9be15dfd844c,server/model/players/Client.java,getShops
12acfc45-bdfb-4343-9004-9be15dfd844c,a51e2ff0-4411-41d8-acaa-a730ac40f347,db139400-3802-43d1-96d9-9b15a42be34d,->,12acfc45-bdfb-4343-9004-9be15dfd844c,server/model/shops/ShopAssistant.java,openShop
12acfc45-bdfb-4343-9004-9be15dfd844c,a51e2ff0-4411-41d8-acaa-a730ac40f347,db139400-3802-43d1-96d9-9b15a42be34d,->,12acfc45-bdfb-4343-9004-9be15dfd844c,server/model/players/Client.java,getShops
12acfc45-bdfb-4343-9004-9be15dfd844c,a51e2ff0-4411-41d8-acaa-a730ac40f347,db139400-3802-43d1-96d9-9b15a42be34d,->,12acfc45-bdfb-4343-9004-9be15dfd844c,server/model/shops/ShopAssistant.java,openShop
12acfc45-bdfb-4343-9004-9be15dfd844c,a51e2ff0-4411-41d8-acaa-a730ac40f347,db139400-3802-43d1-96d9-9b15a42be34d,->,12acfc45-bdfb-4343-9004-9be15dfd844c,server/model/players/Client.java,getShops
12acfc45-bdfb-4343-9004-9be15dfd844c,a51e2ff0-4411-41d8-acaa-a730ac40f347,db139400-3802-43d1-96d9-9b15a42be34d,->,12acfc45-bdfb-4343-9004-9be15dfd844c,server/model/shops/ShopAssistant.java,openShop
12acfc45-bdfb-4343-9004-9be15dfd844c,a51e2ff0-4411-41d8-acaa-a730ac40f347,db139400-3802-43d1-96d9-9b15a42be34d,->,12acfc45-bdfb-4343-9004-9be15dfd844c,server/model/players/Client.java,getShops
12acfc45-bdfb-4343-9004-9be15dfd844c,a51e2ff0-4411-41d8-acaa-a730ac40f347,db139400-3802-43d1-96d9-9b15a42be34d,->,12acfc45-bdfb-4343-9004-9be15dfd844c,server/model/shops/ShopAssistant.java,openShop
12acfc45-bdfb-4343-9004-9be15dfd844c,a51e2ff0-4411-41d8-acaa-a730ac40f347,db139400-3802-43d1-96d9-9b15a42be34d,->,12acfc45-bdfb-4343-9004-9be15dfd844c,server/model/players/Client.java,getShops
12acfc45-bdfb-4343-9004-9be15dfd844c,a51e2ff0-4411-41d8-acaa-a730ac40f347,db139400-3802-43d1-96d9-9b15a42be34d,->,12acfc45-bdfb-4343-9004-9be15dfd844c,server/model/shops/ShopAssistant.java,openShop
12acfc45-bdfb-4343-9004-9be15dfd844c,a51e2ff0-4411-41d8-acaa-a730ac40f347,db139400-3802-43d1-96d9-9b15a42be34d,->,12acfc45-bdfb-4343-9004-9be15dfd844c,server/model/players/Client.java,getShops
12acfc45-bdfb-4343-9004-9be15dfd844c,a51e2ff0-4411-41d8-acaa-a730ac40f347,db139400-3802-43d1-96d9-9b15a42be34d,->,12acfc45-bdfb-4343-9004-9be15dfd844c,server/model/shops/ShopAssistant.java,openShop
12acfc45-bdfb-4343-9004-9be15dfd844c,a51e2ff0-4411-41d8-acaa-a730ac40f347,db139400-3802-43d1-96d9-9b15a42be34d,->,12acfc45-bdfb-4343-9004-9be15dfd844c,server/model/players/Client.java,getShops
12acfc45-bdfb-4343-9004-9be15dfd844c,a51e2ff0-4411-41d8-acaa-a730ac40f347,db139400-3802-43d1-96d9-9b15a42be34d,->,12acfc45-bdfb-4343-9004-9be15dfd844c,server/model/shops/ShopAssistant.java,openShop
12acfc45-bdfb-4343-9004-9be15dfd844c,a51e2ff0-4411-41d8-acaa-a730ac40f347,db139400-3802-43d1-96d9-9b15a42be34d,->,12acfc45-bdfb-4343-9004-9be15dfd844c,server/model/players/Client.java,getShops
12acfc45-bdfb-4343-9004-9be15dfd844c,a51e2ff0-4411-41d8-acaa-a730ac40f347,db139400-3802-43d1-96d9-9b15a42be34d,->,12acfc45-bdfb-4343-9004-9be15dfd844c,server/model/shops/ShopAssistant.java,openShop
12acfc45-bdfb-4343-9004-9be15dfd844c,a51e2ff0-4411-41d8-acaa-a730ac40f347,db139400-3802-43d1-96d9-9b15a42be34d,->,12acfc45-bdfb-4343-9004-9be15dfd844c,server/model/players/Client.java,getShops
12acfc45-bdfb-4343-9004-9be15dfd844c,a51e2ff0-4411-41d8-acaa-a730ac40f347,db139400-3802-43d1-96d9-9b15a42be34d,->,12acfc45-bdfb-4343-9004-9be15dfd844c,server/model/shops/ShopAssistant.java,openShop
12acfc45-bdfb-4343-9004-9be15dfd844c,a51e2ff0-4411-41d8-acaa-a730ac40f347,db139400-3802-43d1-96d9-9b15a42be34d,->,12acfc45-bdfb-4343-9004-9be15dfd844c,server/model/players/Client.java,getShops
12acfc45-bdfb-4343-9004-9be15dfd844c,a51e2ff0-4411-41d8-acaa-a730ac40f347,db139400-3802-43d1-96d9-9b15a42be34d,->,12acfc45-bdfb-4343-9004-9be15dfd844c,server/model/shops/ShopAssistant.java,openShop
12acfc45-bdfb-4343-9004-9be15dfd844c,a51e2ff0-4411-41d8-acaa-a730ac40f347,db139400-3802-43d1-96d9-9b15a42be34d,->,12acfc45-bdfb-4343-9004-9be15dfd844c,server/model/players/Client.java,getShops
12acfc45-bdfb-4343-9004-9be15dfd844c,a51e2ff0-4411-41d8-acaa-a730ac40f347,db139400-3802-43d1-96d9-9b15a42be34d,->,12acfc45-bdfb-4343-9004-9be15dfd844c,server/model/shops/ShopAssistant.java,openShop
12acfc45-bdfb-4343-9004-9be15dfd844c,a51e2ff0-4411-41d8-acaa-a730ac40f347,db139400-3802-43d1-96d9-9b15a42be34d,->,12acfc45-bdfb-4343-9004-9be15dfd844c,server/model/players/Client.java,getShops
12acfc45-bdfb-4343-9004-9be15dfd844c,a51e2ff0-4411-41d8-acaa-a730ac40f347,db139400-3802-43d1-96d9-9b15a42be34d,->,12acfc45-bdfb-4343-9004-9be15dfd844c,server/model/shops/ShopAssistant.java,openShop
12acfc45-bdfb-4343-9004-9be15dfd844c,a51e2ff0-4411-41d8-acaa-a730ac40f347,db139400-3802-43d1-96d9-9b15a42be34d,->,12acfc45-bdfb-4343-9004-9be15dfd844c,server/model/players/Client.java,getShops
12acfc45-bdfb-4343-9004-9be15dfd844c,a51e2ff0-4411-41d8-acaa-a730ac40f347,db139400-3802-43d1-96d9-9b15a42be34d,->,12acfc45-bdfb-4343-9004-9be15dfd844c,server/model/shops/ShopAssistant.java,openShop
12acfc45-bdfb-4343-9004-9be15dfd844c,a51e2ff0-4411-41d8-acaa-a730ac40f347,db139400-3802-43d1-96d9-9b15a42be34d,->,12acfc45-bdfb-4343-9004-9be15dfd844c,server/model/players/Client.java,getShops
12acfc45-bdfb-4343-9004-9be15dfd844c,a51e2ff0-4411-41d8-acaa-a730ac40f347,db139400-3802-43d1-96d9-9b15a42be34d,->,12acfc45-bdfb-4343-9004-9be15dfd844c,server/model/shops/ShopAssistant.java,openShop
12acfc45-bdfb-4343-9004-9be15dfd844c,a51e2ff0-4411-41d8-acaa-a730ac40f347,db139400-3802-43d1-96d9-9b15a42be34d,->,12acfc45-bdfb-4343-9004-9be15dfd844c,server/model/players/Client.java,getShops
12acfc45-bdfb-4343-9004-9be15dfd844c,a51e2ff0-4411-41d8-acaa-a730ac40f347,db139400-3802-43d1-96d9-9b15a42be34d,->,12acfc45-bdfb-4343-9004-9be15dfd844c,server/model/shops/ShopAssistant.java,openShop
12acfc45-bdfb-4343-9004-9be15dfd844c,a51e2ff0-4411-41d8-acaa-a730ac40f347,db139400-3802-43d1-96d9-9b15a42be34d,->,12acfc45-bdfb-4343-9004-9be15dfd844c,server/model/players/Client.java,getShops
12acfc45-bdfb-4343-9004-9be15dfd844c,a51e2ff0-4411-41d8-acaa-a730ac40f347,db139400-3802-43d1-96d9-9b15a42be34d,->,12acfc45-bdfb-4343-9004-9be15dfd844c,server/model/shops/ShopAssistant.java,openShop
12acfc45-bdfb-4343-9004-9be15dfd844c,a51e2ff0-4411-41d8-acaa-a730ac40f347,db139400-3802-43d1-96d9-9b15a42be34d,->,12acfc45-bdfb-4343-9004-9be15dfd844c,server/model/players/Client.java,getShops
12acfc45-bdfb-4343-9004-9be15dfd844c,a51e2ff0-4411-41d8-acaa-a730ac40f347,db139400-3802-43d1-96d9-9b15a42be34d,->,12acfc45-bdfb-4343-9004-9be15dfd844c,server/model/shops/ShopAssistant.java,openShop
12acfc45-bdfb-4343-9004-9be15dfd844c,a51e2ff0-4411-41d8-acaa-a730ac40f347,db139400-3802-43d1-96d9-9b15a42be34d,->,12acfc45-bdfb-4343-9004-9be15dfd844c,server/model/players/Client.java,getPA
12acfc45-bdfb-4343-9004-9be15dfd844c,a51e2ff0-4411-41d8-acaa-a730ac40f347,db139400-3802-43d1-96d9-9b15a42be34d,->,12acfc45-bdfb-4343-9004-9be15dfd844c,991eb2a8-284a-4290-ae08-f54cf8834706,ac5a52b5-7320-44a0-9233-853148386f14
12acfc45-bdfb-4343-9004-9be15dfd844c,a51e2ff0-4411-41d8-acaa-a730ac40f347,db139400-3802-43d1-96d9-9b15a42be34d,->,12acfc45-bdfb-4343-9004-9be15dfd844c,server/model/players/Client.java,getShops
12acfc45-bdfb-4343-9004-9be15dfd844c,a51e2ff0-4411-41d8-acaa-a730ac40f347,db139400-3802-43d1-96d9-9b15a42be34d,->,12acfc45-bdfb-4343-9004-9be15dfd844c,server/model/shops/ShopAssistant.java,openShop
12acfc45-bdfb-4343-9004-9be15dfd844c,a51e2ff0-4411-41d8-acaa-a730ac40f347,db139400-3802-43d1-96d9-9b15a42be34d,->,12acfc45-bdfb-4343-9004-9be15dfd844c,server/model/players/Client.java,getShops
12acfc45-bdfb-4343-9004-9be15dfd844c,a51e2ff0-4411-41d8-acaa-a730ac40f347,db139400-3802-43d1-96d9-9b15a42be34d,->,12acfc45-bdfb-4343-9004-9be15dfd844c,server/model/shops/ShopAssistant.java,openShop
12acfc45-bdfb-4343-9004-9be15dfd844c,a51e2ff0-4411-41d8-acaa-a730ac40f347,db139400-3802-43d1-96d9-9b15a42be34d,->,12acfc45-bdfb-4343-9004-9be15dfd844c,server/model/players/Client.java,getShops
12acfc45-bdfb-4343-9004-9be15dfd844c,a51e2ff0-4411-41d8-acaa-a730ac40f347,db139400-3802-43d1-96d9-9b15a42be34d,->,12acfc45-bdfb-4343-9004-9be15dfd844c,server/model/shops/ShopAssistant.java,openShop
12acfc45-bdfb-4343-9004-9be15dfd844c,a51e2ff0-4411-41d8-acaa-a730ac40f347,db139400-3802-43d1-96d9-9b15a42be34d,->,12acfc45-bdfb-4343-9004-9be15dfd844c,server/model/players/Client.java,getShops
12acfc45-bdfb-4343-9004-9be15dfd844c,a51e2ff0-4411-41d8-acaa-a730ac40f347,db139400-3802-43d1-96d9-9b15a42be34d,->,12acfc45-bdfb-4343-9004-9be15dfd844c,server/model/shops/ShopAssistant.java,openShop
12acfc45-bdfb-4343-9004-9be15dfd844c,a51e2ff0-4411-41d8-acaa-a730ac40f347,db139400-3802-43d1-96d9-9b15a42be34d,->,12acfc45-bdfb-4343-9004-9be15dfd844c,server/model/players/Client.java,getShops
12acfc45-bdfb-4343-9004-9be15dfd844c,a51e2ff0-4411-41d8-acaa-a730ac40f347,db139400-3802-43d1-96d9-9b15a42be34d,->,12acfc45-bdfb-4343-9004-9be15dfd844c,server/model/shops/ShopAssistant.java,openShop
12acfc45-bdfb-4343-9004-9be15dfd844c,a51e2ff0-4411-41d8-acaa-a730ac40f347,db139400-3802-43d1-96d9-9b15a42be34d,->,12acfc45-bdfb-4343-9004-9be15dfd844c,server/model/players/Client.java,getShops
12acfc45-bdfb-4343-9004-9be15dfd844c,a51e2ff0-4411-41d8-acaa-a730ac40f347,db139400-3802-43d1-96d9-9b15a42be34d,->,12acfc45-bdfb-4343-9004-9be15dfd844c,server/model/shops/ShopAssistant.java,openShop
12acfc45-bdfb-4343-9004-9be15dfd844c,a51e2ff0-4411-41d8-acaa-a730ac40f347,db139400-3802-43d1-96d9-9b15a42be34d,->,12acfc45-bdfb-4343-9004-9be15dfd844c,server/model/players/Client.java,getShops
12acfc45-bdfb-4343-9004-9be15dfd844c,a51e2ff0-4411-41d8-acaa-a730ac40f347,db139400-3802-43d1-96d9-9b15a42be34d,->,12acfc45-bdfb-4343-9004-9be15dfd844c,server/model/shops/ShopAssistant.java,openShop
12acfc45-bdfb-4343-9004-9be15dfd844c,a51e2ff0-4411-41d8-acaa-a730ac40f347,db139400-3802-43d1-96d9-9b15a42be34d,->,12acfc45-bdfb-4343-9004-9be15dfd844c,server/model/players/Client.java,getShops
12acfc45-bdfb-4343-9004-9be15dfd844c,a51e2ff0-4411-41d8-acaa-a730ac40f347,db139400-3802-43d1-96d9-9b15a42be34d,->,12acfc45-bdfb-4343-9004-9be15dfd844c,server/model/shops/ShopAssistant.java,openShop
12acfc45-bdfb-4343-9004-9be15dfd844c,a51e2ff0-4411-41d8-acaa-a730ac40f347,db139400-3802-43d1-96d9-9b15a42be34d,->,12acfc45-bdfb-4343-9004-9be15dfd844c,server/model/players/Client.java,getShops
12acfc45-bdfb-4343-9004-9be15dfd844c,a51e2ff0-4411-41d8-acaa-a730ac40f347,db139400-3802-43d1-96d9-9b15a42be34d,->,12acfc45-bdfb-4343-9004-9be15dfd844c,server/model/shops/ShopAssistant.java,openShop
12acfc45-bdfb-4343-9004-9be15dfd844c,a51e2ff0-4411-41d8-acaa-a730ac40f347,db139400-3802-43d1-96d9-9b15a42be34d,->,12acfc45-bdfb-4343-9004-9be15dfd844c,server/model/players/Client.java,getShops
12acfc45-bdfb-4343-9004-9be15dfd844c,a51e2ff0-4411-41d8-acaa-a730ac40f347,db139400-3802-43d1-96d9-9b15a42be34d,->,12acfc45-bdfb-4343-9004-9be15dfd844c,server/model/shops/ShopAssistant.java,openShop
12acfc45-bdfb-4343-9004-9be15dfd844c,a51e2ff0-4411-41d8-acaa-a730ac40f347,db139400-3802-43d1-96d9-9b15a42be34d,->,12acfc45-bdfb-4343-9004-9be15dfd844c,server/model/players/Client.java,getShops
12acfc45-bdfb-4343-9004-9be15dfd844c,a51e2ff0-4411-41d8-acaa-a730ac40f347,db139400-3802-43d1-96d9-9b15a42be34d,->,12acfc45-bdfb-4343-9004-9be15dfd844c,server/model/shops/ShopAssistant.java,openShop
12acfc45-bdfb-4343-9004-9be15dfd844c,a51e2ff0-4411-41d8-acaa-a730ac40f347,db139400-3802-43d1-96d9-9b15a42be34d,->,12acfc45-bdfb-4343-9004-9be15dfd844c,server/model/players/Client.java,getShops
12acfc45-bdfb-4343-9004-9be15dfd844c,a51e2ff0-4411-41d8-acaa-a730ac40f347,db139400-3802-43d1-96d9-9b15a42be34d,->,12acfc45-bdfb-4343-9004-9be15dfd844c,server/model/shops/ShopAssistant.java,openShop
12acfc45-bdfb-4343-9004-9be15dfd844c,a51e2ff0-4411-41d8-acaa-a730ac40f347,db139400-3802-43d1-96d9-9b15a42be34d,->,12acfc45-bdfb-4343-9004-9be15dfd844c,server/model/players/Client.java,getShops
12acfc45-bdfb-4343-9004-9be15dfd844c,a51e2ff0-4411-41d8-acaa-a730ac40f347,db139400-3802-43d1-96d9-9b15a42be34d,->,12acfc45-bdfb-4343-9004-9be15dfd844c,server/model/shops/ShopAssistant.java,openShop
12acfc45-bdfb-4343-9004-9be15dfd844c,a51e2ff0-4411-41d8-acaa-a730ac40f347,db139400-3802-43d1-96d9-9b15a42be34d,->,12acfc45-bdfb-4343-9004-9be15dfd844c,server/model/players/Client.java,getShops
12acfc45-bdfb-4343-9004-9be15dfd844c,a51e2ff0-4411-41d8-acaa-a730ac40f347,db139400-3802-43d1-96d9-9b15a42be34d,->,12acfc45-bdfb-4343-9004-9be15dfd844c,server/model/shops/ShopAssistant.java,openShop
12acfc45-bdfb-4343-9004-9be15dfd844c,a51e2ff0-4411-41d8-acaa-a730ac40f347,db139400-3802-43d1-96d9-9b15a42be34d,->,12acfc45-bdfb-4343-9004-9be15dfd844c,server/model/players/Client.java,getShops
12acfc45-bdfb-4343-9004-9be15dfd844c,a51e2ff0-4411-41d8-acaa-a730ac40f347,db139400-3802-43d1-96d9-9b15a42be34d,->,12acfc45-bdfb-4343-9004-9be15dfd844c,server/model/shops/ShopAssistant.java,openShop
12acfc45-bdfb-4343-9004-9be15dfd844c,a51e2ff0-4411-41d8-acaa-a730ac40f347,db139400-3802-43d1-96d9-9b15a42be34d,->,12acfc45-bdfb-4343-9004-9be15dfd844c,server/model/players/Client.java,getShops
12acfc45-bdfb-4343-9004-9be15dfd844c,a51e2ff0-4411-41d8-acaa-a730ac40f347,db139400-3802-43d1-96d9-9b15a42be34d,->,12acfc45-bdfb-4343-9004-9be15dfd844c,server/model/shops/ShopAssistant.java,openShop
12acfc45-bdfb-4343-9004-9be15dfd844c,a51e2ff0-4411-41d8-acaa-a730ac40f347,db139400-3802-43d1-96d9-9b15a42be34d,->,12acfc45-bdfb-4343-9004-9be15dfd844c,server/model/players/Client.java,getShops
12acfc45-bdfb-4343-9004-9be15dfd844c,a51e2ff0-4411-41d8-acaa-a730ac40f347,db139400-3802-43d1-96d9-9b15a42be34d,->,12acfc45-bdfb-4343-9004-9be15dfd844c,server/model/shops/ShopAssistant.java,openShop
12acfc45-bdfb-4343-9004-9be15dfd844c,a51e2ff0-4411-41d8-acaa-a730ac40f347,db139400-3802-43d1-96d9-9b15a42be34d,->,12acfc45-bdfb-4343-9004-9be15dfd844c,server/model/players/Client.java,getShops
12acfc45-bdfb-4343-9004-9be15dfd844c,a51e2ff0-4411-41d8-acaa-a730ac40f347,db139400-3802-43d1-96d9-9b15a42be34d,->,12acfc45-bdfb-4343-9004-9be15dfd844c,server/model/shops/ShopAssistant.java,openShop
12acfc45-bdfb-4343-9004-9be15dfd844c,a51e2ff0-4411-41d8-acaa-a730ac40f347,db139400-3802-43d1-96d9-9b15a42be34d,->,12acfc45-bdfb-4343-9004-9be15dfd844c,server/model/players/Client.java,getShops
12acfc45-bdfb-4343-9004-9be15dfd844c,a51e2ff0-4411-41d8-acaa-a730ac40f347,db139400-3802-43d1-96d9-9b15a42be34d,->,12acfc45-bdfb-4343-9004-9be15dfd844c,server/model/shops/ShopAssistant.java,openShop
12acfc45-bdfb-4343-9004-9be15dfd844c,a51e2ff0-4411-41d8-acaa-a730ac40f347,db139400-3802-43d1-96d9-9b15a42be34d,->,12acfc45-bdfb-4343-9004-9be15dfd844c,server/model/players/Client.java,getShops
12acfc45-bdfb-4343-9004-9be15dfd844c,a51e2ff0-4411-41d8-acaa-a730ac40f347,db139400-3802-43d1-96d9-9b15a42be34d,->,12acfc45-bdfb-4343-9004-9be15dfd844c,server/model/shops/ShopAssistant.java,openShop
12acfc45-bdfb-4343-9004-9be15dfd844c,a51e2ff0-4411-41d8-acaa-a730ac40f347,db139400-3802-43d1-96d9-9b15a42be34d,->,12acfc45-bdfb-4343-9004-9be15dfd844c,server/model/players/Client.java,getShops
12acfc45-bdfb-4343-9004-9be15dfd844c,a51e2ff0-4411-41d8-acaa-a730ac40f347,db139400-3802-43d1-96d9-9b15a42be34d,->,12acfc45-bdfb-4343-9004-9be15dfd844c,server/model/shops/ShopAssistant.java,openShop
12acfc45-bdfb-4343-9004-9be15dfd844c,a51e2ff0-4411-41d8-acaa-a730ac40f347,db139400-3802-43d1-96d9-9b15a42be34d,->,12acfc45-bdfb-4343-9004-9be15dfd844c,server/model/players/Client.java,getShops
12acfc45-bdfb-4343-9004-9be15dfd844c,a51e2ff0-4411-41d8-acaa-a730ac40f347,db139400-3802-43d1-96d9-9b15a42be34d,->,12acfc45-bdfb-4343-9004-9be15dfd844c,server/model/shops/ShopAssistant.java,openShop
12acfc45-bdfb-4343-9004-9be15dfd844c,a51e2ff0-4411-41d8-acaa-a730ac40f347,db139400-3802-43d1-96d9-9b15a42be34d,->,12acfc45-bdfb-4343-9004-9be15dfd844c,server/model/players/Client.java,getShops
12acfc45-bdfb-4343-9004-9be15dfd844c,a51e2ff0-4411-41d8-acaa-a730ac40f347,db139400-3802-43d1-96d9-9b15a42be34d,->,12acfc45-bdfb-4343-9004-9be15dfd844c,server/model/shops/ShopAssistant.java,openShop
12acfc45-bdfb-4343-9004-9be15dfd844c,a51e2ff0-4411-41d8-acaa-a730ac40f347,db139400-3802-43d1-96d9-9b15a42be34d,->,12acfc45-bdfb-4343-9004-9be15dfd844c,server/model/players/Client.java,getShops
12acfc45-bdfb-4343-9004-9be15dfd844c,a51e2ff0-4411-41d8-acaa-a730ac40f347,db139400-3802-43d1-96d9-9b15a42be34d,->,12acfc45-bdfb-4343-9004-9be15dfd844c,server/model/shops/ShopAssistant.java,openShop
12acfc45-bdfb-4343-9004-9be15dfd844c,a51e2ff0-4411-41d8-acaa-a730ac40f347,db139400-3802-43d1-96d9-9b15a42be34d,->,12acfc45-bdfb-4343-9004-9be15dfd844c,server/model/players/Client.java,getShops
12acfc45-bdfb-4343-9004-9be15dfd844c,a51e2ff0-4411-41d8-acaa-a730ac40f347,db139400-3802-43d1-96d9-9b15a42be34d,->,12acfc45-bdfb-4343-9004-9be15dfd844c,server/model/shops/ShopAssistant.java,openShop
12acfc45-bdfb-4343-9004-9be15dfd844c,a51e2ff0-4411-41d8-acaa-a730ac40f347,db139400-3802-43d1-96d9-9b15a42be34d,->,12acfc45-bdfb-4343-9004-9be15dfd844c,server/model/players/Client.java,getShops
12acfc45-bdfb-4343-9004-9be15dfd844c,a51e2ff0-4411-41d8-acaa-a730ac40f347,db139400-3802-43d1-96d9-9b15a42be34d,->,12acfc45-bdfb-4343-9004-9be15dfd844c,server/model/shops/ShopAssistant.java,openShop
12acfc45-bdfb-4343-9004-9be15dfd844c,a51e2ff0-4411-41d8-acaa-a730ac40f347,db139400-3802-43d1-96d9-9b15a42be34d,->,12acfc45-bdfb-4343-9004-9be15dfd844c,server/model/players/Client.java,getShops
12acfc45-bdfb-4343-9004-9be15dfd844c,a51e2ff0-4411-41d8-acaa-a730ac40f347,db139400-3802-43d1-96d9-9b15a42be34d,->,12acfc45-bdfb-4343-9004-9be15dfd844c,server/model/shops/ShopAssistant.java,openShop
12acfc45-bdfb-4343-9004-9be15dfd844c,a51e2ff0-4411-41d8-acaa-a730ac40f347,db139400-3802-43d1-96d9-9b15a42be34d,->,12acfc45-bdfb-4343-9004-9be15dfd844c,server/model/players/Client.java,getShops
12acfc45-bdfb-4343-9004-9be15dfd844c,a51e2ff0-4411-41d8-acaa-a730ac40f347,db139400-3802-43d1-96d9-9b15a42be34d,->,12acfc45-bdfb-4343-9004-9be15dfd844c,server/model/shops/ShopAssistant.java,openShop
12acfc45-bdfb-4343-9004-9be15dfd844c,a51e2ff0-4411-41d8-acaa-a730ac40f347,db139400-3802-43d1-96d9-9b15a42be34d,->,12acfc45-bdfb-4343-9004-9be15dfd844c,server/model/players/Client.java,getShops
12acfc45-bdfb-4343-9004-9be15dfd844c,a51e2ff0-4411-41d8-acaa-a730ac40f347,db139400-3802-43d1-96d9-9b15a42be34d,->,12acfc45-bdfb-4343-9004-9be15dfd844c,server/model/shops/ShopAssistant.java,openShop
12acfc45-bdfb-4343-9004-9be15dfd844c,a51e2ff0-4411-41d8-acaa-a730ac40f347,db139400-3802-43d1-96d9-9b15a42be34d,->,12acfc45-bdfb-4343-9004-9be15dfd844c,server/model/players/Client.java,getShops
12acfc45-bdfb-4343-9004-9be15dfd844c,a51e2ff0-4411-41d8-acaa-a730ac40f347,db139400-3802-43d1-96d9-9b15a42be34d,->,12acfc45-bdfb-4343-9004-9be15dfd844c,server/model/shops/ShopAssistant.java,openShop
12acfc45-bdfb-4343-9004-9be15dfd844c,a51e2ff0-4411-41d8-acaa-a730ac40f347,db139400-3802-43d1-96d9-9b15a42be34d,->,12acfc45-bdfb-4343-9004-9be15dfd844c,server/model/players/Client.java,getShops
12acfc45-bdfb-4343-9004-9be15dfd844c,a51e2ff0-4411-41d8-acaa-a730ac40f347,db139400-3802-43d1-96d9-9b15a42be34d,->,12acfc45-bdfb-4343-9004-9be15dfd844c,server/model/shops/ShopAssistant.java,openShop
12acfc45-bdfb-4343-9004-9be15dfd844c,a51e2ff0-4411-41d8-acaa-a730ac40f347,db139400-3802-43d1-96d9-9b15a42be34d,->,12acfc45-bdfb-4343-9004-9be15dfd844c,server/model/players/Client.java,getShops
12acfc45-bdfb-4343-9004-9be15dfd844c,a51e2ff0-4411-41d8-acaa-a730ac40f347,db139400-3802-43d1-96d9-9b15a42be34d,->,12acfc45-bdfb-4343-9004-9be15dfd844c,server/model/shops/ShopAssistant.java,openShop
12acfc45-bdfb-4343-9004-9be15dfd844c,a51e2ff0-4411-41d8-acaa-a730ac40f347,db139400-3802-43d1-96d9-9b15a42be34d,->,12acfc45-bdfb-4343-9004-9be15dfd844c,server/model/players/Client.java,getShops
12acfc45-bdfb-4343-9004-9be15dfd844c,a51e2ff0-4411-41d8-acaa-a730ac40f347,db139400-3802-43d1-96d9-9b15a42be34d,->,12acfc45-bdfb-4343-9004-9be15dfd844c,server/model/shops/ShopAssistant.java,openShop
12acfc45-bdfb-4343-9004-9be15dfd844c,a51e2ff0-4411-41d8-acaa-a730ac40f347,db139400-3802-43d1-96d9-9b15a42be34d,->,12acfc45-bdfb-4343-9004-9be15dfd844c,server/model/players/Client.java,getShops
12acfc45-bdfb-4343-9004-9be15dfd844c,a51e2ff0-4411-41d8-acaa-a730ac40f347,db139400-3802-43d1-96d9-9b15a42be34d,->,12acfc45-bdfb-4343-9004-9be15dfd844c,server/model/shops/ShopAssistant.java,openShop
12acfc45-bdfb-4343-9004-9be15dfd844c,a51e2ff0-4411-41d8-acaa-a730ac40f347,db139400-3802-43d1-96d9-9b15a42be34d,->,12acfc45-bdfb-4343-9004-9be15dfd844c,server/model/players/Client.java,getShops
12acfc45-bdfb-4343-9004-9be15dfd844c,a51e2ff0-4411-41d8-acaa-a730ac40f347,db139400-3802-43d1-96d9-9b15a42be34d,->,12acfc45-bdfb-4343-9004-9be15dfd844c,server/model/shops/ShopAssistant.java,openShop
12acfc45-bdfb-4343-9004-9be15dfd844c,a51e2ff0-4411-41d8-acaa-a730ac40f347,db139400-3802-43d1-96d9-9b15a42be34d,->,12acfc45-bdfb-4343-9004-9be15dfd844c,server/model/players/Client.java,getShops
12acfc45-bdfb-4343-9004-9be15dfd844c,a51e2ff0-4411-41d8-acaa-a730ac40f347,db139400-3802-43d1-96d9-9b15a42be34d,->,12acfc45-bdfb-4343-9004-9be15dfd844c,server/model/shops/ShopAssistant.java,openShop
12acfc45-bdfb-4343-9004-9be15dfd844c,a51e2ff0-4411-41d8-acaa-a730ac40f347,db139400-3802-43d1-96d9-9b15a42be34d,->,12acfc45-bdfb-4343-9004-9be15dfd844c,server/model/players/Client.java,getShops
12acfc45-bdfb-4343-9004-9be15dfd844c,a51e2ff0-4411-41d8-acaa-a730ac40f347,db139400-3802-43d1-96d9-9b15a42be34d,->,12acfc45-bdfb-4343-9004-9be15dfd844c,server/model/shops/ShopAssistant.java,openShop
12acfc45-bdfb-4343-9004-9be15dfd844c,a51e2ff0-4411-41d8-acaa-a730ac40f347,db139400-3802-43d1-96d9-9b15a42be34d,->,12acfc45-bdfb-4343-9004-9be15dfd844c,server/model/players/Client.java,getShops
12acfc45-bdfb-4343-9004-9be15dfd844c,a51e2ff0-4411-41d8-acaa-a730ac40f347,db139400-3802-43d1-96d9-9b15a42be34d,->,12acfc45-bdfb-4343-9004-9be15dfd844c,server/model/shops/ShopAssistant.java,openShop
12acfc45-bdfb-4343-9004-9be15dfd844c,a51e2ff0-4411-41d8-acaa-a730ac40f347,db139400-3802-43d1-96d9-9b15a42be34d,->,12acfc45-bdfb-4343-9004-9be15dfd844c,server/model/players/Client.java,getShops
12acfc45-bdfb-4343-9004-9be15dfd844c,a51e2ff0-4411-41d8-acaa-a730ac40f347,db139400-3802-43d1-96d9-9b15a42be34d,->,12acfc45-bdfb-4343-9004-9be15dfd844c,server/model/shops/ShopAssistant.java,openShop
12acfc45-bdfb-4343-9004-9be15dfd844c,a51e2ff0-4411-41d8-acaa-a730ac40f347,db139400-3802-43d1-96d9-9b15a42be34d,->,12acfc45-bdfb-4343-9004-9be15dfd844c,server/model/players/Client.java,getShops
12acfc45-bdfb-4343-9004-9be15dfd844c,a51e2ff0-4411-41d8-acaa-a730ac40f347,db139400-3802-43d1-96d9-9b15a42be34d,->,12acfc45-bdfb-4343-9004-9be15dfd844c,server/model/shops/ShopAssistant.java,openShop
12acfc45-bdfb-4343-9004-9be15dfd844c,a51e2ff0-4411-41d8-acaa-a730ac40f347,db139400-3802-43d1-96d9-9b15a42be34d,->,12acfc45-bdfb-4343-9004-9be15dfd844c,server/model/players/Client.java,getShops
12acfc45-bdfb-4343-9004-9be15dfd844c,a51e2ff0-4411-41d8-acaa-a730ac40f347,db139400-3802-43d1-96d9-9b15a42be34d,->,12acfc45-bdfb-4343-9004-9be15dfd844c,server/model/shops/ShopAssistant.java,openShop
12acfc45-bdfb-4343-9004-9be15dfd844c,a51e2ff0-4411-41d8-acaa-a730ac40f347,db139400-3802-43d1-96d9-9b15a42be34d,->,12acfc45-bdfb-4343-9004-9be15dfd844c,server/model/players/Client.java,getShops
12acfc45-bdfb-4343-9004-9be15dfd844c,a51e2ff0-4411-41d8-acaa-a730ac40f347,db139400-3802-43d1-96d9-9b15a42be34d,->,12acfc45-bdfb-4343-9004-9be15dfd844c,server/model/shops/ShopAssistant.java,openShop
12acfc45-bdfb-4343-9004-9be15dfd844c,a51e2ff0-4411-41d8-acaa-a730ac40f347,db139400-3802-43d1-96d9-9b15a42be34d,->,12acfc45-bdfb-4343-9004-9be15dfd844c,server/model/players/Client.java,getShops
12acfc45-bdfb-4343-9004-9be15dfd844c,a51e2ff0-4411-41d8-acaa-a730ac40f347,db139400-3802-43d1-96d9-9b15a42be34d,->,12acfc45-bdfb-4343-9004-9be15dfd844c,server/model/shops/ShopAssistant.java,openShop
12acfc45-bdfb-4343-9004-9be15dfd844c,a51e2ff0-4411-41d8-acaa-a730ac40f347,db139400-3802-43d1-96d9-9b15a42be34d,->,12acfc45-bdfb-4343-9004-9be15dfd844c,server/model/players/Client.java,getShops
12acfc45-bdfb-4343-9004-9be15dfd844c,a51e2ff0-4411-41d8-acaa-a730ac40f347,db139400-3802-43d1-96d9-9b15a42be34d,->,12acfc45-bdfb-4343-9004-9be15dfd844c,server/model/shops/ShopAssistant.java,openShop
12acfc45-bdfb-4343-9004-9be15dfd844c,a51e2ff0-4411-41d8-acaa-a730ac40f347,db139400-3802-43d1-96d9-9b15a42be34d,->,12acfc45-bdfb-4343-9004-9be15dfd844c,server/model/players/Client.java,getShops
12acfc45-bdfb-4343-9004-9be15dfd844c,a51e2ff0-4411-41d8-acaa-a730ac40f347,db139400-3802-43d1-96d9-9b15a42be34d,->,12acfc45-bdfb-4343-9004-9be15dfd844c,server/model/shops/ShopAssistant.java,openShop
12acfc45-bdfb-4343-9004-9be15dfd844c,a51e2ff0-4411-41d8-acaa-a730ac40f347,db139400-3802-43d1-96d9-9b15a42be34d,->,12acfc45-bdfb-4343-9004-9be15dfd844c,server/model/players/Client.java,getShops
12acfc45-bdfb-4343-9004-9be15dfd844c,a51e2ff0-4411-41d8-acaa-a730ac40f347,db139400-3802-43d1-96d9-9b15a42be34d,->,12acfc45-bdfb-4343-9004-9be15dfd844c,server/model/shops/ShopAssistant.java,openShop
12acfc45-bdfb-4343-9004-9be15dfd844c,a51e2ff0-4411-41d8-acaa-a730ac40f347,db139400-3802-43d1-96d9-9b15a42be34d,->,12acfc45-bdfb-4343-9004-9be15dfd844c,server/model/players/Client.java,getShops
12acfc45-bdfb-4343-9004-9be15dfd844c,a51e2ff0-4411-41d8-acaa-a730ac40f347,db139400-3802-43d1-96d9-9b15a42be34d,->,12acfc45-bdfb-4343-9004-9be15dfd844c,server/model/shops/ShopAssistant.java,openShop
12acfc45-bdfb-4343-9004-9be15dfd844c,a51e2ff0-4411-41d8-acaa-a730ac40f347,db139400-3802-43d1-96d9-9b15a42be34d,->,12acfc45-bdfb-4343-9004-9be15dfd844c,server/model/players/Client.java,getShops
12acfc45-bdfb-4343-9004-9be15dfd844c,a51e2ff0-4411-41d8-acaa-a730ac40f347,db139400-3802-43d1-96d9-9b15a42be34d,->,12acfc45-bdfb-4343-9004-9be15dfd844c,server/model/shops/ShopAssistant.java,openShop
12acfc45-bdfb-4343-9004-9be15dfd844c,a51e2ff0-4411-41d8-acaa-a730ac40f347,db139400-3802-43d1-96d9-9b15a42be34d,->,12acfc45-bdfb-4343-9004-9be15dfd844c,server/model/players/Client.java,getShops
12acfc45-bdfb-4343-9004-9be15dfd844c,a51e2ff0-4411-41d8-acaa-a730ac40f347,db139400-3802-43d1-96d9-9b15a42be34d,->,12acfc45-bdfb-4343-9004-9be15dfd844c,server/model/shops/ShopAssistant.java,openShop
12acfc45-bdfb-4343-9004-9be15dfd844c,a51e2ff0-4411-41d8-acaa-a730ac40f347,db139400-3802-43d1-96d9-9b15a42be34d,->,12acfc45-bdfb-4343-9004-9be15dfd844c,server/model/players/Client.java,getShops
12acfc45-bdfb-4343-9004-9be15dfd844c,a51e2ff0-4411-41d8-acaa-a730ac40f347,db139400-3802-43d1-96d9-9b15a42be34d,->,12acfc45-bdfb-4343-9004-9be15dfd844c,server/model/shops/ShopAssistant.java,openShop
12acfc45-bdfb-4343-9004-9be15dfd844c,a51e2ff0-4411-41d8-acaa-a730ac40f347,db139400-3802-43d1-96d9-9b15a42be34d,->,12acfc45-bdfb-4343-9004-9be15dfd844c,server/model/players/Client.java,getShops
12acfc45-bdfb-4343-9004-9be15dfd844c,a51e2ff0-4411-41d8-acaa-a730ac40f347,db139400-3802-43d1-96d9-9b15a42be34d,->,12acfc45-bdfb-4343-9004-9be15dfd844c,server/model/shops/ShopAssistant.java,openShop
12acfc45-bdfb-4343-9004-9be15dfd844c,a51e2ff0-4411-41d8-acaa-a730ac40f347,db139400-3802-43d1-96d9-9b15a42be34d,->,12acfc45-bdfb-4343-9004-9be15dfd844c,server/model/players/Client.java,getShops
12acfc45-bdfb-4343-9004-9be15dfd844c,a51e2ff0-4411-41d8-acaa-a730ac40f347,db139400-3802-43d1-96d9-9b15a42be34d,->,12acfc45-bdfb-4343-9004-9be15dfd844c,server/model/shops/ShopAssistant.java,openShop
12acfc45-bdfb-4343-9004-9be15dfd844c,a51e2ff0-4411-41d8-acaa-a730ac40f347,db139400-3802-43d1-96d9-9b15a42be34d,->,12acfc45-bdfb-4343-9004-9be15dfd844c,server/model/players/Client.java,getShops
12acfc45-bdfb-4343-9004-9be15dfd844c,a51e2ff0-4411-41d8-acaa-a730ac40f347,db139400-3802-43d1-96d9-9b15a42be34d,->,12acfc45-bdfb-4343-9004-9be15dfd844c,server/model/shops/ShopAssistant.java,openShop
12acfc45-bdfb-4343-9004-9be15dfd844c,a51e2ff0-4411-41d8-acaa-a730ac40f347,db139400-3802-43d1-96d9-9b15a42be34d,->,12acfc45-bdfb-4343-9004-9be15dfd844c,server/model/players/Client.java,getShops
12acfc45-bdfb-4343-9004-9be15dfd844c,a51e2ff0-4411-41d8-acaa-a730ac40f347,db139400-3802-43d1-96d9-9b15a42be34d,->,12acfc45-bdfb-4343-9004-9be15dfd844c,server/model/shops/ShopAssistant.java,openSkillCape
12acfc45-bdfb-4343-9004-9be15dfd844c,a51e2ff0-4411-41d8-acaa-a730ac40f347,a691275d-fe09-498f-bf95-31f8f072b36c,->,12acfc45-bdfb-4343-9004-9be15dfd844c,server/model/players/skills/Thieving.java,pickpocketNPC
12acfc45-bdfb-4343-9004-9be15dfd844c,a51e2ff0-4411-41d8-acaa-a730ac40f347,a691275d-fe09-498f-bf95-31f8f072b36c,->,12acfc45-bdfb-4343-9004-9be15dfd844c,server/model/players/skills/Thieving.java,attemptToPickpocket
12acfc45-bdfb-4343-9004-9be15dfd844c,a51e2ff0-4411-41d8-acaa-a730ac40f347,a691275d-fe09-498f-bf95-31f8f072b36c,->,12acfc45-bdfb-4343-9004-9be15dfd844c,server/model/players/skills/Fishing.java,fishingNPC
12acfc45-bdfb-4343-9004-9be15dfd844c,a51e2ff0-4411-41d8-acaa-a730ac40f347,a691275d-fe09-498f-bf95-31f8f072b36c,->,12acfc45-bdfb-4343-9004-9be15dfd844c,server/model/players/skills/Fishing.java,fishingNPC
12acfc45-bdfb-4343-9004-9be15dfd844c,a51e2ff0-4411-41d8-acaa-a730ac40f347,a691275d-fe09-498f-bf95-31f8f072b36c,->,12acfc45-bdfb-4343-9004-9be15dfd844c,server/model/players/Client.java,getPA
12acfc45-bdfb-4343-9004-9be15dfd844c,a51e2ff0-4411-41d8-acaa-a730ac40f347,a691275d-fe09-498f-bf95-31f8f072b36c,->,12acfc45-bdfb-4343-9004-9be15dfd844c,991eb2a8-284a-4290-ae08-f54cf8834706,c92a2d90-1bdb-4dce-9e99-abbe1893ccbd
12acfc45-bdfb-4343-9004-9be15dfd844c,a51e2ff0-4411-41d8-acaa-a730ac40f347,a691275d-fe09-498f-bf95-31f8f072b36c,->,12acfc45-bdfb-4343-9004-9be15dfd844c,server/model/players/Client.java,getShops
12acfc45-bdfb-4343-9004-9be15dfd844c,a51e2ff0-4411-41d8-acaa-a730ac40f347,a691275d-fe09-498f-bf95-31f8f072b36c,->,12acfc45-bdfb-4343-9004-9be15dfd844c,server/model/shops/ShopAssistant.java,openShop
12acfc45-bdfb-4343-9004-9be15dfd844c,a51e2ff0-4411-41d8-acaa-a730ac40f347,a691275d-fe09-498f-bf95-31f8f072b36c,->,12acfc45-bdfb-4343-9004-9be15dfd844c,server/model/players/Client.java,getShops
12acfc45-bdfb-4343-9004-9be15dfd844c,a51e2ff0-4411-41d8-acaa-a730ac40f347,a691275d-fe09-498f-bf95-31f8f072b36c,->,12acfc45-bdfb-4343-9004-9be15dfd844c,server/model/shops/ShopAssistant.java,openShop
12acfc45-bdfb-4343-9004-9be15dfd844c,a51e2ff0-4411-41d8-acaa-a730ac40f347,a691275d-fe09-498f-bf95-31f8f072b36c,->,12acfc45-bdfb-4343-9004-9be15dfd844c,server/model/players/Client.java,getShops
12acfc45-bdfb-4343-9004-9be15dfd844c,a51e2ff0-4411-41d8-acaa-a730ac40f347,a691275d-fe09-498f-bf95-31f8f072b36c,->,12acfc45-bdfb-4343-9004-9be15dfd844c,server/model/shops/ShopAssistant.java,openShop
12acfc45-bdfb-4343-9004-9be15dfd844c,a51e2ff0-4411-41d8-acaa-a730ac40f347,a691275d-fe09-498f-bf95-31f8f072b36c,->,12acfc45-bdfb-4343-9004-9be15dfd844c,server/model/players/Client.java,getShops
12acfc45-bdfb-4343-9004-9be15dfd844c,a51e2ff0-4411-41d8-acaa-a730ac40f347,a691275d-fe09-498f-bf95-31f8f072b36c,->,12acfc45-bdfb-4343-9004-9be15dfd844c,server/model/shops/ShopAssistant.java,openShop
12acfc45-bdfb-4343-9004-9be15dfd844c,a51e2ff0-4411-41d8-acaa-a730ac40f347,a691275d-fe09-498f-bf95-31f8f072b36c,->,12acfc45-bdfb-4343-9004-9be15dfd844c,server/model/players/Client.java,getShops
12acfc45-bdfb-4343-9004-9be15dfd844c,a51e2ff0-4411-41d8-acaa-a730ac40f347,a691275d-fe09-498f-bf95-31f8f072b36c,->,12acfc45-bdfb-4343-9004-9be15dfd844c,server/model/shops/ShopAssistant.java,openShop
12acfc45-bdfb-4343-9004-9be15dfd844c,a51e2ff0-4411-41d8-acaa-a730ac40f347,a691275d-fe09-498f-bf95-31f8f072b36c,->,12acfc45-bdfb-4343-9004-9be15dfd844c,server/model/players/Client.java,getShops
12acfc45-bdfb-4343-9004-9be15dfd844c,a51e2ff0-4411-41d8-acaa-a730ac40f347,a691275d-fe09-498f-bf95-31f8f072b36c,->,12acfc45-bdfb-4343-9004-9be15dfd844c,server/model/shops/ShopAssistant.java,openShop
12acfc45-bdfb-4343-9004-9be15dfd844c,a51e2ff0-4411-41d8-acaa-a730ac40f347,a691275d-fe09-498f-bf95-31f8f072b36c,->,12acfc45-bdfb-4343-9004-9be15dfd844c,server/model/players/Client.java,getShops
12acfc45-bdfb-4343-9004-9be15dfd844c,a51e2ff0-4411-41d8-acaa-a730ac40f347,a691275d-fe09-498f-bf95-31f8f072b36c,->,12acfc45-bdfb-4343-9004-9be15dfd844c,server/model/shops/ShopAssistant.java,openShop
12acfc45-bdfb-4343-9004-9be15dfd844c,a51e2ff0-4411-41d8-acaa-a730ac40f347,a691275d-fe09-498f-bf95-31f8f072b36c,->,12acfc45-bdfb-4343-9004-9be15dfd844c,server/model/players/Client.java,getShops
12acfc45-bdfb-4343-9004-9be15dfd844c,a51e2ff0-4411-41d8-acaa-a730ac40f347,a691275d-fe09-498f-bf95-31f8f072b36c,->,12acfc45-bdfb-4343-9004-9be15dfd844c,server/model/shops/ShopAssistant.java,openShop
12acfc45-bdfb-4343-9004-9be15dfd844c,a51e2ff0-4411-41d8-acaa-a730ac40f347,a691275d-fe09-498f-bf95-31f8f072b36c,->,12acfc45-bdfb-4343-9004-9be15dfd844c,server/model/players/Client.java,getShops
12acfc45-bdfb-4343-9004-9be15dfd844c,a51e2ff0-4411-41d8-acaa-a730ac40f347,a691275d-fe09-498f-bf95-31f8f072b36c,->,12acfc45-bdfb-4343-9004-9be15dfd844c,server/model/shops/ShopAssistant.java,openShop
12acfc45-bdfb-4343-9004-9be15dfd844c,a51e2ff0-4411-41d8-acaa-a730ac40f347,a691275d-fe09-498f-bf95-31f8f072b36c,->,12acfc45-bdfb-4343-9004-9be15dfd844c,server/model/players/Client.java,getShops
12acfc45-bdfb-4343-9004-9be15dfd844c,a51e2ff0-4411-41d8-acaa-a730ac40f347,a691275d-fe09-498f-bf95-31f8f072b36c,->,12acfc45-bdfb-4343-9004-9be15dfd844c,server/model/shops/ShopAssistant.java,openShop
12acfc45-bdfb-4343-9004-9be15dfd844c,a51e2ff0-4411-41d8-acaa-a730ac40f347,a691275d-fe09-498f-bf95-31f8f072b36c,->,12acfc45-bdfb-4343-9004-9be15dfd844c,server/model/players/Client.java,getShops
12acfc45-bdfb-4343-9004-9be15dfd844c,a51e2ff0-4411-41d8-acaa-a730ac40f347,a691275d-fe09-498f-bf95-31f8f072b36c,->,12acfc45-bdfb-4343-9004-9be15dfd844c,server/model/shops/ShopAssistant.java,openShop
12acfc45-bdfb-4343-9004-9be15dfd844c,a51e2ff0-4411-41d8-acaa-a730ac40f347,a691275d-fe09-498f-bf95-31f8f072b36c,->,12acfc45-bdfb-4343-9004-9be15dfd844c,server/model/players/Client.java,getShops
12acfc45-bdfb-4343-9004-9be15dfd844c,a51e2ff0-4411-41d8-acaa-a730ac40f347,a691275d-fe09-498f-bf95-31f8f072b36c,->,12acfc45-bdfb-4343-9004-9be15dfd844c,server/model/shops/ShopAssistant.java,openShop
12acfc45-bdfb-4343-9004-9be15dfd844c,a51e2ff0-4411-41d8-acaa-a730ac40f347,a691275d-fe09-498f-bf95-31f8f072b36c,->,12acfc45-bdfb-4343-9004-9be15dfd844c,server/model/players/Client.java,getShops
12acfc45-bdfb-4343-9004-9be15dfd844c,a51e2ff0-4411-41d8-acaa-a730ac40f347,a691275d-fe09-498f-bf95-31f8f072b36c,->,12acfc45-bdfb-4343-9004-9be15dfd844c,server/model/shops/ShopAssistant.java,openShop
12acfc45-bdfb-4343-9004-9be15dfd844c,a51e2ff0-4411-41d8-acaa-a730ac40f347,a691275d-fe09-498f-bf95-31f8f072b36c,->,12acfc45-bdfb-4343-9004-9be15dfd844c,server/model/players/Client.java,getShops
12acfc45-bdfb-4343-9004-9be15dfd844c,a51e2ff0-4411-41d8-acaa-a730ac40f347,a691275d-fe09-498f-bf95-31f8f072b36c,->,12acfc45-bdfb-4343-9004-9be15dfd844c,server/model/shops/ShopAssistant.java,openShop
12acfc45-bdfb-4343-9004-9be15dfd844c,a51e2ff0-4411-41d8-acaa-a730ac40f347,a691275d-fe09-498f-bf95-31f8f072b36c,->,12acfc45-bdfb-4343-9004-9be15dfd844c,server/model/players/Client.java,getShops
12acfc45-bdfb-4343-9004-9be15dfd844c,a51e2ff0-4411-41d8-acaa-a730ac40f347,a691275d-fe09-498f-bf95-31f8f072b36c,->,12acfc45-bdfb-4343-9004-9be15dfd844c,server/model/shops/ShopAssistant.java,openShop
12acfc45-bdfb-4343-9004-9be15dfd844c,a51e2ff0-4411-41d8-acaa-a730ac40f347,a691275d-fe09-498f-bf95-31f8f072b36c,->,12acfc45-bdfb-4343-9004-9be15dfd844c,server/model/players/Client.java,getShops
12acfc45-bdfb-4343-9004-9be15dfd844c,a51e2ff0-4411-41d8-acaa-a730ac40f347,a691275d-fe09-498f-bf95-31f8f072b36c,->,12acfc45-bdfb-4343-9004-9be15dfd844c,server/model/shops/ShopAssistant.java,openShop
12acfc45-bdfb-4343-9004-9be15dfd844c,a51e2ff0-4411-41d8-acaa-a730ac40f347,a691275d-fe09-498f-bf95-31f8f072b36c,->,12acfc45-bdfb-4343-9004-9be15dfd844c,server/model/players/Client.java,getShops
12acfc45-bdfb-4343-9004-9be15dfd844c,a51e2ff0-4411-41d8-acaa-a730ac40f347,a691275d-fe09-498f-bf95-31f8f072b36c,->,12acfc45-bdfb-4343-9004-9be15dfd844c,server/model/shops/ShopAssistant.java,openShop
12acfc45-bdfb-4343-9004-9be15dfd844c,a51e2ff0-4411-41d8-acaa-a730ac40f347,a691275d-fe09-498f-bf95-31f8f072b36c,->,12acfc45-bdfb-4343-9004-9be15dfd844c,server/model/players/Client.java,getShops
12acfc45-bdfb-4343-9004-9be15dfd844c,a51e2ff0-4411-41d8-acaa-a730ac40f347,a691275d-fe09-498f-bf95-31f8f072b36c,->,12acfc45-bdfb-4343-9004-9be15dfd844c,server/model/shops/ShopAssistant.java,openShop
12acfc45-bdfb-4343-9004-9be15dfd844c,a51e2ff0-4411-41d8-acaa-a730ac40f347,a691275d-fe09-498f-bf95-31f8f072b36c,->,12acfc45-bdfb-4343-9004-9be15dfd844c,server/model/players/Client.java,getShops
12acfc45-bdfb-4343-9004-9be15dfd844c,a51e2ff0-4411-41d8-acaa-a730ac40f347,a691275d-fe09-498f-bf95-31f8f072b36c,->,12acfc45-bdfb-4343-9004-9be15dfd844c,server/model/shops/ShopAssistant.java,openShop
12acfc45-bdfb-4343-9004-9be15dfd844c,a51e2ff0-4411-41d8-acaa-a730ac40f347,a691275d-fe09-498f-bf95-31f8f072b36c,->,12acfc45-bdfb-4343-9004-9be15dfd844c,server/model/players/Client.java,getShops
12acfc45-bdfb-4343-9004-9be15dfd844c,a51e2ff0-4411-41d8-acaa-a730ac40f347,a691275d-fe09-498f-bf95-31f8f072b36c,->,12acfc45-bdfb-4343-9004-9be15dfd844c,server/model/shops/ShopAssistant.java,openShop
12acfc45-bdfb-4343-9004-9be15dfd844c,a51e2ff0-4411-41d8-acaa-a730ac40f347,a691275d-fe09-498f-bf95-31f8f072b36c,->,12acfc45-bdfb-4343-9004-9be15dfd844c,server/model/players/Client.java,getShops
12acfc45-bdfb-4343-9004-9be15dfd844c,a51e2ff0-4411-41d8-acaa-a730ac40f347,a691275d-fe09-498f-bf95-31f8f072b36c,->,12acfc45-bdfb-4343-9004-9be15dfd844c,server/model/shops/ShopAssistant.java,openShop
12acfc45-bdfb-4343-9004-9be15dfd844c,a51e2ff0-4411-41d8-acaa-a730ac40f347,a691275d-fe09-498f-bf95-31f8f072b36c,->,12acfc45-bdfb-4343-9004-9be15dfd844c,server/model/players/Client.java,getShops
12acfc45-bdfb-4343-9004-9be15dfd844c,a51e2ff0-4411-41d8-acaa-a730ac40f347,a691275d-fe09-498f-bf95-31f8f072b36c,->,12acfc45-bdfb-4343-9004-9be15dfd844c,server/model/shops/ShopAssistant.java,openShop
12acfc45-bdfb-4343-9004-9be15dfd844c,a51e2ff0-4411-41d8-acaa-a730ac40f347,a691275d-fe09-498f-bf95-31f8f072b36c,->,12acfc45-bdfb-4343-9004-9be15dfd844c,server/model/players/Client.java,getShops
12acfc45-bdfb-4343-9004-9be15dfd844c,a51e2ff0-4411-41d8-acaa-a730ac40f347,a691275d-fe09-498f-bf95-31f8f072b36c,->,12acfc45-bdfb-4343-9004-9be15dfd844c,server/model/shops/ShopAssistant.java,openShop
12acfc45-bdfb-4343-9004-9be15dfd844c,a51e2ff0-4411-41d8-acaa-a730ac40f347,a691275d-fe09-498f-bf95-31f8f072b36c,->,12acfc45-bdfb-4343-9004-9be15dfd844c,server/model/players/Client.java,getShops
12acfc45-bdfb-4343-9004-9be15dfd844c,a51e2ff0-4411-41d8-acaa-a730ac40f347,a691275d-fe09-498f-bf95-31f8f072b36c,->,12acfc45-bdfb-4343-9004-9be15dfd844c,server/model/shops/ShopAssistant.java,openShop
12acfc45-bdfb-4343-9004-9be15dfd844c,a51e2ff0-4411-41d8-acaa-a730ac40f347,a691275d-fe09-498f-bf95-31f8f072b36c,->,12acfc45-bdfb-4343-9004-9be15dfd844c,server/model/players/Client.java,getShops
12acfc45-bdfb-4343-9004-9be15dfd844c,a51e2ff0-4411-41d8-acaa-a730ac40f347,a691275d-fe09-498f-bf95-31f8f072b36c,->,12acfc45-bdfb-4343-9004-9be15dfd844c,server/model/shops/ShopAssistant.java,openShop
12acfc45-bdfb-4343-9004-9be15dfd844c,a51e2ff0-4411-41d8-acaa-a730ac40f347,a691275d-fe09-498f-bf95-31f8f072b36c,->,12acfc45-bdfb-4343-9004-9be15dfd844c,server/model/players/Client.java,getShops
12acfc45-bdfb-4343-9004-9be15dfd844c,a51e2ff0-4411-41d8-acaa-a730ac40f347,a691275d-fe09-498f-bf95-31f8f072b36c,->,12acfc45-bdfb-4343-9004-9be15dfd844c,server/model/shops/ShopAssistant.java,openShop
12acfc45-bdfb-4343-9004-9be15dfd844c,a51e2ff0-4411-41d8-acaa-a730ac40f347,a691275d-fe09-498f-bf95-31f8f072b36c,->,12acfc45-bdfb-4343-9004-9be15dfd844c,server/model/players/Client.java,getShops
12acfc45-bdfb-4343-9004-9be15dfd844c,a51e2ff0-4411-41d8-acaa-a730ac40f347,a691275d-fe09-498f-bf95-31f8f072b36c,->,12acfc45-bdfb-4343-9004-9be15dfd844c,server/model/shops/ShopAssistant.java,openShop
12acfc45-bdfb-4343-9004-9be15dfd844c,a51e2ff0-4411-41d8-acaa-a730ac40f347,a691275d-fe09-498f-bf95-31f8f072b36c,->,12acfc45-bdfb-4343-9004-9be15dfd844c,server/model/players/Client.java,getShops
12acfc45-bdfb-4343-9004-9be15dfd844c,a51e2ff0-4411-41d8-acaa-a730ac40f347,a691275d-fe09-498f-bf95-31f8f072b36c,->,12acfc45-bdfb-4343-9004-9be15dfd844c,server/model/shops/ShopAssistant.java,openShop
12acfc45-bdfb-4343-9004-9be15dfd844c,a51e2ff0-4411-41d8-acaa-a730ac40f347,a691275d-fe09-498f-bf95-31f8f072b36c,->,12acfc45-bdfb-4343-9004-9be15dfd844c,server/model/players/Client.java,getShops
12acfc45-bdfb-4343-9004-9be15dfd844c,a51e2ff0-4411-41d8-acaa-a730ac40f347,a691275d-fe09-498f-bf95-31f8f072b36c,->,12acfc45-bdfb-4343-9004-9be15dfd844c,server/model/shops/ShopAssistant.java,openShop
12acfc45-bdfb-4343-9004-9be15dfd844c,a51e2ff0-4411-41d8-acaa-a730ac40f347,a691275d-fe09-498f-bf95-31f8f072b36c,->,12acfc45-bdfb-4343-9004-9be15dfd844c,server/model/players/Client.java,getShops
12acfc45-bdfb-4343-9004-9be15dfd844c,a51e2ff0-4411-41d8-acaa-a730ac40f347,a691275d-fe09-498f-bf95-31f8f072b36c,->,12acfc45-bdfb-4343-9004-9be15dfd844c,server/model/shops/ShopAssistant.java,openShop
12acfc45-bdfb-4343-9004-9be15dfd844c,a51e2ff0-4411-41d8-acaa-a730ac40f347,a691275d-fe09-498f-bf95-31f8f072b36c,->,12acfc45-bdfb-4343-9004-9be15dfd844c,server/model/players/Client.java,getShops
12acfc45-bdfb-4343-9004-9be15dfd844c,a51e2ff0-4411-41d8-acaa-a730ac40f347,a691275d-fe09-498f-bf95-31f8f072b36c,->,12acfc45-bdfb-4343-9004-9be15dfd844c,server/model/shops/ShopAssistant.java,openShop
12acfc45-bdfb-4343-9004-9be15dfd844c,a51e2ff0-4411-41d8-acaa-a730ac40f347,a691275d-fe09-498f-bf95-31f8f072b36c,->,12acfc45-bdfb-4343-9004-9be15dfd844c,server/model/players/Client.java,getShops
12acfc45-bdfb-4343-9004-9be15dfd844c,a51e2ff0-4411-41d8-acaa-a730ac40f347,a691275d-fe09-498f-bf95-31f8f072b36c,->,12acfc45-bdfb-4343-9004-9be15dfd844c,server/model/shops/ShopAssistant.java,openShop
12acfc45-bdfb-4343-9004-9be15dfd844c,a51e2ff0-4411-41d8-acaa-a730ac40f347,a691275d-fe09-498f-bf95-31f8f072b36c,->,12acfc45-bdfb-4343-9004-9be15dfd844c,server/model/players/Client.java,getShops
12acfc45-bdfb-4343-9004-9be15dfd844c,a51e2ff0-4411-41d8-acaa-a730ac40f347,a691275d-fe09-498f-bf95-31f8f072b36c,->,12acfc45-bdfb-4343-9004-9be15dfd844c,server/model/shops/ShopAssistant.java,openShop
12acfc45-bdfb-4343-9004-9be15dfd844c,a51e2ff0-4411-41d8-acaa-a730ac40f347,a691275d-fe09-498f-bf95-31f8f072b36c,->,12acfc45-bdfb-4343-9004-9be15dfd844c,server/model/players/Client.java,getShops
12acfc45-bdfb-4343-9004-9be15dfd844c,a51e2ff0-4411-41d8-acaa-a730ac40f347,a691275d-fe09-498f-bf95-31f8f072b36c,->,12acfc45-bdfb-4343-9004-9be15dfd844c,server/model/shops/ShopAssistant.java,openShop
12acfc45-bdfb-4343-9004-9be15dfd844c,a51e2ff0-4411-41d8-acaa-a730ac40f347,a691275d-fe09-498f-bf95-31f8f072b36c,->,12acfc45-bdfb-4343-9004-9be15dfd844c,server/model/players/Client.java,getShops
12acfc45-bdfb-4343-9004-9be15dfd844c,a51e2ff0-4411-41d8-acaa-a730ac40f347,a691275d-fe09-498f-bf95-31f8f072b36c,->,12acfc45-bdfb-4343-9004-9be15dfd844c,server/model/shops/ShopAssistant.java,openShop
12acfc45-bdfb-4343-9004-9be15dfd844c,a51e2ff0-4411-41d8-acaa-a730ac40f347,a691275d-fe09-498f-bf95-31f8f072b36c,->,12acfc45-bdfb-4343-9004-9be15dfd844c,server/model/players/Client.java,getShops
12acfc45-bdfb-4343-9004-9be15dfd844c,a51e2ff0-4411-41d8-acaa-a730ac40f347,a691275d-fe09-498f-bf95-31f8f072b36c,->,12acfc45-bdfb-4343-9004-9be15dfd844c,server/model/shops/ShopAssistant.java,openShop
12acfc45-bdfb-4343-9004-9be15dfd844c,a51e2ff0-4411-41d8-acaa-a730ac40f347,a691275d-fe09-498f-bf95-31f8f072b36c,->,12acfc45-bdfb-4343-9004-9be15dfd844c,server/model/players/Client.java,getShops
12acfc45-bdfb-4343-9004-9be15dfd844c,a51e2ff0-4411-41d8-acaa-a730ac40f347,a691275d-fe09-498f-bf95-31f8f072b36c,->,12acfc45-bdfb-4343-9004-9be15dfd844c,server/model/shops/ShopAssistant.java,openShop
12acfc45-bdfb-4343-9004-9be15dfd844c,a51e2ff0-4411-41d8-acaa-a730ac40f347,a691275d-fe09-498f-bf95-31f8f072b36c,->,12acfc45-bdfb-4343-9004-9be15dfd844c,server/model/players/Client.java,getShops
12acfc45-bdfb-4343-9004-9be15dfd844c,a51e2ff0-4411-41d8-acaa-a730ac40f347,a691275d-fe09-498f-bf95-31f8f072b36c,->,12acfc45-bdfb-4343-9004-9be15dfd844c,server/model/shops/ShopAssistant.java,openShop
12acfc45-bdfb-4343-9004-9be15dfd844c,a51e2ff0-4411-41d8-acaa-a730ac40f347,a691275d-fe09-498f-bf95-31f8f072b36c,->,12acfc45-bdfb-4343-9004-9be15dfd844c,server/model/players/Client.java,getShops
12acfc45-bdfb-4343-9004-9be15dfd844c,a51e2ff0-4411-41d8-acaa-a730ac40f347,a691275d-fe09-498f-bf95-31f8f072b36c,->,12acfc45-bdfb-4343-9004-9be15dfd844c,server/model/shops/ShopAssistant.java,openShop
12acfc45-bdfb-4343-9004-9be15dfd844c,a51e2ff0-4411-41d8-acaa-a730ac40f347,a691275d-fe09-498f-bf95-31f8f072b36c,->,12acfc45-bdfb-4343-9004-9be15dfd844c,server/model/players/Client.java,getShops
12acfc45-bdfb-4343-9004-9be15dfd844c,a51e2ff0-4411-41d8-acaa-a730ac40f347,a691275d-fe09-498f-bf95-31f8f072b36c,->,12acfc45-bdfb-4343-9004-9be15dfd844c,server/model/shops/ShopAssistant.java,openShop
12acfc45-bdfb-4343-9004-9be15dfd844c,a51e2ff0-4411-41d8-acaa-a730ac40f347,a691275d-fe09-498f-bf95-31f8f072b36c,->,12acfc45-bdfb-4343-9004-9be15dfd844c,server/model/players/Client.java,getShops
12acfc45-bdfb-4343-9004-9be15dfd844c,a51e2ff0-4411-41d8-acaa-a730ac40f347,a691275d-fe09-498f-bf95-31f8f072b36c,->,12acfc45-bdfb-4343-9004-9be15dfd844c,server/model/shops/ShopAssistant.java,openShop
12acfc45-bdfb-4343-9004-9be15dfd844c,a51e2ff0-4411-41d8-acaa-a730ac40f347,a691275d-fe09-498f-bf95-31f8f072b36c,->,12acfc45-bdfb-4343-9004-9be15dfd844c,server/model/players/Client.java,getShops
12acfc45-bdfb-4343-9004-9be15dfd844c,a51e2ff0-4411-41d8-acaa-a730ac40f347,a691275d-fe09-498f-bf95-31f8f072b36c,->,12acfc45-bdfb-4343-9004-9be15dfd844c,server/model/shops/ShopAssistant.java,openShop
12acfc45-bdfb-4343-9004-9be15dfd844c,a51e2ff0-4411-41d8-acaa-a730ac40f347,a691275d-fe09-498f-bf95-31f8f072b36c,->,12acfc45-bdfb-4343-9004-9be15dfd844c,server/model/players/Client.java,getShops
12acfc45-bdfb-4343-9004-9be15dfd844c,a51e2ff0-4411-41d8-acaa-a730ac40f347,a691275d-fe09-498f-bf95-31f8f072b36c,->,12acfc45-bdfb-4343-9004-9be15dfd844c,server/model/shops/ShopAssistant.java,openShop
12acfc45-bdfb-4343-9004-9be15dfd844c,a51e2ff0-4411-41d8-acaa-a730ac40f347,a691275d-fe09-498f-bf95-31f8f072b36c,->,12acfc45-bdfb-4343-9004-9be15dfd844c,server/model/players/Client.java,getShops
12acfc45-bdfb-4343-9004-9be15dfd844c,a51e2ff0-4411-41d8-acaa-a730ac40f347,a691275d-fe09-498f-bf95-31f8f072b36c,->,12acfc45-bdfb-4343-9004-9be15dfd844c,server/model/shops/ShopAssistant.java,openShop
12acfc45-bdfb-4343-9004-9be15dfd844c,a51e2ff0-4411-41d8-acaa-a730ac40f347,a691275d-fe09-498f-bf95-31f8f072b36c,->,12acfc45-bdfb-4343-9004-9be15dfd844c,server/model/players/Client.java,getShops
12acfc45-bdfb-4343-9004-9be15dfd844c,a51e2ff0-4411-41d8-acaa-a730ac40f347,a691275d-fe09-498f-bf95-31f8f072b36c,->,12acfc45-bdfb-4343-9004-9be15dfd844c,server/model/shops/ShopAssistant.java,openShop
12acfc45-bdfb-4343-9004-9be15dfd844c,a51e2ff0-4411-41d8-acaa-a730ac40f347,a691275d-fe09-498f-bf95-31f8f072b36c,->,12acfc45-bdfb-4343-9004-9be15dfd844c,server/model/players/Client.java,getShops
12acfc45-bdfb-4343-9004-9be15dfd844c,a51e2ff0-4411-41d8-acaa-a730ac40f347,a691275d-fe09-498f-bf95-31f8f072b36c,->,12acfc45-bdfb-4343-9004-9be15dfd844c,server/model/shops/ShopAssistant.java,openShop
12acfc45-bdfb-4343-9004-9be15dfd844c,a51e2ff0-4411-41d8-acaa-a730ac40f347,a691275d-fe09-498f-bf95-31f8f072b36c,->,12acfc45-bdfb-4343-9004-9be15dfd844c,server/model/players/Client.java,getShops
12acfc45-bdfb-4343-9004-9be15dfd844c,a51e2ff0-4411-41d8-acaa-a730ac40f347,a691275d-fe09-498f-bf95-31f8f072b36c,->,12acfc45-bdfb-4343-9004-9be15dfd844c,server/model/shops/ShopAssistant.java,openShop
12acfc45-bdfb-4343-9004-9be15dfd844c,a51e2ff0-4411-41d8-acaa-a730ac40f347,a691275d-fe09-498f-bf95-31f8f072b36c,->,12acfc45-bdfb-4343-9004-9be15dfd844c,server/model/players/Client.java,getShops
12acfc45-bdfb-4343-9004-9be15dfd844c,a51e2ff0-4411-41d8-acaa-a730ac40f347,a691275d-fe09-498f-bf95-31f8f072b36c,->,12acfc45-bdfb-4343-9004-9be15dfd844c,server/model/shops/ShopAssistant.java,openShop
12acfc45-bdfb-4343-9004-9be15dfd844c,a51e2ff0-4411-41d8-acaa-a730ac40f347,a691275d-fe09-498f-bf95-31f8f072b36c,->,12acfc45-bdfb-4343-9004-9be15dfd844c,server/model/players/Client.java,getShops
12acfc45-bdfb-4343-9004-9be15dfd844c,a51e2ff0-4411-41d8-acaa-a730ac40f347,a691275d-fe09-498f-bf95-31f8f072b36c,->,12acfc45-bdfb-4343-9004-9be15dfd844c,server/model/shops/ShopAssistant.java,openShop
12acfc45-bdfb-4343-9004-9be15dfd844c,a51e2ff0-4411-41d8-acaa-a730ac40f347,a691275d-fe09-498f-bf95-31f8f072b36c,->,12acfc45-bdfb-4343-9004-9be15dfd844c,server/model/players/Client.java,getShops
12acfc45-bdfb-4343-9004-9be15dfd844c,a51e2ff0-4411-41d8-acaa-a730ac40f347,a691275d-fe09-498f-bf95-31f8f072b36c,->,12acfc45-bdfb-4343-9004-9be15dfd844c,server/model/shops/ShopAssistant.java,openShop
12acfc45-bdfb-4343-9004-9be15dfd844c,a51e2ff0-4411-41d8-acaa-a730ac40f347,a691275d-fe09-498f-bf95-31f8f072b36c,->,12acfc45-bdfb-4343-9004-9be15dfd844c,server/model/players/Client.java,getShops
12acfc45-bdfb-4343-9004-9be15dfd844c,a51e2ff0-4411-41d8-acaa-a730ac40f347,a691275d-fe09-498f-bf95-31f8f072b36c,->,12acfc45-bdfb-4343-9004-9be15dfd844c,server/model/shops/ShopAssistant.java,openShop
12acfc45-bdfb-4343-9004-9be15dfd844c,a51e2ff0-4411-41d8-acaa-a730ac40f347,a691275d-fe09-498f-bf95-31f8f072b36c,->,12acfc45-bdfb-4343-9004-9be15dfd844c,server/model/players/Client.java,getShops
12acfc45-bdfb-4343-9004-9be15dfd844c,a51e2ff0-4411-41d8-acaa-a730ac40f347,a691275d-fe09-498f-bf95-31f8f072b36c,->,12acfc45-bdfb-4343-9004-9be15dfd844c,server/model/shops/ShopAssistant.java,openShop
12acfc45-bdfb-4343-9004-9be15dfd844c,a51e2ff0-4411-41d8-acaa-a730ac40f347,a691275d-fe09-498f-bf95-31f8f072b36c,->,12acfc45-bdfb-4343-9004-9be15dfd844c,server/model/players/Client.java,getShops
12acfc45-bdfb-4343-9004-9be15dfd844c,a51e2ff0-4411-41d8-acaa-a730ac40f347,a691275d-fe09-498f-bf95-31f8f072b36c,->,12acfc45-bdfb-4343-9004-9be15dfd844c,server/model/shops/ShopAssistant.java,openShop
12acfc45-bdfb-4343-9004-9be15dfd844c,a51e2ff0-4411-41d8-acaa-a730ac40f347,a691275d-fe09-498f-bf95-31f8f072b36c,->,12acfc45-bdfb-4343-9004-9be15dfd844c,server/model/players/Client.java,getPA
12acfc45-bdfb-4343-9004-9be15dfd844c,a51e2ff0-4411-41d8-acaa-a730ac40f347,a691275d-fe09-498f-bf95-31f8f072b36c,->,12acfc45-bdfb-4343-9004-9be15dfd844c,991eb2a8-284a-4290-ae08-f54cf8834706,ac5a52b5-7320-44a0-9233-853148386f14
12acfc45-bdfb-4343-9004-9be15dfd844c,a51e2ff0-4411-41d8-acaa-a730ac40f347,a691275d-fe09-498f-bf95-31f8f072b36c,->,12acfc45-bdfb-4343-9004-9be15dfd844c,server/model/players/Client.java,getShops
12acfc45-bdfb-4343-9004-9be15dfd844c,a51e2ff0-4411-41d8-acaa-a730ac40f347,a691275d-fe09-498f-bf95-31f8f072b36c,->,12acfc45-bdfb-4343-9004-9be15dfd844c,server/model/shops/ShopAssistant.java,openShop
12acfc45-bdfb-4343-9004-9be15dfd844c,a51e2ff0-4411-41d8-acaa-a730ac40f347,a691275d-fe09-498f-bf95-31f8f072b36c,->,12acfc45-bdfb-4343-9004-9be15dfd844c,server/model/players/Client.java,getShops
12acfc45-bdfb-4343-9004-9be15dfd844c,a51e2ff0-4411-41d8-acaa-a730ac40f347,a691275d-fe09-498f-bf95-31f8f072b36c,->,12acfc45-bdfb-4343-9004-9be15dfd844c,server/model/shops/ShopAssistant.java,openShop
12acfc45-bdfb-4343-9004-9be15dfd844c,a51e2ff0-4411-41d8-acaa-a730ac40f347,a691275d-fe09-498f-bf95-31f8f072b36c,->,12acfc45-bdfb-4343-9004-9be15dfd844c,server/model/players/Client.java,getShops
12acfc45-bdfb-4343-9004-9be15dfd844c,a51e2ff0-4411-41d8-acaa-a730ac40f347,a691275d-fe09-498f-bf95-31f8f072b36c,->,12acfc45-bdfb-4343-9004-9be15dfd844c,server/model/shops/ShopAssistant.java,openShop
12acfc45-bdfb-4343-9004-9be15dfd844c,a51e2ff0-4411-41d8-acaa-a730ac40f347,a691275d-fe09-498f-bf95-31f8f072b36c,->,12acfc45-bdfb-4343-9004-9be15dfd844c,server/model/players/Client.java,getShops
12acfc45-bdfb-4343-9004-9be15dfd844c,a51e2ff0-4411-41d8-acaa-a730ac40f347,a691275d-fe09-498f-bf95-31f8f072b36c,->,12acfc45-bdfb-4343-9004-9be15dfd844c,server/model/shops/ShopAssistant.java,openShop
12acfc45-bdfb-4343-9004-9be15dfd844c,a51e2ff0-4411-41d8-acaa-a730ac40f347,a691275d-fe09-498f-bf95-31f8f072b36c,->,12acfc45-bdfb-4343-9004-9be15dfd844c,server/model/players/Client.java,getShops
12acfc45-bdfb-4343-9004-9be15dfd844c,a51e2ff0-4411-41d8-acaa-a730ac40f347,a691275d-fe09-498f-bf95-31f8f072b36c,->,12acfc45-bdfb-4343-9004-9be15dfd844c,server/model/shops/ShopAssistant.java,openShop
12acfc45-bdfb-4343-9004-9be15dfd844c,a51e2ff0-4411-41d8-acaa-a730ac40f347,a691275d-fe09-498f-bf95-31f8f072b36c,->,12acfc45-bdfb-4343-9004-9be15dfd844c,server/model/players/Client.java,getShops
12acfc45-bdfb-4343-9004-9be15dfd844c,a51e2ff0-4411-41d8-acaa-a730ac40f347,a691275d-fe09-498f-bf95-31f8f072b36c,->,12acfc45-bdfb-4343-9004-9be15dfd844c,server/model/shops/ShopAssistant.java,openShop
12acfc45-bdfb-4343-9004-9be15dfd844c,a51e2ff0-4411-41d8-acaa-a730ac40f347,a691275d-fe09-498f-bf95-31f8f072b36c,->,12acfc45-bdfb-4343-9004-9be15dfd844c,server/model/players/Client.java,getShops
12acfc45-bdfb-4343-9004-9be15dfd844c,a51e2ff0-4411-41d8-acaa-a730ac40f347,a691275d-fe09-498f-bf95-31f8f072b36c,->,12acfc45-bdfb-4343-9004-9be15dfd844c,server/model/shops/ShopAssistant.java,openShop
12acfc45-bdfb-4343-9004-9be15dfd844c,a51e2ff0-4411-41d8-acaa-a730ac40f347,a691275d-fe09-498f-bf95-31f8f072b36c,->,12acfc45-bdfb-4343-9004-9be15dfd844c,server/model/players/Client.java,getShops
12acfc45-bdfb-4343-9004-9be15dfd844c,a51e2ff0-4411-41d8-acaa-a730ac40f347,a691275d-fe09-498f-bf95-31f8f072b36c,->,12acfc45-bdfb-4343-9004-9be15dfd844c,server/model/shops/ShopAssistant.java,openShop
12acfc45-bdfb-4343-9004-9be15dfd844c,a51e2ff0-4411-41d8-acaa-a730ac40f347,a691275d-fe09-498f-bf95-31f8f072b36c,->,12acfc45-bdfb-4343-9004-9be15dfd844c,server/model/players/Client.java,getShops
12acfc45-bdfb-4343-9004-9be15dfd844c,a51e2ff0-4411-41d8-acaa-a730ac40f347,a691275d-fe09-498f-bf95-31f8f072b36c,->,12acfc45-bdfb-4343-9004-9be15dfd844c,server/model/shops/ShopAssistant.java,openShop
12acfc45-bdfb-4343-9004-9be15dfd844c,a51e2ff0-4411-41d8-acaa-a730ac40f347,a691275d-fe09-498f-bf95-31f8f072b36c,->,12acfc45-bdfb-4343-9004-9be15dfd844c,server/model/players/Client.java,getShops
12acfc45-bdfb-4343-9004-9be15dfd844c,a51e2ff0-4411-41d8-acaa-a730ac40f347,a691275d-fe09-498f-bf95-31f8f072b36c,->,12acfc45-bdfb-4343-9004-9be15dfd844c,server/model/shops/ShopAssistant.java,openShop
12acfc45-bdfb-4343-9004-9be15dfd844c,a51e2ff0-4411-41d8-acaa-a730ac40f347,a691275d-fe09-498f-bf95-31f8f072b36c,->,12acfc45-bdfb-4343-9004-9be15dfd844c,server/model/players/Client.java,getShops
12acfc45-bdfb-4343-9004-9be15dfd844c,a51e2ff0-4411-41d8-acaa-a730ac40f347,a691275d-fe09-498f-bf95-31f8f072b36c,->,12acfc45-bdfb-4343-9004-9be15dfd844c,server/model/shops/ShopAssistant.java,openShop
12acfc45-bdfb-4343-9004-9be15dfd844c,a51e2ff0-4411-41d8-acaa-a730ac40f347,a691275d-fe09-498f-bf95-31f8f072b36c,->,12acfc45-bdfb-4343-9004-9be15dfd844c,server/model/players/Client.java,getShops
12acfc45-bdfb-4343-9004-9be15dfd844c,a51e2ff0-4411-41d8-acaa-a730ac40f347,a691275d-fe09-498f-bf95-31f8f072b36c,->,12acfc45-bdfb-4343-9004-9be15dfd844c,server/model/shops/ShopAssistant.java,openShop
12acfc45-bdfb-4343-9004-9be15dfd844c,a51e2ff0-4411-41d8-acaa-a730ac40f347,a691275d-fe09-498f-bf95-31f8f072b36c,->,12acfc45-bdfb-4343-9004-9be15dfd844c,server/model/players/Client.java,getShops
12acfc45-bdfb-4343-9004-9be15dfd844c,a51e2ff0-4411-41d8-acaa-a730ac40f347,a691275d-fe09-498f-bf95-31f8f072b36c,->,12acfc45-bdfb-4343-9004-9be15dfd844c,server/model/shops/ShopAssistant.java,openShop
12acfc45-bdfb-4343-9004-9be15dfd844c,a51e2ff0-4411-41d8-acaa-a730ac40f347,a691275d-fe09-498f-bf95-31f8f072b36c,->,12acfc45-bdfb-4343-9004-9be15dfd844c,server/model/players/Client.java,getShops
12acfc45-bdfb-4343-9004-9be15dfd844c,a51e2ff0-4411-41d8-acaa-a730ac40f347,a691275d-fe09-498f-bf95-31f8f072b36c,->,12acfc45-bdfb-4343-9004-9be15dfd844c,server/model/shops/ShopAssistant.java,openShop
12acfc45-bdfb-4343-9004-9be15dfd844c,a51e2ff0-4411-41d8-acaa-a730ac40f347,a691275d-fe09-498f-bf95-31f8f072b36c,->,12acfc45-bdfb-4343-9004-9be15dfd844c,server/model/players/Client.java,getShops
12acfc45-bdfb-4343-9004-9be15dfd844c,a51e2ff0-4411-41d8-acaa-a730ac40f347,a691275d-fe09-498f-bf95-31f8f072b36c,->,12acfc45-bdfb-4343-9004-9be15dfd844c,server/model/shops/ShopAssistant.java,openShop
12acfc45-bdfb-4343-9004-9be15dfd844c,a51e2ff0-4411-41d8-acaa-a730ac40f347,a691275d-fe09-498f-bf95-31f8f072b36c,->,12acfc45-bdfb-4343-9004-9be15dfd844c,server/model/players/Client.java,getShops
12acfc45-bdfb-4343-9004-9be15dfd844c,a51e2ff0-4411-41d8-acaa-a730ac40f347,a691275d-fe09-498f-bf95-31f8f072b36c,->,12acfc45-bdfb-4343-9004-9be15dfd844c,server/model/shops/ShopAssistant.java,openShop
12acfc45-bdfb-4343-9004-9be15dfd844c,a51e2ff0-4411-41d8-acaa-a730ac40f347,a691275d-fe09-498f-bf95-31f8f072b36c,->,12acfc45-bdfb-4343-9004-9be15dfd844c,server/model/players/Client.java,getShops
12acfc45-bdfb-4343-9004-9be15dfd844c,a51e2ff0-4411-41d8-acaa-a730ac40f347,a691275d-fe09-498f-bf95-31f8f072b36c,->,12acfc45-bdfb-4343-9004-9be15dfd844c,server/model/shops/ShopAssistant.java,openShop
12acfc45-bdfb-4343-9004-9be15dfd844c,a51e2ff0-4411-41d8-acaa-a730ac40f347,a691275d-fe09-498f-bf95-31f8f072b36c,->,12acfc45-bdfb-4343-9004-9be15dfd844c,server/model/players/Client.java,getShops
12acfc45-bdfb-4343-9004-9be15dfd844c,a51e2ff0-4411-41d8-acaa-a730ac40f347,a691275d-fe09-498f-bf95-31f8f072b36c,->,12acfc45-bdfb-4343-9004-9be15dfd844c,server/model/shops/ShopAssistant.java,openShop
12acfc45-bdfb-4343-9004-9be15dfd844c,a51e2ff0-4411-41d8-acaa-a730ac40f347,a691275d-fe09-498f-bf95-31f8f072b36c,->,12acfc45-bdfb-4343-9004-9be15dfd844c,server/model/players/Client.java,getShops
12acfc45-bdfb-4343-9004-9be15dfd844c,a51e2ff0-4411-41d8-acaa-a730ac40f347,a691275d-fe09-498f-bf95-31f8f072b36c,->,12acfc45-bdfb-4343-9004-9be15dfd844c,server/model/shops/ShopAssistant.java,openShop
12acfc45-bdfb-4343-9004-9be15dfd844c,a51e2ff0-4411-41d8-acaa-a730ac40f347,a691275d-fe09-498f-bf95-31f8f072b36c,->,12acfc45-bdfb-4343-9004-9be15dfd844c,server/model/players/Client.java,getShops
12acfc45-bdfb-4343-9004-9be15dfd844c,a51e2ff0-4411-41d8-acaa-a730ac40f347,a691275d-fe09-498f-bf95-31f8f072b36c,->,12acfc45-bdfb-4343-9004-9be15dfd844c,server/model/shops/ShopAssistant.java,openShop
12acfc45-bdfb-4343-9004-9be15dfd844c,a51e2ff0-4411-41d8-acaa-a730ac40f347,a691275d-fe09-498f-bf95-31f8f072b36c,->,12acfc45-bdfb-4343-9004-9be15dfd844c,server/model/players/Client.java,getShops
12acfc45-bdfb-4343-9004-9be15dfd844c,a51e2ff0-4411-41d8-acaa-a730ac40f347,a691275d-fe09-498f-bf95-31f8f072b36c,->,12acfc45-bdfb-4343-9004-9be15dfd844c,server/model/shops/ShopAssistant.java,openShop
12acfc45-bdfb-4343-9004-9be15dfd844c,a51e2ff0-4411-41d8-acaa-a730ac40f347,a691275d-fe09-498f-bf95-31f8f072b36c,->,12acfc45-bdfb-4343-9004-9be15dfd844c,server/model/players/Client.java,getShops
12acfc45-bdfb-4343-9004-9be15dfd844c,a51e2ff0-4411-41d8-acaa-a730ac40f347,a691275d-fe09-498f-bf95-31f8f072b36c,->,12acfc45-bdfb-4343-9004-9be15dfd844c,server/model/shops/ShopAssistant.java,openShop
12acfc45-bdfb-4343-9004-9be15dfd844c,a51e2ff0-4411-41d8-acaa-a730ac40f347,a691275d-fe09-498f-bf95-31f8f072b36c,->,12acfc45-bdfb-4343-9004-9be15dfd844c,server/model/players/Client.java,getShops
12acfc45-bdfb-4343-9004-9be15dfd844c,a51e2ff0-4411-41d8-acaa-a730ac40f347,a691275d-fe09-498f-bf95-31f8f072b36c,->,12acfc45-bdfb-4343-9004-9be15dfd844c,server/model/shops/ShopAssistant.java,openShop
12acfc45-bdfb-4343-9004-9be15dfd844c,a51e2ff0-4411-41d8-acaa-a730ac40f347,a691275d-fe09-498f-bf95-31f8f072b36c,->,12acfc45-bdfb-4343-9004-9be15dfd844c,server/model/players/Client.java,getShops
12acfc45-bdfb-4343-9004-9be15dfd844c,a51e2ff0-4411-41d8-acaa-a730ac40f347,a691275d-fe09-498f-bf95-31f8f072b36c,->,12acfc45-bdfb-4343-9004-9be15dfd844c,server/model/shops/ShopAssistant.java,openShop
12acfc45-bdfb-4343-9004-9be15dfd844c,a51e2ff0-4411-41d8-acaa-a730ac40f347,a691275d-fe09-498f-bf95-31f8f072b36c,->,12acfc45-bdfb-4343-9004-9be15dfd844c,server/model/players/Client.java,getShops
12acfc45-bdfb-4343-9004-9be15dfd844c,a51e2ff0-4411-41d8-acaa-a730ac40f347,a691275d-fe09-498f-bf95-31f8f072b36c,->,12acfc45-bdfb-4343-9004-9be15dfd844c,server/model/shops/ShopAssistant.java,openShop
12acfc45-bdfb-4343-9004-9be15dfd844c,a51e2ff0-4411-41d8-acaa-a730ac40f347,a691275d-fe09-498f-bf95-31f8f072b36c,->,12acfc45-bdfb-4343-9004-9be15dfd844c,server/model/players/Client.java,getShops
12acfc45-bdfb-4343-9004-9be15dfd844c,a51e2ff0-4411-41d8-acaa-a730ac40f347,a691275d-fe09-498f-bf95-31f8f072b36c,->,12acfc45-bdfb-4343-9004-9be15dfd844c,server/model/shops/ShopAssistant.java,openShop
12acfc45-bdfb-4343-9004-9be15dfd844c,a51e2ff0-4411-41d8-acaa-a730ac40f347,a691275d-fe09-498f-bf95-31f8f072b36c,->,12acfc45-bdfb-4343-9004-9be15dfd844c,server/model/players/Client.java,getShops
12acfc45-bdfb-4343-9004-9be15dfd844c,a51e2ff0-4411-41d8-acaa-a730ac40f347,a691275d-fe09-498f-bf95-31f8f072b36c,->,12acfc45-bdfb-4343-9004-9be15dfd844c,server/model/shops/ShopAssistant.java,openShop
12acfc45-bdfb-4343-9004-9be15dfd844c,a51e2ff0-4411-41d8-acaa-a730ac40f347,a691275d-fe09-498f-bf95-31f8f072b36c,->,12acfc45-bdfb-4343-9004-9be15dfd844c,server/model/players/Client.java,getShops
12acfc45-bdfb-4343-9004-9be15dfd844c,a51e2ff0-4411-41d8-acaa-a730ac40f347,a691275d-fe09-498f-bf95-31f8f072b36c,->,12acfc45-bdfb-4343-9004-9be15dfd844c,server/model/shops/ShopAssistant.java,openShop
12acfc45-bdfb-4343-9004-9be15dfd844c,a51e2ff0-4411-41d8-acaa-a730ac40f347,a691275d-fe09-498f-bf95-31f8f072b36c,->,12acfc45-bdfb-4343-9004-9be15dfd844c,server/model/players/Client.java,getShops
12acfc45-bdfb-4343-9004-9be15dfd844c,a51e2ff0-4411-41d8-acaa-a730ac40f347,a691275d-fe09-498f-bf95-31f8f072b36c,->,12acfc45-bdfb-4343-9004-9be15dfd844c,server/model/shops/ShopAssistant.java,openShop
12acfc45-bdfb-4343-9004-9be15dfd844c,a51e2ff0-4411-41d8-acaa-a730ac40f347,a691275d-fe09-498f-bf95-31f8f072b36c,->,12acfc45-bdfb-4343-9004-9be15dfd844c,server/model/players/Client.java,getShops
12acfc45-bdfb-4343-9004-9be15dfd844c,a51e2ff0-4411-41d8-acaa-a730ac40f347,a691275d-fe09-498f-bf95-31f8f072b36c,->,12acfc45-bdfb-4343-9004-9be15dfd844c,server/model/shops/ShopAssistant.java,openShop
12acfc45-bdfb-4343-9004-9be15dfd844c,a51e2ff0-4411-41d8-acaa-a730ac40f347,a691275d-fe09-498f-bf95-31f8f072b36c,->,12acfc45-bdfb-4343-9004-9be15dfd844c,server/model/players/Client.java,getShops
12acfc45-bdfb-4343-9004-9be15dfd844c,a51e2ff0-4411-41d8-acaa-a730ac40f347,a691275d-fe09-498f-bf95-31f8f072b36c,->,12acfc45-bdfb-4343-9004-9be15dfd844c,server/model/shops/ShopAssistant.java,openShop
12acfc45-bdfb-4343-9004-9be15dfd844c,a51e2ff0-4411-41d8-acaa-a730ac40f347,a691275d-fe09-498f-bf95-31f8f072b36c,->,12acfc45-bdfb-4343-9004-9be15dfd844c,server/model/players/Client.java,getShops
12acfc45-bdfb-4343-9004-9be15dfd844c,a51e2ff0-4411-41d8-acaa-a730ac40f347,a691275d-fe09-498f-bf95-31f8f072b36c,->,12acfc45-bdfb-4343-9004-9be15dfd844c,server/model/shops/ShopAssistant.java,openShop
12acfc45-bdfb-4343-9004-9be15dfd844c,a51e2ff0-4411-41d8-acaa-a730ac40f347,a691275d-fe09-498f-bf95-31f8f072b36c,->,12acfc45-bdfb-4343-9004-9be15dfd844c,server/model/players/Client.java,getShops
12acfc45-bdfb-4343-9004-9be15dfd844c,a51e2ff0-4411-41d8-acaa-a730ac40f347,a691275d-fe09-498f-bf95-31f8f072b36c,->,12acfc45-bdfb-4343-9004-9be15dfd844c,server/model/shops/ShopAssistant.java,openShop
12acfc45-bdfb-4343-9004-9be15dfd844c,a51e2ff0-4411-41d8-acaa-a730ac40f347,a691275d-fe09-498f-bf95-31f8f072b36c,->,12acfc45-bdfb-4343-9004-9be15dfd844c,server/model/players/Client.java,getShops
12acfc45-bdfb-4343-9004-9be15dfd844c,a51e2ff0-4411-41d8-acaa-a730ac40f347,a691275d-fe09-498f-bf95-31f8f072b36c,->,12acfc45-bdfb-4343-9004-9be15dfd844c,server/model/shops/ShopAssistant.java,openShop
12acfc45-bdfb-4343-9004-9be15dfd844c,a51e2ff0-4411-41d8-acaa-a730ac40f347,a691275d-fe09-498f-bf95-31f8f072b36c,->,12acfc45-bdfb-4343-9004-9be15dfd844c,server/model/players/Client.java,getShops
12acfc45-bdfb-4343-9004-9be15dfd844c,a51e2ff0-4411-41d8-acaa-a730ac40f347,a691275d-fe09-498f-bf95-31f8f072b36c,->,12acfc45-bdfb-4343-9004-9be15dfd844c,server/model/shops/ShopAssistant.java,openShop
12acfc45-bdfb-4343-9004-9be15dfd844c,a51e2ff0-4411-41d8-acaa-a730ac40f347,a691275d-fe09-498f-bf95-31f8f072b36c,->,12acfc45-bdfb-4343-9004-9be15dfd844c,server/model/players/Client.java,getShops
12acfc45-bdfb-4343-9004-9be15dfd844c,a51e2ff0-4411-41d8-acaa-a730ac40f347,a691275d-fe09-498f-bf95-31f8f072b36c,->,12acfc45-bdfb-4343-9004-9be15dfd844c,server/model/shops/ShopAssistant.java,openShop
12acfc45-bdfb-4343-9004-9be15dfd844c,a51e2ff0-4411-41d8-acaa-a730ac40f347,a691275d-fe09-498f-bf95-31f8f072b36c,->,12acfc45-bdfb-4343-9004-9be15dfd844c,server/model/players/Client.java,getShops
12acfc45-bdfb-4343-9004-9be15dfd844c,a51e2ff0-4411-41d8-acaa-a730ac40f347,a691275d-fe09-498f-bf95-31f8f072b36c,->,12acfc45-bdfb-4343-9004-9be15dfd844c,server/model/shops/ShopAssistant.java,openShop
12acfc45-bdfb-4343-9004-9be15dfd844c,a51e2ff0-4411-41d8-acaa-a730ac40f347,a691275d-fe09-498f-bf95-31f8f072b36c,->,12acfc45-bdfb-4343-9004-9be15dfd844c,server/model/players/Client.java,getShops
12acfc45-bdfb-4343-9004-9be15dfd844c,a51e2ff0-4411-41d8-acaa-a730ac40f347,a691275d-fe09-498f-bf95-31f8f072b36c,->,12acfc45-bdfb-4343-9004-9be15dfd844c,server/model/shops/ShopAssistant.java,openShop
12acfc45-bdfb-4343-9004-9be15dfd844c,a51e2ff0-4411-41d8-acaa-a730ac40f347,a691275d-fe09-498f-bf95-31f8f072b36c,->,12acfc45-bdfb-4343-9004-9be15dfd844c,server/model/players/Client.java,getShops
12acfc45-bdfb-4343-9004-9be15dfd844c,a51e2ff0-4411-41d8-acaa-a730ac40f347,a691275d-fe09-498f-bf95-31f8f072b36c,->,12acfc45-bdfb-4343-9004-9be15dfd844c,server/model/shops/ShopAssistant.java,openShop
12acfc45-bdfb-4343-9004-9be15dfd844c,a51e2ff0-4411-41d8-acaa-a730ac40f347,a691275d-fe09-498f-bf95-31f8f072b36c,->,12acfc45-bdfb-4343-9004-9be15dfd844c,server/model/players/Client.java,getShops
12acfc45-bdfb-4343-9004-9be15dfd844c,a51e2ff0-4411-41d8-acaa-a730ac40f347,a691275d-fe09-498f-bf95-31f8f072b36c,->,12acfc45-bdfb-4343-9004-9be15dfd844c,server/model/shops/ShopAssistant.java,openShop
12acfc45-bdfb-4343-9004-9be15dfd844c,a51e2ff0-4411-41d8-acaa-a730ac40f347,a691275d-fe09-498f-bf95-31f8f072b36c,->,12acfc45-bdfb-4343-9004-9be15dfd844c,server/model/players/Client.java,getShops
12acfc45-bdfb-4343-9004-9be15dfd844c,a51e2ff0-4411-41d8-acaa-a730ac40f347,a691275d-fe09-498f-bf95-31f8f072b36c,->,12acfc45-bdfb-4343-9004-9be15dfd844c,server/model/shops/ShopAssistant.java,openShop
12acfc45-bdfb-4343-9004-9be15dfd844c,a51e2ff0-4411-41d8-acaa-a730ac40f347,a691275d-fe09-498f-bf95-31f8f072b36c,->,12acfc45-bdfb-4343-9004-9be15dfd844c,server/model/players/Client.java,getShops
12acfc45-bdfb-4343-9004-9be15dfd844c,a51e2ff0-4411-41d8-acaa-a730ac40f347,a691275d-fe09-498f-bf95-31f8f072b36c,->,12acfc45-bdfb-4343-9004-9be15dfd844c,server/model/shops/ShopAssistant.java,openShop
12acfc45-bdfb-4343-9004-9be15dfd844c,a51e2ff0-4411-41d8-acaa-a730ac40f347,a691275d-fe09-498f-bf95-31f8f072b36c,->,12acfc45-bdfb-4343-9004-9be15dfd844c,server/model/players/Client.java,getShops
12acfc45-bdfb-4343-9004-9be15dfd844c,a51e2ff0-4411-41d8-acaa-a730ac40f347,a691275d-fe09-498f-bf95-31f8f072b36c,->,12acfc45-bdfb-4343-9004-9be15dfd844c,server/model/shops/ShopAssistant.java,openShop
12acfc45-bdfb-4343-9004-9be15dfd844c,a51e2ff0-4411-41d8-acaa-a730ac40f347,a691275d-fe09-498f-bf95-31f8f072b36c,->,12acfc45-bdfb-4343-9004-9be15dfd844c,server/model/players/Client.java,getShops
12acfc45-bdfb-4343-9004-9be15dfd844c,a51e2ff0-4411-41d8-acaa-a730ac40f347,a691275d-fe09-498f-bf95-31f8f072b36c,->,12acfc45-bdfb-4343-9004-9be15dfd844c,server/model/shops/ShopAssistant.java,openShop
12acfc45-bdfb-4343-9004-9be15dfd844c,a51e2ff0-4411-41d8-acaa-a730ac40f347,a691275d-fe09-498f-bf95-31f8f072b36c,->,12acfc45-bdfb-4343-9004-9be15dfd844c,server/model/players/Client.java,getShops
12acfc45-bdfb-4343-9004-9be15dfd844c,a51e2ff0-4411-41d8-acaa-a730ac40f347,a691275d-fe09-498f-bf95-31f8f072b36c,->,12acfc45-bdfb-4343-9004-9be15dfd844c,server/model/shops/ShopAssistant.java,openShop
12acfc45-bdfb-4343-9004-9be15dfd844c,a51e2ff0-4411-41d8-acaa-a730ac40f347,a691275d-fe09-498f-bf95-31f8f072b36c,->,12acfc45-bdfb-4343-9004-9be15dfd844c,server/model/players/Client.java,getShops
12acfc45-bdfb-4343-9004-9be15dfd844c,a51e2ff0-4411-41d8-acaa-a730ac40f347,a691275d-fe09-498f-bf95-31f8f072b36c,->,12acfc45-bdfb-4343-9004-9be15dfd844c,server/model/shops/ShopAssistant.java,openShop
12acfc45-bdfb-4343-9004-9be15dfd844c,a51e2ff0-4411-41d8-acaa-a730ac40f347,a691275d-fe09-498f-bf95-31f8f072b36c,->,12acfc45-bdfb-4343-9004-9be15dfd844c,server/model/players/Client.java,getShops
12acfc45-bdfb-4343-9004-9be15dfd844c,a51e2ff0-4411-41d8-acaa-a730ac40f347,a691275d-fe09-498f-bf95-31f8f072b36c,->,12acfc45-bdfb-4343-9004-9be15dfd844c,server/model/shops/ShopAssistant.java,openShop
12acfc45-bdfb-4343-9004-9be15dfd844c,a51e2ff0-4411-41d8-acaa-a730ac40f347,a691275d-fe09-498f-bf95-31f8f072b36c,->,12acfc45-bdfb-4343-9004-9be15dfd844c,server/model/players/Client.java,getShops
12acfc45-bdfb-4343-9004-9be15dfd844c,a51e2ff0-4411-41d8-acaa-a730ac40f347,a691275d-fe09-498f-bf95-31f8f072b36c,->,12acfc45-bdfb-4343-9004-9be15dfd844c,server/model/shops/ShopAssistant.java,openShop
12acfc45-bdfb-4343-9004-9be15dfd844c,a51e2ff0-4411-41d8-acaa-a730ac40f347,a691275d-fe09-498f-bf95-31f8f072b36c,->,12acfc45-bdfb-4343-9004-9be15dfd844c,server/model/players/Client.java,getShops
12acfc45-bdfb-4343-9004-9be15dfd844c,a51e2ff0-4411-41d8-acaa-a730ac40f347,a691275d-fe09-498f-bf95-31f8f072b36c,->,12acfc45-bdfb-4343-9004-9be15dfd844c,server/model/shops/ShopAssistant.java,openShop
12acfc45-bdfb-4343-9004-9be15dfd844c,a51e2ff0-4411-41d8-acaa-a730ac40f347,a691275d-fe09-498f-bf95-31f8f072b36c,->,12acfc45-bdfb-4343-9004-9be15dfd844c,server/model/players/Client.java,getShops
12acfc45-bdfb-4343-9004-9be15dfd844c,a51e2ff0-4411-41d8-acaa-a730ac40f347,a691275d-fe09-498f-bf95-31f8f072b36c,->,12acfc45-bdfb-4343-9004-9be15dfd844c,server/model/shops/ShopAssistant.java,openShop
12acfc45-bdfb-4343-9004-9be15dfd844c,a51e2ff0-4411-41d8-acaa-a730ac40f347,a691275d-fe09-498f-bf95-31f8f072b36c,->,12acfc45-bdfb-4343-9004-9be15dfd844c,server/model/players/Client.java,getShops
12acfc45-bdfb-4343-9004-9be15dfd844c,a51e2ff0-4411-41d8-acaa-a730ac40f347,a691275d-fe09-498f-bf95-31f8f072b36c,->,12acfc45-bdfb-4343-9004-9be15dfd844c,server/model/shops/ShopAssistant.java,openShop
12acfc45-bdfb-4343-9004-9be15dfd844c,a51e2ff0-4411-41d8-acaa-a730ac40f347,a691275d-fe09-498f-bf95-31f8f072b36c,->,12acfc45-bdfb-4343-9004-9be15dfd844c,server/model/players/Client.java,getShops
12acfc45-bdfb-4343-9004-9be15dfd844c,a51e2ff0-4411-41d8-acaa-a730ac40f347,a691275d-fe09-498f-bf95-31f8f072b36c,->,12acfc45-bdfb-4343-9004-9be15dfd844c,server/model/shops/ShopAssistant.java,openShop
12acfc45-bdfb-4343-9004-9be15dfd844c,a51e2ff0-4411-41d8-acaa-a730ac40f347,a691275d-fe09-498f-bf95-31f8f072b36c,->,12acfc45-bdfb-4343-9004-9be15dfd844c,server/model/players/Client.java,getShops
12acfc45-bdfb-4343-9004-9be15dfd844c,a51e2ff0-4411-41d8-acaa-a730ac40f347,a691275d-fe09-498f-bf95-31f8f072b36c,->,12acfc45-bdfb-4343-9004-9be15dfd844c,server/model/shops/ShopAssistant.java,openShop
12acfc45-bdfb-4343-9004-9be15dfd844c,a51e2ff0-4411-41d8-acaa-a730ac40f347,e5a5d26f-1359-48db-8b3d-2e41505f674f,->,12acfc45-bdfb-4343-9004-9be15dfd844c,server/model/players/Client.java,getShops
12acfc45-bdfb-4343-9004-9be15dfd844c,a51e2ff0-4411-41d8-acaa-a730ac40f347,e5a5d26f-1359-48db-8b3d-2e41505f674f,->,12acfc45-bdfb-4343-9004-9be15dfd844c,server/model/shops/ShopAssistant.java,openShop
12acfc45-bdfb-4343-9004-9be15dfd844c,a51e2ff0-4411-41d8-acaa-a730ac40f347,e5a5d26f-1359-48db-8b3d-2e41505f674f,->,12acfc45-bdfb-4343-9004-9be15dfd844c,server/model/players/Client.java,ardiRizal
12acfc45-bdfb-4343-9004-9be15dfd844c,a51e2ff0-4411-41d8-acaa-a730ac40f347,e5a5d26f-1359-48db-8b3d-2e41505f674f,->,12acfc45-bdfb-4343-9004-9be15dfd844c,server/model/players/Client.java,sendMessage
12acfc45-bdfb-4343-9004-9be15dfd844c,a51e2ff0-4411-41d8-acaa-a730ac40f347,e5a5d26f-1359-48db-8b3d-2e41505f674f,->,12acfc45-bdfb-4343-9004-9be15dfd844c,server/model/players/Client.java,getPA
12acfc45-bdfb-4343-9004-9be15dfd844c,a51e2ff0-4411-41d8-acaa-a730ac40f347,e5a5d26f-1359-48db-8b3d-2e41505f674f,->,12acfc45-bdfb-4343-9004-9be15dfd844c,server/model/players/PlayerAssistant.java,showInterface
12acfc45-bdfb-4343-9004-9be15dfd844c,a51e2ff0-4411-41d8-acaa-a730ac40f347,e5a5d26f-1359-48db-8b3d-2e41505f674f,->,12acfc45-bdfb-4343-9004-9be15dfd844c,server/model/players/Client.java,getShops
12acfc45-bdfb-4343-9004-9be15dfd844c,a51e2ff0-4411-41d8-acaa-a730ac40f347,e5a5d26f-1359-48db-8b3d-2e41505f674f,->,12acfc45-bdfb-4343-9004-9be15dfd844c,server/model/shops/ShopAssistant.java,openShop
12acfc45-bdfb-4343-9004-9be15dfd844c,server/model/players/PlayerKilling.java,addPlayer,->,12acfc45-bdfb-4343-9004-9be15dfd844c,java/util/ArrayList.java,contains
12acfc45-bdfb-4343-9004-9be15dfd844c,server/model/players/PlayerKilling.java,addPlayer,->,12acfc45-bdfb-4343-9004-9be15dfd844c,java/util/ArrayList.java,add
12acfc45-bdfb-4343-9004-9be15dfd844c,server/model/players/PlayerKilling.java,checkForPlayer,->,12acfc45-bdfb-4343-9004-9be15dfd844c,java/util/ArrayList.java,contains
12acfc45-bdfb-4343-9004-9be15dfd844c,server/model/players/PlayerKilling.java,checkForPlayer,->,12acfc45-bdfb-4343-9004-9be15dfd844c,java/util/ArrayList.java,indexOf
12acfc45-bdfb-4343-9004-9be15dfd844c,server/model/players/PlayerKilling.java,checkForPlayer,->,12acfc45-bdfb-4343-9004-9be15dfd844c,java/util/ArrayList.java,remove
12acfc45-bdfb-4343-9004-9be15dfd844c,server/model/players/Client$1.java,execute,->,12acfc45-bdfb-4343-9004-9be15dfd844c,server/model/minigames/FightCaves.java,spawnNextWave
12acfc45-bdfb-4343-9004-9be15dfd844c,server/model/players/Client$1.java,execute,->,12acfc45-bdfb-4343-9004-9be15dfd844c,6dd0c5db-72ba-4498-883f-a3c8c3333519,2c14e4eb-2b3e-4056-bf8e-5218f96f0ad5
12acfc45-bdfb-4343-9004-9be15dfd844c,server/model/players/combat/range/RangeData.java,fireProjectileNpc,->,12acfc45-bdfb-4343-9004-9be15dfd844c,server/model/players/Client.java,getX
12acfc45-bdfb-4343-9004-9be15dfd844c,server/model/players/combat/range/RangeData.java,fireProjectileNpc,->,12acfc45-bdfb-4343-9004-9be15dfd844c,server/model/players/Client.java,getY
12acfc45-bdfb-4343-9004-9be15dfd844c,server/model/players/combat/range/RangeData.java,fireProjectileNpc,->,12acfc45-bdfb-4343-9004-9be15dfd844c,5849ef3e-9280-4348-a3c8-451a741eecc1,be4814f2-9691-46f9-8036-ee2d782c6652
12acfc45-bdfb-4343-9004-9be15dfd844c,server/model/players/combat/range/RangeData.java,fireProjectileNpc,->,12acfc45-bdfb-4343-9004-9be15dfd844c,5849ef3e-9280-4348-a3c8-451a741eecc1,06abc11f-87f2-4398-ad11-b60bfae4491e
12acfc45-bdfb-4343-9004-9be15dfd844c,server/model/players/combat/range/RangeData.java,fireProjectileNpc,->,12acfc45-bdfb-4343-9004-9be15dfd844c,server/model/players/Client.java,getPA
12acfc45-bdfb-4343-9004-9be15dfd844c,server/model/players/combat/range/RangeData.java,fireProjectileNpc,->,12acfc45-bdfb-4343-9004-9be15dfd844c,server/model/players/Client.java,getCombat
12acfc45-bdfb-4343-9004-9be15dfd844c,server/model/players/combat/range/RangeData.java,fireProjectileNpc,->,12acfc45-bdfb-4343-9004-9be15dfd844c,server/model/players/CombatAssistant.java,getProjectileSpeed
12acfc45-bdfb-4343-9004-9be15dfd844c,server/model/players/combat/range/RangeData.java,fireProjectileNpc,->,12acfc45-bdfb-4343-9004-9be15dfd844c,server/model/players/Client.java,getCombat
12acfc45-bdfb-4343-9004-9be15dfd844c,server/model/players/combat/range/RangeData.java,fireProjectileNpc,->,12acfc45-bdfb-4343-9004-9be15dfd844c,server/model/players/CombatAssistant.java,getRangeProjectileGFX
12acfc45-bdfb-4343-9004-9be15dfd844c,server/model/players/combat/range/RangeData.java,fireProjectileNpc,->,12acfc45-bdfb-4343-9004-9be15dfd844c,server/model/players/Client.java,getCombat
12acfc45-bdfb-4343-9004-9be15dfd844c,server/model/players/combat/range/RangeData.java,fireProjectileNpc,->,12acfc45-bdfb-4343-9004-9be15dfd844c,server/model/players/CombatAssistant.java,getProjectileShowDelay
12acfc45-bdfb-4343-9004-9be15dfd844c,server/model/players/combat/range/RangeData.java,fireProjectileNpc,->,12acfc45-bdfb-4343-9004-9be15dfd844c,991eb2a8-284a-4290-ae08-f54cf8834706,3b42da37-c458-47dd-84b7-9027c34c9e43
12acfc45-bdfb-4343-9004-9be15dfd844c,server/model/players/combat/range/RangeData.java,fireProjectileNpc,->,12acfc45-bdfb-4343-9004-9be15dfd844c,server/model/players/Client.java,getCombat
12acfc45-bdfb-4343-9004-9be15dfd844c,server/model/players/combat/range/RangeData.java,fireProjectileNpc,->,12acfc45-bdfb-4343-9004-9be15dfd844c,server/model/players/CombatAssistant.java,usingDbow
12acfc45-bdfb-4343-9004-9be15dfd844c,server/model/players/combat/range/RangeData.java,fireProjectileNpc,->,12acfc45-bdfb-4343-9004-9be15dfd844c,server/model/players/Client.java,getPA
12acfc45-bdfb-4343-9004-9be15dfd844c,server/model/players/combat/range/RangeData.java,fireProjectileNpc,->,12acfc45-bdfb-4343-9004-9be15dfd844c,server/model/players/Client.java,getCombat
12acfc45-bdfb-4343-9004-9be15dfd844c,server/model/players/combat/range/RangeData.java,fireProjectileNpc,->,12acfc45-bdfb-4343-9004-9be15dfd844c,server/model/players/CombatAssistant.java,getProjectileSpeed
12acfc45-bdfb-4343-9004-9be15dfd844c,server/model/players/combat/range/RangeData.java,fireProjectileNpc,->,12acfc45-bdfb-4343-9004-9be15dfd844c,server/model/players/Client.java,getCombat
12acfc45-bdfb-4343-9004-9be15dfd844c,server/model/players/combat/range/RangeData.java,fireProjectileNpc,->,12acfc45-bdfb-4343-9004-9be15dfd844c,server/model/players/CombatAssistant.java,getRangeProjectileGFX
12acfc45-bdfb-4343-9004-9be15dfd844c,server/model/players/combat/range/RangeData.java,fireProjectileNpc,->,12acfc45-bdfb-4343-9004-9be15dfd844c,server/model/players/Client.java,getCombat
12acfc45-bdfb-4343-9004-9be15dfd844c,server/model/players/combat/range/RangeData.java,fireProjectileNpc,->,12acfc45-bdfb-4343-9004-9be15dfd844c,server/model/players/CombatAssistant.java,getStartDelay
12acfc45-bdfb-4343-9004-9be15dfd844c,server/model/players/combat/range/RangeData.java,fireProjectileNpc,->,12acfc45-bdfb-4343-9004-9be15dfd844c,991eb2a8-284a-4290-ae08-f54cf8834706,16b37304-c0ca-4b8a-ab7e-8791aa885a41
12acfc45-bdfb-4343-9004-9be15dfd844c,server/model/players/combat/range/RangeData.java,fireProjectilePlayer,->,12acfc45-bdfb-4343-9004-9be15dfd844c,server/model/players/Client.java,getX
12acfc45-bdfb-4343-9004-9be15dfd844c,server/model/players/combat/range/RangeData.java,fireProjectilePlayer,->,12acfc45-bdfb-4343-9004-9be15dfd844c,server/model/players/Client.java,getY
12acfc45-bdfb-4343-9004-9be15dfd844c,server/model/players/combat/range/RangeData.java,fireProjectilePlayer,->,12acfc45-bdfb-4343-9004-9be15dfd844c,server/model/players/Player.java,getX
12acfc45-bdfb-4343-9004-9be15dfd844c,server/model/players/combat/range/RangeData.java,fireProjectilePlayer,->,12acfc45-bdfb-4343-9004-9be15dfd844c,server/model/players/Player.java,getY
12acfc45-bdfb-4343-9004-9be15dfd844c,server/model/players/combat/range/RangeData.java,fireProjectilePlayer,->,12acfc45-bdfb-4343-9004-9be15dfd844c,server/model/players/Client.java,getPA
12acfc45-bdfb-4343-9004-9be15dfd844c,server/model/players/combat/range/RangeData.java,fireProjectilePlayer,->,12acfc45-bdfb-4343-9004-9be15dfd844c,server/model/players/Client.java,getCombat
12acfc45-bdfb-4343-9004-9be15dfd844c,server/model/players/combat/range/RangeData.java,fireProjectilePlayer,->,12acfc45-bdfb-4343-9004-9be15dfd844c,server/model/players/CombatAssistant.java,getProjectileSpeed
12acfc45-bdfb-4343-9004-9be15dfd844c,server/model/players/combat/range/RangeData.java,fireProjectilePlayer,->,12acfc45-bdfb-4343-9004-9be15dfd844c,server/model/players/Client.java,getCombat
12acfc45-bdfb-4343-9004-9be15dfd844c,server/model/players/combat/range/RangeData.java,fireProjectilePlayer,->,12acfc45-bdfb-4343-9004-9be15dfd844c,server/model/players/CombatAssistant.java,getRangeProjectileGFX
12acfc45-bdfb-4343-9004-9be15dfd844c,server/model/players/combat/range/RangeData.java,fireProjectilePlayer,->,12acfc45-bdfb-4343-9004-9be15dfd844c,server/model/players/Client.java,getCombat
12acfc45-bdfb-4343-9004-9be15dfd844c,server/model/players/combat/range/RangeData.java,fireProjectilePlayer,->,12acfc45-bdfb-4343-9004-9be15dfd844c,server/model/players/CombatAssistant.java,getStartDelay
12acfc45-bdfb-4343-9004-9be15dfd844c,server/model/players/combat/range/RangeData.java,fireProjectilePlayer,->,12acfc45-bdfb-4343-9004-9be15dfd844c,991eb2a8-284a-4290-ae08-f54cf8834706,3b42da37-c458-47dd-84b7-9027c34c9e43
12acfc45-bdfb-4343-9004-9be15dfd844c,server/model/players/combat/range/RangeData.java,fireProjectilePlayer,->,12acfc45-bdfb-4343-9004-9be15dfd844c,server/model/players/Client.java,getPA
12acfc45-bdfb-4343-9004-9be15dfd844c,server/model/players/combat/range/RangeData.java,fireProjectilePlayer,->,12acfc45-bdfb-4343-9004-9be15dfd844c,server/model/players/Client.java,getCombat
12acfc45-bdfb-4343-9004-9be15dfd844c,server/model/players/combat/range/RangeData.java,fireProjectilePlayer,->,12acfc45-bdfb-4343-9004-9be15dfd844c,server/model/players/CombatAssistant.java,getProjectileSpeed
12acfc45-bdfb-4343-9004-9be15dfd844c,server/model/players/combat/range/RangeData.java,fireProjectilePlayer,->,12acfc45-bdfb-4343-9004-9be15dfd844c,server/model/players/Client.java,getCombat
12acfc45-bdfb-4343-9004-9be15dfd844c,server/model/players/combat/range/RangeData.java,fireProjectilePlayer,->,12acfc45-bdfb-4343-9004-9be15dfd844c,server/model/players/CombatAssistant.java,getRangeProjectileGFX
12acfc45-bdfb-4343-9004-9be15dfd844c,server/model/players/combat/range/RangeData.java,fireProjectilePlayer,->,12acfc45-bdfb-4343-9004-9be15dfd844c,server/model/players/Client.java,getCombat
12acfc45-bdfb-4343-9004-9be15dfd844c,server/model/players/combat/range/RangeData.java,fireProjectilePlayer,->,12acfc45-bdfb-4343-9004-9be15dfd844c,server/model/players/CombatAssistant.java,getStartDelay
12acfc45-bdfb-4343-9004-9be15dfd844c,server/model/players/combat/range/RangeData.java,fireProjectilePlayer,->,12acfc45-bdfb-4343-9004-9be15dfd844c,991eb2a8-284a-4290-ae08-f54cf8834706,16b37304-c0ca-4b8a-ab7e-8791aa885a41
12acfc45-bdfb-4343-9004-9be15dfd844c,server/model/players/combat/range/RangeData.java,fireProjectilePlayer,->,12acfc45-bdfb-4343-9004-9be15dfd844c,server/model/players/Client.java,getCombat
12acfc45-bdfb-4343-9004-9be15dfd844c,server/model/players/combat/range/RangeData.java,fireProjectilePlayer,->,12acfc45-bdfb-4343-9004-9be15dfd844c,server/model/players/CombatAssistant.java,usingDbow
12acfc45-bdfb-4343-9004-9be15dfd844c,server/model/players/combat/range/RangeData.java,fireProjectilePlayer,->,12acfc45-bdfb-4343-9004-9be15dfd844c,server/model/players/Client.java,getPA
12acfc45-bdfb-4343-9004-9be15dfd844c,server/model/players/combat/range/RangeData.java,fireProjectilePlayer,->,12acfc45-bdfb-4343-9004-9be15dfd844c,server/model/players/Client.java,getCombat
12acfc45-bdfb-4343-9004-9be15dfd844c,server/model/players/combat/range/RangeData.java,fireProjectilePlayer,->,12acfc45-bdfb-4343-9004-9be15dfd844c,server/model/players/CombatAssistant.java,getRangeProjectileGFX
12acfc45-bdfb-4343-9004-9be15dfd844c,server/model/players/combat/range/RangeData.java,fireProjectilePlayer,->,12acfc45-bdfb-4343-9004-9be15dfd844c,991eb2a8-284a-4290-ae08-f54cf8834706,176f133b-0cc4-4c59-be5f-7c0664868487
12acfc45-bdfb-4343-9004-9be15dfd844c,server/model/players/combat/range/RangeData.java,correctBowAndArrows,->,12acfc45-bdfb-4343-9004-9be15dfd844c,server/model/players/Client.java,getCombat
12acfc45-bdfb-4343-9004-9be15dfd844c,server/model/players/combat/range/RangeData.java,correctBowAndArrows,->,12acfc45-bdfb-4343-9004-9be15dfd844c,server/model/players/CombatAssistant.java,properBolts
12acfc45-bdfb-4343-9004-9be15dfd844c,server/model/players/combat/range/RangeExtras.java,appendMutliChinchompa,->,12acfc45-bdfb-4343-9004-9be15dfd844c,server/model/players/Client.java,getCombat
12acfc45-bdfb-4343-9004-9be15dfd844c,server/model/players/combat/range/RangeExtras.java,appendMutliChinchompa,->,12acfc45-bdfb-4343-9004-9be15dfd844c,server/model/players/CombatAssistant.java,rangeMaxHit
12acfc45-bdfb-4343-9004-9be15dfd844c,server/model/players/combat/range/RangeExtras.java,appendMutliChinchompa,->,12acfc45-bdfb-4343-9004-9be15dfd844c,2c89cfe4-ed6d-446f-832b-3c203feb3155,12264cea-e176-47b1-b1bb-e3a14dc18d35
12acfc45-bdfb-4343-9004-9be15dfd844c,server/model/players/combat/range/RangeExtras.java,appendMutliChinchompa,->,12acfc45-bdfb-4343-9004-9be15dfd844c,5849ef3e-9280-4348-a3c8-451a741eecc1,9ca30721-4f47-4e06-9a54-49ed8ef5be5e
12acfc45-bdfb-4343-9004-9be15dfd844c,server/model/players/combat/range/RangeExtras.java,appendMutliChinchompa,->,12acfc45-bdfb-4343-9004-9be15dfd844c,5849ef3e-9280-4348-a3c8-451a741eecc1,b91306de-2ca3-49de-8599-56012fcb8c9f
12acfc45-bdfb-4343-9004-9be15dfd844c,server/model/players/combat/range/RangeExtras.java,createCombatGFX,->,12acfc45-bdfb-4343-9004-9be15dfd844c,server/model/players/Client.java,gfx100
12acfc45-bdfb-4343-9004-9be15dfd844c,server/model/players/combat/range/RangeExtras.java,createCombatGFX,->,12acfc45-bdfb-4343-9004-9be15dfd844c,server/model/players/Client.java,gfx0
12acfc45-bdfb-4343-9004-9be15dfd844c,server/model/players/combat/range/RangeExtras.java,createCombatGFX,->,12acfc45-bdfb-4343-9004-9be15dfd844c,5849ef3e-9280-4348-a3c8-451a741eecc1,2afe644b-e2ff-4265-8d55-cc4b5e27265a
12acfc45-bdfb-4343-9004-9be15dfd844c,server/model/players/combat/range/RangeExtras.java,createCombatGFX,->,12acfc45-bdfb-4343-9004-9be15dfd844c,5849ef3e-9280-4348-a3c8-451a741eecc1,84740295-c2f2-49ed-a58e-a4410ecd1229
12acfc45-bdfb-4343-9004-9be15dfd844c,server/model/players/combat/range/RangeExtras.java,crossbowSpecial,->,12acfc45-bdfb-4343-9004-9be15dfd844c,server/model/players/combat/range/RangeExtras.java,createCombatGFX
12acfc45-bdfb-4343-9004-9be15dfd844c,server/model/players/combat/range/RangeExtras.java,crossbowSpecial,->,12acfc45-bdfb-4343-9004-9be15dfd844c,server/model/players/combat/range/RangeExtras.java,createCombatGFX
12acfc45-bdfb-4343-9004-9be15dfd844c,server/model/players/combat/range/RangeExtras.java,crossbowSpecial,->,12acfc45-bdfb-4343-9004-9be15dfd844c,server/model/players/combat/range/RangeExtras.java,createCombatGFX
12acfc45-bdfb-4343-9004-9be15dfd844c,server/model/players/combat/range/RangeExtras.java,crossbowSpecial,->,12acfc45-bdfb-4343-9004-9be15dfd844c,server/model/players/combat/range/RangeExtras.java,createCombatGFX
12acfc45-bdfb-4343-9004-9be15dfd844c,server/model/players/combat/range/RangeExtras.java,crossbowSpecial,->,12acfc45-bdfb-4343-9004-9be15dfd844c,server/model/players/Client.java,getPA
12acfc45-bdfb-4343-9004-9be15dfd844c,server/model/players/combat/range/RangeExtras.java,crossbowSpecial,->,12acfc45-bdfb-4343-9004-9be15dfd844c,991eb2a8-284a-4290-ae08-f54cf8834706,cc581d00-f04e-4278-8aaf-0ecbd93e9b04
12acfc45-bdfb-4343-9004-9be15dfd844c,server/model/players/combat/range/RangeExtras.java,crossbowSpecial,->,12acfc45-bdfb-4343-9004-9be15dfd844c,server/model/players/Client.java,sendMessage
12acfc45-bdfb-4343-9004-9be15dfd844c,server/model/players/combat/range/RangeExtras.java,crossbowSpecial,->,12acfc45-bdfb-4343-9004-9be15dfd844c,server/model/players/combat/range/RangeExtras.java,createCombatGFX
12acfc45-bdfb-4343-9004-9be15dfd844c,server/model/players/combat/range/RangeExtras.java,crossbowSpecial,->,12acfc45-bdfb-4343-9004-9be15dfd844c,server/model/players/Client.java,getPA
12acfc45-bdfb-4343-9004-9be15dfd844c,server/model/players/combat/range/RangeExtras.java,crossbowSpecial,->,12acfc45-bdfb-4343-9004-9be15dfd844c,991eb2a8-284a-4290-ae08-f54cf8834706,cc581d00-f04e-4278-8aaf-0ecbd93e9b04
12acfc45-bdfb-4343-9004-9be15dfd844c,server/model/players/combat/range/RangeExtras.java,crossbowSpecial,->,12acfc45-bdfb-4343-9004-9be15dfd844c,server/model/players/Client.java,sendMessage
12acfc45-bdfb-4343-9004-9be15dfd844c,server/model/players/combat/range/RangeExtras.java,crossbowSpecial,->,12acfc45-bdfb-4343-9004-9be15dfd844c,server/model/players/Client.java,getPA
12acfc45-bdfb-4343-9004-9be15dfd844c,server/model/players/combat/range/RangeExtras.java,crossbowSpecial,->,12acfc45-bdfb-4343-9004-9be15dfd844c,991eb2a8-284a-4290-ae08-f54cf8834706,26ef4ae0-57cb-4083-a56f-eaf4b81cb1ad
12acfc45-bdfb-4343-9004-9be15dfd844c,server/model/players/combat/range/RangeExtras.java,crossbowSpecial,->,12acfc45-bdfb-4343-9004-9be15dfd844c,server/model/players/Client.java,getPA
12acfc45-bdfb-4343-9004-9be15dfd844c,server/model/players/combat/range/RangeExtras.java,crossbowSpecial,->,12acfc45-bdfb-4343-9004-9be15dfd844c,991eb2a8-284a-4290-ae08-f54cf8834706,26ef4ae0-57cb-4083-a56f-eaf4b81cb1ad
12acfc45-bdfb-4343-9004-9be15dfd844c,server/model/players/combat/range/RangeExtras.java,crossbowSpecial,->,12acfc45-bdfb-4343-9004-9be15dfd844c,server/model/players/Client.java,getPA
12acfc45-bdfb-4343-9004-9be15dfd844c,server/model/players/combat/range/RangeExtras.java,crossbowSpecial,->,12acfc45-bdfb-4343-9004-9be15dfd844c,991eb2a8-284a-4290-ae08-f54cf8834706,cc581d00-f04e-4278-8aaf-0ecbd93e9b04
12acfc45-bdfb-4343-9004-9be15dfd844c,server/model/players/combat/range/RangeExtras.java,crossbowSpecial,->,12acfc45-bdfb-4343-9004-9be15dfd844c,server/model/players/combat/range/RangeExtras.java,createCombatGFX
12acfc45-bdfb-4343-9004-9be15dfd844c,server/model/players/combat/range/RangeExtras.java,crossbowSpecial,->,12acfc45-bdfb-4343-9004-9be15dfd844c,server/model/players/Client.java,getPA
12acfc45-bdfb-4343-9004-9be15dfd844c,server/model/players/combat/range/RangeExtras.java,crossbowSpecial,->,12acfc45-bdfb-4343-9004-9be15dfd844c,991eb2a8-284a-4290-ae08-f54cf8834706,f5bb9e43-0c01-4c45-bdce-20442359bef2
12acfc45-bdfb-4343-9004-9be15dfd844c,server/model/players/combat/range/RangeExtras.java,crossbowSpecial,->,12acfc45-bdfb-4343-9004-9be15dfd844c,server/model/players/combat/range/RangeExtras.java,createCombatGFX
12acfc45-bdfb-4343-9004-9be15dfd844c,server/model/players/combat/range/RangeExtras.java,crossbowSpecial,->,12acfc45-bdfb-4343-9004-9be15dfd844c,server/model/players/Client.java,handleHitMask
12acfc45-bdfb-4343-9004-9be15dfd844c,server/model/players/combat/range/RangeExtras.java,crossbowSpecial,->,12acfc45-bdfb-4343-9004-9be15dfd844c,server/model/players/Client.java,dealDamage
12acfc45-bdfb-4343-9004-9be15dfd844c,server/model/players/combat/range/RangeExtras.java,crossbowSpecial,->,12acfc45-bdfb-4343-9004-9be15dfd844c,5849ef3e-9280-4348-a3c8-451a741eecc1,9ca30721-4f47-4e06-9a54-49ed8ef5be5e
12acfc45-bdfb-4343-9004-9be15dfd844c,server/model/players/combat/range/RangeExtras.java,crossbowSpecial,->,12acfc45-bdfb-4343-9004-9be15dfd844c,5849ef3e-9280-4348-a3c8-451a741eecc1,b91306de-2ca3-49de-8599-56012fcb8c9f
12acfc45-bdfb-4343-9004-9be15dfd844c,server/model/players/combat/range/RangeExtras.java,crossbowSpecial,->,12acfc45-bdfb-4343-9004-9be15dfd844c,server/model/players/Client.java,handleHitMask
12acfc45-bdfb-4343-9004-9be15dfd844c,server/model/players/combat/range/RangeExtras.java,crossbowSpecial,->,12acfc45-bdfb-4343-9004-9be15dfd844c,server/model/players/Client.java,dealDamage
12acfc45-bdfb-4343-9004-9be15dfd844c,server/model/players/combat/range/RangeExtras.java,crossbowSpecial,->,12acfc45-bdfb-4343-9004-9be15dfd844c,server/model/players/combat/range/RangeExtras.java,createCombatGFX
12acfc45-bdfb-4343-9004-9be15dfd844c,server/model/players/combat/range/RangeExtras.java,crossbowSpecial,->,12acfc45-bdfb-4343-9004-9be15dfd844c,server/model/players/combat/range/RangeExtras.java,createCombatGFX
12acfc45-bdfb-4343-9004-9be15dfd844c,server/model/players/combat/range/RangeExtras.java,crossbowSpecial,->,12acfc45-bdfb-4343-9004-9be15dfd844c,server/model/players/combat/range/RangeExtras.java,createCombatGFX
12acfc45-bdfb-4343-9004-9be15dfd844c,server/model/players/combat/range/RangeExtras.java,crossbowSpecial,->,12acfc45-bdfb-4343-9004-9be15dfd844c,server/model/players/Client.java,getPA
12acfc45-bdfb-4343-9004-9be15dfd844c,server/model/players/combat/range/RangeExtras.java,crossbowSpecial,->,12acfc45-bdfb-4343-9004-9be15dfd844c,991eb2a8-284a-4290-ae08-f54cf8834706,cc581d00-f04e-4278-8aaf-0ecbd93e9b04
12acfc45-bdfb-4343-9004-9be15dfd844c,server/model/players/combat/range/RangeMaxHit.java,calculateRangeDefence,->,12acfc45-bdfb-4343-9004-9be15dfd844c,server/model/players/Client.java,getLevelForXP
12acfc45-bdfb-4343-9004-9be15dfd844c,server/model/players/combat/range/RangeMaxHit.java,calculateRangeDefence,->,12acfc45-bdfb-4343-9004-9be15dfd844c,server/model/players/Client.java,getLevelForXP
12acfc45-bdfb-4343-9004-9be15dfd844c,server/model/players/combat/range/RangeMaxHit.java,calculateRangeDefence,->,12acfc45-bdfb-4343-9004-9be15dfd844c,server/model/players/Client.java,getLevelForXP
12acfc45-bdfb-4343-9004-9be15dfd844c,server/model/players/combat/range/RangeMaxHit.java,calculateRangeDefence,->,12acfc45-bdfb-4343-9004-9be15dfd844c,server/model/players/Client.java,getLevelForXP
12acfc45-bdfb-4343-9004-9be15dfd844c,server/model/players/combat/range/RangeMaxHit.java,calculateRangeDefence,->,12acfc45-bdfb-4343-9004-9be15dfd844c,server/model/players/Client.java,getLevelForXP
12acfc45-bdfb-4343-9004-9be15dfd844c,server/model/players/combat/range/RangeMaxHit.java,calculateRangeAttack,->,12acfc45-bdfb-4343-9004-9be15dfd844c,server/model/players/Client.java,fullVoidRange
12acfc45-bdfb-4343-9004-9be15dfd844c,server/model/players/combat/range/RangeMaxHit.java,calculateRangeAttack,->,12acfc45-bdfb-4343-9004-9be15dfd844c,server/model/players/Client.java,getLevelForXP
12acfc45-bdfb-4343-9004-9be15dfd844c,server/model/players/combat/range/RangeMaxHit.java,calculateRangeAttack,->,12acfc45-bdfb-4343-9004-9be15dfd844c,server/model/players/Client.java,fullVoidRange
12acfc45-bdfb-4343-9004-9be15dfd844c,server/model/players/combat/range/RangeMaxHit.java,maxHit,->,12acfc45-bdfb-4343-9004-9be15dfd844c,server/model/players/combat/range/RangeMaxHit.java,getRangeStr
12acfc45-bdfb-4343-9004-9be15dfd844c,server/model/players/combat/range/RangeMaxHit.java,maxHit,->,12acfc45-bdfb-4343-9004-9be15dfd844c,server/model/players/Client.java,fullVoidRange
12acfc45-bdfb-4343-9004-9be15dfd844c,server/model/players/combat/range/RangeMaxHit.java,maxHit,->,12acfc45-bdfb-4343-9004-9be15dfd844c,java/lang/Math.java,floor
12acfc45-bdfb-4343-9004-9be15dfd844c,server/model/players/combat/AttackPlayer$1.java,execute,->,12acfc45-bdfb-4343-9004-9be15dfd844c,server/model/players/Client.java,getCombat
12acfc45-bdfb-4343-9004-9be15dfd844c,server/model/players/combat/AttackPlayer$1.java,execute,->,12acfc45-bdfb-4343-9004-9be15dfd844c,server/model/players/Client.java,getCombat
12acfc45-bdfb-4343-9004-9be15dfd844c,server/model/players/combat/AttackPlayer$1.java,execute,->,12acfc45-bdfb-4343-9004-9be15dfd844c,server/model/players/CombatAssistant.java,calculateMeleeMaxHit
12acfc45-bdfb-4343-9004-9be15dfd844c,server/model/players/combat/AttackPlayer$1.java,execute,->,12acfc45-bdfb-4343-9004-9be15dfd844c,2c89cfe4-ed6d-446f-832b-3c203feb3155,12264cea-e176-47b1-b1bb-e3a14dc18d35
12acfc45-bdfb-4343-9004-9be15dfd844c,server/model/players/combat/AttackPlayer$1.java,execute,->,12acfc45-bdfb-4343-9004-9be15dfd844c,server/model/players/CombatAssistant.java,applyPlayerMeleeDamage
12acfc45-bdfb-4343-9004-9be15dfd844c,server/model/players/combat/AttackPlayer$1.java,execute,->,12acfc45-bdfb-4343-9004-9be15dfd844c,6dd0c5db-72ba-4498-883f-a3c8c3333519,2c14e4eb-2b3e-4056-bf8e-5218f96f0ad5
12acfc45-bdfb-4343-9004-9be15dfd844c,server/model/players/combat/melee/MeleeExtras$1.java,execute,->,12acfc45-bdfb-4343-9004-9be15dfd844c,server/model/players/Client.java,getPA
12acfc45-bdfb-4343-9004-9be15dfd844c,server/model/players/combat/melee/MeleeExtras$1.java,execute,->,12acfc45-bdfb-4343-9004-9be15dfd844c,991eb2a8-284a-4290-ae08-f54cf8834706,3b42da37-c458-47dd-84b7-9027c34c9e43
12acfc45-bdfb-4343-9004-9be15dfd844c,server/model/players/combat/melee/MeleeExtras$1.java,execute,->,12acfc45-bdfb-4343-9004-9be15dfd844c,6dd0c5db-72ba-4498-883f-a3c8c3333519,2c14e4eb-2b3e-4056-bf8e-5218f96f0ad5
12acfc45-bdfb-4343-9004-9be15dfd844c,server/model/players/combat/melee/MeleeSpecial.java,checkSpecAmount,->,12acfc45-bdfb-4343-9004-9be15dfd844c,server/model/players/Client.java,getItems
12acfc45-bdfb-4343-9004-9be15dfd844c,server/model/players/combat/melee/MeleeSpecial.java,checkSpecAmount,->,12acfc45-bdfb-4343-9004-9be15dfd844c,server/model/items/ItemAssistant.java,addSpecialBar
12acfc45-bdfb-4343-9004-9be15dfd844c,server/model/players/combat/melee/MeleeSpecial.java,checkSpecAmount,->,12acfc45-bdfb-4343-9004-9be15dfd844c,server/model/players/Client.java,getItems
12acfc45-bdfb-4343-9004-9be15dfd844c,server/model/players/combat/melee/MeleeSpecial.java,checkSpecAmount,->,12acfc45-bdfb-4343-9004-9be15dfd844c,server/model/items/ItemAssistant.java,addSpecialBar
12acfc45-bdfb-4343-9004-9be15dfd844c,server/model/players/combat/melee/MeleeSpecial.java,checkSpecAmount,->,12acfc45-bdfb-4343-9004-9be15dfd844c,server/model/players/Client.java,getItems
12acfc45-bdfb-4343-9004-9be15dfd844c,server/model/players/combat/melee/MeleeSpecial.java,checkSpecAmount,->,12acfc45-bdfb-4343-9004-9be15dfd844c,server/model/items/ItemAssistant.java,addSpecialBar
12acfc45-bdfb-4343-9004-9be15dfd844c,server/model/players/combat/melee/MeleeSpecial.java,checkSpecAmount,->,12acfc45-bdfb-4343-9004-9be15dfd844c,server/model/players/Client.java,getItems
12acfc45-bdfb-4343-9004-9be15dfd844c,server/model/players/combat/melee/MeleeSpecial.java,checkSpecAmount,->,12acfc45-bdfb-4343-9004-9be15dfd844c,server/model/items/ItemAssistant.java,addSpecialBar
12acfc45-bdfb-4343-9004-9be15dfd844c,server/model/players/combat/melee/MeleeSpecial.java,checkSpecAmount,->,12acfc45-bdfb-4343-9004-9be15dfd844c,server/model/players/Client.java,getItems
12acfc45-bdfb-4343-9004-9be15dfd844c,server/model/players/combat/melee/MeleeSpecial.java,checkSpecAmount,->,12acfc45-bdfb-4343-9004-9be15dfd844c,server/model/items/ItemAssistant.java,addSpecialBar
12acfc45-bdfb-4343-9004-9be15dfd844c,server/model/players/combat/melee/MeleeSpecial.java,activateSpecial,->,12acfc45-bdfb-4343-9004-9be15dfd844c,java/lang/System.java,currentTimeMillis
12acfc45-bdfb-4343-9004-9be15dfd844c,server/model/players/combat/melee/MeleeSpecial.java,activateSpecial,->,12acfc45-bdfb-4343-9004-9be15dfd844c,java/lang/System.java,currentTimeMillis
12acfc45-bdfb-4343-9004-9be15dfd844c,server/model/players/combat/melee/MeleeSpecial.java,activateSpecial,->,12acfc45-bdfb-4343-9004-9be15dfd844c,server/model/players/Client.java,getPA
12acfc45-bdfb-4343-9004-9be15dfd844c,server/model/players/combat/melee/MeleeSpecial.java,activateSpecial,->,12acfc45-bdfb-4343-9004-9be15dfd844c,991eb2a8-284a-4290-ae08-f54cf8834706,7953991a-c478-44db-962f-2aa2177f945d
12acfc45-bdfb-4343-9004-9be15dfd844c,server/model/players/combat/melee/MeleeSpecial.java,activateSpecial,->,12acfc45-bdfb-4343-9004-9be15dfd844c,server/model/players/Client.java,getPA
12acfc45-bdfb-4343-9004-9be15dfd844c,server/model/players/combat/melee/MeleeSpecial.java,activateSpecial,->,12acfc45-bdfb-4343-9004-9be15dfd844c,991eb2a8-284a-4290-ae08-f54cf8834706,52a21904-427e-4263-9554-cc4953ec015f
12acfc45-bdfb-4343-9004-9be15dfd844c,server/model/players/combat/melee/MeleeSpecial.java,activateSpecial,->,12acfc45-bdfb-4343-9004-9be15dfd844c,server/model/players/Client.java,gfx0
12acfc45-bdfb-4343-9004-9be15dfd844c,server/model/players/combat/melee/MeleeSpecial.java,activateSpecial,->,12acfc45-bdfb-4343-9004-9be15dfd844c,server/model/players/Client.java,startAnimation
12acfc45-bdfb-4343-9004-9be15dfd844c,server/model/players/combat/melee/MeleeSpecial.java,activateSpecial,->,12acfc45-bdfb-4343-9004-9be15dfd844c,server/model/players/Client.java,getCombat
12acfc45-bdfb-4343-9004-9be15dfd844c,server/model/players/combat/melee/MeleeSpecial.java,activateSpecial,->,12acfc45-bdfb-4343-9004-9be15dfd844c,server/model/players/Client.java,getItems
12acfc45-bdfb-4343-9004-9be15dfd844c,server/model/players/combat/melee/MeleeSpecial.java,activateSpecial,->,12acfc45-bdfb-4343-9004-9be15dfd844c,server/model/items/ItemAssistant.java,getItemName
12acfc45-bdfb-4343-9004-9be15dfd844c,server/model/players/combat/melee/MeleeSpecial.java,activateSpecial,->,12acfc45-bdfb-4343-9004-9be15dfd844c,java/lang/String.java,toLowerCase
12acfc45-bdfb-4343-9004-9be15dfd844c,server/model/players/combat/melee/MeleeSpecial.java,activateSpecial,->,12acfc45-bdfb-4343-9004-9be15dfd844c,server/model/players/CombatAssistant.java,getHitDelay
12acfc45-bdfb-4343-9004-9be15dfd844c,server/model/players/combat/melee/MeleeSpecial.java,activateSpecial,->,12acfc45-bdfb-4343-9004-9be15dfd844c,server/model/players/Client.java,gfx100
12acfc45-bdfb-4343-9004-9be15dfd844c,server/model/players/combat/melee/MeleeSpecial.java,activateSpecial,->,12acfc45-bdfb-4343-9004-9be15dfd844c,server/model/players/Client.java,startAnimation
12acfc45-bdfb-4343-9004-9be15dfd844c,server/model/players/combat/melee/MeleeSpecial.java,activateSpecial,->,12acfc45-bdfb-4343-9004-9be15dfd844c,server/model/players/Client.java,getCombat
12acfc45-bdfb-4343-9004-9be15dfd844c,server/model/players/combat/melee/MeleeSpecial.java,activateSpecial,->,12acfc45-bdfb-4343-9004-9be15dfd844c,server/model/players/Client.java,getItems
12acfc45-bdfb-4343-9004-9be15dfd844c,server/model/players/combat/melee/MeleeSpecial.java,activateSpecial,->,12acfc45-bdfb-4343-9004-9be15dfd844c,server/model/items/ItemAssistant.java,getItemName
12acfc45-bdfb-4343-9004-9be15dfd844c,server/model/players/combat/melee/MeleeSpecial.java,activateSpecial,->,12acfc45-bdfb-4343-9004-9be15dfd844c,java/lang/String.java,toLowerCase
12acfc45-bdfb-4343-9004-9be15dfd844c,server/model/players/combat/melee/MeleeSpecial.java,activateSpecial,->,12acfc45-bdfb-4343-9004-9be15dfd844c,server/model/players/CombatAssistant.java,getHitDelay
12acfc45-bdfb-4343-9004-9be15dfd844c,server/model/players/combat/melee/MeleeSpecial.java,activateSpecial,->,12acfc45-bdfb-4343-9004-9be15dfd844c,server/model/players/Client.java,gfx100
12acfc45-bdfb-4343-9004-9be15dfd844c,server/model/players/combat/melee/MeleeSpecial.java,activateSpecial,->,12acfc45-bdfb-4343-9004-9be15dfd844c,server/model/players/Client.java,startAnimation
12acfc45-bdfb-4343-9004-9be15dfd844c,server/model/players/combat/melee/MeleeSpecial.java,activateSpecial,->,12acfc45-bdfb-4343-9004-9be15dfd844c,server/model/players/Client.java,getCombat
12acfc45-bdfb-4343-9004-9be15dfd844c,server/model/players/combat/melee/MeleeSpecial.java,activateSpecial,->,12acfc45-bdfb-4343-9004-9be15dfd844c,server/model/players/Client.java,getItems
12acfc45-bdfb-4343-9004-9be15dfd844c,server/model/players/combat/melee/MeleeSpecial.java,activateSpecial,->,12acfc45-bdfb-4343-9004-9be15dfd844c,server/model/items/ItemAssistant.java,getItemName
12acfc45-bdfb-4343-9004-9be15dfd844c,server/model/players/combat/melee/MeleeSpecial.java,activateSpecial,->,12acfc45-bdfb-4343-9004-9be15dfd844c,java/lang/String.java,toLowerCase
12acfc45-bdfb-4343-9004-9be15dfd844c,server/model/players/combat/melee/MeleeSpecial.java,activateSpecial,->,12acfc45-bdfb-4343-9004-9be15dfd844c,server/model/players/CombatAssistant.java,getHitDelay
12acfc45-bdfb-4343-9004-9be15dfd844c,server/model/players/combat/melee/MeleeSpecial.java,activateSpecial,->,12acfc45-bdfb-4343-9004-9be15dfd844c,server/model/players/Client.java,gfx100
12acfc45-bdfb-4343-9004-9be15dfd844c,server/model/players/combat/melee/MeleeSpecial.java,activateSpecial,->,12acfc45-bdfb-4343-9004-9be15dfd844c,server/model/players/Client.java,startAnimation
12acfc45-bdfb-4343-9004-9be15dfd844c,server/model/players/combat/melee/MeleeSpecial.java,activateSpecial,->,12acfc45-bdfb-4343-9004-9be15dfd844c,server/model/players/Client.java,getCombat
12acfc45-bdfb-4343-9004-9be15dfd844c,server/model/players/combat/melee/MeleeSpecial.java,activateSpecial,->,12acfc45-bdfb-4343-9004-9be15dfd844c,server/model/players/Client.java,getItems
12acfc45-bdfb-4343-9004-9be15dfd844c,server/model/players/combat/melee/MeleeSpecial.java,activateSpecial,->,12acfc45-bdfb-4343-9004-9be15dfd844c,server/model/items/ItemAssistant.java,getItemName
12acfc45-bdfb-4343-9004-9be15dfd844c,server/model/players/combat/melee/MeleeSpecial.java,activateSpecial,->,12acfc45-bdfb-4343-9004-9be15dfd844c,java/lang/String.java,toLowerCase
12acfc45-bdfb-4343-9004-9be15dfd844c,server/model/players/combat/melee/MeleeSpecial.java,activateSpecial,->,12acfc45-bdfb-4343-9004-9be15dfd844c,server/model/players/CombatAssistant.java,getHitDelay
12acfc45-bdfb-4343-9004-9be15dfd844c,server/model/players/combat/melee/MeleeSpecial.java,activateSpecial,->,12acfc45-bdfb-4343-9004-9be15dfd844c,server/model/players/Client.java,startAnimation
12acfc45-bdfb-4343-9004-9be15dfd844c,server/model/players/combat/melee/MeleeSpecial.java,activateSpecial,->,12acfc45-bdfb-4343-9004-9be15dfd844c,server/model/players/Client.java,getCombat
12acfc45-bdfb-4343-9004-9be15dfd844c,server/model/players/combat/melee/MeleeSpecial.java,activateSpecial,->,12acfc45-bdfb-4343-9004-9be15dfd844c,server/model/players/Client.java,getItems
12acfc45-bdfb-4343-9004-9be15dfd844c,server/model/players/combat/melee/MeleeSpecial.java,activateSpecial,->,12acfc45-bdfb-4343-9004-9be15dfd844c,server/model/items/ItemAssistant.java,getItemName
12acfc45-bdfb-4343-9004-9be15dfd844c,server/model/players/combat/melee/MeleeSpecial.java,activateSpecial,->,12acfc45-bdfb-4343-9004-9be15dfd844c,java/lang/String.java,toLowerCase
12acfc45-bdfb-4343-9004-9be15dfd844c,server/model/players/combat/melee/MeleeSpecial.java,activateSpecial,->,12acfc45-bdfb-4343-9004-9be15dfd844c,server/model/players/CombatAssistant.java,getHitDelay
12acfc45-bdfb-4343-9004-9be15dfd844c,server/model/players/combat/melee/MeleeSpecial.java,activateSpecial,->,12acfc45-bdfb-4343-9004-9be15dfd844c,5849ef3e-9280-4348-a3c8-451a741eecc1,2afe644b-e2ff-4265-8d55-cc4b5e27265a
12acfc45-bdfb-4343-9004-9be15dfd844c,server/model/players/combat/melee/MeleeSpecial.java,activateSpecial,->,12acfc45-bdfb-4343-9004-9be15dfd844c,server/model/players/Client.java,startAnimation
12acfc45-bdfb-4343-9004-9be15dfd844c,server/model/players/combat/melee/MeleeSpecial.java,activateSpecial,->,12acfc45-bdfb-4343-9004-9be15dfd844c,server/model/players/Client.java,getCombat
12acfc45-bdfb-4343-9004-9be15dfd844c,server/model/players/combat/melee/MeleeSpecial.java,activateSpecial,->,12acfc45-bdfb-4343-9004-9be15dfd844c,server/model/players/Client.java,getItems
12acfc45-bdfb-4343-9004-9be15dfd844c,server/model/players/combat/melee/MeleeSpecial.java,activateSpecial,->,12acfc45-bdfb-4343-9004-9be15dfd844c,server/model/items/ItemAssistant.java,getItemName
12acfc45-bdfb-4343-9004-9be15dfd844c,server/model/players/combat/melee/MeleeSpecial.java,activateSpecial,->,12acfc45-bdfb-4343-9004-9be15dfd844c,java/lang/String.java,toLowerCase
12acfc45-bdfb-4343-9004-9be15dfd844c,server/model/players/combat/melee/MeleeSpecial.java,activateSpecial,->,12acfc45-bdfb-4343-9004-9be15dfd844c,server/model/players/CombatAssistant.java,getHitDelay
12acfc45-bdfb-4343-9004-9be15dfd844c,server/model/players/combat/melee/MeleeSpecial.java,activateSpecial,->,12acfc45-bdfb-4343-9004-9be15dfd844c,server/model/players/Client.java,startAnimation
12acfc45-bdfb-4343-9004-9be15dfd844c,server/model/players/combat/melee/MeleeSpecial.java,activateSpecial,->,12acfc45-bdfb-4343-9004-9be15dfd844c,server/model/players/Client.java,gfx0
12acfc45-bdfb-4343-9004-9be15dfd844c,server/model/players/combat/melee/MeleeSpecial.java,activateSpecial,->,12acfc45-bdfb-4343-9004-9be15dfd844c,server/model/players/Client.java,getCombat
12acfc45-bdfb-4343-9004-9be15dfd844c,server/model/players/combat/melee/MeleeSpecial.java,activateSpecial,->,12acfc45-bdfb-4343-9004-9be15dfd844c,server/model/players/Client.java,getItems
12acfc45-bdfb-4343-9004-9be15dfd844c,server/model/players/combat/melee/MeleeSpecial.java,activateSpecial,->,12acfc45-bdfb-4343-9004-9be15dfd844c,server/model/items/ItemAssistant.java,getItemName
12acfc45-bdfb-4343-9004-9be15dfd844c,server/model/players/combat/melee/MeleeSpecial.java,activateSpecial,->,12acfc45-bdfb-4343-9004-9be15dfd844c,java/lang/String.java,toLowerCase
12acfc45-bdfb-4343-9004-9be15dfd844c,server/model/players/combat/melee/MeleeSpecial.java,activateSpecial,->,12acfc45-bdfb-4343-9004-9be15dfd844c,server/model/players/CombatAssistant.java,getHitDelay
12acfc45-bdfb-4343-9004-9be15dfd844c,server/model/players/combat/melee/MeleeSpecial.java,activateSpecial,->,12acfc45-bdfb-4343-9004-9be15dfd844c,server/model/players/Client.java,startAnimation
12acfc45-bdfb-4343-9004-9be15dfd844c,server/model/players/combat/melee/MeleeSpecial.java,activateSpecial,->,12acfc45-bdfb-4343-9004-9be15dfd844c,server/model/players/Client.java,gfx0
12acfc45-bdfb-4343-9004-9be15dfd844c,server/model/players/combat/melee/MeleeSpecial.java,activateSpecial,->,12acfc45-bdfb-4343-9004-9be15dfd844c,server/model/players/Client.java,getCombat
12acfc45-bdfb-4343-9004-9be15dfd844c,server/model/players/combat/melee/MeleeSpecial.java,activateSpecial,->,12acfc45-bdfb-4343-9004-9be15dfd844c,server/model/players/Client.java,getItems
12acfc45-bdfb-4343-9004-9be15dfd844c,server/model/players/combat/melee/MeleeSpecial.java,activateSpecial,->,12acfc45-bdfb-4343-9004-9be15dfd844c,server/model/items/ItemAssistant.java,getItemName
12acfc45-bdfb-4343-9004-9be15dfd844c,server/model/players/combat/melee/MeleeSpecial.java,activateSpecial,->,12acfc45-bdfb-4343-9004-9be15dfd844c,java/lang/String.java,toLowerCase
12acfc45-bdfb-4343-9004-9be15dfd844c,server/model/players/combat/melee/MeleeSpecial.java,activateSpecial,->,12acfc45-bdfb-4343-9004-9be15dfd844c,server/model/players/CombatAssistant.java,getHitDelay
12acfc45-bdfb-4343-9004-9be15dfd844c,server/model/players/combat/melee/MeleeSpecial.java,activateSpecial,->,12acfc45-bdfb-4343-9004-9be15dfd844c,server/model/players/Client.java,startAnimation
12acfc45-bdfb-4343-9004-9be15dfd844c,server/model/players/combat/melee/MeleeSpecial.java,activateSpecial,->,12acfc45-bdfb-4343-9004-9be15dfd844c,server/model/players/Client.java,gfx0
12acfc45-bdfb-4343-9004-9be15dfd844c,server/model/players/combat/melee/MeleeSpecial.java,activateSpecial,->,12acfc45-bdfb-4343-9004-9be15dfd844c,server/model/players/Client.java,getCombat
12acfc45-bdfb-4343-9004-9be15dfd844c,server/model/players/combat/melee/MeleeSpecial.java,activateSpecial,->,12acfc45-bdfb-4343-9004-9be15dfd844c,server/model/players/Client.java,getItems
12acfc45-bdfb-4343-9004-9be15dfd844c,server/model/players/combat/melee/MeleeSpecial.java,activateSpecial,->,12acfc45-bdfb-4343-9004-9be15dfd844c,server/model/items/ItemAssistant.java,getItemName
12acfc45-bdfb-4343-9004-9be15dfd844c,server/model/players/combat/melee/MeleeSpecial.java,activateSpecial,->,12acfc45-bdfb-4343-9004-9be15dfd844c,java/lang/String.java,toLowerCase
12acfc45-bdfb-4343-9004-9be15dfd844c,server/model/players/combat/melee/MeleeSpecial.java,activateSpecial,->,12acfc45-bdfb-4343-9004-9be15dfd844c,server/model/players/CombatAssistant.java,getHitDelay
12acfc45-bdfb-4343-9004-9be15dfd844c,server/model/players/combat/melee/MeleeSpecial.java,activateSpecial,->,12acfc45-bdfb-4343-9004-9be15dfd844c,server/model/players/Client.java,startAnimation
12acfc45-bdfb-4343-9004-9be15dfd844c,server/model/players/combat/melee/MeleeSpecial.java,activateSpecial,->,12acfc45-bdfb-4343-9004-9be15dfd844c,server/model/players/Client.java,gfx0
12acfc45-bdfb-4343-9004-9be15dfd844c,server/model/players/combat/melee/MeleeSpecial.java,activateSpecial,->,12acfc45-bdfb-4343-9004-9be15dfd844c,server/model/players/Client.java,getCombat
12acfc45-bdfb-4343-9004-9be15dfd844c,server/model/players/combat/melee/MeleeSpecial.java,activateSpecial,->,12acfc45-bdfb-4343-9004-9be15dfd844c,server/model/players/Client.java,getItems
12acfc45-bdfb-4343-9004-9be15dfd844c,server/model/players/combat/melee/MeleeSpecial.java,activateSpecial,->,12acfc45-bdfb-4343-9004-9be15dfd844c,server/model/items/ItemAssistant.java,getItemName
12acfc45-bdfb-4343-9004-9be15dfd844c,server/model/players/combat/melee/MeleeSpecial.java,activateSpecial,->,12acfc45-bdfb-4343-9004-9be15dfd844c,java/lang/String.java,toLowerCase
12acfc45-bdfb-4343-9004-9be15dfd844c,server/model/players/combat/melee/MeleeSpecial.java,activateSpecial,->,12acfc45-bdfb-4343-9004-9be15dfd844c,server/model/players/CombatAssistant.java,getHitDelay
12acfc45-bdfb-4343-9004-9be15dfd844c,server/model/players/combat/melee/MeleeSpecial.java,activateSpecial,->,12acfc45-bdfb-4343-9004-9be15dfd844c,server/model/players/Client.java,startAnimation
12acfc45-bdfb-4343-9004-9be15dfd844c,server/model/players/combat/melee/MeleeSpecial.java,activateSpecial,->,12acfc45-bdfb-4343-9004-9be15dfd844c,server/model/players/Client.java,gfx100
12acfc45-bdfb-4343-9004-9be15dfd844c,server/model/players/combat/melee/MeleeSpecial.java,activateSpecial,->,12acfc45-bdfb-4343-9004-9be15dfd844c,server/model/players/Client.java,getPA
12acfc45-bdfb-4343-9004-9be15dfd844c,server/model/players/combat/melee/MeleeSpecial.java,activateSpecial,->,12acfc45-bdfb-4343-9004-9be15dfd844c,991eb2a8-284a-4290-ae08-f54cf8834706,3051c6cb-21a1-4c0e-95dd-0078747375d8
12acfc45-bdfb-4343-9004-9be15dfd844c,server/model/players/combat/melee/MeleeSpecial.java,activateSpecial,->,12acfc45-bdfb-4343-9004-9be15dfd844c,server/model/players/Client.java,gfx100
12acfc45-bdfb-4343-9004-9be15dfd844c,server/model/players/combat/melee/MeleeSpecial.java,activateSpecial,->,12acfc45-bdfb-4343-9004-9be15dfd844c,server/model/players/Client.java,startAnimation
12acfc45-bdfb-4343-9004-9be15dfd844c,server/model/players/combat/melee/MeleeSpecial.java,activateSpecial,->,12acfc45-bdfb-4343-9004-9be15dfd844c,server/model/players/Client.java,getCombat
12acfc45-bdfb-4343-9004-9be15dfd844c,server/model/players/combat/melee/MeleeSpecial.java,activateSpecial,->,12acfc45-bdfb-4343-9004-9be15dfd844c,server/model/players/Client.java,getItems
12acfc45-bdfb-4343-9004-9be15dfd844c,server/model/players/combat/melee/MeleeSpecial.java,activateSpecial,->,12acfc45-bdfb-4343-9004-9be15dfd844c,server/model/items/ItemAssistant.java,getItemName
12acfc45-bdfb-4343-9004-9be15dfd844c,server/model/players/combat/melee/MeleeSpecial.java,activateSpecial,->,12acfc45-bdfb-4343-9004-9be15dfd844c,java/lang/String.java,toLowerCase
12acfc45-bdfb-4343-9004-9be15dfd844c,server/model/players/combat/melee/MeleeSpecial.java,activateSpecial,->,12acfc45-bdfb-4343-9004-9be15dfd844c,server/model/players/CombatAssistant.java,getHitDelay
12acfc45-bdfb-4343-9004-9be15dfd844c,server/model/players/combat/melee/MeleeSpecial.java,activateSpecial,->,12acfc45-bdfb-4343-9004-9be15dfd844c,server/model/players/Client.java,getX
12acfc45-bdfb-4343-9004-9be15dfd844c,server/model/players/combat/melee/MeleeSpecial.java,activateSpecial,->,12acfc45-bdfb-4343-9004-9be15dfd844c,server/model/players/Client.java,getY
12acfc45-bdfb-4343-9004-9be15dfd844c,server/model/players/combat/melee/MeleeSpecial.java,activateSpecial,->,12acfc45-bdfb-4343-9004-9be15dfd844c,5849ef3e-9280-4348-a3c8-451a741eecc1,be4814f2-9691-46f9-8036-ee2d782c6652
12acfc45-bdfb-4343-9004-9be15dfd844c,server/model/players/combat/melee/MeleeSpecial.java,activateSpecial,->,12acfc45-bdfb-4343-9004-9be15dfd844c,5849ef3e-9280-4348-a3c8-451a741eecc1,06abc11f-87f2-4398-ad11-b60bfae4491e
12acfc45-bdfb-4343-9004-9be15dfd844c,server/model/players/combat/melee/MeleeSpecial.java,activateSpecial,->,12acfc45-bdfb-4343-9004-9be15dfd844c,server/model/players/Client.java,goodDistance
12acfc45-bdfb-4343-9004-9be15dfd844c,server/model/players/combat/melee/MeleeSpecial.java,activateSpecial,->,12acfc45-bdfb-4343-9004-9be15dfd844c,server/model/players/Client.java,getX
12acfc45-bdfb-4343-9004-9be15dfd844c,server/model/players/combat/melee/MeleeSpecial.java,activateSpecial,->,12acfc45-bdfb-4343-9004-9be15dfd844c,server/model/players/Client.java,getY
12acfc45-bdfb-4343-9004-9be15dfd844c,server/model/players/combat/melee/MeleeSpecial.java,activateSpecial,->,12acfc45-bdfb-4343-9004-9be15dfd844c,server/model/players/Player.java,getX
12acfc45-bdfb-4343-9004-9be15dfd844c,server/model/players/combat/melee/MeleeSpecial.java,activateSpecial,->,12acfc45-bdfb-4343-9004-9be15dfd844c,server/model/players/Player.java,getY
12acfc45-bdfb-4343-9004-9be15dfd844c,server/model/players/combat/melee/MeleeSpecial.java,activateSpecial,->,12acfc45-bdfb-4343-9004-9be15dfd844c,server/model/players/Client.java,goodDistance
12acfc45-bdfb-4343-9004-9be15dfd844c,server/model/players/combat/melee/MeleeSpecial.java,activateSpecial,->,12acfc45-bdfb-4343-9004-9be15dfd844c,server/model/players/Client.java,getCombat
12acfc45-bdfb-4343-9004-9be15dfd844c,server/model/players/combat/melee/MeleeSpecial.java,activateSpecial,->,12acfc45-bdfb-4343-9004-9be15dfd844c,server/model/players/CombatAssistant.java,calculateMeleeMaxHit
12acfc45-bdfb-4343-9004-9be15dfd844c,server/model/players/combat/melee/MeleeSpecial.java,activateSpecial,->,12acfc45-bdfb-4343-9004-9be15dfd844c,2c89cfe4-ed6d-446f-832b-3c203feb3155,12264cea-e176-47b1-b1bb-e3a14dc18d35
12acfc45-bdfb-4343-9004-9be15dfd844c,server/model/players/combat/melee/MeleeSpecial.java,activateSpecial,->,12acfc45-bdfb-4343-9004-9be15dfd844c,server/model/players/Client.java,startAnimation
12acfc45-bdfb-4343-9004-9be15dfd844c,server/model/players/combat/melee/MeleeSpecial.java,activateSpecial,->,12acfc45-bdfb-4343-9004-9be15dfd844c,server/model/players/Client.java,getCombat
12acfc45-bdfb-4343-9004-9be15dfd844c,server/model/players/combat/melee/MeleeSpecial.java,activateSpecial,->,12acfc45-bdfb-4343-9004-9be15dfd844c,server/model/players/Client.java,getItems
12acfc45-bdfb-4343-9004-9be15dfd844c,server/model/players/combat/melee/MeleeSpecial.java,activateSpecial,->,12acfc45-bdfb-4343-9004-9be15dfd844c,server/model/items/ItemAssistant.java,getItemName
12acfc45-bdfb-4343-9004-9be15dfd844c,server/model/players/combat/melee/MeleeSpecial.java,activateSpecial,->,12acfc45-bdfb-4343-9004-9be15dfd844c,java/lang/String.java,toLowerCase
12acfc45-bdfb-4343-9004-9be15dfd844c,server/model/players/combat/melee/MeleeSpecial.java,activateSpecial,->,12acfc45-bdfb-4343-9004-9be15dfd844c,server/model/players/CombatAssistant.java,getHitDelay
12acfc45-bdfb-4343-9004-9be15dfd844c,server/model/players/combat/melee/MeleeSpecial.java,activateSpecial,->,12acfc45-bdfb-4343-9004-9be15dfd844c,server/model/players/Client.java,gfx100
12acfc45-bdfb-4343-9004-9be15dfd844c,server/model/players/combat/melee/MeleeSpecial.java,activateSpecial,->,12acfc45-bdfb-4343-9004-9be15dfd844c,server/model/players/Client.java,gfx100
12acfc45-bdfb-4343-9004-9be15dfd844c,server/model/players/combat/melee/MeleeSpecial.java,activateSpecial,->,12acfc45-bdfb-4343-9004-9be15dfd844c,server/model/players/Client.java,startAnimation
12acfc45-bdfb-4343-9004-9be15dfd844c,server/model/players/combat/melee/MeleeSpecial.java,activateSpecial,->,12acfc45-bdfb-4343-9004-9be15dfd844c,server/model/players/Client.java,getCombat
12acfc45-bdfb-4343-9004-9be15dfd844c,server/model/players/combat/melee/MeleeSpecial.java,activateSpecial,->,12acfc45-bdfb-4343-9004-9be15dfd844c,server/model/players/Client.java,getItems
12acfc45-bdfb-4343-9004-9be15dfd844c,server/model/players/combat/melee/MeleeSpecial.java,activateSpecial,->,12acfc45-bdfb-4343-9004-9be15dfd844c,server/model/items/ItemAssistant.java,getItemName
12acfc45-bdfb-4343-9004-9be15dfd844c,server/model/players/combat/melee/MeleeSpecial.java,activateSpecial,->,12acfc45-bdfb-4343-9004-9be15dfd844c,java/lang/String.java,toLowerCase
12acfc45-bdfb-4343-9004-9be15dfd844c,server/model/players/combat/melee/MeleeSpecial.java,activateSpecial,->,12acfc45-bdfb-4343-9004-9be15dfd844c,server/model/players/CombatAssistant.java,getHitDelay
12acfc45-bdfb-4343-9004-9be15dfd844c,server/model/players/combat/melee/MeleeSpecial.java,activateSpecial,->,12acfc45-bdfb-4343-9004-9be15dfd844c,server/model/players/Client.java,startAnimation
12acfc45-bdfb-4343-9004-9be15dfd844c,server/model/players/combat/melee/MeleeSpecial.java,activateSpecial,->,12acfc45-bdfb-4343-9004-9be15dfd844c,server/model/players/Client.java,gfx100
12acfc45-bdfb-4343-9004-9be15dfd844c,server/model/players/combat/melee/MeleeSpecial.java,activateSpecial,->,12acfc45-bdfb-4343-9004-9be15dfd844c,server/model/players/Client.java,getCombat
12acfc45-bdfb-4343-9004-9be15dfd844c,server/model/players/combat/melee/MeleeSpecial.java,activateSpecial,->,12acfc45-bdfb-4343-9004-9be15dfd844c,server/model/players/Client.java,getItems
12acfc45-bdfb-4343-9004-9be15dfd844c,server/model/players/combat/melee/MeleeSpecial.java,activateSpecial,->,12acfc45-bdfb-4343-9004-9be15dfd844c,server/model/items/ItemAssistant.java,getItemName
12acfc45-bdfb-4343-9004-9be15dfd844c,server/model/players/combat/melee/MeleeSpecial.java,activateSpecial,->,12acfc45-bdfb-4343-9004-9be15dfd844c,java/lang/String.java,toLowerCase
12acfc45-bdfb-4343-9004-9be15dfd844c,server/model/players/combat/melee/MeleeSpecial.java,activateSpecial,->,12acfc45-bdfb-4343-9004-9be15dfd844c,server/model/players/CombatAssistant.java,getHitDelay
12acfc45-bdfb-4343-9004-9be15dfd844c,server/model/players/combat/melee/MeleeSpecial.java,activateSpecial,->,12acfc45-bdfb-4343-9004-9be15dfd844c,server/model/players/Client.java,getItems
12acfc45-bdfb-4343-9004-9be15dfd844c,server/model/players/combat/melee/MeleeSpecial.java,activateSpecial,->,12acfc45-bdfb-4343-9004-9be15dfd844c,server/model/items/ItemAssistant.java,deleteArrow
12acfc45-bdfb-4343-9004-9be15dfd844c,server/model/players/combat/melee/MeleeSpecial.java,activateSpecial,->,12acfc45-bdfb-4343-9004-9be15dfd844c,server/model/players/Client.java,startAnimation
12acfc45-bdfb-4343-9004-9be15dfd844c,server/model/players/combat/melee/MeleeSpecial.java,activateSpecial,->,12acfc45-bdfb-4343-9004-9be15dfd844c,server/model/players/Client.java,gfx100
12acfc45-bdfb-4343-9004-9be15dfd844c,server/model/players/combat/melee/MeleeSpecial.java,activateSpecial,->,12acfc45-bdfb-4343-9004-9be15dfd844c,server/model/players/Client.java,getCombat
12acfc45-bdfb-4343-9004-9be15dfd844c,server/model/players/combat/melee/MeleeSpecial.java,activateSpecial,->,12acfc45-bdfb-4343-9004-9be15dfd844c,server/model/players/Client.java,getItems
12acfc45-bdfb-4343-9004-9be15dfd844c,server/model/players/combat/melee/MeleeSpecial.java,activateSpecial,->,12acfc45-bdfb-4343-9004-9be15dfd844c,server/model/items/ItemAssistant.java,getItemName
12acfc45-bdfb-4343-9004-9be15dfd844c,server/model/players/combat/melee/MeleeSpecial.java,activateSpecial,->,12acfc45-bdfb-4343-9004-9be15dfd844c,java/lang/String.java,toLowerCase
12acfc45-bdfb-4343-9004-9be15dfd844c,server/model/players/combat/melee/MeleeSpecial.java,activateSpecial,->,12acfc45-bdfb-4343-9004-9be15dfd844c,server/model/players/CombatAssistant.java,getHitDelay
12acfc45-bdfb-4343-9004-9be15dfd844c,server/model/players/combat/melee/MeleeSpecial.java,activateSpecial,->,12acfc45-bdfb-4343-9004-9be15dfd844c,server/model/players/Client.java,getItems
12acfc45-bdfb-4343-9004-9be15dfd844c,server/model/players/combat/melee/MeleeSpecial.java,activateSpecial,->,12acfc45-bdfb-4343-9004-9be15dfd844c,server/model/items/ItemAssistant.java,deleteArrow
12acfc45-bdfb-4343-9004-9be15dfd844c,server/model/players/combat/melee/MeleeSpecial.java,activateSpecial,->,12acfc45-bdfb-4343-9004-9be15dfd844c,server/model/players/Client.java,getItems
12acfc45-bdfb-4343-9004-9be15dfd844c,server/model/players/combat/melee/MeleeSpecial.java,activateSpecial,->,12acfc45-bdfb-4343-9004-9be15dfd844c,server/model/items/ItemAssistant.java,deleteArrow
12acfc45-bdfb-4343-9004-9be15dfd844c,server/model/players/combat/melee/MeleeSpecial.java,activateSpecial,->,12acfc45-bdfb-4343-9004-9be15dfd844c,server/model/players/Client.java,startAnimation
12acfc45-bdfb-4343-9004-9be15dfd844c,server/model/players/combat/melee/MeleeSpecial.java,activateSpecial,->,12acfc45-bdfb-4343-9004-9be15dfd844c,server/model/players/Client.java,getCombat
12acfc45-bdfb-4343-9004-9be15dfd844c,server/model/players/combat/melee/MeleeSpecial.java,activateSpecial,->,12acfc45-bdfb-4343-9004-9be15dfd844c,server/model/players/Client.java,getItems
12acfc45-bdfb-4343-9004-9be15dfd844c,server/model/players/combat/melee/MeleeSpecial.java,activateSpecial,->,12acfc45-bdfb-4343-9004-9be15dfd844c,server/model/items/ItemAssistant.java,getItemName
12acfc45-bdfb-4343-9004-9be15dfd844c,server/model/players/combat/melee/MeleeSpecial.java,activateSpecial,->,12acfc45-bdfb-4343-9004-9be15dfd844c,java/lang/String.java,toLowerCase
12acfc45-bdfb-4343-9004-9be15dfd844c,server/model/players/combat/melee/MeleeSpecial.java,activateSpecial,->,12acfc45-bdfb-4343-9004-9be15dfd844c,server/model/players/CombatAssistant.java,getHitDelay
12acfc45-bdfb-4343-9004-9be15dfd844c,server/model/players/combat/melee/MeleeSpecial.java,activateSpecial,->,12acfc45-bdfb-4343-9004-9be15dfd844c,server/model/players/Client.java,getCombat
12acfc45-bdfb-4343-9004-9be15dfd844c,server/model/players/combat/melee/MeleeSpecial.java,activateSpecial,->,12acfc45-bdfb-4343-9004-9be15dfd844c,server/model/players/CombatAssistant.java,fireProjectilePlayer
12acfc45-bdfb-4343-9004-9be15dfd844c,server/model/players/combat/melee/MeleeSpecial.java,activateSpecial,->,12acfc45-bdfb-4343-9004-9be15dfd844c,server/model/players/Client.java,getCombat
12acfc45-bdfb-4343-9004-9be15dfd844c,server/model/players/combat/melee/MeleeSpecial.java,activateSpecial,->,12acfc45-bdfb-4343-9004-9be15dfd844c,server/model/players/CombatAssistant.java,fireProjectileNpc
12acfc45-bdfb-4343-9004-9be15dfd844c,server/model/players/combat/melee/MeleeSpecial.java,activateSpecial,->,12acfc45-bdfb-4343-9004-9be15dfd844c,server/model/players/Client.java,getItems
12acfc45-bdfb-4343-9004-9be15dfd844c,server/model/players/combat/melee/MeleeSpecial.java,activateSpecial,->,12acfc45-bdfb-4343-9004-9be15dfd844c,server/model/items/ItemAssistant.java,deleteArrow
12acfc45-bdfb-4343-9004-9be15dfd844c,server/model/players/combat/melee/MeleeSpecial.java,activateSpecial,->,12acfc45-bdfb-4343-9004-9be15dfd844c,server/model/players/Client.java,getItems
12acfc45-bdfb-4343-9004-9be15dfd844c,server/model/players/combat/melee/MeleeSpecial.java,activateSpecial,->,12acfc45-bdfb-4343-9004-9be15dfd844c,server/model/items/ItemAssistant.java,deleteArrow
12acfc45-bdfb-4343-9004-9be15dfd844c,server/model/players/combat/melee/MeleeSpecial.java,activateSpecial,->,12acfc45-bdfb-4343-9004-9be15dfd844c,server/model/players/Client.java,getItems
12acfc45-bdfb-4343-9004-9be15dfd844c,server/model/players/combat/melee/MeleeSpecial.java,activateSpecial,->,12acfc45-bdfb-4343-9004-9be15dfd844c,server/model/items/ItemAssistant.java,dropArrowPlayer
12acfc45-bdfb-4343-9004-9be15dfd844c,server/model/players/combat/melee/MeleeSpecial.java,activateSpecial,->,12acfc45-bdfb-4343-9004-9be15dfd844c,server/model/players/Client.java,getItems
12acfc45-bdfb-4343-9004-9be15dfd844c,server/model/players/combat/melee/MeleeSpecial.java,activateSpecial,->,12acfc45-bdfb-4343-9004-9be15dfd844c,server/model/items/ItemAssistant.java,dropArrowNpc
12acfc45-bdfb-4343-9004-9be15dfd844c,server/model/players/combat/melee/MeleeSpecial.java,activateSpecial,->,12acfc45-bdfb-4343-9004-9be15dfd844c,server/model/players/Client.java,startAnimation
12acfc45-bdfb-4343-9004-9be15dfd844c,server/model/players/combat/melee/MeleeSpecial.java,activateSpecial,->,12acfc45-bdfb-4343-9004-9be15dfd844c,server/model/players/Client.java,getCombat
12acfc45-bdfb-4343-9004-9be15dfd844c,server/model/players/combat/melee/MeleeSpecial.java,activateSpecial,->,12acfc45-bdfb-4343-9004-9be15dfd844c,server/model/players/CombatAssistant.java,getRangeStartGFX
12acfc45-bdfb-4343-9004-9be15dfd844c,server/model/players/combat/melee/MeleeSpecial.java,activateSpecial,->,12acfc45-bdfb-4343-9004-9be15dfd844c,server/model/players/Client.java,gfx100
12acfc45-bdfb-4343-9004-9be15dfd844c,server/model/players/combat/melee/MeleeSpecial.java,activateSpecial,->,12acfc45-bdfb-4343-9004-9be15dfd844c,server/model/players/Client.java,getCombat
12acfc45-bdfb-4343-9004-9be15dfd844c,server/model/players/combat/melee/MeleeSpecial.java,activateSpecial,->,12acfc45-bdfb-4343-9004-9be15dfd844c,server/model/players/Client.java,getItems
12acfc45-bdfb-4343-9004-9be15dfd844c,server/model/players/combat/melee/MeleeSpecial.java,activateSpecial,->,12acfc45-bdfb-4343-9004-9be15dfd844c,server/model/items/ItemAssistant.java,getItemName
12acfc45-bdfb-4343-9004-9be15dfd844c,server/model/players/combat/melee/MeleeSpecial.java,activateSpecial,->,12acfc45-bdfb-4343-9004-9be15dfd844c,java/lang/String.java,toLowerCase
12acfc45-bdfb-4343-9004-9be15dfd844c,server/model/players/combat/melee/MeleeSpecial.java,activateSpecial,->,12acfc45-bdfb-4343-9004-9be15dfd844c,server/model/players/CombatAssistant.java,getHitDelay
12acfc45-bdfb-4343-9004-9be15dfd844c,server/model/players/combat/melee/MeleeSpecial.java,activateSpecial,->,12acfc45-bdfb-4343-9004-9be15dfd844c,server/model/players/Client.java,getCombat
12acfc45-bdfb-4343-9004-9be15dfd844c,server/model/players/combat/melee/MeleeSpecial.java,activateSpecial,->,12acfc45-bdfb-4343-9004-9be15dfd844c,server/model/players/CombatAssistant.java,fireProjectilePlayer
12acfc45-bdfb-4343-9004-9be15dfd844c,server/model/players/combat/melee/MeleeSpecial.java,activateSpecial,->,12acfc45-bdfb-4343-9004-9be15dfd844c,server/model/players/Client.java,getCombat
12acfc45-bdfb-4343-9004-9be15dfd844c,server/model/players/combat/melee/MeleeSpecial.java,activateSpecial,->,12acfc45-bdfb-4343-9004-9be15dfd844c,server/model/players/CombatAssistant.java,fireProjectileNpc
12acfc45-bdfb-4343-9004-9be15dfd844c,server/model/players/combat/melee/MeleeSpecial.java,activateSpecial,->,12acfc45-bdfb-4343-9004-9be15dfd844c,server/model/players/Client.java,getCombat
12acfc45-bdfb-4343-9004-9be15dfd844c,server/model/players/combat/melee/MeleeSpecial.java,activateSpecial,->,12acfc45-bdfb-4343-9004-9be15dfd844c,server/model/players/CombatAssistant.java,calculateMeleeMaxHit
12acfc45-bdfb-4343-9004-9be15dfd844c,server/model/players/combat/melee/MeleeSpecial.java,activateSpecial,->,12acfc45-bdfb-4343-9004-9be15dfd844c,2c89cfe4-ed6d-446f-832b-3c203feb3155,12264cea-e176-47b1-b1bb-e3a14dc18d35
12acfc45-bdfb-4343-9004-9be15dfd844c,server/model/players/combat/melee/MeleeSpecial.java,activateSpecial,->,12acfc45-bdfb-4343-9004-9be15dfd844c,server/model/players/Client.java,getCombat
12acfc45-bdfb-4343-9004-9be15dfd844c,server/model/players/combat/melee/MeleeSpecial.java,activateSpecial,->,12acfc45-bdfb-4343-9004-9be15dfd844c,server/model/players/CombatAssistant.java,calculateMeleeMaxHit
12acfc45-bdfb-4343-9004-9be15dfd844c,server/model/players/combat/melee/MeleeSpecial.java,activateSpecial,->,12acfc45-bdfb-4343-9004-9be15dfd844c,2c89cfe4-ed6d-446f-832b-3c203feb3155,12264cea-e176-47b1-b1bb-e3a14dc18d35
12acfc45-bdfb-4343-9004-9be15dfd844c,server/model/players/combat/melee/MeleeSpecial.java,activateSpecial,->,12acfc45-bdfb-4343-9004-9be15dfd844c,server/model/players/Client.java,getItems
12acfc45-bdfb-4343-9004-9be15dfd844c,server/model/players/combat/melee/MeleeSpecial.java,activateSpecial,->,12acfc45-bdfb-4343-9004-9be15dfd844c,server/model/items/ItemAssistant.java,updateSpecialBar
12acfc45-bdfb-4343-9004-9be15dfd844c,server/model/players/combat/melee/MeleeExtras.java,applySmite,->,12acfc45-bdfb-4343-9004-9be15dfd844c,server/model/players/Client.java,getCombat
12acfc45-bdfb-4343-9004-9be15dfd844c,server/model/players/combat/melee/MeleeExtras.java,applySmite,->,12acfc45-bdfb-4343-9004-9be15dfd844c,server/model/players/CombatAssistant.java,resetPrayers
12acfc45-bdfb-4343-9004-9be15dfd844c,server/model/players/combat/melee/MeleeExtras.java,applySmite,->,12acfc45-bdfb-4343-9004-9be15dfd844c,server/model/players/Client.java,getPA
12acfc45-bdfb-4343-9004-9be15dfd844c,server/model/players/combat/melee/MeleeExtras.java,applySmite,->,12acfc45-bdfb-4343-9004-9be15dfd844c,991eb2a8-284a-4290-ae08-f54cf8834706,cc581d00-f04e-4278-8aaf-0ecbd93e9b04
12acfc45-bdfb-4343-9004-9be15dfd844c,server/model/players/combat/melee/MeleeExtras.java,handleDragonFireShield,->,12acfc45-bdfb-4343-9004-9be15dfd844c,server/model/players/Client.java,sendMessage
12acfc45-bdfb-4343-9004-9be15dfd844c,server/model/players/combat/melee/MeleeExtras.java,handleDragonFireShield,->,12acfc45-bdfb-4343-9004-9be15dfd844c,server/model/players/Client.java,getX
12acfc45-bdfb-4343-9004-9be15dfd844c,server/model/players/combat/melee/MeleeExtras.java,handleDragonFireShield,->,12acfc45-bdfb-4343-9004-9be15dfd844c,server/model/players/Client.java,getY
12acfc45-bdfb-4343-9004-9be15dfd844c,server/model/players/combat/melee/MeleeExtras.java,handleDragonFireShield,->,12acfc45-bdfb-4343-9004-9be15dfd844c,server/model/players/Player.java,getX
12acfc45-bdfb-4343-9004-9be15dfd844c,server/model/players/combat/melee/MeleeExtras.java,handleDragonFireShield,->,12acfc45-bdfb-4343-9004-9be15dfd844c,server/model/players/Player.java,getY
12acfc45-bdfb-4343-9004-9be15dfd844c,server/model/players/combat/melee/MeleeExtras.java,handleDragonFireShield,->,12acfc45-bdfb-4343-9004-9be15dfd844c,2c89cfe4-ed6d-446f-832b-3c203feb3155,12264cea-e176-47b1-b1bb-e3a14dc18d35
12acfc45-bdfb-4343-9004-9be15dfd844c,server/model/players/combat/melee/MeleeExtras.java,handleDragonFireShield,->,12acfc45-bdfb-4343-9004-9be15dfd844c,server/model/players/Client.java,startAnimation
12acfc45-bdfb-4343-9004-9be15dfd844c,server/model/players/combat/melee/MeleeExtras.java,handleDragonFireShield,->,12acfc45-bdfb-4343-9004-9be15dfd844c,server/model/players/Client.java,gfx0
12acfc45-bdfb-4343-9004-9be15dfd844c,server/model/players/combat/melee/MeleeExtras.java,handleDragonFireShield,->,12acfc45-bdfb-4343-9004-9be15dfd844c,3ab0cc49-78c3-45ed-a03a-f251199dfbb9,3d27faf4-0319-4d3d-b558-10d40da17fd8
12acfc45-bdfb-4343-9004-9be15dfd844c,server/model/players/combat/melee/MeleeExtras.java,handleDragonFireShield,->,12acfc45-bdfb-4343-9004-9be15dfd844c,3ab0cc49-78c3-45ed-a03a-f251199dfbb9,d719c34b-e0d2-473f-8e9a-936cfc6b4522
12acfc45-bdfb-4343-9004-9be15dfd844c,server/model/players/combat/melee/MeleeExtras.java,handleDragonFireShield,->,12acfc45-bdfb-4343-9004-9be15dfd844c,3ab0cc49-78c3-45ed-a03a-f251199dfbb9,3d27faf4-0319-4d3d-b558-10d40da17fd8
12acfc45-bdfb-4343-9004-9be15dfd844c,server/model/players/combat/melee/MeleeExtras.java,handleDragonFireShield,->,12acfc45-bdfb-4343-9004-9be15dfd844c,3ab0cc49-78c3-45ed-a03a-f251199dfbb9,d719c34b-e0d2-473f-8e9a-936cfc6b4522
12acfc45-bdfb-4343-9004-9be15dfd844c,server/model/players/combat/melee/MeleeExtras.java,handleDragonFireShieldNPC,->,12acfc45-bdfb-4343-9004-9be15dfd844c,server/model/players/Client.java,sendMessage
12acfc45-bdfb-4343-9004-9be15dfd844c,server/model/players/combat/melee/MeleeExtras.java,handleDragonFireShieldNPC,->,12acfc45-bdfb-4343-9004-9be15dfd844c,server/model/players/Client.java,getX
12acfc45-bdfb-4343-9004-9be15dfd844c,server/model/players/combat/melee/MeleeExtras.java,handleDragonFireShieldNPC,->,12acfc45-bdfb-4343-9004-9be15dfd844c,server/model/players/Client.java,getY
12acfc45-bdfb-4343-9004-9be15dfd844c,server/model/players/combat/melee/MeleeExtras.java,handleDragonFireShieldNPC,->,12acfc45-bdfb-4343-9004-9be15dfd844c,5849ef3e-9280-4348-a3c8-451a741eecc1,be4814f2-9691-46f9-8036-ee2d782c6652
12acfc45-bdfb-4343-9004-9be15dfd844c,server/model/players/combat/melee/MeleeExtras.java,handleDragonFireShieldNPC,->,12acfc45-bdfb-4343-9004-9be15dfd844c,5849ef3e-9280-4348-a3c8-451a741eecc1,06abc11f-87f2-4398-ad11-b60bfae4491e
12acfc45-bdfb-4343-9004-9be15dfd844c,server/model/players/combat/melee/MeleeExtras.java,handleDragonFireShieldNPC,->,12acfc45-bdfb-4343-9004-9be15dfd844c,2c89cfe4-ed6d-446f-832b-3c203feb3155,12264cea-e176-47b1-b1bb-e3a14dc18d35
12acfc45-bdfb-4343-9004-9be15dfd844c,server/model/players/combat/melee/MeleeExtras.java,handleDragonFireShieldNPC,->,12acfc45-bdfb-4343-9004-9be15dfd844c,server/model/players/Client.java,startAnimation
12acfc45-bdfb-4343-9004-9be15dfd844c,server/model/players/combat/melee/MeleeExtras.java,handleDragonFireShieldNPC,->,12acfc45-bdfb-4343-9004-9be15dfd844c,server/model/players/Client.java,gfx0
12acfc45-bdfb-4343-9004-9be15dfd844c,server/model/players/combat/melee/MeleeExtras.java,handleDragonFireShieldNPC,->,12acfc45-bdfb-4343-9004-9be15dfd844c,3ab0cc49-78c3-45ed-a03a-f251199dfbb9,3d27faf4-0319-4d3d-b558-10d40da17fd8
12acfc45-bdfb-4343-9004-9be15dfd844c,server/model/players/combat/melee/MeleeExtras.java,handleDragonFireShieldNPC,->,12acfc45-bdfb-4343-9004-9be15dfd844c,3ab0cc49-78c3-45ed-a03a-f251199dfbb9,d719c34b-e0d2-473f-8e9a-936cfc6b4522
12acfc45-bdfb-4343-9004-9be15dfd844c,server/model/players/combat/melee/MeleeExtras.java,handleDragonFireShieldNPC,->,12acfc45-bdfb-4343-9004-9be15dfd844c,3ab0cc49-78c3-45ed-a03a-f251199dfbb9,3d27faf4-0319-4d3d-b558-10d40da17fd8
12acfc45-bdfb-4343-9004-9be15dfd844c,server/model/players/combat/melee/MeleeExtras.java,handleDragonFireShieldNPC,->,12acfc45-bdfb-4343-9004-9be15dfd844c,3ab0cc49-78c3-45ed-a03a-f251199dfbb9,d719c34b-e0d2-473f-8e9a-936cfc6b4522
12acfc45-bdfb-4343-9004-9be15dfd844c,server/model/players/combat/melee/MeleeExtras.java,addCharge,->,12acfc45-bdfb-4343-9004-9be15dfd844c,server/model/players/Client.java,sendMessage
12acfc45-bdfb-4343-9004-9be15dfd844c,server/model/players/combat/melee/MeleeExtras.java,appendVengeanceNPC,->,12acfc45-bdfb-4343-9004-9be15dfd844c,5849ef3e-9280-4348-a3c8-451a741eecc1,9ca30721-4f47-4e06-9a54-49ed8ef5be5e
12acfc45-bdfb-4343-9004-9be15dfd844c,server/model/players/combat/melee/MeleeExtras.java,appendVengeance,->,12acfc45-bdfb-4343-9004-9be15dfd844c,server/model/players/Client.java,getHitUpdateRequired
12acfc45-bdfb-4343-9004-9be15dfd844c,server/model/players/combat/melee/MeleeExtras.java,appendVengeance,->,12acfc45-bdfb-4343-9004-9be15dfd844c,server/model/players/Client.java,setHitDiff
12acfc45-bdfb-4343-9004-9be15dfd844c,server/model/players/combat/melee/MeleeExtras.java,appendVengeance,->,12acfc45-bdfb-4343-9004-9be15dfd844c,server/model/players/Client.java,setHitUpdateRequired
12acfc45-bdfb-4343-9004-9be15dfd844c,server/model/players/combat/melee/MeleeExtras.java,appendVengeance,->,12acfc45-bdfb-4343-9004-9be15dfd844c,server/model/players/Client.java,getHitUpdateRequired2
12acfc45-bdfb-4343-9004-9be15dfd844c,server/model/players/combat/melee/MeleeExtras.java,appendVengeance,->,12acfc45-bdfb-4343-9004-9be15dfd844c,server/model/players/Client.java,setHitDiff2
12acfc45-bdfb-4343-9004-9be15dfd844c,server/model/players/combat/melee/MeleeExtras.java,appendVengeance,->,12acfc45-bdfb-4343-9004-9be15dfd844c,server/model/players/Client.java,setHitUpdateRequired2
12acfc45-bdfb-4343-9004-9be15dfd844c,server/model/players/combat/melee/MeleeExtras.java,appendVengeance,->,12acfc45-bdfb-4343-9004-9be15dfd844c,server/model/players/Client.java,getPA
12acfc45-bdfb-4343-9004-9be15dfd844c,server/model/players/combat/melee/MeleeExtras.java,appendVengeance,->,12acfc45-bdfb-4343-9004-9be15dfd844c,991eb2a8-284a-4290-ae08-f54cf8834706,cc581d00-f04e-4278-8aaf-0ecbd93e9b04
12acfc45-bdfb-4343-9004-9be15dfd844c,server/model/players/combat/melee/MeleeExtras.java,applyRecoilNPC,->,12acfc45-bdfb-4343-9004-9be15dfd844c,5849ef3e-9280-4348-a3c8-451a741eecc1,9ca30721-4f47-4e06-9a54-49ed8ef5be5e
12acfc45-bdfb-4343-9004-9be15dfd844c,server/model/players/combat/melee/MeleeExtras.java,applyRecoilNPC,->,12acfc45-bdfb-4343-9004-9be15dfd844c,server/model/players/combat/melee/MeleeExtras.java,removeRecoil
12acfc45-bdfb-4343-9004-9be15dfd844c,server/model/players/combat/melee/MeleeExtras.java,applyRecoil,->,12acfc45-bdfb-4343-9004-9be15dfd844c,server/model/players/Client.java,getHitUpdateRequired
12acfc45-bdfb-4343-9004-9be15dfd844c,server/model/players/combat/melee/MeleeExtras.java,applyRecoil,->,12acfc45-bdfb-4343-9004-9be15dfd844c,server/model/players/Client.java,setHitDiff
12acfc45-bdfb-4343-9004-9be15dfd844c,server/model/players/combat/melee/MeleeExtras.java,applyRecoil,->,12acfc45-bdfb-4343-9004-9be15dfd844c,server/model/players/Client.java,setHitUpdateRequired
12acfc45-bdfb-4343-9004-9be15dfd844c,server/model/players/combat/melee/MeleeExtras.java,applyRecoil,->,12acfc45-bdfb-4343-9004-9be15dfd844c,server/model/players/Client.java,getHitUpdateRequired2
12acfc45-bdfb-4343-9004-9be15dfd844c,server/model/players/combat/melee/MeleeExtras.java,applyRecoil,->,12acfc45-bdfb-4343-9004-9be15dfd844c,server/model/players/Client.java,setHitDiff2
12acfc45-bdfb-4343-9004-9be15dfd844c,server/model/players/combat/melee/MeleeExtras.java,applyRecoil,->,12acfc45-bdfb-4343-9004-9be15dfd844c,server/model/players/Client.java,setHitUpdateRequired2
12acfc45-bdfb-4343-9004-9be15dfd844c,server/model/players/combat/melee/MeleeExtras.java,applyRecoil,->,12acfc45-bdfb-4343-9004-9be15dfd844c,server/model/players/Client.java,dealDamage
12acfc45-bdfb-4343-9004-9be15dfd844c,server/model/players/combat/melee/MeleeExtras.java,applyRecoil,->,12acfc45-bdfb-4343-9004-9be15dfd844c,server/model/players/combat/melee/MeleeExtras.java,removeRecoil
12acfc45-bdfb-4343-9004-9be15dfd844c,server/model/players/combat/melee/MeleeExtras.java,removeRecoil,->,12acfc45-bdfb-4343-9004-9be15dfd844c,server/model/players/Client.java,getItems
12acfc45-bdfb-4343-9004-9be15dfd844c,server/model/players/combat/melee/MeleeExtras.java,removeRecoil,->,12acfc45-bdfb-4343-9004-9be15dfd844c,server/model/items/ItemAssistant.java,removeItem
12acfc45-bdfb-4343-9004-9be15dfd844c,server/model/players/combat/melee/MeleeExtras.java,removeRecoil,->,12acfc45-bdfb-4343-9004-9be15dfd844c,server/model/players/Client.java,getItems
12acfc45-bdfb-4343-9004-9be15dfd844c,server/model/players/combat/melee/MeleeExtras.java,removeRecoil,->,12acfc45-bdfb-4343-9004-9be15dfd844c,server/model/players/Client.java,getItems
12acfc45-bdfb-4343-9004-9be15dfd844c,server/model/players/combat/melee/MeleeExtras.java,removeRecoil,->,12acfc45-bdfb-4343-9004-9be15dfd844c,server/model/items/ItemAssistant.java,getItemSlot
12acfc45-bdfb-4343-9004-9be15dfd844c,server/model/players/combat/melee/MeleeExtras.java,removeRecoil,->,12acfc45-bdfb-4343-9004-9be15dfd844c,server/model/items/ItemAssistant.java,deleteItem
12acfc45-bdfb-4343-9004-9be15dfd844c,server/model/players/combat/melee/MeleeExtras.java,removeRecoil,->,12acfc45-bdfb-4343-9004-9be15dfd844c,server/model/players/Client.java,sendMessage
12acfc45-bdfb-4343-9004-9be15dfd844c,server/model/players/combat/melee/MeleeExtras.java,graniteMaulSpecial,->,12acfc45-bdfb-4343-9004-9be15dfd844c,server/model/players/Client.java,getX
12acfc45-bdfb-4343-9004-9be15dfd844c,server/model/players/combat/melee/MeleeExtras.java,graniteMaulSpecial,->,12acfc45-bdfb-4343-9004-9be15dfd844c,server/model/players/Client.java,getY
12acfc45-bdfb-4343-9004-9be15dfd844c,server/model/players/combat/melee/MeleeExtras.java,graniteMaulSpecial,->,12acfc45-bdfb-4343-9004-9be15dfd844c,server/model/players/Client.java,getX
12acfc45-bdfb-4343-9004-9be15dfd844c,server/model/players/combat/melee/MeleeExtras.java,graniteMaulSpecial,->,12acfc45-bdfb-4343-9004-9be15dfd844c,server/model/players/Client.java,getY
12acfc45-bdfb-4343-9004-9be15dfd844c,server/model/players/combat/melee/MeleeExtras.java,graniteMaulSpecial,->,12acfc45-bdfb-4343-9004-9be15dfd844c,server/model/players/Client.java,getCombat
12acfc45-bdfb-4343-9004-9be15dfd844c,server/model/players/combat/melee/MeleeExtras.java,graniteMaulSpecial,->,12acfc45-bdfb-4343-9004-9be15dfd844c,server/model/players/CombatAssistant.java,getRequiredDistance
12acfc45-bdfb-4343-9004-9be15dfd844c,server/model/players/combat/melee/MeleeExtras.java,graniteMaulSpecial,->,12acfc45-bdfb-4343-9004-9be15dfd844c,server/model/players/Client.java,goodDistance
12acfc45-bdfb-4343-9004-9be15dfd844c,server/model/players/combat/melee/MeleeExtras.java,graniteMaulSpecial,->,12acfc45-bdfb-4343-9004-9be15dfd844c,server/model/players/Client.java,getCombat
12acfc45-bdfb-4343-9004-9be15dfd844c,server/model/players/combat/melee/MeleeExtras.java,graniteMaulSpecial,->,12acfc45-bdfb-4343-9004-9be15dfd844c,server/model/players/CombatAssistant.java,checkReqs
12acfc45-bdfb-4343-9004-9be15dfd844c,server/model/players/combat/melee/MeleeExtras.java,graniteMaulSpecial,->,12acfc45-bdfb-4343-9004-9be15dfd844c,server/model/players/Client.java,getCombat
12acfc45-bdfb-4343-9004-9be15dfd844c,server/model/players/combat/melee/MeleeExtras.java,graniteMaulSpecial,->,12acfc45-bdfb-4343-9004-9be15dfd844c,server/model/players/CombatAssistant.java,checkSpecAmount
12acfc45-bdfb-4343-9004-9be15dfd844c,server/model/players/combat/melee/MeleeExtras.java,graniteMaulSpecial,->,12acfc45-bdfb-4343-9004-9be15dfd844c,server/model/players/Client.java,getCombat
12acfc45-bdfb-4343-9004-9be15dfd844c,server/model/players/combat/melee/MeleeExtras.java,graniteMaulSpecial,->,12acfc45-bdfb-4343-9004-9be15dfd844c,server/model/players/CombatAssistant.java,calculateMeleeAttack
12acfc45-bdfb-4343-9004-9be15dfd844c,server/model/players/combat/melee/MeleeExtras.java,graniteMaulSpecial,->,12acfc45-bdfb-4343-9004-9be15dfd844c,2c89cfe4-ed6d-446f-832b-3c203feb3155,12264cea-e176-47b1-b1bb-e3a14dc18d35
12acfc45-bdfb-4343-9004-9be15dfd844c,server/model/players/combat/melee/MeleeExtras.java,graniteMaulSpecial,->,12acfc45-bdfb-4343-9004-9be15dfd844c,server/model/players/Client.java,getCombat
12acfc45-bdfb-4343-9004-9be15dfd844c,server/model/players/combat/melee/MeleeExtras.java,graniteMaulSpecial,->,12acfc45-bdfb-4343-9004-9be15dfd844c,server/model/players/CombatAssistant.java,calculateMeleeDefence
12acfc45-bdfb-4343-9004-9be15dfd844c,server/model/players/combat/melee/MeleeExtras.java,graniteMaulSpecial,->,12acfc45-bdfb-4343-9004-9be15dfd844c,2c89cfe4-ed6d-446f-832b-3c203feb3155,12264cea-e176-47b1-b1bb-e3a14dc18d35
12acfc45-bdfb-4343-9004-9be15dfd844c,server/model/players/combat/melee/MeleeExtras.java,graniteMaulSpecial,->,12acfc45-bdfb-4343-9004-9be15dfd844c,server/model/players/Client.java,getCombat
12acfc45-bdfb-4343-9004-9be15dfd844c,server/model/players/combat/melee/MeleeExtras.java,graniteMaulSpecial,->,12acfc45-bdfb-4343-9004-9be15dfd844c,server/model/players/CombatAssistant.java,calculateMeleeMaxHit
12acfc45-bdfb-4343-9004-9be15dfd844c,server/model/players/combat/melee/MeleeExtras.java,graniteMaulSpecial,->,12acfc45-bdfb-4343-9004-9be15dfd844c,2c89cfe4-ed6d-446f-832b-3c203feb3155,12264cea-e176-47b1-b1bb-e3a14dc18d35
12acfc45-bdfb-4343-9004-9be15dfd844c,server/model/players/combat/melee/MeleeExtras.java,graniteMaulSpecial,->,12acfc45-bdfb-4343-9004-9be15dfd844c,java/lang/System.java,currentTimeMillis
12acfc45-bdfb-4343-9004-9be15dfd844c,server/model/players/combat/melee/MeleeExtras.java,graniteMaulSpecial,->,12acfc45-bdfb-4343-9004-9be15dfd844c,server/model/players/Client.java,handleHitMask
12acfc45-bdfb-4343-9004-9be15dfd844c,server/model/players/combat/melee/MeleeExtras.java,graniteMaulSpecial,->,12acfc45-bdfb-4343-9004-9be15dfd844c,server/model/players/Client.java,startAnimation
12acfc45-bdfb-4343-9004-9be15dfd844c,server/model/players/combat/melee/MeleeExtras.java,graniteMaulSpecial,->,12acfc45-bdfb-4343-9004-9be15dfd844c,server/model/players/Client.java,gfx100
12acfc45-bdfb-4343-9004-9be15dfd844c,server/model/players/combat/melee/MeleeExtras.java,graniteMaulSpecial,->,12acfc45-bdfb-4343-9004-9be15dfd844c,server/model/players/Client.java,dealDamage
12acfc45-bdfb-4343-9004-9be15dfd844c,server/model/players/combat/melee/MeleeExtras.java,graniteMaulSpecial,->,12acfc45-bdfb-4343-9004-9be15dfd844c,server/model/players/Client.java,getX
12acfc45-bdfb-4343-9004-9be15dfd844c,server/model/players/combat/melee/MeleeExtras.java,graniteMaulSpecial,->,12acfc45-bdfb-4343-9004-9be15dfd844c,server/model/players/Client.java,getY
12acfc45-bdfb-4343-9004-9be15dfd844c,server/model/players/combat/melee/MeleeExtras.java,graniteMaulSpecial,->,12acfc45-bdfb-4343-9004-9be15dfd844c,server/model/players/Client.java,goodDistance
12acfc45-bdfb-4343-9004-9be15dfd844c,server/model/players/combat/melee/MeleeExtras.java,graniteMaulSpecial,->,12acfc45-bdfb-4343-9004-9be15dfd844c,server/model/players/Client.java,getCombat
12acfc45-bdfb-4343-9004-9be15dfd844c,server/model/players/combat/melee/MeleeExtras.java,graniteMaulSpecial,->,12acfc45-bdfb-4343-9004-9be15dfd844c,server/model/players/CombatAssistant.java,checkReqs
12acfc45-bdfb-4343-9004-9be15dfd844c,server/model/players/combat/melee/MeleeExtras.java,graniteMaulSpecial,->,12acfc45-bdfb-4343-9004-9be15dfd844c,server/model/players/Client.java,getCombat
12acfc45-bdfb-4343-9004-9be15dfd844c,server/model/players/combat/melee/MeleeExtras.java,graniteMaulSpecial,->,12acfc45-bdfb-4343-9004-9be15dfd844c,server/model/players/CombatAssistant.java,checkSpecAmount
12acfc45-bdfb-4343-9004-9be15dfd844c,server/model/players/combat/melee/MeleeExtras.java,graniteMaulSpecial,->,12acfc45-bdfb-4343-9004-9be15dfd844c,server/model/players/Client.java,getCombat
12acfc45-bdfb-4343-9004-9be15dfd844c,server/model/players/combat/melee/MeleeExtras.java,graniteMaulSpecial,->,12acfc45-bdfb-4343-9004-9be15dfd844c,server/model/players/CombatAssistant.java,calculateMeleeMaxHit
12acfc45-bdfb-4343-9004-9be15dfd844c,server/model/players/combat/melee/MeleeExtras.java,graniteMaulSpecial,->,12acfc45-bdfb-4343-9004-9be15dfd844c,2c89cfe4-ed6d-446f-832b-3c203feb3155,12264cea-e176-47b1-b1bb-e3a14dc18d35
12acfc45-bdfb-4343-9004-9be15dfd844c,server/model/players/combat/melee/MeleeExtras.java,graniteMaulSpecial,->,12acfc45-bdfb-4343-9004-9be15dfd844c,5849ef3e-9280-4348-a3c8-451a741eecc1,9ca30721-4f47-4e06-9a54-49ed8ef5be5e
12acfc45-bdfb-4343-9004-9be15dfd844c,server/model/players/combat/melee/MeleeExtras.java,graniteMaulSpecial,->,12acfc45-bdfb-4343-9004-9be15dfd844c,server/model/players/Client.java,startAnimation
12acfc45-bdfb-4343-9004-9be15dfd844c,server/model/players/combat/melee/MeleeExtras.java,graniteMaulSpecial,->,12acfc45-bdfb-4343-9004-9be15dfd844c,server/model/players/Client.java,gfx100
12acfc45-bdfb-4343-9004-9be15dfd844c,server/model/players/combat/melee/MeleeData.java,getKillerId,->,12acfc45-bdfb-4343-9004-9be15dfd844c,server/model/players/Player.java,withinDistance
12acfc45-bdfb-4343-9004-9be15dfd844c,server/model/players/combat/melee/MeleeData.java,resetPlayerAttack,->,12acfc45-bdfb-4343-9004-9be15dfd844c,server/model/players/Client.java,faceUpdate
12acfc45-bdfb-4343-9004-9be15dfd844c,server/model/players/combat/melee/MeleeData.java,resetPlayerAttack,->,12acfc45-bdfb-4343-9004-9be15dfd844c,server/model/players/Client.java,getPA
12acfc45-bdfb-4343-9004-9be15dfd844c,server/model/players/combat/melee/MeleeData.java,resetPlayerAttack,->,12acfc45-bdfb-4343-9004-9be15dfd844c,991eb2a8-284a-4290-ae08-f54cf8834706,f734ec4c-f6ff-48ef-9a62-43e360d115c7
12acfc45-bdfb-4343-9004-9be15dfd844c,server/model/players/combat/melee/MeleeData.java,getPlayerAnimIndex,->,12acfc45-bdfb-4343-9004-9be15dfd844c,java/lang/String.java,contains
12acfc45-bdfb-4343-9004-9be15dfd844c,server/model/players/combat/melee/MeleeData.java,getPlayerAnimIndex,->,12acfc45-bdfb-4343-9004-9be15dfd844c,java/lang/String.java,contains
12acfc45-bdfb-4343-9004-9be15dfd844c,server/model/players/combat/melee/MeleeData.java,getPlayerAnimIndex,->,12acfc45-bdfb-4343-9004-9be15dfd844c,java/lang/String.java,contains
12acfc45-bdfb-4343-9004-9be15dfd844c,server/model/players/combat/melee/MeleeData.java,getPlayerAnimIndex,->,12acfc45-bdfb-4343-9004-9be15dfd844c,java/lang/String.java,contains
12acfc45-bdfb-4343-9004-9be15dfd844c,server/model/players/combat/melee/MeleeData.java,getPlayerAnimIndex,->,12acfc45-bdfb-4343-9004-9be15dfd844c,java/lang/String.java,contains
12acfc45-bdfb-4343-9004-9be15dfd844c,server/model/players/combat/melee/MeleeData.java,getPlayerAnimIndex,->,12acfc45-bdfb-4343-9004-9be15dfd844c,java/lang/String.java,contains
12acfc45-bdfb-4343-9004-9be15dfd844c,server/model/players/combat/melee/MeleeData.java,getPlayerAnimIndex,->,12acfc45-bdfb-4343-9004-9be15dfd844c,java/lang/String.java,contains
12acfc45-bdfb-4343-9004-9be15dfd844c,server/model/players/combat/melee/MeleeData.java,getPlayerAnimIndex,->,12acfc45-bdfb-4343-9004-9be15dfd844c,java/lang/String.java,contains
12acfc45-bdfb-4343-9004-9be15dfd844c,server/model/players/combat/melee/MeleeData.java,getPlayerAnimIndex,->,12acfc45-bdfb-4343-9004-9be15dfd844c,java/lang/String.java,contains
12acfc45-bdfb-4343-9004-9be15dfd844c,server/model/players/combat/melee/MeleeData.java,getPlayerAnimIndex,->,12acfc45-bdfb-4343-9004-9be15dfd844c,java/lang/String.java,contains
12acfc45-bdfb-4343-9004-9be15dfd844c,server/model/players/combat/melee/MeleeData.java,getPlayerAnimIndex,->,12acfc45-bdfb-4343-9004-9be15dfd844c,java/lang/String.java,contains
12acfc45-bdfb-4343-9004-9be15dfd844c,server/model/players/combat/melee/MeleeData.java,getPlayerAnimIndex,->,12acfc45-bdfb-4343-9004-9be15dfd844c,java/lang/String.java,contains
12acfc45-bdfb-4343-9004-9be15dfd844c,server/model/players/combat/melee/MeleeData.java,getPlayerAnimIndex,->,12acfc45-bdfb-4343-9004-9be15dfd844c,java/lang/String.java,contains
12acfc45-bdfb-4343-9004-9be15dfd844c,server/model/players/combat/melee/MeleeData.java,getPlayerAnimIndex,->,12acfc45-bdfb-4343-9004-9be15dfd844c,java/lang/String.java,contains
12acfc45-bdfb-4343-9004-9be15dfd844c,server/model/players/combat/melee/MeleeData.java,getPlayerAnimIndex,->,12acfc45-bdfb-4343-9004-9be15dfd844c,java/lang/String.java,contains
12acfc45-bdfb-4343-9004-9be15dfd844c,server/model/players/combat/melee/MeleeData.java,getWepAnim,->,12acfc45-bdfb-4343-9004-9be15dfd844c,java/lang/String.java,contains
12acfc45-bdfb-4343-9004-9be15dfd844c,server/model/players/combat/melee/MeleeData.java,getWepAnim,->,12acfc45-bdfb-4343-9004-9be15dfd844c,java/lang/String.java,contains
12acfc45-bdfb-4343-9004-9be15dfd844c,server/model/players/combat/melee/MeleeData.java,getWepAnim,->,12acfc45-bdfb-4343-9004-9be15dfd844c,java/lang/String.java,contains
12acfc45-bdfb-4343-9004-9be15dfd844c,server/model/players/combat/melee/MeleeData.java,getWepAnim,->,12acfc45-bdfb-4343-9004-9be15dfd844c,java/lang/String.java,contains
12acfc45-bdfb-4343-9004-9be15dfd844c,server/model/players/combat/melee/MeleeData.java,getWepAnim,->,12acfc45-bdfb-4343-9004-9be15dfd844c,java/lang/String.java,contains
12acfc45-bdfb-4343-9004-9be15dfd844c,server/model/players/combat/melee/MeleeData.java,getWepAnim,->,12acfc45-bdfb-4343-9004-9be15dfd844c,java/lang/String.java,contains
12acfc45-bdfb-4343-9004-9be15dfd844c,server/model/players/combat/melee/MeleeData.java,getWepAnim,->,12acfc45-bdfb-4343-9004-9be15dfd844c,java/lang/String.java,contains
12acfc45-bdfb-4343-9004-9be15dfd844c,server/model/players/combat/melee/MeleeData.java,getWepAnim,->,12acfc45-bdfb-4343-9004-9be15dfd844c,java/lang/String.java,startsWith
12acfc45-bdfb-4343-9004-9be15dfd844c,server/model/players/combat/melee/MeleeData.java,getWepAnim,->,12acfc45-bdfb-4343-9004-9be15dfd844c,java/lang/String.java,endsWith
12acfc45-bdfb-4343-9004-9be15dfd844c,server/model/players/combat/melee/MeleeData.java,getWepAnim,->,12acfc45-bdfb-4343-9004-9be15dfd844c,java/lang/String.java,contains
12acfc45-bdfb-4343-9004-9be15dfd844c,server/model/players/combat/melee/MeleeData.java,getWepAnim,->,12acfc45-bdfb-4343-9004-9be15dfd844c,java/lang/String.java,contains
12acfc45-bdfb-4343-9004-9be15dfd844c,server/model/players/combat/melee/MeleeData.java,getWepAnim,->,12acfc45-bdfb-4343-9004-9be15dfd844c,java/lang/String.java,contains
12acfc45-bdfb-4343-9004-9be15dfd844c,server/model/players/combat/melee/MeleeData.java,getWepAnim,->,12acfc45-bdfb-4343-9004-9be15dfd844c,java/lang/String.java,contains
12acfc45-bdfb-4343-9004-9be15dfd844c,server/model/players/combat/melee/MeleeData.java,getWepAnim,->,12acfc45-bdfb-4343-9004-9be15dfd844c,java/lang/String.java,contains
12acfc45-bdfb-4343-9004-9be15dfd844c,server/model/players/combat/melee/MeleeData.java,getWepAnim,->,12acfc45-bdfb-4343-9004-9be15dfd844c,java/lang/String.java,contains
12acfc45-bdfb-4343-9004-9be15dfd844c,server/model/players/combat/melee/MeleeData.java,getWepAnim,->,12acfc45-bdfb-4343-9004-9be15dfd844c,java/lang/String.java,contains
12acfc45-bdfb-4343-9004-9be15dfd844c,server/model/players/combat/melee/MeleeData.java,getWepAnim,->,12acfc45-bdfb-4343-9004-9be15dfd844c,java/lang/String.java,contains
12acfc45-bdfb-4343-9004-9be15dfd844c,server/model/players/combat/melee/MeleeData.java,getWepAnim,->,12acfc45-bdfb-4343-9004-9be15dfd844c,java/lang/String.java,contains
12acfc45-bdfb-4343-9004-9be15dfd844c,server/model/players/combat/melee/MeleeData.java,getWepAnim,->,12acfc45-bdfb-4343-9004-9be15dfd844c,java/lang/String.java,contains
12acfc45-bdfb-4343-9004-9be15dfd844c,server/model/players/combat/melee/MeleeData.java,getBlockEmote,->,12acfc45-bdfb-4343-9004-9be15dfd844c,server/model/players/Client.java,getItems
12acfc45-bdfb-4343-9004-9be15dfd844c,server/model/players/combat/melee/MeleeData.java,getBlockEmote,->,12acfc45-bdfb-4343-9004-9be15dfd844c,server/model/items/ItemAssistant.java,getItemName
12acfc45-bdfb-4343-9004-9be15dfd844c,server/model/players/combat/melee/MeleeData.java,getBlockEmote,->,12acfc45-bdfb-4343-9004-9be15dfd844c,java/lang/String.java,toLowerCase
12acfc45-bdfb-4343-9004-9be15dfd844c,server/model/players/combat/melee/MeleeData.java,getBlockEmote,->,12acfc45-bdfb-4343-9004-9be15dfd844c,server/model/players/Client.java,getItems
12acfc45-bdfb-4343-9004-9be15dfd844c,server/model/players/combat/melee/MeleeData.java,getBlockEmote,->,12acfc45-bdfb-4343-9004-9be15dfd844c,server/model/items/ItemAssistant.java,getItemName
12acfc45-bdfb-4343-9004-9be15dfd844c,server/model/players/combat/melee/MeleeData.java,getBlockEmote,->,12acfc45-bdfb-4343-9004-9be15dfd844c,java/lang/String.java,toLowerCase
12acfc45-bdfb-4343-9004-9be15dfd844c,server/model/players/combat/melee/MeleeData.java,getBlockEmote,->,12acfc45-bdfb-4343-9004-9be15dfd844c,java/lang/String.java,contains
12acfc45-bdfb-4343-9004-9be15dfd844c,server/model/players/combat/melee/MeleeData.java,getBlockEmote,->,12acfc45-bdfb-4343-9004-9be15dfd844c,java/lang/String.java,contains
12acfc45-bdfb-4343-9004-9be15dfd844c,server/model/players/combat/melee/MeleeData.java,getBlockEmote,->,12acfc45-bdfb-4343-9004-9be15dfd844c,java/lang/String.java,contains
12acfc45-bdfb-4343-9004-9be15dfd844c,server/model/players/combat/melee/MeleeData.java,getBlockEmote,->,12acfc45-bdfb-4343-9004-9be15dfd844c,java/lang/String.java,contains
12acfc45-bdfb-4343-9004-9be15dfd844c,server/model/players/combat/melee/MeleeData.java,getBlockEmote,->,12acfc45-bdfb-4343-9004-9be15dfd844c,java/lang/String.java,contains
12acfc45-bdfb-4343-9004-9be15dfd844c,server/model/players/combat/melee/MeleeData.java,getAttackDelay,->,12acfc45-bdfb-4343-9004-9be15dfd844c,java/lang/String.java,endsWith
12acfc45-bdfb-4343-9004-9be15dfd844c,server/model/players/combat/melee/MeleeData.java,getAttackDelay,->,12acfc45-bdfb-4343-9004-9be15dfd844c,java/lang/String.java,equals
12acfc45-bdfb-4343-9004-9be15dfd844c,server/model/players/combat/melee/MeleeData.java,getAttackDelay,->,12acfc45-bdfb-4343-9004-9be15dfd844c,java/lang/String.java,equals
12acfc45-bdfb-4343-9004-9be15dfd844c,server/model/players/combat/melee/MeleeData.java,getAttackDelay,->,12acfc45-bdfb-4343-9004-9be15dfd844c,java/lang/String.java,equals
12acfc45-bdfb-4343-9004-9be15dfd844c,server/model/players/combat/melee/MeleeData.java,getAttackDelay,->,12acfc45-bdfb-4343-9004-9be15dfd844c,java/lang/String.java,equals
12acfc45-bdfb-4343-9004-9be15dfd844c,server/model/players/combat/melee/MeleeData.java,getAttackDelay,->,12acfc45-bdfb-4343-9004-9be15dfd844c,java/lang/String.java,equals
12acfc45-bdfb-4343-9004-9be15dfd844c,server/model/players/combat/melee/MeleeData.java,getAttackDelay,->,12acfc45-bdfb-4343-9004-9be15dfd844c,java/lang/String.java,contains
12acfc45-bdfb-4343-9004-9be15dfd844c,server/model/players/combat/melee/MeleeData.java,getAttackDelay,->,12acfc45-bdfb-4343-9004-9be15dfd844c,java/lang/String.java,contains
12acfc45-bdfb-4343-9004-9be15dfd844c,server/model/players/combat/melee/MeleeData.java,getAttackDelay,->,12acfc45-bdfb-4343-9004-9be15dfd844c,java/lang/String.java,contains
12acfc45-bdfb-4343-9004-9be15dfd844c,server/model/players/combat/melee/MeleeData.java,getAttackDelay,->,12acfc45-bdfb-4343-9004-9be15dfd844c,java/lang/String.java,contains
12acfc45-bdfb-4343-9004-9be15dfd844c,server/model/players/combat/melee/MeleeData.java,getAttackDelay,->,12acfc45-bdfb-4343-9004-9be15dfd844c,java/lang/String.java,contains
12acfc45-bdfb-4343-9004-9be15dfd844c,server/model/players/combat/melee/MeleeData.java,getAttackDelay,->,12acfc45-bdfb-4343-9004-9be15dfd844c,java/lang/String.java,contains
12acfc45-bdfb-4343-9004-9be15dfd844c,server/model/players/combat/melee/MeleeData.java,getAttackDelay,->,12acfc45-bdfb-4343-9004-9be15dfd844c,java/lang/String.java,contains
12acfc45-bdfb-4343-9004-9be15dfd844c,server/model/players/combat/melee/MeleeData.java,getAttackDelay,->,12acfc45-bdfb-4343-9004-9be15dfd844c,java/lang/String.java,contains
12acfc45-bdfb-4343-9004-9be15dfd844c,server/model/players/combat/melee/MeleeData.java,getAttackDelay,->,12acfc45-bdfb-4343-9004-9be15dfd844c,java/lang/String.java,equals
12acfc45-bdfb-4343-9004-9be15dfd844c,server/model/players/combat/melee/MeleeData.java,getAttackDelay,->,12acfc45-bdfb-4343-9004-9be15dfd844c,java/lang/String.java,contains
12acfc45-bdfb-4343-9004-9be15dfd844c,server/model/players/combat/melee/MeleeData.java,getAttackDelay,->,12acfc45-bdfb-4343-9004-9be15dfd844c,java/lang/String.java,contains
12acfc45-bdfb-4343-9004-9be15dfd844c,server/model/players/combat/melee/MeleeData.java,getAttackDelay,->,12acfc45-bdfb-4343-9004-9be15dfd844c,java/lang/String.java,contains
12acfc45-bdfb-4343-9004-9be15dfd844c,server/model/players/combat/melee/MeleeData.java,getAttackDelay,->,12acfc45-bdfb-4343-9004-9be15dfd844c,java/lang/String.java,contains
12acfc45-bdfb-4343-9004-9be15dfd844c,server/model/players/combat/melee/MeleeData.java,getAttackDelay,->,12acfc45-bdfb-4343-9004-9be15dfd844c,java/lang/String.java,contains
12acfc45-bdfb-4343-9004-9be15dfd844c,server/model/players/combat/melee/MeleeData.java,getAttackDelay,->,12acfc45-bdfb-4343-9004-9be15dfd844c,java/lang/String.java,contains
12acfc45-bdfb-4343-9004-9be15dfd844c,server/model/players/combat/melee/MeleeData.java,getAttackDelay,->,12acfc45-bdfb-4343-9004-9be15dfd844c,java/lang/String.java,contains
12acfc45-bdfb-4343-9004-9be15dfd844c,server/model/players/combat/melee/MeleeData.java,getAttackDelay,->,12acfc45-bdfb-4343-9004-9be15dfd844c,java/lang/String.java,contains
12acfc45-bdfb-4343-9004-9be15dfd844c,server/model/players/combat/melee/MeleeData.java,getAttackDelay,->,12acfc45-bdfb-4343-9004-9be15dfd844c,java/lang/String.java,contains
12acfc45-bdfb-4343-9004-9be15dfd844c,server/model/players/combat/melee/MeleeData.java,getAttackDelay,->,12acfc45-bdfb-4343-9004-9be15dfd844c,java/lang/String.java,contains
12acfc45-bdfb-4343-9004-9be15dfd844c,server/model/players/combat/melee/MeleeData.java,getAttackDelay,->,12acfc45-bdfb-4343-9004-9be15dfd844c,java/lang/String.java,contains
12acfc45-bdfb-4343-9004-9be15dfd844c,server/model/players/combat/melee/MeleeData.java,getAttackDelay,->,12acfc45-bdfb-4343-9004-9be15dfd844c,java/lang/String.java,contains
12acfc45-bdfb-4343-9004-9be15dfd844c,server/model/players/combat/melee/MeleeData.java,getAttackDelay,->,12acfc45-bdfb-4343-9004-9be15dfd844c,java/lang/String.java,contains
12acfc45-bdfb-4343-9004-9be15dfd844c,server/model/players/combat/melee/MeleeData.java,getAttackDelay,->,12acfc45-bdfb-4343-9004-9be15dfd844c,java/lang/String.java,contains
12acfc45-bdfb-4343-9004-9be15dfd844c,server/model/players/combat/melee/MeleeData.java,getAttackDelay,->,12acfc45-bdfb-4343-9004-9be15dfd844c,java/lang/String.java,contains
12acfc45-bdfb-4343-9004-9be15dfd844c,server/model/players/combat/melee/MeleeData.java,getAttackDelay,->,12acfc45-bdfb-4343-9004-9be15dfd844c,java/lang/String.java,contains
12acfc45-bdfb-4343-9004-9be15dfd844c,server/model/players/combat/melee/MeleeData.java,getAttackDelay,->,12acfc45-bdfb-4343-9004-9be15dfd844c,java/lang/String.java,contains
12acfc45-bdfb-4343-9004-9be15dfd844c,server/model/players/combat/melee/MeleeData.java,getAttackDelay,->,12acfc45-bdfb-4343-9004-9be15dfd844c,java/lang/String.java,contains
12acfc45-bdfb-4343-9004-9be15dfd844c,server/model/players/combat/melee/MeleeData.java,getAttackDelay,->,12acfc45-bdfb-4343-9004-9be15dfd844c,java/lang/String.java,contains
12acfc45-bdfb-4343-9004-9be15dfd844c,server/model/players/combat/melee/MeleeData.java,getAttackDelay,->,12acfc45-bdfb-4343-9004-9be15dfd844c,java/lang/String.java,contains
12acfc45-bdfb-4343-9004-9be15dfd844c,server/model/players/combat/melee/MeleeData.java,getAttackDelay,->,12acfc45-bdfb-4343-9004-9be15dfd844c,java/lang/String.java,contains
12acfc45-bdfb-4343-9004-9be15dfd844c,server/model/players/combat/melee/MeleeData.java,getAttackDelay,->,12acfc45-bdfb-4343-9004-9be15dfd844c,java/lang/String.java,contains
12acfc45-bdfb-4343-9004-9be15dfd844c,server/model/players/combat/melee/MeleeData.java,getAttackDelay,->,12acfc45-bdfb-4343-9004-9be15dfd844c,java/lang/String.java,contains
12acfc45-bdfb-4343-9004-9be15dfd844c,server/model/players/combat/melee/MeleeData.java,getAttackDelay,->,12acfc45-bdfb-4343-9004-9be15dfd844c,java/lang/String.java,contains
12acfc45-bdfb-4343-9004-9be15dfd844c,server/model/players/combat/melee/MeleeData.java,getAttackDelay,->,12acfc45-bdfb-4343-9004-9be15dfd844c,java/lang/String.java,equals
12acfc45-bdfb-4343-9004-9be15dfd844c,server/model/players/combat/melee/MeleeData.java,getAttackDelay,->,12acfc45-bdfb-4343-9004-9be15dfd844c,java/lang/String.java,equals
12acfc45-bdfb-4343-9004-9be15dfd844c,server/model/players/combat/melee/MeleeData.java,getAttackDelay,->,12acfc45-bdfb-4343-9004-9be15dfd844c,java/lang/String.java,equals
12acfc45-bdfb-4343-9004-9be15dfd844c,server/model/players/combat/melee/MeleeData.java,getAttackDelay,->,12acfc45-bdfb-4343-9004-9be15dfd844c,java/lang/String.java,equals
12acfc45-bdfb-4343-9004-9be15dfd844c,server/model/players/combat/melee/MeleeData.java,getAttackDelay,->,12acfc45-bdfb-4343-9004-9be15dfd844c,java/lang/String.java,equals
12acfc45-bdfb-4343-9004-9be15dfd844c,server/model/players/combat/melee/MeleeData.java,getAttackDelay,->,12acfc45-bdfb-4343-9004-9be15dfd844c,java/lang/String.java,equals
12acfc45-bdfb-4343-9004-9be15dfd844c,server/model/players/combat/melee/MeleeData.java,getAttackDelay,->,12acfc45-bdfb-4343-9004-9be15dfd844c,java/lang/String.java,equals
12acfc45-bdfb-4343-9004-9be15dfd844c,server/model/players/combat/melee/MeleeData.java,getAttackDelay,->,12acfc45-bdfb-4343-9004-9be15dfd844c,java/lang/String.java,contains
12acfc45-bdfb-4343-9004-9be15dfd844c,server/model/players/combat/melee/MeleeData.java,getAttackDelay,->,12acfc45-bdfb-4343-9004-9be15dfd844c,java/lang/String.java,contains
12acfc45-bdfb-4343-9004-9be15dfd844c,server/model/players/combat/melee/MeleeData.java,getAttackDelay,->,12acfc45-bdfb-4343-9004-9be15dfd844c,java/lang/String.java,contains
12acfc45-bdfb-4343-9004-9be15dfd844c,server/model/players/combat/melee/MeleeData.java,getAttackDelay,->,12acfc45-bdfb-4343-9004-9be15dfd844c,java/lang/String.java,contains
12acfc45-bdfb-4343-9004-9be15dfd844c,server/model/players/combat/melee/MeleeData.java,getHitDelay,->,12acfc45-bdfb-4343-9004-9be15dfd844c,java/lang/String.java,contains
12acfc45-bdfb-4343-9004-9be15dfd844c,server/model/players/combat/melee/MeleeData.java,getHitDelay,->,12acfc45-bdfb-4343-9004-9be15dfd844c,java/lang/String.java,contains
12acfc45-bdfb-4343-9004-9be15dfd844c,server/model/players/combat/melee/MeleeData.java,getHitDelay,->,12acfc45-bdfb-4343-9004-9be15dfd844c,java/lang/String.java,contains
12acfc45-bdfb-4343-9004-9be15dfd844c,server/model/players/combat/melee/MeleeData.java,getHitDelay,->,12acfc45-bdfb-4343-9004-9be15dfd844c,java/lang/String.java,contains
12acfc45-bdfb-4343-9004-9be15dfd844c,server/model/players/combat/melee/MeleeData.java,getHitDelay,->,12acfc45-bdfb-4343-9004-9be15dfd844c,java/lang/String.java,contains
12acfc45-bdfb-4343-9004-9be15dfd844c,server/model/players/combat/melee/MeleeData.java,getHitDelay,->,12acfc45-bdfb-4343-9004-9be15dfd844c,java/lang/String.java,contains
12acfc45-bdfb-4343-9004-9be15dfd844c,server/model/players/combat/melee/MeleeData.java,getHitDelay,->,12acfc45-bdfb-4343-9004-9be15dfd844c,java/lang/String.java,contains
12acfc45-bdfb-4343-9004-9be15dfd844c,server/model/players/combat/melee/MeleeData.java,npcDefenceAnim,->,12acfc45-bdfb-4343-9004-9be15dfd844c,server/model/npcs/NPCHandler.java,getNPCs
12acfc45-bdfb-4343-9004-9be15dfd844c,server/model/players/combat/melee/MeleeMaxHit.java,calculateBaseDamage,->,12acfc45-bdfb-4343-9004-9be15dfd844c,server/model/players/Client.java,getLevelForXP
12acfc45-bdfb-4343-9004-9be15dfd844c,server/model/players/combat/melee/MeleeMaxHit.java,calculateBaseDamage,->,12acfc45-bdfb-4343-9004-9be15dfd844c,server/model/players/Client.java,getLevelForXP
12acfc45-bdfb-4343-9004-9be15dfd844c,server/model/players/combat/melee/MeleeMaxHit.java,calculateBaseDamage,->,12acfc45-bdfb-4343-9004-9be15dfd844c,server/model/players/Client.java,getLevelForXP
12acfc45-bdfb-4343-9004-9be15dfd844c,server/model/players/combat/melee/MeleeMaxHit.java,calculateBaseDamage,->,12acfc45-bdfb-4343-9004-9be15dfd844c,server/model/players/Client.java,getLevelForXP
12acfc45-bdfb-4343-9004-9be15dfd844c,server/model/players/combat/melee/MeleeMaxHit.java,calculateBaseDamage,->,12acfc45-bdfb-4343-9004-9be15dfd844c,server/model/players/combat/melee/MeleeMaxHit.java,getEffectiveStr
12acfc45-bdfb-4343-9004-9be15dfd844c,server/model/players/combat/melee/MeleeMaxHit.java,calculateBaseDamage,->,12acfc45-bdfb-4343-9004-9be15dfd844c,server/model/players/combat/melee/MeleeMaxHit.java,getSpecialStr
12acfc45-bdfb-4343-9004-9be15dfd844c,server/model/players/combat/melee/MeleeMaxHit.java,calculateBaseDamage,->,12acfc45-bdfb-4343-9004-9be15dfd844c,server/model/players/Client.java,getPA
12acfc45-bdfb-4343-9004-9be15dfd844c,server/model/players/combat/melee/MeleeMaxHit.java,calculateBaseDamage,->,12acfc45-bdfb-4343-9004-9be15dfd844c,991eb2a8-284a-4290-ae08-f54cf8834706,26ef4ae0-57cb-4083-a56f-eaf4b81cb1ad
12acfc45-bdfb-4343-9004-9be15dfd844c,server/model/players/combat/melee/MeleeMaxHit.java,calculateBaseDamage,->,12acfc45-bdfb-4343-9004-9be15dfd844c,server/model/players/combat/melee/MeleeMaxHit.java,hasObsidianEffect
12acfc45-bdfb-4343-9004-9be15dfd844c,server/model/players/combat/melee/MeleeMaxHit.java,calculateBaseDamage,->,12acfc45-bdfb-4343-9004-9be15dfd844c,server/model/players/combat/melee/MeleeMaxHit.java,hasVoid
12acfc45-bdfb-4343-9004-9be15dfd844c,server/model/players/combat/melee/MeleeMaxHit.java,calculateBaseDamage,->,12acfc45-bdfb-4343-9004-9be15dfd844c,java/lang/Math.java,floor
12acfc45-bdfb-4343-9004-9be15dfd844c,server/model/players/combat/melee/MeleeMaxHit.java,getEffectiveStr,->,12acfc45-bdfb-4343-9004-9be15dfd844c,server/model/players/combat/melee/MeleeMaxHit.java,getPrayerStr
12acfc45-bdfb-4343-9004-9be15dfd844c,server/model/players/combat/melee/MeleeMaxHit.java,getEffectiveStr,->,12acfc45-bdfb-4343-9004-9be15dfd844c,server/model/players/combat/melee/MeleeMaxHit.java,getStyleBonus
12acfc45-bdfb-4343-9004-9be15dfd844c,server/model/players/combat/melee/MeleeMaxHit.java,calculateMeleeDefence,->,12acfc45-bdfb-4343-9004-9be15dfd844c,server/model/players/combat/melee/MeleeMaxHit.java,bestMeleeDef
12acfc45-bdfb-4343-9004-9be15dfd844c,server/model/players/combat/melee/MeleeMaxHit.java,calculateMeleeDefence,->,12acfc45-bdfb-4343-9004-9be15dfd844c,server/model/players/Client.java,getLevelForXP
12acfc45-bdfb-4343-9004-9be15dfd844c,server/model/players/combat/melee/MeleeMaxHit.java,calculateMeleeDefence,->,12acfc45-bdfb-4343-9004-9be15dfd844c,server/model/players/Client.java,getLevelForXP
12acfc45-bdfb-4343-9004-9be15dfd844c,server/model/players/combat/melee/MeleeMaxHit.java,calculateMeleeDefence,->,12acfc45-bdfb-4343-9004-9be15dfd844c,server/model/players/Client.java,getLevelForXP
12acfc45-bdfb-4343-9004-9be15dfd844c,server/model/players/combat/melee/MeleeMaxHit.java,calculateMeleeDefence,->,12acfc45-bdfb-4343-9004-9be15dfd844c,server/model/players/Client.java,getLevelForXP
12acfc45-bdfb-4343-9004-9be15dfd844c,server/model/players/combat/melee/MeleeMaxHit.java,calculateMeleeDefence,->,12acfc45-bdfb-4343-9004-9be15dfd844c,server/model/players/Client.java,getLevelForXP
12acfc45-bdfb-4343-9004-9be15dfd844c,server/model/players/combat/melee/MeleeMaxHit.java,calculateMeleeAttack,->,12acfc45-bdfb-4343-9004-9be15dfd844c,server/model/players/Client.java,getLevelForXP
12acfc45-bdfb-4343-9004-9be15dfd844c,server/model/players/combat/melee/MeleeMaxHit.java,calculateMeleeAttack,->,12acfc45-bdfb-4343-9004-9be15dfd844c,server/model/players/Client.java,getLevelForXP
12acfc45-bdfb-4343-9004-9be15dfd844c,server/model/players/combat/melee/MeleeMaxHit.java,calculateMeleeAttack,->,12acfc45-bdfb-4343-9004-9be15dfd844c,server/model/players/Client.java,getLevelForXP
12acfc45-bdfb-4343-9004-9be15dfd844c,server/model/players/combat/melee/MeleeMaxHit.java,calculateMeleeAttack,->,12acfc45-bdfb-4343-9004-9be15dfd844c,server/model/players/Client.java,getLevelForXP
12acfc45-bdfb-4343-9004-9be15dfd844c,server/model/players/combat/melee/MeleeMaxHit.java,calculateMeleeAttack,->,12acfc45-bdfb-4343-9004-9be15dfd844c,server/model/players/Client.java,getLevelForXP
12acfc45-bdfb-4343-9004-9be15dfd844c,server/model/players/combat/melee/MeleeMaxHit.java,calculateMeleeAttack,->,12acfc45-bdfb-4343-9004-9be15dfd844c,server/model/players/Client.java,fullVoidMelee
12acfc45-bdfb-4343-9004-9be15dfd844c,server/model/players/combat/melee/MeleeMaxHit.java,calculateMeleeAttack,->,12acfc45-bdfb-4343-9004-9be15dfd844c,server/model/players/Client.java,getLevelForXP
12acfc45-bdfb-4343-9004-9be15dfd844c,server/model/players/combat/melee/MeleeMaxHit.java,calculateMeleeAttack,->,12acfc45-bdfb-4343-9004-9be15dfd844c,server/model/players/combat/melee/MeleeMaxHit.java,bestMeleeAtk
12acfc45-bdfb-4343-9004-9be15dfd844c,server/model/players/combat/melee/MeleeMaxHit.java,calculateMeleeAttack,->,12acfc45-bdfb-4343-9004-9be15dfd844c,server/model/players/combat/melee/MeleeMaxHit.java,hasObsidianEffect
12acfc45-bdfb-4343-9004-9be15dfd844c,server/model/players/combat/melee/MeleeMaxHit.java,calculateMeleeAttack,->,12acfc45-bdfb-4343-9004-9be15dfd844c,server/model/players/combat/melee/MeleeMaxHit.java,hasVoid
12acfc45-bdfb-4343-9004-9be15dfd844c,server/model/players/combat/melee/CombatPrayer.java,handlePrayerDrain,->,12acfc45-bdfb-4343-9004-9be15dfd844c,server/model/players/combat/melee/CombatPrayer.java,reducePrayerLevel
12acfc45-bdfb-4343-9004-9be15dfd844c,server/model/players/combat/melee/CombatPrayer.java,reducePrayerLevel,->,12acfc45-bdfb-4343-9004-9be15dfd844c,server/model/players/Client.java,sendMessage
12acfc45-bdfb-4343-9004-9be15dfd844c,server/model/players/combat/melee/CombatPrayer.java,reducePrayerLevel,->,12acfc45-bdfb-4343-9004-9be15dfd844c,server/model/players/combat/melee/CombatPrayer.java,resetPrayers
12acfc45-bdfb-4343-9004-9be15dfd844c,server/model/players/combat/melee/CombatPrayer.java,reducePrayerLevel,->,12acfc45-bdfb-4343-9004-9be15dfd844c,server/model/players/Client.java,getPA
12acfc45-bdfb-4343-9004-9be15dfd844c,server/model/players/combat/melee/CombatPrayer.java,reducePrayerLevel,->,12acfc45-bdfb-4343-9004-9be15dfd844c,991eb2a8-284a-4290-ae08-f54cf8834706,cc581d00-f04e-4278-8aaf-0ecbd93e9b04
12acfc45-bdfb-4343-9004-9be15dfd844c,server/model/players/combat/melee/CombatPrayer.java,resetPrayers,->,12acfc45-bdfb-4343-9004-9be15dfd844c,server/model/players/Client.java,getPA
12acfc45-bdfb-4343-9004-9be15dfd844c,server/model/players/combat/melee/CombatPrayer.java,resetPrayers,->,12acfc45-bdfb-4343-9004-9be15dfd844c,991eb2a8-284a-4290-ae08-f54cf8834706,27bd7aec-abd0-4844-9935-efefbf7019b2
12acfc45-bdfb-4343-9004-9be15dfd844c,server/model/players/combat/melee/CombatPrayer.java,resetPrayers,->,12acfc45-bdfb-4343-9004-9be15dfd844c,server/model/players/Client.java,getPA
12acfc45-bdfb-4343-9004-9be15dfd844c,server/model/players/combat/melee/CombatPrayer.java,resetPrayers,->,12acfc45-bdfb-4343-9004-9be15dfd844c,991eb2a8-284a-4290-ae08-f54cf8834706,f59ca130-d149-43aa-b537-369a4987d63b
12acfc45-bdfb-4343-9004-9be15dfd844c,server/model/players/combat/melee/CombatPrayer.java,activatePrayer,->,12acfc45-bdfb-4343-9004-9be15dfd844c,server/model/players/Client.java,getPA
12acfc45-bdfb-4343-9004-9be15dfd844c,server/model/players/combat/melee/CombatPrayer.java,activatePrayer,->,12acfc45-bdfb-4343-9004-9be15dfd844c,991eb2a8-284a-4290-ae08-f54cf8834706,27bd7aec-abd0-4844-9935-efefbf7019b2
12acfc45-bdfb-4343-9004-9be15dfd844c,server/model/players/combat/melee/CombatPrayer.java,activatePrayer,->,12acfc45-bdfb-4343-9004-9be15dfd844c,server/model/players/Client.java,sendMessage
12acfc45-bdfb-4343-9004-9be15dfd844c,server/model/players/combat/melee/CombatPrayer.java,activatePrayer,->,12acfc45-bdfb-4343-9004-9be15dfd844c,server/model/players/Client.java,sendMessage
12acfc45-bdfb-4343-9004-9be15dfd844c,server/model/players/combat/melee/CombatPrayer.java,activatePrayer,->,12acfc45-bdfb-4343-9004-9be15dfd844c,server/model/players/combat/melee/CombatPrayer.java,resetPrayers
12acfc45-bdfb-4343-9004-9be15dfd844c,server/model/players/combat/melee/CombatPrayer.java,activatePrayer,->,12acfc45-bdfb-4343-9004-9be15dfd844c,server/model/players/Client.java,getPA
12acfc45-bdfb-4343-9004-9be15dfd844c,server/model/players/combat/melee/CombatPrayer.java,activatePrayer,->,12acfc45-bdfb-4343-9004-9be15dfd844c,991eb2a8-284a-4290-ae08-f54cf8834706,26ef4ae0-57cb-4083-a56f-eaf4b81cb1ad
12acfc45-bdfb-4343-9004-9be15dfd844c,server/model/players/combat/melee/CombatPrayer.java,activatePrayer,->,12acfc45-bdfb-4343-9004-9be15dfd844c,server/model/players/Client.java,getPA
12acfc45-bdfb-4343-9004-9be15dfd844c,server/model/players/combat/melee/CombatPrayer.java,activatePrayer,->,12acfc45-bdfb-4343-9004-9be15dfd844c,991eb2a8-284a-4290-ae08-f54cf8834706,27bd7aec-abd0-4844-9935-efefbf7019b2
12acfc45-bdfb-4343-9004-9be15dfd844c,server/model/players/combat/melee/CombatPrayer.java,activatePrayer,->,12acfc45-bdfb-4343-9004-9be15dfd844c,server/model/players/Client.java,getPA
12acfc45-bdfb-4343-9004-9be15dfd844c,server/model/players/combat/melee/CombatPrayer.java,activatePrayer,->,12acfc45-bdfb-4343-9004-9be15dfd844c,991eb2a8-284a-4290-ae08-f54cf8834706,27bd7aec-abd0-4844-9935-efefbf7019b2
12acfc45-bdfb-4343-9004-9be15dfd844c,server/model/players/combat/melee/CombatPrayer.java,activatePrayer,->,12acfc45-bdfb-4343-9004-9be15dfd844c,server/model/players/Client.java,getPA
12acfc45-bdfb-4343-9004-9be15dfd844c,server/model/players/combat/melee/CombatPrayer.java,activatePrayer,->,12acfc45-bdfb-4343-9004-9be15dfd844c,991eb2a8-284a-4290-ae08-f54cf8834706,27bd7aec-abd0-4844-9935-efefbf7019b2
12acfc45-bdfb-4343-9004-9be15dfd844c,server/model/players/combat/melee/CombatPrayer.java,activatePrayer,->,12acfc45-bdfb-4343-9004-9be15dfd844c,server/model/players/Client.java,getPA
12acfc45-bdfb-4343-9004-9be15dfd844c,server/model/players/combat/melee/CombatPrayer.java,activatePrayer,->,12acfc45-bdfb-4343-9004-9be15dfd844c,991eb2a8-284a-4290-ae08-f54cf8834706,27bd7aec-abd0-4844-9935-efefbf7019b2
12acfc45-bdfb-4343-9004-9be15dfd844c,server/model/players/combat/melee/CombatPrayer.java,activatePrayer,->,12acfc45-bdfb-4343-9004-9be15dfd844c,server/model/players/Client.java,getPA
12acfc45-bdfb-4343-9004-9be15dfd844c,server/model/players/combat/melee/CombatPrayer.java,activatePrayer,->,12acfc45-bdfb-4343-9004-9be15dfd844c,991eb2a8-284a-4290-ae08-f54cf8834706,27bd7aec-abd0-4844-9935-efefbf7019b2
12acfc45-bdfb-4343-9004-9be15dfd844c,server/model/players/combat/melee/CombatPrayer.java,activatePrayer,->,12acfc45-bdfb-4343-9004-9be15dfd844c,server/model/players/Client.java,getPA
12acfc45-bdfb-4343-9004-9be15dfd844c,server/model/players/combat/melee/CombatPrayer.java,activatePrayer,->,12acfc45-bdfb-4343-9004-9be15dfd844c,991eb2a8-284a-4290-ae08-f54cf8834706,27bd7aec-abd0-4844-9935-efefbf7019b2
12acfc45-bdfb-4343-9004-9be15dfd844c,server/model/players/combat/melee/CombatPrayer.java,activatePrayer,->,12acfc45-bdfb-4343-9004-9be15dfd844c,server/model/players/Client.java,getPA
12acfc45-bdfb-4343-9004-9be15dfd844c,server/model/players/combat/melee/CombatPrayer.java,activatePrayer,->,12acfc45-bdfb-4343-9004-9be15dfd844c,991eb2a8-284a-4290-ae08-f54cf8834706,27bd7aec-abd0-4844-9935-efefbf7019b2
12acfc45-bdfb-4343-9004-9be15dfd844c,server/model/players/combat/melee/CombatPrayer.java,activatePrayer,->,12acfc45-bdfb-4343-9004-9be15dfd844c,server/model/players/Client.java,getPA
12acfc45-bdfb-4343-9004-9be15dfd844c,server/model/players/combat/melee/CombatPrayer.java,activatePrayer,->,12acfc45-bdfb-4343-9004-9be15dfd844c,991eb2a8-284a-4290-ae08-f54cf8834706,27bd7aec-abd0-4844-9935-efefbf7019b2
12acfc45-bdfb-4343-9004-9be15dfd844c,server/model/players/combat/melee/CombatPrayer.java,activatePrayer,->,12acfc45-bdfb-4343-9004-9be15dfd844c,server/model/players/Client.java,getPA
12acfc45-bdfb-4343-9004-9be15dfd844c,server/model/players/combat/melee/CombatPrayer.java,activatePrayer,->,12acfc45-bdfb-4343-9004-9be15dfd844c,991eb2a8-284a-4290-ae08-f54cf8834706,27bd7aec-abd0-4844-9935-efefbf7019b2
12acfc45-bdfb-4343-9004-9be15dfd844c,server/model/players/combat/melee/CombatPrayer.java,activatePrayer,->,12acfc45-bdfb-4343-9004-9be15dfd844c,server/model/players/Client.java,getPA
12acfc45-bdfb-4343-9004-9be15dfd844c,server/model/players/combat/melee/CombatPrayer.java,activatePrayer,->,12acfc45-bdfb-4343-9004-9be15dfd844c,991eb2a8-284a-4290-ae08-f54cf8834706,27bd7aec-abd0-4844-9935-efefbf7019b2
12acfc45-bdfb-4343-9004-9be15dfd844c,server/model/players/combat/melee/CombatPrayer.java,activatePrayer,->,12acfc45-bdfb-4343-9004-9be15dfd844c,server/model/players/Client.java,getPA
12acfc45-bdfb-4343-9004-9be15dfd844c,server/model/players/combat/melee/CombatPrayer.java,activatePrayer,->,12acfc45-bdfb-4343-9004-9be15dfd844c,991eb2a8-284a-4290-ae08-f54cf8834706,27bd7aec-abd0-4844-9935-efefbf7019b2
12acfc45-bdfb-4343-9004-9be15dfd844c,server/model/players/combat/melee/CombatPrayer.java,activatePrayer,->,12acfc45-bdfb-4343-9004-9be15dfd844c,server/model/players/Client.java,getPA
12acfc45-bdfb-4343-9004-9be15dfd844c,server/model/players/combat/melee/CombatPrayer.java,activatePrayer,->,12acfc45-bdfb-4343-9004-9be15dfd844c,991eb2a8-284a-4290-ae08-f54cf8834706,27bd7aec-abd0-4844-9935-efefbf7019b2
12acfc45-bdfb-4343-9004-9be15dfd844c,server/model/players/combat/melee/CombatPrayer.java,activatePrayer,->,12acfc45-bdfb-4343-9004-9be15dfd844c,server/model/players/Client.java,getPA
12acfc45-bdfb-4343-9004-9be15dfd844c,server/model/players/combat/melee/CombatPrayer.java,activatePrayer,->,12acfc45-bdfb-4343-9004-9be15dfd844c,991eb2a8-284a-4290-ae08-f54cf8834706,27bd7aec-abd0-4844-9935-efefbf7019b2
12acfc45-bdfb-4343-9004-9be15dfd844c,server/model/players/combat/melee/CombatPrayer.java,activatePrayer,->,12acfc45-bdfb-4343-9004-9be15dfd844c,server/model/players/Client.java,getPA
12acfc45-bdfb-4343-9004-9be15dfd844c,server/model/players/combat/melee/CombatPrayer.java,activatePrayer,->,12acfc45-bdfb-4343-9004-9be15dfd844c,991eb2a8-284a-4290-ae08-f54cf8834706,27bd7aec-abd0-4844-9935-efefbf7019b2
12acfc45-bdfb-4343-9004-9be15dfd844c,server/model/players/combat/melee/CombatPrayer.java,activatePrayer,->,12acfc45-bdfb-4343-9004-9be15dfd844c,server/model/players/Client.java,getPA
12acfc45-bdfb-4343-9004-9be15dfd844c,server/model/players/combat/melee/CombatPrayer.java,activatePrayer,->,12acfc45-bdfb-4343-9004-9be15dfd844c,991eb2a8-284a-4290-ae08-f54cf8834706,27bd7aec-abd0-4844-9935-efefbf7019b2
12acfc45-bdfb-4343-9004-9be15dfd844c,server/model/players/combat/melee/CombatPrayer.java,activatePrayer,->,12acfc45-bdfb-4343-9004-9be15dfd844c,java/lang/System.java,currentTimeMillis
12acfc45-bdfb-4343-9004-9be15dfd844c,server/model/players/combat/melee/CombatPrayer.java,activatePrayer,->,12acfc45-bdfb-4343-9004-9be15dfd844c,java/lang/System.java,currentTimeMillis
12acfc45-bdfb-4343-9004-9be15dfd844c,server/model/players/combat/melee/CombatPrayer.java,activatePrayer,->,12acfc45-bdfb-4343-9004-9be15dfd844c,server/model/players/Client.java,sendMessage
12acfc45-bdfb-4343-9004-9be15dfd844c,server/model/players/combat/melee/CombatPrayer.java,activatePrayer,->,12acfc45-bdfb-4343-9004-9be15dfd844c,server/model/players/Client.java,getPA
12acfc45-bdfb-4343-9004-9be15dfd844c,server/model/players/combat/melee/CombatPrayer.java,activatePrayer,->,12acfc45-bdfb-4343-9004-9be15dfd844c,991eb2a8-284a-4290-ae08-f54cf8834706,27bd7aec-abd0-4844-9935-efefbf7019b2
12acfc45-bdfb-4343-9004-9be15dfd844c,server/model/players/combat/melee/CombatPrayer.java,activatePrayer,->,12acfc45-bdfb-4343-9004-9be15dfd844c,server/model/players/Client.java,getPA
12acfc45-bdfb-4343-9004-9be15dfd844c,server/model/players/combat/melee/CombatPrayer.java,activatePrayer,->,12acfc45-bdfb-4343-9004-9be15dfd844c,991eb2a8-284a-4290-ae08-f54cf8834706,27bd7aec-abd0-4844-9935-efefbf7019b2
12acfc45-bdfb-4343-9004-9be15dfd844c,server/model/players/combat/melee/CombatPrayer.java,activatePrayer,->,12acfc45-bdfb-4343-9004-9be15dfd844c,server/model/players/Client.java,getPA
12acfc45-bdfb-4343-9004-9be15dfd844c,server/model/players/combat/melee/CombatPrayer.java,activatePrayer,->,12acfc45-bdfb-4343-9004-9be15dfd844c,991eb2a8-284a-4290-ae08-f54cf8834706,27bd7aec-abd0-4844-9935-efefbf7019b2
12acfc45-bdfb-4343-9004-9be15dfd844c,server/model/players/combat/melee/CombatPrayer.java,activatePrayer,->,12acfc45-bdfb-4343-9004-9be15dfd844c,java/lang/System.java,currentTimeMillis
12acfc45-bdfb-4343-9004-9be15dfd844c,server/model/players/combat/melee/CombatPrayer.java,activatePrayer,->,12acfc45-bdfb-4343-9004-9be15dfd844c,java/lang/System.java,currentTimeMillis
12acfc45-bdfb-4343-9004-9be15dfd844c,server/model/players/combat/melee/CombatPrayer.java,activatePrayer,->,12acfc45-bdfb-4343-9004-9be15dfd844c,java/lang/System.java,currentTimeMillis
12acfc45-bdfb-4343-9004-9be15dfd844c,server/model/players/combat/melee/CombatPrayer.java,activatePrayer,->,12acfc45-bdfb-4343-9004-9be15dfd844c,server/model/players/Client.java,getPA
12acfc45-bdfb-4343-9004-9be15dfd844c,server/model/players/combat/melee/CombatPrayer.java,activatePrayer,->,12acfc45-bdfb-4343-9004-9be15dfd844c,991eb2a8-284a-4290-ae08-f54cf8834706,27bd7aec-abd0-4844-9935-efefbf7019b2
12acfc45-bdfb-4343-9004-9be15dfd844c,server/model/players/combat/melee/CombatPrayer.java,activatePrayer,->,12acfc45-bdfb-4343-9004-9be15dfd844c,server/model/players/Client.java,getPA
12acfc45-bdfb-4343-9004-9be15dfd844c,server/model/players/combat/melee/CombatPrayer.java,activatePrayer,->,12acfc45-bdfb-4343-9004-9be15dfd844c,991eb2a8-284a-4290-ae08-f54cf8834706,27bd7aec-abd0-4844-9935-efefbf7019b2
12acfc45-bdfb-4343-9004-9be15dfd844c,server/model/players/combat/melee/CombatPrayer.java,activatePrayer,->,12acfc45-bdfb-4343-9004-9be15dfd844c,server/model/players/Client.java,getPA
12acfc45-bdfb-4343-9004-9be15dfd844c,server/model/players/combat/melee/CombatPrayer.java,activatePrayer,->,12acfc45-bdfb-4343-9004-9be15dfd844c,991eb2a8-284a-4290-ae08-f54cf8834706,27bd7aec-abd0-4844-9935-efefbf7019b2
12acfc45-bdfb-4343-9004-9be15dfd844c,server/model/players/combat/melee/CombatPrayer.java,activatePrayer,->,12acfc45-bdfb-4343-9004-9be15dfd844c,server/model/players/Client.java,getPA
12acfc45-bdfb-4343-9004-9be15dfd844c,server/model/players/combat/melee/CombatPrayer.java,activatePrayer,->,12acfc45-bdfb-4343-9004-9be15dfd844c,991eb2a8-284a-4290-ae08-f54cf8834706,27bd7aec-abd0-4844-9935-efefbf7019b2
12acfc45-bdfb-4343-9004-9be15dfd844c,server/model/players/combat/melee/CombatPrayer.java,activatePrayer,->,12acfc45-bdfb-4343-9004-9be15dfd844c,server/model/players/Client.java,getPA
12acfc45-bdfb-4343-9004-9be15dfd844c,server/model/players/combat/melee/CombatPrayer.java,activatePrayer,->,12acfc45-bdfb-4343-9004-9be15dfd844c,991eb2a8-284a-4290-ae08-f54cf8834706,27bd7aec-abd0-4844-9935-efefbf7019b2
12acfc45-bdfb-4343-9004-9be15dfd844c,server/model/players/combat/melee/CombatPrayer.java,activatePrayer,->,12acfc45-bdfb-4343-9004-9be15dfd844c,server/model/players/Client.java,getPA
12acfc45-bdfb-4343-9004-9be15dfd844c,server/model/players/combat/melee/CombatPrayer.java,activatePrayer,->,12acfc45-bdfb-4343-9004-9be15dfd844c,991eb2a8-284a-4290-ae08-f54cf8834706,27bd7aec-abd0-4844-9935-efefbf7019b2
12acfc45-bdfb-4343-9004-9be15dfd844c,server/model/players/combat/melee/CombatPrayer.java,activatePrayer,->,12acfc45-bdfb-4343-9004-9be15dfd844c,server/model/players/Client.java,getPA
12acfc45-bdfb-4343-9004-9be15dfd844c,server/model/players/combat/melee/CombatPrayer.java,activatePrayer,->,12acfc45-bdfb-4343-9004-9be15dfd844c,991eb2a8-284a-4290-ae08-f54cf8834706,27bd7aec-abd0-4844-9935-efefbf7019b2
12acfc45-bdfb-4343-9004-9be15dfd844c,server/model/players/combat/melee/CombatPrayer.java,activatePrayer,->,12acfc45-bdfb-4343-9004-9be15dfd844c,server/model/players/Client.java,getPA
12acfc45-bdfb-4343-9004-9be15dfd844c,server/model/players/combat/melee/CombatPrayer.java,activatePrayer,->,12acfc45-bdfb-4343-9004-9be15dfd844c,991eb2a8-284a-4290-ae08-f54cf8834706,27bd7aec-abd0-4844-9935-efefbf7019b2
12acfc45-bdfb-4343-9004-9be15dfd844c,server/model/players/combat/melee/CombatPrayer.java,activatePrayer,->,12acfc45-bdfb-4343-9004-9be15dfd844c,server/model/players/Client.java,getPA
12acfc45-bdfb-4343-9004-9be15dfd844c,server/model/players/combat/melee/CombatPrayer.java,activatePrayer,->,12acfc45-bdfb-4343-9004-9be15dfd844c,991eb2a8-284a-4290-ae08-f54cf8834706,27bd7aec-abd0-4844-9935-efefbf7019b2
12acfc45-bdfb-4343-9004-9be15dfd844c,server/model/players/combat/melee/CombatPrayer.java,activatePrayer,->,12acfc45-bdfb-4343-9004-9be15dfd844c,server/model/players/Client.java,getPA
12acfc45-bdfb-4343-9004-9be15dfd844c,server/model/players/combat/melee/CombatPrayer.java,activatePrayer,->,12acfc45-bdfb-4343-9004-9be15dfd844c,991eb2a8-284a-4290-ae08-f54cf8834706,f59ca130-d149-43aa-b537-369a4987d63b
12acfc45-bdfb-4343-9004-9be15dfd844c,server/model/players/combat/melee/CombatPrayer.java,activatePrayer,->,12acfc45-bdfb-4343-9004-9be15dfd844c,server/model/players/Client.java,getPA
12acfc45-bdfb-4343-9004-9be15dfd844c,server/model/players/combat/melee/CombatPrayer.java,activatePrayer,->,12acfc45-bdfb-4343-9004-9be15dfd844c,991eb2a8-284a-4290-ae08-f54cf8834706,27bd7aec-abd0-4844-9935-efefbf7019b2
12acfc45-bdfb-4343-9004-9be15dfd844c,server/model/players/combat/melee/CombatPrayer.java,activatePrayer,->,12acfc45-bdfb-4343-9004-9be15dfd844c,server/model/players/Client.java,getPA
12acfc45-bdfb-4343-9004-9be15dfd844c,server/model/players/combat/melee/CombatPrayer.java,activatePrayer,->,12acfc45-bdfb-4343-9004-9be15dfd844c,991eb2a8-284a-4290-ae08-f54cf8834706,f59ca130-d149-43aa-b537-369a4987d63b
12acfc45-bdfb-4343-9004-9be15dfd844c,server/model/players/combat/melee/CombatPrayer.java,activatePrayer,->,12acfc45-bdfb-4343-9004-9be15dfd844c,server/model/players/Client.java,getPA
12acfc45-bdfb-4343-9004-9be15dfd844c,server/model/players/combat/melee/CombatPrayer.java,activatePrayer,->,12acfc45-bdfb-4343-9004-9be15dfd844c,991eb2a8-284a-4290-ae08-f54cf8834706,27bd7aec-abd0-4844-9935-efefbf7019b2
12acfc45-bdfb-4343-9004-9be15dfd844c,server/model/players/combat/melee/CombatPrayer.java,activatePrayer,->,12acfc45-bdfb-4343-9004-9be15dfd844c,server/model/players/Client.java,getPA
12acfc45-bdfb-4343-9004-9be15dfd844c,server/model/players/combat/melee/CombatPrayer.java,activatePrayer,->,12acfc45-bdfb-4343-9004-9be15dfd844c,java/lang/StringBuilder.java,append
12acfc45-bdfb-4343-9004-9be15dfd844c,server/model/players/combat/melee/CombatPrayer.java,activatePrayer,->,12acfc45-bdfb-4343-9004-9be15dfd844c,java/lang/StringBuilder.java,append
12acfc45-bdfb-4343-9004-9be15dfd844c,server/model/players/combat/melee/CombatPrayer.java,activatePrayer,->,12acfc45-bdfb-4343-9004-9be15dfd844c,java/lang/StringBuilder.java,append
12acfc45-bdfb-4343-9004-9be15dfd844c,server/model/players/combat/melee/CombatPrayer.java,activatePrayer,->,12acfc45-bdfb-4343-9004-9be15dfd844c,java/lang/StringBuilder.java,append
12acfc45-bdfb-4343-9004-9be15dfd844c,server/model/players/combat/melee/CombatPrayer.java,activatePrayer,->,12acfc45-bdfb-4343-9004-9be15dfd844c,java/lang/StringBuilder.java,append
12acfc45-bdfb-4343-9004-9be15dfd844c,server/model/players/combat/melee/CombatPrayer.java,activatePrayer,->,12acfc45-bdfb-4343-9004-9be15dfd844c,java/lang/StringBuilder.java,toString
12acfc45-bdfb-4343-9004-9be15dfd844c,server/model/players/combat/melee/CombatPrayer.java,activatePrayer,->,12acfc45-bdfb-4343-9004-9be15dfd844c,991eb2a8-284a-4290-ae08-f54cf8834706,609517a1-3a8b-4bd9-8623-3cae47c33a17
12acfc45-bdfb-4343-9004-9be15dfd844c,server/model/players/combat/melee/CombatPrayer.java,activatePrayer,->,12acfc45-bdfb-4343-9004-9be15dfd844c,server/model/players/Client.java,getPA
12acfc45-bdfb-4343-9004-9be15dfd844c,server/model/players/combat/melee/CombatPrayer.java,activatePrayer,->,12acfc45-bdfb-4343-9004-9be15dfd844c,991eb2a8-284a-4290-ae08-f54cf8834706,609517a1-3a8b-4bd9-8623-3cae47c33a17
12acfc45-bdfb-4343-9004-9be15dfd844c,server/model/players/combat/melee/CombatPrayer.java,activatePrayer,->,12acfc45-bdfb-4343-9004-9be15dfd844c,server/model/players/Client.java,getPA
12acfc45-bdfb-4343-9004-9be15dfd844c,server/model/players/combat/melee/CombatPrayer.java,activatePrayer,->,12acfc45-bdfb-4343-9004-9be15dfd844c,991eb2a8-284a-4290-ae08-f54cf8834706,fbacd858-15ac-4dfb-b5c1-9851ae733165
12acfc45-bdfb-4343-9004-9be15dfd844c,server/model/players/combat/melee/CombatPrayer.java,activatePrayer,->,12acfc45-bdfb-4343-9004-9be15dfd844c,server/model/players/Client.java,getPA
12acfc45-bdfb-4343-9004-9be15dfd844c,server/model/players/combat/melee/CombatPrayer.java,activatePrayer,->,12acfc45-bdfb-4343-9004-9be15dfd844c,991eb2a8-284a-4290-ae08-f54cf8834706,27bd7aec-abd0-4844-9935-efefbf7019b2
12acfc45-bdfb-4343-9004-9be15dfd844c,server/model/players/combat/melee/CombatPrayer.java,activatePrayer,->,12acfc45-bdfb-4343-9004-9be15dfd844c,server/model/players/Client.java,sendMessage
12acfc45-bdfb-4343-9004-9be15dfd844c,server/model/players/combat/melee/CombatPrayer.java,activatePrayer,->,12acfc45-bdfb-4343-9004-9be15dfd844c,server/model/players/Client.java,getLevelForXP
12acfc45-bdfb-4343-9004-9be15dfd844c,server/model/players/combat/melee/CombatPrayer.java,activatePrayer,->,12acfc45-bdfb-4343-9004-9be15dfd844c,server/model/players/Client.java,getPA
12acfc45-bdfb-4343-9004-9be15dfd844c,server/model/players/combat/melee/CombatPrayer.java,activatePrayer,->,12acfc45-bdfb-4343-9004-9be15dfd844c,991eb2a8-284a-4290-ae08-f54cf8834706,cc581d00-f04e-4278-8aaf-0ecbd93e9b04
12acfc45-bdfb-4343-9004-9be15dfd844c,server/model/players/combat/melee/CombatPrayer.java,activatePrayer,->,12acfc45-bdfb-4343-9004-9be15dfd844c,server/model/players/Client.java,sendMessage
12acfc45-bdfb-4343-9004-9be15dfd844c,server/model/players/combat/melee/MeleeExtras$2.java,execute,->,12acfc45-bdfb-4343-9004-9be15dfd844c,server/model/players/Player.java,gfx100
12acfc45-bdfb-4343-9004-9be15dfd844c,server/model/players/combat/melee/MeleeExtras$2.java,execute,->,12acfc45-bdfb-4343-9004-9be15dfd844c,server/model/players/Client.java,getHitUpdateRequired
12acfc45-bdfb-4343-9004-9be15dfd844c,server/model/players/combat/melee/MeleeExtras$2.java,execute,->,12acfc45-bdfb-4343-9004-9be15dfd844c,server/model/players/Client.java,setHitDiff
12acfc45-bdfb-4343-9004-9be15dfd844c,server/model/players/combat/melee/MeleeExtras$2.java,execute,->,12acfc45-bdfb-4343-9004-9be15dfd844c,server/model/players/Client.java,setHitUpdateRequired
12acfc45-bdfb-4343-9004-9be15dfd844c,server/model/players/combat/melee/MeleeExtras$2.java,execute,->,12acfc45-bdfb-4343-9004-9be15dfd844c,server/model/players/Client.java,getHitUpdateRequired2
12acfc45-bdfb-4343-9004-9be15dfd844c,server/model/players/combat/melee/MeleeExtras$2.java,execute,->,12acfc45-bdfb-4343-9004-9be15dfd844c,server/model/players/Client.java,setHitDiff2
12acfc45-bdfb-4343-9004-9be15dfd844c,server/model/players/combat/melee/MeleeExtras$2.java,execute,->,12acfc45-bdfb-4343-9004-9be15dfd844c,server/model/players/Client.java,setHitUpdateRequired2
12acfc45-bdfb-4343-9004-9be15dfd844c,server/model/players/combat/melee/MeleeExtras$2.java,execute,->,12acfc45-bdfb-4343-9004-9be15dfd844c,6dd0c5db-72ba-4498-883f-a3c8c3333519,2c14e4eb-2b3e-4056-bf8e-5218f96f0ad5
12acfc45-bdfb-4343-9004-9be15dfd844c,server/model/players/combat/melee/MeleeExtras$4.java,execute,->,12acfc45-bdfb-4343-9004-9be15dfd844c,5849ef3e-9280-4348-a3c8-451a741eecc1,2afe644b-e2ff-4265-8d55-cc4b5e27265a
12acfc45-bdfb-4343-9004-9be15dfd844c,server/model/players/combat/melee/MeleeExtras$4.java,execute,->,12acfc45-bdfb-4343-9004-9be15dfd844c,5849ef3e-9280-4348-a3c8-451a741eecc1,9ca30721-4f47-4e06-9a54-49ed8ef5be5e
12acfc45-bdfb-4343-9004-9be15dfd844c,server/model/players/combat/melee/MeleeExtras$4.java,execute,->,12acfc45-bdfb-4343-9004-9be15dfd844c,6dd0c5db-72ba-4498-883f-a3c8c3333519,2c14e4eb-2b3e-4056-bf8e-5218f96f0ad5
12acfc45-bdfb-4343-9004-9be15dfd844c,server/model/players/combat/melee/MeleeRequirements.java,getKillerId,->,12acfc45-bdfb-4343-9004-9be15dfd844c,server/model/players/Player.java,withinDistance
12acfc45-bdfb-4343-9004-9be15dfd844c,server/model/players/combat/melee/MeleeRequirements.java,checkReqs,->,12acfc45-bdfb-4343-9004-9be15dfd844c,server/model/players/Player.java,inDuelArena
12acfc45-bdfb-4343-9004-9be15dfd844c,server/model/players/combat/melee/MeleeRequirements.java,checkReqs,->,12acfc45-bdfb-4343-9004-9be15dfd844c,server/model/players/Client.java,arenas
12acfc45-bdfb-4343-9004-9be15dfd844c,server/model/players/combat/melee/MeleeRequirements.java,checkReqs,->,12acfc45-bdfb-4343-9004-9be15dfd844c,server/model/players/Client.java,sendMessage
12acfc45-bdfb-4343-9004-9be15dfd844c,server/model/players/combat/melee/MeleeRequirements.java,checkReqs,->,12acfc45-bdfb-4343-9004-9be15dfd844c,server/model/players/Client.java,getTradeAndDuel
12acfc45-bdfb-4343-9004-9be15dfd844c,server/model/players/combat/melee/MeleeRequirements.java,checkReqs,->,12acfc45-bdfb-4343-9004-9be15dfd844c,server/model/players/TradeAndDuel.java,requestDuel
12acfc45-bdfb-4343-9004-9be15dfd844c,server/model/players/combat/melee/MeleeRequirements.java,checkReqs,->,12acfc45-bdfb-4343-9004-9be15dfd844c,server/model/players/Client.java,getId
12acfc45-bdfb-4343-9004-9be15dfd844c,server/model/players/combat/melee/MeleeRequirements.java,checkReqs,->,12acfc45-bdfb-4343-9004-9be15dfd844c,server/model/players/Client.java,sendMessage
12acfc45-bdfb-4343-9004-9be15dfd844c,server/model/players/combat/melee/MeleeRequirements.java,checkReqs,->,12acfc45-bdfb-4343-9004-9be15dfd844c,server/model/players/Player.java,inWild
12acfc45-bdfb-4343-9004-9be15dfd844c,server/model/players/combat/melee/MeleeRequirements.java,checkReqs,->,12acfc45-bdfb-4343-9004-9be15dfd844c,server/model/players/Client.java,sendMessage
12acfc45-bdfb-4343-9004-9be15dfd844c,server/model/players/combat/melee/MeleeRequirements.java,checkReqs,->,12acfc45-bdfb-4343-9004-9be15dfd844c,server/model/players/Client.java,stopMovement
12acfc45-bdfb-4343-9004-9be15dfd844c,server/model/players/combat/melee/MeleeRequirements.java,checkReqs,->,12acfc45-bdfb-4343-9004-9be15dfd844c,server/model/players/Client.java,getCombat
12acfc45-bdfb-4343-9004-9be15dfd844c,server/model/players/combat/melee/MeleeRequirements.java,checkReqs,->,12acfc45-bdfb-4343-9004-9be15dfd844c,server/model/players/CombatAssistant.java,resetPlayerAttack
12acfc45-bdfb-4343-9004-9be15dfd844c,server/model/players/combat/melee/MeleeRequirements.java,checkReqs,->,12acfc45-bdfb-4343-9004-9be15dfd844c,server/model/players/Client.java,inWild
12acfc45-bdfb-4343-9004-9be15dfd844c,server/model/players/combat/melee/MeleeRequirements.java,checkReqs,->,12acfc45-bdfb-4343-9004-9be15dfd844c,server/model/players/Client.java,sendMessage
12acfc45-bdfb-4343-9004-9be15dfd844c,server/model/players/combat/melee/MeleeRequirements.java,checkReqs,->,12acfc45-bdfb-4343-9004-9be15dfd844c,server/model/players/Client.java,stopMovement
12acfc45-bdfb-4343-9004-9be15dfd844c,server/model/players/combat/melee/MeleeRequirements.java,checkReqs,->,12acfc45-bdfb-4343-9004-9be15dfd844c,server/model/players/Client.java,getCombat
12acfc45-bdfb-4343-9004-9be15dfd844c,server/model/players/combat/melee/MeleeRequirements.java,checkReqs,->,12acfc45-bdfb-4343-9004-9be15dfd844c,server/model/players/CombatAssistant.java,resetPlayerAttack
12acfc45-bdfb-4343-9004-9be15dfd844c,server/model/players/combat/melee/MeleeRequirements.java,checkReqs,->,12acfc45-bdfb-4343-9004-9be15dfd844c,server/model/players/Client.java,inWild
12acfc45-bdfb-4343-9004-9be15dfd844c,server/model/players/combat/melee/MeleeRequirements.java,checkReqs,->,12acfc45-bdfb-4343-9004-9be15dfd844c,server/model/players/combat/melee/MeleeRequirements.java,getCombatDifference
12acfc45-bdfb-4343-9004-9be15dfd844c,server/model/players/combat/melee/MeleeRequirements.java,checkReqs,->,12acfc45-bdfb-4343-9004-9be15dfd844c,server/model/players/Client.java,sendMessage
12acfc45-bdfb-4343-9004-9be15dfd844c,server/model/players/combat/melee/MeleeRequirements.java,checkReqs,->,12acfc45-bdfb-4343-9004-9be15dfd844c,server/model/players/Client.java,stopMovement
12acfc45-bdfb-4343-9004-9be15dfd844c,server/model/players/combat/melee/MeleeRequirements.java,checkReqs,->,12acfc45-bdfb-4343-9004-9be15dfd844c,server/model/players/Client.java,getCombat
12acfc45-bdfb-4343-9004-9be15dfd844c,server/model/players/combat/melee/MeleeRequirements.java,checkReqs,->,12acfc45-bdfb-4343-9004-9be15dfd844c,server/model/players/CombatAssistant.java,resetPlayerAttack
12acfc45-bdfb-4343-9004-9be15dfd844c,server/model/players/combat/melee/MeleeRequirements.java,checkReqs,->,12acfc45-bdfb-4343-9004-9be15dfd844c,server/model/players/Client.java,sendMessage
12acfc45-bdfb-4343-9004-9be15dfd844c,server/model/players/combat/melee/MeleeRequirements.java,checkReqs,->,12acfc45-bdfb-4343-9004-9be15dfd844c,server/model/players/Client.java,stopMovement
12acfc45-bdfb-4343-9004-9be15dfd844c,server/model/players/combat/melee/MeleeRequirements.java,checkReqs,->,12acfc45-bdfb-4343-9004-9be15dfd844c,server/model/players/Client.java,getCombat
12acfc45-bdfb-4343-9004-9be15dfd844c,server/model/players/combat/melee/MeleeRequirements.java,checkReqs,->,12acfc45-bdfb-4343-9004-9be15dfd844c,server/model/players/CombatAssistant.java,resetPlayerAttack
12acfc45-bdfb-4343-9004-9be15dfd844c,server/model/players/combat/melee/MeleeRequirements.java,checkReqs,->,12acfc45-bdfb-4343-9004-9be15dfd844c,server/model/players/Player.java,inMulti
12acfc45-bdfb-4343-9004-9be15dfd844c,server/model/players/combat/melee/MeleeRequirements.java,checkReqs,->,12acfc45-bdfb-4343-9004-9be15dfd844c,server/model/players/Client.java,sendMessage
12acfc45-bdfb-4343-9004-9be15dfd844c,server/model/players/combat/melee/MeleeRequirements.java,checkReqs,->,12acfc45-bdfb-4343-9004-9be15dfd844c,server/model/players/Client.java,stopMovement
12acfc45-bdfb-4343-9004-9be15dfd844c,server/model/players/combat/melee/MeleeRequirements.java,checkReqs,->,12acfc45-bdfb-4343-9004-9be15dfd844c,server/model/players/Client.java,getCombat
12acfc45-bdfb-4343-9004-9be15dfd844c,server/model/players/combat/melee/MeleeRequirements.java,checkReqs,->,12acfc45-bdfb-4343-9004-9be15dfd844c,server/model/players/CombatAssistant.java,resetPlayerAttack
12acfc45-bdfb-4343-9004-9be15dfd844c,server/model/players/combat/melee/MeleeRequirements.java,checkReqs,->,12acfc45-bdfb-4343-9004-9be15dfd844c,server/model/players/Client.java,sendMessage
12acfc45-bdfb-4343-9004-9be15dfd844c,server/model/players/combat/melee/MeleeRequirements.java,checkReqs,->,12acfc45-bdfb-4343-9004-9be15dfd844c,server/model/players/Client.java,stopMovement
12acfc45-bdfb-4343-9004-9be15dfd844c,server/model/players/combat/melee/MeleeRequirements.java,checkReqs,->,12acfc45-bdfb-4343-9004-9be15dfd844c,server/model/players/Client.java,getCombat
12acfc45-bdfb-4343-9004-9be15dfd844c,server/model/players/combat/melee/MeleeRequirements.java,checkReqs,->,12acfc45-bdfb-4343-9004-9be15dfd844c,server/model/players/CombatAssistant.java,resetPlayerAttack
12acfc45-bdfb-4343-9004-9be15dfd844c,server/model/players/combat/melee/MeleeExtras$3.java,execute,->,12acfc45-bdfb-4343-9004-9be15dfd844c,server/model/players/Client.java,getPA
12acfc45-bdfb-4343-9004-9be15dfd844c,server/model/players/combat/melee/MeleeExtras$3.java,execute,->,12acfc45-bdfb-4343-9004-9be15dfd844c,991eb2a8-284a-4290-ae08-f54cf8834706,3b42da37-c458-47dd-84b7-9027c34c9e43
12acfc45-bdfb-4343-9004-9be15dfd844c,server/model/players/combat/melee/MeleeExtras$3.java,execute,->,12acfc45-bdfb-4343-9004-9be15dfd844c,6dd0c5db-72ba-4498-883f-a3c8c3333519,2c14e4eb-2b3e-4056-bf8e-5218f96f0ad5
12acfc45-bdfb-4343-9004-9be15dfd844c,server/model/players/combat/AttackNPC$1.java,execute,->,12acfc45-bdfb-4343-9004-9be15dfd844c,server/model/players/Client.java,getCombat
12acfc45-bdfb-4343-9004-9be15dfd844c,server/model/players/combat/AttackNPC$1.java,execute,->,12acfc45-bdfb-4343-9004-9be15dfd844c,server/model/players/Client.java,getCombat
12acfc45-bdfb-4343-9004-9be15dfd844c,server/model/players/combat/AttackNPC$1.java,execute,->,12acfc45-bdfb-4343-9004-9be15dfd844c,server/model/players/CombatAssistant.java,calculateMeleeMaxHit
12acfc45-bdfb-4343-9004-9be15dfd844c,server/model/players/combat/AttackNPC$1.java,execute,->,12acfc45-bdfb-4343-9004-9be15dfd844c,2c89cfe4-ed6d-446f-832b-3c203feb3155,12264cea-e176-47b1-b1bb-e3a14dc18d35
12acfc45-bdfb-4343-9004-9be15dfd844c,server/model/players/combat/AttackNPC$1.java,execute,->,12acfc45-bdfb-4343-9004-9be15dfd844c,server/model/players/CombatAssistant.java,applyNpcMeleeDamage
12acfc45-bdfb-4343-9004-9be15dfd844c,server/model/players/combat/AttackNPC$1.java,execute,->,12acfc45-bdfb-4343-9004-9be15dfd844c,6dd0c5db-72ba-4498-883f-a3c8c3333519,2c14e4eb-2b3e-4056-bf8e-5218f96f0ad5
12acfc45-bdfb-4343-9004-9be15dfd844c,server/model/players/combat/magic/CastOnOther.java,healOther,->,12acfc45-bdfb-4343-9004-9be15dfd844c,server/model/players/combat/magic/CastOnOther.java,hasRequiredLevel
12acfc45-bdfb-4343-9004-9be15dfd844c,server/model/players/combat/magic/CastOnOther.java,healOther,->,12acfc45-bdfb-4343-9004-9be15dfd844c,server/model/players/Client.java,sendMessage
12acfc45-bdfb-4343-9004-9be15dfd844c,server/model/players/combat/magic/CastOnOther.java,healOther,->,12acfc45-bdfb-4343-9004-9be15dfd844c,server/model/players/combat/magic/CastOnOther.java,hasRunes
12acfc45-bdfb-4343-9004-9be15dfd844c,server/model/players/combat/magic/CastOnOther.java,healOther,->,12acfc45-bdfb-4343-9004-9be15dfd844c,server/model/players/combat/magic/CastOnOther.java,deleteRunes
12acfc45-bdfb-4343-9004-9be15dfd844c,server/model/players/combat/magic/CastOnOther.java,healOther,->,12acfc45-bdfb-4343-9004-9be15dfd844c,server/model/players/Client.java,getLevelForXP
12acfc45-bdfb-4343-9004-9be15dfd844c,server/model/players/combat/magic/CastOnOther.java,healOther,->,12acfc45-bdfb-4343-9004-9be15dfd844c,server/model/players/Client.java,getLevelForXP
12acfc45-bdfb-4343-9004-9be15dfd844c,server/model/players/combat/magic/CastOnOther.java,healOther,->,12acfc45-bdfb-4343-9004-9be15dfd844c,java/lang/StringBuilder.java,append
12acfc45-bdfb-4343-9004-9be15dfd844c,server/model/players/combat/magic/CastOnOther.java,healOther,->,12acfc45-bdfb-4343-9004-9be15dfd844c,java/lang/StringBuilder.java,append
12acfc45-bdfb-4343-9004-9be15dfd844c,server/model/players/combat/magic/CastOnOther.java,healOther,->,12acfc45-bdfb-4343-9004-9be15dfd844c,java/lang/StringBuilder.java,append
12acfc45-bdfb-4343-9004-9be15dfd844c,server/model/players/combat/magic/CastOnOther.java,healOther,->,12acfc45-bdfb-4343-9004-9be15dfd844c,java/lang/StringBuilder.java,toString
12acfc45-bdfb-4343-9004-9be15dfd844c,server/model/players/combat/magic/CastOnOther.java,healOther,->,12acfc45-bdfb-4343-9004-9be15dfd844c,server/model/players/Client.java,sendMessage
12acfc45-bdfb-4343-9004-9be15dfd844c,server/model/players/combat/magic/CastOnOther.java,healOther,->,12acfc45-bdfb-4343-9004-9be15dfd844c,server/model/players/Client.java,getLevelForXP
12acfc45-bdfb-4343-9004-9be15dfd844c,server/model/players/combat/magic/CastOnOther.java,healOther,->,12acfc45-bdfb-4343-9004-9be15dfd844c,server/model/players/Client.java,dealDamage
12acfc45-bdfb-4343-9004-9be15dfd844c,server/model/players/combat/magic/CastOnOther.java,healOther,->,12acfc45-bdfb-4343-9004-9be15dfd844c,server/model/players/Client.java,getPA
12acfc45-bdfb-4343-9004-9be15dfd844c,server/model/players/combat/magic/CastOnOther.java,healOther,->,12acfc45-bdfb-4343-9004-9be15dfd844c,991eb2a8-284a-4290-ae08-f54cf8834706,cc581d00-f04e-4278-8aaf-0ecbd93e9b04
12acfc45-bdfb-4343-9004-9be15dfd844c,server/model/players/combat/magic/CastOnOther.java,healOther,->,12acfc45-bdfb-4343-9004-9be15dfd844c,server/model/players/Client.java,getPA
12acfc45-bdfb-4343-9004-9be15dfd844c,server/model/players/combat/magic/CastOnOther.java,healOther,->,12acfc45-bdfb-4343-9004-9be15dfd844c,991eb2a8-284a-4290-ae08-f54cf8834706,cc581d00-f04e-4278-8aaf-0ecbd93e9b04
12acfc45-bdfb-4343-9004-9be15dfd844c,server/model/players/combat/magic/CastOnOther.java,healOther,->,12acfc45-bdfb-4343-9004-9be15dfd844c,server/model/players/Client.java,faceUpdate
12acfc45-bdfb-4343-9004-9be15dfd844c,server/model/players/combat/magic/CastOnOther.java,healOther,->,12acfc45-bdfb-4343-9004-9be15dfd844c,server/model/players/Client.java,startAnimation
12acfc45-bdfb-4343-9004-9be15dfd844c,server/model/players/combat/magic/CastOnOther.java,healOther,->,12acfc45-bdfb-4343-9004-9be15dfd844c,server/model/players/Client.java,gfx100
12acfc45-bdfb-4343-9004-9be15dfd844c,server/model/players/combat/magic/CastOnOther.java,specialEnergyTransfer,->,12acfc45-bdfb-4343-9004-9be15dfd844c,server/model/players/combat/magic/CastOnOther.java,hasRequiredLevel
12acfc45-bdfb-4343-9004-9be15dfd844c,server/model/players/combat/magic/CastOnOther.java,specialEnergyTransfer,->,12acfc45-bdfb-4343-9004-9be15dfd844c,server/model/players/Client.java,sendMessage
12acfc45-bdfb-4343-9004-9be15dfd844c,server/model/players/combat/magic/CastOnOther.java,specialEnergyTransfer,->,12acfc45-bdfb-4343-9004-9be15dfd844c,java/lang/StringBuilder.java,append
12acfc45-bdfb-4343-9004-9be15dfd844c,server/model/players/combat/magic/CastOnOther.java,specialEnergyTransfer,->,12acfc45-bdfb-4343-9004-9be15dfd844c,java/lang/StringBuilder.java,append
12acfc45-bdfb-4343-9004-9be15dfd844c,server/model/players/combat/magic/CastOnOther.java,specialEnergyTransfer,->,12acfc45-bdfb-4343-9004-9be15dfd844c,java/lang/StringBuilder.java,append
12acfc45-bdfb-4343-9004-9be15dfd844c,server/model/players/combat/magic/CastOnOther.java,specialEnergyTransfer,->,12acfc45-bdfb-4343-9004-9be15dfd844c,java/lang/StringBuilder.java,toString
12acfc45-bdfb-4343-9004-9be15dfd844c,server/model/players/combat/magic/CastOnOther.java,specialEnergyTransfer,->,12acfc45-bdfb-4343-9004-9be15dfd844c,server/model/players/Client.java,sendMessage
12acfc45-bdfb-4343-9004-9be15dfd844c,server/model/players/combat/magic/CastOnOther.java,specialEnergyTransfer,->,12acfc45-bdfb-4343-9004-9be15dfd844c,server/model/players/combat/magic/CastOnOther.java,hasRunes
12acfc45-bdfb-4343-9004-9be15dfd844c,server/model/players/combat/magic/CastOnOther.java,specialEnergyTransfer,->,12acfc45-bdfb-4343-9004-9be15dfd844c,server/model/players/combat/magic/CastOnOther.java,deleteRunes
12acfc45-bdfb-4343-9004-9be15dfd844c,server/model/players/combat/magic/CastOnOther.java,specialEnergyTransfer,->,12acfc45-bdfb-4343-9004-9be15dfd844c,server/model/players/Client.java,faceUpdate
12acfc45-bdfb-4343-9004-9be15dfd844c,server/model/players/combat/magic/CastOnOther.java,specialEnergyTransfer,->,12acfc45-bdfb-4343-9004-9be15dfd844c,server/model/players/Client.java,startAnimation
12acfc45-bdfb-4343-9004-9be15dfd844c,server/model/players/combat/magic/CastOnOther.java,specialEnergyTransfer,->,12acfc45-bdfb-4343-9004-9be15dfd844c,server/model/players/Client.java,gfx0
12acfc45-bdfb-4343-9004-9be15dfd844c,server/model/players/combat/magic/CastOnOther.java,specialEnergyTransfer,->,12acfc45-bdfb-4343-9004-9be15dfd844c,server/model/players/Client.java,getItems
12acfc45-bdfb-4343-9004-9be15dfd844c,server/model/players/combat/magic/CastOnOther.java,specialEnergyTransfer,->,12acfc45-bdfb-4343-9004-9be15dfd844c,server/model/items/ItemAssistant.java,updateSpecialBar
12acfc45-bdfb-4343-9004-9be15dfd844c,server/model/players/combat/magic/CastOnOther.java,specialEnergyTransfer,->,12acfc45-bdfb-4343-9004-9be15dfd844c,server/model/players/Client.java,getItems
12acfc45-bdfb-4343-9004-9be15dfd844c,server/model/players/combat/magic/CastOnOther.java,specialEnergyTransfer,->,12acfc45-bdfb-4343-9004-9be15dfd844c,server/model/items/ItemAssistant.java,updateSpecialBar
12acfc45-bdfb-4343-9004-9be15dfd844c,server/model/players/combat/magic/CastOnOther.java,specialEnergyTransfer,->,12acfc45-bdfb-4343-9004-9be15dfd844c,server/model/players/Client.java,sendMessage
12acfc45-bdfb-4343-9004-9be15dfd844c,server/model/players/combat/magic/CastOnOther.java,specialEnergyTransfer,->,12acfc45-bdfb-4343-9004-9be15dfd844c,java/lang/StringBuilder.java,append
12acfc45-bdfb-4343-9004-9be15dfd844c,server/model/players/combat/magic/CastOnOther.java,specialEnergyTransfer,->,12acfc45-bdfb-4343-9004-9be15dfd844c,java/lang/StringBuilder.java,append
12acfc45-bdfb-4343-9004-9be15dfd844c,server/model/players/combat/magic/CastOnOther.java,specialEnergyTransfer,->,12acfc45-bdfb-4343-9004-9be15dfd844c,java/lang/StringBuilder.java,append
12acfc45-bdfb-4343-9004-9be15dfd844c,server/model/players/combat/magic/CastOnOther.java,specialEnergyTransfer,->,12acfc45-bdfb-4343-9004-9be15dfd844c,java/lang/StringBuilder.java,toString
12acfc45-bdfb-4343-9004-9be15dfd844c,server/model/players/combat/magic/CastOnOther.java,specialEnergyTransfer,->,12acfc45-bdfb-4343-9004-9be15dfd844c,server/model/players/Client.java,sendMessage
12acfc45-bdfb-4343-9004-9be15dfd844c,server/model/players/combat/magic/CastOnOther.java,castOtherVengeance,->,12acfc45-bdfb-4343-9004-9be15dfd844c,server/model/players/combat/magic/CastOnOther.java,hasRequiredLevel
12acfc45-bdfb-4343-9004-9be15dfd844c,server/model/players/combat/magic/CastOnOther.java,castOtherVengeance,->,12acfc45-bdfb-4343-9004-9be15dfd844c,server/model/players/Client.java,sendMessage
12acfc45-bdfb-4343-9004-9be15dfd844c,server/model/players/combat/magic/CastOnOther.java,castOtherVengeance,->,12acfc45-bdfb-4343-9004-9be15dfd844c,server/model/players/Client.java,sendMessage
12acfc45-bdfb-4343-9004-9be15dfd844c,server/model/players/combat/magic/CastOnOther.java,castOtherVengeance,->,12acfc45-bdfb-4343-9004-9be15dfd844c,java/lang/System.java,currentTimeMillis
12acfc45-bdfb-4343-9004-9be15dfd844c,server/model/players/combat/magic/CastOnOther.java,castOtherVengeance,->,12acfc45-bdfb-4343-9004-9be15dfd844c,server/model/players/Client.java,sendMessage
12acfc45-bdfb-4343-9004-9be15dfd844c,server/model/players/combat/magic/CastOnOther.java,castOtherVengeance,->,12acfc45-bdfb-4343-9004-9be15dfd844c,server/model/players/combat/magic/CastOnOther.java,hasRunes
12acfc45-bdfb-4343-9004-9be15dfd844c,server/model/players/combat/magic/CastOnOther.java,castOtherVengeance,->,12acfc45-bdfb-4343-9004-9be15dfd844c,server/model/players/combat/magic/CastOnOther.java,deleteRunes
12acfc45-bdfb-4343-9004-9be15dfd844c,server/model/players/combat/magic/CastOnOther.java,castOtherVengeance,->,12acfc45-bdfb-4343-9004-9be15dfd844c,server/model/players/Client.java,faceUpdate
12acfc45-bdfb-4343-9004-9be15dfd844c,server/model/players/combat/magic/CastOnOther.java,castOtherVengeance,->,12acfc45-bdfb-4343-9004-9be15dfd844c,server/model/players/Client.java,startAnimation
12acfc45-bdfb-4343-9004-9be15dfd844c,server/model/players/combat/magic/CastOnOther.java,castOtherVengeance,->,12acfc45-bdfb-4343-9004-9be15dfd844c,java/lang/System.java,currentTimeMillis
12acfc45-bdfb-4343-9004-9be15dfd844c,server/model/players/combat/magic/CastOnOther.java,castOtherVengeance,->,12acfc45-bdfb-4343-9004-9be15dfd844c,server/model/players/Client.java,gfx100
12acfc45-bdfb-4343-9004-9be15dfd844c,server/model/players/combat/magic/CastOnOther.java,castOtherVengeance,->,12acfc45-bdfb-4343-9004-9be15dfd844c,server/model/players/Client.java,sendMessage
12acfc45-bdfb-4343-9004-9be15dfd844c,server/model/players/combat/magic/CastOnOther.java,teleOtherDistance,->,12acfc45-bdfb-4343-9004-9be15dfd844c,server/model/players/combat/magic/CastOnOther.java,hasRequiredLevel
12acfc45-bdfb-4343-9004-9be15dfd844c,server/model/players/combat/magic/CastOnOther.java,teleOtherDistance,->,12acfc45-bdfb-4343-9004-9be15dfd844c,java/lang/StringBuilder.java,append
12acfc45-bdfb-4343-9004-9be15dfd844c,server/model/players/combat/magic/CastOnOther.java,teleOtherDistance,->,12acfc45-bdfb-4343-9004-9be15dfd844c,java/lang/StringBuilder.java,append
12acfc45-bdfb-4343-9004-9be15dfd844c,server/model/players/combat/magic/CastOnOther.java,teleOtherDistance,->,12acfc45-bdfb-4343-9004-9be15dfd844c,java/lang/StringBuilder.java,append
12acfc45-bdfb-4343-9004-9be15dfd844c,server/model/players/combat/magic/CastOnOther.java,teleOtherDistance,->,12acfc45-bdfb-4343-9004-9be15dfd844c,java/lang/StringBuilder.java,toString
12acfc45-bdfb-4343-9004-9be15dfd844c,server/model/players/combat/magic/CastOnOther.java,teleOtherDistance,->,12acfc45-bdfb-4343-9004-9be15dfd844c,server/model/players/Client.java,sendMessage
12acfc45-bdfb-4343-9004-9be15dfd844c,server/model/players/combat/magic/CastOnOther.java,teleOtherDistance,->,12acfc45-bdfb-4343-9004-9be15dfd844c,server/model/players/combat/magic/CastOnOther.java,hasRunes
12acfc45-bdfb-4343-9004-9be15dfd844c,server/model/players/combat/magic/CastOnOther.java,teleOtherDistance,->,12acfc45-bdfb-4343-9004-9be15dfd844c,server/model/players/combat/magic/CastOnOther.java,deleteRunes
12acfc45-bdfb-4343-9004-9be15dfd844c,server/model/players/combat/magic/CastOnOther.java,teleOtherDistance,->,12acfc45-bdfb-4343-9004-9be15dfd844c,server/model/players/Client.java,faceUpdate
12acfc45-bdfb-4343-9004-9be15dfd844c,server/model/players/combat/magic/CastOnOther.java,teleOtherDistance,->,12acfc45-bdfb-4343-9004-9be15dfd844c,server/model/players/Client.java,startAnimation
12acfc45-bdfb-4343-9004-9be15dfd844c,server/model/players/combat/magic/CastOnOther.java,teleOtherDistance,->,12acfc45-bdfb-4343-9004-9be15dfd844c,server/model/players/Client.java,gfx0
12acfc45-bdfb-4343-9004-9be15dfd844c,server/model/players/combat/magic/CastOnOther.java,teleOtherDistance,->,12acfc45-bdfb-4343-9004-9be15dfd844c,server/model/players/Client.java,distanceToPoint
12acfc45-bdfb-4343-9004-9be15dfd844c,server/model/players/combat/magic/CastOnOther.java,teleOtherDistance,->,12acfc45-bdfb-4343-9004-9be15dfd844c,server/model/players/Client.java,getPA
12acfc45-bdfb-4343-9004-9be15dfd844c,server/model/players/combat/magic/CastOnOther.java,teleOtherDistance,->,12acfc45-bdfb-4343-9004-9be15dfd844c,991eb2a8-284a-4290-ae08-f54cf8834706,609517a1-3a8b-4bd9-8623-3cae47c33a17
12acfc45-bdfb-4343-9004-9be15dfd844c,server/model/players/combat/magic/CastOnOther.java,teleOtherDistance,->,12acfc45-bdfb-4343-9004-9be15dfd844c,server/model/players/Client.java,getPA
12acfc45-bdfb-4343-9004-9be15dfd844c,server/model/players/combat/magic/CastOnOther.java,teleOtherDistance,->,12acfc45-bdfb-4343-9004-9be15dfd844c,991eb2a8-284a-4290-ae08-f54cf8834706,609517a1-3a8b-4bd9-8623-3cae47c33a17
12acfc45-bdfb-4343-9004-9be15dfd844c,server/model/players/combat/magic/CastOnOther.java,teleOtherDistance,->,12acfc45-bdfb-4343-9004-9be15dfd844c,server/model/players/Client.java,getPA
12acfc45-bdfb-4343-9004-9be15dfd844c,server/model/players/combat/magic/CastOnOther.java,teleOtherDistance,->,12acfc45-bdfb-4343-9004-9be15dfd844c,server/model/players/PlayerAssistant.java,showInterface
12acfc45-bdfb-4343-9004-9be15dfd844c,server/model/players/combat/magic/CastOnOther.java,teleOtherLocation,->,12acfc45-bdfb-4343-9004-9be15dfd844c,server/model/players/Client.java,getPA
12acfc45-bdfb-4343-9004-9be15dfd844c,server/model/players/combat/magic/CastOnOther.java,teleOtherLocation,->,12acfc45-bdfb-4343-9004-9be15dfd844c,991eb2a8-284a-4290-ae08-f54cf8834706,3666955d-52b4-495d-880c-318d6383a5bb
12acfc45-bdfb-4343-9004-9be15dfd844c,server/model/players/combat/magic/CastOnOther.java,teleOtherLocation,->,12acfc45-bdfb-4343-9004-9be15dfd844c,3ab0cc49-78c3-45ed-a03a-f251199dfbb9,3d27faf4-0319-4d3d-b558-10d40da17fd8
12acfc45-bdfb-4343-9004-9be15dfd844c,server/model/players/combat/magic/CastOnOther.java,teleOtherLocation,->,12acfc45-bdfb-4343-9004-9be15dfd844c,3ab0cc49-78c3-45ed-a03a-f251199dfbb9,d719c34b-e0d2-473f-8e9a-936cfc6b4522
12acfc45-bdfb-4343-9004-9be15dfd844c,server/model/players/combat/magic/CastOnOther.java,teleOtherLocation,->,12acfc45-bdfb-4343-9004-9be15dfd844c,server/model/players/Client.java,startAnimation
12acfc45-bdfb-4343-9004-9be15dfd844c,server/model/players/combat/magic/CastOnOther.java,teleOtherLocation,->,12acfc45-bdfb-4343-9004-9be15dfd844c,server/model/players/Client.java,gfx100
12acfc45-bdfb-4343-9004-9be15dfd844c,server/model/players/combat/magic/NonCombatSpells.java,attemptDate,->,12acfc45-bdfb-4343-9004-9be15dfd844c,server/model/players/combat/magic/NonCombatSpells.java,bonesToBase
12acfc45-bdfb-4343-9004-9be15dfd844c,server/model/players/combat/magic/NonCombatSpells.java,attemptDate,->,12acfc45-bdfb-4343-9004-9be15dfd844c,server/model/players/combat/magic/NonCombatSpells.java,bonesToBase
12acfc45-bdfb-4343-9004-9be15dfd844c,server/model/players/combat/magic/NonCombatSpells.java,bonesToBase,->,12acfc45-bdfb-4343-9004-9be15dfd844c,server/model/players/combat/magic/NonCombatSpells.java,hasRequiredLevel
12acfc45-bdfb-4343-9004-9be15dfd844c,server/model/players/combat/magic/NonCombatSpells.java,bonesToBase,->,12acfc45-bdfb-4343-9004-9be15dfd844c,server/model/players/Client.java,sendMessage
12acfc45-bdfb-4343-9004-9be15dfd844c,server/model/players/combat/magic/NonCombatSpells.java,bonesToBase,->,12acfc45-bdfb-4343-9004-9be15dfd844c,server/model/players/combat/magic/NonCombatSpells.java,hasRunes
12acfc45-bdfb-4343-9004-9be15dfd844c,server/model/players/combat/magic/NonCombatSpells.java,bonesToBase,->,12acfc45-bdfb-4343-9004-9be15dfd844c,server/model/players/Client.java,getItems
12acfc45-bdfb-4343-9004-9be15dfd844c,server/model/players/combat/magic/NonCombatSpells.java,bonesToBase,->,12acfc45-bdfb-4343-9004-9be15dfd844c,server/model/items/ItemAssistant.java,playerHasItem
12acfc45-bdfb-4343-9004-9be15dfd844c,server/model/players/combat/magic/NonCombatSpells.java,bonesToBase,->,12acfc45-bdfb-4343-9004-9be15dfd844c,java/lang/StringBuilder.java,append
12acfc45-bdfb-4343-9004-9be15dfd844c,server/model/players/combat/magic/NonCombatSpells.java,bonesToBase,->,12acfc45-bdfb-4343-9004-9be15dfd844c,server/model/players/Client.java,getItems
12acfc45-bdfb-4343-9004-9be15dfd844c,server/model/players/combat/magic/NonCombatSpells.java,bonesToBase,->,12acfc45-bdfb-4343-9004-9be15dfd844c,server/model/items/ItemAssistant.java,getItemName
12acfc45-bdfb-4343-9004-9be15dfd844c,server/model/players/combat/magic/NonCombatSpells.java,bonesToBase,->,12acfc45-bdfb-4343-9004-9be15dfd844c,java/lang/StringBuilder.java,append
12acfc45-bdfb-4343-9004-9be15dfd844c,server/model/players/combat/magic/NonCombatSpells.java,bonesToBase,->,12acfc45-bdfb-4343-9004-9be15dfd844c,java/lang/StringBuilder.java,append
12acfc45-bdfb-4343-9004-9be15dfd844c,server/model/players/combat/magic/NonCombatSpells.java,bonesToBase,->,12acfc45-bdfb-4343-9004-9be15dfd844c,java/lang/StringBuilder.java,toString
12acfc45-bdfb-4343-9004-9be15dfd844c,server/model/players/combat/magic/NonCombatSpells.java,bonesToBase,->,12acfc45-bdfb-4343-9004-9be15dfd844c,server/model/players/Client.java,sendMessage
12acfc45-bdfb-4343-9004-9be15dfd844c,server/model/players/combat/magic/NonCombatSpells.java,bonesToBase,->,12acfc45-bdfb-4343-9004-9be15dfd844c,server/model/players/Client.java,getItems
12acfc45-bdfb-4343-9004-9be15dfd844c,server/model/players/combat/magic/NonCombatSpells.java,bonesToBase,->,12acfc45-bdfb-4343-9004-9be15dfd844c,server/model/items/ItemAssistant.java,replaceItem
12acfc45-bdfb-4343-9004-9be15dfd844c,server/model/players/combat/magic/NonCombatSpells.java,bonesToBase,->,12acfc45-bdfb-4343-9004-9be15dfd844c,server/model/players/Client.java,gfx100
12acfc45-bdfb-4343-9004-9be15dfd844c,server/model/players/combat/magic/NonCombatSpells.java,bonesToBase,->,12acfc45-bdfb-4343-9004-9be15dfd844c,server/model/players/Client.java,startAnimation
12acfc45-bdfb-4343-9004-9be15dfd844c,server/model/players/combat/magic/NonCombatSpells.java,bonesToBase,->,12acfc45-bdfb-4343-9004-9be15dfd844c,server/model/players/Client.java,getPA
12acfc45-bdfb-4343-9004-9be15dfd844c,server/model/players/combat/magic/NonCombatSpells.java,bonesToBase,->,12acfc45-bdfb-4343-9004-9be15dfd844c,server/model/players/Client.java,getItems
12acfc45-bdfb-4343-9004-9be15dfd844c,server/model/players/combat/magic/NonCombatSpells.java,bonesToBase,->,12acfc45-bdfb-4343-9004-9be15dfd844c,server/model/items/ItemAssistant.java,getItemAmount
12acfc45-bdfb-4343-9004-9be15dfd844c,server/model/players/combat/magic/NonCombatSpells.java,bonesToBase,->,12acfc45-bdfb-4343-9004-9be15dfd844c,991eb2a8-284a-4290-ae08-f54cf8834706,0955b7e8-1203-4e9d-8e85-6eeaf5af5ce5
12acfc45-bdfb-4343-9004-9be15dfd844c,server/model/players/combat/magic/NonCombatSpells.java,bonesToBase,->,12acfc45-bdfb-4343-9004-9be15dfd844c,java/lang/StringBuilder.java,append
12acfc45-bdfb-4343-9004-9be15dfd844c,server/model/players/combat/magic/NonCombatSpells.java,bonesToBase,->,12acfc45-bdfb-4343-9004-9be15dfd844c,server/model/players/Client.java,getItems
12acfc45-bdfb-4343-9004-9be15dfd844c,server/model/players/combat/magic/NonCombatSpells.java,bonesToBase,->,12acfc45-bdfb-4343-9004-9be15dfd844c,server/model/items/ItemAssistant.java,getItemName
12acfc45-bdfb-4343-9004-9be15dfd844c,server/model/players/combat/magic/NonCombatSpells.java,bonesToBase,->,12acfc45-bdfb-4343-9004-9be15dfd844c,java/lang/String.java,toLowerCase
12acfc45-bdfb-4343-9004-9be15dfd844c,server/model/players/combat/magic/NonCombatSpells.java,bonesToBase,->,12acfc45-bdfb-4343-9004-9be15dfd844c,java/lang/String.java,toLowerCase
12acfc45-bdfb-4343-9004-9be15dfd844c,server/model/players/combat/magic/NonCombatSpells.java,bonesToBase,->,12acfc45-bdfb-4343-9004-9be15dfd844c,java/lang/StringBuilder.java,append
12acfc45-bdfb-4343-9004-9be15dfd844c,server/model/players/combat/magic/NonCombatSpells.java,bonesToBase,->,12acfc45-bdfb-4343-9004-9be15dfd844c,java/lang/StringBuilder.java,append
12acfc45-bdfb-4343-9004-9be15dfd844c,server/model/players/combat/magic/NonCombatSpells.java,bonesToBase,->,12acfc45-bdfb-4343-9004-9be15dfd844c,java/lang/StringBuilder.java,append
12acfc45-bdfb-4343-9004-9be15dfd844c,server/model/players/combat/magic/NonCombatSpells.java,bonesToBase,->,12acfc45-bdfb-4343-9004-9be15dfd844c,java/lang/StringBuilder.java,append
12acfc45-bdfb-4343-9004-9be15dfd844c,server/model/players/combat/magic/NonCombatSpells.java,bonesToBase,->,12acfc45-bdfb-4343-9004-9be15dfd844c,java/lang/StringBuilder.java,toString
12acfc45-bdfb-4343-9004-9be15dfd844c,server/model/players/combat/magic/NonCombatSpells.java,bonesToBase,->,12acfc45-bdfb-4343-9004-9be15dfd844c,server/model/players/Client.java,sendMessage
12acfc45-bdfb-4343-9004-9be15dfd844c,server/model/players/combat/magic/NonCombatSpells.java,bonesToBase,->,12acfc45-bdfb-4343-9004-9be15dfd844c,server/model/players/Client.java,getCombat
12acfc45-bdfb-4343-9004-9be15dfd844c,server/model/players/combat/magic/NonCombatSpells.java,bonesToBase,->,12acfc45-bdfb-4343-9004-9be15dfd844c,server/model/players/CombatAssistant.java,resetPlayerAttack
12acfc45-bdfb-4343-9004-9be15dfd844c,server/model/players/combat/magic/NonCombatSpells.java,superHeatItem,->,12acfc45-bdfb-4343-9004-9be15dfd844c,server/model/players/combat/magic/NonCombatSpells.java,hasRequiredLevel
12acfc45-bdfb-4343-9004-9be15dfd844c,server/model/players/combat/magic/NonCombatSpells.java,superHeatItem,->,12acfc45-bdfb-4343-9004-9be15dfd844c,server/model/players/Client.java,sendMessage
12acfc45-bdfb-4343-9004-9be15dfd844c,server/model/players/combat/magic/NonCombatSpells.java,superHeatItem,->,12acfc45-bdfb-4343-9004-9be15dfd844c,server/model/players/combat/magic/NonCombatSpells.java,hasRunes
12acfc45-bdfb-4343-9004-9be15dfd844c,server/model/players/combat/magic/NonCombatSpells.java,superHeatItem,->,12acfc45-bdfb-4343-9004-9be15dfd844c,server/model/players/Client.java,getItems
12acfc45-bdfb-4343-9004-9be15dfd844c,server/model/players/combat/magic/NonCombatSpells.java,superHeatItem,->,12acfc45-bdfb-4343-9004-9be15dfd844c,server/model/items/ItemAssistant.java,playerHasItem
12acfc45-bdfb-4343-9004-9be15dfd844c,server/model/players/combat/magic/NonCombatSpells.java,superHeatItem,->,12acfc45-bdfb-4343-9004-9be15dfd844c,java/lang/StringBuilder.java,append
12acfc45-bdfb-4343-9004-9be15dfd844c,server/model/players/combat/magic/NonCombatSpells.java,superHeatItem,->,12acfc45-bdfb-4343-9004-9be15dfd844c,server/model/players/Client.java,getItems
12acfc45-bdfb-4343-9004-9be15dfd844c,server/model/players/combat/magic/NonCombatSpells.java,superHeatItem,->,12acfc45-bdfb-4343-9004-9be15dfd844c,server/model/items/ItemAssistant.java,getItemName
12acfc45-bdfb-4343-9004-9be15dfd844c,server/model/players/combat/magic/NonCombatSpells.java,superHeatItem,->,12acfc45-bdfb-4343-9004-9be15dfd844c,java/lang/String.java,toLowerCase
12acfc45-bdfb-4343-9004-9be15dfd844c,server/model/players/combat/magic/NonCombatSpells.java,superHeatItem,->,12acfc45-bdfb-4343-9004-9be15dfd844c,java/lang/StringBuilder.java,append
12acfc45-bdfb-4343-9004-9be15dfd844c,server/model/players/combat/magic/NonCombatSpells.java,superHeatItem,->,12acfc45-bdfb-4343-9004-9be15dfd844c,java/lang/StringBuilder.java,append
12acfc45-bdfb-4343-9004-9be15dfd844c,server/model/players/combat/magic/NonCombatSpells.java,superHeatItem,->,12acfc45-bdfb-4343-9004-9be15dfd844c,java/lang/StringBuilder.java,toString
12acfc45-bdfb-4343-9004-9be15dfd844c,server/model/players/combat/magic/NonCombatSpells.java,superHeatItem,->,12acfc45-bdfb-4343-9004-9be15dfd844c,server/model/players/Client.java,sendMessage
12acfc45-bdfb-4343-9004-9be15dfd844c,server/model/players/combat/magic/NonCombatSpells.java,superHeatItem,->,12acfc45-bdfb-4343-9004-9be15dfd844c,server/model/players/Client.java,getItems
12acfc45-bdfb-4343-9004-9be15dfd844c,server/model/players/combat/magic/NonCombatSpells.java,superHeatItem,->,12acfc45-bdfb-4343-9004-9be15dfd844c,server/model/players/Client.java,getItems
12acfc45-bdfb-4343-9004-9be15dfd844c,server/model/players/combat/magic/NonCombatSpells.java,superHeatItem,->,12acfc45-bdfb-4343-9004-9be15dfd844c,server/model/items/ItemAssistant.java,getItemSlot
12acfc45-bdfb-4343-9004-9be15dfd844c,server/model/players/combat/magic/NonCombatSpells.java,superHeatItem,->,12acfc45-bdfb-4343-9004-9be15dfd844c,server/model/items/ItemAssistant.java,deleteItem
12acfc45-bdfb-4343-9004-9be15dfd844c,server/model/players/combat/magic/NonCombatSpells.java,superHeatItem,->,12acfc45-bdfb-4343-9004-9be15dfd844c,server/model/players/Client.java,getItems
12acfc45-bdfb-4343-9004-9be15dfd844c,server/model/players/combat/magic/NonCombatSpells.java,superHeatItem,->,12acfc45-bdfb-4343-9004-9be15dfd844c,server/model/players/Client.java,getItems
12acfc45-bdfb-4343-9004-9be15dfd844c,server/model/players/combat/magic/NonCombatSpells.java,superHeatItem,->,12acfc45-bdfb-4343-9004-9be15dfd844c,server/model/items/ItemAssistant.java,getItemSlot
12acfc45-bdfb-4343-9004-9be15dfd844c,server/model/players/combat/magic/NonCombatSpells.java,superHeatItem,->,12acfc45-bdfb-4343-9004-9be15dfd844c,server/model/items/ItemAssistant.java,deleteItem
12acfc45-bdfb-4343-9004-9be15dfd844c,server/model/players/combat/magic/NonCombatSpells.java,superHeatItem,->,12acfc45-bdfb-4343-9004-9be15dfd844c,server/model/players/Client.java,getItems
12acfc45-bdfb-4343-9004-9be15dfd844c,server/model/players/combat/magic/NonCombatSpells.java,superHeatItem,->,12acfc45-bdfb-4343-9004-9be15dfd844c,server/model/items/ItemAssistant.java,addItem
12acfc45-bdfb-4343-9004-9be15dfd844c,server/model/players/combat/magic/NonCombatSpells.java,superHeatItem,->,12acfc45-bdfb-4343-9004-9be15dfd844c,server/model/players/Client.java,getPA
12acfc45-bdfb-4343-9004-9be15dfd844c,server/model/players/combat/magic/NonCombatSpells.java,superHeatItem,->,12acfc45-bdfb-4343-9004-9be15dfd844c,991eb2a8-284a-4290-ae08-f54cf8834706,0955b7e8-1203-4e9d-8e85-6eeaf5af5ce5
12acfc45-bdfb-4343-9004-9be15dfd844c,server/model/players/combat/magic/NonCombatSpells.java,superHeatItem,->,12acfc45-bdfb-4343-9004-9be15dfd844c,server/model/players/Client.java,startAnimation
12acfc45-bdfb-4343-9004-9be15dfd844c,server/model/players/combat/magic/NonCombatSpells.java,superHeatItem,->,12acfc45-bdfb-4343-9004-9be15dfd844c,server/model/players/Client.java,gfx100
12acfc45-bdfb-4343-9004-9be15dfd844c,server/model/players/combat/magic/NonCombatSpells.java,superHeatItem,->,12acfc45-bdfb-4343-9004-9be15dfd844c,server/model/players/Client.java,getPA
12acfc45-bdfb-4343-9004-9be15dfd844c,server/model/players/combat/magic/NonCombatSpells.java,superHeatItem,->,12acfc45-bdfb-4343-9004-9be15dfd844c,991eb2a8-284a-4290-ae08-f54cf8834706,cf9068b8-24a5-4beb-ad0f-2965429df4e9
12acfc45-bdfb-4343-9004-9be15dfd844c,server/model/players/combat/magic/NonCombatSpells.java,superHeatItem,->,12acfc45-bdfb-4343-9004-9be15dfd844c,server/model/players/Client.java,sendMessage
12acfc45-bdfb-4343-9004-9be15dfd844c,server/model/players/combat/magic/NonCombatSpells.java,playerAlching,->,12acfc45-bdfb-4343-9004-9be15dfd844c,java/lang/System.java,currentTimeMillis
12acfc45-bdfb-4343-9004-9be15dfd844c,server/model/players/combat/magic/NonCombatSpells.java,playerAlching,->,12acfc45-bdfb-4343-9004-9be15dfd844c,server/model/players/Client.java,getItems
12acfc45-bdfb-4343-9004-9be15dfd844c,server/model/players/combat/magic/NonCombatSpells.java,playerAlching,->,12acfc45-bdfb-4343-9004-9be15dfd844c,server/model/items/ItemAssistant.java,playerHasItem
12acfc45-bdfb-4343-9004-9be15dfd844c,server/model/players/combat/magic/NonCombatSpells.java,playerAlching,->,12acfc45-bdfb-4343-9004-9be15dfd844c,server/model/players/Client.java,getCombat
12acfc45-bdfb-4343-9004-9be15dfd844c,server/model/players/combat/magic/NonCombatSpells.java,playerAlching,->,12acfc45-bdfb-4343-9004-9be15dfd844c,server/model/players/CombatAssistant.java,checkMagicReqs
12acfc45-bdfb-4343-9004-9be15dfd844c,server/model/players/combat/magic/NonCombatSpells.java,playerAlching,->,12acfc45-bdfb-4343-9004-9be15dfd844c,server/model/players/Client.java,sendMessage
12acfc45-bdfb-4343-9004-9be15dfd844c,server/model/players/combat/magic/NonCombatSpells.java,playerAlching,->,12acfc45-bdfb-4343-9004-9be15dfd844c,server/model/players/Client.java,getShops
12acfc45-bdfb-4343-9004-9be15dfd844c,server/model/players/combat/magic/NonCombatSpells.java,playerAlching,->,12acfc45-bdfb-4343-9004-9be15dfd844c,server/model/shops/ShopAssistant.java,getItemShopValue
12acfc45-bdfb-4343-9004-9be15dfd844c,server/model/players/combat/magic/NonCombatSpells.java,playerAlching,->,12acfc45-bdfb-4343-9004-9be15dfd844c,server/model/players/Client.java,getItems
12acfc45-bdfb-4343-9004-9be15dfd844c,server/model/players/combat/magic/NonCombatSpells.java,playerAlching,->,12acfc45-bdfb-4343-9004-9be15dfd844c,server/model/items/ItemAssistant.java,getItemAmount
12acfc45-bdfb-4343-9004-9be15dfd844c,server/model/players/combat/magic/NonCombatSpells.java,playerAlching,->,12acfc45-bdfb-4343-9004-9be15dfd844c,server/model/players/Client.java,sendMessage
12acfc45-bdfb-4343-9004-9be15dfd844c,server/model/players/combat/magic/NonCombatSpells.java,playerAlching,->,12acfc45-bdfb-4343-9004-9be15dfd844c,server/model/players/Client.java,getItems
12acfc45-bdfb-4343-9004-9be15dfd844c,server/model/players/combat/magic/NonCombatSpells.java,playerAlching,->,12acfc45-bdfb-4343-9004-9be15dfd844c,server/model/items/ItemAssistant.java,playerHasItem
12acfc45-bdfb-4343-9004-9be15dfd844c,server/model/players/combat/magic/NonCombatSpells.java,playerAlching,->,12acfc45-bdfb-4343-9004-9be15dfd844c,server/model/players/Client.java,getItems
12acfc45-bdfb-4343-9004-9be15dfd844c,server/model/players/combat/magic/NonCombatSpells.java,playerAlching,->,12acfc45-bdfb-4343-9004-9be15dfd844c,server/model/items/ItemAssistant.java,deleteItem
12acfc45-bdfb-4343-9004-9be15dfd844c,server/model/players/combat/magic/NonCombatSpells.java,playerAlching,->,12acfc45-bdfb-4343-9004-9be15dfd844c,server/model/players/Client.java,getItems
12acfc45-bdfb-4343-9004-9be15dfd844c,server/model/players/combat/magic/NonCombatSpells.java,playerAlching,->,12acfc45-bdfb-4343-9004-9be15dfd844c,server/model/players/Client.java,getShops
12acfc45-bdfb-4343-9004-9be15dfd844c,server/model/players/combat/magic/NonCombatSpells.java,playerAlching,->,12acfc45-bdfb-4343-9004-9be15dfd844c,server/model/shops/ShopAssistant.java,getItemShopValue
12acfc45-bdfb-4343-9004-9be15dfd844c,server/model/players/combat/magic/NonCombatSpells.java,playerAlching,->,12acfc45-bdfb-4343-9004-9be15dfd844c,server/model/items/ItemAssistant.java,addItem
12acfc45-bdfb-4343-9004-9be15dfd844c,server/model/players/combat/magic/NonCombatSpells.java,playerAlching,->,12acfc45-bdfb-4343-9004-9be15dfd844c,server/model/players/Client.java,startAnimation
12acfc45-bdfb-4343-9004-9be15dfd844c,server/model/players/combat/magic/NonCombatSpells.java,playerAlching,->,12acfc45-bdfb-4343-9004-9be15dfd844c,server/model/players/Client.java,gfx100
12acfc45-bdfb-4343-9004-9be15dfd844c,server/model/players/combat/magic/NonCombatSpells.java,playerAlching,->,12acfc45-bdfb-4343-9004-9be15dfd844c,java/lang/System.java,currentTimeMillis
12acfc45-bdfb-4343-9004-9be15dfd844c,server/model/players/combat/magic/NonCombatSpells.java,playerAlching,->,12acfc45-bdfb-4343-9004-9be15dfd844c,server/model/players/Client.java,getPA
12acfc45-bdfb-4343-9004-9be15dfd844c,server/model/players/combat/magic/NonCombatSpells.java,playerAlching,->,12acfc45-bdfb-4343-9004-9be15dfd844c,991eb2a8-284a-4290-ae08-f54cf8834706,cf9068b8-24a5-4beb-ad0f-2965429df4e9
12acfc45-bdfb-4343-9004-9be15dfd844c,server/model/players/combat/magic/NonCombatSpells.java,playerAlching,->,12acfc45-bdfb-4343-9004-9be15dfd844c,server/model/players/Client.java,getPA
12acfc45-bdfb-4343-9004-9be15dfd844c,server/model/players/combat/magic/NonCombatSpells.java,playerAlching,->,12acfc45-bdfb-4343-9004-9be15dfd844c,991eb2a8-284a-4290-ae08-f54cf8834706,0955b7e8-1203-4e9d-8e85-6eeaf5af5ce5
12acfc45-bdfb-4343-9004-9be15dfd844c,server/model/players/combat/magic/NonCombatSpells.java,playerAlching,->,12acfc45-bdfb-4343-9004-9be15dfd844c,server/model/players/Client.java,getPA
12acfc45-bdfb-4343-9004-9be15dfd844c,server/model/players/combat/magic/NonCombatSpells.java,playerAlching,->,12acfc45-bdfb-4343-9004-9be15dfd844c,991eb2a8-284a-4290-ae08-f54cf8834706,cc581d00-f04e-4278-8aaf-0ecbd93e9b04
12acfc45-bdfb-4343-9004-9be15dfd844c,server/model/players/combat/magic/NonCombatSpells.java,playerAlching,->,12acfc45-bdfb-4343-9004-9be15dfd844c,java/lang/System.java,currentTimeMillis
12acfc45-bdfb-4343-9004-9be15dfd844c,server/model/players/combat/magic/NonCombatSpells.java,playerAlching,->,12acfc45-bdfb-4343-9004-9be15dfd844c,server/model/players/Client.java,getItems
12acfc45-bdfb-4343-9004-9be15dfd844c,server/model/players/combat/magic/NonCombatSpells.java,playerAlching,->,12acfc45-bdfb-4343-9004-9be15dfd844c,server/model/items/ItemAssistant.java,playerHasItem
12acfc45-bdfb-4343-9004-9be15dfd844c,server/model/players/combat/magic/NonCombatSpells.java,playerAlching,->,12acfc45-bdfb-4343-9004-9be15dfd844c,server/model/players/Client.java,getCombat
12acfc45-bdfb-4343-9004-9be15dfd844c,server/model/players/combat/magic/NonCombatSpells.java,playerAlching,->,12acfc45-bdfb-4343-9004-9be15dfd844c,server/model/players/CombatAssistant.java,checkMagicReqs
12acfc45-bdfb-4343-9004-9be15dfd844c,server/model/players/combat/magic/NonCombatSpells.java,playerAlching,->,12acfc45-bdfb-4343-9004-9be15dfd844c,server/model/players/Client.java,sendMessage
12acfc45-bdfb-4343-9004-9be15dfd844c,server/model/players/combat/magic/NonCombatSpells.java,playerAlching,->,12acfc45-bdfb-4343-9004-9be15dfd844c,server/model/players/Client.java,getShops
12acfc45-bdfb-4343-9004-9be15dfd844c,server/model/players/combat/magic/NonCombatSpells.java,playerAlching,->,12acfc45-bdfb-4343-9004-9be15dfd844c,server/model/shops/ShopAssistant.java,getItemShopValue
12acfc45-bdfb-4343-9004-9be15dfd844c,server/model/players/combat/magic/NonCombatSpells.java,playerAlching,->,12acfc45-bdfb-4343-9004-9be15dfd844c,server/model/players/Client.java,getItems
12acfc45-bdfb-4343-9004-9be15dfd844c,server/model/players/combat/magic/NonCombatSpells.java,playerAlching,->,12acfc45-bdfb-4343-9004-9be15dfd844c,server/model/items/ItemAssistant.java,getItemAmount
12acfc45-bdfb-4343-9004-9be15dfd844c,server/model/players/combat/magic/NonCombatSpells.java,playerAlching,->,12acfc45-bdfb-4343-9004-9be15dfd844c,server/model/players/Client.java,sendMessage
12acfc45-bdfb-4343-9004-9be15dfd844c,server/model/players/combat/magic/NonCombatSpells.java,playerAlching,->,12acfc45-bdfb-4343-9004-9be15dfd844c,server/model/players/Client.java,getItems
12acfc45-bdfb-4343-9004-9be15dfd844c,server/model/players/combat/magic/NonCombatSpells.java,playerAlching,->,12acfc45-bdfb-4343-9004-9be15dfd844c,server/model/items/ItemAssistant.java,playerHasItem
12acfc45-bdfb-4343-9004-9be15dfd844c,server/model/players/combat/magic/NonCombatSpells.java,playerAlching,->,12acfc45-bdfb-4343-9004-9be15dfd844c,server/model/players/Client.java,getItems
12acfc45-bdfb-4343-9004-9be15dfd844c,server/model/players/combat/magic/NonCombatSpells.java,playerAlching,->,12acfc45-bdfb-4343-9004-9be15dfd844c,server/model/items/ItemAssistant.java,deleteItem
12acfc45-bdfb-4343-9004-9be15dfd844c,server/model/players/combat/magic/NonCombatSpells.java,playerAlching,->,12acfc45-bdfb-4343-9004-9be15dfd844c,server/model/players/Client.java,getItems
12acfc45-bdfb-4343-9004-9be15dfd844c,server/model/players/combat/magic/NonCombatSpells.java,playerAlching,->,12acfc45-bdfb-4343-9004-9be15dfd844c,server/model/players/Client.java,getShops
12acfc45-bdfb-4343-9004-9be15dfd844c,server/model/players/combat/magic/NonCombatSpells.java,playerAlching,->,12acfc45-bdfb-4343-9004-9be15dfd844c,server/model/shops/ShopAssistant.java,getItemShopValue
12acfc45-bdfb-4343-9004-9be15dfd844c,server/model/players/combat/magic/NonCombatSpells.java,playerAlching,->,12acfc45-bdfb-4343-9004-9be15dfd844c,server/model/items/ItemAssistant.java,addItem
12acfc45-bdfb-4343-9004-9be15dfd844c,server/model/players/combat/magic/NonCombatSpells.java,playerAlching,->,12acfc45-bdfb-4343-9004-9be15dfd844c,server/model/players/Client.java,startAnimation
12acfc45-bdfb-4343-9004-9be15dfd844c,server/model/players/combat/magic/NonCombatSpells.java,playerAlching,->,12acfc45-bdfb-4343-9004-9be15dfd844c,server/model/players/Client.java,gfx100
12acfc45-bdfb-4343-9004-9be15dfd844c,server/model/players/combat/magic/NonCombatSpells.java,playerAlching,->,12acfc45-bdfb-4343-9004-9be15dfd844c,java/lang/System.java,currentTimeMillis
12acfc45-bdfb-4343-9004-9be15dfd844c,server/model/players/combat/magic/NonCombatSpells.java,playerAlching,->,12acfc45-bdfb-4343-9004-9be15dfd844c,server/model/players/Client.java,getPA
12acfc45-bdfb-4343-9004-9be15dfd844c,server/model/players/combat/magic/NonCombatSpells.java,playerAlching,->,12acfc45-bdfb-4343-9004-9be15dfd844c,991eb2a8-284a-4290-ae08-f54cf8834706,cf9068b8-24a5-4beb-ad0f-2965429df4e9
12acfc45-bdfb-4343-9004-9be15dfd844c,server/model/players/combat/magic/NonCombatSpells.java,playerAlching,->,12acfc45-bdfb-4343-9004-9be15dfd844c,server/model/players/Client.java,getPA
12acfc45-bdfb-4343-9004-9be15dfd844c,server/model/players/combat/magic/NonCombatSpells.java,playerAlching,->,12acfc45-bdfb-4343-9004-9be15dfd844c,991eb2a8-284a-4290-ae08-f54cf8834706,0955b7e8-1203-4e9d-8e85-6eeaf5af5ce5
12acfc45-bdfb-4343-9004-9be15dfd844c,server/model/players/combat/magic/NonCombatSpells.java,playerAlching,->,12acfc45-bdfb-4343-9004-9be15dfd844c,server/model/players/Client.java,getPA
12acfc45-bdfb-4343-9004-9be15dfd844c,server/model/players/combat/magic/NonCombatSpells.java,playerAlching,->,12acfc45-bdfb-4343-9004-9be15dfd844c,991eb2a8-284a-4290-ae08-f54cf8834706,cc581d00-f04e-4278-8aaf-0ecbd93e9b04
12acfc45-bdfb-4343-9004-9be15dfd844c,server/model/players/combat/magic/MagicRequirements.java,hasRunes,->,12acfc45-bdfb-4343-9004-9be15dfd844c,server/model/players/Client.java,getItems
12acfc45-bdfb-4343-9004-9be15dfd844c,server/model/players/combat/magic/MagicRequirements.java,hasRunes,->,12acfc45-bdfb-4343-9004-9be15dfd844c,server/model/items/ItemAssistant.java,playerHasItem
12acfc45-bdfb-4343-9004-9be15dfd844c,server/model/players/combat/magic/MagicRequirements.java,hasRunes,->,12acfc45-bdfb-4343-9004-9be15dfd844c,server/model/players/Client.java,sendMessage
12acfc45-bdfb-4343-9004-9be15dfd844c,server/model/players/combat/magic/MagicRequirements.java,deleteRunes,->,12acfc45-bdfb-4343-9004-9be15dfd844c,server/model/players/Client.java,getItems
12acfc45-bdfb-4343-9004-9be15dfd844c,server/model/players/combat/magic/MagicRequirements.java,deleteRunes,->,12acfc45-bdfb-4343-9004-9be15dfd844c,server/model/players/Client.java,getItems
12acfc45-bdfb-4343-9004-9be15dfd844c,server/model/players/combat/magic/MagicRequirements.java,deleteRunes,->,12acfc45-bdfb-4343-9004-9be15dfd844c,server/model/items/ItemAssistant.java,getItemSlot
12acfc45-bdfb-4343-9004-9be15dfd844c,server/model/players/combat/magic/MagicRequirements.java,deleteRunes,->,12acfc45-bdfb-4343-9004-9be15dfd844c,server/model/items/ItemAssistant.java,deleteItem
12acfc45-bdfb-4343-9004-9be15dfd844c,server/model/players/combat/magic/MagicRequirements.java,checkMagicReqs,->,12acfc45-bdfb-4343-9004-9be15dfd844c,server/model/players/Client.java,getItems
12acfc45-bdfb-4343-9004-9be15dfd844c,server/model/players/combat/magic/MagicRequirements.java,checkMagicReqs,->,12acfc45-bdfb-4343-9004-9be15dfd844c,server/model/items/ItemAssistant.java,playerHasItem
12acfc45-bdfb-4343-9004-9be15dfd844c,server/model/players/combat/magic/MagicRequirements.java,checkMagicReqs,->,12acfc45-bdfb-4343-9004-9be15dfd844c,server/model/players/combat/magic/MagicRequirements.java,wearingStaff
12acfc45-bdfb-4343-9004-9be15dfd844c,server/model/players/combat/magic/MagicRequirements.java,checkMagicReqs,->,12acfc45-bdfb-4343-9004-9be15dfd844c,server/model/players/Client.java,getItems
12acfc45-bdfb-4343-9004-9be15dfd844c,server/model/players/combat/magic/MagicRequirements.java,checkMagicReqs,->,12acfc45-bdfb-4343-9004-9be15dfd844c,server/model/items/ItemAssistant.java,playerHasItem
12acfc45-bdfb-4343-9004-9be15dfd844c,server/model/players/combat/magic/MagicRequirements.java,checkMagicReqs,->,12acfc45-bdfb-4343-9004-9be15dfd844c,server/model/players/combat/magic/MagicRequirements.java,wearingStaff
12acfc45-bdfb-4343-9004-9be15dfd844c,server/model/players/combat/magic/MagicRequirements.java,checkMagicReqs,->,12acfc45-bdfb-4343-9004-9be15dfd844c,server/model/players/Client.java,getItems
12acfc45-bdfb-4343-9004-9be15dfd844c,server/model/players/combat/magic/MagicRequirements.java,checkMagicReqs,->,12acfc45-bdfb-4343-9004-9be15dfd844c,server/model/items/ItemAssistant.java,playerHasItem
12acfc45-bdfb-4343-9004-9be15dfd844c,server/model/players/combat/magic/MagicRequirements.java,checkMagicReqs,->,12acfc45-bdfb-4343-9004-9be15dfd844c,server/model/players/combat/magic/MagicRequirements.java,wearingStaff
12acfc45-bdfb-4343-9004-9be15dfd844c,server/model/players/combat/magic/MagicRequirements.java,checkMagicReqs,->,12acfc45-bdfb-4343-9004-9be15dfd844c,server/model/players/Client.java,getItems
12acfc45-bdfb-4343-9004-9be15dfd844c,server/model/players/combat/magic/MagicRequirements.java,checkMagicReqs,->,12acfc45-bdfb-4343-9004-9be15dfd844c,server/model/items/ItemAssistant.java,playerHasItem
12acfc45-bdfb-4343-9004-9be15dfd844c,server/model/players/combat/magic/MagicRequirements.java,checkMagicReqs,->,12acfc45-bdfb-4343-9004-9be15dfd844c,server/model/players/combat/magic/MagicRequirements.java,wearingStaff
12acfc45-bdfb-4343-9004-9be15dfd844c,server/model/players/combat/magic/MagicRequirements.java,checkMagicReqs,->,12acfc45-bdfb-4343-9004-9be15dfd844c,server/model/players/Client.java,sendMessage
12acfc45-bdfb-4343-9004-9be15dfd844c,server/model/players/combat/magic/MagicRequirements.java,checkMagicReqs,->,12acfc45-bdfb-4343-9004-9be15dfd844c,java/lang/System.java,currentTimeMillis
12acfc45-bdfb-4343-9004-9be15dfd844c,server/model/players/combat/magic/MagicRequirements.java,checkMagicReqs,->,12acfc45-bdfb-4343-9004-9be15dfd844c,server/model/players/Client.java,sendMessage
12acfc45-bdfb-4343-9004-9be15dfd844c,server/model/players/combat/magic/MagicRequirements.java,checkMagicReqs,->,12acfc45-bdfb-4343-9004-9be15dfd844c,server/model/players/Client.java,stopMovement
12acfc45-bdfb-4343-9004-9be15dfd844c,server/model/players/combat/magic/MagicRequirements.java,checkMagicReqs,->,12acfc45-bdfb-4343-9004-9be15dfd844c,server/model/players/Client.java,getCombat
12acfc45-bdfb-4343-9004-9be15dfd844c,server/model/players/combat/magic/MagicRequirements.java,checkMagicReqs,->,12acfc45-bdfb-4343-9004-9be15dfd844c,server/model/players/CombatAssistant.java,resetPlayerAttack
12acfc45-bdfb-4343-9004-9be15dfd844c,server/model/players/combat/magic/MagicRequirements.java,checkMagicReqs,->,12acfc45-bdfb-4343-9004-9be15dfd844c,server/model/players/combat/magic/MagicRequirements.java,getStaffNeeded
12acfc45-bdfb-4343-9004-9be15dfd844c,server/model/players/combat/magic/MagicRequirements.java,checkMagicReqs,->,12acfc45-bdfb-4343-9004-9be15dfd844c,java/lang/StringBuilder.java,append
12acfc45-bdfb-4343-9004-9be15dfd844c,server/model/players/combat/magic/MagicRequirements.java,checkMagicReqs,->,12acfc45-bdfb-4343-9004-9be15dfd844c,server/model/players/Client.java,getItems
12acfc45-bdfb-4343-9004-9be15dfd844c,server/model/players/combat/magic/MagicRequirements.java,checkMagicReqs,->,12acfc45-bdfb-4343-9004-9be15dfd844c,server/model/items/ItemAssistant.java,getItemName
12acfc45-bdfb-4343-9004-9be15dfd844c,server/model/players/combat/magic/MagicRequirements.java,checkMagicReqs,->,12acfc45-bdfb-4343-9004-9be15dfd844c,java/lang/String.java,toLowerCase
12acfc45-bdfb-4343-9004-9be15dfd844c,server/model/players/combat/magic/MagicRequirements.java,checkMagicReqs,->,12acfc45-bdfb-4343-9004-9be15dfd844c,java/lang/StringBuilder.java,append
12acfc45-bdfb-4343-9004-9be15dfd844c,server/model/players/combat/magic/MagicRequirements.java,checkMagicReqs,->,12acfc45-bdfb-4343-9004-9be15dfd844c,java/lang/StringBuilder.java,append
12acfc45-bdfb-4343-9004-9be15dfd844c,server/model/players/combat/magic/MagicRequirements.java,checkMagicReqs,->,12acfc45-bdfb-4343-9004-9be15dfd844c,java/lang/StringBuilder.java,toString
12acfc45-bdfb-4343-9004-9be15dfd844c,server/model/players/combat/magic/MagicRequirements.java,checkMagicReqs,->,12acfc45-bdfb-4343-9004-9be15dfd844c,server/model/players/Client.java,sendMessage
12acfc45-bdfb-4343-9004-9be15dfd844c,server/model/players/combat/magic/MagicRequirements.java,checkMagicReqs,->,12acfc45-bdfb-4343-9004-9be15dfd844c,java/lang/StringBuilder.java,append
12acfc45-bdfb-4343-9004-9be15dfd844c,server/model/players/combat/magic/MagicRequirements.java,checkMagicReqs,->,12acfc45-bdfb-4343-9004-9be15dfd844c,java/lang/StringBuilder.java,append
12acfc45-bdfb-4343-9004-9be15dfd844c,server/model/players/combat/magic/MagicRequirements.java,checkMagicReqs,->,12acfc45-bdfb-4343-9004-9be15dfd844c,java/lang/StringBuilder.java,append
12acfc45-bdfb-4343-9004-9be15dfd844c,server/model/players/combat/magic/MagicRequirements.java,checkMagicReqs,->,12acfc45-bdfb-4343-9004-9be15dfd844c,java/lang/StringBuilder.java,toString
12acfc45-bdfb-4343-9004-9be15dfd844c,server/model/players/combat/magic/MagicRequirements.java,checkMagicReqs,->,12acfc45-bdfb-4343-9004-9be15dfd844c,server/model/players/Client.java,sendMessage
12acfc45-bdfb-4343-9004-9be15dfd844c,server/model/players/combat/magic/MagicRequirements.java,checkMagicReqs,->,12acfc45-bdfb-4343-9004-9be15dfd844c,server/model/players/combat/magic/MagicRequirements.java,wearingStaff
12acfc45-bdfb-4343-9004-9be15dfd844c,server/model/players/combat/magic/MagicRequirements.java,checkMagicReqs,->,12acfc45-bdfb-4343-9004-9be15dfd844c,server/model/players/Client.java,getItems
12acfc45-bdfb-4343-9004-9be15dfd844c,server/model/players/combat/magic/MagicRequirements.java,checkMagicReqs,->,12acfc45-bdfb-4343-9004-9be15dfd844c,server/model/players/Client.java,getItems
12acfc45-bdfb-4343-9004-9be15dfd844c,server/model/players/combat/magic/MagicRequirements.java,checkMagicReqs,->,12acfc45-bdfb-4343-9004-9be15dfd844c,server/model/items/ItemAssistant.java,getItemSlot
12acfc45-bdfb-4343-9004-9be15dfd844c,server/model/players/combat/magic/MagicRequirements.java,checkMagicReqs,->,12acfc45-bdfb-4343-9004-9be15dfd844c,server/model/items/ItemAssistant.java,deleteItem
12acfc45-bdfb-4343-9004-9be15dfd844c,server/model/players/combat/magic/MagicRequirements.java,checkMagicReqs,->,12acfc45-bdfb-4343-9004-9be15dfd844c,server/model/players/combat/magic/MagicRequirements.java,wearingStaff
12acfc45-bdfb-4343-9004-9be15dfd844c,server/model/players/combat/magic/MagicRequirements.java,checkMagicReqs,->,12acfc45-bdfb-4343-9004-9be15dfd844c,server/model/players/Client.java,getItems
12acfc45-bdfb-4343-9004-9be15dfd844c,server/model/players/combat/magic/MagicRequirements.java,checkMagicReqs,->,12acfc45-bdfb-4343-9004-9be15dfd844c,server/model/players/Client.java,getItems
12acfc45-bdfb-4343-9004-9be15dfd844c,server/model/players/combat/magic/MagicRequirements.java,checkMagicReqs,->,12acfc45-bdfb-4343-9004-9be15dfd844c,server/model/items/ItemAssistant.java,getItemSlot
12acfc45-bdfb-4343-9004-9be15dfd844c,server/model/players/combat/magic/MagicRequirements.java,checkMagicReqs,->,12acfc45-bdfb-4343-9004-9be15dfd844c,server/model/items/ItemAssistant.java,deleteItem
12acfc45-bdfb-4343-9004-9be15dfd844c,server/model/players/combat/magic/MagicRequirements.java,checkMagicReqs,->,12acfc45-bdfb-4343-9004-9be15dfd844c,server/model/players/combat/magic/MagicRequirements.java,wearingStaff
12acfc45-bdfb-4343-9004-9be15dfd844c,server/model/players/combat/magic/MagicRequirements.java,checkMagicReqs,->,12acfc45-bdfb-4343-9004-9be15dfd844c,server/model/players/Client.java,getItems
12acfc45-bdfb-4343-9004-9be15dfd844c,server/model/players/combat/magic/MagicRequirements.java,checkMagicReqs,->,12acfc45-bdfb-4343-9004-9be15dfd844c,server/model/players/Client.java,getItems
12acfc45-bdfb-4343-9004-9be15dfd844c,server/model/players/combat/magic/MagicRequirements.java,checkMagicReqs,->,12acfc45-bdfb-4343-9004-9be15dfd844c,server/model/items/ItemAssistant.java,getItemSlot
12acfc45-bdfb-4343-9004-9be15dfd844c,server/model/players/combat/magic/MagicRequirements.java,checkMagicReqs,->,12acfc45-bdfb-4343-9004-9be15dfd844c,server/model/items/ItemAssistant.java,deleteItem
12acfc45-bdfb-4343-9004-9be15dfd844c,server/model/players/combat/magic/MagicRequirements.java,checkMagicReqs,->,12acfc45-bdfb-4343-9004-9be15dfd844c,server/model/players/combat/magic/MagicRequirements.java,wearingStaff
12acfc45-bdfb-4343-9004-9be15dfd844c,server/model/players/combat/magic/MagicRequirements.java,checkMagicReqs,->,12acfc45-bdfb-4343-9004-9be15dfd844c,server/model/players/Client.java,getItems
12acfc45-bdfb-4343-9004-9be15dfd844c,server/model/players/combat/magic/MagicRequirements.java,checkMagicReqs,->,12acfc45-bdfb-4343-9004-9be15dfd844c,server/model/players/Client.java,getItems
12acfc45-bdfb-4343-9004-9be15dfd844c,server/model/players/combat/magic/MagicRequirements.java,checkMagicReqs,->,12acfc45-bdfb-4343-9004-9be15dfd844c,server/model/items/ItemAssistant.java,getItemSlot
12acfc45-bdfb-4343-9004-9be15dfd844c,server/model/players/combat/magic/MagicRequirements.java,checkMagicReqs,->,12acfc45-bdfb-4343-9004-9be15dfd844c,server/model/items/ItemAssistant.java,deleteItem
12acfc45-bdfb-4343-9004-9be15dfd844c,server/model/players/combat/magic/MagicMaxHit.java,mageAttack,->,12acfc45-bdfb-4343-9004-9be15dfd844c,server/model/players/Client.java,fullVoidMage
12acfc45-bdfb-4343-9004-9be15dfd844c,server/model/players/combat/magic/MagicMaxHit.java,mageAttack,->,12acfc45-bdfb-4343-9004-9be15dfd844c,server/model/players/Client.java,getLevelForXP
12acfc45-bdfb-4343-9004-9be15dfd844c,server/model/players/combat/magic/MagicMaxHit.java,mageDefefence,->,12acfc45-bdfb-4343-9004-9be15dfd844c,server/model/players/Client.java,getLevelForXP
12acfc45-bdfb-4343-9004-9be15dfd844c,server/model/players/combat/magic/MagicMaxHit.java,mageDefefence,->,12acfc45-bdfb-4343-9004-9be15dfd844c,server/model/players/Client.java,getLevelForXP
12acfc45-bdfb-4343-9004-9be15dfd844c,server/model/players/combat/magic/MagicMaxHit.java,mageDefefence,->,12acfc45-bdfb-4343-9004-9be15dfd844c,server/model/players/Client.java,getLevelForXP
12acfc45-bdfb-4343-9004-9be15dfd844c,server/model/players/combat/magic/MagicMaxHit.java,mageDefefence,->,12acfc45-bdfb-4343-9004-9be15dfd844c,server/model/players/Client.java,getLevelForXP
12acfc45-bdfb-4343-9004-9be15dfd844c,server/model/players/combat/magic/MagicMaxHit.java,mageDefefence,->,12acfc45-bdfb-4343-9004-9be15dfd844c,server/model/players/Client.java,getLevelForXP
12acfc45-bdfb-4343-9004-9be15dfd844c,server/model/players/combat/magic/MagicMaxHit.java,magiMaxHit,->,12acfc45-bdfb-4343-9004-9be15dfd844c,server/model/players/Client.java,getLevelForXP
12acfc45-bdfb-4343-9004-9be15dfd844c,server/model/players/combat/magic/MagicMaxHit.java,magiMaxHit,->,12acfc45-bdfb-4343-9004-9be15dfd844c,server/model/players/Client.java,getLevelForXP
12acfc45-bdfb-4343-9004-9be15dfd844c,server/model/players/combat/magic/CastOnOther$1.java,execute,->,12acfc45-bdfb-4343-9004-9be15dfd844c,server/model/players/Client.java,startAnimation
12acfc45-bdfb-4343-9004-9be15dfd844c,server/model/players/combat/magic/CastOnOther$1.java,execute,->,12acfc45-bdfb-4343-9004-9be15dfd844c,6dd0c5db-72ba-4498-883f-a3c8c3333519,2c14e4eb-2b3e-4056-bf8e-5218f96f0ad5
12acfc45-bdfb-4343-9004-9be15dfd844c,server/model/players/combat/magic/MagicExtras.java,multiSpellEffectNPC,->,12acfc45-bdfb-4343-9004-9be15dfd844c,server/model/players/Client.java,getCombat
12acfc45-bdfb-4343-9004-9be15dfd844c,server/model/players/combat/magic/MagicExtras.java,multiSpellEffectNPC,->,12acfc45-bdfb-4343-9004-9be15dfd844c,server/model/players/CombatAssistant.java,getFreezeTime
12acfc45-bdfb-4343-9004-9be15dfd844c,server/model/players/combat/magic/MagicExtras.java,checkMultiBarrageReqs,->,12acfc45-bdfb-4343-9004-9be15dfd844c,server/model/players/Player.java,inWild
12acfc45-bdfb-4343-9004-9be15dfd844c,server/model/players/combat/magic/MagicExtras.java,checkMultiBarrageReqs,->,12acfc45-bdfb-4343-9004-9be15dfd844c,server/model/players/Client.java,getCombat
12acfc45-bdfb-4343-9004-9be15dfd844c,server/model/players/combat/magic/MagicExtras.java,checkMultiBarrageReqs,->,12acfc45-bdfb-4343-9004-9be15dfd844c,server/model/players/CombatAssistant.java,getCombatDifference
12acfc45-bdfb-4343-9004-9be15dfd844c,server/model/players/combat/magic/MagicExtras.java,checkMultiBarrageReqs,->,12acfc45-bdfb-4343-9004-9be15dfd844c,server/model/players/Client.java,sendMessage
12acfc45-bdfb-4343-9004-9be15dfd844c,server/model/players/combat/magic/MagicExtras.java,checkMultiBarrageReqs,->,12acfc45-bdfb-4343-9004-9be15dfd844c,server/model/players/Player.java,inMulti
12acfc45-bdfb-4343-9004-9be15dfd844c,server/model/players/combat/magic/MagicExtras.java,checkMultiBarrageReqs,->,12acfc45-bdfb-4343-9004-9be15dfd844c,server/model/players/Client.java,sendMessage
12acfc45-bdfb-4343-9004-9be15dfd844c,server/model/players/combat/magic/MagicExtras.java,appendMultiBarrageNPC,->,12acfc45-bdfb-4343-9004-9be15dfd844c,server/model/players/combat/magic/MagicExtras.java,checkMultiBarrageReqsNPC
12acfc45-bdfb-4343-9004-9be15dfd844c,server/model/players/combat/magic/MagicExtras.java,appendMultiBarrageNPC,->,12acfc45-bdfb-4343-9004-9be15dfd844c,server/model/players/Client.java,getCombat
12acfc45-bdfb-4343-9004-9be15dfd844c,server/model/players/combat/magic/MagicExtras.java,appendMultiBarrageNPC,->,12acfc45-bdfb-4343-9004-9be15dfd844c,server/model/players/CombatAssistant.java,mageAtk
12acfc45-bdfb-4343-9004-9be15dfd844c,server/model/players/combat/magic/MagicExtras.java,appendMultiBarrageNPC,->,12acfc45-bdfb-4343-9004-9be15dfd844c,2c89cfe4-ed6d-446f-832b-3c203feb3155,12264cea-e176-47b1-b1bb-e3a14dc18d35
12acfc45-bdfb-4343-9004-9be15dfd844c,server/model/players/combat/magic/MagicExtras.java,appendMultiBarrageNPC,->,12acfc45-bdfb-4343-9004-9be15dfd844c,server/model/players/Client.java,getCombat
12acfc45-bdfb-4343-9004-9be15dfd844c,server/model/players/combat/magic/MagicExtras.java,appendMultiBarrageNPC,->,12acfc45-bdfb-4343-9004-9be15dfd844c,server/model/players/CombatAssistant.java,mageDef
12acfc45-bdfb-4343-9004-9be15dfd844c,server/model/players/combat/magic/MagicExtras.java,appendMultiBarrageNPC,->,12acfc45-bdfb-4343-9004-9be15dfd844c,2c89cfe4-ed6d-446f-832b-3c203feb3155,12264cea-e176-47b1-b1bb-e3a14dc18d35
12acfc45-bdfb-4343-9004-9be15dfd844c,server/model/players/combat/magic/MagicExtras.java,appendMultiBarrageNPC,->,12acfc45-bdfb-4343-9004-9be15dfd844c,server/model/players/Client.java,getCombat
12acfc45-bdfb-4343-9004-9be15dfd844c,server/model/players/combat/magic/MagicExtras.java,appendMultiBarrageNPC,->,12acfc45-bdfb-4343-9004-9be15dfd844c,server/model/players/CombatAssistant.java,getEndGfxHeight
12acfc45-bdfb-4343-9004-9be15dfd844c,server/model/players/combat/magic/MagicExtras.java,appendMultiBarrageNPC,->,12acfc45-bdfb-4343-9004-9be15dfd844c,5849ef3e-9280-4348-a3c8-451a741eecc1,2afe644b-e2ff-4265-8d55-cc4b5e27265a
12acfc45-bdfb-4343-9004-9be15dfd844c,server/model/players/combat/magic/MagicExtras.java,appendMultiBarrageNPC,->,12acfc45-bdfb-4343-9004-9be15dfd844c,5849ef3e-9280-4348-a3c8-451a741eecc1,84740295-c2f2-49ed-a58e-a4410ecd1229
12acfc45-bdfb-4343-9004-9be15dfd844c,server/model/players/combat/magic/MagicExtras.java,appendMultiBarrageNPC,->,12acfc45-bdfb-4343-9004-9be15dfd844c,server/model/players/Client.java,getCombat
12acfc45-bdfb-4343-9004-9be15dfd844c,server/model/players/combat/magic/MagicExtras.java,appendMultiBarrageNPC,->,12acfc45-bdfb-4343-9004-9be15dfd844c,server/model/players/CombatAssistant.java,magicMaxHit
12acfc45-bdfb-4343-9004-9be15dfd844c,server/model/players/combat/magic/MagicExtras.java,appendMultiBarrageNPC,->,12acfc45-bdfb-4343-9004-9be15dfd844c,2c89cfe4-ed6d-446f-832b-3c203feb3155,12264cea-e176-47b1-b1bb-e3a14dc18d35
12acfc45-bdfb-4343-9004-9be15dfd844c,server/model/players/combat/magic/MagicExtras.java,appendMultiBarrageNPC,->,12acfc45-bdfb-4343-9004-9be15dfd844c,5849ef3e-9280-4348-a3c8-451a741eecc1,9ca30721-4f47-4e06-9a54-49ed8ef5be5e
12acfc45-bdfb-4343-9004-9be15dfd844c,server/model/players/combat/magic/MagicExtras.java,appendMultiBarrageNPC,->,12acfc45-bdfb-4343-9004-9be15dfd844c,5849ef3e-9280-4348-a3c8-451a741eecc1,b91306de-2ca3-49de-8599-56012fcb8c9f
12acfc45-bdfb-4343-9004-9be15dfd844c,server/model/players/combat/magic/MagicExtras.java,appendMultiBarrageNPC,->,12acfc45-bdfb-4343-9004-9be15dfd844c,server/model/players/Client.java,getCombat
12acfc45-bdfb-4343-9004-9be15dfd844c,server/model/players/combat/magic/MagicExtras.java,appendMultiBarrageNPC,->,12acfc45-bdfb-4343-9004-9be15dfd844c,server/model/players/CombatAssistant.java,multiSpellEffectNPC
12acfc45-bdfb-4343-9004-9be15dfd844c,server/model/players/combat/magic/MagicExtras.java,appendMultiBarrageNPC,->,12acfc45-bdfb-4343-9004-9be15dfd844c,server/model/players/Client.java,getCombat
12acfc45-bdfb-4343-9004-9be15dfd844c,server/model/players/combat/magic/MagicExtras.java,appendMultiBarrageNPC,->,12acfc45-bdfb-4343-9004-9be15dfd844c,server/model/players/CombatAssistant.java,multiSpellEffectNPC
12acfc45-bdfb-4343-9004-9be15dfd844c,server/model/players/combat/magic/MagicExtras.java,appendMultiBarrageNPC,->,12acfc45-bdfb-4343-9004-9be15dfd844c,5849ef3e-9280-4348-a3c8-451a741eecc1,2afe644b-e2ff-4265-8d55-cc4b5e27265a
12acfc45-bdfb-4343-9004-9be15dfd844c,server/model/players/combat/magic/MagicExtras.java,multiSpellEffect,->,12acfc45-bdfb-4343-9004-9be15dfd844c,java/lang/System.java,currentTimeMillis
12acfc45-bdfb-4343-9004-9be15dfd844c,server/model/players/combat/magic/MagicExtras.java,multiSpellEffect,->,12acfc45-bdfb-4343-9004-9be15dfd844c,java/lang/System.java,currentTimeMillis
12acfc45-bdfb-4343-9004-9be15dfd844c,server/model/players/combat/magic/MagicExtras.java,multiSpellEffect,->,12acfc45-bdfb-4343-9004-9be15dfd844c,server/model/players/Player.java,getLevelForXP
12acfc45-bdfb-4343-9004-9be15dfd844c,server/model/players/combat/magic/MagicExtras.java,multiSpellEffect,->,12acfc45-bdfb-4343-9004-9be15dfd844c,server/model/players/Client.java,getPA
12acfc45-bdfb-4343-9004-9be15dfd844c,server/model/players/combat/magic/MagicExtras.java,multiSpellEffect,->,12acfc45-bdfb-4343-9004-9be15dfd844c,991eb2a8-284a-4290-ae08-f54cf8834706,26ef4ae0-57cb-4083-a56f-eaf4b81cb1ad
12acfc45-bdfb-4343-9004-9be15dfd844c,server/model/players/combat/magic/MagicExtras.java,multiSpellEffect,->,12acfc45-bdfb-4343-9004-9be15dfd844c,server/model/players/Client.java,getPA
12acfc45-bdfb-4343-9004-9be15dfd844c,server/model/players/combat/magic/MagicExtras.java,multiSpellEffect,->,12acfc45-bdfb-4343-9004-9be15dfd844c,991eb2a8-284a-4290-ae08-f54cf8834706,26ef4ae0-57cb-4083-a56f-eaf4b81cb1ad
12acfc45-bdfb-4343-9004-9be15dfd844c,server/model/players/combat/magic/MagicExtras.java,multiSpellEffect,->,12acfc45-bdfb-4343-9004-9be15dfd844c,server/model/players/Client.java,getPA
12acfc45-bdfb-4343-9004-9be15dfd844c,server/model/players/combat/magic/MagicExtras.java,multiSpellEffect,->,12acfc45-bdfb-4343-9004-9be15dfd844c,991eb2a8-284a-4290-ae08-f54cf8834706,cc581d00-f04e-4278-8aaf-0ecbd93e9b04
12acfc45-bdfb-4343-9004-9be15dfd844c,server/model/players/combat/magic/MagicExtras.java,multiSpellEffect,->,12acfc45-bdfb-4343-9004-9be15dfd844c,server/model/players/Client.java,getCombat
12acfc45-bdfb-4343-9004-9be15dfd844c,server/model/players/combat/magic/MagicExtras.java,multiSpellEffect,->,12acfc45-bdfb-4343-9004-9be15dfd844c,server/model/players/CombatAssistant.java,getFreezeTime
12acfc45-bdfb-4343-9004-9be15dfd844c,server/model/players/combat/magic/MagicExtras.java,multiSpellEffect,->,12acfc45-bdfb-4343-9004-9be15dfd844c,server/model/players/Player.java,stopMovement
12acfc45-bdfb-4343-9004-9be15dfd844c,server/model/players/combat/magic/MagicExtras.java,appendMultiBarrage,->,12acfc45-bdfb-4343-9004-9be15dfd844c,server/model/players/Client.java,getCombat
12acfc45-bdfb-4343-9004-9be15dfd844c,server/model/players/combat/magic/MagicExtras.java,appendMultiBarrage,->,12acfc45-bdfb-4343-9004-9be15dfd844c,server/model/players/CombatAssistant.java,checkMultiBarrageReqs
12acfc45-bdfb-4343-9004-9be15dfd844c,server/model/players/combat/magic/MagicExtras.java,appendMultiBarrage,->,12acfc45-bdfb-4343-9004-9be15dfd844c,server/model/players/Client.java,getCombat
12acfc45-bdfb-4343-9004-9be15dfd844c,server/model/players/combat/magic/MagicExtras.java,appendMultiBarrage,->,12acfc45-bdfb-4343-9004-9be15dfd844c,server/model/players/CombatAssistant.java,mageAtk
12acfc45-bdfb-4343-9004-9be15dfd844c,server/model/players/combat/magic/MagicExtras.java,appendMultiBarrage,->,12acfc45-bdfb-4343-9004-9be15dfd844c,2c89cfe4-ed6d-446f-832b-3c203feb3155,12264cea-e176-47b1-b1bb-e3a14dc18d35
12acfc45-bdfb-4343-9004-9be15dfd844c,server/model/players/combat/magic/MagicExtras.java,appendMultiBarrage,->,12acfc45-bdfb-4343-9004-9be15dfd844c,server/model/players/Client.java,getCombat
12acfc45-bdfb-4343-9004-9be15dfd844c,server/model/players/combat/magic/MagicExtras.java,appendMultiBarrage,->,12acfc45-bdfb-4343-9004-9be15dfd844c,server/model/players/CombatAssistant.java,mageDef
12acfc45-bdfb-4343-9004-9be15dfd844c,server/model/players/combat/magic/MagicExtras.java,appendMultiBarrage,->,12acfc45-bdfb-4343-9004-9be15dfd844c,2c89cfe4-ed6d-446f-832b-3c203feb3155,12264cea-e176-47b1-b1bb-e3a14dc18d35
12acfc45-bdfb-4343-9004-9be15dfd844c,server/model/players/combat/magic/MagicExtras.java,appendMultiBarrage,->,12acfc45-bdfb-4343-9004-9be15dfd844c,server/model/players/Client.java,getCombat
12acfc45-bdfb-4343-9004-9be15dfd844c,server/model/players/combat/magic/MagicExtras.java,appendMultiBarrage,->,12acfc45-bdfb-4343-9004-9be15dfd844c,server/model/players/CombatAssistant.java,getEndGfxHeight
12acfc45-bdfb-4343-9004-9be15dfd844c,server/model/players/combat/magic/MagicExtras.java,appendMultiBarrage,->,12acfc45-bdfb-4343-9004-9be15dfd844c,server/model/players/Client.java,gfx100
12acfc45-bdfb-4343-9004-9be15dfd844c,server/model/players/combat/magic/MagicExtras.java,appendMultiBarrage,->,12acfc45-bdfb-4343-9004-9be15dfd844c,server/model/players/Client.java,gfx0
12acfc45-bdfb-4343-9004-9be15dfd844c,server/model/players/combat/magic/MagicExtras.java,appendMultiBarrage,->,12acfc45-bdfb-4343-9004-9be15dfd844c,server/model/players/Client.java,getCombat
12acfc45-bdfb-4343-9004-9be15dfd844c,server/model/players/combat/magic/MagicExtras.java,appendMultiBarrage,->,12acfc45-bdfb-4343-9004-9be15dfd844c,server/model/players/CombatAssistant.java,magicMaxHit
12acfc45-bdfb-4343-9004-9be15dfd844c,server/model/players/combat/magic/MagicExtras.java,appendMultiBarrage,->,12acfc45-bdfb-4343-9004-9be15dfd844c,2c89cfe4-ed6d-446f-832b-3c203feb3155,12264cea-e176-47b1-b1bb-e3a14dc18d35
12acfc45-bdfb-4343-9004-9be15dfd844c,server/model/players/combat/magic/MagicExtras.java,appendMultiBarrage,->,12acfc45-bdfb-4343-9004-9be15dfd844c,server/model/players/Client.java,getPA
12acfc45-bdfb-4343-9004-9be15dfd844c,server/model/players/combat/magic/MagicExtras.java,appendMultiBarrage,->,12acfc45-bdfb-4343-9004-9be15dfd844c,991eb2a8-284a-4290-ae08-f54cf8834706,0955b7e8-1203-4e9d-8e85-6eeaf5af5ce5
12acfc45-bdfb-4343-9004-9be15dfd844c,server/model/players/combat/magic/MagicExtras.java,appendMultiBarrage,->,12acfc45-bdfb-4343-9004-9be15dfd844c,server/model/players/Client.java,getPA
12acfc45-bdfb-4343-9004-9be15dfd844c,server/model/players/combat/magic/MagicExtras.java,appendMultiBarrage,->,12acfc45-bdfb-4343-9004-9be15dfd844c,991eb2a8-284a-4290-ae08-f54cf8834706,0955b7e8-1203-4e9d-8e85-6eeaf5af5ce5
12acfc45-bdfb-4343-9004-9be15dfd844c,server/model/players/combat/magic/MagicExtras.java,appendMultiBarrage,->,12acfc45-bdfb-4343-9004-9be15dfd844c,server/model/players/Player.java,handleHitMask
12acfc45-bdfb-4343-9004-9be15dfd844c,server/model/players/combat/magic/MagicExtras.java,appendMultiBarrage,->,12acfc45-bdfb-4343-9004-9be15dfd844c,server/model/players/Player.java,dealDamage
12acfc45-bdfb-4343-9004-9be15dfd844c,server/model/players/combat/magic/MagicExtras.java,appendMultiBarrage,->,12acfc45-bdfb-4343-9004-9be15dfd844c,server/model/players/Client.java,getPA
12acfc45-bdfb-4343-9004-9be15dfd844c,server/model/players/combat/magic/MagicExtras.java,appendMultiBarrage,->,12acfc45-bdfb-4343-9004-9be15dfd844c,991eb2a8-284a-4290-ae08-f54cf8834706,cc581d00-f04e-4278-8aaf-0ecbd93e9b04
12acfc45-bdfb-4343-9004-9be15dfd844c,server/model/players/combat/magic/MagicExtras.java,appendMultiBarrage,->,12acfc45-bdfb-4343-9004-9be15dfd844c,server/model/players/Client.java,getCombat
12acfc45-bdfb-4343-9004-9be15dfd844c,server/model/players/combat/magic/MagicExtras.java,appendMultiBarrage,->,12acfc45-bdfb-4343-9004-9be15dfd844c,server/model/players/CombatAssistant.java,multiSpellEffect
12acfc45-bdfb-4343-9004-9be15dfd844c,server/model/players/combat/magic/MagicExtras.java,appendMultiBarrage,->,12acfc45-bdfb-4343-9004-9be15dfd844c,server/model/players/Client.java,gfx100
12acfc45-bdfb-4343-9004-9be15dfd844c,server/model/players/combat/AttackPlayer.java,applyPlayerHit,->,12acfc45-bdfb-4343-9004-9be15dfd844c,server/model/players/Client.java,getCombat
12acfc45-bdfb-4343-9004-9be15dfd844c,server/model/players/combat/AttackPlayer.java,applyPlayerHit,->,12acfc45-bdfb-4343-9004-9be15dfd844c,server/model/players/Client.java,getCombat
12acfc45-bdfb-4343-9004-9be15dfd844c,server/model/players/combat/AttackPlayer.java,applyPlayerHit,->,12acfc45-bdfb-4343-9004-9be15dfd844c,server/model/players/CombatAssistant.java,calculateMeleeMaxHit
12acfc45-bdfb-4343-9004-9be15dfd844c,server/model/players/combat/AttackPlayer.java,applyPlayerHit,->,12acfc45-bdfb-4343-9004-9be15dfd844c,2c89cfe4-ed6d-446f-832b-3c203feb3155,12264cea-e176-47b1-b1bb-e3a14dc18d35
12acfc45-bdfb-4343-9004-9be15dfd844c,server/model/players/combat/AttackPlayer.java,applyPlayerHit,->,12acfc45-bdfb-4343-9004-9be15dfd844c,server/model/players/CombatAssistant.java,applyPlayerMeleeDamage
12acfc45-bdfb-4343-9004-9be15dfd844c,server/model/players/combat/AttackPlayer.java,applyPlayerHit,->,12acfc45-bdfb-4343-9004-9be15dfd844c,server/model/players/Client.java,getCombat
12acfc45-bdfb-4343-9004-9be15dfd844c,server/model/players/combat/AttackPlayer.java,applyPlayerHit,->,12acfc45-bdfb-4343-9004-9be15dfd844c,server/model/players/Client.java,getCombat
12acfc45-bdfb-4343-9004-9be15dfd844c,server/model/players/combat/AttackPlayer.java,applyPlayerHit,->,12acfc45-bdfb-4343-9004-9be15dfd844c,server/model/players/CombatAssistant.java,calculateMeleeMaxHit
12acfc45-bdfb-4343-9004-9be15dfd844c,server/model/players/combat/AttackPlayer.java,applyPlayerHit,->,12acfc45-bdfb-4343-9004-9be15dfd844c,2c89cfe4-ed6d-446f-832b-3c203feb3155,12264cea-e176-47b1-b1bb-e3a14dc18d35
12acfc45-bdfb-4343-9004-9be15dfd844c,server/model/players/combat/AttackPlayer.java,applyPlayerHit,->,12acfc45-bdfb-4343-9004-9be15dfd844c,server/model/players/CombatAssistant.java,applyPlayerMeleeDamage
12acfc45-bdfb-4343-9004-9be15dfd844c,server/model/players/combat/AttackPlayer.java,applyPlayerHit,->,12acfc45-bdfb-4343-9004-9be15dfd844c,3ab0cc49-78c3-45ed-a03a-f251199dfbb9,3d27faf4-0319-4d3d-b558-10d40da17fd8
12acfc45-bdfb-4343-9004-9be15dfd844c,server/model/players/combat/AttackPlayer.java,applyPlayerHit,->,12acfc45-bdfb-4343-9004-9be15dfd844c,3ab0cc49-78c3-45ed-a03a-f251199dfbb9,d719c34b-e0d2-473f-8e9a-936cfc6b4522
12acfc45-bdfb-4343-9004-9be15dfd844c,server/model/players/combat/AttackPlayer.java,applyPlayerHit,->,12acfc45-bdfb-4343-9004-9be15dfd844c,server/model/players/Client.java,getPA
12acfc45-bdfb-4343-9004-9be15dfd844c,server/model/players/combat/AttackPlayer.java,applyPlayerHit,->,12acfc45-bdfb-4343-9004-9be15dfd844c,server/model/players/Client.java,getCombat
12acfc45-bdfb-4343-9004-9be15dfd844c,server/model/players/combat/AttackPlayer.java,applyPlayerHit,->,12acfc45-bdfb-4343-9004-9be15dfd844c,server/model/players/CombatAssistant.java,calculateMeleeMaxHit
12acfc45-bdfb-4343-9004-9be15dfd844c,server/model/players/combat/AttackPlayer.java,applyPlayerHit,->,12acfc45-bdfb-4343-9004-9be15dfd844c,2c89cfe4-ed6d-446f-832b-3c203feb3155,12264cea-e176-47b1-b1bb-e3a14dc18d35
12acfc45-bdfb-4343-9004-9be15dfd844c,server/model/players/combat/AttackPlayer.java,applyPlayerHit,->,12acfc45-bdfb-4343-9004-9be15dfd844c,991eb2a8-284a-4290-ae08-f54cf8834706,de1089c4-eadd-4349-8461-af0a0f102ba4
12acfc45-bdfb-4343-9004-9be15dfd844c,server/model/players/combat/AttackPlayer.java,applyPlayerMeleeDamage,->,12acfc45-bdfb-4343-9004-9be15dfd844c,server/model/players/Client.java,getPA
12acfc45-bdfb-4343-9004-9be15dfd844c,server/model/players/combat/AttackPlayer.java,applyPlayerMeleeDamage,->,12acfc45-bdfb-4343-9004-9be15dfd844c,991eb2a8-284a-4290-ae08-f54cf8834706,c1eb2031-31b9-4f25-b339-71d230a3bfc8
12acfc45-bdfb-4343-9004-9be15dfd844c,server/model/players/combat/AttackPlayer.java,applyPlayerMeleeDamage,->,12acfc45-bdfb-4343-9004-9be15dfd844c,2c89cfe4-ed6d-446f-832b-3c203feb3155,12264cea-e176-47b1-b1bb-e3a14dc18d35
12acfc45-bdfb-4343-9004-9be15dfd844c,server/model/players/combat/AttackPlayer.java,applyPlayerMeleeDamage,->,12acfc45-bdfb-4343-9004-9be15dfd844c,server/model/players/Client.java,getPA
12acfc45-bdfb-4343-9004-9be15dfd844c,server/model/players/combat/AttackPlayer.java,applyPlayerMeleeDamage,->,12acfc45-bdfb-4343-9004-9be15dfd844c,991eb2a8-284a-4290-ae08-f54cf8834706,3477be3a-50d8-4c63-b3ff-6389ed32c735
12acfc45-bdfb-4343-9004-9be15dfd844c,server/model/players/combat/AttackPlayer.java,applyPlayerMeleeDamage,->,12acfc45-bdfb-4343-9004-9be15dfd844c,2c89cfe4-ed6d-446f-832b-3c203feb3155,12264cea-e176-47b1-b1bb-e3a14dc18d35
12acfc45-bdfb-4343-9004-9be15dfd844c,server/model/players/combat/AttackPlayer.java,applyPlayerMeleeDamage,->,12acfc45-bdfb-4343-9004-9be15dfd844c,server/model/players/Client.java,getCombat
12acfc45-bdfb-4343-9004-9be15dfd844c,server/model/players/combat/AttackPlayer.java,applyPlayerMeleeDamage,->,12acfc45-bdfb-4343-9004-9be15dfd844c,server/model/players/CombatAssistant.java,calculateMeleeDefence
12acfc45-bdfb-4343-9004-9be15dfd844c,server/model/players/combat/AttackPlayer.java,applyPlayerMeleeDamage,->,12acfc45-bdfb-4343-9004-9be15dfd844c,2c89cfe4-ed6d-446f-832b-3c203feb3155,12264cea-e176-47b1-b1bb-e3a14dc18d35
12acfc45-bdfb-4343-9004-9be15dfd844c,server/model/players/combat/AttackPlayer.java,applyPlayerMeleeDamage,->,12acfc45-bdfb-4343-9004-9be15dfd844c,server/model/players/Client.java,getCombat
12acfc45-bdfb-4343-9004-9be15dfd844c,server/model/players/combat/AttackPlayer.java,applyPlayerMeleeDamage,->,12acfc45-bdfb-4343-9004-9be15dfd844c,server/model/players/CombatAssistant.java,calculateMeleeAttack
12acfc45-bdfb-4343-9004-9be15dfd844c,server/model/players/combat/AttackPlayer.java,applyPlayerMeleeDamage,->,12acfc45-bdfb-4343-9004-9be15dfd844c,2c89cfe4-ed6d-446f-832b-3c203feb3155,12264cea-e176-47b1-b1bb-e3a14dc18d35
12acfc45-bdfb-4343-9004-9be15dfd844c,server/model/players/combat/AttackPlayer.java,applyPlayerMeleeDamage,->,12acfc45-bdfb-4343-9004-9be15dfd844c,2c89cfe4-ed6d-446f-832b-3c203feb3155,12264cea-e176-47b1-b1bb-e3a14dc18d35
12acfc45-bdfb-4343-9004-9be15dfd844c,server/model/players/combat/AttackPlayer.java,applyPlayerMeleeDamage,->,12acfc45-bdfb-4343-9004-9be15dfd844c,server/model/players/Client.java,getPA
12acfc45-bdfb-4343-9004-9be15dfd844c,server/model/players/combat/AttackPlayer.java,applyPlayerMeleeDamage,->,12acfc45-bdfb-4343-9004-9be15dfd844c,991eb2a8-284a-4290-ae08-f54cf8834706,f5bb9e43-0c01-4c45-bdce-20442359bef2
12acfc45-bdfb-4343-9004-9be15dfd844c,server/model/players/combat/AttackPlayer.java,applyPlayerMeleeDamage,->,12acfc45-bdfb-4343-9004-9be15dfd844c,java/lang/System.java,currentTimeMillis
12acfc45-bdfb-4343-9004-9be15dfd844c,server/model/players/combat/AttackPlayer.java,applyPlayerMeleeDamage,->,12acfc45-bdfb-4343-9004-9be15dfd844c,server/model/players/Client.java,getCombat
12acfc45-bdfb-4343-9004-9be15dfd844c,server/model/players/combat/AttackPlayer.java,applyPlayerMeleeDamage,->,12acfc45-bdfb-4343-9004-9be15dfd844c,server/model/players/CombatAssistant.java,calculateMeleeMaxHit
12acfc45-bdfb-4343-9004-9be15dfd844c,server/model/players/combat/AttackPlayer.java,applyPlayerMeleeDamage,->,12acfc45-bdfb-4343-9004-9be15dfd844c,server/model/players/Client.java,getLevelForXP
12acfc45-bdfb-4343-9004-9be15dfd844c,server/model/players/combat/AttackPlayer.java,applyPlayerMeleeDamage,->,12acfc45-bdfb-4343-9004-9be15dfd844c,server/model/players/Client.java,getLevelForXP
12acfc45-bdfb-4343-9004-9be15dfd844c,server/model/players/combat/AttackPlayer.java,applyPlayerMeleeDamage,->,12acfc45-bdfb-4343-9004-9be15dfd844c,server/model/players/Client.java,getPA
12acfc45-bdfb-4343-9004-9be15dfd844c,server/model/players/combat/AttackPlayer.java,applyPlayerMeleeDamage,->,12acfc45-bdfb-4343-9004-9be15dfd844c,991eb2a8-284a-4290-ae08-f54cf8834706,cc581d00-f04e-4278-8aaf-0ecbd93e9b04
12acfc45-bdfb-4343-9004-9be15dfd844c,server/model/players/combat/AttackPlayer.java,applyPlayerMeleeDamage,->,12acfc45-bdfb-4343-9004-9be15dfd844c,server/model/players/Client.java,gfx0
12acfc45-bdfb-4343-9004-9be15dfd844c,server/model/players/combat/AttackPlayer.java,applyPlayerMeleeDamage,->,12acfc45-bdfb-4343-9004-9be15dfd844c,2c89cfe4-ed6d-446f-832b-3c203feb3155,12264cea-e176-47b1-b1bb-e3a14dc18d35
12acfc45-bdfb-4343-9004-9be15dfd844c,server/model/players/combat/AttackPlayer.java,applyPlayerMeleeDamage,->,12acfc45-bdfb-4343-9004-9be15dfd844c,server/model/players/Client.java,getCombat
12acfc45-bdfb-4343-9004-9be15dfd844c,server/model/players/combat/AttackPlayer.java,applyPlayerMeleeDamage,->,12acfc45-bdfb-4343-9004-9be15dfd844c,server/model/players/CombatAssistant.java,appendVengeance
12acfc45-bdfb-4343-9004-9be15dfd844c,server/model/players/combat/AttackPlayer.java,applyPlayerMeleeDamage,->,12acfc45-bdfb-4343-9004-9be15dfd844c,server/model/players/Client.java,getCombat
12acfc45-bdfb-4343-9004-9be15dfd844c,server/model/players/combat/AttackPlayer.java,applyPlayerMeleeDamage,->,12acfc45-bdfb-4343-9004-9be15dfd844c,server/model/players/CombatAssistant.java,applyRecoil
12acfc45-bdfb-4343-9004-9be15dfd844c,server/model/players/combat/AttackPlayer.java,applyPlayerMeleeDamage,->,12acfc45-bdfb-4343-9004-9be15dfd844c,server/model/players/Client.java,getPA
12acfc45-bdfb-4343-9004-9be15dfd844c,server/model/players/combat/AttackPlayer.java,applyPlayerMeleeDamage,->,12acfc45-bdfb-4343-9004-9be15dfd844c,991eb2a8-284a-4290-ae08-f54cf8834706,27bd7aec-abd0-4844-9935-efefbf7019b2
12acfc45-bdfb-4343-9004-9be15dfd844c,server/model/players/combat/AttackPlayer.java,applyPlayerMeleeDamage,->,12acfc45-bdfb-4343-9004-9be15dfd844c,server/model/players/Client.java,getPA
12acfc45-bdfb-4343-9004-9be15dfd844c,server/model/players/combat/AttackPlayer.java,applyPlayerMeleeDamage,->,12acfc45-bdfb-4343-9004-9be15dfd844c,991eb2a8-284a-4290-ae08-f54cf8834706,27bd7aec-abd0-4844-9935-efefbf7019b2
12acfc45-bdfb-4343-9004-9be15dfd844c,server/model/players/combat/AttackPlayer.java,applyPlayerMeleeDamage,->,12acfc45-bdfb-4343-9004-9be15dfd844c,server/model/players/Client.java,getPA
12acfc45-bdfb-4343-9004-9be15dfd844c,server/model/players/combat/AttackPlayer.java,applyPlayerMeleeDamage,->,12acfc45-bdfb-4343-9004-9be15dfd844c,991eb2a8-284a-4290-ae08-f54cf8834706,27bd7aec-abd0-4844-9935-efefbf7019b2
12acfc45-bdfb-4343-9004-9be15dfd844c,server/model/players/combat/AttackPlayer.java,applyPlayerMeleeDamage,->,12acfc45-bdfb-4343-9004-9be15dfd844c,server/model/players/Client.java,sendMessage
12acfc45-bdfb-4343-9004-9be15dfd844c,server/model/players/combat/AttackPlayer.java,applyPlayerMeleeDamage,->,12acfc45-bdfb-4343-9004-9be15dfd844c,java/lang/System.java,currentTimeMillis
12acfc45-bdfb-4343-9004-9be15dfd844c,server/model/players/combat/AttackPlayer.java,applyPlayerMeleeDamage,->,12acfc45-bdfb-4343-9004-9be15dfd844c,server/model/players/Client.java,getPA
12acfc45-bdfb-4343-9004-9be15dfd844c,server/model/players/combat/AttackPlayer.java,applyPlayerMeleeDamage,->,12acfc45-bdfb-4343-9004-9be15dfd844c,991eb2a8-284a-4290-ae08-f54cf8834706,f59ca130-d149-43aa-b537-369a4987d63b
12acfc45-bdfb-4343-9004-9be15dfd844c,server/model/players/combat/AttackPlayer.java,applyPlayerMeleeDamage,->,12acfc45-bdfb-4343-9004-9be15dfd844c,server/model/players/Client.java,gfx0
12acfc45-bdfb-4343-9004-9be15dfd844c,server/model/players/combat/AttackPlayer.java,applyPlayerMeleeDamage,->,12acfc45-bdfb-4343-9004-9be15dfd844c,server/model/players/Client.java,sendMessage
12acfc45-bdfb-4343-9004-9be15dfd844c,server/model/players/combat/AttackPlayer.java,applyPlayerMeleeDamage,->,12acfc45-bdfb-4343-9004-9be15dfd844c,server/model/players/Client.java,stopMovement
12acfc45-bdfb-4343-9004-9be15dfd844c,server/model/players/combat/AttackPlayer.java,applyPlayerMeleeDamage,->,12acfc45-bdfb-4343-9004-9be15dfd844c,server/model/players/Client.java,sendMessage
12acfc45-bdfb-4343-9004-9be15dfd844c,server/model/players/combat/AttackPlayer.java,applyPlayerMeleeDamage,->,12acfc45-bdfb-4343-9004-9be15dfd844c,server/model/players/Client.java,sendMessage
12acfc45-bdfb-4343-9004-9be15dfd844c,server/model/players/combat/AttackPlayer.java,applyPlayerMeleeDamage,->,12acfc45-bdfb-4343-9004-9be15dfd844c,server/model/players/Client.java,getPA
12acfc45-bdfb-4343-9004-9be15dfd844c,server/model/players/combat/AttackPlayer.java,applyPlayerMeleeDamage,->,12acfc45-bdfb-4343-9004-9be15dfd844c,991eb2a8-284a-4290-ae08-f54cf8834706,cc581d00-f04e-4278-8aaf-0ecbd93e9b04
12acfc45-bdfb-4343-9004-9be15dfd844c,server/model/players/combat/AttackPlayer.java,applyPlayerMeleeDamage,->,12acfc45-bdfb-4343-9004-9be15dfd844c,server/model/players/Client.java,getLevelForXP
12acfc45-bdfb-4343-9004-9be15dfd844c,server/model/players/combat/AttackPlayer.java,applyPlayerMeleeDamage,->,12acfc45-bdfb-4343-9004-9be15dfd844c,server/model/players/Client.java,getLevelForXP
12acfc45-bdfb-4343-9004-9be15dfd844c,server/model/players/combat/AttackPlayer.java,applyPlayerMeleeDamage,->,12acfc45-bdfb-4343-9004-9be15dfd844c,server/model/players/Client.java,getLevelForXP
12acfc45-bdfb-4343-9004-9be15dfd844c,server/model/players/combat/AttackPlayer.java,applyPlayerMeleeDamage,->,12acfc45-bdfb-4343-9004-9be15dfd844c,server/model/players/Client.java,getPA
12acfc45-bdfb-4343-9004-9be15dfd844c,server/model/players/combat/AttackPlayer.java,applyPlayerMeleeDamage,->,12acfc45-bdfb-4343-9004-9be15dfd844c,991eb2a8-284a-4290-ae08-f54cf8834706,cc581d00-f04e-4278-8aaf-0ecbd93e9b04
12acfc45-bdfb-4343-9004-9be15dfd844c,server/model/players/combat/AttackPlayer.java,applyPlayerMeleeDamage,->,12acfc45-bdfb-4343-9004-9be15dfd844c,server/model/players/Client.java,getPA
12acfc45-bdfb-4343-9004-9be15dfd844c,server/model/players/combat/AttackPlayer.java,applyPlayerMeleeDamage,->,12acfc45-bdfb-4343-9004-9be15dfd844c,991eb2a8-284a-4290-ae08-f54cf8834706,0955b7e8-1203-4e9d-8e85-6eeaf5af5ce5
12acfc45-bdfb-4343-9004-9be15dfd844c,server/model/players/combat/AttackPlayer.java,applyPlayerMeleeDamage,->,12acfc45-bdfb-4343-9004-9be15dfd844c,server/model/players/Client.java,getPA
12acfc45-bdfb-4343-9004-9be15dfd844c,server/model/players/combat/AttackPlayer.java,applyPlayerMeleeDamage,->,12acfc45-bdfb-4343-9004-9be15dfd844c,991eb2a8-284a-4290-ae08-f54cf8834706,0955b7e8-1203-4e9d-8e85-6eeaf5af5ce5
12acfc45-bdfb-4343-9004-9be15dfd844c,server/model/players/combat/AttackPlayer.java,applyPlayerMeleeDamage,->,12acfc45-bdfb-4343-9004-9be15dfd844c,server/model/players/Client.java,getPA
12acfc45-bdfb-4343-9004-9be15dfd844c,server/model/players/combat/AttackPlayer.java,applyPlayerMeleeDamage,->,12acfc45-bdfb-4343-9004-9be15dfd844c,991eb2a8-284a-4290-ae08-f54cf8834706,0955b7e8-1203-4e9d-8e85-6eeaf5af5ce5
12acfc45-bdfb-4343-9004-9be15dfd844c,server/model/players/combat/AttackPlayer.java,applyPlayerMeleeDamage,->,12acfc45-bdfb-4343-9004-9be15dfd844c,server/model/players/Client.java,getPA
12acfc45-bdfb-4343-9004-9be15dfd844c,server/model/players/combat/AttackPlayer.java,applyPlayerMeleeDamage,->,12acfc45-bdfb-4343-9004-9be15dfd844c,991eb2a8-284a-4290-ae08-f54cf8834706,0955b7e8-1203-4e9d-8e85-6eeaf5af5ce5
12acfc45-bdfb-4343-9004-9be15dfd844c,server/model/players/combat/AttackPlayer.java,applyPlayerMeleeDamage,->,12acfc45-bdfb-4343-9004-9be15dfd844c,server/model/players/Client.java,getPA
12acfc45-bdfb-4343-9004-9be15dfd844c,server/model/players/combat/AttackPlayer.java,applyPlayerMeleeDamage,->,12acfc45-bdfb-4343-9004-9be15dfd844c,991eb2a8-284a-4290-ae08-f54cf8834706,cc581d00-f04e-4278-8aaf-0ecbd93e9b04
12acfc45-bdfb-4343-9004-9be15dfd844c,server/model/players/combat/AttackPlayer.java,applyPlayerMeleeDamage,->,12acfc45-bdfb-4343-9004-9be15dfd844c,server/model/players/Client.java,getPA
12acfc45-bdfb-4343-9004-9be15dfd844c,server/model/players/combat/AttackPlayer.java,applyPlayerMeleeDamage,->,12acfc45-bdfb-4343-9004-9be15dfd844c,991eb2a8-284a-4290-ae08-f54cf8834706,cc581d00-f04e-4278-8aaf-0ecbd93e9b04
12acfc45-bdfb-4343-9004-9be15dfd844c,server/model/players/combat/AttackPlayer.java,applyPlayerMeleeDamage,->,12acfc45-bdfb-4343-9004-9be15dfd844c,server/model/players/Client.java,getPA
12acfc45-bdfb-4343-9004-9be15dfd844c,server/model/players/combat/AttackPlayer.java,applyPlayerMeleeDamage,->,12acfc45-bdfb-4343-9004-9be15dfd844c,991eb2a8-284a-4290-ae08-f54cf8834706,cc581d00-f04e-4278-8aaf-0ecbd93e9b04
12acfc45-bdfb-4343-9004-9be15dfd844c,server/model/players/combat/AttackPlayer.java,applyPlayerMeleeDamage,->,12acfc45-bdfb-4343-9004-9be15dfd844c,server/model/players/Client.java,getPA
12acfc45-bdfb-4343-9004-9be15dfd844c,server/model/players/combat/AttackPlayer.java,applyPlayerMeleeDamage,->,12acfc45-bdfb-4343-9004-9be15dfd844c,991eb2a8-284a-4290-ae08-f54cf8834706,cc581d00-f04e-4278-8aaf-0ecbd93e9b04
12acfc45-bdfb-4343-9004-9be15dfd844c,server/model/players/combat/AttackPlayer.java,applyPlayerMeleeDamage,->,12acfc45-bdfb-4343-9004-9be15dfd844c,server/model/players/Client.java,getPA
12acfc45-bdfb-4343-9004-9be15dfd844c,server/model/players/combat/AttackPlayer.java,applyPlayerMeleeDamage,->,12acfc45-bdfb-4343-9004-9be15dfd844c,991eb2a8-284a-4290-ae08-f54cf8834706,0955b7e8-1203-4e9d-8e85-6eeaf5af5ce5
12acfc45-bdfb-4343-9004-9be15dfd844c,server/model/players/combat/AttackPlayer.java,applyPlayerMeleeDamage,->,12acfc45-bdfb-4343-9004-9be15dfd844c,server/model/players/Client.java,getPA
12acfc45-bdfb-4343-9004-9be15dfd844c,server/model/players/combat/AttackPlayer.java,applyPlayerMeleeDamage,->,12acfc45-bdfb-4343-9004-9be15dfd844c,991eb2a8-284a-4290-ae08-f54cf8834706,0955b7e8-1203-4e9d-8e85-6eeaf5af5ce5
12acfc45-bdfb-4343-9004-9be15dfd844c,server/model/players/combat/AttackPlayer.java,applyPlayerMeleeDamage,->,12acfc45-bdfb-4343-9004-9be15dfd844c,server/model/players/Client.java,getPA
12acfc45-bdfb-4343-9004-9be15dfd844c,server/model/players/combat/AttackPlayer.java,applyPlayerMeleeDamage,->,12acfc45-bdfb-4343-9004-9be15dfd844c,991eb2a8-284a-4290-ae08-f54cf8834706,cc581d00-f04e-4278-8aaf-0ecbd93e9b04
12acfc45-bdfb-4343-9004-9be15dfd844c,server/model/players/combat/AttackPlayer.java,applyPlayerMeleeDamage,->,12acfc45-bdfb-4343-9004-9be15dfd844c,server/model/players/Client.java,getPA
12acfc45-bdfb-4343-9004-9be15dfd844c,server/model/players/combat/AttackPlayer.java,applyPlayerMeleeDamage,->,12acfc45-bdfb-4343-9004-9be15dfd844c,991eb2a8-284a-4290-ae08-f54cf8834706,cc581d00-f04e-4278-8aaf-0ecbd93e9b04
12acfc45-bdfb-4343-9004-9be15dfd844c,server/model/players/combat/AttackPlayer.java,applyPlayerMeleeDamage,->,12acfc45-bdfb-4343-9004-9be15dfd844c,java/lang/System.java,currentTimeMillis
12acfc45-bdfb-4343-9004-9be15dfd844c,server/model/players/combat/AttackPlayer.java,applyPlayerMeleeDamage,->,12acfc45-bdfb-4343-9004-9be15dfd844c,java/lang/System.java,currentTimeMillis
12acfc45-bdfb-4343-9004-9be15dfd844c,server/model/players/combat/AttackPlayer.java,applyPlayerMeleeDamage,->,12acfc45-bdfb-4343-9004-9be15dfd844c,server/model/players/Client.java,getCombat
12acfc45-bdfb-4343-9004-9be15dfd844c,server/model/players/combat/AttackPlayer.java,applyPlayerMeleeDamage,->,12acfc45-bdfb-4343-9004-9be15dfd844c,server/model/players/CombatAssistant.java,applySmite
12acfc45-bdfb-4343-9004-9be15dfd844c,server/model/players/combat/AttackPlayer.java,applyPlayerMeleeDamage,->,12acfc45-bdfb-4343-9004-9be15dfd844c,server/model/players/Player.java,dealDamage
12acfc45-bdfb-4343-9004-9be15dfd844c,server/model/players/combat/AttackPlayer.java,applyPlayerMeleeDamage,->,12acfc45-bdfb-4343-9004-9be15dfd844c,server/model/players/Client.java,getPA
12acfc45-bdfb-4343-9004-9be15dfd844c,server/model/players/combat/AttackPlayer.java,applyPlayerMeleeDamage,->,12acfc45-bdfb-4343-9004-9be15dfd844c,991eb2a8-284a-4290-ae08-f54cf8834706,cc581d00-f04e-4278-8aaf-0ecbd93e9b04
12acfc45-bdfb-4343-9004-9be15dfd844c,server/model/players/combat/AttackPlayer.java,applyPlayerMeleeDamage,->,12acfc45-bdfb-4343-9004-9be15dfd844c,server/model/players/Player.java,dealDamage
12acfc45-bdfb-4343-9004-9be15dfd844c,server/model/players/combat/AttackPlayer.java,applyPlayerMeleeDamage,->,12acfc45-bdfb-4343-9004-9be15dfd844c,server/model/players/Client.java,getPA
12acfc45-bdfb-4343-9004-9be15dfd844c,server/model/players/combat/AttackPlayer.java,applyPlayerMeleeDamage,->,12acfc45-bdfb-4343-9004-9be15dfd844c,991eb2a8-284a-4290-ae08-f54cf8834706,cc581d00-f04e-4278-8aaf-0ecbd93e9b04
12acfc45-bdfb-4343-9004-9be15dfd844c,server/model/players/combat/AttackPlayer.java,applyPlayerMeleeDamage,->,12acfc45-bdfb-4343-9004-9be15dfd844c,server/model/players/Player.java,handleHitMask
12acfc45-bdfb-4343-9004-9be15dfd844c,server/model/players/combat/AttackPlayer.java,playerDelayedHit,->,12acfc45-bdfb-4343-9004-9be15dfd844c,server/model/players/Client.java,faceUpdate
12acfc45-bdfb-4343-9004-9be15dfd844c,server/model/players/combat/AttackPlayer.java,playerDelayedHit,->,12acfc45-bdfb-4343-9004-9be15dfd844c,server/model/players/Client.java,getPA
12acfc45-bdfb-4343-9004-9be15dfd844c,server/model/players/combat/AttackPlayer.java,playerDelayedHit,->,12acfc45-bdfb-4343-9004-9be15dfd844c,991eb2a8-284a-4290-ae08-f54cf8834706,3666955d-52b4-495d-880c-318d6383a5bb
12acfc45-bdfb-4343-9004-9be15dfd844c,server/model/players/combat/AttackPlayer.java,playerDelayedHit,->,12acfc45-bdfb-4343-9004-9be15dfd844c,server/model/players/Client.java,getCombat
12acfc45-bdfb-4343-9004-9be15dfd844c,server/model/players/combat/AttackPlayer.java,playerDelayedHit,->,12acfc45-bdfb-4343-9004-9be15dfd844c,server/model/players/CombatAssistant.java,getBlockEmote
12acfc45-bdfb-4343-9004-9be15dfd844c,server/model/players/combat/AttackPlayer.java,playerDelayedHit,->,12acfc45-bdfb-4343-9004-9be15dfd844c,server/model/players/Client.java,startAnimation
12acfc45-bdfb-4343-9004-9be15dfd844c,server/model/players/combat/AttackPlayer.java,playerDelayedHit,->,12acfc45-bdfb-4343-9004-9be15dfd844c,server/model/players/Client.java,getTradeAndDuel
12acfc45-bdfb-4343-9004-9be15dfd844c,server/model/players/combat/AttackPlayer.java,playerDelayedHit,->,12acfc45-bdfb-4343-9004-9be15dfd844c,server/model/players/TradeAndDuel.java,declineTrade
12acfc45-bdfb-4343-9004-9be15dfd844c,server/model/players/combat/AttackPlayer.java,playerDelayedHit,->,12acfc45-bdfb-4343-9004-9be15dfd844c,server/model/players/Client.java,getCombat
12acfc45-bdfb-4343-9004-9be15dfd844c,server/model/players/combat/AttackPlayer.java,playerDelayedHit,->,12acfc45-bdfb-4343-9004-9be15dfd844c,server/model/players/CombatAssistant.java,applyPlayerHit
12acfc45-bdfb-4343-9004-9be15dfd844c,server/model/players/combat/AttackPlayer.java,playerDelayedHit,->,12acfc45-bdfb-4343-9004-9be15dfd844c,server/model/players/Client.java,getCombat
12acfc45-bdfb-4343-9004-9be15dfd844c,server/model/players/combat/AttackPlayer.java,playerDelayedHit,->,12acfc45-bdfb-4343-9004-9be15dfd844c,server/model/players/CombatAssistant.java,addCharge
12acfc45-bdfb-4343-9004-9be15dfd844c,server/model/players/combat/AttackPlayer.java,playerDelayedHit,->,12acfc45-bdfb-4343-9004-9be15dfd844c,server/model/players/Client.java,getCombat
12acfc45-bdfb-4343-9004-9be15dfd844c,server/model/players/combat/AttackPlayer.java,playerDelayedHit,->,12acfc45-bdfb-4343-9004-9be15dfd844c,server/model/players/CombatAssistant.java,rangeMaxHit
12acfc45-bdfb-4343-9004-9be15dfd844c,server/model/players/combat/AttackPlayer.java,playerDelayedHit,->,12acfc45-bdfb-4343-9004-9be15dfd844c,2c89cfe4-ed6d-446f-832b-3c203feb3155,12264cea-e176-47b1-b1bb-e3a14dc18d35
12acfc45-bdfb-4343-9004-9be15dfd844c,server/model/players/combat/AttackPlayer.java,playerDelayedHit,->,12acfc45-bdfb-4343-9004-9be15dfd844c,server/model/players/Client.java,getCombat
12acfc45-bdfb-4343-9004-9be15dfd844c,server/model/players/combat/AttackPlayer.java,playerDelayedHit,->,12acfc45-bdfb-4343-9004-9be15dfd844c,server/model/players/CombatAssistant.java,rangeMaxHit
12acfc45-bdfb-4343-9004-9be15dfd844c,server/model/players/combat/AttackPlayer.java,playerDelayedHit,->,12acfc45-bdfb-4343-9004-9be15dfd844c,2c89cfe4-ed6d-446f-832b-3c203feb3155,12264cea-e176-47b1-b1bb-e3a14dc18d35
12acfc45-bdfb-4343-9004-9be15dfd844c,server/model/players/combat/AttackPlayer.java,playerDelayedHit,->,12acfc45-bdfb-4343-9004-9be15dfd844c,server/model/players/combat/range/RangeData.java,getRangeEndGFX
12acfc45-bdfb-4343-9004-9be15dfd844c,server/model/players/combat/AttackPlayer.java,playerDelayedHit,->,12acfc45-bdfb-4343-9004-9be15dfd844c,server/model/players/Client.java,getCombat
12acfc45-bdfb-4343-9004-9be15dfd844c,server/model/players/combat/AttackPlayer.java,playerDelayedHit,->,12acfc45-bdfb-4343-9004-9be15dfd844c,server/model/players/CombatAssistant.java,calculateRangeDefence
12acfc45-bdfb-4343-9004-9be15dfd844c,server/model/players/combat/AttackPlayer.java,playerDelayedHit,->,12acfc45-bdfb-4343-9004-9be15dfd844c,2c89cfe4-ed6d-446f-832b-3c203feb3155,12264cea-e176-47b1-b1bb-e3a14dc18d35
12acfc45-bdfb-4343-9004-9be15dfd844c,server/model/players/combat/AttackPlayer.java,playerDelayedHit,->,12acfc45-bdfb-4343-9004-9be15dfd844c,server/model/players/Client.java,getCombat
12acfc45-bdfb-4343-9004-9be15dfd844c,server/model/players/combat/AttackPlayer.java,playerDelayedHit,->,12acfc45-bdfb-4343-9004-9be15dfd844c,server/model/players/CombatAssistant.java,calculateRangeAttack
12acfc45-bdfb-4343-9004-9be15dfd844c,server/model/players/combat/AttackPlayer.java,playerDelayedHit,->,12acfc45-bdfb-4343-9004-9be15dfd844c,2c89cfe4-ed6d-446f-832b-3c203feb3155,12264cea-e176-47b1-b1bb-e3a14dc18d35
12acfc45-bdfb-4343-9004-9be15dfd844c,server/model/players/combat/AttackPlayer.java,playerDelayedHit,->,12acfc45-bdfb-4343-9004-9be15dfd844c,2c89cfe4-ed6d-446f-832b-3c203feb3155,12264cea-e176-47b1-b1bb-e3a14dc18d35
12acfc45-bdfb-4343-9004-9be15dfd844c,server/model/players/combat/AttackPlayer.java,playerDelayedHit,->,12acfc45-bdfb-4343-9004-9be15dfd844c,server/model/players/Client.java,getCombat
12acfc45-bdfb-4343-9004-9be15dfd844c,server/model/players/combat/AttackPlayer.java,playerDelayedHit,->,12acfc45-bdfb-4343-9004-9be15dfd844c,server/model/players/CombatAssistant.java,crossbowSpecial
12acfc45-bdfb-4343-9004-9be15dfd844c,server/model/players/combat/AttackPlayer.java,playerDelayedHit,->,12acfc45-bdfb-4343-9004-9be15dfd844c,server/model/players/Client.java,getCombat
12acfc45-bdfb-4343-9004-9be15dfd844c,server/model/players/combat/AttackPlayer.java,playerDelayedHit,->,12acfc45-bdfb-4343-9004-9be15dfd844c,server/model/players/CombatAssistant.java,calculateRangeDefence
12acfc45-bdfb-4343-9004-9be15dfd844c,server/model/players/combat/AttackPlayer.java,playerDelayedHit,->,12acfc45-bdfb-4343-9004-9be15dfd844c,2c89cfe4-ed6d-446f-832b-3c203feb3155,12264cea-e176-47b1-b1bb-e3a14dc18d35
12acfc45-bdfb-4343-9004-9be15dfd844c,server/model/players/combat/AttackPlayer.java,playerDelayedHit,->,12acfc45-bdfb-4343-9004-9be15dfd844c,server/model/players/Client.java,getCombat
12acfc45-bdfb-4343-9004-9be15dfd844c,server/model/players/combat/AttackPlayer.java,playerDelayedHit,->,12acfc45-bdfb-4343-9004-9be15dfd844c,server/model/players/CombatAssistant.java,calculateRangeAttack
12acfc45-bdfb-4343-9004-9be15dfd844c,server/model/players/combat/AttackPlayer.java,playerDelayedHit,->,12acfc45-bdfb-4343-9004-9be15dfd844c,2c89cfe4-ed6d-446f-832b-3c203feb3155,12264cea-e176-47b1-b1bb-e3a14dc18d35
12acfc45-bdfb-4343-9004-9be15dfd844c,server/model/players/combat/AttackPlayer.java,playerDelayedHit,->,12acfc45-bdfb-4343-9004-9be15dfd844c,server/model/players/Client.java,gfx100
12acfc45-bdfb-4343-9004-9be15dfd844c,server/model/players/combat/AttackPlayer.java,playerDelayedHit,->,12acfc45-bdfb-4343-9004-9be15dfd844c,java/lang/System.java,currentTimeMillis
12acfc45-bdfb-4343-9004-9be15dfd844c,server/model/players/combat/AttackPlayer.java,playerDelayedHit,->,12acfc45-bdfb-4343-9004-9be15dfd844c,server/model/players/Client.java,getCombat
12acfc45-bdfb-4343-9004-9be15dfd844c,server/model/players/combat/AttackPlayer.java,playerDelayedHit,->,12acfc45-bdfb-4343-9004-9be15dfd844c,server/model/players/CombatAssistant.java,appendVengeance
12acfc45-bdfb-4343-9004-9be15dfd844c,server/model/players/combat/AttackPlayer.java,playerDelayedHit,->,12acfc45-bdfb-4343-9004-9be15dfd844c,server/model/players/Client.java,getCombat
12acfc45-bdfb-4343-9004-9be15dfd844c,server/model/players/combat/AttackPlayer.java,playerDelayedHit,->,12acfc45-bdfb-4343-9004-9be15dfd844c,server/model/players/CombatAssistant.java,appendVengeance
12acfc45-bdfb-4343-9004-9be15dfd844c,server/model/players/combat/AttackPlayer.java,playerDelayedHit,->,12acfc45-bdfb-4343-9004-9be15dfd844c,server/model/players/Client.java,getCombat
12acfc45-bdfb-4343-9004-9be15dfd844c,server/model/players/combat/AttackPlayer.java,playerDelayedHit,->,12acfc45-bdfb-4343-9004-9be15dfd844c,server/model/players/CombatAssistant.java,applyRecoil
12acfc45-bdfb-4343-9004-9be15dfd844c,server/model/players/combat/AttackPlayer.java,playerDelayedHit,->,12acfc45-bdfb-4343-9004-9be15dfd844c,server/model/players/Client.java,getCombat
12acfc45-bdfb-4343-9004-9be15dfd844c,server/model/players/combat/AttackPlayer.java,playerDelayedHit,->,12acfc45-bdfb-4343-9004-9be15dfd844c,server/model/players/CombatAssistant.java,applyRecoil
12acfc45-bdfb-4343-9004-9be15dfd844c,server/model/players/combat/AttackPlayer.java,playerDelayedHit,->,12acfc45-bdfb-4343-9004-9be15dfd844c,server/model/players/Client.java,getPA
12acfc45-bdfb-4343-9004-9be15dfd844c,server/model/players/combat/AttackPlayer.java,playerDelayedHit,->,12acfc45-bdfb-4343-9004-9be15dfd844c,991eb2a8-284a-4290-ae08-f54cf8834706,0955b7e8-1203-4e9d-8e85-6eeaf5af5ce5
12acfc45-bdfb-4343-9004-9be15dfd844c,server/model/players/combat/AttackPlayer.java,playerDelayedHit,->,12acfc45-bdfb-4343-9004-9be15dfd844c,server/model/players/Client.java,getPA
12acfc45-bdfb-4343-9004-9be15dfd844c,server/model/players/combat/AttackPlayer.java,playerDelayedHit,->,12acfc45-bdfb-4343-9004-9be15dfd844c,991eb2a8-284a-4290-ae08-f54cf8834706,0955b7e8-1203-4e9d-8e85-6eeaf5af5ce5
12acfc45-bdfb-4343-9004-9be15dfd844c,server/model/players/combat/AttackPlayer.java,playerDelayedHit,->,12acfc45-bdfb-4343-9004-9be15dfd844c,server/model/players/Client.java,getPA
12acfc45-bdfb-4343-9004-9be15dfd844c,server/model/players/combat/AttackPlayer.java,playerDelayedHit,->,12acfc45-bdfb-4343-9004-9be15dfd844c,991eb2a8-284a-4290-ae08-f54cf8834706,0955b7e8-1203-4e9d-8e85-6eeaf5af5ce5
12acfc45-bdfb-4343-9004-9be15dfd844c,server/model/players/combat/AttackPlayer.java,playerDelayedHit,->,12acfc45-bdfb-4343-9004-9be15dfd844c,server/model/players/Client.java,getPA
12acfc45-bdfb-4343-9004-9be15dfd844c,server/model/players/combat/AttackPlayer.java,playerDelayedHit,->,12acfc45-bdfb-4343-9004-9be15dfd844c,991eb2a8-284a-4290-ae08-f54cf8834706,cc581d00-f04e-4278-8aaf-0ecbd93e9b04
12acfc45-bdfb-4343-9004-9be15dfd844c,server/model/players/combat/AttackPlayer.java,playerDelayedHit,->,12acfc45-bdfb-4343-9004-9be15dfd844c,server/model/players/Client.java,getPA
12acfc45-bdfb-4343-9004-9be15dfd844c,server/model/players/combat/AttackPlayer.java,playerDelayedHit,->,12acfc45-bdfb-4343-9004-9be15dfd844c,991eb2a8-284a-4290-ae08-f54cf8834706,cc581d00-f04e-4278-8aaf-0ecbd93e9b04
12acfc45-bdfb-4343-9004-9be15dfd844c,server/model/players/combat/AttackPlayer.java,playerDelayedHit,->,12acfc45-bdfb-4343-9004-9be15dfd844c,server/model/players/Client.java,getPA
12acfc45-bdfb-4343-9004-9be15dfd844c,server/model/players/combat/AttackPlayer.java,playerDelayedHit,->,12acfc45-bdfb-4343-9004-9be15dfd844c,991eb2a8-284a-4290-ae08-f54cf8834706,cc581d00-f04e-4278-8aaf-0ecbd93e9b04
12acfc45-bdfb-4343-9004-9be15dfd844c,server/model/players/combat/AttackPlayer.java,playerDelayedHit,->,12acfc45-bdfb-4343-9004-9be15dfd844c,server/model/players/Client.java,getPA
12acfc45-bdfb-4343-9004-9be15dfd844c,server/model/players/combat/AttackPlayer.java,playerDelayedHit,->,12acfc45-bdfb-4343-9004-9be15dfd844c,991eb2a8-284a-4290-ae08-f54cf8834706,0955b7e8-1203-4e9d-8e85-6eeaf5af5ce5
12acfc45-bdfb-4343-9004-9be15dfd844c,server/model/players/combat/AttackPlayer.java,playerDelayedHit,->,12acfc45-bdfb-4343-9004-9be15dfd844c,server/model/players/Client.java,getPA
12acfc45-bdfb-4343-9004-9be15dfd844c,server/model/players/combat/AttackPlayer.java,playerDelayedHit,->,12acfc45-bdfb-4343-9004-9be15dfd844c,991eb2a8-284a-4290-ae08-f54cf8834706,0955b7e8-1203-4e9d-8e85-6eeaf5af5ce5
12acfc45-bdfb-4343-9004-9be15dfd844c,server/model/players/combat/AttackPlayer.java,playerDelayedHit,->,12acfc45-bdfb-4343-9004-9be15dfd844c,server/model/players/Client.java,getPA
12acfc45-bdfb-4343-9004-9be15dfd844c,server/model/players/combat/AttackPlayer.java,playerDelayedHit,->,12acfc45-bdfb-4343-9004-9be15dfd844c,991eb2a8-284a-4290-ae08-f54cf8834706,cc581d00-f04e-4278-8aaf-0ecbd93e9b04
12acfc45-bdfb-4343-9004-9be15dfd844c,server/model/players/combat/AttackPlayer.java,playerDelayedHit,->,12acfc45-bdfb-4343-9004-9be15dfd844c,server/model/players/Client.java,getPA
12acfc45-bdfb-4343-9004-9be15dfd844c,server/model/players/combat/AttackPlayer.java,playerDelayedHit,->,12acfc45-bdfb-4343-9004-9be15dfd844c,991eb2a8-284a-4290-ae08-f54cf8834706,cc581d00-f04e-4278-8aaf-0ecbd93e9b04
12acfc45-bdfb-4343-9004-9be15dfd844c,server/model/players/combat/AttackPlayer.java,playerDelayedHit,->,12acfc45-bdfb-4343-9004-9be15dfd844c,server/model/players/Client.java,getItems
12acfc45-bdfb-4343-9004-9be15dfd844c,server/model/players/combat/AttackPlayer.java,playerDelayedHit,->,12acfc45-bdfb-4343-9004-9be15dfd844c,server/model/items/ItemAssistant.java,dropArrowPlayer
12acfc45-bdfb-4343-9004-9be15dfd844c,server/model/players/combat/AttackPlayer.java,playerDelayedHit,->,12acfc45-bdfb-4343-9004-9be15dfd844c,server/model/players/Client.java,getCombat
12acfc45-bdfb-4343-9004-9be15dfd844c,server/model/players/combat/AttackPlayer.java,playerDelayedHit,->,12acfc45-bdfb-4343-9004-9be15dfd844c,server/model/players/CombatAssistant.java,usingBolts
12acfc45-bdfb-4343-9004-9be15dfd844c,server/model/players/combat/AttackPlayer.java,playerDelayedHit,->,12acfc45-bdfb-4343-9004-9be15dfd844c,server/model/players/Client.java,gfx100
12acfc45-bdfb-4343-9004-9be15dfd844c,server/model/players/combat/AttackPlayer.java,playerDelayedHit,->,12acfc45-bdfb-4343-9004-9be15dfd844c,server/model/players/Client.java,gfx0
12acfc45-bdfb-4343-9004-9be15dfd844c,server/model/players/combat/AttackPlayer.java,playerDelayedHit,->,12acfc45-bdfb-4343-9004-9be15dfd844c,java/lang/System.java,currentTimeMillis
12acfc45-bdfb-4343-9004-9be15dfd844c,server/model/players/combat/AttackPlayer.java,playerDelayedHit,->,12acfc45-bdfb-4343-9004-9be15dfd844c,java/lang/System.java,currentTimeMillis
12acfc45-bdfb-4343-9004-9be15dfd844c,server/model/players/combat/AttackPlayer.java,playerDelayedHit,->,12acfc45-bdfb-4343-9004-9be15dfd844c,server/model/players/Player.java,dealDamage
12acfc45-bdfb-4343-9004-9be15dfd844c,server/model/players/combat/AttackPlayer.java,playerDelayedHit,->,12acfc45-bdfb-4343-9004-9be15dfd844c,server/model/players/Player.java,handleHitMask
12acfc45-bdfb-4343-9004-9be15dfd844c,server/model/players/combat/AttackPlayer.java,playerDelayedHit,->,12acfc45-bdfb-4343-9004-9be15dfd844c,server/model/players/Player.java,dealDamage
12acfc45-bdfb-4343-9004-9be15dfd844c,server/model/players/combat/AttackPlayer.java,playerDelayedHit,->,12acfc45-bdfb-4343-9004-9be15dfd844c,server/model/players/Player.java,handleHitMask
12acfc45-bdfb-4343-9004-9be15dfd844c,server/model/players/combat/AttackPlayer.java,playerDelayedHit,->,12acfc45-bdfb-4343-9004-9be15dfd844c,server/model/players/Client.java,getPA
12acfc45-bdfb-4343-9004-9be15dfd844c,server/model/players/combat/AttackPlayer.java,playerDelayedHit,->,12acfc45-bdfb-4343-9004-9be15dfd844c,991eb2a8-284a-4290-ae08-f54cf8834706,cc581d00-f04e-4278-8aaf-0ecbd93e9b04
12acfc45-bdfb-4343-9004-9be15dfd844c,server/model/players/combat/AttackPlayer.java,playerDelayedHit,->,12acfc45-bdfb-4343-9004-9be15dfd844c,server/model/players/Client.java,getCombat
12acfc45-bdfb-4343-9004-9be15dfd844c,server/model/players/combat/AttackPlayer.java,playerDelayedHit,->,12acfc45-bdfb-4343-9004-9be15dfd844c,server/model/players/CombatAssistant.java,applySmite
12acfc45-bdfb-4343-9004-9be15dfd844c,server/model/players/combat/AttackPlayer.java,playerDelayedHit,->,12acfc45-bdfb-4343-9004-9be15dfd844c,server/model/players/Client.java,getCombat
12acfc45-bdfb-4343-9004-9be15dfd844c,server/model/players/combat/AttackPlayer.java,playerDelayedHit,->,12acfc45-bdfb-4343-9004-9be15dfd844c,server/model/players/CombatAssistant.java,applySmite
12acfc45-bdfb-4343-9004-9be15dfd844c,server/model/players/combat/AttackPlayer.java,playerDelayedHit,->,12acfc45-bdfb-4343-9004-9be15dfd844c,server/model/players/Client.java,setSidebarInterface
12acfc45-bdfb-4343-9004-9be15dfd844c,server/model/players/combat/AttackPlayer.java,playerDelayedHit,->,12acfc45-bdfb-4343-9004-9be15dfd844c,server/model/players/Client.java,gfx0
12acfc45-bdfb-4343-9004-9be15dfd844c,server/model/players/combat/AttackPlayer.java,playerDelayedHit,->,12acfc45-bdfb-4343-9004-9be15dfd844c,server/model/players/Client.java,fullVoidMage
12acfc45-bdfb-4343-9004-9be15dfd844c,server/model/players/combat/AttackPlayer.java,playerDelayedHit,->,12acfc45-bdfb-4343-9004-9be15dfd844c,server/model/players/Client.java,getCombat
12acfc45-bdfb-4343-9004-9be15dfd844c,server/model/players/combat/AttackPlayer.java,playerDelayedHit,->,12acfc45-bdfb-4343-9004-9be15dfd844c,server/model/players/CombatAssistant.java,magicMaxHit
12acfc45-bdfb-4343-9004-9be15dfd844c,server/model/players/combat/AttackPlayer.java,playerDelayedHit,->,12acfc45-bdfb-4343-9004-9be15dfd844c,2c89cfe4-ed6d-446f-832b-3c203feb3155,12264cea-e176-47b1-b1bb-e3a14dc18d35
12acfc45-bdfb-4343-9004-9be15dfd844c,server/model/players/combat/AttackPlayer.java,playerDelayedHit,->,12acfc45-bdfb-4343-9004-9be15dfd844c,server/model/players/Client.java,getCombat
12acfc45-bdfb-4343-9004-9be15dfd844c,server/model/players/combat/AttackPlayer.java,playerDelayedHit,->,12acfc45-bdfb-4343-9004-9be15dfd844c,server/model/players/CombatAssistant.java,magicMaxHit
12acfc45-bdfb-4343-9004-9be15dfd844c,server/model/players/combat/AttackPlayer.java,playerDelayedHit,->,12acfc45-bdfb-4343-9004-9be15dfd844c,2c89cfe4-ed6d-446f-832b-3c203feb3155,12264cea-e176-47b1-b1bb-e3a14dc18d35
12acfc45-bdfb-4343-9004-9be15dfd844c,server/model/players/combat/AttackPlayer.java,playerDelayedHit,->,12acfc45-bdfb-4343-9004-9be15dfd844c,server/model/players/Client.java,getCombat
12acfc45-bdfb-4343-9004-9be15dfd844c,server/model/players/combat/AttackPlayer.java,playerDelayedHit,->,12acfc45-bdfb-4343-9004-9be15dfd844c,server/model/players/CombatAssistant.java,godSpells
12acfc45-bdfb-4343-9004-9be15dfd844c,server/model/players/combat/AttackPlayer.java,playerDelayedHit,->,12acfc45-bdfb-4343-9004-9be15dfd844c,java/lang/System.java,currentTimeMillis
12acfc45-bdfb-4343-9004-9be15dfd844c,server/model/players/combat/AttackPlayer.java,playerDelayedHit,->,12acfc45-bdfb-4343-9004-9be15dfd844c,java/lang/System.java,currentTimeMillis
12acfc45-bdfb-4343-9004-9be15dfd844c,server/model/players/combat/AttackPlayer.java,playerDelayedHit,->,12acfc45-bdfb-4343-9004-9be15dfd844c,server/model/players/Client.java,getCombat
12acfc45-bdfb-4343-9004-9be15dfd844c,server/model/players/combat/AttackPlayer.java,playerDelayedHit,->,12acfc45-bdfb-4343-9004-9be15dfd844c,server/model/players/CombatAssistant.java,appendVengeance
12acfc45-bdfb-4343-9004-9be15dfd844c,server/model/players/combat/AttackPlayer.java,playerDelayedHit,->,12acfc45-bdfb-4343-9004-9be15dfd844c,server/model/players/Client.java,getCombat
12acfc45-bdfb-4343-9004-9be15dfd844c,server/model/players/combat/AttackPlayer.java,playerDelayedHit,->,12acfc45-bdfb-4343-9004-9be15dfd844c,server/model/players/CombatAssistant.java,applyRecoil
12acfc45-bdfb-4343-9004-9be15dfd844c,server/model/players/combat/AttackPlayer.java,playerDelayedHit,->,12acfc45-bdfb-4343-9004-9be15dfd844c,server/model/players/Client.java,getPA
12acfc45-bdfb-4343-9004-9be15dfd844c,server/model/players/combat/AttackPlayer.java,playerDelayedHit,->,12acfc45-bdfb-4343-9004-9be15dfd844c,991eb2a8-284a-4290-ae08-f54cf8834706,0955b7e8-1203-4e9d-8e85-6eeaf5af5ce5
12acfc45-bdfb-4343-9004-9be15dfd844c,server/model/players/combat/AttackPlayer.java,playerDelayedHit,->,12acfc45-bdfb-4343-9004-9be15dfd844c,server/model/players/Client.java,getPA
12acfc45-bdfb-4343-9004-9be15dfd844c,server/model/players/combat/AttackPlayer.java,playerDelayedHit,->,12acfc45-bdfb-4343-9004-9be15dfd844c,991eb2a8-284a-4290-ae08-f54cf8834706,cc581d00-f04e-4278-8aaf-0ecbd93e9b04
12acfc45-bdfb-4343-9004-9be15dfd844c,server/model/players/combat/AttackPlayer.java,playerDelayedHit,->,12acfc45-bdfb-4343-9004-9be15dfd844c,server/model/players/Client.java,getPA
12acfc45-bdfb-4343-9004-9be15dfd844c,server/model/players/combat/AttackPlayer.java,playerDelayedHit,->,12acfc45-bdfb-4343-9004-9be15dfd844c,991eb2a8-284a-4290-ae08-f54cf8834706,0955b7e8-1203-4e9d-8e85-6eeaf5af5ce5
12acfc45-bdfb-4343-9004-9be15dfd844c,server/model/players/combat/AttackPlayer.java,playerDelayedHit,->,12acfc45-bdfb-4343-9004-9be15dfd844c,server/model/players/Client.java,getPA
12acfc45-bdfb-4343-9004-9be15dfd844c,server/model/players/combat/AttackPlayer.java,playerDelayedHit,->,12acfc45-bdfb-4343-9004-9be15dfd844c,991eb2a8-284a-4290-ae08-f54cf8834706,0955b7e8-1203-4e9d-8e85-6eeaf5af5ce5
12acfc45-bdfb-4343-9004-9be15dfd844c,server/model/players/combat/AttackPlayer.java,playerDelayedHit,->,12acfc45-bdfb-4343-9004-9be15dfd844c,server/model/players/Client.java,getPA
12acfc45-bdfb-4343-9004-9be15dfd844c,server/model/players/combat/AttackPlayer.java,playerDelayedHit,->,12acfc45-bdfb-4343-9004-9be15dfd844c,991eb2a8-284a-4290-ae08-f54cf8834706,cc581d00-f04e-4278-8aaf-0ecbd93e9b04
12acfc45-bdfb-4343-9004-9be15dfd844c,server/model/players/combat/AttackPlayer.java,playerDelayedHit,->,12acfc45-bdfb-4343-9004-9be15dfd844c,server/model/players/Client.java,getPA
12acfc45-bdfb-4343-9004-9be15dfd844c,server/model/players/combat/AttackPlayer.java,playerDelayedHit,->,12acfc45-bdfb-4343-9004-9be15dfd844c,991eb2a8-284a-4290-ae08-f54cf8834706,cc581d00-f04e-4278-8aaf-0ecbd93e9b04
12acfc45-bdfb-4343-9004-9be15dfd844c,server/model/players/combat/AttackPlayer.java,playerDelayedHit,->,12acfc45-bdfb-4343-9004-9be15dfd844c,server/model/players/Client.java,getCombat
12acfc45-bdfb-4343-9004-9be15dfd844c,server/model/players/combat/AttackPlayer.java,playerDelayedHit,->,12acfc45-bdfb-4343-9004-9be15dfd844c,server/model/players/CombatAssistant.java,getEndGfxHeight
12acfc45-bdfb-4343-9004-9be15dfd844c,server/model/players/combat/AttackPlayer.java,playerDelayedHit,->,12acfc45-bdfb-4343-9004-9be15dfd844c,server/model/players/Player.java,gfx100
12acfc45-bdfb-4343-9004-9be15dfd844c,server/model/players/combat/AttackPlayer.java,playerDelayedHit,->,12acfc45-bdfb-4343-9004-9be15dfd844c,server/model/players/Player.java,gfx0
12acfc45-bdfb-4343-9004-9be15dfd844c,server/model/players/combat/AttackPlayer.java,playerDelayedHit,->,12acfc45-bdfb-4343-9004-9be15dfd844c,server/model/players/Player.java,gfx100
12acfc45-bdfb-4343-9004-9be15dfd844c,server/model/players/combat/AttackPlayer.java,playerDelayedHit,->,12acfc45-bdfb-4343-9004-9be15dfd844c,java/lang/System.java,currentTimeMillis
12acfc45-bdfb-4343-9004-9be15dfd844c,server/model/players/combat/AttackPlayer.java,playerDelayedHit,->,12acfc45-bdfb-4343-9004-9be15dfd844c,java/lang/System.java,currentTimeMillis
12acfc45-bdfb-4343-9004-9be15dfd844c,server/model/players/combat/AttackPlayer.java,playerDelayedHit,->,12acfc45-bdfb-4343-9004-9be15dfd844c,server/model/players/Client.java,getPA
12acfc45-bdfb-4343-9004-9be15dfd844c,server/model/players/combat/AttackPlayer.java,playerDelayedHit,->,12acfc45-bdfb-4343-9004-9be15dfd844c,991eb2a8-284a-4290-ae08-f54cf8834706,26ef4ae0-57cb-4083-a56f-eaf4b81cb1ad
12acfc45-bdfb-4343-9004-9be15dfd844c,server/model/players/combat/AttackPlayer.java,playerDelayedHit,->,12acfc45-bdfb-4343-9004-9be15dfd844c,java/lang/System.java,currentTimeMillis
12acfc45-bdfb-4343-9004-9be15dfd844c,server/model/players/combat/AttackPlayer.java,playerDelayedHit,->,12acfc45-bdfb-4343-9004-9be15dfd844c,java/lang/System.java,currentTimeMillis
12acfc45-bdfb-4343-9004-9be15dfd844c,server/model/players/combat/AttackPlayer.java,playerDelayedHit,->,12acfc45-bdfb-4343-9004-9be15dfd844c,server/model/players/Client.java,sendMessage
12acfc45-bdfb-4343-9004-9be15dfd844c,server/model/players/combat/AttackPlayer.java,playerDelayedHit,->,12acfc45-bdfb-4343-9004-9be15dfd844c,java/lang/System.java,currentTimeMillis
12acfc45-bdfb-4343-9004-9be15dfd844c,server/model/players/combat/AttackPlayer.java,playerDelayedHit,->,12acfc45-bdfb-4343-9004-9be15dfd844c,server/model/players/Client.java,getPA
12acfc45-bdfb-4343-9004-9be15dfd844c,server/model/players/combat/AttackPlayer.java,playerDelayedHit,->,12acfc45-bdfb-4343-9004-9be15dfd844c,991eb2a8-284a-4290-ae08-f54cf8834706,26ef4ae0-57cb-4083-a56f-eaf4b81cb1ad
12acfc45-bdfb-4343-9004-9be15dfd844c,server/model/players/combat/AttackPlayer.java,playerDelayedHit,->,12acfc45-bdfb-4343-9004-9be15dfd844c,server/model/players/Client.java,getPA
12acfc45-bdfb-4343-9004-9be15dfd844c,server/model/players/combat/AttackPlayer.java,playerDelayedHit,->,12acfc45-bdfb-4343-9004-9be15dfd844c,991eb2a8-284a-4290-ae08-f54cf8834706,26ef4ae0-57cb-4083-a56f-eaf4b81cb1ad
12acfc45-bdfb-4343-9004-9be15dfd844c,server/model/players/combat/AttackPlayer.java,playerDelayedHit,->,12acfc45-bdfb-4343-9004-9be15dfd844c,server/model/players/Client.java,getPA
12acfc45-bdfb-4343-9004-9be15dfd844c,server/model/players/combat/AttackPlayer.java,playerDelayedHit,->,12acfc45-bdfb-4343-9004-9be15dfd844c,991eb2a8-284a-4290-ae08-f54cf8834706,cc581d00-f04e-4278-8aaf-0ecbd93e9b04
12acfc45-bdfb-4343-9004-9be15dfd844c,server/model/players/combat/AttackPlayer.java,playerDelayedHit,->,12acfc45-bdfb-4343-9004-9be15dfd844c,server/model/players/Client.java,getPA
12acfc45-bdfb-4343-9004-9be15dfd844c,server/model/players/combat/AttackPlayer.java,playerDelayedHit,->,12acfc45-bdfb-4343-9004-9be15dfd844c,991eb2a8-284a-4290-ae08-f54cf8834706,26ef4ae0-57cb-4083-a56f-eaf4b81cb1ad
12acfc45-bdfb-4343-9004-9be15dfd844c,server/model/players/combat/AttackPlayer.java,playerDelayedHit,->,12acfc45-bdfb-4343-9004-9be15dfd844c,server/model/players/Client.java,sendMessage
12acfc45-bdfb-4343-9004-9be15dfd844c,server/model/players/combat/AttackPlayer.java,playerDelayedHit,->,12acfc45-bdfb-4343-9004-9be15dfd844c,java/lang/System.java,currentTimeMillis
12acfc45-bdfb-4343-9004-9be15dfd844c,server/model/players/combat/AttackPlayer.java,playerDelayedHit,->,12acfc45-bdfb-4343-9004-9be15dfd844c,server/model/players/Client.java,getPA
12acfc45-bdfb-4343-9004-9be15dfd844c,server/model/players/combat/AttackPlayer.java,playerDelayedHit,->,12acfc45-bdfb-4343-9004-9be15dfd844c,991eb2a8-284a-4290-ae08-f54cf8834706,cc581d00-f04e-4278-8aaf-0ecbd93e9b04
12acfc45-bdfb-4343-9004-9be15dfd844c,server/model/players/combat/AttackPlayer.java,playerDelayedHit,->,12acfc45-bdfb-4343-9004-9be15dfd844c,server/model/players/Client.java,getPA
12acfc45-bdfb-4343-9004-9be15dfd844c,server/model/players/combat/AttackPlayer.java,playerDelayedHit,->,12acfc45-bdfb-4343-9004-9be15dfd844c,991eb2a8-284a-4290-ae08-f54cf8834706,26ef4ae0-57cb-4083-a56f-eaf4b81cb1ad
12acfc45-bdfb-4343-9004-9be15dfd844c,server/model/players/combat/AttackPlayer.java,playerDelayedHit,->,12acfc45-bdfb-4343-9004-9be15dfd844c,server/model/players/Client.java,sendMessage
12acfc45-bdfb-4343-9004-9be15dfd844c,server/model/players/combat/AttackPlayer.java,playerDelayedHit,->,12acfc45-bdfb-4343-9004-9be15dfd844c,java/lang/System.java,currentTimeMillis
12acfc45-bdfb-4343-9004-9be15dfd844c,server/model/players/combat/AttackPlayer.java,playerDelayedHit,->,12acfc45-bdfb-4343-9004-9be15dfd844c,server/model/players/Client.java,getPA
12acfc45-bdfb-4343-9004-9be15dfd844c,server/model/players/combat/AttackPlayer.java,playerDelayedHit,->,12acfc45-bdfb-4343-9004-9be15dfd844c,991eb2a8-284a-4290-ae08-f54cf8834706,cc581d00-f04e-4278-8aaf-0ecbd93e9b04
12acfc45-bdfb-4343-9004-9be15dfd844c,server/model/players/combat/AttackPlayer.java,playerDelayedHit,->,12acfc45-bdfb-4343-9004-9be15dfd844c,server/model/players/Client.java,getPA
12acfc45-bdfb-4343-9004-9be15dfd844c,server/model/players/combat/AttackPlayer.java,playerDelayedHit,->,12acfc45-bdfb-4343-9004-9be15dfd844c,991eb2a8-284a-4290-ae08-f54cf8834706,26ef4ae0-57cb-4083-a56f-eaf4b81cb1ad
12acfc45-bdfb-4343-9004-9be15dfd844c,server/model/players/combat/AttackPlayer.java,playerDelayedHit,->,12acfc45-bdfb-4343-9004-9be15dfd844c,server/model/players/Client.java,sendMessage
12acfc45-bdfb-4343-9004-9be15dfd844c,server/model/players/combat/AttackPlayer.java,playerDelayedHit,->,12acfc45-bdfb-4343-9004-9be15dfd844c,java/lang/System.java,currentTimeMillis
12acfc45-bdfb-4343-9004-9be15dfd844c,server/model/players/combat/AttackPlayer.java,playerDelayedHit,->,12acfc45-bdfb-4343-9004-9be15dfd844c,server/model/players/Client.java,getPA
12acfc45-bdfb-4343-9004-9be15dfd844c,server/model/players/combat/AttackPlayer.java,playerDelayedHit,->,12acfc45-bdfb-4343-9004-9be15dfd844c,991eb2a8-284a-4290-ae08-f54cf8834706,cc581d00-f04e-4278-8aaf-0ecbd93e9b04
12acfc45-bdfb-4343-9004-9be15dfd844c,server/model/players/combat/AttackPlayer.java,playerDelayedHit,->,12acfc45-bdfb-4343-9004-9be15dfd844c,server/model/players/Client.java,getPA
12acfc45-bdfb-4343-9004-9be15dfd844c,server/model/players/combat/AttackPlayer.java,playerDelayedHit,->,12acfc45-bdfb-4343-9004-9be15dfd844c,991eb2a8-284a-4290-ae08-f54cf8834706,26ef4ae0-57cb-4083-a56f-eaf4b81cb1ad
12acfc45-bdfb-4343-9004-9be15dfd844c,server/model/players/combat/AttackPlayer.java,playerDelayedHit,->,12acfc45-bdfb-4343-9004-9be15dfd844c,server/model/players/Client.java,sendMessage
12acfc45-bdfb-4343-9004-9be15dfd844c,server/model/players/combat/AttackPlayer.java,playerDelayedHit,->,12acfc45-bdfb-4343-9004-9be15dfd844c,java/lang/System.java,currentTimeMillis
12acfc45-bdfb-4343-9004-9be15dfd844c,server/model/players/combat/AttackPlayer.java,playerDelayedHit,->,12acfc45-bdfb-4343-9004-9be15dfd844c,server/model/players/Client.java,getPA
12acfc45-bdfb-4343-9004-9be15dfd844c,server/model/players/combat/AttackPlayer.java,playerDelayedHit,->,12acfc45-bdfb-4343-9004-9be15dfd844c,991eb2a8-284a-4290-ae08-f54cf8834706,cc581d00-f04e-4278-8aaf-0ecbd93e9b04
12acfc45-bdfb-4343-9004-9be15dfd844c,server/model/players/combat/AttackPlayer.java,playerDelayedHit,->,12acfc45-bdfb-4343-9004-9be15dfd844c,server/model/players/Client.java,getPA
12acfc45-bdfb-4343-9004-9be15dfd844c,server/model/players/combat/AttackPlayer.java,playerDelayedHit,->,12acfc45-bdfb-4343-9004-9be15dfd844c,991eb2a8-284a-4290-ae08-f54cf8834706,26ef4ae0-57cb-4083-a56f-eaf4b81cb1ad
12acfc45-bdfb-4343-9004-9be15dfd844c,server/model/players/combat/AttackPlayer.java,playerDelayedHit,->,12acfc45-bdfb-4343-9004-9be15dfd844c,server/model/players/Client.java,sendMessage
12acfc45-bdfb-4343-9004-9be15dfd844c,server/model/players/combat/AttackPlayer.java,playerDelayedHit,->,12acfc45-bdfb-4343-9004-9be15dfd844c,java/lang/System.java,currentTimeMillis
12acfc45-bdfb-4343-9004-9be15dfd844c,server/model/players/combat/AttackPlayer.java,playerDelayedHit,->,12acfc45-bdfb-4343-9004-9be15dfd844c,server/model/players/Client.java,getPA
12acfc45-bdfb-4343-9004-9be15dfd844c,server/model/players/combat/AttackPlayer.java,playerDelayedHit,->,12acfc45-bdfb-4343-9004-9be15dfd844c,991eb2a8-284a-4290-ae08-f54cf8834706,cc581d00-f04e-4278-8aaf-0ecbd93e9b04
12acfc45-bdfb-4343-9004-9be15dfd844c,server/model/players/combat/AttackPlayer.java,playerDelayedHit,->,12acfc45-bdfb-4343-9004-9be15dfd844c,server/model/players/Client.java,getPA
12acfc45-bdfb-4343-9004-9be15dfd844c,server/model/players/combat/AttackPlayer.java,playerDelayedHit,->,12acfc45-bdfb-4343-9004-9be15dfd844c,991eb2a8-284a-4290-ae08-f54cf8834706,26ef4ae0-57cb-4083-a56f-eaf4b81cb1ad
12acfc45-bdfb-4343-9004-9be15dfd844c,server/model/players/combat/AttackPlayer.java,playerDelayedHit,->,12acfc45-bdfb-4343-9004-9be15dfd844c,server/model/players/Client.java,sendMessage
12acfc45-bdfb-4343-9004-9be15dfd844c,server/model/players/combat/AttackPlayer.java,playerDelayedHit,->,12acfc45-bdfb-4343-9004-9be15dfd844c,java/lang/System.java,currentTimeMillis
12acfc45-bdfb-4343-9004-9be15dfd844c,server/model/players/combat/AttackPlayer.java,playerDelayedHit,->,12acfc45-bdfb-4343-9004-9be15dfd844c,server/model/players/Client.java,getPA
12acfc45-bdfb-4343-9004-9be15dfd844c,server/model/players/combat/AttackPlayer.java,playerDelayedHit,->,12acfc45-bdfb-4343-9004-9be15dfd844c,991eb2a8-284a-4290-ae08-f54cf8834706,cc581d00-f04e-4278-8aaf-0ecbd93e9b04
12acfc45-bdfb-4343-9004-9be15dfd844c,server/model/players/combat/AttackPlayer.java,playerDelayedHit,->,12acfc45-bdfb-4343-9004-9be15dfd844c,java/lang/System.java,currentTimeMillis
12acfc45-bdfb-4343-9004-9be15dfd844c,server/model/players/combat/AttackPlayer.java,playerDelayedHit,->,12acfc45-bdfb-4343-9004-9be15dfd844c,java/lang/System.java,currentTimeMillis
12acfc45-bdfb-4343-9004-9be15dfd844c,server/model/players/combat/AttackPlayer.java,playerDelayedHit,->,12acfc45-bdfb-4343-9004-9be15dfd844c,server/model/players/Client.java,getCombat
12acfc45-bdfb-4343-9004-9be15dfd844c,server/model/players/combat/AttackPlayer.java,playerDelayedHit,->,12acfc45-bdfb-4343-9004-9be15dfd844c,server/model/players/CombatAssistant.java,magicMaxHit
12acfc45-bdfb-4343-9004-9be15dfd844c,server/model/players/combat/AttackPlayer.java,playerDelayedHit,->,12acfc45-bdfb-4343-9004-9be15dfd844c,server/model/players/Player.java,dealDamage
12acfc45-bdfb-4343-9004-9be15dfd844c,server/model/players/combat/AttackPlayer.java,playerDelayedHit,->,12acfc45-bdfb-4343-9004-9be15dfd844c,server/model/players/Player.java,handleHitMask
12acfc45-bdfb-4343-9004-9be15dfd844c,server/model/players/combat/AttackPlayer.java,playerDelayedHit,->,12acfc45-bdfb-4343-9004-9be15dfd844c,server/model/players/Client.java,getCombat
12acfc45-bdfb-4343-9004-9be15dfd844c,server/model/players/combat/AttackPlayer.java,playerDelayedHit,->,12acfc45-bdfb-4343-9004-9be15dfd844c,server/model/players/CombatAssistant.java,applySmite
12acfc45-bdfb-4343-9004-9be15dfd844c,server/model/players/combat/AttackPlayer.java,playerDelayedHit,->,12acfc45-bdfb-4343-9004-9be15dfd844c,server/model/players/Client.java,getPA
12acfc45-bdfb-4343-9004-9be15dfd844c,server/model/players/combat/AttackPlayer.java,playerDelayedHit,->,12acfc45-bdfb-4343-9004-9be15dfd844c,991eb2a8-284a-4290-ae08-f54cf8834706,cc581d00-f04e-4278-8aaf-0ecbd93e9b04
12acfc45-bdfb-4343-9004-9be15dfd844c,server/model/players/combat/AttackPlayer.java,playerDelayedHit,->,12acfc45-bdfb-4343-9004-9be15dfd844c,server/model/players/Client.java,inMulti
12acfc45-bdfb-4343-9004-9be15dfd844c,server/model/players/combat/AttackPlayer.java,playerDelayedHit,->,12acfc45-bdfb-4343-9004-9be15dfd844c,server/model/players/Client.java,getCombat
12acfc45-bdfb-4343-9004-9be15dfd844c,server/model/players/combat/AttackPlayer.java,playerDelayedHit,->,12acfc45-bdfb-4343-9004-9be15dfd844c,server/model/players/CombatAssistant.java,multis
12acfc45-bdfb-4343-9004-9be15dfd844c,server/model/players/combat/AttackPlayer.java,playerDelayedHit,->,12acfc45-bdfb-4343-9004-9be15dfd844c,server/model/players/Client.java,getX
12acfc45-bdfb-4343-9004-9be15dfd844c,server/model/players/combat/AttackPlayer.java,playerDelayedHit,->,12acfc45-bdfb-4343-9004-9be15dfd844c,server/model/players/Client.java,getY
12acfc45-bdfb-4343-9004-9be15dfd844c,server/model/players/combat/AttackPlayer.java,playerDelayedHit,->,12acfc45-bdfb-4343-9004-9be15dfd844c,server/model/players/Player.java,getX
12acfc45-bdfb-4343-9004-9be15dfd844c,server/model/players/combat/AttackPlayer.java,playerDelayedHit,->,12acfc45-bdfb-4343-9004-9be15dfd844c,server/model/players/Player.java,getY
12acfc45-bdfb-4343-9004-9be15dfd844c,server/model/players/combat/AttackPlayer.java,playerDelayedHit,->,12acfc45-bdfb-4343-9004-9be15dfd844c,server/model/players/Client.java,goodDistance
12acfc45-bdfb-4343-9004-9be15dfd844c,server/model/players/combat/AttackPlayer.java,playerDelayedHit,->,12acfc45-bdfb-4343-9004-9be15dfd844c,server/model/players/Client.java,getCombat
12acfc45-bdfb-4343-9004-9be15dfd844c,server/model/players/combat/AttackPlayer.java,playerDelayedHit,->,12acfc45-bdfb-4343-9004-9be15dfd844c,server/model/players/CombatAssistant.java,appendMultiBarrage
12acfc45-bdfb-4343-9004-9be15dfd844c,server/model/players/combat/AttackPlayer.java,playerDelayedHit,->,12acfc45-bdfb-4343-9004-9be15dfd844c,server/model/players/Client.java,getPA
12acfc45-bdfb-4343-9004-9be15dfd844c,server/model/players/combat/AttackPlayer.java,playerDelayedHit,->,12acfc45-bdfb-4343-9004-9be15dfd844c,991eb2a8-284a-4290-ae08-f54cf8834706,cc581d00-f04e-4278-8aaf-0ecbd93e9b04
12acfc45-bdfb-4343-9004-9be15dfd844c,server/model/players/combat/AttackPlayer.java,playerDelayedHit,->,12acfc45-bdfb-4343-9004-9be15dfd844c,server/model/players/Client.java,getPA
12acfc45-bdfb-4343-9004-9be15dfd844c,server/model/players/combat/AttackPlayer.java,playerDelayedHit,->,12acfc45-bdfb-4343-9004-9be15dfd844c,991eb2a8-284a-4290-ae08-f54cf8834706,cc581d00-f04e-4278-8aaf-0ecbd93e9b04
12acfc45-bdfb-4343-9004-9be15dfd844c,server/model/players/combat/AttackPlayer.java,playerDelayedHit,->,12acfc45-bdfb-4343-9004-9be15dfd844c,server/model/players/Client.java,getPA
12acfc45-bdfb-4343-9004-9be15dfd844c,server/model/players/combat/AttackPlayer.java,playerDelayedHit,->,12acfc45-bdfb-4343-9004-9be15dfd844c,991eb2a8-284a-4290-ae08-f54cf8834706,f59ca130-d149-43aa-b537-369a4987d63b
12acfc45-bdfb-4343-9004-9be15dfd844c,server/model/players/combat/AttackPlayer.java,attackPlayer,->,12acfc45-bdfb-4343-9004-9be15dfd844c,server/model/players/Client.java,getCombat
12acfc45-bdfb-4343-9004-9be15dfd844c,server/model/players/combat/AttackPlayer.java,attackPlayer,->,12acfc45-bdfb-4343-9004-9be15dfd844c,server/model/players/CombatAssistant.java,resetPlayerAttack
12acfc45-bdfb-4343-9004-9be15dfd844c,server/model/players/combat/AttackPlayer.java,attackPlayer,->,12acfc45-bdfb-4343-9004-9be15dfd844c,server/model/players/Client.java,getCombat
12acfc45-bdfb-4343-9004-9be15dfd844c,server/model/players/combat/AttackPlayer.java,attackPlayer,->,12acfc45-bdfb-4343-9004-9be15dfd844c,server/model/players/CombatAssistant.java,resetPlayerAttack
12acfc45-bdfb-4343-9004-9be15dfd844c,server/model/players/combat/AttackPlayer.java,attackPlayer,->,12acfc45-bdfb-4343-9004-9be15dfd844c,server/model/players/Client.java,getCombat
12acfc45-bdfb-4343-9004-9be15dfd844c,server/model/players/combat/AttackPlayer.java,attackPlayer,->,12acfc45-bdfb-4343-9004-9be15dfd844c,server/model/players/CombatAssistant.java,checkReqs
12acfc45-bdfb-4343-9004-9be15dfd844c,server/model/players/combat/AttackPlayer.java,attackPlayer,->,12acfc45-bdfb-4343-9004-9be15dfd844c,server/model/players/Player.java,getX
12acfc45-bdfb-4343-9004-9be15dfd844c,server/model/players/combat/AttackPlayer.java,attackPlayer,->,12acfc45-bdfb-4343-9004-9be15dfd844c,server/model/players/Player.java,getY
12acfc45-bdfb-4343-9004-9be15dfd844c,server/model/players/combat/AttackPlayer.java,attackPlayer,->,12acfc45-bdfb-4343-9004-9be15dfd844c,server/model/players/Player.java,getX
12acfc45-bdfb-4343-9004-9be15dfd844c,server/model/players/combat/AttackPlayer.java,attackPlayer,->,12acfc45-bdfb-4343-9004-9be15dfd844c,server/model/players/Player.java,getY
12acfc45-bdfb-4343-9004-9be15dfd844c,server/model/players/combat/AttackPlayer.java,attackPlayer,->,12acfc45-bdfb-4343-9004-9be15dfd844c,server/model/players/Client.java,getX
12acfc45-bdfb-4343-9004-9be15dfd844c,server/model/players/combat/AttackPlayer.java,attackPlayer,->,12acfc45-bdfb-4343-9004-9be15dfd844c,server/model/players/Client.java,getY
12acfc45-bdfb-4343-9004-9be15dfd844c,server/model/players/combat/AttackPlayer.java,attackPlayer,->,12acfc45-bdfb-4343-9004-9be15dfd844c,server/model/players/Client.java,goodDistance
12acfc45-bdfb-4343-9004-9be15dfd844c,server/model/players/combat/AttackPlayer.java,attackPlayer,->,12acfc45-bdfb-4343-9004-9be15dfd844c,server/model/players/Client.java,getCombat
12acfc45-bdfb-4343-9004-9be15dfd844c,server/model/players/combat/AttackPlayer.java,attackPlayer,->,12acfc45-bdfb-4343-9004-9be15dfd844c,server/model/players/CombatAssistant.java,resetPlayerAttack
12acfc45-bdfb-4343-9004-9be15dfd844c,server/model/players/combat/AttackPlayer.java,attackPlayer,->,12acfc45-bdfb-4343-9004-9be15dfd844c,server/model/players/Client.java,getCombat
12acfc45-bdfb-4343-9004-9be15dfd844c,server/model/players/combat/AttackPlayer.java,attackPlayer,->,12acfc45-bdfb-4343-9004-9be15dfd844c,server/model/players/CombatAssistant.java,resetPlayerAttack
12acfc45-bdfb-4343-9004-9be15dfd844c,server/model/players/combat/AttackPlayer.java,attackPlayer,->,12acfc45-bdfb-4343-9004-9be15dfd844c,server/model/players/Client.java,getCombat
12acfc45-bdfb-4343-9004-9be15dfd844c,server/model/players/combat/AttackPlayer.java,attackPlayer,->,12acfc45-bdfb-4343-9004-9be15dfd844c,server/model/players/CombatAssistant.java,resetPlayerAttack
12acfc45-bdfb-4343-9004-9be15dfd844c,server/model/players/combat/AttackPlayer.java,attackPlayer,->,12acfc45-bdfb-4343-9004-9be15dfd844c,server/model/players/Client.java,getCombat
12acfc45-bdfb-4343-9004-9be15dfd844c,server/model/players/combat/AttackPlayer.java,attackPlayer,->,12acfc45-bdfb-4343-9004-9be15dfd844c,server/model/players/CombatAssistant.java,resetPlayerAttack
12acfc45-bdfb-4343-9004-9be15dfd844c,server/model/players/combat/AttackPlayer.java,attackPlayer,->,12acfc45-bdfb-4343-9004-9be15dfd844c,server/model/players/Client.java,getX
12acfc45-bdfb-4343-9004-9be15dfd844c,server/model/players/combat/AttackPlayer.java,attackPlayer,->,12acfc45-bdfb-4343-9004-9be15dfd844c,server/model/players/Client.java,getX
12acfc45-bdfb-4343-9004-9be15dfd844c,server/model/players/combat/AttackPlayer.java,attackPlayer,->,12acfc45-bdfb-4343-9004-9be15dfd844c,server/model/players/Client.java,getY
12acfc45-bdfb-4343-9004-9be15dfd844c,server/model/players/combat/AttackPlayer.java,attackPlayer,->,12acfc45-bdfb-4343-9004-9be15dfd844c,server/model/players/Client.java,getY
12acfc45-bdfb-4343-9004-9be15dfd844c,server/model/players/combat/AttackPlayer.java,attackPlayer,->,12acfc45-bdfb-4343-9004-9be15dfd844c,server/model/players/Client.java,getCombat
12acfc45-bdfb-4343-9004-9be15dfd844c,server/model/players/combat/AttackPlayer.java,attackPlayer,->,12acfc45-bdfb-4343-9004-9be15dfd844c,server/model/players/CombatAssistant.java,usingHally
12acfc45-bdfb-4343-9004-9be15dfd844c,server/model/players/combat/AttackPlayer.java,attackPlayer,->,12acfc45-bdfb-4343-9004-9be15dfd844c,server/model/players/Client.java,faceUpdate
12acfc45-bdfb-4343-9004-9be15dfd844c,server/model/players/combat/AttackPlayer.java,attackPlayer,->,12acfc45-bdfb-4343-9004-9be15dfd844c,server/model/players/Client.java,getPA
12acfc45-bdfb-4343-9004-9be15dfd844c,server/model/players/combat/AttackPlayer.java,attackPlayer,->,12acfc45-bdfb-4343-9004-9be15dfd844c,server/model/players/Client.java,getX
12acfc45-bdfb-4343-9004-9be15dfd844c,server/model/players/combat/AttackPlayer.java,attackPlayer,->,12acfc45-bdfb-4343-9004-9be15dfd844c,server/model/players/Client.java,getY
12acfc45-bdfb-4343-9004-9be15dfd844c,server/model/players/combat/AttackPlayer.java,attackPlayer,->,12acfc45-bdfb-4343-9004-9be15dfd844c,991eb2a8-284a-4290-ae08-f54cf8834706,d95fb5e7-02ff-454b-a9fb-3f586d5e042a
12acfc45-bdfb-4343-9004-9be15dfd844c,server/model/players/combat/AttackPlayer.java,attackPlayer,->,12acfc45-bdfb-4343-9004-9be15dfd844c,server/model/players/Client.java,getCombat
12acfc45-bdfb-4343-9004-9be15dfd844c,server/model/players/combat/AttackPlayer.java,attackPlayer,->,12acfc45-bdfb-4343-9004-9be15dfd844c,server/model/players/Client.java,getItems
12acfc45-bdfb-4343-9004-9be15dfd844c,server/model/players/combat/AttackPlayer.java,attackPlayer,->,12acfc45-bdfb-4343-9004-9be15dfd844c,server/model/items/ItemAssistant.java,getItemName
12acfc45-bdfb-4343-9004-9be15dfd844c,server/model/players/combat/AttackPlayer.java,attackPlayer,->,12acfc45-bdfb-4343-9004-9be15dfd844c,java/lang/String.java,toLowerCase
12acfc45-bdfb-4343-9004-9be15dfd844c,server/model/players/combat/AttackPlayer.java,attackPlayer,->,12acfc45-bdfb-4343-9004-9be15dfd844c,server/model/players/CombatAssistant.java,getAttackDelay
12acfc45-bdfb-4343-9004-9be15dfd844c,server/model/players/combat/AttackPlayer.java,attackPlayer,->,12acfc45-bdfb-4343-9004-9be15dfd844c,server/model/players/Client.java,sendMessage
12acfc45-bdfb-4343-9004-9be15dfd844c,server/model/players/combat/AttackPlayer.java,attackPlayer,->,12acfc45-bdfb-4343-9004-9be15dfd844c,server/model/players/Client.java,sendMessage
12acfc45-bdfb-4343-9004-9be15dfd844c,server/model/players/combat/AttackPlayer.java,attackPlayer,->,12acfc45-bdfb-4343-9004-9be15dfd844c,server/model/players/Client.java,sendMessage
12acfc45-bdfb-4343-9004-9be15dfd844c,server/model/players/combat/AttackPlayer.java,attackPlayer,->,12acfc45-bdfb-4343-9004-9be15dfd844c,server/model/players/Client.java,getCombat
12acfc45-bdfb-4343-9004-9be15dfd844c,server/model/players/combat/AttackPlayer.java,attackPlayer,->,12acfc45-bdfb-4343-9004-9be15dfd844c,server/model/players/CombatAssistant.java,resetPlayerAttack
12acfc45-bdfb-4343-9004-9be15dfd844c,server/model/players/combat/AttackPlayer.java,attackPlayer,->,12acfc45-bdfb-4343-9004-9be15dfd844c,server/model/players/Client.java,sendMessage
12acfc45-bdfb-4343-9004-9be15dfd844c,server/model/players/combat/AttackPlayer.java,attackPlayer,->,12acfc45-bdfb-4343-9004-9be15dfd844c,server/model/players/Client.java,getCombat
12acfc45-bdfb-4343-9004-9be15dfd844c,server/model/players/combat/AttackPlayer.java,attackPlayer,->,12acfc45-bdfb-4343-9004-9be15dfd844c,server/model/players/CombatAssistant.java,resetPlayerAttack
12acfc45-bdfb-4343-9004-9be15dfd844c,server/model/players/combat/AttackPlayer.java,attackPlayer,->,12acfc45-bdfb-4343-9004-9be15dfd844c,server/model/players/Client.java,sendMessage
12acfc45-bdfb-4343-9004-9be15dfd844c,server/model/players/combat/AttackPlayer.java,attackPlayer,->,12acfc45-bdfb-4343-9004-9be15dfd844c,server/model/players/Client.java,sendMessage
12acfc45-bdfb-4343-9004-9be15dfd844c,server/model/players/combat/AttackPlayer.java,attackPlayer,->,12acfc45-bdfb-4343-9004-9be15dfd844c,server/model/players/Client.java,sendMessage
12acfc45-bdfb-4343-9004-9be15dfd844c,server/model/players/combat/AttackPlayer.java,attackPlayer,->,12acfc45-bdfb-4343-9004-9be15dfd844c,server/model/players/Client.java,getCombat
12acfc45-bdfb-4343-9004-9be15dfd844c,server/model/players/combat/AttackPlayer.java,attackPlayer,->,12acfc45-bdfb-4343-9004-9be15dfd844c,server/model/players/CombatAssistant.java,resetPlayerAttack
12acfc45-bdfb-4343-9004-9be15dfd844c,server/model/players/combat/AttackPlayer.java,attackPlayer,->,12acfc45-bdfb-4343-9004-9be15dfd844c,server/model/players/Client.java,getX
12acfc45-bdfb-4343-9004-9be15dfd844c,server/model/players/combat/AttackPlayer.java,attackPlayer,->,12acfc45-bdfb-4343-9004-9be15dfd844c,server/model/players/Client.java,getY
12acfc45-bdfb-4343-9004-9be15dfd844c,server/model/players/combat/AttackPlayer.java,attackPlayer,->,12acfc45-bdfb-4343-9004-9be15dfd844c,server/model/players/Player.java,getX
12acfc45-bdfb-4343-9004-9be15dfd844c,server/model/players/combat/AttackPlayer.java,attackPlayer,->,12acfc45-bdfb-4343-9004-9be15dfd844c,server/model/players/Player.java,getY
12acfc45-bdfb-4343-9004-9be15dfd844c,server/model/players/combat/AttackPlayer.java,attackPlayer,->,12acfc45-bdfb-4343-9004-9be15dfd844c,server/model/players/Client.java,goodDistance
12acfc45-bdfb-4343-9004-9be15dfd844c,server/model/players/combat/AttackPlayer.java,attackPlayer,->,12acfc45-bdfb-4343-9004-9be15dfd844c,server/model/players/Client.java,getX
12acfc45-bdfb-4343-9004-9be15dfd844c,server/model/players/combat/AttackPlayer.java,attackPlayer,->,12acfc45-bdfb-4343-9004-9be15dfd844c,server/model/players/Client.java,getY
12acfc45-bdfb-4343-9004-9be15dfd844c,server/model/players/combat/AttackPlayer.java,attackPlayer,->,12acfc45-bdfb-4343-9004-9be15dfd844c,server/model/players/Player.java,getX
12acfc45-bdfb-4343-9004-9be15dfd844c,server/model/players/combat/AttackPlayer.java,attackPlayer,->,12acfc45-bdfb-4343-9004-9be15dfd844c,server/model/players/Player.java,getY
12acfc45-bdfb-4343-9004-9be15dfd844c,server/model/players/combat/AttackPlayer.java,attackPlayer,->,12acfc45-bdfb-4343-9004-9be15dfd844c,server/model/players/Client.java,goodDistance
12acfc45-bdfb-4343-9004-9be15dfd844c,server/model/players/combat/AttackPlayer.java,attackPlayer,->,12acfc45-bdfb-4343-9004-9be15dfd844c,server/model/players/Client.java,getCombat
12acfc45-bdfb-4343-9004-9be15dfd844c,server/model/players/combat/AttackPlayer.java,attackPlayer,->,12acfc45-bdfb-4343-9004-9be15dfd844c,server/model/players/CombatAssistant.java,usingHally
12acfc45-bdfb-4343-9004-9be15dfd844c,server/model/players/combat/AttackPlayer.java,attackPlayer,->,12acfc45-bdfb-4343-9004-9be15dfd844c,server/model/players/Client.java,getX
12acfc45-bdfb-4343-9004-9be15dfd844c,server/model/players/combat/AttackPlayer.java,attackPlayer,->,12acfc45-bdfb-4343-9004-9be15dfd844c,server/model/players/Client.java,getY
12acfc45-bdfb-4343-9004-9be15dfd844c,server/model/players/combat/AttackPlayer.java,attackPlayer,->,12acfc45-bdfb-4343-9004-9be15dfd844c,server/model/players/Player.java,getX
12acfc45-bdfb-4343-9004-9be15dfd844c,server/model/players/combat/AttackPlayer.java,attackPlayer,->,12acfc45-bdfb-4343-9004-9be15dfd844c,server/model/players/Player.java,getY
12acfc45-bdfb-4343-9004-9be15dfd844c,server/model/players/combat/AttackPlayer.java,attackPlayer,->,12acfc45-bdfb-4343-9004-9be15dfd844c,server/model/players/Client.java,getCombat
12acfc45-bdfb-4343-9004-9be15dfd844c,server/model/players/combat/AttackPlayer.java,attackPlayer,->,12acfc45-bdfb-4343-9004-9be15dfd844c,server/model/players/CombatAssistant.java,getRequiredDistance
12acfc45-bdfb-4343-9004-9be15dfd844c,server/model/players/combat/AttackPlayer.java,attackPlayer,->,12acfc45-bdfb-4343-9004-9be15dfd844c,server/model/players/Client.java,goodDistance
12acfc45-bdfb-4343-9004-9be15dfd844c,server/model/players/combat/AttackPlayer.java,attackPlayer,->,12acfc45-bdfb-4343-9004-9be15dfd844c,server/model/players/Client.java,getCombat
12acfc45-bdfb-4343-9004-9be15dfd844c,server/model/players/combat/AttackPlayer.java,attackPlayer,->,12acfc45-bdfb-4343-9004-9be15dfd844c,server/model/players/CombatAssistant.java,usingHally
12acfc45-bdfb-4343-9004-9be15dfd844c,server/model/players/combat/AttackPlayer.java,attackPlayer,->,12acfc45-bdfb-4343-9004-9be15dfd844c,server/model/players/Client.java,getX
12acfc45-bdfb-4343-9004-9be15dfd844c,server/model/players/combat/AttackPlayer.java,attackPlayer,->,12acfc45-bdfb-4343-9004-9be15dfd844c,server/model/players/Client.java,getY
12acfc45-bdfb-4343-9004-9be15dfd844c,server/model/players/combat/AttackPlayer.java,attackPlayer,->,12acfc45-bdfb-4343-9004-9be15dfd844c,server/model/players/Player.java,getX
12acfc45-bdfb-4343-9004-9be15dfd844c,server/model/players/combat/AttackPlayer.java,attackPlayer,->,12acfc45-bdfb-4343-9004-9be15dfd844c,server/model/players/Player.java,getY
12acfc45-bdfb-4343-9004-9be15dfd844c,server/model/players/combat/AttackPlayer.java,attackPlayer,->,12acfc45-bdfb-4343-9004-9be15dfd844c,server/model/players/Client.java,goodDistance
12acfc45-bdfb-4343-9004-9be15dfd844c,server/model/players/combat/AttackPlayer.java,attackPlayer,->,12acfc45-bdfb-4343-9004-9be15dfd844c,server/model/players/Client.java,getCombat
12acfc45-bdfb-4343-9004-9be15dfd844c,server/model/players/combat/AttackPlayer.java,attackPlayer,->,12acfc45-bdfb-4343-9004-9be15dfd844c,server/model/players/CombatAssistant.java,resetPlayerAttack
12acfc45-bdfb-4343-9004-9be15dfd844c,server/model/players/combat/AttackPlayer.java,attackPlayer,->,12acfc45-bdfb-4343-9004-9be15dfd844c,server/model/players/Client.java,sendMessage
12acfc45-bdfb-4343-9004-9be15dfd844c,server/model/players/combat/AttackPlayer.java,attackPlayer,->,12acfc45-bdfb-4343-9004-9be15dfd844c,server/model/players/Client.java,stopMovement
12acfc45-bdfb-4343-9004-9be15dfd844c,server/model/players/combat/AttackPlayer.java,attackPlayer,->,12acfc45-bdfb-4343-9004-9be15dfd844c,server/model/players/Client.java,getCombat
12acfc45-bdfb-4343-9004-9be15dfd844c,server/model/players/combat/AttackPlayer.java,attackPlayer,->,12acfc45-bdfb-4343-9004-9be15dfd844c,server/model/players/CombatAssistant.java,resetPlayerAttack
12acfc45-bdfb-4343-9004-9be15dfd844c,server/model/players/combat/AttackPlayer.java,attackPlayer,->,12acfc45-bdfb-4343-9004-9be15dfd844c,server/model/players/Client.java,getCombat
12acfc45-bdfb-4343-9004-9be15dfd844c,server/model/players/combat/AttackPlayer.java,attackPlayer,->,12acfc45-bdfb-4343-9004-9be15dfd844c,server/model/players/CombatAssistant.java,correctBowAndArrows
12acfc45-bdfb-4343-9004-9be15dfd844c,server/model/players/combat/AttackPlayer.java,attackPlayer,->,12acfc45-bdfb-4343-9004-9be15dfd844c,server/model/players/Client.java,getCombat
12acfc45-bdfb-4343-9004-9be15dfd844c,server/model/players/combat/AttackPlayer.java,attackPlayer,->,12acfc45-bdfb-4343-9004-9be15dfd844c,server/model/players/CombatAssistant.java,usingCrystalBow
12acfc45-bdfb-4343-9004-9be15dfd844c,server/model/players/combat/AttackPlayer.java,attackPlayer,->,12acfc45-bdfb-4343-9004-9be15dfd844c,java/lang/StringBuilder.java,append
12acfc45-bdfb-4343-9004-9be15dfd844c,server/model/players/combat/AttackPlayer.java,attackPlayer,->,12acfc45-bdfb-4343-9004-9be15dfd844c,server/model/players/Client.java,getItems
12acfc45-bdfb-4343-9004-9be15dfd844c,server/model/players/combat/AttackPlayer.java,attackPlayer,->,12acfc45-bdfb-4343-9004-9be15dfd844c,server/model/items/ItemAssistant.java,getItemName
12acfc45-bdfb-4343-9004-9be15dfd844c,server/model/players/combat/AttackPlayer.java,attackPlayer,->,12acfc45-bdfb-4343-9004-9be15dfd844c,java/lang/String.java,toLowerCase
12acfc45-bdfb-4343-9004-9be15dfd844c,server/model/players/combat/AttackPlayer.java,attackPlayer,->,12acfc45-bdfb-4343-9004-9be15dfd844c,java/lang/StringBuilder.java,append
12acfc45-bdfb-4343-9004-9be15dfd844c,server/model/players/combat/AttackPlayer.java,attackPlayer,->,12acfc45-bdfb-4343-9004-9be15dfd844c,java/lang/StringBuilder.java,append
12acfc45-bdfb-4343-9004-9be15dfd844c,server/model/players/combat/AttackPlayer.java,attackPlayer,->,12acfc45-bdfb-4343-9004-9be15dfd844c,server/model/players/Client.java,getItems
12acfc45-bdfb-4343-9004-9be15dfd844c,server/model/players/combat/AttackPlayer.java,attackPlayer,->,12acfc45-bdfb-4343-9004-9be15dfd844c,server/model/items/ItemAssistant.java,getItemName
12acfc45-bdfb-4343-9004-9be15dfd844c,server/model/players/combat/AttackPlayer.java,attackPlayer,->,12acfc45-bdfb-4343-9004-9be15dfd844c,java/lang/String.java,toLowerCase
12acfc45-bdfb-4343-9004-9be15dfd844c,server/model/players/combat/AttackPlayer.java,attackPlayer,->,12acfc45-bdfb-4343-9004-9be15dfd844c,java/lang/StringBuilder.java,append
12acfc45-bdfb-4343-9004-9be15dfd844c,server/model/players/combat/AttackPlayer.java,attackPlayer,->,12acfc45-bdfb-4343-9004-9be15dfd844c,java/lang/StringBuilder.java,append
12acfc45-bdfb-4343-9004-9be15dfd844c,server/model/players/combat/AttackPlayer.java,attackPlayer,->,12acfc45-bdfb-4343-9004-9be15dfd844c,java/lang/StringBuilder.java,toString
12acfc45-bdfb-4343-9004-9be15dfd844c,server/model/players/combat/AttackPlayer.java,attackPlayer,->,12acfc45-bdfb-4343-9004-9be15dfd844c,server/model/players/Client.java,sendMessage
12acfc45-bdfb-4343-9004-9be15dfd844c,server/model/players/combat/AttackPlayer.java,attackPlayer,->,12acfc45-bdfb-4343-9004-9be15dfd844c,server/model/players/Client.java,stopMovement
12acfc45-bdfb-4343-9004-9be15dfd844c,server/model/players/combat/AttackPlayer.java,attackPlayer,->,12acfc45-bdfb-4343-9004-9be15dfd844c,server/model/players/Client.java,getCombat
12acfc45-bdfb-4343-9004-9be15dfd844c,server/model/players/combat/AttackPlayer.java,attackPlayer,->,12acfc45-bdfb-4343-9004-9be15dfd844c,server/model/players/CombatAssistant.java,resetPlayerAttack
12acfc45-bdfb-4343-9004-9be15dfd844c,server/model/players/combat/AttackPlayer.java,attackPlayer,->,12acfc45-bdfb-4343-9004-9be15dfd844c,server/model/players/Client.java,getCombat
12acfc45-bdfb-4343-9004-9be15dfd844c,server/model/players/combat/AttackPlayer.java,attackPlayer,->,12acfc45-bdfb-4343-9004-9be15dfd844c,server/model/players/CombatAssistant.java,properBolts
12acfc45-bdfb-4343-9004-9be15dfd844c,server/model/players/combat/AttackPlayer.java,attackPlayer,->,12acfc45-bdfb-4343-9004-9be15dfd844c,server/model/players/Client.java,sendMessage
12acfc45-bdfb-4343-9004-9be15dfd844c,server/model/players/combat/AttackPlayer.java,attackPlayer,->,12acfc45-bdfb-4343-9004-9be15dfd844c,server/model/players/Client.java,stopMovement
12acfc45-bdfb-4343-9004-9be15dfd844c,server/model/players/combat/AttackPlayer.java,attackPlayer,->,12acfc45-bdfb-4343-9004-9be15dfd844c,server/model/players/Client.java,getCombat
12acfc45-bdfb-4343-9004-9be15dfd844c,server/model/players/combat/AttackPlayer.java,attackPlayer,->,12acfc45-bdfb-4343-9004-9be15dfd844c,server/model/players/CombatAssistant.java,resetPlayerAttack
12acfc45-bdfb-4343-9004-9be15dfd844c,server/model/players/combat/AttackPlayer.java,attackPlayer,->,12acfc45-bdfb-4343-9004-9be15dfd844c,server/model/players/Client.java,getCombat
12acfc45-bdfb-4343-9004-9be15dfd844c,server/model/players/combat/AttackPlayer.java,attackPlayer,->,12acfc45-bdfb-4343-9004-9be15dfd844c,server/model/players/CombatAssistant.java,usingHally
12acfc45-bdfb-4343-9004-9be15dfd844c,server/model/players/combat/AttackPlayer.java,attackPlayer,->,12acfc45-bdfb-4343-9004-9be15dfd844c,server/model/players/Client.java,stopMovement
12acfc45-bdfb-4343-9004-9be15dfd844c,server/model/players/combat/AttackPlayer.java,attackPlayer,->,12acfc45-bdfb-4343-9004-9be15dfd844c,server/model/players/Client.java,getCombat
12acfc45-bdfb-4343-9004-9be15dfd844c,server/model/players/combat/AttackPlayer.java,attackPlayer,->,12acfc45-bdfb-4343-9004-9be15dfd844c,server/model/players/CombatAssistant.java,checkMagicReqs
12acfc45-bdfb-4343-9004-9be15dfd844c,server/model/players/combat/AttackPlayer.java,attackPlayer,->,12acfc45-bdfb-4343-9004-9be15dfd844c,server/model/players/Client.java,stopMovement
12acfc45-bdfb-4343-9004-9be15dfd844c,server/model/players/combat/AttackPlayer.java,attackPlayer,->,12acfc45-bdfb-4343-9004-9be15dfd844c,server/model/players/Client.java,getCombat
12acfc45-bdfb-4343-9004-9be15dfd844c,server/model/players/combat/AttackPlayer.java,attackPlayer,->,12acfc45-bdfb-4343-9004-9be15dfd844c,server/model/players/CombatAssistant.java,resetPlayerAttack
12acfc45-bdfb-4343-9004-9be15dfd844c,server/model/players/combat/AttackPlayer.java,attackPlayer,->,12acfc45-bdfb-4343-9004-9be15dfd844c,server/model/players/Client.java,faceUpdate
12acfc45-bdfb-4343-9004-9be15dfd844c,server/model/players/combat/AttackPlayer.java,attackPlayer,->,12acfc45-bdfb-4343-9004-9be15dfd844c,java/lang/Integer.java,valueOf
12acfc45-bdfb-4343-9004-9be15dfd844c,server/model/players/combat/AttackPlayer.java,attackPlayer,->,12acfc45-bdfb-4343-9004-9be15dfd844c,java/util/ArrayList.java,contains
12acfc45-bdfb-4343-9004-9be15dfd844c,server/model/players/combat/AttackPlayer.java,attackPlayer,->,12acfc45-bdfb-4343-9004-9be15dfd844c,java/lang/Integer.java,valueOf
12acfc45-bdfb-4343-9004-9be15dfd844c,server/model/players/combat/AttackPlayer.java,attackPlayer,->,12acfc45-bdfb-4343-9004-9be15dfd844c,java/util/ArrayList.java,contains
12acfc45-bdfb-4343-9004-9be15dfd844c,server/model/players/combat/AttackPlayer.java,attackPlayer,->,12acfc45-bdfb-4343-9004-9be15dfd844c,java/lang/Integer.java,valueOf
12acfc45-bdfb-4343-9004-9be15dfd844c,server/model/players/combat/AttackPlayer.java,attackPlayer,->,12acfc45-bdfb-4343-9004-9be15dfd844c,java/util/ArrayList.java,add
12acfc45-bdfb-4343-9004-9be15dfd844c,server/model/players/combat/AttackPlayer.java,attackPlayer,->,12acfc45-bdfb-4343-9004-9be15dfd844c,server/model/players/Client.java,getPA
12acfc45-bdfb-4343-9004-9be15dfd844c,server/model/players/combat/AttackPlayer.java,attackPlayer,->,12acfc45-bdfb-4343-9004-9be15dfd844c,991eb2a8-284a-4290-ae08-f54cf8834706,f59ca130-d149-43aa-b537-369a4987d63b
12acfc45-bdfb-4343-9004-9be15dfd844c,server/model/players/combat/AttackPlayer.java,attackPlayer,->,12acfc45-bdfb-4343-9004-9be15dfd844c,server/model/players/Client.java,sendMessage
12acfc45-bdfb-4343-9004-9be15dfd844c,server/model/players/combat/AttackPlayer.java,attackPlayer,->,12acfc45-bdfb-4343-9004-9be15dfd844c,server/model/players/Client.java,getItems
12acfc45-bdfb-4343-9004-9be15dfd844c,server/model/players/combat/AttackPlayer.java,attackPlayer,->,12acfc45-bdfb-4343-9004-9be15dfd844c,server/model/items/ItemAssistant.java,updateSpecialBar
12acfc45-bdfb-4343-9004-9be15dfd844c,server/model/players/combat/AttackPlayer.java,attackPlayer,->,12acfc45-bdfb-4343-9004-9be15dfd844c,server/model/players/Client.java,getCombat
12acfc45-bdfb-4343-9004-9be15dfd844c,server/model/players/combat/AttackPlayer.java,attackPlayer,->,12acfc45-bdfb-4343-9004-9be15dfd844c,server/model/players/CombatAssistant.java,resetPlayerAttack
12acfc45-bdfb-4343-9004-9be15dfd844c,server/model/players/combat/AttackPlayer.java,attackPlayer,->,12acfc45-bdfb-4343-9004-9be15dfd844c,server/model/players/Client.java,getCombat
12acfc45-bdfb-4343-9004-9be15dfd844c,server/model/players/combat/AttackPlayer.java,attackPlayer,->,12acfc45-bdfb-4343-9004-9be15dfd844c,server/model/players/CombatAssistant.java,checkSpecAmount
12acfc45-bdfb-4343-9004-9be15dfd844c,server/model/players/combat/AttackPlayer.java,attackPlayer,->,12acfc45-bdfb-4343-9004-9be15dfd844c,server/model/players/Client.java,getCombat
12acfc45-bdfb-4343-9004-9be15dfd844c,server/model/players/combat/AttackPlayer.java,attackPlayer,->,12acfc45-bdfb-4343-9004-9be15dfd844c,server/model/players/CombatAssistant.java,activateSpecial
12acfc45-bdfb-4343-9004-9be15dfd844c,server/model/players/combat/AttackPlayer.java,attackPlayer,->,12acfc45-bdfb-4343-9004-9be15dfd844c,server/model/players/Client.java,sendMessage
12acfc45-bdfb-4343-9004-9be15dfd844c,server/model/players/combat/AttackPlayer.java,attackPlayer,->,12acfc45-bdfb-4343-9004-9be15dfd844c,server/model/players/Client.java,getItems
12acfc45-bdfb-4343-9004-9be15dfd844c,server/model/players/combat/AttackPlayer.java,attackPlayer,->,12acfc45-bdfb-4343-9004-9be15dfd844c,server/model/items/ItemAssistant.java,updateSpecialBar
12acfc45-bdfb-4343-9004-9be15dfd844c,server/model/players/combat/AttackPlayer.java,attackPlayer,->,12acfc45-bdfb-4343-9004-9be15dfd844c,server/model/players/Client.java,getCombat
12acfc45-bdfb-4343-9004-9be15dfd844c,server/model/players/combat/AttackPlayer.java,attackPlayer,->,12acfc45-bdfb-4343-9004-9be15dfd844c,server/model/players/Client.java,getItems
12acfc45-bdfb-4343-9004-9be15dfd844c,server/model/players/combat/AttackPlayer.java,attackPlayer,->,12acfc45-bdfb-4343-9004-9be15dfd844c,server/model/items/ItemAssistant.java,getItemName
12acfc45-bdfb-4343-9004-9be15dfd844c,server/model/players/combat/AttackPlayer.java,attackPlayer,->,12acfc45-bdfb-4343-9004-9be15dfd844c,java/lang/String.java,toLowerCase
12acfc45-bdfb-4343-9004-9be15dfd844c,server/model/players/combat/AttackPlayer.java,attackPlayer,->,12acfc45-bdfb-4343-9004-9be15dfd844c,server/model/players/CombatAssistant.java,getWepAnim
12acfc45-bdfb-4343-9004-9be15dfd844c,server/model/players/combat/AttackPlayer.java,attackPlayer,->,12acfc45-bdfb-4343-9004-9be15dfd844c,server/model/players/Client.java,startAnimation
12acfc45-bdfb-4343-9004-9be15dfd844c,server/model/players/combat/AttackPlayer.java,attackPlayer,->,12acfc45-bdfb-4343-9004-9be15dfd844c,server/model/players/Client.java,startAnimation
12acfc45-bdfb-4343-9004-9be15dfd844c,server/model/players/combat/AttackPlayer.java,attackPlayer,->,12acfc45-bdfb-4343-9004-9be15dfd844c,java/lang/System.java,currentTimeMillis
12acfc45-bdfb-4343-9004-9be15dfd844c,server/model/players/combat/AttackPlayer.java,attackPlayer,->,12acfc45-bdfb-4343-9004-9be15dfd844c,java/lang/System.java,currentTimeMillis
12acfc45-bdfb-4343-9004-9be15dfd844c,server/model/players/combat/AttackPlayer.java,attackPlayer,->,12acfc45-bdfb-4343-9004-9be15dfd844c,server/model/players/Client.java,getPA
12acfc45-bdfb-4343-9004-9be15dfd844c,server/model/players/combat/AttackPlayer.java,attackPlayer,->,12acfc45-bdfb-4343-9004-9be15dfd844c,991eb2a8-284a-4290-ae08-f54cf8834706,7953991a-c478-44db-962f-2aa2177f945d
12acfc45-bdfb-4343-9004-9be15dfd844c,server/model/players/combat/AttackPlayer.java,attackPlayer,->,12acfc45-bdfb-4343-9004-9be15dfd844c,server/model/players/Client.java,getCombat
12acfc45-bdfb-4343-9004-9be15dfd844c,server/model/players/combat/AttackPlayer.java,attackPlayer,->,12acfc45-bdfb-4343-9004-9be15dfd844c,server/model/players/Client.java,getItems
12acfc45-bdfb-4343-9004-9be15dfd844c,server/model/players/combat/AttackPlayer.java,attackPlayer,->,12acfc45-bdfb-4343-9004-9be15dfd844c,server/model/items/ItemAssistant.java,getItemName
12acfc45-bdfb-4343-9004-9be15dfd844c,server/model/players/combat/AttackPlayer.java,attackPlayer,->,12acfc45-bdfb-4343-9004-9be15dfd844c,java/lang/String.java,toLowerCase
12acfc45-bdfb-4343-9004-9be15dfd844c,server/model/players/combat/AttackPlayer.java,attackPlayer,->,12acfc45-bdfb-4343-9004-9be15dfd844c,server/model/players/CombatAssistant.java,getHitDelay
12acfc45-bdfb-4343-9004-9be15dfd844c,server/model/players/combat/AttackPlayer.java,attackPlayer,->,12acfc45-bdfb-4343-9004-9be15dfd844c,server/model/players/Client.java,getCombat
12acfc45-bdfb-4343-9004-9be15dfd844c,server/model/players/combat/AttackPlayer.java,attackPlayer,->,12acfc45-bdfb-4343-9004-9be15dfd844c,server/model/players/CombatAssistant.java,calculateMeleeMaxHit
12acfc45-bdfb-4343-9004-9be15dfd844c,server/model/players/combat/AttackPlayer.java,attackPlayer,->,12acfc45-bdfb-4343-9004-9be15dfd844c,2c89cfe4-ed6d-446f-832b-3c203feb3155,12264cea-e176-47b1-b1bb-e3a14dc18d35
12acfc45-bdfb-4343-9004-9be15dfd844c,server/model/players/combat/AttackPlayer.java,attackPlayer,->,12acfc45-bdfb-4343-9004-9be15dfd844c,server/model/players/Client.java,getItems
12acfc45-bdfb-4343-9004-9be15dfd844c,server/model/players/combat/AttackPlayer.java,attackPlayer,->,12acfc45-bdfb-4343-9004-9be15dfd844c,server/model/items/ItemAssistant.java,deleteArrow
12acfc45-bdfb-4343-9004-9be15dfd844c,server/model/players/combat/AttackPlayer.java,attackPlayer,->,12acfc45-bdfb-4343-9004-9be15dfd844c,server/model/players/Client.java,getPA
12acfc45-bdfb-4343-9004-9be15dfd844c,server/model/players/combat/AttackPlayer.java,attackPlayer,->,12acfc45-bdfb-4343-9004-9be15dfd844c,991eb2a8-284a-4290-ae08-f54cf8834706,7953991a-c478-44db-962f-2aa2177f945d
12acfc45-bdfb-4343-9004-9be15dfd844c,server/model/players/combat/AttackPlayer.java,attackPlayer,->,12acfc45-bdfb-4343-9004-9be15dfd844c,server/model/players/Client.java,getCombat
12acfc45-bdfb-4343-9004-9be15dfd844c,server/model/players/combat/AttackPlayer.java,attackPlayer,->,12acfc45-bdfb-4343-9004-9be15dfd844c,server/model/players/CombatAssistant.java,getRangeStartGFX
12acfc45-bdfb-4343-9004-9be15dfd844c,server/model/players/combat/AttackPlayer.java,attackPlayer,->,12acfc45-bdfb-4343-9004-9be15dfd844c,server/model/players/Client.java,gfx100
12acfc45-bdfb-4343-9004-9be15dfd844c,server/model/players/combat/AttackPlayer.java,attackPlayer,->,12acfc45-bdfb-4343-9004-9be15dfd844c,server/model/players/Client.java,getCombat
12acfc45-bdfb-4343-9004-9be15dfd844c,server/model/players/combat/AttackPlayer.java,attackPlayer,->,12acfc45-bdfb-4343-9004-9be15dfd844c,server/model/players/Client.java,getItems
12acfc45-bdfb-4343-9004-9be15dfd844c,server/model/players/combat/AttackPlayer.java,attackPlayer,->,12acfc45-bdfb-4343-9004-9be15dfd844c,server/model/items/ItemAssistant.java,getItemName
12acfc45-bdfb-4343-9004-9be15dfd844c,server/model/players/combat/AttackPlayer.java,attackPlayer,->,12acfc45-bdfb-4343-9004-9be15dfd844c,java/lang/String.java,toLowerCase
12acfc45-bdfb-4343-9004-9be15dfd844c,server/model/players/combat/AttackPlayer.java,attackPlayer,->,12acfc45-bdfb-4343-9004-9be15dfd844c,server/model/players/CombatAssistant.java,getHitDelay
12acfc45-bdfb-4343-9004-9be15dfd844c,server/model/players/combat/AttackPlayer.java,attackPlayer,->,12acfc45-bdfb-4343-9004-9be15dfd844c,server/model/players/Client.java,getCombat
12acfc45-bdfb-4343-9004-9be15dfd844c,server/model/players/combat/AttackPlayer.java,attackPlayer,->,12acfc45-bdfb-4343-9004-9be15dfd844c,server/model/players/CombatAssistant.java,fireProjectilePlayer
12acfc45-bdfb-4343-9004-9be15dfd844c,server/model/players/combat/AttackPlayer.java,attackPlayer,->,12acfc45-bdfb-4343-9004-9be15dfd844c,server/model/players/Client.java,getItems
12acfc45-bdfb-4343-9004-9be15dfd844c,server/model/players/combat/AttackPlayer.java,attackPlayer,->,12acfc45-bdfb-4343-9004-9be15dfd844c,server/model/items/ItemAssistant.java,deleteEquipment
12acfc45-bdfb-4343-9004-9be15dfd844c,server/model/players/combat/AttackPlayer.java,attackPlayer,->,12acfc45-bdfb-4343-9004-9be15dfd844c,server/model/players/Client.java,getPA
12acfc45-bdfb-4343-9004-9be15dfd844c,server/model/players/combat/AttackPlayer.java,attackPlayer,->,12acfc45-bdfb-4343-9004-9be15dfd844c,991eb2a8-284a-4290-ae08-f54cf8834706,7953991a-c478-44db-962f-2aa2177f945d
12acfc45-bdfb-4343-9004-9be15dfd844c,server/model/players/combat/AttackPlayer.java,attackPlayer,->,12acfc45-bdfb-4343-9004-9be15dfd844c,server/model/players/Client.java,getCombat
12acfc45-bdfb-4343-9004-9be15dfd844c,server/model/players/combat/AttackPlayer.java,attackPlayer,->,12acfc45-bdfb-4343-9004-9be15dfd844c,server/model/players/CombatAssistant.java,getRangeStartGFX
12acfc45-bdfb-4343-9004-9be15dfd844c,server/model/players/combat/AttackPlayer.java,attackPlayer,->,12acfc45-bdfb-4343-9004-9be15dfd844c,server/model/players/Client.java,gfx100
12acfc45-bdfb-4343-9004-9be15dfd844c,server/model/players/combat/AttackPlayer.java,attackPlayer,->,12acfc45-bdfb-4343-9004-9be15dfd844c,server/model/players/Client.java,getCombat
12acfc45-bdfb-4343-9004-9be15dfd844c,server/model/players/combat/AttackPlayer.java,attackPlayer,->,12acfc45-bdfb-4343-9004-9be15dfd844c,server/model/players/Client.java,getItems
12acfc45-bdfb-4343-9004-9be15dfd844c,server/model/players/combat/AttackPlayer.java,attackPlayer,->,12acfc45-bdfb-4343-9004-9be15dfd844c,server/model/items/ItemAssistant.java,getItemName
12acfc45-bdfb-4343-9004-9be15dfd844c,server/model/players/combat/AttackPlayer.java,attackPlayer,->,12acfc45-bdfb-4343-9004-9be15dfd844c,java/lang/String.java,toLowerCase
12acfc45-bdfb-4343-9004-9be15dfd844c,server/model/players/combat/AttackPlayer.java,attackPlayer,->,12acfc45-bdfb-4343-9004-9be15dfd844c,server/model/players/CombatAssistant.java,getHitDelay
12acfc45-bdfb-4343-9004-9be15dfd844c,server/model/players/combat/AttackPlayer.java,attackPlayer,->,12acfc45-bdfb-4343-9004-9be15dfd844c,server/model/players/Client.java,getCombat
12acfc45-bdfb-4343-9004-9be15dfd844c,server/model/players/combat/AttackPlayer.java,attackPlayer,->,12acfc45-bdfb-4343-9004-9be15dfd844c,server/model/players/CombatAssistant.java,fireProjectilePlayer
12acfc45-bdfb-4343-9004-9be15dfd844c,server/model/players/combat/AttackPlayer.java,attackPlayer,->,12acfc45-bdfb-4343-9004-9be15dfd844c,server/model/players/Client.java,getX
12acfc45-bdfb-4343-9004-9be15dfd844c,server/model/players/combat/AttackPlayer.java,attackPlayer,->,12acfc45-bdfb-4343-9004-9be15dfd844c,server/model/players/Client.java,getY
12acfc45-bdfb-4343-9004-9be15dfd844c,server/model/players/combat/AttackPlayer.java,attackPlayer,->,12acfc45-bdfb-4343-9004-9be15dfd844c,server/model/players/Player.java,getX
12acfc45-bdfb-4343-9004-9be15dfd844c,server/model/players/combat/AttackPlayer.java,attackPlayer,->,12acfc45-bdfb-4343-9004-9be15dfd844c,server/model/players/Player.java,getY
12acfc45-bdfb-4343-9004-9be15dfd844c,server/model/players/combat/AttackPlayer.java,attackPlayer,->,12acfc45-bdfb-4343-9004-9be15dfd844c,server/model/players/Client.java,getCombat
12acfc45-bdfb-4343-9004-9be15dfd844c,server/model/players/combat/AttackPlayer.java,attackPlayer,->,12acfc45-bdfb-4343-9004-9be15dfd844c,server/model/players/CombatAssistant.java,getStartGfxHeight
12acfc45-bdfb-4343-9004-9be15dfd844c,server/model/players/combat/AttackPlayer.java,attackPlayer,->,12acfc45-bdfb-4343-9004-9be15dfd844c,server/model/players/Client.java,gfx100
12acfc45-bdfb-4343-9004-9be15dfd844c,server/model/players/combat/AttackPlayer.java,attackPlayer,->,12acfc45-bdfb-4343-9004-9be15dfd844c,server/model/players/Client.java,gfx0
12acfc45-bdfb-4343-9004-9be15dfd844c,server/model/players/combat/AttackPlayer.java,attackPlayer,->,12acfc45-bdfb-4343-9004-9be15dfd844c,server/model/players/Client.java,getPA
12acfc45-bdfb-4343-9004-9be15dfd844c,server/model/players/combat/AttackPlayer.java,attackPlayer,->,12acfc45-bdfb-4343-9004-9be15dfd844c,server/model/players/Client.java,getCombat
12acfc45-bdfb-4343-9004-9be15dfd844c,server/model/players/combat/AttackPlayer.java,attackPlayer,->,12acfc45-bdfb-4343-9004-9be15dfd844c,server/model/players/CombatAssistant.java,getStartHeight
12acfc45-bdfb-4343-9004-9be15dfd844c,server/model/players/combat/AttackPlayer.java,attackPlayer,->,12acfc45-bdfb-4343-9004-9be15dfd844c,server/model/players/Client.java,getCombat
12acfc45-bdfb-4343-9004-9be15dfd844c,server/model/players/combat/AttackPlayer.java,attackPlayer,->,12acfc45-bdfb-4343-9004-9be15dfd844c,server/model/players/CombatAssistant.java,getEndHeight
12acfc45-bdfb-4343-9004-9be15dfd844c,server/model/players/combat/AttackPlayer.java,attackPlayer,->,12acfc45-bdfb-4343-9004-9be15dfd844c,server/model/players/Client.java,getCombat
12acfc45-bdfb-4343-9004-9be15dfd844c,server/model/players/combat/AttackPlayer.java,attackPlayer,->,12acfc45-bdfb-4343-9004-9be15dfd844c,server/model/players/CombatAssistant.java,getStartDelay
12acfc45-bdfb-4343-9004-9be15dfd844c,server/model/players/combat/AttackPlayer.java,attackPlayer,->,12acfc45-bdfb-4343-9004-9be15dfd844c,991eb2a8-284a-4290-ae08-f54cf8834706,3b42da37-c458-47dd-84b7-9027c34c9e43
12acfc45-bdfb-4343-9004-9be15dfd844c,server/model/players/combat/AttackPlayer.java,attackPlayer,->,12acfc45-bdfb-4343-9004-9be15dfd844c,server/model/players/Client.java,getCombat
12acfc45-bdfb-4343-9004-9be15dfd844c,server/model/players/combat/AttackPlayer.java,attackPlayer,->,12acfc45-bdfb-4343-9004-9be15dfd844c,server/model/players/Client.java,getItems
12acfc45-bdfb-4343-9004-9be15dfd844c,server/model/players/combat/AttackPlayer.java,attackPlayer,->,12acfc45-bdfb-4343-9004-9be15dfd844c,server/model/items/ItemAssistant.java,getItemName
12acfc45-bdfb-4343-9004-9be15dfd844c,server/model/players/combat/AttackPlayer.java,attackPlayer,->,12acfc45-bdfb-4343-9004-9be15dfd844c,java/lang/String.java,toLowerCase
12acfc45-bdfb-4343-9004-9be15dfd844c,server/model/players/combat/AttackPlayer.java,attackPlayer,->,12acfc45-bdfb-4343-9004-9be15dfd844c,server/model/players/CombatAssistant.java,getHitDelay
12acfc45-bdfb-4343-9004-9be15dfd844c,server/model/players/combat/AttackPlayer.java,attackPlayer,->,12acfc45-bdfb-4343-9004-9be15dfd844c,server/model/players/Client.java,getPA
12acfc45-bdfb-4343-9004-9be15dfd844c,server/model/players/combat/AttackPlayer.java,attackPlayer,->,12acfc45-bdfb-4343-9004-9be15dfd844c,server/model/players/Client.java,getCombat
12acfc45-bdfb-4343-9004-9be15dfd844c,server/model/players/combat/AttackPlayer.java,attackPlayer,->,12acfc45-bdfb-4343-9004-9be15dfd844c,server/model/players/CombatAssistant.java,getStartDelay
12acfc45-bdfb-4343-9004-9be15dfd844c,server/model/players/combat/AttackPlayer.java,attackPlayer,->,12acfc45-bdfb-4343-9004-9be15dfd844c,991eb2a8-284a-4290-ae08-f54cf8834706,3b42da37-c458-47dd-84b7-9027c34c9e43
12acfc45-bdfb-4343-9004-9be15dfd844c,server/model/players/combat/AttackPlayer.java,attackPlayer,->,12acfc45-bdfb-4343-9004-9be15dfd844c,server/model/players/Client.java,getCombat
12acfc45-bdfb-4343-9004-9be15dfd844c,server/model/players/combat/AttackPlayer.java,attackPlayer,->,12acfc45-bdfb-4343-9004-9be15dfd844c,server/model/players/CombatAssistant.java,mageDef
12acfc45-bdfb-4343-9004-9be15dfd844c,server/model/players/combat/AttackPlayer.java,attackPlayer,->,12acfc45-bdfb-4343-9004-9be15dfd844c,2c89cfe4-ed6d-446f-832b-3c203feb3155,12264cea-e176-47b1-b1bb-e3a14dc18d35
12acfc45-bdfb-4343-9004-9be15dfd844c,server/model/players/combat/AttackPlayer.java,attackPlayer,->,12acfc45-bdfb-4343-9004-9be15dfd844c,server/model/players/Client.java,getCombat
12acfc45-bdfb-4343-9004-9be15dfd844c,server/model/players/combat/AttackPlayer.java,attackPlayer,->,12acfc45-bdfb-4343-9004-9be15dfd844c,server/model/players/CombatAssistant.java,mageAtk
12acfc45-bdfb-4343-9004-9be15dfd844c,server/model/players/combat/AttackPlayer.java,attackPlayer,->,12acfc45-bdfb-4343-9004-9be15dfd844c,2c89cfe4-ed6d-446f-832b-3c203feb3155,12264cea-e176-47b1-b1bb-e3a14dc18d35
12acfc45-bdfb-4343-9004-9be15dfd844c,server/model/players/combat/AttackPlayer.java,attackPlayer,->,12acfc45-bdfb-4343-9004-9be15dfd844c,server/model/players/Client.java,getCombat
12acfc45-bdfb-4343-9004-9be15dfd844c,server/model/players/combat/AttackPlayer.java,attackPlayer,->,12acfc45-bdfb-4343-9004-9be15dfd844c,server/model/players/CombatAssistant.java,getFreezeTime
12acfc45-bdfb-4343-9004-9be15dfd844c,server/model/players/combat/AttackPlayer.java,attackPlayer,->,12acfc45-bdfb-4343-9004-9be15dfd844c,server/model/players/Client.java,resetWalkingQueue
12acfc45-bdfb-4343-9004-9be15dfd844c,server/model/players/combat/AttackPlayer.java,attackPlayer,->,12acfc45-bdfb-4343-9004-9be15dfd844c,server/model/players/Client.java,sendMessage
12acfc45-bdfb-4343-9004-9be15dfd844c,server/model/players/combat/AttackPlayer.java,attackPlayer,->,12acfc45-bdfb-4343-9004-9be15dfd844c,server/model/players/Client.java,getItems
12acfc45-bdfb-4343-9004-9be15dfd844c,server/model/players/combat/AttackPlayer.java,attackPlayer,->,12acfc45-bdfb-4343-9004-9be15dfd844c,server/model/items/ItemAssistant.java,wearItem
12acfc45-bdfb-4343-9004-9be15dfd844c,server/model/players/combat/AttackPlayer.java,attackPlayer,->,12acfc45-bdfb-4343-9004-9be15dfd844c,server/model/players/Client.java,getItems
12acfc45-bdfb-4343-9004-9be15dfd844c,server/model/players/combat/AttackPlayer.java,attackPlayer,->,12acfc45-bdfb-4343-9004-9be15dfd844c,server/model/items/ItemAssistant.java,wearItem
12acfc45-bdfb-4343-9004-9be15dfd844c,server/model/players/combat/AttackPlayer.java,attackPlayer,->,12acfc45-bdfb-4343-9004-9be15dfd844c,server/model/players/Client.java,sendMessage
12acfc45-bdfb-4343-9004-9be15dfd844c,server/model/players/combat/AttackPlayer.java,attackPlayer,->,12acfc45-bdfb-4343-9004-9be15dfd844c,server/model/players/Client.java,getItems
12acfc45-bdfb-4343-9004-9be15dfd844c,server/model/players/combat/AttackPlayer.java,attackPlayer,->,12acfc45-bdfb-4343-9004-9be15dfd844c,server/model/items/ItemAssistant.java,addItem
12acfc45-bdfb-4343-9004-9be15dfd844c,server/model/players/combat/AttackPlayer.java,attackPlayer,->,12acfc45-bdfb-4343-9004-9be15dfd844c,server/model/players/Client.java,getX
12acfc45-bdfb-4343-9004-9be15dfd844c,server/model/players/combat/AttackPlayer.java,attackPlayer,->,12acfc45-bdfb-4343-9004-9be15dfd844c,server/model/players/Client.java,getY
12acfc45-bdfb-4343-9004-9be15dfd844c,server/model/players/combat/AttackPlayer.java,attackPlayer,->,12acfc45-bdfb-4343-9004-9be15dfd844c,server/model/players/Client.java,getId
12acfc45-bdfb-4343-9004-9be15dfd844c,server/model/players/combat/AttackPlayer.java,attackPlayer,->,12acfc45-bdfb-4343-9004-9be15dfd844c,server/world/ItemHandler.java,createGroundItem
12acfc45-bdfb-4343-9004-9be15dfd844c,server/model/players/combat/AttackPlayer.java,attackPlayer,->,12acfc45-bdfb-4343-9004-9be15dfd844c,server/model/players/Client.java,getItems
12acfc45-bdfb-4343-9004-9be15dfd844c,server/model/players/combat/AttackPlayer.java,attackPlayer,->,12acfc45-bdfb-4343-9004-9be15dfd844c,server/model/items/ItemAssistant.java,wearItem
12acfc45-bdfb-4343-9004-9be15dfd844c,server/model/players/combat/AttackPlayer.java,attackPlayer,->,12acfc45-bdfb-4343-9004-9be15dfd844c,server/model/players/Client.java,sendMessage
12acfc45-bdfb-4343-9004-9be15dfd844c,server/model/players/combat/AttackNPC.java,addNPCHit,->,12acfc45-bdfb-4343-9004-9be15dfd844c,server/model/players/Client.java,getCombat
12acfc45-bdfb-4343-9004-9be15dfd844c,server/model/players/combat/AttackNPC.java,addNPCHit,->,12acfc45-bdfb-4343-9004-9be15dfd844c,server/model/players/Client.java,getCombat
12acfc45-bdfb-4343-9004-9be15dfd844c,server/model/players/combat/AttackNPC.java,addNPCHit,->,12acfc45-bdfb-4343-9004-9be15dfd844c,server/model/players/CombatAssistant.java,calculateMeleeMaxHit
12acfc45-bdfb-4343-9004-9be15dfd844c,server/model/players/combat/AttackNPC.java,addNPCHit,->,12acfc45-bdfb-4343-9004-9be15dfd844c,2c89cfe4-ed6d-446f-832b-3c203feb3155,12264cea-e176-47b1-b1bb-e3a14dc18d35
12acfc45-bdfb-4343-9004-9be15dfd844c,server/model/players/combat/AttackNPC.java,addNPCHit,->,12acfc45-bdfb-4343-9004-9be15dfd844c,server/model/players/CombatAssistant.java,applyNpcMeleeDamage
12acfc45-bdfb-4343-9004-9be15dfd844c,server/model/players/combat/AttackNPC.java,addNPCHit,->,12acfc45-bdfb-4343-9004-9be15dfd844c,server/model/players/Client.java,getCombat
12acfc45-bdfb-4343-9004-9be15dfd844c,server/model/players/combat/AttackNPC.java,addNPCHit,->,12acfc45-bdfb-4343-9004-9be15dfd844c,server/model/players/Client.java,getCombat
12acfc45-bdfb-4343-9004-9be15dfd844c,server/model/players/combat/AttackNPC.java,addNPCHit,->,12acfc45-bdfb-4343-9004-9be15dfd844c,server/model/players/CombatAssistant.java,calculateMeleeMaxHit
12acfc45-bdfb-4343-9004-9be15dfd844c,server/model/players/combat/AttackNPC.java,addNPCHit,->,12acfc45-bdfb-4343-9004-9be15dfd844c,2c89cfe4-ed6d-446f-832b-3c203feb3155,12264cea-e176-47b1-b1bb-e3a14dc18d35
12acfc45-bdfb-4343-9004-9be15dfd844c,server/model/players/combat/AttackNPC.java,addNPCHit,->,12acfc45-bdfb-4343-9004-9be15dfd844c,server/model/players/CombatAssistant.java,applyNpcMeleeDamage
12acfc45-bdfb-4343-9004-9be15dfd844c,server/model/players/combat/AttackNPC.java,addNPCHit,->,12acfc45-bdfb-4343-9004-9be15dfd844c,3ab0cc49-78c3-45ed-a03a-f251199dfbb9,3d27faf4-0319-4d3d-b558-10d40da17fd8
12acfc45-bdfb-4343-9004-9be15dfd844c,server/model/players/combat/AttackNPC.java,addNPCHit,->,12acfc45-bdfb-4343-9004-9be15dfd844c,3ab0cc49-78c3-45ed-a03a-f251199dfbb9,d719c34b-e0d2-473f-8e9a-936cfc6b4522
12acfc45-bdfb-4343-9004-9be15dfd844c,server/model/players/combat/AttackNPC.java,addNPCHit,->,12acfc45-bdfb-4343-9004-9be15dfd844c,server/model/players/Client.java,getPA
12acfc45-bdfb-4343-9004-9be15dfd844c,server/model/players/combat/AttackNPC.java,addNPCHit,->,12acfc45-bdfb-4343-9004-9be15dfd844c,server/model/players/Client.java,getCombat
12acfc45-bdfb-4343-9004-9be15dfd844c,server/model/players/combat/AttackNPC.java,addNPCHit,->,12acfc45-bdfb-4343-9004-9be15dfd844c,server/model/players/CombatAssistant.java,calculateMeleeMaxHit
12acfc45-bdfb-4343-9004-9be15dfd844c,server/model/players/combat/AttackNPC.java,addNPCHit,->,12acfc45-bdfb-4343-9004-9be15dfd844c,2c89cfe4-ed6d-446f-832b-3c203feb3155,12264cea-e176-47b1-b1bb-e3a14dc18d35
12acfc45-bdfb-4343-9004-9be15dfd844c,server/model/players/combat/AttackNPC.java,addNPCHit,->,12acfc45-bdfb-4343-9004-9be15dfd844c,991eb2a8-284a-4290-ae08-f54cf8834706,de1089c4-eadd-4349-8461-af0a0f102ba4
12acfc45-bdfb-4343-9004-9be15dfd844c,server/model/players/combat/AttackNPC.java,applyNpcMeleeDamage,->,12acfc45-bdfb-4343-9004-9be15dfd844c,server/model/players/Client.java,getCombat
12acfc45-bdfb-4343-9004-9be15dfd844c,server/model/players/combat/AttackNPC.java,applyNpcMeleeDamage,->,12acfc45-bdfb-4343-9004-9be15dfd844c,server/model/players/CombatAssistant.java,calculateMeleeMaxHit
12acfc45-bdfb-4343-9004-9be15dfd844c,server/model/players/combat/AttackNPC.java,applyNpcMeleeDamage,->,12acfc45-bdfb-4343-9004-9be15dfd844c,2c89cfe4-ed6d-446f-832b-3c203feb3155,12264cea-e176-47b1-b1bb-e3a14dc18d35
12acfc45-bdfb-4343-9004-9be15dfd844c,server/model/players/combat/AttackNPC.java,applyNpcMeleeDamage,->,12acfc45-bdfb-4343-9004-9be15dfd844c,server/model/players/Client.java,getPA
12acfc45-bdfb-4343-9004-9be15dfd844c,server/model/players/combat/AttackNPC.java,applyNpcMeleeDamage,->,12acfc45-bdfb-4343-9004-9be15dfd844c,991eb2a8-284a-4290-ae08-f54cf8834706,c1eb2031-31b9-4f25-b339-71d230a3bfc8
12acfc45-bdfb-4343-9004-9be15dfd844c,server/model/players/combat/AttackNPC.java,applyNpcMeleeDamage,->,12acfc45-bdfb-4343-9004-9be15dfd844c,2c89cfe4-ed6d-446f-832b-3c203feb3155,12264cea-e176-47b1-b1bb-e3a14dc18d35
12acfc45-bdfb-4343-9004-9be15dfd844c,server/model/players/combat/AttackNPC.java,applyNpcMeleeDamage,->,12acfc45-bdfb-4343-9004-9be15dfd844c,2c89cfe4-ed6d-446f-832b-3c203feb3155,12264cea-e176-47b1-b1bb-e3a14dc18d35
12acfc45-bdfb-4343-9004-9be15dfd844c,server/model/players/combat/AttackNPC.java,applyNpcMeleeDamage,->,12acfc45-bdfb-4343-9004-9be15dfd844c,server/model/players/Client.java,getCombat
12acfc45-bdfb-4343-9004-9be15dfd844c,server/model/players/combat/AttackNPC.java,applyNpcMeleeDamage,->,12acfc45-bdfb-4343-9004-9be15dfd844c,server/model/players/CombatAssistant.java,calculateMeleeAttack
12acfc45-bdfb-4343-9004-9be15dfd844c,server/model/players/combat/AttackNPC.java,applyNpcMeleeDamage,->,12acfc45-bdfb-4343-9004-9be15dfd844c,2c89cfe4-ed6d-446f-832b-3c203feb3155,12264cea-e176-47b1-b1bb-e3a14dc18d35
12acfc45-bdfb-4343-9004-9be15dfd844c,server/model/players/combat/AttackNPC.java,applyNpcMeleeDamage,->,12acfc45-bdfb-4343-9004-9be15dfd844c,server/model/players/Client.java,getPA
12acfc45-bdfb-4343-9004-9be15dfd844c,server/model/players/combat/AttackNPC.java,applyNpcMeleeDamage,->,12acfc45-bdfb-4343-9004-9be15dfd844c,991eb2a8-284a-4290-ae08-f54cf8834706,3477be3a-50d8-4c63-b3ff-6389ed32c735
12acfc45-bdfb-4343-9004-9be15dfd844c,server/model/players/combat/AttackNPC.java,applyNpcMeleeDamage,->,12acfc45-bdfb-4343-9004-9be15dfd844c,2c89cfe4-ed6d-446f-832b-3c203feb3155,12264cea-e176-47b1-b1bb-e3a14dc18d35
12acfc45-bdfb-4343-9004-9be15dfd844c,server/model/players/combat/AttackNPC.java,applyNpcMeleeDamage,->,12acfc45-bdfb-4343-9004-9be15dfd844c,server/model/players/Client.java,getCombat
12acfc45-bdfb-4343-9004-9be15dfd844c,server/model/players/combat/AttackNPC.java,applyNpcMeleeDamage,->,12acfc45-bdfb-4343-9004-9be15dfd844c,server/model/players/CombatAssistant.java,calculateMeleeMaxHit
12acfc45-bdfb-4343-9004-9be15dfd844c,server/model/players/combat/AttackNPC.java,applyNpcMeleeDamage,->,12acfc45-bdfb-4343-9004-9be15dfd844c,2c89cfe4-ed6d-446f-832b-3c203feb3155,12264cea-e176-47b1-b1bb-e3a14dc18d35
12acfc45-bdfb-4343-9004-9be15dfd844c,server/model/players/combat/AttackNPC.java,applyNpcMeleeDamage,->,12acfc45-bdfb-4343-9004-9be15dfd844c,server/model/players/Client.java,getPA
12acfc45-bdfb-4343-9004-9be15dfd844c,server/model/players/combat/AttackNPC.java,applyNpcMeleeDamage,->,12acfc45-bdfb-4343-9004-9be15dfd844c,991eb2a8-284a-4290-ae08-f54cf8834706,0955b7e8-1203-4e9d-8e85-6eeaf5af5ce5
12acfc45-bdfb-4343-9004-9be15dfd844c,server/model/players/combat/AttackNPC.java,applyNpcMeleeDamage,->,12acfc45-bdfb-4343-9004-9be15dfd844c,server/model/players/Client.java,getPA
12acfc45-bdfb-4343-9004-9be15dfd844c,server/model/players/combat/AttackNPC.java,applyNpcMeleeDamage,->,12acfc45-bdfb-4343-9004-9be15dfd844c,991eb2a8-284a-4290-ae08-f54cf8834706,0955b7e8-1203-4e9d-8e85-6eeaf5af5ce5
12acfc45-bdfb-4343-9004-9be15dfd844c,server/model/players/combat/AttackNPC.java,applyNpcMeleeDamage,->,12acfc45-bdfb-4343-9004-9be15dfd844c,server/model/players/Client.java,getPA
12acfc45-bdfb-4343-9004-9be15dfd844c,server/model/players/combat/AttackNPC.java,applyNpcMeleeDamage,->,12acfc45-bdfb-4343-9004-9be15dfd844c,991eb2a8-284a-4290-ae08-f54cf8834706,0955b7e8-1203-4e9d-8e85-6eeaf5af5ce5
12acfc45-bdfb-4343-9004-9be15dfd844c,server/model/players/combat/AttackNPC.java,applyNpcMeleeDamage,->,12acfc45-bdfb-4343-9004-9be15dfd844c,server/model/players/Client.java,getPA
12acfc45-bdfb-4343-9004-9be15dfd844c,server/model/players/combat/AttackNPC.java,applyNpcMeleeDamage,->,12acfc45-bdfb-4343-9004-9be15dfd844c,991eb2a8-284a-4290-ae08-f54cf8834706,0955b7e8-1203-4e9d-8e85-6eeaf5af5ce5
12acfc45-bdfb-4343-9004-9be15dfd844c,server/model/players/combat/AttackNPC.java,applyNpcMeleeDamage,->,12acfc45-bdfb-4343-9004-9be15dfd844c,server/model/players/Client.java,getPA
12acfc45-bdfb-4343-9004-9be15dfd844c,server/model/players/combat/AttackNPC.java,applyNpcMeleeDamage,->,12acfc45-bdfb-4343-9004-9be15dfd844c,991eb2a8-284a-4290-ae08-f54cf8834706,cc581d00-f04e-4278-8aaf-0ecbd93e9b04
12acfc45-bdfb-4343-9004-9be15dfd844c,server/model/players/combat/AttackNPC.java,applyNpcMeleeDamage,->,12acfc45-bdfb-4343-9004-9be15dfd844c,server/model/players/Client.java,getPA
12acfc45-bdfb-4343-9004-9be15dfd844c,server/model/players/combat/AttackNPC.java,applyNpcMeleeDamage,->,12acfc45-bdfb-4343-9004-9be15dfd844c,991eb2a8-284a-4290-ae08-f54cf8834706,cc581d00-f04e-4278-8aaf-0ecbd93e9b04
12acfc45-bdfb-4343-9004-9be15dfd844c,server/model/players/combat/AttackNPC.java,applyNpcMeleeDamage,->,12acfc45-bdfb-4343-9004-9be15dfd844c,server/model/players/Client.java,getPA
12acfc45-bdfb-4343-9004-9be15dfd844c,server/model/players/combat/AttackNPC.java,applyNpcMeleeDamage,->,12acfc45-bdfb-4343-9004-9be15dfd844c,991eb2a8-284a-4290-ae08-f54cf8834706,cc581d00-f04e-4278-8aaf-0ecbd93e9b04
12acfc45-bdfb-4343-9004-9be15dfd844c,server/model/players/combat/AttackNPC.java,applyNpcMeleeDamage,->,12acfc45-bdfb-4343-9004-9be15dfd844c,server/model/players/Client.java,getPA
12acfc45-bdfb-4343-9004-9be15dfd844c,server/model/players/combat/AttackNPC.java,applyNpcMeleeDamage,->,12acfc45-bdfb-4343-9004-9be15dfd844c,991eb2a8-284a-4290-ae08-f54cf8834706,cc581d00-f04e-4278-8aaf-0ecbd93e9b04
12acfc45-bdfb-4343-9004-9be15dfd844c,server/model/players/combat/AttackNPC.java,applyNpcMeleeDamage,->,12acfc45-bdfb-4343-9004-9be15dfd844c,server/model/players/Client.java,getPA
12acfc45-bdfb-4343-9004-9be15dfd844c,server/model/players/combat/AttackNPC.java,applyNpcMeleeDamage,->,12acfc45-bdfb-4343-9004-9be15dfd844c,991eb2a8-284a-4290-ae08-f54cf8834706,0955b7e8-1203-4e9d-8e85-6eeaf5af5ce5
12acfc45-bdfb-4343-9004-9be15dfd844c,server/model/players/combat/AttackNPC.java,applyNpcMeleeDamage,->,12acfc45-bdfb-4343-9004-9be15dfd844c,server/model/players/Client.java,getPA
12acfc45-bdfb-4343-9004-9be15dfd844c,server/model/players/combat/AttackNPC.java,applyNpcMeleeDamage,->,12acfc45-bdfb-4343-9004-9be15dfd844c,991eb2a8-284a-4290-ae08-f54cf8834706,0955b7e8-1203-4e9d-8e85-6eeaf5af5ce5
12acfc45-bdfb-4343-9004-9be15dfd844c,server/model/players/combat/AttackNPC.java,applyNpcMeleeDamage,->,12acfc45-bdfb-4343-9004-9be15dfd844c,server/model/players/Client.java,getPA
12acfc45-bdfb-4343-9004-9be15dfd844c,server/model/players/combat/AttackNPC.java,applyNpcMeleeDamage,->,12acfc45-bdfb-4343-9004-9be15dfd844c,991eb2a8-284a-4290-ae08-f54cf8834706,cc581d00-f04e-4278-8aaf-0ecbd93e9b04
12acfc45-bdfb-4343-9004-9be15dfd844c,server/model/players/combat/AttackNPC.java,applyNpcMeleeDamage,->,12acfc45-bdfb-4343-9004-9be15dfd844c,server/model/players/Client.java,getPA
12acfc45-bdfb-4343-9004-9be15dfd844c,server/model/players/combat/AttackNPC.java,applyNpcMeleeDamage,->,12acfc45-bdfb-4343-9004-9be15dfd844c,991eb2a8-284a-4290-ae08-f54cf8834706,cc581d00-f04e-4278-8aaf-0ecbd93e9b04
12acfc45-bdfb-4343-9004-9be15dfd844c,server/model/players/combat/AttackNPC.java,applyNpcMeleeDamage,->,12acfc45-bdfb-4343-9004-9be15dfd844c,server/model/players/Client.java,getLevelForXP
12acfc45-bdfb-4343-9004-9be15dfd844c,server/model/players/combat/AttackNPC.java,applyNpcMeleeDamage,->,12acfc45-bdfb-4343-9004-9be15dfd844c,server/model/players/Client.java,getLevelForXP
12acfc45-bdfb-4343-9004-9be15dfd844c,server/model/players/combat/AttackNPC.java,applyNpcMeleeDamage,->,12acfc45-bdfb-4343-9004-9be15dfd844c,server/model/players/Client.java,getPA
12acfc45-bdfb-4343-9004-9be15dfd844c,server/model/players/combat/AttackNPC.java,applyNpcMeleeDamage,->,12acfc45-bdfb-4343-9004-9be15dfd844c,991eb2a8-284a-4290-ae08-f54cf8834706,cc581d00-f04e-4278-8aaf-0ecbd93e9b04
12acfc45-bdfb-4343-9004-9be15dfd844c,server/model/players/combat/AttackNPC.java,applyNpcMeleeDamage,->,12acfc45-bdfb-4343-9004-9be15dfd844c,5849ef3e-9280-4348-a3c8-451a741eecc1,84740295-c2f2-49ed-a58e-a4410ecd1229
12acfc45-bdfb-4343-9004-9be15dfd844c,server/model/players/combat/AttackNPC.java,applyNpcMeleeDamage,->,12acfc45-bdfb-4343-9004-9be15dfd844c,server/model/players/Client.java,getLevelForXP
12acfc45-bdfb-4343-9004-9be15dfd844c,server/model/players/combat/AttackNPC.java,applyNpcMeleeDamage,->,12acfc45-bdfb-4343-9004-9be15dfd844c,server/model/players/Client.java,getLevelForXP
12acfc45-bdfb-4343-9004-9be15dfd844c,server/model/players/combat/AttackNPC.java,applyNpcMeleeDamage,->,12acfc45-bdfb-4343-9004-9be15dfd844c,server/model/players/Client.java,getLevelForXP
12acfc45-bdfb-4343-9004-9be15dfd844c,server/model/players/combat/AttackNPC.java,applyNpcMeleeDamage,->,12acfc45-bdfb-4343-9004-9be15dfd844c,server/model/players/Client.java,getPA
12acfc45-bdfb-4343-9004-9be15dfd844c,server/model/players/combat/AttackNPC.java,applyNpcMeleeDamage,->,12acfc45-bdfb-4343-9004-9be15dfd844c,991eb2a8-284a-4290-ae08-f54cf8834706,cc581d00-f04e-4278-8aaf-0ecbd93e9b04
12acfc45-bdfb-4343-9004-9be15dfd844c,server/model/players/combat/AttackNPC.java,delayedHit,->,12acfc45-bdfb-4343-9004-9be15dfd844c,5849ef3e-9280-4348-a3c8-451a741eecc1,a5f5cfe6-b06c-46be-863e-05e090871096
12acfc45-bdfb-4343-9004-9be15dfd844c,server/model/players/combat/AttackNPC.java,delayedHit,->,12acfc45-bdfb-4343-9004-9be15dfd844c,server/model/npcs/NPCHandler.java,getsPulled
12acfc45-bdfb-4343-9004-9be15dfd844c,server/model/players/combat/AttackNPC.java,delayedHit,->,12acfc45-bdfb-4343-9004-9be15dfd844c,server/model/npcs/NPCHandler.java,getsPulled
12acfc45-bdfb-4343-9004-9be15dfd844c,server/model/players/combat/AttackNPC.java,delayedHit,->,12acfc45-bdfb-4343-9004-9be15dfd844c,server/model/players/Client.java,getCombat
12acfc45-bdfb-4343-9004-9be15dfd844c,server/model/players/combat/AttackNPC.java,delayedHit,->,12acfc45-bdfb-4343-9004-9be15dfd844c,server/model/players/CombatAssistant.java,addNPCHit
12acfc45-bdfb-4343-9004-9be15dfd844c,server/model/players/combat/AttackNPC.java,delayedHit,->,12acfc45-bdfb-4343-9004-9be15dfd844c,server/model/players/Client.java,getCombat
12acfc45-bdfb-4343-9004-9be15dfd844c,server/model/players/combat/AttackNPC.java,delayedHit,->,12acfc45-bdfb-4343-9004-9be15dfd844c,server/model/players/CombatAssistant.java,addCharge
12acfc45-bdfb-4343-9004-9be15dfd844c,server/model/players/combat/AttackNPC.java,delayedHit,->,12acfc45-bdfb-4343-9004-9be15dfd844c,server/model/players/Client.java,getCombat
12acfc45-bdfb-4343-9004-9be15dfd844c,server/model/players/combat/AttackNPC.java,delayedHit,->,12acfc45-bdfb-4343-9004-9be15dfd844c,server/model/players/CombatAssistant.java,rangeMaxHit
12acfc45-bdfb-4343-9004-9be15dfd844c,server/model/players/combat/AttackNPC.java,delayedHit,->,12acfc45-bdfb-4343-9004-9be15dfd844c,2c89cfe4-ed6d-446f-832b-3c203feb3155,12264cea-e176-47b1-b1bb-e3a14dc18d35
12acfc45-bdfb-4343-9004-9be15dfd844c,server/model/players/combat/AttackNPC.java,delayedHit,->,12acfc45-bdfb-4343-9004-9be15dfd844c,server/model/players/Client.java,getCombat
12acfc45-bdfb-4343-9004-9be15dfd844c,server/model/players/combat/AttackNPC.java,delayedHit,->,12acfc45-bdfb-4343-9004-9be15dfd844c,server/model/players/CombatAssistant.java,rangeMaxHit
12acfc45-bdfb-4343-9004-9be15dfd844c,server/model/players/combat/AttackNPC.java,delayedHit,->,12acfc45-bdfb-4343-9004-9be15dfd844c,2c89cfe4-ed6d-446f-832b-3c203feb3155,12264cea-e176-47b1-b1bb-e3a14dc18d35
12acfc45-bdfb-4343-9004-9be15dfd844c,server/model/players/combat/AttackNPC.java,delayedHit,->,12acfc45-bdfb-4343-9004-9be15dfd844c,2c89cfe4-ed6d-446f-832b-3c203feb3155,12264cea-e176-47b1-b1bb-e3a14dc18d35
12acfc45-bdfb-4343-9004-9be15dfd844c,server/model/players/combat/AttackNPC.java,delayedHit,->,12acfc45-bdfb-4343-9004-9be15dfd844c,server/model/players/Client.java,getCombat
12acfc45-bdfb-4343-9004-9be15dfd844c,server/model/players/combat/AttackNPC.java,delayedHit,->,12acfc45-bdfb-4343-9004-9be15dfd844c,server/model/players/CombatAssistant.java,crossbowSpecial
12acfc45-bdfb-4343-9004-9be15dfd844c,server/model/players/combat/AttackNPC.java,delayedHit,->,12acfc45-bdfb-4343-9004-9be15dfd844c,2c89cfe4-ed6d-446f-832b-3c203feb3155,12264cea-e176-47b1-b1bb-e3a14dc18d35
12acfc45-bdfb-4343-9004-9be15dfd844c,server/model/players/combat/AttackNPC.java,delayedHit,->,12acfc45-bdfb-4343-9004-9be15dfd844c,server/model/players/Client.java,getCombat
12acfc45-bdfb-4343-9004-9be15dfd844c,server/model/players/combat/AttackNPC.java,delayedHit,->,12acfc45-bdfb-4343-9004-9be15dfd844c,server/model/players/CombatAssistant.java,calculateRangeAttack
12acfc45-bdfb-4343-9004-9be15dfd844c,server/model/players/combat/AttackNPC.java,delayedHit,->,12acfc45-bdfb-4343-9004-9be15dfd844c,2c89cfe4-ed6d-446f-832b-3c203feb3155,12264cea-e176-47b1-b1bb-e3a14dc18d35
12acfc45-bdfb-4343-9004-9be15dfd844c,server/model/players/combat/AttackNPC.java,delayedHit,->,12acfc45-bdfb-4343-9004-9be15dfd844c,2c89cfe4-ed6d-446f-832b-3c203feb3155,12264cea-e176-47b1-b1bb-e3a14dc18d35
12acfc45-bdfb-4343-9004-9be15dfd844c,server/model/players/combat/AttackNPC.java,delayedHit,->,12acfc45-bdfb-4343-9004-9be15dfd844c,server/model/players/Client.java,getCombat
12acfc45-bdfb-4343-9004-9be15dfd844c,server/model/players/combat/AttackNPC.java,delayedHit,->,12acfc45-bdfb-4343-9004-9be15dfd844c,server/model/players/CombatAssistant.java,calculateRangeAttack
12acfc45-bdfb-4343-9004-9be15dfd844c,server/model/players/combat/AttackNPC.java,delayedHit,->,12acfc45-bdfb-4343-9004-9be15dfd844c,2c89cfe4-ed6d-446f-832b-3c203feb3155,12264cea-e176-47b1-b1bb-e3a14dc18d35
12acfc45-bdfb-4343-9004-9be15dfd844c,server/model/players/combat/AttackNPC.java,delayedHit,->,12acfc45-bdfb-4343-9004-9be15dfd844c,5849ef3e-9280-4348-a3c8-451a741eecc1,2afe644b-e2ff-4265-8d55-cc4b5e27265a
12acfc45-bdfb-4343-9004-9be15dfd844c,server/model/players/combat/AttackNPC.java,delayedHit,->,12acfc45-bdfb-4343-9004-9be15dfd844c,server/model/players/Client.java,getPA
12acfc45-bdfb-4343-9004-9be15dfd844c,server/model/players/combat/AttackNPC.java,delayedHit,->,12acfc45-bdfb-4343-9004-9be15dfd844c,991eb2a8-284a-4290-ae08-f54cf8834706,0955b7e8-1203-4e9d-8e85-6eeaf5af5ce5
12acfc45-bdfb-4343-9004-9be15dfd844c,server/model/players/combat/AttackNPC.java,delayedHit,->,12acfc45-bdfb-4343-9004-9be15dfd844c,server/model/players/Client.java,getPA
12acfc45-bdfb-4343-9004-9be15dfd844c,server/model/players/combat/AttackNPC.java,delayedHit,->,12acfc45-bdfb-4343-9004-9be15dfd844c,991eb2a8-284a-4290-ae08-f54cf8834706,0955b7e8-1203-4e9d-8e85-6eeaf5af5ce5
12acfc45-bdfb-4343-9004-9be15dfd844c,server/model/players/combat/AttackNPC.java,delayedHit,->,12acfc45-bdfb-4343-9004-9be15dfd844c,server/model/players/Client.java,getPA
12acfc45-bdfb-4343-9004-9be15dfd844c,server/model/players/combat/AttackNPC.java,delayedHit,->,12acfc45-bdfb-4343-9004-9be15dfd844c,991eb2a8-284a-4290-ae08-f54cf8834706,0955b7e8-1203-4e9d-8e85-6eeaf5af5ce5
12acfc45-bdfb-4343-9004-9be15dfd844c,server/model/players/combat/AttackNPC.java,delayedHit,->,12acfc45-bdfb-4343-9004-9be15dfd844c,server/model/players/Client.java,getPA
12acfc45-bdfb-4343-9004-9be15dfd844c,server/model/players/combat/AttackNPC.java,delayedHit,->,12acfc45-bdfb-4343-9004-9be15dfd844c,991eb2a8-284a-4290-ae08-f54cf8834706,cc581d00-f04e-4278-8aaf-0ecbd93e9b04
12acfc45-bdfb-4343-9004-9be15dfd844c,server/model/players/combat/AttackNPC.java,delayedHit,->,12acfc45-bdfb-4343-9004-9be15dfd844c,server/model/players/Client.java,getPA
12acfc45-bdfb-4343-9004-9be15dfd844c,server/model/players/combat/AttackNPC.java,delayedHit,->,12acfc45-bdfb-4343-9004-9be15dfd844c,991eb2a8-284a-4290-ae08-f54cf8834706,cc581d00-f04e-4278-8aaf-0ecbd93e9b04
12acfc45-bdfb-4343-9004-9be15dfd844c,server/model/players/combat/AttackNPC.java,delayedHit,->,12acfc45-bdfb-4343-9004-9be15dfd844c,server/model/players/Client.java,getPA
12acfc45-bdfb-4343-9004-9be15dfd844c,server/model/players/combat/AttackNPC.java,delayedHit,->,12acfc45-bdfb-4343-9004-9be15dfd844c,991eb2a8-284a-4290-ae08-f54cf8834706,cc581d00-f04e-4278-8aaf-0ecbd93e9b04
12acfc45-bdfb-4343-9004-9be15dfd844c,server/model/players/combat/AttackNPC.java,delayedHit,->,12acfc45-bdfb-4343-9004-9be15dfd844c,server/model/players/Client.java,getPA
12acfc45-bdfb-4343-9004-9be15dfd844c,server/model/players/combat/AttackNPC.java,delayedHit,->,12acfc45-bdfb-4343-9004-9be15dfd844c,991eb2a8-284a-4290-ae08-f54cf8834706,0955b7e8-1203-4e9d-8e85-6eeaf5af5ce5
12acfc45-bdfb-4343-9004-9be15dfd844c,server/model/players/combat/AttackNPC.java,delayedHit,->,12acfc45-bdfb-4343-9004-9be15dfd844c,server/model/players/Client.java,getPA
12acfc45-bdfb-4343-9004-9be15dfd844c,server/model/players/combat/AttackNPC.java,delayedHit,->,12acfc45-bdfb-4343-9004-9be15dfd844c,991eb2a8-284a-4290-ae08-f54cf8834706,0955b7e8-1203-4e9d-8e85-6eeaf5af5ce5
12acfc45-bdfb-4343-9004-9be15dfd844c,server/model/players/combat/AttackNPC.java,delayedHit,->,12acfc45-bdfb-4343-9004-9be15dfd844c,server/model/players/Client.java,getPA
12acfc45-bdfb-4343-9004-9be15dfd844c,server/model/players/combat/AttackNPC.java,delayedHit,->,12acfc45-bdfb-4343-9004-9be15dfd844c,991eb2a8-284a-4290-ae08-f54cf8834706,cc581d00-f04e-4278-8aaf-0ecbd93e9b04
12acfc45-bdfb-4343-9004-9be15dfd844c,server/model/players/combat/AttackNPC.java,delayedHit,->,12acfc45-bdfb-4343-9004-9be15dfd844c,server/model/players/Client.java,getPA
12acfc45-bdfb-4343-9004-9be15dfd844c,server/model/players/combat/AttackNPC.java,delayedHit,->,12acfc45-bdfb-4343-9004-9be15dfd844c,991eb2a8-284a-4290-ae08-f54cf8834706,cc581d00-f04e-4278-8aaf-0ecbd93e9b04
12acfc45-bdfb-4343-9004-9be15dfd844c,server/model/players/combat/AttackNPC.java,delayedHit,->,12acfc45-bdfb-4343-9004-9be15dfd844c,server/model/players/Client.java,getItems
12acfc45-bdfb-4343-9004-9be15dfd844c,server/model/players/combat/AttackNPC.java,delayedHit,->,12acfc45-bdfb-4343-9004-9be15dfd844c,server/model/items/ItemAssistant.java,dropArrowNpc
12acfc45-bdfb-4343-9004-9be15dfd844c,server/model/players/combat/AttackNPC.java,delayedHit,->,12acfc45-bdfb-4343-9004-9be15dfd844c,server/model/players/Client.java,getItems
12acfc45-bdfb-4343-9004-9be15dfd844c,server/model/players/combat/AttackNPC.java,delayedHit,->,12acfc45-bdfb-4343-9004-9be15dfd844c,server/model/items/ItemAssistant.java,dropArrowNpc
12acfc45-bdfb-4343-9004-9be15dfd844c,server/model/players/combat/AttackNPC.java,delayedHit,->,12acfc45-bdfb-4343-9004-9be15dfd844c,server/model/npcs/NPCHandler.java,getNPCs
12acfc45-bdfb-4343-9004-9be15dfd844c,server/model/players/combat/AttackNPC.java,delayedHit,->,12acfc45-bdfb-4343-9004-9be15dfd844c,server/model/players/Client.java,getCombat
12acfc45-bdfb-4343-9004-9be15dfd844c,server/model/players/combat/AttackNPC.java,delayedHit,->,12acfc45-bdfb-4343-9004-9be15dfd844c,server/model/players/CombatAssistant.java,npcDefenceAnim
12acfc45-bdfb-4343-9004-9be15dfd844c,server/model/players/combat/AttackNPC.java,delayedHit,->,12acfc45-bdfb-4343-9004-9be15dfd844c,server/model/npcs/NPCHandler.java,startAnimation
12acfc45-bdfb-4343-9004-9be15dfd844c,server/model/players/combat/AttackNPC.java,delayedHit,->,12acfc45-bdfb-4343-9004-9be15dfd844c,server/model/players/combat/range/RangeData.java,getRangeEndGFX
12acfc45-bdfb-4343-9004-9be15dfd844c,server/model/players/combat/AttackNPC.java,delayedHit,->,12acfc45-bdfb-4343-9004-9be15dfd844c,5849ef3e-9280-4348-a3c8-451a741eecc1,be4814f2-9691-46f9-8036-ee2d782c6652
12acfc45-bdfb-4343-9004-9be15dfd844c,server/model/players/combat/AttackNPC.java,delayedHit,->,12acfc45-bdfb-4343-9004-9be15dfd844c,5849ef3e-9280-4348-a3c8-451a741eecc1,06abc11f-87f2-4398-ad11-b60bfae4491e
12acfc45-bdfb-4343-9004-9be15dfd844c,server/model/players/combat/AttackNPC.java,delayedHit,->,12acfc45-bdfb-4343-9004-9be15dfd844c,5849ef3e-9280-4348-a3c8-451a741eecc1,be4814f2-9691-46f9-8036-ee2d782c6652
12acfc45-bdfb-4343-9004-9be15dfd844c,server/model/players/combat/AttackNPC.java,delayedHit,->,12acfc45-bdfb-4343-9004-9be15dfd844c,5849ef3e-9280-4348-a3c8-451a741eecc1,06abc11f-87f2-4398-ad11-b60bfae4491e
12acfc45-bdfb-4343-9004-9be15dfd844c,server/model/players/combat/AttackNPC.java,delayedHit,->,12acfc45-bdfb-4343-9004-9be15dfd844c,5849ef3e-9280-4348-a3c8-451a741eecc1,7541bcec-ab8d-45a2-b899-c5977ccbeede
12acfc45-bdfb-4343-9004-9be15dfd844c,server/model/players/combat/AttackNPC.java,delayedHit,->,12acfc45-bdfb-4343-9004-9be15dfd844c,server/model/players/Client.java,getCombat
12acfc45-bdfb-4343-9004-9be15dfd844c,server/model/players/combat/AttackNPC.java,delayedHit,->,12acfc45-bdfb-4343-9004-9be15dfd844c,server/model/players/CombatAssistant.java,appendMutliChinchompa
12acfc45-bdfb-4343-9004-9be15dfd844c,server/model/players/combat/AttackNPC.java,delayedHit,->,12acfc45-bdfb-4343-9004-9be15dfd844c,server/model/npcs/NPCHandler.java,attackPlayer
12acfc45-bdfb-4343-9004-9be15dfd844c,server/model/players/combat/AttackNPC.java,delayedHit,->,12acfc45-bdfb-4343-9004-9be15dfd844c,5849ef3e-9280-4348-a3c8-451a741eecc1,2afe644b-e2ff-4265-8d55-cc4b5e27265a
12acfc45-bdfb-4343-9004-9be15dfd844c,server/model/players/combat/AttackNPC.java,delayedHit,->,12acfc45-bdfb-4343-9004-9be15dfd844c,5849ef3e-9280-4348-a3c8-451a741eecc1,84740295-c2f2-49ed-a58e-a4410ecd1229
12acfc45-bdfb-4343-9004-9be15dfd844c,server/model/players/combat/AttackNPC.java,delayedHit,->,12acfc45-bdfb-4343-9004-9be15dfd844c,server/model/players/Client.java,setSidebarInterface
12acfc45-bdfb-4343-9004-9be15dfd844c,server/model/players/combat/AttackNPC.java,delayedHit,->,12acfc45-bdfb-4343-9004-9be15dfd844c,server/model/players/Client.java,gfx0
12acfc45-bdfb-4343-9004-9be15dfd844c,server/model/players/combat/AttackNPC.java,delayedHit,->,12acfc45-bdfb-4343-9004-9be15dfd844c,server/model/players/Client.java,fullVoidMage
12acfc45-bdfb-4343-9004-9be15dfd844c,server/model/players/combat/AttackNPC.java,delayedHit,->,12acfc45-bdfb-4343-9004-9be15dfd844c,server/model/players/Client.java,getCombat
12acfc45-bdfb-4343-9004-9be15dfd844c,server/model/players/combat/AttackNPC.java,delayedHit,->,12acfc45-bdfb-4343-9004-9be15dfd844c,server/model/players/CombatAssistant.java,magicMaxHit
12acfc45-bdfb-4343-9004-9be15dfd844c,server/model/players/combat/AttackNPC.java,delayedHit,->,12acfc45-bdfb-4343-9004-9be15dfd844c,2c89cfe4-ed6d-446f-832b-3c203feb3155,12264cea-e176-47b1-b1bb-e3a14dc18d35
12acfc45-bdfb-4343-9004-9be15dfd844c,server/model/players/combat/AttackNPC.java,delayedHit,->,12acfc45-bdfb-4343-9004-9be15dfd844c,server/model/players/Client.java,getCombat
12acfc45-bdfb-4343-9004-9be15dfd844c,server/model/players/combat/AttackNPC.java,delayedHit,->,12acfc45-bdfb-4343-9004-9be15dfd844c,server/model/players/CombatAssistant.java,magicMaxHit
12acfc45-bdfb-4343-9004-9be15dfd844c,server/model/players/combat/AttackNPC.java,delayedHit,->,12acfc45-bdfb-4343-9004-9be15dfd844c,2c89cfe4-ed6d-446f-832b-3c203feb3155,12264cea-e176-47b1-b1bb-e3a14dc18d35
12acfc45-bdfb-4343-9004-9be15dfd844c,server/model/players/combat/AttackNPC.java,delayedHit,->,12acfc45-bdfb-4343-9004-9be15dfd844c,server/model/players/Client.java,getCombat
12acfc45-bdfb-4343-9004-9be15dfd844c,server/model/players/combat/AttackNPC.java,delayedHit,->,12acfc45-bdfb-4343-9004-9be15dfd844c,server/model/players/CombatAssistant.java,godSpells
12acfc45-bdfb-4343-9004-9be15dfd844c,server/model/players/combat/AttackNPC.java,delayedHit,->,12acfc45-bdfb-4343-9004-9be15dfd844c,java/lang/System.java,currentTimeMillis
12acfc45-bdfb-4343-9004-9be15dfd844c,server/model/players/combat/AttackNPC.java,delayedHit,->,12acfc45-bdfb-4343-9004-9be15dfd844c,2c89cfe4-ed6d-446f-832b-3c203feb3155,12264cea-e176-47b1-b1bb-e3a14dc18d35
12acfc45-bdfb-4343-9004-9be15dfd844c,server/model/players/combat/AttackNPC.java,delayedHit,->,12acfc45-bdfb-4343-9004-9be15dfd844c,2c89cfe4-ed6d-446f-832b-3c203feb3155,12264cea-e176-47b1-b1bb-e3a14dc18d35
12acfc45-bdfb-4343-9004-9be15dfd844c,server/model/players/combat/AttackNPC.java,delayedHit,->,12acfc45-bdfb-4343-9004-9be15dfd844c,server/model/players/Client.java,getCombat
12acfc45-bdfb-4343-9004-9be15dfd844c,server/model/players/combat/AttackNPC.java,delayedHit,->,12acfc45-bdfb-4343-9004-9be15dfd844c,server/model/players/CombatAssistant.java,mageAtk
12acfc45-bdfb-4343-9004-9be15dfd844c,server/model/players/combat/AttackNPC.java,delayedHit,->,12acfc45-bdfb-4343-9004-9be15dfd844c,2c89cfe4-ed6d-446f-832b-3c203feb3155,12264cea-e176-47b1-b1bb-e3a14dc18d35
12acfc45-bdfb-4343-9004-9be15dfd844c,server/model/players/combat/AttackNPC.java,delayedHit,->,12acfc45-bdfb-4343-9004-9be15dfd844c,5849ef3e-9280-4348-a3c8-451a741eecc1,be4814f2-9691-46f9-8036-ee2d782c6652
12acfc45-bdfb-4343-9004-9be15dfd844c,server/model/players/combat/AttackNPC.java,delayedHit,->,12acfc45-bdfb-4343-9004-9be15dfd844c,5849ef3e-9280-4348-a3c8-451a741eecc1,06abc11f-87f2-4398-ad11-b60bfae4491e
12acfc45-bdfb-4343-9004-9be15dfd844c,server/model/players/combat/AttackNPC.java,delayedHit,->,12acfc45-bdfb-4343-9004-9be15dfd844c,5849ef3e-9280-4348-a3c8-451a741eecc1,be4814f2-9691-46f9-8036-ee2d782c6652
12acfc45-bdfb-4343-9004-9be15dfd844c,server/model/players/combat/AttackNPC.java,delayedHit,->,12acfc45-bdfb-4343-9004-9be15dfd844c,5849ef3e-9280-4348-a3c8-451a741eecc1,06abc11f-87f2-4398-ad11-b60bfae4491e
12acfc45-bdfb-4343-9004-9be15dfd844c,server/model/players/combat/AttackNPC.java,delayedHit,->,12acfc45-bdfb-4343-9004-9be15dfd844c,server/model/players/Client.java,getCombat
12acfc45-bdfb-4343-9004-9be15dfd844c,server/model/players/combat/AttackNPC.java,delayedHit,->,12acfc45-bdfb-4343-9004-9be15dfd844c,server/model/players/CombatAssistant.java,multis
12acfc45-bdfb-4343-9004-9be15dfd844c,server/model/players/combat/AttackNPC.java,delayedHit,->,12acfc45-bdfb-4343-9004-9be15dfd844c,5849ef3e-9280-4348-a3c8-451a741eecc1,7541bcec-ab8d-45a2-b899-c5977ccbeede
12acfc45-bdfb-4343-9004-9be15dfd844c,server/model/players/combat/AttackNPC.java,delayedHit,->,12acfc45-bdfb-4343-9004-9be15dfd844c,server/model/players/Client.java,getCombat
12acfc45-bdfb-4343-9004-9be15dfd844c,server/model/players/combat/AttackNPC.java,delayedHit,->,12acfc45-bdfb-4343-9004-9be15dfd844c,server/model/players/CombatAssistant.java,appendMultiBarrageNPC
12acfc45-bdfb-4343-9004-9be15dfd844c,server/model/players/combat/AttackNPC.java,delayedHit,->,12acfc45-bdfb-4343-9004-9be15dfd844c,server/model/npcs/NPCHandler.java,attackPlayer
12acfc45-bdfb-4343-9004-9be15dfd844c,server/model/players/combat/AttackNPC.java,delayedHit,->,12acfc45-bdfb-4343-9004-9be15dfd844c,server/model/players/Client.java,getPA
12acfc45-bdfb-4343-9004-9be15dfd844c,server/model/players/combat/AttackNPC.java,delayedHit,->,12acfc45-bdfb-4343-9004-9be15dfd844c,991eb2a8-284a-4290-ae08-f54cf8834706,0955b7e8-1203-4e9d-8e85-6eeaf5af5ce5
12acfc45-bdfb-4343-9004-9be15dfd844c,server/model/players/combat/AttackNPC.java,delayedHit,->,12acfc45-bdfb-4343-9004-9be15dfd844c,server/model/players/Client.java,getPA
12acfc45-bdfb-4343-9004-9be15dfd844c,server/model/players/combat/AttackNPC.java,delayedHit,->,12acfc45-bdfb-4343-9004-9be15dfd844c,991eb2a8-284a-4290-ae08-f54cf8834706,cc581d00-f04e-4278-8aaf-0ecbd93e9b04
12acfc45-bdfb-4343-9004-9be15dfd844c,server/model/players/combat/AttackNPC.java,delayedHit,->,12acfc45-bdfb-4343-9004-9be15dfd844c,server/model/players/Client.java,getPA
12acfc45-bdfb-4343-9004-9be15dfd844c,server/model/players/combat/AttackNPC.java,delayedHit,->,12acfc45-bdfb-4343-9004-9be15dfd844c,991eb2a8-284a-4290-ae08-f54cf8834706,0955b7e8-1203-4e9d-8e85-6eeaf5af5ce5
12acfc45-bdfb-4343-9004-9be15dfd844c,server/model/players/combat/AttackNPC.java,delayedHit,->,12acfc45-bdfb-4343-9004-9be15dfd844c,server/model/players/Client.java,getPA
12acfc45-bdfb-4343-9004-9be15dfd844c,server/model/players/combat/AttackNPC.java,delayedHit,->,12acfc45-bdfb-4343-9004-9be15dfd844c,991eb2a8-284a-4290-ae08-f54cf8834706,0955b7e8-1203-4e9d-8e85-6eeaf5af5ce5
12acfc45-bdfb-4343-9004-9be15dfd844c,server/model/players/combat/AttackNPC.java,delayedHit,->,12acfc45-bdfb-4343-9004-9be15dfd844c,server/model/players/Client.java,getPA
12acfc45-bdfb-4343-9004-9be15dfd844c,server/model/players/combat/AttackNPC.java,delayedHit,->,12acfc45-bdfb-4343-9004-9be15dfd844c,991eb2a8-284a-4290-ae08-f54cf8834706,cc581d00-f04e-4278-8aaf-0ecbd93e9b04
12acfc45-bdfb-4343-9004-9be15dfd844c,server/model/players/combat/AttackNPC.java,delayedHit,->,12acfc45-bdfb-4343-9004-9be15dfd844c,server/model/players/Client.java,getPA
12acfc45-bdfb-4343-9004-9be15dfd844c,server/model/players/combat/AttackNPC.java,delayedHit,->,12acfc45-bdfb-4343-9004-9be15dfd844c,991eb2a8-284a-4290-ae08-f54cf8834706,cc581d00-f04e-4278-8aaf-0ecbd93e9b04
12acfc45-bdfb-4343-9004-9be15dfd844c,server/model/players/combat/AttackNPC.java,delayedHit,->,12acfc45-bdfb-4343-9004-9be15dfd844c,server/model/players/Client.java,getCombat
12acfc45-bdfb-4343-9004-9be15dfd844c,server/model/players/combat/AttackNPC.java,delayedHit,->,12acfc45-bdfb-4343-9004-9be15dfd844c,server/model/players/CombatAssistant.java,getEndGfxHeight
12acfc45-bdfb-4343-9004-9be15dfd844c,server/model/players/combat/AttackNPC.java,delayedHit,->,12acfc45-bdfb-4343-9004-9be15dfd844c,5849ef3e-9280-4348-a3c8-451a741eecc1,2afe644b-e2ff-4265-8d55-cc4b5e27265a
12acfc45-bdfb-4343-9004-9be15dfd844c,server/model/players/combat/AttackNPC.java,delayedHit,->,12acfc45-bdfb-4343-9004-9be15dfd844c,server/model/npcs/NPCHandler.java,getNPCs
12acfc45-bdfb-4343-9004-9be15dfd844c,server/model/players/combat/AttackNPC.java,delayedHit,->,12acfc45-bdfb-4343-9004-9be15dfd844c,server/model/players/Client.java,getCombat
12acfc45-bdfb-4343-9004-9be15dfd844c,server/model/players/combat/AttackNPC.java,delayedHit,->,12acfc45-bdfb-4343-9004-9be15dfd844c,server/model/players/CombatAssistant.java,npcDefenceAnim
12acfc45-bdfb-4343-9004-9be15dfd844c,server/model/players/combat/AttackNPC.java,delayedHit,->,12acfc45-bdfb-4343-9004-9be15dfd844c,server/model/npcs/NPCHandler.java,startAnimation
12acfc45-bdfb-4343-9004-9be15dfd844c,server/model/players/combat/AttackNPC.java,delayedHit,->,12acfc45-bdfb-4343-9004-9be15dfd844c,5849ef3e-9280-4348-a3c8-451a741eecc1,84740295-c2f2-49ed-a58e-a4410ecd1229
12acfc45-bdfb-4343-9004-9be15dfd844c,server/model/players/combat/AttackNPC.java,delayedHit,->,12acfc45-bdfb-4343-9004-9be15dfd844c,server/model/npcs/NPCHandler.java,getNPCs
12acfc45-bdfb-4343-9004-9be15dfd844c,server/model/players/combat/AttackNPC.java,delayedHit,->,12acfc45-bdfb-4343-9004-9be15dfd844c,server/model/players/Client.java,getCombat
12acfc45-bdfb-4343-9004-9be15dfd844c,server/model/players/combat/AttackNPC.java,delayedHit,->,12acfc45-bdfb-4343-9004-9be15dfd844c,server/model/players/CombatAssistant.java,npcDefenceAnim
12acfc45-bdfb-4343-9004-9be15dfd844c,server/model/players/combat/AttackNPC.java,delayedHit,->,12acfc45-bdfb-4343-9004-9be15dfd844c,server/model/npcs/NPCHandler.java,startAnimation
12acfc45-bdfb-4343-9004-9be15dfd844c,server/model/players/combat/AttackNPC.java,delayedHit,->,12acfc45-bdfb-4343-9004-9be15dfd844c,5849ef3e-9280-4348-a3c8-451a741eecc1,2afe644b-e2ff-4265-8d55-cc4b5e27265a
12acfc45-bdfb-4343-9004-9be15dfd844c,server/model/players/combat/AttackNPC.java,delayedHit,->,12acfc45-bdfb-4343-9004-9be15dfd844c,server/model/players/Client.java,getCombat
12acfc45-bdfb-4343-9004-9be15dfd844c,server/model/players/combat/AttackNPC.java,delayedHit,->,12acfc45-bdfb-4343-9004-9be15dfd844c,server/model/players/CombatAssistant.java,getFreezeTime
12acfc45-bdfb-4343-9004-9be15dfd844c,server/model/players/combat/AttackNPC.java,delayedHit,->,12acfc45-bdfb-4343-9004-9be15dfd844c,2c89cfe4-ed6d-446f-832b-3c203feb3155,12264cea-e176-47b1-b1bb-e3a14dc18d35
12acfc45-bdfb-4343-9004-9be15dfd844c,server/model/players/combat/AttackNPC.java,delayedHit,->,12acfc45-bdfb-4343-9004-9be15dfd844c,server/model/players/Client.java,getPA
12acfc45-bdfb-4343-9004-9be15dfd844c,server/model/players/combat/AttackNPC.java,delayedHit,->,12acfc45-bdfb-4343-9004-9be15dfd844c,991eb2a8-284a-4290-ae08-f54cf8834706,26ef4ae0-57cb-4083-a56f-eaf4b81cb1ad
12acfc45-bdfb-4343-9004-9be15dfd844c,server/model/players/combat/AttackNPC.java,delayedHit,->,12acfc45-bdfb-4343-9004-9be15dfd844c,server/model/players/Client.java,getPA
12acfc45-bdfb-4343-9004-9be15dfd844c,server/model/players/combat/AttackNPC.java,delayedHit,->,12acfc45-bdfb-4343-9004-9be15dfd844c,991eb2a8-284a-4290-ae08-f54cf8834706,26ef4ae0-57cb-4083-a56f-eaf4b81cb1ad
12acfc45-bdfb-4343-9004-9be15dfd844c,server/model/players/combat/AttackNPC.java,delayedHit,->,12acfc45-bdfb-4343-9004-9be15dfd844c,server/model/players/Client.java,getPA
12acfc45-bdfb-4343-9004-9be15dfd844c,server/model/players/combat/AttackNPC.java,delayedHit,->,12acfc45-bdfb-4343-9004-9be15dfd844c,991eb2a8-284a-4290-ae08-f54cf8834706,cc581d00-f04e-4278-8aaf-0ecbd93e9b04
12acfc45-bdfb-4343-9004-9be15dfd844c,server/model/players/combat/AttackNPC.java,delayedHit,->,12acfc45-bdfb-4343-9004-9be15dfd844c,server/model/players/Client.java,getCombat
12acfc45-bdfb-4343-9004-9be15dfd844c,server/model/players/combat/AttackNPC.java,delayedHit,->,12acfc45-bdfb-4343-9004-9be15dfd844c,server/model/players/CombatAssistant.java,magicMaxHit
12acfc45-bdfb-4343-9004-9be15dfd844c,server/model/players/combat/AttackNPC.java,delayedHit,->,12acfc45-bdfb-4343-9004-9be15dfd844c,server/model/players/Client.java,getCombat
12acfc45-bdfb-4343-9004-9be15dfd844c,server/model/players/combat/AttackNPC.java,delayedHit,->,12acfc45-bdfb-4343-9004-9be15dfd844c,server/model/players/CombatAssistant.java,fireProjectileNpc
12acfc45-bdfb-4343-9004-9be15dfd844c,server/model/players/combat/AttackNPC.java,attackNpc,->,12acfc45-bdfb-4343-9004-9be15dfd844c,server/model/players/Client.java,faceUpdate
12acfc45-bdfb-4343-9004-9be15dfd844c,server/model/players/combat/AttackNPC.java,attackNpc,->,12acfc45-bdfb-4343-9004-9be15dfd844c,5849ef3e-9280-4348-a3c8-451a741eecc1,7541bcec-ab8d-45a2-b899-c5977ccbeede
12acfc45-bdfb-4343-9004-9be15dfd844c,server/model/players/combat/AttackNPC.java,attackNpc,->,12acfc45-bdfb-4343-9004-9be15dfd844c,server/model/players/Client.java,sendMessage
12acfc45-bdfb-4343-9004-9be15dfd844c,server/model/players/combat/AttackNPC.java,attackNpc,->,12acfc45-bdfb-4343-9004-9be15dfd844c,server/model/players/Client.java,inMulti
12acfc45-bdfb-4343-9004-9be15dfd844c,server/model/players/combat/AttackNPC.java,attackNpc,->,12acfc45-bdfb-4343-9004-9be15dfd844c,server/model/players/Client.java,getCombat
12acfc45-bdfb-4343-9004-9be15dfd844c,server/model/players/combat/AttackNPC.java,attackNpc,->,12acfc45-bdfb-4343-9004-9be15dfd844c,server/model/players/CombatAssistant.java,resetPlayerAttack
12acfc45-bdfb-4343-9004-9be15dfd844c,server/model/players/combat/AttackNPC.java,attackNpc,->,12acfc45-bdfb-4343-9004-9be15dfd844c,server/model/players/Client.java,sendMessage
12acfc45-bdfb-4343-9004-9be15dfd844c,server/model/players/combat/AttackNPC.java,attackNpc,->,12acfc45-bdfb-4343-9004-9be15dfd844c,server/model/players/Client.java,getCombat
12acfc45-bdfb-4343-9004-9be15dfd844c,server/model/players/combat/AttackNPC.java,attackNpc,->,12acfc45-bdfb-4343-9004-9be15dfd844c,server/model/players/CombatAssistant.java,goodSlayer
12acfc45-bdfb-4343-9004-9be15dfd844c,server/model/players/combat/AttackNPC.java,attackNpc,->,12acfc45-bdfb-4343-9004-9be15dfd844c,server/model/players/Client.java,getCombat
12acfc45-bdfb-4343-9004-9be15dfd844c,server/model/players/combat/AttackNPC.java,attackNpc,->,12acfc45-bdfb-4343-9004-9be15dfd844c,server/model/players/CombatAssistant.java,resetPlayerAttack
12acfc45-bdfb-4343-9004-9be15dfd844c,server/model/players/combat/AttackNPC.java,attackNpc,->,12acfc45-bdfb-4343-9004-9be15dfd844c,server/model/players/Client.java,getCombat
12acfc45-bdfb-4343-9004-9be15dfd844c,server/model/players/combat/AttackNPC.java,attackNpc,->,12acfc45-bdfb-4343-9004-9be15dfd844c,server/model/players/CombatAssistant.java,resetPlayerAttack
12acfc45-bdfb-4343-9004-9be15dfd844c,server/model/players/combat/AttackNPC.java,attackNpc,->,12acfc45-bdfb-4343-9004-9be15dfd844c,server/model/players/Client.java,sendMessage
12acfc45-bdfb-4343-9004-9be15dfd844c,server/model/players/combat/AttackNPC.java,attackNpc,->,12acfc45-bdfb-4343-9004-9be15dfd844c,server/model/players/Client.java,getX
12acfc45-bdfb-4343-9004-9be15dfd844c,server/model/players/combat/AttackNPC.java,attackNpc,->,12acfc45-bdfb-4343-9004-9be15dfd844c,5849ef3e-9280-4348-a3c8-451a741eecc1,be4814f2-9691-46f9-8036-ee2d782c6652
12acfc45-bdfb-4343-9004-9be15dfd844c,server/model/players/combat/AttackNPC.java,attackNpc,->,12acfc45-bdfb-4343-9004-9be15dfd844c,server/model/players/Client.java,getY
12acfc45-bdfb-4343-9004-9be15dfd844c,server/model/players/combat/AttackNPC.java,attackNpc,->,12acfc45-bdfb-4343-9004-9be15dfd844c,5849ef3e-9280-4348-a3c8-451a741eecc1,06abc11f-87f2-4398-ad11-b60bfae4491e
12acfc45-bdfb-4343-9004-9be15dfd844c,server/model/players/combat/AttackNPC.java,attackNpc,->,12acfc45-bdfb-4343-9004-9be15dfd844c,server/model/players/Client.java,getPA
12acfc45-bdfb-4343-9004-9be15dfd844c,server/model/players/combat/AttackNPC.java,attackNpc,->,12acfc45-bdfb-4343-9004-9be15dfd844c,991eb2a8-284a-4290-ae08-f54cf8834706,387ef356-3543-428b-bef1-b07e93485a0d
12acfc45-bdfb-4343-9004-9be15dfd844c,server/model/players/combat/AttackNPC.java,attackNpc,->,12acfc45-bdfb-4343-9004-9be15dfd844c,server/model/players/Client.java,getCombat
12acfc45-bdfb-4343-9004-9be15dfd844c,server/model/players/combat/AttackNPC.java,attackNpc,->,12acfc45-bdfb-4343-9004-9be15dfd844c,server/model/players/Client.java,getItems
12acfc45-bdfb-4343-9004-9be15dfd844c,server/model/players/combat/AttackNPC.java,attackNpc,->,12acfc45-bdfb-4343-9004-9be15dfd844c,server/model/items/ItemAssistant.java,getItemName
12acfc45-bdfb-4343-9004-9be15dfd844c,server/model/players/combat/AttackNPC.java,attackNpc,->,12acfc45-bdfb-4343-9004-9be15dfd844c,java/lang/String.java,toLowerCase
12acfc45-bdfb-4343-9004-9be15dfd844c,server/model/players/combat/AttackNPC.java,attackNpc,->,12acfc45-bdfb-4343-9004-9be15dfd844c,server/model/players/CombatAssistant.java,getAttackDelay
12acfc45-bdfb-4343-9004-9be15dfd844c,server/model/players/combat/AttackNPC.java,attackNpc,->,12acfc45-bdfb-4343-9004-9be15dfd844c,server/model/players/Client.java,getX
12acfc45-bdfb-4343-9004-9be15dfd844c,server/model/players/combat/AttackNPC.java,attackNpc,->,12acfc45-bdfb-4343-9004-9be15dfd844c,server/model/players/Client.java,getY
12acfc45-bdfb-4343-9004-9be15dfd844c,server/model/players/combat/AttackNPC.java,attackNpc,->,12acfc45-bdfb-4343-9004-9be15dfd844c,5849ef3e-9280-4348-a3c8-451a741eecc1,be4814f2-9691-46f9-8036-ee2d782c6652
12acfc45-bdfb-4343-9004-9be15dfd844c,server/model/players/combat/AttackNPC.java,attackNpc,->,12acfc45-bdfb-4343-9004-9be15dfd844c,5849ef3e-9280-4348-a3c8-451a741eecc1,06abc11f-87f2-4398-ad11-b60bfae4491e
12acfc45-bdfb-4343-9004-9be15dfd844c,server/model/players/combat/AttackNPC.java,attackNpc,->,12acfc45-bdfb-4343-9004-9be15dfd844c,server/model/players/Client.java,goodDistance
12acfc45-bdfb-4343-9004-9be15dfd844c,server/model/players/combat/AttackNPC.java,attackNpc,->,12acfc45-bdfb-4343-9004-9be15dfd844c,server/model/players/Client.java,getCombat
12acfc45-bdfb-4343-9004-9be15dfd844c,server/model/players/combat/AttackNPC.java,attackNpc,->,12acfc45-bdfb-4343-9004-9be15dfd844c,server/model/players/CombatAssistant.java,usingHally
12acfc45-bdfb-4343-9004-9be15dfd844c,server/model/players/combat/AttackNPC.java,attackNpc,->,12acfc45-bdfb-4343-9004-9be15dfd844c,server/model/players/Client.java,getX
12acfc45-bdfb-4343-9004-9be15dfd844c,server/model/players/combat/AttackNPC.java,attackNpc,->,12acfc45-bdfb-4343-9004-9be15dfd844c,server/model/players/Client.java,getY
12acfc45-bdfb-4343-9004-9be15dfd844c,server/model/players/combat/AttackNPC.java,attackNpc,->,12acfc45-bdfb-4343-9004-9be15dfd844c,5849ef3e-9280-4348-a3c8-451a741eecc1,be4814f2-9691-46f9-8036-ee2d782c6652
12acfc45-bdfb-4343-9004-9be15dfd844c,server/model/players/combat/AttackNPC.java,attackNpc,->,12acfc45-bdfb-4343-9004-9be15dfd844c,5849ef3e-9280-4348-a3c8-451a741eecc1,06abc11f-87f2-4398-ad11-b60bfae4491e
12acfc45-bdfb-4343-9004-9be15dfd844c,server/model/players/combat/AttackNPC.java,attackNpc,->,12acfc45-bdfb-4343-9004-9be15dfd844c,server/model/players/Client.java,goodDistance
12acfc45-bdfb-4343-9004-9be15dfd844c,server/model/players/combat/AttackNPC.java,attackNpc,->,12acfc45-bdfb-4343-9004-9be15dfd844c,server/model/players/Client.java,getX
12acfc45-bdfb-4343-9004-9be15dfd844c,server/model/players/combat/AttackNPC.java,attackNpc,->,12acfc45-bdfb-4343-9004-9be15dfd844c,server/model/players/Client.java,getY
12acfc45-bdfb-4343-9004-9be15dfd844c,server/model/players/combat/AttackNPC.java,attackNpc,->,12acfc45-bdfb-4343-9004-9be15dfd844c,5849ef3e-9280-4348-a3c8-451a741eecc1,be4814f2-9691-46f9-8036-ee2d782c6652
12acfc45-bdfb-4343-9004-9be15dfd844c,server/model/players/combat/AttackNPC.java,attackNpc,->,12acfc45-bdfb-4343-9004-9be15dfd844c,5849ef3e-9280-4348-a3c8-451a741eecc1,06abc11f-87f2-4398-ad11-b60bfae4491e
12acfc45-bdfb-4343-9004-9be15dfd844c,server/model/players/combat/AttackNPC.java,attackNpc,->,12acfc45-bdfb-4343-9004-9be15dfd844c,server/model/players/Client.java,goodDistance
12acfc45-bdfb-4343-9004-9be15dfd844c,server/model/players/combat/AttackNPC.java,attackNpc,->,12acfc45-bdfb-4343-9004-9be15dfd844c,server/model/players/Client.java,getCombat
12acfc45-bdfb-4343-9004-9be15dfd844c,server/model/players/combat/AttackNPC.java,attackNpc,->,12acfc45-bdfb-4343-9004-9be15dfd844c,server/model/players/CombatAssistant.java,usingHally
12acfc45-bdfb-4343-9004-9be15dfd844c,server/model/players/combat/AttackNPC.java,attackNpc,->,12acfc45-bdfb-4343-9004-9be15dfd844c,server/model/players/Client.java,getX
12acfc45-bdfb-4343-9004-9be15dfd844c,server/model/players/combat/AttackNPC.java,attackNpc,->,12acfc45-bdfb-4343-9004-9be15dfd844c,server/model/players/Client.java,getY
12acfc45-bdfb-4343-9004-9be15dfd844c,server/model/players/combat/AttackNPC.java,attackNpc,->,12acfc45-bdfb-4343-9004-9be15dfd844c,5849ef3e-9280-4348-a3c8-451a741eecc1,be4814f2-9691-46f9-8036-ee2d782c6652
12acfc45-bdfb-4343-9004-9be15dfd844c,server/model/players/combat/AttackNPC.java,attackNpc,->,12acfc45-bdfb-4343-9004-9be15dfd844c,5849ef3e-9280-4348-a3c8-451a741eecc1,06abc11f-87f2-4398-ad11-b60bfae4491e
12acfc45-bdfb-4343-9004-9be15dfd844c,server/model/players/combat/AttackNPC.java,attackNpc,->,12acfc45-bdfb-4343-9004-9be15dfd844c,server/model/players/Client.java,goodDistance
12acfc45-bdfb-4343-9004-9be15dfd844c,server/model/players/combat/AttackNPC.java,attackNpc,->,12acfc45-bdfb-4343-9004-9be15dfd844c,server/model/players/Client.java,sendMessage
12acfc45-bdfb-4343-9004-9be15dfd844c,server/model/players/combat/AttackNPC.java,attackNpc,->,12acfc45-bdfb-4343-9004-9be15dfd844c,server/model/players/Client.java,stopMovement
12acfc45-bdfb-4343-9004-9be15dfd844c,server/model/players/combat/AttackNPC.java,attackNpc,->,12acfc45-bdfb-4343-9004-9be15dfd844c,server/model/players/Client.java,getCombat
12acfc45-bdfb-4343-9004-9be15dfd844c,server/model/players/combat/AttackNPC.java,attackNpc,->,12acfc45-bdfb-4343-9004-9be15dfd844c,server/model/players/CombatAssistant.java,correctBowAndArrows
12acfc45-bdfb-4343-9004-9be15dfd844c,server/model/players/combat/AttackNPC.java,attackNpc,->,12acfc45-bdfb-4343-9004-9be15dfd844c,server/model/players/Client.java,getCombat
12acfc45-bdfb-4343-9004-9be15dfd844c,server/model/players/combat/AttackNPC.java,attackNpc,->,12acfc45-bdfb-4343-9004-9be15dfd844c,server/model/players/CombatAssistant.java,usingCrystalBow
12acfc45-bdfb-4343-9004-9be15dfd844c,server/model/players/combat/AttackNPC.java,attackNpc,->,12acfc45-bdfb-4343-9004-9be15dfd844c,java/lang/StringBuilder.java,append
12acfc45-bdfb-4343-9004-9be15dfd844c,server/model/players/combat/AttackNPC.java,attackNpc,->,12acfc45-bdfb-4343-9004-9be15dfd844c,server/model/players/Client.java,getItems
12acfc45-bdfb-4343-9004-9be15dfd844c,server/model/players/combat/AttackNPC.java,attackNpc,->,12acfc45-bdfb-4343-9004-9be15dfd844c,server/model/items/ItemAssistant.java,getItemName
12acfc45-bdfb-4343-9004-9be15dfd844c,server/model/players/combat/AttackNPC.java,attackNpc,->,12acfc45-bdfb-4343-9004-9be15dfd844c,java/lang/String.java,toLowerCase
12acfc45-bdfb-4343-9004-9be15dfd844c,server/model/players/combat/AttackNPC.java,attackNpc,->,12acfc45-bdfb-4343-9004-9be15dfd844c,java/lang/StringBuilder.java,append
12acfc45-bdfb-4343-9004-9be15dfd844c,server/model/players/combat/AttackNPC.java,attackNpc,->,12acfc45-bdfb-4343-9004-9be15dfd844c,java/lang/StringBuilder.java,append
12acfc45-bdfb-4343-9004-9be15dfd844c,server/model/players/combat/AttackNPC.java,attackNpc,->,12acfc45-bdfb-4343-9004-9be15dfd844c,server/model/players/Client.java,getItems
12acfc45-bdfb-4343-9004-9be15dfd844c,server/model/players/combat/AttackNPC.java,attackNpc,->,12acfc45-bdfb-4343-9004-9be15dfd844c,server/model/items/ItemAssistant.java,getItemName
12acfc45-bdfb-4343-9004-9be15dfd844c,server/model/players/combat/AttackNPC.java,attackNpc,->,12acfc45-bdfb-4343-9004-9be15dfd844c,java/lang/String.java,toLowerCase
12acfc45-bdfb-4343-9004-9be15dfd844c,server/model/players/combat/AttackNPC.java,attackNpc,->,12acfc45-bdfb-4343-9004-9be15dfd844c,java/lang/StringBuilder.java,append
12acfc45-bdfb-4343-9004-9be15dfd844c,server/model/players/combat/AttackNPC.java,attackNpc,->,12acfc45-bdfb-4343-9004-9be15dfd844c,java/lang/StringBuilder.java,append
12acfc45-bdfb-4343-9004-9be15dfd844c,server/model/players/combat/AttackNPC.java,attackNpc,->,12acfc45-bdfb-4343-9004-9be15dfd844c,java/lang/StringBuilder.java,toString
12acfc45-bdfb-4343-9004-9be15dfd844c,server/model/players/combat/AttackNPC.java,attackNpc,->,12acfc45-bdfb-4343-9004-9be15dfd844c,server/model/players/Client.java,sendMessage
12acfc45-bdfb-4343-9004-9be15dfd844c,server/model/players/combat/AttackNPC.java,attackNpc,->,12acfc45-bdfb-4343-9004-9be15dfd844c,server/model/players/Client.java,stopMovement
12acfc45-bdfb-4343-9004-9be15dfd844c,server/model/players/combat/AttackNPC.java,attackNpc,->,12acfc45-bdfb-4343-9004-9be15dfd844c,server/model/players/Client.java,getCombat
12acfc45-bdfb-4343-9004-9be15dfd844c,server/model/players/combat/AttackNPC.java,attackNpc,->,12acfc45-bdfb-4343-9004-9be15dfd844c,server/model/players/CombatAssistant.java,properBolts
12acfc45-bdfb-4343-9004-9be15dfd844c,server/model/players/combat/AttackNPC.java,attackNpc,->,12acfc45-bdfb-4343-9004-9be15dfd844c,server/model/players/Client.java,sendMessage
12acfc45-bdfb-4343-9004-9be15dfd844c,server/model/players/combat/AttackNPC.java,attackNpc,->,12acfc45-bdfb-4343-9004-9be15dfd844c,server/model/players/Client.java,stopMovement
12acfc45-bdfb-4343-9004-9be15dfd844c,server/model/players/combat/AttackNPC.java,attackNpc,->,12acfc45-bdfb-4343-9004-9be15dfd844c,server/model/players/Client.java,getCombat
12acfc45-bdfb-4343-9004-9be15dfd844c,server/model/players/combat/AttackNPC.java,attackNpc,->,12acfc45-bdfb-4343-9004-9be15dfd844c,server/model/players/CombatAssistant.java,resetPlayerAttack
12acfc45-bdfb-4343-9004-9be15dfd844c,server/model/players/combat/AttackNPC.java,attackNpc,->,12acfc45-bdfb-4343-9004-9be15dfd844c,server/model/players/Client.java,getCombat
12acfc45-bdfb-4343-9004-9be15dfd844c,server/model/players/combat/AttackNPC.java,attackNpc,->,12acfc45-bdfb-4343-9004-9be15dfd844c,server/model/players/CombatAssistant.java,usingHally
12acfc45-bdfb-4343-9004-9be15dfd844c,server/model/players/combat/AttackNPC.java,attackNpc,->,12acfc45-bdfb-4343-9004-9be15dfd844c,server/model/players/Client.java,getX
12acfc45-bdfb-4343-9004-9be15dfd844c,server/model/players/combat/AttackNPC.java,attackNpc,->,12acfc45-bdfb-4343-9004-9be15dfd844c,server/model/players/Client.java,getY
12acfc45-bdfb-4343-9004-9be15dfd844c,server/model/players/combat/AttackNPC.java,attackNpc,->,12acfc45-bdfb-4343-9004-9be15dfd844c,5849ef3e-9280-4348-a3c8-451a741eecc1,be4814f2-9691-46f9-8036-ee2d782c6652
12acfc45-bdfb-4343-9004-9be15dfd844c,server/model/players/combat/AttackNPC.java,attackNpc,->,12acfc45-bdfb-4343-9004-9be15dfd844c,5849ef3e-9280-4348-a3c8-451a741eecc1,06abc11f-87f2-4398-ad11-b60bfae4491e
12acfc45-bdfb-4343-9004-9be15dfd844c,server/model/players/combat/AttackNPC.java,attackNpc,->,12acfc45-bdfb-4343-9004-9be15dfd844c,server/model/players/Client.java,goodDistance
12acfc45-bdfb-4343-9004-9be15dfd844c,server/model/players/combat/AttackNPC.java,attackNpc,->,12acfc45-bdfb-4343-9004-9be15dfd844c,server/model/players/Client.java,stopMovement
12acfc45-bdfb-4343-9004-9be15dfd844c,server/model/players/combat/AttackNPC.java,attackNpc,->,12acfc45-bdfb-4343-9004-9be15dfd844c,server/model/players/Client.java,getCombat
12acfc45-bdfb-4343-9004-9be15dfd844c,server/model/players/combat/AttackNPC.java,attackNpc,->,12acfc45-bdfb-4343-9004-9be15dfd844c,server/model/players/CombatAssistant.java,checkMagicReqs
12acfc45-bdfb-4343-9004-9be15dfd844c,server/model/players/combat/AttackNPC.java,attackNpc,->,12acfc45-bdfb-4343-9004-9be15dfd844c,server/model/players/Client.java,stopMovement
12acfc45-bdfb-4343-9004-9be15dfd844c,server/model/players/combat/AttackNPC.java,attackNpc,->,12acfc45-bdfb-4343-9004-9be15dfd844c,server/model/players/Client.java,faceUpdate
12acfc45-bdfb-4343-9004-9be15dfd844c,server/model/players/combat/AttackNPC.java,attackNpc,->,12acfc45-bdfb-4343-9004-9be15dfd844c,java/lang/System.java,currentTimeMillis
12acfc45-bdfb-4343-9004-9be15dfd844c,server/model/players/combat/AttackNPC.java,attackNpc,->,12acfc45-bdfb-4343-9004-9be15dfd844c,server/model/players/Client.java,getCombat
12acfc45-bdfb-4343-9004-9be15dfd844c,server/model/players/combat/AttackNPC.java,attackNpc,->,12acfc45-bdfb-4343-9004-9be15dfd844c,server/model/players/CombatAssistant.java,checkSpecAmount
12acfc45-bdfb-4343-9004-9be15dfd844c,server/model/players/combat/AttackNPC.java,attackNpc,->,12acfc45-bdfb-4343-9004-9be15dfd844c,server/model/players/Client.java,getCombat
12acfc45-bdfb-4343-9004-9be15dfd844c,server/model/players/combat/AttackNPC.java,attackNpc,->,12acfc45-bdfb-4343-9004-9be15dfd844c,server/model/players/CombatAssistant.java,activateSpecial
12acfc45-bdfb-4343-9004-9be15dfd844c,server/model/players/combat/AttackNPC.java,attackNpc,->,12acfc45-bdfb-4343-9004-9be15dfd844c,server/model/players/Client.java,sendMessage
12acfc45-bdfb-4343-9004-9be15dfd844c,server/model/players/combat/AttackNPC.java,attackNpc,->,12acfc45-bdfb-4343-9004-9be15dfd844c,server/model/players/Client.java,getItems
12acfc45-bdfb-4343-9004-9be15dfd844c,server/model/players/combat/AttackNPC.java,attackNpc,->,12acfc45-bdfb-4343-9004-9be15dfd844c,server/model/items/ItemAssistant.java,updateSpecialBar
12acfc45-bdfb-4343-9004-9be15dfd844c,server/model/players/combat/AttackNPC.java,attackNpc,->,12acfc45-bdfb-4343-9004-9be15dfd844c,server/model/players/Client.java,getCombat
12acfc45-bdfb-4343-9004-9be15dfd844c,server/model/players/combat/AttackNPC.java,attackNpc,->,12acfc45-bdfb-4343-9004-9be15dfd844c,server/model/players/Client.java,getItems
12acfc45-bdfb-4343-9004-9be15dfd844c,server/model/players/combat/AttackNPC.java,attackNpc,->,12acfc45-bdfb-4343-9004-9be15dfd844c,server/model/items/ItemAssistant.java,getItemName
12acfc45-bdfb-4343-9004-9be15dfd844c,server/model/players/combat/AttackNPC.java,attackNpc,->,12acfc45-bdfb-4343-9004-9be15dfd844c,java/lang/String.java,toLowerCase
12acfc45-bdfb-4343-9004-9be15dfd844c,server/model/players/combat/AttackNPC.java,attackNpc,->,12acfc45-bdfb-4343-9004-9be15dfd844c,server/model/players/CombatAssistant.java,getWepAnim
12acfc45-bdfb-4343-9004-9be15dfd844c,server/model/players/combat/AttackNPC.java,attackNpc,->,12acfc45-bdfb-4343-9004-9be15dfd844c,server/model/players/Client.java,startAnimation
12acfc45-bdfb-4343-9004-9be15dfd844c,server/model/players/combat/AttackNPC.java,attackNpc,->,12acfc45-bdfb-4343-9004-9be15dfd844c,server/model/npcs/NPCHandler.java,getNPCs
12acfc45-bdfb-4343-9004-9be15dfd844c,server/model/players/combat/AttackNPC.java,attackNpc,->,12acfc45-bdfb-4343-9004-9be15dfd844c,server/model/players/Client.java,getCombat
12acfc45-bdfb-4343-9004-9be15dfd844c,server/model/players/combat/AttackNPC.java,attackNpc,->,12acfc45-bdfb-4343-9004-9be15dfd844c,server/model/players/CombatAssistant.java,npcDefenceAnim
12acfc45-bdfb-4343-9004-9be15dfd844c,server/model/players/combat/AttackNPC.java,attackNpc,->,12acfc45-bdfb-4343-9004-9be15dfd844c,server/model/npcs/NPCHandler.java,startAnimation
12acfc45-bdfb-4343-9004-9be15dfd844c,server/model/players/combat/AttackNPC.java,attackNpc,->,12acfc45-bdfb-4343-9004-9be15dfd844c,server/model/players/Client.java,startAnimation
12acfc45-bdfb-4343-9004-9be15dfd844c,server/model/players/combat/AttackNPC.java,attackNpc,->,12acfc45-bdfb-4343-9004-9be15dfd844c,server/model/players/Client.java,getPA
12acfc45-bdfb-4343-9004-9be15dfd844c,server/model/players/combat/AttackNPC.java,attackNpc,->,12acfc45-bdfb-4343-9004-9be15dfd844c,991eb2a8-284a-4290-ae08-f54cf8834706,52a21904-427e-4263-9554-cc4953ec015f
12acfc45-bdfb-4343-9004-9be15dfd844c,server/model/players/combat/AttackNPC.java,attackNpc,->,12acfc45-bdfb-4343-9004-9be15dfd844c,server/model/players/Client.java,getCombat
12acfc45-bdfb-4343-9004-9be15dfd844c,server/model/players/combat/AttackNPC.java,attackNpc,->,12acfc45-bdfb-4343-9004-9be15dfd844c,server/model/players/Client.java,getItems
12acfc45-bdfb-4343-9004-9be15dfd844c,server/model/players/combat/AttackNPC.java,attackNpc,->,12acfc45-bdfb-4343-9004-9be15dfd844c,server/model/items/ItemAssistant.java,getItemName
12acfc45-bdfb-4343-9004-9be15dfd844c,server/model/players/combat/AttackNPC.java,attackNpc,->,12acfc45-bdfb-4343-9004-9be15dfd844c,java/lang/String.java,toLowerCase
12acfc45-bdfb-4343-9004-9be15dfd844c,server/model/players/combat/AttackNPC.java,attackNpc,->,12acfc45-bdfb-4343-9004-9be15dfd844c,server/model/players/CombatAssistant.java,getHitDelay
12acfc45-bdfb-4343-9004-9be15dfd844c,server/model/players/combat/AttackNPC.java,attackNpc,->,12acfc45-bdfb-4343-9004-9be15dfd844c,server/model/players/Client.java,getPA
12acfc45-bdfb-4343-9004-9be15dfd844c,server/model/players/combat/AttackNPC.java,attackNpc,->,12acfc45-bdfb-4343-9004-9be15dfd844c,991eb2a8-284a-4290-ae08-f54cf8834706,52a21904-427e-4263-9554-cc4953ec015f
12acfc45-bdfb-4343-9004-9be15dfd844c,server/model/players/combat/AttackNPC.java,attackNpc,->,12acfc45-bdfb-4343-9004-9be15dfd844c,server/model/players/Client.java,getCombat
12acfc45-bdfb-4343-9004-9be15dfd844c,server/model/players/combat/AttackNPC.java,attackNpc,->,12acfc45-bdfb-4343-9004-9be15dfd844c,server/model/players/CombatAssistant.java,getRangeStartGFX
12acfc45-bdfb-4343-9004-9be15dfd844c,server/model/players/combat/AttackNPC.java,attackNpc,->,12acfc45-bdfb-4343-9004-9be15dfd844c,server/model/players/Client.java,gfx100
12acfc45-bdfb-4343-9004-9be15dfd844c,server/model/players/combat/AttackNPC.java,attackNpc,->,12acfc45-bdfb-4343-9004-9be15dfd844c,server/model/players/Client.java,getCombat
12acfc45-bdfb-4343-9004-9be15dfd844c,server/model/players/combat/AttackNPC.java,attackNpc,->,12acfc45-bdfb-4343-9004-9be15dfd844c,server/model/players/Client.java,getItems
12acfc45-bdfb-4343-9004-9be15dfd844c,server/model/players/combat/AttackNPC.java,attackNpc,->,12acfc45-bdfb-4343-9004-9be15dfd844c,server/model/items/ItemAssistant.java,getItemName
12acfc45-bdfb-4343-9004-9be15dfd844c,server/model/players/combat/AttackNPC.java,attackNpc,->,12acfc45-bdfb-4343-9004-9be15dfd844c,java/lang/String.java,toLowerCase
12acfc45-bdfb-4343-9004-9be15dfd844c,server/model/players/combat/AttackNPC.java,attackNpc,->,12acfc45-bdfb-4343-9004-9be15dfd844c,server/model/players/CombatAssistant.java,getHitDelay
12acfc45-bdfb-4343-9004-9be15dfd844c,server/model/players/combat/AttackNPC.java,attackNpc,->,12acfc45-bdfb-4343-9004-9be15dfd844c,server/model/players/Client.java,getItems
12acfc45-bdfb-4343-9004-9be15dfd844c,server/model/players/combat/AttackNPC.java,attackNpc,->,12acfc45-bdfb-4343-9004-9be15dfd844c,server/model/items/ItemAssistant.java,deleteArrow
12acfc45-bdfb-4343-9004-9be15dfd844c,server/model/players/combat/AttackNPC.java,attackNpc,->,12acfc45-bdfb-4343-9004-9be15dfd844c,server/model/players/Client.java,getItems
12acfc45-bdfb-4343-9004-9be15dfd844c,server/model/players/combat/AttackNPC.java,attackNpc,->,12acfc45-bdfb-4343-9004-9be15dfd844c,server/model/items/ItemAssistant.java,deleteArrow
12acfc45-bdfb-4343-9004-9be15dfd844c,server/model/players/combat/AttackNPC.java,attackNpc,->,12acfc45-bdfb-4343-9004-9be15dfd844c,server/model/players/Client.java,getCombat
12acfc45-bdfb-4343-9004-9be15dfd844c,server/model/players/combat/AttackNPC.java,attackNpc,->,12acfc45-bdfb-4343-9004-9be15dfd844c,server/model/players/CombatAssistant.java,fireProjectileNpc
12acfc45-bdfb-4343-9004-9be15dfd844c,server/model/players/combat/AttackNPC.java,attackNpc,->,12acfc45-bdfb-4343-9004-9be15dfd844c,server/model/players/Client.java,getPA
12acfc45-bdfb-4343-9004-9be15dfd844c,server/model/players/combat/AttackNPC.java,attackNpc,->,12acfc45-bdfb-4343-9004-9be15dfd844c,991eb2a8-284a-4290-ae08-f54cf8834706,52a21904-427e-4263-9554-cc4953ec015f
12acfc45-bdfb-4343-9004-9be15dfd844c,server/model/players/combat/AttackNPC.java,attackNpc,->,12acfc45-bdfb-4343-9004-9be15dfd844c,server/model/players/Client.java,getItems
12acfc45-bdfb-4343-9004-9be15dfd844c,server/model/players/combat/AttackNPC.java,attackNpc,->,12acfc45-bdfb-4343-9004-9be15dfd844c,server/model/items/ItemAssistant.java,deleteEquipment
12acfc45-bdfb-4343-9004-9be15dfd844c,server/model/players/combat/AttackNPC.java,attackNpc,->,12acfc45-bdfb-4343-9004-9be15dfd844c,server/model/players/Client.java,getCombat
12acfc45-bdfb-4343-9004-9be15dfd844c,server/model/players/combat/AttackNPC.java,attackNpc,->,12acfc45-bdfb-4343-9004-9be15dfd844c,server/model/players/CombatAssistant.java,getRangeStartGFX
12acfc45-bdfb-4343-9004-9be15dfd844c,server/model/players/combat/AttackNPC.java,attackNpc,->,12acfc45-bdfb-4343-9004-9be15dfd844c,server/model/players/Client.java,gfx100
12acfc45-bdfb-4343-9004-9be15dfd844c,server/model/players/combat/AttackNPC.java,attackNpc,->,12acfc45-bdfb-4343-9004-9be15dfd844c,server/model/players/Client.java,getCombat
12acfc45-bdfb-4343-9004-9be15dfd844c,server/model/players/combat/AttackNPC.java,attackNpc,->,12acfc45-bdfb-4343-9004-9be15dfd844c,server/model/players/Client.java,getItems
12acfc45-bdfb-4343-9004-9be15dfd844c,server/model/players/combat/AttackNPC.java,attackNpc,->,12acfc45-bdfb-4343-9004-9be15dfd844c,server/model/items/ItemAssistant.java,getItemName
12acfc45-bdfb-4343-9004-9be15dfd844c,server/model/players/combat/AttackNPC.java,attackNpc,->,12acfc45-bdfb-4343-9004-9be15dfd844c,java/lang/String.java,toLowerCase
12acfc45-bdfb-4343-9004-9be15dfd844c,server/model/players/combat/AttackNPC.java,attackNpc,->,12acfc45-bdfb-4343-9004-9be15dfd844c,server/model/players/CombatAssistant.java,getHitDelay
12acfc45-bdfb-4343-9004-9be15dfd844c,server/model/players/combat/AttackNPC.java,attackNpc,->,12acfc45-bdfb-4343-9004-9be15dfd844c,server/model/players/Client.java,getCombat
12acfc45-bdfb-4343-9004-9be15dfd844c,server/model/players/combat/AttackNPC.java,attackNpc,->,12acfc45-bdfb-4343-9004-9be15dfd844c,server/model/players/CombatAssistant.java,fireProjectileNpc
12acfc45-bdfb-4343-9004-9be15dfd844c,server/model/players/combat/AttackNPC.java,attackNpc,->,12acfc45-bdfb-4343-9004-9be15dfd844c,server/model/players/Client.java,getX
12acfc45-bdfb-4343-9004-9be15dfd844c,server/model/players/combat/AttackNPC.java,attackNpc,->,12acfc45-bdfb-4343-9004-9be15dfd844c,server/model/players/Client.java,getY
12acfc45-bdfb-4343-9004-9be15dfd844c,server/model/players/combat/AttackNPC.java,attackNpc,->,12acfc45-bdfb-4343-9004-9be15dfd844c,5849ef3e-9280-4348-a3c8-451a741eecc1,be4814f2-9691-46f9-8036-ee2d782c6652
12acfc45-bdfb-4343-9004-9be15dfd844c,server/model/players/combat/AttackNPC.java,attackNpc,->,12acfc45-bdfb-4343-9004-9be15dfd844c,5849ef3e-9280-4348-a3c8-451a741eecc1,06abc11f-87f2-4398-ad11-b60bfae4491e
12acfc45-bdfb-4343-9004-9be15dfd844c,server/model/players/combat/AttackNPC.java,attackNpc,->,12acfc45-bdfb-4343-9004-9be15dfd844c,server/model/players/Client.java,stopMovement
12acfc45-bdfb-4343-9004-9be15dfd844c,server/model/players/combat/AttackNPC.java,attackNpc,->,12acfc45-bdfb-4343-9004-9be15dfd844c,server/model/players/Client.java,getCombat
12acfc45-bdfb-4343-9004-9be15dfd844c,server/model/players/combat/AttackNPC.java,attackNpc,->,12acfc45-bdfb-4343-9004-9be15dfd844c,server/model/players/CombatAssistant.java,getStartGfxHeight
12acfc45-bdfb-4343-9004-9be15dfd844c,server/model/players/combat/AttackNPC.java,attackNpc,->,12acfc45-bdfb-4343-9004-9be15dfd844c,server/model/players/Client.java,gfx100
12acfc45-bdfb-4343-9004-9be15dfd844c,server/model/players/combat/AttackNPC.java,attackNpc,->,12acfc45-bdfb-4343-9004-9be15dfd844c,server/model/players/Client.java,gfx0
12acfc45-bdfb-4343-9004-9be15dfd844c,server/model/players/combat/AttackNPC.java,attackNpc,->,12acfc45-bdfb-4343-9004-9be15dfd844c,server/model/players/Client.java,getPA
12acfc45-bdfb-4343-9004-9be15dfd844c,server/model/players/combat/AttackNPC.java,attackNpc,->,12acfc45-bdfb-4343-9004-9be15dfd844c,server/model/players/Client.java,getCombat
12acfc45-bdfb-4343-9004-9be15dfd844c,server/model/players/combat/AttackNPC.java,attackNpc,->,12acfc45-bdfb-4343-9004-9be15dfd844c,server/model/players/CombatAssistant.java,getStartHeight
12acfc45-bdfb-4343-9004-9be15dfd844c,server/model/players/combat/AttackNPC.java,attackNpc,->,12acfc45-bdfb-4343-9004-9be15dfd844c,server/model/players/Client.java,getCombat
12acfc45-bdfb-4343-9004-9be15dfd844c,server/model/players/combat/AttackNPC.java,attackNpc,->,12acfc45-bdfb-4343-9004-9be15dfd844c,server/model/players/CombatAssistant.java,getEndHeight
12acfc45-bdfb-4343-9004-9be15dfd844c,server/model/players/combat/AttackNPC.java,attackNpc,->,12acfc45-bdfb-4343-9004-9be15dfd844c,991eb2a8-284a-4290-ae08-f54cf8834706,3b42da37-c458-47dd-84b7-9027c34c9e43
12acfc45-bdfb-4343-9004-9be15dfd844c,server/model/players/combat/AttackNPC.java,attackNpc,->,12acfc45-bdfb-4343-9004-9be15dfd844c,server/model/players/Client.java,getCombat
12acfc45-bdfb-4343-9004-9be15dfd844c,server/model/players/combat/AttackNPC.java,attackNpc,->,12acfc45-bdfb-4343-9004-9be15dfd844c,server/model/players/Client.java,getItems
12acfc45-bdfb-4343-9004-9be15dfd844c,server/model/players/combat/AttackNPC.java,attackNpc,->,12acfc45-bdfb-4343-9004-9be15dfd844c,server/model/items/ItemAssistant.java,getItemName
12acfc45-bdfb-4343-9004-9be15dfd844c,server/model/players/combat/AttackNPC.java,attackNpc,->,12acfc45-bdfb-4343-9004-9be15dfd844c,java/lang/String.java,toLowerCase
12acfc45-bdfb-4343-9004-9be15dfd844c,server/model/players/combat/AttackNPC.java,attackNpc,->,12acfc45-bdfb-4343-9004-9be15dfd844c,server/model/players/CombatAssistant.java,getHitDelay
12acfc45-bdfb-4343-9004-9be15dfd844c,server/model/players/combat/AttackNPC.java,attackNpc,->,12acfc45-bdfb-4343-9004-9be15dfd844c,server/model/players/Client.java,getItems
12acfc45-bdfb-4343-9004-9be15dfd844c,server/model/players/combat/AttackNPC.java,attackNpc,->,12acfc45-bdfb-4343-9004-9be15dfd844c,server/model/items/ItemAssistant.java,wearItem
12acfc45-bdfb-4343-9004-9be15dfd844c,server/model/players/combat/AttackNPC.java,attackNpc,->,12acfc45-bdfb-4343-9004-9be15dfd844c,server/model/players/Client.java,getItems
12acfc45-bdfb-4343-9004-9be15dfd844c,server/model/players/combat/AttackNPC.java,attackNpc,->,12acfc45-bdfb-4343-9004-9be15dfd844c,server/model/items/ItemAssistant.java,wearItem
12acfc45-bdfb-4343-9004-9be15dfd844c,server/model/players/combat/AttackNPC.java,attackNpc,->,12acfc45-bdfb-4343-9004-9be15dfd844c,server/model/players/Client.java,sendMessage
12acfc45-bdfb-4343-9004-9be15dfd844c,server/model/players/combat/AttackNPC.java,attackNpc,->,12acfc45-bdfb-4343-9004-9be15dfd844c,server/model/players/Client.java,getItems
12acfc45-bdfb-4343-9004-9be15dfd844c,server/model/players/combat/AttackNPC.java,attackNpc,->,12acfc45-bdfb-4343-9004-9be15dfd844c,server/model/items/ItemAssistant.java,addItem
12acfc45-bdfb-4343-9004-9be15dfd844c,server/model/players/combat/AttackNPC.java,attackNpc,->,12acfc45-bdfb-4343-9004-9be15dfd844c,server/model/players/Client.java,getX
12acfc45-bdfb-4343-9004-9be15dfd844c,server/model/players/combat/AttackNPC.java,attackNpc,->,12acfc45-bdfb-4343-9004-9be15dfd844c,server/model/players/Client.java,getY
12acfc45-bdfb-4343-9004-9be15dfd844c,server/model/players/combat/AttackNPC.java,attackNpc,->,12acfc45-bdfb-4343-9004-9be15dfd844c,server/model/players/Client.java,getId
12acfc45-bdfb-4343-9004-9be15dfd844c,server/model/players/combat/AttackNPC.java,attackNpc,->,12acfc45-bdfb-4343-9004-9be15dfd844c,server/world/ItemHandler.java,createGroundItem
12acfc45-bdfb-4343-9004-9be15dfd844c,server/model/players/combat/AttackNPC.java,attackNpc,->,12acfc45-bdfb-4343-9004-9be15dfd844c,server/model/players/Client.java,getItems
12acfc45-bdfb-4343-9004-9be15dfd844c,server/model/players/combat/AttackNPC.java,attackNpc,->,12acfc45-bdfb-4343-9004-9be15dfd844c,server/model/items/ItemAssistant.java,wearItem
12acfc45-bdfb-4343-9004-9be15dfd844c,server/model/players/combat/AttackNPC.java,attackNpc,->,12acfc45-bdfb-4343-9004-9be15dfd844c,server/model/players/Client.java,sendMessage
12acfc45-bdfb-4343-9004-9be15dfd844c,5419d182-c704-4099-be43-be6d27b13974,1ed32f44-0391-413d-9721-7a5bd2e25693,->,12acfc45-bdfb-4343-9004-9be15dfd844c,server/model/players/Client.java,getDH
12acfc45-bdfb-4343-9004-9be15dfd844c,5419d182-c704-4099-be43-be6d27b13974,1ed32f44-0391-413d-9721-7a5bd2e25693,->,12acfc45-bdfb-4343-9004-9be15dfd844c,5419d182-c704-4099-be43-be6d27b13974,9623851a-24b5-4031-962a-805ba642a4d3
12acfc45-bdfb-4343-9004-9be15dfd844c,5419d182-c704-4099-be43-be6d27b13974,1ed32f44-0391-413d-9721-7a5bd2e25693,->,12acfc45-bdfb-4343-9004-9be15dfd844c,5419d182-c704-4099-be43-be6d27b13974,7b866b90-d789-40bd-b6e3-209c3c33154a
12acfc45-bdfb-4343-9004-9be15dfd844c,5419d182-c704-4099-be43-be6d27b13974,1ed32f44-0391-413d-9721-7a5bd2e25693,->,12acfc45-bdfb-4343-9004-9be15dfd844c,5419d182-c704-4099-be43-be6d27b13974,7b866b90-d789-40bd-b6e3-209c3c33154a
12acfc45-bdfb-4343-9004-9be15dfd844c,5419d182-c704-4099-be43-be6d27b13974,1ed32f44-0391-413d-9721-7a5bd2e25693,->,12acfc45-bdfb-4343-9004-9be15dfd844c,server/model/players/Client.java,sendMessage
12acfc45-bdfb-4343-9004-9be15dfd844c,5419d182-c704-4099-be43-be6d27b13974,1ed32f44-0391-413d-9721-7a5bd2e25693,->,12acfc45-bdfb-4343-9004-9be15dfd844c,server/model/players/Client.java,sendMessage
12acfc45-bdfb-4343-9004-9be15dfd844c,5419d182-c704-4099-be43-be6d27b13974,1ed32f44-0391-413d-9721-7a5bd2e25693,->,12acfc45-bdfb-4343-9004-9be15dfd844c,server/model/players/Client.java,sendMessage
12acfc45-bdfb-4343-9004-9be15dfd844c,5419d182-c704-4099-be43-be6d27b13974,1ed32f44-0391-413d-9721-7a5bd2e25693,->,12acfc45-bdfb-4343-9004-9be15dfd844c,server/model/players/Client.java,sendMessage
12acfc45-bdfb-4343-9004-9be15dfd844c,5419d182-c704-4099-be43-be6d27b13974,1ed32f44-0391-413d-9721-7a5bd2e25693,->,12acfc45-bdfb-4343-9004-9be15dfd844c,server/model/players/Client.java,getDH
12acfc45-bdfb-4343-9004-9be15dfd844c,5419d182-c704-4099-be43-be6d27b13974,1ed32f44-0391-413d-9721-7a5bd2e25693,->,12acfc45-bdfb-4343-9004-9be15dfd844c,5419d182-c704-4099-be43-be6d27b13974,3cf6f402-c4d3-4a62-9d7c-a35f2b56d90f
12acfc45-bdfb-4343-9004-9be15dfd844c,5419d182-c704-4099-be43-be6d27b13974,1ed32f44-0391-413d-9721-7a5bd2e25693,->,12acfc45-bdfb-4343-9004-9be15dfd844c,server/model/players/Client.java,getDH
12acfc45-bdfb-4343-9004-9be15dfd844c,5419d182-c704-4099-be43-be6d27b13974,1ed32f44-0391-413d-9721-7a5bd2e25693,->,12acfc45-bdfb-4343-9004-9be15dfd844c,5419d182-c704-4099-be43-be6d27b13974,387b6a5e-17ca-4edb-b2a6-775fef14ce3f
12acfc45-bdfb-4343-9004-9be15dfd844c,5419d182-c704-4099-be43-be6d27b13974,1ed32f44-0391-413d-9721-7a5bd2e25693,->,12acfc45-bdfb-4343-9004-9be15dfd844c,server/model/players/Client.java,getDH
12acfc45-bdfb-4343-9004-9be15dfd844c,5419d182-c704-4099-be43-be6d27b13974,1ed32f44-0391-413d-9721-7a5bd2e25693,->,12acfc45-bdfb-4343-9004-9be15dfd844c,5419d182-c704-4099-be43-be6d27b13974,f24f19db-c23d-4338-b764-d5e18696c8d6
12acfc45-bdfb-4343-9004-9be15dfd844c,5419d182-c704-4099-be43-be6d27b13974,1ed32f44-0391-413d-9721-7a5bd2e25693,->,12acfc45-bdfb-4343-9004-9be15dfd844c,server/model/players/Client.java,getDH
12acfc45-bdfb-4343-9004-9be15dfd844c,5419d182-c704-4099-be43-be6d27b13974,1ed32f44-0391-413d-9721-7a5bd2e25693,->,12acfc45-bdfb-4343-9004-9be15dfd844c,5419d182-c704-4099-be43-be6d27b13974,3cf6f402-c4d3-4a62-9d7c-a35f2b56d90f
12acfc45-bdfb-4343-9004-9be15dfd844c,5419d182-c704-4099-be43-be6d27b13974,1ed32f44-0391-413d-9721-7a5bd2e25693,->,12acfc45-bdfb-4343-9004-9be15dfd844c,server/model/players/Client.java,getDH
12acfc45-bdfb-4343-9004-9be15dfd844c,5419d182-c704-4099-be43-be6d27b13974,1ed32f44-0391-413d-9721-7a5bd2e25693,->,12acfc45-bdfb-4343-9004-9be15dfd844c,5419d182-c704-4099-be43-be6d27b13974,3cf6f402-c4d3-4a62-9d7c-a35f2b56d90f
12acfc45-bdfb-4343-9004-9be15dfd844c,5419d182-c704-4099-be43-be6d27b13974,1ed32f44-0391-413d-9721-7a5bd2e25693,->,12acfc45-bdfb-4343-9004-9be15dfd844c,server/model/players/Client.java,getDH
12acfc45-bdfb-4343-9004-9be15dfd844c,5419d182-c704-4099-be43-be6d27b13974,1ed32f44-0391-413d-9721-7a5bd2e25693,->,12acfc45-bdfb-4343-9004-9be15dfd844c,5419d182-c704-4099-be43-be6d27b13974,9623851a-24b5-4031-962a-805ba642a4d3
12acfc45-bdfb-4343-9004-9be15dfd844c,5419d182-c704-4099-be43-be6d27b13974,1ed32f44-0391-413d-9721-7a5bd2e25693,->,12acfc45-bdfb-4343-9004-9be15dfd844c,server/model/players/Client.java,getDH
12acfc45-bdfb-4343-9004-9be15dfd844c,5419d182-c704-4099-be43-be6d27b13974,1ed32f44-0391-413d-9721-7a5bd2e25693,->,12acfc45-bdfb-4343-9004-9be15dfd844c,5419d182-c704-4099-be43-be6d27b13974,a2f0dde3-24b6-46f4-934e-1fba3c87130f
12acfc45-bdfb-4343-9004-9be15dfd844c,5419d182-c704-4099-be43-be6d27b13974,1ed32f44-0391-413d-9721-7a5bd2e25693,->,12acfc45-bdfb-4343-9004-9be15dfd844c,server/model/players/Client.java,getDH
12acfc45-bdfb-4343-9004-9be15dfd844c,5419d182-c704-4099-be43-be6d27b13974,1ed32f44-0391-413d-9721-7a5bd2e25693,->,12acfc45-bdfb-4343-9004-9be15dfd844c,5419d182-c704-4099-be43-be6d27b13974,3cf6f402-c4d3-4a62-9d7c-a35f2b56d90f
12acfc45-bdfb-4343-9004-9be15dfd844c,5419d182-c704-4099-be43-be6d27b13974,1ed32f44-0391-413d-9721-7a5bd2e25693,->,12acfc45-bdfb-4343-9004-9be15dfd844c,server/model/players/Client.java,getItems
12acfc45-bdfb-4343-9004-9be15dfd844c,5419d182-c704-4099-be43-be6d27b13974,1ed32f44-0391-413d-9721-7a5bd2e25693,->,12acfc45-bdfb-4343-9004-9be15dfd844c,server/model/items/ItemAssistant.java,playerHasItem
12acfc45-bdfb-4343-9004-9be15dfd844c,5419d182-c704-4099-be43-be6d27b13974,1ed32f44-0391-413d-9721-7a5bd2e25693,->,12acfc45-bdfb-4343-9004-9be15dfd844c,server/model/players/Client.java,getDH
12acfc45-bdfb-4343-9004-9be15dfd844c,5419d182-c704-4099-be43-be6d27b13974,1ed32f44-0391-413d-9721-7a5bd2e25693,->,12acfc45-bdfb-4343-9004-9be15dfd844c,5419d182-c704-4099-be43-be6d27b13974,3cf6f402-c4d3-4a62-9d7c-a35f2b56d90f
12acfc45-bdfb-4343-9004-9be15dfd844c,5419d182-c704-4099-be43-be6d27b13974,1ed32f44-0391-413d-9721-7a5bd2e25693,->,12acfc45-bdfb-4343-9004-9be15dfd844c,server/model/players/Client.java,getDH
12acfc45-bdfb-4343-9004-9be15dfd844c,5419d182-c704-4099-be43-be6d27b13974,1ed32f44-0391-413d-9721-7a5bd2e25693,->,12acfc45-bdfb-4343-9004-9be15dfd844c,5419d182-c704-4099-be43-be6d27b13974,387b6a5e-17ca-4edb-b2a6-775fef14ce3f
12acfc45-bdfb-4343-9004-9be15dfd844c,5419d182-c704-4099-be43-be6d27b13974,1ed32f44-0391-413d-9721-7a5bd2e25693,->,12acfc45-bdfb-4343-9004-9be15dfd844c,server/model/players/Client.java,getItems
12acfc45-bdfb-4343-9004-9be15dfd844c,5419d182-c704-4099-be43-be6d27b13974,1ed32f44-0391-413d-9721-7a5bd2e25693,->,12acfc45-bdfb-4343-9004-9be15dfd844c,server/model/items/ItemAssistant.java,deleteItem2
12acfc45-bdfb-4343-9004-9be15dfd844c,5419d182-c704-4099-be43-be6d27b13974,1ed32f44-0391-413d-9721-7a5bd2e25693,->,12acfc45-bdfb-4343-9004-9be15dfd844c,server/model/players/Client.java,sendMessage
12acfc45-bdfb-4343-9004-9be15dfd844c,5419d182-c704-4099-be43-be6d27b13974,1ed32f44-0391-413d-9721-7a5bd2e25693,->,12acfc45-bdfb-4343-9004-9be15dfd844c,7c986213-0157-4414-a1eb-c564ee610c20,e8366498-e949-41d5-ae95-ad82b4e6f2d3
12acfc45-bdfb-4343-9004-9be15dfd844c,5419d182-c704-4099-be43-be6d27b13974,1ed32f44-0391-413d-9721-7a5bd2e25693,->,12acfc45-bdfb-4343-9004-9be15dfd844c,7c986213-0157-4414-a1eb-c564ee610c20,28abca73-e40a-4afe-a7bf-a0cc67d9b09c
12acfc45-bdfb-4343-9004-9be15dfd844c,5419d182-c704-4099-be43-be6d27b13974,1ed32f44-0391-413d-9721-7a5bd2e25693,->,12acfc45-bdfb-4343-9004-9be15dfd844c,server/model/players/Client.java,turnPlayerTo
12acfc45-bdfb-4343-9004-9be15dfd844c,5419d182-c704-4099-be43-be6d27b13974,1ed32f44-0391-413d-9721-7a5bd2e25693,->,12acfc45-bdfb-4343-9004-9be15dfd844c,server/model/players/Client.java,getDH
12acfc45-bdfb-4343-9004-9be15dfd844c,5419d182-c704-4099-be43-be6d27b13974,1ed32f44-0391-413d-9721-7a5bd2e25693,->,12acfc45-bdfb-4343-9004-9be15dfd844c,5419d182-c704-4099-be43-be6d27b13974,387b6a5e-17ca-4edb-b2a6-775fef14ce3f
12acfc45-bdfb-4343-9004-9be15dfd844c,5419d182-c704-4099-be43-be6d27b13974,1ed32f44-0391-413d-9721-7a5bd2e25693,->,12acfc45-bdfb-4343-9004-9be15dfd844c,server/model/players/Client.java,getItems
12acfc45-bdfb-4343-9004-9be15dfd844c,5419d182-c704-4099-be43-be6d27b13974,1ed32f44-0391-413d-9721-7a5bd2e25693,->,12acfc45-bdfb-4343-9004-9be15dfd844c,server/model/items/ItemAssistant.java,deleteItem2
12acfc45-bdfb-4343-9004-9be15dfd844c,5419d182-c704-4099-be43-be6d27b13974,1ed32f44-0391-413d-9721-7a5bd2e25693,->,12acfc45-bdfb-4343-9004-9be15dfd844c,server/model/players/Client.java,sendMessage
12acfc45-bdfb-4343-9004-9be15dfd844c,5419d182-c704-4099-be43-be6d27b13974,1ed32f44-0391-413d-9721-7a5bd2e25693,->,12acfc45-bdfb-4343-9004-9be15dfd844c,7c986213-0157-4414-a1eb-c564ee610c20,e8366498-e949-41d5-ae95-ad82b4e6f2d3
12acfc45-bdfb-4343-9004-9be15dfd844c,5419d182-c704-4099-be43-be6d27b13974,1ed32f44-0391-413d-9721-7a5bd2e25693,->,12acfc45-bdfb-4343-9004-9be15dfd844c,7c986213-0157-4414-a1eb-c564ee610c20,28abca73-e40a-4afe-a7bf-a0cc67d9b09c
12acfc45-bdfb-4343-9004-9be15dfd844c,5419d182-c704-4099-be43-be6d27b13974,1ed32f44-0391-413d-9721-7a5bd2e25693,->,12acfc45-bdfb-4343-9004-9be15dfd844c,server/model/players/Client.java,turnPlayerTo
12acfc45-bdfb-4343-9004-9be15dfd844c,5419d182-c704-4099-be43-be6d27b13974,1ed32f44-0391-413d-9721-7a5bd2e25693,->,12acfc45-bdfb-4343-9004-9be15dfd844c,5419d182-c704-4099-be43-be6d27b13974,a2f0dde3-24b6-46f4-934e-1fba3c87130f
12acfc45-bdfb-4343-9004-9be15dfd844c,5419d182-c704-4099-be43-be6d27b13974,1ed32f44-0391-413d-9721-7a5bd2e25693,->,12acfc45-bdfb-4343-9004-9be15dfd844c,server/model/players/Client.java,getDH
12acfc45-bdfb-4343-9004-9be15dfd844c,5419d182-c704-4099-be43-be6d27b13974,1ed32f44-0391-413d-9721-7a5bd2e25693,->,12acfc45-bdfb-4343-9004-9be15dfd844c,5419d182-c704-4099-be43-be6d27b13974,387b6a5e-17ca-4edb-b2a6-775fef14ce3f
12acfc45-bdfb-4343-9004-9be15dfd844c,5419d182-c704-4099-be43-be6d27b13974,1ed32f44-0391-413d-9721-7a5bd2e25693,->,12acfc45-bdfb-4343-9004-9be15dfd844c,server/model/players/Client.java,getDH
12acfc45-bdfb-4343-9004-9be15dfd844c,5419d182-c704-4099-be43-be6d27b13974,1ed32f44-0391-413d-9721-7a5bd2e25693,->,12acfc45-bdfb-4343-9004-9be15dfd844c,5419d182-c704-4099-be43-be6d27b13974,f24f19db-c23d-4338-b764-d5e18696c8d6
12acfc45-bdfb-4343-9004-9be15dfd844c,5419d182-c704-4099-be43-be6d27b13974,1ed32f44-0391-413d-9721-7a5bd2e25693,->,12acfc45-bdfb-4343-9004-9be15dfd844c,server/model/players/Client.java,getDH
12acfc45-bdfb-4343-9004-9be15dfd844c,5419d182-c704-4099-be43-be6d27b13974,1ed32f44-0391-413d-9721-7a5bd2e25693,->,12acfc45-bdfb-4343-9004-9be15dfd844c,5419d182-c704-4099-be43-be6d27b13974,3cf6f402-c4d3-4a62-9d7c-a35f2b56d90f
12acfc45-bdfb-4343-9004-9be15dfd844c,5419d182-c704-4099-be43-be6d27b13974,1ed32f44-0391-413d-9721-7a5bd2e25693,->,12acfc45-bdfb-4343-9004-9be15dfd844c,server/model/players/Client.java,getDH
12acfc45-bdfb-4343-9004-9be15dfd844c,5419d182-c704-4099-be43-be6d27b13974,1ed32f44-0391-413d-9721-7a5bd2e25693,->,12acfc45-bdfb-4343-9004-9be15dfd844c,5419d182-c704-4099-be43-be6d27b13974,9623851a-24b5-4031-962a-805ba642a4d3
12acfc45-bdfb-4343-9004-9be15dfd844c,5419d182-c704-4099-be43-be6d27b13974,1ed32f44-0391-413d-9721-7a5bd2e25693,->,12acfc45-bdfb-4343-9004-9be15dfd844c,server/model/players/Client.java,getDH
12acfc45-bdfb-4343-9004-9be15dfd844c,5419d182-c704-4099-be43-be6d27b13974,1ed32f44-0391-413d-9721-7a5bd2e25693,->,12acfc45-bdfb-4343-9004-9be15dfd844c,5419d182-c704-4099-be43-be6d27b13974,0b1414d0-3835-49d6-a339-913ce4bfbcb4
12acfc45-bdfb-4343-9004-9be15dfd844c,5419d182-c704-4099-be43-be6d27b13974,1ed32f44-0391-413d-9721-7a5bd2e25693,->,12acfc45-bdfb-4343-9004-9be15dfd844c,server/model/players/Client.java,getPA
12acfc45-bdfb-4343-9004-9be15dfd844c,5419d182-c704-4099-be43-be6d27b13974,1ed32f44-0391-413d-9721-7a5bd2e25693,->,12acfc45-bdfb-4343-9004-9be15dfd844c,991eb2a8-284a-4290-ae08-f54cf8834706,3666955d-52b4-495d-880c-318d6383a5bb
12acfc45-bdfb-4343-9004-9be15dfd844c,5419d182-c704-4099-be43-be6d27b13974,1ed32f44-0391-413d-9721-7a5bd2e25693,->,12acfc45-bdfb-4343-9004-9be15dfd844c,5419d182-c704-4099-be43-be6d27b13974,ff2689f9-c5ae-46a6-9f7d-37e5a98ec923
12acfc45-bdfb-4343-9004-9be15dfd844c,5419d182-c704-4099-be43-be6d27b13974,1ed32f44-0391-413d-9721-7a5bd2e25693,->,12acfc45-bdfb-4343-9004-9be15dfd844c,5419d182-c704-4099-be43-be6d27b13974,a2f0dde3-24b6-46f4-934e-1fba3c87130f
12acfc45-bdfb-4343-9004-9be15dfd844c,5419d182-c704-4099-be43-be6d27b13974,1ed32f44-0391-413d-9721-7a5bd2e25693,->,12acfc45-bdfb-4343-9004-9be15dfd844c,5419d182-c704-4099-be43-be6d27b13974,7b866b90-d789-40bd-b6e3-209c3c33154a
12acfc45-bdfb-4343-9004-9be15dfd844c,5419d182-c704-4099-be43-be6d27b13974,1ed32f44-0391-413d-9721-7a5bd2e25693,->,12acfc45-bdfb-4343-9004-9be15dfd844c,5419d182-c704-4099-be43-be6d27b13974,7b866b90-d789-40bd-b6e3-209c3c33154a
12acfc45-bdfb-4343-9004-9be15dfd844c,5419d182-c704-4099-be43-be6d27b13974,1ed32f44-0391-413d-9721-7a5bd2e25693,->,12acfc45-bdfb-4343-9004-9be15dfd844c,5419d182-c704-4099-be43-be6d27b13974,7b866b90-d789-40bd-b6e3-209c3c33154a
12acfc45-bdfb-4343-9004-9be15dfd844c,5419d182-c704-4099-be43-be6d27b13974,1ed32f44-0391-413d-9721-7a5bd2e25693,->,12acfc45-bdfb-4343-9004-9be15dfd844c,5419d182-c704-4099-be43-be6d27b13974,7b866b90-d789-40bd-b6e3-209c3c33154a
12acfc45-bdfb-4343-9004-9be15dfd844c,5419d182-c704-4099-be43-be6d27b13974,1ed32f44-0391-413d-9721-7a5bd2e25693,->,12acfc45-bdfb-4343-9004-9be15dfd844c,5419d182-c704-4099-be43-be6d27b13974,a2f0dde3-24b6-46f4-934e-1fba3c87130f
12acfc45-bdfb-4343-9004-9be15dfd844c,5419d182-c704-4099-be43-be6d27b13974,1ed32f44-0391-413d-9721-7a5bd2e25693,->,12acfc45-bdfb-4343-9004-9be15dfd844c,5419d182-c704-4099-be43-be6d27b13974,7b866b90-d789-40bd-b6e3-209c3c33154a
12acfc45-bdfb-4343-9004-9be15dfd844c,5419d182-c704-4099-be43-be6d27b13974,1ed32f44-0391-413d-9721-7a5bd2e25693,->,12acfc45-bdfb-4343-9004-9be15dfd844c,5419d182-c704-4099-be43-be6d27b13974,a2f0dde3-24b6-46f4-934e-1fba3c87130f
12acfc45-bdfb-4343-9004-9be15dfd844c,5419d182-c704-4099-be43-be6d27b13974,1ed32f44-0391-413d-9721-7a5bd2e25693,->,12acfc45-bdfb-4343-9004-9be15dfd844c,5419d182-c704-4099-be43-be6d27b13974,a2f0dde3-24b6-46f4-934e-1fba3c87130f
12acfc45-bdfb-4343-9004-9be15dfd844c,5419d182-c704-4099-be43-be6d27b13974,1ed32f44-0391-413d-9721-7a5bd2e25693,->,12acfc45-bdfb-4343-9004-9be15dfd844c,5419d182-c704-4099-be43-be6d27b13974,a2f0dde3-24b6-46f4-934e-1fba3c87130f
12acfc45-bdfb-4343-9004-9be15dfd844c,5419d182-c704-4099-be43-be6d27b13974,1ed32f44-0391-413d-9721-7a5bd2e25693,->,12acfc45-bdfb-4343-9004-9be15dfd844c,5419d182-c704-4099-be43-be6d27b13974,22b6e4a6-35b6-4f38-9e47-52491689b526
12acfc45-bdfb-4343-9004-9be15dfd844c,5419d182-c704-4099-be43-be6d27b13974,1ed32f44-0391-413d-9721-7a5bd2e25693,->,12acfc45-bdfb-4343-9004-9be15dfd844c,5419d182-c704-4099-be43-be6d27b13974,22b6e4a6-35b6-4f38-9e47-52491689b526
12acfc45-bdfb-4343-9004-9be15dfd844c,5419d182-c704-4099-be43-be6d27b13974,1ed32f44-0391-413d-9721-7a5bd2e25693,->,12acfc45-bdfb-4343-9004-9be15dfd844c,5419d182-c704-4099-be43-be6d27b13974,22b6e4a6-35b6-4f38-9e47-52491689b526
12acfc45-bdfb-4343-9004-9be15dfd844c,5419d182-c704-4099-be43-be6d27b13974,1ed32f44-0391-413d-9721-7a5bd2e25693,->,12acfc45-bdfb-4343-9004-9be15dfd844c,5419d182-c704-4099-be43-be6d27b13974,7b866b90-d789-40bd-b6e3-209c3c33154a
12acfc45-bdfb-4343-9004-9be15dfd844c,5419d182-c704-4099-be43-be6d27b13974,1ed32f44-0391-413d-9721-7a5bd2e25693,->,12acfc45-bdfb-4343-9004-9be15dfd844c,5419d182-c704-4099-be43-be6d27b13974,a2f0dde3-24b6-46f4-934e-1fba3c87130f
12acfc45-bdfb-4343-9004-9be15dfd844c,5419d182-c704-4099-be43-be6d27b13974,1ed32f44-0391-413d-9721-7a5bd2e25693,->,12acfc45-bdfb-4343-9004-9be15dfd844c,5419d182-c704-4099-be43-be6d27b13974,7b866b90-d789-40bd-b6e3-209c3c33154a
12acfc45-bdfb-4343-9004-9be15dfd844c,5419d182-c704-4099-be43-be6d27b13974,1ed32f44-0391-413d-9721-7a5bd2e25693,->,12acfc45-bdfb-4343-9004-9be15dfd844c,5419d182-c704-4099-be43-be6d27b13974,a2f0dde3-24b6-46f4-934e-1fba3c87130f
12acfc45-bdfb-4343-9004-9be15dfd844c,5419d182-c704-4099-be43-be6d27b13974,1ed32f44-0391-413d-9721-7a5bd2e25693,->,12acfc45-bdfb-4343-9004-9be15dfd844c,java/lang/StringBuilder.java,append
12acfc45-bdfb-4343-9004-9be15dfd844c,5419d182-c704-4099-be43-be6d27b13974,1ed32f44-0391-413d-9721-7a5bd2e25693,->,12acfc45-bdfb-4343-9004-9be15dfd844c,java/lang/StringBuilder.java,append
12acfc45-bdfb-4343-9004-9be15dfd844c,5419d182-c704-4099-be43-be6d27b13974,1ed32f44-0391-413d-9721-7a5bd2e25693,->,12acfc45-bdfb-4343-9004-9be15dfd844c,java/lang/StringBuilder.java,append
12acfc45-bdfb-4343-9004-9be15dfd844c,5419d182-c704-4099-be43-be6d27b13974,1ed32f44-0391-413d-9721-7a5bd2e25693,->,12acfc45-bdfb-4343-9004-9be15dfd844c,java/lang/StringBuilder.java,append
12acfc45-bdfb-4343-9004-9be15dfd844c,5419d182-c704-4099-be43-be6d27b13974,1ed32f44-0391-413d-9721-7a5bd2e25693,->,12acfc45-bdfb-4343-9004-9be15dfd844c,java/lang/StringBuilder.java,append
12acfc45-bdfb-4343-9004-9be15dfd844c,5419d182-c704-4099-be43-be6d27b13974,1ed32f44-0391-413d-9721-7a5bd2e25693,->,12acfc45-bdfb-4343-9004-9be15dfd844c,java/lang/StringBuilder.java,toString
12acfc45-bdfb-4343-9004-9be15dfd844c,5419d182-c704-4099-be43-be6d27b13974,1ed32f44-0391-413d-9721-7a5bd2e25693,->,12acfc45-bdfb-4343-9004-9be15dfd844c,5419d182-c704-4099-be43-be6d27b13974,ff2689f9-c5ae-46a6-9f7d-37e5a98ec923
12acfc45-bdfb-4343-9004-9be15dfd844c,5419d182-c704-4099-be43-be6d27b13974,1ed32f44-0391-413d-9721-7a5bd2e25693,->,12acfc45-bdfb-4343-9004-9be15dfd844c,server/model/players/Client.java,getPA
12acfc45-bdfb-4343-9004-9be15dfd844c,5419d182-c704-4099-be43-be6d27b13974,1ed32f44-0391-413d-9721-7a5bd2e25693,->,12acfc45-bdfb-4343-9004-9be15dfd844c,991eb2a8-284a-4290-ae08-f54cf8834706,609517a1-3a8b-4bd9-8623-3cae47c33a17
12acfc45-bdfb-4343-9004-9be15dfd844c,5419d182-c704-4099-be43-be6d27b13974,1ed32f44-0391-413d-9721-7a5bd2e25693,->,12acfc45-bdfb-4343-9004-9be15dfd844c,server/model/players/Client.java,getPA
12acfc45-bdfb-4343-9004-9be15dfd844c,5419d182-c704-4099-be43-be6d27b13974,1ed32f44-0391-413d-9721-7a5bd2e25693,->,12acfc45-bdfb-4343-9004-9be15dfd844c,991eb2a8-284a-4290-ae08-f54cf8834706,609517a1-3a8b-4bd9-8623-3cae47c33a17
12acfc45-bdfb-4343-9004-9be15dfd844c,5419d182-c704-4099-be43-be6d27b13974,1ed32f44-0391-413d-9721-7a5bd2e25693,->,12acfc45-bdfb-4343-9004-9be15dfd844c,server/model/players/Client.java,getPA
12acfc45-bdfb-4343-9004-9be15dfd844c,5419d182-c704-4099-be43-be6d27b13974,1ed32f44-0391-413d-9721-7a5bd2e25693,->,12acfc45-bdfb-4343-9004-9be15dfd844c,991eb2a8-284a-4290-ae08-f54cf8834706,609517a1-3a8b-4bd9-8623-3cae47c33a17
12acfc45-bdfb-4343-9004-9be15dfd844c,5419d182-c704-4099-be43-be6d27b13974,1ed32f44-0391-413d-9721-7a5bd2e25693,->,12acfc45-bdfb-4343-9004-9be15dfd844c,server/model/players/Client.java,getPA
12acfc45-bdfb-4343-9004-9be15dfd844c,5419d182-c704-4099-be43-be6d27b13974,1ed32f44-0391-413d-9721-7a5bd2e25693,->,12acfc45-bdfb-4343-9004-9be15dfd844c,991eb2a8-284a-4290-ae08-f54cf8834706,fbacd858-15ac-4dfb-b5c1-9851ae733165
12acfc45-bdfb-4343-9004-9be15dfd844c,5419d182-c704-4099-be43-be6d27b13974,1ed32f44-0391-413d-9721-7a5bd2e25693,->,12acfc45-bdfb-4343-9004-9be15dfd844c,server/model/players/Client.java,getAA2
12acfc45-bdfb-4343-9004-9be15dfd844c,5419d182-c704-4099-be43-be6d27b13974,1ed32f44-0391-413d-9721-7a5bd2e25693,->,12acfc45-bdfb-4343-9004-9be15dfd844c,server/model/players/ActionAssistant2.java,JULIET2
12acfc45-bdfb-4343-9004-9be15dfd844c,5419d182-c704-4099-be43-be6d27b13974,1ed32f44-0391-413d-9721-7a5bd2e25693,->,12acfc45-bdfb-4343-9004-9be15dfd844c,5419d182-c704-4099-be43-be6d27b13974,a2f0dde3-24b6-46f4-934e-1fba3c87130f
12acfc45-bdfb-4343-9004-9be15dfd844c,5419d182-c704-4099-be43-be6d27b13974,1ed32f44-0391-413d-9721-7a5bd2e25693,->,12acfc45-bdfb-4343-9004-9be15dfd844c,5419d182-c704-4099-be43-be6d27b13974,3cf6f402-c4d3-4a62-9d7c-a35f2b56d90f
12acfc45-bdfb-4343-9004-9be15dfd844c,5419d182-c704-4099-be43-be6d27b13974,1ed32f44-0391-413d-9721-7a5bd2e25693,->,12acfc45-bdfb-4343-9004-9be15dfd844c,5419d182-c704-4099-be43-be6d27b13974,3cf6f402-c4d3-4a62-9d7c-a35f2b56d90f
12acfc45-bdfb-4343-9004-9be15dfd844c,5419d182-c704-4099-be43-be6d27b13974,1ed32f44-0391-413d-9721-7a5bd2e25693,->,12acfc45-bdfb-4343-9004-9be15dfd844c,server/model/players/Client.java,getPA
12acfc45-bdfb-4343-9004-9be15dfd844c,5419d182-c704-4099-be43-be6d27b13974,1ed32f44-0391-413d-9721-7a5bd2e25693,->,12acfc45-bdfb-4343-9004-9be15dfd844c,991eb2a8-284a-4290-ae08-f54cf8834706,3666955d-52b4-495d-880c-318d6383a5bb
12acfc45-bdfb-4343-9004-9be15dfd844c,5419d182-c704-4099-be43-be6d27b13974,1ed32f44-0391-413d-9721-7a5bd2e25693,->,12acfc45-bdfb-4343-9004-9be15dfd844c,5419d182-c704-4099-be43-be6d27b13974,7b866b90-d789-40bd-b6e3-209c3c33154a
12acfc45-bdfb-4343-9004-9be15dfd844c,5419d182-c704-4099-be43-be6d27b13974,1ed32f44-0391-413d-9721-7a5bd2e25693,->,12acfc45-bdfb-4343-9004-9be15dfd844c,server/model/players/PlayerSave.java,saveGame
12acfc45-bdfb-4343-9004-9be15dfd844c,5419d182-c704-4099-be43-be6d27b13974,1ed32f44-0391-413d-9721-7a5bd2e25693,->,12acfc45-bdfb-4343-9004-9be15dfd844c,java/lang/StringBuilder.java,append
12acfc45-bdfb-4343-9004-9be15dfd844c,5419d182-c704-4099-be43-be6d27b13974,1ed32f44-0391-413d-9721-7a5bd2e25693,->,12acfc45-bdfb-4343-9004-9be15dfd844c,java/lang/StringBuilder.java,append
12acfc45-bdfb-4343-9004-9be15dfd844c,5419d182-c704-4099-be43-be6d27b13974,1ed32f44-0391-413d-9721-7a5bd2e25693,->,12acfc45-bdfb-4343-9004-9be15dfd844c,java/lang/StringBuilder.java,toString
12acfc45-bdfb-4343-9004-9be15dfd844c,5419d182-c704-4099-be43-be6d27b13974,1ed32f44-0391-413d-9721-7a5bd2e25693,->,12acfc45-bdfb-4343-9004-9be15dfd844c,5419d182-c704-4099-be43-be6d27b13974,7b866b90-d789-40bd-b6e3-209c3c33154a
12acfc45-bdfb-4343-9004-9be15dfd844c,5419d182-c704-4099-be43-be6d27b13974,1ed32f44-0391-413d-9721-7a5bd2e25693,->,12acfc45-bdfb-4343-9004-9be15dfd844c,5419d182-c704-4099-be43-be6d27b13974,7b866b90-d789-40bd-b6e3-209c3c33154a
12acfc45-bdfb-4343-9004-9be15dfd844c,5419d182-c704-4099-be43-be6d27b13974,1ed32f44-0391-413d-9721-7a5bd2e25693,->,12acfc45-bdfb-4343-9004-9be15dfd844c,5419d182-c704-4099-be43-be6d27b13974,7b866b90-d789-40bd-b6e3-209c3c33154a
12acfc45-bdfb-4343-9004-9be15dfd844c,5419d182-c704-4099-be43-be6d27b13974,1ed32f44-0391-413d-9721-7a5bd2e25693,->,12acfc45-bdfb-4343-9004-9be15dfd844c,5419d182-c704-4099-be43-be6d27b13974,a2f0dde3-24b6-46f4-934e-1fba3c87130f
12acfc45-bdfb-4343-9004-9be15dfd844c,5419d182-c704-4099-be43-be6d27b13974,1ed32f44-0391-413d-9721-7a5bd2e25693,->,12acfc45-bdfb-4343-9004-9be15dfd844c,5419d182-c704-4099-be43-be6d27b13974,3cf6f402-c4d3-4a62-9d7c-a35f2b56d90f
12acfc45-bdfb-4343-9004-9be15dfd844c,5419d182-c704-4099-be43-be6d27b13974,1ed32f44-0391-413d-9721-7a5bd2e25693,->,12acfc45-bdfb-4343-9004-9be15dfd844c,5419d182-c704-4099-be43-be6d27b13974,3cf6f402-c4d3-4a62-9d7c-a35f2b56d90f
12acfc45-bdfb-4343-9004-9be15dfd844c,5419d182-c704-4099-be43-be6d27b13974,1ed32f44-0391-413d-9721-7a5bd2e25693,->,12acfc45-bdfb-4343-9004-9be15dfd844c,server/model/players/Client.java,getPA
12acfc45-bdfb-4343-9004-9be15dfd844c,5419d182-c704-4099-be43-be6d27b13974,1ed32f44-0391-413d-9721-7a5bd2e25693,->,12acfc45-bdfb-4343-9004-9be15dfd844c,991eb2a8-284a-4290-ae08-f54cf8834706,141a66be-744c-48f6-a5c3-9dbea684d0d6
12acfc45-bdfb-4343-9004-9be15dfd844c,5419d182-c704-4099-be43-be6d27b13974,1ed32f44-0391-413d-9721-7a5bd2e25693,->,12acfc45-bdfb-4343-9004-9be15dfd844c,server/model/npcs/NPCHandler.java,spawnNpc
12acfc45-bdfb-4343-9004-9be15dfd844c,5419d182-c704-4099-be43-be6d27b13974,1ed32f44-0391-413d-9721-7a5bd2e25693,->,12acfc45-bdfb-4343-9004-9be15dfd844c,server/model/players/Client.java,getPA
12acfc45-bdfb-4343-9004-9be15dfd844c,5419d182-c704-4099-be43-be6d27b13974,1ed32f44-0391-413d-9721-7a5bd2e25693,->,12acfc45-bdfb-4343-9004-9be15dfd844c,991eb2a8-284a-4290-ae08-f54cf8834706,3666955d-52b4-495d-880c-318d6383a5bb
12acfc45-bdfb-4343-9004-9be15dfd844c,5419d182-c704-4099-be43-be6d27b13974,1ed32f44-0391-413d-9721-7a5bd2e25693,->,12acfc45-bdfb-4343-9004-9be15dfd844c,server/model/players/Client.java,getPA
12acfc45-bdfb-4343-9004-9be15dfd844c,5419d182-c704-4099-be43-be6d27b13974,1ed32f44-0391-413d-9721-7a5bd2e25693,->,12acfc45-bdfb-4343-9004-9be15dfd844c,991eb2a8-284a-4290-ae08-f54cf8834706,895d3d5a-5a67-4c66-8ca8-f3b69e5562a1
12acfc45-bdfb-4343-9004-9be15dfd844c,5419d182-c704-4099-be43-be6d27b13974,1ed32f44-0391-413d-9721-7a5bd2e25693,->,12acfc45-bdfb-4343-9004-9be15dfd844c,5419d182-c704-4099-be43-be6d27b13974,7b866b90-d789-40bd-b6e3-209c3c33154a
12acfc45-bdfb-4343-9004-9be15dfd844c,5419d182-c704-4099-be43-be6d27b13974,1ed32f44-0391-413d-9721-7a5bd2e25693,->,12acfc45-bdfb-4343-9004-9be15dfd844c,5419d182-c704-4099-be43-be6d27b13974,7b866b90-d789-40bd-b6e3-209c3c33154a
12acfc45-bdfb-4343-9004-9be15dfd844c,5419d182-c704-4099-be43-be6d27b13974,1ed32f44-0391-413d-9721-7a5bd2e25693,->,12acfc45-bdfb-4343-9004-9be15dfd844c,5419d182-c704-4099-be43-be6d27b13974,a2f0dde3-24b6-46f4-934e-1fba3c87130f
12acfc45-bdfb-4343-9004-9be15dfd844c,5419d182-c704-4099-be43-be6d27b13974,1ed32f44-0391-413d-9721-7a5bd2e25693,->,12acfc45-bdfb-4343-9004-9be15dfd844c,5419d182-c704-4099-be43-be6d27b13974,3cf6f402-c4d3-4a62-9d7c-a35f2b56d90f
12acfc45-bdfb-4343-9004-9be15dfd844c,5419d182-c704-4099-be43-be6d27b13974,1ed32f44-0391-413d-9721-7a5bd2e25693,->,12acfc45-bdfb-4343-9004-9be15dfd844c,5419d182-c704-4099-be43-be6d27b13974,3cf6f402-c4d3-4a62-9d7c-a35f2b56d90f
12acfc45-bdfb-4343-9004-9be15dfd844c,5419d182-c704-4099-be43-be6d27b13974,1ed32f44-0391-413d-9721-7a5bd2e25693,->,12acfc45-bdfb-4343-9004-9be15dfd844c,5419d182-c704-4099-be43-be6d27b13974,a2f0dde3-24b6-46f4-934e-1fba3c87130f
12acfc45-bdfb-4343-9004-9be15dfd844c,5419d182-c704-4099-be43-be6d27b13974,1ed32f44-0391-413d-9721-7a5bd2e25693,->,12acfc45-bdfb-4343-9004-9be15dfd844c,5419d182-c704-4099-be43-be6d27b13974,3cf6f402-c4d3-4a62-9d7c-a35f2b56d90f
12acfc45-bdfb-4343-9004-9be15dfd844c,5419d182-c704-4099-be43-be6d27b13974,1ed32f44-0391-413d-9721-7a5bd2e25693,->,12acfc45-bdfb-4343-9004-9be15dfd844c,5419d182-c704-4099-be43-be6d27b13974,3cf6f402-c4d3-4a62-9d7c-a35f2b56d90f
12acfc45-bdfb-4343-9004-9be15dfd844c,5419d182-c704-4099-be43-be6d27b13974,1ed32f44-0391-413d-9721-7a5bd2e25693,->,12acfc45-bdfb-4343-9004-9be15dfd844c,server/model/players/Client.java,getPA
12acfc45-bdfb-4343-9004-9be15dfd844c,5419d182-c704-4099-be43-be6d27b13974,1ed32f44-0391-413d-9721-7a5bd2e25693,->,12acfc45-bdfb-4343-9004-9be15dfd844c,991eb2a8-284a-4290-ae08-f54cf8834706,141a66be-744c-48f6-a5c3-9dbea684d0d6
12acfc45-bdfb-4343-9004-9be15dfd844c,5419d182-c704-4099-be43-be6d27b13974,1ed32f44-0391-413d-9721-7a5bd2e25693,->,12acfc45-bdfb-4343-9004-9be15dfd844c,server/model/npcs/NPCHandler.java,spawnNpc
12acfc45-bdfb-4343-9004-9be15dfd844c,5419d182-c704-4099-be43-be6d27b13974,1ed32f44-0391-413d-9721-7a5bd2e25693,->,12acfc45-bdfb-4343-9004-9be15dfd844c,server/model/players/Client.java,getPA
12acfc45-bdfb-4343-9004-9be15dfd844c,5419d182-c704-4099-be43-be6d27b13974,1ed32f44-0391-413d-9721-7a5bd2e25693,->,12acfc45-bdfb-4343-9004-9be15dfd844c,991eb2a8-284a-4290-ae08-f54cf8834706,3666955d-52b4-495d-880c-318d6383a5bb
12acfc45-bdfb-4343-9004-9be15dfd844c,5419d182-c704-4099-be43-be6d27b13974,1ed32f44-0391-413d-9721-7a5bd2e25693,->,12acfc45-bdfb-4343-9004-9be15dfd844c,server/model/players/Client.java,getPA
12acfc45-bdfb-4343-9004-9be15dfd844c,5419d182-c704-4099-be43-be6d27b13974,1ed32f44-0391-413d-9721-7a5bd2e25693,->,12acfc45-bdfb-4343-9004-9be15dfd844c,991eb2a8-284a-4290-ae08-f54cf8834706,895d3d5a-5a67-4c66-8ca8-f3b69e5562a1
12acfc45-bdfb-4343-9004-9be15dfd844c,5419d182-c704-4099-be43-be6d27b13974,1ed32f44-0391-413d-9721-7a5bd2e25693,->,12acfc45-bdfb-4343-9004-9be15dfd844c,5419d182-c704-4099-be43-be6d27b13974,387b6a5e-17ca-4edb-b2a6-775fef14ce3f
12acfc45-bdfb-4343-9004-9be15dfd844c,5419d182-c704-4099-be43-be6d27b13974,1ed32f44-0391-413d-9721-7a5bd2e25693,->,12acfc45-bdfb-4343-9004-9be15dfd844c,5419d182-c704-4099-be43-be6d27b13974,d33c4b82-3e14-40b7-9586-90b59ae6d620
12acfc45-bdfb-4343-9004-9be15dfd844c,5419d182-c704-4099-be43-be6d27b13974,1ed32f44-0391-413d-9721-7a5bd2e25693,->,12acfc45-bdfb-4343-9004-9be15dfd844c,5419d182-c704-4099-be43-be6d27b13974,3cf6f402-c4d3-4a62-9d7c-a35f2b56d90f
12acfc45-bdfb-4343-9004-9be15dfd844c,5419d182-c704-4099-be43-be6d27b13974,1ed32f44-0391-413d-9721-7a5bd2e25693,->,12acfc45-bdfb-4343-9004-9be15dfd844c,5419d182-c704-4099-be43-be6d27b13974,1dbe5477-8d99-422e-9322-44f9eca89105
12acfc45-bdfb-4343-9004-9be15dfd844c,5419d182-c704-4099-be43-be6d27b13974,1ed32f44-0391-413d-9721-7a5bd2e25693,->,12acfc45-bdfb-4343-9004-9be15dfd844c,5419d182-c704-4099-be43-be6d27b13974,7b866b90-d789-40bd-b6e3-209c3c33154a
12acfc45-bdfb-4343-9004-9be15dfd844c,5419d182-c704-4099-be43-be6d27b13974,1ed32f44-0391-413d-9721-7a5bd2e25693,->,12acfc45-bdfb-4343-9004-9be15dfd844c,5419d182-c704-4099-be43-be6d27b13974,a2f0dde3-24b6-46f4-934e-1fba3c87130f
12acfc45-bdfb-4343-9004-9be15dfd844c,5419d182-c704-4099-be43-be6d27b13974,1ed32f44-0391-413d-9721-7a5bd2e25693,->,12acfc45-bdfb-4343-9004-9be15dfd844c,server/model/players/Client.java,getPA
12acfc45-bdfb-4343-9004-9be15dfd844c,5419d182-c704-4099-be43-be6d27b13974,1ed32f44-0391-413d-9721-7a5bd2e25693,->,12acfc45-bdfb-4343-9004-9be15dfd844c,991eb2a8-284a-4290-ae08-f54cf8834706,895d3d5a-5a67-4c66-8ca8-f3b69e5562a1
12acfc45-bdfb-4343-9004-9be15dfd844c,5419d182-c704-4099-be43-be6d27b13974,1ed32f44-0391-413d-9721-7a5bd2e25693,->,12acfc45-bdfb-4343-9004-9be15dfd844c,5419d182-c704-4099-be43-be6d27b13974,3cf6f402-c4d3-4a62-9d7c-a35f2b56d90f
12acfc45-bdfb-4343-9004-9be15dfd844c,5419d182-c704-4099-be43-be6d27b13974,1ed32f44-0391-413d-9721-7a5bd2e25693,->,12acfc45-bdfb-4343-9004-9be15dfd844c,5419d182-c704-4099-be43-be6d27b13974,9623851a-24b5-4031-962a-805ba642a4d3
12acfc45-bdfb-4343-9004-9be15dfd844c,5419d182-c704-4099-be43-be6d27b13974,1ed32f44-0391-413d-9721-7a5bd2e25693,->,12acfc45-bdfb-4343-9004-9be15dfd844c,5419d182-c704-4099-be43-be6d27b13974,d33c4b82-3e14-40b7-9586-90b59ae6d620
12acfc45-bdfb-4343-9004-9be15dfd844c,5419d182-c704-4099-be43-be6d27b13974,1ed32f44-0391-413d-9721-7a5bd2e25693,->,12acfc45-bdfb-4343-9004-9be15dfd844c,5419d182-c704-4099-be43-be6d27b13974,387b6a5e-17ca-4edb-b2a6-775fef14ce3f
12acfc45-bdfb-4343-9004-9be15dfd844c,5419d182-c704-4099-be43-be6d27b13974,1ed32f44-0391-413d-9721-7a5bd2e25693,->,12acfc45-bdfb-4343-9004-9be15dfd844c,5419d182-c704-4099-be43-be6d27b13974,3cf6f402-c4d3-4a62-9d7c-a35f2b56d90f
12acfc45-bdfb-4343-9004-9be15dfd844c,5419d182-c704-4099-be43-be6d27b13974,1ed32f44-0391-413d-9721-7a5bd2e25693,->,12acfc45-bdfb-4343-9004-9be15dfd844c,server/model/players/Client.java,getItems
12acfc45-bdfb-4343-9004-9be15dfd844c,5419d182-c704-4099-be43-be6d27b13974,1ed32f44-0391-413d-9721-7a5bd2e25693,->,12acfc45-bdfb-4343-9004-9be15dfd844c,server/model/items/ItemAssistant.java,deleteItem
12acfc45-bdfb-4343-9004-9be15dfd844c,5419d182-c704-4099-be43-be6d27b13974,1ed32f44-0391-413d-9721-7a5bd2e25693,->,12acfc45-bdfb-4343-9004-9be15dfd844c,5419d182-c704-4099-be43-be6d27b13974,3cf6f402-c4d3-4a62-9d7c-a35f2b56d90f
12acfc45-bdfb-4343-9004-9be15dfd844c,5419d182-c704-4099-be43-be6d27b13974,1ed32f44-0391-413d-9721-7a5bd2e25693,->,12acfc45-bdfb-4343-9004-9be15dfd844c,server/model/players/Client.java,getItems
12acfc45-bdfb-4343-9004-9be15dfd844c,5419d182-c704-4099-be43-be6d27b13974,1ed32f44-0391-413d-9721-7a5bd2e25693,->,12acfc45-bdfb-4343-9004-9be15dfd844c,server/model/items/ItemAssistant.java,deleteItem
12acfc45-bdfb-4343-9004-9be15dfd844c,5419d182-c704-4099-be43-be6d27b13974,1ed32f44-0391-413d-9721-7a5bd2e25693,->,12acfc45-bdfb-4343-9004-9be15dfd844c,server/model/players/Client.java,getPA
12acfc45-bdfb-4343-9004-9be15dfd844c,5419d182-c704-4099-be43-be6d27b13974,1ed32f44-0391-413d-9721-7a5bd2e25693,->,12acfc45-bdfb-4343-9004-9be15dfd844c,991eb2a8-284a-4290-ae08-f54cf8834706,895d3d5a-5a67-4c66-8ca8-f3b69e5562a1
12acfc45-bdfb-4343-9004-9be15dfd844c,5419d182-c704-4099-be43-be6d27b13974,1ed32f44-0391-413d-9721-7a5bd2e25693,->,12acfc45-bdfb-4343-9004-9be15dfd844c,5419d182-c704-4099-be43-be6d27b13974,3cf6f402-c4d3-4a62-9d7c-a35f2b56d90f
12acfc45-bdfb-4343-9004-9be15dfd844c,5419d182-c704-4099-be43-be6d27b13974,1ed32f44-0391-413d-9721-7a5bd2e25693,->,12acfc45-bdfb-4343-9004-9be15dfd844c,server/model/players/Client.java,getItems
12acfc45-bdfb-4343-9004-9be15dfd844c,5419d182-c704-4099-be43-be6d27b13974,1ed32f44-0391-413d-9721-7a5bd2e25693,->,12acfc45-bdfb-4343-9004-9be15dfd844c,server/model/items/ItemAssistant.java,deleteItem
12acfc45-bdfb-4343-9004-9be15dfd844c,5419d182-c704-4099-be43-be6d27b13974,1ed32f44-0391-413d-9721-7a5bd2e25693,->,12acfc45-bdfb-4343-9004-9be15dfd844c,5419d182-c704-4099-be43-be6d27b13974,9623851a-24b5-4031-962a-805ba642a4d3
12acfc45-bdfb-4343-9004-9be15dfd844c,5419d182-c704-4099-be43-be6d27b13974,1ed32f44-0391-413d-9721-7a5bd2e25693,->,12acfc45-bdfb-4343-9004-9be15dfd844c,server/model/players/Client.java,getPA
12acfc45-bdfb-4343-9004-9be15dfd844c,5419d182-c704-4099-be43-be6d27b13974,1ed32f44-0391-413d-9721-7a5bd2e25693,->,12acfc45-bdfb-4343-9004-9be15dfd844c,991eb2a8-284a-4290-ae08-f54cf8834706,895d3d5a-5a67-4c66-8ca8-f3b69e5562a1
12acfc45-bdfb-4343-9004-9be15dfd844c,5419d182-c704-4099-be43-be6d27b13974,1ed32f44-0391-413d-9721-7a5bd2e25693,->,12acfc45-bdfb-4343-9004-9be15dfd844c,server/model/players/Client.java,getAA2
12acfc45-bdfb-4343-9004-9be15dfd844c,5419d182-c704-4099-be43-be6d27b13974,1ed32f44-0391-413d-9721-7a5bd2e25693,->,12acfc45-bdfb-4343-9004-9be15dfd844c,server/model/players/ActionAssistant2.java,COOK2
12acfc45-bdfb-4343-9004-9be15dfd844c,5419d182-c704-4099-be43-be6d27b13974,1ed32f44-0391-413d-9721-7a5bd2e25693,->,12acfc45-bdfb-4343-9004-9be15dfd844c,5419d182-c704-4099-be43-be6d27b13974,1dbe5477-8d99-422e-9322-44f9eca89105
12acfc45-bdfb-4343-9004-9be15dfd844c,5419d182-c704-4099-be43-be6d27b13974,1ed32f44-0391-413d-9721-7a5bd2e25693,->,12acfc45-bdfb-4343-9004-9be15dfd844c,5419d182-c704-4099-be43-be6d27b13974,9623851a-24b5-4031-962a-805ba642a4d3
12acfc45-bdfb-4343-9004-9be15dfd844c,5419d182-c704-4099-be43-be6d27b13974,1ed32f44-0391-413d-9721-7a5bd2e25693,->,12acfc45-bdfb-4343-9004-9be15dfd844c,5419d182-c704-4099-be43-be6d27b13974,9623851a-24b5-4031-962a-805ba642a4d3
12acfc45-bdfb-4343-9004-9be15dfd844c,5419d182-c704-4099-be43-be6d27b13974,1ed32f44-0391-413d-9721-7a5bd2e25693,->,12acfc45-bdfb-4343-9004-9be15dfd844c,5419d182-c704-4099-be43-be6d27b13974,1dbe5477-8d99-422e-9322-44f9eca89105
12acfc45-bdfb-4343-9004-9be15dfd844c,5419d182-c704-4099-be43-be6d27b13974,1ed32f44-0391-413d-9721-7a5bd2e25693,->,12acfc45-bdfb-4343-9004-9be15dfd844c,5419d182-c704-4099-be43-be6d27b13974,9623851a-24b5-4031-962a-805ba642a4d3
12acfc45-bdfb-4343-9004-9be15dfd844c,5419d182-c704-4099-be43-be6d27b13974,1ed32f44-0391-413d-9721-7a5bd2e25693,->,12acfc45-bdfb-4343-9004-9be15dfd844c,5419d182-c704-4099-be43-be6d27b13974,387b6a5e-17ca-4edb-b2a6-775fef14ce3f
12acfc45-bdfb-4343-9004-9be15dfd844c,5419d182-c704-4099-be43-be6d27b13974,1ed32f44-0391-413d-9721-7a5bd2e25693,->,12acfc45-bdfb-4343-9004-9be15dfd844c,5419d182-c704-4099-be43-be6d27b13974,3cf6f402-c4d3-4a62-9d7c-a35f2b56d90f
12acfc45-bdfb-4343-9004-9be15dfd844c,5419d182-c704-4099-be43-be6d27b13974,1ed32f44-0391-413d-9721-7a5bd2e25693,->,12acfc45-bdfb-4343-9004-9be15dfd844c,5419d182-c704-4099-be43-be6d27b13974,3cf6f402-c4d3-4a62-9d7c-a35f2b56d90f
12acfc45-bdfb-4343-9004-9be15dfd844c,5419d182-c704-4099-be43-be6d27b13974,1ed32f44-0391-413d-9721-7a5bd2e25693,->,12acfc45-bdfb-4343-9004-9be15dfd844c,5419d182-c704-4099-be43-be6d27b13974,387b6a5e-17ca-4edb-b2a6-775fef14ce3f
12acfc45-bdfb-4343-9004-9be15dfd844c,5419d182-c704-4099-be43-be6d27b13974,1ed32f44-0391-413d-9721-7a5bd2e25693,->,12acfc45-bdfb-4343-9004-9be15dfd844c,5419d182-c704-4099-be43-be6d27b13974,3cf6f402-c4d3-4a62-9d7c-a35f2b56d90f
12acfc45-bdfb-4343-9004-9be15dfd844c,5419d182-c704-4099-be43-be6d27b13974,1ed32f44-0391-413d-9721-7a5bd2e25693,->,12acfc45-bdfb-4343-9004-9be15dfd844c,5419d182-c704-4099-be43-be6d27b13974,9623851a-24b5-4031-962a-805ba642a4d3
12acfc45-bdfb-4343-9004-9be15dfd844c,5419d182-c704-4099-be43-be6d27b13974,1ed32f44-0391-413d-9721-7a5bd2e25693,->,12acfc45-bdfb-4343-9004-9be15dfd844c,5419d182-c704-4099-be43-be6d27b13974,a2f0dde3-24b6-46f4-934e-1fba3c87130f
12acfc45-bdfb-4343-9004-9be15dfd844c,5419d182-c704-4099-be43-be6d27b13974,1ed32f44-0391-413d-9721-7a5bd2e25693,->,12acfc45-bdfb-4343-9004-9be15dfd844c,5419d182-c704-4099-be43-be6d27b13974,3cf6f402-c4d3-4a62-9d7c-a35f2b56d90f
12acfc45-bdfb-4343-9004-9be15dfd844c,5419d182-c704-4099-be43-be6d27b13974,1ed32f44-0391-413d-9721-7a5bd2e25693,->,12acfc45-bdfb-4343-9004-9be15dfd844c,5419d182-c704-4099-be43-be6d27b13974,387b6a5e-17ca-4edb-b2a6-775fef14ce3f
12acfc45-bdfb-4343-9004-9be15dfd844c,5419d182-c704-4099-be43-be6d27b13974,1ed32f44-0391-413d-9721-7a5bd2e25693,->,12acfc45-bdfb-4343-9004-9be15dfd844c,5419d182-c704-4099-be43-be6d27b13974,3cf6f402-c4d3-4a62-9d7c-a35f2b56d90f
12acfc45-bdfb-4343-9004-9be15dfd844c,5419d182-c704-4099-be43-be6d27b13974,1ed32f44-0391-413d-9721-7a5bd2e25693,->,12acfc45-bdfb-4343-9004-9be15dfd844c,5419d182-c704-4099-be43-be6d27b13974,387b6a5e-17ca-4edb-b2a6-775fef14ce3f
12acfc45-bdfb-4343-9004-9be15dfd844c,5419d182-c704-4099-be43-be6d27b13974,1ed32f44-0391-413d-9721-7a5bd2e25693,->,12acfc45-bdfb-4343-9004-9be15dfd844c,5419d182-c704-4099-be43-be6d27b13974,04a44c7c-7345-4fa3-988b-2e3d0e8d7124
12acfc45-bdfb-4343-9004-9be15dfd844c,5419d182-c704-4099-be43-be6d27b13974,1ed32f44-0391-413d-9721-7a5bd2e25693,->,12acfc45-bdfb-4343-9004-9be15dfd844c,5419d182-c704-4099-be43-be6d27b13974,9623851a-24b5-4031-962a-805ba642a4d3
12acfc45-bdfb-4343-9004-9be15dfd844c,5419d182-c704-4099-be43-be6d27b13974,1ed32f44-0391-413d-9721-7a5bd2e25693,->,12acfc45-bdfb-4343-9004-9be15dfd844c,5419d182-c704-4099-be43-be6d27b13974,3cf6f402-c4d3-4a62-9d7c-a35f2b56d90f
12acfc45-bdfb-4343-9004-9be15dfd844c,5419d182-c704-4099-be43-be6d27b13974,1ed32f44-0391-413d-9721-7a5bd2e25693,->,12acfc45-bdfb-4343-9004-9be15dfd844c,5419d182-c704-4099-be43-be6d27b13974,9623851a-24b5-4031-962a-805ba642a4d3
12acfc45-bdfb-4343-9004-9be15dfd844c,5419d182-c704-4099-be43-be6d27b13974,1ed32f44-0391-413d-9721-7a5bd2e25693,->,12acfc45-bdfb-4343-9004-9be15dfd844c,5419d182-c704-4099-be43-be6d27b13974,3cf6f402-c4d3-4a62-9d7c-a35f2b56d90f
12acfc45-bdfb-4343-9004-9be15dfd844c,5419d182-c704-4099-be43-be6d27b13974,1ed32f44-0391-413d-9721-7a5bd2e25693,->,12acfc45-bdfb-4343-9004-9be15dfd844c,5419d182-c704-4099-be43-be6d27b13974,9623851a-24b5-4031-962a-805ba642a4d3
12acfc45-bdfb-4343-9004-9be15dfd844c,5419d182-c704-4099-be43-be6d27b13974,1ed32f44-0391-413d-9721-7a5bd2e25693,->,12acfc45-bdfb-4343-9004-9be15dfd844c,5419d182-c704-4099-be43-be6d27b13974,04a44c7c-7345-4fa3-988b-2e3d0e8d7124
12acfc45-bdfb-4343-9004-9be15dfd844c,5419d182-c704-4099-be43-be6d27b13974,1ed32f44-0391-413d-9721-7a5bd2e25693,->,12acfc45-bdfb-4343-9004-9be15dfd844c,5419d182-c704-4099-be43-be6d27b13974,9623851a-24b5-4031-962a-805ba642a4d3
12acfc45-bdfb-4343-9004-9be15dfd844c,5419d182-c704-4099-be43-be6d27b13974,1ed32f44-0391-413d-9721-7a5bd2e25693,->,12acfc45-bdfb-4343-9004-9be15dfd844c,5419d182-c704-4099-be43-be6d27b13974,3cf6f402-c4d3-4a62-9d7c-a35f2b56d90f
12acfc45-bdfb-4343-9004-9be15dfd844c,5419d182-c704-4099-be43-be6d27b13974,1ed32f44-0391-413d-9721-7a5bd2e25693,->,12acfc45-bdfb-4343-9004-9be15dfd844c,5419d182-c704-4099-be43-be6d27b13974,387b6a5e-17ca-4edb-b2a6-775fef14ce3f
12acfc45-bdfb-4343-9004-9be15dfd844c,5419d182-c704-4099-be43-be6d27b13974,1ed32f44-0391-413d-9721-7a5bd2e25693,->,12acfc45-bdfb-4343-9004-9be15dfd844c,5419d182-c704-4099-be43-be6d27b13974,387b6a5e-17ca-4edb-b2a6-775fef14ce3f
12acfc45-bdfb-4343-9004-9be15dfd844c,5419d182-c704-4099-be43-be6d27b13974,1ed32f44-0391-413d-9721-7a5bd2e25693,->,12acfc45-bdfb-4343-9004-9be15dfd844c,5419d182-c704-4099-be43-be6d27b13974,387b6a5e-17ca-4edb-b2a6-775fef14ce3f
12acfc45-bdfb-4343-9004-9be15dfd844c,5419d182-c704-4099-be43-be6d27b13974,1ed32f44-0391-413d-9721-7a5bd2e25693,->,12acfc45-bdfb-4343-9004-9be15dfd844c,5419d182-c704-4099-be43-be6d27b13974,f24f19db-c23d-4338-b764-d5e18696c8d6
12acfc45-bdfb-4343-9004-9be15dfd844c,5419d182-c704-4099-be43-be6d27b13974,1ed32f44-0391-413d-9721-7a5bd2e25693,->,12acfc45-bdfb-4343-9004-9be15dfd844c,5419d182-c704-4099-be43-be6d27b13974,3cf6f402-c4d3-4a62-9d7c-a35f2b56d90f
12acfc45-bdfb-4343-9004-9be15dfd844c,5419d182-c704-4099-be43-be6d27b13974,1ed32f44-0391-413d-9721-7a5bd2e25693,->,12acfc45-bdfb-4343-9004-9be15dfd844c,5419d182-c704-4099-be43-be6d27b13974,387b6a5e-17ca-4edb-b2a6-775fef14ce3f
12acfc45-bdfb-4343-9004-9be15dfd844c,5419d182-c704-4099-be43-be6d27b13974,1ed32f44-0391-413d-9721-7a5bd2e25693,->,12acfc45-bdfb-4343-9004-9be15dfd844c,5419d182-c704-4099-be43-be6d27b13974,3cf6f402-c4d3-4a62-9d7c-a35f2b56d90f
12acfc45-bdfb-4343-9004-9be15dfd844c,5419d182-c704-4099-be43-be6d27b13974,1ed32f44-0391-413d-9721-7a5bd2e25693,->,12acfc45-bdfb-4343-9004-9be15dfd844c,5419d182-c704-4099-be43-be6d27b13974,387b6a5e-17ca-4edb-b2a6-775fef14ce3f
12acfc45-bdfb-4343-9004-9be15dfd844c,5419d182-c704-4099-be43-be6d27b13974,1ed32f44-0391-413d-9721-7a5bd2e25693,->,12acfc45-bdfb-4343-9004-9be15dfd844c,5419d182-c704-4099-be43-be6d27b13974,3cf6f402-c4d3-4a62-9d7c-a35f2b56d90f
12acfc45-bdfb-4343-9004-9be15dfd844c,5419d182-c704-4099-be43-be6d27b13974,1ed32f44-0391-413d-9721-7a5bd2e25693,->,12acfc45-bdfb-4343-9004-9be15dfd844c,5419d182-c704-4099-be43-be6d27b13974,3cf6f402-c4d3-4a62-9d7c-a35f2b56d90f
12acfc45-bdfb-4343-9004-9be15dfd844c,5419d182-c704-4099-be43-be6d27b13974,1ed32f44-0391-413d-9721-7a5bd2e25693,->,12acfc45-bdfb-4343-9004-9be15dfd844c,5419d182-c704-4099-be43-be6d27b13974,9623851a-24b5-4031-962a-805ba642a4d3
12acfc45-bdfb-4343-9004-9be15dfd844c,5419d182-c704-4099-be43-be6d27b13974,1ed32f44-0391-413d-9721-7a5bd2e25693,->,12acfc45-bdfb-4343-9004-9be15dfd844c,5419d182-c704-4099-be43-be6d27b13974,a2f0dde3-24b6-46f4-934e-1fba3c87130f
12acfc45-bdfb-4343-9004-9be15dfd844c,5419d182-c704-4099-be43-be6d27b13974,1ed32f44-0391-413d-9721-7a5bd2e25693,->,12acfc45-bdfb-4343-9004-9be15dfd844c,5419d182-c704-4099-be43-be6d27b13974,3cf6f402-c4d3-4a62-9d7c-a35f2b56d90f
12acfc45-bdfb-4343-9004-9be15dfd844c,5419d182-c704-4099-be43-be6d27b13974,1ed32f44-0391-413d-9721-7a5bd2e25693,->,12acfc45-bdfb-4343-9004-9be15dfd844c,5419d182-c704-4099-be43-be6d27b13974,3cf6f402-c4d3-4a62-9d7c-a35f2b56d90f
12acfc45-bdfb-4343-9004-9be15dfd844c,5419d182-c704-4099-be43-be6d27b13974,1ed32f44-0391-413d-9721-7a5bd2e25693,->,12acfc45-bdfb-4343-9004-9be15dfd844c,5419d182-c704-4099-be43-be6d27b13974,1dbe5477-8d99-422e-9322-44f9eca89105
12acfc45-bdfb-4343-9004-9be15dfd844c,5419d182-c704-4099-be43-be6d27b13974,1ed32f44-0391-413d-9721-7a5bd2e25693,->,12acfc45-bdfb-4343-9004-9be15dfd844c,5419d182-c704-4099-be43-be6d27b13974,3cf6f402-c4d3-4a62-9d7c-a35f2b56d90f
12acfc45-bdfb-4343-9004-9be15dfd844c,5419d182-c704-4099-be43-be6d27b13974,1ed32f44-0391-413d-9721-7a5bd2e25693,->,12acfc45-bdfb-4343-9004-9be15dfd844c,5419d182-c704-4099-be43-be6d27b13974,1dbe5477-8d99-422e-9322-44f9eca89105
12acfc45-bdfb-4343-9004-9be15dfd844c,5419d182-c704-4099-be43-be6d27b13974,1ed32f44-0391-413d-9721-7a5bd2e25693,->,12acfc45-bdfb-4343-9004-9be15dfd844c,5419d182-c704-4099-be43-be6d27b13974,3cf6f402-c4d3-4a62-9d7c-a35f2b56d90f
12acfc45-bdfb-4343-9004-9be15dfd844c,5419d182-c704-4099-be43-be6d27b13974,1ed32f44-0391-413d-9721-7a5bd2e25693,->,12acfc45-bdfb-4343-9004-9be15dfd844c,5419d182-c704-4099-be43-be6d27b13974,387b6a5e-17ca-4edb-b2a6-775fef14ce3f
12acfc45-bdfb-4343-9004-9be15dfd844c,5419d182-c704-4099-be43-be6d27b13974,1ed32f44-0391-413d-9721-7a5bd2e25693,->,12acfc45-bdfb-4343-9004-9be15dfd844c,5419d182-c704-4099-be43-be6d27b13974,387b6a5e-17ca-4edb-b2a6-775fef14ce3f
12acfc45-bdfb-4343-9004-9be15dfd844c,5419d182-c704-4099-be43-be6d27b13974,1ed32f44-0391-413d-9721-7a5bd2e25693,->,12acfc45-bdfb-4343-9004-9be15dfd844c,5419d182-c704-4099-be43-be6d27b13974,3cf6f402-c4d3-4a62-9d7c-a35f2b56d90f
12acfc45-bdfb-4343-9004-9be15dfd844c,5419d182-c704-4099-be43-be6d27b13974,1ed32f44-0391-413d-9721-7a5bd2e25693,->,12acfc45-bdfb-4343-9004-9be15dfd844c,5419d182-c704-4099-be43-be6d27b13974,387b6a5e-17ca-4edb-b2a6-775fef14ce3f
12acfc45-bdfb-4343-9004-9be15dfd844c,5419d182-c704-4099-be43-be6d27b13974,1ed32f44-0391-413d-9721-7a5bd2e25693,->,12acfc45-bdfb-4343-9004-9be15dfd844c,5419d182-c704-4099-be43-be6d27b13974,3cf6f402-c4d3-4a62-9d7c-a35f2b56d90f
12acfc45-bdfb-4343-9004-9be15dfd844c,5419d182-c704-4099-be43-be6d27b13974,1ed32f44-0391-413d-9721-7a5bd2e25693,->,12acfc45-bdfb-4343-9004-9be15dfd844c,server/model/players/Client.java,getItems
12acfc45-bdfb-4343-9004-9be15dfd844c,5419d182-c704-4099-be43-be6d27b13974,1ed32f44-0391-413d-9721-7a5bd2e25693,->,12acfc45-bdfb-4343-9004-9be15dfd844c,server/model/items/ItemAssistant.java,deleteItem
12acfc45-bdfb-4343-9004-9be15dfd844c,5419d182-c704-4099-be43-be6d27b13974,1ed32f44-0391-413d-9721-7a5bd2e25693,->,12acfc45-bdfb-4343-9004-9be15dfd844c,server/model/players/Client.java,getItems
12acfc45-bdfb-4343-9004-9be15dfd844c,5419d182-c704-4099-be43-be6d27b13974,1ed32f44-0391-413d-9721-7a5bd2e25693,->,12acfc45-bdfb-4343-9004-9be15dfd844c,server/model/items/ItemAssistant.java,deleteItem
12acfc45-bdfb-4343-9004-9be15dfd844c,5419d182-c704-4099-be43-be6d27b13974,1ed32f44-0391-413d-9721-7a5bd2e25693,->,12acfc45-bdfb-4343-9004-9be15dfd844c,server/model/players/Client.java,getItems
12acfc45-bdfb-4343-9004-9be15dfd844c,5419d182-c704-4099-be43-be6d27b13974,1ed32f44-0391-413d-9721-7a5bd2e25693,->,12acfc45-bdfb-4343-9004-9be15dfd844c,server/model/items/ItemAssistant.java,deleteItem
12acfc45-bdfb-4343-9004-9be15dfd844c,5419d182-c704-4099-be43-be6d27b13974,1ed32f44-0391-413d-9721-7a5bd2e25693,->,12acfc45-bdfb-4343-9004-9be15dfd844c,5419d182-c704-4099-be43-be6d27b13974,9623851a-24b5-4031-962a-805ba642a4d3
12acfc45-bdfb-4343-9004-9be15dfd844c,5419d182-c704-4099-be43-be6d27b13974,1ed32f44-0391-413d-9721-7a5bd2e25693,->,12acfc45-bdfb-4343-9004-9be15dfd844c,server/model/players/Client.java,getAA2
12acfc45-bdfb-4343-9004-9be15dfd844c,5419d182-c704-4099-be43-be6d27b13974,1ed32f44-0391-413d-9721-7a5bd2e25693,->,12acfc45-bdfb-4343-9004-9be15dfd844c,server/model/players/ActionAssistant2.java,DORIC
12acfc45-bdfb-4343-9004-9be15dfd844c,5419d182-c704-4099-be43-be6d27b13974,1ed32f44-0391-413d-9721-7a5bd2e25693,->,12acfc45-bdfb-4343-9004-9be15dfd844c,server/model/players/Client.java,sendMessage
12acfc45-bdfb-4343-9004-9be15dfd844c,5419d182-c704-4099-be43-be6d27b13974,1ed32f44-0391-413d-9721-7a5bd2e25693,->,12acfc45-bdfb-4343-9004-9be15dfd844c,5419d182-c704-4099-be43-be6d27b13974,387b6a5e-17ca-4edb-b2a6-775fef14ce3f
12acfc45-bdfb-4343-9004-9be15dfd844c,5419d182-c704-4099-be43-be6d27b13974,1ed32f44-0391-413d-9721-7a5bd2e25693,->,12acfc45-bdfb-4343-9004-9be15dfd844c,5419d182-c704-4099-be43-be6d27b13974,387b6a5e-17ca-4edb-b2a6-775fef14ce3f
12acfc45-bdfb-4343-9004-9be15dfd844c,5419d182-c704-4099-be43-be6d27b13974,1ed32f44-0391-413d-9721-7a5bd2e25693,->,12acfc45-bdfb-4343-9004-9be15dfd844c,5419d182-c704-4099-be43-be6d27b13974,9623851a-24b5-4031-962a-805ba642a4d3
12acfc45-bdfb-4343-9004-9be15dfd844c,5419d182-c704-4099-be43-be6d27b13974,1ed32f44-0391-413d-9721-7a5bd2e25693,->,12acfc45-bdfb-4343-9004-9be15dfd844c,5419d182-c704-4099-be43-be6d27b13974,3cf6f402-c4d3-4a62-9d7c-a35f2b56d90f
12acfc45-bdfb-4343-9004-9be15dfd844c,5419d182-c704-4099-be43-be6d27b13974,1ed32f44-0391-413d-9721-7a5bd2e25693,->,12acfc45-bdfb-4343-9004-9be15dfd844c,5419d182-c704-4099-be43-be6d27b13974,387b6a5e-17ca-4edb-b2a6-775fef14ce3f
12acfc45-bdfb-4343-9004-9be15dfd844c,5419d182-c704-4099-be43-be6d27b13974,1ed32f44-0391-413d-9721-7a5bd2e25693,->,12acfc45-bdfb-4343-9004-9be15dfd844c,5419d182-c704-4099-be43-be6d27b13974,3cf6f402-c4d3-4a62-9d7c-a35f2b56d90f
12acfc45-bdfb-4343-9004-9be15dfd844c,5419d182-c704-4099-be43-be6d27b13974,1ed32f44-0391-413d-9721-7a5bd2e25693,->,12acfc45-bdfb-4343-9004-9be15dfd844c,5419d182-c704-4099-be43-be6d27b13974,3cf6f402-c4d3-4a62-9d7c-a35f2b56d90f
12acfc45-bdfb-4343-9004-9be15dfd844c,5419d182-c704-4099-be43-be6d27b13974,1ed32f44-0391-413d-9721-7a5bd2e25693,->,12acfc45-bdfb-4343-9004-9be15dfd844c,5419d182-c704-4099-be43-be6d27b13974,387b6a5e-17ca-4edb-b2a6-775fef14ce3f
12acfc45-bdfb-4343-9004-9be15dfd844c,5419d182-c704-4099-be43-be6d27b13974,1ed32f44-0391-413d-9721-7a5bd2e25693,->,12acfc45-bdfb-4343-9004-9be15dfd844c,5419d182-c704-4099-be43-be6d27b13974,a2f0dde3-24b6-46f4-934e-1fba3c87130f
12acfc45-bdfb-4343-9004-9be15dfd844c,5419d182-c704-4099-be43-be6d27b13974,1ed32f44-0391-413d-9721-7a5bd2e25693,->,12acfc45-bdfb-4343-9004-9be15dfd844c,5419d182-c704-4099-be43-be6d27b13974,9623851a-24b5-4031-962a-805ba642a4d3
12acfc45-bdfb-4343-9004-9be15dfd844c,5419d182-c704-4099-be43-be6d27b13974,1ed32f44-0391-413d-9721-7a5bd2e25693,->,12acfc45-bdfb-4343-9004-9be15dfd844c,5419d182-c704-4099-be43-be6d27b13974,3cf6f402-c4d3-4a62-9d7c-a35f2b56d90f
12acfc45-bdfb-4343-9004-9be15dfd844c,5419d182-c704-4099-be43-be6d27b13974,1ed32f44-0391-413d-9721-7a5bd2e25693,->,12acfc45-bdfb-4343-9004-9be15dfd844c,server/model/players/Client.java,getItems
12acfc45-bdfb-4343-9004-9be15dfd844c,5419d182-c704-4099-be43-be6d27b13974,1ed32f44-0391-413d-9721-7a5bd2e25693,->,12acfc45-bdfb-4343-9004-9be15dfd844c,server/model/items/ItemAssistant.java,deleteItem
12acfc45-bdfb-4343-9004-9be15dfd844c,5419d182-c704-4099-be43-be6d27b13974,1ed32f44-0391-413d-9721-7a5bd2e25693,->,12acfc45-bdfb-4343-9004-9be15dfd844c,5419d182-c704-4099-be43-be6d27b13974,1dbe5477-8d99-422e-9322-44f9eca89105
12acfc45-bdfb-4343-9004-9be15dfd844c,5419d182-c704-4099-be43-be6d27b13974,1ed32f44-0391-413d-9721-7a5bd2e25693,->,12acfc45-bdfb-4343-9004-9be15dfd844c,5419d182-c704-4099-be43-be6d27b13974,387b6a5e-17ca-4edb-b2a6-775fef14ce3f
12acfc45-bdfb-4343-9004-9be15dfd844c,5419d182-c704-4099-be43-be6d27b13974,1ed32f44-0391-413d-9721-7a5bd2e25693,->,12acfc45-bdfb-4343-9004-9be15dfd844c,5419d182-c704-4099-be43-be6d27b13974,9623851a-24b5-4031-962a-805ba642a4d3
12acfc45-bdfb-4343-9004-9be15dfd844c,5419d182-c704-4099-be43-be6d27b13974,1ed32f44-0391-413d-9721-7a5bd2e25693,->,12acfc45-bdfb-4343-9004-9be15dfd844c,5419d182-c704-4099-be43-be6d27b13974,387b6a5e-17ca-4edb-b2a6-775fef14ce3f
12acfc45-bdfb-4343-9004-9be15dfd844c,5419d182-c704-4099-be43-be6d27b13974,1ed32f44-0391-413d-9721-7a5bd2e25693,->,12acfc45-bdfb-4343-9004-9be15dfd844c,5419d182-c704-4099-be43-be6d27b13974,387b6a5e-17ca-4edb-b2a6-775fef14ce3f
12acfc45-bdfb-4343-9004-9be15dfd844c,5419d182-c704-4099-be43-be6d27b13974,1ed32f44-0391-413d-9721-7a5bd2e25693,->,12acfc45-bdfb-4343-9004-9be15dfd844c,5419d182-c704-4099-be43-be6d27b13974,3cf6f402-c4d3-4a62-9d7c-a35f2b56d90f
12acfc45-bdfb-4343-9004-9be15dfd844c,5419d182-c704-4099-be43-be6d27b13974,1ed32f44-0391-413d-9721-7a5bd2e25693,->,12acfc45-bdfb-4343-9004-9be15dfd844c,5419d182-c704-4099-be43-be6d27b13974,387b6a5e-17ca-4edb-b2a6-775fef14ce3f
12acfc45-bdfb-4343-9004-9be15dfd844c,5419d182-c704-4099-be43-be6d27b13974,1ed32f44-0391-413d-9721-7a5bd2e25693,->,12acfc45-bdfb-4343-9004-9be15dfd844c,5419d182-c704-4099-be43-be6d27b13974,3cf6f402-c4d3-4a62-9d7c-a35f2b56d90f
12acfc45-bdfb-4343-9004-9be15dfd844c,5419d182-c704-4099-be43-be6d27b13974,1ed32f44-0391-413d-9721-7a5bd2e25693,->,12acfc45-bdfb-4343-9004-9be15dfd844c,5419d182-c704-4099-be43-be6d27b13974,387b6a5e-17ca-4edb-b2a6-775fef14ce3f
12acfc45-bdfb-4343-9004-9be15dfd844c,5419d182-c704-4099-be43-be6d27b13974,1ed32f44-0391-413d-9721-7a5bd2e25693,->,12acfc45-bdfb-4343-9004-9be15dfd844c,5419d182-c704-4099-be43-be6d27b13974,387b6a5e-17ca-4edb-b2a6-775fef14ce3f
12acfc45-bdfb-4343-9004-9be15dfd844c,5419d182-c704-4099-be43-be6d27b13974,1ed32f44-0391-413d-9721-7a5bd2e25693,->,12acfc45-bdfb-4343-9004-9be15dfd844c,5419d182-c704-4099-be43-be6d27b13974,9623851a-24b5-4031-962a-805ba642a4d3
12acfc45-bdfb-4343-9004-9be15dfd844c,5419d182-c704-4099-be43-be6d27b13974,1ed32f44-0391-413d-9721-7a5bd2e25693,->,12acfc45-bdfb-4343-9004-9be15dfd844c,5419d182-c704-4099-be43-be6d27b13974,9623851a-24b5-4031-962a-805ba642a4d3
12acfc45-bdfb-4343-9004-9be15dfd844c,5419d182-c704-4099-be43-be6d27b13974,1ed32f44-0391-413d-9721-7a5bd2e25693,->,12acfc45-bdfb-4343-9004-9be15dfd844c,5419d182-c704-4099-be43-be6d27b13974,1dbe5477-8d99-422e-9322-44f9eca89105
12acfc45-bdfb-4343-9004-9be15dfd844c,5419d182-c704-4099-be43-be6d27b13974,1ed32f44-0391-413d-9721-7a5bd2e25693,->,12acfc45-bdfb-4343-9004-9be15dfd844c,5419d182-c704-4099-be43-be6d27b13974,1dbe5477-8d99-422e-9322-44f9eca89105
12acfc45-bdfb-4343-9004-9be15dfd844c,5419d182-c704-4099-be43-be6d27b13974,1ed32f44-0391-413d-9721-7a5bd2e25693,->,12acfc45-bdfb-4343-9004-9be15dfd844c,5419d182-c704-4099-be43-be6d27b13974,f24f19db-c23d-4338-b764-d5e18696c8d6
12acfc45-bdfb-4343-9004-9be15dfd844c,5419d182-c704-4099-be43-be6d27b13974,1ed32f44-0391-413d-9721-7a5bd2e25693,->,12acfc45-bdfb-4343-9004-9be15dfd844c,5419d182-c704-4099-be43-be6d27b13974,04a44c7c-7345-4fa3-988b-2e3d0e8d7124
12acfc45-bdfb-4343-9004-9be15dfd844c,5419d182-c704-4099-be43-be6d27b13974,1ed32f44-0391-413d-9721-7a5bd2e25693,->,12acfc45-bdfb-4343-9004-9be15dfd844c,5419d182-c704-4099-be43-be6d27b13974,1dbe5477-8d99-422e-9322-44f9eca89105
12acfc45-bdfb-4343-9004-9be15dfd844c,5419d182-c704-4099-be43-be6d27b13974,1ed32f44-0391-413d-9721-7a5bd2e25693,->,12acfc45-bdfb-4343-9004-9be15dfd844c,5419d182-c704-4099-be43-be6d27b13974,9623851a-24b5-4031-962a-805ba642a4d3
12acfc45-bdfb-4343-9004-9be15dfd844c,5419d182-c704-4099-be43-be6d27b13974,1ed32f44-0391-413d-9721-7a5bd2e25693,->,12acfc45-bdfb-4343-9004-9be15dfd844c,5419d182-c704-4099-be43-be6d27b13974,f24f19db-c23d-4338-b764-d5e18696c8d6
12acfc45-bdfb-4343-9004-9be15dfd844c,5419d182-c704-4099-be43-be6d27b13974,1ed32f44-0391-413d-9721-7a5bd2e25693,->,12acfc45-bdfb-4343-9004-9be15dfd844c,5419d182-c704-4099-be43-be6d27b13974,3cf6f402-c4d3-4a62-9d7c-a35f2b56d90f
12acfc45-bdfb-4343-9004-9be15dfd844c,5419d182-c704-4099-be43-be6d27b13974,1ed32f44-0391-413d-9721-7a5bd2e25693,->,12acfc45-bdfb-4343-9004-9be15dfd844c,5419d182-c704-4099-be43-be6d27b13974,9623851a-24b5-4031-962a-805ba642a4d3
12acfc45-bdfb-4343-9004-9be15dfd844c,5419d182-c704-4099-be43-be6d27b13974,1ed32f44-0391-413d-9721-7a5bd2e25693,->,12acfc45-bdfb-4343-9004-9be15dfd844c,5419d182-c704-4099-be43-be6d27b13974,ff2689f9-c5ae-46a6-9f7d-37e5a98ec923
12acfc45-bdfb-4343-9004-9be15dfd844c,5419d182-c704-4099-be43-be6d27b13974,1ed32f44-0391-413d-9721-7a5bd2e25693,->,12acfc45-bdfb-4343-9004-9be15dfd844c,5419d182-c704-4099-be43-be6d27b13974,387b6a5e-17ca-4edb-b2a6-775fef14ce3f
12acfc45-bdfb-4343-9004-9be15dfd844c,5419d182-c704-4099-be43-be6d27b13974,1ed32f44-0391-413d-9721-7a5bd2e25693,->,12acfc45-bdfb-4343-9004-9be15dfd844c,5419d182-c704-4099-be43-be6d27b13974,387b6a5e-17ca-4edb-b2a6-775fef14ce3f
12acfc45-bdfb-4343-9004-9be15dfd844c,5419d182-c704-4099-be43-be6d27b13974,1ed32f44-0391-413d-9721-7a5bd2e25693,->,12acfc45-bdfb-4343-9004-9be15dfd844c,5419d182-c704-4099-be43-be6d27b13974,ff2689f9-c5ae-46a6-9f7d-37e5a98ec923
12acfc45-bdfb-4343-9004-9be15dfd844c,5419d182-c704-4099-be43-be6d27b13974,1ed32f44-0391-413d-9721-7a5bd2e25693,->,12acfc45-bdfb-4343-9004-9be15dfd844c,5419d182-c704-4099-be43-be6d27b13974,387b6a5e-17ca-4edb-b2a6-775fef14ce3f
12acfc45-bdfb-4343-9004-9be15dfd844c,5419d182-c704-4099-be43-be6d27b13974,1ed32f44-0391-413d-9721-7a5bd2e25693,->,12acfc45-bdfb-4343-9004-9be15dfd844c,5419d182-c704-4099-be43-be6d27b13974,7b866b90-d789-40bd-b6e3-209c3c33154a
12acfc45-bdfb-4343-9004-9be15dfd844c,5419d182-c704-4099-be43-be6d27b13974,1ed32f44-0391-413d-9721-7a5bd2e25693,->,12acfc45-bdfb-4343-9004-9be15dfd844c,5419d182-c704-4099-be43-be6d27b13974,ff2689f9-c5ae-46a6-9f7d-37e5a98ec923
12acfc45-bdfb-4343-9004-9be15dfd844c,5419d182-c704-4099-be43-be6d27b13974,1ed32f44-0391-413d-9721-7a5bd2e25693,->,12acfc45-bdfb-4343-9004-9be15dfd844c,5419d182-c704-4099-be43-be6d27b13974,3cf6f402-c4d3-4a62-9d7c-a35f2b56d90f
12acfc45-bdfb-4343-9004-9be15dfd844c,5419d182-c704-4099-be43-be6d27b13974,1ed32f44-0391-413d-9721-7a5bd2e25693,->,12acfc45-bdfb-4343-9004-9be15dfd844c,5419d182-c704-4099-be43-be6d27b13974,04a44c7c-7345-4fa3-988b-2e3d0e8d7124
12acfc45-bdfb-4343-9004-9be15dfd844c,5419d182-c704-4099-be43-be6d27b13974,1ed32f44-0391-413d-9721-7a5bd2e25693,->,12acfc45-bdfb-4343-9004-9be15dfd844c,5419d182-c704-4099-be43-be6d27b13974,f24f19db-c23d-4338-b764-d5e18696c8d6
12acfc45-bdfb-4343-9004-9be15dfd844c,5419d182-c704-4099-be43-be6d27b13974,1ed32f44-0391-413d-9721-7a5bd2e25693,->,12acfc45-bdfb-4343-9004-9be15dfd844c,5419d182-c704-4099-be43-be6d27b13974,3cf6f402-c4d3-4a62-9d7c-a35f2b56d90f
12acfc45-bdfb-4343-9004-9be15dfd844c,5419d182-c704-4099-be43-be6d27b13974,1ed32f44-0391-413d-9721-7a5bd2e25693,->,12acfc45-bdfb-4343-9004-9be15dfd844c,5419d182-c704-4099-be43-be6d27b13974,387b6a5e-17ca-4edb-b2a6-775fef14ce3f
12acfc45-bdfb-4343-9004-9be15dfd844c,5419d182-c704-4099-be43-be6d27b13974,1ed32f44-0391-413d-9721-7a5bd2e25693,->,12acfc45-bdfb-4343-9004-9be15dfd844c,5419d182-c704-4099-be43-be6d27b13974,3cf6f402-c4d3-4a62-9d7c-a35f2b56d90f
12acfc45-bdfb-4343-9004-9be15dfd844c,5419d182-c704-4099-be43-be6d27b13974,1ed32f44-0391-413d-9721-7a5bd2e25693,->,12acfc45-bdfb-4343-9004-9be15dfd844c,5419d182-c704-4099-be43-be6d27b13974,387b6a5e-17ca-4edb-b2a6-775fef14ce3f
12acfc45-bdfb-4343-9004-9be15dfd844c,5419d182-c704-4099-be43-be6d27b13974,1ed32f44-0391-413d-9721-7a5bd2e25693,->,12acfc45-bdfb-4343-9004-9be15dfd844c,5419d182-c704-4099-be43-be6d27b13974,3cf6f402-c4d3-4a62-9d7c-a35f2b56d90f
12acfc45-bdfb-4343-9004-9be15dfd844c,5419d182-c704-4099-be43-be6d27b13974,1ed32f44-0391-413d-9721-7a5bd2e25693,->,12acfc45-bdfb-4343-9004-9be15dfd844c,5419d182-c704-4099-be43-be6d27b13974,9623851a-24b5-4031-962a-805ba642a4d3
12acfc45-bdfb-4343-9004-9be15dfd844c,5419d182-c704-4099-be43-be6d27b13974,1ed32f44-0391-413d-9721-7a5bd2e25693,->,12acfc45-bdfb-4343-9004-9be15dfd844c,5419d182-c704-4099-be43-be6d27b13974,3cf6f402-c4d3-4a62-9d7c-a35f2b56d90f
12acfc45-bdfb-4343-9004-9be15dfd844c,5419d182-c704-4099-be43-be6d27b13974,1ed32f44-0391-413d-9721-7a5bd2e25693,->,12acfc45-bdfb-4343-9004-9be15dfd844c,5419d182-c704-4099-be43-be6d27b13974,9623851a-24b5-4031-962a-805ba642a4d3
12acfc45-bdfb-4343-9004-9be15dfd844c,5419d182-c704-4099-be43-be6d27b13974,1ed32f44-0391-413d-9721-7a5bd2e25693,->,12acfc45-bdfb-4343-9004-9be15dfd844c,5419d182-c704-4099-be43-be6d27b13974,3cf6f402-c4d3-4a62-9d7c-a35f2b56d90f
12acfc45-bdfb-4343-9004-9be15dfd844c,5419d182-c704-4099-be43-be6d27b13974,1ed32f44-0391-413d-9721-7a5bd2e25693,->,12acfc45-bdfb-4343-9004-9be15dfd844c,5419d182-c704-4099-be43-be6d27b13974,9623851a-24b5-4031-962a-805ba642a4d3
12acfc45-bdfb-4343-9004-9be15dfd844c,5419d182-c704-4099-be43-be6d27b13974,1ed32f44-0391-413d-9721-7a5bd2e25693,->,12acfc45-bdfb-4343-9004-9be15dfd844c,5419d182-c704-4099-be43-be6d27b13974,3cf6f402-c4d3-4a62-9d7c-a35f2b56d90f
12acfc45-bdfb-4343-9004-9be15dfd844c,5419d182-c704-4099-be43-be6d27b13974,1ed32f44-0391-413d-9721-7a5bd2e25693,->,12acfc45-bdfb-4343-9004-9be15dfd844c,5419d182-c704-4099-be43-be6d27b13974,387b6a5e-17ca-4edb-b2a6-775fef14ce3f
12acfc45-bdfb-4343-9004-9be15dfd844c,5419d182-c704-4099-be43-be6d27b13974,1ed32f44-0391-413d-9721-7a5bd2e25693,->,12acfc45-bdfb-4343-9004-9be15dfd844c,5419d182-c704-4099-be43-be6d27b13974,387b6a5e-17ca-4edb-b2a6-775fef14ce3f
12acfc45-bdfb-4343-9004-9be15dfd844c,5419d182-c704-4099-be43-be6d27b13974,1ed32f44-0391-413d-9721-7a5bd2e25693,->,12acfc45-bdfb-4343-9004-9be15dfd844c,5419d182-c704-4099-be43-be6d27b13974,387b6a5e-17ca-4edb-b2a6-775fef14ce3f
12acfc45-bdfb-4343-9004-9be15dfd844c,5419d182-c704-4099-be43-be6d27b13974,1ed32f44-0391-413d-9721-7a5bd2e25693,->,12acfc45-bdfb-4343-9004-9be15dfd844c,5419d182-c704-4099-be43-be6d27b13974,387b6a5e-17ca-4edb-b2a6-775fef14ce3f
12acfc45-bdfb-4343-9004-9be15dfd844c,5419d182-c704-4099-be43-be6d27b13974,1ed32f44-0391-413d-9721-7a5bd2e25693,->,12acfc45-bdfb-4343-9004-9be15dfd844c,5419d182-c704-4099-be43-be6d27b13974,3cf6f402-c4d3-4a62-9d7c-a35f2b56d90f
12acfc45-bdfb-4343-9004-9be15dfd844c,5419d182-c704-4099-be43-be6d27b13974,1ed32f44-0391-413d-9721-7a5bd2e25693,->,12acfc45-bdfb-4343-9004-9be15dfd844c,5419d182-c704-4099-be43-be6d27b13974,f8791467-6e9b-4a99-b957-160cbc28ba04
12acfc45-bdfb-4343-9004-9be15dfd844c,5419d182-c704-4099-be43-be6d27b13974,1ed32f44-0391-413d-9721-7a5bd2e25693,->,12acfc45-bdfb-4343-9004-9be15dfd844c,5419d182-c704-4099-be43-be6d27b13974,9623851a-24b5-4031-962a-805ba642a4d3
12acfc45-bdfb-4343-9004-9be15dfd844c,5419d182-c704-4099-be43-be6d27b13974,1ed32f44-0391-413d-9721-7a5bd2e25693,->,12acfc45-bdfb-4343-9004-9be15dfd844c,5419d182-c704-4099-be43-be6d27b13974,3cf6f402-c4d3-4a62-9d7c-a35f2b56d90f
12acfc45-bdfb-4343-9004-9be15dfd844c,5419d182-c704-4099-be43-be6d27b13974,1ed32f44-0391-413d-9721-7a5bd2e25693,->,12acfc45-bdfb-4343-9004-9be15dfd844c,5419d182-c704-4099-be43-be6d27b13974,387b6a5e-17ca-4edb-b2a6-775fef14ce3f
12acfc45-bdfb-4343-9004-9be15dfd844c,5419d182-c704-4099-be43-be6d27b13974,1ed32f44-0391-413d-9721-7a5bd2e25693,->,12acfc45-bdfb-4343-9004-9be15dfd844c,5419d182-c704-4099-be43-be6d27b13974,f24f19db-c23d-4338-b764-d5e18696c8d6
12acfc45-bdfb-4343-9004-9be15dfd844c,5419d182-c704-4099-be43-be6d27b13974,1ed32f44-0391-413d-9721-7a5bd2e25693,->,12acfc45-bdfb-4343-9004-9be15dfd844c,5419d182-c704-4099-be43-be6d27b13974,3cf6f402-c4d3-4a62-9d7c-a35f2b56d90f
12acfc45-bdfb-4343-9004-9be15dfd844c,5419d182-c704-4099-be43-be6d27b13974,1ed32f44-0391-413d-9721-7a5bd2e25693,->,12acfc45-bdfb-4343-9004-9be15dfd844c,5419d182-c704-4099-be43-be6d27b13974,387b6a5e-17ca-4edb-b2a6-775fef14ce3f
12acfc45-bdfb-4343-9004-9be15dfd844c,5419d182-c704-4099-be43-be6d27b13974,1ed32f44-0391-413d-9721-7a5bd2e25693,->,12acfc45-bdfb-4343-9004-9be15dfd844c,5419d182-c704-4099-be43-be6d27b13974,387b6a5e-17ca-4edb-b2a6-775fef14ce3f
12acfc45-bdfb-4343-9004-9be15dfd844c,5419d182-c704-4099-be43-be6d27b13974,1ed32f44-0391-413d-9721-7a5bd2e25693,->,12acfc45-bdfb-4343-9004-9be15dfd844c,5419d182-c704-4099-be43-be6d27b13974,387b6a5e-17ca-4edb-b2a6-775fef14ce3f
12acfc45-bdfb-4343-9004-9be15dfd844c,5419d182-c704-4099-be43-be6d27b13974,1ed32f44-0391-413d-9721-7a5bd2e25693,->,12acfc45-bdfb-4343-9004-9be15dfd844c,5419d182-c704-4099-be43-be6d27b13974,387b6a5e-17ca-4edb-b2a6-775fef14ce3f
12acfc45-bdfb-4343-9004-9be15dfd844c,5419d182-c704-4099-be43-be6d27b13974,1ed32f44-0391-413d-9721-7a5bd2e25693,->,12acfc45-bdfb-4343-9004-9be15dfd844c,5419d182-c704-4099-be43-be6d27b13974,3cf6f402-c4d3-4a62-9d7c-a35f2b56d90f
12acfc45-bdfb-4343-9004-9be15dfd844c,5419d182-c704-4099-be43-be6d27b13974,1ed32f44-0391-413d-9721-7a5bd2e25693,->,12acfc45-bdfb-4343-9004-9be15dfd844c,5419d182-c704-4099-be43-be6d27b13974,9623851a-24b5-4031-962a-805ba642a4d3
12acfc45-bdfb-4343-9004-9be15dfd844c,5419d182-c704-4099-be43-be6d27b13974,1ed32f44-0391-413d-9721-7a5bd2e25693,->,12acfc45-bdfb-4343-9004-9be15dfd844c,5419d182-c704-4099-be43-be6d27b13974,3cf6f402-c4d3-4a62-9d7c-a35f2b56d90f
12acfc45-bdfb-4343-9004-9be15dfd844c,5419d182-c704-4099-be43-be6d27b13974,1ed32f44-0391-413d-9721-7a5bd2e25693,->,12acfc45-bdfb-4343-9004-9be15dfd844c,5419d182-c704-4099-be43-be6d27b13974,387b6a5e-17ca-4edb-b2a6-775fef14ce3f
12acfc45-bdfb-4343-9004-9be15dfd844c,5419d182-c704-4099-be43-be6d27b13974,1ed32f44-0391-413d-9721-7a5bd2e25693,->,12acfc45-bdfb-4343-9004-9be15dfd844c,5419d182-c704-4099-be43-be6d27b13974,f24f19db-c23d-4338-b764-d5e18696c8d6
12acfc45-bdfb-4343-9004-9be15dfd844c,5419d182-c704-4099-be43-be6d27b13974,1ed32f44-0391-413d-9721-7a5bd2e25693,->,12acfc45-bdfb-4343-9004-9be15dfd844c,5419d182-c704-4099-be43-be6d27b13974,3cf6f402-c4d3-4a62-9d7c-a35f2b56d90f
12acfc45-bdfb-4343-9004-9be15dfd844c,5419d182-c704-4099-be43-be6d27b13974,1ed32f44-0391-413d-9721-7a5bd2e25693,->,12acfc45-bdfb-4343-9004-9be15dfd844c,5419d182-c704-4099-be43-be6d27b13974,9623851a-24b5-4031-962a-805ba642a4d3
12acfc45-bdfb-4343-9004-9be15dfd844c,5419d182-c704-4099-be43-be6d27b13974,1ed32f44-0391-413d-9721-7a5bd2e25693,->,12acfc45-bdfb-4343-9004-9be15dfd844c,5419d182-c704-4099-be43-be6d27b13974,3cf6f402-c4d3-4a62-9d7c-a35f2b56d90f
12acfc45-bdfb-4343-9004-9be15dfd844c,5419d182-c704-4099-be43-be6d27b13974,1ed32f44-0391-413d-9721-7a5bd2e25693,->,12acfc45-bdfb-4343-9004-9be15dfd844c,5419d182-c704-4099-be43-be6d27b13974,387b6a5e-17ca-4edb-b2a6-775fef14ce3f
12acfc45-bdfb-4343-9004-9be15dfd844c,5419d182-c704-4099-be43-be6d27b13974,1ed32f44-0391-413d-9721-7a5bd2e25693,->,12acfc45-bdfb-4343-9004-9be15dfd844c,5419d182-c704-4099-be43-be6d27b13974,3cf6f402-c4d3-4a62-9d7c-a35f2b56d90f
12acfc45-bdfb-4343-9004-9be15dfd844c,5419d182-c704-4099-be43-be6d27b13974,1ed32f44-0391-413d-9721-7a5bd2e25693,->,12acfc45-bdfb-4343-9004-9be15dfd844c,5419d182-c704-4099-be43-be6d27b13974,1dbe5477-8d99-422e-9322-44f9eca89105
12acfc45-bdfb-4343-9004-9be15dfd844c,5419d182-c704-4099-be43-be6d27b13974,1ed32f44-0391-413d-9721-7a5bd2e25693,->,12acfc45-bdfb-4343-9004-9be15dfd844c,5419d182-c704-4099-be43-be6d27b13974,3cf6f402-c4d3-4a62-9d7c-a35f2b56d90f
12acfc45-bdfb-4343-9004-9be15dfd844c,5419d182-c704-4099-be43-be6d27b13974,1ed32f44-0391-413d-9721-7a5bd2e25693,->,12acfc45-bdfb-4343-9004-9be15dfd844c,5419d182-c704-4099-be43-be6d27b13974,387b6a5e-17ca-4edb-b2a6-775fef14ce3f
12acfc45-bdfb-4343-9004-9be15dfd844c,5419d182-c704-4099-be43-be6d27b13974,1ed32f44-0391-413d-9721-7a5bd2e25693,->,12acfc45-bdfb-4343-9004-9be15dfd844c,5419d182-c704-4099-be43-be6d27b13974,3cf6f402-c4d3-4a62-9d7c-a35f2b56d90f
12acfc45-bdfb-4343-9004-9be15dfd844c,5419d182-c704-4099-be43-be6d27b13974,1ed32f44-0391-413d-9721-7a5bd2e25693,->,12acfc45-bdfb-4343-9004-9be15dfd844c,5419d182-c704-4099-be43-be6d27b13974,9623851a-24b5-4031-962a-805ba642a4d3
12acfc45-bdfb-4343-9004-9be15dfd844c,5419d182-c704-4099-be43-be6d27b13974,1ed32f44-0391-413d-9721-7a5bd2e25693,->,12acfc45-bdfb-4343-9004-9be15dfd844c,5419d182-c704-4099-be43-be6d27b13974,3cf6f402-c4d3-4a62-9d7c-a35f2b56d90f
12acfc45-bdfb-4343-9004-9be15dfd844c,5419d182-c704-4099-be43-be6d27b13974,1ed32f44-0391-413d-9721-7a5bd2e25693,->,12acfc45-bdfb-4343-9004-9be15dfd844c,5419d182-c704-4099-be43-be6d27b13974,387b6a5e-17ca-4edb-b2a6-775fef14ce3f
12acfc45-bdfb-4343-9004-9be15dfd844c,5419d182-c704-4099-be43-be6d27b13974,1ed32f44-0391-413d-9721-7a5bd2e25693,->,12acfc45-bdfb-4343-9004-9be15dfd844c,5419d182-c704-4099-be43-be6d27b13974,387b6a5e-17ca-4edb-b2a6-775fef14ce3f
12acfc45-bdfb-4343-9004-9be15dfd844c,5419d182-c704-4099-be43-be6d27b13974,1ed32f44-0391-413d-9721-7a5bd2e25693,->,12acfc45-bdfb-4343-9004-9be15dfd844c,5419d182-c704-4099-be43-be6d27b13974,3cf6f402-c4d3-4a62-9d7c-a35f2b56d90f
12acfc45-bdfb-4343-9004-9be15dfd844c,5419d182-c704-4099-be43-be6d27b13974,1ed32f44-0391-413d-9721-7a5bd2e25693,->,12acfc45-bdfb-4343-9004-9be15dfd844c,5419d182-c704-4099-be43-be6d27b13974,7b866b90-d789-40bd-b6e3-209c3c33154a
12acfc45-bdfb-4343-9004-9be15dfd844c,5419d182-c704-4099-be43-be6d27b13974,1ed32f44-0391-413d-9721-7a5bd2e25693,->,12acfc45-bdfb-4343-9004-9be15dfd844c,5419d182-c704-4099-be43-be6d27b13974,a2f0dde3-24b6-46f4-934e-1fba3c87130f
12acfc45-bdfb-4343-9004-9be15dfd844c,5419d182-c704-4099-be43-be6d27b13974,1ed32f44-0391-413d-9721-7a5bd2e25693,->,12acfc45-bdfb-4343-9004-9be15dfd844c,5419d182-c704-4099-be43-be6d27b13974,3cf6f402-c4d3-4a62-9d7c-a35f2b56d90f
12acfc45-bdfb-4343-9004-9be15dfd844c,5419d182-c704-4099-be43-be6d27b13974,1ed32f44-0391-413d-9721-7a5bd2e25693,->,12acfc45-bdfb-4343-9004-9be15dfd844c,5419d182-c704-4099-be43-be6d27b13974,387b6a5e-17ca-4edb-b2a6-775fef14ce3f
12acfc45-bdfb-4343-9004-9be15dfd844c,5419d182-c704-4099-be43-be6d27b13974,1ed32f44-0391-413d-9721-7a5bd2e25693,->,12acfc45-bdfb-4343-9004-9be15dfd844c,5419d182-c704-4099-be43-be6d27b13974,3cf6f402-c4d3-4a62-9d7c-a35f2b56d90f
12acfc45-bdfb-4343-9004-9be15dfd844c,5419d182-c704-4099-be43-be6d27b13974,1ed32f44-0391-413d-9721-7a5bd2e25693,->,12acfc45-bdfb-4343-9004-9be15dfd844c,5419d182-c704-4099-be43-be6d27b13974,9623851a-24b5-4031-962a-805ba642a4d3
12acfc45-bdfb-4343-9004-9be15dfd844c,5419d182-c704-4099-be43-be6d27b13974,1ed32f44-0391-413d-9721-7a5bd2e25693,->,12acfc45-bdfb-4343-9004-9be15dfd844c,5419d182-c704-4099-be43-be6d27b13974,387b6a5e-17ca-4edb-b2a6-775fef14ce3f
12acfc45-bdfb-4343-9004-9be15dfd844c,5419d182-c704-4099-be43-be6d27b13974,1ed32f44-0391-413d-9721-7a5bd2e25693,->,12acfc45-bdfb-4343-9004-9be15dfd844c,5419d182-c704-4099-be43-be6d27b13974,387b6a5e-17ca-4edb-b2a6-775fef14ce3f
12acfc45-bdfb-4343-9004-9be15dfd844c,5419d182-c704-4099-be43-be6d27b13974,1ed32f44-0391-413d-9721-7a5bd2e25693,->,12acfc45-bdfb-4343-9004-9be15dfd844c,5419d182-c704-4099-be43-be6d27b13974,3cf6f402-c4d3-4a62-9d7c-a35f2b56d90f
12acfc45-bdfb-4343-9004-9be15dfd844c,5419d182-c704-4099-be43-be6d27b13974,1ed32f44-0391-413d-9721-7a5bd2e25693,->,12acfc45-bdfb-4343-9004-9be15dfd844c,5419d182-c704-4099-be43-be6d27b13974,387b6a5e-17ca-4edb-b2a6-775fef14ce3f
12acfc45-bdfb-4343-9004-9be15dfd844c,5419d182-c704-4099-be43-be6d27b13974,1ed32f44-0391-413d-9721-7a5bd2e25693,->,12acfc45-bdfb-4343-9004-9be15dfd844c,5419d182-c704-4099-be43-be6d27b13974,387b6a5e-17ca-4edb-b2a6-775fef14ce3f
12acfc45-bdfb-4343-9004-9be15dfd844c,5419d182-c704-4099-be43-be6d27b13974,1ed32f44-0391-413d-9721-7a5bd2e25693,->,12acfc45-bdfb-4343-9004-9be15dfd844c,5419d182-c704-4099-be43-be6d27b13974,1dbe5477-8d99-422e-9322-44f9eca89105
12acfc45-bdfb-4343-9004-9be15dfd844c,5419d182-c704-4099-be43-be6d27b13974,1ed32f44-0391-413d-9721-7a5bd2e25693,->,12acfc45-bdfb-4343-9004-9be15dfd844c,5419d182-c704-4099-be43-be6d27b13974,3cf6f402-c4d3-4a62-9d7c-a35f2b56d90f
12acfc45-bdfb-4343-9004-9be15dfd844c,5419d182-c704-4099-be43-be6d27b13974,1ed32f44-0391-413d-9721-7a5bd2e25693,->,12acfc45-bdfb-4343-9004-9be15dfd844c,5419d182-c704-4099-be43-be6d27b13974,9623851a-24b5-4031-962a-805ba642a4d3
12acfc45-bdfb-4343-9004-9be15dfd844c,5419d182-c704-4099-be43-be6d27b13974,1ed32f44-0391-413d-9721-7a5bd2e25693,->,12acfc45-bdfb-4343-9004-9be15dfd844c,5419d182-c704-4099-be43-be6d27b13974,3cf6f402-c4d3-4a62-9d7c-a35f2b56d90f
12acfc45-bdfb-4343-9004-9be15dfd844c,5419d182-c704-4099-be43-be6d27b13974,1ed32f44-0391-413d-9721-7a5bd2e25693,->,12acfc45-bdfb-4343-9004-9be15dfd844c,5419d182-c704-4099-be43-be6d27b13974,9623851a-24b5-4031-962a-805ba642a4d3
12acfc45-bdfb-4343-9004-9be15dfd844c,5419d182-c704-4099-be43-be6d27b13974,1ed32f44-0391-413d-9721-7a5bd2e25693,->,12acfc45-bdfb-4343-9004-9be15dfd844c,5419d182-c704-4099-be43-be6d27b13974,3cf6f402-c4d3-4a62-9d7c-a35f2b56d90f
12acfc45-bdfb-4343-9004-9be15dfd844c,5419d182-c704-4099-be43-be6d27b13974,1ed32f44-0391-413d-9721-7a5bd2e25693,->,12acfc45-bdfb-4343-9004-9be15dfd844c,5419d182-c704-4099-be43-be6d27b13974,387b6a5e-17ca-4edb-b2a6-775fef14ce3f
12acfc45-bdfb-4343-9004-9be15dfd844c,5419d182-c704-4099-be43-be6d27b13974,1ed32f44-0391-413d-9721-7a5bd2e25693,->,12acfc45-bdfb-4343-9004-9be15dfd844c,5419d182-c704-4099-be43-be6d27b13974,1dbe5477-8d99-422e-9322-44f9eca89105
12acfc45-bdfb-4343-9004-9be15dfd844c,5419d182-c704-4099-be43-be6d27b13974,1ed32f44-0391-413d-9721-7a5bd2e25693,->,12acfc45-bdfb-4343-9004-9be15dfd844c,5419d182-c704-4099-be43-be6d27b13974,3cf6f402-c4d3-4a62-9d7c-a35f2b56d90f
12acfc45-bdfb-4343-9004-9be15dfd844c,5419d182-c704-4099-be43-be6d27b13974,1ed32f44-0391-413d-9721-7a5bd2e25693,->,12acfc45-bdfb-4343-9004-9be15dfd844c,5419d182-c704-4099-be43-be6d27b13974,387b6a5e-17ca-4edb-b2a6-775fef14ce3f
12acfc45-bdfb-4343-9004-9be15dfd844c,5419d182-c704-4099-be43-be6d27b13974,1ed32f44-0391-413d-9721-7a5bd2e25693,->,12acfc45-bdfb-4343-9004-9be15dfd844c,5419d182-c704-4099-be43-be6d27b13974,9623851a-24b5-4031-962a-805ba642a4d3
12acfc45-bdfb-4343-9004-9be15dfd844c,5419d182-c704-4099-be43-be6d27b13974,1ed32f44-0391-413d-9721-7a5bd2e25693,->,12acfc45-bdfb-4343-9004-9be15dfd844c,5419d182-c704-4099-be43-be6d27b13974,3cf6f402-c4d3-4a62-9d7c-a35f2b56d90f
12acfc45-bdfb-4343-9004-9be15dfd844c,5419d182-c704-4099-be43-be6d27b13974,1ed32f44-0391-413d-9721-7a5bd2e25693,->,12acfc45-bdfb-4343-9004-9be15dfd844c,5419d182-c704-4099-be43-be6d27b13974,387b6a5e-17ca-4edb-b2a6-775fef14ce3f
12acfc45-bdfb-4343-9004-9be15dfd844c,5419d182-c704-4099-be43-be6d27b13974,1ed32f44-0391-413d-9721-7a5bd2e25693,->,12acfc45-bdfb-4343-9004-9be15dfd844c,5419d182-c704-4099-be43-be6d27b13974,3cf6f402-c4d3-4a62-9d7c-a35f2b56d90f
12acfc45-bdfb-4343-9004-9be15dfd844c,5419d182-c704-4099-be43-be6d27b13974,1ed32f44-0391-413d-9721-7a5bd2e25693,->,12acfc45-bdfb-4343-9004-9be15dfd844c,5419d182-c704-4099-be43-be6d27b13974,387b6a5e-17ca-4edb-b2a6-775fef14ce3f
12acfc45-bdfb-4343-9004-9be15dfd844c,5419d182-c704-4099-be43-be6d27b13974,1ed32f44-0391-413d-9721-7a5bd2e25693,->,12acfc45-bdfb-4343-9004-9be15dfd844c,5419d182-c704-4099-be43-be6d27b13974,3cf6f402-c4d3-4a62-9d7c-a35f2b56d90f
12acfc45-bdfb-4343-9004-9be15dfd844c,5419d182-c704-4099-be43-be6d27b13974,1ed32f44-0391-413d-9721-7a5bd2e25693,->,12acfc45-bdfb-4343-9004-9be15dfd844c,5419d182-c704-4099-be43-be6d27b13974,9623851a-24b5-4031-962a-805ba642a4d3
12acfc45-bdfb-4343-9004-9be15dfd844c,5419d182-c704-4099-be43-be6d27b13974,1ed32f44-0391-413d-9721-7a5bd2e25693,->,12acfc45-bdfb-4343-9004-9be15dfd844c,5419d182-c704-4099-be43-be6d27b13974,3cf6f402-c4d3-4a62-9d7c-a35f2b56d90f
12acfc45-bdfb-4343-9004-9be15dfd844c,5419d182-c704-4099-be43-be6d27b13974,1ed32f44-0391-413d-9721-7a5bd2e25693,->,12acfc45-bdfb-4343-9004-9be15dfd844c,5419d182-c704-4099-be43-be6d27b13974,387b6a5e-17ca-4edb-b2a6-775fef14ce3f
12acfc45-bdfb-4343-9004-9be15dfd844c,5419d182-c704-4099-be43-be6d27b13974,1ed32f44-0391-413d-9721-7a5bd2e25693,->,12acfc45-bdfb-4343-9004-9be15dfd844c,5419d182-c704-4099-be43-be6d27b13974,04a44c7c-7345-4fa3-988b-2e3d0e8d7124
12acfc45-bdfb-4343-9004-9be15dfd844c,5419d182-c704-4099-be43-be6d27b13974,1ed32f44-0391-413d-9721-7a5bd2e25693,->,12acfc45-bdfb-4343-9004-9be15dfd844c,5419d182-c704-4099-be43-be6d27b13974,387b6a5e-17ca-4edb-b2a6-775fef14ce3f
12acfc45-bdfb-4343-9004-9be15dfd844c,5419d182-c704-4099-be43-be6d27b13974,1ed32f44-0391-413d-9721-7a5bd2e25693,->,12acfc45-bdfb-4343-9004-9be15dfd844c,5419d182-c704-4099-be43-be6d27b13974,3cf6f402-c4d3-4a62-9d7c-a35f2b56d90f
12acfc45-bdfb-4343-9004-9be15dfd844c,5419d182-c704-4099-be43-be6d27b13974,1ed32f44-0391-413d-9721-7a5bd2e25693,->,12acfc45-bdfb-4343-9004-9be15dfd844c,5419d182-c704-4099-be43-be6d27b13974,9623851a-24b5-4031-962a-805ba642a4d3
12acfc45-bdfb-4343-9004-9be15dfd844c,5419d182-c704-4099-be43-be6d27b13974,1ed32f44-0391-413d-9721-7a5bd2e25693,->,12acfc45-bdfb-4343-9004-9be15dfd844c,5419d182-c704-4099-be43-be6d27b13974,7b866b90-d789-40bd-b6e3-209c3c33154a
12acfc45-bdfb-4343-9004-9be15dfd844c,5419d182-c704-4099-be43-be6d27b13974,1ed32f44-0391-413d-9721-7a5bd2e25693,->,12acfc45-bdfb-4343-9004-9be15dfd844c,5419d182-c704-4099-be43-be6d27b13974,3cf6f402-c4d3-4a62-9d7c-a35f2b56d90f
12acfc45-bdfb-4343-9004-9be15dfd844c,5419d182-c704-4099-be43-be6d27b13974,1ed32f44-0391-413d-9721-7a5bd2e25693,->,12acfc45-bdfb-4343-9004-9be15dfd844c,5419d182-c704-4099-be43-be6d27b13974,7b866b90-d789-40bd-b6e3-209c3c33154a
12acfc45-bdfb-4343-9004-9be15dfd844c,5419d182-c704-4099-be43-be6d27b13974,1ed32f44-0391-413d-9721-7a5bd2e25693,->,12acfc45-bdfb-4343-9004-9be15dfd844c,5419d182-c704-4099-be43-be6d27b13974,9623851a-24b5-4031-962a-805ba642a4d3
12acfc45-bdfb-4343-9004-9be15dfd844c,5419d182-c704-4099-be43-be6d27b13974,1ed32f44-0391-413d-9721-7a5bd2e25693,->,12acfc45-bdfb-4343-9004-9be15dfd844c,5419d182-c704-4099-be43-be6d27b13974,3cf6f402-c4d3-4a62-9d7c-a35f2b56d90f
12acfc45-bdfb-4343-9004-9be15dfd844c,5419d182-c704-4099-be43-be6d27b13974,1ed32f44-0391-413d-9721-7a5bd2e25693,->,12acfc45-bdfb-4343-9004-9be15dfd844c,5419d182-c704-4099-be43-be6d27b13974,387b6a5e-17ca-4edb-b2a6-775fef14ce3f
12acfc45-bdfb-4343-9004-9be15dfd844c,5419d182-c704-4099-be43-be6d27b13974,1ed32f44-0391-413d-9721-7a5bd2e25693,->,12acfc45-bdfb-4343-9004-9be15dfd844c,5419d182-c704-4099-be43-be6d27b13974,9623851a-24b5-4031-962a-805ba642a4d3
12acfc45-bdfb-4343-9004-9be15dfd844c,5419d182-c704-4099-be43-be6d27b13974,1ed32f44-0391-413d-9721-7a5bd2e25693,->,12acfc45-bdfb-4343-9004-9be15dfd844c,5419d182-c704-4099-be43-be6d27b13974,387b6a5e-17ca-4edb-b2a6-775fef14ce3f
12acfc45-bdfb-4343-9004-9be15dfd844c,5419d182-c704-4099-be43-be6d27b13974,1ed32f44-0391-413d-9721-7a5bd2e25693,->,12acfc45-bdfb-4343-9004-9be15dfd844c,5419d182-c704-4099-be43-be6d27b13974,3cf6f402-c4d3-4a62-9d7c-a35f2b56d90f
12acfc45-bdfb-4343-9004-9be15dfd844c,5419d182-c704-4099-be43-be6d27b13974,1ed32f44-0391-413d-9721-7a5bd2e25693,->,12acfc45-bdfb-4343-9004-9be15dfd844c,5419d182-c704-4099-be43-be6d27b13974,f8791467-6e9b-4a99-b957-160cbc28ba04
12acfc45-bdfb-4343-9004-9be15dfd844c,5419d182-c704-4099-be43-be6d27b13974,1ed32f44-0391-413d-9721-7a5bd2e25693,->,12acfc45-bdfb-4343-9004-9be15dfd844c,5419d182-c704-4099-be43-be6d27b13974,04a44c7c-7345-4fa3-988b-2e3d0e8d7124
12acfc45-bdfb-4343-9004-9be15dfd844c,5419d182-c704-4099-be43-be6d27b13974,1ed32f44-0391-413d-9721-7a5bd2e25693,->,12acfc45-bdfb-4343-9004-9be15dfd844c,5419d182-c704-4099-be43-be6d27b13974,387b6a5e-17ca-4edb-b2a6-775fef14ce3f
12acfc45-bdfb-4343-9004-9be15dfd844c,5419d182-c704-4099-be43-be6d27b13974,1ed32f44-0391-413d-9721-7a5bd2e25693,->,12acfc45-bdfb-4343-9004-9be15dfd844c,5419d182-c704-4099-be43-be6d27b13974,3cf6f402-c4d3-4a62-9d7c-a35f2b56d90f
12acfc45-bdfb-4343-9004-9be15dfd844c,5419d182-c704-4099-be43-be6d27b13974,1ed32f44-0391-413d-9721-7a5bd2e25693,->,12acfc45-bdfb-4343-9004-9be15dfd844c,5419d182-c704-4099-be43-be6d27b13974,9623851a-24b5-4031-962a-805ba642a4d3
12acfc45-bdfb-4343-9004-9be15dfd844c,5419d182-c704-4099-be43-be6d27b13974,1ed32f44-0391-413d-9721-7a5bd2e25693,->,12acfc45-bdfb-4343-9004-9be15dfd844c,5419d182-c704-4099-be43-be6d27b13974,3cf6f402-c4d3-4a62-9d7c-a35f2b56d90f
12acfc45-bdfb-4343-9004-9be15dfd844c,5419d182-c704-4099-be43-be6d27b13974,1ed32f44-0391-413d-9721-7a5bd2e25693,->,12acfc45-bdfb-4343-9004-9be15dfd844c,5419d182-c704-4099-be43-be6d27b13974,1dbe5477-8d99-422e-9322-44f9eca89105
12acfc45-bdfb-4343-9004-9be15dfd844c,5419d182-c704-4099-be43-be6d27b13974,1ed32f44-0391-413d-9721-7a5bd2e25693,->,12acfc45-bdfb-4343-9004-9be15dfd844c,5419d182-c704-4099-be43-be6d27b13974,9623851a-24b5-4031-962a-805ba642a4d3
12acfc45-bdfb-4343-9004-9be15dfd844c,5419d182-c704-4099-be43-be6d27b13974,1ed32f44-0391-413d-9721-7a5bd2e25693,->,12acfc45-bdfb-4343-9004-9be15dfd844c,5419d182-c704-4099-be43-be6d27b13974,3cf6f402-c4d3-4a62-9d7c-a35f2b56d90f
12acfc45-bdfb-4343-9004-9be15dfd844c,5419d182-c704-4099-be43-be6d27b13974,1ed32f44-0391-413d-9721-7a5bd2e25693,->,12acfc45-bdfb-4343-9004-9be15dfd844c,5419d182-c704-4099-be43-be6d27b13974,387b6a5e-17ca-4edb-b2a6-775fef14ce3f
12acfc45-bdfb-4343-9004-9be15dfd844c,5419d182-c704-4099-be43-be6d27b13974,1ed32f44-0391-413d-9721-7a5bd2e25693,->,12acfc45-bdfb-4343-9004-9be15dfd844c,5419d182-c704-4099-be43-be6d27b13974,7b866b90-d789-40bd-b6e3-209c3c33154a
12acfc45-bdfb-4343-9004-9be15dfd844c,5419d182-c704-4099-be43-be6d27b13974,1ed32f44-0391-413d-9721-7a5bd2e25693,->,12acfc45-bdfb-4343-9004-9be15dfd844c,5419d182-c704-4099-be43-be6d27b13974,3cf6f402-c4d3-4a62-9d7c-a35f2b56d90f
12acfc45-bdfb-4343-9004-9be15dfd844c,5419d182-c704-4099-be43-be6d27b13974,1ed32f44-0391-413d-9721-7a5bd2e25693,->,12acfc45-bdfb-4343-9004-9be15dfd844c,5419d182-c704-4099-be43-be6d27b13974,387b6a5e-17ca-4edb-b2a6-775fef14ce3f
12acfc45-bdfb-4343-9004-9be15dfd844c,5419d182-c704-4099-be43-be6d27b13974,1ed32f44-0391-413d-9721-7a5bd2e25693,->,12acfc45-bdfb-4343-9004-9be15dfd844c,5419d182-c704-4099-be43-be6d27b13974,3cf6f402-c4d3-4a62-9d7c-a35f2b56d90f
12acfc45-bdfb-4343-9004-9be15dfd844c,5419d182-c704-4099-be43-be6d27b13974,1ed32f44-0391-413d-9721-7a5bd2e25693,->,12acfc45-bdfb-4343-9004-9be15dfd844c,5419d182-c704-4099-be43-be6d27b13974,387b6a5e-17ca-4edb-b2a6-775fef14ce3f
12acfc45-bdfb-4343-9004-9be15dfd844c,5419d182-c704-4099-be43-be6d27b13974,1ed32f44-0391-413d-9721-7a5bd2e25693,->,12acfc45-bdfb-4343-9004-9be15dfd844c,server/model/players/Client.java,getItems
12acfc45-bdfb-4343-9004-9be15dfd844c,5419d182-c704-4099-be43-be6d27b13974,1ed32f44-0391-413d-9721-7a5bd2e25693,->,12acfc45-bdfb-4343-9004-9be15dfd844c,server/model/items/ItemAssistant.java,playerHasItem
12acfc45-bdfb-4343-9004-9be15dfd844c,5419d182-c704-4099-be43-be6d27b13974,1ed32f44-0391-413d-9721-7a5bd2e25693,->,12acfc45-bdfb-4343-9004-9be15dfd844c,server/model/players/Client.java,getItems
12acfc45-bdfb-4343-9004-9be15dfd844c,5419d182-c704-4099-be43-be6d27b13974,1ed32f44-0391-413d-9721-7a5bd2e25693,->,12acfc45-bdfb-4343-9004-9be15dfd844c,server/model/items/ItemAssistant.java,playerHasItem
12acfc45-bdfb-4343-9004-9be15dfd844c,5419d182-c704-4099-be43-be6d27b13974,1ed32f44-0391-413d-9721-7a5bd2e25693,->,12acfc45-bdfb-4343-9004-9be15dfd844c,5419d182-c704-4099-be43-be6d27b13974,3cf6f402-c4d3-4a62-9d7c-a35f2b56d90f
12acfc45-bdfb-4343-9004-9be15dfd844c,5419d182-c704-4099-be43-be6d27b13974,1ed32f44-0391-413d-9721-7a5bd2e25693,->,12acfc45-bdfb-4343-9004-9be15dfd844c,5419d182-c704-4099-be43-be6d27b13974,3cf6f402-c4d3-4a62-9d7c-a35f2b56d90f
12acfc45-bdfb-4343-9004-9be15dfd844c,5419d182-c704-4099-be43-be6d27b13974,1ed32f44-0391-413d-9721-7a5bd2e25693,->,12acfc45-bdfb-4343-9004-9be15dfd844c,5419d182-c704-4099-be43-be6d27b13974,387b6a5e-17ca-4edb-b2a6-775fef14ce3f
12acfc45-bdfb-4343-9004-9be15dfd844c,5419d182-c704-4099-be43-be6d27b13974,1ed32f44-0391-413d-9721-7a5bd2e25693,->,12acfc45-bdfb-4343-9004-9be15dfd844c,5419d182-c704-4099-be43-be6d27b13974,ff2689f9-c5ae-46a6-9f7d-37e5a98ec923
12acfc45-bdfb-4343-9004-9be15dfd844c,5419d182-c704-4099-be43-be6d27b13974,1ed32f44-0391-413d-9721-7a5bd2e25693,->,12acfc45-bdfb-4343-9004-9be15dfd844c,5419d182-c704-4099-be43-be6d27b13974,387b6a5e-17ca-4edb-b2a6-775fef14ce3f
12acfc45-bdfb-4343-9004-9be15dfd844c,5419d182-c704-4099-be43-be6d27b13974,1ed32f44-0391-413d-9721-7a5bd2e25693,->,12acfc45-bdfb-4343-9004-9be15dfd844c,5419d182-c704-4099-be43-be6d27b13974,7b866b90-d789-40bd-b6e3-209c3c33154a
12acfc45-bdfb-4343-9004-9be15dfd844c,5419d182-c704-4099-be43-be6d27b13974,1ed32f44-0391-413d-9721-7a5bd2e25693,->,12acfc45-bdfb-4343-9004-9be15dfd844c,5419d182-c704-4099-be43-be6d27b13974,3cf6f402-c4d3-4a62-9d7c-a35f2b56d90f
12acfc45-bdfb-4343-9004-9be15dfd844c,5419d182-c704-4099-be43-be6d27b13974,1ed32f44-0391-413d-9721-7a5bd2e25693,->,12acfc45-bdfb-4343-9004-9be15dfd844c,5419d182-c704-4099-be43-be6d27b13974,387b6a5e-17ca-4edb-b2a6-775fef14ce3f
12acfc45-bdfb-4343-9004-9be15dfd844c,5419d182-c704-4099-be43-be6d27b13974,1ed32f44-0391-413d-9721-7a5bd2e25693,->,12acfc45-bdfb-4343-9004-9be15dfd844c,5419d182-c704-4099-be43-be6d27b13974,3cf6f402-c4d3-4a62-9d7c-a35f2b56d90f
12acfc45-bdfb-4343-9004-9be15dfd844c,5419d182-c704-4099-be43-be6d27b13974,1ed32f44-0391-413d-9721-7a5bd2e25693,->,12acfc45-bdfb-4343-9004-9be15dfd844c,5419d182-c704-4099-be43-be6d27b13974,387b6a5e-17ca-4edb-b2a6-775fef14ce3f
12acfc45-bdfb-4343-9004-9be15dfd844c,5419d182-c704-4099-be43-be6d27b13974,1ed32f44-0391-413d-9721-7a5bd2e25693,->,12acfc45-bdfb-4343-9004-9be15dfd844c,5419d182-c704-4099-be43-be6d27b13974,3cf6f402-c4d3-4a62-9d7c-a35f2b56d90f
12acfc45-bdfb-4343-9004-9be15dfd844c,5419d182-c704-4099-be43-be6d27b13974,1ed32f44-0391-413d-9721-7a5bd2e25693,->,12acfc45-bdfb-4343-9004-9be15dfd844c,5419d182-c704-4099-be43-be6d27b13974,387b6a5e-17ca-4edb-b2a6-775fef14ce3f
12acfc45-bdfb-4343-9004-9be15dfd844c,5419d182-c704-4099-be43-be6d27b13974,1ed32f44-0391-413d-9721-7a5bd2e25693,->,12acfc45-bdfb-4343-9004-9be15dfd844c,5419d182-c704-4099-be43-be6d27b13974,387b6a5e-17ca-4edb-b2a6-775fef14ce3f
12acfc45-bdfb-4343-9004-9be15dfd844c,5419d182-c704-4099-be43-be6d27b13974,1ed32f44-0391-413d-9721-7a5bd2e25693,->,12acfc45-bdfb-4343-9004-9be15dfd844c,5419d182-c704-4099-be43-be6d27b13974,387b6a5e-17ca-4edb-b2a6-775fef14ce3f
12acfc45-bdfb-4343-9004-9be15dfd844c,5419d182-c704-4099-be43-be6d27b13974,1ed32f44-0391-413d-9721-7a5bd2e25693,->,12acfc45-bdfb-4343-9004-9be15dfd844c,5419d182-c704-4099-be43-be6d27b13974,3cf6f402-c4d3-4a62-9d7c-a35f2b56d90f
12acfc45-bdfb-4343-9004-9be15dfd844c,5419d182-c704-4099-be43-be6d27b13974,1ed32f44-0391-413d-9721-7a5bd2e25693,->,12acfc45-bdfb-4343-9004-9be15dfd844c,5419d182-c704-4099-be43-be6d27b13974,387b6a5e-17ca-4edb-b2a6-775fef14ce3f
12acfc45-bdfb-4343-9004-9be15dfd844c,5419d182-c704-4099-be43-be6d27b13974,1ed32f44-0391-413d-9721-7a5bd2e25693,->,12acfc45-bdfb-4343-9004-9be15dfd844c,5419d182-c704-4099-be43-be6d27b13974,3cf6f402-c4d3-4a62-9d7c-a35f2b56d90f
12acfc45-bdfb-4343-9004-9be15dfd844c,5419d182-c704-4099-be43-be6d27b13974,1ed32f44-0391-413d-9721-7a5bd2e25693,->,12acfc45-bdfb-4343-9004-9be15dfd844c,5419d182-c704-4099-be43-be6d27b13974,9623851a-24b5-4031-962a-805ba642a4d3
12acfc45-bdfb-4343-9004-9be15dfd844c,5419d182-c704-4099-be43-be6d27b13974,1ed32f44-0391-413d-9721-7a5bd2e25693,->,12acfc45-bdfb-4343-9004-9be15dfd844c,server/model/players/Client.java,getItems
12acfc45-bdfb-4343-9004-9be15dfd844c,5419d182-c704-4099-be43-be6d27b13974,1ed32f44-0391-413d-9721-7a5bd2e25693,->,12acfc45-bdfb-4343-9004-9be15dfd844c,server/model/items/ItemAssistant.java,addItem
12acfc45-bdfb-4343-9004-9be15dfd844c,5419d182-c704-4099-be43-be6d27b13974,1ed32f44-0391-413d-9721-7a5bd2e25693,->,12acfc45-bdfb-4343-9004-9be15dfd844c,5419d182-c704-4099-be43-be6d27b13974,3cf6f402-c4d3-4a62-9d7c-a35f2b56d90f
12acfc45-bdfb-4343-9004-9be15dfd844c,5419d182-c704-4099-be43-be6d27b13974,1ed32f44-0391-413d-9721-7a5bd2e25693,->,12acfc45-bdfb-4343-9004-9be15dfd844c,5419d182-c704-4099-be43-be6d27b13974,d33c4b82-3e14-40b7-9586-90b59ae6d620
12acfc45-bdfb-4343-9004-9be15dfd844c,5419d182-c704-4099-be43-be6d27b13974,1ed32f44-0391-413d-9721-7a5bd2e25693,->,12acfc45-bdfb-4343-9004-9be15dfd844c,5419d182-c704-4099-be43-be6d27b13974,ff2689f9-c5ae-46a6-9f7d-37e5a98ec923
12acfc45-bdfb-4343-9004-9be15dfd844c,5419d182-c704-4099-be43-be6d27b13974,1ed32f44-0391-413d-9721-7a5bd2e25693,->,12acfc45-bdfb-4343-9004-9be15dfd844c,5419d182-c704-4099-be43-be6d27b13974,ff2689f9-c5ae-46a6-9f7d-37e5a98ec923
12acfc45-bdfb-4343-9004-9be15dfd844c,5419d182-c704-4099-be43-be6d27b13974,1ed32f44-0391-413d-9721-7a5bd2e25693,->,12acfc45-bdfb-4343-9004-9be15dfd844c,server/model/players/Client.java,getAA2
12acfc45-bdfb-4343-9004-9be15dfd844c,5419d182-c704-4099-be43-be6d27b13974,1ed32f44-0391-413d-9721-7a5bd2e25693,->,12acfc45-bdfb-4343-9004-9be15dfd844c,server/model/players/ActionAssistant2.java,DEMONREWARD
12acfc45-bdfb-4343-9004-9be15dfd844c,5419d182-c704-4099-be43-be6d27b13974,5c968cfc-a979-4b91-89ae-a976dd4549ba,->,12acfc45-bdfb-4343-9004-9be15dfd844c,server/model/players/Client.java,getPA
12acfc45-bdfb-4343-9004-9be15dfd844c,5419d182-c704-4099-be43-be6d27b13974,5c968cfc-a979-4b91-89ae-a976dd4549ba,->,12acfc45-bdfb-4343-9004-9be15dfd844c,991eb2a8-284a-4290-ae08-f54cf8834706,609517a1-3a8b-4bd9-8623-3cae47c33a17
12acfc45-bdfb-4343-9004-9be15dfd844c,5419d182-c704-4099-be43-be6d27b13974,5c968cfc-a979-4b91-89ae-a976dd4549ba,->,12acfc45-bdfb-4343-9004-9be15dfd844c,server/model/players/Client.java,getPA
12acfc45-bdfb-4343-9004-9be15dfd844c,5419d182-c704-4099-be43-be6d27b13974,5c968cfc-a979-4b91-89ae-a976dd4549ba,->,12acfc45-bdfb-4343-9004-9be15dfd844c,991eb2a8-284a-4290-ae08-f54cf8834706,609517a1-3a8b-4bd9-8623-3cae47c33a17
12acfc45-bdfb-4343-9004-9be15dfd844c,5419d182-c704-4099-be43-be6d27b13974,5c968cfc-a979-4b91-89ae-a976dd4549ba,->,12acfc45-bdfb-4343-9004-9be15dfd844c,server/model/players/Client.java,getPA
12acfc45-bdfb-4343-9004-9be15dfd844c,5419d182-c704-4099-be43-be6d27b13974,5c968cfc-a979-4b91-89ae-a976dd4549ba,->,12acfc45-bdfb-4343-9004-9be15dfd844c,991eb2a8-284a-4290-ae08-f54cf8834706,609517a1-3a8b-4bd9-8623-3cae47c33a17
12acfc45-bdfb-4343-9004-9be15dfd844c,5419d182-c704-4099-be43-be6d27b13974,5c968cfc-a979-4b91-89ae-a976dd4549ba,->,12acfc45-bdfb-4343-9004-9be15dfd844c,server/model/players/Client.java,getPA
12acfc45-bdfb-4343-9004-9be15dfd844c,5419d182-c704-4099-be43-be6d27b13974,5c968cfc-a979-4b91-89ae-a976dd4549ba,->,12acfc45-bdfb-4343-9004-9be15dfd844c,991eb2a8-284a-4290-ae08-f54cf8834706,609517a1-3a8b-4bd9-8623-3cae47c33a17
12acfc45-bdfb-4343-9004-9be15dfd844c,5419d182-c704-4099-be43-be6d27b13974,5c968cfc-a979-4b91-89ae-a976dd4549ba,->,12acfc45-bdfb-4343-9004-9be15dfd844c,server/model/players/Client.java,getPA
12acfc45-bdfb-4343-9004-9be15dfd844c,5419d182-c704-4099-be43-be6d27b13974,5c968cfc-a979-4b91-89ae-a976dd4549ba,->,12acfc45-bdfb-4343-9004-9be15dfd844c,991eb2a8-284a-4290-ae08-f54cf8834706,609517a1-3a8b-4bd9-8623-3cae47c33a17
12acfc45-bdfb-4343-9004-9be15dfd844c,5419d182-c704-4099-be43-be6d27b13974,5c968cfc-a979-4b91-89ae-a976dd4549ba,->,12acfc45-bdfb-4343-9004-9be15dfd844c,server/model/players/Client.java,getPA
12acfc45-bdfb-4343-9004-9be15dfd844c,5419d182-c704-4099-be43-be6d27b13974,5c968cfc-a979-4b91-89ae-a976dd4549ba,->,12acfc45-bdfb-4343-9004-9be15dfd844c,991eb2a8-284a-4290-ae08-f54cf8834706,fbacd858-15ac-4dfb-b5c1-9851ae733165
12acfc45-bdfb-4343-9004-9be15dfd844c,5419d182-c704-4099-be43-be6d27b13974,6e2ade88-89b2-43d2-91bc-1fa3e7cecfe8,->,12acfc45-bdfb-4343-9004-9be15dfd844c,server/model/players/Client.java,getPA
12acfc45-bdfb-4343-9004-9be15dfd844c,5419d182-c704-4099-be43-be6d27b13974,6e2ade88-89b2-43d2-91bc-1fa3e7cecfe8,->,12acfc45-bdfb-4343-9004-9be15dfd844c,991eb2a8-284a-4290-ae08-f54cf8834706,609517a1-3a8b-4bd9-8623-3cae47c33a17
12acfc45-bdfb-4343-9004-9be15dfd844c,5419d182-c704-4099-be43-be6d27b13974,6e2ade88-89b2-43d2-91bc-1fa3e7cecfe8,->,12acfc45-bdfb-4343-9004-9be15dfd844c,server/model/players/Client.java,getPA
12acfc45-bdfb-4343-9004-9be15dfd844c,5419d182-c704-4099-be43-be6d27b13974,6e2ade88-89b2-43d2-91bc-1fa3e7cecfe8,->,12acfc45-bdfb-4343-9004-9be15dfd844c,991eb2a8-284a-4290-ae08-f54cf8834706,609517a1-3a8b-4bd9-8623-3cae47c33a17
12acfc45-bdfb-4343-9004-9be15dfd844c,5419d182-c704-4099-be43-be6d27b13974,6e2ade88-89b2-43d2-91bc-1fa3e7cecfe8,->,12acfc45-bdfb-4343-9004-9be15dfd844c,server/model/players/Client.java,getPA
12acfc45-bdfb-4343-9004-9be15dfd844c,5419d182-c704-4099-be43-be6d27b13974,6e2ade88-89b2-43d2-91bc-1fa3e7cecfe8,->,12acfc45-bdfb-4343-9004-9be15dfd844c,991eb2a8-284a-4290-ae08-f54cf8834706,609517a1-3a8b-4bd9-8623-3cae47c33a17
12acfc45-bdfb-4343-9004-9be15dfd844c,5419d182-c704-4099-be43-be6d27b13974,6e2ade88-89b2-43d2-91bc-1fa3e7cecfe8,->,12acfc45-bdfb-4343-9004-9be15dfd844c,server/model/players/Client.java,getPA
12acfc45-bdfb-4343-9004-9be15dfd844c,5419d182-c704-4099-be43-be6d27b13974,6e2ade88-89b2-43d2-91bc-1fa3e7cecfe8,->,12acfc45-bdfb-4343-9004-9be15dfd844c,991eb2a8-284a-4290-ae08-f54cf8834706,fbacd858-15ac-4dfb-b5c1-9851ae733165
12acfc45-bdfb-4343-9004-9be15dfd844c,5419d182-c704-4099-be43-be6d27b13974,a2f0dde3-24b6-46f4-934e-1fba3c87130f,->,12acfc45-bdfb-4343-9004-9be15dfd844c,server/model/players/Client.java,getPA
12acfc45-bdfb-4343-9004-9be15dfd844c,5419d182-c704-4099-be43-be6d27b13974,a2f0dde3-24b6-46f4-934e-1fba3c87130f,->,12acfc45-bdfb-4343-9004-9be15dfd844c,991eb2a8-284a-4290-ae08-f54cf8834706,609517a1-3a8b-4bd9-8623-3cae47c33a17
12acfc45-bdfb-4343-9004-9be15dfd844c,5419d182-c704-4099-be43-be6d27b13974,a2f0dde3-24b6-46f4-934e-1fba3c87130f,->,12acfc45-bdfb-4343-9004-9be15dfd844c,server/model/players/Client.java,getPA
12acfc45-bdfb-4343-9004-9be15dfd844c,5419d182-c704-4099-be43-be6d27b13974,a2f0dde3-24b6-46f4-934e-1fba3c87130f,->,12acfc45-bdfb-4343-9004-9be15dfd844c,991eb2a8-284a-4290-ae08-f54cf8834706,609517a1-3a8b-4bd9-8623-3cae47c33a17
12acfc45-bdfb-4343-9004-9be15dfd844c,5419d182-c704-4099-be43-be6d27b13974,a2f0dde3-24b6-46f4-934e-1fba3c87130f,->,12acfc45-bdfb-4343-9004-9be15dfd844c,server/model/players/Client.java,getPA
12acfc45-bdfb-4343-9004-9be15dfd844c,5419d182-c704-4099-be43-be6d27b13974,a2f0dde3-24b6-46f4-934e-1fba3c87130f,->,12acfc45-bdfb-4343-9004-9be15dfd844c,991eb2a8-284a-4290-ae08-f54cf8834706,609517a1-3a8b-4bd9-8623-3cae47c33a17
12acfc45-bdfb-4343-9004-9be15dfd844c,5419d182-c704-4099-be43-be6d27b13974,a2f0dde3-24b6-46f4-934e-1fba3c87130f,->,12acfc45-bdfb-4343-9004-9be15dfd844c,server/model/players/Client.java,getPA
12acfc45-bdfb-4343-9004-9be15dfd844c,5419d182-c704-4099-be43-be6d27b13974,a2f0dde3-24b6-46f4-934e-1fba3c87130f,->,12acfc45-bdfb-4343-9004-9be15dfd844c,991eb2a8-284a-4290-ae08-f54cf8834706,fbacd858-15ac-4dfb-b5c1-9851ae733165
12acfc45-bdfb-4343-9004-9be15dfd844c,5419d182-c704-4099-be43-be6d27b13974,f24f19db-c23d-4338-b764-d5e18696c8d6,->,12acfc45-bdfb-4343-9004-9be15dfd844c,server/model/players/Client.java,getPA
12acfc45-bdfb-4343-9004-9be15dfd844c,5419d182-c704-4099-be43-be6d27b13974,f24f19db-c23d-4338-b764-d5e18696c8d6,->,12acfc45-bdfb-4343-9004-9be15dfd844c,991eb2a8-284a-4290-ae08-f54cf8834706,609517a1-3a8b-4bd9-8623-3cae47c33a17
12acfc45-bdfb-4343-9004-9be15dfd844c,5419d182-c704-4099-be43-be6d27b13974,f24f19db-c23d-4338-b764-d5e18696c8d6,->,12acfc45-bdfb-4343-9004-9be15dfd844c,server/model/players/Client.java,getPA
12acfc45-bdfb-4343-9004-9be15dfd844c,5419d182-c704-4099-be43-be6d27b13974,f24f19db-c23d-4338-b764-d5e18696c8d6,->,12acfc45-bdfb-4343-9004-9be15dfd844c,991eb2a8-284a-4290-ae08-f54cf8834706,609517a1-3a8b-4bd9-8623-3cae47c33a17
12acfc45-bdfb-4343-9004-9be15dfd844c,5419d182-c704-4099-be43-be6d27b13974,f24f19db-c23d-4338-b764-d5e18696c8d6,->,12acfc45-bdfb-4343-9004-9be15dfd844c,server/model/players/Client.java,getPA
12acfc45-bdfb-4343-9004-9be15dfd844c,5419d182-c704-4099-be43-be6d27b13974,f24f19db-c23d-4338-b764-d5e18696c8d6,->,12acfc45-bdfb-4343-9004-9be15dfd844c,991eb2a8-284a-4290-ae08-f54cf8834706,609517a1-3a8b-4bd9-8623-3cae47c33a17
12acfc45-bdfb-4343-9004-9be15dfd844c,5419d182-c704-4099-be43-be6d27b13974,f24f19db-c23d-4338-b764-d5e18696c8d6,->,12acfc45-bdfb-4343-9004-9be15dfd844c,server/model/players/Client.java,getPA
12acfc45-bdfb-4343-9004-9be15dfd844c,5419d182-c704-4099-be43-be6d27b13974,f24f19db-c23d-4338-b764-d5e18696c8d6,->,12acfc45-bdfb-4343-9004-9be15dfd844c,991eb2a8-284a-4290-ae08-f54cf8834706,609517a1-3a8b-4bd9-8623-3cae47c33a17
12acfc45-bdfb-4343-9004-9be15dfd844c,5419d182-c704-4099-be43-be6d27b13974,f24f19db-c23d-4338-b764-d5e18696c8d6,->,12acfc45-bdfb-4343-9004-9be15dfd844c,server/model/players/Client.java,getPA
12acfc45-bdfb-4343-9004-9be15dfd844c,5419d182-c704-4099-be43-be6d27b13974,f24f19db-c23d-4338-b764-d5e18696c8d6,->,12acfc45-bdfb-4343-9004-9be15dfd844c,991eb2a8-284a-4290-ae08-f54cf8834706,fbacd858-15ac-4dfb-b5c1-9851ae733165
12acfc45-bdfb-4343-9004-9be15dfd844c,5419d182-c704-4099-be43-be6d27b13974,d33c4b82-3e14-40b7-9586-90b59ae6d620,->,12acfc45-bdfb-4343-9004-9be15dfd844c,server/model/players/Client.java,getPA
12acfc45-bdfb-4343-9004-9be15dfd844c,5419d182-c704-4099-be43-be6d27b13974,d33c4b82-3e14-40b7-9586-90b59ae6d620,->,12acfc45-bdfb-4343-9004-9be15dfd844c,991eb2a8-284a-4290-ae08-f54cf8834706,609517a1-3a8b-4bd9-8623-3cae47c33a17
12acfc45-bdfb-4343-9004-9be15dfd844c,5419d182-c704-4099-be43-be6d27b13974,d33c4b82-3e14-40b7-9586-90b59ae6d620,->,12acfc45-bdfb-4343-9004-9be15dfd844c,server/model/players/Client.java,getPA
12acfc45-bdfb-4343-9004-9be15dfd844c,5419d182-c704-4099-be43-be6d27b13974,d33c4b82-3e14-40b7-9586-90b59ae6d620,->,12acfc45-bdfb-4343-9004-9be15dfd844c,991eb2a8-284a-4290-ae08-f54cf8834706,609517a1-3a8b-4bd9-8623-3cae47c33a17
12acfc45-bdfb-4343-9004-9be15dfd844c,5419d182-c704-4099-be43-be6d27b13974,d33c4b82-3e14-40b7-9586-90b59ae6d620,->,12acfc45-bdfb-4343-9004-9be15dfd844c,server/model/players/Client.java,getPA
12acfc45-bdfb-4343-9004-9be15dfd844c,5419d182-c704-4099-be43-be6d27b13974,d33c4b82-3e14-40b7-9586-90b59ae6d620,->,12acfc45-bdfb-4343-9004-9be15dfd844c,991eb2a8-284a-4290-ae08-f54cf8834706,609517a1-3a8b-4bd9-8623-3cae47c33a17
12acfc45-bdfb-4343-9004-9be15dfd844c,5419d182-c704-4099-be43-be6d27b13974,d33c4b82-3e14-40b7-9586-90b59ae6d620,->,12acfc45-bdfb-4343-9004-9be15dfd844c,server/model/players/Client.java,getPA
12acfc45-bdfb-4343-9004-9be15dfd844c,5419d182-c704-4099-be43-be6d27b13974,d33c4b82-3e14-40b7-9586-90b59ae6d620,->,12acfc45-bdfb-4343-9004-9be15dfd844c,991eb2a8-284a-4290-ae08-f54cf8834706,609517a1-3a8b-4bd9-8623-3cae47c33a17
12acfc45-bdfb-4343-9004-9be15dfd844c,5419d182-c704-4099-be43-be6d27b13974,d33c4b82-3e14-40b7-9586-90b59ae6d620,->,12acfc45-bdfb-4343-9004-9be15dfd844c,server/model/players/Client.java,getPA
12acfc45-bdfb-4343-9004-9be15dfd844c,5419d182-c704-4099-be43-be6d27b13974,d33c4b82-3e14-40b7-9586-90b59ae6d620,->,12acfc45-bdfb-4343-9004-9be15dfd844c,991eb2a8-284a-4290-ae08-f54cf8834706,609517a1-3a8b-4bd9-8623-3cae47c33a17
12acfc45-bdfb-4343-9004-9be15dfd844c,5419d182-c704-4099-be43-be6d27b13974,d33c4b82-3e14-40b7-9586-90b59ae6d620,->,12acfc45-bdfb-4343-9004-9be15dfd844c,server/model/players/Client.java,getPA
12acfc45-bdfb-4343-9004-9be15dfd844c,5419d182-c704-4099-be43-be6d27b13974,d33c4b82-3e14-40b7-9586-90b59ae6d620,->,12acfc45-bdfb-4343-9004-9be15dfd844c,991eb2a8-284a-4290-ae08-f54cf8834706,fbacd858-15ac-4dfb-b5c1-9851ae733165
12acfc45-bdfb-4343-9004-9be15dfd844c,5419d182-c704-4099-be43-be6d27b13974,22b6e4a6-35b6-4f38-9e47-52491689b526,->,12acfc45-bdfb-4343-9004-9be15dfd844c,server/model/players/Client.java,getPA
12acfc45-bdfb-4343-9004-9be15dfd844c,5419d182-c704-4099-be43-be6d27b13974,22b6e4a6-35b6-4f38-9e47-52491689b526,->,12acfc45-bdfb-4343-9004-9be15dfd844c,991eb2a8-284a-4290-ae08-f54cf8834706,609517a1-3a8b-4bd9-8623-3cae47c33a17
12acfc45-bdfb-4343-9004-9be15dfd844c,5419d182-c704-4099-be43-be6d27b13974,22b6e4a6-35b6-4f38-9e47-52491689b526,->,12acfc45-bdfb-4343-9004-9be15dfd844c,server/model/players/Client.java,getPA
12acfc45-bdfb-4343-9004-9be15dfd844c,5419d182-c704-4099-be43-be6d27b13974,22b6e4a6-35b6-4f38-9e47-52491689b526,->,12acfc45-bdfb-4343-9004-9be15dfd844c,991eb2a8-284a-4290-ae08-f54cf8834706,609517a1-3a8b-4bd9-8623-3cae47c33a17
12acfc45-bdfb-4343-9004-9be15dfd844c,5419d182-c704-4099-be43-be6d27b13974,22b6e4a6-35b6-4f38-9e47-52491689b526,->,12acfc45-bdfb-4343-9004-9be15dfd844c,server/model/players/Client.java,getPA
12acfc45-bdfb-4343-9004-9be15dfd844c,5419d182-c704-4099-be43-be6d27b13974,22b6e4a6-35b6-4f38-9e47-52491689b526,->,12acfc45-bdfb-4343-9004-9be15dfd844c,991eb2a8-284a-4290-ae08-f54cf8834706,609517a1-3a8b-4bd9-8623-3cae47c33a17
12acfc45-bdfb-4343-9004-9be15dfd844c,5419d182-c704-4099-be43-be6d27b13974,22b6e4a6-35b6-4f38-9e47-52491689b526,->,12acfc45-bdfb-4343-9004-9be15dfd844c,server/model/players/Client.java,getPA
12acfc45-bdfb-4343-9004-9be15dfd844c,5419d182-c704-4099-be43-be6d27b13974,22b6e4a6-35b6-4f38-9e47-52491689b526,->,12acfc45-bdfb-4343-9004-9be15dfd844c,991eb2a8-284a-4290-ae08-f54cf8834706,609517a1-3a8b-4bd9-8623-3cae47c33a17
12acfc45-bdfb-4343-9004-9be15dfd844c,5419d182-c704-4099-be43-be6d27b13974,22b6e4a6-35b6-4f38-9e47-52491689b526,->,12acfc45-bdfb-4343-9004-9be15dfd844c,server/model/players/Client.java,getPA
12acfc45-bdfb-4343-9004-9be15dfd844c,5419d182-c704-4099-be43-be6d27b13974,22b6e4a6-35b6-4f38-9e47-52491689b526,->,12acfc45-bdfb-4343-9004-9be15dfd844c,991eb2a8-284a-4290-ae08-f54cf8834706,609517a1-3a8b-4bd9-8623-3cae47c33a17
12acfc45-bdfb-4343-9004-9be15dfd844c,5419d182-c704-4099-be43-be6d27b13974,22b6e4a6-35b6-4f38-9e47-52491689b526,->,12acfc45-bdfb-4343-9004-9be15dfd844c,server/model/players/Client.java,getPA
12acfc45-bdfb-4343-9004-9be15dfd844c,5419d182-c704-4099-be43-be6d27b13974,22b6e4a6-35b6-4f38-9e47-52491689b526,->,12acfc45-bdfb-4343-9004-9be15dfd844c,991eb2a8-284a-4290-ae08-f54cf8834706,609517a1-3a8b-4bd9-8623-3cae47c33a17
12acfc45-bdfb-4343-9004-9be15dfd844c,5419d182-c704-4099-be43-be6d27b13974,22b6e4a6-35b6-4f38-9e47-52491689b526,->,12acfc45-bdfb-4343-9004-9be15dfd844c,server/model/players/Client.java,getPA
12acfc45-bdfb-4343-9004-9be15dfd844c,5419d182-c704-4099-be43-be6d27b13974,22b6e4a6-35b6-4f38-9e47-52491689b526,->,12acfc45-bdfb-4343-9004-9be15dfd844c,991eb2a8-284a-4290-ae08-f54cf8834706,fbacd858-15ac-4dfb-b5c1-9851ae733165
12acfc45-bdfb-4343-9004-9be15dfd844c,5419d182-c704-4099-be43-be6d27b13974,0b1414d0-3835-49d6-a339-913ce4bfbcb4,->,12acfc45-bdfb-4343-9004-9be15dfd844c,server/model/players/Client.java,getPA
12acfc45-bdfb-4343-9004-9be15dfd844c,5419d182-c704-4099-be43-be6d27b13974,0b1414d0-3835-49d6-a339-913ce4bfbcb4,->,12acfc45-bdfb-4343-9004-9be15dfd844c,991eb2a8-284a-4290-ae08-f54cf8834706,609517a1-3a8b-4bd9-8623-3cae47c33a17
12acfc45-bdfb-4343-9004-9be15dfd844c,5419d182-c704-4099-be43-be6d27b13974,0b1414d0-3835-49d6-a339-913ce4bfbcb4,->,12acfc45-bdfb-4343-9004-9be15dfd844c,server/model/players/Client.java,getPA
12acfc45-bdfb-4343-9004-9be15dfd844c,5419d182-c704-4099-be43-be6d27b13974,0b1414d0-3835-49d6-a339-913ce4bfbcb4,->,12acfc45-bdfb-4343-9004-9be15dfd844c,991eb2a8-284a-4290-ae08-f54cf8834706,609517a1-3a8b-4bd9-8623-3cae47c33a17
12acfc45-bdfb-4343-9004-9be15dfd844c,5419d182-c704-4099-be43-be6d27b13974,0b1414d0-3835-49d6-a339-913ce4bfbcb4,->,12acfc45-bdfb-4343-9004-9be15dfd844c,server/model/players/Client.java,getPA
12acfc45-bdfb-4343-9004-9be15dfd844c,5419d182-c704-4099-be43-be6d27b13974,0b1414d0-3835-49d6-a339-913ce4bfbcb4,->,12acfc45-bdfb-4343-9004-9be15dfd844c,991eb2a8-284a-4290-ae08-f54cf8834706,609517a1-3a8b-4bd9-8623-3cae47c33a17
12acfc45-bdfb-4343-9004-9be15dfd844c,5419d182-c704-4099-be43-be6d27b13974,0b1414d0-3835-49d6-a339-913ce4bfbcb4,->,12acfc45-bdfb-4343-9004-9be15dfd844c,server/model/players/Client.java,getPA
12acfc45-bdfb-4343-9004-9be15dfd844c,5419d182-c704-4099-be43-be6d27b13974,0b1414d0-3835-49d6-a339-913ce4bfbcb4,->,12acfc45-bdfb-4343-9004-9be15dfd844c,991eb2a8-284a-4290-ae08-f54cf8834706,609517a1-3a8b-4bd9-8623-3cae47c33a17
12acfc45-bdfb-4343-9004-9be15dfd844c,5419d182-c704-4099-be43-be6d27b13974,0b1414d0-3835-49d6-a339-913ce4bfbcb4,->,12acfc45-bdfb-4343-9004-9be15dfd844c,server/model/players/Client.java,getPA
12acfc45-bdfb-4343-9004-9be15dfd844c,5419d182-c704-4099-be43-be6d27b13974,0b1414d0-3835-49d6-a339-913ce4bfbcb4,->,12acfc45-bdfb-4343-9004-9be15dfd844c,991eb2a8-284a-4290-ae08-f54cf8834706,609517a1-3a8b-4bd9-8623-3cae47c33a17
12acfc45-bdfb-4343-9004-9be15dfd844c,5419d182-c704-4099-be43-be6d27b13974,0b1414d0-3835-49d6-a339-913ce4bfbcb4,->,12acfc45-bdfb-4343-9004-9be15dfd844c,server/model/players/Client.java,getPA
12acfc45-bdfb-4343-9004-9be15dfd844c,5419d182-c704-4099-be43-be6d27b13974,0b1414d0-3835-49d6-a339-913ce4bfbcb4,->,12acfc45-bdfb-4343-9004-9be15dfd844c,991eb2a8-284a-4290-ae08-f54cf8834706,fbacd858-15ac-4dfb-b5c1-9851ae733165
12acfc45-bdfb-4343-9004-9be15dfd844c,5419d182-c704-4099-be43-be6d27b13974,ff2689f9-c5ae-46a6-9f7d-37e5a98ec923,->,12acfc45-bdfb-4343-9004-9be15dfd844c,server/model/players/Client.java,getPA
12acfc45-bdfb-4343-9004-9be15dfd844c,5419d182-c704-4099-be43-be6d27b13974,ff2689f9-c5ae-46a6-9f7d-37e5a98ec923,->,12acfc45-bdfb-4343-9004-9be15dfd844c,991eb2a8-284a-4290-ae08-f54cf8834706,609517a1-3a8b-4bd9-8623-3cae47c33a17
12acfc45-bdfb-4343-9004-9be15dfd844c,5419d182-c704-4099-be43-be6d27b13974,ff2689f9-c5ae-46a6-9f7d-37e5a98ec923,->,12acfc45-bdfb-4343-9004-9be15dfd844c,server/model/players/Client.java,getPA
12acfc45-bdfb-4343-9004-9be15dfd844c,5419d182-c704-4099-be43-be6d27b13974,ff2689f9-c5ae-46a6-9f7d-37e5a98ec923,->,12acfc45-bdfb-4343-9004-9be15dfd844c,991eb2a8-284a-4290-ae08-f54cf8834706,609517a1-3a8b-4bd9-8623-3cae47c33a17
12acfc45-bdfb-4343-9004-9be15dfd844c,5419d182-c704-4099-be43-be6d27b13974,ff2689f9-c5ae-46a6-9f7d-37e5a98ec923,->,12acfc45-bdfb-4343-9004-9be15dfd844c,server/model/players/Client.java,getPA
12acfc45-bdfb-4343-9004-9be15dfd844c,5419d182-c704-4099-be43-be6d27b13974,ff2689f9-c5ae-46a6-9f7d-37e5a98ec923,->,12acfc45-bdfb-4343-9004-9be15dfd844c,991eb2a8-284a-4290-ae08-f54cf8834706,fbacd858-15ac-4dfb-b5c1-9851ae733165
12acfc45-bdfb-4343-9004-9be15dfd844c,5419d182-c704-4099-be43-be6d27b13974,387b6a5e-17ca-4edb-b2a6-775fef14ce3f,->,12acfc45-bdfb-4343-9004-9be15dfd844c,server/model/players/Client.java,getPA
12acfc45-bdfb-4343-9004-9be15dfd844c,5419d182-c704-4099-be43-be6d27b13974,387b6a5e-17ca-4edb-b2a6-775fef14ce3f,->,12acfc45-bdfb-4343-9004-9be15dfd844c,991eb2a8-284a-4290-ae08-f54cf8834706,998784d8-72e3-42dc-8171-ff6047769424
12acfc45-bdfb-4343-9004-9be15dfd844c,5419d182-c704-4099-be43-be6d27b13974,387b6a5e-17ca-4edb-b2a6-775fef14ce3f,->,12acfc45-bdfb-4343-9004-9be15dfd844c,server/model/players/Client.java,getPA
12acfc45-bdfb-4343-9004-9be15dfd844c,5419d182-c704-4099-be43-be6d27b13974,387b6a5e-17ca-4edb-b2a6-775fef14ce3f,->,12acfc45-bdfb-4343-9004-9be15dfd844c,991eb2a8-284a-4290-ae08-f54cf8834706,609517a1-3a8b-4bd9-8623-3cae47c33a17
12acfc45-bdfb-4343-9004-9be15dfd844c,5419d182-c704-4099-be43-be6d27b13974,387b6a5e-17ca-4edb-b2a6-775fef14ce3f,->,12acfc45-bdfb-4343-9004-9be15dfd844c,server/model/players/Client.java,getPA
12acfc45-bdfb-4343-9004-9be15dfd844c,5419d182-c704-4099-be43-be6d27b13974,387b6a5e-17ca-4edb-b2a6-775fef14ce3f,->,12acfc45-bdfb-4343-9004-9be15dfd844c,991eb2a8-284a-4290-ae08-f54cf8834706,609517a1-3a8b-4bd9-8623-3cae47c33a17
12acfc45-bdfb-4343-9004-9be15dfd844c,5419d182-c704-4099-be43-be6d27b13974,387b6a5e-17ca-4edb-b2a6-775fef14ce3f,->,12acfc45-bdfb-4343-9004-9be15dfd844c,server/model/players/Client.java,getPA
12acfc45-bdfb-4343-9004-9be15dfd844c,5419d182-c704-4099-be43-be6d27b13974,387b6a5e-17ca-4edb-b2a6-775fef14ce3f,->,12acfc45-bdfb-4343-9004-9be15dfd844c,991eb2a8-284a-4290-ae08-f54cf8834706,f0d2a9b7-c021-48bc-8328-16e52b63b1d9
12acfc45-bdfb-4343-9004-9be15dfd844c,5419d182-c704-4099-be43-be6d27b13974,387b6a5e-17ca-4edb-b2a6-775fef14ce3f,->,12acfc45-bdfb-4343-9004-9be15dfd844c,server/model/players/Client.java,getPA
12acfc45-bdfb-4343-9004-9be15dfd844c,5419d182-c704-4099-be43-be6d27b13974,387b6a5e-17ca-4edb-b2a6-775fef14ce3f,->,12acfc45-bdfb-4343-9004-9be15dfd844c,991eb2a8-284a-4290-ae08-f54cf8834706,fbacd858-15ac-4dfb-b5c1-9851ae733165
12acfc45-bdfb-4343-9004-9be15dfd844c,5419d182-c704-4099-be43-be6d27b13974,9623851a-24b5-4031-962a-805ba642a4d3,->,12acfc45-bdfb-4343-9004-9be15dfd844c,server/model/players/Client.java,getPA
12acfc45-bdfb-4343-9004-9be15dfd844c,5419d182-c704-4099-be43-be6d27b13974,9623851a-24b5-4031-962a-805ba642a4d3,->,12acfc45-bdfb-4343-9004-9be15dfd844c,991eb2a8-284a-4290-ae08-f54cf8834706,998784d8-72e3-42dc-8171-ff6047769424
12acfc45-bdfb-4343-9004-9be15dfd844c,5419d182-c704-4099-be43-be6d27b13974,9623851a-24b5-4031-962a-805ba642a4d3,->,12acfc45-bdfb-4343-9004-9be15dfd844c,server/model/players/Client.java,getPA
12acfc45-bdfb-4343-9004-9be15dfd844c,5419d182-c704-4099-be43-be6d27b13974,9623851a-24b5-4031-962a-805ba642a4d3,->,12acfc45-bdfb-4343-9004-9be15dfd844c,991eb2a8-284a-4290-ae08-f54cf8834706,609517a1-3a8b-4bd9-8623-3cae47c33a17
12acfc45-bdfb-4343-9004-9be15dfd844c,5419d182-c704-4099-be43-be6d27b13974,9623851a-24b5-4031-962a-805ba642a4d3,->,12acfc45-bdfb-4343-9004-9be15dfd844c,server/model/players/Client.java,getPA
12acfc45-bdfb-4343-9004-9be15dfd844c,5419d182-c704-4099-be43-be6d27b13974,9623851a-24b5-4031-962a-805ba642a4d3,->,12acfc45-bdfb-4343-9004-9be15dfd844c,991eb2a8-284a-4290-ae08-f54cf8834706,609517a1-3a8b-4bd9-8623-3cae47c33a17
12acfc45-bdfb-4343-9004-9be15dfd844c,5419d182-c704-4099-be43-be6d27b13974,9623851a-24b5-4031-962a-805ba642a4d3,->,12acfc45-bdfb-4343-9004-9be15dfd844c,server/model/players/Client.java,getPA
12acfc45-bdfb-4343-9004-9be15dfd844c,5419d182-c704-4099-be43-be6d27b13974,9623851a-24b5-4031-962a-805ba642a4d3,->,12acfc45-bdfb-4343-9004-9be15dfd844c,991eb2a8-284a-4290-ae08-f54cf8834706,609517a1-3a8b-4bd9-8623-3cae47c33a17
12acfc45-bdfb-4343-9004-9be15dfd844c,5419d182-c704-4099-be43-be6d27b13974,9623851a-24b5-4031-962a-805ba642a4d3,->,12acfc45-bdfb-4343-9004-9be15dfd844c,server/model/players/Client.java,getPA
12acfc45-bdfb-4343-9004-9be15dfd844c,5419d182-c704-4099-be43-be6d27b13974,9623851a-24b5-4031-962a-805ba642a4d3,->,12acfc45-bdfb-4343-9004-9be15dfd844c,991eb2a8-284a-4290-ae08-f54cf8834706,f0d2a9b7-c021-48bc-8328-16e52b63b1d9
12acfc45-bdfb-4343-9004-9be15dfd844c,5419d182-c704-4099-be43-be6d27b13974,9623851a-24b5-4031-962a-805ba642a4d3,->,12acfc45-bdfb-4343-9004-9be15dfd844c,server/model/players/Client.java,getPA
12acfc45-bdfb-4343-9004-9be15dfd844c,5419d182-c704-4099-be43-be6d27b13974,9623851a-24b5-4031-962a-805ba642a4d3,->,12acfc45-bdfb-4343-9004-9be15dfd844c,991eb2a8-284a-4290-ae08-f54cf8834706,fbacd858-15ac-4dfb-b5c1-9851ae733165
12acfc45-bdfb-4343-9004-9be15dfd844c,5419d182-c704-4099-be43-be6d27b13974,1dbe5477-8d99-422e-9322-44f9eca89105,->,12acfc45-bdfb-4343-9004-9be15dfd844c,server/model/players/Client.java,getPA
12acfc45-bdfb-4343-9004-9be15dfd844c,5419d182-c704-4099-be43-be6d27b13974,1dbe5477-8d99-422e-9322-44f9eca89105,->,12acfc45-bdfb-4343-9004-9be15dfd844c,991eb2a8-284a-4290-ae08-f54cf8834706,998784d8-72e3-42dc-8171-ff6047769424
12acfc45-bdfb-4343-9004-9be15dfd844c,5419d182-c704-4099-be43-be6d27b13974,1dbe5477-8d99-422e-9322-44f9eca89105,->,12acfc45-bdfb-4343-9004-9be15dfd844c,server/model/players/Client.java,getPA
12acfc45-bdfb-4343-9004-9be15dfd844c,5419d182-c704-4099-be43-be6d27b13974,1dbe5477-8d99-422e-9322-44f9eca89105,->,12acfc45-bdfb-4343-9004-9be15dfd844c,991eb2a8-284a-4290-ae08-f54cf8834706,609517a1-3a8b-4bd9-8623-3cae47c33a17
12acfc45-bdfb-4343-9004-9be15dfd844c,5419d182-c704-4099-be43-be6d27b13974,1dbe5477-8d99-422e-9322-44f9eca89105,->,12acfc45-bdfb-4343-9004-9be15dfd844c,server/model/players/Client.java,getPA
12acfc45-bdfb-4343-9004-9be15dfd844c,5419d182-c704-4099-be43-be6d27b13974,1dbe5477-8d99-422e-9322-44f9eca89105,->,12acfc45-bdfb-4343-9004-9be15dfd844c,991eb2a8-284a-4290-ae08-f54cf8834706,609517a1-3a8b-4bd9-8623-3cae47c33a17
12acfc45-bdfb-4343-9004-9be15dfd844c,5419d182-c704-4099-be43-be6d27b13974,1dbe5477-8d99-422e-9322-44f9eca89105,->,12acfc45-bdfb-4343-9004-9be15dfd844c,server/model/players/Client.java,getPA
12acfc45-bdfb-4343-9004-9be15dfd844c,5419d182-c704-4099-be43-be6d27b13974,1dbe5477-8d99-422e-9322-44f9eca89105,->,12acfc45-bdfb-4343-9004-9be15dfd844c,991eb2a8-284a-4290-ae08-f54cf8834706,609517a1-3a8b-4bd9-8623-3cae47c33a17
12acfc45-bdfb-4343-9004-9be15dfd844c,5419d182-c704-4099-be43-be6d27b13974,1dbe5477-8d99-422e-9322-44f9eca89105,->,12acfc45-bdfb-4343-9004-9be15dfd844c,server/model/players/Client.java,getPA
12acfc45-bdfb-4343-9004-9be15dfd844c,5419d182-c704-4099-be43-be6d27b13974,1dbe5477-8d99-422e-9322-44f9eca89105,->,12acfc45-bdfb-4343-9004-9be15dfd844c,991eb2a8-284a-4290-ae08-f54cf8834706,609517a1-3a8b-4bd9-8623-3cae47c33a17
12acfc45-bdfb-4343-9004-9be15dfd844c,5419d182-c704-4099-be43-be6d27b13974,1dbe5477-8d99-422e-9322-44f9eca89105,->,12acfc45-bdfb-4343-9004-9be15dfd844c,server/model/players/Client.java,getPA
12acfc45-bdfb-4343-9004-9be15dfd844c,5419d182-c704-4099-be43-be6d27b13974,1dbe5477-8d99-422e-9322-44f9eca89105,->,12acfc45-bdfb-4343-9004-9be15dfd844c,991eb2a8-284a-4290-ae08-f54cf8834706,f0d2a9b7-c021-48bc-8328-16e52b63b1d9
12acfc45-bdfb-4343-9004-9be15dfd844c,5419d182-c704-4099-be43-be6d27b13974,1dbe5477-8d99-422e-9322-44f9eca89105,->,12acfc45-bdfb-4343-9004-9be15dfd844c,server/model/players/Client.java,getPA
12acfc45-bdfb-4343-9004-9be15dfd844c,5419d182-c704-4099-be43-be6d27b13974,1dbe5477-8d99-422e-9322-44f9eca89105,->,12acfc45-bdfb-4343-9004-9be15dfd844c,991eb2a8-284a-4290-ae08-f54cf8834706,fbacd858-15ac-4dfb-b5c1-9851ae733165
12acfc45-bdfb-4343-9004-9be15dfd844c,5419d182-c704-4099-be43-be6d27b13974,7b866b90-d789-40bd-b6e3-209c3c33154a,->,12acfc45-bdfb-4343-9004-9be15dfd844c,server/model/players/Client.java,getPA
12acfc45-bdfb-4343-9004-9be15dfd844c,5419d182-c704-4099-be43-be6d27b13974,7b866b90-d789-40bd-b6e3-209c3c33154a,->,12acfc45-bdfb-4343-9004-9be15dfd844c,991eb2a8-284a-4290-ae08-f54cf8834706,998784d8-72e3-42dc-8171-ff6047769424
12acfc45-bdfb-4343-9004-9be15dfd844c,5419d182-c704-4099-be43-be6d27b13974,7b866b90-d789-40bd-b6e3-209c3c33154a,->,12acfc45-bdfb-4343-9004-9be15dfd844c,server/model/players/Client.java,getPA
12acfc45-bdfb-4343-9004-9be15dfd844c,5419d182-c704-4099-be43-be6d27b13974,7b866b90-d789-40bd-b6e3-209c3c33154a,->,12acfc45-bdfb-4343-9004-9be15dfd844c,991eb2a8-284a-4290-ae08-f54cf8834706,609517a1-3a8b-4bd9-8623-3cae47c33a17
12acfc45-bdfb-4343-9004-9be15dfd844c,5419d182-c704-4099-be43-be6d27b13974,7b866b90-d789-40bd-b6e3-209c3c33154a,->,12acfc45-bdfb-4343-9004-9be15dfd844c,server/model/players/Client.java,getPA
12acfc45-bdfb-4343-9004-9be15dfd844c,5419d182-c704-4099-be43-be6d27b13974,7b866b90-d789-40bd-b6e3-209c3c33154a,->,12acfc45-bdfb-4343-9004-9be15dfd844c,991eb2a8-284a-4290-ae08-f54cf8834706,609517a1-3a8b-4bd9-8623-3cae47c33a17
12acfc45-bdfb-4343-9004-9be15dfd844c,5419d182-c704-4099-be43-be6d27b13974,7b866b90-d789-40bd-b6e3-209c3c33154a,->,12acfc45-bdfb-4343-9004-9be15dfd844c,server/model/players/Client.java,getPA
12acfc45-bdfb-4343-9004-9be15dfd844c,5419d182-c704-4099-be43-be6d27b13974,7b866b90-d789-40bd-b6e3-209c3c33154a,->,12acfc45-bdfb-4343-9004-9be15dfd844c,991eb2a8-284a-4290-ae08-f54cf8834706,609517a1-3a8b-4bd9-8623-3cae47c33a17
12acfc45-bdfb-4343-9004-9be15dfd844c,5419d182-c704-4099-be43-be6d27b13974,7b866b90-d789-40bd-b6e3-209c3c33154a,->,12acfc45-bdfb-4343-9004-9be15dfd844c,server/model/players/Client.java,getPA
12acfc45-bdfb-4343-9004-9be15dfd844c,5419d182-c704-4099-be43-be6d27b13974,7b866b90-d789-40bd-b6e3-209c3c33154a,->,12acfc45-bdfb-4343-9004-9be15dfd844c,991eb2a8-284a-4290-ae08-f54cf8834706,609517a1-3a8b-4bd9-8623-3cae47c33a17
12acfc45-bdfb-4343-9004-9be15dfd844c,5419d182-c704-4099-be43-be6d27b13974,7b866b90-d789-40bd-b6e3-209c3c33154a,->,12acfc45-bdfb-4343-9004-9be15dfd844c,server/model/players/Client.java,getPA
12acfc45-bdfb-4343-9004-9be15dfd844c,5419d182-c704-4099-be43-be6d27b13974,7b866b90-d789-40bd-b6e3-209c3c33154a,->,12acfc45-bdfb-4343-9004-9be15dfd844c,991eb2a8-284a-4290-ae08-f54cf8834706,609517a1-3a8b-4bd9-8623-3cae47c33a17
12acfc45-bdfb-4343-9004-9be15dfd844c,5419d182-c704-4099-be43-be6d27b13974,7b866b90-d789-40bd-b6e3-209c3c33154a,->,12acfc45-bdfb-4343-9004-9be15dfd844c,server/model/players/Client.java,getPA
12acfc45-bdfb-4343-9004-9be15dfd844c,5419d182-c704-4099-be43-be6d27b13974,7b866b90-d789-40bd-b6e3-209c3c33154a,->,12acfc45-bdfb-4343-9004-9be15dfd844c,991eb2a8-284a-4290-ae08-f54cf8834706,f0d2a9b7-c021-48bc-8328-16e52b63b1d9
12acfc45-bdfb-4343-9004-9be15dfd844c,5419d182-c704-4099-be43-be6d27b13974,7b866b90-d789-40bd-b6e3-209c3c33154a,->,12acfc45-bdfb-4343-9004-9be15dfd844c,server/model/players/Client.java,getPA
12acfc45-bdfb-4343-9004-9be15dfd844c,5419d182-c704-4099-be43-be6d27b13974,7b866b90-d789-40bd-b6e3-209c3c33154a,->,12acfc45-bdfb-4343-9004-9be15dfd844c,991eb2a8-284a-4290-ae08-f54cf8834706,fbacd858-15ac-4dfb-b5c1-9851ae733165
12acfc45-bdfb-4343-9004-9be15dfd844c,5419d182-c704-4099-be43-be6d27b13974,3cf6f402-c4d3-4a62-9d7c-a35f2b56d90f,->,12acfc45-bdfb-4343-9004-9be15dfd844c,server/model/players/Client.java,getPA
12acfc45-bdfb-4343-9004-9be15dfd844c,5419d182-c704-4099-be43-be6d27b13974,3cf6f402-c4d3-4a62-9d7c-a35f2b56d90f,->,12acfc45-bdfb-4343-9004-9be15dfd844c,991eb2a8-284a-4290-ae08-f54cf8834706,998784d8-72e3-42dc-8171-ff6047769424
12acfc45-bdfb-4343-9004-9be15dfd844c,5419d182-c704-4099-be43-be6d27b13974,3cf6f402-c4d3-4a62-9d7c-a35f2b56d90f,->,12acfc45-bdfb-4343-9004-9be15dfd844c,server/model/players/Client.java,getPA
12acfc45-bdfb-4343-9004-9be15dfd844c,5419d182-c704-4099-be43-be6d27b13974,3cf6f402-c4d3-4a62-9d7c-a35f2b56d90f,->,12acfc45-bdfb-4343-9004-9be15dfd844c,991eb2a8-284a-4290-ae08-f54cf8834706,609517a1-3a8b-4bd9-8623-3cae47c33a17
12acfc45-bdfb-4343-9004-9be15dfd844c,5419d182-c704-4099-be43-be6d27b13974,3cf6f402-c4d3-4a62-9d7c-a35f2b56d90f,->,12acfc45-bdfb-4343-9004-9be15dfd844c,server/model/players/Client.java,getPA
12acfc45-bdfb-4343-9004-9be15dfd844c,5419d182-c704-4099-be43-be6d27b13974,3cf6f402-c4d3-4a62-9d7c-a35f2b56d90f,->,12acfc45-bdfb-4343-9004-9be15dfd844c,991eb2a8-284a-4290-ae08-f54cf8834706,609517a1-3a8b-4bd9-8623-3cae47c33a17
12acfc45-bdfb-4343-9004-9be15dfd844c,5419d182-c704-4099-be43-be6d27b13974,3cf6f402-c4d3-4a62-9d7c-a35f2b56d90f,->,12acfc45-bdfb-4343-9004-9be15dfd844c,server/model/players/Client.java,getPA
12acfc45-bdfb-4343-9004-9be15dfd844c,5419d182-c704-4099-be43-be6d27b13974,3cf6f402-c4d3-4a62-9d7c-a35f2b56d90f,->,12acfc45-bdfb-4343-9004-9be15dfd844c,991eb2a8-284a-4290-ae08-f54cf8834706,1b48eaa1-ffda-468c-8979-269d577f9efe
12acfc45-bdfb-4343-9004-9be15dfd844c,5419d182-c704-4099-be43-be6d27b13974,3cf6f402-c4d3-4a62-9d7c-a35f2b56d90f,->,12acfc45-bdfb-4343-9004-9be15dfd844c,server/model/players/Client.java,getPA
12acfc45-bdfb-4343-9004-9be15dfd844c,5419d182-c704-4099-be43-be6d27b13974,3cf6f402-c4d3-4a62-9d7c-a35f2b56d90f,->,12acfc45-bdfb-4343-9004-9be15dfd844c,991eb2a8-284a-4290-ae08-f54cf8834706,fbacd858-15ac-4dfb-b5c1-9851ae733165
12acfc45-bdfb-4343-9004-9be15dfd844c,5419d182-c704-4099-be43-be6d27b13974,04a44c7c-7345-4fa3-988b-2e3d0e8d7124,->,12acfc45-bdfb-4343-9004-9be15dfd844c,server/model/players/Client.java,getPA
12acfc45-bdfb-4343-9004-9be15dfd844c,5419d182-c704-4099-be43-be6d27b13974,04a44c7c-7345-4fa3-988b-2e3d0e8d7124,->,12acfc45-bdfb-4343-9004-9be15dfd844c,991eb2a8-284a-4290-ae08-f54cf8834706,998784d8-72e3-42dc-8171-ff6047769424
12acfc45-bdfb-4343-9004-9be15dfd844c,5419d182-c704-4099-be43-be6d27b13974,04a44c7c-7345-4fa3-988b-2e3d0e8d7124,->,12acfc45-bdfb-4343-9004-9be15dfd844c,server/model/players/Client.java,getPA
12acfc45-bdfb-4343-9004-9be15dfd844c,5419d182-c704-4099-be43-be6d27b13974,04a44c7c-7345-4fa3-988b-2e3d0e8d7124,->,12acfc45-bdfb-4343-9004-9be15dfd844c,991eb2a8-284a-4290-ae08-f54cf8834706,609517a1-3a8b-4bd9-8623-3cae47c33a17
12acfc45-bdfb-4343-9004-9be15dfd844c,5419d182-c704-4099-be43-be6d27b13974,04a44c7c-7345-4fa3-988b-2e3d0e8d7124,->,12acfc45-bdfb-4343-9004-9be15dfd844c,server/model/players/Client.java,getPA
12acfc45-bdfb-4343-9004-9be15dfd844c,5419d182-c704-4099-be43-be6d27b13974,04a44c7c-7345-4fa3-988b-2e3d0e8d7124,->,12acfc45-bdfb-4343-9004-9be15dfd844c,991eb2a8-284a-4290-ae08-f54cf8834706,609517a1-3a8b-4bd9-8623-3cae47c33a17
12acfc45-bdfb-4343-9004-9be15dfd844c,5419d182-c704-4099-be43-be6d27b13974,04a44c7c-7345-4fa3-988b-2e3d0e8d7124,->,12acfc45-bdfb-4343-9004-9be15dfd844c,server/model/players/Client.java,getPA
12acfc45-bdfb-4343-9004-9be15dfd844c,5419d182-c704-4099-be43-be6d27b13974,04a44c7c-7345-4fa3-988b-2e3d0e8d7124,->,12acfc45-bdfb-4343-9004-9be15dfd844c,991eb2a8-284a-4290-ae08-f54cf8834706,609517a1-3a8b-4bd9-8623-3cae47c33a17
12acfc45-bdfb-4343-9004-9be15dfd844c,5419d182-c704-4099-be43-be6d27b13974,04a44c7c-7345-4fa3-988b-2e3d0e8d7124,->,12acfc45-bdfb-4343-9004-9be15dfd844c,server/model/players/Client.java,getPA
12acfc45-bdfb-4343-9004-9be15dfd844c,5419d182-c704-4099-be43-be6d27b13974,04a44c7c-7345-4fa3-988b-2e3d0e8d7124,->,12acfc45-bdfb-4343-9004-9be15dfd844c,991eb2a8-284a-4290-ae08-f54cf8834706,1b48eaa1-ffda-468c-8979-269d577f9efe
12acfc45-bdfb-4343-9004-9be15dfd844c,5419d182-c704-4099-be43-be6d27b13974,04a44c7c-7345-4fa3-988b-2e3d0e8d7124,->,12acfc45-bdfb-4343-9004-9be15dfd844c,server/model/players/Client.java,getPA
12acfc45-bdfb-4343-9004-9be15dfd844c,5419d182-c704-4099-be43-be6d27b13974,04a44c7c-7345-4fa3-988b-2e3d0e8d7124,->,12acfc45-bdfb-4343-9004-9be15dfd844c,991eb2a8-284a-4290-ae08-f54cf8834706,fbacd858-15ac-4dfb-b5c1-9851ae733165
12acfc45-bdfb-4343-9004-9be15dfd844c,5419d182-c704-4099-be43-be6d27b13974,f8791467-6e9b-4a99-b957-160cbc28ba04,->,12acfc45-bdfb-4343-9004-9be15dfd844c,server/model/players/Client.java,getPA
12acfc45-bdfb-4343-9004-9be15dfd844c,5419d182-c704-4099-be43-be6d27b13974,f8791467-6e9b-4a99-b957-160cbc28ba04,->,12acfc45-bdfb-4343-9004-9be15dfd844c,991eb2a8-284a-4290-ae08-f54cf8834706,998784d8-72e3-42dc-8171-ff6047769424
12acfc45-bdfb-4343-9004-9be15dfd844c,5419d182-c704-4099-be43-be6d27b13974,f8791467-6e9b-4a99-b957-160cbc28ba04,->,12acfc45-bdfb-4343-9004-9be15dfd844c,server/model/players/Client.java,getPA
12acfc45-bdfb-4343-9004-9be15dfd844c,5419d182-c704-4099-be43-be6d27b13974,f8791467-6e9b-4a99-b957-160cbc28ba04,->,12acfc45-bdfb-4343-9004-9be15dfd844c,991eb2a8-284a-4290-ae08-f54cf8834706,609517a1-3a8b-4bd9-8623-3cae47c33a17
12acfc45-bdfb-4343-9004-9be15dfd844c,5419d182-c704-4099-be43-be6d27b13974,f8791467-6e9b-4a99-b957-160cbc28ba04,->,12acfc45-bdfb-4343-9004-9be15dfd844c,server/model/players/Client.java,getPA
12acfc45-bdfb-4343-9004-9be15dfd844c,5419d182-c704-4099-be43-be6d27b13974,f8791467-6e9b-4a99-b957-160cbc28ba04,->,12acfc45-bdfb-4343-9004-9be15dfd844c,991eb2a8-284a-4290-ae08-f54cf8834706,609517a1-3a8b-4bd9-8623-3cae47c33a17
12acfc45-bdfb-4343-9004-9be15dfd844c,5419d182-c704-4099-be43-be6d27b13974,f8791467-6e9b-4a99-b957-160cbc28ba04,->,12acfc45-bdfb-4343-9004-9be15dfd844c,server/model/players/Client.java,getPA
12acfc45-bdfb-4343-9004-9be15dfd844c,5419d182-c704-4099-be43-be6d27b13974,f8791467-6e9b-4a99-b957-160cbc28ba04,->,12acfc45-bdfb-4343-9004-9be15dfd844c,991eb2a8-284a-4290-ae08-f54cf8834706,609517a1-3a8b-4bd9-8623-3cae47c33a17
12acfc45-bdfb-4343-9004-9be15dfd844c,5419d182-c704-4099-be43-be6d27b13974,f8791467-6e9b-4a99-b957-160cbc28ba04,->,12acfc45-bdfb-4343-9004-9be15dfd844c,server/model/players/Client.java,getPA
12acfc45-bdfb-4343-9004-9be15dfd844c,5419d182-c704-4099-be43-be6d27b13974,f8791467-6e9b-4a99-b957-160cbc28ba04,->,12acfc45-bdfb-4343-9004-9be15dfd844c,991eb2a8-284a-4290-ae08-f54cf8834706,609517a1-3a8b-4bd9-8623-3cae47c33a17
12acfc45-bdfb-4343-9004-9be15dfd844c,5419d182-c704-4099-be43-be6d27b13974,f8791467-6e9b-4a99-b957-160cbc28ba04,->,12acfc45-bdfb-4343-9004-9be15dfd844c,server/model/players/Client.java,getPA
12acfc45-bdfb-4343-9004-9be15dfd844c,5419d182-c704-4099-be43-be6d27b13974,f8791467-6e9b-4a99-b957-160cbc28ba04,->,12acfc45-bdfb-4343-9004-9be15dfd844c,991eb2a8-284a-4290-ae08-f54cf8834706,1b48eaa1-ffda-468c-8979-269d577f9efe
12acfc45-bdfb-4343-9004-9be15dfd844c,5419d182-c704-4099-be43-be6d27b13974,f8791467-6e9b-4a99-b957-160cbc28ba04,->,12acfc45-bdfb-4343-9004-9be15dfd844c,server/model/players/Client.java,getPA
12acfc45-bdfb-4343-9004-9be15dfd844c,5419d182-c704-4099-be43-be6d27b13974,f8791467-6e9b-4a99-b957-160cbc28ba04,->,12acfc45-bdfb-4343-9004-9be15dfd844c,991eb2a8-284a-4290-ae08-f54cf8834706,fbacd858-15ac-4dfb-b5c1-9851ae733165
12acfc45-bdfb-4343-9004-9be15dfd844c,5419d182-c704-4099-be43-be6d27b13974,e80cd5ca-bea1-4c28-b339-d37f15c4e53d,->,12acfc45-bdfb-4343-9004-9be15dfd844c,server/model/players/Client.java,getPA
12acfc45-bdfb-4343-9004-9be15dfd844c,5419d182-c704-4099-be43-be6d27b13974,e80cd5ca-bea1-4c28-b339-d37f15c4e53d,->,12acfc45-bdfb-4343-9004-9be15dfd844c,991eb2a8-284a-4290-ae08-f54cf8834706,998784d8-72e3-42dc-8171-ff6047769424
12acfc45-bdfb-4343-9004-9be15dfd844c,5419d182-c704-4099-be43-be6d27b13974,e80cd5ca-bea1-4c28-b339-d37f15c4e53d,->,12acfc45-bdfb-4343-9004-9be15dfd844c,server/model/players/Client.java,getPA
12acfc45-bdfb-4343-9004-9be15dfd844c,5419d182-c704-4099-be43-be6d27b13974,e80cd5ca-bea1-4c28-b339-d37f15c4e53d,->,12acfc45-bdfb-4343-9004-9be15dfd844c,991eb2a8-284a-4290-ae08-f54cf8834706,609517a1-3a8b-4bd9-8623-3cae47c33a17
12acfc45-bdfb-4343-9004-9be15dfd844c,5419d182-c704-4099-be43-be6d27b13974,e80cd5ca-bea1-4c28-b339-d37f15c4e53d,->,12acfc45-bdfb-4343-9004-9be15dfd844c,server/model/players/Client.java,getPA
12acfc45-bdfb-4343-9004-9be15dfd844c,5419d182-c704-4099-be43-be6d27b13974,e80cd5ca-bea1-4c28-b339-d37f15c4e53d,->,12acfc45-bdfb-4343-9004-9be15dfd844c,991eb2a8-284a-4290-ae08-f54cf8834706,609517a1-3a8b-4bd9-8623-3cae47c33a17
12acfc45-bdfb-4343-9004-9be15dfd844c,5419d182-c704-4099-be43-be6d27b13974,e80cd5ca-bea1-4c28-b339-d37f15c4e53d,->,12acfc45-bdfb-4343-9004-9be15dfd844c,server/model/players/Client.java,getPA
12acfc45-bdfb-4343-9004-9be15dfd844c,5419d182-c704-4099-be43-be6d27b13974,e80cd5ca-bea1-4c28-b339-d37f15c4e53d,->,12acfc45-bdfb-4343-9004-9be15dfd844c,991eb2a8-284a-4290-ae08-f54cf8834706,609517a1-3a8b-4bd9-8623-3cae47c33a17
12acfc45-bdfb-4343-9004-9be15dfd844c,5419d182-c704-4099-be43-be6d27b13974,e80cd5ca-bea1-4c28-b339-d37f15c4e53d,->,12acfc45-bdfb-4343-9004-9be15dfd844c,server/model/players/Client.java,getPA
12acfc45-bdfb-4343-9004-9be15dfd844c,5419d182-c704-4099-be43-be6d27b13974,e80cd5ca-bea1-4c28-b339-d37f15c4e53d,->,12acfc45-bdfb-4343-9004-9be15dfd844c,991eb2a8-284a-4290-ae08-f54cf8834706,609517a1-3a8b-4bd9-8623-3cae47c33a17
12acfc45-bdfb-4343-9004-9be15dfd844c,5419d182-c704-4099-be43-be6d27b13974,e80cd5ca-bea1-4c28-b339-d37f15c4e53d,->,12acfc45-bdfb-4343-9004-9be15dfd844c,server/model/players/Client.java,getPA
12acfc45-bdfb-4343-9004-9be15dfd844c,5419d182-c704-4099-be43-be6d27b13974,e80cd5ca-bea1-4c28-b339-d37f15c4e53d,->,12acfc45-bdfb-4343-9004-9be15dfd844c,991eb2a8-284a-4290-ae08-f54cf8834706,609517a1-3a8b-4bd9-8623-3cae47c33a17
12acfc45-bdfb-4343-9004-9be15dfd844c,5419d182-c704-4099-be43-be6d27b13974,e80cd5ca-bea1-4c28-b339-d37f15c4e53d,->,12acfc45-bdfb-4343-9004-9be15dfd844c,server/model/players/Client.java,getPA
12acfc45-bdfb-4343-9004-9be15dfd844c,5419d182-c704-4099-be43-be6d27b13974,e80cd5ca-bea1-4c28-b339-d37f15c4e53d,->,12acfc45-bdfb-4343-9004-9be15dfd844c,991eb2a8-284a-4290-ae08-f54cf8834706,1b48eaa1-ffda-468c-8979-269d577f9efe
12acfc45-bdfb-4343-9004-9be15dfd844c,5419d182-c704-4099-be43-be6d27b13974,e80cd5ca-bea1-4c28-b339-d37f15c4e53d,->,12acfc45-bdfb-4343-9004-9be15dfd844c,server/model/players/Client.java,getPA
12acfc45-bdfb-4343-9004-9be15dfd844c,5419d182-c704-4099-be43-be6d27b13974,e80cd5ca-bea1-4c28-b339-d37f15c4e53d,->,12acfc45-bdfb-4343-9004-9be15dfd844c,991eb2a8-284a-4290-ae08-f54cf8834706,fbacd858-15ac-4dfb-b5c1-9851ae733165
12acfc45-bdfb-4343-9004-9be15dfd844c,991eb2a8-284a-4290-ae08-f54cf8834706,6c080891-4f00-4f3f-95ef-829448952f4a,->,12acfc45-bdfb-4343-9004-9be15dfd844c,server/util/Stream.java,createFrame
12acfc45-bdfb-4343-9004-9be15dfd844c,991eb2a8-284a-4290-ae08-f54cf8834706,6c080891-4f00-4f3f-95ef-829448952f4a,->,12acfc45-bdfb-4343-9004-9be15dfd844c,server/util/Stream.java,writeByte
12acfc45-bdfb-4343-9004-9be15dfd844c,991eb2a8-284a-4290-ae08-f54cf8834706,6c080891-4f00-4f3f-95ef-829448952f4a,->,12acfc45-bdfb-4343-9004-9be15dfd844c,server/model/players/Client.java,setAppearanceUpdateRequired
12acfc45-bdfb-4343-9004-9be15dfd844c,991eb2a8-284a-4290-ae08-f54cf8834706,50f82a62-b865-470f-9d2a-50829daf5500,->,12acfc45-bdfb-4343-9004-9be15dfd844c,2c89cfe4-ed6d-446f-832b-3c203feb3155,cd5ba455-2af0-40dc-821c-405dff9a3574
12acfc45-bdfb-4343-9004-9be15dfd844c,991eb2a8-284a-4290-ae08-f54cf8834706,50f82a62-b865-470f-9d2a-50829daf5500,->,12acfc45-bdfb-4343-9004-9be15dfd844c,server/model/players/Client.java,sendClan
12acfc45-bdfb-4343-9004-9be15dfd844c,991eb2a8-284a-4290-ae08-f54cf8834706,5d93f329-6698-4ce5-a713-540cc582e345,->,12acfc45-bdfb-4343-9004-9be15dfd844c,server/model/players/Client.java,getDH
12acfc45-bdfb-4343-9004-9be15dfd844c,991eb2a8-284a-4290-ae08-f54cf8834706,5d93f329-6698-4ce5-a713-540cc582e345,->,12acfc45-bdfb-4343-9004-9be15dfd844c,5419d182-c704-4099-be43-be6d27b13974,d33c4b82-3e14-40b7-9586-90b59ae6d620
12acfc45-bdfb-4343-9004-9be15dfd844c,991eb2a8-284a-4290-ae08-f54cf8834706,45f85288-14ed-4372-a3d0-cb0612e1990e,->,12acfc45-bdfb-4343-9004-9be15dfd844c,server/model/players/Client.java,getItems
12acfc45-bdfb-4343-9004-9be15dfd844c,991eb2a8-284a-4290-ae08-f54cf8834706,45f85288-14ed-4372-a3d0-cb0612e1990e,->,12acfc45-bdfb-4343-9004-9be15dfd844c,server/model/items/ItemAssistant.java,playerHasItem
12acfc45-bdfb-4343-9004-9be15dfd844c,991eb2a8-284a-4290-ae08-f54cf8834706,45f85288-14ed-4372-a3d0-cb0612e1990e,->,12acfc45-bdfb-4343-9004-9be15dfd844c,server/model/players/Client.java,getItems
12acfc45-bdfb-4343-9004-9be15dfd844c,991eb2a8-284a-4290-ae08-f54cf8834706,45f85288-14ed-4372-a3d0-cb0612e1990e,->,12acfc45-bdfb-4343-9004-9be15dfd844c,server/model/items/ItemAssistant.java,deleteItem
12acfc45-bdfb-4343-9004-9be15dfd844c,991eb2a8-284a-4290-ae08-f54cf8834706,45f85288-14ed-4372-a3d0-cb0612e1990e,->,12acfc45-bdfb-4343-9004-9be15dfd844c,server/model/players/Client.java,getItems
12acfc45-bdfb-4343-9004-9be15dfd844c,991eb2a8-284a-4290-ae08-f54cf8834706,45f85288-14ed-4372-a3d0-cb0612e1990e,->,12acfc45-bdfb-4343-9004-9be15dfd844c,server/model/items/ItemAssistant.java,addItem
12acfc45-bdfb-4343-9004-9be15dfd844c,991eb2a8-284a-4290-ae08-f54cf8834706,45f85288-14ed-4372-a3d0-cb0612e1990e,->,12acfc45-bdfb-4343-9004-9be15dfd844c,server/model/players/Client.java,getItems
12acfc45-bdfb-4343-9004-9be15dfd844c,991eb2a8-284a-4290-ae08-f54cf8834706,45f85288-14ed-4372-a3d0-cb0612e1990e,->,12acfc45-bdfb-4343-9004-9be15dfd844c,server/model/items/ItemAssistant.java,playerHasItem
12acfc45-bdfb-4343-9004-9be15dfd844c,991eb2a8-284a-4290-ae08-f54cf8834706,45f85288-14ed-4372-a3d0-cb0612e1990e,->,12acfc45-bdfb-4343-9004-9be15dfd844c,server/model/players/Client.java,getItems
12acfc45-bdfb-4343-9004-9be15dfd844c,991eb2a8-284a-4290-ae08-f54cf8834706,45f85288-14ed-4372-a3d0-cb0612e1990e,->,12acfc45-bdfb-4343-9004-9be15dfd844c,server/model/items/ItemAssistant.java,deleteItem
12acfc45-bdfb-4343-9004-9be15dfd844c,991eb2a8-284a-4290-ae08-f54cf8834706,45f85288-14ed-4372-a3d0-cb0612e1990e,->,12acfc45-bdfb-4343-9004-9be15dfd844c,server/model/players/Client.java,getItems
12acfc45-bdfb-4343-9004-9be15dfd844c,991eb2a8-284a-4290-ae08-f54cf8834706,45f85288-14ed-4372-a3d0-cb0612e1990e,->,12acfc45-bdfb-4343-9004-9be15dfd844c,server/model/items/ItemAssistant.java,addItem
12acfc45-bdfb-4343-9004-9be15dfd844c,991eb2a8-284a-4290-ae08-f54cf8834706,45f85288-14ed-4372-a3d0-cb0612e1990e,->,12acfc45-bdfb-4343-9004-9be15dfd844c,server/model/players/Client.java,getItems
12acfc45-bdfb-4343-9004-9be15dfd844c,991eb2a8-284a-4290-ae08-f54cf8834706,45f85288-14ed-4372-a3d0-cb0612e1990e,->,12acfc45-bdfb-4343-9004-9be15dfd844c,server/model/items/ItemAssistant.java,playerHasItem
12acfc45-bdfb-4343-9004-9be15dfd844c,991eb2a8-284a-4290-ae08-f54cf8834706,45f85288-14ed-4372-a3d0-cb0612e1990e,->,12acfc45-bdfb-4343-9004-9be15dfd844c,server/model/players/Client.java,getItems
12acfc45-bdfb-4343-9004-9be15dfd844c,991eb2a8-284a-4290-ae08-f54cf8834706,45f85288-14ed-4372-a3d0-cb0612e1990e,->,12acfc45-bdfb-4343-9004-9be15dfd844c,server/model/items/ItemAssistant.java,deleteItem
12acfc45-bdfb-4343-9004-9be15dfd844c,991eb2a8-284a-4290-ae08-f54cf8834706,45f85288-14ed-4372-a3d0-cb0612e1990e,->,12acfc45-bdfb-4343-9004-9be15dfd844c,server/model/players/Client.java,getItems
12acfc45-bdfb-4343-9004-9be15dfd844c,991eb2a8-284a-4290-ae08-f54cf8834706,45f85288-14ed-4372-a3d0-cb0612e1990e,->,12acfc45-bdfb-4343-9004-9be15dfd844c,server/model/items/ItemAssistant.java,addItem
12acfc45-bdfb-4343-9004-9be15dfd844c,991eb2a8-284a-4290-ae08-f54cf8834706,45f85288-14ed-4372-a3d0-cb0612e1990e,->,12acfc45-bdfb-4343-9004-9be15dfd844c,server/model/players/Client.java,getItems
12acfc45-bdfb-4343-9004-9be15dfd844c,991eb2a8-284a-4290-ae08-f54cf8834706,45f85288-14ed-4372-a3d0-cb0612e1990e,->,12acfc45-bdfb-4343-9004-9be15dfd844c,server/model/items/ItemAssistant.java,playerHasItem
12acfc45-bdfb-4343-9004-9be15dfd844c,991eb2a8-284a-4290-ae08-f54cf8834706,45f85288-14ed-4372-a3d0-cb0612e1990e,->,12acfc45-bdfb-4343-9004-9be15dfd844c,server/model/players/Client.java,getItems
12acfc45-bdfb-4343-9004-9be15dfd844c,991eb2a8-284a-4290-ae08-f54cf8834706,45f85288-14ed-4372-a3d0-cb0612e1990e,->,12acfc45-bdfb-4343-9004-9be15dfd844c,server/model/items/ItemAssistant.java,deleteItem
12acfc45-bdfb-4343-9004-9be15dfd844c,991eb2a8-284a-4290-ae08-f54cf8834706,45f85288-14ed-4372-a3d0-cb0612e1990e,->,12acfc45-bdfb-4343-9004-9be15dfd844c,server/model/players/Client.java,getItems
12acfc45-bdfb-4343-9004-9be15dfd844c,991eb2a8-284a-4290-ae08-f54cf8834706,45f85288-14ed-4372-a3d0-cb0612e1990e,->,12acfc45-bdfb-4343-9004-9be15dfd844c,server/model/items/ItemAssistant.java,addItem
12acfc45-bdfb-4343-9004-9be15dfd844c,991eb2a8-284a-4290-ae08-f54cf8834706,45f85288-14ed-4372-a3d0-cb0612e1990e,->,12acfc45-bdfb-4343-9004-9be15dfd844c,server/model/players/Client.java,getItems
12acfc45-bdfb-4343-9004-9be15dfd844c,991eb2a8-284a-4290-ae08-f54cf8834706,45f85288-14ed-4372-a3d0-cb0612e1990e,->,12acfc45-bdfb-4343-9004-9be15dfd844c,server/model/items/ItemAssistant.java,playerHasItem
12acfc45-bdfb-4343-9004-9be15dfd844c,991eb2a8-284a-4290-ae08-f54cf8834706,45f85288-14ed-4372-a3d0-cb0612e1990e,->,12acfc45-bdfb-4343-9004-9be15dfd844c,server/model/players/Client.java,getItems
12acfc45-bdfb-4343-9004-9be15dfd844c,991eb2a8-284a-4290-ae08-f54cf8834706,45f85288-14ed-4372-a3d0-cb0612e1990e,->,12acfc45-bdfb-4343-9004-9be15dfd844c,server/model/items/ItemAssistant.java,deleteItem
12acfc45-bdfb-4343-9004-9be15dfd844c,991eb2a8-284a-4290-ae08-f54cf8834706,45f85288-14ed-4372-a3d0-cb0612e1990e,->,12acfc45-bdfb-4343-9004-9be15dfd844c,server/model/players/Client.java,getItems
12acfc45-bdfb-4343-9004-9be15dfd844c,991eb2a8-284a-4290-ae08-f54cf8834706,45f85288-14ed-4372-a3d0-cb0612e1990e,->,12acfc45-bdfb-4343-9004-9be15dfd844c,server/model/items/ItemAssistant.java,addItem
12acfc45-bdfb-4343-9004-9be15dfd844c,991eb2a8-284a-4290-ae08-f54cf8834706,45f85288-14ed-4372-a3d0-cb0612e1990e,->,12acfc45-bdfb-4343-9004-9be15dfd844c,server/model/players/Client.java,getItems
12acfc45-bdfb-4343-9004-9be15dfd844c,991eb2a8-284a-4290-ae08-f54cf8834706,45f85288-14ed-4372-a3d0-cb0612e1990e,->,12acfc45-bdfb-4343-9004-9be15dfd844c,server/model/items/ItemAssistant.java,playerHasItem
12acfc45-bdfb-4343-9004-9be15dfd844c,991eb2a8-284a-4290-ae08-f54cf8834706,45f85288-14ed-4372-a3d0-cb0612e1990e,->,12acfc45-bdfb-4343-9004-9be15dfd844c,server/model/players/Client.java,getItems
12acfc45-bdfb-4343-9004-9be15dfd844c,991eb2a8-284a-4290-ae08-f54cf8834706,45f85288-14ed-4372-a3d0-cb0612e1990e,->,12acfc45-bdfb-4343-9004-9be15dfd844c,server/model/items/ItemAssistant.java,deleteItem
12acfc45-bdfb-4343-9004-9be15dfd844c,991eb2a8-284a-4290-ae08-f54cf8834706,45f85288-14ed-4372-a3d0-cb0612e1990e,->,12acfc45-bdfb-4343-9004-9be15dfd844c,server/model/players/Client.java,getItems
12acfc45-bdfb-4343-9004-9be15dfd844c,991eb2a8-284a-4290-ae08-f54cf8834706,45f85288-14ed-4372-a3d0-cb0612e1990e,->,12acfc45-bdfb-4343-9004-9be15dfd844c,server/model/items/ItemAssistant.java,addItem
12acfc45-bdfb-4343-9004-9be15dfd844c,991eb2a8-284a-4290-ae08-f54cf8834706,45f85288-14ed-4372-a3d0-cb0612e1990e,->,12acfc45-bdfb-4343-9004-9be15dfd844c,server/model/players/Client.java,getItems
12acfc45-bdfb-4343-9004-9be15dfd844c,991eb2a8-284a-4290-ae08-f54cf8834706,45f85288-14ed-4372-a3d0-cb0612e1990e,->,12acfc45-bdfb-4343-9004-9be15dfd844c,server/model/items/ItemAssistant.java,playerHasItem
12acfc45-bdfb-4343-9004-9be15dfd844c,991eb2a8-284a-4290-ae08-f54cf8834706,45f85288-14ed-4372-a3d0-cb0612e1990e,->,12acfc45-bdfb-4343-9004-9be15dfd844c,server/model/players/Client.java,getItems
12acfc45-bdfb-4343-9004-9be15dfd844c,991eb2a8-284a-4290-ae08-f54cf8834706,45f85288-14ed-4372-a3d0-cb0612e1990e,->,12acfc45-bdfb-4343-9004-9be15dfd844c,server/model/items/ItemAssistant.java,deleteItem
12acfc45-bdfb-4343-9004-9be15dfd844c,991eb2a8-284a-4290-ae08-f54cf8834706,45f85288-14ed-4372-a3d0-cb0612e1990e,->,12acfc45-bdfb-4343-9004-9be15dfd844c,server/model/players/Client.java,getItems
12acfc45-bdfb-4343-9004-9be15dfd844c,991eb2a8-284a-4290-ae08-f54cf8834706,45f85288-14ed-4372-a3d0-cb0612e1990e,->,12acfc45-bdfb-4343-9004-9be15dfd844c,server/model/items/ItemAssistant.java,addItem
12acfc45-bdfb-4343-9004-9be15dfd844c,991eb2a8-284a-4290-ae08-f54cf8834706,45f85288-14ed-4372-a3d0-cb0612e1990e,->,12acfc45-bdfb-4343-9004-9be15dfd844c,server/model/players/Client.java,getItems
12acfc45-bdfb-4343-9004-9be15dfd844c,991eb2a8-284a-4290-ae08-f54cf8834706,45f85288-14ed-4372-a3d0-cb0612e1990e,->,12acfc45-bdfb-4343-9004-9be15dfd844c,server/model/items/ItemAssistant.java,playerHasItem
12acfc45-bdfb-4343-9004-9be15dfd844c,991eb2a8-284a-4290-ae08-f54cf8834706,45f85288-14ed-4372-a3d0-cb0612e1990e,->,12acfc45-bdfb-4343-9004-9be15dfd844c,server/model/players/Client.java,getItems
12acfc45-bdfb-4343-9004-9be15dfd844c,991eb2a8-284a-4290-ae08-f54cf8834706,45f85288-14ed-4372-a3d0-cb0612e1990e,->,12acfc45-bdfb-4343-9004-9be15dfd844c,server/model/items/ItemAssistant.java,deleteItem
12acfc45-bdfb-4343-9004-9be15dfd844c,991eb2a8-284a-4290-ae08-f54cf8834706,45f85288-14ed-4372-a3d0-cb0612e1990e,->,12acfc45-bdfb-4343-9004-9be15dfd844c,server/model/players/Client.java,sendMessage
12acfc45-bdfb-4343-9004-9be15dfd844c,991eb2a8-284a-4290-ae08-f54cf8834706,fac5805e-62dd-4557-9f21-ff16d491f306,->,12acfc45-bdfb-4343-9004-9be15dfd844c,server/model/players/Client.java,getOutStream
12acfc45-bdfb-4343-9004-9be15dfd844c,991eb2a8-284a-4290-ae08-f54cf8834706,fac5805e-62dd-4557-9f21-ff16d491f306,->,12acfc45-bdfb-4343-9004-9be15dfd844c,server/model/players/Client.java,getOutStream
12acfc45-bdfb-4343-9004-9be15dfd844c,991eb2a8-284a-4290-ae08-f54cf8834706,fac5805e-62dd-4557-9f21-ff16d491f306,->,12acfc45-bdfb-4343-9004-9be15dfd844c,server/util/Stream.java,createFrame
12acfc45-bdfb-4343-9004-9be15dfd844c,991eb2a8-284a-4290-ae08-f54cf8834706,fac5805e-62dd-4557-9f21-ff16d491f306,->,12acfc45-bdfb-4343-9004-9be15dfd844c,server/model/players/Client.java,getOutStream
12acfc45-bdfb-4343-9004-9be15dfd844c,991eb2a8-284a-4290-ae08-f54cf8834706,fac5805e-62dd-4557-9f21-ff16d491f306,->,12acfc45-bdfb-4343-9004-9be15dfd844c,server/util/Stream.java,writeWordBigEndian
12acfc45-bdfb-4343-9004-9be15dfd844c,991eb2a8-284a-4290-ae08-f54cf8834706,fac5805e-62dd-4557-9f21-ff16d491f306,->,12acfc45-bdfb-4343-9004-9be15dfd844c,server/model/players/Client.java,getOutStream
12acfc45-bdfb-4343-9004-9be15dfd844c,991eb2a8-284a-4290-ae08-f54cf8834706,fac5805e-62dd-4557-9f21-ff16d491f306,->,12acfc45-bdfb-4343-9004-9be15dfd844c,server/util/Stream.java,writeWord
12acfc45-bdfb-4343-9004-9be15dfd844c,991eb2a8-284a-4290-ae08-f54cf8834706,fac5805e-62dd-4557-9f21-ff16d491f306,->,12acfc45-bdfb-4343-9004-9be15dfd844c,server/model/players/Client.java,getOutStream
12acfc45-bdfb-4343-9004-9be15dfd844c,991eb2a8-284a-4290-ae08-f54cf8834706,fac5805e-62dd-4557-9f21-ff16d491f306,->,12acfc45-bdfb-4343-9004-9be15dfd844c,server/util/Stream.java,writeWord
12acfc45-bdfb-4343-9004-9be15dfd844c,991eb2a8-284a-4290-ae08-f54cf8834706,fac5805e-62dd-4557-9f21-ff16d491f306,->,12acfc45-bdfb-4343-9004-9be15dfd844c,server/model/players/Client.java,flushOutStream
12acfc45-bdfb-4343-9004-9be15dfd844c,991eb2a8-284a-4290-ae08-f54cf8834706,176f133b-0cc4-4c59-be5f-7c0664868487,->,12acfc45-bdfb-4343-9004-9be15dfd844c,server/model/players/Client.java,WithinDistance
12acfc45-bdfb-4343-9004-9be15dfd844c,991eb2a8-284a-4290-ae08-f54cf8834706,176f133b-0cc4-4c59-be5f-7c0664868487,->,12acfc45-bdfb-4343-9004-9be15dfd844c,server/util/Stream.java,createFrame
12acfc45-bdfb-4343-9004-9be15dfd844c,991eb2a8-284a-4290-ae08-f54cf8834706,176f133b-0cc4-4c59-be5f-7c0664868487,->,12acfc45-bdfb-4343-9004-9be15dfd844c,server/util/Stream.java,writeByteC
12acfc45-bdfb-4343-9004-9be15dfd844c,991eb2a8-284a-4290-ae08-f54cf8834706,176f133b-0cc4-4c59-be5f-7c0664868487,->,12acfc45-bdfb-4343-9004-9be15dfd844c,server/util/Stream.java,writeByteC
12acfc45-bdfb-4343-9004-9be15dfd844c,991eb2a8-284a-4290-ae08-f54cf8834706,176f133b-0cc4-4c59-be5f-7c0664868487,->,12acfc45-bdfb-4343-9004-9be15dfd844c,server/util/Stream.java,createFrame
12acfc45-bdfb-4343-9004-9be15dfd844c,991eb2a8-284a-4290-ae08-f54cf8834706,176f133b-0cc4-4c59-be5f-7c0664868487,->,12acfc45-bdfb-4343-9004-9be15dfd844c,server/util/Stream.java,writeByte
12acfc45-bdfb-4343-9004-9be15dfd844c,991eb2a8-284a-4290-ae08-f54cf8834706,176f133b-0cc4-4c59-be5f-7c0664868487,->,12acfc45-bdfb-4343-9004-9be15dfd844c,server/util/Stream.java,writeByte
12acfc45-bdfb-4343-9004-9be15dfd844c,991eb2a8-284a-4290-ae08-f54cf8834706,176f133b-0cc4-4c59-be5f-7c0664868487,->,12acfc45-bdfb-4343-9004-9be15dfd844c,server/util/Stream.java,writeByte
12acfc45-bdfb-4343-9004-9be15dfd844c,991eb2a8-284a-4290-ae08-f54cf8834706,176f133b-0cc4-4c59-be5f-7c0664868487,->,12acfc45-bdfb-4343-9004-9be15dfd844c,server/util/Stream.java,writeWord
12acfc45-bdfb-4343-9004-9be15dfd844c,991eb2a8-284a-4290-ae08-f54cf8834706,176f133b-0cc4-4c59-be5f-7c0664868487,->,12acfc45-bdfb-4343-9004-9be15dfd844c,server/util/Stream.java,writeWord
12acfc45-bdfb-4343-9004-9be15dfd844c,991eb2a8-284a-4290-ae08-f54cf8834706,176f133b-0cc4-4c59-be5f-7c0664868487,->,12acfc45-bdfb-4343-9004-9be15dfd844c,server/util/Stream.java,writeByte
12acfc45-bdfb-4343-9004-9be15dfd844c,991eb2a8-284a-4290-ae08-f54cf8834706,176f133b-0cc4-4c59-be5f-7c0664868487,->,12acfc45-bdfb-4343-9004-9be15dfd844c,server/util/Stream.java,writeByte
12acfc45-bdfb-4343-9004-9be15dfd844c,991eb2a8-284a-4290-ae08-f54cf8834706,176f133b-0cc4-4c59-be5f-7c0664868487,->,12acfc45-bdfb-4343-9004-9be15dfd844c,server/util/Stream.java,writeWord
12acfc45-bdfb-4343-9004-9be15dfd844c,991eb2a8-284a-4290-ae08-f54cf8834706,176f133b-0cc4-4c59-be5f-7c0664868487,->,12acfc45-bdfb-4343-9004-9be15dfd844c,server/util/Stream.java,writeWord
12acfc45-bdfb-4343-9004-9be15dfd844c,991eb2a8-284a-4290-ae08-f54cf8834706,176f133b-0cc4-4c59-be5f-7c0664868487,->,12acfc45-bdfb-4343-9004-9be15dfd844c,server/util/Stream.java,writeByte
12acfc45-bdfb-4343-9004-9be15dfd844c,991eb2a8-284a-4290-ae08-f54cf8834706,176f133b-0cc4-4c59-be5f-7c0664868487,->,12acfc45-bdfb-4343-9004-9be15dfd844c,server/util/Stream.java,writeByte
12acfc45-bdfb-4343-9004-9be15dfd844c,991eb2a8-284a-4290-ae08-f54cf8834706,0e7e388e-6293-45e0-acaa-c455a570b9e4,->,12acfc45-bdfb-4343-9004-9be15dfd844c,2c89cfe4-ed6d-446f-832b-3c203feb3155,12264cea-e176-47b1-b1bb-e3a14dc18d35
12acfc45-bdfb-4343-9004-9be15dfd844c,991eb2a8-284a-4290-ae08-f54cf8834706,0e7e388e-6293-45e0-acaa-c455a570b9e4,->,12acfc45-bdfb-4343-9004-9be15dfd844c,java/lang/StringBuilder.java,append
12acfc45-bdfb-4343-9004-9be15dfd844c,991eb2a8-284a-4290-ae08-f54cf8834706,0e7e388e-6293-45e0-acaa-c455a570b9e4,->,12acfc45-bdfb-4343-9004-9be15dfd844c,java/lang/StringBuilder.java,append
12acfc45-bdfb-4343-9004-9be15dfd844c,991eb2a8-284a-4290-ae08-f54cf8834706,0e7e388e-6293-45e0-acaa-c455a570b9e4,->,12acfc45-bdfb-4343-9004-9be15dfd844c,java/lang/StringBuilder.java,append
12acfc45-bdfb-4343-9004-9be15dfd844c,991eb2a8-284a-4290-ae08-f54cf8834706,0e7e388e-6293-45e0-acaa-c455a570b9e4,->,12acfc45-bdfb-4343-9004-9be15dfd844c,java/lang/StringBuilder.java,append
12acfc45-bdfb-4343-9004-9be15dfd844c,991eb2a8-284a-4290-ae08-f54cf8834706,0e7e388e-6293-45e0-acaa-c455a570b9e4,->,12acfc45-bdfb-4343-9004-9be15dfd844c,java/lang/StringBuilder.java,append
12acfc45-bdfb-4343-9004-9be15dfd844c,991eb2a8-284a-4290-ae08-f54cf8834706,0e7e388e-6293-45e0-acaa-c455a570b9e4,->,12acfc45-bdfb-4343-9004-9be15dfd844c,java/lang/StringBuilder.java,append
12acfc45-bdfb-4343-9004-9be15dfd844c,991eb2a8-284a-4290-ae08-f54cf8834706,0e7e388e-6293-45e0-acaa-c455a570b9e4,->,12acfc45-bdfb-4343-9004-9be15dfd844c,java/lang/StringBuilder.java,append
12acfc45-bdfb-4343-9004-9be15dfd844c,991eb2a8-284a-4290-ae08-f54cf8834706,0e7e388e-6293-45e0-acaa-c455a570b9e4,->,12acfc45-bdfb-4343-9004-9be15dfd844c,java/lang/StringBuilder.java,append
12acfc45-bdfb-4343-9004-9be15dfd844c,991eb2a8-284a-4290-ae08-f54cf8834706,0e7e388e-6293-45e0-acaa-c455a570b9e4,->,12acfc45-bdfb-4343-9004-9be15dfd844c,java/lang/StringBuilder.java,append
12acfc45-bdfb-4343-9004-9be15dfd844c,991eb2a8-284a-4290-ae08-f54cf8834706,0e7e388e-6293-45e0-acaa-c455a570b9e4,->,12acfc45-bdfb-4343-9004-9be15dfd844c,java/lang/StringBuilder.java,toString
12acfc45-bdfb-4343-9004-9be15dfd844c,991eb2a8-284a-4290-ae08-f54cf8834706,0e7e388e-6293-45e0-acaa-c455a570b9e4,->,12acfc45-bdfb-4343-9004-9be15dfd844c,server/model/players/Client.java,sendMessage
12acfc45-bdfb-4343-9004-9be15dfd844c,991eb2a8-284a-4290-ae08-f54cf8834706,976e1533-f57c-441a-800d-11b9f92cab45,->,12acfc45-bdfb-4343-9004-9be15dfd844c,server/model/players/PathFinder.java,getPathFinder
12acfc45-bdfb-4343-9004-9be15dfd844c,991eb2a8-284a-4290-ae08-f54cf8834706,976e1533-f57c-441a-800d-11b9f92cab45,->,12acfc45-bdfb-4343-9004-9be15dfd844c,server/model/players/PathFinder.java,findRoute
12acfc45-bdfb-4343-9004-9be15dfd844c,991eb2a8-284a-4290-ae08-f54cf8834706,de1089c4-eadd-4349-8461-af0a0f102ba4,->,12acfc45-bdfb-4343-9004-9be15dfd844c,991eb2a8-284a-4290-ae08-f54cf8834706,0e7e388e-6293-45e0-acaa-c455a570b9e4
12acfc45-bdfb-4343-9004-9be15dfd844c,991eb2a8-284a-4290-ae08-f54cf8834706,de1089c4-eadd-4349-8461-af0a0f102ba4,->,12acfc45-bdfb-4343-9004-9be15dfd844c,server/model/players/Client.java,getCombat
12acfc45-bdfb-4343-9004-9be15dfd844c,991eb2a8-284a-4290-ae08-f54cf8834706,de1089c4-eadd-4349-8461-af0a0f102ba4,->,12acfc45-bdfb-4343-9004-9be15dfd844c,server/model/players/CombatAssistant.java,applyNpcMeleeDamage
12acfc45-bdfb-4343-9004-9be15dfd844c,991eb2a8-284a-4290-ae08-f54cf8834706,de1089c4-eadd-4349-8461-af0a0f102ba4,->,12acfc45-bdfb-4343-9004-9be15dfd844c,server/model/players/Client.java,getCombat
12acfc45-bdfb-4343-9004-9be15dfd844c,991eb2a8-284a-4290-ae08-f54cf8834706,de1089c4-eadd-4349-8461-af0a0f102ba4,->,12acfc45-bdfb-4343-9004-9be15dfd844c,server/model/players/CombatAssistant.java,applyNpcMeleeDamage
12acfc45-bdfb-4343-9004-9be15dfd844c,991eb2a8-284a-4290-ae08-f54cf8834706,de1089c4-eadd-4349-8461-af0a0f102ba4,->,12acfc45-bdfb-4343-9004-9be15dfd844c,server/model/players/Client.java,getCombat
12acfc45-bdfb-4343-9004-9be15dfd844c,991eb2a8-284a-4290-ae08-f54cf8834706,de1089c4-eadd-4349-8461-af0a0f102ba4,->,12acfc45-bdfb-4343-9004-9be15dfd844c,server/model/players/CombatAssistant.java,applyPlayerMeleeDamage
12acfc45-bdfb-4343-9004-9be15dfd844c,991eb2a8-284a-4290-ae08-f54cf8834706,de1089c4-eadd-4349-8461-af0a0f102ba4,->,12acfc45-bdfb-4343-9004-9be15dfd844c,server/model/players/Client.java,getCombat
12acfc45-bdfb-4343-9004-9be15dfd844c,991eb2a8-284a-4290-ae08-f54cf8834706,de1089c4-eadd-4349-8461-af0a0f102ba4,->,12acfc45-bdfb-4343-9004-9be15dfd844c,server/model/players/CombatAssistant.java,applyPlayerMeleeDamage
12acfc45-bdfb-4343-9004-9be15dfd844c,991eb2a8-284a-4290-ae08-f54cf8834706,de1089c4-eadd-4349-8461-af0a0f102ba4,->,12acfc45-bdfb-4343-9004-9be15dfd844c,3ab0cc49-78c3-45ed-a03a-f251199dfbb9,3d27faf4-0319-4d3d-b558-10d40da17fd8
12acfc45-bdfb-4343-9004-9be15dfd844c,991eb2a8-284a-4290-ae08-f54cf8834706,de1089c4-eadd-4349-8461-af0a0f102ba4,->,12acfc45-bdfb-4343-9004-9be15dfd844c,3ab0cc49-78c3-45ed-a03a-f251199dfbb9,d719c34b-e0d2-473f-8e9a-936cfc6b4522
12acfc45-bdfb-4343-9004-9be15dfd844c,991eb2a8-284a-4290-ae08-f54cf8834706,a48222ba-98f6-4d21-8792-15e0a0a7a2e7,->,12acfc45-bdfb-4343-9004-9be15dfd844c,server/model/players/Client.java,getPA
12acfc45-bdfb-4343-9004-9be15dfd844c,991eb2a8-284a-4290-ae08-f54cf8834706,a48222ba-98f6-4d21-8792-15e0a0a7a2e7,->,12acfc45-bdfb-4343-9004-9be15dfd844c,991eb2a8-284a-4290-ae08-f54cf8834706,609517a1-3a8b-4bd9-8623-3cae47c33a17
12acfc45-bdfb-4343-9004-9be15dfd844c,991eb2a8-284a-4290-ae08-f54cf8834706,a48222ba-98f6-4d21-8792-15e0a0a7a2e7,->,12acfc45-bdfb-4343-9004-9be15dfd844c,server/model/players/Client.java,getPA
12acfc45-bdfb-4343-9004-9be15dfd844c,991eb2a8-284a-4290-ae08-f54cf8834706,a48222ba-98f6-4d21-8792-15e0a0a7a2e7,->,12acfc45-bdfb-4343-9004-9be15dfd844c,991eb2a8-284a-4290-ae08-f54cf8834706,609517a1-3a8b-4bd9-8623-3cae47c33a17
12acfc45-bdfb-4343-9004-9be15dfd844c,991eb2a8-284a-4290-ae08-f54cf8834706,a48222ba-98f6-4d21-8792-15e0a0a7a2e7,->,12acfc45-bdfb-4343-9004-9be15dfd844c,server/model/players/Client.java,getPA
12acfc45-bdfb-4343-9004-9be15dfd844c,991eb2a8-284a-4290-ae08-f54cf8834706,a48222ba-98f6-4d21-8792-15e0a0a7a2e7,->,12acfc45-bdfb-4343-9004-9be15dfd844c,991eb2a8-284a-4290-ae08-f54cf8834706,609517a1-3a8b-4bd9-8623-3cae47c33a17
12acfc45-bdfb-4343-9004-9be15dfd844c,991eb2a8-284a-4290-ae08-f54cf8834706,ffee66ac-4ac5-469e-9cfe-d0f69c65d92f,->,12acfc45-bdfb-4343-9004-9be15dfd844c,server/model/players/Client.java,getPA
12acfc45-bdfb-4343-9004-9be15dfd844c,991eb2a8-284a-4290-ae08-f54cf8834706,ffee66ac-4ac5-469e-9cfe-d0f69c65d92f,->,12acfc45-bdfb-4343-9004-9be15dfd844c,991eb2a8-284a-4290-ae08-f54cf8834706,27bd7aec-abd0-4844-9935-efefbf7019b2
12acfc45-bdfb-4343-9004-9be15dfd844c,991eb2a8-284a-4290-ae08-f54cf8834706,141a66be-744c-48f6-a5c3-9dbea684d0d6,->,12acfc45-bdfb-4343-9004-9be15dfd844c,server/model/players/Client.java,resetWalkingQueue
12acfc45-bdfb-4343-9004-9be15dfd844c,991eb2a8-284a-4290-ae08-f54cf8834706,141a66be-744c-48f6-a5c3-9dbea684d0d6,->,12acfc45-bdfb-4343-9004-9be15dfd844c,991eb2a8-284a-4290-ae08-f54cf8834706,f59ca130-d149-43aa-b537-369a4987d63b
12acfc45-bdfb-4343-9004-9be15dfd844c,991eb2a8-284a-4290-ae08-f54cf8834706,8b7f99b3-ad79-4f53-a6cb-1134e538049f,->,12acfc45-bdfb-4343-9004-9be15dfd844c,server/model/players/Client.java,getPA
12acfc45-bdfb-4343-9004-9be15dfd844c,991eb2a8-284a-4290-ae08-f54cf8834706,8b7f99b3-ad79-4f53-a6cb-1134e538049f,->,12acfc45-bdfb-4343-9004-9be15dfd844c,java/lang/StringBuilder.java,append
12acfc45-bdfb-4343-9004-9be15dfd844c,991eb2a8-284a-4290-ae08-f54cf8834706,8b7f99b3-ad79-4f53-a6cb-1134e538049f,->,12acfc45-bdfb-4343-9004-9be15dfd844c,java/lang/StringBuilder.java,append
12acfc45-bdfb-4343-9004-9be15dfd844c,991eb2a8-284a-4290-ae08-f54cf8834706,8b7f99b3-ad79-4f53-a6cb-1134e538049f,->,12acfc45-bdfb-4343-9004-9be15dfd844c,java/lang/StringBuilder.java,append
12acfc45-bdfb-4343-9004-9be15dfd844c,991eb2a8-284a-4290-ae08-f54cf8834706,8b7f99b3-ad79-4f53-a6cb-1134e538049f,->,12acfc45-bdfb-4343-9004-9be15dfd844c,java/lang/StringBuilder.java,toString
12acfc45-bdfb-4343-9004-9be15dfd844c,991eb2a8-284a-4290-ae08-f54cf8834706,8b7f99b3-ad79-4f53-a6cb-1134e538049f,->,12acfc45-bdfb-4343-9004-9be15dfd844c,991eb2a8-284a-4290-ae08-f54cf8834706,609517a1-3a8b-4bd9-8623-3cae47c33a17
12acfc45-bdfb-4343-9004-9be15dfd844c,991eb2a8-284a-4290-ae08-f54cf8834706,8b7f99b3-ad79-4f53-a6cb-1134e538049f,->,12acfc45-bdfb-4343-9004-9be15dfd844c,java/lang/StringBuilder.java,append
12acfc45-bdfb-4343-9004-9be15dfd844c,991eb2a8-284a-4290-ae08-f54cf8834706,8b7f99b3-ad79-4f53-a6cb-1134e538049f,->,12acfc45-bdfb-4343-9004-9be15dfd844c,java/lang/StringBuilder.java,append
12acfc45-bdfb-4343-9004-9be15dfd844c,991eb2a8-284a-4290-ae08-f54cf8834706,8b7f99b3-ad79-4f53-a6cb-1134e538049f,->,12acfc45-bdfb-4343-9004-9be15dfd844c,java/lang/StringBuilder.java,toString
12acfc45-bdfb-4343-9004-9be15dfd844c,991eb2a8-284a-4290-ae08-f54cf8834706,8b7f99b3-ad79-4f53-a6cb-1134e538049f,->,12acfc45-bdfb-4343-9004-9be15dfd844c,991eb2a8-284a-4290-ae08-f54cf8834706,782330c7-cbb9-4516-ad2e-39e0dc456f85
12acfc45-bdfb-4343-9004-9be15dfd844c,991eb2a8-284a-4290-ae08-f54cf8834706,8b7f99b3-ad79-4f53-a6cb-1134e538049f,->,12acfc45-bdfb-4343-9004-9be15dfd844c,991eb2a8-284a-4290-ae08-f54cf8834706,782330c7-cbb9-4516-ad2e-39e0dc456f85
12acfc45-bdfb-4343-9004-9be15dfd844c,991eb2a8-284a-4290-ae08-f54cf8834706,8b7f99b3-ad79-4f53-a6cb-1134e538049f,->,12acfc45-bdfb-4343-9004-9be15dfd844c,991eb2a8-284a-4290-ae08-f54cf8834706,782330c7-cbb9-4516-ad2e-39e0dc456f85
12acfc45-bdfb-4343-9004-9be15dfd844c,991eb2a8-284a-4290-ae08-f54cf8834706,8b7f99b3-ad79-4f53-a6cb-1134e538049f,->,12acfc45-bdfb-4343-9004-9be15dfd844c,991eb2a8-284a-4290-ae08-f54cf8834706,782330c7-cbb9-4516-ad2e-39e0dc456f85
12acfc45-bdfb-4343-9004-9be15dfd844c,991eb2a8-284a-4290-ae08-f54cf8834706,8b7f99b3-ad79-4f53-a6cb-1134e538049f,->,12acfc45-bdfb-4343-9004-9be15dfd844c,991eb2a8-284a-4290-ae08-f54cf8834706,782330c7-cbb9-4516-ad2e-39e0dc456f85
12acfc45-bdfb-4343-9004-9be15dfd844c,991eb2a8-284a-4290-ae08-f54cf8834706,8b7f99b3-ad79-4f53-a6cb-1134e538049f,->,12acfc45-bdfb-4343-9004-9be15dfd844c,991eb2a8-284a-4290-ae08-f54cf8834706,782330c7-cbb9-4516-ad2e-39e0dc456f85
12acfc45-bdfb-4343-9004-9be15dfd844c,991eb2a8-284a-4290-ae08-f54cf8834706,8b7f99b3-ad79-4f53-a6cb-1134e538049f,->,12acfc45-bdfb-4343-9004-9be15dfd844c,991eb2a8-284a-4290-ae08-f54cf8834706,782330c7-cbb9-4516-ad2e-39e0dc456f85
12acfc45-bdfb-4343-9004-9be15dfd844c,991eb2a8-284a-4290-ae08-f54cf8834706,8b7f99b3-ad79-4f53-a6cb-1134e538049f,->,12acfc45-bdfb-4343-9004-9be15dfd844c,server/model/players/Client.java,getPlayerAssistant
12acfc45-bdfb-4343-9004-9be15dfd844c,991eb2a8-284a-4290-ae08-f54cf8834706,8b7f99b3-ad79-4f53-a6cb-1134e538049f,->,12acfc45-bdfb-4343-9004-9be15dfd844c,991eb2a8-284a-4290-ae08-f54cf8834706,45af8ce2-073f-4550-b281-9a9492802196
12acfc45-bdfb-4343-9004-9be15dfd844c,991eb2a8-284a-4290-ae08-f54cf8834706,8b7f99b3-ad79-4f53-a6cb-1134e538049f,->,12acfc45-bdfb-4343-9004-9be15dfd844c,991eb2a8-284a-4290-ae08-f54cf8834706,0deca230-571f-45d1-8fd0-2b3a6f08c05b
12acfc45-bdfb-4343-9004-9be15dfd844c,991eb2a8-284a-4290-ae08-f54cf8834706,8b7f99b3-ad79-4f53-a6cb-1134e538049f,->,12acfc45-bdfb-4343-9004-9be15dfd844c,9ecf2ca5-2323-4406-9de5-89794fa027e7,74021b14-5be1-4723-a3c8-a099b2a7e865
12acfc45-bdfb-4343-9004-9be15dfd844c,991eb2a8-284a-4290-ae08-f54cf8834706,8b7f99b3-ad79-4f53-a6cb-1134e538049f,->,12acfc45-bdfb-4343-9004-9be15dfd844c,server/model/players/Client.java,getX
12acfc45-bdfb-4343-9004-9be15dfd844c,991eb2a8-284a-4290-ae08-f54cf8834706,8b7f99b3-ad79-4f53-a6cb-1134e538049f,->,12acfc45-bdfb-4343-9004-9be15dfd844c,server/model/players/Client.java,getY
12acfc45-bdfb-4343-9004-9be15dfd844c,991eb2a8-284a-4290-ae08-f54cf8834706,8b7f99b3-ad79-4f53-a6cb-1134e538049f,->,12acfc45-bdfb-4343-9004-9be15dfd844c,server/model/players/Client.java,getHeightLevel
12acfc45-bdfb-4343-9004-9be15dfd844c,991eb2a8-284a-4290-ae08-f54cf8834706,8b7f99b3-ad79-4f53-a6cb-1134e538049f,->,12acfc45-bdfb-4343-9004-9be15dfd844c,09a0a166-9c9d-4931-a12a-84a8d97e2de4,069c2a77-7ba1-4c26-9529-98747983371b
12acfc45-bdfb-4343-9004-9be15dfd844c,991eb2a8-284a-4290-ae08-f54cf8834706,0deca230-571f-45d1-8fd0-2b3a6f08c05b,->,12acfc45-bdfb-4343-9004-9be15dfd844c,server/model/players/Client.java,getOutStream
12acfc45-bdfb-4343-9004-9be15dfd844c,991eb2a8-284a-4290-ae08-f54cf8834706,0deca230-571f-45d1-8fd0-2b3a6f08c05b,->,12acfc45-bdfb-4343-9004-9be15dfd844c,server/util/Stream.java,createFrame
12acfc45-bdfb-4343-9004-9be15dfd844c,991eb2a8-284a-4290-ae08-f54cf8834706,0deca230-571f-45d1-8fd0-2b3a6f08c05b,->,12acfc45-bdfb-4343-9004-9be15dfd844c,server/model/players/Client.java,getOutStream
12acfc45-bdfb-4343-9004-9be15dfd844c,991eb2a8-284a-4290-ae08-f54cf8834706,0deca230-571f-45d1-8fd0-2b3a6f08c05b,->,12acfc45-bdfb-4343-9004-9be15dfd844c,server/util/Stream.java,writeWord
12acfc45-bdfb-4343-9004-9be15dfd844c,991eb2a8-284a-4290-ae08-f54cf8834706,0deca230-571f-45d1-8fd0-2b3a6f08c05b,->,12acfc45-bdfb-4343-9004-9be15dfd844c,server/model/players/Client.java,flushOutStream
12acfc45-bdfb-4343-9004-9be15dfd844c,991eb2a8-284a-4290-ae08-f54cf8834706,782330c7-cbb9-4516-ad2e-39e0dc456f85,->,12acfc45-bdfb-4343-9004-9be15dfd844c,server/model/players/Client.java,getOutStream
12acfc45-bdfb-4343-9004-9be15dfd844c,991eb2a8-284a-4290-ae08-f54cf8834706,782330c7-cbb9-4516-ad2e-39e0dc456f85,->,12acfc45-bdfb-4343-9004-9be15dfd844c,server/util/Stream.java,createFrameVarSizeWord
12acfc45-bdfb-4343-9004-9be15dfd844c,991eb2a8-284a-4290-ae08-f54cf8834706,782330c7-cbb9-4516-ad2e-39e0dc456f85,->,12acfc45-bdfb-4343-9004-9be15dfd844c,server/model/players/Client.java,getOutStream
12acfc45-bdfb-4343-9004-9be15dfd844c,991eb2a8-284a-4290-ae08-f54cf8834706,782330c7-cbb9-4516-ad2e-39e0dc456f85,->,12acfc45-bdfb-4343-9004-9be15dfd844c,server/util/Stream.java,writeString
12acfc45-bdfb-4343-9004-9be15dfd844c,991eb2a8-284a-4290-ae08-f54cf8834706,782330c7-cbb9-4516-ad2e-39e0dc456f85,->,12acfc45-bdfb-4343-9004-9be15dfd844c,server/model/players/Client.java,getOutStream
12acfc45-bdfb-4343-9004-9be15dfd844c,991eb2a8-284a-4290-ae08-f54cf8834706,782330c7-cbb9-4516-ad2e-39e0dc456f85,->,12acfc45-bdfb-4343-9004-9be15dfd844c,server/util/Stream.java,writeWordA
12acfc45-bdfb-4343-9004-9be15dfd844c,991eb2a8-284a-4290-ae08-f54cf8834706,782330c7-cbb9-4516-ad2e-39e0dc456f85,->,12acfc45-bdfb-4343-9004-9be15dfd844c,server/model/players/Client.java,getOutStream
12acfc45-bdfb-4343-9004-9be15dfd844c,991eb2a8-284a-4290-ae08-f54cf8834706,782330c7-cbb9-4516-ad2e-39e0dc456f85,->,12acfc45-bdfb-4343-9004-9be15dfd844c,server/util/Stream.java,endFrameVarSizeWord
12acfc45-bdfb-4343-9004-9be15dfd844c,991eb2a8-284a-4290-ae08-f54cf8834706,782330c7-cbb9-4516-ad2e-39e0dc456f85,->,12acfc45-bdfb-4343-9004-9be15dfd844c,server/model/players/Client.java,flushOutStream
12acfc45-bdfb-4343-9004-9be15dfd844c,991eb2a8-284a-4290-ae08-f54cf8834706,76a90aee-7f62-4b4e-80c1-99e2263573fe,->,12acfc45-bdfb-4343-9004-9be15dfd844c,server/model/players/Client.java,getOutStream
12acfc45-bdfb-4343-9004-9be15dfd844c,991eb2a8-284a-4290-ae08-f54cf8834706,76a90aee-7f62-4b4e-80c1-99e2263573fe,->,12acfc45-bdfb-4343-9004-9be15dfd844c,server/util/Stream.java,createFrame
12acfc45-bdfb-4343-9004-9be15dfd844c,991eb2a8-284a-4290-ae08-f54cf8834706,76a90aee-7f62-4b4e-80c1-99e2263573fe,->,12acfc45-bdfb-4343-9004-9be15dfd844c,server/model/players/Client.java,getOutStream
12acfc45-bdfb-4343-9004-9be15dfd844c,991eb2a8-284a-4290-ae08-f54cf8834706,76a90aee-7f62-4b4e-80c1-99e2263573fe,->,12acfc45-bdfb-4343-9004-9be15dfd844c,server/util/Stream.java,writeByteC
12acfc45-bdfb-4343-9004-9be15dfd844c,991eb2a8-284a-4290-ae08-f54cf8834706,76a90aee-7f62-4b4e-80c1-99e2263573fe,->,12acfc45-bdfb-4343-9004-9be15dfd844c,server/model/players/Client.java,getOutStream
12acfc45-bdfb-4343-9004-9be15dfd844c,991eb2a8-284a-4290-ae08-f54cf8834706,76a90aee-7f62-4b4e-80c1-99e2263573fe,->,12acfc45-bdfb-4343-9004-9be15dfd844c,server/util/Stream.java,writeByteC
12acfc45-bdfb-4343-9004-9be15dfd844c,991eb2a8-284a-4290-ae08-f54cf8834706,76a90aee-7f62-4b4e-80c1-99e2263573fe,->,12acfc45-bdfb-4343-9004-9be15dfd844c,server/model/players/Client.java,getOutStream
12acfc45-bdfb-4343-9004-9be15dfd844c,991eb2a8-284a-4290-ae08-f54cf8834706,76a90aee-7f62-4b4e-80c1-99e2263573fe,->,12acfc45-bdfb-4343-9004-9be15dfd844c,server/util/Stream.java,createFrame
12acfc45-bdfb-4343-9004-9be15dfd844c,991eb2a8-284a-4290-ae08-f54cf8834706,76a90aee-7f62-4b4e-80c1-99e2263573fe,->,12acfc45-bdfb-4343-9004-9be15dfd844c,server/model/players/Client.java,getOutStream
12acfc45-bdfb-4343-9004-9be15dfd844c,991eb2a8-284a-4290-ae08-f54cf8834706,76a90aee-7f62-4b4e-80c1-99e2263573fe,->,12acfc45-bdfb-4343-9004-9be15dfd844c,server/util/Stream.java,writeByte
12acfc45-bdfb-4343-9004-9be15dfd844c,991eb2a8-284a-4290-ae08-f54cf8834706,76a90aee-7f62-4b4e-80c1-99e2263573fe,->,12acfc45-bdfb-4343-9004-9be15dfd844c,server/model/players/Client.java,getOutStream
12acfc45-bdfb-4343-9004-9be15dfd844c,991eb2a8-284a-4290-ae08-f54cf8834706,76a90aee-7f62-4b4e-80c1-99e2263573fe,->,12acfc45-bdfb-4343-9004-9be15dfd844c,server/util/Stream.java,writeWord
12acfc45-bdfb-4343-9004-9be15dfd844c,991eb2a8-284a-4290-ae08-f54cf8834706,76a90aee-7f62-4b4e-80c1-99e2263573fe,->,12acfc45-bdfb-4343-9004-9be15dfd844c,server/model/players/Client.java,getOutStream
12acfc45-bdfb-4343-9004-9be15dfd844c,991eb2a8-284a-4290-ae08-f54cf8834706,76a90aee-7f62-4b4e-80c1-99e2263573fe,->,12acfc45-bdfb-4343-9004-9be15dfd844c,server/util/Stream.java,writeByte
12acfc45-bdfb-4343-9004-9be15dfd844c,991eb2a8-284a-4290-ae08-f54cf8834706,76a90aee-7f62-4b4e-80c1-99e2263573fe,->,12acfc45-bdfb-4343-9004-9be15dfd844c,server/model/players/Client.java,getOutStream
12acfc45-bdfb-4343-9004-9be15dfd844c,991eb2a8-284a-4290-ae08-f54cf8834706,76a90aee-7f62-4b4e-80c1-99e2263573fe,->,12acfc45-bdfb-4343-9004-9be15dfd844c,server/util/Stream.java,writeWord
12acfc45-bdfb-4343-9004-9be15dfd844c,991eb2a8-284a-4290-ae08-f54cf8834706,76a90aee-7f62-4b4e-80c1-99e2263573fe,->,12acfc45-bdfb-4343-9004-9be15dfd844c,server/model/players/Client.java,flushOutStream
12acfc45-bdfb-4343-9004-9be15dfd844c,991eb2a8-284a-4290-ae08-f54cf8834706,03b145f9-6028-4b36-831e-700b4a231982,->,12acfc45-bdfb-4343-9004-9be15dfd844c,server/model/players/Client.java,getOutStream
12acfc45-bdfb-4343-9004-9be15dfd844c,991eb2a8-284a-4290-ae08-f54cf8834706,03b145f9-6028-4b36-831e-700b4a231982,->,12acfc45-bdfb-4343-9004-9be15dfd844c,server/util/Stream.java,createFrame
12acfc45-bdfb-4343-9004-9be15dfd844c,991eb2a8-284a-4290-ae08-f54cf8834706,03b145f9-6028-4b36-831e-700b4a231982,->,12acfc45-bdfb-4343-9004-9be15dfd844c,server/model/players/Client.java,getOutStream
12acfc45-bdfb-4343-9004-9be15dfd844c,991eb2a8-284a-4290-ae08-f54cf8834706,03b145f9-6028-4b36-831e-700b4a231982,->,12acfc45-bdfb-4343-9004-9be15dfd844c,server/util/Stream.java,writeByte
12acfc45-bdfb-4343-9004-9be15dfd844c,991eb2a8-284a-4290-ae08-f54cf8834706,03b145f9-6028-4b36-831e-700b4a231982,->,12acfc45-bdfb-4343-9004-9be15dfd844c,server/model/players/Client.java,getOutStream
12acfc45-bdfb-4343-9004-9be15dfd844c,991eb2a8-284a-4290-ae08-f54cf8834706,03b145f9-6028-4b36-831e-700b4a231982,->,12acfc45-bdfb-4343-9004-9be15dfd844c,server/util/Stream.java,writeWord
12acfc45-bdfb-4343-9004-9be15dfd844c,991eb2a8-284a-4290-ae08-f54cf8834706,03b145f9-6028-4b36-831e-700b4a231982,->,12acfc45-bdfb-4343-9004-9be15dfd844c,server/model/players/Client.java,getOutStream
12acfc45-bdfb-4343-9004-9be15dfd844c,991eb2a8-284a-4290-ae08-f54cf8834706,03b145f9-6028-4b36-831e-700b4a231982,->,12acfc45-bdfb-4343-9004-9be15dfd844c,server/util/Stream.java,write3Byte
12acfc45-bdfb-4343-9004-9be15dfd844c,991eb2a8-284a-4290-ae08-f54cf8834706,318f7a1c-b123-406b-9076-1674f1acc47d,->,12acfc45-bdfb-4343-9004-9be15dfd844c,server/model/players/Client.java,getOutStream
12acfc45-bdfb-4343-9004-9be15dfd844c,991eb2a8-284a-4290-ae08-f54cf8834706,318f7a1c-b123-406b-9076-1674f1acc47d,->,12acfc45-bdfb-4343-9004-9be15dfd844c,server/util/Stream.java,createFrame
12acfc45-bdfb-4343-9004-9be15dfd844c,991eb2a8-284a-4290-ae08-f54cf8834706,318f7a1c-b123-406b-9076-1674f1acc47d,->,12acfc45-bdfb-4343-9004-9be15dfd844c,server/model/players/Client.java,getOutStream
12acfc45-bdfb-4343-9004-9be15dfd844c,991eb2a8-284a-4290-ae08-f54cf8834706,318f7a1c-b123-406b-9076-1674f1acc47d,->,12acfc45-bdfb-4343-9004-9be15dfd844c,server/util/Stream.java,writeByte
12acfc45-bdfb-4343-9004-9be15dfd844c,991eb2a8-284a-4290-ae08-f54cf8834706,318f7a1c-b123-406b-9076-1674f1acc47d,->,12acfc45-bdfb-4343-9004-9be15dfd844c,server/model/players/Client.java,getOutStream
12acfc45-bdfb-4343-9004-9be15dfd844c,991eb2a8-284a-4290-ae08-f54cf8834706,318f7a1c-b123-406b-9076-1674f1acc47d,->,12acfc45-bdfb-4343-9004-9be15dfd844c,server/util/Stream.java,writeWord
12acfc45-bdfb-4343-9004-9be15dfd844c,991eb2a8-284a-4290-ae08-f54cf8834706,318f7a1c-b123-406b-9076-1674f1acc47d,->,12acfc45-bdfb-4343-9004-9be15dfd844c,server/model/players/Client.java,getOutStream
12acfc45-bdfb-4343-9004-9be15dfd844c,991eb2a8-284a-4290-ae08-f54cf8834706,318f7a1c-b123-406b-9076-1674f1acc47d,->,12acfc45-bdfb-4343-9004-9be15dfd844c,server/util/Stream.java,writeWord
12acfc45-bdfb-4343-9004-9be15dfd844c,991eb2a8-284a-4290-ae08-f54cf8834706,318f7a1c-b123-406b-9076-1674f1acc47d,->,12acfc45-bdfb-4343-9004-9be15dfd844c,server/model/players/Client.java,getOutStream
12acfc45-bdfb-4343-9004-9be15dfd844c,991eb2a8-284a-4290-ae08-f54cf8834706,318f7a1c-b123-406b-9076-1674f1acc47d,->,12acfc45-bdfb-4343-9004-9be15dfd844c,server/util/Stream.java,writeByte
12acfc45-bdfb-4343-9004-9be15dfd844c,991eb2a8-284a-4290-ae08-f54cf8834706,2069047c-d04c-42ab-9663-ad516de0d7bd,->,12acfc45-bdfb-4343-9004-9be15dfd844c,server/model/players/Client.java,getOutStream
12acfc45-bdfb-4343-9004-9be15dfd844c,991eb2a8-284a-4290-ae08-f54cf8834706,2069047c-d04c-42ab-9663-ad516de0d7bd,->,12acfc45-bdfb-4343-9004-9be15dfd844c,server/util/Stream.java,createFrameVarSizeWord
12acfc45-bdfb-4343-9004-9be15dfd844c,991eb2a8-284a-4290-ae08-f54cf8834706,2069047c-d04c-42ab-9663-ad516de0d7bd,->,12acfc45-bdfb-4343-9004-9be15dfd844c,server/model/players/Client.java,getOutStream
12acfc45-bdfb-4343-9004-9be15dfd844c,991eb2a8-284a-4290-ae08-f54cf8834706,2069047c-d04c-42ab-9663-ad516de0d7bd,->,12acfc45-bdfb-4343-9004-9be15dfd844c,server/util/Stream.java,writeString
12acfc45-bdfb-4343-9004-9be15dfd844c,991eb2a8-284a-4290-ae08-f54cf8834706,2069047c-d04c-42ab-9663-ad516de0d7bd,->,12acfc45-bdfb-4343-9004-9be15dfd844c,server/model/players/Client.java,getOutStream
12acfc45-bdfb-4343-9004-9be15dfd844c,991eb2a8-284a-4290-ae08-f54cf8834706,2069047c-d04c-42ab-9663-ad516de0d7bd,->,12acfc45-bdfb-4343-9004-9be15dfd844c,server/util/Stream.java,writeWordA
12acfc45-bdfb-4343-9004-9be15dfd844c,991eb2a8-284a-4290-ae08-f54cf8834706,2069047c-d04c-42ab-9663-ad516de0d7bd,->,12acfc45-bdfb-4343-9004-9be15dfd844c,server/model/players/Client.java,getOutStream
12acfc45-bdfb-4343-9004-9be15dfd844c,991eb2a8-284a-4290-ae08-f54cf8834706,2069047c-d04c-42ab-9663-ad516de0d7bd,->,12acfc45-bdfb-4343-9004-9be15dfd844c,server/util/Stream.java,endFrameVarSizeWord
12acfc45-bdfb-4343-9004-9be15dfd844c,991eb2a8-284a-4290-ae08-f54cf8834706,2069047c-d04c-42ab-9663-ad516de0d7bd,->,12acfc45-bdfb-4343-9004-9be15dfd844c,server/model/players/Client.java,flushOutStream
12acfc45-bdfb-4343-9004-9be15dfd844c,991eb2a8-284a-4290-ae08-f54cf8834706,895d3d5a-5a67-4c66-8ca8-f3b69e5562a1,->,12acfc45-bdfb-4343-9004-9be15dfd844c,server/model/players/Client.java,getAA2
12acfc45-bdfb-4343-9004-9be15dfd844c,991eb2a8-284a-4290-ae08-f54cf8834706,895d3d5a-5a67-4c66-8ca8-f3b69e5562a1,->,12acfc45-bdfb-4343-9004-9be15dfd844c,server/model/players/ActionAssistant2.java,sendQuestTab
12acfc45-bdfb-4343-9004-9be15dfd844c,991eb2a8-284a-4290-ae08-f54cf8834706,895d3d5a-5a67-4c66-8ca8-f3b69e5562a1,->,12acfc45-bdfb-4343-9004-9be15dfd844c,server/model/players/Client.java,getPA
12acfc45-bdfb-4343-9004-9be15dfd844c,991eb2a8-284a-4290-ae08-f54cf8834706,895d3d5a-5a67-4c66-8ca8-f3b69e5562a1,->,12acfc45-bdfb-4343-9004-9be15dfd844c,991eb2a8-284a-4290-ae08-f54cf8834706,609517a1-3a8b-4bd9-8623-3cae47c33a17
12acfc45-bdfb-4343-9004-9be15dfd844c,991eb2a8-284a-4290-ae08-f54cf8834706,895d3d5a-5a67-4c66-8ca8-f3b69e5562a1,->,12acfc45-bdfb-4343-9004-9be15dfd844c,server/model/players/Client.java,getPA
12acfc45-bdfb-4343-9004-9be15dfd844c,991eb2a8-284a-4290-ae08-f54cf8834706,895d3d5a-5a67-4c66-8ca8-f3b69e5562a1,->,12acfc45-bdfb-4343-9004-9be15dfd844c,991eb2a8-284a-4290-ae08-f54cf8834706,609517a1-3a8b-4bd9-8623-3cae47c33a17
12acfc45-bdfb-4343-9004-9be15dfd844c,991eb2a8-284a-4290-ae08-f54cf8834706,895d3d5a-5a67-4c66-8ca8-f3b69e5562a1,->,12acfc45-bdfb-4343-9004-9be15dfd844c,server/model/players/Client.java,getPA
12acfc45-bdfb-4343-9004-9be15dfd844c,991eb2a8-284a-4290-ae08-f54cf8834706,895d3d5a-5a67-4c66-8ca8-f3b69e5562a1,->,12acfc45-bdfb-4343-9004-9be15dfd844c,991eb2a8-284a-4290-ae08-f54cf8834706,609517a1-3a8b-4bd9-8623-3cae47c33a17
12acfc45-bdfb-4343-9004-9be15dfd844c,991eb2a8-284a-4290-ae08-f54cf8834706,895d3d5a-5a67-4c66-8ca8-f3b69e5562a1,->,12acfc45-bdfb-4343-9004-9be15dfd844c,server/model/players/Client.java,getPA
12acfc45-bdfb-4343-9004-9be15dfd844c,991eb2a8-284a-4290-ae08-f54cf8834706,895d3d5a-5a67-4c66-8ca8-f3b69e5562a1,->,12acfc45-bdfb-4343-9004-9be15dfd844c,991eb2a8-284a-4290-ae08-f54cf8834706,609517a1-3a8b-4bd9-8623-3cae47c33a17
12acfc45-bdfb-4343-9004-9be15dfd844c,991eb2a8-284a-4290-ae08-f54cf8834706,895d3d5a-5a67-4c66-8ca8-f3b69e5562a1,->,12acfc45-bdfb-4343-9004-9be15dfd844c,server/model/players/Client.java,getPA
12acfc45-bdfb-4343-9004-9be15dfd844c,991eb2a8-284a-4290-ae08-f54cf8834706,895d3d5a-5a67-4c66-8ca8-f3b69e5562a1,->,12acfc45-bdfb-4343-9004-9be15dfd844c,991eb2a8-284a-4290-ae08-f54cf8834706,609517a1-3a8b-4bd9-8623-3cae47c33a17
12acfc45-bdfb-4343-9004-9be15dfd844c,991eb2a8-284a-4290-ae08-f54cf8834706,895d3d5a-5a67-4c66-8ca8-f3b69e5562a1,->,12acfc45-bdfb-4343-9004-9be15dfd844c,server/model/players/Client.java,getPA
12acfc45-bdfb-4343-9004-9be15dfd844c,991eb2a8-284a-4290-ae08-f54cf8834706,895d3d5a-5a67-4c66-8ca8-f3b69e5562a1,->,12acfc45-bdfb-4343-9004-9be15dfd844c,991eb2a8-284a-4290-ae08-f54cf8834706,609517a1-3a8b-4bd9-8623-3cae47c33a17
12acfc45-bdfb-4343-9004-9be15dfd844c,991eb2a8-284a-4290-ae08-f54cf8834706,895d3d5a-5a67-4c66-8ca8-f3b69e5562a1,->,12acfc45-bdfb-4343-9004-9be15dfd844c,server/model/players/Client.java,getPA
12acfc45-bdfb-4343-9004-9be15dfd844c,991eb2a8-284a-4290-ae08-f54cf8834706,895d3d5a-5a67-4c66-8ca8-f3b69e5562a1,->,12acfc45-bdfb-4343-9004-9be15dfd844c,991eb2a8-284a-4290-ae08-f54cf8834706,609517a1-3a8b-4bd9-8623-3cae47c33a17
12acfc45-bdfb-4343-9004-9be15dfd844c,991eb2a8-284a-4290-ae08-f54cf8834706,895d3d5a-5a67-4c66-8ca8-f3b69e5562a1,->,12acfc45-bdfb-4343-9004-9be15dfd844c,server/model/players/Client.java,getPA
12acfc45-bdfb-4343-9004-9be15dfd844c,991eb2a8-284a-4290-ae08-f54cf8834706,895d3d5a-5a67-4c66-8ca8-f3b69e5562a1,->,12acfc45-bdfb-4343-9004-9be15dfd844c,991eb2a8-284a-4290-ae08-f54cf8834706,609517a1-3a8b-4bd9-8623-3cae47c33a17
12acfc45-bdfb-4343-9004-9be15dfd844c,991eb2a8-284a-4290-ae08-f54cf8834706,895d3d5a-5a67-4c66-8ca8-f3b69e5562a1,->,12acfc45-bdfb-4343-9004-9be15dfd844c,server/model/players/Client.java,getPA
12acfc45-bdfb-4343-9004-9be15dfd844c,991eb2a8-284a-4290-ae08-f54cf8834706,895d3d5a-5a67-4c66-8ca8-f3b69e5562a1,->,12acfc45-bdfb-4343-9004-9be15dfd844c,991eb2a8-284a-4290-ae08-f54cf8834706,609517a1-3a8b-4bd9-8623-3cae47c33a17
12acfc45-bdfb-4343-9004-9be15dfd844c,991eb2a8-284a-4290-ae08-f54cf8834706,895d3d5a-5a67-4c66-8ca8-f3b69e5562a1,->,12acfc45-bdfb-4343-9004-9be15dfd844c,server/model/players/Client.java,getPA
12acfc45-bdfb-4343-9004-9be15dfd844c,991eb2a8-284a-4290-ae08-f54cf8834706,895d3d5a-5a67-4c66-8ca8-f3b69e5562a1,->,12acfc45-bdfb-4343-9004-9be15dfd844c,991eb2a8-284a-4290-ae08-f54cf8834706,609517a1-3a8b-4bd9-8623-3cae47c33a17
12acfc45-bdfb-4343-9004-9be15dfd844c,991eb2a8-284a-4290-ae08-f54cf8834706,895d3d5a-5a67-4c66-8ca8-f3b69e5562a1,->,12acfc45-bdfb-4343-9004-9be15dfd844c,server/model/players/Client.java,getPA
12acfc45-bdfb-4343-9004-9be15dfd844c,991eb2a8-284a-4290-ae08-f54cf8834706,895d3d5a-5a67-4c66-8ca8-f3b69e5562a1,->,12acfc45-bdfb-4343-9004-9be15dfd844c,991eb2a8-284a-4290-ae08-f54cf8834706,609517a1-3a8b-4bd9-8623-3cae47c33a17
12acfc45-bdfb-4343-9004-9be15dfd844c,991eb2a8-284a-4290-ae08-f54cf8834706,895d3d5a-5a67-4c66-8ca8-f3b69e5562a1,->,12acfc45-bdfb-4343-9004-9be15dfd844c,server/model/players/Client.java,getPA
12acfc45-bdfb-4343-9004-9be15dfd844c,991eb2a8-284a-4290-ae08-f54cf8834706,895d3d5a-5a67-4c66-8ca8-f3b69e5562a1,->,12acfc45-bdfb-4343-9004-9be15dfd844c,991eb2a8-284a-4290-ae08-f54cf8834706,609517a1-3a8b-4bd9-8623-3cae47c33a17
12acfc45-bdfb-4343-9004-9be15dfd844c,991eb2a8-284a-4290-ae08-f54cf8834706,895d3d5a-5a67-4c66-8ca8-f3b69e5562a1,->,12acfc45-bdfb-4343-9004-9be15dfd844c,server/model/players/Client.java,getPA
12acfc45-bdfb-4343-9004-9be15dfd844c,991eb2a8-284a-4290-ae08-f54cf8834706,895d3d5a-5a67-4c66-8ca8-f3b69e5562a1,->,12acfc45-bdfb-4343-9004-9be15dfd844c,991eb2a8-284a-4290-ae08-f54cf8834706,609517a1-3a8b-4bd9-8623-3cae47c33a17
12acfc45-bdfb-4343-9004-9be15dfd844c,991eb2a8-284a-4290-ae08-f54cf8834706,895d3d5a-5a67-4c66-8ca8-f3b69e5562a1,->,12acfc45-bdfb-4343-9004-9be15dfd844c,991eb2a8-284a-4290-ae08-f54cf8834706,609517a1-3a8b-4bd9-8623-3cae47c33a17
12acfc45-bdfb-4343-9004-9be15dfd844c,991eb2a8-284a-4290-ae08-f54cf8834706,895d3d5a-5a67-4c66-8ca8-f3b69e5562a1,->,12acfc45-bdfb-4343-9004-9be15dfd844c,server/model/players/Client.java,getPA
12acfc45-bdfb-4343-9004-9be15dfd844c,991eb2a8-284a-4290-ae08-f54cf8834706,895d3d5a-5a67-4c66-8ca8-f3b69e5562a1,->,12acfc45-bdfb-4343-9004-9be15dfd844c,991eb2a8-284a-4290-ae08-f54cf8834706,609517a1-3a8b-4bd9-8623-3cae47c33a17
12acfc45-bdfb-4343-9004-9be15dfd844c,991eb2a8-284a-4290-ae08-f54cf8834706,895d3d5a-5a67-4c66-8ca8-f3b69e5562a1,->,12acfc45-bdfb-4343-9004-9be15dfd844c,server/model/players/Client.java,getPA
12acfc45-bdfb-4343-9004-9be15dfd844c,991eb2a8-284a-4290-ae08-f54cf8834706,895d3d5a-5a67-4c66-8ca8-f3b69e5562a1,->,12acfc45-bdfb-4343-9004-9be15dfd844c,991eb2a8-284a-4290-ae08-f54cf8834706,609517a1-3a8b-4bd9-8623-3cae47c33a17
12acfc45-bdfb-4343-9004-9be15dfd844c,991eb2a8-284a-4290-ae08-f54cf8834706,895d3d5a-5a67-4c66-8ca8-f3b69e5562a1,->,12acfc45-bdfb-4343-9004-9be15dfd844c,server/model/players/Client.java,getPA
12acfc45-bdfb-4343-9004-9be15dfd844c,991eb2a8-284a-4290-ae08-f54cf8834706,895d3d5a-5a67-4c66-8ca8-f3b69e5562a1,->,12acfc45-bdfb-4343-9004-9be15dfd844c,991eb2a8-284a-4290-ae08-f54cf8834706,609517a1-3a8b-4bd9-8623-3cae47c33a17
12acfc45-bdfb-4343-9004-9be15dfd844c,991eb2a8-284a-4290-ae08-f54cf8834706,895d3d5a-5a67-4c66-8ca8-f3b69e5562a1,->,12acfc45-bdfb-4343-9004-9be15dfd844c,server/model/players/Client.java,getPA
12acfc45-bdfb-4343-9004-9be15dfd844c,991eb2a8-284a-4290-ae08-f54cf8834706,895d3d5a-5a67-4c66-8ca8-f3b69e5562a1,->,12acfc45-bdfb-4343-9004-9be15dfd844c,991eb2a8-284a-4290-ae08-f54cf8834706,609517a1-3a8b-4bd9-8623-3cae47c33a17
12acfc45-bdfb-4343-9004-9be15dfd844c,991eb2a8-284a-4290-ae08-f54cf8834706,895d3d5a-5a67-4c66-8ca8-f3b69e5562a1,->,12acfc45-bdfb-4343-9004-9be15dfd844c,server/model/players/Client.java,getPA
12acfc45-bdfb-4343-9004-9be15dfd844c,991eb2a8-284a-4290-ae08-f54cf8834706,895d3d5a-5a67-4c66-8ca8-f3b69e5562a1,->,12acfc45-bdfb-4343-9004-9be15dfd844c,991eb2a8-284a-4290-ae08-f54cf8834706,609517a1-3a8b-4bd9-8623-3cae47c33a17
12acfc45-bdfb-4343-9004-9be15dfd844c,991eb2a8-284a-4290-ae08-f54cf8834706,895d3d5a-5a67-4c66-8ca8-f3b69e5562a1,->,12acfc45-bdfb-4343-9004-9be15dfd844c,server/model/players/Client.java,getPA
12acfc45-bdfb-4343-9004-9be15dfd844c,991eb2a8-284a-4290-ae08-f54cf8834706,895d3d5a-5a67-4c66-8ca8-f3b69e5562a1,->,12acfc45-bdfb-4343-9004-9be15dfd844c,991eb2a8-284a-4290-ae08-f54cf8834706,609517a1-3a8b-4bd9-8623-3cae47c33a17
12acfc45-bdfb-4343-9004-9be15dfd844c,991eb2a8-284a-4290-ae08-f54cf8834706,895d3d5a-5a67-4c66-8ca8-f3b69e5562a1,->,12acfc45-bdfb-4343-9004-9be15dfd844c,server/model/players/Client.java,getPA
12acfc45-bdfb-4343-9004-9be15dfd844c,991eb2a8-284a-4290-ae08-f54cf8834706,895d3d5a-5a67-4c66-8ca8-f3b69e5562a1,->,12acfc45-bdfb-4343-9004-9be15dfd844c,991eb2a8-284a-4290-ae08-f54cf8834706,609517a1-3a8b-4bd9-8623-3cae47c33a17
12acfc45-bdfb-4343-9004-9be15dfd844c,991eb2a8-284a-4290-ae08-f54cf8834706,895d3d5a-5a67-4c66-8ca8-f3b69e5562a1,->,12acfc45-bdfb-4343-9004-9be15dfd844c,server/model/players/Client.java,getPA
12acfc45-bdfb-4343-9004-9be15dfd844c,991eb2a8-284a-4290-ae08-f54cf8834706,895d3d5a-5a67-4c66-8ca8-f3b69e5562a1,->,12acfc45-bdfb-4343-9004-9be15dfd844c,991eb2a8-284a-4290-ae08-f54cf8834706,609517a1-3a8b-4bd9-8623-3cae47c33a17
12acfc45-bdfb-4343-9004-9be15dfd844c,991eb2a8-284a-4290-ae08-f54cf8834706,895d3d5a-5a67-4c66-8ca8-f3b69e5562a1,->,12acfc45-bdfb-4343-9004-9be15dfd844c,server/model/players/Client.java,getPA
12acfc45-bdfb-4343-9004-9be15dfd844c,991eb2a8-284a-4290-ae08-f54cf8834706,895d3d5a-5a67-4c66-8ca8-f3b69e5562a1,->,12acfc45-bdfb-4343-9004-9be15dfd844c,991eb2a8-284a-4290-ae08-f54cf8834706,609517a1-3a8b-4bd9-8623-3cae47c33a17
12acfc45-bdfb-4343-9004-9be15dfd844c,991eb2a8-284a-4290-ae08-f54cf8834706,895d3d5a-5a67-4c66-8ca8-f3b69e5562a1,->,12acfc45-bdfb-4343-9004-9be15dfd844c,server/model/players/Client.java,getPA
12acfc45-bdfb-4343-9004-9be15dfd844c,991eb2a8-284a-4290-ae08-f54cf8834706,895d3d5a-5a67-4c66-8ca8-f3b69e5562a1,->,12acfc45-bdfb-4343-9004-9be15dfd844c,991eb2a8-284a-4290-ae08-f54cf8834706,609517a1-3a8b-4bd9-8623-3cae47c33a17
12acfc45-bdfb-4343-9004-9be15dfd844c,991eb2a8-284a-4290-ae08-f54cf8834706,895d3d5a-5a67-4c66-8ca8-f3b69e5562a1,->,12acfc45-bdfb-4343-9004-9be15dfd844c,server/model/players/Client.java,getPA
12acfc45-bdfb-4343-9004-9be15dfd844c,991eb2a8-284a-4290-ae08-f54cf8834706,895d3d5a-5a67-4c66-8ca8-f3b69e5562a1,->,12acfc45-bdfb-4343-9004-9be15dfd844c,991eb2a8-284a-4290-ae08-f54cf8834706,609517a1-3a8b-4bd9-8623-3cae47c33a17
12acfc45-bdfb-4343-9004-9be15dfd844c,991eb2a8-284a-4290-ae08-f54cf8834706,895d3d5a-5a67-4c66-8ca8-f3b69e5562a1,->,12acfc45-bdfb-4343-9004-9be15dfd844c,server/model/players/Client.java,getPA
12acfc45-bdfb-4343-9004-9be15dfd844c,991eb2a8-284a-4290-ae08-f54cf8834706,895d3d5a-5a67-4c66-8ca8-f3b69e5562a1,->,12acfc45-bdfb-4343-9004-9be15dfd844c,991eb2a8-284a-4290-ae08-f54cf8834706,609517a1-3a8b-4bd9-8623-3cae47c33a17
12acfc45-bdfb-4343-9004-9be15dfd844c,991eb2a8-284a-4290-ae08-f54cf8834706,895d3d5a-5a67-4c66-8ca8-f3b69e5562a1,->,12acfc45-bdfb-4343-9004-9be15dfd844c,server/model/players/Client.java,getPA
12acfc45-bdfb-4343-9004-9be15dfd844c,991eb2a8-284a-4290-ae08-f54cf8834706,895d3d5a-5a67-4c66-8ca8-f3b69e5562a1,->,12acfc45-bdfb-4343-9004-9be15dfd844c,991eb2a8-284a-4290-ae08-f54cf8834706,609517a1-3a8b-4bd9-8623-3cae47c33a17
12acfc45-bdfb-4343-9004-9be15dfd844c,991eb2a8-284a-4290-ae08-f54cf8834706,895d3d5a-5a67-4c66-8ca8-f3b69e5562a1,->,12acfc45-bdfb-4343-9004-9be15dfd844c,server/model/players/Client.java,getPA
12acfc45-bdfb-4343-9004-9be15dfd844c,991eb2a8-284a-4290-ae08-f54cf8834706,895d3d5a-5a67-4c66-8ca8-f3b69e5562a1,->,12acfc45-bdfb-4343-9004-9be15dfd844c,991eb2a8-284a-4290-ae08-f54cf8834706,609517a1-3a8b-4bd9-8623-3cae47c33a17
12acfc45-bdfb-4343-9004-9be15dfd844c,991eb2a8-284a-4290-ae08-f54cf8834706,895d3d5a-5a67-4c66-8ca8-f3b69e5562a1,->,12acfc45-bdfb-4343-9004-9be15dfd844c,server/model/players/Client.java,getPA
12acfc45-bdfb-4343-9004-9be15dfd844c,991eb2a8-284a-4290-ae08-f54cf8834706,895d3d5a-5a67-4c66-8ca8-f3b69e5562a1,->,12acfc45-bdfb-4343-9004-9be15dfd844c,991eb2a8-284a-4290-ae08-f54cf8834706,609517a1-3a8b-4bd9-8623-3cae47c33a17
12acfc45-bdfb-4343-9004-9be15dfd844c,991eb2a8-284a-4290-ae08-f54cf8834706,895d3d5a-5a67-4c66-8ca8-f3b69e5562a1,->,12acfc45-bdfb-4343-9004-9be15dfd844c,server/model/players/Client.java,getPA
12acfc45-bdfb-4343-9004-9be15dfd844c,991eb2a8-284a-4290-ae08-f54cf8834706,895d3d5a-5a67-4c66-8ca8-f3b69e5562a1,->,12acfc45-bdfb-4343-9004-9be15dfd844c,991eb2a8-284a-4290-ae08-f54cf8834706,609517a1-3a8b-4bd9-8623-3cae47c33a17
12acfc45-bdfb-4343-9004-9be15dfd844c,991eb2a8-284a-4290-ae08-f54cf8834706,895d3d5a-5a67-4c66-8ca8-f3b69e5562a1,->,12acfc45-bdfb-4343-9004-9be15dfd844c,server/model/players/Client.java,getPA
12acfc45-bdfb-4343-9004-9be15dfd844c,991eb2a8-284a-4290-ae08-f54cf8834706,895d3d5a-5a67-4c66-8ca8-f3b69e5562a1,->,12acfc45-bdfb-4343-9004-9be15dfd844c,991eb2a8-284a-4290-ae08-f54cf8834706,609517a1-3a8b-4bd9-8623-3cae47c33a17
12acfc45-bdfb-4343-9004-9be15dfd844c,991eb2a8-284a-4290-ae08-f54cf8834706,895d3d5a-5a67-4c66-8ca8-f3b69e5562a1,->,12acfc45-bdfb-4343-9004-9be15dfd844c,server/model/players/Client.java,getPA
12acfc45-bdfb-4343-9004-9be15dfd844c,991eb2a8-284a-4290-ae08-f54cf8834706,895d3d5a-5a67-4c66-8ca8-f3b69e5562a1,->,12acfc45-bdfb-4343-9004-9be15dfd844c,991eb2a8-284a-4290-ae08-f54cf8834706,609517a1-3a8b-4bd9-8623-3cae47c33a17
12acfc45-bdfb-4343-9004-9be15dfd844c,991eb2a8-284a-4290-ae08-f54cf8834706,895d3d5a-5a67-4c66-8ca8-f3b69e5562a1,->,12acfc45-bdfb-4343-9004-9be15dfd844c,server/model/players/Client.java,getPA
12acfc45-bdfb-4343-9004-9be15dfd844c,991eb2a8-284a-4290-ae08-f54cf8834706,895d3d5a-5a67-4c66-8ca8-f3b69e5562a1,->,12acfc45-bdfb-4343-9004-9be15dfd844c,991eb2a8-284a-4290-ae08-f54cf8834706,609517a1-3a8b-4bd9-8623-3cae47c33a17
12acfc45-bdfb-4343-9004-9be15dfd844c,991eb2a8-284a-4290-ae08-f54cf8834706,895d3d5a-5a67-4c66-8ca8-f3b69e5562a1,->,12acfc45-bdfb-4343-9004-9be15dfd844c,server/model/players/Client.java,getPA
12acfc45-bdfb-4343-9004-9be15dfd844c,991eb2a8-284a-4290-ae08-f54cf8834706,895d3d5a-5a67-4c66-8ca8-f3b69e5562a1,->,12acfc45-bdfb-4343-9004-9be15dfd844c,991eb2a8-284a-4290-ae08-f54cf8834706,609517a1-3a8b-4bd9-8623-3cae47c33a17
12acfc45-bdfb-4343-9004-9be15dfd844c,991eb2a8-284a-4290-ae08-f54cf8834706,895d3d5a-5a67-4c66-8ca8-f3b69e5562a1,->,12acfc45-bdfb-4343-9004-9be15dfd844c,server/model/players/Client.java,getPA
12acfc45-bdfb-4343-9004-9be15dfd844c,991eb2a8-284a-4290-ae08-f54cf8834706,895d3d5a-5a67-4c66-8ca8-f3b69e5562a1,->,12acfc45-bdfb-4343-9004-9be15dfd844c,991eb2a8-284a-4290-ae08-f54cf8834706,609517a1-3a8b-4bd9-8623-3cae47c33a17
12acfc45-bdfb-4343-9004-9be15dfd844c,991eb2a8-284a-4290-ae08-f54cf8834706,895d3d5a-5a67-4c66-8ca8-f3b69e5562a1,->,12acfc45-bdfb-4343-9004-9be15dfd844c,server/model/players/Client.java,getPA
12acfc45-bdfb-4343-9004-9be15dfd844c,991eb2a8-284a-4290-ae08-f54cf8834706,895d3d5a-5a67-4c66-8ca8-f3b69e5562a1,->,12acfc45-bdfb-4343-9004-9be15dfd844c,991eb2a8-284a-4290-ae08-f54cf8834706,609517a1-3a8b-4bd9-8623-3cae47c33a17
12acfc45-bdfb-4343-9004-9be15dfd844c,991eb2a8-284a-4290-ae08-f54cf8834706,895d3d5a-5a67-4c66-8ca8-f3b69e5562a1,->,12acfc45-bdfb-4343-9004-9be15dfd844c,server/model/players/Client.java,getPA
12acfc45-bdfb-4343-9004-9be15dfd844c,991eb2a8-284a-4290-ae08-f54cf8834706,895d3d5a-5a67-4c66-8ca8-f3b69e5562a1,->,12acfc45-bdfb-4343-9004-9be15dfd844c,991eb2a8-284a-4290-ae08-f54cf8834706,609517a1-3a8b-4bd9-8623-3cae47c33a17
12acfc45-bdfb-4343-9004-9be15dfd844c,991eb2a8-284a-4290-ae08-f54cf8834706,895d3d5a-5a67-4c66-8ca8-f3b69e5562a1,->,12acfc45-bdfb-4343-9004-9be15dfd844c,server/model/players/Client.java,getPA
12acfc45-bdfb-4343-9004-9be15dfd844c,991eb2a8-284a-4290-ae08-f54cf8834706,895d3d5a-5a67-4c66-8ca8-f3b69e5562a1,->,12acfc45-bdfb-4343-9004-9be15dfd844c,991eb2a8-284a-4290-ae08-f54cf8834706,609517a1-3a8b-4bd9-8623-3cae47c33a17
12acfc45-bdfb-4343-9004-9be15dfd844c,991eb2a8-284a-4290-ae08-f54cf8834706,895d3d5a-5a67-4c66-8ca8-f3b69e5562a1,->,12acfc45-bdfb-4343-9004-9be15dfd844c,server/model/players/Client.java,getPA
12acfc45-bdfb-4343-9004-9be15dfd844c,991eb2a8-284a-4290-ae08-f54cf8834706,895d3d5a-5a67-4c66-8ca8-f3b69e5562a1,->,12acfc45-bdfb-4343-9004-9be15dfd844c,991eb2a8-284a-4290-ae08-f54cf8834706,609517a1-3a8b-4bd9-8623-3cae47c33a17
12acfc45-bdfb-4343-9004-9be15dfd844c,991eb2a8-284a-4290-ae08-f54cf8834706,895d3d5a-5a67-4c66-8ca8-f3b69e5562a1,->,12acfc45-bdfb-4343-9004-9be15dfd844c,server/model/players/Client.java,getPA
12acfc45-bdfb-4343-9004-9be15dfd844c,991eb2a8-284a-4290-ae08-f54cf8834706,895d3d5a-5a67-4c66-8ca8-f3b69e5562a1,->,12acfc45-bdfb-4343-9004-9be15dfd844c,991eb2a8-284a-4290-ae08-f54cf8834706,609517a1-3a8b-4bd9-8623-3cae47c33a17
12acfc45-bdfb-4343-9004-9be15dfd844c,991eb2a8-284a-4290-ae08-f54cf8834706,895d3d5a-5a67-4c66-8ca8-f3b69e5562a1,->,12acfc45-bdfb-4343-9004-9be15dfd844c,server/model/players/Client.java,getPA
12acfc45-bdfb-4343-9004-9be15dfd844c,991eb2a8-284a-4290-ae08-f54cf8834706,895d3d5a-5a67-4c66-8ca8-f3b69e5562a1,->,12acfc45-bdfb-4343-9004-9be15dfd844c,991eb2a8-284a-4290-ae08-f54cf8834706,609517a1-3a8b-4bd9-8623-3cae47c33a17
12acfc45-bdfb-4343-9004-9be15dfd844c,991eb2a8-284a-4290-ae08-f54cf8834706,895d3d5a-5a67-4c66-8ca8-f3b69e5562a1,->,12acfc45-bdfb-4343-9004-9be15dfd844c,server/model/players/Client.java,getPA
12acfc45-bdfb-4343-9004-9be15dfd844c,991eb2a8-284a-4290-ae08-f54cf8834706,895d3d5a-5a67-4c66-8ca8-f3b69e5562a1,->,12acfc45-bdfb-4343-9004-9be15dfd844c,991eb2a8-284a-4290-ae08-f54cf8834706,609517a1-3a8b-4bd9-8623-3cae47c33a17
12acfc45-bdfb-4343-9004-9be15dfd844c,991eb2a8-284a-4290-ae08-f54cf8834706,895d3d5a-5a67-4c66-8ca8-f3b69e5562a1,->,12acfc45-bdfb-4343-9004-9be15dfd844c,server/model/players/Client.java,getPA
12acfc45-bdfb-4343-9004-9be15dfd844c,991eb2a8-284a-4290-ae08-f54cf8834706,895d3d5a-5a67-4c66-8ca8-f3b69e5562a1,->,12acfc45-bdfb-4343-9004-9be15dfd844c,991eb2a8-284a-4290-ae08-f54cf8834706,609517a1-3a8b-4bd9-8623-3cae47c33a17
12acfc45-bdfb-4343-9004-9be15dfd844c,991eb2a8-284a-4290-ae08-f54cf8834706,895d3d5a-5a67-4c66-8ca8-f3b69e5562a1,->,12acfc45-bdfb-4343-9004-9be15dfd844c,server/model/players/Client.java,getPA
12acfc45-bdfb-4343-9004-9be15dfd844c,991eb2a8-284a-4290-ae08-f54cf8834706,895d3d5a-5a67-4c66-8ca8-f3b69e5562a1,->,12acfc45-bdfb-4343-9004-9be15dfd844c,991eb2a8-284a-4290-ae08-f54cf8834706,609517a1-3a8b-4bd9-8623-3cae47c33a17
12acfc45-bdfb-4343-9004-9be15dfd844c,991eb2a8-284a-4290-ae08-f54cf8834706,895d3d5a-5a67-4c66-8ca8-f3b69e5562a1,->,12acfc45-bdfb-4343-9004-9be15dfd844c,server/model/players/Client.java,getPA
12acfc45-bdfb-4343-9004-9be15dfd844c,991eb2a8-284a-4290-ae08-f54cf8834706,895d3d5a-5a67-4c66-8ca8-f3b69e5562a1,->,12acfc45-bdfb-4343-9004-9be15dfd844c,991eb2a8-284a-4290-ae08-f54cf8834706,609517a1-3a8b-4bd9-8623-3cae47c33a17
12acfc45-bdfb-4343-9004-9be15dfd844c,991eb2a8-284a-4290-ae08-f54cf8834706,895d3d5a-5a67-4c66-8ca8-f3b69e5562a1,->,12acfc45-bdfb-4343-9004-9be15dfd844c,server/model/players/Client.java,getPA
12acfc45-bdfb-4343-9004-9be15dfd844c,991eb2a8-284a-4290-ae08-f54cf8834706,895d3d5a-5a67-4c66-8ca8-f3b69e5562a1,->,12acfc45-bdfb-4343-9004-9be15dfd844c,991eb2a8-284a-4290-ae08-f54cf8834706,609517a1-3a8b-4bd9-8623-3cae47c33a17
12acfc45-bdfb-4343-9004-9be15dfd844c,991eb2a8-284a-4290-ae08-f54cf8834706,895d3d5a-5a67-4c66-8ca8-f3b69e5562a1,->,12acfc45-bdfb-4343-9004-9be15dfd844c,server/model/players/Client.java,getPA
12acfc45-bdfb-4343-9004-9be15dfd844c,991eb2a8-284a-4290-ae08-f54cf8834706,895d3d5a-5a67-4c66-8ca8-f3b69e5562a1,->,12acfc45-bdfb-4343-9004-9be15dfd844c,991eb2a8-284a-4290-ae08-f54cf8834706,609517a1-3a8b-4bd9-8623-3cae47c33a17
12acfc45-bdfb-4343-9004-9be15dfd844c,991eb2a8-284a-4290-ae08-f54cf8834706,895d3d5a-5a67-4c66-8ca8-f3b69e5562a1,->,12acfc45-bdfb-4343-9004-9be15dfd844c,server/model/players/Client.java,getPA
12acfc45-bdfb-4343-9004-9be15dfd844c,991eb2a8-284a-4290-ae08-f54cf8834706,895d3d5a-5a67-4c66-8ca8-f3b69e5562a1,->,12acfc45-bdfb-4343-9004-9be15dfd844c,991eb2a8-284a-4290-ae08-f54cf8834706,609517a1-3a8b-4bd9-8623-3cae47c33a17
12acfc45-bdfb-4343-9004-9be15dfd844c,991eb2a8-284a-4290-ae08-f54cf8834706,895d3d5a-5a67-4c66-8ca8-f3b69e5562a1,->,12acfc45-bdfb-4343-9004-9be15dfd844c,server/model/players/Client.java,getPA
12acfc45-bdfb-4343-9004-9be15dfd844c,991eb2a8-284a-4290-ae08-f54cf8834706,895d3d5a-5a67-4c66-8ca8-f3b69e5562a1,->,12acfc45-bdfb-4343-9004-9be15dfd844c,991eb2a8-284a-4290-ae08-f54cf8834706,609517a1-3a8b-4bd9-8623-3cae47c33a17
12acfc45-bdfb-4343-9004-9be15dfd844c,991eb2a8-284a-4290-ae08-f54cf8834706,895d3d5a-5a67-4c66-8ca8-f3b69e5562a1,->,12acfc45-bdfb-4343-9004-9be15dfd844c,server/model/players/Client.java,getPA
12acfc45-bdfb-4343-9004-9be15dfd844c,991eb2a8-284a-4290-ae08-f54cf8834706,895d3d5a-5a67-4c66-8ca8-f3b69e5562a1,->,12acfc45-bdfb-4343-9004-9be15dfd844c,991eb2a8-284a-4290-ae08-f54cf8834706,609517a1-3a8b-4bd9-8623-3cae47c33a17
12acfc45-bdfb-4343-9004-9be15dfd844c,991eb2a8-284a-4290-ae08-f54cf8834706,895d3d5a-5a67-4c66-8ca8-f3b69e5562a1,->,12acfc45-bdfb-4343-9004-9be15dfd844c,server/model/players/Client.java,getPA
12acfc45-bdfb-4343-9004-9be15dfd844c,991eb2a8-284a-4290-ae08-f54cf8834706,895d3d5a-5a67-4c66-8ca8-f3b69e5562a1,->,12acfc45-bdfb-4343-9004-9be15dfd844c,991eb2a8-284a-4290-ae08-f54cf8834706,609517a1-3a8b-4bd9-8623-3cae47c33a17
12acfc45-bdfb-4343-9004-9be15dfd844c,991eb2a8-284a-4290-ae08-f54cf8834706,895d3d5a-5a67-4c66-8ca8-f3b69e5562a1,->,12acfc45-bdfb-4343-9004-9be15dfd844c,server/model/players/Client.java,getPA
12acfc45-bdfb-4343-9004-9be15dfd844c,991eb2a8-284a-4290-ae08-f54cf8834706,895d3d5a-5a67-4c66-8ca8-f3b69e5562a1,->,12acfc45-bdfb-4343-9004-9be15dfd844c,991eb2a8-284a-4290-ae08-f54cf8834706,609517a1-3a8b-4bd9-8623-3cae47c33a17
12acfc45-bdfb-4343-9004-9be15dfd844c,991eb2a8-284a-4290-ae08-f54cf8834706,895d3d5a-5a67-4c66-8ca8-f3b69e5562a1,->,12acfc45-bdfb-4343-9004-9be15dfd844c,server/model/players/Client.java,getPA
12acfc45-bdfb-4343-9004-9be15dfd844c,991eb2a8-284a-4290-ae08-f54cf8834706,895d3d5a-5a67-4c66-8ca8-f3b69e5562a1,->,12acfc45-bdfb-4343-9004-9be15dfd844c,991eb2a8-284a-4290-ae08-f54cf8834706,609517a1-3a8b-4bd9-8623-3cae47c33a17
12acfc45-bdfb-4343-9004-9be15dfd844c,991eb2a8-284a-4290-ae08-f54cf8834706,895d3d5a-5a67-4c66-8ca8-f3b69e5562a1,->,12acfc45-bdfb-4343-9004-9be15dfd844c,server/model/players/Client.java,getPA
12acfc45-bdfb-4343-9004-9be15dfd844c,991eb2a8-284a-4290-ae08-f54cf8834706,895d3d5a-5a67-4c66-8ca8-f3b69e5562a1,->,12acfc45-bdfb-4343-9004-9be15dfd844c,991eb2a8-284a-4290-ae08-f54cf8834706,609517a1-3a8b-4bd9-8623-3cae47c33a17
12acfc45-bdfb-4343-9004-9be15dfd844c,991eb2a8-284a-4290-ae08-f54cf8834706,895d3d5a-5a67-4c66-8ca8-f3b69e5562a1,->,12acfc45-bdfb-4343-9004-9be15dfd844c,server/model/players/Client.java,getPA
12acfc45-bdfb-4343-9004-9be15dfd844c,991eb2a8-284a-4290-ae08-f54cf8834706,895d3d5a-5a67-4c66-8ca8-f3b69e5562a1,->,12acfc45-bdfb-4343-9004-9be15dfd844c,991eb2a8-284a-4290-ae08-f54cf8834706,609517a1-3a8b-4bd9-8623-3cae47c33a17
12acfc45-bdfb-4343-9004-9be15dfd844c,991eb2a8-284a-4290-ae08-f54cf8834706,895d3d5a-5a67-4c66-8ca8-f3b69e5562a1,->,12acfc45-bdfb-4343-9004-9be15dfd844c,server/model/players/Client.java,getPA
12acfc45-bdfb-4343-9004-9be15dfd844c,991eb2a8-284a-4290-ae08-f54cf8834706,895d3d5a-5a67-4c66-8ca8-f3b69e5562a1,->,12acfc45-bdfb-4343-9004-9be15dfd844c,991eb2a8-284a-4290-ae08-f54cf8834706,609517a1-3a8b-4bd9-8623-3cae47c33a17
12acfc45-bdfb-4343-9004-9be15dfd844c,991eb2a8-284a-4290-ae08-f54cf8834706,895d3d5a-5a67-4c66-8ca8-f3b69e5562a1,->,12acfc45-bdfb-4343-9004-9be15dfd844c,server/model/players/Client.java,getPA
12acfc45-bdfb-4343-9004-9be15dfd844c,991eb2a8-284a-4290-ae08-f54cf8834706,895d3d5a-5a67-4c66-8ca8-f3b69e5562a1,->,12acfc45-bdfb-4343-9004-9be15dfd844c,991eb2a8-284a-4290-ae08-f54cf8834706,609517a1-3a8b-4bd9-8623-3cae47c33a17
12acfc45-bdfb-4343-9004-9be15dfd844c,991eb2a8-284a-4290-ae08-f54cf8834706,895d3d5a-5a67-4c66-8ca8-f3b69e5562a1,->,12acfc45-bdfb-4343-9004-9be15dfd844c,server/model/players/Client.java,getPA
12acfc45-bdfb-4343-9004-9be15dfd844c,991eb2a8-284a-4290-ae08-f54cf8834706,895d3d5a-5a67-4c66-8ca8-f3b69e5562a1,->,12acfc45-bdfb-4343-9004-9be15dfd844c,991eb2a8-284a-4290-ae08-f54cf8834706,609517a1-3a8b-4bd9-8623-3cae47c33a17
12acfc45-bdfb-4343-9004-9be15dfd844c,991eb2a8-284a-4290-ae08-f54cf8834706,895d3d5a-5a67-4c66-8ca8-f3b69e5562a1,->,12acfc45-bdfb-4343-9004-9be15dfd844c,server/model/players/Client.java,getPA
12acfc45-bdfb-4343-9004-9be15dfd844c,991eb2a8-284a-4290-ae08-f54cf8834706,895d3d5a-5a67-4c66-8ca8-f3b69e5562a1,->,12acfc45-bdfb-4343-9004-9be15dfd844c,991eb2a8-284a-4290-ae08-f54cf8834706,609517a1-3a8b-4bd9-8623-3cae47c33a17
12acfc45-bdfb-4343-9004-9be15dfd844c,991eb2a8-284a-4290-ae08-f54cf8834706,895d3d5a-5a67-4c66-8ca8-f3b69e5562a1,->,12acfc45-bdfb-4343-9004-9be15dfd844c,server/model/players/Client.java,getPA
12acfc45-bdfb-4343-9004-9be15dfd844c,991eb2a8-284a-4290-ae08-f54cf8834706,895d3d5a-5a67-4c66-8ca8-f3b69e5562a1,->,12acfc45-bdfb-4343-9004-9be15dfd844c,991eb2a8-284a-4290-ae08-f54cf8834706,609517a1-3a8b-4bd9-8623-3cae47c33a17
12acfc45-bdfb-4343-9004-9be15dfd844c,991eb2a8-284a-4290-ae08-f54cf8834706,895d3d5a-5a67-4c66-8ca8-f3b69e5562a1,->,12acfc45-bdfb-4343-9004-9be15dfd844c,server/model/players/Client.java,getPA
12acfc45-bdfb-4343-9004-9be15dfd844c,991eb2a8-284a-4290-ae08-f54cf8834706,895d3d5a-5a67-4c66-8ca8-f3b69e5562a1,->,12acfc45-bdfb-4343-9004-9be15dfd844c,991eb2a8-284a-4290-ae08-f54cf8834706,609517a1-3a8b-4bd9-8623-3cae47c33a17
12acfc45-bdfb-4343-9004-9be15dfd844c,991eb2a8-284a-4290-ae08-f54cf8834706,895d3d5a-5a67-4c66-8ca8-f3b69e5562a1,->,12acfc45-bdfb-4343-9004-9be15dfd844c,server/model/players/Client.java,getPA
12acfc45-bdfb-4343-9004-9be15dfd844c,991eb2a8-284a-4290-ae08-f54cf8834706,895d3d5a-5a67-4c66-8ca8-f3b69e5562a1,->,12acfc45-bdfb-4343-9004-9be15dfd844c,991eb2a8-284a-4290-ae08-f54cf8834706,609517a1-3a8b-4bd9-8623-3cae47c33a17
12acfc45-bdfb-4343-9004-9be15dfd844c,991eb2a8-284a-4290-ae08-f54cf8834706,895d3d5a-5a67-4c66-8ca8-f3b69e5562a1,->,12acfc45-bdfb-4343-9004-9be15dfd844c,server/model/players/Client.java,getPA
12acfc45-bdfb-4343-9004-9be15dfd844c,991eb2a8-284a-4290-ae08-f54cf8834706,895d3d5a-5a67-4c66-8ca8-f3b69e5562a1,->,12acfc45-bdfb-4343-9004-9be15dfd844c,991eb2a8-284a-4290-ae08-f54cf8834706,609517a1-3a8b-4bd9-8623-3cae47c33a17
12acfc45-bdfb-4343-9004-9be15dfd844c,991eb2a8-284a-4290-ae08-f54cf8834706,895d3d5a-5a67-4c66-8ca8-f3b69e5562a1,->,12acfc45-bdfb-4343-9004-9be15dfd844c,server/model/players/Client.java,getPA
12acfc45-bdfb-4343-9004-9be15dfd844c,991eb2a8-284a-4290-ae08-f54cf8834706,895d3d5a-5a67-4c66-8ca8-f3b69e5562a1,->,12acfc45-bdfb-4343-9004-9be15dfd844c,991eb2a8-284a-4290-ae08-f54cf8834706,609517a1-3a8b-4bd9-8623-3cae47c33a17
12acfc45-bdfb-4343-9004-9be15dfd844c,991eb2a8-284a-4290-ae08-f54cf8834706,895d3d5a-5a67-4c66-8ca8-f3b69e5562a1,->,12acfc45-bdfb-4343-9004-9be15dfd844c,server/model/players/Client.java,getPA
12acfc45-bdfb-4343-9004-9be15dfd844c,991eb2a8-284a-4290-ae08-f54cf8834706,895d3d5a-5a67-4c66-8ca8-f3b69e5562a1,->,12acfc45-bdfb-4343-9004-9be15dfd844c,991eb2a8-284a-4290-ae08-f54cf8834706,609517a1-3a8b-4bd9-8623-3cae47c33a17
12acfc45-bdfb-4343-9004-9be15dfd844c,991eb2a8-284a-4290-ae08-f54cf8834706,895d3d5a-5a67-4c66-8ca8-f3b69e5562a1,->,12acfc45-bdfb-4343-9004-9be15dfd844c,server/model/players/Client.java,getPA
12acfc45-bdfb-4343-9004-9be15dfd844c,991eb2a8-284a-4290-ae08-f54cf8834706,895d3d5a-5a67-4c66-8ca8-f3b69e5562a1,->,12acfc45-bdfb-4343-9004-9be15dfd844c,991eb2a8-284a-4290-ae08-f54cf8834706,609517a1-3a8b-4bd9-8623-3cae47c33a17
12acfc45-bdfb-4343-9004-9be15dfd844c,991eb2a8-284a-4290-ae08-f54cf8834706,895d3d5a-5a67-4c66-8ca8-f3b69e5562a1,->,12acfc45-bdfb-4343-9004-9be15dfd844c,server/model/players/Client.java,getPA
12acfc45-bdfb-4343-9004-9be15dfd844c,991eb2a8-284a-4290-ae08-f54cf8834706,895d3d5a-5a67-4c66-8ca8-f3b69e5562a1,->,12acfc45-bdfb-4343-9004-9be15dfd844c,991eb2a8-284a-4290-ae08-f54cf8834706,609517a1-3a8b-4bd9-8623-3cae47c33a17
12acfc45-bdfb-4343-9004-9be15dfd844c,991eb2a8-284a-4290-ae08-f54cf8834706,895d3d5a-5a67-4c66-8ca8-f3b69e5562a1,->,12acfc45-bdfb-4343-9004-9be15dfd844c,server/model/players/Client.java,getPA
12acfc45-bdfb-4343-9004-9be15dfd844c,991eb2a8-284a-4290-ae08-f54cf8834706,895d3d5a-5a67-4c66-8ca8-f3b69e5562a1,->,12acfc45-bdfb-4343-9004-9be15dfd844c,991eb2a8-284a-4290-ae08-f54cf8834706,609517a1-3a8b-4bd9-8623-3cae47c33a17
12acfc45-bdfb-4343-9004-9be15dfd844c,991eb2a8-284a-4290-ae08-f54cf8834706,895d3d5a-5a67-4c66-8ca8-f3b69e5562a1,->,12acfc45-bdfb-4343-9004-9be15dfd844c,server/model/players/Client.java,getPA
12acfc45-bdfb-4343-9004-9be15dfd844c,991eb2a8-284a-4290-ae08-f54cf8834706,895d3d5a-5a67-4c66-8ca8-f3b69e5562a1,->,12acfc45-bdfb-4343-9004-9be15dfd844c,991eb2a8-284a-4290-ae08-f54cf8834706,609517a1-3a8b-4bd9-8623-3cae47c33a17
12acfc45-bdfb-4343-9004-9be15dfd844c,991eb2a8-284a-4290-ae08-f54cf8834706,895d3d5a-5a67-4c66-8ca8-f3b69e5562a1,->,12acfc45-bdfb-4343-9004-9be15dfd844c,server/model/players/Client.java,getPA
12acfc45-bdfb-4343-9004-9be15dfd844c,991eb2a8-284a-4290-ae08-f54cf8834706,895d3d5a-5a67-4c66-8ca8-f3b69e5562a1,->,12acfc45-bdfb-4343-9004-9be15dfd844c,991eb2a8-284a-4290-ae08-f54cf8834706,609517a1-3a8b-4bd9-8623-3cae47c33a17
12acfc45-bdfb-4343-9004-9be15dfd844c,991eb2a8-284a-4290-ae08-f54cf8834706,895d3d5a-5a67-4c66-8ca8-f3b69e5562a1,->,12acfc45-bdfb-4343-9004-9be15dfd844c,server/model/players/Client.java,getPA
12acfc45-bdfb-4343-9004-9be15dfd844c,991eb2a8-284a-4290-ae08-f54cf8834706,895d3d5a-5a67-4c66-8ca8-f3b69e5562a1,->,12acfc45-bdfb-4343-9004-9be15dfd844c,991eb2a8-284a-4290-ae08-f54cf8834706,609517a1-3a8b-4bd9-8623-3cae47c33a17
12acfc45-bdfb-4343-9004-9be15dfd844c,991eb2a8-284a-4290-ae08-f54cf8834706,895d3d5a-5a67-4c66-8ca8-f3b69e5562a1,->,12acfc45-bdfb-4343-9004-9be15dfd844c,server/model/players/Client.java,getPA
12acfc45-bdfb-4343-9004-9be15dfd844c,991eb2a8-284a-4290-ae08-f54cf8834706,895d3d5a-5a67-4c66-8ca8-f3b69e5562a1,->,12acfc45-bdfb-4343-9004-9be15dfd844c,991eb2a8-284a-4290-ae08-f54cf8834706,609517a1-3a8b-4bd9-8623-3cae47c33a17
12acfc45-bdfb-4343-9004-9be15dfd844c,991eb2a8-284a-4290-ae08-f54cf8834706,895d3d5a-5a67-4c66-8ca8-f3b69e5562a1,->,12acfc45-bdfb-4343-9004-9be15dfd844c,server/model/players/Client.java,getPA
12acfc45-bdfb-4343-9004-9be15dfd844c,991eb2a8-284a-4290-ae08-f54cf8834706,895d3d5a-5a67-4c66-8ca8-f3b69e5562a1,->,12acfc45-bdfb-4343-9004-9be15dfd844c,991eb2a8-284a-4290-ae08-f54cf8834706,609517a1-3a8b-4bd9-8623-3cae47c33a17
12acfc45-bdfb-4343-9004-9be15dfd844c,991eb2a8-284a-4290-ae08-f54cf8834706,895d3d5a-5a67-4c66-8ca8-f3b69e5562a1,->,12acfc45-bdfb-4343-9004-9be15dfd844c,server/model/players/Client.java,getPA
12acfc45-bdfb-4343-9004-9be15dfd844c,991eb2a8-284a-4290-ae08-f54cf8834706,895d3d5a-5a67-4c66-8ca8-f3b69e5562a1,->,12acfc45-bdfb-4343-9004-9be15dfd844c,991eb2a8-284a-4290-ae08-f54cf8834706,609517a1-3a8b-4bd9-8623-3cae47c33a17
12acfc45-bdfb-4343-9004-9be15dfd844c,991eb2a8-284a-4290-ae08-f54cf8834706,895d3d5a-5a67-4c66-8ca8-f3b69e5562a1,->,12acfc45-bdfb-4343-9004-9be15dfd844c,server/model/players/Client.java,getPA
12acfc45-bdfb-4343-9004-9be15dfd844c,991eb2a8-284a-4290-ae08-f54cf8834706,895d3d5a-5a67-4c66-8ca8-f3b69e5562a1,->,12acfc45-bdfb-4343-9004-9be15dfd844c,991eb2a8-284a-4290-ae08-f54cf8834706,609517a1-3a8b-4bd9-8623-3cae47c33a17
12acfc45-bdfb-4343-9004-9be15dfd844c,991eb2a8-284a-4290-ae08-f54cf8834706,895d3d5a-5a67-4c66-8ca8-f3b69e5562a1,->,12acfc45-bdfb-4343-9004-9be15dfd844c,server/model/players/Client.java,getPA
12acfc45-bdfb-4343-9004-9be15dfd844c,991eb2a8-284a-4290-ae08-f54cf8834706,895d3d5a-5a67-4c66-8ca8-f3b69e5562a1,->,12acfc45-bdfb-4343-9004-9be15dfd844c,991eb2a8-284a-4290-ae08-f54cf8834706,609517a1-3a8b-4bd9-8623-3cae47c33a17
12acfc45-bdfb-4343-9004-9be15dfd844c,991eb2a8-284a-4290-ae08-f54cf8834706,895d3d5a-5a67-4c66-8ca8-f3b69e5562a1,->,12acfc45-bdfb-4343-9004-9be15dfd844c,server/model/players/Client.java,getPA
12acfc45-bdfb-4343-9004-9be15dfd844c,991eb2a8-284a-4290-ae08-f54cf8834706,895d3d5a-5a67-4c66-8ca8-f3b69e5562a1,->,12acfc45-bdfb-4343-9004-9be15dfd844c,991eb2a8-284a-4290-ae08-f54cf8834706,609517a1-3a8b-4bd9-8623-3cae47c33a17
12acfc45-bdfb-4343-9004-9be15dfd844c,991eb2a8-284a-4290-ae08-f54cf8834706,895d3d5a-5a67-4c66-8ca8-f3b69e5562a1,->,12acfc45-bdfb-4343-9004-9be15dfd844c,server/model/players/Client.java,getPA
12acfc45-bdfb-4343-9004-9be15dfd844c,991eb2a8-284a-4290-ae08-f54cf8834706,895d3d5a-5a67-4c66-8ca8-f3b69e5562a1,->,12acfc45-bdfb-4343-9004-9be15dfd844c,991eb2a8-284a-4290-ae08-f54cf8834706,609517a1-3a8b-4bd9-8623-3cae47c33a17
12acfc45-bdfb-4343-9004-9be15dfd844c,991eb2a8-284a-4290-ae08-f54cf8834706,895d3d5a-5a67-4c66-8ca8-f3b69e5562a1,->,12acfc45-bdfb-4343-9004-9be15dfd844c,server/model/players/Client.java,getPA
12acfc45-bdfb-4343-9004-9be15dfd844c,991eb2a8-284a-4290-ae08-f54cf8834706,895d3d5a-5a67-4c66-8ca8-f3b69e5562a1,->,12acfc45-bdfb-4343-9004-9be15dfd844c,991eb2a8-284a-4290-ae08-f54cf8834706,609517a1-3a8b-4bd9-8623-3cae47c33a17
12acfc45-bdfb-4343-9004-9be15dfd844c,991eb2a8-284a-4290-ae08-f54cf8834706,895d3d5a-5a67-4c66-8ca8-f3b69e5562a1,->,12acfc45-bdfb-4343-9004-9be15dfd844c,server/model/players/Client.java,getPA
12acfc45-bdfb-4343-9004-9be15dfd844c,991eb2a8-284a-4290-ae08-f54cf8834706,895d3d5a-5a67-4c66-8ca8-f3b69e5562a1,->,12acfc45-bdfb-4343-9004-9be15dfd844c,991eb2a8-284a-4290-ae08-f54cf8834706,609517a1-3a8b-4bd9-8623-3cae47c33a17
12acfc45-bdfb-4343-9004-9be15dfd844c,991eb2a8-284a-4290-ae08-f54cf8834706,895d3d5a-5a67-4c66-8ca8-f3b69e5562a1,->,12acfc45-bdfb-4343-9004-9be15dfd844c,server/model/players/Client.java,getPA
12acfc45-bdfb-4343-9004-9be15dfd844c,991eb2a8-284a-4290-ae08-f54cf8834706,895d3d5a-5a67-4c66-8ca8-f3b69e5562a1,->,12acfc45-bdfb-4343-9004-9be15dfd844c,991eb2a8-284a-4290-ae08-f54cf8834706,609517a1-3a8b-4bd9-8623-3cae47c33a17
12acfc45-bdfb-4343-9004-9be15dfd844c,991eb2a8-284a-4290-ae08-f54cf8834706,895d3d5a-5a67-4c66-8ca8-f3b69e5562a1,->,12acfc45-bdfb-4343-9004-9be15dfd844c,server/model/players/Client.java,getPA
12acfc45-bdfb-4343-9004-9be15dfd844c,991eb2a8-284a-4290-ae08-f54cf8834706,895d3d5a-5a67-4c66-8ca8-f3b69e5562a1,->,12acfc45-bdfb-4343-9004-9be15dfd844c,991eb2a8-284a-4290-ae08-f54cf8834706,609517a1-3a8b-4bd9-8623-3cae47c33a17
12acfc45-bdfb-4343-9004-9be15dfd844c,991eb2a8-284a-4290-ae08-f54cf8834706,895d3d5a-5a67-4c66-8ca8-f3b69e5562a1,->,12acfc45-bdfb-4343-9004-9be15dfd844c,server/model/players/Client.java,getPA
12acfc45-bdfb-4343-9004-9be15dfd844c,991eb2a8-284a-4290-ae08-f54cf8834706,895d3d5a-5a67-4c66-8ca8-f3b69e5562a1,->,12acfc45-bdfb-4343-9004-9be15dfd844c,991eb2a8-284a-4290-ae08-f54cf8834706,609517a1-3a8b-4bd9-8623-3cae47c33a17
12acfc45-bdfb-4343-9004-9be15dfd844c,991eb2a8-284a-4290-ae08-f54cf8834706,895d3d5a-5a67-4c66-8ca8-f3b69e5562a1,->,12acfc45-bdfb-4343-9004-9be15dfd844c,server/model/players/Client.java,getPA
12acfc45-bdfb-4343-9004-9be15dfd844c,991eb2a8-284a-4290-ae08-f54cf8834706,895d3d5a-5a67-4c66-8ca8-f3b69e5562a1,->,12acfc45-bdfb-4343-9004-9be15dfd844c,991eb2a8-284a-4290-ae08-f54cf8834706,609517a1-3a8b-4bd9-8623-3cae47c33a17
12acfc45-bdfb-4343-9004-9be15dfd844c,991eb2a8-284a-4290-ae08-f54cf8834706,895d3d5a-5a67-4c66-8ca8-f3b69e5562a1,->,12acfc45-bdfb-4343-9004-9be15dfd844c,server/model/players/Client.java,getPA
12acfc45-bdfb-4343-9004-9be15dfd844c,991eb2a8-284a-4290-ae08-f54cf8834706,895d3d5a-5a67-4c66-8ca8-f3b69e5562a1,->,12acfc45-bdfb-4343-9004-9be15dfd844c,991eb2a8-284a-4290-ae08-f54cf8834706,609517a1-3a8b-4bd9-8623-3cae47c33a17
12acfc45-bdfb-4343-9004-9be15dfd844c,991eb2a8-284a-4290-ae08-f54cf8834706,895d3d5a-5a67-4c66-8ca8-f3b69e5562a1,->,12acfc45-bdfb-4343-9004-9be15dfd844c,server/model/players/Client.java,getPA
12acfc45-bdfb-4343-9004-9be15dfd844c,991eb2a8-284a-4290-ae08-f54cf8834706,895d3d5a-5a67-4c66-8ca8-f3b69e5562a1,->,12acfc45-bdfb-4343-9004-9be15dfd844c,991eb2a8-284a-4290-ae08-f54cf8834706,609517a1-3a8b-4bd9-8623-3cae47c33a17
12acfc45-bdfb-4343-9004-9be15dfd844c,991eb2a8-284a-4290-ae08-f54cf8834706,895d3d5a-5a67-4c66-8ca8-f3b69e5562a1,->,12acfc45-bdfb-4343-9004-9be15dfd844c,server/model/players/Client.java,getPA
12acfc45-bdfb-4343-9004-9be15dfd844c,991eb2a8-284a-4290-ae08-f54cf8834706,895d3d5a-5a67-4c66-8ca8-f3b69e5562a1,->,12acfc45-bdfb-4343-9004-9be15dfd844c,991eb2a8-284a-4290-ae08-f54cf8834706,609517a1-3a8b-4bd9-8623-3cae47c33a17
12acfc45-bdfb-4343-9004-9be15dfd844c,991eb2a8-284a-4290-ae08-f54cf8834706,895d3d5a-5a67-4c66-8ca8-f3b69e5562a1,->,12acfc45-bdfb-4343-9004-9be15dfd844c,server/model/players/Client.java,getPA
12acfc45-bdfb-4343-9004-9be15dfd844c,991eb2a8-284a-4290-ae08-f54cf8834706,895d3d5a-5a67-4c66-8ca8-f3b69e5562a1,->,12acfc45-bdfb-4343-9004-9be15dfd844c,991eb2a8-284a-4290-ae08-f54cf8834706,609517a1-3a8b-4bd9-8623-3cae47c33a17
12acfc45-bdfb-4343-9004-9be15dfd844c,991eb2a8-284a-4290-ae08-f54cf8834706,895d3d5a-5a67-4c66-8ca8-f3b69e5562a1,->,12acfc45-bdfb-4343-9004-9be15dfd844c,server/model/players/Client.java,getPA
12acfc45-bdfb-4343-9004-9be15dfd844c,991eb2a8-284a-4290-ae08-f54cf8834706,895d3d5a-5a67-4c66-8ca8-f3b69e5562a1,->,12acfc45-bdfb-4343-9004-9be15dfd844c,991eb2a8-284a-4290-ae08-f54cf8834706,609517a1-3a8b-4bd9-8623-3cae47c33a17
12acfc45-bdfb-4343-9004-9be15dfd844c,991eb2a8-284a-4290-ae08-f54cf8834706,895d3d5a-5a67-4c66-8ca8-f3b69e5562a1,->,12acfc45-bdfb-4343-9004-9be15dfd844c,server/model/players/Client.java,getPA
12acfc45-bdfb-4343-9004-9be15dfd844c,991eb2a8-284a-4290-ae08-f54cf8834706,895d3d5a-5a67-4c66-8ca8-f3b69e5562a1,->,12acfc45-bdfb-4343-9004-9be15dfd844c,991eb2a8-284a-4290-ae08-f54cf8834706,609517a1-3a8b-4bd9-8623-3cae47c33a17
12acfc45-bdfb-4343-9004-9be15dfd844c,991eb2a8-284a-4290-ae08-f54cf8834706,895d3d5a-5a67-4c66-8ca8-f3b69e5562a1,->,12acfc45-bdfb-4343-9004-9be15dfd844c,server/model/players/Client.java,getPA
12acfc45-bdfb-4343-9004-9be15dfd844c,991eb2a8-284a-4290-ae08-f54cf8834706,895d3d5a-5a67-4c66-8ca8-f3b69e5562a1,->,12acfc45-bdfb-4343-9004-9be15dfd844c,991eb2a8-284a-4290-ae08-f54cf8834706,609517a1-3a8b-4bd9-8623-3cae47c33a17
12acfc45-bdfb-4343-9004-9be15dfd844c,991eb2a8-284a-4290-ae08-f54cf8834706,895d3d5a-5a67-4c66-8ca8-f3b69e5562a1,->,12acfc45-bdfb-4343-9004-9be15dfd844c,server/model/players/Client.java,getPA
12acfc45-bdfb-4343-9004-9be15dfd844c,991eb2a8-284a-4290-ae08-f54cf8834706,895d3d5a-5a67-4c66-8ca8-f3b69e5562a1,->,12acfc45-bdfb-4343-9004-9be15dfd844c,991eb2a8-284a-4290-ae08-f54cf8834706,609517a1-3a8b-4bd9-8623-3cae47c33a17
12acfc45-bdfb-4343-9004-9be15dfd844c,991eb2a8-284a-4290-ae08-f54cf8834706,895d3d5a-5a67-4c66-8ca8-f3b69e5562a1,->,12acfc45-bdfb-4343-9004-9be15dfd844c,server/model/players/Client.java,getPA
12acfc45-bdfb-4343-9004-9be15dfd844c,991eb2a8-284a-4290-ae08-f54cf8834706,895d3d5a-5a67-4c66-8ca8-f3b69e5562a1,->,12acfc45-bdfb-4343-9004-9be15dfd844c,991eb2a8-284a-4290-ae08-f54cf8834706,609517a1-3a8b-4bd9-8623-3cae47c33a17
12acfc45-bdfb-4343-9004-9be15dfd844c,991eb2a8-284a-4290-ae08-f54cf8834706,895d3d5a-5a67-4c66-8ca8-f3b69e5562a1,->,12acfc45-bdfb-4343-9004-9be15dfd844c,server/model/players/Client.java,getPA
12acfc45-bdfb-4343-9004-9be15dfd844c,991eb2a8-284a-4290-ae08-f54cf8834706,895d3d5a-5a67-4c66-8ca8-f3b69e5562a1,->,12acfc45-bdfb-4343-9004-9be15dfd844c,991eb2a8-284a-4290-ae08-f54cf8834706,609517a1-3a8b-4bd9-8623-3cae47c33a17
12acfc45-bdfb-4343-9004-9be15dfd844c,991eb2a8-284a-4290-ae08-f54cf8834706,895d3d5a-5a67-4c66-8ca8-f3b69e5562a1,->,12acfc45-bdfb-4343-9004-9be15dfd844c,server/model/players/Client.java,getPA
12acfc45-bdfb-4343-9004-9be15dfd844c,991eb2a8-284a-4290-ae08-f54cf8834706,895d3d5a-5a67-4c66-8ca8-f3b69e5562a1,->,12acfc45-bdfb-4343-9004-9be15dfd844c,991eb2a8-284a-4290-ae08-f54cf8834706,609517a1-3a8b-4bd9-8623-3cae47c33a17
12acfc45-bdfb-4343-9004-9be15dfd844c,991eb2a8-284a-4290-ae08-f54cf8834706,895d3d5a-5a67-4c66-8ca8-f3b69e5562a1,->,12acfc45-bdfb-4343-9004-9be15dfd844c,server/model/players/Client.java,getPA
12acfc45-bdfb-4343-9004-9be15dfd844c,991eb2a8-284a-4290-ae08-f54cf8834706,895d3d5a-5a67-4c66-8ca8-f3b69e5562a1,->,12acfc45-bdfb-4343-9004-9be15dfd844c,991eb2a8-284a-4290-ae08-f54cf8834706,609517a1-3a8b-4bd9-8623-3cae47c33a17
12acfc45-bdfb-4343-9004-9be15dfd844c,991eb2a8-284a-4290-ae08-f54cf8834706,895d3d5a-5a67-4c66-8ca8-f3b69e5562a1,->,12acfc45-bdfb-4343-9004-9be15dfd844c,server/model/players/Client.java,getPA
12acfc45-bdfb-4343-9004-9be15dfd844c,991eb2a8-284a-4290-ae08-f54cf8834706,895d3d5a-5a67-4c66-8ca8-f3b69e5562a1,->,12acfc45-bdfb-4343-9004-9be15dfd844c,991eb2a8-284a-4290-ae08-f54cf8834706,609517a1-3a8b-4bd9-8623-3cae47c33a17
12acfc45-bdfb-4343-9004-9be15dfd844c,991eb2a8-284a-4290-ae08-f54cf8834706,895d3d5a-5a67-4c66-8ca8-f3b69e5562a1,->,12acfc45-bdfb-4343-9004-9be15dfd844c,server/model/players/Client.java,getPA
12acfc45-bdfb-4343-9004-9be15dfd844c,991eb2a8-284a-4290-ae08-f54cf8834706,895d3d5a-5a67-4c66-8ca8-f3b69e5562a1,->,12acfc45-bdfb-4343-9004-9be15dfd844c,991eb2a8-284a-4290-ae08-f54cf8834706,609517a1-3a8b-4bd9-8623-3cae47c33a17
12acfc45-bdfb-4343-9004-9be15dfd844c,991eb2a8-284a-4290-ae08-f54cf8834706,895d3d5a-5a67-4c66-8ca8-f3b69e5562a1,->,12acfc45-bdfb-4343-9004-9be15dfd844c,server/model/players/Client.java,getPA
12acfc45-bdfb-4343-9004-9be15dfd844c,991eb2a8-284a-4290-ae08-f54cf8834706,895d3d5a-5a67-4c66-8ca8-f3b69e5562a1,->,12acfc45-bdfb-4343-9004-9be15dfd844c,991eb2a8-284a-4290-ae08-f54cf8834706,609517a1-3a8b-4bd9-8623-3cae47c33a17
12acfc45-bdfb-4343-9004-9be15dfd844c,991eb2a8-284a-4290-ae08-f54cf8834706,609517a1-3a8b-4bd9-8623-3cae47c33a17,->,12acfc45-bdfb-4343-9004-9be15dfd844c,server/model/players/Client.java,getOutStream
12acfc45-bdfb-4343-9004-9be15dfd844c,991eb2a8-284a-4290-ae08-f54cf8834706,609517a1-3a8b-4bd9-8623-3cae47c33a17,->,12acfc45-bdfb-4343-9004-9be15dfd844c,server/model/players/Client.java,getOutStream
12acfc45-bdfb-4343-9004-9be15dfd844c,991eb2a8-284a-4290-ae08-f54cf8834706,609517a1-3a8b-4bd9-8623-3cae47c33a17,->,12acfc45-bdfb-4343-9004-9be15dfd844c,server/util/Stream.java,createFrameVarSizeWord
12acfc45-bdfb-4343-9004-9be15dfd844c,991eb2a8-284a-4290-ae08-f54cf8834706,609517a1-3a8b-4bd9-8623-3cae47c33a17,->,12acfc45-bdfb-4343-9004-9be15dfd844c,server/model/players/Client.java,getOutStream
12acfc45-bdfb-4343-9004-9be15dfd844c,991eb2a8-284a-4290-ae08-f54cf8834706,609517a1-3a8b-4bd9-8623-3cae47c33a17,->,12acfc45-bdfb-4343-9004-9be15dfd844c,server/util/Stream.java,writeString
12acfc45-bdfb-4343-9004-9be15dfd844c,991eb2a8-284a-4290-ae08-f54cf8834706,609517a1-3a8b-4bd9-8623-3cae47c33a17,->,12acfc45-bdfb-4343-9004-9be15dfd844c,server/model/players/Client.java,getOutStream
12acfc45-bdfb-4343-9004-9be15dfd844c,991eb2a8-284a-4290-ae08-f54cf8834706,609517a1-3a8b-4bd9-8623-3cae47c33a17,->,12acfc45-bdfb-4343-9004-9be15dfd844c,server/util/Stream.java,writeWordA
12acfc45-bdfb-4343-9004-9be15dfd844c,991eb2a8-284a-4290-ae08-f54cf8834706,609517a1-3a8b-4bd9-8623-3cae47c33a17,->,12acfc45-bdfb-4343-9004-9be15dfd844c,server/model/players/Client.java,getOutStream
12acfc45-bdfb-4343-9004-9be15dfd844c,991eb2a8-284a-4290-ae08-f54cf8834706,609517a1-3a8b-4bd9-8623-3cae47c33a17,->,12acfc45-bdfb-4343-9004-9be15dfd844c,server/util/Stream.java,endFrameVarSizeWord
12acfc45-bdfb-4343-9004-9be15dfd844c,991eb2a8-284a-4290-ae08-f54cf8834706,609517a1-3a8b-4bd9-8623-3cae47c33a17,->,12acfc45-bdfb-4343-9004-9be15dfd844c,server/model/players/Client.java,flushOutStream
12acfc45-bdfb-4343-9004-9be15dfd844c,991eb2a8-284a-4290-ae08-f54cf8834706,51bb1442-d410-4d7d-9f10-aeb36b178f2e,->,12acfc45-bdfb-4343-9004-9be15dfd844c,server/model/players/Client.java,getOutStream
12acfc45-bdfb-4343-9004-9be15dfd844c,991eb2a8-284a-4290-ae08-f54cf8834706,51bb1442-d410-4d7d-9f10-aeb36b178f2e,->,12acfc45-bdfb-4343-9004-9be15dfd844c,server/model/players/Client.java,getOutStream
12acfc45-bdfb-4343-9004-9be15dfd844c,991eb2a8-284a-4290-ae08-f54cf8834706,51bb1442-d410-4d7d-9f10-aeb36b178f2e,->,12acfc45-bdfb-4343-9004-9be15dfd844c,server/util/Stream.java,createFrameVarSizeWord
12acfc45-bdfb-4343-9004-9be15dfd844c,991eb2a8-284a-4290-ae08-f54cf8834706,51bb1442-d410-4d7d-9f10-aeb36b178f2e,->,12acfc45-bdfb-4343-9004-9be15dfd844c,server/model/players/Client.java,getOutStream
12acfc45-bdfb-4343-9004-9be15dfd844c,991eb2a8-284a-4290-ae08-f54cf8834706,51bb1442-d410-4d7d-9f10-aeb36b178f2e,->,12acfc45-bdfb-4343-9004-9be15dfd844c,server/util/Stream.java,writeString
12acfc45-bdfb-4343-9004-9be15dfd844c,991eb2a8-284a-4290-ae08-f54cf8834706,1f9429af-c8fa-498b-ab2c-661299ba41ed,->,12acfc45-bdfb-4343-9004-9be15dfd844c,server/model/players/Client.java,getOutStream
12acfc45-bdfb-4343-9004-9be15dfd844c,991eb2a8-284a-4290-ae08-f54cf8834706,1f9429af-c8fa-498b-ab2c-661299ba41ed,->,12acfc45-bdfb-4343-9004-9be15dfd844c,server/model/players/Client.java,getOutStream
12acfc45-bdfb-4343-9004-9be15dfd844c,991eb2a8-284a-4290-ae08-f54cf8834706,1f9429af-c8fa-498b-ab2c-661299ba41ed,->,12acfc45-bdfb-4343-9004-9be15dfd844c,server/util/Stream.java,createFrame
12acfc45-bdfb-4343-9004-9be15dfd844c,991eb2a8-284a-4290-ae08-f54cf8834706,1f9429af-c8fa-498b-ab2c-661299ba41ed,->,12acfc45-bdfb-4343-9004-9be15dfd844c,server/model/players/Client.java,getOutStream
12acfc45-bdfb-4343-9004-9be15dfd844c,991eb2a8-284a-4290-ae08-f54cf8834706,1f9429af-c8fa-498b-ab2c-661299ba41ed,->,12acfc45-bdfb-4343-9004-9be15dfd844c,server/util/Stream.java,writeByte
12acfc45-bdfb-4343-9004-9be15dfd844c,991eb2a8-284a-4290-ae08-f54cf8834706,1f9429af-c8fa-498b-ab2c-661299ba41ed,->,12acfc45-bdfb-4343-9004-9be15dfd844c,server/model/players/Client.java,getOutStream
12acfc45-bdfb-4343-9004-9be15dfd844c,991eb2a8-284a-4290-ae08-f54cf8834706,1f9429af-c8fa-498b-ab2c-661299ba41ed,->,12acfc45-bdfb-4343-9004-9be15dfd844c,server/util/Stream.java,writeDWord_v1
12acfc45-bdfb-4343-9004-9be15dfd844c,991eb2a8-284a-4290-ae08-f54cf8834706,1f9429af-c8fa-498b-ab2c-661299ba41ed,->,12acfc45-bdfb-4343-9004-9be15dfd844c,server/model/players/Client.java,getOutStream
12acfc45-bdfb-4343-9004-9be15dfd844c,991eb2a8-284a-4290-ae08-f54cf8834706,1f9429af-c8fa-498b-ab2c-661299ba41ed,->,12acfc45-bdfb-4343-9004-9be15dfd844c,server/util/Stream.java,writeByte
12acfc45-bdfb-4343-9004-9be15dfd844c,991eb2a8-284a-4290-ae08-f54cf8834706,1f9429af-c8fa-498b-ab2c-661299ba41ed,->,12acfc45-bdfb-4343-9004-9be15dfd844c,server/model/players/Client.java,flushOutStream
12acfc45-bdfb-4343-9004-9be15dfd844c,991eb2a8-284a-4290-ae08-f54cf8834706,cf9068b8-24a5-4beb-ad0f-2965429df4e9,->,12acfc45-bdfb-4343-9004-9be15dfd844c,server/model/players/Client.java,getOutStream
12acfc45-bdfb-4343-9004-9be15dfd844c,991eb2a8-284a-4290-ae08-f54cf8834706,cf9068b8-24a5-4beb-ad0f-2965429df4e9,->,12acfc45-bdfb-4343-9004-9be15dfd844c,server/model/players/Client.java,getOutStream
12acfc45-bdfb-4343-9004-9be15dfd844c,991eb2a8-284a-4290-ae08-f54cf8834706,cf9068b8-24a5-4beb-ad0f-2965429df4e9,->,12acfc45-bdfb-4343-9004-9be15dfd844c,server/util/Stream.java,createFrame
12acfc45-bdfb-4343-9004-9be15dfd844c,991eb2a8-284a-4290-ae08-f54cf8834706,cf9068b8-24a5-4beb-ad0f-2965429df4e9,->,12acfc45-bdfb-4343-9004-9be15dfd844c,server/model/players/Client.java,getOutStream
12acfc45-bdfb-4343-9004-9be15dfd844c,991eb2a8-284a-4290-ae08-f54cf8834706,cf9068b8-24a5-4beb-ad0f-2965429df4e9,->,12acfc45-bdfb-4343-9004-9be15dfd844c,server/util/Stream.java,writeByteC
12acfc45-bdfb-4343-9004-9be15dfd844c,991eb2a8-284a-4290-ae08-f54cf8834706,cf9068b8-24a5-4beb-ad0f-2965429df4e9,->,12acfc45-bdfb-4343-9004-9be15dfd844c,server/model/players/Client.java,flushOutStream
12acfc45-bdfb-4343-9004-9be15dfd844c,991eb2a8-284a-4290-ae08-f54cf8834706,cf9068b8-24a5-4beb-ad0f-2965429df4e9,->,12acfc45-bdfb-4343-9004-9be15dfd844c,991eb2a8-284a-4290-ae08-f54cf8834706,f59ca130-d149-43aa-b537-369a4987d63b
12acfc45-bdfb-4343-9004-9be15dfd844c,991eb2a8-284a-4290-ae08-f54cf8834706,a0172a18-e856-47a4-9552-b3816f3c4eac,->,12acfc45-bdfb-4343-9004-9be15dfd844c,server/model/players/Client.java,getOutStream
12acfc45-bdfb-4343-9004-9be15dfd844c,991eb2a8-284a-4290-ae08-f54cf8834706,a0172a18-e856-47a4-9552-b3816f3c4eac,->,12acfc45-bdfb-4343-9004-9be15dfd844c,server/model/players/Client.java,getOutStream
12acfc45-bdfb-4343-9004-9be15dfd844c,991eb2a8-284a-4290-ae08-f54cf8834706,a0172a18-e856-47a4-9552-b3816f3c4eac,->,12acfc45-bdfb-4343-9004-9be15dfd844c,server/util/Stream.java,createFrame
12acfc45-bdfb-4343-9004-9be15dfd844c,991eb2a8-284a-4290-ae08-f54cf8834706,a0172a18-e856-47a4-9552-b3816f3c4eac,->,12acfc45-bdfb-4343-9004-9be15dfd844c,server/model/players/Client.java,flushOutStream
12acfc45-bdfb-4343-9004-9be15dfd844c,991eb2a8-284a-4290-ae08-f54cf8834706,27bd7aec-abd0-4844-9935-efefbf7019b2,->,12acfc45-bdfb-4343-9004-9be15dfd844c,server/model/players/Client.java,getOutStream
12acfc45-bdfb-4343-9004-9be15dfd844c,991eb2a8-284a-4290-ae08-f54cf8834706,27bd7aec-abd0-4844-9935-efefbf7019b2,->,12acfc45-bdfb-4343-9004-9be15dfd844c,server/model/players/Client.java,getOutStream
12acfc45-bdfb-4343-9004-9be15dfd844c,991eb2a8-284a-4290-ae08-f54cf8834706,27bd7aec-abd0-4844-9935-efefbf7019b2,->,12acfc45-bdfb-4343-9004-9be15dfd844c,server/util/Stream.java,createFrame
12acfc45-bdfb-4343-9004-9be15dfd844c,991eb2a8-284a-4290-ae08-f54cf8834706,27bd7aec-abd0-4844-9935-efefbf7019b2,->,12acfc45-bdfb-4343-9004-9be15dfd844c,server/model/players/Client.java,getOutStream
12acfc45-bdfb-4343-9004-9be15dfd844c,991eb2a8-284a-4290-ae08-f54cf8834706,27bd7aec-abd0-4844-9935-efefbf7019b2,->,12acfc45-bdfb-4343-9004-9be15dfd844c,server/util/Stream.java,writeWordBigEndian
12acfc45-bdfb-4343-9004-9be15dfd844c,991eb2a8-284a-4290-ae08-f54cf8834706,27bd7aec-abd0-4844-9935-efefbf7019b2,->,12acfc45-bdfb-4343-9004-9be15dfd844c,server/model/players/Client.java,getOutStream
12acfc45-bdfb-4343-9004-9be15dfd844c,991eb2a8-284a-4290-ae08-f54cf8834706,27bd7aec-abd0-4844-9935-efefbf7019b2,->,12acfc45-bdfb-4343-9004-9be15dfd844c,server/util/Stream.java,writeByte
12acfc45-bdfb-4343-9004-9be15dfd844c,991eb2a8-284a-4290-ae08-f54cf8834706,27bd7aec-abd0-4844-9935-efefbf7019b2,->,12acfc45-bdfb-4343-9004-9be15dfd844c,server/model/players/Client.java,flushOutStream
12acfc45-bdfb-4343-9004-9be15dfd844c,991eb2a8-284a-4290-ae08-f54cf8834706,1b48eaa1-ffda-468c-8979-269d577f9efe,->,12acfc45-bdfb-4343-9004-9be15dfd844c,server/model/players/Client.java,getOutStream
12acfc45-bdfb-4343-9004-9be15dfd844c,991eb2a8-284a-4290-ae08-f54cf8834706,1b48eaa1-ffda-468c-8979-269d577f9efe,->,12acfc45-bdfb-4343-9004-9be15dfd844c,server/model/players/Client.java,getOutStream
12acfc45-bdfb-4343-9004-9be15dfd844c,991eb2a8-284a-4290-ae08-f54cf8834706,1b48eaa1-ffda-468c-8979-269d577f9efe,->,12acfc45-bdfb-4343-9004-9be15dfd844c,server/util/Stream.java,createFrame
12acfc45-bdfb-4343-9004-9be15dfd844c,991eb2a8-284a-4290-ae08-f54cf8834706,1b48eaa1-ffda-468c-8979-269d577f9efe,->,12acfc45-bdfb-4343-9004-9be15dfd844c,server/model/players/Client.java,getOutStream
12acfc45-bdfb-4343-9004-9be15dfd844c,991eb2a8-284a-4290-ae08-f54cf8834706,1b48eaa1-ffda-468c-8979-269d577f9efe,->,12acfc45-bdfb-4343-9004-9be15dfd844c,server/util/Stream.java,writeWordBigEndianA
12acfc45-bdfb-4343-9004-9be15dfd844c,server/model/players/PlayerAssistant.java,showInterface,->,12acfc45-bdfb-4343-9004-9be15dfd844c,server/model/players/Client.java,getOutStream
12acfc45-bdfb-4343-9004-9be15dfd844c,server/model/players/PlayerAssistant.java,showInterface,->,12acfc45-bdfb-4343-9004-9be15dfd844c,server/model/players/Client.java,getOutStream
12acfc45-bdfb-4343-9004-9be15dfd844c,server/model/players/PlayerAssistant.java,showInterface,->,12acfc45-bdfb-4343-9004-9be15dfd844c,server/util/Stream.java,createFrame
12acfc45-bdfb-4343-9004-9be15dfd844c,server/model/players/PlayerAssistant.java,showInterface,->,12acfc45-bdfb-4343-9004-9be15dfd844c,server/model/players/Client.java,getOutStream
12acfc45-bdfb-4343-9004-9be15dfd844c,server/model/players/PlayerAssistant.java,showInterface,->,12acfc45-bdfb-4343-9004-9be15dfd844c,server/util/Stream.java,writeWord
12acfc45-bdfb-4343-9004-9be15dfd844c,server/model/players/PlayerAssistant.java,showInterface,->,12acfc45-bdfb-4343-9004-9be15dfd844c,server/model/players/Client.java,flushOutStream
12acfc45-bdfb-4343-9004-9be15dfd844c,991eb2a8-284a-4290-ae08-f54cf8834706,b5e0025e-af80-480f-915c-9faf727f9415,->,12acfc45-bdfb-4343-9004-9be15dfd844c,server/model/players/Client.java,getOutStream
12acfc45-bdfb-4343-9004-9be15dfd844c,991eb2a8-284a-4290-ae08-f54cf8834706,b5e0025e-af80-480f-915c-9faf727f9415,->,12acfc45-bdfb-4343-9004-9be15dfd844c,server/model/players/Client.java,getOutStream
12acfc45-bdfb-4343-9004-9be15dfd844c,991eb2a8-284a-4290-ae08-f54cf8834706,b5e0025e-af80-480f-915c-9faf727f9415,->,12acfc45-bdfb-4343-9004-9be15dfd844c,server/util/Stream.java,createFrame
12acfc45-bdfb-4343-9004-9be15dfd844c,991eb2a8-284a-4290-ae08-f54cf8834706,b5e0025e-af80-480f-915c-9faf727f9415,->,12acfc45-bdfb-4343-9004-9be15dfd844c,server/model/players/Client.java,getOutStream
12acfc45-bdfb-4343-9004-9be15dfd844c,991eb2a8-284a-4290-ae08-f54cf8834706,b5e0025e-af80-480f-915c-9faf727f9415,->,12acfc45-bdfb-4343-9004-9be15dfd844c,server/util/Stream.java,writeWordA
12acfc45-bdfb-4343-9004-9be15dfd844c,991eb2a8-284a-4290-ae08-f54cf8834706,b5e0025e-af80-480f-915c-9faf727f9415,->,12acfc45-bdfb-4343-9004-9be15dfd844c,server/model/players/Client.java,getOutStream
12acfc45-bdfb-4343-9004-9be15dfd844c,991eb2a8-284a-4290-ae08-f54cf8834706,b5e0025e-af80-480f-915c-9faf727f9415,->,12acfc45-bdfb-4343-9004-9be15dfd844c,server/util/Stream.java,writeWord
12acfc45-bdfb-4343-9004-9be15dfd844c,991eb2a8-284a-4290-ae08-f54cf8834706,b5e0025e-af80-480f-915c-9faf727f9415,->,12acfc45-bdfb-4343-9004-9be15dfd844c,server/model/players/Client.java,flushOutStream
12acfc45-bdfb-4343-9004-9be15dfd844c,991eb2a8-284a-4290-ae08-f54cf8834706,45af8ce2-073f-4550-b281-9a9492802196,->,12acfc45-bdfb-4343-9004-9be15dfd844c,server/model/players/Client.java,getOutStream
12acfc45-bdfb-4343-9004-9be15dfd844c,991eb2a8-284a-4290-ae08-f54cf8834706,45af8ce2-073f-4550-b281-9a9492802196,->,12acfc45-bdfb-4343-9004-9be15dfd844c,server/model/players/Client.java,getOutStream
12acfc45-bdfb-4343-9004-9be15dfd844c,991eb2a8-284a-4290-ae08-f54cf8834706,45af8ce2-073f-4550-b281-9a9492802196,->,12acfc45-bdfb-4343-9004-9be15dfd844c,server/util/Stream.java,createFrame
12acfc45-bdfb-4343-9004-9be15dfd844c,991eb2a8-284a-4290-ae08-f54cf8834706,45af8ce2-073f-4550-b281-9a9492802196,->,12acfc45-bdfb-4343-9004-9be15dfd844c,server/model/players/Client.java,getOutStream
12acfc45-bdfb-4343-9004-9be15dfd844c,991eb2a8-284a-4290-ae08-f54cf8834706,45af8ce2-073f-4550-b281-9a9492802196,->,12acfc45-bdfb-4343-9004-9be15dfd844c,server/util/Stream.java,writeWordBigEndian
12acfc45-bdfb-4343-9004-9be15dfd844c,991eb2a8-284a-4290-ae08-f54cf8834706,45af8ce2-073f-4550-b281-9a9492802196,->,12acfc45-bdfb-4343-9004-9be15dfd844c,server/model/players/Client.java,getOutStream
12acfc45-bdfb-4343-9004-9be15dfd844c,991eb2a8-284a-4290-ae08-f54cf8834706,45af8ce2-073f-4550-b281-9a9492802196,->,12acfc45-bdfb-4343-9004-9be15dfd844c,server/util/Stream.java,writeWord
12acfc45-bdfb-4343-9004-9be15dfd844c,991eb2a8-284a-4290-ae08-f54cf8834706,45af8ce2-073f-4550-b281-9a9492802196,->,12acfc45-bdfb-4343-9004-9be15dfd844c,server/model/players/Client.java,getOutStream
12acfc45-bdfb-4343-9004-9be15dfd844c,991eb2a8-284a-4290-ae08-f54cf8834706,45af8ce2-073f-4550-b281-9a9492802196,->,12acfc45-bdfb-4343-9004-9be15dfd844c,server/util/Stream.java,writeWord
12acfc45-bdfb-4343-9004-9be15dfd844c,991eb2a8-284a-4290-ae08-f54cf8834706,45af8ce2-073f-4550-b281-9a9492802196,->,12acfc45-bdfb-4343-9004-9be15dfd844c,server/model/players/Client.java,flushOutStream
12acfc45-bdfb-4343-9004-9be15dfd844c,991eb2a8-284a-4290-ae08-f54cf8834706,03dbb9db-820c-4143-9ac6-cf6781a7422a,->,12acfc45-bdfb-4343-9004-9be15dfd844c,server/model/players/Client.java,getOutStream
12acfc45-bdfb-4343-9004-9be15dfd844c,991eb2a8-284a-4290-ae08-f54cf8834706,03dbb9db-820c-4143-9ac6-cf6781a7422a,->,12acfc45-bdfb-4343-9004-9be15dfd844c,server/model/players/Client.java,getOutStream
12acfc45-bdfb-4343-9004-9be15dfd844c,991eb2a8-284a-4290-ae08-f54cf8834706,03dbb9db-820c-4143-9ac6-cf6781a7422a,->,12acfc45-bdfb-4343-9004-9be15dfd844c,server/util/Stream.java,createFrame
12acfc45-bdfb-4343-9004-9be15dfd844c,991eb2a8-284a-4290-ae08-f54cf8834706,03dbb9db-820c-4143-9ac6-cf6781a7422a,->,12acfc45-bdfb-4343-9004-9be15dfd844c,server/model/players/Client.java,getOutStream
12acfc45-bdfb-4343-9004-9be15dfd844c,991eb2a8-284a-4290-ae08-f54cf8834706,03dbb9db-820c-4143-9ac6-cf6781a7422a,->,12acfc45-bdfb-4343-9004-9be15dfd844c,server/util/Stream.java,writeByte
12acfc45-bdfb-4343-9004-9be15dfd844c,991eb2a8-284a-4290-ae08-f54cf8834706,03dbb9db-820c-4143-9ac6-cf6781a7422a,->,12acfc45-bdfb-4343-9004-9be15dfd844c,server/model/players/Client.java,getOutStream
12acfc45-bdfb-4343-9004-9be15dfd844c,991eb2a8-284a-4290-ae08-f54cf8834706,03dbb9db-820c-4143-9ac6-cf6781a7422a,->,12acfc45-bdfb-4343-9004-9be15dfd844c,server/util/Stream.java,writeWord
12acfc45-bdfb-4343-9004-9be15dfd844c,991eb2a8-284a-4290-ae08-f54cf8834706,03dbb9db-820c-4143-9ac6-cf6781a7422a,->,12acfc45-bdfb-4343-9004-9be15dfd844c,server/model/players/Client.java,flushOutStream
12acfc45-bdfb-4343-9004-9be15dfd844c,991eb2a8-284a-4290-ae08-f54cf8834706,998784d8-72e3-42dc-8171-ff6047769424,->,12acfc45-bdfb-4343-9004-9be15dfd844c,server/model/players/Client.java,getOutStream
12acfc45-bdfb-4343-9004-9be15dfd844c,991eb2a8-284a-4290-ae08-f54cf8834706,998784d8-72e3-42dc-8171-ff6047769424,->,12acfc45-bdfb-4343-9004-9be15dfd844c,server/model/players/Client.java,getOutStream
12acfc45-bdfb-4343-9004-9be15dfd844c,991eb2a8-284a-4290-ae08-f54cf8834706,998784d8-72e3-42dc-8171-ff6047769424,->,12acfc45-bdfb-4343-9004-9be15dfd844c,server/util/Stream.java,createFrame
12acfc45-bdfb-4343-9004-9be15dfd844c,991eb2a8-284a-4290-ae08-f54cf8834706,998784d8-72e3-42dc-8171-ff6047769424,->,12acfc45-bdfb-4343-9004-9be15dfd844c,server/model/players/Client.java,getOutStream
12acfc45-bdfb-4343-9004-9be15dfd844c,991eb2a8-284a-4290-ae08-f54cf8834706,998784d8-72e3-42dc-8171-ff6047769424,->,12acfc45-bdfb-4343-9004-9be15dfd844c,server/util/Stream.java,writeWord
12acfc45-bdfb-4343-9004-9be15dfd844c,991eb2a8-284a-4290-ae08-f54cf8834706,998784d8-72e3-42dc-8171-ff6047769424,->,12acfc45-bdfb-4343-9004-9be15dfd844c,server/model/players/Client.java,getOutStream
12acfc45-bdfb-4343-9004-9be15dfd844c,991eb2a8-284a-4290-ae08-f54cf8834706,998784d8-72e3-42dc-8171-ff6047769424,->,12acfc45-bdfb-4343-9004-9be15dfd844c,server/util/Stream.java,writeWord
12acfc45-bdfb-4343-9004-9be15dfd844c,991eb2a8-284a-4290-ae08-f54cf8834706,998784d8-72e3-42dc-8171-ff6047769424,->,12acfc45-bdfb-4343-9004-9be15dfd844c,server/model/players/Client.java,flushOutStream
12acfc45-bdfb-4343-9004-9be15dfd844c,991eb2a8-284a-4290-ae08-f54cf8834706,60156e61-b069-4e56-8dcf-bd770ff83936,->,12acfc45-bdfb-4343-9004-9be15dfd844c,server/model/players/Client.java,getOutStream
12acfc45-bdfb-4343-9004-9be15dfd844c,991eb2a8-284a-4290-ae08-f54cf8834706,60156e61-b069-4e56-8dcf-bd770ff83936,->,12acfc45-bdfb-4343-9004-9be15dfd844c,server/model/players/Client.java,getOutStream
12acfc45-bdfb-4343-9004-9be15dfd844c,991eb2a8-284a-4290-ae08-f54cf8834706,60156e61-b069-4e56-8dcf-bd770ff83936,->,12acfc45-bdfb-4343-9004-9be15dfd844c,server/util/Stream.java,createFrame
12acfc45-bdfb-4343-9004-9be15dfd844c,991eb2a8-284a-4290-ae08-f54cf8834706,60156e61-b069-4e56-8dcf-bd770ff83936,->,12acfc45-bdfb-4343-9004-9be15dfd844c,server/model/players/Client.java,getOutStream
12acfc45-bdfb-4343-9004-9be15dfd844c,991eb2a8-284a-4290-ae08-f54cf8834706,60156e61-b069-4e56-8dcf-bd770ff83936,->,12acfc45-bdfb-4343-9004-9be15dfd844c,server/util/Stream.java,writeWord
12acfc45-bdfb-4343-9004-9be15dfd844c,991eb2a8-284a-4290-ae08-f54cf8834706,60156e61-b069-4e56-8dcf-bd770ff83936,->,12acfc45-bdfb-4343-9004-9be15dfd844c,server/model/players/Client.java,getOutStream
12acfc45-bdfb-4343-9004-9be15dfd844c,991eb2a8-284a-4290-ae08-f54cf8834706,60156e61-b069-4e56-8dcf-bd770ff83936,->,12acfc45-bdfb-4343-9004-9be15dfd844c,server/util/Stream.java,writeWordBigEndian
12acfc45-bdfb-4343-9004-9be15dfd844c,991eb2a8-284a-4290-ae08-f54cf8834706,60156e61-b069-4e56-8dcf-bd770ff83936,->,12acfc45-bdfb-4343-9004-9be15dfd844c,server/model/players/Client.java,getOutStream
12acfc45-bdfb-4343-9004-9be15dfd844c,991eb2a8-284a-4290-ae08-f54cf8834706,60156e61-b069-4e56-8dcf-bd770ff83936,->,12acfc45-bdfb-4343-9004-9be15dfd844c,server/util/Stream.java,writeWordBigEndian
12acfc45-bdfb-4343-9004-9be15dfd844c,991eb2a8-284a-4290-ae08-f54cf8834706,60156e61-b069-4e56-8dcf-bd770ff83936,->,12acfc45-bdfb-4343-9004-9be15dfd844c,server/model/players/Client.java,flushOutStream
12acfc45-bdfb-4343-9004-9be15dfd844c,991eb2a8-284a-4290-ae08-f54cf8834706,f0d2a9b7-c021-48bc-8328-16e52b63b1d9,->,12acfc45-bdfb-4343-9004-9be15dfd844c,server/model/players/Client.java,getOutStream
12acfc45-bdfb-4343-9004-9be15dfd844c,991eb2a8-284a-4290-ae08-f54cf8834706,f0d2a9b7-c021-48bc-8328-16e52b63b1d9,->,12acfc45-bdfb-4343-9004-9be15dfd844c,server/model/players/Client.java,getOutStream
12acfc45-bdfb-4343-9004-9be15dfd844c,991eb2a8-284a-4290-ae08-f54cf8834706,f0d2a9b7-c021-48bc-8328-16e52b63b1d9,->,12acfc45-bdfb-4343-9004-9be15dfd844c,server/util/Stream.java,createFrame
12acfc45-bdfb-4343-9004-9be15dfd844c,991eb2a8-284a-4290-ae08-f54cf8834706,f0d2a9b7-c021-48bc-8328-16e52b63b1d9,->,12acfc45-bdfb-4343-9004-9be15dfd844c,server/model/players/Client.java,getOutStream
12acfc45-bdfb-4343-9004-9be15dfd844c,991eb2a8-284a-4290-ae08-f54cf8834706,f0d2a9b7-c021-48bc-8328-16e52b63b1d9,->,12acfc45-bdfb-4343-9004-9be15dfd844c,server/util/Stream.java,writeWordBigEndianA
12acfc45-bdfb-4343-9004-9be15dfd844c,991eb2a8-284a-4290-ae08-f54cf8834706,f0d2a9b7-c021-48bc-8328-16e52b63b1d9,->,12acfc45-bdfb-4343-9004-9be15dfd844c,server/model/players/Client.java,getOutStream
12acfc45-bdfb-4343-9004-9be15dfd844c,991eb2a8-284a-4290-ae08-f54cf8834706,f0d2a9b7-c021-48bc-8328-16e52b63b1d9,->,12acfc45-bdfb-4343-9004-9be15dfd844c,server/util/Stream.java,writeWordBigEndianA
12acfc45-bdfb-4343-9004-9be15dfd844c,991eb2a8-284a-4290-ae08-f54cf8834706,f0d2a9b7-c021-48bc-8328-16e52b63b1d9,->,12acfc45-bdfb-4343-9004-9be15dfd844c,server/model/players/Client.java,flushOutStream
12acfc45-bdfb-4343-9004-9be15dfd844c,991eb2a8-284a-4290-ae08-f54cf8834706,fbacd858-15ac-4dfb-b5c1-9851ae733165,->,12acfc45-bdfb-4343-9004-9be15dfd844c,server/model/players/Client.java,getOutStream
12acfc45-bdfb-4343-9004-9be15dfd844c,991eb2a8-284a-4290-ae08-f54cf8834706,fbacd858-15ac-4dfb-b5c1-9851ae733165,->,12acfc45-bdfb-4343-9004-9be15dfd844c,server/model/players/Client.java,getOutStream
12acfc45-bdfb-4343-9004-9be15dfd844c,991eb2a8-284a-4290-ae08-f54cf8834706,fbacd858-15ac-4dfb-b5c1-9851ae733165,->,12acfc45-bdfb-4343-9004-9be15dfd844c,server/util/Stream.java,createFrame
12acfc45-bdfb-4343-9004-9be15dfd844c,991eb2a8-284a-4290-ae08-f54cf8834706,fbacd858-15ac-4dfb-b5c1-9851ae733165,->,12acfc45-bdfb-4343-9004-9be15dfd844c,server/model/players/Client.java,getOutStream
12acfc45-bdfb-4343-9004-9be15dfd844c,991eb2a8-284a-4290-ae08-f54cf8834706,fbacd858-15ac-4dfb-b5c1-9851ae733165,->,12acfc45-bdfb-4343-9004-9be15dfd844c,server/util/Stream.java,writeWordBigEndian_dup
12acfc45-bdfb-4343-9004-9be15dfd844c,991eb2a8-284a-4290-ae08-f54cf8834706,fbacd858-15ac-4dfb-b5c1-9851ae733165,->,12acfc45-bdfb-4343-9004-9be15dfd844c,server/model/players/Client.java,flushOutStream
12acfc45-bdfb-4343-9004-9be15dfd844c,991eb2a8-284a-4290-ae08-f54cf8834706,e86548a4-a716-4737-8133-17c56921b34e,->,12acfc45-bdfb-4343-9004-9be15dfd844c,server/model/players/Client.java,getOutStream
12acfc45-bdfb-4343-9004-9be15dfd844c,991eb2a8-284a-4290-ae08-f54cf8834706,e86548a4-a716-4737-8133-17c56921b34e,->,12acfc45-bdfb-4343-9004-9be15dfd844c,server/model/players/Client.java,getOutStream
12acfc45-bdfb-4343-9004-9be15dfd844c,991eb2a8-284a-4290-ae08-f54cf8834706,e86548a4-a716-4737-8133-17c56921b34e,->,12acfc45-bdfb-4343-9004-9be15dfd844c,server/util/Stream.java,createFrame
12acfc45-bdfb-4343-9004-9be15dfd844c,991eb2a8-284a-4290-ae08-f54cf8834706,e86548a4-a716-4737-8133-17c56921b34e,->,12acfc45-bdfb-4343-9004-9be15dfd844c,server/model/players/Client.java,getOutStream
12acfc45-bdfb-4343-9004-9be15dfd844c,991eb2a8-284a-4290-ae08-f54cf8834706,e86548a4-a716-4737-8133-17c56921b34e,->,12acfc45-bdfb-4343-9004-9be15dfd844c,server/util/Stream.java,writeByte
12acfc45-bdfb-4343-9004-9be15dfd844c,991eb2a8-284a-4290-ae08-f54cf8834706,e86548a4-a716-4737-8133-17c56921b34e,->,12acfc45-bdfb-4343-9004-9be15dfd844c,server/model/players/Client.java,flushOutStream
12acfc45-bdfb-4343-9004-9be15dfd844c,991eb2a8-284a-4290-ae08-f54cf8834706,18c0f05c-2306-47a4-818d-803bbdd82f4c,->,12acfc45-bdfb-4343-9004-9be15dfd844c,server/model/players/Client.java,getOutStream
12acfc45-bdfb-4343-9004-9be15dfd844c,991eb2a8-284a-4290-ae08-f54cf8834706,18c0f05c-2306-47a4-818d-803bbdd82f4c,->,12acfc45-bdfb-4343-9004-9be15dfd844c,server/model/players/Client.java,getOutStream
12acfc45-bdfb-4343-9004-9be15dfd844c,991eb2a8-284a-4290-ae08-f54cf8834706,18c0f05c-2306-47a4-818d-803bbdd82f4c,->,12acfc45-bdfb-4343-9004-9be15dfd844c,server/util/Stream.java,createFrame
12acfc45-bdfb-4343-9004-9be15dfd844c,991eb2a8-284a-4290-ae08-f54cf8834706,18c0f05c-2306-47a4-818d-803bbdd82f4c,->,12acfc45-bdfb-4343-9004-9be15dfd844c,server/model/players/Client.java,getOutStream
12acfc45-bdfb-4343-9004-9be15dfd844c,991eb2a8-284a-4290-ae08-f54cf8834706,18c0f05c-2306-47a4-818d-803bbdd82f4c,->,12acfc45-bdfb-4343-9004-9be15dfd844c,server/util/Stream.java,writeByte
12acfc45-bdfb-4343-9004-9be15dfd844c,991eb2a8-284a-4290-ae08-f54cf8834706,18c0f05c-2306-47a4-818d-803bbdd82f4c,->,12acfc45-bdfb-4343-9004-9be15dfd844c,server/model/players/Client.java,getOutStream
12acfc45-bdfb-4343-9004-9be15dfd844c,991eb2a8-284a-4290-ae08-f54cf8834706,18c0f05c-2306-47a4-818d-803bbdd82f4c,->,12acfc45-bdfb-4343-9004-9be15dfd844c,server/util/Stream.java,writeByte
12acfc45-bdfb-4343-9004-9be15dfd844c,991eb2a8-284a-4290-ae08-f54cf8834706,18c0f05c-2306-47a4-818d-803bbdd82f4c,->,12acfc45-bdfb-4343-9004-9be15dfd844c,server/model/players/Client.java,getOutStream
12acfc45-bdfb-4343-9004-9be15dfd844c,991eb2a8-284a-4290-ae08-f54cf8834706,18c0f05c-2306-47a4-818d-803bbdd82f4c,->,12acfc45-bdfb-4343-9004-9be15dfd844c,server/util/Stream.java,writeByte
12acfc45-bdfb-4343-9004-9be15dfd844c,991eb2a8-284a-4290-ae08-f54cf8834706,18c0f05c-2306-47a4-818d-803bbdd82f4c,->,12acfc45-bdfb-4343-9004-9be15dfd844c,server/model/players/Client.java,flushOutStream
12acfc45-bdfb-4343-9004-9be15dfd844c,991eb2a8-284a-4290-ae08-f54cf8834706,fccfc8f1-adb7-456a-8e60-fd652c5870cc,->,12acfc45-bdfb-4343-9004-9be15dfd844c,server/model/players/Client.java,getOutStream
12acfc45-bdfb-4343-9004-9be15dfd844c,991eb2a8-284a-4290-ae08-f54cf8834706,fccfc8f1-adb7-456a-8e60-fd652c5870cc,->,12acfc45-bdfb-4343-9004-9be15dfd844c,server/model/players/Client.java,getOutStream
12acfc45-bdfb-4343-9004-9be15dfd844c,991eb2a8-284a-4290-ae08-f54cf8834706,fccfc8f1-adb7-456a-8e60-fd652c5870cc,->,12acfc45-bdfb-4343-9004-9be15dfd844c,server/util/Stream.java,createFrame
12acfc45-bdfb-4343-9004-9be15dfd844c,991eb2a8-284a-4290-ae08-f54cf8834706,fccfc8f1-adb7-456a-8e60-fd652c5870cc,->,12acfc45-bdfb-4343-9004-9be15dfd844c,server/model/players/Client.java,getOutStream
12acfc45-bdfb-4343-9004-9be15dfd844c,991eb2a8-284a-4290-ae08-f54cf8834706,fccfc8f1-adb7-456a-8e60-fd652c5870cc,->,12acfc45-bdfb-4343-9004-9be15dfd844c,server/util/Stream.java,writeWordBigEndian_dup
12acfc45-bdfb-4343-9004-9be15dfd844c,991eb2a8-284a-4290-ae08-f54cf8834706,fccfc8f1-adb7-456a-8e60-fd652c5870cc,->,12acfc45-bdfb-4343-9004-9be15dfd844c,server/model/players/Client.java,getOutStream
12acfc45-bdfb-4343-9004-9be15dfd844c,991eb2a8-284a-4290-ae08-f54cf8834706,fccfc8f1-adb7-456a-8e60-fd652c5870cc,->,12acfc45-bdfb-4343-9004-9be15dfd844c,server/util/Stream.java,writeDWord_v1
12acfc45-bdfb-4343-9004-9be15dfd844c,991eb2a8-284a-4290-ae08-f54cf8834706,fccfc8f1-adb7-456a-8e60-fd652c5870cc,->,12acfc45-bdfb-4343-9004-9be15dfd844c,server/model/players/Client.java,flushOutStream
12acfc45-bdfb-4343-9004-9be15dfd844c,991eb2a8-284a-4290-ae08-f54cf8834706,bf907f32-b59e-4746-a797-1de4de4391c6,->,12acfc45-bdfb-4343-9004-9be15dfd844c,server/model/players/Client.java,getOutStream
12acfc45-bdfb-4343-9004-9be15dfd844c,991eb2a8-284a-4290-ae08-f54cf8834706,bf907f32-b59e-4746-a797-1de4de4391c6,->,12acfc45-bdfb-4343-9004-9be15dfd844c,server/model/players/Client.java,getOutStream
12acfc45-bdfb-4343-9004-9be15dfd844c,991eb2a8-284a-4290-ae08-f54cf8834706,bf907f32-b59e-4746-a797-1de4de4391c6,->,12acfc45-bdfb-4343-9004-9be15dfd844c,server/util/Stream.java,createFrameVarSize
12acfc45-bdfb-4343-9004-9be15dfd844c,991eb2a8-284a-4290-ae08-f54cf8834706,bf907f32-b59e-4746-a797-1de4de4391c6,->,12acfc45-bdfb-4343-9004-9be15dfd844c,server/model/players/Client.java,getOutStream
12acfc45-bdfb-4343-9004-9be15dfd844c,991eb2a8-284a-4290-ae08-f54cf8834706,bf907f32-b59e-4746-a797-1de4de4391c6,->,12acfc45-bdfb-4343-9004-9be15dfd844c,server/util/Stream.java,writeQWord
12acfc45-bdfb-4343-9004-9be15dfd844c,991eb2a8-284a-4290-ae08-f54cf8834706,bf907f32-b59e-4746-a797-1de4de4391c6,->,12acfc45-bdfb-4343-9004-9be15dfd844c,server/model/players/Client.java,getOutStream
12acfc45-bdfb-4343-9004-9be15dfd844c,991eb2a8-284a-4290-ae08-f54cf8834706,bf907f32-b59e-4746-a797-1de4de4391c6,->,12acfc45-bdfb-4343-9004-9be15dfd844c,server/util/Stream.java,writeDWord
12acfc45-bdfb-4343-9004-9be15dfd844c,991eb2a8-284a-4290-ae08-f54cf8834706,bf907f32-b59e-4746-a797-1de4de4391c6,->,12acfc45-bdfb-4343-9004-9be15dfd844c,server/model/players/Client.java,getOutStream
12acfc45-bdfb-4343-9004-9be15dfd844c,991eb2a8-284a-4290-ae08-f54cf8834706,bf907f32-b59e-4746-a797-1de4de4391c6,->,12acfc45-bdfb-4343-9004-9be15dfd844c,server/util/Stream.java,writeByte
12acfc45-bdfb-4343-9004-9be15dfd844c,991eb2a8-284a-4290-ae08-f54cf8834706,bf907f32-b59e-4746-a797-1de4de4391c6,->,12acfc45-bdfb-4343-9004-9be15dfd844c,server/model/players/Client.java,getOutStream
12acfc45-bdfb-4343-9004-9be15dfd844c,991eb2a8-284a-4290-ae08-f54cf8834706,bf907f32-b59e-4746-a797-1de4de4391c6,->,12acfc45-bdfb-4343-9004-9be15dfd844c,server/util/Stream.java,writeBytes
12acfc45-bdfb-4343-9004-9be15dfd844c,991eb2a8-284a-4290-ae08-f54cf8834706,bf907f32-b59e-4746-a797-1de4de4391c6,->,12acfc45-bdfb-4343-9004-9be15dfd844c,server/model/players/Client.java,getOutStream
12acfc45-bdfb-4343-9004-9be15dfd844c,991eb2a8-284a-4290-ae08-f54cf8834706,bf907f32-b59e-4746-a797-1de4de4391c6,->,12acfc45-bdfb-4343-9004-9be15dfd844c,server/util/Stream.java,endFrameVarSize
12acfc45-bdfb-4343-9004-9be15dfd844c,991eb2a8-284a-4290-ae08-f54cf8834706,bf907f32-b59e-4746-a797-1de4de4391c6,->,12acfc45-bdfb-4343-9004-9be15dfd844c,server/model/players/Client.java,flushOutStream
12acfc45-bdfb-4343-9004-9be15dfd844c,991eb2a8-284a-4290-ae08-f54cf8834706,bf907f32-b59e-4746-a797-1de4de4391c6,->,12acfc45-bdfb-4343-9004-9be15dfd844c,2c89cfe4-ed6d-446f-832b-3c203feb3155,1c164068-f7f2-4aaa-9ccd-a81f10d02f4e
12acfc45-bdfb-4343-9004-9be15dfd844c,991eb2a8-284a-4290-ae08-f54cf8834706,bf907f32-b59e-4746-a797-1de4de4391c6,->,12acfc45-bdfb-4343-9004-9be15dfd844c,2c89cfe4-ed6d-446f-832b-3c203feb3155,b5671607-d7ea-4eb8-96eb-41148b77b80b
12acfc45-bdfb-4343-9004-9be15dfd844c,991eb2a8-284a-4290-ae08-f54cf8834706,34dca5c1-240c-40fd-ab53-7b6588e33c33,->,12acfc45-bdfb-4343-9004-9be15dfd844c,server/model/players/Client.java,getOutStream
12acfc45-bdfb-4343-9004-9be15dfd844c,991eb2a8-284a-4290-ae08-f54cf8834706,34dca5c1-240c-40fd-ab53-7b6588e33c33,->,12acfc45-bdfb-4343-9004-9be15dfd844c,server/model/players/Client.java,getOutStream
12acfc45-bdfb-4343-9004-9be15dfd844c,991eb2a8-284a-4290-ae08-f54cf8834706,34dca5c1-240c-40fd-ab53-7b6588e33c33,->,12acfc45-bdfb-4343-9004-9be15dfd844c,server/util/Stream.java,createFrame
12acfc45-bdfb-4343-9004-9be15dfd844c,991eb2a8-284a-4290-ae08-f54cf8834706,34dca5c1-240c-40fd-ab53-7b6588e33c33,->,12acfc45-bdfb-4343-9004-9be15dfd844c,server/model/players/Client.java,getOutStream
12acfc45-bdfb-4343-9004-9be15dfd844c,991eb2a8-284a-4290-ae08-f54cf8834706,34dca5c1-240c-40fd-ab53-7b6588e33c33,->,12acfc45-bdfb-4343-9004-9be15dfd844c,server/util/Stream.java,writeByte
12acfc45-bdfb-4343-9004-9be15dfd844c,991eb2a8-284a-4290-ae08-f54cf8834706,34dca5c1-240c-40fd-ab53-7b6588e33c33,->,12acfc45-bdfb-4343-9004-9be15dfd844c,server/model/players/Client.java,getOutStream
12acfc45-bdfb-4343-9004-9be15dfd844c,991eb2a8-284a-4290-ae08-f54cf8834706,34dca5c1-240c-40fd-ab53-7b6588e33c33,->,12acfc45-bdfb-4343-9004-9be15dfd844c,server/util/Stream.java,writeWord
12acfc45-bdfb-4343-9004-9be15dfd844c,991eb2a8-284a-4290-ae08-f54cf8834706,34dca5c1-240c-40fd-ab53-7b6588e33c33,->,12acfc45-bdfb-4343-9004-9be15dfd844c,server/model/players/Client.java,getOutStream
12acfc45-bdfb-4343-9004-9be15dfd844c,991eb2a8-284a-4290-ae08-f54cf8834706,34dca5c1-240c-40fd-ab53-7b6588e33c33,->,12acfc45-bdfb-4343-9004-9be15dfd844c,server/util/Stream.java,write3Byte
12acfc45-bdfb-4343-9004-9be15dfd844c,991eb2a8-284a-4290-ae08-f54cf8834706,34dca5c1-240c-40fd-ab53-7b6588e33c33,->,12acfc45-bdfb-4343-9004-9be15dfd844c,server/model/players/Client.java,flushOutStream
12acfc45-bdfb-4343-9004-9be15dfd844c,991eb2a8-284a-4290-ae08-f54cf8834706,124935b5-9001-47d3-8b3f-b68aa109aa6e,->,12acfc45-bdfb-4343-9004-9be15dfd844c,server/model/players/Client.java,getOutStream
12acfc45-bdfb-4343-9004-9be15dfd844c,991eb2a8-284a-4290-ae08-f54cf8834706,124935b5-9001-47d3-8b3f-b68aa109aa6e,->,12acfc45-bdfb-4343-9004-9be15dfd844c,server/model/players/Client.java,getOutStream
12acfc45-bdfb-4343-9004-9be15dfd844c,991eb2a8-284a-4290-ae08-f54cf8834706,124935b5-9001-47d3-8b3f-b68aa109aa6e,->,12acfc45-bdfb-4343-9004-9be15dfd844c,server/util/Stream.java,createFrame
12acfc45-bdfb-4343-9004-9be15dfd844c,991eb2a8-284a-4290-ae08-f54cf8834706,124935b5-9001-47d3-8b3f-b68aa109aa6e,->,12acfc45-bdfb-4343-9004-9be15dfd844c,server/model/players/Client.java,getOutStream
12acfc45-bdfb-4343-9004-9be15dfd844c,991eb2a8-284a-4290-ae08-f54cf8834706,124935b5-9001-47d3-8b3f-b68aa109aa6e,->,12acfc45-bdfb-4343-9004-9be15dfd844c,server/util/Stream.java,writeByte
12acfc45-bdfb-4343-9004-9be15dfd844c,991eb2a8-284a-4290-ae08-f54cf8834706,124935b5-9001-47d3-8b3f-b68aa109aa6e,->,12acfc45-bdfb-4343-9004-9be15dfd844c,server/model/players/Client.java,getOutStream
12acfc45-bdfb-4343-9004-9be15dfd844c,991eb2a8-284a-4290-ae08-f54cf8834706,124935b5-9001-47d3-8b3f-b68aa109aa6e,->,12acfc45-bdfb-4343-9004-9be15dfd844c,server/util/Stream.java,writeWord
12acfc45-bdfb-4343-9004-9be15dfd844c,991eb2a8-284a-4290-ae08-f54cf8834706,124935b5-9001-47d3-8b3f-b68aa109aa6e,->,12acfc45-bdfb-4343-9004-9be15dfd844c,server/model/players/Client.java,getOutStream
12acfc45-bdfb-4343-9004-9be15dfd844c,991eb2a8-284a-4290-ae08-f54cf8834706,124935b5-9001-47d3-8b3f-b68aa109aa6e,->,12acfc45-bdfb-4343-9004-9be15dfd844c,server/util/Stream.java,writeWord
12acfc45-bdfb-4343-9004-9be15dfd844c,991eb2a8-284a-4290-ae08-f54cf8834706,124935b5-9001-47d3-8b3f-b68aa109aa6e,->,12acfc45-bdfb-4343-9004-9be15dfd844c,server/model/players/Client.java,getOutStream
12acfc45-bdfb-4343-9004-9be15dfd844c,991eb2a8-284a-4290-ae08-f54cf8834706,124935b5-9001-47d3-8b3f-b68aa109aa6e,->,12acfc45-bdfb-4343-9004-9be15dfd844c,server/util/Stream.java,writeByte
12acfc45-bdfb-4343-9004-9be15dfd844c,991eb2a8-284a-4290-ae08-f54cf8834706,124935b5-9001-47d3-8b3f-b68aa109aa6e,->,12acfc45-bdfb-4343-9004-9be15dfd844c,server/model/players/Client.java,flushOutStream
12acfc45-bdfb-4343-9004-9be15dfd844c,991eb2a8-284a-4290-ae08-f54cf8834706,df67011a-3172-46b5-812e-20e962971852,->,12acfc45-bdfb-4343-9004-9be15dfd844c,server/model/players/Client.java,getOutStream
12acfc45-bdfb-4343-9004-9be15dfd844c,991eb2a8-284a-4290-ae08-f54cf8834706,df67011a-3172-46b5-812e-20e962971852,->,12acfc45-bdfb-4343-9004-9be15dfd844c,server/model/players/Client.java,getOutStream
12acfc45-bdfb-4343-9004-9be15dfd844c,991eb2a8-284a-4290-ae08-f54cf8834706,df67011a-3172-46b5-812e-20e962971852,->,12acfc45-bdfb-4343-9004-9be15dfd844c,server/util/Stream.java,createFrame
12acfc45-bdfb-4343-9004-9be15dfd844c,991eb2a8-284a-4290-ae08-f54cf8834706,df67011a-3172-46b5-812e-20e962971852,->,12acfc45-bdfb-4343-9004-9be15dfd844c,server/model/players/Client.java,getOutStream
12acfc45-bdfb-4343-9004-9be15dfd844c,991eb2a8-284a-4290-ae08-f54cf8834706,df67011a-3172-46b5-812e-20e962971852,->,12acfc45-bdfb-4343-9004-9be15dfd844c,server/util/Stream.java,writeQWord
12acfc45-bdfb-4343-9004-9be15dfd844c,991eb2a8-284a-4290-ae08-f54cf8834706,df67011a-3172-46b5-812e-20e962971852,->,12acfc45-bdfb-4343-9004-9be15dfd844c,server/model/players/Client.java,getOutStream
12acfc45-bdfb-4343-9004-9be15dfd844c,991eb2a8-284a-4290-ae08-f54cf8834706,df67011a-3172-46b5-812e-20e962971852,->,12acfc45-bdfb-4343-9004-9be15dfd844c,server/util/Stream.java,writeByte
12acfc45-bdfb-4343-9004-9be15dfd844c,991eb2a8-284a-4290-ae08-f54cf8834706,df67011a-3172-46b5-812e-20e962971852,->,12acfc45-bdfb-4343-9004-9be15dfd844c,server/model/players/Client.java,flushOutStream
12acfc45-bdfb-4343-9004-9be15dfd844c,991eb2a8-284a-4290-ae08-f54cf8834706,3666955d-52b4-495d-880c-318d6383a5bb,->,12acfc45-bdfb-4343-9004-9be15dfd844c,server/model/players/Client.java,getOutStream
12acfc45-bdfb-4343-9004-9be15dfd844c,991eb2a8-284a-4290-ae08-f54cf8834706,3666955d-52b4-495d-880c-318d6383a5bb,->,12acfc45-bdfb-4343-9004-9be15dfd844c,server/model/players/Client.java,getPA
12acfc45-bdfb-4343-9004-9be15dfd844c,991eb2a8-284a-4290-ae08-f54cf8834706,3666955d-52b4-495d-880c-318d6383a5bb,->,12acfc45-bdfb-4343-9004-9be15dfd844c,991eb2a8-284a-4290-ae08-f54cf8834706,a650c378-2bb6-4cd0-a616-959f230dd638
12acfc45-bdfb-4343-9004-9be15dfd844c,991eb2a8-284a-4290-ae08-f54cf8834706,3666955d-52b4-495d-880c-318d6383a5bb,->,12acfc45-bdfb-4343-9004-9be15dfd844c,server/model/players/Client.java,getOutStream
12acfc45-bdfb-4343-9004-9be15dfd844c,991eb2a8-284a-4290-ae08-f54cf8834706,3666955d-52b4-495d-880c-318d6383a5bb,->,12acfc45-bdfb-4343-9004-9be15dfd844c,server/util/Stream.java,createFrame
12acfc45-bdfb-4343-9004-9be15dfd844c,991eb2a8-284a-4290-ae08-f54cf8834706,3666955d-52b4-495d-880c-318d6383a5bb,->,12acfc45-bdfb-4343-9004-9be15dfd844c,server/model/players/Client.java,flushOutStream
12acfc45-bdfb-4343-9004-9be15dfd844c,991eb2a8-284a-4290-ae08-f54cf8834706,1f7845fa-db07-4b23-bcc9-ed7fd4f9ca8b,->,12acfc45-bdfb-4343-9004-9be15dfd844c,server/model/players/Client.java,getOutStream
12acfc45-bdfb-4343-9004-9be15dfd844c,991eb2a8-284a-4290-ae08-f54cf8834706,1f7845fa-db07-4b23-bcc9-ed7fd4f9ca8b,->,12acfc45-bdfb-4343-9004-9be15dfd844c,server/model/players/Client.java,getOutStream
12acfc45-bdfb-4343-9004-9be15dfd844c,991eb2a8-284a-4290-ae08-f54cf8834706,1f7845fa-db07-4b23-bcc9-ed7fd4f9ca8b,->,12acfc45-bdfb-4343-9004-9be15dfd844c,server/util/Stream.java,createFrame
12acfc45-bdfb-4343-9004-9be15dfd844c,991eb2a8-284a-4290-ae08-f54cf8834706,1f7845fa-db07-4b23-bcc9-ed7fd4f9ca8b,->,12acfc45-bdfb-4343-9004-9be15dfd844c,server/model/players/Client.java,flushOutStream
12acfc45-bdfb-4343-9004-9be15dfd844c,991eb2a8-284a-4290-ae08-f54cf8834706,1f7845fa-db07-4b23-bcc9-ed7fd4f9ca8b,->,12acfc45-bdfb-4343-9004-9be15dfd844c,server/model/players/Client.java,getTradeAndDuel
12acfc45-bdfb-4343-9004-9be15dfd844c,991eb2a8-284a-4290-ae08-f54cf8834706,1f7845fa-db07-4b23-bcc9-ed7fd4f9ca8b,->,12acfc45-bdfb-4343-9004-9be15dfd844c,server/model/players/TradeAndDuel.java,declineTrade
12acfc45-bdfb-4343-9004-9be15dfd844c,991eb2a8-284a-4290-ae08-f54cf8834706,567f87b3-4cc7-43f9-9489-4a8b3527773d,->,12acfc45-bdfb-4343-9004-9be15dfd844c,server/model/players/Client.java,getOutStream
12acfc45-bdfb-4343-9004-9be15dfd844c,991eb2a8-284a-4290-ae08-f54cf8834706,567f87b3-4cc7-43f9-9489-4a8b3527773d,->,12acfc45-bdfb-4343-9004-9be15dfd844c,server/util/Stream.java,createFrameVarSizeWord
12acfc45-bdfb-4343-9004-9be15dfd844c,991eb2a8-284a-4290-ae08-f54cf8834706,567f87b3-4cc7-43f9-9489-4a8b3527773d,->,12acfc45-bdfb-4343-9004-9be15dfd844c,server/util/Stream.java,writeWord
12acfc45-bdfb-4343-9004-9be15dfd844c,991eb2a8-284a-4290-ae08-f54cf8834706,567f87b3-4cc7-43f9-9489-4a8b3527773d,->,12acfc45-bdfb-4343-9004-9be15dfd844c,server/util/Stream.java,writeByte
12acfc45-bdfb-4343-9004-9be15dfd844c,991eb2a8-284a-4290-ae08-f54cf8834706,567f87b3-4cc7-43f9-9489-4a8b3527773d,->,12acfc45-bdfb-4343-9004-9be15dfd844c,server/util/Stream.java,writeDWord
12acfc45-bdfb-4343-9004-9be15dfd844c,991eb2a8-284a-4290-ae08-f54cf8834706,567f87b3-4cc7-43f9-9489-4a8b3527773d,->,12acfc45-bdfb-4343-9004-9be15dfd844c,server/util/Stream.java,writeWord
12acfc45-bdfb-4343-9004-9be15dfd844c,991eb2a8-284a-4290-ae08-f54cf8834706,567f87b3-4cc7-43f9-9489-4a8b3527773d,->,12acfc45-bdfb-4343-9004-9be15dfd844c,server/util/Stream.java,writeByte
12acfc45-bdfb-4343-9004-9be15dfd844c,991eb2a8-284a-4290-ae08-f54cf8834706,567f87b3-4cc7-43f9-9489-4a8b3527773d,->,12acfc45-bdfb-4343-9004-9be15dfd844c,server/util/Stream.java,endFrameVarSizeWord
12acfc45-bdfb-4343-9004-9be15dfd844c,991eb2a8-284a-4290-ae08-f54cf8834706,40b8551f-2f00-4956-8f96-670fa83abf44,->,12acfc45-bdfb-4343-9004-9be15dfd844c,server/model/players/Client.java,getOutStream
12acfc45-bdfb-4343-9004-9be15dfd844c,991eb2a8-284a-4290-ae08-f54cf8834706,40b8551f-2f00-4956-8f96-670fa83abf44,->,12acfc45-bdfb-4343-9004-9be15dfd844c,server/model/players/Client.java,getOutStream
12acfc45-bdfb-4343-9004-9be15dfd844c,991eb2a8-284a-4290-ae08-f54cf8834706,40b8551f-2f00-4956-8f96-670fa83abf44,->,12acfc45-bdfb-4343-9004-9be15dfd844c,server/util/Stream.java,createFrame
12acfc45-bdfb-4343-9004-9be15dfd844c,991eb2a8-284a-4290-ae08-f54cf8834706,40b8551f-2f00-4956-8f96-670fa83abf44,->,12acfc45-bdfb-4343-9004-9be15dfd844c,server/model/players/Client.java,getOutStream
12acfc45-bdfb-4343-9004-9be15dfd844c,991eb2a8-284a-4290-ae08-f54cf8834706,40b8551f-2f00-4956-8f96-670fa83abf44,->,12acfc45-bdfb-4343-9004-9be15dfd844c,server/util/Stream.java,writeWordBigEndian_dup
12acfc45-bdfb-4343-9004-9be15dfd844c,991eb2a8-284a-4290-ae08-f54cf8834706,40b8551f-2f00-4956-8f96-670fa83abf44,->,12acfc45-bdfb-4343-9004-9be15dfd844c,server/model/players/Client.java,flushOutStream
12acfc45-bdfb-4343-9004-9be15dfd844c,server/model/players/PlayerAssistant.java,sendFrame99,->,12acfc45-bdfb-4343-9004-9be15dfd844c,server/model/players/Client.java,getOutStream
12acfc45-bdfb-4343-9004-9be15dfd844c,server/model/players/PlayerAssistant.java,sendFrame99,->,12acfc45-bdfb-4343-9004-9be15dfd844c,server/model/players/Client.java,getOutStream
12acfc45-bdfb-4343-9004-9be15dfd844c,server/model/players/PlayerAssistant.java,sendFrame99,->,12acfc45-bdfb-4343-9004-9be15dfd844c,server/util/Stream.java,createFrame
12acfc45-bdfb-4343-9004-9be15dfd844c,server/model/players/PlayerAssistant.java,sendFrame99,->,12acfc45-bdfb-4343-9004-9be15dfd844c,server/model/players/Client.java,getOutStream
12acfc45-bdfb-4343-9004-9be15dfd844c,server/model/players/PlayerAssistant.java,sendFrame99,->,12acfc45-bdfb-4343-9004-9be15dfd844c,server/util/Stream.java,writeByte
12acfc45-bdfb-4343-9004-9be15dfd844c,server/model/players/PlayerAssistant.java,sendFrame99,->,12acfc45-bdfb-4343-9004-9be15dfd844c,server/model/players/Client.java,flushOutStream
12acfc45-bdfb-4343-9004-9be15dfd844c,991eb2a8-284a-4290-ae08-f54cf8834706,b389d91d-a5c4-40f9-9272-e6587b32dca4,->,12acfc45-bdfb-4343-9004-9be15dfd844c,server/model/players/Client.java,getOutStream
12acfc45-bdfb-4343-9004-9be15dfd844c,991eb2a8-284a-4290-ae08-f54cf8834706,b389d91d-a5c4-40f9-9272-e6587b32dca4,->,12acfc45-bdfb-4343-9004-9be15dfd844c,server/model/players/Client.java,getX
12acfc45-bdfb-4343-9004-9be15dfd844c,991eb2a8-284a-4290-ae08-f54cf8834706,b389d91d-a5c4-40f9-9272-e6587b32dca4,->,12acfc45-bdfb-4343-9004-9be15dfd844c,server/model/players/Client.java,getY
12acfc45-bdfb-4343-9004-9be15dfd844c,991eb2a8-284a-4290-ae08-f54cf8834706,b389d91d-a5c4-40f9-9272-e6587b32dca4,->,12acfc45-bdfb-4343-9004-9be15dfd844c,server/model/players/Client.java,distanceToPoint
12acfc45-bdfb-4343-9004-9be15dfd844c,991eb2a8-284a-4290-ae08-f54cf8834706,b389d91d-a5c4-40f9-9272-e6587b32dca4,->,12acfc45-bdfb-4343-9004-9be15dfd844c,server/model/players/Client.java,getOutStream
12acfc45-bdfb-4343-9004-9be15dfd844c,991eb2a8-284a-4290-ae08-f54cf8834706,b389d91d-a5c4-40f9-9272-e6587b32dca4,->,12acfc45-bdfb-4343-9004-9be15dfd844c,server/util/Stream.java,createFrame
12acfc45-bdfb-4343-9004-9be15dfd844c,991eb2a8-284a-4290-ae08-f54cf8834706,b389d91d-a5c4-40f9-9272-e6587b32dca4,->,12acfc45-bdfb-4343-9004-9be15dfd844c,server/model/players/Client.java,flushOutStream
12acfc45-bdfb-4343-9004-9be15dfd844c,991eb2a8-284a-4290-ae08-f54cf8834706,b389d91d-a5c4-40f9-9272-e6587b32dca4,->,12acfc45-bdfb-4343-9004-9be15dfd844c,server/model/players/Client.java,getPA
12acfc45-bdfb-4343-9004-9be15dfd844c,991eb2a8-284a-4290-ae08-f54cf8834706,b389d91d-a5c4-40f9-9272-e6587b32dca4,->,12acfc45-bdfb-4343-9004-9be15dfd844c,991eb2a8-284a-4290-ae08-f54cf8834706,f59ca130-d149-43aa-b537-369a4987d63b
12acfc45-bdfb-4343-9004-9be15dfd844c,991eb2a8-284a-4290-ae08-f54cf8834706,34f21cdb-509c-4f83-a2de-f8674bfd721d,->,12acfc45-bdfb-4343-9004-9be15dfd844c,server/model/players/Client.java,getOutStream
12acfc45-bdfb-4343-9004-9be15dfd844c,991eb2a8-284a-4290-ae08-f54cf8834706,34f21cdb-509c-4f83-a2de-f8674bfd721d,->,12acfc45-bdfb-4343-9004-9be15dfd844c,server/model/players/Client.java,getOutStream
12acfc45-bdfb-4343-9004-9be15dfd844c,991eb2a8-284a-4290-ae08-f54cf8834706,34f21cdb-509c-4f83-a2de-f8674bfd721d,->,12acfc45-bdfb-4343-9004-9be15dfd844c,server/util/Stream.java,createFrame
12acfc45-bdfb-4343-9004-9be15dfd844c,991eb2a8-284a-4290-ae08-f54cf8834706,34f21cdb-509c-4f83-a2de-f8674bfd721d,->,12acfc45-bdfb-4343-9004-9be15dfd844c,server/model/players/Client.java,getOutStream
12acfc45-bdfb-4343-9004-9be15dfd844c,991eb2a8-284a-4290-ae08-f54cf8834706,34f21cdb-509c-4f83-a2de-f8674bfd721d,->,12acfc45-bdfb-4343-9004-9be15dfd844c,server/model/players/Client.java,getMapRegionY
12acfc45-bdfb-4343-9004-9be15dfd844c,991eb2a8-284a-4290-ae08-f54cf8834706,34f21cdb-509c-4f83-a2de-f8674bfd721d,->,12acfc45-bdfb-4343-9004-9be15dfd844c,server/util/Stream.java,writeByteC
12acfc45-bdfb-4343-9004-9be15dfd844c,991eb2a8-284a-4290-ae08-f54cf8834706,34f21cdb-509c-4f83-a2de-f8674bfd721d,->,12acfc45-bdfb-4343-9004-9be15dfd844c,server/model/players/Client.java,getOutStream
12acfc45-bdfb-4343-9004-9be15dfd844c,991eb2a8-284a-4290-ae08-f54cf8834706,34f21cdb-509c-4f83-a2de-f8674bfd721d,->,12acfc45-bdfb-4343-9004-9be15dfd844c,server/model/players/Client.java,getMapRegionX
12acfc45-bdfb-4343-9004-9be15dfd844c,991eb2a8-284a-4290-ae08-f54cf8834706,34f21cdb-509c-4f83-a2de-f8674bfd721d,->,12acfc45-bdfb-4343-9004-9be15dfd844c,server/util/Stream.java,writeByteC
12acfc45-bdfb-4343-9004-9be15dfd844c,991eb2a8-284a-4290-ae08-f54cf8834706,34f21cdb-509c-4f83-a2de-f8674bfd721d,->,12acfc45-bdfb-4343-9004-9be15dfd844c,server/model/players/Client.java,getOutStream
12acfc45-bdfb-4343-9004-9be15dfd844c,991eb2a8-284a-4290-ae08-f54cf8834706,34f21cdb-509c-4f83-a2de-f8674bfd721d,->,12acfc45-bdfb-4343-9004-9be15dfd844c,server/util/Stream.java,createFrame
12acfc45-bdfb-4343-9004-9be15dfd844c,991eb2a8-284a-4290-ae08-f54cf8834706,34f21cdb-509c-4f83-a2de-f8674bfd721d,->,12acfc45-bdfb-4343-9004-9be15dfd844c,server/model/players/Client.java,getOutStream
12acfc45-bdfb-4343-9004-9be15dfd844c,991eb2a8-284a-4290-ae08-f54cf8834706,34f21cdb-509c-4f83-a2de-f8674bfd721d,->,12acfc45-bdfb-4343-9004-9be15dfd844c,server/util/Stream.java,writeByte
12acfc45-bdfb-4343-9004-9be15dfd844c,991eb2a8-284a-4290-ae08-f54cf8834706,34f21cdb-509c-4f83-a2de-f8674bfd721d,->,12acfc45-bdfb-4343-9004-9be15dfd844c,server/model/players/Client.java,getOutStream
12acfc45-bdfb-4343-9004-9be15dfd844c,991eb2a8-284a-4290-ae08-f54cf8834706,34f21cdb-509c-4f83-a2de-f8674bfd721d,->,12acfc45-bdfb-4343-9004-9be15dfd844c,server/util/Stream.java,writeByte
12acfc45-bdfb-4343-9004-9be15dfd844c,991eb2a8-284a-4290-ae08-f54cf8834706,34f21cdb-509c-4f83-a2de-f8674bfd721d,->,12acfc45-bdfb-4343-9004-9be15dfd844c,server/model/players/Client.java,getOutStream
12acfc45-bdfb-4343-9004-9be15dfd844c,991eb2a8-284a-4290-ae08-f54cf8834706,34f21cdb-509c-4f83-a2de-f8674bfd721d,->,12acfc45-bdfb-4343-9004-9be15dfd844c,server/util/Stream.java,writeByte
12acfc45-bdfb-4343-9004-9be15dfd844c,991eb2a8-284a-4290-ae08-f54cf8834706,34f21cdb-509c-4f83-a2de-f8674bfd721d,->,12acfc45-bdfb-4343-9004-9be15dfd844c,server/model/players/Client.java,getOutStream
12acfc45-bdfb-4343-9004-9be15dfd844c,991eb2a8-284a-4290-ae08-f54cf8834706,34f21cdb-509c-4f83-a2de-f8674bfd721d,->,12acfc45-bdfb-4343-9004-9be15dfd844c,server/util/Stream.java,writeWord
12acfc45-bdfb-4343-9004-9be15dfd844c,991eb2a8-284a-4290-ae08-f54cf8834706,34f21cdb-509c-4f83-a2de-f8674bfd721d,->,12acfc45-bdfb-4343-9004-9be15dfd844c,server/model/players/Client.java,getOutStream
12acfc45-bdfb-4343-9004-9be15dfd844c,991eb2a8-284a-4290-ae08-f54cf8834706,34f21cdb-509c-4f83-a2de-f8674bfd721d,->,12acfc45-bdfb-4343-9004-9be15dfd844c,server/util/Stream.java,writeWord
12acfc45-bdfb-4343-9004-9be15dfd844c,991eb2a8-284a-4290-ae08-f54cf8834706,34f21cdb-509c-4f83-a2de-f8674bfd721d,->,12acfc45-bdfb-4343-9004-9be15dfd844c,server/model/players/Client.java,getOutStream
12acfc45-bdfb-4343-9004-9be15dfd844c,991eb2a8-284a-4290-ae08-f54cf8834706,34f21cdb-509c-4f83-a2de-f8674bfd721d,->,12acfc45-bdfb-4343-9004-9be15dfd844c,server/util/Stream.java,writeByte
12acfc45-bdfb-4343-9004-9be15dfd844c,991eb2a8-284a-4290-ae08-f54cf8834706,34f21cdb-509c-4f83-a2de-f8674bfd721d,->,12acfc45-bdfb-4343-9004-9be15dfd844c,server/model/players/Client.java,getOutStream
12acfc45-bdfb-4343-9004-9be15dfd844c,991eb2a8-284a-4290-ae08-f54cf8834706,34f21cdb-509c-4f83-a2de-f8674bfd721d,->,12acfc45-bdfb-4343-9004-9be15dfd844c,server/util/Stream.java,writeByte
12acfc45-bdfb-4343-9004-9be15dfd844c,991eb2a8-284a-4290-ae08-f54cf8834706,34f21cdb-509c-4f83-a2de-f8674bfd721d,->,12acfc45-bdfb-4343-9004-9be15dfd844c,server/model/players/Client.java,getOutStream
12acfc45-bdfb-4343-9004-9be15dfd844c,991eb2a8-284a-4290-ae08-f54cf8834706,34f21cdb-509c-4f83-a2de-f8674bfd721d,->,12acfc45-bdfb-4343-9004-9be15dfd844c,server/util/Stream.java,writeWord
12acfc45-bdfb-4343-9004-9be15dfd844c,991eb2a8-284a-4290-ae08-f54cf8834706,34f21cdb-509c-4f83-a2de-f8674bfd721d,->,12acfc45-bdfb-4343-9004-9be15dfd844c,server/model/players/Client.java,getOutStream
12acfc45-bdfb-4343-9004-9be15dfd844c,991eb2a8-284a-4290-ae08-f54cf8834706,34f21cdb-509c-4f83-a2de-f8674bfd721d,->,12acfc45-bdfb-4343-9004-9be15dfd844c,server/util/Stream.java,writeWord
12acfc45-bdfb-4343-9004-9be15dfd844c,991eb2a8-284a-4290-ae08-f54cf8834706,34f21cdb-509c-4f83-a2de-f8674bfd721d,->,12acfc45-bdfb-4343-9004-9be15dfd844c,server/model/players/Client.java,getOutStream
12acfc45-bdfb-4343-9004-9be15dfd844c,991eb2a8-284a-4290-ae08-f54cf8834706,34f21cdb-509c-4f83-a2de-f8674bfd721d,->,12acfc45-bdfb-4343-9004-9be15dfd844c,server/util/Stream.java,writeByte
12acfc45-bdfb-4343-9004-9be15dfd844c,991eb2a8-284a-4290-ae08-f54cf8834706,34f21cdb-509c-4f83-a2de-f8674bfd721d,->,12acfc45-bdfb-4343-9004-9be15dfd844c,server/model/players/Client.java,getOutStream
12acfc45-bdfb-4343-9004-9be15dfd844c,991eb2a8-284a-4290-ae08-f54cf8834706,34f21cdb-509c-4f83-a2de-f8674bfd721d,->,12acfc45-bdfb-4343-9004-9be15dfd844c,server/util/Stream.java,writeByte
12acfc45-bdfb-4343-9004-9be15dfd844c,991eb2a8-284a-4290-ae08-f54cf8834706,34f21cdb-509c-4f83-a2de-f8674bfd721d,->,12acfc45-bdfb-4343-9004-9be15dfd844c,server/model/players/Client.java,flushOutStream
12acfc45-bdfb-4343-9004-9be15dfd844c,991eb2a8-284a-4290-ae08-f54cf8834706,37c2deb1-85b4-4480-81a7-d18adde21ff6,->,12acfc45-bdfb-4343-9004-9be15dfd844c,server/model/players/Client.java,getOutStream
12acfc45-bdfb-4343-9004-9be15dfd844c,991eb2a8-284a-4290-ae08-f54cf8834706,37c2deb1-85b4-4480-81a7-d18adde21ff6,->,12acfc45-bdfb-4343-9004-9be15dfd844c,server/model/players/Client.java,getOutStream
12acfc45-bdfb-4343-9004-9be15dfd844c,991eb2a8-284a-4290-ae08-f54cf8834706,37c2deb1-85b4-4480-81a7-d18adde21ff6,->,12acfc45-bdfb-4343-9004-9be15dfd844c,server/util/Stream.java,createFrame
12acfc45-bdfb-4343-9004-9be15dfd844c,991eb2a8-284a-4290-ae08-f54cf8834706,37c2deb1-85b4-4480-81a7-d18adde21ff6,->,12acfc45-bdfb-4343-9004-9be15dfd844c,server/model/players/Client.java,getOutStream
12acfc45-bdfb-4343-9004-9be15dfd844c,991eb2a8-284a-4290-ae08-f54cf8834706,37c2deb1-85b4-4480-81a7-d18adde21ff6,->,12acfc45-bdfb-4343-9004-9be15dfd844c,server/model/players/Client.java,getMapRegionY
12acfc45-bdfb-4343-9004-9be15dfd844c,991eb2a8-284a-4290-ae08-f54cf8834706,37c2deb1-85b4-4480-81a7-d18adde21ff6,->,12acfc45-bdfb-4343-9004-9be15dfd844c,server/util/Stream.java,writeByteC
12acfc45-bdfb-4343-9004-9be15dfd844c,991eb2a8-284a-4290-ae08-f54cf8834706,37c2deb1-85b4-4480-81a7-d18adde21ff6,->,12acfc45-bdfb-4343-9004-9be15dfd844c,server/model/players/Client.java,getOutStream
12acfc45-bdfb-4343-9004-9be15dfd844c,991eb2a8-284a-4290-ae08-f54cf8834706,37c2deb1-85b4-4480-81a7-d18adde21ff6,->,12acfc45-bdfb-4343-9004-9be15dfd844c,server/model/players/Client.java,getMapRegionX
12acfc45-bdfb-4343-9004-9be15dfd844c,991eb2a8-284a-4290-ae08-f54cf8834706,37c2deb1-85b4-4480-81a7-d18adde21ff6,->,12acfc45-bdfb-4343-9004-9be15dfd844c,server/util/Stream.java,writeByteC
12acfc45-bdfb-4343-9004-9be15dfd844c,991eb2a8-284a-4290-ae08-f54cf8834706,37c2deb1-85b4-4480-81a7-d18adde21ff6,->,12acfc45-bdfb-4343-9004-9be15dfd844c,server/model/players/Client.java,getOutStream
12acfc45-bdfb-4343-9004-9be15dfd844c,991eb2a8-284a-4290-ae08-f54cf8834706,37c2deb1-85b4-4480-81a7-d18adde21ff6,->,12acfc45-bdfb-4343-9004-9be15dfd844c,server/util/Stream.java,createFrame
12acfc45-bdfb-4343-9004-9be15dfd844c,991eb2a8-284a-4290-ae08-f54cf8834706,37c2deb1-85b4-4480-81a7-d18adde21ff6,->,12acfc45-bdfb-4343-9004-9be15dfd844c,server/model/players/Client.java,getOutStream
12acfc45-bdfb-4343-9004-9be15dfd844c,991eb2a8-284a-4290-ae08-f54cf8834706,37c2deb1-85b4-4480-81a7-d18adde21ff6,->,12acfc45-bdfb-4343-9004-9be15dfd844c,server/util/Stream.java,writeByte
12acfc45-bdfb-4343-9004-9be15dfd844c,991eb2a8-284a-4290-ae08-f54cf8834706,37c2deb1-85b4-4480-81a7-d18adde21ff6,->,12acfc45-bdfb-4343-9004-9be15dfd844c,server/model/players/Client.java,getOutStream
12acfc45-bdfb-4343-9004-9be15dfd844c,991eb2a8-284a-4290-ae08-f54cf8834706,37c2deb1-85b4-4480-81a7-d18adde21ff6,->,12acfc45-bdfb-4343-9004-9be15dfd844c,server/util/Stream.java,writeByte
12acfc45-bdfb-4343-9004-9be15dfd844c,991eb2a8-284a-4290-ae08-f54cf8834706,37c2deb1-85b4-4480-81a7-d18adde21ff6,->,12acfc45-bdfb-4343-9004-9be15dfd844c,server/model/players/Client.java,getOutStream
12acfc45-bdfb-4343-9004-9be15dfd844c,991eb2a8-284a-4290-ae08-f54cf8834706,37c2deb1-85b4-4480-81a7-d18adde21ff6,->,12acfc45-bdfb-4343-9004-9be15dfd844c,server/util/Stream.java,writeByte
12acfc45-bdfb-4343-9004-9be15dfd844c,991eb2a8-284a-4290-ae08-f54cf8834706,37c2deb1-85b4-4480-81a7-d18adde21ff6,->,12acfc45-bdfb-4343-9004-9be15dfd844c,server/model/players/Client.java,getOutStream
12acfc45-bdfb-4343-9004-9be15dfd844c,991eb2a8-284a-4290-ae08-f54cf8834706,37c2deb1-85b4-4480-81a7-d18adde21ff6,->,12acfc45-bdfb-4343-9004-9be15dfd844c,server/util/Stream.java,writeWord
12acfc45-bdfb-4343-9004-9be15dfd844c,991eb2a8-284a-4290-ae08-f54cf8834706,37c2deb1-85b4-4480-81a7-d18adde21ff6,->,12acfc45-bdfb-4343-9004-9be15dfd844c,server/model/players/Client.java,getOutStream
12acfc45-bdfb-4343-9004-9be15dfd844c,991eb2a8-284a-4290-ae08-f54cf8834706,37c2deb1-85b4-4480-81a7-d18adde21ff6,->,12acfc45-bdfb-4343-9004-9be15dfd844c,server/util/Stream.java,writeWord
12acfc45-bdfb-4343-9004-9be15dfd844c,991eb2a8-284a-4290-ae08-f54cf8834706,37c2deb1-85b4-4480-81a7-d18adde21ff6,->,12acfc45-bdfb-4343-9004-9be15dfd844c,server/model/players/Client.java,getOutStream
12acfc45-bdfb-4343-9004-9be15dfd844c,991eb2a8-284a-4290-ae08-f54cf8834706,37c2deb1-85b4-4480-81a7-d18adde21ff6,->,12acfc45-bdfb-4343-9004-9be15dfd844c,server/util/Stream.java,writeByte
12acfc45-bdfb-4343-9004-9be15dfd844c,991eb2a8-284a-4290-ae08-f54cf8834706,37c2deb1-85b4-4480-81a7-d18adde21ff6,->,12acfc45-bdfb-4343-9004-9be15dfd844c,server/model/players/Client.java,getOutStream
12acfc45-bdfb-4343-9004-9be15dfd844c,991eb2a8-284a-4290-ae08-f54cf8834706,37c2deb1-85b4-4480-81a7-d18adde21ff6,->,12acfc45-bdfb-4343-9004-9be15dfd844c,server/util/Stream.java,writeByte
12acfc45-bdfb-4343-9004-9be15dfd844c,991eb2a8-284a-4290-ae08-f54cf8834706,37c2deb1-85b4-4480-81a7-d18adde21ff6,->,12acfc45-bdfb-4343-9004-9be15dfd844c,server/model/players/Client.java,getOutStream
12acfc45-bdfb-4343-9004-9be15dfd844c,991eb2a8-284a-4290-ae08-f54cf8834706,37c2deb1-85b4-4480-81a7-d18adde21ff6,->,12acfc45-bdfb-4343-9004-9be15dfd844c,server/util/Stream.java,writeWord
12acfc45-bdfb-4343-9004-9be15dfd844c,991eb2a8-284a-4290-ae08-f54cf8834706,37c2deb1-85b4-4480-81a7-d18adde21ff6,->,12acfc45-bdfb-4343-9004-9be15dfd844c,server/model/players/Client.java,getOutStream
12acfc45-bdfb-4343-9004-9be15dfd844c,991eb2a8-284a-4290-ae08-f54cf8834706,37c2deb1-85b4-4480-81a7-d18adde21ff6,->,12acfc45-bdfb-4343-9004-9be15dfd844c,server/util/Stream.java,writeWord
12acfc45-bdfb-4343-9004-9be15dfd844c,991eb2a8-284a-4290-ae08-f54cf8834706,37c2deb1-85b4-4480-81a7-d18adde21ff6,->,12acfc45-bdfb-4343-9004-9be15dfd844c,server/model/players/Client.java,getOutStream
12acfc45-bdfb-4343-9004-9be15dfd844c,991eb2a8-284a-4290-ae08-f54cf8834706,37c2deb1-85b4-4480-81a7-d18adde21ff6,->,12acfc45-bdfb-4343-9004-9be15dfd844c,server/util/Stream.java,writeByte
12acfc45-bdfb-4343-9004-9be15dfd844c,991eb2a8-284a-4290-ae08-f54cf8834706,37c2deb1-85b4-4480-81a7-d18adde21ff6,->,12acfc45-bdfb-4343-9004-9be15dfd844c,server/model/players/Client.java,getOutStream
12acfc45-bdfb-4343-9004-9be15dfd844c,991eb2a8-284a-4290-ae08-f54cf8834706,37c2deb1-85b4-4480-81a7-d18adde21ff6,->,12acfc45-bdfb-4343-9004-9be15dfd844c,server/util/Stream.java,writeByte
12acfc45-bdfb-4343-9004-9be15dfd844c,991eb2a8-284a-4290-ae08-f54cf8834706,37c2deb1-85b4-4480-81a7-d18adde21ff6,->,12acfc45-bdfb-4343-9004-9be15dfd844c,server/model/players/Client.java,flushOutStream
12acfc45-bdfb-4343-9004-9be15dfd844c,991eb2a8-284a-4290-ae08-f54cf8834706,3b42da37-c458-47dd-84b7-9027c34c9e43,->,12acfc45-bdfb-4343-9004-9be15dfd844c,server/model/players/Client.java,getOutStream
12acfc45-bdfb-4343-9004-9be15dfd844c,991eb2a8-284a-4290-ae08-f54cf8834706,3b42da37-c458-47dd-84b7-9027c34c9e43,->,12acfc45-bdfb-4343-9004-9be15dfd844c,server/model/players/Client.java,distanceToPoint
12acfc45-bdfb-4343-9004-9be15dfd844c,991eb2a8-284a-4290-ae08-f54cf8834706,3b42da37-c458-47dd-84b7-9027c34c9e43,->,12acfc45-bdfb-4343-9004-9be15dfd844c,server/model/players/Client.java,getPA
12acfc45-bdfb-4343-9004-9be15dfd844c,991eb2a8-284a-4290-ae08-f54cf8834706,3b42da37-c458-47dd-84b7-9027c34c9e43,->,12acfc45-bdfb-4343-9004-9be15dfd844c,991eb2a8-284a-4290-ae08-f54cf8834706,34f21cdb-509c-4f83-a2de-f8674bfd721d
12acfc45-bdfb-4343-9004-9be15dfd844c,991eb2a8-284a-4290-ae08-f54cf8834706,16b37304-c0ca-4b8a-ab7e-8791aa885a41,->,12acfc45-bdfb-4343-9004-9be15dfd844c,server/model/players/Client.java,getOutStream
12acfc45-bdfb-4343-9004-9be15dfd844c,991eb2a8-284a-4290-ae08-f54cf8834706,16b37304-c0ca-4b8a-ab7e-8791aa885a41,->,12acfc45-bdfb-4343-9004-9be15dfd844c,server/model/players/Client.java,distanceToPoint
12acfc45-bdfb-4343-9004-9be15dfd844c,991eb2a8-284a-4290-ae08-f54cf8834706,16b37304-c0ca-4b8a-ab7e-8791aa885a41,->,12acfc45-bdfb-4343-9004-9be15dfd844c,server/model/players/Client.java,getPA
12acfc45-bdfb-4343-9004-9be15dfd844c,991eb2a8-284a-4290-ae08-f54cf8834706,16b37304-c0ca-4b8a-ab7e-8791aa885a41,->,12acfc45-bdfb-4343-9004-9be15dfd844c,991eb2a8-284a-4290-ae08-f54cf8834706,37c2deb1-85b4-4480-81a7-d18adde21ff6
12acfc45-bdfb-4343-9004-9be15dfd844c,991eb2a8-284a-4290-ae08-f54cf8834706,4c74c7c8-5673-4434-871a-21b2ab35859b,->,12acfc45-bdfb-4343-9004-9be15dfd844c,server/model/players/Client.java,getOutStream
12acfc45-bdfb-4343-9004-9be15dfd844c,991eb2a8-284a-4290-ae08-f54cf8834706,4c74c7c8-5673-4434-871a-21b2ab35859b,->,12acfc45-bdfb-4343-9004-9be15dfd844c,server/model/players/Client.java,getOutStream
12acfc45-bdfb-4343-9004-9be15dfd844c,991eb2a8-284a-4290-ae08-f54cf8834706,4c74c7c8-5673-4434-871a-21b2ab35859b,->,12acfc45-bdfb-4343-9004-9be15dfd844c,server/util/Stream.java,createFrame
12acfc45-bdfb-4343-9004-9be15dfd844c,991eb2a8-284a-4290-ae08-f54cf8834706,4c74c7c8-5673-4434-871a-21b2ab35859b,->,12acfc45-bdfb-4343-9004-9be15dfd844c,server/model/players/Client.java,getOutStream
12acfc45-bdfb-4343-9004-9be15dfd844c,991eb2a8-284a-4290-ae08-f54cf8834706,4c74c7c8-5673-4434-871a-21b2ab35859b,->,12acfc45-bdfb-4343-9004-9be15dfd844c,server/model/players/Client.java,getMapRegionY
12acfc45-bdfb-4343-9004-9be15dfd844c,991eb2a8-284a-4290-ae08-f54cf8834706,4c74c7c8-5673-4434-871a-21b2ab35859b,->,12acfc45-bdfb-4343-9004-9be15dfd844c,server/util/Stream.java,writeByteC
12acfc45-bdfb-4343-9004-9be15dfd844c,991eb2a8-284a-4290-ae08-f54cf8834706,4c74c7c8-5673-4434-871a-21b2ab35859b,->,12acfc45-bdfb-4343-9004-9be15dfd844c,server/model/players/Client.java,getOutStream
12acfc45-bdfb-4343-9004-9be15dfd844c,991eb2a8-284a-4290-ae08-f54cf8834706,4c74c7c8-5673-4434-871a-21b2ab35859b,->,12acfc45-bdfb-4343-9004-9be15dfd844c,server/model/players/Client.java,getMapRegionX
12acfc45-bdfb-4343-9004-9be15dfd844c,991eb2a8-284a-4290-ae08-f54cf8834706,4c74c7c8-5673-4434-871a-21b2ab35859b,->,12acfc45-bdfb-4343-9004-9be15dfd844c,server/util/Stream.java,writeByteC
12acfc45-bdfb-4343-9004-9be15dfd844c,991eb2a8-284a-4290-ae08-f54cf8834706,4c74c7c8-5673-4434-871a-21b2ab35859b,->,12acfc45-bdfb-4343-9004-9be15dfd844c,server/model/players/Client.java,getOutStream
12acfc45-bdfb-4343-9004-9be15dfd844c,991eb2a8-284a-4290-ae08-f54cf8834706,4c74c7c8-5673-4434-871a-21b2ab35859b,->,12acfc45-bdfb-4343-9004-9be15dfd844c,server/util/Stream.java,createFrame
12acfc45-bdfb-4343-9004-9be15dfd844c,991eb2a8-284a-4290-ae08-f54cf8834706,4c74c7c8-5673-4434-871a-21b2ab35859b,->,12acfc45-bdfb-4343-9004-9be15dfd844c,server/model/players/Client.java,getOutStream
12acfc45-bdfb-4343-9004-9be15dfd844c,991eb2a8-284a-4290-ae08-f54cf8834706,4c74c7c8-5673-4434-871a-21b2ab35859b,->,12acfc45-bdfb-4343-9004-9be15dfd844c,server/util/Stream.java,writeByte
12acfc45-bdfb-4343-9004-9be15dfd844c,991eb2a8-284a-4290-ae08-f54cf8834706,4c74c7c8-5673-4434-871a-21b2ab35859b,->,12acfc45-bdfb-4343-9004-9be15dfd844c,server/model/players/Client.java,getOutStream
12acfc45-bdfb-4343-9004-9be15dfd844c,991eb2a8-284a-4290-ae08-f54cf8834706,4c74c7c8-5673-4434-871a-21b2ab35859b,->,12acfc45-bdfb-4343-9004-9be15dfd844c,server/util/Stream.java,writeWord
12acfc45-bdfb-4343-9004-9be15dfd844c,991eb2a8-284a-4290-ae08-f54cf8834706,4c74c7c8-5673-4434-871a-21b2ab35859b,->,12acfc45-bdfb-4343-9004-9be15dfd844c,server/model/players/Client.java,getOutStream
12acfc45-bdfb-4343-9004-9be15dfd844c,991eb2a8-284a-4290-ae08-f54cf8834706,4c74c7c8-5673-4434-871a-21b2ab35859b,->,12acfc45-bdfb-4343-9004-9be15dfd844c,server/util/Stream.java,writeByte
12acfc45-bdfb-4343-9004-9be15dfd844c,991eb2a8-284a-4290-ae08-f54cf8834706,4c74c7c8-5673-4434-871a-21b2ab35859b,->,12acfc45-bdfb-4343-9004-9be15dfd844c,server/model/players/Client.java,getOutStream
12acfc45-bdfb-4343-9004-9be15dfd844c,991eb2a8-284a-4290-ae08-f54cf8834706,4c74c7c8-5673-4434-871a-21b2ab35859b,->,12acfc45-bdfb-4343-9004-9be15dfd844c,server/util/Stream.java,writeWord
12acfc45-bdfb-4343-9004-9be15dfd844c,991eb2a8-284a-4290-ae08-f54cf8834706,4c74c7c8-5673-4434-871a-21b2ab35859b,->,12acfc45-bdfb-4343-9004-9be15dfd844c,server/model/players/Client.java,flushOutStream
12acfc45-bdfb-4343-9004-9be15dfd844c,991eb2a8-284a-4290-ae08-f54cf8834706,9100c3d2-8c70-45cd-a8ab-91e26140a40f,->,12acfc45-bdfb-4343-9004-9be15dfd844c,server/model/players/Client.java,getOutStream
12acfc45-bdfb-4343-9004-9be15dfd844c,991eb2a8-284a-4290-ae08-f54cf8834706,9100c3d2-8c70-45cd-a8ab-91e26140a40f,->,12acfc45-bdfb-4343-9004-9be15dfd844c,server/model/players/Client.java,distanceToPoint
12acfc45-bdfb-4343-9004-9be15dfd844c,991eb2a8-284a-4290-ae08-f54cf8834706,9100c3d2-8c70-45cd-a8ab-91e26140a40f,->,12acfc45-bdfb-4343-9004-9be15dfd844c,server/model/players/Client.java,getPA
12acfc45-bdfb-4343-9004-9be15dfd844c,991eb2a8-284a-4290-ae08-f54cf8834706,9100c3d2-8c70-45cd-a8ab-91e26140a40f,->,12acfc45-bdfb-4343-9004-9be15dfd844c,991eb2a8-284a-4290-ae08-f54cf8834706,4c74c7c8-5673-4434-871a-21b2ab35859b
12acfc45-bdfb-4343-9004-9be15dfd844c,991eb2a8-284a-4290-ae08-f54cf8834706,6f1c3a56-0513-4978-8516-4c4cd1895096,->,12acfc45-bdfb-4343-9004-9be15dfd844c,server/model/players/Client.java,getOutStream
12acfc45-bdfb-4343-9004-9be15dfd844c,991eb2a8-284a-4290-ae08-f54cf8834706,6f1c3a56-0513-4978-8516-4c4cd1895096,->,12acfc45-bdfb-4343-9004-9be15dfd844c,server/model/players/Client.java,getOutStream
12acfc45-bdfb-4343-9004-9be15dfd844c,991eb2a8-284a-4290-ae08-f54cf8834706,6f1c3a56-0513-4978-8516-4c4cd1895096,->,12acfc45-bdfb-4343-9004-9be15dfd844c,server/util/Stream.java,createFrame
12acfc45-bdfb-4343-9004-9be15dfd844c,991eb2a8-284a-4290-ae08-f54cf8834706,6f1c3a56-0513-4978-8516-4c4cd1895096,->,12acfc45-bdfb-4343-9004-9be15dfd844c,server/model/players/Client.java,getOutStream
12acfc45-bdfb-4343-9004-9be15dfd844c,991eb2a8-284a-4290-ae08-f54cf8834706,6f1c3a56-0513-4978-8516-4c4cd1895096,->,12acfc45-bdfb-4343-9004-9be15dfd844c,server/model/players/Client.java,getMapRegionY
12acfc45-bdfb-4343-9004-9be15dfd844c,991eb2a8-284a-4290-ae08-f54cf8834706,6f1c3a56-0513-4978-8516-4c4cd1895096,->,12acfc45-bdfb-4343-9004-9be15dfd844c,server/util/Stream.java,writeByteC
12acfc45-bdfb-4343-9004-9be15dfd844c,991eb2a8-284a-4290-ae08-f54cf8834706,6f1c3a56-0513-4978-8516-4c4cd1895096,->,12acfc45-bdfb-4343-9004-9be15dfd844c,server/model/players/Client.java,getOutStream
12acfc45-bdfb-4343-9004-9be15dfd844c,991eb2a8-284a-4290-ae08-f54cf8834706,6f1c3a56-0513-4978-8516-4c4cd1895096,->,12acfc45-bdfb-4343-9004-9be15dfd844c,server/model/players/Client.java,getMapRegionX
12acfc45-bdfb-4343-9004-9be15dfd844c,991eb2a8-284a-4290-ae08-f54cf8834706,6f1c3a56-0513-4978-8516-4c4cd1895096,->,12acfc45-bdfb-4343-9004-9be15dfd844c,server/util/Stream.java,writeByteC
12acfc45-bdfb-4343-9004-9be15dfd844c,991eb2a8-284a-4290-ae08-f54cf8834706,6f1c3a56-0513-4978-8516-4c4cd1895096,->,12acfc45-bdfb-4343-9004-9be15dfd844c,server/model/players/Client.java,getOutStream
12acfc45-bdfb-4343-9004-9be15dfd844c,991eb2a8-284a-4290-ae08-f54cf8834706,6f1c3a56-0513-4978-8516-4c4cd1895096,->,12acfc45-bdfb-4343-9004-9be15dfd844c,server/util/Stream.java,createFrame
12acfc45-bdfb-4343-9004-9be15dfd844c,991eb2a8-284a-4290-ae08-f54cf8834706,6f1c3a56-0513-4978-8516-4c4cd1895096,->,12acfc45-bdfb-4343-9004-9be15dfd844c,server/model/players/Client.java,getOutStream
12acfc45-bdfb-4343-9004-9be15dfd844c,991eb2a8-284a-4290-ae08-f54cf8834706,6f1c3a56-0513-4978-8516-4c4cd1895096,->,12acfc45-bdfb-4343-9004-9be15dfd844c,server/util/Stream.java,writeByteC
12acfc45-bdfb-4343-9004-9be15dfd844c,991eb2a8-284a-4290-ae08-f54cf8834706,6f1c3a56-0513-4978-8516-4c4cd1895096,->,12acfc45-bdfb-4343-9004-9be15dfd844c,server/model/players/Client.java,getOutStream
12acfc45-bdfb-4343-9004-9be15dfd844c,991eb2a8-284a-4290-ae08-f54cf8834706,6f1c3a56-0513-4978-8516-4c4cd1895096,->,12acfc45-bdfb-4343-9004-9be15dfd844c,server/util/Stream.java,writeByte
12acfc45-bdfb-4343-9004-9be15dfd844c,991eb2a8-284a-4290-ae08-f54cf8834706,6f1c3a56-0513-4978-8516-4c4cd1895096,->,12acfc45-bdfb-4343-9004-9be15dfd844c,server/model/players/Client.java,getOutStream
12acfc45-bdfb-4343-9004-9be15dfd844c,991eb2a8-284a-4290-ae08-f54cf8834706,6f1c3a56-0513-4978-8516-4c4cd1895096,->,12acfc45-bdfb-4343-9004-9be15dfd844c,server/util/Stream.java,createFrame
12acfc45-bdfb-4343-9004-9be15dfd844c,991eb2a8-284a-4290-ae08-f54cf8834706,6f1c3a56-0513-4978-8516-4c4cd1895096,->,12acfc45-bdfb-4343-9004-9be15dfd844c,server/model/players/Client.java,getOutStream
12acfc45-bdfb-4343-9004-9be15dfd844c,991eb2a8-284a-4290-ae08-f54cf8834706,6f1c3a56-0513-4978-8516-4c4cd1895096,->,12acfc45-bdfb-4343-9004-9be15dfd844c,server/util/Stream.java,writeByteS
12acfc45-bdfb-4343-9004-9be15dfd844c,991eb2a8-284a-4290-ae08-f54cf8834706,6f1c3a56-0513-4978-8516-4c4cd1895096,->,12acfc45-bdfb-4343-9004-9be15dfd844c,server/model/players/Client.java,getOutStream
12acfc45-bdfb-4343-9004-9be15dfd844c,991eb2a8-284a-4290-ae08-f54cf8834706,6f1c3a56-0513-4978-8516-4c4cd1895096,->,12acfc45-bdfb-4343-9004-9be15dfd844c,server/util/Stream.java,writeWordBigEndian
12acfc45-bdfb-4343-9004-9be15dfd844c,991eb2a8-284a-4290-ae08-f54cf8834706,6f1c3a56-0513-4978-8516-4c4cd1895096,->,12acfc45-bdfb-4343-9004-9be15dfd844c,server/model/players/Client.java,getOutStream
12acfc45-bdfb-4343-9004-9be15dfd844c,991eb2a8-284a-4290-ae08-f54cf8834706,6f1c3a56-0513-4978-8516-4c4cd1895096,->,12acfc45-bdfb-4343-9004-9be15dfd844c,server/util/Stream.java,writeByteS
12acfc45-bdfb-4343-9004-9be15dfd844c,991eb2a8-284a-4290-ae08-f54cf8834706,6f1c3a56-0513-4978-8516-4c4cd1895096,->,12acfc45-bdfb-4343-9004-9be15dfd844c,server/model/players/Client.java,flushOutStream
12acfc45-bdfb-4343-9004-9be15dfd844c,991eb2a8-284a-4290-ae08-f54cf8834706,82c6079b-d91b-4c83-a34c-24cf3e6e5473,->,12acfc45-bdfb-4343-9004-9be15dfd844c,server/model/players/Client.java,distanceToPoint
12acfc45-bdfb-4343-9004-9be15dfd844c,991eb2a8-284a-4290-ae08-f54cf8834706,82c6079b-d91b-4c83-a34c-24cf3e6e5473,->,12acfc45-bdfb-4343-9004-9be15dfd844c,server/model/players/Client.java,getOutStream
12acfc45-bdfb-4343-9004-9be15dfd844c,991eb2a8-284a-4290-ae08-f54cf8834706,82c6079b-d91b-4c83-a34c-24cf3e6e5473,->,12acfc45-bdfb-4343-9004-9be15dfd844c,server/model/players/Client.java,getOutStream
12acfc45-bdfb-4343-9004-9be15dfd844c,991eb2a8-284a-4290-ae08-f54cf8834706,82c6079b-d91b-4c83-a34c-24cf3e6e5473,->,12acfc45-bdfb-4343-9004-9be15dfd844c,server/util/Stream.java,createFrame
12acfc45-bdfb-4343-9004-9be15dfd844c,991eb2a8-284a-4290-ae08-f54cf8834706,82c6079b-d91b-4c83-a34c-24cf3e6e5473,->,12acfc45-bdfb-4343-9004-9be15dfd844c,server/model/players/Client.java,getOutStream
12acfc45-bdfb-4343-9004-9be15dfd844c,991eb2a8-284a-4290-ae08-f54cf8834706,82c6079b-d91b-4c83-a34c-24cf3e6e5473,->,12acfc45-bdfb-4343-9004-9be15dfd844c,server/model/players/Client.java,getMapRegionY
12acfc45-bdfb-4343-9004-9be15dfd844c,991eb2a8-284a-4290-ae08-f54cf8834706,82c6079b-d91b-4c83-a34c-24cf3e6e5473,->,12acfc45-bdfb-4343-9004-9be15dfd844c,server/util/Stream.java,writeByteC
12acfc45-bdfb-4343-9004-9be15dfd844c,991eb2a8-284a-4290-ae08-f54cf8834706,82c6079b-d91b-4c83-a34c-24cf3e6e5473,->,12acfc45-bdfb-4343-9004-9be15dfd844c,server/model/players/Client.java,getOutStream
12acfc45-bdfb-4343-9004-9be15dfd844c,991eb2a8-284a-4290-ae08-f54cf8834706,82c6079b-d91b-4c83-a34c-24cf3e6e5473,->,12acfc45-bdfb-4343-9004-9be15dfd844c,server/model/players/Client.java,getMapRegionX
12acfc45-bdfb-4343-9004-9be15dfd844c,991eb2a8-284a-4290-ae08-f54cf8834706,82c6079b-d91b-4c83-a34c-24cf3e6e5473,->,12acfc45-bdfb-4343-9004-9be15dfd844c,server/util/Stream.java,writeByteC
12acfc45-bdfb-4343-9004-9be15dfd844c,991eb2a8-284a-4290-ae08-f54cf8834706,82c6079b-d91b-4c83-a34c-24cf3e6e5473,->,12acfc45-bdfb-4343-9004-9be15dfd844c,server/model/players/Client.java,getOutStream
12acfc45-bdfb-4343-9004-9be15dfd844c,991eb2a8-284a-4290-ae08-f54cf8834706,82c6079b-d91b-4c83-a34c-24cf3e6e5473,->,12acfc45-bdfb-4343-9004-9be15dfd844c,server/util/Stream.java,createFrame
12acfc45-bdfb-4343-9004-9be15dfd844c,991eb2a8-284a-4290-ae08-f54cf8834706,82c6079b-d91b-4c83-a34c-24cf3e6e5473,->,12acfc45-bdfb-4343-9004-9be15dfd844c,server/model/players/Client.java,getOutStream
12acfc45-bdfb-4343-9004-9be15dfd844c,991eb2a8-284a-4290-ae08-f54cf8834706,82c6079b-d91b-4c83-a34c-24cf3e6e5473,->,12acfc45-bdfb-4343-9004-9be15dfd844c,server/util/Stream.java,writeByteC
12acfc45-bdfb-4343-9004-9be15dfd844c,991eb2a8-284a-4290-ae08-f54cf8834706,82c6079b-d91b-4c83-a34c-24cf3e6e5473,->,12acfc45-bdfb-4343-9004-9be15dfd844c,server/model/players/Client.java,getOutStream
12acfc45-bdfb-4343-9004-9be15dfd844c,991eb2a8-284a-4290-ae08-f54cf8834706,82c6079b-d91b-4c83-a34c-24cf3e6e5473,->,12acfc45-bdfb-4343-9004-9be15dfd844c,server/util/Stream.java,writeByte
12acfc45-bdfb-4343-9004-9be15dfd844c,991eb2a8-284a-4290-ae08-f54cf8834706,82c6079b-d91b-4c83-a34c-24cf3e6e5473,->,12acfc45-bdfb-4343-9004-9be15dfd844c,server/model/players/Client.java,getOutStream
12acfc45-bdfb-4343-9004-9be15dfd844c,991eb2a8-284a-4290-ae08-f54cf8834706,82c6079b-d91b-4c83-a34c-24cf3e6e5473,->,12acfc45-bdfb-4343-9004-9be15dfd844c,server/util/Stream.java,createFrame
12acfc45-bdfb-4343-9004-9be15dfd844c,991eb2a8-284a-4290-ae08-f54cf8834706,82c6079b-d91b-4c83-a34c-24cf3e6e5473,->,12acfc45-bdfb-4343-9004-9be15dfd844c,server/model/players/Client.java,getOutStream
12acfc45-bdfb-4343-9004-9be15dfd844c,991eb2a8-284a-4290-ae08-f54cf8834706,82c6079b-d91b-4c83-a34c-24cf3e6e5473,->,12acfc45-bdfb-4343-9004-9be15dfd844c,server/util/Stream.java,writeByteS
12acfc45-bdfb-4343-9004-9be15dfd844c,991eb2a8-284a-4290-ae08-f54cf8834706,82c6079b-d91b-4c83-a34c-24cf3e6e5473,->,12acfc45-bdfb-4343-9004-9be15dfd844c,server/model/players/Client.java,getOutStream
12acfc45-bdfb-4343-9004-9be15dfd844c,991eb2a8-284a-4290-ae08-f54cf8834706,82c6079b-d91b-4c83-a34c-24cf3e6e5473,->,12acfc45-bdfb-4343-9004-9be15dfd844c,server/util/Stream.java,writeWordBigEndian
12acfc45-bdfb-4343-9004-9be15dfd844c,991eb2a8-284a-4290-ae08-f54cf8834706,82c6079b-d91b-4c83-a34c-24cf3e6e5473,->,12acfc45-bdfb-4343-9004-9be15dfd844c,server/model/players/Client.java,getOutStream
12acfc45-bdfb-4343-9004-9be15dfd844c,991eb2a8-284a-4290-ae08-f54cf8834706,82c6079b-d91b-4c83-a34c-24cf3e6e5473,->,12acfc45-bdfb-4343-9004-9be15dfd844c,server/util/Stream.java,writeByteS
12acfc45-bdfb-4343-9004-9be15dfd844c,991eb2a8-284a-4290-ae08-f54cf8834706,82c6079b-d91b-4c83-a34c-24cf3e6e5473,->,12acfc45-bdfb-4343-9004-9be15dfd844c,server/model/players/Client.java,flushOutStream
12acfc45-bdfb-4343-9004-9be15dfd844c,991eb2a8-284a-4290-ae08-f54cf8834706,51d33ea6-999b-4264-bbf0-81141490ce8f,->,12acfc45-bdfb-4343-9004-9be15dfd844c,server/model/players/Client.java,getOutStream
12acfc45-bdfb-4343-9004-9be15dfd844c,991eb2a8-284a-4290-ae08-f54cf8834706,51d33ea6-999b-4264-bbf0-81141490ce8f,->,12acfc45-bdfb-4343-9004-9be15dfd844c,java/lang/String.java,equalsIgnoreCase
12acfc45-bdfb-4343-9004-9be15dfd844c,991eb2a8-284a-4290-ae08-f54cf8834706,51d33ea6-999b-4264-bbf0-81141490ce8f,->,12acfc45-bdfb-4343-9004-9be15dfd844c,server/model/players/Client.java,getOutStream
12acfc45-bdfb-4343-9004-9be15dfd844c,991eb2a8-284a-4290-ae08-f54cf8834706,51d33ea6-999b-4264-bbf0-81141490ce8f,->,12acfc45-bdfb-4343-9004-9be15dfd844c,server/util/Stream.java,createFrameVarSize
12acfc45-bdfb-4343-9004-9be15dfd844c,991eb2a8-284a-4290-ae08-f54cf8834706,51d33ea6-999b-4264-bbf0-81141490ce8f,->,12acfc45-bdfb-4343-9004-9be15dfd844c,server/model/players/Client.java,getOutStream
12acfc45-bdfb-4343-9004-9be15dfd844c,991eb2a8-284a-4290-ae08-f54cf8834706,51d33ea6-999b-4264-bbf0-81141490ce8f,->,12acfc45-bdfb-4343-9004-9be15dfd844c,server/util/Stream.java,writeByteC
12acfc45-bdfb-4343-9004-9be15dfd844c,991eb2a8-284a-4290-ae08-f54cf8834706,51d33ea6-999b-4264-bbf0-81141490ce8f,->,12acfc45-bdfb-4343-9004-9be15dfd844c,server/model/players/Client.java,getOutStream
12acfc45-bdfb-4343-9004-9be15dfd844c,991eb2a8-284a-4290-ae08-f54cf8834706,51d33ea6-999b-4264-bbf0-81141490ce8f,->,12acfc45-bdfb-4343-9004-9be15dfd844c,server/util/Stream.java,writeByteA
12acfc45-bdfb-4343-9004-9be15dfd844c,991eb2a8-284a-4290-ae08-f54cf8834706,51d33ea6-999b-4264-bbf0-81141490ce8f,->,12acfc45-bdfb-4343-9004-9be15dfd844c,server/model/players/Client.java,getOutStream
12acfc45-bdfb-4343-9004-9be15dfd844c,991eb2a8-284a-4290-ae08-f54cf8834706,51d33ea6-999b-4264-bbf0-81141490ce8f,->,12acfc45-bdfb-4343-9004-9be15dfd844c,server/util/Stream.java,writeString
12acfc45-bdfb-4343-9004-9be15dfd844c,991eb2a8-284a-4290-ae08-f54cf8834706,51d33ea6-999b-4264-bbf0-81141490ce8f,->,12acfc45-bdfb-4343-9004-9be15dfd844c,server/model/players/Client.java,getOutStream
12acfc45-bdfb-4343-9004-9be15dfd844c,991eb2a8-284a-4290-ae08-f54cf8834706,51d33ea6-999b-4264-bbf0-81141490ce8f,->,12acfc45-bdfb-4343-9004-9be15dfd844c,server/util/Stream.java,endFrameVarSize
12acfc45-bdfb-4343-9004-9be15dfd844c,991eb2a8-284a-4290-ae08-f54cf8834706,51d33ea6-999b-4264-bbf0-81141490ce8f,->,12acfc45-bdfb-4343-9004-9be15dfd844c,server/model/players/Client.java,flushOutStream
12acfc45-bdfb-4343-9004-9be15dfd844c,991eb2a8-284a-4290-ae08-f54cf8834706,c92a2d90-1bdb-4dce-9e99-abbe1893ccbd,->,12acfc45-bdfb-4343-9004-9be15dfd844c,server/model/players/Client.java,sendMessage
12acfc45-bdfb-4343-9004-9be15dfd844c,991eb2a8-284a-4290-ae08-f54cf8834706,c92a2d90-1bdb-4dce-9e99-abbe1893ccbd,->,12acfc45-bdfb-4343-9004-9be15dfd844c,server/model/players/Client.java,sendMessage
12acfc45-bdfb-4343-9004-9be15dfd844c,991eb2a8-284a-4290-ae08-f54cf8834706,c92a2d90-1bdb-4dce-9e99-abbe1893ccbd,->,12acfc45-bdfb-4343-9004-9be15dfd844c,server/model/players/Client.java,getBankPin
12acfc45-bdfb-4343-9004-9be15dfd844c,991eb2a8-284a-4290-ae08-f54cf8834706,c92a2d90-1bdb-4dce-9e99-abbe1893ccbd,->,12acfc45-bdfb-4343-9004-9be15dfd844c,server/model/players/BankPin.java,openPin
12acfc45-bdfb-4343-9004-9be15dfd844c,991eb2a8-284a-4290-ae08-f54cf8834706,c92a2d90-1bdb-4dce-9e99-abbe1893ccbd,->,12acfc45-bdfb-4343-9004-9be15dfd844c,server/model/players/Client.java,getTradeAndDuel
12acfc45-bdfb-4343-9004-9be15dfd844c,991eb2a8-284a-4290-ae08-f54cf8834706,c92a2d90-1bdb-4dce-9e99-abbe1893ccbd,->,12acfc45-bdfb-4343-9004-9be15dfd844c,server/model/players/TradeAndDuel.java,declineTrade
12acfc45-bdfb-4343-9004-9be15dfd844c,991eb2a8-284a-4290-ae08-f54cf8834706,c92a2d90-1bdb-4dce-9e99-abbe1893ccbd,->,12acfc45-bdfb-4343-9004-9be15dfd844c,server/model/players/Client.java,getTradeAndDuel
12acfc45-bdfb-4343-9004-9be15dfd844c,991eb2a8-284a-4290-ae08-f54cf8834706,c92a2d90-1bdb-4dce-9e99-abbe1893ccbd,->,12acfc45-bdfb-4343-9004-9be15dfd844c,server/model/players/TradeAndDuel.java,resetDuel
12acfc45-bdfb-4343-9004-9be15dfd844c,991eb2a8-284a-4290-ae08-f54cf8834706,c92a2d90-1bdb-4dce-9e99-abbe1893ccbd,->,12acfc45-bdfb-4343-9004-9be15dfd844c,server/model/players/Client.java,getOutStream
12acfc45-bdfb-4343-9004-9be15dfd844c,991eb2a8-284a-4290-ae08-f54cf8834706,c92a2d90-1bdb-4dce-9e99-abbe1893ccbd,->,12acfc45-bdfb-4343-9004-9be15dfd844c,server/model/players/Client.java,getItems
12acfc45-bdfb-4343-9004-9be15dfd844c,991eb2a8-284a-4290-ae08-f54cf8834706,c92a2d90-1bdb-4dce-9e99-abbe1893ccbd,->,12acfc45-bdfb-4343-9004-9be15dfd844c,server/model/items/ItemAssistant.java,resetItems
12acfc45-bdfb-4343-9004-9be15dfd844c,991eb2a8-284a-4290-ae08-f54cf8834706,c92a2d90-1bdb-4dce-9e99-abbe1893ccbd,->,12acfc45-bdfb-4343-9004-9be15dfd844c,server/model/players/Client.java,getItems
12acfc45-bdfb-4343-9004-9be15dfd844c,991eb2a8-284a-4290-ae08-f54cf8834706,c92a2d90-1bdb-4dce-9e99-abbe1893ccbd,->,12acfc45-bdfb-4343-9004-9be15dfd844c,server/model/items/ItemAssistant.java,rearrangeBank
12acfc45-bdfb-4343-9004-9be15dfd844c,991eb2a8-284a-4290-ae08-f54cf8834706,c92a2d90-1bdb-4dce-9e99-abbe1893ccbd,->,12acfc45-bdfb-4343-9004-9be15dfd844c,server/model/players/Client.java,getItems
12acfc45-bdfb-4343-9004-9be15dfd844c,991eb2a8-284a-4290-ae08-f54cf8834706,c92a2d90-1bdb-4dce-9e99-abbe1893ccbd,->,12acfc45-bdfb-4343-9004-9be15dfd844c,server/model/items/ItemAssistant.java,resetBank
12acfc45-bdfb-4343-9004-9be15dfd844c,991eb2a8-284a-4290-ae08-f54cf8834706,c92a2d90-1bdb-4dce-9e99-abbe1893ccbd,->,12acfc45-bdfb-4343-9004-9be15dfd844c,server/model/players/Client.java,getItems
12acfc45-bdfb-4343-9004-9be15dfd844c,991eb2a8-284a-4290-ae08-f54cf8834706,c92a2d90-1bdb-4dce-9e99-abbe1893ccbd,->,12acfc45-bdfb-4343-9004-9be15dfd844c,server/model/items/ItemAssistant.java,resetTempItems
12acfc45-bdfb-4343-9004-9be15dfd844c,991eb2a8-284a-4290-ae08-f54cf8834706,c92a2d90-1bdb-4dce-9e99-abbe1893ccbd,->,12acfc45-bdfb-4343-9004-9be15dfd844c,server/model/players/Client.java,getOutStream
12acfc45-bdfb-4343-9004-9be15dfd844c,991eb2a8-284a-4290-ae08-f54cf8834706,c92a2d90-1bdb-4dce-9e99-abbe1893ccbd,->,12acfc45-bdfb-4343-9004-9be15dfd844c,server/util/Stream.java,createFrame
12acfc45-bdfb-4343-9004-9be15dfd844c,991eb2a8-284a-4290-ae08-f54cf8834706,c92a2d90-1bdb-4dce-9e99-abbe1893ccbd,->,12acfc45-bdfb-4343-9004-9be15dfd844c,server/model/players/Client.java,getOutStream
12acfc45-bdfb-4343-9004-9be15dfd844c,991eb2a8-284a-4290-ae08-f54cf8834706,c92a2d90-1bdb-4dce-9e99-abbe1893ccbd,->,12acfc45-bdfb-4343-9004-9be15dfd844c,server/util/Stream.java,writeWordA
12acfc45-bdfb-4343-9004-9be15dfd844c,991eb2a8-284a-4290-ae08-f54cf8834706,c92a2d90-1bdb-4dce-9e99-abbe1893ccbd,->,12acfc45-bdfb-4343-9004-9be15dfd844c,server/model/players/Client.java,getOutStream
12acfc45-bdfb-4343-9004-9be15dfd844c,991eb2a8-284a-4290-ae08-f54cf8834706,c92a2d90-1bdb-4dce-9e99-abbe1893ccbd,->,12acfc45-bdfb-4343-9004-9be15dfd844c,server/util/Stream.java,writeWord
12acfc45-bdfb-4343-9004-9be15dfd844c,991eb2a8-284a-4290-ae08-f54cf8834706,c92a2d90-1bdb-4dce-9e99-abbe1893ccbd,->,12acfc45-bdfb-4343-9004-9be15dfd844c,server/model/players/Client.java,flushOutStream
12acfc45-bdfb-4343-9004-9be15dfd844c,991eb2a8-284a-4290-ae08-f54cf8834706,a52049c0-8473-44cc-80ab-626e7122395d,->,12acfc45-bdfb-4343-9004-9be15dfd844c,991eb2a8-284a-4290-ae08-f54cf8834706,e86548a4-a716-4737-8133-17c56921b34e
12acfc45-bdfb-4343-9004-9be15dfd844c,991eb2a8-284a-4290-ae08-f54cf8834706,a52049c0-8473-44cc-80ab-626e7122395d,->,12acfc45-bdfb-4343-9004-9be15dfd844c,server/model/players/Client.java,getPA
12acfc45-bdfb-4343-9004-9be15dfd844c,991eb2a8-284a-4290-ae08-f54cf8834706,a52049c0-8473-44cc-80ab-626e7122395d,->,12acfc45-bdfb-4343-9004-9be15dfd844c,991eb2a8-284a-4290-ae08-f54cf8834706,b70ea1e8-2ab6-4258-9b34-5c4f886831a5
12acfc45-bdfb-4343-9004-9be15dfd844c,991eb2a8-284a-4290-ae08-f54cf8834706,a52049c0-8473-44cc-80ab-626e7122395d,->,12acfc45-bdfb-4343-9004-9be15dfd844c,2c89cfe4-ed6d-446f-832b-3c203feb3155,5f0b275f-5e8d-4369-aad1-1277a9738119
12acfc45-bdfb-4343-9004-9be15dfd844c,991eb2a8-284a-4290-ae08-f54cf8834706,a52049c0-8473-44cc-80ab-626e7122395d,->,12acfc45-bdfb-4343-9004-9be15dfd844c,server/model/players/Client.java,getPA
12acfc45-bdfb-4343-9004-9be15dfd844c,991eb2a8-284a-4290-ae08-f54cf8834706,a52049c0-8473-44cc-80ab-626e7122395d,->,12acfc45-bdfb-4343-9004-9be15dfd844c,2c89cfe4-ed6d-446f-832b-3c203feb3155,5f0b275f-5e8d-4369-aad1-1277a9738119
12acfc45-bdfb-4343-9004-9be15dfd844c,991eb2a8-284a-4290-ae08-f54cf8834706,a52049c0-8473-44cc-80ab-626e7122395d,->,12acfc45-bdfb-4343-9004-9be15dfd844c,991eb2a8-284a-4290-ae08-f54cf8834706,4314c1d9-b707-4def-906d-3699375e5dbb
12acfc45-bdfb-4343-9004-9be15dfd844c,991eb2a8-284a-4290-ae08-f54cf8834706,a52049c0-8473-44cc-80ab-626e7122395d,->,12acfc45-bdfb-4343-9004-9be15dfd844c,991eb2a8-284a-4290-ae08-f54cf8834706,df67011a-3172-46b5-812e-20e962971852
12acfc45-bdfb-4343-9004-9be15dfd844c,991eb2a8-284a-4290-ae08-f54cf8834706,a52049c0-8473-44cc-80ab-626e7122395d,->,12acfc45-bdfb-4343-9004-9be15dfd844c,991eb2a8-284a-4290-ae08-f54cf8834706,df67011a-3172-46b5-812e-20e962971852
12acfc45-bdfb-4343-9004-9be15dfd844c,991eb2a8-284a-4290-ae08-f54cf8834706,a52049c0-8473-44cc-80ab-626e7122395d,->,12acfc45-bdfb-4343-9004-9be15dfd844c,server/model/players/Client.java,getPA
12acfc45-bdfb-4343-9004-9be15dfd844c,991eb2a8-284a-4290-ae08-f54cf8834706,a52049c0-8473-44cc-80ab-626e7122395d,->,12acfc45-bdfb-4343-9004-9be15dfd844c,991eb2a8-284a-4290-ae08-f54cf8834706,b70ea1e8-2ab6-4258-9b34-5c4f886831a5
12acfc45-bdfb-4343-9004-9be15dfd844c,991eb2a8-284a-4290-ae08-f54cf8834706,b70ea1e8-2ab6-4258-9b34-5c4f886831a5,->,12acfc45-bdfb-4343-9004-9be15dfd844c,java/lang/String.java,equals
12acfc45-bdfb-4343-9004-9be15dfd844c,991eb2a8-284a-4290-ae08-f54cf8834706,b70ea1e8-2ab6-4258-9b34-5c4f886831a5,->,12acfc45-bdfb-4343-9004-9be15dfd844c,2c89cfe4-ed6d-446f-832b-3c203feb3155,5f0b275f-5e8d-4369-aad1-1277a9738119
12acfc45-bdfb-4343-9004-9be15dfd844c,991eb2a8-284a-4290-ae08-f54cf8834706,b70ea1e8-2ab6-4258-9b34-5c4f886831a5,->,12acfc45-bdfb-4343-9004-9be15dfd844c,991eb2a8-284a-4290-ae08-f54cf8834706,df67011a-3172-46b5-812e-20e962971852
12acfc45-bdfb-4343-9004-9be15dfd844c,991eb2a8-284a-4290-ae08-f54cf8834706,b70ea1e8-2ab6-4258-9b34-5c4f886831a5,->,12acfc45-bdfb-4343-9004-9be15dfd844c,server/model/players/Client.java,getPA
12acfc45-bdfb-4343-9004-9be15dfd844c,991eb2a8-284a-4290-ae08-f54cf8834706,b70ea1e8-2ab6-4258-9b34-5c4f886831a5,->,12acfc45-bdfb-4343-9004-9be15dfd844c,2c89cfe4-ed6d-446f-832b-3c203feb3155,5f0b275f-5e8d-4369-aad1-1277a9738119
12acfc45-bdfb-4343-9004-9be15dfd844c,991eb2a8-284a-4290-ae08-f54cf8834706,b70ea1e8-2ab6-4258-9b34-5c4f886831a5,->,12acfc45-bdfb-4343-9004-9be15dfd844c,991eb2a8-284a-4290-ae08-f54cf8834706,4314c1d9-b707-4def-906d-3699375e5dbb
12acfc45-bdfb-4343-9004-9be15dfd844c,991eb2a8-284a-4290-ae08-f54cf8834706,b70ea1e8-2ab6-4258-9b34-5c4f886831a5,->,12acfc45-bdfb-4343-9004-9be15dfd844c,991eb2a8-284a-4290-ae08-f54cf8834706,df67011a-3172-46b5-812e-20e962971852
12acfc45-bdfb-4343-9004-9be15dfd844c,991eb2a8-284a-4290-ae08-f54cf8834706,b70ea1e8-2ab6-4258-9b34-5c4f886831a5,->,12acfc45-bdfb-4343-9004-9be15dfd844c,991eb2a8-284a-4290-ae08-f54cf8834706,df67011a-3172-46b5-812e-20e962971852
12acfc45-bdfb-4343-9004-9be15dfd844c,991eb2a8-284a-4290-ae08-f54cf8834706,b70ea1e8-2ab6-4258-9b34-5c4f886831a5,->,12acfc45-bdfb-4343-9004-9be15dfd844c,991eb2a8-284a-4290-ae08-f54cf8834706,df67011a-3172-46b5-812e-20e962971852
12acfc45-bdfb-4343-9004-9be15dfd844c,991eb2a8-284a-4290-ae08-f54cf8834706,aea8f30b-f48c-4792-b89b-e176ad4209cf,->,12acfc45-bdfb-4343-9004-9be15dfd844c,server/util/Stream.java,createFrameVarSizeWord
12acfc45-bdfb-4343-9004-9be15dfd844c,991eb2a8-284a-4290-ae08-f54cf8834706,aea8f30b-f48c-4792-b89b-e176ad4209cf,->,12acfc45-bdfb-4343-9004-9be15dfd844c,server/util/Stream.java,writeWord
12acfc45-bdfb-4343-9004-9be15dfd844c,991eb2a8-284a-4290-ae08-f54cf8834706,aea8f30b-f48c-4792-b89b-e176ad4209cf,->,12acfc45-bdfb-4343-9004-9be15dfd844c,server/util/Stream.java,writeByte
12acfc45-bdfb-4343-9004-9be15dfd844c,991eb2a8-284a-4290-ae08-f54cf8834706,aea8f30b-f48c-4792-b89b-e176ad4209cf,->,12acfc45-bdfb-4343-9004-9be15dfd844c,server/util/Stream.java,writeWord
12acfc45-bdfb-4343-9004-9be15dfd844c,991eb2a8-284a-4290-ae08-f54cf8834706,aea8f30b-f48c-4792-b89b-e176ad4209cf,->,12acfc45-bdfb-4343-9004-9be15dfd844c,server/util/Stream.java,writeByte
12acfc45-bdfb-4343-9004-9be15dfd844c,991eb2a8-284a-4290-ae08-f54cf8834706,aea8f30b-f48c-4792-b89b-e176ad4209cf,->,12acfc45-bdfb-4343-9004-9be15dfd844c,server/util/Stream.java,writeDWord
12acfc45-bdfb-4343-9004-9be15dfd844c,991eb2a8-284a-4290-ae08-f54cf8834706,aea8f30b-f48c-4792-b89b-e176ad4209cf,->,12acfc45-bdfb-4343-9004-9be15dfd844c,server/util/Stream.java,endFrameVarSizeWord
12acfc45-bdfb-4343-9004-9be15dfd844c,991eb2a8-284a-4290-ae08-f54cf8834706,a22dabbc-4b3e-4a91-bcf0-1908d201bfe0,->,12acfc45-bdfb-4343-9004-9be15dfd844c,server/model/players/Client.java,getCombat
12acfc45-bdfb-4343-9004-9be15dfd844c,991eb2a8-284a-4290-ae08-f54cf8834706,a22dabbc-4b3e-4a91-bcf0-1908d201bfe0,->,12acfc45-bdfb-4343-9004-9be15dfd844c,server/model/players/Client.java,getItems
12acfc45-bdfb-4343-9004-9be15dfd844c,991eb2a8-284a-4290-ae08-f54cf8834706,a22dabbc-4b3e-4a91-bcf0-1908d201bfe0,->,12acfc45-bdfb-4343-9004-9be15dfd844c,server/model/items/ItemAssistant.java,getItemName
12acfc45-bdfb-4343-9004-9be15dfd844c,991eb2a8-284a-4290-ae08-f54cf8834706,a22dabbc-4b3e-4a91-bcf0-1908d201bfe0,->,12acfc45-bdfb-4343-9004-9be15dfd844c,java/lang/String.java,toLowerCase
12acfc45-bdfb-4343-9004-9be15dfd844c,991eb2a8-284a-4290-ae08-f54cf8834706,a22dabbc-4b3e-4a91-bcf0-1908d201bfe0,->,12acfc45-bdfb-4343-9004-9be15dfd844c,server/model/players/CombatAssistant.java,getAttackDelay
12acfc45-bdfb-4343-9004-9be15dfd844c,991eb2a8-284a-4290-ae08-f54cf8834706,a22dabbc-4b3e-4a91-bcf0-1908d201bfe0,->,12acfc45-bdfb-4343-9004-9be15dfd844c,server/model/players/Client.java,sendMessage
12acfc45-bdfb-4343-9004-9be15dfd844c,991eb2a8-284a-4290-ae08-f54cf8834706,a22dabbc-4b3e-4a91-bcf0-1908d201bfe0,->,12acfc45-bdfb-4343-9004-9be15dfd844c,java/lang/System.java,currentTimeMillis
12acfc45-bdfb-4343-9004-9be15dfd844c,991eb2a8-284a-4290-ae08-f54cf8834706,a22dabbc-4b3e-4a91-bcf0-1908d201bfe0,->,12acfc45-bdfb-4343-9004-9be15dfd844c,server/model/players/Client.java,getItems
12acfc45-bdfb-4343-9004-9be15dfd844c,991eb2a8-284a-4290-ae08-f54cf8834706,a22dabbc-4b3e-4a91-bcf0-1908d201bfe0,->,12acfc45-bdfb-4343-9004-9be15dfd844c,server/model/items/ItemAssistant.java,playerHasItem
12acfc45-bdfb-4343-9004-9be15dfd844c,991eb2a8-284a-4290-ae08-f54cf8834706,a22dabbc-4b3e-4a91-bcf0-1908d201bfe0,->,12acfc45-bdfb-4343-9004-9be15dfd844c,java/lang/StringBuilder.java,append
12acfc45-bdfb-4343-9004-9be15dfd844c,991eb2a8-284a-4290-ae08-f54cf8834706,a22dabbc-4b3e-4a91-bcf0-1908d201bfe0,->,12acfc45-bdfb-4343-9004-9be15dfd844c,server/model/players/Client.java,getItems
12acfc45-bdfb-4343-9004-9be15dfd844c,991eb2a8-284a-4290-ae08-f54cf8834706,a22dabbc-4b3e-4a91-bcf0-1908d201bfe0,->,12acfc45-bdfb-4343-9004-9be15dfd844c,server/model/items/ItemAssistant.java,getItemName
12acfc45-bdfb-4343-9004-9be15dfd844c,991eb2a8-284a-4290-ae08-f54cf8834706,a22dabbc-4b3e-4a91-bcf0-1908d201bfe0,->,12acfc45-bdfb-4343-9004-9be15dfd844c,java/lang/String.java,toLowerCase
12acfc45-bdfb-4343-9004-9be15dfd844c,991eb2a8-284a-4290-ae08-f54cf8834706,a22dabbc-4b3e-4a91-bcf0-1908d201bfe0,->,12acfc45-bdfb-4343-9004-9be15dfd844c,java/lang/StringBuilder.java,append
12acfc45-bdfb-4343-9004-9be15dfd844c,991eb2a8-284a-4290-ae08-f54cf8834706,a22dabbc-4b3e-4a91-bcf0-1908d201bfe0,->,12acfc45-bdfb-4343-9004-9be15dfd844c,java/lang/StringBuilder.java,append
12acfc45-bdfb-4343-9004-9be15dfd844c,991eb2a8-284a-4290-ae08-f54cf8834706,a22dabbc-4b3e-4a91-bcf0-1908d201bfe0,->,12acfc45-bdfb-4343-9004-9be15dfd844c,java/lang/StringBuilder.java,toString
12acfc45-bdfb-4343-9004-9be15dfd844c,991eb2a8-284a-4290-ae08-f54cf8834706,a22dabbc-4b3e-4a91-bcf0-1908d201bfe0,->,12acfc45-bdfb-4343-9004-9be15dfd844c,server/model/players/Client.java,sendMessage
12acfc45-bdfb-4343-9004-9be15dfd844c,991eb2a8-284a-4290-ae08-f54cf8834706,a22dabbc-4b3e-4a91-bcf0-1908d201bfe0,->,12acfc45-bdfb-4343-9004-9be15dfd844c,java/lang/System.java,currentTimeMillis
12acfc45-bdfb-4343-9004-9be15dfd844c,991eb2a8-284a-4290-ae08-f54cf8834706,a22dabbc-4b3e-4a91-bcf0-1908d201bfe0,->,12acfc45-bdfb-4343-9004-9be15dfd844c,server/model/players/Client.java,startAnimation
12acfc45-bdfb-4343-9004-9be15dfd844c,991eb2a8-284a-4290-ae08-f54cf8834706,a22dabbc-4b3e-4a91-bcf0-1908d201bfe0,->,12acfc45-bdfb-4343-9004-9be15dfd844c,server/model/players/Client.java,getItems
12acfc45-bdfb-4343-9004-9be15dfd844c,991eb2a8-284a-4290-ae08-f54cf8834706,a22dabbc-4b3e-4a91-bcf0-1908d201bfe0,->,12acfc45-bdfb-4343-9004-9be15dfd844c,server/model/items/ItemAssistant.java,deleteItem
12acfc45-bdfb-4343-9004-9be15dfd844c,991eb2a8-284a-4290-ae08-f54cf8834706,a22dabbc-4b3e-4a91-bcf0-1908d201bfe0,->,12acfc45-bdfb-4343-9004-9be15dfd844c,server/model/players/Client.java,getItems
12acfc45-bdfb-4343-9004-9be15dfd844c,991eb2a8-284a-4290-ae08-f54cf8834706,a22dabbc-4b3e-4a91-bcf0-1908d201bfe0,->,12acfc45-bdfb-4343-9004-9be15dfd844c,server/model/items/ItemAssistant.java,addItem
12acfc45-bdfb-4343-9004-9be15dfd844c,991eb2a8-284a-4290-ae08-f54cf8834706,a22dabbc-4b3e-4a91-bcf0-1908d201bfe0,->,12acfc45-bdfb-4343-9004-9be15dfd844c,991eb2a8-284a-4290-ae08-f54cf8834706,f59ca130-d149-43aa-b537-369a4987d63b
12acfc45-bdfb-4343-9004-9be15dfd844c,991eb2a8-284a-4290-ae08-f54cf8834706,f4fce0bd-baf7-40d8-8ecf-63e69cd9c60a,->,12acfc45-bdfb-4343-9004-9be15dfd844c,java/lang/System.java,currentTimeMillis
12acfc45-bdfb-4343-9004-9be15dfd844c,991eb2a8-284a-4290-ae08-f54cf8834706,f4fce0bd-baf7-40d8-8ecf-63e69cd9c60a,->,12acfc45-bdfb-4343-9004-9be15dfd844c,server/model/players/Client.java,getCombat
12acfc45-bdfb-4343-9004-9be15dfd844c,991eb2a8-284a-4290-ae08-f54cf8834706,f4fce0bd-baf7-40d8-8ecf-63e69cd9c60a,->,12acfc45-bdfb-4343-9004-9be15dfd844c,server/model/players/CombatAssistant.java,checkMagicReqs
12acfc45-bdfb-4343-9004-9be15dfd844c,991eb2a8-284a-4290-ae08-f54cf8834706,f4fce0bd-baf7-40d8-8ecf-63e69cd9c60a,->,12acfc45-bdfb-4343-9004-9be15dfd844c,server/model/players/Client.java,sendMessage
12acfc45-bdfb-4343-9004-9be15dfd844c,991eb2a8-284a-4290-ae08-f54cf8834706,f4fce0bd-baf7-40d8-8ecf-63e69cd9c60a,->,12acfc45-bdfb-4343-9004-9be15dfd844c,server/model/players/Client.java,getItems
12acfc45-bdfb-4343-9004-9be15dfd844c,991eb2a8-284a-4290-ae08-f54cf8834706,f4fce0bd-baf7-40d8-8ecf-63e69cd9c60a,->,12acfc45-bdfb-4343-9004-9be15dfd844c,server/model/items/ItemAssistant.java,deleteItem
12acfc45-bdfb-4343-9004-9be15dfd844c,991eb2a8-284a-4290-ae08-f54cf8834706,f4fce0bd-baf7-40d8-8ecf-63e69cd9c60a,->,12acfc45-bdfb-4343-9004-9be15dfd844c,server/model/players/Client.java,getItems
12acfc45-bdfb-4343-9004-9be15dfd844c,991eb2a8-284a-4290-ae08-f54cf8834706,f4fce0bd-baf7-40d8-8ecf-63e69cd9c60a,->,12acfc45-bdfb-4343-9004-9be15dfd844c,server/model/players/Client.java,getShops
12acfc45-bdfb-4343-9004-9be15dfd844c,991eb2a8-284a-4290-ae08-f54cf8834706,f4fce0bd-baf7-40d8-8ecf-63e69cd9c60a,->,12acfc45-bdfb-4343-9004-9be15dfd844c,server/model/shops/ShopAssistant.java,getItemShopValue
12acfc45-bdfb-4343-9004-9be15dfd844c,991eb2a8-284a-4290-ae08-f54cf8834706,f4fce0bd-baf7-40d8-8ecf-63e69cd9c60a,->,12acfc45-bdfb-4343-9004-9be15dfd844c,server/model/items/ItemAssistant.java,addItem
12acfc45-bdfb-4343-9004-9be15dfd844c,991eb2a8-284a-4290-ae08-f54cf8834706,f4fce0bd-baf7-40d8-8ecf-63e69cd9c60a,->,12acfc45-bdfb-4343-9004-9be15dfd844c,server/model/players/Client.java,startAnimation
12acfc45-bdfb-4343-9004-9be15dfd844c,991eb2a8-284a-4290-ae08-f54cf8834706,f4fce0bd-baf7-40d8-8ecf-63e69cd9c60a,->,12acfc45-bdfb-4343-9004-9be15dfd844c,server/model/players/Client.java,gfx100
12acfc45-bdfb-4343-9004-9be15dfd844c,991eb2a8-284a-4290-ae08-f54cf8834706,f4fce0bd-baf7-40d8-8ecf-63e69cd9c60a,->,12acfc45-bdfb-4343-9004-9be15dfd844c,java/lang/System.java,currentTimeMillis
12acfc45-bdfb-4343-9004-9be15dfd844c,991eb2a8-284a-4290-ae08-f54cf8834706,f4fce0bd-baf7-40d8-8ecf-63e69cd9c60a,->,12acfc45-bdfb-4343-9004-9be15dfd844c,991eb2a8-284a-4290-ae08-f54cf8834706,cf9068b8-24a5-4beb-ad0f-2965429df4e9
12acfc45-bdfb-4343-9004-9be15dfd844c,991eb2a8-284a-4290-ae08-f54cf8834706,f4fce0bd-baf7-40d8-8ecf-63e69cd9c60a,->,12acfc45-bdfb-4343-9004-9be15dfd844c,991eb2a8-284a-4290-ae08-f54cf8834706,0955b7e8-1203-4e9d-8e85-6eeaf5af5ce5
12acfc45-bdfb-4343-9004-9be15dfd844c,991eb2a8-284a-4290-ae08-f54cf8834706,f4fce0bd-baf7-40d8-8ecf-63e69cd9c60a,->,12acfc45-bdfb-4343-9004-9be15dfd844c,991eb2a8-284a-4290-ae08-f54cf8834706,cc581d00-f04e-4278-8aaf-0ecbd93e9b04
12acfc45-bdfb-4343-9004-9be15dfd844c,991eb2a8-284a-4290-ae08-f54cf8834706,f4fce0bd-baf7-40d8-8ecf-63e69cd9c60a,->,12acfc45-bdfb-4343-9004-9be15dfd844c,java/lang/System.java,currentTimeMillis
12acfc45-bdfb-4343-9004-9be15dfd844c,991eb2a8-284a-4290-ae08-f54cf8834706,f4fce0bd-baf7-40d8-8ecf-63e69cd9c60a,->,12acfc45-bdfb-4343-9004-9be15dfd844c,server/model/players/Client.java,getCombat
12acfc45-bdfb-4343-9004-9be15dfd844c,991eb2a8-284a-4290-ae08-f54cf8834706,f4fce0bd-baf7-40d8-8ecf-63e69cd9c60a,->,12acfc45-bdfb-4343-9004-9be15dfd844c,server/model/players/CombatAssistant.java,checkMagicReqs
12acfc45-bdfb-4343-9004-9be15dfd844c,991eb2a8-284a-4290-ae08-f54cf8834706,f4fce0bd-baf7-40d8-8ecf-63e69cd9c60a,->,12acfc45-bdfb-4343-9004-9be15dfd844c,server/model/players/Client.java,sendMessage
12acfc45-bdfb-4343-9004-9be15dfd844c,991eb2a8-284a-4290-ae08-f54cf8834706,f4fce0bd-baf7-40d8-8ecf-63e69cd9c60a,->,12acfc45-bdfb-4343-9004-9be15dfd844c,server/model/players/Client.java,getItems
12acfc45-bdfb-4343-9004-9be15dfd844c,991eb2a8-284a-4290-ae08-f54cf8834706,f4fce0bd-baf7-40d8-8ecf-63e69cd9c60a,->,12acfc45-bdfb-4343-9004-9be15dfd844c,server/model/items/ItemAssistant.java,deleteItem
12acfc45-bdfb-4343-9004-9be15dfd844c,991eb2a8-284a-4290-ae08-f54cf8834706,f4fce0bd-baf7-40d8-8ecf-63e69cd9c60a,->,12acfc45-bdfb-4343-9004-9be15dfd844c,server/model/players/Client.java,getItems
12acfc45-bdfb-4343-9004-9be15dfd844c,991eb2a8-284a-4290-ae08-f54cf8834706,f4fce0bd-baf7-40d8-8ecf-63e69cd9c60a,->,12acfc45-bdfb-4343-9004-9be15dfd844c,server/model/players/Client.java,getShops
12acfc45-bdfb-4343-9004-9be15dfd844c,991eb2a8-284a-4290-ae08-f54cf8834706,f4fce0bd-baf7-40d8-8ecf-63e69cd9c60a,->,12acfc45-bdfb-4343-9004-9be15dfd844c,server/model/shops/ShopAssistant.java,getItemShopValue
12acfc45-bdfb-4343-9004-9be15dfd844c,991eb2a8-284a-4290-ae08-f54cf8834706,f4fce0bd-baf7-40d8-8ecf-63e69cd9c60a,->,12acfc45-bdfb-4343-9004-9be15dfd844c,server/model/items/ItemAssistant.java,addItem
12acfc45-bdfb-4343-9004-9be15dfd844c,991eb2a8-284a-4290-ae08-f54cf8834706,f4fce0bd-baf7-40d8-8ecf-63e69cd9c60a,->,12acfc45-bdfb-4343-9004-9be15dfd844c,server/model/players/Client.java,startAnimation
12acfc45-bdfb-4343-9004-9be15dfd844c,991eb2a8-284a-4290-ae08-f54cf8834706,f4fce0bd-baf7-40d8-8ecf-63e69cd9c60a,->,12acfc45-bdfb-4343-9004-9be15dfd844c,server/model/players/Client.java,gfx100
12acfc45-bdfb-4343-9004-9be15dfd844c,991eb2a8-284a-4290-ae08-f54cf8834706,f4fce0bd-baf7-40d8-8ecf-63e69cd9c60a,->,12acfc45-bdfb-4343-9004-9be15dfd844c,java/lang/System.java,currentTimeMillis
12acfc45-bdfb-4343-9004-9be15dfd844c,991eb2a8-284a-4290-ae08-f54cf8834706,f4fce0bd-baf7-40d8-8ecf-63e69cd9c60a,->,12acfc45-bdfb-4343-9004-9be15dfd844c,991eb2a8-284a-4290-ae08-f54cf8834706,cf9068b8-24a5-4beb-ad0f-2965429df4e9
12acfc45-bdfb-4343-9004-9be15dfd844c,991eb2a8-284a-4290-ae08-f54cf8834706,f4fce0bd-baf7-40d8-8ecf-63e69cd9c60a,->,12acfc45-bdfb-4343-9004-9be15dfd844c,991eb2a8-284a-4290-ae08-f54cf8834706,0955b7e8-1203-4e9d-8e85-6eeaf5af5ce5
12acfc45-bdfb-4343-9004-9be15dfd844c,991eb2a8-284a-4290-ae08-f54cf8834706,f4fce0bd-baf7-40d8-8ecf-63e69cd9c60a,->,12acfc45-bdfb-4343-9004-9be15dfd844c,991eb2a8-284a-4290-ae08-f54cf8834706,cc581d00-f04e-4278-8aaf-0ecbd93e9b04
12acfc45-bdfb-4343-9004-9be15dfd844c,991eb2a8-284a-4290-ae08-f54cf8834706,f4fce0bd-baf7-40d8-8ecf-63e69cd9c60a,->,12acfc45-bdfb-4343-9004-9be15dfd844c,991eb2a8-284a-4290-ae08-f54cf8834706,6c02f266-4b20-4dc8-9cb2-cdf1f58964e9
12acfc45-bdfb-4343-9004-9be15dfd844c,991eb2a8-284a-4290-ae08-f54cf8834706,ce0f61c2-de28-4e8a-8a0d-ce9798ecb5cb,->,12acfc45-bdfb-4343-9004-9be15dfd844c,server/model/players/Client.java,getTradeAndDuel
12acfc45-bdfb-4343-9004-9be15dfd844c,991eb2a8-284a-4290-ae08-f54cf8834706,ce0f61c2-de28-4e8a-8a0d-ce9798ecb5cb,->,12acfc45-bdfb-4343-9004-9be15dfd844c,java/util/concurrent/CopyOnWriteArrayList.java,clear
12acfc45-bdfb-4343-9004-9be15dfd844c,991eb2a8-284a-4290-ae08-f54cf8834706,ce0f61c2-de28-4e8a-8a0d-ce9798ecb5cb,->,12acfc45-bdfb-4343-9004-9be15dfd844c,991eb2a8-284a-4290-ae08-f54cf8834706,ab521193-b0ac-4ab7-b82d-892eeb4d87db
12acfc45-bdfb-4343-9004-9be15dfd844c,991eb2a8-284a-4290-ae08-f54cf8834706,ce0f61c2-de28-4e8a-8a0d-ce9798ecb5cb,->,12acfc45-bdfb-4343-9004-9be15dfd844c,java/lang/StringBuilder.java,append
12acfc45-bdfb-4343-9004-9be15dfd844c,991eb2a8-284a-4290-ae08-f54cf8834706,ce0f61c2-de28-4e8a-8a0d-ce9798ecb5cb,->,12acfc45-bdfb-4343-9004-9be15dfd844c,java/lang/StringBuilder.java,append
12acfc45-bdfb-4343-9004-9be15dfd844c,991eb2a8-284a-4290-ae08-f54cf8834706,ce0f61c2-de28-4e8a-8a0d-ce9798ecb5cb,->,12acfc45-bdfb-4343-9004-9be15dfd844c,java/lang/StringBuilder.java,append
12acfc45-bdfb-4343-9004-9be15dfd844c,991eb2a8-284a-4290-ae08-f54cf8834706,ce0f61c2-de28-4e8a-8a0d-ce9798ecb5cb,->,12acfc45-bdfb-4343-9004-9be15dfd844c,java/lang/StringBuilder.java,toString
12acfc45-bdfb-4343-9004-9be15dfd844c,991eb2a8-284a-4290-ae08-f54cf8834706,ce0f61c2-de28-4e8a-8a0d-ce9798ecb5cb,->,12acfc45-bdfb-4343-9004-9be15dfd844c,server/model/players/Client.java,sendMessage
12acfc45-bdfb-4343-9004-9be15dfd844c,991eb2a8-284a-4290-ae08-f54cf8834706,ce0f61c2-de28-4e8a-8a0d-ce9798ecb5cb,->,12acfc45-bdfb-4343-9004-9be15dfd844c,server/model/players/Client.java,faceUpdate
12acfc45-bdfb-4343-9004-9be15dfd844c,991eb2a8-284a-4290-ae08-f54cf8834706,ce0f61c2-de28-4e8a-8a0d-ce9798ecb5cb,->,12acfc45-bdfb-4343-9004-9be15dfd844c,a650165a-c298-4a92-a4da-f443ee5b136d,673be6a4-ef02-447e-b844-b548ab827af5
12acfc45-bdfb-4343-9004-9be15dfd844c,991eb2a8-284a-4290-ae08-f54cf8834706,ce0f61c2-de28-4e8a-8a0d-ce9798ecb5cb,->,12acfc45-bdfb-4343-9004-9be15dfd844c,a650165a-c298-4a92-a4da-f443ee5b136d,c25f0e51-e631-43e4-99a2-599106c7e548
12acfc45-bdfb-4343-9004-9be15dfd844c,991eb2a8-284a-4290-ae08-f54cf8834706,ce0f61c2-de28-4e8a-8a0d-ce9798ecb5cb,->,12acfc45-bdfb-4343-9004-9be15dfd844c,server/model/players/Client.java,stopMovement
12acfc45-bdfb-4343-9004-9be15dfd844c,991eb2a8-284a-4290-ae08-f54cf8834706,ce0f61c2-de28-4e8a-8a0d-ce9798ecb5cb,->,12acfc45-bdfb-4343-9004-9be15dfd844c,server/model/players/Client.java,getTradeAndDuel
12acfc45-bdfb-4343-9004-9be15dfd844c,991eb2a8-284a-4290-ae08-f54cf8834706,ce0f61c2-de28-4e8a-8a0d-ce9798ecb5cb,->,12acfc45-bdfb-4343-9004-9be15dfd844c,java/util/concurrent/CopyOnWriteArrayList.java,clear
12acfc45-bdfb-4343-9004-9be15dfd844c,991eb2a8-284a-4290-ae08-f54cf8834706,ce0f61c2-de28-4e8a-8a0d-ce9798ecb5cb,->,12acfc45-bdfb-4343-9004-9be15dfd844c,server/model/players/Client.java,sendMessage
12acfc45-bdfb-4343-9004-9be15dfd844c,991eb2a8-284a-4290-ae08-f54cf8834706,ce0f61c2-de28-4e8a-8a0d-ce9798ecb5cb,->,12acfc45-bdfb-4343-9004-9be15dfd844c,server/model/players/Client.java,getTradeAndDuel
12acfc45-bdfb-4343-9004-9be15dfd844c,991eb2a8-284a-4290-ae08-f54cf8834706,ce0f61c2-de28-4e8a-8a0d-ce9798ecb5cb,->,12acfc45-bdfb-4343-9004-9be15dfd844c,java/util/concurrent/CopyOnWriteArrayList.java,clear
12acfc45-bdfb-4343-9004-9be15dfd844c,991eb2a8-284a-4290-ae08-f54cf8834706,ce0f61c2-de28-4e8a-8a0d-ce9798ecb5cb,->,12acfc45-bdfb-4343-9004-9be15dfd844c,server/model/players/Client.java,sendMessage
12acfc45-bdfb-4343-9004-9be15dfd844c,991eb2a8-284a-4290-ae08-f54cf8834706,ce0f61c2-de28-4e8a-8a0d-ce9798ecb5cb,->,12acfc45-bdfb-4343-9004-9be15dfd844c,server/model/players/PlayerSave.java,saveGame
12acfc45-bdfb-4343-9004-9be15dfd844c,991eb2a8-284a-4290-ae08-f54cf8834706,ce0f61c2-de28-4e8a-8a0d-ce9798ecb5cb,->,12acfc45-bdfb-4343-9004-9be15dfd844c,server/model/players/PlayerSave.java,saveGame
12acfc45-bdfb-4343-9004-9be15dfd844c,991eb2a8-284a-4290-ae08-f54cf8834706,ce0f61c2-de28-4e8a-8a0d-ce9798ecb5cb,->,12acfc45-bdfb-4343-9004-9be15dfd844c,server/model/players/PlayerSave.java,saveGame
12acfc45-bdfb-4343-9004-9be15dfd844c,991eb2a8-284a-4290-ae08-f54cf8834706,ce0f61c2-de28-4e8a-8a0d-ce9798ecb5cb,->,12acfc45-bdfb-4343-9004-9be15dfd844c,991eb2a8-284a-4290-ae08-f54cf8834706,bcca100e-0777-45e2-b497-2ac7383e2e92
12acfc45-bdfb-4343-9004-9be15dfd844c,991eb2a8-284a-4290-ae08-f54cf8834706,ce0f61c2-de28-4e8a-8a0d-ce9798ecb5cb,->,12acfc45-bdfb-4343-9004-9be15dfd844c,server/model/players/Client.java,getItems
12acfc45-bdfb-4343-9004-9be15dfd844c,991eb2a8-284a-4290-ae08-f54cf8834706,ce0f61c2-de28-4e8a-8a0d-ce9798ecb5cb,->,12acfc45-bdfb-4343-9004-9be15dfd844c,server/model/items/ItemAssistant.java,addSpecialBar
12acfc45-bdfb-4343-9004-9be15dfd844c,991eb2a8-284a-4290-ae08-f54cf8834706,ce0f61c2-de28-4e8a-8a0d-ce9798ecb5cb,->,12acfc45-bdfb-4343-9004-9be15dfd844c,991eb2a8-284a-4290-ae08-f54cf8834706,d617bdb2-0495-46fe-934f-dccead12a802
12acfc45-bdfb-4343-9004-9be15dfd844c,991eb2a8-284a-4290-ae08-f54cf8834706,5e4a0e91-0421-4562-bd9d-889093eb4b5a,->,12acfc45-bdfb-4343-9004-9be15dfd844c,java/lang/System.java,currentTimeMillis
12acfc45-bdfb-4343-9004-9be15dfd844c,991eb2a8-284a-4290-ae08-f54cf8834706,5e4a0e91-0421-4562-bd9d-889093eb4b5a,->,12acfc45-bdfb-4343-9004-9be15dfd844c,server/model/players/Client.java,getItems
12acfc45-bdfb-4343-9004-9be15dfd844c,991eb2a8-284a-4290-ae08-f54cf8834706,5e4a0e91-0421-4562-bd9d-889093eb4b5a,->,12acfc45-bdfb-4343-9004-9be15dfd844c,server/model/items/ItemAssistant.java,playerHasItem
12acfc45-bdfb-4343-9004-9be15dfd844c,991eb2a8-284a-4290-ae08-f54cf8834706,5e4a0e91-0421-4562-bd9d-889093eb4b5a,->,12acfc45-bdfb-4343-9004-9be15dfd844c,server/model/players/Client.java,getItems
12acfc45-bdfb-4343-9004-9be15dfd844c,991eb2a8-284a-4290-ae08-f54cf8834706,5e4a0e91-0421-4562-bd9d-889093eb4b5a,->,12acfc45-bdfb-4343-9004-9be15dfd844c,server/model/items/ItemAssistant.java,playerHasItem
12acfc45-bdfb-4343-9004-9be15dfd844c,991eb2a8-284a-4290-ae08-f54cf8834706,5e4a0e91-0421-4562-bd9d-889093eb4b5a,->,12acfc45-bdfb-4343-9004-9be15dfd844c,server/model/players/Client.java,getItems
12acfc45-bdfb-4343-9004-9be15dfd844c,991eb2a8-284a-4290-ae08-f54cf8834706,5e4a0e91-0421-4562-bd9d-889093eb4b5a,->,12acfc45-bdfb-4343-9004-9be15dfd844c,server/model/items/ItemAssistant.java,playerHasItem
12acfc45-bdfb-4343-9004-9be15dfd844c,991eb2a8-284a-4290-ae08-f54cf8834706,5e4a0e91-0421-4562-bd9d-889093eb4b5a,->,12acfc45-bdfb-4343-9004-9be15dfd844c,java/lang/System.java,currentTimeMillis
12acfc45-bdfb-4343-9004-9be15dfd844c,991eb2a8-284a-4290-ae08-f54cf8834706,5e4a0e91-0421-4562-bd9d-889093eb4b5a,->,12acfc45-bdfb-4343-9004-9be15dfd844c,server/model/players/Client.java,startAnimation
12acfc45-bdfb-4343-9004-9be15dfd844c,991eb2a8-284a-4290-ae08-f54cf8834706,5e4a0e91-0421-4562-bd9d-889093eb4b5a,->,12acfc45-bdfb-4343-9004-9be15dfd844c,server/model/players/Client.java,gfx100
12acfc45-bdfb-4343-9004-9be15dfd844c,991eb2a8-284a-4290-ae08-f54cf8834706,5e4a0e91-0421-4562-bd9d-889093eb4b5a,->,12acfc45-bdfb-4343-9004-9be15dfd844c,server/model/players/Client.java,getItems
12acfc45-bdfb-4343-9004-9be15dfd844c,991eb2a8-284a-4290-ae08-f54cf8834706,5e4a0e91-0421-4562-bd9d-889093eb4b5a,->,12acfc45-bdfb-4343-9004-9be15dfd844c,server/model/players/Client.java,getItems
12acfc45-bdfb-4343-9004-9be15dfd844c,991eb2a8-284a-4290-ae08-f54cf8834706,5e4a0e91-0421-4562-bd9d-889093eb4b5a,->,12acfc45-bdfb-4343-9004-9be15dfd844c,server/model/items/ItemAssistant.java,getItemSlot
12acfc45-bdfb-4343-9004-9be15dfd844c,991eb2a8-284a-4290-ae08-f54cf8834706,5e4a0e91-0421-4562-bd9d-889093eb4b5a,->,12acfc45-bdfb-4343-9004-9be15dfd844c,server/model/items/ItemAssistant.java,deleteItem
12acfc45-bdfb-4343-9004-9be15dfd844c,991eb2a8-284a-4290-ae08-f54cf8834706,5e4a0e91-0421-4562-bd9d-889093eb4b5a,->,12acfc45-bdfb-4343-9004-9be15dfd844c,server/model/players/Client.java,getItems
12acfc45-bdfb-4343-9004-9be15dfd844c,991eb2a8-284a-4290-ae08-f54cf8834706,5e4a0e91-0421-4562-bd9d-889093eb4b5a,->,12acfc45-bdfb-4343-9004-9be15dfd844c,server/model/players/Client.java,getItems
12acfc45-bdfb-4343-9004-9be15dfd844c,991eb2a8-284a-4290-ae08-f54cf8834706,5e4a0e91-0421-4562-bd9d-889093eb4b5a,->,12acfc45-bdfb-4343-9004-9be15dfd844c,server/model/items/ItemAssistant.java,getItemSlot
12acfc45-bdfb-4343-9004-9be15dfd844c,991eb2a8-284a-4290-ae08-f54cf8834706,5e4a0e91-0421-4562-bd9d-889093eb4b5a,->,12acfc45-bdfb-4343-9004-9be15dfd844c,server/model/items/ItemAssistant.java,deleteItem
12acfc45-bdfb-4343-9004-9be15dfd844c,991eb2a8-284a-4290-ae08-f54cf8834706,5e4a0e91-0421-4562-bd9d-889093eb4b5a,->,12acfc45-bdfb-4343-9004-9be15dfd844c,server/model/players/Client.java,getItems
12acfc45-bdfb-4343-9004-9be15dfd844c,991eb2a8-284a-4290-ae08-f54cf8834706,5e4a0e91-0421-4562-bd9d-889093eb4b5a,->,12acfc45-bdfb-4343-9004-9be15dfd844c,server/model/players/Client.java,getItems
12acfc45-bdfb-4343-9004-9be15dfd844c,991eb2a8-284a-4290-ae08-f54cf8834706,5e4a0e91-0421-4562-bd9d-889093eb4b5a,->,12acfc45-bdfb-4343-9004-9be15dfd844c,server/model/items/ItemAssistant.java,getItemSlot
12acfc45-bdfb-4343-9004-9be15dfd844c,991eb2a8-284a-4290-ae08-f54cf8834706,5e4a0e91-0421-4562-bd9d-889093eb4b5a,->,12acfc45-bdfb-4343-9004-9be15dfd844c,server/model/items/ItemAssistant.java,deleteItem
12acfc45-bdfb-4343-9004-9be15dfd844c,991eb2a8-284a-4290-ae08-f54cf8834706,5e4a0e91-0421-4562-bd9d-889093eb4b5a,->,12acfc45-bdfb-4343-9004-9be15dfd844c,server/model/players/Client.java,sendMessage
12acfc45-bdfb-4343-9004-9be15dfd844c,991eb2a8-284a-4290-ae08-f54cf8834706,5e4a0e91-0421-4562-bd9d-889093eb4b5a,->,12acfc45-bdfb-4343-9004-9be15dfd844c,server/model/players/Client.java,sendMessage
12acfc45-bdfb-4343-9004-9be15dfd844c,991eb2a8-284a-4290-ae08-f54cf8834706,6942e97e-638f-4b1e-8e6a-3628f8c6da04,->,12acfc45-bdfb-4343-9004-9be15dfd844c,server/model/players/Client.java,getItems
12acfc45-bdfb-4343-9004-9be15dfd844c,991eb2a8-284a-4290-ae08-f54cf8834706,6942e97e-638f-4b1e-8e6a-3628f8c6da04,->,12acfc45-bdfb-4343-9004-9be15dfd844c,server/model/items/ItemAssistant.java,addItem
12acfc45-bdfb-4343-9004-9be15dfd844c,991eb2a8-284a-4290-ae08-f54cf8834706,6942e97e-638f-4b1e-8e6a-3628f8c6da04,->,12acfc45-bdfb-4343-9004-9be15dfd844c,server/model/players/Client.java,getPA
12acfc45-bdfb-4343-9004-9be15dfd844c,991eb2a8-284a-4290-ae08-f54cf8834706,6942e97e-638f-4b1e-8e6a-3628f8c6da04,->,12acfc45-bdfb-4343-9004-9be15dfd844c,991eb2a8-284a-4290-ae08-f54cf8834706,92a52a14-bf03-44e2-af71-f79988e7ee23
12acfc45-bdfb-4343-9004-9be15dfd844c,991eb2a8-284a-4290-ae08-f54cf8834706,6942e97e-638f-4b1e-8e6a-3628f8c6da04,->,12acfc45-bdfb-4343-9004-9be15dfd844c,server/model/players/Client.java,getPA
12acfc45-bdfb-4343-9004-9be15dfd844c,991eb2a8-284a-4290-ae08-f54cf8834706,6942e97e-638f-4b1e-8e6a-3628f8c6da04,->,12acfc45-bdfb-4343-9004-9be15dfd844c,991eb2a8-284a-4290-ae08-f54cf8834706,26ef4ae0-57cb-4083-a56f-eaf4b81cb1ad
12acfc45-bdfb-4343-9004-9be15dfd844c,991eb2a8-284a-4290-ae08-f54cf8834706,d617bdb2-0495-46fe-934f-dccead12a802,->,12acfc45-bdfb-4343-9004-9be15dfd844c,server/model/players/Client.java,getPA
12acfc45-bdfb-4343-9004-9be15dfd844c,991eb2a8-284a-4290-ae08-f54cf8834706,d617bdb2-0495-46fe-934f-dccead12a802,->,12acfc45-bdfb-4343-9004-9be15dfd844c,991eb2a8-284a-4290-ae08-f54cf8834706,f734ec4c-f6ff-48ef-9a62-43e360d115c7
12acfc45-bdfb-4343-9004-9be15dfd844c,991eb2a8-284a-4290-ae08-f54cf8834706,63900ae0-af00-49cd-af2f-1ccf0ea88d45,->,12acfc45-bdfb-4343-9004-9be15dfd844c,server/model/players/Client.java,faceUpdate
12acfc45-bdfb-4343-9004-9be15dfd844c,991eb2a8-284a-4290-ae08-f54cf8834706,63900ae0-af00-49cd-af2f-1ccf0ea88d45,->,12acfc45-bdfb-4343-9004-9be15dfd844c,server/model/players/Client.java,getPA
12acfc45-bdfb-4343-9004-9be15dfd844c,991eb2a8-284a-4290-ae08-f54cf8834706,63900ae0-af00-49cd-af2f-1ccf0ea88d45,->,12acfc45-bdfb-4343-9004-9be15dfd844c,991eb2a8-284a-4290-ae08-f54cf8834706,790d5234-7ac8-4d94-9ec9-32ac9e6366a7
12acfc45-bdfb-4343-9004-9be15dfd844c,991eb2a8-284a-4290-ae08-f54cf8834706,63900ae0-af00-49cd-af2f-1ccf0ea88d45,->,12acfc45-bdfb-4343-9004-9be15dfd844c,server/model/players/Client.java,inFightCaves
12acfc45-bdfb-4343-9004-9be15dfd844c,991eb2a8-284a-4290-ae08-f54cf8834706,63900ae0-af00-49cd-af2f-1ccf0ea88d45,->,12acfc45-bdfb-4343-9004-9be15dfd844c,server/model/players/Client.java,getItems
12acfc45-bdfb-4343-9004-9be15dfd844c,991eb2a8-284a-4290-ae08-f54cf8834706,63900ae0-af00-49cd-af2f-1ccf0ea88d45,->,12acfc45-bdfb-4343-9004-9be15dfd844c,server/model/items/ItemAssistant.java,resetKeepItems
12acfc45-bdfb-4343-9004-9be15dfd844c,991eb2a8-284a-4290-ae08-f54cf8834706,63900ae0-af00-49cd-af2f-1ccf0ea88d45,->,12acfc45-bdfb-4343-9004-9be15dfd844c,server/model/players/Client.java,getItems
12acfc45-bdfb-4343-9004-9be15dfd844c,991eb2a8-284a-4290-ae08-f54cf8834706,63900ae0-af00-49cd-af2f-1ccf0ea88d45,->,12acfc45-bdfb-4343-9004-9be15dfd844c,server/model/items/ItemAssistant.java,keepItem
12acfc45-bdfb-4343-9004-9be15dfd844c,991eb2a8-284a-4290-ae08-f54cf8834706,63900ae0-af00-49cd-af2f-1ccf0ea88d45,->,12acfc45-bdfb-4343-9004-9be15dfd844c,server/model/players/Client.java,getItems
12acfc45-bdfb-4343-9004-9be15dfd844c,991eb2a8-284a-4290-ae08-f54cf8834706,63900ae0-af00-49cd-af2f-1ccf0ea88d45,->,12acfc45-bdfb-4343-9004-9be15dfd844c,server/model/items/ItemAssistant.java,keepItem
12acfc45-bdfb-4343-9004-9be15dfd844c,991eb2a8-284a-4290-ae08-f54cf8834706,63900ae0-af00-49cd-af2f-1ccf0ea88d45,->,12acfc45-bdfb-4343-9004-9be15dfd844c,server/model/players/Client.java,getItems
12acfc45-bdfb-4343-9004-9be15dfd844c,991eb2a8-284a-4290-ae08-f54cf8834706,63900ae0-af00-49cd-af2f-1ccf0ea88d45,->,12acfc45-bdfb-4343-9004-9be15dfd844c,server/model/items/ItemAssistant.java,keepItem
12acfc45-bdfb-4343-9004-9be15dfd844c,991eb2a8-284a-4290-ae08-f54cf8834706,63900ae0-af00-49cd-af2f-1ccf0ea88d45,->,12acfc45-bdfb-4343-9004-9be15dfd844c,java/lang/System.java,currentTimeMillis
12acfc45-bdfb-4343-9004-9be15dfd844c,991eb2a8-284a-4290-ae08-f54cf8834706,63900ae0-af00-49cd-af2f-1ccf0ea88d45,->,12acfc45-bdfb-4343-9004-9be15dfd844c,java/lang/System.java,currentTimeMillis
12acfc45-bdfb-4343-9004-9be15dfd844c,991eb2a8-284a-4290-ae08-f54cf8834706,63900ae0-af00-49cd-af2f-1ccf0ea88d45,->,12acfc45-bdfb-4343-9004-9be15dfd844c,server/model/players/Client.java,getItems
12acfc45-bdfb-4343-9004-9be15dfd844c,991eb2a8-284a-4290-ae08-f54cf8834706,63900ae0-af00-49cd-af2f-1ccf0ea88d45,->,12acfc45-bdfb-4343-9004-9be15dfd844c,server/model/items/ItemAssistant.java,keepItem
12acfc45-bdfb-4343-9004-9be15dfd844c,991eb2a8-284a-4290-ae08-f54cf8834706,63900ae0-af00-49cd-af2f-1ccf0ea88d45,->,12acfc45-bdfb-4343-9004-9be15dfd844c,server/model/players/Client.java,getItems
12acfc45-bdfb-4343-9004-9be15dfd844c,991eb2a8-284a-4290-ae08-f54cf8834706,63900ae0-af00-49cd-af2f-1ccf0ea88d45,->,12acfc45-bdfb-4343-9004-9be15dfd844c,server/model/items/ItemAssistant.java,dropAllItems
12acfc45-bdfb-4343-9004-9be15dfd844c,991eb2a8-284a-4290-ae08-f54cf8834706,63900ae0-af00-49cd-af2f-1ccf0ea88d45,->,12acfc45-bdfb-4343-9004-9be15dfd844c,server/model/players/Client.java,getItems
12acfc45-bdfb-4343-9004-9be15dfd844c,991eb2a8-284a-4290-ae08-f54cf8834706,63900ae0-af00-49cd-af2f-1ccf0ea88d45,->,12acfc45-bdfb-4343-9004-9be15dfd844c,server/model/items/ItemAssistant.java,deleteAllItems
12acfc45-bdfb-4343-9004-9be15dfd844c,991eb2a8-284a-4290-ae08-f54cf8834706,63900ae0-af00-49cd-af2f-1ccf0ea88d45,->,12acfc45-bdfb-4343-9004-9be15dfd844c,server/model/players/Client.java,getItems
12acfc45-bdfb-4343-9004-9be15dfd844c,991eb2a8-284a-4290-ae08-f54cf8834706,63900ae0-af00-49cd-af2f-1ccf0ea88d45,->,12acfc45-bdfb-4343-9004-9be15dfd844c,server/model/items/ItemAssistant.java,addItem
12acfc45-bdfb-4343-9004-9be15dfd844c,991eb2a8-284a-4290-ae08-f54cf8834706,63900ae0-af00-49cd-af2f-1ccf0ea88d45,->,12acfc45-bdfb-4343-9004-9be15dfd844c,server/model/players/Client.java,getItems
12acfc45-bdfb-4343-9004-9be15dfd844c,991eb2a8-284a-4290-ae08-f54cf8834706,63900ae0-af00-49cd-af2f-1ccf0ea88d45,->,12acfc45-bdfb-4343-9004-9be15dfd844c,server/model/items/ItemAssistant.java,addItem
12acfc45-bdfb-4343-9004-9be15dfd844c,991eb2a8-284a-4290-ae08-f54cf8834706,63900ae0-af00-49cd-af2f-1ccf0ea88d45,->,12acfc45-bdfb-4343-9004-9be15dfd844c,server/model/players/Client.java,getItems
12acfc45-bdfb-4343-9004-9be15dfd844c,991eb2a8-284a-4290-ae08-f54cf8834706,63900ae0-af00-49cd-af2f-1ccf0ea88d45,->,12acfc45-bdfb-4343-9004-9be15dfd844c,server/model/items/ItemAssistant.java,resetKeepItems
12acfc45-bdfb-4343-9004-9be15dfd844c,991eb2a8-284a-4290-ae08-f54cf8834706,63900ae0-af00-49cd-af2f-1ccf0ea88d45,->,12acfc45-bdfb-4343-9004-9be15dfd844c,server/model/minigames/FightPits.java,removePlayerFromPits
12acfc45-bdfb-4343-9004-9be15dfd844c,991eb2a8-284a-4290-ae08-f54cf8834706,63900ae0-af00-49cd-af2f-1ccf0ea88d45,->,12acfc45-bdfb-4343-9004-9be15dfd844c,server/model/players/Client.java,getCombat
12acfc45-bdfb-4343-9004-9be15dfd844c,991eb2a8-284a-4290-ae08-f54cf8834706,63900ae0-af00-49cd-af2f-1ccf0ea88d45,->,12acfc45-bdfb-4343-9004-9be15dfd844c,server/model/players/CombatAssistant.java,resetPrayers
12acfc45-bdfb-4343-9004-9be15dfd844c,991eb2a8-284a-4290-ae08-f54cf8834706,63900ae0-af00-49cd-af2f-1ccf0ea88d45,->,12acfc45-bdfb-4343-9004-9be15dfd844c,991eb2a8-284a-4290-ae08-f54cf8834706,26ef4ae0-57cb-4083-a56f-eaf4b81cb1ad
12acfc45-bdfb-4343-9004-9be15dfd844c,991eb2a8-284a-4290-ae08-f54cf8834706,63900ae0-af00-49cd-af2f-1ccf0ea88d45,->,12acfc45-bdfb-4343-9004-9be15dfd844c,server/model/players/Client.java,getPA
12acfc45-bdfb-4343-9004-9be15dfd844c,991eb2a8-284a-4290-ae08-f54cf8834706,63900ae0-af00-49cd-af2f-1ccf0ea88d45,->,12acfc45-bdfb-4343-9004-9be15dfd844c,991eb2a8-284a-4290-ae08-f54cf8834706,cc581d00-f04e-4278-8aaf-0ecbd93e9b04
12acfc45-bdfb-4343-9004-9be15dfd844c,991eb2a8-284a-4290-ae08-f54cf8834706,63900ae0-af00-49cd-af2f-1ccf0ea88d45,->,12acfc45-bdfb-4343-9004-9be15dfd844c,991eb2a8-284a-4290-ae08-f54cf8834706,141a66be-744c-48f6-a5c3-9dbea684d0d6
12acfc45-bdfb-4343-9004-9be15dfd844c,991eb2a8-284a-4290-ae08-f54cf8834706,63900ae0-af00-49cd-af2f-1ccf0ea88d45,->,12acfc45-bdfb-4343-9004-9be15dfd844c,991eb2a8-284a-4290-ae08-f54cf8834706,141a66be-744c-48f6-a5c3-9dbea684d0d6
12acfc45-bdfb-4343-9004-9be15dfd844c,991eb2a8-284a-4290-ae08-f54cf8834706,63900ae0-af00-49cd-af2f-1ccf0ea88d45,->,12acfc45-bdfb-4343-9004-9be15dfd844c,java/util/ArrayList.java,clear
12acfc45-bdfb-4343-9004-9be15dfd844c,991eb2a8-284a-4290-ae08-f54cf8834706,63900ae0-af00-49cd-af2f-1ccf0ea88d45,->,12acfc45-bdfb-4343-9004-9be15dfd844c,server/model/players/Client.java,inFightCaves
12acfc45-bdfb-4343-9004-9be15dfd844c,991eb2a8-284a-4290-ae08-f54cf8834706,63900ae0-af00-49cd-af2f-1ccf0ea88d45,->,12acfc45-bdfb-4343-9004-9be15dfd844c,server/model/players/Client.java,getPA
12acfc45-bdfb-4343-9004-9be15dfd844c,991eb2a8-284a-4290-ae08-f54cf8834706,63900ae0-af00-49cd-af2f-1ccf0ea88d45,->,12acfc45-bdfb-4343-9004-9be15dfd844c,991eb2a8-284a-4290-ae08-f54cf8834706,7aa36b1d-a27a-41e4-9ac5-3e1db30701f7
12acfc45-bdfb-4343-9004-9be15dfd844c,991eb2a8-284a-4290-ae08-f54cf8834706,63900ae0-af00-49cd-af2f-1ccf0ea88d45,->,12acfc45-bdfb-4343-9004-9be15dfd844c,server/model/players/Client.java,getPA
12acfc45-bdfb-4343-9004-9be15dfd844c,991eb2a8-284a-4290-ae08-f54cf8834706,63900ae0-af00-49cd-af2f-1ccf0ea88d45,->,12acfc45-bdfb-4343-9004-9be15dfd844c,991eb2a8-284a-4290-ae08-f54cf8834706,34dca5c1-240c-40fd-ab53-7b6588e33c33
12acfc45-bdfb-4343-9004-9be15dfd844c,991eb2a8-284a-4290-ae08-f54cf8834706,63900ae0-af00-49cd-af2f-1ccf0ea88d45,->,12acfc45-bdfb-4343-9004-9be15dfd844c,server/model/players/Client.java,getTradeAndDuel
12acfc45-bdfb-4343-9004-9be15dfd844c,991eb2a8-284a-4290-ae08-f54cf8834706,63900ae0-af00-49cd-af2f-1ccf0ea88d45,->,12acfc45-bdfb-4343-9004-9be15dfd844c,server/model/players/TradeAndDuel.java,duelVictory
12acfc45-bdfb-4343-9004-9be15dfd844c,991eb2a8-284a-4290-ae08-f54cf8834706,63900ae0-af00-49cd-af2f-1ccf0ea88d45,->,12acfc45-bdfb-4343-9004-9be15dfd844c,server/model/players/Client.java,getPA
12acfc45-bdfb-4343-9004-9be15dfd844c,991eb2a8-284a-4290-ae08-f54cf8834706,63900ae0-af00-49cd-af2f-1ccf0ea88d45,->,12acfc45-bdfb-4343-9004-9be15dfd844c,2c89cfe4-ed6d-446f-832b-3c203feb3155,12264cea-e176-47b1-b1bb-e3a14dc18d35
12acfc45-bdfb-4343-9004-9be15dfd844c,991eb2a8-284a-4290-ae08-f54cf8834706,63900ae0-af00-49cd-af2f-1ccf0ea88d45,->,12acfc45-bdfb-4343-9004-9be15dfd844c,2c89cfe4-ed6d-446f-832b-3c203feb3155,12264cea-e176-47b1-b1bb-e3a14dc18d35
12acfc45-bdfb-4343-9004-9be15dfd844c,991eb2a8-284a-4290-ae08-f54cf8834706,63900ae0-af00-49cd-af2f-1ccf0ea88d45,->,12acfc45-bdfb-4343-9004-9be15dfd844c,991eb2a8-284a-4290-ae08-f54cf8834706,141a66be-744c-48f6-a5c3-9dbea684d0d6
12acfc45-bdfb-4343-9004-9be15dfd844c,991eb2a8-284a-4290-ae08-f54cf8834706,63900ae0-af00-49cd-af2f-1ccf0ea88d45,->,12acfc45-bdfb-4343-9004-9be15dfd844c,server/model/players/Client.java,getPA
12acfc45-bdfb-4343-9004-9be15dfd844c,991eb2a8-284a-4290-ae08-f54cf8834706,63900ae0-af00-49cd-af2f-1ccf0ea88d45,->,12acfc45-bdfb-4343-9004-9be15dfd844c,2c89cfe4-ed6d-446f-832b-3c203feb3155,12264cea-e176-47b1-b1bb-e3a14dc18d35
12acfc45-bdfb-4343-9004-9be15dfd844c,991eb2a8-284a-4290-ae08-f54cf8834706,63900ae0-af00-49cd-af2f-1ccf0ea88d45,->,12acfc45-bdfb-4343-9004-9be15dfd844c,2c89cfe4-ed6d-446f-832b-3c203feb3155,12264cea-e176-47b1-b1bb-e3a14dc18d35
12acfc45-bdfb-4343-9004-9be15dfd844c,991eb2a8-284a-4290-ae08-f54cf8834706,63900ae0-af00-49cd-af2f-1ccf0ea88d45,->,12acfc45-bdfb-4343-9004-9be15dfd844c,991eb2a8-284a-4290-ae08-f54cf8834706,141a66be-744c-48f6-a5c3-9dbea684d0d6
12acfc45-bdfb-4343-9004-9be15dfd844c,991eb2a8-284a-4290-ae08-f54cf8834706,63900ae0-af00-49cd-af2f-1ccf0ea88d45,->,12acfc45-bdfb-4343-9004-9be15dfd844c,server/model/players/Client.java,getTradeAndDuel
12acfc45-bdfb-4343-9004-9be15dfd844c,991eb2a8-284a-4290-ae08-f54cf8834706,63900ae0-af00-49cd-af2f-1ccf0ea88d45,->,12acfc45-bdfb-4343-9004-9be15dfd844c,server/model/players/TradeAndDuel.java,resetDuel
12acfc45-bdfb-4343-9004-9be15dfd844c,991eb2a8-284a-4290-ae08-f54cf8834706,63900ae0-af00-49cd-af2f-1ccf0ea88d45,->,12acfc45-bdfb-4343-9004-9be15dfd844c,server/model/players/PlayerSave.java,saveGame
12acfc45-bdfb-4343-9004-9be15dfd844c,991eb2a8-284a-4290-ae08-f54cf8834706,63900ae0-af00-49cd-af2f-1ccf0ea88d45,->,12acfc45-bdfb-4343-9004-9be15dfd844c,server/model/players/Client.java,getCombat
12acfc45-bdfb-4343-9004-9be15dfd844c,991eb2a8-284a-4290-ae08-f54cf8834706,63900ae0-af00-49cd-af2f-1ccf0ea88d45,->,12acfc45-bdfb-4343-9004-9be15dfd844c,server/model/players/CombatAssistant.java,resetPlayerAttack
12acfc45-bdfb-4343-9004-9be15dfd844c,991eb2a8-284a-4290-ae08-f54cf8834706,63900ae0-af00-49cd-af2f-1ccf0ea88d45,->,12acfc45-bdfb-4343-9004-9be15dfd844c,991eb2a8-284a-4290-ae08-f54cf8834706,145b88a3-07a2-4394-b730-e4d58aafd829
12acfc45-bdfb-4343-9004-9be15dfd844c,991eb2a8-284a-4290-ae08-f54cf8834706,63900ae0-af00-49cd-af2f-1ccf0ea88d45,->,12acfc45-bdfb-4343-9004-9be15dfd844c,server/model/players/Client.java,startAnimation
12acfc45-bdfb-4343-9004-9be15dfd844c,991eb2a8-284a-4290-ae08-f54cf8834706,63900ae0-af00-49cd-af2f-1ccf0ea88d45,->,12acfc45-bdfb-4343-9004-9be15dfd844c,991eb2a8-284a-4290-ae08-f54cf8834706,b389d91d-a5c4-40f9-9272-e6587b32dca4
12acfc45-bdfb-4343-9004-9be15dfd844c,991eb2a8-284a-4290-ae08-f54cf8834706,63900ae0-af00-49cd-af2f-1ccf0ea88d45,->,12acfc45-bdfb-4343-9004-9be15dfd844c,991eb2a8-284a-4290-ae08-f54cf8834706,76cbda27-4fed-43eb-9d25-22705b4b47ca
12acfc45-bdfb-4343-9004-9be15dfd844c,991eb2a8-284a-4290-ae08-f54cf8834706,63900ae0-af00-49cd-af2f-1ccf0ea88d45,->,12acfc45-bdfb-4343-9004-9be15dfd844c,java/util/ArrayList.java,clear
12acfc45-bdfb-4343-9004-9be15dfd844c,991eb2a8-284a-4290-ae08-f54cf8834706,63900ae0-af00-49cd-af2f-1ccf0ea88d45,->,12acfc45-bdfb-4343-9004-9be15dfd844c,server/model/players/Client.java,getPA
12acfc45-bdfb-4343-9004-9be15dfd844c,991eb2a8-284a-4290-ae08-f54cf8834706,63900ae0-af00-49cd-af2f-1ccf0ea88d45,->,12acfc45-bdfb-4343-9004-9be15dfd844c,991eb2a8-284a-4290-ae08-f54cf8834706,f59ca130-d149-43aa-b537-369a4987d63b
12acfc45-bdfb-4343-9004-9be15dfd844c,991eb2a8-284a-4290-ae08-f54cf8834706,63900ae0-af00-49cd-af2f-1ccf0ea88d45,->,12acfc45-bdfb-4343-9004-9be15dfd844c,991eb2a8-284a-4290-ae08-f54cf8834706,3666955d-52b4-495d-880c-318d6383a5bb
12acfc45-bdfb-4343-9004-9be15dfd844c,991eb2a8-284a-4290-ae08-f54cf8834706,acec9b81-e62f-4461-af76-94512d90eba3,->,12acfc45-bdfb-4343-9004-9be15dfd844c,server/model/players/PlayerAssistant.java,sendFrame99
12acfc45-bdfb-4343-9004-9be15dfd844c,991eb2a8-284a-4290-ae08-f54cf8834706,acec9b81-e62f-4461-af76-94512d90eba3,->,12acfc45-bdfb-4343-9004-9be15dfd844c,991eb2a8-284a-4290-ae08-f54cf8834706,141a66be-744c-48f6-a5c3-9dbea684d0d6
12acfc45-bdfb-4343-9004-9be15dfd844c,991eb2a8-284a-4290-ae08-f54cf8834706,acec9b81-e62f-4461-af76-94512d90eba3,->,12acfc45-bdfb-4343-9004-9be15dfd844c,server/model/players/PlayerAssistant.java,sendFrame99
12acfc45-bdfb-4343-9004-9be15dfd844c,991eb2a8-284a-4290-ae08-f54cf8834706,acec9b81-e62f-4461-af76-94512d90eba3,->,12acfc45-bdfb-4343-9004-9be15dfd844c,991eb2a8-284a-4290-ae08-f54cf8834706,141a66be-744c-48f6-a5c3-9dbea684d0d6
12acfc45-bdfb-4343-9004-9be15dfd844c,991eb2a8-284a-4290-ae08-f54cf8834706,acec9b81-e62f-4461-af76-94512d90eba3,->,12acfc45-bdfb-4343-9004-9be15dfd844c,server/model/players/PlayerAssistant.java,sendFrame99
12acfc45-bdfb-4343-9004-9be15dfd844c,991eb2a8-284a-4290-ae08-f54cf8834706,acec9b81-e62f-4461-af76-94512d90eba3,->,12acfc45-bdfb-4343-9004-9be15dfd844c,991eb2a8-284a-4290-ae08-f54cf8834706,141a66be-744c-48f6-a5c3-9dbea684d0d6
12acfc45-bdfb-4343-9004-9be15dfd844c,991eb2a8-284a-4290-ae08-f54cf8834706,acec9b81-e62f-4461-af76-94512d90eba3,->,12acfc45-bdfb-4343-9004-9be15dfd844c,server/model/players/PlayerAssistant.java,sendFrame99
12acfc45-bdfb-4343-9004-9be15dfd844c,991eb2a8-284a-4290-ae08-f54cf8834706,acec9b81-e62f-4461-af76-94512d90eba3,->,12acfc45-bdfb-4343-9004-9be15dfd844c,991eb2a8-284a-4290-ae08-f54cf8834706,141a66be-744c-48f6-a5c3-9dbea684d0d6
12acfc45-bdfb-4343-9004-9be15dfd844c,991eb2a8-284a-4290-ae08-f54cf8834706,acec9b81-e62f-4461-af76-94512d90eba3,->,12acfc45-bdfb-4343-9004-9be15dfd844c,server/model/players/PlayerAssistant.java,sendFrame99
12acfc45-bdfb-4343-9004-9be15dfd844c,991eb2a8-284a-4290-ae08-f54cf8834706,acec9b81-e62f-4461-af76-94512d90eba3,->,12acfc45-bdfb-4343-9004-9be15dfd844c,991eb2a8-284a-4290-ae08-f54cf8834706,141a66be-744c-48f6-a5c3-9dbea684d0d6
12acfc45-bdfb-4343-9004-9be15dfd844c,991eb2a8-284a-4290-ae08-f54cf8834706,acec9b81-e62f-4461-af76-94512d90eba3,->,12acfc45-bdfb-4343-9004-9be15dfd844c,server/model/players/PlayerAssistant.java,sendFrame99
12acfc45-bdfb-4343-9004-9be15dfd844c,991eb2a8-284a-4290-ae08-f54cf8834706,acec9b81-e62f-4461-af76-94512d90eba3,->,12acfc45-bdfb-4343-9004-9be15dfd844c,991eb2a8-284a-4290-ae08-f54cf8834706,141a66be-744c-48f6-a5c3-9dbea684d0d6
12acfc45-bdfb-4343-9004-9be15dfd844c,991eb2a8-284a-4290-ae08-f54cf8834706,7309b383-04a6-42dd-8bb1-625d482ea12c,->,12acfc45-bdfb-4343-9004-9be15dfd844c,server/model/players/Client.java,getPA
12acfc45-bdfb-4343-9004-9be15dfd844c,991eb2a8-284a-4290-ae08-f54cf8834706,7309b383-04a6-42dd-8bb1-625d482ea12c,->,12acfc45-bdfb-4343-9004-9be15dfd844c,991eb2a8-284a-4290-ae08-f54cf8834706,ac5a52b5-7320-44a0-9233-853148386f14
12acfc45-bdfb-4343-9004-9be15dfd844c,991eb2a8-284a-4290-ae08-f54cf8834706,ac5a52b5-7320-44a0-9233-853148386f14,->,12acfc45-bdfb-4343-9004-9be15dfd844c,server/model/players/Client.java,sendMessage
12acfc45-bdfb-4343-9004-9be15dfd844c,991eb2a8-284a-4290-ae08-f54cf8834706,ac5a52b5-7320-44a0-9233-853148386f14,->,12acfc45-bdfb-4343-9004-9be15dfd844c,server/model/players/Client.java,getTradeAndDuel
12acfc45-bdfb-4343-9004-9be15dfd844c,991eb2a8-284a-4290-ae08-f54cf8834706,ac5a52b5-7320-44a0-9233-853148386f14,->,12acfc45-bdfb-4343-9004-9be15dfd844c,server/model/players/TradeAndDuel.java,declineDuel
12acfc45-bdfb-4343-9004-9be15dfd844c,991eb2a8-284a-4290-ae08-f54cf8834706,ac5a52b5-7320-44a0-9233-853148386f14,->,12acfc45-bdfb-4343-9004-9be15dfd844c,server/model/players/Client.java,getTradeAndDuel
12acfc45-bdfb-4343-9004-9be15dfd844c,991eb2a8-284a-4290-ae08-f54cf8834706,ac5a52b5-7320-44a0-9233-853148386f14,->,12acfc45-bdfb-4343-9004-9be15dfd844c,server/model/players/TradeAndDuel.java,declineDuel
12acfc45-bdfb-4343-9004-9be15dfd844c,991eb2a8-284a-4290-ae08-f54cf8834706,ac5a52b5-7320-44a0-9233-853148386f14,->,12acfc45-bdfb-4343-9004-9be15dfd844c,server/model/players/Client.java,inWild
12acfc45-bdfb-4343-9004-9be15dfd844c,991eb2a8-284a-4290-ae08-f54cf8834706,ac5a52b5-7320-44a0-9233-853148386f14,->,12acfc45-bdfb-4343-9004-9be15dfd844c,server/model/players/Client.java,sendMessage
12acfc45-bdfb-4343-9004-9be15dfd844c,991eb2a8-284a-4290-ae08-f54cf8834706,ac5a52b5-7320-44a0-9233-853148386f14,->,12acfc45-bdfb-4343-9004-9be15dfd844c,java/lang/System.java,currentTimeMillis
12acfc45-bdfb-4343-9004-9be15dfd844c,991eb2a8-284a-4290-ae08-f54cf8834706,ac5a52b5-7320-44a0-9233-853148386f14,->,12acfc45-bdfb-4343-9004-9be15dfd844c,server/model/players/Client.java,sendMessage
12acfc45-bdfb-4343-9004-9be15dfd844c,991eb2a8-284a-4290-ae08-f54cf8834706,ac5a52b5-7320-44a0-9233-853148386f14,->,12acfc45-bdfb-4343-9004-9be15dfd844c,server/model/players/Client.java,getCombat
12acfc45-bdfb-4343-9004-9be15dfd844c,991eb2a8-284a-4290-ae08-f54cf8834706,ac5a52b5-7320-44a0-9233-853148386f14,->,12acfc45-bdfb-4343-9004-9be15dfd844c,server/model/players/CombatAssistant.java,resetPlayerAttack
12acfc45-bdfb-4343-9004-9be15dfd844c,991eb2a8-284a-4290-ae08-f54cf8834706,ac5a52b5-7320-44a0-9233-853148386f14,->,12acfc45-bdfb-4343-9004-9be15dfd844c,server/model/players/Client.java,stopMovement
12acfc45-bdfb-4343-9004-9be15dfd844c,991eb2a8-284a-4290-ae08-f54cf8834706,ac5a52b5-7320-44a0-9233-853148386f14,->,12acfc45-bdfb-4343-9004-9be15dfd844c,991eb2a8-284a-4290-ae08-f54cf8834706,3666955d-52b4-495d-880c-318d6383a5bb
12acfc45-bdfb-4343-9004-9be15dfd844c,991eb2a8-284a-4290-ae08-f54cf8834706,ac5a52b5-7320-44a0-9233-853148386f14,->,12acfc45-bdfb-4343-9004-9be15dfd844c,server/model/players/Client.java,faceUpdate
12acfc45-bdfb-4343-9004-9be15dfd844c,991eb2a8-284a-4290-ae08-f54cf8834706,ac5a52b5-7320-44a0-9233-853148386f14,->,12acfc45-bdfb-4343-9004-9be15dfd844c,java/lang/String.java,equalsIgnoreCase
12acfc45-bdfb-4343-9004-9be15dfd844c,991eb2a8-284a-4290-ae08-f54cf8834706,ac5a52b5-7320-44a0-9233-853148386f14,->,12acfc45-bdfb-4343-9004-9be15dfd844c,server/model/players/Client.java,startAnimation
12acfc45-bdfb-4343-9004-9be15dfd844c,991eb2a8-284a-4290-ae08-f54cf8834706,ac5a52b5-7320-44a0-9233-853148386f14,->,12acfc45-bdfb-4343-9004-9be15dfd844c,java/lang/String.java,equalsIgnoreCase
12acfc45-bdfb-4343-9004-9be15dfd844c,991eb2a8-284a-4290-ae08-f54cf8834706,ac5a52b5-7320-44a0-9233-853148386f14,->,12acfc45-bdfb-4343-9004-9be15dfd844c,server/model/players/Client.java,startAnimation
12acfc45-bdfb-4343-9004-9be15dfd844c,991eb2a8-284a-4290-ae08-f54cf8834706,ac5a52b5-7320-44a0-9233-853148386f14,->,12acfc45-bdfb-4343-9004-9be15dfd844c,server/model/players/Client.java,gfx0
12acfc45-bdfb-4343-9004-9be15dfd844c,991eb2a8-284a-4290-ae08-f54cf8834706,9ddec840-98e8-430d-b3e5-512d9ad51fe5,->,12acfc45-bdfb-4343-9004-9be15dfd844c,server/model/players/Client.java,sendMessage
12acfc45-bdfb-4343-9004-9be15dfd844c,991eb2a8-284a-4290-ae08-f54cf8834706,9ddec840-98e8-430d-b3e5-512d9ad51fe5,->,12acfc45-bdfb-4343-9004-9be15dfd844c,server/model/players/Client.java,getTradeAndDuel
12acfc45-bdfb-4343-9004-9be15dfd844c,991eb2a8-284a-4290-ae08-f54cf8834706,9ddec840-98e8-430d-b3e5-512d9ad51fe5,->,12acfc45-bdfb-4343-9004-9be15dfd844c,server/model/players/TradeAndDuel.java,declineDuel
12acfc45-bdfb-4343-9004-9be15dfd844c,991eb2a8-284a-4290-ae08-f54cf8834706,9ddec840-98e8-430d-b3e5-512d9ad51fe5,->,12acfc45-bdfb-4343-9004-9be15dfd844c,server/model/players/Client.java,getTradeAndDuel
12acfc45-bdfb-4343-9004-9be15dfd844c,991eb2a8-284a-4290-ae08-f54cf8834706,9ddec840-98e8-430d-b3e5-512d9ad51fe5,->,12acfc45-bdfb-4343-9004-9be15dfd844c,server/model/players/TradeAndDuel.java,declineDuel
12acfc45-bdfb-4343-9004-9be15dfd844c,991eb2a8-284a-4290-ae08-f54cf8834706,9ddec840-98e8-430d-b3e5-512d9ad51fe5,->,12acfc45-bdfb-4343-9004-9be15dfd844c,java/lang/System.java,currentTimeMillis
12acfc45-bdfb-4343-9004-9be15dfd844c,991eb2a8-284a-4290-ae08-f54cf8834706,9ddec840-98e8-430d-b3e5-512d9ad51fe5,->,12acfc45-bdfb-4343-9004-9be15dfd844c,server/model/players/Client.java,sendMessage
12acfc45-bdfb-4343-9004-9be15dfd844c,991eb2a8-284a-4290-ae08-f54cf8834706,9ddec840-98e8-430d-b3e5-512d9ad51fe5,->,12acfc45-bdfb-4343-9004-9be15dfd844c,server/model/players/Client.java,stopMovement
12acfc45-bdfb-4343-9004-9be15dfd844c,991eb2a8-284a-4290-ae08-f54cf8834706,9ddec840-98e8-430d-b3e5-512d9ad51fe5,->,12acfc45-bdfb-4343-9004-9be15dfd844c,991eb2a8-284a-4290-ae08-f54cf8834706,3666955d-52b4-495d-880c-318d6383a5bb
12acfc45-bdfb-4343-9004-9be15dfd844c,991eb2a8-284a-4290-ae08-f54cf8834706,9ddec840-98e8-430d-b3e5-512d9ad51fe5,->,12acfc45-bdfb-4343-9004-9be15dfd844c,server/model/players/Client.java,faceUpdate
12acfc45-bdfb-4343-9004-9be15dfd844c,991eb2a8-284a-4290-ae08-f54cf8834706,9ddec840-98e8-430d-b3e5-512d9ad51fe5,->,12acfc45-bdfb-4343-9004-9be15dfd844c,server/model/players/Client.java,startAnimation
12acfc45-bdfb-4343-9004-9be15dfd844c,server/model/players/PlayerAssistant.java,processTeleport,->,12acfc45-bdfb-4343-9004-9be15dfd844c,server/model/players/Client.java,startAnimation
12acfc45-bdfb-4343-9004-9be15dfd844c,991eb2a8-284a-4290-ae08-f54cf8834706,7953991a-c478-44db-962f-2aa2177f945d,->,12acfc45-bdfb-4343-9004-9be15dfd844c,991eb2a8-284a-4290-ae08-f54cf8834706,f734ec4c-f6ff-48ef-9a62-43e360d115c7
12acfc45-bdfb-4343-9004-9be15dfd844c,991eb2a8-284a-4290-ae08-f54cf8834706,7953991a-c478-44db-962f-2aa2177f945d,->,12acfc45-bdfb-4343-9004-9be15dfd844c,server/model/players/Player.java,getX
12acfc45-bdfb-4343-9004-9be15dfd844c,991eb2a8-284a-4290-ae08-f54cf8834706,7953991a-c478-44db-962f-2aa2177f945d,->,12acfc45-bdfb-4343-9004-9be15dfd844c,server/model/players/Player.java,getY
12acfc45-bdfb-4343-9004-9be15dfd844c,991eb2a8-284a-4290-ae08-f54cf8834706,7953991a-c478-44db-962f-2aa2177f945d,->,12acfc45-bdfb-4343-9004-9be15dfd844c,server/model/players/Client.java,getX
12acfc45-bdfb-4343-9004-9be15dfd844c,991eb2a8-284a-4290-ae08-f54cf8834706,7953991a-c478-44db-962f-2aa2177f945d,->,12acfc45-bdfb-4343-9004-9be15dfd844c,server/model/players/Client.java,getY
12acfc45-bdfb-4343-9004-9be15dfd844c,991eb2a8-284a-4290-ae08-f54cf8834706,7953991a-c478-44db-962f-2aa2177f945d,->,12acfc45-bdfb-4343-9004-9be15dfd844c,server/model/players/Client.java,goodDistance
12acfc45-bdfb-4343-9004-9be15dfd844c,991eb2a8-284a-4290-ae08-f54cf8834706,7953991a-c478-44db-962f-2aa2177f945d,->,12acfc45-bdfb-4343-9004-9be15dfd844c,server/model/players/Client.java,getX
12acfc45-bdfb-4343-9004-9be15dfd844c,991eb2a8-284a-4290-ae08-f54cf8834706,7953991a-c478-44db-962f-2aa2177f945d,->,12acfc45-bdfb-4343-9004-9be15dfd844c,server/model/players/Client.java,getY
12acfc45-bdfb-4343-9004-9be15dfd844c,991eb2a8-284a-4290-ae08-f54cf8834706,7953991a-c478-44db-962f-2aa2177f945d,->,12acfc45-bdfb-4343-9004-9be15dfd844c,server/model/players/Client.java,goodDistance
12acfc45-bdfb-4343-9004-9be15dfd844c,991eb2a8-284a-4290-ae08-f54cf8834706,7953991a-c478-44db-962f-2aa2177f945d,->,12acfc45-bdfb-4343-9004-9be15dfd844c,server/model/players/Client.java,getX
12acfc45-bdfb-4343-9004-9be15dfd844c,991eb2a8-284a-4290-ae08-f54cf8834706,7953991a-c478-44db-962f-2aa2177f945d,->,12acfc45-bdfb-4343-9004-9be15dfd844c,server/model/players/Client.java,getY
12acfc45-bdfb-4343-9004-9be15dfd844c,991eb2a8-284a-4290-ae08-f54cf8834706,7953991a-c478-44db-962f-2aa2177f945d,->,12acfc45-bdfb-4343-9004-9be15dfd844c,server/model/players/Client.java,goodDistance
12acfc45-bdfb-4343-9004-9be15dfd844c,991eb2a8-284a-4290-ae08-f54cf8834706,7953991a-c478-44db-962f-2aa2177f945d,->,12acfc45-bdfb-4343-9004-9be15dfd844c,server/model/players/Client.java,getX
12acfc45-bdfb-4343-9004-9be15dfd844c,991eb2a8-284a-4290-ae08-f54cf8834706,7953991a-c478-44db-962f-2aa2177f945d,->,12acfc45-bdfb-4343-9004-9be15dfd844c,server/model/players/Client.java,getY
12acfc45-bdfb-4343-9004-9be15dfd844c,991eb2a8-284a-4290-ae08-f54cf8834706,7953991a-c478-44db-962f-2aa2177f945d,->,12acfc45-bdfb-4343-9004-9be15dfd844c,server/model/players/Client.java,goodDistance
12acfc45-bdfb-4343-9004-9be15dfd844c,991eb2a8-284a-4290-ae08-f54cf8834706,7953991a-c478-44db-962f-2aa2177f945d,->,12acfc45-bdfb-4343-9004-9be15dfd844c,server/model/players/Client.java,getX
12acfc45-bdfb-4343-9004-9be15dfd844c,991eb2a8-284a-4290-ae08-f54cf8834706,7953991a-c478-44db-962f-2aa2177f945d,->,12acfc45-bdfb-4343-9004-9be15dfd844c,server/model/players/Client.java,getY
12acfc45-bdfb-4343-9004-9be15dfd844c,991eb2a8-284a-4290-ae08-f54cf8834706,7953991a-c478-44db-962f-2aa2177f945d,->,12acfc45-bdfb-4343-9004-9be15dfd844c,server/model/players/Client.java,goodDistance
12acfc45-bdfb-4343-9004-9be15dfd844c,991eb2a8-284a-4290-ae08-f54cf8834706,7953991a-c478-44db-962f-2aa2177f945d,->,12acfc45-bdfb-4343-9004-9be15dfd844c,991eb2a8-284a-4290-ae08-f54cf8834706,f734ec4c-f6ff-48ef-9a62-43e360d115c7
12acfc45-bdfb-4343-9004-9be15dfd844c,991eb2a8-284a-4290-ae08-f54cf8834706,7953991a-c478-44db-962f-2aa2177f945d,->,12acfc45-bdfb-4343-9004-9be15dfd844c,server/model/players/Client.java,faceUpdate
12acfc45-bdfb-4343-9004-9be15dfd844c,991eb2a8-284a-4290-ae08-f54cf8834706,7953991a-c478-44db-962f-2aa2177f945d,->,12acfc45-bdfb-4343-9004-9be15dfd844c,server/model/players/Client.java,inWild
12acfc45-bdfb-4343-9004-9be15dfd844c,991eb2a8-284a-4290-ae08-f54cf8834706,7953991a-c478-44db-962f-2aa2177f945d,->,12acfc45-bdfb-4343-9004-9be15dfd844c,server/model/players/Client.java,stopMovement
12acfc45-bdfb-4343-9004-9be15dfd844c,991eb2a8-284a-4290-ae08-f54cf8834706,7953991a-c478-44db-962f-2aa2177f945d,->,12acfc45-bdfb-4343-9004-9be15dfd844c,server/model/players/Client.java,stopMovement
12acfc45-bdfb-4343-9004-9be15dfd844c,991eb2a8-284a-4290-ae08-f54cf8834706,7953991a-c478-44db-962f-2aa2177f945d,->,12acfc45-bdfb-4343-9004-9be15dfd844c,server/model/players/Client.java,getCombat
12acfc45-bdfb-4343-9004-9be15dfd844c,991eb2a8-284a-4290-ae08-f54cf8834706,7953991a-c478-44db-962f-2aa2177f945d,->,12acfc45-bdfb-4343-9004-9be15dfd844c,server/model/players/CombatAssistant.java,usingHally
12acfc45-bdfb-4343-9004-9be15dfd844c,991eb2a8-284a-4290-ae08-f54cf8834706,7953991a-c478-44db-962f-2aa2177f945d,->,12acfc45-bdfb-4343-9004-9be15dfd844c,server/model/players/Client.java,stopMovement
12acfc45-bdfb-4343-9004-9be15dfd844c,991eb2a8-284a-4290-ae08-f54cf8834706,7953991a-c478-44db-962f-2aa2177f945d,->,12acfc45-bdfb-4343-9004-9be15dfd844c,2c89cfe4-ed6d-446f-832b-3c203feb3155,12264cea-e176-47b1-b1bb-e3a14dc18d35
12acfc45-bdfb-4343-9004-9be15dfd844c,991eb2a8-284a-4290-ae08-f54cf8834706,7953991a-c478-44db-962f-2aa2177f945d,->,12acfc45-bdfb-4343-9004-9be15dfd844c,991eb2a8-284a-4290-ae08-f54cf8834706,387ef356-3543-428b-bef1-b07e93485a0d
12acfc45-bdfb-4343-9004-9be15dfd844c,991eb2a8-284a-4290-ae08-f54cf8834706,7953991a-c478-44db-962f-2aa2177f945d,->,12acfc45-bdfb-4343-9004-9be15dfd844c,991eb2a8-284a-4290-ae08-f54cf8834706,387ef356-3543-428b-bef1-b07e93485a0d
12acfc45-bdfb-4343-9004-9be15dfd844c,991eb2a8-284a-4290-ae08-f54cf8834706,7953991a-c478-44db-962f-2aa2177f945d,->,12acfc45-bdfb-4343-9004-9be15dfd844c,991eb2a8-284a-4290-ae08-f54cf8834706,387ef356-3543-428b-bef1-b07e93485a0d
12acfc45-bdfb-4343-9004-9be15dfd844c,991eb2a8-284a-4290-ae08-f54cf8834706,7953991a-c478-44db-962f-2aa2177f945d,->,12acfc45-bdfb-4343-9004-9be15dfd844c,991eb2a8-284a-4290-ae08-f54cf8834706,387ef356-3543-428b-bef1-b07e93485a0d
12acfc45-bdfb-4343-9004-9be15dfd844c,991eb2a8-284a-4290-ae08-f54cf8834706,7953991a-c478-44db-962f-2aa2177f945d,->,12acfc45-bdfb-4343-9004-9be15dfd844c,server/model/players/Client.java,getY
12acfc45-bdfb-4343-9004-9be15dfd844c,991eb2a8-284a-4290-ae08-f54cf8834706,7953991a-c478-44db-962f-2aa2177f945d,->,12acfc45-bdfb-4343-9004-9be15dfd844c,server/model/players/Client.java,getX
12acfc45-bdfb-4343-9004-9be15dfd844c,991eb2a8-284a-4290-ae08-f54cf8834706,7953991a-c478-44db-962f-2aa2177f945d,->,12acfc45-bdfb-4343-9004-9be15dfd844c,991eb2a8-284a-4290-ae08-f54cf8834706,976e1533-f57c-441a-800d-11b9f92cab45
12acfc45-bdfb-4343-9004-9be15dfd844c,991eb2a8-284a-4290-ae08-f54cf8834706,7953991a-c478-44db-962f-2aa2177f945d,->,12acfc45-bdfb-4343-9004-9be15dfd844c,server/model/players/Client.java,getY
12acfc45-bdfb-4343-9004-9be15dfd844c,991eb2a8-284a-4290-ae08-f54cf8834706,7953991a-c478-44db-962f-2aa2177f945d,->,12acfc45-bdfb-4343-9004-9be15dfd844c,server/model/players/Client.java,getX
12acfc45-bdfb-4343-9004-9be15dfd844c,991eb2a8-284a-4290-ae08-f54cf8834706,7953991a-c478-44db-962f-2aa2177f945d,->,12acfc45-bdfb-4343-9004-9be15dfd844c,991eb2a8-284a-4290-ae08-f54cf8834706,976e1533-f57c-441a-800d-11b9f92cab45
12acfc45-bdfb-4343-9004-9be15dfd844c,991eb2a8-284a-4290-ae08-f54cf8834706,7953991a-c478-44db-962f-2aa2177f945d,->,12acfc45-bdfb-4343-9004-9be15dfd844c,server/model/players/Client.java,getX
12acfc45-bdfb-4343-9004-9be15dfd844c,991eb2a8-284a-4290-ae08-f54cf8834706,7953991a-c478-44db-962f-2aa2177f945d,->,12acfc45-bdfb-4343-9004-9be15dfd844c,server/model/players/Client.java,getY
12acfc45-bdfb-4343-9004-9be15dfd844c,991eb2a8-284a-4290-ae08-f54cf8834706,7953991a-c478-44db-962f-2aa2177f945d,->,12acfc45-bdfb-4343-9004-9be15dfd844c,991eb2a8-284a-4290-ae08-f54cf8834706,976e1533-f57c-441a-800d-11b9f92cab45
12acfc45-bdfb-4343-9004-9be15dfd844c,991eb2a8-284a-4290-ae08-f54cf8834706,7953991a-c478-44db-962f-2aa2177f945d,->,12acfc45-bdfb-4343-9004-9be15dfd844c,server/model/players/Client.java,getX
12acfc45-bdfb-4343-9004-9be15dfd844c,991eb2a8-284a-4290-ae08-f54cf8834706,7953991a-c478-44db-962f-2aa2177f945d,->,12acfc45-bdfb-4343-9004-9be15dfd844c,server/model/players/Client.java,getY
12acfc45-bdfb-4343-9004-9be15dfd844c,991eb2a8-284a-4290-ae08-f54cf8834706,7953991a-c478-44db-962f-2aa2177f945d,->,12acfc45-bdfb-4343-9004-9be15dfd844c,991eb2a8-284a-4290-ae08-f54cf8834706,976e1533-f57c-441a-800d-11b9f92cab45
12acfc45-bdfb-4343-9004-9be15dfd844c,991eb2a8-284a-4290-ae08-f54cf8834706,7953991a-c478-44db-962f-2aa2177f945d,->,12acfc45-bdfb-4343-9004-9be15dfd844c,server/model/players/Client.java,getX
12acfc45-bdfb-4343-9004-9be15dfd844c,991eb2a8-284a-4290-ae08-f54cf8834706,7953991a-c478-44db-962f-2aa2177f945d,->,12acfc45-bdfb-4343-9004-9be15dfd844c,server/model/players/Client.java,getY
12acfc45-bdfb-4343-9004-9be15dfd844c,991eb2a8-284a-4290-ae08-f54cf8834706,7953991a-c478-44db-962f-2aa2177f945d,->,12acfc45-bdfb-4343-9004-9be15dfd844c,991eb2a8-284a-4290-ae08-f54cf8834706,976e1533-f57c-441a-800d-11b9f92cab45
12acfc45-bdfb-4343-9004-9be15dfd844c,991eb2a8-284a-4290-ae08-f54cf8834706,7953991a-c478-44db-962f-2aa2177f945d,->,12acfc45-bdfb-4343-9004-9be15dfd844c,server/model/players/Client.java,getX
12acfc45-bdfb-4343-9004-9be15dfd844c,991eb2a8-284a-4290-ae08-f54cf8834706,7953991a-c478-44db-962f-2aa2177f945d,->,12acfc45-bdfb-4343-9004-9be15dfd844c,server/model/players/Client.java,getY
12acfc45-bdfb-4343-9004-9be15dfd844c,991eb2a8-284a-4290-ae08-f54cf8834706,7953991a-c478-44db-962f-2aa2177f945d,->,12acfc45-bdfb-4343-9004-9be15dfd844c,991eb2a8-284a-4290-ae08-f54cf8834706,976e1533-f57c-441a-800d-11b9f92cab45
12acfc45-bdfb-4343-9004-9be15dfd844c,991eb2a8-284a-4290-ae08-f54cf8834706,7953991a-c478-44db-962f-2aa2177f945d,->,12acfc45-bdfb-4343-9004-9be15dfd844c,server/model/players/Client.java,getX
12acfc45-bdfb-4343-9004-9be15dfd844c,991eb2a8-284a-4290-ae08-f54cf8834706,7953991a-c478-44db-962f-2aa2177f945d,->,12acfc45-bdfb-4343-9004-9be15dfd844c,server/model/players/Client.java,getY
12acfc45-bdfb-4343-9004-9be15dfd844c,991eb2a8-284a-4290-ae08-f54cf8834706,7953991a-c478-44db-962f-2aa2177f945d,->,12acfc45-bdfb-4343-9004-9be15dfd844c,991eb2a8-284a-4290-ae08-f54cf8834706,976e1533-f57c-441a-800d-11b9f92cab45
12acfc45-bdfb-4343-9004-9be15dfd844c,991eb2a8-284a-4290-ae08-f54cf8834706,7953991a-c478-44db-962f-2aa2177f945d,->,12acfc45-bdfb-4343-9004-9be15dfd844c,server/model/players/Client.java,getX
12acfc45-bdfb-4343-9004-9be15dfd844c,991eb2a8-284a-4290-ae08-f54cf8834706,7953991a-c478-44db-962f-2aa2177f945d,->,12acfc45-bdfb-4343-9004-9be15dfd844c,server/model/players/Client.java,getY
12acfc45-bdfb-4343-9004-9be15dfd844c,991eb2a8-284a-4290-ae08-f54cf8834706,7953991a-c478-44db-962f-2aa2177f945d,->,12acfc45-bdfb-4343-9004-9be15dfd844c,991eb2a8-284a-4290-ae08-f54cf8834706,976e1533-f57c-441a-800d-11b9f92cab45
12acfc45-bdfb-4343-9004-9be15dfd844c,991eb2a8-284a-4290-ae08-f54cf8834706,7953991a-c478-44db-962f-2aa2177f945d,->,12acfc45-bdfb-4343-9004-9be15dfd844c,server/model/players/Client.java,getY
12acfc45-bdfb-4343-9004-9be15dfd844c,991eb2a8-284a-4290-ae08-f54cf8834706,7953991a-c478-44db-962f-2aa2177f945d,->,12acfc45-bdfb-4343-9004-9be15dfd844c,server/model/players/Client.java,getX
12acfc45-bdfb-4343-9004-9be15dfd844c,991eb2a8-284a-4290-ae08-f54cf8834706,7953991a-c478-44db-962f-2aa2177f945d,->,12acfc45-bdfb-4343-9004-9be15dfd844c,991eb2a8-284a-4290-ae08-f54cf8834706,976e1533-f57c-441a-800d-11b9f92cab45
12acfc45-bdfb-4343-9004-9be15dfd844c,991eb2a8-284a-4290-ae08-f54cf8834706,7953991a-c478-44db-962f-2aa2177f945d,->,12acfc45-bdfb-4343-9004-9be15dfd844c,server/model/players/Client.java,getY
12acfc45-bdfb-4343-9004-9be15dfd844c,991eb2a8-284a-4290-ae08-f54cf8834706,7953991a-c478-44db-962f-2aa2177f945d,->,12acfc45-bdfb-4343-9004-9be15dfd844c,server/model/players/Client.java,getX
12acfc45-bdfb-4343-9004-9be15dfd844c,991eb2a8-284a-4290-ae08-f54cf8834706,7953991a-c478-44db-962f-2aa2177f945d,->,12acfc45-bdfb-4343-9004-9be15dfd844c,991eb2a8-284a-4290-ae08-f54cf8834706,976e1533-f57c-441a-800d-11b9f92cab45
12acfc45-bdfb-4343-9004-9be15dfd844c,991eb2a8-284a-4290-ae08-f54cf8834706,7953991a-c478-44db-962f-2aa2177f945d,->,12acfc45-bdfb-4343-9004-9be15dfd844c,server/model/players/Client.java,getX
12acfc45-bdfb-4343-9004-9be15dfd844c,991eb2a8-284a-4290-ae08-f54cf8834706,7953991a-c478-44db-962f-2aa2177f945d,->,12acfc45-bdfb-4343-9004-9be15dfd844c,server/model/players/Client.java,getY
12acfc45-bdfb-4343-9004-9be15dfd844c,991eb2a8-284a-4290-ae08-f54cf8834706,7953991a-c478-44db-962f-2aa2177f945d,->,12acfc45-bdfb-4343-9004-9be15dfd844c,991eb2a8-284a-4290-ae08-f54cf8834706,976e1533-f57c-441a-800d-11b9f92cab45
12acfc45-bdfb-4343-9004-9be15dfd844c,991eb2a8-284a-4290-ae08-f54cf8834706,7953991a-c478-44db-962f-2aa2177f945d,->,12acfc45-bdfb-4343-9004-9be15dfd844c,server/model/players/Client.java,getX
12acfc45-bdfb-4343-9004-9be15dfd844c,991eb2a8-284a-4290-ae08-f54cf8834706,7953991a-c478-44db-962f-2aa2177f945d,->,12acfc45-bdfb-4343-9004-9be15dfd844c,server/model/players/Client.java,getY
12acfc45-bdfb-4343-9004-9be15dfd844c,991eb2a8-284a-4290-ae08-f54cf8834706,7953991a-c478-44db-962f-2aa2177f945d,->,12acfc45-bdfb-4343-9004-9be15dfd844c,991eb2a8-284a-4290-ae08-f54cf8834706,976e1533-f57c-441a-800d-11b9f92cab45
12acfc45-bdfb-4343-9004-9be15dfd844c,991eb2a8-284a-4290-ae08-f54cf8834706,7953991a-c478-44db-962f-2aa2177f945d,->,12acfc45-bdfb-4343-9004-9be15dfd844c,server/model/players/Client.java,getX
12acfc45-bdfb-4343-9004-9be15dfd844c,991eb2a8-284a-4290-ae08-f54cf8834706,7953991a-c478-44db-962f-2aa2177f945d,->,12acfc45-bdfb-4343-9004-9be15dfd844c,server/model/players/Client.java,getY
12acfc45-bdfb-4343-9004-9be15dfd844c,991eb2a8-284a-4290-ae08-f54cf8834706,7953991a-c478-44db-962f-2aa2177f945d,->,12acfc45-bdfb-4343-9004-9be15dfd844c,991eb2a8-284a-4290-ae08-f54cf8834706,976e1533-f57c-441a-800d-11b9f92cab45
12acfc45-bdfb-4343-9004-9be15dfd844c,991eb2a8-284a-4290-ae08-f54cf8834706,7953991a-c478-44db-962f-2aa2177f945d,->,12acfc45-bdfb-4343-9004-9be15dfd844c,server/model/players/Client.java,getX
12acfc45-bdfb-4343-9004-9be15dfd844c,991eb2a8-284a-4290-ae08-f54cf8834706,7953991a-c478-44db-962f-2aa2177f945d,->,12acfc45-bdfb-4343-9004-9be15dfd844c,server/model/players/Client.java,getY
12acfc45-bdfb-4343-9004-9be15dfd844c,991eb2a8-284a-4290-ae08-f54cf8834706,7953991a-c478-44db-962f-2aa2177f945d,->,12acfc45-bdfb-4343-9004-9be15dfd844c,991eb2a8-284a-4290-ae08-f54cf8834706,976e1533-f57c-441a-800d-11b9f92cab45
12acfc45-bdfb-4343-9004-9be15dfd844c,991eb2a8-284a-4290-ae08-f54cf8834706,7953991a-c478-44db-962f-2aa2177f945d,->,12acfc45-bdfb-4343-9004-9be15dfd844c,server/model/players/Client.java,getX
12acfc45-bdfb-4343-9004-9be15dfd844c,991eb2a8-284a-4290-ae08-f54cf8834706,7953991a-c478-44db-962f-2aa2177f945d,->,12acfc45-bdfb-4343-9004-9be15dfd844c,server/model/players/Client.java,getY
12acfc45-bdfb-4343-9004-9be15dfd844c,991eb2a8-284a-4290-ae08-f54cf8834706,7953991a-c478-44db-962f-2aa2177f945d,->,12acfc45-bdfb-4343-9004-9be15dfd844c,991eb2a8-284a-4290-ae08-f54cf8834706,976e1533-f57c-441a-800d-11b9f92cab45
12acfc45-bdfb-4343-9004-9be15dfd844c,991eb2a8-284a-4290-ae08-f54cf8834706,7953991a-c478-44db-962f-2aa2177f945d,->,12acfc45-bdfb-4343-9004-9be15dfd844c,server/model/players/Client.java,getX
12acfc45-bdfb-4343-9004-9be15dfd844c,991eb2a8-284a-4290-ae08-f54cf8834706,7953991a-c478-44db-962f-2aa2177f945d,->,12acfc45-bdfb-4343-9004-9be15dfd844c,server/model/players/Client.java,getY
12acfc45-bdfb-4343-9004-9be15dfd844c,991eb2a8-284a-4290-ae08-f54cf8834706,7953991a-c478-44db-962f-2aa2177f945d,->,12acfc45-bdfb-4343-9004-9be15dfd844c,991eb2a8-284a-4290-ae08-f54cf8834706,976e1533-f57c-441a-800d-11b9f92cab45
12acfc45-bdfb-4343-9004-9be15dfd844c,991eb2a8-284a-4290-ae08-f54cf8834706,7953991a-c478-44db-962f-2aa2177f945d,->,12acfc45-bdfb-4343-9004-9be15dfd844c,server/model/players/Client.java,faceUpdate
12acfc45-bdfb-4343-9004-9be15dfd844c,991eb2a8-284a-4290-ae08-f54cf8834706,52a21904-427e-4263-9554-cc4953ec015f,->,12acfc45-bdfb-4343-9004-9be15dfd844c,5849ef3e-9280-4348-a3c8-451a741eecc1,be4814f2-9691-46f9-8036-ee2d782c6652
12acfc45-bdfb-4343-9004-9be15dfd844c,991eb2a8-284a-4290-ae08-f54cf8834706,52a21904-427e-4263-9554-cc4953ec015f,->,12acfc45-bdfb-4343-9004-9be15dfd844c,5849ef3e-9280-4348-a3c8-451a741eecc1,06abc11f-87f2-4398-ad11-b60bfae4491e
12acfc45-bdfb-4343-9004-9be15dfd844c,991eb2a8-284a-4290-ae08-f54cf8834706,52a21904-427e-4263-9554-cc4953ec015f,->,12acfc45-bdfb-4343-9004-9be15dfd844c,server/model/players/Client.java,getX
12acfc45-bdfb-4343-9004-9be15dfd844c,991eb2a8-284a-4290-ae08-f54cf8834706,52a21904-427e-4263-9554-cc4953ec015f,->,12acfc45-bdfb-4343-9004-9be15dfd844c,server/model/players/Client.java,getY
12acfc45-bdfb-4343-9004-9be15dfd844c,991eb2a8-284a-4290-ae08-f54cf8834706,52a21904-427e-4263-9554-cc4953ec015f,->,12acfc45-bdfb-4343-9004-9be15dfd844c,server/model/players/Client.java,goodDistance
12acfc45-bdfb-4343-9004-9be15dfd844c,991eb2a8-284a-4290-ae08-f54cf8834706,52a21904-427e-4263-9554-cc4953ec015f,->,12acfc45-bdfb-4343-9004-9be15dfd844c,server/model/players/Client.java,getX
12acfc45-bdfb-4343-9004-9be15dfd844c,991eb2a8-284a-4290-ae08-f54cf8834706,52a21904-427e-4263-9554-cc4953ec015f,->,12acfc45-bdfb-4343-9004-9be15dfd844c,server/model/players/Client.java,getY
12acfc45-bdfb-4343-9004-9be15dfd844c,991eb2a8-284a-4290-ae08-f54cf8834706,52a21904-427e-4263-9554-cc4953ec015f,->,12acfc45-bdfb-4343-9004-9be15dfd844c,server/model/players/Client.java,goodDistance
12acfc45-bdfb-4343-9004-9be15dfd844c,991eb2a8-284a-4290-ae08-f54cf8834706,52a21904-427e-4263-9554-cc4953ec015f,->,12acfc45-bdfb-4343-9004-9be15dfd844c,server/model/players/Client.java,getX
12acfc45-bdfb-4343-9004-9be15dfd844c,991eb2a8-284a-4290-ae08-f54cf8834706,52a21904-427e-4263-9554-cc4953ec015f,->,12acfc45-bdfb-4343-9004-9be15dfd844c,server/model/players/Client.java,getY
12acfc45-bdfb-4343-9004-9be15dfd844c,991eb2a8-284a-4290-ae08-f54cf8834706,52a21904-427e-4263-9554-cc4953ec015f,->,12acfc45-bdfb-4343-9004-9be15dfd844c,server/model/players/Client.java,goodDistance
12acfc45-bdfb-4343-9004-9be15dfd844c,991eb2a8-284a-4290-ae08-f54cf8834706,52a21904-427e-4263-9554-cc4953ec015f,->,12acfc45-bdfb-4343-9004-9be15dfd844c,server/model/players/Client.java,getX
12acfc45-bdfb-4343-9004-9be15dfd844c,991eb2a8-284a-4290-ae08-f54cf8834706,52a21904-427e-4263-9554-cc4953ec015f,->,12acfc45-bdfb-4343-9004-9be15dfd844c,server/model/players/Client.java,getY
12acfc45-bdfb-4343-9004-9be15dfd844c,991eb2a8-284a-4290-ae08-f54cf8834706,52a21904-427e-4263-9554-cc4953ec015f,->,12acfc45-bdfb-4343-9004-9be15dfd844c,server/model/players/Client.java,goodDistance
12acfc45-bdfb-4343-9004-9be15dfd844c,991eb2a8-284a-4290-ae08-f54cf8834706,52a21904-427e-4263-9554-cc4953ec015f,->,12acfc45-bdfb-4343-9004-9be15dfd844c,server/model/players/Client.java,getX
12acfc45-bdfb-4343-9004-9be15dfd844c,991eb2a8-284a-4290-ae08-f54cf8834706,52a21904-427e-4263-9554-cc4953ec015f,->,12acfc45-bdfb-4343-9004-9be15dfd844c,server/model/players/Client.java,getY
12acfc45-bdfb-4343-9004-9be15dfd844c,991eb2a8-284a-4290-ae08-f54cf8834706,52a21904-427e-4263-9554-cc4953ec015f,->,12acfc45-bdfb-4343-9004-9be15dfd844c,server/model/players/Client.java,goodDistance
12acfc45-bdfb-4343-9004-9be15dfd844c,991eb2a8-284a-4290-ae08-f54cf8834706,52a21904-427e-4263-9554-cc4953ec015f,->,12acfc45-bdfb-4343-9004-9be15dfd844c,server/model/players/Client.java,getX
12acfc45-bdfb-4343-9004-9be15dfd844c,991eb2a8-284a-4290-ae08-f54cf8834706,52a21904-427e-4263-9554-cc4953ec015f,->,12acfc45-bdfb-4343-9004-9be15dfd844c,server/model/players/Client.java,getY
12acfc45-bdfb-4343-9004-9be15dfd844c,991eb2a8-284a-4290-ae08-f54cf8834706,52a21904-427e-4263-9554-cc4953ec015f,->,12acfc45-bdfb-4343-9004-9be15dfd844c,server/model/players/Client.java,goodDistance
12acfc45-bdfb-4343-9004-9be15dfd844c,991eb2a8-284a-4290-ae08-f54cf8834706,52a21904-427e-4263-9554-cc4953ec015f,->,12acfc45-bdfb-4343-9004-9be15dfd844c,server/model/players/Client.java,getX
12acfc45-bdfb-4343-9004-9be15dfd844c,991eb2a8-284a-4290-ae08-f54cf8834706,52a21904-427e-4263-9554-cc4953ec015f,->,12acfc45-bdfb-4343-9004-9be15dfd844c,server/model/players/Client.java,getY
12acfc45-bdfb-4343-9004-9be15dfd844c,991eb2a8-284a-4290-ae08-f54cf8834706,52a21904-427e-4263-9554-cc4953ec015f,->,12acfc45-bdfb-4343-9004-9be15dfd844c,server/model/players/Client.java,goodDistance
12acfc45-bdfb-4343-9004-9be15dfd844c,991eb2a8-284a-4290-ae08-f54cf8834706,52a21904-427e-4263-9554-cc4953ec015f,->,12acfc45-bdfb-4343-9004-9be15dfd844c,server/model/players/Client.java,getX
12acfc45-bdfb-4343-9004-9be15dfd844c,991eb2a8-284a-4290-ae08-f54cf8834706,52a21904-427e-4263-9554-cc4953ec015f,->,12acfc45-bdfb-4343-9004-9be15dfd844c,server/model/players/Client.java,getY
12acfc45-bdfb-4343-9004-9be15dfd844c,991eb2a8-284a-4290-ae08-f54cf8834706,52a21904-427e-4263-9554-cc4953ec015f,->,12acfc45-bdfb-4343-9004-9be15dfd844c,991eb2a8-284a-4290-ae08-f54cf8834706,d95fb5e7-02ff-454b-a9fb-3f586d5e042a
12acfc45-bdfb-4343-9004-9be15dfd844c,991eb2a8-284a-4290-ae08-f54cf8834706,52a21904-427e-4263-9554-cc4953ec015f,->,12acfc45-bdfb-4343-9004-9be15dfd844c,server/model/players/Client.java,getCombat
12acfc45-bdfb-4343-9004-9be15dfd844c,991eb2a8-284a-4290-ae08-f54cf8834706,52a21904-427e-4263-9554-cc4953ec015f,->,12acfc45-bdfb-4343-9004-9be15dfd844c,server/model/players/CombatAssistant.java,usingHally
12acfc45-bdfb-4343-9004-9be15dfd844c,991eb2a8-284a-4290-ae08-f54cf8834706,52a21904-427e-4263-9554-cc4953ec015f,->,12acfc45-bdfb-4343-9004-9be15dfd844c,server/model/players/Client.java,faceUpdate
12acfc45-bdfb-4343-9004-9be15dfd844c,991eb2a8-284a-4290-ae08-f54cf8834706,52a21904-427e-4263-9554-cc4953ec015f,->,12acfc45-bdfb-4343-9004-9be15dfd844c,2c89cfe4-ed6d-446f-832b-3c203feb3155,12264cea-e176-47b1-b1bb-e3a14dc18d35
12acfc45-bdfb-4343-9004-9be15dfd844c,991eb2a8-284a-4290-ae08-f54cf8834706,52a21904-427e-4263-9554-cc4953ec015f,->,12acfc45-bdfb-4343-9004-9be15dfd844c,991eb2a8-284a-4290-ae08-f54cf8834706,387ef356-3543-428b-bef1-b07e93485a0d
12acfc45-bdfb-4343-9004-9be15dfd844c,991eb2a8-284a-4290-ae08-f54cf8834706,52a21904-427e-4263-9554-cc4953ec015f,->,12acfc45-bdfb-4343-9004-9be15dfd844c,991eb2a8-284a-4290-ae08-f54cf8834706,387ef356-3543-428b-bef1-b07e93485a0d
12acfc45-bdfb-4343-9004-9be15dfd844c,991eb2a8-284a-4290-ae08-f54cf8834706,52a21904-427e-4263-9554-cc4953ec015f,->,12acfc45-bdfb-4343-9004-9be15dfd844c,991eb2a8-284a-4290-ae08-f54cf8834706,387ef356-3543-428b-bef1-b07e93485a0d
12acfc45-bdfb-4343-9004-9be15dfd844c,991eb2a8-284a-4290-ae08-f54cf8834706,52a21904-427e-4263-9554-cc4953ec015f,->,12acfc45-bdfb-4343-9004-9be15dfd844c,991eb2a8-284a-4290-ae08-f54cf8834706,387ef356-3543-428b-bef1-b07e93485a0d
12acfc45-bdfb-4343-9004-9be15dfd844c,991eb2a8-284a-4290-ae08-f54cf8834706,52a21904-427e-4263-9554-cc4953ec015f,->,12acfc45-bdfb-4343-9004-9be15dfd844c,server/model/players/Client.java,getY
12acfc45-bdfb-4343-9004-9be15dfd844c,991eb2a8-284a-4290-ae08-f54cf8834706,52a21904-427e-4263-9554-cc4953ec015f,->,12acfc45-bdfb-4343-9004-9be15dfd844c,server/model/players/Client.java,getX
12acfc45-bdfb-4343-9004-9be15dfd844c,991eb2a8-284a-4290-ae08-f54cf8834706,52a21904-427e-4263-9554-cc4953ec015f,->,12acfc45-bdfb-4343-9004-9be15dfd844c,991eb2a8-284a-4290-ae08-f54cf8834706,976e1533-f57c-441a-800d-11b9f92cab45
12acfc45-bdfb-4343-9004-9be15dfd844c,991eb2a8-284a-4290-ae08-f54cf8834706,52a21904-427e-4263-9554-cc4953ec015f,->,12acfc45-bdfb-4343-9004-9be15dfd844c,server/model/players/Client.java,getY
12acfc45-bdfb-4343-9004-9be15dfd844c,991eb2a8-284a-4290-ae08-f54cf8834706,52a21904-427e-4263-9554-cc4953ec015f,->,12acfc45-bdfb-4343-9004-9be15dfd844c,server/model/players/Client.java,getX
12acfc45-bdfb-4343-9004-9be15dfd844c,991eb2a8-284a-4290-ae08-f54cf8834706,52a21904-427e-4263-9554-cc4953ec015f,->,12acfc45-bdfb-4343-9004-9be15dfd844c,991eb2a8-284a-4290-ae08-f54cf8834706,976e1533-f57c-441a-800d-11b9f92cab45
12acfc45-bdfb-4343-9004-9be15dfd844c,991eb2a8-284a-4290-ae08-f54cf8834706,52a21904-427e-4263-9554-cc4953ec015f,->,12acfc45-bdfb-4343-9004-9be15dfd844c,server/model/players/Client.java,getX
12acfc45-bdfb-4343-9004-9be15dfd844c,991eb2a8-284a-4290-ae08-f54cf8834706,52a21904-427e-4263-9554-cc4953ec015f,->,12acfc45-bdfb-4343-9004-9be15dfd844c,server/model/players/Client.java,getY
12acfc45-bdfb-4343-9004-9be15dfd844c,991eb2a8-284a-4290-ae08-f54cf8834706,52a21904-427e-4263-9554-cc4953ec015f,->,12acfc45-bdfb-4343-9004-9be15dfd844c,991eb2a8-284a-4290-ae08-f54cf8834706,976e1533-f57c-441a-800d-11b9f92cab45
12acfc45-bdfb-4343-9004-9be15dfd844c,991eb2a8-284a-4290-ae08-f54cf8834706,52a21904-427e-4263-9554-cc4953ec015f,->,12acfc45-bdfb-4343-9004-9be15dfd844c,server/model/players/Client.java,getX
12acfc45-bdfb-4343-9004-9be15dfd844c,991eb2a8-284a-4290-ae08-f54cf8834706,52a21904-427e-4263-9554-cc4953ec015f,->,12acfc45-bdfb-4343-9004-9be15dfd844c,server/model/players/Client.java,getY
12acfc45-bdfb-4343-9004-9be15dfd844c,991eb2a8-284a-4290-ae08-f54cf8834706,52a21904-427e-4263-9554-cc4953ec015f,->,12acfc45-bdfb-4343-9004-9be15dfd844c,991eb2a8-284a-4290-ae08-f54cf8834706,976e1533-f57c-441a-800d-11b9f92cab45
12acfc45-bdfb-4343-9004-9be15dfd844c,991eb2a8-284a-4290-ae08-f54cf8834706,52a21904-427e-4263-9554-cc4953ec015f,->,12acfc45-bdfb-4343-9004-9be15dfd844c,server/model/players/Client.java,getX
12acfc45-bdfb-4343-9004-9be15dfd844c,991eb2a8-284a-4290-ae08-f54cf8834706,52a21904-427e-4263-9554-cc4953ec015f,->,12acfc45-bdfb-4343-9004-9be15dfd844c,server/model/players/Client.java,getY
12acfc45-bdfb-4343-9004-9be15dfd844c,991eb2a8-284a-4290-ae08-f54cf8834706,52a21904-427e-4263-9554-cc4953ec015f,->,12acfc45-bdfb-4343-9004-9be15dfd844c,991eb2a8-284a-4290-ae08-f54cf8834706,976e1533-f57c-441a-800d-11b9f92cab45
12acfc45-bdfb-4343-9004-9be15dfd844c,991eb2a8-284a-4290-ae08-f54cf8834706,52a21904-427e-4263-9554-cc4953ec015f,->,12acfc45-bdfb-4343-9004-9be15dfd844c,server/model/players/Client.java,getX
12acfc45-bdfb-4343-9004-9be15dfd844c,991eb2a8-284a-4290-ae08-f54cf8834706,52a21904-427e-4263-9554-cc4953ec015f,->,12acfc45-bdfb-4343-9004-9be15dfd844c,server/model/players/Client.java,getY
12acfc45-bdfb-4343-9004-9be15dfd844c,991eb2a8-284a-4290-ae08-f54cf8834706,52a21904-427e-4263-9554-cc4953ec015f,->,12acfc45-bdfb-4343-9004-9be15dfd844c,991eb2a8-284a-4290-ae08-f54cf8834706,976e1533-f57c-441a-800d-11b9f92cab45
12acfc45-bdfb-4343-9004-9be15dfd844c,991eb2a8-284a-4290-ae08-f54cf8834706,52a21904-427e-4263-9554-cc4953ec015f,->,12acfc45-bdfb-4343-9004-9be15dfd844c,server/model/players/Client.java,getX
12acfc45-bdfb-4343-9004-9be15dfd844c,991eb2a8-284a-4290-ae08-f54cf8834706,52a21904-427e-4263-9554-cc4953ec015f,->,12acfc45-bdfb-4343-9004-9be15dfd844c,server/model/players/Client.java,getY
12acfc45-bdfb-4343-9004-9be15dfd844c,991eb2a8-284a-4290-ae08-f54cf8834706,52a21904-427e-4263-9554-cc4953ec015f,->,12acfc45-bdfb-4343-9004-9be15dfd844c,991eb2a8-284a-4290-ae08-f54cf8834706,976e1533-f57c-441a-800d-11b9f92cab45
12acfc45-bdfb-4343-9004-9be15dfd844c,991eb2a8-284a-4290-ae08-f54cf8834706,52a21904-427e-4263-9554-cc4953ec015f,->,12acfc45-bdfb-4343-9004-9be15dfd844c,server/model/players/Client.java,getX
12acfc45-bdfb-4343-9004-9be15dfd844c,991eb2a8-284a-4290-ae08-f54cf8834706,52a21904-427e-4263-9554-cc4953ec015f,->,12acfc45-bdfb-4343-9004-9be15dfd844c,server/model/players/Client.java,getY
12acfc45-bdfb-4343-9004-9be15dfd844c,991eb2a8-284a-4290-ae08-f54cf8834706,52a21904-427e-4263-9554-cc4953ec015f,->,12acfc45-bdfb-4343-9004-9be15dfd844c,991eb2a8-284a-4290-ae08-f54cf8834706,976e1533-f57c-441a-800d-11b9f92cab45
12acfc45-bdfb-4343-9004-9be15dfd844c,991eb2a8-284a-4290-ae08-f54cf8834706,52a21904-427e-4263-9554-cc4953ec015f,->,12acfc45-bdfb-4343-9004-9be15dfd844c,server/model/players/Client.java,getY
12acfc45-bdfb-4343-9004-9be15dfd844c,991eb2a8-284a-4290-ae08-f54cf8834706,52a21904-427e-4263-9554-cc4953ec015f,->,12acfc45-bdfb-4343-9004-9be15dfd844c,server/model/players/Client.java,getX
12acfc45-bdfb-4343-9004-9be15dfd844c,991eb2a8-284a-4290-ae08-f54cf8834706,52a21904-427e-4263-9554-cc4953ec015f,->,12acfc45-bdfb-4343-9004-9be15dfd844c,991eb2a8-284a-4290-ae08-f54cf8834706,976e1533-f57c-441a-800d-11b9f92cab45
12acfc45-bdfb-4343-9004-9be15dfd844c,991eb2a8-284a-4290-ae08-f54cf8834706,52a21904-427e-4263-9554-cc4953ec015f,->,12acfc45-bdfb-4343-9004-9be15dfd844c,server/model/players/Client.java,getY
12acfc45-bdfb-4343-9004-9be15dfd844c,991eb2a8-284a-4290-ae08-f54cf8834706,52a21904-427e-4263-9554-cc4953ec015f,->,12acfc45-bdfb-4343-9004-9be15dfd844c,server/model/players/Client.java,getX
12acfc45-bdfb-4343-9004-9be15dfd844c,991eb2a8-284a-4290-ae08-f54cf8834706,52a21904-427e-4263-9554-cc4953ec015f,->,12acfc45-bdfb-4343-9004-9be15dfd844c,991eb2a8-284a-4290-ae08-f54cf8834706,976e1533-f57c-441a-800d-11b9f92cab45
12acfc45-bdfb-4343-9004-9be15dfd844c,991eb2a8-284a-4290-ae08-f54cf8834706,52a21904-427e-4263-9554-cc4953ec015f,->,12acfc45-bdfb-4343-9004-9be15dfd844c,server/model/players/Client.java,getX
12acfc45-bdfb-4343-9004-9be15dfd844c,991eb2a8-284a-4290-ae08-f54cf8834706,52a21904-427e-4263-9554-cc4953ec015f,->,12acfc45-bdfb-4343-9004-9be15dfd844c,server/model/players/Client.java,getY
12acfc45-bdfb-4343-9004-9be15dfd844c,991eb2a8-284a-4290-ae08-f54cf8834706,52a21904-427e-4263-9554-cc4953ec015f,->,12acfc45-bdfb-4343-9004-9be15dfd844c,991eb2a8-284a-4290-ae08-f54cf8834706,976e1533-f57c-441a-800d-11b9f92cab45
12acfc45-bdfb-4343-9004-9be15dfd844c,991eb2a8-284a-4290-ae08-f54cf8834706,52a21904-427e-4263-9554-cc4953ec015f,->,12acfc45-bdfb-4343-9004-9be15dfd844c,server/model/players/Client.java,getX
12acfc45-bdfb-4343-9004-9be15dfd844c,991eb2a8-284a-4290-ae08-f54cf8834706,52a21904-427e-4263-9554-cc4953ec015f,->,12acfc45-bdfb-4343-9004-9be15dfd844c,server/model/players/Client.java,getY
12acfc45-bdfb-4343-9004-9be15dfd844c,991eb2a8-284a-4290-ae08-f54cf8834706,52a21904-427e-4263-9554-cc4953ec015f,->,12acfc45-bdfb-4343-9004-9be15dfd844c,991eb2a8-284a-4290-ae08-f54cf8834706,976e1533-f57c-441a-800d-11b9f92cab45
12acfc45-bdfb-4343-9004-9be15dfd844c,991eb2a8-284a-4290-ae08-f54cf8834706,52a21904-427e-4263-9554-cc4953ec015f,->,12acfc45-bdfb-4343-9004-9be15dfd844c,server/model/players/Client.java,getX
12acfc45-bdfb-4343-9004-9be15dfd844c,991eb2a8-284a-4290-ae08-f54cf8834706,52a21904-427e-4263-9554-cc4953ec015f,->,12acfc45-bdfb-4343-9004-9be15dfd844c,server/model/players/Client.java,getY
12acfc45-bdfb-4343-9004-9be15dfd844c,991eb2a8-284a-4290-ae08-f54cf8834706,52a21904-427e-4263-9554-cc4953ec015f,->,12acfc45-bdfb-4343-9004-9be15dfd844c,991eb2a8-284a-4290-ae08-f54cf8834706,976e1533-f57c-441a-800d-11b9f92cab45
12acfc45-bdfb-4343-9004-9be15dfd844c,991eb2a8-284a-4290-ae08-f54cf8834706,52a21904-427e-4263-9554-cc4953ec015f,->,12acfc45-bdfb-4343-9004-9be15dfd844c,server/model/players/Client.java,getX
12acfc45-bdfb-4343-9004-9be15dfd844c,991eb2a8-284a-4290-ae08-f54cf8834706,52a21904-427e-4263-9554-cc4953ec015f,->,12acfc45-bdfb-4343-9004-9be15dfd844c,server/model/players/Client.java,getY
12acfc45-bdfb-4343-9004-9be15dfd844c,991eb2a8-284a-4290-ae08-f54cf8834706,52a21904-427e-4263-9554-cc4953ec015f,->,12acfc45-bdfb-4343-9004-9be15dfd844c,991eb2a8-284a-4290-ae08-f54cf8834706,976e1533-f57c-441a-800d-11b9f92cab45
12acfc45-bdfb-4343-9004-9be15dfd844c,991eb2a8-284a-4290-ae08-f54cf8834706,52a21904-427e-4263-9554-cc4953ec015f,->,12acfc45-bdfb-4343-9004-9be15dfd844c,server/model/players/Client.java,getX
12acfc45-bdfb-4343-9004-9be15dfd844c,991eb2a8-284a-4290-ae08-f54cf8834706,52a21904-427e-4263-9554-cc4953ec015f,->,12acfc45-bdfb-4343-9004-9be15dfd844c,server/model/players/Client.java,getY
12acfc45-bdfb-4343-9004-9be15dfd844c,991eb2a8-284a-4290-ae08-f54cf8834706,52a21904-427e-4263-9554-cc4953ec015f,->,12acfc45-bdfb-4343-9004-9be15dfd844c,991eb2a8-284a-4290-ae08-f54cf8834706,976e1533-f57c-441a-800d-11b9f92cab45
12acfc45-bdfb-4343-9004-9be15dfd844c,991eb2a8-284a-4290-ae08-f54cf8834706,52a21904-427e-4263-9554-cc4953ec015f,->,12acfc45-bdfb-4343-9004-9be15dfd844c,server/model/players/Client.java,getX
12acfc45-bdfb-4343-9004-9be15dfd844c,991eb2a8-284a-4290-ae08-f54cf8834706,52a21904-427e-4263-9554-cc4953ec015f,->,12acfc45-bdfb-4343-9004-9be15dfd844c,server/model/players/Client.java,getY
12acfc45-bdfb-4343-9004-9be15dfd844c,991eb2a8-284a-4290-ae08-f54cf8834706,52a21904-427e-4263-9554-cc4953ec015f,->,12acfc45-bdfb-4343-9004-9be15dfd844c,991eb2a8-284a-4290-ae08-f54cf8834706,976e1533-f57c-441a-800d-11b9f92cab45
12acfc45-bdfb-4343-9004-9be15dfd844c,991eb2a8-284a-4290-ae08-f54cf8834706,52a21904-427e-4263-9554-cc4953ec015f,->,12acfc45-bdfb-4343-9004-9be15dfd844c,server/model/players/Client.java,faceUpdate
12acfc45-bdfb-4343-9004-9be15dfd844c,991eb2a8-284a-4290-ae08-f54cf8834706,2d5da437-a0c9-45c9-be45-84c29062663c,->,12acfc45-bdfb-4343-9004-9be15dfd844c,991eb2a8-284a-4290-ae08-f54cf8834706,609517a1-3a8b-4bd9-8623-3cae47c33a17
12acfc45-bdfb-4343-9004-9be15dfd844c,991eb2a8-284a-4290-ae08-f54cf8834706,2d5da437-a0c9-45c9-be45-84c29062663c,->,12acfc45-bdfb-4343-9004-9be15dfd844c,991eb2a8-284a-4290-ae08-f54cf8834706,609517a1-3a8b-4bd9-8623-3cae47c33a17
12acfc45-bdfb-4343-9004-9be15dfd844c,991eb2a8-284a-4290-ae08-f54cf8834706,2d5da437-a0c9-45c9-be45-84c29062663c,->,12acfc45-bdfb-4343-9004-9be15dfd844c,991eb2a8-284a-4290-ae08-f54cf8834706,fbacd858-15ac-4dfb-b5c1-9851ae733165
12acfc45-bdfb-4343-9004-9be15dfd844c,991eb2a8-284a-4290-ae08-f54cf8834706,f734ec4c-f6ff-48ef-9a62-43e360d115c7,->,12acfc45-bdfb-4343-9004-9be15dfd844c,server/util/Stream.java,createFrame
12acfc45-bdfb-4343-9004-9be15dfd844c,991eb2a8-284a-4290-ae08-f54cf8834706,f734ec4c-f6ff-48ef-9a62-43e360d115c7,->,12acfc45-bdfb-4343-9004-9be15dfd844c,server/util/Stream.java,writeWord
12acfc45-bdfb-4343-9004-9be15dfd844c,991eb2a8-284a-4290-ae08-f54cf8834706,f734ec4c-f6ff-48ef-9a62-43e360d115c7,->,12acfc45-bdfb-4343-9004-9be15dfd844c,server/util/Stream.java,writeByte
12acfc45-bdfb-4343-9004-9be15dfd844c,991eb2a8-284a-4290-ae08-f54cf8834706,f734ec4c-f6ff-48ef-9a62-43e360d115c7,->,12acfc45-bdfb-4343-9004-9be15dfd844c,server/util/Stream.java,writeWord
12acfc45-bdfb-4343-9004-9be15dfd844c,991eb2a8-284a-4290-ae08-f54cf8834706,387ef356-3543-428b-bef1-b07e93485a0d,->,12acfc45-bdfb-4343-9004-9be15dfd844c,server/model/players/Client.java,getX
12acfc45-bdfb-4343-9004-9be15dfd844c,991eb2a8-284a-4290-ae08-f54cf8834706,387ef356-3543-428b-bef1-b07e93485a0d,->,12acfc45-bdfb-4343-9004-9be15dfd844c,server/model/players/Client.java,getNewWalkCmdX
12acfc45-bdfb-4343-9004-9be15dfd844c,991eb2a8-284a-4290-ae08-f54cf8834706,387ef356-3543-428b-bef1-b07e93485a0d,->,12acfc45-bdfb-4343-9004-9be15dfd844c,server/model/players/Client.java,getNewWalkCmdY
12acfc45-bdfb-4343-9004-9be15dfd844c,991eb2a8-284a-4290-ae08-f54cf8834706,387ef356-3543-428b-bef1-b07e93485a0d,->,12acfc45-bdfb-4343-9004-9be15dfd844c,server/model/players/Client.java,getY
12acfc45-bdfb-4343-9004-9be15dfd844c,991eb2a8-284a-4290-ae08-f54cf8834706,387ef356-3543-428b-bef1-b07e93485a0d,->,12acfc45-bdfb-4343-9004-9be15dfd844c,server/model/players/Client.java,getNewWalkCmdX
12acfc45-bdfb-4343-9004-9be15dfd844c,991eb2a8-284a-4290-ae08-f54cf8834706,387ef356-3543-428b-bef1-b07e93485a0d,->,12acfc45-bdfb-4343-9004-9be15dfd844c,server/model/players/Client.java,getNewWalkCmdY
12acfc45-bdfb-4343-9004-9be15dfd844c,991eb2a8-284a-4290-ae08-f54cf8834706,bfaef300-309e-4939-b77b-f5f6a4cb124a,->,12acfc45-bdfb-4343-9004-9be15dfd844c,server/model/players/Client.java,getX
12acfc45-bdfb-4343-9004-9be15dfd844c,991eb2a8-284a-4290-ae08-f54cf8834706,bfaef300-309e-4939-b77b-f5f6a4cb124a,->,12acfc45-bdfb-4343-9004-9be15dfd844c,server/model/players/Client.java,getNewWalkCmdX
12acfc45-bdfb-4343-9004-9be15dfd844c,991eb2a8-284a-4290-ae08-f54cf8834706,bfaef300-309e-4939-b77b-f5f6a4cb124a,->,12acfc45-bdfb-4343-9004-9be15dfd844c,server/model/players/Client.java,getNewWalkCmdY
12acfc45-bdfb-4343-9004-9be15dfd844c,991eb2a8-284a-4290-ae08-f54cf8834706,bfaef300-309e-4939-b77b-f5f6a4cb124a,->,12acfc45-bdfb-4343-9004-9be15dfd844c,server/model/players/Client.java,getY
12acfc45-bdfb-4343-9004-9be15dfd844c,991eb2a8-284a-4290-ae08-f54cf8834706,bfaef300-309e-4939-b77b-f5f6a4cb124a,->,12acfc45-bdfb-4343-9004-9be15dfd844c,server/model/players/Client.java,getNewWalkCmdX
12acfc45-bdfb-4343-9004-9be15dfd844c,991eb2a8-284a-4290-ae08-f54cf8834706,bfaef300-309e-4939-b77b-f5f6a4cb124a,->,12acfc45-bdfb-4343-9004-9be15dfd844c,server/model/players/Client.java,getNewWalkCmdY
12acfc45-bdfb-4343-9004-9be15dfd844c,991eb2a8-284a-4290-ae08-f54cf8834706,d95fb5e7-02ff-454b-a9fb-3f586d5e042a,->,12acfc45-bdfb-4343-9004-9be15dfd844c,server/model/players/Client.java,getX
12acfc45-bdfb-4343-9004-9be15dfd844c,991eb2a8-284a-4290-ae08-f54cf8834706,d95fb5e7-02ff-454b-a9fb-3f586d5e042a,->,12acfc45-bdfb-4343-9004-9be15dfd844c,server/model/players/Client.java,getY
12acfc45-bdfb-4343-9004-9be15dfd844c,991eb2a8-284a-4290-ae08-f54cf8834706,d95fb5e7-02ff-454b-a9fb-3f586d5e042a,->,12acfc45-bdfb-4343-9004-9be15dfd844c,server/model/players/Client.java,getX
12acfc45-bdfb-4343-9004-9be15dfd844c,991eb2a8-284a-4290-ae08-f54cf8834706,d95fb5e7-02ff-454b-a9fb-3f586d5e042a,->,12acfc45-bdfb-4343-9004-9be15dfd844c,server/model/players/Client.java,getNewWalkCmdX
12acfc45-bdfb-4343-9004-9be15dfd844c,991eb2a8-284a-4290-ae08-f54cf8834706,d95fb5e7-02ff-454b-a9fb-3f586d5e042a,->,12acfc45-bdfb-4343-9004-9be15dfd844c,server/model/players/Client.java,getNewWalkCmdY
12acfc45-bdfb-4343-9004-9be15dfd844c,991eb2a8-284a-4290-ae08-f54cf8834706,d95fb5e7-02ff-454b-a9fb-3f586d5e042a,->,12acfc45-bdfb-4343-9004-9be15dfd844c,server/model/players/Client.java,getY
12acfc45-bdfb-4343-9004-9be15dfd844c,991eb2a8-284a-4290-ae08-f54cf8834706,d95fb5e7-02ff-454b-a9fb-3f586d5e042a,->,12acfc45-bdfb-4343-9004-9be15dfd844c,server/model/players/Client.java,getNewWalkCmdX
12acfc45-bdfb-4343-9004-9be15dfd844c,991eb2a8-284a-4290-ae08-f54cf8834706,d95fb5e7-02ff-454b-a9fb-3f586d5e042a,->,12acfc45-bdfb-4343-9004-9be15dfd844c,server/model/players/Client.java,getNewWalkCmdY
12acfc45-bdfb-4343-9004-9be15dfd844c,991eb2a8-284a-4290-ae08-f54cf8834706,77381334-8f45-4de6-ad2a-e065aa1be8ca,->,12acfc45-bdfb-4343-9004-9be15dfd844c,server/model/players/Client.java,getX
12acfc45-bdfb-4343-9004-9be15dfd844c,991eb2a8-284a-4290-ae08-f54cf8834706,77381334-8f45-4de6-ad2a-e065aa1be8ca,->,12acfc45-bdfb-4343-9004-9be15dfd844c,server/model/players/Client.java,getNewWalkCmdX
12acfc45-bdfb-4343-9004-9be15dfd844c,991eb2a8-284a-4290-ae08-f54cf8834706,77381334-8f45-4de6-ad2a-e065aa1be8ca,->,12acfc45-bdfb-4343-9004-9be15dfd844c,server/model/players/Client.java,getNewWalkCmdY
12acfc45-bdfb-4343-9004-9be15dfd844c,991eb2a8-284a-4290-ae08-f54cf8834706,77381334-8f45-4de6-ad2a-e065aa1be8ca,->,12acfc45-bdfb-4343-9004-9be15dfd844c,server/model/players/Client.java,getY
12acfc45-bdfb-4343-9004-9be15dfd844c,991eb2a8-284a-4290-ae08-f54cf8834706,77381334-8f45-4de6-ad2a-e065aa1be8ca,->,12acfc45-bdfb-4343-9004-9be15dfd844c,server/model/players/Client.java,getNewWalkCmdX
12acfc45-bdfb-4343-9004-9be15dfd844c,991eb2a8-284a-4290-ae08-f54cf8834706,77381334-8f45-4de6-ad2a-e065aa1be8ca,->,12acfc45-bdfb-4343-9004-9be15dfd844c,server/model/players/Client.java,getNewWalkCmdY
12acfc45-bdfb-4343-9004-9be15dfd844c,991eb2a8-284a-4290-ae08-f54cf8834706,35e0fbf3-1464-4969-8fbe-aadf4de7e3ac,->,12acfc45-bdfb-4343-9004-9be15dfd844c,java/lang/System.java,currentTimeMillis
12acfc45-bdfb-4343-9004-9be15dfd844c,991eb2a8-284a-4290-ae08-f54cf8834706,145b88a3-07a2-4394-b730-e4d58aafd829,->,12acfc45-bdfb-4343-9004-9be15dfd844c,server/model/players/Client.java,getCombat
12acfc45-bdfb-4343-9004-9be15dfd844c,991eb2a8-284a-4290-ae08-f54cf8834706,145b88a3-07a2-4394-b730-e4d58aafd829,->,12acfc45-bdfb-4343-9004-9be15dfd844c,server/model/players/Client.java,getItems
12acfc45-bdfb-4343-9004-9be15dfd844c,991eb2a8-284a-4290-ae08-f54cf8834706,145b88a3-07a2-4394-b730-e4d58aafd829,->,12acfc45-bdfb-4343-9004-9be15dfd844c,server/model/items/ItemAssistant.java,getItemName
12acfc45-bdfb-4343-9004-9be15dfd844c,991eb2a8-284a-4290-ae08-f54cf8834706,145b88a3-07a2-4394-b730-e4d58aafd829,->,12acfc45-bdfb-4343-9004-9be15dfd844c,java/lang/String.java,toLowerCase
12acfc45-bdfb-4343-9004-9be15dfd844c,991eb2a8-284a-4290-ae08-f54cf8834706,145b88a3-07a2-4394-b730-e4d58aafd829,->,12acfc45-bdfb-4343-9004-9be15dfd844c,server/model/players/CombatAssistant.java,getPlayerAnimIndex
12acfc45-bdfb-4343-9004-9be15dfd844c,991eb2a8-284a-4290-ae08-f54cf8834706,145b88a3-07a2-4394-b730-e4d58aafd829,->,12acfc45-bdfb-4343-9004-9be15dfd844c,server/model/players/Client.java,startAnimation
12acfc45-bdfb-4343-9004-9be15dfd844c,991eb2a8-284a-4290-ae08-f54cf8834706,145b88a3-07a2-4394-b730-e4d58aafd829,->,12acfc45-bdfb-4343-9004-9be15dfd844c,991eb2a8-284a-4290-ae08-f54cf8834706,f59ca130-d149-43aa-b537-369a4987d63b
12acfc45-bdfb-4343-9004-9be15dfd844c,991eb2a8-284a-4290-ae08-f54cf8834706,f59ca130-d149-43aa-b537-369a4987d63b,->,12acfc45-bdfb-4343-9004-9be15dfd844c,server/model/players/Client.java,setAppearanceUpdateRequired
12acfc45-bdfb-4343-9004-9be15dfd844c,991eb2a8-284a-4290-ae08-f54cf8834706,6c02f266-4b20-4dc8-9cb2-cdf1f58964e9,->,12acfc45-bdfb-4343-9004-9be15dfd844c,server/model/players/Client.java,getItems
12acfc45-bdfb-4343-9004-9be15dfd844c,991eb2a8-284a-4290-ae08-f54cf8834706,6c02f266-4b20-4dc8-9cb2-cdf1f58964e9,->,12acfc45-bdfb-4343-9004-9be15dfd844c,server/model/items/ItemAssistant.java,playerHasItem
12acfc45-bdfb-4343-9004-9be15dfd844c,991eb2a8-284a-4290-ae08-f54cf8834706,6c02f266-4b20-4dc8-9cb2-cdf1f58964e9,->,12acfc45-bdfb-4343-9004-9be15dfd844c,server/model/players/Client.java,getItems
12acfc45-bdfb-4343-9004-9be15dfd844c,991eb2a8-284a-4290-ae08-f54cf8834706,6c02f266-4b20-4dc8-9cb2-cdf1f58964e9,->,12acfc45-bdfb-4343-9004-9be15dfd844c,server/model/items/ItemAssistant.java,addItem
12acfc45-bdfb-4343-9004-9be15dfd844c,991eb2a8-284a-4290-ae08-f54cf8834706,9c7a5055-c36c-4881-8a1c-55d348f3b2cd,->,12acfc45-bdfb-4343-9004-9be15dfd844c,991eb2a8-284a-4290-ae08-f54cf8834706,26ef4ae0-57cb-4083-a56f-eaf4b81cb1ad
12acfc45-bdfb-4343-9004-9be15dfd844c,991eb2a8-284a-4290-ae08-f54cf8834706,9c7a5055-c36c-4881-8a1c-55d348f3b2cd,->,12acfc45-bdfb-4343-9004-9be15dfd844c,991eb2a8-284a-4290-ae08-f54cf8834706,26ef4ae0-57cb-4083-a56f-eaf4b81cb1ad
12acfc45-bdfb-4343-9004-9be15dfd844c,991eb2a8-284a-4290-ae08-f54cf8834706,9c7a5055-c36c-4881-8a1c-55d348f3b2cd,->,12acfc45-bdfb-4343-9004-9be15dfd844c,991eb2a8-284a-4290-ae08-f54cf8834706,26ef4ae0-57cb-4083-a56f-eaf4b81cb1ad
12acfc45-bdfb-4343-9004-9be15dfd844c,991eb2a8-284a-4290-ae08-f54cf8834706,9c7a5055-c36c-4881-8a1c-55d348f3b2cd,->,12acfc45-bdfb-4343-9004-9be15dfd844c,991eb2a8-284a-4290-ae08-f54cf8834706,26ef4ae0-57cb-4083-a56f-eaf4b81cb1ad
12acfc45-bdfb-4343-9004-9be15dfd844c,991eb2a8-284a-4290-ae08-f54cf8834706,9c7a5055-c36c-4881-8a1c-55d348f3b2cd,->,12acfc45-bdfb-4343-9004-9be15dfd844c,991eb2a8-284a-4290-ae08-f54cf8834706,26ef4ae0-57cb-4083-a56f-eaf4b81cb1ad
12acfc45-bdfb-4343-9004-9be15dfd844c,991eb2a8-284a-4290-ae08-f54cf8834706,9c7a5055-c36c-4881-8a1c-55d348f3b2cd,->,12acfc45-bdfb-4343-9004-9be15dfd844c,991eb2a8-284a-4290-ae08-f54cf8834706,26ef4ae0-57cb-4083-a56f-eaf4b81cb1ad
12acfc45-bdfb-4343-9004-9be15dfd844c,991eb2a8-284a-4290-ae08-f54cf8834706,9c7a5055-c36c-4881-8a1c-55d348f3b2cd,->,12acfc45-bdfb-4343-9004-9be15dfd844c,991eb2a8-284a-4290-ae08-f54cf8834706,26ef4ae0-57cb-4083-a56f-eaf4b81cb1ad
12acfc45-bdfb-4343-9004-9be15dfd844c,991eb2a8-284a-4290-ae08-f54cf8834706,9c7a5055-c36c-4881-8a1c-55d348f3b2cd,->,12acfc45-bdfb-4343-9004-9be15dfd844c,991eb2a8-284a-4290-ae08-f54cf8834706,26ef4ae0-57cb-4083-a56f-eaf4b81cb1ad
12acfc45-bdfb-4343-9004-9be15dfd844c,991eb2a8-284a-4290-ae08-f54cf8834706,9c7a5055-c36c-4881-8a1c-55d348f3b2cd,->,12acfc45-bdfb-4343-9004-9be15dfd844c,991eb2a8-284a-4290-ae08-f54cf8834706,26ef4ae0-57cb-4083-a56f-eaf4b81cb1ad
12acfc45-bdfb-4343-9004-9be15dfd844c,991eb2a8-284a-4290-ae08-f54cf8834706,9c7a5055-c36c-4881-8a1c-55d348f3b2cd,->,12acfc45-bdfb-4343-9004-9be15dfd844c,991eb2a8-284a-4290-ae08-f54cf8834706,26ef4ae0-57cb-4083-a56f-eaf4b81cb1ad
12acfc45-bdfb-4343-9004-9be15dfd844c,991eb2a8-284a-4290-ae08-f54cf8834706,9c7a5055-c36c-4881-8a1c-55d348f3b2cd,->,12acfc45-bdfb-4343-9004-9be15dfd844c,991eb2a8-284a-4290-ae08-f54cf8834706,26ef4ae0-57cb-4083-a56f-eaf4b81cb1ad
12acfc45-bdfb-4343-9004-9be15dfd844c,991eb2a8-284a-4290-ae08-f54cf8834706,9c7a5055-c36c-4881-8a1c-55d348f3b2cd,->,12acfc45-bdfb-4343-9004-9be15dfd844c,991eb2a8-284a-4290-ae08-f54cf8834706,26ef4ae0-57cb-4083-a56f-eaf4b81cb1ad
12acfc45-bdfb-4343-9004-9be15dfd844c,991eb2a8-284a-4290-ae08-f54cf8834706,9c7a5055-c36c-4881-8a1c-55d348f3b2cd,->,12acfc45-bdfb-4343-9004-9be15dfd844c,991eb2a8-284a-4290-ae08-f54cf8834706,26ef4ae0-57cb-4083-a56f-eaf4b81cb1ad
12acfc45-bdfb-4343-9004-9be15dfd844c,991eb2a8-284a-4290-ae08-f54cf8834706,9c7a5055-c36c-4881-8a1c-55d348f3b2cd,->,12acfc45-bdfb-4343-9004-9be15dfd844c,991eb2a8-284a-4290-ae08-f54cf8834706,26ef4ae0-57cb-4083-a56f-eaf4b81cb1ad
12acfc45-bdfb-4343-9004-9be15dfd844c,991eb2a8-284a-4290-ae08-f54cf8834706,9c7a5055-c36c-4881-8a1c-55d348f3b2cd,->,12acfc45-bdfb-4343-9004-9be15dfd844c,991eb2a8-284a-4290-ae08-f54cf8834706,26ef4ae0-57cb-4083-a56f-eaf4b81cb1ad
12acfc45-bdfb-4343-9004-9be15dfd844c,991eb2a8-284a-4290-ae08-f54cf8834706,9c7a5055-c36c-4881-8a1c-55d348f3b2cd,->,12acfc45-bdfb-4343-9004-9be15dfd844c,991eb2a8-284a-4290-ae08-f54cf8834706,26ef4ae0-57cb-4083-a56f-eaf4b81cb1ad
12acfc45-bdfb-4343-9004-9be15dfd844c,991eb2a8-284a-4290-ae08-f54cf8834706,9c7a5055-c36c-4881-8a1c-55d348f3b2cd,->,12acfc45-bdfb-4343-9004-9be15dfd844c,991eb2a8-284a-4290-ae08-f54cf8834706,26ef4ae0-57cb-4083-a56f-eaf4b81cb1ad
12acfc45-bdfb-4343-9004-9be15dfd844c,991eb2a8-284a-4290-ae08-f54cf8834706,9c7a5055-c36c-4881-8a1c-55d348f3b2cd,->,12acfc45-bdfb-4343-9004-9be15dfd844c,991eb2a8-284a-4290-ae08-f54cf8834706,26ef4ae0-57cb-4083-a56f-eaf4b81cb1ad
12acfc45-bdfb-4343-9004-9be15dfd844c,991eb2a8-284a-4290-ae08-f54cf8834706,9c7a5055-c36c-4881-8a1c-55d348f3b2cd,->,12acfc45-bdfb-4343-9004-9be15dfd844c,991eb2a8-284a-4290-ae08-f54cf8834706,26ef4ae0-57cb-4083-a56f-eaf4b81cb1ad
12acfc45-bdfb-4343-9004-9be15dfd844c,991eb2a8-284a-4290-ae08-f54cf8834706,9c7a5055-c36c-4881-8a1c-55d348f3b2cd,->,12acfc45-bdfb-4343-9004-9be15dfd844c,991eb2a8-284a-4290-ae08-f54cf8834706,26ef4ae0-57cb-4083-a56f-eaf4b81cb1ad
12acfc45-bdfb-4343-9004-9be15dfd844c,991eb2a8-284a-4290-ae08-f54cf8834706,9c7a5055-c36c-4881-8a1c-55d348f3b2cd,->,12acfc45-bdfb-4343-9004-9be15dfd844c,991eb2a8-284a-4290-ae08-f54cf8834706,26ef4ae0-57cb-4083-a56f-eaf4b81cb1ad
12acfc45-bdfb-4343-9004-9be15dfd844c,991eb2a8-284a-4290-ae08-f54cf8834706,9c7a5055-c36c-4881-8a1c-55d348f3b2cd,->,12acfc45-bdfb-4343-9004-9be15dfd844c,java/lang/StringBuilder.java,append
12acfc45-bdfb-4343-9004-9be15dfd844c,991eb2a8-284a-4290-ae08-f54cf8834706,9c7a5055-c36c-4881-8a1c-55d348f3b2cd,->,12acfc45-bdfb-4343-9004-9be15dfd844c,java/lang/StringBuilder.java,append
12acfc45-bdfb-4343-9004-9be15dfd844c,991eb2a8-284a-4290-ae08-f54cf8834706,9c7a5055-c36c-4881-8a1c-55d348f3b2cd,->,12acfc45-bdfb-4343-9004-9be15dfd844c,java/lang/StringBuilder.java,toString
12acfc45-bdfb-4343-9004-9be15dfd844c,991eb2a8-284a-4290-ae08-f54cf8834706,9c7a5055-c36c-4881-8a1c-55d348f3b2cd,->,12acfc45-bdfb-4343-9004-9be15dfd844c,991eb2a8-284a-4290-ae08-f54cf8834706,609517a1-3a8b-4bd9-8623-3cae47c33a17
12acfc45-bdfb-4343-9004-9be15dfd844c,991eb2a8-284a-4290-ae08-f54cf8834706,9c7a5055-c36c-4881-8a1c-55d348f3b2cd,->,12acfc45-bdfb-4343-9004-9be15dfd844c,991eb2a8-284a-4290-ae08-f54cf8834706,609517a1-3a8b-4bd9-8623-3cae47c33a17
12acfc45-bdfb-4343-9004-9be15dfd844c,991eb2a8-284a-4290-ae08-f54cf8834706,9c7a5055-c36c-4881-8a1c-55d348f3b2cd,->,12acfc45-bdfb-4343-9004-9be15dfd844c,java/lang/StringBuilder.java,append
12acfc45-bdfb-4343-9004-9be15dfd844c,991eb2a8-284a-4290-ae08-f54cf8834706,9c7a5055-c36c-4881-8a1c-55d348f3b2cd,->,12acfc45-bdfb-4343-9004-9be15dfd844c,991eb2a8-284a-4290-ae08-f54cf8834706,26ef4ae0-57cb-4083-a56f-eaf4b81cb1ad
12acfc45-bdfb-4343-9004-9be15dfd844c,991eb2a8-284a-4290-ae08-f54cf8834706,9c7a5055-c36c-4881-8a1c-55d348f3b2cd,->,12acfc45-bdfb-4343-9004-9be15dfd844c,java/lang/StringBuilder.java,append
12acfc45-bdfb-4343-9004-9be15dfd844c,991eb2a8-284a-4290-ae08-f54cf8834706,9c7a5055-c36c-4881-8a1c-55d348f3b2cd,->,12acfc45-bdfb-4343-9004-9be15dfd844c,java/lang/StringBuilder.java,append
12acfc45-bdfb-4343-9004-9be15dfd844c,991eb2a8-284a-4290-ae08-f54cf8834706,9c7a5055-c36c-4881-8a1c-55d348f3b2cd,->,12acfc45-bdfb-4343-9004-9be15dfd844c,java/lang/StringBuilder.java,toString
12acfc45-bdfb-4343-9004-9be15dfd844c,991eb2a8-284a-4290-ae08-f54cf8834706,9c7a5055-c36c-4881-8a1c-55d348f3b2cd,->,12acfc45-bdfb-4343-9004-9be15dfd844c,991eb2a8-284a-4290-ae08-f54cf8834706,609517a1-3a8b-4bd9-8623-3cae47c33a17
12acfc45-bdfb-4343-9004-9be15dfd844c,991eb2a8-284a-4290-ae08-f54cf8834706,9c7a5055-c36c-4881-8a1c-55d348f3b2cd,->,12acfc45-bdfb-4343-9004-9be15dfd844c,server/model/players/Client.java,sendMessage
12acfc45-bdfb-4343-9004-9be15dfd844c,991eb2a8-284a-4290-ae08-f54cf8834706,9c7a5055-c36c-4881-8a1c-55d348f3b2cd,->,12acfc45-bdfb-4343-9004-9be15dfd844c,991eb2a8-284a-4290-ae08-f54cf8834706,fbacd858-15ac-4dfb-b5c1-9851ae733165
12acfc45-bdfb-4343-9004-9be15dfd844c,991eb2a8-284a-4290-ae08-f54cf8834706,9c7a5055-c36c-4881-8a1c-55d348f3b2cd,->,12acfc45-bdfb-4343-9004-9be15dfd844c,991eb2a8-284a-4290-ae08-f54cf8834706,609517a1-3a8b-4bd9-8623-3cae47c33a17
12acfc45-bdfb-4343-9004-9be15dfd844c,991eb2a8-284a-4290-ae08-f54cf8834706,9c7a5055-c36c-4881-8a1c-55d348f3b2cd,->,12acfc45-bdfb-4343-9004-9be15dfd844c,java/lang/StringBuilder.java,append
12acfc45-bdfb-4343-9004-9be15dfd844c,991eb2a8-284a-4290-ae08-f54cf8834706,9c7a5055-c36c-4881-8a1c-55d348f3b2cd,->,12acfc45-bdfb-4343-9004-9be15dfd844c,991eb2a8-284a-4290-ae08-f54cf8834706,26ef4ae0-57cb-4083-a56f-eaf4b81cb1ad
12acfc45-bdfb-4343-9004-9be15dfd844c,991eb2a8-284a-4290-ae08-f54cf8834706,9c7a5055-c36c-4881-8a1c-55d348f3b2cd,->,12acfc45-bdfb-4343-9004-9be15dfd844c,java/lang/StringBuilder.java,append
12acfc45-bdfb-4343-9004-9be15dfd844c,991eb2a8-284a-4290-ae08-f54cf8834706,9c7a5055-c36c-4881-8a1c-55d348f3b2cd,->,12acfc45-bdfb-4343-9004-9be15dfd844c,java/lang/StringBuilder.java,append
12acfc45-bdfb-4343-9004-9be15dfd844c,991eb2a8-284a-4290-ae08-f54cf8834706,9c7a5055-c36c-4881-8a1c-55d348f3b2cd,->,12acfc45-bdfb-4343-9004-9be15dfd844c,java/lang/StringBuilder.java,toString
12acfc45-bdfb-4343-9004-9be15dfd844c,991eb2a8-284a-4290-ae08-f54cf8834706,9c7a5055-c36c-4881-8a1c-55d348f3b2cd,->,12acfc45-bdfb-4343-9004-9be15dfd844c,991eb2a8-284a-4290-ae08-f54cf8834706,609517a1-3a8b-4bd9-8623-3cae47c33a17
12acfc45-bdfb-4343-9004-9be15dfd844c,991eb2a8-284a-4290-ae08-f54cf8834706,9c7a5055-c36c-4881-8a1c-55d348f3b2cd,->,12acfc45-bdfb-4343-9004-9be15dfd844c,server/model/players/Client.java,sendMessage
12acfc45-bdfb-4343-9004-9be15dfd844c,991eb2a8-284a-4290-ae08-f54cf8834706,9c7a5055-c36c-4881-8a1c-55d348f3b2cd,->,12acfc45-bdfb-4343-9004-9be15dfd844c,991eb2a8-284a-4290-ae08-f54cf8834706,fbacd858-15ac-4dfb-b5c1-9851ae733165
12acfc45-bdfb-4343-9004-9be15dfd844c,991eb2a8-284a-4290-ae08-f54cf8834706,9c7a5055-c36c-4881-8a1c-55d348f3b2cd,->,12acfc45-bdfb-4343-9004-9be15dfd844c,991eb2a8-284a-4290-ae08-f54cf8834706,609517a1-3a8b-4bd9-8623-3cae47c33a17
12acfc45-bdfb-4343-9004-9be15dfd844c,991eb2a8-284a-4290-ae08-f54cf8834706,9c7a5055-c36c-4881-8a1c-55d348f3b2cd,->,12acfc45-bdfb-4343-9004-9be15dfd844c,java/lang/StringBuilder.java,append
12acfc45-bdfb-4343-9004-9be15dfd844c,991eb2a8-284a-4290-ae08-f54cf8834706,9c7a5055-c36c-4881-8a1c-55d348f3b2cd,->,12acfc45-bdfb-4343-9004-9be15dfd844c,991eb2a8-284a-4290-ae08-f54cf8834706,26ef4ae0-57cb-4083-a56f-eaf4b81cb1ad
12acfc45-bdfb-4343-9004-9be15dfd844c,991eb2a8-284a-4290-ae08-f54cf8834706,9c7a5055-c36c-4881-8a1c-55d348f3b2cd,->,12acfc45-bdfb-4343-9004-9be15dfd844c,java/lang/StringBuilder.java,append
12acfc45-bdfb-4343-9004-9be15dfd844c,991eb2a8-284a-4290-ae08-f54cf8834706,9c7a5055-c36c-4881-8a1c-55d348f3b2cd,->,12acfc45-bdfb-4343-9004-9be15dfd844c,java/lang/StringBuilder.java,append
12acfc45-bdfb-4343-9004-9be15dfd844c,991eb2a8-284a-4290-ae08-f54cf8834706,9c7a5055-c36c-4881-8a1c-55d348f3b2cd,->,12acfc45-bdfb-4343-9004-9be15dfd844c,java/lang/StringBuilder.java,toString
12acfc45-bdfb-4343-9004-9be15dfd844c,991eb2a8-284a-4290-ae08-f54cf8834706,9c7a5055-c36c-4881-8a1c-55d348f3b2cd,->,12acfc45-bdfb-4343-9004-9be15dfd844c,991eb2a8-284a-4290-ae08-f54cf8834706,609517a1-3a8b-4bd9-8623-3cae47c33a17
12acfc45-bdfb-4343-9004-9be15dfd844c,991eb2a8-284a-4290-ae08-f54cf8834706,9c7a5055-c36c-4881-8a1c-55d348f3b2cd,->,12acfc45-bdfb-4343-9004-9be15dfd844c,server/model/players/Client.java,sendMessage
12acfc45-bdfb-4343-9004-9be15dfd844c,991eb2a8-284a-4290-ae08-f54cf8834706,9c7a5055-c36c-4881-8a1c-55d348f3b2cd,->,12acfc45-bdfb-4343-9004-9be15dfd844c,991eb2a8-284a-4290-ae08-f54cf8834706,fbacd858-15ac-4dfb-b5c1-9851ae733165
12acfc45-bdfb-4343-9004-9be15dfd844c,991eb2a8-284a-4290-ae08-f54cf8834706,9c7a5055-c36c-4881-8a1c-55d348f3b2cd,->,12acfc45-bdfb-4343-9004-9be15dfd844c,991eb2a8-284a-4290-ae08-f54cf8834706,609517a1-3a8b-4bd9-8623-3cae47c33a17
12acfc45-bdfb-4343-9004-9be15dfd844c,991eb2a8-284a-4290-ae08-f54cf8834706,9c7a5055-c36c-4881-8a1c-55d348f3b2cd,->,12acfc45-bdfb-4343-9004-9be15dfd844c,java/lang/StringBuilder.java,append
12acfc45-bdfb-4343-9004-9be15dfd844c,991eb2a8-284a-4290-ae08-f54cf8834706,9c7a5055-c36c-4881-8a1c-55d348f3b2cd,->,12acfc45-bdfb-4343-9004-9be15dfd844c,991eb2a8-284a-4290-ae08-f54cf8834706,26ef4ae0-57cb-4083-a56f-eaf4b81cb1ad
12acfc45-bdfb-4343-9004-9be15dfd844c,991eb2a8-284a-4290-ae08-f54cf8834706,9c7a5055-c36c-4881-8a1c-55d348f3b2cd,->,12acfc45-bdfb-4343-9004-9be15dfd844c,java/lang/StringBuilder.java,append
12acfc45-bdfb-4343-9004-9be15dfd844c,991eb2a8-284a-4290-ae08-f54cf8834706,9c7a5055-c36c-4881-8a1c-55d348f3b2cd,->,12acfc45-bdfb-4343-9004-9be15dfd844c,java/lang/StringBuilder.java,append
12acfc45-bdfb-4343-9004-9be15dfd844c,991eb2a8-284a-4290-ae08-f54cf8834706,9c7a5055-c36c-4881-8a1c-55d348f3b2cd,->,12acfc45-bdfb-4343-9004-9be15dfd844c,java/lang/StringBuilder.java,toString
12acfc45-bdfb-4343-9004-9be15dfd844c,991eb2a8-284a-4290-ae08-f54cf8834706,9c7a5055-c36c-4881-8a1c-55d348f3b2cd,->,12acfc45-bdfb-4343-9004-9be15dfd844c,991eb2a8-284a-4290-ae08-f54cf8834706,609517a1-3a8b-4bd9-8623-3cae47c33a17
12acfc45-bdfb-4343-9004-9be15dfd844c,991eb2a8-284a-4290-ae08-f54cf8834706,9c7a5055-c36c-4881-8a1c-55d348f3b2cd,->,12acfc45-bdfb-4343-9004-9be15dfd844c,server/model/players/Client.java,sendMessage
12acfc45-bdfb-4343-9004-9be15dfd844c,991eb2a8-284a-4290-ae08-f54cf8834706,9c7a5055-c36c-4881-8a1c-55d348f3b2cd,->,12acfc45-bdfb-4343-9004-9be15dfd844c,991eb2a8-284a-4290-ae08-f54cf8834706,fbacd858-15ac-4dfb-b5c1-9851ae733165
12acfc45-bdfb-4343-9004-9be15dfd844c,991eb2a8-284a-4290-ae08-f54cf8834706,9c7a5055-c36c-4881-8a1c-55d348f3b2cd,->,12acfc45-bdfb-4343-9004-9be15dfd844c,991eb2a8-284a-4290-ae08-f54cf8834706,609517a1-3a8b-4bd9-8623-3cae47c33a17
12acfc45-bdfb-4343-9004-9be15dfd844c,991eb2a8-284a-4290-ae08-f54cf8834706,9c7a5055-c36c-4881-8a1c-55d348f3b2cd,->,12acfc45-bdfb-4343-9004-9be15dfd844c,java/lang/StringBuilder.java,append
12acfc45-bdfb-4343-9004-9be15dfd844c,991eb2a8-284a-4290-ae08-f54cf8834706,9c7a5055-c36c-4881-8a1c-55d348f3b2cd,->,12acfc45-bdfb-4343-9004-9be15dfd844c,991eb2a8-284a-4290-ae08-f54cf8834706,26ef4ae0-57cb-4083-a56f-eaf4b81cb1ad
12acfc45-bdfb-4343-9004-9be15dfd844c,991eb2a8-284a-4290-ae08-f54cf8834706,9c7a5055-c36c-4881-8a1c-55d348f3b2cd,->,12acfc45-bdfb-4343-9004-9be15dfd844c,java/lang/StringBuilder.java,append
12acfc45-bdfb-4343-9004-9be15dfd844c,991eb2a8-284a-4290-ae08-f54cf8834706,9c7a5055-c36c-4881-8a1c-55d348f3b2cd,->,12acfc45-bdfb-4343-9004-9be15dfd844c,java/lang/StringBuilder.java,append
12acfc45-bdfb-4343-9004-9be15dfd844c,991eb2a8-284a-4290-ae08-f54cf8834706,9c7a5055-c36c-4881-8a1c-55d348f3b2cd,->,12acfc45-bdfb-4343-9004-9be15dfd844c,java/lang/StringBuilder.java,toString
12acfc45-bdfb-4343-9004-9be15dfd844c,991eb2a8-284a-4290-ae08-f54cf8834706,9c7a5055-c36c-4881-8a1c-55d348f3b2cd,->,12acfc45-bdfb-4343-9004-9be15dfd844c,991eb2a8-284a-4290-ae08-f54cf8834706,609517a1-3a8b-4bd9-8623-3cae47c33a17
12acfc45-bdfb-4343-9004-9be15dfd844c,991eb2a8-284a-4290-ae08-f54cf8834706,9c7a5055-c36c-4881-8a1c-55d348f3b2cd,->,12acfc45-bdfb-4343-9004-9be15dfd844c,server/model/players/Client.java,sendMessage
12acfc45-bdfb-4343-9004-9be15dfd844c,991eb2a8-284a-4290-ae08-f54cf8834706,9c7a5055-c36c-4881-8a1c-55d348f3b2cd,->,12acfc45-bdfb-4343-9004-9be15dfd844c,991eb2a8-284a-4290-ae08-f54cf8834706,fbacd858-15ac-4dfb-b5c1-9851ae733165
12acfc45-bdfb-4343-9004-9be15dfd844c,991eb2a8-284a-4290-ae08-f54cf8834706,9c7a5055-c36c-4881-8a1c-55d348f3b2cd,->,12acfc45-bdfb-4343-9004-9be15dfd844c,991eb2a8-284a-4290-ae08-f54cf8834706,609517a1-3a8b-4bd9-8623-3cae47c33a17
12acfc45-bdfb-4343-9004-9be15dfd844c,991eb2a8-284a-4290-ae08-f54cf8834706,9c7a5055-c36c-4881-8a1c-55d348f3b2cd,->,12acfc45-bdfb-4343-9004-9be15dfd844c,java/lang/StringBuilder.java,append
12acfc45-bdfb-4343-9004-9be15dfd844c,991eb2a8-284a-4290-ae08-f54cf8834706,9c7a5055-c36c-4881-8a1c-55d348f3b2cd,->,12acfc45-bdfb-4343-9004-9be15dfd844c,991eb2a8-284a-4290-ae08-f54cf8834706,26ef4ae0-57cb-4083-a56f-eaf4b81cb1ad
12acfc45-bdfb-4343-9004-9be15dfd844c,991eb2a8-284a-4290-ae08-f54cf8834706,9c7a5055-c36c-4881-8a1c-55d348f3b2cd,->,12acfc45-bdfb-4343-9004-9be15dfd844c,java/lang/StringBuilder.java,append
12acfc45-bdfb-4343-9004-9be15dfd844c,991eb2a8-284a-4290-ae08-f54cf8834706,9c7a5055-c36c-4881-8a1c-55d348f3b2cd,->,12acfc45-bdfb-4343-9004-9be15dfd844c,java/lang/StringBuilder.java,append
12acfc45-bdfb-4343-9004-9be15dfd844c,991eb2a8-284a-4290-ae08-f54cf8834706,9c7a5055-c36c-4881-8a1c-55d348f3b2cd,->,12acfc45-bdfb-4343-9004-9be15dfd844c,java/lang/StringBuilder.java,toString
12acfc45-bdfb-4343-9004-9be15dfd844c,991eb2a8-284a-4290-ae08-f54cf8834706,9c7a5055-c36c-4881-8a1c-55d348f3b2cd,->,12acfc45-bdfb-4343-9004-9be15dfd844c,991eb2a8-284a-4290-ae08-f54cf8834706,609517a1-3a8b-4bd9-8623-3cae47c33a17
12acfc45-bdfb-4343-9004-9be15dfd844c,991eb2a8-284a-4290-ae08-f54cf8834706,9c7a5055-c36c-4881-8a1c-55d348f3b2cd,->,12acfc45-bdfb-4343-9004-9be15dfd844c,server/model/players/Client.java,sendMessage
12acfc45-bdfb-4343-9004-9be15dfd844c,991eb2a8-284a-4290-ae08-f54cf8834706,9c7a5055-c36c-4881-8a1c-55d348f3b2cd,->,12acfc45-bdfb-4343-9004-9be15dfd844c,991eb2a8-284a-4290-ae08-f54cf8834706,fbacd858-15ac-4dfb-b5c1-9851ae733165
12acfc45-bdfb-4343-9004-9be15dfd844c,991eb2a8-284a-4290-ae08-f54cf8834706,9c7a5055-c36c-4881-8a1c-55d348f3b2cd,->,12acfc45-bdfb-4343-9004-9be15dfd844c,991eb2a8-284a-4290-ae08-f54cf8834706,609517a1-3a8b-4bd9-8623-3cae47c33a17
12acfc45-bdfb-4343-9004-9be15dfd844c,991eb2a8-284a-4290-ae08-f54cf8834706,9c7a5055-c36c-4881-8a1c-55d348f3b2cd,->,12acfc45-bdfb-4343-9004-9be15dfd844c,java/lang/StringBuilder.java,append
12acfc45-bdfb-4343-9004-9be15dfd844c,991eb2a8-284a-4290-ae08-f54cf8834706,9c7a5055-c36c-4881-8a1c-55d348f3b2cd,->,12acfc45-bdfb-4343-9004-9be15dfd844c,991eb2a8-284a-4290-ae08-f54cf8834706,26ef4ae0-57cb-4083-a56f-eaf4b81cb1ad
12acfc45-bdfb-4343-9004-9be15dfd844c,991eb2a8-284a-4290-ae08-f54cf8834706,9c7a5055-c36c-4881-8a1c-55d348f3b2cd,->,12acfc45-bdfb-4343-9004-9be15dfd844c,java/lang/StringBuilder.java,append
12acfc45-bdfb-4343-9004-9be15dfd844c,991eb2a8-284a-4290-ae08-f54cf8834706,9c7a5055-c36c-4881-8a1c-55d348f3b2cd,->,12acfc45-bdfb-4343-9004-9be15dfd844c,java/lang/StringBuilder.java,append
12acfc45-bdfb-4343-9004-9be15dfd844c,991eb2a8-284a-4290-ae08-f54cf8834706,9c7a5055-c36c-4881-8a1c-55d348f3b2cd,->,12acfc45-bdfb-4343-9004-9be15dfd844c,java/lang/StringBuilder.java,toString
12acfc45-bdfb-4343-9004-9be15dfd844c,991eb2a8-284a-4290-ae08-f54cf8834706,9c7a5055-c36c-4881-8a1c-55d348f3b2cd,->,12acfc45-bdfb-4343-9004-9be15dfd844c,991eb2a8-284a-4290-ae08-f54cf8834706,609517a1-3a8b-4bd9-8623-3cae47c33a17
12acfc45-bdfb-4343-9004-9be15dfd844c,991eb2a8-284a-4290-ae08-f54cf8834706,9c7a5055-c36c-4881-8a1c-55d348f3b2cd,->,12acfc45-bdfb-4343-9004-9be15dfd844c,server/model/players/Client.java,sendMessage
12acfc45-bdfb-4343-9004-9be15dfd844c,991eb2a8-284a-4290-ae08-f54cf8834706,9c7a5055-c36c-4881-8a1c-55d348f3b2cd,->,12acfc45-bdfb-4343-9004-9be15dfd844c,991eb2a8-284a-4290-ae08-f54cf8834706,fbacd858-15ac-4dfb-b5c1-9851ae733165
12acfc45-bdfb-4343-9004-9be15dfd844c,991eb2a8-284a-4290-ae08-f54cf8834706,9c7a5055-c36c-4881-8a1c-55d348f3b2cd,->,12acfc45-bdfb-4343-9004-9be15dfd844c,991eb2a8-284a-4290-ae08-f54cf8834706,609517a1-3a8b-4bd9-8623-3cae47c33a17
12acfc45-bdfb-4343-9004-9be15dfd844c,991eb2a8-284a-4290-ae08-f54cf8834706,9c7a5055-c36c-4881-8a1c-55d348f3b2cd,->,12acfc45-bdfb-4343-9004-9be15dfd844c,java/lang/StringBuilder.java,append
12acfc45-bdfb-4343-9004-9be15dfd844c,991eb2a8-284a-4290-ae08-f54cf8834706,9c7a5055-c36c-4881-8a1c-55d348f3b2cd,->,12acfc45-bdfb-4343-9004-9be15dfd844c,991eb2a8-284a-4290-ae08-f54cf8834706,26ef4ae0-57cb-4083-a56f-eaf4b81cb1ad
12acfc45-bdfb-4343-9004-9be15dfd844c,991eb2a8-284a-4290-ae08-f54cf8834706,9c7a5055-c36c-4881-8a1c-55d348f3b2cd,->,12acfc45-bdfb-4343-9004-9be15dfd844c,java/lang/StringBuilder.java,append
12acfc45-bdfb-4343-9004-9be15dfd844c,991eb2a8-284a-4290-ae08-f54cf8834706,9c7a5055-c36c-4881-8a1c-55d348f3b2cd,->,12acfc45-bdfb-4343-9004-9be15dfd844c,java/lang/StringBuilder.java,append
12acfc45-bdfb-4343-9004-9be15dfd844c,991eb2a8-284a-4290-ae08-f54cf8834706,9c7a5055-c36c-4881-8a1c-55d348f3b2cd,->,12acfc45-bdfb-4343-9004-9be15dfd844c,java/lang/StringBuilder.java,toString
12acfc45-bdfb-4343-9004-9be15dfd844c,991eb2a8-284a-4290-ae08-f54cf8834706,9c7a5055-c36c-4881-8a1c-55d348f3b2cd,->,12acfc45-bdfb-4343-9004-9be15dfd844c,991eb2a8-284a-4290-ae08-f54cf8834706,609517a1-3a8b-4bd9-8623-3cae47c33a17
12acfc45-bdfb-4343-9004-9be15dfd844c,991eb2a8-284a-4290-ae08-f54cf8834706,9c7a5055-c36c-4881-8a1c-55d348f3b2cd,->,12acfc45-bdfb-4343-9004-9be15dfd844c,server/model/players/Client.java,sendMessage
12acfc45-bdfb-4343-9004-9be15dfd844c,991eb2a8-284a-4290-ae08-f54cf8834706,9c7a5055-c36c-4881-8a1c-55d348f3b2cd,->,12acfc45-bdfb-4343-9004-9be15dfd844c,991eb2a8-284a-4290-ae08-f54cf8834706,fbacd858-15ac-4dfb-b5c1-9851ae733165
12acfc45-bdfb-4343-9004-9be15dfd844c,991eb2a8-284a-4290-ae08-f54cf8834706,9c7a5055-c36c-4881-8a1c-55d348f3b2cd,->,12acfc45-bdfb-4343-9004-9be15dfd844c,991eb2a8-284a-4290-ae08-f54cf8834706,609517a1-3a8b-4bd9-8623-3cae47c33a17
12acfc45-bdfb-4343-9004-9be15dfd844c,991eb2a8-284a-4290-ae08-f54cf8834706,9c7a5055-c36c-4881-8a1c-55d348f3b2cd,->,12acfc45-bdfb-4343-9004-9be15dfd844c,java/lang/StringBuilder.java,append
12acfc45-bdfb-4343-9004-9be15dfd844c,991eb2a8-284a-4290-ae08-f54cf8834706,9c7a5055-c36c-4881-8a1c-55d348f3b2cd,->,12acfc45-bdfb-4343-9004-9be15dfd844c,991eb2a8-284a-4290-ae08-f54cf8834706,26ef4ae0-57cb-4083-a56f-eaf4b81cb1ad
12acfc45-bdfb-4343-9004-9be15dfd844c,991eb2a8-284a-4290-ae08-f54cf8834706,9c7a5055-c36c-4881-8a1c-55d348f3b2cd,->,12acfc45-bdfb-4343-9004-9be15dfd844c,java/lang/StringBuilder.java,append
12acfc45-bdfb-4343-9004-9be15dfd844c,991eb2a8-284a-4290-ae08-f54cf8834706,9c7a5055-c36c-4881-8a1c-55d348f3b2cd,->,12acfc45-bdfb-4343-9004-9be15dfd844c,java/lang/StringBuilder.java,append
12acfc45-bdfb-4343-9004-9be15dfd844c,991eb2a8-284a-4290-ae08-f54cf8834706,9c7a5055-c36c-4881-8a1c-55d348f3b2cd,->,12acfc45-bdfb-4343-9004-9be15dfd844c,java/lang/StringBuilder.java,toString
12acfc45-bdfb-4343-9004-9be15dfd844c,991eb2a8-284a-4290-ae08-f54cf8834706,9c7a5055-c36c-4881-8a1c-55d348f3b2cd,->,12acfc45-bdfb-4343-9004-9be15dfd844c,991eb2a8-284a-4290-ae08-f54cf8834706,609517a1-3a8b-4bd9-8623-3cae47c33a17
12acfc45-bdfb-4343-9004-9be15dfd844c,991eb2a8-284a-4290-ae08-f54cf8834706,9c7a5055-c36c-4881-8a1c-55d348f3b2cd,->,12acfc45-bdfb-4343-9004-9be15dfd844c,server/model/players/Client.java,sendMessage
12acfc45-bdfb-4343-9004-9be15dfd844c,991eb2a8-284a-4290-ae08-f54cf8834706,9c7a5055-c36c-4881-8a1c-55d348f3b2cd,->,12acfc45-bdfb-4343-9004-9be15dfd844c,991eb2a8-284a-4290-ae08-f54cf8834706,fbacd858-15ac-4dfb-b5c1-9851ae733165
12acfc45-bdfb-4343-9004-9be15dfd844c,991eb2a8-284a-4290-ae08-f54cf8834706,9c7a5055-c36c-4881-8a1c-55d348f3b2cd,->,12acfc45-bdfb-4343-9004-9be15dfd844c,991eb2a8-284a-4290-ae08-f54cf8834706,609517a1-3a8b-4bd9-8623-3cae47c33a17
12acfc45-bdfb-4343-9004-9be15dfd844c,991eb2a8-284a-4290-ae08-f54cf8834706,9c7a5055-c36c-4881-8a1c-55d348f3b2cd,->,12acfc45-bdfb-4343-9004-9be15dfd844c,java/lang/StringBuilder.java,append
12acfc45-bdfb-4343-9004-9be15dfd844c,991eb2a8-284a-4290-ae08-f54cf8834706,9c7a5055-c36c-4881-8a1c-55d348f3b2cd,->,12acfc45-bdfb-4343-9004-9be15dfd844c,991eb2a8-284a-4290-ae08-f54cf8834706,26ef4ae0-57cb-4083-a56f-eaf4b81cb1ad
12acfc45-bdfb-4343-9004-9be15dfd844c,991eb2a8-284a-4290-ae08-f54cf8834706,9c7a5055-c36c-4881-8a1c-55d348f3b2cd,->,12acfc45-bdfb-4343-9004-9be15dfd844c,java/lang/StringBuilder.java,append
12acfc45-bdfb-4343-9004-9be15dfd844c,991eb2a8-284a-4290-ae08-f54cf8834706,9c7a5055-c36c-4881-8a1c-55d348f3b2cd,->,12acfc45-bdfb-4343-9004-9be15dfd844c,java/lang/StringBuilder.java,append
12acfc45-bdfb-4343-9004-9be15dfd844c,991eb2a8-284a-4290-ae08-f54cf8834706,9c7a5055-c36c-4881-8a1c-55d348f3b2cd,->,12acfc45-bdfb-4343-9004-9be15dfd844c,java/lang/StringBuilder.java,toString
12acfc45-bdfb-4343-9004-9be15dfd844c,991eb2a8-284a-4290-ae08-f54cf8834706,9c7a5055-c36c-4881-8a1c-55d348f3b2cd,->,12acfc45-bdfb-4343-9004-9be15dfd844c,991eb2a8-284a-4290-ae08-f54cf8834706,609517a1-3a8b-4bd9-8623-3cae47c33a17
12acfc45-bdfb-4343-9004-9be15dfd844c,991eb2a8-284a-4290-ae08-f54cf8834706,9c7a5055-c36c-4881-8a1c-55d348f3b2cd,->,12acfc45-bdfb-4343-9004-9be15dfd844c,server/model/players/Client.java,sendMessage
12acfc45-bdfb-4343-9004-9be15dfd844c,991eb2a8-284a-4290-ae08-f54cf8834706,9c7a5055-c36c-4881-8a1c-55d348f3b2cd,->,12acfc45-bdfb-4343-9004-9be15dfd844c,991eb2a8-284a-4290-ae08-f54cf8834706,fbacd858-15ac-4dfb-b5c1-9851ae733165
12acfc45-bdfb-4343-9004-9be15dfd844c,991eb2a8-284a-4290-ae08-f54cf8834706,9c7a5055-c36c-4881-8a1c-55d348f3b2cd,->,12acfc45-bdfb-4343-9004-9be15dfd844c,991eb2a8-284a-4290-ae08-f54cf8834706,609517a1-3a8b-4bd9-8623-3cae47c33a17
12acfc45-bdfb-4343-9004-9be15dfd844c,991eb2a8-284a-4290-ae08-f54cf8834706,9c7a5055-c36c-4881-8a1c-55d348f3b2cd,->,12acfc45-bdfb-4343-9004-9be15dfd844c,java/lang/StringBuilder.java,append
12acfc45-bdfb-4343-9004-9be15dfd844c,991eb2a8-284a-4290-ae08-f54cf8834706,9c7a5055-c36c-4881-8a1c-55d348f3b2cd,->,12acfc45-bdfb-4343-9004-9be15dfd844c,991eb2a8-284a-4290-ae08-f54cf8834706,26ef4ae0-57cb-4083-a56f-eaf4b81cb1ad
12acfc45-bdfb-4343-9004-9be15dfd844c,991eb2a8-284a-4290-ae08-f54cf8834706,9c7a5055-c36c-4881-8a1c-55d348f3b2cd,->,12acfc45-bdfb-4343-9004-9be15dfd844c,java/lang/StringBuilder.java,append
12acfc45-bdfb-4343-9004-9be15dfd844c,991eb2a8-284a-4290-ae08-f54cf8834706,9c7a5055-c36c-4881-8a1c-55d348f3b2cd,->,12acfc45-bdfb-4343-9004-9be15dfd844c,java/lang/StringBuilder.java,append
12acfc45-bdfb-4343-9004-9be15dfd844c,991eb2a8-284a-4290-ae08-f54cf8834706,9c7a5055-c36c-4881-8a1c-55d348f3b2cd,->,12acfc45-bdfb-4343-9004-9be15dfd844c,java/lang/StringBuilder.java,toString
12acfc45-bdfb-4343-9004-9be15dfd844c,991eb2a8-284a-4290-ae08-f54cf8834706,9c7a5055-c36c-4881-8a1c-55d348f3b2cd,->,12acfc45-bdfb-4343-9004-9be15dfd844c,991eb2a8-284a-4290-ae08-f54cf8834706,609517a1-3a8b-4bd9-8623-3cae47c33a17
12acfc45-bdfb-4343-9004-9be15dfd844c,991eb2a8-284a-4290-ae08-f54cf8834706,9c7a5055-c36c-4881-8a1c-55d348f3b2cd,->,12acfc45-bdfb-4343-9004-9be15dfd844c,server/model/players/Client.java,sendMessage
12acfc45-bdfb-4343-9004-9be15dfd844c,991eb2a8-284a-4290-ae08-f54cf8834706,9c7a5055-c36c-4881-8a1c-55d348f3b2cd,->,12acfc45-bdfb-4343-9004-9be15dfd844c,991eb2a8-284a-4290-ae08-f54cf8834706,fbacd858-15ac-4dfb-b5c1-9851ae733165
12acfc45-bdfb-4343-9004-9be15dfd844c,991eb2a8-284a-4290-ae08-f54cf8834706,9c7a5055-c36c-4881-8a1c-55d348f3b2cd,->,12acfc45-bdfb-4343-9004-9be15dfd844c,991eb2a8-284a-4290-ae08-f54cf8834706,609517a1-3a8b-4bd9-8623-3cae47c33a17
12acfc45-bdfb-4343-9004-9be15dfd844c,991eb2a8-284a-4290-ae08-f54cf8834706,9c7a5055-c36c-4881-8a1c-55d348f3b2cd,->,12acfc45-bdfb-4343-9004-9be15dfd844c,java/lang/StringBuilder.java,append
12acfc45-bdfb-4343-9004-9be15dfd844c,991eb2a8-284a-4290-ae08-f54cf8834706,9c7a5055-c36c-4881-8a1c-55d348f3b2cd,->,12acfc45-bdfb-4343-9004-9be15dfd844c,991eb2a8-284a-4290-ae08-f54cf8834706,26ef4ae0-57cb-4083-a56f-eaf4b81cb1ad
12acfc45-bdfb-4343-9004-9be15dfd844c,991eb2a8-284a-4290-ae08-f54cf8834706,9c7a5055-c36c-4881-8a1c-55d348f3b2cd,->,12acfc45-bdfb-4343-9004-9be15dfd844c,java/lang/StringBuilder.java,append
12acfc45-bdfb-4343-9004-9be15dfd844c,991eb2a8-284a-4290-ae08-f54cf8834706,9c7a5055-c36c-4881-8a1c-55d348f3b2cd,->,12acfc45-bdfb-4343-9004-9be15dfd844c,java/lang/StringBuilder.java,append
12acfc45-bdfb-4343-9004-9be15dfd844c,991eb2a8-284a-4290-ae08-f54cf8834706,9c7a5055-c36c-4881-8a1c-55d348f3b2cd,->,12acfc45-bdfb-4343-9004-9be15dfd844c,java/lang/StringBuilder.java,toString
12acfc45-bdfb-4343-9004-9be15dfd844c,991eb2a8-284a-4290-ae08-f54cf8834706,9c7a5055-c36c-4881-8a1c-55d348f3b2cd,->,12acfc45-bdfb-4343-9004-9be15dfd844c,991eb2a8-284a-4290-ae08-f54cf8834706,609517a1-3a8b-4bd9-8623-3cae47c33a17
12acfc45-bdfb-4343-9004-9be15dfd844c,991eb2a8-284a-4290-ae08-f54cf8834706,9c7a5055-c36c-4881-8a1c-55d348f3b2cd,->,12acfc45-bdfb-4343-9004-9be15dfd844c,server/model/players/Client.java,sendMessage
12acfc45-bdfb-4343-9004-9be15dfd844c,991eb2a8-284a-4290-ae08-f54cf8834706,9c7a5055-c36c-4881-8a1c-55d348f3b2cd,->,12acfc45-bdfb-4343-9004-9be15dfd844c,991eb2a8-284a-4290-ae08-f54cf8834706,fbacd858-15ac-4dfb-b5c1-9851ae733165
12acfc45-bdfb-4343-9004-9be15dfd844c,991eb2a8-284a-4290-ae08-f54cf8834706,9c7a5055-c36c-4881-8a1c-55d348f3b2cd,->,12acfc45-bdfb-4343-9004-9be15dfd844c,991eb2a8-284a-4290-ae08-f54cf8834706,609517a1-3a8b-4bd9-8623-3cae47c33a17
12acfc45-bdfb-4343-9004-9be15dfd844c,991eb2a8-284a-4290-ae08-f54cf8834706,9c7a5055-c36c-4881-8a1c-55d348f3b2cd,->,12acfc45-bdfb-4343-9004-9be15dfd844c,java/lang/StringBuilder.java,append
12acfc45-bdfb-4343-9004-9be15dfd844c,991eb2a8-284a-4290-ae08-f54cf8834706,9c7a5055-c36c-4881-8a1c-55d348f3b2cd,->,12acfc45-bdfb-4343-9004-9be15dfd844c,991eb2a8-284a-4290-ae08-f54cf8834706,26ef4ae0-57cb-4083-a56f-eaf4b81cb1ad
12acfc45-bdfb-4343-9004-9be15dfd844c,991eb2a8-284a-4290-ae08-f54cf8834706,9c7a5055-c36c-4881-8a1c-55d348f3b2cd,->,12acfc45-bdfb-4343-9004-9be15dfd844c,java/lang/StringBuilder.java,append
12acfc45-bdfb-4343-9004-9be15dfd844c,991eb2a8-284a-4290-ae08-f54cf8834706,9c7a5055-c36c-4881-8a1c-55d348f3b2cd,->,12acfc45-bdfb-4343-9004-9be15dfd844c,java/lang/StringBuilder.java,append
12acfc45-bdfb-4343-9004-9be15dfd844c,991eb2a8-284a-4290-ae08-f54cf8834706,9c7a5055-c36c-4881-8a1c-55d348f3b2cd,->,12acfc45-bdfb-4343-9004-9be15dfd844c,java/lang/StringBuilder.java,toString
12acfc45-bdfb-4343-9004-9be15dfd844c,991eb2a8-284a-4290-ae08-f54cf8834706,9c7a5055-c36c-4881-8a1c-55d348f3b2cd,->,12acfc45-bdfb-4343-9004-9be15dfd844c,991eb2a8-284a-4290-ae08-f54cf8834706,609517a1-3a8b-4bd9-8623-3cae47c33a17
12acfc45-bdfb-4343-9004-9be15dfd844c,991eb2a8-284a-4290-ae08-f54cf8834706,9c7a5055-c36c-4881-8a1c-55d348f3b2cd,->,12acfc45-bdfb-4343-9004-9be15dfd844c,server/model/players/Client.java,sendMessage
12acfc45-bdfb-4343-9004-9be15dfd844c,991eb2a8-284a-4290-ae08-f54cf8834706,9c7a5055-c36c-4881-8a1c-55d348f3b2cd,->,12acfc45-bdfb-4343-9004-9be15dfd844c,991eb2a8-284a-4290-ae08-f54cf8834706,fbacd858-15ac-4dfb-b5c1-9851ae733165
12acfc45-bdfb-4343-9004-9be15dfd844c,991eb2a8-284a-4290-ae08-f54cf8834706,9c7a5055-c36c-4881-8a1c-55d348f3b2cd,->,12acfc45-bdfb-4343-9004-9be15dfd844c,991eb2a8-284a-4290-ae08-f54cf8834706,609517a1-3a8b-4bd9-8623-3cae47c33a17
12acfc45-bdfb-4343-9004-9be15dfd844c,991eb2a8-284a-4290-ae08-f54cf8834706,9c7a5055-c36c-4881-8a1c-55d348f3b2cd,->,12acfc45-bdfb-4343-9004-9be15dfd844c,java/lang/StringBuilder.java,append
12acfc45-bdfb-4343-9004-9be15dfd844c,991eb2a8-284a-4290-ae08-f54cf8834706,9c7a5055-c36c-4881-8a1c-55d348f3b2cd,->,12acfc45-bdfb-4343-9004-9be15dfd844c,991eb2a8-284a-4290-ae08-f54cf8834706,26ef4ae0-57cb-4083-a56f-eaf4b81cb1ad
12acfc45-bdfb-4343-9004-9be15dfd844c,991eb2a8-284a-4290-ae08-f54cf8834706,9c7a5055-c36c-4881-8a1c-55d348f3b2cd,->,12acfc45-bdfb-4343-9004-9be15dfd844c,java/lang/StringBuilder.java,append
12acfc45-bdfb-4343-9004-9be15dfd844c,991eb2a8-284a-4290-ae08-f54cf8834706,9c7a5055-c36c-4881-8a1c-55d348f3b2cd,->,12acfc45-bdfb-4343-9004-9be15dfd844c,java/lang/StringBuilder.java,append
12acfc45-bdfb-4343-9004-9be15dfd844c,991eb2a8-284a-4290-ae08-f54cf8834706,9c7a5055-c36c-4881-8a1c-55d348f3b2cd,->,12acfc45-bdfb-4343-9004-9be15dfd844c,java/lang/StringBuilder.java,toString
12acfc45-bdfb-4343-9004-9be15dfd844c,991eb2a8-284a-4290-ae08-f54cf8834706,9c7a5055-c36c-4881-8a1c-55d348f3b2cd,->,12acfc45-bdfb-4343-9004-9be15dfd844c,991eb2a8-284a-4290-ae08-f54cf8834706,609517a1-3a8b-4bd9-8623-3cae47c33a17
12acfc45-bdfb-4343-9004-9be15dfd844c,991eb2a8-284a-4290-ae08-f54cf8834706,9c7a5055-c36c-4881-8a1c-55d348f3b2cd,->,12acfc45-bdfb-4343-9004-9be15dfd844c,server/model/players/Client.java,sendMessage
12acfc45-bdfb-4343-9004-9be15dfd844c,991eb2a8-284a-4290-ae08-f54cf8834706,9c7a5055-c36c-4881-8a1c-55d348f3b2cd,->,12acfc45-bdfb-4343-9004-9be15dfd844c,991eb2a8-284a-4290-ae08-f54cf8834706,fbacd858-15ac-4dfb-b5c1-9851ae733165
12acfc45-bdfb-4343-9004-9be15dfd844c,991eb2a8-284a-4290-ae08-f54cf8834706,9c7a5055-c36c-4881-8a1c-55d348f3b2cd,->,12acfc45-bdfb-4343-9004-9be15dfd844c,991eb2a8-284a-4290-ae08-f54cf8834706,609517a1-3a8b-4bd9-8623-3cae47c33a17
12acfc45-bdfb-4343-9004-9be15dfd844c,991eb2a8-284a-4290-ae08-f54cf8834706,9c7a5055-c36c-4881-8a1c-55d348f3b2cd,->,12acfc45-bdfb-4343-9004-9be15dfd844c,java/lang/StringBuilder.java,append
12acfc45-bdfb-4343-9004-9be15dfd844c,991eb2a8-284a-4290-ae08-f54cf8834706,9c7a5055-c36c-4881-8a1c-55d348f3b2cd,->,12acfc45-bdfb-4343-9004-9be15dfd844c,991eb2a8-284a-4290-ae08-f54cf8834706,26ef4ae0-57cb-4083-a56f-eaf4b81cb1ad
12acfc45-bdfb-4343-9004-9be15dfd844c,991eb2a8-284a-4290-ae08-f54cf8834706,9c7a5055-c36c-4881-8a1c-55d348f3b2cd,->,12acfc45-bdfb-4343-9004-9be15dfd844c,java/lang/StringBuilder.java,append
12acfc45-bdfb-4343-9004-9be15dfd844c,991eb2a8-284a-4290-ae08-f54cf8834706,9c7a5055-c36c-4881-8a1c-55d348f3b2cd,->,12acfc45-bdfb-4343-9004-9be15dfd844c,java/lang/StringBuilder.java,append
12acfc45-bdfb-4343-9004-9be15dfd844c,991eb2a8-284a-4290-ae08-f54cf8834706,9c7a5055-c36c-4881-8a1c-55d348f3b2cd,->,12acfc45-bdfb-4343-9004-9be15dfd844c,java/lang/StringBuilder.java,toString
12acfc45-bdfb-4343-9004-9be15dfd844c,991eb2a8-284a-4290-ae08-f54cf8834706,9c7a5055-c36c-4881-8a1c-55d348f3b2cd,->,12acfc45-bdfb-4343-9004-9be15dfd844c,991eb2a8-284a-4290-ae08-f54cf8834706,609517a1-3a8b-4bd9-8623-3cae47c33a17
12acfc45-bdfb-4343-9004-9be15dfd844c,991eb2a8-284a-4290-ae08-f54cf8834706,9c7a5055-c36c-4881-8a1c-55d348f3b2cd,->,12acfc45-bdfb-4343-9004-9be15dfd844c,server/model/players/Client.java,sendMessage
12acfc45-bdfb-4343-9004-9be15dfd844c,991eb2a8-284a-4290-ae08-f54cf8834706,9c7a5055-c36c-4881-8a1c-55d348f3b2cd,->,12acfc45-bdfb-4343-9004-9be15dfd844c,991eb2a8-284a-4290-ae08-f54cf8834706,fbacd858-15ac-4dfb-b5c1-9851ae733165
12acfc45-bdfb-4343-9004-9be15dfd844c,991eb2a8-284a-4290-ae08-f54cf8834706,9c7a5055-c36c-4881-8a1c-55d348f3b2cd,->,12acfc45-bdfb-4343-9004-9be15dfd844c,991eb2a8-284a-4290-ae08-f54cf8834706,609517a1-3a8b-4bd9-8623-3cae47c33a17
12acfc45-bdfb-4343-9004-9be15dfd844c,991eb2a8-284a-4290-ae08-f54cf8834706,9c7a5055-c36c-4881-8a1c-55d348f3b2cd,->,12acfc45-bdfb-4343-9004-9be15dfd844c,java/lang/StringBuilder.java,append
12acfc45-bdfb-4343-9004-9be15dfd844c,991eb2a8-284a-4290-ae08-f54cf8834706,9c7a5055-c36c-4881-8a1c-55d348f3b2cd,->,12acfc45-bdfb-4343-9004-9be15dfd844c,991eb2a8-284a-4290-ae08-f54cf8834706,26ef4ae0-57cb-4083-a56f-eaf4b81cb1ad
12acfc45-bdfb-4343-9004-9be15dfd844c,991eb2a8-284a-4290-ae08-f54cf8834706,9c7a5055-c36c-4881-8a1c-55d348f3b2cd,->,12acfc45-bdfb-4343-9004-9be15dfd844c,java/lang/StringBuilder.java,append
12acfc45-bdfb-4343-9004-9be15dfd844c,991eb2a8-284a-4290-ae08-f54cf8834706,9c7a5055-c36c-4881-8a1c-55d348f3b2cd,->,12acfc45-bdfb-4343-9004-9be15dfd844c,java/lang/StringBuilder.java,append
12acfc45-bdfb-4343-9004-9be15dfd844c,991eb2a8-284a-4290-ae08-f54cf8834706,9c7a5055-c36c-4881-8a1c-55d348f3b2cd,->,12acfc45-bdfb-4343-9004-9be15dfd844c,java/lang/StringBuilder.java,toString
12acfc45-bdfb-4343-9004-9be15dfd844c,991eb2a8-284a-4290-ae08-f54cf8834706,9c7a5055-c36c-4881-8a1c-55d348f3b2cd,->,12acfc45-bdfb-4343-9004-9be15dfd844c,991eb2a8-284a-4290-ae08-f54cf8834706,609517a1-3a8b-4bd9-8623-3cae47c33a17
12acfc45-bdfb-4343-9004-9be15dfd844c,991eb2a8-284a-4290-ae08-f54cf8834706,9c7a5055-c36c-4881-8a1c-55d348f3b2cd,->,12acfc45-bdfb-4343-9004-9be15dfd844c,server/model/players/Client.java,sendMessage
12acfc45-bdfb-4343-9004-9be15dfd844c,991eb2a8-284a-4290-ae08-f54cf8834706,9c7a5055-c36c-4881-8a1c-55d348f3b2cd,->,12acfc45-bdfb-4343-9004-9be15dfd844c,991eb2a8-284a-4290-ae08-f54cf8834706,fbacd858-15ac-4dfb-b5c1-9851ae733165
12acfc45-bdfb-4343-9004-9be15dfd844c,991eb2a8-284a-4290-ae08-f54cf8834706,9c7a5055-c36c-4881-8a1c-55d348f3b2cd,->,12acfc45-bdfb-4343-9004-9be15dfd844c,991eb2a8-284a-4290-ae08-f54cf8834706,609517a1-3a8b-4bd9-8623-3cae47c33a17
12acfc45-bdfb-4343-9004-9be15dfd844c,991eb2a8-284a-4290-ae08-f54cf8834706,9c7a5055-c36c-4881-8a1c-55d348f3b2cd,->,12acfc45-bdfb-4343-9004-9be15dfd844c,java/lang/StringBuilder.java,append
12acfc45-bdfb-4343-9004-9be15dfd844c,991eb2a8-284a-4290-ae08-f54cf8834706,9c7a5055-c36c-4881-8a1c-55d348f3b2cd,->,12acfc45-bdfb-4343-9004-9be15dfd844c,991eb2a8-284a-4290-ae08-f54cf8834706,26ef4ae0-57cb-4083-a56f-eaf4b81cb1ad
12acfc45-bdfb-4343-9004-9be15dfd844c,991eb2a8-284a-4290-ae08-f54cf8834706,9c7a5055-c36c-4881-8a1c-55d348f3b2cd,->,12acfc45-bdfb-4343-9004-9be15dfd844c,java/lang/StringBuilder.java,append
12acfc45-bdfb-4343-9004-9be15dfd844c,991eb2a8-284a-4290-ae08-f54cf8834706,9c7a5055-c36c-4881-8a1c-55d348f3b2cd,->,12acfc45-bdfb-4343-9004-9be15dfd844c,java/lang/StringBuilder.java,append
12acfc45-bdfb-4343-9004-9be15dfd844c,991eb2a8-284a-4290-ae08-f54cf8834706,9c7a5055-c36c-4881-8a1c-55d348f3b2cd,->,12acfc45-bdfb-4343-9004-9be15dfd844c,java/lang/StringBuilder.java,toString
12acfc45-bdfb-4343-9004-9be15dfd844c,991eb2a8-284a-4290-ae08-f54cf8834706,9c7a5055-c36c-4881-8a1c-55d348f3b2cd,->,12acfc45-bdfb-4343-9004-9be15dfd844c,991eb2a8-284a-4290-ae08-f54cf8834706,609517a1-3a8b-4bd9-8623-3cae47c33a17
12acfc45-bdfb-4343-9004-9be15dfd844c,991eb2a8-284a-4290-ae08-f54cf8834706,9c7a5055-c36c-4881-8a1c-55d348f3b2cd,->,12acfc45-bdfb-4343-9004-9be15dfd844c,server/model/players/Client.java,sendMessage
12acfc45-bdfb-4343-9004-9be15dfd844c,991eb2a8-284a-4290-ae08-f54cf8834706,9c7a5055-c36c-4881-8a1c-55d348f3b2cd,->,12acfc45-bdfb-4343-9004-9be15dfd844c,991eb2a8-284a-4290-ae08-f54cf8834706,fbacd858-15ac-4dfb-b5c1-9851ae733165
12acfc45-bdfb-4343-9004-9be15dfd844c,991eb2a8-284a-4290-ae08-f54cf8834706,9c7a5055-c36c-4881-8a1c-55d348f3b2cd,->,12acfc45-bdfb-4343-9004-9be15dfd844c,991eb2a8-284a-4290-ae08-f54cf8834706,609517a1-3a8b-4bd9-8623-3cae47c33a17
12acfc45-bdfb-4343-9004-9be15dfd844c,991eb2a8-284a-4290-ae08-f54cf8834706,9c7a5055-c36c-4881-8a1c-55d348f3b2cd,->,12acfc45-bdfb-4343-9004-9be15dfd844c,java/lang/StringBuilder.java,append
12acfc45-bdfb-4343-9004-9be15dfd844c,991eb2a8-284a-4290-ae08-f54cf8834706,9c7a5055-c36c-4881-8a1c-55d348f3b2cd,->,12acfc45-bdfb-4343-9004-9be15dfd844c,991eb2a8-284a-4290-ae08-f54cf8834706,26ef4ae0-57cb-4083-a56f-eaf4b81cb1ad
12acfc45-bdfb-4343-9004-9be15dfd844c,991eb2a8-284a-4290-ae08-f54cf8834706,9c7a5055-c36c-4881-8a1c-55d348f3b2cd,->,12acfc45-bdfb-4343-9004-9be15dfd844c,java/lang/StringBuilder.java,append
12acfc45-bdfb-4343-9004-9be15dfd844c,991eb2a8-284a-4290-ae08-f54cf8834706,9c7a5055-c36c-4881-8a1c-55d348f3b2cd,->,12acfc45-bdfb-4343-9004-9be15dfd844c,java/lang/StringBuilder.java,append
12acfc45-bdfb-4343-9004-9be15dfd844c,991eb2a8-284a-4290-ae08-f54cf8834706,9c7a5055-c36c-4881-8a1c-55d348f3b2cd,->,12acfc45-bdfb-4343-9004-9be15dfd844c,java/lang/StringBuilder.java,toString
12acfc45-bdfb-4343-9004-9be15dfd844c,991eb2a8-284a-4290-ae08-f54cf8834706,9c7a5055-c36c-4881-8a1c-55d348f3b2cd,->,12acfc45-bdfb-4343-9004-9be15dfd844c,991eb2a8-284a-4290-ae08-f54cf8834706,609517a1-3a8b-4bd9-8623-3cae47c33a17
12acfc45-bdfb-4343-9004-9be15dfd844c,991eb2a8-284a-4290-ae08-f54cf8834706,9c7a5055-c36c-4881-8a1c-55d348f3b2cd,->,12acfc45-bdfb-4343-9004-9be15dfd844c,server/model/players/Client.java,sendMessage
12acfc45-bdfb-4343-9004-9be15dfd844c,991eb2a8-284a-4290-ae08-f54cf8834706,9c7a5055-c36c-4881-8a1c-55d348f3b2cd,->,12acfc45-bdfb-4343-9004-9be15dfd844c,991eb2a8-284a-4290-ae08-f54cf8834706,fbacd858-15ac-4dfb-b5c1-9851ae733165
12acfc45-bdfb-4343-9004-9be15dfd844c,991eb2a8-284a-4290-ae08-f54cf8834706,9c7a5055-c36c-4881-8a1c-55d348f3b2cd,->,12acfc45-bdfb-4343-9004-9be15dfd844c,991eb2a8-284a-4290-ae08-f54cf8834706,609517a1-3a8b-4bd9-8623-3cae47c33a17
12acfc45-bdfb-4343-9004-9be15dfd844c,991eb2a8-284a-4290-ae08-f54cf8834706,9c7a5055-c36c-4881-8a1c-55d348f3b2cd,->,12acfc45-bdfb-4343-9004-9be15dfd844c,java/lang/StringBuilder.java,append
12acfc45-bdfb-4343-9004-9be15dfd844c,991eb2a8-284a-4290-ae08-f54cf8834706,9c7a5055-c36c-4881-8a1c-55d348f3b2cd,->,12acfc45-bdfb-4343-9004-9be15dfd844c,991eb2a8-284a-4290-ae08-f54cf8834706,26ef4ae0-57cb-4083-a56f-eaf4b81cb1ad
12acfc45-bdfb-4343-9004-9be15dfd844c,991eb2a8-284a-4290-ae08-f54cf8834706,9c7a5055-c36c-4881-8a1c-55d348f3b2cd,->,12acfc45-bdfb-4343-9004-9be15dfd844c,java/lang/StringBuilder.java,append
12acfc45-bdfb-4343-9004-9be15dfd844c,991eb2a8-284a-4290-ae08-f54cf8834706,9c7a5055-c36c-4881-8a1c-55d348f3b2cd,->,12acfc45-bdfb-4343-9004-9be15dfd844c,java/lang/StringBuilder.java,append
12acfc45-bdfb-4343-9004-9be15dfd844c,991eb2a8-284a-4290-ae08-f54cf8834706,9c7a5055-c36c-4881-8a1c-55d348f3b2cd,->,12acfc45-bdfb-4343-9004-9be15dfd844c,java/lang/StringBuilder.java,toString
12acfc45-bdfb-4343-9004-9be15dfd844c,991eb2a8-284a-4290-ae08-f54cf8834706,9c7a5055-c36c-4881-8a1c-55d348f3b2cd,->,12acfc45-bdfb-4343-9004-9be15dfd844c,991eb2a8-284a-4290-ae08-f54cf8834706,609517a1-3a8b-4bd9-8623-3cae47c33a17
12acfc45-bdfb-4343-9004-9be15dfd844c,991eb2a8-284a-4290-ae08-f54cf8834706,9c7a5055-c36c-4881-8a1c-55d348f3b2cd,->,12acfc45-bdfb-4343-9004-9be15dfd844c,server/model/players/Client.java,sendMessage
12acfc45-bdfb-4343-9004-9be15dfd844c,991eb2a8-284a-4290-ae08-f54cf8834706,9c7a5055-c36c-4881-8a1c-55d348f3b2cd,->,12acfc45-bdfb-4343-9004-9be15dfd844c,991eb2a8-284a-4290-ae08-f54cf8834706,fbacd858-15ac-4dfb-b5c1-9851ae733165
12acfc45-bdfb-4343-9004-9be15dfd844c,991eb2a8-284a-4290-ae08-f54cf8834706,9c7a5055-c36c-4881-8a1c-55d348f3b2cd,->,12acfc45-bdfb-4343-9004-9be15dfd844c,991eb2a8-284a-4290-ae08-f54cf8834706,609517a1-3a8b-4bd9-8623-3cae47c33a17
12acfc45-bdfb-4343-9004-9be15dfd844c,991eb2a8-284a-4290-ae08-f54cf8834706,9c7a5055-c36c-4881-8a1c-55d348f3b2cd,->,12acfc45-bdfb-4343-9004-9be15dfd844c,java/lang/StringBuilder.java,append
12acfc45-bdfb-4343-9004-9be15dfd844c,991eb2a8-284a-4290-ae08-f54cf8834706,9c7a5055-c36c-4881-8a1c-55d348f3b2cd,->,12acfc45-bdfb-4343-9004-9be15dfd844c,991eb2a8-284a-4290-ae08-f54cf8834706,26ef4ae0-57cb-4083-a56f-eaf4b81cb1ad
12acfc45-bdfb-4343-9004-9be15dfd844c,991eb2a8-284a-4290-ae08-f54cf8834706,9c7a5055-c36c-4881-8a1c-55d348f3b2cd,->,12acfc45-bdfb-4343-9004-9be15dfd844c,java/lang/StringBuilder.java,append
12acfc45-bdfb-4343-9004-9be15dfd844c,991eb2a8-284a-4290-ae08-f54cf8834706,9c7a5055-c36c-4881-8a1c-55d348f3b2cd,->,12acfc45-bdfb-4343-9004-9be15dfd844c,java/lang/StringBuilder.java,append
12acfc45-bdfb-4343-9004-9be15dfd844c,991eb2a8-284a-4290-ae08-f54cf8834706,9c7a5055-c36c-4881-8a1c-55d348f3b2cd,->,12acfc45-bdfb-4343-9004-9be15dfd844c,java/lang/StringBuilder.java,toString
12acfc45-bdfb-4343-9004-9be15dfd844c,991eb2a8-284a-4290-ae08-f54cf8834706,9c7a5055-c36c-4881-8a1c-55d348f3b2cd,->,12acfc45-bdfb-4343-9004-9be15dfd844c,991eb2a8-284a-4290-ae08-f54cf8834706,609517a1-3a8b-4bd9-8623-3cae47c33a17
12acfc45-bdfb-4343-9004-9be15dfd844c,991eb2a8-284a-4290-ae08-f54cf8834706,9c7a5055-c36c-4881-8a1c-55d348f3b2cd,->,12acfc45-bdfb-4343-9004-9be15dfd844c,server/model/players/Client.java,sendMessage
12acfc45-bdfb-4343-9004-9be15dfd844c,991eb2a8-284a-4290-ae08-f54cf8834706,9c7a5055-c36c-4881-8a1c-55d348f3b2cd,->,12acfc45-bdfb-4343-9004-9be15dfd844c,991eb2a8-284a-4290-ae08-f54cf8834706,fbacd858-15ac-4dfb-b5c1-9851ae733165
12acfc45-bdfb-4343-9004-9be15dfd844c,991eb2a8-284a-4290-ae08-f54cf8834706,cc581d00-f04e-4278-8aaf-0ecbd93e9b04,->,12acfc45-bdfb-4343-9004-9be15dfd844c,java/lang/StringBuilder.java,append
12acfc45-bdfb-4343-9004-9be15dfd844c,991eb2a8-284a-4290-ae08-f54cf8834706,cc581d00-f04e-4278-8aaf-0ecbd93e9b04,->,12acfc45-bdfb-4343-9004-9be15dfd844c,java/lang/StringBuilder.java,append
12acfc45-bdfb-4343-9004-9be15dfd844c,991eb2a8-284a-4290-ae08-f54cf8834706,cc581d00-f04e-4278-8aaf-0ecbd93e9b04,->,12acfc45-bdfb-4343-9004-9be15dfd844c,java/lang/StringBuilder.java,append
12acfc45-bdfb-4343-9004-9be15dfd844c,991eb2a8-284a-4290-ae08-f54cf8834706,cc581d00-f04e-4278-8aaf-0ecbd93e9b04,->,12acfc45-bdfb-4343-9004-9be15dfd844c,java/lang/StringBuilder.java,toString
12acfc45-bdfb-4343-9004-9be15dfd844c,991eb2a8-284a-4290-ae08-f54cf8834706,cc581d00-f04e-4278-8aaf-0ecbd93e9b04,->,12acfc45-bdfb-4343-9004-9be15dfd844c,991eb2a8-284a-4290-ae08-f54cf8834706,609517a1-3a8b-4bd9-8623-3cae47c33a17
12acfc45-bdfb-4343-9004-9be15dfd844c,991eb2a8-284a-4290-ae08-f54cf8834706,cc581d00-f04e-4278-8aaf-0ecbd93e9b04,->,12acfc45-bdfb-4343-9004-9be15dfd844c,java/lang/StringBuilder.java,append
12acfc45-bdfb-4343-9004-9be15dfd844c,991eb2a8-284a-4290-ae08-f54cf8834706,cc581d00-f04e-4278-8aaf-0ecbd93e9b04,->,12acfc45-bdfb-4343-9004-9be15dfd844c,991eb2a8-284a-4290-ae08-f54cf8834706,26ef4ae0-57cb-4083-a56f-eaf4b81cb1ad
12acfc45-bdfb-4343-9004-9be15dfd844c,991eb2a8-284a-4290-ae08-f54cf8834706,cc581d00-f04e-4278-8aaf-0ecbd93e9b04,->,12acfc45-bdfb-4343-9004-9be15dfd844c,java/lang/StringBuilder.java,append
12acfc45-bdfb-4343-9004-9be15dfd844c,991eb2a8-284a-4290-ae08-f54cf8834706,cc581d00-f04e-4278-8aaf-0ecbd93e9b04,->,12acfc45-bdfb-4343-9004-9be15dfd844c,java/lang/StringBuilder.java,append
12acfc45-bdfb-4343-9004-9be15dfd844c,991eb2a8-284a-4290-ae08-f54cf8834706,cc581d00-f04e-4278-8aaf-0ecbd93e9b04,->,12acfc45-bdfb-4343-9004-9be15dfd844c,java/lang/StringBuilder.java,toString
12acfc45-bdfb-4343-9004-9be15dfd844c,991eb2a8-284a-4290-ae08-f54cf8834706,cc581d00-f04e-4278-8aaf-0ecbd93e9b04,->,12acfc45-bdfb-4343-9004-9be15dfd844c,991eb2a8-284a-4290-ae08-f54cf8834706,609517a1-3a8b-4bd9-8623-3cae47c33a17
12acfc45-bdfb-4343-9004-9be15dfd844c,991eb2a8-284a-4290-ae08-f54cf8834706,cc581d00-f04e-4278-8aaf-0ecbd93e9b04,->,12acfc45-bdfb-4343-9004-9be15dfd844c,java/lang/StringBuilder.java,append
12acfc45-bdfb-4343-9004-9be15dfd844c,991eb2a8-284a-4290-ae08-f54cf8834706,cc581d00-f04e-4278-8aaf-0ecbd93e9b04,->,12acfc45-bdfb-4343-9004-9be15dfd844c,java/lang/StringBuilder.java,append
12acfc45-bdfb-4343-9004-9be15dfd844c,991eb2a8-284a-4290-ae08-f54cf8834706,cc581d00-f04e-4278-8aaf-0ecbd93e9b04,->,12acfc45-bdfb-4343-9004-9be15dfd844c,java/lang/StringBuilder.java,append
12acfc45-bdfb-4343-9004-9be15dfd844c,991eb2a8-284a-4290-ae08-f54cf8834706,cc581d00-f04e-4278-8aaf-0ecbd93e9b04,->,12acfc45-bdfb-4343-9004-9be15dfd844c,java/lang/StringBuilder.java,toString
12acfc45-bdfb-4343-9004-9be15dfd844c,991eb2a8-284a-4290-ae08-f54cf8834706,cc581d00-f04e-4278-8aaf-0ecbd93e9b04,->,12acfc45-bdfb-4343-9004-9be15dfd844c,991eb2a8-284a-4290-ae08-f54cf8834706,609517a1-3a8b-4bd9-8623-3cae47c33a17
12acfc45-bdfb-4343-9004-9be15dfd844c,991eb2a8-284a-4290-ae08-f54cf8834706,cc581d00-f04e-4278-8aaf-0ecbd93e9b04,->,12acfc45-bdfb-4343-9004-9be15dfd844c,java/lang/StringBuilder.java,append
12acfc45-bdfb-4343-9004-9be15dfd844c,991eb2a8-284a-4290-ae08-f54cf8834706,cc581d00-f04e-4278-8aaf-0ecbd93e9b04,->,12acfc45-bdfb-4343-9004-9be15dfd844c,991eb2a8-284a-4290-ae08-f54cf8834706,26ef4ae0-57cb-4083-a56f-eaf4b81cb1ad
12acfc45-bdfb-4343-9004-9be15dfd844c,991eb2a8-284a-4290-ae08-f54cf8834706,cc581d00-f04e-4278-8aaf-0ecbd93e9b04,->,12acfc45-bdfb-4343-9004-9be15dfd844c,991eb2a8-284a-4290-ae08-f54cf8834706,92a52a14-bf03-44e2-af71-f79988e7ee23
12acfc45-bdfb-4343-9004-9be15dfd844c,991eb2a8-284a-4290-ae08-f54cf8834706,cc581d00-f04e-4278-8aaf-0ecbd93e9b04,->,12acfc45-bdfb-4343-9004-9be15dfd844c,java/lang/StringBuilder.java,append
12acfc45-bdfb-4343-9004-9be15dfd844c,991eb2a8-284a-4290-ae08-f54cf8834706,cc581d00-f04e-4278-8aaf-0ecbd93e9b04,->,12acfc45-bdfb-4343-9004-9be15dfd844c,java/lang/StringBuilder.java,append
12acfc45-bdfb-4343-9004-9be15dfd844c,991eb2a8-284a-4290-ae08-f54cf8834706,cc581d00-f04e-4278-8aaf-0ecbd93e9b04,->,12acfc45-bdfb-4343-9004-9be15dfd844c,java/lang/StringBuilder.java,toString
12acfc45-bdfb-4343-9004-9be15dfd844c,991eb2a8-284a-4290-ae08-f54cf8834706,cc581d00-f04e-4278-8aaf-0ecbd93e9b04,->,12acfc45-bdfb-4343-9004-9be15dfd844c,991eb2a8-284a-4290-ae08-f54cf8834706,609517a1-3a8b-4bd9-8623-3cae47c33a17
12acfc45-bdfb-4343-9004-9be15dfd844c,991eb2a8-284a-4290-ae08-f54cf8834706,cc581d00-f04e-4278-8aaf-0ecbd93e9b04,->,12acfc45-bdfb-4343-9004-9be15dfd844c,java/lang/StringBuilder.java,append
12acfc45-bdfb-4343-9004-9be15dfd844c,991eb2a8-284a-4290-ae08-f54cf8834706,cc581d00-f04e-4278-8aaf-0ecbd93e9b04,->,12acfc45-bdfb-4343-9004-9be15dfd844c,java/lang/StringBuilder.java,append
12acfc45-bdfb-4343-9004-9be15dfd844c,991eb2a8-284a-4290-ae08-f54cf8834706,cc581d00-f04e-4278-8aaf-0ecbd93e9b04,->,12acfc45-bdfb-4343-9004-9be15dfd844c,java/lang/StringBuilder.java,append
12acfc45-bdfb-4343-9004-9be15dfd844c,991eb2a8-284a-4290-ae08-f54cf8834706,cc581d00-f04e-4278-8aaf-0ecbd93e9b04,->,12acfc45-bdfb-4343-9004-9be15dfd844c,java/lang/StringBuilder.java,toString
12acfc45-bdfb-4343-9004-9be15dfd844c,991eb2a8-284a-4290-ae08-f54cf8834706,cc581d00-f04e-4278-8aaf-0ecbd93e9b04,->,12acfc45-bdfb-4343-9004-9be15dfd844c,991eb2a8-284a-4290-ae08-f54cf8834706,609517a1-3a8b-4bd9-8623-3cae47c33a17
12acfc45-bdfb-4343-9004-9be15dfd844c,991eb2a8-284a-4290-ae08-f54cf8834706,cc581d00-f04e-4278-8aaf-0ecbd93e9b04,->,12acfc45-bdfb-4343-9004-9be15dfd844c,java/lang/StringBuilder.java,append
12acfc45-bdfb-4343-9004-9be15dfd844c,991eb2a8-284a-4290-ae08-f54cf8834706,cc581d00-f04e-4278-8aaf-0ecbd93e9b04,->,12acfc45-bdfb-4343-9004-9be15dfd844c,991eb2a8-284a-4290-ae08-f54cf8834706,26ef4ae0-57cb-4083-a56f-eaf4b81cb1ad
12acfc45-bdfb-4343-9004-9be15dfd844c,991eb2a8-284a-4290-ae08-f54cf8834706,cc581d00-f04e-4278-8aaf-0ecbd93e9b04,->,12acfc45-bdfb-4343-9004-9be15dfd844c,java/lang/StringBuilder.java,append
12acfc45-bdfb-4343-9004-9be15dfd844c,991eb2a8-284a-4290-ae08-f54cf8834706,cc581d00-f04e-4278-8aaf-0ecbd93e9b04,->,12acfc45-bdfb-4343-9004-9be15dfd844c,java/lang/StringBuilder.java,append
12acfc45-bdfb-4343-9004-9be15dfd844c,991eb2a8-284a-4290-ae08-f54cf8834706,cc581d00-f04e-4278-8aaf-0ecbd93e9b04,->,12acfc45-bdfb-4343-9004-9be15dfd844c,java/lang/StringBuilder.java,toString
12acfc45-bdfb-4343-9004-9be15dfd844c,991eb2a8-284a-4290-ae08-f54cf8834706,cc581d00-f04e-4278-8aaf-0ecbd93e9b04,->,12acfc45-bdfb-4343-9004-9be15dfd844c,991eb2a8-284a-4290-ae08-f54cf8834706,609517a1-3a8b-4bd9-8623-3cae47c33a17
12acfc45-bdfb-4343-9004-9be15dfd844c,991eb2a8-284a-4290-ae08-f54cf8834706,cc581d00-f04e-4278-8aaf-0ecbd93e9b04,->,12acfc45-bdfb-4343-9004-9be15dfd844c,java/lang/StringBuilder.java,append
12acfc45-bdfb-4343-9004-9be15dfd844c,991eb2a8-284a-4290-ae08-f54cf8834706,cc581d00-f04e-4278-8aaf-0ecbd93e9b04,->,12acfc45-bdfb-4343-9004-9be15dfd844c,java/lang/StringBuilder.java,append
12acfc45-bdfb-4343-9004-9be15dfd844c,991eb2a8-284a-4290-ae08-f54cf8834706,cc581d00-f04e-4278-8aaf-0ecbd93e9b04,->,12acfc45-bdfb-4343-9004-9be15dfd844c,java/lang/StringBuilder.java,append
12acfc45-bdfb-4343-9004-9be15dfd844c,991eb2a8-284a-4290-ae08-f54cf8834706,cc581d00-f04e-4278-8aaf-0ecbd93e9b04,->,12acfc45-bdfb-4343-9004-9be15dfd844c,java/lang/StringBuilder.java,toString
12acfc45-bdfb-4343-9004-9be15dfd844c,991eb2a8-284a-4290-ae08-f54cf8834706,cc581d00-f04e-4278-8aaf-0ecbd93e9b04,->,12acfc45-bdfb-4343-9004-9be15dfd844c,991eb2a8-284a-4290-ae08-f54cf8834706,609517a1-3a8b-4bd9-8623-3cae47c33a17
12acfc45-bdfb-4343-9004-9be15dfd844c,991eb2a8-284a-4290-ae08-f54cf8834706,cc581d00-f04e-4278-8aaf-0ecbd93e9b04,->,12acfc45-bdfb-4343-9004-9be15dfd844c,java/lang/StringBuilder.java,append
12acfc45-bdfb-4343-9004-9be15dfd844c,991eb2a8-284a-4290-ae08-f54cf8834706,cc581d00-f04e-4278-8aaf-0ecbd93e9b04,->,12acfc45-bdfb-4343-9004-9be15dfd844c,991eb2a8-284a-4290-ae08-f54cf8834706,26ef4ae0-57cb-4083-a56f-eaf4b81cb1ad
12acfc45-bdfb-4343-9004-9be15dfd844c,991eb2a8-284a-4290-ae08-f54cf8834706,cc581d00-f04e-4278-8aaf-0ecbd93e9b04,->,12acfc45-bdfb-4343-9004-9be15dfd844c,991eb2a8-284a-4290-ae08-f54cf8834706,92a52a14-bf03-44e2-af71-f79988e7ee23
12acfc45-bdfb-4343-9004-9be15dfd844c,991eb2a8-284a-4290-ae08-f54cf8834706,cc581d00-f04e-4278-8aaf-0ecbd93e9b04,->,12acfc45-bdfb-4343-9004-9be15dfd844c,java/lang/StringBuilder.java,append
12acfc45-bdfb-4343-9004-9be15dfd844c,991eb2a8-284a-4290-ae08-f54cf8834706,cc581d00-f04e-4278-8aaf-0ecbd93e9b04,->,12acfc45-bdfb-4343-9004-9be15dfd844c,java/lang/StringBuilder.java,append
12acfc45-bdfb-4343-9004-9be15dfd844c,991eb2a8-284a-4290-ae08-f54cf8834706,cc581d00-f04e-4278-8aaf-0ecbd93e9b04,->,12acfc45-bdfb-4343-9004-9be15dfd844c,java/lang/StringBuilder.java,toString
12acfc45-bdfb-4343-9004-9be15dfd844c,991eb2a8-284a-4290-ae08-f54cf8834706,cc581d00-f04e-4278-8aaf-0ecbd93e9b04,->,12acfc45-bdfb-4343-9004-9be15dfd844c,991eb2a8-284a-4290-ae08-f54cf8834706,609517a1-3a8b-4bd9-8623-3cae47c33a17
12acfc45-bdfb-4343-9004-9be15dfd844c,991eb2a8-284a-4290-ae08-f54cf8834706,cc581d00-f04e-4278-8aaf-0ecbd93e9b04,->,12acfc45-bdfb-4343-9004-9be15dfd844c,java/lang/StringBuilder.java,append
12acfc45-bdfb-4343-9004-9be15dfd844c,991eb2a8-284a-4290-ae08-f54cf8834706,cc581d00-f04e-4278-8aaf-0ecbd93e9b04,->,12acfc45-bdfb-4343-9004-9be15dfd844c,java/lang/StringBuilder.java,append
12acfc45-bdfb-4343-9004-9be15dfd844c,991eb2a8-284a-4290-ae08-f54cf8834706,cc581d00-f04e-4278-8aaf-0ecbd93e9b04,->,12acfc45-bdfb-4343-9004-9be15dfd844c,java/lang/StringBuilder.java,append
12acfc45-bdfb-4343-9004-9be15dfd844c,991eb2a8-284a-4290-ae08-f54cf8834706,cc581d00-f04e-4278-8aaf-0ecbd93e9b04,->,12acfc45-bdfb-4343-9004-9be15dfd844c,java/lang/StringBuilder.java,toString
12acfc45-bdfb-4343-9004-9be15dfd844c,991eb2a8-284a-4290-ae08-f54cf8834706,cc581d00-f04e-4278-8aaf-0ecbd93e9b04,->,12acfc45-bdfb-4343-9004-9be15dfd844c,991eb2a8-284a-4290-ae08-f54cf8834706,609517a1-3a8b-4bd9-8623-3cae47c33a17
12acfc45-bdfb-4343-9004-9be15dfd844c,991eb2a8-284a-4290-ae08-f54cf8834706,cc581d00-f04e-4278-8aaf-0ecbd93e9b04,->,12acfc45-bdfb-4343-9004-9be15dfd844c,java/lang/StringBuilder.java,append
12acfc45-bdfb-4343-9004-9be15dfd844c,991eb2a8-284a-4290-ae08-f54cf8834706,cc581d00-f04e-4278-8aaf-0ecbd93e9b04,->,12acfc45-bdfb-4343-9004-9be15dfd844c,991eb2a8-284a-4290-ae08-f54cf8834706,26ef4ae0-57cb-4083-a56f-eaf4b81cb1ad
12acfc45-bdfb-4343-9004-9be15dfd844c,991eb2a8-284a-4290-ae08-f54cf8834706,cc581d00-f04e-4278-8aaf-0ecbd93e9b04,->,12acfc45-bdfb-4343-9004-9be15dfd844c,java/lang/StringBuilder.java,append
12acfc45-bdfb-4343-9004-9be15dfd844c,991eb2a8-284a-4290-ae08-f54cf8834706,cc581d00-f04e-4278-8aaf-0ecbd93e9b04,->,12acfc45-bdfb-4343-9004-9be15dfd844c,java/lang/StringBuilder.java,append
12acfc45-bdfb-4343-9004-9be15dfd844c,991eb2a8-284a-4290-ae08-f54cf8834706,cc581d00-f04e-4278-8aaf-0ecbd93e9b04,->,12acfc45-bdfb-4343-9004-9be15dfd844c,java/lang/StringBuilder.java,toString
12acfc45-bdfb-4343-9004-9be15dfd844c,991eb2a8-284a-4290-ae08-f54cf8834706,cc581d00-f04e-4278-8aaf-0ecbd93e9b04,->,12acfc45-bdfb-4343-9004-9be15dfd844c,991eb2a8-284a-4290-ae08-f54cf8834706,609517a1-3a8b-4bd9-8623-3cae47c33a17
12acfc45-bdfb-4343-9004-9be15dfd844c,991eb2a8-284a-4290-ae08-f54cf8834706,cc581d00-f04e-4278-8aaf-0ecbd93e9b04,->,12acfc45-bdfb-4343-9004-9be15dfd844c,java/lang/StringBuilder.java,append
12acfc45-bdfb-4343-9004-9be15dfd844c,991eb2a8-284a-4290-ae08-f54cf8834706,cc581d00-f04e-4278-8aaf-0ecbd93e9b04,->,12acfc45-bdfb-4343-9004-9be15dfd844c,java/lang/StringBuilder.java,append
12acfc45-bdfb-4343-9004-9be15dfd844c,991eb2a8-284a-4290-ae08-f54cf8834706,cc581d00-f04e-4278-8aaf-0ecbd93e9b04,->,12acfc45-bdfb-4343-9004-9be15dfd844c,java/lang/StringBuilder.java,append
12acfc45-bdfb-4343-9004-9be15dfd844c,991eb2a8-284a-4290-ae08-f54cf8834706,cc581d00-f04e-4278-8aaf-0ecbd93e9b04,->,12acfc45-bdfb-4343-9004-9be15dfd844c,java/lang/StringBuilder.java,toString
12acfc45-bdfb-4343-9004-9be15dfd844c,991eb2a8-284a-4290-ae08-f54cf8834706,cc581d00-f04e-4278-8aaf-0ecbd93e9b04,->,12acfc45-bdfb-4343-9004-9be15dfd844c,991eb2a8-284a-4290-ae08-f54cf8834706,609517a1-3a8b-4bd9-8623-3cae47c33a17
12acfc45-bdfb-4343-9004-9be15dfd844c,991eb2a8-284a-4290-ae08-f54cf8834706,cc581d00-f04e-4278-8aaf-0ecbd93e9b04,->,12acfc45-bdfb-4343-9004-9be15dfd844c,java/lang/StringBuilder.java,append
12acfc45-bdfb-4343-9004-9be15dfd844c,991eb2a8-284a-4290-ae08-f54cf8834706,cc581d00-f04e-4278-8aaf-0ecbd93e9b04,->,12acfc45-bdfb-4343-9004-9be15dfd844c,991eb2a8-284a-4290-ae08-f54cf8834706,26ef4ae0-57cb-4083-a56f-eaf4b81cb1ad
12acfc45-bdfb-4343-9004-9be15dfd844c,991eb2a8-284a-4290-ae08-f54cf8834706,cc581d00-f04e-4278-8aaf-0ecbd93e9b04,->,12acfc45-bdfb-4343-9004-9be15dfd844c,991eb2a8-284a-4290-ae08-f54cf8834706,92a52a14-bf03-44e2-af71-f79988e7ee23
12acfc45-bdfb-4343-9004-9be15dfd844c,991eb2a8-284a-4290-ae08-f54cf8834706,cc581d00-f04e-4278-8aaf-0ecbd93e9b04,->,12acfc45-bdfb-4343-9004-9be15dfd844c,java/lang/StringBuilder.java,append
12acfc45-bdfb-4343-9004-9be15dfd844c,991eb2a8-284a-4290-ae08-f54cf8834706,cc581d00-f04e-4278-8aaf-0ecbd93e9b04,->,12acfc45-bdfb-4343-9004-9be15dfd844c,java/lang/StringBuilder.java,append
12acfc45-bdfb-4343-9004-9be15dfd844c,991eb2a8-284a-4290-ae08-f54cf8834706,cc581d00-f04e-4278-8aaf-0ecbd93e9b04,->,12acfc45-bdfb-4343-9004-9be15dfd844c,java/lang/StringBuilder.java,toString
12acfc45-bdfb-4343-9004-9be15dfd844c,991eb2a8-284a-4290-ae08-f54cf8834706,cc581d00-f04e-4278-8aaf-0ecbd93e9b04,->,12acfc45-bdfb-4343-9004-9be15dfd844c,991eb2a8-284a-4290-ae08-f54cf8834706,609517a1-3a8b-4bd9-8623-3cae47c33a17
12acfc45-bdfb-4343-9004-9be15dfd844c,991eb2a8-284a-4290-ae08-f54cf8834706,cc581d00-f04e-4278-8aaf-0ecbd93e9b04,->,12acfc45-bdfb-4343-9004-9be15dfd844c,java/lang/StringBuilder.java,append
12acfc45-bdfb-4343-9004-9be15dfd844c,991eb2a8-284a-4290-ae08-f54cf8834706,cc581d00-f04e-4278-8aaf-0ecbd93e9b04,->,12acfc45-bdfb-4343-9004-9be15dfd844c,java/lang/StringBuilder.java,append
12acfc45-bdfb-4343-9004-9be15dfd844c,991eb2a8-284a-4290-ae08-f54cf8834706,cc581d00-f04e-4278-8aaf-0ecbd93e9b04,->,12acfc45-bdfb-4343-9004-9be15dfd844c,java/lang/StringBuilder.java,append
12acfc45-bdfb-4343-9004-9be15dfd844c,991eb2a8-284a-4290-ae08-f54cf8834706,cc581d00-f04e-4278-8aaf-0ecbd93e9b04,->,12acfc45-bdfb-4343-9004-9be15dfd844c,java/lang/StringBuilder.java,toString
12acfc45-bdfb-4343-9004-9be15dfd844c,991eb2a8-284a-4290-ae08-f54cf8834706,cc581d00-f04e-4278-8aaf-0ecbd93e9b04,->,12acfc45-bdfb-4343-9004-9be15dfd844c,991eb2a8-284a-4290-ae08-f54cf8834706,609517a1-3a8b-4bd9-8623-3cae47c33a17
12acfc45-bdfb-4343-9004-9be15dfd844c,991eb2a8-284a-4290-ae08-f54cf8834706,cc581d00-f04e-4278-8aaf-0ecbd93e9b04,->,12acfc45-bdfb-4343-9004-9be15dfd844c,java/lang/StringBuilder.java,append
12acfc45-bdfb-4343-9004-9be15dfd844c,991eb2a8-284a-4290-ae08-f54cf8834706,cc581d00-f04e-4278-8aaf-0ecbd93e9b04,->,12acfc45-bdfb-4343-9004-9be15dfd844c,991eb2a8-284a-4290-ae08-f54cf8834706,26ef4ae0-57cb-4083-a56f-eaf4b81cb1ad
12acfc45-bdfb-4343-9004-9be15dfd844c,991eb2a8-284a-4290-ae08-f54cf8834706,cc581d00-f04e-4278-8aaf-0ecbd93e9b04,->,12acfc45-bdfb-4343-9004-9be15dfd844c,java/lang/StringBuilder.java,append
12acfc45-bdfb-4343-9004-9be15dfd844c,991eb2a8-284a-4290-ae08-f54cf8834706,cc581d00-f04e-4278-8aaf-0ecbd93e9b04,->,12acfc45-bdfb-4343-9004-9be15dfd844c,java/lang/StringBuilder.java,append
12acfc45-bdfb-4343-9004-9be15dfd844c,991eb2a8-284a-4290-ae08-f54cf8834706,cc581d00-f04e-4278-8aaf-0ecbd93e9b04,->,12acfc45-bdfb-4343-9004-9be15dfd844c,java/lang/StringBuilder.java,toString
12acfc45-bdfb-4343-9004-9be15dfd844c,991eb2a8-284a-4290-ae08-f54cf8834706,cc581d00-f04e-4278-8aaf-0ecbd93e9b04,->,12acfc45-bdfb-4343-9004-9be15dfd844c,991eb2a8-284a-4290-ae08-f54cf8834706,609517a1-3a8b-4bd9-8623-3cae47c33a17
12acfc45-bdfb-4343-9004-9be15dfd844c,991eb2a8-284a-4290-ae08-f54cf8834706,cc581d00-f04e-4278-8aaf-0ecbd93e9b04,->,12acfc45-bdfb-4343-9004-9be15dfd844c,java/lang/StringBuilder.java,append
12acfc45-bdfb-4343-9004-9be15dfd844c,991eb2a8-284a-4290-ae08-f54cf8834706,cc581d00-f04e-4278-8aaf-0ecbd93e9b04,->,12acfc45-bdfb-4343-9004-9be15dfd844c,java/lang/StringBuilder.java,append
12acfc45-bdfb-4343-9004-9be15dfd844c,991eb2a8-284a-4290-ae08-f54cf8834706,cc581d00-f04e-4278-8aaf-0ecbd93e9b04,->,12acfc45-bdfb-4343-9004-9be15dfd844c,java/lang/StringBuilder.java,append
12acfc45-bdfb-4343-9004-9be15dfd844c,991eb2a8-284a-4290-ae08-f54cf8834706,cc581d00-f04e-4278-8aaf-0ecbd93e9b04,->,12acfc45-bdfb-4343-9004-9be15dfd844c,java/lang/StringBuilder.java,toString
12acfc45-bdfb-4343-9004-9be15dfd844c,991eb2a8-284a-4290-ae08-f54cf8834706,cc581d00-f04e-4278-8aaf-0ecbd93e9b04,->,12acfc45-bdfb-4343-9004-9be15dfd844c,991eb2a8-284a-4290-ae08-f54cf8834706,609517a1-3a8b-4bd9-8623-3cae47c33a17
12acfc45-bdfb-4343-9004-9be15dfd844c,991eb2a8-284a-4290-ae08-f54cf8834706,cc581d00-f04e-4278-8aaf-0ecbd93e9b04,->,12acfc45-bdfb-4343-9004-9be15dfd844c,java/lang/StringBuilder.java,append
12acfc45-bdfb-4343-9004-9be15dfd844c,991eb2a8-284a-4290-ae08-f54cf8834706,cc581d00-f04e-4278-8aaf-0ecbd93e9b04,->,12acfc45-bdfb-4343-9004-9be15dfd844c,991eb2a8-284a-4290-ae08-f54cf8834706,26ef4ae0-57cb-4083-a56f-eaf4b81cb1ad
12acfc45-bdfb-4343-9004-9be15dfd844c,991eb2a8-284a-4290-ae08-f54cf8834706,cc581d00-f04e-4278-8aaf-0ecbd93e9b04,->,12acfc45-bdfb-4343-9004-9be15dfd844c,991eb2a8-284a-4290-ae08-f54cf8834706,92a52a14-bf03-44e2-af71-f79988e7ee23
12acfc45-bdfb-4343-9004-9be15dfd844c,991eb2a8-284a-4290-ae08-f54cf8834706,cc581d00-f04e-4278-8aaf-0ecbd93e9b04,->,12acfc45-bdfb-4343-9004-9be15dfd844c,java/lang/StringBuilder.java,append
12acfc45-bdfb-4343-9004-9be15dfd844c,991eb2a8-284a-4290-ae08-f54cf8834706,cc581d00-f04e-4278-8aaf-0ecbd93e9b04,->,12acfc45-bdfb-4343-9004-9be15dfd844c,java/lang/StringBuilder.java,append
12acfc45-bdfb-4343-9004-9be15dfd844c,991eb2a8-284a-4290-ae08-f54cf8834706,cc581d00-f04e-4278-8aaf-0ecbd93e9b04,->,12acfc45-bdfb-4343-9004-9be15dfd844c,java/lang/StringBuilder.java,toString
12acfc45-bdfb-4343-9004-9be15dfd844c,991eb2a8-284a-4290-ae08-f54cf8834706,cc581d00-f04e-4278-8aaf-0ecbd93e9b04,->,12acfc45-bdfb-4343-9004-9be15dfd844c,991eb2a8-284a-4290-ae08-f54cf8834706,609517a1-3a8b-4bd9-8623-3cae47c33a17
12acfc45-bdfb-4343-9004-9be15dfd844c,991eb2a8-284a-4290-ae08-f54cf8834706,cc581d00-f04e-4278-8aaf-0ecbd93e9b04,->,12acfc45-bdfb-4343-9004-9be15dfd844c,java/lang/StringBuilder.java,append
12acfc45-bdfb-4343-9004-9be15dfd844c,991eb2a8-284a-4290-ae08-f54cf8834706,cc581d00-f04e-4278-8aaf-0ecbd93e9b04,->,12acfc45-bdfb-4343-9004-9be15dfd844c,java/lang/StringBuilder.java,append
12acfc45-bdfb-4343-9004-9be15dfd844c,991eb2a8-284a-4290-ae08-f54cf8834706,cc581d00-f04e-4278-8aaf-0ecbd93e9b04,->,12acfc45-bdfb-4343-9004-9be15dfd844c,java/lang/StringBuilder.java,append
12acfc45-bdfb-4343-9004-9be15dfd844c,991eb2a8-284a-4290-ae08-f54cf8834706,cc581d00-f04e-4278-8aaf-0ecbd93e9b04,->,12acfc45-bdfb-4343-9004-9be15dfd844c,java/lang/StringBuilder.java,toString
12acfc45-bdfb-4343-9004-9be15dfd844c,991eb2a8-284a-4290-ae08-f54cf8834706,cc581d00-f04e-4278-8aaf-0ecbd93e9b04,->,12acfc45-bdfb-4343-9004-9be15dfd844c,991eb2a8-284a-4290-ae08-f54cf8834706,609517a1-3a8b-4bd9-8623-3cae47c33a17
12acfc45-bdfb-4343-9004-9be15dfd844c,991eb2a8-284a-4290-ae08-f54cf8834706,cc581d00-f04e-4278-8aaf-0ecbd93e9b04,->,12acfc45-bdfb-4343-9004-9be15dfd844c,java/lang/StringBuilder.java,append
12acfc45-bdfb-4343-9004-9be15dfd844c,991eb2a8-284a-4290-ae08-f54cf8834706,cc581d00-f04e-4278-8aaf-0ecbd93e9b04,->,12acfc45-bdfb-4343-9004-9be15dfd844c,991eb2a8-284a-4290-ae08-f54cf8834706,26ef4ae0-57cb-4083-a56f-eaf4b81cb1ad
12acfc45-bdfb-4343-9004-9be15dfd844c,991eb2a8-284a-4290-ae08-f54cf8834706,cc581d00-f04e-4278-8aaf-0ecbd93e9b04,->,12acfc45-bdfb-4343-9004-9be15dfd844c,java/lang/StringBuilder.java,append
12acfc45-bdfb-4343-9004-9be15dfd844c,991eb2a8-284a-4290-ae08-f54cf8834706,cc581d00-f04e-4278-8aaf-0ecbd93e9b04,->,12acfc45-bdfb-4343-9004-9be15dfd844c,java/lang/StringBuilder.java,append
12acfc45-bdfb-4343-9004-9be15dfd844c,991eb2a8-284a-4290-ae08-f54cf8834706,cc581d00-f04e-4278-8aaf-0ecbd93e9b04,->,12acfc45-bdfb-4343-9004-9be15dfd844c,java/lang/StringBuilder.java,toString
12acfc45-bdfb-4343-9004-9be15dfd844c,991eb2a8-284a-4290-ae08-f54cf8834706,cc581d00-f04e-4278-8aaf-0ecbd93e9b04,->,12acfc45-bdfb-4343-9004-9be15dfd844c,991eb2a8-284a-4290-ae08-f54cf8834706,609517a1-3a8b-4bd9-8623-3cae47c33a17
12acfc45-bdfb-4343-9004-9be15dfd844c,991eb2a8-284a-4290-ae08-f54cf8834706,cc581d00-f04e-4278-8aaf-0ecbd93e9b04,->,12acfc45-bdfb-4343-9004-9be15dfd844c,java/lang/StringBuilder.java,append
12acfc45-bdfb-4343-9004-9be15dfd844c,991eb2a8-284a-4290-ae08-f54cf8834706,cc581d00-f04e-4278-8aaf-0ecbd93e9b04,->,12acfc45-bdfb-4343-9004-9be15dfd844c,java/lang/StringBuilder.java,append
12acfc45-bdfb-4343-9004-9be15dfd844c,991eb2a8-284a-4290-ae08-f54cf8834706,cc581d00-f04e-4278-8aaf-0ecbd93e9b04,->,12acfc45-bdfb-4343-9004-9be15dfd844c,java/lang/StringBuilder.java,append
12acfc45-bdfb-4343-9004-9be15dfd844c,991eb2a8-284a-4290-ae08-f54cf8834706,cc581d00-f04e-4278-8aaf-0ecbd93e9b04,->,12acfc45-bdfb-4343-9004-9be15dfd844c,java/lang/StringBuilder.java,toString
12acfc45-bdfb-4343-9004-9be15dfd844c,991eb2a8-284a-4290-ae08-f54cf8834706,cc581d00-f04e-4278-8aaf-0ecbd93e9b04,->,12acfc45-bdfb-4343-9004-9be15dfd844c,991eb2a8-284a-4290-ae08-f54cf8834706,609517a1-3a8b-4bd9-8623-3cae47c33a17
12acfc45-bdfb-4343-9004-9be15dfd844c,991eb2a8-284a-4290-ae08-f54cf8834706,cc581d00-f04e-4278-8aaf-0ecbd93e9b04,->,12acfc45-bdfb-4343-9004-9be15dfd844c,java/lang/StringBuilder.java,append
12acfc45-bdfb-4343-9004-9be15dfd844c,991eb2a8-284a-4290-ae08-f54cf8834706,cc581d00-f04e-4278-8aaf-0ecbd93e9b04,->,12acfc45-bdfb-4343-9004-9be15dfd844c,991eb2a8-284a-4290-ae08-f54cf8834706,26ef4ae0-57cb-4083-a56f-eaf4b81cb1ad
12acfc45-bdfb-4343-9004-9be15dfd844c,991eb2a8-284a-4290-ae08-f54cf8834706,cc581d00-f04e-4278-8aaf-0ecbd93e9b04,->,12acfc45-bdfb-4343-9004-9be15dfd844c,991eb2a8-284a-4290-ae08-f54cf8834706,92a52a14-bf03-44e2-af71-f79988e7ee23
12acfc45-bdfb-4343-9004-9be15dfd844c,991eb2a8-284a-4290-ae08-f54cf8834706,cc581d00-f04e-4278-8aaf-0ecbd93e9b04,->,12acfc45-bdfb-4343-9004-9be15dfd844c,java/lang/StringBuilder.java,append
12acfc45-bdfb-4343-9004-9be15dfd844c,991eb2a8-284a-4290-ae08-f54cf8834706,cc581d00-f04e-4278-8aaf-0ecbd93e9b04,->,12acfc45-bdfb-4343-9004-9be15dfd844c,java/lang/StringBuilder.java,append
12acfc45-bdfb-4343-9004-9be15dfd844c,991eb2a8-284a-4290-ae08-f54cf8834706,cc581d00-f04e-4278-8aaf-0ecbd93e9b04,->,12acfc45-bdfb-4343-9004-9be15dfd844c,java/lang/StringBuilder.java,toString
12acfc45-bdfb-4343-9004-9be15dfd844c,991eb2a8-284a-4290-ae08-f54cf8834706,cc581d00-f04e-4278-8aaf-0ecbd93e9b04,->,12acfc45-bdfb-4343-9004-9be15dfd844c,991eb2a8-284a-4290-ae08-f54cf8834706,609517a1-3a8b-4bd9-8623-3cae47c33a17
12acfc45-bdfb-4343-9004-9be15dfd844c,991eb2a8-284a-4290-ae08-f54cf8834706,cc581d00-f04e-4278-8aaf-0ecbd93e9b04,->,12acfc45-bdfb-4343-9004-9be15dfd844c,java/lang/StringBuilder.java,append
12acfc45-bdfb-4343-9004-9be15dfd844c,991eb2a8-284a-4290-ae08-f54cf8834706,cc581d00-f04e-4278-8aaf-0ecbd93e9b04,->,12acfc45-bdfb-4343-9004-9be15dfd844c,java/lang/StringBuilder.java,append
12acfc45-bdfb-4343-9004-9be15dfd844c,991eb2a8-284a-4290-ae08-f54cf8834706,cc581d00-f04e-4278-8aaf-0ecbd93e9b04,->,12acfc45-bdfb-4343-9004-9be15dfd844c,java/lang/StringBuilder.java,append
12acfc45-bdfb-4343-9004-9be15dfd844c,991eb2a8-284a-4290-ae08-f54cf8834706,cc581d00-f04e-4278-8aaf-0ecbd93e9b04,->,12acfc45-bdfb-4343-9004-9be15dfd844c,java/lang/StringBuilder.java,toString
12acfc45-bdfb-4343-9004-9be15dfd844c,991eb2a8-284a-4290-ae08-f54cf8834706,cc581d00-f04e-4278-8aaf-0ecbd93e9b04,->,12acfc45-bdfb-4343-9004-9be15dfd844c,991eb2a8-284a-4290-ae08-f54cf8834706,609517a1-3a8b-4bd9-8623-3cae47c33a17
12acfc45-bdfb-4343-9004-9be15dfd844c,991eb2a8-284a-4290-ae08-f54cf8834706,cc581d00-f04e-4278-8aaf-0ecbd93e9b04,->,12acfc45-bdfb-4343-9004-9be15dfd844c,java/lang/StringBuilder.java,append
12acfc45-bdfb-4343-9004-9be15dfd844c,991eb2a8-284a-4290-ae08-f54cf8834706,cc581d00-f04e-4278-8aaf-0ecbd93e9b04,->,12acfc45-bdfb-4343-9004-9be15dfd844c,991eb2a8-284a-4290-ae08-f54cf8834706,26ef4ae0-57cb-4083-a56f-eaf4b81cb1ad
12acfc45-bdfb-4343-9004-9be15dfd844c,991eb2a8-284a-4290-ae08-f54cf8834706,cc581d00-f04e-4278-8aaf-0ecbd93e9b04,->,12acfc45-bdfb-4343-9004-9be15dfd844c,java/lang/StringBuilder.java,append
12acfc45-bdfb-4343-9004-9be15dfd844c,991eb2a8-284a-4290-ae08-f54cf8834706,cc581d00-f04e-4278-8aaf-0ecbd93e9b04,->,12acfc45-bdfb-4343-9004-9be15dfd844c,java/lang/StringBuilder.java,append
12acfc45-bdfb-4343-9004-9be15dfd844c,991eb2a8-284a-4290-ae08-f54cf8834706,cc581d00-f04e-4278-8aaf-0ecbd93e9b04,->,12acfc45-bdfb-4343-9004-9be15dfd844c,java/lang/StringBuilder.java,toString
12acfc45-bdfb-4343-9004-9be15dfd844c,991eb2a8-284a-4290-ae08-f54cf8834706,cc581d00-f04e-4278-8aaf-0ecbd93e9b04,->,12acfc45-bdfb-4343-9004-9be15dfd844c,991eb2a8-284a-4290-ae08-f54cf8834706,609517a1-3a8b-4bd9-8623-3cae47c33a17
12acfc45-bdfb-4343-9004-9be15dfd844c,991eb2a8-284a-4290-ae08-f54cf8834706,cc581d00-f04e-4278-8aaf-0ecbd93e9b04,->,12acfc45-bdfb-4343-9004-9be15dfd844c,java/lang/StringBuilder.java,append
12acfc45-bdfb-4343-9004-9be15dfd844c,991eb2a8-284a-4290-ae08-f54cf8834706,cc581d00-f04e-4278-8aaf-0ecbd93e9b04,->,12acfc45-bdfb-4343-9004-9be15dfd844c,java/lang/StringBuilder.java,append
12acfc45-bdfb-4343-9004-9be15dfd844c,991eb2a8-284a-4290-ae08-f54cf8834706,cc581d00-f04e-4278-8aaf-0ecbd93e9b04,->,12acfc45-bdfb-4343-9004-9be15dfd844c,java/lang/StringBuilder.java,append
12acfc45-bdfb-4343-9004-9be15dfd844c,991eb2a8-284a-4290-ae08-f54cf8834706,cc581d00-f04e-4278-8aaf-0ecbd93e9b04,->,12acfc45-bdfb-4343-9004-9be15dfd844c,java/lang/StringBuilder.java,toString
12acfc45-bdfb-4343-9004-9be15dfd844c,991eb2a8-284a-4290-ae08-f54cf8834706,cc581d00-f04e-4278-8aaf-0ecbd93e9b04,->,12acfc45-bdfb-4343-9004-9be15dfd844c,991eb2a8-284a-4290-ae08-f54cf8834706,609517a1-3a8b-4bd9-8623-3cae47c33a17
12acfc45-bdfb-4343-9004-9be15dfd844c,991eb2a8-284a-4290-ae08-f54cf8834706,cc581d00-f04e-4278-8aaf-0ecbd93e9b04,->,12acfc45-bdfb-4343-9004-9be15dfd844c,java/lang/StringBuilder.java,append
12acfc45-bdfb-4343-9004-9be15dfd844c,991eb2a8-284a-4290-ae08-f54cf8834706,cc581d00-f04e-4278-8aaf-0ecbd93e9b04,->,12acfc45-bdfb-4343-9004-9be15dfd844c,991eb2a8-284a-4290-ae08-f54cf8834706,26ef4ae0-57cb-4083-a56f-eaf4b81cb1ad
12acfc45-bdfb-4343-9004-9be15dfd844c,991eb2a8-284a-4290-ae08-f54cf8834706,cc581d00-f04e-4278-8aaf-0ecbd93e9b04,->,12acfc45-bdfb-4343-9004-9be15dfd844c,991eb2a8-284a-4290-ae08-f54cf8834706,92a52a14-bf03-44e2-af71-f79988e7ee23
12acfc45-bdfb-4343-9004-9be15dfd844c,991eb2a8-284a-4290-ae08-f54cf8834706,cc581d00-f04e-4278-8aaf-0ecbd93e9b04,->,12acfc45-bdfb-4343-9004-9be15dfd844c,java/lang/StringBuilder.java,append
12acfc45-bdfb-4343-9004-9be15dfd844c,991eb2a8-284a-4290-ae08-f54cf8834706,cc581d00-f04e-4278-8aaf-0ecbd93e9b04,->,12acfc45-bdfb-4343-9004-9be15dfd844c,java/lang/StringBuilder.java,append
12acfc45-bdfb-4343-9004-9be15dfd844c,991eb2a8-284a-4290-ae08-f54cf8834706,cc581d00-f04e-4278-8aaf-0ecbd93e9b04,->,12acfc45-bdfb-4343-9004-9be15dfd844c,java/lang/StringBuilder.java,toString
12acfc45-bdfb-4343-9004-9be15dfd844c,991eb2a8-284a-4290-ae08-f54cf8834706,cc581d00-f04e-4278-8aaf-0ecbd93e9b04,->,12acfc45-bdfb-4343-9004-9be15dfd844c,991eb2a8-284a-4290-ae08-f54cf8834706,609517a1-3a8b-4bd9-8623-3cae47c33a17
12acfc45-bdfb-4343-9004-9be15dfd844c,991eb2a8-284a-4290-ae08-f54cf8834706,cc581d00-f04e-4278-8aaf-0ecbd93e9b04,->,12acfc45-bdfb-4343-9004-9be15dfd844c,java/lang/StringBuilder.java,append
12acfc45-bdfb-4343-9004-9be15dfd844c,991eb2a8-284a-4290-ae08-f54cf8834706,cc581d00-f04e-4278-8aaf-0ecbd93e9b04,->,12acfc45-bdfb-4343-9004-9be15dfd844c,java/lang/StringBuilder.java,append
12acfc45-bdfb-4343-9004-9be15dfd844c,991eb2a8-284a-4290-ae08-f54cf8834706,cc581d00-f04e-4278-8aaf-0ecbd93e9b04,->,12acfc45-bdfb-4343-9004-9be15dfd844c,java/lang/StringBuilder.java,append
12acfc45-bdfb-4343-9004-9be15dfd844c,991eb2a8-284a-4290-ae08-f54cf8834706,cc581d00-f04e-4278-8aaf-0ecbd93e9b04,->,12acfc45-bdfb-4343-9004-9be15dfd844c,991eb2a8-284a-4290-ae08-f54cf8834706,26ef4ae0-57cb-4083-a56f-eaf4b81cb1ad
12acfc45-bdfb-4343-9004-9be15dfd844c,991eb2a8-284a-4290-ae08-f54cf8834706,cc581d00-f04e-4278-8aaf-0ecbd93e9b04,->,12acfc45-bdfb-4343-9004-9be15dfd844c,java/lang/StringBuilder.java,append
12acfc45-bdfb-4343-9004-9be15dfd844c,991eb2a8-284a-4290-ae08-f54cf8834706,cc581d00-f04e-4278-8aaf-0ecbd93e9b04,->,12acfc45-bdfb-4343-9004-9be15dfd844c,java/lang/StringBuilder.java,append
12acfc45-bdfb-4343-9004-9be15dfd844c,991eb2a8-284a-4290-ae08-f54cf8834706,cc581d00-f04e-4278-8aaf-0ecbd93e9b04,->,12acfc45-bdfb-4343-9004-9be15dfd844c,java/lang/StringBuilder.java,toString
12acfc45-bdfb-4343-9004-9be15dfd844c,991eb2a8-284a-4290-ae08-f54cf8834706,cc581d00-f04e-4278-8aaf-0ecbd93e9b04,->,12acfc45-bdfb-4343-9004-9be15dfd844c,991eb2a8-284a-4290-ae08-f54cf8834706,609517a1-3a8b-4bd9-8623-3cae47c33a17
12acfc45-bdfb-4343-9004-9be15dfd844c,991eb2a8-284a-4290-ae08-f54cf8834706,cc581d00-f04e-4278-8aaf-0ecbd93e9b04,->,12acfc45-bdfb-4343-9004-9be15dfd844c,java/lang/StringBuilder.java,append
12acfc45-bdfb-4343-9004-9be15dfd844c,991eb2a8-284a-4290-ae08-f54cf8834706,cc581d00-f04e-4278-8aaf-0ecbd93e9b04,->,12acfc45-bdfb-4343-9004-9be15dfd844c,java/lang/StringBuilder.java,append
12acfc45-bdfb-4343-9004-9be15dfd844c,991eb2a8-284a-4290-ae08-f54cf8834706,cc581d00-f04e-4278-8aaf-0ecbd93e9b04,->,12acfc45-bdfb-4343-9004-9be15dfd844c,java/lang/StringBuilder.java,append
12acfc45-bdfb-4343-9004-9be15dfd844c,991eb2a8-284a-4290-ae08-f54cf8834706,cc581d00-f04e-4278-8aaf-0ecbd93e9b04,->,12acfc45-bdfb-4343-9004-9be15dfd844c,java/lang/StringBuilder.java,toString
12acfc45-bdfb-4343-9004-9be15dfd844c,991eb2a8-284a-4290-ae08-f54cf8834706,cc581d00-f04e-4278-8aaf-0ecbd93e9b04,->,12acfc45-bdfb-4343-9004-9be15dfd844c,991eb2a8-284a-4290-ae08-f54cf8834706,609517a1-3a8b-4bd9-8623-3cae47c33a17
12acfc45-bdfb-4343-9004-9be15dfd844c,991eb2a8-284a-4290-ae08-f54cf8834706,cc581d00-f04e-4278-8aaf-0ecbd93e9b04,->,12acfc45-bdfb-4343-9004-9be15dfd844c,java/lang/StringBuilder.java,append
12acfc45-bdfb-4343-9004-9be15dfd844c,991eb2a8-284a-4290-ae08-f54cf8834706,cc581d00-f04e-4278-8aaf-0ecbd93e9b04,->,12acfc45-bdfb-4343-9004-9be15dfd844c,991eb2a8-284a-4290-ae08-f54cf8834706,26ef4ae0-57cb-4083-a56f-eaf4b81cb1ad
12acfc45-bdfb-4343-9004-9be15dfd844c,991eb2a8-284a-4290-ae08-f54cf8834706,cc581d00-f04e-4278-8aaf-0ecbd93e9b04,->,12acfc45-bdfb-4343-9004-9be15dfd844c,java/lang/StringBuilder.java,append
12acfc45-bdfb-4343-9004-9be15dfd844c,991eb2a8-284a-4290-ae08-f54cf8834706,cc581d00-f04e-4278-8aaf-0ecbd93e9b04,->,12acfc45-bdfb-4343-9004-9be15dfd844c,java/lang/StringBuilder.java,append
12acfc45-bdfb-4343-9004-9be15dfd844c,991eb2a8-284a-4290-ae08-f54cf8834706,cc581d00-f04e-4278-8aaf-0ecbd93e9b04,->,12acfc45-bdfb-4343-9004-9be15dfd844c,java/lang/StringBuilder.java,toString
12acfc45-bdfb-4343-9004-9be15dfd844c,991eb2a8-284a-4290-ae08-f54cf8834706,cc581d00-f04e-4278-8aaf-0ecbd93e9b04,->,12acfc45-bdfb-4343-9004-9be15dfd844c,991eb2a8-284a-4290-ae08-f54cf8834706,609517a1-3a8b-4bd9-8623-3cae47c33a17
12acfc45-bdfb-4343-9004-9be15dfd844c,991eb2a8-284a-4290-ae08-f54cf8834706,cc581d00-f04e-4278-8aaf-0ecbd93e9b04,->,12acfc45-bdfb-4343-9004-9be15dfd844c,java/lang/StringBuilder.java,append
12acfc45-bdfb-4343-9004-9be15dfd844c,991eb2a8-284a-4290-ae08-f54cf8834706,cc581d00-f04e-4278-8aaf-0ecbd93e9b04,->,12acfc45-bdfb-4343-9004-9be15dfd844c,java/lang/StringBuilder.java,append
12acfc45-bdfb-4343-9004-9be15dfd844c,991eb2a8-284a-4290-ae08-f54cf8834706,cc581d00-f04e-4278-8aaf-0ecbd93e9b04,->,12acfc45-bdfb-4343-9004-9be15dfd844c,java/lang/StringBuilder.java,append
12acfc45-bdfb-4343-9004-9be15dfd844c,991eb2a8-284a-4290-ae08-f54cf8834706,cc581d00-f04e-4278-8aaf-0ecbd93e9b04,->,12acfc45-bdfb-4343-9004-9be15dfd844c,java/lang/StringBuilder.java,toString
12acfc45-bdfb-4343-9004-9be15dfd844c,991eb2a8-284a-4290-ae08-f54cf8834706,cc581d00-f04e-4278-8aaf-0ecbd93e9b04,->,12acfc45-bdfb-4343-9004-9be15dfd844c,991eb2a8-284a-4290-ae08-f54cf8834706,609517a1-3a8b-4bd9-8623-3cae47c33a17
12acfc45-bdfb-4343-9004-9be15dfd844c,991eb2a8-284a-4290-ae08-f54cf8834706,cc581d00-f04e-4278-8aaf-0ecbd93e9b04,->,12acfc45-bdfb-4343-9004-9be15dfd844c,java/lang/StringBuilder.java,append
12acfc45-bdfb-4343-9004-9be15dfd844c,991eb2a8-284a-4290-ae08-f54cf8834706,cc581d00-f04e-4278-8aaf-0ecbd93e9b04,->,12acfc45-bdfb-4343-9004-9be15dfd844c,991eb2a8-284a-4290-ae08-f54cf8834706,26ef4ae0-57cb-4083-a56f-eaf4b81cb1ad
12acfc45-bdfb-4343-9004-9be15dfd844c,991eb2a8-284a-4290-ae08-f54cf8834706,cc581d00-f04e-4278-8aaf-0ecbd93e9b04,->,12acfc45-bdfb-4343-9004-9be15dfd844c,991eb2a8-284a-4290-ae08-f54cf8834706,92a52a14-bf03-44e2-af71-f79988e7ee23
12acfc45-bdfb-4343-9004-9be15dfd844c,991eb2a8-284a-4290-ae08-f54cf8834706,cc581d00-f04e-4278-8aaf-0ecbd93e9b04,->,12acfc45-bdfb-4343-9004-9be15dfd844c,java/lang/StringBuilder.java,append
12acfc45-bdfb-4343-9004-9be15dfd844c,991eb2a8-284a-4290-ae08-f54cf8834706,cc581d00-f04e-4278-8aaf-0ecbd93e9b04,->,12acfc45-bdfb-4343-9004-9be15dfd844c,java/lang/StringBuilder.java,append
12acfc45-bdfb-4343-9004-9be15dfd844c,991eb2a8-284a-4290-ae08-f54cf8834706,cc581d00-f04e-4278-8aaf-0ecbd93e9b04,->,12acfc45-bdfb-4343-9004-9be15dfd844c,java/lang/StringBuilder.java,toString
12acfc45-bdfb-4343-9004-9be15dfd844c,991eb2a8-284a-4290-ae08-f54cf8834706,cc581d00-f04e-4278-8aaf-0ecbd93e9b04,->,12acfc45-bdfb-4343-9004-9be15dfd844c,991eb2a8-284a-4290-ae08-f54cf8834706,609517a1-3a8b-4bd9-8623-3cae47c33a17
12acfc45-bdfb-4343-9004-9be15dfd844c,991eb2a8-284a-4290-ae08-f54cf8834706,cc581d00-f04e-4278-8aaf-0ecbd93e9b04,->,12acfc45-bdfb-4343-9004-9be15dfd844c,java/lang/StringBuilder.java,append
12acfc45-bdfb-4343-9004-9be15dfd844c,991eb2a8-284a-4290-ae08-f54cf8834706,cc581d00-f04e-4278-8aaf-0ecbd93e9b04,->,12acfc45-bdfb-4343-9004-9be15dfd844c,java/lang/StringBuilder.java,append
12acfc45-bdfb-4343-9004-9be15dfd844c,991eb2a8-284a-4290-ae08-f54cf8834706,cc581d00-f04e-4278-8aaf-0ecbd93e9b04,->,12acfc45-bdfb-4343-9004-9be15dfd844c,java/lang/StringBuilder.java,append
12acfc45-bdfb-4343-9004-9be15dfd844c,991eb2a8-284a-4290-ae08-f54cf8834706,cc581d00-f04e-4278-8aaf-0ecbd93e9b04,->,12acfc45-bdfb-4343-9004-9be15dfd844c,java/lang/StringBuilder.java,toString
12acfc45-bdfb-4343-9004-9be15dfd844c,991eb2a8-284a-4290-ae08-f54cf8834706,cc581d00-f04e-4278-8aaf-0ecbd93e9b04,->,12acfc45-bdfb-4343-9004-9be15dfd844c,991eb2a8-284a-4290-ae08-f54cf8834706,609517a1-3a8b-4bd9-8623-3cae47c33a17
12acfc45-bdfb-4343-9004-9be15dfd844c,991eb2a8-284a-4290-ae08-f54cf8834706,cc581d00-f04e-4278-8aaf-0ecbd93e9b04,->,12acfc45-bdfb-4343-9004-9be15dfd844c,java/lang/StringBuilder.java,append
12acfc45-bdfb-4343-9004-9be15dfd844c,991eb2a8-284a-4290-ae08-f54cf8834706,cc581d00-f04e-4278-8aaf-0ecbd93e9b04,->,12acfc45-bdfb-4343-9004-9be15dfd844c,991eb2a8-284a-4290-ae08-f54cf8834706,26ef4ae0-57cb-4083-a56f-eaf4b81cb1ad
12acfc45-bdfb-4343-9004-9be15dfd844c,991eb2a8-284a-4290-ae08-f54cf8834706,cc581d00-f04e-4278-8aaf-0ecbd93e9b04,->,12acfc45-bdfb-4343-9004-9be15dfd844c,java/lang/StringBuilder.java,append
12acfc45-bdfb-4343-9004-9be15dfd844c,991eb2a8-284a-4290-ae08-f54cf8834706,cc581d00-f04e-4278-8aaf-0ecbd93e9b04,->,12acfc45-bdfb-4343-9004-9be15dfd844c,java/lang/StringBuilder.java,append
12acfc45-bdfb-4343-9004-9be15dfd844c,991eb2a8-284a-4290-ae08-f54cf8834706,cc581d00-f04e-4278-8aaf-0ecbd93e9b04,->,12acfc45-bdfb-4343-9004-9be15dfd844c,java/lang/StringBuilder.java,toString
12acfc45-bdfb-4343-9004-9be15dfd844c,991eb2a8-284a-4290-ae08-f54cf8834706,cc581d00-f04e-4278-8aaf-0ecbd93e9b04,->,12acfc45-bdfb-4343-9004-9be15dfd844c,991eb2a8-284a-4290-ae08-f54cf8834706,609517a1-3a8b-4bd9-8623-3cae47c33a17
12acfc45-bdfb-4343-9004-9be15dfd844c,991eb2a8-284a-4290-ae08-f54cf8834706,cc581d00-f04e-4278-8aaf-0ecbd93e9b04,->,12acfc45-bdfb-4343-9004-9be15dfd844c,java/lang/StringBuilder.java,append
12acfc45-bdfb-4343-9004-9be15dfd844c,991eb2a8-284a-4290-ae08-f54cf8834706,cc581d00-f04e-4278-8aaf-0ecbd93e9b04,->,12acfc45-bdfb-4343-9004-9be15dfd844c,java/lang/StringBuilder.java,append
12acfc45-bdfb-4343-9004-9be15dfd844c,991eb2a8-284a-4290-ae08-f54cf8834706,cc581d00-f04e-4278-8aaf-0ecbd93e9b04,->,12acfc45-bdfb-4343-9004-9be15dfd844c,java/lang/StringBuilder.java,append
12acfc45-bdfb-4343-9004-9be15dfd844c,991eb2a8-284a-4290-ae08-f54cf8834706,cc581d00-f04e-4278-8aaf-0ecbd93e9b04,->,12acfc45-bdfb-4343-9004-9be15dfd844c,java/lang/StringBuilder.java,toString
12acfc45-bdfb-4343-9004-9be15dfd844c,991eb2a8-284a-4290-ae08-f54cf8834706,cc581d00-f04e-4278-8aaf-0ecbd93e9b04,->,12acfc45-bdfb-4343-9004-9be15dfd844c,991eb2a8-284a-4290-ae08-f54cf8834706,609517a1-3a8b-4bd9-8623-3cae47c33a17
12acfc45-bdfb-4343-9004-9be15dfd844c,991eb2a8-284a-4290-ae08-f54cf8834706,cc581d00-f04e-4278-8aaf-0ecbd93e9b04,->,12acfc45-bdfb-4343-9004-9be15dfd844c,java/lang/StringBuilder.java,append
12acfc45-bdfb-4343-9004-9be15dfd844c,991eb2a8-284a-4290-ae08-f54cf8834706,cc581d00-f04e-4278-8aaf-0ecbd93e9b04,->,12acfc45-bdfb-4343-9004-9be15dfd844c,991eb2a8-284a-4290-ae08-f54cf8834706,26ef4ae0-57cb-4083-a56f-eaf4b81cb1ad
12acfc45-bdfb-4343-9004-9be15dfd844c,991eb2a8-284a-4290-ae08-f54cf8834706,cc581d00-f04e-4278-8aaf-0ecbd93e9b04,->,12acfc45-bdfb-4343-9004-9be15dfd844c,991eb2a8-284a-4290-ae08-f54cf8834706,92a52a14-bf03-44e2-af71-f79988e7ee23
12acfc45-bdfb-4343-9004-9be15dfd844c,991eb2a8-284a-4290-ae08-f54cf8834706,cc581d00-f04e-4278-8aaf-0ecbd93e9b04,->,12acfc45-bdfb-4343-9004-9be15dfd844c,java/lang/StringBuilder.java,append
12acfc45-bdfb-4343-9004-9be15dfd844c,991eb2a8-284a-4290-ae08-f54cf8834706,cc581d00-f04e-4278-8aaf-0ecbd93e9b04,->,12acfc45-bdfb-4343-9004-9be15dfd844c,java/lang/StringBuilder.java,append
12acfc45-bdfb-4343-9004-9be15dfd844c,991eb2a8-284a-4290-ae08-f54cf8834706,cc581d00-f04e-4278-8aaf-0ecbd93e9b04,->,12acfc45-bdfb-4343-9004-9be15dfd844c,java/lang/StringBuilder.java,toString
12acfc45-bdfb-4343-9004-9be15dfd844c,991eb2a8-284a-4290-ae08-f54cf8834706,cc581d00-f04e-4278-8aaf-0ecbd93e9b04,->,12acfc45-bdfb-4343-9004-9be15dfd844c,991eb2a8-284a-4290-ae08-f54cf8834706,609517a1-3a8b-4bd9-8623-3cae47c33a17
12acfc45-bdfb-4343-9004-9be15dfd844c,991eb2a8-284a-4290-ae08-f54cf8834706,cc581d00-f04e-4278-8aaf-0ecbd93e9b04,->,12acfc45-bdfb-4343-9004-9be15dfd844c,java/lang/StringBuilder.java,append
12acfc45-bdfb-4343-9004-9be15dfd844c,991eb2a8-284a-4290-ae08-f54cf8834706,cc581d00-f04e-4278-8aaf-0ecbd93e9b04,->,12acfc45-bdfb-4343-9004-9be15dfd844c,java/lang/StringBuilder.java,append
12acfc45-bdfb-4343-9004-9be15dfd844c,991eb2a8-284a-4290-ae08-f54cf8834706,cc581d00-f04e-4278-8aaf-0ecbd93e9b04,->,12acfc45-bdfb-4343-9004-9be15dfd844c,java/lang/StringBuilder.java,append
12acfc45-bdfb-4343-9004-9be15dfd844c,991eb2a8-284a-4290-ae08-f54cf8834706,cc581d00-f04e-4278-8aaf-0ecbd93e9b04,->,12acfc45-bdfb-4343-9004-9be15dfd844c,java/lang/StringBuilder.java,toString
12acfc45-bdfb-4343-9004-9be15dfd844c,991eb2a8-284a-4290-ae08-f54cf8834706,cc581d00-f04e-4278-8aaf-0ecbd93e9b04,->,12acfc45-bdfb-4343-9004-9be15dfd844c,991eb2a8-284a-4290-ae08-f54cf8834706,609517a1-3a8b-4bd9-8623-3cae47c33a17
12acfc45-bdfb-4343-9004-9be15dfd844c,991eb2a8-284a-4290-ae08-f54cf8834706,cc581d00-f04e-4278-8aaf-0ecbd93e9b04,->,12acfc45-bdfb-4343-9004-9be15dfd844c,java/lang/StringBuilder.java,append
12acfc45-bdfb-4343-9004-9be15dfd844c,991eb2a8-284a-4290-ae08-f54cf8834706,cc581d00-f04e-4278-8aaf-0ecbd93e9b04,->,12acfc45-bdfb-4343-9004-9be15dfd844c,991eb2a8-284a-4290-ae08-f54cf8834706,26ef4ae0-57cb-4083-a56f-eaf4b81cb1ad
12acfc45-bdfb-4343-9004-9be15dfd844c,991eb2a8-284a-4290-ae08-f54cf8834706,cc581d00-f04e-4278-8aaf-0ecbd93e9b04,->,12acfc45-bdfb-4343-9004-9be15dfd844c,java/lang/StringBuilder.java,append
12acfc45-bdfb-4343-9004-9be15dfd844c,991eb2a8-284a-4290-ae08-f54cf8834706,cc581d00-f04e-4278-8aaf-0ecbd93e9b04,->,12acfc45-bdfb-4343-9004-9be15dfd844c,java/lang/StringBuilder.java,append
12acfc45-bdfb-4343-9004-9be15dfd844c,991eb2a8-284a-4290-ae08-f54cf8834706,cc581d00-f04e-4278-8aaf-0ecbd93e9b04,->,12acfc45-bdfb-4343-9004-9be15dfd844c,java/lang/StringBuilder.java,toString
12acfc45-bdfb-4343-9004-9be15dfd844c,991eb2a8-284a-4290-ae08-f54cf8834706,cc581d00-f04e-4278-8aaf-0ecbd93e9b04,->,12acfc45-bdfb-4343-9004-9be15dfd844c,991eb2a8-284a-4290-ae08-f54cf8834706,609517a1-3a8b-4bd9-8623-3cae47c33a17
12acfc45-bdfb-4343-9004-9be15dfd844c,991eb2a8-284a-4290-ae08-f54cf8834706,cc581d00-f04e-4278-8aaf-0ecbd93e9b04,->,12acfc45-bdfb-4343-9004-9be15dfd844c,java/lang/StringBuilder.java,append
12acfc45-bdfb-4343-9004-9be15dfd844c,991eb2a8-284a-4290-ae08-f54cf8834706,cc581d00-f04e-4278-8aaf-0ecbd93e9b04,->,12acfc45-bdfb-4343-9004-9be15dfd844c,java/lang/StringBuilder.java,append
12acfc45-bdfb-4343-9004-9be15dfd844c,991eb2a8-284a-4290-ae08-f54cf8834706,cc581d00-f04e-4278-8aaf-0ecbd93e9b04,->,12acfc45-bdfb-4343-9004-9be15dfd844c,java/lang/StringBuilder.java,append
12acfc45-bdfb-4343-9004-9be15dfd844c,991eb2a8-284a-4290-ae08-f54cf8834706,cc581d00-f04e-4278-8aaf-0ecbd93e9b04,->,12acfc45-bdfb-4343-9004-9be15dfd844c,java/lang/StringBuilder.java,toString
12acfc45-bdfb-4343-9004-9be15dfd844c,991eb2a8-284a-4290-ae08-f54cf8834706,cc581d00-f04e-4278-8aaf-0ecbd93e9b04,->,12acfc45-bdfb-4343-9004-9be15dfd844c,991eb2a8-284a-4290-ae08-f54cf8834706,609517a1-3a8b-4bd9-8623-3cae47c33a17
12acfc45-bdfb-4343-9004-9be15dfd844c,991eb2a8-284a-4290-ae08-f54cf8834706,cc581d00-f04e-4278-8aaf-0ecbd93e9b04,->,12acfc45-bdfb-4343-9004-9be15dfd844c,java/lang/StringBuilder.java,append
12acfc45-bdfb-4343-9004-9be15dfd844c,991eb2a8-284a-4290-ae08-f54cf8834706,cc581d00-f04e-4278-8aaf-0ecbd93e9b04,->,12acfc45-bdfb-4343-9004-9be15dfd844c,991eb2a8-284a-4290-ae08-f54cf8834706,26ef4ae0-57cb-4083-a56f-eaf4b81cb1ad
12acfc45-bdfb-4343-9004-9be15dfd844c,991eb2a8-284a-4290-ae08-f54cf8834706,cc581d00-f04e-4278-8aaf-0ecbd93e9b04,->,12acfc45-bdfb-4343-9004-9be15dfd844c,991eb2a8-284a-4290-ae08-f54cf8834706,92a52a14-bf03-44e2-af71-f79988e7ee23
12acfc45-bdfb-4343-9004-9be15dfd844c,991eb2a8-284a-4290-ae08-f54cf8834706,cc581d00-f04e-4278-8aaf-0ecbd93e9b04,->,12acfc45-bdfb-4343-9004-9be15dfd844c,java/lang/StringBuilder.java,append
12acfc45-bdfb-4343-9004-9be15dfd844c,991eb2a8-284a-4290-ae08-f54cf8834706,cc581d00-f04e-4278-8aaf-0ecbd93e9b04,->,12acfc45-bdfb-4343-9004-9be15dfd844c,java/lang/StringBuilder.java,append
12acfc45-bdfb-4343-9004-9be15dfd844c,991eb2a8-284a-4290-ae08-f54cf8834706,cc581d00-f04e-4278-8aaf-0ecbd93e9b04,->,12acfc45-bdfb-4343-9004-9be15dfd844c,java/lang/StringBuilder.java,toString
12acfc45-bdfb-4343-9004-9be15dfd844c,991eb2a8-284a-4290-ae08-f54cf8834706,cc581d00-f04e-4278-8aaf-0ecbd93e9b04,->,12acfc45-bdfb-4343-9004-9be15dfd844c,991eb2a8-284a-4290-ae08-f54cf8834706,609517a1-3a8b-4bd9-8623-3cae47c33a17
12acfc45-bdfb-4343-9004-9be15dfd844c,991eb2a8-284a-4290-ae08-f54cf8834706,cc581d00-f04e-4278-8aaf-0ecbd93e9b04,->,12acfc45-bdfb-4343-9004-9be15dfd844c,java/lang/StringBuilder.java,append
12acfc45-bdfb-4343-9004-9be15dfd844c,991eb2a8-284a-4290-ae08-f54cf8834706,cc581d00-f04e-4278-8aaf-0ecbd93e9b04,->,12acfc45-bdfb-4343-9004-9be15dfd844c,java/lang/StringBuilder.java,append
12acfc45-bdfb-4343-9004-9be15dfd844c,991eb2a8-284a-4290-ae08-f54cf8834706,cc581d00-f04e-4278-8aaf-0ecbd93e9b04,->,12acfc45-bdfb-4343-9004-9be15dfd844c,java/lang/StringBuilder.java,append
12acfc45-bdfb-4343-9004-9be15dfd844c,991eb2a8-284a-4290-ae08-f54cf8834706,cc581d00-f04e-4278-8aaf-0ecbd93e9b04,->,12acfc45-bdfb-4343-9004-9be15dfd844c,java/lang/StringBuilder.java,toString
12acfc45-bdfb-4343-9004-9be15dfd844c,991eb2a8-284a-4290-ae08-f54cf8834706,cc581d00-f04e-4278-8aaf-0ecbd93e9b04,->,12acfc45-bdfb-4343-9004-9be15dfd844c,991eb2a8-284a-4290-ae08-f54cf8834706,609517a1-3a8b-4bd9-8623-3cae47c33a17
12acfc45-bdfb-4343-9004-9be15dfd844c,991eb2a8-284a-4290-ae08-f54cf8834706,cc581d00-f04e-4278-8aaf-0ecbd93e9b04,->,12acfc45-bdfb-4343-9004-9be15dfd844c,java/lang/StringBuilder.java,append
12acfc45-bdfb-4343-9004-9be15dfd844c,991eb2a8-284a-4290-ae08-f54cf8834706,cc581d00-f04e-4278-8aaf-0ecbd93e9b04,->,12acfc45-bdfb-4343-9004-9be15dfd844c,991eb2a8-284a-4290-ae08-f54cf8834706,26ef4ae0-57cb-4083-a56f-eaf4b81cb1ad
12acfc45-bdfb-4343-9004-9be15dfd844c,991eb2a8-284a-4290-ae08-f54cf8834706,cc581d00-f04e-4278-8aaf-0ecbd93e9b04,->,12acfc45-bdfb-4343-9004-9be15dfd844c,java/lang/StringBuilder.java,append
12acfc45-bdfb-4343-9004-9be15dfd844c,991eb2a8-284a-4290-ae08-f54cf8834706,cc581d00-f04e-4278-8aaf-0ecbd93e9b04,->,12acfc45-bdfb-4343-9004-9be15dfd844c,java/lang/StringBuilder.java,append
12acfc45-bdfb-4343-9004-9be15dfd844c,991eb2a8-284a-4290-ae08-f54cf8834706,cc581d00-f04e-4278-8aaf-0ecbd93e9b04,->,12acfc45-bdfb-4343-9004-9be15dfd844c,java/lang/StringBuilder.java,toString
12acfc45-bdfb-4343-9004-9be15dfd844c,991eb2a8-284a-4290-ae08-f54cf8834706,cc581d00-f04e-4278-8aaf-0ecbd93e9b04,->,12acfc45-bdfb-4343-9004-9be15dfd844c,991eb2a8-284a-4290-ae08-f54cf8834706,609517a1-3a8b-4bd9-8623-3cae47c33a17
12acfc45-bdfb-4343-9004-9be15dfd844c,991eb2a8-284a-4290-ae08-f54cf8834706,cc581d00-f04e-4278-8aaf-0ecbd93e9b04,->,12acfc45-bdfb-4343-9004-9be15dfd844c,java/lang/StringBuilder.java,append
12acfc45-bdfb-4343-9004-9be15dfd844c,991eb2a8-284a-4290-ae08-f54cf8834706,cc581d00-f04e-4278-8aaf-0ecbd93e9b04,->,12acfc45-bdfb-4343-9004-9be15dfd844c,java/lang/StringBuilder.java,append
12acfc45-bdfb-4343-9004-9be15dfd844c,991eb2a8-284a-4290-ae08-f54cf8834706,cc581d00-f04e-4278-8aaf-0ecbd93e9b04,->,12acfc45-bdfb-4343-9004-9be15dfd844c,java/lang/StringBuilder.java,append
12acfc45-bdfb-4343-9004-9be15dfd844c,991eb2a8-284a-4290-ae08-f54cf8834706,cc581d00-f04e-4278-8aaf-0ecbd93e9b04,->,12acfc45-bdfb-4343-9004-9be15dfd844c,java/lang/StringBuilder.java,toString
12acfc45-bdfb-4343-9004-9be15dfd844c,991eb2a8-284a-4290-ae08-f54cf8834706,cc581d00-f04e-4278-8aaf-0ecbd93e9b04,->,12acfc45-bdfb-4343-9004-9be15dfd844c,991eb2a8-284a-4290-ae08-f54cf8834706,609517a1-3a8b-4bd9-8623-3cae47c33a17
12acfc45-bdfb-4343-9004-9be15dfd844c,991eb2a8-284a-4290-ae08-f54cf8834706,cc581d00-f04e-4278-8aaf-0ecbd93e9b04,->,12acfc45-bdfb-4343-9004-9be15dfd844c,java/lang/StringBuilder.java,append
12acfc45-bdfb-4343-9004-9be15dfd844c,991eb2a8-284a-4290-ae08-f54cf8834706,cc581d00-f04e-4278-8aaf-0ecbd93e9b04,->,12acfc45-bdfb-4343-9004-9be15dfd844c,991eb2a8-284a-4290-ae08-f54cf8834706,26ef4ae0-57cb-4083-a56f-eaf4b81cb1ad
12acfc45-bdfb-4343-9004-9be15dfd844c,991eb2a8-284a-4290-ae08-f54cf8834706,cc581d00-f04e-4278-8aaf-0ecbd93e9b04,->,12acfc45-bdfb-4343-9004-9be15dfd844c,991eb2a8-284a-4290-ae08-f54cf8834706,92a52a14-bf03-44e2-af71-f79988e7ee23
12acfc45-bdfb-4343-9004-9be15dfd844c,991eb2a8-284a-4290-ae08-f54cf8834706,cc581d00-f04e-4278-8aaf-0ecbd93e9b04,->,12acfc45-bdfb-4343-9004-9be15dfd844c,java/lang/StringBuilder.java,append
12acfc45-bdfb-4343-9004-9be15dfd844c,991eb2a8-284a-4290-ae08-f54cf8834706,cc581d00-f04e-4278-8aaf-0ecbd93e9b04,->,12acfc45-bdfb-4343-9004-9be15dfd844c,java/lang/StringBuilder.java,append
12acfc45-bdfb-4343-9004-9be15dfd844c,991eb2a8-284a-4290-ae08-f54cf8834706,cc581d00-f04e-4278-8aaf-0ecbd93e9b04,->,12acfc45-bdfb-4343-9004-9be15dfd844c,java/lang/StringBuilder.java,toString
12acfc45-bdfb-4343-9004-9be15dfd844c,991eb2a8-284a-4290-ae08-f54cf8834706,cc581d00-f04e-4278-8aaf-0ecbd93e9b04,->,12acfc45-bdfb-4343-9004-9be15dfd844c,991eb2a8-284a-4290-ae08-f54cf8834706,609517a1-3a8b-4bd9-8623-3cae47c33a17
12acfc45-bdfb-4343-9004-9be15dfd844c,991eb2a8-284a-4290-ae08-f54cf8834706,cc581d00-f04e-4278-8aaf-0ecbd93e9b04,->,12acfc45-bdfb-4343-9004-9be15dfd844c,java/lang/StringBuilder.java,append
12acfc45-bdfb-4343-9004-9be15dfd844c,991eb2a8-284a-4290-ae08-f54cf8834706,cc581d00-f04e-4278-8aaf-0ecbd93e9b04,->,12acfc45-bdfb-4343-9004-9be15dfd844c,java/lang/StringBuilder.java,append
12acfc45-bdfb-4343-9004-9be15dfd844c,991eb2a8-284a-4290-ae08-f54cf8834706,cc581d00-f04e-4278-8aaf-0ecbd93e9b04,->,12acfc45-bdfb-4343-9004-9be15dfd844c,java/lang/StringBuilder.java,append
12acfc45-bdfb-4343-9004-9be15dfd844c,991eb2a8-284a-4290-ae08-f54cf8834706,cc581d00-f04e-4278-8aaf-0ecbd93e9b04,->,12acfc45-bdfb-4343-9004-9be15dfd844c,java/lang/StringBuilder.java,toString
12acfc45-bdfb-4343-9004-9be15dfd844c,991eb2a8-284a-4290-ae08-f54cf8834706,cc581d00-f04e-4278-8aaf-0ecbd93e9b04,->,12acfc45-bdfb-4343-9004-9be15dfd844c,991eb2a8-284a-4290-ae08-f54cf8834706,609517a1-3a8b-4bd9-8623-3cae47c33a17
12acfc45-bdfb-4343-9004-9be15dfd844c,991eb2a8-284a-4290-ae08-f54cf8834706,cc581d00-f04e-4278-8aaf-0ecbd93e9b04,->,12acfc45-bdfb-4343-9004-9be15dfd844c,java/lang/StringBuilder.java,append
12acfc45-bdfb-4343-9004-9be15dfd844c,991eb2a8-284a-4290-ae08-f54cf8834706,cc581d00-f04e-4278-8aaf-0ecbd93e9b04,->,12acfc45-bdfb-4343-9004-9be15dfd844c,991eb2a8-284a-4290-ae08-f54cf8834706,26ef4ae0-57cb-4083-a56f-eaf4b81cb1ad
12acfc45-bdfb-4343-9004-9be15dfd844c,991eb2a8-284a-4290-ae08-f54cf8834706,cc581d00-f04e-4278-8aaf-0ecbd93e9b04,->,12acfc45-bdfb-4343-9004-9be15dfd844c,java/lang/StringBuilder.java,append
12acfc45-bdfb-4343-9004-9be15dfd844c,991eb2a8-284a-4290-ae08-f54cf8834706,cc581d00-f04e-4278-8aaf-0ecbd93e9b04,->,12acfc45-bdfb-4343-9004-9be15dfd844c,java/lang/StringBuilder.java,append
12acfc45-bdfb-4343-9004-9be15dfd844c,991eb2a8-284a-4290-ae08-f54cf8834706,cc581d00-f04e-4278-8aaf-0ecbd93e9b04,->,12acfc45-bdfb-4343-9004-9be15dfd844c,java/lang/StringBuilder.java,toString
12acfc45-bdfb-4343-9004-9be15dfd844c,991eb2a8-284a-4290-ae08-f54cf8834706,cc581d00-f04e-4278-8aaf-0ecbd93e9b04,->,12acfc45-bdfb-4343-9004-9be15dfd844c,991eb2a8-284a-4290-ae08-f54cf8834706,609517a1-3a8b-4bd9-8623-3cae47c33a17
12acfc45-bdfb-4343-9004-9be15dfd844c,991eb2a8-284a-4290-ae08-f54cf8834706,cc581d00-f04e-4278-8aaf-0ecbd93e9b04,->,12acfc45-bdfb-4343-9004-9be15dfd844c,java/lang/StringBuilder.java,append
12acfc45-bdfb-4343-9004-9be15dfd844c,991eb2a8-284a-4290-ae08-f54cf8834706,cc581d00-f04e-4278-8aaf-0ecbd93e9b04,->,12acfc45-bdfb-4343-9004-9be15dfd844c,java/lang/StringBuilder.java,append
12acfc45-bdfb-4343-9004-9be15dfd844c,991eb2a8-284a-4290-ae08-f54cf8834706,cc581d00-f04e-4278-8aaf-0ecbd93e9b04,->,12acfc45-bdfb-4343-9004-9be15dfd844c,java/lang/StringBuilder.java,append
12acfc45-bdfb-4343-9004-9be15dfd844c,991eb2a8-284a-4290-ae08-f54cf8834706,cc581d00-f04e-4278-8aaf-0ecbd93e9b04,->,12acfc45-bdfb-4343-9004-9be15dfd844c,java/lang/StringBuilder.java,toString
12acfc45-bdfb-4343-9004-9be15dfd844c,991eb2a8-284a-4290-ae08-f54cf8834706,cc581d00-f04e-4278-8aaf-0ecbd93e9b04,->,12acfc45-bdfb-4343-9004-9be15dfd844c,991eb2a8-284a-4290-ae08-f54cf8834706,609517a1-3a8b-4bd9-8623-3cae47c33a17
12acfc45-bdfb-4343-9004-9be15dfd844c,991eb2a8-284a-4290-ae08-f54cf8834706,cc581d00-f04e-4278-8aaf-0ecbd93e9b04,->,12acfc45-bdfb-4343-9004-9be15dfd844c,java/lang/StringBuilder.java,append
12acfc45-bdfb-4343-9004-9be15dfd844c,991eb2a8-284a-4290-ae08-f54cf8834706,cc581d00-f04e-4278-8aaf-0ecbd93e9b04,->,12acfc45-bdfb-4343-9004-9be15dfd844c,991eb2a8-284a-4290-ae08-f54cf8834706,26ef4ae0-57cb-4083-a56f-eaf4b81cb1ad
12acfc45-bdfb-4343-9004-9be15dfd844c,991eb2a8-284a-4290-ae08-f54cf8834706,cc581d00-f04e-4278-8aaf-0ecbd93e9b04,->,12acfc45-bdfb-4343-9004-9be15dfd844c,991eb2a8-284a-4290-ae08-f54cf8834706,92a52a14-bf03-44e2-af71-f79988e7ee23
12acfc45-bdfb-4343-9004-9be15dfd844c,991eb2a8-284a-4290-ae08-f54cf8834706,cc581d00-f04e-4278-8aaf-0ecbd93e9b04,->,12acfc45-bdfb-4343-9004-9be15dfd844c,java/lang/StringBuilder.java,append
12acfc45-bdfb-4343-9004-9be15dfd844c,991eb2a8-284a-4290-ae08-f54cf8834706,cc581d00-f04e-4278-8aaf-0ecbd93e9b04,->,12acfc45-bdfb-4343-9004-9be15dfd844c,java/lang/StringBuilder.java,append
12acfc45-bdfb-4343-9004-9be15dfd844c,991eb2a8-284a-4290-ae08-f54cf8834706,cc581d00-f04e-4278-8aaf-0ecbd93e9b04,->,12acfc45-bdfb-4343-9004-9be15dfd844c,java/lang/StringBuilder.java,toString
12acfc45-bdfb-4343-9004-9be15dfd844c,991eb2a8-284a-4290-ae08-f54cf8834706,cc581d00-f04e-4278-8aaf-0ecbd93e9b04,->,12acfc45-bdfb-4343-9004-9be15dfd844c,991eb2a8-284a-4290-ae08-f54cf8834706,609517a1-3a8b-4bd9-8623-3cae47c33a17
12acfc45-bdfb-4343-9004-9be15dfd844c,991eb2a8-284a-4290-ae08-f54cf8834706,cc581d00-f04e-4278-8aaf-0ecbd93e9b04,->,12acfc45-bdfb-4343-9004-9be15dfd844c,java/lang/StringBuilder.java,append
12acfc45-bdfb-4343-9004-9be15dfd844c,991eb2a8-284a-4290-ae08-f54cf8834706,cc581d00-f04e-4278-8aaf-0ecbd93e9b04,->,12acfc45-bdfb-4343-9004-9be15dfd844c,java/lang/StringBuilder.java,append
12acfc45-bdfb-4343-9004-9be15dfd844c,991eb2a8-284a-4290-ae08-f54cf8834706,cc581d00-f04e-4278-8aaf-0ecbd93e9b04,->,12acfc45-bdfb-4343-9004-9be15dfd844c,java/lang/StringBuilder.java,append
12acfc45-bdfb-4343-9004-9be15dfd844c,991eb2a8-284a-4290-ae08-f54cf8834706,cc581d00-f04e-4278-8aaf-0ecbd93e9b04,->,12acfc45-bdfb-4343-9004-9be15dfd844c,java/lang/StringBuilder.java,toString
12acfc45-bdfb-4343-9004-9be15dfd844c,991eb2a8-284a-4290-ae08-f54cf8834706,cc581d00-f04e-4278-8aaf-0ecbd93e9b04,->,12acfc45-bdfb-4343-9004-9be15dfd844c,991eb2a8-284a-4290-ae08-f54cf8834706,609517a1-3a8b-4bd9-8623-3cae47c33a17
12acfc45-bdfb-4343-9004-9be15dfd844c,991eb2a8-284a-4290-ae08-f54cf8834706,cc581d00-f04e-4278-8aaf-0ecbd93e9b04,->,12acfc45-bdfb-4343-9004-9be15dfd844c,java/lang/StringBuilder.java,append
12acfc45-bdfb-4343-9004-9be15dfd844c,991eb2a8-284a-4290-ae08-f54cf8834706,cc581d00-f04e-4278-8aaf-0ecbd93e9b04,->,12acfc45-bdfb-4343-9004-9be15dfd844c,991eb2a8-284a-4290-ae08-f54cf8834706,26ef4ae0-57cb-4083-a56f-eaf4b81cb1ad
12acfc45-bdfb-4343-9004-9be15dfd844c,991eb2a8-284a-4290-ae08-f54cf8834706,cc581d00-f04e-4278-8aaf-0ecbd93e9b04,->,12acfc45-bdfb-4343-9004-9be15dfd844c,java/lang/StringBuilder.java,append
12acfc45-bdfb-4343-9004-9be15dfd844c,991eb2a8-284a-4290-ae08-f54cf8834706,cc581d00-f04e-4278-8aaf-0ecbd93e9b04,->,12acfc45-bdfb-4343-9004-9be15dfd844c,java/lang/StringBuilder.java,append
12acfc45-bdfb-4343-9004-9be15dfd844c,991eb2a8-284a-4290-ae08-f54cf8834706,cc581d00-f04e-4278-8aaf-0ecbd93e9b04,->,12acfc45-bdfb-4343-9004-9be15dfd844c,java/lang/StringBuilder.java,toString
12acfc45-bdfb-4343-9004-9be15dfd844c,991eb2a8-284a-4290-ae08-f54cf8834706,cc581d00-f04e-4278-8aaf-0ecbd93e9b04,->,12acfc45-bdfb-4343-9004-9be15dfd844c,991eb2a8-284a-4290-ae08-f54cf8834706,609517a1-3a8b-4bd9-8623-3cae47c33a17
12acfc45-bdfb-4343-9004-9be15dfd844c,991eb2a8-284a-4290-ae08-f54cf8834706,cc581d00-f04e-4278-8aaf-0ecbd93e9b04,->,12acfc45-bdfb-4343-9004-9be15dfd844c,java/lang/StringBuilder.java,append
12acfc45-bdfb-4343-9004-9be15dfd844c,991eb2a8-284a-4290-ae08-f54cf8834706,cc581d00-f04e-4278-8aaf-0ecbd93e9b04,->,12acfc45-bdfb-4343-9004-9be15dfd844c,java/lang/StringBuilder.java,append
12acfc45-bdfb-4343-9004-9be15dfd844c,991eb2a8-284a-4290-ae08-f54cf8834706,cc581d00-f04e-4278-8aaf-0ecbd93e9b04,->,12acfc45-bdfb-4343-9004-9be15dfd844c,java/lang/StringBuilder.java,append
12acfc45-bdfb-4343-9004-9be15dfd844c,991eb2a8-284a-4290-ae08-f54cf8834706,cc581d00-f04e-4278-8aaf-0ecbd93e9b04,->,12acfc45-bdfb-4343-9004-9be15dfd844c,java/lang/StringBuilder.java,toString
12acfc45-bdfb-4343-9004-9be15dfd844c,991eb2a8-284a-4290-ae08-f54cf8834706,cc581d00-f04e-4278-8aaf-0ecbd93e9b04,->,12acfc45-bdfb-4343-9004-9be15dfd844c,991eb2a8-284a-4290-ae08-f54cf8834706,609517a1-3a8b-4bd9-8623-3cae47c33a17
12acfc45-bdfb-4343-9004-9be15dfd844c,991eb2a8-284a-4290-ae08-f54cf8834706,cc581d00-f04e-4278-8aaf-0ecbd93e9b04,->,12acfc45-bdfb-4343-9004-9be15dfd844c,java/lang/StringBuilder.java,append
12acfc45-bdfb-4343-9004-9be15dfd844c,991eb2a8-284a-4290-ae08-f54cf8834706,cc581d00-f04e-4278-8aaf-0ecbd93e9b04,->,12acfc45-bdfb-4343-9004-9be15dfd844c,991eb2a8-284a-4290-ae08-f54cf8834706,26ef4ae0-57cb-4083-a56f-eaf4b81cb1ad
12acfc45-bdfb-4343-9004-9be15dfd844c,991eb2a8-284a-4290-ae08-f54cf8834706,cc581d00-f04e-4278-8aaf-0ecbd93e9b04,->,12acfc45-bdfb-4343-9004-9be15dfd844c,991eb2a8-284a-4290-ae08-f54cf8834706,92a52a14-bf03-44e2-af71-f79988e7ee23
12acfc45-bdfb-4343-9004-9be15dfd844c,991eb2a8-284a-4290-ae08-f54cf8834706,cc581d00-f04e-4278-8aaf-0ecbd93e9b04,->,12acfc45-bdfb-4343-9004-9be15dfd844c,java/lang/StringBuilder.java,append
12acfc45-bdfb-4343-9004-9be15dfd844c,991eb2a8-284a-4290-ae08-f54cf8834706,cc581d00-f04e-4278-8aaf-0ecbd93e9b04,->,12acfc45-bdfb-4343-9004-9be15dfd844c,java/lang/StringBuilder.java,append
12acfc45-bdfb-4343-9004-9be15dfd844c,991eb2a8-284a-4290-ae08-f54cf8834706,cc581d00-f04e-4278-8aaf-0ecbd93e9b04,->,12acfc45-bdfb-4343-9004-9be15dfd844c,java/lang/StringBuilder.java,toString
12acfc45-bdfb-4343-9004-9be15dfd844c,991eb2a8-284a-4290-ae08-f54cf8834706,cc581d00-f04e-4278-8aaf-0ecbd93e9b04,->,12acfc45-bdfb-4343-9004-9be15dfd844c,991eb2a8-284a-4290-ae08-f54cf8834706,609517a1-3a8b-4bd9-8623-3cae47c33a17
12acfc45-bdfb-4343-9004-9be15dfd844c,991eb2a8-284a-4290-ae08-f54cf8834706,cc581d00-f04e-4278-8aaf-0ecbd93e9b04,->,12acfc45-bdfb-4343-9004-9be15dfd844c,java/lang/StringBuilder.java,append
12acfc45-bdfb-4343-9004-9be15dfd844c,991eb2a8-284a-4290-ae08-f54cf8834706,cc581d00-f04e-4278-8aaf-0ecbd93e9b04,->,12acfc45-bdfb-4343-9004-9be15dfd844c,java/lang/StringBuilder.java,append
12acfc45-bdfb-4343-9004-9be15dfd844c,991eb2a8-284a-4290-ae08-f54cf8834706,cc581d00-f04e-4278-8aaf-0ecbd93e9b04,->,12acfc45-bdfb-4343-9004-9be15dfd844c,java/lang/StringBuilder.java,append
12acfc45-bdfb-4343-9004-9be15dfd844c,991eb2a8-284a-4290-ae08-f54cf8834706,cc581d00-f04e-4278-8aaf-0ecbd93e9b04,->,12acfc45-bdfb-4343-9004-9be15dfd844c,java/lang/StringBuilder.java,toString
12acfc45-bdfb-4343-9004-9be15dfd844c,991eb2a8-284a-4290-ae08-f54cf8834706,cc581d00-f04e-4278-8aaf-0ecbd93e9b04,->,12acfc45-bdfb-4343-9004-9be15dfd844c,991eb2a8-284a-4290-ae08-f54cf8834706,609517a1-3a8b-4bd9-8623-3cae47c33a17
12acfc45-bdfb-4343-9004-9be15dfd844c,991eb2a8-284a-4290-ae08-f54cf8834706,cc581d00-f04e-4278-8aaf-0ecbd93e9b04,->,12acfc45-bdfb-4343-9004-9be15dfd844c,java/lang/StringBuilder.java,append
12acfc45-bdfb-4343-9004-9be15dfd844c,991eb2a8-284a-4290-ae08-f54cf8834706,cc581d00-f04e-4278-8aaf-0ecbd93e9b04,->,12acfc45-bdfb-4343-9004-9be15dfd844c,991eb2a8-284a-4290-ae08-f54cf8834706,26ef4ae0-57cb-4083-a56f-eaf4b81cb1ad
12acfc45-bdfb-4343-9004-9be15dfd844c,991eb2a8-284a-4290-ae08-f54cf8834706,cc581d00-f04e-4278-8aaf-0ecbd93e9b04,->,12acfc45-bdfb-4343-9004-9be15dfd844c,java/lang/StringBuilder.java,append
12acfc45-bdfb-4343-9004-9be15dfd844c,991eb2a8-284a-4290-ae08-f54cf8834706,cc581d00-f04e-4278-8aaf-0ecbd93e9b04,->,12acfc45-bdfb-4343-9004-9be15dfd844c,java/lang/StringBuilder.java,append
12acfc45-bdfb-4343-9004-9be15dfd844c,991eb2a8-284a-4290-ae08-f54cf8834706,cc581d00-f04e-4278-8aaf-0ecbd93e9b04,->,12acfc45-bdfb-4343-9004-9be15dfd844c,java/lang/StringBuilder.java,toString
12acfc45-bdfb-4343-9004-9be15dfd844c,991eb2a8-284a-4290-ae08-f54cf8834706,cc581d00-f04e-4278-8aaf-0ecbd93e9b04,->,12acfc45-bdfb-4343-9004-9be15dfd844c,991eb2a8-284a-4290-ae08-f54cf8834706,609517a1-3a8b-4bd9-8623-3cae47c33a17
12acfc45-bdfb-4343-9004-9be15dfd844c,991eb2a8-284a-4290-ae08-f54cf8834706,cc581d00-f04e-4278-8aaf-0ecbd93e9b04,->,12acfc45-bdfb-4343-9004-9be15dfd844c,java/lang/StringBuilder.java,append
12acfc45-bdfb-4343-9004-9be15dfd844c,991eb2a8-284a-4290-ae08-f54cf8834706,cc581d00-f04e-4278-8aaf-0ecbd93e9b04,->,12acfc45-bdfb-4343-9004-9be15dfd844c,java/lang/StringBuilder.java,append
12acfc45-bdfb-4343-9004-9be15dfd844c,991eb2a8-284a-4290-ae08-f54cf8834706,cc581d00-f04e-4278-8aaf-0ecbd93e9b04,->,12acfc45-bdfb-4343-9004-9be15dfd844c,java/lang/StringBuilder.java,append
12acfc45-bdfb-4343-9004-9be15dfd844c,991eb2a8-284a-4290-ae08-f54cf8834706,cc581d00-f04e-4278-8aaf-0ecbd93e9b04,->,12acfc45-bdfb-4343-9004-9be15dfd844c,java/lang/StringBuilder.java,toString
12acfc45-bdfb-4343-9004-9be15dfd844c,991eb2a8-284a-4290-ae08-f54cf8834706,cc581d00-f04e-4278-8aaf-0ecbd93e9b04,->,12acfc45-bdfb-4343-9004-9be15dfd844c,991eb2a8-284a-4290-ae08-f54cf8834706,609517a1-3a8b-4bd9-8623-3cae47c33a17
12acfc45-bdfb-4343-9004-9be15dfd844c,991eb2a8-284a-4290-ae08-f54cf8834706,cc581d00-f04e-4278-8aaf-0ecbd93e9b04,->,12acfc45-bdfb-4343-9004-9be15dfd844c,java/lang/StringBuilder.java,append
12acfc45-bdfb-4343-9004-9be15dfd844c,991eb2a8-284a-4290-ae08-f54cf8834706,cc581d00-f04e-4278-8aaf-0ecbd93e9b04,->,12acfc45-bdfb-4343-9004-9be15dfd844c,991eb2a8-284a-4290-ae08-f54cf8834706,26ef4ae0-57cb-4083-a56f-eaf4b81cb1ad
12acfc45-bdfb-4343-9004-9be15dfd844c,991eb2a8-284a-4290-ae08-f54cf8834706,cc581d00-f04e-4278-8aaf-0ecbd93e9b04,->,12acfc45-bdfb-4343-9004-9be15dfd844c,991eb2a8-284a-4290-ae08-f54cf8834706,92a52a14-bf03-44e2-af71-f79988e7ee23
12acfc45-bdfb-4343-9004-9be15dfd844c,991eb2a8-284a-4290-ae08-f54cf8834706,cc581d00-f04e-4278-8aaf-0ecbd93e9b04,->,12acfc45-bdfb-4343-9004-9be15dfd844c,java/lang/StringBuilder.java,append
12acfc45-bdfb-4343-9004-9be15dfd844c,991eb2a8-284a-4290-ae08-f54cf8834706,cc581d00-f04e-4278-8aaf-0ecbd93e9b04,->,12acfc45-bdfb-4343-9004-9be15dfd844c,java/lang/StringBuilder.java,append
12acfc45-bdfb-4343-9004-9be15dfd844c,991eb2a8-284a-4290-ae08-f54cf8834706,cc581d00-f04e-4278-8aaf-0ecbd93e9b04,->,12acfc45-bdfb-4343-9004-9be15dfd844c,java/lang/StringBuilder.java,toString
12acfc45-bdfb-4343-9004-9be15dfd844c,991eb2a8-284a-4290-ae08-f54cf8834706,cc581d00-f04e-4278-8aaf-0ecbd93e9b04,->,12acfc45-bdfb-4343-9004-9be15dfd844c,991eb2a8-284a-4290-ae08-f54cf8834706,609517a1-3a8b-4bd9-8623-3cae47c33a17
12acfc45-bdfb-4343-9004-9be15dfd844c,991eb2a8-284a-4290-ae08-f54cf8834706,cc581d00-f04e-4278-8aaf-0ecbd93e9b04,->,12acfc45-bdfb-4343-9004-9be15dfd844c,java/lang/StringBuilder.java,append
12acfc45-bdfb-4343-9004-9be15dfd844c,991eb2a8-284a-4290-ae08-f54cf8834706,cc581d00-f04e-4278-8aaf-0ecbd93e9b04,->,12acfc45-bdfb-4343-9004-9be15dfd844c,java/lang/StringBuilder.java,append
12acfc45-bdfb-4343-9004-9be15dfd844c,991eb2a8-284a-4290-ae08-f54cf8834706,cc581d00-f04e-4278-8aaf-0ecbd93e9b04,->,12acfc45-bdfb-4343-9004-9be15dfd844c,java/lang/StringBuilder.java,append
12acfc45-bdfb-4343-9004-9be15dfd844c,991eb2a8-284a-4290-ae08-f54cf8834706,cc581d00-f04e-4278-8aaf-0ecbd93e9b04,->,12acfc45-bdfb-4343-9004-9be15dfd844c,java/lang/StringBuilder.java,toString
12acfc45-bdfb-4343-9004-9be15dfd844c,991eb2a8-284a-4290-ae08-f54cf8834706,cc581d00-f04e-4278-8aaf-0ecbd93e9b04,->,12acfc45-bdfb-4343-9004-9be15dfd844c,991eb2a8-284a-4290-ae08-f54cf8834706,609517a1-3a8b-4bd9-8623-3cae47c33a17
12acfc45-bdfb-4343-9004-9be15dfd844c,991eb2a8-284a-4290-ae08-f54cf8834706,cc581d00-f04e-4278-8aaf-0ecbd93e9b04,->,12acfc45-bdfb-4343-9004-9be15dfd844c,java/lang/StringBuilder.java,append
12acfc45-bdfb-4343-9004-9be15dfd844c,991eb2a8-284a-4290-ae08-f54cf8834706,cc581d00-f04e-4278-8aaf-0ecbd93e9b04,->,12acfc45-bdfb-4343-9004-9be15dfd844c,991eb2a8-284a-4290-ae08-f54cf8834706,26ef4ae0-57cb-4083-a56f-eaf4b81cb1ad
12acfc45-bdfb-4343-9004-9be15dfd844c,991eb2a8-284a-4290-ae08-f54cf8834706,cc581d00-f04e-4278-8aaf-0ecbd93e9b04,->,12acfc45-bdfb-4343-9004-9be15dfd844c,java/lang/StringBuilder.java,append
12acfc45-bdfb-4343-9004-9be15dfd844c,991eb2a8-284a-4290-ae08-f54cf8834706,cc581d00-f04e-4278-8aaf-0ecbd93e9b04,->,12acfc45-bdfb-4343-9004-9be15dfd844c,java/lang/StringBuilder.java,append
12acfc45-bdfb-4343-9004-9be15dfd844c,991eb2a8-284a-4290-ae08-f54cf8834706,cc581d00-f04e-4278-8aaf-0ecbd93e9b04,->,12acfc45-bdfb-4343-9004-9be15dfd844c,java/lang/StringBuilder.java,toString
12acfc45-bdfb-4343-9004-9be15dfd844c,991eb2a8-284a-4290-ae08-f54cf8834706,cc581d00-f04e-4278-8aaf-0ecbd93e9b04,->,12acfc45-bdfb-4343-9004-9be15dfd844c,991eb2a8-284a-4290-ae08-f54cf8834706,609517a1-3a8b-4bd9-8623-3cae47c33a17
12acfc45-bdfb-4343-9004-9be15dfd844c,991eb2a8-284a-4290-ae08-f54cf8834706,cc581d00-f04e-4278-8aaf-0ecbd93e9b04,->,12acfc45-bdfb-4343-9004-9be15dfd844c,java/lang/StringBuilder.java,append
12acfc45-bdfb-4343-9004-9be15dfd844c,991eb2a8-284a-4290-ae08-f54cf8834706,cc581d00-f04e-4278-8aaf-0ecbd93e9b04,->,12acfc45-bdfb-4343-9004-9be15dfd844c,java/lang/StringBuilder.java,append
12acfc45-bdfb-4343-9004-9be15dfd844c,991eb2a8-284a-4290-ae08-f54cf8834706,cc581d00-f04e-4278-8aaf-0ecbd93e9b04,->,12acfc45-bdfb-4343-9004-9be15dfd844c,java/lang/StringBuilder.java,append
12acfc45-bdfb-4343-9004-9be15dfd844c,991eb2a8-284a-4290-ae08-f54cf8834706,cc581d00-f04e-4278-8aaf-0ecbd93e9b04,->,12acfc45-bdfb-4343-9004-9be15dfd844c,java/lang/StringBuilder.java,toString
12acfc45-bdfb-4343-9004-9be15dfd844c,991eb2a8-284a-4290-ae08-f54cf8834706,cc581d00-f04e-4278-8aaf-0ecbd93e9b04,->,12acfc45-bdfb-4343-9004-9be15dfd844c,991eb2a8-284a-4290-ae08-f54cf8834706,609517a1-3a8b-4bd9-8623-3cae47c33a17
12acfc45-bdfb-4343-9004-9be15dfd844c,991eb2a8-284a-4290-ae08-f54cf8834706,cc581d00-f04e-4278-8aaf-0ecbd93e9b04,->,12acfc45-bdfb-4343-9004-9be15dfd844c,java/lang/StringBuilder.java,append
12acfc45-bdfb-4343-9004-9be15dfd844c,991eb2a8-284a-4290-ae08-f54cf8834706,cc581d00-f04e-4278-8aaf-0ecbd93e9b04,->,12acfc45-bdfb-4343-9004-9be15dfd844c,991eb2a8-284a-4290-ae08-f54cf8834706,26ef4ae0-57cb-4083-a56f-eaf4b81cb1ad
12acfc45-bdfb-4343-9004-9be15dfd844c,991eb2a8-284a-4290-ae08-f54cf8834706,cc581d00-f04e-4278-8aaf-0ecbd93e9b04,->,12acfc45-bdfb-4343-9004-9be15dfd844c,991eb2a8-284a-4290-ae08-f54cf8834706,92a52a14-bf03-44e2-af71-f79988e7ee23
12acfc45-bdfb-4343-9004-9be15dfd844c,991eb2a8-284a-4290-ae08-f54cf8834706,cc581d00-f04e-4278-8aaf-0ecbd93e9b04,->,12acfc45-bdfb-4343-9004-9be15dfd844c,java/lang/StringBuilder.java,append
12acfc45-bdfb-4343-9004-9be15dfd844c,991eb2a8-284a-4290-ae08-f54cf8834706,cc581d00-f04e-4278-8aaf-0ecbd93e9b04,->,12acfc45-bdfb-4343-9004-9be15dfd844c,java/lang/StringBuilder.java,append
12acfc45-bdfb-4343-9004-9be15dfd844c,991eb2a8-284a-4290-ae08-f54cf8834706,cc581d00-f04e-4278-8aaf-0ecbd93e9b04,->,12acfc45-bdfb-4343-9004-9be15dfd844c,java/lang/StringBuilder.java,toString
12acfc45-bdfb-4343-9004-9be15dfd844c,991eb2a8-284a-4290-ae08-f54cf8834706,cc581d00-f04e-4278-8aaf-0ecbd93e9b04,->,12acfc45-bdfb-4343-9004-9be15dfd844c,991eb2a8-284a-4290-ae08-f54cf8834706,609517a1-3a8b-4bd9-8623-3cae47c33a17
12acfc45-bdfb-4343-9004-9be15dfd844c,991eb2a8-284a-4290-ae08-f54cf8834706,cc581d00-f04e-4278-8aaf-0ecbd93e9b04,->,12acfc45-bdfb-4343-9004-9be15dfd844c,java/lang/StringBuilder.java,append
12acfc45-bdfb-4343-9004-9be15dfd844c,991eb2a8-284a-4290-ae08-f54cf8834706,cc581d00-f04e-4278-8aaf-0ecbd93e9b04,->,12acfc45-bdfb-4343-9004-9be15dfd844c,java/lang/StringBuilder.java,append
12acfc45-bdfb-4343-9004-9be15dfd844c,991eb2a8-284a-4290-ae08-f54cf8834706,cc581d00-f04e-4278-8aaf-0ecbd93e9b04,->,12acfc45-bdfb-4343-9004-9be15dfd844c,java/lang/StringBuilder.java,append
12acfc45-bdfb-4343-9004-9be15dfd844c,991eb2a8-284a-4290-ae08-f54cf8834706,cc581d00-f04e-4278-8aaf-0ecbd93e9b04,->,12acfc45-bdfb-4343-9004-9be15dfd844c,java/lang/StringBuilder.java,toString
12acfc45-bdfb-4343-9004-9be15dfd844c,991eb2a8-284a-4290-ae08-f54cf8834706,cc581d00-f04e-4278-8aaf-0ecbd93e9b04,->,12acfc45-bdfb-4343-9004-9be15dfd844c,991eb2a8-284a-4290-ae08-f54cf8834706,609517a1-3a8b-4bd9-8623-3cae47c33a17
12acfc45-bdfb-4343-9004-9be15dfd844c,991eb2a8-284a-4290-ae08-f54cf8834706,cc581d00-f04e-4278-8aaf-0ecbd93e9b04,->,12acfc45-bdfb-4343-9004-9be15dfd844c,java/lang/StringBuilder.java,append
12acfc45-bdfb-4343-9004-9be15dfd844c,991eb2a8-284a-4290-ae08-f54cf8834706,cc581d00-f04e-4278-8aaf-0ecbd93e9b04,->,12acfc45-bdfb-4343-9004-9be15dfd844c,991eb2a8-284a-4290-ae08-f54cf8834706,26ef4ae0-57cb-4083-a56f-eaf4b81cb1ad
12acfc45-bdfb-4343-9004-9be15dfd844c,991eb2a8-284a-4290-ae08-f54cf8834706,cc581d00-f04e-4278-8aaf-0ecbd93e9b04,->,12acfc45-bdfb-4343-9004-9be15dfd844c,java/lang/StringBuilder.java,append
12acfc45-bdfb-4343-9004-9be15dfd844c,991eb2a8-284a-4290-ae08-f54cf8834706,cc581d00-f04e-4278-8aaf-0ecbd93e9b04,->,12acfc45-bdfb-4343-9004-9be15dfd844c,java/lang/StringBuilder.java,append
12acfc45-bdfb-4343-9004-9be15dfd844c,991eb2a8-284a-4290-ae08-f54cf8834706,cc581d00-f04e-4278-8aaf-0ecbd93e9b04,->,12acfc45-bdfb-4343-9004-9be15dfd844c,java/lang/StringBuilder.java,toString
12acfc45-bdfb-4343-9004-9be15dfd844c,991eb2a8-284a-4290-ae08-f54cf8834706,cc581d00-f04e-4278-8aaf-0ecbd93e9b04,->,12acfc45-bdfb-4343-9004-9be15dfd844c,991eb2a8-284a-4290-ae08-f54cf8834706,609517a1-3a8b-4bd9-8623-3cae47c33a17
12acfc45-bdfb-4343-9004-9be15dfd844c,991eb2a8-284a-4290-ae08-f54cf8834706,cc581d00-f04e-4278-8aaf-0ecbd93e9b04,->,12acfc45-bdfb-4343-9004-9be15dfd844c,java/lang/StringBuilder.java,append
12acfc45-bdfb-4343-9004-9be15dfd844c,991eb2a8-284a-4290-ae08-f54cf8834706,cc581d00-f04e-4278-8aaf-0ecbd93e9b04,->,12acfc45-bdfb-4343-9004-9be15dfd844c,java/lang/StringBuilder.java,append
12acfc45-bdfb-4343-9004-9be15dfd844c,991eb2a8-284a-4290-ae08-f54cf8834706,cc581d00-f04e-4278-8aaf-0ecbd93e9b04,->,12acfc45-bdfb-4343-9004-9be15dfd844c,java/lang/StringBuilder.java,append
12acfc45-bdfb-4343-9004-9be15dfd844c,991eb2a8-284a-4290-ae08-f54cf8834706,cc581d00-f04e-4278-8aaf-0ecbd93e9b04,->,12acfc45-bdfb-4343-9004-9be15dfd844c,java/lang/StringBuilder.java,toString
12acfc45-bdfb-4343-9004-9be15dfd844c,991eb2a8-284a-4290-ae08-f54cf8834706,cc581d00-f04e-4278-8aaf-0ecbd93e9b04,->,12acfc45-bdfb-4343-9004-9be15dfd844c,991eb2a8-284a-4290-ae08-f54cf8834706,609517a1-3a8b-4bd9-8623-3cae47c33a17
12acfc45-bdfb-4343-9004-9be15dfd844c,991eb2a8-284a-4290-ae08-f54cf8834706,cc581d00-f04e-4278-8aaf-0ecbd93e9b04,->,12acfc45-bdfb-4343-9004-9be15dfd844c,java/lang/StringBuilder.java,append
12acfc45-bdfb-4343-9004-9be15dfd844c,991eb2a8-284a-4290-ae08-f54cf8834706,cc581d00-f04e-4278-8aaf-0ecbd93e9b04,->,12acfc45-bdfb-4343-9004-9be15dfd844c,991eb2a8-284a-4290-ae08-f54cf8834706,26ef4ae0-57cb-4083-a56f-eaf4b81cb1ad
12acfc45-bdfb-4343-9004-9be15dfd844c,991eb2a8-284a-4290-ae08-f54cf8834706,cc581d00-f04e-4278-8aaf-0ecbd93e9b04,->,12acfc45-bdfb-4343-9004-9be15dfd844c,991eb2a8-284a-4290-ae08-f54cf8834706,92a52a14-bf03-44e2-af71-f79988e7ee23
12acfc45-bdfb-4343-9004-9be15dfd844c,991eb2a8-284a-4290-ae08-f54cf8834706,cc581d00-f04e-4278-8aaf-0ecbd93e9b04,->,12acfc45-bdfb-4343-9004-9be15dfd844c,java/lang/StringBuilder.java,append
12acfc45-bdfb-4343-9004-9be15dfd844c,991eb2a8-284a-4290-ae08-f54cf8834706,cc581d00-f04e-4278-8aaf-0ecbd93e9b04,->,12acfc45-bdfb-4343-9004-9be15dfd844c,java/lang/StringBuilder.java,append
12acfc45-bdfb-4343-9004-9be15dfd844c,991eb2a8-284a-4290-ae08-f54cf8834706,cc581d00-f04e-4278-8aaf-0ecbd93e9b04,->,12acfc45-bdfb-4343-9004-9be15dfd844c,java/lang/StringBuilder.java,toString
12acfc45-bdfb-4343-9004-9be15dfd844c,991eb2a8-284a-4290-ae08-f54cf8834706,cc581d00-f04e-4278-8aaf-0ecbd93e9b04,->,12acfc45-bdfb-4343-9004-9be15dfd844c,991eb2a8-284a-4290-ae08-f54cf8834706,609517a1-3a8b-4bd9-8623-3cae47c33a17
12acfc45-bdfb-4343-9004-9be15dfd844c,991eb2a8-284a-4290-ae08-f54cf8834706,cc581d00-f04e-4278-8aaf-0ecbd93e9b04,->,12acfc45-bdfb-4343-9004-9be15dfd844c,java/lang/StringBuilder.java,append
12acfc45-bdfb-4343-9004-9be15dfd844c,991eb2a8-284a-4290-ae08-f54cf8834706,cc581d00-f04e-4278-8aaf-0ecbd93e9b04,->,12acfc45-bdfb-4343-9004-9be15dfd844c,java/lang/StringBuilder.java,append
12acfc45-bdfb-4343-9004-9be15dfd844c,991eb2a8-284a-4290-ae08-f54cf8834706,cc581d00-f04e-4278-8aaf-0ecbd93e9b04,->,12acfc45-bdfb-4343-9004-9be15dfd844c,java/lang/StringBuilder.java,append
12acfc45-bdfb-4343-9004-9be15dfd844c,991eb2a8-284a-4290-ae08-f54cf8834706,cc581d00-f04e-4278-8aaf-0ecbd93e9b04,->,12acfc45-bdfb-4343-9004-9be15dfd844c,java/lang/StringBuilder.java,toString
12acfc45-bdfb-4343-9004-9be15dfd844c,991eb2a8-284a-4290-ae08-f54cf8834706,cc581d00-f04e-4278-8aaf-0ecbd93e9b04,->,12acfc45-bdfb-4343-9004-9be15dfd844c,991eb2a8-284a-4290-ae08-f54cf8834706,609517a1-3a8b-4bd9-8623-3cae47c33a17
12acfc45-bdfb-4343-9004-9be15dfd844c,991eb2a8-284a-4290-ae08-f54cf8834706,cc581d00-f04e-4278-8aaf-0ecbd93e9b04,->,12acfc45-bdfb-4343-9004-9be15dfd844c,java/lang/StringBuilder.java,append
12acfc45-bdfb-4343-9004-9be15dfd844c,991eb2a8-284a-4290-ae08-f54cf8834706,cc581d00-f04e-4278-8aaf-0ecbd93e9b04,->,12acfc45-bdfb-4343-9004-9be15dfd844c,991eb2a8-284a-4290-ae08-f54cf8834706,26ef4ae0-57cb-4083-a56f-eaf4b81cb1ad
12acfc45-bdfb-4343-9004-9be15dfd844c,991eb2a8-284a-4290-ae08-f54cf8834706,cc581d00-f04e-4278-8aaf-0ecbd93e9b04,->,12acfc45-bdfb-4343-9004-9be15dfd844c,java/lang/StringBuilder.java,append
12acfc45-bdfb-4343-9004-9be15dfd844c,991eb2a8-284a-4290-ae08-f54cf8834706,cc581d00-f04e-4278-8aaf-0ecbd93e9b04,->,12acfc45-bdfb-4343-9004-9be15dfd844c,java/lang/StringBuilder.java,append
12acfc45-bdfb-4343-9004-9be15dfd844c,991eb2a8-284a-4290-ae08-f54cf8834706,cc581d00-f04e-4278-8aaf-0ecbd93e9b04,->,12acfc45-bdfb-4343-9004-9be15dfd844c,java/lang/StringBuilder.java,toString
12acfc45-bdfb-4343-9004-9be15dfd844c,991eb2a8-284a-4290-ae08-f54cf8834706,cc581d00-f04e-4278-8aaf-0ecbd93e9b04,->,12acfc45-bdfb-4343-9004-9be15dfd844c,991eb2a8-284a-4290-ae08-f54cf8834706,609517a1-3a8b-4bd9-8623-3cae47c33a17
12acfc45-bdfb-4343-9004-9be15dfd844c,991eb2a8-284a-4290-ae08-f54cf8834706,cc581d00-f04e-4278-8aaf-0ecbd93e9b04,->,12acfc45-bdfb-4343-9004-9be15dfd844c,java/lang/StringBuilder.java,append
12acfc45-bdfb-4343-9004-9be15dfd844c,991eb2a8-284a-4290-ae08-f54cf8834706,cc581d00-f04e-4278-8aaf-0ecbd93e9b04,->,12acfc45-bdfb-4343-9004-9be15dfd844c,java/lang/StringBuilder.java,append
12acfc45-bdfb-4343-9004-9be15dfd844c,991eb2a8-284a-4290-ae08-f54cf8834706,cc581d00-f04e-4278-8aaf-0ecbd93e9b04,->,12acfc45-bdfb-4343-9004-9be15dfd844c,java/lang/StringBuilder.java,append
12acfc45-bdfb-4343-9004-9be15dfd844c,991eb2a8-284a-4290-ae08-f54cf8834706,cc581d00-f04e-4278-8aaf-0ecbd93e9b04,->,12acfc45-bdfb-4343-9004-9be15dfd844c,java/lang/StringBuilder.java,toString
12acfc45-bdfb-4343-9004-9be15dfd844c,991eb2a8-284a-4290-ae08-f54cf8834706,cc581d00-f04e-4278-8aaf-0ecbd93e9b04,->,12acfc45-bdfb-4343-9004-9be15dfd844c,991eb2a8-284a-4290-ae08-f54cf8834706,609517a1-3a8b-4bd9-8623-3cae47c33a17
12acfc45-bdfb-4343-9004-9be15dfd844c,991eb2a8-284a-4290-ae08-f54cf8834706,cc581d00-f04e-4278-8aaf-0ecbd93e9b04,->,12acfc45-bdfb-4343-9004-9be15dfd844c,java/lang/StringBuilder.java,append
12acfc45-bdfb-4343-9004-9be15dfd844c,991eb2a8-284a-4290-ae08-f54cf8834706,cc581d00-f04e-4278-8aaf-0ecbd93e9b04,->,12acfc45-bdfb-4343-9004-9be15dfd844c,991eb2a8-284a-4290-ae08-f54cf8834706,26ef4ae0-57cb-4083-a56f-eaf4b81cb1ad
12acfc45-bdfb-4343-9004-9be15dfd844c,991eb2a8-284a-4290-ae08-f54cf8834706,cc581d00-f04e-4278-8aaf-0ecbd93e9b04,->,12acfc45-bdfb-4343-9004-9be15dfd844c,991eb2a8-284a-4290-ae08-f54cf8834706,92a52a14-bf03-44e2-af71-f79988e7ee23
12acfc45-bdfb-4343-9004-9be15dfd844c,991eb2a8-284a-4290-ae08-f54cf8834706,cc581d00-f04e-4278-8aaf-0ecbd93e9b04,->,12acfc45-bdfb-4343-9004-9be15dfd844c,java/lang/StringBuilder.java,append
12acfc45-bdfb-4343-9004-9be15dfd844c,991eb2a8-284a-4290-ae08-f54cf8834706,cc581d00-f04e-4278-8aaf-0ecbd93e9b04,->,12acfc45-bdfb-4343-9004-9be15dfd844c,java/lang/StringBuilder.java,append
12acfc45-bdfb-4343-9004-9be15dfd844c,991eb2a8-284a-4290-ae08-f54cf8834706,cc581d00-f04e-4278-8aaf-0ecbd93e9b04,->,12acfc45-bdfb-4343-9004-9be15dfd844c,java/lang/StringBuilder.java,toString
12acfc45-bdfb-4343-9004-9be15dfd844c,991eb2a8-284a-4290-ae08-f54cf8834706,cc581d00-f04e-4278-8aaf-0ecbd93e9b04,->,12acfc45-bdfb-4343-9004-9be15dfd844c,991eb2a8-284a-4290-ae08-f54cf8834706,609517a1-3a8b-4bd9-8623-3cae47c33a17
12acfc45-bdfb-4343-9004-9be15dfd844c,991eb2a8-284a-4290-ae08-f54cf8834706,cc581d00-f04e-4278-8aaf-0ecbd93e9b04,->,12acfc45-bdfb-4343-9004-9be15dfd844c,java/lang/StringBuilder.java,append
12acfc45-bdfb-4343-9004-9be15dfd844c,991eb2a8-284a-4290-ae08-f54cf8834706,cc581d00-f04e-4278-8aaf-0ecbd93e9b04,->,12acfc45-bdfb-4343-9004-9be15dfd844c,java/lang/StringBuilder.java,append
12acfc45-bdfb-4343-9004-9be15dfd844c,991eb2a8-284a-4290-ae08-f54cf8834706,cc581d00-f04e-4278-8aaf-0ecbd93e9b04,->,12acfc45-bdfb-4343-9004-9be15dfd844c,java/lang/StringBuilder.java,append
12acfc45-bdfb-4343-9004-9be15dfd844c,991eb2a8-284a-4290-ae08-f54cf8834706,cc581d00-f04e-4278-8aaf-0ecbd93e9b04,->,12acfc45-bdfb-4343-9004-9be15dfd844c,java/lang/StringBuilder.java,toString
12acfc45-bdfb-4343-9004-9be15dfd844c,991eb2a8-284a-4290-ae08-f54cf8834706,cc581d00-f04e-4278-8aaf-0ecbd93e9b04,->,12acfc45-bdfb-4343-9004-9be15dfd844c,991eb2a8-284a-4290-ae08-f54cf8834706,609517a1-3a8b-4bd9-8623-3cae47c33a17
12acfc45-bdfb-4343-9004-9be15dfd844c,991eb2a8-284a-4290-ae08-f54cf8834706,cc581d00-f04e-4278-8aaf-0ecbd93e9b04,->,12acfc45-bdfb-4343-9004-9be15dfd844c,java/lang/StringBuilder.java,append
12acfc45-bdfb-4343-9004-9be15dfd844c,991eb2a8-284a-4290-ae08-f54cf8834706,cc581d00-f04e-4278-8aaf-0ecbd93e9b04,->,12acfc45-bdfb-4343-9004-9be15dfd844c,991eb2a8-284a-4290-ae08-f54cf8834706,26ef4ae0-57cb-4083-a56f-eaf4b81cb1ad
12acfc45-bdfb-4343-9004-9be15dfd844c,991eb2a8-284a-4290-ae08-f54cf8834706,cc581d00-f04e-4278-8aaf-0ecbd93e9b04,->,12acfc45-bdfb-4343-9004-9be15dfd844c,java/lang/StringBuilder.java,append
12acfc45-bdfb-4343-9004-9be15dfd844c,991eb2a8-284a-4290-ae08-f54cf8834706,cc581d00-f04e-4278-8aaf-0ecbd93e9b04,->,12acfc45-bdfb-4343-9004-9be15dfd844c,java/lang/StringBuilder.java,append
12acfc45-bdfb-4343-9004-9be15dfd844c,991eb2a8-284a-4290-ae08-f54cf8834706,cc581d00-f04e-4278-8aaf-0ecbd93e9b04,->,12acfc45-bdfb-4343-9004-9be15dfd844c,java/lang/StringBuilder.java,toString
12acfc45-bdfb-4343-9004-9be15dfd844c,991eb2a8-284a-4290-ae08-f54cf8834706,cc581d00-f04e-4278-8aaf-0ecbd93e9b04,->,12acfc45-bdfb-4343-9004-9be15dfd844c,991eb2a8-284a-4290-ae08-f54cf8834706,609517a1-3a8b-4bd9-8623-3cae47c33a17
12acfc45-bdfb-4343-9004-9be15dfd844c,991eb2a8-284a-4290-ae08-f54cf8834706,cc581d00-f04e-4278-8aaf-0ecbd93e9b04,->,12acfc45-bdfb-4343-9004-9be15dfd844c,java/lang/StringBuilder.java,append
12acfc45-bdfb-4343-9004-9be15dfd844c,991eb2a8-284a-4290-ae08-f54cf8834706,cc581d00-f04e-4278-8aaf-0ecbd93e9b04,->,12acfc45-bdfb-4343-9004-9be15dfd844c,java/lang/StringBuilder.java,append
12acfc45-bdfb-4343-9004-9be15dfd844c,991eb2a8-284a-4290-ae08-f54cf8834706,cc581d00-f04e-4278-8aaf-0ecbd93e9b04,->,12acfc45-bdfb-4343-9004-9be15dfd844c,java/lang/StringBuilder.java,append
12acfc45-bdfb-4343-9004-9be15dfd844c,991eb2a8-284a-4290-ae08-f54cf8834706,cc581d00-f04e-4278-8aaf-0ecbd93e9b04,->,12acfc45-bdfb-4343-9004-9be15dfd844c,java/lang/StringBuilder.java,toString
12acfc45-bdfb-4343-9004-9be15dfd844c,991eb2a8-284a-4290-ae08-f54cf8834706,cc581d00-f04e-4278-8aaf-0ecbd93e9b04,->,12acfc45-bdfb-4343-9004-9be15dfd844c,991eb2a8-284a-4290-ae08-f54cf8834706,609517a1-3a8b-4bd9-8623-3cae47c33a17
12acfc45-bdfb-4343-9004-9be15dfd844c,991eb2a8-284a-4290-ae08-f54cf8834706,cc581d00-f04e-4278-8aaf-0ecbd93e9b04,->,12acfc45-bdfb-4343-9004-9be15dfd844c,java/lang/StringBuilder.java,append
12acfc45-bdfb-4343-9004-9be15dfd844c,991eb2a8-284a-4290-ae08-f54cf8834706,cc581d00-f04e-4278-8aaf-0ecbd93e9b04,->,12acfc45-bdfb-4343-9004-9be15dfd844c,991eb2a8-284a-4290-ae08-f54cf8834706,26ef4ae0-57cb-4083-a56f-eaf4b81cb1ad
12acfc45-bdfb-4343-9004-9be15dfd844c,991eb2a8-284a-4290-ae08-f54cf8834706,cc581d00-f04e-4278-8aaf-0ecbd93e9b04,->,12acfc45-bdfb-4343-9004-9be15dfd844c,991eb2a8-284a-4290-ae08-f54cf8834706,92a52a14-bf03-44e2-af71-f79988e7ee23
12acfc45-bdfb-4343-9004-9be15dfd844c,991eb2a8-284a-4290-ae08-f54cf8834706,cc581d00-f04e-4278-8aaf-0ecbd93e9b04,->,12acfc45-bdfb-4343-9004-9be15dfd844c,java/lang/StringBuilder.java,append
12acfc45-bdfb-4343-9004-9be15dfd844c,991eb2a8-284a-4290-ae08-f54cf8834706,cc581d00-f04e-4278-8aaf-0ecbd93e9b04,->,12acfc45-bdfb-4343-9004-9be15dfd844c,java/lang/StringBuilder.java,append
12acfc45-bdfb-4343-9004-9be15dfd844c,991eb2a8-284a-4290-ae08-f54cf8834706,cc581d00-f04e-4278-8aaf-0ecbd93e9b04,->,12acfc45-bdfb-4343-9004-9be15dfd844c,java/lang/StringBuilder.java,toString
12acfc45-bdfb-4343-9004-9be15dfd844c,991eb2a8-284a-4290-ae08-f54cf8834706,cc581d00-f04e-4278-8aaf-0ecbd93e9b04,->,12acfc45-bdfb-4343-9004-9be15dfd844c,991eb2a8-284a-4290-ae08-f54cf8834706,609517a1-3a8b-4bd9-8623-3cae47c33a17
12acfc45-bdfb-4343-9004-9be15dfd844c,991eb2a8-284a-4290-ae08-f54cf8834706,cc581d00-f04e-4278-8aaf-0ecbd93e9b04,->,12acfc45-bdfb-4343-9004-9be15dfd844c,java/lang/StringBuilder.java,append
12acfc45-bdfb-4343-9004-9be15dfd844c,991eb2a8-284a-4290-ae08-f54cf8834706,cc581d00-f04e-4278-8aaf-0ecbd93e9b04,->,12acfc45-bdfb-4343-9004-9be15dfd844c,java/lang/StringBuilder.java,append
12acfc45-bdfb-4343-9004-9be15dfd844c,991eb2a8-284a-4290-ae08-f54cf8834706,cc581d00-f04e-4278-8aaf-0ecbd93e9b04,->,12acfc45-bdfb-4343-9004-9be15dfd844c,java/lang/StringBuilder.java,append
12acfc45-bdfb-4343-9004-9be15dfd844c,991eb2a8-284a-4290-ae08-f54cf8834706,cc581d00-f04e-4278-8aaf-0ecbd93e9b04,->,12acfc45-bdfb-4343-9004-9be15dfd844c,java/lang/StringBuilder.java,toString
12acfc45-bdfb-4343-9004-9be15dfd844c,991eb2a8-284a-4290-ae08-f54cf8834706,cc581d00-f04e-4278-8aaf-0ecbd93e9b04,->,12acfc45-bdfb-4343-9004-9be15dfd844c,991eb2a8-284a-4290-ae08-f54cf8834706,609517a1-3a8b-4bd9-8623-3cae47c33a17
12acfc45-bdfb-4343-9004-9be15dfd844c,991eb2a8-284a-4290-ae08-f54cf8834706,cc581d00-f04e-4278-8aaf-0ecbd93e9b04,->,12acfc45-bdfb-4343-9004-9be15dfd844c,java/lang/StringBuilder.java,append
12acfc45-bdfb-4343-9004-9be15dfd844c,991eb2a8-284a-4290-ae08-f54cf8834706,cc581d00-f04e-4278-8aaf-0ecbd93e9b04,->,12acfc45-bdfb-4343-9004-9be15dfd844c,991eb2a8-284a-4290-ae08-f54cf8834706,26ef4ae0-57cb-4083-a56f-eaf4b81cb1ad
12acfc45-bdfb-4343-9004-9be15dfd844c,991eb2a8-284a-4290-ae08-f54cf8834706,cc581d00-f04e-4278-8aaf-0ecbd93e9b04,->,12acfc45-bdfb-4343-9004-9be15dfd844c,java/lang/StringBuilder.java,append
12acfc45-bdfb-4343-9004-9be15dfd844c,991eb2a8-284a-4290-ae08-f54cf8834706,cc581d00-f04e-4278-8aaf-0ecbd93e9b04,->,12acfc45-bdfb-4343-9004-9be15dfd844c,java/lang/StringBuilder.java,append
12acfc45-bdfb-4343-9004-9be15dfd844c,991eb2a8-284a-4290-ae08-f54cf8834706,cc581d00-f04e-4278-8aaf-0ecbd93e9b04,->,12acfc45-bdfb-4343-9004-9be15dfd844c,java/lang/StringBuilder.java,toString
12acfc45-bdfb-4343-9004-9be15dfd844c,991eb2a8-284a-4290-ae08-f54cf8834706,cc581d00-f04e-4278-8aaf-0ecbd93e9b04,->,12acfc45-bdfb-4343-9004-9be15dfd844c,991eb2a8-284a-4290-ae08-f54cf8834706,609517a1-3a8b-4bd9-8623-3cae47c33a17
12acfc45-bdfb-4343-9004-9be15dfd844c,991eb2a8-284a-4290-ae08-f54cf8834706,cc581d00-f04e-4278-8aaf-0ecbd93e9b04,->,12acfc45-bdfb-4343-9004-9be15dfd844c,java/lang/StringBuilder.java,append
12acfc45-bdfb-4343-9004-9be15dfd844c,991eb2a8-284a-4290-ae08-f54cf8834706,cc581d00-f04e-4278-8aaf-0ecbd93e9b04,->,12acfc45-bdfb-4343-9004-9be15dfd844c,java/lang/StringBuilder.java,append
12acfc45-bdfb-4343-9004-9be15dfd844c,991eb2a8-284a-4290-ae08-f54cf8834706,cc581d00-f04e-4278-8aaf-0ecbd93e9b04,->,12acfc45-bdfb-4343-9004-9be15dfd844c,java/lang/StringBuilder.java,append
12acfc45-bdfb-4343-9004-9be15dfd844c,991eb2a8-284a-4290-ae08-f54cf8834706,cc581d00-f04e-4278-8aaf-0ecbd93e9b04,->,12acfc45-bdfb-4343-9004-9be15dfd844c,java/lang/StringBuilder.java,toString
12acfc45-bdfb-4343-9004-9be15dfd844c,991eb2a8-284a-4290-ae08-f54cf8834706,cc581d00-f04e-4278-8aaf-0ecbd93e9b04,->,12acfc45-bdfb-4343-9004-9be15dfd844c,991eb2a8-284a-4290-ae08-f54cf8834706,609517a1-3a8b-4bd9-8623-3cae47c33a17
12acfc45-bdfb-4343-9004-9be15dfd844c,991eb2a8-284a-4290-ae08-f54cf8834706,cc581d00-f04e-4278-8aaf-0ecbd93e9b04,->,12acfc45-bdfb-4343-9004-9be15dfd844c,java/lang/StringBuilder.java,append
12acfc45-bdfb-4343-9004-9be15dfd844c,991eb2a8-284a-4290-ae08-f54cf8834706,cc581d00-f04e-4278-8aaf-0ecbd93e9b04,->,12acfc45-bdfb-4343-9004-9be15dfd844c,991eb2a8-284a-4290-ae08-f54cf8834706,26ef4ae0-57cb-4083-a56f-eaf4b81cb1ad
12acfc45-bdfb-4343-9004-9be15dfd844c,991eb2a8-284a-4290-ae08-f54cf8834706,cc581d00-f04e-4278-8aaf-0ecbd93e9b04,->,12acfc45-bdfb-4343-9004-9be15dfd844c,991eb2a8-284a-4290-ae08-f54cf8834706,92a52a14-bf03-44e2-af71-f79988e7ee23
12acfc45-bdfb-4343-9004-9be15dfd844c,991eb2a8-284a-4290-ae08-f54cf8834706,cc581d00-f04e-4278-8aaf-0ecbd93e9b04,->,12acfc45-bdfb-4343-9004-9be15dfd844c,java/lang/StringBuilder.java,append
12acfc45-bdfb-4343-9004-9be15dfd844c,991eb2a8-284a-4290-ae08-f54cf8834706,cc581d00-f04e-4278-8aaf-0ecbd93e9b04,->,12acfc45-bdfb-4343-9004-9be15dfd844c,java/lang/StringBuilder.java,append
12acfc45-bdfb-4343-9004-9be15dfd844c,991eb2a8-284a-4290-ae08-f54cf8834706,cc581d00-f04e-4278-8aaf-0ecbd93e9b04,->,12acfc45-bdfb-4343-9004-9be15dfd844c,java/lang/StringBuilder.java,toString
12acfc45-bdfb-4343-9004-9be15dfd844c,991eb2a8-284a-4290-ae08-f54cf8834706,cc581d00-f04e-4278-8aaf-0ecbd93e9b04,->,12acfc45-bdfb-4343-9004-9be15dfd844c,991eb2a8-284a-4290-ae08-f54cf8834706,609517a1-3a8b-4bd9-8623-3cae47c33a17
12acfc45-bdfb-4343-9004-9be15dfd844c,991eb2a8-284a-4290-ae08-f54cf8834706,cc581d00-f04e-4278-8aaf-0ecbd93e9b04,->,12acfc45-bdfb-4343-9004-9be15dfd844c,java/lang/StringBuilder.java,append
12acfc45-bdfb-4343-9004-9be15dfd844c,991eb2a8-284a-4290-ae08-f54cf8834706,cc581d00-f04e-4278-8aaf-0ecbd93e9b04,->,12acfc45-bdfb-4343-9004-9be15dfd844c,java/lang/StringBuilder.java,append
12acfc45-bdfb-4343-9004-9be15dfd844c,991eb2a8-284a-4290-ae08-f54cf8834706,cc581d00-f04e-4278-8aaf-0ecbd93e9b04,->,12acfc45-bdfb-4343-9004-9be15dfd844c,java/lang/StringBuilder.java,append
12acfc45-bdfb-4343-9004-9be15dfd844c,991eb2a8-284a-4290-ae08-f54cf8834706,cc581d00-f04e-4278-8aaf-0ecbd93e9b04,->,12acfc45-bdfb-4343-9004-9be15dfd844c,java/lang/StringBuilder.java,toString
12acfc45-bdfb-4343-9004-9be15dfd844c,991eb2a8-284a-4290-ae08-f54cf8834706,cc581d00-f04e-4278-8aaf-0ecbd93e9b04,->,12acfc45-bdfb-4343-9004-9be15dfd844c,991eb2a8-284a-4290-ae08-f54cf8834706,609517a1-3a8b-4bd9-8623-3cae47c33a17
12acfc45-bdfb-4343-9004-9be15dfd844c,991eb2a8-284a-4290-ae08-f54cf8834706,cc581d00-f04e-4278-8aaf-0ecbd93e9b04,->,12acfc45-bdfb-4343-9004-9be15dfd844c,java/lang/StringBuilder.java,append
12acfc45-bdfb-4343-9004-9be15dfd844c,991eb2a8-284a-4290-ae08-f54cf8834706,cc581d00-f04e-4278-8aaf-0ecbd93e9b04,->,12acfc45-bdfb-4343-9004-9be15dfd844c,991eb2a8-284a-4290-ae08-f54cf8834706,26ef4ae0-57cb-4083-a56f-eaf4b81cb1ad
12acfc45-bdfb-4343-9004-9be15dfd844c,991eb2a8-284a-4290-ae08-f54cf8834706,cc581d00-f04e-4278-8aaf-0ecbd93e9b04,->,12acfc45-bdfb-4343-9004-9be15dfd844c,java/lang/StringBuilder.java,append
12acfc45-bdfb-4343-9004-9be15dfd844c,991eb2a8-284a-4290-ae08-f54cf8834706,cc581d00-f04e-4278-8aaf-0ecbd93e9b04,->,12acfc45-bdfb-4343-9004-9be15dfd844c,java/lang/StringBuilder.java,append
12acfc45-bdfb-4343-9004-9be15dfd844c,991eb2a8-284a-4290-ae08-f54cf8834706,cc581d00-f04e-4278-8aaf-0ecbd93e9b04,->,12acfc45-bdfb-4343-9004-9be15dfd844c,java/lang/StringBuilder.java,toString
12acfc45-bdfb-4343-9004-9be15dfd844c,991eb2a8-284a-4290-ae08-f54cf8834706,cc581d00-f04e-4278-8aaf-0ecbd93e9b04,->,12acfc45-bdfb-4343-9004-9be15dfd844c,991eb2a8-284a-4290-ae08-f54cf8834706,609517a1-3a8b-4bd9-8623-3cae47c33a17
12acfc45-bdfb-4343-9004-9be15dfd844c,991eb2a8-284a-4290-ae08-f54cf8834706,cc581d00-f04e-4278-8aaf-0ecbd93e9b04,->,12acfc45-bdfb-4343-9004-9be15dfd844c,java/lang/StringBuilder.java,append
12acfc45-bdfb-4343-9004-9be15dfd844c,991eb2a8-284a-4290-ae08-f54cf8834706,cc581d00-f04e-4278-8aaf-0ecbd93e9b04,->,12acfc45-bdfb-4343-9004-9be15dfd844c,java/lang/StringBuilder.java,append
12acfc45-bdfb-4343-9004-9be15dfd844c,991eb2a8-284a-4290-ae08-f54cf8834706,cc581d00-f04e-4278-8aaf-0ecbd93e9b04,->,12acfc45-bdfb-4343-9004-9be15dfd844c,java/lang/StringBuilder.java,append
12acfc45-bdfb-4343-9004-9be15dfd844c,991eb2a8-284a-4290-ae08-f54cf8834706,cc581d00-f04e-4278-8aaf-0ecbd93e9b04,->,12acfc45-bdfb-4343-9004-9be15dfd844c,java/lang/StringBuilder.java,toString
12acfc45-bdfb-4343-9004-9be15dfd844c,991eb2a8-284a-4290-ae08-f54cf8834706,cc581d00-f04e-4278-8aaf-0ecbd93e9b04,->,12acfc45-bdfb-4343-9004-9be15dfd844c,991eb2a8-284a-4290-ae08-f54cf8834706,609517a1-3a8b-4bd9-8623-3cae47c33a17
12acfc45-bdfb-4343-9004-9be15dfd844c,991eb2a8-284a-4290-ae08-f54cf8834706,cc581d00-f04e-4278-8aaf-0ecbd93e9b04,->,12acfc45-bdfb-4343-9004-9be15dfd844c,java/lang/StringBuilder.java,append
12acfc45-bdfb-4343-9004-9be15dfd844c,991eb2a8-284a-4290-ae08-f54cf8834706,cc581d00-f04e-4278-8aaf-0ecbd93e9b04,->,12acfc45-bdfb-4343-9004-9be15dfd844c,991eb2a8-284a-4290-ae08-f54cf8834706,26ef4ae0-57cb-4083-a56f-eaf4b81cb1ad
12acfc45-bdfb-4343-9004-9be15dfd844c,991eb2a8-284a-4290-ae08-f54cf8834706,cc581d00-f04e-4278-8aaf-0ecbd93e9b04,->,12acfc45-bdfb-4343-9004-9be15dfd844c,991eb2a8-284a-4290-ae08-f54cf8834706,92a52a14-bf03-44e2-af71-f79988e7ee23
12acfc45-bdfb-4343-9004-9be15dfd844c,991eb2a8-284a-4290-ae08-f54cf8834706,cc581d00-f04e-4278-8aaf-0ecbd93e9b04,->,12acfc45-bdfb-4343-9004-9be15dfd844c,java/lang/StringBuilder.java,append
12acfc45-bdfb-4343-9004-9be15dfd844c,991eb2a8-284a-4290-ae08-f54cf8834706,cc581d00-f04e-4278-8aaf-0ecbd93e9b04,->,12acfc45-bdfb-4343-9004-9be15dfd844c,java/lang/StringBuilder.java,append
12acfc45-bdfb-4343-9004-9be15dfd844c,991eb2a8-284a-4290-ae08-f54cf8834706,cc581d00-f04e-4278-8aaf-0ecbd93e9b04,->,12acfc45-bdfb-4343-9004-9be15dfd844c,java/lang/StringBuilder.java,toString
12acfc45-bdfb-4343-9004-9be15dfd844c,991eb2a8-284a-4290-ae08-f54cf8834706,cc581d00-f04e-4278-8aaf-0ecbd93e9b04,->,12acfc45-bdfb-4343-9004-9be15dfd844c,991eb2a8-284a-4290-ae08-f54cf8834706,609517a1-3a8b-4bd9-8623-3cae47c33a17
12acfc45-bdfb-4343-9004-9be15dfd844c,991eb2a8-284a-4290-ae08-f54cf8834706,cc581d00-f04e-4278-8aaf-0ecbd93e9b04,->,12acfc45-bdfb-4343-9004-9be15dfd844c,java/lang/StringBuilder.java,append
12acfc45-bdfb-4343-9004-9be15dfd844c,991eb2a8-284a-4290-ae08-f54cf8834706,cc581d00-f04e-4278-8aaf-0ecbd93e9b04,->,12acfc45-bdfb-4343-9004-9be15dfd844c,java/lang/StringBuilder.java,append
12acfc45-bdfb-4343-9004-9be15dfd844c,991eb2a8-284a-4290-ae08-f54cf8834706,cc581d00-f04e-4278-8aaf-0ecbd93e9b04,->,12acfc45-bdfb-4343-9004-9be15dfd844c,java/lang/StringBuilder.java,append
12acfc45-bdfb-4343-9004-9be15dfd844c,991eb2a8-284a-4290-ae08-f54cf8834706,cc581d00-f04e-4278-8aaf-0ecbd93e9b04,->,12acfc45-bdfb-4343-9004-9be15dfd844c,java/lang/StringBuilder.java,toString
12acfc45-bdfb-4343-9004-9be15dfd844c,991eb2a8-284a-4290-ae08-f54cf8834706,cc581d00-f04e-4278-8aaf-0ecbd93e9b04,->,12acfc45-bdfb-4343-9004-9be15dfd844c,991eb2a8-284a-4290-ae08-f54cf8834706,609517a1-3a8b-4bd9-8623-3cae47c33a17
12acfc45-bdfb-4343-9004-9be15dfd844c,991eb2a8-284a-4290-ae08-f54cf8834706,cc581d00-f04e-4278-8aaf-0ecbd93e9b04,->,12acfc45-bdfb-4343-9004-9be15dfd844c,java/lang/StringBuilder.java,append
12acfc45-bdfb-4343-9004-9be15dfd844c,991eb2a8-284a-4290-ae08-f54cf8834706,cc581d00-f04e-4278-8aaf-0ecbd93e9b04,->,12acfc45-bdfb-4343-9004-9be15dfd844c,991eb2a8-284a-4290-ae08-f54cf8834706,26ef4ae0-57cb-4083-a56f-eaf4b81cb1ad
12acfc45-bdfb-4343-9004-9be15dfd844c,991eb2a8-284a-4290-ae08-f54cf8834706,cc581d00-f04e-4278-8aaf-0ecbd93e9b04,->,12acfc45-bdfb-4343-9004-9be15dfd844c,java/lang/StringBuilder.java,append
12acfc45-bdfb-4343-9004-9be15dfd844c,991eb2a8-284a-4290-ae08-f54cf8834706,cc581d00-f04e-4278-8aaf-0ecbd93e9b04,->,12acfc45-bdfb-4343-9004-9be15dfd844c,java/lang/StringBuilder.java,append
12acfc45-bdfb-4343-9004-9be15dfd844c,991eb2a8-284a-4290-ae08-f54cf8834706,cc581d00-f04e-4278-8aaf-0ecbd93e9b04,->,12acfc45-bdfb-4343-9004-9be15dfd844c,java/lang/StringBuilder.java,toString
12acfc45-bdfb-4343-9004-9be15dfd844c,991eb2a8-284a-4290-ae08-f54cf8834706,cc581d00-f04e-4278-8aaf-0ecbd93e9b04,->,12acfc45-bdfb-4343-9004-9be15dfd844c,991eb2a8-284a-4290-ae08-f54cf8834706,609517a1-3a8b-4bd9-8623-3cae47c33a17
12acfc45-bdfb-4343-9004-9be15dfd844c,991eb2a8-284a-4290-ae08-f54cf8834706,cc581d00-f04e-4278-8aaf-0ecbd93e9b04,->,12acfc45-bdfb-4343-9004-9be15dfd844c,java/lang/StringBuilder.java,append
12acfc45-bdfb-4343-9004-9be15dfd844c,991eb2a8-284a-4290-ae08-f54cf8834706,cc581d00-f04e-4278-8aaf-0ecbd93e9b04,->,12acfc45-bdfb-4343-9004-9be15dfd844c,java/lang/StringBuilder.java,append
12acfc45-bdfb-4343-9004-9be15dfd844c,991eb2a8-284a-4290-ae08-f54cf8834706,cc581d00-f04e-4278-8aaf-0ecbd93e9b04,->,12acfc45-bdfb-4343-9004-9be15dfd844c,java/lang/StringBuilder.java,append
12acfc45-bdfb-4343-9004-9be15dfd844c,991eb2a8-284a-4290-ae08-f54cf8834706,cc581d00-f04e-4278-8aaf-0ecbd93e9b04,->,12acfc45-bdfb-4343-9004-9be15dfd844c,java/lang/StringBuilder.java,toString
12acfc45-bdfb-4343-9004-9be15dfd844c,991eb2a8-284a-4290-ae08-f54cf8834706,cc581d00-f04e-4278-8aaf-0ecbd93e9b04,->,12acfc45-bdfb-4343-9004-9be15dfd844c,991eb2a8-284a-4290-ae08-f54cf8834706,609517a1-3a8b-4bd9-8623-3cae47c33a17
12acfc45-bdfb-4343-9004-9be15dfd844c,991eb2a8-284a-4290-ae08-f54cf8834706,cc581d00-f04e-4278-8aaf-0ecbd93e9b04,->,12acfc45-bdfb-4343-9004-9be15dfd844c,java/lang/StringBuilder.java,append
12acfc45-bdfb-4343-9004-9be15dfd844c,991eb2a8-284a-4290-ae08-f54cf8834706,cc581d00-f04e-4278-8aaf-0ecbd93e9b04,->,12acfc45-bdfb-4343-9004-9be15dfd844c,991eb2a8-284a-4290-ae08-f54cf8834706,26ef4ae0-57cb-4083-a56f-eaf4b81cb1ad
12acfc45-bdfb-4343-9004-9be15dfd844c,991eb2a8-284a-4290-ae08-f54cf8834706,cc581d00-f04e-4278-8aaf-0ecbd93e9b04,->,12acfc45-bdfb-4343-9004-9be15dfd844c,991eb2a8-284a-4290-ae08-f54cf8834706,92a52a14-bf03-44e2-af71-f79988e7ee23
12acfc45-bdfb-4343-9004-9be15dfd844c,991eb2a8-284a-4290-ae08-f54cf8834706,cc581d00-f04e-4278-8aaf-0ecbd93e9b04,->,12acfc45-bdfb-4343-9004-9be15dfd844c,java/lang/StringBuilder.java,append
12acfc45-bdfb-4343-9004-9be15dfd844c,991eb2a8-284a-4290-ae08-f54cf8834706,cc581d00-f04e-4278-8aaf-0ecbd93e9b04,->,12acfc45-bdfb-4343-9004-9be15dfd844c,java/lang/StringBuilder.java,append
12acfc45-bdfb-4343-9004-9be15dfd844c,991eb2a8-284a-4290-ae08-f54cf8834706,cc581d00-f04e-4278-8aaf-0ecbd93e9b04,->,12acfc45-bdfb-4343-9004-9be15dfd844c,java/lang/StringBuilder.java,toString
12acfc45-bdfb-4343-9004-9be15dfd844c,991eb2a8-284a-4290-ae08-f54cf8834706,cc581d00-f04e-4278-8aaf-0ecbd93e9b04,->,12acfc45-bdfb-4343-9004-9be15dfd844c,991eb2a8-284a-4290-ae08-f54cf8834706,609517a1-3a8b-4bd9-8623-3cae47c33a17
12acfc45-bdfb-4343-9004-9be15dfd844c,991eb2a8-284a-4290-ae08-f54cf8834706,cc581d00-f04e-4278-8aaf-0ecbd93e9b04,->,12acfc45-bdfb-4343-9004-9be15dfd844c,java/lang/StringBuilder.java,append
12acfc45-bdfb-4343-9004-9be15dfd844c,991eb2a8-284a-4290-ae08-f54cf8834706,cc581d00-f04e-4278-8aaf-0ecbd93e9b04,->,12acfc45-bdfb-4343-9004-9be15dfd844c,java/lang/StringBuilder.java,append
12acfc45-bdfb-4343-9004-9be15dfd844c,991eb2a8-284a-4290-ae08-f54cf8834706,cc581d00-f04e-4278-8aaf-0ecbd93e9b04,->,12acfc45-bdfb-4343-9004-9be15dfd844c,java/lang/StringBuilder.java,append
12acfc45-bdfb-4343-9004-9be15dfd844c,991eb2a8-284a-4290-ae08-f54cf8834706,cc581d00-f04e-4278-8aaf-0ecbd93e9b04,->,12acfc45-bdfb-4343-9004-9be15dfd844c,java/lang/StringBuilder.java,toString
12acfc45-bdfb-4343-9004-9be15dfd844c,991eb2a8-284a-4290-ae08-f54cf8834706,cc581d00-f04e-4278-8aaf-0ecbd93e9b04,->,12acfc45-bdfb-4343-9004-9be15dfd844c,991eb2a8-284a-4290-ae08-f54cf8834706,609517a1-3a8b-4bd9-8623-3cae47c33a17
12acfc45-bdfb-4343-9004-9be15dfd844c,991eb2a8-284a-4290-ae08-f54cf8834706,cc581d00-f04e-4278-8aaf-0ecbd93e9b04,->,12acfc45-bdfb-4343-9004-9be15dfd844c,java/lang/StringBuilder.java,append
12acfc45-bdfb-4343-9004-9be15dfd844c,991eb2a8-284a-4290-ae08-f54cf8834706,cc581d00-f04e-4278-8aaf-0ecbd93e9b04,->,12acfc45-bdfb-4343-9004-9be15dfd844c,991eb2a8-284a-4290-ae08-f54cf8834706,26ef4ae0-57cb-4083-a56f-eaf4b81cb1ad
12acfc45-bdfb-4343-9004-9be15dfd844c,991eb2a8-284a-4290-ae08-f54cf8834706,cc581d00-f04e-4278-8aaf-0ecbd93e9b04,->,12acfc45-bdfb-4343-9004-9be15dfd844c,java/lang/StringBuilder.java,append
12acfc45-bdfb-4343-9004-9be15dfd844c,991eb2a8-284a-4290-ae08-f54cf8834706,cc581d00-f04e-4278-8aaf-0ecbd93e9b04,->,12acfc45-bdfb-4343-9004-9be15dfd844c,java/lang/StringBuilder.java,append
12acfc45-bdfb-4343-9004-9be15dfd844c,991eb2a8-284a-4290-ae08-f54cf8834706,cc581d00-f04e-4278-8aaf-0ecbd93e9b04,->,12acfc45-bdfb-4343-9004-9be15dfd844c,java/lang/StringBuilder.java,toString
12acfc45-bdfb-4343-9004-9be15dfd844c,991eb2a8-284a-4290-ae08-f54cf8834706,cc581d00-f04e-4278-8aaf-0ecbd93e9b04,->,12acfc45-bdfb-4343-9004-9be15dfd844c,991eb2a8-284a-4290-ae08-f54cf8834706,609517a1-3a8b-4bd9-8623-3cae47c33a17
12acfc45-bdfb-4343-9004-9be15dfd844c,991eb2a8-284a-4290-ae08-f54cf8834706,cc581d00-f04e-4278-8aaf-0ecbd93e9b04,->,12acfc45-bdfb-4343-9004-9be15dfd844c,java/lang/StringBuilder.java,append
12acfc45-bdfb-4343-9004-9be15dfd844c,991eb2a8-284a-4290-ae08-f54cf8834706,cc581d00-f04e-4278-8aaf-0ecbd93e9b04,->,12acfc45-bdfb-4343-9004-9be15dfd844c,java/lang/StringBuilder.java,append
12acfc45-bdfb-4343-9004-9be15dfd844c,991eb2a8-284a-4290-ae08-f54cf8834706,cc581d00-f04e-4278-8aaf-0ecbd93e9b04,->,12acfc45-bdfb-4343-9004-9be15dfd844c,java/lang/StringBuilder.java,append
12acfc45-bdfb-4343-9004-9be15dfd844c,991eb2a8-284a-4290-ae08-f54cf8834706,cc581d00-f04e-4278-8aaf-0ecbd93e9b04,->,12acfc45-bdfb-4343-9004-9be15dfd844c,java/lang/StringBuilder.java,toString
12acfc45-bdfb-4343-9004-9be15dfd844c,991eb2a8-284a-4290-ae08-f54cf8834706,cc581d00-f04e-4278-8aaf-0ecbd93e9b04,->,12acfc45-bdfb-4343-9004-9be15dfd844c,991eb2a8-284a-4290-ae08-f54cf8834706,609517a1-3a8b-4bd9-8623-3cae47c33a17
12acfc45-bdfb-4343-9004-9be15dfd844c,991eb2a8-284a-4290-ae08-f54cf8834706,cc581d00-f04e-4278-8aaf-0ecbd93e9b04,->,12acfc45-bdfb-4343-9004-9be15dfd844c,java/lang/StringBuilder.java,append
12acfc45-bdfb-4343-9004-9be15dfd844c,991eb2a8-284a-4290-ae08-f54cf8834706,cc581d00-f04e-4278-8aaf-0ecbd93e9b04,->,12acfc45-bdfb-4343-9004-9be15dfd844c,991eb2a8-284a-4290-ae08-f54cf8834706,26ef4ae0-57cb-4083-a56f-eaf4b81cb1ad
12acfc45-bdfb-4343-9004-9be15dfd844c,991eb2a8-284a-4290-ae08-f54cf8834706,cc581d00-f04e-4278-8aaf-0ecbd93e9b04,->,12acfc45-bdfb-4343-9004-9be15dfd844c,991eb2a8-284a-4290-ae08-f54cf8834706,92a52a14-bf03-44e2-af71-f79988e7ee23
12acfc45-bdfb-4343-9004-9be15dfd844c,991eb2a8-284a-4290-ae08-f54cf8834706,cc581d00-f04e-4278-8aaf-0ecbd93e9b04,->,12acfc45-bdfb-4343-9004-9be15dfd844c,java/lang/StringBuilder.java,append
12acfc45-bdfb-4343-9004-9be15dfd844c,991eb2a8-284a-4290-ae08-f54cf8834706,cc581d00-f04e-4278-8aaf-0ecbd93e9b04,->,12acfc45-bdfb-4343-9004-9be15dfd844c,java/lang/StringBuilder.java,append
12acfc45-bdfb-4343-9004-9be15dfd844c,991eb2a8-284a-4290-ae08-f54cf8834706,cc581d00-f04e-4278-8aaf-0ecbd93e9b04,->,12acfc45-bdfb-4343-9004-9be15dfd844c,java/lang/StringBuilder.java,toString
12acfc45-bdfb-4343-9004-9be15dfd844c,991eb2a8-284a-4290-ae08-f54cf8834706,cc581d00-f04e-4278-8aaf-0ecbd93e9b04,->,12acfc45-bdfb-4343-9004-9be15dfd844c,991eb2a8-284a-4290-ae08-f54cf8834706,609517a1-3a8b-4bd9-8623-3cae47c33a17
12acfc45-bdfb-4343-9004-9be15dfd844c,991eb2a8-284a-4290-ae08-f54cf8834706,92a52a14-bf03-44e2-af71-f79988e7ee23,->,12acfc45-bdfb-4343-9004-9be15dfd844c,java/lang/Math.java,pow
12acfc45-bdfb-4343-9004-9be15dfd844c,991eb2a8-284a-4290-ae08-f54cf8834706,92a52a14-bf03-44e2-af71-f79988e7ee23,->,12acfc45-bdfb-4343-9004-9be15dfd844c,java/lang/Math.java,floor
12acfc45-bdfb-4343-9004-9be15dfd844c,991eb2a8-284a-4290-ae08-f54cf8834706,92a52a14-bf03-44e2-af71-f79988e7ee23,->,12acfc45-bdfb-4343-9004-9be15dfd844c,java/lang/Math.java,floor
12acfc45-bdfb-4343-9004-9be15dfd844c,991eb2a8-284a-4290-ae08-f54cf8834706,26ef4ae0-57cb-4083-a56f-eaf4b81cb1ad,->,12acfc45-bdfb-4343-9004-9be15dfd844c,java/lang/Math.java,pow
12acfc45-bdfb-4343-9004-9be15dfd844c,991eb2a8-284a-4290-ae08-f54cf8834706,26ef4ae0-57cb-4083-a56f-eaf4b81cb1ad,->,12acfc45-bdfb-4343-9004-9be15dfd844c,java/lang/Math.java,floor
12acfc45-bdfb-4343-9004-9be15dfd844c,991eb2a8-284a-4290-ae08-f54cf8834706,26ef4ae0-57cb-4083-a56f-eaf4b81cb1ad,->,12acfc45-bdfb-4343-9004-9be15dfd844c,java/lang/Math.java,floor
12acfc45-bdfb-4343-9004-9be15dfd844c,991eb2a8-284a-4290-ae08-f54cf8834706,0955b7e8-1203-4e9d-8e85-6eeaf5af5ce5,->,12acfc45-bdfb-4343-9004-9be15dfd844c,991eb2a8-284a-4290-ae08-f54cf8834706,26ef4ae0-57cb-4083-a56f-eaf4b81cb1ad
12acfc45-bdfb-4343-9004-9be15dfd844c,991eb2a8-284a-4290-ae08-f54cf8834706,0955b7e8-1203-4e9d-8e85-6eeaf5af5ce5,->,12acfc45-bdfb-4343-9004-9be15dfd844c,991eb2a8-284a-4290-ae08-f54cf8834706,26ef4ae0-57cb-4083-a56f-eaf4b81cb1ad
12acfc45-bdfb-4343-9004-9be15dfd844c,991eb2a8-284a-4290-ae08-f54cf8834706,0955b7e8-1203-4e9d-8e85-6eeaf5af5ce5,->,12acfc45-bdfb-4343-9004-9be15dfd844c,server/model/players/Client.java,getLevelForXP
12acfc45-bdfb-4343-9004-9be15dfd844c,991eb2a8-284a-4290-ae08-f54cf8834706,0955b7e8-1203-4e9d-8e85-6eeaf5af5ce5,->,12acfc45-bdfb-4343-9004-9be15dfd844c,server/model/players/Client.java,getLevelForXP
12acfc45-bdfb-4343-9004-9be15dfd844c,991eb2a8-284a-4290-ae08-f54cf8834706,0955b7e8-1203-4e9d-8e85-6eeaf5af5ce5,->,12acfc45-bdfb-4343-9004-9be15dfd844c,991eb2a8-284a-4290-ae08-f54cf8834706,9c7a5055-c36c-4881-8a1c-55d348f3b2cd
12acfc45-bdfb-4343-9004-9be15dfd844c,991eb2a8-284a-4290-ae08-f54cf8834706,0955b7e8-1203-4e9d-8e85-6eeaf5af5ce5,->,12acfc45-bdfb-4343-9004-9be15dfd844c,server/model/players/Client.java,gfx100
12acfc45-bdfb-4343-9004-9be15dfd844c,991eb2a8-284a-4290-ae08-f54cf8834706,0955b7e8-1203-4e9d-8e85-6eeaf5af5ce5,->,12acfc45-bdfb-4343-9004-9be15dfd844c,991eb2a8-284a-4290-ae08-f54cf8834706,f59ca130-d149-43aa-b537-369a4987d63b
12acfc45-bdfb-4343-9004-9be15dfd844c,991eb2a8-284a-4290-ae08-f54cf8834706,0955b7e8-1203-4e9d-8e85-6eeaf5af5ce5,->,12acfc45-bdfb-4343-9004-9be15dfd844c,991eb2a8-284a-4290-ae08-f54cf8834706,1f9429af-c8fa-498b-ab2c-661299ba41ed
12acfc45-bdfb-4343-9004-9be15dfd844c,991eb2a8-284a-4290-ae08-f54cf8834706,0955b7e8-1203-4e9d-8e85-6eeaf5af5ce5,->,12acfc45-bdfb-4343-9004-9be15dfd844c,991eb2a8-284a-4290-ae08-f54cf8834706,cc581d00-f04e-4278-8aaf-0ecbd93e9b04
12acfc45-bdfb-4343-9004-9be15dfd844c,991eb2a8-284a-4290-ae08-f54cf8834706,2ae06d3a-50ac-4745-b398-b3edd96fd4eb,->,12acfc45-bdfb-4343-9004-9be15dfd844c,2c89cfe4-ed6d-446f-832b-3c203feb3155,12264cea-e176-47b1-b1bb-e3a14dc18d35
12acfc45-bdfb-4343-9004-9be15dfd844c,991eb2a8-284a-4290-ae08-f54cf8834706,9fc3a403-013d-45b6-b0e0-cea229574e8a,->,12acfc45-bdfb-4343-9004-9be15dfd844c,java/lang/Math.java,random
12acfc45-bdfb-4343-9004-9be15dfd844c,991eb2a8-284a-4290-ae08-f54cf8834706,3fd6db33-1986-43d9-a323-e0f29a1cc211,->,12acfc45-bdfb-4343-9004-9be15dfd844c,java/lang/Math.java,random
12acfc45-bdfb-4343-9004-9be15dfd844c,991eb2a8-284a-4290-ae08-f54cf8834706,4605149b-4738-4f0e-8208-7fddaa7ea138,->,12acfc45-bdfb-4343-9004-9be15dfd844c,java/lang/Math.java,random
12acfc45-bdfb-4343-9004-9be15dfd844c,991eb2a8-284a-4290-ae08-f54cf8834706,9fc48eaf-3860-4671-aeab-bc5dd78c02e2,->,12acfc45-bdfb-4343-9004-9be15dfd844c,server/util/Stream.java,createFrame
12acfc45-bdfb-4343-9004-9be15dfd844c,991eb2a8-284a-4290-ae08-f54cf8834706,9fc48eaf-3860-4671-aeab-bc5dd78c02e2,->,12acfc45-bdfb-4343-9004-9be15dfd844c,server/util/Stream.java,writeByte
12acfc45-bdfb-4343-9004-9be15dfd844c,991eb2a8-284a-4290-ae08-f54cf8834706,9fc48eaf-3860-4671-aeab-bc5dd78c02e2,->,12acfc45-bdfb-4343-9004-9be15dfd844c,server/util/Stream.java,writeWord
12acfc45-bdfb-4343-9004-9be15dfd844c,991eb2a8-284a-4290-ae08-f54cf8834706,9fc48eaf-3860-4671-aeab-bc5dd78c02e2,->,12acfc45-bdfb-4343-9004-9be15dfd844c,server/util/Stream.java,writeWord
12acfc45-bdfb-4343-9004-9be15dfd844c,991eb2a8-284a-4290-ae08-f54cf8834706,9fc48eaf-3860-4671-aeab-bc5dd78c02e2,->,12acfc45-bdfb-4343-9004-9be15dfd844c,server/util/Stream.java,writeByte
12acfc45-bdfb-4343-9004-9be15dfd844c,991eb2a8-284a-4290-ae08-f54cf8834706,9fc48eaf-3860-4671-aeab-bc5dd78c02e2,->,12acfc45-bdfb-4343-9004-9be15dfd844c,server/util/Stream.java,writeWord
12acfc45-bdfb-4343-9004-9be15dfd844c,991eb2a8-284a-4290-ae08-f54cf8834706,9fc48eaf-3860-4671-aeab-bc5dd78c02e2,->,12acfc45-bdfb-4343-9004-9be15dfd844c,server/util/Stream.java,writeWord
12acfc45-bdfb-4343-9004-9be15dfd844c,991eb2a8-284a-4290-ae08-f54cf8834706,9fc48eaf-3860-4671-aeab-bc5dd78c02e2,->,12acfc45-bdfb-4343-9004-9be15dfd844c,server/util/Stream.java,writeByte
12acfc45-bdfb-4343-9004-9be15dfd844c,991eb2a8-284a-4290-ae08-f54cf8834706,7ff610e8-f2a8-4281-ae2f-8d7acaa93611,->,12acfc45-bdfb-4343-9004-9be15dfd844c,991eb2a8-284a-4290-ae08-f54cf8834706,6f1c3a56-0513-4978-8516-4c4cd1895096
12acfc45-bdfb-4343-9004-9be15dfd844c,991eb2a8-284a-4290-ae08-f54cf8834706,ec677581-de3e-4ba3-9b49-cda5c2ecdc4f,->,12acfc45-bdfb-4343-9004-9be15dfd844c,991eb2a8-284a-4290-ae08-f54cf8834706,6f1c3a56-0513-4978-8516-4c4cd1895096
12acfc45-bdfb-4343-9004-9be15dfd844c,991eb2a8-284a-4290-ae08-f54cf8834706,cffb2607-da89-4e14-968d-f525ea9a52cf,->,12acfc45-bdfb-4343-9004-9be15dfd844c,991eb2a8-284a-4290-ae08-f54cf8834706,6f1c3a56-0513-4978-8516-4c4cd1895096
12acfc45-bdfb-4343-9004-9be15dfd844c,991eb2a8-284a-4290-ae08-f54cf8834706,ea5c52c2-0f8f-4d30-85a9-878b49775114,->,12acfc45-bdfb-4343-9004-9be15dfd844c,991eb2a8-284a-4290-ae08-f54cf8834706,ec677581-de3e-4ba3-9b49-cda5c2ecdc4f
12acfc45-bdfb-4343-9004-9be15dfd844c,991eb2a8-284a-4290-ae08-f54cf8834706,ea5c52c2-0f8f-4d30-85a9-878b49775114,->,12acfc45-bdfb-4343-9004-9be15dfd844c,991eb2a8-284a-4290-ae08-f54cf8834706,cffb2607-da89-4e14-968d-f525ea9a52cf
12acfc45-bdfb-4343-9004-9be15dfd844c,991eb2a8-284a-4290-ae08-f54cf8834706,ea5c52c2-0f8f-4d30-85a9-878b49775114,->,12acfc45-bdfb-4343-9004-9be15dfd844c,991eb2a8-284a-4290-ae08-f54cf8834706,cffb2607-da89-4e14-968d-f525ea9a52cf
12acfc45-bdfb-4343-9004-9be15dfd844c,991eb2a8-284a-4290-ae08-f54cf8834706,a42fbaf6-b891-4c83-82d8-8774dabec564,->,12acfc45-bdfb-4343-9004-9be15dfd844c,server/model/players/Client.java,getOutStream
12acfc45-bdfb-4343-9004-9be15dfd844c,991eb2a8-284a-4290-ae08-f54cf8834706,a42fbaf6-b891-4c83-82d8-8774dabec564,->,12acfc45-bdfb-4343-9004-9be15dfd844c,server/model/players/Client.java,getOutStream
12acfc45-bdfb-4343-9004-9be15dfd844c,991eb2a8-284a-4290-ae08-f54cf8834706,a42fbaf6-b891-4c83-82d8-8774dabec564,->,12acfc45-bdfb-4343-9004-9be15dfd844c,server/util/Stream.java,createFrame
12acfc45-bdfb-4343-9004-9be15dfd844c,991eb2a8-284a-4290-ae08-f54cf8834706,a42fbaf6-b891-4c83-82d8-8774dabec564,->,12acfc45-bdfb-4343-9004-9be15dfd844c,server/model/players/Client.java,getOutStream
12acfc45-bdfb-4343-9004-9be15dfd844c,991eb2a8-284a-4290-ae08-f54cf8834706,a42fbaf6-b891-4c83-82d8-8774dabec564,->,12acfc45-bdfb-4343-9004-9be15dfd844c,server/util/Stream.java,writeWordBigEndian
12acfc45-bdfb-4343-9004-9be15dfd844c,991eb2a8-284a-4290-ae08-f54cf8834706,a42fbaf6-b891-4c83-82d8-8774dabec564,->,12acfc45-bdfb-4343-9004-9be15dfd844c,server/model/players/Client.java,getOutStream
12acfc45-bdfb-4343-9004-9be15dfd844c,991eb2a8-284a-4290-ae08-f54cf8834706,a42fbaf6-b891-4c83-82d8-8774dabec564,->,12acfc45-bdfb-4343-9004-9be15dfd844c,server/util/Stream.java,writeByte
12acfc45-bdfb-4343-9004-9be15dfd844c,991eb2a8-284a-4290-ae08-f54cf8834706,a42fbaf6-b891-4c83-82d8-8774dabec564,->,12acfc45-bdfb-4343-9004-9be15dfd844c,server/model/players/Client.java,flushOutStream
12acfc45-bdfb-4343-9004-9be15dfd844c,991eb2a8-284a-4290-ae08-f54cf8834706,7119aa7d-2b4b-4c08-847c-4509e1a4b3de,->,12acfc45-bdfb-4343-9004-9be15dfd844c,server/model/players/Client.java,getItems
12acfc45-bdfb-4343-9004-9be15dfd844c,991eb2a8-284a-4290-ae08-f54cf8834706,7119aa7d-2b4b-4c08-847c-4509e1a4b3de,->,12acfc45-bdfb-4343-9004-9be15dfd844c,server/model/items/ItemAssistant.java,deleteItem
12acfc45-bdfb-4343-9004-9be15dfd844c,991eb2a8-284a-4290-ae08-f54cf8834706,7119aa7d-2b4b-4c08-847c-4509e1a4b3de,->,12acfc45-bdfb-4343-9004-9be15dfd844c,server/model/players/Client.java,getItems
12acfc45-bdfb-4343-9004-9be15dfd844c,991eb2a8-284a-4290-ae08-f54cf8834706,7119aa7d-2b4b-4c08-847c-4509e1a4b3de,->,12acfc45-bdfb-4343-9004-9be15dfd844c,server/model/items/ItemAssistant.java,addItem
12acfc45-bdfb-4343-9004-9be15dfd844c,991eb2a8-284a-4290-ae08-f54cf8834706,7119aa7d-2b4b-4c08-847c-4509e1a4b3de,->,12acfc45-bdfb-4343-9004-9be15dfd844c,java/lang/StringBuilder.java,append
12acfc45-bdfb-4343-9004-9be15dfd844c,991eb2a8-284a-4290-ae08-f54cf8834706,7119aa7d-2b4b-4c08-847c-4509e1a4b3de,->,12acfc45-bdfb-4343-9004-9be15dfd844c,java/lang/StringBuilder.java,append
12acfc45-bdfb-4343-9004-9be15dfd844c,991eb2a8-284a-4290-ae08-f54cf8834706,7119aa7d-2b4b-4c08-847c-4509e1a4b3de,->,12acfc45-bdfb-4343-9004-9be15dfd844c,java/lang/StringBuilder.java,append
12acfc45-bdfb-4343-9004-9be15dfd844c,991eb2a8-284a-4290-ae08-f54cf8834706,7119aa7d-2b4b-4c08-847c-4509e1a4b3de,->,12acfc45-bdfb-4343-9004-9be15dfd844c,java/lang/StringBuilder.java,toString
12acfc45-bdfb-4343-9004-9be15dfd844c,991eb2a8-284a-4290-ae08-f54cf8834706,7119aa7d-2b4b-4c08-847c-4509e1a4b3de,->,12acfc45-bdfb-4343-9004-9be15dfd844c,server/model/players/Client.java,sendMessage
12acfc45-bdfb-4343-9004-9be15dfd844c,991eb2a8-284a-4290-ae08-f54cf8834706,7119aa7d-2b4b-4c08-847c-4509e1a4b3de,->,12acfc45-bdfb-4343-9004-9be15dfd844c,java/lang/StringBuilder.java,append
12acfc45-bdfb-4343-9004-9be15dfd844c,991eb2a8-284a-4290-ae08-f54cf8834706,7119aa7d-2b4b-4c08-847c-4509e1a4b3de,->,12acfc45-bdfb-4343-9004-9be15dfd844c,java/lang/StringBuilder.java,append
12acfc45-bdfb-4343-9004-9be15dfd844c,991eb2a8-284a-4290-ae08-f54cf8834706,7119aa7d-2b4b-4c08-847c-4509e1a4b3de,->,12acfc45-bdfb-4343-9004-9be15dfd844c,java/lang/StringBuilder.java,append
12acfc45-bdfb-4343-9004-9be15dfd844c,991eb2a8-284a-4290-ae08-f54cf8834706,7119aa7d-2b4b-4c08-847c-4509e1a4b3de,->,12acfc45-bdfb-4343-9004-9be15dfd844c,java/lang/StringBuilder.java,toString
12acfc45-bdfb-4343-9004-9be15dfd844c,991eb2a8-284a-4290-ae08-f54cf8834706,7119aa7d-2b4b-4c08-847c-4509e1a4b3de,->,12acfc45-bdfb-4343-9004-9be15dfd844c,server/model/players/Client.java,sendMessage
12acfc45-bdfb-4343-9004-9be15dfd844c,991eb2a8-284a-4290-ae08-f54cf8834706,7119aa7d-2b4b-4c08-847c-4509e1a4b3de,->,12acfc45-bdfb-4343-9004-9be15dfd844c,server/model/players/Client.java,getItems
12acfc45-bdfb-4343-9004-9be15dfd844c,991eb2a8-284a-4290-ae08-f54cf8834706,7119aa7d-2b4b-4c08-847c-4509e1a4b3de,->,12acfc45-bdfb-4343-9004-9be15dfd844c,server/model/items/ItemAssistant.java,updateSlot
12acfc45-bdfb-4343-9004-9be15dfd844c,991eb2a8-284a-4290-ae08-f54cf8834706,4a53cfb1-33ed-4a82-aa73-38bfb82ad5b9,->,12acfc45-bdfb-4343-9004-9be15dfd844c,server/model/players/Client.java,getDH
12acfc45-bdfb-4343-9004-9be15dfd844c,991eb2a8-284a-4290-ae08-f54cf8834706,4a53cfb1-33ed-4a82-aa73-38bfb82ad5b9,->,12acfc45-bdfb-4343-9004-9be15dfd844c,5419d182-c704-4099-be43-be6d27b13974,d33c4b82-3e14-40b7-9586-90b59ae6d620
12acfc45-bdfb-4343-9004-9be15dfd844c,991eb2a8-284a-4290-ae08-f54cf8834706,4a53cfb1-33ed-4a82-aa73-38bfb82ad5b9,->,12acfc45-bdfb-4343-9004-9be15dfd844c,server/model/players/Client.java,sendMessage
12acfc45-bdfb-4343-9004-9be15dfd844c,991eb2a8-284a-4290-ae08-f54cf8834706,a650c378-2bb6-4cd0-a616-959f230dd638,->,12acfc45-bdfb-4343-9004-9be15dfd844c,server/model/players/Client.java,getCrafting
12acfc45-bdfb-4343-9004-9be15dfd844c,991eb2a8-284a-4290-ae08-f54cf8834706,a650c378-2bb6-4cd0-a616-959f230dd638,->,12acfc45-bdfb-4343-9004-9be15dfd844c,server/model/players/skills/Crafting.java,resetCrafting
12acfc45-bdfb-4343-9004-9be15dfd844c,991eb2a8-284a-4290-ae08-f54cf8834706,790d5234-7ac8-4d94-9ec9-32ac9e6366a7,->,12acfc45-bdfb-4343-9004-9be15dfd844c,server/model/players/Client.java,getX
12acfc45-bdfb-4343-9004-9be15dfd844c,991eb2a8-284a-4290-ae08-f54cf8834706,790d5234-7ac8-4d94-9ec9-32ac9e6366a7,->,12acfc45-bdfb-4343-9004-9be15dfd844c,server/model/players/Client.java,getX
12acfc45-bdfb-4343-9004-9be15dfd844c,991eb2a8-284a-4290-ae08-f54cf8834706,790d5234-7ac8-4d94-9ec9-32ac9e6366a7,->,12acfc45-bdfb-4343-9004-9be15dfd844c,server/model/players/Client.java,getY
12acfc45-bdfb-4343-9004-9be15dfd844c,991eb2a8-284a-4290-ae08-f54cf8834706,790d5234-7ac8-4d94-9ec9-32ac9e6366a7,->,12acfc45-bdfb-4343-9004-9be15dfd844c,server/model/players/Client.java,getY
12acfc45-bdfb-4343-9004-9be15dfd844c,991eb2a8-284a-4290-ae08-f54cf8834706,3eee131c-9751-4266-8cb7-2618f2d81526,->,12acfc45-bdfb-4343-9004-9be15dfd844c,991eb2a8-284a-4290-ae08-f54cf8834706,6f1c3a56-0513-4978-8516-4c4cd1895096
12acfc45-bdfb-4343-9004-9be15dfd844c,991eb2a8-284a-4290-ae08-f54cf8834706,3eee131c-9751-4266-8cb7-2618f2d81526,->,12acfc45-bdfb-4343-9004-9be15dfd844c,991eb2a8-284a-4290-ae08-f54cf8834706,6f1c3a56-0513-4978-8516-4c4cd1895096
12acfc45-bdfb-4343-9004-9be15dfd844c,991eb2a8-284a-4290-ae08-f54cf8834706,36f5e05d-9662-4cac-b711-68413e75ab80,->,12acfc45-bdfb-4343-9004-9be15dfd844c,java/lang/Integer.java,valueOf
12acfc45-bdfb-4343-9004-9be15dfd844c,991eb2a8-284a-4290-ae08-f54cf8834706,36f5e05d-9662-4cac-b711-68413e75ab80,->,12acfc45-bdfb-4343-9004-9be15dfd844c,java/util/ArrayList.java,indexOf
12acfc45-bdfb-4343-9004-9be15dfd844c,991eb2a8-284a-4290-ae08-f54cf8834706,36f5e05d-9662-4cac-b711-68413e75ab80,->,12acfc45-bdfb-4343-9004-9be15dfd844c,java/util/ArrayList.java,remove
12acfc45-bdfb-4343-9004-9be15dfd844c,991eb2a8-284a-4290-ae08-f54cf8834706,36f5e05d-9662-4cac-b711-68413e75ab80,->,12acfc45-bdfb-4343-9004-9be15dfd844c,java/lang/Integer.java,valueOf
12acfc45-bdfb-4343-9004-9be15dfd844c,991eb2a8-284a-4290-ae08-f54cf8834706,36f5e05d-9662-4cac-b711-68413e75ab80,->,12acfc45-bdfb-4343-9004-9be15dfd844c,java/util/ArrayList.java,indexOf
12acfc45-bdfb-4343-9004-9be15dfd844c,991eb2a8-284a-4290-ae08-f54cf8834706,36f5e05d-9662-4cac-b711-68413e75ab80,->,12acfc45-bdfb-4343-9004-9be15dfd844c,java/util/ArrayList.java,remove
12acfc45-bdfb-4343-9004-9be15dfd844c,991eb2a8-284a-4290-ae08-f54cf8834706,36f5e05d-9662-4cac-b711-68413e75ab80,->,12acfc45-bdfb-4343-9004-9be15dfd844c,java/lang/Integer.java,valueOf
12acfc45-bdfb-4343-9004-9be15dfd844c,991eb2a8-284a-4290-ae08-f54cf8834706,36f5e05d-9662-4cac-b711-68413e75ab80,->,12acfc45-bdfb-4343-9004-9be15dfd844c,java/util/ArrayList.java,indexOf
12acfc45-bdfb-4343-9004-9be15dfd844c,991eb2a8-284a-4290-ae08-f54cf8834706,36f5e05d-9662-4cac-b711-68413e75ab80,->,12acfc45-bdfb-4343-9004-9be15dfd844c,java/util/ArrayList.java,remove
12acfc45-bdfb-4343-9004-9be15dfd844c,991eb2a8-284a-4290-ae08-f54cf8834706,36f5e05d-9662-4cac-b711-68413e75ab80,->,12acfc45-bdfb-4343-9004-9be15dfd844c,java/lang/Integer.java,valueOf
12acfc45-bdfb-4343-9004-9be15dfd844c,991eb2a8-284a-4290-ae08-f54cf8834706,36f5e05d-9662-4cac-b711-68413e75ab80,->,12acfc45-bdfb-4343-9004-9be15dfd844c,java/util/ArrayList.java,indexOf
12acfc45-bdfb-4343-9004-9be15dfd844c,991eb2a8-284a-4290-ae08-f54cf8834706,36f5e05d-9662-4cac-b711-68413e75ab80,->,12acfc45-bdfb-4343-9004-9be15dfd844c,java/util/ArrayList.java,remove
12acfc45-bdfb-4343-9004-9be15dfd844c,991eb2a8-284a-4290-ae08-f54cf8834706,67ac7667-1e05-4592-a1c0-adeafa37d3ba,->,12acfc45-bdfb-4343-9004-9be15dfd844c,server/model/players/Client.java,getItems
12acfc45-bdfb-4343-9004-9be15dfd844c,991eb2a8-284a-4290-ae08-f54cf8834706,67ac7667-1e05-4592-a1c0-adeafa37d3ba,->,12acfc45-bdfb-4343-9004-9be15dfd844c,server/model/items/ItemAssistant.java,getTotalCount
12acfc45-bdfb-4343-9004-9be15dfd844c,991eb2a8-284a-4290-ae08-f54cf8834706,6e31e714-8336-4750-bf84-ce07f77277d7,->,12acfc45-bdfb-4343-9004-9be15dfd844c,server/model/players/Client.java,getPA
12acfc45-bdfb-4343-9004-9be15dfd844c,991eb2a8-284a-4290-ae08-f54cf8834706,6e31e714-8336-4750-bf84-ce07f77277d7,->,12acfc45-bdfb-4343-9004-9be15dfd844c,server/model/players/PlayerAssistant.java,showInterface
12acfc45-bdfb-4343-9004-9be15dfd844c,991eb2a8-284a-4290-ae08-f54cf8834706,6e31e714-8336-4750-bf84-ce07f77277d7,->,12acfc45-bdfb-4343-9004-9be15dfd844c,server/model/players/Client.java,getItems
12acfc45-bdfb-4343-9004-9be15dfd844c,991eb2a8-284a-4290-ae08-f54cf8834706,6e31e714-8336-4750-bf84-ce07f77277d7,->,12acfc45-bdfb-4343-9004-9be15dfd844c,server/model/items/ItemAssistant.java,addItem
12acfc45-bdfb-4343-9004-9be15dfd844c,991eb2a8-284a-4290-ae08-f54cf8834706,d8dbd2f8-df35-4d62-9c97-ee40283d24fb,->,12acfc45-bdfb-4343-9004-9be15dfd844c,server/model/players/Client.java,getPA
12acfc45-bdfb-4343-9004-9be15dfd844c,991eb2a8-284a-4290-ae08-f54cf8834706,d8dbd2f8-df35-4d62-9c97-ee40283d24fb,->,12acfc45-bdfb-4343-9004-9be15dfd844c,991eb2a8-284a-4290-ae08-f54cf8834706,4a53cfb1-33ed-4a82-aa73-38bfb82ad5b9
12acfc45-bdfb-4343-9004-9be15dfd844c,991eb2a8-284a-4290-ae08-f54cf8834706,d8dbd2f8-df35-4d62-9c97-ee40283d24fb,->,12acfc45-bdfb-4343-9004-9be15dfd844c,server/model/players/Client.java,getPA
12acfc45-bdfb-4343-9004-9be15dfd844c,991eb2a8-284a-4290-ae08-f54cf8834706,d8dbd2f8-df35-4d62-9c97-ee40283d24fb,->,12acfc45-bdfb-4343-9004-9be15dfd844c,991eb2a8-284a-4290-ae08-f54cf8834706,5d93f329-6698-4ce5-a713-540cc582e345
12acfc45-bdfb-4343-9004-9be15dfd844c,991eb2a8-284a-4290-ae08-f54cf8834706,d8dbd2f8-df35-4d62-9c97-ee40283d24fb,->,12acfc45-bdfb-4343-9004-9be15dfd844c,server/model/players/Client.java,getCombat
12acfc45-bdfb-4343-9004-9be15dfd844c,991eb2a8-284a-4290-ae08-f54cf8834706,d8dbd2f8-df35-4d62-9c97-ee40283d24fb,->,12acfc45-bdfb-4343-9004-9be15dfd844c,server/model/players/CombatAssistant.java,handleDfs
12acfc45-bdfb-4343-9004-9be15dfd844c,991eb2a8-284a-4290-ae08-f54cf8834706,d8dbd2f8-df35-4d62-9c97-ee40283d24fb,->,12acfc45-bdfb-4343-9004-9be15dfd844c,server/model/players/Client.java,getCombat
12acfc45-bdfb-4343-9004-9be15dfd844c,991eb2a8-284a-4290-ae08-f54cf8834706,d8dbd2f8-df35-4d62-9c97-ee40283d24fb,->,12acfc45-bdfb-4343-9004-9be15dfd844c,server/model/players/CombatAssistant.java,handleDfsNPC
12acfc45-bdfb-4343-9004-9be15dfd844c,991eb2a8-284a-4290-ae08-f54cf8834706,3051c6cb-21a1-4c0e-95dd-0078747375d8,->,12acfc45-bdfb-4343-9004-9be15dfd844c,991eb2a8-284a-4290-ae08-f54cf8834706,2e4fce67-a2c5-4d60-8634-bee2dfcdeeb6
12acfc45-bdfb-4343-9004-9be15dfd844c,991eb2a8-284a-4290-ae08-f54cf8834706,3051c6cb-21a1-4c0e-95dd-0078747375d8,->,12acfc45-bdfb-4343-9004-9be15dfd844c,java/lang/System.java,currentTimeMillis
12acfc45-bdfb-4343-9004-9be15dfd844c,991eb2a8-284a-4290-ae08-f54cf8834706,2e4fce67-a2c5-4d60-8634-bee2dfcdeeb6,->,12acfc45-bdfb-4343-9004-9be15dfd844c,991eb2a8-284a-4290-ae08-f54cf8834706,141a66be-744c-48f6-a5c3-9dbea684d0d6
12acfc45-bdfb-4343-9004-9be15dfd844c,991eb2a8-284a-4290-ae08-f54cf8834706,ab521193-b0ac-4ab7-b82d-892eeb4d87db,->,12acfc45-bdfb-4343-9004-9be15dfd844c,server/model/players/Client.java,goodDistance
12acfc45-bdfb-4343-9004-9be15dfd844c,991eb2a8-284a-4290-ae08-f54cf8834706,ab521193-b0ac-4ab7-b82d-892eeb4d87db,->,12acfc45-bdfb-4343-9004-9be15dfd844c,server/model/players/Client.java,goodDistance
12acfc45-bdfb-4343-9004-9be15dfd844c,991eb2a8-284a-4290-ae08-f54cf8834706,ab521193-b0ac-4ab7-b82d-892eeb4d87db,->,12acfc45-bdfb-4343-9004-9be15dfd844c,server/model/players/Client.java,goodDistance
12acfc45-bdfb-4343-9004-9be15dfd844c,991eb2a8-284a-4290-ae08-f54cf8834706,7aa36b1d-a27a-41e4-9ac5-3e1db30701f7,->,12acfc45-bdfb-4343-9004-9be15dfd844c,server/model/players/Client.java,getPA
12acfc45-bdfb-4343-9004-9be15dfd844c,991eb2a8-284a-4290-ae08-f54cf8834706,7aa36b1d-a27a-41e4-9ac5-3e1db30701f7,->,12acfc45-bdfb-4343-9004-9be15dfd844c,991eb2a8-284a-4290-ae08-f54cf8834706,141a66be-744c-48f6-a5c3-9dbea684d0d6
12acfc45-bdfb-4343-9004-9be15dfd844c,991eb2a8-284a-4290-ae08-f54cf8834706,b4e2adae-4a67-4b2d-8ebb-d964a89a9c0e,->,12acfc45-bdfb-4343-9004-9be15dfd844c,server/model/players/Client.java,getPA
12acfc45-bdfb-4343-9004-9be15dfd844c,991eb2a8-284a-4290-ae08-f54cf8834706,b4e2adae-4a67-4b2d-8ebb-d964a89a9c0e,->,12acfc45-bdfb-4343-9004-9be15dfd844c,991eb2a8-284a-4290-ae08-f54cf8834706,141a66be-744c-48f6-a5c3-9dbea684d0d6
12acfc45-bdfb-4343-9004-9be15dfd844c,991eb2a8-284a-4290-ae08-f54cf8834706,b4e2adae-4a67-4b2d-8ebb-d964a89a9c0e,->,12acfc45-bdfb-4343-9004-9be15dfd844c,3ab0cc49-78c3-45ed-a03a-f251199dfbb9,3d27faf4-0319-4d3d-b558-10d40da17fd8
12acfc45-bdfb-4343-9004-9be15dfd844c,991eb2a8-284a-4290-ae08-f54cf8834706,b4e2adae-4a67-4b2d-8ebb-d964a89a9c0e,->,12acfc45-bdfb-4343-9004-9be15dfd844c,3ab0cc49-78c3-45ed-a03a-f251199dfbb9,d719c34b-e0d2-473f-8e9a-936cfc6b4522
12acfc45-bdfb-4343-9004-9be15dfd844c,991eb2a8-284a-4290-ae08-f54cf8834706,f5bb9e43-0c01-4c45-bdce-20442359bef2,->,12acfc45-bdfb-4343-9004-9be15dfd844c,java/lang/System.java,currentTimeMillis
12acfc45-bdfb-4343-9004-9be15dfd844c,991eb2a8-284a-4290-ae08-f54cf8834706,f5bb9e43-0c01-4c45-bdce-20442359bef2,->,12acfc45-bdfb-4343-9004-9be15dfd844c,server/model/players/Client.java,sendMessage
12acfc45-bdfb-4343-9004-9be15dfd844c,991eb2a8-284a-4290-ae08-f54cf8834706,bee06002-7a16-4e69-9089-a50c30531de0,->,12acfc45-bdfb-4343-9004-9be15dfd844c,server/model/players/Player.java,getX
12acfc45-bdfb-4343-9004-9be15dfd844c,991eb2a8-284a-4290-ae08-f54cf8834706,bee06002-7a16-4e69-9089-a50c30531de0,->,12acfc45-bdfb-4343-9004-9be15dfd844c,server/model/players/Player.java,getY
12acfc45-bdfb-4343-9004-9be15dfd844c,991eb2a8-284a-4290-ae08-f54cf8834706,9ce2112f-8ec4-482b-a860-f797dbd1119e,->,12acfc45-bdfb-4343-9004-9be15dfd844c,java/lang/StringBuilder.java,append
12acfc45-bdfb-4343-9004-9be15dfd844c,991eb2a8-284a-4290-ae08-f54cf8834706,9ce2112f-8ec4-482b-a860-f797dbd1119e,->,12acfc45-bdfb-4343-9004-9be15dfd844c,java/lang/StringBuilder.java,append
12acfc45-bdfb-4343-9004-9be15dfd844c,991eb2a8-284a-4290-ae08-f54cf8834706,9ce2112f-8ec4-482b-a860-f797dbd1119e,->,12acfc45-bdfb-4343-9004-9be15dfd844c,java/lang/StringBuilder.java,append
12acfc45-bdfb-4343-9004-9be15dfd844c,991eb2a8-284a-4290-ae08-f54cf8834706,9ce2112f-8ec4-482b-a860-f797dbd1119e,->,12acfc45-bdfb-4343-9004-9be15dfd844c,java/lang/StringBuilder.java,toString
12acfc45-bdfb-4343-9004-9be15dfd844c,991eb2a8-284a-4290-ae08-f54cf8834706,9ce2112f-8ec4-482b-a860-f797dbd1119e,->,12acfc45-bdfb-4343-9004-9be15dfd844c,server/model/players/Client.java,sendMessage
12acfc45-bdfb-4343-9004-9be15dfd844c,991eb2a8-284a-4290-ae08-f54cf8834706,d6e01160-281e-46f2-9763-9f5ba7efb633,->,12acfc45-bdfb-4343-9004-9be15dfd844c,server/model/players/Client.java,getItems
12acfc45-bdfb-4343-9004-9be15dfd844c,991eb2a8-284a-4290-ae08-f54cf8834706,d6e01160-281e-46f2-9763-9f5ba7efb633,->,12acfc45-bdfb-4343-9004-9be15dfd844c,server/model/items/ItemAssistant.java,getItemAmount
12acfc45-bdfb-4343-9004-9be15dfd844c,991eb2a8-284a-4290-ae08-f54cf8834706,d6e01160-281e-46f2-9763-9f5ba7efb633,->,12acfc45-bdfb-4343-9004-9be15dfd844c,server/model/players/Client.java,getItems
12acfc45-bdfb-4343-9004-9be15dfd844c,991eb2a8-284a-4290-ae08-f54cf8834706,d6e01160-281e-46f2-9763-9f5ba7efb633,->,12acfc45-bdfb-4343-9004-9be15dfd844c,server/model/items/ItemAssistant.java,getItemAmount
12acfc45-bdfb-4343-9004-9be15dfd844c,991eb2a8-284a-4290-ae08-f54cf8834706,d6e01160-281e-46f2-9763-9f5ba7efb633,->,12acfc45-bdfb-4343-9004-9be15dfd844c,server/model/players/Client.java,getItems
12acfc45-bdfb-4343-9004-9be15dfd844c,991eb2a8-284a-4290-ae08-f54cf8834706,d6e01160-281e-46f2-9763-9f5ba7efb633,->,12acfc45-bdfb-4343-9004-9be15dfd844c,server/model/items/ItemAssistant.java,deleteItem
12acfc45-bdfb-4343-9004-9be15dfd844c,991eb2a8-284a-4290-ae08-f54cf8834706,79770d42-3306-4e4c-990f-f435990d8c75,->,12acfc45-bdfb-4343-9004-9be15dfd844c,server/model/players/Client.java,getItems
12acfc45-bdfb-4343-9004-9be15dfd844c,991eb2a8-284a-4290-ae08-f54cf8834706,79770d42-3306-4e4c-990f-f435990d8c75,->,12acfc45-bdfb-4343-9004-9be15dfd844c,server/model/items/ItemAssistant.java,freeSlots
12acfc45-bdfb-4343-9004-9be15dfd844c,991eb2a8-284a-4290-ae08-f54cf8834706,79770d42-3306-4e4c-990f-f435990d8c75,->,12acfc45-bdfb-4343-9004-9be15dfd844c,server/model/players/Client.java,getItems
12acfc45-bdfb-4343-9004-9be15dfd844c,991eb2a8-284a-4290-ae08-f54cf8834706,79770d42-3306-4e4c-990f-f435990d8c75,->,12acfc45-bdfb-4343-9004-9be15dfd844c,server/model/items/ItemAssistant.java,freeSlots
12acfc45-bdfb-4343-9004-9be15dfd844c,991eb2a8-284a-4290-ae08-f54cf8834706,79770d42-3306-4e4c-990f-f435990d8c75,->,12acfc45-bdfb-4343-9004-9be15dfd844c,server/model/players/Client.java,getItems
12acfc45-bdfb-4343-9004-9be15dfd844c,991eb2a8-284a-4290-ae08-f54cf8834706,79770d42-3306-4e4c-990f-f435990d8c75,->,12acfc45-bdfb-4343-9004-9be15dfd844c,server/model/items/ItemAssistant.java,addItem
12acfc45-bdfb-4343-9004-9be15dfd844c,991eb2a8-284a-4290-ae08-f54cf8834706,452d8556-249c-4673-9009-3472827e9004,->,12acfc45-bdfb-4343-9004-9be15dfd844c,server/model/players/Client.java,getItems
12acfc45-bdfb-4343-9004-9be15dfd844c,991eb2a8-284a-4290-ae08-f54cf8834706,452d8556-249c-4673-9009-3472827e9004,->,12acfc45-bdfb-4343-9004-9be15dfd844c,server/model/items/ItemAssistant.java,getItemAmount
12acfc45-bdfb-4343-9004-9be15dfd844c,991eb2a8-284a-4290-ae08-f54cf8834706,452d8556-249c-4673-9009-3472827e9004,->,12acfc45-bdfb-4343-9004-9be15dfd844c,server/model/players/Client.java,getItems
12acfc45-bdfb-4343-9004-9be15dfd844c,991eb2a8-284a-4290-ae08-f54cf8834706,452d8556-249c-4673-9009-3472827e9004,->,12acfc45-bdfb-4343-9004-9be15dfd844c,server/model/players/Client.java,getItems
12acfc45-bdfb-4343-9004-9be15dfd844c,991eb2a8-284a-4290-ae08-f54cf8834706,452d8556-249c-4673-9009-3472827e9004,->,12acfc45-bdfb-4343-9004-9be15dfd844c,server/model/players/Client.java,sendMessage
12acfc45-bdfb-4343-9004-9be15dfd844c,991eb2a8-284a-4290-ae08-f54cf8834706,452d8556-249c-4673-9009-3472827e9004,->,12acfc45-bdfb-4343-9004-9be15dfd844c,server/model/players/Client.java,getItems
12acfc45-bdfb-4343-9004-9be15dfd844c,991eb2a8-284a-4290-ae08-f54cf8834706,452d8556-249c-4673-9009-3472827e9004,->,12acfc45-bdfb-4343-9004-9be15dfd844c,server/model/players/Client.java,getItems
12acfc45-bdfb-4343-9004-9be15dfd844c,991eb2a8-284a-4290-ae08-f54cf8834706,452d8556-249c-4673-9009-3472827e9004,->,12acfc45-bdfb-4343-9004-9be15dfd844c,server/model/players/Client.java,getItems
12acfc45-bdfb-4343-9004-9be15dfd844c,991eb2a8-284a-4290-ae08-f54cf8834706,452d8556-249c-4673-9009-3472827e9004,->,12acfc45-bdfb-4343-9004-9be15dfd844c,server/model/items/ItemAssistant.java,getItemSlot
12acfc45-bdfb-4343-9004-9be15dfd844c,991eb2a8-284a-4290-ae08-f54cf8834706,452d8556-249c-4673-9009-3472827e9004,->,12acfc45-bdfb-4343-9004-9be15dfd844c,server/model/items/ItemAssistant.java,deleteItem
12acfc45-bdfb-4343-9004-9be15dfd844c,991eb2a8-284a-4290-ae08-f54cf8834706,8009a98e-960d-4c5f-8975-09f6e9c8f281,->,12acfc45-bdfb-4343-9004-9be15dfd844c,991eb2a8-284a-4290-ae08-f54cf8834706,895d3d5a-5a67-4c66-8ca8-f3b69e5562a1
12acfc45-bdfb-4343-9004-9be15dfd844c,991eb2a8-284a-4290-ae08-f54cf8834706,8009a98e-960d-4c5f-8975-09f6e9c8f281,->,12acfc45-bdfb-4343-9004-9be15dfd844c,server/model/players/Client.java,getPA
12acfc45-bdfb-4343-9004-9be15dfd844c,991eb2a8-284a-4290-ae08-f54cf8834706,8009a98e-960d-4c5f-8975-09f6e9c8f281,->,12acfc45-bdfb-4343-9004-9be15dfd844c,991eb2a8-284a-4290-ae08-f54cf8834706,609517a1-3a8b-4bd9-8623-3cae47c33a17
12acfc45-bdfb-4343-9004-9be15dfd844c,991eb2a8-284a-4290-ae08-f54cf8834706,8009a98e-960d-4c5f-8975-09f6e9c8f281,->,12acfc45-bdfb-4343-9004-9be15dfd844c,server/model/players/Client.java,getPA
12acfc45-bdfb-4343-9004-9be15dfd844c,991eb2a8-284a-4290-ae08-f54cf8834706,8009a98e-960d-4c5f-8975-09f6e9c8f281,->,12acfc45-bdfb-4343-9004-9be15dfd844c,991eb2a8-284a-4290-ae08-f54cf8834706,609517a1-3a8b-4bd9-8623-3cae47c33a17
12acfc45-bdfb-4343-9004-9be15dfd844c,991eb2a8-284a-4290-ae08-f54cf8834706,8009a98e-960d-4c5f-8975-09f6e9c8f281,->,12acfc45-bdfb-4343-9004-9be15dfd844c,server/model/players/Client.java,getPA
12acfc45-bdfb-4343-9004-9be15dfd844c,991eb2a8-284a-4290-ae08-f54cf8834706,8009a98e-960d-4c5f-8975-09f6e9c8f281,->,12acfc45-bdfb-4343-9004-9be15dfd844c,991eb2a8-284a-4290-ae08-f54cf8834706,609517a1-3a8b-4bd9-8623-3cae47c33a17
12acfc45-bdfb-4343-9004-9be15dfd844c,991eb2a8-284a-4290-ae08-f54cf8834706,8009a98e-960d-4c5f-8975-09f6e9c8f281,->,12acfc45-bdfb-4343-9004-9be15dfd844c,server/model/players/Client.java,getPA
12acfc45-bdfb-4343-9004-9be15dfd844c,991eb2a8-284a-4290-ae08-f54cf8834706,8009a98e-960d-4c5f-8975-09f6e9c8f281,->,12acfc45-bdfb-4343-9004-9be15dfd844c,991eb2a8-284a-4290-ae08-f54cf8834706,609517a1-3a8b-4bd9-8623-3cae47c33a17
12acfc45-bdfb-4343-9004-9be15dfd844c,991eb2a8-284a-4290-ae08-f54cf8834706,8009a98e-960d-4c5f-8975-09f6e9c8f281,->,12acfc45-bdfb-4343-9004-9be15dfd844c,server/model/players/Client.java,getPA
12acfc45-bdfb-4343-9004-9be15dfd844c,991eb2a8-284a-4290-ae08-f54cf8834706,8009a98e-960d-4c5f-8975-09f6e9c8f281,->,12acfc45-bdfb-4343-9004-9be15dfd844c,991eb2a8-284a-4290-ae08-f54cf8834706,609517a1-3a8b-4bd9-8623-3cae47c33a17
12acfc45-bdfb-4343-9004-9be15dfd844c,991eb2a8-284a-4290-ae08-f54cf8834706,8009a98e-960d-4c5f-8975-09f6e9c8f281,->,12acfc45-bdfb-4343-9004-9be15dfd844c,server/model/players/Client.java,getPA
12acfc45-bdfb-4343-9004-9be15dfd844c,991eb2a8-284a-4290-ae08-f54cf8834706,8009a98e-960d-4c5f-8975-09f6e9c8f281,->,12acfc45-bdfb-4343-9004-9be15dfd844c,991eb2a8-284a-4290-ae08-f54cf8834706,609517a1-3a8b-4bd9-8623-3cae47c33a17
12acfc45-bdfb-4343-9004-9be15dfd844c,991eb2a8-284a-4290-ae08-f54cf8834706,8009a98e-960d-4c5f-8975-09f6e9c8f281,->,12acfc45-bdfb-4343-9004-9be15dfd844c,server/model/players/Client.java,getPA
12acfc45-bdfb-4343-9004-9be15dfd844c,991eb2a8-284a-4290-ae08-f54cf8834706,8009a98e-960d-4c5f-8975-09f6e9c8f281,->,12acfc45-bdfb-4343-9004-9be15dfd844c,991eb2a8-284a-4290-ae08-f54cf8834706,609517a1-3a8b-4bd9-8623-3cae47c33a17
12acfc45-bdfb-4343-9004-9be15dfd844c,991eb2a8-284a-4290-ae08-f54cf8834706,8009a98e-960d-4c5f-8975-09f6e9c8f281,->,12acfc45-bdfb-4343-9004-9be15dfd844c,server/model/players/Client.java,getPA
12acfc45-bdfb-4343-9004-9be15dfd844c,991eb2a8-284a-4290-ae08-f54cf8834706,8009a98e-960d-4c5f-8975-09f6e9c8f281,->,12acfc45-bdfb-4343-9004-9be15dfd844c,991eb2a8-284a-4290-ae08-f54cf8834706,609517a1-3a8b-4bd9-8623-3cae47c33a17
12acfc45-bdfb-4343-9004-9be15dfd844c,991eb2a8-284a-4290-ae08-f54cf8834706,8009a98e-960d-4c5f-8975-09f6e9c8f281,->,12acfc45-bdfb-4343-9004-9be15dfd844c,server/model/players/Client.java,getPA
12acfc45-bdfb-4343-9004-9be15dfd844c,991eb2a8-284a-4290-ae08-f54cf8834706,8009a98e-960d-4c5f-8975-09f6e9c8f281,->,12acfc45-bdfb-4343-9004-9be15dfd844c,991eb2a8-284a-4290-ae08-f54cf8834706,609517a1-3a8b-4bd9-8623-3cae47c33a17
12acfc45-bdfb-4343-9004-9be15dfd844c,991eb2a8-284a-4290-ae08-f54cf8834706,8009a98e-960d-4c5f-8975-09f6e9c8f281,->,12acfc45-bdfb-4343-9004-9be15dfd844c,server/model/players/Client.java,getPA
12acfc45-bdfb-4343-9004-9be15dfd844c,991eb2a8-284a-4290-ae08-f54cf8834706,8009a98e-960d-4c5f-8975-09f6e9c8f281,->,12acfc45-bdfb-4343-9004-9be15dfd844c,991eb2a8-284a-4290-ae08-f54cf8834706,609517a1-3a8b-4bd9-8623-3cae47c33a17
12acfc45-bdfb-4343-9004-9be15dfd844c,991eb2a8-284a-4290-ae08-f54cf8834706,d4c66ff8-37b6-404a-912f-c2e9d51b12b0,->,12acfc45-bdfb-4343-9004-9be15dfd844c,server/model/players/Client.java,getPA
12acfc45-bdfb-4343-9004-9be15dfd844c,991eb2a8-284a-4290-ae08-f54cf8834706,d4c66ff8-37b6-404a-912f-c2e9d51b12b0,->,12acfc45-bdfb-4343-9004-9be15dfd844c,991eb2a8-284a-4290-ae08-f54cf8834706,27bd7aec-abd0-4844-9935-efefbf7019b2
12acfc45-bdfb-4343-9004-9be15dfd844c,991eb2a8-284a-4290-ae08-f54cf8834706,d4c66ff8-37b6-404a-912f-c2e9d51b12b0,->,12acfc45-bdfb-4343-9004-9be15dfd844c,server/model/players/Client.java,getPA
12acfc45-bdfb-4343-9004-9be15dfd844c,991eb2a8-284a-4290-ae08-f54cf8834706,d4c66ff8-37b6-404a-912f-c2e9d51b12b0,->,12acfc45-bdfb-4343-9004-9be15dfd844c,991eb2a8-284a-4290-ae08-f54cf8834706,27bd7aec-abd0-4844-9935-efefbf7019b2
12acfc45-bdfb-4343-9004-9be15dfd844c,991eb2a8-284a-4290-ae08-f54cf8834706,d4c66ff8-37b6-404a-912f-c2e9d51b12b0,->,12acfc45-bdfb-4343-9004-9be15dfd844c,server/model/players/Client.java,getPA
12acfc45-bdfb-4343-9004-9be15dfd844c,991eb2a8-284a-4290-ae08-f54cf8834706,d4c66ff8-37b6-404a-912f-c2e9d51b12b0,->,12acfc45-bdfb-4343-9004-9be15dfd844c,991eb2a8-284a-4290-ae08-f54cf8834706,27bd7aec-abd0-4844-9935-efefbf7019b2
12acfc45-bdfb-4343-9004-9be15dfd844c,991eb2a8-284a-4290-ae08-f54cf8834706,d4c66ff8-37b6-404a-912f-c2e9d51b12b0,->,12acfc45-bdfb-4343-9004-9be15dfd844c,server/model/players/Client.java,getPA
12acfc45-bdfb-4343-9004-9be15dfd844c,991eb2a8-284a-4290-ae08-f54cf8834706,d4c66ff8-37b6-404a-912f-c2e9d51b12b0,->,12acfc45-bdfb-4343-9004-9be15dfd844c,991eb2a8-284a-4290-ae08-f54cf8834706,27bd7aec-abd0-4844-9935-efefbf7019b2
12acfc45-bdfb-4343-9004-9be15dfd844c,9ad6d83b-532d-41cd-9467-4cdcf070b25d,e6a70b5b-b120-4672-8f0d-8327938dbffe,->,12acfc45-bdfb-4343-9004-9be15dfd844c,server/model/players/Client.java,getInStream
12acfc45-bdfb-4343-9004-9be15dfd844c,9ad6d83b-532d-41cd-9467-4cdcf070b25d,e6a70b5b-b120-4672-8f0d-8327938dbffe,->,12acfc45-bdfb-4343-9004-9be15dfd844c,server/util/Stream.java,readSignedWordBigEndianA
12acfc45-bdfb-4343-9004-9be15dfd844c,9ad6d83b-532d-41cd-9467-4cdcf070b25d,e6a70b5b-b120-4672-8f0d-8327938dbffe,->,12acfc45-bdfb-4343-9004-9be15dfd844c,server/model/players/Client.java,getInStream
12acfc45-bdfb-4343-9004-9be15dfd844c,9ad6d83b-532d-41cd-9467-4cdcf070b25d,e6a70b5b-b120-4672-8f0d-8327938dbffe,->,12acfc45-bdfb-4343-9004-9be15dfd844c,server/util/Stream.java,readSignedWordBigEndianA
12acfc45-bdfb-4343-9004-9be15dfd844c,9ad6d83b-532d-41cd-9467-4cdcf070b25d,e6a70b5b-b120-4672-8f0d-8327938dbffe,->,12acfc45-bdfb-4343-9004-9be15dfd844c,server/model/players/Client.java,getInStream
12acfc45-bdfb-4343-9004-9be15dfd844c,9ad6d83b-532d-41cd-9467-4cdcf070b25d,e6a70b5b-b120-4672-8f0d-8327938dbffe,->,12acfc45-bdfb-4343-9004-9be15dfd844c,server/util/Stream.java,readSignedWordBigEndian
12acfc45-bdfb-4343-9004-9be15dfd844c,9ad6d83b-532d-41cd-9467-4cdcf070b25d,e6a70b5b-b120-4672-8f0d-8327938dbffe,->,12acfc45-bdfb-4343-9004-9be15dfd844c,server/model/players/skills/JewelryMaking.java,jewelryMaking
12acfc45-bdfb-4343-9004-9be15dfd844c,9ad6d83b-532d-41cd-9467-4cdcf070b25d,e6a70b5b-b120-4672-8f0d-8327938dbffe,->,12acfc45-bdfb-4343-9004-9be15dfd844c,server/model/players/skills/JewelryMaking.java,jewelryMaking
12acfc45-bdfb-4343-9004-9be15dfd844c,9ad6d83b-532d-41cd-9467-4cdcf070b25d,e6a70b5b-b120-4672-8f0d-8327938dbffe,->,12acfc45-bdfb-4343-9004-9be15dfd844c,server/model/players/skills/JewelryMaking.java,jewelryMaking
12acfc45-bdfb-4343-9004-9be15dfd844c,9ad6d83b-532d-41cd-9467-4cdcf070b25d,e6a70b5b-b120-4672-8f0d-8327938dbffe,->,12acfc45-bdfb-4343-9004-9be15dfd844c,server/model/players/Client.java,getShops
12acfc45-bdfb-4343-9004-9be15dfd844c,9ad6d83b-532d-41cd-9467-4cdcf070b25d,e6a70b5b-b120-4672-8f0d-8327938dbffe,->,12acfc45-bdfb-4343-9004-9be15dfd844c,server/model/shops/ShopAssistant.java,buyItem
12acfc45-bdfb-4343-9004-9be15dfd844c,9ad6d83b-532d-41cd-9467-4cdcf070b25d,e6a70b5b-b120-4672-8f0d-8327938dbffe,->,12acfc45-bdfb-4343-9004-9be15dfd844c,server/model/players/Client.java,getShops
12acfc45-bdfb-4343-9004-9be15dfd844c,9ad6d83b-532d-41cd-9467-4cdcf070b25d,e6a70b5b-b120-4672-8f0d-8327938dbffe,->,12acfc45-bdfb-4343-9004-9be15dfd844c,server/model/shops/ShopAssistant.java,sellItem
12acfc45-bdfb-4343-9004-9be15dfd844c,9ad6d83b-532d-41cd-9467-4cdcf070b25d,e6a70b5b-b120-4672-8f0d-8327938dbffe,->,12acfc45-bdfb-4343-9004-9be15dfd844c,server/model/players/Client.java,getItems
12acfc45-bdfb-4343-9004-9be15dfd844c,9ad6d83b-532d-41cd-9467-4cdcf070b25d,e6a70b5b-b120-4672-8f0d-8327938dbffe,->,12acfc45-bdfb-4343-9004-9be15dfd844c,server/model/items/ItemAssistant.java,bankItem
12acfc45-bdfb-4343-9004-9be15dfd844c,9ad6d83b-532d-41cd-9467-4cdcf070b25d,e6a70b5b-b120-4672-8f0d-8327938dbffe,->,12acfc45-bdfb-4343-9004-9be15dfd844c,server/model/players/Client.java,getItems
12acfc45-bdfb-4343-9004-9be15dfd844c,9ad6d83b-532d-41cd-9467-4cdcf070b25d,e6a70b5b-b120-4672-8f0d-8327938dbffe,->,12acfc45-bdfb-4343-9004-9be15dfd844c,server/model/items/ItemAssistant.java,fromBank
12acfc45-bdfb-4343-9004-9be15dfd844c,9ad6d83b-532d-41cd-9467-4cdcf070b25d,e6a70b5b-b120-4672-8f0d-8327938dbffe,->,12acfc45-bdfb-4343-9004-9be15dfd844c,server/model/players/Client.java,getTradeAndDuel
12acfc45-bdfb-4343-9004-9be15dfd844c,9ad6d83b-532d-41cd-9467-4cdcf070b25d,e6a70b5b-b120-4672-8f0d-8327938dbffe,->,12acfc45-bdfb-4343-9004-9be15dfd844c,server/model/players/TradeAndDuel.java,tradeItem
12acfc45-bdfb-4343-9004-9be15dfd844c,9ad6d83b-532d-41cd-9467-4cdcf070b25d,e6a70b5b-b120-4672-8f0d-8327938dbffe,->,12acfc45-bdfb-4343-9004-9be15dfd844c,server/model/players/Client.java,getTradeAndDuel
12acfc45-bdfb-4343-9004-9be15dfd844c,9ad6d83b-532d-41cd-9467-4cdcf070b25d,e6a70b5b-b120-4672-8f0d-8327938dbffe,->,12acfc45-bdfb-4343-9004-9be15dfd844c,server/model/players/TradeAndDuel.java,stakeItem
12acfc45-bdfb-4343-9004-9be15dfd844c,9ad6d83b-532d-41cd-9467-4cdcf070b25d,e6a70b5b-b120-4672-8f0d-8327938dbffe,->,12acfc45-bdfb-4343-9004-9be15dfd844c,server/model/players/Client.java,getTradeAndDuel
12acfc45-bdfb-4343-9004-9be15dfd844c,9ad6d83b-532d-41cd-9467-4cdcf070b25d,e6a70b5b-b120-4672-8f0d-8327938dbffe,->,12acfc45-bdfb-4343-9004-9be15dfd844c,server/model/players/TradeAndDuel.java,fromTrade
12acfc45-bdfb-4343-9004-9be15dfd844c,9ad6d83b-532d-41cd-9467-4cdcf070b25d,e6a70b5b-b120-4672-8f0d-8327938dbffe,->,12acfc45-bdfb-4343-9004-9be15dfd844c,server/model/players/Client.java,getTradeAndDuel
12acfc45-bdfb-4343-9004-9be15dfd844c,9ad6d83b-532d-41cd-9467-4cdcf070b25d,e6a70b5b-b120-4672-8f0d-8327938dbffe,->,12acfc45-bdfb-4343-9004-9be15dfd844c,server/model/players/TradeAndDuel.java,fromDuel
12acfc45-bdfb-4343-9004-9be15dfd844c,server/model/players/packets/PickupItem$1.java,execute,->,12acfc45-bdfb-4343-9004-9be15dfd844c,6dd0c5db-72ba-4498-883f-a3c8c3333519,2c14e4eb-2b3e-4056-bf8e-5218f96f0ad5
12acfc45-bdfb-4343-9004-9be15dfd844c,server/model/players/packets/PickupItem$1.java,execute,->,12acfc45-bdfb-4343-9004-9be15dfd844c,server/model/players/Client.java,getX
12acfc45-bdfb-4343-9004-9be15dfd844c,server/model/players/packets/PickupItem$1.java,execute,->,12acfc45-bdfb-4343-9004-9be15dfd844c,server/model/players/Client.java,getY
12acfc45-bdfb-4343-9004-9be15dfd844c,server/model/players/packets/PickupItem$1.java,execute,->,12acfc45-bdfb-4343-9004-9be15dfd844c,server/world/ItemHandler.java,removeGroundItem
12acfc45-bdfb-4343-9004-9be15dfd844c,server/model/players/packets/PickupItem$1.java,execute,->,12acfc45-bdfb-4343-9004-9be15dfd844c,6dd0c5db-72ba-4498-883f-a3c8c3333519,2c14e4eb-2b3e-4056-bf8e-5218f96f0ad5
12acfc45-bdfb-4343-9004-9be15dfd844c,a2607ee7-4260-4da8-96e8-ba26187e8a6b,423f3e96-bce7-4f2b-b4f3-d568dca769a5,->,12acfc45-bdfb-4343-9004-9be15dfd844c,server/model/players/Client.java,getInStream
12acfc45-bdfb-4343-9004-9be15dfd844c,a2607ee7-4260-4da8-96e8-ba26187e8a6b,423f3e96-bce7-4f2b-b4f3-d568dca769a5,->,12acfc45-bdfb-4343-9004-9be15dfd844c,2c89cfe4-ed6d-446f-832b-3c203feb3155,18b1d176-fb8c-48ed-9a7b-402fd470f307
12acfc45-bdfb-4343-9004-9be15dfd844c,a2607ee7-4260-4da8-96e8-ba26187e8a6b,423f3e96-bce7-4f2b-b4f3-d568dca769a5,->,12acfc45-bdfb-4343-9004-9be15dfd844c,13a9d311-0d3f-4300-a522-b5da68ff6085,25ea2c71-7364-47af-85b5-87890f39a846
12acfc45-bdfb-4343-9004-9be15dfd844c,a2607ee7-4260-4da8-96e8-ba26187e8a6b,423f3e96-bce7-4f2b-b4f3-d568dca769a5,->,12acfc45-bdfb-4343-9004-9be15dfd844c,java/lang/StringBuilder.java,append
12acfc45-bdfb-4343-9004-9be15dfd844c,a2607ee7-4260-4da8-96e8-ba26187e8a6b,423f3e96-bce7-4f2b-b4f3-d568dca769a5,->,12acfc45-bdfb-4343-9004-9be15dfd844c,java/lang/StringBuilder.java,append
12acfc45-bdfb-4343-9004-9be15dfd844c,a2607ee7-4260-4da8-96e8-ba26187e8a6b,423f3e96-bce7-4f2b-b4f3-d568dca769a5,->,12acfc45-bdfb-4343-9004-9be15dfd844c,java/lang/StringBuilder.java,append
12acfc45-bdfb-4343-9004-9be15dfd844c,a2607ee7-4260-4da8-96e8-ba26187e8a6b,423f3e96-bce7-4f2b-b4f3-d568dca769a5,->,12acfc45-bdfb-4343-9004-9be15dfd844c,java/lang/StringBuilder.java,toString
12acfc45-bdfb-4343-9004-9be15dfd844c,a2607ee7-4260-4da8-96e8-ba26187e8a6b,423f3e96-bce7-4f2b-b4f3-d568dca769a5,->,12acfc45-bdfb-4343-9004-9be15dfd844c,2c89cfe4-ed6d-446f-832b-3c203feb3155,cf0eb5d1-f945-4cc7-9eaa-55b858ed55c6
12acfc45-bdfb-4343-9004-9be15dfd844c,a2607ee7-4260-4da8-96e8-ba26187e8a6b,423f3e96-bce7-4f2b-b4f3-d568dca769a5,->,12acfc45-bdfb-4343-9004-9be15dfd844c,server/model/players/skills/CraftingData$tanningData.java,values
12acfc45-bdfb-4343-9004-9be15dfd844c,a2607ee7-4260-4da8-96e8-ba26187e8a6b,423f3e96-bce7-4f2b-b4f3-d568dca769a5,->,12acfc45-bdfb-4343-9004-9be15dfd844c,server/model/players/skills/CraftingData$tanningData.java,getButtonId
12acfc45-bdfb-4343-9004-9be15dfd844c,a2607ee7-4260-4da8-96e8-ba26187e8a6b,423f3e96-bce7-4f2b-b4f3-d568dca769a5,->,12acfc45-bdfb-4343-9004-9be15dfd844c,e25a43c7-9bc1-4d3c-b8d0-2f651141b4da,063efb1d-a72f-44c4-a00d-c4933aeb5ea4
12acfc45-bdfb-4343-9004-9be15dfd844c,a2607ee7-4260-4da8-96e8-ba26187e8a6b,423f3e96-bce7-4f2b-b4f3-d568dca769a5,->,12acfc45-bdfb-4343-9004-9be15dfd844c,server/model/players/Client.java,getSmithing
12acfc45-bdfb-4343-9004-9be15dfd844c,a2607ee7-4260-4da8-96e8-ba26187e8a6b,423f3e96-bce7-4f2b-b4f3-d568dca769a5,->,12acfc45-bdfb-4343-9004-9be15dfd844c,server/model/players/skills/Smithing.java,startSmelting
12acfc45-bdfb-4343-9004-9be15dfd844c,a2607ee7-4260-4da8-96e8-ba26187e8a6b,423f3e96-bce7-4f2b-b4f3-d568dca769a5,->,12acfc45-bdfb-4343-9004-9be15dfd844c,server/model/players/Client.java,getSmithing
12acfc45-bdfb-4343-9004-9be15dfd844c,a2607ee7-4260-4da8-96e8-ba26187e8a6b,423f3e96-bce7-4f2b-b4f3-d568dca769a5,->,12acfc45-bdfb-4343-9004-9be15dfd844c,server/model/players/skills/Smithing.java,startSmelting
12acfc45-bdfb-4343-9004-9be15dfd844c,a2607ee7-4260-4da8-96e8-ba26187e8a6b,423f3e96-bce7-4f2b-b4f3-d568dca769a5,->,12acfc45-bdfb-4343-9004-9be15dfd844c,server/model/players/Client.java,getSmithing
12acfc45-bdfb-4343-9004-9be15dfd844c,a2607ee7-4260-4da8-96e8-ba26187e8a6b,423f3e96-bce7-4f2b-b4f3-d568dca769a5,->,12acfc45-bdfb-4343-9004-9be15dfd844c,server/model/players/skills/Smithing.java,startSmelting
12acfc45-bdfb-4343-9004-9be15dfd844c,a2607ee7-4260-4da8-96e8-ba26187e8a6b,423f3e96-bce7-4f2b-b4f3-d568dca769a5,->,12acfc45-bdfb-4343-9004-9be15dfd844c,server/model/players/Client.java,getSmithing
12acfc45-bdfb-4343-9004-9be15dfd844c,a2607ee7-4260-4da8-96e8-ba26187e8a6b,423f3e96-bce7-4f2b-b4f3-d568dca769a5,->,12acfc45-bdfb-4343-9004-9be15dfd844c,server/model/players/skills/Smithing.java,startSmelting
12acfc45-bdfb-4343-9004-9be15dfd844c,a2607ee7-4260-4da8-96e8-ba26187e8a6b,423f3e96-bce7-4f2b-b4f3-d568dca769a5,->,12acfc45-bdfb-4343-9004-9be15dfd844c,server/model/players/Client.java,getSmithing
12acfc45-bdfb-4343-9004-9be15dfd844c,a2607ee7-4260-4da8-96e8-ba26187e8a6b,423f3e96-bce7-4f2b-b4f3-d568dca769a5,->,12acfc45-bdfb-4343-9004-9be15dfd844c,server/model/players/skills/Smithing.java,startSmelting
12acfc45-bdfb-4343-9004-9be15dfd844c,a2607ee7-4260-4da8-96e8-ba26187e8a6b,423f3e96-bce7-4f2b-b4f3-d568dca769a5,->,12acfc45-bdfb-4343-9004-9be15dfd844c,server/model/players/Client.java,getSmithing
12acfc45-bdfb-4343-9004-9be15dfd844c,a2607ee7-4260-4da8-96e8-ba26187e8a6b,423f3e96-bce7-4f2b-b4f3-d568dca769a5,->,12acfc45-bdfb-4343-9004-9be15dfd844c,server/model/players/skills/Smithing.java,startSmelting
12acfc45-bdfb-4343-9004-9be15dfd844c,a2607ee7-4260-4da8-96e8-ba26187e8a6b,423f3e96-bce7-4f2b-b4f3-d568dca769a5,->,12acfc45-bdfb-4343-9004-9be15dfd844c,server/model/players/Client.java,getSmithing
12acfc45-bdfb-4343-9004-9be15dfd844c,a2607ee7-4260-4da8-96e8-ba26187e8a6b,423f3e96-bce7-4f2b-b4f3-d568dca769a5,->,12acfc45-bdfb-4343-9004-9be15dfd844c,server/model/players/skills/Smithing.java,startSmelting
12acfc45-bdfb-4343-9004-9be15dfd844c,a2607ee7-4260-4da8-96e8-ba26187e8a6b,423f3e96-bce7-4f2b-b4f3-d568dca769a5,->,12acfc45-bdfb-4343-9004-9be15dfd844c,server/model/players/Client.java,getSmithing
12acfc45-bdfb-4343-9004-9be15dfd844c,a2607ee7-4260-4da8-96e8-ba26187e8a6b,423f3e96-bce7-4f2b-b4f3-d568dca769a5,->,12acfc45-bdfb-4343-9004-9be15dfd844c,server/model/players/skills/Smithing.java,startSmelting
12acfc45-bdfb-4343-9004-9be15dfd844c,a2607ee7-4260-4da8-96e8-ba26187e8a6b,423f3e96-bce7-4f2b-b4f3-d568dca769a5,->,12acfc45-bdfb-4343-9004-9be15dfd844c,server/model/players/Client.java,getSmithing
12acfc45-bdfb-4343-9004-9be15dfd844c,a2607ee7-4260-4da8-96e8-ba26187e8a6b,423f3e96-bce7-4f2b-b4f3-d568dca769a5,->,12acfc45-bdfb-4343-9004-9be15dfd844c,server/model/players/skills/Smithing.java,startSmelting
12acfc45-bdfb-4343-9004-9be15dfd844c,a2607ee7-4260-4da8-96e8-ba26187e8a6b,423f3e96-bce7-4f2b-b4f3-d568dca769a5,->,12acfc45-bdfb-4343-9004-9be15dfd844c,server/model/players/Client.java,getSmithing
12acfc45-bdfb-4343-9004-9be15dfd844c,a2607ee7-4260-4da8-96e8-ba26187e8a6b,423f3e96-bce7-4f2b-b4f3-d568dca769a5,->,12acfc45-bdfb-4343-9004-9be15dfd844c,server/model/players/skills/Smithing.java,startSmelting
12acfc45-bdfb-4343-9004-9be15dfd844c,a2607ee7-4260-4da8-96e8-ba26187e8a6b,423f3e96-bce7-4f2b-b4f3-d568dca769a5,->,12acfc45-bdfb-4343-9004-9be15dfd844c,server/model/players/Client.java,getSmithing
12acfc45-bdfb-4343-9004-9be15dfd844c,a2607ee7-4260-4da8-96e8-ba26187e8a6b,423f3e96-bce7-4f2b-b4f3-d568dca769a5,->,12acfc45-bdfb-4343-9004-9be15dfd844c,server/model/players/skills/Smithing.java,startSmelting
12acfc45-bdfb-4343-9004-9be15dfd844c,a2607ee7-4260-4da8-96e8-ba26187e8a6b,423f3e96-bce7-4f2b-b4f3-d568dca769a5,->,12acfc45-bdfb-4343-9004-9be15dfd844c,server/model/players/Client.java,getSmithing
12acfc45-bdfb-4343-9004-9be15dfd844c,a2607ee7-4260-4da8-96e8-ba26187e8a6b,423f3e96-bce7-4f2b-b4f3-d568dca769a5,->,12acfc45-bdfb-4343-9004-9be15dfd844c,server/model/players/skills/Smithing.java,startSmelting
12acfc45-bdfb-4343-9004-9be15dfd844c,a2607ee7-4260-4da8-96e8-ba26187e8a6b,423f3e96-bce7-4f2b-b4f3-d568dca769a5,->,12acfc45-bdfb-4343-9004-9be15dfd844c,server/model/players/Client.java,getSmithing
12acfc45-bdfb-4343-9004-9be15dfd844c,a2607ee7-4260-4da8-96e8-ba26187e8a6b,423f3e96-bce7-4f2b-b4f3-d568dca769a5,->,12acfc45-bdfb-4343-9004-9be15dfd844c,server/model/players/skills/Smithing.java,startSmelting
12acfc45-bdfb-4343-9004-9be15dfd844c,a2607ee7-4260-4da8-96e8-ba26187e8a6b,423f3e96-bce7-4f2b-b4f3-d568dca769a5,->,12acfc45-bdfb-4343-9004-9be15dfd844c,server/model/players/Client.java,getSmithing
12acfc45-bdfb-4343-9004-9be15dfd844c,a2607ee7-4260-4da8-96e8-ba26187e8a6b,423f3e96-bce7-4f2b-b4f3-d568dca769a5,->,12acfc45-bdfb-4343-9004-9be15dfd844c,server/model/players/skills/Smithing.java,startSmelting
12acfc45-bdfb-4343-9004-9be15dfd844c,a2607ee7-4260-4da8-96e8-ba26187e8a6b,423f3e96-bce7-4f2b-b4f3-d568dca769a5,->,12acfc45-bdfb-4343-9004-9be15dfd844c,server/model/players/Client.java,getSmithing
12acfc45-bdfb-4343-9004-9be15dfd844c,a2607ee7-4260-4da8-96e8-ba26187e8a6b,423f3e96-bce7-4f2b-b4f3-d568dca769a5,->,12acfc45-bdfb-4343-9004-9be15dfd844c,server/model/players/skills/Smithing.java,startSmelting
12acfc45-bdfb-4343-9004-9be15dfd844c,a2607ee7-4260-4da8-96e8-ba26187e8a6b,423f3e96-bce7-4f2b-b4f3-d568dca769a5,->,12acfc45-bdfb-4343-9004-9be15dfd844c,server/model/players/Client.java,getSmithing
12acfc45-bdfb-4343-9004-9be15dfd844c,a2607ee7-4260-4da8-96e8-ba26187e8a6b,423f3e96-bce7-4f2b-b4f3-d568dca769a5,->,12acfc45-bdfb-4343-9004-9be15dfd844c,server/model/players/skills/Smithing.java,startSmelting
12acfc45-bdfb-4343-9004-9be15dfd844c,a2607ee7-4260-4da8-96e8-ba26187e8a6b,423f3e96-bce7-4f2b-b4f3-d568dca769a5,->,12acfc45-bdfb-4343-9004-9be15dfd844c,server/model/players/Client.java,getSmithing
12acfc45-bdfb-4343-9004-9be15dfd844c,a2607ee7-4260-4da8-96e8-ba26187e8a6b,423f3e96-bce7-4f2b-b4f3-d568dca769a5,->,12acfc45-bdfb-4343-9004-9be15dfd844c,server/model/players/skills/Smithing.java,startSmelting
12acfc45-bdfb-4343-9004-9be15dfd844c,a2607ee7-4260-4da8-96e8-ba26187e8a6b,423f3e96-bce7-4f2b-b4f3-d568dca769a5,->,12acfc45-bdfb-4343-9004-9be15dfd844c,server/model/players/Client.java,getSmithing
12acfc45-bdfb-4343-9004-9be15dfd844c,a2607ee7-4260-4da8-96e8-ba26187e8a6b,423f3e96-bce7-4f2b-b4f3-d568dca769a5,->,12acfc45-bdfb-4343-9004-9be15dfd844c,server/model/players/skills/Smithing.java,startSmelting
12acfc45-bdfb-4343-9004-9be15dfd844c,a2607ee7-4260-4da8-96e8-ba26187e8a6b,423f3e96-bce7-4f2b-b4f3-d568dca769a5,->,12acfc45-bdfb-4343-9004-9be15dfd844c,server/model/players/Client.java,getSmithing
12acfc45-bdfb-4343-9004-9be15dfd844c,a2607ee7-4260-4da8-96e8-ba26187e8a6b,423f3e96-bce7-4f2b-b4f3-d568dca769a5,->,12acfc45-bdfb-4343-9004-9be15dfd844c,server/model/players/skills/Smithing.java,startSmelting
12acfc45-bdfb-4343-9004-9be15dfd844c,a2607ee7-4260-4da8-96e8-ba26187e8a6b,423f3e96-bce7-4f2b-b4f3-d568dca769a5,->,12acfc45-bdfb-4343-9004-9be15dfd844c,server/model/players/Client.java,getSmithing
12acfc45-bdfb-4343-9004-9be15dfd844c,a2607ee7-4260-4da8-96e8-ba26187e8a6b,423f3e96-bce7-4f2b-b4f3-d568dca769a5,->,12acfc45-bdfb-4343-9004-9be15dfd844c,server/model/players/skills/Smithing.java,startSmelting
12acfc45-bdfb-4343-9004-9be15dfd844c,a2607ee7-4260-4da8-96e8-ba26187e8a6b,423f3e96-bce7-4f2b-b4f3-d568dca769a5,->,12acfc45-bdfb-4343-9004-9be15dfd844c,server/model/players/Client.java,getSmithing
12acfc45-bdfb-4343-9004-9be15dfd844c,a2607ee7-4260-4da8-96e8-ba26187e8a6b,423f3e96-bce7-4f2b-b4f3-d568dca769a5,->,12acfc45-bdfb-4343-9004-9be15dfd844c,server/model/players/skills/Smithing.java,startSmelting
12acfc45-bdfb-4343-9004-9be15dfd844c,a2607ee7-4260-4da8-96e8-ba26187e8a6b,423f3e96-bce7-4f2b-b4f3-d568dca769a5,->,12acfc45-bdfb-4343-9004-9be15dfd844c,server/model/players/Client.java,getSmithing
12acfc45-bdfb-4343-9004-9be15dfd844c,a2607ee7-4260-4da8-96e8-ba26187e8a6b,423f3e96-bce7-4f2b-b4f3-d568dca769a5,->,12acfc45-bdfb-4343-9004-9be15dfd844c,server/model/players/skills/Smithing.java,startSmelting
12acfc45-bdfb-4343-9004-9be15dfd844c,a2607ee7-4260-4da8-96e8-ba26187e8a6b,423f3e96-bce7-4f2b-b4f3-d568dca769a5,->,12acfc45-bdfb-4343-9004-9be15dfd844c,server/model/players/Client.java,getSmithing
12acfc45-bdfb-4343-9004-9be15dfd844c,a2607ee7-4260-4da8-96e8-ba26187e8a6b,423f3e96-bce7-4f2b-b4f3-d568dca769a5,->,12acfc45-bdfb-4343-9004-9be15dfd844c,server/model/players/skills/Smithing.java,startSmelting
12acfc45-bdfb-4343-9004-9be15dfd844c,a2607ee7-4260-4da8-96e8-ba26187e8a6b,423f3e96-bce7-4f2b-b4f3-d568dca769a5,->,12acfc45-bdfb-4343-9004-9be15dfd844c,server/model/players/Client.java,getSmithing
12acfc45-bdfb-4343-9004-9be15dfd844c,a2607ee7-4260-4da8-96e8-ba26187e8a6b,423f3e96-bce7-4f2b-b4f3-d568dca769a5,->,12acfc45-bdfb-4343-9004-9be15dfd844c,server/model/players/skills/Smithing.java,startSmelting
12acfc45-bdfb-4343-9004-9be15dfd844c,a2607ee7-4260-4da8-96e8-ba26187e8a6b,423f3e96-bce7-4f2b-b4f3-d568dca769a5,->,12acfc45-bdfb-4343-9004-9be15dfd844c,server/model/players/Client.java,getBankPin
12acfc45-bdfb-4343-9004-9be15dfd844c,a2607ee7-4260-4da8-96e8-ba26187e8a6b,423f3e96-bce7-4f2b-b4f3-d568dca769a5,->,12acfc45-bdfb-4343-9004-9be15dfd844c,server/model/players/BankPin.java,closeBankPin
12acfc45-bdfb-4343-9004-9be15dfd844c,a2607ee7-4260-4da8-96e8-ba26187e8a6b,423f3e96-bce7-4f2b-b4f3-d568dca769a5,->,12acfc45-bdfb-4343-9004-9be15dfd844c,server/model/players/Client.java,getBankPin
12acfc45-bdfb-4343-9004-9be15dfd844c,a2607ee7-4260-4da8-96e8-ba26187e8a6b,423f3e96-bce7-4f2b-b4f3-d568dca769a5,->,12acfc45-bdfb-4343-9004-9be15dfd844c,server/model/players/BankPin.java,dateRequested
12acfc45-bdfb-4343-9004-9be15dfd844c,a2607ee7-4260-4da8-96e8-ba26187e8a6b,423f3e96-bce7-4f2b-b4f3-d568dca769a5,->,12acfc45-bdfb-4343-9004-9be15dfd844c,server/model/players/Client.java,getBankPin
12acfc45-bdfb-4343-9004-9be15dfd844c,a2607ee7-4260-4da8-96e8-ba26187e8a6b,423f3e96-bce7-4f2b-b4f3-d568dca769a5,->,12acfc45-bdfb-4343-9004-9be15dfd844c,server/model/players/BankPin.java,dateExpired
12acfc45-bdfb-4343-9004-9be15dfd844c,a2607ee7-4260-4da8-96e8-ba26187e8a6b,423f3e96-bce7-4f2b-b4f3-d568dca769a5,->,12acfc45-bdfb-4343-9004-9be15dfd844c,server/model/players/Client.java,getDH
12acfc45-bdfb-4343-9004-9be15dfd844c,a2607ee7-4260-4da8-96e8-ba26187e8a6b,423f3e96-bce7-4f2b-b4f3-d568dca769a5,->,12acfc45-bdfb-4343-9004-9be15dfd844c,5419d182-c704-4099-be43-be6d27b13974,1ed32f44-0391-413d-9721-7a5bd2e25693
12acfc45-bdfb-4343-9004-9be15dfd844c,a2607ee7-4260-4da8-96e8-ba26187e8a6b,423f3e96-bce7-4f2b-b4f3-d568dca769a5,->,12acfc45-bdfb-4343-9004-9be15dfd844c,java/lang/StringBuilder.java,append
12acfc45-bdfb-4343-9004-9be15dfd844c,a2607ee7-4260-4da8-96e8-ba26187e8a6b,423f3e96-bce7-4f2b-b4f3-d568dca769a5,->,12acfc45-bdfb-4343-9004-9be15dfd844c,server/model/players/Client.java,getBankPin
12acfc45-bdfb-4343-9004-9be15dfd844c,a2607ee7-4260-4da8-96e8-ba26187e8a6b,423f3e96-bce7-4f2b-b4f3-d568dca769a5,->,12acfc45-bdfb-4343-9004-9be15dfd844c,java/lang/StringBuilder.java,append
12acfc45-bdfb-4343-9004-9be15dfd844c,a2607ee7-4260-4da8-96e8-ba26187e8a6b,423f3e96-bce7-4f2b-b4f3-d568dca769a5,->,12acfc45-bdfb-4343-9004-9be15dfd844c,java/lang/StringBuilder.java,append
12acfc45-bdfb-4343-9004-9be15dfd844c,a2607ee7-4260-4da8-96e8-ba26187e8a6b,423f3e96-bce7-4f2b-b4f3-d568dca769a5,->,12acfc45-bdfb-4343-9004-9be15dfd844c,java/lang/StringBuilder.java,toString
12acfc45-bdfb-4343-9004-9be15dfd844c,a2607ee7-4260-4da8-96e8-ba26187e8a6b,423f3e96-bce7-4f2b-b4f3-d568dca769a5,->,12acfc45-bdfb-4343-9004-9be15dfd844c,server/model/players/Client.java,sendMessage
12acfc45-bdfb-4343-9004-9be15dfd844c,a2607ee7-4260-4da8-96e8-ba26187e8a6b,423f3e96-bce7-4f2b-b4f3-d568dca769a5,->,12acfc45-bdfb-4343-9004-9be15dfd844c,server/model/players/Client.java,sendMessage
12acfc45-bdfb-4343-9004-9be15dfd844c,a2607ee7-4260-4da8-96e8-ba26187e8a6b,423f3e96-bce7-4f2b-b4f3-d568dca769a5,->,12acfc45-bdfb-4343-9004-9be15dfd844c,server/model/players/Client.java,sendMessage
12acfc45-bdfb-4343-9004-9be15dfd844c,a2607ee7-4260-4da8-96e8-ba26187e8a6b,423f3e96-bce7-4f2b-b4f3-d568dca769a5,->,12acfc45-bdfb-4343-9004-9be15dfd844c,server/model/players/Client.java,getPA
12acfc45-bdfb-4343-9004-9be15dfd844c,a2607ee7-4260-4da8-96e8-ba26187e8a6b,423f3e96-bce7-4f2b-b4f3-d568dca769a5,->,12acfc45-bdfb-4343-9004-9be15dfd844c,991eb2a8-284a-4290-ae08-f54cf8834706,1f7845fa-db07-4b23-bcc9-ed7fd4f9ca8b
12acfc45-bdfb-4343-9004-9be15dfd844c,a2607ee7-4260-4da8-96e8-ba26187e8a6b,423f3e96-bce7-4f2b-b4f3-d568dca769a5,->,12acfc45-bdfb-4343-9004-9be15dfd844c,server/model/players/Client.java,getBankPin
12acfc45-bdfb-4343-9004-9be15dfd844c,a2607ee7-4260-4da8-96e8-ba26187e8a6b,423f3e96-bce7-4f2b-b4f3-d568dca769a5,->,12acfc45-bdfb-4343-9004-9be15dfd844c,server/model/players/BankPin.java,bankPinEnter
12acfc45-bdfb-4343-9004-9be15dfd844c,a2607ee7-4260-4da8-96e8-ba26187e8a6b,423f3e96-bce7-4f2b-b4f3-d568dca769a5,->,12acfc45-bdfb-4343-9004-9be15dfd844c,server/model/players/Client.java,getBankPin
12acfc45-bdfb-4343-9004-9be15dfd844c,a2607ee7-4260-4da8-96e8-ba26187e8a6b,423f3e96-bce7-4f2b-b4f3-d568dca769a5,->,12acfc45-bdfb-4343-9004-9be15dfd844c,server/model/players/BankPin.java,openPin
12acfc45-bdfb-4343-9004-9be15dfd844c,a2607ee7-4260-4da8-96e8-ba26187e8a6b,423f3e96-bce7-4f2b-b4f3-d568dca769a5,->,12acfc45-bdfb-4343-9004-9be15dfd844c,server/model/players/Client.java,getBankPin
12acfc45-bdfb-4343-9004-9be15dfd844c,a2607ee7-4260-4da8-96e8-ba26187e8a6b,423f3e96-bce7-4f2b-b4f3-d568dca769a5,->,12acfc45-bdfb-4343-9004-9be15dfd844c,server/model/players/BankPin.java,resetBankPin
12acfc45-bdfb-4343-9004-9be15dfd844c,a2607ee7-4260-4da8-96e8-ba26187e8a6b,423f3e96-bce7-4f2b-b4f3-d568dca769a5,->,12acfc45-bdfb-4343-9004-9be15dfd844c,server/model/players/Client.java,sendMessage
12acfc45-bdfb-4343-9004-9be15dfd844c,a2607ee7-4260-4da8-96e8-ba26187e8a6b,423f3e96-bce7-4f2b-b4f3-d568dca769a5,->,12acfc45-bdfb-4343-9004-9be15dfd844c,server/model/players/Client.java,sendMessage
12acfc45-bdfb-4343-9004-9be15dfd844c,a2607ee7-4260-4da8-96e8-ba26187e8a6b,423f3e96-bce7-4f2b-b4f3-d568dca769a5,->,12acfc45-bdfb-4343-9004-9be15dfd844c,server/model/players/Client.java,sendMessage
12acfc45-bdfb-4343-9004-9be15dfd844c,a2607ee7-4260-4da8-96e8-ba26187e8a6b,423f3e96-bce7-4f2b-b4f3-d568dca769a5,->,12acfc45-bdfb-4343-9004-9be15dfd844c,server/model/players/Client.java,getPA
12acfc45-bdfb-4343-9004-9be15dfd844c,a2607ee7-4260-4da8-96e8-ba26187e8a6b,423f3e96-bce7-4f2b-b4f3-d568dca769a5,->,12acfc45-bdfb-4343-9004-9be15dfd844c,991eb2a8-284a-4290-ae08-f54cf8834706,1f7845fa-db07-4b23-bcc9-ed7fd4f9ca8b
12acfc45-bdfb-4343-9004-9be15dfd844c,a2607ee7-4260-4da8-96e8-ba26187e8a6b,423f3e96-bce7-4f2b-b4f3-d568dca769a5,->,12acfc45-bdfb-4343-9004-9be15dfd844c,server/model/players/skills/Cooking.java,getAmount
12acfc45-bdfb-4343-9004-9be15dfd844c,a2607ee7-4260-4da8-96e8-ba26187e8a6b,423f3e96-bce7-4f2b-b4f3-d568dca769a5,->,12acfc45-bdfb-4343-9004-9be15dfd844c,server/model/players/skills/Cooking.java,getAmount
12acfc45-bdfb-4343-9004-9be15dfd844c,a2607ee7-4260-4da8-96e8-ba26187e8a6b,423f3e96-bce7-4f2b-b4f3-d568dca769a5,->,12acfc45-bdfb-4343-9004-9be15dfd844c,server/model/players/skills/Cooking.java,getAmount
12acfc45-bdfb-4343-9004-9be15dfd844c,a2607ee7-4260-4da8-96e8-ba26187e8a6b,423f3e96-bce7-4f2b-b4f3-d568dca769a5,->,12acfc45-bdfb-4343-9004-9be15dfd844c,server/model/players/skills/Cooking.java,getAmount
12acfc45-bdfb-4343-9004-9be15dfd844c,a2607ee7-4260-4da8-96e8-ba26187e8a6b,423f3e96-bce7-4f2b-b4f3-d568dca769a5,->,12acfc45-bdfb-4343-9004-9be15dfd844c,server/model/players/Client.java,getSI
12acfc45-bdfb-4343-9004-9be15dfd844c,a2607ee7-4260-4da8-96e8-ba26187e8a6b,423f3e96-bce7-4f2b-b4f3-d568dca769a5,->,12acfc45-bdfb-4343-9004-9be15dfd844c,aef98915-d9bd-4ef8-82f6-281ec4d69cc6,208421dc-f9c8-4df2-b7a6-575259b61a5d
12acfc45-bdfb-4343-9004-9be15dfd844c,a2607ee7-4260-4da8-96e8-ba26187e8a6b,423f3e96-bce7-4f2b-b4f3-d568dca769a5,->,12acfc45-bdfb-4343-9004-9be15dfd844c,server/model/players/Client.java,getSI
12acfc45-bdfb-4343-9004-9be15dfd844c,a2607ee7-4260-4da8-96e8-ba26187e8a6b,423f3e96-bce7-4f2b-b4f3-d568dca769a5,->,12acfc45-bdfb-4343-9004-9be15dfd844c,server/model/players/Client.java,getSI
12acfc45-bdfb-4343-9004-9be15dfd844c,a2607ee7-4260-4da8-96e8-ba26187e8a6b,423f3e96-bce7-4f2b-b4f3-d568dca769a5,->,12acfc45-bdfb-4343-9004-9be15dfd844c,aef98915-d9bd-4ef8-82f6-281ec4d69cc6,36009a51-34a1-446e-a8db-db36ed4a956d
12acfc45-bdfb-4343-9004-9be15dfd844c,a2607ee7-4260-4da8-96e8-ba26187e8a6b,423f3e96-bce7-4f2b-b4f3-d568dca769a5,->,12acfc45-bdfb-4343-9004-9be15dfd844c,server/model/players/Client.java,getSI
12acfc45-bdfb-4343-9004-9be15dfd844c,a2607ee7-4260-4da8-96e8-ba26187e8a6b,423f3e96-bce7-4f2b-b4f3-d568dca769a5,->,12acfc45-bdfb-4343-9004-9be15dfd844c,server/model/players/Client.java,getSI
12acfc45-bdfb-4343-9004-9be15dfd844c,a2607ee7-4260-4da8-96e8-ba26187e8a6b,423f3e96-bce7-4f2b-b4f3-d568dca769a5,->,12acfc45-bdfb-4343-9004-9be15dfd844c,aef98915-d9bd-4ef8-82f6-281ec4d69cc6,daac46e5-601c-49b4-9398-e147d9fb6765
12acfc45-bdfb-4343-9004-9be15dfd844c,a2607ee7-4260-4da8-96e8-ba26187e8a6b,423f3e96-bce7-4f2b-b4f3-d568dca769a5,->,12acfc45-bdfb-4343-9004-9be15dfd844c,server/model/players/Client.java,getSI
12acfc45-bdfb-4343-9004-9be15dfd844c,a2607ee7-4260-4da8-96e8-ba26187e8a6b,423f3e96-bce7-4f2b-b4f3-d568dca769a5,->,12acfc45-bdfb-4343-9004-9be15dfd844c,server/model/players/Client.java,getSI
12acfc45-bdfb-4343-9004-9be15dfd844c,a2607ee7-4260-4da8-96e8-ba26187e8a6b,423f3e96-bce7-4f2b-b4f3-d568dca769a5,->,12acfc45-bdfb-4343-9004-9be15dfd844c,aef98915-d9bd-4ef8-82f6-281ec4d69cc6,d4932dce-bb18-46f4-8736-f493f554e86b
12acfc45-bdfb-4343-9004-9be15dfd844c,a2607ee7-4260-4da8-96e8-ba26187e8a6b,423f3e96-bce7-4f2b-b4f3-d568dca769a5,->,12acfc45-bdfb-4343-9004-9be15dfd844c,server/model/players/Client.java,getSI
12acfc45-bdfb-4343-9004-9be15dfd844c,a2607ee7-4260-4da8-96e8-ba26187e8a6b,423f3e96-bce7-4f2b-b4f3-d568dca769a5,->,12acfc45-bdfb-4343-9004-9be15dfd844c,server/model/players/Client.java,getSI
12acfc45-bdfb-4343-9004-9be15dfd844c,a2607ee7-4260-4da8-96e8-ba26187e8a6b,423f3e96-bce7-4f2b-b4f3-d568dca769a5,->,12acfc45-bdfb-4343-9004-9be15dfd844c,aef98915-d9bd-4ef8-82f6-281ec4d69cc6,c0798894-9b86-4d30-ad21-96b896568306
12acfc45-bdfb-4343-9004-9be15dfd844c,a2607ee7-4260-4da8-96e8-ba26187e8a6b,423f3e96-bce7-4f2b-b4f3-d568dca769a5,->,12acfc45-bdfb-4343-9004-9be15dfd844c,server/model/players/Client.java,getSI
12acfc45-bdfb-4343-9004-9be15dfd844c,a2607ee7-4260-4da8-96e8-ba26187e8a6b,423f3e96-bce7-4f2b-b4f3-d568dca769a5,->,12acfc45-bdfb-4343-9004-9be15dfd844c,server/model/players/Client.java,getSI
12acfc45-bdfb-4343-9004-9be15dfd844c,a2607ee7-4260-4da8-96e8-ba26187e8a6b,423f3e96-bce7-4f2b-b4f3-d568dca769a5,->,12acfc45-bdfb-4343-9004-9be15dfd844c,aef98915-d9bd-4ef8-82f6-281ec4d69cc6,77a322d0-8a7f-4dc6-8de0-65110adfa831
12acfc45-bdfb-4343-9004-9be15dfd844c,a2607ee7-4260-4da8-96e8-ba26187e8a6b,423f3e96-bce7-4f2b-b4f3-d568dca769a5,->,12acfc45-bdfb-4343-9004-9be15dfd844c,server/model/players/Client.java,getSI
12acfc45-bdfb-4343-9004-9be15dfd844c,a2607ee7-4260-4da8-96e8-ba26187e8a6b,423f3e96-bce7-4f2b-b4f3-d568dca769a5,->,12acfc45-bdfb-4343-9004-9be15dfd844c,server/model/players/Client.java,getSI
12acfc45-bdfb-4343-9004-9be15dfd844c,a2607ee7-4260-4da8-96e8-ba26187e8a6b,423f3e96-bce7-4f2b-b4f3-d568dca769a5,->,12acfc45-bdfb-4343-9004-9be15dfd844c,aef98915-d9bd-4ef8-82f6-281ec4d69cc6,a63921ae-3ad4-42a7-9ae1-bee4836c984a
12acfc45-bdfb-4343-9004-9be15dfd844c,a2607ee7-4260-4da8-96e8-ba26187e8a6b,423f3e96-bce7-4f2b-b4f3-d568dca769a5,->,12acfc45-bdfb-4343-9004-9be15dfd844c,server/model/players/Client.java,getSI
12acfc45-bdfb-4343-9004-9be15dfd844c,a2607ee7-4260-4da8-96e8-ba26187e8a6b,423f3e96-bce7-4f2b-b4f3-d568dca769a5,->,12acfc45-bdfb-4343-9004-9be15dfd844c,server/model/players/Client.java,getSI
12acfc45-bdfb-4343-9004-9be15dfd844c,a2607ee7-4260-4da8-96e8-ba26187e8a6b,423f3e96-bce7-4f2b-b4f3-d568dca769a5,->,12acfc45-bdfb-4343-9004-9be15dfd844c,aef98915-d9bd-4ef8-82f6-281ec4d69cc6,a426c407-6551-4710-8f8b-ab6c2231ac5d
12acfc45-bdfb-4343-9004-9be15dfd844c,a2607ee7-4260-4da8-96e8-ba26187e8a6b,423f3e96-bce7-4f2b-b4f3-d568dca769a5,->,12acfc45-bdfb-4343-9004-9be15dfd844c,server/model/players/Client.java,getSI
12acfc45-bdfb-4343-9004-9be15dfd844c,a2607ee7-4260-4da8-96e8-ba26187e8a6b,423f3e96-bce7-4f2b-b4f3-d568dca769a5,->,12acfc45-bdfb-4343-9004-9be15dfd844c,server/model/players/Client.java,getSI
12acfc45-bdfb-4343-9004-9be15dfd844c,a2607ee7-4260-4da8-96e8-ba26187e8a6b,423f3e96-bce7-4f2b-b4f3-d568dca769a5,->,12acfc45-bdfb-4343-9004-9be15dfd844c,aef98915-d9bd-4ef8-82f6-281ec4d69cc6,b70a5d3f-6ae4-4d94-8a2c-7ee99ca2453c
12acfc45-bdfb-4343-9004-9be15dfd844c,a2607ee7-4260-4da8-96e8-ba26187e8a6b,423f3e96-bce7-4f2b-b4f3-d568dca769a5,->,12acfc45-bdfb-4343-9004-9be15dfd844c,server/model/players/Client.java,getSI
12acfc45-bdfb-4343-9004-9be15dfd844c,a2607ee7-4260-4da8-96e8-ba26187e8a6b,423f3e96-bce7-4f2b-b4f3-d568dca769a5,->,12acfc45-bdfb-4343-9004-9be15dfd844c,server/model/players/Client.java,getSI
12acfc45-bdfb-4343-9004-9be15dfd844c,a2607ee7-4260-4da8-96e8-ba26187e8a6b,423f3e96-bce7-4f2b-b4f3-d568dca769a5,->,12acfc45-bdfb-4343-9004-9be15dfd844c,aef98915-d9bd-4ef8-82f6-281ec4d69cc6,0983c6c4-9e06-41ee-8949-f59bc71c379b
12acfc45-bdfb-4343-9004-9be15dfd844c,a2607ee7-4260-4da8-96e8-ba26187e8a6b,423f3e96-bce7-4f2b-b4f3-d568dca769a5,->,12acfc45-bdfb-4343-9004-9be15dfd844c,server/model/players/Client.java,getSI
12acfc45-bdfb-4343-9004-9be15dfd844c,a2607ee7-4260-4da8-96e8-ba26187e8a6b,423f3e96-bce7-4f2b-b4f3-d568dca769a5,->,12acfc45-bdfb-4343-9004-9be15dfd844c,server/model/players/Client.java,getSI
12acfc45-bdfb-4343-9004-9be15dfd844c,a2607ee7-4260-4da8-96e8-ba26187e8a6b,423f3e96-bce7-4f2b-b4f3-d568dca769a5,->,12acfc45-bdfb-4343-9004-9be15dfd844c,aef98915-d9bd-4ef8-82f6-281ec4d69cc6,fdb76db0-0d9c-47ec-a9ea-e6adc5b3ba8f
12acfc45-bdfb-4343-9004-9be15dfd844c,a2607ee7-4260-4da8-96e8-ba26187e8a6b,423f3e96-bce7-4f2b-b4f3-d568dca769a5,->,12acfc45-bdfb-4343-9004-9be15dfd844c,server/model/players/Client.java,getSI
12acfc45-bdfb-4343-9004-9be15dfd844c,a2607ee7-4260-4da8-96e8-ba26187e8a6b,423f3e96-bce7-4f2b-b4f3-d568dca769a5,->,12acfc45-bdfb-4343-9004-9be15dfd844c,server/model/players/Client.java,getSI
12acfc45-bdfb-4343-9004-9be15dfd844c,a2607ee7-4260-4da8-96e8-ba26187e8a6b,423f3e96-bce7-4f2b-b4f3-d568dca769a5,->,12acfc45-bdfb-4343-9004-9be15dfd844c,aef98915-d9bd-4ef8-82f6-281ec4d69cc6,0881ff1e-5306-43c7-a4bb-350592146489
12acfc45-bdfb-4343-9004-9be15dfd844c,a2607ee7-4260-4da8-96e8-ba26187e8a6b,423f3e96-bce7-4f2b-b4f3-d568dca769a5,->,12acfc45-bdfb-4343-9004-9be15dfd844c,server/model/players/Client.java,getSI
12acfc45-bdfb-4343-9004-9be15dfd844c,a2607ee7-4260-4da8-96e8-ba26187e8a6b,423f3e96-bce7-4f2b-b4f3-d568dca769a5,->,12acfc45-bdfb-4343-9004-9be15dfd844c,server/model/players/Client.java,getSI
12acfc45-bdfb-4343-9004-9be15dfd844c,a2607ee7-4260-4da8-96e8-ba26187e8a6b,423f3e96-bce7-4f2b-b4f3-d568dca769a5,->,12acfc45-bdfb-4343-9004-9be15dfd844c,aef98915-d9bd-4ef8-82f6-281ec4d69cc6,02d60486-1481-4df7-b33f-9aca5d6c1f1d
12acfc45-bdfb-4343-9004-9be15dfd844c,a2607ee7-4260-4da8-96e8-ba26187e8a6b,423f3e96-bce7-4f2b-b4f3-d568dca769a5,->,12acfc45-bdfb-4343-9004-9be15dfd844c,server/model/players/Client.java,getSI
12acfc45-bdfb-4343-9004-9be15dfd844c,a2607ee7-4260-4da8-96e8-ba26187e8a6b,423f3e96-bce7-4f2b-b4f3-d568dca769a5,->,12acfc45-bdfb-4343-9004-9be15dfd844c,server/model/players/Client.java,getSI
12acfc45-bdfb-4343-9004-9be15dfd844c,a2607ee7-4260-4da8-96e8-ba26187e8a6b,423f3e96-bce7-4f2b-b4f3-d568dca769a5,->,12acfc45-bdfb-4343-9004-9be15dfd844c,aef98915-d9bd-4ef8-82f6-281ec4d69cc6,b0a343b9-5b2d-4708-9059-b5b2c89445ea
12acfc45-bdfb-4343-9004-9be15dfd844c,a2607ee7-4260-4da8-96e8-ba26187e8a6b,423f3e96-bce7-4f2b-b4f3-d568dca769a5,->,12acfc45-bdfb-4343-9004-9be15dfd844c,server/model/players/Client.java,getSI
12acfc45-bdfb-4343-9004-9be15dfd844c,a2607ee7-4260-4da8-96e8-ba26187e8a6b,423f3e96-bce7-4f2b-b4f3-d568dca769a5,->,12acfc45-bdfb-4343-9004-9be15dfd844c,server/model/players/Client.java,getSI
12acfc45-bdfb-4343-9004-9be15dfd844c,a2607ee7-4260-4da8-96e8-ba26187e8a6b,423f3e96-bce7-4f2b-b4f3-d568dca769a5,->,12acfc45-bdfb-4343-9004-9be15dfd844c,aef98915-d9bd-4ef8-82f6-281ec4d69cc6,148fadba-2d90-4083-9d36-d56185655127
12acfc45-bdfb-4343-9004-9be15dfd844c,a2607ee7-4260-4da8-96e8-ba26187e8a6b,423f3e96-bce7-4f2b-b4f3-d568dca769a5,->,12acfc45-bdfb-4343-9004-9be15dfd844c,server/model/players/Client.java,getSI
12acfc45-bdfb-4343-9004-9be15dfd844c,a2607ee7-4260-4da8-96e8-ba26187e8a6b,423f3e96-bce7-4f2b-b4f3-d568dca769a5,->,12acfc45-bdfb-4343-9004-9be15dfd844c,server/model/players/Client.java,getSI
12acfc45-bdfb-4343-9004-9be15dfd844c,a2607ee7-4260-4da8-96e8-ba26187e8a6b,423f3e96-bce7-4f2b-b4f3-d568dca769a5,->,12acfc45-bdfb-4343-9004-9be15dfd844c,aef98915-d9bd-4ef8-82f6-281ec4d69cc6,8e35a78f-0bb7-4b60-9aa3-2144a57e4bf4
12acfc45-bdfb-4343-9004-9be15dfd844c,a2607ee7-4260-4da8-96e8-ba26187e8a6b,423f3e96-bce7-4f2b-b4f3-d568dca769a5,->,12acfc45-bdfb-4343-9004-9be15dfd844c,server/model/players/Client.java,getSI
12acfc45-bdfb-4343-9004-9be15dfd844c,a2607ee7-4260-4da8-96e8-ba26187e8a6b,423f3e96-bce7-4f2b-b4f3-d568dca769a5,->,12acfc45-bdfb-4343-9004-9be15dfd844c,server/model/players/Client.java,getSI
12acfc45-bdfb-4343-9004-9be15dfd844c,a2607ee7-4260-4da8-96e8-ba26187e8a6b,423f3e96-bce7-4f2b-b4f3-d568dca769a5,->,12acfc45-bdfb-4343-9004-9be15dfd844c,aef98915-d9bd-4ef8-82f6-281ec4d69cc6,47e65851-c884-4654-bd51-b45fbf5e04dd
12acfc45-bdfb-4343-9004-9be15dfd844c,a2607ee7-4260-4da8-96e8-ba26187e8a6b,423f3e96-bce7-4f2b-b4f3-d568dca769a5,->,12acfc45-bdfb-4343-9004-9be15dfd844c,server/model/players/Client.java,getSI
12acfc45-bdfb-4343-9004-9be15dfd844c,a2607ee7-4260-4da8-96e8-ba26187e8a6b,423f3e96-bce7-4f2b-b4f3-d568dca769a5,->,12acfc45-bdfb-4343-9004-9be15dfd844c,server/model/players/Client.java,getSI
12acfc45-bdfb-4343-9004-9be15dfd844c,a2607ee7-4260-4da8-96e8-ba26187e8a6b,423f3e96-bce7-4f2b-b4f3-d568dca769a5,->,12acfc45-bdfb-4343-9004-9be15dfd844c,aef98915-d9bd-4ef8-82f6-281ec4d69cc6,8b744573-b42d-40ee-9bfc-800c05576e00
12acfc45-bdfb-4343-9004-9be15dfd844c,a2607ee7-4260-4da8-96e8-ba26187e8a6b,423f3e96-bce7-4f2b-b4f3-d568dca769a5,->,12acfc45-bdfb-4343-9004-9be15dfd844c,server/model/players/Client.java,getSI
12acfc45-bdfb-4343-9004-9be15dfd844c,a2607ee7-4260-4da8-96e8-ba26187e8a6b,423f3e96-bce7-4f2b-b4f3-d568dca769a5,->,12acfc45-bdfb-4343-9004-9be15dfd844c,server/model/players/Client.java,getSI
12acfc45-bdfb-4343-9004-9be15dfd844c,a2607ee7-4260-4da8-96e8-ba26187e8a6b,423f3e96-bce7-4f2b-b4f3-d568dca769a5,->,12acfc45-bdfb-4343-9004-9be15dfd844c,aef98915-d9bd-4ef8-82f6-281ec4d69cc6,92dfcf15-e6c5-4e33-95cd-92bcb01651e9
12acfc45-bdfb-4343-9004-9be15dfd844c,a2607ee7-4260-4da8-96e8-ba26187e8a6b,423f3e96-bce7-4f2b-b4f3-d568dca769a5,->,12acfc45-bdfb-4343-9004-9be15dfd844c,server/model/players/Client.java,getSI
12acfc45-bdfb-4343-9004-9be15dfd844c,a2607ee7-4260-4da8-96e8-ba26187e8a6b,423f3e96-bce7-4f2b-b4f3-d568dca769a5,->,12acfc45-bdfb-4343-9004-9be15dfd844c,server/model/players/Client.java,getSI
12acfc45-bdfb-4343-9004-9be15dfd844c,a2607ee7-4260-4da8-96e8-ba26187e8a6b,423f3e96-bce7-4f2b-b4f3-d568dca769a5,->,12acfc45-bdfb-4343-9004-9be15dfd844c,aef98915-d9bd-4ef8-82f6-281ec4d69cc6,db5514d1-eb22-4e7f-9184-494a50042279
12acfc45-bdfb-4343-9004-9be15dfd844c,a2607ee7-4260-4da8-96e8-ba26187e8a6b,423f3e96-bce7-4f2b-b4f3-d568dca769a5,->,12acfc45-bdfb-4343-9004-9be15dfd844c,server/model/players/Client.java,getSI
12acfc45-bdfb-4343-9004-9be15dfd844c,a2607ee7-4260-4da8-96e8-ba26187e8a6b,423f3e96-bce7-4f2b-b4f3-d568dca769a5,->,12acfc45-bdfb-4343-9004-9be15dfd844c,aef98915-d9bd-4ef8-82f6-281ec4d69cc6,db5514d1-eb22-4e7f-9184-494a50042279
12acfc45-bdfb-4343-9004-9be15dfd844c,a2607ee7-4260-4da8-96e8-ba26187e8a6b,423f3e96-bce7-4f2b-b4f3-d568dca769a5,->,12acfc45-bdfb-4343-9004-9be15dfd844c,server/model/players/Client.java,getSI
12acfc45-bdfb-4343-9004-9be15dfd844c,a2607ee7-4260-4da8-96e8-ba26187e8a6b,423f3e96-bce7-4f2b-b4f3-d568dca769a5,->,12acfc45-bdfb-4343-9004-9be15dfd844c,aef98915-d9bd-4ef8-82f6-281ec4d69cc6,db5514d1-eb22-4e7f-9184-494a50042279
12acfc45-bdfb-4343-9004-9be15dfd844c,a2607ee7-4260-4da8-96e8-ba26187e8a6b,423f3e96-bce7-4f2b-b4f3-d568dca769a5,->,12acfc45-bdfb-4343-9004-9be15dfd844c,server/model/players/Client.java,getSI
12acfc45-bdfb-4343-9004-9be15dfd844c,a2607ee7-4260-4da8-96e8-ba26187e8a6b,423f3e96-bce7-4f2b-b4f3-d568dca769a5,->,12acfc45-bdfb-4343-9004-9be15dfd844c,aef98915-d9bd-4ef8-82f6-281ec4d69cc6,db5514d1-eb22-4e7f-9184-494a50042279
12acfc45-bdfb-4343-9004-9be15dfd844c,a2607ee7-4260-4da8-96e8-ba26187e8a6b,423f3e96-bce7-4f2b-b4f3-d568dca769a5,->,12acfc45-bdfb-4343-9004-9be15dfd844c,server/model/players/Client.java,getSI
12acfc45-bdfb-4343-9004-9be15dfd844c,a2607ee7-4260-4da8-96e8-ba26187e8a6b,423f3e96-bce7-4f2b-b4f3-d568dca769a5,->,12acfc45-bdfb-4343-9004-9be15dfd844c,aef98915-d9bd-4ef8-82f6-281ec4d69cc6,db5514d1-eb22-4e7f-9184-494a50042279
12acfc45-bdfb-4343-9004-9be15dfd844c,a2607ee7-4260-4da8-96e8-ba26187e8a6b,423f3e96-bce7-4f2b-b4f3-d568dca769a5,->,12acfc45-bdfb-4343-9004-9be15dfd844c,server/model/players/Client.java,getSI
12acfc45-bdfb-4343-9004-9be15dfd844c,a2607ee7-4260-4da8-96e8-ba26187e8a6b,423f3e96-bce7-4f2b-b4f3-d568dca769a5,->,12acfc45-bdfb-4343-9004-9be15dfd844c,aef98915-d9bd-4ef8-82f6-281ec4d69cc6,db5514d1-eb22-4e7f-9184-494a50042279
12acfc45-bdfb-4343-9004-9be15dfd844c,a2607ee7-4260-4da8-96e8-ba26187e8a6b,423f3e96-bce7-4f2b-b4f3-d568dca769a5,->,12acfc45-bdfb-4343-9004-9be15dfd844c,server/model/players/Client.java,getSI
12acfc45-bdfb-4343-9004-9be15dfd844c,a2607ee7-4260-4da8-96e8-ba26187e8a6b,423f3e96-bce7-4f2b-b4f3-d568dca769a5,->,12acfc45-bdfb-4343-9004-9be15dfd844c,aef98915-d9bd-4ef8-82f6-281ec4d69cc6,db5514d1-eb22-4e7f-9184-494a50042279
12acfc45-bdfb-4343-9004-9be15dfd844c,a2607ee7-4260-4da8-96e8-ba26187e8a6b,423f3e96-bce7-4f2b-b4f3-d568dca769a5,->,12acfc45-bdfb-4343-9004-9be15dfd844c,server/model/players/Client.java,getSI
12acfc45-bdfb-4343-9004-9be15dfd844c,a2607ee7-4260-4da8-96e8-ba26187e8a6b,423f3e96-bce7-4f2b-b4f3-d568dca769a5,->,12acfc45-bdfb-4343-9004-9be15dfd844c,aef98915-d9bd-4ef8-82f6-281ec4d69cc6,db5514d1-eb22-4e7f-9184-494a50042279
12acfc45-bdfb-4343-9004-9be15dfd844c,a2607ee7-4260-4da8-96e8-ba26187e8a6b,423f3e96-bce7-4f2b-b4f3-d568dca769a5,->,12acfc45-bdfb-4343-9004-9be15dfd844c,server/model/players/Client.java,getSI
12acfc45-bdfb-4343-9004-9be15dfd844c,a2607ee7-4260-4da8-96e8-ba26187e8a6b,423f3e96-bce7-4f2b-b4f3-d568dca769a5,->,12acfc45-bdfb-4343-9004-9be15dfd844c,aef98915-d9bd-4ef8-82f6-281ec4d69cc6,db5514d1-eb22-4e7f-9184-494a50042279
12acfc45-bdfb-4343-9004-9be15dfd844c,a2607ee7-4260-4da8-96e8-ba26187e8a6b,423f3e96-bce7-4f2b-b4f3-d568dca769a5,->,12acfc45-bdfb-4343-9004-9be15dfd844c,server/model/players/Client.java,getSI
12acfc45-bdfb-4343-9004-9be15dfd844c,a2607ee7-4260-4da8-96e8-ba26187e8a6b,423f3e96-bce7-4f2b-b4f3-d568dca769a5,->,12acfc45-bdfb-4343-9004-9be15dfd844c,aef98915-d9bd-4ef8-82f6-281ec4d69cc6,db5514d1-eb22-4e7f-9184-494a50042279
12acfc45-bdfb-4343-9004-9be15dfd844c,a2607ee7-4260-4da8-96e8-ba26187e8a6b,423f3e96-bce7-4f2b-b4f3-d568dca769a5,->,12acfc45-bdfb-4343-9004-9be15dfd844c,server/model/players/Client.java,getSI
12acfc45-bdfb-4343-9004-9be15dfd844c,a2607ee7-4260-4da8-96e8-ba26187e8a6b,423f3e96-bce7-4f2b-b4f3-d568dca769a5,->,12acfc45-bdfb-4343-9004-9be15dfd844c,aef98915-d9bd-4ef8-82f6-281ec4d69cc6,db5514d1-eb22-4e7f-9184-494a50042279
12acfc45-bdfb-4343-9004-9be15dfd844c,a2607ee7-4260-4da8-96e8-ba26187e8a6b,423f3e96-bce7-4f2b-b4f3-d568dca769a5,->,12acfc45-bdfb-4343-9004-9be15dfd844c,server/model/players/Client.java,getSI
12acfc45-bdfb-4343-9004-9be15dfd844c,a2607ee7-4260-4da8-96e8-ba26187e8a6b,423f3e96-bce7-4f2b-b4f3-d568dca769a5,->,12acfc45-bdfb-4343-9004-9be15dfd844c,aef98915-d9bd-4ef8-82f6-281ec4d69cc6,db5514d1-eb22-4e7f-9184-494a50042279
12acfc45-bdfb-4343-9004-9be15dfd844c,a2607ee7-4260-4da8-96e8-ba26187e8a6b,423f3e96-bce7-4f2b-b4f3-d568dca769a5,->,12acfc45-bdfb-4343-9004-9be15dfd844c,server/model/players/Client.java,getSI
12acfc45-bdfb-4343-9004-9be15dfd844c,a2607ee7-4260-4da8-96e8-ba26187e8a6b,423f3e96-bce7-4f2b-b4f3-d568dca769a5,->,12acfc45-bdfb-4343-9004-9be15dfd844c,aef98915-d9bd-4ef8-82f6-281ec4d69cc6,db5514d1-eb22-4e7f-9184-494a50042279
12acfc45-bdfb-4343-9004-9be15dfd844c,a2607ee7-4260-4da8-96e8-ba26187e8a6b,423f3e96-bce7-4f2b-b4f3-d568dca769a5,->,12acfc45-bdfb-4343-9004-9be15dfd844c,server/model/players/Client.java,getPA
12acfc45-bdfb-4343-9004-9be15dfd844c,a2607ee7-4260-4da8-96e8-ba26187e8a6b,423f3e96-bce7-4f2b-b4f3-d568dca769a5,->,12acfc45-bdfb-4343-9004-9be15dfd844c,991eb2a8-284a-4290-ae08-f54cf8834706,7309b383-04a6-42dd-8bb1-625d482ea12c
12acfc45-bdfb-4343-9004-9be15dfd844c,a2607ee7-4260-4da8-96e8-ba26187e8a6b,423f3e96-bce7-4f2b-b4f3-d568dca769a5,->,12acfc45-bdfb-4343-9004-9be15dfd844c,server/model/players/Client.java,getPA
12acfc45-bdfb-4343-9004-9be15dfd844c,a2607ee7-4260-4da8-96e8-ba26187e8a6b,423f3e96-bce7-4f2b-b4f3-d568dca769a5,->,12acfc45-bdfb-4343-9004-9be15dfd844c,991eb2a8-284a-4290-ae08-f54cf8834706,7309b383-04a6-42dd-8bb1-625d482ea12c
12acfc45-bdfb-4343-9004-9be15dfd844c,a2607ee7-4260-4da8-96e8-ba26187e8a6b,423f3e96-bce7-4f2b-b4f3-d568dca769a5,->,12acfc45-bdfb-4343-9004-9be15dfd844c,server/model/players/Client.java,getPA
12acfc45-bdfb-4343-9004-9be15dfd844c,a2607ee7-4260-4da8-96e8-ba26187e8a6b,423f3e96-bce7-4f2b-b4f3-d568dca769a5,->,12acfc45-bdfb-4343-9004-9be15dfd844c,991eb2a8-284a-4290-ae08-f54cf8834706,7309b383-04a6-42dd-8bb1-625d482ea12c
12acfc45-bdfb-4343-9004-9be15dfd844c,a2607ee7-4260-4da8-96e8-ba26187e8a6b,423f3e96-bce7-4f2b-b4f3-d568dca769a5,->,12acfc45-bdfb-4343-9004-9be15dfd844c,server/model/players/Client.java,getPA
12acfc45-bdfb-4343-9004-9be15dfd844c,a2607ee7-4260-4da8-96e8-ba26187e8a6b,423f3e96-bce7-4f2b-b4f3-d568dca769a5,->,12acfc45-bdfb-4343-9004-9be15dfd844c,991eb2a8-284a-4290-ae08-f54cf8834706,7309b383-04a6-42dd-8bb1-625d482ea12c
12acfc45-bdfb-4343-9004-9be15dfd844c,a2607ee7-4260-4da8-96e8-ba26187e8a6b,423f3e96-bce7-4f2b-b4f3-d568dca769a5,->,12acfc45-bdfb-4343-9004-9be15dfd844c,server/model/players/Client.java,getPA
12acfc45-bdfb-4343-9004-9be15dfd844c,a2607ee7-4260-4da8-96e8-ba26187e8a6b,423f3e96-bce7-4f2b-b4f3-d568dca769a5,->,12acfc45-bdfb-4343-9004-9be15dfd844c,991eb2a8-284a-4290-ae08-f54cf8834706,7309b383-04a6-42dd-8bb1-625d482ea12c
12acfc45-bdfb-4343-9004-9be15dfd844c,a2607ee7-4260-4da8-96e8-ba26187e8a6b,423f3e96-bce7-4f2b-b4f3-d568dca769a5,->,12acfc45-bdfb-4343-9004-9be15dfd844c,server/model/players/Client.java,getPA
12acfc45-bdfb-4343-9004-9be15dfd844c,a2607ee7-4260-4da8-96e8-ba26187e8a6b,423f3e96-bce7-4f2b-b4f3-d568dca769a5,->,12acfc45-bdfb-4343-9004-9be15dfd844c,991eb2a8-284a-4290-ae08-f54cf8834706,7309b383-04a6-42dd-8bb1-625d482ea12c
12acfc45-bdfb-4343-9004-9be15dfd844c,a2607ee7-4260-4da8-96e8-ba26187e8a6b,423f3e96-bce7-4f2b-b4f3-d568dca769a5,->,12acfc45-bdfb-4343-9004-9be15dfd844c,server/model/players/Client.java,getPA
12acfc45-bdfb-4343-9004-9be15dfd844c,a2607ee7-4260-4da8-96e8-ba26187e8a6b,423f3e96-bce7-4f2b-b4f3-d568dca769a5,->,12acfc45-bdfb-4343-9004-9be15dfd844c,991eb2a8-284a-4290-ae08-f54cf8834706,7309b383-04a6-42dd-8bb1-625d482ea12c
12acfc45-bdfb-4343-9004-9be15dfd844c,a2607ee7-4260-4da8-96e8-ba26187e8a6b,423f3e96-bce7-4f2b-b4f3-d568dca769a5,->,12acfc45-bdfb-4343-9004-9be15dfd844c,server/model/players/Client.java,getPA
12acfc45-bdfb-4343-9004-9be15dfd844c,a2607ee7-4260-4da8-96e8-ba26187e8a6b,423f3e96-bce7-4f2b-b4f3-d568dca769a5,->,12acfc45-bdfb-4343-9004-9be15dfd844c,991eb2a8-284a-4290-ae08-f54cf8834706,7309b383-04a6-42dd-8bb1-625d482ea12c
12acfc45-bdfb-4343-9004-9be15dfd844c,a2607ee7-4260-4da8-96e8-ba26187e8a6b,423f3e96-bce7-4f2b-b4f3-d568dca769a5,->,12acfc45-bdfb-4343-9004-9be15dfd844c,server/model/players/Client.java,getPA
12acfc45-bdfb-4343-9004-9be15dfd844c,a2607ee7-4260-4da8-96e8-ba26187e8a6b,423f3e96-bce7-4f2b-b4f3-d568dca769a5,->,12acfc45-bdfb-4343-9004-9be15dfd844c,991eb2a8-284a-4290-ae08-f54cf8834706,7309b383-04a6-42dd-8bb1-625d482ea12c
12acfc45-bdfb-4343-9004-9be15dfd844c,a2607ee7-4260-4da8-96e8-ba26187e8a6b,423f3e96-bce7-4f2b-b4f3-d568dca769a5,->,12acfc45-bdfb-4343-9004-9be15dfd844c,server/model/players/Client.java,getPA
12acfc45-bdfb-4343-9004-9be15dfd844c,a2607ee7-4260-4da8-96e8-ba26187e8a6b,423f3e96-bce7-4f2b-b4f3-d568dca769a5,->,12acfc45-bdfb-4343-9004-9be15dfd844c,991eb2a8-284a-4290-ae08-f54cf8834706,7309b383-04a6-42dd-8bb1-625d482ea12c
12acfc45-bdfb-4343-9004-9be15dfd844c,a2607ee7-4260-4da8-96e8-ba26187e8a6b,423f3e96-bce7-4f2b-b4f3-d568dca769a5,->,12acfc45-bdfb-4343-9004-9be15dfd844c,server/model/players/Client.java,getPA
12acfc45-bdfb-4343-9004-9be15dfd844c,a2607ee7-4260-4da8-96e8-ba26187e8a6b,423f3e96-bce7-4f2b-b4f3-d568dca769a5,->,12acfc45-bdfb-4343-9004-9be15dfd844c,991eb2a8-284a-4290-ae08-f54cf8834706,7309b383-04a6-42dd-8bb1-625d482ea12c
12acfc45-bdfb-4343-9004-9be15dfd844c,a2607ee7-4260-4da8-96e8-ba26187e8a6b,423f3e96-bce7-4f2b-b4f3-d568dca769a5,->,12acfc45-bdfb-4343-9004-9be15dfd844c,server/model/players/Client.java,getPA
12acfc45-bdfb-4343-9004-9be15dfd844c,a2607ee7-4260-4da8-96e8-ba26187e8a6b,423f3e96-bce7-4f2b-b4f3-d568dca769a5,->,12acfc45-bdfb-4343-9004-9be15dfd844c,991eb2a8-284a-4290-ae08-f54cf8834706,7309b383-04a6-42dd-8bb1-625d482ea12c
12acfc45-bdfb-4343-9004-9be15dfd844c,a2607ee7-4260-4da8-96e8-ba26187e8a6b,423f3e96-bce7-4f2b-b4f3-d568dca769a5,->,12acfc45-bdfb-4343-9004-9be15dfd844c,server/model/players/Client.java,getPA
12acfc45-bdfb-4343-9004-9be15dfd844c,a2607ee7-4260-4da8-96e8-ba26187e8a6b,423f3e96-bce7-4f2b-b4f3-d568dca769a5,->,12acfc45-bdfb-4343-9004-9be15dfd844c,991eb2a8-284a-4290-ae08-f54cf8834706,7309b383-04a6-42dd-8bb1-625d482ea12c
12acfc45-bdfb-4343-9004-9be15dfd844c,a2607ee7-4260-4da8-96e8-ba26187e8a6b,423f3e96-bce7-4f2b-b4f3-d568dca769a5,->,12acfc45-bdfb-4343-9004-9be15dfd844c,server/model/players/Client.java,getPA
12acfc45-bdfb-4343-9004-9be15dfd844c,a2607ee7-4260-4da8-96e8-ba26187e8a6b,423f3e96-bce7-4f2b-b4f3-d568dca769a5,->,12acfc45-bdfb-4343-9004-9be15dfd844c,991eb2a8-284a-4290-ae08-f54cf8834706,7309b383-04a6-42dd-8bb1-625d482ea12c
12acfc45-bdfb-4343-9004-9be15dfd844c,a2607ee7-4260-4da8-96e8-ba26187e8a6b,423f3e96-bce7-4f2b-b4f3-d568dca769a5,->,12acfc45-bdfb-4343-9004-9be15dfd844c,server/model/players/Client.java,getPA
12acfc45-bdfb-4343-9004-9be15dfd844c,a2607ee7-4260-4da8-96e8-ba26187e8a6b,423f3e96-bce7-4f2b-b4f3-d568dca769a5,->,12acfc45-bdfb-4343-9004-9be15dfd844c,991eb2a8-284a-4290-ae08-f54cf8834706,7309b383-04a6-42dd-8bb1-625d482ea12c
12acfc45-bdfb-4343-9004-9be15dfd844c,a2607ee7-4260-4da8-96e8-ba26187e8a6b,423f3e96-bce7-4f2b-b4f3-d568dca769a5,->,12acfc45-bdfb-4343-9004-9be15dfd844c,server/model/players/Client.java,getPA
12acfc45-bdfb-4343-9004-9be15dfd844c,a2607ee7-4260-4da8-96e8-ba26187e8a6b,423f3e96-bce7-4f2b-b4f3-d568dca769a5,->,12acfc45-bdfb-4343-9004-9be15dfd844c,991eb2a8-284a-4290-ae08-f54cf8834706,7309b383-04a6-42dd-8bb1-625d482ea12c
12acfc45-bdfb-4343-9004-9be15dfd844c,a2607ee7-4260-4da8-96e8-ba26187e8a6b,423f3e96-bce7-4f2b-b4f3-d568dca769a5,->,12acfc45-bdfb-4343-9004-9be15dfd844c,server/model/players/Client.java,getPA
12acfc45-bdfb-4343-9004-9be15dfd844c,a2607ee7-4260-4da8-96e8-ba26187e8a6b,423f3e96-bce7-4f2b-b4f3-d568dca769a5,->,12acfc45-bdfb-4343-9004-9be15dfd844c,991eb2a8-284a-4290-ae08-f54cf8834706,7309b383-04a6-42dd-8bb1-625d482ea12c
12acfc45-bdfb-4343-9004-9be15dfd844c,a2607ee7-4260-4da8-96e8-ba26187e8a6b,423f3e96-bce7-4f2b-b4f3-d568dca769a5,->,12acfc45-bdfb-4343-9004-9be15dfd844c,server/model/players/Client.java,getPA
12acfc45-bdfb-4343-9004-9be15dfd844c,a2607ee7-4260-4da8-96e8-ba26187e8a6b,423f3e96-bce7-4f2b-b4f3-d568dca769a5,->,12acfc45-bdfb-4343-9004-9be15dfd844c,991eb2a8-284a-4290-ae08-f54cf8834706,7309b383-04a6-42dd-8bb1-625d482ea12c
12acfc45-bdfb-4343-9004-9be15dfd844c,a2607ee7-4260-4da8-96e8-ba26187e8a6b,423f3e96-bce7-4f2b-b4f3-d568dca769a5,->,12acfc45-bdfb-4343-9004-9be15dfd844c,server/model/players/Client.java,getPA
12acfc45-bdfb-4343-9004-9be15dfd844c,a2607ee7-4260-4da8-96e8-ba26187e8a6b,423f3e96-bce7-4f2b-b4f3-d568dca769a5,->,12acfc45-bdfb-4343-9004-9be15dfd844c,991eb2a8-284a-4290-ae08-f54cf8834706,7309b383-04a6-42dd-8bb1-625d482ea12c
12acfc45-bdfb-4343-9004-9be15dfd844c,a2607ee7-4260-4da8-96e8-ba26187e8a6b,423f3e96-bce7-4f2b-b4f3-d568dca769a5,->,12acfc45-bdfb-4343-9004-9be15dfd844c,server/model/players/Client.java,getPA
12acfc45-bdfb-4343-9004-9be15dfd844c,a2607ee7-4260-4da8-96e8-ba26187e8a6b,423f3e96-bce7-4f2b-b4f3-d568dca769a5,->,12acfc45-bdfb-4343-9004-9be15dfd844c,991eb2a8-284a-4290-ae08-f54cf8834706,7309b383-04a6-42dd-8bb1-625d482ea12c
12acfc45-bdfb-4343-9004-9be15dfd844c,a2607ee7-4260-4da8-96e8-ba26187e8a6b,423f3e96-bce7-4f2b-b4f3-d568dca769a5,->,12acfc45-bdfb-4343-9004-9be15dfd844c,server/model/players/Client.java,getPA
12acfc45-bdfb-4343-9004-9be15dfd844c,a2607ee7-4260-4da8-96e8-ba26187e8a6b,423f3e96-bce7-4f2b-b4f3-d568dca769a5,->,12acfc45-bdfb-4343-9004-9be15dfd844c,991eb2a8-284a-4290-ae08-f54cf8834706,7309b383-04a6-42dd-8bb1-625d482ea12c
12acfc45-bdfb-4343-9004-9be15dfd844c,a2607ee7-4260-4da8-96e8-ba26187e8a6b,423f3e96-bce7-4f2b-b4f3-d568dca769a5,->,12acfc45-bdfb-4343-9004-9be15dfd844c,server/model/players/Client.java,getPA
12acfc45-bdfb-4343-9004-9be15dfd844c,a2607ee7-4260-4da8-96e8-ba26187e8a6b,423f3e96-bce7-4f2b-b4f3-d568dca769a5,->,12acfc45-bdfb-4343-9004-9be15dfd844c,991eb2a8-284a-4290-ae08-f54cf8834706,7309b383-04a6-42dd-8bb1-625d482ea12c
12acfc45-bdfb-4343-9004-9be15dfd844c,a2607ee7-4260-4da8-96e8-ba26187e8a6b,423f3e96-bce7-4f2b-b4f3-d568dca769a5,->,12acfc45-bdfb-4343-9004-9be15dfd844c,server/model/players/Client.java,getPA
12acfc45-bdfb-4343-9004-9be15dfd844c,a2607ee7-4260-4da8-96e8-ba26187e8a6b,423f3e96-bce7-4f2b-b4f3-d568dca769a5,->,12acfc45-bdfb-4343-9004-9be15dfd844c,991eb2a8-284a-4290-ae08-f54cf8834706,7309b383-04a6-42dd-8bb1-625d482ea12c
12acfc45-bdfb-4343-9004-9be15dfd844c,a2607ee7-4260-4da8-96e8-ba26187e8a6b,423f3e96-bce7-4f2b-b4f3-d568dca769a5,->,12acfc45-bdfb-4343-9004-9be15dfd844c,server/model/players/Client.java,getPA
12acfc45-bdfb-4343-9004-9be15dfd844c,a2607ee7-4260-4da8-96e8-ba26187e8a6b,423f3e96-bce7-4f2b-b4f3-d568dca769a5,->,12acfc45-bdfb-4343-9004-9be15dfd844c,991eb2a8-284a-4290-ae08-f54cf8834706,7309b383-04a6-42dd-8bb1-625d482ea12c
12acfc45-bdfb-4343-9004-9be15dfd844c,a2607ee7-4260-4da8-96e8-ba26187e8a6b,423f3e96-bce7-4f2b-b4f3-d568dca769a5,->,12acfc45-bdfb-4343-9004-9be15dfd844c,server/model/players/Client.java,getPA
12acfc45-bdfb-4343-9004-9be15dfd844c,a2607ee7-4260-4da8-96e8-ba26187e8a6b,423f3e96-bce7-4f2b-b4f3-d568dca769a5,->,12acfc45-bdfb-4343-9004-9be15dfd844c,991eb2a8-284a-4290-ae08-f54cf8834706,7309b383-04a6-42dd-8bb1-625d482ea12c
12acfc45-bdfb-4343-9004-9be15dfd844c,a2607ee7-4260-4da8-96e8-ba26187e8a6b,423f3e96-bce7-4f2b-b4f3-d568dca769a5,->,12acfc45-bdfb-4343-9004-9be15dfd844c,server/model/players/Client.java,getPA
12acfc45-bdfb-4343-9004-9be15dfd844c,a2607ee7-4260-4da8-96e8-ba26187e8a6b,423f3e96-bce7-4f2b-b4f3-d568dca769a5,->,12acfc45-bdfb-4343-9004-9be15dfd844c,991eb2a8-284a-4290-ae08-f54cf8834706,7309b383-04a6-42dd-8bb1-625d482ea12c
12acfc45-bdfb-4343-9004-9be15dfd844c,a2607ee7-4260-4da8-96e8-ba26187e8a6b,423f3e96-bce7-4f2b-b4f3-d568dca769a5,->,12acfc45-bdfb-4343-9004-9be15dfd844c,server/model/players/Client.java,getPA
12acfc45-bdfb-4343-9004-9be15dfd844c,a2607ee7-4260-4da8-96e8-ba26187e8a6b,423f3e96-bce7-4f2b-b4f3-d568dca769a5,->,12acfc45-bdfb-4343-9004-9be15dfd844c,991eb2a8-284a-4290-ae08-f54cf8834706,7309b383-04a6-42dd-8bb1-625d482ea12c
12acfc45-bdfb-4343-9004-9be15dfd844c,a2607ee7-4260-4da8-96e8-ba26187e8a6b,423f3e96-bce7-4f2b-b4f3-d568dca769a5,->,12acfc45-bdfb-4343-9004-9be15dfd844c,server/model/players/Client.java,getPA
12acfc45-bdfb-4343-9004-9be15dfd844c,a2607ee7-4260-4da8-96e8-ba26187e8a6b,423f3e96-bce7-4f2b-b4f3-d568dca769a5,->,12acfc45-bdfb-4343-9004-9be15dfd844c,991eb2a8-284a-4290-ae08-f54cf8834706,7309b383-04a6-42dd-8bb1-625d482ea12c
12acfc45-bdfb-4343-9004-9be15dfd844c,a2607ee7-4260-4da8-96e8-ba26187e8a6b,423f3e96-bce7-4f2b-b4f3-d568dca769a5,->,12acfc45-bdfb-4343-9004-9be15dfd844c,server/model/players/Client.java,getPA
12acfc45-bdfb-4343-9004-9be15dfd844c,a2607ee7-4260-4da8-96e8-ba26187e8a6b,423f3e96-bce7-4f2b-b4f3-d568dca769a5,->,12acfc45-bdfb-4343-9004-9be15dfd844c,991eb2a8-284a-4290-ae08-f54cf8834706,7309b383-04a6-42dd-8bb1-625d482ea12c
12acfc45-bdfb-4343-9004-9be15dfd844c,a2607ee7-4260-4da8-96e8-ba26187e8a6b,423f3e96-bce7-4f2b-b4f3-d568dca769a5,->,12acfc45-bdfb-4343-9004-9be15dfd844c,server/model/players/Client.java,sendMessage
12acfc45-bdfb-4343-9004-9be15dfd844c,a2607ee7-4260-4da8-96e8-ba26187e8a6b,423f3e96-bce7-4f2b-b4f3-d568dca769a5,->,12acfc45-bdfb-4343-9004-9be15dfd844c,server/model/players/Client.java,getPA
12acfc45-bdfb-4343-9004-9be15dfd844c,a2607ee7-4260-4da8-96e8-ba26187e8a6b,423f3e96-bce7-4f2b-b4f3-d568dca769a5,->,12acfc45-bdfb-4343-9004-9be15dfd844c,991eb2a8-284a-4290-ae08-f54cf8834706,7309b383-04a6-42dd-8bb1-625d482ea12c
12acfc45-bdfb-4343-9004-9be15dfd844c,a2607ee7-4260-4da8-96e8-ba26187e8a6b,423f3e96-bce7-4f2b-b4f3-d568dca769a5,->,12acfc45-bdfb-4343-9004-9be15dfd844c,server/model/players/Client.java,getPA
12acfc45-bdfb-4343-9004-9be15dfd844c,a2607ee7-4260-4da8-96e8-ba26187e8a6b,423f3e96-bce7-4f2b-b4f3-d568dca769a5,->,12acfc45-bdfb-4343-9004-9be15dfd844c,991eb2a8-284a-4290-ae08-f54cf8834706,7309b383-04a6-42dd-8bb1-625d482ea12c
12acfc45-bdfb-4343-9004-9be15dfd844c,a2607ee7-4260-4da8-96e8-ba26187e8a6b,423f3e96-bce7-4f2b-b4f3-d568dca769a5,->,12acfc45-bdfb-4343-9004-9be15dfd844c,server/model/players/Client.java,sendMessage
12acfc45-bdfb-4343-9004-9be15dfd844c,a2607ee7-4260-4da8-96e8-ba26187e8a6b,423f3e96-bce7-4f2b-b4f3-d568dca769a5,->,12acfc45-bdfb-4343-9004-9be15dfd844c,server/model/players/Client.java,getPA
12acfc45-bdfb-4343-9004-9be15dfd844c,a2607ee7-4260-4da8-96e8-ba26187e8a6b,423f3e96-bce7-4f2b-b4f3-d568dca769a5,->,12acfc45-bdfb-4343-9004-9be15dfd844c,991eb2a8-284a-4290-ae08-f54cf8834706,1f7845fa-db07-4b23-bcc9-ed7fd4f9ca8b
12acfc45-bdfb-4343-9004-9be15dfd844c,a2607ee7-4260-4da8-96e8-ba26187e8a6b,423f3e96-bce7-4f2b-b4f3-d568dca769a5,->,12acfc45-bdfb-4343-9004-9be15dfd844c,server/model/players/Client.java,sendMessage
12acfc45-bdfb-4343-9004-9be15dfd844c,a2607ee7-4260-4da8-96e8-ba26187e8a6b,423f3e96-bce7-4f2b-b4f3-d568dca769a5,->,12acfc45-bdfb-4343-9004-9be15dfd844c,server/model/players/Client.java,getPA
12acfc45-bdfb-4343-9004-9be15dfd844c,a2607ee7-4260-4da8-96e8-ba26187e8a6b,423f3e96-bce7-4f2b-b4f3-d568dca769a5,->,12acfc45-bdfb-4343-9004-9be15dfd844c,991eb2a8-284a-4290-ae08-f54cf8834706,1f7845fa-db07-4b23-bcc9-ed7fd4f9ca8b
12acfc45-bdfb-4343-9004-9be15dfd844c,a2607ee7-4260-4da8-96e8-ba26187e8a6b,423f3e96-bce7-4f2b-b4f3-d568dca769a5,->,12acfc45-bdfb-4343-9004-9be15dfd844c,server/model/players/Client.java,getPA
12acfc45-bdfb-4343-9004-9be15dfd844c,a2607ee7-4260-4da8-96e8-ba26187e8a6b,423f3e96-bce7-4f2b-b4f3-d568dca769a5,->,12acfc45-bdfb-4343-9004-9be15dfd844c,991eb2a8-284a-4290-ae08-f54cf8834706,7309b383-04a6-42dd-8bb1-625d482ea12c
12acfc45-bdfb-4343-9004-9be15dfd844c,a2607ee7-4260-4da8-96e8-ba26187e8a6b,423f3e96-bce7-4f2b-b4f3-d568dca769a5,->,12acfc45-bdfb-4343-9004-9be15dfd844c,server/model/players/Client.java,getPA
12acfc45-bdfb-4343-9004-9be15dfd844c,a2607ee7-4260-4da8-96e8-ba26187e8a6b,423f3e96-bce7-4f2b-b4f3-d568dca769a5,->,12acfc45-bdfb-4343-9004-9be15dfd844c,991eb2a8-284a-4290-ae08-f54cf8834706,7309b383-04a6-42dd-8bb1-625d482ea12c
12acfc45-bdfb-4343-9004-9be15dfd844c,a2607ee7-4260-4da8-96e8-ba26187e8a6b,423f3e96-bce7-4f2b-b4f3-d568dca769a5,->,12acfc45-bdfb-4343-9004-9be15dfd844c,server/model/players/Client.java,getDH
12acfc45-bdfb-4343-9004-9be15dfd844c,a2607ee7-4260-4da8-96e8-ba26187e8a6b,423f3e96-bce7-4f2b-b4f3-d568dca769a5,->,12acfc45-bdfb-4343-9004-9be15dfd844c,5419d182-c704-4099-be43-be6d27b13974,1ed32f44-0391-413d-9721-7a5bd2e25693
12acfc45-bdfb-4343-9004-9be15dfd844c,a2607ee7-4260-4da8-96e8-ba26187e8a6b,423f3e96-bce7-4f2b-b4f3-d568dca769a5,->,12acfc45-bdfb-4343-9004-9be15dfd844c,server/model/players/Client.java,getDH
12acfc45-bdfb-4343-9004-9be15dfd844c,a2607ee7-4260-4da8-96e8-ba26187e8a6b,423f3e96-bce7-4f2b-b4f3-d568dca769a5,->,12acfc45-bdfb-4343-9004-9be15dfd844c,5419d182-c704-4099-be43-be6d27b13974,1ed32f44-0391-413d-9721-7a5bd2e25693
12acfc45-bdfb-4343-9004-9be15dfd844c,a2607ee7-4260-4da8-96e8-ba26187e8a6b,423f3e96-bce7-4f2b-b4f3-d568dca769a5,->,12acfc45-bdfb-4343-9004-9be15dfd844c,server/world/ClanChatHandler.java,isOwner
12acfc45-bdfb-4343-9004-9be15dfd844c,a2607ee7-4260-4da8-96e8-ba26187e8a6b,423f3e96-bce7-4f2b-b4f3-d568dca769a5,->,12acfc45-bdfb-4343-9004-9be15dfd844c,java/lang/StringBuilder.java,append
12acfc45-bdfb-4343-9004-9be15dfd844c,a2607ee7-4260-4da8-96e8-ba26187e8a6b,423f3e96-bce7-4f2b-b4f3-d568dca769a5,->,12acfc45-bdfb-4343-9004-9be15dfd844c,java/lang/StringBuilder.java,append
12acfc45-bdfb-4343-9004-9be15dfd844c,a2607ee7-4260-4da8-96e8-ba26187e8a6b,423f3e96-bce7-4f2b-b4f3-d568dca769a5,->,12acfc45-bdfb-4343-9004-9be15dfd844c,java/lang/StringBuilder.java,append
12acfc45-bdfb-4343-9004-9be15dfd844c,a2607ee7-4260-4da8-96e8-ba26187e8a6b,423f3e96-bce7-4f2b-b4f3-d568dca769a5,->,12acfc45-bdfb-4343-9004-9be15dfd844c,java/lang/StringBuilder.java,toString
12acfc45-bdfb-4343-9004-9be15dfd844c,a2607ee7-4260-4da8-96e8-ba26187e8a6b,423f3e96-bce7-4f2b-b4f3-d568dca769a5,->,12acfc45-bdfb-4343-9004-9be15dfd844c,server/world/ClanChatHandler.java,sendLootShareMessage
12acfc45-bdfb-4343-9004-9be15dfd844c,a2607ee7-4260-4da8-96e8-ba26187e8a6b,423f3e96-bce7-4f2b-b4f3-d568dca769a5,->,12acfc45-bdfb-4343-9004-9be15dfd844c,server/model/players/Client.java,sendMessage
12acfc45-bdfb-4343-9004-9be15dfd844c,a2607ee7-4260-4da8-96e8-ba26187e8a6b,423f3e96-bce7-4f2b-b4f3-d568dca769a5,->,12acfc45-bdfb-4343-9004-9be15dfd844c,server/model/players/Client.java,getCrafting
12acfc45-bdfb-4343-9004-9be15dfd844c,a2607ee7-4260-4da8-96e8-ba26187e8a6b,423f3e96-bce7-4f2b-b4f3-d568dca769a5,->,12acfc45-bdfb-4343-9004-9be15dfd844c,server/model/players/skills/Crafting.java,handleCraftingClick
12acfc45-bdfb-4343-9004-9be15dfd844c,a2607ee7-4260-4da8-96e8-ba26187e8a6b,423f3e96-bce7-4f2b-b4f3-d568dca769a5,->,12acfc45-bdfb-4343-9004-9be15dfd844c,server/model/players/Client.java,getFletching
12acfc45-bdfb-4343-9004-9be15dfd844c,a2607ee7-4260-4da8-96e8-ba26187e8a6b,423f3e96-bce7-4f2b-b4f3-d568dca769a5,->,12acfc45-bdfb-4343-9004-9be15dfd844c,server/model/players/Client.java,getFletching
12acfc45-bdfb-4343-9004-9be15dfd844c,a2607ee7-4260-4da8-96e8-ba26187e8a6b,423f3e96-bce7-4f2b-b4f3-d568dca769a5,->,12acfc45-bdfb-4343-9004-9be15dfd844c,server/model/players/skills/Fletching.java,handleFletchingClick
12acfc45-bdfb-4343-9004-9be15dfd844c,a2607ee7-4260-4da8-96e8-ba26187e8a6b,423f3e96-bce7-4f2b-b4f3-d568dca769a5,->,12acfc45-bdfb-4343-9004-9be15dfd844c,server/model/players/Client.java,getPA
12acfc45-bdfb-4343-9004-9be15dfd844c,a2607ee7-4260-4da8-96e8-ba26187e8a6b,423f3e96-bce7-4f2b-b4f3-d568dca769a5,->,12acfc45-bdfb-4343-9004-9be15dfd844c,server/model/players/PlayerAssistant.java,showInterface
12acfc45-bdfb-4343-9004-9be15dfd844c,a2607ee7-4260-4da8-96e8-ba26187e8a6b,423f3e96-bce7-4f2b-b4f3-d568dca769a5,->,12acfc45-bdfb-4343-9004-9be15dfd844c,server/model/players/Client.java,getPA
12acfc45-bdfb-4343-9004-9be15dfd844c,a2607ee7-4260-4da8-96e8-ba26187e8a6b,423f3e96-bce7-4f2b-b4f3-d568dca769a5,->,12acfc45-bdfb-4343-9004-9be15dfd844c,991eb2a8-284a-4290-ae08-f54cf8834706,609517a1-3a8b-4bd9-8623-3cae47c33a17
12acfc45-bdfb-4343-9004-9be15dfd844c,a2607ee7-4260-4da8-96e8-ba26187e8a6b,423f3e96-bce7-4f2b-b4f3-d568dca769a5,->,12acfc45-bdfb-4343-9004-9be15dfd844c,server/model/players/Client.java,StartBestItemScan
12acfc45-bdfb-4343-9004-9be15dfd844c,a2607ee7-4260-4da8-96e8-ba26187e8a6b,423f3e96-bce7-4f2b-b4f3-d568dca769a5,->,12acfc45-bdfb-4343-9004-9be15dfd844c,server/model/players/Client.java,getPA
12acfc45-bdfb-4343-9004-9be15dfd844c,a2607ee7-4260-4da8-96e8-ba26187e8a6b,423f3e96-bce7-4f2b-b4f3-d568dca769a5,->,12acfc45-bdfb-4343-9004-9be15dfd844c,991eb2a8-284a-4290-ae08-f54cf8834706,aea8f30b-f48c-4792-b89b-e176ad4209cf
12acfc45-bdfb-4343-9004-9be15dfd844c,a2607ee7-4260-4da8-96e8-ba26187e8a6b,423f3e96-bce7-4f2b-b4f3-d568dca769a5,->,12acfc45-bdfb-4343-9004-9be15dfd844c,server/model/players/Client.java,getPA
12acfc45-bdfb-4343-9004-9be15dfd844c,a2607ee7-4260-4da8-96e8-ba26187e8a6b,423f3e96-bce7-4f2b-b4f3-d568dca769a5,->,12acfc45-bdfb-4343-9004-9be15dfd844c,991eb2a8-284a-4290-ae08-f54cf8834706,aea8f30b-f48c-4792-b89b-e176ad4209cf
12acfc45-bdfb-4343-9004-9be15dfd844c,a2607ee7-4260-4da8-96e8-ba26187e8a6b,423f3e96-bce7-4f2b-b4f3-d568dca769a5,->,12acfc45-bdfb-4343-9004-9be15dfd844c,server/model/players/Client.java,getPA
12acfc45-bdfb-4343-9004-9be15dfd844c,a2607ee7-4260-4da8-96e8-ba26187e8a6b,423f3e96-bce7-4f2b-b4f3-d568dca769a5,->,12acfc45-bdfb-4343-9004-9be15dfd844c,991eb2a8-284a-4290-ae08-f54cf8834706,aea8f30b-f48c-4792-b89b-e176ad4209cf
12acfc45-bdfb-4343-9004-9be15dfd844c,a2607ee7-4260-4da8-96e8-ba26187e8a6b,423f3e96-bce7-4f2b-b4f3-d568dca769a5,->,12acfc45-bdfb-4343-9004-9be15dfd844c,server/model/players/Client.java,getPA
12acfc45-bdfb-4343-9004-9be15dfd844c,a2607ee7-4260-4da8-96e8-ba26187e8a6b,423f3e96-bce7-4f2b-b4f3-d568dca769a5,->,12acfc45-bdfb-4343-9004-9be15dfd844c,991eb2a8-284a-4290-ae08-f54cf8834706,aea8f30b-f48c-4792-b89b-e176ad4209cf
12acfc45-bdfb-4343-9004-9be15dfd844c,a2607ee7-4260-4da8-96e8-ba26187e8a6b,423f3e96-bce7-4f2b-b4f3-d568dca769a5,->,12acfc45-bdfb-4343-9004-9be15dfd844c,server/model/players/Client.java,getPA
12acfc45-bdfb-4343-9004-9be15dfd844c,a2607ee7-4260-4da8-96e8-ba26187e8a6b,423f3e96-bce7-4f2b-b4f3-d568dca769a5,->,12acfc45-bdfb-4343-9004-9be15dfd844c,991eb2a8-284a-4290-ae08-f54cf8834706,aea8f30b-f48c-4792-b89b-e176ad4209cf
12acfc45-bdfb-4343-9004-9be15dfd844c,a2607ee7-4260-4da8-96e8-ba26187e8a6b,423f3e96-bce7-4f2b-b4f3-d568dca769a5,->,12acfc45-bdfb-4343-9004-9be15dfd844c,server/model/players/Client.java,getPA
12acfc45-bdfb-4343-9004-9be15dfd844c,a2607ee7-4260-4da8-96e8-ba26187e8a6b,423f3e96-bce7-4f2b-b4f3-d568dca769a5,->,12acfc45-bdfb-4343-9004-9be15dfd844c,991eb2a8-284a-4290-ae08-f54cf8834706,aea8f30b-f48c-4792-b89b-e176ad4209cf
12acfc45-bdfb-4343-9004-9be15dfd844c,a2607ee7-4260-4da8-96e8-ba26187e8a6b,423f3e96-bce7-4f2b-b4f3-d568dca769a5,->,12acfc45-bdfb-4343-9004-9be15dfd844c,server/model/players/Client.java,getPA
12acfc45-bdfb-4343-9004-9be15dfd844c,a2607ee7-4260-4da8-96e8-ba26187e8a6b,423f3e96-bce7-4f2b-b4f3-d568dca769a5,->,12acfc45-bdfb-4343-9004-9be15dfd844c,991eb2a8-284a-4290-ae08-f54cf8834706,aea8f30b-f48c-4792-b89b-e176ad4209cf
12acfc45-bdfb-4343-9004-9be15dfd844c,a2607ee7-4260-4da8-96e8-ba26187e8a6b,423f3e96-bce7-4f2b-b4f3-d568dca769a5,->,12acfc45-bdfb-4343-9004-9be15dfd844c,server/model/players/Client.java,getPA
12acfc45-bdfb-4343-9004-9be15dfd844c,a2607ee7-4260-4da8-96e8-ba26187e8a6b,423f3e96-bce7-4f2b-b4f3-d568dca769a5,->,12acfc45-bdfb-4343-9004-9be15dfd844c,991eb2a8-284a-4290-ae08-f54cf8834706,aea8f30b-f48c-4792-b89b-e176ad4209cf
12acfc45-bdfb-4343-9004-9be15dfd844c,a2607ee7-4260-4da8-96e8-ba26187e8a6b,423f3e96-bce7-4f2b-b4f3-d568dca769a5,->,12acfc45-bdfb-4343-9004-9be15dfd844c,server/model/players/Client.java,getPA
12acfc45-bdfb-4343-9004-9be15dfd844c,a2607ee7-4260-4da8-96e8-ba26187e8a6b,423f3e96-bce7-4f2b-b4f3-d568dca769a5,->,12acfc45-bdfb-4343-9004-9be15dfd844c,991eb2a8-284a-4290-ae08-f54cf8834706,aea8f30b-f48c-4792-b89b-e176ad4209cf
12acfc45-bdfb-4343-9004-9be15dfd844c,a2607ee7-4260-4da8-96e8-ba26187e8a6b,423f3e96-bce7-4f2b-b4f3-d568dca769a5,->,12acfc45-bdfb-4343-9004-9be15dfd844c,server/model/players/Client.java,getPA
12acfc45-bdfb-4343-9004-9be15dfd844c,a2607ee7-4260-4da8-96e8-ba26187e8a6b,423f3e96-bce7-4f2b-b4f3-d568dca769a5,->,12acfc45-bdfb-4343-9004-9be15dfd844c,991eb2a8-284a-4290-ae08-f54cf8834706,aea8f30b-f48c-4792-b89b-e176ad4209cf
12acfc45-bdfb-4343-9004-9be15dfd844c,a2607ee7-4260-4da8-96e8-ba26187e8a6b,423f3e96-bce7-4f2b-b4f3-d568dca769a5,->,12acfc45-bdfb-4343-9004-9be15dfd844c,server/model/players/Client.java,getPA
12acfc45-bdfb-4343-9004-9be15dfd844c,a2607ee7-4260-4da8-96e8-ba26187e8a6b,423f3e96-bce7-4f2b-b4f3-d568dca769a5,->,12acfc45-bdfb-4343-9004-9be15dfd844c,991eb2a8-284a-4290-ae08-f54cf8834706,aea8f30b-f48c-4792-b89b-e176ad4209cf
12acfc45-bdfb-4343-9004-9be15dfd844c,a2607ee7-4260-4da8-96e8-ba26187e8a6b,423f3e96-bce7-4f2b-b4f3-d568dca769a5,->,12acfc45-bdfb-4343-9004-9be15dfd844c,server/model/players/Client.java,getPA
12acfc45-bdfb-4343-9004-9be15dfd844c,a2607ee7-4260-4da8-96e8-ba26187e8a6b,423f3e96-bce7-4f2b-b4f3-d568dca769a5,->,12acfc45-bdfb-4343-9004-9be15dfd844c,991eb2a8-284a-4290-ae08-f54cf8834706,aea8f30b-f48c-4792-b89b-e176ad4209cf
12acfc45-bdfb-4343-9004-9be15dfd844c,a2607ee7-4260-4da8-96e8-ba26187e8a6b,423f3e96-bce7-4f2b-b4f3-d568dca769a5,->,12acfc45-bdfb-4343-9004-9be15dfd844c,server/model/players/Client.java,getPA
12acfc45-bdfb-4343-9004-9be15dfd844c,a2607ee7-4260-4da8-96e8-ba26187e8a6b,423f3e96-bce7-4f2b-b4f3-d568dca769a5,->,12acfc45-bdfb-4343-9004-9be15dfd844c,991eb2a8-284a-4290-ae08-f54cf8834706,aea8f30b-f48c-4792-b89b-e176ad4209cf
12acfc45-bdfb-4343-9004-9be15dfd844c,a2607ee7-4260-4da8-96e8-ba26187e8a6b,423f3e96-bce7-4f2b-b4f3-d568dca769a5,->,12acfc45-bdfb-4343-9004-9be15dfd844c,server/model/players/Client.java,getPA
12acfc45-bdfb-4343-9004-9be15dfd844c,a2607ee7-4260-4da8-96e8-ba26187e8a6b,423f3e96-bce7-4f2b-b4f3-d568dca769a5,->,12acfc45-bdfb-4343-9004-9be15dfd844c,991eb2a8-284a-4290-ae08-f54cf8834706,aea8f30b-f48c-4792-b89b-e176ad4209cf
12acfc45-bdfb-4343-9004-9be15dfd844c,a2607ee7-4260-4da8-96e8-ba26187e8a6b,423f3e96-bce7-4f2b-b4f3-d568dca769a5,->,12acfc45-bdfb-4343-9004-9be15dfd844c,server/model/players/Client.java,getPA
12acfc45-bdfb-4343-9004-9be15dfd844c,a2607ee7-4260-4da8-96e8-ba26187e8a6b,423f3e96-bce7-4f2b-b4f3-d568dca769a5,->,12acfc45-bdfb-4343-9004-9be15dfd844c,991eb2a8-284a-4290-ae08-f54cf8834706,aea8f30b-f48c-4792-b89b-e176ad4209cf
12acfc45-bdfb-4343-9004-9be15dfd844c,a2607ee7-4260-4da8-96e8-ba26187e8a6b,423f3e96-bce7-4f2b-b4f3-d568dca769a5,->,12acfc45-bdfb-4343-9004-9be15dfd844c,server/model/players/Client.java,getPA
12acfc45-bdfb-4343-9004-9be15dfd844c,a2607ee7-4260-4da8-96e8-ba26187e8a6b,423f3e96-bce7-4f2b-b4f3-d568dca769a5,->,12acfc45-bdfb-4343-9004-9be15dfd844c,991eb2a8-284a-4290-ae08-f54cf8834706,aea8f30b-f48c-4792-b89b-e176ad4209cf
12acfc45-bdfb-4343-9004-9be15dfd844c,a2607ee7-4260-4da8-96e8-ba26187e8a6b,423f3e96-bce7-4f2b-b4f3-d568dca769a5,->,12acfc45-bdfb-4343-9004-9be15dfd844c,server/model/players/Client.java,ResetKeepItems
12acfc45-bdfb-4343-9004-9be15dfd844c,a2607ee7-4260-4da8-96e8-ba26187e8a6b,423f3e96-bce7-4f2b-b4f3-d568dca769a5,->,12acfc45-bdfb-4343-9004-9be15dfd844c,server/model/players/Client.java,getPA
12acfc45-bdfb-4343-9004-9be15dfd844c,a2607ee7-4260-4da8-96e8-ba26187e8a6b,423f3e96-bce7-4f2b-b4f3-d568dca769a5,->,12acfc45-bdfb-4343-9004-9be15dfd844c,server/model/players/PlayerAssistant.java,showInterface
12acfc45-bdfb-4343-9004-9be15dfd844c,a2607ee7-4260-4da8-96e8-ba26187e8a6b,423f3e96-bce7-4f2b-b4f3-d568dca769a5,->,12acfc45-bdfb-4343-9004-9be15dfd844c,server/model/players/Client.java,getPA
12acfc45-bdfb-4343-9004-9be15dfd844c,a2607ee7-4260-4da8-96e8-ba26187e8a6b,423f3e96-bce7-4f2b-b4f3-d568dca769a5,->,12acfc45-bdfb-4343-9004-9be15dfd844c,991eb2a8-284a-4290-ae08-f54cf8834706,3666955d-52b4-495d-880c-318d6383a5bb
12acfc45-bdfb-4343-9004-9be15dfd844c,a2607ee7-4260-4da8-96e8-ba26187e8a6b,423f3e96-bce7-4f2b-b4f3-d568dca769a5,->,12acfc45-bdfb-4343-9004-9be15dfd844c,server/world/ClanChatHandler.java,leaveClan
12acfc45-bdfb-4343-9004-9be15dfd844c,a2607ee7-4260-4da8-96e8-ba26187e8a6b,423f3e96-bce7-4f2b-b4f3-d568dca769a5,->,12acfc45-bdfb-4343-9004-9be15dfd844c,server/model/players/Client.java,sendMessage
12acfc45-bdfb-4343-9004-9be15dfd844c,a2607ee7-4260-4da8-96e8-ba26187e8a6b,423f3e96-bce7-4f2b-b4f3-d568dca769a5,->,12acfc45-bdfb-4343-9004-9be15dfd844c,server/model/players/Client.java,sendMessage
12acfc45-bdfb-4343-9004-9be15dfd844c,a2607ee7-4260-4da8-96e8-ba26187e8a6b,423f3e96-bce7-4f2b-b4f3-d568dca769a5,->,12acfc45-bdfb-4343-9004-9be15dfd844c,server/model/players/Client.java,getOutStream
12acfc45-bdfb-4343-9004-9be15dfd844c,a2607ee7-4260-4da8-96e8-ba26187e8a6b,423f3e96-bce7-4f2b-b4f3-d568dca769a5,->,12acfc45-bdfb-4343-9004-9be15dfd844c,server/model/players/Client.java,getOutStream
12acfc45-bdfb-4343-9004-9be15dfd844c,a2607ee7-4260-4da8-96e8-ba26187e8a6b,423f3e96-bce7-4f2b-b4f3-d568dca769a5,->,12acfc45-bdfb-4343-9004-9be15dfd844c,server/util/Stream.java,createFrame
12acfc45-bdfb-4343-9004-9be15dfd844c,a2607ee7-4260-4da8-96e8-ba26187e8a6b,423f3e96-bce7-4f2b-b4f3-d568dca769a5,->,12acfc45-bdfb-4343-9004-9be15dfd844c,server/model/players/Client.java,flushOutStream
12acfc45-bdfb-4343-9004-9be15dfd844c,a2607ee7-4260-4da8-96e8-ba26187e8a6b,423f3e96-bce7-4f2b-b4f3-d568dca769a5,->,12acfc45-bdfb-4343-9004-9be15dfd844c,server/model/players/Client.java,getPA
12acfc45-bdfb-4343-9004-9be15dfd844c,a2607ee7-4260-4da8-96e8-ba26187e8a6b,423f3e96-bce7-4f2b-b4f3-d568dca769a5,->,12acfc45-bdfb-4343-9004-9be15dfd844c,991eb2a8-284a-4290-ae08-f54cf8834706,ac5a52b5-7320-44a0-9233-853148386f14
12acfc45-bdfb-4343-9004-9be15dfd844c,a2607ee7-4260-4da8-96e8-ba26187e8a6b,423f3e96-bce7-4f2b-b4f3-d568dca769a5,->,12acfc45-bdfb-4343-9004-9be15dfd844c,server/model/players/Client.java,getPA
12acfc45-bdfb-4343-9004-9be15dfd844c,a2607ee7-4260-4da8-96e8-ba26187e8a6b,423f3e96-bce7-4f2b-b4f3-d568dca769a5,->,12acfc45-bdfb-4343-9004-9be15dfd844c,991eb2a8-284a-4290-ae08-f54cf8834706,3666955d-52b4-495d-880c-318d6383a5bb
12acfc45-bdfb-4343-9004-9be15dfd844c,a2607ee7-4260-4da8-96e8-ba26187e8a6b,423f3e96-bce7-4f2b-b4f3-d568dca769a5,->,12acfc45-bdfb-4343-9004-9be15dfd844c,server/model/players/Client.java,getPA
12acfc45-bdfb-4343-9004-9be15dfd844c,a2607ee7-4260-4da8-96e8-ba26187e8a6b,423f3e96-bce7-4f2b-b4f3-d568dca769a5,->,12acfc45-bdfb-4343-9004-9be15dfd844c,991eb2a8-284a-4290-ae08-f54cf8834706,45f85288-14ed-4372-a3d0-cb0612e1990e
12acfc45-bdfb-4343-9004-9be15dfd844c,a2607ee7-4260-4da8-96e8-ba26187e8a6b,423f3e96-bce7-4f2b-b4f3-d568dca769a5,->,12acfc45-bdfb-4343-9004-9be15dfd844c,server/model/players/Client.java,getPA
12acfc45-bdfb-4343-9004-9be15dfd844c,a2607ee7-4260-4da8-96e8-ba26187e8a6b,423f3e96-bce7-4f2b-b4f3-d568dca769a5,->,12acfc45-bdfb-4343-9004-9be15dfd844c,991eb2a8-284a-4290-ae08-f54cf8834706,7119aa7d-2b4b-4c08-847c-4509e1a4b3de
12acfc45-bdfb-4343-9004-9be15dfd844c,a2607ee7-4260-4da8-96e8-ba26187e8a6b,423f3e96-bce7-4f2b-b4f3-d568dca769a5,->,12acfc45-bdfb-4343-9004-9be15dfd844c,server/model/players/Client.java,getPA
12acfc45-bdfb-4343-9004-9be15dfd844c,a2607ee7-4260-4da8-96e8-ba26187e8a6b,423f3e96-bce7-4f2b-b4f3-d568dca769a5,->,12acfc45-bdfb-4343-9004-9be15dfd844c,991eb2a8-284a-4290-ae08-f54cf8834706,ac5a52b5-7320-44a0-9233-853148386f14
12acfc45-bdfb-4343-9004-9be15dfd844c,a2607ee7-4260-4da8-96e8-ba26187e8a6b,423f3e96-bce7-4f2b-b4f3-d568dca769a5,->,12acfc45-bdfb-4343-9004-9be15dfd844c,server/model/players/Client.java,getPA
12acfc45-bdfb-4343-9004-9be15dfd844c,a2607ee7-4260-4da8-96e8-ba26187e8a6b,423f3e96-bce7-4f2b-b4f3-d568dca769a5,->,12acfc45-bdfb-4343-9004-9be15dfd844c,991eb2a8-284a-4290-ae08-f54cf8834706,ac5a52b5-7320-44a0-9233-853148386f14
12acfc45-bdfb-4343-9004-9be15dfd844c,a2607ee7-4260-4da8-96e8-ba26187e8a6b,423f3e96-bce7-4f2b-b4f3-d568dca769a5,->,12acfc45-bdfb-4343-9004-9be15dfd844c,server/model/players/Client.java,getPA
12acfc45-bdfb-4343-9004-9be15dfd844c,a2607ee7-4260-4da8-96e8-ba26187e8a6b,423f3e96-bce7-4f2b-b4f3-d568dca769a5,->,12acfc45-bdfb-4343-9004-9be15dfd844c,991eb2a8-284a-4290-ae08-f54cf8834706,ac5a52b5-7320-44a0-9233-853148386f14
12acfc45-bdfb-4343-9004-9be15dfd844c,a2607ee7-4260-4da8-96e8-ba26187e8a6b,423f3e96-bce7-4f2b-b4f3-d568dca769a5,->,12acfc45-bdfb-4343-9004-9be15dfd844c,server/model/players/Client.java,getPA
12acfc45-bdfb-4343-9004-9be15dfd844c,a2607ee7-4260-4da8-96e8-ba26187e8a6b,423f3e96-bce7-4f2b-b4f3-d568dca769a5,->,12acfc45-bdfb-4343-9004-9be15dfd844c,991eb2a8-284a-4290-ae08-f54cf8834706,ac5a52b5-7320-44a0-9233-853148386f14
12acfc45-bdfb-4343-9004-9be15dfd844c,a2607ee7-4260-4da8-96e8-ba26187e8a6b,423f3e96-bce7-4f2b-b4f3-d568dca769a5,->,12acfc45-bdfb-4343-9004-9be15dfd844c,server/model/players/Client.java,getPA
12acfc45-bdfb-4343-9004-9be15dfd844c,a2607ee7-4260-4da8-96e8-ba26187e8a6b,423f3e96-bce7-4f2b-b4f3-d568dca769a5,->,12acfc45-bdfb-4343-9004-9be15dfd844c,991eb2a8-284a-4290-ae08-f54cf8834706,ac5a52b5-7320-44a0-9233-853148386f14
12acfc45-bdfb-4343-9004-9be15dfd844c,a2607ee7-4260-4da8-96e8-ba26187e8a6b,423f3e96-bce7-4f2b-b4f3-d568dca769a5,->,12acfc45-bdfb-4343-9004-9be15dfd844c,server/model/players/Client.java,getPA
12acfc45-bdfb-4343-9004-9be15dfd844c,a2607ee7-4260-4da8-96e8-ba26187e8a6b,423f3e96-bce7-4f2b-b4f3-d568dca769a5,->,12acfc45-bdfb-4343-9004-9be15dfd844c,991eb2a8-284a-4290-ae08-f54cf8834706,7309b383-04a6-42dd-8bb1-625d482ea12c
12acfc45-bdfb-4343-9004-9be15dfd844c,a2607ee7-4260-4da8-96e8-ba26187e8a6b,423f3e96-bce7-4f2b-b4f3-d568dca769a5,->,12acfc45-bdfb-4343-9004-9be15dfd844c,server/model/players/Client.java,getDH
12acfc45-bdfb-4343-9004-9be15dfd844c,a2607ee7-4260-4da8-96e8-ba26187e8a6b,423f3e96-bce7-4f2b-b4f3-d568dca769a5,->,12acfc45-bdfb-4343-9004-9be15dfd844c,5419d182-c704-4099-be43-be6d27b13974,1ed32f44-0391-413d-9721-7a5bd2e25693
12acfc45-bdfb-4343-9004-9be15dfd844c,a2607ee7-4260-4da8-96e8-ba26187e8a6b,423f3e96-bce7-4f2b-b4f3-d568dca769a5,->,12acfc45-bdfb-4343-9004-9be15dfd844c,server/model/players/Client.java,getDH
12acfc45-bdfb-4343-9004-9be15dfd844c,a2607ee7-4260-4da8-96e8-ba26187e8a6b,423f3e96-bce7-4f2b-b4f3-d568dca769a5,->,12acfc45-bdfb-4343-9004-9be15dfd844c,5419d182-c704-4099-be43-be6d27b13974,1ed32f44-0391-413d-9721-7a5bd2e25693
12acfc45-bdfb-4343-9004-9be15dfd844c,a2607ee7-4260-4da8-96e8-ba26187e8a6b,423f3e96-bce7-4f2b-b4f3-d568dca769a5,->,12acfc45-bdfb-4343-9004-9be15dfd844c,server/model/players/Client.java,getPA
12acfc45-bdfb-4343-9004-9be15dfd844c,a2607ee7-4260-4da8-96e8-ba26187e8a6b,423f3e96-bce7-4f2b-b4f3-d568dca769a5,->,12acfc45-bdfb-4343-9004-9be15dfd844c,991eb2a8-284a-4290-ae08-f54cf8834706,ac5a52b5-7320-44a0-9233-853148386f14
12acfc45-bdfb-4343-9004-9be15dfd844c,a2607ee7-4260-4da8-96e8-ba26187e8a6b,423f3e96-bce7-4f2b-b4f3-d568dca769a5,->,12acfc45-bdfb-4343-9004-9be15dfd844c,server/model/players/Client.java,getPA
12acfc45-bdfb-4343-9004-9be15dfd844c,a2607ee7-4260-4da8-96e8-ba26187e8a6b,423f3e96-bce7-4f2b-b4f3-d568dca769a5,->,12acfc45-bdfb-4343-9004-9be15dfd844c,991eb2a8-284a-4290-ae08-f54cf8834706,3666955d-52b4-495d-880c-318d6383a5bb
12acfc45-bdfb-4343-9004-9be15dfd844c,a2607ee7-4260-4da8-96e8-ba26187e8a6b,423f3e96-bce7-4f2b-b4f3-d568dca769a5,->,12acfc45-bdfb-4343-9004-9be15dfd844c,server/model/players/Client.java,getPA
12acfc45-bdfb-4343-9004-9be15dfd844c,a2607ee7-4260-4da8-96e8-ba26187e8a6b,423f3e96-bce7-4f2b-b4f3-d568dca769a5,->,12acfc45-bdfb-4343-9004-9be15dfd844c,991eb2a8-284a-4290-ae08-f54cf8834706,45f85288-14ed-4372-a3d0-cb0612e1990e
12acfc45-bdfb-4343-9004-9be15dfd844c,a2607ee7-4260-4da8-96e8-ba26187e8a6b,423f3e96-bce7-4f2b-b4f3-d568dca769a5,->,12acfc45-bdfb-4343-9004-9be15dfd844c,server/model/players/Client.java,getPA
12acfc45-bdfb-4343-9004-9be15dfd844c,a2607ee7-4260-4da8-96e8-ba26187e8a6b,423f3e96-bce7-4f2b-b4f3-d568dca769a5,->,12acfc45-bdfb-4343-9004-9be15dfd844c,991eb2a8-284a-4290-ae08-f54cf8834706,7119aa7d-2b4b-4c08-847c-4509e1a4b3de
12acfc45-bdfb-4343-9004-9be15dfd844c,a2607ee7-4260-4da8-96e8-ba26187e8a6b,423f3e96-bce7-4f2b-b4f3-d568dca769a5,->,12acfc45-bdfb-4343-9004-9be15dfd844c,server/model/players/Client.java,getPA
12acfc45-bdfb-4343-9004-9be15dfd844c,a2607ee7-4260-4da8-96e8-ba26187e8a6b,423f3e96-bce7-4f2b-b4f3-d568dca769a5,->,12acfc45-bdfb-4343-9004-9be15dfd844c,991eb2a8-284a-4290-ae08-f54cf8834706,ac5a52b5-7320-44a0-9233-853148386f14
12acfc45-bdfb-4343-9004-9be15dfd844c,a2607ee7-4260-4da8-96e8-ba26187e8a6b,423f3e96-bce7-4f2b-b4f3-d568dca769a5,->,12acfc45-bdfb-4343-9004-9be15dfd844c,server/model/players/Client.java,getPA
12acfc45-bdfb-4343-9004-9be15dfd844c,a2607ee7-4260-4da8-96e8-ba26187e8a6b,423f3e96-bce7-4f2b-b4f3-d568dca769a5,->,12acfc45-bdfb-4343-9004-9be15dfd844c,991eb2a8-284a-4290-ae08-f54cf8834706,ac5a52b5-7320-44a0-9233-853148386f14
12acfc45-bdfb-4343-9004-9be15dfd844c,a2607ee7-4260-4da8-96e8-ba26187e8a6b,423f3e96-bce7-4f2b-b4f3-d568dca769a5,->,12acfc45-bdfb-4343-9004-9be15dfd844c,server/model/players/Client.java,getPA
12acfc45-bdfb-4343-9004-9be15dfd844c,a2607ee7-4260-4da8-96e8-ba26187e8a6b,423f3e96-bce7-4f2b-b4f3-d568dca769a5,->,12acfc45-bdfb-4343-9004-9be15dfd844c,991eb2a8-284a-4290-ae08-f54cf8834706,ac5a52b5-7320-44a0-9233-853148386f14
12acfc45-bdfb-4343-9004-9be15dfd844c,a2607ee7-4260-4da8-96e8-ba26187e8a6b,423f3e96-bce7-4f2b-b4f3-d568dca769a5,->,12acfc45-bdfb-4343-9004-9be15dfd844c,server/model/players/Client.java,getPA
12acfc45-bdfb-4343-9004-9be15dfd844c,a2607ee7-4260-4da8-96e8-ba26187e8a6b,423f3e96-bce7-4f2b-b4f3-d568dca769a5,->,12acfc45-bdfb-4343-9004-9be15dfd844c,991eb2a8-284a-4290-ae08-f54cf8834706,ac5a52b5-7320-44a0-9233-853148386f14
12acfc45-bdfb-4343-9004-9be15dfd844c,a2607ee7-4260-4da8-96e8-ba26187e8a6b,423f3e96-bce7-4f2b-b4f3-d568dca769a5,->,12acfc45-bdfb-4343-9004-9be15dfd844c,server/model/players/Client.java,getPA
12acfc45-bdfb-4343-9004-9be15dfd844c,a2607ee7-4260-4da8-96e8-ba26187e8a6b,423f3e96-bce7-4f2b-b4f3-d568dca769a5,->,12acfc45-bdfb-4343-9004-9be15dfd844c,991eb2a8-284a-4290-ae08-f54cf8834706,ac5a52b5-7320-44a0-9233-853148386f14
12acfc45-bdfb-4343-9004-9be15dfd844c,a2607ee7-4260-4da8-96e8-ba26187e8a6b,423f3e96-bce7-4f2b-b4f3-d568dca769a5,->,12acfc45-bdfb-4343-9004-9be15dfd844c,server/model/players/Client.java,getPA
12acfc45-bdfb-4343-9004-9be15dfd844c,a2607ee7-4260-4da8-96e8-ba26187e8a6b,423f3e96-bce7-4f2b-b4f3-d568dca769a5,->,12acfc45-bdfb-4343-9004-9be15dfd844c,991eb2a8-284a-4290-ae08-f54cf8834706,7309b383-04a6-42dd-8bb1-625d482ea12c
12acfc45-bdfb-4343-9004-9be15dfd844c,a2607ee7-4260-4da8-96e8-ba26187e8a6b,423f3e96-bce7-4f2b-b4f3-d568dca769a5,->,12acfc45-bdfb-4343-9004-9be15dfd844c,server/model/players/Client.java,getDH
12acfc45-bdfb-4343-9004-9be15dfd844c,a2607ee7-4260-4da8-96e8-ba26187e8a6b,423f3e96-bce7-4f2b-b4f3-d568dca769a5,->,12acfc45-bdfb-4343-9004-9be15dfd844c,5419d182-c704-4099-be43-be6d27b13974,1ed32f44-0391-413d-9721-7a5bd2e25693
12acfc45-bdfb-4343-9004-9be15dfd844c,a2607ee7-4260-4da8-96e8-ba26187e8a6b,423f3e96-bce7-4f2b-b4f3-d568dca769a5,->,12acfc45-bdfb-4343-9004-9be15dfd844c,server/model/players/Client.java,getDH
12acfc45-bdfb-4343-9004-9be15dfd844c,a2607ee7-4260-4da8-96e8-ba26187e8a6b,423f3e96-bce7-4f2b-b4f3-d568dca769a5,->,12acfc45-bdfb-4343-9004-9be15dfd844c,5419d182-c704-4099-be43-be6d27b13974,1ed32f44-0391-413d-9721-7a5bd2e25693
12acfc45-bdfb-4343-9004-9be15dfd844c,a2607ee7-4260-4da8-96e8-ba26187e8a6b,423f3e96-bce7-4f2b-b4f3-d568dca769a5,->,12acfc45-bdfb-4343-9004-9be15dfd844c,server/model/players/Client.java,getPA
12acfc45-bdfb-4343-9004-9be15dfd844c,a2607ee7-4260-4da8-96e8-ba26187e8a6b,423f3e96-bce7-4f2b-b4f3-d568dca769a5,->,12acfc45-bdfb-4343-9004-9be15dfd844c,991eb2a8-284a-4290-ae08-f54cf8834706,7119aa7d-2b4b-4c08-847c-4509e1a4b3de
12acfc45-bdfb-4343-9004-9be15dfd844c,a2607ee7-4260-4da8-96e8-ba26187e8a6b,423f3e96-bce7-4f2b-b4f3-d568dca769a5,->,12acfc45-bdfb-4343-9004-9be15dfd844c,server/model/players/Client.java,getPA
12acfc45-bdfb-4343-9004-9be15dfd844c,a2607ee7-4260-4da8-96e8-ba26187e8a6b,423f3e96-bce7-4f2b-b4f3-d568dca769a5,->,12acfc45-bdfb-4343-9004-9be15dfd844c,991eb2a8-284a-4290-ae08-f54cf8834706,ac5a52b5-7320-44a0-9233-853148386f14
12acfc45-bdfb-4343-9004-9be15dfd844c,a2607ee7-4260-4da8-96e8-ba26187e8a6b,423f3e96-bce7-4f2b-b4f3-d568dca769a5,->,12acfc45-bdfb-4343-9004-9be15dfd844c,server/model/players/Client.java,getPA
12acfc45-bdfb-4343-9004-9be15dfd844c,a2607ee7-4260-4da8-96e8-ba26187e8a6b,423f3e96-bce7-4f2b-b4f3-d568dca769a5,->,12acfc45-bdfb-4343-9004-9be15dfd844c,991eb2a8-284a-4290-ae08-f54cf8834706,ac5a52b5-7320-44a0-9233-853148386f14
12acfc45-bdfb-4343-9004-9be15dfd844c,a2607ee7-4260-4da8-96e8-ba26187e8a6b,423f3e96-bce7-4f2b-b4f3-d568dca769a5,->,12acfc45-bdfb-4343-9004-9be15dfd844c,server/model/players/Client.java,getPA
12acfc45-bdfb-4343-9004-9be15dfd844c,a2607ee7-4260-4da8-96e8-ba26187e8a6b,423f3e96-bce7-4f2b-b4f3-d568dca769a5,->,12acfc45-bdfb-4343-9004-9be15dfd844c,991eb2a8-284a-4290-ae08-f54cf8834706,ac5a52b5-7320-44a0-9233-853148386f14
12acfc45-bdfb-4343-9004-9be15dfd844c,a2607ee7-4260-4da8-96e8-ba26187e8a6b,423f3e96-bce7-4f2b-b4f3-d568dca769a5,->,12acfc45-bdfb-4343-9004-9be15dfd844c,server/model/players/Client.java,getPA
12acfc45-bdfb-4343-9004-9be15dfd844c,a2607ee7-4260-4da8-96e8-ba26187e8a6b,423f3e96-bce7-4f2b-b4f3-d568dca769a5,->,12acfc45-bdfb-4343-9004-9be15dfd844c,991eb2a8-284a-4290-ae08-f54cf8834706,ac5a52b5-7320-44a0-9233-853148386f14
12acfc45-bdfb-4343-9004-9be15dfd844c,a2607ee7-4260-4da8-96e8-ba26187e8a6b,423f3e96-bce7-4f2b-b4f3-d568dca769a5,->,12acfc45-bdfb-4343-9004-9be15dfd844c,server/model/players/Client.java,getPA
12acfc45-bdfb-4343-9004-9be15dfd844c,a2607ee7-4260-4da8-96e8-ba26187e8a6b,423f3e96-bce7-4f2b-b4f3-d568dca769a5,->,12acfc45-bdfb-4343-9004-9be15dfd844c,991eb2a8-284a-4290-ae08-f54cf8834706,ac5a52b5-7320-44a0-9233-853148386f14
12acfc45-bdfb-4343-9004-9be15dfd844c,a2607ee7-4260-4da8-96e8-ba26187e8a6b,423f3e96-bce7-4f2b-b4f3-d568dca769a5,->,12acfc45-bdfb-4343-9004-9be15dfd844c,server/model/players/Client.java,getPA
12acfc45-bdfb-4343-9004-9be15dfd844c,a2607ee7-4260-4da8-96e8-ba26187e8a6b,423f3e96-bce7-4f2b-b4f3-d568dca769a5,->,12acfc45-bdfb-4343-9004-9be15dfd844c,991eb2a8-284a-4290-ae08-f54cf8834706,7309b383-04a6-42dd-8bb1-625d482ea12c
12acfc45-bdfb-4343-9004-9be15dfd844c,a2607ee7-4260-4da8-96e8-ba26187e8a6b,423f3e96-bce7-4f2b-b4f3-d568dca769a5,->,12acfc45-bdfb-4343-9004-9be15dfd844c,server/model/players/Client.java,getDH
12acfc45-bdfb-4343-9004-9be15dfd844c,a2607ee7-4260-4da8-96e8-ba26187e8a6b,423f3e96-bce7-4f2b-b4f3-d568dca769a5,->,12acfc45-bdfb-4343-9004-9be15dfd844c,5419d182-c704-4099-be43-be6d27b13974,1ed32f44-0391-413d-9721-7a5bd2e25693
12acfc45-bdfb-4343-9004-9be15dfd844c,a2607ee7-4260-4da8-96e8-ba26187e8a6b,423f3e96-bce7-4f2b-b4f3-d568dca769a5,->,12acfc45-bdfb-4343-9004-9be15dfd844c,server/model/players/Client.java,getDH
12acfc45-bdfb-4343-9004-9be15dfd844c,a2607ee7-4260-4da8-96e8-ba26187e8a6b,423f3e96-bce7-4f2b-b4f3-d568dca769a5,->,12acfc45-bdfb-4343-9004-9be15dfd844c,5419d182-c704-4099-be43-be6d27b13974,1ed32f44-0391-413d-9721-7a5bd2e25693
12acfc45-bdfb-4343-9004-9be15dfd844c,a2607ee7-4260-4da8-96e8-ba26187e8a6b,423f3e96-bce7-4f2b-b4f3-d568dca769a5,->,12acfc45-bdfb-4343-9004-9be15dfd844c,server/model/players/Client.java,getPA
12acfc45-bdfb-4343-9004-9be15dfd844c,a2607ee7-4260-4da8-96e8-ba26187e8a6b,423f3e96-bce7-4f2b-b4f3-d568dca769a5,->,12acfc45-bdfb-4343-9004-9be15dfd844c,991eb2a8-284a-4290-ae08-f54cf8834706,7119aa7d-2b4b-4c08-847c-4509e1a4b3de
12acfc45-bdfb-4343-9004-9be15dfd844c,a2607ee7-4260-4da8-96e8-ba26187e8a6b,423f3e96-bce7-4f2b-b4f3-d568dca769a5,->,12acfc45-bdfb-4343-9004-9be15dfd844c,server/model/players/Client.java,getPA
12acfc45-bdfb-4343-9004-9be15dfd844c,a2607ee7-4260-4da8-96e8-ba26187e8a6b,423f3e96-bce7-4f2b-b4f3-d568dca769a5,->,12acfc45-bdfb-4343-9004-9be15dfd844c,991eb2a8-284a-4290-ae08-f54cf8834706,ac5a52b5-7320-44a0-9233-853148386f14
12acfc45-bdfb-4343-9004-9be15dfd844c,a2607ee7-4260-4da8-96e8-ba26187e8a6b,423f3e96-bce7-4f2b-b4f3-d568dca769a5,->,12acfc45-bdfb-4343-9004-9be15dfd844c,server/model/players/Client.java,getPA
12acfc45-bdfb-4343-9004-9be15dfd844c,a2607ee7-4260-4da8-96e8-ba26187e8a6b,423f3e96-bce7-4f2b-b4f3-d568dca769a5,->,12acfc45-bdfb-4343-9004-9be15dfd844c,991eb2a8-284a-4290-ae08-f54cf8834706,ac5a52b5-7320-44a0-9233-853148386f14
12acfc45-bdfb-4343-9004-9be15dfd844c,a2607ee7-4260-4da8-96e8-ba26187e8a6b,423f3e96-bce7-4f2b-b4f3-d568dca769a5,->,12acfc45-bdfb-4343-9004-9be15dfd844c,server/model/players/Client.java,getPA
12acfc45-bdfb-4343-9004-9be15dfd844c,a2607ee7-4260-4da8-96e8-ba26187e8a6b,423f3e96-bce7-4f2b-b4f3-d568dca769a5,->,12acfc45-bdfb-4343-9004-9be15dfd844c,991eb2a8-284a-4290-ae08-f54cf8834706,ac5a52b5-7320-44a0-9233-853148386f14
12acfc45-bdfb-4343-9004-9be15dfd844c,a2607ee7-4260-4da8-96e8-ba26187e8a6b,423f3e96-bce7-4f2b-b4f3-d568dca769a5,->,12acfc45-bdfb-4343-9004-9be15dfd844c,server/model/players/Client.java,getPA
12acfc45-bdfb-4343-9004-9be15dfd844c,a2607ee7-4260-4da8-96e8-ba26187e8a6b,423f3e96-bce7-4f2b-b4f3-d568dca769a5,->,12acfc45-bdfb-4343-9004-9be15dfd844c,991eb2a8-284a-4290-ae08-f54cf8834706,ac5a52b5-7320-44a0-9233-853148386f14
12acfc45-bdfb-4343-9004-9be15dfd844c,a2607ee7-4260-4da8-96e8-ba26187e8a6b,423f3e96-bce7-4f2b-b4f3-d568dca769a5,->,12acfc45-bdfb-4343-9004-9be15dfd844c,server/model/players/Client.java,sendMessage
12acfc45-bdfb-4343-9004-9be15dfd844c,a2607ee7-4260-4da8-96e8-ba26187e8a6b,423f3e96-bce7-4f2b-b4f3-d568dca769a5,->,12acfc45-bdfb-4343-9004-9be15dfd844c,server/model/players/Client.java,getPA
12acfc45-bdfb-4343-9004-9be15dfd844c,a2607ee7-4260-4da8-96e8-ba26187e8a6b,423f3e96-bce7-4f2b-b4f3-d568dca769a5,->,12acfc45-bdfb-4343-9004-9be15dfd844c,991eb2a8-284a-4290-ae08-f54cf8834706,7309b383-04a6-42dd-8bb1-625d482ea12c
12acfc45-bdfb-4343-9004-9be15dfd844c,a2607ee7-4260-4da8-96e8-ba26187e8a6b,423f3e96-bce7-4f2b-b4f3-d568dca769a5,->,12acfc45-bdfb-4343-9004-9be15dfd844c,server/model/players/Client.java,sendMessage
12acfc45-bdfb-4343-9004-9be15dfd844c,a2607ee7-4260-4da8-96e8-ba26187e8a6b,423f3e96-bce7-4f2b-b4f3-d568dca769a5,->,12acfc45-bdfb-4343-9004-9be15dfd844c,server/model/players/Client.java,getDH
12acfc45-bdfb-4343-9004-9be15dfd844c,a2607ee7-4260-4da8-96e8-ba26187e8a6b,423f3e96-bce7-4f2b-b4f3-d568dca769a5,->,12acfc45-bdfb-4343-9004-9be15dfd844c,5419d182-c704-4099-be43-be6d27b13974,1ed32f44-0391-413d-9721-7a5bd2e25693
12acfc45-bdfb-4343-9004-9be15dfd844c,a2607ee7-4260-4da8-96e8-ba26187e8a6b,423f3e96-bce7-4f2b-b4f3-d568dca769a5,->,12acfc45-bdfb-4343-9004-9be15dfd844c,server/model/players/Client.java,getDH
12acfc45-bdfb-4343-9004-9be15dfd844c,a2607ee7-4260-4da8-96e8-ba26187e8a6b,423f3e96-bce7-4f2b-b4f3-d568dca769a5,->,12acfc45-bdfb-4343-9004-9be15dfd844c,5419d182-c704-4099-be43-be6d27b13974,1ed32f44-0391-413d-9721-7a5bd2e25693
12acfc45-bdfb-4343-9004-9be15dfd844c,a2607ee7-4260-4da8-96e8-ba26187e8a6b,423f3e96-bce7-4f2b-b4f3-d568dca769a5,->,12acfc45-bdfb-4343-9004-9be15dfd844c,server/model/players/Client.java,getPA
12acfc45-bdfb-4343-9004-9be15dfd844c,a2607ee7-4260-4da8-96e8-ba26187e8a6b,423f3e96-bce7-4f2b-b4f3-d568dca769a5,->,12acfc45-bdfb-4343-9004-9be15dfd844c,991eb2a8-284a-4290-ae08-f54cf8834706,ffee66ac-4ac5-469e-9cfe-d0f69c65d92f
12acfc45-bdfb-4343-9004-9be15dfd844c,a2607ee7-4260-4da8-96e8-ba26187e8a6b,423f3e96-bce7-4f2b-b4f3-d568dca769a5,->,12acfc45-bdfb-4343-9004-9be15dfd844c,server/model/players/Client.java,setSidebarInterface
12acfc45-bdfb-4343-9004-9be15dfd844c,a2607ee7-4260-4da8-96e8-ba26187e8a6b,423f3e96-bce7-4f2b-b4f3-d568dca769a5,->,12acfc45-bdfb-4343-9004-9be15dfd844c,server/model/players/Client.java,sendMessage
12acfc45-bdfb-4343-9004-9be15dfd844c,a2607ee7-4260-4da8-96e8-ba26187e8a6b,423f3e96-bce7-4f2b-b4f3-d568dca769a5,->,12acfc45-bdfb-4343-9004-9be15dfd844c,server/model/players/Client.java,setSidebarInterface
12acfc45-bdfb-4343-9004-9be15dfd844c,a2607ee7-4260-4da8-96e8-ba26187e8a6b,423f3e96-bce7-4f2b-b4f3-d568dca769a5,->,12acfc45-bdfb-4343-9004-9be15dfd844c,server/model/players/Client.java,setSidebarInterface
12acfc45-bdfb-4343-9004-9be15dfd844c,a2607ee7-4260-4da8-96e8-ba26187e8a6b,423f3e96-bce7-4f2b-b4f3-d568dca769a5,->,12acfc45-bdfb-4343-9004-9be15dfd844c,server/model/players/Client.java,getDH
12acfc45-bdfb-4343-9004-9be15dfd844c,a2607ee7-4260-4da8-96e8-ba26187e8a6b,423f3e96-bce7-4f2b-b4f3-d568dca769a5,->,12acfc45-bdfb-4343-9004-9be15dfd844c,5419d182-c704-4099-be43-be6d27b13974,1ed32f44-0391-413d-9721-7a5bd2e25693
12acfc45-bdfb-4343-9004-9be15dfd844c,a2607ee7-4260-4da8-96e8-ba26187e8a6b,423f3e96-bce7-4f2b-b4f3-d568dca769a5,->,12acfc45-bdfb-4343-9004-9be15dfd844c,14203881-a564-4b2b-883f-05f6ba08720b,7517a8fc-d089-4fff-8f69-f502a6429ae9
12acfc45-bdfb-4343-9004-9be15dfd844c,a2607ee7-4260-4da8-96e8-ba26187e8a6b,423f3e96-bce7-4f2b-b4f3-d568dca769a5,->,12acfc45-bdfb-4343-9004-9be15dfd844c,server/model/players/Client.java,getPA
12acfc45-bdfb-4343-9004-9be15dfd844c,a2607ee7-4260-4da8-96e8-ba26187e8a6b,423f3e96-bce7-4f2b-b4f3-d568dca769a5,->,12acfc45-bdfb-4343-9004-9be15dfd844c,991eb2a8-284a-4290-ae08-f54cf8834706,3666955d-52b4-495d-880c-318d6383a5bb
12acfc45-bdfb-4343-9004-9be15dfd844c,a2607ee7-4260-4da8-96e8-ba26187e8a6b,423f3e96-bce7-4f2b-b4f3-d568dca769a5,->,12acfc45-bdfb-4343-9004-9be15dfd844c,server/model/players/Client.java,getDH
12acfc45-bdfb-4343-9004-9be15dfd844c,a2607ee7-4260-4da8-96e8-ba26187e8a6b,423f3e96-bce7-4f2b-b4f3-d568dca769a5,->,12acfc45-bdfb-4343-9004-9be15dfd844c,5419d182-c704-4099-be43-be6d27b13974,1ed32f44-0391-413d-9721-7a5bd2e25693
12acfc45-bdfb-4343-9004-9be15dfd844c,a2607ee7-4260-4da8-96e8-ba26187e8a6b,423f3e96-bce7-4f2b-b4f3-d568dca769a5,->,12acfc45-bdfb-4343-9004-9be15dfd844c,server/model/players/Client.java,getItems
12acfc45-bdfb-4343-9004-9be15dfd844c,a2607ee7-4260-4da8-96e8-ba26187e8a6b,423f3e96-bce7-4f2b-b4f3-d568dca769a5,->,12acfc45-bdfb-4343-9004-9be15dfd844c,server/model/items/ItemAssistant.java,playerHasItem
12acfc45-bdfb-4343-9004-9be15dfd844c,a2607ee7-4260-4da8-96e8-ba26187e8a6b,423f3e96-bce7-4f2b-b4f3-d568dca769a5,->,12acfc45-bdfb-4343-9004-9be15dfd844c,server/model/players/Client.java,getDH
12acfc45-bdfb-4343-9004-9be15dfd844c,a2607ee7-4260-4da8-96e8-ba26187e8a6b,423f3e96-bce7-4f2b-b4f3-d568dca769a5,->,12acfc45-bdfb-4343-9004-9be15dfd844c,5419d182-c704-4099-be43-be6d27b13974,1ed32f44-0391-413d-9721-7a5bd2e25693
12acfc45-bdfb-4343-9004-9be15dfd844c,a2607ee7-4260-4da8-96e8-ba26187e8a6b,423f3e96-bce7-4f2b-b4f3-d568dca769a5,->,12acfc45-bdfb-4343-9004-9be15dfd844c,server/model/players/Client.java,getDH
12acfc45-bdfb-4343-9004-9be15dfd844c,a2607ee7-4260-4da8-96e8-ba26187e8a6b,423f3e96-bce7-4f2b-b4f3-d568dca769a5,->,12acfc45-bdfb-4343-9004-9be15dfd844c,5419d182-c704-4099-be43-be6d27b13974,1ed32f44-0391-413d-9721-7a5bd2e25693
12acfc45-bdfb-4343-9004-9be15dfd844c,a2607ee7-4260-4da8-96e8-ba26187e8a6b,423f3e96-bce7-4f2b-b4f3-d568dca769a5,->,12acfc45-bdfb-4343-9004-9be15dfd844c,server/model/players/Client.java,getDH
12acfc45-bdfb-4343-9004-9be15dfd844c,a2607ee7-4260-4da8-96e8-ba26187e8a6b,423f3e96-bce7-4f2b-b4f3-d568dca769a5,->,12acfc45-bdfb-4343-9004-9be15dfd844c,5419d182-c704-4099-be43-be6d27b13974,1ed32f44-0391-413d-9721-7a5bd2e25693
12acfc45-bdfb-4343-9004-9be15dfd844c,a2607ee7-4260-4da8-96e8-ba26187e8a6b,423f3e96-bce7-4f2b-b4f3-d568dca769a5,->,12acfc45-bdfb-4343-9004-9be15dfd844c,server/model/players/Client.java,getDH
12acfc45-bdfb-4343-9004-9be15dfd844c,a2607ee7-4260-4da8-96e8-ba26187e8a6b,423f3e96-bce7-4f2b-b4f3-d568dca769a5,->,12acfc45-bdfb-4343-9004-9be15dfd844c,5419d182-c704-4099-be43-be6d27b13974,1ed32f44-0391-413d-9721-7a5bd2e25693
12acfc45-bdfb-4343-9004-9be15dfd844c,a2607ee7-4260-4da8-96e8-ba26187e8a6b,423f3e96-bce7-4f2b-b4f3-d568dca769a5,->,12acfc45-bdfb-4343-9004-9be15dfd844c,server/model/players/Client.java,getDH
12acfc45-bdfb-4343-9004-9be15dfd844c,a2607ee7-4260-4da8-96e8-ba26187e8a6b,423f3e96-bce7-4f2b-b4f3-d568dca769a5,->,12acfc45-bdfb-4343-9004-9be15dfd844c,5419d182-c704-4099-be43-be6d27b13974,1ed32f44-0391-413d-9721-7a5bd2e25693
12acfc45-bdfb-4343-9004-9be15dfd844c,a2607ee7-4260-4da8-96e8-ba26187e8a6b,423f3e96-bce7-4f2b-b4f3-d568dca769a5,->,12acfc45-bdfb-4343-9004-9be15dfd844c,server/model/players/Client.java,getDH
12acfc45-bdfb-4343-9004-9be15dfd844c,a2607ee7-4260-4da8-96e8-ba26187e8a6b,423f3e96-bce7-4f2b-b4f3-d568dca769a5,->,12acfc45-bdfb-4343-9004-9be15dfd844c,5419d182-c704-4099-be43-be6d27b13974,1ed32f44-0391-413d-9721-7a5bd2e25693
12acfc45-bdfb-4343-9004-9be15dfd844c,a2607ee7-4260-4da8-96e8-ba26187e8a6b,423f3e96-bce7-4f2b-b4f3-d568dca769a5,->,12acfc45-bdfb-4343-9004-9be15dfd844c,server/model/players/Client.java,getDH
12acfc45-bdfb-4343-9004-9be15dfd844c,a2607ee7-4260-4da8-96e8-ba26187e8a6b,423f3e96-bce7-4f2b-b4f3-d568dca769a5,->,12acfc45-bdfb-4343-9004-9be15dfd844c,5419d182-c704-4099-be43-be6d27b13974,1ed32f44-0391-413d-9721-7a5bd2e25693
12acfc45-bdfb-4343-9004-9be15dfd844c,a2607ee7-4260-4da8-96e8-ba26187e8a6b,423f3e96-bce7-4f2b-b4f3-d568dca769a5,->,12acfc45-bdfb-4343-9004-9be15dfd844c,server/model/players/Client.java,getDH
12acfc45-bdfb-4343-9004-9be15dfd844c,a2607ee7-4260-4da8-96e8-ba26187e8a6b,423f3e96-bce7-4f2b-b4f3-d568dca769a5,->,12acfc45-bdfb-4343-9004-9be15dfd844c,5419d182-c704-4099-be43-be6d27b13974,1ed32f44-0391-413d-9721-7a5bd2e25693
12acfc45-bdfb-4343-9004-9be15dfd844c,a2607ee7-4260-4da8-96e8-ba26187e8a6b,423f3e96-bce7-4f2b-b4f3-d568dca769a5,->,12acfc45-bdfb-4343-9004-9be15dfd844c,server/model/players/Client.java,getDH
12acfc45-bdfb-4343-9004-9be15dfd844c,a2607ee7-4260-4da8-96e8-ba26187e8a6b,423f3e96-bce7-4f2b-b4f3-d568dca769a5,->,12acfc45-bdfb-4343-9004-9be15dfd844c,5419d182-c704-4099-be43-be6d27b13974,1ed32f44-0391-413d-9721-7a5bd2e25693
12acfc45-bdfb-4343-9004-9be15dfd844c,a2607ee7-4260-4da8-96e8-ba26187e8a6b,423f3e96-bce7-4f2b-b4f3-d568dca769a5,->,12acfc45-bdfb-4343-9004-9be15dfd844c,server/model/players/Client.java,getDH
12acfc45-bdfb-4343-9004-9be15dfd844c,a2607ee7-4260-4da8-96e8-ba26187e8a6b,423f3e96-bce7-4f2b-b4f3-d568dca769a5,->,12acfc45-bdfb-4343-9004-9be15dfd844c,5419d182-c704-4099-be43-be6d27b13974,1ed32f44-0391-413d-9721-7a5bd2e25693
12acfc45-bdfb-4343-9004-9be15dfd844c,a2607ee7-4260-4da8-96e8-ba26187e8a6b,423f3e96-bce7-4f2b-b4f3-d568dca769a5,->,12acfc45-bdfb-4343-9004-9be15dfd844c,server/model/players/Client.java,getDH
12acfc45-bdfb-4343-9004-9be15dfd844c,a2607ee7-4260-4da8-96e8-ba26187e8a6b,423f3e96-bce7-4f2b-b4f3-d568dca769a5,->,12acfc45-bdfb-4343-9004-9be15dfd844c,5419d182-c704-4099-be43-be6d27b13974,1ed32f44-0391-413d-9721-7a5bd2e25693
12acfc45-bdfb-4343-9004-9be15dfd844c,a2607ee7-4260-4da8-96e8-ba26187e8a6b,423f3e96-bce7-4f2b-b4f3-d568dca769a5,->,12acfc45-bdfb-4343-9004-9be15dfd844c,server/model/players/Client.java,getDH
12acfc45-bdfb-4343-9004-9be15dfd844c,a2607ee7-4260-4da8-96e8-ba26187e8a6b,423f3e96-bce7-4f2b-b4f3-d568dca769a5,->,12acfc45-bdfb-4343-9004-9be15dfd844c,5419d182-c704-4099-be43-be6d27b13974,1ed32f44-0391-413d-9721-7a5bd2e25693
12acfc45-bdfb-4343-9004-9be15dfd844c,a2607ee7-4260-4da8-96e8-ba26187e8a6b,423f3e96-bce7-4f2b-b4f3-d568dca769a5,->,12acfc45-bdfb-4343-9004-9be15dfd844c,server/model/players/Client.java,getDH
12acfc45-bdfb-4343-9004-9be15dfd844c,a2607ee7-4260-4da8-96e8-ba26187e8a6b,423f3e96-bce7-4f2b-b4f3-d568dca769a5,->,12acfc45-bdfb-4343-9004-9be15dfd844c,5419d182-c704-4099-be43-be6d27b13974,1ed32f44-0391-413d-9721-7a5bd2e25693
12acfc45-bdfb-4343-9004-9be15dfd844c,a2607ee7-4260-4da8-96e8-ba26187e8a6b,423f3e96-bce7-4f2b-b4f3-d568dca769a5,->,12acfc45-bdfb-4343-9004-9be15dfd844c,server/model/players/Client.java,getPA
12acfc45-bdfb-4343-9004-9be15dfd844c,a2607ee7-4260-4da8-96e8-ba26187e8a6b,423f3e96-bce7-4f2b-b4f3-d568dca769a5,->,12acfc45-bdfb-4343-9004-9be15dfd844c,991eb2a8-284a-4290-ae08-f54cf8834706,c92a2d90-1bdb-4dce-9e99-abbe1893ccbd
12acfc45-bdfb-4343-9004-9be15dfd844c,a2607ee7-4260-4da8-96e8-ba26187e8a6b,423f3e96-bce7-4f2b-b4f3-d568dca769a5,->,12acfc45-bdfb-4343-9004-9be15dfd844c,server/model/players/Client.java,getDH
12acfc45-bdfb-4343-9004-9be15dfd844c,a2607ee7-4260-4da8-96e8-ba26187e8a6b,423f3e96-bce7-4f2b-b4f3-d568dca769a5,->,12acfc45-bdfb-4343-9004-9be15dfd844c,5419d182-c704-4099-be43-be6d27b13974,1ed32f44-0391-413d-9721-7a5bd2e25693
12acfc45-bdfb-4343-9004-9be15dfd844c,a2607ee7-4260-4da8-96e8-ba26187e8a6b,423f3e96-bce7-4f2b-b4f3-d568dca769a5,->,12acfc45-bdfb-4343-9004-9be15dfd844c,server/model/players/Client.java,getDH
12acfc45-bdfb-4343-9004-9be15dfd844c,a2607ee7-4260-4da8-96e8-ba26187e8a6b,423f3e96-bce7-4f2b-b4f3-d568dca769a5,->,12acfc45-bdfb-4343-9004-9be15dfd844c,5419d182-c704-4099-be43-be6d27b13974,1ed32f44-0391-413d-9721-7a5bd2e25693
12acfc45-bdfb-4343-9004-9be15dfd844c,a2607ee7-4260-4da8-96e8-ba26187e8a6b,423f3e96-bce7-4f2b-b4f3-d568dca769a5,->,12acfc45-bdfb-4343-9004-9be15dfd844c,server/model/players/Client.java,getDH
12acfc45-bdfb-4343-9004-9be15dfd844c,a2607ee7-4260-4da8-96e8-ba26187e8a6b,423f3e96-bce7-4f2b-b4f3-d568dca769a5,->,12acfc45-bdfb-4343-9004-9be15dfd844c,5419d182-c704-4099-be43-be6d27b13974,1ed32f44-0391-413d-9721-7a5bd2e25693
12acfc45-bdfb-4343-9004-9be15dfd844c,a2607ee7-4260-4da8-96e8-ba26187e8a6b,423f3e96-bce7-4f2b-b4f3-d568dca769a5,->,12acfc45-bdfb-4343-9004-9be15dfd844c,server/model/players/Client.java,getDH
12acfc45-bdfb-4343-9004-9be15dfd844c,a2607ee7-4260-4da8-96e8-ba26187e8a6b,423f3e96-bce7-4f2b-b4f3-d568dca769a5,->,12acfc45-bdfb-4343-9004-9be15dfd844c,5419d182-c704-4099-be43-be6d27b13974,1ed32f44-0391-413d-9721-7a5bd2e25693
12acfc45-bdfb-4343-9004-9be15dfd844c,a2607ee7-4260-4da8-96e8-ba26187e8a6b,423f3e96-bce7-4f2b-b4f3-d568dca769a5,->,12acfc45-bdfb-4343-9004-9be15dfd844c,server/model/players/Client.java,getDH
12acfc45-bdfb-4343-9004-9be15dfd844c,a2607ee7-4260-4da8-96e8-ba26187e8a6b,423f3e96-bce7-4f2b-b4f3-d568dca769a5,->,12acfc45-bdfb-4343-9004-9be15dfd844c,5419d182-c704-4099-be43-be6d27b13974,1ed32f44-0391-413d-9721-7a5bd2e25693
12acfc45-bdfb-4343-9004-9be15dfd844c,a2607ee7-4260-4da8-96e8-ba26187e8a6b,423f3e96-bce7-4f2b-b4f3-d568dca769a5,->,12acfc45-bdfb-4343-9004-9be15dfd844c,server/model/players/Client.java,getItems
12acfc45-bdfb-4343-9004-9be15dfd844c,a2607ee7-4260-4da8-96e8-ba26187e8a6b,423f3e96-bce7-4f2b-b4f3-d568dca769a5,->,12acfc45-bdfb-4343-9004-9be15dfd844c,server/model/items/ItemAssistant.java,playerHasItem
12acfc45-bdfb-4343-9004-9be15dfd844c,a2607ee7-4260-4da8-96e8-ba26187e8a6b,423f3e96-bce7-4f2b-b4f3-d568dca769a5,->,12acfc45-bdfb-4343-9004-9be15dfd844c,server/model/players/Client.java,getDH
12acfc45-bdfb-4343-9004-9be15dfd844c,a2607ee7-4260-4da8-96e8-ba26187e8a6b,423f3e96-bce7-4f2b-b4f3-d568dca769a5,->,12acfc45-bdfb-4343-9004-9be15dfd844c,5419d182-c704-4099-be43-be6d27b13974,1ed32f44-0391-413d-9721-7a5bd2e25693
12acfc45-bdfb-4343-9004-9be15dfd844c,a2607ee7-4260-4da8-96e8-ba26187e8a6b,423f3e96-bce7-4f2b-b4f3-d568dca769a5,->,12acfc45-bdfb-4343-9004-9be15dfd844c,server/model/players/Client.java,getDH
12acfc45-bdfb-4343-9004-9be15dfd844c,a2607ee7-4260-4da8-96e8-ba26187e8a6b,423f3e96-bce7-4f2b-b4f3-d568dca769a5,->,12acfc45-bdfb-4343-9004-9be15dfd844c,5419d182-c704-4099-be43-be6d27b13974,1ed32f44-0391-413d-9721-7a5bd2e25693
12acfc45-bdfb-4343-9004-9be15dfd844c,a2607ee7-4260-4da8-96e8-ba26187e8a6b,423f3e96-bce7-4f2b-b4f3-d568dca769a5,->,12acfc45-bdfb-4343-9004-9be15dfd844c,server/model/players/Client.java,getDH
12acfc45-bdfb-4343-9004-9be15dfd844c,a2607ee7-4260-4da8-96e8-ba26187e8a6b,423f3e96-bce7-4f2b-b4f3-d568dca769a5,->,12acfc45-bdfb-4343-9004-9be15dfd844c,5419d182-c704-4099-be43-be6d27b13974,1ed32f44-0391-413d-9721-7a5bd2e25693
12acfc45-bdfb-4343-9004-9be15dfd844c,a2607ee7-4260-4da8-96e8-ba26187e8a6b,423f3e96-bce7-4f2b-b4f3-d568dca769a5,->,12acfc45-bdfb-4343-9004-9be15dfd844c,server/model/players/Client.java,getDH
12acfc45-bdfb-4343-9004-9be15dfd844c,a2607ee7-4260-4da8-96e8-ba26187e8a6b,423f3e96-bce7-4f2b-b4f3-d568dca769a5,->,12acfc45-bdfb-4343-9004-9be15dfd844c,5419d182-c704-4099-be43-be6d27b13974,1ed32f44-0391-413d-9721-7a5bd2e25693
12acfc45-bdfb-4343-9004-9be15dfd844c,a2607ee7-4260-4da8-96e8-ba26187e8a6b,423f3e96-bce7-4f2b-b4f3-d568dca769a5,->,12acfc45-bdfb-4343-9004-9be15dfd844c,server/model/players/Client.java,getDH
12acfc45-bdfb-4343-9004-9be15dfd844c,a2607ee7-4260-4da8-96e8-ba26187e8a6b,423f3e96-bce7-4f2b-b4f3-d568dca769a5,->,12acfc45-bdfb-4343-9004-9be15dfd844c,5419d182-c704-4099-be43-be6d27b13974,1ed32f44-0391-413d-9721-7a5bd2e25693
12acfc45-bdfb-4343-9004-9be15dfd844c,a2607ee7-4260-4da8-96e8-ba26187e8a6b,423f3e96-bce7-4f2b-b4f3-d568dca769a5,->,12acfc45-bdfb-4343-9004-9be15dfd844c,server/model/players/Client.java,getBankPin
12acfc45-bdfb-4343-9004-9be15dfd844c,a2607ee7-4260-4da8-96e8-ba26187e8a6b,423f3e96-bce7-4f2b-b4f3-d568dca769a5,->,12acfc45-bdfb-4343-9004-9be15dfd844c,server/model/players/BankPin.java,bankPinSettings
12acfc45-bdfb-4343-9004-9be15dfd844c,a2607ee7-4260-4da8-96e8-ba26187e8a6b,423f3e96-bce7-4f2b-b4f3-d568dca769a5,->,12acfc45-bdfb-4343-9004-9be15dfd844c,server/model/players/Client.java,getDH
12acfc45-bdfb-4343-9004-9be15dfd844c,a2607ee7-4260-4da8-96e8-ba26187e8a6b,423f3e96-bce7-4f2b-b4f3-d568dca769a5,->,12acfc45-bdfb-4343-9004-9be15dfd844c,5419d182-c704-4099-be43-be6d27b13974,1ed32f44-0391-413d-9721-7a5bd2e25693
12acfc45-bdfb-4343-9004-9be15dfd844c,a2607ee7-4260-4da8-96e8-ba26187e8a6b,423f3e96-bce7-4f2b-b4f3-d568dca769a5,->,12acfc45-bdfb-4343-9004-9be15dfd844c,server/model/players/Client.java,getDH
12acfc45-bdfb-4343-9004-9be15dfd844c,a2607ee7-4260-4da8-96e8-ba26187e8a6b,423f3e96-bce7-4f2b-b4f3-d568dca769a5,->,12acfc45-bdfb-4343-9004-9be15dfd844c,5419d182-c704-4099-be43-be6d27b13974,1ed32f44-0391-413d-9721-7a5bd2e25693
12acfc45-bdfb-4343-9004-9be15dfd844c,a2607ee7-4260-4da8-96e8-ba26187e8a6b,423f3e96-bce7-4f2b-b4f3-d568dca769a5,->,12acfc45-bdfb-4343-9004-9be15dfd844c,server/model/players/Client.java,getDH
12acfc45-bdfb-4343-9004-9be15dfd844c,a2607ee7-4260-4da8-96e8-ba26187e8a6b,423f3e96-bce7-4f2b-b4f3-d568dca769a5,->,12acfc45-bdfb-4343-9004-9be15dfd844c,5419d182-c704-4099-be43-be6d27b13974,1ed32f44-0391-413d-9721-7a5bd2e25693
12acfc45-bdfb-4343-9004-9be15dfd844c,a2607ee7-4260-4da8-96e8-ba26187e8a6b,423f3e96-bce7-4f2b-b4f3-d568dca769a5,->,12acfc45-bdfb-4343-9004-9be15dfd844c,server/model/players/Client.java,getDH
12acfc45-bdfb-4343-9004-9be15dfd844c,a2607ee7-4260-4da8-96e8-ba26187e8a6b,423f3e96-bce7-4f2b-b4f3-d568dca769a5,->,12acfc45-bdfb-4343-9004-9be15dfd844c,5419d182-c704-4099-be43-be6d27b13974,1ed32f44-0391-413d-9721-7a5bd2e25693
12acfc45-bdfb-4343-9004-9be15dfd844c,a2607ee7-4260-4da8-96e8-ba26187e8a6b,423f3e96-bce7-4f2b-b4f3-d568dca769a5,->,12acfc45-bdfb-4343-9004-9be15dfd844c,server/model/players/Client.java,getDH
12acfc45-bdfb-4343-9004-9be15dfd844c,a2607ee7-4260-4da8-96e8-ba26187e8a6b,423f3e96-bce7-4f2b-b4f3-d568dca769a5,->,12acfc45-bdfb-4343-9004-9be15dfd844c,5419d182-c704-4099-be43-be6d27b13974,1ed32f44-0391-413d-9721-7a5bd2e25693
12acfc45-bdfb-4343-9004-9be15dfd844c,a2607ee7-4260-4da8-96e8-ba26187e8a6b,423f3e96-bce7-4f2b-b4f3-d568dca769a5,->,12acfc45-bdfb-4343-9004-9be15dfd844c,server/model/players/Client.java,getDH
12acfc45-bdfb-4343-9004-9be15dfd844c,a2607ee7-4260-4da8-96e8-ba26187e8a6b,423f3e96-bce7-4f2b-b4f3-d568dca769a5,->,12acfc45-bdfb-4343-9004-9be15dfd844c,5419d182-c704-4099-be43-be6d27b13974,1ed32f44-0391-413d-9721-7a5bd2e25693
12acfc45-bdfb-4343-9004-9be15dfd844c,a2607ee7-4260-4da8-96e8-ba26187e8a6b,423f3e96-bce7-4f2b-b4f3-d568dca769a5,->,12acfc45-bdfb-4343-9004-9be15dfd844c,server/model/players/Client.java,getDH
12acfc45-bdfb-4343-9004-9be15dfd844c,a2607ee7-4260-4da8-96e8-ba26187e8a6b,423f3e96-bce7-4f2b-b4f3-d568dca769a5,->,12acfc45-bdfb-4343-9004-9be15dfd844c,5419d182-c704-4099-be43-be6d27b13974,1ed32f44-0391-413d-9721-7a5bd2e25693
12acfc45-bdfb-4343-9004-9be15dfd844c,a2607ee7-4260-4da8-96e8-ba26187e8a6b,423f3e96-bce7-4f2b-b4f3-d568dca769a5,->,12acfc45-bdfb-4343-9004-9be15dfd844c,server/model/players/Client.java,getPA
12acfc45-bdfb-4343-9004-9be15dfd844c,a2607ee7-4260-4da8-96e8-ba26187e8a6b,423f3e96-bce7-4f2b-b4f3-d568dca769a5,->,12acfc45-bdfb-4343-9004-9be15dfd844c,991eb2a8-284a-4290-ae08-f54cf8834706,1f7845fa-db07-4b23-bcc9-ed7fd4f9ca8b
12acfc45-bdfb-4343-9004-9be15dfd844c,a2607ee7-4260-4da8-96e8-ba26187e8a6b,423f3e96-bce7-4f2b-b4f3-d568dca769a5,->,12acfc45-bdfb-4343-9004-9be15dfd844c,server/model/players/Client.java,getPA
12acfc45-bdfb-4343-9004-9be15dfd844c,a2607ee7-4260-4da8-96e8-ba26187e8a6b,423f3e96-bce7-4f2b-b4f3-d568dca769a5,->,12acfc45-bdfb-4343-9004-9be15dfd844c,991eb2a8-284a-4290-ae08-f54cf8834706,1f7845fa-db07-4b23-bcc9-ed7fd4f9ca8b
12acfc45-bdfb-4343-9004-9be15dfd844c,a2607ee7-4260-4da8-96e8-ba26187e8a6b,423f3e96-bce7-4f2b-b4f3-d568dca769a5,->,12acfc45-bdfb-4343-9004-9be15dfd844c,server/model/players/Client.java,getDH
12acfc45-bdfb-4343-9004-9be15dfd844c,a2607ee7-4260-4da8-96e8-ba26187e8a6b,423f3e96-bce7-4f2b-b4f3-d568dca769a5,->,12acfc45-bdfb-4343-9004-9be15dfd844c,5419d182-c704-4099-be43-be6d27b13974,1ed32f44-0391-413d-9721-7a5bd2e25693
12acfc45-bdfb-4343-9004-9be15dfd844c,a2607ee7-4260-4da8-96e8-ba26187e8a6b,423f3e96-bce7-4f2b-b4f3-d568dca769a5,->,12acfc45-bdfb-4343-9004-9be15dfd844c,server/model/players/Client.java,getDH
12acfc45-bdfb-4343-9004-9be15dfd844c,a2607ee7-4260-4da8-96e8-ba26187e8a6b,423f3e96-bce7-4f2b-b4f3-d568dca769a5,->,12acfc45-bdfb-4343-9004-9be15dfd844c,5419d182-c704-4099-be43-be6d27b13974,1ed32f44-0391-413d-9721-7a5bd2e25693
12acfc45-bdfb-4343-9004-9be15dfd844c,a2607ee7-4260-4da8-96e8-ba26187e8a6b,423f3e96-bce7-4f2b-b4f3-d568dca769a5,->,12acfc45-bdfb-4343-9004-9be15dfd844c,server/model/players/Client.java,getDH
12acfc45-bdfb-4343-9004-9be15dfd844c,a2607ee7-4260-4da8-96e8-ba26187e8a6b,423f3e96-bce7-4f2b-b4f3-d568dca769a5,->,12acfc45-bdfb-4343-9004-9be15dfd844c,5419d182-c704-4099-be43-be6d27b13974,1ed32f44-0391-413d-9721-7a5bd2e25693
12acfc45-bdfb-4343-9004-9be15dfd844c,a2607ee7-4260-4da8-96e8-ba26187e8a6b,423f3e96-bce7-4f2b-b4f3-d568dca769a5,->,12acfc45-bdfb-4343-9004-9be15dfd844c,server/model/players/Client.java,getDH
12acfc45-bdfb-4343-9004-9be15dfd844c,a2607ee7-4260-4da8-96e8-ba26187e8a6b,423f3e96-bce7-4f2b-b4f3-d568dca769a5,->,12acfc45-bdfb-4343-9004-9be15dfd844c,5419d182-c704-4099-be43-be6d27b13974,1ed32f44-0391-413d-9721-7a5bd2e25693
12acfc45-bdfb-4343-9004-9be15dfd844c,a2607ee7-4260-4da8-96e8-ba26187e8a6b,423f3e96-bce7-4f2b-b4f3-d568dca769a5,->,12acfc45-bdfb-4343-9004-9be15dfd844c,server/model/players/Client.java,getDH
12acfc45-bdfb-4343-9004-9be15dfd844c,a2607ee7-4260-4da8-96e8-ba26187e8a6b,423f3e96-bce7-4f2b-b4f3-d568dca769a5,->,12acfc45-bdfb-4343-9004-9be15dfd844c,5419d182-c704-4099-be43-be6d27b13974,1ed32f44-0391-413d-9721-7a5bd2e25693
12acfc45-bdfb-4343-9004-9be15dfd844c,a2607ee7-4260-4da8-96e8-ba26187e8a6b,423f3e96-bce7-4f2b-b4f3-d568dca769a5,->,12acfc45-bdfb-4343-9004-9be15dfd844c,server/model/players/Client.java,getDH
12acfc45-bdfb-4343-9004-9be15dfd844c,a2607ee7-4260-4da8-96e8-ba26187e8a6b,423f3e96-bce7-4f2b-b4f3-d568dca769a5,->,12acfc45-bdfb-4343-9004-9be15dfd844c,5419d182-c704-4099-be43-be6d27b13974,1ed32f44-0391-413d-9721-7a5bd2e25693
12acfc45-bdfb-4343-9004-9be15dfd844c,a2607ee7-4260-4da8-96e8-ba26187e8a6b,423f3e96-bce7-4f2b-b4f3-d568dca769a5,->,12acfc45-bdfb-4343-9004-9be15dfd844c,server/model/players/Client.java,getDH
12acfc45-bdfb-4343-9004-9be15dfd844c,a2607ee7-4260-4da8-96e8-ba26187e8a6b,423f3e96-bce7-4f2b-b4f3-d568dca769a5,->,12acfc45-bdfb-4343-9004-9be15dfd844c,5419d182-c704-4099-be43-be6d27b13974,1ed32f44-0391-413d-9721-7a5bd2e25693
12acfc45-bdfb-4343-9004-9be15dfd844c,a2607ee7-4260-4da8-96e8-ba26187e8a6b,423f3e96-bce7-4f2b-b4f3-d568dca769a5,->,12acfc45-bdfb-4343-9004-9be15dfd844c,server/model/players/Client.java,getDH
12acfc45-bdfb-4343-9004-9be15dfd844c,a2607ee7-4260-4da8-96e8-ba26187e8a6b,423f3e96-bce7-4f2b-b4f3-d568dca769a5,->,12acfc45-bdfb-4343-9004-9be15dfd844c,5419d182-c704-4099-be43-be6d27b13974,1ed32f44-0391-413d-9721-7a5bd2e25693
12acfc45-bdfb-4343-9004-9be15dfd844c,a2607ee7-4260-4da8-96e8-ba26187e8a6b,423f3e96-bce7-4f2b-b4f3-d568dca769a5,->,12acfc45-bdfb-4343-9004-9be15dfd844c,server/model/players/Client.java,getPA
12acfc45-bdfb-4343-9004-9be15dfd844c,a2607ee7-4260-4da8-96e8-ba26187e8a6b,423f3e96-bce7-4f2b-b4f3-d568dca769a5,->,12acfc45-bdfb-4343-9004-9be15dfd844c,991eb2a8-284a-4290-ae08-f54cf8834706,3666955d-52b4-495d-880c-318d6383a5bb
12acfc45-bdfb-4343-9004-9be15dfd844c,a2607ee7-4260-4da8-96e8-ba26187e8a6b,423f3e96-bce7-4f2b-b4f3-d568dca769a5,->,12acfc45-bdfb-4343-9004-9be15dfd844c,server/model/players/Client.java,getDH
12acfc45-bdfb-4343-9004-9be15dfd844c,a2607ee7-4260-4da8-96e8-ba26187e8a6b,423f3e96-bce7-4f2b-b4f3-d568dca769a5,->,12acfc45-bdfb-4343-9004-9be15dfd844c,5419d182-c704-4099-be43-be6d27b13974,1ed32f44-0391-413d-9721-7a5bd2e25693
12acfc45-bdfb-4343-9004-9be15dfd844c,a2607ee7-4260-4da8-96e8-ba26187e8a6b,423f3e96-bce7-4f2b-b4f3-d568dca769a5,->,12acfc45-bdfb-4343-9004-9be15dfd844c,server/model/players/Client.java,getDH
12acfc45-bdfb-4343-9004-9be15dfd844c,a2607ee7-4260-4da8-96e8-ba26187e8a6b,423f3e96-bce7-4f2b-b4f3-d568dca769a5,->,12acfc45-bdfb-4343-9004-9be15dfd844c,5419d182-c704-4099-be43-be6d27b13974,1ed32f44-0391-413d-9721-7a5bd2e25693
12acfc45-bdfb-4343-9004-9be15dfd844c,a2607ee7-4260-4da8-96e8-ba26187e8a6b,423f3e96-bce7-4f2b-b4f3-d568dca769a5,->,12acfc45-bdfb-4343-9004-9be15dfd844c,server/model/players/Client.java,getDH
12acfc45-bdfb-4343-9004-9be15dfd844c,a2607ee7-4260-4da8-96e8-ba26187e8a6b,423f3e96-bce7-4f2b-b4f3-d568dca769a5,->,12acfc45-bdfb-4343-9004-9be15dfd844c,5419d182-c704-4099-be43-be6d27b13974,1ed32f44-0391-413d-9721-7a5bd2e25693
12acfc45-bdfb-4343-9004-9be15dfd844c,a2607ee7-4260-4da8-96e8-ba26187e8a6b,423f3e96-bce7-4f2b-b4f3-d568dca769a5,->,12acfc45-bdfb-4343-9004-9be15dfd844c,server/model/players/Client.java,getPA
12acfc45-bdfb-4343-9004-9be15dfd844c,a2607ee7-4260-4da8-96e8-ba26187e8a6b,423f3e96-bce7-4f2b-b4f3-d568dca769a5,->,12acfc45-bdfb-4343-9004-9be15dfd844c,991eb2a8-284a-4290-ae08-f54cf8834706,452d8556-249c-4673-9009-3472827e9004
12acfc45-bdfb-4343-9004-9be15dfd844c,a2607ee7-4260-4da8-96e8-ba26187e8a6b,423f3e96-bce7-4f2b-b4f3-d568dca769a5,->,12acfc45-bdfb-4343-9004-9be15dfd844c,server/model/players/Client.java,getPA
12acfc45-bdfb-4343-9004-9be15dfd844c,a2607ee7-4260-4da8-96e8-ba26187e8a6b,423f3e96-bce7-4f2b-b4f3-d568dca769a5,->,12acfc45-bdfb-4343-9004-9be15dfd844c,991eb2a8-284a-4290-ae08-f54cf8834706,3666955d-52b4-495d-880c-318d6383a5bb
12acfc45-bdfb-4343-9004-9be15dfd844c,a2607ee7-4260-4da8-96e8-ba26187e8a6b,423f3e96-bce7-4f2b-b4f3-d568dca769a5,->,12acfc45-bdfb-4343-9004-9be15dfd844c,server/model/players/Client.java,getPA
12acfc45-bdfb-4343-9004-9be15dfd844c,a2607ee7-4260-4da8-96e8-ba26187e8a6b,423f3e96-bce7-4f2b-b4f3-d568dca769a5,->,12acfc45-bdfb-4343-9004-9be15dfd844c,991eb2a8-284a-4290-ae08-f54cf8834706,3666955d-52b4-495d-880c-318d6383a5bb
12acfc45-bdfb-4343-9004-9be15dfd844c,a2607ee7-4260-4da8-96e8-ba26187e8a6b,423f3e96-bce7-4f2b-b4f3-d568dca769a5,->,12acfc45-bdfb-4343-9004-9be15dfd844c,server/model/players/Client.java,getDH
12acfc45-bdfb-4343-9004-9be15dfd844c,a2607ee7-4260-4da8-96e8-ba26187e8a6b,423f3e96-bce7-4f2b-b4f3-d568dca769a5,->,12acfc45-bdfb-4343-9004-9be15dfd844c,5419d182-c704-4099-be43-be6d27b13974,1ed32f44-0391-413d-9721-7a5bd2e25693
12acfc45-bdfb-4343-9004-9be15dfd844c,a2607ee7-4260-4da8-96e8-ba26187e8a6b,423f3e96-bce7-4f2b-b4f3-d568dca769a5,->,12acfc45-bdfb-4343-9004-9be15dfd844c,server/model/players/Client.java,getItems
12acfc45-bdfb-4343-9004-9be15dfd844c,a2607ee7-4260-4da8-96e8-ba26187e8a6b,423f3e96-bce7-4f2b-b4f3-d568dca769a5,->,12acfc45-bdfb-4343-9004-9be15dfd844c,server/model/items/ItemAssistant.java,updateSpecialBar
12acfc45-bdfb-4343-9004-9be15dfd844c,a2607ee7-4260-4da8-96e8-ba26187e8a6b,423f3e96-bce7-4f2b-b4f3-d568dca769a5,->,12acfc45-bdfb-4343-9004-9be15dfd844c,server/model/players/Client.java,getItems
12acfc45-bdfb-4343-9004-9be15dfd844c,a2607ee7-4260-4da8-96e8-ba26187e8a6b,423f3e96-bce7-4f2b-b4f3-d568dca769a5,->,12acfc45-bdfb-4343-9004-9be15dfd844c,server/model/items/ItemAssistant.java,updateSpecialBar
12acfc45-bdfb-4343-9004-9be15dfd844c,a2607ee7-4260-4da8-96e8-ba26187e8a6b,423f3e96-bce7-4f2b-b4f3-d568dca769a5,->,12acfc45-bdfb-4343-9004-9be15dfd844c,server/model/players/Client.java,getItems
12acfc45-bdfb-4343-9004-9be15dfd844c,a2607ee7-4260-4da8-96e8-ba26187e8a6b,423f3e96-bce7-4f2b-b4f3-d568dca769a5,->,12acfc45-bdfb-4343-9004-9be15dfd844c,server/model/items/ItemAssistant.java,updateSpecialBar
12acfc45-bdfb-4343-9004-9be15dfd844c,a2607ee7-4260-4da8-96e8-ba26187e8a6b,423f3e96-bce7-4f2b-b4f3-d568dca769a5,->,12acfc45-bdfb-4343-9004-9be15dfd844c,server/model/players/Client.java,getCombat
12acfc45-bdfb-4343-9004-9be15dfd844c,a2607ee7-4260-4da8-96e8-ba26187e8a6b,423f3e96-bce7-4f2b-b4f3-d568dca769a5,->,12acfc45-bdfb-4343-9004-9be15dfd844c,server/model/players/CombatAssistant.java,handleGmaulPlayer
12acfc45-bdfb-4343-9004-9be15dfd844c,a2607ee7-4260-4da8-96e8-ba26187e8a6b,423f3e96-bce7-4f2b-b4f3-d568dca769a5,->,12acfc45-bdfb-4343-9004-9be15dfd844c,server/model/players/Client.java,getItems
12acfc45-bdfb-4343-9004-9be15dfd844c,a2607ee7-4260-4da8-96e8-ba26187e8a6b,423f3e96-bce7-4f2b-b4f3-d568dca769a5,->,12acfc45-bdfb-4343-9004-9be15dfd844c,server/model/items/ItemAssistant.java,updateSpecialBar
12acfc45-bdfb-4343-9004-9be15dfd844c,a2607ee7-4260-4da8-96e8-ba26187e8a6b,423f3e96-bce7-4f2b-b4f3-d568dca769a5,->,12acfc45-bdfb-4343-9004-9be15dfd844c,server/model/players/Client.java,getCombat
12acfc45-bdfb-4343-9004-9be15dfd844c,a2607ee7-4260-4da8-96e8-ba26187e8a6b,423f3e96-bce7-4f2b-b4f3-d568dca769a5,->,12acfc45-bdfb-4343-9004-9be15dfd844c,server/model/players/CombatAssistant.java,checkSpecAmount
12acfc45-bdfb-4343-9004-9be15dfd844c,a2607ee7-4260-4da8-96e8-ba26187e8a6b,423f3e96-bce7-4f2b-b4f3-d568dca769a5,->,12acfc45-bdfb-4343-9004-9be15dfd844c,server/model/players/Client.java,gfx0
12acfc45-bdfb-4343-9004-9be15dfd844c,a2607ee7-4260-4da8-96e8-ba26187e8a6b,423f3e96-bce7-4f2b-b4f3-d568dca769a5,->,12acfc45-bdfb-4343-9004-9be15dfd844c,server/model/players/Client.java,forcedChat
12acfc45-bdfb-4343-9004-9be15dfd844c,a2607ee7-4260-4da8-96e8-ba26187e8a6b,423f3e96-bce7-4f2b-b4f3-d568dca769a5,->,12acfc45-bdfb-4343-9004-9be15dfd844c,server/model/players/Client.java,startAnimation
12acfc45-bdfb-4343-9004-9be15dfd844c,a2607ee7-4260-4da8-96e8-ba26187e8a6b,423f3e96-bce7-4f2b-b4f3-d568dca769a5,->,12acfc45-bdfb-4343-9004-9be15dfd844c,server/model/players/Client.java,getLevelForXP
12acfc45-bdfb-4343-9004-9be15dfd844c,a2607ee7-4260-4da8-96e8-ba26187e8a6b,423f3e96-bce7-4f2b-b4f3-d568dca769a5,->,12acfc45-bdfb-4343-9004-9be15dfd844c,server/model/players/Client.java,getLevelForXP
12acfc45-bdfb-4343-9004-9be15dfd844c,a2607ee7-4260-4da8-96e8-ba26187e8a6b,423f3e96-bce7-4f2b-b4f3-d568dca769a5,->,12acfc45-bdfb-4343-9004-9be15dfd844c,server/model/players/Client.java,getPA
12acfc45-bdfb-4343-9004-9be15dfd844c,a2607ee7-4260-4da8-96e8-ba26187e8a6b,423f3e96-bce7-4f2b-b4f3-d568dca769a5,->,12acfc45-bdfb-4343-9004-9be15dfd844c,991eb2a8-284a-4290-ae08-f54cf8834706,cc581d00-f04e-4278-8aaf-0ecbd93e9b04
12acfc45-bdfb-4343-9004-9be15dfd844c,a2607ee7-4260-4da8-96e8-ba26187e8a6b,423f3e96-bce7-4f2b-b4f3-d568dca769a5,->,12acfc45-bdfb-4343-9004-9be15dfd844c,server/model/players/Client.java,getItems
12acfc45-bdfb-4343-9004-9be15dfd844c,a2607ee7-4260-4da8-96e8-ba26187e8a6b,423f3e96-bce7-4f2b-b4f3-d568dca769a5,->,12acfc45-bdfb-4343-9004-9be15dfd844c,server/model/items/ItemAssistant.java,updateSpecialBar
12acfc45-bdfb-4343-9004-9be15dfd844c,a2607ee7-4260-4da8-96e8-ba26187e8a6b,423f3e96-bce7-4f2b-b4f3-d568dca769a5,->,12acfc45-bdfb-4343-9004-9be15dfd844c,server/model/players/Client.java,sendMessage
12acfc45-bdfb-4343-9004-9be15dfd844c,a2607ee7-4260-4da8-96e8-ba26187e8a6b,423f3e96-bce7-4f2b-b4f3-d568dca769a5,->,12acfc45-bdfb-4343-9004-9be15dfd844c,server/model/players/Client.java,getItems
12acfc45-bdfb-4343-9004-9be15dfd844c,a2607ee7-4260-4da8-96e8-ba26187e8a6b,423f3e96-bce7-4f2b-b4f3-d568dca769a5,->,12acfc45-bdfb-4343-9004-9be15dfd844c,server/model/items/ItemAssistant.java,updateSpecialBar
12acfc45-bdfb-4343-9004-9be15dfd844c,a2607ee7-4260-4da8-96e8-ba26187e8a6b,423f3e96-bce7-4f2b-b4f3-d568dca769a5,->,12acfc45-bdfb-4343-9004-9be15dfd844c,server/model/players/Client.java,getItems
12acfc45-bdfb-4343-9004-9be15dfd844c,a2607ee7-4260-4da8-96e8-ba26187e8a6b,423f3e96-bce7-4f2b-b4f3-d568dca769a5,->,12acfc45-bdfb-4343-9004-9be15dfd844c,server/model/items/ItemAssistant.java,updateSpecialBar
12acfc45-bdfb-4343-9004-9be15dfd844c,a2607ee7-4260-4da8-96e8-ba26187e8a6b,423f3e96-bce7-4f2b-b4f3-d568dca769a5,->,12acfc45-bdfb-4343-9004-9be15dfd844c,server/model/players/Client.java,getItems
12acfc45-bdfb-4343-9004-9be15dfd844c,a2607ee7-4260-4da8-96e8-ba26187e8a6b,423f3e96-bce7-4f2b-b4f3-d568dca769a5,->,12acfc45-bdfb-4343-9004-9be15dfd844c,server/model/items/ItemAssistant.java,updateSpecialBar
12acfc45-bdfb-4343-9004-9be15dfd844c,a2607ee7-4260-4da8-96e8-ba26187e8a6b,423f3e96-bce7-4f2b-b4f3-d568dca769a5,->,12acfc45-bdfb-4343-9004-9be15dfd844c,server/model/players/Client.java,getItems
12acfc45-bdfb-4343-9004-9be15dfd844c,a2607ee7-4260-4da8-96e8-ba26187e8a6b,423f3e96-bce7-4f2b-b4f3-d568dca769a5,->,12acfc45-bdfb-4343-9004-9be15dfd844c,server/model/items/ItemAssistant.java,updateSpecialBar
12acfc45-bdfb-4343-9004-9be15dfd844c,a2607ee7-4260-4da8-96e8-ba26187e8a6b,423f3e96-bce7-4f2b-b4f3-d568dca769a5,->,12acfc45-bdfb-4343-9004-9be15dfd844c,server/model/players/Client.java,getTradeAndDuel
12acfc45-bdfb-4343-9004-9be15dfd844c,a2607ee7-4260-4da8-96e8-ba26187e8a6b,423f3e96-bce7-4f2b-b4f3-d568dca769a5,->,12acfc45-bdfb-4343-9004-9be15dfd844c,server/model/players/TradeAndDuel.java,selectRule
12acfc45-bdfb-4343-9004-9be15dfd844c,a2607ee7-4260-4da8-96e8-ba26187e8a6b,423f3e96-bce7-4f2b-b4f3-d568dca769a5,->,12acfc45-bdfb-4343-9004-9be15dfd844c,server/model/players/Client.java,getTradeAndDuel
12acfc45-bdfb-4343-9004-9be15dfd844c,a2607ee7-4260-4da8-96e8-ba26187e8a6b,423f3e96-bce7-4f2b-b4f3-d568dca769a5,->,12acfc45-bdfb-4343-9004-9be15dfd844c,server/model/players/TradeAndDuel.java,selectRule
12acfc45-bdfb-4343-9004-9be15dfd844c,a2607ee7-4260-4da8-96e8-ba26187e8a6b,423f3e96-bce7-4f2b-b4f3-d568dca769a5,->,12acfc45-bdfb-4343-9004-9be15dfd844c,server/model/players/Client.java,getTradeAndDuel
12acfc45-bdfb-4343-9004-9be15dfd844c,a2607ee7-4260-4da8-96e8-ba26187e8a6b,423f3e96-bce7-4f2b-b4f3-d568dca769a5,->,12acfc45-bdfb-4343-9004-9be15dfd844c,server/model/players/TradeAndDuel.java,selectRule
12acfc45-bdfb-4343-9004-9be15dfd844c,a2607ee7-4260-4da8-96e8-ba26187e8a6b,423f3e96-bce7-4f2b-b4f3-d568dca769a5,->,12acfc45-bdfb-4343-9004-9be15dfd844c,server/model/players/Client.java,getTradeAndDuel
12acfc45-bdfb-4343-9004-9be15dfd844c,a2607ee7-4260-4da8-96e8-ba26187e8a6b,423f3e96-bce7-4f2b-b4f3-d568dca769a5,->,12acfc45-bdfb-4343-9004-9be15dfd844c,server/model/players/TradeAndDuel.java,selectRule
12acfc45-bdfb-4343-9004-9be15dfd844c,a2607ee7-4260-4da8-96e8-ba26187e8a6b,423f3e96-bce7-4f2b-b4f3-d568dca769a5,->,12acfc45-bdfb-4343-9004-9be15dfd844c,server/model/players/Client.java,getTradeAndDuel
12acfc45-bdfb-4343-9004-9be15dfd844c,a2607ee7-4260-4da8-96e8-ba26187e8a6b,423f3e96-bce7-4f2b-b4f3-d568dca769a5,->,12acfc45-bdfb-4343-9004-9be15dfd844c,server/model/players/TradeAndDuel.java,selectRule
12acfc45-bdfb-4343-9004-9be15dfd844c,a2607ee7-4260-4da8-96e8-ba26187e8a6b,423f3e96-bce7-4f2b-b4f3-d568dca769a5,->,12acfc45-bdfb-4343-9004-9be15dfd844c,server/model/players/Client.java,getTradeAndDuel
12acfc45-bdfb-4343-9004-9be15dfd844c,a2607ee7-4260-4da8-96e8-ba26187e8a6b,423f3e96-bce7-4f2b-b4f3-d568dca769a5,->,12acfc45-bdfb-4343-9004-9be15dfd844c,server/model/players/TradeAndDuel.java,selectRule
12acfc45-bdfb-4343-9004-9be15dfd844c,a2607ee7-4260-4da8-96e8-ba26187e8a6b,423f3e96-bce7-4f2b-b4f3-d568dca769a5,->,12acfc45-bdfb-4343-9004-9be15dfd844c,server/model/players/Client.java,getTradeAndDuel
12acfc45-bdfb-4343-9004-9be15dfd844c,a2607ee7-4260-4da8-96e8-ba26187e8a6b,423f3e96-bce7-4f2b-b4f3-d568dca769a5,->,12acfc45-bdfb-4343-9004-9be15dfd844c,server/model/players/TradeAndDuel.java,selectRule
12acfc45-bdfb-4343-9004-9be15dfd844c,a2607ee7-4260-4da8-96e8-ba26187e8a6b,423f3e96-bce7-4f2b-b4f3-d568dca769a5,->,12acfc45-bdfb-4343-9004-9be15dfd844c,server/model/players/Client.java,getTradeAndDuel
12acfc45-bdfb-4343-9004-9be15dfd844c,a2607ee7-4260-4da8-96e8-ba26187e8a6b,423f3e96-bce7-4f2b-b4f3-d568dca769a5,->,12acfc45-bdfb-4343-9004-9be15dfd844c,server/model/players/TradeAndDuel.java,selectRule
12acfc45-bdfb-4343-9004-9be15dfd844c,a2607ee7-4260-4da8-96e8-ba26187e8a6b,423f3e96-bce7-4f2b-b4f3-d568dca769a5,->,12acfc45-bdfb-4343-9004-9be15dfd844c,server/model/players/Client.java,getTradeAndDuel
12acfc45-bdfb-4343-9004-9be15dfd844c,a2607ee7-4260-4da8-96e8-ba26187e8a6b,423f3e96-bce7-4f2b-b4f3-d568dca769a5,->,12acfc45-bdfb-4343-9004-9be15dfd844c,server/model/players/TradeAndDuel.java,selectRule
12acfc45-bdfb-4343-9004-9be15dfd844c,a2607ee7-4260-4da8-96e8-ba26187e8a6b,423f3e96-bce7-4f2b-b4f3-d568dca769a5,->,12acfc45-bdfb-4343-9004-9be15dfd844c,server/model/players/Client.java,getTradeAndDuel
12acfc45-bdfb-4343-9004-9be15dfd844c,a2607ee7-4260-4da8-96e8-ba26187e8a6b,423f3e96-bce7-4f2b-b4f3-d568dca769a5,->,12acfc45-bdfb-4343-9004-9be15dfd844c,server/model/players/TradeAndDuel.java,selectRule
12acfc45-bdfb-4343-9004-9be15dfd844c,a2607ee7-4260-4da8-96e8-ba26187e8a6b,423f3e96-bce7-4f2b-b4f3-d568dca769a5,->,12acfc45-bdfb-4343-9004-9be15dfd844c,server/model/players/Client.java,getTradeAndDuel
12acfc45-bdfb-4343-9004-9be15dfd844c,a2607ee7-4260-4da8-96e8-ba26187e8a6b,423f3e96-bce7-4f2b-b4f3-d568dca769a5,->,12acfc45-bdfb-4343-9004-9be15dfd844c,server/model/players/TradeAndDuel.java,selectRule
12acfc45-bdfb-4343-9004-9be15dfd844c,a2607ee7-4260-4da8-96e8-ba26187e8a6b,423f3e96-bce7-4f2b-b4f3-d568dca769a5,->,12acfc45-bdfb-4343-9004-9be15dfd844c,server/model/players/Client.java,getTradeAndDuel
12acfc45-bdfb-4343-9004-9be15dfd844c,a2607ee7-4260-4da8-96e8-ba26187e8a6b,423f3e96-bce7-4f2b-b4f3-d568dca769a5,->,12acfc45-bdfb-4343-9004-9be15dfd844c,server/model/players/TradeAndDuel.java,selectRule
12acfc45-bdfb-4343-9004-9be15dfd844c,a2607ee7-4260-4da8-96e8-ba26187e8a6b,423f3e96-bce7-4f2b-b4f3-d568dca769a5,->,12acfc45-bdfb-4343-9004-9be15dfd844c,server/model/players/Client.java,getTradeAndDuel
12acfc45-bdfb-4343-9004-9be15dfd844c,a2607ee7-4260-4da8-96e8-ba26187e8a6b,423f3e96-bce7-4f2b-b4f3-d568dca769a5,->,12acfc45-bdfb-4343-9004-9be15dfd844c,server/model/players/TradeAndDuel.java,selectRule
12acfc45-bdfb-4343-9004-9be15dfd844c,a2607ee7-4260-4da8-96e8-ba26187e8a6b,423f3e96-bce7-4f2b-b4f3-d568dca769a5,->,12acfc45-bdfb-4343-9004-9be15dfd844c,server/model/players/Client.java,getTradeAndDuel
12acfc45-bdfb-4343-9004-9be15dfd844c,a2607ee7-4260-4da8-96e8-ba26187e8a6b,423f3e96-bce7-4f2b-b4f3-d568dca769a5,->,12acfc45-bdfb-4343-9004-9be15dfd844c,server/model/players/TradeAndDuel.java,selectRule
12acfc45-bdfb-4343-9004-9be15dfd844c,a2607ee7-4260-4da8-96e8-ba26187e8a6b,423f3e96-bce7-4f2b-b4f3-d568dca769a5,->,12acfc45-bdfb-4343-9004-9be15dfd844c,server/model/players/Client.java,getTradeAndDuel
12acfc45-bdfb-4343-9004-9be15dfd844c,a2607ee7-4260-4da8-96e8-ba26187e8a6b,423f3e96-bce7-4f2b-b4f3-d568dca769a5,->,12acfc45-bdfb-4343-9004-9be15dfd844c,server/model/players/TradeAndDuel.java,selectRule
12acfc45-bdfb-4343-9004-9be15dfd844c,a2607ee7-4260-4da8-96e8-ba26187e8a6b,423f3e96-bce7-4f2b-b4f3-d568dca769a5,->,12acfc45-bdfb-4343-9004-9be15dfd844c,server/model/players/Client.java,getTradeAndDuel
12acfc45-bdfb-4343-9004-9be15dfd844c,a2607ee7-4260-4da8-96e8-ba26187e8a6b,423f3e96-bce7-4f2b-b4f3-d568dca769a5,->,12acfc45-bdfb-4343-9004-9be15dfd844c,server/model/players/TradeAndDuel.java,selectRule
12acfc45-bdfb-4343-9004-9be15dfd844c,a2607ee7-4260-4da8-96e8-ba26187e8a6b,423f3e96-bce7-4f2b-b4f3-d568dca769a5,->,12acfc45-bdfb-4343-9004-9be15dfd844c,server/model/players/Client.java,getTradeAndDuel
12acfc45-bdfb-4343-9004-9be15dfd844c,a2607ee7-4260-4da8-96e8-ba26187e8a6b,423f3e96-bce7-4f2b-b4f3-d568dca769a5,->,12acfc45-bdfb-4343-9004-9be15dfd844c,server/model/players/TradeAndDuel.java,selectRule
12acfc45-bdfb-4343-9004-9be15dfd844c,a2607ee7-4260-4da8-96e8-ba26187e8a6b,423f3e96-bce7-4f2b-b4f3-d568dca769a5,->,12acfc45-bdfb-4343-9004-9be15dfd844c,server/model/players/Client.java,getTradeAndDuel
12acfc45-bdfb-4343-9004-9be15dfd844c,a2607ee7-4260-4da8-96e8-ba26187e8a6b,423f3e96-bce7-4f2b-b4f3-d568dca769a5,->,12acfc45-bdfb-4343-9004-9be15dfd844c,server/model/players/TradeAndDuel.java,selectRule
12acfc45-bdfb-4343-9004-9be15dfd844c,a2607ee7-4260-4da8-96e8-ba26187e8a6b,423f3e96-bce7-4f2b-b4f3-d568dca769a5,->,12acfc45-bdfb-4343-9004-9be15dfd844c,server/model/players/Client.java,getTradeAndDuel
12acfc45-bdfb-4343-9004-9be15dfd844c,a2607ee7-4260-4da8-96e8-ba26187e8a6b,423f3e96-bce7-4f2b-b4f3-d568dca769a5,->,12acfc45-bdfb-4343-9004-9be15dfd844c,server/model/players/TradeAndDuel.java,selectRule
12acfc45-bdfb-4343-9004-9be15dfd844c,a2607ee7-4260-4da8-96e8-ba26187e8a6b,423f3e96-bce7-4f2b-b4f3-d568dca769a5,->,12acfc45-bdfb-4343-9004-9be15dfd844c,server/model/players/Client.java,getTradeAndDuel
12acfc45-bdfb-4343-9004-9be15dfd844c,a2607ee7-4260-4da8-96e8-ba26187e8a6b,423f3e96-bce7-4f2b-b4f3-d568dca769a5,->,12acfc45-bdfb-4343-9004-9be15dfd844c,server/model/players/TradeAndDuel.java,selectRule
12acfc45-bdfb-4343-9004-9be15dfd844c,a2607ee7-4260-4da8-96e8-ba26187e8a6b,423f3e96-bce7-4f2b-b4f3-d568dca769a5,->,12acfc45-bdfb-4343-9004-9be15dfd844c,server/model/players/Client.java,getTradeAndDuel
12acfc45-bdfb-4343-9004-9be15dfd844c,a2607ee7-4260-4da8-96e8-ba26187e8a6b,423f3e96-bce7-4f2b-b4f3-d568dca769a5,->,12acfc45-bdfb-4343-9004-9be15dfd844c,server/model/players/TradeAndDuel.java,selectRule
12acfc45-bdfb-4343-9004-9be15dfd844c,a2607ee7-4260-4da8-96e8-ba26187e8a6b,423f3e96-bce7-4f2b-b4f3-d568dca769a5,->,12acfc45-bdfb-4343-9004-9be15dfd844c,server/model/players/Client.java,getTradeAndDuel
12acfc45-bdfb-4343-9004-9be15dfd844c,a2607ee7-4260-4da8-96e8-ba26187e8a6b,423f3e96-bce7-4f2b-b4f3-d568dca769a5,->,12acfc45-bdfb-4343-9004-9be15dfd844c,server/model/players/TradeAndDuel.java,selectRule
12acfc45-bdfb-4343-9004-9be15dfd844c,a2607ee7-4260-4da8-96e8-ba26187e8a6b,423f3e96-bce7-4f2b-b4f3-d568dca769a5,->,12acfc45-bdfb-4343-9004-9be15dfd844c,server/model/players/Client.java,inDuelArena
12acfc45-bdfb-4343-9004-9be15dfd844c,a2607ee7-4260-4da8-96e8-ba26187e8a6b,423f3e96-bce7-4f2b-b4f3-d568dca769a5,->,12acfc45-bdfb-4343-9004-9be15dfd844c,server/model/players/Client.java,getTradeAndDuel
12acfc45-bdfb-4343-9004-9be15dfd844c,a2607ee7-4260-4da8-96e8-ba26187e8a6b,423f3e96-bce7-4f2b-b4f3-d568dca769a5,->,12acfc45-bdfb-4343-9004-9be15dfd844c,server/model/players/TradeAndDuel.java,declineDuel
12acfc45-bdfb-4343-9004-9be15dfd844c,a2607ee7-4260-4da8-96e8-ba26187e8a6b,423f3e96-bce7-4f2b-b4f3-d568dca769a5,->,12acfc45-bdfb-4343-9004-9be15dfd844c,server/model/players/Client.java,getTradeAndDuel
12acfc45-bdfb-4343-9004-9be15dfd844c,a2607ee7-4260-4da8-96e8-ba26187e8a6b,423f3e96-bce7-4f2b-b4f3-d568dca769a5,->,12acfc45-bdfb-4343-9004-9be15dfd844c,server/model/players/TradeAndDuel.java,declineDuel
12acfc45-bdfb-4343-9004-9be15dfd844c,a2607ee7-4260-4da8-96e8-ba26187e8a6b,423f3e96-bce7-4f2b-b4f3-d568dca769a5,->,12acfc45-bdfb-4343-9004-9be15dfd844c,server/model/players/Client.java,sendMessage
12acfc45-bdfb-4343-9004-9be15dfd844c,a2607ee7-4260-4da8-96e8-ba26187e8a6b,423f3e96-bce7-4f2b-b4f3-d568dca769a5,->,12acfc45-bdfb-4343-9004-9be15dfd844c,server/model/players/Client.java,getPA
12acfc45-bdfb-4343-9004-9be15dfd844c,a2607ee7-4260-4da8-96e8-ba26187e8a6b,423f3e96-bce7-4f2b-b4f3-d568dca769a5,->,12acfc45-bdfb-4343-9004-9be15dfd844c,991eb2a8-284a-4290-ae08-f54cf8834706,609517a1-3a8b-4bd9-8623-3cae47c33a17
12acfc45-bdfb-4343-9004-9be15dfd844c,a2607ee7-4260-4da8-96e8-ba26187e8a6b,423f3e96-bce7-4f2b-b4f3-d568dca769a5,->,12acfc45-bdfb-4343-9004-9be15dfd844c,server/model/players/Client.java,getPA
12acfc45-bdfb-4343-9004-9be15dfd844c,a2607ee7-4260-4da8-96e8-ba26187e8a6b,423f3e96-bce7-4f2b-b4f3-d568dca769a5,->,12acfc45-bdfb-4343-9004-9be15dfd844c,991eb2a8-284a-4290-ae08-f54cf8834706,609517a1-3a8b-4bd9-8623-3cae47c33a17
12acfc45-bdfb-4343-9004-9be15dfd844c,a2607ee7-4260-4da8-96e8-ba26187e8a6b,423f3e96-bce7-4f2b-b4f3-d568dca769a5,->,12acfc45-bdfb-4343-9004-9be15dfd844c,server/model/players/Client.java,getPA
12acfc45-bdfb-4343-9004-9be15dfd844c,a2607ee7-4260-4da8-96e8-ba26187e8a6b,423f3e96-bce7-4f2b-b4f3-d568dca769a5,->,12acfc45-bdfb-4343-9004-9be15dfd844c,991eb2a8-284a-4290-ae08-f54cf8834706,609517a1-3a8b-4bd9-8623-3cae47c33a17
12acfc45-bdfb-4343-9004-9be15dfd844c,a2607ee7-4260-4da8-96e8-ba26187e8a6b,423f3e96-bce7-4f2b-b4f3-d568dca769a5,->,12acfc45-bdfb-4343-9004-9be15dfd844c,server/model/players/Client.java,getPA
12acfc45-bdfb-4343-9004-9be15dfd844c,a2607ee7-4260-4da8-96e8-ba26187e8a6b,423f3e96-bce7-4f2b-b4f3-d568dca769a5,->,12acfc45-bdfb-4343-9004-9be15dfd844c,991eb2a8-284a-4290-ae08-f54cf8834706,609517a1-3a8b-4bd9-8623-3cae47c33a17
12acfc45-bdfb-4343-9004-9be15dfd844c,a2607ee7-4260-4da8-96e8-ba26187e8a6b,423f3e96-bce7-4f2b-b4f3-d568dca769a5,->,12acfc45-bdfb-4343-9004-9be15dfd844c,server/model/players/Client.java,getTradeAndDuel
12acfc45-bdfb-4343-9004-9be15dfd844c,a2607ee7-4260-4da8-96e8-ba26187e8a6b,423f3e96-bce7-4f2b-b4f3-d568dca769a5,->,12acfc45-bdfb-4343-9004-9be15dfd844c,server/model/players/TradeAndDuel.java,confirmDuel
12acfc45-bdfb-4343-9004-9be15dfd844c,a2607ee7-4260-4da8-96e8-ba26187e8a6b,423f3e96-bce7-4f2b-b4f3-d568dca769a5,->,12acfc45-bdfb-4343-9004-9be15dfd844c,server/model/players/Client.java,getTradeAndDuel
12acfc45-bdfb-4343-9004-9be15dfd844c,a2607ee7-4260-4da8-96e8-ba26187e8a6b,423f3e96-bce7-4f2b-b4f3-d568dca769a5,->,12acfc45-bdfb-4343-9004-9be15dfd844c,server/model/players/TradeAndDuel.java,confirmDuel
12acfc45-bdfb-4343-9004-9be15dfd844c,a2607ee7-4260-4da8-96e8-ba26187e8a6b,423f3e96-bce7-4f2b-b4f3-d568dca769a5,->,12acfc45-bdfb-4343-9004-9be15dfd844c,server/model/players/Client.java,getTradeAndDuel
12acfc45-bdfb-4343-9004-9be15dfd844c,a2607ee7-4260-4da8-96e8-ba26187e8a6b,423f3e96-bce7-4f2b-b4f3-d568dca769a5,->,12acfc45-bdfb-4343-9004-9be15dfd844c,server/model/players/TradeAndDuel.java,declineDuel
12acfc45-bdfb-4343-9004-9be15dfd844c,a2607ee7-4260-4da8-96e8-ba26187e8a6b,423f3e96-bce7-4f2b-b4f3-d568dca769a5,->,12acfc45-bdfb-4343-9004-9be15dfd844c,server/model/players/Client.java,getTradeAndDuel
12acfc45-bdfb-4343-9004-9be15dfd844c,a2607ee7-4260-4da8-96e8-ba26187e8a6b,423f3e96-bce7-4f2b-b4f3-d568dca769a5,->,12acfc45-bdfb-4343-9004-9be15dfd844c,server/model/players/TradeAndDuel.java,declineDuel
12acfc45-bdfb-4343-9004-9be15dfd844c,a2607ee7-4260-4da8-96e8-ba26187e8a6b,423f3e96-bce7-4f2b-b4f3-d568dca769a5,->,12acfc45-bdfb-4343-9004-9be15dfd844c,server/model/players/Client.java,sendMessage
12acfc45-bdfb-4343-9004-9be15dfd844c,a2607ee7-4260-4da8-96e8-ba26187e8a6b,423f3e96-bce7-4f2b-b4f3-d568dca769a5,->,12acfc45-bdfb-4343-9004-9be15dfd844c,server/model/players/Client.java,inDuelArena
12acfc45-bdfb-4343-9004-9be15dfd844c,a2607ee7-4260-4da8-96e8-ba26187e8a6b,423f3e96-bce7-4f2b-b4f3-d568dca769a5,->,12acfc45-bdfb-4343-9004-9be15dfd844c,server/model/players/Client.java,getTradeAndDuel
12acfc45-bdfb-4343-9004-9be15dfd844c,a2607ee7-4260-4da8-96e8-ba26187e8a6b,423f3e96-bce7-4f2b-b4f3-d568dca769a5,->,12acfc45-bdfb-4343-9004-9be15dfd844c,server/model/players/TradeAndDuel.java,declineDuel
12acfc45-bdfb-4343-9004-9be15dfd844c,a2607ee7-4260-4da8-96e8-ba26187e8a6b,423f3e96-bce7-4f2b-b4f3-d568dca769a5,->,12acfc45-bdfb-4343-9004-9be15dfd844c,server/model/players/Client.java,getTradeAndDuel
12acfc45-bdfb-4343-9004-9be15dfd844c,a2607ee7-4260-4da8-96e8-ba26187e8a6b,423f3e96-bce7-4f2b-b4f3-d568dca769a5,->,12acfc45-bdfb-4343-9004-9be15dfd844c,server/model/players/TradeAndDuel.java,startDuel
12acfc45-bdfb-4343-9004-9be15dfd844c,a2607ee7-4260-4da8-96e8-ba26187e8a6b,423f3e96-bce7-4f2b-b4f3-d568dca769a5,->,12acfc45-bdfb-4343-9004-9be15dfd844c,server/model/players/Client.java,getTradeAndDuel
12acfc45-bdfb-4343-9004-9be15dfd844c,a2607ee7-4260-4da8-96e8-ba26187e8a6b,423f3e96-bce7-4f2b-b4f3-d568dca769a5,->,12acfc45-bdfb-4343-9004-9be15dfd844c,server/model/players/TradeAndDuel.java,startDuel
12acfc45-bdfb-4343-9004-9be15dfd844c,a2607ee7-4260-4da8-96e8-ba26187e8a6b,423f3e96-bce7-4f2b-b4f3-d568dca769a5,->,12acfc45-bdfb-4343-9004-9be15dfd844c,java/lang/System.java,currentTimeMillis
12acfc45-bdfb-4343-9004-9be15dfd844c,a2607ee7-4260-4da8-96e8-ba26187e8a6b,423f3e96-bce7-4f2b-b4f3-d568dca769a5,->,12acfc45-bdfb-4343-9004-9be15dfd844c,java/lang/System.java,currentTimeMillis
12acfc45-bdfb-4343-9004-9be15dfd844c,a2607ee7-4260-4da8-96e8-ba26187e8a6b,423f3e96-bce7-4f2b-b4f3-d568dca769a5,->,12acfc45-bdfb-4343-9004-9be15dfd844c,server/model/players/Client.java,getPA
12acfc45-bdfb-4343-9004-9be15dfd844c,a2607ee7-4260-4da8-96e8-ba26187e8a6b,423f3e96-bce7-4f2b-b4f3-d568dca769a5,->,12acfc45-bdfb-4343-9004-9be15dfd844c,991eb2a8-284a-4290-ae08-f54cf8834706,609517a1-3a8b-4bd9-8623-3cae47c33a17
12acfc45-bdfb-4343-9004-9be15dfd844c,a2607ee7-4260-4da8-96e8-ba26187e8a6b,423f3e96-bce7-4f2b-b4f3-d568dca769a5,->,12acfc45-bdfb-4343-9004-9be15dfd844c,server/model/players/Client.java,getPA
12acfc45-bdfb-4343-9004-9be15dfd844c,a2607ee7-4260-4da8-96e8-ba26187e8a6b,423f3e96-bce7-4f2b-b4f3-d568dca769a5,->,12acfc45-bdfb-4343-9004-9be15dfd844c,991eb2a8-284a-4290-ae08-f54cf8834706,609517a1-3a8b-4bd9-8623-3cae47c33a17
12acfc45-bdfb-4343-9004-9be15dfd844c,a2607ee7-4260-4da8-96e8-ba26187e8a6b,423f3e96-bce7-4f2b-b4f3-d568dca769a5,->,12acfc45-bdfb-4343-9004-9be15dfd844c,server/model/players/Client.java,getTradeAndDuel
12acfc45-bdfb-4343-9004-9be15dfd844c,a2607ee7-4260-4da8-96e8-ba26187e8a6b,423f3e96-bce7-4f2b-b4f3-d568dca769a5,->,12acfc45-bdfb-4343-9004-9be15dfd844c,server/model/players/TradeAndDuel.java,declineDuel
12acfc45-bdfb-4343-9004-9be15dfd844c,a2607ee7-4260-4da8-96e8-ba26187e8a6b,423f3e96-bce7-4f2b-b4f3-d568dca769a5,->,12acfc45-bdfb-4343-9004-9be15dfd844c,server/model/players/Client.java,getTradeAndDuel
12acfc45-bdfb-4343-9004-9be15dfd844c,a2607ee7-4260-4da8-96e8-ba26187e8a6b,423f3e96-bce7-4f2b-b4f3-d568dca769a5,->,12acfc45-bdfb-4343-9004-9be15dfd844c,server/model/players/TradeAndDuel.java,declineDuel
12acfc45-bdfb-4343-9004-9be15dfd844c,a2607ee7-4260-4da8-96e8-ba26187e8a6b,423f3e96-bce7-4f2b-b4f3-d568dca769a5,->,12acfc45-bdfb-4343-9004-9be15dfd844c,server/model/players/Client.java,sendMessage
12acfc45-bdfb-4343-9004-9be15dfd844c,a2607ee7-4260-4da8-96e8-ba26187e8a6b,423f3e96-bce7-4f2b-b4f3-d568dca769a5,->,12acfc45-bdfb-4343-9004-9be15dfd844c,server/model/players/Client.java,getCombat
12acfc45-bdfb-4343-9004-9be15dfd844c,a2607ee7-4260-4da8-96e8-ba26187e8a6b,423f3e96-bce7-4f2b-b4f3-d568dca769a5,->,12acfc45-bdfb-4343-9004-9be15dfd844c,server/model/players/CombatAssistant.java,checkMagicReqs
12acfc45-bdfb-4343-9004-9be15dfd844c,a2607ee7-4260-4da8-96e8-ba26187e8a6b,423f3e96-bce7-4f2b-b4f3-d568dca769a5,->,12acfc45-bdfb-4343-9004-9be15dfd844c,java/lang/System.java,currentTimeMillis
12acfc45-bdfb-4343-9004-9be15dfd844c,a2607ee7-4260-4da8-96e8-ba26187e8a6b,423f3e96-bce7-4f2b-b4f3-d568dca769a5,->,12acfc45-bdfb-4343-9004-9be15dfd844c,server/model/players/Client.java,sendMessage
12acfc45-bdfb-4343-9004-9be15dfd844c,a2607ee7-4260-4da8-96e8-ba26187e8a6b,423f3e96-bce7-4f2b-b4f3-d568dca769a5,->,12acfc45-bdfb-4343-9004-9be15dfd844c,java/lang/System.java,currentTimeMillis
12acfc45-bdfb-4343-9004-9be15dfd844c,a2607ee7-4260-4da8-96e8-ba26187e8a6b,423f3e96-bce7-4f2b-b4f3-d568dca769a5,->,12acfc45-bdfb-4343-9004-9be15dfd844c,server/model/players/Client.java,sendMessage
12acfc45-bdfb-4343-9004-9be15dfd844c,a2607ee7-4260-4da8-96e8-ba26187e8a6b,423f3e96-bce7-4f2b-b4f3-d568dca769a5,->,12acfc45-bdfb-4343-9004-9be15dfd844c,server/model/players/Client.java,gfx100
12acfc45-bdfb-4343-9004-9be15dfd844c,a2607ee7-4260-4da8-96e8-ba26187e8a6b,423f3e96-bce7-4f2b-b4f3-d568dca769a5,->,12acfc45-bdfb-4343-9004-9be15dfd844c,server/model/players/Client.java,startAnimation
12acfc45-bdfb-4343-9004-9be15dfd844c,a2607ee7-4260-4da8-96e8-ba26187e8a6b,423f3e96-bce7-4f2b-b4f3-d568dca769a5,->,12acfc45-bdfb-4343-9004-9be15dfd844c,server/model/players/Client.java,getPA
12acfc45-bdfb-4343-9004-9be15dfd844c,a2607ee7-4260-4da8-96e8-ba26187e8a6b,423f3e96-bce7-4f2b-b4f3-d568dca769a5,->,12acfc45-bdfb-4343-9004-9be15dfd844c,991eb2a8-284a-4290-ae08-f54cf8834706,a42fbaf6-b891-4c83-82d8-8774dabec564
12acfc45-bdfb-4343-9004-9be15dfd844c,a2607ee7-4260-4da8-96e8-ba26187e8a6b,423f3e96-bce7-4f2b-b4f3-d568dca769a5,->,12acfc45-bdfb-4343-9004-9be15dfd844c,server/model/players/Client.java,getPA
12acfc45-bdfb-4343-9004-9be15dfd844c,a2607ee7-4260-4da8-96e8-ba26187e8a6b,423f3e96-bce7-4f2b-b4f3-d568dca769a5,->,12acfc45-bdfb-4343-9004-9be15dfd844c,991eb2a8-284a-4290-ae08-f54cf8834706,27bd7aec-abd0-4844-9935-efefbf7019b2
12acfc45-bdfb-4343-9004-9be15dfd844c,a2607ee7-4260-4da8-96e8-ba26187e8a6b,423f3e96-bce7-4f2b-b4f3-d568dca769a5,->,12acfc45-bdfb-4343-9004-9be15dfd844c,server/model/players/Client.java,logout
12acfc45-bdfb-4343-9004-9be15dfd844c,a2607ee7-4260-4da8-96e8-ba26187e8a6b,423f3e96-bce7-4f2b-b4f3-d568dca769a5,->,12acfc45-bdfb-4343-9004-9be15dfd844c,server/model/players/Client.java,getPA
12acfc45-bdfb-4343-9004-9be15dfd844c,a2607ee7-4260-4da8-96e8-ba26187e8a6b,423f3e96-bce7-4f2b-b4f3-d568dca769a5,->,12acfc45-bdfb-4343-9004-9be15dfd844c,991eb2a8-284a-4290-ae08-f54cf8834706,ac5a52b5-7320-44a0-9233-853148386f14
12acfc45-bdfb-4343-9004-9be15dfd844c,a2607ee7-4260-4da8-96e8-ba26187e8a6b,423f3e96-bce7-4f2b-b4f3-d568dca769a5,->,12acfc45-bdfb-4343-9004-9be15dfd844c,server/model/players/Client.java,getItems
12acfc45-bdfb-4343-9004-9be15dfd844c,a2607ee7-4260-4da8-96e8-ba26187e8a6b,423f3e96-bce7-4f2b-b4f3-d568dca769a5,->,12acfc45-bdfb-4343-9004-9be15dfd844c,server/model/items/ItemAssistant.java,playerHasItem
12acfc45-bdfb-4343-9004-9be15dfd844c,a2607ee7-4260-4da8-96e8-ba26187e8a6b,423f3e96-bce7-4f2b-b4f3-d568dca769a5,->,12acfc45-bdfb-4343-9004-9be15dfd844c,server/model/players/Client.java,getItems
12acfc45-bdfb-4343-9004-9be15dfd844c,a2607ee7-4260-4da8-96e8-ba26187e8a6b,423f3e96-bce7-4f2b-b4f3-d568dca769a5,->,12acfc45-bdfb-4343-9004-9be15dfd844c,server/model/items/ItemAssistant.java,playerHasItem
12acfc45-bdfb-4343-9004-9be15dfd844c,a2607ee7-4260-4da8-96e8-ba26187e8a6b,423f3e96-bce7-4f2b-b4f3-d568dca769a5,->,12acfc45-bdfb-4343-9004-9be15dfd844c,server/model/players/Client.java,getItems
12acfc45-bdfb-4343-9004-9be15dfd844c,a2607ee7-4260-4da8-96e8-ba26187e8a6b,423f3e96-bce7-4f2b-b4f3-d568dca769a5,->,12acfc45-bdfb-4343-9004-9be15dfd844c,server/model/items/ItemAssistant.java,playerHasItem
12acfc45-bdfb-4343-9004-9be15dfd844c,a2607ee7-4260-4da8-96e8-ba26187e8a6b,423f3e96-bce7-4f2b-b4f3-d568dca769a5,->,12acfc45-bdfb-4343-9004-9be15dfd844c,server/model/players/Client.java,getPA
12acfc45-bdfb-4343-9004-9be15dfd844c,a2607ee7-4260-4da8-96e8-ba26187e8a6b,423f3e96-bce7-4f2b-b4f3-d568dca769a5,->,12acfc45-bdfb-4343-9004-9be15dfd844c,991eb2a8-284a-4290-ae08-f54cf8834706,ac5a52b5-7320-44a0-9233-853148386f14
12acfc45-bdfb-4343-9004-9be15dfd844c,a2607ee7-4260-4da8-96e8-ba26187e8a6b,423f3e96-bce7-4f2b-b4f3-d568dca769a5,->,12acfc45-bdfb-4343-9004-9be15dfd844c,server/model/players/Client.java,getItems
12acfc45-bdfb-4343-9004-9be15dfd844c,a2607ee7-4260-4da8-96e8-ba26187e8a6b,423f3e96-bce7-4f2b-b4f3-d568dca769a5,->,12acfc45-bdfb-4343-9004-9be15dfd844c,server/model/items/ItemAssistant.java,deleteItem2
12acfc45-bdfb-4343-9004-9be15dfd844c,a2607ee7-4260-4da8-96e8-ba26187e8a6b,423f3e96-bce7-4f2b-b4f3-d568dca769a5,->,12acfc45-bdfb-4343-9004-9be15dfd844c,server/model/players/Client.java,getItems
12acfc45-bdfb-4343-9004-9be15dfd844c,a2607ee7-4260-4da8-96e8-ba26187e8a6b,423f3e96-bce7-4f2b-b4f3-d568dca769a5,->,12acfc45-bdfb-4343-9004-9be15dfd844c,server/model/items/ItemAssistant.java,deleteItem2
12acfc45-bdfb-4343-9004-9be15dfd844c,a2607ee7-4260-4da8-96e8-ba26187e8a6b,423f3e96-bce7-4f2b-b4f3-d568dca769a5,->,12acfc45-bdfb-4343-9004-9be15dfd844c,server/model/players/Client.java,getItems
12acfc45-bdfb-4343-9004-9be15dfd844c,a2607ee7-4260-4da8-96e8-ba26187e8a6b,423f3e96-bce7-4f2b-b4f3-d568dca769a5,->,12acfc45-bdfb-4343-9004-9be15dfd844c,server/model/items/ItemAssistant.java,deleteItem2
12acfc45-bdfb-4343-9004-9be15dfd844c,a2607ee7-4260-4da8-96e8-ba26187e8a6b,423f3e96-bce7-4f2b-b4f3-d568dca769a5,->,12acfc45-bdfb-4343-9004-9be15dfd844c,server/model/players/Client.java,sendMessage
12acfc45-bdfb-4343-9004-9be15dfd844c,a2607ee7-4260-4da8-96e8-ba26187e8a6b,423f3e96-bce7-4f2b-b4f3-d568dca769a5,->,12acfc45-bdfb-4343-9004-9be15dfd844c,server/model/players/Client.java,getItems
12acfc45-bdfb-4343-9004-9be15dfd844c,a2607ee7-4260-4da8-96e8-ba26187e8a6b,423f3e96-bce7-4f2b-b4f3-d568dca769a5,->,12acfc45-bdfb-4343-9004-9be15dfd844c,server/model/items/ItemAssistant.java,playerHasItem
12acfc45-bdfb-4343-9004-9be15dfd844c,a2607ee7-4260-4da8-96e8-ba26187e8a6b,423f3e96-bce7-4f2b-b4f3-d568dca769a5,->,12acfc45-bdfb-4343-9004-9be15dfd844c,server/model/players/Client.java,getItems
12acfc45-bdfb-4343-9004-9be15dfd844c,a2607ee7-4260-4da8-96e8-ba26187e8a6b,423f3e96-bce7-4f2b-b4f3-d568dca769a5,->,12acfc45-bdfb-4343-9004-9be15dfd844c,server/model/items/ItemAssistant.java,playerHasItem
12acfc45-bdfb-4343-9004-9be15dfd844c,a2607ee7-4260-4da8-96e8-ba26187e8a6b,423f3e96-bce7-4f2b-b4f3-d568dca769a5,->,12acfc45-bdfb-4343-9004-9be15dfd844c,server/model/players/Client.java,getItems
12acfc45-bdfb-4343-9004-9be15dfd844c,a2607ee7-4260-4da8-96e8-ba26187e8a6b,423f3e96-bce7-4f2b-b4f3-d568dca769a5,->,12acfc45-bdfb-4343-9004-9be15dfd844c,server/model/items/ItemAssistant.java,playerHasItem
12acfc45-bdfb-4343-9004-9be15dfd844c,a2607ee7-4260-4da8-96e8-ba26187e8a6b,423f3e96-bce7-4f2b-b4f3-d568dca769a5,->,12acfc45-bdfb-4343-9004-9be15dfd844c,server/model/players/Client.java,getPA
12acfc45-bdfb-4343-9004-9be15dfd844c,a2607ee7-4260-4da8-96e8-ba26187e8a6b,423f3e96-bce7-4f2b-b4f3-d568dca769a5,->,12acfc45-bdfb-4343-9004-9be15dfd844c,991eb2a8-284a-4290-ae08-f54cf8834706,ac5a52b5-7320-44a0-9233-853148386f14
12acfc45-bdfb-4343-9004-9be15dfd844c,a2607ee7-4260-4da8-96e8-ba26187e8a6b,423f3e96-bce7-4f2b-b4f3-d568dca769a5,->,12acfc45-bdfb-4343-9004-9be15dfd844c,server/model/players/Client.java,getItems
12acfc45-bdfb-4343-9004-9be15dfd844c,a2607ee7-4260-4da8-96e8-ba26187e8a6b,423f3e96-bce7-4f2b-b4f3-d568dca769a5,->,12acfc45-bdfb-4343-9004-9be15dfd844c,server/model/items/ItemAssistant.java,deleteItem2
12acfc45-bdfb-4343-9004-9be15dfd844c,a2607ee7-4260-4da8-96e8-ba26187e8a6b,423f3e96-bce7-4f2b-b4f3-d568dca769a5,->,12acfc45-bdfb-4343-9004-9be15dfd844c,server/model/players/Client.java,getItems
12acfc45-bdfb-4343-9004-9be15dfd844c,a2607ee7-4260-4da8-96e8-ba26187e8a6b,423f3e96-bce7-4f2b-b4f3-d568dca769a5,->,12acfc45-bdfb-4343-9004-9be15dfd844c,server/model/items/ItemAssistant.java,deleteItem2
12acfc45-bdfb-4343-9004-9be15dfd844c,a2607ee7-4260-4da8-96e8-ba26187e8a6b,423f3e96-bce7-4f2b-b4f3-d568dca769a5,->,12acfc45-bdfb-4343-9004-9be15dfd844c,server/model/players/Client.java,getItems
12acfc45-bdfb-4343-9004-9be15dfd844c,a2607ee7-4260-4da8-96e8-ba26187e8a6b,423f3e96-bce7-4f2b-b4f3-d568dca769a5,->,12acfc45-bdfb-4343-9004-9be15dfd844c,server/model/items/ItemAssistant.java,deleteItem2
12acfc45-bdfb-4343-9004-9be15dfd844c,a2607ee7-4260-4da8-96e8-ba26187e8a6b,423f3e96-bce7-4f2b-b4f3-d568dca769a5,->,12acfc45-bdfb-4343-9004-9be15dfd844c,server/model/players/Client.java,sendMessage
12acfc45-bdfb-4343-9004-9be15dfd844c,a2607ee7-4260-4da8-96e8-ba26187e8a6b,423f3e96-bce7-4f2b-b4f3-d568dca769a5,->,12acfc45-bdfb-4343-9004-9be15dfd844c,server/model/players/Client.java,getItems
12acfc45-bdfb-4343-9004-9be15dfd844c,a2607ee7-4260-4da8-96e8-ba26187e8a6b,423f3e96-bce7-4f2b-b4f3-d568dca769a5,->,12acfc45-bdfb-4343-9004-9be15dfd844c,server/model/items/ItemAssistant.java,playerHasItem
12acfc45-bdfb-4343-9004-9be15dfd844c,a2607ee7-4260-4da8-96e8-ba26187e8a6b,423f3e96-bce7-4f2b-b4f3-d568dca769a5,->,12acfc45-bdfb-4343-9004-9be15dfd844c,server/model/players/Client.java,getItems
12acfc45-bdfb-4343-9004-9be15dfd844c,a2607ee7-4260-4da8-96e8-ba26187e8a6b,423f3e96-bce7-4f2b-b4f3-d568dca769a5,->,12acfc45-bdfb-4343-9004-9be15dfd844c,server/model/items/ItemAssistant.java,playerHasItem
12acfc45-bdfb-4343-9004-9be15dfd844c,a2607ee7-4260-4da8-96e8-ba26187e8a6b,423f3e96-bce7-4f2b-b4f3-d568dca769a5,->,12acfc45-bdfb-4343-9004-9be15dfd844c,server/model/players/Client.java,getItems
12acfc45-bdfb-4343-9004-9be15dfd844c,a2607ee7-4260-4da8-96e8-ba26187e8a6b,423f3e96-bce7-4f2b-b4f3-d568dca769a5,->,12acfc45-bdfb-4343-9004-9be15dfd844c,server/model/items/ItemAssistant.java,playerHasItem
12acfc45-bdfb-4343-9004-9be15dfd844c,a2607ee7-4260-4da8-96e8-ba26187e8a6b,423f3e96-bce7-4f2b-b4f3-d568dca769a5,->,12acfc45-bdfb-4343-9004-9be15dfd844c,server/model/players/Client.java,getPA
12acfc45-bdfb-4343-9004-9be15dfd844c,a2607ee7-4260-4da8-96e8-ba26187e8a6b,423f3e96-bce7-4f2b-b4f3-d568dca769a5,->,12acfc45-bdfb-4343-9004-9be15dfd844c,991eb2a8-284a-4290-ae08-f54cf8834706,ac5a52b5-7320-44a0-9233-853148386f14
12acfc45-bdfb-4343-9004-9be15dfd844c,a2607ee7-4260-4da8-96e8-ba26187e8a6b,423f3e96-bce7-4f2b-b4f3-d568dca769a5,->,12acfc45-bdfb-4343-9004-9be15dfd844c,server/model/players/Client.java,getItems
12acfc45-bdfb-4343-9004-9be15dfd844c,a2607ee7-4260-4da8-96e8-ba26187e8a6b,423f3e96-bce7-4f2b-b4f3-d568dca769a5,->,12acfc45-bdfb-4343-9004-9be15dfd844c,server/model/items/ItemAssistant.java,deleteItem2
12acfc45-bdfb-4343-9004-9be15dfd844c,a2607ee7-4260-4da8-96e8-ba26187e8a6b,423f3e96-bce7-4f2b-b4f3-d568dca769a5,->,12acfc45-bdfb-4343-9004-9be15dfd844c,server/model/players/Client.java,getItems
12acfc45-bdfb-4343-9004-9be15dfd844c,a2607ee7-4260-4da8-96e8-ba26187e8a6b,423f3e96-bce7-4f2b-b4f3-d568dca769a5,->,12acfc45-bdfb-4343-9004-9be15dfd844c,server/model/items/ItemAssistant.java,deleteItem2
12acfc45-bdfb-4343-9004-9be15dfd844c,a2607ee7-4260-4da8-96e8-ba26187e8a6b,423f3e96-bce7-4f2b-b4f3-d568dca769a5,->,12acfc45-bdfb-4343-9004-9be15dfd844c,server/model/players/Client.java,getItems
12acfc45-bdfb-4343-9004-9be15dfd844c,a2607ee7-4260-4da8-96e8-ba26187e8a6b,423f3e96-bce7-4f2b-b4f3-d568dca769a5,->,12acfc45-bdfb-4343-9004-9be15dfd844c,server/model/items/ItemAssistant.java,deleteItem2
12acfc45-bdfb-4343-9004-9be15dfd844c,a2607ee7-4260-4da8-96e8-ba26187e8a6b,423f3e96-bce7-4f2b-b4f3-d568dca769a5,->,12acfc45-bdfb-4343-9004-9be15dfd844c,server/model/players/Client.java,sendMessage
12acfc45-bdfb-4343-9004-9be15dfd844c,a2607ee7-4260-4da8-96e8-ba26187e8a6b,423f3e96-bce7-4f2b-b4f3-d568dca769a5,->,12acfc45-bdfb-4343-9004-9be15dfd844c,server/model/players/Client.java,getItems
12acfc45-bdfb-4343-9004-9be15dfd844c,a2607ee7-4260-4da8-96e8-ba26187e8a6b,423f3e96-bce7-4f2b-b4f3-d568dca769a5,->,12acfc45-bdfb-4343-9004-9be15dfd844c,server/model/items/ItemAssistant.java,playerHasItem
12acfc45-bdfb-4343-9004-9be15dfd844c,a2607ee7-4260-4da8-96e8-ba26187e8a6b,423f3e96-bce7-4f2b-b4f3-d568dca769a5,->,12acfc45-bdfb-4343-9004-9be15dfd844c,server/model/players/Client.java,getItems
12acfc45-bdfb-4343-9004-9be15dfd844c,a2607ee7-4260-4da8-96e8-ba26187e8a6b,423f3e96-bce7-4f2b-b4f3-d568dca769a5,->,12acfc45-bdfb-4343-9004-9be15dfd844c,server/model/items/ItemAssistant.java,playerHasItem
12acfc45-bdfb-4343-9004-9be15dfd844c,a2607ee7-4260-4da8-96e8-ba26187e8a6b,423f3e96-bce7-4f2b-b4f3-d568dca769a5,->,12acfc45-bdfb-4343-9004-9be15dfd844c,server/model/players/Client.java,getPA
12acfc45-bdfb-4343-9004-9be15dfd844c,a2607ee7-4260-4da8-96e8-ba26187e8a6b,423f3e96-bce7-4f2b-b4f3-d568dca769a5,->,12acfc45-bdfb-4343-9004-9be15dfd844c,991eb2a8-284a-4290-ae08-f54cf8834706,ac5a52b5-7320-44a0-9233-853148386f14
12acfc45-bdfb-4343-9004-9be15dfd844c,a2607ee7-4260-4da8-96e8-ba26187e8a6b,423f3e96-bce7-4f2b-b4f3-d568dca769a5,->,12acfc45-bdfb-4343-9004-9be15dfd844c,server/model/players/Client.java,getItems
12acfc45-bdfb-4343-9004-9be15dfd844c,a2607ee7-4260-4da8-96e8-ba26187e8a6b,423f3e96-bce7-4f2b-b4f3-d568dca769a5,->,12acfc45-bdfb-4343-9004-9be15dfd844c,server/model/items/ItemAssistant.java,deleteItem2
12acfc45-bdfb-4343-9004-9be15dfd844c,a2607ee7-4260-4da8-96e8-ba26187e8a6b,423f3e96-bce7-4f2b-b4f3-d568dca769a5,->,12acfc45-bdfb-4343-9004-9be15dfd844c,server/model/players/Client.java,getItems
12acfc45-bdfb-4343-9004-9be15dfd844c,a2607ee7-4260-4da8-96e8-ba26187e8a6b,423f3e96-bce7-4f2b-b4f3-d568dca769a5,->,12acfc45-bdfb-4343-9004-9be15dfd844c,server/model/items/ItemAssistant.java,deleteItem2
12acfc45-bdfb-4343-9004-9be15dfd844c,a2607ee7-4260-4da8-96e8-ba26187e8a6b,423f3e96-bce7-4f2b-b4f3-d568dca769a5,->,12acfc45-bdfb-4343-9004-9be15dfd844c,server/model/players/Client.java,sendMessage
12acfc45-bdfb-4343-9004-9be15dfd844c,a2607ee7-4260-4da8-96e8-ba26187e8a6b,423f3e96-bce7-4f2b-b4f3-d568dca769a5,->,12acfc45-bdfb-4343-9004-9be15dfd844c,server/model/players/Client.java,getItems
12acfc45-bdfb-4343-9004-9be15dfd844c,a2607ee7-4260-4da8-96e8-ba26187e8a6b,423f3e96-bce7-4f2b-b4f3-d568dca769a5,->,12acfc45-bdfb-4343-9004-9be15dfd844c,server/model/items/ItemAssistant.java,playerHasItem
12acfc45-bdfb-4343-9004-9be15dfd844c,a2607ee7-4260-4da8-96e8-ba26187e8a6b,423f3e96-bce7-4f2b-b4f3-d568dca769a5,->,12acfc45-bdfb-4343-9004-9be15dfd844c,server/model/players/Client.java,getItems
12acfc45-bdfb-4343-9004-9be15dfd844c,a2607ee7-4260-4da8-96e8-ba26187e8a6b,423f3e96-bce7-4f2b-b4f3-d568dca769a5,->,12acfc45-bdfb-4343-9004-9be15dfd844c,server/model/items/ItemAssistant.java,playerHasItem
12acfc45-bdfb-4343-9004-9be15dfd844c,a2607ee7-4260-4da8-96e8-ba26187e8a6b,423f3e96-bce7-4f2b-b4f3-d568dca769a5,->,12acfc45-bdfb-4343-9004-9be15dfd844c,server/model/players/Client.java,getPA
12acfc45-bdfb-4343-9004-9be15dfd844c,a2607ee7-4260-4da8-96e8-ba26187e8a6b,423f3e96-bce7-4f2b-b4f3-d568dca769a5,->,12acfc45-bdfb-4343-9004-9be15dfd844c,991eb2a8-284a-4290-ae08-f54cf8834706,ac5a52b5-7320-44a0-9233-853148386f14
12acfc45-bdfb-4343-9004-9be15dfd844c,a2607ee7-4260-4da8-96e8-ba26187e8a6b,423f3e96-bce7-4f2b-b4f3-d568dca769a5,->,12acfc45-bdfb-4343-9004-9be15dfd844c,server/model/players/Client.java,getItems
12acfc45-bdfb-4343-9004-9be15dfd844c,a2607ee7-4260-4da8-96e8-ba26187e8a6b,423f3e96-bce7-4f2b-b4f3-d568dca769a5,->,12acfc45-bdfb-4343-9004-9be15dfd844c,server/model/items/ItemAssistant.java,deleteItem2
12acfc45-bdfb-4343-9004-9be15dfd844c,a2607ee7-4260-4da8-96e8-ba26187e8a6b,423f3e96-bce7-4f2b-b4f3-d568dca769a5,->,12acfc45-bdfb-4343-9004-9be15dfd844c,server/model/players/Client.java,getItems
12acfc45-bdfb-4343-9004-9be15dfd844c,a2607ee7-4260-4da8-96e8-ba26187e8a6b,423f3e96-bce7-4f2b-b4f3-d568dca769a5,->,12acfc45-bdfb-4343-9004-9be15dfd844c,server/model/items/ItemAssistant.java,deleteItem2
12acfc45-bdfb-4343-9004-9be15dfd844c,a2607ee7-4260-4da8-96e8-ba26187e8a6b,423f3e96-bce7-4f2b-b4f3-d568dca769a5,->,12acfc45-bdfb-4343-9004-9be15dfd844c,server/model/players/Client.java,sendMessage
12acfc45-bdfb-4343-9004-9be15dfd844c,a2607ee7-4260-4da8-96e8-ba26187e8a6b,423f3e96-bce7-4f2b-b4f3-d568dca769a5,->,12acfc45-bdfb-4343-9004-9be15dfd844c,server/model/players/Client.java,getItems
12acfc45-bdfb-4343-9004-9be15dfd844c,a2607ee7-4260-4da8-96e8-ba26187e8a6b,423f3e96-bce7-4f2b-b4f3-d568dca769a5,->,12acfc45-bdfb-4343-9004-9be15dfd844c,server/model/items/ItemAssistant.java,playerHasItem
12acfc45-bdfb-4343-9004-9be15dfd844c,a2607ee7-4260-4da8-96e8-ba26187e8a6b,423f3e96-bce7-4f2b-b4f3-d568dca769a5,->,12acfc45-bdfb-4343-9004-9be15dfd844c,server/model/players/Client.java,getItems
12acfc45-bdfb-4343-9004-9be15dfd844c,a2607ee7-4260-4da8-96e8-ba26187e8a6b,423f3e96-bce7-4f2b-b4f3-d568dca769a5,->,12acfc45-bdfb-4343-9004-9be15dfd844c,server/model/items/ItemAssistant.java,playerHasItem
12acfc45-bdfb-4343-9004-9be15dfd844c,a2607ee7-4260-4da8-96e8-ba26187e8a6b,423f3e96-bce7-4f2b-b4f3-d568dca769a5,->,12acfc45-bdfb-4343-9004-9be15dfd844c,server/model/players/Client.java,getPA
12acfc45-bdfb-4343-9004-9be15dfd844c,a2607ee7-4260-4da8-96e8-ba26187e8a6b,423f3e96-bce7-4f2b-b4f3-d568dca769a5,->,12acfc45-bdfb-4343-9004-9be15dfd844c,991eb2a8-284a-4290-ae08-f54cf8834706,ac5a52b5-7320-44a0-9233-853148386f14
12acfc45-bdfb-4343-9004-9be15dfd844c,a2607ee7-4260-4da8-96e8-ba26187e8a6b,423f3e96-bce7-4f2b-b4f3-d568dca769a5,->,12acfc45-bdfb-4343-9004-9be15dfd844c,server/model/players/Client.java,getItems
12acfc45-bdfb-4343-9004-9be15dfd844c,a2607ee7-4260-4da8-96e8-ba26187e8a6b,423f3e96-bce7-4f2b-b4f3-d568dca769a5,->,12acfc45-bdfb-4343-9004-9be15dfd844c,server/model/items/ItemAssistant.java,deleteItem2
12acfc45-bdfb-4343-9004-9be15dfd844c,a2607ee7-4260-4da8-96e8-ba26187e8a6b,423f3e96-bce7-4f2b-b4f3-d568dca769a5,->,12acfc45-bdfb-4343-9004-9be15dfd844c,server/model/players/Client.java,getItems
12acfc45-bdfb-4343-9004-9be15dfd844c,a2607ee7-4260-4da8-96e8-ba26187e8a6b,423f3e96-bce7-4f2b-b4f3-d568dca769a5,->,12acfc45-bdfb-4343-9004-9be15dfd844c,server/model/items/ItemAssistant.java,deleteItem2
12acfc45-bdfb-4343-9004-9be15dfd844c,a2607ee7-4260-4da8-96e8-ba26187e8a6b,423f3e96-bce7-4f2b-b4f3-d568dca769a5,->,12acfc45-bdfb-4343-9004-9be15dfd844c,server/model/players/Client.java,sendMessage
12acfc45-bdfb-4343-9004-9be15dfd844c,a2607ee7-4260-4da8-96e8-ba26187e8a6b,423f3e96-bce7-4f2b-b4f3-d568dca769a5,->,12acfc45-bdfb-4343-9004-9be15dfd844c,server/model/players/Client.java,getItems
12acfc45-bdfb-4343-9004-9be15dfd844c,a2607ee7-4260-4da8-96e8-ba26187e8a6b,423f3e96-bce7-4f2b-b4f3-d568dca769a5,->,12acfc45-bdfb-4343-9004-9be15dfd844c,server/model/items/ItemAssistant.java,playerHasItem
12acfc45-bdfb-4343-9004-9be15dfd844c,a2607ee7-4260-4da8-96e8-ba26187e8a6b,423f3e96-bce7-4f2b-b4f3-d568dca769a5,->,12acfc45-bdfb-4343-9004-9be15dfd844c,server/model/players/Client.java,getItems
12acfc45-bdfb-4343-9004-9be15dfd844c,a2607ee7-4260-4da8-96e8-ba26187e8a6b,423f3e96-bce7-4f2b-b4f3-d568dca769a5,->,12acfc45-bdfb-4343-9004-9be15dfd844c,server/model/items/ItemAssistant.java,playerHasItem
12acfc45-bdfb-4343-9004-9be15dfd844c,a2607ee7-4260-4da8-96e8-ba26187e8a6b,423f3e96-bce7-4f2b-b4f3-d568dca769a5,->,12acfc45-bdfb-4343-9004-9be15dfd844c,server/model/players/Client.java,getPA
12acfc45-bdfb-4343-9004-9be15dfd844c,a2607ee7-4260-4da8-96e8-ba26187e8a6b,423f3e96-bce7-4f2b-b4f3-d568dca769a5,->,12acfc45-bdfb-4343-9004-9be15dfd844c,991eb2a8-284a-4290-ae08-f54cf8834706,ac5a52b5-7320-44a0-9233-853148386f14
12acfc45-bdfb-4343-9004-9be15dfd844c,a2607ee7-4260-4da8-96e8-ba26187e8a6b,423f3e96-bce7-4f2b-b4f3-d568dca769a5,->,12acfc45-bdfb-4343-9004-9be15dfd844c,server/model/players/Client.java,getItems
12acfc45-bdfb-4343-9004-9be15dfd844c,a2607ee7-4260-4da8-96e8-ba26187e8a6b,423f3e96-bce7-4f2b-b4f3-d568dca769a5,->,12acfc45-bdfb-4343-9004-9be15dfd844c,server/model/items/ItemAssistant.java,deleteItem2
12acfc45-bdfb-4343-9004-9be15dfd844c,a2607ee7-4260-4da8-96e8-ba26187e8a6b,423f3e96-bce7-4f2b-b4f3-d568dca769a5,->,12acfc45-bdfb-4343-9004-9be15dfd844c,server/model/players/Client.java,getItems
12acfc45-bdfb-4343-9004-9be15dfd844c,a2607ee7-4260-4da8-96e8-ba26187e8a6b,423f3e96-bce7-4f2b-b4f3-d568dca769a5,->,12acfc45-bdfb-4343-9004-9be15dfd844c,server/model/items/ItemAssistant.java,deleteItem2
12acfc45-bdfb-4343-9004-9be15dfd844c,a2607ee7-4260-4da8-96e8-ba26187e8a6b,423f3e96-bce7-4f2b-b4f3-d568dca769a5,->,12acfc45-bdfb-4343-9004-9be15dfd844c,server/model/players/Client.java,sendMessage
12acfc45-bdfb-4343-9004-9be15dfd844c,a2607ee7-4260-4da8-96e8-ba26187e8a6b,423f3e96-bce7-4f2b-b4f3-d568dca769a5,->,12acfc45-bdfb-4343-9004-9be15dfd844c,server/model/players/Client.java,getItems
12acfc45-bdfb-4343-9004-9be15dfd844c,a2607ee7-4260-4da8-96e8-ba26187e8a6b,423f3e96-bce7-4f2b-b4f3-d568dca769a5,->,12acfc45-bdfb-4343-9004-9be15dfd844c,server/model/items/ItemAssistant.java,playerHasItem
12acfc45-bdfb-4343-9004-9be15dfd844c,a2607ee7-4260-4da8-96e8-ba26187e8a6b,423f3e96-bce7-4f2b-b4f3-d568dca769a5,->,12acfc45-bdfb-4343-9004-9be15dfd844c,server/model/players/Client.java,getItems
12acfc45-bdfb-4343-9004-9be15dfd844c,a2607ee7-4260-4da8-96e8-ba26187e8a6b,423f3e96-bce7-4f2b-b4f3-d568dca769a5,->,12acfc45-bdfb-4343-9004-9be15dfd844c,server/model/items/ItemAssistant.java,playerHasItem
12acfc45-bdfb-4343-9004-9be15dfd844c,a2607ee7-4260-4da8-96e8-ba26187e8a6b,423f3e96-bce7-4f2b-b4f3-d568dca769a5,->,12acfc45-bdfb-4343-9004-9be15dfd844c,server/model/players/Client.java,getItems
12acfc45-bdfb-4343-9004-9be15dfd844c,a2607ee7-4260-4da8-96e8-ba26187e8a6b,423f3e96-bce7-4f2b-b4f3-d568dca769a5,->,12acfc45-bdfb-4343-9004-9be15dfd844c,server/model/items/ItemAssistant.java,playerHasItem
12acfc45-bdfb-4343-9004-9be15dfd844c,a2607ee7-4260-4da8-96e8-ba26187e8a6b,423f3e96-bce7-4f2b-b4f3-d568dca769a5,->,12acfc45-bdfb-4343-9004-9be15dfd844c,server/model/players/Client.java,getItems
12acfc45-bdfb-4343-9004-9be15dfd844c,a2607ee7-4260-4da8-96e8-ba26187e8a6b,423f3e96-bce7-4f2b-b4f3-d568dca769a5,->,12acfc45-bdfb-4343-9004-9be15dfd844c,server/model/items/ItemAssistant.java,playerHasItem
12acfc45-bdfb-4343-9004-9be15dfd844c,a2607ee7-4260-4da8-96e8-ba26187e8a6b,423f3e96-bce7-4f2b-b4f3-d568dca769a5,->,12acfc45-bdfb-4343-9004-9be15dfd844c,server/model/players/Client.java,getPA
12acfc45-bdfb-4343-9004-9be15dfd844c,a2607ee7-4260-4da8-96e8-ba26187e8a6b,423f3e96-bce7-4f2b-b4f3-d568dca769a5,->,12acfc45-bdfb-4343-9004-9be15dfd844c,991eb2a8-284a-4290-ae08-f54cf8834706,ac5a52b5-7320-44a0-9233-853148386f14
12acfc45-bdfb-4343-9004-9be15dfd844c,a2607ee7-4260-4da8-96e8-ba26187e8a6b,423f3e96-bce7-4f2b-b4f3-d568dca769a5,->,12acfc45-bdfb-4343-9004-9be15dfd844c,server/model/players/Client.java,getItems
12acfc45-bdfb-4343-9004-9be15dfd844c,a2607ee7-4260-4da8-96e8-ba26187e8a6b,423f3e96-bce7-4f2b-b4f3-d568dca769a5,->,12acfc45-bdfb-4343-9004-9be15dfd844c,server/model/items/ItemAssistant.java,deleteItem2
12acfc45-bdfb-4343-9004-9be15dfd844c,a2607ee7-4260-4da8-96e8-ba26187e8a6b,423f3e96-bce7-4f2b-b4f3-d568dca769a5,->,12acfc45-bdfb-4343-9004-9be15dfd844c,server/model/players/Client.java,getItems
12acfc45-bdfb-4343-9004-9be15dfd844c,a2607ee7-4260-4da8-96e8-ba26187e8a6b,423f3e96-bce7-4f2b-b4f3-d568dca769a5,->,12acfc45-bdfb-4343-9004-9be15dfd844c,server/model/items/ItemAssistant.java,deleteItem2
12acfc45-bdfb-4343-9004-9be15dfd844c,a2607ee7-4260-4da8-96e8-ba26187e8a6b,423f3e96-bce7-4f2b-b4f3-d568dca769a5,->,12acfc45-bdfb-4343-9004-9be15dfd844c,server/model/players/Client.java,getItems
12acfc45-bdfb-4343-9004-9be15dfd844c,a2607ee7-4260-4da8-96e8-ba26187e8a6b,423f3e96-bce7-4f2b-b4f3-d568dca769a5,->,12acfc45-bdfb-4343-9004-9be15dfd844c,server/model/items/ItemAssistant.java,deleteItem2
12acfc45-bdfb-4343-9004-9be15dfd844c,a2607ee7-4260-4da8-96e8-ba26187e8a6b,423f3e96-bce7-4f2b-b4f3-d568dca769a5,->,12acfc45-bdfb-4343-9004-9be15dfd844c,server/model/players/Client.java,getItems
12acfc45-bdfb-4343-9004-9be15dfd844c,a2607ee7-4260-4da8-96e8-ba26187e8a6b,423f3e96-bce7-4f2b-b4f3-d568dca769a5,->,12acfc45-bdfb-4343-9004-9be15dfd844c,server/model/items/ItemAssistant.java,deleteItem2
12acfc45-bdfb-4343-9004-9be15dfd844c,a2607ee7-4260-4da8-96e8-ba26187e8a6b,423f3e96-bce7-4f2b-b4f3-d568dca769a5,->,12acfc45-bdfb-4343-9004-9be15dfd844c,server/model/players/Client.java,sendMessage
12acfc45-bdfb-4343-9004-9be15dfd844c,a2607ee7-4260-4da8-96e8-ba26187e8a6b,423f3e96-bce7-4f2b-b4f3-d568dca769a5,->,12acfc45-bdfb-4343-9004-9be15dfd844c,server/model/players/Client.java,getPA
12acfc45-bdfb-4343-9004-9be15dfd844c,a2607ee7-4260-4da8-96e8-ba26187e8a6b,423f3e96-bce7-4f2b-b4f3-d568dca769a5,->,12acfc45-bdfb-4343-9004-9be15dfd844c,991eb2a8-284a-4290-ae08-f54cf8834706,ffee66ac-4ac5-469e-9cfe-d0f69c65d92f
12acfc45-bdfb-4343-9004-9be15dfd844c,a2607ee7-4260-4da8-96e8-ba26187e8a6b,423f3e96-bce7-4f2b-b4f3-d568dca769a5,->,12acfc45-bdfb-4343-9004-9be15dfd844c,server/model/players/Client.java,getPA
12acfc45-bdfb-4343-9004-9be15dfd844c,a2607ee7-4260-4da8-96e8-ba26187e8a6b,423f3e96-bce7-4f2b-b4f3-d568dca769a5,->,12acfc45-bdfb-4343-9004-9be15dfd844c,991eb2a8-284a-4290-ae08-f54cf8834706,ffee66ac-4ac5-469e-9cfe-d0f69c65d92f
12acfc45-bdfb-4343-9004-9be15dfd844c,a2607ee7-4260-4da8-96e8-ba26187e8a6b,423f3e96-bce7-4f2b-b4f3-d568dca769a5,->,12acfc45-bdfb-4343-9004-9be15dfd844c,server/model/players/Client.java,getPA
12acfc45-bdfb-4343-9004-9be15dfd844c,a2607ee7-4260-4da8-96e8-ba26187e8a6b,423f3e96-bce7-4f2b-b4f3-d568dca769a5,->,12acfc45-bdfb-4343-9004-9be15dfd844c,991eb2a8-284a-4290-ae08-f54cf8834706,ffee66ac-4ac5-469e-9cfe-d0f69c65d92f
12acfc45-bdfb-4343-9004-9be15dfd844c,a2607ee7-4260-4da8-96e8-ba26187e8a6b,423f3e96-bce7-4f2b-b4f3-d568dca769a5,->,12acfc45-bdfb-4343-9004-9be15dfd844c,server/model/players/Client.java,getPA
12acfc45-bdfb-4343-9004-9be15dfd844c,a2607ee7-4260-4da8-96e8-ba26187e8a6b,423f3e96-bce7-4f2b-b4f3-d568dca769a5,->,12acfc45-bdfb-4343-9004-9be15dfd844c,991eb2a8-284a-4290-ae08-f54cf8834706,ffee66ac-4ac5-469e-9cfe-d0f69c65d92f
12acfc45-bdfb-4343-9004-9be15dfd844c,a2607ee7-4260-4da8-96e8-ba26187e8a6b,423f3e96-bce7-4f2b-b4f3-d568dca769a5,->,12acfc45-bdfb-4343-9004-9be15dfd844c,server/model/players/Client.java,getCombat
12acfc45-bdfb-4343-9004-9be15dfd844c,a2607ee7-4260-4da8-96e8-ba26187e8a6b,423f3e96-bce7-4f2b-b4f3-d568dca769a5,->,12acfc45-bdfb-4343-9004-9be15dfd844c,server/model/players/CombatAssistant.java,activatePrayer
12acfc45-bdfb-4343-9004-9be15dfd844c,a2607ee7-4260-4da8-96e8-ba26187e8a6b,423f3e96-bce7-4f2b-b4f3-d568dca769a5,->,12acfc45-bdfb-4343-9004-9be15dfd844c,server/model/players/Client.java,getCombat
12acfc45-bdfb-4343-9004-9be15dfd844c,a2607ee7-4260-4da8-96e8-ba26187e8a6b,423f3e96-bce7-4f2b-b4f3-d568dca769a5,->,12acfc45-bdfb-4343-9004-9be15dfd844c,server/model/players/CombatAssistant.java,activatePrayer
12acfc45-bdfb-4343-9004-9be15dfd844c,a2607ee7-4260-4da8-96e8-ba26187e8a6b,423f3e96-bce7-4f2b-b4f3-d568dca769a5,->,12acfc45-bdfb-4343-9004-9be15dfd844c,server/model/players/Client.java,getCombat
12acfc45-bdfb-4343-9004-9be15dfd844c,a2607ee7-4260-4da8-96e8-ba26187e8a6b,423f3e96-bce7-4f2b-b4f3-d568dca769a5,->,12acfc45-bdfb-4343-9004-9be15dfd844c,server/model/players/CombatAssistant.java,activatePrayer
12acfc45-bdfb-4343-9004-9be15dfd844c,a2607ee7-4260-4da8-96e8-ba26187e8a6b,423f3e96-bce7-4f2b-b4f3-d568dca769a5,->,12acfc45-bdfb-4343-9004-9be15dfd844c,server/model/players/Client.java,getCombat
12acfc45-bdfb-4343-9004-9be15dfd844c,a2607ee7-4260-4da8-96e8-ba26187e8a6b,423f3e96-bce7-4f2b-b4f3-d568dca769a5,->,12acfc45-bdfb-4343-9004-9be15dfd844c,server/model/players/CombatAssistant.java,activatePrayer
12acfc45-bdfb-4343-9004-9be15dfd844c,a2607ee7-4260-4da8-96e8-ba26187e8a6b,423f3e96-bce7-4f2b-b4f3-d568dca769a5,->,12acfc45-bdfb-4343-9004-9be15dfd844c,server/model/players/Client.java,getCombat
12acfc45-bdfb-4343-9004-9be15dfd844c,a2607ee7-4260-4da8-96e8-ba26187e8a6b,423f3e96-bce7-4f2b-b4f3-d568dca769a5,->,12acfc45-bdfb-4343-9004-9be15dfd844c,server/model/players/CombatAssistant.java,activatePrayer
12acfc45-bdfb-4343-9004-9be15dfd844c,a2607ee7-4260-4da8-96e8-ba26187e8a6b,423f3e96-bce7-4f2b-b4f3-d568dca769a5,->,12acfc45-bdfb-4343-9004-9be15dfd844c,server/model/players/Client.java,getCombat
12acfc45-bdfb-4343-9004-9be15dfd844c,a2607ee7-4260-4da8-96e8-ba26187e8a6b,423f3e96-bce7-4f2b-b4f3-d568dca769a5,->,12acfc45-bdfb-4343-9004-9be15dfd844c,server/model/players/CombatAssistant.java,activatePrayer
12acfc45-bdfb-4343-9004-9be15dfd844c,a2607ee7-4260-4da8-96e8-ba26187e8a6b,423f3e96-bce7-4f2b-b4f3-d568dca769a5,->,12acfc45-bdfb-4343-9004-9be15dfd844c,server/model/players/Client.java,getCombat
12acfc45-bdfb-4343-9004-9be15dfd844c,a2607ee7-4260-4da8-96e8-ba26187e8a6b,423f3e96-bce7-4f2b-b4f3-d568dca769a5,->,12acfc45-bdfb-4343-9004-9be15dfd844c,server/model/players/CombatAssistant.java,activatePrayer
12acfc45-bdfb-4343-9004-9be15dfd844c,a2607ee7-4260-4da8-96e8-ba26187e8a6b,423f3e96-bce7-4f2b-b4f3-d568dca769a5,->,12acfc45-bdfb-4343-9004-9be15dfd844c,server/model/players/Client.java,getCombat
12acfc45-bdfb-4343-9004-9be15dfd844c,a2607ee7-4260-4da8-96e8-ba26187e8a6b,423f3e96-bce7-4f2b-b4f3-d568dca769a5,->,12acfc45-bdfb-4343-9004-9be15dfd844c,server/model/players/CombatAssistant.java,activatePrayer
12acfc45-bdfb-4343-9004-9be15dfd844c,a2607ee7-4260-4da8-96e8-ba26187e8a6b,423f3e96-bce7-4f2b-b4f3-d568dca769a5,->,12acfc45-bdfb-4343-9004-9be15dfd844c,server/model/players/Client.java,getCombat
12acfc45-bdfb-4343-9004-9be15dfd844c,a2607ee7-4260-4da8-96e8-ba26187e8a6b,423f3e96-bce7-4f2b-b4f3-d568dca769a5,->,12acfc45-bdfb-4343-9004-9be15dfd844c,server/model/players/CombatAssistant.java,activatePrayer
12acfc45-bdfb-4343-9004-9be15dfd844c,a2607ee7-4260-4da8-96e8-ba26187e8a6b,423f3e96-bce7-4f2b-b4f3-d568dca769a5,->,12acfc45-bdfb-4343-9004-9be15dfd844c,server/model/players/Client.java,getCombat
12acfc45-bdfb-4343-9004-9be15dfd844c,a2607ee7-4260-4da8-96e8-ba26187e8a6b,423f3e96-bce7-4f2b-b4f3-d568dca769a5,->,12acfc45-bdfb-4343-9004-9be15dfd844c,server/model/players/CombatAssistant.java,activatePrayer
12acfc45-bdfb-4343-9004-9be15dfd844c,a2607ee7-4260-4da8-96e8-ba26187e8a6b,423f3e96-bce7-4f2b-b4f3-d568dca769a5,->,12acfc45-bdfb-4343-9004-9be15dfd844c,server/model/players/Client.java,getCombat
12acfc45-bdfb-4343-9004-9be15dfd844c,a2607ee7-4260-4da8-96e8-ba26187e8a6b,423f3e96-bce7-4f2b-b4f3-d568dca769a5,->,12acfc45-bdfb-4343-9004-9be15dfd844c,server/model/players/CombatAssistant.java,activatePrayer
12acfc45-bdfb-4343-9004-9be15dfd844c,a2607ee7-4260-4da8-96e8-ba26187e8a6b,423f3e96-bce7-4f2b-b4f3-d568dca769a5,->,12acfc45-bdfb-4343-9004-9be15dfd844c,server/model/players/Client.java,getCombat
12acfc45-bdfb-4343-9004-9be15dfd844c,a2607ee7-4260-4da8-96e8-ba26187e8a6b,423f3e96-bce7-4f2b-b4f3-d568dca769a5,->,12acfc45-bdfb-4343-9004-9be15dfd844c,server/model/players/CombatAssistant.java,activatePrayer
12acfc45-bdfb-4343-9004-9be15dfd844c,a2607ee7-4260-4da8-96e8-ba26187e8a6b,423f3e96-bce7-4f2b-b4f3-d568dca769a5,->,12acfc45-bdfb-4343-9004-9be15dfd844c,server/model/players/Client.java,getCombat
12acfc45-bdfb-4343-9004-9be15dfd844c,a2607ee7-4260-4da8-96e8-ba26187e8a6b,423f3e96-bce7-4f2b-b4f3-d568dca769a5,->,12acfc45-bdfb-4343-9004-9be15dfd844c,server/model/players/CombatAssistant.java,activatePrayer
12acfc45-bdfb-4343-9004-9be15dfd844c,a2607ee7-4260-4da8-96e8-ba26187e8a6b,423f3e96-bce7-4f2b-b4f3-d568dca769a5,->,12acfc45-bdfb-4343-9004-9be15dfd844c,server/model/players/Client.java,getCombat
12acfc45-bdfb-4343-9004-9be15dfd844c,a2607ee7-4260-4da8-96e8-ba26187e8a6b,423f3e96-bce7-4f2b-b4f3-d568dca769a5,->,12acfc45-bdfb-4343-9004-9be15dfd844c,server/model/players/CombatAssistant.java,activatePrayer
12acfc45-bdfb-4343-9004-9be15dfd844c,a2607ee7-4260-4da8-96e8-ba26187e8a6b,423f3e96-bce7-4f2b-b4f3-d568dca769a5,->,12acfc45-bdfb-4343-9004-9be15dfd844c,server/model/players/Client.java,getCombat
12acfc45-bdfb-4343-9004-9be15dfd844c,a2607ee7-4260-4da8-96e8-ba26187e8a6b,423f3e96-bce7-4f2b-b4f3-d568dca769a5,->,12acfc45-bdfb-4343-9004-9be15dfd844c,server/model/players/CombatAssistant.java,activatePrayer
12acfc45-bdfb-4343-9004-9be15dfd844c,a2607ee7-4260-4da8-96e8-ba26187e8a6b,423f3e96-bce7-4f2b-b4f3-d568dca769a5,->,12acfc45-bdfb-4343-9004-9be15dfd844c,server/model/players/Client.java,getCombat
12acfc45-bdfb-4343-9004-9be15dfd844c,a2607ee7-4260-4da8-96e8-ba26187e8a6b,423f3e96-bce7-4f2b-b4f3-d568dca769a5,->,12acfc45-bdfb-4343-9004-9be15dfd844c,server/model/players/CombatAssistant.java,activatePrayer
12acfc45-bdfb-4343-9004-9be15dfd844c,a2607ee7-4260-4da8-96e8-ba26187e8a6b,423f3e96-bce7-4f2b-b4f3-d568dca769a5,->,12acfc45-bdfb-4343-9004-9be15dfd844c,server/model/players/Client.java,getCombat
12acfc45-bdfb-4343-9004-9be15dfd844c,a2607ee7-4260-4da8-96e8-ba26187e8a6b,423f3e96-bce7-4f2b-b4f3-d568dca769a5,->,12acfc45-bdfb-4343-9004-9be15dfd844c,server/model/players/CombatAssistant.java,activatePrayer
12acfc45-bdfb-4343-9004-9be15dfd844c,a2607ee7-4260-4da8-96e8-ba26187e8a6b,423f3e96-bce7-4f2b-b4f3-d568dca769a5,->,12acfc45-bdfb-4343-9004-9be15dfd844c,server/model/players/Client.java,getCombat
12acfc45-bdfb-4343-9004-9be15dfd844c,a2607ee7-4260-4da8-96e8-ba26187e8a6b,423f3e96-bce7-4f2b-b4f3-d568dca769a5,->,12acfc45-bdfb-4343-9004-9be15dfd844c,server/model/players/CombatAssistant.java,activatePrayer
12acfc45-bdfb-4343-9004-9be15dfd844c,a2607ee7-4260-4da8-96e8-ba26187e8a6b,423f3e96-bce7-4f2b-b4f3-d568dca769a5,->,12acfc45-bdfb-4343-9004-9be15dfd844c,server/model/players/Client.java,getCombat
12acfc45-bdfb-4343-9004-9be15dfd844c,a2607ee7-4260-4da8-96e8-ba26187e8a6b,423f3e96-bce7-4f2b-b4f3-d568dca769a5,->,12acfc45-bdfb-4343-9004-9be15dfd844c,server/model/players/CombatAssistant.java,activatePrayer
12acfc45-bdfb-4343-9004-9be15dfd844c,a2607ee7-4260-4da8-96e8-ba26187e8a6b,423f3e96-bce7-4f2b-b4f3-d568dca769a5,->,12acfc45-bdfb-4343-9004-9be15dfd844c,server/model/players/Client.java,getCombat
12acfc45-bdfb-4343-9004-9be15dfd844c,a2607ee7-4260-4da8-96e8-ba26187e8a6b,423f3e96-bce7-4f2b-b4f3-d568dca769a5,->,12acfc45-bdfb-4343-9004-9be15dfd844c,server/model/players/CombatAssistant.java,activatePrayer
12acfc45-bdfb-4343-9004-9be15dfd844c,a2607ee7-4260-4da8-96e8-ba26187e8a6b,423f3e96-bce7-4f2b-b4f3-d568dca769a5,->,12acfc45-bdfb-4343-9004-9be15dfd844c,server/model/players/Client.java,getCombat
12acfc45-bdfb-4343-9004-9be15dfd844c,a2607ee7-4260-4da8-96e8-ba26187e8a6b,423f3e96-bce7-4f2b-b4f3-d568dca769a5,->,12acfc45-bdfb-4343-9004-9be15dfd844c,server/model/players/CombatAssistant.java,activatePrayer
12acfc45-bdfb-4343-9004-9be15dfd844c,a2607ee7-4260-4da8-96e8-ba26187e8a6b,423f3e96-bce7-4f2b-b4f3-d568dca769a5,->,12acfc45-bdfb-4343-9004-9be15dfd844c,server/model/players/Client.java,getCombat
12acfc45-bdfb-4343-9004-9be15dfd844c,a2607ee7-4260-4da8-96e8-ba26187e8a6b,423f3e96-bce7-4f2b-b4f3-d568dca769a5,->,12acfc45-bdfb-4343-9004-9be15dfd844c,server/model/players/CombatAssistant.java,activatePrayer
12acfc45-bdfb-4343-9004-9be15dfd844c,a2607ee7-4260-4da8-96e8-ba26187e8a6b,423f3e96-bce7-4f2b-b4f3-d568dca769a5,->,12acfc45-bdfb-4343-9004-9be15dfd844c,server/model/players/Client.java,getCombat
12acfc45-bdfb-4343-9004-9be15dfd844c,a2607ee7-4260-4da8-96e8-ba26187e8a6b,423f3e96-bce7-4f2b-b4f3-d568dca769a5,->,12acfc45-bdfb-4343-9004-9be15dfd844c,server/model/players/CombatAssistant.java,activatePrayer
12acfc45-bdfb-4343-9004-9be15dfd844c,a2607ee7-4260-4da8-96e8-ba26187e8a6b,423f3e96-bce7-4f2b-b4f3-d568dca769a5,->,12acfc45-bdfb-4343-9004-9be15dfd844c,server/model/players/Client.java,getCombat
12acfc45-bdfb-4343-9004-9be15dfd844c,a2607ee7-4260-4da8-96e8-ba26187e8a6b,423f3e96-bce7-4f2b-b4f3-d568dca769a5,->,12acfc45-bdfb-4343-9004-9be15dfd844c,server/model/players/CombatAssistant.java,activatePrayer
12acfc45-bdfb-4343-9004-9be15dfd844c,a2607ee7-4260-4da8-96e8-ba26187e8a6b,423f3e96-bce7-4f2b-b4f3-d568dca769a5,->,12acfc45-bdfb-4343-9004-9be15dfd844c,server/model/players/Client.java,getCombat
12acfc45-bdfb-4343-9004-9be15dfd844c,a2607ee7-4260-4da8-96e8-ba26187e8a6b,423f3e96-bce7-4f2b-b4f3-d568dca769a5,->,12acfc45-bdfb-4343-9004-9be15dfd844c,server/model/players/CombatAssistant.java,activatePrayer
12acfc45-bdfb-4343-9004-9be15dfd844c,a2607ee7-4260-4da8-96e8-ba26187e8a6b,423f3e96-bce7-4f2b-b4f3-d568dca769a5,->,12acfc45-bdfb-4343-9004-9be15dfd844c,server/model/players/Client.java,getCombat
12acfc45-bdfb-4343-9004-9be15dfd844c,a2607ee7-4260-4da8-96e8-ba26187e8a6b,423f3e96-bce7-4f2b-b4f3-d568dca769a5,->,12acfc45-bdfb-4343-9004-9be15dfd844c,server/model/players/CombatAssistant.java,activatePrayer
12acfc45-bdfb-4343-9004-9be15dfd844c,a2607ee7-4260-4da8-96e8-ba26187e8a6b,423f3e96-bce7-4f2b-b4f3-d568dca769a5,->,12acfc45-bdfb-4343-9004-9be15dfd844c,java/lang/System.java,currentTimeMillis
12acfc45-bdfb-4343-9004-9be15dfd844c,a2607ee7-4260-4da8-96e8-ba26187e8a6b,423f3e96-bce7-4f2b-b4f3-d568dca769a5,->,12acfc45-bdfb-4343-9004-9be15dfd844c,java/lang/System.java,currentTimeMillis
12acfc45-bdfb-4343-9004-9be15dfd844c,a2607ee7-4260-4da8-96e8-ba26187e8a6b,423f3e96-bce7-4f2b-b4f3-d568dca769a5,->,12acfc45-bdfb-4343-9004-9be15dfd844c,java/lang/System.java,currentTimeMillis
12acfc45-bdfb-4343-9004-9be15dfd844c,a2607ee7-4260-4da8-96e8-ba26187e8a6b,423f3e96-bce7-4f2b-b4f3-d568dca769a5,->,12acfc45-bdfb-4343-9004-9be15dfd844c,server/model/players/Client.java,getTradeAndDuel
12acfc45-bdfb-4343-9004-9be15dfd844c,a2607ee7-4260-4da8-96e8-ba26187e8a6b,423f3e96-bce7-4f2b-b4f3-d568dca769a5,->,12acfc45-bdfb-4343-9004-9be15dfd844c,server/model/players/TradeAndDuel.java,declineTrade
12acfc45-bdfb-4343-9004-9be15dfd844c,a2607ee7-4260-4da8-96e8-ba26187e8a6b,423f3e96-bce7-4f2b-b4f3-d568dca769a5,->,12acfc45-bdfb-4343-9004-9be15dfd844c,server/model/players/Client.java,sendMessage
12acfc45-bdfb-4343-9004-9be15dfd844c,a2607ee7-4260-4da8-96e8-ba26187e8a6b,423f3e96-bce7-4f2b-b4f3-d568dca769a5,->,12acfc45-bdfb-4343-9004-9be15dfd844c,server/model/players/Client.java,getPA
12acfc45-bdfb-4343-9004-9be15dfd844c,a2607ee7-4260-4da8-96e8-ba26187e8a6b,423f3e96-bce7-4f2b-b4f3-d568dca769a5,->,12acfc45-bdfb-4343-9004-9be15dfd844c,991eb2a8-284a-4290-ae08-f54cf8834706,609517a1-3a8b-4bd9-8623-3cae47c33a17
12acfc45-bdfb-4343-9004-9be15dfd844c,a2607ee7-4260-4da8-96e8-ba26187e8a6b,423f3e96-bce7-4f2b-b4f3-d568dca769a5,->,12acfc45-bdfb-4343-9004-9be15dfd844c,server/model/players/Client.java,getPA
12acfc45-bdfb-4343-9004-9be15dfd844c,a2607ee7-4260-4da8-96e8-ba26187e8a6b,423f3e96-bce7-4f2b-b4f3-d568dca769a5,->,12acfc45-bdfb-4343-9004-9be15dfd844c,991eb2a8-284a-4290-ae08-f54cf8834706,609517a1-3a8b-4bd9-8623-3cae47c33a17
12acfc45-bdfb-4343-9004-9be15dfd844c,a2607ee7-4260-4da8-96e8-ba26187e8a6b,423f3e96-bce7-4f2b-b4f3-d568dca769a5,->,12acfc45-bdfb-4343-9004-9be15dfd844c,server/model/players/Client.java,getTradeAndDuel
12acfc45-bdfb-4343-9004-9be15dfd844c,a2607ee7-4260-4da8-96e8-ba26187e8a6b,423f3e96-bce7-4f2b-b4f3-d568dca769a5,->,12acfc45-bdfb-4343-9004-9be15dfd844c,java/util/concurrent/CopyOnWriteArrayList.java,iterator
12acfc45-bdfb-4343-9004-9be15dfd844c,a2607ee7-4260-4da8-96e8-ba26187e8a6b,423f3e96-bce7-4f2b-b4f3-d568dca769a5,->,12acfc45-bdfb-4343-9004-9be15dfd844c,java/util/Iterator.java,hasNext
12acfc45-bdfb-4343-9004-9be15dfd844c,a2607ee7-4260-4da8-96e8-ba26187e8a6b,423f3e96-bce7-4f2b-b4f3-d568dca769a5,->,12acfc45-bdfb-4343-9004-9be15dfd844c,java/util/Iterator.java,next
12acfc45-bdfb-4343-9004-9be15dfd844c,a2607ee7-4260-4da8-96e8-ba26187e8a6b,423f3e96-bce7-4f2b-b4f3-d568dca769a5,->,12acfc45-bdfb-4343-9004-9be15dfd844c,server/model/players/Client.java,getItems
12acfc45-bdfb-4343-9004-9be15dfd844c,a2607ee7-4260-4da8-96e8-ba26187e8a6b,423f3e96-bce7-4f2b-b4f3-d568dca769a5,->,12acfc45-bdfb-4343-9004-9be15dfd844c,server/model/items/ItemAssistant.java,freeSlots
12acfc45-bdfb-4343-9004-9be15dfd844c,a2607ee7-4260-4da8-96e8-ba26187e8a6b,423f3e96-bce7-4f2b-b4f3-d568dca769a5,->,12acfc45-bdfb-4343-9004-9be15dfd844c,server/model/players/Client.java,getTradeAndDuel
12acfc45-bdfb-4343-9004-9be15dfd844c,a2607ee7-4260-4da8-96e8-ba26187e8a6b,423f3e96-bce7-4f2b-b4f3-d568dca769a5,->,12acfc45-bdfb-4343-9004-9be15dfd844c,java/util/concurrent/CopyOnWriteArrayList.java,size
12acfc45-bdfb-4343-9004-9be15dfd844c,a2607ee7-4260-4da8-96e8-ba26187e8a6b,423f3e96-bce7-4f2b-b4f3-d568dca769a5,->,12acfc45-bdfb-4343-9004-9be15dfd844c,java/lang/StringBuilder.java,append
12acfc45-bdfb-4343-9004-9be15dfd844c,a2607ee7-4260-4da8-96e8-ba26187e8a6b,423f3e96-bce7-4f2b-b4f3-d568dca769a5,->,12acfc45-bdfb-4343-9004-9be15dfd844c,java/lang/StringBuilder.java,append
12acfc45-bdfb-4343-9004-9be15dfd844c,a2607ee7-4260-4da8-96e8-ba26187e8a6b,423f3e96-bce7-4f2b-b4f3-d568dca769a5,->,12acfc45-bdfb-4343-9004-9be15dfd844c,server/model/players/Client.java,getItems
12acfc45-bdfb-4343-9004-9be15dfd844c,a2607ee7-4260-4da8-96e8-ba26187e8a6b,423f3e96-bce7-4f2b-b4f3-d568dca769a5,->,12acfc45-bdfb-4343-9004-9be15dfd844c,server/model/items/ItemAssistant.java,freeSlots
12acfc45-bdfb-4343-9004-9be15dfd844c,a2607ee7-4260-4da8-96e8-ba26187e8a6b,423f3e96-bce7-4f2b-b4f3-d568dca769a5,->,12acfc45-bdfb-4343-9004-9be15dfd844c,java/lang/StringBuilder.java,append
12acfc45-bdfb-4343-9004-9be15dfd844c,a2607ee7-4260-4da8-96e8-ba26187e8a6b,423f3e96-bce7-4f2b-b4f3-d568dca769a5,->,12acfc45-bdfb-4343-9004-9be15dfd844c,java/lang/StringBuilder.java,append
12acfc45-bdfb-4343-9004-9be15dfd844c,a2607ee7-4260-4da8-96e8-ba26187e8a6b,423f3e96-bce7-4f2b-b4f3-d568dca769a5,->,12acfc45-bdfb-4343-9004-9be15dfd844c,server/model/players/Client.java,getTradeAndDuel
12acfc45-bdfb-4343-9004-9be15dfd844c,a2607ee7-4260-4da8-96e8-ba26187e8a6b,423f3e96-bce7-4f2b-b4f3-d568dca769a5,->,12acfc45-bdfb-4343-9004-9be15dfd844c,java/util/concurrent/CopyOnWriteArrayList.java,size
12acfc45-bdfb-4343-9004-9be15dfd844c,a2607ee7-4260-4da8-96e8-ba26187e8a6b,423f3e96-bce7-4f2b-b4f3-d568dca769a5,->,12acfc45-bdfb-4343-9004-9be15dfd844c,server/model/players/Client.java,getItems
12acfc45-bdfb-4343-9004-9be15dfd844c,a2607ee7-4260-4da8-96e8-ba26187e8a6b,423f3e96-bce7-4f2b-b4f3-d568dca769a5,->,12acfc45-bdfb-4343-9004-9be15dfd844c,server/model/items/ItemAssistant.java,freeSlots
12acfc45-bdfb-4343-9004-9be15dfd844c,a2607ee7-4260-4da8-96e8-ba26187e8a6b,423f3e96-bce7-4f2b-b4f3-d568dca769a5,->,12acfc45-bdfb-4343-9004-9be15dfd844c,java/lang/StringBuilder.java,append
12acfc45-bdfb-4343-9004-9be15dfd844c,a2607ee7-4260-4da8-96e8-ba26187e8a6b,423f3e96-bce7-4f2b-b4f3-d568dca769a5,->,12acfc45-bdfb-4343-9004-9be15dfd844c,java/lang/StringBuilder.java,append
12acfc45-bdfb-4343-9004-9be15dfd844c,a2607ee7-4260-4da8-96e8-ba26187e8a6b,423f3e96-bce7-4f2b-b4f3-d568dca769a5,->,12acfc45-bdfb-4343-9004-9be15dfd844c,java/lang/StringBuilder.java,toString
12acfc45-bdfb-4343-9004-9be15dfd844c,a2607ee7-4260-4da8-96e8-ba26187e8a6b,423f3e96-bce7-4f2b-b4f3-d568dca769a5,->,12acfc45-bdfb-4343-9004-9be15dfd844c,server/model/players/Client.java,sendMessage
12acfc45-bdfb-4343-9004-9be15dfd844c,a2607ee7-4260-4da8-96e8-ba26187e8a6b,423f3e96-bce7-4f2b-b4f3-d568dca769a5,->,12acfc45-bdfb-4343-9004-9be15dfd844c,java/lang/StringBuilder.java,append
12acfc45-bdfb-4343-9004-9be15dfd844c,a2607ee7-4260-4da8-96e8-ba26187e8a6b,423f3e96-bce7-4f2b-b4f3-d568dca769a5,->,12acfc45-bdfb-4343-9004-9be15dfd844c,java/lang/StringBuilder.java,append
12acfc45-bdfb-4343-9004-9be15dfd844c,a2607ee7-4260-4da8-96e8-ba26187e8a6b,423f3e96-bce7-4f2b-b4f3-d568dca769a5,->,12acfc45-bdfb-4343-9004-9be15dfd844c,server/model/players/Client.java,getTradeAndDuel
12acfc45-bdfb-4343-9004-9be15dfd844c,a2607ee7-4260-4da8-96e8-ba26187e8a6b,423f3e96-bce7-4f2b-b4f3-d568dca769a5,->,12acfc45-bdfb-4343-9004-9be15dfd844c,java/util/concurrent/CopyOnWriteArrayList.java,size
12acfc45-bdfb-4343-9004-9be15dfd844c,a2607ee7-4260-4da8-96e8-ba26187e8a6b,423f3e96-bce7-4f2b-b4f3-d568dca769a5,->,12acfc45-bdfb-4343-9004-9be15dfd844c,server/model/players/Client.java,getItems
12acfc45-bdfb-4343-9004-9be15dfd844c,a2607ee7-4260-4da8-96e8-ba26187e8a6b,423f3e96-bce7-4f2b-b4f3-d568dca769a5,->,12acfc45-bdfb-4343-9004-9be15dfd844c,server/model/items/ItemAssistant.java,freeSlots
12acfc45-bdfb-4343-9004-9be15dfd844c,a2607ee7-4260-4da8-96e8-ba26187e8a6b,423f3e96-bce7-4f2b-b4f3-d568dca769a5,->,12acfc45-bdfb-4343-9004-9be15dfd844c,java/lang/StringBuilder.java,append
12acfc45-bdfb-4343-9004-9be15dfd844c,a2607ee7-4260-4da8-96e8-ba26187e8a6b,423f3e96-bce7-4f2b-b4f3-d568dca769a5,->,12acfc45-bdfb-4343-9004-9be15dfd844c,java/lang/StringBuilder.java,append
12acfc45-bdfb-4343-9004-9be15dfd844c,a2607ee7-4260-4da8-96e8-ba26187e8a6b,423f3e96-bce7-4f2b-b4f3-d568dca769a5,->,12acfc45-bdfb-4343-9004-9be15dfd844c,server/model/players/Client.java,getTradeAndDuel
12acfc45-bdfb-4343-9004-9be15dfd844c,a2607ee7-4260-4da8-96e8-ba26187e8a6b,423f3e96-bce7-4f2b-b4f3-d568dca769a5,->,12acfc45-bdfb-4343-9004-9be15dfd844c,java/util/concurrent/CopyOnWriteArrayList.java,size
12acfc45-bdfb-4343-9004-9be15dfd844c,a2607ee7-4260-4da8-96e8-ba26187e8a6b,423f3e96-bce7-4f2b-b4f3-d568dca769a5,->,12acfc45-bdfb-4343-9004-9be15dfd844c,server/model/players/Client.java,getItems
12acfc45-bdfb-4343-9004-9be15dfd844c,a2607ee7-4260-4da8-96e8-ba26187e8a6b,423f3e96-bce7-4f2b-b4f3-d568dca769a5,->,12acfc45-bdfb-4343-9004-9be15dfd844c,server/model/items/ItemAssistant.java,freeSlots
12acfc45-bdfb-4343-9004-9be15dfd844c,a2607ee7-4260-4da8-96e8-ba26187e8a6b,423f3e96-bce7-4f2b-b4f3-d568dca769a5,->,12acfc45-bdfb-4343-9004-9be15dfd844c,java/lang/StringBuilder.java,append
12acfc45-bdfb-4343-9004-9be15dfd844c,a2607ee7-4260-4da8-96e8-ba26187e8a6b,423f3e96-bce7-4f2b-b4f3-d568dca769a5,->,12acfc45-bdfb-4343-9004-9be15dfd844c,java/lang/StringBuilder.java,append
12acfc45-bdfb-4343-9004-9be15dfd844c,a2607ee7-4260-4da8-96e8-ba26187e8a6b,423f3e96-bce7-4f2b-b4f3-d568dca769a5,->,12acfc45-bdfb-4343-9004-9be15dfd844c,java/lang/StringBuilder.java,toString
12acfc45-bdfb-4343-9004-9be15dfd844c,a2607ee7-4260-4da8-96e8-ba26187e8a6b,423f3e96-bce7-4f2b-b4f3-d568dca769a5,->,12acfc45-bdfb-4343-9004-9be15dfd844c,server/model/players/Client.java,sendMessage
12acfc45-bdfb-4343-9004-9be15dfd844c,a2607ee7-4260-4da8-96e8-ba26187e8a6b,423f3e96-bce7-4f2b-b4f3-d568dca769a5,->,12acfc45-bdfb-4343-9004-9be15dfd844c,server/model/players/Client.java,getPA
12acfc45-bdfb-4343-9004-9be15dfd844c,a2607ee7-4260-4da8-96e8-ba26187e8a6b,423f3e96-bce7-4f2b-b4f3-d568dca769a5,->,12acfc45-bdfb-4343-9004-9be15dfd844c,991eb2a8-284a-4290-ae08-f54cf8834706,609517a1-3a8b-4bd9-8623-3cae47c33a17
12acfc45-bdfb-4343-9004-9be15dfd844c,a2607ee7-4260-4da8-96e8-ba26187e8a6b,423f3e96-bce7-4f2b-b4f3-d568dca769a5,->,12acfc45-bdfb-4343-9004-9be15dfd844c,server/model/players/Client.java,getPA
12acfc45-bdfb-4343-9004-9be15dfd844c,a2607ee7-4260-4da8-96e8-ba26187e8a6b,423f3e96-bce7-4f2b-b4f3-d568dca769a5,->,12acfc45-bdfb-4343-9004-9be15dfd844c,991eb2a8-284a-4290-ae08-f54cf8834706,609517a1-3a8b-4bd9-8623-3cae47c33a17
12acfc45-bdfb-4343-9004-9be15dfd844c,a2607ee7-4260-4da8-96e8-ba26187e8a6b,423f3e96-bce7-4f2b-b4f3-d568dca769a5,->,12acfc45-bdfb-4343-9004-9be15dfd844c,server/model/players/Client.java,getPA
12acfc45-bdfb-4343-9004-9be15dfd844c,a2607ee7-4260-4da8-96e8-ba26187e8a6b,423f3e96-bce7-4f2b-b4f3-d568dca769a5,->,12acfc45-bdfb-4343-9004-9be15dfd844c,991eb2a8-284a-4290-ae08-f54cf8834706,609517a1-3a8b-4bd9-8623-3cae47c33a17
12acfc45-bdfb-4343-9004-9be15dfd844c,a2607ee7-4260-4da8-96e8-ba26187e8a6b,423f3e96-bce7-4f2b-b4f3-d568dca769a5,->,12acfc45-bdfb-4343-9004-9be15dfd844c,server/model/players/Client.java,getPA
12acfc45-bdfb-4343-9004-9be15dfd844c,a2607ee7-4260-4da8-96e8-ba26187e8a6b,423f3e96-bce7-4f2b-b4f3-d568dca769a5,->,12acfc45-bdfb-4343-9004-9be15dfd844c,991eb2a8-284a-4290-ae08-f54cf8834706,609517a1-3a8b-4bd9-8623-3cae47c33a17
12acfc45-bdfb-4343-9004-9be15dfd844c,a2607ee7-4260-4da8-96e8-ba26187e8a6b,423f3e96-bce7-4f2b-b4f3-d568dca769a5,->,12acfc45-bdfb-4343-9004-9be15dfd844c,server/model/players/Client.java,getTradeAndDuel
12acfc45-bdfb-4343-9004-9be15dfd844c,a2607ee7-4260-4da8-96e8-ba26187e8a6b,423f3e96-bce7-4f2b-b4f3-d568dca769a5,->,12acfc45-bdfb-4343-9004-9be15dfd844c,server/model/players/TradeAndDuel.java,confirmScreen
12acfc45-bdfb-4343-9004-9be15dfd844c,a2607ee7-4260-4da8-96e8-ba26187e8a6b,423f3e96-bce7-4f2b-b4f3-d568dca769a5,->,12acfc45-bdfb-4343-9004-9be15dfd844c,server/model/players/Client.java,getTradeAndDuel
12acfc45-bdfb-4343-9004-9be15dfd844c,a2607ee7-4260-4da8-96e8-ba26187e8a6b,423f3e96-bce7-4f2b-b4f3-d568dca769a5,->,12acfc45-bdfb-4343-9004-9be15dfd844c,server/model/players/TradeAndDuel.java,confirmScreen
12acfc45-bdfb-4343-9004-9be15dfd844c,a2607ee7-4260-4da8-96e8-ba26187e8a6b,423f3e96-bce7-4f2b-b4f3-d568dca769a5,->,12acfc45-bdfb-4343-9004-9be15dfd844c,java/lang/System.java,currentTimeMillis
12acfc45-bdfb-4343-9004-9be15dfd844c,a2607ee7-4260-4da8-96e8-ba26187e8a6b,423f3e96-bce7-4f2b-b4f3-d568dca769a5,->,12acfc45-bdfb-4343-9004-9be15dfd844c,java/lang/System.java,currentTimeMillis
12acfc45-bdfb-4343-9004-9be15dfd844c,a2607ee7-4260-4da8-96e8-ba26187e8a6b,423f3e96-bce7-4f2b-b4f3-d568dca769a5,->,12acfc45-bdfb-4343-9004-9be15dfd844c,java/lang/System.java,currentTimeMillis
12acfc45-bdfb-4343-9004-9be15dfd844c,a2607ee7-4260-4da8-96e8-ba26187e8a6b,423f3e96-bce7-4f2b-b4f3-d568dca769a5,->,12acfc45-bdfb-4343-9004-9be15dfd844c,server/model/players/Client.java,getTradeAndDuel
12acfc45-bdfb-4343-9004-9be15dfd844c,a2607ee7-4260-4da8-96e8-ba26187e8a6b,423f3e96-bce7-4f2b-b4f3-d568dca769a5,->,12acfc45-bdfb-4343-9004-9be15dfd844c,server/model/players/TradeAndDuel.java,declineTrade
12acfc45-bdfb-4343-9004-9be15dfd844c,a2607ee7-4260-4da8-96e8-ba26187e8a6b,423f3e96-bce7-4f2b-b4f3-d568dca769a5,->,12acfc45-bdfb-4343-9004-9be15dfd844c,server/model/players/Client.java,sendMessage
12acfc45-bdfb-4343-9004-9be15dfd844c,a2607ee7-4260-4da8-96e8-ba26187e8a6b,423f3e96-bce7-4f2b-b4f3-d568dca769a5,->,12acfc45-bdfb-4343-9004-9be15dfd844c,server/model/players/Client.java,getTradeAndDuel
12acfc45-bdfb-4343-9004-9be15dfd844c,a2607ee7-4260-4da8-96e8-ba26187e8a6b,423f3e96-bce7-4f2b-b4f3-d568dca769a5,->,12acfc45-bdfb-4343-9004-9be15dfd844c,server/model/players/TradeAndDuel.java,giveItems
12acfc45-bdfb-4343-9004-9be15dfd844c,a2607ee7-4260-4da8-96e8-ba26187e8a6b,423f3e96-bce7-4f2b-b4f3-d568dca769a5,->,12acfc45-bdfb-4343-9004-9be15dfd844c,server/model/players/Client.java,getTradeAndDuel
12acfc45-bdfb-4343-9004-9be15dfd844c,a2607ee7-4260-4da8-96e8-ba26187e8a6b,423f3e96-bce7-4f2b-b4f3-d568dca769a5,->,12acfc45-bdfb-4343-9004-9be15dfd844c,server/model/players/TradeAndDuel.java,giveItems
12acfc45-bdfb-4343-9004-9be15dfd844c,a2607ee7-4260-4da8-96e8-ba26187e8a6b,423f3e96-bce7-4f2b-b4f3-d568dca769a5,->,12acfc45-bdfb-4343-9004-9be15dfd844c,server/model/players/Client.java,getPA
12acfc45-bdfb-4343-9004-9be15dfd844c,a2607ee7-4260-4da8-96e8-ba26187e8a6b,423f3e96-bce7-4f2b-b4f3-d568dca769a5,->,12acfc45-bdfb-4343-9004-9be15dfd844c,991eb2a8-284a-4290-ae08-f54cf8834706,609517a1-3a8b-4bd9-8623-3cae47c33a17
12acfc45-bdfb-4343-9004-9be15dfd844c,a2607ee7-4260-4da8-96e8-ba26187e8a6b,423f3e96-bce7-4f2b-b4f3-d568dca769a5,->,12acfc45-bdfb-4343-9004-9be15dfd844c,server/model/players/Client.java,getPA
12acfc45-bdfb-4343-9004-9be15dfd844c,a2607ee7-4260-4da8-96e8-ba26187e8a6b,423f3e96-bce7-4f2b-b4f3-d568dca769a5,->,12acfc45-bdfb-4343-9004-9be15dfd844c,991eb2a8-284a-4290-ae08-f54cf8834706,609517a1-3a8b-4bd9-8623-3cae47c33a17
12acfc45-bdfb-4343-9004-9be15dfd844c,a2607ee7-4260-4da8-96e8-ba26187e8a6b,423f3e96-bce7-4f2b-b4f3-d568dca769a5,->,12acfc45-bdfb-4343-9004-9be15dfd844c,server/model/players/Client.java,getPA
12acfc45-bdfb-4343-9004-9be15dfd844c,a2607ee7-4260-4da8-96e8-ba26187e8a6b,423f3e96-bce7-4f2b-b4f3-d568dca769a5,->,12acfc45-bdfb-4343-9004-9be15dfd844c,991eb2a8-284a-4290-ae08-f54cf8834706,27bd7aec-abd0-4844-9935-efefbf7019b2
12acfc45-bdfb-4343-9004-9be15dfd844c,a2607ee7-4260-4da8-96e8-ba26187e8a6b,423f3e96-bce7-4f2b-b4f3-d568dca769a5,->,12acfc45-bdfb-4343-9004-9be15dfd844c,server/model/players/Client.java,getPA
12acfc45-bdfb-4343-9004-9be15dfd844c,a2607ee7-4260-4da8-96e8-ba26187e8a6b,423f3e96-bce7-4f2b-b4f3-d568dca769a5,->,12acfc45-bdfb-4343-9004-9be15dfd844c,991eb2a8-284a-4290-ae08-f54cf8834706,27bd7aec-abd0-4844-9935-efefbf7019b2
12acfc45-bdfb-4343-9004-9be15dfd844c,a2607ee7-4260-4da8-96e8-ba26187e8a6b,423f3e96-bce7-4f2b-b4f3-d568dca769a5,->,12acfc45-bdfb-4343-9004-9be15dfd844c,server/model/players/Client.java,getPA
12acfc45-bdfb-4343-9004-9be15dfd844c,a2607ee7-4260-4da8-96e8-ba26187e8a6b,423f3e96-bce7-4f2b-b4f3-d568dca769a5,->,12acfc45-bdfb-4343-9004-9be15dfd844c,server/model/players/PlayerAssistant.java,showInterface
12acfc45-bdfb-4343-9004-9be15dfd844c,a2607ee7-4260-4da8-96e8-ba26187e8a6b,423f3e96-bce7-4f2b-b4f3-d568dca769a5,->,12acfc45-bdfb-4343-9004-9be15dfd844c,server/model/players/Client.java,sendMessage
12acfc45-bdfb-4343-9004-9be15dfd844c,a2607ee7-4260-4da8-96e8-ba26187e8a6b,423f3e96-bce7-4f2b-b4f3-d568dca769a5,->,12acfc45-bdfb-4343-9004-9be15dfd844c,server/model/players/Client.java,sendMessage
12acfc45-bdfb-4343-9004-9be15dfd844c,a2607ee7-4260-4da8-96e8-ba26187e8a6b,423f3e96-bce7-4f2b-b4f3-d568dca769a5,->,12acfc45-bdfb-4343-9004-9be15dfd844c,server/model/players/Client.java,getPA
12acfc45-bdfb-4343-9004-9be15dfd844c,a2607ee7-4260-4da8-96e8-ba26187e8a6b,423f3e96-bce7-4f2b-b4f3-d568dca769a5,->,12acfc45-bdfb-4343-9004-9be15dfd844c,991eb2a8-284a-4290-ae08-f54cf8834706,27bd7aec-abd0-4844-9935-efefbf7019b2
12acfc45-bdfb-4343-9004-9be15dfd844c,a2607ee7-4260-4da8-96e8-ba26187e8a6b,423f3e96-bce7-4f2b-b4f3-d568dca769a5,->,12acfc45-bdfb-4343-9004-9be15dfd844c,server/model/players/Client.java,getPA
12acfc45-bdfb-4343-9004-9be15dfd844c,a2607ee7-4260-4da8-96e8-ba26187e8a6b,423f3e96-bce7-4f2b-b4f3-d568dca769a5,->,12acfc45-bdfb-4343-9004-9be15dfd844c,991eb2a8-284a-4290-ae08-f54cf8834706,27bd7aec-abd0-4844-9935-efefbf7019b2
12acfc45-bdfb-4343-9004-9be15dfd844c,a2607ee7-4260-4da8-96e8-ba26187e8a6b,423f3e96-bce7-4f2b-b4f3-d568dca769a5,->,12acfc45-bdfb-4343-9004-9be15dfd844c,server/model/players/Client.java,getPA
12acfc45-bdfb-4343-9004-9be15dfd844c,a2607ee7-4260-4da8-96e8-ba26187e8a6b,423f3e96-bce7-4f2b-b4f3-d568dca769a5,->,12acfc45-bdfb-4343-9004-9be15dfd844c,991eb2a8-284a-4290-ae08-f54cf8834706,27bd7aec-abd0-4844-9935-efefbf7019b2
12acfc45-bdfb-4343-9004-9be15dfd844c,a2607ee7-4260-4da8-96e8-ba26187e8a6b,423f3e96-bce7-4f2b-b4f3-d568dca769a5,->,12acfc45-bdfb-4343-9004-9be15dfd844c,server/model/players/Client.java,getPA
12acfc45-bdfb-4343-9004-9be15dfd844c,a2607ee7-4260-4da8-96e8-ba26187e8a6b,423f3e96-bce7-4f2b-b4f3-d568dca769a5,->,12acfc45-bdfb-4343-9004-9be15dfd844c,991eb2a8-284a-4290-ae08-f54cf8834706,27bd7aec-abd0-4844-9935-efefbf7019b2
12acfc45-bdfb-4343-9004-9be15dfd844c,a2607ee7-4260-4da8-96e8-ba26187e8a6b,423f3e96-bce7-4f2b-b4f3-d568dca769a5,->,12acfc45-bdfb-4343-9004-9be15dfd844c,server/model/players/Client.java,getPA
12acfc45-bdfb-4343-9004-9be15dfd844c,a2607ee7-4260-4da8-96e8-ba26187e8a6b,423f3e96-bce7-4f2b-b4f3-d568dca769a5,->,12acfc45-bdfb-4343-9004-9be15dfd844c,991eb2a8-284a-4290-ae08-f54cf8834706,27bd7aec-abd0-4844-9935-efefbf7019b2
12acfc45-bdfb-4343-9004-9be15dfd844c,a2607ee7-4260-4da8-96e8-ba26187e8a6b,423f3e96-bce7-4f2b-b4f3-d568dca769a5,->,12acfc45-bdfb-4343-9004-9be15dfd844c,server/model/players/Client.java,getPA
12acfc45-bdfb-4343-9004-9be15dfd844c,a2607ee7-4260-4da8-96e8-ba26187e8a6b,423f3e96-bce7-4f2b-b4f3-d568dca769a5,->,12acfc45-bdfb-4343-9004-9be15dfd844c,991eb2a8-284a-4290-ae08-f54cf8834706,27bd7aec-abd0-4844-9935-efefbf7019b2
12acfc45-bdfb-4343-9004-9be15dfd844c,a2607ee7-4260-4da8-96e8-ba26187e8a6b,423f3e96-bce7-4f2b-b4f3-d568dca769a5,->,12acfc45-bdfb-4343-9004-9be15dfd844c,server/model/players/Client.java,getPA
12acfc45-bdfb-4343-9004-9be15dfd844c,a2607ee7-4260-4da8-96e8-ba26187e8a6b,423f3e96-bce7-4f2b-b4f3-d568dca769a5,->,12acfc45-bdfb-4343-9004-9be15dfd844c,991eb2a8-284a-4290-ae08-f54cf8834706,27bd7aec-abd0-4844-9935-efefbf7019b2
12acfc45-bdfb-4343-9004-9be15dfd844c,a2607ee7-4260-4da8-96e8-ba26187e8a6b,423f3e96-bce7-4f2b-b4f3-d568dca769a5,->,12acfc45-bdfb-4343-9004-9be15dfd844c,server/model/players/Client.java,getPA
12acfc45-bdfb-4343-9004-9be15dfd844c,a2607ee7-4260-4da8-96e8-ba26187e8a6b,423f3e96-bce7-4f2b-b4f3-d568dca769a5,->,12acfc45-bdfb-4343-9004-9be15dfd844c,991eb2a8-284a-4290-ae08-f54cf8834706,27bd7aec-abd0-4844-9935-efefbf7019b2
12acfc45-bdfb-4343-9004-9be15dfd844c,a2607ee7-4260-4da8-96e8-ba26187e8a6b,423f3e96-bce7-4f2b-b4f3-d568dca769a5,->,12acfc45-bdfb-4343-9004-9be15dfd844c,server/model/players/Client.java,getPA
12acfc45-bdfb-4343-9004-9be15dfd844c,a2607ee7-4260-4da8-96e8-ba26187e8a6b,423f3e96-bce7-4f2b-b4f3-d568dca769a5,->,12acfc45-bdfb-4343-9004-9be15dfd844c,991eb2a8-284a-4290-ae08-f54cf8834706,27bd7aec-abd0-4844-9935-efefbf7019b2
12acfc45-bdfb-4343-9004-9be15dfd844c,a2607ee7-4260-4da8-96e8-ba26187e8a6b,423f3e96-bce7-4f2b-b4f3-d568dca769a5,->,12acfc45-bdfb-4343-9004-9be15dfd844c,server/model/players/Client.java,getPA
12acfc45-bdfb-4343-9004-9be15dfd844c,a2607ee7-4260-4da8-96e8-ba26187e8a6b,423f3e96-bce7-4f2b-b4f3-d568dca769a5,->,12acfc45-bdfb-4343-9004-9be15dfd844c,991eb2a8-284a-4290-ae08-f54cf8834706,27bd7aec-abd0-4844-9935-efefbf7019b2
12acfc45-bdfb-4343-9004-9be15dfd844c,a2607ee7-4260-4da8-96e8-ba26187e8a6b,423f3e96-bce7-4f2b-b4f3-d568dca769a5,->,12acfc45-bdfb-4343-9004-9be15dfd844c,server/model/players/Client.java,getPA
12acfc45-bdfb-4343-9004-9be15dfd844c,a2607ee7-4260-4da8-96e8-ba26187e8a6b,423f3e96-bce7-4f2b-b4f3-d568dca769a5,->,12acfc45-bdfb-4343-9004-9be15dfd844c,991eb2a8-284a-4290-ae08-f54cf8834706,27bd7aec-abd0-4844-9935-efefbf7019b2
12acfc45-bdfb-4343-9004-9be15dfd844c,a2607ee7-4260-4da8-96e8-ba26187e8a6b,423f3e96-bce7-4f2b-b4f3-d568dca769a5,->,12acfc45-bdfb-4343-9004-9be15dfd844c,server/model/players/Client.java,getPA
12acfc45-bdfb-4343-9004-9be15dfd844c,a2607ee7-4260-4da8-96e8-ba26187e8a6b,423f3e96-bce7-4f2b-b4f3-d568dca769a5,->,12acfc45-bdfb-4343-9004-9be15dfd844c,991eb2a8-284a-4290-ae08-f54cf8834706,27bd7aec-abd0-4844-9935-efefbf7019b2
12acfc45-bdfb-4343-9004-9be15dfd844c,a2607ee7-4260-4da8-96e8-ba26187e8a6b,423f3e96-bce7-4f2b-b4f3-d568dca769a5,->,12acfc45-bdfb-4343-9004-9be15dfd844c,server/model/players/Client.java,getPA
12acfc45-bdfb-4343-9004-9be15dfd844c,a2607ee7-4260-4da8-96e8-ba26187e8a6b,423f3e96-bce7-4f2b-b4f3-d568dca769a5,->,12acfc45-bdfb-4343-9004-9be15dfd844c,991eb2a8-284a-4290-ae08-f54cf8834706,27bd7aec-abd0-4844-9935-efefbf7019b2
12acfc45-bdfb-4343-9004-9be15dfd844c,a2607ee7-4260-4da8-96e8-ba26187e8a6b,423f3e96-bce7-4f2b-b4f3-d568dca769a5,->,12acfc45-bdfb-4343-9004-9be15dfd844c,server/model/players/Client.java,getPA
12acfc45-bdfb-4343-9004-9be15dfd844c,a2607ee7-4260-4da8-96e8-ba26187e8a6b,423f3e96-bce7-4f2b-b4f3-d568dca769a5,->,12acfc45-bdfb-4343-9004-9be15dfd844c,991eb2a8-284a-4290-ae08-f54cf8834706,27bd7aec-abd0-4844-9935-efefbf7019b2
12acfc45-bdfb-4343-9004-9be15dfd844c,a2607ee7-4260-4da8-96e8-ba26187e8a6b,423f3e96-bce7-4f2b-b4f3-d568dca769a5,->,12acfc45-bdfb-4343-9004-9be15dfd844c,server/model/players/Client.java,getPA
12acfc45-bdfb-4343-9004-9be15dfd844c,a2607ee7-4260-4da8-96e8-ba26187e8a6b,423f3e96-bce7-4f2b-b4f3-d568dca769a5,->,12acfc45-bdfb-4343-9004-9be15dfd844c,991eb2a8-284a-4290-ae08-f54cf8834706,27bd7aec-abd0-4844-9935-efefbf7019b2
12acfc45-bdfb-4343-9004-9be15dfd844c,a2607ee7-4260-4da8-96e8-ba26187e8a6b,423f3e96-bce7-4f2b-b4f3-d568dca769a5,->,12acfc45-bdfb-4343-9004-9be15dfd844c,server/model/players/Client.java,getPA
12acfc45-bdfb-4343-9004-9be15dfd844c,a2607ee7-4260-4da8-96e8-ba26187e8a6b,423f3e96-bce7-4f2b-b4f3-d568dca769a5,->,12acfc45-bdfb-4343-9004-9be15dfd844c,991eb2a8-284a-4290-ae08-f54cf8834706,27bd7aec-abd0-4844-9935-efefbf7019b2
12acfc45-bdfb-4343-9004-9be15dfd844c,a2607ee7-4260-4da8-96e8-ba26187e8a6b,423f3e96-bce7-4f2b-b4f3-d568dca769a5,->,12acfc45-bdfb-4343-9004-9be15dfd844c,server/model/players/Client.java,getPA
12acfc45-bdfb-4343-9004-9be15dfd844c,a2607ee7-4260-4da8-96e8-ba26187e8a6b,423f3e96-bce7-4f2b-b4f3-d568dca769a5,->,12acfc45-bdfb-4343-9004-9be15dfd844c,991eb2a8-284a-4290-ae08-f54cf8834706,27bd7aec-abd0-4844-9935-efefbf7019b2
12acfc45-bdfb-4343-9004-9be15dfd844c,a2607ee7-4260-4da8-96e8-ba26187e8a6b,423f3e96-bce7-4f2b-b4f3-d568dca769a5,->,12acfc45-bdfb-4343-9004-9be15dfd844c,server/model/players/Client.java,getPA
12acfc45-bdfb-4343-9004-9be15dfd844c,a2607ee7-4260-4da8-96e8-ba26187e8a6b,423f3e96-bce7-4f2b-b4f3-d568dca769a5,->,12acfc45-bdfb-4343-9004-9be15dfd844c,991eb2a8-284a-4290-ae08-f54cf8834706,27bd7aec-abd0-4844-9935-efefbf7019b2
12acfc45-bdfb-4343-9004-9be15dfd844c,a2607ee7-4260-4da8-96e8-ba26187e8a6b,423f3e96-bce7-4f2b-b4f3-d568dca769a5,->,12acfc45-bdfb-4343-9004-9be15dfd844c,server/model/players/Client.java,getPA
12acfc45-bdfb-4343-9004-9be15dfd844c,a2607ee7-4260-4da8-96e8-ba26187e8a6b,423f3e96-bce7-4f2b-b4f3-d568dca769a5,->,12acfc45-bdfb-4343-9004-9be15dfd844c,991eb2a8-284a-4290-ae08-f54cf8834706,27bd7aec-abd0-4844-9935-efefbf7019b2
12acfc45-bdfb-4343-9004-9be15dfd844c,a2607ee7-4260-4da8-96e8-ba26187e8a6b,423f3e96-bce7-4f2b-b4f3-d568dca769a5,->,12acfc45-bdfb-4343-9004-9be15dfd844c,server/model/players/Client.java,getPA
12acfc45-bdfb-4343-9004-9be15dfd844c,a2607ee7-4260-4da8-96e8-ba26187e8a6b,423f3e96-bce7-4f2b-b4f3-d568dca769a5,->,12acfc45-bdfb-4343-9004-9be15dfd844c,991eb2a8-284a-4290-ae08-f54cf8834706,27bd7aec-abd0-4844-9935-efefbf7019b2
12acfc45-bdfb-4343-9004-9be15dfd844c,a2607ee7-4260-4da8-96e8-ba26187e8a6b,423f3e96-bce7-4f2b-b4f3-d568dca769a5,->,12acfc45-bdfb-4343-9004-9be15dfd844c,server/model/players/Client.java,getPA
12acfc45-bdfb-4343-9004-9be15dfd844c,a2607ee7-4260-4da8-96e8-ba26187e8a6b,423f3e96-bce7-4f2b-b4f3-d568dca769a5,->,12acfc45-bdfb-4343-9004-9be15dfd844c,991eb2a8-284a-4290-ae08-f54cf8834706,27bd7aec-abd0-4844-9935-efefbf7019b2
12acfc45-bdfb-4343-9004-9be15dfd844c,a2607ee7-4260-4da8-96e8-ba26187e8a6b,423f3e96-bce7-4f2b-b4f3-d568dca769a5,->,12acfc45-bdfb-4343-9004-9be15dfd844c,server/model/players/Client.java,getPA
12acfc45-bdfb-4343-9004-9be15dfd844c,a2607ee7-4260-4da8-96e8-ba26187e8a6b,423f3e96-bce7-4f2b-b4f3-d568dca769a5,->,12acfc45-bdfb-4343-9004-9be15dfd844c,991eb2a8-284a-4290-ae08-f54cf8834706,27bd7aec-abd0-4844-9935-efefbf7019b2
12acfc45-bdfb-4343-9004-9be15dfd844c,a2607ee7-4260-4da8-96e8-ba26187e8a6b,423f3e96-bce7-4f2b-b4f3-d568dca769a5,->,12acfc45-bdfb-4343-9004-9be15dfd844c,server/model/players/Client.java,getPA
12acfc45-bdfb-4343-9004-9be15dfd844c,a2607ee7-4260-4da8-96e8-ba26187e8a6b,423f3e96-bce7-4f2b-b4f3-d568dca769a5,->,12acfc45-bdfb-4343-9004-9be15dfd844c,991eb2a8-284a-4290-ae08-f54cf8834706,27bd7aec-abd0-4844-9935-efefbf7019b2
12acfc45-bdfb-4343-9004-9be15dfd844c,a2607ee7-4260-4da8-96e8-ba26187e8a6b,423f3e96-bce7-4f2b-b4f3-d568dca769a5,->,12acfc45-bdfb-4343-9004-9be15dfd844c,server/model/players/Client.java,getPA
12acfc45-bdfb-4343-9004-9be15dfd844c,a2607ee7-4260-4da8-96e8-ba26187e8a6b,423f3e96-bce7-4f2b-b4f3-d568dca769a5,->,12acfc45-bdfb-4343-9004-9be15dfd844c,991eb2a8-284a-4290-ae08-f54cf8834706,27bd7aec-abd0-4844-9935-efefbf7019b2
12acfc45-bdfb-4343-9004-9be15dfd844c,a2607ee7-4260-4da8-96e8-ba26187e8a6b,423f3e96-bce7-4f2b-b4f3-d568dca769a5,->,12acfc45-bdfb-4343-9004-9be15dfd844c,server/model/players/Client.java,getPA
12acfc45-bdfb-4343-9004-9be15dfd844c,a2607ee7-4260-4da8-96e8-ba26187e8a6b,423f3e96-bce7-4f2b-b4f3-d568dca769a5,->,12acfc45-bdfb-4343-9004-9be15dfd844c,991eb2a8-284a-4290-ae08-f54cf8834706,27bd7aec-abd0-4844-9935-efefbf7019b2
12acfc45-bdfb-4343-9004-9be15dfd844c,a2607ee7-4260-4da8-96e8-ba26187e8a6b,423f3e96-bce7-4f2b-b4f3-d568dca769a5,->,12acfc45-bdfb-4343-9004-9be15dfd844c,server/model/players/Client.java,getPA
12acfc45-bdfb-4343-9004-9be15dfd844c,a2607ee7-4260-4da8-96e8-ba26187e8a6b,423f3e96-bce7-4f2b-b4f3-d568dca769a5,->,12acfc45-bdfb-4343-9004-9be15dfd844c,991eb2a8-284a-4290-ae08-f54cf8834706,27bd7aec-abd0-4844-9935-efefbf7019b2
12acfc45-bdfb-4343-9004-9be15dfd844c,a2607ee7-4260-4da8-96e8-ba26187e8a6b,423f3e96-bce7-4f2b-b4f3-d568dca769a5,->,12acfc45-bdfb-4343-9004-9be15dfd844c,server/model/players/Client.java,getPA
12acfc45-bdfb-4343-9004-9be15dfd844c,a2607ee7-4260-4da8-96e8-ba26187e8a6b,423f3e96-bce7-4f2b-b4f3-d568dca769a5,->,12acfc45-bdfb-4343-9004-9be15dfd844c,991eb2a8-284a-4290-ae08-f54cf8834706,27bd7aec-abd0-4844-9935-efefbf7019b2
12acfc45-bdfb-4343-9004-9be15dfd844c,a2607ee7-4260-4da8-96e8-ba26187e8a6b,423f3e96-bce7-4f2b-b4f3-d568dca769a5,->,12acfc45-bdfb-4343-9004-9be15dfd844c,server/model/players/Client.java,getPA
12acfc45-bdfb-4343-9004-9be15dfd844c,a2607ee7-4260-4da8-96e8-ba26187e8a6b,423f3e96-bce7-4f2b-b4f3-d568dca769a5,->,12acfc45-bdfb-4343-9004-9be15dfd844c,991eb2a8-284a-4290-ae08-f54cf8834706,27bd7aec-abd0-4844-9935-efefbf7019b2
12acfc45-bdfb-4343-9004-9be15dfd844c,a2607ee7-4260-4da8-96e8-ba26187e8a6b,423f3e96-bce7-4f2b-b4f3-d568dca769a5,->,12acfc45-bdfb-4343-9004-9be15dfd844c,server/model/players/Client.java,getPA
12acfc45-bdfb-4343-9004-9be15dfd844c,a2607ee7-4260-4da8-96e8-ba26187e8a6b,423f3e96-bce7-4f2b-b4f3-d568dca769a5,->,12acfc45-bdfb-4343-9004-9be15dfd844c,991eb2a8-284a-4290-ae08-f54cf8834706,27bd7aec-abd0-4844-9935-efefbf7019b2
12acfc45-bdfb-4343-9004-9be15dfd844c,a2607ee7-4260-4da8-96e8-ba26187e8a6b,423f3e96-bce7-4f2b-b4f3-d568dca769a5,->,12acfc45-bdfb-4343-9004-9be15dfd844c,server/model/players/Client.java,getPA
12acfc45-bdfb-4343-9004-9be15dfd844c,a2607ee7-4260-4da8-96e8-ba26187e8a6b,423f3e96-bce7-4f2b-b4f3-d568dca769a5,->,12acfc45-bdfb-4343-9004-9be15dfd844c,991eb2a8-284a-4290-ae08-f54cf8834706,27bd7aec-abd0-4844-9935-efefbf7019b2
12acfc45-bdfb-4343-9004-9be15dfd844c,a2607ee7-4260-4da8-96e8-ba26187e8a6b,423f3e96-bce7-4f2b-b4f3-d568dca769a5,->,12acfc45-bdfb-4343-9004-9be15dfd844c,server/model/players/Client.java,getPA
12acfc45-bdfb-4343-9004-9be15dfd844c,a2607ee7-4260-4da8-96e8-ba26187e8a6b,423f3e96-bce7-4f2b-b4f3-d568dca769a5,->,12acfc45-bdfb-4343-9004-9be15dfd844c,991eb2a8-284a-4290-ae08-f54cf8834706,27bd7aec-abd0-4844-9935-efefbf7019b2
12acfc45-bdfb-4343-9004-9be15dfd844c,a2607ee7-4260-4da8-96e8-ba26187e8a6b,423f3e96-bce7-4f2b-b4f3-d568dca769a5,->,12acfc45-bdfb-4343-9004-9be15dfd844c,server/model/players/Client.java,getPA
12acfc45-bdfb-4343-9004-9be15dfd844c,a2607ee7-4260-4da8-96e8-ba26187e8a6b,423f3e96-bce7-4f2b-b4f3-d568dca769a5,->,12acfc45-bdfb-4343-9004-9be15dfd844c,991eb2a8-284a-4290-ae08-f54cf8834706,27bd7aec-abd0-4844-9935-efefbf7019b2
12acfc45-bdfb-4343-9004-9be15dfd844c,a2607ee7-4260-4da8-96e8-ba26187e8a6b,423f3e96-bce7-4f2b-b4f3-d568dca769a5,->,12acfc45-bdfb-4343-9004-9be15dfd844c,server/model/players/Client.java,getPA
12acfc45-bdfb-4343-9004-9be15dfd844c,a2607ee7-4260-4da8-96e8-ba26187e8a6b,423f3e96-bce7-4f2b-b4f3-d568dca769a5,->,12acfc45-bdfb-4343-9004-9be15dfd844c,991eb2a8-284a-4290-ae08-f54cf8834706,27bd7aec-abd0-4844-9935-efefbf7019b2
12acfc45-bdfb-4343-9004-9be15dfd844c,a2607ee7-4260-4da8-96e8-ba26187e8a6b,423f3e96-bce7-4f2b-b4f3-d568dca769a5,->,12acfc45-bdfb-4343-9004-9be15dfd844c,server/model/players/Client.java,getPA
12acfc45-bdfb-4343-9004-9be15dfd844c,a2607ee7-4260-4da8-96e8-ba26187e8a6b,423f3e96-bce7-4f2b-b4f3-d568dca769a5,->,12acfc45-bdfb-4343-9004-9be15dfd844c,991eb2a8-284a-4290-ae08-f54cf8834706,27bd7aec-abd0-4844-9935-efefbf7019b2
12acfc45-bdfb-4343-9004-9be15dfd844c,a2607ee7-4260-4da8-96e8-ba26187e8a6b,423f3e96-bce7-4f2b-b4f3-d568dca769a5,->,12acfc45-bdfb-4343-9004-9be15dfd844c,server/model/players/Client.java,getPA
12acfc45-bdfb-4343-9004-9be15dfd844c,a2607ee7-4260-4da8-96e8-ba26187e8a6b,423f3e96-bce7-4f2b-b4f3-d568dca769a5,->,12acfc45-bdfb-4343-9004-9be15dfd844c,991eb2a8-284a-4290-ae08-f54cf8834706,27bd7aec-abd0-4844-9935-efefbf7019b2
12acfc45-bdfb-4343-9004-9be15dfd844c,a2607ee7-4260-4da8-96e8-ba26187e8a6b,423f3e96-bce7-4f2b-b4f3-d568dca769a5,->,12acfc45-bdfb-4343-9004-9be15dfd844c,server/model/players/Client.java,getPA
12acfc45-bdfb-4343-9004-9be15dfd844c,a2607ee7-4260-4da8-96e8-ba26187e8a6b,423f3e96-bce7-4f2b-b4f3-d568dca769a5,->,12acfc45-bdfb-4343-9004-9be15dfd844c,991eb2a8-284a-4290-ae08-f54cf8834706,27bd7aec-abd0-4844-9935-efefbf7019b2
12acfc45-bdfb-4343-9004-9be15dfd844c,a2607ee7-4260-4da8-96e8-ba26187e8a6b,423f3e96-bce7-4f2b-b4f3-d568dca769a5,->,12acfc45-bdfb-4343-9004-9be15dfd844c,server/model/players/Client.java,getPA
12acfc45-bdfb-4343-9004-9be15dfd844c,a2607ee7-4260-4da8-96e8-ba26187e8a6b,423f3e96-bce7-4f2b-b4f3-d568dca769a5,->,12acfc45-bdfb-4343-9004-9be15dfd844c,991eb2a8-284a-4290-ae08-f54cf8834706,27bd7aec-abd0-4844-9935-efefbf7019b2
12acfc45-bdfb-4343-9004-9be15dfd844c,a2607ee7-4260-4da8-96e8-ba26187e8a6b,423f3e96-bce7-4f2b-b4f3-d568dca769a5,->,12acfc45-bdfb-4343-9004-9be15dfd844c,server/model/players/Client.java,getPA
12acfc45-bdfb-4343-9004-9be15dfd844c,a2607ee7-4260-4da8-96e8-ba26187e8a6b,423f3e96-bce7-4f2b-b4f3-d568dca769a5,->,12acfc45-bdfb-4343-9004-9be15dfd844c,991eb2a8-284a-4290-ae08-f54cf8834706,27bd7aec-abd0-4844-9935-efefbf7019b2
12acfc45-bdfb-4343-9004-9be15dfd844c,a2607ee7-4260-4da8-96e8-ba26187e8a6b,423f3e96-bce7-4f2b-b4f3-d568dca769a5,->,12acfc45-bdfb-4343-9004-9be15dfd844c,server/model/players/Client.java,getPA
12acfc45-bdfb-4343-9004-9be15dfd844c,a2607ee7-4260-4da8-96e8-ba26187e8a6b,423f3e96-bce7-4f2b-b4f3-d568dca769a5,->,12acfc45-bdfb-4343-9004-9be15dfd844c,991eb2a8-284a-4290-ae08-f54cf8834706,27bd7aec-abd0-4844-9935-efefbf7019b2
12acfc45-bdfb-4343-9004-9be15dfd844c,a2607ee7-4260-4da8-96e8-ba26187e8a6b,423f3e96-bce7-4f2b-b4f3-d568dca769a5,->,12acfc45-bdfb-4343-9004-9be15dfd844c,server/model/players/Client.java,getPA
12acfc45-bdfb-4343-9004-9be15dfd844c,a2607ee7-4260-4da8-96e8-ba26187e8a6b,423f3e96-bce7-4f2b-b4f3-d568dca769a5,->,12acfc45-bdfb-4343-9004-9be15dfd844c,991eb2a8-284a-4290-ae08-f54cf8834706,27bd7aec-abd0-4844-9935-efefbf7019b2
12acfc45-bdfb-4343-9004-9be15dfd844c,a2607ee7-4260-4da8-96e8-ba26187e8a6b,423f3e96-bce7-4f2b-b4f3-d568dca769a5,->,12acfc45-bdfb-4343-9004-9be15dfd844c,server/model/players/Client.java,getPA
12acfc45-bdfb-4343-9004-9be15dfd844c,a2607ee7-4260-4da8-96e8-ba26187e8a6b,423f3e96-bce7-4f2b-b4f3-d568dca769a5,->,12acfc45-bdfb-4343-9004-9be15dfd844c,991eb2a8-284a-4290-ae08-f54cf8834706,27bd7aec-abd0-4844-9935-efefbf7019b2
12acfc45-bdfb-4343-9004-9be15dfd844c,a2607ee7-4260-4da8-96e8-ba26187e8a6b,423f3e96-bce7-4f2b-b4f3-d568dca769a5,->,12acfc45-bdfb-4343-9004-9be15dfd844c,server/model/players/Client.java,getPA
12acfc45-bdfb-4343-9004-9be15dfd844c,a2607ee7-4260-4da8-96e8-ba26187e8a6b,423f3e96-bce7-4f2b-b4f3-d568dca769a5,->,12acfc45-bdfb-4343-9004-9be15dfd844c,991eb2a8-284a-4290-ae08-f54cf8834706,27bd7aec-abd0-4844-9935-efefbf7019b2
12acfc45-bdfb-4343-9004-9be15dfd844c,a2607ee7-4260-4da8-96e8-ba26187e8a6b,423f3e96-bce7-4f2b-b4f3-d568dca769a5,->,12acfc45-bdfb-4343-9004-9be15dfd844c,server/model/players/Client.java,getPA
12acfc45-bdfb-4343-9004-9be15dfd844c,a2607ee7-4260-4da8-96e8-ba26187e8a6b,423f3e96-bce7-4f2b-b4f3-d568dca769a5,->,12acfc45-bdfb-4343-9004-9be15dfd844c,991eb2a8-284a-4290-ae08-f54cf8834706,27bd7aec-abd0-4844-9935-efefbf7019b2
12acfc45-bdfb-4343-9004-9be15dfd844c,a2607ee7-4260-4da8-96e8-ba26187e8a6b,423f3e96-bce7-4f2b-b4f3-d568dca769a5,->,12acfc45-bdfb-4343-9004-9be15dfd844c,server/model/players/Client.java,getPA
12acfc45-bdfb-4343-9004-9be15dfd844c,a2607ee7-4260-4da8-96e8-ba26187e8a6b,423f3e96-bce7-4f2b-b4f3-d568dca769a5,->,12acfc45-bdfb-4343-9004-9be15dfd844c,991eb2a8-284a-4290-ae08-f54cf8834706,27bd7aec-abd0-4844-9935-efefbf7019b2
12acfc45-bdfb-4343-9004-9be15dfd844c,a2607ee7-4260-4da8-96e8-ba26187e8a6b,423f3e96-bce7-4f2b-b4f3-d568dca769a5,->,12acfc45-bdfb-4343-9004-9be15dfd844c,server/model/players/Client.java,getPA
12acfc45-bdfb-4343-9004-9be15dfd844c,a2607ee7-4260-4da8-96e8-ba26187e8a6b,423f3e96-bce7-4f2b-b4f3-d568dca769a5,->,12acfc45-bdfb-4343-9004-9be15dfd844c,991eb2a8-284a-4290-ae08-f54cf8834706,27bd7aec-abd0-4844-9935-efefbf7019b2
12acfc45-bdfb-4343-9004-9be15dfd844c,a2607ee7-4260-4da8-96e8-ba26187e8a6b,423f3e96-bce7-4f2b-b4f3-d568dca769a5,->,12acfc45-bdfb-4343-9004-9be15dfd844c,server/model/players/Client.java,getPA
12acfc45-bdfb-4343-9004-9be15dfd844c,a2607ee7-4260-4da8-96e8-ba26187e8a6b,423f3e96-bce7-4f2b-b4f3-d568dca769a5,->,12acfc45-bdfb-4343-9004-9be15dfd844c,991eb2a8-284a-4290-ae08-f54cf8834706,27bd7aec-abd0-4844-9935-efefbf7019b2
12acfc45-bdfb-4343-9004-9be15dfd844c,a2607ee7-4260-4da8-96e8-ba26187e8a6b,423f3e96-bce7-4f2b-b4f3-d568dca769a5,->,12acfc45-bdfb-4343-9004-9be15dfd844c,server/model/players/Client.java,getPA
12acfc45-bdfb-4343-9004-9be15dfd844c,a2607ee7-4260-4da8-96e8-ba26187e8a6b,423f3e96-bce7-4f2b-b4f3-d568dca769a5,->,12acfc45-bdfb-4343-9004-9be15dfd844c,991eb2a8-284a-4290-ae08-f54cf8834706,27bd7aec-abd0-4844-9935-efefbf7019b2
12acfc45-bdfb-4343-9004-9be15dfd844c,a2607ee7-4260-4da8-96e8-ba26187e8a6b,423f3e96-bce7-4f2b-b4f3-d568dca769a5,->,12acfc45-bdfb-4343-9004-9be15dfd844c,server/model/players/Client.java,getPA
12acfc45-bdfb-4343-9004-9be15dfd844c,a2607ee7-4260-4da8-96e8-ba26187e8a6b,423f3e96-bce7-4f2b-b4f3-d568dca769a5,->,12acfc45-bdfb-4343-9004-9be15dfd844c,991eb2a8-284a-4290-ae08-f54cf8834706,27bd7aec-abd0-4844-9935-efefbf7019b2
12acfc45-bdfb-4343-9004-9be15dfd844c,a2607ee7-4260-4da8-96e8-ba26187e8a6b,423f3e96-bce7-4f2b-b4f3-d568dca769a5,->,12acfc45-bdfb-4343-9004-9be15dfd844c,server/model/players/Client.java,getPA
12acfc45-bdfb-4343-9004-9be15dfd844c,a2607ee7-4260-4da8-96e8-ba26187e8a6b,423f3e96-bce7-4f2b-b4f3-d568dca769a5,->,12acfc45-bdfb-4343-9004-9be15dfd844c,991eb2a8-284a-4290-ae08-f54cf8834706,27bd7aec-abd0-4844-9935-efefbf7019b2
12acfc45-bdfb-4343-9004-9be15dfd844c,a2607ee7-4260-4da8-96e8-ba26187e8a6b,423f3e96-bce7-4f2b-b4f3-d568dca769a5,->,12acfc45-bdfb-4343-9004-9be15dfd844c,server/model/players/Client.java,getPA
12acfc45-bdfb-4343-9004-9be15dfd844c,a2607ee7-4260-4da8-96e8-ba26187e8a6b,423f3e96-bce7-4f2b-b4f3-d568dca769a5,->,12acfc45-bdfb-4343-9004-9be15dfd844c,991eb2a8-284a-4290-ae08-f54cf8834706,27bd7aec-abd0-4844-9935-efefbf7019b2
12acfc45-bdfb-4343-9004-9be15dfd844c,a2607ee7-4260-4da8-96e8-ba26187e8a6b,423f3e96-bce7-4f2b-b4f3-d568dca769a5,->,12acfc45-bdfb-4343-9004-9be15dfd844c,server/model/players/Client.java,getPA
12acfc45-bdfb-4343-9004-9be15dfd844c,a2607ee7-4260-4da8-96e8-ba26187e8a6b,423f3e96-bce7-4f2b-b4f3-d568dca769a5,->,12acfc45-bdfb-4343-9004-9be15dfd844c,991eb2a8-284a-4290-ae08-f54cf8834706,27bd7aec-abd0-4844-9935-efefbf7019b2
12acfc45-bdfb-4343-9004-9be15dfd844c,a2607ee7-4260-4da8-96e8-ba26187e8a6b,423f3e96-bce7-4f2b-b4f3-d568dca769a5,->,12acfc45-bdfb-4343-9004-9be15dfd844c,server/model/players/Client.java,getPA
12acfc45-bdfb-4343-9004-9be15dfd844c,a2607ee7-4260-4da8-96e8-ba26187e8a6b,423f3e96-bce7-4f2b-b4f3-d568dca769a5,->,12acfc45-bdfb-4343-9004-9be15dfd844c,991eb2a8-284a-4290-ae08-f54cf8834706,27bd7aec-abd0-4844-9935-efefbf7019b2
12acfc45-bdfb-4343-9004-9be15dfd844c,a2607ee7-4260-4da8-96e8-ba26187e8a6b,423f3e96-bce7-4f2b-b4f3-d568dca769a5,->,12acfc45-bdfb-4343-9004-9be15dfd844c,server/model/players/Client.java,getPA
12acfc45-bdfb-4343-9004-9be15dfd844c,a2607ee7-4260-4da8-96e8-ba26187e8a6b,423f3e96-bce7-4f2b-b4f3-d568dca769a5,->,12acfc45-bdfb-4343-9004-9be15dfd844c,991eb2a8-284a-4290-ae08-f54cf8834706,27bd7aec-abd0-4844-9935-efefbf7019b2
12acfc45-bdfb-4343-9004-9be15dfd844c,a2607ee7-4260-4da8-96e8-ba26187e8a6b,423f3e96-bce7-4f2b-b4f3-d568dca769a5,->,12acfc45-bdfb-4343-9004-9be15dfd844c,server/model/players/Client.java,getPA
12acfc45-bdfb-4343-9004-9be15dfd844c,a2607ee7-4260-4da8-96e8-ba26187e8a6b,423f3e96-bce7-4f2b-b4f3-d568dca769a5,->,12acfc45-bdfb-4343-9004-9be15dfd844c,991eb2a8-284a-4290-ae08-f54cf8834706,27bd7aec-abd0-4844-9935-efefbf7019b2
12acfc45-bdfb-4343-9004-9be15dfd844c,a2607ee7-4260-4da8-96e8-ba26187e8a6b,423f3e96-bce7-4f2b-b4f3-d568dca769a5,->,12acfc45-bdfb-4343-9004-9be15dfd844c,server/model/players/Client.java,getPA
12acfc45-bdfb-4343-9004-9be15dfd844c,a2607ee7-4260-4da8-96e8-ba26187e8a6b,423f3e96-bce7-4f2b-b4f3-d568dca769a5,->,12acfc45-bdfb-4343-9004-9be15dfd844c,991eb2a8-284a-4290-ae08-f54cf8834706,27bd7aec-abd0-4844-9935-efefbf7019b2
12acfc45-bdfb-4343-9004-9be15dfd844c,a2607ee7-4260-4da8-96e8-ba26187e8a6b,423f3e96-bce7-4f2b-b4f3-d568dca769a5,->,12acfc45-bdfb-4343-9004-9be15dfd844c,server/model/players/Client.java,getPA
12acfc45-bdfb-4343-9004-9be15dfd844c,a2607ee7-4260-4da8-96e8-ba26187e8a6b,423f3e96-bce7-4f2b-b4f3-d568dca769a5,->,12acfc45-bdfb-4343-9004-9be15dfd844c,991eb2a8-284a-4290-ae08-f54cf8834706,27bd7aec-abd0-4844-9935-efefbf7019b2
12acfc45-bdfb-4343-9004-9be15dfd844c,a2607ee7-4260-4da8-96e8-ba26187e8a6b,423f3e96-bce7-4f2b-b4f3-d568dca769a5,->,12acfc45-bdfb-4343-9004-9be15dfd844c,server/model/players/Client.java,startAnimation
12acfc45-bdfb-4343-9004-9be15dfd844c,a2607ee7-4260-4da8-96e8-ba26187e8a6b,423f3e96-bce7-4f2b-b4f3-d568dca769a5,->,12acfc45-bdfb-4343-9004-9be15dfd844c,server/model/players/Client.java,startAnimation
12acfc45-bdfb-4343-9004-9be15dfd844c,a2607ee7-4260-4da8-96e8-ba26187e8a6b,423f3e96-bce7-4f2b-b4f3-d568dca769a5,->,12acfc45-bdfb-4343-9004-9be15dfd844c,server/model/players/Client.java,startAnimation
12acfc45-bdfb-4343-9004-9be15dfd844c,a2607ee7-4260-4da8-96e8-ba26187e8a6b,423f3e96-bce7-4f2b-b4f3-d568dca769a5,->,12acfc45-bdfb-4343-9004-9be15dfd844c,server/model/players/Client.java,startAnimation
12acfc45-bdfb-4343-9004-9be15dfd844c,a2607ee7-4260-4da8-96e8-ba26187e8a6b,423f3e96-bce7-4f2b-b4f3-d568dca769a5,->,12acfc45-bdfb-4343-9004-9be15dfd844c,server/model/players/Client.java,startAnimation
12acfc45-bdfb-4343-9004-9be15dfd844c,a2607ee7-4260-4da8-96e8-ba26187e8a6b,423f3e96-bce7-4f2b-b4f3-d568dca769a5,->,12acfc45-bdfb-4343-9004-9be15dfd844c,server/model/players/Client.java,startAnimation
12acfc45-bdfb-4343-9004-9be15dfd844c,a2607ee7-4260-4da8-96e8-ba26187e8a6b,423f3e96-bce7-4f2b-b4f3-d568dca769a5,->,12acfc45-bdfb-4343-9004-9be15dfd844c,server/model/players/Client.java,startAnimation
12acfc45-bdfb-4343-9004-9be15dfd844c,a2607ee7-4260-4da8-96e8-ba26187e8a6b,423f3e96-bce7-4f2b-b4f3-d568dca769a5,->,12acfc45-bdfb-4343-9004-9be15dfd844c,server/model/players/Client.java,startAnimation
12acfc45-bdfb-4343-9004-9be15dfd844c,a2607ee7-4260-4da8-96e8-ba26187e8a6b,423f3e96-bce7-4f2b-b4f3-d568dca769a5,->,12acfc45-bdfb-4343-9004-9be15dfd844c,server/model/players/Client.java,startAnimation
12acfc45-bdfb-4343-9004-9be15dfd844c,a2607ee7-4260-4da8-96e8-ba26187e8a6b,423f3e96-bce7-4f2b-b4f3-d568dca769a5,->,12acfc45-bdfb-4343-9004-9be15dfd844c,server/model/players/Client.java,startAnimation
12acfc45-bdfb-4343-9004-9be15dfd844c,a2607ee7-4260-4da8-96e8-ba26187e8a6b,423f3e96-bce7-4f2b-b4f3-d568dca769a5,->,12acfc45-bdfb-4343-9004-9be15dfd844c,server/model/players/Client.java,startAnimation
12acfc45-bdfb-4343-9004-9be15dfd844c,a2607ee7-4260-4da8-96e8-ba26187e8a6b,423f3e96-bce7-4f2b-b4f3-d568dca769a5,->,12acfc45-bdfb-4343-9004-9be15dfd844c,server/model/players/Client.java,startAnimation
12acfc45-bdfb-4343-9004-9be15dfd844c,a2607ee7-4260-4da8-96e8-ba26187e8a6b,423f3e96-bce7-4f2b-b4f3-d568dca769a5,->,12acfc45-bdfb-4343-9004-9be15dfd844c,server/model/players/Client.java,startAnimation
12acfc45-bdfb-4343-9004-9be15dfd844c,a2607ee7-4260-4da8-96e8-ba26187e8a6b,423f3e96-bce7-4f2b-b4f3-d568dca769a5,->,12acfc45-bdfb-4343-9004-9be15dfd844c,server/model/players/Client.java,startAnimation
12acfc45-bdfb-4343-9004-9be15dfd844c,a2607ee7-4260-4da8-96e8-ba26187e8a6b,423f3e96-bce7-4f2b-b4f3-d568dca769a5,->,12acfc45-bdfb-4343-9004-9be15dfd844c,server/model/players/Client.java,startAnimation
12acfc45-bdfb-4343-9004-9be15dfd844c,a2607ee7-4260-4da8-96e8-ba26187e8a6b,423f3e96-bce7-4f2b-b4f3-d568dca769a5,->,12acfc45-bdfb-4343-9004-9be15dfd844c,server/model/players/Client.java,startAnimation
12acfc45-bdfb-4343-9004-9be15dfd844c,a2607ee7-4260-4da8-96e8-ba26187e8a6b,423f3e96-bce7-4f2b-b4f3-d568dca769a5,->,12acfc45-bdfb-4343-9004-9be15dfd844c,server/model/players/Client.java,startAnimation
12acfc45-bdfb-4343-9004-9be15dfd844c,a2607ee7-4260-4da8-96e8-ba26187e8a6b,423f3e96-bce7-4f2b-b4f3-d568dca769a5,->,12acfc45-bdfb-4343-9004-9be15dfd844c,server/model/players/Client.java,startAnimation
12acfc45-bdfb-4343-9004-9be15dfd844c,a2607ee7-4260-4da8-96e8-ba26187e8a6b,423f3e96-bce7-4f2b-b4f3-d568dca769a5,->,12acfc45-bdfb-4343-9004-9be15dfd844c,server/model/players/Client.java,startAnimation
12acfc45-bdfb-4343-9004-9be15dfd844c,a2607ee7-4260-4da8-96e8-ba26187e8a6b,423f3e96-bce7-4f2b-b4f3-d568dca769a5,->,12acfc45-bdfb-4343-9004-9be15dfd844c,server/model/players/Client.java,startAnimation
12acfc45-bdfb-4343-9004-9be15dfd844c,a2607ee7-4260-4da8-96e8-ba26187e8a6b,423f3e96-bce7-4f2b-b4f3-d568dca769a5,->,12acfc45-bdfb-4343-9004-9be15dfd844c,server/model/players/Client.java,startAnimation
12acfc45-bdfb-4343-9004-9be15dfd844c,a2607ee7-4260-4da8-96e8-ba26187e8a6b,423f3e96-bce7-4f2b-b4f3-d568dca769a5,->,12acfc45-bdfb-4343-9004-9be15dfd844c,server/model/players/Client.java,startAnimation
12acfc45-bdfb-4343-9004-9be15dfd844c,a2607ee7-4260-4da8-96e8-ba26187e8a6b,423f3e96-bce7-4f2b-b4f3-d568dca769a5,->,12acfc45-bdfb-4343-9004-9be15dfd844c,server/model/players/Client.java,startAnimation
12acfc45-bdfb-4343-9004-9be15dfd844c,a2607ee7-4260-4da8-96e8-ba26187e8a6b,423f3e96-bce7-4f2b-b4f3-d568dca769a5,->,12acfc45-bdfb-4343-9004-9be15dfd844c,server/model/players/Client.java,startAnimation
12acfc45-bdfb-4343-9004-9be15dfd844c,a2607ee7-4260-4da8-96e8-ba26187e8a6b,423f3e96-bce7-4f2b-b4f3-d568dca769a5,->,12acfc45-bdfb-4343-9004-9be15dfd844c,server/model/players/Client.java,startAnimation
12acfc45-bdfb-4343-9004-9be15dfd844c,a2607ee7-4260-4da8-96e8-ba26187e8a6b,423f3e96-bce7-4f2b-b4f3-d568dca769a5,->,12acfc45-bdfb-4343-9004-9be15dfd844c,server/model/players/Client.java,startAnimation
12acfc45-bdfb-4343-9004-9be15dfd844c,a2607ee7-4260-4da8-96e8-ba26187e8a6b,423f3e96-bce7-4f2b-b4f3-d568dca769a5,->,12acfc45-bdfb-4343-9004-9be15dfd844c,server/model/players/Client.java,startAnimation
12acfc45-bdfb-4343-9004-9be15dfd844c,a2607ee7-4260-4da8-96e8-ba26187e8a6b,423f3e96-bce7-4f2b-b4f3-d568dca769a5,->,12acfc45-bdfb-4343-9004-9be15dfd844c,server/model/players/Client.java,startAnimation
12acfc45-bdfb-4343-9004-9be15dfd844c,a2607ee7-4260-4da8-96e8-ba26187e8a6b,423f3e96-bce7-4f2b-b4f3-d568dca769a5,->,12acfc45-bdfb-4343-9004-9be15dfd844c,server/model/players/Client.java,startAnimation
12acfc45-bdfb-4343-9004-9be15dfd844c,a2607ee7-4260-4da8-96e8-ba26187e8a6b,423f3e96-bce7-4f2b-b4f3-d568dca769a5,->,12acfc45-bdfb-4343-9004-9be15dfd844c,server/model/players/Client.java,startAnimation
12acfc45-bdfb-4343-9004-9be15dfd844c,a2607ee7-4260-4da8-96e8-ba26187e8a6b,423f3e96-bce7-4f2b-b4f3-d568dca769a5,->,12acfc45-bdfb-4343-9004-9be15dfd844c,server/model/players/Client.java,startAnimation
12acfc45-bdfb-4343-9004-9be15dfd844c,a2607ee7-4260-4da8-96e8-ba26187e8a6b,423f3e96-bce7-4f2b-b4f3-d568dca769a5,->,12acfc45-bdfb-4343-9004-9be15dfd844c,server/model/players/Client.java,startAnimation
12acfc45-bdfb-4343-9004-9be15dfd844c,a2607ee7-4260-4da8-96e8-ba26187e8a6b,423f3e96-bce7-4f2b-b4f3-d568dca769a5,->,12acfc45-bdfb-4343-9004-9be15dfd844c,server/model/players/Client.java,getPA
12acfc45-bdfb-4343-9004-9be15dfd844c,a2607ee7-4260-4da8-96e8-ba26187e8a6b,423f3e96-bce7-4f2b-b4f3-d568dca769a5,->,12acfc45-bdfb-4343-9004-9be15dfd844c,991eb2a8-284a-4290-ae08-f54cf8834706,ffee66ac-4ac5-469e-9cfe-d0f69c65d92f
12acfc45-bdfb-4343-9004-9be15dfd844c,a2607ee7-4260-4da8-96e8-ba26187e8a6b,423f3e96-bce7-4f2b-b4f3-d568dca769a5,->,12acfc45-bdfb-4343-9004-9be15dfd844c,server/model/players/Client.java,getItems
12acfc45-bdfb-4343-9004-9be15dfd844c,a2607ee7-4260-4da8-96e8-ba26187e8a6b,423f3e96-bce7-4f2b-b4f3-d568dca769a5,->,12acfc45-bdfb-4343-9004-9be15dfd844c,server/model/players/Client.java,getItems
12acfc45-bdfb-4343-9004-9be15dfd844c,a2607ee7-4260-4da8-96e8-ba26187e8a6b,423f3e96-bce7-4f2b-b4f3-d568dca769a5,->,12acfc45-bdfb-4343-9004-9be15dfd844c,server/model/items/ItemAssistant.java,getItemName
12acfc45-bdfb-4343-9004-9be15dfd844c,a2607ee7-4260-4da8-96e8-ba26187e8a6b,423f3e96-bce7-4f2b-b4f3-d568dca769a5,->,12acfc45-bdfb-4343-9004-9be15dfd844c,server/model/items/ItemAssistant.java,sendWeapon
12acfc45-bdfb-4343-9004-9be15dfd844c,a2607ee7-4260-4da8-96e8-ba26187e8a6b,423f3e96-bce7-4f2b-b4f3-d568dca769a5,->,12acfc45-bdfb-4343-9004-9be15dfd844c,server/model/players/Client.java,isAutoButton
12acfc45-bdfb-4343-9004-9be15dfd844c,a2607ee7-4260-4da8-96e8-ba26187e8a6b,423f3e96-bce7-4f2b-b4f3-d568dca769a5,->,12acfc45-bdfb-4343-9004-9be15dfd844c,server/model/players/Client.java,assignAutocast
12acfc45-bdfb-4343-9004-9be15dfd844c,a6aeda6f-3040-495d-9d0c-058b3f323d24,6b60824a-7464-42d9-8a59-55ac9710cee3,->,12acfc45-bdfb-4343-9004-9be15dfd844c,server/model/players/Client.java,getInStream
12acfc45-bdfb-4343-9004-9be15dfd844c,a6aeda6f-3040-495d-9d0c-058b3f323d24,6b60824a-7464-42d9-8a59-55ac9710cee3,->,12acfc45-bdfb-4343-9004-9be15dfd844c,server/util/Stream.java,readSignedWordBigEndianA
12acfc45-bdfb-4343-9004-9be15dfd844c,a6aeda6f-3040-495d-9d0c-058b3f323d24,6b60824a-7464-42d9-8a59-55ac9710cee3,->,12acfc45-bdfb-4343-9004-9be15dfd844c,server/model/players/Client.java,getInStream
12acfc45-bdfb-4343-9004-9be15dfd844c,a6aeda6f-3040-495d-9d0c-058b3f323d24,6b60824a-7464-42d9-8a59-55ac9710cee3,->,12acfc45-bdfb-4343-9004-9be15dfd844c,server/util/Stream.java,readSignedWordA
12acfc45-bdfb-4343-9004-9be15dfd844c,a6aeda6f-3040-495d-9d0c-058b3f323d24,6b60824a-7464-42d9-8a59-55ac9710cee3,->,12acfc45-bdfb-4343-9004-9be15dfd844c,server/model/players/Client.java,getInStream
12acfc45-bdfb-4343-9004-9be15dfd844c,a6aeda6f-3040-495d-9d0c-058b3f323d24,6b60824a-7464-42d9-8a59-55ac9710cee3,->,12acfc45-bdfb-4343-9004-9be15dfd844c,server/util/Stream.java,readSignedWordA
12acfc45-bdfb-4343-9004-9be15dfd844c,a6aeda6f-3040-495d-9d0c-058b3f323d24,6b60824a-7464-42d9-8a59-55ac9710cee3,->,12acfc45-bdfb-4343-9004-9be15dfd844c,server/model/players/Client.java,getItems
12acfc45-bdfb-4343-9004-9be15dfd844c,a6aeda6f-3040-495d-9d0c-058b3f323d24,6b60824a-7464-42d9-8a59-55ac9710cee3,->,12acfc45-bdfb-4343-9004-9be15dfd844c,server/model/items/ItemAssistant.java,playerHasItem
12acfc45-bdfb-4343-9004-9be15dfd844c,a6aeda6f-3040-495d-9d0c-058b3f323d24,6b60824a-7464-42d9-8a59-55ac9710cee3,->,12acfc45-bdfb-4343-9004-9be15dfd844c,server/model/players/Client.java,getPA
12acfc45-bdfb-4343-9004-9be15dfd844c,a6aeda6f-3040-495d-9d0c-058b3f323d24,6b60824a-7464-42d9-8a59-55ac9710cee3,->,12acfc45-bdfb-4343-9004-9be15dfd844c,991eb2a8-284a-4290-ae08-f54cf8834706,5d93f329-6698-4ce5-a713-540cc582e345
12acfc45-bdfb-4343-9004-9be15dfd844c,a6aeda6f-3040-495d-9d0c-058b3f323d24,6b60824a-7464-42d9-8a59-55ac9710cee3,->,12acfc45-bdfb-4343-9004-9be15dfd844c,server/model/players/Client.java,getPA
12acfc45-bdfb-4343-9004-9be15dfd844c,a6aeda6f-3040-495d-9d0c-058b3f323d24,6b60824a-7464-42d9-8a59-55ac9710cee3,->,12acfc45-bdfb-4343-9004-9be15dfd844c,991eb2a8-284a-4290-ae08-f54cf8834706,4a53cfb1-33ed-4a82-aa73-38bfb82ad5b9
12acfc45-bdfb-4343-9004-9be15dfd844c,a6aeda6f-3040-495d-9d0c-058b3f323d24,6b60824a-7464-42d9-8a59-55ac9710cee3,->,12acfc45-bdfb-4343-9004-9be15dfd844c,server/model/players/Client.java,getPA
12acfc45-bdfb-4343-9004-9be15dfd844c,a6aeda6f-3040-495d-9d0c-058b3f323d24,6b60824a-7464-42d9-8a59-55ac9710cee3,->,12acfc45-bdfb-4343-9004-9be15dfd844c,991eb2a8-284a-4290-ae08-f54cf8834706,4a53cfb1-33ed-4a82-aa73-38bfb82ad5b9
12acfc45-bdfb-4343-9004-9be15dfd844c,a6aeda6f-3040-495d-9d0c-058b3f323d24,6b60824a-7464-42d9-8a59-55ac9710cee3,->,12acfc45-bdfb-4343-9004-9be15dfd844c,server/model/players/Client.java,getPA
12acfc45-bdfb-4343-9004-9be15dfd844c,a6aeda6f-3040-495d-9d0c-058b3f323d24,6b60824a-7464-42d9-8a59-55ac9710cee3,->,12acfc45-bdfb-4343-9004-9be15dfd844c,991eb2a8-284a-4290-ae08-f54cf8834706,4a53cfb1-33ed-4a82-aa73-38bfb82ad5b9
12acfc45-bdfb-4343-9004-9be15dfd844c,a6aeda6f-3040-495d-9d0c-058b3f323d24,6b60824a-7464-42d9-8a59-55ac9710cee3,->,12acfc45-bdfb-4343-9004-9be15dfd844c,server/model/players/Client.java,getPA
12acfc45-bdfb-4343-9004-9be15dfd844c,a6aeda6f-3040-495d-9d0c-058b3f323d24,6b60824a-7464-42d9-8a59-55ac9710cee3,->,12acfc45-bdfb-4343-9004-9be15dfd844c,991eb2a8-284a-4290-ae08-f54cf8834706,4a53cfb1-33ed-4a82-aa73-38bfb82ad5b9
12acfc45-bdfb-4343-9004-9be15dfd844c,a6aeda6f-3040-495d-9d0c-058b3f323d24,6b60824a-7464-42d9-8a59-55ac9710cee3,->,12acfc45-bdfb-4343-9004-9be15dfd844c,java/lang/StringBuilder.java,append
12acfc45-bdfb-4343-9004-9be15dfd844c,a6aeda6f-3040-495d-9d0c-058b3f323d24,6b60824a-7464-42d9-8a59-55ac9710cee3,->,12acfc45-bdfb-4343-9004-9be15dfd844c,java/lang/StringBuilder.java,append
12acfc45-bdfb-4343-9004-9be15dfd844c,a6aeda6f-3040-495d-9d0c-058b3f323d24,6b60824a-7464-42d9-8a59-55ac9710cee3,->,12acfc45-bdfb-4343-9004-9be15dfd844c,java/lang/StringBuilder.java,append
12acfc45-bdfb-4343-9004-9be15dfd844c,a6aeda6f-3040-495d-9d0c-058b3f323d24,6b60824a-7464-42d9-8a59-55ac9710cee3,->,12acfc45-bdfb-4343-9004-9be15dfd844c,java/lang/StringBuilder.java,append
12acfc45-bdfb-4343-9004-9be15dfd844c,a6aeda6f-3040-495d-9d0c-058b3f323d24,6b60824a-7464-42d9-8a59-55ac9710cee3,->,12acfc45-bdfb-4343-9004-9be15dfd844c,java/lang/StringBuilder.java,append
12acfc45-bdfb-4343-9004-9be15dfd844c,a6aeda6f-3040-495d-9d0c-058b3f323d24,6b60824a-7464-42d9-8a59-55ac9710cee3,->,12acfc45-bdfb-4343-9004-9be15dfd844c,java/lang/StringBuilder.java,append
12acfc45-bdfb-4343-9004-9be15dfd844c,a6aeda6f-3040-495d-9d0c-058b3f323d24,6b60824a-7464-42d9-8a59-55ac9710cee3,->,12acfc45-bdfb-4343-9004-9be15dfd844c,java/lang/StringBuilder.java,append
12acfc45-bdfb-4343-9004-9be15dfd844c,a6aeda6f-3040-495d-9d0c-058b3f323d24,6b60824a-7464-42d9-8a59-55ac9710cee3,->,12acfc45-bdfb-4343-9004-9be15dfd844c,java/lang/StringBuilder.java,toString
12acfc45-bdfb-4343-9004-9be15dfd844c,a6aeda6f-3040-495d-9d0c-058b3f323d24,6b60824a-7464-42d9-8a59-55ac9710cee3,->,12acfc45-bdfb-4343-9004-9be15dfd844c,2c89cfe4-ed6d-446f-832b-3c203feb3155,cf0eb5d1-f945-4cc7-9eaa-55b858ed55c6
12acfc45-bdfb-4343-9004-9be15dfd844c,70b12cb6-ba15-4400-843c-a66fc31ea374,78b53885-5e64-4501-a86e-854643830f18,->,12acfc45-bdfb-4343-9004-9be15dfd844c,server/model/players/Client.java,getInStream
12acfc45-bdfb-4343-9004-9be15dfd844c,70b12cb6-ba15-4400-843c-a66fc31ea374,78b53885-5e64-4501-a86e-854643830f18,->,12acfc45-bdfb-4343-9004-9be15dfd844c,server/util/Stream.java,readUnsignedWordA
12acfc45-bdfb-4343-9004-9be15dfd844c,70b12cb6-ba15-4400-843c-a66fc31ea374,78b53885-5e64-4501-a86e-854643830f18,->,12acfc45-bdfb-4343-9004-9be15dfd844c,server/model/players/Client.java,getInStream
12acfc45-bdfb-4343-9004-9be15dfd844c,70b12cb6-ba15-4400-843c-a66fc31ea374,78b53885-5e64-4501-a86e-854643830f18,->,12acfc45-bdfb-4343-9004-9be15dfd844c,server/util/Stream.java,readUnsignedByte
12acfc45-bdfb-4343-9004-9be15dfd844c,70b12cb6-ba15-4400-843c-a66fc31ea374,78b53885-5e64-4501-a86e-854643830f18,->,12acfc45-bdfb-4343-9004-9be15dfd844c,server/model/players/Client.java,getInStream
12acfc45-bdfb-4343-9004-9be15dfd844c,70b12cb6-ba15-4400-843c-a66fc31ea374,78b53885-5e64-4501-a86e-854643830f18,->,12acfc45-bdfb-4343-9004-9be15dfd844c,server/util/Stream.java,readUnsignedByte
12acfc45-bdfb-4343-9004-9be15dfd844c,70b12cb6-ba15-4400-843c-a66fc31ea374,78b53885-5e64-4501-a86e-854643830f18,->,12acfc45-bdfb-4343-9004-9be15dfd844c,server/model/players/Client.java,getInStream
12acfc45-bdfb-4343-9004-9be15dfd844c,70b12cb6-ba15-4400-843c-a66fc31ea374,78b53885-5e64-4501-a86e-854643830f18,->,12acfc45-bdfb-4343-9004-9be15dfd844c,server/util/Stream.java,readUnsignedWordA
12acfc45-bdfb-4343-9004-9be15dfd844c,70b12cb6-ba15-4400-843c-a66fc31ea374,78b53885-5e64-4501-a86e-854643830f18,->,12acfc45-bdfb-4343-9004-9be15dfd844c,java/lang/System.java,currentTimeMillis
12acfc45-bdfb-4343-9004-9be15dfd844c,70b12cb6-ba15-4400-843c-a66fc31ea374,78b53885-5e64-4501-a86e-854643830f18,->,12acfc45-bdfb-4343-9004-9be15dfd844c,server/model/players/Client.java,arenas
12acfc45-bdfb-4343-9004-9be15dfd844c,70b12cb6-ba15-4400-843c-a66fc31ea374,78b53885-5e64-4501-a86e-854643830f18,->,12acfc45-bdfb-4343-9004-9be15dfd844c,server/model/players/Client.java,sendMessage
12acfc45-bdfb-4343-9004-9be15dfd844c,70b12cb6-ba15-4400-843c-a66fc31ea374,78b53885-5e64-4501-a86e-854643830f18,->,12acfc45-bdfb-4343-9004-9be15dfd844c,server/model/players/Client.java,sendMessage
12acfc45-bdfb-4343-9004-9be15dfd844c,70b12cb6-ba15-4400-843c-a66fc31ea374,78b53885-5e64-4501-a86e-854643830f18,->,12acfc45-bdfb-4343-9004-9be15dfd844c,server/model/players/Client.java,getShops
12acfc45-bdfb-4343-9004-9be15dfd844c,70b12cb6-ba15-4400-843c-a66fc31ea374,78b53885-5e64-4501-a86e-854643830f18,->,12acfc45-bdfb-4343-9004-9be15dfd844c,server/model/shops/ShopAssistant.java,getItemShopValue
12acfc45-bdfb-4343-9004-9be15dfd844c,70b12cb6-ba15-4400-843c-a66fc31ea374,78b53885-5e64-4501-a86e-854643830f18,->,12acfc45-bdfb-4343-9004-9be15dfd844c,server/model/players/Client.java,sendMessage
12acfc45-bdfb-4343-9004-9be15dfd844c,70b12cb6-ba15-4400-843c-a66fc31ea374,78b53885-5e64-4501-a86e-854643830f18,->,12acfc45-bdfb-4343-9004-9be15dfd844c,server/model/players/Client.java,sendMessage
12acfc45-bdfb-4343-9004-9be15dfd844c,70b12cb6-ba15-4400-843c-a66fc31ea374,78b53885-5e64-4501-a86e-854643830f18,->,12acfc45-bdfb-4343-9004-9be15dfd844c,server/model/players/Client.java,getItems
12acfc45-bdfb-4343-9004-9be15dfd844c,70b12cb6-ba15-4400-843c-a66fc31ea374,78b53885-5e64-4501-a86e-854643830f18,->,12acfc45-bdfb-4343-9004-9be15dfd844c,server/model/items/ItemAssistant.java,deleteItem
12acfc45-bdfb-4343-9004-9be15dfd844c,70b12cb6-ba15-4400-843c-a66fc31ea374,78b53885-5e64-4501-a86e-854643830f18,->,12acfc45-bdfb-4343-9004-9be15dfd844c,server/model/players/PlayerSave.java,saveGame
12acfc45-bdfb-4343-9004-9be15dfd844c,70b12cb6-ba15-4400-843c-a66fc31ea374,78b53885-5e64-4501-a86e-854643830f18,->,12acfc45-bdfb-4343-9004-9be15dfd844c,server/model/players/Client.java,sendMessage
12acfc45-bdfb-4343-9004-9be15dfd844c,0e0cc217-46d8-46f3-a45a-be658feb03d0,e938bb68-9bf6-4a51-bbf0-bd1357832983,->,12acfc45-bdfb-4343-9004-9be15dfd844c,server/model/players/Client.java,getInStream
12acfc45-bdfb-4343-9004-9be15dfd844c,0e0cc217-46d8-46f3-a45a-be658feb03d0,e938bb68-9bf6-4a51-bbf0-bd1357832983,->,12acfc45-bdfb-4343-9004-9be15dfd844c,server/util/Stream.java,readSignedWordA
12acfc45-bdfb-4343-9004-9be15dfd844c,0e0cc217-46d8-46f3-a45a-be658feb03d0,e938bb68-9bf6-4a51-bbf0-bd1357832983,->,12acfc45-bdfb-4343-9004-9be15dfd844c,server/model/players/Client.java,getItems
12acfc45-bdfb-4343-9004-9be15dfd844c,0e0cc217-46d8-46f3-a45a-be658feb03d0,e938bb68-9bf6-4a51-bbf0-bd1357832983,->,12acfc45-bdfb-4343-9004-9be15dfd844c,server/model/items/ItemAssistant.java,playerHasItem
12acfc45-bdfb-4343-9004-9be15dfd844c,0e0cc217-46d8-46f3-a45a-be658feb03d0,e938bb68-9bf6-4a51-bbf0-bd1357832983,->,12acfc45-bdfb-4343-9004-9be15dfd844c,server/model/players/Client.java,getItems
12acfc45-bdfb-4343-9004-9be15dfd844c,0e0cc217-46d8-46f3-a45a-be658feb03d0,e938bb68-9bf6-4a51-bbf0-bd1357832983,->,12acfc45-bdfb-4343-9004-9be15dfd844c,server/model/items/ItemAssistant.java,deleteItem
12acfc45-bdfb-4343-9004-9be15dfd844c,0e0cc217-46d8-46f3-a45a-be658feb03d0,e938bb68-9bf6-4a51-bbf0-bd1357832983,->,12acfc45-bdfb-4343-9004-9be15dfd844c,server/model/players/Client.java,getItems
12acfc45-bdfb-4343-9004-9be15dfd844c,0e0cc217-46d8-46f3-a45a-be658feb03d0,e938bb68-9bf6-4a51-bbf0-bd1357832983,->,12acfc45-bdfb-4343-9004-9be15dfd844c,server/model/items/ItemAssistant.java,addItem
12acfc45-bdfb-4343-9004-9be15dfd844c,0e0cc217-46d8-46f3-a45a-be658feb03d0,e938bb68-9bf6-4a51-bbf0-bd1357832983,->,12acfc45-bdfb-4343-9004-9be15dfd844c,server/model/players/Client.java,getItems
12acfc45-bdfb-4343-9004-9be15dfd844c,0e0cc217-46d8-46f3-a45a-be658feb03d0,e938bb68-9bf6-4a51-bbf0-bd1357832983,->,12acfc45-bdfb-4343-9004-9be15dfd844c,server/model/items/ItemAssistant.java,addItem
12acfc45-bdfb-4343-9004-9be15dfd844c,0e0cc217-46d8-46f3-a45a-be658feb03d0,e938bb68-9bf6-4a51-bbf0-bd1357832983,->,12acfc45-bdfb-4343-9004-9be15dfd844c,server/model/players/Client.java,sendMessage
12acfc45-bdfb-4343-9004-9be15dfd844c,0e0cc217-46d8-46f3-a45a-be658feb03d0,e938bb68-9bf6-4a51-bbf0-bd1357832983,->,12acfc45-bdfb-4343-9004-9be15dfd844c,server/model/players/Client.java,getItems
12acfc45-bdfb-4343-9004-9be15dfd844c,0e0cc217-46d8-46f3-a45a-be658feb03d0,e938bb68-9bf6-4a51-bbf0-bd1357832983,->,12acfc45-bdfb-4343-9004-9be15dfd844c,server/model/items/ItemAssistant.java,deleteItem
12acfc45-bdfb-4343-9004-9be15dfd844c,0e0cc217-46d8-46f3-a45a-be658feb03d0,e938bb68-9bf6-4a51-bbf0-bd1357832983,->,12acfc45-bdfb-4343-9004-9be15dfd844c,server/model/players/Client.java,getItems
12acfc45-bdfb-4343-9004-9be15dfd844c,0e0cc217-46d8-46f3-a45a-be658feb03d0,e938bb68-9bf6-4a51-bbf0-bd1357832983,->,12acfc45-bdfb-4343-9004-9be15dfd844c,server/model/items/ItemAssistant.java,addItem
12acfc45-bdfb-4343-9004-9be15dfd844c,0e0cc217-46d8-46f3-a45a-be658feb03d0,e938bb68-9bf6-4a51-bbf0-bd1357832983,->,12acfc45-bdfb-4343-9004-9be15dfd844c,server/model/players/Client.java,getItems
12acfc45-bdfb-4343-9004-9be15dfd844c,0e0cc217-46d8-46f3-a45a-be658feb03d0,e938bb68-9bf6-4a51-bbf0-bd1357832983,->,12acfc45-bdfb-4343-9004-9be15dfd844c,server/model/items/ItemAssistant.java,addItem
12acfc45-bdfb-4343-9004-9be15dfd844c,0e0cc217-46d8-46f3-a45a-be658feb03d0,e938bb68-9bf6-4a51-bbf0-bd1357832983,->,12acfc45-bdfb-4343-9004-9be15dfd844c,server/model/players/Client.java,sendMessage
12acfc45-bdfb-4343-9004-9be15dfd844c,0e0cc217-46d8-46f3-a45a-be658feb03d0,e938bb68-9bf6-4a51-bbf0-bd1357832983,->,12acfc45-bdfb-4343-9004-9be15dfd844c,server/model/players/Client.java,getItems
12acfc45-bdfb-4343-9004-9be15dfd844c,0e0cc217-46d8-46f3-a45a-be658feb03d0,e938bb68-9bf6-4a51-bbf0-bd1357832983,->,12acfc45-bdfb-4343-9004-9be15dfd844c,server/model/items/ItemAssistant.java,deleteItem
12acfc45-bdfb-4343-9004-9be15dfd844c,0e0cc217-46d8-46f3-a45a-be658feb03d0,e938bb68-9bf6-4a51-bbf0-bd1357832983,->,12acfc45-bdfb-4343-9004-9be15dfd844c,server/model/players/Client.java,getItems
12acfc45-bdfb-4343-9004-9be15dfd844c,0e0cc217-46d8-46f3-a45a-be658feb03d0,e938bb68-9bf6-4a51-bbf0-bd1357832983,->,12acfc45-bdfb-4343-9004-9be15dfd844c,server/model/items/ItemAssistant.java,addItem
12acfc45-bdfb-4343-9004-9be15dfd844c,0e0cc217-46d8-46f3-a45a-be658feb03d0,e938bb68-9bf6-4a51-bbf0-bd1357832983,->,12acfc45-bdfb-4343-9004-9be15dfd844c,server/model/players/Client.java,getItems
12acfc45-bdfb-4343-9004-9be15dfd844c,0e0cc217-46d8-46f3-a45a-be658feb03d0,e938bb68-9bf6-4a51-bbf0-bd1357832983,->,12acfc45-bdfb-4343-9004-9be15dfd844c,server/model/items/ItemAssistant.java,addItem
12acfc45-bdfb-4343-9004-9be15dfd844c,0e0cc217-46d8-46f3-a45a-be658feb03d0,e938bb68-9bf6-4a51-bbf0-bd1357832983,->,12acfc45-bdfb-4343-9004-9be15dfd844c,server/model/players/Client.java,sendMessage
12acfc45-bdfb-4343-9004-9be15dfd844c,0e0cc217-46d8-46f3-a45a-be658feb03d0,e938bb68-9bf6-4a51-bbf0-bd1357832983,->,12acfc45-bdfb-4343-9004-9be15dfd844c,server/model/players/Client.java,getItems
12acfc45-bdfb-4343-9004-9be15dfd844c,0e0cc217-46d8-46f3-a45a-be658feb03d0,e938bb68-9bf6-4a51-bbf0-bd1357832983,->,12acfc45-bdfb-4343-9004-9be15dfd844c,server/model/items/ItemAssistant.java,deleteItem
12acfc45-bdfb-4343-9004-9be15dfd844c,0e0cc217-46d8-46f3-a45a-be658feb03d0,e938bb68-9bf6-4a51-bbf0-bd1357832983,->,12acfc45-bdfb-4343-9004-9be15dfd844c,server/model/players/Client.java,getItems
12acfc45-bdfb-4343-9004-9be15dfd844c,0e0cc217-46d8-46f3-a45a-be658feb03d0,e938bb68-9bf6-4a51-bbf0-bd1357832983,->,12acfc45-bdfb-4343-9004-9be15dfd844c,server/model/items/ItemAssistant.java,addItem
12acfc45-bdfb-4343-9004-9be15dfd844c,0e0cc217-46d8-46f3-a45a-be658feb03d0,e938bb68-9bf6-4a51-bbf0-bd1357832983,->,12acfc45-bdfb-4343-9004-9be15dfd844c,server/model/players/Client.java,getItems
12acfc45-bdfb-4343-9004-9be15dfd844c,0e0cc217-46d8-46f3-a45a-be658feb03d0,e938bb68-9bf6-4a51-bbf0-bd1357832983,->,12acfc45-bdfb-4343-9004-9be15dfd844c,server/model/items/ItemAssistant.java,addItem
12acfc45-bdfb-4343-9004-9be15dfd844c,0e0cc217-46d8-46f3-a45a-be658feb03d0,e938bb68-9bf6-4a51-bbf0-bd1357832983,->,12acfc45-bdfb-4343-9004-9be15dfd844c,server/model/players/Client.java,sendMessage
12acfc45-bdfb-4343-9004-9be15dfd844c,0e0cc217-46d8-46f3-a45a-be658feb03d0,e938bb68-9bf6-4a51-bbf0-bd1357832983,->,12acfc45-bdfb-4343-9004-9be15dfd844c,java/lang/StringBuilder.java,append
12acfc45-bdfb-4343-9004-9be15dfd844c,0e0cc217-46d8-46f3-a45a-be658feb03d0,e938bb68-9bf6-4a51-bbf0-bd1357832983,->,12acfc45-bdfb-4343-9004-9be15dfd844c,java/lang/StringBuilder.java,append
12acfc45-bdfb-4343-9004-9be15dfd844c,0e0cc217-46d8-46f3-a45a-be658feb03d0,e938bb68-9bf6-4a51-bbf0-bd1357832983,->,12acfc45-bdfb-4343-9004-9be15dfd844c,java/lang/StringBuilder.java,append
12acfc45-bdfb-4343-9004-9be15dfd844c,0e0cc217-46d8-46f3-a45a-be658feb03d0,e938bb68-9bf6-4a51-bbf0-bd1357832983,->,12acfc45-bdfb-4343-9004-9be15dfd844c,java/lang/StringBuilder.java,toString
12acfc45-bdfb-4343-9004-9be15dfd844c,0e0cc217-46d8-46f3-a45a-be658feb03d0,e938bb68-9bf6-4a51-bbf0-bd1357832983,->,12acfc45-bdfb-4343-9004-9be15dfd844c,2c89cfe4-ed6d-446f-832b-3c203feb3155,cf0eb5d1-f945-4cc7-9eaa-55b858ed55c6
12acfc45-bdfb-4343-9004-9be15dfd844c,7d875c1b-cd5b-417f-a19e-fd51d95ea007,b1252131-5415-4dfb-ac8a-4e5adea2d449,->,12acfc45-bdfb-4343-9004-9be15dfd844c,server/model/players/Client.java,getInStream
12acfc45-bdfb-4343-9004-9be15dfd844c,7d875c1b-cd5b-417f-a19e-fd51d95ea007,b1252131-5415-4dfb-ac8a-4e5adea2d449,->,12acfc45-bdfb-4343-9004-9be15dfd844c,server/util/Stream.java,readQWord
12acfc45-bdfb-4343-9004-9be15dfd844c,7d875c1b-cd5b-417f-a19e-fd51d95ea007,b1252131-5415-4dfb-ac8a-4e5adea2d449,->,12acfc45-bdfb-4343-9004-9be15dfd844c,java/lang/StringBuilder.java,append
12acfc45-bdfb-4343-9004-9be15dfd844c,7d875c1b-cd5b-417f-a19e-fd51d95ea007,b1252131-5415-4dfb-ac8a-4e5adea2d449,->,12acfc45-bdfb-4343-9004-9be15dfd844c,java/lang/StringBuilder.java,append
12acfc45-bdfb-4343-9004-9be15dfd844c,7d875c1b-cd5b-417f-a19e-fd51d95ea007,b1252131-5415-4dfb-ac8a-4e5adea2d449,->,12acfc45-bdfb-4343-9004-9be15dfd844c,java/lang/StringBuilder.java,toString
12acfc45-bdfb-4343-9004-9be15dfd844c,7d875c1b-cd5b-417f-a19e-fd51d95ea007,b1252131-5415-4dfb-ac8a-4e5adea2d449,->,12acfc45-bdfb-4343-9004-9be15dfd844c,server/model/players/Client.java,sendMessage
12acfc45-bdfb-4343-9004-9be15dfd844c,7d875c1b-cd5b-417f-a19e-fd51d95ea007,b1252131-5415-4dfb-ac8a-4e5adea2d449,->,12acfc45-bdfb-4343-9004-9be15dfd844c,2c89cfe4-ed6d-446f-832b-3c203feb3155,5f0b275f-5e8d-4369-aad1-1277a9738119
12acfc45-bdfb-4343-9004-9be15dfd844c,7d875c1b-cd5b-417f-a19e-fd51d95ea007,b1252131-5415-4dfb-ac8a-4e5adea2d449,->,12acfc45-bdfb-4343-9004-9be15dfd844c,server/model/players/Client.java,getPA
12acfc45-bdfb-4343-9004-9be15dfd844c,7d875c1b-cd5b-417f-a19e-fd51d95ea007,b1252131-5415-4dfb-ac8a-4e5adea2d449,->,12acfc45-bdfb-4343-9004-9be15dfd844c,2c89cfe4-ed6d-446f-832b-3c203feb3155,5f0b275f-5e8d-4369-aad1-1277a9738119
12acfc45-bdfb-4343-9004-9be15dfd844c,7d875c1b-cd5b-417f-a19e-fd51d95ea007,b1252131-5415-4dfb-ac8a-4e5adea2d449,->,12acfc45-bdfb-4343-9004-9be15dfd844c,991eb2a8-284a-4290-ae08-f54cf8834706,4314c1d9-b707-4def-906d-3699375e5dbb
12acfc45-bdfb-4343-9004-9be15dfd844c,7d875c1b-cd5b-417f-a19e-fd51d95ea007,b1252131-5415-4dfb-ac8a-4e5adea2d449,->,12acfc45-bdfb-4343-9004-9be15dfd844c,server/model/players/Client.java,getPA
12acfc45-bdfb-4343-9004-9be15dfd844c,7d875c1b-cd5b-417f-a19e-fd51d95ea007,b1252131-5415-4dfb-ac8a-4e5adea2d449,->,12acfc45-bdfb-4343-9004-9be15dfd844c,991eb2a8-284a-4290-ae08-f54cf8834706,df67011a-3172-46b5-812e-20e962971852
12acfc45-bdfb-4343-9004-9be15dfd844c,7d875c1b-cd5b-417f-a19e-fd51d95ea007,b1252131-5415-4dfb-ac8a-4e5adea2d449,->,12acfc45-bdfb-4343-9004-9be15dfd844c,server/model/players/Client.java,getInStream
12acfc45-bdfb-4343-9004-9be15dfd844c,7d875c1b-cd5b-417f-a19e-fd51d95ea007,b1252131-5415-4dfb-ac8a-4e5adea2d449,->,12acfc45-bdfb-4343-9004-9be15dfd844c,server/util/Stream.java,readQWord
12acfc45-bdfb-4343-9004-9be15dfd844c,7d875c1b-cd5b-417f-a19e-fd51d95ea007,b1252131-5415-4dfb-ac8a-4e5adea2d449,->,12acfc45-bdfb-4343-9004-9be15dfd844c,server/model/players/Client.java,getInStream
12acfc45-bdfb-4343-9004-9be15dfd844c,7d875c1b-cd5b-417f-a19e-fd51d95ea007,b1252131-5415-4dfb-ac8a-4e5adea2d449,->,12acfc45-bdfb-4343-9004-9be15dfd844c,server/util/Stream.java,readBytes
12acfc45-bdfb-4343-9004-9be15dfd844c,7d875c1b-cd5b-417f-a19e-fd51d95ea007,b1252131-5415-4dfb-ac8a-4e5adea2d449,->,12acfc45-bdfb-4343-9004-9be15dfd844c,668e5208-a8db-424e-9ec6-92cd04ace8ad,169cc1a4-d429-42a9-83b3-3c4b05cb2882
12acfc45-bdfb-4343-9004-9be15dfd844c,7d875c1b-cd5b-417f-a19e-fd51d95ea007,b1252131-5415-4dfb-ac8a-4e5adea2d449,->,12acfc45-bdfb-4343-9004-9be15dfd844c,2c89cfe4-ed6d-446f-832b-3c203feb3155,5f0b275f-5e8d-4369-aad1-1277a9738119
12acfc45-bdfb-4343-9004-9be15dfd844c,7d875c1b-cd5b-417f-a19e-fd51d95ea007,b1252131-5415-4dfb-ac8a-4e5adea2d449,->,12acfc45-bdfb-4343-9004-9be15dfd844c,server/model/players/Client.java,getPA
12acfc45-bdfb-4343-9004-9be15dfd844c,7d875c1b-cd5b-417f-a19e-fd51d95ea007,b1252131-5415-4dfb-ac8a-4e5adea2d449,->,12acfc45-bdfb-4343-9004-9be15dfd844c,2c89cfe4-ed6d-446f-832b-3c203feb3155,5f0b275f-5e8d-4369-aad1-1277a9738119
12acfc45-bdfb-4343-9004-9be15dfd844c,7d875c1b-cd5b-417f-a19e-fd51d95ea007,b1252131-5415-4dfb-ac8a-4e5adea2d449,->,12acfc45-bdfb-4343-9004-9be15dfd844c,991eb2a8-284a-4290-ae08-f54cf8834706,4314c1d9-b707-4def-906d-3699375e5dbb
12acfc45-bdfb-4343-9004-9be15dfd844c,7d875c1b-cd5b-417f-a19e-fd51d95ea007,b1252131-5415-4dfb-ac8a-4e5adea2d449,->,12acfc45-bdfb-4343-9004-9be15dfd844c,server/model/players/Client.java,getPA
12acfc45-bdfb-4343-9004-9be15dfd844c,7d875c1b-cd5b-417f-a19e-fd51d95ea007,b1252131-5415-4dfb-ac8a-4e5adea2d449,->,12acfc45-bdfb-4343-9004-9be15dfd844c,2c89cfe4-ed6d-446f-832b-3c203feb3155,5f0b275f-5e8d-4369-aad1-1277a9738119
12acfc45-bdfb-4343-9004-9be15dfd844c,7d875c1b-cd5b-417f-a19e-fd51d95ea007,b1252131-5415-4dfb-ac8a-4e5adea2d449,->,12acfc45-bdfb-4343-9004-9be15dfd844c,991eb2a8-284a-4290-ae08-f54cf8834706,bf907f32-b59e-4746-a797-1de4de4391c6
12acfc45-bdfb-4343-9004-9be15dfd844c,7d875c1b-cd5b-417f-a19e-fd51d95ea007,b1252131-5415-4dfb-ac8a-4e5adea2d449,->,12acfc45-bdfb-4343-9004-9be15dfd844c,server/model/players/Client.java,sendMessage
12acfc45-bdfb-4343-9004-9be15dfd844c,7d875c1b-cd5b-417f-a19e-fd51d95ea007,b1252131-5415-4dfb-ac8a-4e5adea2d449,->,12acfc45-bdfb-4343-9004-9be15dfd844c,server/model/players/Client.java,getInStream
12acfc45-bdfb-4343-9004-9be15dfd844c,7d875c1b-cd5b-417f-a19e-fd51d95ea007,b1252131-5415-4dfb-ac8a-4e5adea2d449,->,12acfc45-bdfb-4343-9004-9be15dfd844c,server/util/Stream.java,readQWord
12acfc45-bdfb-4343-9004-9be15dfd844c,7d875c1b-cd5b-417f-a19e-fd51d95ea007,b1252131-5415-4dfb-ac8a-4e5adea2d449,->,12acfc45-bdfb-4343-9004-9be15dfd844c,2c89cfe4-ed6d-446f-832b-3c203feb3155,5f0b275f-5e8d-4369-aad1-1277a9738119
12acfc45-bdfb-4343-9004-9be15dfd844c,7d875c1b-cd5b-417f-a19e-fd51d95ea007,b1252131-5415-4dfb-ac8a-4e5adea2d449,->,12acfc45-bdfb-4343-9004-9be15dfd844c,server/model/players/Client.java,getPA
12acfc45-bdfb-4343-9004-9be15dfd844c,7d875c1b-cd5b-417f-a19e-fd51d95ea007,b1252131-5415-4dfb-ac8a-4e5adea2d449,->,12acfc45-bdfb-4343-9004-9be15dfd844c,991eb2a8-284a-4290-ae08-f54cf8834706,b70ea1e8-2ab6-4258-9b34-5c4f886831a5
12acfc45-bdfb-4343-9004-9be15dfd844c,7d875c1b-cd5b-417f-a19e-fd51d95ea007,b1252131-5415-4dfb-ac8a-4e5adea2d449,->,12acfc45-bdfb-4343-9004-9be15dfd844c,server/model/players/Client.java,getInStream
12acfc45-bdfb-4343-9004-9be15dfd844c,7d875c1b-cd5b-417f-a19e-fd51d95ea007,b1252131-5415-4dfb-ac8a-4e5adea2d449,->,12acfc45-bdfb-4343-9004-9be15dfd844c,server/util/Stream.java,readDWord
12acfc45-bdfb-4343-9004-9be15dfd844c,7d875c1b-cd5b-417f-a19e-fd51d95ea007,b1252131-5415-4dfb-ac8a-4e5adea2d449,->,12acfc45-bdfb-4343-9004-9be15dfd844c,server/model/players/Client.java,getInStream
12acfc45-bdfb-4343-9004-9be15dfd844c,7d875c1b-cd5b-417f-a19e-fd51d95ea007,b1252131-5415-4dfb-ac8a-4e5adea2d449,->,12acfc45-bdfb-4343-9004-9be15dfd844c,server/util/Stream.java,readDWord
12acfc45-bdfb-4343-9004-9be15dfd844c,7d875c1b-cd5b-417f-a19e-fd51d95ea007,b1252131-5415-4dfb-ac8a-4e5adea2d449,->,12acfc45-bdfb-4343-9004-9be15dfd844c,server/model/players/Client.java,getInStream
12acfc45-bdfb-4343-9004-9be15dfd844c,7d875c1b-cd5b-417f-a19e-fd51d95ea007,b1252131-5415-4dfb-ac8a-4e5adea2d449,->,12acfc45-bdfb-4343-9004-9be15dfd844c,server/util/Stream.java,readDWord
12acfc45-bdfb-4343-9004-9be15dfd844c,7d875c1b-cd5b-417f-a19e-fd51d95ea007,b1252131-5415-4dfb-ac8a-4e5adea2d449,->,12acfc45-bdfb-4343-9004-9be15dfd844c,server/model/players/Client.java,getInStream
12acfc45-bdfb-4343-9004-9be15dfd844c,7d875c1b-cd5b-417f-a19e-fd51d95ea007,b1252131-5415-4dfb-ac8a-4e5adea2d449,->,12acfc45-bdfb-4343-9004-9be15dfd844c,server/util/Stream.java,readUnsignedByte
12acfc45-bdfb-4343-9004-9be15dfd844c,7d875c1b-cd5b-417f-a19e-fd51d95ea007,b1252131-5415-4dfb-ac8a-4e5adea2d449,->,12acfc45-bdfb-4343-9004-9be15dfd844c,server/model/players/Client.java,getInStream
12acfc45-bdfb-4343-9004-9be15dfd844c,7d875c1b-cd5b-417f-a19e-fd51d95ea007,b1252131-5415-4dfb-ac8a-4e5adea2d449,->,12acfc45-bdfb-4343-9004-9be15dfd844c,server/util/Stream.java,readUnsignedByte
12acfc45-bdfb-4343-9004-9be15dfd844c,7d875c1b-cd5b-417f-a19e-fd51d95ea007,b1252131-5415-4dfb-ac8a-4e5adea2d449,->,12acfc45-bdfb-4343-9004-9be15dfd844c,server/model/players/Client.java,getInStream
12acfc45-bdfb-4343-9004-9be15dfd844c,7d875c1b-cd5b-417f-a19e-fd51d95ea007,b1252131-5415-4dfb-ac8a-4e5adea2d449,->,12acfc45-bdfb-4343-9004-9be15dfd844c,server/util/Stream.java,readUnsignedByte
12acfc45-bdfb-4343-9004-9be15dfd844c,7d875c1b-cd5b-417f-a19e-fd51d95ea007,b1252131-5415-4dfb-ac8a-4e5adea2d449,->,12acfc45-bdfb-4343-9004-9be15dfd844c,server/model/players/Client.java,getPA
12acfc45-bdfb-4343-9004-9be15dfd844c,7d875c1b-cd5b-417f-a19e-fd51d95ea007,b1252131-5415-4dfb-ac8a-4e5adea2d449,->,12acfc45-bdfb-4343-9004-9be15dfd844c,991eb2a8-284a-4290-ae08-f54cf8834706,b70ea1e8-2ab6-4258-9b34-5c4f886831a5
12acfc45-bdfb-4343-9004-9be15dfd844c,6cc6e6c8-2008-4096-8adc-3f05450b9387,db378521-6b40-47a6-aa8c-6f10bbf1a22e,->,12acfc45-bdfb-4343-9004-9be15dfd844c,server/model/players/Client.java,getInStream
12acfc45-bdfb-4343-9004-9be15dfd844c,6cc6e6c8-2008-4096-8adc-3f05450b9387,db378521-6b40-47a6-aa8c-6f10bbf1a22e,->,12acfc45-bdfb-4343-9004-9be15dfd844c,server/util/Stream.java,readUnsignedWord
12acfc45-bdfb-4343-9004-9be15dfd844c,6cc6e6c8-2008-4096-8adc-3f05450b9387,db378521-6b40-47a6-aa8c-6f10bbf1a22e,->,12acfc45-bdfb-4343-9004-9be15dfd844c,server/model/players/Client.java,getInStream
12acfc45-bdfb-4343-9004-9be15dfd844c,6cc6e6c8-2008-4096-8adc-3f05450b9387,db378521-6b40-47a6-aa8c-6f10bbf1a22e,->,12acfc45-bdfb-4343-9004-9be15dfd844c,server/util/Stream.java,readUnsignedWordA
12acfc45-bdfb-4343-9004-9be15dfd844c,6cc6e6c8-2008-4096-8adc-3f05450b9387,db378521-6b40-47a6-aa8c-6f10bbf1a22e,->,12acfc45-bdfb-4343-9004-9be15dfd844c,server/model/players/Client.java,getItems
12acfc45-bdfb-4343-9004-9be15dfd844c,6cc6e6c8-2008-4096-8adc-3f05450b9387,db378521-6b40-47a6-aa8c-6f10bbf1a22e,->,12acfc45-bdfb-4343-9004-9be15dfd844c,server/model/items/ItemAssistant.java,playerHasItem
12acfc45-bdfb-4343-9004-9be15dfd844c,6cc6e6c8-2008-4096-8adc-3f05450b9387,db378521-6b40-47a6-aa8c-6f10bbf1a22e,->,12acfc45-bdfb-4343-9004-9be15dfd844c,server/model/players/Client.java,getItems
12acfc45-bdfb-4343-9004-9be15dfd844c,6cc6e6c8-2008-4096-8adc-3f05450b9387,db378521-6b40-47a6-aa8c-6f10bbf1a22e,->,12acfc45-bdfb-4343-9004-9be15dfd844c,server/model/items/ItemAssistant.java,playerHasItem
12acfc45-bdfb-4343-9004-9be15dfd844c,6cc6e6c8-2008-4096-8adc-3f05450b9387,db378521-6b40-47a6-aa8c-6f10bbf1a22e,->,12acfc45-bdfb-4343-9004-9be15dfd844c,server/model/items/UseItem.java,ItemonItem
12acfc45-bdfb-4343-9004-9be15dfd844c,e19a26bf-479a-4eb4-bfda-3200a80f6e85,afd52ff8-c0f3-4966-bee7-4a0a35b854ba,->,12acfc45-bdfb-4343-9004-9be15dfd844c,server/model/players/Client.java,getInStream
12acfc45-bdfb-4343-9004-9be15dfd844c,e19a26bf-479a-4eb4-bfda-3200a80f6e85,afd52ff8-c0f3-4966-bee7-4a0a35b854ba,->,12acfc45-bdfb-4343-9004-9be15dfd844c,server/util/Stream.java,readDWord
12acfc45-bdfb-4343-9004-9be15dfd844c,e19a26bf-479a-4eb4-bfda-3200a80f6e85,afd52ff8-c0f3-4966-bee7-4a0a35b854ba,->,12acfc45-bdfb-4343-9004-9be15dfd844c,server/model/players/Client.java,getItems
12acfc45-bdfb-4343-9004-9be15dfd844c,e19a26bf-479a-4eb4-bfda-3200a80f6e85,afd52ff8-c0f3-4966-bee7-4a0a35b854ba,->,12acfc45-bdfb-4343-9004-9be15dfd844c,server/model/items/ItemAssistant.java,getItemAmount
12acfc45-bdfb-4343-9004-9be15dfd844c,e19a26bf-479a-4eb4-bfda-3200a80f6e85,afd52ff8-c0f3-4966-bee7-4a0a35b854ba,->,12acfc45-bdfb-4343-9004-9be15dfd844c,server/model/players/Client.java,getItems
12acfc45-bdfb-4343-9004-9be15dfd844c,e19a26bf-479a-4eb4-bfda-3200a80f6e85,afd52ff8-c0f3-4966-bee7-4a0a35b854ba,->,12acfc45-bdfb-4343-9004-9be15dfd844c,server/model/items/ItemAssistant.java,bankItem
12acfc45-bdfb-4343-9004-9be15dfd844c,e19a26bf-479a-4eb4-bfda-3200a80f6e85,afd52ff8-c0f3-4966-bee7-4a0a35b854ba,->,12acfc45-bdfb-4343-9004-9be15dfd844c,server/model/players/Client.java,getItems
12acfc45-bdfb-4343-9004-9be15dfd844c,e19a26bf-479a-4eb4-bfda-3200a80f6e85,afd52ff8-c0f3-4966-bee7-4a0a35b854ba,->,12acfc45-bdfb-4343-9004-9be15dfd844c,server/model/items/ItemAssistant.java,fromBank
12acfc45-bdfb-4343-9004-9be15dfd844c,e19a26bf-479a-4eb4-bfda-3200a80f6e85,afd52ff8-c0f3-4966-bee7-4a0a35b854ba,->,12acfc45-bdfb-4343-9004-9be15dfd844c,server/model/players/Client.java,getItems
12acfc45-bdfb-4343-9004-9be15dfd844c,e19a26bf-479a-4eb4-bfda-3200a80f6e85,afd52ff8-c0f3-4966-bee7-4a0a35b854ba,->,12acfc45-bdfb-4343-9004-9be15dfd844c,server/model/items/ItemAssistant.java,playerHasItem
12acfc45-bdfb-4343-9004-9be15dfd844c,e19a26bf-479a-4eb4-bfda-3200a80f6e85,afd52ff8-c0f3-4966-bee7-4a0a35b854ba,->,12acfc45-bdfb-4343-9004-9be15dfd844c,server/model/players/Client.java,getItems
12acfc45-bdfb-4343-9004-9be15dfd844c,e19a26bf-479a-4eb4-bfda-3200a80f6e85,afd52ff8-c0f3-4966-bee7-4a0a35b854ba,->,12acfc45-bdfb-4343-9004-9be15dfd844c,server/model/items/ItemAssistant.java,getItemAmount
12acfc45-bdfb-4343-9004-9be15dfd844c,e19a26bf-479a-4eb4-bfda-3200a80f6e85,afd52ff8-c0f3-4966-bee7-4a0a35b854ba,->,12acfc45-bdfb-4343-9004-9be15dfd844c,server/model/players/Client.java,getTradeAndDuel
12acfc45-bdfb-4343-9004-9be15dfd844c,e19a26bf-479a-4eb4-bfda-3200a80f6e85,afd52ff8-c0f3-4966-bee7-4a0a35b854ba,->,12acfc45-bdfb-4343-9004-9be15dfd844c,server/model/players/Client.java,getItems
12acfc45-bdfb-4343-9004-9be15dfd844c,e19a26bf-479a-4eb4-bfda-3200a80f6e85,afd52ff8-c0f3-4966-bee7-4a0a35b854ba,->,12acfc45-bdfb-4343-9004-9be15dfd844c,server/model/items/ItemAssistant.java,getItemAmount
12acfc45-bdfb-4343-9004-9be15dfd844c,e19a26bf-479a-4eb4-bfda-3200a80f6e85,afd52ff8-c0f3-4966-bee7-4a0a35b854ba,->,12acfc45-bdfb-4343-9004-9be15dfd844c,server/model/players/TradeAndDuel.java,tradeItem
12acfc45-bdfb-4343-9004-9be15dfd844c,e19a26bf-479a-4eb4-bfda-3200a80f6e85,afd52ff8-c0f3-4966-bee7-4a0a35b854ba,->,12acfc45-bdfb-4343-9004-9be15dfd844c,server/model/players/Client.java,getTradeAndDuel
12acfc45-bdfb-4343-9004-9be15dfd844c,e19a26bf-479a-4eb4-bfda-3200a80f6e85,afd52ff8-c0f3-4966-bee7-4a0a35b854ba,->,12acfc45-bdfb-4343-9004-9be15dfd844c,server/model/players/TradeAndDuel.java,tradeItem
12acfc45-bdfb-4343-9004-9be15dfd844c,e19a26bf-479a-4eb4-bfda-3200a80f6e85,afd52ff8-c0f3-4966-bee7-4a0a35b854ba,->,12acfc45-bdfb-4343-9004-9be15dfd844c,server/model/players/Client.java,getItems
12acfc45-bdfb-4343-9004-9be15dfd844c,e19a26bf-479a-4eb4-bfda-3200a80f6e85,afd52ff8-c0f3-4966-bee7-4a0a35b854ba,->,12acfc45-bdfb-4343-9004-9be15dfd844c,server/model/items/ItemAssistant.java,getItemAmount
12acfc45-bdfb-4343-9004-9be15dfd844c,e19a26bf-479a-4eb4-bfda-3200a80f6e85,afd52ff8-c0f3-4966-bee7-4a0a35b854ba,->,12acfc45-bdfb-4343-9004-9be15dfd844c,server/model/players/Client.java,getTradeAndDuel
12acfc45-bdfb-4343-9004-9be15dfd844c,e19a26bf-479a-4eb4-bfda-3200a80f6e85,afd52ff8-c0f3-4966-bee7-4a0a35b854ba,->,12acfc45-bdfb-4343-9004-9be15dfd844c,server/model/players/Client.java,getItems
12acfc45-bdfb-4343-9004-9be15dfd844c,e19a26bf-479a-4eb4-bfda-3200a80f6e85,afd52ff8-c0f3-4966-bee7-4a0a35b854ba,->,12acfc45-bdfb-4343-9004-9be15dfd844c,server/model/items/ItemAssistant.java,getItemAmount
12acfc45-bdfb-4343-9004-9be15dfd844c,e19a26bf-479a-4eb4-bfda-3200a80f6e85,afd52ff8-c0f3-4966-bee7-4a0a35b854ba,->,12acfc45-bdfb-4343-9004-9be15dfd844c,server/model/players/TradeAndDuel.java,stakeItem
12acfc45-bdfb-4343-9004-9be15dfd844c,e19a26bf-479a-4eb4-bfda-3200a80f6e85,afd52ff8-c0f3-4966-bee7-4a0a35b854ba,->,12acfc45-bdfb-4343-9004-9be15dfd844c,server/model/players/Client.java,getTradeAndDuel
12acfc45-bdfb-4343-9004-9be15dfd844c,e19a26bf-479a-4eb4-bfda-3200a80f6e85,afd52ff8-c0f3-4966-bee7-4a0a35b854ba,->,12acfc45-bdfb-4343-9004-9be15dfd844c,server/model/players/TradeAndDuel.java,stakeItem
12acfc45-bdfb-4343-9004-9be15dfd844c,e19a26bf-479a-4eb4-bfda-3200a80f6e85,afd52ff8-c0f3-4966-bee7-4a0a35b854ba,->,12acfc45-bdfb-4343-9004-9be15dfd844c,server/model/players/Client.java,getItems
12acfc45-bdfb-4343-9004-9be15dfd844c,e19a26bf-479a-4eb4-bfda-3200a80f6e85,afd52ff8-c0f3-4966-bee7-4a0a35b854ba,->,12acfc45-bdfb-4343-9004-9be15dfd844c,server/model/items/ItemAssistant.java,playerHasItem
12acfc45-bdfb-4343-9004-9be15dfd844c,e19a26bf-479a-4eb4-bfda-3200a80f6e85,afd52ff8-c0f3-4966-bee7-4a0a35b854ba,->,12acfc45-bdfb-4343-9004-9be15dfd844c,server/model/players/Client.java,getTradeAndDuel
12acfc45-bdfb-4343-9004-9be15dfd844c,e19a26bf-479a-4eb4-bfda-3200a80f6e85,afd52ff8-c0f3-4966-bee7-4a0a35b854ba,->,12acfc45-bdfb-4343-9004-9be15dfd844c,server/model/players/TradeAndDuel.java,fromTrade
12acfc45-bdfb-4343-9004-9be15dfd844c,e19a26bf-479a-4eb4-bfda-3200a80f6e85,afd52ff8-c0f3-4966-bee7-4a0a35b854ba,->,12acfc45-bdfb-4343-9004-9be15dfd844c,server/model/players/Client.java,getItems
12acfc45-bdfb-4343-9004-9be15dfd844c,e19a26bf-479a-4eb4-bfda-3200a80f6e85,afd52ff8-c0f3-4966-bee7-4a0a35b854ba,->,12acfc45-bdfb-4343-9004-9be15dfd844c,server/model/items/ItemAssistant.java,playerHasItem
12acfc45-bdfb-4343-9004-9be15dfd844c,e19a26bf-479a-4eb4-bfda-3200a80f6e85,afd52ff8-c0f3-4966-bee7-4a0a35b854ba,->,12acfc45-bdfb-4343-9004-9be15dfd844c,server/model/players/Client.java,getTradeAndDuel
12acfc45-bdfb-4343-9004-9be15dfd844c,e19a26bf-479a-4eb4-bfda-3200a80f6e85,afd52ff8-c0f3-4966-bee7-4a0a35b854ba,->,12acfc45-bdfb-4343-9004-9be15dfd844c,server/model/players/TradeAndDuel.java,fromDuel
12acfc45-bdfb-4343-9004-9be15dfd844c,977cd403-1465-4994-9c9f-52b02e260a7b,a9cab843-8fa1-4fc8-b18f-b20c374c4c66,->,12acfc45-bdfb-4343-9004-9be15dfd844c,server/model/players/Client.java,getInStream
12acfc45-bdfb-4343-9004-9be15dfd844c,977cd403-1465-4994-9c9f-52b02e260a7b,a9cab843-8fa1-4fc8-b18f-b20c374c4c66,->,12acfc45-bdfb-4343-9004-9be15dfd844c,server/util/Stream.java,readSignedWordA
12acfc45-bdfb-4343-9004-9be15dfd844c,977cd403-1465-4994-9c9f-52b02e260a7b,a9cab843-8fa1-4fc8-b18f-b20c374c4c66,->,12acfc45-bdfb-4343-9004-9be15dfd844c,server/model/players/Client.java,getInStream
12acfc45-bdfb-4343-9004-9be15dfd844c,977cd403-1465-4994-9c9f-52b02e260a7b,a9cab843-8fa1-4fc8-b18f-b20c374c4c66,->,12acfc45-bdfb-4343-9004-9be15dfd844c,server/util/Stream.java,readSignedWordA
12acfc45-bdfb-4343-9004-9be15dfd844c,977cd403-1465-4994-9c9f-52b02e260a7b,a9cab843-8fa1-4fc8-b18f-b20c374c4c66,->,12acfc45-bdfb-4343-9004-9be15dfd844c,server/model/players/Client.java,getInStream
12acfc45-bdfb-4343-9004-9be15dfd844c,977cd403-1465-4994-9c9f-52b02e260a7b,a9cab843-8fa1-4fc8-b18f-b20c374c4c66,->,12acfc45-bdfb-4343-9004-9be15dfd844c,server/util/Stream.java,readSignedWordBigEndian
12acfc45-bdfb-4343-9004-9be15dfd844c,977cd403-1465-4994-9c9f-52b02e260a7b,a9cab843-8fa1-4fc8-b18f-b20c374c4c66,->,12acfc45-bdfb-4343-9004-9be15dfd844c,server/model/players/Client.java,getItems
12acfc45-bdfb-4343-9004-9be15dfd844c,977cd403-1465-4994-9c9f-52b02e260a7b,a9cab843-8fa1-4fc8-b18f-b20c374c4c66,->,12acfc45-bdfb-4343-9004-9be15dfd844c,server/model/items/ItemAssistant.java,playerHasItem
12acfc45-bdfb-4343-9004-9be15dfd844c,977cd403-1465-4994-9c9f-52b02e260a7b,a9cab843-8fa1-4fc8-b18f-b20c374c4c66,->,12acfc45-bdfb-4343-9004-9be15dfd844c,server/model/items/UseItem.java,ItemonNpc
12acfc45-bdfb-4343-9004-9be15dfd844c,server/model/players/packets/ChangeRegions.java,processPacket,->,12acfc45-bdfb-4343-9004-9be15dfd844c,server/world/ItemHandler.java,reloadItems
12acfc45-bdfb-4343-9004-9be15dfd844c,server/model/players/packets/ChangeRegions.java,processPacket,->,12acfc45-bdfb-4343-9004-9be15dfd844c,server/world/ObjectManager.java,loadObjects
12acfc45-bdfb-4343-9004-9be15dfd844c,server/model/players/packets/ChangeRegions.java,processPacket,->,12acfc45-bdfb-4343-9004-9be15dfd844c,server/model/players/Client.java,getPA
12acfc45-bdfb-4343-9004-9be15dfd844c,server/model/players/packets/ChangeRegions.java,processPacket,->,12acfc45-bdfb-4343-9004-9be15dfd844c,991eb2a8-284a-4290-ae08-f54cf8834706,3eee131c-9751-4266-8cb7-2618f2d81526
12acfc45-bdfb-4343-9004-9be15dfd844c,server/model/players/packets/ChangeRegions.java,processPacket,->,12acfc45-bdfb-4343-9004-9be15dfd844c,server/model/players/Client.java,getPA
12acfc45-bdfb-4343-9004-9be15dfd844c,server/model/players/packets/ChangeRegions.java,processPacket,->,12acfc45-bdfb-4343-9004-9be15dfd844c,991eb2a8-284a-4290-ae08-f54cf8834706,f59ca130-d149-43aa-b537-369a4987d63b
12acfc45-bdfb-4343-9004-9be15dfd844c,5a8e5e66-0421-4713-8bba-5f6fc95bb7e1,66529653-036d-4865-9468-a7d1d965dd62,->,12acfc45-bdfb-4343-9004-9be15dfd844c,server/model/players/Client.java,getInStream
12acfc45-bdfb-4343-9004-9be15dfd844c,5a8e5e66-0421-4713-8bba-5f6fc95bb7e1,66529653-036d-4865-9468-a7d1d965dd62,->,12acfc45-bdfb-4343-9004-9be15dfd844c,server/util/Stream.java,readUnsignedWordBigEndian
12acfc45-bdfb-4343-9004-9be15dfd844c,5a8e5e66-0421-4713-8bba-5f6fc95bb7e1,66529653-036d-4865-9468-a7d1d965dd62,->,12acfc45-bdfb-4343-9004-9be15dfd844c,server/model/players/Client.java,getInStream
12acfc45-bdfb-4343-9004-9be15dfd844c,5a8e5e66-0421-4713-8bba-5f6fc95bb7e1,66529653-036d-4865-9468-a7d1d965dd62,->,12acfc45-bdfb-4343-9004-9be15dfd844c,server/util/Stream.java,readUnsignedWordA
12acfc45-bdfb-4343-9004-9be15dfd844c,5a8e5e66-0421-4713-8bba-5f6fc95bb7e1,66529653-036d-4865-9468-a7d1d965dd62,->,12acfc45-bdfb-4343-9004-9be15dfd844c,server/model/players/Client.java,getInStream
12acfc45-bdfb-4343-9004-9be15dfd844c,5a8e5e66-0421-4713-8bba-5f6fc95bb7e1,66529653-036d-4865-9468-a7d1d965dd62,->,12acfc45-bdfb-4343-9004-9be15dfd844c,server/util/Stream.java,readUnsignedWordA
12acfc45-bdfb-4343-9004-9be15dfd844c,5a8e5e66-0421-4713-8bba-5f6fc95bb7e1,66529653-036d-4865-9468-a7d1d965dd62,->,12acfc45-bdfb-4343-9004-9be15dfd844c,server/model/players/skills/JewelryMaking.java,jewelryMaking
12acfc45-bdfb-4343-9004-9be15dfd844c,5a8e5e66-0421-4713-8bba-5f6fc95bb7e1,66529653-036d-4865-9468-a7d1d965dd62,->,12acfc45-bdfb-4343-9004-9be15dfd844c,server/model/players/skills/JewelryMaking.java,jewelryMaking
12acfc45-bdfb-4343-9004-9be15dfd844c,5a8e5e66-0421-4713-8bba-5f6fc95bb7e1,66529653-036d-4865-9468-a7d1d965dd62,->,12acfc45-bdfb-4343-9004-9be15dfd844c,server/model/players/skills/JewelryMaking.java,jewelryMaking
12acfc45-bdfb-4343-9004-9be15dfd844c,5a8e5e66-0421-4713-8bba-5f6fc95bb7e1,66529653-036d-4865-9468-a7d1d965dd62,->,12acfc45-bdfb-4343-9004-9be15dfd844c,server/model/players/Client.java,getPA
12acfc45-bdfb-4343-9004-9be15dfd844c,5a8e5e66-0421-4713-8bba-5f6fc95bb7e1,66529653-036d-4865-9468-a7d1d965dd62,->,12acfc45-bdfb-4343-9004-9be15dfd844c,991eb2a8-284a-4290-ae08-f54cf8834706,d8dbd2f8-df35-4d62-9c97-ee40283d24fb
12acfc45-bdfb-4343-9004-9be15dfd844c,5a8e5e66-0421-4713-8bba-5f6fc95bb7e1,66529653-036d-4865-9468-a7d1d965dd62,->,12acfc45-bdfb-4343-9004-9be15dfd844c,server/model/players/Client.java,getShops
12acfc45-bdfb-4343-9004-9be15dfd844c,5a8e5e66-0421-4713-8bba-5f6fc95bb7e1,66529653-036d-4865-9468-a7d1d965dd62,->,12acfc45-bdfb-4343-9004-9be15dfd844c,server/model/shops/ShopAssistant.java,buyItem
12acfc45-bdfb-4343-9004-9be15dfd844c,5a8e5e66-0421-4713-8bba-5f6fc95bb7e1,66529653-036d-4865-9468-a7d1d965dd62,->,12acfc45-bdfb-4343-9004-9be15dfd844c,server/model/players/Client.java,getShops
12acfc45-bdfb-4343-9004-9be15dfd844c,5a8e5e66-0421-4713-8bba-5f6fc95bb7e1,66529653-036d-4865-9468-a7d1d965dd62,->,12acfc45-bdfb-4343-9004-9be15dfd844c,server/model/shops/ShopAssistant.java,sellItem
12acfc45-bdfb-4343-9004-9be15dfd844c,5a8e5e66-0421-4713-8bba-5f6fc95bb7e1,66529653-036d-4865-9468-a7d1d965dd62,->,12acfc45-bdfb-4343-9004-9be15dfd844c,server/model/players/Client.java,getItems
12acfc45-bdfb-4343-9004-9be15dfd844c,5a8e5e66-0421-4713-8bba-5f6fc95bb7e1,66529653-036d-4865-9468-a7d1d965dd62,->,12acfc45-bdfb-4343-9004-9be15dfd844c,server/model/items/ItemAssistant.java,bankItem
12acfc45-bdfb-4343-9004-9be15dfd844c,5a8e5e66-0421-4713-8bba-5f6fc95bb7e1,66529653-036d-4865-9468-a7d1d965dd62,->,12acfc45-bdfb-4343-9004-9be15dfd844c,server/model/players/Client.java,getItems
12acfc45-bdfb-4343-9004-9be15dfd844c,5a8e5e66-0421-4713-8bba-5f6fc95bb7e1,66529653-036d-4865-9468-a7d1d965dd62,->,12acfc45-bdfb-4343-9004-9be15dfd844c,server/model/items/ItemAssistant.java,fromBank
12acfc45-bdfb-4343-9004-9be15dfd844c,5a8e5e66-0421-4713-8bba-5f6fc95bb7e1,66529653-036d-4865-9468-a7d1d965dd62,->,12acfc45-bdfb-4343-9004-9be15dfd844c,server/model/players/Client.java,getTradeAndDuel
12acfc45-bdfb-4343-9004-9be15dfd844c,5a8e5e66-0421-4713-8bba-5f6fc95bb7e1,66529653-036d-4865-9468-a7d1d965dd62,->,12acfc45-bdfb-4343-9004-9be15dfd844c,server/model/players/TradeAndDuel.java,tradeItem
12acfc45-bdfb-4343-9004-9be15dfd844c,5a8e5e66-0421-4713-8bba-5f6fc95bb7e1,66529653-036d-4865-9468-a7d1d965dd62,->,12acfc45-bdfb-4343-9004-9be15dfd844c,server/model/players/Client.java,getTradeAndDuel
12acfc45-bdfb-4343-9004-9be15dfd844c,5a8e5e66-0421-4713-8bba-5f6fc95bb7e1,66529653-036d-4865-9468-a7d1d965dd62,->,12acfc45-bdfb-4343-9004-9be15dfd844c,server/model/players/TradeAndDuel.java,stakeItem
12acfc45-bdfb-4343-9004-9be15dfd844c,5a8e5e66-0421-4713-8bba-5f6fc95bb7e1,66529653-036d-4865-9468-a7d1d965dd62,->,12acfc45-bdfb-4343-9004-9be15dfd844c,server/model/players/Client.java,getTradeAndDuel
12acfc45-bdfb-4343-9004-9be15dfd844c,5a8e5e66-0421-4713-8bba-5f6fc95bb7e1,66529653-036d-4865-9468-a7d1d965dd62,->,12acfc45-bdfb-4343-9004-9be15dfd844c,server/model/players/TradeAndDuel.java,fromTrade
12acfc45-bdfb-4343-9004-9be15dfd844c,5a8e5e66-0421-4713-8bba-5f6fc95bb7e1,66529653-036d-4865-9468-a7d1d965dd62,->,12acfc45-bdfb-4343-9004-9be15dfd844c,server/model/players/Client.java,getTradeAndDuel
12acfc45-bdfb-4343-9004-9be15dfd844c,5a8e5e66-0421-4713-8bba-5f6fc95bb7e1,66529653-036d-4865-9468-a7d1d965dd62,->,12acfc45-bdfb-4343-9004-9be15dfd844c,server/model/players/TradeAndDuel.java,fromDuel
12acfc45-bdfb-4343-9004-9be15dfd844c,server/model/players/packets/ClickNPC$2.java,execute,->,12acfc45-bdfb-4343-9004-9be15dfd844c,server/model/players/Client.java,getX
12acfc45-bdfb-4343-9004-9be15dfd844c,server/model/players/packets/ClickNPC$2.java,execute,->,12acfc45-bdfb-4343-9004-9be15dfd844c,server/model/players/Client.java,getY
12acfc45-bdfb-4343-9004-9be15dfd844c,server/model/players/packets/ClickNPC$2.java,execute,->,12acfc45-bdfb-4343-9004-9be15dfd844c,5849ef3e-9280-4348-a3c8-451a741eecc1,be4814f2-9691-46f9-8036-ee2d782c6652
12acfc45-bdfb-4343-9004-9be15dfd844c,server/model/players/packets/ClickNPC$2.java,execute,->,12acfc45-bdfb-4343-9004-9be15dfd844c,5849ef3e-9280-4348-a3c8-451a741eecc1,06abc11f-87f2-4398-ad11-b60bfae4491e
12acfc45-bdfb-4343-9004-9be15dfd844c,server/model/players/packets/ClickNPC$2.java,execute,->,12acfc45-bdfb-4343-9004-9be15dfd844c,server/model/players/Client.java,goodDistance
12acfc45-bdfb-4343-9004-9be15dfd844c,server/model/players/packets/ClickNPC$2.java,execute,->,12acfc45-bdfb-4343-9004-9be15dfd844c,5849ef3e-9280-4348-a3c8-451a741eecc1,be4814f2-9691-46f9-8036-ee2d782c6652
12acfc45-bdfb-4343-9004-9be15dfd844c,server/model/players/packets/ClickNPC$2.java,execute,->,12acfc45-bdfb-4343-9004-9be15dfd844c,5849ef3e-9280-4348-a3c8-451a741eecc1,06abc11f-87f2-4398-ad11-b60bfae4491e
12acfc45-bdfb-4343-9004-9be15dfd844c,server/model/players/packets/ClickNPC$2.java,execute,->,12acfc45-bdfb-4343-9004-9be15dfd844c,server/model/players/Client.java,turnPlayerTo
12acfc45-bdfb-4343-9004-9be15dfd844c,server/model/players/packets/ClickNPC$2.java,execute,->,12acfc45-bdfb-4343-9004-9be15dfd844c,5849ef3e-9280-4348-a3c8-451a741eecc1,a5f5cfe6-b06c-46be-863e-05e090871096
12acfc45-bdfb-4343-9004-9be15dfd844c,server/model/players/packets/ClickNPC$2.java,execute,->,12acfc45-bdfb-4343-9004-9be15dfd844c,server/model/players/Client.java,getActions
12acfc45-bdfb-4343-9004-9be15dfd844c,server/model/players/packets/ClickNPC$2.java,execute,->,12acfc45-bdfb-4343-9004-9be15dfd844c,a51e2ff0-4411-41d8-acaa-a730ac40f347,a691275d-fe09-498f-bf95-31f8f072b36c
12acfc45-bdfb-4343-9004-9be15dfd844c,server/model/players/packets/ClickNPC$2.java,execute,->,12acfc45-bdfb-4343-9004-9be15dfd844c,6dd0c5db-72ba-4498-883f-a3c8c3333519,2c14e4eb-2b3e-4056-bf8e-5218f96f0ad5
12acfc45-bdfb-4343-9004-9be15dfd844c,server/model/players/packets/ClickNPC$2.java,execute,->,12acfc45-bdfb-4343-9004-9be15dfd844c,6dd0c5db-72ba-4498-883f-a3c8c3333519,2c14e4eb-2b3e-4056-bf8e-5218f96f0ad5
12acfc45-bdfb-4343-9004-9be15dfd844c,d20582e9-bd76-4453-b065-38918f789726,78c16258-3cd8-4d75-9fab-e2704b5134b0,->,12acfc45-bdfb-4343-9004-9be15dfd844c,server/model/players/Client.java,getInStream
12acfc45-bdfb-4343-9004-9be15dfd844c,d20582e9-bd76-4453-b065-38918f789726,78c16258-3cd8-4d75-9fab-e2704b5134b0,->,12acfc45-bdfb-4343-9004-9be15dfd844c,server/util/Stream.java,readSignedByte
12acfc45-bdfb-4343-9004-9be15dfd844c,d20582e9-bd76-4453-b065-38918f789726,78c16258-3cd8-4d75-9fab-e2704b5134b0,->,12acfc45-bdfb-4343-9004-9be15dfd844c,server/model/players/Client.java,getInStream
12acfc45-bdfb-4343-9004-9be15dfd844c,d20582e9-bd76-4453-b065-38918f789726,78c16258-3cd8-4d75-9fab-e2704b5134b0,->,12acfc45-bdfb-4343-9004-9be15dfd844c,server/util/Stream.java,readSignedByte
12acfc45-bdfb-4343-9004-9be15dfd844c,d20582e9-bd76-4453-b065-38918f789726,78c16258-3cd8-4d75-9fab-e2704b5134b0,->,12acfc45-bdfb-4343-9004-9be15dfd844c,server/model/players/Client.java,getInStream
12acfc45-bdfb-4343-9004-9be15dfd844c,d20582e9-bd76-4453-b065-38918f789726,78c16258-3cd8-4d75-9fab-e2704b5134b0,->,12acfc45-bdfb-4343-9004-9be15dfd844c,server/util/Stream.java,readSignedByte
12acfc45-bdfb-4343-9004-9be15dfd844c,d20582e9-bd76-4453-b065-38918f789726,78c16258-3cd8-4d75-9fab-e2704b5134b0,->,12acfc45-bdfb-4343-9004-9be15dfd844c,server/model/players/Client.java,getInStream
12acfc45-bdfb-4343-9004-9be15dfd844c,d20582e9-bd76-4453-b065-38918f789726,78c16258-3cd8-4d75-9fab-e2704b5134b0,->,12acfc45-bdfb-4343-9004-9be15dfd844c,server/util/Stream.java,readSignedByte
12acfc45-bdfb-4343-9004-9be15dfd844c,d20582e9-bd76-4453-b065-38918f789726,78c16258-3cd8-4d75-9fab-e2704b5134b0,->,12acfc45-bdfb-4343-9004-9be15dfd844c,server/model/players/Client.java,getInStream
12acfc45-bdfb-4343-9004-9be15dfd844c,d20582e9-bd76-4453-b065-38918f789726,78c16258-3cd8-4d75-9fab-e2704b5134b0,->,12acfc45-bdfb-4343-9004-9be15dfd844c,server/util/Stream.java,readSignedByte
12acfc45-bdfb-4343-9004-9be15dfd844c,d20582e9-bd76-4453-b065-38918f789726,78c16258-3cd8-4d75-9fab-e2704b5134b0,->,12acfc45-bdfb-4343-9004-9be15dfd844c,server/model/players/Client.java,getInStream
12acfc45-bdfb-4343-9004-9be15dfd844c,d20582e9-bd76-4453-b065-38918f789726,78c16258-3cd8-4d75-9fab-e2704b5134b0,->,12acfc45-bdfb-4343-9004-9be15dfd844c,server/util/Stream.java,readSignedByte
12acfc45-bdfb-4343-9004-9be15dfd844c,d20582e9-bd76-4453-b065-38918f789726,78c16258-3cd8-4d75-9fab-e2704b5134b0,->,12acfc45-bdfb-4343-9004-9be15dfd844c,server/model/players/Client.java,getInStream
12acfc45-bdfb-4343-9004-9be15dfd844c,d20582e9-bd76-4453-b065-38918f789726,78c16258-3cd8-4d75-9fab-e2704b5134b0,->,12acfc45-bdfb-4343-9004-9be15dfd844c,server/util/Stream.java,readSignedByte
12acfc45-bdfb-4343-9004-9be15dfd844c,d20582e9-bd76-4453-b065-38918f789726,78c16258-3cd8-4d75-9fab-e2704b5134b0,->,12acfc45-bdfb-4343-9004-9be15dfd844c,server/model/players/Client.java,getInStream
12acfc45-bdfb-4343-9004-9be15dfd844c,d20582e9-bd76-4453-b065-38918f789726,78c16258-3cd8-4d75-9fab-e2704b5134b0,->,12acfc45-bdfb-4343-9004-9be15dfd844c,server/util/Stream.java,readSignedByte
12acfc45-bdfb-4343-9004-9be15dfd844c,d20582e9-bd76-4453-b065-38918f789726,78c16258-3cd8-4d75-9fab-e2704b5134b0,->,12acfc45-bdfb-4343-9004-9be15dfd844c,server/model/players/Client.java,getInStream
12acfc45-bdfb-4343-9004-9be15dfd844c,d20582e9-bd76-4453-b065-38918f789726,78c16258-3cd8-4d75-9fab-e2704b5134b0,->,12acfc45-bdfb-4343-9004-9be15dfd844c,server/util/Stream.java,readSignedByte
12acfc45-bdfb-4343-9004-9be15dfd844c,d20582e9-bd76-4453-b065-38918f789726,78c16258-3cd8-4d75-9fab-e2704b5134b0,->,12acfc45-bdfb-4343-9004-9be15dfd844c,server/model/players/Client.java,getInStream
12acfc45-bdfb-4343-9004-9be15dfd844c,d20582e9-bd76-4453-b065-38918f789726,78c16258-3cd8-4d75-9fab-e2704b5134b0,->,12acfc45-bdfb-4343-9004-9be15dfd844c,server/util/Stream.java,readSignedByte
12acfc45-bdfb-4343-9004-9be15dfd844c,d20582e9-bd76-4453-b065-38918f789726,78c16258-3cd8-4d75-9fab-e2704b5134b0,->,12acfc45-bdfb-4343-9004-9be15dfd844c,server/model/players/Client.java,getInStream
12acfc45-bdfb-4343-9004-9be15dfd844c,d20582e9-bd76-4453-b065-38918f789726,78c16258-3cd8-4d75-9fab-e2704b5134b0,->,12acfc45-bdfb-4343-9004-9be15dfd844c,server/util/Stream.java,readSignedByte
12acfc45-bdfb-4343-9004-9be15dfd844c,d20582e9-bd76-4453-b065-38918f789726,78c16258-3cd8-4d75-9fab-e2704b5134b0,->,12acfc45-bdfb-4343-9004-9be15dfd844c,server/model/players/Client.java,getInStream
12acfc45-bdfb-4343-9004-9be15dfd844c,d20582e9-bd76-4453-b065-38918f789726,78c16258-3cd8-4d75-9fab-e2704b5134b0,->,12acfc45-bdfb-4343-9004-9be15dfd844c,server/util/Stream.java,readSignedByte
12acfc45-bdfb-4343-9004-9be15dfd844c,d20582e9-bd76-4453-b065-38918f789726,78c16258-3cd8-4d75-9fab-e2704b5134b0,->,12acfc45-bdfb-4343-9004-9be15dfd844c,server/model/players/Client.java,getInStream
12acfc45-bdfb-4343-9004-9be15dfd844c,d20582e9-bd76-4453-b065-38918f789726,78c16258-3cd8-4d75-9fab-e2704b5134b0,->,12acfc45-bdfb-4343-9004-9be15dfd844c,server/util/Stream.java,readSignedByte
12acfc45-bdfb-4343-9004-9be15dfd844c,d20582e9-bd76-4453-b065-38918f789726,78c16258-3cd8-4d75-9fab-e2704b5134b0,->,12acfc45-bdfb-4343-9004-9be15dfd844c,server/model/players/Client.java,getPA
12acfc45-bdfb-4343-9004-9be15dfd844c,d20582e9-bd76-4453-b065-38918f789726,78c16258-3cd8-4d75-9fab-e2704b5134b0,->,12acfc45-bdfb-4343-9004-9be15dfd844c,991eb2a8-284a-4290-ae08-f54cf8834706,3666955d-52b4-495d-880c-318d6383a5bb
12acfc45-bdfb-4343-9004-9be15dfd844c,d20582e9-bd76-4453-b065-38918f789726,78c16258-3cd8-4d75-9fab-e2704b5134b0,->,12acfc45-bdfb-4343-9004-9be15dfd844c,server/model/players/Client.java,getPA
12acfc45-bdfb-4343-9004-9be15dfd844c,d20582e9-bd76-4453-b065-38918f789726,78c16258-3cd8-4d75-9fab-e2704b5134b0,->,12acfc45-bdfb-4343-9004-9be15dfd844c,991eb2a8-284a-4290-ae08-f54cf8834706,f59ca130-d149-43aa-b537-369a4987d63b
12acfc45-bdfb-4343-9004-9be15dfd844c,e8d776cf-1e17-42ab-8299-1480d782f344,f2faa7a6-beee-450e-9897-16bb8fc1d314,->,12acfc45-bdfb-4343-9004-9be15dfd844c,server/model/players/Client.java,getInStream
12acfc45-bdfb-4343-9004-9be15dfd844c,e8d776cf-1e17-42ab-8299-1480d782f344,f2faa7a6-beee-450e-9897-16bb8fc1d314,->,12acfc45-bdfb-4343-9004-9be15dfd844c,server/util/Stream.java,readUnsignedWordA
12acfc45-bdfb-4343-9004-9be15dfd844c,e8d776cf-1e17-42ab-8299-1480d782f344,f2faa7a6-beee-450e-9897-16bb8fc1d314,->,12acfc45-bdfb-4343-9004-9be15dfd844c,server/model/players/Client.java,getInStream
12acfc45-bdfb-4343-9004-9be15dfd844c,e8d776cf-1e17-42ab-8299-1480d782f344,f2faa7a6-beee-450e-9897-16bb8fc1d314,->,12acfc45-bdfb-4343-9004-9be15dfd844c,server/util/Stream.java,readUnsignedWordA
12acfc45-bdfb-4343-9004-9be15dfd844c,e8d776cf-1e17-42ab-8299-1480d782f344,f2faa7a6-beee-450e-9897-16bb8fc1d314,->,12acfc45-bdfb-4343-9004-9be15dfd844c,server/model/players/Client.java,getInStream
12acfc45-bdfb-4343-9004-9be15dfd844c,e8d776cf-1e17-42ab-8299-1480d782f344,f2faa7a6-beee-450e-9897-16bb8fc1d314,->,12acfc45-bdfb-4343-9004-9be15dfd844c,server/util/Stream.java,readUnsignedWordA
12acfc45-bdfb-4343-9004-9be15dfd844c,e8d776cf-1e17-42ab-8299-1480d782f344,f2faa7a6-beee-450e-9897-16bb8fc1d314,->,12acfc45-bdfb-4343-9004-9be15dfd844c,server/model/players/skills/JewelryMaking.java,jewelryMaking
12acfc45-bdfb-4343-9004-9be15dfd844c,e8d776cf-1e17-42ab-8299-1480d782f344,f2faa7a6-beee-450e-9897-16bb8fc1d314,->,12acfc45-bdfb-4343-9004-9be15dfd844c,server/model/players/skills/JewelryMaking.java,jewelryMaking
12acfc45-bdfb-4343-9004-9be15dfd844c,e8d776cf-1e17-42ab-8299-1480d782f344,f2faa7a6-beee-450e-9897-16bb8fc1d314,->,12acfc45-bdfb-4343-9004-9be15dfd844c,server/model/players/skills/JewelryMaking.java,jewelryMaking
12acfc45-bdfb-4343-9004-9be15dfd844c,e8d776cf-1e17-42ab-8299-1480d782f344,f2faa7a6-beee-450e-9897-16bb8fc1d314,->,12acfc45-bdfb-4343-9004-9be15dfd844c,server/model/players/Client.java,getItems
12acfc45-bdfb-4343-9004-9be15dfd844c,e8d776cf-1e17-42ab-8299-1480d782f344,f2faa7a6-beee-450e-9897-16bb8fc1d314,->,12acfc45-bdfb-4343-9004-9be15dfd844c,server/model/items/ItemAssistant.java,removeItem
12acfc45-bdfb-4343-9004-9be15dfd844c,e8d776cf-1e17-42ab-8299-1480d782f344,f2faa7a6-beee-450e-9897-16bb8fc1d314,->,12acfc45-bdfb-4343-9004-9be15dfd844c,server/model/players/Client.java,getItems
12acfc45-bdfb-4343-9004-9be15dfd844c,e8d776cf-1e17-42ab-8299-1480d782f344,f2faa7a6-beee-450e-9897-16bb8fc1d314,->,12acfc45-bdfb-4343-9004-9be15dfd844c,server/model/items/ItemAssistant.java,bankItem
12acfc45-bdfb-4343-9004-9be15dfd844c,e8d776cf-1e17-42ab-8299-1480d782f344,f2faa7a6-beee-450e-9897-16bb8fc1d314,->,12acfc45-bdfb-4343-9004-9be15dfd844c,server/model/players/Client.java,getItems
12acfc45-bdfb-4343-9004-9be15dfd844c,e8d776cf-1e17-42ab-8299-1480d782f344,f2faa7a6-beee-450e-9897-16bb8fc1d314,->,12acfc45-bdfb-4343-9004-9be15dfd844c,server/model/items/ItemAssistant.java,fromBank
12acfc45-bdfb-4343-9004-9be15dfd844c,e8d776cf-1e17-42ab-8299-1480d782f344,f2faa7a6-beee-450e-9897-16bb8fc1d314,->,12acfc45-bdfb-4343-9004-9be15dfd844c,server/model/players/Client.java,getShops
12acfc45-bdfb-4343-9004-9be15dfd844c,e8d776cf-1e17-42ab-8299-1480d782f344,f2faa7a6-beee-450e-9897-16bb8fc1d314,->,12acfc45-bdfb-4343-9004-9be15dfd844c,server/model/shops/ShopAssistant.java,buyFromShopPrice
12acfc45-bdfb-4343-9004-9be15dfd844c,e8d776cf-1e17-42ab-8299-1480d782f344,f2faa7a6-beee-450e-9897-16bb8fc1d314,->,12acfc45-bdfb-4343-9004-9be15dfd844c,server/model/players/Client.java,getShops
12acfc45-bdfb-4343-9004-9be15dfd844c,e8d776cf-1e17-42ab-8299-1480d782f344,f2faa7a6-beee-450e-9897-16bb8fc1d314,->,12acfc45-bdfb-4343-9004-9be15dfd844c,server/model/shops/ShopAssistant.java,sellToShopPrice
12acfc45-bdfb-4343-9004-9be15dfd844c,e8d776cf-1e17-42ab-8299-1480d782f344,f2faa7a6-beee-450e-9897-16bb8fc1d314,->,12acfc45-bdfb-4343-9004-9be15dfd844c,server/model/players/Client.java,getTradeAndDuel
12acfc45-bdfb-4343-9004-9be15dfd844c,e8d776cf-1e17-42ab-8299-1480d782f344,f2faa7a6-beee-450e-9897-16bb8fc1d314,->,12acfc45-bdfb-4343-9004-9be15dfd844c,server/model/players/TradeAndDuel.java,tradeItem
12acfc45-bdfb-4343-9004-9be15dfd844c,e8d776cf-1e17-42ab-8299-1480d782f344,f2faa7a6-beee-450e-9897-16bb8fc1d314,->,12acfc45-bdfb-4343-9004-9be15dfd844c,server/model/players/Client.java,getTradeAndDuel
12acfc45-bdfb-4343-9004-9be15dfd844c,e8d776cf-1e17-42ab-8299-1480d782f344,f2faa7a6-beee-450e-9897-16bb8fc1d314,->,12acfc45-bdfb-4343-9004-9be15dfd844c,server/model/players/TradeAndDuel.java,stakeItem
12acfc45-bdfb-4343-9004-9be15dfd844c,e8d776cf-1e17-42ab-8299-1480d782f344,f2faa7a6-beee-450e-9897-16bb8fc1d314,->,12acfc45-bdfb-4343-9004-9be15dfd844c,server/model/players/Client.java,getTradeAndDuel
12acfc45-bdfb-4343-9004-9be15dfd844c,e8d776cf-1e17-42ab-8299-1480d782f344,f2faa7a6-beee-450e-9897-16bb8fc1d314,->,12acfc45-bdfb-4343-9004-9be15dfd844c,server/model/players/TradeAndDuel.java,fromTrade
12acfc45-bdfb-4343-9004-9be15dfd844c,e8d776cf-1e17-42ab-8299-1480d782f344,f2faa7a6-beee-450e-9897-16bb8fc1d314,->,12acfc45-bdfb-4343-9004-9be15dfd844c,server/model/players/Client.java,getTradeAndDuel
12acfc45-bdfb-4343-9004-9be15dfd844c,e8d776cf-1e17-42ab-8299-1480d782f344,f2faa7a6-beee-450e-9897-16bb8fc1d314,->,12acfc45-bdfb-4343-9004-9be15dfd844c,server/model/players/TradeAndDuel.java,fromDuel
12acfc45-bdfb-4343-9004-9be15dfd844c,e8d776cf-1e17-42ab-8299-1480d782f344,f2faa7a6-beee-450e-9897-16bb8fc1d314,->,12acfc45-bdfb-4343-9004-9be15dfd844c,server/model/players/Client.java,getSmithing
12acfc45-bdfb-4343-9004-9be15dfd844c,e8d776cf-1e17-42ab-8299-1480d782f344,f2faa7a6-beee-450e-9897-16bb8fc1d314,->,12acfc45-bdfb-4343-9004-9be15dfd844c,java/lang/Integer.java,toString
12acfc45-bdfb-4343-9004-9be15dfd844c,e8d776cf-1e17-42ab-8299-1480d782f344,f2faa7a6-beee-450e-9897-16bb8fc1d314,->,12acfc45-bdfb-4343-9004-9be15dfd844c,server/model/players/skills/Smithing.java,readInput
12acfc45-bdfb-4343-9004-9be15dfd844c,b3bbf75c-79ec-414f-bd0a-66d6a131841c,eaad4ba5-59b5-4b06-ac9e-078aae39b567,->,12acfc45-bdfb-4343-9004-9be15dfd844c,server/model/players/Client.java,getInStream
12acfc45-bdfb-4343-9004-9be15dfd844c,b3bbf75c-79ec-414f-bd0a-66d6a131841c,eaad4ba5-59b5-4b06-ac9e-078aae39b567,->,12acfc45-bdfb-4343-9004-9be15dfd844c,server/util/Stream.java,readString
12acfc45-bdfb-4343-9004-9be15dfd844c,b3bbf75c-79ec-414f-bd0a-66d6a131841c,eaad4ba5-59b5-4b06-ac9e-078aae39b567,->,12acfc45-bdfb-4343-9004-9be15dfd844c,java/lang/StringBuilder.java,append
12acfc45-bdfb-4343-9004-9be15dfd844c,b3bbf75c-79ec-414f-bd0a-66d6a131841c,eaad4ba5-59b5-4b06-ac9e-078aae39b567,->,12acfc45-bdfb-4343-9004-9be15dfd844c,java/lang/StringBuilder.java,append
12acfc45-bdfb-4343-9004-9be15dfd844c,b3bbf75c-79ec-414f-bd0a-66d6a131841c,eaad4ba5-59b5-4b06-ac9e-078aae39b567,->,12acfc45-bdfb-4343-9004-9be15dfd844c,java/lang/StringBuilder.java,append
12acfc45-bdfb-4343-9004-9be15dfd844c,b3bbf75c-79ec-414f-bd0a-66d6a131841c,eaad4ba5-59b5-4b06-ac9e-078aae39b567,->,12acfc45-bdfb-4343-9004-9be15dfd844c,java/lang/StringBuilder.java,toString
12acfc45-bdfb-4343-9004-9be15dfd844c,b3bbf75c-79ec-414f-bd0a-66d6a131841c,eaad4ba5-59b5-4b06-ac9e-078aae39b567,->,12acfc45-bdfb-4343-9004-9be15dfd844c,2c89cfe4-ed6d-446f-832b-3c203feb3155,cf0eb5d1-f945-4cc7-9eaa-55b858ed55c6
12acfc45-bdfb-4343-9004-9be15dfd844c,b3bbf75c-79ec-414f-bd0a-66d6a131841c,eaad4ba5-59b5-4b06-ac9e-078aae39b567,->,12acfc45-bdfb-4343-9004-9be15dfd844c,java/lang/String.java,startsWith
12acfc45-bdfb-4343-9004-9be15dfd844c,b3bbf75c-79ec-414f-bd0a-66d6a131841c,eaad4ba5-59b5-4b06-ac9e-078aae39b567,->,12acfc45-bdfb-4343-9004-9be15dfd844c,java/lang/String.java,length
12acfc45-bdfb-4343-9004-9be15dfd844c,b3bbf75c-79ec-414f-bd0a-66d6a131841c,eaad4ba5-59b5-4b06-ac9e-078aae39b567,->,12acfc45-bdfb-4343-9004-9be15dfd844c,java/io/PrintStream.java,println
12acfc45-bdfb-4343-9004-9be15dfd844c,b3bbf75c-79ec-414f-bd0a-66d6a131841c,eaad4ba5-59b5-4b06-ac9e-078aae39b567,->,12acfc45-bdfb-4343-9004-9be15dfd844c,java/lang/String.java,substring
12acfc45-bdfb-4343-9004-9be15dfd844c,b3bbf75c-79ec-414f-bd0a-66d6a131841c,eaad4ba5-59b5-4b06-ac9e-078aae39b567,->,12acfc45-bdfb-4343-9004-9be15dfd844c,server/world/ClanChatHandler.java,playerMessageToClan
12acfc45-bdfb-4343-9004-9be15dfd844c,b3bbf75c-79ec-414f-bd0a-66d6a131841c,eaad4ba5-59b5-4b06-ac9e-078aae39b567,->,12acfc45-bdfb-4343-9004-9be15dfd844c,server/model/players/Client.java,sendMessage
12acfc45-bdfb-4343-9004-9be15dfd844c,b3bbf75c-79ec-414f-bd0a-66d6a131841c,eaad4ba5-59b5-4b06-ac9e-078aae39b567,->,12acfc45-bdfb-4343-9004-9be15dfd844c,java/lang/String.java,equalsIgnoreCase
12acfc45-bdfb-4343-9004-9be15dfd844c,b3bbf75c-79ec-414f-bd0a-66d6a131841c,eaad4ba5-59b5-4b06-ac9e-078aae39b567,->,12acfc45-bdfb-4343-9004-9be15dfd844c,java/lang/StringBuilder.java,append
12acfc45-bdfb-4343-9004-9be15dfd844c,b3bbf75c-79ec-414f-bd0a-66d6a131841c,eaad4ba5-59b5-4b06-ac9e-078aae39b567,->,12acfc45-bdfb-4343-9004-9be15dfd844c,server/model/players/PlayerHandler.java,getPlayerCount
12acfc45-bdfb-4343-9004-9be15dfd844c,b3bbf75c-79ec-414f-bd0a-66d6a131841c,eaad4ba5-59b5-4b06-ac9e-078aae39b567,->,12acfc45-bdfb-4343-9004-9be15dfd844c,java/lang/StringBuilder.java,append
12acfc45-bdfb-4343-9004-9be15dfd844c,b3bbf75c-79ec-414f-bd0a-66d6a131841c,eaad4ba5-59b5-4b06-ac9e-078aae39b567,->,12acfc45-bdfb-4343-9004-9be15dfd844c,java/lang/StringBuilder.java,append
12acfc45-bdfb-4343-9004-9be15dfd844c,b3bbf75c-79ec-414f-bd0a-66d6a131841c,eaad4ba5-59b5-4b06-ac9e-078aae39b567,->,12acfc45-bdfb-4343-9004-9be15dfd844c,java/lang/StringBuilder.java,toString
12acfc45-bdfb-4343-9004-9be15dfd844c,b3bbf75c-79ec-414f-bd0a-66d6a131841c,eaad4ba5-59b5-4b06-ac9e-078aae39b567,->,12acfc45-bdfb-4343-9004-9be15dfd844c,server/model/players/Client.java,sendMessage
12acfc45-bdfb-4343-9004-9be15dfd844c,b3bbf75c-79ec-414f-bd0a-66d6a131841c,eaad4ba5-59b5-4b06-ac9e-078aae39b567,->,12acfc45-bdfb-4343-9004-9be15dfd844c,java/lang/String.java,equalsIgnoreCase
12acfc45-bdfb-4343-9004-9be15dfd844c,b3bbf75c-79ec-414f-bd0a-66d6a131841c,eaad4ba5-59b5-4b06-ac9e-078aae39b567,->,12acfc45-bdfb-4343-9004-9be15dfd844c,server/model/players/Client.java,sendMessage
12acfc45-bdfb-4343-9004-9be15dfd844c,b3bbf75c-79ec-414f-bd0a-66d6a131841c,eaad4ba5-59b5-4b06-ac9e-078aae39b567,->,12acfc45-bdfb-4343-9004-9be15dfd844c,server/model/players/Client.java,setSidebarInterface
12acfc45-bdfb-4343-9004-9be15dfd844c,b3bbf75c-79ec-414f-bd0a-66d6a131841c,eaad4ba5-59b5-4b06-ac9e-078aae39b567,->,12acfc45-bdfb-4343-9004-9be15dfd844c,server/model/players/Client.java,sendMessage
12acfc45-bdfb-4343-9004-9be15dfd844c,b3bbf75c-79ec-414f-bd0a-66d6a131841c,eaad4ba5-59b5-4b06-ac9e-078aae39b567,->,12acfc45-bdfb-4343-9004-9be15dfd844c,server/model/players/Client.java,setSidebarInterface
12acfc45-bdfb-4343-9004-9be15dfd844c,b3bbf75c-79ec-414f-bd0a-66d6a131841c,eaad4ba5-59b5-4b06-ac9e-078aae39b567,->,12acfc45-bdfb-4343-9004-9be15dfd844c,server/model/players/Client.java,sendMessage
12acfc45-bdfb-4343-9004-9be15dfd844c,b3bbf75c-79ec-414f-bd0a-66d6a131841c,eaad4ba5-59b5-4b06-ac9e-078aae39b567,->,12acfc45-bdfb-4343-9004-9be15dfd844c,server/model/players/Client.java,setSidebarInterface
12acfc45-bdfb-4343-9004-9be15dfd844c,b3bbf75c-79ec-414f-bd0a-66d6a131841c,eaad4ba5-59b5-4b06-ac9e-078aae39b567,->,12acfc45-bdfb-4343-9004-9be15dfd844c,java/lang/String.java,startsWith
12acfc45-bdfb-4343-9004-9be15dfd844c,b3bbf75c-79ec-414f-bd0a-66d6a131841c,eaad4ba5-59b5-4b06-ac9e-078aae39b567,->,12acfc45-bdfb-4343-9004-9be15dfd844c,java/lang/String.java,split
12acfc45-bdfb-4343-9004-9be15dfd844c,b3bbf75c-79ec-414f-bd0a-66d6a131841c,eaad4ba5-59b5-4b06-ac9e-078aae39b567,->,12acfc45-bdfb-4343-9004-9be15dfd844c,java/lang/Integer.java,parseInt
12acfc45-bdfb-4343-9004-9be15dfd844c,b3bbf75c-79ec-414f-bd0a-66d6a131841c,eaad4ba5-59b5-4b06-ac9e-078aae39b567,->,12acfc45-bdfb-4343-9004-9be15dfd844c,java/lang/Integer.java,parseInt
12acfc45-bdfb-4343-9004-9be15dfd844c,b3bbf75c-79ec-414f-bd0a-66d6a131841c,eaad4ba5-59b5-4b06-ac9e-078aae39b567,->,12acfc45-bdfb-4343-9004-9be15dfd844c,server/model/players/Client.java,getPA
12acfc45-bdfb-4343-9004-9be15dfd844c,b3bbf75c-79ec-414f-bd0a-66d6a131841c,eaad4ba5-59b5-4b06-ac9e-078aae39b567,->,12acfc45-bdfb-4343-9004-9be15dfd844c,991eb2a8-284a-4290-ae08-f54cf8834706,92a52a14-bf03-44e2-af71-f79988e7ee23
12acfc45-bdfb-4343-9004-9be15dfd844c,b3bbf75c-79ec-414f-bd0a-66d6a131841c,eaad4ba5-59b5-4b06-ac9e-078aae39b567,->,12acfc45-bdfb-4343-9004-9be15dfd844c,server/model/players/Client.java,getPA
12acfc45-bdfb-4343-9004-9be15dfd844c,b3bbf75c-79ec-414f-bd0a-66d6a131841c,eaad4ba5-59b5-4b06-ac9e-078aae39b567,->,12acfc45-bdfb-4343-9004-9be15dfd844c,991eb2a8-284a-4290-ae08-f54cf8834706,26ef4ae0-57cb-4083-a56f-eaf4b81cb1ad
12acfc45-bdfb-4343-9004-9be15dfd844c,b3bbf75c-79ec-414f-bd0a-66d6a131841c,eaad4ba5-59b5-4b06-ac9e-078aae39b567,->,12acfc45-bdfb-4343-9004-9be15dfd844c,server/model/players/Client.java,getPA
12acfc45-bdfb-4343-9004-9be15dfd844c,b3bbf75c-79ec-414f-bd0a-66d6a131841c,eaad4ba5-59b5-4b06-ac9e-078aae39b567,->,12acfc45-bdfb-4343-9004-9be15dfd844c,991eb2a8-284a-4290-ae08-f54cf8834706,cc581d00-f04e-4278-8aaf-0ecbd93e9b04
12acfc45-bdfb-4343-9004-9be15dfd844c,b3bbf75c-79ec-414f-bd0a-66d6a131841c,eaad4ba5-59b5-4b06-ac9e-078aae39b567,->,12acfc45-bdfb-4343-9004-9be15dfd844c,server/model/players/Client.java,getPA
12acfc45-bdfb-4343-9004-9be15dfd844c,b3bbf75c-79ec-414f-bd0a-66d6a131841c,eaad4ba5-59b5-4b06-ac9e-078aae39b567,->,12acfc45-bdfb-4343-9004-9be15dfd844c,991eb2a8-284a-4290-ae08-f54cf8834706,9c7a5055-c36c-4881-8a1c-55d348f3b2cd
12acfc45-bdfb-4343-9004-9be15dfd844c,b3bbf75c-79ec-414f-bd0a-66d6a131841c,eaad4ba5-59b5-4b06-ac9e-078aae39b567,->,12acfc45-bdfb-4343-9004-9be15dfd844c,java/lang/String.java,startsWith
12acfc45-bdfb-4343-9004-9be15dfd844c,b3bbf75c-79ec-414f-bd0a-66d6a131841c,eaad4ba5-59b5-4b06-ac9e-078aae39b567,->,12acfc45-bdfb-4343-9004-9be15dfd844c,java/lang/String.java,split
12acfc45-bdfb-4343-9004-9be15dfd844c,b3bbf75c-79ec-414f-bd0a-66d6a131841c,eaad4ba5-59b5-4b06-ac9e-078aae39b567,->,12acfc45-bdfb-4343-9004-9be15dfd844c,java/lang/StringBuilder.java,append
12acfc45-bdfb-4343-9004-9be15dfd844c,b3bbf75c-79ec-414f-bd0a-66d6a131841c,eaad4ba5-59b5-4b06-ac9e-078aae39b567,->,12acfc45-bdfb-4343-9004-9be15dfd844c,java/lang/StringBuilder.java,append
12acfc45-bdfb-4343-9004-9be15dfd844c,b3bbf75c-79ec-414f-bd0a-66d6a131841c,eaad4ba5-59b5-4b06-ac9e-078aae39b567,->,12acfc45-bdfb-4343-9004-9be15dfd844c,java/lang/StringBuilder.java,append
12acfc45-bdfb-4343-9004-9be15dfd844c,b3bbf75c-79ec-414f-bd0a-66d6a131841c,eaad4ba5-59b5-4b06-ac9e-078aae39b567,->,12acfc45-bdfb-4343-9004-9be15dfd844c,java/lang/StringBuilder.java,toString
12acfc45-bdfb-4343-9004-9be15dfd844c,b3bbf75c-79ec-414f-bd0a-66d6a131841c,eaad4ba5-59b5-4b06-ac9e-078aae39b567,->,12acfc45-bdfb-4343-9004-9be15dfd844c,java/lang/String.java,length
12acfc45-bdfb-4343-9004-9be15dfd844c,b3bbf75c-79ec-414f-bd0a-66d6a131841c,eaad4ba5-59b5-4b06-ac9e-078aae39b567,->,12acfc45-bdfb-4343-9004-9be15dfd844c,java/lang/String.java,substring
12acfc45-bdfb-4343-9004-9be15dfd844c,b3bbf75c-79ec-414f-bd0a-66d6a131841c,eaad4ba5-59b5-4b06-ac9e-078aae39b567,->,12acfc45-bdfb-4343-9004-9be15dfd844c,java/lang/StringBuilder.java,append
12acfc45-bdfb-4343-9004-9be15dfd844c,b3bbf75c-79ec-414f-bd0a-66d6a131841c,eaad4ba5-59b5-4b06-ac9e-078aae39b567,->,12acfc45-bdfb-4343-9004-9be15dfd844c,java/lang/StringBuilder.java,append
12acfc45-bdfb-4343-9004-9be15dfd844c,b3bbf75c-79ec-414f-bd0a-66d6a131841c,eaad4ba5-59b5-4b06-ac9e-078aae39b567,->,12acfc45-bdfb-4343-9004-9be15dfd844c,java/lang/StringBuilder.java,toString
12acfc45-bdfb-4343-9004-9be15dfd844c,b3bbf75c-79ec-414f-bd0a-66d6a131841c,eaad4ba5-59b5-4b06-ac9e-078aae39b567,->,12acfc45-bdfb-4343-9004-9be15dfd844c,server/model/players/Client.java,sendMessage
12acfc45-bdfb-4343-9004-9be15dfd844c,b3bbf75c-79ec-414f-bd0a-66d6a131841c,eaad4ba5-59b5-4b06-ac9e-078aae39b567,->,12acfc45-bdfb-4343-9004-9be15dfd844c,java/lang/String.java,replace
12acfc45-bdfb-4343-9004-9be15dfd844c,b3bbf75c-79ec-414f-bd0a-66d6a131841c,eaad4ba5-59b5-4b06-ac9e-078aae39b567,->,12acfc45-bdfb-4343-9004-9be15dfd844c,java/lang/String.java,toLowerCase
12acfc45-bdfb-4343-9004-9be15dfd844c,b3bbf75c-79ec-414f-bd0a-66d6a131841c,eaad4ba5-59b5-4b06-ac9e-078aae39b567,->,12acfc45-bdfb-4343-9004-9be15dfd844c,java/lang/String.java,toLowerCase
12acfc45-bdfb-4343-9004-9be15dfd844c,b3bbf75c-79ec-414f-bd0a-66d6a131841c,eaad4ba5-59b5-4b06-ac9e-078aae39b567,->,12acfc45-bdfb-4343-9004-9be15dfd844c,java/lang/String.java,contains
12acfc45-bdfb-4343-9004-9be15dfd844c,b3bbf75c-79ec-414f-bd0a-66d6a131841c,eaad4ba5-59b5-4b06-ac9e-078aae39b567,->,12acfc45-bdfb-4343-9004-9be15dfd844c,java/lang/StringBuilder.java,append
12acfc45-bdfb-4343-9004-9be15dfd844c,b3bbf75c-79ec-414f-bd0a-66d6a131841c,eaad4ba5-59b5-4b06-ac9e-078aae39b567,->,12acfc45-bdfb-4343-9004-9be15dfd844c,java/lang/String.java,replace
12acfc45-bdfb-4343-9004-9be15dfd844c,b3bbf75c-79ec-414f-bd0a-66d6a131841c,eaad4ba5-59b5-4b06-ac9e-078aae39b567,->,12acfc45-bdfb-4343-9004-9be15dfd844c,java/lang/StringBuilder.java,append
12acfc45-bdfb-4343-9004-9be15dfd844c,b3bbf75c-79ec-414f-bd0a-66d6a131841c,eaad4ba5-59b5-4b06-ac9e-078aae39b567,->,12acfc45-bdfb-4343-9004-9be15dfd844c,java/lang/StringBuilder.java,append
12acfc45-bdfb-4343-9004-9be15dfd844c,b3bbf75c-79ec-414f-bd0a-66d6a131841c,eaad4ba5-59b5-4b06-ac9e-078aae39b567,->,12acfc45-bdfb-4343-9004-9be15dfd844c,java/lang/StringBuilder.java,append
12acfc45-bdfb-4343-9004-9be15dfd844c,b3bbf75c-79ec-414f-bd0a-66d6a131841c,eaad4ba5-59b5-4b06-ac9e-078aae39b567,->,12acfc45-bdfb-4343-9004-9be15dfd844c,java/lang/StringBuilder.java,toString
12acfc45-bdfb-4343-9004-9be15dfd844c,b3bbf75c-79ec-414f-bd0a-66d6a131841c,eaad4ba5-59b5-4b06-ac9e-078aae39b567,->,12acfc45-bdfb-4343-9004-9be15dfd844c,server/model/players/Client.java,sendMessage
12acfc45-bdfb-4343-9004-9be15dfd844c,b3bbf75c-79ec-414f-bd0a-66d6a131841c,eaad4ba5-59b5-4b06-ac9e-078aae39b567,->,12acfc45-bdfb-4343-9004-9be15dfd844c,java/lang/StringBuilder.java,append
12acfc45-bdfb-4343-9004-9be15dfd844c,b3bbf75c-79ec-414f-bd0a-66d6a131841c,eaad4ba5-59b5-4b06-ac9e-078aae39b567,->,12acfc45-bdfb-4343-9004-9be15dfd844c,java/lang/StringBuilder.java,append
12acfc45-bdfb-4343-9004-9be15dfd844c,b3bbf75c-79ec-414f-bd0a-66d6a131841c,eaad4ba5-59b5-4b06-ac9e-078aae39b567,->,12acfc45-bdfb-4343-9004-9be15dfd844c,java/lang/StringBuilder.java,toString
12acfc45-bdfb-4343-9004-9be15dfd844c,b3bbf75c-79ec-414f-bd0a-66d6a131841c,eaad4ba5-59b5-4b06-ac9e-078aae39b567,->,12acfc45-bdfb-4343-9004-9be15dfd844c,server/model/players/Client.java,sendMessage
12acfc45-bdfb-4343-9004-9be15dfd844c,b3bbf75c-79ec-414f-bd0a-66d6a131841c,eaad4ba5-59b5-4b06-ac9e-078aae39b567,->,12acfc45-bdfb-4343-9004-9be15dfd844c,java/lang/String.java,startsWith
12acfc45-bdfb-4343-9004-9be15dfd844c,b3bbf75c-79ec-414f-bd0a-66d6a131841c,eaad4ba5-59b5-4b06-ac9e-078aae39b567,->,12acfc45-bdfb-4343-9004-9be15dfd844c,server/model/players/Client.java,inWild
12acfc45-bdfb-4343-9004-9be15dfd844c,b3bbf75c-79ec-414f-bd0a-66d6a131841c,eaad4ba5-59b5-4b06-ac9e-078aae39b567,->,12acfc45-bdfb-4343-9004-9be15dfd844c,java/lang/String.java,split
12acfc45-bdfb-4343-9004-9be15dfd844c,b3bbf75c-79ec-414f-bd0a-66d6a131841c,eaad4ba5-59b5-4b06-ac9e-078aae39b567,->,12acfc45-bdfb-4343-9004-9be15dfd844c,java/lang/Integer.java,parseInt
12acfc45-bdfb-4343-9004-9be15dfd844c,b3bbf75c-79ec-414f-bd0a-66d6a131841c,eaad4ba5-59b5-4b06-ac9e-078aae39b567,->,12acfc45-bdfb-4343-9004-9be15dfd844c,java/lang/Integer.java,parseInt
12acfc45-bdfb-4343-9004-9be15dfd844c,b3bbf75c-79ec-414f-bd0a-66d6a131841c,eaad4ba5-59b5-4b06-ac9e-078aae39b567,->,12acfc45-bdfb-4343-9004-9be15dfd844c,server/model/players/Client.java,getItems
12acfc45-bdfb-4343-9004-9be15dfd844c,b3bbf75c-79ec-414f-bd0a-66d6a131841c,eaad4ba5-59b5-4b06-ac9e-078aae39b567,->,12acfc45-bdfb-4343-9004-9be15dfd844c,server/model/items/ItemAssistant.java,addItem
12acfc45-bdfb-4343-9004-9be15dfd844c,b3bbf75c-79ec-414f-bd0a-66d6a131841c,eaad4ba5-59b5-4b06-ac9e-078aae39b567,->,12acfc45-bdfb-4343-9004-9be15dfd844c,java/lang/StringBuilder.java,append
12acfc45-bdfb-4343-9004-9be15dfd844c,b3bbf75c-79ec-414f-bd0a-66d6a131841c,eaad4ba5-59b5-4b06-ac9e-078aae39b567,->,12acfc45-bdfb-4343-9004-9be15dfd844c,java/lang/StringBuilder.java,append
12acfc45-bdfb-4343-9004-9be15dfd844c,b3bbf75c-79ec-414f-bd0a-66d6a131841c,eaad4ba5-59b5-4b06-ac9e-078aae39b567,->,12acfc45-bdfb-4343-9004-9be15dfd844c,java/lang/StringBuilder.java,append
12acfc45-bdfb-4343-9004-9be15dfd844c,b3bbf75c-79ec-414f-bd0a-66d6a131841c,eaad4ba5-59b5-4b06-ac9e-078aae39b567,->,12acfc45-bdfb-4343-9004-9be15dfd844c,java/lang/StringBuilder.java,append
12acfc45-bdfb-4343-9004-9be15dfd844c,b3bbf75c-79ec-414f-bd0a-66d6a131841c,eaad4ba5-59b5-4b06-ac9e-078aae39b567,->,12acfc45-bdfb-4343-9004-9be15dfd844c,java/lang/StringBuilder.java,toString
12acfc45-bdfb-4343-9004-9be15dfd844c,b3bbf75c-79ec-414f-bd0a-66d6a131841c,eaad4ba5-59b5-4b06-ac9e-078aae39b567,->,12acfc45-bdfb-4343-9004-9be15dfd844c,java/io/PrintStream.java,println
12acfc45-bdfb-4343-9004-9be15dfd844c,b3bbf75c-79ec-414f-bd0a-66d6a131841c,eaad4ba5-59b5-4b06-ac9e-078aae39b567,->,12acfc45-bdfb-4343-9004-9be15dfd844c,server/model/players/Client.java,sendMessage
12acfc45-bdfb-4343-9004-9be15dfd844c,b3bbf75c-79ec-414f-bd0a-66d6a131841c,eaad4ba5-59b5-4b06-ac9e-078aae39b567,->,12acfc45-bdfb-4343-9004-9be15dfd844c,server/model/players/Client.java,sendMessage
12acfc45-bdfb-4343-9004-9be15dfd844c,b3bbf75c-79ec-414f-bd0a-66d6a131841c,eaad4ba5-59b5-4b06-ac9e-078aae39b567,->,12acfc45-bdfb-4343-9004-9be15dfd844c,java/lang/String.java,startsWith
12acfc45-bdfb-4343-9004-9be15dfd844c,b3bbf75c-79ec-414f-bd0a-66d6a131841c,eaad4ba5-59b5-4b06-ac9e-078aae39b567,->,12acfc45-bdfb-4343-9004-9be15dfd844c,java/lang/String.java,length
12acfc45-bdfb-4343-9004-9be15dfd844c,b3bbf75c-79ec-414f-bd0a-66d6a131841c,eaad4ba5-59b5-4b06-ac9e-078aae39b567,->,12acfc45-bdfb-4343-9004-9be15dfd844c,java/lang/String.java,substring
12acfc45-bdfb-4343-9004-9be15dfd844c,b3bbf75c-79ec-414f-bd0a-66d6a131841c,eaad4ba5-59b5-4b06-ac9e-078aae39b567,->,12acfc45-bdfb-4343-9004-9be15dfd844c,java/lang/StringBuilder.java,append
12acfc45-bdfb-4343-9004-9be15dfd844c,b3bbf75c-79ec-414f-bd0a-66d6a131841c,eaad4ba5-59b5-4b06-ac9e-078aae39b567,->,12acfc45-bdfb-4343-9004-9be15dfd844c,java/lang/StringBuilder.java,append
12acfc45-bdfb-4343-9004-9be15dfd844c,b3bbf75c-79ec-414f-bd0a-66d6a131841c,eaad4ba5-59b5-4b06-ac9e-078aae39b567,->,12acfc45-bdfb-4343-9004-9be15dfd844c,java/lang/StringBuilder.java,toString
12acfc45-bdfb-4343-9004-9be15dfd844c,b3bbf75c-79ec-414f-bd0a-66d6a131841c,eaad4ba5-59b5-4b06-ac9e-078aae39b567,->,12acfc45-bdfb-4343-9004-9be15dfd844c,server/model/players/Client.java,sendMessage
12acfc45-bdfb-4343-9004-9be15dfd844c,b3bbf75c-79ec-414f-bd0a-66d6a131841c,eaad4ba5-59b5-4b06-ac9e-078aae39b567,->,12acfc45-bdfb-4343-9004-9be15dfd844c,java/lang/String.java,startsWith
12acfc45-bdfb-4343-9004-9be15dfd844c,b3bbf75c-79ec-414f-bd0a-66d6a131841c,eaad4ba5-59b5-4b06-ac9e-078aae39b567,->,12acfc45-bdfb-4343-9004-9be15dfd844c,java/lang/String.java,split
12acfc45-bdfb-4343-9004-9be15dfd844c,b3bbf75c-79ec-414f-bd0a-66d6a131841c,eaad4ba5-59b5-4b06-ac9e-078aae39b567,->,12acfc45-bdfb-4343-9004-9be15dfd844c,server/model/players/Client.java,getItems
12acfc45-bdfb-4343-9004-9be15dfd844c,b3bbf75c-79ec-414f-bd0a-66d6a131841c,eaad4ba5-59b5-4b06-ac9e-078aae39b567,->,12acfc45-bdfb-4343-9004-9be15dfd844c,java/lang/Integer.java,parseInt
12acfc45-bdfb-4343-9004-9be15dfd844c,b3bbf75c-79ec-414f-bd0a-66d6a131841c,eaad4ba5-59b5-4b06-ac9e-078aae39b567,->,12acfc45-bdfb-4343-9004-9be15dfd844c,java/lang/Integer.java,parseInt
12acfc45-bdfb-4343-9004-9be15dfd844c,b3bbf75c-79ec-414f-bd0a-66d6a131841c,eaad4ba5-59b5-4b06-ac9e-078aae39b567,->,12acfc45-bdfb-4343-9004-9be15dfd844c,server/model/items/ItemAssistant.java,itemOnInterface
12acfc45-bdfb-4343-9004-9be15dfd844c,b3bbf75c-79ec-414f-bd0a-66d6a131841c,eaad4ba5-59b5-4b06-ac9e-078aae39b567,->,12acfc45-bdfb-4343-9004-9be15dfd844c,java/lang/String.java,startsWith
12acfc45-bdfb-4343-9004-9be15dfd844c,b3bbf75c-79ec-414f-bd0a-66d6a131841c,eaad4ba5-59b5-4b06-ac9e-078aae39b567,->,12acfc45-bdfb-4343-9004-9be15dfd844c,java/lang/String.java,split
12acfc45-bdfb-4343-9004-9be15dfd844c,b3bbf75c-79ec-414f-bd0a-66d6a131841c,eaad4ba5-59b5-4b06-ac9e-078aae39b567,->,12acfc45-bdfb-4343-9004-9be15dfd844c,server/model/players/Client.java,getPA
12acfc45-bdfb-4343-9004-9be15dfd844c,b3bbf75c-79ec-414f-bd0a-66d6a131841c,eaad4ba5-59b5-4b06-ac9e-078aae39b567,->,12acfc45-bdfb-4343-9004-9be15dfd844c,java/lang/Integer.java,parseInt
12acfc45-bdfb-4343-9004-9be15dfd844c,b3bbf75c-79ec-414f-bd0a-66d6a131841c,eaad4ba5-59b5-4b06-ac9e-078aae39b567,->,12acfc45-bdfb-4343-9004-9be15dfd844c,java/lang/Integer.java,parseInt
12acfc45-bdfb-4343-9004-9be15dfd844c,b3bbf75c-79ec-414f-bd0a-66d6a131841c,eaad4ba5-59b5-4b06-ac9e-078aae39b567,->,12acfc45-bdfb-4343-9004-9be15dfd844c,java/lang/Integer.java,parseInt
12acfc45-bdfb-4343-9004-9be15dfd844c,b3bbf75c-79ec-414f-bd0a-66d6a131841c,eaad4ba5-59b5-4b06-ac9e-078aae39b567,->,12acfc45-bdfb-4343-9004-9be15dfd844c,991eb2a8-284a-4290-ae08-f54cf8834706,141a66be-744c-48f6-a5c3-9dbea684d0d6
12acfc45-bdfb-4343-9004-9be15dfd844c,b3bbf75c-79ec-414f-bd0a-66d6a131841c,eaad4ba5-59b5-4b06-ac9e-078aae39b567,->,12acfc45-bdfb-4343-9004-9be15dfd844c,server/model/players/Client.java,getPA
12acfc45-bdfb-4343-9004-9be15dfd844c,b3bbf75c-79ec-414f-bd0a-66d6a131841c,eaad4ba5-59b5-4b06-ac9e-078aae39b567,->,12acfc45-bdfb-4343-9004-9be15dfd844c,java/lang/Integer.java,parseInt
12acfc45-bdfb-4343-9004-9be15dfd844c,b3bbf75c-79ec-414f-bd0a-66d6a131841c,eaad4ba5-59b5-4b06-ac9e-078aae39b567,->,12acfc45-bdfb-4343-9004-9be15dfd844c,java/lang/Integer.java,parseInt
12acfc45-bdfb-4343-9004-9be15dfd844c,b3bbf75c-79ec-414f-bd0a-66d6a131841c,eaad4ba5-59b5-4b06-ac9e-078aae39b567,->,12acfc45-bdfb-4343-9004-9be15dfd844c,991eb2a8-284a-4290-ae08-f54cf8834706,141a66be-744c-48f6-a5c3-9dbea684d0d6
12acfc45-bdfb-4343-9004-9be15dfd844c,b3bbf75c-79ec-414f-bd0a-66d6a131841c,eaad4ba5-59b5-4b06-ac9e-078aae39b567,->,12acfc45-bdfb-4343-9004-9be15dfd844c,java/lang/String.java,startsWith
12acfc45-bdfb-4343-9004-9be15dfd844c,b3bbf75c-79ec-414f-bd0a-66d6a131841c,eaad4ba5-59b5-4b06-ac9e-078aae39b567,->,12acfc45-bdfb-4343-9004-9be15dfd844c,java/lang/String.java,split
12acfc45-bdfb-4343-9004-9be15dfd844c,b3bbf75c-79ec-414f-bd0a-66d6a131841c,eaad4ba5-59b5-4b06-ac9e-078aae39b567,->,12acfc45-bdfb-4343-9004-9be15dfd844c,server/model/players/Client.java,getPA
12acfc45-bdfb-4343-9004-9be15dfd844c,b3bbf75c-79ec-414f-bd0a-66d6a131841c,eaad4ba5-59b5-4b06-ac9e-078aae39b567,->,12acfc45-bdfb-4343-9004-9be15dfd844c,java/lang/Integer.java,parseInt
12acfc45-bdfb-4343-9004-9be15dfd844c,b3bbf75c-79ec-414f-bd0a-66d6a131841c,eaad4ba5-59b5-4b06-ac9e-078aae39b567,->,12acfc45-bdfb-4343-9004-9be15dfd844c,server/model/players/PlayerAssistant.java,showInterface
12acfc45-bdfb-4343-9004-9be15dfd844c,b3bbf75c-79ec-414f-bd0a-66d6a131841c,eaad4ba5-59b5-4b06-ac9e-078aae39b567,->,12acfc45-bdfb-4343-9004-9be15dfd844c,java/lang/String.java,startsWith
12acfc45-bdfb-4343-9004-9be15dfd844c,b3bbf75c-79ec-414f-bd0a-66d6a131841c,eaad4ba5-59b5-4b06-ac9e-078aae39b567,->,12acfc45-bdfb-4343-9004-9be15dfd844c,java/lang/String.java,split
12acfc45-bdfb-4343-9004-9be15dfd844c,b3bbf75c-79ec-414f-bd0a-66d6a131841c,eaad4ba5-59b5-4b06-ac9e-078aae39b567,->,12acfc45-bdfb-4343-9004-9be15dfd844c,java/lang/Integer.java,parseInt
12acfc45-bdfb-4343-9004-9be15dfd844c,b3bbf75c-79ec-414f-bd0a-66d6a131841c,eaad4ba5-59b5-4b06-ac9e-078aae39b567,->,12acfc45-bdfb-4343-9004-9be15dfd844c,server/model/players/Client.java,gfx0
12acfc45-bdfb-4343-9004-9be15dfd844c,b3bbf75c-79ec-414f-bd0a-66d6a131841c,eaad4ba5-59b5-4b06-ac9e-078aae39b567,->,12acfc45-bdfb-4343-9004-9be15dfd844c,java/lang/String.java,startsWith
12acfc45-bdfb-4343-9004-9be15dfd844c,b3bbf75c-79ec-414f-bd0a-66d6a131841c,eaad4ba5-59b5-4b06-ac9e-078aae39b567,->,12acfc45-bdfb-4343-9004-9be15dfd844c,java/lang/String.java,split
12acfc45-bdfb-4343-9004-9be15dfd844c,b3bbf75c-79ec-414f-bd0a-66d6a131841c,eaad4ba5-59b5-4b06-ac9e-078aae39b567,->,12acfc45-bdfb-4343-9004-9be15dfd844c,java/lang/Integer.java,parseInt
12acfc45-bdfb-4343-9004-9be15dfd844c,b3bbf75c-79ec-414f-bd0a-66d6a131841c,eaad4ba5-59b5-4b06-ac9e-078aae39b567,->,12acfc45-bdfb-4343-9004-9be15dfd844c,server/model/players/Client.java,startAnimation
12acfc45-bdfb-4343-9004-9be15dfd844c,b3bbf75c-79ec-414f-bd0a-66d6a131841c,eaad4ba5-59b5-4b06-ac9e-078aae39b567,->,12acfc45-bdfb-4343-9004-9be15dfd844c,server/model/players/Client.java,getPA
12acfc45-bdfb-4343-9004-9be15dfd844c,b3bbf75c-79ec-414f-bd0a-66d6a131841c,eaad4ba5-59b5-4b06-ac9e-078aae39b567,->,12acfc45-bdfb-4343-9004-9be15dfd844c,991eb2a8-284a-4290-ae08-f54cf8834706,f59ca130-d149-43aa-b537-369a4987d63b
12acfc45-bdfb-4343-9004-9be15dfd844c,b3bbf75c-79ec-414f-bd0a-66d6a131841c,eaad4ba5-59b5-4b06-ac9e-078aae39b567,->,12acfc45-bdfb-4343-9004-9be15dfd844c,java/lang/String.java,startsWith
12acfc45-bdfb-4343-9004-9be15dfd844c,b3bbf75c-79ec-414f-bd0a-66d6a131841c,eaad4ba5-59b5-4b06-ac9e-078aae39b567,->,12acfc45-bdfb-4343-9004-9be15dfd844c,java/lang/String.java,substring
12acfc45-bdfb-4343-9004-9be15dfd844c,b3bbf75c-79ec-414f-bd0a-66d6a131841c,eaad4ba5-59b5-4b06-ac9e-078aae39b567,->,12acfc45-bdfb-4343-9004-9be15dfd844c,java/lang/String.java,toLowerCase
12acfc45-bdfb-4343-9004-9be15dfd844c,b3bbf75c-79ec-414f-bd0a-66d6a131841c,eaad4ba5-59b5-4b06-ac9e-078aae39b567,->,12acfc45-bdfb-4343-9004-9be15dfd844c,server/model/players/Client.java,getPA
12acfc45-bdfb-4343-9004-9be15dfd844c,b3bbf75c-79ec-414f-bd0a-66d6a131841c,eaad4ba5-59b5-4b06-ac9e-078aae39b567,->,12acfc45-bdfb-4343-9004-9be15dfd844c,2c89cfe4-ed6d-446f-832b-3c203feb3155,cd5ba455-2af0-40dc-821c-405dff9a3574
12acfc45-bdfb-4343-9004-9be15dfd844c,b3bbf75c-79ec-414f-bd0a-66d6a131841c,eaad4ba5-59b5-4b06-ac9e-078aae39b567,->,12acfc45-bdfb-4343-9004-9be15dfd844c,991eb2a8-284a-4290-ae08-f54cf8834706,50f82a62-b865-470f-9d2a-50829daf5500
12acfc45-bdfb-4343-9004-9be15dfd844c,b3bbf75c-79ec-414f-bd0a-66d6a131841c,eaad4ba5-59b5-4b06-ac9e-078aae39b567,->,12acfc45-bdfb-4343-9004-9be15dfd844c,java/lang/String.java,equalsIgnoreCase
12acfc45-bdfb-4343-9004-9be15dfd844c,b3bbf75c-79ec-414f-bd0a-66d6a131841c,eaad4ba5-59b5-4b06-ac9e-078aae39b567,->,12acfc45-bdfb-4343-9004-9be15dfd844c,java/lang/StringBuilder.java,append
12acfc45-bdfb-4343-9004-9be15dfd844c,b3bbf75c-79ec-414f-bd0a-66d6a131841c,eaad4ba5-59b5-4b06-ac9e-078aae39b567,->,12acfc45-bdfb-4343-9004-9be15dfd844c,java/lang/StringBuilder.java,append
12acfc45-bdfb-4343-9004-9be15dfd844c,b3bbf75c-79ec-414f-bd0a-66d6a131841c,eaad4ba5-59b5-4b06-ac9e-078aae39b567,->,12acfc45-bdfb-4343-9004-9be15dfd844c,java/lang/StringBuilder.java,toString
12acfc45-bdfb-4343-9004-9be15dfd844c,b3bbf75c-79ec-414f-bd0a-66d6a131841c,eaad4ba5-59b5-4b06-ac9e-078aae39b567,->,12acfc45-bdfb-4343-9004-9be15dfd844c,server/model/players/Client.java,sendMessage
12acfc45-bdfb-4343-9004-9be15dfd844c,b3bbf75c-79ec-414f-bd0a-66d6a131841c,eaad4ba5-59b5-4b06-ac9e-078aae39b567,->,12acfc45-bdfb-4343-9004-9be15dfd844c,java/lang/StringBuilder.java,append
12acfc45-bdfb-4343-9004-9be15dfd844c,b3bbf75c-79ec-414f-bd0a-66d6a131841c,eaad4ba5-59b5-4b06-ac9e-078aae39b567,->,12acfc45-bdfb-4343-9004-9be15dfd844c,java/lang/StringBuilder.java,append
12acfc45-bdfb-4343-9004-9be15dfd844c,b3bbf75c-79ec-414f-bd0a-66d6a131841c,eaad4ba5-59b5-4b06-ac9e-078aae39b567,->,12acfc45-bdfb-4343-9004-9be15dfd844c,java/lang/StringBuilder.java,toString
12acfc45-bdfb-4343-9004-9be15dfd844c,b3bbf75c-79ec-414f-bd0a-66d6a131841c,eaad4ba5-59b5-4b06-ac9e-078aae39b567,->,12acfc45-bdfb-4343-9004-9be15dfd844c,server/model/players/Client.java,sendMessage
12acfc45-bdfb-4343-9004-9be15dfd844c,b3bbf75c-79ec-414f-bd0a-66d6a131841c,eaad4ba5-59b5-4b06-ac9e-078aae39b567,->,12acfc45-bdfb-4343-9004-9be15dfd844c,java/lang/String.java,startsWith
12acfc45-bdfb-4343-9004-9be15dfd844c,b3bbf75c-79ec-414f-bd0a-66d6a131841c,eaad4ba5-59b5-4b06-ac9e-078aae39b567,->,12acfc45-bdfb-4343-9004-9be15dfd844c,java/lang/StringBuilder.java,append
12acfc45-bdfb-4343-9004-9be15dfd844c,b3bbf75c-79ec-414f-bd0a-66d6a131841c,eaad4ba5-59b5-4b06-ac9e-078aae39b567,->,12acfc45-bdfb-4343-9004-9be15dfd844c,server/model/players/Client.java,getCombat
12acfc45-bdfb-4343-9004-9be15dfd844c,b3bbf75c-79ec-414f-bd0a-66d6a131841c,eaad4ba5-59b5-4b06-ac9e-078aae39b567,->,12acfc45-bdfb-4343-9004-9be15dfd844c,server/model/players/CombatAssistant.java,calculateMeleeMaxHit
12acfc45-bdfb-4343-9004-9be15dfd844c,b3bbf75c-79ec-414f-bd0a-66d6a131841c,eaad4ba5-59b5-4b06-ac9e-078aae39b567,->,12acfc45-bdfb-4343-9004-9be15dfd844c,java/lang/StringBuilder.java,append
12acfc45-bdfb-4343-9004-9be15dfd844c,b3bbf75c-79ec-414f-bd0a-66d6a131841c,eaad4ba5-59b5-4b06-ac9e-078aae39b567,->,12acfc45-bdfb-4343-9004-9be15dfd844c,java/lang/StringBuilder.java,append
12acfc45-bdfb-4343-9004-9be15dfd844c,b3bbf75c-79ec-414f-bd0a-66d6a131841c,eaad4ba5-59b5-4b06-ac9e-078aae39b567,->,12acfc45-bdfb-4343-9004-9be15dfd844c,java/lang/StringBuilder.java,toString
12acfc45-bdfb-4343-9004-9be15dfd844c,b3bbf75c-79ec-414f-bd0a-66d6a131841c,eaad4ba5-59b5-4b06-ac9e-078aae39b567,->,12acfc45-bdfb-4343-9004-9be15dfd844c,server/model/players/Client.java,sendMessage
12acfc45-bdfb-4343-9004-9be15dfd844c,b3bbf75c-79ec-414f-bd0a-66d6a131841c,eaad4ba5-59b5-4b06-ac9e-078aae39b567,->,12acfc45-bdfb-4343-9004-9be15dfd844c,java/lang/String.java,startsWith
12acfc45-bdfb-4343-9004-9be15dfd844c,b3bbf75c-79ec-414f-bd0a-66d6a131841c,eaad4ba5-59b5-4b06-ac9e-078aae39b567,->,12acfc45-bdfb-4343-9004-9be15dfd844c,java/lang/String.java,startsWith
12acfc45-bdfb-4343-9004-9be15dfd844c,b3bbf75c-79ec-414f-bd0a-66d6a131841c,eaad4ba5-59b5-4b06-ac9e-078aae39b567,->,12acfc45-bdfb-4343-9004-9be15dfd844c,java/lang/String.java,split
12acfc45-bdfb-4343-9004-9be15dfd844c,b3bbf75c-79ec-414f-bd0a-66d6a131841c,eaad4ba5-59b5-4b06-ac9e-078aae39b567,->,12acfc45-bdfb-4343-9004-9be15dfd844c,java/lang/Integer.java,parseInt
12acfc45-bdfb-4343-9004-9be15dfd844c,b3bbf75c-79ec-414f-bd0a-66d6a131841c,eaad4ba5-59b5-4b06-ac9e-078aae39b567,->,12acfc45-bdfb-4343-9004-9be15dfd844c,server/world/ClanChatHandler.java,handleLootShare
12acfc45-bdfb-4343-9004-9be15dfd844c,b3bbf75c-79ec-414f-bd0a-66d6a131841c,eaad4ba5-59b5-4b06-ac9e-078aae39b567,->,12acfc45-bdfb-4343-9004-9be15dfd844c,java/lang/String.java,startsWith
12acfc45-bdfb-4343-9004-9be15dfd844c,b3bbf75c-79ec-414f-bd0a-66d6a131841c,eaad4ba5-59b5-4b06-ac9e-078aae39b567,->,12acfc45-bdfb-4343-9004-9be15dfd844c,java/lang/String.java,split
12acfc45-bdfb-4343-9004-9be15dfd844c,b3bbf75c-79ec-414f-bd0a-66d6a131841c,eaad4ba5-59b5-4b06-ac9e-078aae39b567,->,12acfc45-bdfb-4343-9004-9be15dfd844c,server/model/players/Client.java,getPA
12acfc45-bdfb-4343-9004-9be15dfd844c,b3bbf75c-79ec-414f-bd0a-66d6a131841c,eaad4ba5-59b5-4b06-ac9e-078aae39b567,->,12acfc45-bdfb-4343-9004-9be15dfd844c,java/lang/Integer.java,parseInt
12acfc45-bdfb-4343-9004-9be15dfd844c,b3bbf75c-79ec-414f-bd0a-66d6a131841c,eaad4ba5-59b5-4b06-ac9e-078aae39b567,->,12acfc45-bdfb-4343-9004-9be15dfd844c,server/model/players/PlayerAssistant.java,showInterface
12acfc45-bdfb-4343-9004-9be15dfd844c,b3bbf75c-79ec-414f-bd0a-66d6a131841c,eaad4ba5-59b5-4b06-ac9e-078aae39b567,->,12acfc45-bdfb-4343-9004-9be15dfd844c,java/lang/String.java,startsWith
12acfc45-bdfb-4343-9004-9be15dfd844c,b3bbf75c-79ec-414f-bd0a-66d6a131841c,eaad4ba5-59b5-4b06-ac9e-078aae39b567,->,12acfc45-bdfb-4343-9004-9be15dfd844c,java/lang/String.java,split
12acfc45-bdfb-4343-9004-9be15dfd844c,b3bbf75c-79ec-414f-bd0a-66d6a131841c,eaad4ba5-59b5-4b06-ac9e-078aae39b567,->,12acfc45-bdfb-4343-9004-9be15dfd844c,java/lang/Integer.java,parseInt
12acfc45-bdfb-4343-9004-9be15dfd844c,b3bbf75c-79ec-414f-bd0a-66d6a131841c,eaad4ba5-59b5-4b06-ac9e-078aae39b567,->,12acfc45-bdfb-4343-9004-9be15dfd844c,server/model/players/Client.java,gfx0
12acfc45-bdfb-4343-9004-9be15dfd844c,b3bbf75c-79ec-414f-bd0a-66d6a131841c,eaad4ba5-59b5-4b06-ac9e-078aae39b567,->,12acfc45-bdfb-4343-9004-9be15dfd844c,java/lang/String.java,startsWith
12acfc45-bdfb-4343-9004-9be15dfd844c,b3bbf75c-79ec-414f-bd0a-66d6a131841c,eaad4ba5-59b5-4b06-ac9e-078aae39b567,->,12acfc45-bdfb-4343-9004-9be15dfd844c,java/lang/String.java,split
12acfc45-bdfb-4343-9004-9be15dfd844c,b3bbf75c-79ec-414f-bd0a-66d6a131841c,eaad4ba5-59b5-4b06-ac9e-078aae39b567,->,12acfc45-bdfb-4343-9004-9be15dfd844c,java/lang/Integer.java,parseInt
12acfc45-bdfb-4343-9004-9be15dfd844c,b3bbf75c-79ec-414f-bd0a-66d6a131841c,eaad4ba5-59b5-4b06-ac9e-078aae39b567,->,12acfc45-bdfb-4343-9004-9be15dfd844c,java/lang/System.java,currentTimeMillis
12acfc45-bdfb-4343-9004-9be15dfd844c,b3bbf75c-79ec-414f-bd0a-66d6a131841c,eaad4ba5-59b5-4b06-ac9e-078aae39b567,->,12acfc45-bdfb-4343-9004-9be15dfd844c,java/lang/String.java,equals
12acfc45-bdfb-4343-9004-9be15dfd844c,b3bbf75c-79ec-414f-bd0a-66d6a131841c,eaad4ba5-59b5-4b06-ac9e-078aae39b567,->,12acfc45-bdfb-4343-9004-9be15dfd844c,server/model/players/Client.java,getPA
12acfc45-bdfb-4343-9004-9be15dfd844c,b3bbf75c-79ec-414f-bd0a-66d6a131841c,eaad4ba5-59b5-4b06-ac9e-078aae39b567,->,12acfc45-bdfb-4343-9004-9be15dfd844c,991eb2a8-284a-4290-ae08-f54cf8834706,609517a1-3a8b-4bd9-8623-3cae47c33a17
12acfc45-bdfb-4343-9004-9be15dfd844c,b3bbf75c-79ec-414f-bd0a-66d6a131841c,eaad4ba5-59b5-4b06-ac9e-078aae39b567,->,12acfc45-bdfb-4343-9004-9be15dfd844c,java/lang/String.java,equalsIgnoreCase
12acfc45-bdfb-4343-9004-9be15dfd844c,b3bbf75c-79ec-414f-bd0a-66d6a131841c,eaad4ba5-59b5-4b06-ac9e-078aae39b567,->,12acfc45-bdfb-4343-9004-9be15dfd844c,java/lang/String.java,startsWith
12acfc45-bdfb-4343-9004-9be15dfd844c,b3bbf75c-79ec-414f-bd0a-66d6a131841c,eaad4ba5-59b5-4b06-ac9e-078aae39b567,->,12acfc45-bdfb-4343-9004-9be15dfd844c,java/lang/String.java,split
12acfc45-bdfb-4343-9004-9be15dfd844c,b3bbf75c-79ec-414f-bd0a-66d6a131841c,eaad4ba5-59b5-4b06-ac9e-078aae39b567,->,12acfc45-bdfb-4343-9004-9be15dfd844c,java/lang/Integer.java,parseInt
12acfc45-bdfb-4343-9004-9be15dfd844c,b3bbf75c-79ec-414f-bd0a-66d6a131841c,eaad4ba5-59b5-4b06-ac9e-078aae39b567,->,12acfc45-bdfb-4343-9004-9be15dfd844c,server/model/players/Client.java,getPA
12acfc45-bdfb-4343-9004-9be15dfd844c,b3bbf75c-79ec-414f-bd0a-66d6a131841c,eaad4ba5-59b5-4b06-ac9e-078aae39b567,->,12acfc45-bdfb-4343-9004-9be15dfd844c,server/model/players/PlayerAssistant.java,showInterface
12acfc45-bdfb-4343-9004-9be15dfd844c,b3bbf75c-79ec-414f-bd0a-66d6a131841c,eaad4ba5-59b5-4b06-ac9e-078aae39b567,->,12acfc45-bdfb-4343-9004-9be15dfd844c,server/model/players/Client.java,sendMessage
12acfc45-bdfb-4343-9004-9be15dfd844c,b3bbf75c-79ec-414f-bd0a-66d6a131841c,eaad4ba5-59b5-4b06-ac9e-078aae39b567,->,12acfc45-bdfb-4343-9004-9be15dfd844c,java/lang/String.java,startsWith
12acfc45-bdfb-4343-9004-9be15dfd844c,b3bbf75c-79ec-414f-bd0a-66d6a131841c,eaad4ba5-59b5-4b06-ac9e-078aae39b567,->,12acfc45-bdfb-4343-9004-9be15dfd844c,server/model/players/Client.java,getPA
12acfc45-bdfb-4343-9004-9be15dfd844c,b3bbf75c-79ec-414f-bd0a-66d6a131841c,eaad4ba5-59b5-4b06-ac9e-078aae39b567,->,12acfc45-bdfb-4343-9004-9be15dfd844c,991eb2a8-284a-4290-ae08-f54cf8834706,609517a1-3a8b-4bd9-8623-3cae47c33a17
12acfc45-bdfb-4343-9004-9be15dfd844c,b3bbf75c-79ec-414f-bd0a-66d6a131841c,eaad4ba5-59b5-4b06-ac9e-078aae39b567,->,12acfc45-bdfb-4343-9004-9be15dfd844c,java/lang/String.java,startsWith
12acfc45-bdfb-4343-9004-9be15dfd844c,b3bbf75c-79ec-414f-bd0a-66d6a131841c,eaad4ba5-59b5-4b06-ac9e-078aae39b567,->,12acfc45-bdfb-4343-9004-9be15dfd844c,java/lang/String.java,substring
12acfc45-bdfb-4343-9004-9be15dfd844c,b3bbf75c-79ec-414f-bd0a-66d6a131841c,eaad4ba5-59b5-4b06-ac9e-078aae39b567,->,12acfc45-bdfb-4343-9004-9be15dfd844c,java/lang/String.java,equalsIgnoreCase
12acfc45-bdfb-4343-9004-9be15dfd844c,b3bbf75c-79ec-414f-bd0a-66d6a131841c,eaad4ba5-59b5-4b06-ac9e-078aae39b567,->,12acfc45-bdfb-4343-9004-9be15dfd844c,server/model/players/Client.java,getPA
12acfc45-bdfb-4343-9004-9be15dfd844c,b3bbf75c-79ec-414f-bd0a-66d6a131841c,eaad4ba5-59b5-4b06-ac9e-078aae39b567,->,12acfc45-bdfb-4343-9004-9be15dfd844c,server/model/players/Player.java,getX
12acfc45-bdfb-4343-9004-9be15dfd844c,b3bbf75c-79ec-414f-bd0a-66d6a131841c,eaad4ba5-59b5-4b06-ac9e-078aae39b567,->,12acfc45-bdfb-4343-9004-9be15dfd844c,server/model/players/Player.java,getY
12acfc45-bdfb-4343-9004-9be15dfd844c,b3bbf75c-79ec-414f-bd0a-66d6a131841c,eaad4ba5-59b5-4b06-ac9e-078aae39b567,->,12acfc45-bdfb-4343-9004-9be15dfd844c,991eb2a8-284a-4290-ae08-f54cf8834706,141a66be-744c-48f6-a5c3-9dbea684d0d6
12acfc45-bdfb-4343-9004-9be15dfd844c,b3bbf75c-79ec-414f-bd0a-66d6a131841c,eaad4ba5-59b5-4b06-ac9e-078aae39b567,->,12acfc45-bdfb-4343-9004-9be15dfd844c,java/lang/String.java,startsWith
12acfc45-bdfb-4343-9004-9be15dfd844c,b3bbf75c-79ec-414f-bd0a-66d6a131841c,eaad4ba5-59b5-4b06-ac9e-078aae39b567,->,12acfc45-bdfb-4343-9004-9be15dfd844c,java/lang/String.java,equalsIgnoreCase
12acfc45-bdfb-4343-9004-9be15dfd844c,b3bbf75c-79ec-414f-bd0a-66d6a131841c,eaad4ba5-59b5-4b06-ac9e-078aae39b567,->,12acfc45-bdfb-4343-9004-9be15dfd844c,java/lang/String.java,substring
12acfc45-bdfb-4343-9004-9be15dfd844c,b3bbf75c-79ec-414f-bd0a-66d6a131841c,eaad4ba5-59b5-4b06-ac9e-078aae39b567,->,12acfc45-bdfb-4343-9004-9be15dfd844c,java/lang/Integer.java,parseInt
12acfc45-bdfb-4343-9004-9be15dfd844c,b3bbf75c-79ec-414f-bd0a-66d6a131841c,eaad4ba5-59b5-4b06-ac9e-078aae39b567,->,12acfc45-bdfb-4343-9004-9be15dfd844c,server/model/npcs/NPCHandler.java,spawnNpc
12acfc45-bdfb-4343-9004-9be15dfd844c,b3bbf75c-79ec-414f-bd0a-66d6a131841c,eaad4ba5-59b5-4b06-ac9e-078aae39b567,->,12acfc45-bdfb-4343-9004-9be15dfd844c,server/model/players/Client.java,sendMessage
12acfc45-bdfb-4343-9004-9be15dfd844c,b3bbf75c-79ec-414f-bd0a-66d6a131841c,eaad4ba5-59b5-4b06-ac9e-078aae39b567,->,12acfc45-bdfb-4343-9004-9be15dfd844c,server/model/players/Client.java,sendMessage
12acfc45-bdfb-4343-9004-9be15dfd844c,b3bbf75c-79ec-414f-bd0a-66d6a131841c,eaad4ba5-59b5-4b06-ac9e-078aae39b567,->,12acfc45-bdfb-4343-9004-9be15dfd844c,java/lang/String.java,startsWith
12acfc45-bdfb-4343-9004-9be15dfd844c,b3bbf75c-79ec-414f-bd0a-66d6a131841c,eaad4ba5-59b5-4b06-ac9e-078aae39b567,->,12acfc45-bdfb-4343-9004-9be15dfd844c,java/lang/String.java,substring
12acfc45-bdfb-4343-9004-9be15dfd844c,b3bbf75c-79ec-414f-bd0a-66d6a131841c,eaad4ba5-59b5-4b06-ac9e-078aae39b567,->,12acfc45-bdfb-4343-9004-9be15dfd844c,java/lang/String.java,equalsIgnoreCase
12acfc45-bdfb-4343-9004-9be15dfd844c,b3bbf75c-79ec-414f-bd0a-66d6a131841c,eaad4ba5-59b5-4b06-ac9e-078aae39b567,->,12acfc45-bdfb-4343-9004-9be15dfd844c,668e5208-a8db-424e-9ec6-92cd04ace8ad,2e85ffee-05be-424f-92c8-a8ef2ef19ae7
12acfc45-bdfb-4343-9004-9be15dfd844c,b3bbf75c-79ec-414f-bd0a-66d6a131841c,eaad4ba5-59b5-4b06-ac9e-078aae39b567,->,12acfc45-bdfb-4343-9004-9be15dfd844c,668e5208-a8db-424e-9ec6-92cd04ace8ad,d4bb149c-9aa5-44ce-a1ba-3785e69f50be
12acfc45-bdfb-4343-9004-9be15dfd844c,b3bbf75c-79ec-414f-bd0a-66d6a131841c,eaad4ba5-59b5-4b06-ac9e-078aae39b567,->,12acfc45-bdfb-4343-9004-9be15dfd844c,java/lang/StringBuilder.java,append
12acfc45-bdfb-4343-9004-9be15dfd844c,b3bbf75c-79ec-414f-bd0a-66d6a131841c,eaad4ba5-59b5-4b06-ac9e-078aae39b567,->,12acfc45-bdfb-4343-9004-9be15dfd844c,java/lang/StringBuilder.java,append
12acfc45-bdfb-4343-9004-9be15dfd844c,b3bbf75c-79ec-414f-bd0a-66d6a131841c,eaad4ba5-59b5-4b06-ac9e-078aae39b567,->,12acfc45-bdfb-4343-9004-9be15dfd844c,java/lang/StringBuilder.java,append
12acfc45-bdfb-4343-9004-9be15dfd844c,b3bbf75c-79ec-414f-bd0a-66d6a131841c,eaad4ba5-59b5-4b06-ac9e-078aae39b567,->,12acfc45-bdfb-4343-9004-9be15dfd844c,java/lang/StringBuilder.java,append
12acfc45-bdfb-4343-9004-9be15dfd844c,b3bbf75c-79ec-414f-bd0a-66d6a131841c,eaad4ba5-59b5-4b06-ac9e-078aae39b567,->,12acfc45-bdfb-4343-9004-9be15dfd844c,java/lang/StringBuilder.java,toString
12acfc45-bdfb-4343-9004-9be15dfd844c,b3bbf75c-79ec-414f-bd0a-66d6a131841c,eaad4ba5-59b5-4b06-ac9e-078aae39b567,->,12acfc45-bdfb-4343-9004-9be15dfd844c,server/model/players/Client.java,sendMessage
12acfc45-bdfb-4343-9004-9be15dfd844c,b3bbf75c-79ec-414f-bd0a-66d6a131841c,eaad4ba5-59b5-4b06-ac9e-078aae39b567,->,12acfc45-bdfb-4343-9004-9be15dfd844c,server/model/players/Client.java,sendMessage
12acfc45-bdfb-4343-9004-9be15dfd844c,b3bbf75c-79ec-414f-bd0a-66d6a131841c,eaad4ba5-59b5-4b06-ac9e-078aae39b567,->,12acfc45-bdfb-4343-9004-9be15dfd844c,java/lang/String.java,startsWith
12acfc45-bdfb-4343-9004-9be15dfd844c,b3bbf75c-79ec-414f-bd0a-66d6a131841c,eaad4ba5-59b5-4b06-ac9e-078aae39b567,->,12acfc45-bdfb-4343-9004-9be15dfd844c,java/lang/String.java,charAt
12acfc45-bdfb-4343-9004-9be15dfd844c,b3bbf75c-79ec-414f-bd0a-66d6a131841c,eaad4ba5-59b5-4b06-ac9e-078aae39b567,->,12acfc45-bdfb-4343-9004-9be15dfd844c,java/lang/String.java,substring
12acfc45-bdfb-4343-9004-9be15dfd844c,b3bbf75c-79ec-414f-bd0a-66d6a131841c,eaad4ba5-59b5-4b06-ac9e-078aae39b567,->,12acfc45-bdfb-4343-9004-9be15dfd844c,668e5208-a8db-424e-9ec6-92cd04ace8ad,2fe2708d-c666-4c87-8181-45c484fdb6c6
12acfc45-bdfb-4343-9004-9be15dfd844c,b3bbf75c-79ec-414f-bd0a-66d6a131841c,eaad4ba5-59b5-4b06-ac9e-078aae39b567,->,12acfc45-bdfb-4343-9004-9be15dfd844c,668e5208-a8db-424e-9ec6-92cd04ace8ad,13872ecd-a90c-4e1f-b211-16c4a56a3c62
12acfc45-bdfb-4343-9004-9be15dfd844c,b3bbf75c-79ec-414f-bd0a-66d6a131841c,eaad4ba5-59b5-4b06-ac9e-078aae39b567,->,12acfc45-bdfb-4343-9004-9be15dfd844c,java/lang/String.java,equalsIgnoreCase
12acfc45-bdfb-4343-9004-9be15dfd844c,b3bbf75c-79ec-414f-bd0a-66d6a131841c,eaad4ba5-59b5-4b06-ac9e-078aae39b567,->,12acfc45-bdfb-4343-9004-9be15dfd844c,server/model/players/Client.java,sendMessage
12acfc45-bdfb-4343-9004-9be15dfd844c,b3bbf75c-79ec-414f-bd0a-66d6a131841c,eaad4ba5-59b5-4b06-ac9e-078aae39b567,->,12acfc45-bdfb-4343-9004-9be15dfd844c,java/lang/String.java,startsWith
12acfc45-bdfb-4343-9004-9be15dfd844c,b3bbf75c-79ec-414f-bd0a-66d6a131841c,eaad4ba5-59b5-4b06-ac9e-078aae39b567,->,12acfc45-bdfb-4343-9004-9be15dfd844c,java/lang/String.java,substring
12acfc45-bdfb-4343-9004-9be15dfd844c,b3bbf75c-79ec-414f-bd0a-66d6a131841c,eaad4ba5-59b5-4b06-ac9e-078aae39b567,->,12acfc45-bdfb-4343-9004-9be15dfd844c,668e5208-a8db-424e-9ec6-92cd04ace8ad,e64148c4-6379-467a-8a82-200643dfde94
12acfc45-bdfb-4343-9004-9be15dfd844c,b3bbf75c-79ec-414f-bd0a-66d6a131841c,eaad4ba5-59b5-4b06-ac9e-078aae39b567,->,12acfc45-bdfb-4343-9004-9be15dfd844c,java/lang/StringBuilder.java,append
12acfc45-bdfb-4343-9004-9be15dfd844c,b3bbf75c-79ec-414f-bd0a-66d6a131841c,eaad4ba5-59b5-4b06-ac9e-078aae39b567,->,12acfc45-bdfb-4343-9004-9be15dfd844c,java/lang/StringBuilder.java,append
12acfc45-bdfb-4343-9004-9be15dfd844c,b3bbf75c-79ec-414f-bd0a-66d6a131841c,eaad4ba5-59b5-4b06-ac9e-078aae39b567,->,12acfc45-bdfb-4343-9004-9be15dfd844c,java/lang/StringBuilder.java,toString
12acfc45-bdfb-4343-9004-9be15dfd844c,b3bbf75c-79ec-414f-bd0a-66d6a131841c,eaad4ba5-59b5-4b06-ac9e-078aae39b567,->,12acfc45-bdfb-4343-9004-9be15dfd844c,server/model/players/Client.java,sendMessage
12acfc45-bdfb-4343-9004-9be15dfd844c,b3bbf75c-79ec-414f-bd0a-66d6a131841c,eaad4ba5-59b5-4b06-ac9e-078aae39b567,->,12acfc45-bdfb-4343-9004-9be15dfd844c,server/model/players/Client.java,sendMessage
12acfc45-bdfb-4343-9004-9be15dfd844c,b3bbf75c-79ec-414f-bd0a-66d6a131841c,eaad4ba5-59b5-4b06-ac9e-078aae39b567,->,12acfc45-bdfb-4343-9004-9be15dfd844c,java/lang/String.java,startsWith
12acfc45-bdfb-4343-9004-9be15dfd844c,b3bbf75c-79ec-414f-bd0a-66d6a131841c,eaad4ba5-59b5-4b06-ac9e-078aae39b567,->,12acfc45-bdfb-4343-9004-9be15dfd844c,java/lang/String.java,split
12acfc45-bdfb-4343-9004-9be15dfd844c,b3bbf75c-79ec-414f-bd0a-66d6a131841c,eaad4ba5-59b5-4b06-ac9e-078aae39b567,->,12acfc45-bdfb-4343-9004-9be15dfd844c,java/lang/Integer.java,parseInt
12acfc45-bdfb-4343-9004-9be15dfd844c,b3bbf75c-79ec-414f-bd0a-66d6a131841c,eaad4ba5-59b5-4b06-ac9e-078aae39b567,->,12acfc45-bdfb-4343-9004-9be15dfd844c,server/model/players/Client.java,startAnimation
12acfc45-bdfb-4343-9004-9be15dfd844c,b3bbf75c-79ec-414f-bd0a-66d6a131841c,eaad4ba5-59b5-4b06-ac9e-078aae39b567,->,12acfc45-bdfb-4343-9004-9be15dfd844c,server/model/players/Client.java,getPA
12acfc45-bdfb-4343-9004-9be15dfd844c,b3bbf75c-79ec-414f-bd0a-66d6a131841c,eaad4ba5-59b5-4b06-ac9e-078aae39b567,->,12acfc45-bdfb-4343-9004-9be15dfd844c,991eb2a8-284a-4290-ae08-f54cf8834706,f59ca130-d149-43aa-b537-369a4987d63b
12acfc45-bdfb-4343-9004-9be15dfd844c,b3bbf75c-79ec-414f-bd0a-66d6a131841c,eaad4ba5-59b5-4b06-ac9e-078aae39b567,->,12acfc45-bdfb-4343-9004-9be15dfd844c,java/lang/String.java,startsWith
12acfc45-bdfb-4343-9004-9be15dfd844c,b3bbf75c-79ec-414f-bd0a-66d6a131841c,eaad4ba5-59b5-4b06-ac9e-078aae39b567,->,12acfc45-bdfb-4343-9004-9be15dfd844c,java/lang/String.java,substring
12acfc45-bdfb-4343-9004-9be15dfd844c,b3bbf75c-79ec-414f-bd0a-66d6a131841c,eaad4ba5-59b5-4b06-ac9e-078aae39b567,->,12acfc45-bdfb-4343-9004-9be15dfd844c,668e5208-a8db-424e-9ec6-92cd04ace8ad,8d947b7d-d618-4021-9db2-90e097248b29
12acfc45-bdfb-4343-9004-9be15dfd844c,b3bbf75c-79ec-414f-bd0a-66d6a131841c,eaad4ba5-59b5-4b06-ac9e-078aae39b567,->,12acfc45-bdfb-4343-9004-9be15dfd844c,java/lang/String.java,equalsIgnoreCase
12acfc45-bdfb-4343-9004-9be15dfd844c,b3bbf75c-79ec-414f-bd0a-66d6a131841c,eaad4ba5-59b5-4b06-ac9e-078aae39b567,->,12acfc45-bdfb-4343-9004-9be15dfd844c,java/lang/StringBuilder.java,append
12acfc45-bdfb-4343-9004-9be15dfd844c,b3bbf75c-79ec-414f-bd0a-66d6a131841c,eaad4ba5-59b5-4b06-ac9e-078aae39b567,->,12acfc45-bdfb-4343-9004-9be15dfd844c,java/lang/StringBuilder.java,append
12acfc45-bdfb-4343-9004-9be15dfd844c,b3bbf75c-79ec-414f-bd0a-66d6a131841c,eaad4ba5-59b5-4b06-ac9e-078aae39b567,->,12acfc45-bdfb-4343-9004-9be15dfd844c,java/lang/StringBuilder.java,toString
12acfc45-bdfb-4343-9004-9be15dfd844c,b3bbf75c-79ec-414f-bd0a-66d6a131841c,eaad4ba5-59b5-4b06-ac9e-078aae39b567,->,12acfc45-bdfb-4343-9004-9be15dfd844c,server/model/players/Client.java,sendMessage
12acfc45-bdfb-4343-9004-9be15dfd844c,b3bbf75c-79ec-414f-bd0a-66d6a131841c,eaad4ba5-59b5-4b06-ac9e-078aae39b567,->,12acfc45-bdfb-4343-9004-9be15dfd844c,server/model/players/Client.java,sendMessage
12acfc45-bdfb-4343-9004-9be15dfd844c,b3bbf75c-79ec-414f-bd0a-66d6a131841c,eaad4ba5-59b5-4b06-ac9e-078aae39b567,->,12acfc45-bdfb-4343-9004-9be15dfd844c,java/lang/String.java,startsWith
12acfc45-bdfb-4343-9004-9be15dfd844c,b3bbf75c-79ec-414f-bd0a-66d6a131841c,eaad4ba5-59b5-4b06-ac9e-078aae39b567,->,12acfc45-bdfb-4343-9004-9be15dfd844c,java/lang/String.java,substring
12acfc45-bdfb-4343-9004-9be15dfd844c,b3bbf75c-79ec-414f-bd0a-66d6a131841c,eaad4ba5-59b5-4b06-ac9e-078aae39b567,->,12acfc45-bdfb-4343-9004-9be15dfd844c,java/lang/String.java,equalsIgnoreCase
12acfc45-bdfb-4343-9004-9be15dfd844c,b3bbf75c-79ec-414f-bd0a-66d6a131841c,eaad4ba5-59b5-4b06-ac9e-078aae39b567,->,12acfc45-bdfb-4343-9004-9be15dfd844c,668e5208-a8db-424e-9ec6-92cd04ace8ad,9590f87e-34d4-44b9-93cc-a5ac64ce11ae
12acfc45-bdfb-4343-9004-9be15dfd844c,b3bbf75c-79ec-414f-bd0a-66d6a131841c,eaad4ba5-59b5-4b06-ac9e-078aae39b567,->,12acfc45-bdfb-4343-9004-9be15dfd844c,java/lang/StringBuilder.java,append
12acfc45-bdfb-4343-9004-9be15dfd844c,b3bbf75c-79ec-414f-bd0a-66d6a131841c,eaad4ba5-59b5-4b06-ac9e-078aae39b567,->,12acfc45-bdfb-4343-9004-9be15dfd844c,java/lang/StringBuilder.java,append
12acfc45-bdfb-4343-9004-9be15dfd844c,b3bbf75c-79ec-414f-bd0a-66d6a131841c,eaad4ba5-59b5-4b06-ac9e-078aae39b567,->,12acfc45-bdfb-4343-9004-9be15dfd844c,java/lang/StringBuilder.java,toString
12acfc45-bdfb-4343-9004-9be15dfd844c,b3bbf75c-79ec-414f-bd0a-66d6a131841c,eaad4ba5-59b5-4b06-ac9e-078aae39b567,->,12acfc45-bdfb-4343-9004-9be15dfd844c,server/model/players/Client.java,sendMessage
12acfc45-bdfb-4343-9004-9be15dfd844c,b3bbf75c-79ec-414f-bd0a-66d6a131841c,eaad4ba5-59b5-4b06-ac9e-078aae39b567,->,12acfc45-bdfb-4343-9004-9be15dfd844c,java/lang/StringBuilder.java,append
12acfc45-bdfb-4343-9004-9be15dfd844c,b3bbf75c-79ec-414f-bd0a-66d6a131841c,eaad4ba5-59b5-4b06-ac9e-078aae39b567,->,12acfc45-bdfb-4343-9004-9be15dfd844c,java/lang/StringBuilder.java,append
12acfc45-bdfb-4343-9004-9be15dfd844c,b3bbf75c-79ec-414f-bd0a-66d6a131841c,eaad4ba5-59b5-4b06-ac9e-078aae39b567,->,12acfc45-bdfb-4343-9004-9be15dfd844c,java/lang/StringBuilder.java,toString
12acfc45-bdfb-4343-9004-9be15dfd844c,b3bbf75c-79ec-414f-bd0a-66d6a131841c,eaad4ba5-59b5-4b06-ac9e-078aae39b567,->,12acfc45-bdfb-4343-9004-9be15dfd844c,server/model/players/Client.java,sendMessage
12acfc45-bdfb-4343-9004-9be15dfd844c,b3bbf75c-79ec-414f-bd0a-66d6a131841c,eaad4ba5-59b5-4b06-ac9e-078aae39b567,->,12acfc45-bdfb-4343-9004-9be15dfd844c,server/model/players/Client.java,sendMessage
12acfc45-bdfb-4343-9004-9be15dfd844c,b3bbf75c-79ec-414f-bd0a-66d6a131841c,eaad4ba5-59b5-4b06-ac9e-078aae39b567,->,12acfc45-bdfb-4343-9004-9be15dfd844c,java/lang/String.java,startsWith
12acfc45-bdfb-4343-9004-9be15dfd844c,b3bbf75c-79ec-414f-bd0a-66d6a131841c,eaad4ba5-59b5-4b06-ac9e-078aae39b567,->,12acfc45-bdfb-4343-9004-9be15dfd844c,java/lang/String.java,substring
12acfc45-bdfb-4343-9004-9be15dfd844c,b3bbf75c-79ec-414f-bd0a-66d6a131841c,eaad4ba5-59b5-4b06-ac9e-078aae39b567,->,12acfc45-bdfb-4343-9004-9be15dfd844c,java/lang/String.java,equalsIgnoreCase
12acfc45-bdfb-4343-9004-9be15dfd844c,b3bbf75c-79ec-414f-bd0a-66d6a131841c,eaad4ba5-59b5-4b06-ac9e-078aae39b567,->,12acfc45-bdfb-4343-9004-9be15dfd844c,668e5208-a8db-424e-9ec6-92cd04ace8ad,d45c25bf-88d3-42d7-893f-c589c04acd28
12acfc45-bdfb-4343-9004-9be15dfd844c,b3bbf75c-79ec-414f-bd0a-66d6a131841c,eaad4ba5-59b5-4b06-ac9e-078aae39b567,->,12acfc45-bdfb-4343-9004-9be15dfd844c,java/lang/StringBuilder.java,append
12acfc45-bdfb-4343-9004-9be15dfd844c,b3bbf75c-79ec-414f-bd0a-66d6a131841c,eaad4ba5-59b5-4b06-ac9e-078aae39b567,->,12acfc45-bdfb-4343-9004-9be15dfd844c,java/lang/StringBuilder.java,append
12acfc45-bdfb-4343-9004-9be15dfd844c,b3bbf75c-79ec-414f-bd0a-66d6a131841c,eaad4ba5-59b5-4b06-ac9e-078aae39b567,->,12acfc45-bdfb-4343-9004-9be15dfd844c,java/lang/StringBuilder.java,toString
12acfc45-bdfb-4343-9004-9be15dfd844c,b3bbf75c-79ec-414f-bd0a-66d6a131841c,eaad4ba5-59b5-4b06-ac9e-078aae39b567,->,12acfc45-bdfb-4343-9004-9be15dfd844c,server/model/players/Client.java,sendMessage
12acfc45-bdfb-4343-9004-9be15dfd844c,b3bbf75c-79ec-414f-bd0a-66d6a131841c,eaad4ba5-59b5-4b06-ac9e-078aae39b567,->,12acfc45-bdfb-4343-9004-9be15dfd844c,server/model/players/Client.java,sendMessage
12acfc45-bdfb-4343-9004-9be15dfd844c,b3bbf75c-79ec-414f-bd0a-66d6a131841c,eaad4ba5-59b5-4b06-ac9e-078aae39b567,->,12acfc45-bdfb-4343-9004-9be15dfd844c,java/lang/String.java,startsWith
12acfc45-bdfb-4343-9004-9be15dfd844c,b3bbf75c-79ec-414f-bd0a-66d6a131841c,eaad4ba5-59b5-4b06-ac9e-078aae39b567,->,12acfc45-bdfb-4343-9004-9be15dfd844c,java/lang/String.java,substring
12acfc45-bdfb-4343-9004-9be15dfd844c,b3bbf75c-79ec-414f-bd0a-66d6a131841c,eaad4ba5-59b5-4b06-ac9e-078aae39b567,->,12acfc45-bdfb-4343-9004-9be15dfd844c,668e5208-a8db-424e-9ec6-92cd04ace8ad,33fe71a2-a499-4304-8c03-2622eebf58f3
12acfc45-bdfb-4343-9004-9be15dfd844c,b3bbf75c-79ec-414f-bd0a-66d6a131841c,eaad4ba5-59b5-4b06-ac9e-078aae39b567,->,12acfc45-bdfb-4343-9004-9be15dfd844c,server/model/players/Client.java,sendMessage
12acfc45-bdfb-4343-9004-9be15dfd844c,771efbb9-bc7c-47ff-b439-3e27d6fbae03,c359474d-2232-4251-9e97-aa269b6d2442,->,12acfc45-bdfb-4343-9004-9be15dfd844c,server/model/players/Client.java,getInStream
12acfc45-bdfb-4343-9004-9be15dfd844c,771efbb9-bc7c-47ff-b439-3e27d6fbae03,c359474d-2232-4251-9e97-aa269b6d2442,->,12acfc45-bdfb-4343-9004-9be15dfd844c,server/util/Stream.java,readUnsignedWord
12acfc45-bdfb-4343-9004-9be15dfd844c,771efbb9-bc7c-47ff-b439-3e27d6fbae03,c359474d-2232-4251-9e97-aa269b6d2442,->,12acfc45-bdfb-4343-9004-9be15dfd844c,server/model/players/Client.java,getInStream
12acfc45-bdfb-4343-9004-9be15dfd844c,771efbb9-bc7c-47ff-b439-3e27d6fbae03,c359474d-2232-4251-9e97-aa269b6d2442,->,12acfc45-bdfb-4343-9004-9be15dfd844c,server/util/Stream.java,readUnsignedWordA
12acfc45-bdfb-4343-9004-9be15dfd844c,771efbb9-bc7c-47ff-b439-3e27d6fbae03,c359474d-2232-4251-9e97-aa269b6d2442,->,12acfc45-bdfb-4343-9004-9be15dfd844c,server/model/players/Client.java,getInStream
12acfc45-bdfb-4343-9004-9be15dfd844c,771efbb9-bc7c-47ff-b439-3e27d6fbae03,c359474d-2232-4251-9e97-aa269b6d2442,->,12acfc45-bdfb-4343-9004-9be15dfd844c,server/util/Stream.java,readUnsignedWordA
12acfc45-bdfb-4343-9004-9be15dfd844c,771efbb9-bc7c-47ff-b439-3e27d6fbae03,c359474d-2232-4251-9e97-aa269b6d2442,->,12acfc45-bdfb-4343-9004-9be15dfd844c,server/model/players/Client.java,getItems
12acfc45-bdfb-4343-9004-9be15dfd844c,771efbb9-bc7c-47ff-b439-3e27d6fbae03,c359474d-2232-4251-9e97-aa269b6d2442,->,12acfc45-bdfb-4343-9004-9be15dfd844c,server/model/items/ItemAssistant.java,playerHasItem
12acfc45-bdfb-4343-9004-9be15dfd844c,771efbb9-bc7c-47ff-b439-3e27d6fbae03,c359474d-2232-4251-9e97-aa269b6d2442,->,12acfc45-bdfb-4343-9004-9be15dfd844c,server/model/players/Client.java,getCombat
12acfc45-bdfb-4343-9004-9be15dfd844c,771efbb9-bc7c-47ff-b439-3e27d6fbae03,c359474d-2232-4251-9e97-aa269b6d2442,->,12acfc45-bdfb-4343-9004-9be15dfd844c,server/model/players/CombatAssistant.java,resetPlayerAttack
12acfc45-bdfb-4343-9004-9be15dfd844c,771efbb9-bc7c-47ff-b439-3e27d6fbae03,c359474d-2232-4251-9e97-aa269b6d2442,->,12acfc45-bdfb-4343-9004-9be15dfd844c,server/model/players/Client.java,sendMessage
12acfc45-bdfb-4343-9004-9be15dfd844c,771efbb9-bc7c-47ff-b439-3e27d6fbae03,c359474d-2232-4251-9e97-aa269b6d2442,->,12acfc45-bdfb-4343-9004-9be15dfd844c,server/model/players/Client.java,getPA
12acfc45-bdfb-4343-9004-9be15dfd844c,771efbb9-bc7c-47ff-b439-3e27d6fbae03,c359474d-2232-4251-9e97-aa269b6d2442,->,12acfc45-bdfb-4343-9004-9be15dfd844c,991eb2a8-284a-4290-ae08-f54cf8834706,79770d42-3306-4e4c-990f-f435990d8c75
12acfc45-bdfb-4343-9004-9be15dfd844c,771efbb9-bc7c-47ff-b439-3e27d6fbae03,c359474d-2232-4251-9e97-aa269b6d2442,->,12acfc45-bdfb-4343-9004-9be15dfd844c,server/model/players/Client.java,getItems
12acfc45-bdfb-4343-9004-9be15dfd844c,771efbb9-bc7c-47ff-b439-3e27d6fbae03,c359474d-2232-4251-9e97-aa269b6d2442,->,12acfc45-bdfb-4343-9004-9be15dfd844c,server/model/items/ItemAssistant.java,wearItem
12acfc45-bdfb-4343-9004-9be15dfd844c,79833396-38b0-4890-a443-25e951e9f383,c4b111cb-28cd-4a41-9674-129826d407da,->,12acfc45-bdfb-4343-9004-9be15dfd844c,server/model/players/Client.java,getInStream
12acfc45-bdfb-4343-9004-9be15dfd844c,79833396-38b0-4890-a443-25e951e9f383,c4b111cb-28cd-4a41-9674-129826d407da,->,12acfc45-bdfb-4343-9004-9be15dfd844c,server/util/Stream.java,readQWord
12acfc45-bdfb-4343-9004-9be15dfd844c,79833396-38b0-4890-a443-25e951e9f383,c4b111cb-28cd-4a41-9674-129826d407da,->,12acfc45-bdfb-4343-9004-9be15dfd844c,2c89cfe4-ed6d-446f-832b-3c203feb3155,cbd4934b-f65e-4965-9d70-dbc252797f8f
12acfc45-bdfb-4343-9004-9be15dfd844c,79833396-38b0-4890-a443-25e951e9f383,c4b111cb-28cd-4a41-9674-129826d407da,->,12acfc45-bdfb-4343-9004-9be15dfd844c,java/lang/String.java,replaceAll
12acfc45-bdfb-4343-9004-9be15dfd844c,79833396-38b0-4890-a443-25e951e9f383,c4b111cb-28cd-4a41-9674-129826d407da,->,12acfc45-bdfb-4343-9004-9be15dfd844c,server/world/ClanChatHandler.java,handleClanChat
12acfc45-bdfb-4343-9004-9be15dfd844c,3763e1d1-113d-49f3-ba47-30e73dca5855,4ccc8727-b3fa-4a94-b925-bd2d4c5ea190,->,12acfc45-bdfb-4343-9004-9be15dfd844c,server/model/players/Client.java,getInStream
12acfc45-bdfb-4343-9004-9be15dfd844c,3763e1d1-113d-49f3-ba47-30e73dca5855,4ccc8727-b3fa-4a94-b925-bd2d4c5ea190,->,12acfc45-bdfb-4343-9004-9be15dfd844c,server/util/Stream.java,readSignedWordBigEndianA
12acfc45-bdfb-4343-9004-9be15dfd844c,3763e1d1-113d-49f3-ba47-30e73dca5855,4ccc8727-b3fa-4a94-b925-bd2d4c5ea190,->,12acfc45-bdfb-4343-9004-9be15dfd844c,server/model/players/Client.java,getInStream
12acfc45-bdfb-4343-9004-9be15dfd844c,3763e1d1-113d-49f3-ba47-30e73dca5855,4ccc8727-b3fa-4a94-b925-bd2d4c5ea190,->,12acfc45-bdfb-4343-9004-9be15dfd844c,server/util/Stream.java,readUnsignedWordA
12acfc45-bdfb-4343-9004-9be15dfd844c,3763e1d1-113d-49f3-ba47-30e73dca5855,4ccc8727-b3fa-4a94-b925-bd2d4c5ea190,->,12acfc45-bdfb-4343-9004-9be15dfd844c,server/model/players/Client.java,getInStream
12acfc45-bdfb-4343-9004-9be15dfd844c,3763e1d1-113d-49f3-ba47-30e73dca5855,4ccc8727-b3fa-4a94-b925-bd2d4c5ea190,->,12acfc45-bdfb-4343-9004-9be15dfd844c,server/util/Stream.java,readUnsignedWordBigEndian
12acfc45-bdfb-4343-9004-9be15dfd844c,3763e1d1-113d-49f3-ba47-30e73dca5855,4ccc8727-b3fa-4a94-b925-bd2d4c5ea190,->,12acfc45-bdfb-4343-9004-9be15dfd844c,server/model/players/skills/HerbCleaning.java,handleHerbCleaning
12acfc45-bdfb-4343-9004-9be15dfd844c,3763e1d1-113d-49f3-ba47-30e73dca5855,4ccc8727-b3fa-4a94-b925-bd2d4c5ea190,->,12acfc45-bdfb-4343-9004-9be15dfd844c,server/model/players/Client.java,getItems
12acfc45-bdfb-4343-9004-9be15dfd844c,3763e1d1-113d-49f3-ba47-30e73dca5855,4ccc8727-b3fa-4a94-b925-bd2d4c5ea190,->,12acfc45-bdfb-4343-9004-9be15dfd844c,server/model/items/ItemAssistant.java,addItem
12acfc45-bdfb-4343-9004-9be15dfd844c,3763e1d1-113d-49f3-ba47-30e73dca5855,4ccc8727-b3fa-4a94-b925-bd2d4c5ea190,->,12acfc45-bdfb-4343-9004-9be15dfd844c,server/model/players/Client.java,getItems
12acfc45-bdfb-4343-9004-9be15dfd844c,3763e1d1-113d-49f3-ba47-30e73dca5855,4ccc8727-b3fa-4a94-b925-bd2d4c5ea190,->,12acfc45-bdfb-4343-9004-9be15dfd844c,server/model/items/ItemAssistant.java,deleteItem
12acfc45-bdfb-4343-9004-9be15dfd844c,3763e1d1-113d-49f3-ba47-30e73dca5855,4ccc8727-b3fa-4a94-b925-bd2d4c5ea190,->,12acfc45-bdfb-4343-9004-9be15dfd844c,server/model/players/Client.java,getItems
12acfc45-bdfb-4343-9004-9be15dfd844c,3763e1d1-113d-49f3-ba47-30e73dca5855,4ccc8727-b3fa-4a94-b925-bd2d4c5ea190,->,12acfc45-bdfb-4343-9004-9be15dfd844c,server/model/items/ItemAssistant.java,handleNests
12acfc45-bdfb-4343-9004-9be15dfd844c,3763e1d1-113d-49f3-ba47-30e73dca5855,4ccc8727-b3fa-4a94-b925-bd2d4c5ea190,->,12acfc45-bdfb-4343-9004-9be15dfd844c,java/lang/System.java,currentTimeMillis
12acfc45-bdfb-4343-9004-9be15dfd844c,3763e1d1-113d-49f3-ba47-30e73dca5855,4ccc8727-b3fa-4a94-b925-bd2d4c5ea190,->,12acfc45-bdfb-4343-9004-9be15dfd844c,server/model/players/Client.java,getItems
12acfc45-bdfb-4343-9004-9be15dfd844c,3763e1d1-113d-49f3-ba47-30e73dca5855,4ccc8727-b3fa-4a94-b925-bd2d4c5ea190,->,12acfc45-bdfb-4343-9004-9be15dfd844c,server/model/items/ItemAssistant.java,deleteItem
12acfc45-bdfb-4343-9004-9be15dfd844c,3763e1d1-113d-49f3-ba47-30e73dca5855,4ccc8727-b3fa-4a94-b925-bd2d4c5ea190,->,12acfc45-bdfb-4343-9004-9be15dfd844c,server/model/players/Client.java,sendMessage
12acfc45-bdfb-4343-9004-9be15dfd844c,3763e1d1-113d-49f3-ba47-30e73dca5855,4ccc8727-b3fa-4a94-b925-bd2d4c5ea190,->,12acfc45-bdfb-4343-9004-9be15dfd844c,server/model/players/Client.java,startAnimation
12acfc45-bdfb-4343-9004-9be15dfd844c,3763e1d1-113d-49f3-ba47-30e73dca5855,4ccc8727-b3fa-4a94-b925-bd2d4c5ea190,->,12acfc45-bdfb-4343-9004-9be15dfd844c,server/model/players/Client.java,gfx0
12acfc45-bdfb-4343-9004-9be15dfd844c,3763e1d1-113d-49f3-ba47-30e73dca5855,4ccc8727-b3fa-4a94-b925-bd2d4c5ea190,->,12acfc45-bdfb-4343-9004-9be15dfd844c,server/model/players/Client.java,getPA
12acfc45-bdfb-4343-9004-9be15dfd844c,3763e1d1-113d-49f3-ba47-30e73dca5855,4ccc8727-b3fa-4a94-b925-bd2d4c5ea190,->,12acfc45-bdfb-4343-9004-9be15dfd844c,991eb2a8-284a-4290-ae08-f54cf8834706,141a66be-744c-48f6-a5c3-9dbea684d0d6
12acfc45-bdfb-4343-9004-9be15dfd844c,3763e1d1-113d-49f3-ba47-30e73dca5855,4ccc8727-b3fa-4a94-b925-bd2d4c5ea190,->,12acfc45-bdfb-4343-9004-9be15dfd844c,java/lang/System.java,currentTimeMillis
12acfc45-bdfb-4343-9004-9be15dfd844c,3763e1d1-113d-49f3-ba47-30e73dca5855,4ccc8727-b3fa-4a94-b925-bd2d4c5ea190,->,12acfc45-bdfb-4343-9004-9be15dfd844c,java/lang/System.java,currentTimeMillis
12acfc45-bdfb-4343-9004-9be15dfd844c,3763e1d1-113d-49f3-ba47-30e73dca5855,4ccc8727-b3fa-4a94-b925-bd2d4c5ea190,->,12acfc45-bdfb-4343-9004-9be15dfd844c,server/model/players/Client.java,getItems
12acfc45-bdfb-4343-9004-9be15dfd844c,3763e1d1-113d-49f3-ba47-30e73dca5855,4ccc8727-b3fa-4a94-b925-bd2d4c5ea190,->,12acfc45-bdfb-4343-9004-9be15dfd844c,server/model/items/ItemAssistant.java,deleteItem
12acfc45-bdfb-4343-9004-9be15dfd844c,3763e1d1-113d-49f3-ba47-30e73dca5855,4ccc8727-b3fa-4a94-b925-bd2d4c5ea190,->,12acfc45-bdfb-4343-9004-9be15dfd844c,server/model/players/Client.java,sendMessage
12acfc45-bdfb-4343-9004-9be15dfd844c,3763e1d1-113d-49f3-ba47-30e73dca5855,4ccc8727-b3fa-4a94-b925-bd2d4c5ea190,->,12acfc45-bdfb-4343-9004-9be15dfd844c,server/model/players/Client.java,startAnimation
12acfc45-bdfb-4343-9004-9be15dfd844c,3763e1d1-113d-49f3-ba47-30e73dca5855,4ccc8727-b3fa-4a94-b925-bd2d4c5ea190,->,12acfc45-bdfb-4343-9004-9be15dfd844c,server/model/players/Client.java,gfx0
12acfc45-bdfb-4343-9004-9be15dfd844c,3763e1d1-113d-49f3-ba47-30e73dca5855,4ccc8727-b3fa-4a94-b925-bd2d4c5ea190,->,12acfc45-bdfb-4343-9004-9be15dfd844c,server/model/players/Client.java,getPA
12acfc45-bdfb-4343-9004-9be15dfd844c,3763e1d1-113d-49f3-ba47-30e73dca5855,4ccc8727-b3fa-4a94-b925-bd2d4c5ea190,->,12acfc45-bdfb-4343-9004-9be15dfd844c,991eb2a8-284a-4290-ae08-f54cf8834706,141a66be-744c-48f6-a5c3-9dbea684d0d6
12acfc45-bdfb-4343-9004-9be15dfd844c,3763e1d1-113d-49f3-ba47-30e73dca5855,4ccc8727-b3fa-4a94-b925-bd2d4c5ea190,->,12acfc45-bdfb-4343-9004-9be15dfd844c,java/lang/System.java,currentTimeMillis
12acfc45-bdfb-4343-9004-9be15dfd844c,3763e1d1-113d-49f3-ba47-30e73dca5855,4ccc8727-b3fa-4a94-b925-bd2d4c5ea190,->,12acfc45-bdfb-4343-9004-9be15dfd844c,java/lang/System.java,currentTimeMillis
12acfc45-bdfb-4343-9004-9be15dfd844c,3763e1d1-113d-49f3-ba47-30e73dca5855,4ccc8727-b3fa-4a94-b925-bd2d4c5ea190,->,12acfc45-bdfb-4343-9004-9be15dfd844c,server/model/players/Client.java,getItems
12acfc45-bdfb-4343-9004-9be15dfd844c,3763e1d1-113d-49f3-ba47-30e73dca5855,4ccc8727-b3fa-4a94-b925-bd2d4c5ea190,->,12acfc45-bdfb-4343-9004-9be15dfd844c,server/model/items/ItemAssistant.java,deleteItem
12acfc45-bdfb-4343-9004-9be15dfd844c,3763e1d1-113d-49f3-ba47-30e73dca5855,4ccc8727-b3fa-4a94-b925-bd2d4c5ea190,->,12acfc45-bdfb-4343-9004-9be15dfd844c,server/model/players/Client.java,sendMessage
12acfc45-bdfb-4343-9004-9be15dfd844c,3763e1d1-113d-49f3-ba47-30e73dca5855,4ccc8727-b3fa-4a94-b925-bd2d4c5ea190,->,12acfc45-bdfb-4343-9004-9be15dfd844c,server/model/players/Client.java,startAnimation
12acfc45-bdfb-4343-9004-9be15dfd844c,3763e1d1-113d-49f3-ba47-30e73dca5855,4ccc8727-b3fa-4a94-b925-bd2d4c5ea190,->,12acfc45-bdfb-4343-9004-9be15dfd844c,server/model/players/Client.java,gfx0
12acfc45-bdfb-4343-9004-9be15dfd844c,3763e1d1-113d-49f3-ba47-30e73dca5855,4ccc8727-b3fa-4a94-b925-bd2d4c5ea190,->,12acfc45-bdfb-4343-9004-9be15dfd844c,server/model/players/Client.java,getPA
12acfc45-bdfb-4343-9004-9be15dfd844c,3763e1d1-113d-49f3-ba47-30e73dca5855,4ccc8727-b3fa-4a94-b925-bd2d4c5ea190,->,12acfc45-bdfb-4343-9004-9be15dfd844c,991eb2a8-284a-4290-ae08-f54cf8834706,141a66be-744c-48f6-a5c3-9dbea684d0d6
12acfc45-bdfb-4343-9004-9be15dfd844c,3763e1d1-113d-49f3-ba47-30e73dca5855,4ccc8727-b3fa-4a94-b925-bd2d4c5ea190,->,12acfc45-bdfb-4343-9004-9be15dfd844c,java/lang/System.java,currentTimeMillis
12acfc45-bdfb-4343-9004-9be15dfd844c,3763e1d1-113d-49f3-ba47-30e73dca5855,4ccc8727-b3fa-4a94-b925-bd2d4c5ea190,->,12acfc45-bdfb-4343-9004-9be15dfd844c,java/lang/System.java,currentTimeMillis
12acfc45-bdfb-4343-9004-9be15dfd844c,3763e1d1-113d-49f3-ba47-30e73dca5855,4ccc8727-b3fa-4a94-b925-bd2d4c5ea190,->,12acfc45-bdfb-4343-9004-9be15dfd844c,server/model/players/Client.java,getItems
12acfc45-bdfb-4343-9004-9be15dfd844c,3763e1d1-113d-49f3-ba47-30e73dca5855,4ccc8727-b3fa-4a94-b925-bd2d4c5ea190,->,12acfc45-bdfb-4343-9004-9be15dfd844c,server/model/items/ItemAssistant.java,deleteItem
12acfc45-bdfb-4343-9004-9be15dfd844c,3763e1d1-113d-49f3-ba47-30e73dca5855,4ccc8727-b3fa-4a94-b925-bd2d4c5ea190,->,12acfc45-bdfb-4343-9004-9be15dfd844c,server/model/players/Client.java,sendMessage
12acfc45-bdfb-4343-9004-9be15dfd844c,3763e1d1-113d-49f3-ba47-30e73dca5855,4ccc8727-b3fa-4a94-b925-bd2d4c5ea190,->,12acfc45-bdfb-4343-9004-9be15dfd844c,server/model/players/Client.java,startAnimation
12acfc45-bdfb-4343-9004-9be15dfd844c,3763e1d1-113d-49f3-ba47-30e73dca5855,4ccc8727-b3fa-4a94-b925-bd2d4c5ea190,->,12acfc45-bdfb-4343-9004-9be15dfd844c,server/model/players/Client.java,gfx0
12acfc45-bdfb-4343-9004-9be15dfd844c,3763e1d1-113d-49f3-ba47-30e73dca5855,4ccc8727-b3fa-4a94-b925-bd2d4c5ea190,->,12acfc45-bdfb-4343-9004-9be15dfd844c,server/model/players/Client.java,getPA
12acfc45-bdfb-4343-9004-9be15dfd844c,3763e1d1-113d-49f3-ba47-30e73dca5855,4ccc8727-b3fa-4a94-b925-bd2d4c5ea190,->,12acfc45-bdfb-4343-9004-9be15dfd844c,991eb2a8-284a-4290-ae08-f54cf8834706,141a66be-744c-48f6-a5c3-9dbea684d0d6
12acfc45-bdfb-4343-9004-9be15dfd844c,3763e1d1-113d-49f3-ba47-30e73dca5855,4ccc8727-b3fa-4a94-b925-bd2d4c5ea190,->,12acfc45-bdfb-4343-9004-9be15dfd844c,java/lang/System.java,currentTimeMillis
12acfc45-bdfb-4343-9004-9be15dfd844c,3763e1d1-113d-49f3-ba47-30e73dca5855,4ccc8727-b3fa-4a94-b925-bd2d4c5ea190,->,12acfc45-bdfb-4343-9004-9be15dfd844c,java/lang/System.java,currentTimeMillis
12acfc45-bdfb-4343-9004-9be15dfd844c,3763e1d1-113d-49f3-ba47-30e73dca5855,4ccc8727-b3fa-4a94-b925-bd2d4c5ea190,->,12acfc45-bdfb-4343-9004-9be15dfd844c,server/model/players/Client.java,getItems
12acfc45-bdfb-4343-9004-9be15dfd844c,3763e1d1-113d-49f3-ba47-30e73dca5855,4ccc8727-b3fa-4a94-b925-bd2d4c5ea190,->,12acfc45-bdfb-4343-9004-9be15dfd844c,server/model/items/ItemAssistant.java,deleteItem
12acfc45-bdfb-4343-9004-9be15dfd844c,3763e1d1-113d-49f3-ba47-30e73dca5855,4ccc8727-b3fa-4a94-b925-bd2d4c5ea190,->,12acfc45-bdfb-4343-9004-9be15dfd844c,server/model/players/Client.java,sendMessage
12acfc45-bdfb-4343-9004-9be15dfd844c,3763e1d1-113d-49f3-ba47-30e73dca5855,4ccc8727-b3fa-4a94-b925-bd2d4c5ea190,->,12acfc45-bdfb-4343-9004-9be15dfd844c,server/model/players/Client.java,startAnimation
12acfc45-bdfb-4343-9004-9be15dfd844c,3763e1d1-113d-49f3-ba47-30e73dca5855,4ccc8727-b3fa-4a94-b925-bd2d4c5ea190,->,12acfc45-bdfb-4343-9004-9be15dfd844c,server/model/players/Client.java,gfx0
12acfc45-bdfb-4343-9004-9be15dfd844c,3763e1d1-113d-49f3-ba47-30e73dca5855,4ccc8727-b3fa-4a94-b925-bd2d4c5ea190,->,12acfc45-bdfb-4343-9004-9be15dfd844c,server/model/players/Client.java,getPA
12acfc45-bdfb-4343-9004-9be15dfd844c,3763e1d1-113d-49f3-ba47-30e73dca5855,4ccc8727-b3fa-4a94-b925-bd2d4c5ea190,->,12acfc45-bdfb-4343-9004-9be15dfd844c,991eb2a8-284a-4290-ae08-f54cf8834706,141a66be-744c-48f6-a5c3-9dbea684d0d6
12acfc45-bdfb-4343-9004-9be15dfd844c,3763e1d1-113d-49f3-ba47-30e73dca5855,4ccc8727-b3fa-4a94-b925-bd2d4c5ea190,->,12acfc45-bdfb-4343-9004-9be15dfd844c,java/lang/System.java,currentTimeMillis
12acfc45-bdfb-4343-9004-9be15dfd844c,3763e1d1-113d-49f3-ba47-30e73dca5855,4ccc8727-b3fa-4a94-b925-bd2d4c5ea190,->,12acfc45-bdfb-4343-9004-9be15dfd844c,java/lang/System.java,currentTimeMillis
12acfc45-bdfb-4343-9004-9be15dfd844c,3763e1d1-113d-49f3-ba47-30e73dca5855,4ccc8727-b3fa-4a94-b925-bd2d4c5ea190,->,12acfc45-bdfb-4343-9004-9be15dfd844c,server/model/players/Client.java,getItems
12acfc45-bdfb-4343-9004-9be15dfd844c,3763e1d1-113d-49f3-ba47-30e73dca5855,4ccc8727-b3fa-4a94-b925-bd2d4c5ea190,->,12acfc45-bdfb-4343-9004-9be15dfd844c,server/model/items/ItemAssistant.java,deleteItem
12acfc45-bdfb-4343-9004-9be15dfd844c,3763e1d1-113d-49f3-ba47-30e73dca5855,4ccc8727-b3fa-4a94-b925-bd2d4c5ea190,->,12acfc45-bdfb-4343-9004-9be15dfd844c,server/model/players/Client.java,sendMessage
12acfc45-bdfb-4343-9004-9be15dfd844c,3763e1d1-113d-49f3-ba47-30e73dca5855,4ccc8727-b3fa-4a94-b925-bd2d4c5ea190,->,12acfc45-bdfb-4343-9004-9be15dfd844c,server/model/players/Client.java,startAnimation
12acfc45-bdfb-4343-9004-9be15dfd844c,3763e1d1-113d-49f3-ba47-30e73dca5855,4ccc8727-b3fa-4a94-b925-bd2d4c5ea190,->,12acfc45-bdfb-4343-9004-9be15dfd844c,server/model/players/Client.java,gfx0
12acfc45-bdfb-4343-9004-9be15dfd844c,3763e1d1-113d-49f3-ba47-30e73dca5855,4ccc8727-b3fa-4a94-b925-bd2d4c5ea190,->,12acfc45-bdfb-4343-9004-9be15dfd844c,server/model/players/Client.java,getPA
12acfc45-bdfb-4343-9004-9be15dfd844c,3763e1d1-113d-49f3-ba47-30e73dca5855,4ccc8727-b3fa-4a94-b925-bd2d4c5ea190,->,12acfc45-bdfb-4343-9004-9be15dfd844c,991eb2a8-284a-4290-ae08-f54cf8834706,141a66be-744c-48f6-a5c3-9dbea684d0d6
12acfc45-bdfb-4343-9004-9be15dfd844c,3763e1d1-113d-49f3-ba47-30e73dca5855,4ccc8727-b3fa-4a94-b925-bd2d4c5ea190,->,12acfc45-bdfb-4343-9004-9be15dfd844c,java/lang/System.java,currentTimeMillis
12acfc45-bdfb-4343-9004-9be15dfd844c,3763e1d1-113d-49f3-ba47-30e73dca5855,4ccc8727-b3fa-4a94-b925-bd2d4c5ea190,->,12acfc45-bdfb-4343-9004-9be15dfd844c,java/lang/System.java,currentTimeMillis
12acfc45-bdfb-4343-9004-9be15dfd844c,3763e1d1-113d-49f3-ba47-30e73dca5855,4ccc8727-b3fa-4a94-b925-bd2d4c5ea190,->,12acfc45-bdfb-4343-9004-9be15dfd844c,server/model/players/Client.java,getItems
12acfc45-bdfb-4343-9004-9be15dfd844c,3763e1d1-113d-49f3-ba47-30e73dca5855,4ccc8727-b3fa-4a94-b925-bd2d4c5ea190,->,12acfc45-bdfb-4343-9004-9be15dfd844c,server/model/items/ItemAssistant.java,playerHasItem
12acfc45-bdfb-4343-9004-9be15dfd844c,3763e1d1-113d-49f3-ba47-30e73dca5855,4ccc8727-b3fa-4a94-b925-bd2d4c5ea190,->,12acfc45-bdfb-4343-9004-9be15dfd844c,server/model/players/Client.java,getItems
12acfc45-bdfb-4343-9004-9be15dfd844c,3763e1d1-113d-49f3-ba47-30e73dca5855,4ccc8727-b3fa-4a94-b925-bd2d4c5ea190,->,12acfc45-bdfb-4343-9004-9be15dfd844c,server/model/items/ItemAssistant.java,deleteItem2
12acfc45-bdfb-4343-9004-9be15dfd844c,3763e1d1-113d-49f3-ba47-30e73dca5855,4ccc8727-b3fa-4a94-b925-bd2d4c5ea190,->,12acfc45-bdfb-4343-9004-9be15dfd844c,server/model/players/Client.java,getPA
12acfc45-bdfb-4343-9004-9be15dfd844c,3763e1d1-113d-49f3-ba47-30e73dca5855,4ccc8727-b3fa-4a94-b925-bd2d4c5ea190,->,12acfc45-bdfb-4343-9004-9be15dfd844c,991eb2a8-284a-4290-ae08-f54cf8834706,0955b7e8-1203-4e9d-8e85-6eeaf5af5ce5
12acfc45-bdfb-4343-9004-9be15dfd844c,3763e1d1-113d-49f3-ba47-30e73dca5855,4ccc8727-b3fa-4a94-b925-bd2d4c5ea190,->,12acfc45-bdfb-4343-9004-9be15dfd844c,server/model/players/Client.java,randomFlower
12acfc45-bdfb-4343-9004-9be15dfd844c,3763e1d1-113d-49f3-ba47-30e73dca5855,4ccc8727-b3fa-4a94-b925-bd2d4c5ea190,->,12acfc45-bdfb-4343-9004-9be15dfd844c,server/world/ObjectHandler.java,createAnObject
12acfc45-bdfb-4343-9004-9be15dfd844c,3763e1d1-113d-49f3-ba47-30e73dca5855,4ccc8727-b3fa-4a94-b925-bd2d4c5ea190,->,12acfc45-bdfb-4343-9004-9be15dfd844c,server/model/players/Client.java,getX
12acfc45-bdfb-4343-9004-9be15dfd844c,3763e1d1-113d-49f3-ba47-30e73dca5855,4ccc8727-b3fa-4a94-b925-bd2d4c5ea190,->,12acfc45-bdfb-4343-9004-9be15dfd844c,server/model/players/Client.java,getY
12acfc45-bdfb-4343-9004-9be15dfd844c,3763e1d1-113d-49f3-ba47-30e73dca5855,4ccc8727-b3fa-4a94-b925-bd2d4c5ea190,->,12acfc45-bdfb-4343-9004-9be15dfd844c,17f46bba-a2e0-4476-b0d2-93ed7a181ff6,fd0a2178-fa44-492d-be09-ca096f8e4be1
12acfc45-bdfb-4343-9004-9be15dfd844c,3763e1d1-113d-49f3-ba47-30e73dca5855,4ccc8727-b3fa-4a94-b925-bd2d4c5ea190,->,12acfc45-bdfb-4343-9004-9be15dfd844c,server/model/players/Client.java,getPA
12acfc45-bdfb-4343-9004-9be15dfd844c,3763e1d1-113d-49f3-ba47-30e73dca5855,4ccc8727-b3fa-4a94-b925-bd2d4c5ea190,->,12acfc45-bdfb-4343-9004-9be15dfd844c,991eb2a8-284a-4290-ae08-f54cf8834706,387ef356-3543-428b-bef1-b07e93485a0d
12acfc45-bdfb-4343-9004-9be15dfd844c,3763e1d1-113d-49f3-ba47-30e73dca5855,4ccc8727-b3fa-4a94-b925-bd2d4c5ea190,->,12acfc45-bdfb-4343-9004-9be15dfd844c,server/model/players/Client.java,getX
12acfc45-bdfb-4343-9004-9be15dfd844c,3763e1d1-113d-49f3-ba47-30e73dca5855,4ccc8727-b3fa-4a94-b925-bd2d4c5ea190,->,12acfc45-bdfb-4343-9004-9be15dfd844c,server/model/players/Client.java,getY
12acfc45-bdfb-4343-9004-9be15dfd844c,3763e1d1-113d-49f3-ba47-30e73dca5855,4ccc8727-b3fa-4a94-b925-bd2d4c5ea190,->,12acfc45-bdfb-4343-9004-9be15dfd844c,17f46bba-a2e0-4476-b0d2-93ed7a181ff6,fd0a2178-fa44-492d-be09-ca096f8e4be1
12acfc45-bdfb-4343-9004-9be15dfd844c,3763e1d1-113d-49f3-ba47-30e73dca5855,4ccc8727-b3fa-4a94-b925-bd2d4c5ea190,->,12acfc45-bdfb-4343-9004-9be15dfd844c,server/model/players/Client.java,getPA
12acfc45-bdfb-4343-9004-9be15dfd844c,3763e1d1-113d-49f3-ba47-30e73dca5855,4ccc8727-b3fa-4a94-b925-bd2d4c5ea190,->,12acfc45-bdfb-4343-9004-9be15dfd844c,991eb2a8-284a-4290-ae08-f54cf8834706,387ef356-3543-428b-bef1-b07e93485a0d
12acfc45-bdfb-4343-9004-9be15dfd844c,3763e1d1-113d-49f3-ba47-30e73dca5855,4ccc8727-b3fa-4a94-b925-bd2d4c5ea190,->,12acfc45-bdfb-4343-9004-9be15dfd844c,server/model/players/Client.java,getX
12acfc45-bdfb-4343-9004-9be15dfd844c,3763e1d1-113d-49f3-ba47-30e73dca5855,4ccc8727-b3fa-4a94-b925-bd2d4c5ea190,->,12acfc45-bdfb-4343-9004-9be15dfd844c,server/model/players/Client.java,getY
12acfc45-bdfb-4343-9004-9be15dfd844c,3763e1d1-113d-49f3-ba47-30e73dca5855,4ccc8727-b3fa-4a94-b925-bd2d4c5ea190,->,12acfc45-bdfb-4343-9004-9be15dfd844c,17f46bba-a2e0-4476-b0d2-93ed7a181ff6,fd0a2178-fa44-492d-be09-ca096f8e4be1
12acfc45-bdfb-4343-9004-9be15dfd844c,3763e1d1-113d-49f3-ba47-30e73dca5855,4ccc8727-b3fa-4a94-b925-bd2d4c5ea190,->,12acfc45-bdfb-4343-9004-9be15dfd844c,server/model/players/Client.java,getPA
12acfc45-bdfb-4343-9004-9be15dfd844c,3763e1d1-113d-49f3-ba47-30e73dca5855,4ccc8727-b3fa-4a94-b925-bd2d4c5ea190,->,12acfc45-bdfb-4343-9004-9be15dfd844c,991eb2a8-284a-4290-ae08-f54cf8834706,387ef356-3543-428b-bef1-b07e93485a0d
12acfc45-bdfb-4343-9004-9be15dfd844c,3763e1d1-113d-49f3-ba47-30e73dca5855,4ccc8727-b3fa-4a94-b925-bd2d4c5ea190,->,12acfc45-bdfb-4343-9004-9be15dfd844c,server/model/players/Client.java,getX
12acfc45-bdfb-4343-9004-9be15dfd844c,3763e1d1-113d-49f3-ba47-30e73dca5855,4ccc8727-b3fa-4a94-b925-bd2d4c5ea190,->,12acfc45-bdfb-4343-9004-9be15dfd844c,server/model/players/Client.java,getY
12acfc45-bdfb-4343-9004-9be15dfd844c,3763e1d1-113d-49f3-ba47-30e73dca5855,4ccc8727-b3fa-4a94-b925-bd2d4c5ea190,->,12acfc45-bdfb-4343-9004-9be15dfd844c,17f46bba-a2e0-4476-b0d2-93ed7a181ff6,fd0a2178-fa44-492d-be09-ca096f8e4be1
12acfc45-bdfb-4343-9004-9be15dfd844c,3763e1d1-113d-49f3-ba47-30e73dca5855,4ccc8727-b3fa-4a94-b925-bd2d4c5ea190,->,12acfc45-bdfb-4343-9004-9be15dfd844c,server/model/players/Client.java,getPA
12acfc45-bdfb-4343-9004-9be15dfd844c,3763e1d1-113d-49f3-ba47-30e73dca5855,4ccc8727-b3fa-4a94-b925-bd2d4c5ea190,->,12acfc45-bdfb-4343-9004-9be15dfd844c,991eb2a8-284a-4290-ae08-f54cf8834706,387ef356-3543-428b-bef1-b07e93485a0d
12acfc45-bdfb-4343-9004-9be15dfd844c,3763e1d1-113d-49f3-ba47-30e73dca5855,4ccc8727-b3fa-4a94-b925-bd2d4c5ea190,->,12acfc45-bdfb-4343-9004-9be15dfd844c,server/model/players/Client.java,turnPlayerTo
12acfc45-bdfb-4343-9004-9be15dfd844c,3763e1d1-113d-49f3-ba47-30e73dca5855,4ccc8727-b3fa-4a94-b925-bd2d4c5ea190,->,12acfc45-bdfb-4343-9004-9be15dfd844c,java/lang/System.java,currentTimeMillis
12acfc45-bdfb-4343-9004-9be15dfd844c,3763e1d1-113d-49f3-ba47-30e73dca5855,4ccc8727-b3fa-4a94-b925-bd2d4c5ea190,->,12acfc45-bdfb-4343-9004-9be15dfd844c,server/model/players/Client.java,getDH
12acfc45-bdfb-4343-9004-9be15dfd844c,3763e1d1-113d-49f3-ba47-30e73dca5855,4ccc8727-b3fa-4a94-b925-bd2d4c5ea190,->,12acfc45-bdfb-4343-9004-9be15dfd844c,5419d182-c704-4099-be43-be6d27b13974,1ed32f44-0391-413d-9721-7a5bd2e25693
12acfc45-bdfb-4343-9004-9be15dfd844c,3763e1d1-113d-49f3-ba47-30e73dca5855,4ccc8727-b3fa-4a94-b925-bd2d4c5ea190,->,12acfc45-bdfb-4343-9004-9be15dfd844c,server/model/players/Client.java,sendMessage
12acfc45-bdfb-4343-9004-9be15dfd844c,3763e1d1-113d-49f3-ba47-30e73dca5855,4ccc8727-b3fa-4a94-b925-bd2d4c5ea190,->,12acfc45-bdfb-4343-9004-9be15dfd844c,3ab0cc49-78c3-45ed-a03a-f251199dfbb9,3d27faf4-0319-4d3d-b558-10d40da17fd8
12acfc45-bdfb-4343-9004-9be15dfd844c,3763e1d1-113d-49f3-ba47-30e73dca5855,4ccc8727-b3fa-4a94-b925-bd2d4c5ea190,->,12acfc45-bdfb-4343-9004-9be15dfd844c,3ab0cc49-78c3-45ed-a03a-f251199dfbb9,d719c34b-e0d2-473f-8e9a-936cfc6b4522
12acfc45-bdfb-4343-9004-9be15dfd844c,3763e1d1-113d-49f3-ba47-30e73dca5855,4ccc8727-b3fa-4a94-b925-bd2d4c5ea190,->,12acfc45-bdfb-4343-9004-9be15dfd844c,server/model/players/Client.java,getPA
12acfc45-bdfb-4343-9004-9be15dfd844c,3763e1d1-113d-49f3-ba47-30e73dca5855,4ccc8727-b3fa-4a94-b925-bd2d4c5ea190,->,12acfc45-bdfb-4343-9004-9be15dfd844c,991eb2a8-284a-4290-ae08-f54cf8834706,d6e01160-281e-46f2-9763-9f5ba7efb633
12acfc45-bdfb-4343-9004-9be15dfd844c,3763e1d1-113d-49f3-ba47-30e73dca5855,4ccc8727-b3fa-4a94-b925-bd2d4c5ea190,->,12acfc45-bdfb-4343-9004-9be15dfd844c,server/model/players/Client.java,getHerblore
12acfc45-bdfb-4343-9004-9be15dfd844c,3763e1d1-113d-49f3-ba47-30e73dca5855,4ccc8727-b3fa-4a94-b925-bd2d4c5ea190,->,12acfc45-bdfb-4343-9004-9be15dfd844c,server/model/players/skills/Herblore.java,isUnidHerb
12acfc45-bdfb-4343-9004-9be15dfd844c,3763e1d1-113d-49f3-ba47-30e73dca5855,4ccc8727-b3fa-4a94-b925-bd2d4c5ea190,->,12acfc45-bdfb-4343-9004-9be15dfd844c,server/model/players/Client.java,getHerblore
12acfc45-bdfb-4343-9004-9be15dfd844c,3763e1d1-113d-49f3-ba47-30e73dca5855,4ccc8727-b3fa-4a94-b925-bd2d4c5ea190,->,12acfc45-bdfb-4343-9004-9be15dfd844c,server/model/players/skills/Herblore.java,handleHerbClick
12acfc45-bdfb-4343-9004-9be15dfd844c,3763e1d1-113d-49f3-ba47-30e73dca5855,4ccc8727-b3fa-4a94-b925-bd2d4c5ea190,->,12acfc45-bdfb-4343-9004-9be15dfd844c,server/model/players/Client.java,getFood
12acfc45-bdfb-4343-9004-9be15dfd844c,3763e1d1-113d-49f3-ba47-30e73dca5855,4ccc8727-b3fa-4a94-b925-bd2d4c5ea190,->,12acfc45-bdfb-4343-9004-9be15dfd844c,server/model/players/Food.java,isFood
12acfc45-bdfb-4343-9004-9be15dfd844c,3763e1d1-113d-49f3-ba47-30e73dca5855,4ccc8727-b3fa-4a94-b925-bd2d4c5ea190,->,12acfc45-bdfb-4343-9004-9be15dfd844c,server/model/players/Client.java,getFood
12acfc45-bdfb-4343-9004-9be15dfd844c,3763e1d1-113d-49f3-ba47-30e73dca5855,4ccc8727-b3fa-4a94-b925-bd2d4c5ea190,->,12acfc45-bdfb-4343-9004-9be15dfd844c,server/model/players/Food.java,eat
12acfc45-bdfb-4343-9004-9be15dfd844c,3763e1d1-113d-49f3-ba47-30e73dca5855,4ccc8727-b3fa-4a94-b925-bd2d4c5ea190,->,12acfc45-bdfb-4343-9004-9be15dfd844c,server/model/players/Client.java,getPrayer
12acfc45-bdfb-4343-9004-9be15dfd844c,3763e1d1-113d-49f3-ba47-30e73dca5855,4ccc8727-b3fa-4a94-b925-bd2d4c5ea190,->,12acfc45-bdfb-4343-9004-9be15dfd844c,server/content/skill/Prayer.java,IsABone
12acfc45-bdfb-4343-9004-9be15dfd844c,3763e1d1-113d-49f3-ba47-30e73dca5855,4ccc8727-b3fa-4a94-b925-bd2d4c5ea190,->,12acfc45-bdfb-4343-9004-9be15dfd844c,server/model/players/Client.java,getPrayer
12acfc45-bdfb-4343-9004-9be15dfd844c,3763e1d1-113d-49f3-ba47-30e73dca5855,4ccc8727-b3fa-4a94-b925-bd2d4c5ea190,->,12acfc45-bdfb-4343-9004-9be15dfd844c,server/content/skill/Prayer.java,buryBone
12acfc45-bdfb-4343-9004-9be15dfd844c,3763e1d1-113d-49f3-ba47-30e73dca5855,4ccc8727-b3fa-4a94-b925-bd2d4c5ea190,->,12acfc45-bdfb-4343-9004-9be15dfd844c,server/model/players/Client.java,getPotions
12acfc45-bdfb-4343-9004-9be15dfd844c,3763e1d1-113d-49f3-ba47-30e73dca5855,4ccc8727-b3fa-4a94-b925-bd2d4c5ea190,->,12acfc45-bdfb-4343-9004-9be15dfd844c,server/model/players/Potions.java,isPotion
12acfc45-bdfb-4343-9004-9be15dfd844c,3763e1d1-113d-49f3-ba47-30e73dca5855,4ccc8727-b3fa-4a94-b925-bd2d4c5ea190,->,12acfc45-bdfb-4343-9004-9be15dfd844c,server/model/players/Client.java,getPotions
12acfc45-bdfb-4343-9004-9be15dfd844c,3763e1d1-113d-49f3-ba47-30e73dca5855,4ccc8727-b3fa-4a94-b925-bd2d4c5ea190,->,12acfc45-bdfb-4343-9004-9be15dfd844c,server/model/players/Potions.java,handlePotion
12acfc45-bdfb-4343-9004-9be15dfd844c,3763e1d1-113d-49f3-ba47-30e73dca5855,4ccc8727-b3fa-4a94-b925-bd2d4c5ea190,->,12acfc45-bdfb-4343-9004-9be15dfd844c,server/model/players/Client.java,inArea
12acfc45-bdfb-4343-9004-9be15dfd844c,3763e1d1-113d-49f3-ba47-30e73dca5855,4ccc8727-b3fa-4a94-b925-bd2d4c5ea190,->,12acfc45-bdfb-4343-9004-9be15dfd844c,server/model/players/Client.java,inArea
12acfc45-bdfb-4343-9004-9be15dfd844c,3763e1d1-113d-49f3-ba47-30e73dca5855,4ccc8727-b3fa-4a94-b925-bd2d4c5ea190,->,12acfc45-bdfb-4343-9004-9be15dfd844c,server/model/players/Client.java,inArea
12acfc45-bdfb-4343-9004-9be15dfd844c,3763e1d1-113d-49f3-ba47-30e73dca5855,4ccc8727-b3fa-4a94-b925-bd2d4c5ea190,->,12acfc45-bdfb-4343-9004-9be15dfd844c,server/model/players/Client.java,inArea
12acfc45-bdfb-4343-9004-9be15dfd844c,3763e1d1-113d-49f3-ba47-30e73dca5855,4ccc8727-b3fa-4a94-b925-bd2d4c5ea190,->,12acfc45-bdfb-4343-9004-9be15dfd844c,server/model/players/Client.java,inArea
12acfc45-bdfb-4343-9004-9be15dfd844c,3763e1d1-113d-49f3-ba47-30e73dca5855,4ccc8727-b3fa-4a94-b925-bd2d4c5ea190,->,12acfc45-bdfb-4343-9004-9be15dfd844c,server/model/players/Client.java,inArea
12acfc45-bdfb-4343-9004-9be15dfd844c,server/model/players/packets/ClickingStuff.java,processPacket,->,12acfc45-bdfb-4343-9004-9be15dfd844c,2c89cfe4-ed6d-446f-832b-3c203feb3155,cf0eb5d1-f945-4cc7-9eaa-55b858ed55c6
12acfc45-bdfb-4343-9004-9be15dfd844c,server/model/players/packets/ClickingStuff.java,processPacket,->,12acfc45-bdfb-4343-9004-9be15dfd844c,server/model/players/Client.java,getTradeAndDuel
12acfc45-bdfb-4343-9004-9be15dfd844c,server/model/players/packets/ClickingStuff.java,processPacket,->,12acfc45-bdfb-4343-9004-9be15dfd844c,server/model/players/TradeAndDuel.java,declineTrade
12acfc45-bdfb-4343-9004-9be15dfd844c,server/model/players/packets/ClickingStuff.java,processPacket,->,12acfc45-bdfb-4343-9004-9be15dfd844c,server/model/players/Client.java,getTradeAndDuel
12acfc45-bdfb-4343-9004-9be15dfd844c,server/model/players/packets/ClickingStuff.java,processPacket,->,12acfc45-bdfb-4343-9004-9be15dfd844c,server/model/players/TradeAndDuel.java,declineDuel
12acfc45-bdfb-4343-9004-9be15dfd844c,server/model/players/packets/ClickingStuff.java,processPacket,->,12acfc45-bdfb-4343-9004-9be15dfd844c,server/model/players/Client.java,getTradeAndDuel
12acfc45-bdfb-4343-9004-9be15dfd844c,server/model/players/packets/ClickingStuff.java,processPacket,->,12acfc45-bdfb-4343-9004-9be15dfd844c,server/model/players/TradeAndDuel.java,declineDuel
12acfc45-bdfb-4343-9004-9be15dfd844c,server/model/players/packets/ClickingStuff.java,processPacket,->,12acfc45-bdfb-4343-9004-9be15dfd844c,server/model/players/Client.java,getTradeAndDuel
12acfc45-bdfb-4343-9004-9be15dfd844c,server/model/players/packets/ClickingStuff.java,processPacket,->,12acfc45-bdfb-4343-9004-9be15dfd844c,server/model/players/TradeAndDuel.java,claimStakedItems
12acfc45-bdfb-4343-9004-9be15dfd844c,a2fcbb88-b623-4409-a6d1-9bc0932833d4,f66aa89e-c7f4-4fbe-ac47-e750cdea2688,->,12acfc45-bdfb-4343-9004-9be15dfd844c,server/model/players/Client.java,getInStream
12acfc45-bdfb-4343-9004-9be15dfd844c,a2fcbb88-b623-4409-a6d1-9bc0932833d4,f66aa89e-c7f4-4fbe-ac47-e750cdea2688,->,12acfc45-bdfb-4343-9004-9be15dfd844c,server/util/Stream.java,readSignedWordBigEndian
12acfc45-bdfb-4343-9004-9be15dfd844c,a2fcbb88-b623-4409-a6d1-9bc0932833d4,f66aa89e-c7f4-4fbe-ac47-e750cdea2688,->,12acfc45-bdfb-4343-9004-9be15dfd844c,server/model/players/Client.java,getInStream
12acfc45-bdfb-4343-9004-9be15dfd844c,a2fcbb88-b623-4409-a6d1-9bc0932833d4,f66aa89e-c7f4-4fbe-ac47-e750cdea2688,->,12acfc45-bdfb-4343-9004-9be15dfd844c,server/util/Stream.java,readSignedWordA
12acfc45-bdfb-4343-9004-9be15dfd844c,a2fcbb88-b623-4409-a6d1-9bc0932833d4,f66aa89e-c7f4-4fbe-ac47-e750cdea2688,->,12acfc45-bdfb-4343-9004-9be15dfd844c,server/model/players/Client.java,getInStream
12acfc45-bdfb-4343-9004-9be15dfd844c,a2fcbb88-b623-4409-a6d1-9bc0932833d4,f66aa89e-c7f4-4fbe-ac47-e750cdea2688,->,12acfc45-bdfb-4343-9004-9be15dfd844c,server/util/Stream.java,readUnsignedWord
12acfc45-bdfb-4343-9004-9be15dfd844c,a2fcbb88-b623-4409-a6d1-9bc0932833d4,f66aa89e-c7f4-4fbe-ac47-e750cdea2688,->,12acfc45-bdfb-4343-9004-9be15dfd844c,server/model/players/Client.java,getInStream
12acfc45-bdfb-4343-9004-9be15dfd844c,a2fcbb88-b623-4409-a6d1-9bc0932833d4,f66aa89e-c7f4-4fbe-ac47-e750cdea2688,->,12acfc45-bdfb-4343-9004-9be15dfd844c,server/util/Stream.java,readSignedWordA
12acfc45-bdfb-4343-9004-9be15dfd844c,a2fcbb88-b623-4409-a6d1-9bc0932833d4,f66aa89e-c7f4-4fbe-ac47-e750cdea2688,->,12acfc45-bdfb-4343-9004-9be15dfd844c,server/model/players/Client.java,getInStream
12acfc45-bdfb-4343-9004-9be15dfd844c,a2fcbb88-b623-4409-a6d1-9bc0932833d4,f66aa89e-c7f4-4fbe-ac47-e750cdea2688,->,12acfc45-bdfb-4343-9004-9be15dfd844c,server/util/Stream.java,readSignedWordBigEndianA
12acfc45-bdfb-4343-9004-9be15dfd844c,a2fcbb88-b623-4409-a6d1-9bc0932833d4,f66aa89e-c7f4-4fbe-ac47-e750cdea2688,->,12acfc45-bdfb-4343-9004-9be15dfd844c,server/model/players/Client.java,getInStream
12acfc45-bdfb-4343-9004-9be15dfd844c,a2fcbb88-b623-4409-a6d1-9bc0932833d4,f66aa89e-c7f4-4fbe-ac47-e750cdea2688,->,12acfc45-bdfb-4343-9004-9be15dfd844c,server/util/Stream.java,readUnsignedWord
12acfc45-bdfb-4343-9004-9be15dfd844c,a2fcbb88-b623-4409-a6d1-9bc0932833d4,f66aa89e-c7f4-4fbe-ac47-e750cdea2688,->,12acfc45-bdfb-4343-9004-9be15dfd844c,server/model/players/Client.java,getItems
12acfc45-bdfb-4343-9004-9be15dfd844c,a2fcbb88-b623-4409-a6d1-9bc0932833d4,f66aa89e-c7f4-4fbe-ac47-e750cdea2688,->,12acfc45-bdfb-4343-9004-9be15dfd844c,server/model/items/ItemAssistant.java,playerHasItem
12acfc45-bdfb-4343-9004-9be15dfd844c,a2fcbb88-b623-4409-a6d1-9bc0932833d4,f66aa89e-c7f4-4fbe-ac47-e750cdea2688,->,12acfc45-bdfb-4343-9004-9be15dfd844c,server/world/ItemHandler.java,itemExists
12acfc45-bdfb-4343-9004-9be15dfd844c,a2fcbb88-b623-4409-a6d1-9bc0932833d4,f66aa89e-c7f4-4fbe-ac47-e750cdea2688,->,12acfc45-bdfb-4343-9004-9be15dfd844c,java/lang/StringBuilder.java,append
12acfc45-bdfb-4343-9004-9be15dfd844c,a2fcbb88-b623-4409-a6d1-9bc0932833d4,f66aa89e-c7f4-4fbe-ac47-e750cdea2688,->,12acfc45-bdfb-4343-9004-9be15dfd844c,java/lang/StringBuilder.java,append
12acfc45-bdfb-4343-9004-9be15dfd844c,a2fcbb88-b623-4409-a6d1-9bc0932833d4,f66aa89e-c7f4-4fbe-ac47-e750cdea2688,->,12acfc45-bdfb-4343-9004-9be15dfd844c,java/lang/StringBuilder.java,append
12acfc45-bdfb-4343-9004-9be15dfd844c,a2fcbb88-b623-4409-a6d1-9bc0932833d4,f66aa89e-c7f4-4fbe-ac47-e750cdea2688,->,12acfc45-bdfb-4343-9004-9be15dfd844c,java/lang/StringBuilder.java,append
12acfc45-bdfb-4343-9004-9be15dfd844c,a2fcbb88-b623-4409-a6d1-9bc0932833d4,f66aa89e-c7f4-4fbe-ac47-e750cdea2688,->,12acfc45-bdfb-4343-9004-9be15dfd844c,java/lang/StringBuilder.java,toString
12acfc45-bdfb-4343-9004-9be15dfd844c,a2fcbb88-b623-4409-a6d1-9bc0932833d4,f66aa89e-c7f4-4fbe-ac47-e750cdea2688,->,12acfc45-bdfb-4343-9004-9be15dfd844c,2c89cfe4-ed6d-446f-832b-3c203feb3155,cf0eb5d1-f945-4cc7-9eaa-55b858ed55c6
12acfc45-bdfb-4343-9004-9be15dfd844c,e3d4d21d-b0a3-4a6d-87a7-6b6b41d29f36,b9f80250-3eed-47a7-b7d2-d047216219e6,->,12acfc45-bdfb-4343-9004-9be15dfd844c,server/model/players/Client.java,getInStream
12acfc45-bdfb-4343-9004-9be15dfd844c,e3d4d21d-b0a3-4a6d-87a7-6b6b41d29f36,b9f80250-3eed-47a7-b7d2-d047216219e6,->,12acfc45-bdfb-4343-9004-9be15dfd844c,server/util/Stream.java,readUnsignedByteS
12acfc45-bdfb-4343-9004-9be15dfd844c,e3d4d21d-b0a3-4a6d-87a7-6b6b41d29f36,b9f80250-3eed-47a7-b7d2-d047216219e6,->,12acfc45-bdfb-4343-9004-9be15dfd844c,server/model/players/Client.java,setChatTextEffects
12acfc45-bdfb-4343-9004-9be15dfd844c,e3d4d21d-b0a3-4a6d-87a7-6b6b41d29f36,b9f80250-3eed-47a7-b7d2-d047216219e6,->,12acfc45-bdfb-4343-9004-9be15dfd844c,server/model/players/Client.java,getInStream
12acfc45-bdfb-4343-9004-9be15dfd844c,e3d4d21d-b0a3-4a6d-87a7-6b6b41d29f36,b9f80250-3eed-47a7-b7d2-d047216219e6,->,12acfc45-bdfb-4343-9004-9be15dfd844c,server/util/Stream.java,readUnsignedByteS
12acfc45-bdfb-4343-9004-9be15dfd844c,e3d4d21d-b0a3-4a6d-87a7-6b6b41d29f36,b9f80250-3eed-47a7-b7d2-d047216219e6,->,12acfc45-bdfb-4343-9004-9be15dfd844c,server/model/players/Client.java,setChatTextColor
12acfc45-bdfb-4343-9004-9be15dfd844c,e3d4d21d-b0a3-4a6d-87a7-6b6b41d29f36,b9f80250-3eed-47a7-b7d2-d047216219e6,->,12acfc45-bdfb-4343-9004-9be15dfd844c,server/model/players/Client.java,setChatTextSize
12acfc45-bdfb-4343-9004-9be15dfd844c,e3d4d21d-b0a3-4a6d-87a7-6b6b41d29f36,b9f80250-3eed-47a7-b7d2-d047216219e6,->,12acfc45-bdfb-4343-9004-9be15dfd844c,server/model/players/Client.java,getChatText
12acfc45-bdfb-4343-9004-9be15dfd844c,e3d4d21d-b0a3-4a6d-87a7-6b6b41d29f36,b9f80250-3eed-47a7-b7d2-d047216219e6,->,12acfc45-bdfb-4343-9004-9be15dfd844c,server/model/players/Client.java,getChatTextSize
12acfc45-bdfb-4343-9004-9be15dfd844c,e3d4d21d-b0a3-4a6d-87a7-6b6b41d29f36,b9f80250-3eed-47a7-b7d2-d047216219e6,->,12acfc45-bdfb-4343-9004-9be15dfd844c,server/util/Stream.java,readBytes_reverseA
12acfc45-bdfb-4343-9004-9be15dfd844c,e3d4d21d-b0a3-4a6d-87a7-6b6b41d29f36,b9f80250-3eed-47a7-b7d2-d047216219e6,->,12acfc45-bdfb-4343-9004-9be15dfd844c,668e5208-a8db-424e-9ec6-92cd04ace8ad,169cc1a4-d429-42a9-83b3-3c4b05cb2882
12acfc45-bdfb-4343-9004-9be15dfd844c,e3d4d21d-b0a3-4a6d-87a7-6b6b41d29f36,b9f80250-3eed-47a7-b7d2-d047216219e6,->,12acfc45-bdfb-4343-9004-9be15dfd844c,server/model/players/Client.java,setChatTextUpdateRequired
12acfc45-bdfb-4343-9004-9be15dfd844c,server/model/players/packets/Dialogue.java,processPacket,->,12acfc45-bdfb-4343-9004-9be15dfd844c,server/model/players/Client.java,getDH
12acfc45-bdfb-4343-9004-9be15dfd844c,server/model/players/packets/Dialogue.java,processPacket,->,12acfc45-bdfb-4343-9004-9be15dfd844c,5419d182-c704-4099-be43-be6d27b13974,1ed32f44-0391-413d-9721-7a5bd2e25693
12acfc45-bdfb-4343-9004-9be15dfd844c,server/model/players/packets/Dialogue.java,processPacket,->,12acfc45-bdfb-4343-9004-9be15dfd844c,server/model/players/Client.java,getDH
12acfc45-bdfb-4343-9004-9be15dfd844c,server/model/players/packets/Dialogue.java,processPacket,->,12acfc45-bdfb-4343-9004-9be15dfd844c,5419d182-c704-4099-be43-be6d27b13974,1ed32f44-0391-413d-9721-7a5bd2e25693
12acfc45-bdfb-4343-9004-9be15dfd844c,aae6cfa6-be27-4d94-839e-66cca89c6932,90722ef2-fdc5-481c-a075-18bc58fa6b73,->,12acfc45-bdfb-4343-9004-9be15dfd844c,server/model/players/Client.java,getInStream
12acfc45-bdfb-4343-9004-9be15dfd844c,aae6cfa6-be27-4d94-839e-66cca89c6932,90722ef2-fdc5-481c-a075-18bc58fa6b73,->,12acfc45-bdfb-4343-9004-9be15dfd844c,server/util/Stream.java,readSignedWord
12acfc45-bdfb-4343-9004-9be15dfd844c,aae6cfa6-be27-4d94-839e-66cca89c6932,90722ef2-fdc5-481c-a075-18bc58fa6b73,->,12acfc45-bdfb-4343-9004-9be15dfd844c,server/model/players/Client.java,getInStream
12acfc45-bdfb-4343-9004-9be15dfd844c,aae6cfa6-be27-4d94-839e-66cca89c6932,90722ef2-fdc5-481c-a075-18bc58fa6b73,->,12acfc45-bdfb-4343-9004-9be15dfd844c,server/util/Stream.java,readSignedWordA
12acfc45-bdfb-4343-9004-9be15dfd844c,aae6cfa6-be27-4d94-839e-66cca89c6932,90722ef2-fdc5-481c-a075-18bc58fa6b73,->,12acfc45-bdfb-4343-9004-9be15dfd844c,server/model/players/Client.java,getInStream
12acfc45-bdfb-4343-9004-9be15dfd844c,aae6cfa6-be27-4d94-839e-66cca89c6932,90722ef2-fdc5-481c-a075-18bc58fa6b73,->,12acfc45-bdfb-4343-9004-9be15dfd844c,server/util/Stream.java,readSignedWord
12acfc45-bdfb-4343-9004-9be15dfd844c,aae6cfa6-be27-4d94-839e-66cca89c6932,90722ef2-fdc5-481c-a075-18bc58fa6b73,->,12acfc45-bdfb-4343-9004-9be15dfd844c,server/model/players/Client.java,getInStream
12acfc45-bdfb-4343-9004-9be15dfd844c,aae6cfa6-be27-4d94-839e-66cca89c6932,90722ef2-fdc5-481c-a075-18bc58fa6b73,->,12acfc45-bdfb-4343-9004-9be15dfd844c,server/util/Stream.java,readSignedWordA
12acfc45-bdfb-4343-9004-9be15dfd844c,aae6cfa6-be27-4d94-839e-66cca89c6932,90722ef2-fdc5-481c-a075-18bc58fa6b73,->,12acfc45-bdfb-4343-9004-9be15dfd844c,server/model/players/Client.java,getPA
12acfc45-bdfb-4343-9004-9be15dfd844c,aae6cfa6-be27-4d94-839e-66cca89c6932,90722ef2-fdc5-481c-a075-18bc58fa6b73,->,12acfc45-bdfb-4343-9004-9be15dfd844c,991eb2a8-284a-4290-ae08-f54cf8834706,f4fce0bd-baf7-40d8-8ecf-63e69cd9c60a
12acfc45-bdfb-4343-9004-9be15dfd844c,7babd3b9-60a0-4efc-82ef-d65d0d397ed8,d21692ce-fc42-42c8-8d2a-f711ad5ace7c,->,12acfc45-bdfb-4343-9004-9be15dfd844c,server/model/players/Client.java,getInStream
12acfc45-bdfb-4343-9004-9be15dfd844c,7babd3b9-60a0-4efc-82ef-d65d0d397ed8,d21692ce-fc42-42c8-8d2a-f711ad5ace7c,->,12acfc45-bdfb-4343-9004-9be15dfd844c,server/util/Stream.java,readUnsignedWordBigEndian
12acfc45-bdfb-4343-9004-9be15dfd844c,3c2d8d58-e150-4648-a77a-8ee2e7c67720,01b364de-3c0f-411d-9a49-dff0d12e4f0d,->,12acfc45-bdfb-4343-9004-9be15dfd844c,server/model/players/Client.java,getInStream
12acfc45-bdfb-4343-9004-9be15dfd844c,3c2d8d58-e150-4648-a77a-8ee2e7c67720,01b364de-3c0f-411d-9a49-dff0d12e4f0d,->,12acfc45-bdfb-4343-9004-9be15dfd844c,server/util/Stream.java,readUnsignedWordA
12acfc45-bdfb-4343-9004-9be15dfd844c,3c2d8d58-e150-4648-a77a-8ee2e7c67720,01b364de-3c0f-411d-9a49-dff0d12e4f0d,->,12acfc45-bdfb-4343-9004-9be15dfd844c,server/model/players/Client.java,getInStream
12acfc45-bdfb-4343-9004-9be15dfd844c,3c2d8d58-e150-4648-a77a-8ee2e7c67720,01b364de-3c0f-411d-9a49-dff0d12e4f0d,->,12acfc45-bdfb-4343-9004-9be15dfd844c,server/util/Stream.java,readUnsignedWord
12acfc45-bdfb-4343-9004-9be15dfd844c,3c2d8d58-e150-4648-a77a-8ee2e7c67720,01b364de-3c0f-411d-9a49-dff0d12e4f0d,->,12acfc45-bdfb-4343-9004-9be15dfd844c,server/model/players/Client.java,getInStream
12acfc45-bdfb-4343-9004-9be15dfd844c,3c2d8d58-e150-4648-a77a-8ee2e7c67720,01b364de-3c0f-411d-9a49-dff0d12e4f0d,->,12acfc45-bdfb-4343-9004-9be15dfd844c,server/util/Stream.java,readUnsignedWordA
12acfc45-bdfb-4343-9004-9be15dfd844c,3c2d8d58-e150-4648-a77a-8ee2e7c67720,01b364de-3c0f-411d-9a49-dff0d12e4f0d,->,12acfc45-bdfb-4343-9004-9be15dfd844c,server/model/players/Client.java,getShops
12acfc45-bdfb-4343-9004-9be15dfd844c,3c2d8d58-e150-4648-a77a-8ee2e7c67720,01b364de-3c0f-411d-9a49-dff0d12e4f0d,->,12acfc45-bdfb-4343-9004-9be15dfd844c,server/model/shops/ShopAssistant.java,buyItem
12acfc45-bdfb-4343-9004-9be15dfd844c,3c2d8d58-e150-4648-a77a-8ee2e7c67720,01b364de-3c0f-411d-9a49-dff0d12e4f0d,->,12acfc45-bdfb-4343-9004-9be15dfd844c,server/model/players/Client.java,getShops
12acfc45-bdfb-4343-9004-9be15dfd844c,3c2d8d58-e150-4648-a77a-8ee2e7c67720,01b364de-3c0f-411d-9a49-dff0d12e4f0d,->,12acfc45-bdfb-4343-9004-9be15dfd844c,server/model/shops/ShopAssistant.java,sellItem
12acfc45-bdfb-4343-9004-9be15dfd844c,3c2d8d58-e150-4648-a77a-8ee2e7c67720,01b364de-3c0f-411d-9a49-dff0d12e4f0d,->,12acfc45-bdfb-4343-9004-9be15dfd844c,server/model/players/Client.java,getItems
12acfc45-bdfb-4343-9004-9be15dfd844c,3c2d8d58-e150-4648-a77a-8ee2e7c67720,01b364de-3c0f-411d-9a49-dff0d12e4f0d,->,12acfc45-bdfb-4343-9004-9be15dfd844c,server/model/items/ItemAssistant.java,bankItem
12acfc45-bdfb-4343-9004-9be15dfd844c,3c2d8d58-e150-4648-a77a-8ee2e7c67720,01b364de-3c0f-411d-9a49-dff0d12e4f0d,->,12acfc45-bdfb-4343-9004-9be15dfd844c,server/model/players/Client.java,getItems
12acfc45-bdfb-4343-9004-9be15dfd844c,3c2d8d58-e150-4648-a77a-8ee2e7c67720,01b364de-3c0f-411d-9a49-dff0d12e4f0d,->,12acfc45-bdfb-4343-9004-9be15dfd844c,server/model/players/Client.java,getItems
12acfc45-bdfb-4343-9004-9be15dfd844c,3c2d8d58-e150-4648-a77a-8ee2e7c67720,01b364de-3c0f-411d-9a49-dff0d12e4f0d,->,12acfc45-bdfb-4343-9004-9be15dfd844c,server/model/items/ItemAssistant.java,itemAmount
12acfc45-bdfb-4343-9004-9be15dfd844c,3c2d8d58-e150-4648-a77a-8ee2e7c67720,01b364de-3c0f-411d-9a49-dff0d12e4f0d,->,12acfc45-bdfb-4343-9004-9be15dfd844c,server/model/items/ItemAssistant.java,bankItem
12acfc45-bdfb-4343-9004-9be15dfd844c,3c2d8d58-e150-4648-a77a-8ee2e7c67720,01b364de-3c0f-411d-9a49-dff0d12e4f0d,->,12acfc45-bdfb-4343-9004-9be15dfd844c,server/model/players/Client.java,getItems
12acfc45-bdfb-4343-9004-9be15dfd844c,3c2d8d58-e150-4648-a77a-8ee2e7c67720,01b364de-3c0f-411d-9a49-dff0d12e4f0d,->,12acfc45-bdfb-4343-9004-9be15dfd844c,server/model/items/ItemAssistant.java,fromBank
12acfc45-bdfb-4343-9004-9be15dfd844c,3c2d8d58-e150-4648-a77a-8ee2e7c67720,01b364de-3c0f-411d-9a49-dff0d12e4f0d,->,12acfc45-bdfb-4343-9004-9be15dfd844c,server/model/players/Client.java,getTradeAndDuel
12acfc45-bdfb-4343-9004-9be15dfd844c,3c2d8d58-e150-4648-a77a-8ee2e7c67720,01b364de-3c0f-411d-9a49-dff0d12e4f0d,->,12acfc45-bdfb-4343-9004-9be15dfd844c,server/model/players/TradeAndDuel.java,tradeItem
12acfc45-bdfb-4343-9004-9be15dfd844c,3c2d8d58-e150-4648-a77a-8ee2e7c67720,01b364de-3c0f-411d-9a49-dff0d12e4f0d,->,12acfc45-bdfb-4343-9004-9be15dfd844c,server/model/players/Client.java,getTradeAndDuel
12acfc45-bdfb-4343-9004-9be15dfd844c,3c2d8d58-e150-4648-a77a-8ee2e7c67720,01b364de-3c0f-411d-9a49-dff0d12e4f0d,->,12acfc45-bdfb-4343-9004-9be15dfd844c,server/model/players/TradeAndDuel.java,tradeItem
12acfc45-bdfb-4343-9004-9be15dfd844c,3c2d8d58-e150-4648-a77a-8ee2e7c67720,01b364de-3c0f-411d-9a49-dff0d12e4f0d,->,12acfc45-bdfb-4343-9004-9be15dfd844c,server/model/players/Client.java,getTradeAndDuel
12acfc45-bdfb-4343-9004-9be15dfd844c,3c2d8d58-e150-4648-a77a-8ee2e7c67720,01b364de-3c0f-411d-9a49-dff0d12e4f0d,->,12acfc45-bdfb-4343-9004-9be15dfd844c,server/model/players/TradeAndDuel.java,stakeItem
12acfc45-bdfb-4343-9004-9be15dfd844c,3c2d8d58-e150-4648-a77a-8ee2e7c67720,01b364de-3c0f-411d-9a49-dff0d12e4f0d,->,12acfc45-bdfb-4343-9004-9be15dfd844c,server/model/players/Client.java,getTradeAndDuel
12acfc45-bdfb-4343-9004-9be15dfd844c,3c2d8d58-e150-4648-a77a-8ee2e7c67720,01b364de-3c0f-411d-9a49-dff0d12e4f0d,->,12acfc45-bdfb-4343-9004-9be15dfd844c,server/model/players/TradeAndDuel.java,stakeItem
12acfc45-bdfb-4343-9004-9be15dfd844c,3c2d8d58-e150-4648-a77a-8ee2e7c67720,01b364de-3c0f-411d-9a49-dff0d12e4f0d,->,12acfc45-bdfb-4343-9004-9be15dfd844c,server/model/players/Client.java,getTradeAndDuel
12acfc45-bdfb-4343-9004-9be15dfd844c,3c2d8d58-e150-4648-a77a-8ee2e7c67720,01b364de-3c0f-411d-9a49-dff0d12e4f0d,->,12acfc45-bdfb-4343-9004-9be15dfd844c,java/util/concurrent/CopyOnWriteArrayList.java,iterator
12acfc45-bdfb-4343-9004-9be15dfd844c,3c2d8d58-e150-4648-a77a-8ee2e7c67720,01b364de-3c0f-411d-9a49-dff0d12e4f0d,->,12acfc45-bdfb-4343-9004-9be15dfd844c,java/util/Iterator.java,hasNext
12acfc45-bdfb-4343-9004-9be15dfd844c,3c2d8d58-e150-4648-a77a-8ee2e7c67720,01b364de-3c0f-411d-9a49-dff0d12e4f0d,->,12acfc45-bdfb-4343-9004-9be15dfd844c,java/util/Iterator.java,next
12acfc45-bdfb-4343-9004-9be15dfd844c,3c2d8d58-e150-4648-a77a-8ee2e7c67720,01b364de-3c0f-411d-9a49-dff0d12e4f0d,->,12acfc45-bdfb-4343-9004-9be15dfd844c,server/model/players/Client.java,getTradeAndDuel
12acfc45-bdfb-4343-9004-9be15dfd844c,3c2d8d58-e150-4648-a77a-8ee2e7c67720,01b364de-3c0f-411d-9a49-dff0d12e4f0d,->,12acfc45-bdfb-4343-9004-9be15dfd844c,server/model/players/Client.java,getTradeAndDuel
12acfc45-bdfb-4343-9004-9be15dfd844c,3c2d8d58-e150-4648-a77a-8ee2e7c67720,01b364de-3c0f-411d-9a49-dff0d12e4f0d,->,12acfc45-bdfb-4343-9004-9be15dfd844c,java/util/concurrent/CopyOnWriteArrayList.java,get
12acfc45-bdfb-4343-9004-9be15dfd844c,3c2d8d58-e150-4648-a77a-8ee2e7c67720,01b364de-3c0f-411d-9a49-dff0d12e4f0d,->,12acfc45-bdfb-4343-9004-9be15dfd844c,server/model/players/TradeAndDuel.java,fromTrade
12acfc45-bdfb-4343-9004-9be15dfd844c,3c2d8d58-e150-4648-a77a-8ee2e7c67720,01b364de-3c0f-411d-9a49-dff0d12e4f0d,->,12acfc45-bdfb-4343-9004-9be15dfd844c,server/model/players/Client.java,getTradeAndDuel
12acfc45-bdfb-4343-9004-9be15dfd844c,3c2d8d58-e150-4648-a77a-8ee2e7c67720,01b364de-3c0f-411d-9a49-dff0d12e4f0d,->,12acfc45-bdfb-4343-9004-9be15dfd844c,java/util/concurrent/CopyOnWriteArrayList.java,iterator
12acfc45-bdfb-4343-9004-9be15dfd844c,3c2d8d58-e150-4648-a77a-8ee2e7c67720,01b364de-3c0f-411d-9a49-dff0d12e4f0d,->,12acfc45-bdfb-4343-9004-9be15dfd844c,java/util/Iterator.java,hasNext
12acfc45-bdfb-4343-9004-9be15dfd844c,3c2d8d58-e150-4648-a77a-8ee2e7c67720,01b364de-3c0f-411d-9a49-dff0d12e4f0d,->,12acfc45-bdfb-4343-9004-9be15dfd844c,java/util/Iterator.java,next
12acfc45-bdfb-4343-9004-9be15dfd844c,3c2d8d58-e150-4648-a77a-8ee2e7c67720,01b364de-3c0f-411d-9a49-dff0d12e4f0d,->,12acfc45-bdfb-4343-9004-9be15dfd844c,server/model/players/Client.java,getTradeAndDuel
12acfc45-bdfb-4343-9004-9be15dfd844c,3c2d8d58-e150-4648-a77a-8ee2e7c67720,01b364de-3c0f-411d-9a49-dff0d12e4f0d,->,12acfc45-bdfb-4343-9004-9be15dfd844c,server/model/players/TradeAndDuel.java,fromTrade
12acfc45-bdfb-4343-9004-9be15dfd844c,3c2d8d58-e150-4648-a77a-8ee2e7c67720,01b364de-3c0f-411d-9a49-dff0d12e4f0d,->,12acfc45-bdfb-4343-9004-9be15dfd844c,server/model/players/Client.java,getItems
12acfc45-bdfb-4343-9004-9be15dfd844c,3c2d8d58-e150-4648-a77a-8ee2e7c67720,01b364de-3c0f-411d-9a49-dff0d12e4f0d,->,12acfc45-bdfb-4343-9004-9be15dfd844c,server/model/items/ItemAssistant.java,bankItem
12acfc45-bdfb-4343-9004-9be15dfd844c,3c2d8d58-e150-4648-a77a-8ee2e7c67720,01b364de-3c0f-411d-9a49-dff0d12e4f0d,->,12acfc45-bdfb-4343-9004-9be15dfd844c,server/model/players/Client.java,getItems
12acfc45-bdfb-4343-9004-9be15dfd844c,3c2d8d58-e150-4648-a77a-8ee2e7c67720,01b364de-3c0f-411d-9a49-dff0d12e4f0d,->,12acfc45-bdfb-4343-9004-9be15dfd844c,server/model/items/ItemAssistant.java,resetItems
12acfc45-bdfb-4343-9004-9be15dfd844c,3c2d8d58-e150-4648-a77a-8ee2e7c67720,01b364de-3c0f-411d-9a49-dff0d12e4f0d,->,12acfc45-bdfb-4343-9004-9be15dfd844c,server/model/players/Client.java,getItems
12acfc45-bdfb-4343-9004-9be15dfd844c,3c2d8d58-e150-4648-a77a-8ee2e7c67720,01b364de-3c0f-411d-9a49-dff0d12e4f0d,->,12acfc45-bdfb-4343-9004-9be15dfd844c,server/model/players/Client.java,getItems
12acfc45-bdfb-4343-9004-9be15dfd844c,3c2d8d58-e150-4648-a77a-8ee2e7c67720,01b364de-3c0f-411d-9a49-dff0d12e4f0d,->,12acfc45-bdfb-4343-9004-9be15dfd844c,server/model/items/ItemAssistant.java,itemAmount
12acfc45-bdfb-4343-9004-9be15dfd844c,3c2d8d58-e150-4648-a77a-8ee2e7c67720,01b364de-3c0f-411d-9a49-dff0d12e4f0d,->,12acfc45-bdfb-4343-9004-9be15dfd844c,server/model/items/ItemAssistant.java,bankItem
12acfc45-bdfb-4343-9004-9be15dfd844c,3c2d8d58-e150-4648-a77a-8ee2e7c67720,01b364de-3c0f-411d-9a49-dff0d12e4f0d,->,12acfc45-bdfb-4343-9004-9be15dfd844c,server/model/players/Client.java,getItems
12acfc45-bdfb-4343-9004-9be15dfd844c,3c2d8d58-e150-4648-a77a-8ee2e7c67720,01b364de-3c0f-411d-9a49-dff0d12e4f0d,->,12acfc45-bdfb-4343-9004-9be15dfd844c,server/model/items/ItemAssistant.java,resetItems
12acfc45-bdfb-4343-9004-9be15dfd844c,3c2d8d58-e150-4648-a77a-8ee2e7c67720,01b364de-3c0f-411d-9a49-dff0d12e4f0d,->,12acfc45-bdfb-4343-9004-9be15dfd844c,server/model/players/Client.java,getTradeAndDuel
12acfc45-bdfb-4343-9004-9be15dfd844c,3c2d8d58-e150-4648-a77a-8ee2e7c67720,01b364de-3c0f-411d-9a49-dff0d12e4f0d,->,12acfc45-bdfb-4343-9004-9be15dfd844c,java/util/concurrent/CopyOnWriteArrayList.java,iterator
12acfc45-bdfb-4343-9004-9be15dfd844c,3c2d8d58-e150-4648-a77a-8ee2e7c67720,01b364de-3c0f-411d-9a49-dff0d12e4f0d,->,12acfc45-bdfb-4343-9004-9be15dfd844c,java/util/Iterator.java,hasNext
12acfc45-bdfb-4343-9004-9be15dfd844c,3c2d8d58-e150-4648-a77a-8ee2e7c67720,01b364de-3c0f-411d-9a49-dff0d12e4f0d,->,12acfc45-bdfb-4343-9004-9be15dfd844c,java/util/Iterator.java,next
12acfc45-bdfb-4343-9004-9be15dfd844c,3c2d8d58-e150-4648-a77a-8ee2e7c67720,01b364de-3c0f-411d-9a49-dff0d12e4f0d,->,12acfc45-bdfb-4343-9004-9be15dfd844c,server/model/players/Client.java,getTradeAndDuel
12acfc45-bdfb-4343-9004-9be15dfd844c,3c2d8d58-e150-4648-a77a-8ee2e7c67720,01b364de-3c0f-411d-9a49-dff0d12e4f0d,->,12acfc45-bdfb-4343-9004-9be15dfd844c,server/model/players/Client.java,getTradeAndDuel
12acfc45-bdfb-4343-9004-9be15dfd844c,3c2d8d58-e150-4648-a77a-8ee2e7c67720,01b364de-3c0f-411d-9a49-dff0d12e4f0d,->,12acfc45-bdfb-4343-9004-9be15dfd844c,java/util/concurrent/CopyOnWriteArrayList.java,get
12acfc45-bdfb-4343-9004-9be15dfd844c,3c2d8d58-e150-4648-a77a-8ee2e7c67720,01b364de-3c0f-411d-9a49-dff0d12e4f0d,->,12acfc45-bdfb-4343-9004-9be15dfd844c,server/model/players/TradeAndDuel.java,fromDuel
12acfc45-bdfb-4343-9004-9be15dfd844c,3c2d8d58-e150-4648-a77a-8ee2e7c67720,01b364de-3c0f-411d-9a49-dff0d12e4f0d,->,12acfc45-bdfb-4343-9004-9be15dfd844c,server/model/players/Client.java,getTradeAndDuel
12acfc45-bdfb-4343-9004-9be15dfd844c,3c2d8d58-e150-4648-a77a-8ee2e7c67720,01b364de-3c0f-411d-9a49-dff0d12e4f0d,->,12acfc45-bdfb-4343-9004-9be15dfd844c,server/model/players/TradeAndDuel.java,fromDuel
12acfc45-bdfb-4343-9004-9be15dfd844c,server/model/players/packets/PJClans.java,initialize,->,12acfc45-bdfb-4343-9004-9be15dfd844c,server/model/players/packets/PJClans.java,loadClans
12acfc45-bdfb-4343-9004-9be15dfd844c,server/model/players/packets/PJClans.java,process,->,12acfc45-bdfb-4343-9004-9be15dfd844c,server/model/players/packets/PJClans.java,saveClans
12acfc45-bdfb-4343-9004-9be15dfd844c,server/model/players/packets/PJClans.java,saveClans,->,12acfc45-bdfb-4343-9004-9be15dfd844c,java/lang/StringBuilder.java,append
12acfc45-bdfb-4343-9004-9be15dfd844c,server/model/players/packets/PJClans.java,saveClans,->,12acfc45-bdfb-4343-9004-9be15dfd844c,java/lang/StringBuilder.java,append
12acfc45-bdfb-4343-9004-9be15dfd844c,server/model/players/packets/PJClans.java,saveClans,->,12acfc45-bdfb-4343-9004-9be15dfd844c,java/lang/StringBuilder.java,append
12acfc45-bdfb-4343-9004-9be15dfd844c,server/model/players/packets/PJClans.java,saveClans,->,12acfc45-bdfb-4343-9004-9be15dfd844c,java/lang/StringBuilder.java,toString
12acfc45-bdfb-4343-9004-9be15dfd844c,server/model/players/packets/PJClans.java,saveClans,->,12acfc45-bdfb-4343-9004-9be15dfd844c,java/lang/StringBuilder.java,append
12acfc45-bdfb-4343-9004-9be15dfd844c,server/model/players/packets/PJClans.java,saveClans,->,12acfc45-bdfb-4343-9004-9be15dfd844c,java/lang/StringBuilder.java,append
12acfc45-bdfb-4343-9004-9be15dfd844c,server/model/players/packets/PJClans.java,saveClans,->,12acfc45-bdfb-4343-9004-9be15dfd844c,java/lang/StringBuilder.java,toString
12acfc45-bdfb-4343-9004-9be15dfd844c,server/model/players/packets/PJClans.java,saveClans,->,12acfc45-bdfb-4343-9004-9be15dfd844c,java/io/BufferedWriter.java,write
12acfc45-bdfb-4343-9004-9be15dfd844c,server/model/players/packets/PJClans.java,saveClans,->,12acfc45-bdfb-4343-9004-9be15dfd844c,java/io/BufferedWriter.java,newLine
12acfc45-bdfb-4343-9004-9be15dfd844c,server/model/players/packets/PJClans.java,saveClans,->,12acfc45-bdfb-4343-9004-9be15dfd844c,java/lang/StringBuilder.java,append
12acfc45-bdfb-4343-9004-9be15dfd844c,server/model/players/packets/PJClans.java,saveClans,->,12acfc45-bdfb-4343-9004-9be15dfd844c,java/lang/StringBuilder.java,append
12acfc45-bdfb-4343-9004-9be15dfd844c,server/model/players/packets/PJClans.java,saveClans,->,12acfc45-bdfb-4343-9004-9be15dfd844c,java/lang/StringBuilder.java,toString
12acfc45-bdfb-4343-9004-9be15dfd844c,server/model/players/packets/PJClans.java,saveClans,->,12acfc45-bdfb-4343-9004-9be15dfd844c,java/io/BufferedWriter.java,write
12acfc45-bdfb-4343-9004-9be15dfd844c,server/model/players/packets/PJClans.java,saveClans,->,12acfc45-bdfb-4343-9004-9be15dfd844c,java/io/BufferedWriter.java,newLine
12acfc45-bdfb-4343-9004-9be15dfd844c,server/model/players/packets/PJClans.java,saveClans,->,12acfc45-bdfb-4343-9004-9be15dfd844c,java/lang/StringBuilder.java,append
12acfc45-bdfb-4343-9004-9be15dfd844c,server/model/players/packets/PJClans.java,saveClans,->,12acfc45-bdfb-4343-9004-9be15dfd844c,java/lang/StringBuilder.java,append
12acfc45-bdfb-4343-9004-9be15dfd844c,server/model/players/packets/PJClans.java,saveClans,->,12acfc45-bdfb-4343-9004-9be15dfd844c,java/lang/StringBuilder.java,toString
12acfc45-bdfb-4343-9004-9be15dfd844c,server/model/players/packets/PJClans.java,saveClans,->,12acfc45-bdfb-4343-9004-9be15dfd844c,java/io/BufferedWriter.java,write
12acfc45-bdfb-4343-9004-9be15dfd844c,server/model/players/packets/PJClans.java,saveClans,->,12acfc45-bdfb-4343-9004-9be15dfd844c,java/io/BufferedWriter.java,newLine
12acfc45-bdfb-4343-9004-9be15dfd844c,server/model/players/packets/PJClans.java,saveClans,->,12acfc45-bdfb-4343-9004-9be15dfd844c,java/lang/StringBuilder.java,append
12acfc45-bdfb-4343-9004-9be15dfd844c,server/model/players/packets/PJClans.java,saveClans,->,12acfc45-bdfb-4343-9004-9be15dfd844c,java/lang/StringBuilder.java,append
12acfc45-bdfb-4343-9004-9be15dfd844c,server/model/players/packets/PJClans.java,saveClans,->,12acfc45-bdfb-4343-9004-9be15dfd844c,java/lang/StringBuilder.java,toString
12acfc45-bdfb-4343-9004-9be15dfd844c,server/model/players/packets/PJClans.java,saveClans,->,12acfc45-bdfb-4343-9004-9be15dfd844c,java/io/BufferedWriter.java,write
12acfc45-bdfb-4343-9004-9be15dfd844c,server/model/players/packets/PJClans.java,saveClans,->,12acfc45-bdfb-4343-9004-9be15dfd844c,java/io/BufferedWriter.java,newLine
12acfc45-bdfb-4343-9004-9be15dfd844c,server/model/players/packets/PJClans.java,saveClans,->,12acfc45-bdfb-4343-9004-9be15dfd844c,java/lang/StringBuilder.java,append
12acfc45-bdfb-4343-9004-9be15dfd844c,server/model/players/packets/PJClans.java,saveClans,->,12acfc45-bdfb-4343-9004-9be15dfd844c,java/lang/StringBuilder.java,append
12acfc45-bdfb-4343-9004-9be15dfd844c,server/model/players/packets/PJClans.java,saveClans,->,12acfc45-bdfb-4343-9004-9be15dfd844c,java/lang/StringBuilder.java,toString
12acfc45-bdfb-4343-9004-9be15dfd844c,server/model/players/packets/PJClans.java,saveClans,->,12acfc45-bdfb-4343-9004-9be15dfd844c,java/io/BufferedWriter.java,write
12acfc45-bdfb-4343-9004-9be15dfd844c,server/model/players/packets/PJClans.java,saveClans,->,12acfc45-bdfb-4343-9004-9be15dfd844c,java/io/BufferedWriter.java,close
12acfc45-bdfb-4343-9004-9be15dfd844c,server/model/players/packets/PJClans.java,saveClans,->,12acfc45-bdfb-4343-9004-9be15dfd844c,java/io/BufferedWriter.java,close
12acfc45-bdfb-4343-9004-9be15dfd844c,server/model/players/packets/PJClans.java,saveClans,->,12acfc45-bdfb-4343-9004-9be15dfd844c,java/io/IOException.java,printStackTrace
12acfc45-bdfb-4343-9004-9be15dfd844c,server/model/players/packets/PJClans.java,saveClan,->,12acfc45-bdfb-4343-9004-9be15dfd844c,java/lang/StringBuilder.java,append
12acfc45-bdfb-4343-9004-9be15dfd844c,server/model/players/packets/PJClans.java,saveClan,->,12acfc45-bdfb-4343-9004-9be15dfd844c,java/lang/StringBuilder.java,append
12acfc45-bdfb-4343-9004-9be15dfd844c,server/model/players/packets/PJClans.java,saveClan,->,12acfc45-bdfb-4343-9004-9be15dfd844c,java/lang/StringBuilder.java,append
12acfc45-bdfb-4343-9004-9be15dfd844c,server/model/players/packets/PJClans.java,saveClan,->,12acfc45-bdfb-4343-9004-9be15dfd844c,java/lang/StringBuilder.java,toString
12acfc45-bdfb-4343-9004-9be15dfd844c,server/model/players/packets/PJClans.java,saveClan,->,12acfc45-bdfb-4343-9004-9be15dfd844c,java/lang/StringBuilder.java,append
12acfc45-bdfb-4343-9004-9be15dfd844c,server/model/players/packets/PJClans.java,saveClan,->,12acfc45-bdfb-4343-9004-9be15dfd844c,java/lang/StringBuilder.java,append
12acfc45-bdfb-4343-9004-9be15dfd844c,server/model/players/packets/PJClans.java,saveClan,->,12acfc45-bdfb-4343-9004-9be15dfd844c,java/lang/StringBuilder.java,toString
12acfc45-bdfb-4343-9004-9be15dfd844c,server/model/players/packets/PJClans.java,saveClan,->,12acfc45-bdfb-4343-9004-9be15dfd844c,java/io/BufferedWriter.java,write
12acfc45-bdfb-4343-9004-9be15dfd844c,server/model/players/packets/PJClans.java,saveClan,->,12acfc45-bdfb-4343-9004-9be15dfd844c,java/io/BufferedWriter.java,newLine
12acfc45-bdfb-4343-9004-9be15dfd844c,server/model/players/packets/PJClans.java,saveClan,->,12acfc45-bdfb-4343-9004-9be15dfd844c,java/lang/StringBuilder.java,append
12acfc45-bdfb-4343-9004-9be15dfd844c,server/model/players/packets/PJClans.java,saveClan,->,12acfc45-bdfb-4343-9004-9be15dfd844c,java/lang/StringBuilder.java,append
12acfc45-bdfb-4343-9004-9be15dfd844c,server/model/players/packets/PJClans.java,saveClan,->,12acfc45-bdfb-4343-9004-9be15dfd844c,java/lang/StringBuilder.java,toString
12acfc45-bdfb-4343-9004-9be15dfd844c,server/model/players/packets/PJClans.java,saveClan,->,12acfc45-bdfb-4343-9004-9be15dfd844c,java/io/BufferedWriter.java,write
12acfc45-bdfb-4343-9004-9be15dfd844c,server/model/players/packets/PJClans.java,saveClan,->,12acfc45-bdfb-4343-9004-9be15dfd844c,java/io/BufferedWriter.java,newLine
12acfc45-bdfb-4343-9004-9be15dfd844c,server/model/players/packets/PJClans.java,saveClan,->,12acfc45-bdfb-4343-9004-9be15dfd844c,java/lang/StringBuilder.java,append
12acfc45-bdfb-4343-9004-9be15dfd844c,server/model/players/packets/PJClans.java,saveClan,->,12acfc45-bdfb-4343-9004-9be15dfd844c,java/lang/StringBuilder.java,append
12acfc45-bdfb-4343-9004-9be15dfd844c,server/model/players/packets/PJClans.java,saveClan,->,12acfc45-bdfb-4343-9004-9be15dfd844c,java/lang/StringBuilder.java,toString
12acfc45-bdfb-4343-9004-9be15dfd844c,server/model/players/packets/PJClans.java,saveClan,->,12acfc45-bdfb-4343-9004-9be15dfd844c,java/io/BufferedWriter.java,write
12acfc45-bdfb-4343-9004-9be15dfd844c,server/model/players/packets/PJClans.java,saveClan,->,12acfc45-bdfb-4343-9004-9be15dfd844c,java/io/BufferedWriter.java,newLine
12acfc45-bdfb-4343-9004-9be15dfd844c,server/model/players/packets/PJClans.java,saveClan,->,12acfc45-bdfb-4343-9004-9be15dfd844c,java/lang/StringBuilder.java,append
12acfc45-bdfb-4343-9004-9be15dfd844c,server/model/players/packets/PJClans.java,saveClan,->,12acfc45-bdfb-4343-9004-9be15dfd844c,java/lang/StringBuilder.java,append
12acfc45-bdfb-4343-9004-9be15dfd844c,server/model/players/packets/PJClans.java,saveClan,->,12acfc45-bdfb-4343-9004-9be15dfd844c,java/lang/StringBuilder.java,toString
12acfc45-bdfb-4343-9004-9be15dfd844c,server/model/players/packets/PJClans.java,saveClan,->,12acfc45-bdfb-4343-9004-9be15dfd844c,java/io/BufferedWriter.java,write
12acfc45-bdfb-4343-9004-9be15dfd844c,server/model/players/packets/PJClans.java,saveClan,->,12acfc45-bdfb-4343-9004-9be15dfd844c,java/io/BufferedWriter.java,newLine
12acfc45-bdfb-4343-9004-9be15dfd844c,server/model/players/packets/PJClans.java,saveClan,->,12acfc45-bdfb-4343-9004-9be15dfd844c,java/lang/StringBuilder.java,append
12acfc45-bdfb-4343-9004-9be15dfd844c,server/model/players/packets/PJClans.java,saveClan,->,12acfc45-bdfb-4343-9004-9be15dfd844c,java/lang/StringBuilder.java,append
12acfc45-bdfb-4343-9004-9be15dfd844c,server/model/players/packets/PJClans.java,saveClan,->,12acfc45-bdfb-4343-9004-9be15dfd844c,java/lang/StringBuilder.java,toString
12acfc45-bdfb-4343-9004-9be15dfd844c,server/model/players/packets/PJClans.java,saveClan,->,12acfc45-bdfb-4343-9004-9be15dfd844c,java/io/BufferedWriter.java,write
12acfc45-bdfb-4343-9004-9be15dfd844c,server/model/players/packets/PJClans.java,saveClan,->,12acfc45-bdfb-4343-9004-9be15dfd844c,java/io/BufferedWriter.java,close
12acfc45-bdfb-4343-9004-9be15dfd844c,server/model/players/packets/PJClans.java,saveClan,->,12acfc45-bdfb-4343-9004-9be15dfd844c,java/io/BufferedWriter.java,close
12acfc45-bdfb-4343-9004-9be15dfd844c,server/model/players/packets/PJClans.java,saveClan,->,12acfc45-bdfb-4343-9004-9be15dfd844c,java/io/IOException.java,printStackTrace
12acfc45-bdfb-4343-9004-9be15dfd844c,server/model/players/packets/PJClans.java,loadClans,->,12acfc45-bdfb-4343-9004-9be15dfd844c,java/io/File.java,listFiles
12acfc45-bdfb-4343-9004-9be15dfd844c,server/model/players/packets/PJClans.java,loadClans,->,12acfc45-bdfb-4343-9004-9be15dfd844c,java/io/File.java,toString
12acfc45-bdfb-4343-9004-9be15dfd844c,server/model/players/packets/PJClans.java,loadClans,->,12acfc45-bdfb-4343-9004-9be15dfd844c,java/util/Properties.java,load
12acfc45-bdfb-4343-9004-9be15dfd844c,server/model/players/packets/PJClans.java,loadClans,->,12acfc45-bdfb-4343-9004-9be15dfd844c,java/util/Properties.java,getProperty
12acfc45-bdfb-4343-9004-9be15dfd844c,server/model/players/packets/PJClans.java,loadClans,->,12acfc45-bdfb-4343-9004-9be15dfd844c,java/lang/Integer.java,valueOf
12acfc45-bdfb-4343-9004-9be15dfd844c,server/model/players/packets/PJClans.java,loadClans,->,12acfc45-bdfb-4343-9004-9be15dfd844c,java/lang/String.java,equals
12acfc45-bdfb-4343-9004-9be15dfd844c,server/model/players/packets/PJClans.java,loadClans,->,12acfc45-bdfb-4343-9004-9be15dfd844c,java/util/Properties.java,getProperty
12acfc45-bdfb-4343-9004-9be15dfd844c,server/model/players/packets/PJClans.java,loadClans,->,12acfc45-bdfb-4343-9004-9be15dfd844c,java/lang/Integer.java,valueOf
12acfc45-bdfb-4343-9004-9be15dfd844c,server/model/players/packets/PJClans.java,loadClans,->,12acfc45-bdfb-4343-9004-9be15dfd844c,java/lang/String.java,equals
12acfc45-bdfb-4343-9004-9be15dfd844c,server/model/players/packets/PJClans.java,loadClans,->,12acfc45-bdfb-4343-9004-9be15dfd844c,java/util/Properties.java,getProperty
12acfc45-bdfb-4343-9004-9be15dfd844c,server/model/players/packets/PJClans.java,loadClans,->,12acfc45-bdfb-4343-9004-9be15dfd844c,java/util/Properties.java,getProperty
12acfc45-bdfb-4343-9004-9be15dfd844c,server/model/players/packets/PJClans.java,loadClans,->,12acfc45-bdfb-4343-9004-9be15dfd844c,java/util/Properties.java,getProperty
12acfc45-bdfb-4343-9004-9be15dfd844c,server/model/players/packets/PJClans.java,loadClans,->,12acfc45-bdfb-4343-9004-9be15dfd844c,server/world/ClanChatHandler.java,createClan
12acfc45-bdfb-4343-9004-9be15dfd844c,server/model/players/packets/ClickNPC$1.java,execute,->,12acfc45-bdfb-4343-9004-9be15dfd844c,server/model/players/Client.java,getX
12acfc45-bdfb-4343-9004-9be15dfd844c,server/model/players/packets/ClickNPC$1.java,execute,->,12acfc45-bdfb-4343-9004-9be15dfd844c,server/model/players/Client.java,getY
12acfc45-bdfb-4343-9004-9be15dfd844c,server/model/players/packets/ClickNPC$1.java,execute,->,12acfc45-bdfb-4343-9004-9be15dfd844c,5849ef3e-9280-4348-a3c8-451a741eecc1,be4814f2-9691-46f9-8036-ee2d782c6652
12acfc45-bdfb-4343-9004-9be15dfd844c,server/model/players/packets/ClickNPC$1.java,execute,->,12acfc45-bdfb-4343-9004-9be15dfd844c,5849ef3e-9280-4348-a3c8-451a741eecc1,06abc11f-87f2-4398-ad11-b60bfae4491e
12acfc45-bdfb-4343-9004-9be15dfd844c,server/model/players/packets/ClickNPC$1.java,execute,->,12acfc45-bdfb-4343-9004-9be15dfd844c,server/model/players/Client.java,goodDistance
12acfc45-bdfb-4343-9004-9be15dfd844c,server/model/players/packets/ClickNPC$1.java,execute,->,12acfc45-bdfb-4343-9004-9be15dfd844c,5849ef3e-9280-4348-a3c8-451a741eecc1,be4814f2-9691-46f9-8036-ee2d782c6652
12acfc45-bdfb-4343-9004-9be15dfd844c,server/model/players/packets/ClickNPC$1.java,execute,->,12acfc45-bdfb-4343-9004-9be15dfd844c,5849ef3e-9280-4348-a3c8-451a741eecc1,06abc11f-87f2-4398-ad11-b60bfae4491e
12acfc45-bdfb-4343-9004-9be15dfd844c,server/model/players/packets/ClickNPC$1.java,execute,->,12acfc45-bdfb-4343-9004-9be15dfd844c,server/model/players/Client.java,turnPlayerTo
12acfc45-bdfb-4343-9004-9be15dfd844c,server/model/players/packets/ClickNPC$1.java,execute,->,12acfc45-bdfb-4343-9004-9be15dfd844c,5849ef3e-9280-4348-a3c8-451a741eecc1,a5f5cfe6-b06c-46be-863e-05e090871096
12acfc45-bdfb-4343-9004-9be15dfd844c,server/model/players/packets/ClickNPC$1.java,execute,->,12acfc45-bdfb-4343-9004-9be15dfd844c,server/model/players/Client.java,getActions
12acfc45-bdfb-4343-9004-9be15dfd844c,server/model/players/packets/ClickNPC$1.java,execute,->,12acfc45-bdfb-4343-9004-9be15dfd844c,a51e2ff0-4411-41d8-acaa-a730ac40f347,db139400-3802-43d1-96d9-9b15a42be34d
12acfc45-bdfb-4343-9004-9be15dfd844c,server/model/players/packets/ClickNPC$1.java,execute,->,12acfc45-bdfb-4343-9004-9be15dfd844c,6dd0c5db-72ba-4498-883f-a3c8c3333519,2c14e4eb-2b3e-4056-bf8e-5218f96f0ad5
12acfc45-bdfb-4343-9004-9be15dfd844c,server/model/players/packets/ClickNPC$1.java,execute,->,12acfc45-bdfb-4343-9004-9be15dfd844c,6dd0c5db-72ba-4498-883f-a3c8c3333519,2c14e4eb-2b3e-4056-bf8e-5218f96f0ad5
12acfc45-bdfb-4343-9004-9be15dfd844c,3bc399ea-8236-4e37-be06-cde2215f769f,d2d45862-9f51-487e-8a35-da514c6bad99,->,12acfc45-bdfb-4343-9004-9be15dfd844c,server/model/players/Client.java,getInStream
12acfc45-bdfb-4343-9004-9be15dfd844c,3bc399ea-8236-4e37-be06-cde2215f769f,d2d45862-9f51-487e-8a35-da514c6bad99,->,12acfc45-bdfb-4343-9004-9be15dfd844c,server/util/Stream.java,readUnsignedWord
12acfc45-bdfb-4343-9004-9be15dfd844c,3bc399ea-8236-4e37-be06-cde2215f769f,d2d45862-9f51-487e-8a35-da514c6bad99,->,12acfc45-bdfb-4343-9004-9be15dfd844c,server/model/players/Client.java,getInStream
12acfc45-bdfb-4343-9004-9be15dfd844c,3bc399ea-8236-4e37-be06-cde2215f769f,d2d45862-9f51-487e-8a35-da514c6bad99,->,12acfc45-bdfb-4343-9004-9be15dfd844c,server/util/Stream.java,readSignedWordBigEndian
12acfc45-bdfb-4343-9004-9be15dfd844c,3bc399ea-8236-4e37-be06-cde2215f769f,d2d45862-9f51-487e-8a35-da514c6bad99,->,12acfc45-bdfb-4343-9004-9be15dfd844c,server/model/players/Client.java,getInStream
12acfc45-bdfb-4343-9004-9be15dfd844c,3bc399ea-8236-4e37-be06-cde2215f769f,d2d45862-9f51-487e-8a35-da514c6bad99,->,12acfc45-bdfb-4343-9004-9be15dfd844c,server/util/Stream.java,readSignedWordBigEndianA
12acfc45-bdfb-4343-9004-9be15dfd844c,3bc399ea-8236-4e37-be06-cde2215f769f,d2d45862-9f51-487e-8a35-da514c6bad99,->,12acfc45-bdfb-4343-9004-9be15dfd844c,server/model/players/Client.java,getInStream
12acfc45-bdfb-4343-9004-9be15dfd844c,3bc399ea-8236-4e37-be06-cde2215f769f,d2d45862-9f51-487e-8a35-da514c6bad99,->,12acfc45-bdfb-4343-9004-9be15dfd844c,server/util/Stream.java,readUnsignedWord
12acfc45-bdfb-4343-9004-9be15dfd844c,3bc399ea-8236-4e37-be06-cde2215f769f,d2d45862-9f51-487e-8a35-da514c6bad99,->,12acfc45-bdfb-4343-9004-9be15dfd844c,server/model/players/Client.java,getInStream
12acfc45-bdfb-4343-9004-9be15dfd844c,3bc399ea-8236-4e37-be06-cde2215f769f,d2d45862-9f51-487e-8a35-da514c6bad99,->,12acfc45-bdfb-4343-9004-9be15dfd844c,server/util/Stream.java,readSignedWordBigEndianA
12acfc45-bdfb-4343-9004-9be15dfd844c,3bc399ea-8236-4e37-be06-cde2215f769f,d2d45862-9f51-487e-8a35-da514c6bad99,->,12acfc45-bdfb-4343-9004-9be15dfd844c,server/model/players/Client.java,getInStream
12acfc45-bdfb-4343-9004-9be15dfd844c,3bc399ea-8236-4e37-be06-cde2215f769f,d2d45862-9f51-487e-8a35-da514c6bad99,->,12acfc45-bdfb-4343-9004-9be15dfd844c,server/util/Stream.java,readUnsignedWord
12acfc45-bdfb-4343-9004-9be15dfd844c,3bc399ea-8236-4e37-be06-cde2215f769f,d2d45862-9f51-487e-8a35-da514c6bad99,->,12acfc45-bdfb-4343-9004-9be15dfd844c,server/model/players/Client.java,getItems
12acfc45-bdfb-4343-9004-9be15dfd844c,3bc399ea-8236-4e37-be06-cde2215f769f,d2d45862-9f51-487e-8a35-da514c6bad99,->,12acfc45-bdfb-4343-9004-9be15dfd844c,server/model/items/ItemAssistant.java,playerHasItem
12acfc45-bdfb-4343-9004-9be15dfd844c,3bc399ea-8236-4e37-be06-cde2215f769f,d2d45862-9f51-487e-8a35-da514c6bad99,->,12acfc45-bdfb-4343-9004-9be15dfd844c,server/model/items/UseItem.java,ItemonObject
12acfc45-bdfb-4343-9004-9be15dfd844c,3bc399ea-8236-4e37-be06-cde2215f769f,d2d45862-9f51-487e-8a35-da514c6bad99,->,12acfc45-bdfb-4343-9004-9be15dfd844c,server/model/players/skills/Cooking.java,cookThisFood
12acfc45-bdfb-4343-9004-9be15dfd844c,662bfe65-2ff9-459a-adb7-fe4710387d9c,f5eb4486-bd7a-4e77-bf19-7916fd63804e,->,12acfc45-bdfb-4343-9004-9be15dfd844c,server/model/players/Client.java,getInStream
12acfc45-bdfb-4343-9004-9be15dfd844c,662bfe65-2ff9-459a-adb7-fe4710387d9c,f5eb4486-bd7a-4e77-bf19-7916fd63804e,->,12acfc45-bdfb-4343-9004-9be15dfd844c,server/util/Stream.java,readUnsignedWordA
12acfc45-bdfb-4343-9004-9be15dfd844c,662bfe65-2ff9-459a-adb7-fe4710387d9c,f5eb4486-bd7a-4e77-bf19-7916fd63804e,->,12acfc45-bdfb-4343-9004-9be15dfd844c,server/model/players/Client.java,getInStream
12acfc45-bdfb-4343-9004-9be15dfd844c,662bfe65-2ff9-459a-adb7-fe4710387d9c,f5eb4486-bd7a-4e77-bf19-7916fd63804e,->,12acfc45-bdfb-4343-9004-9be15dfd844c,server/util/Stream.java,readUnsignedWordA
12acfc45-bdfb-4343-9004-9be15dfd844c,662bfe65-2ff9-459a-adb7-fe4710387d9c,f5eb4486-bd7a-4e77-bf19-7916fd63804e,->,12acfc45-bdfb-4343-9004-9be15dfd844c,server/model/players/Client.java,getInStream
12acfc45-bdfb-4343-9004-9be15dfd844c,662bfe65-2ff9-459a-adb7-fe4710387d9c,f5eb4486-bd7a-4e77-bf19-7916fd63804e,->,12acfc45-bdfb-4343-9004-9be15dfd844c,server/util/Stream.java,readUnsignedWordA
12acfc45-bdfb-4343-9004-9be15dfd844c,662bfe65-2ff9-459a-adb7-fe4710387d9c,f5eb4486-bd7a-4e77-bf19-7916fd63804e,->,12acfc45-bdfb-4343-9004-9be15dfd844c,server/model/players/Client.java,getItems
12acfc45-bdfb-4343-9004-9be15dfd844c,662bfe65-2ff9-459a-adb7-fe4710387d9c,f5eb4486-bd7a-4e77-bf19-7916fd63804e,->,12acfc45-bdfb-4343-9004-9be15dfd844c,server/model/items/ItemAssistant.java,moveItems
12acfc45-bdfb-4343-9004-9be15dfd844c,6e977a81-1c1b-49cf-ae42-ddb3a82996cc,de0b5b5e-3f0a-41a8-85bc-a354c07765ea,->,12acfc45-bdfb-4343-9004-9be15dfd844c,server/model/players/Client.java,getInStream
12acfc45-bdfb-4343-9004-9be15dfd844c,6e977a81-1c1b-49cf-ae42-ddb3a82996cc,de0b5b5e-3f0a-41a8-85bc-a354c07765ea,->,12acfc45-bdfb-4343-9004-9be15dfd844c,server/util/Stream.java,readUnsignedWord
12acfc45-bdfb-4343-9004-9be15dfd844c,6e977a81-1c1b-49cf-ae42-ddb3a82996cc,de0b5b5e-3f0a-41a8-85bc-a354c07765ea,->,12acfc45-bdfb-4343-9004-9be15dfd844c,server/model/players/Client.java,arenas
12acfc45-bdfb-4343-9004-9be15dfd844c,6e977a81-1c1b-49cf-ae42-ddb3a82996cc,de0b5b5e-3f0a-41a8-85bc-a354c07765ea,->,12acfc45-bdfb-4343-9004-9be15dfd844c,server/model/players/Client.java,sendMessage
12acfc45-bdfb-4343-9004-9be15dfd844c,6e977a81-1c1b-49cf-ae42-ddb3a82996cc,de0b5b5e-3f0a-41a8-85bc-a354c07765ea,->,12acfc45-bdfb-4343-9004-9be15dfd844c,server/model/players/Client.java,getTradeAndDuel
12acfc45-bdfb-4343-9004-9be15dfd844c,6e977a81-1c1b-49cf-ae42-ddb3a82996cc,de0b5b5e-3f0a-41a8-85bc-a354c07765ea,->,12acfc45-bdfb-4343-9004-9be15dfd844c,server/model/players/TradeAndDuel.java,requestDuel
12acfc45-bdfb-4343-9004-9be15dfd844c,server/model/players/packets/ClickObject$3.java,execute,->,12acfc45-bdfb-4343-9004-9be15dfd844c,server/model/players/Client.java,getX
12acfc45-bdfb-4343-9004-9be15dfd844c,server/model/players/packets/ClickObject$3.java,execute,->,12acfc45-bdfb-4343-9004-9be15dfd844c,server/model/players/Client.java,getY
12acfc45-bdfb-4343-9004-9be15dfd844c,server/model/players/packets/ClickObject$3.java,execute,->,12acfc45-bdfb-4343-9004-9be15dfd844c,server/model/players/Client.java,goodDistance
12acfc45-bdfb-4343-9004-9be15dfd844c,server/model/players/packets/ClickObject$3.java,execute,->,12acfc45-bdfb-4343-9004-9be15dfd844c,server/model/players/Client.java,getActions
12acfc45-bdfb-4343-9004-9be15dfd844c,server/model/players/packets/ClickObject$3.java,execute,->,12acfc45-bdfb-4343-9004-9be15dfd844c,a51e2ff0-4411-41d8-acaa-a730ac40f347,107ceded-2d1f-4eb3-8c55-34e4461509b5
12acfc45-bdfb-4343-9004-9be15dfd844c,server/model/players/packets/ClickObject$3.java,execute,->,12acfc45-bdfb-4343-9004-9be15dfd844c,6dd0c5db-72ba-4498-883f-a3c8c3333519,2c14e4eb-2b3e-4056-bf8e-5218f96f0ad5
12acfc45-bdfb-4343-9004-9be15dfd844c,server/model/players/packets/ClickObject$3.java,execute,->,12acfc45-bdfb-4343-9004-9be15dfd844c,6dd0c5db-72ba-4498-883f-a3c8c3333519,2c14e4eb-2b3e-4056-bf8e-5218f96f0ad5
12acfc45-bdfb-4343-9004-9be15dfd844c,6caed6c8-d707-4528-9d2d-1724dc7492e1,b531fe5e-2e4f-41d1-a960-13d9cb324a47,->,12acfc45-bdfb-4343-9004-9be15dfd844c,server/model/players/Client.java,getPA
12acfc45-bdfb-4343-9004-9be15dfd844c,6caed6c8-d707-4528-9d2d-1724dc7492e1,b531fe5e-2e4f-41d1-a960-13d9cb324a47,->,12acfc45-bdfb-4343-9004-9be15dfd844c,991eb2a8-284a-4290-ae08-f54cf8834706,f734ec4c-f6ff-48ef-9a62-43e360d115c7
12acfc45-bdfb-4343-9004-9be15dfd844c,6caed6c8-d707-4528-9d2d-1724dc7492e1,b531fe5e-2e4f-41d1-a960-13d9cb324a47,->,12acfc45-bdfb-4343-9004-9be15dfd844c,server/model/players/Client.java,getInStream
12acfc45-bdfb-4343-9004-9be15dfd844c,6caed6c8-d707-4528-9d2d-1724dc7492e1,b531fe5e-2e4f-41d1-a960-13d9cb324a47,->,12acfc45-bdfb-4343-9004-9be15dfd844c,server/util/Stream.java,readSignedWordBigEndianA
12acfc45-bdfb-4343-9004-9be15dfd844c,6caed6c8-d707-4528-9d2d-1724dc7492e1,b531fe5e-2e4f-41d1-a960-13d9cb324a47,->,12acfc45-bdfb-4343-9004-9be15dfd844c,server/model/players/Client.java,getInStream
12acfc45-bdfb-4343-9004-9be15dfd844c,6caed6c8-d707-4528-9d2d-1724dc7492e1,b531fe5e-2e4f-41d1-a960-13d9cb324a47,->,12acfc45-bdfb-4343-9004-9be15dfd844c,server/util/Stream.java,readUnsignedWord
12acfc45-bdfb-4343-9004-9be15dfd844c,6caed6c8-d707-4528-9d2d-1724dc7492e1,b531fe5e-2e4f-41d1-a960-13d9cb324a47,->,12acfc45-bdfb-4343-9004-9be15dfd844c,server/model/players/Client.java,getInStream
12acfc45-bdfb-4343-9004-9be15dfd844c,6caed6c8-d707-4528-9d2d-1724dc7492e1,b531fe5e-2e4f-41d1-a960-13d9cb324a47,->,12acfc45-bdfb-4343-9004-9be15dfd844c,server/util/Stream.java,readUnsignedWordA
12acfc45-bdfb-4343-9004-9be15dfd844c,6caed6c8-d707-4528-9d2d-1724dc7492e1,b531fe5e-2e4f-41d1-a960-13d9cb324a47,->,12acfc45-bdfb-4343-9004-9be15dfd844c,server/model/players/Client.java,getX
12acfc45-bdfb-4343-9004-9be15dfd844c,6caed6c8-d707-4528-9d2d-1724dc7492e1,b531fe5e-2e4f-41d1-a960-13d9cb324a47,->,12acfc45-bdfb-4343-9004-9be15dfd844c,server/model/players/Client.java,getY
12acfc45-bdfb-4343-9004-9be15dfd844c,6caed6c8-d707-4528-9d2d-1724dc7492e1,b531fe5e-2e4f-41d1-a960-13d9cb324a47,->,12acfc45-bdfb-4343-9004-9be15dfd844c,server/model/players/Client.java,goodDistance
12acfc45-bdfb-4343-9004-9be15dfd844c,6caed6c8-d707-4528-9d2d-1724dc7492e1,b531fe5e-2e4f-41d1-a960-13d9cb324a47,->,12acfc45-bdfb-4343-9004-9be15dfd844c,0b15380c-c712-4b2a-bcc3-2365595e0842,561137ff-dd64-47ef-af32-d0beb9d5e9ad
12acfc45-bdfb-4343-9004-9be15dfd844c,6caed6c8-d707-4528-9d2d-1724dc7492e1,b531fe5e-2e4f-41d1-a960-13d9cb324a47,->,12acfc45-bdfb-4343-9004-9be15dfd844c,0b15380c-c712-4b2a-bcc3-2365595e0842,69fb7f57-5e64-4644-be8e-5bac2711309e
12acfc45-bdfb-4343-9004-9be15dfd844c,6caed6c8-d707-4528-9d2d-1724dc7492e1,b531fe5e-2e4f-41d1-a960-13d9cb324a47,->,12acfc45-bdfb-4343-9004-9be15dfd844c,java/lang/String.java,equalsIgnoreCase
12acfc45-bdfb-4343-9004-9be15dfd844c,6caed6c8-d707-4528-9d2d-1724dc7492e1,b531fe5e-2e4f-41d1-a960-13d9cb324a47,->,12acfc45-bdfb-4343-9004-9be15dfd844c,java/lang/StringBuilder.java,append
12acfc45-bdfb-4343-9004-9be15dfd844c,6caed6c8-d707-4528-9d2d-1724dc7492e1,b531fe5e-2e4f-41d1-a960-13d9cb324a47,->,12acfc45-bdfb-4343-9004-9be15dfd844c,java/lang/StringBuilder.java,append
12acfc45-bdfb-4343-9004-9be15dfd844c,6caed6c8-d707-4528-9d2d-1724dc7492e1,b531fe5e-2e4f-41d1-a960-13d9cb324a47,->,12acfc45-bdfb-4343-9004-9be15dfd844c,java/lang/StringBuilder.java,append
12acfc45-bdfb-4343-9004-9be15dfd844c,6caed6c8-d707-4528-9d2d-1724dc7492e1,b531fe5e-2e4f-41d1-a960-13d9cb324a47,->,12acfc45-bdfb-4343-9004-9be15dfd844c,java/lang/StringBuilder.java,append
12acfc45-bdfb-4343-9004-9be15dfd844c,6caed6c8-d707-4528-9d2d-1724dc7492e1,b531fe5e-2e4f-41d1-a960-13d9cb324a47,->,12acfc45-bdfb-4343-9004-9be15dfd844c,java/lang/StringBuilder.java,append
12acfc45-bdfb-4343-9004-9be15dfd844c,6caed6c8-d707-4528-9d2d-1724dc7492e1,b531fe5e-2e4f-41d1-a960-13d9cb324a47,->,12acfc45-bdfb-4343-9004-9be15dfd844c,java/lang/StringBuilder.java,append
12acfc45-bdfb-4343-9004-9be15dfd844c,6caed6c8-d707-4528-9d2d-1724dc7492e1,b531fe5e-2e4f-41d1-a960-13d9cb324a47,->,12acfc45-bdfb-4343-9004-9be15dfd844c,java/lang/StringBuilder.java,append
12acfc45-bdfb-4343-9004-9be15dfd844c,6caed6c8-d707-4528-9d2d-1724dc7492e1,b531fe5e-2e4f-41d1-a960-13d9cb324a47,->,12acfc45-bdfb-4343-9004-9be15dfd844c,server/model/players/Client.java,getX
12acfc45-bdfb-4343-9004-9be15dfd844c,6caed6c8-d707-4528-9d2d-1724dc7492e1,b531fe5e-2e4f-41d1-a960-13d9cb324a47,->,12acfc45-bdfb-4343-9004-9be15dfd844c,java/lang/StringBuilder.java,append
12acfc45-bdfb-4343-9004-9be15dfd844c,6caed6c8-d707-4528-9d2d-1724dc7492e1,b531fe5e-2e4f-41d1-a960-13d9cb324a47,->,12acfc45-bdfb-4343-9004-9be15dfd844c,java/lang/StringBuilder.java,append
12acfc45-bdfb-4343-9004-9be15dfd844c,6caed6c8-d707-4528-9d2d-1724dc7492e1,b531fe5e-2e4f-41d1-a960-13d9cb324a47,->,12acfc45-bdfb-4343-9004-9be15dfd844c,server/model/players/Client.java,getY
12acfc45-bdfb-4343-9004-9be15dfd844c,6caed6c8-d707-4528-9d2d-1724dc7492e1,b531fe5e-2e4f-41d1-a960-13d9cb324a47,->,12acfc45-bdfb-4343-9004-9be15dfd844c,java/lang/StringBuilder.java,append
12acfc45-bdfb-4343-9004-9be15dfd844c,6caed6c8-d707-4528-9d2d-1724dc7492e1,b531fe5e-2e4f-41d1-a960-13d9cb324a47,->,12acfc45-bdfb-4343-9004-9be15dfd844c,java/lang/StringBuilder.java,toString
12acfc45-bdfb-4343-9004-9be15dfd844c,6caed6c8-d707-4528-9d2d-1724dc7492e1,b531fe5e-2e4f-41d1-a960-13d9cb324a47,->,12acfc45-bdfb-4343-9004-9be15dfd844c,2c89cfe4-ed6d-446f-832b-3c203feb3155,cf0eb5d1-f945-4cc7-9eaa-55b858ed55c6
12acfc45-bdfb-4343-9004-9be15dfd844c,6caed6c8-d707-4528-9d2d-1724dc7492e1,b531fe5e-2e4f-41d1-a960-13d9cb324a47,->,12acfc45-bdfb-4343-9004-9be15dfd844c,java/lang/StringBuilder.java,append
12acfc45-bdfb-4343-9004-9be15dfd844c,6caed6c8-d707-4528-9d2d-1724dc7492e1,b531fe5e-2e4f-41d1-a960-13d9cb324a47,->,12acfc45-bdfb-4343-9004-9be15dfd844c,java/lang/StringBuilder.java,append
12acfc45-bdfb-4343-9004-9be15dfd844c,6caed6c8-d707-4528-9d2d-1724dc7492e1,b531fe5e-2e4f-41d1-a960-13d9cb324a47,->,12acfc45-bdfb-4343-9004-9be15dfd844c,java/lang/StringBuilder.java,append
12acfc45-bdfb-4343-9004-9be15dfd844c,6caed6c8-d707-4528-9d2d-1724dc7492e1,b531fe5e-2e4f-41d1-a960-13d9cb324a47,->,12acfc45-bdfb-4343-9004-9be15dfd844c,java/lang/StringBuilder.java,append
12acfc45-bdfb-4343-9004-9be15dfd844c,6caed6c8-d707-4528-9d2d-1724dc7492e1,b531fe5e-2e4f-41d1-a960-13d9cb324a47,->,12acfc45-bdfb-4343-9004-9be15dfd844c,java/lang/StringBuilder.java,append
12acfc45-bdfb-4343-9004-9be15dfd844c,6caed6c8-d707-4528-9d2d-1724dc7492e1,b531fe5e-2e4f-41d1-a960-13d9cb324a47,->,12acfc45-bdfb-4343-9004-9be15dfd844c,java/lang/StringBuilder.java,append
12acfc45-bdfb-4343-9004-9be15dfd844c,6caed6c8-d707-4528-9d2d-1724dc7492e1,b531fe5e-2e4f-41d1-a960-13d9cb324a47,->,12acfc45-bdfb-4343-9004-9be15dfd844c,java/lang/StringBuilder.java,toString
12acfc45-bdfb-4343-9004-9be15dfd844c,6caed6c8-d707-4528-9d2d-1724dc7492e1,b531fe5e-2e4f-41d1-a960-13d9cb324a47,->,12acfc45-bdfb-4343-9004-9be15dfd844c,server/model/players/Client.java,sendMessage
12acfc45-bdfb-4343-9004-9be15dfd844c,6caed6c8-d707-4528-9d2d-1724dc7492e1,b531fe5e-2e4f-41d1-a960-13d9cb324a47,->,12acfc45-bdfb-4343-9004-9be15dfd844c,server/model/players/Client.java,getX
12acfc45-bdfb-4343-9004-9be15dfd844c,6caed6c8-d707-4528-9d2d-1724dc7492e1,b531fe5e-2e4f-41d1-a960-13d9cb324a47,->,12acfc45-bdfb-4343-9004-9be15dfd844c,java/lang/Math.java,abs
12acfc45-bdfb-4343-9004-9be15dfd844c,6caed6c8-d707-4528-9d2d-1724dc7492e1,b531fe5e-2e4f-41d1-a960-13d9cb324a47,->,12acfc45-bdfb-4343-9004-9be15dfd844c,server/model/players/Client.java,getY
12acfc45-bdfb-4343-9004-9be15dfd844c,6caed6c8-d707-4528-9d2d-1724dc7492e1,b531fe5e-2e4f-41d1-a960-13d9cb324a47,->,12acfc45-bdfb-4343-9004-9be15dfd844c,java/lang/Math.java,abs
12acfc45-bdfb-4343-9004-9be15dfd844c,6caed6c8-d707-4528-9d2d-1724dc7492e1,b531fe5e-2e4f-41d1-a960-13d9cb324a47,->,12acfc45-bdfb-4343-9004-9be15dfd844c,server/model/players/Client.java,resetWalkingQueue
12acfc45-bdfb-4343-9004-9be15dfd844c,6caed6c8-d707-4528-9d2d-1724dc7492e1,b531fe5e-2e4f-41d1-a960-13d9cb324a47,->,12acfc45-bdfb-4343-9004-9be15dfd844c,server/model/players/Client.java,getPA
12acfc45-bdfb-4343-9004-9be15dfd844c,6caed6c8-d707-4528-9d2d-1724dc7492e1,b531fe5e-2e4f-41d1-a960-13d9cb324a47,->,12acfc45-bdfb-4343-9004-9be15dfd844c,991eb2a8-284a-4290-ae08-f54cf8834706,609517a1-3a8b-4bd9-8623-3cae47c33a17
12acfc45-bdfb-4343-9004-9be15dfd844c,6caed6c8-d707-4528-9d2d-1724dc7492e1,b531fe5e-2e4f-41d1-a960-13d9cb324a47,->,12acfc45-bdfb-4343-9004-9be15dfd844c,server/model/players/Client.java,getPA
12acfc45-bdfb-4343-9004-9be15dfd844c,6caed6c8-d707-4528-9d2d-1724dc7492e1,b531fe5e-2e4f-41d1-a960-13d9cb324a47,->,12acfc45-bdfb-4343-9004-9be15dfd844c,991eb2a8-284a-4290-ae08-f54cf8834706,b5e0025e-af80-480f-915c-9faf727f9415
12acfc45-bdfb-4343-9004-9be15dfd844c,6caed6c8-d707-4528-9d2d-1724dc7492e1,b531fe5e-2e4f-41d1-a960-13d9cb324a47,->,12acfc45-bdfb-4343-9004-9be15dfd844c,server/model/players/Client.java,getItems
12acfc45-bdfb-4343-9004-9be15dfd844c,6caed6c8-d707-4528-9d2d-1724dc7492e1,b531fe5e-2e4f-41d1-a960-13d9cb324a47,->,12acfc45-bdfb-4343-9004-9be15dfd844c,server/model/items/ItemAssistant.java,resetItems
12acfc45-bdfb-4343-9004-9be15dfd844c,6caed6c8-d707-4528-9d2d-1724dc7492e1,b531fe5e-2e4f-41d1-a960-13d9cb324a47,->,12acfc45-bdfb-4343-9004-9be15dfd844c,server/model/players/Client.java,getX
12acfc45-bdfb-4343-9004-9be15dfd844c,6caed6c8-d707-4528-9d2d-1724dc7492e1,b531fe5e-2e4f-41d1-a960-13d9cb324a47,->,12acfc45-bdfb-4343-9004-9be15dfd844c,server/model/players/Client.java,getX
12acfc45-bdfb-4343-9004-9be15dfd844c,6caed6c8-d707-4528-9d2d-1724dc7492e1,b531fe5e-2e4f-41d1-a960-13d9cb324a47,->,12acfc45-bdfb-4343-9004-9be15dfd844c,server/model/players/Client.java,getX
12acfc45-bdfb-4343-9004-9be15dfd844c,6caed6c8-d707-4528-9d2d-1724dc7492e1,b531fe5e-2e4f-41d1-a960-13d9cb324a47,->,12acfc45-bdfb-4343-9004-9be15dfd844c,server/model/players/Client.java,getY
12acfc45-bdfb-4343-9004-9be15dfd844c,6caed6c8-d707-4528-9d2d-1724dc7492e1,b531fe5e-2e4f-41d1-a960-13d9cb324a47,->,12acfc45-bdfb-4343-9004-9be15dfd844c,server/model/players/Client.java,goodDistance
12acfc45-bdfb-4343-9004-9be15dfd844c,6caed6c8-d707-4528-9d2d-1724dc7492e1,b531fe5e-2e4f-41d1-a960-13d9cb324a47,->,12acfc45-bdfb-4343-9004-9be15dfd844c,server/model/players/Client.java,getActions
12acfc45-bdfb-4343-9004-9be15dfd844c,6caed6c8-d707-4528-9d2d-1724dc7492e1,b531fe5e-2e4f-41d1-a960-13d9cb324a47,->,12acfc45-bdfb-4343-9004-9be15dfd844c,a51e2ff0-4411-41d8-acaa-a730ac40f347,a48dbfd1-4869-4d60-9429-713e4684d0eb
12acfc45-bdfb-4343-9004-9be15dfd844c,6caed6c8-d707-4528-9d2d-1724dc7492e1,b531fe5e-2e4f-41d1-a960-13d9cb324a47,->,12acfc45-bdfb-4343-9004-9be15dfd844c,3ab0cc49-78c3-45ed-a03a-f251199dfbb9,3d27faf4-0319-4d3d-b558-10d40da17fd8
12acfc45-bdfb-4343-9004-9be15dfd844c,6caed6c8-d707-4528-9d2d-1724dc7492e1,b531fe5e-2e4f-41d1-a960-13d9cb324a47,->,12acfc45-bdfb-4343-9004-9be15dfd844c,3ab0cc49-78c3-45ed-a03a-f251199dfbb9,d719c34b-e0d2-473f-8e9a-936cfc6b4522
12acfc45-bdfb-4343-9004-9be15dfd844c,6caed6c8-d707-4528-9d2d-1724dc7492e1,b531fe5e-2e4f-41d1-a960-13d9cb324a47,->,12acfc45-bdfb-4343-9004-9be15dfd844c,server/model/players/Client.java,getInStream
12acfc45-bdfb-4343-9004-9be15dfd844c,6caed6c8-d707-4528-9d2d-1724dc7492e1,b531fe5e-2e4f-41d1-a960-13d9cb324a47,->,12acfc45-bdfb-4343-9004-9be15dfd844c,server/util/Stream.java,readUnsignedWordBigEndianA
12acfc45-bdfb-4343-9004-9be15dfd844c,6caed6c8-d707-4528-9d2d-1724dc7492e1,b531fe5e-2e4f-41d1-a960-13d9cb324a47,->,12acfc45-bdfb-4343-9004-9be15dfd844c,server/model/players/Client.java,getInStream
12acfc45-bdfb-4343-9004-9be15dfd844c,6caed6c8-d707-4528-9d2d-1724dc7492e1,b531fe5e-2e4f-41d1-a960-13d9cb324a47,->,12acfc45-bdfb-4343-9004-9be15dfd844c,server/util/Stream.java,readSignedWordBigEndian
12acfc45-bdfb-4343-9004-9be15dfd844c,6caed6c8-d707-4528-9d2d-1724dc7492e1,b531fe5e-2e4f-41d1-a960-13d9cb324a47,->,12acfc45-bdfb-4343-9004-9be15dfd844c,server/model/players/Client.java,getInStream
12acfc45-bdfb-4343-9004-9be15dfd844c,6caed6c8-d707-4528-9d2d-1724dc7492e1,b531fe5e-2e4f-41d1-a960-13d9cb324a47,->,12acfc45-bdfb-4343-9004-9be15dfd844c,server/util/Stream.java,readUnsignedWordA
12acfc45-bdfb-4343-9004-9be15dfd844c,6caed6c8-d707-4528-9d2d-1724dc7492e1,b531fe5e-2e4f-41d1-a960-13d9cb324a47,->,12acfc45-bdfb-4343-9004-9be15dfd844c,java/lang/StringBuilder.java,append
12acfc45-bdfb-4343-9004-9be15dfd844c,6caed6c8-d707-4528-9d2d-1724dc7492e1,b531fe5e-2e4f-41d1-a960-13d9cb324a47,->,12acfc45-bdfb-4343-9004-9be15dfd844c,java/lang/StringBuilder.java,append
12acfc45-bdfb-4343-9004-9be15dfd844c,6caed6c8-d707-4528-9d2d-1724dc7492e1,b531fe5e-2e4f-41d1-a960-13d9cb324a47,->,12acfc45-bdfb-4343-9004-9be15dfd844c,java/lang/StringBuilder.java,append
12acfc45-bdfb-4343-9004-9be15dfd844c,6caed6c8-d707-4528-9d2d-1724dc7492e1,b531fe5e-2e4f-41d1-a960-13d9cb324a47,->,12acfc45-bdfb-4343-9004-9be15dfd844c,java/lang/StringBuilder.java,append
12acfc45-bdfb-4343-9004-9be15dfd844c,6caed6c8-d707-4528-9d2d-1724dc7492e1,b531fe5e-2e4f-41d1-a960-13d9cb324a47,->,12acfc45-bdfb-4343-9004-9be15dfd844c,java/lang/StringBuilder.java,append
12acfc45-bdfb-4343-9004-9be15dfd844c,6caed6c8-d707-4528-9d2d-1724dc7492e1,b531fe5e-2e4f-41d1-a960-13d9cb324a47,->,12acfc45-bdfb-4343-9004-9be15dfd844c,java/lang/StringBuilder.java,append
12acfc45-bdfb-4343-9004-9be15dfd844c,6caed6c8-d707-4528-9d2d-1724dc7492e1,b531fe5e-2e4f-41d1-a960-13d9cb324a47,->,12acfc45-bdfb-4343-9004-9be15dfd844c,java/lang/StringBuilder.java,append
12acfc45-bdfb-4343-9004-9be15dfd844c,6caed6c8-d707-4528-9d2d-1724dc7492e1,b531fe5e-2e4f-41d1-a960-13d9cb324a47,->,12acfc45-bdfb-4343-9004-9be15dfd844c,server/model/players/Client.java,getX
12acfc45-bdfb-4343-9004-9be15dfd844c,6caed6c8-d707-4528-9d2d-1724dc7492e1,b531fe5e-2e4f-41d1-a960-13d9cb324a47,->,12acfc45-bdfb-4343-9004-9be15dfd844c,java/lang/StringBuilder.java,append
12acfc45-bdfb-4343-9004-9be15dfd844c,6caed6c8-d707-4528-9d2d-1724dc7492e1,b531fe5e-2e4f-41d1-a960-13d9cb324a47,->,12acfc45-bdfb-4343-9004-9be15dfd844c,java/lang/StringBuilder.java,append
12acfc45-bdfb-4343-9004-9be15dfd844c,6caed6c8-d707-4528-9d2d-1724dc7492e1,b531fe5e-2e4f-41d1-a960-13d9cb324a47,->,12acfc45-bdfb-4343-9004-9be15dfd844c,server/model/players/Client.java,getY
12acfc45-bdfb-4343-9004-9be15dfd844c,6caed6c8-d707-4528-9d2d-1724dc7492e1,b531fe5e-2e4f-41d1-a960-13d9cb324a47,->,12acfc45-bdfb-4343-9004-9be15dfd844c,java/lang/StringBuilder.java,append
12acfc45-bdfb-4343-9004-9be15dfd844c,6caed6c8-d707-4528-9d2d-1724dc7492e1,b531fe5e-2e4f-41d1-a960-13d9cb324a47,->,12acfc45-bdfb-4343-9004-9be15dfd844c,java/lang/StringBuilder.java,toString
12acfc45-bdfb-4343-9004-9be15dfd844c,6caed6c8-d707-4528-9d2d-1724dc7492e1,b531fe5e-2e4f-41d1-a960-13d9cb324a47,->,12acfc45-bdfb-4343-9004-9be15dfd844c,2c89cfe4-ed6d-446f-832b-3c203feb3155,cf0eb5d1-f945-4cc7-9eaa-55b858ed55c6
12acfc45-bdfb-4343-9004-9be15dfd844c,6caed6c8-d707-4528-9d2d-1724dc7492e1,b531fe5e-2e4f-41d1-a960-13d9cb324a47,->,12acfc45-bdfb-4343-9004-9be15dfd844c,server/model/players/Client.java,getX
12acfc45-bdfb-4343-9004-9be15dfd844c,6caed6c8-d707-4528-9d2d-1724dc7492e1,b531fe5e-2e4f-41d1-a960-13d9cb324a47,->,12acfc45-bdfb-4343-9004-9be15dfd844c,server/model/players/Client.java,getY
12acfc45-bdfb-4343-9004-9be15dfd844c,6caed6c8-d707-4528-9d2d-1724dc7492e1,b531fe5e-2e4f-41d1-a960-13d9cb324a47,->,12acfc45-bdfb-4343-9004-9be15dfd844c,server/model/players/Client.java,goodDistance
12acfc45-bdfb-4343-9004-9be15dfd844c,6caed6c8-d707-4528-9d2d-1724dc7492e1,b531fe5e-2e4f-41d1-a960-13d9cb324a47,->,12acfc45-bdfb-4343-9004-9be15dfd844c,server/model/players/Client.java,getActions
12acfc45-bdfb-4343-9004-9be15dfd844c,6caed6c8-d707-4528-9d2d-1724dc7492e1,b531fe5e-2e4f-41d1-a960-13d9cb324a47,->,12acfc45-bdfb-4343-9004-9be15dfd844c,a51e2ff0-4411-41d8-acaa-a730ac40f347,d3b9dfd1-f6aa-4aec-81c0-5b010a7c6cda
12acfc45-bdfb-4343-9004-9be15dfd844c,6caed6c8-d707-4528-9d2d-1724dc7492e1,b531fe5e-2e4f-41d1-a960-13d9cb324a47,->,12acfc45-bdfb-4343-9004-9be15dfd844c,3ab0cc49-78c3-45ed-a03a-f251199dfbb9,3d27faf4-0319-4d3d-b558-10d40da17fd8
12acfc45-bdfb-4343-9004-9be15dfd844c,6caed6c8-d707-4528-9d2d-1724dc7492e1,b531fe5e-2e4f-41d1-a960-13d9cb324a47,->,12acfc45-bdfb-4343-9004-9be15dfd844c,3ab0cc49-78c3-45ed-a03a-f251199dfbb9,d719c34b-e0d2-473f-8e9a-936cfc6b4522
12acfc45-bdfb-4343-9004-9be15dfd844c,6caed6c8-d707-4528-9d2d-1724dc7492e1,b531fe5e-2e4f-41d1-a960-13d9cb324a47,->,12acfc45-bdfb-4343-9004-9be15dfd844c,server/model/players/Client.java,getInStream
12acfc45-bdfb-4343-9004-9be15dfd844c,6caed6c8-d707-4528-9d2d-1724dc7492e1,b531fe5e-2e4f-41d1-a960-13d9cb324a47,->,12acfc45-bdfb-4343-9004-9be15dfd844c,server/util/Stream.java,readSignedWordBigEndian
12acfc45-bdfb-4343-9004-9be15dfd844c,6caed6c8-d707-4528-9d2d-1724dc7492e1,b531fe5e-2e4f-41d1-a960-13d9cb324a47,->,12acfc45-bdfb-4343-9004-9be15dfd844c,server/model/players/Client.java,getInStream
12acfc45-bdfb-4343-9004-9be15dfd844c,6caed6c8-d707-4528-9d2d-1724dc7492e1,b531fe5e-2e4f-41d1-a960-13d9cb324a47,->,12acfc45-bdfb-4343-9004-9be15dfd844c,server/util/Stream.java,readUnsignedWord
12acfc45-bdfb-4343-9004-9be15dfd844c,6caed6c8-d707-4528-9d2d-1724dc7492e1,b531fe5e-2e4f-41d1-a960-13d9cb324a47,->,12acfc45-bdfb-4343-9004-9be15dfd844c,server/model/players/Client.java,getInStream
12acfc45-bdfb-4343-9004-9be15dfd844c,6caed6c8-d707-4528-9d2d-1724dc7492e1,b531fe5e-2e4f-41d1-a960-13d9cb324a47,->,12acfc45-bdfb-4343-9004-9be15dfd844c,server/util/Stream.java,readUnsignedWordBigEndianA
12acfc45-bdfb-4343-9004-9be15dfd844c,6caed6c8-d707-4528-9d2d-1724dc7492e1,b531fe5e-2e4f-41d1-a960-13d9cb324a47,->,12acfc45-bdfb-4343-9004-9be15dfd844c,java/lang/StringBuilder.java,append
12acfc45-bdfb-4343-9004-9be15dfd844c,6caed6c8-d707-4528-9d2d-1724dc7492e1,b531fe5e-2e4f-41d1-a960-13d9cb324a47,->,12acfc45-bdfb-4343-9004-9be15dfd844c,java/lang/StringBuilder.java,append
12acfc45-bdfb-4343-9004-9be15dfd844c,6caed6c8-d707-4528-9d2d-1724dc7492e1,b531fe5e-2e4f-41d1-a960-13d9cb324a47,->,12acfc45-bdfb-4343-9004-9be15dfd844c,java/lang/StringBuilder.java,append
12acfc45-bdfb-4343-9004-9be15dfd844c,6caed6c8-d707-4528-9d2d-1724dc7492e1,b531fe5e-2e4f-41d1-a960-13d9cb324a47,->,12acfc45-bdfb-4343-9004-9be15dfd844c,java/lang/StringBuilder.java,append
12acfc45-bdfb-4343-9004-9be15dfd844c,6caed6c8-d707-4528-9d2d-1724dc7492e1,b531fe5e-2e4f-41d1-a960-13d9cb324a47,->,12acfc45-bdfb-4343-9004-9be15dfd844c,java/lang/StringBuilder.java,append
12acfc45-bdfb-4343-9004-9be15dfd844c,6caed6c8-d707-4528-9d2d-1724dc7492e1,b531fe5e-2e4f-41d1-a960-13d9cb324a47,->,12acfc45-bdfb-4343-9004-9be15dfd844c,java/lang/StringBuilder.java,append
12acfc45-bdfb-4343-9004-9be15dfd844c,6caed6c8-d707-4528-9d2d-1724dc7492e1,b531fe5e-2e4f-41d1-a960-13d9cb324a47,->,12acfc45-bdfb-4343-9004-9be15dfd844c,java/lang/StringBuilder.java,append
12acfc45-bdfb-4343-9004-9be15dfd844c,6caed6c8-d707-4528-9d2d-1724dc7492e1,b531fe5e-2e4f-41d1-a960-13d9cb324a47,->,12acfc45-bdfb-4343-9004-9be15dfd844c,server/model/players/Client.java,getX
12acfc45-bdfb-4343-9004-9be15dfd844c,6caed6c8-d707-4528-9d2d-1724dc7492e1,b531fe5e-2e4f-41d1-a960-13d9cb324a47,->,12acfc45-bdfb-4343-9004-9be15dfd844c,java/lang/StringBuilder.java,append
12acfc45-bdfb-4343-9004-9be15dfd844c,6caed6c8-d707-4528-9d2d-1724dc7492e1,b531fe5e-2e4f-41d1-a960-13d9cb324a47,->,12acfc45-bdfb-4343-9004-9be15dfd844c,java/lang/StringBuilder.java,append
12acfc45-bdfb-4343-9004-9be15dfd844c,6caed6c8-d707-4528-9d2d-1724dc7492e1,b531fe5e-2e4f-41d1-a960-13d9cb324a47,->,12acfc45-bdfb-4343-9004-9be15dfd844c,server/model/players/Client.java,getY
12acfc45-bdfb-4343-9004-9be15dfd844c,6caed6c8-d707-4528-9d2d-1724dc7492e1,b531fe5e-2e4f-41d1-a960-13d9cb324a47,->,12acfc45-bdfb-4343-9004-9be15dfd844c,java/lang/StringBuilder.java,append
12acfc45-bdfb-4343-9004-9be15dfd844c,6caed6c8-d707-4528-9d2d-1724dc7492e1,b531fe5e-2e4f-41d1-a960-13d9cb324a47,->,12acfc45-bdfb-4343-9004-9be15dfd844c,java/lang/StringBuilder.java,toString
12acfc45-bdfb-4343-9004-9be15dfd844c,6caed6c8-d707-4528-9d2d-1724dc7492e1,b531fe5e-2e4f-41d1-a960-13d9cb324a47,->,12acfc45-bdfb-4343-9004-9be15dfd844c,2c89cfe4-ed6d-446f-832b-3c203feb3155,cf0eb5d1-f945-4cc7-9eaa-55b858ed55c6
12acfc45-bdfb-4343-9004-9be15dfd844c,6caed6c8-d707-4528-9d2d-1724dc7492e1,b531fe5e-2e4f-41d1-a960-13d9cb324a47,->,12acfc45-bdfb-4343-9004-9be15dfd844c,server/model/players/Client.java,getX
12acfc45-bdfb-4343-9004-9be15dfd844c,6caed6c8-d707-4528-9d2d-1724dc7492e1,b531fe5e-2e4f-41d1-a960-13d9cb324a47,->,12acfc45-bdfb-4343-9004-9be15dfd844c,server/model/players/Client.java,getY
12acfc45-bdfb-4343-9004-9be15dfd844c,6caed6c8-d707-4528-9d2d-1724dc7492e1,b531fe5e-2e4f-41d1-a960-13d9cb324a47,->,12acfc45-bdfb-4343-9004-9be15dfd844c,server/model/players/Client.java,goodDistance
12acfc45-bdfb-4343-9004-9be15dfd844c,6caed6c8-d707-4528-9d2d-1724dc7492e1,b531fe5e-2e4f-41d1-a960-13d9cb324a47,->,12acfc45-bdfb-4343-9004-9be15dfd844c,server/model/players/Client.java,getActions
12acfc45-bdfb-4343-9004-9be15dfd844c,6caed6c8-d707-4528-9d2d-1724dc7492e1,b531fe5e-2e4f-41d1-a960-13d9cb324a47,->,12acfc45-bdfb-4343-9004-9be15dfd844c,a51e2ff0-4411-41d8-acaa-a730ac40f347,d3b9dfd1-f6aa-4aec-81c0-5b010a7c6cda
12acfc45-bdfb-4343-9004-9be15dfd844c,6caed6c8-d707-4528-9d2d-1724dc7492e1,b531fe5e-2e4f-41d1-a960-13d9cb324a47,->,12acfc45-bdfb-4343-9004-9be15dfd844c,3ab0cc49-78c3-45ed-a03a-f251199dfbb9,3d27faf4-0319-4d3d-b558-10d40da17fd8
12acfc45-bdfb-4343-9004-9be15dfd844c,6caed6c8-d707-4528-9d2d-1724dc7492e1,b531fe5e-2e4f-41d1-a960-13d9cb324a47,->,12acfc45-bdfb-4343-9004-9be15dfd844c,3ab0cc49-78c3-45ed-a03a-f251199dfbb9,d719c34b-e0d2-473f-8e9a-936cfc6b4522
12acfc45-bdfb-4343-9004-9be15dfd844c,d09c26c3-be8d-4bb7-8c7b-c82a6f4b4bf2,6309d670-f157-46f1-89e6-0739d339ce0e,->,12acfc45-bdfb-4343-9004-9be15dfd844c,server/model/players/Client.java,getPA
12acfc45-bdfb-4343-9004-9be15dfd844c,d09c26c3-be8d-4bb7-8c7b-c82a6f4b4bf2,6309d670-f157-46f1-89e6-0739d339ce0e,->,12acfc45-bdfb-4343-9004-9be15dfd844c,991eb2a8-284a-4290-ae08-f54cf8834706,ea5c52c2-0f8f-4d30-85a9-878b49775114
12acfc45-bdfb-4343-9004-9be15dfd844c,691efde9-975e-4098-ab0e-48798fd71736,449ce2f4-3f8c-46b9-94e9-9305d5907871,->,12acfc45-bdfb-4343-9004-9be15dfd844c,server/model/players/Client.java,getInStream
12acfc45-bdfb-4343-9004-9be15dfd844c,691efde9-975e-4098-ab0e-48798fd71736,449ce2f4-3f8c-46b9-94e9-9305d5907871,->,12acfc45-bdfb-4343-9004-9be15dfd844c,server/util/Stream.java,readSignedWordBigEndian
12acfc45-bdfb-4343-9004-9be15dfd844c,691efde9-975e-4098-ab0e-48798fd71736,449ce2f4-3f8c-46b9-94e9-9305d5907871,->,12acfc45-bdfb-4343-9004-9be15dfd844c,server/model/players/Client.java,getInStream
12acfc45-bdfb-4343-9004-9be15dfd844c,691efde9-975e-4098-ab0e-48798fd71736,449ce2f4-3f8c-46b9-94e9-9305d5907871,->,12acfc45-bdfb-4343-9004-9be15dfd844c,server/util/Stream.java,readUnsignedWord
12acfc45-bdfb-4343-9004-9be15dfd844c,691efde9-975e-4098-ab0e-48798fd71736,449ce2f4-3f8c-46b9-94e9-9305d5907871,->,12acfc45-bdfb-4343-9004-9be15dfd844c,server/model/players/Client.java,getInStream
12acfc45-bdfb-4343-9004-9be15dfd844c,691efde9-975e-4098-ab0e-48798fd71736,449ce2f4-3f8c-46b9-94e9-9305d5907871,->,12acfc45-bdfb-4343-9004-9be15dfd844c,server/util/Stream.java,readSignedWordBigEndian
12acfc45-bdfb-4343-9004-9be15dfd844c,691efde9-975e-4098-ab0e-48798fd71736,449ce2f4-3f8c-46b9-94e9-9305d5907871,->,12acfc45-bdfb-4343-9004-9be15dfd844c,server/model/players/Client.java,getX
12acfc45-bdfb-4343-9004-9be15dfd844c,691efde9-975e-4098-ab0e-48798fd71736,449ce2f4-3f8c-46b9-94e9-9305d5907871,->,12acfc45-bdfb-4343-9004-9be15dfd844c,java/lang/Math.java,abs
12acfc45-bdfb-4343-9004-9be15dfd844c,691efde9-975e-4098-ab0e-48798fd71736,449ce2f4-3f8c-46b9-94e9-9305d5907871,->,12acfc45-bdfb-4343-9004-9be15dfd844c,server/model/players/Client.java,getY
12acfc45-bdfb-4343-9004-9be15dfd844c,691efde9-975e-4098-ab0e-48798fd71736,449ce2f4-3f8c-46b9-94e9-9305d5907871,->,12acfc45-bdfb-4343-9004-9be15dfd844c,java/lang/Math.java,abs
12acfc45-bdfb-4343-9004-9be15dfd844c,691efde9-975e-4098-ab0e-48798fd71736,449ce2f4-3f8c-46b9-94e9-9305d5907871,->,12acfc45-bdfb-4343-9004-9be15dfd844c,server/model/players/Client.java,resetWalkingQueue
12acfc45-bdfb-4343-9004-9be15dfd844c,691efde9-975e-4098-ab0e-48798fd71736,449ce2f4-3f8c-46b9-94e9-9305d5907871,->,12acfc45-bdfb-4343-9004-9be15dfd844c,server/model/players/Client.java,getCombat
12acfc45-bdfb-4343-9004-9be15dfd844c,691efde9-975e-4098-ab0e-48798fd71736,449ce2f4-3f8c-46b9-94e9-9305d5907871,->,12acfc45-bdfb-4343-9004-9be15dfd844c,server/model/players/CombatAssistant.java,resetPlayerAttack
12acfc45-bdfb-4343-9004-9be15dfd844c,691efde9-975e-4098-ab0e-48798fd71736,449ce2f4-3f8c-46b9-94e9-9305d5907871,->,12acfc45-bdfb-4343-9004-9be15dfd844c,server/model/players/Client.java,getX
12acfc45-bdfb-4343-9004-9be15dfd844c,691efde9-975e-4098-ab0e-48798fd71736,449ce2f4-3f8c-46b9-94e9-9305d5907871,->,12acfc45-bdfb-4343-9004-9be15dfd844c,server/model/players/Client.java,getY
12acfc45-bdfb-4343-9004-9be15dfd844c,691efde9-975e-4098-ab0e-48798fd71736,449ce2f4-3f8c-46b9-94e9-9305d5907871,->,12acfc45-bdfb-4343-9004-9be15dfd844c,server/world/ItemHandler.java,removeGroundItem
12acfc45-bdfb-4343-9004-9be15dfd844c,691efde9-975e-4098-ab0e-48798fd71736,449ce2f4-3f8c-46b9-94e9-9305d5907871,->,12acfc45-bdfb-4343-9004-9be15dfd844c,3ab0cc49-78c3-45ed-a03a-f251199dfbb9,3d27faf4-0319-4d3d-b558-10d40da17fd8
12acfc45-bdfb-4343-9004-9be15dfd844c,691efde9-975e-4098-ab0e-48798fd71736,449ce2f4-3f8c-46b9-94e9-9305d5907871,->,12acfc45-bdfb-4343-9004-9be15dfd844c,3ab0cc49-78c3-45ed-a03a-f251199dfbb9,d719c34b-e0d2-473f-8e9a-936cfc6b4522
12acfc45-bdfb-4343-9004-9be15dfd844c,server/model/players/packets/ClickItem$1.java,execute,->,12acfc45-bdfb-4343-9004-9be15dfd844c,server/world/ObjectHandler.java,createAnObject
12acfc45-bdfb-4343-9004-9be15dfd844c,server/model/players/packets/ClickItem$1.java,execute,->,12acfc45-bdfb-4343-9004-9be15dfd844c,server/model/players/Client.java,getItems
12acfc45-bdfb-4343-9004-9be15dfd844c,server/model/players/packets/ClickItem$1.java,execute,->,12acfc45-bdfb-4343-9004-9be15dfd844c,14203881-a564-4b2b-883f-05f6ba08720b,1182421c-0575-4d8f-9b0b-9fc46240a9c8
12acfc45-bdfb-4343-9004-9be15dfd844c,server/model/players/packets/ClickItem$1.java,execute,->,12acfc45-bdfb-4343-9004-9be15dfd844c,server/model/items/ItemAssistant.java,addItem
12acfc45-bdfb-4343-9004-9be15dfd844c,server/model/players/packets/ClickItem$1.java,execute,->,12acfc45-bdfb-4343-9004-9be15dfd844c,6dd0c5db-72ba-4498-883f-a3c8c3333519,2c14e4eb-2b3e-4056-bf8e-5218f96f0ad5
12acfc45-bdfb-4343-9004-9be15dfd844c,server/model/players/packets/ClickObject$2.java,execute,->,12acfc45-bdfb-4343-9004-9be15dfd844c,server/model/players/Client.java,getX
12acfc45-bdfb-4343-9004-9be15dfd844c,server/model/players/packets/ClickObject$2.java,execute,->,12acfc45-bdfb-4343-9004-9be15dfd844c,server/model/players/Client.java,getY
12acfc45-bdfb-4343-9004-9be15dfd844c,server/model/players/packets/ClickObject$2.java,execute,->,12acfc45-bdfb-4343-9004-9be15dfd844c,server/model/players/Client.java,goodDistance
12acfc45-bdfb-4343-9004-9be15dfd844c,server/model/players/packets/ClickObject$2.java,execute,->,12acfc45-bdfb-4343-9004-9be15dfd844c,server/model/players/Client.java,getActions
12acfc45-bdfb-4343-9004-9be15dfd844c,server/model/players/packets/ClickObject$2.java,execute,->,12acfc45-bdfb-4343-9004-9be15dfd844c,a51e2ff0-4411-41d8-acaa-a730ac40f347,d3b9dfd1-f6aa-4aec-81c0-5b010a7c6cda
12acfc45-bdfb-4343-9004-9be15dfd844c,server/model/players/packets/ClickObject$2.java,execute,->,12acfc45-bdfb-4343-9004-9be15dfd844c,6dd0c5db-72ba-4498-883f-a3c8c3333519,2c14e4eb-2b3e-4056-bf8e-5218f96f0ad5
12acfc45-bdfb-4343-9004-9be15dfd844c,server/model/players/packets/ClickObject$2.java,execute,->,12acfc45-bdfb-4343-9004-9be15dfd844c,6dd0c5db-72ba-4498-883f-a3c8c3333519,2c14e4eb-2b3e-4056-bf8e-5218f96f0ad5
12acfc45-bdfb-4343-9004-9be15dfd844c,9fd59aae-beba-4b8a-a011-e39bd551de76,18126db4-1855-4c43-83ef-72b30ae647ea,->,12acfc45-bdfb-4343-9004-9be15dfd844c,server/model/players/Client.java,getInStream
12acfc45-bdfb-4343-9004-9be15dfd844c,9fd59aae-beba-4b8a-a011-e39bd551de76,18126db4-1855-4c43-83ef-72b30ae647ea,->,12acfc45-bdfb-4343-9004-9be15dfd844c,server/util/Stream.java,readSignedWordBigEndian
12acfc45-bdfb-4343-9004-9be15dfd844c,9fd59aae-beba-4b8a-a011-e39bd551de76,18126db4-1855-4c43-83ef-72b30ae647ea,->,12acfc45-bdfb-4343-9004-9be15dfd844c,server/model/players/Client.java,getInStream
12acfc45-bdfb-4343-9004-9be15dfd844c,9fd59aae-beba-4b8a-a011-e39bd551de76,18126db4-1855-4c43-83ef-72b30ae647ea,->,12acfc45-bdfb-4343-9004-9be15dfd844c,server/util/Stream.java,readUnsignedWord
12acfc45-bdfb-4343-9004-9be15dfd844c,9fd59aae-beba-4b8a-a011-e39bd551de76,18126db4-1855-4c43-83ef-72b30ae647ea,->,12acfc45-bdfb-4343-9004-9be15dfd844c,server/model/players/Client.java,getInStream
12acfc45-bdfb-4343-9004-9be15dfd844c,9fd59aae-beba-4b8a-a011-e39bd551de76,18126db4-1855-4c43-83ef-72b30ae647ea,->,12acfc45-bdfb-4343-9004-9be15dfd844c,server/util/Stream.java,readSignedWordBigEndian
12acfc45-bdfb-4343-9004-9be15dfd844c,9fd59aae-beba-4b8a-a011-e39bd551de76,18126db4-1855-4c43-83ef-72b30ae647ea,->,12acfc45-bdfb-4343-9004-9be15dfd844c,server/model/players/Client.java,getInStream
12acfc45-bdfb-4343-9004-9be15dfd844c,9fd59aae-beba-4b8a-a011-e39bd551de76,18126db4-1855-4c43-83ef-72b30ae647ea,->,12acfc45-bdfb-4343-9004-9be15dfd844c,server/util/Stream.java,readUnsignedWordA
12acfc45-bdfb-4343-9004-9be15dfd844c,9fd59aae-beba-4b8a-a011-e39bd551de76,18126db4-1855-4c43-83ef-72b30ae647ea,->,12acfc45-bdfb-4343-9004-9be15dfd844c,server/world/ItemHandler.java,itemExists
12acfc45-bdfb-4343-9004-9be15dfd844c,9fd59aae-beba-4b8a-a011-e39bd551de76,18126db4-1855-4c43-83ef-72b30ae647ea,->,12acfc45-bdfb-4343-9004-9be15dfd844c,server/model/players/Client.java,stopMovement
12acfc45-bdfb-4343-9004-9be15dfd844c,9fd59aae-beba-4b8a-a011-e39bd551de76,18126db4-1855-4c43-83ef-72b30ae647ea,->,12acfc45-bdfb-4343-9004-9be15dfd844c,server/model/players/Client.java,getCombat
12acfc45-bdfb-4343-9004-9be15dfd844c,9fd59aae-beba-4b8a-a011-e39bd551de76,18126db4-1855-4c43-83ef-72b30ae647ea,->,12acfc45-bdfb-4343-9004-9be15dfd844c,server/model/players/CombatAssistant.java,checkMagicReqs
12acfc45-bdfb-4343-9004-9be15dfd844c,9fd59aae-beba-4b8a-a011-e39bd551de76,18126db4-1855-4c43-83ef-72b30ae647ea,->,12acfc45-bdfb-4343-9004-9be15dfd844c,server/model/players/Client.java,stopMovement
12acfc45-bdfb-4343-9004-9be15dfd844c,9fd59aae-beba-4b8a-a011-e39bd551de76,18126db4-1855-4c43-83ef-72b30ae647ea,->,12acfc45-bdfb-4343-9004-9be15dfd844c,server/model/players/Client.java,getX
12acfc45-bdfb-4343-9004-9be15dfd844c,9fd59aae-beba-4b8a-a011-e39bd551de76,18126db4-1855-4c43-83ef-72b30ae647ea,->,12acfc45-bdfb-4343-9004-9be15dfd844c,server/model/players/Client.java,getY
12acfc45-bdfb-4343-9004-9be15dfd844c,9fd59aae-beba-4b8a-a011-e39bd551de76,18126db4-1855-4c43-83ef-72b30ae647ea,->,12acfc45-bdfb-4343-9004-9be15dfd844c,server/model/players/Client.java,goodDistance
12acfc45-bdfb-4343-9004-9be15dfd844c,9fd59aae-beba-4b8a-a011-e39bd551de76,18126db4-1855-4c43-83ef-72b30ae647ea,->,12acfc45-bdfb-4343-9004-9be15dfd844c,server/model/players/Client.java,getX
12acfc45-bdfb-4343-9004-9be15dfd844c,9fd59aae-beba-4b8a-a011-e39bd551de76,18126db4-1855-4c43-83ef-72b30ae647ea,->,12acfc45-bdfb-4343-9004-9be15dfd844c,server/model/players/Client.java,getY
12acfc45-bdfb-4343-9004-9be15dfd844c,9fd59aae-beba-4b8a-a011-e39bd551de76,18126db4-1855-4c43-83ef-72b30ae647ea,->,12acfc45-bdfb-4343-9004-9be15dfd844c,server/model/players/Client.java,turnPlayerTo
12acfc45-bdfb-4343-9004-9be15dfd844c,9fd59aae-beba-4b8a-a011-e39bd551de76,18126db4-1855-4c43-83ef-72b30ae647ea,->,12acfc45-bdfb-4343-9004-9be15dfd844c,java/lang/System.java,currentTimeMillis
12acfc45-bdfb-4343-9004-9be15dfd844c,9fd59aae-beba-4b8a-a011-e39bd551de76,18126db4-1855-4c43-83ef-72b30ae647ea,->,12acfc45-bdfb-4343-9004-9be15dfd844c,server/model/players/Client.java,startAnimation
12acfc45-bdfb-4343-9004-9be15dfd844c,9fd59aae-beba-4b8a-a011-e39bd551de76,18126db4-1855-4c43-83ef-72b30ae647ea,->,12acfc45-bdfb-4343-9004-9be15dfd844c,server/model/players/Client.java,gfx100
12acfc45-bdfb-4343-9004-9be15dfd844c,9fd59aae-beba-4b8a-a011-e39bd551de76,18126db4-1855-4c43-83ef-72b30ae647ea,->,12acfc45-bdfb-4343-9004-9be15dfd844c,server/model/players/Client.java,getPA
12acfc45-bdfb-4343-9004-9be15dfd844c,9fd59aae-beba-4b8a-a011-e39bd551de76,18126db4-1855-4c43-83ef-72b30ae647ea,->,12acfc45-bdfb-4343-9004-9be15dfd844c,991eb2a8-284a-4290-ae08-f54cf8834706,9100c3d2-8c70-45cd-a8ab-91e26140a40f
12acfc45-bdfb-4343-9004-9be15dfd844c,9fd59aae-beba-4b8a-a011-e39bd551de76,18126db4-1855-4c43-83ef-72b30ae647ea,->,12acfc45-bdfb-4343-9004-9be15dfd844c,server/model/players/Client.java,getPA
12acfc45-bdfb-4343-9004-9be15dfd844c,9fd59aae-beba-4b8a-a011-e39bd551de76,18126db4-1855-4c43-83ef-72b30ae647ea,->,12acfc45-bdfb-4343-9004-9be15dfd844c,server/model/players/Client.java,getX
12acfc45-bdfb-4343-9004-9be15dfd844c,9fd59aae-beba-4b8a-a011-e39bd551de76,18126db4-1855-4c43-83ef-72b30ae647ea,->,12acfc45-bdfb-4343-9004-9be15dfd844c,server/model/players/Client.java,getY
12acfc45-bdfb-4343-9004-9be15dfd844c,9fd59aae-beba-4b8a-a011-e39bd551de76,18126db4-1855-4c43-83ef-72b30ae647ea,->,12acfc45-bdfb-4343-9004-9be15dfd844c,991eb2a8-284a-4290-ae08-f54cf8834706,3b42da37-c458-47dd-84b7-9027c34c9e43
12acfc45-bdfb-4343-9004-9be15dfd844c,9fd59aae-beba-4b8a-a011-e39bd551de76,18126db4-1855-4c43-83ef-72b30ae647ea,->,12acfc45-bdfb-4343-9004-9be15dfd844c,server/model/players/Client.java,getPA
12acfc45-bdfb-4343-9004-9be15dfd844c,9fd59aae-beba-4b8a-a011-e39bd551de76,18126db4-1855-4c43-83ef-72b30ae647ea,->,12acfc45-bdfb-4343-9004-9be15dfd844c,991eb2a8-284a-4290-ae08-f54cf8834706,0955b7e8-1203-4e9d-8e85-6eeaf5af5ce5
12acfc45-bdfb-4343-9004-9be15dfd844c,9fd59aae-beba-4b8a-a011-e39bd551de76,18126db4-1855-4c43-83ef-72b30ae647ea,->,12acfc45-bdfb-4343-9004-9be15dfd844c,server/model/players/Client.java,getPA
12acfc45-bdfb-4343-9004-9be15dfd844c,9fd59aae-beba-4b8a-a011-e39bd551de76,18126db4-1855-4c43-83ef-72b30ae647ea,->,12acfc45-bdfb-4343-9004-9be15dfd844c,991eb2a8-284a-4290-ae08-f54cf8834706,cc581d00-f04e-4278-8aaf-0ecbd93e9b04
12acfc45-bdfb-4343-9004-9be15dfd844c,9fd59aae-beba-4b8a-a011-e39bd551de76,18126db4-1855-4c43-83ef-72b30ae647ea,->,12acfc45-bdfb-4343-9004-9be15dfd844c,server/model/players/Client.java,stopMovement
12acfc45-bdfb-4343-9004-9be15dfd844c,bb912072-727b-4b50-9902-b05f346a72ac,9cf633a3-994a-40e9-a128-cda5178c3c06,->,12acfc45-bdfb-4343-9004-9be15dfd844c,server/model/players/Client.java,getInStream
12acfc45-bdfb-4343-9004-9be15dfd844c,bb912072-727b-4b50-9902-b05f346a72ac,9cf633a3-994a-40e9-a128-cda5178c3c06,->,12acfc45-bdfb-4343-9004-9be15dfd844c,server/util/Stream.java,readSignedWordBigEndian
12acfc45-bdfb-4343-9004-9be15dfd844c,bb912072-727b-4b50-9902-b05f346a72ac,9cf633a3-994a-40e9-a128-cda5178c3c06,->,12acfc45-bdfb-4343-9004-9be15dfd844c,server/model/players/Client.java,getPA
12acfc45-bdfb-4343-9004-9be15dfd844c,bb912072-727b-4b50-9902-b05f346a72ac,9cf633a3-994a-40e9-a128-cda5178c3c06,->,12acfc45-bdfb-4343-9004-9be15dfd844c,991eb2a8-284a-4290-ae08-f54cf8834706,f734ec4c-f6ff-48ef-9a62-43e360d115c7
12acfc45-bdfb-4343-9004-9be15dfd844c,bb912072-727b-4b50-9902-b05f346a72ac,9cf633a3-994a-40e9-a128-cda5178c3c06,->,12acfc45-bdfb-4343-9004-9be15dfd844c,server/model/players/Client.java,arenas
12acfc45-bdfb-4343-9004-9be15dfd844c,bb912072-727b-4b50-9902-b05f346a72ac,9cf633a3-994a-40e9-a128-cda5178c3c06,->,12acfc45-bdfb-4343-9004-9be15dfd844c,server/model/players/Client.java,sendMessage
12acfc45-bdfb-4343-9004-9be15dfd844c,bb912072-727b-4b50-9902-b05f346a72ac,9cf633a3-994a-40e9-a128-cda5178c3c06,->,12acfc45-bdfb-4343-9004-9be15dfd844c,server/model/players/Client.java,sendMessage
12acfc45-bdfb-4343-9004-9be15dfd844c,bb912072-727b-4b50-9902-b05f346a72ac,9cf633a3-994a-40e9-a128-cda5178c3c06,->,12acfc45-bdfb-4343-9004-9be15dfd844c,server/model/players/Client.java,getTradeAndDuel
12acfc45-bdfb-4343-9004-9be15dfd844c,bb912072-727b-4b50-9902-b05f346a72ac,9cf633a3-994a-40e9-a128-cda5178c3c06,->,12acfc45-bdfb-4343-9004-9be15dfd844c,server/model/players/TradeAndDuel.java,requestTrade
12acfc45-bdfb-4343-9004-9be15dfd844c,67487c49-a4b6-45bd-b8bc-0a57fa595dc4,d2c5e59a-4c97-47d3-a826-4aa0e5e50b75,->,12acfc45-bdfb-4343-9004-9be15dfd844c,server/model/players/Client.java,getInStream
12acfc45-bdfb-4343-9004-9be15dfd844c,67487c49-a4b6-45bd-b8bc-0a57fa595dc4,d2c5e59a-4c97-47d3-a826-4aa0e5e50b75,->,12acfc45-bdfb-4343-9004-9be15dfd844c,server/util/Stream.java,readSignedWordBigEndian
12acfc45-bdfb-4343-9004-9be15dfd844c,67487c49-a4b6-45bd-b8bc-0a57fa595dc4,d2c5e59a-4c97-47d3-a826-4aa0e5e50b75,->,12acfc45-bdfb-4343-9004-9be15dfd844c,server/model/players/Client.java,sendMessage
12acfc45-bdfb-4343-9004-9be15dfd844c,67487c49-a4b6-45bd-b8bc-0a57fa595dc4,d2c5e59a-4c97-47d3-a826-4aa0e5e50b75,->,12acfc45-bdfb-4343-9004-9be15dfd844c,server/model/players/Client.java,sendMessage
12acfc45-bdfb-4343-9004-9be15dfd844c,67487c49-a4b6-45bd-b8bc-0a57fa595dc4,d2c5e59a-4c97-47d3-a826-4aa0e5e50b75,->,12acfc45-bdfb-4343-9004-9be15dfd844c,server/model/players/Client.java,sendMessage
12acfc45-bdfb-4343-9004-9be15dfd844c,67487c49-a4b6-45bd-b8bc-0a57fa595dc4,d2c5e59a-4c97-47d3-a826-4aa0e5e50b75,->,12acfc45-bdfb-4343-9004-9be15dfd844c,server/model/players/Client.java,sendMessage
12acfc45-bdfb-4343-9004-9be15dfd844c,67487c49-a4b6-45bd-b8bc-0a57fa595dc4,d2c5e59a-4c97-47d3-a826-4aa0e5e50b75,->,12acfc45-bdfb-4343-9004-9be15dfd844c,server/model/players/Client.java,getX
12acfc45-bdfb-4343-9004-9be15dfd844c,67487c49-a4b6-45bd-b8bc-0a57fa595dc4,d2c5e59a-4c97-47d3-a826-4aa0e5e50b75,->,12acfc45-bdfb-4343-9004-9be15dfd844c,server/model/players/Client.java,getY
12acfc45-bdfb-4343-9004-9be15dfd844c,67487c49-a4b6-45bd-b8bc-0a57fa595dc4,d2c5e59a-4c97-47d3-a826-4aa0e5e50b75,->,12acfc45-bdfb-4343-9004-9be15dfd844c,server/model/players/Player.java,getX
12acfc45-bdfb-4343-9004-9be15dfd844c,67487c49-a4b6-45bd-b8bc-0a57fa595dc4,d2c5e59a-4c97-47d3-a826-4aa0e5e50b75,->,12acfc45-bdfb-4343-9004-9be15dfd844c,server/model/players/Player.java,getY
12acfc45-bdfb-4343-9004-9be15dfd844c,67487c49-a4b6-45bd-b8bc-0a57fa595dc4,d2c5e59a-4c97-47d3-a826-4aa0e5e50b75,->,12acfc45-bdfb-4343-9004-9be15dfd844c,server/model/players/Client.java,goodDistance
12acfc45-bdfb-4343-9004-9be15dfd844c,67487c49-a4b6-45bd-b8bc-0a57fa595dc4,d2c5e59a-4c97-47d3-a826-4aa0e5e50b75,->,12acfc45-bdfb-4343-9004-9be15dfd844c,server/model/players/Client.java,stopMovement
12acfc45-bdfb-4343-9004-9be15dfd844c,67487c49-a4b6-45bd-b8bc-0a57fa595dc4,d2c5e59a-4c97-47d3-a826-4aa0e5e50b75,->,12acfc45-bdfb-4343-9004-9be15dfd844c,server/model/players/Client.java,getX
12acfc45-bdfb-4343-9004-9be15dfd844c,67487c49-a4b6-45bd-b8bc-0a57fa595dc4,d2c5e59a-4c97-47d3-a826-4aa0e5e50b75,->,12acfc45-bdfb-4343-9004-9be15dfd844c,server/model/players/Client.java,getY
12acfc45-bdfb-4343-9004-9be15dfd844c,67487c49-a4b6-45bd-b8bc-0a57fa595dc4,d2c5e59a-4c97-47d3-a826-4aa0e5e50b75,->,12acfc45-bdfb-4343-9004-9be15dfd844c,server/model/players/Player.java,getX
12acfc45-bdfb-4343-9004-9be15dfd844c,67487c49-a4b6-45bd-b8bc-0a57fa595dc4,d2c5e59a-4c97-47d3-a826-4aa0e5e50b75,->,12acfc45-bdfb-4343-9004-9be15dfd844c,server/model/players/Player.java,getY
12acfc45-bdfb-4343-9004-9be15dfd844c,67487c49-a4b6-45bd-b8bc-0a57fa595dc4,d2c5e59a-4c97-47d3-a826-4aa0e5e50b75,->,12acfc45-bdfb-4343-9004-9be15dfd844c,server/model/players/Client.java,goodDistance
12acfc45-bdfb-4343-9004-9be15dfd844c,67487c49-a4b6-45bd-b8bc-0a57fa595dc4,d2c5e59a-4c97-47d3-a826-4aa0e5e50b75,->,12acfc45-bdfb-4343-9004-9be15dfd844c,server/model/players/Client.java,stopMovement
12acfc45-bdfb-4343-9004-9be15dfd844c,67487c49-a4b6-45bd-b8bc-0a57fa595dc4,d2c5e59a-4c97-47d3-a826-4aa0e5e50b75,->,12acfc45-bdfb-4343-9004-9be15dfd844c,server/model/players/Client.java,sendMessage
12acfc45-bdfb-4343-9004-9be15dfd844c,67487c49-a4b6-45bd-b8bc-0a57fa595dc4,d2c5e59a-4c97-47d3-a826-4aa0e5e50b75,->,12acfc45-bdfb-4343-9004-9be15dfd844c,server/model/players/Client.java,getCombat
12acfc45-bdfb-4343-9004-9be15dfd844c,67487c49-a4b6-45bd-b8bc-0a57fa595dc4,d2c5e59a-4c97-47d3-a826-4aa0e5e50b75,->,12acfc45-bdfb-4343-9004-9be15dfd844c,server/model/players/CombatAssistant.java,correctBowAndArrows
12acfc45-bdfb-4343-9004-9be15dfd844c,67487c49-a4b6-45bd-b8bc-0a57fa595dc4,d2c5e59a-4c97-47d3-a826-4aa0e5e50b75,->,12acfc45-bdfb-4343-9004-9be15dfd844c,server/model/players/Client.java,getCombat
12acfc45-bdfb-4343-9004-9be15dfd844c,67487c49-a4b6-45bd-b8bc-0a57fa595dc4,d2c5e59a-4c97-47d3-a826-4aa0e5e50b75,->,12acfc45-bdfb-4343-9004-9be15dfd844c,server/model/players/CombatAssistant.java,usingCrystalBow
12acfc45-bdfb-4343-9004-9be15dfd844c,67487c49-a4b6-45bd-b8bc-0a57fa595dc4,d2c5e59a-4c97-47d3-a826-4aa0e5e50b75,->,12acfc45-bdfb-4343-9004-9be15dfd844c,java/lang/StringBuilder.java,append
12acfc45-bdfb-4343-9004-9be15dfd844c,67487c49-a4b6-45bd-b8bc-0a57fa595dc4,d2c5e59a-4c97-47d3-a826-4aa0e5e50b75,->,12acfc45-bdfb-4343-9004-9be15dfd844c,server/model/players/Client.java,getItems
12acfc45-bdfb-4343-9004-9be15dfd844c,67487c49-a4b6-45bd-b8bc-0a57fa595dc4,d2c5e59a-4c97-47d3-a826-4aa0e5e50b75,->,12acfc45-bdfb-4343-9004-9be15dfd844c,server/model/items/ItemAssistant.java,getItemName
12acfc45-bdfb-4343-9004-9be15dfd844c,67487c49-a4b6-45bd-b8bc-0a57fa595dc4,d2c5e59a-4c97-47d3-a826-4aa0e5e50b75,->,12acfc45-bdfb-4343-9004-9be15dfd844c,java/lang/String.java,toLowerCase
12acfc45-bdfb-4343-9004-9be15dfd844c,67487c49-a4b6-45bd-b8bc-0a57fa595dc4,d2c5e59a-4c97-47d3-a826-4aa0e5e50b75,->,12acfc45-bdfb-4343-9004-9be15dfd844c,java/lang/StringBuilder.java,append
12acfc45-bdfb-4343-9004-9be15dfd844c,67487c49-a4b6-45bd-b8bc-0a57fa595dc4,d2c5e59a-4c97-47d3-a826-4aa0e5e50b75,->,12acfc45-bdfb-4343-9004-9be15dfd844c,java/lang/StringBuilder.java,append
12acfc45-bdfb-4343-9004-9be15dfd844c,67487c49-a4b6-45bd-b8bc-0a57fa595dc4,d2c5e59a-4c97-47d3-a826-4aa0e5e50b75,->,12acfc45-bdfb-4343-9004-9be15dfd844c,server/model/players/Client.java,getItems
12acfc45-bdfb-4343-9004-9be15dfd844c,67487c49-a4b6-45bd-b8bc-0a57fa595dc4,d2c5e59a-4c97-47d3-a826-4aa0e5e50b75,->,12acfc45-bdfb-4343-9004-9be15dfd844c,server/model/items/ItemAssistant.java,getItemName
12acfc45-bdfb-4343-9004-9be15dfd844c,67487c49-a4b6-45bd-b8bc-0a57fa595dc4,d2c5e59a-4c97-47d3-a826-4aa0e5e50b75,->,12acfc45-bdfb-4343-9004-9be15dfd844c,java/lang/String.java,toLowerCase
12acfc45-bdfb-4343-9004-9be15dfd844c,67487c49-a4b6-45bd-b8bc-0a57fa595dc4,d2c5e59a-4c97-47d3-a826-4aa0e5e50b75,->,12acfc45-bdfb-4343-9004-9be15dfd844c,java/lang/StringBuilder.java,append
12acfc45-bdfb-4343-9004-9be15dfd844c,67487c49-a4b6-45bd-b8bc-0a57fa595dc4,d2c5e59a-4c97-47d3-a826-4aa0e5e50b75,->,12acfc45-bdfb-4343-9004-9be15dfd844c,java/lang/StringBuilder.java,append
12acfc45-bdfb-4343-9004-9be15dfd844c,67487c49-a4b6-45bd-b8bc-0a57fa595dc4,d2c5e59a-4c97-47d3-a826-4aa0e5e50b75,->,12acfc45-bdfb-4343-9004-9be15dfd844c,java/lang/StringBuilder.java,toString
12acfc45-bdfb-4343-9004-9be15dfd844c,67487c49-a4b6-45bd-b8bc-0a57fa595dc4,d2c5e59a-4c97-47d3-a826-4aa0e5e50b75,->,12acfc45-bdfb-4343-9004-9be15dfd844c,server/model/players/Client.java,sendMessage
12acfc45-bdfb-4343-9004-9be15dfd844c,67487c49-a4b6-45bd-b8bc-0a57fa595dc4,d2c5e59a-4c97-47d3-a826-4aa0e5e50b75,->,12acfc45-bdfb-4343-9004-9be15dfd844c,server/model/players/Client.java,stopMovement
12acfc45-bdfb-4343-9004-9be15dfd844c,67487c49-a4b6-45bd-b8bc-0a57fa595dc4,d2c5e59a-4c97-47d3-a826-4aa0e5e50b75,->,12acfc45-bdfb-4343-9004-9be15dfd844c,server/model/players/Client.java,getCombat
12acfc45-bdfb-4343-9004-9be15dfd844c,67487c49-a4b6-45bd-b8bc-0a57fa595dc4,d2c5e59a-4c97-47d3-a826-4aa0e5e50b75,->,12acfc45-bdfb-4343-9004-9be15dfd844c,server/model/players/CombatAssistant.java,resetPlayerAttack
12acfc45-bdfb-4343-9004-9be15dfd844c,67487c49-a4b6-45bd-b8bc-0a57fa595dc4,d2c5e59a-4c97-47d3-a826-4aa0e5e50b75,->,12acfc45-bdfb-4343-9004-9be15dfd844c,server/model/players/Client.java,getCombat
12acfc45-bdfb-4343-9004-9be15dfd844c,67487c49-a4b6-45bd-b8bc-0a57fa595dc4,d2c5e59a-4c97-47d3-a826-4aa0e5e50b75,->,12acfc45-bdfb-4343-9004-9be15dfd844c,server/model/players/CombatAssistant.java,properBolts
12acfc45-bdfb-4343-9004-9be15dfd844c,67487c49-a4b6-45bd-b8bc-0a57fa595dc4,d2c5e59a-4c97-47d3-a826-4aa0e5e50b75,->,12acfc45-bdfb-4343-9004-9be15dfd844c,server/model/players/Client.java,sendMessage
12acfc45-bdfb-4343-9004-9be15dfd844c,67487c49-a4b6-45bd-b8bc-0a57fa595dc4,d2c5e59a-4c97-47d3-a826-4aa0e5e50b75,->,12acfc45-bdfb-4343-9004-9be15dfd844c,server/model/players/Client.java,stopMovement
12acfc45-bdfb-4343-9004-9be15dfd844c,67487c49-a4b6-45bd-b8bc-0a57fa595dc4,d2c5e59a-4c97-47d3-a826-4aa0e5e50b75,->,12acfc45-bdfb-4343-9004-9be15dfd844c,server/model/players/Client.java,getCombat
12acfc45-bdfb-4343-9004-9be15dfd844c,67487c49-a4b6-45bd-b8bc-0a57fa595dc4,d2c5e59a-4c97-47d3-a826-4aa0e5e50b75,->,12acfc45-bdfb-4343-9004-9be15dfd844c,server/model/players/CombatAssistant.java,resetPlayerAttack
12acfc45-bdfb-4343-9004-9be15dfd844c,67487c49-a4b6-45bd-b8bc-0a57fa595dc4,d2c5e59a-4c97-47d3-a826-4aa0e5e50b75,->,12acfc45-bdfb-4343-9004-9be15dfd844c,server/model/players/Client.java,getCombat
12acfc45-bdfb-4343-9004-9be15dfd844c,67487c49-a4b6-45bd-b8bc-0a57fa595dc4,d2c5e59a-4c97-47d3-a826-4aa0e5e50b75,->,12acfc45-bdfb-4343-9004-9be15dfd844c,server/model/players/CombatAssistant.java,checkReqs
12acfc45-bdfb-4343-9004-9be15dfd844c,67487c49-a4b6-45bd-b8bc-0a57fa595dc4,d2c5e59a-4c97-47d3-a826-4aa0e5e50b75,->,12acfc45-bdfb-4343-9004-9be15dfd844c,server/model/players/Client.java,getPA
12acfc45-bdfb-4343-9004-9be15dfd844c,67487c49-a4b6-45bd-b8bc-0a57fa595dc4,d2c5e59a-4c97-47d3-a826-4aa0e5e50b75,->,12acfc45-bdfb-4343-9004-9be15dfd844c,991eb2a8-284a-4290-ae08-f54cf8834706,7953991a-c478-44db-962f-2aa2177f945d
12acfc45-bdfb-4343-9004-9be15dfd844c,67487c49-a4b6-45bd-b8bc-0a57fa595dc4,d2c5e59a-4c97-47d3-a826-4aa0e5e50b75,->,12acfc45-bdfb-4343-9004-9be15dfd844c,server/model/players/Client.java,getInStream
12acfc45-bdfb-4343-9004-9be15dfd844c,67487c49-a4b6-45bd-b8bc-0a57fa595dc4,d2c5e59a-4c97-47d3-a826-4aa0e5e50b75,->,12acfc45-bdfb-4343-9004-9be15dfd844c,server/util/Stream.java,readSignedWordA
12acfc45-bdfb-4343-9004-9be15dfd844c,67487c49-a4b6-45bd-b8bc-0a57fa595dc4,d2c5e59a-4c97-47d3-a826-4aa0e5e50b75,->,12acfc45-bdfb-4343-9004-9be15dfd844c,server/model/players/Client.java,getInStream
12acfc45-bdfb-4343-9004-9be15dfd844c,67487c49-a4b6-45bd-b8bc-0a57fa595dc4,d2c5e59a-4c97-47d3-a826-4aa0e5e50b75,->,12acfc45-bdfb-4343-9004-9be15dfd844c,server/util/Stream.java,readSignedWordBigEndian
12acfc45-bdfb-4343-9004-9be15dfd844c,67487c49-a4b6-45bd-b8bc-0a57fa595dc4,d2c5e59a-4c97-47d3-a826-4aa0e5e50b75,->,12acfc45-bdfb-4343-9004-9be15dfd844c,server/model/players/Client.java,getCombat
12acfc45-bdfb-4343-9004-9be15dfd844c,67487c49-a4b6-45bd-b8bc-0a57fa595dc4,d2c5e59a-4c97-47d3-a826-4aa0e5e50b75,->,12acfc45-bdfb-4343-9004-9be15dfd844c,server/model/players/CombatAssistant.java,checkReqs
12acfc45-bdfb-4343-9004-9be15dfd844c,67487c49-a4b6-45bd-b8bc-0a57fa595dc4,d2c5e59a-4c97-47d3-a826-4aa0e5e50b75,->,12acfc45-bdfb-4343-9004-9be15dfd844c,server/model/players/Client.java,sendMessage
12acfc45-bdfb-4343-9004-9be15dfd844c,67487c49-a4b6-45bd-b8bc-0a57fa595dc4,d2c5e59a-4c97-47d3-a826-4aa0e5e50b75,->,12acfc45-bdfb-4343-9004-9be15dfd844c,server/model/players/Client.java,sendMessage
12acfc45-bdfb-4343-9004-9be15dfd844c,67487c49-a4b6-45bd-b8bc-0a57fa595dc4,d2c5e59a-4c97-47d3-a826-4aa0e5e50b75,->,12acfc45-bdfb-4343-9004-9be15dfd844c,java/lang/System.java,currentTimeMillis
12acfc45-bdfb-4343-9004-9be15dfd844c,67487c49-a4b6-45bd-b8bc-0a57fa595dc4,d2c5e59a-4c97-47d3-a826-4aa0e5e50b75,->,12acfc45-bdfb-4343-9004-9be15dfd844c,server/model/players/Client.java,sendMessage
12acfc45-bdfb-4343-9004-9be15dfd844c,67487c49-a4b6-45bd-b8bc-0a57fa595dc4,d2c5e59a-4c97-47d3-a826-4aa0e5e50b75,->,12acfc45-bdfb-4343-9004-9be15dfd844c,server/model/players/Client.java,stopMovement
12acfc45-bdfb-4343-9004-9be15dfd844c,67487c49-a4b6-45bd-b8bc-0a57fa595dc4,d2c5e59a-4c97-47d3-a826-4aa0e5e50b75,->,12acfc45-bdfb-4343-9004-9be15dfd844c,server/model/players/Client.java,getCombat
12acfc45-bdfb-4343-9004-9be15dfd844c,67487c49-a4b6-45bd-b8bc-0a57fa595dc4,d2c5e59a-4c97-47d3-a826-4aa0e5e50b75,->,12acfc45-bdfb-4343-9004-9be15dfd844c,server/model/players/CombatAssistant.java,resetPlayerAttack
12acfc45-bdfb-4343-9004-9be15dfd844c,67487c49-a4b6-45bd-b8bc-0a57fa595dc4,d2c5e59a-4c97-47d3-a826-4aa0e5e50b75,->,12acfc45-bdfb-4343-9004-9be15dfd844c,java/lang/System.java,currentTimeMillis
12acfc45-bdfb-4343-9004-9be15dfd844c,67487c49-a4b6-45bd-b8bc-0a57fa595dc4,d2c5e59a-4c97-47d3-a826-4aa0e5e50b75,->,12acfc45-bdfb-4343-9004-9be15dfd844c,server/model/players/Client.java,sendMessage
12acfc45-bdfb-4343-9004-9be15dfd844c,67487c49-a4b6-45bd-b8bc-0a57fa595dc4,d2c5e59a-4c97-47d3-a826-4aa0e5e50b75,->,12acfc45-bdfb-4343-9004-9be15dfd844c,server/model/players/Client.java,stopMovement
12acfc45-bdfb-4343-9004-9be15dfd844c,67487c49-a4b6-45bd-b8bc-0a57fa595dc4,d2c5e59a-4c97-47d3-a826-4aa0e5e50b75,->,12acfc45-bdfb-4343-9004-9be15dfd844c,server/model/players/Client.java,getCombat
12acfc45-bdfb-4343-9004-9be15dfd844c,67487c49-a4b6-45bd-b8bc-0a57fa595dc4,d2c5e59a-4c97-47d3-a826-4aa0e5e50b75,->,12acfc45-bdfb-4343-9004-9be15dfd844c,server/model/players/CombatAssistant.java,resetPlayerAttack
12acfc45-bdfb-4343-9004-9be15dfd844c,67487c49-a4b6-45bd-b8bc-0a57fa595dc4,d2c5e59a-4c97-47d3-a826-4aa0e5e50b75,->,12acfc45-bdfb-4343-9004-9be15dfd844c,server/model/players/Client.java,getX
12acfc45-bdfb-4343-9004-9be15dfd844c,67487c49-a4b6-45bd-b8bc-0a57fa595dc4,d2c5e59a-4c97-47d3-a826-4aa0e5e50b75,->,12acfc45-bdfb-4343-9004-9be15dfd844c,server/model/players/Client.java,getY
12acfc45-bdfb-4343-9004-9be15dfd844c,67487c49-a4b6-45bd-b8bc-0a57fa595dc4,d2c5e59a-4c97-47d3-a826-4aa0e5e50b75,->,12acfc45-bdfb-4343-9004-9be15dfd844c,server/model/players/Player.java,getX
12acfc45-bdfb-4343-9004-9be15dfd844c,67487c49-a4b6-45bd-b8bc-0a57fa595dc4,d2c5e59a-4c97-47d3-a826-4aa0e5e50b75,->,12acfc45-bdfb-4343-9004-9be15dfd844c,server/model/players/Player.java,getY
12acfc45-bdfb-4343-9004-9be15dfd844c,67487c49-a4b6-45bd-b8bc-0a57fa595dc4,d2c5e59a-4c97-47d3-a826-4aa0e5e50b75,->,12acfc45-bdfb-4343-9004-9be15dfd844c,server/model/players/Client.java,goodDistance
12acfc45-bdfb-4343-9004-9be15dfd844c,67487c49-a4b6-45bd-b8bc-0a57fa595dc4,d2c5e59a-4c97-47d3-a826-4aa0e5e50b75,->,12acfc45-bdfb-4343-9004-9be15dfd844c,server/model/players/Client.java,stopMovement
12acfc45-bdfb-4343-9004-9be15dfd844c,67487c49-a4b6-45bd-b8bc-0a57fa595dc4,d2c5e59a-4c97-47d3-a826-4aa0e5e50b75,->,12acfc45-bdfb-4343-9004-9be15dfd844c,server/model/players/Client.java,getCombat
12acfc45-bdfb-4343-9004-9be15dfd844c,67487c49-a4b6-45bd-b8bc-0a57fa595dc4,d2c5e59a-4c97-47d3-a826-4aa0e5e50b75,->,12acfc45-bdfb-4343-9004-9be15dfd844c,server/model/players/CombatAssistant.java,checkReqs
12acfc45-bdfb-4343-9004-9be15dfd844c,239396f5-d576-4655-bfdb-842a763ba2a2,aa3d3289-4a99-4ccd-af3f-840153ae912f,->,12acfc45-bdfb-4343-9004-9be15dfd844c,server/model/players/Client.java,getPA
12acfc45-bdfb-4343-9004-9be15dfd844c,239396f5-d576-4655-bfdb-842a763ba2a2,aa3d3289-4a99-4ccd-af3f-840153ae912f,->,12acfc45-bdfb-4343-9004-9be15dfd844c,991eb2a8-284a-4290-ae08-f54cf8834706,f734ec4c-f6ff-48ef-9a62-43e360d115c7
12acfc45-bdfb-4343-9004-9be15dfd844c,239396f5-d576-4655-bfdb-842a763ba2a2,aa3d3289-4a99-4ccd-af3f-840153ae912f,->,12acfc45-bdfb-4343-9004-9be15dfd844c,server/model/players/Client.java,sendMessage
12acfc45-bdfb-4343-9004-9be15dfd844c,239396f5-d576-4655-bfdb-842a763ba2a2,aa3d3289-4a99-4ccd-af3f-840153ae912f,->,12acfc45-bdfb-4343-9004-9be15dfd844c,server/model/players/Client.java,getInStream
12acfc45-bdfb-4343-9004-9be15dfd844c,239396f5-d576-4655-bfdb-842a763ba2a2,aa3d3289-4a99-4ccd-af3f-840153ae912f,->,12acfc45-bdfb-4343-9004-9be15dfd844c,server/util/Stream.java,readUnsignedWordA
12acfc45-bdfb-4343-9004-9be15dfd844c,239396f5-d576-4655-bfdb-842a763ba2a2,aa3d3289-4a99-4ccd-af3f-840153ae912f,->,12acfc45-bdfb-4343-9004-9be15dfd844c,server/model/players/Client.java,faceUpdate
12acfc45-bdfb-4343-9004-9be15dfd844c,239396f5-d576-4655-bfdb-842a763ba2a2,aa3d3289-4a99-4ccd-af3f-840153ae912f,->,12acfc45-bdfb-4343-9004-9be15dfd844c,server/model/players/Client.java,getX
12acfc45-bdfb-4343-9004-9be15dfd844c,239396f5-d576-4655-bfdb-842a763ba2a2,aa3d3289-4a99-4ccd-af3f-840153ae912f,->,12acfc45-bdfb-4343-9004-9be15dfd844c,server/model/players/Client.java,getY
12acfc45-bdfb-4343-9004-9be15dfd844c,239396f5-d576-4655-bfdb-842a763ba2a2,aa3d3289-4a99-4ccd-af3f-840153ae912f,->,12acfc45-bdfb-4343-9004-9be15dfd844c,5849ef3e-9280-4348-a3c8-451a741eecc1,be4814f2-9691-46f9-8036-ee2d782c6652
12acfc45-bdfb-4343-9004-9be15dfd844c,239396f5-d576-4655-bfdb-842a763ba2a2,aa3d3289-4a99-4ccd-af3f-840153ae912f,->,12acfc45-bdfb-4343-9004-9be15dfd844c,5849ef3e-9280-4348-a3c8-451a741eecc1,06abc11f-87f2-4398-ad11-b60bfae4491e
12acfc45-bdfb-4343-9004-9be15dfd844c,239396f5-d576-4655-bfdb-842a763ba2a2,aa3d3289-4a99-4ccd-af3f-840153ae912f,->,12acfc45-bdfb-4343-9004-9be15dfd844c,server/model/players/Client.java,goodDistance
12acfc45-bdfb-4343-9004-9be15dfd844c,239396f5-d576-4655-bfdb-842a763ba2a2,aa3d3289-4a99-4ccd-af3f-840153ae912f,->,12acfc45-bdfb-4343-9004-9be15dfd844c,server/model/players/Client.java,stopMovement
12acfc45-bdfb-4343-9004-9be15dfd844c,239396f5-d576-4655-bfdb-842a763ba2a2,aa3d3289-4a99-4ccd-af3f-840153ae912f,->,12acfc45-bdfb-4343-9004-9be15dfd844c,server/model/players/Client.java,getX
12acfc45-bdfb-4343-9004-9be15dfd844c,239396f5-d576-4655-bfdb-842a763ba2a2,aa3d3289-4a99-4ccd-af3f-840153ae912f,->,12acfc45-bdfb-4343-9004-9be15dfd844c,server/model/players/Client.java,getY
12acfc45-bdfb-4343-9004-9be15dfd844c,239396f5-d576-4655-bfdb-842a763ba2a2,aa3d3289-4a99-4ccd-af3f-840153ae912f,->,12acfc45-bdfb-4343-9004-9be15dfd844c,5849ef3e-9280-4348-a3c8-451a741eecc1,be4814f2-9691-46f9-8036-ee2d782c6652
12acfc45-bdfb-4343-9004-9be15dfd844c,239396f5-d576-4655-bfdb-842a763ba2a2,aa3d3289-4a99-4ccd-af3f-840153ae912f,->,12acfc45-bdfb-4343-9004-9be15dfd844c,5849ef3e-9280-4348-a3c8-451a741eecc1,06abc11f-87f2-4398-ad11-b60bfae4491e
12acfc45-bdfb-4343-9004-9be15dfd844c,239396f5-d576-4655-bfdb-842a763ba2a2,aa3d3289-4a99-4ccd-af3f-840153ae912f,->,12acfc45-bdfb-4343-9004-9be15dfd844c,server/model/players/Client.java,goodDistance
12acfc45-bdfb-4343-9004-9be15dfd844c,239396f5-d576-4655-bfdb-842a763ba2a2,aa3d3289-4a99-4ccd-af3f-840153ae912f,->,12acfc45-bdfb-4343-9004-9be15dfd844c,server/model/players/Client.java,stopMovement
12acfc45-bdfb-4343-9004-9be15dfd844c,239396f5-d576-4655-bfdb-842a763ba2a2,aa3d3289-4a99-4ccd-af3f-840153ae912f,->,12acfc45-bdfb-4343-9004-9be15dfd844c,server/model/players/Client.java,sendMessage
12acfc45-bdfb-4343-9004-9be15dfd844c,239396f5-d576-4655-bfdb-842a763ba2a2,aa3d3289-4a99-4ccd-af3f-840153ae912f,->,12acfc45-bdfb-4343-9004-9be15dfd844c,server/model/players/Client.java,getCombat
12acfc45-bdfb-4343-9004-9be15dfd844c,239396f5-d576-4655-bfdb-842a763ba2a2,aa3d3289-4a99-4ccd-af3f-840153ae912f,->,12acfc45-bdfb-4343-9004-9be15dfd844c,server/model/players/CombatAssistant.java,correctBowAndArrows
12acfc45-bdfb-4343-9004-9be15dfd844c,239396f5-d576-4655-bfdb-842a763ba2a2,aa3d3289-4a99-4ccd-af3f-840153ae912f,->,12acfc45-bdfb-4343-9004-9be15dfd844c,server/model/players/Client.java,getCombat
12acfc45-bdfb-4343-9004-9be15dfd844c,239396f5-d576-4655-bfdb-842a763ba2a2,aa3d3289-4a99-4ccd-af3f-840153ae912f,->,12acfc45-bdfb-4343-9004-9be15dfd844c,server/model/players/CombatAssistant.java,usingCrystalBow
12acfc45-bdfb-4343-9004-9be15dfd844c,239396f5-d576-4655-bfdb-842a763ba2a2,aa3d3289-4a99-4ccd-af3f-840153ae912f,->,12acfc45-bdfb-4343-9004-9be15dfd844c,java/lang/StringBuilder.java,append
12acfc45-bdfb-4343-9004-9be15dfd844c,239396f5-d576-4655-bfdb-842a763ba2a2,aa3d3289-4a99-4ccd-af3f-840153ae912f,->,12acfc45-bdfb-4343-9004-9be15dfd844c,server/model/players/Client.java,getItems
12acfc45-bdfb-4343-9004-9be15dfd844c,239396f5-d576-4655-bfdb-842a763ba2a2,aa3d3289-4a99-4ccd-af3f-840153ae912f,->,12acfc45-bdfb-4343-9004-9be15dfd844c,server/model/items/ItemAssistant.java,getItemName
12acfc45-bdfb-4343-9004-9be15dfd844c,239396f5-d576-4655-bfdb-842a763ba2a2,aa3d3289-4a99-4ccd-af3f-840153ae912f,->,12acfc45-bdfb-4343-9004-9be15dfd844c,java/lang/String.java,toLowerCase
12acfc45-bdfb-4343-9004-9be15dfd844c,239396f5-d576-4655-bfdb-842a763ba2a2,aa3d3289-4a99-4ccd-af3f-840153ae912f,->,12acfc45-bdfb-4343-9004-9be15dfd844c,java/lang/StringBuilder.java,append
12acfc45-bdfb-4343-9004-9be15dfd844c,239396f5-d576-4655-bfdb-842a763ba2a2,aa3d3289-4a99-4ccd-af3f-840153ae912f,->,12acfc45-bdfb-4343-9004-9be15dfd844c,java/lang/StringBuilder.java,append
12acfc45-bdfb-4343-9004-9be15dfd844c,239396f5-d576-4655-bfdb-842a763ba2a2,aa3d3289-4a99-4ccd-af3f-840153ae912f,->,12acfc45-bdfb-4343-9004-9be15dfd844c,server/model/players/Client.java,getItems
12acfc45-bdfb-4343-9004-9be15dfd844c,239396f5-d576-4655-bfdb-842a763ba2a2,aa3d3289-4a99-4ccd-af3f-840153ae912f,->,12acfc45-bdfb-4343-9004-9be15dfd844c,server/model/items/ItemAssistant.java,getItemName
12acfc45-bdfb-4343-9004-9be15dfd844c,239396f5-d576-4655-bfdb-842a763ba2a2,aa3d3289-4a99-4ccd-af3f-840153ae912f,->,12acfc45-bdfb-4343-9004-9be15dfd844c,java/lang/String.java,toLowerCase
12acfc45-bdfb-4343-9004-9be15dfd844c,239396f5-d576-4655-bfdb-842a763ba2a2,aa3d3289-4a99-4ccd-af3f-840153ae912f,->,12acfc45-bdfb-4343-9004-9be15dfd844c,java/lang/StringBuilder.java,append
12acfc45-bdfb-4343-9004-9be15dfd844c,239396f5-d576-4655-bfdb-842a763ba2a2,aa3d3289-4a99-4ccd-af3f-840153ae912f,->,12acfc45-bdfb-4343-9004-9be15dfd844c,java/lang/StringBuilder.java,append
12acfc45-bdfb-4343-9004-9be15dfd844c,239396f5-d576-4655-bfdb-842a763ba2a2,aa3d3289-4a99-4ccd-af3f-840153ae912f,->,12acfc45-bdfb-4343-9004-9be15dfd844c,java/lang/StringBuilder.java,toString
12acfc45-bdfb-4343-9004-9be15dfd844c,239396f5-d576-4655-bfdb-842a763ba2a2,aa3d3289-4a99-4ccd-af3f-840153ae912f,->,12acfc45-bdfb-4343-9004-9be15dfd844c,server/model/players/Client.java,sendMessage
12acfc45-bdfb-4343-9004-9be15dfd844c,239396f5-d576-4655-bfdb-842a763ba2a2,aa3d3289-4a99-4ccd-af3f-840153ae912f,->,12acfc45-bdfb-4343-9004-9be15dfd844c,server/model/players/Client.java,stopMovement
12acfc45-bdfb-4343-9004-9be15dfd844c,239396f5-d576-4655-bfdb-842a763ba2a2,aa3d3289-4a99-4ccd-af3f-840153ae912f,->,12acfc45-bdfb-4343-9004-9be15dfd844c,server/model/players/Client.java,getCombat
12acfc45-bdfb-4343-9004-9be15dfd844c,239396f5-d576-4655-bfdb-842a763ba2a2,aa3d3289-4a99-4ccd-af3f-840153ae912f,->,12acfc45-bdfb-4343-9004-9be15dfd844c,server/model/players/CombatAssistant.java,resetPlayerAttack
12acfc45-bdfb-4343-9004-9be15dfd844c,239396f5-d576-4655-bfdb-842a763ba2a2,aa3d3289-4a99-4ccd-af3f-840153ae912f,->,12acfc45-bdfb-4343-9004-9be15dfd844c,server/model/players/Client.java,getCombat
12acfc45-bdfb-4343-9004-9be15dfd844c,239396f5-d576-4655-bfdb-842a763ba2a2,aa3d3289-4a99-4ccd-af3f-840153ae912f,->,12acfc45-bdfb-4343-9004-9be15dfd844c,server/model/players/CombatAssistant.java,properBolts
12acfc45-bdfb-4343-9004-9be15dfd844c,239396f5-d576-4655-bfdb-842a763ba2a2,aa3d3289-4a99-4ccd-af3f-840153ae912f,->,12acfc45-bdfb-4343-9004-9be15dfd844c,server/model/players/Client.java,sendMessage
12acfc45-bdfb-4343-9004-9be15dfd844c,239396f5-d576-4655-bfdb-842a763ba2a2,aa3d3289-4a99-4ccd-af3f-840153ae912f,->,12acfc45-bdfb-4343-9004-9be15dfd844c,server/model/players/Client.java,stopMovement
12acfc45-bdfb-4343-9004-9be15dfd844c,239396f5-d576-4655-bfdb-842a763ba2a2,aa3d3289-4a99-4ccd-af3f-840153ae912f,->,12acfc45-bdfb-4343-9004-9be15dfd844c,server/model/players/Client.java,getCombat
12acfc45-bdfb-4343-9004-9be15dfd844c,239396f5-d576-4655-bfdb-842a763ba2a2,aa3d3289-4a99-4ccd-af3f-840153ae912f,->,12acfc45-bdfb-4343-9004-9be15dfd844c,server/model/players/CombatAssistant.java,resetPlayerAttack
12acfc45-bdfb-4343-9004-9be15dfd844c,239396f5-d576-4655-bfdb-842a763ba2a2,aa3d3289-4a99-4ccd-af3f-840153ae912f,->,12acfc45-bdfb-4343-9004-9be15dfd844c,server/model/players/Client.java,getPA
12acfc45-bdfb-4343-9004-9be15dfd844c,239396f5-d576-4655-bfdb-842a763ba2a2,aa3d3289-4a99-4ccd-af3f-840153ae912f,->,12acfc45-bdfb-4343-9004-9be15dfd844c,991eb2a8-284a-4290-ae08-f54cf8834706,f734ec4c-f6ff-48ef-9a62-43e360d115c7
12acfc45-bdfb-4343-9004-9be15dfd844c,239396f5-d576-4655-bfdb-842a763ba2a2,aa3d3289-4a99-4ccd-af3f-840153ae912f,->,12acfc45-bdfb-4343-9004-9be15dfd844c,server/model/players/Client.java,getCombat
12acfc45-bdfb-4343-9004-9be15dfd844c,239396f5-d576-4655-bfdb-842a763ba2a2,aa3d3289-4a99-4ccd-af3f-840153ae912f,->,12acfc45-bdfb-4343-9004-9be15dfd844c,server/model/players/CombatAssistant.java,attackNpc
12acfc45-bdfb-4343-9004-9be15dfd844c,239396f5-d576-4655-bfdb-842a763ba2a2,aa3d3289-4a99-4ccd-af3f-840153ae912f,->,12acfc45-bdfb-4343-9004-9be15dfd844c,server/model/players/Client.java,sendMessage
12acfc45-bdfb-4343-9004-9be15dfd844c,239396f5-d576-4655-bfdb-842a763ba2a2,aa3d3289-4a99-4ccd-af3f-840153ae912f,->,12acfc45-bdfb-4343-9004-9be15dfd844c,server/model/players/Client.java,getInStream
12acfc45-bdfb-4343-9004-9be15dfd844c,239396f5-d576-4655-bfdb-842a763ba2a2,aa3d3289-4a99-4ccd-af3f-840153ae912f,->,12acfc45-bdfb-4343-9004-9be15dfd844c,server/util/Stream.java,readSignedWordBigEndianA
12acfc45-bdfb-4343-9004-9be15dfd844c,239396f5-d576-4655-bfdb-842a763ba2a2,aa3d3289-4a99-4ccd-af3f-840153ae912f,->,12acfc45-bdfb-4343-9004-9be15dfd844c,server/model/players/Client.java,getInStream
12acfc45-bdfb-4343-9004-9be15dfd844c,239396f5-d576-4655-bfdb-842a763ba2a2,aa3d3289-4a99-4ccd-af3f-840153ae912f,->,12acfc45-bdfb-4343-9004-9be15dfd844c,server/util/Stream.java,readSignedWordA
12acfc45-bdfb-4343-9004-9be15dfd844c,239396f5-d576-4655-bfdb-842a763ba2a2,aa3d3289-4a99-4ccd-af3f-840153ae912f,->,12acfc45-bdfb-4343-9004-9be15dfd844c,server/model/players/Client.java,sendMessage
12acfc45-bdfb-4343-9004-9be15dfd844c,239396f5-d576-4655-bfdb-842a763ba2a2,aa3d3289-4a99-4ccd-af3f-840153ae912f,->,12acfc45-bdfb-4343-9004-9be15dfd844c,server/model/players/Client.java,sendMessage
12acfc45-bdfb-4343-9004-9be15dfd844c,239396f5-d576-4655-bfdb-842a763ba2a2,aa3d3289-4a99-4ccd-af3f-840153ae912f,->,12acfc45-bdfb-4343-9004-9be15dfd844c,server/model/players/Client.java,stopMovement
12acfc45-bdfb-4343-9004-9be15dfd844c,239396f5-d576-4655-bfdb-842a763ba2a2,aa3d3289-4a99-4ccd-af3f-840153ae912f,->,12acfc45-bdfb-4343-9004-9be15dfd844c,server/model/players/Client.java,getX
12acfc45-bdfb-4343-9004-9be15dfd844c,239396f5-d576-4655-bfdb-842a763ba2a2,aa3d3289-4a99-4ccd-af3f-840153ae912f,->,12acfc45-bdfb-4343-9004-9be15dfd844c,server/model/players/Client.java,getY
12acfc45-bdfb-4343-9004-9be15dfd844c,239396f5-d576-4655-bfdb-842a763ba2a2,aa3d3289-4a99-4ccd-af3f-840153ae912f,->,12acfc45-bdfb-4343-9004-9be15dfd844c,5849ef3e-9280-4348-a3c8-451a741eecc1,be4814f2-9691-46f9-8036-ee2d782c6652
12acfc45-bdfb-4343-9004-9be15dfd844c,239396f5-d576-4655-bfdb-842a763ba2a2,aa3d3289-4a99-4ccd-af3f-840153ae912f,->,12acfc45-bdfb-4343-9004-9be15dfd844c,5849ef3e-9280-4348-a3c8-451a741eecc1,06abc11f-87f2-4398-ad11-b60bfae4491e
12acfc45-bdfb-4343-9004-9be15dfd844c,239396f5-d576-4655-bfdb-842a763ba2a2,aa3d3289-4a99-4ccd-af3f-840153ae912f,->,12acfc45-bdfb-4343-9004-9be15dfd844c,server/model/players/Client.java,goodDistance
12acfc45-bdfb-4343-9004-9be15dfd844c,239396f5-d576-4655-bfdb-842a763ba2a2,aa3d3289-4a99-4ccd-af3f-840153ae912f,->,12acfc45-bdfb-4343-9004-9be15dfd844c,server/model/players/Client.java,stopMovement
12acfc45-bdfb-4343-9004-9be15dfd844c,239396f5-d576-4655-bfdb-842a763ba2a2,aa3d3289-4a99-4ccd-af3f-840153ae912f,->,12acfc45-bdfb-4343-9004-9be15dfd844c,server/model/players/Client.java,getCombat
12acfc45-bdfb-4343-9004-9be15dfd844c,239396f5-d576-4655-bfdb-842a763ba2a2,aa3d3289-4a99-4ccd-af3f-840153ae912f,->,12acfc45-bdfb-4343-9004-9be15dfd844c,server/model/players/CombatAssistant.java,attackNpc
12acfc45-bdfb-4343-9004-9be15dfd844c,239396f5-d576-4655-bfdb-842a763ba2a2,aa3d3289-4a99-4ccd-af3f-840153ae912f,->,12acfc45-bdfb-4343-9004-9be15dfd844c,server/util/Stream.java,readSignedWordBigEndian
12acfc45-bdfb-4343-9004-9be15dfd844c,239396f5-d576-4655-bfdb-842a763ba2a2,aa3d3289-4a99-4ccd-af3f-840153ae912f,->,12acfc45-bdfb-4343-9004-9be15dfd844c,5849ef3e-9280-4348-a3c8-451a741eecc1,be4814f2-9691-46f9-8036-ee2d782c6652
12acfc45-bdfb-4343-9004-9be15dfd844c,239396f5-d576-4655-bfdb-842a763ba2a2,aa3d3289-4a99-4ccd-af3f-840153ae912f,->,12acfc45-bdfb-4343-9004-9be15dfd844c,5849ef3e-9280-4348-a3c8-451a741eecc1,06abc11f-87f2-4398-ad11-b60bfae4491e
12acfc45-bdfb-4343-9004-9be15dfd844c,239396f5-d576-4655-bfdb-842a763ba2a2,aa3d3289-4a99-4ccd-af3f-840153ae912f,->,12acfc45-bdfb-4343-9004-9be15dfd844c,server/model/players/Client.java,getX
12acfc45-bdfb-4343-9004-9be15dfd844c,239396f5-d576-4655-bfdb-842a763ba2a2,aa3d3289-4a99-4ccd-af3f-840153ae912f,->,12acfc45-bdfb-4343-9004-9be15dfd844c,server/model/players/Client.java,getY
12acfc45-bdfb-4343-9004-9be15dfd844c,239396f5-d576-4655-bfdb-842a763ba2a2,aa3d3289-4a99-4ccd-af3f-840153ae912f,->,12acfc45-bdfb-4343-9004-9be15dfd844c,server/model/players/Client.java,goodDistance
12acfc45-bdfb-4343-9004-9be15dfd844c,239396f5-d576-4655-bfdb-842a763ba2a2,aa3d3289-4a99-4ccd-af3f-840153ae912f,->,12acfc45-bdfb-4343-9004-9be15dfd844c,5849ef3e-9280-4348-a3c8-451a741eecc1,be4814f2-9691-46f9-8036-ee2d782c6652
12acfc45-bdfb-4343-9004-9be15dfd844c,239396f5-d576-4655-bfdb-842a763ba2a2,aa3d3289-4a99-4ccd-af3f-840153ae912f,->,12acfc45-bdfb-4343-9004-9be15dfd844c,5849ef3e-9280-4348-a3c8-451a741eecc1,06abc11f-87f2-4398-ad11-b60bfae4491e
12acfc45-bdfb-4343-9004-9be15dfd844c,239396f5-d576-4655-bfdb-842a763ba2a2,aa3d3289-4a99-4ccd-af3f-840153ae912f,->,12acfc45-bdfb-4343-9004-9be15dfd844c,server/model/players/Client.java,turnPlayerTo
12acfc45-bdfb-4343-9004-9be15dfd844c,239396f5-d576-4655-bfdb-842a763ba2a2,aa3d3289-4a99-4ccd-af3f-840153ae912f,->,12acfc45-bdfb-4343-9004-9be15dfd844c,5849ef3e-9280-4348-a3c8-451a741eecc1,a5f5cfe6-b06c-46be-863e-05e090871096
12acfc45-bdfb-4343-9004-9be15dfd844c,239396f5-d576-4655-bfdb-842a763ba2a2,aa3d3289-4a99-4ccd-af3f-840153ae912f,->,12acfc45-bdfb-4343-9004-9be15dfd844c,server/model/players/Client.java,getActions
12acfc45-bdfb-4343-9004-9be15dfd844c,239396f5-d576-4655-bfdb-842a763ba2a2,aa3d3289-4a99-4ccd-af3f-840153ae912f,->,12acfc45-bdfb-4343-9004-9be15dfd844c,a51e2ff0-4411-41d8-acaa-a730ac40f347,db139400-3802-43d1-96d9-9b15a42be34d
12acfc45-bdfb-4343-9004-9be15dfd844c,239396f5-d576-4655-bfdb-842a763ba2a2,aa3d3289-4a99-4ccd-af3f-840153ae912f,->,12acfc45-bdfb-4343-9004-9be15dfd844c,3ab0cc49-78c3-45ed-a03a-f251199dfbb9,3d27faf4-0319-4d3d-b558-10d40da17fd8
12acfc45-bdfb-4343-9004-9be15dfd844c,239396f5-d576-4655-bfdb-842a763ba2a2,aa3d3289-4a99-4ccd-af3f-840153ae912f,->,12acfc45-bdfb-4343-9004-9be15dfd844c,3ab0cc49-78c3-45ed-a03a-f251199dfbb9,d719c34b-e0d2-473f-8e9a-936cfc6b4522
12acfc45-bdfb-4343-9004-9be15dfd844c,239396f5-d576-4655-bfdb-842a763ba2a2,aa3d3289-4a99-4ccd-af3f-840153ae912f,->,12acfc45-bdfb-4343-9004-9be15dfd844c,server/util/Stream.java,readUnsignedWordBigEndianA
12acfc45-bdfb-4343-9004-9be15dfd844c,239396f5-d576-4655-bfdb-842a763ba2a2,aa3d3289-4a99-4ccd-af3f-840153ae912f,->,12acfc45-bdfb-4343-9004-9be15dfd844c,5849ef3e-9280-4348-a3c8-451a741eecc1,be4814f2-9691-46f9-8036-ee2d782c6652
12acfc45-bdfb-4343-9004-9be15dfd844c,239396f5-d576-4655-bfdb-842a763ba2a2,aa3d3289-4a99-4ccd-af3f-840153ae912f,->,12acfc45-bdfb-4343-9004-9be15dfd844c,5849ef3e-9280-4348-a3c8-451a741eecc1,06abc11f-87f2-4398-ad11-b60bfae4491e
12acfc45-bdfb-4343-9004-9be15dfd844c,239396f5-d576-4655-bfdb-842a763ba2a2,aa3d3289-4a99-4ccd-af3f-840153ae912f,->,12acfc45-bdfb-4343-9004-9be15dfd844c,server/model/players/Client.java,getX
12acfc45-bdfb-4343-9004-9be15dfd844c,239396f5-d576-4655-bfdb-842a763ba2a2,aa3d3289-4a99-4ccd-af3f-840153ae912f,->,12acfc45-bdfb-4343-9004-9be15dfd844c,server/model/players/Client.java,getY
12acfc45-bdfb-4343-9004-9be15dfd844c,239396f5-d576-4655-bfdb-842a763ba2a2,aa3d3289-4a99-4ccd-af3f-840153ae912f,->,12acfc45-bdfb-4343-9004-9be15dfd844c,server/model/players/Client.java,goodDistance
12acfc45-bdfb-4343-9004-9be15dfd844c,239396f5-d576-4655-bfdb-842a763ba2a2,aa3d3289-4a99-4ccd-af3f-840153ae912f,->,12acfc45-bdfb-4343-9004-9be15dfd844c,5849ef3e-9280-4348-a3c8-451a741eecc1,be4814f2-9691-46f9-8036-ee2d782c6652
12acfc45-bdfb-4343-9004-9be15dfd844c,239396f5-d576-4655-bfdb-842a763ba2a2,aa3d3289-4a99-4ccd-af3f-840153ae912f,->,12acfc45-bdfb-4343-9004-9be15dfd844c,5849ef3e-9280-4348-a3c8-451a741eecc1,06abc11f-87f2-4398-ad11-b60bfae4491e
12acfc45-bdfb-4343-9004-9be15dfd844c,239396f5-d576-4655-bfdb-842a763ba2a2,aa3d3289-4a99-4ccd-af3f-840153ae912f,->,12acfc45-bdfb-4343-9004-9be15dfd844c,server/model/players/Client.java,turnPlayerTo
12acfc45-bdfb-4343-9004-9be15dfd844c,239396f5-d576-4655-bfdb-842a763ba2a2,aa3d3289-4a99-4ccd-af3f-840153ae912f,->,12acfc45-bdfb-4343-9004-9be15dfd844c,5849ef3e-9280-4348-a3c8-451a741eecc1,a5f5cfe6-b06c-46be-863e-05e090871096
12acfc45-bdfb-4343-9004-9be15dfd844c,239396f5-d576-4655-bfdb-842a763ba2a2,aa3d3289-4a99-4ccd-af3f-840153ae912f,->,12acfc45-bdfb-4343-9004-9be15dfd844c,server/model/players/Client.java,getActions
12acfc45-bdfb-4343-9004-9be15dfd844c,239396f5-d576-4655-bfdb-842a763ba2a2,aa3d3289-4a99-4ccd-af3f-840153ae912f,->,12acfc45-bdfb-4343-9004-9be15dfd844c,a51e2ff0-4411-41d8-acaa-a730ac40f347,a691275d-fe09-498f-bf95-31f8f072b36c
12acfc45-bdfb-4343-9004-9be15dfd844c,239396f5-d576-4655-bfdb-842a763ba2a2,aa3d3289-4a99-4ccd-af3f-840153ae912f,->,12acfc45-bdfb-4343-9004-9be15dfd844c,3ab0cc49-78c3-45ed-a03a-f251199dfbb9,3d27faf4-0319-4d3d-b558-10d40da17fd8
12acfc45-bdfb-4343-9004-9be15dfd844c,239396f5-d576-4655-bfdb-842a763ba2a2,aa3d3289-4a99-4ccd-af3f-840153ae912f,->,12acfc45-bdfb-4343-9004-9be15dfd844c,3ab0cc49-78c3-45ed-a03a-f251199dfbb9,d719c34b-e0d2-473f-8e9a-936cfc6b4522
12acfc45-bdfb-4343-9004-9be15dfd844c,239396f5-d576-4655-bfdb-842a763ba2a2,aa3d3289-4a99-4ccd-af3f-840153ae912f,->,12acfc45-bdfb-4343-9004-9be15dfd844c,server/util/Stream.java,readSignedWord
12acfc45-bdfb-4343-9004-9be15dfd844c,239396f5-d576-4655-bfdb-842a763ba2a2,aa3d3289-4a99-4ccd-af3f-840153ae912f,->,12acfc45-bdfb-4343-9004-9be15dfd844c,5849ef3e-9280-4348-a3c8-451a741eecc1,be4814f2-9691-46f9-8036-ee2d782c6652
12acfc45-bdfb-4343-9004-9be15dfd844c,239396f5-d576-4655-bfdb-842a763ba2a2,aa3d3289-4a99-4ccd-af3f-840153ae912f,->,12acfc45-bdfb-4343-9004-9be15dfd844c,5849ef3e-9280-4348-a3c8-451a741eecc1,06abc11f-87f2-4398-ad11-b60bfae4491e
12acfc45-bdfb-4343-9004-9be15dfd844c,239396f5-d576-4655-bfdb-842a763ba2a2,aa3d3289-4a99-4ccd-af3f-840153ae912f,->,12acfc45-bdfb-4343-9004-9be15dfd844c,server/model/players/Client.java,getX
12acfc45-bdfb-4343-9004-9be15dfd844c,239396f5-d576-4655-bfdb-842a763ba2a2,aa3d3289-4a99-4ccd-af3f-840153ae912f,->,12acfc45-bdfb-4343-9004-9be15dfd844c,server/model/players/Client.java,getY
12acfc45-bdfb-4343-9004-9be15dfd844c,239396f5-d576-4655-bfdb-842a763ba2a2,aa3d3289-4a99-4ccd-af3f-840153ae912f,->,12acfc45-bdfb-4343-9004-9be15dfd844c,server/model/players/Client.java,goodDistance
12acfc45-bdfb-4343-9004-9be15dfd844c,239396f5-d576-4655-bfdb-842a763ba2a2,aa3d3289-4a99-4ccd-af3f-840153ae912f,->,12acfc45-bdfb-4343-9004-9be15dfd844c,5849ef3e-9280-4348-a3c8-451a741eecc1,be4814f2-9691-46f9-8036-ee2d782c6652
12acfc45-bdfb-4343-9004-9be15dfd844c,239396f5-d576-4655-bfdb-842a763ba2a2,aa3d3289-4a99-4ccd-af3f-840153ae912f,->,12acfc45-bdfb-4343-9004-9be15dfd844c,5849ef3e-9280-4348-a3c8-451a741eecc1,06abc11f-87f2-4398-ad11-b60bfae4491e
12acfc45-bdfb-4343-9004-9be15dfd844c,239396f5-d576-4655-bfdb-842a763ba2a2,aa3d3289-4a99-4ccd-af3f-840153ae912f,->,12acfc45-bdfb-4343-9004-9be15dfd844c,server/model/players/Client.java,turnPlayerTo
12acfc45-bdfb-4343-9004-9be15dfd844c,239396f5-d576-4655-bfdb-842a763ba2a2,aa3d3289-4a99-4ccd-af3f-840153ae912f,->,12acfc45-bdfb-4343-9004-9be15dfd844c,5849ef3e-9280-4348-a3c8-451a741eecc1,a5f5cfe6-b06c-46be-863e-05e090871096
12acfc45-bdfb-4343-9004-9be15dfd844c,239396f5-d576-4655-bfdb-842a763ba2a2,aa3d3289-4a99-4ccd-af3f-840153ae912f,->,12acfc45-bdfb-4343-9004-9be15dfd844c,server/model/players/Client.java,getActions
12acfc45-bdfb-4343-9004-9be15dfd844c,239396f5-d576-4655-bfdb-842a763ba2a2,aa3d3289-4a99-4ccd-af3f-840153ae912f,->,12acfc45-bdfb-4343-9004-9be15dfd844c,a51e2ff0-4411-41d8-acaa-a730ac40f347,e5a5d26f-1359-48db-8b3d-2e41505f674f
12acfc45-bdfb-4343-9004-9be15dfd844c,239396f5-d576-4655-bfdb-842a763ba2a2,aa3d3289-4a99-4ccd-af3f-840153ae912f,->,12acfc45-bdfb-4343-9004-9be15dfd844c,3ab0cc49-78c3-45ed-a03a-f251199dfbb9,3d27faf4-0319-4d3d-b558-10d40da17fd8
12acfc45-bdfb-4343-9004-9be15dfd844c,239396f5-d576-4655-bfdb-842a763ba2a2,aa3d3289-4a99-4ccd-af3f-840153ae912f,->,12acfc45-bdfb-4343-9004-9be15dfd844c,3ab0cc49-78c3-45ed-a03a-f251199dfbb9,d719c34b-e0d2-473f-8e9a-936cfc6b4522
12acfc45-bdfb-4343-9004-9be15dfd844c,server/model/players/packets/ClickObject$1.java,execute,->,12acfc45-bdfb-4343-9004-9be15dfd844c,server/model/players/Client.java,getX
12acfc45-bdfb-4343-9004-9be15dfd844c,server/model/players/packets/ClickObject$1.java,execute,->,12acfc45-bdfb-4343-9004-9be15dfd844c,server/model/players/Client.java,getY
12acfc45-bdfb-4343-9004-9be15dfd844c,server/model/players/packets/ClickObject$1.java,execute,->,12acfc45-bdfb-4343-9004-9be15dfd844c,server/model/players/Client.java,goodDistance
12acfc45-bdfb-4343-9004-9be15dfd844c,server/model/players/packets/ClickObject$1.java,execute,->,12acfc45-bdfb-4343-9004-9be15dfd844c,server/model/players/Client.java,getActions
12acfc45-bdfb-4343-9004-9be15dfd844c,server/model/players/packets/ClickObject$1.java,execute,->,12acfc45-bdfb-4343-9004-9be15dfd844c,a51e2ff0-4411-41d8-acaa-a730ac40f347,a48dbfd1-4869-4d60-9429-713e4684d0eb
12acfc45-bdfb-4343-9004-9be15dfd844c,server/model/players/packets/ClickObject$1.java,execute,->,12acfc45-bdfb-4343-9004-9be15dfd844c,6dd0c5db-72ba-4498-883f-a3c8c3333519,2c14e4eb-2b3e-4056-bf8e-5218f96f0ad5
12acfc45-bdfb-4343-9004-9be15dfd844c,server/model/players/packets/ClickObject$1.java,execute,->,12acfc45-bdfb-4343-9004-9be15dfd844c,6dd0c5db-72ba-4498-883f-a3c8c3333519,2c14e4eb-2b3e-4056-bf8e-5218f96f0ad5
12acfc45-bdfb-4343-9004-9be15dfd844c,603c9722-5294-4d3c-bf87-4ab04697b309,2c7ba7ba-858d-42c7-b55c-463c5de929fe,->,12acfc45-bdfb-4343-9004-9be15dfd844c,server/model/players/Client.java,getInStream
12acfc45-bdfb-4343-9004-9be15dfd844c,603c9722-5294-4d3c-bf87-4ab04697b309,2c7ba7ba-858d-42c7-b55c-463c5de929fe,->,12acfc45-bdfb-4343-9004-9be15dfd844c,server/util/Stream.java,readSignedWordBigEndian
12acfc45-bdfb-4343-9004-9be15dfd844c,603c9722-5294-4d3c-bf87-4ab04697b309,2c7ba7ba-858d-42c7-b55c-463c5de929fe,->,12acfc45-bdfb-4343-9004-9be15dfd844c,server/model/players/Client.java,getInStream
12acfc45-bdfb-4343-9004-9be15dfd844c,603c9722-5294-4d3c-bf87-4ab04697b309,2c7ba7ba-858d-42c7-b55c-463c5de929fe,->,12acfc45-bdfb-4343-9004-9be15dfd844c,server/util/Stream.java,readUnsignedWordA
12acfc45-bdfb-4343-9004-9be15dfd844c,603c9722-5294-4d3c-bf87-4ab04697b309,2c7ba7ba-858d-42c7-b55c-463c5de929fe,->,12acfc45-bdfb-4343-9004-9be15dfd844c,server/model/players/Client.java,getInStream
12acfc45-bdfb-4343-9004-9be15dfd844c,603c9722-5294-4d3c-bf87-4ab04697b309,2c7ba7ba-858d-42c7-b55c-463c5de929fe,->,12acfc45-bdfb-4343-9004-9be15dfd844c,server/util/Stream.java,readSignedWordBigEndian
12acfc45-bdfb-4343-9004-9be15dfd844c,603c9722-5294-4d3c-bf87-4ab04697b309,2c7ba7ba-858d-42c7-b55c-463c5de929fe,->,12acfc45-bdfb-4343-9004-9be15dfd844c,server/model/players/Client.java,getShops
12acfc45-bdfb-4343-9004-9be15dfd844c,603c9722-5294-4d3c-bf87-4ab04697b309,2c7ba7ba-858d-42c7-b55c-463c5de929fe,->,12acfc45-bdfb-4343-9004-9be15dfd844c,server/model/shops/ShopAssistant.java,buyItem
12acfc45-bdfb-4343-9004-9be15dfd844c,603c9722-5294-4d3c-bf87-4ab04697b309,2c7ba7ba-858d-42c7-b55c-463c5de929fe,->,12acfc45-bdfb-4343-9004-9be15dfd844c,server/model/players/Client.java,getOutStream
12acfc45-bdfb-4343-9004-9be15dfd844c,603c9722-5294-4d3c-bf87-4ab04697b309,2c7ba7ba-858d-42c7-b55c-463c5de929fe,->,12acfc45-bdfb-4343-9004-9be15dfd844c,server/util/Stream.java,createFrame
12acfc45-bdfb-4343-9004-9be15dfd844c,server/model/players/packets/Walking.java,processPacket,->,12acfc45-bdfb-4343-9004-9be15dfd844c,server/model/players/Client.java,getAgility
12acfc45-bdfb-4343-9004-9be15dfd844c,server/model/players/packets/Walking.java,processPacket,->,12acfc45-bdfb-4343-9004-9be15dfd844c,server/model/players/Client.java,getDH
12acfc45-bdfb-4343-9004-9be15dfd844c,server/model/players/packets/Walking.java,processPacket,->,12acfc45-bdfb-4343-9004-9be15dfd844c,5419d182-c704-4099-be43-be6d27b13974,1ed32f44-0391-413d-9721-7a5bd2e25693
12acfc45-bdfb-4343-9004-9be15dfd844c,server/model/players/packets/Walking.java,processPacket,->,12acfc45-bdfb-4343-9004-9be15dfd844c,server/model/players/Client.java,sendMessage
12acfc45-bdfb-4343-9004-9be15dfd844c,server/model/players/packets/Walking.java,processPacket,->,12acfc45-bdfb-4343-9004-9be15dfd844c,server/model/players/Client.java,sendMessage
12acfc45-bdfb-4343-9004-9be15dfd844c,server/model/players/packets/Walking.java,processPacket,->,12acfc45-bdfb-4343-9004-9be15dfd844c,server/model/players/Client.java,getTradeAndDuel
12acfc45-bdfb-4343-9004-9be15dfd844c,server/model/players/packets/Walking.java,processPacket,->,12acfc45-bdfb-4343-9004-9be15dfd844c,server/model/players/TradeAndDuel.java,declineTrade
12acfc45-bdfb-4343-9004-9be15dfd844c,server/model/players/packets/Walking.java,processPacket,->,12acfc45-bdfb-4343-9004-9be15dfd844c,server/model/players/Client.java,faceUpdate
12acfc45-bdfb-4343-9004-9be15dfd844c,server/model/players/packets/Walking.java,processPacket,->,12acfc45-bdfb-4343-9004-9be15dfd844c,server/model/players/Client.java,getPA
12acfc45-bdfb-4343-9004-9be15dfd844c,server/model/players/packets/Walking.java,processPacket,->,12acfc45-bdfb-4343-9004-9be15dfd844c,991eb2a8-284a-4290-ae08-f54cf8834706,f734ec4c-f6ff-48ef-9a62-43e360d115c7
12acfc45-bdfb-4343-9004-9be15dfd844c,server/model/players/packets/Walking.java,processPacket,->,12acfc45-bdfb-4343-9004-9be15dfd844c,server/model/players/Client.java,getPA
12acfc45-bdfb-4343-9004-9be15dfd844c,server/model/players/packets/Walking.java,processPacket,->,12acfc45-bdfb-4343-9004-9be15dfd844c,991eb2a8-284a-4290-ae08-f54cf8834706,3666955d-52b4-495d-880c-318d6383a5bb
12acfc45-bdfb-4343-9004-9be15dfd844c,server/model/players/packets/Walking.java,processPacket,->,12acfc45-bdfb-4343-9004-9be15dfd844c,server/model/players/Client.java,getX
12acfc45-bdfb-4343-9004-9be15dfd844c,server/model/players/packets/Walking.java,processPacket,->,12acfc45-bdfb-4343-9004-9be15dfd844c,server/model/players/Client.java,getY
12acfc45-bdfb-4343-9004-9be15dfd844c,server/model/players/packets/Walking.java,processPacket,->,12acfc45-bdfb-4343-9004-9be15dfd844c,server/model/players/Player.java,getX
12acfc45-bdfb-4343-9004-9be15dfd844c,server/model/players/packets/Walking.java,processPacket,->,12acfc45-bdfb-4343-9004-9be15dfd844c,server/model/players/Player.java,getY
12acfc45-bdfb-4343-9004-9be15dfd844c,server/model/players/packets/Walking.java,processPacket,->,12acfc45-bdfb-4343-9004-9be15dfd844c,server/model/players/Client.java,goodDistance
12acfc45-bdfb-4343-9004-9be15dfd844c,server/model/players/packets/Walking.java,processPacket,->,12acfc45-bdfb-4343-9004-9be15dfd844c,server/model/players/Client.java,sendMessage
12acfc45-bdfb-4343-9004-9be15dfd844c,server/model/players/packets/Walking.java,processPacket,->,12acfc45-bdfb-4343-9004-9be15dfd844c,server/model/players/skills/SkillHandler.java,resetPlayerSkillVariables
12acfc45-bdfb-4343-9004-9be15dfd844c,server/model/players/packets/Walking.java,processPacket,->,12acfc45-bdfb-4343-9004-9be15dfd844c,server/model/players/Client.java,getX
12acfc45-bdfb-4343-9004-9be15dfd844c,server/model/players/packets/Walking.java,processPacket,->,12acfc45-bdfb-4343-9004-9be15dfd844c,server/model/players/Client.java,getY
12acfc45-bdfb-4343-9004-9be15dfd844c,server/model/players/packets/Walking.java,processPacket,->,12acfc45-bdfb-4343-9004-9be15dfd844c,server/model/players/Player.java,getX
12acfc45-bdfb-4343-9004-9be15dfd844c,server/model/players/packets/Walking.java,processPacket,->,12acfc45-bdfb-4343-9004-9be15dfd844c,server/model/players/Player.java,getY
12acfc45-bdfb-4343-9004-9be15dfd844c,server/model/players/packets/Walking.java,processPacket,->,12acfc45-bdfb-4343-9004-9be15dfd844c,server/model/players/Client.java,goodDistance
12acfc45-bdfb-4343-9004-9be15dfd844c,server/model/players/packets/Walking.java,processPacket,->,12acfc45-bdfb-4343-9004-9be15dfd844c,server/model/players/Client.java,sendMessage
12acfc45-bdfb-4343-9004-9be15dfd844c,server/model/players/packets/Walking.java,processPacket,->,12acfc45-bdfb-4343-9004-9be15dfd844c,java/lang/System.java,currentTimeMillis
12acfc45-bdfb-4343-9004-9be15dfd844c,server/model/players/packets/Walking.java,processPacket,->,12acfc45-bdfb-4343-9004-9be15dfd844c,server/model/players/Client.java,sendMessage
12acfc45-bdfb-4343-9004-9be15dfd844c,server/model/players/packets/Walking.java,processPacket,->,12acfc45-bdfb-4343-9004-9be15dfd844c,server/model/players/Client.java,getTradeAndDuel
12acfc45-bdfb-4343-9004-9be15dfd844c,server/model/players/packets/Walking.java,processPacket,->,12acfc45-bdfb-4343-9004-9be15dfd844c,server/model/players/TradeAndDuel.java,claimStakedItems
12acfc45-bdfb-4343-9004-9be15dfd844c,server/model/players/packets/Walking.java,processPacket,->,12acfc45-bdfb-4343-9004-9be15dfd844c,server/model/players/Client.java,getTradeAndDuel
12acfc45-bdfb-4343-9004-9be15dfd844c,server/model/players/packets/Walking.java,processPacket,->,12acfc45-bdfb-4343-9004-9be15dfd844c,server/model/players/TradeAndDuel.java,declineDuel
12acfc45-bdfb-4343-9004-9be15dfd844c,server/model/players/packets/Walking.java,processPacket,->,12acfc45-bdfb-4343-9004-9be15dfd844c,server/model/players/Client.java,getTradeAndDuel
12acfc45-bdfb-4343-9004-9be15dfd844c,server/model/players/packets/Walking.java,processPacket,->,12acfc45-bdfb-4343-9004-9be15dfd844c,server/model/players/TradeAndDuel.java,declineDuel
12acfc45-bdfb-4343-9004-9be15dfd844c,server/model/players/packets/Walking.java,processPacket,->,12acfc45-bdfb-4343-9004-9be15dfd844c,java/lang/Object.java,getClass
12acfc45-bdfb-4343-9004-9be15dfd844c,server/model/players/packets/Walking.java,processPacket,->,12acfc45-bdfb-4343-9004-9be15dfd844c,server/model/players/Client.java,getNewWalkCmdX
12acfc45-bdfb-4343-9004-9be15dfd844c,server/model/players/packets/Walking.java,processPacket,->,12acfc45-bdfb-4343-9004-9be15dfd844c,server/model/players/Client.java,getNewWalkCmdY
12acfc45-bdfb-4343-9004-9be15dfd844c,server/model/players/packets/Walking.java,processPacket,->,12acfc45-bdfb-4343-9004-9be15dfd844c,server/model/players/Client.java,getInStream
12acfc45-bdfb-4343-9004-9be15dfd844c,server/model/players/packets/Walking.java,processPacket,->,12acfc45-bdfb-4343-9004-9be15dfd844c,server/util/Stream.java,readSignedWordBigEndianA
12acfc45-bdfb-4343-9004-9be15dfd844c,server/model/players/packets/Walking.java,processPacket,->,12acfc45-bdfb-4343-9004-9be15dfd844c,server/model/players/Client.java,getMapRegionX
12acfc45-bdfb-4343-9004-9be15dfd844c,server/model/players/packets/Walking.java,processPacket,->,12acfc45-bdfb-4343-9004-9be15dfd844c,server/model/players/Client.java,getNewWalkCmdX
12acfc45-bdfb-4343-9004-9be15dfd844c,server/model/players/packets/Walking.java,processPacket,->,12acfc45-bdfb-4343-9004-9be15dfd844c,server/model/players/Client.java,getInStream
12acfc45-bdfb-4343-9004-9be15dfd844c,server/model/players/packets/Walking.java,processPacket,->,12acfc45-bdfb-4343-9004-9be15dfd844c,server/util/Stream.java,readSignedByte
12acfc45-bdfb-4343-9004-9be15dfd844c,server/model/players/packets/Walking.java,processPacket,->,12acfc45-bdfb-4343-9004-9be15dfd844c,server/model/players/Client.java,getNewWalkCmdY
12acfc45-bdfb-4343-9004-9be15dfd844c,server/model/players/packets/Walking.java,processPacket,->,12acfc45-bdfb-4343-9004-9be15dfd844c,server/model/players/Client.java,getInStream
12acfc45-bdfb-4343-9004-9be15dfd844c,server/model/players/packets/Walking.java,processPacket,->,12acfc45-bdfb-4343-9004-9be15dfd844c,server/util/Stream.java,readSignedByte
12acfc45-bdfb-4343-9004-9be15dfd844c,server/model/players/packets/Walking.java,processPacket,->,12acfc45-bdfb-4343-9004-9be15dfd844c,server/model/players/Client.java,getInStream
12acfc45-bdfb-4343-9004-9be15dfd844c,server/model/players/packets/Walking.java,processPacket,->,12acfc45-bdfb-4343-9004-9be15dfd844c,server/util/Stream.java,readSignedWordBigEndian
12acfc45-bdfb-4343-9004-9be15dfd844c,server/model/players/packets/Walking.java,processPacket,->,12acfc45-bdfb-4343-9004-9be15dfd844c,server/model/players/Client.java,getMapRegionY
12acfc45-bdfb-4343-9004-9be15dfd844c,server/model/players/packets/Walking.java,processPacket,->,12acfc45-bdfb-4343-9004-9be15dfd844c,server/model/players/Client.java,getInStream
12acfc45-bdfb-4343-9004-9be15dfd844c,server/model/players/packets/Walking.java,processPacket,->,12acfc45-bdfb-4343-9004-9be15dfd844c,server/util/Stream.java,readSignedByteC
12acfc45-bdfb-4343-9004-9be15dfd844c,server/model/players/packets/Walking.java,processPacket,->,12acfc45-bdfb-4343-9004-9be15dfd844c,server/model/players/Client.java,setNewWalkCmdIsRunning
12acfc45-bdfb-4343-9004-9be15dfd844c,server/model/players/packets/Walking.java,processPacket,->,12acfc45-bdfb-4343-9004-9be15dfd844c,server/model/players/Client.java,getNewWalkCmdX
12acfc45-bdfb-4343-9004-9be15dfd844c,server/model/players/packets/Walking.java,processPacket,->,12acfc45-bdfb-4343-9004-9be15dfd844c,server/model/players/Client.java,getNewWalkCmdY
12acfc45-bdfb-4343-9004-9be15dfd844c,server/model/players/packets/ClickNPC$3.java,execute,->,12acfc45-bdfb-4343-9004-9be15dfd844c,server/model/players/Client.java,getX
12acfc45-bdfb-4343-9004-9be15dfd844c,server/model/players/packets/ClickNPC$3.java,execute,->,12acfc45-bdfb-4343-9004-9be15dfd844c,server/model/players/Client.java,getY
12acfc45-bdfb-4343-9004-9be15dfd844c,server/model/players/packets/ClickNPC$3.java,execute,->,12acfc45-bdfb-4343-9004-9be15dfd844c,5849ef3e-9280-4348-a3c8-451a741eecc1,be4814f2-9691-46f9-8036-ee2d782c6652
12acfc45-bdfb-4343-9004-9be15dfd844c,server/model/players/packets/ClickNPC$3.java,execute,->,12acfc45-bdfb-4343-9004-9be15dfd844c,5849ef3e-9280-4348-a3c8-451a741eecc1,06abc11f-87f2-4398-ad11-b60bfae4491e
12acfc45-bdfb-4343-9004-9be15dfd844c,server/model/players/packets/ClickNPC$3.java,execute,->,12acfc45-bdfb-4343-9004-9be15dfd844c,server/model/players/Client.java,goodDistance
12acfc45-bdfb-4343-9004-9be15dfd844c,server/model/players/packets/ClickNPC$3.java,execute,->,12acfc45-bdfb-4343-9004-9be15dfd844c,5849ef3e-9280-4348-a3c8-451a741eecc1,be4814f2-9691-46f9-8036-ee2d782c6652
12acfc45-bdfb-4343-9004-9be15dfd844c,server/model/players/packets/ClickNPC$3.java,execute,->,12acfc45-bdfb-4343-9004-9be15dfd844c,5849ef3e-9280-4348-a3c8-451a741eecc1,06abc11f-87f2-4398-ad11-b60bfae4491e
12acfc45-bdfb-4343-9004-9be15dfd844c,server/model/players/packets/ClickNPC$3.java,execute,->,12acfc45-bdfb-4343-9004-9be15dfd844c,server/model/players/Client.java,turnPlayerTo
12acfc45-bdfb-4343-9004-9be15dfd844c,server/model/players/packets/ClickNPC$3.java,execute,->,12acfc45-bdfb-4343-9004-9be15dfd844c,5849ef3e-9280-4348-a3c8-451a741eecc1,a5f5cfe6-b06c-46be-863e-05e090871096
12acfc45-bdfb-4343-9004-9be15dfd844c,server/model/players/packets/ClickNPC$3.java,execute,->,12acfc45-bdfb-4343-9004-9be15dfd844c,server/model/players/Client.java,getActions
12acfc45-bdfb-4343-9004-9be15dfd844c,server/model/players/packets/ClickNPC$3.java,execute,->,12acfc45-bdfb-4343-9004-9be15dfd844c,a51e2ff0-4411-41d8-acaa-a730ac40f347,e5a5d26f-1359-48db-8b3d-2e41505f674f
12acfc45-bdfb-4343-9004-9be15dfd844c,server/model/players/packets/ClickNPC$3.java,execute,->,12acfc45-bdfb-4343-9004-9be15dfd844c,6dd0c5db-72ba-4498-883f-a3c8c3333519,2c14e4eb-2b3e-4056-bf8e-5218f96f0ad5
12acfc45-bdfb-4343-9004-9be15dfd844c,server/model/players/packets/ClickNPC$3.java,execute,->,12acfc45-bdfb-4343-9004-9be15dfd844c,6dd0c5db-72ba-4498-883f-a3c8c3333519,2c14e4eb-2b3e-4056-bf8e-5218f96f0ad5
12acfc45-bdfb-4343-9004-9be15dfd844c,server/model/players/PathFinder.java,findRoute,->,12acfc45-bdfb-4343-9004-9be15dfd844c,server/model/players/Client.java,getLocalX
12acfc45-bdfb-4343-9004-9be15dfd844c,server/model/players/PathFinder.java,findRoute,->,12acfc45-bdfb-4343-9004-9be15dfd844c,server/model/players/Client.java,getLocalY
12acfc45-bdfb-4343-9004-9be15dfd844c,server/model/players/PathFinder.java,findRoute,->,12acfc45-bdfb-4343-9004-9be15dfd844c,server/model/players/Client.java,sendMessage
12acfc45-bdfb-4343-9004-9be15dfd844c,server/model/players/PathFinder.java,findRoute,->,12acfc45-bdfb-4343-9004-9be15dfd844c,server/model/players/Client.java,getMapRegionX
12acfc45-bdfb-4343-9004-9be15dfd844c,server/model/players/PathFinder.java,findRoute,->,12acfc45-bdfb-4343-9004-9be15dfd844c,server/model/players/Client.java,getMapRegionY
12acfc45-bdfb-4343-9004-9be15dfd844c,server/model/players/PathFinder.java,findRoute,->,12acfc45-bdfb-4343-9004-9be15dfd844c,server/model/players/Client.java,getLocalX
12acfc45-bdfb-4343-9004-9be15dfd844c,server/model/players/PathFinder.java,findRoute,->,12acfc45-bdfb-4343-9004-9be15dfd844c,server/model/players/Client.java,getLocalY
12acfc45-bdfb-4343-9004-9be15dfd844c,server/model/players/PathFinder.java,findRoute,->,12acfc45-bdfb-4343-9004-9be15dfd844c,java/lang/Integer.java,valueOf
12acfc45-bdfb-4343-9004-9be15dfd844c,server/model/players/PathFinder.java,findRoute,->,12acfc45-bdfb-4343-9004-9be15dfd844c,java/util/LinkedList.java,add
12acfc45-bdfb-4343-9004-9be15dfd844c,server/model/players/PathFinder.java,findRoute,->,12acfc45-bdfb-4343-9004-9be15dfd844c,java/lang/Integer.java,valueOf
12acfc45-bdfb-4343-9004-9be15dfd844c,server/model/players/PathFinder.java,findRoute,->,12acfc45-bdfb-4343-9004-9be15dfd844c,java/util/LinkedList.java,add
12acfc45-bdfb-4343-9004-9be15dfd844c,server/model/players/PathFinder.java,findRoute,->,12acfc45-bdfb-4343-9004-9be15dfd844c,java/util/LinkedList.java,size
12acfc45-bdfb-4343-9004-9be15dfd844c,server/model/players/PathFinder.java,findRoute,->,12acfc45-bdfb-4343-9004-9be15dfd844c,java/util/LinkedList.java,size
12acfc45-bdfb-4343-9004-9be15dfd844c,server/model/players/PathFinder.java,findRoute,->,12acfc45-bdfb-4343-9004-9be15dfd844c,java/util/LinkedList.java,get
12acfc45-bdfb-4343-9004-9be15dfd844c,server/model/players/PathFinder.java,findRoute,->,12acfc45-bdfb-4343-9004-9be15dfd844c,java/lang/Integer.java,intValue
12acfc45-bdfb-4343-9004-9be15dfd844c,server/model/players/PathFinder.java,findRoute,->,12acfc45-bdfb-4343-9004-9be15dfd844c,java/util/LinkedList.java,get
12acfc45-bdfb-4343-9004-9be15dfd844c,server/model/players/PathFinder.java,findRoute,->,12acfc45-bdfb-4343-9004-9be15dfd844c,java/lang/Integer.java,intValue
12acfc45-bdfb-4343-9004-9be15dfd844c,server/model/players/PathFinder.java,findRoute,->,12acfc45-bdfb-4343-9004-9be15dfd844c,server/model/players/Client.java,getMapRegionX
12acfc45-bdfb-4343-9004-9be15dfd844c,server/model/players/PathFinder.java,findRoute,->,12acfc45-bdfb-4343-9004-9be15dfd844c,server/model/players/Client.java,getMapRegionY
12acfc45-bdfb-4343-9004-9be15dfd844c,server/model/players/PathFinder.java,findRoute,->,12acfc45-bdfb-4343-9004-9be15dfd844c,17f46bba-a2e0-4476-b0d2-93ed7a181ff6,d3c30432-c14c-4d32-b3fa-4a91e8ae111a
12acfc45-bdfb-4343-9004-9be15dfd844c,server/model/players/PathFinder.java,findRoute,->,12acfc45-bdfb-4343-9004-9be15dfd844c,java/lang/Integer.java,valueOf
12acfc45-bdfb-4343-9004-9be15dfd844c,server/model/players/PathFinder.java,findRoute,->,12acfc45-bdfb-4343-9004-9be15dfd844c,java/util/LinkedList.java,add
12acfc45-bdfb-4343-9004-9be15dfd844c,server/model/players/PathFinder.java,findRoute,->,12acfc45-bdfb-4343-9004-9be15dfd844c,java/lang/Integer.java,valueOf
12acfc45-bdfb-4343-9004-9be15dfd844c,server/model/players/PathFinder.java,findRoute,->,12acfc45-bdfb-4343-9004-9be15dfd844c,java/util/LinkedList.java,add
12acfc45-bdfb-4343-9004-9be15dfd844c,server/model/players/PathFinder.java,findRoute,->,12acfc45-bdfb-4343-9004-9be15dfd844c,17f46bba-a2e0-4476-b0d2-93ed7a181ff6,d3c30432-c14c-4d32-b3fa-4a91e8ae111a
12acfc45-bdfb-4343-9004-9be15dfd844c,server/model/players/PathFinder.java,findRoute,->,12acfc45-bdfb-4343-9004-9be15dfd844c,java/lang/Integer.java,valueOf
12acfc45-bdfb-4343-9004-9be15dfd844c,server/model/players/PathFinder.java,findRoute,->,12acfc45-bdfb-4343-9004-9be15dfd844c,java/util/LinkedList.java,add
12acfc45-bdfb-4343-9004-9be15dfd844c,server/model/players/PathFinder.java,findRoute,->,12acfc45-bdfb-4343-9004-9be15dfd844c,java/lang/Integer.java,valueOf
12acfc45-bdfb-4343-9004-9be15dfd844c,server/model/players/PathFinder.java,findRoute,->,12acfc45-bdfb-4343-9004-9be15dfd844c,java/util/LinkedList.java,add
12acfc45-bdfb-4343-9004-9be15dfd844c,server/model/players/PathFinder.java,findRoute,->,12acfc45-bdfb-4343-9004-9be15dfd844c,17f46bba-a2e0-4476-b0d2-93ed7a181ff6,d3c30432-c14c-4d32-b3fa-4a91e8ae111a
12acfc45-bdfb-4343-9004-9be15dfd844c,server/model/players/PathFinder.java,findRoute,->,12acfc45-bdfb-4343-9004-9be15dfd844c,java/lang/Integer.java,valueOf
12acfc45-bdfb-4343-9004-9be15dfd844c,server/model/players/PathFinder.java,findRoute,->,12acfc45-bdfb-4343-9004-9be15dfd844c,java/util/LinkedList.java,add
12acfc45-bdfb-4343-9004-9be15dfd844c,server/model/players/PathFinder.java,findRoute,->,12acfc45-bdfb-4343-9004-9be15dfd844c,java/lang/Integer.java,valueOf
12acfc45-bdfb-4343-9004-9be15dfd844c,server/model/players/PathFinder.java,findRoute,->,12acfc45-bdfb-4343-9004-9be15dfd844c,java/util/LinkedList.java,add
12acfc45-bdfb-4343-9004-9be15dfd844c,server/model/players/PathFinder.java,findRoute,->,12acfc45-bdfb-4343-9004-9be15dfd844c,17f46bba-a2e0-4476-b0d2-93ed7a181ff6,d3c30432-c14c-4d32-b3fa-4a91e8ae111a
12acfc45-bdfb-4343-9004-9be15dfd844c,server/model/players/PathFinder.java,findRoute,->,12acfc45-bdfb-4343-9004-9be15dfd844c,java/lang/Integer.java,valueOf
12acfc45-bdfb-4343-9004-9be15dfd844c,server/model/players/PathFinder.java,findRoute,->,12acfc45-bdfb-4343-9004-9be15dfd844c,java/util/LinkedList.java,add
12acfc45-bdfb-4343-9004-9be15dfd844c,server/model/players/PathFinder.java,findRoute,->,12acfc45-bdfb-4343-9004-9be15dfd844c,java/lang/Integer.java,valueOf
12acfc45-bdfb-4343-9004-9be15dfd844c,server/model/players/PathFinder.java,findRoute,->,12acfc45-bdfb-4343-9004-9be15dfd844c,java/util/LinkedList.java,add
12acfc45-bdfb-4343-9004-9be15dfd844c,server/model/players/PathFinder.java,findRoute,->,12acfc45-bdfb-4343-9004-9be15dfd844c,17f46bba-a2e0-4476-b0d2-93ed7a181ff6,d3c30432-c14c-4d32-b3fa-4a91e8ae111a
12acfc45-bdfb-4343-9004-9be15dfd844c,server/model/players/PathFinder.java,findRoute,->,12acfc45-bdfb-4343-9004-9be15dfd844c,17f46bba-a2e0-4476-b0d2-93ed7a181ff6,d3c30432-c14c-4d32-b3fa-4a91e8ae111a
12acfc45-bdfb-4343-9004-9be15dfd844c,server/model/players/PathFinder.java,findRoute,->,12acfc45-bdfb-4343-9004-9be15dfd844c,17f46bba-a2e0-4476-b0d2-93ed7a181ff6,d3c30432-c14c-4d32-b3fa-4a91e8ae111a
12acfc45-bdfb-4343-9004-9be15dfd844c,server/model/players/PathFinder.java,findRoute,->,12acfc45-bdfb-4343-9004-9be15dfd844c,java/lang/Integer.java,valueOf
12acfc45-bdfb-4343-9004-9be15dfd844c,server/model/players/PathFinder.java,findRoute,->,12acfc45-bdfb-4343-9004-9be15dfd844c,java/util/LinkedList.java,add
12acfc45-bdfb-4343-9004-9be15dfd844c,server/model/players/PathFinder.java,findRoute,->,12acfc45-bdfb-4343-9004-9be15dfd844c,java/lang/Integer.java,valueOf
12acfc45-bdfb-4343-9004-9be15dfd844c,server/model/players/PathFinder.java,findRoute,->,12acfc45-bdfb-4343-9004-9be15dfd844c,java/util/LinkedList.java,add
12acfc45-bdfb-4343-9004-9be15dfd844c,server/model/players/PathFinder.java,findRoute,->,12acfc45-bdfb-4343-9004-9be15dfd844c,17f46bba-a2e0-4476-b0d2-93ed7a181ff6,d3c30432-c14c-4d32-b3fa-4a91e8ae111a
12acfc45-bdfb-4343-9004-9be15dfd844c,server/model/players/PathFinder.java,findRoute,->,12acfc45-bdfb-4343-9004-9be15dfd844c,17f46bba-a2e0-4476-b0d2-93ed7a181ff6,d3c30432-c14c-4d32-b3fa-4a91e8ae111a
12acfc45-bdfb-4343-9004-9be15dfd844c,server/model/players/PathFinder.java,findRoute,->,12acfc45-bdfb-4343-9004-9be15dfd844c,17f46bba-a2e0-4476-b0d2-93ed7a181ff6,d3c30432-c14c-4d32-b3fa-4a91e8ae111a
12acfc45-bdfb-4343-9004-9be15dfd844c,server/model/players/PathFinder.java,findRoute,->,12acfc45-bdfb-4343-9004-9be15dfd844c,java/lang/Integer.java,valueOf
12acfc45-bdfb-4343-9004-9be15dfd844c,server/model/players/PathFinder.java,findRoute,->,12acfc45-bdfb-4343-9004-9be15dfd844c,java/util/LinkedList.java,add
12acfc45-bdfb-4343-9004-9be15dfd844c,server/model/players/PathFinder.java,findRoute,->,12acfc45-bdfb-4343-9004-9be15dfd844c,java/lang/Integer.java,valueOf
12acfc45-bdfb-4343-9004-9be15dfd844c,server/model/players/PathFinder.java,findRoute,->,12acfc45-bdfb-4343-9004-9be15dfd844c,java/util/LinkedList.java,add
12acfc45-bdfb-4343-9004-9be15dfd844c,server/model/players/PathFinder.java,findRoute,->,12acfc45-bdfb-4343-9004-9be15dfd844c,17f46bba-a2e0-4476-b0d2-93ed7a181ff6,d3c30432-c14c-4d32-b3fa-4a91e8ae111a
12acfc45-bdfb-4343-9004-9be15dfd844c,server/model/players/PathFinder.java,findRoute,->,12acfc45-bdfb-4343-9004-9be15dfd844c,17f46bba-a2e0-4476-b0d2-93ed7a181ff6,d3c30432-c14c-4d32-b3fa-4a91e8ae111a
12acfc45-bdfb-4343-9004-9be15dfd844c,server/model/players/PathFinder.java,findRoute,->,12acfc45-bdfb-4343-9004-9be15dfd844c,17f46bba-a2e0-4476-b0d2-93ed7a181ff6,d3c30432-c14c-4d32-b3fa-4a91e8ae111a
12acfc45-bdfb-4343-9004-9be15dfd844c,server/model/players/PathFinder.java,findRoute,->,12acfc45-bdfb-4343-9004-9be15dfd844c,java/lang/Integer.java,valueOf
12acfc45-bdfb-4343-9004-9be15dfd844c,server/model/players/PathFinder.java,findRoute,->,12acfc45-bdfb-4343-9004-9be15dfd844c,java/util/LinkedList.java,add
12acfc45-bdfb-4343-9004-9be15dfd844c,server/model/players/PathFinder.java,findRoute,->,12acfc45-bdfb-4343-9004-9be15dfd844c,java/lang/Integer.java,valueOf
12acfc45-bdfb-4343-9004-9be15dfd844c,server/model/players/PathFinder.java,findRoute,->,12acfc45-bdfb-4343-9004-9be15dfd844c,java/util/LinkedList.java,add
12acfc45-bdfb-4343-9004-9be15dfd844c,server/model/players/PathFinder.java,findRoute,->,12acfc45-bdfb-4343-9004-9be15dfd844c,17f46bba-a2e0-4476-b0d2-93ed7a181ff6,d3c30432-c14c-4d32-b3fa-4a91e8ae111a
12acfc45-bdfb-4343-9004-9be15dfd844c,server/model/players/PathFinder.java,findRoute,->,12acfc45-bdfb-4343-9004-9be15dfd844c,17f46bba-a2e0-4476-b0d2-93ed7a181ff6,d3c30432-c14c-4d32-b3fa-4a91e8ae111a
12acfc45-bdfb-4343-9004-9be15dfd844c,server/model/players/PathFinder.java,findRoute,->,12acfc45-bdfb-4343-9004-9be15dfd844c,17f46bba-a2e0-4476-b0d2-93ed7a181ff6,d3c30432-c14c-4d32-b3fa-4a91e8ae111a
12acfc45-bdfb-4343-9004-9be15dfd844c,server/model/players/PathFinder.java,findRoute,->,12acfc45-bdfb-4343-9004-9be15dfd844c,java/lang/Integer.java,valueOf
12acfc45-bdfb-4343-9004-9be15dfd844c,server/model/players/PathFinder.java,findRoute,->,12acfc45-bdfb-4343-9004-9be15dfd844c,java/util/LinkedList.java,add
12acfc45-bdfb-4343-9004-9be15dfd844c,server/model/players/PathFinder.java,findRoute,->,12acfc45-bdfb-4343-9004-9be15dfd844c,java/lang/Integer.java,valueOf
12acfc45-bdfb-4343-9004-9be15dfd844c,server/model/players/PathFinder.java,findRoute,->,12acfc45-bdfb-4343-9004-9be15dfd844c,java/util/LinkedList.java,add
12acfc45-bdfb-4343-9004-9be15dfd844c,server/model/players/PathFinder.java,findRoute,->,12acfc45-bdfb-4343-9004-9be15dfd844c,java/lang/Integer.java,valueOf
12acfc45-bdfb-4343-9004-9be15dfd844c,server/model/players/PathFinder.java,findRoute,->,12acfc45-bdfb-4343-9004-9be15dfd844c,java/util/LinkedList.java,set
12acfc45-bdfb-4343-9004-9be15dfd844c,server/model/players/PathFinder.java,findRoute,->,12acfc45-bdfb-4343-9004-9be15dfd844c,java/lang/Integer.java,valueOf
12acfc45-bdfb-4343-9004-9be15dfd844c,server/model/players/PathFinder.java,findRoute,->,12acfc45-bdfb-4343-9004-9be15dfd844c,java/util/LinkedList.java,set
12acfc45-bdfb-4343-9004-9be15dfd844c,server/model/players/PathFinder.java,findRoute,->,12acfc45-bdfb-4343-9004-9be15dfd844c,server/model/players/Client.java,getLocalX
12acfc45-bdfb-4343-9004-9be15dfd844c,server/model/players/PathFinder.java,findRoute,->,12acfc45-bdfb-4343-9004-9be15dfd844c,server/model/players/Client.java,getLocalY
12acfc45-bdfb-4343-9004-9be15dfd844c,server/model/players/PathFinder.java,findRoute,->,12acfc45-bdfb-4343-9004-9be15dfd844c,java/lang/Integer.java,valueOf
12acfc45-bdfb-4343-9004-9be15dfd844c,server/model/players/PathFinder.java,findRoute,->,12acfc45-bdfb-4343-9004-9be15dfd844c,java/util/LinkedList.java,set
12acfc45-bdfb-4343-9004-9be15dfd844c,server/model/players/PathFinder.java,findRoute,->,12acfc45-bdfb-4343-9004-9be15dfd844c,java/lang/Integer.java,valueOf
12acfc45-bdfb-4343-9004-9be15dfd844c,server/model/players/PathFinder.java,findRoute,->,12acfc45-bdfb-4343-9004-9be15dfd844c,java/util/LinkedList.java,set
12acfc45-bdfb-4343-9004-9be15dfd844c,server/model/players/PathFinder.java,findRoute,->,12acfc45-bdfb-4343-9004-9be15dfd844c,server/model/players/Client.java,resetWalkingQueue
12acfc45-bdfb-4343-9004-9be15dfd844c,server/model/players/PathFinder.java,findRoute,->,12acfc45-bdfb-4343-9004-9be15dfd844c,server/model/players/Client.java,getMapRegionX
12acfc45-bdfb-4343-9004-9be15dfd844c,server/model/players/PathFinder.java,findRoute,->,12acfc45-bdfb-4343-9004-9be15dfd844c,java/util/LinkedList.java,get
12acfc45-bdfb-4343-9004-9be15dfd844c,server/model/players/PathFinder.java,findRoute,->,12acfc45-bdfb-4343-9004-9be15dfd844c,java/lang/Integer.java,intValue
12acfc45-bdfb-4343-9004-9be15dfd844c,server/model/players/PathFinder.java,findRoute,->,12acfc45-bdfb-4343-9004-9be15dfd844c,server/model/players/Client.java,getMapRegionY
12acfc45-bdfb-4343-9004-9be15dfd844c,server/model/players/PathFinder.java,findRoute,->,12acfc45-bdfb-4343-9004-9be15dfd844c,java/util/LinkedList.java,get
12acfc45-bdfb-4343-9004-9be15dfd844c,server/model/players/PathFinder.java,findRoute,->,12acfc45-bdfb-4343-9004-9be15dfd844c,java/lang/Integer.java,intValue
12acfc45-bdfb-4343-9004-9be15dfd844c,server/model/players/PathFinder.java,findRoute,->,12acfc45-bdfb-4343-9004-9be15dfd844c,server/model/players/Client.java,getMapRegionX
12acfc45-bdfb-4343-9004-9be15dfd844c,server/model/players/PathFinder.java,findRoute,->,12acfc45-bdfb-4343-9004-9be15dfd844c,server/model/players/PathFinder.java,localize
12acfc45-bdfb-4343-9004-9be15dfd844c,server/model/players/PathFinder.java,findRoute,->,12acfc45-bdfb-4343-9004-9be15dfd844c,server/model/players/Client.java,getMapRegionY
12acfc45-bdfb-4343-9004-9be15dfd844c,server/model/players/PathFinder.java,findRoute,->,12acfc45-bdfb-4343-9004-9be15dfd844c,server/model/players/PathFinder.java,localize
12acfc45-bdfb-4343-9004-9be15dfd844c,server/model/players/PathFinder.java,findRoute,->,12acfc45-bdfb-4343-9004-9be15dfd844c,server/model/players/Client.java,addToWalkingQueue
12acfc45-bdfb-4343-9004-9be15dfd844c,server/model/players/PathFinder.java,findRoute,->,12acfc45-bdfb-4343-9004-9be15dfd844c,server/model/players/Client.java,getMapRegionX
12acfc45-bdfb-4343-9004-9be15dfd844c,server/model/players/PathFinder.java,findRoute,->,12acfc45-bdfb-4343-9004-9be15dfd844c,java/util/LinkedList.java,get
12acfc45-bdfb-4343-9004-9be15dfd844c,server/model/players/PathFinder.java,findRoute,->,12acfc45-bdfb-4343-9004-9be15dfd844c,java/lang/Integer.java,intValue
12acfc45-bdfb-4343-9004-9be15dfd844c,server/model/players/PathFinder.java,findRoute,->,12acfc45-bdfb-4343-9004-9be15dfd844c,server/model/players/Client.java,getMapRegionY
12acfc45-bdfb-4343-9004-9be15dfd844c,server/model/players/PathFinder.java,findRoute,->,12acfc45-bdfb-4343-9004-9be15dfd844c,java/util/LinkedList.java,get
12acfc45-bdfb-4343-9004-9be15dfd844c,server/model/players/PathFinder.java,findRoute,->,12acfc45-bdfb-4343-9004-9be15dfd844c,java/lang/Integer.java,intValue
12acfc45-bdfb-4343-9004-9be15dfd844c,server/model/players/PathFinder.java,findRoute,->,12acfc45-bdfb-4343-9004-9be15dfd844c,server/model/players/Client.java,getMapRegionX
12acfc45-bdfb-4343-9004-9be15dfd844c,server/model/players/PathFinder.java,findRoute,->,12acfc45-bdfb-4343-9004-9be15dfd844c,server/model/players/PathFinder.java,localize
12acfc45-bdfb-4343-9004-9be15dfd844c,server/model/players/PathFinder.java,findRoute,->,12acfc45-bdfb-4343-9004-9be15dfd844c,server/model/players/Client.java,getMapRegionY
12acfc45-bdfb-4343-9004-9be15dfd844c,server/model/players/PathFinder.java,findRoute,->,12acfc45-bdfb-4343-9004-9be15dfd844c,server/model/players/PathFinder.java,localize
12acfc45-bdfb-4343-9004-9be15dfd844c,server/model/players/PathFinder.java,findRoute,->,12acfc45-bdfb-4343-9004-9be15dfd844c,server/model/players/Client.java,addToWalkingQueue
12acfc45-bdfb-4343-9004-9be15dfd844c,cbaed3fd-032b-4be1-be90-3aff7465fe03,76db7808-1f30-4674-a3fc-6aaefb5fc770,->,12acfc45-bdfb-4343-9004-9be15dfd844c,cbaed3fd-032b-4be1-be90-3aff7465fe03,8ab6b886-b2f4-4717-b754-0d96cbefeb41
12acfc45-bdfb-4343-9004-9be15dfd844c,cbaed3fd-032b-4be1-be90-3aff7465fe03,76db7808-1f30-4674-a3fc-6aaefb5fc770,->,12acfc45-bdfb-4343-9004-9be15dfd844c,cbaed3fd-032b-4be1-be90-3aff7465fe03,6011e35a-c003-4bb2-a56e-f7f4235851cd
12acfc45-bdfb-4343-9004-9be15dfd844c,cbaed3fd-032b-4be1-be90-3aff7465fe03,76db7808-1f30-4674-a3fc-6aaefb5fc770,->,12acfc45-bdfb-4343-9004-9be15dfd844c,cbaed3fd-032b-4be1-be90-3aff7465fe03,ca761163-c72f-48d8-829b-c8ebd1d537ca
12acfc45-bdfb-4343-9004-9be15dfd844c,cbaed3fd-032b-4be1-be90-3aff7465fe03,76db7808-1f30-4674-a3fc-6aaefb5fc770,->,12acfc45-bdfb-4343-9004-9be15dfd844c,server/model/players/Client.java,getPA
12acfc45-bdfb-4343-9004-9be15dfd844c,cbaed3fd-032b-4be1-be90-3aff7465fe03,76db7808-1f30-4674-a3fc-6aaefb5fc770,->,12acfc45-bdfb-4343-9004-9be15dfd844c,server/model/players/PlayerAssistant.java,showInterface
12acfc45-bdfb-4343-9004-9be15dfd844c,cbaed3fd-032b-4be1-be90-3aff7465fe03,8ab6b886-b2f4-4717-b754-0d96cbefeb41,->,12acfc45-bdfb-4343-9004-9be15dfd844c,server/model/players/Client.java,getPA
12acfc45-bdfb-4343-9004-9be15dfd844c,cbaed3fd-032b-4be1-be90-3aff7465fe03,8ab6b886-b2f4-4717-b754-0d96cbefeb41,->,12acfc45-bdfb-4343-9004-9be15dfd844c,991eb2a8-284a-4290-ae08-f54cf8834706,609517a1-3a8b-4bd9-8623-3cae47c33a17
12acfc45-bdfb-4343-9004-9be15dfd844c,cbaed3fd-032b-4be1-be90-3aff7465fe03,6011e35a-c003-4bb2-a56e-f7f4235851cd,->,12acfc45-bdfb-4343-9004-9be15dfd844c,server/util/Stream.java,createFrameVarSizeWord
12acfc45-bdfb-4343-9004-9be15dfd844c,cbaed3fd-032b-4be1-be90-3aff7465fe03,6011e35a-c003-4bb2-a56e-f7f4235851cd,->,12acfc45-bdfb-4343-9004-9be15dfd844c,server/util/Stream.java,writeWord
12acfc45-bdfb-4343-9004-9be15dfd844c,cbaed3fd-032b-4be1-be90-3aff7465fe03,6011e35a-c003-4bb2-a56e-f7f4235851cd,->,12acfc45-bdfb-4343-9004-9be15dfd844c,server/util/Stream.java,writeWord
12acfc45-bdfb-4343-9004-9be15dfd844c,cbaed3fd-032b-4be1-be90-3aff7465fe03,6011e35a-c003-4bb2-a56e-f7f4235851cd,->,12acfc45-bdfb-4343-9004-9be15dfd844c,server/util/Stream.java,writeByte
12acfc45-bdfb-4343-9004-9be15dfd844c,cbaed3fd-032b-4be1-be90-3aff7465fe03,6011e35a-c003-4bb2-a56e-f7f4235851cd,->,12acfc45-bdfb-4343-9004-9be15dfd844c,server/util/Stream.java,writeWordBigEndianA
12acfc45-bdfb-4343-9004-9be15dfd844c,cbaed3fd-032b-4be1-be90-3aff7465fe03,6011e35a-c003-4bb2-a56e-f7f4235851cd,->,12acfc45-bdfb-4343-9004-9be15dfd844c,server/util/Stream.java,writeWordBigEndianA
12acfc45-bdfb-4343-9004-9be15dfd844c,cbaed3fd-032b-4be1-be90-3aff7465fe03,6011e35a-c003-4bb2-a56e-f7f4235851cd,->,12acfc45-bdfb-4343-9004-9be15dfd844c,server/util/Stream.java,endFrameVarSizeWord
12acfc45-bdfb-4343-9004-9be15dfd844c,cbaed3fd-032b-4be1-be90-3aff7465fe03,6011e35a-c003-4bb2-a56e-f7f4235851cd,->,12acfc45-bdfb-4343-9004-9be15dfd844c,server/model/players/Client.java,flushOutStream
12acfc45-bdfb-4343-9004-9be15dfd844c,cbaed3fd-032b-4be1-be90-3aff7465fe03,ca761163-c72f-48d8-829b-c8ebd1d537ca,->,12acfc45-bdfb-4343-9004-9be15dfd844c,server/model/players/Client.java,getPA
12acfc45-bdfb-4343-9004-9be15dfd844c,cbaed3fd-032b-4be1-be90-3aff7465fe03,ca761163-c72f-48d8-829b-c8ebd1d537ca,->,12acfc45-bdfb-4343-9004-9be15dfd844c,991eb2a8-284a-4290-ae08-f54cf8834706,609517a1-3a8b-4bd9-8623-3cae47c33a17
12acfc45-bdfb-4343-9004-9be15dfd844c,cbaed3fd-032b-4be1-be90-3aff7465fe03,ca761163-c72f-48d8-829b-c8ebd1d537ca,->,12acfc45-bdfb-4343-9004-9be15dfd844c,server/model/players/Client.java,getPA
12acfc45-bdfb-4343-9004-9be15dfd844c,cbaed3fd-032b-4be1-be90-3aff7465fe03,ca761163-c72f-48d8-829b-c8ebd1d537ca,->,12acfc45-bdfb-4343-9004-9be15dfd844c,991eb2a8-284a-4290-ae08-f54cf8834706,609517a1-3a8b-4bd9-8623-3cae47c33a17
12acfc45-bdfb-4343-9004-9be15dfd844c,cbaed3fd-032b-4be1-be90-3aff7465fe03,ca761163-c72f-48d8-829b-c8ebd1d537ca,->,12acfc45-bdfb-4343-9004-9be15dfd844c,server/model/players/Client.java,getPA
12acfc45-bdfb-4343-9004-9be15dfd844c,cbaed3fd-032b-4be1-be90-3aff7465fe03,ca761163-c72f-48d8-829b-c8ebd1d537ca,->,12acfc45-bdfb-4343-9004-9be15dfd844c,991eb2a8-284a-4290-ae08-f54cf8834706,609517a1-3a8b-4bd9-8623-3cae47c33a17
12acfc45-bdfb-4343-9004-9be15dfd844c,cbaed3fd-032b-4be1-be90-3aff7465fe03,ca761163-c72f-48d8-829b-c8ebd1d537ca,->,12acfc45-bdfb-4343-9004-9be15dfd844c,server/model/players/Client.java,getPA
12acfc45-bdfb-4343-9004-9be15dfd844c,cbaed3fd-032b-4be1-be90-3aff7465fe03,ca761163-c72f-48d8-829b-c8ebd1d537ca,->,12acfc45-bdfb-4343-9004-9be15dfd844c,991eb2a8-284a-4290-ae08-f54cf8834706,609517a1-3a8b-4bd9-8623-3cae47c33a17
12acfc45-bdfb-4343-9004-9be15dfd844c,cbaed3fd-032b-4be1-be90-3aff7465fe03,ca761163-c72f-48d8-829b-c8ebd1d537ca,->,12acfc45-bdfb-4343-9004-9be15dfd844c,server/model/players/Client.java,getPA
12acfc45-bdfb-4343-9004-9be15dfd844c,cbaed3fd-032b-4be1-be90-3aff7465fe03,ca761163-c72f-48d8-829b-c8ebd1d537ca,->,12acfc45-bdfb-4343-9004-9be15dfd844c,991eb2a8-284a-4290-ae08-f54cf8834706,609517a1-3a8b-4bd9-8623-3cae47c33a17
12acfc45-bdfb-4343-9004-9be15dfd844c,server/model/players/TradeAndDuel.java,requestTrade,->,12acfc45-bdfb-4343-9004-9be15dfd844c,server/model/players/Client.java,sendMessage
12acfc45-bdfb-4343-9004-9be15dfd844c,server/model/players/TradeAndDuel.java,requestTrade,->,12acfc45-bdfb-4343-9004-9be15dfd844c,server/model/players/Client.java,getTradeAndDuel
12acfc45-bdfb-4343-9004-9be15dfd844c,server/model/players/TradeAndDuel.java,requestTrade,->,12acfc45-bdfb-4343-9004-9be15dfd844c,server/model/players/TradeAndDuel.java,openTrade
12acfc45-bdfb-4343-9004-9be15dfd844c,server/model/players/TradeAndDuel.java,requestTrade,->,12acfc45-bdfb-4343-9004-9be15dfd844c,server/model/players/Client.java,getTradeAndDuel
12acfc45-bdfb-4343-9004-9be15dfd844c,server/model/players/TradeAndDuel.java,requestTrade,->,12acfc45-bdfb-4343-9004-9be15dfd844c,server/model/players/TradeAndDuel.java,openTrade
12acfc45-bdfb-4343-9004-9be15dfd844c,server/model/players/TradeAndDuel.java,requestTrade,->,12acfc45-bdfb-4343-9004-9be15dfd844c,server/model/players/Client.java,sendMessage
12acfc45-bdfb-4343-9004-9be15dfd844c,server/model/players/TradeAndDuel.java,requestTrade,->,12acfc45-bdfb-4343-9004-9be15dfd844c,java/lang/StringBuilder.java,append
12acfc45-bdfb-4343-9004-9be15dfd844c,server/model/players/TradeAndDuel.java,requestTrade,->,12acfc45-bdfb-4343-9004-9be15dfd844c,java/lang/StringBuilder.java,append
12acfc45-bdfb-4343-9004-9be15dfd844c,server/model/players/TradeAndDuel.java,requestTrade,->,12acfc45-bdfb-4343-9004-9be15dfd844c,java/lang/StringBuilder.java,toString
12acfc45-bdfb-4343-9004-9be15dfd844c,server/model/players/TradeAndDuel.java,requestTrade,->,12acfc45-bdfb-4343-9004-9be15dfd844c,server/model/players/Client.java,sendMessage
12acfc45-bdfb-4343-9004-9be15dfd844c,server/model/players/TradeAndDuel.java,requestTrade,->,12acfc45-bdfb-4343-9004-9be15dfd844c,2c89cfe4-ed6d-446f-832b-3c203feb3155,cf0eb5d1-f945-4cc7-9eaa-55b858ed55c6
12acfc45-bdfb-4343-9004-9be15dfd844c,server/model/players/TradeAndDuel.java,openTrade,->,12acfc45-bdfb-4343-9004-9be15dfd844c,server/model/players/Client.java,sendMessage
12acfc45-bdfb-4343-9004-9be15dfd844c,server/model/players/TradeAndDuel.java,openTrade,->,12acfc45-bdfb-4343-9004-9be15dfd844c,server/model/players/Client.java,getItems
12acfc45-bdfb-4343-9004-9be15dfd844c,server/model/players/TradeAndDuel.java,openTrade,->,12acfc45-bdfb-4343-9004-9be15dfd844c,server/model/items/ItemAssistant.java,resetItems
12acfc45-bdfb-4343-9004-9be15dfd844c,server/model/players/TradeAndDuel.java,openTrade,->,12acfc45-bdfb-4343-9004-9be15dfd844c,server/model/players/TradeAndDuel.java,resetTItems
12acfc45-bdfb-4343-9004-9be15dfd844c,server/model/players/TradeAndDuel.java,openTrade,->,12acfc45-bdfb-4343-9004-9be15dfd844c,server/model/players/TradeAndDuel.java,resetOTItems
12acfc45-bdfb-4343-9004-9be15dfd844c,server/model/players/TradeAndDuel.java,openTrade,->,12acfc45-bdfb-4343-9004-9be15dfd844c,java/lang/StringBuilder.java,append
12acfc45-bdfb-4343-9004-9be15dfd844c,server/model/players/TradeAndDuel.java,openTrade,->,12acfc45-bdfb-4343-9004-9be15dfd844c,java/lang/StringBuilder.java,append
12acfc45-bdfb-4343-9004-9be15dfd844c,server/model/players/TradeAndDuel.java,openTrade,->,12acfc45-bdfb-4343-9004-9be15dfd844c,java/lang/StringBuilder.java,toString
12acfc45-bdfb-4343-9004-9be15dfd844c,server/model/players/TradeAndDuel.java,openTrade,->,12acfc45-bdfb-4343-9004-9be15dfd844c,java/lang/StringBuilder.java,append
12acfc45-bdfb-4343-9004-9be15dfd844c,server/model/players/TradeAndDuel.java,openTrade,->,12acfc45-bdfb-4343-9004-9be15dfd844c,java/lang/StringBuilder.java,append
12acfc45-bdfb-4343-9004-9be15dfd844c,server/model/players/TradeAndDuel.java,openTrade,->,12acfc45-bdfb-4343-9004-9be15dfd844c,java/lang/StringBuilder.java,toString
12acfc45-bdfb-4343-9004-9be15dfd844c,server/model/players/TradeAndDuel.java,openTrade,->,12acfc45-bdfb-4343-9004-9be15dfd844c,server/model/players/Client.java,getPA
12acfc45-bdfb-4343-9004-9be15dfd844c,server/model/players/TradeAndDuel.java,openTrade,->,12acfc45-bdfb-4343-9004-9be15dfd844c,java/lang/StringBuilder.java,append
12acfc45-bdfb-4343-9004-9be15dfd844c,server/model/players/TradeAndDuel.java,openTrade,->,12acfc45-bdfb-4343-9004-9be15dfd844c,java/lang/StringBuilder.java,append
12acfc45-bdfb-4343-9004-9be15dfd844c,server/model/players/TradeAndDuel.java,openTrade,->,12acfc45-bdfb-4343-9004-9be15dfd844c,java/lang/StringBuilder.java,append
12acfc45-bdfb-4343-9004-9be15dfd844c,server/model/players/TradeAndDuel.java,openTrade,->,12acfc45-bdfb-4343-9004-9be15dfd844c,server/model/players/Client.java,getItems
12acfc45-bdfb-4343-9004-9be15dfd844c,server/model/players/TradeAndDuel.java,openTrade,->,12acfc45-bdfb-4343-9004-9be15dfd844c,server/model/items/ItemAssistant.java,freeSlots
12acfc45-bdfb-4343-9004-9be15dfd844c,server/model/players/TradeAndDuel.java,openTrade,->,12acfc45-bdfb-4343-9004-9be15dfd844c,java/lang/StringBuilder.java,append
12acfc45-bdfb-4343-9004-9be15dfd844c,server/model/players/TradeAndDuel.java,openTrade,->,12acfc45-bdfb-4343-9004-9be15dfd844c,java/lang/StringBuilder.java,append
12acfc45-bdfb-4343-9004-9be15dfd844c,server/model/players/TradeAndDuel.java,openTrade,->,12acfc45-bdfb-4343-9004-9be15dfd844c,java/lang/StringBuilder.java,toString
12acfc45-bdfb-4343-9004-9be15dfd844c,server/model/players/TradeAndDuel.java,openTrade,->,12acfc45-bdfb-4343-9004-9be15dfd844c,991eb2a8-284a-4290-ae08-f54cf8834706,609517a1-3a8b-4bd9-8623-3cae47c33a17
12acfc45-bdfb-4343-9004-9be15dfd844c,server/model/players/TradeAndDuel.java,openTrade,->,12acfc45-bdfb-4343-9004-9be15dfd844c,server/model/players/Client.java,getPA
12acfc45-bdfb-4343-9004-9be15dfd844c,server/model/players/TradeAndDuel.java,openTrade,->,12acfc45-bdfb-4343-9004-9be15dfd844c,991eb2a8-284a-4290-ae08-f54cf8834706,609517a1-3a8b-4bd9-8623-3cae47c33a17
12acfc45-bdfb-4343-9004-9be15dfd844c,server/model/players/TradeAndDuel.java,openTrade,->,12acfc45-bdfb-4343-9004-9be15dfd844c,server/model/players/Client.java,getPA
12acfc45-bdfb-4343-9004-9be15dfd844c,server/model/players/TradeAndDuel.java,openTrade,->,12acfc45-bdfb-4343-9004-9be15dfd844c,991eb2a8-284a-4290-ae08-f54cf8834706,609517a1-3a8b-4bd9-8623-3cae47c33a17
12acfc45-bdfb-4343-9004-9be15dfd844c,server/model/players/TradeAndDuel.java,openTrade,->,12acfc45-bdfb-4343-9004-9be15dfd844c,server/model/players/Client.java,getPA
12acfc45-bdfb-4343-9004-9be15dfd844c,server/model/players/TradeAndDuel.java,openTrade,->,12acfc45-bdfb-4343-9004-9be15dfd844c,991eb2a8-284a-4290-ae08-f54cf8834706,b5e0025e-af80-480f-915c-9faf727f9415
12acfc45-bdfb-4343-9004-9be15dfd844c,server/model/players/TradeAndDuel.java,resetTItems,->,12acfc45-bdfb-4343-9004-9be15dfd844c,server/model/players/Client.java,getOutStream
12acfc45-bdfb-4343-9004-9be15dfd844c,server/model/players/TradeAndDuel.java,resetTItems,->,12acfc45-bdfb-4343-9004-9be15dfd844c,server/util/Stream.java,createFrameVarSizeWord
12acfc45-bdfb-4343-9004-9be15dfd844c,server/model/players/TradeAndDuel.java,resetTItems,->,12acfc45-bdfb-4343-9004-9be15dfd844c,server/model/players/Client.java,getOutStream
12acfc45-bdfb-4343-9004-9be15dfd844c,server/model/players/TradeAndDuel.java,resetTItems,->,12acfc45-bdfb-4343-9004-9be15dfd844c,server/util/Stream.java,writeWord
12acfc45-bdfb-4343-9004-9be15dfd844c,server/model/players/TradeAndDuel.java,resetTItems,->,12acfc45-bdfb-4343-9004-9be15dfd844c,java/util/concurrent/CopyOnWriteArrayList.java,toArray
12acfc45-bdfb-4343-9004-9be15dfd844c,server/model/players/TradeAndDuel.java,resetTItems,->,12acfc45-bdfb-4343-9004-9be15dfd844c,server/model/players/Client.java,getOutStream
12acfc45-bdfb-4343-9004-9be15dfd844c,server/model/players/TradeAndDuel.java,resetTItems,->,12acfc45-bdfb-4343-9004-9be15dfd844c,server/util/Stream.java,writeWord
12acfc45-bdfb-4343-9004-9be15dfd844c,server/model/players/TradeAndDuel.java,resetTItems,->,12acfc45-bdfb-4343-9004-9be15dfd844c,java/util/concurrent/CopyOnWriteArrayList.java,iterator
12acfc45-bdfb-4343-9004-9be15dfd844c,server/model/players/TradeAndDuel.java,resetTItems,->,12acfc45-bdfb-4343-9004-9be15dfd844c,java/util/Iterator.java,hasNext
12acfc45-bdfb-4343-9004-9be15dfd844c,server/model/players/TradeAndDuel.java,resetTItems,->,12acfc45-bdfb-4343-9004-9be15dfd844c,java/util/Iterator.java,next
12acfc45-bdfb-4343-9004-9be15dfd844c,server/model/players/TradeAndDuel.java,resetTItems,->,12acfc45-bdfb-4343-9004-9be15dfd844c,server/model/players/Client.java,getOutStream
12acfc45-bdfb-4343-9004-9be15dfd844c,server/model/players/TradeAndDuel.java,resetTItems,->,12acfc45-bdfb-4343-9004-9be15dfd844c,server/util/Stream.java,writeByte
12acfc45-bdfb-4343-9004-9be15dfd844c,server/model/players/TradeAndDuel.java,resetTItems,->,12acfc45-bdfb-4343-9004-9be15dfd844c,server/model/players/Client.java,getOutStream
12acfc45-bdfb-4343-9004-9be15dfd844c,server/model/players/TradeAndDuel.java,resetTItems,->,12acfc45-bdfb-4343-9004-9be15dfd844c,server/util/Stream.java,writeDWord_v2
12acfc45-bdfb-4343-9004-9be15dfd844c,server/model/players/TradeAndDuel.java,resetTItems,->,12acfc45-bdfb-4343-9004-9be15dfd844c,server/model/players/Client.java,getOutStream
12acfc45-bdfb-4343-9004-9be15dfd844c,server/model/players/TradeAndDuel.java,resetTItems,->,12acfc45-bdfb-4343-9004-9be15dfd844c,server/util/Stream.java,writeByte
12acfc45-bdfb-4343-9004-9be15dfd844c,server/model/players/TradeAndDuel.java,resetTItems,->,12acfc45-bdfb-4343-9004-9be15dfd844c,server/model/players/Client.java,getOutStream
12acfc45-bdfb-4343-9004-9be15dfd844c,server/model/players/TradeAndDuel.java,resetTItems,->,12acfc45-bdfb-4343-9004-9be15dfd844c,server/util/Stream.java,writeWordBigEndianA
12acfc45-bdfb-4343-9004-9be15dfd844c,server/model/players/TradeAndDuel.java,resetTItems,->,12acfc45-bdfb-4343-9004-9be15dfd844c,server/model/players/Client.java,getOutStream
12acfc45-bdfb-4343-9004-9be15dfd844c,server/model/players/TradeAndDuel.java,resetTItems,->,12acfc45-bdfb-4343-9004-9be15dfd844c,server/util/Stream.java,writeByte
12acfc45-bdfb-4343-9004-9be15dfd844c,server/model/players/TradeAndDuel.java,resetTItems,->,12acfc45-bdfb-4343-9004-9be15dfd844c,server/model/players/Client.java,getOutStream
12acfc45-bdfb-4343-9004-9be15dfd844c,server/model/players/TradeAndDuel.java,resetTItems,->,12acfc45-bdfb-4343-9004-9be15dfd844c,server/util/Stream.java,writeWordBigEndianA
12acfc45-bdfb-4343-9004-9be15dfd844c,server/model/players/TradeAndDuel.java,resetTItems,->,12acfc45-bdfb-4343-9004-9be15dfd844c,server/model/players/Client.java,getOutStream
12acfc45-bdfb-4343-9004-9be15dfd844c,server/model/players/TradeAndDuel.java,resetTItems,->,12acfc45-bdfb-4343-9004-9be15dfd844c,server/util/Stream.java,endFrameVarSizeWord
12acfc45-bdfb-4343-9004-9be15dfd844c,server/model/players/TradeAndDuel.java,resetTItems,->,12acfc45-bdfb-4343-9004-9be15dfd844c,server/model/players/Client.java,flushOutStream
12acfc45-bdfb-4343-9004-9be15dfd844c,server/model/players/TradeAndDuel.java,fromTrade,->,12acfc45-bdfb-4343-9004-9be15dfd844c,server/model/players/TradeAndDuel.java,declineTrade
12acfc45-bdfb-4343-9004-9be15dfd844c,server/model/players/TradeAndDuel.java,fromTrade,->,12acfc45-bdfb-4343-9004-9be15dfd844c,server/model/players/Client.java,getItems
12acfc45-bdfb-4343-9004-9be15dfd844c,server/model/players/TradeAndDuel.java,fromTrade,->,12acfc45-bdfb-4343-9004-9be15dfd844c,server/model/items/ItemAssistant.java,playerHasItem
12acfc45-bdfb-4343-9004-9be15dfd844c,server/model/players/TradeAndDuel.java,fromTrade,->,12acfc45-bdfb-4343-9004-9be15dfd844c,java/util/concurrent/CopyOnWriteArrayList.java,iterator
12acfc45-bdfb-4343-9004-9be15dfd844c,server/model/players/TradeAndDuel.java,fromTrade,->,12acfc45-bdfb-4343-9004-9be15dfd844c,java/util/Iterator.java,hasNext
12acfc45-bdfb-4343-9004-9be15dfd844c,server/model/players/TradeAndDuel.java,fromTrade,->,12acfc45-bdfb-4343-9004-9be15dfd844c,java/util/Iterator.java,next
12acfc45-bdfb-4343-9004-9be15dfd844c,server/model/players/TradeAndDuel.java,fromTrade,->,12acfc45-bdfb-4343-9004-9be15dfd844c,java/util/concurrent/CopyOnWriteArrayList.java,remove
12acfc45-bdfb-4343-9004-9be15dfd844c,server/model/players/TradeAndDuel.java,fromTrade,->,12acfc45-bdfb-4343-9004-9be15dfd844c,server/model/players/Client.java,getItems
12acfc45-bdfb-4343-9004-9be15dfd844c,server/model/players/TradeAndDuel.java,fromTrade,->,12acfc45-bdfb-4343-9004-9be15dfd844c,server/model/items/ItemAssistant.java,addItem
12acfc45-bdfb-4343-9004-9be15dfd844c,server/model/players/TradeAndDuel.java,fromTrade,->,12acfc45-bdfb-4343-9004-9be15dfd844c,server/model/players/Client.java,getItems
12acfc45-bdfb-4343-9004-9be15dfd844c,server/model/players/TradeAndDuel.java,fromTrade,->,12acfc45-bdfb-4343-9004-9be15dfd844c,server/model/items/ItemAssistant.java,addItem
12acfc45-bdfb-4343-9004-9be15dfd844c,server/model/players/TradeAndDuel.java,fromTrade,->,12acfc45-bdfb-4343-9004-9be15dfd844c,java/util/concurrent/CopyOnWriteArrayList.java,remove
12acfc45-bdfb-4343-9004-9be15dfd844c,server/model/players/TradeAndDuel.java,fromTrade,->,12acfc45-bdfb-4343-9004-9be15dfd844c,server/model/players/Client.java,getItems
12acfc45-bdfb-4343-9004-9be15dfd844c,server/model/players/TradeAndDuel.java,fromTrade,->,12acfc45-bdfb-4343-9004-9be15dfd844c,server/model/items/ItemAssistant.java,addItem
12acfc45-bdfb-4343-9004-9be15dfd844c,server/model/players/TradeAndDuel.java,fromTrade,->,12acfc45-bdfb-4343-9004-9be15dfd844c,java/util/concurrent/CopyOnWriteArrayList.java,iterator
12acfc45-bdfb-4343-9004-9be15dfd844c,server/model/players/TradeAndDuel.java,fromTrade,->,12acfc45-bdfb-4343-9004-9be15dfd844c,java/util/Iterator.java,hasNext
12acfc45-bdfb-4343-9004-9be15dfd844c,server/model/players/TradeAndDuel.java,fromTrade,->,12acfc45-bdfb-4343-9004-9be15dfd844c,java/util/Iterator.java,next
12acfc45-bdfb-4343-9004-9be15dfd844c,server/model/players/TradeAndDuel.java,fromTrade,->,12acfc45-bdfb-4343-9004-9be15dfd844c,server/model/players/Client.java,getItems
12acfc45-bdfb-4343-9004-9be15dfd844c,server/model/players/TradeAndDuel.java,fromTrade,->,12acfc45-bdfb-4343-9004-9be15dfd844c,server/model/items/ItemAssistant.java,addItem
12acfc45-bdfb-4343-9004-9be15dfd844c,server/model/players/TradeAndDuel.java,fromTrade,->,12acfc45-bdfb-4343-9004-9be15dfd844c,java/util/concurrent/CopyOnWriteArrayList.java,remove
12acfc45-bdfb-4343-9004-9be15dfd844c,server/model/players/TradeAndDuel.java,fromTrade,->,12acfc45-bdfb-4343-9004-9be15dfd844c,server/model/players/Client.java,getItems
12acfc45-bdfb-4343-9004-9be15dfd844c,server/model/players/TradeAndDuel.java,fromTrade,->,12acfc45-bdfb-4343-9004-9be15dfd844c,server/model/items/ItemAssistant.java,addItem
12acfc45-bdfb-4343-9004-9be15dfd844c,server/model/players/TradeAndDuel.java,fromTrade,->,12acfc45-bdfb-4343-9004-9be15dfd844c,server/model/players/Client.java,getItems
12acfc45-bdfb-4343-9004-9be15dfd844c,server/model/players/TradeAndDuel.java,fromTrade,->,12acfc45-bdfb-4343-9004-9be15dfd844c,server/model/items/ItemAssistant.java,resetItems
12acfc45-bdfb-4343-9004-9be15dfd844c,server/model/players/TradeAndDuel.java,fromTrade,->,12acfc45-bdfb-4343-9004-9be15dfd844c,server/model/players/TradeAndDuel.java,resetTItems
12acfc45-bdfb-4343-9004-9be15dfd844c,server/model/players/TradeAndDuel.java,fromTrade,->,12acfc45-bdfb-4343-9004-9be15dfd844c,server/model/players/Client.java,getTradeAndDuel
12acfc45-bdfb-4343-9004-9be15dfd844c,server/model/players/TradeAndDuel.java,fromTrade,->,12acfc45-bdfb-4343-9004-9be15dfd844c,server/model/players/TradeAndDuel.java,resetOTItems
12acfc45-bdfb-4343-9004-9be15dfd844c,server/model/players/TradeAndDuel.java,fromTrade,->,12acfc45-bdfb-4343-9004-9be15dfd844c,server/model/players/Client.java,getPA
12acfc45-bdfb-4343-9004-9be15dfd844c,server/model/players/TradeAndDuel.java,fromTrade,->,12acfc45-bdfb-4343-9004-9be15dfd844c,991eb2a8-284a-4290-ae08-f54cf8834706,609517a1-3a8b-4bd9-8623-3cae47c33a17
12acfc45-bdfb-4343-9004-9be15dfd844c,server/model/players/TradeAndDuel.java,fromTrade,->,12acfc45-bdfb-4343-9004-9be15dfd844c,server/model/players/Client.java,getPA
12acfc45-bdfb-4343-9004-9be15dfd844c,server/model/players/TradeAndDuel.java,fromTrade,->,12acfc45-bdfb-4343-9004-9be15dfd844c,991eb2a8-284a-4290-ae08-f54cf8834706,609517a1-3a8b-4bd9-8623-3cae47c33a17
12acfc45-bdfb-4343-9004-9be15dfd844c,server/model/players/TradeAndDuel.java,tradeItem,->,12acfc45-bdfb-4343-9004-9be15dfd844c,server/model/players/Client.java,sendMessage
12acfc45-bdfb-4343-9004-9be15dfd844c,server/model/players/TradeAndDuel.java,tradeItem,->,12acfc45-bdfb-4343-9004-9be15dfd844c,server/model/players/Client.java,sendMessage
12acfc45-bdfb-4343-9004-9be15dfd844c,server/model/players/TradeAndDuel.java,tradeItem,->,12acfc45-bdfb-4343-9004-9be15dfd844c,server/model/players/Client.java,getItems
12acfc45-bdfb-4343-9004-9be15dfd844c,server/model/players/TradeAndDuel.java,tradeItem,->,12acfc45-bdfb-4343-9004-9be15dfd844c,server/model/items/ItemAssistant.java,playerHasItem
12acfc45-bdfb-4343-9004-9be15dfd844c,server/model/players/TradeAndDuel.java,tradeItem,->,12acfc45-bdfb-4343-9004-9be15dfd844c,java/util/concurrent/CopyOnWriteArrayList.java,add
12acfc45-bdfb-4343-9004-9be15dfd844c,server/model/players/TradeAndDuel.java,tradeItem,->,12acfc45-bdfb-4343-9004-9be15dfd844c,server/model/players/Client.java,getItems
12acfc45-bdfb-4343-9004-9be15dfd844c,server/model/players/TradeAndDuel.java,tradeItem,->,12acfc45-bdfb-4343-9004-9be15dfd844c,server/model/players/Client.java,getItems
12acfc45-bdfb-4343-9004-9be15dfd844c,server/model/players/TradeAndDuel.java,tradeItem,->,12acfc45-bdfb-4343-9004-9be15dfd844c,server/model/items/ItemAssistant.java,getItemSlot
12acfc45-bdfb-4343-9004-9be15dfd844c,server/model/players/TradeAndDuel.java,tradeItem,->,12acfc45-bdfb-4343-9004-9be15dfd844c,server/model/items/ItemAssistant.java,deleteItem
12acfc45-bdfb-4343-9004-9be15dfd844c,server/model/players/TradeAndDuel.java,tradeItem,->,12acfc45-bdfb-4343-9004-9be15dfd844c,server/model/players/Client.java,getPA
12acfc45-bdfb-4343-9004-9be15dfd844c,server/model/players/TradeAndDuel.java,tradeItem,->,12acfc45-bdfb-4343-9004-9be15dfd844c,java/lang/StringBuilder.java,append
12acfc45-bdfb-4343-9004-9be15dfd844c,server/model/players/TradeAndDuel.java,tradeItem,->,12acfc45-bdfb-4343-9004-9be15dfd844c,java/lang/StringBuilder.java,append
12acfc45-bdfb-4343-9004-9be15dfd844c,server/model/players/TradeAndDuel.java,tradeItem,->,12acfc45-bdfb-4343-9004-9be15dfd844c,java/lang/StringBuilder.java,append
12acfc45-bdfb-4343-9004-9be15dfd844c,server/model/players/TradeAndDuel.java,tradeItem,->,12acfc45-bdfb-4343-9004-9be15dfd844c,server/model/players/Client.java,getItems
12acfc45-bdfb-4343-9004-9be15dfd844c,server/model/players/TradeAndDuel.java,tradeItem,->,12acfc45-bdfb-4343-9004-9be15dfd844c,server/model/items/ItemAssistant.java,freeSlots
12acfc45-bdfb-4343-9004-9be15dfd844c,server/model/players/TradeAndDuel.java,tradeItem,->,12acfc45-bdfb-4343-9004-9be15dfd844c,java/lang/StringBuilder.java,append
12acfc45-bdfb-4343-9004-9be15dfd844c,server/model/players/TradeAndDuel.java,tradeItem,->,12acfc45-bdfb-4343-9004-9be15dfd844c,java/lang/StringBuilder.java,append
12acfc45-bdfb-4343-9004-9be15dfd844c,server/model/players/TradeAndDuel.java,tradeItem,->,12acfc45-bdfb-4343-9004-9be15dfd844c,java/lang/StringBuilder.java,toString
12acfc45-bdfb-4343-9004-9be15dfd844c,server/model/players/TradeAndDuel.java,tradeItem,->,12acfc45-bdfb-4343-9004-9be15dfd844c,991eb2a8-284a-4290-ae08-f54cf8834706,609517a1-3a8b-4bd9-8623-3cae47c33a17
12acfc45-bdfb-4343-9004-9be15dfd844c,server/model/players/TradeAndDuel.java,tradeItem,->,12acfc45-bdfb-4343-9004-9be15dfd844c,server/model/players/Client.java,getPA
12acfc45-bdfb-4343-9004-9be15dfd844c,server/model/players/TradeAndDuel.java,tradeItem,->,12acfc45-bdfb-4343-9004-9be15dfd844c,java/lang/StringBuilder.java,append
12acfc45-bdfb-4343-9004-9be15dfd844c,server/model/players/TradeAndDuel.java,tradeItem,->,12acfc45-bdfb-4343-9004-9be15dfd844c,java/lang/StringBuilder.java,append
12acfc45-bdfb-4343-9004-9be15dfd844c,server/model/players/TradeAndDuel.java,tradeItem,->,12acfc45-bdfb-4343-9004-9be15dfd844c,java/lang/StringBuilder.java,append
12acfc45-bdfb-4343-9004-9be15dfd844c,server/model/players/TradeAndDuel.java,tradeItem,->,12acfc45-bdfb-4343-9004-9be15dfd844c,server/model/players/Client.java,getItems
12acfc45-bdfb-4343-9004-9be15dfd844c,server/model/players/TradeAndDuel.java,tradeItem,->,12acfc45-bdfb-4343-9004-9be15dfd844c,server/model/items/ItemAssistant.java,freeSlots
12acfc45-bdfb-4343-9004-9be15dfd844c,server/model/players/TradeAndDuel.java,tradeItem,->,12acfc45-bdfb-4343-9004-9be15dfd844c,java/lang/StringBuilder.java,append
12acfc45-bdfb-4343-9004-9be15dfd844c,server/model/players/TradeAndDuel.java,tradeItem,->,12acfc45-bdfb-4343-9004-9be15dfd844c,java/lang/StringBuilder.java,append
12acfc45-bdfb-4343-9004-9be15dfd844c,server/model/players/TradeAndDuel.java,tradeItem,->,12acfc45-bdfb-4343-9004-9be15dfd844c,java/lang/StringBuilder.java,toString
12acfc45-bdfb-4343-9004-9be15dfd844c,server/model/players/TradeAndDuel.java,tradeItem,->,12acfc45-bdfb-4343-9004-9be15dfd844c,991eb2a8-284a-4290-ae08-f54cf8834706,609517a1-3a8b-4bd9-8623-3cae47c33a17
12acfc45-bdfb-4343-9004-9be15dfd844c,server/model/players/TradeAndDuel.java,tradeItem,->,12acfc45-bdfb-4343-9004-9be15dfd844c,server/model/players/Client.java,getItems
12acfc45-bdfb-4343-9004-9be15dfd844c,server/model/players/TradeAndDuel.java,tradeItem,->,12acfc45-bdfb-4343-9004-9be15dfd844c,server/model/items/ItemAssistant.java,resetItems
12acfc45-bdfb-4343-9004-9be15dfd844c,server/model/players/TradeAndDuel.java,tradeItem,->,12acfc45-bdfb-4343-9004-9be15dfd844c,server/model/players/TradeAndDuel.java,resetTItems
12acfc45-bdfb-4343-9004-9be15dfd844c,server/model/players/TradeAndDuel.java,tradeItem,->,12acfc45-bdfb-4343-9004-9be15dfd844c,server/model/players/Client.java,getTradeAndDuel
12acfc45-bdfb-4343-9004-9be15dfd844c,server/model/players/TradeAndDuel.java,tradeItem,->,12acfc45-bdfb-4343-9004-9be15dfd844c,server/model/players/TradeAndDuel.java,resetOTItems
12acfc45-bdfb-4343-9004-9be15dfd844c,server/model/players/TradeAndDuel.java,tradeItem,->,12acfc45-bdfb-4343-9004-9be15dfd844c,server/model/players/Client.java,getPA
12acfc45-bdfb-4343-9004-9be15dfd844c,server/model/players/TradeAndDuel.java,tradeItem,->,12acfc45-bdfb-4343-9004-9be15dfd844c,991eb2a8-284a-4290-ae08-f54cf8834706,609517a1-3a8b-4bd9-8623-3cae47c33a17
12acfc45-bdfb-4343-9004-9be15dfd844c,server/model/players/TradeAndDuel.java,tradeItem,->,12acfc45-bdfb-4343-9004-9be15dfd844c,server/model/players/Client.java,getPA
12acfc45-bdfb-4343-9004-9be15dfd844c,server/model/players/TradeAndDuel.java,tradeItem,->,12acfc45-bdfb-4343-9004-9be15dfd844c,991eb2a8-284a-4290-ae08-f54cf8834706,609517a1-3a8b-4bd9-8623-3cae47c33a17
12acfc45-bdfb-4343-9004-9be15dfd844c,server/model/players/TradeAndDuel.java,tradeItem,->,12acfc45-bdfb-4343-9004-9be15dfd844c,server/model/players/Client.java,getItems
12acfc45-bdfb-4343-9004-9be15dfd844c,server/model/players/TradeAndDuel.java,tradeItem,->,12acfc45-bdfb-4343-9004-9be15dfd844c,server/model/items/ItemAssistant.java,getItemCount
12acfc45-bdfb-4343-9004-9be15dfd844c,server/model/players/TradeAndDuel.java,tradeItem,->,12acfc45-bdfb-4343-9004-9be15dfd844c,server/model/players/Client.java,getItems
12acfc45-bdfb-4343-9004-9be15dfd844c,server/model/players/TradeAndDuel.java,tradeItem,->,12acfc45-bdfb-4343-9004-9be15dfd844c,server/model/items/ItemAssistant.java,getItemCount
12acfc45-bdfb-4343-9004-9be15dfd844c,server/model/players/TradeAndDuel.java,tradeItem,->,12acfc45-bdfb-4343-9004-9be15dfd844c,server/model/players/TradeAndDuel.java,declineTrade
12acfc45-bdfb-4343-9004-9be15dfd844c,server/model/players/TradeAndDuel.java,tradeItem,->,12acfc45-bdfb-4343-9004-9be15dfd844c,server/model/players/Client.java,getItems
12acfc45-bdfb-4343-9004-9be15dfd844c,server/model/players/TradeAndDuel.java,tradeItem,->,12acfc45-bdfb-4343-9004-9be15dfd844c,server/model/items/ItemAssistant.java,playerHasItem
12acfc45-bdfb-4343-9004-9be15dfd844c,server/model/players/TradeAndDuel.java,tradeItem,->,12acfc45-bdfb-4343-9004-9be15dfd844c,java/util/concurrent/CopyOnWriteArrayList.java,iterator
12acfc45-bdfb-4343-9004-9be15dfd844c,server/model/players/TradeAndDuel.java,tradeItem,->,12acfc45-bdfb-4343-9004-9be15dfd844c,java/util/Iterator.java,hasNext
12acfc45-bdfb-4343-9004-9be15dfd844c,server/model/players/TradeAndDuel.java,tradeItem,->,12acfc45-bdfb-4343-9004-9be15dfd844c,java/util/Iterator.java,next
12acfc45-bdfb-4343-9004-9be15dfd844c,server/model/players/TradeAndDuel.java,tradeItem,->,12acfc45-bdfb-4343-9004-9be15dfd844c,server/model/players/Client.java,getItems
12acfc45-bdfb-4343-9004-9be15dfd844c,server/model/players/TradeAndDuel.java,tradeItem,->,12acfc45-bdfb-4343-9004-9be15dfd844c,server/model/items/ItemAssistant.java,deleteItem2
12acfc45-bdfb-4343-9004-9be15dfd844c,server/model/players/TradeAndDuel.java,tradeItem,->,12acfc45-bdfb-4343-9004-9be15dfd844c,server/model/players/Client.java,getPA
12acfc45-bdfb-4343-9004-9be15dfd844c,server/model/players/TradeAndDuel.java,tradeItem,->,12acfc45-bdfb-4343-9004-9be15dfd844c,java/lang/StringBuilder.java,append
12acfc45-bdfb-4343-9004-9be15dfd844c,server/model/players/TradeAndDuel.java,tradeItem,->,12acfc45-bdfb-4343-9004-9be15dfd844c,java/lang/StringBuilder.java,append
12acfc45-bdfb-4343-9004-9be15dfd844c,server/model/players/TradeAndDuel.java,tradeItem,->,12acfc45-bdfb-4343-9004-9be15dfd844c,java/lang/StringBuilder.java,append
12acfc45-bdfb-4343-9004-9be15dfd844c,server/model/players/TradeAndDuel.java,tradeItem,->,12acfc45-bdfb-4343-9004-9be15dfd844c,server/model/players/Client.java,getItems
12acfc45-bdfb-4343-9004-9be15dfd844c,server/model/players/TradeAndDuel.java,tradeItem,->,12acfc45-bdfb-4343-9004-9be15dfd844c,server/model/items/ItemAssistant.java,freeSlots
12acfc45-bdfb-4343-9004-9be15dfd844c,server/model/players/TradeAndDuel.java,tradeItem,->,12acfc45-bdfb-4343-9004-9be15dfd844c,java/lang/StringBuilder.java,append
12acfc45-bdfb-4343-9004-9be15dfd844c,server/model/players/TradeAndDuel.java,tradeItem,->,12acfc45-bdfb-4343-9004-9be15dfd844c,java/lang/StringBuilder.java,append
12acfc45-bdfb-4343-9004-9be15dfd844c,server/model/players/TradeAndDuel.java,tradeItem,->,12acfc45-bdfb-4343-9004-9be15dfd844c,java/lang/StringBuilder.java,toString
12acfc45-bdfb-4343-9004-9be15dfd844c,server/model/players/TradeAndDuel.java,tradeItem,->,12acfc45-bdfb-4343-9004-9be15dfd844c,991eb2a8-284a-4290-ae08-f54cf8834706,609517a1-3a8b-4bd9-8623-3cae47c33a17
12acfc45-bdfb-4343-9004-9be15dfd844c,server/model/players/TradeAndDuel.java,tradeItem,->,12acfc45-bdfb-4343-9004-9be15dfd844c,java/util/concurrent/CopyOnWriteArrayList.java,add
12acfc45-bdfb-4343-9004-9be15dfd844c,server/model/players/TradeAndDuel.java,tradeItem,->,12acfc45-bdfb-4343-9004-9be15dfd844c,server/model/players/Client.java,getItems
12acfc45-bdfb-4343-9004-9be15dfd844c,server/model/players/TradeAndDuel.java,tradeItem,->,12acfc45-bdfb-4343-9004-9be15dfd844c,server/model/items/ItemAssistant.java,deleteItem2
12acfc45-bdfb-4343-9004-9be15dfd844c,server/model/players/TradeAndDuel.java,tradeItem,->,12acfc45-bdfb-4343-9004-9be15dfd844c,server/model/players/Client.java,getPA
12acfc45-bdfb-4343-9004-9be15dfd844c,server/model/players/TradeAndDuel.java,tradeItem,->,12acfc45-bdfb-4343-9004-9be15dfd844c,java/lang/StringBuilder.java,append
12acfc45-bdfb-4343-9004-9be15dfd844c,server/model/players/TradeAndDuel.java,tradeItem,->,12acfc45-bdfb-4343-9004-9be15dfd844c,java/lang/StringBuilder.java,append
12acfc45-bdfb-4343-9004-9be15dfd844c,server/model/players/TradeAndDuel.java,tradeItem,->,12acfc45-bdfb-4343-9004-9be15dfd844c,java/lang/StringBuilder.java,append
12acfc45-bdfb-4343-9004-9be15dfd844c,server/model/players/TradeAndDuel.java,tradeItem,->,12acfc45-bdfb-4343-9004-9be15dfd844c,server/model/players/Client.java,getItems
12acfc45-bdfb-4343-9004-9be15dfd844c,server/model/players/TradeAndDuel.java,tradeItem,->,12acfc45-bdfb-4343-9004-9be15dfd844c,server/model/items/ItemAssistant.java,freeSlots
12acfc45-bdfb-4343-9004-9be15dfd844c,server/model/players/TradeAndDuel.java,tradeItem,->,12acfc45-bdfb-4343-9004-9be15dfd844c,java/lang/StringBuilder.java,append
12acfc45-bdfb-4343-9004-9be15dfd844c,server/model/players/TradeAndDuel.java,tradeItem,->,12acfc45-bdfb-4343-9004-9be15dfd844c,java/lang/StringBuilder.java,append
12acfc45-bdfb-4343-9004-9be15dfd844c,server/model/players/TradeAndDuel.java,tradeItem,->,12acfc45-bdfb-4343-9004-9be15dfd844c,java/lang/StringBuilder.java,toString
12acfc45-bdfb-4343-9004-9be15dfd844c,server/model/players/TradeAndDuel.java,tradeItem,->,12acfc45-bdfb-4343-9004-9be15dfd844c,991eb2a8-284a-4290-ae08-f54cf8834706,609517a1-3a8b-4bd9-8623-3cae47c33a17
12acfc45-bdfb-4343-9004-9be15dfd844c,server/model/players/TradeAndDuel.java,tradeItem,->,12acfc45-bdfb-4343-9004-9be15dfd844c,server/model/players/Client.java,getPA
12acfc45-bdfb-4343-9004-9be15dfd844c,server/model/players/TradeAndDuel.java,tradeItem,->,12acfc45-bdfb-4343-9004-9be15dfd844c,java/lang/StringBuilder.java,append
12acfc45-bdfb-4343-9004-9be15dfd844c,server/model/players/TradeAndDuel.java,tradeItem,->,12acfc45-bdfb-4343-9004-9be15dfd844c,java/lang/StringBuilder.java,append
12acfc45-bdfb-4343-9004-9be15dfd844c,server/model/players/TradeAndDuel.java,tradeItem,->,12acfc45-bdfb-4343-9004-9be15dfd844c,java/lang/StringBuilder.java,append
12acfc45-bdfb-4343-9004-9be15dfd844c,server/model/players/TradeAndDuel.java,tradeItem,->,12acfc45-bdfb-4343-9004-9be15dfd844c,server/model/players/Client.java,getItems
12acfc45-bdfb-4343-9004-9be15dfd844c,server/model/players/TradeAndDuel.java,tradeItem,->,12acfc45-bdfb-4343-9004-9be15dfd844c,server/model/items/ItemAssistant.java,freeSlots
12acfc45-bdfb-4343-9004-9be15dfd844c,server/model/players/TradeAndDuel.java,tradeItem,->,12acfc45-bdfb-4343-9004-9be15dfd844c,java/lang/StringBuilder.java,append
12acfc45-bdfb-4343-9004-9be15dfd844c,server/model/players/TradeAndDuel.java,tradeItem,->,12acfc45-bdfb-4343-9004-9be15dfd844c,java/lang/StringBuilder.java,append
12acfc45-bdfb-4343-9004-9be15dfd844c,server/model/players/TradeAndDuel.java,tradeItem,->,12acfc45-bdfb-4343-9004-9be15dfd844c,java/lang/StringBuilder.java,toString
12acfc45-bdfb-4343-9004-9be15dfd844c,server/model/players/TradeAndDuel.java,tradeItem,->,12acfc45-bdfb-4343-9004-9be15dfd844c,991eb2a8-284a-4290-ae08-f54cf8834706,609517a1-3a8b-4bd9-8623-3cae47c33a17
12acfc45-bdfb-4343-9004-9be15dfd844c,server/model/players/TradeAndDuel.java,tradeItem,->,12acfc45-bdfb-4343-9004-9be15dfd844c,server/model/players/Client.java,getItems
12acfc45-bdfb-4343-9004-9be15dfd844c,server/model/players/TradeAndDuel.java,tradeItem,->,12acfc45-bdfb-4343-9004-9be15dfd844c,server/model/items/ItemAssistant.java,resetItems
12acfc45-bdfb-4343-9004-9be15dfd844c,server/model/players/TradeAndDuel.java,tradeItem,->,12acfc45-bdfb-4343-9004-9be15dfd844c,server/model/players/TradeAndDuel.java,resetTItems
12acfc45-bdfb-4343-9004-9be15dfd844c,server/model/players/TradeAndDuel.java,tradeItem,->,12acfc45-bdfb-4343-9004-9be15dfd844c,server/model/players/Client.java,getTradeAndDuel
12acfc45-bdfb-4343-9004-9be15dfd844c,server/model/players/TradeAndDuel.java,tradeItem,->,12acfc45-bdfb-4343-9004-9be15dfd844c,server/model/players/TradeAndDuel.java,resetOTItems
12acfc45-bdfb-4343-9004-9be15dfd844c,server/model/players/TradeAndDuel.java,tradeItem,->,12acfc45-bdfb-4343-9004-9be15dfd844c,server/model/players/Client.java,getPA
12acfc45-bdfb-4343-9004-9be15dfd844c,server/model/players/TradeAndDuel.java,tradeItem,->,12acfc45-bdfb-4343-9004-9be15dfd844c,991eb2a8-284a-4290-ae08-f54cf8834706,609517a1-3a8b-4bd9-8623-3cae47c33a17
12acfc45-bdfb-4343-9004-9be15dfd844c,server/model/players/TradeAndDuel.java,tradeItem,->,12acfc45-bdfb-4343-9004-9be15dfd844c,server/model/players/Client.java,getPA
12acfc45-bdfb-4343-9004-9be15dfd844c,server/model/players/TradeAndDuel.java,tradeItem,->,12acfc45-bdfb-4343-9004-9be15dfd844c,991eb2a8-284a-4290-ae08-f54cf8834706,609517a1-3a8b-4bd9-8623-3cae47c33a17
12acfc45-bdfb-4343-9004-9be15dfd844c,server/model/players/TradeAndDuel.java,resetTrade,->,12acfc45-bdfb-4343-9004-9be15dfd844c,java/util/concurrent/CopyOnWriteArrayList.java,clear
12acfc45-bdfb-4343-9004-9be15dfd844c,server/model/players/TradeAndDuel.java,resetTrade,->,12acfc45-bdfb-4343-9004-9be15dfd844c,server/model/players/Client.java,getPA
12acfc45-bdfb-4343-9004-9be15dfd844c,server/model/players/TradeAndDuel.java,resetTrade,->,12acfc45-bdfb-4343-9004-9be15dfd844c,991eb2a8-284a-4290-ae08-f54cf8834706,3666955d-52b4-495d-880c-318d6383a5bb
12acfc45-bdfb-4343-9004-9be15dfd844c,server/model/players/TradeAndDuel.java,resetTrade,->,12acfc45-bdfb-4343-9004-9be15dfd844c,server/model/players/Client.java,getPA
12acfc45-bdfb-4343-9004-9be15dfd844c,server/model/players/TradeAndDuel.java,resetTrade,->,12acfc45-bdfb-4343-9004-9be15dfd844c,991eb2a8-284a-4290-ae08-f54cf8834706,609517a1-3a8b-4bd9-8623-3cae47c33a17
12acfc45-bdfb-4343-9004-9be15dfd844c,server/model/players/TradeAndDuel.java,declineTrade,->,12acfc45-bdfb-4343-9004-9be15dfd844c,server/model/players/TradeAndDuel.java,declineTrade
12acfc45-bdfb-4343-9004-9be15dfd844c,server/model/players/TradeAndDuel.java,declineTrade,->,12acfc45-bdfb-4343-9004-9be15dfd844c,server/model/players/Client.java,getPA
12acfc45-bdfb-4343-9004-9be15dfd844c,server/model/players/TradeAndDuel.java,declineTrade,->,12acfc45-bdfb-4343-9004-9be15dfd844c,991eb2a8-284a-4290-ae08-f54cf8834706,3666955d-52b4-495d-880c-318d6383a5bb
12acfc45-bdfb-4343-9004-9be15dfd844c,server/model/players/TradeAndDuel.java,declineTrade,->,12acfc45-bdfb-4343-9004-9be15dfd844c,server/model/players/Client.java,getTradeAndDuel
12acfc45-bdfb-4343-9004-9be15dfd844c,server/model/players/TradeAndDuel.java,declineTrade,->,12acfc45-bdfb-4343-9004-9be15dfd844c,server/model/players/TradeAndDuel.java,declineTrade
12acfc45-bdfb-4343-9004-9be15dfd844c,server/model/players/TradeAndDuel.java,declineTrade,->,12acfc45-bdfb-4343-9004-9be15dfd844c,server/model/players/Client.java,getTradeAndDuel
12acfc45-bdfb-4343-9004-9be15dfd844c,server/model/players/TradeAndDuel.java,declineTrade,->,12acfc45-bdfb-4343-9004-9be15dfd844c,server/model/players/Client.java,getPA
12acfc45-bdfb-4343-9004-9be15dfd844c,server/model/players/TradeAndDuel.java,declineTrade,->,12acfc45-bdfb-4343-9004-9be15dfd844c,991eb2a8-284a-4290-ae08-f54cf8834706,3666955d-52b4-495d-880c-318d6383a5bb
12acfc45-bdfb-4343-9004-9be15dfd844c,server/model/players/TradeAndDuel.java,declineTrade,->,12acfc45-bdfb-4343-9004-9be15dfd844c,java/util/concurrent/CopyOnWriteArrayList.java,iterator
12acfc45-bdfb-4343-9004-9be15dfd844c,server/model/players/TradeAndDuel.java,declineTrade,->,12acfc45-bdfb-4343-9004-9be15dfd844c,java/util/Iterator.java,hasNext
12acfc45-bdfb-4343-9004-9be15dfd844c,server/model/players/TradeAndDuel.java,declineTrade,->,12acfc45-bdfb-4343-9004-9be15dfd844c,java/util/Iterator.java,next
12acfc45-bdfb-4343-9004-9be15dfd844c,server/model/players/TradeAndDuel.java,declineTrade,->,12acfc45-bdfb-4343-9004-9be15dfd844c,server/model/players/Client.java,getItems
12acfc45-bdfb-4343-9004-9be15dfd844c,server/model/players/TradeAndDuel.java,declineTrade,->,12acfc45-bdfb-4343-9004-9be15dfd844c,server/model/items/ItemAssistant.java,addItem
12acfc45-bdfb-4343-9004-9be15dfd844c,server/model/players/TradeAndDuel.java,declineTrade,->,12acfc45-bdfb-4343-9004-9be15dfd844c,server/model/players/Client.java,getItems
12acfc45-bdfb-4343-9004-9be15dfd844c,server/model/players/TradeAndDuel.java,declineTrade,->,12acfc45-bdfb-4343-9004-9be15dfd844c,server/model/items/ItemAssistant.java,addItem
12acfc45-bdfb-4343-9004-9be15dfd844c,server/model/players/TradeAndDuel.java,declineTrade,->,12acfc45-bdfb-4343-9004-9be15dfd844c,java/util/concurrent/CopyOnWriteArrayList.java,clear
12acfc45-bdfb-4343-9004-9be15dfd844c,server/model/players/TradeAndDuel.java,resetOTItems,->,12acfc45-bdfb-4343-9004-9be15dfd844c,server/model/players/Client.java,getOutStream
12acfc45-bdfb-4343-9004-9be15dfd844c,server/model/players/TradeAndDuel.java,resetOTItems,->,12acfc45-bdfb-4343-9004-9be15dfd844c,server/util/Stream.java,createFrameVarSizeWord
12acfc45-bdfb-4343-9004-9be15dfd844c,server/model/players/TradeAndDuel.java,resetOTItems,->,12acfc45-bdfb-4343-9004-9be15dfd844c,server/model/players/Client.java,getOutStream
12acfc45-bdfb-4343-9004-9be15dfd844c,server/model/players/TradeAndDuel.java,resetOTItems,->,12acfc45-bdfb-4343-9004-9be15dfd844c,server/util/Stream.java,writeWord
12acfc45-bdfb-4343-9004-9be15dfd844c,server/model/players/TradeAndDuel.java,resetOTItems,->,12acfc45-bdfb-4343-9004-9be15dfd844c,server/model/players/Client.java,getTradeAndDuel
12acfc45-bdfb-4343-9004-9be15dfd844c,server/model/players/TradeAndDuel.java,resetOTItems,->,12acfc45-bdfb-4343-9004-9be15dfd844c,java/util/concurrent/CopyOnWriteArrayList.java,toArray
12acfc45-bdfb-4343-9004-9be15dfd844c,server/model/players/TradeAndDuel.java,resetOTItems,->,12acfc45-bdfb-4343-9004-9be15dfd844c,server/model/players/Client.java,getOutStream
12acfc45-bdfb-4343-9004-9be15dfd844c,server/model/players/TradeAndDuel.java,resetOTItems,->,12acfc45-bdfb-4343-9004-9be15dfd844c,server/util/Stream.java,writeWord
12acfc45-bdfb-4343-9004-9be15dfd844c,server/model/players/TradeAndDuel.java,resetOTItems,->,12acfc45-bdfb-4343-9004-9be15dfd844c,server/model/players/Client.java,getTradeAndDuel
12acfc45-bdfb-4343-9004-9be15dfd844c,server/model/players/TradeAndDuel.java,resetOTItems,->,12acfc45-bdfb-4343-9004-9be15dfd844c,java/util/concurrent/CopyOnWriteArrayList.java,iterator
12acfc45-bdfb-4343-9004-9be15dfd844c,server/model/players/TradeAndDuel.java,resetOTItems,->,12acfc45-bdfb-4343-9004-9be15dfd844c,java/util/Iterator.java,hasNext
12acfc45-bdfb-4343-9004-9be15dfd844c,server/model/players/TradeAndDuel.java,resetOTItems,->,12acfc45-bdfb-4343-9004-9be15dfd844c,java/util/Iterator.java,next
12acfc45-bdfb-4343-9004-9be15dfd844c,server/model/players/TradeAndDuel.java,resetOTItems,->,12acfc45-bdfb-4343-9004-9be15dfd844c,server/model/players/Client.java,getOutStream
12acfc45-bdfb-4343-9004-9be15dfd844c,server/model/players/TradeAndDuel.java,resetOTItems,->,12acfc45-bdfb-4343-9004-9be15dfd844c,server/util/Stream.java,writeByte
12acfc45-bdfb-4343-9004-9be15dfd844c,server/model/players/TradeAndDuel.java,resetOTItems,->,12acfc45-bdfb-4343-9004-9be15dfd844c,server/model/players/Client.java,getOutStream
12acfc45-bdfb-4343-9004-9be15dfd844c,server/model/players/TradeAndDuel.java,resetOTItems,->,12acfc45-bdfb-4343-9004-9be15dfd844c,server/util/Stream.java,writeDWord_v2
12acfc45-bdfb-4343-9004-9be15dfd844c,server/model/players/TradeAndDuel.java,resetOTItems,->,12acfc45-bdfb-4343-9004-9be15dfd844c,server/model/players/Client.java,getOutStream
12acfc45-bdfb-4343-9004-9be15dfd844c,server/model/players/TradeAndDuel.java,resetOTItems,->,12acfc45-bdfb-4343-9004-9be15dfd844c,server/util/Stream.java,writeByte
12acfc45-bdfb-4343-9004-9be15dfd844c,server/model/players/TradeAndDuel.java,resetOTItems,->,12acfc45-bdfb-4343-9004-9be15dfd844c,server/model/players/Client.java,getOutStream
12acfc45-bdfb-4343-9004-9be15dfd844c,server/model/players/TradeAndDuel.java,resetOTItems,->,12acfc45-bdfb-4343-9004-9be15dfd844c,server/util/Stream.java,writeWordBigEndianA
12acfc45-bdfb-4343-9004-9be15dfd844c,server/model/players/TradeAndDuel.java,resetOTItems,->,12acfc45-bdfb-4343-9004-9be15dfd844c,server/model/players/Client.java,getOutStream
12acfc45-bdfb-4343-9004-9be15dfd844c,server/model/players/TradeAndDuel.java,resetOTItems,->,12acfc45-bdfb-4343-9004-9be15dfd844c,server/util/Stream.java,writeByte
12acfc45-bdfb-4343-9004-9be15dfd844c,server/model/players/TradeAndDuel.java,resetOTItems,->,12acfc45-bdfb-4343-9004-9be15dfd844c,server/model/players/Client.java,getOutStream
12acfc45-bdfb-4343-9004-9be15dfd844c,server/model/players/TradeAndDuel.java,resetOTItems,->,12acfc45-bdfb-4343-9004-9be15dfd844c,server/util/Stream.java,writeWordBigEndianA
12acfc45-bdfb-4343-9004-9be15dfd844c,server/model/players/TradeAndDuel.java,resetOTItems,->,12acfc45-bdfb-4343-9004-9be15dfd844c,server/model/players/Client.java,getOutStream
12acfc45-bdfb-4343-9004-9be15dfd844c,server/model/players/TradeAndDuel.java,resetOTItems,->,12acfc45-bdfb-4343-9004-9be15dfd844c,server/util/Stream.java,endFrameVarSizeWord
12acfc45-bdfb-4343-9004-9be15dfd844c,server/model/players/TradeAndDuel.java,resetOTItems,->,12acfc45-bdfb-4343-9004-9be15dfd844c,server/model/players/Client.java,flushOutStream
12acfc45-bdfb-4343-9004-9be15dfd844c,server/model/players/TradeAndDuel.java,confirmScreen,->,12acfc45-bdfb-4343-9004-9be15dfd844c,server/model/players/Client.java,getItems
12acfc45-bdfb-4343-9004-9be15dfd844c,server/model/players/TradeAndDuel.java,confirmScreen,->,12acfc45-bdfb-4343-9004-9be15dfd844c,server/model/items/ItemAssistant.java,resetItems
12acfc45-bdfb-4343-9004-9be15dfd844c,server/model/players/TradeAndDuel.java,confirmScreen,->,12acfc45-bdfb-4343-9004-9be15dfd844c,java/util/concurrent/CopyOnWriteArrayList.java,iterator
12acfc45-bdfb-4343-9004-9be15dfd844c,server/model/players/TradeAndDuel.java,confirmScreen,->,12acfc45-bdfb-4343-9004-9be15dfd844c,java/util/Iterator.java,hasNext
12acfc45-bdfb-4343-9004-9be15dfd844c,server/model/players/TradeAndDuel.java,confirmScreen,->,12acfc45-bdfb-4343-9004-9be15dfd844c,java/util/Iterator.java,next
12acfc45-bdfb-4343-9004-9be15dfd844c,server/model/players/TradeAndDuel.java,confirmScreen,->,12acfc45-bdfb-4343-9004-9be15dfd844c,java/lang/StringBuilder.java,append
12acfc45-bdfb-4343-9004-9be15dfd844c,server/model/players/TradeAndDuel.java,confirmScreen,->,12acfc45-bdfb-4343-9004-9be15dfd844c,java/lang/StringBuilder.java,append
12acfc45-bdfb-4343-9004-9be15dfd844c,server/model/players/TradeAndDuel.java,confirmScreen,->,12acfc45-bdfb-4343-9004-9be15dfd844c,java/lang/StringBuilder.java,append
12acfc45-bdfb-4343-9004-9be15dfd844c,server/model/players/TradeAndDuel.java,confirmScreen,->,12acfc45-bdfb-4343-9004-9be15dfd844c,2c89cfe4-ed6d-446f-832b-3c203feb3155,20ef4ba0-87ed-4826-ae6a-c482b2427dee
12acfc45-bdfb-4343-9004-9be15dfd844c,server/model/players/TradeAndDuel.java,confirmScreen,->,12acfc45-bdfb-4343-9004-9be15dfd844c,java/lang/StringBuilder.java,append
12acfc45-bdfb-4343-9004-9be15dfd844c,server/model/players/TradeAndDuel.java,confirmScreen,->,12acfc45-bdfb-4343-9004-9be15dfd844c,java/lang/StringBuilder.java,append
12acfc45-bdfb-4343-9004-9be15dfd844c,server/model/players/TradeAndDuel.java,confirmScreen,->,12acfc45-bdfb-4343-9004-9be15dfd844c,java/lang/StringBuilder.java,toString
12acfc45-bdfb-4343-9004-9be15dfd844c,server/model/players/TradeAndDuel.java,confirmScreen,->,12acfc45-bdfb-4343-9004-9be15dfd844c,java/lang/StringBuilder.java,append
12acfc45-bdfb-4343-9004-9be15dfd844c,server/model/players/TradeAndDuel.java,confirmScreen,->,12acfc45-bdfb-4343-9004-9be15dfd844c,java/lang/StringBuilder.java,append
12acfc45-bdfb-4343-9004-9be15dfd844c,server/model/players/TradeAndDuel.java,confirmScreen,->,12acfc45-bdfb-4343-9004-9be15dfd844c,java/lang/StringBuilder.java,append
12acfc45-bdfb-4343-9004-9be15dfd844c,server/model/players/TradeAndDuel.java,confirmScreen,->,12acfc45-bdfb-4343-9004-9be15dfd844c,2c89cfe4-ed6d-446f-832b-3c203feb3155,20ef4ba0-87ed-4826-ae6a-c482b2427dee
12acfc45-bdfb-4343-9004-9be15dfd844c,server/model/players/TradeAndDuel.java,confirmScreen,->,12acfc45-bdfb-4343-9004-9be15dfd844c,java/lang/StringBuilder.java,append
12acfc45-bdfb-4343-9004-9be15dfd844c,server/model/players/TradeAndDuel.java,confirmScreen,->,12acfc45-bdfb-4343-9004-9be15dfd844c,java/lang/StringBuilder.java,append
12acfc45-bdfb-4343-9004-9be15dfd844c,server/model/players/TradeAndDuel.java,confirmScreen,->,12acfc45-bdfb-4343-9004-9be15dfd844c,java/lang/StringBuilder.java,toString
12acfc45-bdfb-4343-9004-9be15dfd844c,server/model/players/TradeAndDuel.java,confirmScreen,->,12acfc45-bdfb-4343-9004-9be15dfd844c,java/lang/StringBuilder.java,append
12acfc45-bdfb-4343-9004-9be15dfd844c,server/model/players/TradeAndDuel.java,confirmScreen,->,12acfc45-bdfb-4343-9004-9be15dfd844c,2c89cfe4-ed6d-446f-832b-3c203feb3155,20ef4ba0-87ed-4826-ae6a-c482b2427dee
12acfc45-bdfb-4343-9004-9be15dfd844c,server/model/players/TradeAndDuel.java,confirmScreen,->,12acfc45-bdfb-4343-9004-9be15dfd844c,java/lang/StringBuilder.java,append
12acfc45-bdfb-4343-9004-9be15dfd844c,server/model/players/TradeAndDuel.java,confirmScreen,->,12acfc45-bdfb-4343-9004-9be15dfd844c,java/lang/StringBuilder.java,toString
12acfc45-bdfb-4343-9004-9be15dfd844c,server/model/players/TradeAndDuel.java,confirmScreen,->,12acfc45-bdfb-4343-9004-9be15dfd844c,server/model/players/Client.java,getItems
12acfc45-bdfb-4343-9004-9be15dfd844c,server/model/players/TradeAndDuel.java,confirmScreen,->,12acfc45-bdfb-4343-9004-9be15dfd844c,server/model/items/ItemAssistant.java,getItemName
12acfc45-bdfb-4343-9004-9be15dfd844c,server/model/players/TradeAndDuel.java,confirmScreen,->,12acfc45-bdfb-4343-9004-9be15dfd844c,java/lang/StringBuilder.java,append
12acfc45-bdfb-4343-9004-9be15dfd844c,server/model/players/TradeAndDuel.java,confirmScreen,->,12acfc45-bdfb-4343-9004-9be15dfd844c,java/lang/StringBuilder.java,append
12acfc45-bdfb-4343-9004-9be15dfd844c,server/model/players/TradeAndDuel.java,confirmScreen,->,12acfc45-bdfb-4343-9004-9be15dfd844c,server/model/players/Client.java,getItems
12acfc45-bdfb-4343-9004-9be15dfd844c,server/model/players/TradeAndDuel.java,confirmScreen,->,12acfc45-bdfb-4343-9004-9be15dfd844c,server/model/items/ItemAssistant.java,getItemName
12acfc45-bdfb-4343-9004-9be15dfd844c,server/model/players/TradeAndDuel.java,confirmScreen,->,12acfc45-bdfb-4343-9004-9be15dfd844c,java/lang/StringBuilder.java,append
12acfc45-bdfb-4343-9004-9be15dfd844c,server/model/players/TradeAndDuel.java,confirmScreen,->,12acfc45-bdfb-4343-9004-9be15dfd844c,java/lang/StringBuilder.java,toString
12acfc45-bdfb-4343-9004-9be15dfd844c,server/model/players/TradeAndDuel.java,confirmScreen,->,12acfc45-bdfb-4343-9004-9be15dfd844c,java/lang/StringBuilder.java,append
12acfc45-bdfb-4343-9004-9be15dfd844c,server/model/players/TradeAndDuel.java,confirmScreen,->,12acfc45-bdfb-4343-9004-9be15dfd844c,java/lang/StringBuilder.java,append
12acfc45-bdfb-4343-9004-9be15dfd844c,server/model/players/TradeAndDuel.java,confirmScreen,->,12acfc45-bdfb-4343-9004-9be15dfd844c,java/lang/StringBuilder.java,append
12acfc45-bdfb-4343-9004-9be15dfd844c,server/model/players/TradeAndDuel.java,confirmScreen,->,12acfc45-bdfb-4343-9004-9be15dfd844c,java/lang/StringBuilder.java,toString
12acfc45-bdfb-4343-9004-9be15dfd844c,server/model/players/TradeAndDuel.java,confirmScreen,->,12acfc45-bdfb-4343-9004-9be15dfd844c,server/model/players/Client.java,getPA
12acfc45-bdfb-4343-9004-9be15dfd844c,server/model/players/TradeAndDuel.java,confirmScreen,->,12acfc45-bdfb-4343-9004-9be15dfd844c,991eb2a8-284a-4290-ae08-f54cf8834706,609517a1-3a8b-4bd9-8623-3cae47c33a17
12acfc45-bdfb-4343-9004-9be15dfd844c,server/model/players/TradeAndDuel.java,confirmScreen,->,12acfc45-bdfb-4343-9004-9be15dfd844c,server/model/players/Client.java,getTradeAndDuel
12acfc45-bdfb-4343-9004-9be15dfd844c,server/model/players/TradeAndDuel.java,confirmScreen,->,12acfc45-bdfb-4343-9004-9be15dfd844c,java/util/concurrent/CopyOnWriteArrayList.java,iterator
12acfc45-bdfb-4343-9004-9be15dfd844c,server/model/players/TradeAndDuel.java,confirmScreen,->,12acfc45-bdfb-4343-9004-9be15dfd844c,java/util/Iterator.java,hasNext
12acfc45-bdfb-4343-9004-9be15dfd844c,server/model/players/TradeAndDuel.java,confirmScreen,->,12acfc45-bdfb-4343-9004-9be15dfd844c,java/util/Iterator.java,next
12acfc45-bdfb-4343-9004-9be15dfd844c,server/model/players/TradeAndDuel.java,confirmScreen,->,12acfc45-bdfb-4343-9004-9be15dfd844c,java/lang/StringBuilder.java,append
12acfc45-bdfb-4343-9004-9be15dfd844c,server/model/players/TradeAndDuel.java,confirmScreen,->,12acfc45-bdfb-4343-9004-9be15dfd844c,java/lang/StringBuilder.java,append
12acfc45-bdfb-4343-9004-9be15dfd844c,server/model/players/TradeAndDuel.java,confirmScreen,->,12acfc45-bdfb-4343-9004-9be15dfd844c,java/lang/StringBuilder.java,append
12acfc45-bdfb-4343-9004-9be15dfd844c,server/model/players/TradeAndDuel.java,confirmScreen,->,12acfc45-bdfb-4343-9004-9be15dfd844c,2c89cfe4-ed6d-446f-832b-3c203feb3155,20ef4ba0-87ed-4826-ae6a-c482b2427dee
12acfc45-bdfb-4343-9004-9be15dfd844c,server/model/players/TradeAndDuel.java,confirmScreen,->,12acfc45-bdfb-4343-9004-9be15dfd844c,java/lang/StringBuilder.java,append
12acfc45-bdfb-4343-9004-9be15dfd844c,server/model/players/TradeAndDuel.java,confirmScreen,->,12acfc45-bdfb-4343-9004-9be15dfd844c,java/lang/StringBuilder.java,append
12acfc45-bdfb-4343-9004-9be15dfd844c,server/model/players/TradeAndDuel.java,confirmScreen,->,12acfc45-bdfb-4343-9004-9be15dfd844c,java/lang/StringBuilder.java,toString
12acfc45-bdfb-4343-9004-9be15dfd844c,server/model/players/TradeAndDuel.java,confirmScreen,->,12acfc45-bdfb-4343-9004-9be15dfd844c,java/lang/StringBuilder.java,append
12acfc45-bdfb-4343-9004-9be15dfd844c,server/model/players/TradeAndDuel.java,confirmScreen,->,12acfc45-bdfb-4343-9004-9be15dfd844c,java/lang/StringBuilder.java,append
12acfc45-bdfb-4343-9004-9be15dfd844c,server/model/players/TradeAndDuel.java,confirmScreen,->,12acfc45-bdfb-4343-9004-9be15dfd844c,java/lang/StringBuilder.java,append
12acfc45-bdfb-4343-9004-9be15dfd844c,server/model/players/TradeAndDuel.java,confirmScreen,->,12acfc45-bdfb-4343-9004-9be15dfd844c,2c89cfe4-ed6d-446f-832b-3c203feb3155,20ef4ba0-87ed-4826-ae6a-c482b2427dee
12acfc45-bdfb-4343-9004-9be15dfd844c,server/model/players/TradeAndDuel.java,confirmScreen,->,12acfc45-bdfb-4343-9004-9be15dfd844c,java/lang/StringBuilder.java,append
12acfc45-bdfb-4343-9004-9be15dfd844c,server/model/players/TradeAndDuel.java,confirmScreen,->,12acfc45-bdfb-4343-9004-9be15dfd844c,java/lang/StringBuilder.java,append
12acfc45-bdfb-4343-9004-9be15dfd844c,server/model/players/TradeAndDuel.java,confirmScreen,->,12acfc45-bdfb-4343-9004-9be15dfd844c,java/lang/StringBuilder.java,toString
12acfc45-bdfb-4343-9004-9be15dfd844c,server/model/players/TradeAndDuel.java,confirmScreen,->,12acfc45-bdfb-4343-9004-9be15dfd844c,java/lang/StringBuilder.java,append
12acfc45-bdfb-4343-9004-9be15dfd844c,server/model/players/TradeAndDuel.java,confirmScreen,->,12acfc45-bdfb-4343-9004-9be15dfd844c,2c89cfe4-ed6d-446f-832b-3c203feb3155,20ef4ba0-87ed-4826-ae6a-c482b2427dee
12acfc45-bdfb-4343-9004-9be15dfd844c,server/model/players/TradeAndDuel.java,confirmScreen,->,12acfc45-bdfb-4343-9004-9be15dfd844c,java/lang/StringBuilder.java,append
12acfc45-bdfb-4343-9004-9be15dfd844c,server/model/players/TradeAndDuel.java,confirmScreen,->,12acfc45-bdfb-4343-9004-9be15dfd844c,java/lang/StringBuilder.java,toString
12acfc45-bdfb-4343-9004-9be15dfd844c,server/model/players/TradeAndDuel.java,confirmScreen,->,12acfc45-bdfb-4343-9004-9be15dfd844c,server/model/players/Client.java,getItems
12acfc45-bdfb-4343-9004-9be15dfd844c,server/model/players/TradeAndDuel.java,confirmScreen,->,12acfc45-bdfb-4343-9004-9be15dfd844c,server/model/items/ItemAssistant.java,getItemName
12acfc45-bdfb-4343-9004-9be15dfd844c,server/model/players/TradeAndDuel.java,confirmScreen,->,12acfc45-bdfb-4343-9004-9be15dfd844c,java/lang/StringBuilder.java,append
12acfc45-bdfb-4343-9004-9be15dfd844c,server/model/players/TradeAndDuel.java,confirmScreen,->,12acfc45-bdfb-4343-9004-9be15dfd844c,java/lang/StringBuilder.java,append
12acfc45-bdfb-4343-9004-9be15dfd844c,server/model/players/TradeAndDuel.java,confirmScreen,->,12acfc45-bdfb-4343-9004-9be15dfd844c,server/model/players/Client.java,getItems
12acfc45-bdfb-4343-9004-9be15dfd844c,server/model/players/TradeAndDuel.java,confirmScreen,->,12acfc45-bdfb-4343-9004-9be15dfd844c,server/model/items/ItemAssistant.java,getItemName
12acfc45-bdfb-4343-9004-9be15dfd844c,server/model/players/TradeAndDuel.java,confirmScreen,->,12acfc45-bdfb-4343-9004-9be15dfd844c,java/lang/StringBuilder.java,append
12acfc45-bdfb-4343-9004-9be15dfd844c,server/model/players/TradeAndDuel.java,confirmScreen,->,12acfc45-bdfb-4343-9004-9be15dfd844c,java/lang/StringBuilder.java,toString
12acfc45-bdfb-4343-9004-9be15dfd844c,server/model/players/TradeAndDuel.java,confirmScreen,->,12acfc45-bdfb-4343-9004-9be15dfd844c,java/lang/StringBuilder.java,append
12acfc45-bdfb-4343-9004-9be15dfd844c,server/model/players/TradeAndDuel.java,confirmScreen,->,12acfc45-bdfb-4343-9004-9be15dfd844c,java/lang/StringBuilder.java,append
12acfc45-bdfb-4343-9004-9be15dfd844c,server/model/players/TradeAndDuel.java,confirmScreen,->,12acfc45-bdfb-4343-9004-9be15dfd844c,java/lang/StringBuilder.java,append
12acfc45-bdfb-4343-9004-9be15dfd844c,server/model/players/TradeAndDuel.java,confirmScreen,->,12acfc45-bdfb-4343-9004-9be15dfd844c,java/lang/StringBuilder.java,toString
12acfc45-bdfb-4343-9004-9be15dfd844c,server/model/players/TradeAndDuel.java,confirmScreen,->,12acfc45-bdfb-4343-9004-9be15dfd844c,server/model/players/Client.java,getPA
12acfc45-bdfb-4343-9004-9be15dfd844c,server/model/players/TradeAndDuel.java,confirmScreen,->,12acfc45-bdfb-4343-9004-9be15dfd844c,991eb2a8-284a-4290-ae08-f54cf8834706,609517a1-3a8b-4bd9-8623-3cae47c33a17
12acfc45-bdfb-4343-9004-9be15dfd844c,server/model/players/TradeAndDuel.java,confirmScreen,->,12acfc45-bdfb-4343-9004-9be15dfd844c,server/model/players/Client.java,getPA
12acfc45-bdfb-4343-9004-9be15dfd844c,server/model/players/TradeAndDuel.java,confirmScreen,->,12acfc45-bdfb-4343-9004-9be15dfd844c,991eb2a8-284a-4290-ae08-f54cf8834706,b5e0025e-af80-480f-915c-9faf727f9415
12acfc45-bdfb-4343-9004-9be15dfd844c,server/model/players/TradeAndDuel.java,giveItems,->,12acfc45-bdfb-4343-9004-9be15dfd844c,server/model/players/Client.java,getTradeAndDuel
12acfc45-bdfb-4343-9004-9be15dfd844c,server/model/players/TradeAndDuel.java,giveItems,->,12acfc45-bdfb-4343-9004-9be15dfd844c,java/util/concurrent/CopyOnWriteArrayList.java,iterator
12acfc45-bdfb-4343-9004-9be15dfd844c,server/model/players/TradeAndDuel.java,giveItems,->,12acfc45-bdfb-4343-9004-9be15dfd844c,java/util/Iterator.java,hasNext
12acfc45-bdfb-4343-9004-9be15dfd844c,server/model/players/TradeAndDuel.java,giveItems,->,12acfc45-bdfb-4343-9004-9be15dfd844c,java/util/Iterator.java,next
12acfc45-bdfb-4343-9004-9be15dfd844c,server/model/players/TradeAndDuel.java,giveItems,->,12acfc45-bdfb-4343-9004-9be15dfd844c,server/model/players/Client.java,getItems
12acfc45-bdfb-4343-9004-9be15dfd844c,server/model/players/TradeAndDuel.java,giveItems,->,12acfc45-bdfb-4343-9004-9be15dfd844c,server/model/items/ItemAssistant.java,addItem
12acfc45-bdfb-4343-9004-9be15dfd844c,server/model/players/TradeAndDuel.java,giveItems,->,12acfc45-bdfb-4343-9004-9be15dfd844c,server/model/players/Client.java,getPA
12acfc45-bdfb-4343-9004-9be15dfd844c,server/model/players/TradeAndDuel.java,giveItems,->,12acfc45-bdfb-4343-9004-9be15dfd844c,991eb2a8-284a-4290-ae08-f54cf8834706,3666955d-52b4-495d-880c-318d6383a5bb
12acfc45-bdfb-4343-9004-9be15dfd844c,server/model/players/TradeAndDuel.java,requestDuel,->,12acfc45-bdfb-4343-9004-9be15dfd844c,server/model/players/TradeAndDuel.java,resetDuel
12acfc45-bdfb-4343-9004-9be15dfd844c,server/model/players/TradeAndDuel.java,requestDuel,->,12acfc45-bdfb-4343-9004-9be15dfd844c,server/model/players/TradeAndDuel.java,resetDuelItems
12acfc45-bdfb-4343-9004-9be15dfd844c,server/model/players/TradeAndDuel.java,requestDuel,->,12acfc45-bdfb-4343-9004-9be15dfd844c,server/model/players/Client.java,getId
12acfc45-bdfb-4343-9004-9be15dfd844c,server/model/players/TradeAndDuel.java,requestDuel,->,12acfc45-bdfb-4343-9004-9be15dfd844c,server/model/players/Client.java,getId
12acfc45-bdfb-4343-9004-9be15dfd844c,server/model/players/TradeAndDuel.java,requestDuel,->,12acfc45-bdfb-4343-9004-9be15dfd844c,server/model/players/Client.java,getX
12acfc45-bdfb-4343-9004-9be15dfd844c,server/model/players/TradeAndDuel.java,requestDuel,->,12acfc45-bdfb-4343-9004-9be15dfd844c,server/model/players/Client.java,getY
12acfc45-bdfb-4343-9004-9be15dfd844c,server/model/players/TradeAndDuel.java,requestDuel,->,12acfc45-bdfb-4343-9004-9be15dfd844c,server/model/players/Client.java,getX
12acfc45-bdfb-4343-9004-9be15dfd844c,server/model/players/TradeAndDuel.java,requestDuel,->,12acfc45-bdfb-4343-9004-9be15dfd844c,server/model/players/Client.java,getY
12acfc45-bdfb-4343-9004-9be15dfd844c,server/model/players/TradeAndDuel.java,requestDuel,->,12acfc45-bdfb-4343-9004-9be15dfd844c,server/model/players/Client.java,goodDistance
12acfc45-bdfb-4343-9004-9be15dfd844c,server/model/players/TradeAndDuel.java,requestDuel,->,12acfc45-bdfb-4343-9004-9be15dfd844c,server/model/players/Client.java,getTradeAndDuel
12acfc45-bdfb-4343-9004-9be15dfd844c,server/model/players/TradeAndDuel.java,requestDuel,->,12acfc45-bdfb-4343-9004-9be15dfd844c,server/model/players/TradeAndDuel.java,openDuel
12acfc45-bdfb-4343-9004-9be15dfd844c,server/model/players/TradeAndDuel.java,requestDuel,->,12acfc45-bdfb-4343-9004-9be15dfd844c,server/model/players/Client.java,getTradeAndDuel
12acfc45-bdfb-4343-9004-9be15dfd844c,server/model/players/TradeAndDuel.java,requestDuel,->,12acfc45-bdfb-4343-9004-9be15dfd844c,server/model/players/TradeAndDuel.java,openDuel
12acfc45-bdfb-4343-9004-9be15dfd844c,server/model/players/TradeAndDuel.java,requestDuel,->,12acfc45-bdfb-4343-9004-9be15dfd844c,server/model/players/Client.java,sendMessage
12acfc45-bdfb-4343-9004-9be15dfd844c,server/model/players/TradeAndDuel.java,requestDuel,->,12acfc45-bdfb-4343-9004-9be15dfd844c,server/model/players/Client.java,sendMessage
12acfc45-bdfb-4343-9004-9be15dfd844c,server/model/players/TradeAndDuel.java,requestDuel,->,12acfc45-bdfb-4343-9004-9be15dfd844c,java/lang/StringBuilder.java,append
12acfc45-bdfb-4343-9004-9be15dfd844c,server/model/players/TradeAndDuel.java,requestDuel,->,12acfc45-bdfb-4343-9004-9be15dfd844c,java/lang/StringBuilder.java,append
12acfc45-bdfb-4343-9004-9be15dfd844c,server/model/players/TradeAndDuel.java,requestDuel,->,12acfc45-bdfb-4343-9004-9be15dfd844c,java/lang/StringBuilder.java,toString
12acfc45-bdfb-4343-9004-9be15dfd844c,server/model/players/TradeAndDuel.java,requestDuel,->,12acfc45-bdfb-4343-9004-9be15dfd844c,server/model/players/Client.java,sendMessage
12acfc45-bdfb-4343-9004-9be15dfd844c,server/model/players/TradeAndDuel.java,requestDuel,->,12acfc45-bdfb-4343-9004-9be15dfd844c,2c89cfe4-ed6d-446f-832b-3c203feb3155,cf0eb5d1-f945-4cc7-9eaa-55b858ed55c6
12acfc45-bdfb-4343-9004-9be15dfd844c,server/model/players/TradeAndDuel.java,openDuel,->,12acfc45-bdfb-4343-9004-9be15dfd844c,server/model/players/TradeAndDuel.java,refreshduelRules
12acfc45-bdfb-4343-9004-9be15dfd844c,server/model/players/TradeAndDuel.java,openDuel,->,12acfc45-bdfb-4343-9004-9be15dfd844c,server/model/players/TradeAndDuel.java,refreshDuelScreen
12acfc45-bdfb-4343-9004-9be15dfd844c,server/model/players/TradeAndDuel.java,openDuel,->,12acfc45-bdfb-4343-9004-9be15dfd844c,server/model/players/TradeAndDuel.java,sendDuelEquipment
12acfc45-bdfb-4343-9004-9be15dfd844c,server/model/players/TradeAndDuel.java,openDuel,->,12acfc45-bdfb-4343-9004-9be15dfd844c,server/model/players/Client.java,getPA
12acfc45-bdfb-4343-9004-9be15dfd844c,server/model/players/TradeAndDuel.java,openDuel,->,12acfc45-bdfb-4343-9004-9be15dfd844c,java/lang/StringBuilder.java,append
12acfc45-bdfb-4343-9004-9be15dfd844c,server/model/players/TradeAndDuel.java,openDuel,->,12acfc45-bdfb-4343-9004-9be15dfd844c,java/lang/StringBuilder.java,append
12acfc45-bdfb-4343-9004-9be15dfd844c,server/model/players/TradeAndDuel.java,openDuel,->,12acfc45-bdfb-4343-9004-9be15dfd844c,java/lang/StringBuilder.java,append
12acfc45-bdfb-4343-9004-9be15dfd844c,server/model/players/TradeAndDuel.java,openDuel,->,12acfc45-bdfb-4343-9004-9be15dfd844c,java/lang/StringBuilder.java,append
12acfc45-bdfb-4343-9004-9be15dfd844c,server/model/players/TradeAndDuel.java,openDuel,->,12acfc45-bdfb-4343-9004-9be15dfd844c,java/lang/StringBuilder.java,append
12acfc45-bdfb-4343-9004-9be15dfd844c,server/model/players/TradeAndDuel.java,openDuel,->,12acfc45-bdfb-4343-9004-9be15dfd844c,java/lang/StringBuilder.java,toString
12acfc45-bdfb-4343-9004-9be15dfd844c,server/model/players/TradeAndDuel.java,openDuel,->,12acfc45-bdfb-4343-9004-9be15dfd844c,991eb2a8-284a-4290-ae08-f54cf8834706,609517a1-3a8b-4bd9-8623-3cae47c33a17
12acfc45-bdfb-4343-9004-9be15dfd844c,server/model/players/TradeAndDuel.java,openDuel,->,12acfc45-bdfb-4343-9004-9be15dfd844c,server/model/players/Client.java,getPA
12acfc45-bdfb-4343-9004-9be15dfd844c,server/model/players/TradeAndDuel.java,openDuel,->,12acfc45-bdfb-4343-9004-9be15dfd844c,991eb2a8-284a-4290-ae08-f54cf8834706,609517a1-3a8b-4bd9-8623-3cae47c33a17
12acfc45-bdfb-4343-9004-9be15dfd844c,server/model/players/TradeAndDuel.java,openDuel,->,12acfc45-bdfb-4343-9004-9be15dfd844c,server/model/players/Client.java,getPA
12acfc45-bdfb-4343-9004-9be15dfd844c,server/model/players/TradeAndDuel.java,openDuel,->,12acfc45-bdfb-4343-9004-9be15dfd844c,991eb2a8-284a-4290-ae08-f54cf8834706,b5e0025e-af80-480f-915c-9faf727f9415
12acfc45-bdfb-4343-9004-9be15dfd844c,server/model/players/TradeAndDuel.java,openDuel,->,12acfc45-bdfb-4343-9004-9be15dfd844c,server/model/players/Client.java,getItems
12acfc45-bdfb-4343-9004-9be15dfd844c,server/model/players/TradeAndDuel.java,openDuel,->,12acfc45-bdfb-4343-9004-9be15dfd844c,server/model/items/ItemAssistant.java,resetItems
12acfc45-bdfb-4343-9004-9be15dfd844c,server/model/players/TradeAndDuel.java,sendDuelEquipment,->,12acfc45-bdfb-4343-9004-9be15dfd844c,server/model/players/Client.java,getOutStream
12acfc45-bdfb-4343-9004-9be15dfd844c,server/model/players/TradeAndDuel.java,sendDuelEquipment,->,12acfc45-bdfb-4343-9004-9be15dfd844c,server/util/Stream.java,createFrameVarSizeWord
12acfc45-bdfb-4343-9004-9be15dfd844c,server/model/players/TradeAndDuel.java,sendDuelEquipment,->,12acfc45-bdfb-4343-9004-9be15dfd844c,server/model/players/Client.java,getOutStream
12acfc45-bdfb-4343-9004-9be15dfd844c,server/model/players/TradeAndDuel.java,sendDuelEquipment,->,12acfc45-bdfb-4343-9004-9be15dfd844c,server/util/Stream.java,writeWord
12acfc45-bdfb-4343-9004-9be15dfd844c,server/model/players/TradeAndDuel.java,sendDuelEquipment,->,12acfc45-bdfb-4343-9004-9be15dfd844c,server/model/players/Client.java,getOutStream
12acfc45-bdfb-4343-9004-9be15dfd844c,server/model/players/TradeAndDuel.java,sendDuelEquipment,->,12acfc45-bdfb-4343-9004-9be15dfd844c,server/util/Stream.java,writeByte
12acfc45-bdfb-4343-9004-9be15dfd844c,server/model/players/TradeAndDuel.java,sendDuelEquipment,->,12acfc45-bdfb-4343-9004-9be15dfd844c,server/model/players/Client.java,getOutStream
12acfc45-bdfb-4343-9004-9be15dfd844c,server/model/players/TradeAndDuel.java,sendDuelEquipment,->,12acfc45-bdfb-4343-9004-9be15dfd844c,server/util/Stream.java,writeWord
12acfc45-bdfb-4343-9004-9be15dfd844c,server/model/players/TradeAndDuel.java,sendDuelEquipment,->,12acfc45-bdfb-4343-9004-9be15dfd844c,server/model/players/Client.java,getOutStream
12acfc45-bdfb-4343-9004-9be15dfd844c,server/model/players/TradeAndDuel.java,sendDuelEquipment,->,12acfc45-bdfb-4343-9004-9be15dfd844c,server/util/Stream.java,writeByte
12acfc45-bdfb-4343-9004-9be15dfd844c,server/model/players/TradeAndDuel.java,sendDuelEquipment,->,12acfc45-bdfb-4343-9004-9be15dfd844c,server/model/players/Client.java,getOutStream
12acfc45-bdfb-4343-9004-9be15dfd844c,server/model/players/TradeAndDuel.java,sendDuelEquipment,->,12acfc45-bdfb-4343-9004-9be15dfd844c,server/util/Stream.java,writeDWord
12acfc45-bdfb-4343-9004-9be15dfd844c,server/model/players/TradeAndDuel.java,sendDuelEquipment,->,12acfc45-bdfb-4343-9004-9be15dfd844c,server/model/players/Client.java,getOutStream
12acfc45-bdfb-4343-9004-9be15dfd844c,server/model/players/TradeAndDuel.java,sendDuelEquipment,->,12acfc45-bdfb-4343-9004-9be15dfd844c,server/util/Stream.java,writeByte
12acfc45-bdfb-4343-9004-9be15dfd844c,server/model/players/TradeAndDuel.java,sendDuelEquipment,->,12acfc45-bdfb-4343-9004-9be15dfd844c,server/model/players/Client.java,getOutStream
12acfc45-bdfb-4343-9004-9be15dfd844c,server/model/players/TradeAndDuel.java,sendDuelEquipment,->,12acfc45-bdfb-4343-9004-9be15dfd844c,server/util/Stream.java,endFrameVarSizeWord
12acfc45-bdfb-4343-9004-9be15dfd844c,server/model/players/TradeAndDuel.java,sendDuelEquipment,->,12acfc45-bdfb-4343-9004-9be15dfd844c,server/model/players/Client.java,flushOutStream
12acfc45-bdfb-4343-9004-9be15dfd844c,server/model/players/TradeAndDuel.java,refreshduelRules,->,12acfc45-bdfb-4343-9004-9be15dfd844c,server/model/players/Client.java,getPA
12acfc45-bdfb-4343-9004-9be15dfd844c,server/model/players/TradeAndDuel.java,refreshduelRules,->,12acfc45-bdfb-4343-9004-9be15dfd844c,991eb2a8-284a-4290-ae08-f54cf8834706,fccfc8f1-adb7-456a-8e60-fd652c5870cc
12acfc45-bdfb-4343-9004-9be15dfd844c,server/model/players/TradeAndDuel.java,refreshDuelScreen,->,12acfc45-bdfb-4343-9004-9be15dfd844c,server/model/players/Client.java,getOutStream
12acfc45-bdfb-4343-9004-9be15dfd844c,server/model/players/TradeAndDuel.java,refreshDuelScreen,->,12acfc45-bdfb-4343-9004-9be15dfd844c,server/util/Stream.java,createFrameVarSizeWord
12acfc45-bdfb-4343-9004-9be15dfd844c,server/model/players/TradeAndDuel.java,refreshDuelScreen,->,12acfc45-bdfb-4343-9004-9be15dfd844c,server/model/players/Client.java,getOutStream
12acfc45-bdfb-4343-9004-9be15dfd844c,server/model/players/TradeAndDuel.java,refreshDuelScreen,->,12acfc45-bdfb-4343-9004-9be15dfd844c,server/util/Stream.java,writeWord
12acfc45-bdfb-4343-9004-9be15dfd844c,server/model/players/TradeAndDuel.java,refreshDuelScreen,->,12acfc45-bdfb-4343-9004-9be15dfd844c,server/model/players/Client.java,getOutStream
12acfc45-bdfb-4343-9004-9be15dfd844c,server/model/players/TradeAndDuel.java,refreshDuelScreen,->,12acfc45-bdfb-4343-9004-9be15dfd844c,java/util/concurrent/CopyOnWriteArrayList.java,toArray
12acfc45-bdfb-4343-9004-9be15dfd844c,server/model/players/TradeAndDuel.java,refreshDuelScreen,->,12acfc45-bdfb-4343-9004-9be15dfd844c,server/util/Stream.java,writeWord
12acfc45-bdfb-4343-9004-9be15dfd844c,server/model/players/TradeAndDuel.java,refreshDuelScreen,->,12acfc45-bdfb-4343-9004-9be15dfd844c,java/util/concurrent/CopyOnWriteArrayList.java,iterator
12acfc45-bdfb-4343-9004-9be15dfd844c,server/model/players/TradeAndDuel.java,refreshDuelScreen,->,12acfc45-bdfb-4343-9004-9be15dfd844c,java/util/Iterator.java,hasNext
12acfc45-bdfb-4343-9004-9be15dfd844c,server/model/players/TradeAndDuel.java,refreshDuelScreen,->,12acfc45-bdfb-4343-9004-9be15dfd844c,java/util/Iterator.java,next
12acfc45-bdfb-4343-9004-9be15dfd844c,server/model/players/TradeAndDuel.java,refreshDuelScreen,->,12acfc45-bdfb-4343-9004-9be15dfd844c,server/model/players/Client.java,getOutStream
12acfc45-bdfb-4343-9004-9be15dfd844c,server/model/players/TradeAndDuel.java,refreshDuelScreen,->,12acfc45-bdfb-4343-9004-9be15dfd844c,server/util/Stream.java,writeByte
12acfc45-bdfb-4343-9004-9be15dfd844c,server/model/players/TradeAndDuel.java,refreshDuelScreen,->,12acfc45-bdfb-4343-9004-9be15dfd844c,server/model/players/Client.java,getOutStream
12acfc45-bdfb-4343-9004-9be15dfd844c,server/model/players/TradeAndDuel.java,refreshDuelScreen,->,12acfc45-bdfb-4343-9004-9be15dfd844c,server/util/Stream.java,writeDWord_v2
12acfc45-bdfb-4343-9004-9be15dfd844c,server/model/players/TradeAndDuel.java,refreshDuelScreen,->,12acfc45-bdfb-4343-9004-9be15dfd844c,server/model/players/Client.java,getOutStream
12acfc45-bdfb-4343-9004-9be15dfd844c,server/model/players/TradeAndDuel.java,refreshDuelScreen,->,12acfc45-bdfb-4343-9004-9be15dfd844c,server/util/Stream.java,writeByte
12acfc45-bdfb-4343-9004-9be15dfd844c,server/model/players/TradeAndDuel.java,refreshDuelScreen,->,12acfc45-bdfb-4343-9004-9be15dfd844c,server/model/players/Client.java,getOutStream
12acfc45-bdfb-4343-9004-9be15dfd844c,server/model/players/TradeAndDuel.java,refreshDuelScreen,->,12acfc45-bdfb-4343-9004-9be15dfd844c,server/util/Stream.java,writeWordBigEndianA
12acfc45-bdfb-4343-9004-9be15dfd844c,server/model/players/TradeAndDuel.java,refreshDuelScreen,->,12acfc45-bdfb-4343-9004-9be15dfd844c,server/model/players/Client.java,getOutStream
12acfc45-bdfb-4343-9004-9be15dfd844c,server/model/players/TradeAndDuel.java,refreshDuelScreen,->,12acfc45-bdfb-4343-9004-9be15dfd844c,server/util/Stream.java,writeByte
12acfc45-bdfb-4343-9004-9be15dfd844c,server/model/players/TradeAndDuel.java,refreshDuelScreen,->,12acfc45-bdfb-4343-9004-9be15dfd844c,server/model/players/Client.java,getOutStream
12acfc45-bdfb-4343-9004-9be15dfd844c,server/model/players/TradeAndDuel.java,refreshDuelScreen,->,12acfc45-bdfb-4343-9004-9be15dfd844c,server/util/Stream.java,writeWordBigEndianA
12acfc45-bdfb-4343-9004-9be15dfd844c,server/model/players/TradeAndDuel.java,refreshDuelScreen,->,12acfc45-bdfb-4343-9004-9be15dfd844c,server/model/players/Client.java,getOutStream
12acfc45-bdfb-4343-9004-9be15dfd844c,server/model/players/TradeAndDuel.java,refreshDuelScreen,->,12acfc45-bdfb-4343-9004-9be15dfd844c,server/util/Stream.java,endFrameVarSizeWord
12acfc45-bdfb-4343-9004-9be15dfd844c,server/model/players/TradeAndDuel.java,refreshDuelScreen,->,12acfc45-bdfb-4343-9004-9be15dfd844c,server/model/players/Client.java,flushOutStream
12acfc45-bdfb-4343-9004-9be15dfd844c,server/model/players/TradeAndDuel.java,refreshDuelScreen,->,12acfc45-bdfb-4343-9004-9be15dfd844c,server/model/players/Client.java,getOutStream
12acfc45-bdfb-4343-9004-9be15dfd844c,server/model/players/TradeAndDuel.java,refreshDuelScreen,->,12acfc45-bdfb-4343-9004-9be15dfd844c,server/util/Stream.java,createFrameVarSizeWord
12acfc45-bdfb-4343-9004-9be15dfd844c,server/model/players/TradeAndDuel.java,refreshDuelScreen,->,12acfc45-bdfb-4343-9004-9be15dfd844c,server/model/players/Client.java,getOutStream
12acfc45-bdfb-4343-9004-9be15dfd844c,server/model/players/TradeAndDuel.java,refreshDuelScreen,->,12acfc45-bdfb-4343-9004-9be15dfd844c,server/util/Stream.java,writeWord
12acfc45-bdfb-4343-9004-9be15dfd844c,server/model/players/TradeAndDuel.java,refreshDuelScreen,->,12acfc45-bdfb-4343-9004-9be15dfd844c,server/model/players/Client.java,getOutStream
12acfc45-bdfb-4343-9004-9be15dfd844c,server/model/players/TradeAndDuel.java,refreshDuelScreen,->,12acfc45-bdfb-4343-9004-9be15dfd844c,server/model/players/Client.java,getTradeAndDuel
12acfc45-bdfb-4343-9004-9be15dfd844c,server/model/players/TradeAndDuel.java,refreshDuelScreen,->,12acfc45-bdfb-4343-9004-9be15dfd844c,java/util/concurrent/CopyOnWriteArrayList.java,toArray
12acfc45-bdfb-4343-9004-9be15dfd844c,server/model/players/TradeAndDuel.java,refreshDuelScreen,->,12acfc45-bdfb-4343-9004-9be15dfd844c,server/util/Stream.java,writeWord
12acfc45-bdfb-4343-9004-9be15dfd844c,server/model/players/TradeAndDuel.java,refreshDuelScreen,->,12acfc45-bdfb-4343-9004-9be15dfd844c,server/model/players/Client.java,getTradeAndDuel
12acfc45-bdfb-4343-9004-9be15dfd844c,server/model/players/TradeAndDuel.java,refreshDuelScreen,->,12acfc45-bdfb-4343-9004-9be15dfd844c,java/util/concurrent/CopyOnWriteArrayList.java,iterator
12acfc45-bdfb-4343-9004-9be15dfd844c,server/model/players/TradeAndDuel.java,refreshDuelScreen,->,12acfc45-bdfb-4343-9004-9be15dfd844c,java/util/Iterator.java,hasNext
12acfc45-bdfb-4343-9004-9be15dfd844c,server/model/players/TradeAndDuel.java,refreshDuelScreen,->,12acfc45-bdfb-4343-9004-9be15dfd844c,java/util/Iterator.java,next
12acfc45-bdfb-4343-9004-9be15dfd844c,server/model/players/TradeAndDuel.java,refreshDuelScreen,->,12acfc45-bdfb-4343-9004-9be15dfd844c,server/model/players/Client.java,getOutStream
12acfc45-bdfb-4343-9004-9be15dfd844c,server/model/players/TradeAndDuel.java,refreshDuelScreen,->,12acfc45-bdfb-4343-9004-9be15dfd844c,server/util/Stream.java,writeByte
12acfc45-bdfb-4343-9004-9be15dfd844c,server/model/players/TradeAndDuel.java,refreshDuelScreen,->,12acfc45-bdfb-4343-9004-9be15dfd844c,server/model/players/Client.java,getOutStream
12acfc45-bdfb-4343-9004-9be15dfd844c,server/model/players/TradeAndDuel.java,refreshDuelScreen,->,12acfc45-bdfb-4343-9004-9be15dfd844c,server/util/Stream.java,writeDWord_v2
12acfc45-bdfb-4343-9004-9be15dfd844c,server/model/players/TradeAndDuel.java,refreshDuelScreen,->,12acfc45-bdfb-4343-9004-9be15dfd844c,server/model/players/Client.java,getOutStream
12acfc45-bdfb-4343-9004-9be15dfd844c,server/model/players/TradeAndDuel.java,refreshDuelScreen,->,12acfc45-bdfb-4343-9004-9be15dfd844c,server/util/Stream.java,writeByte
12acfc45-bdfb-4343-9004-9be15dfd844c,server/model/players/TradeAndDuel.java,refreshDuelScreen,->,12acfc45-bdfb-4343-9004-9be15dfd844c,server/model/players/Client.java,getOutStream
12acfc45-bdfb-4343-9004-9be15dfd844c,server/model/players/TradeAndDuel.java,refreshDuelScreen,->,12acfc45-bdfb-4343-9004-9be15dfd844c,server/util/Stream.java,writeWordBigEndianA
12acfc45-bdfb-4343-9004-9be15dfd844c,server/model/players/TradeAndDuel.java,refreshDuelScreen,->,12acfc45-bdfb-4343-9004-9be15dfd844c,server/model/players/Client.java,getOutStream
12acfc45-bdfb-4343-9004-9be15dfd844c,server/model/players/TradeAndDuel.java,refreshDuelScreen,->,12acfc45-bdfb-4343-9004-9be15dfd844c,server/util/Stream.java,writeByte
12acfc45-bdfb-4343-9004-9be15dfd844c,server/model/players/TradeAndDuel.java,refreshDuelScreen,->,12acfc45-bdfb-4343-9004-9be15dfd844c,server/model/players/Client.java,getOutStream
12acfc45-bdfb-4343-9004-9be15dfd844c,server/model/players/TradeAndDuel.java,refreshDuelScreen,->,12acfc45-bdfb-4343-9004-9be15dfd844c,server/util/Stream.java,writeWordBigEndianA
12acfc45-bdfb-4343-9004-9be15dfd844c,server/model/players/TradeAndDuel.java,refreshDuelScreen,->,12acfc45-bdfb-4343-9004-9be15dfd844c,server/model/players/Client.java,getOutStream
12acfc45-bdfb-4343-9004-9be15dfd844c,server/model/players/TradeAndDuel.java,refreshDuelScreen,->,12acfc45-bdfb-4343-9004-9be15dfd844c,server/util/Stream.java,endFrameVarSizeWord
12acfc45-bdfb-4343-9004-9be15dfd844c,server/model/players/TradeAndDuel.java,refreshDuelScreen,->,12acfc45-bdfb-4343-9004-9be15dfd844c,server/model/players/Client.java,flushOutStream
12acfc45-bdfb-4343-9004-9be15dfd844c,server/model/players/TradeAndDuel.java,stakeItem,->,12acfc45-bdfb-4343-9004-9be15dfd844c,server/model/players/Client.java,sendMessage
12acfc45-bdfb-4343-9004-9be15dfd844c,server/model/players/TradeAndDuel.java,stakeItem,->,12acfc45-bdfb-4343-9004-9be15dfd844c,server/model/players/Client.java,getItems
12acfc45-bdfb-4343-9004-9be15dfd844c,server/model/players/TradeAndDuel.java,stakeItem,->,12acfc45-bdfb-4343-9004-9be15dfd844c,server/model/items/ItemAssistant.java,playerHasItem
12acfc45-bdfb-4343-9004-9be15dfd844c,server/model/players/TradeAndDuel.java,stakeItem,->,12acfc45-bdfb-4343-9004-9be15dfd844c,server/model/players/Client.java,sendMessage
12acfc45-bdfb-4343-9004-9be15dfd844c,server/model/players/TradeAndDuel.java,stakeItem,->,12acfc45-bdfb-4343-9004-9be15dfd844c,server/model/players/Client.java,sendMessage
12acfc45-bdfb-4343-9004-9be15dfd844c,server/model/players/TradeAndDuel.java,stakeItem,->,12acfc45-bdfb-4343-9004-9be15dfd844c,server/model/players/Client.java,getItems
12acfc45-bdfb-4343-9004-9be15dfd844c,server/model/players/TradeAndDuel.java,stakeItem,->,12acfc45-bdfb-4343-9004-9be15dfd844c,server/model/items/ItemAssistant.java,playerHasItem
12acfc45-bdfb-4343-9004-9be15dfd844c,server/model/players/TradeAndDuel.java,stakeItem,->,12acfc45-bdfb-4343-9004-9be15dfd844c,server/model/players/TradeAndDuel.java,declineDuel
12acfc45-bdfb-4343-9004-9be15dfd844c,server/model/players/TradeAndDuel.java,stakeItem,->,12acfc45-bdfb-4343-9004-9be15dfd844c,server/model/players/TradeAndDuel.java,declineDuel
12acfc45-bdfb-4343-9004-9be15dfd844c,server/model/players/TradeAndDuel.java,stakeItem,->,12acfc45-bdfb-4343-9004-9be15dfd844c,server/model/players/Client.java,getTradeAndDuel
12acfc45-bdfb-4343-9004-9be15dfd844c,server/model/players/TradeAndDuel.java,stakeItem,->,12acfc45-bdfb-4343-9004-9be15dfd844c,server/model/players/TradeAndDuel.java,declineDuel
12acfc45-bdfb-4343-9004-9be15dfd844c,server/model/players/TradeAndDuel.java,stakeItem,->,12acfc45-bdfb-4343-9004-9be15dfd844c,server/model/players/TradeAndDuel.java,changeDuelStuff
12acfc45-bdfb-4343-9004-9be15dfd844c,server/model/players/TradeAndDuel.java,stakeItem,->,12acfc45-bdfb-4343-9004-9be15dfd844c,server/model/players/Client.java,getItems
12acfc45-bdfb-4343-9004-9be15dfd844c,server/model/players/TradeAndDuel.java,stakeItem,->,12acfc45-bdfb-4343-9004-9be15dfd844c,server/model/items/ItemAssistant.java,playerHasItem
12acfc45-bdfb-4343-9004-9be15dfd844c,server/model/players/TradeAndDuel.java,stakeItem,->,12acfc45-bdfb-4343-9004-9be15dfd844c,java/util/concurrent/CopyOnWriteArrayList.java,add
12acfc45-bdfb-4343-9004-9be15dfd844c,server/model/players/TradeAndDuel.java,stakeItem,->,12acfc45-bdfb-4343-9004-9be15dfd844c,server/model/players/Client.java,getItems
12acfc45-bdfb-4343-9004-9be15dfd844c,server/model/players/TradeAndDuel.java,stakeItem,->,12acfc45-bdfb-4343-9004-9be15dfd844c,server/model/players/Client.java,getItems
12acfc45-bdfb-4343-9004-9be15dfd844c,server/model/players/TradeAndDuel.java,stakeItem,->,12acfc45-bdfb-4343-9004-9be15dfd844c,server/model/items/ItemAssistant.java,getItemSlot
12acfc45-bdfb-4343-9004-9be15dfd844c,server/model/players/TradeAndDuel.java,stakeItem,->,12acfc45-bdfb-4343-9004-9be15dfd844c,server/model/items/ItemAssistant.java,deleteItem
12acfc45-bdfb-4343-9004-9be15dfd844c,server/model/players/TradeAndDuel.java,stakeItem,->,12acfc45-bdfb-4343-9004-9be15dfd844c,server/model/players/Client.java,getItems
12acfc45-bdfb-4343-9004-9be15dfd844c,server/model/players/TradeAndDuel.java,stakeItem,->,12acfc45-bdfb-4343-9004-9be15dfd844c,server/model/items/ItemAssistant.java,resetItems
12acfc45-bdfb-4343-9004-9be15dfd844c,server/model/players/TradeAndDuel.java,stakeItem,->,12acfc45-bdfb-4343-9004-9be15dfd844c,server/model/players/Client.java,getItems
12acfc45-bdfb-4343-9004-9be15dfd844c,server/model/players/TradeAndDuel.java,stakeItem,->,12acfc45-bdfb-4343-9004-9be15dfd844c,server/model/items/ItemAssistant.java,resetItems
12acfc45-bdfb-4343-9004-9be15dfd844c,server/model/players/TradeAndDuel.java,stakeItem,->,12acfc45-bdfb-4343-9004-9be15dfd844c,server/model/players/Client.java,getItems
12acfc45-bdfb-4343-9004-9be15dfd844c,server/model/players/TradeAndDuel.java,stakeItem,->,12acfc45-bdfb-4343-9004-9be15dfd844c,server/model/items/ItemAssistant.java,resetItems
12acfc45-bdfb-4343-9004-9be15dfd844c,server/model/players/TradeAndDuel.java,stakeItem,->,12acfc45-bdfb-4343-9004-9be15dfd844c,server/model/players/Client.java,getItems
12acfc45-bdfb-4343-9004-9be15dfd844c,server/model/players/TradeAndDuel.java,stakeItem,->,12acfc45-bdfb-4343-9004-9be15dfd844c,server/model/items/ItemAssistant.java,resetItems
12acfc45-bdfb-4343-9004-9be15dfd844c,server/model/players/TradeAndDuel.java,stakeItem,->,12acfc45-bdfb-4343-9004-9be15dfd844c,server/model/players/TradeAndDuel.java,refreshDuelScreen
12acfc45-bdfb-4343-9004-9be15dfd844c,server/model/players/TradeAndDuel.java,stakeItem,->,12acfc45-bdfb-4343-9004-9be15dfd844c,server/model/players/Client.java,getTradeAndDuel
12acfc45-bdfb-4343-9004-9be15dfd844c,server/model/players/TradeAndDuel.java,stakeItem,->,12acfc45-bdfb-4343-9004-9be15dfd844c,server/model/players/TradeAndDuel.java,refreshDuelScreen
12acfc45-bdfb-4343-9004-9be15dfd844c,server/model/players/TradeAndDuel.java,stakeItem,->,12acfc45-bdfb-4343-9004-9be15dfd844c,server/model/players/Client.java,getPA
12acfc45-bdfb-4343-9004-9be15dfd844c,server/model/players/TradeAndDuel.java,stakeItem,->,12acfc45-bdfb-4343-9004-9be15dfd844c,991eb2a8-284a-4290-ae08-f54cf8834706,609517a1-3a8b-4bd9-8623-3cae47c33a17
12acfc45-bdfb-4343-9004-9be15dfd844c,server/model/players/TradeAndDuel.java,stakeItem,->,12acfc45-bdfb-4343-9004-9be15dfd844c,server/model/players/Client.java,getPA
12acfc45-bdfb-4343-9004-9be15dfd844c,server/model/players/TradeAndDuel.java,stakeItem,->,12acfc45-bdfb-4343-9004-9be15dfd844c,991eb2a8-284a-4290-ae08-f54cf8834706,609517a1-3a8b-4bd9-8623-3cae47c33a17
12acfc45-bdfb-4343-9004-9be15dfd844c,server/model/players/TradeAndDuel.java,stakeItem,->,12acfc45-bdfb-4343-9004-9be15dfd844c,server/model/players/Client.java,getItems
12acfc45-bdfb-4343-9004-9be15dfd844c,server/model/players/TradeAndDuel.java,stakeItem,->,12acfc45-bdfb-4343-9004-9be15dfd844c,server/model/items/ItemAssistant.java,playerHasItem
12acfc45-bdfb-4343-9004-9be15dfd844c,server/model/players/TradeAndDuel.java,stakeItem,->,12acfc45-bdfb-4343-9004-9be15dfd844c,java/util/concurrent/CopyOnWriteArrayList.java,iterator
12acfc45-bdfb-4343-9004-9be15dfd844c,server/model/players/TradeAndDuel.java,stakeItem,->,12acfc45-bdfb-4343-9004-9be15dfd844c,java/util/Iterator.java,hasNext
12acfc45-bdfb-4343-9004-9be15dfd844c,server/model/players/TradeAndDuel.java,stakeItem,->,12acfc45-bdfb-4343-9004-9be15dfd844c,java/util/Iterator.java,next
12acfc45-bdfb-4343-9004-9be15dfd844c,server/model/players/TradeAndDuel.java,stakeItem,->,12acfc45-bdfb-4343-9004-9be15dfd844c,server/model/players/Client.java,getItems
12acfc45-bdfb-4343-9004-9be15dfd844c,server/model/players/TradeAndDuel.java,stakeItem,->,12acfc45-bdfb-4343-9004-9be15dfd844c,server/model/items/ItemAssistant.java,deleteItem
12acfc45-bdfb-4343-9004-9be15dfd844c,server/model/players/TradeAndDuel.java,stakeItem,->,12acfc45-bdfb-4343-9004-9be15dfd844c,server/model/players/Client.java,getItems
12acfc45-bdfb-4343-9004-9be15dfd844c,server/model/players/TradeAndDuel.java,stakeItem,->,12acfc45-bdfb-4343-9004-9be15dfd844c,server/model/items/ItemAssistant.java,deleteItem
12acfc45-bdfb-4343-9004-9be15dfd844c,server/model/players/TradeAndDuel.java,stakeItem,->,12acfc45-bdfb-4343-9004-9be15dfd844c,java/util/concurrent/CopyOnWriteArrayList.java,add
12acfc45-bdfb-4343-9004-9be15dfd844c,server/model/players/TradeAndDuel.java,stakeItem,->,12acfc45-bdfb-4343-9004-9be15dfd844c,server/model/players/Client.java,getItems
12acfc45-bdfb-4343-9004-9be15dfd844c,server/model/players/TradeAndDuel.java,stakeItem,->,12acfc45-bdfb-4343-9004-9be15dfd844c,server/model/items/ItemAssistant.java,resetItems
12acfc45-bdfb-4343-9004-9be15dfd844c,server/model/players/TradeAndDuel.java,stakeItem,->,12acfc45-bdfb-4343-9004-9be15dfd844c,server/model/players/Client.java,getItems
12acfc45-bdfb-4343-9004-9be15dfd844c,server/model/players/TradeAndDuel.java,stakeItem,->,12acfc45-bdfb-4343-9004-9be15dfd844c,server/model/items/ItemAssistant.java,resetItems
12acfc45-bdfb-4343-9004-9be15dfd844c,server/model/players/TradeAndDuel.java,stakeItem,->,12acfc45-bdfb-4343-9004-9be15dfd844c,server/model/players/Client.java,getItems
12acfc45-bdfb-4343-9004-9be15dfd844c,server/model/players/TradeAndDuel.java,stakeItem,->,12acfc45-bdfb-4343-9004-9be15dfd844c,server/model/items/ItemAssistant.java,resetItems
12acfc45-bdfb-4343-9004-9be15dfd844c,server/model/players/TradeAndDuel.java,stakeItem,->,12acfc45-bdfb-4343-9004-9be15dfd844c,server/model/players/Client.java,getItems
12acfc45-bdfb-4343-9004-9be15dfd844c,server/model/players/TradeAndDuel.java,stakeItem,->,12acfc45-bdfb-4343-9004-9be15dfd844c,server/model/items/ItemAssistant.java,resetItems
12acfc45-bdfb-4343-9004-9be15dfd844c,server/model/players/TradeAndDuel.java,stakeItem,->,12acfc45-bdfb-4343-9004-9be15dfd844c,server/model/players/TradeAndDuel.java,refreshDuelScreen
12acfc45-bdfb-4343-9004-9be15dfd844c,server/model/players/TradeAndDuel.java,stakeItem,->,12acfc45-bdfb-4343-9004-9be15dfd844c,server/model/players/Client.java,getTradeAndDuel
12acfc45-bdfb-4343-9004-9be15dfd844c,server/model/players/TradeAndDuel.java,stakeItem,->,12acfc45-bdfb-4343-9004-9be15dfd844c,server/model/players/TradeAndDuel.java,refreshDuelScreen
12acfc45-bdfb-4343-9004-9be15dfd844c,server/model/players/TradeAndDuel.java,stakeItem,->,12acfc45-bdfb-4343-9004-9be15dfd844c,server/model/players/Client.java,getPA
12acfc45-bdfb-4343-9004-9be15dfd844c,server/model/players/TradeAndDuel.java,stakeItem,->,12acfc45-bdfb-4343-9004-9be15dfd844c,991eb2a8-284a-4290-ae08-f54cf8834706,609517a1-3a8b-4bd9-8623-3cae47c33a17
12acfc45-bdfb-4343-9004-9be15dfd844c,server/model/players/TradeAndDuel.java,stakeItem,->,12acfc45-bdfb-4343-9004-9be15dfd844c,server/model/players/Client.java,getPA
12acfc45-bdfb-4343-9004-9be15dfd844c,server/model/players/TradeAndDuel.java,stakeItem,->,12acfc45-bdfb-4343-9004-9be15dfd844c,991eb2a8-284a-4290-ae08-f54cf8834706,609517a1-3a8b-4bd9-8623-3cae47c33a17
12acfc45-bdfb-4343-9004-9be15dfd844c,server/model/players/TradeAndDuel.java,fromDuel,->,12acfc45-bdfb-4343-9004-9be15dfd844c,server/model/players/TradeAndDuel.java,declineDuel
12acfc45-bdfb-4343-9004-9be15dfd844c,server/model/players/TradeAndDuel.java,fromDuel,->,12acfc45-bdfb-4343-9004-9be15dfd844c,server/model/players/TradeAndDuel.java,declineDuel
12acfc45-bdfb-4343-9004-9be15dfd844c,server/model/players/TradeAndDuel.java,fromDuel,->,12acfc45-bdfb-4343-9004-9be15dfd844c,server/model/players/Client.java,getTradeAndDuel
12acfc45-bdfb-4343-9004-9be15dfd844c,server/model/players/TradeAndDuel.java,fromDuel,->,12acfc45-bdfb-4343-9004-9be15dfd844c,server/model/players/TradeAndDuel.java,declineDuel
12acfc45-bdfb-4343-9004-9be15dfd844c,server/model/players/TradeAndDuel.java,fromDuel,->,12acfc45-bdfb-4343-9004-9be15dfd844c,server/model/players/Client.java,getItems
12acfc45-bdfb-4343-9004-9be15dfd844c,server/model/players/TradeAndDuel.java,fromDuel,->,12acfc45-bdfb-4343-9004-9be15dfd844c,server/model/items/ItemAssistant.java,freeSlots
12acfc45-bdfb-4343-9004-9be15dfd844c,server/model/players/TradeAndDuel.java,fromDuel,->,12acfc45-bdfb-4343-9004-9be15dfd844c,server/model/players/Client.java,sendMessage
12acfc45-bdfb-4343-9004-9be15dfd844c,server/model/players/TradeAndDuel.java,fromDuel,->,12acfc45-bdfb-4343-9004-9be15dfd844c,server/model/players/TradeAndDuel.java,changeDuelStuff
12acfc45-bdfb-4343-9004-9be15dfd844c,server/model/players/TradeAndDuel.java,fromDuel,->,12acfc45-bdfb-4343-9004-9be15dfd844c,java/util/concurrent/CopyOnWriteArrayList.java,iterator
12acfc45-bdfb-4343-9004-9be15dfd844c,server/model/players/TradeAndDuel.java,fromDuel,->,12acfc45-bdfb-4343-9004-9be15dfd844c,java/util/Iterator.java,hasNext
12acfc45-bdfb-4343-9004-9be15dfd844c,server/model/players/TradeAndDuel.java,fromDuel,->,12acfc45-bdfb-4343-9004-9be15dfd844c,java/util/Iterator.java,next
12acfc45-bdfb-4343-9004-9be15dfd844c,server/model/players/TradeAndDuel.java,fromDuel,->,12acfc45-bdfb-4343-9004-9be15dfd844c,server/model/players/Client.java,getItems
12acfc45-bdfb-4343-9004-9be15dfd844c,server/model/players/TradeAndDuel.java,fromDuel,->,12acfc45-bdfb-4343-9004-9be15dfd844c,server/model/items/ItemAssistant.java,freeSlots
12acfc45-bdfb-4343-9004-9be15dfd844c,server/model/players/TradeAndDuel.java,fromDuel,->,12acfc45-bdfb-4343-9004-9be15dfd844c,java/util/concurrent/CopyOnWriteArrayList.java,remove
12acfc45-bdfb-4343-9004-9be15dfd844c,server/model/players/TradeAndDuel.java,fromDuel,->,12acfc45-bdfb-4343-9004-9be15dfd844c,server/model/players/Client.java,getItems
12acfc45-bdfb-4343-9004-9be15dfd844c,server/model/players/TradeAndDuel.java,fromDuel,->,12acfc45-bdfb-4343-9004-9be15dfd844c,server/model/items/ItemAssistant.java,addItem
12acfc45-bdfb-4343-9004-9be15dfd844c,server/model/players/TradeAndDuel.java,fromDuel,->,12acfc45-bdfb-4343-9004-9be15dfd844c,server/model/players/Client.java,getItems
12acfc45-bdfb-4343-9004-9be15dfd844c,server/model/players/TradeAndDuel.java,fromDuel,->,12acfc45-bdfb-4343-9004-9be15dfd844c,server/model/items/ItemAssistant.java,freeSlots
12acfc45-bdfb-4343-9004-9be15dfd844c,server/model/players/TradeAndDuel.java,fromDuel,->,12acfc45-bdfb-4343-9004-9be15dfd844c,server/model/players/Client.java,getItems
12acfc45-bdfb-4343-9004-9be15dfd844c,server/model/players/TradeAndDuel.java,fromDuel,->,12acfc45-bdfb-4343-9004-9be15dfd844c,server/model/items/ItemAssistant.java,addItem
12acfc45-bdfb-4343-9004-9be15dfd844c,server/model/players/TradeAndDuel.java,fromDuel,->,12acfc45-bdfb-4343-9004-9be15dfd844c,server/model/players/Client.java,getItems
12acfc45-bdfb-4343-9004-9be15dfd844c,server/model/players/TradeAndDuel.java,fromDuel,->,12acfc45-bdfb-4343-9004-9be15dfd844c,server/model/items/ItemAssistant.java,freeSlots
12acfc45-bdfb-4343-9004-9be15dfd844c,server/model/players/TradeAndDuel.java,fromDuel,->,12acfc45-bdfb-4343-9004-9be15dfd844c,java/util/concurrent/CopyOnWriteArrayList.java,remove
12acfc45-bdfb-4343-9004-9be15dfd844c,server/model/players/TradeAndDuel.java,fromDuel,->,12acfc45-bdfb-4343-9004-9be15dfd844c,server/model/players/Client.java,getItems
12acfc45-bdfb-4343-9004-9be15dfd844c,server/model/players/TradeAndDuel.java,fromDuel,->,12acfc45-bdfb-4343-9004-9be15dfd844c,server/model/items/ItemAssistant.java,addItem
12acfc45-bdfb-4343-9004-9be15dfd844c,server/model/players/TradeAndDuel.java,fromDuel,->,12acfc45-bdfb-4343-9004-9be15dfd844c,server/model/players/Client.java,getItems
12acfc45-bdfb-4343-9004-9be15dfd844c,server/model/players/TradeAndDuel.java,fromDuel,->,12acfc45-bdfb-4343-9004-9be15dfd844c,server/model/items/ItemAssistant.java,resetItems
12acfc45-bdfb-4343-9004-9be15dfd844c,server/model/players/TradeAndDuel.java,fromDuel,->,12acfc45-bdfb-4343-9004-9be15dfd844c,server/model/players/Client.java,getItems
12acfc45-bdfb-4343-9004-9be15dfd844c,server/model/players/TradeAndDuel.java,fromDuel,->,12acfc45-bdfb-4343-9004-9be15dfd844c,server/model/items/ItemAssistant.java,resetItems
12acfc45-bdfb-4343-9004-9be15dfd844c,server/model/players/TradeAndDuel.java,fromDuel,->,12acfc45-bdfb-4343-9004-9be15dfd844c,server/model/players/Client.java,getItems
12acfc45-bdfb-4343-9004-9be15dfd844c,server/model/players/TradeAndDuel.java,fromDuel,->,12acfc45-bdfb-4343-9004-9be15dfd844c,server/model/items/ItemAssistant.java,resetItems
12acfc45-bdfb-4343-9004-9be15dfd844c,server/model/players/TradeAndDuel.java,fromDuel,->,12acfc45-bdfb-4343-9004-9be15dfd844c,server/model/players/Client.java,getItems
12acfc45-bdfb-4343-9004-9be15dfd844c,server/model/players/TradeAndDuel.java,fromDuel,->,12acfc45-bdfb-4343-9004-9be15dfd844c,server/model/items/ItemAssistant.java,resetItems
12acfc45-bdfb-4343-9004-9be15dfd844c,server/model/players/TradeAndDuel.java,fromDuel,->,12acfc45-bdfb-4343-9004-9be15dfd844c,server/model/players/Client.java,getTradeAndDuel
12acfc45-bdfb-4343-9004-9be15dfd844c,server/model/players/TradeAndDuel.java,fromDuel,->,12acfc45-bdfb-4343-9004-9be15dfd844c,server/model/players/TradeAndDuel.java,refreshDuelScreen
12acfc45-bdfb-4343-9004-9be15dfd844c,server/model/players/TradeAndDuel.java,fromDuel,->,12acfc45-bdfb-4343-9004-9be15dfd844c,server/model/players/Client.java,getTradeAndDuel
12acfc45-bdfb-4343-9004-9be15dfd844c,server/model/players/TradeAndDuel.java,fromDuel,->,12acfc45-bdfb-4343-9004-9be15dfd844c,server/model/players/TradeAndDuel.java,refreshDuelScreen
12acfc45-bdfb-4343-9004-9be15dfd844c,server/model/players/TradeAndDuel.java,fromDuel,->,12acfc45-bdfb-4343-9004-9be15dfd844c,server/model/players/Client.java,getPA
12acfc45-bdfb-4343-9004-9be15dfd844c,server/model/players/TradeAndDuel.java,fromDuel,->,12acfc45-bdfb-4343-9004-9be15dfd844c,991eb2a8-284a-4290-ae08-f54cf8834706,609517a1-3a8b-4bd9-8623-3cae47c33a17
12acfc45-bdfb-4343-9004-9be15dfd844c,server/model/players/TradeAndDuel.java,fromDuel,->,12acfc45-bdfb-4343-9004-9be15dfd844c,java/util/concurrent/CopyOnWriteArrayList.java,iterator
12acfc45-bdfb-4343-9004-9be15dfd844c,server/model/players/TradeAndDuel.java,fromDuel,->,12acfc45-bdfb-4343-9004-9be15dfd844c,java/util/Iterator.java,hasNext
12acfc45-bdfb-4343-9004-9be15dfd844c,server/model/players/TradeAndDuel.java,fromDuel,->,12acfc45-bdfb-4343-9004-9be15dfd844c,java/util/Iterator.java,next
12acfc45-bdfb-4343-9004-9be15dfd844c,server/model/players/TradeAndDuel.java,fromDuel,->,12acfc45-bdfb-4343-9004-9be15dfd844c,server/model/players/Client.java,getItems
12acfc45-bdfb-4343-9004-9be15dfd844c,server/model/players/TradeAndDuel.java,fromDuel,->,12acfc45-bdfb-4343-9004-9be15dfd844c,server/model/items/ItemAssistant.java,addItem
12acfc45-bdfb-4343-9004-9be15dfd844c,server/model/players/TradeAndDuel.java,fromDuel,->,12acfc45-bdfb-4343-9004-9be15dfd844c,java/util/concurrent/CopyOnWriteArrayList.java,remove
12acfc45-bdfb-4343-9004-9be15dfd844c,server/model/players/TradeAndDuel.java,fromDuel,->,12acfc45-bdfb-4343-9004-9be15dfd844c,server/model/players/Client.java,getItems
12acfc45-bdfb-4343-9004-9be15dfd844c,server/model/players/TradeAndDuel.java,fromDuel,->,12acfc45-bdfb-4343-9004-9be15dfd844c,server/model/items/ItemAssistant.java,addItem
12acfc45-bdfb-4343-9004-9be15dfd844c,server/model/players/TradeAndDuel.java,fromDuel,->,12acfc45-bdfb-4343-9004-9be15dfd844c,server/model/players/Client.java,getItems
12acfc45-bdfb-4343-9004-9be15dfd844c,server/model/players/TradeAndDuel.java,fromDuel,->,12acfc45-bdfb-4343-9004-9be15dfd844c,server/model/items/ItemAssistant.java,resetItems
12acfc45-bdfb-4343-9004-9be15dfd844c,server/model/players/TradeAndDuel.java,fromDuel,->,12acfc45-bdfb-4343-9004-9be15dfd844c,server/model/players/Client.java,getItems
12acfc45-bdfb-4343-9004-9be15dfd844c,server/model/players/TradeAndDuel.java,fromDuel,->,12acfc45-bdfb-4343-9004-9be15dfd844c,server/model/items/ItemAssistant.java,resetItems
12acfc45-bdfb-4343-9004-9be15dfd844c,server/model/players/TradeAndDuel.java,fromDuel,->,12acfc45-bdfb-4343-9004-9be15dfd844c,server/model/players/Client.java,getItems
12acfc45-bdfb-4343-9004-9be15dfd844c,server/model/players/TradeAndDuel.java,fromDuel,->,12acfc45-bdfb-4343-9004-9be15dfd844c,server/model/items/ItemAssistant.java,resetItems
12acfc45-bdfb-4343-9004-9be15dfd844c,server/model/players/TradeAndDuel.java,fromDuel,->,12acfc45-bdfb-4343-9004-9be15dfd844c,server/model/players/Client.java,getItems
12acfc45-bdfb-4343-9004-9be15dfd844c,server/model/players/TradeAndDuel.java,fromDuel,->,12acfc45-bdfb-4343-9004-9be15dfd844c,server/model/items/ItemAssistant.java,resetItems
12acfc45-bdfb-4343-9004-9be15dfd844c,server/model/players/TradeAndDuel.java,fromDuel,->,12acfc45-bdfb-4343-9004-9be15dfd844c,server/model/players/Client.java,getTradeAndDuel
12acfc45-bdfb-4343-9004-9be15dfd844c,server/model/players/TradeAndDuel.java,fromDuel,->,12acfc45-bdfb-4343-9004-9be15dfd844c,server/model/players/TradeAndDuel.java,refreshDuelScreen
12acfc45-bdfb-4343-9004-9be15dfd844c,server/model/players/TradeAndDuel.java,fromDuel,->,12acfc45-bdfb-4343-9004-9be15dfd844c,server/model/players/Client.java,getTradeAndDuel
12acfc45-bdfb-4343-9004-9be15dfd844c,server/model/players/TradeAndDuel.java,fromDuel,->,12acfc45-bdfb-4343-9004-9be15dfd844c,server/model/players/TradeAndDuel.java,refreshDuelScreen
12acfc45-bdfb-4343-9004-9be15dfd844c,server/model/players/TradeAndDuel.java,fromDuel,->,12acfc45-bdfb-4343-9004-9be15dfd844c,server/model/players/Client.java,getPA
12acfc45-bdfb-4343-9004-9be15dfd844c,server/model/players/TradeAndDuel.java,fromDuel,->,12acfc45-bdfb-4343-9004-9be15dfd844c,991eb2a8-284a-4290-ae08-f54cf8834706,609517a1-3a8b-4bd9-8623-3cae47c33a17
12acfc45-bdfb-4343-9004-9be15dfd844c,server/model/players/TradeAndDuel.java,fromDuel,->,12acfc45-bdfb-4343-9004-9be15dfd844c,server/model/players/Client.java,sendMessage
12acfc45-bdfb-4343-9004-9be15dfd844c,server/model/players/TradeAndDuel.java,confirmDuel,->,12acfc45-bdfb-4343-9004-9be15dfd844c,server/model/players/TradeAndDuel.java,declineDuel
12acfc45-bdfb-4343-9004-9be15dfd844c,server/model/players/TradeAndDuel.java,confirmDuel,->,12acfc45-bdfb-4343-9004-9be15dfd844c,java/util/concurrent/CopyOnWriteArrayList.java,iterator
12acfc45-bdfb-4343-9004-9be15dfd844c,server/model/players/TradeAndDuel.java,confirmDuel,->,12acfc45-bdfb-4343-9004-9be15dfd844c,java/util/Iterator.java,hasNext
12acfc45-bdfb-4343-9004-9be15dfd844c,server/model/players/TradeAndDuel.java,confirmDuel,->,12acfc45-bdfb-4343-9004-9be15dfd844c,java/util/Iterator.java,next
12acfc45-bdfb-4343-9004-9be15dfd844c,server/model/players/TradeAndDuel.java,confirmDuel,->,12acfc45-bdfb-4343-9004-9be15dfd844c,java/lang/StringBuilder.java,append
12acfc45-bdfb-4343-9004-9be15dfd844c,server/model/players/TradeAndDuel.java,confirmDuel,->,12acfc45-bdfb-4343-9004-9be15dfd844c,server/model/players/Client.java,getItems
12acfc45-bdfb-4343-9004-9be15dfd844c,server/model/players/TradeAndDuel.java,confirmDuel,->,12acfc45-bdfb-4343-9004-9be15dfd844c,server/model/items/ItemAssistant.java,getItemName
12acfc45-bdfb-4343-9004-9be15dfd844c,server/model/players/TradeAndDuel.java,confirmDuel,->,12acfc45-bdfb-4343-9004-9be15dfd844c,java/lang/StringBuilder.java,append
12acfc45-bdfb-4343-9004-9be15dfd844c,server/model/players/TradeAndDuel.java,confirmDuel,->,12acfc45-bdfb-4343-9004-9be15dfd844c,java/lang/StringBuilder.java,append
12acfc45-bdfb-4343-9004-9be15dfd844c,server/model/players/TradeAndDuel.java,confirmDuel,->,12acfc45-bdfb-4343-9004-9be15dfd844c,2c89cfe4-ed6d-446f-832b-3c203feb3155,20ef4ba0-87ed-4826-ae6a-c482b2427dee
12acfc45-bdfb-4343-9004-9be15dfd844c,server/model/players/TradeAndDuel.java,confirmDuel,->,12acfc45-bdfb-4343-9004-9be15dfd844c,java/lang/StringBuilder.java,append
12acfc45-bdfb-4343-9004-9be15dfd844c,server/model/players/TradeAndDuel.java,confirmDuel,->,12acfc45-bdfb-4343-9004-9be15dfd844c,java/lang/StringBuilder.java,append
12acfc45-bdfb-4343-9004-9be15dfd844c,server/model/players/TradeAndDuel.java,confirmDuel,->,12acfc45-bdfb-4343-9004-9be15dfd844c,java/lang/StringBuilder.java,toString
12acfc45-bdfb-4343-9004-9be15dfd844c,server/model/players/TradeAndDuel.java,confirmDuel,->,12acfc45-bdfb-4343-9004-9be15dfd844c,java/lang/StringBuilder.java,append
12acfc45-bdfb-4343-9004-9be15dfd844c,server/model/players/TradeAndDuel.java,confirmDuel,->,12acfc45-bdfb-4343-9004-9be15dfd844c,server/model/players/Client.java,getItems
12acfc45-bdfb-4343-9004-9be15dfd844c,server/model/players/TradeAndDuel.java,confirmDuel,->,12acfc45-bdfb-4343-9004-9be15dfd844c,server/model/items/ItemAssistant.java,getItemName
12acfc45-bdfb-4343-9004-9be15dfd844c,server/model/players/TradeAndDuel.java,confirmDuel,->,12acfc45-bdfb-4343-9004-9be15dfd844c,java/lang/StringBuilder.java,append
12acfc45-bdfb-4343-9004-9be15dfd844c,server/model/players/TradeAndDuel.java,confirmDuel,->,12acfc45-bdfb-4343-9004-9be15dfd844c,java/lang/StringBuilder.java,append
12acfc45-bdfb-4343-9004-9be15dfd844c,server/model/players/TradeAndDuel.java,confirmDuel,->,12acfc45-bdfb-4343-9004-9be15dfd844c,java/lang/StringBuilder.java,toString
12acfc45-bdfb-4343-9004-9be15dfd844c,server/model/players/TradeAndDuel.java,confirmDuel,->,12acfc45-bdfb-4343-9004-9be15dfd844c,server/model/players/Client.java,getPA
12acfc45-bdfb-4343-9004-9be15dfd844c,server/model/players/TradeAndDuel.java,confirmDuel,->,12acfc45-bdfb-4343-9004-9be15dfd844c,991eb2a8-284a-4290-ae08-f54cf8834706,609517a1-3a8b-4bd9-8623-3cae47c33a17
12acfc45-bdfb-4343-9004-9be15dfd844c,server/model/players/TradeAndDuel.java,confirmDuel,->,12acfc45-bdfb-4343-9004-9be15dfd844c,server/model/players/Client.java,getTradeAndDuel
12acfc45-bdfb-4343-9004-9be15dfd844c,server/model/players/TradeAndDuel.java,confirmDuel,->,12acfc45-bdfb-4343-9004-9be15dfd844c,java/util/concurrent/CopyOnWriteArrayList.java,iterator
12acfc45-bdfb-4343-9004-9be15dfd844c,server/model/players/TradeAndDuel.java,confirmDuel,->,12acfc45-bdfb-4343-9004-9be15dfd844c,java/util/Iterator.java,hasNext
12acfc45-bdfb-4343-9004-9be15dfd844c,server/model/players/TradeAndDuel.java,confirmDuel,->,12acfc45-bdfb-4343-9004-9be15dfd844c,java/util/Iterator.java,next
12acfc45-bdfb-4343-9004-9be15dfd844c,server/model/players/TradeAndDuel.java,confirmDuel,->,12acfc45-bdfb-4343-9004-9be15dfd844c,java/lang/StringBuilder.java,append
12acfc45-bdfb-4343-9004-9be15dfd844c,server/model/players/TradeAndDuel.java,confirmDuel,->,12acfc45-bdfb-4343-9004-9be15dfd844c,server/model/players/Client.java,getItems
12acfc45-bdfb-4343-9004-9be15dfd844c,server/model/players/TradeAndDuel.java,confirmDuel,->,12acfc45-bdfb-4343-9004-9be15dfd844c,server/model/items/ItemAssistant.java,getItemName
12acfc45-bdfb-4343-9004-9be15dfd844c,server/model/players/TradeAndDuel.java,confirmDuel,->,12acfc45-bdfb-4343-9004-9be15dfd844c,java/lang/StringBuilder.java,append
12acfc45-bdfb-4343-9004-9be15dfd844c,server/model/players/TradeAndDuel.java,confirmDuel,->,12acfc45-bdfb-4343-9004-9be15dfd844c,java/lang/StringBuilder.java,append
12acfc45-bdfb-4343-9004-9be15dfd844c,server/model/players/TradeAndDuel.java,confirmDuel,->,12acfc45-bdfb-4343-9004-9be15dfd844c,2c89cfe4-ed6d-446f-832b-3c203feb3155,20ef4ba0-87ed-4826-ae6a-c482b2427dee
12acfc45-bdfb-4343-9004-9be15dfd844c,server/model/players/TradeAndDuel.java,confirmDuel,->,12acfc45-bdfb-4343-9004-9be15dfd844c,java/lang/StringBuilder.java,append
12acfc45-bdfb-4343-9004-9be15dfd844c,server/model/players/TradeAndDuel.java,confirmDuel,->,12acfc45-bdfb-4343-9004-9be15dfd844c,java/lang/StringBuilder.java,append
12acfc45-bdfb-4343-9004-9be15dfd844c,server/model/players/TradeAndDuel.java,confirmDuel,->,12acfc45-bdfb-4343-9004-9be15dfd844c,java/lang/StringBuilder.java,toString
12acfc45-bdfb-4343-9004-9be15dfd844c,server/model/players/TradeAndDuel.java,confirmDuel,->,12acfc45-bdfb-4343-9004-9be15dfd844c,java/lang/StringBuilder.java,append
12acfc45-bdfb-4343-9004-9be15dfd844c,server/model/players/TradeAndDuel.java,confirmDuel,->,12acfc45-bdfb-4343-9004-9be15dfd844c,server/model/players/Client.java,getItems
12acfc45-bdfb-4343-9004-9be15dfd844c,server/model/players/TradeAndDuel.java,confirmDuel,->,12acfc45-bdfb-4343-9004-9be15dfd844c,server/model/items/ItemAssistant.java,getItemName
12acfc45-bdfb-4343-9004-9be15dfd844c,server/model/players/TradeAndDuel.java,confirmDuel,->,12acfc45-bdfb-4343-9004-9be15dfd844c,java/lang/StringBuilder.java,append
12acfc45-bdfb-4343-9004-9be15dfd844c,server/model/players/TradeAndDuel.java,confirmDuel,->,12acfc45-bdfb-4343-9004-9be15dfd844c,java/lang/StringBuilder.java,append
12acfc45-bdfb-4343-9004-9be15dfd844c,server/model/players/TradeAndDuel.java,confirmDuel,->,12acfc45-bdfb-4343-9004-9be15dfd844c,java/lang/StringBuilder.java,toString
12acfc45-bdfb-4343-9004-9be15dfd844c,server/model/players/TradeAndDuel.java,confirmDuel,->,12acfc45-bdfb-4343-9004-9be15dfd844c,server/model/players/Client.java,getPA
12acfc45-bdfb-4343-9004-9be15dfd844c,server/model/players/TradeAndDuel.java,confirmDuel,->,12acfc45-bdfb-4343-9004-9be15dfd844c,991eb2a8-284a-4290-ae08-f54cf8834706,609517a1-3a8b-4bd9-8623-3cae47c33a17
12acfc45-bdfb-4343-9004-9be15dfd844c,server/model/players/TradeAndDuel.java,confirmDuel,->,12acfc45-bdfb-4343-9004-9be15dfd844c,server/model/players/Client.java,getPA
12acfc45-bdfb-4343-9004-9be15dfd844c,server/model/players/TradeAndDuel.java,confirmDuel,->,12acfc45-bdfb-4343-9004-9be15dfd844c,991eb2a8-284a-4290-ae08-f54cf8834706,609517a1-3a8b-4bd9-8623-3cae47c33a17
12acfc45-bdfb-4343-9004-9be15dfd844c,server/model/players/TradeAndDuel.java,confirmDuel,->,12acfc45-bdfb-4343-9004-9be15dfd844c,server/model/players/Client.java,getPA
12acfc45-bdfb-4343-9004-9be15dfd844c,server/model/players/TradeAndDuel.java,confirmDuel,->,12acfc45-bdfb-4343-9004-9be15dfd844c,991eb2a8-284a-4290-ae08-f54cf8834706,609517a1-3a8b-4bd9-8623-3cae47c33a17
12acfc45-bdfb-4343-9004-9be15dfd844c,server/model/players/TradeAndDuel.java,confirmDuel,->,12acfc45-bdfb-4343-9004-9be15dfd844c,server/model/players/Client.java,getPA
12acfc45-bdfb-4343-9004-9be15dfd844c,server/model/players/TradeAndDuel.java,confirmDuel,->,12acfc45-bdfb-4343-9004-9be15dfd844c,991eb2a8-284a-4290-ae08-f54cf8834706,609517a1-3a8b-4bd9-8623-3cae47c33a17
12acfc45-bdfb-4343-9004-9be15dfd844c,server/model/players/TradeAndDuel.java,confirmDuel,->,12acfc45-bdfb-4343-9004-9be15dfd844c,server/model/players/Client.java,getPA
12acfc45-bdfb-4343-9004-9be15dfd844c,server/model/players/TradeAndDuel.java,confirmDuel,->,12acfc45-bdfb-4343-9004-9be15dfd844c,991eb2a8-284a-4290-ae08-f54cf8834706,609517a1-3a8b-4bd9-8623-3cae47c33a17
12acfc45-bdfb-4343-9004-9be15dfd844c,server/model/players/TradeAndDuel.java,confirmDuel,->,12acfc45-bdfb-4343-9004-9be15dfd844c,server/model/players/Client.java,getPA
12acfc45-bdfb-4343-9004-9be15dfd844c,server/model/players/TradeAndDuel.java,confirmDuel,->,12acfc45-bdfb-4343-9004-9be15dfd844c,991eb2a8-284a-4290-ae08-f54cf8834706,609517a1-3a8b-4bd9-8623-3cae47c33a17
12acfc45-bdfb-4343-9004-9be15dfd844c,server/model/players/TradeAndDuel.java,confirmDuel,->,12acfc45-bdfb-4343-9004-9be15dfd844c,server/model/players/Client.java,getPA
12acfc45-bdfb-4343-9004-9be15dfd844c,server/model/players/TradeAndDuel.java,confirmDuel,->,12acfc45-bdfb-4343-9004-9be15dfd844c,991eb2a8-284a-4290-ae08-f54cf8834706,609517a1-3a8b-4bd9-8623-3cae47c33a17
12acfc45-bdfb-4343-9004-9be15dfd844c,server/model/players/TradeAndDuel.java,confirmDuel,->,12acfc45-bdfb-4343-9004-9be15dfd844c,server/model/players/Client.java,getPA
12acfc45-bdfb-4343-9004-9be15dfd844c,server/model/players/TradeAndDuel.java,confirmDuel,->,12acfc45-bdfb-4343-9004-9be15dfd844c,991eb2a8-284a-4290-ae08-f54cf8834706,609517a1-3a8b-4bd9-8623-3cae47c33a17
12acfc45-bdfb-4343-9004-9be15dfd844c,server/model/players/TradeAndDuel.java,confirmDuel,->,12acfc45-bdfb-4343-9004-9be15dfd844c,server/model/players/Client.java,getPA
12acfc45-bdfb-4343-9004-9be15dfd844c,server/model/players/TradeAndDuel.java,confirmDuel,->,12acfc45-bdfb-4343-9004-9be15dfd844c,java/lang/StringBuilder.java,append
12acfc45-bdfb-4343-9004-9be15dfd844c,server/model/players/TradeAndDuel.java,confirmDuel,->,12acfc45-bdfb-4343-9004-9be15dfd844c,java/lang/StringBuilder.java,append
12acfc45-bdfb-4343-9004-9be15dfd844c,server/model/players/TradeAndDuel.java,confirmDuel,->,12acfc45-bdfb-4343-9004-9be15dfd844c,java/lang/StringBuilder.java,toString
12acfc45-bdfb-4343-9004-9be15dfd844c,server/model/players/TradeAndDuel.java,confirmDuel,->,12acfc45-bdfb-4343-9004-9be15dfd844c,991eb2a8-284a-4290-ae08-f54cf8834706,609517a1-3a8b-4bd9-8623-3cae47c33a17
12acfc45-bdfb-4343-9004-9be15dfd844c,server/model/players/TradeAndDuel.java,confirmDuel,->,12acfc45-bdfb-4343-9004-9be15dfd844c,server/model/players/Client.java,getPA
12acfc45-bdfb-4343-9004-9be15dfd844c,server/model/players/TradeAndDuel.java,confirmDuel,->,12acfc45-bdfb-4343-9004-9be15dfd844c,991eb2a8-284a-4290-ae08-f54cf8834706,609517a1-3a8b-4bd9-8623-3cae47c33a17
12acfc45-bdfb-4343-9004-9be15dfd844c,server/model/players/TradeAndDuel.java,confirmDuel,->,12acfc45-bdfb-4343-9004-9be15dfd844c,server/model/players/Client.java,getPA
12acfc45-bdfb-4343-9004-9be15dfd844c,server/model/players/TradeAndDuel.java,confirmDuel,->,12acfc45-bdfb-4343-9004-9be15dfd844c,991eb2a8-284a-4290-ae08-f54cf8834706,b5e0025e-af80-480f-915c-9faf727f9415
12acfc45-bdfb-4343-9004-9be15dfd844c,server/model/players/TradeAndDuel.java,startDuel,->,12acfc45-bdfb-4343-9004-9be15dfd844c,server/model/players/Client.java,getPA
12acfc45-bdfb-4343-9004-9be15dfd844c,server/model/players/TradeAndDuel.java,startDuel,->,12acfc45-bdfb-4343-9004-9be15dfd844c,991eb2a8-284a-4290-ae08-f54cf8834706,f734ec4c-f6ff-48ef-9a62-43e360d115c7
12acfc45-bdfb-4343-9004-9be15dfd844c,server/model/players/TradeAndDuel.java,startDuel,->,12acfc45-bdfb-4343-9004-9be15dfd844c,server/model/players/TradeAndDuel.java,duelVictory
12acfc45-bdfb-4343-9004-9be15dfd844c,server/model/players/TradeAndDuel.java,startDuel,->,12acfc45-bdfb-4343-9004-9be15dfd844c,server/model/players/TradeAndDuel.java,duelVictory
12acfc45-bdfb-4343-9004-9be15dfd844c,server/model/players/TradeAndDuel.java,startDuel,->,12acfc45-bdfb-4343-9004-9be15dfd844c,server/model/players/Client.java,getPA
12acfc45-bdfb-4343-9004-9be15dfd844c,server/model/players/TradeAndDuel.java,startDuel,->,12acfc45-bdfb-4343-9004-9be15dfd844c,991eb2a8-284a-4290-ae08-f54cf8834706,27bd7aec-abd0-4844-9935-efefbf7019b2
12acfc45-bdfb-4343-9004-9be15dfd844c,server/model/players/TradeAndDuel.java,startDuel,->,12acfc45-bdfb-4343-9004-9be15dfd844c,server/model/players/Client.java,getPA
12acfc45-bdfb-4343-9004-9be15dfd844c,server/model/players/TradeAndDuel.java,startDuel,->,12acfc45-bdfb-4343-9004-9be15dfd844c,991eb2a8-284a-4290-ae08-f54cf8834706,f59ca130-d149-43aa-b537-369a4987d63b
12acfc45-bdfb-4343-9004-9be15dfd844c,server/model/players/TradeAndDuel.java,startDuel,->,12acfc45-bdfb-4343-9004-9be15dfd844c,server/model/players/Client.java,getItems
12acfc45-bdfb-4343-9004-9be15dfd844c,server/model/players/TradeAndDuel.java,startDuel,->,12acfc45-bdfb-4343-9004-9be15dfd844c,server/model/items/ItemAssistant.java,removeItem
12acfc45-bdfb-4343-9004-9be15dfd844c,server/model/players/TradeAndDuel.java,startDuel,->,12acfc45-bdfb-4343-9004-9be15dfd844c,server/model/players/Client.java,getItems
12acfc45-bdfb-4343-9004-9be15dfd844c,server/model/players/TradeAndDuel.java,startDuel,->,12acfc45-bdfb-4343-9004-9be15dfd844c,server/model/items/ItemAssistant.java,removeItem
12acfc45-bdfb-4343-9004-9be15dfd844c,server/model/players/TradeAndDuel.java,startDuel,->,12acfc45-bdfb-4343-9004-9be15dfd844c,server/model/players/Client.java,getItems
12acfc45-bdfb-4343-9004-9be15dfd844c,server/model/players/TradeAndDuel.java,startDuel,->,12acfc45-bdfb-4343-9004-9be15dfd844c,server/model/items/ItemAssistant.java,removeItem
12acfc45-bdfb-4343-9004-9be15dfd844c,server/model/players/TradeAndDuel.java,startDuel,->,12acfc45-bdfb-4343-9004-9be15dfd844c,server/model/players/Client.java,getItems
12acfc45-bdfb-4343-9004-9be15dfd844c,server/model/players/TradeAndDuel.java,startDuel,->,12acfc45-bdfb-4343-9004-9be15dfd844c,server/model/items/ItemAssistant.java,removeItem
12acfc45-bdfb-4343-9004-9be15dfd844c,server/model/players/TradeAndDuel.java,startDuel,->,12acfc45-bdfb-4343-9004-9be15dfd844c,server/model/players/Client.java,getItems
12acfc45-bdfb-4343-9004-9be15dfd844c,server/model/players/TradeAndDuel.java,startDuel,->,12acfc45-bdfb-4343-9004-9be15dfd844c,server/model/items/ItemAssistant.java,removeItem
12acfc45-bdfb-4343-9004-9be15dfd844c,server/model/players/TradeAndDuel.java,startDuel,->,12acfc45-bdfb-4343-9004-9be15dfd844c,server/model/players/Client.java,getItems
12acfc45-bdfb-4343-9004-9be15dfd844c,server/model/players/TradeAndDuel.java,startDuel,->,12acfc45-bdfb-4343-9004-9be15dfd844c,server/model/items/ItemAssistant.java,removeItem
12acfc45-bdfb-4343-9004-9be15dfd844c,server/model/players/TradeAndDuel.java,startDuel,->,12acfc45-bdfb-4343-9004-9be15dfd844c,server/model/players/Client.java,getItems
12acfc45-bdfb-4343-9004-9be15dfd844c,server/model/players/TradeAndDuel.java,startDuel,->,12acfc45-bdfb-4343-9004-9be15dfd844c,server/model/items/ItemAssistant.java,removeItem
12acfc45-bdfb-4343-9004-9be15dfd844c,server/model/players/TradeAndDuel.java,startDuel,->,12acfc45-bdfb-4343-9004-9be15dfd844c,server/model/players/Client.java,getItems
12acfc45-bdfb-4343-9004-9be15dfd844c,server/model/players/TradeAndDuel.java,startDuel,->,12acfc45-bdfb-4343-9004-9be15dfd844c,server/model/items/ItemAssistant.java,removeItem
12acfc45-bdfb-4343-9004-9be15dfd844c,server/model/players/TradeAndDuel.java,startDuel,->,12acfc45-bdfb-4343-9004-9be15dfd844c,server/model/players/Client.java,getItems
12acfc45-bdfb-4343-9004-9be15dfd844c,server/model/players/TradeAndDuel.java,startDuel,->,12acfc45-bdfb-4343-9004-9be15dfd844c,server/model/items/ItemAssistant.java,removeItem
12acfc45-bdfb-4343-9004-9be15dfd844c,server/model/players/TradeAndDuel.java,startDuel,->,12acfc45-bdfb-4343-9004-9be15dfd844c,server/model/players/Client.java,getItems
12acfc45-bdfb-4343-9004-9be15dfd844c,server/model/players/TradeAndDuel.java,startDuel,->,12acfc45-bdfb-4343-9004-9be15dfd844c,server/model/items/ItemAssistant.java,removeItem
12acfc45-bdfb-4343-9004-9be15dfd844c,server/model/players/TradeAndDuel.java,startDuel,->,12acfc45-bdfb-4343-9004-9be15dfd844c,server/model/players/Client.java,getItems
12acfc45-bdfb-4343-9004-9be15dfd844c,server/model/players/TradeAndDuel.java,startDuel,->,12acfc45-bdfb-4343-9004-9be15dfd844c,server/model/items/ItemAssistant.java,removeItem
12acfc45-bdfb-4343-9004-9be15dfd844c,server/model/players/TradeAndDuel.java,startDuel,->,12acfc45-bdfb-4343-9004-9be15dfd844c,server/model/players/Client.java,getPA
12acfc45-bdfb-4343-9004-9be15dfd844c,server/model/players/TradeAndDuel.java,startDuel,->,12acfc45-bdfb-4343-9004-9be15dfd844c,991eb2a8-284a-4290-ae08-f54cf8834706,3666955d-52b4-495d-880c-318d6383a5bb
12acfc45-bdfb-4343-9004-9be15dfd844c,server/model/players/TradeAndDuel.java,startDuel,->,12acfc45-bdfb-4343-9004-9be15dfd844c,server/model/players/Client.java,getItems
12acfc45-bdfb-4343-9004-9be15dfd844c,server/model/players/TradeAndDuel.java,startDuel,->,12acfc45-bdfb-4343-9004-9be15dfd844c,server/model/items/ItemAssistant.java,addSpecialBar
12acfc45-bdfb-4343-9004-9be15dfd844c,server/model/players/TradeAndDuel.java,startDuel,->,12acfc45-bdfb-4343-9004-9be15dfd844c,server/model/players/Client.java,getPA
12acfc45-bdfb-4343-9004-9be15dfd844c,server/model/players/TradeAndDuel.java,startDuel,->,12acfc45-bdfb-4343-9004-9be15dfd844c,991eb2a8-284a-4290-ae08-f54cf8834706,141a66be-744c-48f6-a5c3-9dbea684d0d6
12acfc45-bdfb-4343-9004-9be15dfd844c,server/model/players/TradeAndDuel.java,startDuel,->,12acfc45-bdfb-4343-9004-9be15dfd844c,server/model/players/Client.java,getPA
12acfc45-bdfb-4343-9004-9be15dfd844c,server/model/players/TradeAndDuel.java,startDuel,->,12acfc45-bdfb-4343-9004-9be15dfd844c,2c89cfe4-ed6d-446f-832b-3c203feb3155,12264cea-e176-47b1-b1bb-e3a14dc18d35
12acfc45-bdfb-4343-9004-9be15dfd844c,server/model/players/TradeAndDuel.java,startDuel,->,12acfc45-bdfb-4343-9004-9be15dfd844c,2c89cfe4-ed6d-446f-832b-3c203feb3155,12264cea-e176-47b1-b1bb-e3a14dc18d35
12acfc45-bdfb-4343-9004-9be15dfd844c,server/model/players/TradeAndDuel.java,startDuel,->,12acfc45-bdfb-4343-9004-9be15dfd844c,991eb2a8-284a-4290-ae08-f54cf8834706,141a66be-744c-48f6-a5c3-9dbea684d0d6
12acfc45-bdfb-4343-9004-9be15dfd844c,server/model/players/TradeAndDuel.java,startDuel,->,12acfc45-bdfb-4343-9004-9be15dfd844c,server/model/players/Client.java,getPA
12acfc45-bdfb-4343-9004-9be15dfd844c,server/model/players/TradeAndDuel.java,startDuel,->,12acfc45-bdfb-4343-9004-9be15dfd844c,991eb2a8-284a-4290-ae08-f54cf8834706,141a66be-744c-48f6-a5c3-9dbea684d0d6
12acfc45-bdfb-4343-9004-9be15dfd844c,server/model/players/TradeAndDuel.java,startDuel,->,12acfc45-bdfb-4343-9004-9be15dfd844c,server/model/players/Client.java,getPA
12acfc45-bdfb-4343-9004-9be15dfd844c,server/model/players/TradeAndDuel.java,startDuel,->,12acfc45-bdfb-4343-9004-9be15dfd844c,2c89cfe4-ed6d-446f-832b-3c203feb3155,12264cea-e176-47b1-b1bb-e3a14dc18d35
12acfc45-bdfb-4343-9004-9be15dfd844c,server/model/players/TradeAndDuel.java,startDuel,->,12acfc45-bdfb-4343-9004-9be15dfd844c,2c89cfe4-ed6d-446f-832b-3c203feb3155,12264cea-e176-47b1-b1bb-e3a14dc18d35
12acfc45-bdfb-4343-9004-9be15dfd844c,server/model/players/TradeAndDuel.java,startDuel,->,12acfc45-bdfb-4343-9004-9be15dfd844c,991eb2a8-284a-4290-ae08-f54cf8834706,141a66be-744c-48f6-a5c3-9dbea684d0d6
12acfc45-bdfb-4343-9004-9be15dfd844c,server/model/players/TradeAndDuel.java,startDuel,->,12acfc45-bdfb-4343-9004-9be15dfd844c,server/model/players/Client.java,getPA
12acfc45-bdfb-4343-9004-9be15dfd844c,server/model/players/TradeAndDuel.java,startDuel,->,12acfc45-bdfb-4343-9004-9be15dfd844c,991eb2a8-284a-4290-ae08-f54cf8834706,34dca5c1-240c-40fd-ab53-7b6588e33c33
12acfc45-bdfb-4343-9004-9be15dfd844c,server/model/players/TradeAndDuel.java,startDuel,->,12acfc45-bdfb-4343-9004-9be15dfd844c,server/model/players/Client.java,getPA
12acfc45-bdfb-4343-9004-9be15dfd844c,server/model/players/TradeAndDuel.java,startDuel,->,12acfc45-bdfb-4343-9004-9be15dfd844c,991eb2a8-284a-4290-ae08-f54cf8834706,51d33ea6-999b-4264-bbf0-81141490ce8f
12acfc45-bdfb-4343-9004-9be15dfd844c,server/model/players/TradeAndDuel.java,startDuel,->,12acfc45-bdfb-4343-9004-9be15dfd844c,server/model/players/Client.java,getPA
12acfc45-bdfb-4343-9004-9be15dfd844c,server/model/players/TradeAndDuel.java,startDuel,->,12acfc45-bdfb-4343-9004-9be15dfd844c,991eb2a8-284a-4290-ae08-f54cf8834706,26ef4ae0-57cb-4083-a56f-eaf4b81cb1ad
12acfc45-bdfb-4343-9004-9be15dfd844c,server/model/players/TradeAndDuel.java,startDuel,->,12acfc45-bdfb-4343-9004-9be15dfd844c,server/model/players/Client.java,getPA
12acfc45-bdfb-4343-9004-9be15dfd844c,server/model/players/TradeAndDuel.java,startDuel,->,12acfc45-bdfb-4343-9004-9be15dfd844c,991eb2a8-284a-4290-ae08-f54cf8834706,cc581d00-f04e-4278-8aaf-0ecbd93e9b04
12acfc45-bdfb-4343-9004-9be15dfd844c,server/model/players/TradeAndDuel.java,startDuel,->,12acfc45-bdfb-4343-9004-9be15dfd844c,server/model/players/Client.java,getTradeAndDuel
12acfc45-bdfb-4343-9004-9be15dfd844c,server/model/players/TradeAndDuel.java,startDuel,->,12acfc45-bdfb-4343-9004-9be15dfd844c,java/util/concurrent/CopyOnWriteArrayList.java,iterator
12acfc45-bdfb-4343-9004-9be15dfd844c,server/model/players/TradeAndDuel.java,startDuel,->,12acfc45-bdfb-4343-9004-9be15dfd844c,java/util/Iterator.java,hasNext
12acfc45-bdfb-4343-9004-9be15dfd844c,server/model/players/TradeAndDuel.java,startDuel,->,12acfc45-bdfb-4343-9004-9be15dfd844c,java/util/Iterator.java,next
12acfc45-bdfb-4343-9004-9be15dfd844c,server/model/players/TradeAndDuel.java,startDuel,->,12acfc45-bdfb-4343-9004-9be15dfd844c,java/util/concurrent/CopyOnWriteArrayList.java,add
12acfc45-bdfb-4343-9004-9be15dfd844c,server/model/players/TradeAndDuel.java,startDuel,->,12acfc45-bdfb-4343-9004-9be15dfd844c,server/model/players/Client.java,getPA
12acfc45-bdfb-4343-9004-9be15dfd844c,server/model/players/TradeAndDuel.java,startDuel,->,12acfc45-bdfb-4343-9004-9be15dfd844c,991eb2a8-284a-4290-ae08-f54cf8834706,f59ca130-d149-43aa-b537-369a4987d63b
12acfc45-bdfb-4343-9004-9be15dfd844c,server/model/players/TradeAndDuel.java,duelVictory,->,12acfc45-bdfb-4343-9004-9be15dfd844c,server/model/players/Client.java,getPA
12acfc45-bdfb-4343-9004-9be15dfd844c,server/model/players/TradeAndDuel.java,duelVictory,->,12acfc45-bdfb-4343-9004-9be15dfd844c,java/lang/StringBuilder.java,append
12acfc45-bdfb-4343-9004-9be15dfd844c,server/model/players/TradeAndDuel.java,duelVictory,->,12acfc45-bdfb-4343-9004-9be15dfd844c,java/lang/StringBuilder.java,append
12acfc45-bdfb-4343-9004-9be15dfd844c,server/model/players/TradeAndDuel.java,duelVictory,->,12acfc45-bdfb-4343-9004-9be15dfd844c,java/lang/StringBuilder.java,toString
12acfc45-bdfb-4343-9004-9be15dfd844c,server/model/players/TradeAndDuel.java,duelVictory,->,12acfc45-bdfb-4343-9004-9be15dfd844c,991eb2a8-284a-4290-ae08-f54cf8834706,609517a1-3a8b-4bd9-8623-3cae47c33a17
12acfc45-bdfb-4343-9004-9be15dfd844c,server/model/players/TradeAndDuel.java,duelVictory,->,12acfc45-bdfb-4343-9004-9be15dfd844c,server/model/players/Client.java,getPA
12acfc45-bdfb-4343-9004-9be15dfd844c,server/model/players/TradeAndDuel.java,duelVictory,->,12acfc45-bdfb-4343-9004-9be15dfd844c,991eb2a8-284a-4290-ae08-f54cf8834706,609517a1-3a8b-4bd9-8623-3cae47c33a17
12acfc45-bdfb-4343-9004-9be15dfd844c,server/model/players/TradeAndDuel.java,duelVictory,->,12acfc45-bdfb-4343-9004-9be15dfd844c,server/model/players/Client.java,getPA
12acfc45-bdfb-4343-9004-9be15dfd844c,server/model/players/TradeAndDuel.java,duelVictory,->,12acfc45-bdfb-4343-9004-9be15dfd844c,991eb2a8-284a-4290-ae08-f54cf8834706,609517a1-3a8b-4bd9-8623-3cae47c33a17
12acfc45-bdfb-4343-9004-9be15dfd844c,server/model/players/TradeAndDuel.java,duelVictory,->,12acfc45-bdfb-4343-9004-9be15dfd844c,server/model/players/Client.java,getPA
12acfc45-bdfb-4343-9004-9be15dfd844c,server/model/players/TradeAndDuel.java,duelVictory,->,12acfc45-bdfb-4343-9004-9be15dfd844c,991eb2a8-284a-4290-ae08-f54cf8834706,609517a1-3a8b-4bd9-8623-3cae47c33a17
12acfc45-bdfb-4343-9004-9be15dfd844c,server/model/players/TradeAndDuel.java,duelVictory,->,12acfc45-bdfb-4343-9004-9be15dfd844c,server/model/players/Client.java,getCombat
12acfc45-bdfb-4343-9004-9be15dfd844c,server/model/players/TradeAndDuel.java,duelVictory,->,12acfc45-bdfb-4343-9004-9be15dfd844c,server/model/players/CombatAssistant.java,resetPrayers
12acfc45-bdfb-4343-9004-9be15dfd844c,server/model/players/TradeAndDuel.java,duelVictory,->,12acfc45-bdfb-4343-9004-9be15dfd844c,server/model/players/Client.java,getPA
12acfc45-bdfb-4343-9004-9be15dfd844c,server/model/players/TradeAndDuel.java,duelVictory,->,12acfc45-bdfb-4343-9004-9be15dfd844c,991eb2a8-284a-4290-ae08-f54cf8834706,26ef4ae0-57cb-4083-a56f-eaf4b81cb1ad
12acfc45-bdfb-4343-9004-9be15dfd844c,server/model/players/TradeAndDuel.java,duelVictory,->,12acfc45-bdfb-4343-9004-9be15dfd844c,server/model/players/Client.java,getPA
12acfc45-bdfb-4343-9004-9be15dfd844c,server/model/players/TradeAndDuel.java,duelVictory,->,12acfc45-bdfb-4343-9004-9be15dfd844c,991eb2a8-284a-4290-ae08-f54cf8834706,cc581d00-f04e-4278-8aaf-0ecbd93e9b04
12acfc45-bdfb-4343-9004-9be15dfd844c,server/model/players/TradeAndDuel.java,duelVictory,->,12acfc45-bdfb-4343-9004-9be15dfd844c,server/model/players/Client.java,getPA
12acfc45-bdfb-4343-9004-9be15dfd844c,server/model/players/TradeAndDuel.java,duelVictory,->,12acfc45-bdfb-4343-9004-9be15dfd844c,991eb2a8-284a-4290-ae08-f54cf8834706,cc581d00-f04e-4278-8aaf-0ecbd93e9b04
12acfc45-bdfb-4343-9004-9be15dfd844c,server/model/players/TradeAndDuel.java,duelVictory,->,12acfc45-bdfb-4343-9004-9be15dfd844c,server/model/players/Client.java,getItems
12acfc45-bdfb-4343-9004-9be15dfd844c,server/model/players/TradeAndDuel.java,duelVictory,->,12acfc45-bdfb-4343-9004-9be15dfd844c,server/model/items/ItemAssistant.java,addSpecialBar
12acfc45-bdfb-4343-9004-9be15dfd844c,server/model/players/TradeAndDuel.java,duelVictory,->,12acfc45-bdfb-4343-9004-9be15dfd844c,server/model/players/TradeAndDuel.java,duelRewardInterface
12acfc45-bdfb-4343-9004-9be15dfd844c,server/model/players/TradeAndDuel.java,duelVictory,->,12acfc45-bdfb-4343-9004-9be15dfd844c,server/model/players/PlayerSave.java,saveGame
12acfc45-bdfb-4343-9004-9be15dfd844c,server/model/players/TradeAndDuel.java,duelVictory,->,12acfc45-bdfb-4343-9004-9be15dfd844c,server/model/players/Client.java,getPA
12acfc45-bdfb-4343-9004-9be15dfd844c,server/model/players/TradeAndDuel.java,duelVictory,->,12acfc45-bdfb-4343-9004-9be15dfd844c,server/model/players/PlayerAssistant.java,showInterface
12acfc45-bdfb-4343-9004-9be15dfd844c,server/model/players/TradeAndDuel.java,duelVictory,->,12acfc45-bdfb-4343-9004-9be15dfd844c,server/model/players/Client.java,getPA
12acfc45-bdfb-4343-9004-9be15dfd844c,server/model/players/TradeAndDuel.java,duelVictory,->,12acfc45-bdfb-4343-9004-9be15dfd844c,2c89cfe4-ed6d-446f-832b-3c203feb3155,12264cea-e176-47b1-b1bb-e3a14dc18d35
12acfc45-bdfb-4343-9004-9be15dfd844c,server/model/players/TradeAndDuel.java,duelVictory,->,12acfc45-bdfb-4343-9004-9be15dfd844c,2c89cfe4-ed6d-446f-832b-3c203feb3155,12264cea-e176-47b1-b1bb-e3a14dc18d35
12acfc45-bdfb-4343-9004-9be15dfd844c,server/model/players/TradeAndDuel.java,duelVictory,->,12acfc45-bdfb-4343-9004-9be15dfd844c,991eb2a8-284a-4290-ae08-f54cf8834706,141a66be-744c-48f6-a5c3-9dbea684d0d6
12acfc45-bdfb-4343-9004-9be15dfd844c,server/model/players/TradeAndDuel.java,duelVictory,->,12acfc45-bdfb-4343-9004-9be15dfd844c,server/model/players/Client.java,getPA
12acfc45-bdfb-4343-9004-9be15dfd844c,server/model/players/TradeAndDuel.java,duelVictory,->,12acfc45-bdfb-4343-9004-9be15dfd844c,991eb2a8-284a-4290-ae08-f54cf8834706,f59ca130-d149-43aa-b537-369a4987d63b
12acfc45-bdfb-4343-9004-9be15dfd844c,server/model/players/TradeAndDuel.java,duelVictory,->,12acfc45-bdfb-4343-9004-9be15dfd844c,server/model/players/Client.java,getPA
12acfc45-bdfb-4343-9004-9be15dfd844c,server/model/players/TradeAndDuel.java,duelVictory,->,12acfc45-bdfb-4343-9004-9be15dfd844c,991eb2a8-284a-4290-ae08-f54cf8834706,51d33ea6-999b-4264-bbf0-81141490ce8f
12acfc45-bdfb-4343-9004-9be15dfd844c,server/model/players/TradeAndDuel.java,duelVictory,->,12acfc45-bdfb-4343-9004-9be15dfd844c,server/model/players/Client.java,getPA
12acfc45-bdfb-4343-9004-9be15dfd844c,server/model/players/TradeAndDuel.java,duelVictory,->,12acfc45-bdfb-4343-9004-9be15dfd844c,991eb2a8-284a-4290-ae08-f54cf8834706,34dca5c1-240c-40fd-ab53-7b6588e33c33
12acfc45-bdfb-4343-9004-9be15dfd844c,server/model/players/TradeAndDuel.java,duelVictory,->,12acfc45-bdfb-4343-9004-9be15dfd844c,server/model/players/Client.java,getPA
12acfc45-bdfb-4343-9004-9be15dfd844c,server/model/players/TradeAndDuel.java,duelVictory,->,12acfc45-bdfb-4343-9004-9be15dfd844c,991eb2a8-284a-4290-ae08-f54cf8834706,f734ec4c-f6ff-48ef-9a62-43e360d115c7
12acfc45-bdfb-4343-9004-9be15dfd844c,server/model/players/TradeAndDuel.java,duelVictory,->,12acfc45-bdfb-4343-9004-9be15dfd844c,server/model/players/Client.java,getCombat
12acfc45-bdfb-4343-9004-9be15dfd844c,server/model/players/TradeAndDuel.java,duelVictory,->,12acfc45-bdfb-4343-9004-9be15dfd844c,server/model/players/CombatAssistant.java,resetPlayerAttack
12acfc45-bdfb-4343-9004-9be15dfd844c,server/model/players/TradeAndDuel.java,duelRewardInterface,->,12acfc45-bdfb-4343-9004-9be15dfd844c,server/model/players/Client.java,getOutStream
12acfc45-bdfb-4343-9004-9be15dfd844c,server/model/players/TradeAndDuel.java,duelRewardInterface,->,12acfc45-bdfb-4343-9004-9be15dfd844c,server/util/Stream.java,createFrameVarSizeWord
12acfc45-bdfb-4343-9004-9be15dfd844c,server/model/players/TradeAndDuel.java,duelRewardInterface,->,12acfc45-bdfb-4343-9004-9be15dfd844c,server/model/players/Client.java,getOutStream
12acfc45-bdfb-4343-9004-9be15dfd844c,server/model/players/TradeAndDuel.java,duelRewardInterface,->,12acfc45-bdfb-4343-9004-9be15dfd844c,server/util/Stream.java,writeWord
12acfc45-bdfb-4343-9004-9be15dfd844c,server/model/players/TradeAndDuel.java,duelRewardInterface,->,12acfc45-bdfb-4343-9004-9be15dfd844c,server/model/players/Client.java,getOutStream
12acfc45-bdfb-4343-9004-9be15dfd844c,server/model/players/TradeAndDuel.java,duelRewardInterface,->,12acfc45-bdfb-4343-9004-9be15dfd844c,java/util/concurrent/CopyOnWriteArrayList.java,toArray
12acfc45-bdfb-4343-9004-9be15dfd844c,server/model/players/TradeAndDuel.java,duelRewardInterface,->,12acfc45-bdfb-4343-9004-9be15dfd844c,server/util/Stream.java,writeWord
12acfc45-bdfb-4343-9004-9be15dfd844c,server/model/players/TradeAndDuel.java,duelRewardInterface,->,12acfc45-bdfb-4343-9004-9be15dfd844c,java/util/concurrent/CopyOnWriteArrayList.java,iterator
12acfc45-bdfb-4343-9004-9be15dfd844c,server/model/players/TradeAndDuel.java,duelRewardInterface,->,12acfc45-bdfb-4343-9004-9be15dfd844c,java/util/Iterator.java,hasNext
12acfc45-bdfb-4343-9004-9be15dfd844c,server/model/players/TradeAndDuel.java,duelRewardInterface,->,12acfc45-bdfb-4343-9004-9be15dfd844c,java/util/Iterator.java,next
12acfc45-bdfb-4343-9004-9be15dfd844c,server/model/players/TradeAndDuel.java,duelRewardInterface,->,12acfc45-bdfb-4343-9004-9be15dfd844c,server/model/players/Client.java,getOutStream
12acfc45-bdfb-4343-9004-9be15dfd844c,server/model/players/TradeAndDuel.java,duelRewardInterface,->,12acfc45-bdfb-4343-9004-9be15dfd844c,server/util/Stream.java,writeByte
12acfc45-bdfb-4343-9004-9be15dfd844c,server/model/players/TradeAndDuel.java,duelRewardInterface,->,12acfc45-bdfb-4343-9004-9be15dfd844c,server/model/players/Client.java,getOutStream
12acfc45-bdfb-4343-9004-9be15dfd844c,server/model/players/TradeAndDuel.java,duelRewardInterface,->,12acfc45-bdfb-4343-9004-9be15dfd844c,server/util/Stream.java,writeDWord_v2
12acfc45-bdfb-4343-9004-9be15dfd844c,server/model/players/TradeAndDuel.java,duelRewardInterface,->,12acfc45-bdfb-4343-9004-9be15dfd844c,server/model/players/Client.java,getOutStream
12acfc45-bdfb-4343-9004-9be15dfd844c,server/model/players/TradeAndDuel.java,duelRewardInterface,->,12acfc45-bdfb-4343-9004-9be15dfd844c,server/util/Stream.java,writeByte
12acfc45-bdfb-4343-9004-9be15dfd844c,server/model/players/TradeAndDuel.java,duelRewardInterface,->,12acfc45-bdfb-4343-9004-9be15dfd844c,server/model/players/Client.java,getOutStream
12acfc45-bdfb-4343-9004-9be15dfd844c,server/model/players/TradeAndDuel.java,duelRewardInterface,->,12acfc45-bdfb-4343-9004-9be15dfd844c,server/util/Stream.java,writeWordBigEndianA
12acfc45-bdfb-4343-9004-9be15dfd844c,server/model/players/TradeAndDuel.java,duelRewardInterface,->,12acfc45-bdfb-4343-9004-9be15dfd844c,server/model/players/Client.java,getOutStream
12acfc45-bdfb-4343-9004-9be15dfd844c,server/model/players/TradeAndDuel.java,duelRewardInterface,->,12acfc45-bdfb-4343-9004-9be15dfd844c,server/util/Stream.java,endFrameVarSizeWord
12acfc45-bdfb-4343-9004-9be15dfd844c,server/model/players/TradeAndDuel.java,duelRewardInterface,->,12acfc45-bdfb-4343-9004-9be15dfd844c,server/model/players/Client.java,flushOutStream
12acfc45-bdfb-4343-9004-9be15dfd844c,server/model/players/TradeAndDuel.java,claimStakedItems,->,12acfc45-bdfb-4343-9004-9be15dfd844c,java/util/concurrent/CopyOnWriteArrayList.java,iterator
12acfc45-bdfb-4343-9004-9be15dfd844c,server/model/players/TradeAndDuel.java,claimStakedItems,->,12acfc45-bdfb-4343-9004-9be15dfd844c,java/util/Iterator.java,hasNext
12acfc45-bdfb-4343-9004-9be15dfd844c,server/model/players/TradeAndDuel.java,claimStakedItems,->,12acfc45-bdfb-4343-9004-9be15dfd844c,java/util/Iterator.java,next
12acfc45-bdfb-4343-9004-9be15dfd844c,server/model/players/TradeAndDuel.java,claimStakedItems,->,12acfc45-bdfb-4343-9004-9be15dfd844c,server/model/players/Client.java,getItems
12acfc45-bdfb-4343-9004-9be15dfd844c,server/model/players/TradeAndDuel.java,claimStakedItems,->,12acfc45-bdfb-4343-9004-9be15dfd844c,server/model/items/ItemAssistant.java,addItem
12acfc45-bdfb-4343-9004-9be15dfd844c,server/model/players/TradeAndDuel.java,claimStakedItems,->,12acfc45-bdfb-4343-9004-9be15dfd844c,server/model/players/Client.java,getX
12acfc45-bdfb-4343-9004-9be15dfd844c,server/model/players/TradeAndDuel.java,claimStakedItems,->,12acfc45-bdfb-4343-9004-9be15dfd844c,server/model/players/Client.java,getY
12acfc45-bdfb-4343-9004-9be15dfd844c,server/model/players/TradeAndDuel.java,claimStakedItems,->,12acfc45-bdfb-4343-9004-9be15dfd844c,server/model/players/Client.java,getId
12acfc45-bdfb-4343-9004-9be15dfd844c,server/model/players/TradeAndDuel.java,claimStakedItems,->,12acfc45-bdfb-4343-9004-9be15dfd844c,server/world/ItemHandler.java,createGroundItem
12acfc45-bdfb-4343-9004-9be15dfd844c,server/model/players/TradeAndDuel.java,claimStakedItems,->,12acfc45-bdfb-4343-9004-9be15dfd844c,server/model/players/Client.java,getItems
12acfc45-bdfb-4343-9004-9be15dfd844c,server/model/players/TradeAndDuel.java,claimStakedItems,->,12acfc45-bdfb-4343-9004-9be15dfd844c,server/model/items/ItemAssistant.java,addItem
12acfc45-bdfb-4343-9004-9be15dfd844c,server/model/players/TradeAndDuel.java,claimStakedItems,->,12acfc45-bdfb-4343-9004-9be15dfd844c,server/model/players/Client.java,getX
12acfc45-bdfb-4343-9004-9be15dfd844c,server/model/players/TradeAndDuel.java,claimStakedItems,->,12acfc45-bdfb-4343-9004-9be15dfd844c,server/model/players/Client.java,getY
12acfc45-bdfb-4343-9004-9be15dfd844c,server/model/players/TradeAndDuel.java,claimStakedItems,->,12acfc45-bdfb-4343-9004-9be15dfd844c,server/model/players/Client.java,getId
12acfc45-bdfb-4343-9004-9be15dfd844c,server/model/players/TradeAndDuel.java,claimStakedItems,->,12acfc45-bdfb-4343-9004-9be15dfd844c,server/world/ItemHandler.java,createGroundItem
12acfc45-bdfb-4343-9004-9be15dfd844c,server/model/players/TradeAndDuel.java,claimStakedItems,->,12acfc45-bdfb-4343-9004-9be15dfd844c,java/util/concurrent/CopyOnWriteArrayList.java,iterator
12acfc45-bdfb-4343-9004-9be15dfd844c,server/model/players/TradeAndDuel.java,claimStakedItems,->,12acfc45-bdfb-4343-9004-9be15dfd844c,java/util/Iterator.java,hasNext
12acfc45-bdfb-4343-9004-9be15dfd844c,server/model/players/TradeAndDuel.java,claimStakedItems,->,12acfc45-bdfb-4343-9004-9be15dfd844c,java/util/Iterator.java,next
12acfc45-bdfb-4343-9004-9be15dfd844c,server/model/players/TradeAndDuel.java,claimStakedItems,->,12acfc45-bdfb-4343-9004-9be15dfd844c,server/model/players/Client.java,getItems
12acfc45-bdfb-4343-9004-9be15dfd844c,server/model/players/TradeAndDuel.java,claimStakedItems,->,12acfc45-bdfb-4343-9004-9be15dfd844c,server/model/items/ItemAssistant.java,addItem
12acfc45-bdfb-4343-9004-9be15dfd844c,server/model/players/TradeAndDuel.java,claimStakedItems,->,12acfc45-bdfb-4343-9004-9be15dfd844c,server/model/players/Client.java,getX
12acfc45-bdfb-4343-9004-9be15dfd844c,server/model/players/TradeAndDuel.java,claimStakedItems,->,12acfc45-bdfb-4343-9004-9be15dfd844c,server/model/players/Client.java,getY
12acfc45-bdfb-4343-9004-9be15dfd844c,server/model/players/TradeAndDuel.java,claimStakedItems,->,12acfc45-bdfb-4343-9004-9be15dfd844c,server/model/players/Client.java,getId
12acfc45-bdfb-4343-9004-9be15dfd844c,server/model/players/TradeAndDuel.java,claimStakedItems,->,12acfc45-bdfb-4343-9004-9be15dfd844c,server/world/ItemHandler.java,createGroundItem
12acfc45-bdfb-4343-9004-9be15dfd844c,server/model/players/TradeAndDuel.java,claimStakedItems,->,12acfc45-bdfb-4343-9004-9be15dfd844c,server/model/players/Client.java,getItems
12acfc45-bdfb-4343-9004-9be15dfd844c,server/model/players/TradeAndDuel.java,claimStakedItems,->,12acfc45-bdfb-4343-9004-9be15dfd844c,server/model/items/ItemAssistant.java,addItem
12acfc45-bdfb-4343-9004-9be15dfd844c,server/model/players/TradeAndDuel.java,claimStakedItems,->,12acfc45-bdfb-4343-9004-9be15dfd844c,server/model/players/Client.java,getX
12acfc45-bdfb-4343-9004-9be15dfd844c,server/model/players/TradeAndDuel.java,claimStakedItems,->,12acfc45-bdfb-4343-9004-9be15dfd844c,server/model/players/Client.java,getY
12acfc45-bdfb-4343-9004-9be15dfd844c,server/model/players/TradeAndDuel.java,claimStakedItems,->,12acfc45-bdfb-4343-9004-9be15dfd844c,server/model/players/Client.java,getId
12acfc45-bdfb-4343-9004-9be15dfd844c,server/model/players/TradeAndDuel.java,claimStakedItems,->,12acfc45-bdfb-4343-9004-9be15dfd844c,server/world/ItemHandler.java,createGroundItem
12acfc45-bdfb-4343-9004-9be15dfd844c,server/model/players/TradeAndDuel.java,claimStakedItems,->,12acfc45-bdfb-4343-9004-9be15dfd844c,server/model/players/TradeAndDuel.java,resetDuel
12acfc45-bdfb-4343-9004-9be15dfd844c,server/model/players/TradeAndDuel.java,claimStakedItems,->,12acfc45-bdfb-4343-9004-9be15dfd844c,server/model/players/TradeAndDuel.java,resetDuelItems
12acfc45-bdfb-4343-9004-9be15dfd844c,server/model/players/TradeAndDuel.java,declineDuel,->,12acfc45-bdfb-4343-9004-9be15dfd844c,server/model/players/Client.java,getPA
12acfc45-bdfb-4343-9004-9be15dfd844c,server/model/players/TradeAndDuel.java,declineDuel,->,12acfc45-bdfb-4343-9004-9be15dfd844c,991eb2a8-284a-4290-ae08-f54cf8834706,3666955d-52b4-495d-880c-318d6383a5bb
12acfc45-bdfb-4343-9004-9be15dfd844c,server/model/players/TradeAndDuel.java,declineDuel,->,12acfc45-bdfb-4343-9004-9be15dfd844c,java/util/concurrent/CopyOnWriteArrayList.java,iterator
12acfc45-bdfb-4343-9004-9be15dfd844c,server/model/players/TradeAndDuel.java,declineDuel,->,12acfc45-bdfb-4343-9004-9be15dfd844c,java/util/Iterator.java,hasNext
12acfc45-bdfb-4343-9004-9be15dfd844c,server/model/players/TradeAndDuel.java,declineDuel,->,12acfc45-bdfb-4343-9004-9be15dfd844c,java/util/Iterator.java,next
12acfc45-bdfb-4343-9004-9be15dfd844c,server/model/players/TradeAndDuel.java,declineDuel,->,12acfc45-bdfb-4343-9004-9be15dfd844c,server/model/players/Client.java,getItems
12acfc45-bdfb-4343-9004-9be15dfd844c,server/model/players/TradeAndDuel.java,declineDuel,->,12acfc45-bdfb-4343-9004-9be15dfd844c,server/model/items/ItemAssistant.java,addItem
12acfc45-bdfb-4343-9004-9be15dfd844c,server/model/players/TradeAndDuel.java,declineDuel,->,12acfc45-bdfb-4343-9004-9be15dfd844c,server/model/players/Client.java,getItems
12acfc45-bdfb-4343-9004-9be15dfd844c,server/model/players/TradeAndDuel.java,declineDuel,->,12acfc45-bdfb-4343-9004-9be15dfd844c,server/model/items/ItemAssistant.java,addItem
12acfc45-bdfb-4343-9004-9be15dfd844c,server/model/players/TradeAndDuel.java,declineDuel,->,12acfc45-bdfb-4343-9004-9be15dfd844c,java/util/concurrent/CopyOnWriteArrayList.java,clear
12acfc45-bdfb-4343-9004-9be15dfd844c,server/model/players/TradeAndDuel.java,resetDuel,->,12acfc45-bdfb-4343-9004-9be15dfd844c,server/model/players/Client.java,getPA
12acfc45-bdfb-4343-9004-9be15dfd844c,server/model/players/TradeAndDuel.java,resetDuel,->,12acfc45-bdfb-4343-9004-9be15dfd844c,991eb2a8-284a-4290-ae08-f54cf8834706,51d33ea6-999b-4264-bbf0-81141490ce8f
12acfc45-bdfb-4343-9004-9be15dfd844c,server/model/players/TradeAndDuel.java,resetDuel,->,12acfc45-bdfb-4343-9004-9be15dfd844c,server/model/players/Client.java,getPA
12acfc45-bdfb-4343-9004-9be15dfd844c,server/model/players/TradeAndDuel.java,resetDuel,->,12acfc45-bdfb-4343-9004-9be15dfd844c,991eb2a8-284a-4290-ae08-f54cf8834706,34dca5c1-240c-40fd-ab53-7b6588e33c33
12acfc45-bdfb-4343-9004-9be15dfd844c,server/model/players/TradeAndDuel.java,resetDuel,->,12acfc45-bdfb-4343-9004-9be15dfd844c,server/model/players/Client.java,getPA
12acfc45-bdfb-4343-9004-9be15dfd844c,server/model/players/TradeAndDuel.java,resetDuel,->,12acfc45-bdfb-4343-9004-9be15dfd844c,991eb2a8-284a-4290-ae08-f54cf8834706,f734ec4c-f6ff-48ef-9a62-43e360d115c7
12acfc45-bdfb-4343-9004-9be15dfd844c,server/model/players/TradeAndDuel.java,resetDuel,->,12acfc45-bdfb-4343-9004-9be15dfd844c,server/model/players/Client.java,getPA
12acfc45-bdfb-4343-9004-9be15dfd844c,server/model/players/TradeAndDuel.java,resetDuel,->,12acfc45-bdfb-4343-9004-9be15dfd844c,991eb2a8-284a-4290-ae08-f54cf8834706,f59ca130-d149-43aa-b537-369a4987d63b
12acfc45-bdfb-4343-9004-9be15dfd844c,server/model/players/TradeAndDuel.java,resetDuel,->,12acfc45-bdfb-4343-9004-9be15dfd844c,server/model/players/Client.java,getCombat
12acfc45-bdfb-4343-9004-9be15dfd844c,server/model/players/TradeAndDuel.java,resetDuel,->,12acfc45-bdfb-4343-9004-9be15dfd844c,server/model/players/CombatAssistant.java,resetPlayerAttack
12acfc45-bdfb-4343-9004-9be15dfd844c,server/model/players/TradeAndDuel.java,resetDuelItems,->,12acfc45-bdfb-4343-9004-9be15dfd844c,java/util/concurrent/CopyOnWriteArrayList.java,clear
12acfc45-bdfb-4343-9004-9be15dfd844c,server/model/players/TradeAndDuel.java,resetDuelItems,->,12acfc45-bdfb-4343-9004-9be15dfd844c,java/util/concurrent/CopyOnWriteArrayList.java,clear
12acfc45-bdfb-4343-9004-9be15dfd844c,server/model/players/TradeAndDuel.java,changeDuelStuff,->,12acfc45-bdfb-4343-9004-9be15dfd844c,server/model/players/Client.java,getPA
12acfc45-bdfb-4343-9004-9be15dfd844c,server/model/players/TradeAndDuel.java,changeDuelStuff,->,12acfc45-bdfb-4343-9004-9be15dfd844c,991eb2a8-284a-4290-ae08-f54cf8834706,609517a1-3a8b-4bd9-8623-3cae47c33a17
12acfc45-bdfb-4343-9004-9be15dfd844c,server/model/players/TradeAndDuel.java,changeDuelStuff,->,12acfc45-bdfb-4343-9004-9be15dfd844c,server/model/players/Client.java,getPA
12acfc45-bdfb-4343-9004-9be15dfd844c,server/model/players/TradeAndDuel.java,changeDuelStuff,->,12acfc45-bdfb-4343-9004-9be15dfd844c,991eb2a8-284a-4290-ae08-f54cf8834706,609517a1-3a8b-4bd9-8623-3cae47c33a17
12acfc45-bdfb-4343-9004-9be15dfd844c,server/model/players/TradeAndDuel.java,selectRule,->,12acfc45-bdfb-4343-9004-9be15dfd844c,server/model/players/TradeAndDuel.java,changeDuelStuff
12acfc45-bdfb-4343-9004-9be15dfd844c,server/model/players/TradeAndDuel.java,selectRule,->,12acfc45-bdfb-4343-9004-9be15dfd844c,server/model/players/Client.java,getItems
12acfc45-bdfb-4343-9004-9be15dfd844c,server/model/players/TradeAndDuel.java,selectRule,->,12acfc45-bdfb-4343-9004-9be15dfd844c,server/model/items/ItemAssistant.java,freeSlots
12acfc45-bdfb-4343-9004-9be15dfd844c,server/model/players/TradeAndDuel.java,selectRule,->,12acfc45-bdfb-4343-9004-9be15dfd844c,server/model/players/Client.java,getItems
12acfc45-bdfb-4343-9004-9be15dfd844c,server/model/players/TradeAndDuel.java,selectRule,->,12acfc45-bdfb-4343-9004-9be15dfd844c,server/model/items/ItemAssistant.java,freeSlots
12acfc45-bdfb-4343-9004-9be15dfd844c,server/model/players/TradeAndDuel.java,selectRule,->,12acfc45-bdfb-4343-9004-9be15dfd844c,server/model/players/Client.java,sendMessage
12acfc45-bdfb-4343-9004-9be15dfd844c,server/model/players/TradeAndDuel.java,selectRule,->,12acfc45-bdfb-4343-9004-9be15dfd844c,server/model/players/Client.java,getPA
12acfc45-bdfb-4343-9004-9be15dfd844c,server/model/players/TradeAndDuel.java,selectRule,->,12acfc45-bdfb-4343-9004-9be15dfd844c,991eb2a8-284a-4290-ae08-f54cf8834706,fccfc8f1-adb7-456a-8e60-fd652c5870cc
12acfc45-bdfb-4343-9004-9be15dfd844c,server/model/players/TradeAndDuel.java,selectRule,->,12acfc45-bdfb-4343-9004-9be15dfd844c,server/model/players/Client.java,getPA
12acfc45-bdfb-4343-9004-9be15dfd844c,server/model/players/TradeAndDuel.java,selectRule,->,12acfc45-bdfb-4343-9004-9be15dfd844c,991eb2a8-284a-4290-ae08-f54cf8834706,fccfc8f1-adb7-456a-8e60-fd652c5870cc
12acfc45-bdfb-4343-9004-9be15dfd844c,server/model/players/TradeAndDuel.java,selectRule,->,12acfc45-bdfb-4343-9004-9be15dfd844c,2c89cfe4-ed6d-446f-832b-3c203feb3155,12264cea-e176-47b1-b1bb-e3a14dc18d35
12acfc45-bdfb-4343-9004-9be15dfd844c,server/model/players/TradeAndDuel.java,selectRule,->,12acfc45-bdfb-4343-9004-9be15dfd844c,2c89cfe4-ed6d-446f-832b-3c203feb3155,12264cea-e176-47b1-b1bb-e3a14dc18d35
12acfc45-bdfb-4343-9004-9be15dfd844c,server/model/players/TradeAndDuel.java,selectRule,->,12acfc45-bdfb-4343-9004-9be15dfd844c,2c89cfe4-ed6d-446f-832b-3c203feb3155,12264cea-e176-47b1-b1bb-e3a14dc18d35
12acfc45-bdfb-4343-9004-9be15dfd844c,server/model/players/TradeAndDuel.java,selectRule,->,12acfc45-bdfb-4343-9004-9be15dfd844c,2c89cfe4-ed6d-446f-832b-3c203feb3155,12264cea-e176-47b1-b1bb-e3a14dc18d35
12acfc45-bdfb-4343-9004-9be15dfd844c,beb16e88-87f7-4cab-91b3-ba51fce16821,fffa9574-e923-40b3-a882-b96045259ebd,->,12acfc45-bdfb-4343-9004-9be15dfd844c,java/lang/Thread.java,start
12acfc45-bdfb-4343-9004-9be15dfd844c,beb16e88-87f7-4cab-91b3-ba51fce16821,538160a0-7f6d-49db-97c8-5fb5ad29a472,->,12acfc45-bdfb-4343-9004-9be15dfd844c,beb16e88-87f7-4cab-91b3-ba51fce16821,1153f2a5-8474-428d-92a2-da73b4d31b05
12acfc45-bdfb-4343-9004-9be15dfd844c,beb16e88-87f7-4cab-91b3-ba51fce16821,538160a0-7f6d-49db-97c8-5fb5ad29a472,->,12acfc45-bdfb-4343-9004-9be15dfd844c,java/lang/Thread.java,sleep
12acfc45-bdfb-4343-9004-9be15dfd844c,beb16e88-87f7-4cab-91b3-ba51fce16821,538160a0-7f6d-49db-97c8-5fb5ad29a472,->,12acfc45-bdfb-4343-9004-9be15dfd844c,java/lang/Exception.java,printStackTrace
12acfc45-bdfb-4343-9004-9be15dfd844c,beb16e88-87f7-4cab-91b3-ba51fce16821,5ceb2051-bce5-49b5-8d4b-05f1cad91bda,->,12acfc45-bdfb-4343-9004-9be15dfd844c,java/lang/Integer.java,valueOf
12acfc45-bdfb-4343-9004-9be15dfd844c,beb16e88-87f7-4cab-91b3-ba51fce16821,5ceb2051-bce5-49b5-8d4b-05f1cad91bda,->,12acfc45-bdfb-4343-9004-9be15dfd844c,java/util/ArrayList.java,contains
12acfc45-bdfb-4343-9004-9be15dfd844c,beb16e88-87f7-4cab-91b3-ba51fce16821,5ceb2051-bce5-49b5-8d4b-05f1cad91bda,->,12acfc45-bdfb-4343-9004-9be15dfd844c,java/lang/Integer.java,valueOf
12acfc45-bdfb-4343-9004-9be15dfd844c,beb16e88-87f7-4cab-91b3-ba51fce16821,5ceb2051-bce5-49b5-8d4b-05f1cad91bda,->,12acfc45-bdfb-4343-9004-9be15dfd844c,java/util/ArrayList.java,add
12acfc45-bdfb-4343-9004-9be15dfd844c,beb16e88-87f7-4cab-91b3-ba51fce16821,5ceb2051-bce5-49b5-8d4b-05f1cad91bda,->,12acfc45-bdfb-4343-9004-9be15dfd844c,java/lang/Object.java,notify
12acfc45-bdfb-4343-9004-9be15dfd844c,beb16e88-87f7-4cab-91b3-ba51fce16821,1153f2a5-8474-428d-92a2-da73b4d31b05,->,12acfc45-bdfb-4343-9004-9be15dfd844c,java/lang/System.java,currentTimeMillis
12acfc45-bdfb-4343-9004-9be15dfd844c,beb16e88-87f7-4cab-91b3-ba51fce16821,1153f2a5-8474-428d-92a2-da73b4d31b05,->,12acfc45-bdfb-4343-9004-9be15dfd844c,server/model/players/PlayerSave.java,saveGame
12acfc45-bdfb-4343-9004-9be15dfd844c,beb16e88-87f7-4cab-91b3-ba51fce16821,1153f2a5-8474-428d-92a2-da73b4d31b05,->,12acfc45-bdfb-4343-9004-9be15dfd844c,java/lang/System.java,currentTimeMillis
12acfc45-bdfb-4343-9004-9be15dfd844c,beb16e88-87f7-4cab-91b3-ba51fce16821,1153f2a5-8474-428d-92a2-da73b4d31b05,->,12acfc45-bdfb-4343-9004-9be15dfd844c,9ecf2ca5-2323-4406-9de5-89794fa027e7,6cea775c-6799-4a7a-b38f-2504604180c0
12acfc45-bdfb-4343-9004-9be15dfd844c,beb16e88-87f7-4cab-91b3-ba51fce16821,1153f2a5-8474-428d-92a2-da73b4d31b05,->,12acfc45-bdfb-4343-9004-9be15dfd844c,java/io/PrintStream.java,println
12acfc45-bdfb-4343-9004-9be15dfd844c,beb16e88-87f7-4cab-91b3-ba51fce16821,1153f2a5-8474-428d-92a2-da73b4d31b05,->,12acfc45-bdfb-4343-9004-9be15dfd844c,java/io/PrintStream.java,println
12acfc45-bdfb-4343-9004-9be15dfd844c,beb16e88-87f7-4cab-91b3-ba51fce16821,fb4caebf-ebc2-45b1-b80a-941c2138bdf5,->,12acfc45-bdfb-4343-9004-9be15dfd844c,java/util/ArrayList.java,iterator
12acfc45-bdfb-4343-9004-9be15dfd844c,beb16e88-87f7-4cab-91b3-ba51fce16821,fb4caebf-ebc2-45b1-b80a-941c2138bdf5,->,12acfc45-bdfb-4343-9004-9be15dfd844c,java/util/Iterator.java,hasNext
12acfc45-bdfb-4343-9004-9be15dfd844c,beb16e88-87f7-4cab-91b3-ba51fce16821,fb4caebf-ebc2-45b1-b80a-941c2138bdf5,->,12acfc45-bdfb-4343-9004-9be15dfd844c,java/util/Iterator.java,next
12acfc45-bdfb-4343-9004-9be15dfd844c,beb16e88-87f7-4cab-91b3-ba51fce16821,fb4caebf-ebc2-45b1-b80a-941c2138bdf5,->,12acfc45-bdfb-4343-9004-9be15dfd844c,java/lang/Integer.java,intValue
12acfc45-bdfb-4343-9004-9be15dfd844c,beb16e88-87f7-4cab-91b3-ba51fce16821,fb4caebf-ebc2-45b1-b80a-941c2138bdf5,->,12acfc45-bdfb-4343-9004-9be15dfd844c,server/model/players/PlayerSave.java,saveGame
12acfc45-bdfb-4343-9004-9be15dfd844c,beb16e88-87f7-4cab-91b3-ba51fce16821,fb4caebf-ebc2-45b1-b80a-941c2138bdf5,->,12acfc45-bdfb-4343-9004-9be15dfd844c,java/lang/StringBuilder.java,append
12acfc45-bdfb-4343-9004-9be15dfd844c,beb16e88-87f7-4cab-91b3-ba51fce16821,fb4caebf-ebc2-45b1-b80a-941c2138bdf5,->,12acfc45-bdfb-4343-9004-9be15dfd844c,java/lang/StringBuilder.java,append
12acfc45-bdfb-4343-9004-9be15dfd844c,beb16e88-87f7-4cab-91b3-ba51fce16821,fb4caebf-ebc2-45b1-b80a-941c2138bdf5,->,12acfc45-bdfb-4343-9004-9be15dfd844c,java/lang/StringBuilder.java,append
12acfc45-bdfb-4343-9004-9be15dfd844c,beb16e88-87f7-4cab-91b3-ba51fce16821,fb4caebf-ebc2-45b1-b80a-941c2138bdf5,->,12acfc45-bdfb-4343-9004-9be15dfd844c,java/lang/StringBuilder.java,toString
12acfc45-bdfb-4343-9004-9be15dfd844c,beb16e88-87f7-4cab-91b3-ba51fce16821,fb4caebf-ebc2-45b1-b80a-941c2138bdf5,->,12acfc45-bdfb-4343-9004-9be15dfd844c,java/io/PrintStream.java,println
12acfc45-bdfb-4343-9004-9be15dfd844c,beb16e88-87f7-4cab-91b3-ba51fce16821,fb4caebf-ebc2-45b1-b80a-941c2138bdf5,->,12acfc45-bdfb-4343-9004-9be15dfd844c,java/util/ArrayList.java,clear
12acfc45-bdfb-4343-9004-9be15dfd844c,beb16e88-87f7-4cab-91b3-ba51fce16821,7662cf03-8b37-4856-aa2b-d8aa4f72199f,->,12acfc45-bdfb-4343-9004-9be15dfd844c,java/lang/System.java,currentTimeMillis
12acfc45-bdfb-4343-9004-9be15dfd844c,server/model/players/PlayerAssistant$3.java,execute,->,12acfc45-bdfb-4343-9004-9be15dfd844c,server/model/players/PlayerAssistant.java,access$000
12acfc45-bdfb-4343-9004-9be15dfd844c,server/model/players/PlayerAssistant$3.java,execute,->,12acfc45-bdfb-4343-9004-9be15dfd844c,server/model/minigames/FightCaves.java,spawnNextWave
12acfc45-bdfb-4343-9004-9be15dfd844c,server/model/players/PlayerAssistant$3.java,execute,->,12acfc45-bdfb-4343-9004-9be15dfd844c,6dd0c5db-72ba-4498-883f-a3c8c3333519,2c14e4eb-2b3e-4056-bf8e-5218f96f0ad5
12acfc45-bdfb-4343-9004-9be15dfd844c,7c986213-0157-4414-a1eb-c564ee610c20,e8366498-e949-41d5-ae95-ad82b4e6f2d3,->,12acfc45-bdfb-4343-9004-9be15dfd844c,server/model/players/Client.java,getX
12acfc45-bdfb-4343-9004-9be15dfd844c,7c986213-0157-4414-a1eb-c564ee610c20,e8366498-e949-41d5-ae95-ad82b4e6f2d3,->,12acfc45-bdfb-4343-9004-9be15dfd844c,server/model/players/Client.java,getY
12acfc45-bdfb-4343-9004-9be15dfd844c,7c986213-0157-4414-a1eb-c564ee610c20,e8366498-e949-41d5-ae95-ad82b4e6f2d3,->,12acfc45-bdfb-4343-9004-9be15dfd844c,17f46bba-a2e0-4476-b0d2-93ed7a181ff6,fd0a2178-fa44-492d-be09-ca096f8e4be1
12acfc45-bdfb-4343-9004-9be15dfd844c,7c986213-0157-4414-a1eb-c564ee610c20,e8366498-e949-41d5-ae95-ad82b4e6f2d3,->,12acfc45-bdfb-4343-9004-9be15dfd844c,server/model/players/Client.java,getPA
12acfc45-bdfb-4343-9004-9be15dfd844c,7c986213-0157-4414-a1eb-c564ee610c20,e8366498-e949-41d5-ae95-ad82b4e6f2d3,->,12acfc45-bdfb-4343-9004-9be15dfd844c,991eb2a8-284a-4290-ae08-f54cf8834706,141a66be-744c-48f6-a5c3-9dbea684d0d6
12acfc45-bdfb-4343-9004-9be15dfd844c,7c986213-0157-4414-a1eb-c564ee610c20,e8366498-e949-41d5-ae95-ad82b4e6f2d3,->,12acfc45-bdfb-4343-9004-9be15dfd844c,server/model/players/Client.java,getX
12acfc45-bdfb-4343-9004-9be15dfd844c,7c986213-0157-4414-a1eb-c564ee610c20,e8366498-e949-41d5-ae95-ad82b4e6f2d3,->,12acfc45-bdfb-4343-9004-9be15dfd844c,server/model/players/Client.java,getY
12acfc45-bdfb-4343-9004-9be15dfd844c,7c986213-0157-4414-a1eb-c564ee610c20,e8366498-e949-41d5-ae95-ad82b4e6f2d3,->,12acfc45-bdfb-4343-9004-9be15dfd844c,17f46bba-a2e0-4476-b0d2-93ed7a181ff6,fd0a2178-fa44-492d-be09-ca096f8e4be1
12acfc45-bdfb-4343-9004-9be15dfd844c,7c986213-0157-4414-a1eb-c564ee610c20,e8366498-e949-41d5-ae95-ad82b4e6f2d3,->,12acfc45-bdfb-4343-9004-9be15dfd844c,server/model/players/Client.java,getPA
12acfc45-bdfb-4343-9004-9be15dfd844c,7c986213-0157-4414-a1eb-c564ee610c20,e8366498-e949-41d5-ae95-ad82b4e6f2d3,->,12acfc45-bdfb-4343-9004-9be15dfd844c,991eb2a8-284a-4290-ae08-f54cf8834706,141a66be-744c-48f6-a5c3-9dbea684d0d6
12acfc45-bdfb-4343-9004-9be15dfd844c,7c986213-0157-4414-a1eb-c564ee610c20,e8366498-e949-41d5-ae95-ad82b4e6f2d3,->,12acfc45-bdfb-4343-9004-9be15dfd844c,server/model/players/Client.java,getX
12acfc45-bdfb-4343-9004-9be15dfd844c,7c986213-0157-4414-a1eb-c564ee610c20,e8366498-e949-41d5-ae95-ad82b4e6f2d3,->,12acfc45-bdfb-4343-9004-9be15dfd844c,server/model/players/Client.java,getY
12acfc45-bdfb-4343-9004-9be15dfd844c,7c986213-0157-4414-a1eb-c564ee610c20,e8366498-e949-41d5-ae95-ad82b4e6f2d3,->,12acfc45-bdfb-4343-9004-9be15dfd844c,17f46bba-a2e0-4476-b0d2-93ed7a181ff6,fd0a2178-fa44-492d-be09-ca096f8e4be1
12acfc45-bdfb-4343-9004-9be15dfd844c,7c986213-0157-4414-a1eb-c564ee610c20,e8366498-e949-41d5-ae95-ad82b4e6f2d3,->,12acfc45-bdfb-4343-9004-9be15dfd844c,server/model/players/Client.java,getPA
12acfc45-bdfb-4343-9004-9be15dfd844c,7c986213-0157-4414-a1eb-c564ee610c20,e8366498-e949-41d5-ae95-ad82b4e6f2d3,->,12acfc45-bdfb-4343-9004-9be15dfd844c,991eb2a8-284a-4290-ae08-f54cf8834706,141a66be-744c-48f6-a5c3-9dbea684d0d6
12acfc45-bdfb-4343-9004-9be15dfd844c,7c986213-0157-4414-a1eb-c564ee610c20,e8366498-e949-41d5-ae95-ad82b4e6f2d3,->,12acfc45-bdfb-4343-9004-9be15dfd844c,server/model/players/Client.java,getX
12acfc45-bdfb-4343-9004-9be15dfd844c,7c986213-0157-4414-a1eb-c564ee610c20,e8366498-e949-41d5-ae95-ad82b4e6f2d3,->,12acfc45-bdfb-4343-9004-9be15dfd844c,server/model/players/Client.java,getY
12acfc45-bdfb-4343-9004-9be15dfd844c,7c986213-0157-4414-a1eb-c564ee610c20,e8366498-e949-41d5-ae95-ad82b4e6f2d3,->,12acfc45-bdfb-4343-9004-9be15dfd844c,17f46bba-a2e0-4476-b0d2-93ed7a181ff6,fd0a2178-fa44-492d-be09-ca096f8e4be1
12acfc45-bdfb-4343-9004-9be15dfd844c,7c986213-0157-4414-a1eb-c564ee610c20,e8366498-e949-41d5-ae95-ad82b4e6f2d3,->,12acfc45-bdfb-4343-9004-9be15dfd844c,server/model/players/Client.java,getPA
12acfc45-bdfb-4343-9004-9be15dfd844c,7c986213-0157-4414-a1eb-c564ee610c20,e8366498-e949-41d5-ae95-ad82b4e6f2d3,->,12acfc45-bdfb-4343-9004-9be15dfd844c,991eb2a8-284a-4290-ae08-f54cf8834706,141a66be-744c-48f6-a5c3-9dbea684d0d6
12acfc45-bdfb-4343-9004-9be15dfd844c,7c986213-0157-4414-a1eb-c564ee610c20,0795c8eb-4cb9-40eb-a6ba-e9585f3c5459,->,12acfc45-bdfb-4343-9004-9be15dfd844c,server/model/players/Client.java,getPA
12acfc45-bdfb-4343-9004-9be15dfd844c,7c986213-0157-4414-a1eb-c564ee610c20,0795c8eb-4cb9-40eb-a6ba-e9585f3c5459,->,12acfc45-bdfb-4343-9004-9be15dfd844c,991eb2a8-284a-4290-ae08-f54cf8834706,141a66be-744c-48f6-a5c3-9dbea684d0d6
12acfc45-bdfb-4343-9004-9be15dfd844c,7c986213-0157-4414-a1eb-c564ee610c20,0795c8eb-4cb9-40eb-a6ba-e9585f3c5459,->,12acfc45-bdfb-4343-9004-9be15dfd844c,server/model/players/Client.java,getPA
12acfc45-bdfb-4343-9004-9be15dfd844c,7c986213-0157-4414-a1eb-c564ee610c20,0795c8eb-4cb9-40eb-a6ba-e9585f3c5459,->,12acfc45-bdfb-4343-9004-9be15dfd844c,991eb2a8-284a-4290-ae08-f54cf8834706,141a66be-744c-48f6-a5c3-9dbea684d0d6
12acfc45-bdfb-4343-9004-9be15dfd844c,7c986213-0157-4414-a1eb-c564ee610c20,0795c8eb-4cb9-40eb-a6ba-e9585f3c5459,->,12acfc45-bdfb-4343-9004-9be15dfd844c,server/model/players/Client.java,sendMessage
12acfc45-bdfb-4343-9004-9be15dfd844c,7c986213-0157-4414-a1eb-c564ee610c20,6a2f1f3d-68da-48fa-8085-e29e88ee2cf1,->,12acfc45-bdfb-4343-9004-9be15dfd844c,server/model/players/Client.java,getItems
12acfc45-bdfb-4343-9004-9be15dfd844c,7c986213-0157-4414-a1eb-c564ee610c20,6a2f1f3d-68da-48fa-8085-e29e88ee2cf1,->,12acfc45-bdfb-4343-9004-9be15dfd844c,server/model/items/ItemAssistant.java,playerHasItem
12acfc45-bdfb-4343-9004-9be15dfd844c,7c986213-0157-4414-a1eb-c564ee610c20,6a2f1f3d-68da-48fa-8085-e29e88ee2cf1,->,12acfc45-bdfb-4343-9004-9be15dfd844c,server/model/players/Client.java,sendMessage
12acfc45-bdfb-4343-9004-9be15dfd844c,7c986213-0157-4414-a1eb-c564ee610c20,6a2f1f3d-68da-48fa-8085-e29e88ee2cf1,->,12acfc45-bdfb-4343-9004-9be15dfd844c,java/lang/System.java,currentTimeMillis
12acfc45-bdfb-4343-9004-9be15dfd844c,7c986213-0157-4414-a1eb-c564ee610c20,6a2f1f3d-68da-48fa-8085-e29e88ee2cf1,->,12acfc45-bdfb-4343-9004-9be15dfd844c,server/model/players/Client.java,getItems
12acfc45-bdfb-4343-9004-9be15dfd844c,7c986213-0157-4414-a1eb-c564ee610c20,6a2f1f3d-68da-48fa-8085-e29e88ee2cf1,->,12acfc45-bdfb-4343-9004-9be15dfd844c,server/model/items/ItemAssistant.java,deleteItem2
12acfc45-bdfb-4343-9004-9be15dfd844c,7c986213-0157-4414-a1eb-c564ee610c20,6a2f1f3d-68da-48fa-8085-e29e88ee2cf1,->,12acfc45-bdfb-4343-9004-9be15dfd844c,server/model/players/Client.java,sendMessage
12acfc45-bdfb-4343-9004-9be15dfd844c,7c986213-0157-4414-a1eb-c564ee610c20,6a2f1f3d-68da-48fa-8085-e29e88ee2cf1,->,12acfc45-bdfb-4343-9004-9be15dfd844c,7c986213-0157-4414-a1eb-c564ee610c20,0795c8eb-4cb9-40eb-a6ba-e9585f3c5459
12acfc45-bdfb-4343-9004-9be15dfd844c,7c986213-0157-4414-a1eb-c564ee610c20,6a2f1f3d-68da-48fa-8085-e29e88ee2cf1,->,12acfc45-bdfb-4343-9004-9be15dfd844c,server/model/players/Client.java,turnPlayerTo
12acfc45-bdfb-4343-9004-9be15dfd844c,7c986213-0157-4414-a1eb-c564ee610c20,6a2f1f3d-68da-48fa-8085-e29e88ee2cf1,->,12acfc45-bdfb-4343-9004-9be15dfd844c,java/lang/System.java,currentTimeMillis
12acfc45-bdfb-4343-9004-9be15dfd844c,server/model/minigames/FightCaves.java,spawnNextWave,->,12acfc45-bdfb-4343-9004-9be15dfd844c,server/model/minigames/FightCaves.java,getHp
12acfc45-bdfb-4343-9004-9be15dfd844c,server/model/minigames/FightCaves.java,spawnNextWave,->,12acfc45-bdfb-4343-9004-9be15dfd844c,server/model/minigames/FightCaves.java,getMax
12acfc45-bdfb-4343-9004-9be15dfd844c,server/model/minigames/FightCaves.java,spawnNextWave,->,12acfc45-bdfb-4343-9004-9be15dfd844c,server/model/minigames/FightCaves.java,getAtk
12acfc45-bdfb-4343-9004-9be15dfd844c,server/model/minigames/FightCaves.java,spawnNextWave,->,12acfc45-bdfb-4343-9004-9be15dfd844c,server/model/minigames/FightCaves.java,getDef
12acfc45-bdfb-4343-9004-9be15dfd844c,server/model/minigames/FightCaves.java,spawnNextWave,->,12acfc45-bdfb-4343-9004-9be15dfd844c,server/model/npcs/NPCHandler.java,spawnNpc
12acfc45-bdfb-4343-9004-9be15dfd844c,server/model/minigames/Sailing$2.java,execute,->,12acfc45-bdfb-4343-9004-9be15dfd844c,server/model/players/Client.java,getPA
12acfc45-bdfb-4343-9004-9be15dfd844c,server/model/minigames/Sailing$2.java,execute,->,12acfc45-bdfb-4343-9004-9be15dfd844c,991eb2a8-284a-4290-ae08-f54cf8834706,27bd7aec-abd0-4844-9935-efefbf7019b2
12acfc45-bdfb-4343-9004-9be15dfd844c,server/model/minigames/Sailing$2.java,execute,->,12acfc45-bdfb-4343-9004-9be15dfd844c,server/model/players/Client.java,getPA
12acfc45-bdfb-4343-9004-9be15dfd844c,server/model/minigames/Sailing$2.java,execute,->,12acfc45-bdfb-4343-9004-9be15dfd844c,991eb2a8-284a-4290-ae08-f54cf8834706,1f7845fa-db07-4b23-bcc9-ed7fd4f9ca8b
12acfc45-bdfb-4343-9004-9be15dfd844c,server/model/minigames/Sailing$2.java,execute,->,12acfc45-bdfb-4343-9004-9be15dfd844c,fa976a92-c113-4d25-b6a3-7daf8c6babeb,629d0eb8-50e0-483d-a3a5-a207220d969a
12acfc45-bdfb-4343-9004-9be15dfd844c,server/model/minigames/Sailing$1.java,execute,->,12acfc45-bdfb-4343-9004-9be15dfd844c,server/model/players/Client.java,getPA
12acfc45-bdfb-4343-9004-9be15dfd844c,server/model/minigames/Sailing$1.java,execute,->,12acfc45-bdfb-4343-9004-9be15dfd844c,846ac295-98b9-41b2-a171-9ea6992159d5,2e847f94-cf53-40cf-9bcf-94e78b34ba92
12acfc45-bdfb-4343-9004-9be15dfd844c,server/model/minigames/Sailing$1.java,execute,->,12acfc45-bdfb-4343-9004-9be15dfd844c,846ac295-98b9-41b2-a171-9ea6992159d5,c3b3a107-7c52-4388-8e99-0706bff6c44f
12acfc45-bdfb-4343-9004-9be15dfd844c,server/model/minigames/Sailing$1.java,execute,->,12acfc45-bdfb-4343-9004-9be15dfd844c,991eb2a8-284a-4290-ae08-f54cf8834706,141a66be-744c-48f6-a5c3-9dbea684d0d6
12acfc45-bdfb-4343-9004-9be15dfd844c,server/model/minigames/Sailing$1.java,execute,->,12acfc45-bdfb-4343-9004-9be15dfd844c,fa976a92-c113-4d25-b6a3-7daf8c6babeb,629d0eb8-50e0-483d-a3a5-a207220d969a
12acfc45-bdfb-4343-9004-9be15dfd844c,a542b53a-f390-4db2-b142-f574070d138b,f65679c1-0c3f-4fdc-9d04-1cd6d3a47407,->,12acfc45-bdfb-4343-9004-9be15dfd844c,2c89cfe4-ed6d-446f-832b-3c203feb3155,12264cea-e176-47b1-b1bb-e3a14dc18d35
12acfc45-bdfb-4343-9004-9be15dfd844c,a542b53a-f390-4db2-b142-f574070d138b,e1e8344c-d09d-447b-88c2-685c2c130b6d,->,12acfc45-bdfb-4343-9004-9be15dfd844c,a542b53a-f390-4db2-b142-f574070d138b,f65679c1-0c3f-4fdc-9d04-1cd6d3a47407
12acfc45-bdfb-4343-9004-9be15dfd844c,a542b53a-f390-4db2-b142-f574070d138b,e1e8344c-d09d-447b-88c2-685c2c130b6d,->,12acfc45-bdfb-4343-9004-9be15dfd844c,server/model/players/Client.java,getDH
12acfc45-bdfb-4343-9004-9be15dfd844c,a542b53a-f390-4db2-b142-f574070d138b,e1e8344c-d09d-447b-88c2-685c2c130b6d,->,12acfc45-bdfb-4343-9004-9be15dfd844c,5419d182-c704-4099-be43-be6d27b13974,1ed32f44-0391-413d-9721-7a5bd2e25693
12acfc45-bdfb-4343-9004-9be15dfd844c,server/model/minigames/CastleWars.java,joinWait,->,12acfc45-bdfb-4343-9004-9be15dfd844c,server/model/players/Client.java,sendMessage
12acfc45-bdfb-4343-9004-9be15dfd844c,server/model/minigames/CastleWars.java,joinWait,->,12acfc45-bdfb-4343-9004-9be15dfd844c,java/util/ArrayList.java,size
12acfc45-bdfb-4343-9004-9be15dfd844c,server/model/minigames/CastleWars.java,joinWait,->,12acfc45-bdfb-4343-9004-9be15dfd844c,java/util/ArrayList.java,size
12acfc45-bdfb-4343-9004-9be15dfd844c,server/model/minigames/CastleWars.java,joinWait,->,12acfc45-bdfb-4343-9004-9be15dfd844c,server/model/players/Client.java,sendMessage
12acfc45-bdfb-4343-9004-9be15dfd844c,server/model/minigames/CastleWars.java,joinWait,->,12acfc45-bdfb-4343-9004-9be15dfd844c,java/lang/Integer.java,valueOf
12acfc45-bdfb-4343-9004-9be15dfd844c,server/model/minigames/CastleWars.java,joinWait,->,12acfc45-bdfb-4343-9004-9be15dfd844c,java/util/ArrayList.java,add
12acfc45-bdfb-4343-9004-9be15dfd844c,server/model/minigames/CastleWars.java,joinWait,->,12acfc45-bdfb-4343-9004-9be15dfd844c,java/util/ArrayList.java,size
12acfc45-bdfb-4343-9004-9be15dfd844c,server/model/minigames/CastleWars.java,joinWait,->,12acfc45-bdfb-4343-9004-9be15dfd844c,java/util/ArrayList.java,size
12acfc45-bdfb-4343-9004-9be15dfd844c,server/model/minigames/CastleWars.java,joinWait,->,12acfc45-bdfb-4343-9004-9be15dfd844c,server/model/players/Client.java,sendMessage
12acfc45-bdfb-4343-9004-9be15dfd844c,server/model/minigames/CastleWars.java,joinWait,->,12acfc45-bdfb-4343-9004-9be15dfd844c,java/lang/Integer.java,valueOf
12acfc45-bdfb-4343-9004-9be15dfd844c,server/model/minigames/CastleWars.java,joinWait,->,12acfc45-bdfb-4343-9004-9be15dfd844c,java/util/ArrayList.java,add
12acfc45-bdfb-4343-9004-9be15dfd844c,server/model/minigames/CastleWars.java,joinWait,->,12acfc45-bdfb-4343-9004-9be15dfd844c,java/util/ArrayList.java,size
12acfc45-bdfb-4343-9004-9be15dfd844c,server/model/minigames/CastleWars.java,joinWait,->,12acfc45-bdfb-4343-9004-9be15dfd844c,java/util/ArrayList.java,size
12acfc45-bdfb-4343-9004-9be15dfd844c,server/model/minigames/CastleWars.java,joinWait,->,12acfc45-bdfb-4343-9004-9be15dfd844c,java/lang/Integer.java,valueOf
12acfc45-bdfb-4343-9004-9be15dfd844c,server/model/minigames/CastleWars.java,joinWait,->,12acfc45-bdfb-4343-9004-9be15dfd844c,java/util/ArrayList.java,add
12acfc45-bdfb-4343-9004-9be15dfd844c,server/model/minigames/CastleWars.java,joinWait,->,12acfc45-bdfb-4343-9004-9be15dfd844c,server/model/players/Client.java,sendMessage
12acfc45-bdfb-4343-9004-9be15dfd844c,server/model/minigames/CastleWars.java,joinWait,->,12acfc45-bdfb-4343-9004-9be15dfd844c,java/lang/Integer.java,valueOf
12acfc45-bdfb-4343-9004-9be15dfd844c,server/model/minigames/CastleWars.java,joinWait,->,12acfc45-bdfb-4343-9004-9be15dfd844c,java/util/ArrayList.java,add
12acfc45-bdfb-4343-9004-9be15dfd844c,server/model/minigames/CastleWars.java,joinWait,->,12acfc45-bdfb-4343-9004-9be15dfd844c,server/model/players/Client.java,sendMessage
12acfc45-bdfb-4343-9004-9be15dfd844c,server/model/minigames/CastleWars.java,joinWait,->,12acfc45-bdfb-4343-9004-9be15dfd844c,server/model/minigames/CastleWars.java,toWaitingRoom
12acfc45-bdfb-4343-9004-9be15dfd844c,server/model/minigames/CastleWars.java,toWaitingRoom,->,12acfc45-bdfb-4343-9004-9be15dfd844c,server/model/players/Client.java,getPA
12acfc45-bdfb-4343-9004-9be15dfd844c,server/model/minigames/CastleWars.java,toWaitingRoom,->,12acfc45-bdfb-4343-9004-9be15dfd844c,2c89cfe4-ed6d-446f-832b-3c203feb3155,12264cea-e176-47b1-b1bb-e3a14dc18d35
12acfc45-bdfb-4343-9004-9be15dfd844c,server/model/minigames/CastleWars.java,toWaitingRoom,->,12acfc45-bdfb-4343-9004-9be15dfd844c,2c89cfe4-ed6d-446f-832b-3c203feb3155,12264cea-e176-47b1-b1bb-e3a14dc18d35
12acfc45-bdfb-4343-9004-9be15dfd844c,server/model/minigames/CastleWars.java,toWaitingRoom,->,12acfc45-bdfb-4343-9004-9be15dfd844c,991eb2a8-284a-4290-ae08-f54cf8834706,141a66be-744c-48f6-a5c3-9dbea684d0d6
12acfc45-bdfb-4343-9004-9be15dfd844c,server/model/minigames/CastleWars.java,toWaitingRoom,->,12acfc45-bdfb-4343-9004-9be15dfd844c,server/model/players/Client.java,getPA
12acfc45-bdfb-4343-9004-9be15dfd844c,server/model/minigames/CastleWars.java,toWaitingRoom,->,12acfc45-bdfb-4343-9004-9be15dfd844c,2c89cfe4-ed6d-446f-832b-3c203feb3155,12264cea-e176-47b1-b1bb-e3a14dc18d35
12acfc45-bdfb-4343-9004-9be15dfd844c,server/model/minigames/CastleWars.java,toWaitingRoom,->,12acfc45-bdfb-4343-9004-9be15dfd844c,2c89cfe4-ed6d-446f-832b-3c203feb3155,12264cea-e176-47b1-b1bb-e3a14dc18d35
12acfc45-bdfb-4343-9004-9be15dfd844c,server/model/minigames/CastleWars.java,toWaitingRoom,->,12acfc45-bdfb-4343-9004-9be15dfd844c,991eb2a8-284a-4290-ae08-f54cf8834706,141a66be-744c-48f6-a5c3-9dbea684d0d6
12acfc45-bdfb-4343-9004-9be15dfd844c,server/model/minigames/CastleWars.java,leaveWaitingRoom,->,12acfc45-bdfb-4343-9004-9be15dfd844c,server/model/players/Client.java,getPA
12acfc45-bdfb-4343-9004-9be15dfd844c,server/model/minigames/CastleWars.java,leaveWaitingRoom,->,12acfc45-bdfb-4343-9004-9be15dfd844c,2c89cfe4-ed6d-446f-832b-3c203feb3155,12264cea-e176-47b1-b1bb-e3a14dc18d35
12acfc45-bdfb-4343-9004-9be15dfd844c,server/model/minigames/CastleWars.java,leaveWaitingRoom,->,12acfc45-bdfb-4343-9004-9be15dfd844c,2c89cfe4-ed6d-446f-832b-3c203feb3155,12264cea-e176-47b1-b1bb-e3a14dc18d35
12acfc45-bdfb-4343-9004-9be15dfd844c,server/model/minigames/CastleWars.java,leaveWaitingRoom,->,12acfc45-bdfb-4343-9004-9be15dfd844c,991eb2a8-284a-4290-ae08-f54cf8834706,141a66be-744c-48f6-a5c3-9dbea684d0d6
12acfc45-bdfb-4343-9004-9be15dfd844c,server/model/minigames/CastleWars.java,leaveWaitingRoom,->,12acfc45-bdfb-4343-9004-9be15dfd844c,java/lang/Integer.java,valueOf
12acfc45-bdfb-4343-9004-9be15dfd844c,server/model/minigames/CastleWars.java,leaveWaitingRoom,->,12acfc45-bdfb-4343-9004-9be15dfd844c,java/util/ArrayList.java,indexOf
12acfc45-bdfb-4343-9004-9be15dfd844c,server/model/minigames/CastleWars.java,leaveWaitingRoom,->,12acfc45-bdfb-4343-9004-9be15dfd844c,java/util/ArrayList.java,remove
12acfc45-bdfb-4343-9004-9be15dfd844c,server/model/minigames/CastleWars.java,leaveWaitingRoom,->,12acfc45-bdfb-4343-9004-9be15dfd844c,java/lang/Integer.java,valueOf
12acfc45-bdfb-4343-9004-9be15dfd844c,server/model/minigames/CastleWars.java,leaveWaitingRoom,->,12acfc45-bdfb-4343-9004-9be15dfd844c,java/util/ArrayList.java,indexOf
12acfc45-bdfb-4343-9004-9be15dfd844c,server/model/minigames/CastleWars.java,leaveWaitingRoom,->,12acfc45-bdfb-4343-9004-9be15dfd844c,java/util/ArrayList.java,remove
12acfc45-bdfb-4343-9004-9be15dfd844c,server/model/minigames/CastleWars.java,process,->,12acfc45-bdfb-4343-9004-9be15dfd844c,server/model/minigames/CastleWars.java,updatePlayers
12acfc45-bdfb-4343-9004-9be15dfd844c,server/model/minigames/CastleWars.java,process,->,12acfc45-bdfb-4343-9004-9be15dfd844c,server/model/minigames/CastleWars.java,startGame
12acfc45-bdfb-4343-9004-9be15dfd844c,server/model/minigames/CastleWars.java,process,->,12acfc45-bdfb-4343-9004-9be15dfd844c,server/model/minigames/CastleWars.java,updateInGamePlayers
12acfc45-bdfb-4343-9004-9be15dfd844c,server/model/minigames/CastleWars.java,process,->,12acfc45-bdfb-4343-9004-9be15dfd844c,server/model/minigames/CastleWars.java,endGame
12acfc45-bdfb-4343-9004-9be15dfd844c,server/model/minigames/CastleWars.java,updatePlayers,->,12acfc45-bdfb-4343-9004-9be15dfd844c,java/util/ArrayList.java,iterator
12acfc45-bdfb-4343-9004-9be15dfd844c,server/model/minigames/CastleWars.java,updatePlayers,->,12acfc45-bdfb-4343-9004-9be15dfd844c,java/util/Iterator.java,hasNext
12acfc45-bdfb-4343-9004-9be15dfd844c,server/model/minigames/CastleWars.java,updatePlayers,->,12acfc45-bdfb-4343-9004-9be15dfd844c,java/util/Iterator.java,next
12acfc45-bdfb-4343-9004-9be15dfd844c,server/model/minigames/CastleWars.java,updatePlayers,->,12acfc45-bdfb-4343-9004-9be15dfd844c,java/lang/Integer.java,intValue
12acfc45-bdfb-4343-9004-9be15dfd844c,server/model/minigames/CastleWars.java,updatePlayers,->,12acfc45-bdfb-4343-9004-9be15dfd844c,server/model/players/Client.java,getPA
12acfc45-bdfb-4343-9004-9be15dfd844c,server/model/minigames/CastleWars.java,updatePlayers,->,12acfc45-bdfb-4343-9004-9be15dfd844c,991eb2a8-284a-4290-ae08-f54cf8834706,40b8551f-2f00-4956-8f96-670fa83abf44
12acfc45-bdfb-4343-9004-9be15dfd844c,server/model/minigames/CastleWars.java,updatePlayers,->,12acfc45-bdfb-4343-9004-9be15dfd844c,server/model/players/Client.java,getPA
12acfc45-bdfb-4343-9004-9be15dfd844c,server/model/minigames/CastleWars.java,updatePlayers,->,12acfc45-bdfb-4343-9004-9be15dfd844c,java/lang/StringBuilder.java,append
12acfc45-bdfb-4343-9004-9be15dfd844c,server/model/minigames/CastleWars.java,updatePlayers,->,12acfc45-bdfb-4343-9004-9be15dfd844c,java/lang/StringBuilder.java,append
12acfc45-bdfb-4343-9004-9be15dfd844c,server/model/minigames/CastleWars.java,updatePlayers,->,12acfc45-bdfb-4343-9004-9be15dfd844c,java/lang/StringBuilder.java,append
12acfc45-bdfb-4343-9004-9be15dfd844c,server/model/minigames/CastleWars.java,updatePlayers,->,12acfc45-bdfb-4343-9004-9be15dfd844c,java/lang/StringBuilder.java,toString
12acfc45-bdfb-4343-9004-9be15dfd844c,server/model/minigames/CastleWars.java,updatePlayers,->,12acfc45-bdfb-4343-9004-9be15dfd844c,991eb2a8-284a-4290-ae08-f54cf8834706,609517a1-3a8b-4bd9-8623-3cae47c33a17
12acfc45-bdfb-4343-9004-9be15dfd844c,server/model/minigames/CastleWars.java,updatePlayers,->,12acfc45-bdfb-4343-9004-9be15dfd844c,server/model/players/Client.java,getPA
12acfc45-bdfb-4343-9004-9be15dfd844c,server/model/minigames/CastleWars.java,updatePlayers,->,12acfc45-bdfb-4343-9004-9be15dfd844c,991eb2a8-284a-4290-ae08-f54cf8834706,609517a1-3a8b-4bd9-8623-3cae47c33a17
12acfc45-bdfb-4343-9004-9be15dfd844c,server/model/minigames/CastleWars.java,updatePlayers,->,12acfc45-bdfb-4343-9004-9be15dfd844c,server/model/players/Client.java,getPA
12acfc45-bdfb-4343-9004-9be15dfd844c,server/model/minigames/CastleWars.java,updatePlayers,->,12acfc45-bdfb-4343-9004-9be15dfd844c,991eb2a8-284a-4290-ae08-f54cf8834706,609517a1-3a8b-4bd9-8623-3cae47c33a17
12acfc45-bdfb-4343-9004-9be15dfd844c,server/model/minigames/CastleWars.java,updatePlayers,->,12acfc45-bdfb-4343-9004-9be15dfd844c,java/lang/Integer.java,valueOf
12acfc45-bdfb-4343-9004-9be15dfd844c,server/model/minigames/CastleWars.java,updatePlayers,->,12acfc45-bdfb-4343-9004-9be15dfd844c,java/util/ArrayList.java,indexOf
12acfc45-bdfb-4343-9004-9be15dfd844c,server/model/minigames/CastleWars.java,updatePlayers,->,12acfc45-bdfb-4343-9004-9be15dfd844c,java/util/ArrayList.java,remove
12acfc45-bdfb-4343-9004-9be15dfd844c,server/model/minigames/CastleWars.java,updatePlayers,->,12acfc45-bdfb-4343-9004-9be15dfd844c,java/util/ArrayList.java,iterator
12acfc45-bdfb-4343-9004-9be15dfd844c,server/model/minigames/CastleWars.java,updatePlayers,->,12acfc45-bdfb-4343-9004-9be15dfd844c,java/util/Iterator.java,hasNext
12acfc45-bdfb-4343-9004-9be15dfd844c,server/model/minigames/CastleWars.java,updatePlayers,->,12acfc45-bdfb-4343-9004-9be15dfd844c,java/util/Iterator.java,next
12acfc45-bdfb-4343-9004-9be15dfd844c,server/model/minigames/CastleWars.java,updatePlayers,->,12acfc45-bdfb-4343-9004-9be15dfd844c,java/lang/Integer.java,intValue
12acfc45-bdfb-4343-9004-9be15dfd844c,server/model/minigames/CastleWars.java,updatePlayers,->,12acfc45-bdfb-4343-9004-9be15dfd844c,server/model/players/Client.java,getPA
12acfc45-bdfb-4343-9004-9be15dfd844c,server/model/minigames/CastleWars.java,updatePlayers,->,12acfc45-bdfb-4343-9004-9be15dfd844c,991eb2a8-284a-4290-ae08-f54cf8834706,40b8551f-2f00-4956-8f96-670fa83abf44
12acfc45-bdfb-4343-9004-9be15dfd844c,server/model/minigames/CastleWars.java,updatePlayers,->,12acfc45-bdfb-4343-9004-9be15dfd844c,server/model/players/Client.java,getPA
12acfc45-bdfb-4343-9004-9be15dfd844c,server/model/minigames/CastleWars.java,updatePlayers,->,12acfc45-bdfb-4343-9004-9be15dfd844c,java/lang/StringBuilder.java,append
12acfc45-bdfb-4343-9004-9be15dfd844c,server/model/minigames/CastleWars.java,updatePlayers,->,12acfc45-bdfb-4343-9004-9be15dfd844c,java/lang/StringBuilder.java,append
12acfc45-bdfb-4343-9004-9be15dfd844c,server/model/minigames/CastleWars.java,updatePlayers,->,12acfc45-bdfb-4343-9004-9be15dfd844c,java/lang/StringBuilder.java,append
12acfc45-bdfb-4343-9004-9be15dfd844c,server/model/minigames/CastleWars.java,updatePlayers,->,12acfc45-bdfb-4343-9004-9be15dfd844c,java/lang/StringBuilder.java,toString
12acfc45-bdfb-4343-9004-9be15dfd844c,server/model/minigames/CastleWars.java,updatePlayers,->,12acfc45-bdfb-4343-9004-9be15dfd844c,991eb2a8-284a-4290-ae08-f54cf8834706,609517a1-3a8b-4bd9-8623-3cae47c33a17
12acfc45-bdfb-4343-9004-9be15dfd844c,server/model/minigames/CastleWars.java,updatePlayers,->,12acfc45-bdfb-4343-9004-9be15dfd844c,server/model/players/Client.java,getPA
12acfc45-bdfb-4343-9004-9be15dfd844c,server/model/minigames/CastleWars.java,updatePlayers,->,12acfc45-bdfb-4343-9004-9be15dfd844c,991eb2a8-284a-4290-ae08-f54cf8834706,609517a1-3a8b-4bd9-8623-3cae47c33a17
12acfc45-bdfb-4343-9004-9be15dfd844c,server/model/minigames/CastleWars.java,updatePlayers,->,12acfc45-bdfb-4343-9004-9be15dfd844c,server/model/players/Client.java,getPA
12acfc45-bdfb-4343-9004-9be15dfd844c,server/model/minigames/CastleWars.java,updatePlayers,->,12acfc45-bdfb-4343-9004-9be15dfd844c,991eb2a8-284a-4290-ae08-f54cf8834706,609517a1-3a8b-4bd9-8623-3cae47c33a17
12acfc45-bdfb-4343-9004-9be15dfd844c,server/model/minigames/CastleWars.java,updatePlayers,->,12acfc45-bdfb-4343-9004-9be15dfd844c,java/lang/Integer.java,valueOf
12acfc45-bdfb-4343-9004-9be15dfd844c,server/model/minigames/CastleWars.java,updatePlayers,->,12acfc45-bdfb-4343-9004-9be15dfd844c,java/util/ArrayList.java,indexOf
12acfc45-bdfb-4343-9004-9be15dfd844c,server/model/minigames/CastleWars.java,updatePlayers,->,12acfc45-bdfb-4343-9004-9be15dfd844c,java/util/ArrayList.java,remove
12acfc45-bdfb-4343-9004-9be15dfd844c,server/model/minigames/CastleWars.java,updateInGamePlayers,->,12acfc45-bdfb-4343-9004-9be15dfd844c,java/util/ArrayList.java,size
12acfc45-bdfb-4343-9004-9be15dfd844c,server/model/minigames/CastleWars.java,updateInGamePlayers,->,12acfc45-bdfb-4343-9004-9be15dfd844c,java/util/ArrayList.java,iterator
12acfc45-bdfb-4343-9004-9be15dfd844c,server/model/minigames/CastleWars.java,updateInGamePlayers,->,12acfc45-bdfb-4343-9004-9be15dfd844c,java/util/Iterator.java,hasNext
12acfc45-bdfb-4343-9004-9be15dfd844c,server/model/minigames/CastleWars.java,updateInGamePlayers,->,12acfc45-bdfb-4343-9004-9be15dfd844c,java/util/Iterator.java,next
12acfc45-bdfb-4343-9004-9be15dfd844c,server/model/minigames/CastleWars.java,updateInGamePlayers,->,12acfc45-bdfb-4343-9004-9be15dfd844c,java/lang/Integer.java,intValue
12acfc45-bdfb-4343-9004-9be15dfd844c,server/model/minigames/CastleWars.java,updateInGamePlayers,->,12acfc45-bdfb-4343-9004-9be15dfd844c,server/model/players/Client.java,getPA
12acfc45-bdfb-4343-9004-9be15dfd844c,server/model/minigames/CastleWars.java,updateInGamePlayers,->,12acfc45-bdfb-4343-9004-9be15dfd844c,991eb2a8-284a-4290-ae08-f54cf8834706,40b8551f-2f00-4956-8f96-670fa83abf44
12acfc45-bdfb-4343-9004-9be15dfd844c,server/model/minigames/CastleWars.java,updateInGamePlayers,->,12acfc45-bdfb-4343-9004-9be15dfd844c,server/model/players/Client.java,getPA
12acfc45-bdfb-4343-9004-9be15dfd844c,server/model/minigames/CastleWars.java,updateInGamePlayers,->,12acfc45-bdfb-4343-9004-9be15dfd844c,java/lang/StringBuilder.java,append
12acfc45-bdfb-4343-9004-9be15dfd844c,server/model/minigames/CastleWars.java,updateInGamePlayers,->,12acfc45-bdfb-4343-9004-9be15dfd844c,java/lang/StringBuilder.java,append
12acfc45-bdfb-4343-9004-9be15dfd844c,server/model/minigames/CastleWars.java,updateInGamePlayers,->,12acfc45-bdfb-4343-9004-9be15dfd844c,java/lang/StringBuilder.java,toString
12acfc45-bdfb-4343-9004-9be15dfd844c,server/model/minigames/CastleWars.java,updateInGamePlayers,->,12acfc45-bdfb-4343-9004-9be15dfd844c,991eb2a8-284a-4290-ae08-f54cf8834706,609517a1-3a8b-4bd9-8623-3cae47c33a17
12acfc45-bdfb-4343-9004-9be15dfd844c,server/model/minigames/CastleWars.java,updateInGamePlayers,->,12acfc45-bdfb-4343-9004-9be15dfd844c,server/model/players/Client.java,getPA
12acfc45-bdfb-4343-9004-9be15dfd844c,server/model/minigames/CastleWars.java,updateInGamePlayers,->,12acfc45-bdfb-4343-9004-9be15dfd844c,java/lang/StringBuilder.java,append
12acfc45-bdfb-4343-9004-9be15dfd844c,server/model/minigames/CastleWars.java,updateInGamePlayers,->,12acfc45-bdfb-4343-9004-9be15dfd844c,java/lang/StringBuilder.java,append
12acfc45-bdfb-4343-9004-9be15dfd844c,server/model/minigames/CastleWars.java,updateInGamePlayers,->,12acfc45-bdfb-4343-9004-9be15dfd844c,java/lang/StringBuilder.java,toString
12acfc45-bdfb-4343-9004-9be15dfd844c,server/model/minigames/CastleWars.java,updateInGamePlayers,->,12acfc45-bdfb-4343-9004-9be15dfd844c,991eb2a8-284a-4290-ae08-f54cf8834706,609517a1-3a8b-4bd9-8623-3cae47c33a17
12acfc45-bdfb-4343-9004-9be15dfd844c,server/model/minigames/CastleWars.java,updateInGamePlayers,->,12acfc45-bdfb-4343-9004-9be15dfd844c,server/model/players/Client.java,getPA
12acfc45-bdfb-4343-9004-9be15dfd844c,server/model/minigames/CastleWars.java,updateInGamePlayers,->,12acfc45-bdfb-4343-9004-9be15dfd844c,java/lang/StringBuilder.java,append
12acfc45-bdfb-4343-9004-9be15dfd844c,server/model/minigames/CastleWars.java,updateInGamePlayers,->,12acfc45-bdfb-4343-9004-9be15dfd844c,java/lang/StringBuilder.java,append
12acfc45-bdfb-4343-9004-9be15dfd844c,server/model/minigames/CastleWars.java,updateInGamePlayers,->,12acfc45-bdfb-4343-9004-9be15dfd844c,java/lang/StringBuilder.java,toString
12acfc45-bdfb-4343-9004-9be15dfd844c,server/model/minigames/CastleWars.java,updateInGamePlayers,->,12acfc45-bdfb-4343-9004-9be15dfd844c,991eb2a8-284a-4290-ae08-f54cf8834706,609517a1-3a8b-4bd9-8623-3cae47c33a17
12acfc45-bdfb-4343-9004-9be15dfd844c,server/model/minigames/CastleWars.java,updateInGamePlayers,->,12acfc45-bdfb-4343-9004-9be15dfd844c,server/model/players/Client.java,getPA
12acfc45-bdfb-4343-9004-9be15dfd844c,server/model/minigames/CastleWars.java,updateInGamePlayers,->,12acfc45-bdfb-4343-9004-9be15dfd844c,991eb2a8-284a-4290-ae08-f54cf8834706,609517a1-3a8b-4bd9-8623-3cae47c33a17
12acfc45-bdfb-4343-9004-9be15dfd844c,server/model/minigames/CastleWars.java,updateInGamePlayers,->,12acfc45-bdfb-4343-9004-9be15dfd844c,server/model/players/Client.java,getPA
12acfc45-bdfb-4343-9004-9be15dfd844c,server/model/minigames/CastleWars.java,updateInGamePlayers,->,12acfc45-bdfb-4343-9004-9be15dfd844c,991eb2a8-284a-4290-ae08-f54cf8834706,609517a1-3a8b-4bd9-8623-3cae47c33a17
12acfc45-bdfb-4343-9004-9be15dfd844c,server/model/minigames/CastleWars.java,updateInGamePlayers,->,12acfc45-bdfb-4343-9004-9be15dfd844c,server/model/players/Client.java,getPA
12acfc45-bdfb-4343-9004-9be15dfd844c,server/model/minigames/CastleWars.java,updateInGamePlayers,->,12acfc45-bdfb-4343-9004-9be15dfd844c,991eb2a8-284a-4290-ae08-f54cf8834706,609517a1-3a8b-4bd9-8623-3cae47c33a17
12acfc45-bdfb-4343-9004-9be15dfd844c,server/model/minigames/CastleWars.java,updateInGamePlayers,->,12acfc45-bdfb-4343-9004-9be15dfd844c,server/model/players/Client.java,getPA
12acfc45-bdfb-4343-9004-9be15dfd844c,server/model/minigames/CastleWars.java,updateInGamePlayers,->,12acfc45-bdfb-4343-9004-9be15dfd844c,991eb2a8-284a-4290-ae08-f54cf8834706,609517a1-3a8b-4bd9-8623-3cae47c33a17
12acfc45-bdfb-4343-9004-9be15dfd844c,server/model/minigames/CastleWars.java,updateInGamePlayers,->,12acfc45-bdfb-4343-9004-9be15dfd844c,server/model/players/Client.java,getPA
12acfc45-bdfb-4343-9004-9be15dfd844c,server/model/minigames/CastleWars.java,updateInGamePlayers,->,12acfc45-bdfb-4343-9004-9be15dfd844c,991eb2a8-284a-4290-ae08-f54cf8834706,609517a1-3a8b-4bd9-8623-3cae47c33a17
12acfc45-bdfb-4343-9004-9be15dfd844c,server/model/minigames/CastleWars.java,updateInGamePlayers,->,12acfc45-bdfb-4343-9004-9be15dfd844c,server/model/players/Client.java,getPA
12acfc45-bdfb-4343-9004-9be15dfd844c,server/model/minigames/CastleWars.java,updateInGamePlayers,->,12acfc45-bdfb-4343-9004-9be15dfd844c,991eb2a8-284a-4290-ae08-f54cf8834706,609517a1-3a8b-4bd9-8623-3cae47c33a17
12acfc45-bdfb-4343-9004-9be15dfd844c,server/model/minigames/CastleWars.java,updateInGamePlayers,->,12acfc45-bdfb-4343-9004-9be15dfd844c,server/model/players/Client.java,getPA
12acfc45-bdfb-4343-9004-9be15dfd844c,server/model/minigames/CastleWars.java,updateInGamePlayers,->,12acfc45-bdfb-4343-9004-9be15dfd844c,991eb2a8-284a-4290-ae08-f54cf8834706,609517a1-3a8b-4bd9-8623-3cae47c33a17
12acfc45-bdfb-4343-9004-9be15dfd844c,server/model/minigames/CastleWars.java,updateInGamePlayers,->,12acfc45-bdfb-4343-9004-9be15dfd844c,server/model/players/Client.java,getPA
12acfc45-bdfb-4343-9004-9be15dfd844c,server/model/minigames/CastleWars.java,updateInGamePlayers,->,12acfc45-bdfb-4343-9004-9be15dfd844c,991eb2a8-284a-4290-ae08-f54cf8834706,609517a1-3a8b-4bd9-8623-3cae47c33a17
12acfc45-bdfb-4343-9004-9be15dfd844c,server/model/minigames/CastleWars.java,updateInGamePlayers,->,12acfc45-bdfb-4343-9004-9be15dfd844c,server/model/players/Client.java,getPA
12acfc45-bdfb-4343-9004-9be15dfd844c,server/model/minigames/CastleWars.java,updateInGamePlayers,->,12acfc45-bdfb-4343-9004-9be15dfd844c,991eb2a8-284a-4290-ae08-f54cf8834706,609517a1-3a8b-4bd9-8623-3cae47c33a17
12acfc45-bdfb-4343-9004-9be15dfd844c,server/model/minigames/CastleWars.java,updateInGamePlayers,->,12acfc45-bdfb-4343-9004-9be15dfd844c,java/lang/Integer.java,valueOf
12acfc45-bdfb-4343-9004-9be15dfd844c,server/model/minigames/CastleWars.java,updateInGamePlayers,->,12acfc45-bdfb-4343-9004-9be15dfd844c,java/util/ArrayList.java,indexOf
12acfc45-bdfb-4343-9004-9be15dfd844c,server/model/minigames/CastleWars.java,updateInGamePlayers,->,12acfc45-bdfb-4343-9004-9be15dfd844c,java/util/ArrayList.java,remove
12acfc45-bdfb-4343-9004-9be15dfd844c,server/model/minigames/CastleWars.java,updateInGamePlayers,->,12acfc45-bdfb-4343-9004-9be15dfd844c,java/util/ArrayList.java,size
12acfc45-bdfb-4343-9004-9be15dfd844c,server/model/minigames/CastleWars.java,updateInGamePlayers,->,12acfc45-bdfb-4343-9004-9be15dfd844c,java/util/ArrayList.java,iterator
12acfc45-bdfb-4343-9004-9be15dfd844c,server/model/minigames/CastleWars.java,updateInGamePlayers,->,12acfc45-bdfb-4343-9004-9be15dfd844c,java/util/Iterator.java,hasNext
12acfc45-bdfb-4343-9004-9be15dfd844c,server/model/minigames/CastleWars.java,updateInGamePlayers,->,12acfc45-bdfb-4343-9004-9be15dfd844c,java/util/Iterator.java,next
12acfc45-bdfb-4343-9004-9be15dfd844c,server/model/minigames/CastleWars.java,updateInGamePlayers,->,12acfc45-bdfb-4343-9004-9be15dfd844c,java/lang/Integer.java,intValue
12acfc45-bdfb-4343-9004-9be15dfd844c,server/model/minigames/CastleWars.java,updateInGamePlayers,->,12acfc45-bdfb-4343-9004-9be15dfd844c,server/model/players/Client.java,getPA
12acfc45-bdfb-4343-9004-9be15dfd844c,server/model/minigames/CastleWars.java,updateInGamePlayers,->,12acfc45-bdfb-4343-9004-9be15dfd844c,991eb2a8-284a-4290-ae08-f54cf8834706,40b8551f-2f00-4956-8f96-670fa83abf44
12acfc45-bdfb-4343-9004-9be15dfd844c,server/model/minigames/CastleWars.java,updateInGamePlayers,->,12acfc45-bdfb-4343-9004-9be15dfd844c,server/model/players/Client.java,getPA
12acfc45-bdfb-4343-9004-9be15dfd844c,server/model/minigames/CastleWars.java,updateInGamePlayers,->,12acfc45-bdfb-4343-9004-9be15dfd844c,java/lang/StringBuilder.java,append
12acfc45-bdfb-4343-9004-9be15dfd844c,server/model/minigames/CastleWars.java,updateInGamePlayers,->,12acfc45-bdfb-4343-9004-9be15dfd844c,java/lang/StringBuilder.java,append
12acfc45-bdfb-4343-9004-9be15dfd844c,server/model/minigames/CastleWars.java,updateInGamePlayers,->,12acfc45-bdfb-4343-9004-9be15dfd844c,java/lang/StringBuilder.java,toString
12acfc45-bdfb-4343-9004-9be15dfd844c,server/model/minigames/CastleWars.java,updateInGamePlayers,->,12acfc45-bdfb-4343-9004-9be15dfd844c,991eb2a8-284a-4290-ae08-f54cf8834706,609517a1-3a8b-4bd9-8623-3cae47c33a17
12acfc45-bdfb-4343-9004-9be15dfd844c,server/model/minigames/CastleWars.java,updateInGamePlayers,->,12acfc45-bdfb-4343-9004-9be15dfd844c,server/model/players/Client.java,getPA
12acfc45-bdfb-4343-9004-9be15dfd844c,server/model/minigames/CastleWars.java,updateInGamePlayers,->,12acfc45-bdfb-4343-9004-9be15dfd844c,java/lang/StringBuilder.java,append
12acfc45-bdfb-4343-9004-9be15dfd844c,server/model/minigames/CastleWars.java,updateInGamePlayers,->,12acfc45-bdfb-4343-9004-9be15dfd844c,java/lang/StringBuilder.java,append
12acfc45-bdfb-4343-9004-9be15dfd844c,server/model/minigames/CastleWars.java,updateInGamePlayers,->,12acfc45-bdfb-4343-9004-9be15dfd844c,java/lang/StringBuilder.java,toString
12acfc45-bdfb-4343-9004-9be15dfd844c,server/model/minigames/CastleWars.java,updateInGamePlayers,->,12acfc45-bdfb-4343-9004-9be15dfd844c,991eb2a8-284a-4290-ae08-f54cf8834706,609517a1-3a8b-4bd9-8623-3cae47c33a17
12acfc45-bdfb-4343-9004-9be15dfd844c,server/model/minigames/CastleWars.java,updateInGamePlayers,->,12acfc45-bdfb-4343-9004-9be15dfd844c,server/model/players/Client.java,getPA
12acfc45-bdfb-4343-9004-9be15dfd844c,server/model/minigames/CastleWars.java,updateInGamePlayers,->,12acfc45-bdfb-4343-9004-9be15dfd844c,java/lang/StringBuilder.java,append
12acfc45-bdfb-4343-9004-9be15dfd844c,server/model/minigames/CastleWars.java,updateInGamePlayers,->,12acfc45-bdfb-4343-9004-9be15dfd844c,java/lang/StringBuilder.java,append
12acfc45-bdfb-4343-9004-9be15dfd844c,server/model/minigames/CastleWars.java,updateInGamePlayers,->,12acfc45-bdfb-4343-9004-9be15dfd844c,java/lang/StringBuilder.java,toString
12acfc45-bdfb-4343-9004-9be15dfd844c,server/model/minigames/CastleWars.java,updateInGamePlayers,->,12acfc45-bdfb-4343-9004-9be15dfd844c,991eb2a8-284a-4290-ae08-f54cf8834706,609517a1-3a8b-4bd9-8623-3cae47c33a17
12acfc45-bdfb-4343-9004-9be15dfd844c,server/model/minigames/CastleWars.java,updateInGamePlayers,->,12acfc45-bdfb-4343-9004-9be15dfd844c,server/model/players/Client.java,getPA
12acfc45-bdfb-4343-9004-9be15dfd844c,server/model/minigames/CastleWars.java,updateInGamePlayers,->,12acfc45-bdfb-4343-9004-9be15dfd844c,991eb2a8-284a-4290-ae08-f54cf8834706,609517a1-3a8b-4bd9-8623-3cae47c33a17
12acfc45-bdfb-4343-9004-9be15dfd844c,server/model/minigames/CastleWars.java,updateInGamePlayers,->,12acfc45-bdfb-4343-9004-9be15dfd844c,server/model/players/Client.java,getPA
12acfc45-bdfb-4343-9004-9be15dfd844c,server/model/minigames/CastleWars.java,updateInGamePlayers,->,12acfc45-bdfb-4343-9004-9be15dfd844c,991eb2a8-284a-4290-ae08-f54cf8834706,609517a1-3a8b-4bd9-8623-3cae47c33a17
12acfc45-bdfb-4343-9004-9be15dfd844c,server/model/minigames/CastleWars.java,updateInGamePlayers,->,12acfc45-bdfb-4343-9004-9be15dfd844c,server/model/players/Client.java,getPA
12acfc45-bdfb-4343-9004-9be15dfd844c,server/model/minigames/CastleWars.java,updateInGamePlayers,->,12acfc45-bdfb-4343-9004-9be15dfd844c,991eb2a8-284a-4290-ae08-f54cf8834706,609517a1-3a8b-4bd9-8623-3cae47c33a17
12acfc45-bdfb-4343-9004-9be15dfd844c,server/model/minigames/CastleWars.java,updateInGamePlayers,->,12acfc45-bdfb-4343-9004-9be15dfd844c,server/model/players/Client.java,getPA
12acfc45-bdfb-4343-9004-9be15dfd844c,server/model/minigames/CastleWars.java,updateInGamePlayers,->,12acfc45-bdfb-4343-9004-9be15dfd844c,991eb2a8-284a-4290-ae08-f54cf8834706,609517a1-3a8b-4bd9-8623-3cae47c33a17
12acfc45-bdfb-4343-9004-9be15dfd844c,server/model/minigames/CastleWars.java,updateInGamePlayers,->,12acfc45-bdfb-4343-9004-9be15dfd844c,server/model/players/Client.java,getPA
12acfc45-bdfb-4343-9004-9be15dfd844c,server/model/minigames/CastleWars.java,updateInGamePlayers,->,12acfc45-bdfb-4343-9004-9be15dfd844c,991eb2a8-284a-4290-ae08-f54cf8834706,609517a1-3a8b-4bd9-8623-3cae47c33a17
12acfc45-bdfb-4343-9004-9be15dfd844c,server/model/minigames/CastleWars.java,updateInGamePlayers,->,12acfc45-bdfb-4343-9004-9be15dfd844c,server/model/players/Client.java,getPA
12acfc45-bdfb-4343-9004-9be15dfd844c,server/model/minigames/CastleWars.java,updateInGamePlayers,->,12acfc45-bdfb-4343-9004-9be15dfd844c,991eb2a8-284a-4290-ae08-f54cf8834706,609517a1-3a8b-4bd9-8623-3cae47c33a17
12acfc45-bdfb-4343-9004-9be15dfd844c,server/model/minigames/CastleWars.java,updateInGamePlayers,->,12acfc45-bdfb-4343-9004-9be15dfd844c,server/model/players/Client.java,getPA
12acfc45-bdfb-4343-9004-9be15dfd844c,server/model/minigames/CastleWars.java,updateInGamePlayers,->,12acfc45-bdfb-4343-9004-9be15dfd844c,991eb2a8-284a-4290-ae08-f54cf8834706,609517a1-3a8b-4bd9-8623-3cae47c33a17
12acfc45-bdfb-4343-9004-9be15dfd844c,server/model/minigames/CastleWars.java,updateInGamePlayers,->,12acfc45-bdfb-4343-9004-9be15dfd844c,server/model/players/Client.java,getPA
12acfc45-bdfb-4343-9004-9be15dfd844c,server/model/minigames/CastleWars.java,updateInGamePlayers,->,12acfc45-bdfb-4343-9004-9be15dfd844c,991eb2a8-284a-4290-ae08-f54cf8834706,609517a1-3a8b-4bd9-8623-3cae47c33a17
12acfc45-bdfb-4343-9004-9be15dfd844c,server/model/minigames/CastleWars.java,updateInGamePlayers,->,12acfc45-bdfb-4343-9004-9be15dfd844c,server/model/players/Client.java,getPA
12acfc45-bdfb-4343-9004-9be15dfd844c,server/model/minigames/CastleWars.java,updateInGamePlayers,->,12acfc45-bdfb-4343-9004-9be15dfd844c,991eb2a8-284a-4290-ae08-f54cf8834706,609517a1-3a8b-4bd9-8623-3cae47c33a17
12acfc45-bdfb-4343-9004-9be15dfd844c,server/model/minigames/CastleWars.java,updateInGamePlayers,->,12acfc45-bdfb-4343-9004-9be15dfd844c,java/lang/Integer.java,valueOf
12acfc45-bdfb-4343-9004-9be15dfd844c,server/model/minigames/CastleWars.java,updateInGamePlayers,->,12acfc45-bdfb-4343-9004-9be15dfd844c,java/util/ArrayList.java,indexOf
12acfc45-bdfb-4343-9004-9be15dfd844c,server/model/minigames/CastleWars.java,updateInGamePlayers,->,12acfc45-bdfb-4343-9004-9be15dfd844c,java/util/ArrayList.java,remove
12acfc45-bdfb-4343-9004-9be15dfd844c,server/model/minigames/CastleWars.java,startGame,->,12acfc45-bdfb-4343-9004-9be15dfd844c,java/io/PrintStream.java,println
12acfc45-bdfb-4343-9004-9be15dfd844c,server/model/minigames/CastleWars.java,startGame,->,12acfc45-bdfb-4343-9004-9be15dfd844c,java/util/ArrayList.java,iterator
12acfc45-bdfb-4343-9004-9be15dfd844c,server/model/minigames/CastleWars.java,startGame,->,12acfc45-bdfb-4343-9004-9be15dfd844c,java/util/Iterator.java,hasNext
12acfc45-bdfb-4343-9004-9be15dfd844c,server/model/minigames/CastleWars.java,startGame,->,12acfc45-bdfb-4343-9004-9be15dfd844c,java/util/Iterator.java,next
12acfc45-bdfb-4343-9004-9be15dfd844c,server/model/minigames/CastleWars.java,startGame,->,12acfc45-bdfb-4343-9004-9be15dfd844c,java/lang/Integer.java,intValue
12acfc45-bdfb-4343-9004-9be15dfd844c,server/model/minigames/CastleWars.java,startGame,->,12acfc45-bdfb-4343-9004-9be15dfd844c,server/model/players/Client.java,getPA
12acfc45-bdfb-4343-9004-9be15dfd844c,server/model/minigames/CastleWars.java,startGame,->,12acfc45-bdfb-4343-9004-9be15dfd844c,991eb2a8-284a-4290-ae08-f54cf8834706,40b8551f-2f00-4956-8f96-670fa83abf44
12acfc45-bdfb-4343-9004-9be15dfd844c,server/model/minigames/CastleWars.java,startGame,->,12acfc45-bdfb-4343-9004-9be15dfd844c,server/model/players/Client.java,getPA
12acfc45-bdfb-4343-9004-9be15dfd844c,server/model/minigames/CastleWars.java,startGame,->,12acfc45-bdfb-4343-9004-9be15dfd844c,2c89cfe4-ed6d-446f-832b-3c203feb3155,12264cea-e176-47b1-b1bb-e3a14dc18d35
12acfc45-bdfb-4343-9004-9be15dfd844c,server/model/minigames/CastleWars.java,startGame,->,12acfc45-bdfb-4343-9004-9be15dfd844c,2c89cfe4-ed6d-446f-832b-3c203feb3155,12264cea-e176-47b1-b1bb-e3a14dc18d35
12acfc45-bdfb-4343-9004-9be15dfd844c,server/model/minigames/CastleWars.java,startGame,->,12acfc45-bdfb-4343-9004-9be15dfd844c,991eb2a8-284a-4290-ae08-f54cf8834706,141a66be-744c-48f6-a5c3-9dbea684d0d6
12acfc45-bdfb-4343-9004-9be15dfd844c,server/model/minigames/CastleWars.java,startGame,->,12acfc45-bdfb-4343-9004-9be15dfd844c,java/lang/Integer.java,valueOf
12acfc45-bdfb-4343-9004-9be15dfd844c,server/model/minigames/CastleWars.java,startGame,->,12acfc45-bdfb-4343-9004-9be15dfd844c,java/util/ArrayList.java,add
12acfc45-bdfb-4343-9004-9be15dfd844c,server/model/minigames/CastleWars.java,startGame,->,12acfc45-bdfb-4343-9004-9be15dfd844c,java/util/ArrayList.java,clear
12acfc45-bdfb-4343-9004-9be15dfd844c,server/model/minigames/CastleWars.java,startGame,->,12acfc45-bdfb-4343-9004-9be15dfd844c,java/util/ArrayList.java,iterator
12acfc45-bdfb-4343-9004-9be15dfd844c,server/model/minigames/CastleWars.java,startGame,->,12acfc45-bdfb-4343-9004-9be15dfd844c,java/util/Iterator.java,hasNext
12acfc45-bdfb-4343-9004-9be15dfd844c,server/model/minigames/CastleWars.java,startGame,->,12acfc45-bdfb-4343-9004-9be15dfd844c,java/util/Iterator.java,next
12acfc45-bdfb-4343-9004-9be15dfd844c,server/model/minigames/CastleWars.java,startGame,->,12acfc45-bdfb-4343-9004-9be15dfd844c,java/lang/Integer.java,intValue
12acfc45-bdfb-4343-9004-9be15dfd844c,server/model/minigames/CastleWars.java,startGame,->,12acfc45-bdfb-4343-9004-9be15dfd844c,server/model/players/Client.java,getPA
12acfc45-bdfb-4343-9004-9be15dfd844c,server/model/minigames/CastleWars.java,startGame,->,12acfc45-bdfb-4343-9004-9be15dfd844c,991eb2a8-284a-4290-ae08-f54cf8834706,40b8551f-2f00-4956-8f96-670fa83abf44
12acfc45-bdfb-4343-9004-9be15dfd844c,server/model/minigames/CastleWars.java,startGame,->,12acfc45-bdfb-4343-9004-9be15dfd844c,server/model/players/Client.java,getPA
12acfc45-bdfb-4343-9004-9be15dfd844c,server/model/minigames/CastleWars.java,startGame,->,12acfc45-bdfb-4343-9004-9be15dfd844c,2c89cfe4-ed6d-446f-832b-3c203feb3155,12264cea-e176-47b1-b1bb-e3a14dc18d35
12acfc45-bdfb-4343-9004-9be15dfd844c,server/model/minigames/CastleWars.java,startGame,->,12acfc45-bdfb-4343-9004-9be15dfd844c,2c89cfe4-ed6d-446f-832b-3c203feb3155,12264cea-e176-47b1-b1bb-e3a14dc18d35
12acfc45-bdfb-4343-9004-9be15dfd844c,server/model/minigames/CastleWars.java,startGame,->,12acfc45-bdfb-4343-9004-9be15dfd844c,991eb2a8-284a-4290-ae08-f54cf8834706,141a66be-744c-48f6-a5c3-9dbea684d0d6
12acfc45-bdfb-4343-9004-9be15dfd844c,server/model/minigames/CastleWars.java,startGame,->,12acfc45-bdfb-4343-9004-9be15dfd844c,java/lang/Integer.java,valueOf
12acfc45-bdfb-4343-9004-9be15dfd844c,server/model/minigames/CastleWars.java,startGame,->,12acfc45-bdfb-4343-9004-9be15dfd844c,java/util/ArrayList.java,add
12acfc45-bdfb-4343-9004-9be15dfd844c,server/model/minigames/CastleWars.java,startGame,->,12acfc45-bdfb-4343-9004-9be15dfd844c,java/util/ArrayList.java,clear
12acfc45-bdfb-4343-9004-9be15dfd844c,server/model/minigames/CastleWars.java,endGame,->,12acfc45-bdfb-4343-9004-9be15dfd844c,java/io/PrintStream.java,println
12acfc45-bdfb-4343-9004-9be15dfd844c,server/model/minigames/CastleWars.java,handleObjects,->,12acfc45-bdfb-4343-9004-9be15dfd844c,server/model/minigames/CastleWarObjects.java,handleObject
12acfc45-bdfb-4343-9004-9be15dfd844c,server/model/minigames/CastleWarObjects.java,handleObject,->,12acfc45-bdfb-4343-9004-9be15dfd844c,server/model/players/Client.java,sendMessage
12acfc45-bdfb-4343-9004-9be15dfd844c,server/model/minigames/CastleWarObjects.java,handleObject,->,12acfc45-bdfb-4343-9004-9be15dfd844c,server/model/players/Client.java,getY
12acfc45-bdfb-4343-9004-9be15dfd844c,server/model/minigames/CastleWarObjects.java,handleObject,->,12acfc45-bdfb-4343-9004-9be15dfd844c,server/model/players/Client.java,getPA
12acfc45-bdfb-4343-9004-9be15dfd844c,server/model/minigames/CastleWarObjects.java,handleObject,->,12acfc45-bdfb-4343-9004-9be15dfd844c,991eb2a8-284a-4290-ae08-f54cf8834706,141a66be-744c-48f6-a5c3-9dbea684d0d6
12acfc45-bdfb-4343-9004-9be15dfd844c,server/model/minigames/CastleWarObjects.java,handleObject,->,12acfc45-bdfb-4343-9004-9be15dfd844c,server/model/players/Client.java,getY
12acfc45-bdfb-4343-9004-9be15dfd844c,server/model/minigames/CastleWarObjects.java,handleObject,->,12acfc45-bdfb-4343-9004-9be15dfd844c,server/model/players/Client.java,getPA
12acfc45-bdfb-4343-9004-9be15dfd844c,server/model/minigames/CastleWarObjects.java,handleObject,->,12acfc45-bdfb-4343-9004-9be15dfd844c,991eb2a8-284a-4290-ae08-f54cf8834706,141a66be-744c-48f6-a5c3-9dbea684d0d6
12acfc45-bdfb-4343-9004-9be15dfd844c,server/model/minigames/CastleWarObjects.java,handleObject,->,12acfc45-bdfb-4343-9004-9be15dfd844c,server/model/players/Client.java,getX
12acfc45-bdfb-4343-9004-9be15dfd844c,server/model/minigames/CastleWarObjects.java,handleObject,->,12acfc45-bdfb-4343-9004-9be15dfd844c,server/model/players/Client.java,getPA
12acfc45-bdfb-4343-9004-9be15dfd844c,server/model/minigames/CastleWarObjects.java,handleObject,->,12acfc45-bdfb-4343-9004-9be15dfd844c,991eb2a8-284a-4290-ae08-f54cf8834706,141a66be-744c-48f6-a5c3-9dbea684d0d6
12acfc45-bdfb-4343-9004-9be15dfd844c,server/model/minigames/CastleWarObjects.java,handleObject,->,12acfc45-bdfb-4343-9004-9be15dfd844c,server/model/players/Client.java,getX
12acfc45-bdfb-4343-9004-9be15dfd844c,server/model/minigames/CastleWarObjects.java,handleObject,->,12acfc45-bdfb-4343-9004-9be15dfd844c,server/model/players/Client.java,getPA
12acfc45-bdfb-4343-9004-9be15dfd844c,server/model/minigames/CastleWarObjects.java,handleObject,->,12acfc45-bdfb-4343-9004-9be15dfd844c,991eb2a8-284a-4290-ae08-f54cf8834706,141a66be-744c-48f6-a5c3-9dbea684d0d6
12acfc45-bdfb-4343-9004-9be15dfd844c,server/model/minigames/CastleWarObjects.java,handleObject,->,12acfc45-bdfb-4343-9004-9be15dfd844c,server/model/players/Client.java,sendMessage
12acfc45-bdfb-4343-9004-9be15dfd844c,server/model/minigames/CastleWarObjects.java,handleObject,->,12acfc45-bdfb-4343-9004-9be15dfd844c,server/model/players/Client.java,getY
12acfc45-bdfb-4343-9004-9be15dfd844c,server/model/minigames/CastleWarObjects.java,handleObject,->,12acfc45-bdfb-4343-9004-9be15dfd844c,server/model/players/Client.java,getPA
12acfc45-bdfb-4343-9004-9be15dfd844c,server/model/minigames/CastleWarObjects.java,handleObject,->,12acfc45-bdfb-4343-9004-9be15dfd844c,991eb2a8-284a-4290-ae08-f54cf8834706,141a66be-744c-48f6-a5c3-9dbea684d0d6
12acfc45-bdfb-4343-9004-9be15dfd844c,server/model/minigames/CastleWarObjects.java,handleObject,->,12acfc45-bdfb-4343-9004-9be15dfd844c,server/model/players/Client.java,getY
12acfc45-bdfb-4343-9004-9be15dfd844c,server/model/minigames/CastleWarObjects.java,handleObject,->,12acfc45-bdfb-4343-9004-9be15dfd844c,server/model/players/Client.java,getPA
12acfc45-bdfb-4343-9004-9be15dfd844c,server/model/minigames/CastleWarObjects.java,handleObject,->,12acfc45-bdfb-4343-9004-9be15dfd844c,991eb2a8-284a-4290-ae08-f54cf8834706,141a66be-744c-48f6-a5c3-9dbea684d0d6
12acfc45-bdfb-4343-9004-9be15dfd844c,server/model/minigames/CastleWarObjects.java,handleObject,->,12acfc45-bdfb-4343-9004-9be15dfd844c,server/model/players/Client.java,getX
12acfc45-bdfb-4343-9004-9be15dfd844c,server/model/minigames/CastleWarObjects.java,handleObject,->,12acfc45-bdfb-4343-9004-9be15dfd844c,server/model/players/Client.java,getPA
12acfc45-bdfb-4343-9004-9be15dfd844c,server/model/minigames/CastleWarObjects.java,handleObject,->,12acfc45-bdfb-4343-9004-9be15dfd844c,991eb2a8-284a-4290-ae08-f54cf8834706,141a66be-744c-48f6-a5c3-9dbea684d0d6
12acfc45-bdfb-4343-9004-9be15dfd844c,server/model/minigames/CastleWarObjects.java,handleObject,->,12acfc45-bdfb-4343-9004-9be15dfd844c,server/model/players/Client.java,getX
12acfc45-bdfb-4343-9004-9be15dfd844c,server/model/minigames/CastleWarObjects.java,handleObject,->,12acfc45-bdfb-4343-9004-9be15dfd844c,server/model/players/Client.java,getPA
12acfc45-bdfb-4343-9004-9be15dfd844c,server/model/minigames/CastleWarObjects.java,handleObject,->,12acfc45-bdfb-4343-9004-9be15dfd844c,991eb2a8-284a-4290-ae08-f54cf8834706,141a66be-744c-48f6-a5c3-9dbea684d0d6
12acfc45-bdfb-4343-9004-9be15dfd844c,server/model/minigames/CastleWarObjects.java,handleObject,->,12acfc45-bdfb-4343-9004-9be15dfd844c,server/model/players/Client.java,getPA
12acfc45-bdfb-4343-9004-9be15dfd844c,server/model/minigames/CastleWarObjects.java,handleObject,->,12acfc45-bdfb-4343-9004-9be15dfd844c,991eb2a8-284a-4290-ae08-f54cf8834706,141a66be-744c-48f6-a5c3-9dbea684d0d6
12acfc45-bdfb-4343-9004-9be15dfd844c,server/model/minigames/CastleWarObjects.java,handleObject,->,12acfc45-bdfb-4343-9004-9be15dfd844c,server/model/players/Client.java,getPA
12acfc45-bdfb-4343-9004-9be15dfd844c,server/model/minigames/CastleWarObjects.java,handleObject,->,12acfc45-bdfb-4343-9004-9be15dfd844c,991eb2a8-284a-4290-ae08-f54cf8834706,141a66be-744c-48f6-a5c3-9dbea684d0d6
12acfc45-bdfb-4343-9004-9be15dfd844c,server/model/minigames/CastleWarObjects.java,handleObject,->,12acfc45-bdfb-4343-9004-9be15dfd844c,server/model/players/Client.java,getPA
12acfc45-bdfb-4343-9004-9be15dfd844c,server/model/minigames/CastleWarObjects.java,handleObject,->,12acfc45-bdfb-4343-9004-9be15dfd844c,991eb2a8-284a-4290-ae08-f54cf8834706,141a66be-744c-48f6-a5c3-9dbea684d0d6
12acfc45-bdfb-4343-9004-9be15dfd844c,server/model/minigames/CastleWarObjects.java,handleObject,->,12acfc45-bdfb-4343-9004-9be15dfd844c,server/model/players/Client.java,getPA
12acfc45-bdfb-4343-9004-9be15dfd844c,server/model/minigames/CastleWarObjects.java,handleObject,->,12acfc45-bdfb-4343-9004-9be15dfd844c,991eb2a8-284a-4290-ae08-f54cf8834706,141a66be-744c-48f6-a5c3-9dbea684d0d6
12acfc45-bdfb-4343-9004-9be15dfd844c,server/model/minigames/CastleWarObjects.java,handleObject,->,12acfc45-bdfb-4343-9004-9be15dfd844c,server/model/players/Client.java,getPA
12acfc45-bdfb-4343-9004-9be15dfd844c,server/model/minigames/CastleWarObjects.java,handleObject,->,12acfc45-bdfb-4343-9004-9be15dfd844c,991eb2a8-284a-4290-ae08-f54cf8834706,141a66be-744c-48f6-a5c3-9dbea684d0d6
12acfc45-bdfb-4343-9004-9be15dfd844c,server/model/minigames/CastleWarObjects.java,handleObject,->,12acfc45-bdfb-4343-9004-9be15dfd844c,server/model/players/Client.java,getPA
12acfc45-bdfb-4343-9004-9be15dfd844c,server/model/minigames/CastleWarObjects.java,handleObject,->,12acfc45-bdfb-4343-9004-9be15dfd844c,991eb2a8-284a-4290-ae08-f54cf8834706,141a66be-744c-48f6-a5c3-9dbea684d0d6
12acfc45-bdfb-4343-9004-9be15dfd844c,server/model/minigames/CastleWarObjects.java,handleObject,->,12acfc45-bdfb-4343-9004-9be15dfd844c,server/model/players/Client.java,getPA
12acfc45-bdfb-4343-9004-9be15dfd844c,server/model/minigames/CastleWarObjects.java,handleObject,->,12acfc45-bdfb-4343-9004-9be15dfd844c,991eb2a8-284a-4290-ae08-f54cf8834706,141a66be-744c-48f6-a5c3-9dbea684d0d6
12acfc45-bdfb-4343-9004-9be15dfd844c,server/model/minigames/CastleWarObjects.java,handleObject,->,12acfc45-bdfb-4343-9004-9be15dfd844c,server/model/players/Client.java,getPA
12acfc45-bdfb-4343-9004-9be15dfd844c,server/model/minigames/CastleWarObjects.java,handleObject,->,12acfc45-bdfb-4343-9004-9be15dfd844c,991eb2a8-284a-4290-ae08-f54cf8834706,141a66be-744c-48f6-a5c3-9dbea684d0d6
12acfc45-bdfb-4343-9004-9be15dfd844c,server/model/minigames/CastleWarObjects.java,handleObject,->,12acfc45-bdfb-4343-9004-9be15dfd844c,server/model/players/Client.java,getPA
12acfc45-bdfb-4343-9004-9be15dfd844c,server/model/minigames/CastleWarObjects.java,handleObject,->,12acfc45-bdfb-4343-9004-9be15dfd844c,991eb2a8-284a-4290-ae08-f54cf8834706,141a66be-744c-48f6-a5c3-9dbea684d0d6
12acfc45-bdfb-4343-9004-9be15dfd844c,server/model/minigames/CastleWarObjects.java,handleObject,->,12acfc45-bdfb-4343-9004-9be15dfd844c,server/model/players/Client.java,getPA
12acfc45-bdfb-4343-9004-9be15dfd844c,server/model/minigames/CastleWarObjects.java,handleObject,->,12acfc45-bdfb-4343-9004-9be15dfd844c,server/model/players/Client.java,getX
12acfc45-bdfb-4343-9004-9be15dfd844c,server/model/minigames/CastleWarObjects.java,handleObject,->,12acfc45-bdfb-4343-9004-9be15dfd844c,server/model/players/Client.java,getY
12acfc45-bdfb-4343-9004-9be15dfd844c,server/model/minigames/CastleWarObjects.java,handleObject,->,12acfc45-bdfb-4343-9004-9be15dfd844c,991eb2a8-284a-4290-ae08-f54cf8834706,141a66be-744c-48f6-a5c3-9dbea684d0d6
12acfc45-bdfb-4343-9004-9be15dfd844c,server/model/minigames/CastleWarObjects.java,handleObject,->,12acfc45-bdfb-4343-9004-9be15dfd844c,server/model/players/Client.java,getPA
12acfc45-bdfb-4343-9004-9be15dfd844c,server/model/minigames/CastleWarObjects.java,handleObject,->,12acfc45-bdfb-4343-9004-9be15dfd844c,991eb2a8-284a-4290-ae08-f54cf8834706,141a66be-744c-48f6-a5c3-9dbea684d0d6
12acfc45-bdfb-4343-9004-9be15dfd844c,server/model/minigames/CastleWarObjects.java,handleObject,->,12acfc45-bdfb-4343-9004-9be15dfd844c,server/model/players/Client.java,getPA
12acfc45-bdfb-4343-9004-9be15dfd844c,server/model/minigames/CastleWarObjects.java,handleObject,->,12acfc45-bdfb-4343-9004-9be15dfd844c,991eb2a8-284a-4290-ae08-f54cf8834706,141a66be-744c-48f6-a5c3-9dbea684d0d6
12acfc45-bdfb-4343-9004-9be15dfd844c,server/model/minigames/CastleWarObjects.java,handleObject,->,12acfc45-bdfb-4343-9004-9be15dfd844c,server/model/players/Client.java,getPA
12acfc45-bdfb-4343-9004-9be15dfd844c,server/model/minigames/CastleWarObjects.java,handleObject,->,12acfc45-bdfb-4343-9004-9be15dfd844c,991eb2a8-284a-4290-ae08-f54cf8834706,141a66be-744c-48f6-a5c3-9dbea684d0d6
12acfc45-bdfb-4343-9004-9be15dfd844c,server/model/minigames/CastleWarObjects.java,handleObject,->,12acfc45-bdfb-4343-9004-9be15dfd844c,server/model/players/Client.java,getPA
12acfc45-bdfb-4343-9004-9be15dfd844c,server/model/minigames/CastleWarObjects.java,handleObject,->,12acfc45-bdfb-4343-9004-9be15dfd844c,991eb2a8-284a-4290-ae08-f54cf8834706,141a66be-744c-48f6-a5c3-9dbea684d0d6
12acfc45-bdfb-4343-9004-9be15dfd844c,server/model/minigames/CastleWarObjects.java,handleObject,->,12acfc45-bdfb-4343-9004-9be15dfd844c,server/model/players/Client.java,getPA
12acfc45-bdfb-4343-9004-9be15dfd844c,server/model/minigames/CastleWarObjects.java,handleObject,->,12acfc45-bdfb-4343-9004-9be15dfd844c,991eb2a8-284a-4290-ae08-f54cf8834706,141a66be-744c-48f6-a5c3-9dbea684d0d6
12acfc45-bdfb-4343-9004-9be15dfd844c,server/model/minigames/CastleWarObjects.java,handleObject,->,12acfc45-bdfb-4343-9004-9be15dfd844c,server/model/players/Client.java,getPA
12acfc45-bdfb-4343-9004-9be15dfd844c,server/model/minigames/CastleWarObjects.java,handleObject,->,12acfc45-bdfb-4343-9004-9be15dfd844c,server/model/players/Client.java,getX
12acfc45-bdfb-4343-9004-9be15dfd844c,server/model/minigames/CastleWarObjects.java,handleObject,->,12acfc45-bdfb-4343-9004-9be15dfd844c,server/model/players/Client.java,getY
12acfc45-bdfb-4343-9004-9be15dfd844c,server/model/minigames/CastleWarObjects.java,handleObject,->,12acfc45-bdfb-4343-9004-9be15dfd844c,991eb2a8-284a-4290-ae08-f54cf8834706,141a66be-744c-48f6-a5c3-9dbea684d0d6
12acfc45-bdfb-4343-9004-9be15dfd844c,server/model/minigames/CastleWarObjects.java,handleObject,->,12acfc45-bdfb-4343-9004-9be15dfd844c,server/model/players/Client.java,getPA
12acfc45-bdfb-4343-9004-9be15dfd844c,server/model/minigames/CastleWarObjects.java,handleObject,->,12acfc45-bdfb-4343-9004-9be15dfd844c,server/model/players/Client.java,getX
12acfc45-bdfb-4343-9004-9be15dfd844c,server/model/minigames/CastleWarObjects.java,handleObject,->,12acfc45-bdfb-4343-9004-9be15dfd844c,server/model/players/Client.java,getY
12acfc45-bdfb-4343-9004-9be15dfd844c,server/model/minigames/CastleWarObjects.java,handleObject,->,12acfc45-bdfb-4343-9004-9be15dfd844c,991eb2a8-284a-4290-ae08-f54cf8834706,141a66be-744c-48f6-a5c3-9dbea684d0d6
12acfc45-bdfb-4343-9004-9be15dfd844c,server/model/minigames/CastleWarObjects.java,handleObject,->,12acfc45-bdfb-4343-9004-9be15dfd844c,server/model/players/Client.java,getPA
12acfc45-bdfb-4343-9004-9be15dfd844c,server/model/minigames/CastleWarObjects.java,handleObject,->,12acfc45-bdfb-4343-9004-9be15dfd844c,server/model/players/Client.java,getX
12acfc45-bdfb-4343-9004-9be15dfd844c,server/model/minigames/CastleWarObjects.java,handleObject,->,12acfc45-bdfb-4343-9004-9be15dfd844c,server/model/players/Client.java,getY
12acfc45-bdfb-4343-9004-9be15dfd844c,server/model/minigames/CastleWarObjects.java,handleObject,->,12acfc45-bdfb-4343-9004-9be15dfd844c,991eb2a8-284a-4290-ae08-f54cf8834706,141a66be-744c-48f6-a5c3-9dbea684d0d6
12acfc45-bdfb-4343-9004-9be15dfd844c,server/model/minigames/CastleWarObjects.java,handleObject,->,12acfc45-bdfb-4343-9004-9be15dfd844c,server/model/players/Client.java,getPA
12acfc45-bdfb-4343-9004-9be15dfd844c,server/model/minigames/CastleWarObjects.java,handleObject,->,12acfc45-bdfb-4343-9004-9be15dfd844c,server/model/players/Client.java,getX
12acfc45-bdfb-4343-9004-9be15dfd844c,server/model/minigames/CastleWarObjects.java,handleObject,->,12acfc45-bdfb-4343-9004-9be15dfd844c,server/model/players/Client.java,getY
12acfc45-bdfb-4343-9004-9be15dfd844c,server/model/minigames/CastleWarObjects.java,handleObject,->,12acfc45-bdfb-4343-9004-9be15dfd844c,991eb2a8-284a-4290-ae08-f54cf8834706,141a66be-744c-48f6-a5c3-9dbea684d0d6
12acfc45-bdfb-4343-9004-9be15dfd844c,server/model/minigames/CastleWarObjects.java,handleObject,->,12acfc45-bdfb-4343-9004-9be15dfd844c,server/model/players/Client.java,getPA
12acfc45-bdfb-4343-9004-9be15dfd844c,server/model/minigames/CastleWarObjects.java,handleObject,->,12acfc45-bdfb-4343-9004-9be15dfd844c,991eb2a8-284a-4290-ae08-f54cf8834706,141a66be-744c-48f6-a5c3-9dbea684d0d6
12acfc45-bdfb-4343-9004-9be15dfd844c,server/model/minigames/CastleWarObjects.java,handleObject,->,12acfc45-bdfb-4343-9004-9be15dfd844c,server/model/players/Client.java,getPA
12acfc45-bdfb-4343-9004-9be15dfd844c,server/model/minigames/CastleWarObjects.java,handleObject,->,12acfc45-bdfb-4343-9004-9be15dfd844c,991eb2a8-284a-4290-ae08-f54cf8834706,141a66be-744c-48f6-a5c3-9dbea684d0d6
12acfc45-bdfb-4343-9004-9be15dfd844c,server/model/minigames/CastleWarObjects.java,handleObject,->,12acfc45-bdfb-4343-9004-9be15dfd844c,server/model/players/Client.java,getPA
12acfc45-bdfb-4343-9004-9be15dfd844c,server/model/minigames/CastleWarObjects.java,handleObject,->,12acfc45-bdfb-4343-9004-9be15dfd844c,991eb2a8-284a-4290-ae08-f54cf8834706,141a66be-744c-48f6-a5c3-9dbea684d0d6
12acfc45-bdfb-4343-9004-9be15dfd844c,server/model/minigames/CastleWarObjects.java,handleObject,->,12acfc45-bdfb-4343-9004-9be15dfd844c,server/model/players/Client.java,getX
12acfc45-bdfb-4343-9004-9be15dfd844c,server/model/minigames/CastleWarObjects.java,handleObject,->,12acfc45-bdfb-4343-9004-9be15dfd844c,server/model/players/Client.java,getX
12acfc45-bdfb-4343-9004-9be15dfd844c,server/model/minigames/CastleWarObjects.java,handleObject,->,12acfc45-bdfb-4343-9004-9be15dfd844c,server/model/players/Client.java,getPA
12acfc45-bdfb-4343-9004-9be15dfd844c,server/model/minigames/CastleWarObjects.java,handleObject,->,12acfc45-bdfb-4343-9004-9be15dfd844c,991eb2a8-284a-4290-ae08-f54cf8834706,141a66be-744c-48f6-a5c3-9dbea684d0d6
12acfc45-bdfb-4343-9004-9be15dfd844c,server/model/minigames/CastleWarObjects.java,handleObject,->,12acfc45-bdfb-4343-9004-9be15dfd844c,server/model/players/Client.java,getPA
12acfc45-bdfb-4343-9004-9be15dfd844c,server/model/minigames/CastleWarObjects.java,handleObject,->,12acfc45-bdfb-4343-9004-9be15dfd844c,991eb2a8-284a-4290-ae08-f54cf8834706,141a66be-744c-48f6-a5c3-9dbea684d0d6
12acfc45-bdfb-4343-9004-9be15dfd844c,server/model/minigames/FightPits.java,process,->,12acfc45-bdfb-4343-9004-9be15dfd844c,server/model/minigames/FightPits.java,updateWaitRoom
12acfc45-bdfb-4343-9004-9be15dfd844c,server/model/minigames/FightPits.java,process,->,12acfc45-bdfb-4343-9004-9be15dfd844c,server/model/minigames/FightPits.java,startGame
12acfc45-bdfb-4343-9004-9be15dfd844c,server/model/minigames/FightPits.java,process,->,12acfc45-bdfb-4343-9004-9be15dfd844c,server/model/minigames/FightPits.java,getLastPlayerName
12acfc45-bdfb-4343-9004-9be15dfd844c,server/model/minigames/FightPits.java,process,->,12acfc45-bdfb-4343-9004-9be15dfd844c,server/model/minigames/FightPits.java,endPitsGame
12acfc45-bdfb-4343-9004-9be15dfd844c,server/model/minigames/FightPits.java,process,->,12acfc45-bdfb-4343-9004-9be15dfd844c,server/model/minigames/FightPits.java,endPitsGame
12acfc45-bdfb-4343-9004-9be15dfd844c,server/model/minigames/FightPits.java,updateWaitRoom,->,12acfc45-bdfb-4343-9004-9be15dfd844c,server/model/players/Client.java,getPA
12acfc45-bdfb-4343-9004-9be15dfd844c,server/model/minigames/FightPits.java,updateWaitRoom,->,12acfc45-bdfb-4343-9004-9be15dfd844c,991eb2a8-284a-4290-ae08-f54cf8834706,790d5234-7ac8-4d94-9ec9-32ac9e6366a7
12acfc45-bdfb-4343-9004-9be15dfd844c,server/model/minigames/FightPits.java,updateWaitRoom,->,12acfc45-bdfb-4343-9004-9be15dfd844c,server/model/players/Client.java,getPA
12acfc45-bdfb-4343-9004-9be15dfd844c,server/model/minigames/FightPits.java,updateWaitRoom,->,12acfc45-bdfb-4343-9004-9be15dfd844c,java/lang/StringBuilder.java,append
12acfc45-bdfb-4343-9004-9be15dfd844c,server/model/minigames/FightPits.java,updateWaitRoom,->,12acfc45-bdfb-4343-9004-9be15dfd844c,java/lang/StringBuilder.java,append
12acfc45-bdfb-4343-9004-9be15dfd844c,server/model/minigames/FightPits.java,updateWaitRoom,->,12acfc45-bdfb-4343-9004-9be15dfd844c,java/lang/StringBuilder.java,append
12acfc45-bdfb-4343-9004-9be15dfd844c,server/model/minigames/FightPits.java,updateWaitRoom,->,12acfc45-bdfb-4343-9004-9be15dfd844c,java/lang/StringBuilder.java,toString
12acfc45-bdfb-4343-9004-9be15dfd844c,server/model/minigames/FightPits.java,updateWaitRoom,->,12acfc45-bdfb-4343-9004-9be15dfd844c,991eb2a8-284a-4290-ae08-f54cf8834706,609517a1-3a8b-4bd9-8623-3cae47c33a17
12acfc45-bdfb-4343-9004-9be15dfd844c,server/model/minigames/FightPits.java,updateWaitRoom,->,12acfc45-bdfb-4343-9004-9be15dfd844c,server/model/players/Client.java,getPA
12acfc45-bdfb-4343-9004-9be15dfd844c,server/model/minigames/FightPits.java,updateWaitRoom,->,12acfc45-bdfb-4343-9004-9be15dfd844c,java/lang/StringBuilder.java,append
12acfc45-bdfb-4343-9004-9be15dfd844c,server/model/minigames/FightPits.java,updateWaitRoom,->,12acfc45-bdfb-4343-9004-9be15dfd844c,java/lang/StringBuilder.java,append
12acfc45-bdfb-4343-9004-9be15dfd844c,server/model/minigames/FightPits.java,updateWaitRoom,->,12acfc45-bdfb-4343-9004-9be15dfd844c,java/lang/StringBuilder.java,toString
12acfc45-bdfb-4343-9004-9be15dfd844c,server/model/minigames/FightPits.java,updateWaitRoom,->,12acfc45-bdfb-4343-9004-9be15dfd844c,991eb2a8-284a-4290-ae08-f54cf8834706,609517a1-3a8b-4bd9-8623-3cae47c33a17
12acfc45-bdfb-4343-9004-9be15dfd844c,server/model/minigames/FightPits.java,updateWaitRoom,->,12acfc45-bdfb-4343-9004-9be15dfd844c,server/model/players/Client.java,getPA
12acfc45-bdfb-4343-9004-9be15dfd844c,server/model/minigames/FightPits.java,updateWaitRoom,->,12acfc45-bdfb-4343-9004-9be15dfd844c,991eb2a8-284a-4290-ae08-f54cf8834706,609517a1-3a8b-4bd9-8623-3cae47c33a17
12acfc45-bdfb-4343-9004-9be15dfd844c,server/model/minigames/FightPits.java,updateWaitRoom,->,12acfc45-bdfb-4343-9004-9be15dfd844c,server/model/players/Client.java,getPA
12acfc45-bdfb-4343-9004-9be15dfd844c,server/model/minigames/FightPits.java,updateWaitRoom,->,12acfc45-bdfb-4343-9004-9be15dfd844c,991eb2a8-284a-4290-ae08-f54cf8834706,40b8551f-2f00-4956-8f96-670fa83abf44
12acfc45-bdfb-4343-9004-9be15dfd844c,server/model/minigames/FightPits.java,startGame,->,12acfc45-bdfb-4343-9004-9be15dfd844c,server/model/minigames/FightPits.java,getWaitAmount
12acfc45-bdfb-4343-9004-9be15dfd844c,server/model/minigames/FightPits.java,startGame,->,12acfc45-bdfb-4343-9004-9be15dfd844c,server/model/players/Client.java,getPA
12acfc45-bdfb-4343-9004-9be15dfd844c,server/model/minigames/FightPits.java,startGame,->,12acfc45-bdfb-4343-9004-9be15dfd844c,991eb2a8-284a-4290-ae08-f54cf8834706,790d5234-7ac8-4d94-9ec9-32ac9e6366a7
12acfc45-bdfb-4343-9004-9be15dfd844c,server/model/minigames/FightPits.java,startGame,->,12acfc45-bdfb-4343-9004-9be15dfd844c,server/model/minigames/FightPits.java,addToPitsGame
12acfc45-bdfb-4343-9004-9be15dfd844c,server/model/minigames/FightPits.java,startGame,->,12acfc45-bdfb-4343-9004-9be15dfd844c,java/io/PrintStream.java,println
12acfc45-bdfb-4343-9004-9be15dfd844c,server/model/minigames/FightPits.java,getWaitAmount,->,12acfc45-bdfb-4343-9004-9be15dfd844c,server/model/players/Client.java,getPA
12acfc45-bdfb-4343-9004-9be15dfd844c,server/model/minigames/FightPits.java,getWaitAmount,->,12acfc45-bdfb-4343-9004-9be15dfd844c,991eb2a8-284a-4290-ae08-f54cf8834706,790d5234-7ac8-4d94-9ec9-32ac9e6366a7
12acfc45-bdfb-4343-9004-9be15dfd844c,server/model/minigames/FightPits.java,removePlayerFromPits,->,12acfc45-bdfb-4343-9004-9be15dfd844c,server/model/players/Client.java,getPA
12acfc45-bdfb-4343-9004-9be15dfd844c,server/model/minigames/FightPits.java,removePlayerFromPits,->,12acfc45-bdfb-4343-9004-9be15dfd844c,991eb2a8-284a-4290-ae08-f54cf8834706,141a66be-744c-48f6-a5c3-9dbea684d0d6
12acfc45-bdfb-4343-9004-9be15dfd844c,server/model/minigames/FightPits.java,endPitsGame,->,12acfc45-bdfb-4343-9004-9be15dfd844c,server/model/players/Client.java,getPA
12acfc45-bdfb-4343-9004-9be15dfd844c,server/model/minigames/FightPits.java,endPitsGame,->,12acfc45-bdfb-4343-9004-9be15dfd844c,991eb2a8-284a-4290-ae08-f54cf8834706,141a66be-744c-48f6-a5c3-9dbea684d0d6
12acfc45-bdfb-4343-9004-9be15dfd844c,server/model/minigames/FightPits.java,endPitsGame,->,12acfc45-bdfb-4343-9004-9be15dfd844c,java/io/PrintStream.java,println
12acfc45-bdfb-4343-9004-9be15dfd844c,server/model/minigames/FightPits.java,addToPitsGame,->,12acfc45-bdfb-4343-9004-9be15dfd844c,server/model/players/Client.java,getPA
12acfc45-bdfb-4343-9004-9be15dfd844c,server/model/minigames/FightPits.java,addToPitsGame,->,12acfc45-bdfb-4343-9004-9be15dfd844c,991eb2a8-284a-4290-ae08-f54cf8834706,40b8551f-2f00-4956-8f96-670fa83abf44
12acfc45-bdfb-4343-9004-9be15dfd844c,server/model/minigames/FightPits.java,addToPitsGame,->,12acfc45-bdfb-4343-9004-9be15dfd844c,server/model/players/Client.java,getPA
12acfc45-bdfb-4343-9004-9be15dfd844c,server/model/minigames/FightPits.java,addToPitsGame,->,12acfc45-bdfb-4343-9004-9be15dfd844c,2c89cfe4-ed6d-446f-832b-3c203feb3155,12264cea-e176-47b1-b1bb-e3a14dc18d35
12acfc45-bdfb-4343-9004-9be15dfd844c,server/model/minigames/FightPits.java,addToPitsGame,->,12acfc45-bdfb-4343-9004-9be15dfd844c,2c89cfe4-ed6d-446f-832b-3c203feb3155,12264cea-e176-47b1-b1bb-e3a14dc18d35
12acfc45-bdfb-4343-9004-9be15dfd844c,server/model/minigames/FightPits.java,addToPitsGame,->,12acfc45-bdfb-4343-9004-9be15dfd844c,991eb2a8-284a-4290-ae08-f54cf8834706,141a66be-744c-48f6-a5c3-9dbea684d0d6
12acfc45-bdfb-4343-9004-9be15dfd844c,846ac295-98b9-41b2-a171-9ea6992159d5,28d2ef4f-68a8-496b-9e1a-1f5870a14aa7,->,12acfc45-bdfb-4343-9004-9be15dfd844c,server/model/players/Client.java,getPA
12acfc45-bdfb-4343-9004-9be15dfd844c,846ac295-98b9-41b2-a171-9ea6992159d5,28d2ef4f-68a8-496b-9e1a-1f5870a14aa7,->,12acfc45-bdfb-4343-9004-9be15dfd844c,server/model/players/PlayerAssistant.java,showInterface
12acfc45-bdfb-4343-9004-9be15dfd844c,846ac295-98b9-41b2-a171-9ea6992159d5,28d2ef4f-68a8-496b-9e1a-1f5870a14aa7,->,12acfc45-bdfb-4343-9004-9be15dfd844c,server/model/players/Client.java,getPA
12acfc45-bdfb-4343-9004-9be15dfd844c,846ac295-98b9-41b2-a171-9ea6992159d5,28d2ef4f-68a8-496b-9e1a-1f5870a14aa7,->,12acfc45-bdfb-4343-9004-9be15dfd844c,991eb2a8-284a-4290-ae08-f54cf8834706,27bd7aec-abd0-4844-9935-efefbf7019b2
12acfc45-bdfb-4343-9004-9be15dfd844c,846ac295-98b9-41b2-a171-9ea6992159d5,28d2ef4f-68a8-496b-9e1a-1f5870a14aa7,->,12acfc45-bdfb-4343-9004-9be15dfd844c,server/model/players/Client.java,getPA
12acfc45-bdfb-4343-9004-9be15dfd844c,846ac295-98b9-41b2-a171-9ea6992159d5,28d2ef4f-68a8-496b-9e1a-1f5870a14aa7,->,12acfc45-bdfb-4343-9004-9be15dfd844c,991eb2a8-284a-4290-ae08-f54cf8834706,141a66be-744c-48f6-a5c3-9dbea684d0d6
12acfc45-bdfb-4343-9004-9be15dfd844c,846ac295-98b9-41b2-a171-9ea6992159d5,28d2ef4f-68a8-496b-9e1a-1f5870a14aa7,->,12acfc45-bdfb-4343-9004-9be15dfd844c,a650165a-c298-4a92-a4da-f443ee5b136d,673be6a4-ef02-447e-b844-b548ab827af5
12acfc45-bdfb-4343-9004-9be15dfd844c,846ac295-98b9-41b2-a171-9ea6992159d5,28d2ef4f-68a8-496b-9e1a-1f5870a14aa7,->,12acfc45-bdfb-4343-9004-9be15dfd844c,846ac295-98b9-41b2-a171-9ea6992159d5,da92745e-e5d0-4504-b961-a5168fec2a2b
12acfc45-bdfb-4343-9004-9be15dfd844c,846ac295-98b9-41b2-a171-9ea6992159d5,28d2ef4f-68a8-496b-9e1a-1f5870a14aa7,->,12acfc45-bdfb-4343-9004-9be15dfd844c,a650165a-c298-4a92-a4da-f443ee5b136d,c25f0e51-e631-43e4-99a2-599106c7e548
12acfc45-bdfb-4343-9004-9be15dfd844c,846ac295-98b9-41b2-a171-9ea6992159d5,28d2ef4f-68a8-496b-9e1a-1f5870a14aa7,->,12acfc45-bdfb-4343-9004-9be15dfd844c,a650165a-c298-4a92-a4da-f443ee5b136d,673be6a4-ef02-447e-b844-b548ab827af5
12acfc45-bdfb-4343-9004-9be15dfd844c,846ac295-98b9-41b2-a171-9ea6992159d5,28d2ef4f-68a8-496b-9e1a-1f5870a14aa7,->,12acfc45-bdfb-4343-9004-9be15dfd844c,846ac295-98b9-41b2-a171-9ea6992159d5,da92745e-e5d0-4504-b961-a5168fec2a2b
12acfc45-bdfb-4343-9004-9be15dfd844c,846ac295-98b9-41b2-a171-9ea6992159d5,28d2ef4f-68a8-496b-9e1a-1f5870a14aa7,->,12acfc45-bdfb-4343-9004-9be15dfd844c,a650165a-c298-4a92-a4da-f443ee5b136d,c25f0e51-e631-43e4-99a2-599106c7e548
12acfc45-bdfb-4343-9004-9be15dfd844c,server/model/minigames/PestControl.java,process,->,12acfc45-bdfb-4343-9004-9be15dfd844c,server/model/minigames/PestControl.java,startGame
12acfc45-bdfb-4343-9004-9be15dfd844c,server/model/minigames/PestControl.java,process,->,12acfc45-bdfb-4343-9004-9be15dfd844c,server/model/minigames/PestControl.java,allPortalsDead
12acfc45-bdfb-4343-9004-9be15dfd844c,server/model/minigames/PestControl.java,process,->,12acfc45-bdfb-4343-9004-9be15dfd844c,server/model/minigames/PestControl.java,endGame
12acfc45-bdfb-4343-9004-9be15dfd844c,server/model/minigames/PestControl.java,process,->,12acfc45-bdfb-4343-9004-9be15dfd844c,server/model/minigames/PestControl.java,endGame
12acfc45-bdfb-4343-9004-9be15dfd844c,server/model/minigames/PestControl.java,startGame,->,12acfc45-bdfb-4343-9004-9be15dfd844c,server/model/minigames/PestControl.java,playersInBoat
12acfc45-bdfb-4343-9004-9be15dfd844c,server/model/minigames/PestControl.java,startGame,->,12acfc45-bdfb-4343-9004-9be15dfd844c,server/model/minigames/PestControl.java,spawnNpcs
12acfc45-bdfb-4343-9004-9be15dfd844c,server/model/minigames/PestControl.java,startGame,->,12acfc45-bdfb-4343-9004-9be15dfd844c,server/model/players/Player.java,inPcBoat
12acfc45-bdfb-4343-9004-9be15dfd844c,server/model/minigames/PestControl.java,startGame,->,12acfc45-bdfb-4343-9004-9be15dfd844c,server/model/minigames/PestControl.java,movePlayer
12acfc45-bdfb-4343-9004-9be15dfd844c,server/model/minigames/PestControl.java,startGame,->,12acfc45-bdfb-4343-9004-9be15dfd844c,server/model/players/Player.java,inPcBoat
12acfc45-bdfb-4343-9004-9be15dfd844c,server/model/minigames/PestControl.java,startGame,->,12acfc45-bdfb-4343-9004-9be15dfd844c,server/model/players/Client.java,sendMessage
12acfc45-bdfb-4343-9004-9be15dfd844c,server/model/minigames/PestControl.java,playersInBoat,->,12acfc45-bdfb-4343-9004-9be15dfd844c,server/model/players/Player.java,inPcBoat
12acfc45-bdfb-4343-9004-9be15dfd844c,server/model/minigames/PestControl.java,endGame,->,12acfc45-bdfb-4343-9004-9be15dfd844c,server/model/players/Player.java,inPcGame
12acfc45-bdfb-4343-9004-9be15dfd844c,server/model/minigames/PestControl.java,endGame,->,12acfc45-bdfb-4343-9004-9be15dfd844c,server/model/players/Client.java,getPA
12acfc45-bdfb-4343-9004-9be15dfd844c,server/model/minigames/PestControl.java,endGame,->,12acfc45-bdfb-4343-9004-9be15dfd844c,991eb2a8-284a-4290-ae08-f54cf8834706,141a66be-744c-48f6-a5c3-9dbea684d0d6
12acfc45-bdfb-4343-9004-9be15dfd844c,server/model/minigames/PestControl.java,endGame,->,12acfc45-bdfb-4343-9004-9be15dfd844c,server/model/players/Client.java,sendMessage
12acfc45-bdfb-4343-9004-9be15dfd844c,server/model/minigames/PestControl.java,endGame,->,12acfc45-bdfb-4343-9004-9be15dfd844c,server/model/players/Client.java,getLevelForXP
12acfc45-bdfb-4343-9004-9be15dfd844c,server/model/minigames/PestControl.java,endGame,->,12acfc45-bdfb-4343-9004-9be15dfd844c,server/model/players/Client.java,getLevelForXP
12acfc45-bdfb-4343-9004-9be15dfd844c,server/model/minigames/PestControl.java,endGame,->,12acfc45-bdfb-4343-9004-9be15dfd844c,server/model/players/Client.java,getItems
12acfc45-bdfb-4343-9004-9be15dfd844c,server/model/minigames/PestControl.java,endGame,->,12acfc45-bdfb-4343-9004-9be15dfd844c,server/model/items/ItemAssistant.java,addItem
12acfc45-bdfb-4343-9004-9be15dfd844c,server/model/minigames/PestControl.java,endGame,->,12acfc45-bdfb-4343-9004-9be15dfd844c,server/model/players/Client.java,getPA
12acfc45-bdfb-4343-9004-9be15dfd844c,server/model/minigames/PestControl.java,endGame,->,12acfc45-bdfb-4343-9004-9be15dfd844c,991eb2a8-284a-4290-ae08-f54cf8834706,cc581d00-f04e-4278-8aaf-0ecbd93e9b04
12acfc45-bdfb-4343-9004-9be15dfd844c,server/model/minigames/PestControl.java,endGame,->,12acfc45-bdfb-4343-9004-9be15dfd844c,server/model/players/Client.java,getPA
12acfc45-bdfb-4343-9004-9be15dfd844c,server/model/minigames/PestControl.java,endGame,->,12acfc45-bdfb-4343-9004-9be15dfd844c,991eb2a8-284a-4290-ae08-f54cf8834706,cc581d00-f04e-4278-8aaf-0ecbd93e9b04
12acfc45-bdfb-4343-9004-9be15dfd844c,server/model/minigames/PestControl.java,endGame,->,12acfc45-bdfb-4343-9004-9be15dfd844c,server/model/players/Client.java,sendMessage
12acfc45-bdfb-4343-9004-9be15dfd844c,server/model/minigames/PestControl.java,endGame,->,12acfc45-bdfb-4343-9004-9be15dfd844c,server/model/players/Client.java,sendMessage
12acfc45-bdfb-4343-9004-9be15dfd844c,server/model/minigames/PestControl.java,endGame,->,12acfc45-bdfb-4343-9004-9be15dfd844c,server/model/players/Client.java,getItems
12acfc45-bdfb-4343-9004-9be15dfd844c,server/model/minigames/PestControl.java,endGame,->,12acfc45-bdfb-4343-9004-9be15dfd844c,server/model/items/ItemAssistant.java,addSpecialBar
12acfc45-bdfb-4343-9004-9be15dfd844c,server/model/minigames/PestControl.java,endGame,->,12acfc45-bdfb-4343-9004-9be15dfd844c,server/model/players/Client.java,getCombat
12acfc45-bdfb-4343-9004-9be15dfd844c,server/model/minigames/PestControl.java,endGame,->,12acfc45-bdfb-4343-9004-9be15dfd844c,server/model/players/CombatAssistant.java,resetPrayers
12acfc45-bdfb-4343-9004-9be15dfd844c,server/model/minigames/PestControl.java,movePlayer,->,12acfc45-bdfb-4343-9004-9be15dfd844c,server/model/players/Client.java,sendMessage
12acfc45-bdfb-4343-9004-9be15dfd844c,server/model/minigames/PestControl.java,movePlayer,->,12acfc45-bdfb-4343-9004-9be15dfd844c,server/model/players/Client.java,getPA
12acfc45-bdfb-4343-9004-9be15dfd844c,server/model/minigames/PestControl.java,movePlayer,->,12acfc45-bdfb-4343-9004-9be15dfd844c,991eb2a8-284a-4290-ae08-f54cf8834706,141a66be-744c-48f6-a5c3-9dbea684d0d6
12acfc45-bdfb-4343-9004-9be15dfd844c,server/model/minigames/PestControl.java,spawnNpcs,->,12acfc45-bdfb-4343-9004-9be15dfd844c,server/model/npcs/NPCHandler.java,spawnNpc2
12acfc45-bdfb-4343-9004-9be15dfd844c,server/model/minigames/PestControl.java,spawnNpcs,->,12acfc45-bdfb-4343-9004-9be15dfd844c,server/model/npcs/NPCHandler.java,spawnNpc2
12acfc45-bdfb-4343-9004-9be15dfd844c,server/model/minigames/PestControl.java,spawnNpcs,->,12acfc45-bdfb-4343-9004-9be15dfd844c,server/model/npcs/NPCHandler.java,spawnNpc2
12acfc45-bdfb-4343-9004-9be15dfd844c,server/model/minigames/PestControl.java,spawnNpcs,->,12acfc45-bdfb-4343-9004-9be15dfd844c,server/model/npcs/NPCHandler.java,spawnNpc2
12acfc45-bdfb-4343-9004-9be15dfd844c,server/model/items/ItemAssistant.java,handleNests,->,12acfc45-bdfb-4343-9004-9be15dfd844c,2c89cfe4-ed6d-446f-832b-3c203feb3155,12264cea-e176-47b1-b1bb-e3a14dc18d35
12acfc45-bdfb-4343-9004-9be15dfd844c,server/model/items/ItemAssistant.java,handleNests,->,12acfc45-bdfb-4343-9004-9be15dfd844c,2c89cfe4-ed6d-446f-832b-3c203feb3155,12264cea-e176-47b1-b1bb-e3a14dc18d35
12acfc45-bdfb-4343-9004-9be15dfd844c,server/model/items/ItemAssistant.java,handleNests,->,12acfc45-bdfb-4343-9004-9be15dfd844c,server/model/items/ItemAssistant.java,addItem
12acfc45-bdfb-4343-9004-9be15dfd844c,server/model/items/ItemAssistant.java,handleNests,->,12acfc45-bdfb-4343-9004-9be15dfd844c,server/model/items/ItemAssistant.java,deleteItem
12acfc45-bdfb-4343-9004-9be15dfd844c,server/model/items/ItemAssistant.java,handleNests,->,12acfc45-bdfb-4343-9004-9be15dfd844c,server/model/players/Client.java,sendMessage
12acfc45-bdfb-4343-9004-9be15dfd844c,server/model/items/ItemAssistant.java,resetItems,->,12acfc45-bdfb-4343-9004-9be15dfd844c,server/model/players/Client.java,getOutStream
12acfc45-bdfb-4343-9004-9be15dfd844c,server/model/items/ItemAssistant.java,resetItems,->,12acfc45-bdfb-4343-9004-9be15dfd844c,server/model/players/Client.java,getOutStream
12acfc45-bdfb-4343-9004-9be15dfd844c,server/model/items/ItemAssistant.java,resetItems,->,12acfc45-bdfb-4343-9004-9be15dfd844c,server/util/Stream.java,createFrameVarSizeWord
12acfc45-bdfb-4343-9004-9be15dfd844c,server/model/items/ItemAssistant.java,resetItems,->,12acfc45-bdfb-4343-9004-9be15dfd844c,server/model/players/Client.java,getOutStream
12acfc45-bdfb-4343-9004-9be15dfd844c,server/model/items/ItemAssistant.java,resetItems,->,12acfc45-bdfb-4343-9004-9be15dfd844c,server/util/Stream.java,writeWord
12acfc45-bdfb-4343-9004-9be15dfd844c,server/model/items/ItemAssistant.java,resetItems,->,12acfc45-bdfb-4343-9004-9be15dfd844c,server/model/players/Client.java,getOutStream
12acfc45-bdfb-4343-9004-9be15dfd844c,server/model/items/ItemAssistant.java,resetItems,->,12acfc45-bdfb-4343-9004-9be15dfd844c,server/util/Stream.java,writeWord
12acfc45-bdfb-4343-9004-9be15dfd844c,server/model/items/ItemAssistant.java,resetItems,->,12acfc45-bdfb-4343-9004-9be15dfd844c,server/model/players/Client.java,getOutStream
12acfc45-bdfb-4343-9004-9be15dfd844c,server/model/items/ItemAssistant.java,resetItems,->,12acfc45-bdfb-4343-9004-9be15dfd844c,server/util/Stream.java,writeByte
12acfc45-bdfb-4343-9004-9be15dfd844c,server/model/items/ItemAssistant.java,resetItems,->,12acfc45-bdfb-4343-9004-9be15dfd844c,server/model/players/Client.java,getOutStream
12acfc45-bdfb-4343-9004-9be15dfd844c,server/model/items/ItemAssistant.java,resetItems,->,12acfc45-bdfb-4343-9004-9be15dfd844c,server/util/Stream.java,writeDWord_v2
12acfc45-bdfb-4343-9004-9be15dfd844c,server/model/items/ItemAssistant.java,resetItems,->,12acfc45-bdfb-4343-9004-9be15dfd844c,server/model/players/Client.java,getOutStream
12acfc45-bdfb-4343-9004-9be15dfd844c,server/model/items/ItemAssistant.java,resetItems,->,12acfc45-bdfb-4343-9004-9be15dfd844c,server/util/Stream.java,writeByte
12acfc45-bdfb-4343-9004-9be15dfd844c,server/model/items/ItemAssistant.java,resetItems,->,12acfc45-bdfb-4343-9004-9be15dfd844c,server/model/players/Client.java,getOutStream
12acfc45-bdfb-4343-9004-9be15dfd844c,server/model/items/ItemAssistant.java,resetItems,->,12acfc45-bdfb-4343-9004-9be15dfd844c,server/util/Stream.java,writeWordBigEndianA
12acfc45-bdfb-4343-9004-9be15dfd844c,server/model/items/ItemAssistant.java,resetItems,->,12acfc45-bdfb-4343-9004-9be15dfd844c,server/model/players/Client.java,getOutStream
12acfc45-bdfb-4343-9004-9be15dfd844c,server/model/items/ItemAssistant.java,resetItems,->,12acfc45-bdfb-4343-9004-9be15dfd844c,server/util/Stream.java,endFrameVarSizeWord
12acfc45-bdfb-4343-9004-9be15dfd844c,server/model/items/ItemAssistant.java,resetItems,->,12acfc45-bdfb-4343-9004-9be15dfd844c,server/model/players/Client.java,flushOutStream
12acfc45-bdfb-4343-9004-9be15dfd844c,server/model/items/ItemAssistant.java,replaceItem,->,12acfc45-bdfb-4343-9004-9be15dfd844c,server/model/items/ItemAssistant.java,playerHasItem
12acfc45-bdfb-4343-9004-9be15dfd844c,server/model/items/ItemAssistant.java,replaceItem,->,12acfc45-bdfb-4343-9004-9be15dfd844c,server/model/items/ItemAssistant.java,getItemSlot
12acfc45-bdfb-4343-9004-9be15dfd844c,server/model/items/ItemAssistant.java,replaceItem,->,12acfc45-bdfb-4343-9004-9be15dfd844c,server/model/items/ItemAssistant.java,deleteItem
12acfc45-bdfb-4343-9004-9be15dfd844c,server/model/items/ItemAssistant.java,replaceItem,->,12acfc45-bdfb-4343-9004-9be15dfd844c,server/model/items/ItemAssistant.java,addItem
12acfc45-bdfb-4343-9004-9be15dfd844c,server/model/items/ItemAssistant.java,writeBonus,->,12acfc45-bdfb-4343-9004-9be15dfd844c,java/lang/StringBuilder.java,append
12acfc45-bdfb-4343-9004-9be15dfd844c,server/model/items/ItemAssistant.java,writeBonus,->,12acfc45-bdfb-4343-9004-9be15dfd844c,java/lang/StringBuilder.java,append
12acfc45-bdfb-4343-9004-9be15dfd844c,server/model/items/ItemAssistant.java,writeBonus,->,12acfc45-bdfb-4343-9004-9be15dfd844c,java/lang/StringBuilder.java,append
12acfc45-bdfb-4343-9004-9be15dfd844c,server/model/items/ItemAssistant.java,writeBonus,->,12acfc45-bdfb-4343-9004-9be15dfd844c,java/lang/StringBuilder.java,toString
12acfc45-bdfb-4343-9004-9be15dfd844c,server/model/items/ItemAssistant.java,writeBonus,->,12acfc45-bdfb-4343-9004-9be15dfd844c,java/lang/StringBuilder.java,append
12acfc45-bdfb-4343-9004-9be15dfd844c,server/model/items/ItemAssistant.java,writeBonus,->,12acfc45-bdfb-4343-9004-9be15dfd844c,java/lang/StringBuilder.java,append
12acfc45-bdfb-4343-9004-9be15dfd844c,server/model/items/ItemAssistant.java,writeBonus,->,12acfc45-bdfb-4343-9004-9be15dfd844c,java/lang/Math.java,abs
12acfc45-bdfb-4343-9004-9be15dfd844c,server/model/items/ItemAssistant.java,writeBonus,->,12acfc45-bdfb-4343-9004-9be15dfd844c,java/lang/StringBuilder.java,append
12acfc45-bdfb-4343-9004-9be15dfd844c,server/model/items/ItemAssistant.java,writeBonus,->,12acfc45-bdfb-4343-9004-9be15dfd844c,java/lang/StringBuilder.java,toString
12acfc45-bdfb-4343-9004-9be15dfd844c,server/model/items/ItemAssistant.java,writeBonus,->,12acfc45-bdfb-4343-9004-9be15dfd844c,server/model/players/Client.java,getPA
12acfc45-bdfb-4343-9004-9be15dfd844c,server/model/items/ItemAssistant.java,writeBonus,->,12acfc45-bdfb-4343-9004-9be15dfd844c,991eb2a8-284a-4290-ae08-f54cf8834706,609517a1-3a8b-4bd9-8623-3cae47c33a17
12acfc45-bdfb-4343-9004-9be15dfd844c,server/model/items/ItemAssistant.java,sendItemsKept,->,12acfc45-bdfb-4343-9004-9be15dfd844c,server/model/players/Client.java,getOutStream
12acfc45-bdfb-4343-9004-9be15dfd844c,server/model/items/ItemAssistant.java,sendItemsKept,->,12acfc45-bdfb-4343-9004-9be15dfd844c,server/model/players/Client.java,getOutStream
12acfc45-bdfb-4343-9004-9be15dfd844c,server/model/items/ItemAssistant.java,sendItemsKept,->,12acfc45-bdfb-4343-9004-9be15dfd844c,server/util/Stream.java,createFrameVarSizeWord
12acfc45-bdfb-4343-9004-9be15dfd844c,server/model/items/ItemAssistant.java,sendItemsKept,->,12acfc45-bdfb-4343-9004-9be15dfd844c,server/model/players/Client.java,getOutStream
12acfc45-bdfb-4343-9004-9be15dfd844c,server/model/items/ItemAssistant.java,sendItemsKept,->,12acfc45-bdfb-4343-9004-9be15dfd844c,server/util/Stream.java,writeWord
12acfc45-bdfb-4343-9004-9be15dfd844c,server/model/items/ItemAssistant.java,sendItemsKept,->,12acfc45-bdfb-4343-9004-9be15dfd844c,server/model/players/Client.java,getOutStream
12acfc45-bdfb-4343-9004-9be15dfd844c,server/model/items/ItemAssistant.java,sendItemsKept,->,12acfc45-bdfb-4343-9004-9be15dfd844c,server/util/Stream.java,writeWord
12acfc45-bdfb-4343-9004-9be15dfd844c,server/model/items/ItemAssistant.java,sendItemsKept,->,12acfc45-bdfb-4343-9004-9be15dfd844c,server/model/players/Client.java,getOutStream
12acfc45-bdfb-4343-9004-9be15dfd844c,server/model/items/ItemAssistant.java,sendItemsKept,->,12acfc45-bdfb-4343-9004-9be15dfd844c,server/util/Stream.java,writeByte
12acfc45-bdfb-4343-9004-9be15dfd844c,server/model/items/ItemAssistant.java,sendItemsKept,->,12acfc45-bdfb-4343-9004-9be15dfd844c,server/model/players/Client.java,getOutStream
12acfc45-bdfb-4343-9004-9be15dfd844c,server/model/items/ItemAssistant.java,sendItemsKept,->,12acfc45-bdfb-4343-9004-9be15dfd844c,server/util/Stream.java,writeDWord_v2
12acfc45-bdfb-4343-9004-9be15dfd844c,server/model/items/ItemAssistant.java,sendItemsKept,->,12acfc45-bdfb-4343-9004-9be15dfd844c,server/model/players/Client.java,getOutStream
12acfc45-bdfb-4343-9004-9be15dfd844c,server/model/items/ItemAssistant.java,sendItemsKept,->,12acfc45-bdfb-4343-9004-9be15dfd844c,server/util/Stream.java,writeByte
12acfc45-bdfb-4343-9004-9be15dfd844c,server/model/items/ItemAssistant.java,sendItemsKept,->,12acfc45-bdfb-4343-9004-9be15dfd844c,server/model/players/Client.java,getOutStream
12acfc45-bdfb-4343-9004-9be15dfd844c,server/model/items/ItemAssistant.java,sendItemsKept,->,12acfc45-bdfb-4343-9004-9be15dfd844c,server/util/Stream.java,writeWordBigEndianA
12acfc45-bdfb-4343-9004-9be15dfd844c,server/model/items/ItemAssistant.java,sendItemsKept,->,12acfc45-bdfb-4343-9004-9be15dfd844c,server/model/players/Client.java,getOutStream
12acfc45-bdfb-4343-9004-9be15dfd844c,server/model/items/ItemAssistant.java,sendItemsKept,->,12acfc45-bdfb-4343-9004-9be15dfd844c,server/util/Stream.java,writeWordBigEndianA
12acfc45-bdfb-4343-9004-9be15dfd844c,server/model/items/ItemAssistant.java,sendItemsKept,->,12acfc45-bdfb-4343-9004-9be15dfd844c,server/model/players/Client.java,getOutStream
12acfc45-bdfb-4343-9004-9be15dfd844c,server/model/items/ItemAssistant.java,sendItemsKept,->,12acfc45-bdfb-4343-9004-9be15dfd844c,server/util/Stream.java,endFrameVarSizeWord
12acfc45-bdfb-4343-9004-9be15dfd844c,server/model/items/ItemAssistant.java,sendItemsKept,->,12acfc45-bdfb-4343-9004-9be15dfd844c,server/model/players/Client.java,flushOutStream
12acfc45-bdfb-4343-9004-9be15dfd844c,server/model/items/ItemAssistant.java,keepItem,->,12acfc45-bdfb-4343-9004-9be15dfd844c,server/model/players/Client.java,getShops
12acfc45-bdfb-4343-9004-9be15dfd844c,server/model/items/ItemAssistant.java,keepItem,->,12acfc45-bdfb-4343-9004-9be15dfd844c,server/model/shops/ShopAssistant.java,getItemShopValue
12acfc45-bdfb-4343-9004-9be15dfd844c,server/model/items/ItemAssistant.java,keepItem,->,12acfc45-bdfb-4343-9004-9be15dfd844c,server/model/players/Client.java,getShops
12acfc45-bdfb-4343-9004-9be15dfd844c,server/model/items/ItemAssistant.java,keepItem,->,12acfc45-bdfb-4343-9004-9be15dfd844c,server/model/shops/ShopAssistant.java,getItemShopValue
12acfc45-bdfb-4343-9004-9be15dfd844c,server/model/items/ItemAssistant.java,keepItem,->,12acfc45-bdfb-4343-9004-9be15dfd844c,server/model/items/ItemAssistant.java,getItemSlot
12acfc45-bdfb-4343-9004-9be15dfd844c,server/model/items/ItemAssistant.java,keepItem,->,12acfc45-bdfb-4343-9004-9be15dfd844c,server/model/items/ItemAssistant.java,deleteItem
12acfc45-bdfb-4343-9004-9be15dfd844c,server/model/items/ItemAssistant.java,keepItem,->,12acfc45-bdfb-4343-9004-9be15dfd844c,server/model/items/ItemAssistant.java,deleteEquipment
12acfc45-bdfb-4343-9004-9be15dfd844c,server/model/items/ItemAssistant.java,deleteAllItems,->,12acfc45-bdfb-4343-9004-9be15dfd844c,server/model/items/ItemAssistant.java,deleteEquipment
12acfc45-bdfb-4343-9004-9be15dfd844c,server/model/items/ItemAssistant.java,deleteAllItems,->,12acfc45-bdfb-4343-9004-9be15dfd844c,server/model/items/ItemAssistant.java,getItemSlot
12acfc45-bdfb-4343-9004-9be15dfd844c,server/model/items/ItemAssistant.java,deleteAllItems,->,12acfc45-bdfb-4343-9004-9be15dfd844c,server/model/items/ItemAssistant.java,deleteItem
12acfc45-bdfb-4343-9004-9be15dfd844c,server/model/items/ItemAssistant.java,dropAllItems,->,12acfc45-bdfb-4343-9004-9be15dfd844c,server/model/items/ItemAssistant.java,tradeable
12acfc45-bdfb-4343-9004-9be15dfd844c,server/model/items/ItemAssistant.java,dropAllItems,->,12acfc45-bdfb-4343-9004-9be15dfd844c,server/model/players/Client.java,getX
12acfc45-bdfb-4343-9004-9be15dfd844c,server/model/items/ItemAssistant.java,dropAllItems,->,12acfc45-bdfb-4343-9004-9be15dfd844c,server/model/players/Client.java,getY
12acfc45-bdfb-4343-9004-9be15dfd844c,server/model/items/ItemAssistant.java,dropAllItems,->,12acfc45-bdfb-4343-9004-9be15dfd844c,server/world/ItemHandler.java,createGroundItem
12acfc45-bdfb-4343-9004-9be15dfd844c,server/model/items/ItemAssistant.java,dropAllItems,->,12acfc45-bdfb-4343-9004-9be15dfd844c,server/model/items/ItemAssistant.java,specialCase
12acfc45-bdfb-4343-9004-9be15dfd844c,server/model/items/ItemAssistant.java,dropAllItems,->,12acfc45-bdfb-4343-9004-9be15dfd844c,server/model/players/Client.java,getX
12acfc45-bdfb-4343-9004-9be15dfd844c,server/model/items/ItemAssistant.java,dropAllItems,->,12acfc45-bdfb-4343-9004-9be15dfd844c,server/model/players/Client.java,getY
12acfc45-bdfb-4343-9004-9be15dfd844c,server/model/items/ItemAssistant.java,dropAllItems,->,12acfc45-bdfb-4343-9004-9be15dfd844c,server/model/items/ItemAssistant.java,getUntradePrice
12acfc45-bdfb-4343-9004-9be15dfd844c,server/model/items/ItemAssistant.java,dropAllItems,->,12acfc45-bdfb-4343-9004-9be15dfd844c,server/world/ItemHandler.java,createGroundItem
12acfc45-bdfb-4343-9004-9be15dfd844c,server/model/items/ItemAssistant.java,dropAllItems,->,12acfc45-bdfb-4343-9004-9be15dfd844c,server/model/players/Client.java,getX
12acfc45-bdfb-4343-9004-9be15dfd844c,server/model/items/ItemAssistant.java,dropAllItems,->,12acfc45-bdfb-4343-9004-9be15dfd844c,server/model/players/Client.java,getY
12acfc45-bdfb-4343-9004-9be15dfd844c,server/model/items/ItemAssistant.java,dropAllItems,->,12acfc45-bdfb-4343-9004-9be15dfd844c,server/world/ItemHandler.java,createGroundItem
12acfc45-bdfb-4343-9004-9be15dfd844c,server/model/items/ItemAssistant.java,dropAllItems,->,12acfc45-bdfb-4343-9004-9be15dfd844c,server/model/players/Client.java,getX
12acfc45-bdfb-4343-9004-9be15dfd844c,server/model/items/ItemAssistant.java,dropAllItems,->,12acfc45-bdfb-4343-9004-9be15dfd844c,server/model/players/Client.java,getY
12acfc45-bdfb-4343-9004-9be15dfd844c,server/model/items/ItemAssistant.java,dropAllItems,->,12acfc45-bdfb-4343-9004-9be15dfd844c,server/world/ItemHandler.java,createGroundItem
12acfc45-bdfb-4343-9004-9be15dfd844c,server/model/items/ItemAssistant.java,dropAllItems,->,12acfc45-bdfb-4343-9004-9be15dfd844c,server/model/items/ItemAssistant.java,tradeable
12acfc45-bdfb-4343-9004-9be15dfd844c,server/model/items/ItemAssistant.java,dropAllItems,->,12acfc45-bdfb-4343-9004-9be15dfd844c,server/model/players/Client.java,getX
12acfc45-bdfb-4343-9004-9be15dfd844c,server/model/items/ItemAssistant.java,dropAllItems,->,12acfc45-bdfb-4343-9004-9be15dfd844c,server/model/players/Client.java,getY
12acfc45-bdfb-4343-9004-9be15dfd844c,server/model/items/ItemAssistant.java,dropAllItems,->,12acfc45-bdfb-4343-9004-9be15dfd844c,server/world/ItemHandler.java,createGroundItem
12acfc45-bdfb-4343-9004-9be15dfd844c,server/model/items/ItemAssistant.java,dropAllItems,->,12acfc45-bdfb-4343-9004-9be15dfd844c,server/model/items/ItemAssistant.java,specialCase
12acfc45-bdfb-4343-9004-9be15dfd844c,server/model/items/ItemAssistant.java,dropAllItems,->,12acfc45-bdfb-4343-9004-9be15dfd844c,server/model/players/Client.java,getX
12acfc45-bdfb-4343-9004-9be15dfd844c,server/model/items/ItemAssistant.java,dropAllItems,->,12acfc45-bdfb-4343-9004-9be15dfd844c,server/model/players/Client.java,getY
12acfc45-bdfb-4343-9004-9be15dfd844c,server/model/items/ItemAssistant.java,dropAllItems,->,12acfc45-bdfb-4343-9004-9be15dfd844c,server/model/items/ItemAssistant.java,getUntradePrice
12acfc45-bdfb-4343-9004-9be15dfd844c,server/model/items/ItemAssistant.java,dropAllItems,->,12acfc45-bdfb-4343-9004-9be15dfd844c,server/world/ItemHandler.java,createGroundItem
12acfc45-bdfb-4343-9004-9be15dfd844c,server/model/items/ItemAssistant.java,dropAllItems,->,12acfc45-bdfb-4343-9004-9be15dfd844c,server/model/players/Client.java,getX
12acfc45-bdfb-4343-9004-9be15dfd844c,server/model/items/ItemAssistant.java,dropAllItems,->,12acfc45-bdfb-4343-9004-9be15dfd844c,server/model/players/Client.java,getY
12acfc45-bdfb-4343-9004-9be15dfd844c,server/model/items/ItemAssistant.java,dropAllItems,->,12acfc45-bdfb-4343-9004-9be15dfd844c,server/world/ItemHandler.java,createGroundItem
12acfc45-bdfb-4343-9004-9be15dfd844c,server/model/items/ItemAssistant.java,dropAllItems,->,12acfc45-bdfb-4343-9004-9be15dfd844c,server/model/players/Client.java,getX
12acfc45-bdfb-4343-9004-9be15dfd844c,server/model/items/ItemAssistant.java,dropAllItems,->,12acfc45-bdfb-4343-9004-9be15dfd844c,server/model/players/Client.java,getY
12acfc45-bdfb-4343-9004-9be15dfd844c,server/model/items/ItemAssistant.java,dropAllItems,->,12acfc45-bdfb-4343-9004-9be15dfd844c,server/world/ItemHandler.java,createGroundItem
12acfc45-bdfb-4343-9004-9be15dfd844c,server/model/items/ItemAssistant.java,dropAllItems,->,12acfc45-bdfb-4343-9004-9be15dfd844c,server/model/players/Client.java,getX
12acfc45-bdfb-4343-9004-9be15dfd844c,server/model/items/ItemAssistant.java,dropAllItems,->,12acfc45-bdfb-4343-9004-9be15dfd844c,server/model/players/Client.java,getY
12acfc45-bdfb-4343-9004-9be15dfd844c,server/model/items/ItemAssistant.java,dropAllItems,->,12acfc45-bdfb-4343-9004-9be15dfd844c,server/world/ItemHandler.java,createGroundItem
12acfc45-bdfb-4343-9004-9be15dfd844c,server/model/items/ItemAssistant.java,addItem,->,12acfc45-bdfb-4343-9004-9be15dfd844c,server/model/items/ItemAssistant.java,freeSlots
12acfc45-bdfb-4343-9004-9be15dfd844c,server/model/items/ItemAssistant.java,addItem,->,12acfc45-bdfb-4343-9004-9be15dfd844c,server/model/items/ItemAssistant.java,playerHasItem
12acfc45-bdfb-4343-9004-9be15dfd844c,server/model/items/ItemAssistant.java,addItem,->,12acfc45-bdfb-4343-9004-9be15dfd844c,server/model/items/ItemAssistant.java,freeSlots
12acfc45-bdfb-4343-9004-9be15dfd844c,server/model/items/ItemAssistant.java,addItem,->,12acfc45-bdfb-4343-9004-9be15dfd844c,server/model/players/Client.java,getOutStream
12acfc45-bdfb-4343-9004-9be15dfd844c,server/model/items/ItemAssistant.java,addItem,->,12acfc45-bdfb-4343-9004-9be15dfd844c,server/model/players/Client.java,getOutStream
12acfc45-bdfb-4343-9004-9be15dfd844c,server/model/items/ItemAssistant.java,addItem,->,12acfc45-bdfb-4343-9004-9be15dfd844c,server/util/Stream.java,createFrameVarSizeWord
12acfc45-bdfb-4343-9004-9be15dfd844c,server/model/items/ItemAssistant.java,addItem,->,12acfc45-bdfb-4343-9004-9be15dfd844c,server/model/players/Client.java,getOutStream
12acfc45-bdfb-4343-9004-9be15dfd844c,server/model/items/ItemAssistant.java,addItem,->,12acfc45-bdfb-4343-9004-9be15dfd844c,server/util/Stream.java,writeWord
12acfc45-bdfb-4343-9004-9be15dfd844c,server/model/items/ItemAssistant.java,addItem,->,12acfc45-bdfb-4343-9004-9be15dfd844c,server/model/players/Client.java,getOutStream
12acfc45-bdfb-4343-9004-9be15dfd844c,server/model/items/ItemAssistant.java,addItem,->,12acfc45-bdfb-4343-9004-9be15dfd844c,server/util/Stream.java,writeByte
12acfc45-bdfb-4343-9004-9be15dfd844c,server/model/items/ItemAssistant.java,addItem,->,12acfc45-bdfb-4343-9004-9be15dfd844c,server/model/players/Client.java,getOutStream
12acfc45-bdfb-4343-9004-9be15dfd844c,server/model/items/ItemAssistant.java,addItem,->,12acfc45-bdfb-4343-9004-9be15dfd844c,server/util/Stream.java,writeWord
12acfc45-bdfb-4343-9004-9be15dfd844c,server/model/items/ItemAssistant.java,addItem,->,12acfc45-bdfb-4343-9004-9be15dfd844c,server/model/players/Client.java,getOutStream
12acfc45-bdfb-4343-9004-9be15dfd844c,server/model/items/ItemAssistant.java,addItem,->,12acfc45-bdfb-4343-9004-9be15dfd844c,server/util/Stream.java,writeByte
12acfc45-bdfb-4343-9004-9be15dfd844c,server/model/items/ItemAssistant.java,addItem,->,12acfc45-bdfb-4343-9004-9be15dfd844c,server/model/players/Client.java,getOutStream
12acfc45-bdfb-4343-9004-9be15dfd844c,server/model/items/ItemAssistant.java,addItem,->,12acfc45-bdfb-4343-9004-9be15dfd844c,server/util/Stream.java,writeDWord
12acfc45-bdfb-4343-9004-9be15dfd844c,server/model/items/ItemAssistant.java,addItem,->,12acfc45-bdfb-4343-9004-9be15dfd844c,server/model/players/Client.java,getOutStream
12acfc45-bdfb-4343-9004-9be15dfd844c,server/model/items/ItemAssistant.java,addItem,->,12acfc45-bdfb-4343-9004-9be15dfd844c,server/util/Stream.java,writeByte
12acfc45-bdfb-4343-9004-9be15dfd844c,server/model/items/ItemAssistant.java,addItem,->,12acfc45-bdfb-4343-9004-9be15dfd844c,server/model/players/Client.java,getOutStream
12acfc45-bdfb-4343-9004-9be15dfd844c,server/model/items/ItemAssistant.java,addItem,->,12acfc45-bdfb-4343-9004-9be15dfd844c,server/util/Stream.java,endFrameVarSizeWord
12acfc45-bdfb-4343-9004-9be15dfd844c,server/model/items/ItemAssistant.java,addItem,->,12acfc45-bdfb-4343-9004-9be15dfd844c,server/model/players/Client.java,flushOutStream
12acfc45-bdfb-4343-9004-9be15dfd844c,server/model/items/ItemAssistant.java,addItem,->,12acfc45-bdfb-4343-9004-9be15dfd844c,server/model/players/Client.java,getItems
12acfc45-bdfb-4343-9004-9be15dfd844c,server/model/items/ItemAssistant.java,addItem,->,12acfc45-bdfb-4343-9004-9be15dfd844c,server/model/items/ItemAssistant.java,addItem
12acfc45-bdfb-4343-9004-9be15dfd844c,server/model/items/ItemAssistant.java,addItem,->,12acfc45-bdfb-4343-9004-9be15dfd844c,server/model/items/ItemAssistant.java,resetItems
12acfc45-bdfb-4343-9004-9be15dfd844c,server/model/items/ItemAssistant.java,addItem,->,12acfc45-bdfb-4343-9004-9be15dfd844c,server/model/items/ItemAssistant.java,resetItems
12acfc45-bdfb-4343-9004-9be15dfd844c,server/model/items/ItemAssistant.java,addItem,->,12acfc45-bdfb-4343-9004-9be15dfd844c,server/model/players/Client.java,sendMessage
12acfc45-bdfb-4343-9004-9be15dfd844c,server/model/items/ItemAssistant.java,sendWeapon,->,12acfc45-bdfb-4343-9004-9be15dfd844c,java/lang/String.java,replaceAll
12acfc45-bdfb-4343-9004-9be15dfd844c,server/model/items/ItemAssistant.java,sendWeapon,->,12acfc45-bdfb-4343-9004-9be15dfd844c,java/lang/String.java,replaceAll
12acfc45-bdfb-4343-9004-9be15dfd844c,server/model/items/ItemAssistant.java,sendWeapon,->,12acfc45-bdfb-4343-9004-9be15dfd844c,java/lang/String.java,replaceAll
12acfc45-bdfb-4343-9004-9be15dfd844c,server/model/items/ItemAssistant.java,sendWeapon,->,12acfc45-bdfb-4343-9004-9be15dfd844c,java/lang/String.java,replaceAll
12acfc45-bdfb-4343-9004-9be15dfd844c,server/model/items/ItemAssistant.java,sendWeapon,->,12acfc45-bdfb-4343-9004-9be15dfd844c,java/lang/String.java,replaceAll
12acfc45-bdfb-4343-9004-9be15dfd844c,server/model/items/ItemAssistant.java,sendWeapon,->,12acfc45-bdfb-4343-9004-9be15dfd844c,java/lang/String.java,replaceAll
12acfc45-bdfb-4343-9004-9be15dfd844c,server/model/items/ItemAssistant.java,sendWeapon,->,12acfc45-bdfb-4343-9004-9be15dfd844c,java/lang/String.java,replaceAll
12acfc45-bdfb-4343-9004-9be15dfd844c,server/model/items/ItemAssistant.java,sendWeapon,->,12acfc45-bdfb-4343-9004-9be15dfd844c,java/lang/String.java,replaceAll
12acfc45-bdfb-4343-9004-9be15dfd844c,server/model/items/ItemAssistant.java,sendWeapon,->,12acfc45-bdfb-4343-9004-9be15dfd844c,java/lang/String.java,replaceAll
12acfc45-bdfb-4343-9004-9be15dfd844c,server/model/items/ItemAssistant.java,sendWeapon,->,12acfc45-bdfb-4343-9004-9be15dfd844c,java/lang/String.java,replaceAll
12acfc45-bdfb-4343-9004-9be15dfd844c,server/model/items/ItemAssistant.java,sendWeapon,->,12acfc45-bdfb-4343-9004-9be15dfd844c,java/lang/String.java,replaceAll
12acfc45-bdfb-4343-9004-9be15dfd844c,server/model/items/ItemAssistant.java,sendWeapon,->,12acfc45-bdfb-4343-9004-9be15dfd844c,java/lang/String.java,trim
12acfc45-bdfb-4343-9004-9be15dfd844c,server/model/items/ItemAssistant.java,sendWeapon,->,12acfc45-bdfb-4343-9004-9be15dfd844c,java/lang/String.java,equals
12acfc45-bdfb-4343-9004-9be15dfd844c,server/model/items/ItemAssistant.java,sendWeapon,->,12acfc45-bdfb-4343-9004-9be15dfd844c,server/model/players/Client.java,setSidebarInterface
12acfc45-bdfb-4343-9004-9be15dfd844c,server/model/items/ItemAssistant.java,sendWeapon,->,12acfc45-bdfb-4343-9004-9be15dfd844c,server/model/players/Client.java,getPA
12acfc45-bdfb-4343-9004-9be15dfd844c,server/model/items/ItemAssistant.java,sendWeapon,->,12acfc45-bdfb-4343-9004-9be15dfd844c,991eb2a8-284a-4290-ae08-f54cf8834706,609517a1-3a8b-4bd9-8623-3cae47c33a17
12acfc45-bdfb-4343-9004-9be15dfd844c,server/model/items/ItemAssistant.java,sendWeapon,->,12acfc45-bdfb-4343-9004-9be15dfd844c,java/lang/String.java,endsWith
12acfc45-bdfb-4343-9004-9be15dfd844c,server/model/items/ItemAssistant.java,sendWeapon,->,12acfc45-bdfb-4343-9004-9be15dfd844c,server/model/players/Client.java,setSidebarInterface
12acfc45-bdfb-4343-9004-9be15dfd844c,server/model/items/ItemAssistant.java,sendWeapon,->,12acfc45-bdfb-4343-9004-9be15dfd844c,server/model/players/Client.java,getPA
12acfc45-bdfb-4343-9004-9be15dfd844c,server/model/items/ItemAssistant.java,sendWeapon,->,12acfc45-bdfb-4343-9004-9be15dfd844c,991eb2a8-284a-4290-ae08-f54cf8834706,45af8ce2-073f-4550-b281-9a9492802196
12acfc45-bdfb-4343-9004-9be15dfd844c,server/model/items/ItemAssistant.java,sendWeapon,->,12acfc45-bdfb-4343-9004-9be15dfd844c,server/model/players/Client.java,getPA
12acfc45-bdfb-4343-9004-9be15dfd844c,server/model/items/ItemAssistant.java,sendWeapon,->,12acfc45-bdfb-4343-9004-9be15dfd844c,991eb2a8-284a-4290-ae08-f54cf8834706,609517a1-3a8b-4bd9-8623-3cae47c33a17
12acfc45-bdfb-4343-9004-9be15dfd844c,server/model/items/ItemAssistant.java,sendWeapon,->,12acfc45-bdfb-4343-9004-9be15dfd844c,java/lang/String.java,endsWith
12acfc45-bdfb-4343-9004-9be15dfd844c,server/model/items/ItemAssistant.java,sendWeapon,->,12acfc45-bdfb-4343-9004-9be15dfd844c,java/lang/String.java,endsWith
12acfc45-bdfb-4343-9004-9be15dfd844c,server/model/items/ItemAssistant.java,sendWeapon,->,12acfc45-bdfb-4343-9004-9be15dfd844c,java/lang/String.java,endsWith
12acfc45-bdfb-4343-9004-9be15dfd844c,server/model/items/ItemAssistant.java,sendWeapon,->,12acfc45-bdfb-4343-9004-9be15dfd844c,java/lang/String.java,startsWith
12acfc45-bdfb-4343-9004-9be15dfd844c,server/model/items/ItemAssistant.java,sendWeapon,->,12acfc45-bdfb-4343-9004-9be15dfd844c,server/model/players/Client.java,setSidebarInterface
12acfc45-bdfb-4343-9004-9be15dfd844c,server/model/items/ItemAssistant.java,sendWeapon,->,12acfc45-bdfb-4343-9004-9be15dfd844c,server/model/players/Client.java,getPA
12acfc45-bdfb-4343-9004-9be15dfd844c,server/model/items/ItemAssistant.java,sendWeapon,->,12acfc45-bdfb-4343-9004-9be15dfd844c,991eb2a8-284a-4290-ae08-f54cf8834706,45af8ce2-073f-4550-b281-9a9492802196
12acfc45-bdfb-4343-9004-9be15dfd844c,server/model/items/ItemAssistant.java,sendWeapon,->,12acfc45-bdfb-4343-9004-9be15dfd844c,server/model/players/Client.java,getPA
12acfc45-bdfb-4343-9004-9be15dfd844c,server/model/items/ItemAssistant.java,sendWeapon,->,12acfc45-bdfb-4343-9004-9be15dfd844c,991eb2a8-284a-4290-ae08-f54cf8834706,609517a1-3a8b-4bd9-8623-3cae47c33a17
12acfc45-bdfb-4343-9004-9be15dfd844c,server/model/items/ItemAssistant.java,sendWeapon,->,12acfc45-bdfb-4343-9004-9be15dfd844c,java/lang/String.java,startsWith
12acfc45-bdfb-4343-9004-9be15dfd844c,server/model/items/ItemAssistant.java,sendWeapon,->,12acfc45-bdfb-4343-9004-9be15dfd844c,java/lang/String.java,endsWith
12acfc45-bdfb-4343-9004-9be15dfd844c,server/model/items/ItemAssistant.java,sendWeapon,->,12acfc45-bdfb-4343-9004-9be15dfd844c,java/lang/String.java,endsWith
12acfc45-bdfb-4343-9004-9be15dfd844c,server/model/items/ItemAssistant.java,sendWeapon,->,12acfc45-bdfb-4343-9004-9be15dfd844c,server/model/players/Client.java,setSidebarInterface
12acfc45-bdfb-4343-9004-9be15dfd844c,server/model/items/ItemAssistant.java,sendWeapon,->,12acfc45-bdfb-4343-9004-9be15dfd844c,server/model/players/Client.java,getPA
12acfc45-bdfb-4343-9004-9be15dfd844c,server/model/items/ItemAssistant.java,sendWeapon,->,12acfc45-bdfb-4343-9004-9be15dfd844c,991eb2a8-284a-4290-ae08-f54cf8834706,45af8ce2-073f-4550-b281-9a9492802196
12acfc45-bdfb-4343-9004-9be15dfd844c,server/model/items/ItemAssistant.java,sendWeapon,->,12acfc45-bdfb-4343-9004-9be15dfd844c,server/model/players/Client.java,getPA
12acfc45-bdfb-4343-9004-9be15dfd844c,server/model/items/ItemAssistant.java,sendWeapon,->,12acfc45-bdfb-4343-9004-9be15dfd844c,991eb2a8-284a-4290-ae08-f54cf8834706,609517a1-3a8b-4bd9-8623-3cae47c33a17
12acfc45-bdfb-4343-9004-9be15dfd844c,server/model/items/ItemAssistant.java,sendWeapon,->,12acfc45-bdfb-4343-9004-9be15dfd844c,java/lang/String.java,startsWith
12acfc45-bdfb-4343-9004-9be15dfd844c,server/model/items/ItemAssistant.java,sendWeapon,->,12acfc45-bdfb-4343-9004-9be15dfd844c,java/lang/String.java,startsWith
12acfc45-bdfb-4343-9004-9be15dfd844c,server/model/items/ItemAssistant.java,sendWeapon,->,12acfc45-bdfb-4343-9004-9be15dfd844c,java/lang/String.java,startsWith
12acfc45-bdfb-4343-9004-9be15dfd844c,server/model/items/ItemAssistant.java,sendWeapon,->,12acfc45-bdfb-4343-9004-9be15dfd844c,java/lang/String.java,equalsIgnoreCase
12acfc45-bdfb-4343-9004-9be15dfd844c,server/model/items/ItemAssistant.java,sendWeapon,->,12acfc45-bdfb-4343-9004-9be15dfd844c,server/model/players/Client.java,setSidebarInterface
12acfc45-bdfb-4343-9004-9be15dfd844c,server/model/items/ItemAssistant.java,sendWeapon,->,12acfc45-bdfb-4343-9004-9be15dfd844c,server/model/players/Client.java,getPA
12acfc45-bdfb-4343-9004-9be15dfd844c,server/model/items/ItemAssistant.java,sendWeapon,->,12acfc45-bdfb-4343-9004-9be15dfd844c,991eb2a8-284a-4290-ae08-f54cf8834706,45af8ce2-073f-4550-b281-9a9492802196
12acfc45-bdfb-4343-9004-9be15dfd844c,server/model/items/ItemAssistant.java,sendWeapon,->,12acfc45-bdfb-4343-9004-9be15dfd844c,server/model/players/Client.java,getPA
12acfc45-bdfb-4343-9004-9be15dfd844c,server/model/items/ItemAssistant.java,sendWeapon,->,12acfc45-bdfb-4343-9004-9be15dfd844c,991eb2a8-284a-4290-ae08-f54cf8834706,609517a1-3a8b-4bd9-8623-3cae47c33a17
12acfc45-bdfb-4343-9004-9be15dfd844c,server/model/items/ItemAssistant.java,sendWeapon,->,12acfc45-bdfb-4343-9004-9be15dfd844c,java/lang/String.java,startsWith
12acfc45-bdfb-4343-9004-9be15dfd844c,server/model/items/ItemAssistant.java,sendWeapon,->,12acfc45-bdfb-4343-9004-9be15dfd844c,java/lang/String.java,contains
12acfc45-bdfb-4343-9004-9be15dfd844c,server/model/items/ItemAssistant.java,sendWeapon,->,12acfc45-bdfb-4343-9004-9be15dfd844c,server/model/players/Client.java,setSidebarInterface
12acfc45-bdfb-4343-9004-9be15dfd844c,server/model/items/ItemAssistant.java,sendWeapon,->,12acfc45-bdfb-4343-9004-9be15dfd844c,server/model/players/Client.java,getPA
12acfc45-bdfb-4343-9004-9be15dfd844c,server/model/items/ItemAssistant.java,sendWeapon,->,12acfc45-bdfb-4343-9004-9be15dfd844c,991eb2a8-284a-4290-ae08-f54cf8834706,45af8ce2-073f-4550-b281-9a9492802196
12acfc45-bdfb-4343-9004-9be15dfd844c,server/model/items/ItemAssistant.java,sendWeapon,->,12acfc45-bdfb-4343-9004-9be15dfd844c,server/model/players/Client.java,getPA
12acfc45-bdfb-4343-9004-9be15dfd844c,server/model/items/ItemAssistant.java,sendWeapon,->,12acfc45-bdfb-4343-9004-9be15dfd844c,991eb2a8-284a-4290-ae08-f54cf8834706,609517a1-3a8b-4bd9-8623-3cae47c33a17
12acfc45-bdfb-4343-9004-9be15dfd844c,server/model/items/ItemAssistant.java,sendWeapon,->,12acfc45-bdfb-4343-9004-9be15dfd844c,java/lang/String.java,startsWith
12acfc45-bdfb-4343-9004-9be15dfd844c,server/model/items/ItemAssistant.java,sendWeapon,->,12acfc45-bdfb-4343-9004-9be15dfd844c,server/model/players/Client.java,setSidebarInterface
12acfc45-bdfb-4343-9004-9be15dfd844c,server/model/items/ItemAssistant.java,sendWeapon,->,12acfc45-bdfb-4343-9004-9be15dfd844c,server/model/players/Client.java,getPA
12acfc45-bdfb-4343-9004-9be15dfd844c,server/model/items/ItemAssistant.java,sendWeapon,->,12acfc45-bdfb-4343-9004-9be15dfd844c,991eb2a8-284a-4290-ae08-f54cf8834706,45af8ce2-073f-4550-b281-9a9492802196
12acfc45-bdfb-4343-9004-9be15dfd844c,server/model/items/ItemAssistant.java,sendWeapon,->,12acfc45-bdfb-4343-9004-9be15dfd844c,server/model/players/Client.java,getPA
12acfc45-bdfb-4343-9004-9be15dfd844c,server/model/items/ItemAssistant.java,sendWeapon,->,12acfc45-bdfb-4343-9004-9be15dfd844c,991eb2a8-284a-4290-ae08-f54cf8834706,609517a1-3a8b-4bd9-8623-3cae47c33a17
12acfc45-bdfb-4343-9004-9be15dfd844c,server/model/items/ItemAssistant.java,sendWeapon,->,12acfc45-bdfb-4343-9004-9be15dfd844c,java/lang/String.java,startsWith
12acfc45-bdfb-4343-9004-9be15dfd844c,server/model/items/ItemAssistant.java,sendWeapon,->,12acfc45-bdfb-4343-9004-9be15dfd844c,java/lang/String.java,startsWith
12acfc45-bdfb-4343-9004-9be15dfd844c,server/model/items/ItemAssistant.java,sendWeapon,->,12acfc45-bdfb-4343-9004-9be15dfd844c,server/model/players/Client.java,setSidebarInterface
12acfc45-bdfb-4343-9004-9be15dfd844c,server/model/items/ItemAssistant.java,sendWeapon,->,12acfc45-bdfb-4343-9004-9be15dfd844c,server/model/players/Client.java,getPA
12acfc45-bdfb-4343-9004-9be15dfd844c,server/model/items/ItemAssistant.java,sendWeapon,->,12acfc45-bdfb-4343-9004-9be15dfd844c,991eb2a8-284a-4290-ae08-f54cf8834706,45af8ce2-073f-4550-b281-9a9492802196
12acfc45-bdfb-4343-9004-9be15dfd844c,server/model/items/ItemAssistant.java,sendWeapon,->,12acfc45-bdfb-4343-9004-9be15dfd844c,server/model/players/Client.java,getPA
12acfc45-bdfb-4343-9004-9be15dfd844c,server/model/items/ItemAssistant.java,sendWeapon,->,12acfc45-bdfb-4343-9004-9be15dfd844c,991eb2a8-284a-4290-ae08-f54cf8834706,609517a1-3a8b-4bd9-8623-3cae47c33a17
12acfc45-bdfb-4343-9004-9be15dfd844c,server/model/items/ItemAssistant.java,sendWeapon,->,12acfc45-bdfb-4343-9004-9be15dfd844c,java/lang/String.java,startsWith
12acfc45-bdfb-4343-9004-9be15dfd844c,server/model/items/ItemAssistant.java,sendWeapon,->,12acfc45-bdfb-4343-9004-9be15dfd844c,server/model/players/Client.java,setSidebarInterface
12acfc45-bdfb-4343-9004-9be15dfd844c,server/model/items/ItemAssistant.java,sendWeapon,->,12acfc45-bdfb-4343-9004-9be15dfd844c,server/model/players/Client.java,getPA
12acfc45-bdfb-4343-9004-9be15dfd844c,server/model/items/ItemAssistant.java,sendWeapon,->,12acfc45-bdfb-4343-9004-9be15dfd844c,991eb2a8-284a-4290-ae08-f54cf8834706,45af8ce2-073f-4550-b281-9a9492802196
12acfc45-bdfb-4343-9004-9be15dfd844c,server/model/items/ItemAssistant.java,sendWeapon,->,12acfc45-bdfb-4343-9004-9be15dfd844c,server/model/players/Client.java,getPA
12acfc45-bdfb-4343-9004-9be15dfd844c,server/model/items/ItemAssistant.java,sendWeapon,->,12acfc45-bdfb-4343-9004-9be15dfd844c,991eb2a8-284a-4290-ae08-f54cf8834706,609517a1-3a8b-4bd9-8623-3cae47c33a17
12acfc45-bdfb-4343-9004-9be15dfd844c,server/model/items/ItemAssistant.java,sendWeapon,->,12acfc45-bdfb-4343-9004-9be15dfd844c,java/lang/String.java,startsWith
12acfc45-bdfb-4343-9004-9be15dfd844c,server/model/items/ItemAssistant.java,sendWeapon,->,12acfc45-bdfb-4343-9004-9be15dfd844c,server/model/players/Client.java,setSidebarInterface
12acfc45-bdfb-4343-9004-9be15dfd844c,server/model/items/ItemAssistant.java,sendWeapon,->,12acfc45-bdfb-4343-9004-9be15dfd844c,server/model/players/Client.java,getPA
12acfc45-bdfb-4343-9004-9be15dfd844c,server/model/items/ItemAssistant.java,sendWeapon,->,12acfc45-bdfb-4343-9004-9be15dfd844c,991eb2a8-284a-4290-ae08-f54cf8834706,45af8ce2-073f-4550-b281-9a9492802196
12acfc45-bdfb-4343-9004-9be15dfd844c,server/model/items/ItemAssistant.java,sendWeapon,->,12acfc45-bdfb-4343-9004-9be15dfd844c,server/model/players/Client.java,getPA
12acfc45-bdfb-4343-9004-9be15dfd844c,server/model/items/ItemAssistant.java,sendWeapon,->,12acfc45-bdfb-4343-9004-9be15dfd844c,991eb2a8-284a-4290-ae08-f54cf8834706,609517a1-3a8b-4bd9-8623-3cae47c33a17
12acfc45-bdfb-4343-9004-9be15dfd844c,server/model/items/ItemAssistant.java,sendWeapon,->,12acfc45-bdfb-4343-9004-9be15dfd844c,java/lang/String.java,startsWith
12acfc45-bdfb-4343-9004-9be15dfd844c,server/model/items/ItemAssistant.java,sendWeapon,->,12acfc45-bdfb-4343-9004-9be15dfd844c,server/model/players/Client.java,setSidebarInterface
12acfc45-bdfb-4343-9004-9be15dfd844c,server/model/items/ItemAssistant.java,sendWeapon,->,12acfc45-bdfb-4343-9004-9be15dfd844c,server/model/players/Client.java,getPA
12acfc45-bdfb-4343-9004-9be15dfd844c,server/model/items/ItemAssistant.java,sendWeapon,->,12acfc45-bdfb-4343-9004-9be15dfd844c,991eb2a8-284a-4290-ae08-f54cf8834706,45af8ce2-073f-4550-b281-9a9492802196
12acfc45-bdfb-4343-9004-9be15dfd844c,server/model/items/ItemAssistant.java,sendWeapon,->,12acfc45-bdfb-4343-9004-9be15dfd844c,server/model/players/Client.java,getPA
12acfc45-bdfb-4343-9004-9be15dfd844c,server/model/items/ItemAssistant.java,sendWeapon,->,12acfc45-bdfb-4343-9004-9be15dfd844c,991eb2a8-284a-4290-ae08-f54cf8834706,609517a1-3a8b-4bd9-8623-3cae47c33a17
12acfc45-bdfb-4343-9004-9be15dfd844c,server/model/items/ItemAssistant.java,sendWeapon,->,12acfc45-bdfb-4343-9004-9be15dfd844c,java/lang/String.java,toLowerCase
12acfc45-bdfb-4343-9004-9be15dfd844c,server/model/items/ItemAssistant.java,sendWeapon,->,12acfc45-bdfb-4343-9004-9be15dfd844c,java/lang/String.java,contains
12acfc45-bdfb-4343-9004-9be15dfd844c,server/model/items/ItemAssistant.java,sendWeapon,->,12acfc45-bdfb-4343-9004-9be15dfd844c,server/model/players/Client.java,setSidebarInterface
12acfc45-bdfb-4343-9004-9be15dfd844c,server/model/items/ItemAssistant.java,sendWeapon,->,12acfc45-bdfb-4343-9004-9be15dfd844c,server/model/players/Client.java,getPA
12acfc45-bdfb-4343-9004-9be15dfd844c,server/model/items/ItemAssistant.java,sendWeapon,->,12acfc45-bdfb-4343-9004-9be15dfd844c,991eb2a8-284a-4290-ae08-f54cf8834706,45af8ce2-073f-4550-b281-9a9492802196
12acfc45-bdfb-4343-9004-9be15dfd844c,server/model/items/ItemAssistant.java,sendWeapon,->,12acfc45-bdfb-4343-9004-9be15dfd844c,server/model/players/Client.java,getPA
12acfc45-bdfb-4343-9004-9be15dfd844c,server/model/items/ItemAssistant.java,sendWeapon,->,12acfc45-bdfb-4343-9004-9be15dfd844c,991eb2a8-284a-4290-ae08-f54cf8834706,609517a1-3a8b-4bd9-8623-3cae47c33a17
12acfc45-bdfb-4343-9004-9be15dfd844c,server/model/items/ItemAssistant.java,sendWeapon,->,12acfc45-bdfb-4343-9004-9be15dfd844c,server/model/players/Client.java,setSidebarInterface
12acfc45-bdfb-4343-9004-9be15dfd844c,server/model/items/ItemAssistant.java,sendWeapon,->,12acfc45-bdfb-4343-9004-9be15dfd844c,server/model/players/Client.java,getPA
12acfc45-bdfb-4343-9004-9be15dfd844c,server/model/items/ItemAssistant.java,sendWeapon,->,12acfc45-bdfb-4343-9004-9be15dfd844c,991eb2a8-284a-4290-ae08-f54cf8834706,45af8ce2-073f-4550-b281-9a9492802196
12acfc45-bdfb-4343-9004-9be15dfd844c,server/model/items/ItemAssistant.java,sendWeapon,->,12acfc45-bdfb-4343-9004-9be15dfd844c,server/model/players/Client.java,getPA
12acfc45-bdfb-4343-9004-9be15dfd844c,server/model/items/ItemAssistant.java,sendWeapon,->,12acfc45-bdfb-4343-9004-9be15dfd844c,991eb2a8-284a-4290-ae08-f54cf8834706,609517a1-3a8b-4bd9-8623-3cae47c33a17
12acfc45-bdfb-4343-9004-9be15dfd844c,server/model/items/ItemAssistant.java,sendWeapon,->,12acfc45-bdfb-4343-9004-9be15dfd844c,server/model/players/Client.java,setSidebarInterface
12acfc45-bdfb-4343-9004-9be15dfd844c,server/model/items/ItemAssistant.java,sendWeapon,->,12acfc45-bdfb-4343-9004-9be15dfd844c,server/model/players/Client.java,getPA
12acfc45-bdfb-4343-9004-9be15dfd844c,server/model/items/ItemAssistant.java,sendWeapon,->,12acfc45-bdfb-4343-9004-9be15dfd844c,991eb2a8-284a-4290-ae08-f54cf8834706,45af8ce2-073f-4550-b281-9a9492802196
12acfc45-bdfb-4343-9004-9be15dfd844c,server/model/items/ItemAssistant.java,sendWeapon,->,12acfc45-bdfb-4343-9004-9be15dfd844c,server/model/players/Client.java,getPA
12acfc45-bdfb-4343-9004-9be15dfd844c,server/model/items/ItemAssistant.java,sendWeapon,->,12acfc45-bdfb-4343-9004-9be15dfd844c,991eb2a8-284a-4290-ae08-f54cf8834706,609517a1-3a8b-4bd9-8623-3cae47c33a17
12acfc45-bdfb-4343-9004-9be15dfd844c,server/model/items/ItemAssistant.java,getRequirements,->,12acfc45-bdfb-4343-9004-9be15dfd844c,java/lang/String.java,contains
12acfc45-bdfb-4343-9004-9be15dfd844c,server/model/items/ItemAssistant.java,getRequirements,->,12acfc45-bdfb-4343-9004-9be15dfd844c,java/lang/String.java,contains
12acfc45-bdfb-4343-9004-9be15dfd844c,server/model/items/ItemAssistant.java,getRequirements,->,12acfc45-bdfb-4343-9004-9be15dfd844c,java/lang/String.java,contains
12acfc45-bdfb-4343-9004-9be15dfd844c,server/model/items/ItemAssistant.java,getRequirements,->,12acfc45-bdfb-4343-9004-9be15dfd844c,java/lang/String.java,contains
12acfc45-bdfb-4343-9004-9be15dfd844c,server/model/items/ItemAssistant.java,getRequirements,->,12acfc45-bdfb-4343-9004-9be15dfd844c,java/lang/String.java,contains
12acfc45-bdfb-4343-9004-9be15dfd844c,server/model/items/ItemAssistant.java,getRequirements,->,12acfc45-bdfb-4343-9004-9be15dfd844c,java/lang/String.java,contains
12acfc45-bdfb-4343-9004-9be15dfd844c,server/model/items/ItemAssistant.java,getRequirements,->,12acfc45-bdfb-4343-9004-9be15dfd844c,java/lang/String.java,contains
12acfc45-bdfb-4343-9004-9be15dfd844c,server/model/items/ItemAssistant.java,getRequirements,->,12acfc45-bdfb-4343-9004-9be15dfd844c,java/lang/String.java,contains
12acfc45-bdfb-4343-9004-9be15dfd844c,server/model/items/ItemAssistant.java,getRequirements,->,12acfc45-bdfb-4343-9004-9be15dfd844c,java/lang/String.java,contains
12acfc45-bdfb-4343-9004-9be15dfd844c,server/model/items/ItemAssistant.java,getRequirements,->,12acfc45-bdfb-4343-9004-9be15dfd844c,java/lang/String.java,contains
12acfc45-bdfb-4343-9004-9be15dfd844c,server/model/items/ItemAssistant.java,getRequirements,->,12acfc45-bdfb-4343-9004-9be15dfd844c,java/lang/String.java,contains
12acfc45-bdfb-4343-9004-9be15dfd844c,server/model/items/ItemAssistant.java,getRequirements,->,12acfc45-bdfb-4343-9004-9be15dfd844c,java/lang/String.java,contains
12acfc45-bdfb-4343-9004-9be15dfd844c,server/model/items/ItemAssistant.java,getRequirements,->,12acfc45-bdfb-4343-9004-9be15dfd844c,java/lang/String.java,contains
12acfc45-bdfb-4343-9004-9be15dfd844c,server/model/items/ItemAssistant.java,getRequirements,->,12acfc45-bdfb-4343-9004-9be15dfd844c,java/lang/String.java,contains
12acfc45-bdfb-4343-9004-9be15dfd844c,server/model/items/ItemAssistant.java,getRequirements,->,12acfc45-bdfb-4343-9004-9be15dfd844c,java/lang/String.java,contains
12acfc45-bdfb-4343-9004-9be15dfd844c,server/model/items/ItemAssistant.java,getRequirements,->,12acfc45-bdfb-4343-9004-9be15dfd844c,java/lang/String.java,contains
12acfc45-bdfb-4343-9004-9be15dfd844c,server/model/items/ItemAssistant.java,getRequirements,->,12acfc45-bdfb-4343-9004-9be15dfd844c,java/lang/String.java,contains
12acfc45-bdfb-4343-9004-9be15dfd844c,server/model/items/ItemAssistant.java,getRequirements,->,12acfc45-bdfb-4343-9004-9be15dfd844c,java/lang/String.java,contains
12acfc45-bdfb-4343-9004-9be15dfd844c,server/model/items/ItemAssistant.java,getRequirements,->,12acfc45-bdfb-4343-9004-9be15dfd844c,java/lang/String.java,contains
12acfc45-bdfb-4343-9004-9be15dfd844c,server/model/items/ItemAssistant.java,getRequirements,->,12acfc45-bdfb-4343-9004-9be15dfd844c,java/lang/String.java,contains
12acfc45-bdfb-4343-9004-9be15dfd844c,server/model/items/ItemAssistant.java,getRequirements,->,12acfc45-bdfb-4343-9004-9be15dfd844c,java/lang/String.java,contains
12acfc45-bdfb-4343-9004-9be15dfd844c,server/model/items/ItemAssistant.java,getRequirements,->,12acfc45-bdfb-4343-9004-9be15dfd844c,java/lang/String.java,contains
12acfc45-bdfb-4343-9004-9be15dfd844c,server/model/items/ItemAssistant.java,getRequirements,->,12acfc45-bdfb-4343-9004-9be15dfd844c,java/lang/String.java,contains
12acfc45-bdfb-4343-9004-9be15dfd844c,server/model/items/ItemAssistant.java,getRequirements,->,12acfc45-bdfb-4343-9004-9be15dfd844c,java/lang/String.java,contains
12acfc45-bdfb-4343-9004-9be15dfd844c,server/model/items/ItemAssistant.java,getRequirements,->,12acfc45-bdfb-4343-9004-9be15dfd844c,java/lang/String.java,contains
12acfc45-bdfb-4343-9004-9be15dfd844c,server/model/items/ItemAssistant.java,getRequirements,->,12acfc45-bdfb-4343-9004-9be15dfd844c,java/lang/String.java,contains
12acfc45-bdfb-4343-9004-9be15dfd844c,server/model/items/ItemAssistant.java,getRequirements,->,12acfc45-bdfb-4343-9004-9be15dfd844c,java/lang/String.java,contains
12acfc45-bdfb-4343-9004-9be15dfd844c,server/model/items/ItemAssistant.java,getRequirements,->,12acfc45-bdfb-4343-9004-9be15dfd844c,java/lang/String.java,contains
12acfc45-bdfb-4343-9004-9be15dfd844c,server/model/items/ItemAssistant.java,getRequirements,->,12acfc45-bdfb-4343-9004-9be15dfd844c,java/lang/String.java,contains
12acfc45-bdfb-4343-9004-9be15dfd844c,server/model/items/ItemAssistant.java,getRequirements,->,12acfc45-bdfb-4343-9004-9be15dfd844c,java/lang/String.java,contains
12acfc45-bdfb-4343-9004-9be15dfd844c,server/model/items/ItemAssistant.java,getRequirements,->,12acfc45-bdfb-4343-9004-9be15dfd844c,java/lang/String.java,contains
12acfc45-bdfb-4343-9004-9be15dfd844c,server/model/items/ItemAssistant.java,getRequirements,->,12acfc45-bdfb-4343-9004-9be15dfd844c,java/lang/String.java,contains
12acfc45-bdfb-4343-9004-9be15dfd844c,server/model/items/ItemAssistant.java,getRequirements,->,12acfc45-bdfb-4343-9004-9be15dfd844c,java/lang/String.java,contains
12acfc45-bdfb-4343-9004-9be15dfd844c,server/model/items/ItemAssistant.java,getRequirements,->,12acfc45-bdfb-4343-9004-9be15dfd844c,java/lang/String.java,contains
12acfc45-bdfb-4343-9004-9be15dfd844c,server/model/items/ItemAssistant.java,getRequirements,->,12acfc45-bdfb-4343-9004-9be15dfd844c,java/lang/String.java,contains
12acfc45-bdfb-4343-9004-9be15dfd844c,server/model/items/ItemAssistant.java,getRequirements,->,12acfc45-bdfb-4343-9004-9be15dfd844c,java/lang/String.java,contains
12acfc45-bdfb-4343-9004-9be15dfd844c,server/model/items/ItemAssistant.java,getRequirements,->,12acfc45-bdfb-4343-9004-9be15dfd844c,java/lang/String.java,contains
12acfc45-bdfb-4343-9004-9be15dfd844c,server/model/items/ItemAssistant.java,getRequirements,->,12acfc45-bdfb-4343-9004-9be15dfd844c,java/lang/String.java,contains
12acfc45-bdfb-4343-9004-9be15dfd844c,server/model/items/ItemAssistant.java,getRequirements,->,12acfc45-bdfb-4343-9004-9be15dfd844c,java/lang/String.java,contains
12acfc45-bdfb-4343-9004-9be15dfd844c,server/model/items/ItemAssistant.java,getRequirements,->,12acfc45-bdfb-4343-9004-9be15dfd844c,java/lang/String.java,contains
12acfc45-bdfb-4343-9004-9be15dfd844c,server/model/items/ItemAssistant.java,getRequirements,->,12acfc45-bdfb-4343-9004-9be15dfd844c,java/lang/String.java,contains
12acfc45-bdfb-4343-9004-9be15dfd844c,server/model/items/ItemAssistant.java,getRequirements,->,12acfc45-bdfb-4343-9004-9be15dfd844c,java/lang/String.java,contains
12acfc45-bdfb-4343-9004-9be15dfd844c,server/model/items/ItemAssistant.java,getRequirements,->,12acfc45-bdfb-4343-9004-9be15dfd844c,java/lang/String.java,contains
12acfc45-bdfb-4343-9004-9be15dfd844c,server/model/items/ItemAssistant.java,getRequirements,->,12acfc45-bdfb-4343-9004-9be15dfd844c,java/lang/String.java,contains
12acfc45-bdfb-4343-9004-9be15dfd844c,server/model/items/ItemAssistant.java,getRequirements,->,12acfc45-bdfb-4343-9004-9be15dfd844c,java/lang/String.java,contains
12acfc45-bdfb-4343-9004-9be15dfd844c,server/model/items/ItemAssistant.java,getRequirements,->,12acfc45-bdfb-4343-9004-9be15dfd844c,java/lang/String.java,contains
12acfc45-bdfb-4343-9004-9be15dfd844c,server/model/items/ItemAssistant.java,getRequirements,->,12acfc45-bdfb-4343-9004-9be15dfd844c,java/lang/String.java,contains
12acfc45-bdfb-4343-9004-9be15dfd844c,server/model/items/ItemAssistant.java,getRequirements,->,12acfc45-bdfb-4343-9004-9be15dfd844c,java/lang/String.java,contains
12acfc45-bdfb-4343-9004-9be15dfd844c,server/model/items/ItemAssistant.java,getRequirements,->,12acfc45-bdfb-4343-9004-9be15dfd844c,java/lang/String.java,contains
12acfc45-bdfb-4343-9004-9be15dfd844c,server/model/items/ItemAssistant.java,getRequirements,->,12acfc45-bdfb-4343-9004-9be15dfd844c,java/lang/String.java,contains
12acfc45-bdfb-4343-9004-9be15dfd844c,server/model/items/ItemAssistant.java,getRequirements,->,12acfc45-bdfb-4343-9004-9be15dfd844c,java/lang/String.java,contains
12acfc45-bdfb-4343-9004-9be15dfd844c,server/model/items/ItemAssistant.java,getRequirements,->,12acfc45-bdfb-4343-9004-9be15dfd844c,java/lang/String.java,contains
12acfc45-bdfb-4343-9004-9be15dfd844c,server/model/items/ItemAssistant.java,getRequirements,->,12acfc45-bdfb-4343-9004-9be15dfd844c,java/lang/String.java,contains
12acfc45-bdfb-4343-9004-9be15dfd844c,server/model/items/ItemAssistant.java,getRequirements,->,12acfc45-bdfb-4343-9004-9be15dfd844c,java/lang/String.java,contains
12acfc45-bdfb-4343-9004-9be15dfd844c,server/model/items/ItemAssistant.java,getRequirements,->,12acfc45-bdfb-4343-9004-9be15dfd844c,java/lang/String.java,contains
12acfc45-bdfb-4343-9004-9be15dfd844c,server/model/items/ItemAssistant.java,getRequirements,->,12acfc45-bdfb-4343-9004-9be15dfd844c,java/lang/String.java,contains
12acfc45-bdfb-4343-9004-9be15dfd844c,server/model/items/ItemAssistant.java,getRequirements,->,12acfc45-bdfb-4343-9004-9be15dfd844c,java/lang/String.java,contains
12acfc45-bdfb-4343-9004-9be15dfd844c,server/model/items/ItemAssistant.java,getRequirements,->,12acfc45-bdfb-4343-9004-9be15dfd844c,java/lang/String.java,contains
12acfc45-bdfb-4343-9004-9be15dfd844c,server/model/items/ItemAssistant.java,getRequirements,->,12acfc45-bdfb-4343-9004-9be15dfd844c,java/lang/String.java,contains
12acfc45-bdfb-4343-9004-9be15dfd844c,server/model/items/ItemAssistant.java,getRequirements,->,12acfc45-bdfb-4343-9004-9be15dfd844c,java/lang/String.java,contains
12acfc45-bdfb-4343-9004-9be15dfd844c,server/model/items/ItemAssistant.java,getRequirements,->,12acfc45-bdfb-4343-9004-9be15dfd844c,java/lang/String.java,contains
12acfc45-bdfb-4343-9004-9be15dfd844c,server/model/items/ItemAssistant.java,getRequirements,->,12acfc45-bdfb-4343-9004-9be15dfd844c,java/lang/String.java,contains
12acfc45-bdfb-4343-9004-9be15dfd844c,server/model/items/ItemAssistant.java,getRequirements,->,12acfc45-bdfb-4343-9004-9be15dfd844c,java/lang/String.java,contains
12acfc45-bdfb-4343-9004-9be15dfd844c,server/model/items/ItemAssistant.java,getRequirements,->,12acfc45-bdfb-4343-9004-9be15dfd844c,java/lang/String.java,contains
12acfc45-bdfb-4343-9004-9be15dfd844c,server/model/items/ItemAssistant.java,getRequirements,->,12acfc45-bdfb-4343-9004-9be15dfd844c,java/lang/String.java,contains
12acfc45-bdfb-4343-9004-9be15dfd844c,server/model/items/ItemAssistant.java,getRequirements,->,12acfc45-bdfb-4343-9004-9be15dfd844c,java/lang/String.java,contains
12acfc45-bdfb-4343-9004-9be15dfd844c,server/model/items/ItemAssistant.java,getRequirements,->,12acfc45-bdfb-4343-9004-9be15dfd844c,java/lang/String.java,contains
12acfc45-bdfb-4343-9004-9be15dfd844c,server/model/items/ItemAssistant.java,getRequirements,->,12acfc45-bdfb-4343-9004-9be15dfd844c,java/lang/String.java,contains
12acfc45-bdfb-4343-9004-9be15dfd844c,server/model/items/ItemAssistant.java,getRequirements,->,12acfc45-bdfb-4343-9004-9be15dfd844c,java/lang/String.java,contains
12acfc45-bdfb-4343-9004-9be15dfd844c,server/model/items/ItemAssistant.java,getRequirements,->,12acfc45-bdfb-4343-9004-9be15dfd844c,java/lang/String.java,contains
12acfc45-bdfb-4343-9004-9be15dfd844c,server/model/items/ItemAssistant.java,getRequirements,->,12acfc45-bdfb-4343-9004-9be15dfd844c,java/lang/String.java,contains
12acfc45-bdfb-4343-9004-9be15dfd844c,server/model/items/ItemAssistant.java,getRequirements,->,12acfc45-bdfb-4343-9004-9be15dfd844c,java/lang/String.java,contains
12acfc45-bdfb-4343-9004-9be15dfd844c,server/model/items/ItemAssistant.java,getRequirements,->,12acfc45-bdfb-4343-9004-9be15dfd844c,java/lang/String.java,contains
12acfc45-bdfb-4343-9004-9be15dfd844c,server/model/items/ItemAssistant.java,getRequirements,->,12acfc45-bdfb-4343-9004-9be15dfd844c,java/lang/String.java,contains
12acfc45-bdfb-4343-9004-9be15dfd844c,server/model/items/ItemAssistant.java,getRequirements,->,12acfc45-bdfb-4343-9004-9be15dfd844c,java/lang/String.java,contains
12acfc45-bdfb-4343-9004-9be15dfd844c,server/model/items/ItemAssistant.java,getRequirements,->,12acfc45-bdfb-4343-9004-9be15dfd844c,java/lang/String.java,contains
12acfc45-bdfb-4343-9004-9be15dfd844c,server/model/items/ItemAssistant.java,is2handed,->,12acfc45-bdfb-4343-9004-9be15dfd844c,java/lang/String.java,contains
12acfc45-bdfb-4343-9004-9be15dfd844c,server/model/items/ItemAssistant.java,is2handed,->,12acfc45-bdfb-4343-9004-9be15dfd844c,java/lang/String.java,contains
12acfc45-bdfb-4343-9004-9be15dfd844c,server/model/items/ItemAssistant.java,is2handed,->,12acfc45-bdfb-4343-9004-9be15dfd844c,java/lang/String.java,contains
12acfc45-bdfb-4343-9004-9be15dfd844c,server/model/items/ItemAssistant.java,is2handed,->,12acfc45-bdfb-4343-9004-9be15dfd844c,java/lang/String.java,contains
12acfc45-bdfb-4343-9004-9be15dfd844c,server/model/items/ItemAssistant.java,is2handed,->,12acfc45-bdfb-4343-9004-9be15dfd844c,java/lang/String.java,contains
12acfc45-bdfb-4343-9004-9be15dfd844c,server/model/items/ItemAssistant.java,is2handed,->,12acfc45-bdfb-4343-9004-9be15dfd844c,java/lang/String.java,contains
12acfc45-bdfb-4343-9004-9be15dfd844c,server/model/items/ItemAssistant.java,is2handed,->,12acfc45-bdfb-4343-9004-9be15dfd844c,java/lang/String.java,contains
12acfc45-bdfb-4343-9004-9be15dfd844c,server/model/items/ItemAssistant.java,is2handed,->,12acfc45-bdfb-4343-9004-9be15dfd844c,java/lang/String.java,contains
12acfc45-bdfb-4343-9004-9be15dfd844c,server/model/items/ItemAssistant.java,is2handed,->,12acfc45-bdfb-4343-9004-9be15dfd844c,java/lang/String.java,contains
12acfc45-bdfb-4343-9004-9be15dfd844c,server/model/items/ItemAssistant.java,is2handed,->,12acfc45-bdfb-4343-9004-9be15dfd844c,java/lang/String.java,contains
12acfc45-bdfb-4343-9004-9be15dfd844c,server/model/items/ItemAssistant.java,is2handed,->,12acfc45-bdfb-4343-9004-9be15dfd844c,java/lang/String.java,contains
12acfc45-bdfb-4343-9004-9be15dfd844c,server/model/items/ItemAssistant.java,is2handed,->,12acfc45-bdfb-4343-9004-9be15dfd844c,java/lang/String.java,contains
12acfc45-bdfb-4343-9004-9be15dfd844c,server/model/items/ItemAssistant.java,is2handed,->,12acfc45-bdfb-4343-9004-9be15dfd844c,java/lang/String.java,contains
12acfc45-bdfb-4343-9004-9be15dfd844c,server/model/items/ItemAssistant.java,is2handed,->,12acfc45-bdfb-4343-9004-9be15dfd844c,java/lang/String.java,contains
12acfc45-bdfb-4343-9004-9be15dfd844c,server/model/items/ItemAssistant.java,addSpecialBar,->,12acfc45-bdfb-4343-9004-9be15dfd844c,server/model/players/Client.java,getPA
12acfc45-bdfb-4343-9004-9be15dfd844c,server/model/items/ItemAssistant.java,addSpecialBar,->,12acfc45-bdfb-4343-9004-9be15dfd844c,991eb2a8-284a-4290-ae08-f54cf8834706,03dbb9db-820c-4143-9ac6-cf6781a7422a
12acfc45-bdfb-4343-9004-9be15dfd844c,server/model/items/ItemAssistant.java,addSpecialBar,->,12acfc45-bdfb-4343-9004-9be15dfd844c,server/model/items/ItemAssistant.java,specialAmount
12acfc45-bdfb-4343-9004-9be15dfd844c,server/model/items/ItemAssistant.java,addSpecialBar,->,12acfc45-bdfb-4343-9004-9be15dfd844c,server/model/players/Client.java,getPA
12acfc45-bdfb-4343-9004-9be15dfd844c,server/model/items/ItemAssistant.java,addSpecialBar,->,12acfc45-bdfb-4343-9004-9be15dfd844c,991eb2a8-284a-4290-ae08-f54cf8834706,03dbb9db-820c-4143-9ac6-cf6781a7422a
12acfc45-bdfb-4343-9004-9be15dfd844c,server/model/items/ItemAssistant.java,addSpecialBar,->,12acfc45-bdfb-4343-9004-9be15dfd844c,server/model/items/ItemAssistant.java,specialAmount
12acfc45-bdfb-4343-9004-9be15dfd844c,server/model/items/ItemAssistant.java,addSpecialBar,->,12acfc45-bdfb-4343-9004-9be15dfd844c,server/model/players/Client.java,getPA
12acfc45-bdfb-4343-9004-9be15dfd844c,server/model/items/ItemAssistant.java,addSpecialBar,->,12acfc45-bdfb-4343-9004-9be15dfd844c,991eb2a8-284a-4290-ae08-f54cf8834706,03dbb9db-820c-4143-9ac6-cf6781a7422a
12acfc45-bdfb-4343-9004-9be15dfd844c,server/model/items/ItemAssistant.java,addSpecialBar,->,12acfc45-bdfb-4343-9004-9be15dfd844c,server/model/items/ItemAssistant.java,specialAmount
12acfc45-bdfb-4343-9004-9be15dfd844c,server/model/items/ItemAssistant.java,addSpecialBar,->,12acfc45-bdfb-4343-9004-9be15dfd844c,server/model/players/Client.java,getPA
12acfc45-bdfb-4343-9004-9be15dfd844c,server/model/items/ItemAssistant.java,addSpecialBar,->,12acfc45-bdfb-4343-9004-9be15dfd844c,991eb2a8-284a-4290-ae08-f54cf8834706,03dbb9db-820c-4143-9ac6-cf6781a7422a
12acfc45-bdfb-4343-9004-9be15dfd844c,server/model/items/ItemAssistant.java,addSpecialBar,->,12acfc45-bdfb-4343-9004-9be15dfd844c,server/model/items/ItemAssistant.java,specialAmount
12acfc45-bdfb-4343-9004-9be15dfd844c,server/model/items/ItemAssistant.java,addSpecialBar,->,12acfc45-bdfb-4343-9004-9be15dfd844c,server/model/players/Client.java,getPA
12acfc45-bdfb-4343-9004-9be15dfd844c,server/model/items/ItemAssistant.java,addSpecialBar,->,12acfc45-bdfb-4343-9004-9be15dfd844c,991eb2a8-284a-4290-ae08-f54cf8834706,03dbb9db-820c-4143-9ac6-cf6781a7422a
12acfc45-bdfb-4343-9004-9be15dfd844c,server/model/items/ItemAssistant.java,addSpecialBar,->,12acfc45-bdfb-4343-9004-9be15dfd844c,server/model/items/ItemAssistant.java,specialAmount
12acfc45-bdfb-4343-9004-9be15dfd844c,server/model/items/ItemAssistant.java,addSpecialBar,->,12acfc45-bdfb-4343-9004-9be15dfd844c,server/model/players/Client.java,getPA
12acfc45-bdfb-4343-9004-9be15dfd844c,server/model/items/ItemAssistant.java,addSpecialBar,->,12acfc45-bdfb-4343-9004-9be15dfd844c,991eb2a8-284a-4290-ae08-f54cf8834706,03dbb9db-820c-4143-9ac6-cf6781a7422a
12acfc45-bdfb-4343-9004-9be15dfd844c,server/model/items/ItemAssistant.java,addSpecialBar,->,12acfc45-bdfb-4343-9004-9be15dfd844c,server/model/items/ItemAssistant.java,specialAmount
12acfc45-bdfb-4343-9004-9be15dfd844c,server/model/items/ItemAssistant.java,addSpecialBar,->,12acfc45-bdfb-4343-9004-9be15dfd844c,server/model/players/Client.java,getPA
12acfc45-bdfb-4343-9004-9be15dfd844c,server/model/items/ItemAssistant.java,addSpecialBar,->,12acfc45-bdfb-4343-9004-9be15dfd844c,991eb2a8-284a-4290-ae08-f54cf8834706,03dbb9db-820c-4143-9ac6-cf6781a7422a
12acfc45-bdfb-4343-9004-9be15dfd844c,server/model/items/ItemAssistant.java,addSpecialBar,->,12acfc45-bdfb-4343-9004-9be15dfd844c,server/model/items/ItemAssistant.java,specialAmount
12acfc45-bdfb-4343-9004-9be15dfd844c,server/model/items/ItemAssistant.java,addSpecialBar,->,12acfc45-bdfb-4343-9004-9be15dfd844c,server/model/players/Client.java,getPA
12acfc45-bdfb-4343-9004-9be15dfd844c,server/model/items/ItemAssistant.java,addSpecialBar,->,12acfc45-bdfb-4343-9004-9be15dfd844c,991eb2a8-284a-4290-ae08-f54cf8834706,03dbb9db-820c-4143-9ac6-cf6781a7422a
12acfc45-bdfb-4343-9004-9be15dfd844c,server/model/items/ItemAssistant.java,addSpecialBar,->,12acfc45-bdfb-4343-9004-9be15dfd844c,server/model/items/ItemAssistant.java,specialAmount
12acfc45-bdfb-4343-9004-9be15dfd844c,server/model/items/ItemAssistant.java,addSpecialBar,->,12acfc45-bdfb-4343-9004-9be15dfd844c,server/model/players/Client.java,getPA
12acfc45-bdfb-4343-9004-9be15dfd844c,server/model/items/ItemAssistant.java,addSpecialBar,->,12acfc45-bdfb-4343-9004-9be15dfd844c,991eb2a8-284a-4290-ae08-f54cf8834706,03dbb9db-820c-4143-9ac6-cf6781a7422a
12acfc45-bdfb-4343-9004-9be15dfd844c,server/model/items/ItemAssistant.java,addSpecialBar,->,12acfc45-bdfb-4343-9004-9be15dfd844c,server/model/items/ItemAssistant.java,specialAmount
12acfc45-bdfb-4343-9004-9be15dfd844c,server/model/items/ItemAssistant.java,addSpecialBar,->,12acfc45-bdfb-4343-9004-9be15dfd844c,server/model/players/Client.java,getPA
12acfc45-bdfb-4343-9004-9be15dfd844c,server/model/items/ItemAssistant.java,addSpecialBar,->,12acfc45-bdfb-4343-9004-9be15dfd844c,991eb2a8-284a-4290-ae08-f54cf8834706,03dbb9db-820c-4143-9ac6-cf6781a7422a
12acfc45-bdfb-4343-9004-9be15dfd844c,server/model/items/ItemAssistant.java,addSpecialBar,->,12acfc45-bdfb-4343-9004-9be15dfd844c,server/model/players/Client.java,getPA
12acfc45-bdfb-4343-9004-9be15dfd844c,server/model/items/ItemAssistant.java,addSpecialBar,->,12acfc45-bdfb-4343-9004-9be15dfd844c,991eb2a8-284a-4290-ae08-f54cf8834706,03dbb9db-820c-4143-9ac6-cf6781a7422a
12acfc45-bdfb-4343-9004-9be15dfd844c,server/model/items/ItemAssistant.java,addSpecialBar,->,12acfc45-bdfb-4343-9004-9be15dfd844c,server/model/players/Client.java,getPA
12acfc45-bdfb-4343-9004-9be15dfd844c,server/model/items/ItemAssistant.java,addSpecialBar,->,12acfc45-bdfb-4343-9004-9be15dfd844c,991eb2a8-284a-4290-ae08-f54cf8834706,03dbb9db-820c-4143-9ac6-cf6781a7422a
12acfc45-bdfb-4343-9004-9be15dfd844c,server/model/items/ItemAssistant.java,addSpecialBar,->,12acfc45-bdfb-4343-9004-9be15dfd844c,server/model/players/Client.java,getPA
12acfc45-bdfb-4343-9004-9be15dfd844c,server/model/items/ItemAssistant.java,addSpecialBar,->,12acfc45-bdfb-4343-9004-9be15dfd844c,991eb2a8-284a-4290-ae08-f54cf8834706,03dbb9db-820c-4143-9ac6-cf6781a7422a
12acfc45-bdfb-4343-9004-9be15dfd844c,server/model/items/ItemAssistant.java,addSpecialBar,->,12acfc45-bdfb-4343-9004-9be15dfd844c,server/model/players/Client.java,getPA
12acfc45-bdfb-4343-9004-9be15dfd844c,server/model/items/ItemAssistant.java,addSpecialBar,->,12acfc45-bdfb-4343-9004-9be15dfd844c,991eb2a8-284a-4290-ae08-f54cf8834706,03dbb9db-820c-4143-9ac6-cf6781a7422a
12acfc45-bdfb-4343-9004-9be15dfd844c,server/model/items/ItemAssistant.java,addSpecialBar,->,12acfc45-bdfb-4343-9004-9be15dfd844c,server/model/players/Client.java,getPA
12acfc45-bdfb-4343-9004-9be15dfd844c,server/model/items/ItemAssistant.java,addSpecialBar,->,12acfc45-bdfb-4343-9004-9be15dfd844c,991eb2a8-284a-4290-ae08-f54cf8834706,03dbb9db-820c-4143-9ac6-cf6781a7422a
12acfc45-bdfb-4343-9004-9be15dfd844c,server/model/items/ItemAssistant.java,addSpecialBar,->,12acfc45-bdfb-4343-9004-9be15dfd844c,server/model/players/Client.java,getPA
12acfc45-bdfb-4343-9004-9be15dfd844c,server/model/items/ItemAssistant.java,addSpecialBar,->,12acfc45-bdfb-4343-9004-9be15dfd844c,991eb2a8-284a-4290-ae08-f54cf8834706,03dbb9db-820c-4143-9ac6-cf6781a7422a
12acfc45-bdfb-4343-9004-9be15dfd844c,server/model/items/ItemAssistant.java,addSpecialBar,->,12acfc45-bdfb-4343-9004-9be15dfd844c,server/model/players/Client.java,getPA
12acfc45-bdfb-4343-9004-9be15dfd844c,server/model/items/ItemAssistant.java,addSpecialBar,->,12acfc45-bdfb-4343-9004-9be15dfd844c,991eb2a8-284a-4290-ae08-f54cf8834706,03dbb9db-820c-4143-9ac6-cf6781a7422a
12acfc45-bdfb-4343-9004-9be15dfd844c,server/model/items/ItemAssistant.java,specialAmount,->,12acfc45-bdfb-4343-9004-9be15dfd844c,server/model/players/Client.java,getPA
12acfc45-bdfb-4343-9004-9be15dfd844c,server/model/items/ItemAssistant.java,specialAmount,->,12acfc45-bdfb-4343-9004-9be15dfd844c,991eb2a8-284a-4290-ae08-f54cf8834706,60156e61-b069-4e56-8dcf-bd770ff83936
12acfc45-bdfb-4343-9004-9be15dfd844c,server/model/items/ItemAssistant.java,specialAmount,->,12acfc45-bdfb-4343-9004-9be15dfd844c,server/model/players/Client.java,getPA
12acfc45-bdfb-4343-9004-9be15dfd844c,server/model/items/ItemAssistant.java,specialAmount,->,12acfc45-bdfb-4343-9004-9be15dfd844c,991eb2a8-284a-4290-ae08-f54cf8834706,60156e61-b069-4e56-8dcf-bd770ff83936
12acfc45-bdfb-4343-9004-9be15dfd844c,server/model/items/ItemAssistant.java,specialAmount,->,12acfc45-bdfb-4343-9004-9be15dfd844c,server/model/players/Client.java,getPA
12acfc45-bdfb-4343-9004-9be15dfd844c,server/model/items/ItemAssistant.java,specialAmount,->,12acfc45-bdfb-4343-9004-9be15dfd844c,991eb2a8-284a-4290-ae08-f54cf8834706,60156e61-b069-4e56-8dcf-bd770ff83936
12acfc45-bdfb-4343-9004-9be15dfd844c,server/model/items/ItemAssistant.java,specialAmount,->,12acfc45-bdfb-4343-9004-9be15dfd844c,server/model/players/Client.java,getPA
12acfc45-bdfb-4343-9004-9be15dfd844c,server/model/items/ItemAssistant.java,specialAmount,->,12acfc45-bdfb-4343-9004-9be15dfd844c,991eb2a8-284a-4290-ae08-f54cf8834706,60156e61-b069-4e56-8dcf-bd770ff83936
12acfc45-bdfb-4343-9004-9be15dfd844c,server/model/items/ItemAssistant.java,specialAmount,->,12acfc45-bdfb-4343-9004-9be15dfd844c,server/model/players/Client.java,getPA
12acfc45-bdfb-4343-9004-9be15dfd844c,server/model/items/ItemAssistant.java,specialAmount,->,12acfc45-bdfb-4343-9004-9be15dfd844c,991eb2a8-284a-4290-ae08-f54cf8834706,60156e61-b069-4e56-8dcf-bd770ff83936
12acfc45-bdfb-4343-9004-9be15dfd844c,server/model/items/ItemAssistant.java,specialAmount,->,12acfc45-bdfb-4343-9004-9be15dfd844c,server/model/players/Client.java,getPA
12acfc45-bdfb-4343-9004-9be15dfd844c,server/model/items/ItemAssistant.java,specialAmount,->,12acfc45-bdfb-4343-9004-9be15dfd844c,991eb2a8-284a-4290-ae08-f54cf8834706,60156e61-b069-4e56-8dcf-bd770ff83936
12acfc45-bdfb-4343-9004-9be15dfd844c,server/model/items/ItemAssistant.java,specialAmount,->,12acfc45-bdfb-4343-9004-9be15dfd844c,server/model/players/Client.java,getPA
12acfc45-bdfb-4343-9004-9be15dfd844c,server/model/items/ItemAssistant.java,specialAmount,->,12acfc45-bdfb-4343-9004-9be15dfd844c,991eb2a8-284a-4290-ae08-f54cf8834706,60156e61-b069-4e56-8dcf-bd770ff83936
12acfc45-bdfb-4343-9004-9be15dfd844c,server/model/items/ItemAssistant.java,specialAmount,->,12acfc45-bdfb-4343-9004-9be15dfd844c,server/model/players/Client.java,getPA
12acfc45-bdfb-4343-9004-9be15dfd844c,server/model/items/ItemAssistant.java,specialAmount,->,12acfc45-bdfb-4343-9004-9be15dfd844c,991eb2a8-284a-4290-ae08-f54cf8834706,60156e61-b069-4e56-8dcf-bd770ff83936
12acfc45-bdfb-4343-9004-9be15dfd844c,server/model/items/ItemAssistant.java,specialAmount,->,12acfc45-bdfb-4343-9004-9be15dfd844c,server/model/players/Client.java,getPA
12acfc45-bdfb-4343-9004-9be15dfd844c,server/model/items/ItemAssistant.java,specialAmount,->,12acfc45-bdfb-4343-9004-9be15dfd844c,991eb2a8-284a-4290-ae08-f54cf8834706,60156e61-b069-4e56-8dcf-bd770ff83936
12acfc45-bdfb-4343-9004-9be15dfd844c,server/model/items/ItemAssistant.java,specialAmount,->,12acfc45-bdfb-4343-9004-9be15dfd844c,server/model/players/Client.java,getPA
12acfc45-bdfb-4343-9004-9be15dfd844c,server/model/items/ItemAssistant.java,specialAmount,->,12acfc45-bdfb-4343-9004-9be15dfd844c,991eb2a8-284a-4290-ae08-f54cf8834706,60156e61-b069-4e56-8dcf-bd770ff83936
12acfc45-bdfb-4343-9004-9be15dfd844c,server/model/items/ItemAssistant.java,specialAmount,->,12acfc45-bdfb-4343-9004-9be15dfd844c,server/model/items/ItemAssistant.java,updateSpecialBar
12acfc45-bdfb-4343-9004-9be15dfd844c,server/model/items/ItemAssistant.java,specialAmount,->,12acfc45-bdfb-4343-9004-9be15dfd844c,server/model/items/ItemAssistant.java,getItemName
12acfc45-bdfb-4343-9004-9be15dfd844c,server/model/items/ItemAssistant.java,specialAmount,->,12acfc45-bdfb-4343-9004-9be15dfd844c,server/model/items/ItemAssistant.java,sendWeapon
12acfc45-bdfb-4343-9004-9be15dfd844c,server/model/items/ItemAssistant.java,updateSpecialBar,->,12acfc45-bdfb-4343-9004-9be15dfd844c,server/model/players/Client.java,getPA
12acfc45-bdfb-4343-9004-9be15dfd844c,server/model/items/ItemAssistant.java,updateSpecialBar,->,12acfc45-bdfb-4343-9004-9be15dfd844c,java/lang/StringBuilder.java,append
12acfc45-bdfb-4343-9004-9be15dfd844c,server/model/items/ItemAssistant.java,updateSpecialBar,->,12acfc45-bdfb-4343-9004-9be15dfd844c,java/lang/StringBuilder.java,append
12acfc45-bdfb-4343-9004-9be15dfd844c,server/model/items/ItemAssistant.java,updateSpecialBar,->,12acfc45-bdfb-4343-9004-9be15dfd844c,java/lang/StringBuilder.java,append
12acfc45-bdfb-4343-9004-9be15dfd844c,server/model/items/ItemAssistant.java,updateSpecialBar,->,12acfc45-bdfb-4343-9004-9be15dfd844c,java/lang/StringBuilder.java,append
12acfc45-bdfb-4343-9004-9be15dfd844c,server/model/items/ItemAssistant.java,updateSpecialBar,->,12acfc45-bdfb-4343-9004-9be15dfd844c,java/lang/StringBuilder.java,append
12acfc45-bdfb-4343-9004-9be15dfd844c,server/model/items/ItemAssistant.java,updateSpecialBar,->,12acfc45-bdfb-4343-9004-9be15dfd844c,java/lang/StringBuilder.java,append
12acfc45-bdfb-4343-9004-9be15dfd844c,server/model/items/ItemAssistant.java,updateSpecialBar,->,12acfc45-bdfb-4343-9004-9be15dfd844c,java/lang/StringBuilder.java,append
12acfc45-bdfb-4343-9004-9be15dfd844c,server/model/items/ItemAssistant.java,updateSpecialBar,->,12acfc45-bdfb-4343-9004-9be15dfd844c,java/lang/StringBuilder.java,append
12acfc45-bdfb-4343-9004-9be15dfd844c,server/model/items/ItemAssistant.java,updateSpecialBar,->,12acfc45-bdfb-4343-9004-9be15dfd844c,java/lang/StringBuilder.java,append
12acfc45-bdfb-4343-9004-9be15dfd844c,server/model/items/ItemAssistant.java,updateSpecialBar,->,12acfc45-bdfb-4343-9004-9be15dfd844c,java/lang/StringBuilder.java,append
12acfc45-bdfb-4343-9004-9be15dfd844c,server/model/items/ItemAssistant.java,updateSpecialBar,->,12acfc45-bdfb-4343-9004-9be15dfd844c,java/lang/StringBuilder.java,append
12acfc45-bdfb-4343-9004-9be15dfd844c,server/model/items/ItemAssistant.java,updateSpecialBar,->,12acfc45-bdfb-4343-9004-9be15dfd844c,java/lang/StringBuilder.java,append
12acfc45-bdfb-4343-9004-9be15dfd844c,server/model/items/ItemAssistant.java,updateSpecialBar,->,12acfc45-bdfb-4343-9004-9be15dfd844c,java/lang/StringBuilder.java,append
12acfc45-bdfb-4343-9004-9be15dfd844c,server/model/items/ItemAssistant.java,updateSpecialBar,->,12acfc45-bdfb-4343-9004-9be15dfd844c,java/lang/StringBuilder.java,append
12acfc45-bdfb-4343-9004-9be15dfd844c,server/model/items/ItemAssistant.java,updateSpecialBar,->,12acfc45-bdfb-4343-9004-9be15dfd844c,java/lang/StringBuilder.java,append
12acfc45-bdfb-4343-9004-9be15dfd844c,server/model/items/ItemAssistant.java,updateSpecialBar,->,12acfc45-bdfb-4343-9004-9be15dfd844c,java/lang/StringBuilder.java,append
12acfc45-bdfb-4343-9004-9be15dfd844c,server/model/items/ItemAssistant.java,updateSpecialBar,->,12acfc45-bdfb-4343-9004-9be15dfd844c,java/lang/StringBuilder.java,append
12acfc45-bdfb-4343-9004-9be15dfd844c,server/model/items/ItemAssistant.java,updateSpecialBar,->,12acfc45-bdfb-4343-9004-9be15dfd844c,java/lang/StringBuilder.java,append
12acfc45-bdfb-4343-9004-9be15dfd844c,server/model/items/ItemAssistant.java,updateSpecialBar,->,12acfc45-bdfb-4343-9004-9be15dfd844c,java/lang/StringBuilder.java,toString
12acfc45-bdfb-4343-9004-9be15dfd844c,server/model/items/ItemAssistant.java,updateSpecialBar,->,12acfc45-bdfb-4343-9004-9be15dfd844c,991eb2a8-284a-4290-ae08-f54cf8834706,609517a1-3a8b-4bd9-8623-3cae47c33a17
12acfc45-bdfb-4343-9004-9be15dfd844c,server/model/items/ItemAssistant.java,updateSpecialBar,->,12acfc45-bdfb-4343-9004-9be15dfd844c,server/model/players/Client.java,getPA
12acfc45-bdfb-4343-9004-9be15dfd844c,server/model/items/ItemAssistant.java,updateSpecialBar,->,12acfc45-bdfb-4343-9004-9be15dfd844c,991eb2a8-284a-4290-ae08-f54cf8834706,609517a1-3a8b-4bd9-8623-3cae47c33a17
12acfc45-bdfb-4343-9004-9be15dfd844c,server/model/items/ItemAssistant.java,wearItem,->,12acfc45-bdfb-4343-9004-9be15dfd844c,server/model/items/ItemAssistant.java,getItemName
12acfc45-bdfb-4343-9004-9be15dfd844c,server/model/items/ItemAssistant.java,wearItem,->,12acfc45-bdfb-4343-9004-9be15dfd844c,java/lang/String.java,toLowerCase
12acfc45-bdfb-4343-9004-9be15dfd844c,server/model/items/ItemAssistant.java,wearItem,->,12acfc45-bdfb-4343-9004-9be15dfd844c,server/model/items/ItemAssistant.java,getRequirements
12acfc45-bdfb-4343-9004-9be15dfd844c,server/model/items/ItemAssistant.java,wearItem,->,12acfc45-bdfb-4343-9004-9be15dfd844c,server/model/items/ItemAssistant.java,itemType
12acfc45-bdfb-4343-9004-9be15dfd844c,server/model/items/ItemAssistant.java,wearItem,->,12acfc45-bdfb-4343-9004-9be15dfd844c,java/lang/String.java,equalsIgnoreCase
12acfc45-bdfb-4343-9004-9be15dfd844c,server/model/items/ItemAssistant.java,wearItem,->,12acfc45-bdfb-4343-9004-9be15dfd844c,server/model/items/ItemAssistant.java,itemType
12acfc45-bdfb-4343-9004-9be15dfd844c,server/model/items/ItemAssistant.java,wearItem,->,12acfc45-bdfb-4343-9004-9be15dfd844c,java/lang/String.java,equalsIgnoreCase
12acfc45-bdfb-4343-9004-9be15dfd844c,server/model/items/ItemAssistant.java,wearItem,->,12acfc45-bdfb-4343-9004-9be15dfd844c,server/model/items/ItemAssistant.java,itemType
12acfc45-bdfb-4343-9004-9be15dfd844c,server/model/items/ItemAssistant.java,wearItem,->,12acfc45-bdfb-4343-9004-9be15dfd844c,java/lang/String.java,equalsIgnoreCase
12acfc45-bdfb-4343-9004-9be15dfd844c,server/model/items/ItemAssistant.java,wearItem,->,12acfc45-bdfb-4343-9004-9be15dfd844c,server/model/items/ItemAssistant.java,itemType
12acfc45-bdfb-4343-9004-9be15dfd844c,server/model/items/ItemAssistant.java,wearItem,->,12acfc45-bdfb-4343-9004-9be15dfd844c,java/lang/String.java,equalsIgnoreCase
12acfc45-bdfb-4343-9004-9be15dfd844c,server/model/items/ItemAssistant.java,wearItem,->,12acfc45-bdfb-4343-9004-9be15dfd844c,server/model/items/ItemAssistant.java,itemType
12acfc45-bdfb-4343-9004-9be15dfd844c,server/model/items/ItemAssistant.java,wearItem,->,12acfc45-bdfb-4343-9004-9be15dfd844c,java/lang/String.java,equalsIgnoreCase
12acfc45-bdfb-4343-9004-9be15dfd844c,server/model/items/ItemAssistant.java,wearItem,->,12acfc45-bdfb-4343-9004-9be15dfd844c,server/model/items/ItemAssistant.java,itemType
12acfc45-bdfb-4343-9004-9be15dfd844c,server/model/items/ItemAssistant.java,wearItem,->,12acfc45-bdfb-4343-9004-9be15dfd844c,java/lang/String.java,equalsIgnoreCase
12acfc45-bdfb-4343-9004-9be15dfd844c,server/model/items/ItemAssistant.java,wearItem,->,12acfc45-bdfb-4343-9004-9be15dfd844c,server/model/items/ItemAssistant.java,itemType
12acfc45-bdfb-4343-9004-9be15dfd844c,server/model/items/ItemAssistant.java,wearItem,->,12acfc45-bdfb-4343-9004-9be15dfd844c,java/lang/String.java,equalsIgnoreCase
12acfc45-bdfb-4343-9004-9be15dfd844c,server/model/items/ItemAssistant.java,wearItem,->,12acfc45-bdfb-4343-9004-9be15dfd844c,server/model/items/ItemAssistant.java,itemType
12acfc45-bdfb-4343-9004-9be15dfd844c,server/model/items/ItemAssistant.java,wearItem,->,12acfc45-bdfb-4343-9004-9be15dfd844c,java/lang/String.java,equalsIgnoreCase
12acfc45-bdfb-4343-9004-9be15dfd844c,server/model/items/ItemAssistant.java,wearItem,->,12acfc45-bdfb-4343-9004-9be15dfd844c,server/model/items/ItemAssistant.java,itemType
12acfc45-bdfb-4343-9004-9be15dfd844c,server/model/items/ItemAssistant.java,wearItem,->,12acfc45-bdfb-4343-9004-9be15dfd844c,java/lang/String.java,equalsIgnoreCase
12acfc45-bdfb-4343-9004-9be15dfd844c,server/model/items/ItemAssistant.java,wearItem,->,12acfc45-bdfb-4343-9004-9be15dfd844c,server/model/items/ItemAssistant.java,itemType
12acfc45-bdfb-4343-9004-9be15dfd844c,server/model/items/ItemAssistant.java,wearItem,->,12acfc45-bdfb-4343-9004-9be15dfd844c,java/lang/String.java,equalsIgnoreCase
12acfc45-bdfb-4343-9004-9be15dfd844c,server/model/items/ItemAssistant.java,wearItem,->,12acfc45-bdfb-4343-9004-9be15dfd844c,server/model/players/Client.java,sendMessage
12acfc45-bdfb-4343-9004-9be15dfd844c,server/model/items/ItemAssistant.java,wearItem,->,12acfc45-bdfb-4343-9004-9be15dfd844c,server/model/players/Client.java,sendMessage
12acfc45-bdfb-4343-9004-9be15dfd844c,server/model/items/ItemAssistant.java,wearItem,->,12acfc45-bdfb-4343-9004-9be15dfd844c,server/model/players/Client.java,sendMessage
12acfc45-bdfb-4343-9004-9be15dfd844c,server/model/items/ItemAssistant.java,wearItem,->,12acfc45-bdfb-4343-9004-9be15dfd844c,server/model/players/Client.java,sendMessage
12acfc45-bdfb-4343-9004-9be15dfd844c,server/model/items/ItemAssistant.java,wearItem,->,12acfc45-bdfb-4343-9004-9be15dfd844c,server/model/players/Client.java,sendMessage
12acfc45-bdfb-4343-9004-9be15dfd844c,server/model/items/ItemAssistant.java,wearItem,->,12acfc45-bdfb-4343-9004-9be15dfd844c,server/model/items/ItemAssistant.java,getItemName
12acfc45-bdfb-4343-9004-9be15dfd844c,server/model/items/ItemAssistant.java,wearItem,->,12acfc45-bdfb-4343-9004-9be15dfd844c,java/lang/String.java,toLowerCase
12acfc45-bdfb-4343-9004-9be15dfd844c,server/model/items/ItemAssistant.java,wearItem,->,12acfc45-bdfb-4343-9004-9be15dfd844c,server/model/items/ItemAssistant.java,is2handed
12acfc45-bdfb-4343-9004-9be15dfd844c,server/model/items/ItemAssistant.java,wearItem,->,12acfc45-bdfb-4343-9004-9be15dfd844c,server/model/players/Client.java,sendMessage
12acfc45-bdfb-4343-9004-9be15dfd844c,server/model/items/ItemAssistant.java,wearItem,->,12acfc45-bdfb-4343-9004-9be15dfd844c,server/model/players/Client.java,sendMessage
12acfc45-bdfb-4343-9004-9be15dfd844c,server/model/items/ItemAssistant.java,wearItem,->,12acfc45-bdfb-4343-9004-9be15dfd844c,server/model/players/Client.java,sendMessage
12acfc45-bdfb-4343-9004-9be15dfd844c,server/model/items/ItemAssistant.java,wearItem,->,12acfc45-bdfb-4343-9004-9be15dfd844c,server/model/players/Client.java,sendMessage
12acfc45-bdfb-4343-9004-9be15dfd844c,server/model/items/ItemAssistant.java,wearItem,->,12acfc45-bdfb-4343-9004-9be15dfd844c,server/model/players/Client.java,sendMessage
12acfc45-bdfb-4343-9004-9be15dfd844c,server/model/items/ItemAssistant.java,wearItem,->,12acfc45-bdfb-4343-9004-9be15dfd844c,server/model/players/Client.java,sendMessage
12acfc45-bdfb-4343-9004-9be15dfd844c,server/model/items/ItemAssistant.java,wearItem,->,12acfc45-bdfb-4343-9004-9be15dfd844c,server/model/players/Client.java,getPA
12acfc45-bdfb-4343-9004-9be15dfd844c,server/model/items/ItemAssistant.java,wearItem,->,12acfc45-bdfb-4343-9004-9be15dfd844c,991eb2a8-284a-4290-ae08-f54cf8834706,26ef4ae0-57cb-4083-a56f-eaf4b81cb1ad
12acfc45-bdfb-4343-9004-9be15dfd844c,server/model/items/ItemAssistant.java,wearItem,->,12acfc45-bdfb-4343-9004-9be15dfd844c,java/lang/StringBuilder.java,append
12acfc45-bdfb-4343-9004-9be15dfd844c,server/model/items/ItemAssistant.java,wearItem,->,12acfc45-bdfb-4343-9004-9be15dfd844c,java/lang/StringBuilder.java,append
12acfc45-bdfb-4343-9004-9be15dfd844c,server/model/items/ItemAssistant.java,wearItem,->,12acfc45-bdfb-4343-9004-9be15dfd844c,java/lang/StringBuilder.java,append
12acfc45-bdfb-4343-9004-9be15dfd844c,server/model/items/ItemAssistant.java,wearItem,->,12acfc45-bdfb-4343-9004-9be15dfd844c,java/lang/StringBuilder.java,toString
12acfc45-bdfb-4343-9004-9be15dfd844c,server/model/items/ItemAssistant.java,wearItem,->,12acfc45-bdfb-4343-9004-9be15dfd844c,server/model/players/Client.java,sendMessage
12acfc45-bdfb-4343-9004-9be15dfd844c,server/model/items/ItemAssistant.java,wearItem,->,12acfc45-bdfb-4343-9004-9be15dfd844c,server/model/players/Client.java,getPA
12acfc45-bdfb-4343-9004-9be15dfd844c,server/model/items/ItemAssistant.java,wearItem,->,12acfc45-bdfb-4343-9004-9be15dfd844c,991eb2a8-284a-4290-ae08-f54cf8834706,26ef4ae0-57cb-4083-a56f-eaf4b81cb1ad
12acfc45-bdfb-4343-9004-9be15dfd844c,server/model/items/ItemAssistant.java,wearItem,->,12acfc45-bdfb-4343-9004-9be15dfd844c,java/lang/StringBuilder.java,append
12acfc45-bdfb-4343-9004-9be15dfd844c,server/model/items/ItemAssistant.java,wearItem,->,12acfc45-bdfb-4343-9004-9be15dfd844c,java/lang/StringBuilder.java,append
12acfc45-bdfb-4343-9004-9be15dfd844c,server/model/items/ItemAssistant.java,wearItem,->,12acfc45-bdfb-4343-9004-9be15dfd844c,java/lang/StringBuilder.java,append
12acfc45-bdfb-4343-9004-9be15dfd844c,server/model/items/ItemAssistant.java,wearItem,->,12acfc45-bdfb-4343-9004-9be15dfd844c,java/lang/StringBuilder.java,toString
12acfc45-bdfb-4343-9004-9be15dfd844c,server/model/items/ItemAssistant.java,wearItem,->,12acfc45-bdfb-4343-9004-9be15dfd844c,server/model/players/Client.java,sendMessage
12acfc45-bdfb-4343-9004-9be15dfd844c,server/model/items/ItemAssistant.java,wearItem,->,12acfc45-bdfb-4343-9004-9be15dfd844c,server/model/players/Client.java,getPA
12acfc45-bdfb-4343-9004-9be15dfd844c,server/model/items/ItemAssistant.java,wearItem,->,12acfc45-bdfb-4343-9004-9be15dfd844c,991eb2a8-284a-4290-ae08-f54cf8834706,26ef4ae0-57cb-4083-a56f-eaf4b81cb1ad
12acfc45-bdfb-4343-9004-9be15dfd844c,server/model/items/ItemAssistant.java,wearItem,->,12acfc45-bdfb-4343-9004-9be15dfd844c,java/lang/StringBuilder.java,append
12acfc45-bdfb-4343-9004-9be15dfd844c,server/model/items/ItemAssistant.java,wearItem,->,12acfc45-bdfb-4343-9004-9be15dfd844c,java/lang/StringBuilder.java,append
12acfc45-bdfb-4343-9004-9be15dfd844c,server/model/items/ItemAssistant.java,wearItem,->,12acfc45-bdfb-4343-9004-9be15dfd844c,java/lang/StringBuilder.java,append
12acfc45-bdfb-4343-9004-9be15dfd844c,server/model/items/ItemAssistant.java,wearItem,->,12acfc45-bdfb-4343-9004-9be15dfd844c,java/lang/StringBuilder.java,toString
12acfc45-bdfb-4343-9004-9be15dfd844c,server/model/items/ItemAssistant.java,wearItem,->,12acfc45-bdfb-4343-9004-9be15dfd844c,server/model/players/Client.java,sendMessage
12acfc45-bdfb-4343-9004-9be15dfd844c,server/model/items/ItemAssistant.java,wearItem,->,12acfc45-bdfb-4343-9004-9be15dfd844c,server/model/players/Client.java,getPA
12acfc45-bdfb-4343-9004-9be15dfd844c,server/model/items/ItemAssistant.java,wearItem,->,12acfc45-bdfb-4343-9004-9be15dfd844c,991eb2a8-284a-4290-ae08-f54cf8834706,26ef4ae0-57cb-4083-a56f-eaf4b81cb1ad
12acfc45-bdfb-4343-9004-9be15dfd844c,server/model/items/ItemAssistant.java,wearItem,->,12acfc45-bdfb-4343-9004-9be15dfd844c,java/lang/StringBuilder.java,append
12acfc45-bdfb-4343-9004-9be15dfd844c,server/model/items/ItemAssistant.java,wearItem,->,12acfc45-bdfb-4343-9004-9be15dfd844c,java/lang/StringBuilder.java,append
12acfc45-bdfb-4343-9004-9be15dfd844c,server/model/items/ItemAssistant.java,wearItem,->,12acfc45-bdfb-4343-9004-9be15dfd844c,java/lang/StringBuilder.java,append
12acfc45-bdfb-4343-9004-9be15dfd844c,server/model/items/ItemAssistant.java,wearItem,->,12acfc45-bdfb-4343-9004-9be15dfd844c,java/lang/StringBuilder.java,toString
12acfc45-bdfb-4343-9004-9be15dfd844c,server/model/items/ItemAssistant.java,wearItem,->,12acfc45-bdfb-4343-9004-9be15dfd844c,server/model/players/Client.java,sendMessage
12acfc45-bdfb-4343-9004-9be15dfd844c,server/model/items/ItemAssistant.java,wearItem,->,12acfc45-bdfb-4343-9004-9be15dfd844c,server/model/players/Client.java,getPA
12acfc45-bdfb-4343-9004-9be15dfd844c,server/model/items/ItemAssistant.java,wearItem,->,12acfc45-bdfb-4343-9004-9be15dfd844c,991eb2a8-284a-4290-ae08-f54cf8834706,26ef4ae0-57cb-4083-a56f-eaf4b81cb1ad
12acfc45-bdfb-4343-9004-9be15dfd844c,server/model/items/ItemAssistant.java,wearItem,->,12acfc45-bdfb-4343-9004-9be15dfd844c,java/lang/StringBuilder.java,append
12acfc45-bdfb-4343-9004-9be15dfd844c,server/model/items/ItemAssistant.java,wearItem,->,12acfc45-bdfb-4343-9004-9be15dfd844c,java/lang/StringBuilder.java,append
12acfc45-bdfb-4343-9004-9be15dfd844c,server/model/items/ItemAssistant.java,wearItem,->,12acfc45-bdfb-4343-9004-9be15dfd844c,java/lang/StringBuilder.java,append
12acfc45-bdfb-4343-9004-9be15dfd844c,server/model/items/ItemAssistant.java,wearItem,->,12acfc45-bdfb-4343-9004-9be15dfd844c,java/lang/StringBuilder.java,toString
12acfc45-bdfb-4343-9004-9be15dfd844c,server/model/items/ItemAssistant.java,wearItem,->,12acfc45-bdfb-4343-9004-9be15dfd844c,server/model/players/Client.java,sendMessage
12acfc45-bdfb-4343-9004-9be15dfd844c,server/model/items/ItemAssistant.java,wearItem,->,12acfc45-bdfb-4343-9004-9be15dfd844c,server/model/players/Client.java,getPA
12acfc45-bdfb-4343-9004-9be15dfd844c,server/model/items/ItemAssistant.java,wearItem,->,12acfc45-bdfb-4343-9004-9be15dfd844c,991eb2a8-284a-4290-ae08-f54cf8834706,26ef4ae0-57cb-4083-a56f-eaf4b81cb1ad
12acfc45-bdfb-4343-9004-9be15dfd844c,server/model/items/ItemAssistant.java,wearItem,->,12acfc45-bdfb-4343-9004-9be15dfd844c,java/lang/StringBuilder.java,append
12acfc45-bdfb-4343-9004-9be15dfd844c,server/model/items/ItemAssistant.java,wearItem,->,12acfc45-bdfb-4343-9004-9be15dfd844c,java/lang/StringBuilder.java,append
12acfc45-bdfb-4343-9004-9be15dfd844c,server/model/items/ItemAssistant.java,wearItem,->,12acfc45-bdfb-4343-9004-9be15dfd844c,java/lang/StringBuilder.java,append
12acfc45-bdfb-4343-9004-9be15dfd844c,server/model/items/ItemAssistant.java,wearItem,->,12acfc45-bdfb-4343-9004-9be15dfd844c,java/lang/StringBuilder.java,toString
12acfc45-bdfb-4343-9004-9be15dfd844c,server/model/items/ItemAssistant.java,wearItem,->,12acfc45-bdfb-4343-9004-9be15dfd844c,server/model/players/Client.java,sendMessage
12acfc45-bdfb-4343-9004-9be15dfd844c,server/model/items/ItemAssistant.java,wearItem,->,12acfc45-bdfb-4343-9004-9be15dfd844c,server/model/players/Client.java,getPA
12acfc45-bdfb-4343-9004-9be15dfd844c,server/model/items/ItemAssistant.java,wearItem,->,12acfc45-bdfb-4343-9004-9be15dfd844c,991eb2a8-284a-4290-ae08-f54cf8834706,27bd7aec-abd0-4844-9935-efefbf7019b2
12acfc45-bdfb-4343-9004-9be15dfd844c,server/model/items/ItemAssistant.java,wearItem,->,12acfc45-bdfb-4343-9004-9be15dfd844c,server/model/players/Client.java,sendMessage
12acfc45-bdfb-4343-9004-9be15dfd844c,server/model/items/ItemAssistant.java,wearItem,->,12acfc45-bdfb-4343-9004-9be15dfd844c,server/model/items/ItemAssistant.java,getItemSlot
12acfc45-bdfb-4343-9004-9be15dfd844c,server/model/items/ItemAssistant.java,wearItem,->,12acfc45-bdfb-4343-9004-9be15dfd844c,server/model/items/ItemAssistant.java,deleteItem
12acfc45-bdfb-4343-9004-9be15dfd844c,server/model/items/ItemAssistant.java,wearItem,->,12acfc45-bdfb-4343-9004-9be15dfd844c,server/model/items/ItemAssistant.java,getItemName
12acfc45-bdfb-4343-9004-9be15dfd844c,server/model/items/ItemAssistant.java,wearItem,->,12acfc45-bdfb-4343-9004-9be15dfd844c,java/lang/String.java,toLowerCase
12acfc45-bdfb-4343-9004-9be15dfd844c,server/model/items/ItemAssistant.java,wearItem,->,12acfc45-bdfb-4343-9004-9be15dfd844c,server/model/items/ItemAssistant.java,is2handed
12acfc45-bdfb-4343-9004-9be15dfd844c,server/model/items/ItemAssistant.java,wearItem,->,12acfc45-bdfb-4343-9004-9be15dfd844c,server/model/items/ItemAssistant.java,updateSlot
12acfc45-bdfb-4343-9004-9be15dfd844c,server/model/items/ItemAssistant.java,wearItem,->,12acfc45-bdfb-4343-9004-9be15dfd844c,server/model/items/ItemAssistant.java,getItemName
12acfc45-bdfb-4343-9004-9be15dfd844c,server/model/items/ItemAssistant.java,wearItem,->,12acfc45-bdfb-4343-9004-9be15dfd844c,java/lang/String.java,toLowerCase
12acfc45-bdfb-4343-9004-9be15dfd844c,server/model/items/ItemAssistant.java,wearItem,->,12acfc45-bdfb-4343-9004-9be15dfd844c,server/model/items/ItemAssistant.java,is2handed
12acfc45-bdfb-4343-9004-9be15dfd844c,server/model/items/ItemAssistant.java,wearItem,->,12acfc45-bdfb-4343-9004-9be15dfd844c,server/model/items/ItemAssistant.java,freeSlots
12acfc45-bdfb-4343-9004-9be15dfd844c,server/model/items/ItemAssistant.java,wearItem,->,12acfc45-bdfb-4343-9004-9be15dfd844c,server/model/items/ItemAssistant.java,removeItem
12acfc45-bdfb-4343-9004-9be15dfd844c,server/model/items/ItemAssistant.java,wearItem,->,12acfc45-bdfb-4343-9004-9be15dfd844c,server/model/players/Client.java,sendMessage
12acfc45-bdfb-4343-9004-9be15dfd844c,server/model/items/ItemAssistant.java,wearItem,->,12acfc45-bdfb-4343-9004-9be15dfd844c,server/model/items/ItemAssistant.java,updateSlot
12acfc45-bdfb-4343-9004-9be15dfd844c,server/model/items/ItemAssistant.java,wearItem,->,12acfc45-bdfb-4343-9004-9be15dfd844c,server/model/items/ItemAssistant.java,resetItems
12acfc45-bdfb-4343-9004-9be15dfd844c,server/model/items/ItemAssistant.java,wearItem,->,12acfc45-bdfb-4343-9004-9be15dfd844c,server/model/items/ItemAssistant.java,addSpecialBar
12acfc45-bdfb-4343-9004-9be15dfd844c,server/model/items/ItemAssistant.java,wearItem,->,12acfc45-bdfb-4343-9004-9be15dfd844c,server/model/players/Client.java,getOutStream
12acfc45-bdfb-4343-9004-9be15dfd844c,server/model/items/ItemAssistant.java,wearItem,->,12acfc45-bdfb-4343-9004-9be15dfd844c,server/model/players/Client.java,getOutStream
12acfc45-bdfb-4343-9004-9be15dfd844c,server/model/items/ItemAssistant.java,wearItem,->,12acfc45-bdfb-4343-9004-9be15dfd844c,server/util/Stream.java,createFrameVarSizeWord
12acfc45-bdfb-4343-9004-9be15dfd844c,server/model/items/ItemAssistant.java,wearItem,->,12acfc45-bdfb-4343-9004-9be15dfd844c,server/model/players/Client.java,getOutStream
12acfc45-bdfb-4343-9004-9be15dfd844c,server/model/items/ItemAssistant.java,wearItem,->,12acfc45-bdfb-4343-9004-9be15dfd844c,server/util/Stream.java,writeWord
12acfc45-bdfb-4343-9004-9be15dfd844c,server/model/items/ItemAssistant.java,wearItem,->,12acfc45-bdfb-4343-9004-9be15dfd844c,server/model/players/Client.java,getOutStream
12acfc45-bdfb-4343-9004-9be15dfd844c,server/model/items/ItemAssistant.java,wearItem,->,12acfc45-bdfb-4343-9004-9be15dfd844c,server/util/Stream.java,writeByte
12acfc45-bdfb-4343-9004-9be15dfd844c,server/model/items/ItemAssistant.java,wearItem,->,12acfc45-bdfb-4343-9004-9be15dfd844c,server/model/players/Client.java,getOutStream
12acfc45-bdfb-4343-9004-9be15dfd844c,server/model/items/ItemAssistant.java,wearItem,->,12acfc45-bdfb-4343-9004-9be15dfd844c,server/util/Stream.java,writeWord
12acfc45-bdfb-4343-9004-9be15dfd844c,server/model/items/ItemAssistant.java,wearItem,->,12acfc45-bdfb-4343-9004-9be15dfd844c,server/model/players/Client.java,getOutStream
12acfc45-bdfb-4343-9004-9be15dfd844c,server/model/items/ItemAssistant.java,wearItem,->,12acfc45-bdfb-4343-9004-9be15dfd844c,server/util/Stream.java,writeByte
12acfc45-bdfb-4343-9004-9be15dfd844c,server/model/items/ItemAssistant.java,wearItem,->,12acfc45-bdfb-4343-9004-9be15dfd844c,server/model/players/Client.java,getOutStream
12acfc45-bdfb-4343-9004-9be15dfd844c,server/model/items/ItemAssistant.java,wearItem,->,12acfc45-bdfb-4343-9004-9be15dfd844c,server/util/Stream.java,writeDWord
12acfc45-bdfb-4343-9004-9be15dfd844c,server/model/items/ItemAssistant.java,wearItem,->,12acfc45-bdfb-4343-9004-9be15dfd844c,server/model/players/Client.java,getOutStream
12acfc45-bdfb-4343-9004-9be15dfd844c,server/model/items/ItemAssistant.java,wearItem,->,12acfc45-bdfb-4343-9004-9be15dfd844c,server/util/Stream.java,writeByte
12acfc45-bdfb-4343-9004-9be15dfd844c,server/model/items/ItemAssistant.java,wearItem,->,12acfc45-bdfb-4343-9004-9be15dfd844c,server/model/players/Client.java,getOutStream
12acfc45-bdfb-4343-9004-9be15dfd844c,server/model/items/ItemAssistant.java,wearItem,->,12acfc45-bdfb-4343-9004-9be15dfd844c,server/util/Stream.java,endFrameVarSizeWord
12acfc45-bdfb-4343-9004-9be15dfd844c,server/model/items/ItemAssistant.java,wearItem,->,12acfc45-bdfb-4343-9004-9be15dfd844c,server/model/players/Client.java,flushOutStream
12acfc45-bdfb-4343-9004-9be15dfd844c,server/model/items/ItemAssistant.java,wearItem,->,12acfc45-bdfb-4343-9004-9be15dfd844c,server/model/items/ItemAssistant.java,getItemName
12acfc45-bdfb-4343-9004-9be15dfd844c,server/model/items/ItemAssistant.java,wearItem,->,12acfc45-bdfb-4343-9004-9be15dfd844c,server/model/items/ItemAssistant.java,sendWeapon
12acfc45-bdfb-4343-9004-9be15dfd844c,server/model/items/ItemAssistant.java,wearItem,->,12acfc45-bdfb-4343-9004-9be15dfd844c,server/model/items/ItemAssistant.java,resetBonus
12acfc45-bdfb-4343-9004-9be15dfd844c,server/model/items/ItemAssistant.java,wearItem,->,12acfc45-bdfb-4343-9004-9be15dfd844c,server/model/items/ItemAssistant.java,getBonus
12acfc45-bdfb-4343-9004-9be15dfd844c,server/model/items/ItemAssistant.java,wearItem,->,12acfc45-bdfb-4343-9004-9be15dfd844c,server/model/items/ItemAssistant.java,writeBonus
12acfc45-bdfb-4343-9004-9be15dfd844c,server/model/items/ItemAssistant.java,wearItem,->,12acfc45-bdfb-4343-9004-9be15dfd844c,server/model/players/Client.java,getCombat
12acfc45-bdfb-4343-9004-9be15dfd844c,server/model/items/ItemAssistant.java,wearItem,->,12acfc45-bdfb-4343-9004-9be15dfd844c,server/model/players/Client.java,getItems
12acfc45-bdfb-4343-9004-9be15dfd844c,server/model/items/ItemAssistant.java,wearItem,->,12acfc45-bdfb-4343-9004-9be15dfd844c,server/model/items/ItemAssistant.java,getItemName
12acfc45-bdfb-4343-9004-9be15dfd844c,server/model/items/ItemAssistant.java,wearItem,->,12acfc45-bdfb-4343-9004-9be15dfd844c,java/lang/String.java,toLowerCase
12acfc45-bdfb-4343-9004-9be15dfd844c,server/model/items/ItemAssistant.java,wearItem,->,12acfc45-bdfb-4343-9004-9be15dfd844c,server/model/players/CombatAssistant.java,getPlayerAnimIndex
12acfc45-bdfb-4343-9004-9be15dfd844c,server/model/items/ItemAssistant.java,wearItem,->,12acfc45-bdfb-4343-9004-9be15dfd844c,server/model/players/Client.java,getPA
12acfc45-bdfb-4343-9004-9be15dfd844c,server/model/items/ItemAssistant.java,wearItem,->,12acfc45-bdfb-4343-9004-9be15dfd844c,991eb2a8-284a-4290-ae08-f54cf8834706,f59ca130-d149-43aa-b537-369a4987d63b
12acfc45-bdfb-4343-9004-9be15dfd844c,server/model/items/ItemAssistant.java,wearItem,->,12acfc45-bdfb-4343-9004-9be15dfd844c,server/model/players/Client.java,getOutStream
12acfc45-bdfb-4343-9004-9be15dfd844c,server/model/items/ItemAssistant.java,wearItem,->,12acfc45-bdfb-4343-9004-9be15dfd844c,server/model/players/Client.java,getOutStream
12acfc45-bdfb-4343-9004-9be15dfd844c,server/model/items/ItemAssistant.java,wearItem,->,12acfc45-bdfb-4343-9004-9be15dfd844c,server/util/Stream.java,createFrameVarSizeWord
12acfc45-bdfb-4343-9004-9be15dfd844c,server/model/items/ItemAssistant.java,wearItem,->,12acfc45-bdfb-4343-9004-9be15dfd844c,server/model/players/Client.java,getOutStream
12acfc45-bdfb-4343-9004-9be15dfd844c,server/model/items/ItemAssistant.java,wearItem,->,12acfc45-bdfb-4343-9004-9be15dfd844c,server/util/Stream.java,writeWord
12acfc45-bdfb-4343-9004-9be15dfd844c,server/model/items/ItemAssistant.java,wearItem,->,12acfc45-bdfb-4343-9004-9be15dfd844c,server/model/players/Client.java,getOutStream
12acfc45-bdfb-4343-9004-9be15dfd844c,server/model/items/ItemAssistant.java,wearItem,->,12acfc45-bdfb-4343-9004-9be15dfd844c,server/util/Stream.java,writeByte
12acfc45-bdfb-4343-9004-9be15dfd844c,server/model/items/ItemAssistant.java,wearItem,->,12acfc45-bdfb-4343-9004-9be15dfd844c,server/model/players/Client.java,getOutStream
12acfc45-bdfb-4343-9004-9be15dfd844c,server/model/items/ItemAssistant.java,wearItem,->,12acfc45-bdfb-4343-9004-9be15dfd844c,server/util/Stream.java,writeWord
12acfc45-bdfb-4343-9004-9be15dfd844c,server/model/items/ItemAssistant.java,wearItem,->,12acfc45-bdfb-4343-9004-9be15dfd844c,server/model/players/Client.java,getOutStream
12acfc45-bdfb-4343-9004-9be15dfd844c,server/model/items/ItemAssistant.java,wearItem,->,12acfc45-bdfb-4343-9004-9be15dfd844c,server/util/Stream.java,writeByte
12acfc45-bdfb-4343-9004-9be15dfd844c,server/model/items/ItemAssistant.java,wearItem,->,12acfc45-bdfb-4343-9004-9be15dfd844c,server/model/players/Client.java,getOutStream
12acfc45-bdfb-4343-9004-9be15dfd844c,server/model/items/ItemAssistant.java,wearItem,->,12acfc45-bdfb-4343-9004-9be15dfd844c,server/util/Stream.java,writeDWord
12acfc45-bdfb-4343-9004-9be15dfd844c,server/model/items/ItemAssistant.java,wearItem,->,12acfc45-bdfb-4343-9004-9be15dfd844c,server/model/players/Client.java,getOutStream
12acfc45-bdfb-4343-9004-9be15dfd844c,server/model/items/ItemAssistant.java,wearItem,->,12acfc45-bdfb-4343-9004-9be15dfd844c,server/util/Stream.java,writeByte
12acfc45-bdfb-4343-9004-9be15dfd844c,server/model/items/ItemAssistant.java,wearItem,->,12acfc45-bdfb-4343-9004-9be15dfd844c,server/model/players/Client.java,getOutStream
12acfc45-bdfb-4343-9004-9be15dfd844c,server/model/items/ItemAssistant.java,wearItem,->,12acfc45-bdfb-4343-9004-9be15dfd844c,server/util/Stream.java,endFrameVarSizeWord
12acfc45-bdfb-4343-9004-9be15dfd844c,server/model/items/ItemAssistant.java,wearItem,->,12acfc45-bdfb-4343-9004-9be15dfd844c,server/model/players/Client.java,flushOutStream
12acfc45-bdfb-4343-9004-9be15dfd844c,server/model/items/ItemAssistant.java,wearItem,->,12acfc45-bdfb-4343-9004-9be15dfd844c,server/model/players/Client.java,getItems
12acfc45-bdfb-4343-9004-9be15dfd844c,server/model/items/ItemAssistant.java,wearItem,->,12acfc45-bdfb-4343-9004-9be15dfd844c,server/model/players/Client.java,getItems
12acfc45-bdfb-4343-9004-9be15dfd844c,server/model/items/ItemAssistant.java,wearItem,->,12acfc45-bdfb-4343-9004-9be15dfd844c,server/model/items/ItemAssistant.java,getItemName
12acfc45-bdfb-4343-9004-9be15dfd844c,server/model/items/ItemAssistant.java,wearItem,->,12acfc45-bdfb-4343-9004-9be15dfd844c,server/model/items/ItemAssistant.java,sendWeapon
12acfc45-bdfb-4343-9004-9be15dfd844c,server/model/items/ItemAssistant.java,wearItem,->,12acfc45-bdfb-4343-9004-9be15dfd844c,server/model/players/Client.java,getItems
12acfc45-bdfb-4343-9004-9be15dfd844c,server/model/items/ItemAssistant.java,wearItem,->,12acfc45-bdfb-4343-9004-9be15dfd844c,server/model/items/ItemAssistant.java,resetBonus
12acfc45-bdfb-4343-9004-9be15dfd844c,server/model/items/ItemAssistant.java,wearItem,->,12acfc45-bdfb-4343-9004-9be15dfd844c,server/model/players/Client.java,getItems
12acfc45-bdfb-4343-9004-9be15dfd844c,server/model/items/ItemAssistant.java,wearItem,->,12acfc45-bdfb-4343-9004-9be15dfd844c,server/model/items/ItemAssistant.java,getBonus
12acfc45-bdfb-4343-9004-9be15dfd844c,server/model/items/ItemAssistant.java,wearItem,->,12acfc45-bdfb-4343-9004-9be15dfd844c,server/model/players/Client.java,getItems
12acfc45-bdfb-4343-9004-9be15dfd844c,server/model/items/ItemAssistant.java,wearItem,->,12acfc45-bdfb-4343-9004-9be15dfd844c,server/model/items/ItemAssistant.java,writeBonus
12acfc45-bdfb-4343-9004-9be15dfd844c,server/model/items/ItemAssistant.java,wearItem,->,12acfc45-bdfb-4343-9004-9be15dfd844c,server/model/players/Client.java,getCombat
12acfc45-bdfb-4343-9004-9be15dfd844c,server/model/items/ItemAssistant.java,wearItem,->,12acfc45-bdfb-4343-9004-9be15dfd844c,server/model/players/Client.java,getItems
12acfc45-bdfb-4343-9004-9be15dfd844c,server/model/items/ItemAssistant.java,wearItem,->,12acfc45-bdfb-4343-9004-9be15dfd844c,server/model/items/ItemAssistant.java,getItemName
12acfc45-bdfb-4343-9004-9be15dfd844c,server/model/items/ItemAssistant.java,wearItem,->,12acfc45-bdfb-4343-9004-9be15dfd844c,java/lang/String.java,toLowerCase
12acfc45-bdfb-4343-9004-9be15dfd844c,server/model/items/ItemAssistant.java,wearItem,->,12acfc45-bdfb-4343-9004-9be15dfd844c,server/model/players/CombatAssistant.java,getPlayerAnimIndex
12acfc45-bdfb-4343-9004-9be15dfd844c,server/model/items/ItemAssistant.java,wearItem,->,12acfc45-bdfb-4343-9004-9be15dfd844c,server/model/players/Client.java,setAppearanceUpdateRequired
12acfc45-bdfb-4343-9004-9be15dfd844c,server/model/items/ItemAssistant.java,updateSlot,->,12acfc45-bdfb-4343-9004-9be15dfd844c,server/model/players/Client.java,getOutStream
12acfc45-bdfb-4343-9004-9be15dfd844c,server/model/items/ItemAssistant.java,updateSlot,->,12acfc45-bdfb-4343-9004-9be15dfd844c,server/model/players/Client.java,getOutStream
12acfc45-bdfb-4343-9004-9be15dfd844c,server/model/items/ItemAssistant.java,updateSlot,->,12acfc45-bdfb-4343-9004-9be15dfd844c,server/util/Stream.java,createFrameVarSizeWord
12acfc45-bdfb-4343-9004-9be15dfd844c,server/model/items/ItemAssistant.java,updateSlot,->,12acfc45-bdfb-4343-9004-9be15dfd844c,server/model/players/Client.java,getOutStream
12acfc45-bdfb-4343-9004-9be15dfd844c,server/model/items/ItemAssistant.java,updateSlot,->,12acfc45-bdfb-4343-9004-9be15dfd844c,server/util/Stream.java,writeWord
12acfc45-bdfb-4343-9004-9be15dfd844c,server/model/items/ItemAssistant.java,updateSlot,->,12acfc45-bdfb-4343-9004-9be15dfd844c,server/model/players/Client.java,getOutStream
12acfc45-bdfb-4343-9004-9be15dfd844c,server/model/items/ItemAssistant.java,updateSlot,->,12acfc45-bdfb-4343-9004-9be15dfd844c,server/util/Stream.java,writeByte
12acfc45-bdfb-4343-9004-9be15dfd844c,server/model/items/ItemAssistant.java,updateSlot,->,12acfc45-bdfb-4343-9004-9be15dfd844c,server/model/players/Client.java,getOutStream
12acfc45-bdfb-4343-9004-9be15dfd844c,server/model/items/ItemAssistant.java,updateSlot,->,12acfc45-bdfb-4343-9004-9be15dfd844c,server/util/Stream.java,writeWord
12acfc45-bdfb-4343-9004-9be15dfd844c,server/model/items/ItemAssistant.java,updateSlot,->,12acfc45-bdfb-4343-9004-9be15dfd844c,server/model/players/Client.java,getOutStream
12acfc45-bdfb-4343-9004-9be15dfd844c,server/model/items/ItemAssistant.java,updateSlot,->,12acfc45-bdfb-4343-9004-9be15dfd844c,server/util/Stream.java,writeByte
12acfc45-bdfb-4343-9004-9be15dfd844c,server/model/items/ItemAssistant.java,updateSlot,->,12acfc45-bdfb-4343-9004-9be15dfd844c,server/model/players/Client.java,getOutStream
12acfc45-bdfb-4343-9004-9be15dfd844c,server/model/items/ItemAssistant.java,updateSlot,->,12acfc45-bdfb-4343-9004-9be15dfd844c,server/util/Stream.java,writeDWord
12acfc45-bdfb-4343-9004-9be15dfd844c,server/model/items/ItemAssistant.java,updateSlot,->,12acfc45-bdfb-4343-9004-9be15dfd844c,server/model/players/Client.java,getOutStream
12acfc45-bdfb-4343-9004-9be15dfd844c,server/model/items/ItemAssistant.java,updateSlot,->,12acfc45-bdfb-4343-9004-9be15dfd844c,server/util/Stream.java,writeByte
12acfc45-bdfb-4343-9004-9be15dfd844c,server/model/items/ItemAssistant.java,updateSlot,->,12acfc45-bdfb-4343-9004-9be15dfd844c,server/model/players/Client.java,getOutStream
12acfc45-bdfb-4343-9004-9be15dfd844c,server/model/items/ItemAssistant.java,updateSlot,->,12acfc45-bdfb-4343-9004-9be15dfd844c,server/util/Stream.java,endFrameVarSizeWord
12acfc45-bdfb-4343-9004-9be15dfd844c,server/model/items/ItemAssistant.java,updateSlot,->,12acfc45-bdfb-4343-9004-9be15dfd844c,server/model/players/Client.java,flushOutStream
12acfc45-bdfb-4343-9004-9be15dfd844c,server/model/items/ItemAssistant.java,removeItem,->,12acfc45-bdfb-4343-9004-9be15dfd844c,server/model/players/Client.java,getOutStream
12acfc45-bdfb-4343-9004-9be15dfd844c,server/model/items/ItemAssistant.java,removeItem,->,12acfc45-bdfb-4343-9004-9be15dfd844c,server/model/items/ItemAssistant.java,addItem
12acfc45-bdfb-4343-9004-9be15dfd844c,server/model/items/ItemAssistant.java,removeItem,->,12acfc45-bdfb-4343-9004-9be15dfd844c,server/model/items/ItemAssistant.java,getItemName
12acfc45-bdfb-4343-9004-9be15dfd844c,server/model/items/ItemAssistant.java,removeItem,->,12acfc45-bdfb-4343-9004-9be15dfd844c,server/model/items/ItemAssistant.java,sendWeapon
12acfc45-bdfb-4343-9004-9be15dfd844c,server/model/items/ItemAssistant.java,removeItem,->,12acfc45-bdfb-4343-9004-9be15dfd844c,server/model/items/ItemAssistant.java,resetBonus
12acfc45-bdfb-4343-9004-9be15dfd844c,server/model/items/ItemAssistant.java,removeItem,->,12acfc45-bdfb-4343-9004-9be15dfd844c,server/model/items/ItemAssistant.java,getBonus
12acfc45-bdfb-4343-9004-9be15dfd844c,server/model/items/ItemAssistant.java,removeItem,->,12acfc45-bdfb-4343-9004-9be15dfd844c,server/model/items/ItemAssistant.java,writeBonus
12acfc45-bdfb-4343-9004-9be15dfd844c,server/model/items/ItemAssistant.java,removeItem,->,12acfc45-bdfb-4343-9004-9be15dfd844c,server/model/players/Client.java,getCombat
12acfc45-bdfb-4343-9004-9be15dfd844c,server/model/items/ItemAssistant.java,removeItem,->,12acfc45-bdfb-4343-9004-9be15dfd844c,server/model/players/Client.java,getItems
12acfc45-bdfb-4343-9004-9be15dfd844c,server/model/items/ItemAssistant.java,removeItem,->,12acfc45-bdfb-4343-9004-9be15dfd844c,server/model/items/ItemAssistant.java,getItemName
12acfc45-bdfb-4343-9004-9be15dfd844c,server/model/items/ItemAssistant.java,removeItem,->,12acfc45-bdfb-4343-9004-9be15dfd844c,java/lang/String.java,toLowerCase
12acfc45-bdfb-4343-9004-9be15dfd844c,server/model/items/ItemAssistant.java,removeItem,->,12acfc45-bdfb-4343-9004-9be15dfd844c,server/model/players/CombatAssistant.java,getPlayerAnimIndex
12acfc45-bdfb-4343-9004-9be15dfd844c,server/model/items/ItemAssistant.java,removeItem,->,12acfc45-bdfb-4343-9004-9be15dfd844c,server/model/players/Client.java,getOutStream
12acfc45-bdfb-4343-9004-9be15dfd844c,server/model/items/ItemAssistant.java,removeItem,->,12acfc45-bdfb-4343-9004-9be15dfd844c,server/util/Stream.java,createFrame
12acfc45-bdfb-4343-9004-9be15dfd844c,server/model/items/ItemAssistant.java,removeItem,->,12acfc45-bdfb-4343-9004-9be15dfd844c,server/model/players/Client.java,getOutStream
12acfc45-bdfb-4343-9004-9be15dfd844c,server/model/items/ItemAssistant.java,removeItem,->,12acfc45-bdfb-4343-9004-9be15dfd844c,server/util/Stream.java,writeWord
12acfc45-bdfb-4343-9004-9be15dfd844c,server/model/items/ItemAssistant.java,removeItem,->,12acfc45-bdfb-4343-9004-9be15dfd844c,server/model/players/Client.java,getOutStream
12acfc45-bdfb-4343-9004-9be15dfd844c,server/model/items/ItemAssistant.java,removeItem,->,12acfc45-bdfb-4343-9004-9be15dfd844c,server/util/Stream.java,writeWord
12acfc45-bdfb-4343-9004-9be15dfd844c,server/model/items/ItemAssistant.java,removeItem,->,12acfc45-bdfb-4343-9004-9be15dfd844c,server/model/players/Client.java,getOutStream
12acfc45-bdfb-4343-9004-9be15dfd844c,server/model/items/ItemAssistant.java,removeItem,->,12acfc45-bdfb-4343-9004-9be15dfd844c,server/util/Stream.java,writeByte
12acfc45-bdfb-4343-9004-9be15dfd844c,server/model/items/ItemAssistant.java,removeItem,->,12acfc45-bdfb-4343-9004-9be15dfd844c,server/model/players/Client.java,getOutStream
12acfc45-bdfb-4343-9004-9be15dfd844c,server/model/items/ItemAssistant.java,removeItem,->,12acfc45-bdfb-4343-9004-9be15dfd844c,server/util/Stream.java,writeWord
12acfc45-bdfb-4343-9004-9be15dfd844c,server/model/items/ItemAssistant.java,removeItem,->,12acfc45-bdfb-4343-9004-9be15dfd844c,server/model/players/Client.java,getOutStream
12acfc45-bdfb-4343-9004-9be15dfd844c,server/model/items/ItemAssistant.java,removeItem,->,12acfc45-bdfb-4343-9004-9be15dfd844c,server/util/Stream.java,writeByte
12acfc45-bdfb-4343-9004-9be15dfd844c,server/model/items/ItemAssistant.java,removeItem,->,12acfc45-bdfb-4343-9004-9be15dfd844c,server/model/players/Client.java,flushOutStream
12acfc45-bdfb-4343-9004-9be15dfd844c,server/model/items/ItemAssistant.java,removeItem,->,12acfc45-bdfb-4343-9004-9be15dfd844c,server/model/players/Client.java,setAppearanceUpdateRequired
12acfc45-bdfb-4343-9004-9be15dfd844c,server/model/items/ItemAssistant.java,itemOnInterface,->,12acfc45-bdfb-4343-9004-9be15dfd844c,server/model/players/Client.java,getOutStream
12acfc45-bdfb-4343-9004-9be15dfd844c,server/model/items/ItemAssistant.java,itemOnInterface,->,12acfc45-bdfb-4343-9004-9be15dfd844c,server/util/Stream.java,createFrameVarSizeWord
12acfc45-bdfb-4343-9004-9be15dfd844c,server/model/items/ItemAssistant.java,itemOnInterface,->,12acfc45-bdfb-4343-9004-9be15dfd844c,server/model/players/Client.java,getOutStream
12acfc45-bdfb-4343-9004-9be15dfd844c,server/model/items/ItemAssistant.java,itemOnInterface,->,12acfc45-bdfb-4343-9004-9be15dfd844c,server/util/Stream.java,writeWord
12acfc45-bdfb-4343-9004-9be15dfd844c,server/model/items/ItemAssistant.java,itemOnInterface,->,12acfc45-bdfb-4343-9004-9be15dfd844c,server/model/players/Client.java,getOutStream
12acfc45-bdfb-4343-9004-9be15dfd844c,server/model/items/ItemAssistant.java,itemOnInterface,->,12acfc45-bdfb-4343-9004-9be15dfd844c,server/util/Stream.java,writeWord
12acfc45-bdfb-4343-9004-9be15dfd844c,server/model/items/ItemAssistant.java,itemOnInterface,->,12acfc45-bdfb-4343-9004-9be15dfd844c,server/model/players/Client.java,getOutStream
12acfc45-bdfb-4343-9004-9be15dfd844c,server/model/items/ItemAssistant.java,itemOnInterface,->,12acfc45-bdfb-4343-9004-9be15dfd844c,server/util/Stream.java,writeByte
12acfc45-bdfb-4343-9004-9be15dfd844c,server/model/items/ItemAssistant.java,itemOnInterface,->,12acfc45-bdfb-4343-9004-9be15dfd844c,server/model/players/Client.java,getOutStream
12acfc45-bdfb-4343-9004-9be15dfd844c,server/model/items/ItemAssistant.java,itemOnInterface,->,12acfc45-bdfb-4343-9004-9be15dfd844c,server/util/Stream.java,writeDWord_v2
12acfc45-bdfb-4343-9004-9be15dfd844c,server/model/items/ItemAssistant.java,itemOnInterface,->,12acfc45-bdfb-4343-9004-9be15dfd844c,server/model/players/Client.java,getOutStream
12acfc45-bdfb-4343-9004-9be15dfd844c,server/model/items/ItemAssistant.java,itemOnInterface,->,12acfc45-bdfb-4343-9004-9be15dfd844c,server/util/Stream.java,writeByte
12acfc45-bdfb-4343-9004-9be15dfd844c,server/model/items/ItemAssistant.java,itemOnInterface,->,12acfc45-bdfb-4343-9004-9be15dfd844c,server/model/players/Client.java,getOutStream
12acfc45-bdfb-4343-9004-9be15dfd844c,server/model/items/ItemAssistant.java,itemOnInterface,->,12acfc45-bdfb-4343-9004-9be15dfd844c,server/util/Stream.java,writeWordBigEndianA
12acfc45-bdfb-4343-9004-9be15dfd844c,server/model/items/ItemAssistant.java,itemOnInterface,->,12acfc45-bdfb-4343-9004-9be15dfd844c,server/model/players/Client.java,getOutStream
12acfc45-bdfb-4343-9004-9be15dfd844c,server/model/items/ItemAssistant.java,itemOnInterface,->,12acfc45-bdfb-4343-9004-9be15dfd844c,server/util/Stream.java,endFrameVarSizeWord
12acfc45-bdfb-4343-9004-9be15dfd844c,server/model/items/ItemAssistant.java,itemOnInterface,->,12acfc45-bdfb-4343-9004-9be15dfd844c,server/model/players/Client.java,flushOutStream
12acfc45-bdfb-4343-9004-9be15dfd844c,server/model/items/ItemAssistant.java,resetBank,->,12acfc45-bdfb-4343-9004-9be15dfd844c,server/model/players/Client.java,getOutStream
12acfc45-bdfb-4343-9004-9be15dfd844c,server/model/items/ItemAssistant.java,resetBank,->,12acfc45-bdfb-4343-9004-9be15dfd844c,server/util/Stream.java,createFrameVarSizeWord
12acfc45-bdfb-4343-9004-9be15dfd844c,server/model/items/ItemAssistant.java,resetBank,->,12acfc45-bdfb-4343-9004-9be15dfd844c,server/model/players/Client.java,getOutStream
12acfc45-bdfb-4343-9004-9be15dfd844c,server/model/items/ItemAssistant.java,resetBank,->,12acfc45-bdfb-4343-9004-9be15dfd844c,server/util/Stream.java,writeWord
12acfc45-bdfb-4343-9004-9be15dfd844c,server/model/items/ItemAssistant.java,resetBank,->,12acfc45-bdfb-4343-9004-9be15dfd844c,server/model/players/Client.java,getOutStream
12acfc45-bdfb-4343-9004-9be15dfd844c,server/model/items/ItemAssistant.java,resetBank,->,12acfc45-bdfb-4343-9004-9be15dfd844c,server/util/Stream.java,writeWord
12acfc45-bdfb-4343-9004-9be15dfd844c,server/model/items/ItemAssistant.java,resetBank,->,12acfc45-bdfb-4343-9004-9be15dfd844c,server/model/players/Client.java,getOutStream
12acfc45-bdfb-4343-9004-9be15dfd844c,server/model/items/ItemAssistant.java,resetBank,->,12acfc45-bdfb-4343-9004-9be15dfd844c,server/util/Stream.java,writeByte
12acfc45-bdfb-4343-9004-9be15dfd844c,server/model/items/ItemAssistant.java,resetBank,->,12acfc45-bdfb-4343-9004-9be15dfd844c,server/model/players/Client.java,getOutStream
12acfc45-bdfb-4343-9004-9be15dfd844c,server/model/items/ItemAssistant.java,resetBank,->,12acfc45-bdfb-4343-9004-9be15dfd844c,server/util/Stream.java,writeDWord_v2
12acfc45-bdfb-4343-9004-9be15dfd844c,server/model/items/ItemAssistant.java,resetBank,->,12acfc45-bdfb-4343-9004-9be15dfd844c,server/model/players/Client.java,getOutStream
12acfc45-bdfb-4343-9004-9be15dfd844c,server/model/items/ItemAssistant.java,resetBank,->,12acfc45-bdfb-4343-9004-9be15dfd844c,server/util/Stream.java,writeByte
12acfc45-bdfb-4343-9004-9be15dfd844c,server/model/items/ItemAssistant.java,resetBank,->,12acfc45-bdfb-4343-9004-9be15dfd844c,server/model/players/Client.java,getOutStream
12acfc45-bdfb-4343-9004-9be15dfd844c,server/model/items/ItemAssistant.java,resetBank,->,12acfc45-bdfb-4343-9004-9be15dfd844c,server/util/Stream.java,writeWordBigEndianA
12acfc45-bdfb-4343-9004-9be15dfd844c,server/model/items/ItemAssistant.java,resetBank,->,12acfc45-bdfb-4343-9004-9be15dfd844c,server/model/players/Client.java,getOutStream
12acfc45-bdfb-4343-9004-9be15dfd844c,server/model/items/ItemAssistant.java,resetBank,->,12acfc45-bdfb-4343-9004-9be15dfd844c,server/util/Stream.java,endFrameVarSizeWord
12acfc45-bdfb-4343-9004-9be15dfd844c,server/model/items/ItemAssistant.java,resetBank,->,12acfc45-bdfb-4343-9004-9be15dfd844c,server/model/players/Client.java,flushOutStream
12acfc45-bdfb-4343-9004-9be15dfd844c,server/model/items/ItemAssistant.java,resetTempItems,->,12acfc45-bdfb-4343-9004-9be15dfd844c,server/model/players/Client.java,getOutStream
12acfc45-bdfb-4343-9004-9be15dfd844c,server/model/items/ItemAssistant.java,resetTempItems,->,12acfc45-bdfb-4343-9004-9be15dfd844c,server/util/Stream.java,createFrameVarSizeWord
12acfc45-bdfb-4343-9004-9be15dfd844c,server/model/items/ItemAssistant.java,resetTempItems,->,12acfc45-bdfb-4343-9004-9be15dfd844c,server/model/players/Client.java,getOutStream
12acfc45-bdfb-4343-9004-9be15dfd844c,server/model/items/ItemAssistant.java,resetTempItems,->,12acfc45-bdfb-4343-9004-9be15dfd844c,server/util/Stream.java,writeWord
12acfc45-bdfb-4343-9004-9be15dfd844c,server/model/items/ItemAssistant.java,resetTempItems,->,12acfc45-bdfb-4343-9004-9be15dfd844c,server/model/players/Client.java,getOutStream
12acfc45-bdfb-4343-9004-9be15dfd844c,server/model/items/ItemAssistant.java,resetTempItems,->,12acfc45-bdfb-4343-9004-9be15dfd844c,server/util/Stream.java,writeWord
12acfc45-bdfb-4343-9004-9be15dfd844c,server/model/items/ItemAssistant.java,resetTempItems,->,12acfc45-bdfb-4343-9004-9be15dfd844c,server/model/players/Client.java,getOutStream
12acfc45-bdfb-4343-9004-9be15dfd844c,server/model/items/ItemAssistant.java,resetTempItems,->,12acfc45-bdfb-4343-9004-9be15dfd844c,server/util/Stream.java,writeByte
12acfc45-bdfb-4343-9004-9be15dfd844c,server/model/items/ItemAssistant.java,resetTempItems,->,12acfc45-bdfb-4343-9004-9be15dfd844c,server/model/players/Client.java,getOutStream
12acfc45-bdfb-4343-9004-9be15dfd844c,server/model/items/ItemAssistant.java,resetTempItems,->,12acfc45-bdfb-4343-9004-9be15dfd844c,server/util/Stream.java,writeDWord_v2
12acfc45-bdfb-4343-9004-9be15dfd844c,server/model/items/ItemAssistant.java,resetTempItems,->,12acfc45-bdfb-4343-9004-9be15dfd844c,server/model/players/Client.java,getOutStream
12acfc45-bdfb-4343-9004-9be15dfd844c,server/model/items/ItemAssistant.java,resetTempItems,->,12acfc45-bdfb-4343-9004-9be15dfd844c,server/util/Stream.java,writeByte
12acfc45-bdfb-4343-9004-9be15dfd844c,server/model/items/ItemAssistant.java,resetTempItems,->,12acfc45-bdfb-4343-9004-9be15dfd844c,server/model/players/Client.java,getOutStream
12acfc45-bdfb-4343-9004-9be15dfd844c,server/model/items/ItemAssistant.java,resetTempItems,->,12acfc45-bdfb-4343-9004-9be15dfd844c,server/util/Stream.java,writeWordBigEndianA
12acfc45-bdfb-4343-9004-9be15dfd844c,server/model/items/ItemAssistant.java,resetTempItems,->,12acfc45-bdfb-4343-9004-9be15dfd844c,server/model/players/Client.java,getOutStream
12acfc45-bdfb-4343-9004-9be15dfd844c,server/model/items/ItemAssistant.java,resetTempItems,->,12acfc45-bdfb-4343-9004-9be15dfd844c,server/util/Stream.java,endFrameVarSizeWord
12acfc45-bdfb-4343-9004-9be15dfd844c,server/model/items/ItemAssistant.java,resetTempItems,->,12acfc45-bdfb-4343-9004-9be15dfd844c,server/model/players/Client.java,flushOutStream
12acfc45-bdfb-4343-9004-9be15dfd844c,server/model/items/ItemAssistant.java,bankItem,->,12acfc45-bdfb-4343-9004-9be15dfd844c,server/model/items/ItemAssistant.java,freeBankSlots
12acfc45-bdfb-4343-9004-9be15dfd844c,server/model/items/ItemAssistant.java,bankItem,->,12acfc45-bdfb-4343-9004-9be15dfd844c,server/model/players/Client.java,sendMessage
12acfc45-bdfb-4343-9004-9be15dfd844c,server/model/items/ItemAssistant.java,bankItem,->,12acfc45-bdfb-4343-9004-9be15dfd844c,server/model/items/ItemAssistant.java,deleteItem
12acfc45-bdfb-4343-9004-9be15dfd844c,server/model/items/ItemAssistant.java,bankItem,->,12acfc45-bdfb-4343-9004-9be15dfd844c,server/model/items/ItemAssistant.java,resetTempItems
12acfc45-bdfb-4343-9004-9be15dfd844c,server/model/items/ItemAssistant.java,bankItem,->,12acfc45-bdfb-4343-9004-9be15dfd844c,server/model/items/ItemAssistant.java,resetBank
12acfc45-bdfb-4343-9004-9be15dfd844c,server/model/items/ItemAssistant.java,bankItem,->,12acfc45-bdfb-4343-9004-9be15dfd844c,server/model/players/Client.java,sendMessage
12acfc45-bdfb-4343-9004-9be15dfd844c,server/model/items/ItemAssistant.java,bankItem,->,12acfc45-bdfb-4343-9004-9be15dfd844c,server/model/items/ItemAssistant.java,deleteItem
12acfc45-bdfb-4343-9004-9be15dfd844c,server/model/items/ItemAssistant.java,bankItem,->,12acfc45-bdfb-4343-9004-9be15dfd844c,server/model/items/ItemAssistant.java,resetTempItems
12acfc45-bdfb-4343-9004-9be15dfd844c,server/model/items/ItemAssistant.java,bankItem,->,12acfc45-bdfb-4343-9004-9be15dfd844c,server/model/items/ItemAssistant.java,resetBank
12acfc45-bdfb-4343-9004-9be15dfd844c,server/model/items/ItemAssistant.java,bankItem,->,12acfc45-bdfb-4343-9004-9be15dfd844c,server/model/players/Client.java,sendMessage
12acfc45-bdfb-4343-9004-9be15dfd844c,server/model/items/ItemAssistant.java,bankItem,->,12acfc45-bdfb-4343-9004-9be15dfd844c,server/model/items/ItemAssistant.java,freeBankSlots
12acfc45-bdfb-4343-9004-9be15dfd844c,server/model/items/ItemAssistant.java,bankItem,->,12acfc45-bdfb-4343-9004-9be15dfd844c,server/model/items/ItemAssistant.java,deleteItem
12acfc45-bdfb-4343-9004-9be15dfd844c,server/model/items/ItemAssistant.java,bankItem,->,12acfc45-bdfb-4343-9004-9be15dfd844c,server/model/items/ItemAssistant.java,resetTempItems
12acfc45-bdfb-4343-9004-9be15dfd844c,server/model/items/ItemAssistant.java,bankItem,->,12acfc45-bdfb-4343-9004-9be15dfd844c,server/model/items/ItemAssistant.java,resetBank
12acfc45-bdfb-4343-9004-9be15dfd844c,server/model/items/ItemAssistant.java,bankItem,->,12acfc45-bdfb-4343-9004-9be15dfd844c,server/model/items/ItemAssistant.java,deleteItem
12acfc45-bdfb-4343-9004-9be15dfd844c,server/model/items/ItemAssistant.java,bankItem,->,12acfc45-bdfb-4343-9004-9be15dfd844c,server/model/items/ItemAssistant.java,resetTempItems
12acfc45-bdfb-4343-9004-9be15dfd844c,server/model/items/ItemAssistant.java,bankItem,->,12acfc45-bdfb-4343-9004-9be15dfd844c,server/model/items/ItemAssistant.java,resetBank
12acfc45-bdfb-4343-9004-9be15dfd844c,server/model/items/ItemAssistant.java,bankItem,->,12acfc45-bdfb-4343-9004-9be15dfd844c,server/model/players/Client.java,sendMessage
12acfc45-bdfb-4343-9004-9be15dfd844c,server/model/items/ItemAssistant.java,bankItem,->,12acfc45-bdfb-4343-9004-9be15dfd844c,server/model/items/ItemAssistant.java,freeBankSlots
12acfc45-bdfb-4343-9004-9be15dfd844c,server/model/items/ItemAssistant.java,bankItem,->,12acfc45-bdfb-4343-9004-9be15dfd844c,server/model/items/ItemAssistant.java,deleteItem
12acfc45-bdfb-4343-9004-9be15dfd844c,server/model/items/ItemAssistant.java,bankItem,->,12acfc45-bdfb-4343-9004-9be15dfd844c,server/model/items/ItemAssistant.java,resetTempItems
12acfc45-bdfb-4343-9004-9be15dfd844c,server/model/items/ItemAssistant.java,bankItem,->,12acfc45-bdfb-4343-9004-9be15dfd844c,server/model/items/ItemAssistant.java,resetBank
12acfc45-bdfb-4343-9004-9be15dfd844c,server/model/items/ItemAssistant.java,bankItem,->,12acfc45-bdfb-4343-9004-9be15dfd844c,server/model/items/ItemAssistant.java,deleteItem
12acfc45-bdfb-4343-9004-9be15dfd844c,server/model/items/ItemAssistant.java,bankItem,->,12acfc45-bdfb-4343-9004-9be15dfd844c,server/model/items/ItemAssistant.java,resetTempItems
12acfc45-bdfb-4343-9004-9be15dfd844c,server/model/items/ItemAssistant.java,bankItem,->,12acfc45-bdfb-4343-9004-9be15dfd844c,server/model/items/ItemAssistant.java,resetBank
12acfc45-bdfb-4343-9004-9be15dfd844c,server/model/items/ItemAssistant.java,bankItem,->,12acfc45-bdfb-4343-9004-9be15dfd844c,server/model/players/Client.java,sendMessage
12acfc45-bdfb-4343-9004-9be15dfd844c,server/model/items/ItemAssistant.java,bankItem,->,12acfc45-bdfb-4343-9004-9be15dfd844c,server/model/items/ItemAssistant.java,freeBankSlots
12acfc45-bdfb-4343-9004-9be15dfd844c,server/model/items/ItemAssistant.java,bankItem,->,12acfc45-bdfb-4343-9004-9be15dfd844c,server/model/items/ItemAssistant.java,deleteItem
12acfc45-bdfb-4343-9004-9be15dfd844c,server/model/items/ItemAssistant.java,bankItem,->,12acfc45-bdfb-4343-9004-9be15dfd844c,server/model/items/ItemAssistant.java,resetTempItems
12acfc45-bdfb-4343-9004-9be15dfd844c,server/model/items/ItemAssistant.java,bankItem,->,12acfc45-bdfb-4343-9004-9be15dfd844c,server/model/items/ItemAssistant.java,resetBank
12acfc45-bdfb-4343-9004-9be15dfd844c,server/model/items/ItemAssistant.java,bankItem,->,12acfc45-bdfb-4343-9004-9be15dfd844c,server/model/items/ItemAssistant.java,deleteItem
12acfc45-bdfb-4343-9004-9be15dfd844c,server/model/items/ItemAssistant.java,bankItem,->,12acfc45-bdfb-4343-9004-9be15dfd844c,server/model/items/ItemAssistant.java,resetTempItems
12acfc45-bdfb-4343-9004-9be15dfd844c,server/model/items/ItemAssistant.java,bankItem,->,12acfc45-bdfb-4343-9004-9be15dfd844c,server/model/items/ItemAssistant.java,resetBank
12acfc45-bdfb-4343-9004-9be15dfd844c,server/model/items/ItemAssistant.java,bankItem,->,12acfc45-bdfb-4343-9004-9be15dfd844c,server/model/players/Client.java,sendMessage
12acfc45-bdfb-4343-9004-9be15dfd844c,server/model/items/ItemAssistant.java,bankItem,->,12acfc45-bdfb-4343-9004-9be15dfd844c,java/lang/StringBuilder.java,append
12acfc45-bdfb-4343-9004-9be15dfd844c,server/model/items/ItemAssistant.java,bankItem,->,12acfc45-bdfb-4343-9004-9be15dfd844c,java/lang/StringBuilder.java,append
12acfc45-bdfb-4343-9004-9be15dfd844c,server/model/items/ItemAssistant.java,bankItem,->,12acfc45-bdfb-4343-9004-9be15dfd844c,java/lang/StringBuilder.java,toString
12acfc45-bdfb-4343-9004-9be15dfd844c,server/model/items/ItemAssistant.java,bankItem,->,12acfc45-bdfb-4343-9004-9be15dfd844c,server/model/players/Client.java,sendMessage
12acfc45-bdfb-4343-9004-9be15dfd844c,server/model/items/ItemAssistant.java,fromBank,->,12acfc45-bdfb-4343-9004-9be15dfd844c,server/model/players/Client.java,getPA
12acfc45-bdfb-4343-9004-9be15dfd844c,server/model/items/ItemAssistant.java,fromBank,->,12acfc45-bdfb-4343-9004-9be15dfd844c,991eb2a8-284a-4290-ae08-f54cf8834706,1f7845fa-db07-4b23-bcc9-ed7fd4f9ca8b
12acfc45-bdfb-4343-9004-9be15dfd844c,server/model/items/ItemAssistant.java,fromBank,->,12acfc45-bdfb-4343-9004-9be15dfd844c,server/model/items/ItemAssistant.java,addItem
12acfc45-bdfb-4343-9004-9be15dfd844c,server/model/items/ItemAssistant.java,fromBank,->,12acfc45-bdfb-4343-9004-9be15dfd844c,server/model/items/ItemAssistant.java,resetBank
12acfc45-bdfb-4343-9004-9be15dfd844c,server/model/items/ItemAssistant.java,fromBank,->,12acfc45-bdfb-4343-9004-9be15dfd844c,server/model/players/Client.java,getItems
12acfc45-bdfb-4343-9004-9be15dfd844c,server/model/items/ItemAssistant.java,fromBank,->,12acfc45-bdfb-4343-9004-9be15dfd844c,server/model/items/ItemAssistant.java,resetItems
12acfc45-bdfb-4343-9004-9be15dfd844c,server/model/items/ItemAssistant.java,fromBank,->,12acfc45-bdfb-4343-9004-9be15dfd844c,server/model/items/ItemAssistant.java,addItem
12acfc45-bdfb-4343-9004-9be15dfd844c,server/model/items/ItemAssistant.java,fromBank,->,12acfc45-bdfb-4343-9004-9be15dfd844c,server/model/items/ItemAssistant.java,resetBank
12acfc45-bdfb-4343-9004-9be15dfd844c,server/model/items/ItemAssistant.java,fromBank,->,12acfc45-bdfb-4343-9004-9be15dfd844c,server/model/players/Client.java,getItems
12acfc45-bdfb-4343-9004-9be15dfd844c,server/model/items/ItemAssistant.java,fromBank,->,12acfc45-bdfb-4343-9004-9be15dfd844c,server/model/items/ItemAssistant.java,resetItems
12acfc45-bdfb-4343-9004-9be15dfd844c,server/model/items/ItemAssistant.java,fromBank,->,12acfc45-bdfb-4343-9004-9be15dfd844c,server/model/items/ItemAssistant.java,addItem
12acfc45-bdfb-4343-9004-9be15dfd844c,server/model/items/ItemAssistant.java,fromBank,->,12acfc45-bdfb-4343-9004-9be15dfd844c,server/model/items/ItemAssistant.java,resetBank
12acfc45-bdfb-4343-9004-9be15dfd844c,server/model/items/ItemAssistant.java,fromBank,->,12acfc45-bdfb-4343-9004-9be15dfd844c,server/model/players/Client.java,getItems
12acfc45-bdfb-4343-9004-9be15dfd844c,server/model/items/ItemAssistant.java,fromBank,->,12acfc45-bdfb-4343-9004-9be15dfd844c,server/model/items/ItemAssistant.java,resetItems
12acfc45-bdfb-4343-9004-9be15dfd844c,server/model/items/ItemAssistant.java,fromBank,->,12acfc45-bdfb-4343-9004-9be15dfd844c,server/model/items/ItemAssistant.java,addItem
12acfc45-bdfb-4343-9004-9be15dfd844c,server/model/items/ItemAssistant.java,fromBank,->,12acfc45-bdfb-4343-9004-9be15dfd844c,server/model/items/ItemAssistant.java,resetBank
12acfc45-bdfb-4343-9004-9be15dfd844c,server/model/items/ItemAssistant.java,fromBank,->,12acfc45-bdfb-4343-9004-9be15dfd844c,server/model/players/Client.java,getItems
12acfc45-bdfb-4343-9004-9be15dfd844c,server/model/items/ItemAssistant.java,fromBank,->,12acfc45-bdfb-4343-9004-9be15dfd844c,server/model/items/ItemAssistant.java,resetItems
12acfc45-bdfb-4343-9004-9be15dfd844c,server/model/items/ItemAssistant.java,fromBank,->,12acfc45-bdfb-4343-9004-9be15dfd844c,server/model/items/ItemAssistant.java,addItem
12acfc45-bdfb-4343-9004-9be15dfd844c,server/model/items/ItemAssistant.java,fromBank,->,12acfc45-bdfb-4343-9004-9be15dfd844c,server/model/items/ItemAssistant.java,resetBank
12acfc45-bdfb-4343-9004-9be15dfd844c,server/model/items/ItemAssistant.java,fromBank,->,12acfc45-bdfb-4343-9004-9be15dfd844c,server/model/players/Client.java,getItems
12acfc45-bdfb-4343-9004-9be15dfd844c,server/model/items/ItemAssistant.java,fromBank,->,12acfc45-bdfb-4343-9004-9be15dfd844c,server/model/items/ItemAssistant.java,resetItems
12acfc45-bdfb-4343-9004-9be15dfd844c,server/model/items/ItemAssistant.java,fromBank,->,12acfc45-bdfb-4343-9004-9be15dfd844c,server/model/players/Client.java,sendMessage
12acfc45-bdfb-4343-9004-9be15dfd844c,server/model/items/ItemAssistant.java,fromBank,->,12acfc45-bdfb-4343-9004-9be15dfd844c,server/model/items/ItemAssistant.java,addItem
12acfc45-bdfb-4343-9004-9be15dfd844c,server/model/items/ItemAssistant.java,fromBank,->,12acfc45-bdfb-4343-9004-9be15dfd844c,server/model/items/ItemAssistant.java,resetBank
12acfc45-bdfb-4343-9004-9be15dfd844c,server/model/items/ItemAssistant.java,fromBank,->,12acfc45-bdfb-4343-9004-9be15dfd844c,server/model/players/Client.java,getItems
12acfc45-bdfb-4343-9004-9be15dfd844c,server/model/items/ItemAssistant.java,fromBank,->,12acfc45-bdfb-4343-9004-9be15dfd844c,server/model/items/ItemAssistant.java,resetItems
12acfc45-bdfb-4343-9004-9be15dfd844c,server/model/items/ItemAssistant.java,fromBank,->,12acfc45-bdfb-4343-9004-9be15dfd844c,server/model/items/ItemAssistant.java,addItem
12acfc45-bdfb-4343-9004-9be15dfd844c,server/model/items/ItemAssistant.java,fromBank,->,12acfc45-bdfb-4343-9004-9be15dfd844c,server/model/items/ItemAssistant.java,resetBank
12acfc45-bdfb-4343-9004-9be15dfd844c,server/model/items/ItemAssistant.java,fromBank,->,12acfc45-bdfb-4343-9004-9be15dfd844c,server/model/players/Client.java,getItems
12acfc45-bdfb-4343-9004-9be15dfd844c,server/model/items/ItemAssistant.java,fromBank,->,12acfc45-bdfb-4343-9004-9be15dfd844c,server/model/items/ItemAssistant.java,resetItems
12acfc45-bdfb-4343-9004-9be15dfd844c,server/model/items/ItemAssistant.java,fromBank,->,12acfc45-bdfb-4343-9004-9be15dfd844c,server/model/items/ItemAssistant.java,addItem
12acfc45-bdfb-4343-9004-9be15dfd844c,server/model/items/ItemAssistant.java,fromBank,->,12acfc45-bdfb-4343-9004-9be15dfd844c,server/model/items/ItemAssistant.java,resetBank
12acfc45-bdfb-4343-9004-9be15dfd844c,server/model/items/ItemAssistant.java,fromBank,->,12acfc45-bdfb-4343-9004-9be15dfd844c,server/model/players/Client.java,getItems
12acfc45-bdfb-4343-9004-9be15dfd844c,server/model/items/ItemAssistant.java,fromBank,->,12acfc45-bdfb-4343-9004-9be15dfd844c,server/model/items/ItemAssistant.java,resetItems
12acfc45-bdfb-4343-9004-9be15dfd844c,server/model/items/ItemAssistant.java,setEquipment,->,12acfc45-bdfb-4343-9004-9be15dfd844c,server/model/players/Client.java,getOutStream
12acfc45-bdfb-4343-9004-9be15dfd844c,server/model/items/ItemAssistant.java,setEquipment,->,12acfc45-bdfb-4343-9004-9be15dfd844c,server/util/Stream.java,createFrameVarSizeWord
12acfc45-bdfb-4343-9004-9be15dfd844c,server/model/items/ItemAssistant.java,setEquipment,->,12acfc45-bdfb-4343-9004-9be15dfd844c,server/model/players/Client.java,getOutStream
12acfc45-bdfb-4343-9004-9be15dfd844c,server/model/items/ItemAssistant.java,setEquipment,->,12acfc45-bdfb-4343-9004-9be15dfd844c,server/util/Stream.java,writeWord
12acfc45-bdfb-4343-9004-9be15dfd844c,server/model/items/ItemAssistant.java,setEquipment,->,12acfc45-bdfb-4343-9004-9be15dfd844c,server/model/players/Client.java,getOutStream
12acfc45-bdfb-4343-9004-9be15dfd844c,server/model/items/ItemAssistant.java,setEquipment,->,12acfc45-bdfb-4343-9004-9be15dfd844c,server/util/Stream.java,writeByte
12acfc45-bdfb-4343-9004-9be15dfd844c,server/model/items/ItemAssistant.java,setEquipment,->,12acfc45-bdfb-4343-9004-9be15dfd844c,server/model/players/Client.java,getOutStream
12acfc45-bdfb-4343-9004-9be15dfd844c,server/model/items/ItemAssistant.java,setEquipment,->,12acfc45-bdfb-4343-9004-9be15dfd844c,server/util/Stream.java,writeWord
12acfc45-bdfb-4343-9004-9be15dfd844c,server/model/items/ItemAssistant.java,setEquipment,->,12acfc45-bdfb-4343-9004-9be15dfd844c,server/model/players/Client.java,getOutStream
12acfc45-bdfb-4343-9004-9be15dfd844c,server/model/items/ItemAssistant.java,setEquipment,->,12acfc45-bdfb-4343-9004-9be15dfd844c,server/util/Stream.java,writeByte
12acfc45-bdfb-4343-9004-9be15dfd844c,server/model/items/ItemAssistant.java,setEquipment,->,12acfc45-bdfb-4343-9004-9be15dfd844c,server/model/players/Client.java,getOutStream
12acfc45-bdfb-4343-9004-9be15dfd844c,server/model/items/ItemAssistant.java,setEquipment,->,12acfc45-bdfb-4343-9004-9be15dfd844c,server/util/Stream.java,writeDWord
12acfc45-bdfb-4343-9004-9be15dfd844c,server/model/items/ItemAssistant.java,setEquipment,->,12acfc45-bdfb-4343-9004-9be15dfd844c,server/model/players/Client.java,getOutStream
12acfc45-bdfb-4343-9004-9be15dfd844c,server/model/items/ItemAssistant.java,setEquipment,->,12acfc45-bdfb-4343-9004-9be15dfd844c,server/util/Stream.java,writeByte
12acfc45-bdfb-4343-9004-9be15dfd844c,server/model/items/ItemAssistant.java,setEquipment,->,12acfc45-bdfb-4343-9004-9be15dfd844c,server/model/players/Client.java,getOutStream
12acfc45-bdfb-4343-9004-9be15dfd844c,server/model/items/ItemAssistant.java,setEquipment,->,12acfc45-bdfb-4343-9004-9be15dfd844c,server/util/Stream.java,endFrameVarSizeWord
12acfc45-bdfb-4343-9004-9be15dfd844c,server/model/items/ItemAssistant.java,setEquipment,->,12acfc45-bdfb-4343-9004-9be15dfd844c,server/model/players/Client.java,flushOutStream
12acfc45-bdfb-4343-9004-9be15dfd844c,server/model/items/ItemAssistant.java,setEquipment,->,12acfc45-bdfb-4343-9004-9be15dfd844c,server/model/players/Client.java,setAppearanceUpdateRequired
12acfc45-bdfb-4343-9004-9be15dfd844c,server/model/items/ItemAssistant.java,moveItems,->,12acfc45-bdfb-4343-9004-9be15dfd844c,server/model/items/ItemAssistant.java,resetBank
12acfc45-bdfb-4343-9004-9be15dfd844c,server/model/items/ItemAssistant.java,moveItems,->,12acfc45-bdfb-4343-9004-9be15dfd844c,server/model/items/ItemAssistant.java,resetItems
12acfc45-bdfb-4343-9004-9be15dfd844c,server/model/items/ItemAssistant.java,moveItems,->,12acfc45-bdfb-4343-9004-9be15dfd844c,server/model/items/ItemAssistant.java,resetTempItems
12acfc45-bdfb-4343-9004-9be15dfd844c,server/model/items/ItemAssistant.java,moveItems,->,12acfc45-bdfb-4343-9004-9be15dfd844c,server/model/items/ItemAssistant.java,resetItems
12acfc45-bdfb-4343-9004-9be15dfd844c,server/model/items/ItemAssistant.java,deleteEquipment,->,12acfc45-bdfb-4343-9004-9be15dfd844c,server/model/players/Client.java,getOutStream
12acfc45-bdfb-4343-9004-9be15dfd844c,server/model/items/ItemAssistant.java,deleteEquipment,->,12acfc45-bdfb-4343-9004-9be15dfd844c,server/util/Stream.java,createFrame
12acfc45-bdfb-4343-9004-9be15dfd844c,server/model/items/ItemAssistant.java,deleteEquipment,->,12acfc45-bdfb-4343-9004-9be15dfd844c,server/model/players/Client.java,getOutStream
12acfc45-bdfb-4343-9004-9be15dfd844c,server/model/items/ItemAssistant.java,deleteEquipment,->,12acfc45-bdfb-4343-9004-9be15dfd844c,server/util/Stream.java,writeWord
12acfc45-bdfb-4343-9004-9be15dfd844c,server/model/items/ItemAssistant.java,deleteEquipment,->,12acfc45-bdfb-4343-9004-9be15dfd844c,server/model/players/Client.java,getOutStream
12acfc45-bdfb-4343-9004-9be15dfd844c,server/model/items/ItemAssistant.java,deleteEquipment,->,12acfc45-bdfb-4343-9004-9be15dfd844c,server/util/Stream.java,writeWord
12acfc45-bdfb-4343-9004-9be15dfd844c,server/model/items/ItemAssistant.java,deleteEquipment,->,12acfc45-bdfb-4343-9004-9be15dfd844c,server/model/players/Client.java,getOutStream
12acfc45-bdfb-4343-9004-9be15dfd844c,server/model/items/ItemAssistant.java,deleteEquipment,->,12acfc45-bdfb-4343-9004-9be15dfd844c,server/util/Stream.java,writeByte
12acfc45-bdfb-4343-9004-9be15dfd844c,server/model/items/ItemAssistant.java,deleteEquipment,->,12acfc45-bdfb-4343-9004-9be15dfd844c,server/model/players/Client.java,getOutStream
12acfc45-bdfb-4343-9004-9be15dfd844c,server/model/items/ItemAssistant.java,deleteEquipment,->,12acfc45-bdfb-4343-9004-9be15dfd844c,server/util/Stream.java,writeWord
12acfc45-bdfb-4343-9004-9be15dfd844c,server/model/items/ItemAssistant.java,deleteEquipment,->,12acfc45-bdfb-4343-9004-9be15dfd844c,server/model/players/Client.java,getOutStream
12acfc45-bdfb-4343-9004-9be15dfd844c,server/model/items/ItemAssistant.java,deleteEquipment,->,12acfc45-bdfb-4343-9004-9be15dfd844c,server/util/Stream.java,writeByte
12acfc45-bdfb-4343-9004-9be15dfd844c,server/model/items/ItemAssistant.java,deleteEquipment,->,12acfc45-bdfb-4343-9004-9be15dfd844c,server/model/items/ItemAssistant.java,getBonus
12acfc45-bdfb-4343-9004-9be15dfd844c,server/model/items/ItemAssistant.java,deleteEquipment,->,12acfc45-bdfb-4343-9004-9be15dfd844c,server/model/items/ItemAssistant.java,sendWeapon
12acfc45-bdfb-4343-9004-9be15dfd844c,server/model/items/ItemAssistant.java,deleteEquipment,->,12acfc45-bdfb-4343-9004-9be15dfd844c,server/model/items/ItemAssistant.java,resetBonus
12acfc45-bdfb-4343-9004-9be15dfd844c,server/model/items/ItemAssistant.java,deleteEquipment,->,12acfc45-bdfb-4343-9004-9be15dfd844c,server/model/items/ItemAssistant.java,getBonus
12acfc45-bdfb-4343-9004-9be15dfd844c,server/model/items/ItemAssistant.java,deleteEquipment,->,12acfc45-bdfb-4343-9004-9be15dfd844c,server/model/items/ItemAssistant.java,writeBonus
12acfc45-bdfb-4343-9004-9be15dfd844c,server/model/items/ItemAssistant.java,deleteEquipment,->,12acfc45-bdfb-4343-9004-9be15dfd844c,server/model/players/Client.java,setAppearanceUpdateRequired
12acfc45-bdfb-4343-9004-9be15dfd844c,server/model/items/ItemAssistant.java,deleteItem,->,12acfc45-bdfb-4343-9004-9be15dfd844c,server/model/items/ItemAssistant.java,getItemSlot
12acfc45-bdfb-4343-9004-9be15dfd844c,server/model/items/ItemAssistant.java,deleteItem,->,12acfc45-bdfb-4343-9004-9be15dfd844c,server/model/items/ItemAssistant.java,deleteItem
12acfc45-bdfb-4343-9004-9be15dfd844c,server/model/items/ItemAssistant.java,deleteItem,->,12acfc45-bdfb-4343-9004-9be15dfd844c,server/model/players/PlayerSave.java,saveGame
12acfc45-bdfb-4343-9004-9be15dfd844c,server/model/items/ItemAssistant.java,deleteItem,->,12acfc45-bdfb-4343-9004-9be15dfd844c,server/model/items/ItemAssistant.java,resetItems
12acfc45-bdfb-4343-9004-9be15dfd844c,server/model/items/ItemAssistant.java,deleteItem2,->,12acfc45-bdfb-4343-9004-9be15dfd844c,server/model/items/ItemAssistant.java,resetItems
12acfc45-bdfb-4343-9004-9be15dfd844c,server/model/items/ItemAssistant.java,deleteArrow,->,12acfc45-bdfb-4343-9004-9be15dfd844c,2c89cfe4-ed6d-446f-832b-3c203feb3155,12264cea-e176-47b1-b1bb-e3a14dc18d35
12acfc45-bdfb-4343-9004-9be15dfd844c,server/model/items/ItemAssistant.java,deleteArrow,->,12acfc45-bdfb-4343-9004-9be15dfd844c,server/model/players/Client.java,getItems
12acfc45-bdfb-4343-9004-9be15dfd844c,server/model/items/ItemAssistant.java,deleteArrow,->,12acfc45-bdfb-4343-9004-9be15dfd844c,server/model/items/ItemAssistant.java,deleteEquipment
12acfc45-bdfb-4343-9004-9be15dfd844c,server/model/items/ItemAssistant.java,deleteArrow,->,12acfc45-bdfb-4343-9004-9be15dfd844c,server/model/players/Client.java,getOutStream
12acfc45-bdfb-4343-9004-9be15dfd844c,server/model/items/ItemAssistant.java,deleteArrow,->,12acfc45-bdfb-4343-9004-9be15dfd844c,server/util/Stream.java,createFrameVarSizeWord
12acfc45-bdfb-4343-9004-9be15dfd844c,server/model/items/ItemAssistant.java,deleteArrow,->,12acfc45-bdfb-4343-9004-9be15dfd844c,server/model/players/Client.java,getOutStream
12acfc45-bdfb-4343-9004-9be15dfd844c,server/model/items/ItemAssistant.java,deleteArrow,->,12acfc45-bdfb-4343-9004-9be15dfd844c,server/util/Stream.java,writeWord
12acfc45-bdfb-4343-9004-9be15dfd844c,server/model/items/ItemAssistant.java,deleteArrow,->,12acfc45-bdfb-4343-9004-9be15dfd844c,server/model/players/Client.java,getOutStream
12acfc45-bdfb-4343-9004-9be15dfd844c,server/model/items/ItemAssistant.java,deleteArrow,->,12acfc45-bdfb-4343-9004-9be15dfd844c,server/util/Stream.java,writeByte
12acfc45-bdfb-4343-9004-9be15dfd844c,server/model/items/ItemAssistant.java,deleteArrow,->,12acfc45-bdfb-4343-9004-9be15dfd844c,server/model/players/Client.java,getOutStream
12acfc45-bdfb-4343-9004-9be15dfd844c,server/model/items/ItemAssistant.java,deleteArrow,->,12acfc45-bdfb-4343-9004-9be15dfd844c,server/util/Stream.java,writeWord
12acfc45-bdfb-4343-9004-9be15dfd844c,server/model/items/ItemAssistant.java,deleteArrow,->,12acfc45-bdfb-4343-9004-9be15dfd844c,server/model/players/Client.java,getOutStream
12acfc45-bdfb-4343-9004-9be15dfd844c,server/model/items/ItemAssistant.java,deleteArrow,->,12acfc45-bdfb-4343-9004-9be15dfd844c,server/util/Stream.java,writeByte
12acfc45-bdfb-4343-9004-9be15dfd844c,server/model/items/ItemAssistant.java,deleteArrow,->,12acfc45-bdfb-4343-9004-9be15dfd844c,server/model/players/Client.java,getOutStream
12acfc45-bdfb-4343-9004-9be15dfd844c,server/model/items/ItemAssistant.java,deleteArrow,->,12acfc45-bdfb-4343-9004-9be15dfd844c,server/util/Stream.java,writeDWord
12acfc45-bdfb-4343-9004-9be15dfd844c,server/model/items/ItemAssistant.java,deleteArrow,->,12acfc45-bdfb-4343-9004-9be15dfd844c,server/model/players/Client.java,getOutStream
12acfc45-bdfb-4343-9004-9be15dfd844c,server/model/items/ItemAssistant.java,deleteArrow,->,12acfc45-bdfb-4343-9004-9be15dfd844c,server/util/Stream.java,writeByte
12acfc45-bdfb-4343-9004-9be15dfd844c,server/model/items/ItemAssistant.java,deleteArrow,->,12acfc45-bdfb-4343-9004-9be15dfd844c,server/model/players/Client.java,getOutStream
12acfc45-bdfb-4343-9004-9be15dfd844c,server/model/items/ItemAssistant.java,deleteArrow,->,12acfc45-bdfb-4343-9004-9be15dfd844c,server/util/Stream.java,endFrameVarSizeWord
12acfc45-bdfb-4343-9004-9be15dfd844c,server/model/items/ItemAssistant.java,deleteArrow,->,12acfc45-bdfb-4343-9004-9be15dfd844c,server/model/players/Client.java,flushOutStream
12acfc45-bdfb-4343-9004-9be15dfd844c,server/model/items/ItemAssistant.java,deleteArrow,->,12acfc45-bdfb-4343-9004-9be15dfd844c,server/model/players/Client.java,setAppearanceUpdateRequired
12acfc45-bdfb-4343-9004-9be15dfd844c,server/model/items/ItemAssistant.java,deleteEquipment,->,12acfc45-bdfb-4343-9004-9be15dfd844c,server/model/players/Client.java,getItems
12acfc45-bdfb-4343-9004-9be15dfd844c,server/model/items/ItemAssistant.java,deleteEquipment,->,12acfc45-bdfb-4343-9004-9be15dfd844c,server/model/items/ItemAssistant.java,deleteEquipment
12acfc45-bdfb-4343-9004-9be15dfd844c,server/model/items/ItemAssistant.java,deleteEquipment,->,12acfc45-bdfb-4343-9004-9be15dfd844c,server/model/players/Client.java,getOutStream
12acfc45-bdfb-4343-9004-9be15dfd844c,server/model/items/ItemAssistant.java,deleteEquipment,->,12acfc45-bdfb-4343-9004-9be15dfd844c,server/util/Stream.java,createFrameVarSizeWord
12acfc45-bdfb-4343-9004-9be15dfd844c,server/model/items/ItemAssistant.java,deleteEquipment,->,12acfc45-bdfb-4343-9004-9be15dfd844c,server/model/players/Client.java,getOutStream
12acfc45-bdfb-4343-9004-9be15dfd844c,server/model/items/ItemAssistant.java,deleteEquipment,->,12acfc45-bdfb-4343-9004-9be15dfd844c,server/util/Stream.java,writeWord
12acfc45-bdfb-4343-9004-9be15dfd844c,server/model/items/ItemAssistant.java,deleteEquipment,->,12acfc45-bdfb-4343-9004-9be15dfd844c,server/model/players/Client.java,getOutStream
12acfc45-bdfb-4343-9004-9be15dfd844c,server/model/items/ItemAssistant.java,deleteEquipment,->,12acfc45-bdfb-4343-9004-9be15dfd844c,server/util/Stream.java,writeByte
12acfc45-bdfb-4343-9004-9be15dfd844c,server/model/items/ItemAssistant.java,deleteEquipment,->,12acfc45-bdfb-4343-9004-9be15dfd844c,server/model/players/Client.java,getOutStream
12acfc45-bdfb-4343-9004-9be15dfd844c,server/model/items/ItemAssistant.java,deleteEquipment,->,12acfc45-bdfb-4343-9004-9be15dfd844c,server/util/Stream.java,writeWord
12acfc45-bdfb-4343-9004-9be15dfd844c,server/model/items/ItemAssistant.java,deleteEquipment,->,12acfc45-bdfb-4343-9004-9be15dfd844c,server/model/players/Client.java,getOutStream
12acfc45-bdfb-4343-9004-9be15dfd844c,server/model/items/ItemAssistant.java,deleteEquipment,->,12acfc45-bdfb-4343-9004-9be15dfd844c,server/util/Stream.java,writeByte
12acfc45-bdfb-4343-9004-9be15dfd844c,server/model/items/ItemAssistant.java,deleteEquipment,->,12acfc45-bdfb-4343-9004-9be15dfd844c,server/model/players/Client.java,getOutStream
12acfc45-bdfb-4343-9004-9be15dfd844c,server/model/items/ItemAssistant.java,deleteEquipment,->,12acfc45-bdfb-4343-9004-9be15dfd844c,server/util/Stream.java,writeDWord
12acfc45-bdfb-4343-9004-9be15dfd844c,server/model/items/ItemAssistant.java,deleteEquipment,->,12acfc45-bdfb-4343-9004-9be15dfd844c,server/model/players/Client.java,getOutStream
12acfc45-bdfb-4343-9004-9be15dfd844c,server/model/items/ItemAssistant.java,deleteEquipment,->,12acfc45-bdfb-4343-9004-9be15dfd844c,server/util/Stream.java,writeByte
12acfc45-bdfb-4343-9004-9be15dfd844c,server/model/items/ItemAssistant.java,deleteEquipment,->,12acfc45-bdfb-4343-9004-9be15dfd844c,server/model/players/Client.java,getOutStream
12acfc45-bdfb-4343-9004-9be15dfd844c,server/model/items/ItemAssistant.java,deleteEquipment,->,12acfc45-bdfb-4343-9004-9be15dfd844c,server/util/Stream.java,endFrameVarSizeWord
12acfc45-bdfb-4343-9004-9be15dfd844c,server/model/items/ItemAssistant.java,deleteEquipment,->,12acfc45-bdfb-4343-9004-9be15dfd844c,server/model/players/Client.java,flushOutStream
12acfc45-bdfb-4343-9004-9be15dfd844c,server/model/items/ItemAssistant.java,deleteEquipment,->,12acfc45-bdfb-4343-9004-9be15dfd844c,server/model/players/Client.java,setAppearanceUpdateRequired
12acfc45-bdfb-4343-9004-9be15dfd844c,server/model/items/ItemAssistant.java,dropArrowNpc,->,12acfc45-bdfb-4343-9004-9be15dfd844c,5849ef3e-9280-4348-a3c8-451a741eecc1,be4814f2-9691-46f9-8036-ee2d782c6652
12acfc45-bdfb-4343-9004-9be15dfd844c,server/model/items/ItemAssistant.java,dropArrowNpc,->,12acfc45-bdfb-4343-9004-9be15dfd844c,5849ef3e-9280-4348-a3c8-451a741eecc1,06abc11f-87f2-4398-ad11-b60bfae4491e
12acfc45-bdfb-4343-9004-9be15dfd844c,server/model/items/ItemAssistant.java,dropArrowNpc,->,12acfc45-bdfb-4343-9004-9be15dfd844c,2c89cfe4-ed6d-446f-832b-3c203feb3155,12264cea-e176-47b1-b1bb-e3a14dc18d35
12acfc45-bdfb-4343-9004-9be15dfd844c,server/model/items/ItemAssistant.java,dropArrowNpc,->,12acfc45-bdfb-4343-9004-9be15dfd844c,server/world/ItemHandler.java,itemAmount
12acfc45-bdfb-4343-9004-9be15dfd844c,server/model/items/ItemAssistant.java,dropArrowNpc,->,12acfc45-bdfb-4343-9004-9be15dfd844c,server/model/players/Client.java,getId
12acfc45-bdfb-4343-9004-9be15dfd844c,server/model/items/ItemAssistant.java,dropArrowNpc,->,12acfc45-bdfb-4343-9004-9be15dfd844c,server/world/ItemHandler.java,createGroundItem
12acfc45-bdfb-4343-9004-9be15dfd844c,server/model/items/ItemAssistant.java,dropArrowNpc,->,12acfc45-bdfb-4343-9004-9be15dfd844c,server/world/ItemHandler.java,itemAmount
12acfc45-bdfb-4343-9004-9be15dfd844c,server/model/items/ItemAssistant.java,dropArrowNpc,->,12acfc45-bdfb-4343-9004-9be15dfd844c,server/world/ItemHandler.java,itemAmount
12acfc45-bdfb-4343-9004-9be15dfd844c,server/model/items/ItemAssistant.java,dropArrowNpc,->,12acfc45-bdfb-4343-9004-9be15dfd844c,server/world/ItemHandler.java,removeGroundItem
12acfc45-bdfb-4343-9004-9be15dfd844c,server/model/items/ItemAssistant.java,dropArrowNpc,->,12acfc45-bdfb-4343-9004-9be15dfd844c,server/model/players/Client.java,getId
12acfc45-bdfb-4343-9004-9be15dfd844c,server/model/items/ItemAssistant.java,dropArrowNpc,->,12acfc45-bdfb-4343-9004-9be15dfd844c,server/world/ItemHandler.java,createGroundItem
12acfc45-bdfb-4343-9004-9be15dfd844c,server/model/items/ItemAssistant.java,dropArrowPlayer,->,12acfc45-bdfb-4343-9004-9be15dfd844c,server/model/players/Player.java,getX
12acfc45-bdfb-4343-9004-9be15dfd844c,server/model/items/ItemAssistant.java,dropArrowPlayer,->,12acfc45-bdfb-4343-9004-9be15dfd844c,server/model/players/Player.java,getY
12acfc45-bdfb-4343-9004-9be15dfd844c,server/model/items/ItemAssistant.java,dropArrowPlayer,->,12acfc45-bdfb-4343-9004-9be15dfd844c,2c89cfe4-ed6d-446f-832b-3c203feb3155,12264cea-e176-47b1-b1bb-e3a14dc18d35
12acfc45-bdfb-4343-9004-9be15dfd844c,server/model/items/ItemAssistant.java,dropArrowPlayer,->,12acfc45-bdfb-4343-9004-9be15dfd844c,server/world/ItemHandler.java,itemAmount
12acfc45-bdfb-4343-9004-9be15dfd844c,server/model/items/ItemAssistant.java,dropArrowPlayer,->,12acfc45-bdfb-4343-9004-9be15dfd844c,server/model/players/Client.java,getId
12acfc45-bdfb-4343-9004-9be15dfd844c,server/model/items/ItemAssistant.java,dropArrowPlayer,->,12acfc45-bdfb-4343-9004-9be15dfd844c,server/world/ItemHandler.java,createGroundItem
12acfc45-bdfb-4343-9004-9be15dfd844c,server/model/items/ItemAssistant.java,dropArrowPlayer,->,12acfc45-bdfb-4343-9004-9be15dfd844c,server/world/ItemHandler.java,itemAmount
12acfc45-bdfb-4343-9004-9be15dfd844c,server/model/items/ItemAssistant.java,dropArrowPlayer,->,12acfc45-bdfb-4343-9004-9be15dfd844c,server/world/ItemHandler.java,itemAmount
12acfc45-bdfb-4343-9004-9be15dfd844c,server/model/items/ItemAssistant.java,dropArrowPlayer,->,12acfc45-bdfb-4343-9004-9be15dfd844c,server/world/ItemHandler.java,removeGroundItem
12acfc45-bdfb-4343-9004-9be15dfd844c,server/model/items/ItemAssistant.java,dropArrowPlayer,->,12acfc45-bdfb-4343-9004-9be15dfd844c,server/model/players/Client.java,getId
12acfc45-bdfb-4343-9004-9be15dfd844c,server/model/items/ItemAssistant.java,dropArrowPlayer,->,12acfc45-bdfb-4343-9004-9be15dfd844c,server/world/ItemHandler.java,createGroundItem
12acfc45-bdfb-4343-9004-9be15dfd844c,server/model/items/ItemAssistant.java,removeAllItems,->,12acfc45-bdfb-4343-9004-9be15dfd844c,server/model/items/ItemAssistant.java,resetItems
12acfc45-bdfb-4343-9004-9be15dfd844c,server/model/items/ItemAssistant.java,getItemId,->,12acfc45-bdfb-4343-9004-9be15dfd844c,java/lang/String.java,equalsIgnoreCase
12acfc45-bdfb-4343-9004-9be15dfd844c,server/model/items/ItemAssistant.java,getUnnotedItem,->,12acfc45-bdfb-4343-9004-9be15dfd844c,java/lang/String.java,startsWith
12acfc45-bdfb-4343-9004-9be15dfd844c,server/model/items/ItemAssistant.java,createGroundItem,->,12acfc45-bdfb-4343-9004-9be15dfd844c,server/model/players/Client.java,getOutStream
12acfc45-bdfb-4343-9004-9be15dfd844c,server/model/items/ItemAssistant.java,createGroundItem,->,12acfc45-bdfb-4343-9004-9be15dfd844c,server/util/Stream.java,createFrame
12acfc45-bdfb-4343-9004-9be15dfd844c,server/model/items/ItemAssistant.java,createGroundItem,->,12acfc45-bdfb-4343-9004-9be15dfd844c,server/model/players/Client.java,getOutStream
12acfc45-bdfb-4343-9004-9be15dfd844c,server/model/items/ItemAssistant.java,createGroundItem,->,12acfc45-bdfb-4343-9004-9be15dfd844c,server/util/Stream.java,writeByteC
12acfc45-bdfb-4343-9004-9be15dfd844c,server/model/items/ItemAssistant.java,createGroundItem,->,12acfc45-bdfb-4343-9004-9be15dfd844c,server/model/players/Client.java,getOutStream
12acfc45-bdfb-4343-9004-9be15dfd844c,server/model/items/ItemAssistant.java,createGroundItem,->,12acfc45-bdfb-4343-9004-9be15dfd844c,server/util/Stream.java,writeByteC
12acfc45-bdfb-4343-9004-9be15dfd844c,server/model/items/ItemAssistant.java,createGroundItem,->,12acfc45-bdfb-4343-9004-9be15dfd844c,server/model/players/Client.java,getOutStream
12acfc45-bdfb-4343-9004-9be15dfd844c,server/model/items/ItemAssistant.java,createGroundItem,->,12acfc45-bdfb-4343-9004-9be15dfd844c,server/util/Stream.java,createFrame
12acfc45-bdfb-4343-9004-9be15dfd844c,server/model/items/ItemAssistant.java,createGroundItem,->,12acfc45-bdfb-4343-9004-9be15dfd844c,server/model/players/Client.java,getOutStream
12acfc45-bdfb-4343-9004-9be15dfd844c,server/model/items/ItemAssistant.java,createGroundItem,->,12acfc45-bdfb-4343-9004-9be15dfd844c,server/util/Stream.java,writeWordBigEndianA
12acfc45-bdfb-4343-9004-9be15dfd844c,server/model/items/ItemAssistant.java,createGroundItem,->,12acfc45-bdfb-4343-9004-9be15dfd844c,server/model/players/Client.java,getOutStream
12acfc45-bdfb-4343-9004-9be15dfd844c,server/model/items/ItemAssistant.java,createGroundItem,->,12acfc45-bdfb-4343-9004-9be15dfd844c,server/util/Stream.java,writeWord
12acfc45-bdfb-4343-9004-9be15dfd844c,server/model/items/ItemAssistant.java,createGroundItem,->,12acfc45-bdfb-4343-9004-9be15dfd844c,server/model/players/Client.java,getOutStream
12acfc45-bdfb-4343-9004-9be15dfd844c,server/model/items/ItemAssistant.java,createGroundItem,->,12acfc45-bdfb-4343-9004-9be15dfd844c,server/util/Stream.java,writeByte
12acfc45-bdfb-4343-9004-9be15dfd844c,server/model/items/ItemAssistant.java,createGroundItem,->,12acfc45-bdfb-4343-9004-9be15dfd844c,server/model/players/Client.java,flushOutStream
12acfc45-bdfb-4343-9004-9be15dfd844c,server/model/items/ItemAssistant.java,removeGroundItem,->,12acfc45-bdfb-4343-9004-9be15dfd844c,server/model/players/Client.java,getOutStream
12acfc45-bdfb-4343-9004-9be15dfd844c,server/model/items/ItemAssistant.java,removeGroundItem,->,12acfc45-bdfb-4343-9004-9be15dfd844c,server/util/Stream.java,createFrame
12acfc45-bdfb-4343-9004-9be15dfd844c,server/model/items/ItemAssistant.java,removeGroundItem,->,12acfc45-bdfb-4343-9004-9be15dfd844c,server/model/players/Client.java,getOutStream
12acfc45-bdfb-4343-9004-9be15dfd844c,server/model/items/ItemAssistant.java,removeGroundItem,->,12acfc45-bdfb-4343-9004-9be15dfd844c,server/util/Stream.java,writeByteC
12acfc45-bdfb-4343-9004-9be15dfd844c,server/model/items/ItemAssistant.java,removeGroundItem,->,12acfc45-bdfb-4343-9004-9be15dfd844c,server/model/players/Client.java,getOutStream
12acfc45-bdfb-4343-9004-9be15dfd844c,server/model/items/ItemAssistant.java,removeGroundItem,->,12acfc45-bdfb-4343-9004-9be15dfd844c,server/util/Stream.java,writeByteC
12acfc45-bdfb-4343-9004-9be15dfd844c,server/model/items/ItemAssistant.java,removeGroundItem,->,12acfc45-bdfb-4343-9004-9be15dfd844c,server/model/players/Client.java,getOutStream
12acfc45-bdfb-4343-9004-9be15dfd844c,server/model/items/ItemAssistant.java,removeGroundItem,->,12acfc45-bdfb-4343-9004-9be15dfd844c,server/util/Stream.java,createFrame
12acfc45-bdfb-4343-9004-9be15dfd844c,server/model/items/ItemAssistant.java,removeGroundItem,->,12acfc45-bdfb-4343-9004-9be15dfd844c,server/model/players/Client.java,getOutStream
12acfc45-bdfb-4343-9004-9be15dfd844c,server/model/items/ItemAssistant.java,removeGroundItem,->,12acfc45-bdfb-4343-9004-9be15dfd844c,server/util/Stream.java,writeByteS
12acfc45-bdfb-4343-9004-9be15dfd844c,server/model/items/ItemAssistant.java,removeGroundItem,->,12acfc45-bdfb-4343-9004-9be15dfd844c,server/model/players/Client.java,getOutStream
12acfc45-bdfb-4343-9004-9be15dfd844c,server/model/items/ItemAssistant.java,removeGroundItem,->,12acfc45-bdfb-4343-9004-9be15dfd844c,server/util/Stream.java,writeWord
12acfc45-bdfb-4343-9004-9be15dfd844c,server/model/items/ItemAssistant.java,removeGroundItem,->,12acfc45-bdfb-4343-9004-9be15dfd844c,server/model/players/Client.java,flushOutStream
12acfc45-bdfb-4343-9004-9be15dfd844c,server/model/items/ItemAssistant.java,ownsCape,->,12acfc45-bdfb-4343-9004-9be15dfd844c,server/model/players/Client.java,getItems
12acfc45-bdfb-4343-9004-9be15dfd844c,server/model/items/ItemAssistant.java,ownsCape,->,12acfc45-bdfb-4343-9004-9be15dfd844c,server/model/items/ItemAssistant.java,playerHasItem
12acfc45-bdfb-4343-9004-9be15dfd844c,server/model/items/ItemAssistant.java,ownsCape,->,12acfc45-bdfb-4343-9004-9be15dfd844c,server/model/players/Client.java,getItems
12acfc45-bdfb-4343-9004-9be15dfd844c,server/model/items/ItemAssistant.java,ownsCape,->,12acfc45-bdfb-4343-9004-9be15dfd844c,server/model/items/ItemAssistant.java,playerHasItem
12acfc45-bdfb-4343-9004-9be15dfd844c,server/model/items/ItemAssistant.java,ownsCape,->,12acfc45-bdfb-4343-9004-9be15dfd844c,server/model/players/Client.java,getItems
12acfc45-bdfb-4343-9004-9be15dfd844c,server/model/items/ItemAssistant.java,ownsCape,->,12acfc45-bdfb-4343-9004-9be15dfd844c,server/model/items/ItemAssistant.java,playerHasItem
12acfc45-bdfb-4343-9004-9be15dfd844c,server/model/items/ItemAssistant.java,hasAllShards,->,12acfc45-bdfb-4343-9004-9be15dfd844c,server/model/items/ItemAssistant.java,playerHasItem
12acfc45-bdfb-4343-9004-9be15dfd844c,server/model/items/ItemAssistant.java,hasAllShards,->,12acfc45-bdfb-4343-9004-9be15dfd844c,server/model/items/ItemAssistant.java,playerHasItem
12acfc45-bdfb-4343-9004-9be15dfd844c,server/model/items/ItemAssistant.java,hasAllShards,->,12acfc45-bdfb-4343-9004-9be15dfd844c,server/model/items/ItemAssistant.java,playerHasItem
12acfc45-bdfb-4343-9004-9be15dfd844c,server/model/items/ItemAssistant.java,makeBlade,->,12acfc45-bdfb-4343-9004-9be15dfd844c,server/model/items/ItemAssistant.java,deleteItem
12acfc45-bdfb-4343-9004-9be15dfd844c,server/model/items/ItemAssistant.java,makeBlade,->,12acfc45-bdfb-4343-9004-9be15dfd844c,server/model/items/ItemAssistant.java,deleteItem
12acfc45-bdfb-4343-9004-9be15dfd844c,server/model/items/ItemAssistant.java,makeBlade,->,12acfc45-bdfb-4343-9004-9be15dfd844c,server/model/items/ItemAssistant.java,deleteItem
12acfc45-bdfb-4343-9004-9be15dfd844c,server/model/items/ItemAssistant.java,makeBlade,->,12acfc45-bdfb-4343-9004-9be15dfd844c,server/model/items/ItemAssistant.java,addItem
12acfc45-bdfb-4343-9004-9be15dfd844c,server/model/items/ItemAssistant.java,makeBlade,->,12acfc45-bdfb-4343-9004-9be15dfd844c,server/model/players/Client.java,sendMessage
12acfc45-bdfb-4343-9004-9be15dfd844c,server/model/items/ItemAssistant.java,makeGodsword,->,12acfc45-bdfb-4343-9004-9be15dfd844c,server/model/items/ItemAssistant.java,playerHasItem
12acfc45-bdfb-4343-9004-9be15dfd844c,server/model/items/ItemAssistant.java,makeGodsword,->,12acfc45-bdfb-4343-9004-9be15dfd844c,server/model/items/ItemAssistant.java,playerHasItem
12acfc45-bdfb-4343-9004-9be15dfd844c,server/model/items/ItemAssistant.java,makeGodsword,->,12acfc45-bdfb-4343-9004-9be15dfd844c,server/model/items/ItemAssistant.java,deleteItem
12acfc45-bdfb-4343-9004-9be15dfd844c,server/model/items/ItemAssistant.java,makeGodsword,->,12acfc45-bdfb-4343-9004-9be15dfd844c,server/model/items/ItemAssistant.java,deleteItem
12acfc45-bdfb-4343-9004-9be15dfd844c,server/model/items/ItemAssistant.java,makeGodsword,->,12acfc45-bdfb-4343-9004-9be15dfd844c,server/model/items/ItemAssistant.java,addItem
12acfc45-bdfb-4343-9004-9be15dfd844c,server/model/items/ItemAssistant.java,makeGodsword,->,12acfc45-bdfb-4343-9004-9be15dfd844c,server/model/players/Client.java,sendMessage
12acfc45-bdfb-4343-9004-9be15dfd844c,server/model/items/Item.java,isFullBody,->,12acfc45-bdfb-4343-9004-9be15dfd844c,server/model/items/Item.java,getItemName
12acfc45-bdfb-4343-9004-9be15dfd844c,server/model/items/Item.java,isFullBody,->,12acfc45-bdfb-4343-9004-9be15dfd844c,java/lang/String.java,endsWith
12acfc45-bdfb-4343-9004-9be15dfd844c,server/model/items/Item.java,isFullHelm,->,12acfc45-bdfb-4343-9004-9be15dfd844c,server/model/items/Item.java,getItemName
12acfc45-bdfb-4343-9004-9be15dfd844c,server/model/items/Item.java,isFullHelm,->,12acfc45-bdfb-4343-9004-9be15dfd844c,java/lang/String.java,endsWith
12acfc45-bdfb-4343-9004-9be15dfd844c,server/model/items/Item.java,isFullMask,->,12acfc45-bdfb-4343-9004-9be15dfd844c,server/model/items/Item.java,getItemName
12acfc45-bdfb-4343-9004-9be15dfd844c,server/model/items/Item.java,isFullMask,->,12acfc45-bdfb-4343-9004-9be15dfd844c,java/lang/String.java,endsWith
12acfc45-bdfb-4343-9004-9be15dfd844c,server/model/items/Item.java,<clinit>,->,12acfc45-bdfb-4343-9004-9be15dfd844c,java/io/FileInputStream.java,read
12acfc45-bdfb-4343-9004-9be15dfd844c,server/model/items/Item.java,<clinit>,->,12acfc45-bdfb-4343-9004-9be15dfd844c,java/io/FileInputStream.java,close
12acfc45-bdfb-4343-9004-9be15dfd844c,server/model/items/Item.java,<clinit>,->,12acfc45-bdfb-4343-9004-9be15dfd844c,java/io/PrintStream.java,println
12acfc45-bdfb-4343-9004-9be15dfd844c,server/model/items/Item.java,<clinit>,->,12acfc45-bdfb-4343-9004-9be15dfd844c,java/io/IOException.java,printStackTrace
12acfc45-bdfb-4343-9004-9be15dfd844c,server/model/items/Item.java,<clinit>,->,12acfc45-bdfb-4343-9004-9be15dfd844c,java/io/FileInputStream.java,read
12acfc45-bdfb-4343-9004-9be15dfd844c,server/model/items/Item.java,<clinit>,->,12acfc45-bdfb-4343-9004-9be15dfd844c,java/io/FileInputStream.java,close
12acfc45-bdfb-4343-9004-9be15dfd844c,server/model/items/Item.java,<clinit>,->,12acfc45-bdfb-4343-9004-9be15dfd844c,java/io/PrintStream.java,println
12acfc45-bdfb-4343-9004-9be15dfd844c,server/model/items/Item.java,<clinit>,->,12acfc45-bdfb-4343-9004-9be15dfd844c,java/io/IOException.java,printStackTrace
12acfc45-bdfb-4343-9004-9be15dfd844c,server/model/items/Item.java,<clinit>,->,12acfc45-bdfb-4343-9004-9be15dfd844c,java/io/FileInputStream.java,read
12acfc45-bdfb-4343-9004-9be15dfd844c,server/model/items/Item.java,<clinit>,->,12acfc45-bdfb-4343-9004-9be15dfd844c,java/io/FileInputStream.java,close
12acfc45-bdfb-4343-9004-9be15dfd844c,server/model/items/Item.java,<clinit>,->,12acfc45-bdfb-4343-9004-9be15dfd844c,java/io/PrintStream.java,println
12acfc45-bdfb-4343-9004-9be15dfd844c,server/model/items/Item.java,<clinit>,->,12acfc45-bdfb-4343-9004-9be15dfd844c,java/io/IOException.java,printStackTrace
12acfc45-bdfb-4343-9004-9be15dfd844c,server/model/items/UseItem.java,ItemonObject,->,12acfc45-bdfb-4343-9004-9be15dfd844c,server/model/players/Client.java,getItems
12acfc45-bdfb-4343-9004-9be15dfd844c,server/model/items/UseItem.java,ItemonObject,->,12acfc45-bdfb-4343-9004-9be15dfd844c,server/model/items/ItemAssistant.java,playerHasItem
12acfc45-bdfb-4343-9004-9be15dfd844c,server/model/items/UseItem.java,ItemonObject,->,12acfc45-bdfb-4343-9004-9be15dfd844c,ee65cf7d-3a1d-496c-961e-e78d2d7c4caf,1bedee67-b1d3-4595-b81c-c754e1eb162b
12acfc45-bdfb-4343-9004-9be15dfd844c,server/model/items/UseItem.java,ItemonObject,->,12acfc45-bdfb-4343-9004-9be15dfd844c,java/lang/String.java,equalsIgnoreCase
12acfc45-bdfb-4343-9004-9be15dfd844c,server/model/items/UseItem.java,ItemonObject,->,12acfc45-bdfb-4343-9004-9be15dfd844c,server/model/players/skills/JewelryMaking.java,jewelryInterface
12acfc45-bdfb-4343-9004-9be15dfd844c,server/model/items/UseItem.java,ItemonObject,->,12acfc45-bdfb-4343-9004-9be15dfd844c,server/model/players/Client.java,getSmithingInt
12acfc45-bdfb-4343-9004-9be15dfd844c,server/model/items/UseItem.java,ItemonObject,->,12acfc45-bdfb-4343-9004-9be15dfd844c,server/model/players/skills/SmithingInterface.java,showSmithInterface
12acfc45-bdfb-4343-9004-9be15dfd844c,server/model/items/UseItem.java,ItemonObject,->,12acfc45-bdfb-4343-9004-9be15dfd844c,server/model/players/Client.java,getFarming
12acfc45-bdfb-4343-9004-9be15dfd844c,server/model/items/UseItem.java,ItemonObject,->,12acfc45-bdfb-4343-9004-9be15dfd844c,server/model/players/skills/Farming.java,checkItemOnObject
12acfc45-bdfb-4343-9004-9be15dfd844c,server/model/items/UseItem.java,ItemonObject,->,12acfc45-bdfb-4343-9004-9be15dfd844c,server/model/players/Client.java,getPrayer
12acfc45-bdfb-4343-9004-9be15dfd844c,server/model/items/UseItem.java,ItemonObject,->,12acfc45-bdfb-4343-9004-9be15dfd844c,server/content/skill/Prayer.java,IsABone
12acfc45-bdfb-4343-9004-9be15dfd844c,server/model/items/UseItem.java,ItemonObject,->,12acfc45-bdfb-4343-9004-9be15dfd844c,server/model/players/Client.java,getPrayer
12acfc45-bdfb-4343-9004-9be15dfd844c,server/model/items/UseItem.java,ItemonObject,->,12acfc45-bdfb-4343-9004-9be15dfd844c,server/content/skill/Prayer.java,bonesOnAltar
12acfc45-bdfb-4343-9004-9be15dfd844c,server/model/items/UseItem.java,ItemonObject,->,12acfc45-bdfb-4343-9004-9be15dfd844c,java/lang/StringBuilder.java,append
12acfc45-bdfb-4343-9004-9be15dfd844c,server/model/items/UseItem.java,ItemonObject,->,12acfc45-bdfb-4343-9004-9be15dfd844c,java/lang/StringBuilder.java,append
12acfc45-bdfb-4343-9004-9be15dfd844c,server/model/items/UseItem.java,ItemonObject,->,12acfc45-bdfb-4343-9004-9be15dfd844c,java/lang/StringBuilder.java,append
12acfc45-bdfb-4343-9004-9be15dfd844c,server/model/items/UseItem.java,ItemonObject,->,12acfc45-bdfb-4343-9004-9be15dfd844c,java/lang/StringBuilder.java,append
12acfc45-bdfb-4343-9004-9be15dfd844c,server/model/items/UseItem.java,ItemonObject,->,12acfc45-bdfb-4343-9004-9be15dfd844c,java/lang/StringBuilder.java,toString
12acfc45-bdfb-4343-9004-9be15dfd844c,server/model/items/UseItem.java,ItemonObject,->,12acfc45-bdfb-4343-9004-9be15dfd844c,2c89cfe4-ed6d-446f-832b-3c203feb3155,cf0eb5d1-f945-4cc7-9eaa-55b858ed55c6
12acfc45-bdfb-4343-9004-9be15dfd844c,server/model/items/UseItem.java,ItemonItem,->,12acfc45-bdfb-4343-9004-9be15dfd844c,4dd5853c-a4f2-4f1c-93d4-b3b7c81da534,58d925fc-662b-48dc-b5b9-4b807577145d
12acfc45-bdfb-4343-9004-9be15dfd844c,server/model/items/UseItem.java,ItemonItem,->,12acfc45-bdfb-4343-9004-9be15dfd844c,server/model/players/skills/PotionMaking.java,createUnfinishedPotion
12acfc45-bdfb-4343-9004-9be15dfd844c,server/model/items/UseItem.java,ItemonItem,->,12acfc45-bdfb-4343-9004-9be15dfd844c,server/model/players/skills/PotionMaking.java,createPotion
12acfc45-bdfb-4343-9004-9be15dfd844c,server/model/items/UseItem.java,ItemonItem,->,12acfc45-bdfb-4343-9004-9be15dfd844c,server/model/players/skills/JewelryMaking.java,stringAmulet
12acfc45-bdfb-4343-9004-9be15dfd844c,server/model/items/UseItem.java,ItemonItem,->,12acfc45-bdfb-4343-9004-9be15dfd844c,bac4b9ff-db51-4926-8515-7d06c24a0fa8,7a68b3c9-bd75-49ad-93f7-71470fcb7422
12acfc45-bdfb-4343-9004-9be15dfd844c,server/model/items/UseItem.java,ItemonItem,->,12acfc45-bdfb-4343-9004-9be15dfd844c,server/model/players/Client.java,getHerblore
12acfc45-bdfb-4343-9004-9be15dfd844c,server/model/items/UseItem.java,ItemonItem,->,12acfc45-bdfb-4343-9004-9be15dfd844c,server/model/players/skills/Herblore.java,handlePotMaking
12acfc45-bdfb-4343-9004-9be15dfd844c,server/model/items/UseItem.java,ItemonItem,->,12acfc45-bdfb-4343-9004-9be15dfd844c,server/model/players/Client.java,getItems
12acfc45-bdfb-4343-9004-9be15dfd844c,server/model/items/UseItem.java,ItemonItem,->,12acfc45-bdfb-4343-9004-9be15dfd844c,server/model/items/ItemAssistant.java,getItemName
12acfc45-bdfb-4343-9004-9be15dfd844c,server/model/items/UseItem.java,ItemonItem,->,12acfc45-bdfb-4343-9004-9be15dfd844c,java/lang/String.java,contains
12acfc45-bdfb-4343-9004-9be15dfd844c,server/model/items/UseItem.java,ItemonItem,->,12acfc45-bdfb-4343-9004-9be15dfd844c,server/model/players/Client.java,getItems
12acfc45-bdfb-4343-9004-9be15dfd844c,server/model/items/UseItem.java,ItemonItem,->,12acfc45-bdfb-4343-9004-9be15dfd844c,server/model/items/ItemAssistant.java,getItemName
12acfc45-bdfb-4343-9004-9be15dfd844c,server/model/items/UseItem.java,ItemonItem,->,12acfc45-bdfb-4343-9004-9be15dfd844c,java/lang/String.java,contains
12acfc45-bdfb-4343-9004-9be15dfd844c,server/model/items/UseItem.java,ItemonItem,->,12acfc45-bdfb-4343-9004-9be15dfd844c,server/model/players/Client.java,getPotMixing
12acfc45-bdfb-4343-9004-9be15dfd844c,server/model/items/UseItem.java,ItemonItem,->,12acfc45-bdfb-4343-9004-9be15dfd844c,29fee235-4a30-41e0-b87a-594f4cfdd9e1,b89b3015-3aa8-4f66-9fbb-1575689237ec
12acfc45-bdfb-4343-9004-9be15dfd844c,server/model/items/UseItem.java,ItemonItem,->,12acfc45-bdfb-4343-9004-9be15dfd844c,13a9d311-0d3f-4300-a522-b5da68ff6085,dcfc4387-84fd-4e03-ab68-875f222b5ca7
12acfc45-bdfb-4343-9004-9be15dfd844c,server/model/items/UseItem.java,ItemonItem,->,12acfc45-bdfb-4343-9004-9be15dfd844c,server/model/players/Client.java,getCrafting
12acfc45-bdfb-4343-9004-9be15dfd844c,server/model/items/UseItem.java,ItemonItem,->,12acfc45-bdfb-4343-9004-9be15dfd844c,server/model/players/skills/Crafting.java,handleChisel
12acfc45-bdfb-4343-9004-9be15dfd844c,server/model/items/UseItem.java,ItemonItem,->,12acfc45-bdfb-4343-9004-9be15dfd844c,server/model/players/Client.java,getFletching
12acfc45-bdfb-4343-9004-9be15dfd844c,server/model/items/UseItem.java,ItemonItem,->,12acfc45-bdfb-4343-9004-9be15dfd844c,server/model/players/skills/Fletching.java,handleLog
12acfc45-bdfb-4343-9004-9be15dfd844c,server/model/items/UseItem.java,ItemonItem,->,12acfc45-bdfb-4343-9004-9be15dfd844c,server/model/players/Client.java,getFletching
12acfc45-bdfb-4343-9004-9be15dfd844c,server/model/items/UseItem.java,ItemonItem,->,12acfc45-bdfb-4343-9004-9be15dfd844c,server/model/players/skills/Fletching.java,makeArrows
12acfc45-bdfb-4343-9004-9be15dfd844c,server/model/items/UseItem.java,ItemonItem,->,12acfc45-bdfb-4343-9004-9be15dfd844c,server/model/players/Client.java,getItems
12acfc45-bdfb-4343-9004-9be15dfd844c,server/model/items/UseItem.java,ItemonItem,->,12acfc45-bdfb-4343-9004-9be15dfd844c,server/model/players/Client.java,getItems
12acfc45-bdfb-4343-9004-9be15dfd844c,server/model/items/UseItem.java,ItemonItem,->,12acfc45-bdfb-4343-9004-9be15dfd844c,server/model/items/ItemAssistant.java,getItemSlot
12acfc45-bdfb-4343-9004-9be15dfd844c,server/model/items/UseItem.java,ItemonItem,->,12acfc45-bdfb-4343-9004-9be15dfd844c,server/model/items/ItemAssistant.java,deleteItem
12acfc45-bdfb-4343-9004-9be15dfd844c,server/model/items/UseItem.java,ItemonItem,->,12acfc45-bdfb-4343-9004-9be15dfd844c,server/model/players/Client.java,getItems
12acfc45-bdfb-4343-9004-9be15dfd844c,server/model/items/UseItem.java,ItemonItem,->,12acfc45-bdfb-4343-9004-9be15dfd844c,server/model/players/Client.java,getItems
12acfc45-bdfb-4343-9004-9be15dfd844c,server/model/items/UseItem.java,ItemonItem,->,12acfc45-bdfb-4343-9004-9be15dfd844c,server/model/items/ItemAssistant.java,getItemSlot
12acfc45-bdfb-4343-9004-9be15dfd844c,server/model/items/UseItem.java,ItemonItem,->,12acfc45-bdfb-4343-9004-9be15dfd844c,server/model/items/ItemAssistant.java,deleteItem
12acfc45-bdfb-4343-9004-9be15dfd844c,server/model/items/UseItem.java,ItemonItem,->,12acfc45-bdfb-4343-9004-9be15dfd844c,server/model/players/Client.java,getItems
12acfc45-bdfb-4343-9004-9be15dfd844c,server/model/items/UseItem.java,ItemonItem,->,12acfc45-bdfb-4343-9004-9be15dfd844c,server/model/items/ItemAssistant.java,addItem
12acfc45-bdfb-4343-9004-9be15dfd844c,server/model/items/UseItem.java,ItemonItem,->,12acfc45-bdfb-4343-9004-9be15dfd844c,server/model/players/Client.java,sendMessage
12acfc45-bdfb-4343-9004-9be15dfd844c,server/model/items/UseItem.java,ItemonItem,->,12acfc45-bdfb-4343-9004-9be15dfd844c,server/model/players/Client.java,getPA
12acfc45-bdfb-4343-9004-9be15dfd844c,server/model/items/UseItem.java,ItemonItem,->,12acfc45-bdfb-4343-9004-9be15dfd844c,991eb2a8-284a-4290-ae08-f54cf8834706,0955b7e8-1203-4e9d-8e85-6eeaf5af5ce5
12acfc45-bdfb-4343-9004-9be15dfd844c,server/model/items/UseItem.java,ItemonItem,->,12acfc45-bdfb-4343-9004-9be15dfd844c,server/model/players/Client.java,sendMessage
12acfc45-bdfb-4343-9004-9be15dfd844c,server/model/items/UseItem.java,ItemonItem,->,12acfc45-bdfb-4343-9004-9be15dfd844c,server/model/players/Client.java,getItems
12acfc45-bdfb-4343-9004-9be15dfd844c,server/model/items/UseItem.java,ItemonItem,->,12acfc45-bdfb-4343-9004-9be15dfd844c,server/model/items/ItemAssistant.java,getItemAmount
12acfc45-bdfb-4343-9004-9be15dfd844c,server/model/items/UseItem.java,ItemonItem,->,12acfc45-bdfb-4343-9004-9be15dfd844c,server/model/players/Client.java,getItems
12acfc45-bdfb-4343-9004-9be15dfd844c,server/model/items/UseItem.java,ItemonItem,->,12acfc45-bdfb-4343-9004-9be15dfd844c,server/model/items/ItemAssistant.java,getItemAmount
12acfc45-bdfb-4343-9004-9be15dfd844c,server/model/items/UseItem.java,ItemonItem,->,12acfc45-bdfb-4343-9004-9be15dfd844c,server/model/players/Client.java,getItems
12acfc45-bdfb-4343-9004-9be15dfd844c,server/model/items/UseItem.java,ItemonItem,->,12acfc45-bdfb-4343-9004-9be15dfd844c,server/model/items/ItemAssistant.java,getItemAmount
12acfc45-bdfb-4343-9004-9be15dfd844c,server/model/items/UseItem.java,ItemonItem,->,12acfc45-bdfb-4343-9004-9be15dfd844c,server/model/players/Client.java,getItems
12acfc45-bdfb-4343-9004-9be15dfd844c,server/model/items/UseItem.java,ItemonItem,->,12acfc45-bdfb-4343-9004-9be15dfd844c,server/model/items/ItemAssistant.java,getItemAmount
12acfc45-bdfb-4343-9004-9be15dfd844c,server/model/items/UseItem.java,ItemonItem,->,12acfc45-bdfb-4343-9004-9be15dfd844c,server/model/players/Client.java,getItems
12acfc45-bdfb-4343-9004-9be15dfd844c,server/model/items/UseItem.java,ItemonItem,->,12acfc45-bdfb-4343-9004-9be15dfd844c,server/model/players/Client.java,getItems
12acfc45-bdfb-4343-9004-9be15dfd844c,server/model/items/UseItem.java,ItemonItem,->,12acfc45-bdfb-4343-9004-9be15dfd844c,server/model/items/ItemAssistant.java,getItemSlot
12acfc45-bdfb-4343-9004-9be15dfd844c,server/model/items/UseItem.java,ItemonItem,->,12acfc45-bdfb-4343-9004-9be15dfd844c,server/model/items/ItemAssistant.java,deleteItem
12acfc45-bdfb-4343-9004-9be15dfd844c,server/model/items/UseItem.java,ItemonItem,->,12acfc45-bdfb-4343-9004-9be15dfd844c,server/model/players/Client.java,getItems
12acfc45-bdfb-4343-9004-9be15dfd844c,server/model/items/UseItem.java,ItemonItem,->,12acfc45-bdfb-4343-9004-9be15dfd844c,server/model/players/Client.java,getItems
12acfc45-bdfb-4343-9004-9be15dfd844c,server/model/items/UseItem.java,ItemonItem,->,12acfc45-bdfb-4343-9004-9be15dfd844c,server/model/items/ItemAssistant.java,getItemSlot
12acfc45-bdfb-4343-9004-9be15dfd844c,server/model/items/UseItem.java,ItemonItem,->,12acfc45-bdfb-4343-9004-9be15dfd844c,server/model/items/ItemAssistant.java,deleteItem
12acfc45-bdfb-4343-9004-9be15dfd844c,server/model/items/UseItem.java,ItemonItem,->,12acfc45-bdfb-4343-9004-9be15dfd844c,server/model/players/Client.java,getItems
12acfc45-bdfb-4343-9004-9be15dfd844c,server/model/items/UseItem.java,ItemonItem,->,12acfc45-bdfb-4343-9004-9be15dfd844c,server/model/items/ItemAssistant.java,addItem
12acfc45-bdfb-4343-9004-9be15dfd844c,server/model/items/UseItem.java,ItemonItem,->,12acfc45-bdfb-4343-9004-9be15dfd844c,server/model/players/Client.java,getPA
12acfc45-bdfb-4343-9004-9be15dfd844c,server/model/items/UseItem.java,ItemonItem,->,12acfc45-bdfb-4343-9004-9be15dfd844c,991eb2a8-284a-4290-ae08-f54cf8834706,0955b7e8-1203-4e9d-8e85-6eeaf5af5ce5
12acfc45-bdfb-4343-9004-9be15dfd844c,server/model/items/UseItem.java,ItemonItem,->,12acfc45-bdfb-4343-9004-9be15dfd844c,server/model/players/Client.java,sendMessage
12acfc45-bdfb-4343-9004-9be15dfd844c,server/model/items/UseItem.java,ItemonItem,->,12acfc45-bdfb-4343-9004-9be15dfd844c,server/model/players/Client.java,getItems
12acfc45-bdfb-4343-9004-9be15dfd844c,server/model/items/UseItem.java,ItemonItem,->,12acfc45-bdfb-4343-9004-9be15dfd844c,server/model/items/ItemAssistant.java,getItemAmount
12acfc45-bdfb-4343-9004-9be15dfd844c,server/model/items/UseItem.java,ItemonItem,->,12acfc45-bdfb-4343-9004-9be15dfd844c,server/model/players/Client.java,getItems
12acfc45-bdfb-4343-9004-9be15dfd844c,server/model/items/UseItem.java,ItemonItem,->,12acfc45-bdfb-4343-9004-9be15dfd844c,server/model/items/ItemAssistant.java,getItemAmount
12acfc45-bdfb-4343-9004-9be15dfd844c,server/model/items/UseItem.java,ItemonItem,->,12acfc45-bdfb-4343-9004-9be15dfd844c,server/model/players/Client.java,getItems
12acfc45-bdfb-4343-9004-9be15dfd844c,server/model/items/UseItem.java,ItemonItem,->,12acfc45-bdfb-4343-9004-9be15dfd844c,server/model/items/ItemAssistant.java,getItemAmount
12acfc45-bdfb-4343-9004-9be15dfd844c,server/model/items/UseItem.java,ItemonItem,->,12acfc45-bdfb-4343-9004-9be15dfd844c,server/model/players/Client.java,getItems
12acfc45-bdfb-4343-9004-9be15dfd844c,server/model/items/UseItem.java,ItemonItem,->,12acfc45-bdfb-4343-9004-9be15dfd844c,server/model/items/ItemAssistant.java,getItemAmount
12acfc45-bdfb-4343-9004-9be15dfd844c,server/model/items/UseItem.java,ItemonItem,->,12acfc45-bdfb-4343-9004-9be15dfd844c,server/model/players/Client.java,getItems
12acfc45-bdfb-4343-9004-9be15dfd844c,server/model/items/UseItem.java,ItemonItem,->,12acfc45-bdfb-4343-9004-9be15dfd844c,server/model/players/Client.java,getItems
12acfc45-bdfb-4343-9004-9be15dfd844c,server/model/items/UseItem.java,ItemonItem,->,12acfc45-bdfb-4343-9004-9be15dfd844c,server/model/items/ItemAssistant.java,getItemSlot
12acfc45-bdfb-4343-9004-9be15dfd844c,server/model/items/UseItem.java,ItemonItem,->,12acfc45-bdfb-4343-9004-9be15dfd844c,server/model/items/ItemAssistant.java,deleteItem
12acfc45-bdfb-4343-9004-9be15dfd844c,server/model/items/UseItem.java,ItemonItem,->,12acfc45-bdfb-4343-9004-9be15dfd844c,server/model/players/Client.java,getItems
12acfc45-bdfb-4343-9004-9be15dfd844c,server/model/items/UseItem.java,ItemonItem,->,12acfc45-bdfb-4343-9004-9be15dfd844c,server/model/players/Client.java,getItems
12acfc45-bdfb-4343-9004-9be15dfd844c,server/model/items/UseItem.java,ItemonItem,->,12acfc45-bdfb-4343-9004-9be15dfd844c,server/model/items/ItemAssistant.java,getItemSlot
12acfc45-bdfb-4343-9004-9be15dfd844c,server/model/items/UseItem.java,ItemonItem,->,12acfc45-bdfb-4343-9004-9be15dfd844c,server/model/items/ItemAssistant.java,deleteItem
12acfc45-bdfb-4343-9004-9be15dfd844c,server/model/items/UseItem.java,ItemonItem,->,12acfc45-bdfb-4343-9004-9be15dfd844c,server/model/players/Client.java,getItems
12acfc45-bdfb-4343-9004-9be15dfd844c,server/model/items/UseItem.java,ItemonItem,->,12acfc45-bdfb-4343-9004-9be15dfd844c,server/model/items/ItemAssistant.java,addItem
12acfc45-bdfb-4343-9004-9be15dfd844c,server/model/items/UseItem.java,ItemonItem,->,12acfc45-bdfb-4343-9004-9be15dfd844c,server/model/players/Client.java,getPA
12acfc45-bdfb-4343-9004-9be15dfd844c,server/model/items/UseItem.java,ItemonItem,->,12acfc45-bdfb-4343-9004-9be15dfd844c,991eb2a8-284a-4290-ae08-f54cf8834706,0955b7e8-1203-4e9d-8e85-6eeaf5af5ce5
12acfc45-bdfb-4343-9004-9be15dfd844c,server/model/items/UseItem.java,ItemonItem,->,12acfc45-bdfb-4343-9004-9be15dfd844c,server/model/players/Client.java,sendMessage
12acfc45-bdfb-4343-9004-9be15dfd844c,server/model/items/UseItem.java,ItemonItem,->,12acfc45-bdfb-4343-9004-9be15dfd844c,server/model/players/Client.java,getItems
12acfc45-bdfb-4343-9004-9be15dfd844c,server/model/items/UseItem.java,ItemonItem,->,12acfc45-bdfb-4343-9004-9be15dfd844c,server/model/items/ItemAssistant.java,getItemAmount
12acfc45-bdfb-4343-9004-9be15dfd844c,server/model/items/UseItem.java,ItemonItem,->,12acfc45-bdfb-4343-9004-9be15dfd844c,server/model/players/Client.java,getItems
12acfc45-bdfb-4343-9004-9be15dfd844c,server/model/items/UseItem.java,ItemonItem,->,12acfc45-bdfb-4343-9004-9be15dfd844c,server/model/items/ItemAssistant.java,getItemAmount
12acfc45-bdfb-4343-9004-9be15dfd844c,server/model/items/UseItem.java,ItemonItem,->,12acfc45-bdfb-4343-9004-9be15dfd844c,server/model/players/Client.java,getItems
12acfc45-bdfb-4343-9004-9be15dfd844c,server/model/items/UseItem.java,ItemonItem,->,12acfc45-bdfb-4343-9004-9be15dfd844c,server/model/items/ItemAssistant.java,getItemAmount
12acfc45-bdfb-4343-9004-9be15dfd844c,server/model/items/UseItem.java,ItemonItem,->,12acfc45-bdfb-4343-9004-9be15dfd844c,server/model/players/Client.java,getItems
12acfc45-bdfb-4343-9004-9be15dfd844c,server/model/items/UseItem.java,ItemonItem,->,12acfc45-bdfb-4343-9004-9be15dfd844c,server/model/items/ItemAssistant.java,getItemAmount
12acfc45-bdfb-4343-9004-9be15dfd844c,server/model/items/UseItem.java,ItemonItem,->,12acfc45-bdfb-4343-9004-9be15dfd844c,server/model/players/Client.java,getItems
12acfc45-bdfb-4343-9004-9be15dfd844c,server/model/items/UseItem.java,ItemonItem,->,12acfc45-bdfb-4343-9004-9be15dfd844c,server/model/players/Client.java,getItems
12acfc45-bdfb-4343-9004-9be15dfd844c,server/model/items/UseItem.java,ItemonItem,->,12acfc45-bdfb-4343-9004-9be15dfd844c,server/model/items/ItemAssistant.java,getItemSlot
12acfc45-bdfb-4343-9004-9be15dfd844c,server/model/items/UseItem.java,ItemonItem,->,12acfc45-bdfb-4343-9004-9be15dfd844c,server/model/items/ItemAssistant.java,deleteItem
12acfc45-bdfb-4343-9004-9be15dfd844c,server/model/items/UseItem.java,ItemonItem,->,12acfc45-bdfb-4343-9004-9be15dfd844c,server/model/players/Client.java,getItems
12acfc45-bdfb-4343-9004-9be15dfd844c,server/model/items/UseItem.java,ItemonItem,->,12acfc45-bdfb-4343-9004-9be15dfd844c,server/model/players/Client.java,getItems
12acfc45-bdfb-4343-9004-9be15dfd844c,server/model/items/UseItem.java,ItemonItem,->,12acfc45-bdfb-4343-9004-9be15dfd844c,server/model/items/ItemAssistant.java,getItemSlot
12acfc45-bdfb-4343-9004-9be15dfd844c,server/model/items/UseItem.java,ItemonItem,->,12acfc45-bdfb-4343-9004-9be15dfd844c,server/model/items/ItemAssistant.java,deleteItem
12acfc45-bdfb-4343-9004-9be15dfd844c,server/model/items/UseItem.java,ItemonItem,->,12acfc45-bdfb-4343-9004-9be15dfd844c,server/model/players/Client.java,getItems
12acfc45-bdfb-4343-9004-9be15dfd844c,server/model/items/UseItem.java,ItemonItem,->,12acfc45-bdfb-4343-9004-9be15dfd844c,server/model/items/ItemAssistant.java,addItem
12acfc45-bdfb-4343-9004-9be15dfd844c,server/model/items/UseItem.java,ItemonItem,->,12acfc45-bdfb-4343-9004-9be15dfd844c,server/model/players/Client.java,getPA
12acfc45-bdfb-4343-9004-9be15dfd844c,server/model/items/UseItem.java,ItemonItem,->,12acfc45-bdfb-4343-9004-9be15dfd844c,991eb2a8-284a-4290-ae08-f54cf8834706,0955b7e8-1203-4e9d-8e85-6eeaf5af5ce5
12acfc45-bdfb-4343-9004-9be15dfd844c,server/model/items/UseItem.java,ItemonItem,->,12acfc45-bdfb-4343-9004-9be15dfd844c,server/model/players/Client.java,sendMessage
12acfc45-bdfb-4343-9004-9be15dfd844c,server/model/items/UseItem.java,ItemonItem,->,12acfc45-bdfb-4343-9004-9be15dfd844c,server/model/players/Client.java,getItems
12acfc45-bdfb-4343-9004-9be15dfd844c,server/model/items/UseItem.java,ItemonItem,->,12acfc45-bdfb-4343-9004-9be15dfd844c,server/model/items/ItemAssistant.java,getItemAmount
12acfc45-bdfb-4343-9004-9be15dfd844c,server/model/items/UseItem.java,ItemonItem,->,12acfc45-bdfb-4343-9004-9be15dfd844c,server/model/players/Client.java,getItems
12acfc45-bdfb-4343-9004-9be15dfd844c,server/model/items/UseItem.java,ItemonItem,->,12acfc45-bdfb-4343-9004-9be15dfd844c,server/model/items/ItemAssistant.java,getItemAmount
12acfc45-bdfb-4343-9004-9be15dfd844c,server/model/items/UseItem.java,ItemonItem,->,12acfc45-bdfb-4343-9004-9be15dfd844c,server/model/players/Client.java,getItems
12acfc45-bdfb-4343-9004-9be15dfd844c,server/model/items/UseItem.java,ItemonItem,->,12acfc45-bdfb-4343-9004-9be15dfd844c,server/model/items/ItemAssistant.java,getItemAmount
12acfc45-bdfb-4343-9004-9be15dfd844c,server/model/items/UseItem.java,ItemonItem,->,12acfc45-bdfb-4343-9004-9be15dfd844c,server/model/players/Client.java,getItems
12acfc45-bdfb-4343-9004-9be15dfd844c,server/model/items/UseItem.java,ItemonItem,->,12acfc45-bdfb-4343-9004-9be15dfd844c,server/model/items/ItemAssistant.java,getItemAmount
12acfc45-bdfb-4343-9004-9be15dfd844c,server/model/items/UseItem.java,ItemonItem,->,12acfc45-bdfb-4343-9004-9be15dfd844c,server/model/players/Client.java,getItems
12acfc45-bdfb-4343-9004-9be15dfd844c,server/model/items/UseItem.java,ItemonItem,->,12acfc45-bdfb-4343-9004-9be15dfd844c,server/model/players/Client.java,getItems
12acfc45-bdfb-4343-9004-9be15dfd844c,server/model/items/UseItem.java,ItemonItem,->,12acfc45-bdfb-4343-9004-9be15dfd844c,server/model/items/ItemAssistant.java,getItemSlot
12acfc45-bdfb-4343-9004-9be15dfd844c,server/model/items/UseItem.java,ItemonItem,->,12acfc45-bdfb-4343-9004-9be15dfd844c,server/model/items/ItemAssistant.java,deleteItem
12acfc45-bdfb-4343-9004-9be15dfd844c,server/model/items/UseItem.java,ItemonItem,->,12acfc45-bdfb-4343-9004-9be15dfd844c,server/model/players/Client.java,getItems
12acfc45-bdfb-4343-9004-9be15dfd844c,server/model/items/UseItem.java,ItemonItem,->,12acfc45-bdfb-4343-9004-9be15dfd844c,server/model/players/Client.java,getItems
12acfc45-bdfb-4343-9004-9be15dfd844c,server/model/items/UseItem.java,ItemonItem,->,12acfc45-bdfb-4343-9004-9be15dfd844c,server/model/items/ItemAssistant.java,getItemSlot
12acfc45-bdfb-4343-9004-9be15dfd844c,server/model/items/UseItem.java,ItemonItem,->,12acfc45-bdfb-4343-9004-9be15dfd844c,server/model/items/ItemAssistant.java,deleteItem
12acfc45-bdfb-4343-9004-9be15dfd844c,server/model/items/UseItem.java,ItemonItem,->,12acfc45-bdfb-4343-9004-9be15dfd844c,server/model/players/Client.java,getItems
12acfc45-bdfb-4343-9004-9be15dfd844c,server/model/items/UseItem.java,ItemonItem,->,12acfc45-bdfb-4343-9004-9be15dfd844c,server/model/items/ItemAssistant.java,addItem
12acfc45-bdfb-4343-9004-9be15dfd844c,server/model/items/UseItem.java,ItemonItem,->,12acfc45-bdfb-4343-9004-9be15dfd844c,server/model/players/Client.java,getPA
12acfc45-bdfb-4343-9004-9be15dfd844c,server/model/items/UseItem.java,ItemonItem,->,12acfc45-bdfb-4343-9004-9be15dfd844c,991eb2a8-284a-4290-ae08-f54cf8834706,0955b7e8-1203-4e9d-8e85-6eeaf5af5ce5
12acfc45-bdfb-4343-9004-9be15dfd844c,server/model/items/UseItem.java,ItemonItem,->,12acfc45-bdfb-4343-9004-9be15dfd844c,server/model/players/Client.java,sendMessage
12acfc45-bdfb-4343-9004-9be15dfd844c,server/model/items/UseItem.java,ItemonItem,->,12acfc45-bdfb-4343-9004-9be15dfd844c,server/model/players/Client.java,getItems
12acfc45-bdfb-4343-9004-9be15dfd844c,server/model/items/UseItem.java,ItemonItem,->,12acfc45-bdfb-4343-9004-9be15dfd844c,server/model/items/ItemAssistant.java,getItemAmount
12acfc45-bdfb-4343-9004-9be15dfd844c,server/model/items/UseItem.java,ItemonItem,->,12acfc45-bdfb-4343-9004-9be15dfd844c,server/model/players/Client.java,getItems
12acfc45-bdfb-4343-9004-9be15dfd844c,server/model/items/UseItem.java,ItemonItem,->,12acfc45-bdfb-4343-9004-9be15dfd844c,server/model/items/ItemAssistant.java,getItemAmount
12acfc45-bdfb-4343-9004-9be15dfd844c,server/model/items/UseItem.java,ItemonItem,->,12acfc45-bdfb-4343-9004-9be15dfd844c,server/model/players/Client.java,getItems
12acfc45-bdfb-4343-9004-9be15dfd844c,server/model/items/UseItem.java,ItemonItem,->,12acfc45-bdfb-4343-9004-9be15dfd844c,server/model/items/ItemAssistant.java,getItemAmount
12acfc45-bdfb-4343-9004-9be15dfd844c,server/model/items/UseItem.java,ItemonItem,->,12acfc45-bdfb-4343-9004-9be15dfd844c,server/model/players/Client.java,getItems
12acfc45-bdfb-4343-9004-9be15dfd844c,server/model/items/UseItem.java,ItemonItem,->,12acfc45-bdfb-4343-9004-9be15dfd844c,server/model/items/ItemAssistant.java,getItemAmount
12acfc45-bdfb-4343-9004-9be15dfd844c,server/model/items/UseItem.java,ItemonItem,->,12acfc45-bdfb-4343-9004-9be15dfd844c,server/model/players/Client.java,getItems
12acfc45-bdfb-4343-9004-9be15dfd844c,server/model/items/UseItem.java,ItemonItem,->,12acfc45-bdfb-4343-9004-9be15dfd844c,server/model/players/Client.java,getItems
12acfc45-bdfb-4343-9004-9be15dfd844c,server/model/items/UseItem.java,ItemonItem,->,12acfc45-bdfb-4343-9004-9be15dfd844c,server/model/items/ItemAssistant.java,getItemSlot
12acfc45-bdfb-4343-9004-9be15dfd844c,server/model/items/UseItem.java,ItemonItem,->,12acfc45-bdfb-4343-9004-9be15dfd844c,server/model/items/ItemAssistant.java,deleteItem
12acfc45-bdfb-4343-9004-9be15dfd844c,server/model/items/UseItem.java,ItemonItem,->,12acfc45-bdfb-4343-9004-9be15dfd844c,server/model/players/Client.java,getItems
12acfc45-bdfb-4343-9004-9be15dfd844c,server/model/items/UseItem.java,ItemonItem,->,12acfc45-bdfb-4343-9004-9be15dfd844c,server/model/players/Client.java,getItems
12acfc45-bdfb-4343-9004-9be15dfd844c,server/model/items/UseItem.java,ItemonItem,->,12acfc45-bdfb-4343-9004-9be15dfd844c,server/model/items/ItemAssistant.java,getItemSlot
12acfc45-bdfb-4343-9004-9be15dfd844c,server/model/items/UseItem.java,ItemonItem,->,12acfc45-bdfb-4343-9004-9be15dfd844c,server/model/items/ItemAssistant.java,deleteItem
12acfc45-bdfb-4343-9004-9be15dfd844c,server/model/items/UseItem.java,ItemonItem,->,12acfc45-bdfb-4343-9004-9be15dfd844c,server/model/players/Client.java,getItems
12acfc45-bdfb-4343-9004-9be15dfd844c,server/model/items/UseItem.java,ItemonItem,->,12acfc45-bdfb-4343-9004-9be15dfd844c,server/model/items/ItemAssistant.java,addItem
12acfc45-bdfb-4343-9004-9be15dfd844c,server/model/items/UseItem.java,ItemonItem,->,12acfc45-bdfb-4343-9004-9be15dfd844c,server/model/players/Client.java,getPA
12acfc45-bdfb-4343-9004-9be15dfd844c,server/model/items/UseItem.java,ItemonItem,->,12acfc45-bdfb-4343-9004-9be15dfd844c,991eb2a8-284a-4290-ae08-f54cf8834706,0955b7e8-1203-4e9d-8e85-6eeaf5af5ce5
12acfc45-bdfb-4343-9004-9be15dfd844c,server/model/items/UseItem.java,ItemonItem,->,12acfc45-bdfb-4343-9004-9be15dfd844c,server/model/players/Client.java,sendMessage
12acfc45-bdfb-4343-9004-9be15dfd844c,server/model/items/UseItem.java,ItemonItem,->,12acfc45-bdfb-4343-9004-9be15dfd844c,server/model/players/Client.java,getItems
12acfc45-bdfb-4343-9004-9be15dfd844c,server/model/items/UseItem.java,ItemonItem,->,12acfc45-bdfb-4343-9004-9be15dfd844c,server/model/players/Client.java,getItems
12acfc45-bdfb-4343-9004-9be15dfd844c,server/model/items/UseItem.java,ItemonItem,->,12acfc45-bdfb-4343-9004-9be15dfd844c,server/model/items/ItemAssistant.java,getItemSlot
12acfc45-bdfb-4343-9004-9be15dfd844c,server/model/items/UseItem.java,ItemonItem,->,12acfc45-bdfb-4343-9004-9be15dfd844c,server/model/items/ItemAssistant.java,deleteItem
12acfc45-bdfb-4343-9004-9be15dfd844c,server/model/items/UseItem.java,ItemonItem,->,12acfc45-bdfb-4343-9004-9be15dfd844c,server/model/players/Client.java,getItems
12acfc45-bdfb-4343-9004-9be15dfd844c,server/model/items/UseItem.java,ItemonItem,->,12acfc45-bdfb-4343-9004-9be15dfd844c,server/model/items/ItemAssistant.java,addItem
12acfc45-bdfb-4343-9004-9be15dfd844c,server/model/items/UseItem.java,ItemonItem,->,12acfc45-bdfb-4343-9004-9be15dfd844c,server/model/players/Client.java,getPA
12acfc45-bdfb-4343-9004-9be15dfd844c,server/model/items/UseItem.java,ItemonItem,->,12acfc45-bdfb-4343-9004-9be15dfd844c,991eb2a8-284a-4290-ae08-f54cf8834706,0955b7e8-1203-4e9d-8e85-6eeaf5af5ce5
12acfc45-bdfb-4343-9004-9be15dfd844c,server/model/items/UseItem.java,ItemonItem,->,12acfc45-bdfb-4343-9004-9be15dfd844c,server/model/players/Client.java,sendMessage
12acfc45-bdfb-4343-9004-9be15dfd844c,server/model/items/UseItem.java,ItemonItem,->,12acfc45-bdfb-4343-9004-9be15dfd844c,server/model/players/Client.java,getItems
12acfc45-bdfb-4343-9004-9be15dfd844c,server/model/items/UseItem.java,ItemonItem,->,12acfc45-bdfb-4343-9004-9be15dfd844c,server/model/players/Client.java,getItems
12acfc45-bdfb-4343-9004-9be15dfd844c,server/model/items/UseItem.java,ItemonItem,->,12acfc45-bdfb-4343-9004-9be15dfd844c,server/model/items/ItemAssistant.java,getItemSlot
12acfc45-bdfb-4343-9004-9be15dfd844c,server/model/items/UseItem.java,ItemonItem,->,12acfc45-bdfb-4343-9004-9be15dfd844c,server/model/items/ItemAssistant.java,deleteItem
12acfc45-bdfb-4343-9004-9be15dfd844c,server/model/items/UseItem.java,ItemonItem,->,12acfc45-bdfb-4343-9004-9be15dfd844c,server/model/players/Client.java,getItems
12acfc45-bdfb-4343-9004-9be15dfd844c,server/model/items/UseItem.java,ItemonItem,->,12acfc45-bdfb-4343-9004-9be15dfd844c,server/model/items/ItemAssistant.java,addItem
12acfc45-bdfb-4343-9004-9be15dfd844c,server/model/items/UseItem.java,ItemonItem,->,12acfc45-bdfb-4343-9004-9be15dfd844c,server/model/players/Client.java,getPA
12acfc45-bdfb-4343-9004-9be15dfd844c,server/model/items/UseItem.java,ItemonItem,->,12acfc45-bdfb-4343-9004-9be15dfd844c,991eb2a8-284a-4290-ae08-f54cf8834706,0955b7e8-1203-4e9d-8e85-6eeaf5af5ce5
12acfc45-bdfb-4343-9004-9be15dfd844c,server/model/items/UseItem.java,ItemonItem,->,12acfc45-bdfb-4343-9004-9be15dfd844c,server/model/players/Client.java,sendMessage
12acfc45-bdfb-4343-9004-9be15dfd844c,server/model/items/UseItem.java,ItemonItem,->,12acfc45-bdfb-4343-9004-9be15dfd844c,server/model/players/Client.java,getItems
12acfc45-bdfb-4343-9004-9be15dfd844c,server/model/items/UseItem.java,ItemonItem,->,12acfc45-bdfb-4343-9004-9be15dfd844c,server/model/players/Client.java,getItems
12acfc45-bdfb-4343-9004-9be15dfd844c,server/model/items/UseItem.java,ItemonItem,->,12acfc45-bdfb-4343-9004-9be15dfd844c,server/model/items/ItemAssistant.java,getItemSlot
12acfc45-bdfb-4343-9004-9be15dfd844c,server/model/items/UseItem.java,ItemonItem,->,12acfc45-bdfb-4343-9004-9be15dfd844c,server/model/items/ItemAssistant.java,deleteItem
12acfc45-bdfb-4343-9004-9be15dfd844c,server/model/items/UseItem.java,ItemonItem,->,12acfc45-bdfb-4343-9004-9be15dfd844c,server/model/players/Client.java,getItems
12acfc45-bdfb-4343-9004-9be15dfd844c,server/model/items/UseItem.java,ItemonItem,->,12acfc45-bdfb-4343-9004-9be15dfd844c,server/model/items/ItemAssistant.java,addItem
12acfc45-bdfb-4343-9004-9be15dfd844c,server/model/items/UseItem.java,ItemonItem,->,12acfc45-bdfb-4343-9004-9be15dfd844c,server/model/players/Client.java,getPA
12acfc45-bdfb-4343-9004-9be15dfd844c,server/model/items/UseItem.java,ItemonItem,->,12acfc45-bdfb-4343-9004-9be15dfd844c,991eb2a8-284a-4290-ae08-f54cf8834706,0955b7e8-1203-4e9d-8e85-6eeaf5af5ce5
12acfc45-bdfb-4343-9004-9be15dfd844c,server/model/items/UseItem.java,ItemonItem,->,12acfc45-bdfb-4343-9004-9be15dfd844c,server/model/players/Client.java,sendMessage
12acfc45-bdfb-4343-9004-9be15dfd844c,server/model/items/UseItem.java,ItemonItem,->,12acfc45-bdfb-4343-9004-9be15dfd844c,server/model/players/Client.java,getItems
12acfc45-bdfb-4343-9004-9be15dfd844c,server/model/items/UseItem.java,ItemonItem,->,12acfc45-bdfb-4343-9004-9be15dfd844c,server/model/players/Client.java,getItems
12acfc45-bdfb-4343-9004-9be15dfd844c,server/model/items/UseItem.java,ItemonItem,->,12acfc45-bdfb-4343-9004-9be15dfd844c,server/model/items/ItemAssistant.java,getItemSlot
12acfc45-bdfb-4343-9004-9be15dfd844c,server/model/items/UseItem.java,ItemonItem,->,12acfc45-bdfb-4343-9004-9be15dfd844c,server/model/items/ItemAssistant.java,deleteItem
12acfc45-bdfb-4343-9004-9be15dfd844c,server/model/items/UseItem.java,ItemonItem,->,12acfc45-bdfb-4343-9004-9be15dfd844c,server/model/players/Client.java,getItems
12acfc45-bdfb-4343-9004-9be15dfd844c,server/model/items/UseItem.java,ItemonItem,->,12acfc45-bdfb-4343-9004-9be15dfd844c,server/model/items/ItemAssistant.java,addItem
12acfc45-bdfb-4343-9004-9be15dfd844c,server/model/items/UseItem.java,ItemonItem,->,12acfc45-bdfb-4343-9004-9be15dfd844c,server/model/players/Client.java,getPA
12acfc45-bdfb-4343-9004-9be15dfd844c,server/model/items/UseItem.java,ItemonItem,->,12acfc45-bdfb-4343-9004-9be15dfd844c,991eb2a8-284a-4290-ae08-f54cf8834706,0955b7e8-1203-4e9d-8e85-6eeaf5af5ce5
12acfc45-bdfb-4343-9004-9be15dfd844c,server/model/items/UseItem.java,ItemonItem,->,12acfc45-bdfb-4343-9004-9be15dfd844c,server/model/players/Client.java,sendMessage
12acfc45-bdfb-4343-9004-9be15dfd844c,server/model/items/UseItem.java,ItemonItem,->,12acfc45-bdfb-4343-9004-9be15dfd844c,server/model/players/Client.java,getItems
12acfc45-bdfb-4343-9004-9be15dfd844c,server/model/items/UseItem.java,ItemonItem,->,12acfc45-bdfb-4343-9004-9be15dfd844c,server/model/players/Client.java,getItems
12acfc45-bdfb-4343-9004-9be15dfd844c,server/model/items/UseItem.java,ItemonItem,->,12acfc45-bdfb-4343-9004-9be15dfd844c,server/model/items/ItemAssistant.java,getItemSlot
12acfc45-bdfb-4343-9004-9be15dfd844c,server/model/items/UseItem.java,ItemonItem,->,12acfc45-bdfb-4343-9004-9be15dfd844c,server/model/items/ItemAssistant.java,deleteItem
12acfc45-bdfb-4343-9004-9be15dfd844c,server/model/items/UseItem.java,ItemonItem,->,12acfc45-bdfb-4343-9004-9be15dfd844c,server/model/players/Client.java,getItems
12acfc45-bdfb-4343-9004-9be15dfd844c,server/model/items/UseItem.java,ItemonItem,->,12acfc45-bdfb-4343-9004-9be15dfd844c,server/model/items/ItemAssistant.java,addItem
12acfc45-bdfb-4343-9004-9be15dfd844c,server/model/items/UseItem.java,ItemonItem,->,12acfc45-bdfb-4343-9004-9be15dfd844c,server/model/players/Client.java,getPA
12acfc45-bdfb-4343-9004-9be15dfd844c,server/model/items/UseItem.java,ItemonItem,->,12acfc45-bdfb-4343-9004-9be15dfd844c,991eb2a8-284a-4290-ae08-f54cf8834706,0955b7e8-1203-4e9d-8e85-6eeaf5af5ce5
12acfc45-bdfb-4343-9004-9be15dfd844c,server/model/items/UseItem.java,ItemonItem,->,12acfc45-bdfb-4343-9004-9be15dfd844c,server/model/players/Client.java,sendMessage
12acfc45-bdfb-4343-9004-9be15dfd844c,server/model/items/UseItem.java,ItemonItem,->,12acfc45-bdfb-4343-9004-9be15dfd844c,server/model/players/Client.java,getItems
12acfc45-bdfb-4343-9004-9be15dfd844c,server/model/items/UseItem.java,ItemonItem,->,12acfc45-bdfb-4343-9004-9be15dfd844c,server/model/items/ItemAssistant.java,hasAllShards
12acfc45-bdfb-4343-9004-9be15dfd844c,server/model/items/UseItem.java,ItemonItem,->,12acfc45-bdfb-4343-9004-9be15dfd844c,server/model/players/Client.java,getItems
12acfc45-bdfb-4343-9004-9be15dfd844c,server/model/items/UseItem.java,ItemonItem,->,12acfc45-bdfb-4343-9004-9be15dfd844c,server/model/items/ItemAssistant.java,makeBlade
12acfc45-bdfb-4343-9004-9be15dfd844c,server/model/items/UseItem.java,ItemonItem,->,12acfc45-bdfb-4343-9004-9be15dfd844c,server/model/players/Client.java,getItems
12acfc45-bdfb-4343-9004-9be15dfd844c,server/model/items/UseItem.java,ItemonItem,->,12acfc45-bdfb-4343-9004-9be15dfd844c,server/model/players/Client.java,getItems
12acfc45-bdfb-4343-9004-9be15dfd844c,server/model/items/UseItem.java,ItemonItem,->,12acfc45-bdfb-4343-9004-9be15dfd844c,server/model/items/ItemAssistant.java,getItemSlot
12acfc45-bdfb-4343-9004-9be15dfd844c,server/model/items/UseItem.java,ItemonItem,->,12acfc45-bdfb-4343-9004-9be15dfd844c,server/model/items/ItemAssistant.java,deleteItem
12acfc45-bdfb-4343-9004-9be15dfd844c,server/model/items/UseItem.java,ItemonItem,->,12acfc45-bdfb-4343-9004-9be15dfd844c,server/model/players/Client.java,getItems
12acfc45-bdfb-4343-9004-9be15dfd844c,server/model/items/UseItem.java,ItemonItem,->,12acfc45-bdfb-4343-9004-9be15dfd844c,server/model/players/Client.java,getItems
12acfc45-bdfb-4343-9004-9be15dfd844c,server/model/items/UseItem.java,ItemonItem,->,12acfc45-bdfb-4343-9004-9be15dfd844c,server/model/items/ItemAssistant.java,getItemSlot
12acfc45-bdfb-4343-9004-9be15dfd844c,server/model/items/UseItem.java,ItemonItem,->,12acfc45-bdfb-4343-9004-9be15dfd844c,server/model/items/ItemAssistant.java,deleteItem
12acfc45-bdfb-4343-9004-9be15dfd844c,server/model/items/UseItem.java,ItemonItem,->,12acfc45-bdfb-4343-9004-9be15dfd844c,server/model/players/Client.java,getItems
12acfc45-bdfb-4343-9004-9be15dfd844c,server/model/items/UseItem.java,ItemonItem,->,12acfc45-bdfb-4343-9004-9be15dfd844c,server/model/items/ItemAssistant.java,addItem
12acfc45-bdfb-4343-9004-9be15dfd844c,server/model/items/UseItem.java,ItemonItem,->,12acfc45-bdfb-4343-9004-9be15dfd844c,server/model/players/Client.java,getItems
12acfc45-bdfb-4343-9004-9be15dfd844c,server/model/items/UseItem.java,ItemonItem,->,12acfc45-bdfb-4343-9004-9be15dfd844c,server/model/items/ItemAssistant.java,isHilt
12acfc45-bdfb-4343-9004-9be15dfd844c,server/model/items/UseItem.java,ItemonItem,->,12acfc45-bdfb-4343-9004-9be15dfd844c,server/model/players/Client.java,getItems
12acfc45-bdfb-4343-9004-9be15dfd844c,server/model/items/UseItem.java,ItemonItem,->,12acfc45-bdfb-4343-9004-9be15dfd844c,server/model/items/ItemAssistant.java,isHilt
12acfc45-bdfb-4343-9004-9be15dfd844c,server/model/items/UseItem.java,ItemonItem,->,12acfc45-bdfb-4343-9004-9be15dfd844c,server/model/players/Client.java,getItems
12acfc45-bdfb-4343-9004-9be15dfd844c,server/model/items/UseItem.java,ItemonItem,->,12acfc45-bdfb-4343-9004-9be15dfd844c,server/model/items/ItemAssistant.java,isHilt
12acfc45-bdfb-4343-9004-9be15dfd844c,server/model/items/UseItem.java,ItemonItem,->,12acfc45-bdfb-4343-9004-9be15dfd844c,server/model/players/Client.java,getItems
12acfc45-bdfb-4343-9004-9be15dfd844c,server/model/items/UseItem.java,ItemonItem,->,12acfc45-bdfb-4343-9004-9be15dfd844c,server/model/items/ItemAssistant.java,isHilt
12acfc45-bdfb-4343-9004-9be15dfd844c,server/model/items/UseItem.java,ItemonItem,->,12acfc45-bdfb-4343-9004-9be15dfd844c,server/model/players/Client.java,getItems
12acfc45-bdfb-4343-9004-9be15dfd844c,server/model/items/UseItem.java,ItemonItem,->,12acfc45-bdfb-4343-9004-9be15dfd844c,server/model/items/ItemAssistant.java,makeGodsword
12acfc45-bdfb-4343-9004-9be15dfd844c,server/model/items/UseItem.java,ItemonItem,->,12acfc45-bdfb-4343-9004-9be15dfd844c,server/model/players/Client.java,getFiremaking
12acfc45-bdfb-4343-9004-9be15dfd844c,server/model/items/UseItem.java,ItemonItem,->,12acfc45-bdfb-4343-9004-9be15dfd844c,server/model/players/skills/Firemaking.java,checkLogType
12acfc45-bdfb-4343-9004-9be15dfd844c,server/model/items/UseItem.java,ItemonItem,->,12acfc45-bdfb-4343-9004-9be15dfd844c,java/lang/StringBuilder.java,append
12acfc45-bdfb-4343-9004-9be15dfd844c,server/model/items/UseItem.java,ItemonItem,->,12acfc45-bdfb-4343-9004-9be15dfd844c,java/lang/StringBuilder.java,append
12acfc45-bdfb-4343-9004-9be15dfd844c,server/model/items/UseItem.java,ItemonItem,->,12acfc45-bdfb-4343-9004-9be15dfd844c,java/lang/StringBuilder.java,append
12acfc45-bdfb-4343-9004-9be15dfd844c,server/model/items/UseItem.java,ItemonItem,->,12acfc45-bdfb-4343-9004-9be15dfd844c,java/lang/StringBuilder.java,append
12acfc45-bdfb-4343-9004-9be15dfd844c,server/model/items/UseItem.java,ItemonItem,->,12acfc45-bdfb-4343-9004-9be15dfd844c,java/lang/StringBuilder.java,toString
12acfc45-bdfb-4343-9004-9be15dfd844c,server/model/items/UseItem.java,ItemonItem,->,12acfc45-bdfb-4343-9004-9be15dfd844c,2c89cfe4-ed6d-446f-832b-3c203feb3155,cf0eb5d1-f945-4cc7-9eaa-55b858ed55c6
12acfc45-bdfb-4343-9004-9be15dfd844c,server/model/items/UseItem.java,ItemonNpc,->,12acfc45-bdfb-4343-9004-9be15dfd844c,java/lang/StringBuilder.java,append
12acfc45-bdfb-4343-9004-9be15dfd844c,server/model/items/UseItem.java,ItemonNpc,->,12acfc45-bdfb-4343-9004-9be15dfd844c,java/lang/StringBuilder.java,append
12acfc45-bdfb-4343-9004-9be15dfd844c,server/model/items/UseItem.java,ItemonNpc,->,12acfc45-bdfb-4343-9004-9be15dfd844c,java/lang/StringBuilder.java,append
12acfc45-bdfb-4343-9004-9be15dfd844c,server/model/items/UseItem.java,ItemonNpc,->,12acfc45-bdfb-4343-9004-9be15dfd844c,java/lang/StringBuilder.java,append
12acfc45-bdfb-4343-9004-9be15dfd844c,server/model/items/UseItem.java,ItemonNpc,->,12acfc45-bdfb-4343-9004-9be15dfd844c,java/lang/StringBuilder.java,append
12acfc45-bdfb-4343-9004-9be15dfd844c,server/model/items/UseItem.java,ItemonNpc,->,12acfc45-bdfb-4343-9004-9be15dfd844c,java/lang/StringBuilder.java,append
12acfc45-bdfb-4343-9004-9be15dfd844c,server/model/items/UseItem.java,ItemonNpc,->,12acfc45-bdfb-4343-9004-9be15dfd844c,java/lang/StringBuilder.java,toString
12acfc45-bdfb-4343-9004-9be15dfd844c,server/model/items/UseItem.java,ItemonNpc,->,12acfc45-bdfb-4343-9004-9be15dfd844c,2c89cfe4-ed6d-446f-832b-3c203feb3155,cf0eb5d1-f945-4cc7-9eaa-55b858ed55c6
12acfc45-bdfb-4343-9004-9be15dfd844c,0b15380c-c712-4b2a-bcc3-2365595e0842,7a6dc3ea-52eb-4b39-aff5-32d1bc13c865,->,12acfc45-bdfb-4343-9004-9be15dfd844c,java/util/List.java,iterator
12acfc45-bdfb-4343-9004-9be15dfd844c,0b15380c-c712-4b2a-bcc3-2365595e0842,7a6dc3ea-52eb-4b39-aff5-32d1bc13c865,->,12acfc45-bdfb-4343-9004-9be15dfd844c,java/util/Iterator.java,hasNext
12acfc45-bdfb-4343-9004-9be15dfd844c,0b15380c-c712-4b2a-bcc3-2365595e0842,7a6dc3ea-52eb-4b39-aff5-32d1bc13c865,->,12acfc45-bdfb-4343-9004-9be15dfd844c,java/util/Iterator.java,next
12acfc45-bdfb-4343-9004-9be15dfd844c,0b15380c-c712-4b2a-bcc3-2365595e0842,69fb7f57-5e64-4644-be8e-5bac2711309e,->,12acfc45-bdfb-4343-9004-9be15dfd844c,0b15380c-c712-4b2a-bcc3-2365595e0842,7a6dc3ea-52eb-4b39-aff5-32d1bc13c865
12acfc45-bdfb-4343-9004-9be15dfd844c,0b15380c-c712-4b2a-bcc3-2365595e0842,69fb7f57-5e64-4644-be8e-5bac2711309e,->,12acfc45-bdfb-4343-9004-9be15dfd844c,4a406a7f-3b7c-4b8f-93a6-fd28c604a017,5b3e2ad2-435c-4d6e-aaab-a3cb40ea440a
12acfc45-bdfb-4343-9004-9be15dfd844c,0b15380c-c712-4b2a-bcc3-2365595e0842,69fb7f57-5e64-4644-be8e-5bac2711309e,->,12acfc45-bdfb-4343-9004-9be15dfd844c,4a406a7f-3b7c-4b8f-93a6-fd28c604a017,969db312-f71a-4ea7-a94c-673eae6f46cb
12acfc45-bdfb-4343-9004-9be15dfd844c,0b15380c-c712-4b2a-bcc3-2365595e0842,69fb7f57-5e64-4644-be8e-5bac2711309e,->,12acfc45-bdfb-4343-9004-9be15dfd844c,server/world/ObjectHandler.java,placeObject
12acfc45-bdfb-4343-9004-9be15dfd844c,0b15380c-c712-4b2a-bcc3-2365595e0842,69fb7f57-5e64-4644-be8e-5bac2711309e,->,12acfc45-bdfb-4343-9004-9be15dfd844c,server/world/ObjectHandler.java,placeObject
12acfc45-bdfb-4343-9004-9be15dfd844c,0b15380c-c712-4b2a-bcc3-2365595e0842,69fb7f57-5e64-4644-be8e-5bac2711309e,->,12acfc45-bdfb-4343-9004-9be15dfd844c,0b15380c-c712-4b2a-bcc3-2365595e0842,36955e78-836a-4e7c-b515-1fc7322e4464
12acfc45-bdfb-4343-9004-9be15dfd844c,0b15380c-c712-4b2a-bcc3-2365595e0842,69fb7f57-5e64-4644-be8e-5bac2711309e,->,12acfc45-bdfb-4343-9004-9be15dfd844c,server/world/ObjectHandler.java,placeObject
12acfc45-bdfb-4343-9004-9be15dfd844c,0b15380c-c712-4b2a-bcc3-2365595e0842,52d10070-e571-4cb3-a7f0-a83ff5b1929a,->,12acfc45-bdfb-4343-9004-9be15dfd844c,java/lang/System.java,currentTimeMillis
12acfc45-bdfb-4343-9004-9be15dfd844c,0b15380c-c712-4b2a-bcc3-2365595e0842,52d10070-e571-4cb3-a7f0-a83ff5b1929a,->,12acfc45-bdfb-4343-9004-9be15dfd844c,0b15380c-c712-4b2a-bcc3-2365595e0842,bfe02a7a-efeb-4906-912c-b3692ed5e732
12acfc45-bdfb-4343-9004-9be15dfd844c,0b15380c-c712-4b2a-bcc3-2365595e0842,52d10070-e571-4cb3-a7f0-a83ff5b1929a,->,12acfc45-bdfb-4343-9004-9be15dfd844c,java/io/FileNotFoundException.java,printStackTrace
12acfc45-bdfb-4343-9004-9be15dfd844c,0b15380c-c712-4b2a-bcc3-2365595e0842,52d10070-e571-4cb3-a7f0-a83ff5b1929a,->,12acfc45-bdfb-4343-9004-9be15dfd844c,java/lang/StringBuilder.java,append
12acfc45-bdfb-4343-9004-9be15dfd844c,0b15380c-c712-4b2a-bcc3-2365595e0842,52d10070-e571-4cb3-a7f0-a83ff5b1929a,->,12acfc45-bdfb-4343-9004-9be15dfd844c,java/util/List.java,size
12acfc45-bdfb-4343-9004-9be15dfd844c,0b15380c-c712-4b2a-bcc3-2365595e0842,52d10070-e571-4cb3-a7f0-a83ff5b1929a,->,12acfc45-bdfb-4343-9004-9be15dfd844c,java/lang/StringBuilder.java,append
12acfc45-bdfb-4343-9004-9be15dfd844c,0b15380c-c712-4b2a-bcc3-2365595e0842,52d10070-e571-4cb3-a7f0-a83ff5b1929a,->,12acfc45-bdfb-4343-9004-9be15dfd844c,java/lang/StringBuilder.java,append
12acfc45-bdfb-4343-9004-9be15dfd844c,0b15380c-c712-4b2a-bcc3-2365595e0842,52d10070-e571-4cb3-a7f0-a83ff5b1929a,->,12acfc45-bdfb-4343-9004-9be15dfd844c,java/lang/System.java,currentTimeMillis
12acfc45-bdfb-4343-9004-9be15dfd844c,0b15380c-c712-4b2a-bcc3-2365595e0842,52d10070-e571-4cb3-a7f0-a83ff5b1929a,->,12acfc45-bdfb-4343-9004-9be15dfd844c,java/lang/StringBuilder.java,append
12acfc45-bdfb-4343-9004-9be15dfd844c,0b15380c-c712-4b2a-bcc3-2365595e0842,52d10070-e571-4cb3-a7f0-a83ff5b1929a,->,12acfc45-bdfb-4343-9004-9be15dfd844c,java/lang/StringBuilder.java,append
12acfc45-bdfb-4343-9004-9be15dfd844c,0b15380c-c712-4b2a-bcc3-2365595e0842,52d10070-e571-4cb3-a7f0-a83ff5b1929a,->,12acfc45-bdfb-4343-9004-9be15dfd844c,java/lang/StringBuilder.java,toString
12acfc45-bdfb-4343-9004-9be15dfd844c,0b15380c-c712-4b2a-bcc3-2365595e0842,52d10070-e571-4cb3-a7f0-a83ff5b1929a,->,12acfc45-bdfb-4343-9004-9be15dfd844c,java/io/PrintStream.java,println
12acfc45-bdfb-4343-9004-9be15dfd844c,0b15380c-c712-4b2a-bcc3-2365595e0842,bfe02a7a-efeb-4906-912c-b3692ed5e732,->,12acfc45-bdfb-4343-9004-9be15dfd844c,java/util/Scanner.java,hasNextLine
12acfc45-bdfb-4343-9004-9be15dfd844c,0b15380c-c712-4b2a-bcc3-2365595e0842,bfe02a7a-efeb-4906-912c-b3692ed5e732,->,12acfc45-bdfb-4343-9004-9be15dfd844c,java/util/Scanner.java,nextLine
12acfc45-bdfb-4343-9004-9be15dfd844c,0b15380c-c712-4b2a-bcc3-2365595e0842,bfe02a7a-efeb-4906-912c-b3692ed5e732,->,12acfc45-bdfb-4343-9004-9be15dfd844c,0b15380c-c712-4b2a-bcc3-2365595e0842,c95144db-8ba9-4943-87a5-2af5e05b2bda
12acfc45-bdfb-4343-9004-9be15dfd844c,0b15380c-c712-4b2a-bcc3-2365595e0842,bfe02a7a-efeb-4906-912c-b3692ed5e732,->,12acfc45-bdfb-4343-9004-9be15dfd844c,java/util/Scanner.java,close
12acfc45-bdfb-4343-9004-9be15dfd844c,0b15380c-c712-4b2a-bcc3-2365595e0842,bfe02a7a-efeb-4906-912c-b3692ed5e732,->,12acfc45-bdfb-4343-9004-9be15dfd844c,java/util/Scanner.java,close
12acfc45-bdfb-4343-9004-9be15dfd844c,0b15380c-c712-4b2a-bcc3-2365595e0842,c95144db-8ba9-4943-87a5-2af5e05b2bda,->,12acfc45-bdfb-4343-9004-9be15dfd844c,java/util/Scanner.java,useDelimiter
12acfc45-bdfb-4343-9004-9be15dfd844c,0b15380c-c712-4b2a-bcc3-2365595e0842,c95144db-8ba9-4943-87a5-2af5e05b2bda,->,12acfc45-bdfb-4343-9004-9be15dfd844c,java/util/Scanner.java,hasNextLine
12acfc45-bdfb-4343-9004-9be15dfd844c,0b15380c-c712-4b2a-bcc3-2365595e0842,c95144db-8ba9-4943-87a5-2af5e05b2bda,->,12acfc45-bdfb-4343-9004-9be15dfd844c,java/util/Scanner.java,next
12acfc45-bdfb-4343-9004-9be15dfd844c,0b15380c-c712-4b2a-bcc3-2365595e0842,c95144db-8ba9-4943-87a5-2af5e05b2bda,->,12acfc45-bdfb-4343-9004-9be15dfd844c,java/lang/Integer.java,parseInt
12acfc45-bdfb-4343-9004-9be15dfd844c,0b15380c-c712-4b2a-bcc3-2365595e0842,c95144db-8ba9-4943-87a5-2af5e05b2bda,->,12acfc45-bdfb-4343-9004-9be15dfd844c,java/util/Scanner.java,next
12acfc45-bdfb-4343-9004-9be15dfd844c,0b15380c-c712-4b2a-bcc3-2365595e0842,c95144db-8ba9-4943-87a5-2af5e05b2bda,->,12acfc45-bdfb-4343-9004-9be15dfd844c,java/lang/Integer.java,parseInt
12acfc45-bdfb-4343-9004-9be15dfd844c,0b15380c-c712-4b2a-bcc3-2365595e0842,c95144db-8ba9-4943-87a5-2af5e05b2bda,->,12acfc45-bdfb-4343-9004-9be15dfd844c,java/util/Scanner.java,next
12acfc45-bdfb-4343-9004-9be15dfd844c,0b15380c-c712-4b2a-bcc3-2365595e0842,c95144db-8ba9-4943-87a5-2af5e05b2bda,->,12acfc45-bdfb-4343-9004-9be15dfd844c,java/lang/Integer.java,parseInt
12acfc45-bdfb-4343-9004-9be15dfd844c,0b15380c-c712-4b2a-bcc3-2365595e0842,c95144db-8ba9-4943-87a5-2af5e05b2bda,->,12acfc45-bdfb-4343-9004-9be15dfd844c,java/util/Scanner.java,next
12acfc45-bdfb-4343-9004-9be15dfd844c,0b15380c-c712-4b2a-bcc3-2365595e0842,c95144db-8ba9-4943-87a5-2af5e05b2bda,->,12acfc45-bdfb-4343-9004-9be15dfd844c,java/lang/Integer.java,parseInt
12acfc45-bdfb-4343-9004-9be15dfd844c,0b15380c-c712-4b2a-bcc3-2365595e0842,c95144db-8ba9-4943-87a5-2af5e05b2bda,->,12acfc45-bdfb-4343-9004-9be15dfd844c,java/util/Scanner.java,next
12acfc45-bdfb-4343-9004-9be15dfd844c,0b15380c-c712-4b2a-bcc3-2365595e0842,c95144db-8ba9-4943-87a5-2af5e05b2bda,->,12acfc45-bdfb-4343-9004-9be15dfd844c,java/lang/Integer.java,parseInt
12acfc45-bdfb-4343-9004-9be15dfd844c,0b15380c-c712-4b2a-bcc3-2365595e0842,c95144db-8ba9-4943-87a5-2af5e05b2bda,->,12acfc45-bdfb-4343-9004-9be15dfd844c,java/util/Scanner.java,next
12acfc45-bdfb-4343-9004-9be15dfd844c,0b15380c-c712-4b2a-bcc3-2365595e0842,c95144db-8ba9-4943-87a5-2af5e05b2bda,->,12acfc45-bdfb-4343-9004-9be15dfd844c,java/lang/Integer.java,parseInt
12acfc45-bdfb-4343-9004-9be15dfd844c,0b15380c-c712-4b2a-bcc3-2365595e0842,c95144db-8ba9-4943-87a5-2af5e05b2bda,->,12acfc45-bdfb-4343-9004-9be15dfd844c,0b15380c-c712-4b2a-bcc3-2365595e0842,a3415977-ec78-4c60-895a-dd760bd4288c
12acfc45-bdfb-4343-9004-9be15dfd844c,0b15380c-c712-4b2a-bcc3-2365595e0842,c95144db-8ba9-4943-87a5-2af5e05b2bda,->,12acfc45-bdfb-4343-9004-9be15dfd844c,java/util/List.java,add
12acfc45-bdfb-4343-9004-9be15dfd844c,0b15380c-c712-4b2a-bcc3-2365595e0842,c95144db-8ba9-4943-87a5-2af5e05b2bda,->,12acfc45-bdfb-4343-9004-9be15dfd844c,java/util/Scanner.java,close
12acfc45-bdfb-4343-9004-9be15dfd844c,0b15380c-c712-4b2a-bcc3-2365595e0842,c95144db-8ba9-4943-87a5-2af5e05b2bda,->,12acfc45-bdfb-4343-9004-9be15dfd844c,java/util/Scanner.java,close
12acfc45-bdfb-4343-9004-9be15dfd844c,4a406a7f-3b7c-4b8f-93a6-fd28c604a017,c408afb3-61dd-4cf5-854e-f97301614afd,->,12acfc45-bdfb-4343-9004-9be15dfd844c,java/util/List.java,iterator
12acfc45-bdfb-4343-9004-9be15dfd844c,4a406a7f-3b7c-4b8f-93a6-fd28c604a017,c408afb3-61dd-4cf5-854e-f97301614afd,->,12acfc45-bdfb-4343-9004-9be15dfd844c,java/util/Iterator.java,hasNext
12acfc45-bdfb-4343-9004-9be15dfd844c,4a406a7f-3b7c-4b8f-93a6-fd28c604a017,c408afb3-61dd-4cf5-854e-f97301614afd,->,12acfc45-bdfb-4343-9004-9be15dfd844c,java/util/Iterator.java,next
12acfc45-bdfb-4343-9004-9be15dfd844c,4a406a7f-3b7c-4b8f-93a6-fd28c604a017,969db312-f71a-4ea7-a94c-673eae6f46cb,->,12acfc45-bdfb-4343-9004-9be15dfd844c,4a406a7f-3b7c-4b8f-93a6-fd28c604a017,c408afb3-61dd-4cf5-854e-f97301614afd
12acfc45-bdfb-4343-9004-9be15dfd844c,4a406a7f-3b7c-4b8f-93a6-fd28c604a017,969db312-f71a-4ea7-a94c-673eae6f46cb,->,12acfc45-bdfb-4343-9004-9be15dfd844c,4a406a7f-3b7c-4b8f-93a6-fd28c604a017,c408afb3-61dd-4cf5-854e-f97301614afd
12acfc45-bdfb-4343-9004-9be15dfd844c,4a406a7f-3b7c-4b8f-93a6-fd28c604a017,969db312-f71a-4ea7-a94c-673eae6f46cb,->,12acfc45-bdfb-4343-9004-9be15dfd844c,4a406a7f-3b7c-4b8f-93a6-fd28c604a017,c408afb3-61dd-4cf5-854e-f97301614afd
12acfc45-bdfb-4343-9004-9be15dfd844c,4a406a7f-3b7c-4b8f-93a6-fd28c604a017,969db312-f71a-4ea7-a94c-673eae6f46cb,->,12acfc45-bdfb-4343-9004-9be15dfd844c,4a406a7f-3b7c-4b8f-93a6-fd28c604a017,746ef94d-0e77-47e0-883d-1495e43c79de
12acfc45-bdfb-4343-9004-9be15dfd844c,4a406a7f-3b7c-4b8f-93a6-fd28c604a017,969db312-f71a-4ea7-a94c-673eae6f46cb,->,12acfc45-bdfb-4343-9004-9be15dfd844c,4a406a7f-3b7c-4b8f-93a6-fd28c604a017,4b689019-7bed-4103-bfa9-6c509e7c2abe
12acfc45-bdfb-4343-9004-9be15dfd844c,4a406a7f-3b7c-4b8f-93a6-fd28c604a017,969db312-f71a-4ea7-a94c-673eae6f46cb,->,12acfc45-bdfb-4343-9004-9be15dfd844c,4a406a7f-3b7c-4b8f-93a6-fd28c604a017,746ef94d-0e77-47e0-883d-1495e43c79de
12acfc45-bdfb-4343-9004-9be15dfd844c,4a406a7f-3b7c-4b8f-93a6-fd28c604a017,969db312-f71a-4ea7-a94c-673eae6f46cb,->,12acfc45-bdfb-4343-9004-9be15dfd844c,4a406a7f-3b7c-4b8f-93a6-fd28c604a017,4b689019-7bed-4103-bfa9-6c509e7c2abe
12acfc45-bdfb-4343-9004-9be15dfd844c,4a406a7f-3b7c-4b8f-93a6-fd28c604a017,969db312-f71a-4ea7-a94c-673eae6f46cb,->,12acfc45-bdfb-4343-9004-9be15dfd844c,4a406a7f-3b7c-4b8f-93a6-fd28c604a017,c408afb3-61dd-4cf5-854e-f97301614afd
12acfc45-bdfb-4343-9004-9be15dfd844c,4a406a7f-3b7c-4b8f-93a6-fd28c604a017,969db312-f71a-4ea7-a94c-673eae6f46cb,->,12acfc45-bdfb-4343-9004-9be15dfd844c,4a406a7f-3b7c-4b8f-93a6-fd28c604a017,c408afb3-61dd-4cf5-854e-f97301614afd
12acfc45-bdfb-4343-9004-9be15dfd844c,4a406a7f-3b7c-4b8f-93a6-fd28c604a017,969db312-f71a-4ea7-a94c-673eae6f46cb,->,12acfc45-bdfb-4343-9004-9be15dfd844c,4a406a7f-3b7c-4b8f-93a6-fd28c604a017,746ef94d-0e77-47e0-883d-1495e43c79de
12acfc45-bdfb-4343-9004-9be15dfd844c,4a406a7f-3b7c-4b8f-93a6-fd28c604a017,969db312-f71a-4ea7-a94c-673eae6f46cb,->,12acfc45-bdfb-4343-9004-9be15dfd844c,4a406a7f-3b7c-4b8f-93a6-fd28c604a017,4b689019-7bed-4103-bfa9-6c509e7c2abe
12acfc45-bdfb-4343-9004-9be15dfd844c,4a406a7f-3b7c-4b8f-93a6-fd28c604a017,969db312-f71a-4ea7-a94c-673eae6f46cb,->,12acfc45-bdfb-4343-9004-9be15dfd844c,4a406a7f-3b7c-4b8f-93a6-fd28c604a017,746ef94d-0e77-47e0-883d-1495e43c79de
12acfc45-bdfb-4343-9004-9be15dfd844c,4a406a7f-3b7c-4b8f-93a6-fd28c604a017,969db312-f71a-4ea7-a94c-673eae6f46cb,->,12acfc45-bdfb-4343-9004-9be15dfd844c,4a406a7f-3b7c-4b8f-93a6-fd28c604a017,4b689019-7bed-4103-bfa9-6c509e7c2abe
12acfc45-bdfb-4343-9004-9be15dfd844c,4a406a7f-3b7c-4b8f-93a6-fd28c604a017,969db312-f71a-4ea7-a94c-673eae6f46cb,->,12acfc45-bdfb-4343-9004-9be15dfd844c,4a406a7f-3b7c-4b8f-93a6-fd28c604a017,c408afb3-61dd-4cf5-854e-f97301614afd
12acfc45-bdfb-4343-9004-9be15dfd844c,4a406a7f-3b7c-4b8f-93a6-fd28c604a017,969db312-f71a-4ea7-a94c-673eae6f46cb,->,12acfc45-bdfb-4343-9004-9be15dfd844c,4a406a7f-3b7c-4b8f-93a6-fd28c604a017,c408afb3-61dd-4cf5-854e-f97301614afd
12acfc45-bdfb-4343-9004-9be15dfd844c,4a406a7f-3b7c-4b8f-93a6-fd28c604a017,969db312-f71a-4ea7-a94c-673eae6f46cb,->,12acfc45-bdfb-4343-9004-9be15dfd844c,4a406a7f-3b7c-4b8f-93a6-fd28c604a017,746ef94d-0e77-47e0-883d-1495e43c79de
12acfc45-bdfb-4343-9004-9be15dfd844c,4a406a7f-3b7c-4b8f-93a6-fd28c604a017,969db312-f71a-4ea7-a94c-673eae6f46cb,->,12acfc45-bdfb-4343-9004-9be15dfd844c,4a406a7f-3b7c-4b8f-93a6-fd28c604a017,4b689019-7bed-4103-bfa9-6c509e7c2abe
12acfc45-bdfb-4343-9004-9be15dfd844c,4a406a7f-3b7c-4b8f-93a6-fd28c604a017,969db312-f71a-4ea7-a94c-673eae6f46cb,->,12acfc45-bdfb-4343-9004-9be15dfd844c,4a406a7f-3b7c-4b8f-93a6-fd28c604a017,746ef94d-0e77-47e0-883d-1495e43c79de
12acfc45-bdfb-4343-9004-9be15dfd844c,4a406a7f-3b7c-4b8f-93a6-fd28c604a017,969db312-f71a-4ea7-a94c-673eae6f46cb,->,12acfc45-bdfb-4343-9004-9be15dfd844c,4a406a7f-3b7c-4b8f-93a6-fd28c604a017,4b689019-7bed-4103-bfa9-6c509e7c2abe
12acfc45-bdfb-4343-9004-9be15dfd844c,4a406a7f-3b7c-4b8f-93a6-fd28c604a017,969db312-f71a-4ea7-a94c-673eae6f46cb,->,12acfc45-bdfb-4343-9004-9be15dfd844c,4a406a7f-3b7c-4b8f-93a6-fd28c604a017,c408afb3-61dd-4cf5-854e-f97301614afd
12acfc45-bdfb-4343-9004-9be15dfd844c,4a406a7f-3b7c-4b8f-93a6-fd28c604a017,969db312-f71a-4ea7-a94c-673eae6f46cb,->,12acfc45-bdfb-4343-9004-9be15dfd844c,4a406a7f-3b7c-4b8f-93a6-fd28c604a017,c408afb3-61dd-4cf5-854e-f97301614afd
12acfc45-bdfb-4343-9004-9be15dfd844c,4a406a7f-3b7c-4b8f-93a6-fd28c604a017,969db312-f71a-4ea7-a94c-673eae6f46cb,->,12acfc45-bdfb-4343-9004-9be15dfd844c,4a406a7f-3b7c-4b8f-93a6-fd28c604a017,746ef94d-0e77-47e0-883d-1495e43c79de
12acfc45-bdfb-4343-9004-9be15dfd844c,4a406a7f-3b7c-4b8f-93a6-fd28c604a017,969db312-f71a-4ea7-a94c-673eae6f46cb,->,12acfc45-bdfb-4343-9004-9be15dfd844c,4a406a7f-3b7c-4b8f-93a6-fd28c604a017,4b689019-7bed-4103-bfa9-6c509e7c2abe
12acfc45-bdfb-4343-9004-9be15dfd844c,4a406a7f-3b7c-4b8f-93a6-fd28c604a017,969db312-f71a-4ea7-a94c-673eae6f46cb,->,12acfc45-bdfb-4343-9004-9be15dfd844c,4a406a7f-3b7c-4b8f-93a6-fd28c604a017,746ef94d-0e77-47e0-883d-1495e43c79de
12acfc45-bdfb-4343-9004-9be15dfd844c,4a406a7f-3b7c-4b8f-93a6-fd28c604a017,969db312-f71a-4ea7-a94c-673eae6f46cb,->,12acfc45-bdfb-4343-9004-9be15dfd844c,4a406a7f-3b7c-4b8f-93a6-fd28c604a017,4b689019-7bed-4103-bfa9-6c509e7c2abe
12acfc45-bdfb-4343-9004-9be15dfd844c,4a406a7f-3b7c-4b8f-93a6-fd28c604a017,969db312-f71a-4ea7-a94c-673eae6f46cb,->,12acfc45-bdfb-4343-9004-9be15dfd844c,4a406a7f-3b7c-4b8f-93a6-fd28c604a017,c408afb3-61dd-4cf5-854e-f97301614afd
12acfc45-bdfb-4343-9004-9be15dfd844c,4a406a7f-3b7c-4b8f-93a6-fd28c604a017,969db312-f71a-4ea7-a94c-673eae6f46cb,->,12acfc45-bdfb-4343-9004-9be15dfd844c,4a406a7f-3b7c-4b8f-93a6-fd28c604a017,c408afb3-61dd-4cf5-854e-f97301614afd
12acfc45-bdfb-4343-9004-9be15dfd844c,4a406a7f-3b7c-4b8f-93a6-fd28c604a017,969db312-f71a-4ea7-a94c-673eae6f46cb,->,12acfc45-bdfb-4343-9004-9be15dfd844c,4a406a7f-3b7c-4b8f-93a6-fd28c604a017,746ef94d-0e77-47e0-883d-1495e43c79de
12acfc45-bdfb-4343-9004-9be15dfd844c,4a406a7f-3b7c-4b8f-93a6-fd28c604a017,969db312-f71a-4ea7-a94c-673eae6f46cb,->,12acfc45-bdfb-4343-9004-9be15dfd844c,4a406a7f-3b7c-4b8f-93a6-fd28c604a017,4b689019-7bed-4103-bfa9-6c509e7c2abe
12acfc45-bdfb-4343-9004-9be15dfd844c,4a406a7f-3b7c-4b8f-93a6-fd28c604a017,969db312-f71a-4ea7-a94c-673eae6f46cb,->,12acfc45-bdfb-4343-9004-9be15dfd844c,4a406a7f-3b7c-4b8f-93a6-fd28c604a017,746ef94d-0e77-47e0-883d-1495e43c79de
12acfc45-bdfb-4343-9004-9be15dfd844c,4a406a7f-3b7c-4b8f-93a6-fd28c604a017,969db312-f71a-4ea7-a94c-673eae6f46cb,->,12acfc45-bdfb-4343-9004-9be15dfd844c,4a406a7f-3b7c-4b8f-93a6-fd28c604a017,4b689019-7bed-4103-bfa9-6c509e7c2abe
12acfc45-bdfb-4343-9004-9be15dfd844c,4a406a7f-3b7c-4b8f-93a6-fd28c604a017,969db312-f71a-4ea7-a94c-673eae6f46cb,->,12acfc45-bdfb-4343-9004-9be15dfd844c,4a406a7f-3b7c-4b8f-93a6-fd28c604a017,c408afb3-61dd-4cf5-854e-f97301614afd
12acfc45-bdfb-4343-9004-9be15dfd844c,4a406a7f-3b7c-4b8f-93a6-fd28c604a017,969db312-f71a-4ea7-a94c-673eae6f46cb,->,12acfc45-bdfb-4343-9004-9be15dfd844c,4a406a7f-3b7c-4b8f-93a6-fd28c604a017,c408afb3-61dd-4cf5-854e-f97301614afd
12acfc45-bdfb-4343-9004-9be15dfd844c,4a406a7f-3b7c-4b8f-93a6-fd28c604a017,969db312-f71a-4ea7-a94c-673eae6f46cb,->,12acfc45-bdfb-4343-9004-9be15dfd844c,4a406a7f-3b7c-4b8f-93a6-fd28c604a017,746ef94d-0e77-47e0-883d-1495e43c79de
12acfc45-bdfb-4343-9004-9be15dfd844c,4a406a7f-3b7c-4b8f-93a6-fd28c604a017,969db312-f71a-4ea7-a94c-673eae6f46cb,->,12acfc45-bdfb-4343-9004-9be15dfd844c,4a406a7f-3b7c-4b8f-93a6-fd28c604a017,4b689019-7bed-4103-bfa9-6c509e7c2abe
12acfc45-bdfb-4343-9004-9be15dfd844c,4a406a7f-3b7c-4b8f-93a6-fd28c604a017,969db312-f71a-4ea7-a94c-673eae6f46cb,->,12acfc45-bdfb-4343-9004-9be15dfd844c,4a406a7f-3b7c-4b8f-93a6-fd28c604a017,746ef94d-0e77-47e0-883d-1495e43c79de
12acfc45-bdfb-4343-9004-9be15dfd844c,4a406a7f-3b7c-4b8f-93a6-fd28c604a017,969db312-f71a-4ea7-a94c-673eae6f46cb,->,12acfc45-bdfb-4343-9004-9be15dfd844c,4a406a7f-3b7c-4b8f-93a6-fd28c604a017,4b689019-7bed-4103-bfa9-6c509e7c2abe
12acfc45-bdfb-4343-9004-9be15dfd844c,4a406a7f-3b7c-4b8f-93a6-fd28c604a017,969db312-f71a-4ea7-a94c-673eae6f46cb,->,12acfc45-bdfb-4343-9004-9be15dfd844c,4a406a7f-3b7c-4b8f-93a6-fd28c604a017,c408afb3-61dd-4cf5-854e-f97301614afd
12acfc45-bdfb-4343-9004-9be15dfd844c,4a406a7f-3b7c-4b8f-93a6-fd28c604a017,969db312-f71a-4ea7-a94c-673eae6f46cb,->,12acfc45-bdfb-4343-9004-9be15dfd844c,4a406a7f-3b7c-4b8f-93a6-fd28c604a017,c408afb3-61dd-4cf5-854e-f97301614afd
12acfc45-bdfb-4343-9004-9be15dfd844c,4a406a7f-3b7c-4b8f-93a6-fd28c604a017,969db312-f71a-4ea7-a94c-673eae6f46cb,->,12acfc45-bdfb-4343-9004-9be15dfd844c,4a406a7f-3b7c-4b8f-93a6-fd28c604a017,746ef94d-0e77-47e0-883d-1495e43c79de
12acfc45-bdfb-4343-9004-9be15dfd844c,4a406a7f-3b7c-4b8f-93a6-fd28c604a017,969db312-f71a-4ea7-a94c-673eae6f46cb,->,12acfc45-bdfb-4343-9004-9be15dfd844c,4a406a7f-3b7c-4b8f-93a6-fd28c604a017,4b689019-7bed-4103-bfa9-6c509e7c2abe
12acfc45-bdfb-4343-9004-9be15dfd844c,4a406a7f-3b7c-4b8f-93a6-fd28c604a017,969db312-f71a-4ea7-a94c-673eae6f46cb,->,12acfc45-bdfb-4343-9004-9be15dfd844c,4a406a7f-3b7c-4b8f-93a6-fd28c604a017,746ef94d-0e77-47e0-883d-1495e43c79de
12acfc45-bdfb-4343-9004-9be15dfd844c,4a406a7f-3b7c-4b8f-93a6-fd28c604a017,969db312-f71a-4ea7-a94c-673eae6f46cb,->,12acfc45-bdfb-4343-9004-9be15dfd844c,4a406a7f-3b7c-4b8f-93a6-fd28c604a017,4b689019-7bed-4103-bfa9-6c509e7c2abe
12acfc45-bdfb-4343-9004-9be15dfd844c,4a406a7f-3b7c-4b8f-93a6-fd28c604a017,969db312-f71a-4ea7-a94c-673eae6f46cb,->,12acfc45-bdfb-4343-9004-9be15dfd844c,4a406a7f-3b7c-4b8f-93a6-fd28c604a017,c408afb3-61dd-4cf5-854e-f97301614afd
12acfc45-bdfb-4343-9004-9be15dfd844c,4a406a7f-3b7c-4b8f-93a6-fd28c604a017,969db312-f71a-4ea7-a94c-673eae6f46cb,->,12acfc45-bdfb-4343-9004-9be15dfd844c,4a406a7f-3b7c-4b8f-93a6-fd28c604a017,c408afb3-61dd-4cf5-854e-f97301614afd
12acfc45-bdfb-4343-9004-9be15dfd844c,4a406a7f-3b7c-4b8f-93a6-fd28c604a017,969db312-f71a-4ea7-a94c-673eae6f46cb,->,12acfc45-bdfb-4343-9004-9be15dfd844c,4a406a7f-3b7c-4b8f-93a6-fd28c604a017,746ef94d-0e77-47e0-883d-1495e43c79de
12acfc45-bdfb-4343-9004-9be15dfd844c,4a406a7f-3b7c-4b8f-93a6-fd28c604a017,969db312-f71a-4ea7-a94c-673eae6f46cb,->,12acfc45-bdfb-4343-9004-9be15dfd844c,4a406a7f-3b7c-4b8f-93a6-fd28c604a017,4b689019-7bed-4103-bfa9-6c509e7c2abe
12acfc45-bdfb-4343-9004-9be15dfd844c,4a406a7f-3b7c-4b8f-93a6-fd28c604a017,969db312-f71a-4ea7-a94c-673eae6f46cb,->,12acfc45-bdfb-4343-9004-9be15dfd844c,4a406a7f-3b7c-4b8f-93a6-fd28c604a017,746ef94d-0e77-47e0-883d-1495e43c79de
12acfc45-bdfb-4343-9004-9be15dfd844c,4a406a7f-3b7c-4b8f-93a6-fd28c604a017,969db312-f71a-4ea7-a94c-673eae6f46cb,->,12acfc45-bdfb-4343-9004-9be15dfd844c,4a406a7f-3b7c-4b8f-93a6-fd28c604a017,4b689019-7bed-4103-bfa9-6c509e7c2abe
12acfc45-bdfb-4343-9004-9be15dfd844c,4a406a7f-3b7c-4b8f-93a6-fd28c604a017,746ef94d-0e77-47e0-883d-1495e43c79de,->,12acfc45-bdfb-4343-9004-9be15dfd844c,server/world/ObjectHandler.java,placeObject
12acfc45-bdfb-4343-9004-9be15dfd844c,4a406a7f-3b7c-4b8f-93a6-fd28c604a017,746ef94d-0e77-47e0-883d-1495e43c79de,->,12acfc45-bdfb-4343-9004-9be15dfd844c,server/world/ObjectHandler.java,placeObject
12acfc45-bdfb-4343-9004-9be15dfd844c,4a406a7f-3b7c-4b8f-93a6-fd28c604a017,746ef94d-0e77-47e0-883d-1495e43c79de,->,12acfc45-bdfb-4343-9004-9be15dfd844c,4a406a7f-3b7c-4b8f-93a6-fd28c604a017,b689cc77-ba2c-47cd-aefa-91019bbc35f7
12acfc45-bdfb-4343-9004-9be15dfd844c,4a406a7f-3b7c-4b8f-93a6-fd28c604a017,746ef94d-0e77-47e0-883d-1495e43c79de,->,12acfc45-bdfb-4343-9004-9be15dfd844c,server/world/ObjectHandler.java,placeObject
12acfc45-bdfb-4343-9004-9be15dfd844c,4a406a7f-3b7c-4b8f-93a6-fd28c604a017,4b689019-7bed-4103-bfa9-6c509e7c2abe,->,12acfc45-bdfb-4343-9004-9be15dfd844c,server/world/ObjectHandler.java,placeObject
12acfc45-bdfb-4343-9004-9be15dfd844c,4a406a7f-3b7c-4b8f-93a6-fd28c604a017,4b689019-7bed-4103-bfa9-6c509e7c2abe,->,12acfc45-bdfb-4343-9004-9be15dfd844c,server/world/ObjectHandler.java,placeObject
12acfc45-bdfb-4343-9004-9be15dfd844c,4a406a7f-3b7c-4b8f-93a6-fd28c604a017,4b689019-7bed-4103-bfa9-6c509e7c2abe,->,12acfc45-bdfb-4343-9004-9be15dfd844c,4a406a7f-3b7c-4b8f-93a6-fd28c604a017,ce6c232b-e675-4946-982f-f1a3657db65e
12acfc45-bdfb-4343-9004-9be15dfd844c,4a406a7f-3b7c-4b8f-93a6-fd28c604a017,4b689019-7bed-4103-bfa9-6c509e7c2abe,->,12acfc45-bdfb-4343-9004-9be15dfd844c,server/world/ObjectHandler.java,placeObject
12acfc45-bdfb-4343-9004-9be15dfd844c,4a406a7f-3b7c-4b8f-93a6-fd28c604a017,7a9161ce-f995-4654-8387-c35494588ca8,->,12acfc45-bdfb-4343-9004-9be15dfd844c,java/lang/System.java,currentTimeMillis
12acfc45-bdfb-4343-9004-9be15dfd844c,4a406a7f-3b7c-4b8f-93a6-fd28c604a017,7a9161ce-f995-4654-8387-c35494588ca8,->,12acfc45-bdfb-4343-9004-9be15dfd844c,4a406a7f-3b7c-4b8f-93a6-fd28c604a017,075226dc-e2ed-4089-abc9-de6a4e7203d8
12acfc45-bdfb-4343-9004-9be15dfd844c,4a406a7f-3b7c-4b8f-93a6-fd28c604a017,7a9161ce-f995-4654-8387-c35494588ca8,->,12acfc45-bdfb-4343-9004-9be15dfd844c,java/io/FileNotFoundException.java,printStackTrace
12acfc45-bdfb-4343-9004-9be15dfd844c,4a406a7f-3b7c-4b8f-93a6-fd28c604a017,7a9161ce-f995-4654-8387-c35494588ca8,->,12acfc45-bdfb-4343-9004-9be15dfd844c,java/lang/StringBuilder.java,append
12acfc45-bdfb-4343-9004-9be15dfd844c,4a406a7f-3b7c-4b8f-93a6-fd28c604a017,7a9161ce-f995-4654-8387-c35494588ca8,->,12acfc45-bdfb-4343-9004-9be15dfd844c,java/util/List.java,size
12acfc45-bdfb-4343-9004-9be15dfd844c,4a406a7f-3b7c-4b8f-93a6-fd28c604a017,7a9161ce-f995-4654-8387-c35494588ca8,->,12acfc45-bdfb-4343-9004-9be15dfd844c,java/lang/StringBuilder.java,append
12acfc45-bdfb-4343-9004-9be15dfd844c,4a406a7f-3b7c-4b8f-93a6-fd28c604a017,7a9161ce-f995-4654-8387-c35494588ca8,->,12acfc45-bdfb-4343-9004-9be15dfd844c,java/lang/StringBuilder.java,append
12acfc45-bdfb-4343-9004-9be15dfd844c,4a406a7f-3b7c-4b8f-93a6-fd28c604a017,7a9161ce-f995-4654-8387-c35494588ca8,->,12acfc45-bdfb-4343-9004-9be15dfd844c,java/lang/System.java,currentTimeMillis
12acfc45-bdfb-4343-9004-9be15dfd844c,4a406a7f-3b7c-4b8f-93a6-fd28c604a017,7a9161ce-f995-4654-8387-c35494588ca8,->,12acfc45-bdfb-4343-9004-9be15dfd844c,java/lang/StringBuilder.java,append
12acfc45-bdfb-4343-9004-9be15dfd844c,4a406a7f-3b7c-4b8f-93a6-fd28c604a017,7a9161ce-f995-4654-8387-c35494588ca8,->,12acfc45-bdfb-4343-9004-9be15dfd844c,java/lang/StringBuilder.java,append
12acfc45-bdfb-4343-9004-9be15dfd844c,4a406a7f-3b7c-4b8f-93a6-fd28c604a017,7a9161ce-f995-4654-8387-c35494588ca8,->,12acfc45-bdfb-4343-9004-9be15dfd844c,java/lang/StringBuilder.java,toString
12acfc45-bdfb-4343-9004-9be15dfd844c,4a406a7f-3b7c-4b8f-93a6-fd28c604a017,7a9161ce-f995-4654-8387-c35494588ca8,->,12acfc45-bdfb-4343-9004-9be15dfd844c,java/io/PrintStream.java,println
12acfc45-bdfb-4343-9004-9be15dfd844c,4a406a7f-3b7c-4b8f-93a6-fd28c604a017,075226dc-e2ed-4089-abc9-de6a4e7203d8,->,12acfc45-bdfb-4343-9004-9be15dfd844c,java/util/Scanner.java,hasNextLine
12acfc45-bdfb-4343-9004-9be15dfd844c,4a406a7f-3b7c-4b8f-93a6-fd28c604a017,075226dc-e2ed-4089-abc9-de6a4e7203d8,->,12acfc45-bdfb-4343-9004-9be15dfd844c,java/util/Scanner.java,nextLine
12acfc45-bdfb-4343-9004-9be15dfd844c,4a406a7f-3b7c-4b8f-93a6-fd28c604a017,075226dc-e2ed-4089-abc9-de6a4e7203d8,->,12acfc45-bdfb-4343-9004-9be15dfd844c,4a406a7f-3b7c-4b8f-93a6-fd28c604a017,fb5447dd-96b0-4d14-a0b0-f78f93ac9b36
12acfc45-bdfb-4343-9004-9be15dfd844c,4a406a7f-3b7c-4b8f-93a6-fd28c604a017,075226dc-e2ed-4089-abc9-de6a4e7203d8,->,12acfc45-bdfb-4343-9004-9be15dfd844c,java/util/Scanner.java,close
12acfc45-bdfb-4343-9004-9be15dfd844c,4a406a7f-3b7c-4b8f-93a6-fd28c604a017,075226dc-e2ed-4089-abc9-de6a4e7203d8,->,12acfc45-bdfb-4343-9004-9be15dfd844c,java/util/Scanner.java,close
12acfc45-bdfb-4343-9004-9be15dfd844c,4a406a7f-3b7c-4b8f-93a6-fd28c604a017,fb5447dd-96b0-4d14-a0b0-f78f93ac9b36,->,12acfc45-bdfb-4343-9004-9be15dfd844c,java/util/Scanner.java,useDelimiter
12acfc45-bdfb-4343-9004-9be15dfd844c,4a406a7f-3b7c-4b8f-93a6-fd28c604a017,fb5447dd-96b0-4d14-a0b0-f78f93ac9b36,->,12acfc45-bdfb-4343-9004-9be15dfd844c,java/util/Scanner.java,hasNextLine
12acfc45-bdfb-4343-9004-9be15dfd844c,4a406a7f-3b7c-4b8f-93a6-fd28c604a017,fb5447dd-96b0-4d14-a0b0-f78f93ac9b36,->,12acfc45-bdfb-4343-9004-9be15dfd844c,java/util/Scanner.java,next
12acfc45-bdfb-4343-9004-9be15dfd844c,4a406a7f-3b7c-4b8f-93a6-fd28c604a017,fb5447dd-96b0-4d14-a0b0-f78f93ac9b36,->,12acfc45-bdfb-4343-9004-9be15dfd844c,java/lang/Integer.java,parseInt
12acfc45-bdfb-4343-9004-9be15dfd844c,4a406a7f-3b7c-4b8f-93a6-fd28c604a017,fb5447dd-96b0-4d14-a0b0-f78f93ac9b36,->,12acfc45-bdfb-4343-9004-9be15dfd844c,java/util/Scanner.java,next
12acfc45-bdfb-4343-9004-9be15dfd844c,4a406a7f-3b7c-4b8f-93a6-fd28c604a017,fb5447dd-96b0-4d14-a0b0-f78f93ac9b36,->,12acfc45-bdfb-4343-9004-9be15dfd844c,java/lang/Integer.java,parseInt
12acfc45-bdfb-4343-9004-9be15dfd844c,4a406a7f-3b7c-4b8f-93a6-fd28c604a017,fb5447dd-96b0-4d14-a0b0-f78f93ac9b36,->,12acfc45-bdfb-4343-9004-9be15dfd844c,java/util/Scanner.java,next
12acfc45-bdfb-4343-9004-9be15dfd844c,4a406a7f-3b7c-4b8f-93a6-fd28c604a017,fb5447dd-96b0-4d14-a0b0-f78f93ac9b36,->,12acfc45-bdfb-4343-9004-9be15dfd844c,java/lang/Integer.java,parseInt
12acfc45-bdfb-4343-9004-9be15dfd844c,4a406a7f-3b7c-4b8f-93a6-fd28c604a017,fb5447dd-96b0-4d14-a0b0-f78f93ac9b36,->,12acfc45-bdfb-4343-9004-9be15dfd844c,java/util/Scanner.java,next
12acfc45-bdfb-4343-9004-9be15dfd844c,4a406a7f-3b7c-4b8f-93a6-fd28c604a017,fb5447dd-96b0-4d14-a0b0-f78f93ac9b36,->,12acfc45-bdfb-4343-9004-9be15dfd844c,java/lang/Integer.java,parseInt
12acfc45-bdfb-4343-9004-9be15dfd844c,4a406a7f-3b7c-4b8f-93a6-fd28c604a017,fb5447dd-96b0-4d14-a0b0-f78f93ac9b36,->,12acfc45-bdfb-4343-9004-9be15dfd844c,java/util/Scanner.java,next
12acfc45-bdfb-4343-9004-9be15dfd844c,4a406a7f-3b7c-4b8f-93a6-fd28c604a017,fb5447dd-96b0-4d14-a0b0-f78f93ac9b36,->,12acfc45-bdfb-4343-9004-9be15dfd844c,java/lang/Integer.java,parseInt
12acfc45-bdfb-4343-9004-9be15dfd844c,4a406a7f-3b7c-4b8f-93a6-fd28c604a017,fb5447dd-96b0-4d14-a0b0-f78f93ac9b36,->,12acfc45-bdfb-4343-9004-9be15dfd844c,4a406a7f-3b7c-4b8f-93a6-fd28c604a017,15f0dff8-21c9-448b-a354-88a0984875cd
12acfc45-bdfb-4343-9004-9be15dfd844c,4a406a7f-3b7c-4b8f-93a6-fd28c604a017,fb5447dd-96b0-4d14-a0b0-f78f93ac9b36,->,12acfc45-bdfb-4343-9004-9be15dfd844c,java/util/List.java,add
12acfc45-bdfb-4343-9004-9be15dfd844c,4a406a7f-3b7c-4b8f-93a6-fd28c604a017,fb5447dd-96b0-4d14-a0b0-f78f93ac9b36,->,12acfc45-bdfb-4343-9004-9be15dfd844c,java/util/Scanner.java,close
12acfc45-bdfb-4343-9004-9be15dfd844c,4a406a7f-3b7c-4b8f-93a6-fd28c604a017,fb5447dd-96b0-4d14-a0b0-f78f93ac9b36,->,12acfc45-bdfb-4343-9004-9be15dfd844c,java/util/Scanner.java,close
12acfc45-bdfb-4343-9004-9be15dfd844c,668e5208-a8db-424e-9ec6-92cd04ace8ad,42208214-ca9f-41d9-b047-2b8b7f223356,->,12acfc45-bdfb-4343-9004-9be15dfd844c,668e5208-a8db-424e-9ec6-92cd04ace8ad,df7caec2-869d-4534-860e-76c14595345e
12acfc45-bdfb-4343-9004-9be15dfd844c,668e5208-a8db-424e-9ec6-92cd04ace8ad,42208214-ca9f-41d9-b047-2b8b7f223356,->,12acfc45-bdfb-4343-9004-9be15dfd844c,668e5208-a8db-424e-9ec6-92cd04ace8ad,4cd6b827-739b-4dd5-b7e5-499fcdb2dbae
12acfc45-bdfb-4343-9004-9be15dfd844c,668e5208-a8db-424e-9ec6-92cd04ace8ad,42208214-ca9f-41d9-b047-2b8b7f223356,->,12acfc45-bdfb-4343-9004-9be15dfd844c,668e5208-a8db-424e-9ec6-92cd04ace8ad,849ac759-1190-4e12-9d5c-007777d2d5c5
12acfc45-bdfb-4343-9004-9be15dfd844c,668e5208-a8db-424e-9ec6-92cd04ace8ad,42208214-ca9f-41d9-b047-2b8b7f223356,->,12acfc45-bdfb-4343-9004-9be15dfd844c,668e5208-a8db-424e-9ec6-92cd04ace8ad,0bbdb1a2-0fbe-4b09-b5d3-da03b2c9d0ce
12acfc45-bdfb-4343-9004-9be15dfd844c,668e5208-a8db-424e-9ec6-92cd04ace8ad,c0347c1e-e658-47d0-8429-cd8a50a11640,->,12acfc45-bdfb-4343-9004-9be15dfd844c,java/util/ArrayList.java,add
12acfc45-bdfb-4343-9004-9be15dfd844c,668e5208-a8db-424e-9ec6-92cd04ace8ad,30f99a1b-aa54-430b-8235-909d2f9fd998,->,12acfc45-bdfb-4343-9004-9be15dfd844c,java/util/ArrayList.java,remove
12acfc45-bdfb-4343-9004-9be15dfd844c,668e5208-a8db-424e-9ec6-92cd04ace8ad,6e2cfeea-21c4-4d0c-8f0d-c39e0df0afbf,->,12acfc45-bdfb-4343-9004-9be15dfd844c,java/util/ArrayList.java,clear
12acfc45-bdfb-4343-9004-9be15dfd844c,668e5208-a8db-424e-9ec6-92cd04ace8ad,3d9fb898-c71c-4b10-959d-9e87bdaf4233,->,12acfc45-bdfb-4343-9004-9be15dfd844c,java/util/ArrayList.java,add
12acfc45-bdfb-4343-9004-9be15dfd844c,668e5208-a8db-424e-9ec6-92cd04ace8ad,3d9fb898-c71c-4b10-959d-9e87bdaf4233,->,12acfc45-bdfb-4343-9004-9be15dfd844c,java/util/ArrayList.java,iterator
12acfc45-bdfb-4343-9004-9be15dfd844c,668e5208-a8db-424e-9ec6-92cd04ace8ad,3d9fb898-c71c-4b10-959d-9e87bdaf4233,->,12acfc45-bdfb-4343-9004-9be15dfd844c,java/util/Iterator.java,hasNext
12acfc45-bdfb-4343-9004-9be15dfd844c,668e5208-a8db-424e-9ec6-92cd04ace8ad,3d9fb898-c71c-4b10-959d-9e87bdaf4233,->,12acfc45-bdfb-4343-9004-9be15dfd844c,java/util/Iterator.java,next
12acfc45-bdfb-4343-9004-9be15dfd844c,668e5208-a8db-424e-9ec6-92cd04ace8ad,3d9fb898-c71c-4b10-959d-9e87bdaf4233,->,12acfc45-bdfb-4343-9004-9be15dfd844c,java/lang/String.java,equals
12acfc45-bdfb-4343-9004-9be15dfd844c,668e5208-a8db-424e-9ec6-92cd04ace8ad,33fe71a2-a499-4304-8c03-2622eebf58f3,->,12acfc45-bdfb-4343-9004-9be15dfd844c,java/util/ArrayList.java,remove
12acfc45-bdfb-4343-9004-9be15dfd844c,668e5208-a8db-424e-9ec6-92cd04ace8ad,33fe71a2-a499-4304-8c03-2622eebf58f3,->,12acfc45-bdfb-4343-9004-9be15dfd844c,668e5208-a8db-424e-9ec6-92cd04ace8ad,3f2f0160-b953-4382-9f7b-4bcb1bf739c0
12acfc45-bdfb-4343-9004-9be15dfd844c,668e5208-a8db-424e-9ec6-92cd04ace8ad,e64148c4-6379-467a-8a82-200643dfde94,->,12acfc45-bdfb-4343-9004-9be15dfd844c,java/lang/String.java,toLowerCase
12acfc45-bdfb-4343-9004-9be15dfd844c,668e5208-a8db-424e-9ec6-92cd04ace8ad,e64148c4-6379-467a-8a82-200643dfde94,->,12acfc45-bdfb-4343-9004-9be15dfd844c,java/util/ArrayList.java,remove
12acfc45-bdfb-4343-9004-9be15dfd844c,668e5208-a8db-424e-9ec6-92cd04ace8ad,e64148c4-6379-467a-8a82-200643dfde94,->,12acfc45-bdfb-4343-9004-9be15dfd844c,668e5208-a8db-424e-9ec6-92cd04ace8ad,3f2f0160-b953-4382-9f7b-4bcb1bf739c0
12acfc45-bdfb-4343-9004-9be15dfd844c,668e5208-a8db-424e-9ec6-92cd04ace8ad,26d37672-ed4b-4b5a-bd74-9a8114930269,->,12acfc45-bdfb-4343-9004-9be15dfd844c,java/lang/String.java,toLowerCase
12acfc45-bdfb-4343-9004-9be15dfd844c,668e5208-a8db-424e-9ec6-92cd04ace8ad,26d37672-ed4b-4b5a-bd74-9a8114930269,->,12acfc45-bdfb-4343-9004-9be15dfd844c,java/util/ArrayList.java,remove
12acfc45-bdfb-4343-9004-9be15dfd844c,668e5208-a8db-424e-9ec6-92cd04ace8ad,26d37672-ed4b-4b5a-bd74-9a8114930269,->,12acfc45-bdfb-4343-9004-9be15dfd844c,668e5208-a8db-424e-9ec6-92cd04ace8ad,3f2f0160-b953-4382-9f7b-4bcb1bf739c0
12acfc45-bdfb-4343-9004-9be15dfd844c,668e5208-a8db-424e-9ec6-92cd04ace8ad,3f2f0160-b953-4382-9f7b-4bcb1bf739c0,->,12acfc45-bdfb-4343-9004-9be15dfd844c,java/io/BufferedReader.java,readLine
12acfc45-bdfb-4343-9004-9be15dfd844c,668e5208-a8db-424e-9ec6-92cd04ace8ad,3f2f0160-b953-4382-9f7b-4bcb1bf739c0,->,12acfc45-bdfb-4343-9004-9be15dfd844c,java/lang/String.java,trim
12acfc45-bdfb-4343-9004-9be15dfd844c,668e5208-a8db-424e-9ec6-92cd04ace8ad,3f2f0160-b953-4382-9f7b-4bcb1bf739c0,->,12acfc45-bdfb-4343-9004-9be15dfd844c,java/lang/String.java,equalsIgnoreCase
12acfc45-bdfb-4343-9004-9be15dfd844c,668e5208-a8db-424e-9ec6-92cd04ace8ad,3f2f0160-b953-4382-9f7b-4bcb1bf739c0,->,12acfc45-bdfb-4343-9004-9be15dfd844c,java/util/ArrayList.java,add
12acfc45-bdfb-4343-9004-9be15dfd844c,668e5208-a8db-424e-9ec6-92cd04ace8ad,3f2f0160-b953-4382-9f7b-4bcb1bf739c0,->,12acfc45-bdfb-4343-9004-9be15dfd844c,java/io/BufferedReader.java,close
12acfc45-bdfb-4343-9004-9be15dfd844c,668e5208-a8db-424e-9ec6-92cd04ace8ad,3f2f0160-b953-4382-9f7b-4bcb1bf739c0,->,12acfc45-bdfb-4343-9004-9be15dfd844c,java/util/ArrayList.java,iterator
12acfc45-bdfb-4343-9004-9be15dfd844c,668e5208-a8db-424e-9ec6-92cd04ace8ad,3f2f0160-b953-4382-9f7b-4bcb1bf739c0,->,12acfc45-bdfb-4343-9004-9be15dfd844c,java/util/Iterator.java,hasNext
12acfc45-bdfb-4343-9004-9be15dfd844c,668e5208-a8db-424e-9ec6-92cd04ace8ad,3f2f0160-b953-4382-9f7b-4bcb1bf739c0,->,12acfc45-bdfb-4343-9004-9be15dfd844c,java/util/Iterator.java,next
12acfc45-bdfb-4343-9004-9be15dfd844c,668e5208-a8db-424e-9ec6-92cd04ace8ad,3f2f0160-b953-4382-9f7b-4bcb1bf739c0,->,12acfc45-bdfb-4343-9004-9be15dfd844c,java/lang/String.java,length
12acfc45-bdfb-4343-9004-9be15dfd844c,668e5208-a8db-424e-9ec6-92cd04ace8ad,3f2f0160-b953-4382-9f7b-4bcb1bf739c0,->,12acfc45-bdfb-4343-9004-9be15dfd844c,java/io/BufferedWriter.java,write
12acfc45-bdfb-4343-9004-9be15dfd844c,668e5208-a8db-424e-9ec6-92cd04ace8ad,3f2f0160-b953-4382-9f7b-4bcb1bf739c0,->,12acfc45-bdfb-4343-9004-9be15dfd844c,java/io/BufferedWriter.java,newLine
12acfc45-bdfb-4343-9004-9be15dfd844c,668e5208-a8db-424e-9ec6-92cd04ace8ad,3f2f0160-b953-4382-9f7b-4bcb1bf739c0,->,12acfc45-bdfb-4343-9004-9be15dfd844c,java/io/BufferedWriter.java,flush
12acfc45-bdfb-4343-9004-9be15dfd844c,668e5208-a8db-424e-9ec6-92cd04ace8ad,3f2f0160-b953-4382-9f7b-4bcb1bf739c0,->,12acfc45-bdfb-4343-9004-9be15dfd844c,java/io/BufferedWriter.java,close
12acfc45-bdfb-4343-9004-9be15dfd844c,668e5208-a8db-424e-9ec6-92cd04ace8ad,d45c25bf-88d3-42d7-893f-c589c04acd28,->,12acfc45-bdfb-4343-9004-9be15dfd844c,java/util/ArrayList.java,remove
12acfc45-bdfb-4343-9004-9be15dfd844c,668e5208-a8db-424e-9ec6-92cd04ace8ad,d45c25bf-88d3-42d7-893f-c589c04acd28,->,12acfc45-bdfb-4343-9004-9be15dfd844c,668e5208-a8db-424e-9ec6-92cd04ace8ad,3f2f0160-b953-4382-9f7b-4bcb1bf739c0
12acfc45-bdfb-4343-9004-9be15dfd844c,668e5208-a8db-424e-9ec6-92cd04ace8ad,359030b2-3eea-45fe-9d35-2b64e42478dc,->,12acfc45-bdfb-4343-9004-9be15dfd844c,java/util/ArrayList.java,remove
12acfc45-bdfb-4343-9004-9be15dfd844c,668e5208-a8db-424e-9ec6-92cd04ace8ad,2fe2708d-c666-4c87-8181-45c484fdb6c6,->,12acfc45-bdfb-4343-9004-9be15dfd844c,java/lang/String.java,toLowerCase
12acfc45-bdfb-4343-9004-9be15dfd844c,668e5208-a8db-424e-9ec6-92cd04ace8ad,2fe2708d-c666-4c87-8181-45c484fdb6c6,->,12acfc45-bdfb-4343-9004-9be15dfd844c,java/util/ArrayList.java,add
12acfc45-bdfb-4343-9004-9be15dfd844c,668e5208-a8db-424e-9ec6-92cd04ace8ad,8d947b7d-d618-4021-9db2-90e097248b29,->,12acfc45-bdfb-4343-9004-9be15dfd844c,java/lang/String.java,toLowerCase
12acfc45-bdfb-4343-9004-9be15dfd844c,668e5208-a8db-424e-9ec6-92cd04ace8ad,8d947b7d-d618-4021-9db2-90e097248b29,->,12acfc45-bdfb-4343-9004-9be15dfd844c,java/util/ArrayList.java,add
12acfc45-bdfb-4343-9004-9be15dfd844c,668e5208-a8db-424e-9ec6-92cd04ace8ad,8d947b7d-d618-4021-9db2-90e097248b29,->,12acfc45-bdfb-4343-9004-9be15dfd844c,668e5208-a8db-424e-9ec6-92cd04ace8ad,9e73f131-957c-432f-ac5c-bbd5be89c144
12acfc45-bdfb-4343-9004-9be15dfd844c,668e5208-a8db-424e-9ec6-92cd04ace8ad,849ac759-1190-4e12-9d5c-007777d2d5c5,->,12acfc45-bdfb-4343-9004-9be15dfd844c,java/io/BufferedReader.java,readLine
12acfc45-bdfb-4343-9004-9be15dfd844c,668e5208-a8db-424e-9ec6-92cd04ace8ad,849ac759-1190-4e12-9d5c-007777d2d5c5,->,12acfc45-bdfb-4343-9004-9be15dfd844c,java/util/ArrayList.java,add
12acfc45-bdfb-4343-9004-9be15dfd844c,668e5208-a8db-424e-9ec6-92cd04ace8ad,849ac759-1190-4e12-9d5c-007777d2d5c5,->,12acfc45-bdfb-4343-9004-9be15dfd844c,java/io/BufferedReader.java,close
12acfc45-bdfb-4343-9004-9be15dfd844c,668e5208-a8db-424e-9ec6-92cd04ace8ad,849ac759-1190-4e12-9d5c-007777d2d5c5,->,12acfc45-bdfb-4343-9004-9be15dfd844c,java/io/BufferedReader.java,close
12acfc45-bdfb-4343-9004-9be15dfd844c,668e5208-a8db-424e-9ec6-92cd04ace8ad,849ac759-1190-4e12-9d5c-007777d2d5c5,->,12acfc45-bdfb-4343-9004-9be15dfd844c,java/io/IOException.java,printStackTrace
12acfc45-bdfb-4343-9004-9be15dfd844c,668e5208-a8db-424e-9ec6-92cd04ace8ad,0bbdb1a2-0fbe-4b09-b5d3-da03b2c9d0ce,->,12acfc45-bdfb-4343-9004-9be15dfd844c,java/io/BufferedReader.java,readLine
12acfc45-bdfb-4343-9004-9be15dfd844c,668e5208-a8db-424e-9ec6-92cd04ace8ad,0bbdb1a2-0fbe-4b09-b5d3-da03b2c9d0ce,->,12acfc45-bdfb-4343-9004-9be15dfd844c,java/util/ArrayList.java,add
12acfc45-bdfb-4343-9004-9be15dfd844c,668e5208-a8db-424e-9ec6-92cd04ace8ad,0bbdb1a2-0fbe-4b09-b5d3-da03b2c9d0ce,->,12acfc45-bdfb-4343-9004-9be15dfd844c,java/io/BufferedReader.java,close
12acfc45-bdfb-4343-9004-9be15dfd844c,668e5208-a8db-424e-9ec6-92cd04ace8ad,0bbdb1a2-0fbe-4b09-b5d3-da03b2c9d0ce,->,12acfc45-bdfb-4343-9004-9be15dfd844c,java/io/BufferedReader.java,close
12acfc45-bdfb-4343-9004-9be15dfd844c,668e5208-a8db-424e-9ec6-92cd04ace8ad,0bbdb1a2-0fbe-4b09-b5d3-da03b2c9d0ce,->,12acfc45-bdfb-4343-9004-9be15dfd844c,java/io/IOException.java,printStackTrace
12acfc45-bdfb-4343-9004-9be15dfd844c,668e5208-a8db-424e-9ec6-92cd04ace8ad,2e85ffee-05be-424f-92c8-a8ef2ef19ae7,->,12acfc45-bdfb-4343-9004-9be15dfd844c,java/util/ArrayList.java,add
12acfc45-bdfb-4343-9004-9be15dfd844c,668e5208-a8db-424e-9ec6-92cd04ace8ad,9590f87e-34d4-44b9-93cc-a5ac64ce11ae,->,12acfc45-bdfb-4343-9004-9be15dfd844c,java/util/ArrayList.java,add
12acfc45-bdfb-4343-9004-9be15dfd844c,668e5208-a8db-424e-9ec6-92cd04ace8ad,9590f87e-34d4-44b9-93cc-a5ac64ce11ae,->,12acfc45-bdfb-4343-9004-9be15dfd844c,668e5208-a8db-424e-9ec6-92cd04ace8ad,b49761e3-e87f-49cb-9db8-a279e132c5de
12acfc45-bdfb-4343-9004-9be15dfd844c,668e5208-a8db-424e-9ec6-92cd04ace8ad,a7dda5eb-45c4-43f0-8461-338e63bc259e,->,12acfc45-bdfb-4343-9004-9be15dfd844c,java/util/ArrayList.java,contains
12acfc45-bdfb-4343-9004-9be15dfd844c,668e5208-a8db-424e-9ec6-92cd04ace8ad,e34dd516-8f6f-44ed-9c47-c749a2539a43,->,12acfc45-bdfb-4343-9004-9be15dfd844c,java/lang/String.java,toLowerCase
12acfc45-bdfb-4343-9004-9be15dfd844c,668e5208-a8db-424e-9ec6-92cd04ace8ad,e34dd516-8f6f-44ed-9c47-c749a2539a43,->,12acfc45-bdfb-4343-9004-9be15dfd844c,java/util/ArrayList.java,contains
12acfc45-bdfb-4343-9004-9be15dfd844c,668e5208-a8db-424e-9ec6-92cd04ace8ad,df7caec2-869d-4534-860e-76c14595345e,->,12acfc45-bdfb-4343-9004-9be15dfd844c,java/io/BufferedReader.java,readLine
12acfc45-bdfb-4343-9004-9be15dfd844c,668e5208-a8db-424e-9ec6-92cd04ace8ad,df7caec2-869d-4534-860e-76c14595345e,->,12acfc45-bdfb-4343-9004-9be15dfd844c,668e5208-a8db-424e-9ec6-92cd04ace8ad,2fe2708d-c666-4c87-8181-45c484fdb6c6
12acfc45-bdfb-4343-9004-9be15dfd844c,668e5208-a8db-424e-9ec6-92cd04ace8ad,df7caec2-869d-4534-860e-76c14595345e,->,12acfc45-bdfb-4343-9004-9be15dfd844c,java/io/BufferedReader.java,close
12acfc45-bdfb-4343-9004-9be15dfd844c,668e5208-a8db-424e-9ec6-92cd04ace8ad,df7caec2-869d-4534-860e-76c14595345e,->,12acfc45-bdfb-4343-9004-9be15dfd844c,java/io/BufferedReader.java,close
12acfc45-bdfb-4343-9004-9be15dfd844c,668e5208-a8db-424e-9ec6-92cd04ace8ad,df7caec2-869d-4534-860e-76c14595345e,->,12acfc45-bdfb-4343-9004-9be15dfd844c,java/io/IOException.java,printStackTrace
12acfc45-bdfb-4343-9004-9be15dfd844c,668e5208-a8db-424e-9ec6-92cd04ace8ad,4cd6b827-739b-4dd5-b7e5-499fcdb2dbae,->,12acfc45-bdfb-4343-9004-9be15dfd844c,java/io/BufferedReader.java,readLine
12acfc45-bdfb-4343-9004-9be15dfd844c,668e5208-a8db-424e-9ec6-92cd04ace8ad,4cd6b827-739b-4dd5-b7e5-499fcdb2dbae,->,12acfc45-bdfb-4343-9004-9be15dfd844c,668e5208-a8db-424e-9ec6-92cd04ace8ad,2e85ffee-05be-424f-92c8-a8ef2ef19ae7
12acfc45-bdfb-4343-9004-9be15dfd844c,668e5208-a8db-424e-9ec6-92cd04ace8ad,4cd6b827-739b-4dd5-b7e5-499fcdb2dbae,->,12acfc45-bdfb-4343-9004-9be15dfd844c,java/io/BufferedReader.java,close
12acfc45-bdfb-4343-9004-9be15dfd844c,668e5208-a8db-424e-9ec6-92cd04ace8ad,4cd6b827-739b-4dd5-b7e5-499fcdb2dbae,->,12acfc45-bdfb-4343-9004-9be15dfd844c,java/io/BufferedReader.java,close
12acfc45-bdfb-4343-9004-9be15dfd844c,668e5208-a8db-424e-9ec6-92cd04ace8ad,4cd6b827-739b-4dd5-b7e5-499fcdb2dbae,->,12acfc45-bdfb-4343-9004-9be15dfd844c,java/io/IOException.java,printStackTrace
12acfc45-bdfb-4343-9004-9be15dfd844c,668e5208-a8db-424e-9ec6-92cd04ace8ad,13872ecd-a90c-4e1f-b211-16c4a56a3c62,->,12acfc45-bdfb-4343-9004-9be15dfd844c,java/io/BufferedWriter.java,newLine
12acfc45-bdfb-4343-9004-9be15dfd844c,668e5208-a8db-424e-9ec6-92cd04ace8ad,13872ecd-a90c-4e1f-b211-16c4a56a3c62,->,12acfc45-bdfb-4343-9004-9be15dfd844c,java/io/BufferedWriter.java,write
12acfc45-bdfb-4343-9004-9be15dfd844c,668e5208-a8db-424e-9ec6-92cd04ace8ad,13872ecd-a90c-4e1f-b211-16c4a56a3c62,->,12acfc45-bdfb-4343-9004-9be15dfd844c,java/io/BufferedWriter.java,close
12acfc45-bdfb-4343-9004-9be15dfd844c,668e5208-a8db-424e-9ec6-92cd04ace8ad,13872ecd-a90c-4e1f-b211-16c4a56a3c62,->,12acfc45-bdfb-4343-9004-9be15dfd844c,java/io/BufferedWriter.java,close
12acfc45-bdfb-4343-9004-9be15dfd844c,668e5208-a8db-424e-9ec6-92cd04ace8ad,13872ecd-a90c-4e1f-b211-16c4a56a3c62,->,12acfc45-bdfb-4343-9004-9be15dfd844c,java/io/IOException.java,printStackTrace
12acfc45-bdfb-4343-9004-9be15dfd844c,668e5208-a8db-424e-9ec6-92cd04ace8ad,9e73f131-957c-432f-ac5c-bbd5be89c144,->,12acfc45-bdfb-4343-9004-9be15dfd844c,java/io/BufferedWriter.java,newLine
12acfc45-bdfb-4343-9004-9be15dfd844c,668e5208-a8db-424e-9ec6-92cd04ace8ad,9e73f131-957c-432f-ac5c-bbd5be89c144,->,12acfc45-bdfb-4343-9004-9be15dfd844c,java/io/BufferedWriter.java,write
12acfc45-bdfb-4343-9004-9be15dfd844c,668e5208-a8db-424e-9ec6-92cd04ace8ad,9e73f131-957c-432f-ac5c-bbd5be89c144,->,12acfc45-bdfb-4343-9004-9be15dfd844c,java/io/BufferedWriter.java,close
12acfc45-bdfb-4343-9004-9be15dfd844c,668e5208-a8db-424e-9ec6-92cd04ace8ad,9e73f131-957c-432f-ac5c-bbd5be89c144,->,12acfc45-bdfb-4343-9004-9be15dfd844c,java/io/BufferedWriter.java,close
12acfc45-bdfb-4343-9004-9be15dfd844c,668e5208-a8db-424e-9ec6-92cd04ace8ad,9e73f131-957c-432f-ac5c-bbd5be89c144,->,12acfc45-bdfb-4343-9004-9be15dfd844c,java/io/IOException.java,printStackTrace
12acfc45-bdfb-4343-9004-9be15dfd844c,668e5208-a8db-424e-9ec6-92cd04ace8ad,d4bb149c-9aa5-44ce-a1ba-3785e69f50be,->,12acfc45-bdfb-4343-9004-9be15dfd844c,java/io/BufferedWriter.java,newLine
12acfc45-bdfb-4343-9004-9be15dfd844c,668e5208-a8db-424e-9ec6-92cd04ace8ad,d4bb149c-9aa5-44ce-a1ba-3785e69f50be,->,12acfc45-bdfb-4343-9004-9be15dfd844c,java/io/BufferedWriter.java,write
12acfc45-bdfb-4343-9004-9be15dfd844c,668e5208-a8db-424e-9ec6-92cd04ace8ad,d4bb149c-9aa5-44ce-a1ba-3785e69f50be,->,12acfc45-bdfb-4343-9004-9be15dfd844c,java/io/BufferedWriter.java,close
12acfc45-bdfb-4343-9004-9be15dfd844c,668e5208-a8db-424e-9ec6-92cd04ace8ad,d4bb149c-9aa5-44ce-a1ba-3785e69f50be,->,12acfc45-bdfb-4343-9004-9be15dfd844c,java/io/BufferedWriter.java,close
12acfc45-bdfb-4343-9004-9be15dfd844c,668e5208-a8db-424e-9ec6-92cd04ace8ad,d4bb149c-9aa5-44ce-a1ba-3785e69f50be,->,12acfc45-bdfb-4343-9004-9be15dfd844c,java/io/IOException.java,printStackTrace
12acfc45-bdfb-4343-9004-9be15dfd844c,668e5208-a8db-424e-9ec6-92cd04ace8ad,b49761e3-e87f-49cb-9db8-a279e132c5de,->,12acfc45-bdfb-4343-9004-9be15dfd844c,java/io/BufferedWriter.java,newLine
12acfc45-bdfb-4343-9004-9be15dfd844c,668e5208-a8db-424e-9ec6-92cd04ace8ad,b49761e3-e87f-49cb-9db8-a279e132c5de,->,12acfc45-bdfb-4343-9004-9be15dfd844c,java/io/BufferedWriter.java,write
12acfc45-bdfb-4343-9004-9be15dfd844c,668e5208-a8db-424e-9ec6-92cd04ace8ad,b49761e3-e87f-49cb-9db8-a279e132c5de,->,12acfc45-bdfb-4343-9004-9be15dfd844c,java/io/BufferedWriter.java,close
12acfc45-bdfb-4343-9004-9be15dfd844c,668e5208-a8db-424e-9ec6-92cd04ace8ad,b49761e3-e87f-49cb-9db8-a279e132c5de,->,12acfc45-bdfb-4343-9004-9be15dfd844c,java/io/BufferedWriter.java,close
12acfc45-bdfb-4343-9004-9be15dfd844c,668e5208-a8db-424e-9ec6-92cd04ace8ad,b49761e3-e87f-49cb-9db8-a279e132c5de,->,12acfc45-bdfb-4343-9004-9be15dfd844c,java/io/IOException.java,printStackTrace
12acfc45-bdfb-4343-9004-9be15dfd844c,server/content/skill/Prayer$Bones.java,values,->,12acfc45-bdfb-4343-9004-9be15dfd844c,server/content/skill/Prayer$Bones.java,clone
12acfc45-bdfb-4343-9004-9be15dfd844c,server/content/skill/Prayer$Bones.java,valueOf,->,12acfc45-bdfb-4343-9004-9be15dfd844c,java/lang/Enum.java,valueOf
12acfc45-bdfb-4343-9004-9be15dfd844c,server/content/skill/Prayer$Bones.java,<clinit>,->,12acfc45-bdfb-4343-9004-9be15dfd844c,java/util/HashMap.java,values
12acfc45-bdfb-4343-9004-9be15dfd844c,server/content/skill/Prayer$Bones.java,<clinit>,->,12acfc45-bdfb-4343-9004-9be15dfd844c,java/util/Collection.java,iterator
12acfc45-bdfb-4343-9004-9be15dfd844c,server/content/skill/Prayer$Bones.java,<clinit>,->,12acfc45-bdfb-4343-9004-9be15dfd844c,java/util/Iterator.java,hasNext
12acfc45-bdfb-4343-9004-9be15dfd844c,server/content/skill/Prayer$Bones.java,<clinit>,->,12acfc45-bdfb-4343-9004-9be15dfd844c,java/util/Iterator.java,next
12acfc45-bdfb-4343-9004-9be15dfd844c,server/content/skill/Prayer$Bones.java,<clinit>,->,12acfc45-bdfb-4343-9004-9be15dfd844c,java/lang/Integer.java,valueOf
12acfc45-bdfb-4343-9004-9be15dfd844c,server/content/skill/Prayer$Bones.java,<clinit>,->,12acfc45-bdfb-4343-9004-9be15dfd844c,java/util/HashMap.java,put
12acfc45-bdfb-4343-9004-9be15dfd844c,server/content/skill/Prayer.java,IsABone,->,12acfc45-bdfb-4343-9004-9be15dfd844c,server/content/skill/Prayer$Bones.java,values
12acfc45-bdfb-4343-9004-9be15dfd844c,server/content/skill/Prayer.java,IsABone,->,12acfc45-bdfb-4343-9004-9be15dfd844c,server/model/players/Client.java,getItems
12acfc45-bdfb-4343-9004-9be15dfd844c,server/content/skill/Prayer.java,IsABone,->,12acfc45-bdfb-4343-9004-9be15dfd844c,server/content/skill/Prayer$Bones.java,getID
12acfc45-bdfb-4343-9004-9be15dfd844c,server/content/skill/Prayer.java,IsABone,->,12acfc45-bdfb-4343-9004-9be15dfd844c,server/model/items/ItemAssistant.java,playerHasItem
12acfc45-bdfb-4343-9004-9be15dfd844c,server/content/skill/Prayer.java,IsABone,->,12acfc45-bdfb-4343-9004-9be15dfd844c,server/content/skill/Prayer$Bones.java,getID
12acfc45-bdfb-4343-9004-9be15dfd844c,server/content/skill/Prayer.java,buryBone,->,12acfc45-bdfb-4343-9004-9be15dfd844c,java/lang/System.java,currentTimeMillis
12acfc45-bdfb-4343-9004-9be15dfd844c,server/content/skill/Prayer.java,buryBone,->,12acfc45-bdfb-4343-9004-9be15dfd844c,server/content/skill/Prayer$Bones.java,values
12acfc45-bdfb-4343-9004-9be15dfd844c,server/content/skill/Prayer.java,buryBone,->,12acfc45-bdfb-4343-9004-9be15dfd844c,server/content/skill/Prayer$Bones.java,getID
12acfc45-bdfb-4343-9004-9be15dfd844c,server/content/skill/Prayer.java,buryBone,->,12acfc45-bdfb-4343-9004-9be15dfd844c,2c89cfe4-ed6d-446f-832b-3c203feb3155,12264cea-e176-47b1-b1bb-e3a14dc18d35
12acfc45-bdfb-4343-9004-9be15dfd844c,server/content/skill/Prayer.java,buryBone,->,12acfc45-bdfb-4343-9004-9be15dfd844c,server/model/players/Client.java,getItems
12acfc45-bdfb-4343-9004-9be15dfd844c,server/content/skill/Prayer.java,buryBone,->,12acfc45-bdfb-4343-9004-9be15dfd844c,server/model/items/ItemAssistant.java,deleteItem
12acfc45-bdfb-4343-9004-9be15dfd844c,server/content/skill/Prayer.java,buryBone,->,12acfc45-bdfb-4343-9004-9be15dfd844c,java/lang/StringBuilder.java,append
12acfc45-bdfb-4343-9004-9be15dfd844c,server/content/skill/Prayer.java,buryBone,->,12acfc45-bdfb-4343-9004-9be15dfd844c,server/content/skill/Prayer$Bones.java,getName
12acfc45-bdfb-4343-9004-9be15dfd844c,server/content/skill/Prayer.java,buryBone,->,12acfc45-bdfb-4343-9004-9be15dfd844c,java/lang/StringBuilder.java,append
12acfc45-bdfb-4343-9004-9be15dfd844c,server/content/skill/Prayer.java,buryBone,->,12acfc45-bdfb-4343-9004-9be15dfd844c,java/lang/StringBuilder.java,toString
12acfc45-bdfb-4343-9004-9be15dfd844c,server/content/skill/Prayer.java,buryBone,->,12acfc45-bdfb-4343-9004-9be15dfd844c,server/model/players/Client.java,sendMessage
12acfc45-bdfb-4343-9004-9be15dfd844c,server/content/skill/Prayer.java,buryBone,->,12acfc45-bdfb-4343-9004-9be15dfd844c,server/model/players/Client.java,getPA
12acfc45-bdfb-4343-9004-9be15dfd844c,server/content/skill/Prayer.java,buryBone,->,12acfc45-bdfb-4343-9004-9be15dfd844c,server/content/skill/Prayer$Bones.java,getXP
12acfc45-bdfb-4343-9004-9be15dfd844c,server/content/skill/Prayer.java,buryBone,->,12acfc45-bdfb-4343-9004-9be15dfd844c,991eb2a8-284a-4290-ae08-f54cf8834706,0955b7e8-1203-4e9d-8e85-6eeaf5af5ce5
12acfc45-bdfb-4343-9004-9be15dfd844c,server/content/skill/Prayer.java,buryBone,->,12acfc45-bdfb-4343-9004-9be15dfd844c,java/lang/System.java,currentTimeMillis
12acfc45-bdfb-4343-9004-9be15dfd844c,server/content/skill/Prayer.java,buryBone,->,12acfc45-bdfb-4343-9004-9be15dfd844c,server/model/players/Client.java,startAnimation
12acfc45-bdfb-4343-9004-9be15dfd844c,server/content/skill/Prayer.java,buryBone,->,12acfc45-bdfb-4343-9004-9be15dfd844c,server/model/players/Client.java,getItems
12acfc45-bdfb-4343-9004-9be15dfd844c,server/content/skill/Prayer.java,buryBone,->,12acfc45-bdfb-4343-9004-9be15dfd844c,server/model/items/ItemAssistant.java,deleteItem
12acfc45-bdfb-4343-9004-9be15dfd844c,server/content/skill/Prayer.java,buryBone,->,12acfc45-bdfb-4343-9004-9be15dfd844c,java/lang/StringBuilder.java,append
12acfc45-bdfb-4343-9004-9be15dfd844c,server/content/skill/Prayer.java,buryBone,->,12acfc45-bdfb-4343-9004-9be15dfd844c,server/content/skill/Prayer$Bones.java,getName
12acfc45-bdfb-4343-9004-9be15dfd844c,server/content/skill/Prayer.java,buryBone,->,12acfc45-bdfb-4343-9004-9be15dfd844c,java/lang/StringBuilder.java,append
12acfc45-bdfb-4343-9004-9be15dfd844c,server/content/skill/Prayer.java,buryBone,->,12acfc45-bdfb-4343-9004-9be15dfd844c,java/lang/StringBuilder.java,append
12acfc45-bdfb-4343-9004-9be15dfd844c,server/content/skill/Prayer.java,buryBone,->,12acfc45-bdfb-4343-9004-9be15dfd844c,java/lang/StringBuilder.java,toString
12acfc45-bdfb-4343-9004-9be15dfd844c,server/content/skill/Prayer.java,buryBone,->,12acfc45-bdfb-4343-9004-9be15dfd844c,server/model/players/Client.java,sendMessage
12acfc45-bdfb-4343-9004-9be15dfd844c,server/content/skill/Prayer.java,buryBone,->,12acfc45-bdfb-4343-9004-9be15dfd844c,server/model/players/Client.java,getPA
12acfc45-bdfb-4343-9004-9be15dfd844c,server/content/skill/Prayer.java,buryBone,->,12acfc45-bdfb-4343-9004-9be15dfd844c,server/content/skill/Prayer$Bones.java,getXP
12acfc45-bdfb-4343-9004-9be15dfd844c,server/content/skill/Prayer.java,buryBone,->,12acfc45-bdfb-4343-9004-9be15dfd844c,991eb2a8-284a-4290-ae08-f54cf8834706,0955b7e8-1203-4e9d-8e85-6eeaf5af5ce5
12acfc45-bdfb-4343-9004-9be15dfd844c,server/content/skill/Prayer.java,buryBone,->,12acfc45-bdfb-4343-9004-9be15dfd844c,java/lang/System.java,currentTimeMillis
12acfc45-bdfb-4343-9004-9be15dfd844c,server/content/skill/Prayer.java,buryBone,->,12acfc45-bdfb-4343-9004-9be15dfd844c,server/model/players/Client.java,startAnimation
12acfc45-bdfb-4343-9004-9be15dfd844c,server/content/skill/Prayer.java,bonesOnAltar,->,12acfc45-bdfb-4343-9004-9be15dfd844c,2c89cfe4-ed6d-446f-832b-3c203feb3155,12264cea-e176-47b1-b1bb-e3a14dc18d35
12acfc45-bdfb-4343-9004-9be15dfd844c,server/content/skill/Prayer.java,bonesOnAltar,->,12acfc45-bdfb-4343-9004-9be15dfd844c,server/content/skill/Prayer$Bones.java,values
12acfc45-bdfb-4343-9004-9be15dfd844c,server/content/skill/Prayer.java,bonesOnAltar,->,12acfc45-bdfb-4343-9004-9be15dfd844c,server/content/skill/Prayer$Bones.java,getID
12acfc45-bdfb-4343-9004-9be15dfd844c,server/content/skill/Prayer.java,bonesOnAltar,->,12acfc45-bdfb-4343-9004-9be15dfd844c,server/model/players/Client.java,getItems
12acfc45-bdfb-4343-9004-9be15dfd844c,server/content/skill/Prayer.java,bonesOnAltar,->,12acfc45-bdfb-4343-9004-9be15dfd844c,server/model/items/ItemAssistant.java,deleteItem
12acfc45-bdfb-4343-9004-9be15dfd844c,server/content/skill/Prayer.java,bonesOnAltar,->,12acfc45-bdfb-4343-9004-9be15dfd844c,java/lang/StringBuilder.java,append
12acfc45-bdfb-4343-9004-9be15dfd844c,server/content/skill/Prayer.java,bonesOnAltar,->,12acfc45-bdfb-4343-9004-9be15dfd844c,server/content/skill/Prayer$Bones.java,getName
12acfc45-bdfb-4343-9004-9be15dfd844c,server/content/skill/Prayer.java,bonesOnAltar,->,12acfc45-bdfb-4343-9004-9be15dfd844c,java/lang/StringBuilder.java,append
12acfc45-bdfb-4343-9004-9be15dfd844c,server/content/skill/Prayer.java,bonesOnAltar,->,12acfc45-bdfb-4343-9004-9be15dfd844c,java/lang/StringBuilder.java,toString
12acfc45-bdfb-4343-9004-9be15dfd844c,server/content/skill/Prayer.java,bonesOnAltar,->,12acfc45-bdfb-4343-9004-9be15dfd844c,server/model/players/Client.java,sendMessage
12acfc45-bdfb-4343-9004-9be15dfd844c,server/content/skill/Prayer.java,bonesOnAltar,->,12acfc45-bdfb-4343-9004-9be15dfd844c,server/model/players/Client.java,getPA
12acfc45-bdfb-4343-9004-9be15dfd844c,server/content/skill/Prayer.java,bonesOnAltar,->,12acfc45-bdfb-4343-9004-9be15dfd844c,server/content/skill/Prayer$Bones.java,getXP
12acfc45-bdfb-4343-9004-9be15dfd844c,server/content/skill/Prayer.java,bonesOnAltar,->,12acfc45-bdfb-4343-9004-9be15dfd844c,991eb2a8-284a-4290-ae08-f54cf8834706,0955b7e8-1203-4e9d-8e85-6eeaf5af5ce5
12acfc45-bdfb-4343-9004-9be15dfd844c,server/content/skill/Prayer.java,bonesOnAltar,->,12acfc45-bdfb-4343-9004-9be15dfd844c,server/model/players/Client.java,gfx100
12acfc45-bdfb-4343-9004-9be15dfd844c,server/content/skill/Prayer.java,bonesOnAltar,->,12acfc45-bdfb-4343-9004-9be15dfd844c,server/model/players/Client.java,startAnimation
12acfc45-bdfb-4343-9004-9be15dfd844c,server/content/skill/Prayer.java,bonesOnAltar,->,12acfc45-bdfb-4343-9004-9be15dfd844c,server/model/players/Client.java,forcedChat
12acfc45-bdfb-4343-9004-9be15dfd844c,server/content/skill/Prayer.java,bonesOnAltar,->,12acfc45-bdfb-4343-9004-9be15dfd844c,server/model/players/Client.java,sendMessage
12acfc45-bdfb-4343-9004-9be15dfd844c,server/content/skill/Prayer.java,bonesOnAltar,->,12acfc45-bdfb-4343-9004-9be15dfd844c,server/model/players/Client.java,setHitUpdateRequired2
12acfc45-bdfb-4343-9004-9be15dfd844c,server/content/skill/Prayer.java,bonesOnAltar,->,12acfc45-bdfb-4343-9004-9be15dfd844c,server/model/players/Client.java,setHitDiff2
12acfc45-bdfb-4343-9004-9be15dfd844c,965e70c7-2602-4bc0-b73b-f3ab5eff8225,74634703-caaa-4ded-83b7-161af800aa07,->,12acfc45-bdfb-4343-9004-9be15dfd844c,org/jboss/netty/channel/MessageEvent.java,getMessage
12acfc45-bdfb-4343-9004-9be15dfd844c,965e70c7-2602-4bc0-b73b-f3ab5eff8225,74634703-caaa-4ded-83b7-161af800aa07,->,12acfc45-bdfb-4343-9004-9be15dfd844c,org/jboss/netty/channel/MessageEvent.java,getMessage
12acfc45-bdfb-4343-9004-9be15dfd844c,965e70c7-2602-4bc0-b73b-f3ab5eff8225,74634703-caaa-4ded-83b7-161af800aa07,->,12acfc45-bdfb-4343-9004-9be15dfd844c,479ae376-ec03-4409-adbd-3b2394083ea4,54d01234-5493-4870-8e81-daa228c79db6
12acfc45-bdfb-4343-9004-9be15dfd844c,965e70c7-2602-4bc0-b73b-f3ab5eff8225,74634703-caaa-4ded-83b7-161af800aa07,->,12acfc45-bdfb-4343-9004-9be15dfd844c,org/jboss/netty/channel/MessageEvent.java,getMessage
12acfc45-bdfb-4343-9004-9be15dfd844c,965e70c7-2602-4bc0-b73b-f3ab5eff8225,74634703-caaa-4ded-83b7-161af800aa07,->,12acfc45-bdfb-4343-9004-9be15dfd844c,479ae376-ec03-4409-adbd-3b2394083ea4,1d6846d2-178f-4332-84fc-a036dd39e3dc
12acfc45-bdfb-4343-9004-9be15dfd844c,965e70c7-2602-4bc0-b73b-f3ab5eff8225,74634703-caaa-4ded-83b7-161af800aa07,->,12acfc45-bdfb-4343-9004-9be15dfd844c,479ae376-ec03-4409-adbd-3b2394083ea4,1d6846d2-178f-4332-84fc-a036dd39e3dc
12acfc45-bdfb-4343-9004-9be15dfd844c,965e70c7-2602-4bc0-b73b-f3ab5eff8225,74634703-caaa-4ded-83b7-161af800aa07,->,12acfc45-bdfb-4343-9004-9be15dfd844c,org/jboss/netty/channel/MessageEvent.java,getMessage
12acfc45-bdfb-4343-9004-9be15dfd844c,965e70c7-2602-4bc0-b73b-f3ab5eff8225,74634703-caaa-4ded-83b7-161af800aa07,->,12acfc45-bdfb-4343-9004-9be15dfd844c,server/model/players/Client.java,queueMessage
12acfc45-bdfb-4343-9004-9be15dfd844c,965e70c7-2602-4bc0-b73b-f3ab5eff8225,63a4ae90-4757-4889-ab83-5e365c4c3070,->,12acfc45-bdfb-4343-9004-9be15dfd844c,org/jboss/netty/channel/ChannelHandlerContext.java,getChannel
12acfc45-bdfb-4343-9004-9be15dfd844c,965e70c7-2602-4bc0-b73b-f3ab5eff8225,4c977167-5e9f-4b26-a302-3ca21071355a,->,12acfc45-bdfb-4343-9004-9be15dfd844c,479ae376-ec03-4409-adbd-3b2394083ea4,1d6846d2-178f-4332-84fc-a036dd39e3dc
12acfc45-bdfb-4343-9004-9be15dfd844c,650485d6-af12-4d77-a5e6-6a88daaf9fc0,4d7508ea-929d-4c52-9fe9-b4c677064724,->,12acfc45-bdfb-4343-9004-9be15dfd844c,org/jboss/netty/buffer/ChannelBuffer.java,capacity
12acfc45-bdfb-4343-9004-9be15dfd844c,650485d6-af12-4d77-a5e6-6a88daaf9fc0,c3102b0b-da4c-487f-ae82-d5ef4390d999,->,12acfc45-bdfb-4343-9004-9be15dfd844c,org/jboss/netty/buffer/ChannelBuffer.java,readByte
12acfc45-bdfb-4343-9004-9be15dfd844c,650485d6-af12-4d77-a5e6-6a88daaf9fc0,fdd05790-3341-4725-8ab1-5a6cbbec97fa,->,12acfc45-bdfb-4343-9004-9be15dfd844c,org/jboss/netty/buffer/ChannelBuffer.java,readBytes
12acfc45-bdfb-4343-9004-9be15dfd844c,650485d6-af12-4d77-a5e6-6a88daaf9fc0,391704c5-3053-402d-bff3-f95188629f79,->,12acfc45-bdfb-4343-9004-9be15dfd844c,650485d6-af12-4d77-a5e6-6a88daaf9fc0,c3102b0b-da4c-487f-ae82-d5ef4390d999
12acfc45-bdfb-4343-9004-9be15dfd844c,650485d6-af12-4d77-a5e6-6a88daaf9fc0,eb96357c-e3b0-4675-ade0-56b619138c82,->,12acfc45-bdfb-4343-9004-9be15dfd844c,org/jboss/netty/buffer/ChannelBuffer.java,readByte
12acfc45-bdfb-4343-9004-9be15dfd844c,650485d6-af12-4d77-a5e6-6a88daaf9fc0,be83c741-e797-48ec-904f-3a3a68280e0e,->,12acfc45-bdfb-4343-9004-9be15dfd844c,org/jboss/netty/buffer/ChannelBuffer.java,readShort
12acfc45-bdfb-4343-9004-9be15dfd844c,650485d6-af12-4d77-a5e6-6a88daaf9fc0,a48962fe-b3f6-4484-99f2-ba880774e383,->,12acfc45-bdfb-4343-9004-9be15dfd844c,650485d6-af12-4d77-a5e6-6a88daaf9fc0,c3102b0b-da4c-487f-ae82-d5ef4390d999
12acfc45-bdfb-4343-9004-9be15dfd844c,650485d6-af12-4d77-a5e6-6a88daaf9fc0,a48962fe-b3f6-4484-99f2-ba880774e383,->,12acfc45-bdfb-4343-9004-9be15dfd844c,650485d6-af12-4d77-a5e6-6a88daaf9fc0,c3102b0b-da4c-487f-ae82-d5ef4390d999
12acfc45-bdfb-4343-9004-9be15dfd844c,650485d6-af12-4d77-a5e6-6a88daaf9fc0,84e29a6f-9f76-4c46-a66c-65687f2437a1,->,12acfc45-bdfb-4343-9004-9be15dfd844c,650485d6-af12-4d77-a5e6-6a88daaf9fc0,c3102b0b-da4c-487f-ae82-d5ef4390d999
12acfc45-bdfb-4343-9004-9be15dfd844c,650485d6-af12-4d77-a5e6-6a88daaf9fc0,84e29a6f-9f76-4c46-a66c-65687f2437a1,->,12acfc45-bdfb-4343-9004-9be15dfd844c,650485d6-af12-4d77-a5e6-6a88daaf9fc0,c3102b0b-da4c-487f-ae82-d5ef4390d999
12acfc45-bdfb-4343-9004-9be15dfd844c,650485d6-af12-4d77-a5e6-6a88daaf9fc0,55a09173-5d1a-4504-81ca-ad1582548440,->,12acfc45-bdfb-4343-9004-9be15dfd844c,org/jboss/netty/buffer/ChannelBuffer.java,readInt
12acfc45-bdfb-4343-9004-9be15dfd844c,650485d6-af12-4d77-a5e6-6a88daaf9fc0,59a6241b-10f5-4b46-bed0-f8ad9666903d,->,12acfc45-bdfb-4343-9004-9be15dfd844c,org/jboss/netty/buffer/ChannelBuffer.java,readLong
12acfc45-bdfb-4343-9004-9be15dfd844c,650485d6-af12-4d77-a5e6-6a88daaf9fc0,ffc3748b-9446-4849-985c-3cff4672ccba,->,12acfc45-bdfb-4343-9004-9be15dfd844c,650485d6-af12-4d77-a5e6-6a88daaf9fc0,c3102b0b-da4c-487f-ae82-d5ef4390d999
12acfc45-bdfb-4343-9004-9be15dfd844c,650485d6-af12-4d77-a5e6-6a88daaf9fc0,2ba9874f-c6c3-47aa-905a-e39c2675214d,->,12acfc45-bdfb-4343-9004-9be15dfd844c,650485d6-af12-4d77-a5e6-6a88daaf9fc0,c3102b0b-da4c-487f-ae82-d5ef4390d999
12acfc45-bdfb-4343-9004-9be15dfd844c,650485d6-af12-4d77-a5e6-6a88daaf9fc0,bf847426-d3c1-43ec-8e02-0e859ced075a,->,12acfc45-bdfb-4343-9004-9be15dfd844c,650485d6-af12-4d77-a5e6-6a88daaf9fc0,c3102b0b-da4c-487f-ae82-d5ef4390d999
12acfc45-bdfb-4343-9004-9be15dfd844c,650485d6-af12-4d77-a5e6-6a88daaf9fc0,bf847426-d3c1-43ec-8e02-0e859ced075a,->,12acfc45-bdfb-4343-9004-9be15dfd844c,650485d6-af12-4d77-a5e6-6a88daaf9fc0,c3102b0b-da4c-487f-ae82-d5ef4390d999
12acfc45-bdfb-4343-9004-9be15dfd844c,650485d6-af12-4d77-a5e6-6a88daaf9fc0,cbdcc17b-4b9e-4c06-8292-1b55d03acc19,->,12acfc45-bdfb-4343-9004-9be15dfd844c,650485d6-af12-4d77-a5e6-6a88daaf9fc0,c3102b0b-da4c-487f-ae82-d5ef4390d999
12acfc45-bdfb-4343-9004-9be15dfd844c,650485d6-af12-4d77-a5e6-6a88daaf9fc0,cbdcc17b-4b9e-4c06-8292-1b55d03acc19,->,12acfc45-bdfb-4343-9004-9be15dfd844c,650485d6-af12-4d77-a5e6-6a88daaf9fc0,c3102b0b-da4c-487f-ae82-d5ef4390d999
12acfc45-bdfb-4343-9004-9be15dfd844c,650485d6-af12-4d77-a5e6-6a88daaf9fc0,dee07b07-daf2-497a-abd2-8ef79a0065b5,->,12acfc45-bdfb-4343-9004-9be15dfd844c,650485d6-af12-4d77-a5e6-6a88daaf9fc0,c3102b0b-da4c-487f-ae82-d5ef4390d999
12acfc45-bdfb-4343-9004-9be15dfd844c,650485d6-af12-4d77-a5e6-6a88daaf9fc0,dee07b07-daf2-497a-abd2-8ef79a0065b5,->,12acfc45-bdfb-4343-9004-9be15dfd844c,650485d6-af12-4d77-a5e6-6a88daaf9fc0,c3102b0b-da4c-487f-ae82-d5ef4390d999
12acfc45-bdfb-4343-9004-9be15dfd844c,650485d6-af12-4d77-a5e6-6a88daaf9fc0,dee07b07-daf2-497a-abd2-8ef79a0065b5,->,12acfc45-bdfb-4343-9004-9be15dfd844c,650485d6-af12-4d77-a5e6-6a88daaf9fc0,c3102b0b-da4c-487f-ae82-d5ef4390d999
12acfc45-bdfb-4343-9004-9be15dfd844c,650485d6-af12-4d77-a5e6-6a88daaf9fc0,dee07b07-daf2-497a-abd2-8ef79a0065b5,->,12acfc45-bdfb-4343-9004-9be15dfd844c,650485d6-af12-4d77-a5e6-6a88daaf9fc0,c3102b0b-da4c-487f-ae82-d5ef4390d999
12acfc45-bdfb-4343-9004-9be15dfd844c,650485d6-af12-4d77-a5e6-6a88daaf9fc0,3d16aa4f-80fb-4c92-997e-dccc6615b52c,->,12acfc45-bdfb-4343-9004-9be15dfd844c,650485d6-af12-4d77-a5e6-6a88daaf9fc0,c3102b0b-da4c-487f-ae82-d5ef4390d999
12acfc45-bdfb-4343-9004-9be15dfd844c,650485d6-af12-4d77-a5e6-6a88daaf9fc0,3d16aa4f-80fb-4c92-997e-dccc6615b52c,->,12acfc45-bdfb-4343-9004-9be15dfd844c,650485d6-af12-4d77-a5e6-6a88daaf9fc0,c3102b0b-da4c-487f-ae82-d5ef4390d999
12acfc45-bdfb-4343-9004-9be15dfd844c,650485d6-af12-4d77-a5e6-6a88daaf9fc0,3d16aa4f-80fb-4c92-997e-dccc6615b52c,->,12acfc45-bdfb-4343-9004-9be15dfd844c,650485d6-af12-4d77-a5e6-6a88daaf9fc0,c3102b0b-da4c-487f-ae82-d5ef4390d999
12acfc45-bdfb-4343-9004-9be15dfd844c,650485d6-af12-4d77-a5e6-6a88daaf9fc0,3d16aa4f-80fb-4c92-997e-dccc6615b52c,->,12acfc45-bdfb-4343-9004-9be15dfd844c,650485d6-af12-4d77-a5e6-6a88daaf9fc0,c3102b0b-da4c-487f-ae82-d5ef4390d999
12acfc45-bdfb-4343-9004-9be15dfd844c,650485d6-af12-4d77-a5e6-6a88daaf9fc0,f0822cc9-cc3c-4288-964a-e3a6c0a88028,->,12acfc45-bdfb-4343-9004-9be15dfd844c,650485d6-af12-4d77-a5e6-6a88daaf9fc0,c3102b0b-da4c-487f-ae82-d5ef4390d999
12acfc45-bdfb-4343-9004-9be15dfd844c,650485d6-af12-4d77-a5e6-6a88daaf9fc0,f0822cc9-cc3c-4288-964a-e3a6c0a88028,->,12acfc45-bdfb-4343-9004-9be15dfd844c,650485d6-af12-4d77-a5e6-6a88daaf9fc0,c3102b0b-da4c-487f-ae82-d5ef4390d999
12acfc45-bdfb-4343-9004-9be15dfd844c,650485d6-af12-4d77-a5e6-6a88daaf9fc0,f0822cc9-cc3c-4288-964a-e3a6c0a88028,->,12acfc45-bdfb-4343-9004-9be15dfd844c,650485d6-af12-4d77-a5e6-6a88daaf9fc0,c3102b0b-da4c-487f-ae82-d5ef4390d999
12acfc45-bdfb-4343-9004-9be15dfd844c,650485d6-af12-4d77-a5e6-6a88daaf9fc0,973f8b3a-9c66-4bf0-9f09-a9b3096a223d,->,12acfc45-bdfb-4343-9004-9be15dfd844c,650485d6-af12-4d77-a5e6-6a88daaf9fc0,c3102b0b-da4c-487f-ae82-d5ef4390d999
12acfc45-bdfb-4343-9004-9be15dfd844c,650485d6-af12-4d77-a5e6-6a88daaf9fc0,a63f143a-ac80-4fbd-885f-bacb694c2ae8,->,12acfc45-bdfb-4343-9004-9be15dfd844c,org/jboss/netty/buffer/ChannelBuffer.java,readable
12acfc45-bdfb-4343-9004-9be15dfd844c,650485d6-af12-4d77-a5e6-6a88daaf9fc0,a63f143a-ac80-4fbd-885f-bacb694c2ae8,->,12acfc45-bdfb-4343-9004-9be15dfd844c,org/jboss/netty/buffer/ChannelBuffer.java,readByte
12acfc45-bdfb-4343-9004-9be15dfd844c,650485d6-af12-4d77-a5e6-6a88daaf9fc0,a63f143a-ac80-4fbd-885f-bacb694c2ae8,->,12acfc45-bdfb-4343-9004-9be15dfd844c,java/lang/StringBuilder.java,append
12acfc45-bdfb-4343-9004-9be15dfd844c,650485d6-af12-4d77-a5e6-6a88daaf9fc0,a63f143a-ac80-4fbd-885f-bacb694c2ae8,->,12acfc45-bdfb-4343-9004-9be15dfd844c,java/lang/StringBuilder.java,toString
12acfc45-bdfb-4343-9004-9be15dfd844c,650485d6-af12-4d77-a5e6-6a88daaf9fc0,ae803e04-5caa-4d18-91c5-d557e41d70c3,->,12acfc45-bdfb-4343-9004-9be15dfd844c,650485d6-af12-4d77-a5e6-6a88daaf9fc0,c3102b0b-da4c-487f-ae82-d5ef4390d999
12acfc45-bdfb-4343-9004-9be15dfd844c,650485d6-af12-4d77-a5e6-6a88daaf9fc0,ae803e04-5caa-4d18-91c5-d557e41d70c3,->,12acfc45-bdfb-4343-9004-9be15dfd844c,650485d6-af12-4d77-a5e6-6a88daaf9fc0,c3102b0b-da4c-487f-ae82-d5ef4390d999
12acfc45-bdfb-4343-9004-9be15dfd844c,650485d6-af12-4d77-a5e6-6a88daaf9fc0,08835c42-84f8-4863-8926-5ee9998aff88,->,12acfc45-bdfb-4343-9004-9be15dfd844c,650485d6-af12-4d77-a5e6-6a88daaf9fc0,c3102b0b-da4c-487f-ae82-d5ef4390d999
12acfc45-bdfb-4343-9004-9be15dfd844c,650485d6-af12-4d77-a5e6-6a88daaf9fc0,34bff144-e5db-4141-b62f-ab2e9c304cec,->,12acfc45-bdfb-4343-9004-9be15dfd844c,650485d6-af12-4d77-a5e6-6a88daaf9fc0,973f8b3a-9c66-4bf0-9f09-a9b3096a223d
12acfc45-bdfb-4343-9004-9be15dfd844c,650485d6-af12-4d77-a5e6-6a88daaf9fc0,2db6247b-1113-48c4-b16c-f4e7be2b3679,->,12acfc45-bdfb-4343-9004-9be15dfd844c,650485d6-af12-4d77-a5e6-6a88daaf9fc0,c3102b0b-da4c-487f-ae82-d5ef4390d999
12acfc45-bdfb-4343-9004-9be15dfd844c,650485d6-af12-4d77-a5e6-6a88daaf9fc0,c31978ae-4121-4197-ac0b-c7213e8a5b91,->,12acfc45-bdfb-4343-9004-9be15dfd844c,org/jboss/netty/buffer/ChannelBuffer.java,readerIndex
12acfc45-bdfb-4343-9004-9be15dfd844c,650485d6-af12-4d77-a5e6-6a88daaf9fc0,c31978ae-4121-4197-ac0b-c7213e8a5b91,->,12acfc45-bdfb-4343-9004-9be15dfd844c,org/jboss/netty/buffer/ChannelBuffer.java,getByte
12acfc45-bdfb-4343-9004-9be15dfd844c,650485d6-af12-4d77-a5e6-6a88daaf9fc0,c31978ae-4121-4197-ac0b-c7213e8a5b91,->,12acfc45-bdfb-4343-9004-9be15dfd844c,650485d6-af12-4d77-a5e6-6a88daaf9fc0,c3102b0b-da4c-487f-ae82-d5ef4390d999
12acfc45-bdfb-4343-9004-9be15dfd844c,650485d6-af12-4d77-a5e6-6a88daaf9fc0,c31978ae-4121-4197-ac0b-c7213e8a5b91,->,12acfc45-bdfb-4343-9004-9be15dfd844c,650485d6-af12-4d77-a5e6-6a88daaf9fc0,be83c741-e797-48ec-904f-3a3a68280e0e
12acfc45-bdfb-4343-9004-9be15dfd844c,650485d6-af12-4d77-a5e6-6a88daaf9fc0,0b646ef3-ca8c-4950-a693-3292575607af,->,12acfc45-bdfb-4343-9004-9be15dfd844c,org/jboss/netty/buffer/ChannelBuffer.java,readerIndex
12acfc45-bdfb-4343-9004-9be15dfd844c,650485d6-af12-4d77-a5e6-6a88daaf9fc0,0b646ef3-ca8c-4950-a693-3292575607af,->,12acfc45-bdfb-4343-9004-9be15dfd844c,org/jboss/netty/buffer/ChannelBuffer.java,getByte
12acfc45-bdfb-4343-9004-9be15dfd844c,650485d6-af12-4d77-a5e6-6a88daaf9fc0,0b646ef3-ca8c-4950-a693-3292575607af,->,12acfc45-bdfb-4343-9004-9be15dfd844c,650485d6-af12-4d77-a5e6-6a88daaf9fc0,c3102b0b-da4c-487f-ae82-d5ef4390d999
12acfc45-bdfb-4343-9004-9be15dfd844c,650485d6-af12-4d77-a5e6-6a88daaf9fc0,0b646ef3-ca8c-4950-a693-3292575607af,->,12acfc45-bdfb-4343-9004-9be15dfd844c,650485d6-af12-4d77-a5e6-6a88daaf9fc0,be83c741-e797-48ec-904f-3a3a68280e0e
12acfc45-bdfb-4343-9004-9be15dfd844c,5a2a5ea1-4e29-441a-87b0-6d8ed1ac5ced,707e6e4e-9815-43ad-afe2-29746d634f3b,->,12acfc45-bdfb-4343-9004-9be15dfd844c,org/jboss/netty/channel/ChannelPipeline.java,addLast
12acfc45-bdfb-4343-9004-9be15dfd844c,5a2a5ea1-4e29-441a-87b0-6d8ed1ac5ced,707e6e4e-9815-43ad-afe2-29746d634f3b,->,12acfc45-bdfb-4343-9004-9be15dfd844c,org/jboss/netty/channel/ChannelPipeline.java,addLast
12acfc45-bdfb-4343-9004-9be15dfd844c,5a2a5ea1-4e29-441a-87b0-6d8ed1ac5ced,707e6e4e-9815-43ad-afe2-29746d634f3b,->,12acfc45-bdfb-4343-9004-9be15dfd844c,org/jboss/netty/channel/ChannelPipeline.java,addLast
12acfc45-bdfb-4343-9004-9be15dfd844c,5a2a5ea1-4e29-441a-87b0-6d8ed1ac5ced,707e6e4e-9815-43ad-afe2-29746d634f3b,->,12acfc45-bdfb-4343-9004-9be15dfd844c,org/jboss/netty/channel/ChannelPipeline.java,addLast
12acfc45-bdfb-4343-9004-9be15dfd844c,server/net/login/RS2LoginProtocol$1.java,operationComplete,->,12acfc45-bdfb-4343-9004-9be15dfd844c,org/jboss/netty/channel/ChannelFuture.java,getChannel
12acfc45-bdfb-4343-9004-9be15dfd844c,server/net/login/RS2LoginProtocol$1.java,operationComplete,->,12acfc45-bdfb-4343-9004-9be15dfd844c,org/jboss/netty/channel/Channel.java,close
12acfc45-bdfb-4343-9004-9be15dfd844c,server/net/login/RS2Decoder.java,decode,->,12acfc45-bdfb-4343-9004-9be15dfd844c,org/jboss/netty/buffer/ChannelBuffer.java,readableBytes
12acfc45-bdfb-4343-9004-9be15dfd844c,server/net/login/RS2Decoder.java,decode,->,12acfc45-bdfb-4343-9004-9be15dfd844c,org/jboss/netty/buffer/ChannelBuffer.java,readByte
12acfc45-bdfb-4343-9004-9be15dfd844c,server/net/login/RS2Decoder.java,decode,->,12acfc45-bdfb-4343-9004-9be15dfd844c,e284b9e5-378b-4e6f-81d0-bd425dc7a0f3,05617d09-de91-46f6-bd0d-960e4451f418
12acfc45-bdfb-4343-9004-9be15dfd844c,server/net/login/RS2Decoder.java,decode,->,12acfc45-bdfb-4343-9004-9be15dfd844c,org/jboss/netty/buffer/ChannelBuffer.java,readableBytes
12acfc45-bdfb-4343-9004-9be15dfd844c,server/net/login/RS2Decoder.java,decode,->,12acfc45-bdfb-4343-9004-9be15dfd844c,org/jboss/netty/buffer/ChannelBuffer.java,readByte
12acfc45-bdfb-4343-9004-9be15dfd844c,server/net/login/RS2Decoder.java,decode,->,12acfc45-bdfb-4343-9004-9be15dfd844c,org/jboss/netty/buffer/ChannelBuffer.java,readableBytes
12acfc45-bdfb-4343-9004-9be15dfd844c,server/net/login/RS2Decoder.java,decode,->,12acfc45-bdfb-4343-9004-9be15dfd844c,org/jboss/netty/buffer/ChannelBuffer.java,readBytes
12acfc45-bdfb-4343-9004-9be15dfd844c,server/net/login/RS2Decoder.java,decode,->,12acfc45-bdfb-4343-9004-9be15dfd844c,org/jboss/netty/buffer/ChannelBuffers.java,buffer
12acfc45-bdfb-4343-9004-9be15dfd844c,server/net/login/RS2Decoder.java,decode,->,12acfc45-bdfb-4343-9004-9be15dfd844c,org/jboss/netty/buffer/ChannelBuffer.java,writeBytes
12acfc45-bdfb-4343-9004-9be15dfd844c,7ed1ab62-ac68-4acc-9851-894559fb4e7a,dadceb98-c81c-4639-981f-f28421adf2b6,->,12acfc45-bdfb-4343-9004-9be15dfd844c,650485d6-af12-4d77-a5e6-6a88daaf9fc0,c929f815-5baf-4e71-8f7f-95055fc2511f
12acfc45-bdfb-4343-9004-9be15dfd844c,bdd81ad5-57b4-4ad0-bc1c-de295fb32392,a4b480c0-c2b4-49eb-9d1c-4e160ead953d,->,12acfc45-bdfb-4343-9004-9be15dfd844c,org/jboss/netty/channel/Channel.java,isConnected
12acfc45-bdfb-4343-9004-9be15dfd844c,bdd81ad5-57b4-4ad0-bc1c-de295fb32392,a4b480c0-c2b4-49eb-9d1c-4e160ead953d,->,12acfc45-bdfb-4343-9004-9be15dfd844c,org/jboss/netty/buffer/ChannelBuffer.java,readableBytes
12acfc45-bdfb-4343-9004-9be15dfd844c,bdd81ad5-57b4-4ad0-bc1c-de295fb32392,a4b480c0-c2b4-49eb-9d1c-4e160ead953d,->,12acfc45-bdfb-4343-9004-9be15dfd844c,org/jboss/netty/buffer/ChannelBuffer.java,readUnsignedByte
12acfc45-bdfb-4343-9004-9be15dfd844c,bdd81ad5-57b4-4ad0-bc1c-de295fb32392,a4b480c0-c2b4-49eb-9d1c-4e160ead953d,->,12acfc45-bdfb-4343-9004-9be15dfd844c,java/lang/StringBuilder.java,append
12acfc45-bdfb-4343-9004-9be15dfd844c,bdd81ad5-57b4-4ad0-bc1c-de295fb32392,a4b480c0-c2b4-49eb-9d1c-4e160ead953d,->,12acfc45-bdfb-4343-9004-9be15dfd844c,java/lang/StringBuilder.java,append
12acfc45-bdfb-4343-9004-9be15dfd844c,bdd81ad5-57b4-4ad0-bc1c-de295fb32392,a4b480c0-c2b4-49eb-9d1c-4e160ead953d,->,12acfc45-bdfb-4343-9004-9be15dfd844c,java/lang/StringBuilder.java,toString
12acfc45-bdfb-4343-9004-9be15dfd844c,bdd81ad5-57b4-4ad0-bc1c-de295fb32392,a4b480c0-c2b4-49eb-9d1c-4e160ead953d,->,12acfc45-bdfb-4343-9004-9be15dfd844c,java/io/PrintStream.java,println
12acfc45-bdfb-4343-9004-9be15dfd844c,bdd81ad5-57b4-4ad0-bc1c-de295fb32392,a4b480c0-c2b4-49eb-9d1c-4e160ead953d,->,12acfc45-bdfb-4343-9004-9be15dfd844c,org/jboss/netty/channel/Channel.java,close
12acfc45-bdfb-4343-9004-9be15dfd844c,bdd81ad5-57b4-4ad0-bc1c-de295fb32392,a4b480c0-c2b4-49eb-9d1c-4e160ead953d,->,12acfc45-bdfb-4343-9004-9be15dfd844c,org/jboss/netty/buffer/ChannelBuffer.java,readUnsignedByte
12acfc45-bdfb-4343-9004-9be15dfd844c,bdd81ad5-57b4-4ad0-bc1c-de295fb32392,a4b480c0-c2b4-49eb-9d1c-4e160ead953d,->,12acfc45-bdfb-4343-9004-9be15dfd844c,server/net/PacketBuilder.java,putLong
12acfc45-bdfb-4343-9004-9be15dfd844c,bdd81ad5-57b4-4ad0-bc1c-de295fb32392,a4b480c0-c2b4-49eb-9d1c-4e160ead953d,->,12acfc45-bdfb-4343-9004-9be15dfd844c,server/net/PacketBuilder.java,put
12acfc45-bdfb-4343-9004-9be15dfd844c,bdd81ad5-57b4-4ad0-bc1c-de295fb32392,a4b480c0-c2b4-49eb-9d1c-4e160ead953d,->,12acfc45-bdfb-4343-9004-9be15dfd844c,java/security/SecureRandom.java,nextLong
12acfc45-bdfb-4343-9004-9be15dfd844c,bdd81ad5-57b4-4ad0-bc1c-de295fb32392,a4b480c0-c2b4-49eb-9d1c-4e160ead953d,->,12acfc45-bdfb-4343-9004-9be15dfd844c,server/net/PacketBuilder.java,putLong
12acfc45-bdfb-4343-9004-9be15dfd844c,bdd81ad5-57b4-4ad0-bc1c-de295fb32392,a4b480c0-c2b4-49eb-9d1c-4e160ead953d,->,12acfc45-bdfb-4343-9004-9be15dfd844c,server/net/PacketBuilder.java,toPacket
12acfc45-bdfb-4343-9004-9be15dfd844c,bdd81ad5-57b4-4ad0-bc1c-de295fb32392,a4b480c0-c2b4-49eb-9d1c-4e160ead953d,->,12acfc45-bdfb-4343-9004-9be15dfd844c,org/jboss/netty/channel/Channel.java,write
12acfc45-bdfb-4343-9004-9be15dfd844c,bdd81ad5-57b4-4ad0-bc1c-de295fb32392,a4b480c0-c2b4-49eb-9d1c-4e160ead953d,->,12acfc45-bdfb-4343-9004-9be15dfd844c,org/jboss/netty/buffer/ChannelBuffer.java,readableBytes
12acfc45-bdfb-4343-9004-9be15dfd844c,bdd81ad5-57b4-4ad0-bc1c-de295fb32392,a4b480c0-c2b4-49eb-9d1c-4e160ead953d,->,12acfc45-bdfb-4343-9004-9be15dfd844c,org/jboss/netty/buffer/ChannelBuffer.java,readByte
12acfc45-bdfb-4343-9004-9be15dfd844c,bdd81ad5-57b4-4ad0-bc1c-de295fb32392,a4b480c0-c2b4-49eb-9d1c-4e160ead953d,->,12acfc45-bdfb-4343-9004-9be15dfd844c,java/lang/StringBuilder.java,append
12acfc45-bdfb-4343-9004-9be15dfd844c,bdd81ad5-57b4-4ad0-bc1c-de295fb32392,a4b480c0-c2b4-49eb-9d1c-4e160ead953d,->,12acfc45-bdfb-4343-9004-9be15dfd844c,java/lang/StringBuilder.java,append
12acfc45-bdfb-4343-9004-9be15dfd844c,bdd81ad5-57b4-4ad0-bc1c-de295fb32392,a4b480c0-c2b4-49eb-9d1c-4e160ead953d,->,12acfc45-bdfb-4343-9004-9be15dfd844c,java/lang/StringBuilder.java,toString
12acfc45-bdfb-4343-9004-9be15dfd844c,bdd81ad5-57b4-4ad0-bc1c-de295fb32392,a4b480c0-c2b4-49eb-9d1c-4e160ead953d,->,12acfc45-bdfb-4343-9004-9be15dfd844c,java/io/PrintStream.java,println
12acfc45-bdfb-4343-9004-9be15dfd844c,bdd81ad5-57b4-4ad0-bc1c-de295fb32392,a4b480c0-c2b4-49eb-9d1c-4e160ead953d,->,12acfc45-bdfb-4343-9004-9be15dfd844c,org/jboss/netty/buffer/ChannelBuffer.java,readByte
12acfc45-bdfb-4343-9004-9be15dfd844c,bdd81ad5-57b4-4ad0-bc1c-de295fb32392,a4b480c0-c2b4-49eb-9d1c-4e160ead953d,->,12acfc45-bdfb-4343-9004-9be15dfd844c,org/jboss/netty/buffer/ChannelBuffer.java,readableBytes
12acfc45-bdfb-4343-9004-9be15dfd844c,bdd81ad5-57b4-4ad0-bc1c-de295fb32392,a4b480c0-c2b4-49eb-9d1c-4e160ead953d,->,12acfc45-bdfb-4343-9004-9be15dfd844c,org/jboss/netty/buffer/ChannelBuffer.java,readByte
12acfc45-bdfb-4343-9004-9be15dfd844c,bdd81ad5-57b4-4ad0-bc1c-de295fb32392,a4b480c0-c2b4-49eb-9d1c-4e160ead953d,->,12acfc45-bdfb-4343-9004-9be15dfd844c,org/jboss/netty/buffer/ChannelBuffer.java,readShort
12acfc45-bdfb-4343-9004-9be15dfd844c,bdd81ad5-57b4-4ad0-bc1c-de295fb32392,a4b480c0-c2b4-49eb-9d1c-4e160ead953d,->,12acfc45-bdfb-4343-9004-9be15dfd844c,org/jboss/netty/buffer/ChannelBuffer.java,readByte
12acfc45-bdfb-4343-9004-9be15dfd844c,bdd81ad5-57b4-4ad0-bc1c-de295fb32392,a4b480c0-c2b4-49eb-9d1c-4e160ead953d,->,12acfc45-bdfb-4343-9004-9be15dfd844c,org/jboss/netty/buffer/ChannelBuffer.java,readInt
12acfc45-bdfb-4343-9004-9be15dfd844c,bdd81ad5-57b4-4ad0-bc1c-de295fb32392,a4b480c0-c2b4-49eb-9d1c-4e160ead953d,->,12acfc45-bdfb-4343-9004-9be15dfd844c,org/jboss/netty/buffer/ChannelBuffer.java,readByte
12acfc45-bdfb-4343-9004-9be15dfd844c,bdd81ad5-57b4-4ad0-bc1c-de295fb32392,a4b480c0-c2b4-49eb-9d1c-4e160ead953d,->,12acfc45-bdfb-4343-9004-9be15dfd844c,org/jboss/netty/buffer/ChannelBuffer.java,readByte
12acfc45-bdfb-4343-9004-9be15dfd844c,bdd81ad5-57b4-4ad0-bc1c-de295fb32392,a4b480c0-c2b4-49eb-9d1c-4e160ead953d,->,12acfc45-bdfb-4343-9004-9be15dfd844c,java/io/PrintStream.java,println
12acfc45-bdfb-4343-9004-9be15dfd844c,bdd81ad5-57b4-4ad0-bc1c-de295fb32392,a4b480c0-c2b4-49eb-9d1c-4e160ead953d,->,12acfc45-bdfb-4343-9004-9be15dfd844c,org/jboss/netty/channel/Channel.java,close
12acfc45-bdfb-4343-9004-9be15dfd844c,bdd81ad5-57b4-4ad0-bc1c-de295fb32392,a4b480c0-c2b4-49eb-9d1c-4e160ead953d,->,12acfc45-bdfb-4343-9004-9be15dfd844c,org/jboss/netty/buffer/ChannelBuffer.java,readLong
12acfc45-bdfb-4343-9004-9be15dfd844c,bdd81ad5-57b4-4ad0-bc1c-de295fb32392,a4b480c0-c2b4-49eb-9d1c-4e160ead953d,->,12acfc45-bdfb-4343-9004-9be15dfd844c,org/jboss/netty/buffer/ChannelBuffer.java,readLong
12acfc45-bdfb-4343-9004-9be15dfd844c,bdd81ad5-57b4-4ad0-bc1c-de295fb32392,a4b480c0-c2b4-49eb-9d1c-4e160ead953d,->,12acfc45-bdfb-4343-9004-9be15dfd844c,org/jboss/netty/buffer/ChannelBuffer.java,readInt
12acfc45-bdfb-4343-9004-9be15dfd844c,bdd81ad5-57b4-4ad0-bc1c-de295fb32392,a4b480c0-c2b4-49eb-9d1c-4e160ead953d,->,12acfc45-bdfb-4343-9004-9be15dfd844c,2c89cfe4-ed6d-446f-832b-3c203feb3155,44282b0b-d2c2-4d6c-bf7c-0498664e9cc4
12acfc45-bdfb-4343-9004-9be15dfd844c,bdd81ad5-57b4-4ad0-bc1c-de295fb32392,a4b480c0-c2b4-49eb-9d1c-4e160ead953d,->,12acfc45-bdfb-4343-9004-9be15dfd844c,2c89cfe4-ed6d-446f-832b-3c203feb3155,ca38ada5-49cb-4242-b0f4-d4b23fa0b9b9
12acfc45-bdfb-4343-9004-9be15dfd844c,bdd81ad5-57b4-4ad0-bc1c-de295fb32392,a4b480c0-c2b4-49eb-9d1c-4e160ead953d,->,12acfc45-bdfb-4343-9004-9be15dfd844c,2c89cfe4-ed6d-446f-832b-3c203feb3155,44282b0b-d2c2-4d6c-bf7c-0498664e9cc4
12acfc45-bdfb-4343-9004-9be15dfd844c,bdd81ad5-57b4-4ad0-bc1c-de295fb32392,a4b480c0-c2b4-49eb-9d1c-4e160ead953d,->,12acfc45-bdfb-4343-9004-9be15dfd844c,org/jboss/netty/channel/Channel.java,getPipeline
12acfc45-bdfb-4343-9004-9be15dfd844c,bdd81ad5-57b4-4ad0-bc1c-de295fb32392,a4b480c0-c2b4-49eb-9d1c-4e160ead953d,->,12acfc45-bdfb-4343-9004-9be15dfd844c,org/jboss/netty/channel/ChannelPipeline.java,replace
12acfc45-bdfb-4343-9004-9be15dfd844c,bdd81ad5-57b4-4ad0-bc1c-de295fb32392,a4b480c0-c2b4-49eb-9d1c-4e160ead953d,->,12acfc45-bdfb-4343-9004-9be15dfd844c,bdd81ad5-57b4-4ad0-bc1c-de295fb32392,4f065caa-55c0-4db6-a068-4a670ce64444
12acfc45-bdfb-4343-9004-9be15dfd844c,bdd81ad5-57b4-4ad0-bc1c-de295fb32392,4f065caa-55c0-4db6-a068-4a670ce64444,->,12acfc45-bdfb-4343-9004-9be15dfd844c,java/lang/String.java,matches
12acfc45-bdfb-4343-9004-9be15dfd844c,bdd81ad5-57b4-4ad0-bc1c-de295fb32392,4f065caa-55c0-4db6-a068-4a670ce64444,->,12acfc45-bdfb-4343-9004-9be15dfd844c,java/lang/String.java,length
12acfc45-bdfb-4343-9004-9be15dfd844c,bdd81ad5-57b4-4ad0-bc1c-de295fb32392,4f065caa-55c0-4db6-a068-4a670ce64444,->,12acfc45-bdfb-4343-9004-9be15dfd844c,668e5208-a8db-424e-9ec6-92cd04ace8ad,e34dd516-8f6f-44ed-9c47-c749a2539a43
12acfc45-bdfb-4343-9004-9be15dfd844c,bdd81ad5-57b4-4ad0-bc1c-de295fb32392,4f065caa-55c0-4db6-a068-4a670ce64444,->,12acfc45-bdfb-4343-9004-9be15dfd844c,server/model/players/PlayerHandler.java,isPlayerOn
12acfc45-bdfb-4343-9004-9be15dfd844c,bdd81ad5-57b4-4ad0-bc1c-de295fb32392,4f065caa-55c0-4db6-a068-4a670ce64444,->,12acfc45-bdfb-4343-9004-9be15dfd844c,server/model/players/PlayerHandler.java,getPlayerCount
12acfc45-bdfb-4343-9004-9be15dfd844c,bdd81ad5-57b4-4ad0-bc1c-de295fb32392,4f065caa-55c0-4db6-a068-4a670ce64444,->,12acfc45-bdfb-4343-9004-9be15dfd844c,server/model/players/PlayerSave.java,loadGame
12acfc45-bdfb-4343-9004-9be15dfd844c,bdd81ad5-57b4-4ad0-bc1c-de295fb32392,4f065caa-55c0-4db6-a068-4a670ce64444,->,12acfc45-bdfb-4343-9004-9be15dfd844c,server/model/players/PlayerHandler.java,newPlayerClient
12acfc45-bdfb-4343-9004-9be15dfd844c,bdd81ad5-57b4-4ad0-bc1c-de295fb32392,4f065caa-55c0-4db6-a068-4a670ce64444,->,12acfc45-bdfb-4343-9004-9be15dfd844c,server/net/PacketBuilder.java,put
12acfc45-bdfb-4343-9004-9be15dfd844c,bdd81ad5-57b4-4ad0-bc1c-de295fb32392,4f065caa-55c0-4db6-a068-4a670ce64444,->,12acfc45-bdfb-4343-9004-9be15dfd844c,server/net/PacketBuilder.java,put
12acfc45-bdfb-4343-9004-9be15dfd844c,bdd81ad5-57b4-4ad0-bc1c-de295fb32392,4f065caa-55c0-4db6-a068-4a670ce64444,->,12acfc45-bdfb-4343-9004-9be15dfd844c,server/net/PacketBuilder.java,put
12acfc45-bdfb-4343-9004-9be15dfd844c,bdd81ad5-57b4-4ad0-bc1c-de295fb32392,4f065caa-55c0-4db6-a068-4a670ce64444,->,12acfc45-bdfb-4343-9004-9be15dfd844c,server/net/PacketBuilder.java,put
12acfc45-bdfb-4343-9004-9be15dfd844c,bdd81ad5-57b4-4ad0-bc1c-de295fb32392,4f065caa-55c0-4db6-a068-4a670ce64444,->,12acfc45-bdfb-4343-9004-9be15dfd844c,server/net/PacketBuilder.java,toPacket
12acfc45-bdfb-4343-9004-9be15dfd844c,bdd81ad5-57b4-4ad0-bc1c-de295fb32392,4f065caa-55c0-4db6-a068-4a670ce64444,->,12acfc45-bdfb-4343-9004-9be15dfd844c,org/jboss/netty/channel/Channel.java,write
12acfc45-bdfb-4343-9004-9be15dfd844c,bdd81ad5-57b4-4ad0-bc1c-de295fb32392,4f065caa-55c0-4db6-a068-4a670ce64444,->,12acfc45-bdfb-4343-9004-9be15dfd844c,java/lang/StringBuilder.java,append
12acfc45-bdfb-4343-9004-9be15dfd844c,bdd81ad5-57b4-4ad0-bc1c-de295fb32392,4f065caa-55c0-4db6-a068-4a670ce64444,->,12acfc45-bdfb-4343-9004-9be15dfd844c,java/lang/StringBuilder.java,append
12acfc45-bdfb-4343-9004-9be15dfd844c,bdd81ad5-57b4-4ad0-bc1c-de295fb32392,4f065caa-55c0-4db6-a068-4a670ce64444,->,12acfc45-bdfb-4343-9004-9be15dfd844c,java/lang/StringBuilder.java,toString
12acfc45-bdfb-4343-9004-9be15dfd844c,bdd81ad5-57b4-4ad0-bc1c-de295fb32392,4f065caa-55c0-4db6-a068-4a670ce64444,->,12acfc45-bdfb-4343-9004-9be15dfd844c,java/io/PrintStream.java,println
12acfc45-bdfb-4343-9004-9be15dfd844c,bdd81ad5-57b4-4ad0-bc1c-de295fb32392,4f065caa-55c0-4db6-a068-4a670ce64444,->,12acfc45-bdfb-4343-9004-9be15dfd844c,bdd81ad5-57b4-4ad0-bc1c-de295fb32392,a0eb64e0-9761-47e8-a3eb-14bf7afc9347
12acfc45-bdfb-4343-9004-9be15dfd844c,bdd81ad5-57b4-4ad0-bc1c-de295fb32392,4f065caa-55c0-4db6-a068-4a670ce64444,->,12acfc45-bdfb-4343-9004-9be15dfd844c,server/model/players/Client.java,initialize
12acfc45-bdfb-4343-9004-9be15dfd844c,bdd81ad5-57b4-4ad0-bc1c-de295fb32392,a0eb64e0-9761-47e8-a3eb-14bf7afc9347,->,12acfc45-bdfb-4343-9004-9be15dfd844c,server/net/PacketBuilder.java,put
12acfc45-bdfb-4343-9004-9be15dfd844c,bdd81ad5-57b4-4ad0-bc1c-de295fb32392,a0eb64e0-9761-47e8-a3eb-14bf7afc9347,->,12acfc45-bdfb-4343-9004-9be15dfd844c,server/net/PacketBuilder.java,toPacket
12acfc45-bdfb-4343-9004-9be15dfd844c,bdd81ad5-57b4-4ad0-bc1c-de295fb32392,a0eb64e0-9761-47e8-a3eb-14bf7afc9347,->,12acfc45-bdfb-4343-9004-9be15dfd844c,org/jboss/netty/channel/Channel.java,write
12acfc45-bdfb-4343-9004-9be15dfd844c,bdd81ad5-57b4-4ad0-bc1c-de295fb32392,a0eb64e0-9761-47e8-a3eb-14bf7afc9347,->,12acfc45-bdfb-4343-9004-9be15dfd844c,org/jboss/netty/channel/ChannelFuture.java,addListener
12acfc45-bdfb-4343-9004-9be15dfd844c,server/net/Packet$Type.java,values,->,12acfc45-bdfb-4343-9004-9be15dfd844c,server/net/Packet$Type.java,clone
12acfc45-bdfb-4343-9004-9be15dfd844c,server/net/Packet$Type.java,valueOf,->,12acfc45-bdfb-4343-9004-9be15dfd844c,java/lang/Enum.java,valueOf
12acfc45-bdfb-4343-9004-9be15dfd844c,server/net/PacketBuilder.java,put,->,12acfc45-bdfb-4343-9004-9be15dfd844c,org/jboss/netty/buffer/ChannelBuffer.java,writeByte
12acfc45-bdfb-4343-9004-9be15dfd844c,server/net/PacketBuilder.java,put,->,12acfc45-bdfb-4343-9004-9be15dfd844c,org/jboss/netty/buffer/ChannelBuffer.java,writeBytes
12acfc45-bdfb-4343-9004-9be15dfd844c,server/net/PacketBuilder.java,putShort,->,12acfc45-bdfb-4343-9004-9be15dfd844c,org/jboss/netty/buffer/ChannelBuffer.java,writeShort
12acfc45-bdfb-4343-9004-9be15dfd844c,server/net/PacketBuilder.java,putInt,->,12acfc45-bdfb-4343-9004-9be15dfd844c,org/jboss/netty/buffer/ChannelBuffer.java,writeInt
12acfc45-bdfb-4343-9004-9be15dfd844c,server/net/PacketBuilder.java,putLong,->,12acfc45-bdfb-4343-9004-9be15dfd844c,org/jboss/netty/buffer/ChannelBuffer.java,writeLong
12acfc45-bdfb-4343-9004-9be15dfd844c,server/net/PacketBuilder.java,toPacket,->,12acfc45-bdfb-4343-9004-9be15dfd844c,org/jboss/netty/buffer/ChannelBuffer.java,copy
12acfc45-bdfb-4343-9004-9be15dfd844c,server/net/PacketBuilder.java,putRS2String,->,12acfc45-bdfb-4343-9004-9be15dfd844c,java/lang/String.java,getBytes
12acfc45-bdfb-4343-9004-9be15dfd844c,server/net/PacketBuilder.java,putRS2String,->,12acfc45-bdfb-4343-9004-9be15dfd844c,org/jboss/netty/buffer/ChannelBuffer.java,writeBytes
12acfc45-bdfb-4343-9004-9be15dfd844c,server/net/PacketBuilder.java,putRS2String,->,12acfc45-bdfb-4343-9004-9be15dfd844c,org/jboss/netty/buffer/ChannelBuffer.java,writeByte
12acfc45-bdfb-4343-9004-9be15dfd844c,server/net/PacketBuilder.java,putShortA,->,12acfc45-bdfb-4343-9004-9be15dfd844c,org/jboss/netty/buffer/ChannelBuffer.java,writeByte
12acfc45-bdfb-4343-9004-9be15dfd844c,server/net/PacketBuilder.java,putShortA,->,12acfc45-bdfb-4343-9004-9be15dfd844c,org/jboss/netty/buffer/ChannelBuffer.java,writeByte
12acfc45-bdfb-4343-9004-9be15dfd844c,server/net/PacketBuilder.java,putLEShortA,->,12acfc45-bdfb-4343-9004-9be15dfd844c,org/jboss/netty/buffer/ChannelBuffer.java,writeByte
12acfc45-bdfb-4343-9004-9be15dfd844c,server/net/PacketBuilder.java,putLEShortA,->,12acfc45-bdfb-4343-9004-9be15dfd844c,org/jboss/netty/buffer/ChannelBuffer.java,writeByte
12acfc45-bdfb-4343-9004-9be15dfd844c,server/net/PacketBuilder.java,isEmpty,->,12acfc45-bdfb-4343-9004-9be15dfd844c,org/jboss/netty/buffer/ChannelBuffer.java,writerIndex
12acfc45-bdfb-4343-9004-9be15dfd844c,server/net/PacketBuilder.java,startBitAccess,->,12acfc45-bdfb-4343-9004-9be15dfd844c,org/jboss/netty/buffer/ChannelBuffer.java,writerIndex
12acfc45-bdfb-4343-9004-9be15dfd844c,server/net/PacketBuilder.java,finishBitAccess,->,12acfc45-bdfb-4343-9004-9be15dfd844c,org/jboss/netty/buffer/ChannelBuffer.java,writerIndex
12acfc45-bdfb-4343-9004-9be15dfd844c,server/net/PacketBuilder.java,putBits,->,12acfc45-bdfb-4343-9004-9be15dfd844c,org/jboss/netty/buffer/ChannelBuffer.java,hasArray
12acfc45-bdfb-4343-9004-9be15dfd844c,server/net/PacketBuilder.java,putBits,->,12acfc45-bdfb-4343-9004-9be15dfd844c,java/lang/Math.java,ceil
12acfc45-bdfb-4343-9004-9be15dfd844c,server/net/PacketBuilder.java,putBits,->,12acfc45-bdfb-4343-9004-9be15dfd844c,org/jboss/netty/buffer/ChannelBuffer.java,ensureWritableBytes
12acfc45-bdfb-4343-9004-9be15dfd844c,server/net/PacketBuilder.java,putBits,->,12acfc45-bdfb-4343-9004-9be15dfd844c,org/jboss/netty/buffer/ChannelBuffer.java,array
12acfc45-bdfb-4343-9004-9be15dfd844c,server/net/PacketBuilder.java,put,->,12acfc45-bdfb-4343-9004-9be15dfd844c,org/jboss/netty/buffer/ChannelBuffer.java,writeBytes
12acfc45-bdfb-4343-9004-9be15dfd844c,server/net/PacketBuilder.java,putByteC,->,12acfc45-bdfb-4343-9004-9be15dfd844c,server/net/PacketBuilder.java,put
12acfc45-bdfb-4343-9004-9be15dfd844c,server/net/PacketBuilder.java,putLEShort,->,12acfc45-bdfb-4343-9004-9be15dfd844c,org/jboss/netty/buffer/ChannelBuffer.java,writeByte
12acfc45-bdfb-4343-9004-9be15dfd844c,server/net/PacketBuilder.java,putLEShort,->,12acfc45-bdfb-4343-9004-9be15dfd844c,org/jboss/netty/buffer/ChannelBuffer.java,writeByte
12acfc45-bdfb-4343-9004-9be15dfd844c,server/net/PacketBuilder.java,putInt1,->,12acfc45-bdfb-4343-9004-9be15dfd844c,org/jboss/netty/buffer/ChannelBuffer.java,writeByte
12acfc45-bdfb-4343-9004-9be15dfd844c,server/net/PacketBuilder.java,putInt1,->,12acfc45-bdfb-4343-9004-9be15dfd844c,org/jboss/netty/buffer/ChannelBuffer.java,writeByte
12acfc45-bdfb-4343-9004-9be15dfd844c,server/net/PacketBuilder.java,putInt1,->,12acfc45-bdfb-4343-9004-9be15dfd844c,org/jboss/netty/buffer/ChannelBuffer.java,writeByte
12acfc45-bdfb-4343-9004-9be15dfd844c,server/net/PacketBuilder.java,putInt1,->,12acfc45-bdfb-4343-9004-9be15dfd844c,org/jboss/netty/buffer/ChannelBuffer.java,writeByte
12acfc45-bdfb-4343-9004-9be15dfd844c,server/net/PacketBuilder.java,putInt2,->,12acfc45-bdfb-4343-9004-9be15dfd844c,org/jboss/netty/buffer/ChannelBuffer.java,writeByte
12acfc45-bdfb-4343-9004-9be15dfd844c,server/net/PacketBuilder.java,putInt2,->,12acfc45-bdfb-4343-9004-9be15dfd844c,org/jboss/netty/buffer/ChannelBuffer.java,writeByte
12acfc45-bdfb-4343-9004-9be15dfd844c,server/net/PacketBuilder.java,putInt2,->,12acfc45-bdfb-4343-9004-9be15dfd844c,org/jboss/netty/buffer/ChannelBuffer.java,writeByte
12acfc45-bdfb-4343-9004-9be15dfd844c,server/net/PacketBuilder.java,putInt2,->,12acfc45-bdfb-4343-9004-9be15dfd844c,org/jboss/netty/buffer/ChannelBuffer.java,writeByte
12acfc45-bdfb-4343-9004-9be15dfd844c,server/net/PacketBuilder.java,putLEInt,->,12acfc45-bdfb-4343-9004-9be15dfd844c,org/jboss/netty/buffer/ChannelBuffer.java,writeByte
12acfc45-bdfb-4343-9004-9be15dfd844c,server/net/PacketBuilder.java,putLEInt,->,12acfc45-bdfb-4343-9004-9be15dfd844c,org/jboss/netty/buffer/ChannelBuffer.java,writeByte
12acfc45-bdfb-4343-9004-9be15dfd844c,server/net/PacketBuilder.java,putLEInt,->,12acfc45-bdfb-4343-9004-9be15dfd844c,org/jboss/netty/buffer/ChannelBuffer.java,writeByte
12acfc45-bdfb-4343-9004-9be15dfd844c,server/net/PacketBuilder.java,putLEInt,->,12acfc45-bdfb-4343-9004-9be15dfd844c,org/jboss/netty/buffer/ChannelBuffer.java,writeByte
12acfc45-bdfb-4343-9004-9be15dfd844c,server/net/PacketBuilder.java,put,->,12acfc45-bdfb-4343-9004-9be15dfd844c,org/jboss/netty/buffer/ChannelBuffer.java,writeBytes
12acfc45-bdfb-4343-9004-9be15dfd844c,server/net/PacketBuilder.java,putByteA,->,12acfc45-bdfb-4343-9004-9be15dfd844c,org/jboss/netty/buffer/ChannelBuffer.java,writeByte
12acfc45-bdfb-4343-9004-9be15dfd844c,server/net/PacketBuilder.java,putByteC,->,12acfc45-bdfb-4343-9004-9be15dfd844c,org/jboss/netty/buffer/ChannelBuffer.java,writeByte
12acfc45-bdfb-4343-9004-9be15dfd844c,server/net/PacketBuilder.java,putByteS,->,12acfc45-bdfb-4343-9004-9be15dfd844c,org/jboss/netty/buffer/ChannelBuffer.java,writeByte
12acfc45-bdfb-4343-9004-9be15dfd844c,server/net/PacketBuilder.java,putReverse,->,12acfc45-bdfb-4343-9004-9be15dfd844c,org/jboss/netty/buffer/ChannelBuffer.java,writeByte
12acfc45-bdfb-4343-9004-9be15dfd844c,server/net/PacketBuilder.java,putReverseA,->,12acfc45-bdfb-4343-9004-9be15dfd844c,server/net/PacketBuilder.java,putByteA
12acfc45-bdfb-4343-9004-9be15dfd844c,server/net/PacketBuilder.java,putTriByte,->,12acfc45-bdfb-4343-9004-9be15dfd844c,org/jboss/netty/buffer/ChannelBuffer.java,writeByte
12acfc45-bdfb-4343-9004-9be15dfd844c,server/net/PacketBuilder.java,putTriByte,->,12acfc45-bdfb-4343-9004-9be15dfd844c,org/jboss/netty/buffer/ChannelBuffer.java,writeByte
12acfc45-bdfb-4343-9004-9be15dfd844c,server/net/PacketBuilder.java,putTriByte,->,12acfc45-bdfb-4343-9004-9be15dfd844c,org/jboss/netty/buffer/ChannelBuffer.java,writeByte
12acfc45-bdfb-4343-9004-9be15dfd844c,server/net/PacketBuilder.java,putSmart,->,12acfc45-bdfb-4343-9004-9be15dfd844c,server/net/PacketBuilder.java,putShort
12acfc45-bdfb-4343-9004-9be15dfd844c,server/net/PacketBuilder.java,putSmart,->,12acfc45-bdfb-4343-9004-9be15dfd844c,server/net/PacketBuilder.java,put
12acfc45-bdfb-4343-9004-9be15dfd844c,server/net/PacketBuilder.java,putSignedSmart,->,12acfc45-bdfb-4343-9004-9be15dfd844c,server/net/PacketBuilder.java,putShort
12acfc45-bdfb-4343-9004-9be15dfd844c,server/net/PacketBuilder.java,putSignedSmart,->,12acfc45-bdfb-4343-9004-9be15dfd844c,server/net/PacketBuilder.java,put
12acfc45-bdfb-4343-9004-9be15dfd844c,26b2eec9-5f6d-477d-9382-0da06589235e,2bf049c8-a2eb-4dad-b4d5-e951ac9d3439,->,12acfc45-bdfb-4343-9004-9be15dfd844c,org/python/util/PythonInterpreter.java,get
12acfc45-bdfb-4343-9004-9be15dfd844c,26b2eec9-5f6d-477d-9382-0da06589235e,2bf049c8-a2eb-4dad-b4d5-e951ac9d3439,->,12acfc45-bdfb-4343-9004-9be15dfd844c,org/python/core/PyException.java,printStackTrace
12acfc45-bdfb-4343-9004-9be15dfd844c,26b2eec9-5f6d-477d-9382-0da06589235e,fa74ae04-813d-417d-8030-124fa1fb7a36,->,12acfc45-bdfb-4343-9004-9be15dfd844c,org/python/util/PythonInterpreter.java,get
12acfc45-bdfb-4343-9004-9be15dfd844c,26b2eec9-5f6d-477d-9382-0da06589235e,fa74ae04-813d-417d-8030-124fa1fb7a36,->,12acfc45-bdfb-4343-9004-9be15dfd844c,org/python/core/Py.java,java2py
12acfc45-bdfb-4343-9004-9be15dfd844c,26b2eec9-5f6d-477d-9382-0da06589235e,fa74ae04-813d-417d-8030-124fa1fb7a36,->,12acfc45-bdfb-4343-9004-9be15dfd844c,org/python/core/PyFunction.java,__call__
12acfc45-bdfb-4343-9004-9be15dfd844c,26b2eec9-5f6d-477d-9382-0da06589235e,fa74ae04-813d-417d-8030-124fa1fb7a36,->,12acfc45-bdfb-4343-9004-9be15dfd844c,org/python/core/PyObject.java,__tojava__
12acfc45-bdfb-4343-9004-9be15dfd844c,26b2eec9-5f6d-477d-9382-0da06589235e,fa74ae04-813d-417d-8030-124fa1fb7a36,->,12acfc45-bdfb-4343-9004-9be15dfd844c,org/python/core/PyException.java,printStackTrace
12acfc45-bdfb-4343-9004-9be15dfd844c,26b2eec9-5f6d-477d-9382-0da06589235e,2375bfa4-316a-4fb9-a4f6-ac6815e89c16,->,12acfc45-bdfb-4343-9004-9be15dfd844c,org/python/util/PythonInterpreter.java,get
12acfc45-bdfb-4343-9004-9be15dfd844c,26b2eec9-5f6d-477d-9382-0da06589235e,2375bfa4-316a-4fb9-a4f6-ac6815e89c16,->,12acfc45-bdfb-4343-9004-9be15dfd844c,org/python/core/Py.java,java2py
12acfc45-bdfb-4343-9004-9be15dfd844c,26b2eec9-5f6d-477d-9382-0da06589235e,2375bfa4-316a-4fb9-a4f6-ac6815e89c16,->,12acfc45-bdfb-4343-9004-9be15dfd844c,org/python/core/PyFunction.java,__call__
12acfc45-bdfb-4343-9004-9be15dfd844c,26b2eec9-5f6d-477d-9382-0da06589235e,2375bfa4-316a-4fb9-a4f6-ac6815e89c16,->,12acfc45-bdfb-4343-9004-9be15dfd844c,org/python/core/PyException.java,printStackTrace
12acfc45-bdfb-4343-9004-9be15dfd844c,26b2eec9-5f6d-477d-9382-0da06589235e,152ef5d6-87f4-4eba-a2da-6e9bda2f10d5,->,12acfc45-bdfb-4343-9004-9be15dfd844c,java/io/PrintStream.java,println
12acfc45-bdfb-4343-9004-9be15dfd844c,26b2eec9-5f6d-477d-9382-0da06589235e,152ef5d6-87f4-4eba-a2da-6e9bda2f10d5,->,12acfc45-bdfb-4343-9004-9be15dfd844c,org/python/util/PythonInterpreter.java,cleanup
12acfc45-bdfb-4343-9004-9be15dfd844c,26b2eec9-5f6d-477d-9382-0da06589235e,152ef5d6-87f4-4eba-a2da-6e9bda2f10d5,->,12acfc45-bdfb-4343-9004-9be15dfd844c,java/io/File.java,isDirectory
12acfc45-bdfb-4343-9004-9be15dfd844c,26b2eec9-5f6d-477d-9382-0da06589235e,152ef5d6-87f4-4eba-a2da-6e9bda2f10d5,->,12acfc45-bdfb-4343-9004-9be15dfd844c,java/io/File.java,getName
12acfc45-bdfb-4343-9004-9be15dfd844c,26b2eec9-5f6d-477d-9382-0da06589235e,152ef5d6-87f4-4eba-a2da-6e9bda2f10d5,->,12acfc45-bdfb-4343-9004-9be15dfd844c,java/lang/String.java,startsWith
12acfc45-bdfb-4343-9004-9be15dfd844c,26b2eec9-5f6d-477d-9382-0da06589235e,152ef5d6-87f4-4eba-a2da-6e9bda2f10d5,->,12acfc45-bdfb-4343-9004-9be15dfd844c,java/io/File.java,listFiles
12acfc45-bdfb-4343-9004-9be15dfd844c,26b2eec9-5f6d-477d-9382-0da06589235e,152ef5d6-87f4-4eba-a2da-6e9bda2f10d5,->,12acfc45-bdfb-4343-9004-9be15dfd844c,java/io/File.java,isFile
12acfc45-bdfb-4343-9004-9be15dfd844c,26b2eec9-5f6d-477d-9382-0da06589235e,152ef5d6-87f4-4eba-a2da-6e9bda2f10d5,->,12acfc45-bdfb-4343-9004-9be15dfd844c,java/io/File.java,getName
12acfc45-bdfb-4343-9004-9be15dfd844c,26b2eec9-5f6d-477d-9382-0da06589235e,152ef5d6-87f4-4eba-a2da-6e9bda2f10d5,->,12acfc45-bdfb-4343-9004-9be15dfd844c,java/lang/String.java,endsWith
12acfc45-bdfb-4343-9004-9be15dfd844c,26b2eec9-5f6d-477d-9382-0da06589235e,152ef5d6-87f4-4eba-a2da-6e9bda2f10d5,->,12acfc45-bdfb-4343-9004-9be15dfd844c,java/lang/StringBuilder.java,append
12acfc45-bdfb-4343-9004-9be15dfd844c,26b2eec9-5f6d-477d-9382-0da06589235e,152ef5d6-87f4-4eba-a2da-6e9bda2f10d5,->,12acfc45-bdfb-4343-9004-9be15dfd844c,java/io/File.java,getPath
12acfc45-bdfb-4343-9004-9be15dfd844c,26b2eec9-5f6d-477d-9382-0da06589235e,152ef5d6-87f4-4eba-a2da-6e9bda2f10d5,->,12acfc45-bdfb-4343-9004-9be15dfd844c,java/lang/StringBuilder.java,append
12acfc45-bdfb-4343-9004-9be15dfd844c,26b2eec9-5f6d-477d-9382-0da06589235e,152ef5d6-87f4-4eba-a2da-6e9bda2f10d5,->,12acfc45-bdfb-4343-9004-9be15dfd844c,java/lang/StringBuilder.java,toString
12acfc45-bdfb-4343-9004-9be15dfd844c,26b2eec9-5f6d-477d-9382-0da06589235e,152ef5d6-87f4-4eba-a2da-6e9bda2f10d5,->,12acfc45-bdfb-4343-9004-9be15dfd844c,java/io/PrintStream.java,println
12acfc45-bdfb-4343-9004-9be15dfd844c,26b2eec9-5f6d-477d-9382-0da06589235e,152ef5d6-87f4-4eba-a2da-6e9bda2f10d5,->,12acfc45-bdfb-4343-9004-9be15dfd844c,org/python/util/PythonInterpreter.java,execfile
12acfc45-bdfb-4343-9004-9be15dfd844c,26b2eec9-5f6d-477d-9382-0da06589235e,152ef5d6-87f4-4eba-a2da-6e9bda2f10d5,->,12acfc45-bdfb-4343-9004-9be15dfd844c,java/io/File.java,getPath
12acfc45-bdfb-4343-9004-9be15dfd844c,26b2eec9-5f6d-477d-9382-0da06589235e,152ef5d6-87f4-4eba-a2da-6e9bda2f10d5,->,12acfc45-bdfb-4343-9004-9be15dfd844c,26b2eec9-5f6d-477d-9382-0da06589235e,56424c7a-5f8a-4654-a070-41a9d598a53e
12acfc45-bdfb-4343-9004-9be15dfd844c,26b2eec9-5f6d-477d-9382-0da06589235e,152ef5d6-87f4-4eba-a2da-6e9bda2f10d5,->,12acfc45-bdfb-4343-9004-9be15dfd844c,java/lang/StringBuilder.java,append
12acfc45-bdfb-4343-9004-9be15dfd844c,26b2eec9-5f6d-477d-9382-0da06589235e,152ef5d6-87f4-4eba-a2da-6e9bda2f10d5,->,12acfc45-bdfb-4343-9004-9be15dfd844c,java/lang/StringBuilder.java,append
12acfc45-bdfb-4343-9004-9be15dfd844c,26b2eec9-5f6d-477d-9382-0da06589235e,152ef5d6-87f4-4eba-a2da-6e9bda2f10d5,->,12acfc45-bdfb-4343-9004-9be15dfd844c,java/lang/StringBuilder.java,append
12acfc45-bdfb-4343-9004-9be15dfd844c,26b2eec9-5f6d-477d-9382-0da06589235e,152ef5d6-87f4-4eba-a2da-6e9bda2f10d5,->,12acfc45-bdfb-4343-9004-9be15dfd844c,java/lang/StringBuilder.java,toString
12acfc45-bdfb-4343-9004-9be15dfd844c,26b2eec9-5f6d-477d-9382-0da06589235e,152ef5d6-87f4-4eba-a2da-6e9bda2f10d5,->,12acfc45-bdfb-4343-9004-9be15dfd844c,java/io/PrintStream.java,println
12acfc45-bdfb-4343-9004-9be15dfd844c,26b2eec9-5f6d-477d-9382-0da06589235e,56424c7a-5f8a-4654-a070-41a9d598a53e,->,12acfc45-bdfb-4343-9004-9be15dfd844c,java/io/File.java,isDirectory
12acfc45-bdfb-4343-9004-9be15dfd844c,26b2eec9-5f6d-477d-9382-0da06589235e,56424c7a-5f8a-4654-a070-41a9d598a53e,->,12acfc45-bdfb-4343-9004-9be15dfd844c,java/io/File.java,getName
12acfc45-bdfb-4343-9004-9be15dfd844c,26b2eec9-5f6d-477d-9382-0da06589235e,56424c7a-5f8a-4654-a070-41a9d598a53e,->,12acfc45-bdfb-4343-9004-9be15dfd844c,java/lang/String.java,startsWith
12acfc45-bdfb-4343-9004-9be15dfd844c,26b2eec9-5f6d-477d-9382-0da06589235e,56424c7a-5f8a-4654-a070-41a9d598a53e,->,12acfc45-bdfb-4343-9004-9be15dfd844c,java/io/File.java,listFiles
12acfc45-bdfb-4343-9004-9be15dfd844c,26b2eec9-5f6d-477d-9382-0da06589235e,56424c7a-5f8a-4654-a070-41a9d598a53e,->,12acfc45-bdfb-4343-9004-9be15dfd844c,java/io/File.java,isFile
12acfc45-bdfb-4343-9004-9be15dfd844c,26b2eec9-5f6d-477d-9382-0da06589235e,56424c7a-5f8a-4654-a070-41a9d598a53e,->,12acfc45-bdfb-4343-9004-9be15dfd844c,java/io/File.java,getName
12acfc45-bdfb-4343-9004-9be15dfd844c,26b2eec9-5f6d-477d-9382-0da06589235e,56424c7a-5f8a-4654-a070-41a9d598a53e,->,12acfc45-bdfb-4343-9004-9be15dfd844c,java/lang/String.java,endsWith
12acfc45-bdfb-4343-9004-9be15dfd844c,26b2eec9-5f6d-477d-9382-0da06589235e,56424c7a-5f8a-4654-a070-41a9d598a53e,->,12acfc45-bdfb-4343-9004-9be15dfd844c,java/lang/StringBuilder.java,append
12acfc45-bdfb-4343-9004-9be15dfd844c,26b2eec9-5f6d-477d-9382-0da06589235e,56424c7a-5f8a-4654-a070-41a9d598a53e,->,12acfc45-bdfb-4343-9004-9be15dfd844c,java/io/File.java,getPath
12acfc45-bdfb-4343-9004-9be15dfd844c,26b2eec9-5f6d-477d-9382-0da06589235e,56424c7a-5f8a-4654-a070-41a9d598a53e,->,12acfc45-bdfb-4343-9004-9be15dfd844c,java/lang/StringBuilder.java,append
12acfc45-bdfb-4343-9004-9be15dfd844c,26b2eec9-5f6d-477d-9382-0da06589235e,56424c7a-5f8a-4654-a070-41a9d598a53e,->,12acfc45-bdfb-4343-9004-9be15dfd844c,java/lang/StringBuilder.java,toString
12acfc45-bdfb-4343-9004-9be15dfd844c,26b2eec9-5f6d-477d-9382-0da06589235e,56424c7a-5f8a-4654-a070-41a9d598a53e,->,12acfc45-bdfb-4343-9004-9be15dfd844c,java/io/PrintStream.java,println
12acfc45-bdfb-4343-9004-9be15dfd844c,26b2eec9-5f6d-477d-9382-0da06589235e,56424c7a-5f8a-4654-a070-41a9d598a53e,->,12acfc45-bdfb-4343-9004-9be15dfd844c,org/python/util/PythonInterpreter.java,execfile
12acfc45-bdfb-4343-9004-9be15dfd844c,26b2eec9-5f6d-477d-9382-0da06589235e,56424c7a-5f8a-4654-a070-41a9d598a53e,->,12acfc45-bdfb-4343-9004-9be15dfd844c,java/io/File.java,getPath
12acfc45-bdfb-4343-9004-9be15dfd844c,26b2eec9-5f6d-477d-9382-0da06589235e,56424c7a-5f8a-4654-a070-41a9d598a53e,->,12acfc45-bdfb-4343-9004-9be15dfd844c,26b2eec9-5f6d-477d-9382-0da06589235e,56424c7a-5f8a-4654-a070-41a9d598a53e
12acfc45-bdfb-4343-9004-9be15dfd844c,server/util/ScriptManager.java,<clinit>,->,12acfc45-bdfb-4343-9004-9be15dfd844c,org/python/util/PythonInterpreter.java,setOut
12acfc45-bdfb-4343-9004-9be15dfd844c,server/util/ScriptManager.java,<clinit>,->,12acfc45-bdfb-4343-9004-9be15dfd844c,org/python/util/PythonInterpreter.java,setErr
12acfc45-bdfb-4343-9004-9be15dfd844c,e284b9e5-378b-4e6f-81d0-bd425dc7a0f3,05617d09-de91-46f6-bd0d-960e4451f418,->,12acfc45-bdfb-4343-9004-9be15dfd844c,e284b9e5-378b-4e6f-81d0-bd425dc7a0f3,02d8447f-4d59-490d-916f-75e441ff3c06
12acfc45-bdfb-4343-9004-9be15dfd844c,e284b9e5-378b-4e6f-81d0-bd425dc7a0f3,22a865d7-546e-49cb-bfc1-ee8504250d54,->,12acfc45-bdfb-4343-9004-9be15dfd844c,e284b9e5-378b-4e6f-81d0-bd425dc7a0f3,02d8447f-4d59-490d-916f-75e441ff3c06
12acfc45-bdfb-4343-9004-9be15dfd844c,server/util/Stream.java,writeByteA,->,12acfc45-bdfb-4343-9004-9be15dfd844c,server/util/Stream.java,ensureCapacity
12acfc45-bdfb-4343-9004-9be15dfd844c,server/util/Stream.java,writeByteS,->,12acfc45-bdfb-4343-9004-9be15dfd844c,server/util/Stream.java,ensureCapacity
12acfc45-bdfb-4343-9004-9be15dfd844c,server/util/Stream.java,writeByteC,->,12acfc45-bdfb-4343-9004-9be15dfd844c,server/util/Stream.java,ensureCapacity
12acfc45-bdfb-4343-9004-9be15dfd844c,server/util/Stream.java,writeWordBigEndianA,->,12acfc45-bdfb-4343-9004-9be15dfd844c,server/util/Stream.java,ensureCapacity
12acfc45-bdfb-4343-9004-9be15dfd844c,server/util/Stream.java,writeWordA,->,12acfc45-bdfb-4343-9004-9be15dfd844c,server/util/Stream.java,ensureCapacity
12acfc45-bdfb-4343-9004-9be15dfd844c,server/util/Stream.java,writeWordBigEndian_dup,->,12acfc45-bdfb-4343-9004-9be15dfd844c,server/util/Stream.java,ensureCapacity
12acfc45-bdfb-4343-9004-9be15dfd844c,server/util/Stream.java,writeDWord_v1,->,12acfc45-bdfb-4343-9004-9be15dfd844c,server/util/Stream.java,ensureCapacity
12acfc45-bdfb-4343-9004-9be15dfd844c,server/util/Stream.java,writeDWord_v2,->,12acfc45-bdfb-4343-9004-9be15dfd844c,server/util/Stream.java,ensureCapacity
12acfc45-bdfb-4343-9004-9be15dfd844c,server/util/Stream.java,writeBytes_reverse,->,12acfc45-bdfb-4343-9004-9be15dfd844c,server/util/Stream.java,ensureCapacity
12acfc45-bdfb-4343-9004-9be15dfd844c,server/util/Stream.java,readBytes_reverseA,->,12acfc45-bdfb-4343-9004-9be15dfd844c,server/util/Stream.java,ensureCapacity
12acfc45-bdfb-4343-9004-9be15dfd844c,server/util/Stream.java,writeBytes_reverseA,->,12acfc45-bdfb-4343-9004-9be15dfd844c,server/util/Stream.java,ensureCapacity
12acfc45-bdfb-4343-9004-9be15dfd844c,server/util/Stream.java,createFrame,->,12acfc45-bdfb-4343-9004-9be15dfd844c,server/util/Stream.java,ensureCapacity
12acfc45-bdfb-4343-9004-9be15dfd844c,server/util/Stream.java,createFrame,->,12acfc45-bdfb-4343-9004-9be15dfd844c,e284b9e5-378b-4e6f-81d0-bd425dc7a0f3,05617d09-de91-46f6-bd0d-960e4451f418
12acfc45-bdfb-4343-9004-9be15dfd844c,server/util/Stream.java,createFrameVarSize,->,12acfc45-bdfb-4343-9004-9be15dfd844c,server/util/Stream.java,ensureCapacity
12acfc45-bdfb-4343-9004-9be15dfd844c,server/util/Stream.java,createFrameVarSize,->,12acfc45-bdfb-4343-9004-9be15dfd844c,e284b9e5-378b-4e6f-81d0-bd425dc7a0f3,05617d09-de91-46f6-bd0d-960e4451f418
12acfc45-bdfb-4343-9004-9be15dfd844c,server/util/Stream.java,createFrameVarSizeWord,->,12acfc45-bdfb-4343-9004-9be15dfd844c,server/util/Stream.java,ensureCapacity
12acfc45-bdfb-4343-9004-9be15dfd844c,server/util/Stream.java,createFrameVarSizeWord,->,12acfc45-bdfb-4343-9004-9be15dfd844c,e284b9e5-378b-4e6f-81d0-bd425dc7a0f3,05617d09-de91-46f6-bd0d-960e4451f418
12acfc45-bdfb-4343-9004-9be15dfd844c,server/util/Stream.java,createFrameVarSizeWord,->,12acfc45-bdfb-4343-9004-9be15dfd844c,server/util/Stream.java,writeWord
12acfc45-bdfb-4343-9004-9be15dfd844c,server/util/Stream.java,endFrameVarSize,->,12acfc45-bdfb-4343-9004-9be15dfd844c,server/util/Stream.java,writeFrameSize
12acfc45-bdfb-4343-9004-9be15dfd844c,server/util/Stream.java,endFrameVarSizeWord,->,12acfc45-bdfb-4343-9004-9be15dfd844c,server/util/Stream.java,writeFrameSizeWord
12acfc45-bdfb-4343-9004-9be15dfd844c,server/util/Stream.java,writeByte,->,12acfc45-bdfb-4343-9004-9be15dfd844c,server/util/Stream.java,ensureCapacity
12acfc45-bdfb-4343-9004-9be15dfd844c,server/util/Stream.java,writeWord,->,12acfc45-bdfb-4343-9004-9be15dfd844c,server/util/Stream.java,ensureCapacity
12acfc45-bdfb-4343-9004-9be15dfd844c,server/util/Stream.java,writeWordBigEndian,->,12acfc45-bdfb-4343-9004-9be15dfd844c,server/util/Stream.java,ensureCapacity
12acfc45-bdfb-4343-9004-9be15dfd844c,server/util/Stream.java,write3Byte,->,12acfc45-bdfb-4343-9004-9be15dfd844c,server/util/Stream.java,ensureCapacity
12acfc45-bdfb-4343-9004-9be15dfd844c,server/util/Stream.java,writeDWord,->,12acfc45-bdfb-4343-9004-9be15dfd844c,server/util/Stream.java,ensureCapacity
12acfc45-bdfb-4343-9004-9be15dfd844c,server/util/Stream.java,writeDWordBigEndian,->,12acfc45-bdfb-4343-9004-9be15dfd844c,server/util/Stream.java,ensureCapacity
12acfc45-bdfb-4343-9004-9be15dfd844c,server/util/Stream.java,writeQWord,->,12acfc45-bdfb-4343-9004-9be15dfd844c,server/util/Stream.java,ensureCapacity
12acfc45-bdfb-4343-9004-9be15dfd844c,server/util/Stream.java,writeString,->,12acfc45-bdfb-4343-9004-9be15dfd844c,java/lang/String.java,length
12acfc45-bdfb-4343-9004-9be15dfd844c,server/util/Stream.java,writeString,->,12acfc45-bdfb-4343-9004-9be15dfd844c,server/util/Stream.java,ensureCapacity
12acfc45-bdfb-4343-9004-9be15dfd844c,server/util/Stream.java,writeString,->,12acfc45-bdfb-4343-9004-9be15dfd844c,java/lang/String.java,getBytes
12acfc45-bdfb-4343-9004-9be15dfd844c,server/util/Stream.java,writeString,->,12acfc45-bdfb-4343-9004-9be15dfd844c,java/lang/String.java,length
12acfc45-bdfb-4343-9004-9be15dfd844c,server/util/Stream.java,writeString,->,12acfc45-bdfb-4343-9004-9be15dfd844c,java/lang/System.java,arraycopy
12acfc45-bdfb-4343-9004-9be15dfd844c,server/util/Stream.java,writeString,->,12acfc45-bdfb-4343-9004-9be15dfd844c,java/lang/String.java,length
12acfc45-bdfb-4343-9004-9be15dfd844c,server/util/Stream.java,writeBytes,->,12acfc45-bdfb-4343-9004-9be15dfd844c,server/util/Stream.java,ensureCapacity
12acfc45-bdfb-4343-9004-9be15dfd844c,server/util/Stream.java,readQWord,->,12acfc45-bdfb-4343-9004-9be15dfd844c,server/util/Stream.java,readDWord
12acfc45-bdfb-4343-9004-9be15dfd844c,server/util/Stream.java,readQWord,->,12acfc45-bdfb-4343-9004-9be15dfd844c,server/util/Stream.java,readDWord
12acfc45-bdfb-4343-9004-9be15dfd844c,server/util/Stream.java,writeBits,->,12acfc45-bdfb-4343-9004-9be15dfd844c,java/lang/Math.java,ceil
12acfc45-bdfb-4343-9004-9be15dfd844c,server/util/Stream.java,writeBits,->,12acfc45-bdfb-4343-9004-9be15dfd844c,server/util/Stream.java,ensureCapacity
12acfc45-bdfb-4343-9004-9be15dfd844c,server/util/Stream.java,ensureCapacity,->,12acfc45-bdfb-4343-9004-9be15dfd844c,java/lang/System.java,arraycopy
12acfc45-bdfb-4343-9004-9be15dfd844c,server/util/Stream.java,ensureCapacity,->,12acfc45-bdfb-4343-9004-9be15dfd844c,server/util/Stream.java,ensureCapacity
12acfc45-bdfb-4343-9004-9be15dfd844c,dda34e01-2d99-40d1-afd1-dae2ae9fd77b,8a3eaaac-a83e-463d-841a-8a307a2a44fd,->,12acfc45-bdfb-4343-9004-9be15dfd844c,java/lang/String.java,startsWith
12acfc45-bdfb-4343-9004-9be15dfd844c,dda34e01-2d99-40d1-afd1-dae2ae9fd77b,8a3eaaac-a83e-463d-841a-8a307a2a44fd,->,12acfc45-bdfb-4343-9004-9be15dfd844c,java/lang/StringBuilder.java,append
12acfc45-bdfb-4343-9004-9be15dfd844c,dda34e01-2d99-40d1-afd1-dae2ae9fd77b,8a3eaaac-a83e-463d-841a-8a307a2a44fd,->,12acfc45-bdfb-4343-9004-9be15dfd844c,dda34e01-2d99-40d1-afd1-dae2ae9fd77b,6a40e8ad-a9ad-425f-825b-868e692d5de6
12acfc45-bdfb-4343-9004-9be15dfd844c,dda34e01-2d99-40d1-afd1-dae2ae9fd77b,8a3eaaac-a83e-463d-841a-8a307a2a44fd,->,12acfc45-bdfb-4343-9004-9be15dfd844c,java/lang/StringBuilder.java,append
12acfc45-bdfb-4343-9004-9be15dfd844c,dda34e01-2d99-40d1-afd1-dae2ae9fd77b,8a3eaaac-a83e-463d-841a-8a307a2a44fd,->,12acfc45-bdfb-4343-9004-9be15dfd844c,java/lang/StringBuilder.java,append
12acfc45-bdfb-4343-9004-9be15dfd844c,dda34e01-2d99-40d1-afd1-dae2ae9fd77b,8a3eaaac-a83e-463d-841a-8a307a2a44fd,->,12acfc45-bdfb-4343-9004-9be15dfd844c,java/lang/String.java,substring
12acfc45-bdfb-4343-9004-9be15dfd844c,dda34e01-2d99-40d1-afd1-dae2ae9fd77b,8a3eaaac-a83e-463d-841a-8a307a2a44fd,->,12acfc45-bdfb-4343-9004-9be15dfd844c,java/lang/StringBuilder.java,append
12acfc45-bdfb-4343-9004-9be15dfd844c,dda34e01-2d99-40d1-afd1-dae2ae9fd77b,8a3eaaac-a83e-463d-841a-8a307a2a44fd,->,12acfc45-bdfb-4343-9004-9be15dfd844c,java/lang/StringBuilder.java,toString
12acfc45-bdfb-4343-9004-9be15dfd844c,dda34e01-2d99-40d1-afd1-dae2ae9fd77b,8a3eaaac-a83e-463d-841a-8a307a2a44fd,->,12acfc45-bdfb-4343-9004-9be15dfd844c,java/io/PrintStream.java,print
12acfc45-bdfb-4343-9004-9be15dfd844c,dda34e01-2d99-40d1-afd1-dae2ae9fd77b,8a3eaaac-a83e-463d-841a-8a307a2a44fd,->,12acfc45-bdfb-4343-9004-9be15dfd844c,java/lang/StringBuilder.java,append
12acfc45-bdfb-4343-9004-9be15dfd844c,dda34e01-2d99-40d1-afd1-dae2ae9fd77b,8a3eaaac-a83e-463d-841a-8a307a2a44fd,->,12acfc45-bdfb-4343-9004-9be15dfd844c,dda34e01-2d99-40d1-afd1-dae2ae9fd77b,6a40e8ad-a9ad-425f-825b-868e692d5de6
12acfc45-bdfb-4343-9004-9be15dfd844c,dda34e01-2d99-40d1-afd1-dae2ae9fd77b,8a3eaaac-a83e-463d-841a-8a307a2a44fd,->,12acfc45-bdfb-4343-9004-9be15dfd844c,java/lang/StringBuilder.java,append
12acfc45-bdfb-4343-9004-9be15dfd844c,dda34e01-2d99-40d1-afd1-dae2ae9fd77b,8a3eaaac-a83e-463d-841a-8a307a2a44fd,->,12acfc45-bdfb-4343-9004-9be15dfd844c,java/lang/StringBuilder.java,append
12acfc45-bdfb-4343-9004-9be15dfd844c,dda34e01-2d99-40d1-afd1-dae2ae9fd77b,8a3eaaac-a83e-463d-841a-8a307a2a44fd,->,12acfc45-bdfb-4343-9004-9be15dfd844c,java/lang/StringBuilder.java,append
12acfc45-bdfb-4343-9004-9be15dfd844c,dda34e01-2d99-40d1-afd1-dae2ae9fd77b,8a3eaaac-a83e-463d-841a-8a307a2a44fd,->,12acfc45-bdfb-4343-9004-9be15dfd844c,java/lang/StringBuilder.java,toString
12acfc45-bdfb-4343-9004-9be15dfd844c,dda34e01-2d99-40d1-afd1-dae2ae9fd77b,8a3eaaac-a83e-463d-841a-8a307a2a44fd,->,12acfc45-bdfb-4343-9004-9be15dfd844c,java/io/PrintStream.java,print
12acfc45-bdfb-4343-9004-9be15dfd844c,dda34e01-2d99-40d1-afd1-dae2ae9fd77b,6a40e8ad-a9ad-425f-825b-868e692d5de6,->,12acfc45-bdfb-4343-9004-9be15dfd844c,java/text/DateFormat.java,format
12acfc45-bdfb-4343-9004-9be15dfd844c,2c89cfe4-ed6d-446f-832b-3c203feb3155,44282b0b-d2c2-4d6c-bf7c-0498664e9cc4,->,12acfc45-bdfb-4343-9004-9be15dfd844c,org/jboss/netty/buffer/ChannelBuffer.java,readable
12acfc45-bdfb-4343-9004-9be15dfd844c,2c89cfe4-ed6d-446f-832b-3c203feb3155,44282b0b-d2c2-4d6c-bf7c-0498664e9cc4,->,12acfc45-bdfb-4343-9004-9be15dfd844c,org/jboss/netty/buffer/ChannelBuffer.java,readByte
12acfc45-bdfb-4343-9004-9be15dfd844c,2c89cfe4-ed6d-446f-832b-3c203feb3155,44282b0b-d2c2-4d6c-bf7c-0498664e9cc4,->,12acfc45-bdfb-4343-9004-9be15dfd844c,java/lang/StringBuilder.java,append
12acfc45-bdfb-4343-9004-9be15dfd844c,2c89cfe4-ed6d-446f-832b-3c203feb3155,44282b0b-d2c2-4d6c-bf7c-0498664e9cc4,->,12acfc45-bdfb-4343-9004-9be15dfd844c,java/lang/StringBuilder.java,toString
12acfc45-bdfb-4343-9004-9be15dfd844c,2c89cfe4-ed6d-446f-832b-3c203feb3155,ca38ada5-49cb-4242-b0f4-d4b23fa0b9b9,->,12acfc45-bdfb-4343-9004-9be15dfd844c,2c89cfe4-ed6d-446f-832b-3c203feb3155,6a1db126-fc4f-4098-9d5d-a0f2706a1101
12acfc45-bdfb-4343-9004-9be15dfd844c,2c89cfe4-ed6d-446f-832b-3c203feb3155,ca38ada5-49cb-4242-b0f4-d4b23fa0b9b9,->,12acfc45-bdfb-4343-9004-9be15dfd844c,java/lang/String.java,replace
12acfc45-bdfb-4343-9004-9be15dfd844c,2c89cfe4-ed6d-446f-832b-3c203feb3155,20ef4ba0-87ed-4826-ae6a-c482b2427dee,->,12acfc45-bdfb-4343-9004-9be15dfd844c,java/text/NumberFormat.java,getInstance
12acfc45-bdfb-4343-9004-9be15dfd844c,2c89cfe4-ed6d-446f-832b-3c203feb3155,20ef4ba0-87ed-4826-ae6a-c482b2427dee,->,12acfc45-bdfb-4343-9004-9be15dfd844c,java/text/NumberFormat.java,format
12acfc45-bdfb-4343-9004-9be15dfd844c,2c89cfe4-ed6d-446f-832b-3c203feb3155,6a1db126-fc4f-4098-9d5d-a0f2706a1101,->,12acfc45-bdfb-4343-9004-9be15dfd844c,java/lang/String.java,toLowerCase
12acfc45-bdfb-4343-9004-9be15dfd844c,2c89cfe4-ed6d-446f-832b-3c203feb3155,6a1db126-fc4f-4098-9d5d-a0f2706a1101,->,12acfc45-bdfb-4343-9004-9be15dfd844c,java/lang/String.java,length
12acfc45-bdfb-4343-9004-9be15dfd844c,2c89cfe4-ed6d-446f-832b-3c203feb3155,6a1db126-fc4f-4098-9d5d-a0f2706a1101,->,12acfc45-bdfb-4343-9004-9be15dfd844c,java/lang/String.java,substring
12acfc45-bdfb-4343-9004-9be15dfd844c,2c89cfe4-ed6d-446f-832b-3c203feb3155,6a1db126-fc4f-4098-9d5d-a0f2706a1101,->,12acfc45-bdfb-4343-9004-9be15dfd844c,java/lang/String.java,toUpperCase
12acfc45-bdfb-4343-9004-9be15dfd844c,2c89cfe4-ed6d-446f-832b-3c203feb3155,6a1db126-fc4f-4098-9d5d-a0f2706a1101,->,12acfc45-bdfb-4343-9004-9be15dfd844c,java/lang/StringBuilder.java,append
12acfc45-bdfb-4343-9004-9be15dfd844c,2c89cfe4-ed6d-446f-832b-3c203feb3155,6a1db126-fc4f-4098-9d5d-a0f2706a1101,->,12acfc45-bdfb-4343-9004-9be15dfd844c,java/lang/String.java,substring
12acfc45-bdfb-4343-9004-9be15dfd844c,2c89cfe4-ed6d-446f-832b-3c203feb3155,6a1db126-fc4f-4098-9d5d-a0f2706a1101,->,12acfc45-bdfb-4343-9004-9be15dfd844c,java/lang/StringBuilder.java,append
12acfc45-bdfb-4343-9004-9be15dfd844c,2c89cfe4-ed6d-446f-832b-3c203feb3155,6a1db126-fc4f-4098-9d5d-a0f2706a1101,->,12acfc45-bdfb-4343-9004-9be15dfd844c,java/lang/StringBuilder.java,toString
12acfc45-bdfb-4343-9004-9be15dfd844c,2c89cfe4-ed6d-446f-832b-3c203feb3155,6a1db126-fc4f-4098-9d5d-a0f2706a1101,->,12acfc45-bdfb-4343-9004-9be15dfd844c,java/lang/String.java,toUpperCase
12acfc45-bdfb-4343-9004-9be15dfd844c,2c89cfe4-ed6d-446f-832b-3c203feb3155,6b2711fa-9599-4c0b-a1bf-371e83db485b,->,12acfc45-bdfb-4343-9004-9be15dfd844c,java/io/PrintStream.java,print
12acfc45-bdfb-4343-9004-9be15dfd844c,2c89cfe4-ed6d-446f-832b-3c203feb3155,68b95f02-73b6-479a-8e0e-02c4faf07cd5,->,12acfc45-bdfb-4343-9004-9be15dfd844c,java/io/PrintStream.java,println
12acfc45-bdfb-4343-9004-9be15dfd844c,2c89cfe4-ed6d-446f-832b-3c203feb3155,acec19d9-e6cf-4995-bfaa-762555455b8c,->,12acfc45-bdfb-4343-9004-9be15dfd844c,java/io/PrintStream.java,print
12acfc45-bdfb-4343-9004-9be15dfd844c,2c89cfe4-ed6d-446f-832b-3c203feb3155,cf0eb5d1-f945-4cc7-9eaa-55b858ed55c6,->,12acfc45-bdfb-4343-9004-9be15dfd844c,java/io/PrintStream.java,println
12acfc45-bdfb-4343-9004-9be15dfd844c,2c89cfe4-ed6d-446f-832b-3c203feb3155,4e4aaece-2a91-43a5-88de-06ba50887854,->,12acfc45-bdfb-4343-9004-9be15dfd844c,2c89cfe4-ed6d-446f-832b-3c203feb3155,092f5abb-e8c2-4505-a8e5-d9868697c0f9
12acfc45-bdfb-4343-9004-9be15dfd844c,2c89cfe4-ed6d-446f-832b-3c203feb3155,092f5abb-e8c2-4505-a8e5-d9868697c0f9,->,12acfc45-bdfb-4343-9004-9be15dfd844c,java/lang/StringBuilder.java,append
12acfc45-bdfb-4343-9004-9be15dfd844c,2c89cfe4-ed6d-446f-832b-3c203feb3155,092f5abb-e8c2-4505-a8e5-d9868697c0f9,->,12acfc45-bdfb-4343-9004-9be15dfd844c,java/lang/StringBuilder.java,append
12acfc45-bdfb-4343-9004-9be15dfd844c,2c89cfe4-ed6d-446f-832b-3c203feb3155,092f5abb-e8c2-4505-a8e5-d9868697c0f9,->,12acfc45-bdfb-4343-9004-9be15dfd844c,java/lang/Integer.java,toHexString
12acfc45-bdfb-4343-9004-9be15dfd844c,2c89cfe4-ed6d-446f-832b-3c203feb3155,092f5abb-e8c2-4505-a8e5-d9868697c0f9,->,12acfc45-bdfb-4343-9004-9be15dfd844c,java/lang/StringBuilder.java,append
12acfc45-bdfb-4343-9004-9be15dfd844c,2c89cfe4-ed6d-446f-832b-3c203feb3155,092f5abb-e8c2-4505-a8e5-d9868697c0f9,->,12acfc45-bdfb-4343-9004-9be15dfd844c,java/lang/StringBuilder.java,append
12acfc45-bdfb-4343-9004-9be15dfd844c,2c89cfe4-ed6d-446f-832b-3c203feb3155,092f5abb-e8c2-4505-a8e5-d9868697c0f9,->,12acfc45-bdfb-4343-9004-9be15dfd844c,java/lang/StringBuilder.java,toString
12acfc45-bdfb-4343-9004-9be15dfd844c,2c89cfe4-ed6d-446f-832b-3c203feb3155,092f5abb-e8c2-4505-a8e5-d9868697c0f9,->,12acfc45-bdfb-4343-9004-9be15dfd844c,java/lang/String.java,toUpperCase
12acfc45-bdfb-4343-9004-9be15dfd844c,2c89cfe4-ed6d-446f-832b-3c203feb3155,092f5abb-e8c2-4505-a8e5-d9868697c0f9,->,12acfc45-bdfb-4343-9004-9be15dfd844c,java/lang/String.java,trim
12acfc45-bdfb-4343-9004-9be15dfd844c,2c89cfe4-ed6d-446f-832b-3c203feb3155,c24786d7-908d-4b2d-ac25-958777d49b27,->,12acfc45-bdfb-4343-9004-9be15dfd844c,java/lang/String.java,length
12acfc45-bdfb-4343-9004-9be15dfd844c,2c89cfe4-ed6d-446f-832b-3c203feb3155,c24786d7-908d-4b2d-ac25-958777d49b27,->,12acfc45-bdfb-4343-9004-9be15dfd844c,java/lang/StringBuilder.java,append
12acfc45-bdfb-4343-9004-9be15dfd844c,2c89cfe4-ed6d-446f-832b-3c203feb3155,c24786d7-908d-4b2d-ac25-958777d49b27,->,12acfc45-bdfb-4343-9004-9be15dfd844c,java/lang/String.java,charAt
12acfc45-bdfb-4343-9004-9be15dfd844c,2c89cfe4-ed6d-446f-832b-3c203feb3155,c24786d7-908d-4b2d-ac25-958777d49b27,->,12acfc45-bdfb-4343-9004-9be15dfd844c,java/lang/StringBuilder.java,append
12acfc45-bdfb-4343-9004-9be15dfd844c,2c89cfe4-ed6d-446f-832b-3c203feb3155,c24786d7-908d-4b2d-ac25-958777d49b27,->,12acfc45-bdfb-4343-9004-9be15dfd844c,java/lang/StringBuilder.java,toString
12acfc45-bdfb-4343-9004-9be15dfd844c,2c89cfe4-ed6d-446f-832b-3c203feb3155,22eed310-5570-4079-8674-493f67051e7d,->,12acfc45-bdfb-4343-9004-9be15dfd844c,java/lang/Math.java,random
12acfc45-bdfb-4343-9004-9be15dfd844c,2c89cfe4-ed6d-446f-832b-3c203feb3155,12264cea-e176-47b1-b1bb-e3a14dc18d35,->,12acfc45-bdfb-4343-9004-9be15dfd844c,java/lang/Math.java,random
12acfc45-bdfb-4343-9004-9be15dfd844c,2c89cfe4-ed6d-446f-832b-3c203feb3155,5f0b275f-5e8d-4369-aad1-1277a9738119,->,12acfc45-bdfb-4343-9004-9be15dfd844c,java/lang/String.java,length
12acfc45-bdfb-4343-9004-9be15dfd844c,2c89cfe4-ed6d-446f-832b-3c203feb3155,5f0b275f-5e8d-4369-aad1-1277a9738119,->,12acfc45-bdfb-4343-9004-9be15dfd844c,java/lang/String.java,charAt
12acfc45-bdfb-4343-9004-9be15dfd844c,2c89cfe4-ed6d-446f-832b-3c203feb3155,cd5ba455-2af0-40dc-821c-405dff9a3574,->,12acfc45-bdfb-4343-9004-9be15dfd844c,java/lang/String.java,length
12acfc45-bdfb-4343-9004-9be15dfd844c,2c89cfe4-ed6d-446f-832b-3c203feb3155,cd5ba455-2af0-40dc-821c-405dff9a3574,->,12acfc45-bdfb-4343-9004-9be15dfd844c,java/lang/String.java,charAt
12acfc45-bdfb-4343-9004-9be15dfd844c,2c89cfe4-ed6d-446f-832b-3c203feb3155,cd5ba455-2af0-40dc-821c-405dff9a3574,->,12acfc45-bdfb-4343-9004-9be15dfd844c,java/lang/Character.java,toUpperCase
12acfc45-bdfb-4343-9004-9be15dfd844c,2c89cfe4-ed6d-446f-832b-3c203feb3155,cd5ba455-2af0-40dc-821c-405dff9a3574,->,12acfc45-bdfb-4343-9004-9be15dfd844c,java/lang/Character.java,valueOf
12acfc45-bdfb-4343-9004-9be15dfd844c,2c89cfe4-ed6d-446f-832b-3c203feb3155,cd5ba455-2af0-40dc-821c-405dff9a3574,->,12acfc45-bdfb-4343-9004-9be15dfd844c,java/lang/String.java,substring
12acfc45-bdfb-4343-9004-9be15dfd844c,2c89cfe4-ed6d-446f-832b-3c203feb3155,cd5ba455-2af0-40dc-821c-405dff9a3574,->,12acfc45-bdfb-4343-9004-9be15dfd844c,java/lang/String.java,format
12acfc45-bdfb-4343-9004-9be15dfd844c,2c89cfe4-ed6d-446f-832b-3c203feb3155,cd5ba455-2af0-40dc-821c-405dff9a3574,->,12acfc45-bdfb-4343-9004-9be15dfd844c,java/lang/String.java,charAt
12acfc45-bdfb-4343-9004-9be15dfd844c,2c89cfe4-ed6d-446f-832b-3c203feb3155,cd5ba455-2af0-40dc-821c-405dff9a3574,->,12acfc45-bdfb-4343-9004-9be15dfd844c,java/lang/Character.java,isLetterOrDigit
12acfc45-bdfb-4343-9004-9be15dfd844c,2c89cfe4-ed6d-446f-832b-3c203feb3155,cd5ba455-2af0-40dc-821c-405dff9a3574,->,12acfc45-bdfb-4343-9004-9be15dfd844c,java/lang/String.java,length
12acfc45-bdfb-4343-9004-9be15dfd844c,2c89cfe4-ed6d-446f-832b-3c203feb3155,cd5ba455-2af0-40dc-821c-405dff9a3574,->,12acfc45-bdfb-4343-9004-9be15dfd844c,java/lang/String.java,subSequence
12acfc45-bdfb-4343-9004-9be15dfd844c,2c89cfe4-ed6d-446f-832b-3c203feb3155,cd5ba455-2af0-40dc-821c-405dff9a3574,->,12acfc45-bdfb-4343-9004-9be15dfd844c,java/lang/String.java,charAt
12acfc45-bdfb-4343-9004-9be15dfd844c,2c89cfe4-ed6d-446f-832b-3c203feb3155,cd5ba455-2af0-40dc-821c-405dff9a3574,->,12acfc45-bdfb-4343-9004-9be15dfd844c,java/lang/Character.java,toUpperCase
12acfc45-bdfb-4343-9004-9be15dfd844c,2c89cfe4-ed6d-446f-832b-3c203feb3155,cd5ba455-2af0-40dc-821c-405dff9a3574,->,12acfc45-bdfb-4343-9004-9be15dfd844c,java/lang/Character.java,valueOf
12acfc45-bdfb-4343-9004-9be15dfd844c,2c89cfe4-ed6d-446f-832b-3c203feb3155,cd5ba455-2af0-40dc-821c-405dff9a3574,->,12acfc45-bdfb-4343-9004-9be15dfd844c,java/lang/String.java,substring
12acfc45-bdfb-4343-9004-9be15dfd844c,2c89cfe4-ed6d-446f-832b-3c203feb3155,cd5ba455-2af0-40dc-821c-405dff9a3574,->,12acfc45-bdfb-4343-9004-9be15dfd844c,java/lang/String.java,format
12acfc45-bdfb-4343-9004-9be15dfd844c,2c89cfe4-ed6d-446f-832b-3c203feb3155,f405b0cf-4d1f-465e-8f45-272cde2986d9,->,12acfc45-bdfb-4343-9004-9be15dfd844c,java/lang/String.java,length
12acfc45-bdfb-4343-9004-9be15dfd844c,2c89cfe4-ed6d-446f-832b-3c203feb3155,f405b0cf-4d1f-465e-8f45-272cde2986d9,->,12acfc45-bdfb-4343-9004-9be15dfd844c,java/lang/String.java,substring
12acfc45-bdfb-4343-9004-9be15dfd844c,2c89cfe4-ed6d-446f-832b-3c203feb3155,f405b0cf-4d1f-465e-8f45-272cde2986d9,->,12acfc45-bdfb-4343-9004-9be15dfd844c,java/lang/String.java,toLowerCase
12acfc45-bdfb-4343-9004-9be15dfd844c,2c89cfe4-ed6d-446f-832b-3c203feb3155,f405b0cf-4d1f-465e-8f45-272cde2986d9,->,12acfc45-bdfb-4343-9004-9be15dfd844c,java/lang/String.java,length
12acfc45-bdfb-4343-9004-9be15dfd844c,2c89cfe4-ed6d-446f-832b-3c203feb3155,f405b0cf-4d1f-465e-8f45-272cde2986d9,->,12acfc45-bdfb-4343-9004-9be15dfd844c,java/lang/String.java,charAt
12acfc45-bdfb-4343-9004-9be15dfd844c,2c89cfe4-ed6d-446f-832b-3c203feb3155,05de951b-2fa8-4121-99ee-ce604b8bd631,->,12acfc45-bdfb-4343-9004-9be15dfd844c,java/lang/Math.java,atan
12acfc45-bdfb-4343-9004-9be15dfd844c,2c89cfe4-ed6d-446f-832b-3c203feb3155,05de951b-2fa8-4121-99ee-ce604b8bd631,->,12acfc45-bdfb-4343-9004-9be15dfd844c,java/lang/Math.java,toDegrees
12acfc45-bdfb-4343-9004-9be15dfd844c,2c89cfe4-ed6d-446f-832b-3c203feb3155,05de951b-2fa8-4121-99ee-ce604b8bd631,->,12acfc45-bdfb-4343-9004-9be15dfd844c,java/lang/Double.java,isNaN
12acfc45-bdfb-4343-9004-9be15dfd844c,2c89cfe4-ed6d-446f-832b-3c203feb3155,05de951b-2fa8-4121-99ee-ce604b8bd631,->,12acfc45-bdfb-4343-9004-9be15dfd844c,java/lang/Math.java,signum
12acfc45-bdfb-4343-9004-9be15dfd844c,server/util/MysqlManager.java,createConnection,->,12acfc45-bdfb-4343-9004-9be15dfd844c,java/lang/Class.java,forName
12acfc45-bdfb-4343-9004-9be15dfd844c,server/util/MysqlManager.java,createConnection,->,12acfc45-bdfb-4343-9004-9be15dfd844c,java/lang/Class.java,newInstance
12acfc45-bdfb-4343-9004-9be15dfd844c,server/util/MysqlManager.java,destroyConnection,->,12acfc45-bdfb-4343-9004-9be15dfd844c,java/sql/Statement.java,close
12acfc45-bdfb-4343-9004-9be15dfd844c,server/util/MysqlManager.java,destroyConnection,->,12acfc45-bdfb-4343-9004-9be15dfd844c,java/sql/Connection.java,close
12acfc45-bdfb-4343-9004-9be15dfd844c,server/util/MysqlManager.java,query,->,12acfc45-bdfb-4343-9004-9be15dfd844c,java/lang/String.java,toLowerCase
12acfc45-bdfb-4343-9004-9be15dfd844c,server/util/MysqlManager.java,query,->,12acfc45-bdfb-4343-9004-9be15dfd844c,java/lang/String.java,startsWith
12acfc45-bdfb-4343-9004-9be15dfd844c,server/util/MysqlManager.java,query,->,12acfc45-bdfb-4343-9004-9be15dfd844c,java/sql/Statement.java,executeQuery
12acfc45-bdfb-4343-9004-9be15dfd844c,server/util/MysqlManager.java,query,->,12acfc45-bdfb-4343-9004-9be15dfd844c,java/sql/Statement.java,executeUpdate
12acfc45-bdfb-4343-9004-9be15dfd844c,server/util/MysqlManager.java,query,->,12acfc45-bdfb-4343-9004-9be15dfd844c,server/util/MysqlManager.java,destroyConnection
12acfc45-bdfb-4343-9004-9be15dfd844c,server/util/MysqlManager.java,query,->,12acfc45-bdfb-4343-9004-9be15dfd844c,server/util/MysqlManager.java,createConnection
12acfc45-bdfb-4343-9004-9be15dfd844c,server/util/MysqlManager.java,saveHighScore,->,12acfc45-bdfb-4343-9004-9be15dfd844c,java/lang/StringBuilder.java,append
12acfc45-bdfb-4343-9004-9be15dfd844c,server/util/MysqlManager.java,saveHighScore,->,12acfc45-bdfb-4343-9004-9be15dfd844c,java/lang/StringBuilder.java,append
12acfc45-bdfb-4343-9004-9be15dfd844c,server/util/MysqlManager.java,saveHighScore,->,12acfc45-bdfb-4343-9004-9be15dfd844c,java/lang/StringBuilder.java,append
12acfc45-bdfb-4343-9004-9be15dfd844c,server/util/MysqlManager.java,saveHighScore,->,12acfc45-bdfb-4343-9004-9be15dfd844c,java/lang/StringBuilder.java,toString
12acfc45-bdfb-4343-9004-9be15dfd844c,server/util/MysqlManager.java,saveHighScore,->,12acfc45-bdfb-4343-9004-9be15dfd844c,server/util/MysqlManager.java,query
12acfc45-bdfb-4343-9004-9be15dfd844c,server/util/MysqlManager.java,saveHighScore,->,12acfc45-bdfb-4343-9004-9be15dfd844c,java/lang/StringBuilder.java,append
12acfc45-bdfb-4343-9004-9be15dfd844c,server/util/MysqlManager.java,saveHighScore,->,12acfc45-bdfb-4343-9004-9be15dfd844c,java/lang/StringBuilder.java,append
12acfc45-bdfb-4343-9004-9be15dfd844c,server/util/MysqlManager.java,saveHighScore,->,12acfc45-bdfb-4343-9004-9be15dfd844c,java/lang/StringBuilder.java,append
12acfc45-bdfb-4343-9004-9be15dfd844c,server/util/MysqlManager.java,saveHighScore,->,12acfc45-bdfb-4343-9004-9be15dfd844c,java/lang/StringBuilder.java,toString
12acfc45-bdfb-4343-9004-9be15dfd844c,server/util/MysqlManager.java,saveHighScore,->,12acfc45-bdfb-4343-9004-9be15dfd844c,server/util/MysqlManager.java,query
12acfc45-bdfb-4343-9004-9be15dfd844c,server/util/MysqlManager.java,saveHighScore,->,12acfc45-bdfb-4343-9004-9be15dfd844c,java/lang/StringBuilder.java,append
12acfc45-bdfb-4343-9004-9be15dfd844c,server/util/MysqlManager.java,saveHighScore,->,12acfc45-bdfb-4343-9004-9be15dfd844c,java/lang/StringBuilder.java,append
12acfc45-bdfb-4343-9004-9be15dfd844c,server/util/MysqlManager.java,saveHighScore,->,12acfc45-bdfb-4343-9004-9be15dfd844c,java/lang/StringBuilder.java,append
12acfc45-bdfb-4343-9004-9be15dfd844c,server/util/MysqlManager.java,saveHighScore,->,12acfc45-bdfb-4343-9004-9be15dfd844c,java/lang/StringBuilder.java,append
12acfc45-bdfb-4343-9004-9be15dfd844c,server/util/MysqlManager.java,saveHighScore,->,12acfc45-bdfb-4343-9004-9be15dfd844c,java/lang/StringBuilder.java,append
12acfc45-bdfb-4343-9004-9be15dfd844c,server/util/MysqlManager.java,saveHighScore,->,12acfc45-bdfb-4343-9004-9be15dfd844c,java/lang/StringBuilder.java,append
12acfc45-bdfb-4343-9004-9be15dfd844c,server/util/MysqlManager.java,saveHighScore,->,12acfc45-bdfb-4343-9004-9be15dfd844c,java/lang/StringBuilder.java,append
12acfc45-bdfb-4343-9004-9be15dfd844c,server/util/MysqlManager.java,saveHighScore,->,12acfc45-bdfb-4343-9004-9be15dfd844c,java/lang/StringBuilder.java,append
12acfc45-bdfb-4343-9004-9be15dfd844c,server/util/MysqlManager.java,saveHighScore,->,12acfc45-bdfb-4343-9004-9be15dfd844c,java/lang/StringBuilder.java,append
12acfc45-bdfb-4343-9004-9be15dfd844c,server/util/MysqlManager.java,saveHighScore,->,12acfc45-bdfb-4343-9004-9be15dfd844c,java/lang/StringBuilder.java,append
12acfc45-bdfb-4343-9004-9be15dfd844c,server/util/MysqlManager.java,saveHighScore,->,12acfc45-bdfb-4343-9004-9be15dfd844c,java/lang/StringBuilder.java,append
12acfc45-bdfb-4343-9004-9be15dfd844c,server/util/MysqlManager.java,saveHighScore,->,12acfc45-bdfb-4343-9004-9be15dfd844c,java/lang/StringBuilder.java,append
12acfc45-bdfb-4343-9004-9be15dfd844c,server/util/MysqlManager.java,saveHighScore,->,12acfc45-bdfb-4343-9004-9be15dfd844c,java/lang/StringBuilder.java,append
12acfc45-bdfb-4343-9004-9be15dfd844c,server/util/MysqlManager.java,saveHighScore,->,12acfc45-bdfb-4343-9004-9be15dfd844c,java/lang/StringBuilder.java,append
12acfc45-bdfb-4343-9004-9be15dfd844c,server/util/MysqlManager.java,saveHighScore,->,12acfc45-bdfb-4343-9004-9be15dfd844c,java/lang/StringBuilder.java,append
12acfc45-bdfb-4343-9004-9be15dfd844c,server/util/MysqlManager.java,saveHighScore,->,12acfc45-bdfb-4343-9004-9be15dfd844c,java/lang/StringBuilder.java,append
12acfc45-bdfb-4343-9004-9be15dfd844c,server/util/MysqlManager.java,saveHighScore,->,12acfc45-bdfb-4343-9004-9be15dfd844c,java/lang/StringBuilder.java,append
12acfc45-bdfb-4343-9004-9be15dfd844c,server/util/MysqlManager.java,saveHighScore,->,12acfc45-bdfb-4343-9004-9be15dfd844c,java/lang/StringBuilder.java,append
12acfc45-bdfb-4343-9004-9be15dfd844c,server/util/MysqlManager.java,saveHighScore,->,12acfc45-bdfb-4343-9004-9be15dfd844c,java/lang/StringBuilder.java,append
12acfc45-bdfb-4343-9004-9be15dfd844c,server/util/MysqlManager.java,saveHighScore,->,12acfc45-bdfb-4343-9004-9be15dfd844c,java/lang/StringBuilder.java,append
12acfc45-bdfb-4343-9004-9be15dfd844c,server/util/MysqlManager.java,saveHighScore,->,12acfc45-bdfb-4343-9004-9be15dfd844c,java/lang/StringBuilder.java,append
12acfc45-bdfb-4343-9004-9be15dfd844c,server/util/MysqlManager.java,saveHighScore,->,12acfc45-bdfb-4343-9004-9be15dfd844c,java/lang/StringBuilder.java,append
12acfc45-bdfb-4343-9004-9be15dfd844c,server/util/MysqlManager.java,saveHighScore,->,12acfc45-bdfb-4343-9004-9be15dfd844c,java/lang/StringBuilder.java,append
12acfc45-bdfb-4343-9004-9be15dfd844c,server/util/MysqlManager.java,saveHighScore,->,12acfc45-bdfb-4343-9004-9be15dfd844c,java/lang/StringBuilder.java,append
12acfc45-bdfb-4343-9004-9be15dfd844c,server/util/MysqlManager.java,saveHighScore,->,12acfc45-bdfb-4343-9004-9be15dfd844c,java/lang/StringBuilder.java,append
12acfc45-bdfb-4343-9004-9be15dfd844c,server/util/MysqlManager.java,saveHighScore,->,12acfc45-bdfb-4343-9004-9be15dfd844c,java/lang/StringBuilder.java,append
12acfc45-bdfb-4343-9004-9be15dfd844c,server/util/MysqlManager.java,saveHighScore,->,12acfc45-bdfb-4343-9004-9be15dfd844c,java/lang/StringBuilder.java,append
12acfc45-bdfb-4343-9004-9be15dfd844c,server/util/MysqlManager.java,saveHighScore,->,12acfc45-bdfb-4343-9004-9be15dfd844c,java/lang/StringBuilder.java,append
12acfc45-bdfb-4343-9004-9be15dfd844c,server/util/MysqlManager.java,saveHighScore,->,12acfc45-bdfb-4343-9004-9be15dfd844c,java/lang/StringBuilder.java,append
12acfc45-bdfb-4343-9004-9be15dfd844c,server/util/MysqlManager.java,saveHighScore,->,12acfc45-bdfb-4343-9004-9be15dfd844c,java/lang/StringBuilder.java,append
12acfc45-bdfb-4343-9004-9be15dfd844c,server/util/MysqlManager.java,saveHighScore,->,12acfc45-bdfb-4343-9004-9be15dfd844c,java/lang/StringBuilder.java,append
12acfc45-bdfb-4343-9004-9be15dfd844c,server/util/MysqlManager.java,saveHighScore,->,12acfc45-bdfb-4343-9004-9be15dfd844c,java/lang/StringBuilder.java,append
12acfc45-bdfb-4343-9004-9be15dfd844c,server/util/MysqlManager.java,saveHighScore,->,12acfc45-bdfb-4343-9004-9be15dfd844c,java/lang/StringBuilder.java,append
12acfc45-bdfb-4343-9004-9be15dfd844c,server/util/MysqlManager.java,saveHighScore,->,12acfc45-bdfb-4343-9004-9be15dfd844c,java/lang/StringBuilder.java,append
12acfc45-bdfb-4343-9004-9be15dfd844c,server/util/MysqlManager.java,saveHighScore,->,12acfc45-bdfb-4343-9004-9be15dfd844c,java/lang/StringBuilder.java,append
12acfc45-bdfb-4343-9004-9be15dfd844c,server/util/MysqlManager.java,saveHighScore,->,12acfc45-bdfb-4343-9004-9be15dfd844c,java/lang/StringBuilder.java,append
12acfc45-bdfb-4343-9004-9be15dfd844c,server/util/MysqlManager.java,saveHighScore,->,12acfc45-bdfb-4343-9004-9be15dfd844c,java/lang/StringBuilder.java,append
12acfc45-bdfb-4343-9004-9be15dfd844c,server/util/MysqlManager.java,saveHighScore,->,12acfc45-bdfb-4343-9004-9be15dfd844c,java/lang/StringBuilder.java,append
12acfc45-bdfb-4343-9004-9be15dfd844c,server/util/MysqlManager.java,saveHighScore,->,12acfc45-bdfb-4343-9004-9be15dfd844c,java/lang/StringBuilder.java,append
12acfc45-bdfb-4343-9004-9be15dfd844c,server/util/MysqlManager.java,saveHighScore,->,12acfc45-bdfb-4343-9004-9be15dfd844c,java/lang/StringBuilder.java,append
12acfc45-bdfb-4343-9004-9be15dfd844c,server/util/MysqlManager.java,saveHighScore,->,12acfc45-bdfb-4343-9004-9be15dfd844c,java/lang/StringBuilder.java,append
12acfc45-bdfb-4343-9004-9be15dfd844c,server/util/MysqlManager.java,saveHighScore,->,12acfc45-bdfb-4343-9004-9be15dfd844c,java/lang/StringBuilder.java,append
12acfc45-bdfb-4343-9004-9be15dfd844c,server/util/MysqlManager.java,saveHighScore,->,12acfc45-bdfb-4343-9004-9be15dfd844c,java/lang/StringBuilder.java,append
12acfc45-bdfb-4343-9004-9be15dfd844c,server/util/MysqlManager.java,saveHighScore,->,12acfc45-bdfb-4343-9004-9be15dfd844c,java/lang/StringBuilder.java,append
12acfc45-bdfb-4343-9004-9be15dfd844c,server/util/MysqlManager.java,saveHighScore,->,12acfc45-bdfb-4343-9004-9be15dfd844c,java/lang/StringBuilder.java,append
12acfc45-bdfb-4343-9004-9be15dfd844c,server/util/MysqlManager.java,saveHighScore,->,12acfc45-bdfb-4343-9004-9be15dfd844c,java/lang/StringBuilder.java,append
12acfc45-bdfb-4343-9004-9be15dfd844c,server/util/MysqlManager.java,saveHighScore,->,12acfc45-bdfb-4343-9004-9be15dfd844c,java/lang/StringBuilder.java,append
12acfc45-bdfb-4343-9004-9be15dfd844c,server/util/MysqlManager.java,saveHighScore,->,12acfc45-bdfb-4343-9004-9be15dfd844c,java/lang/StringBuilder.java,append
12acfc45-bdfb-4343-9004-9be15dfd844c,server/util/MysqlManager.java,saveHighScore,->,12acfc45-bdfb-4343-9004-9be15dfd844c,java/lang/StringBuilder.java,append
12acfc45-bdfb-4343-9004-9be15dfd844c,server/util/MysqlManager.java,saveHighScore,->,12acfc45-bdfb-4343-9004-9be15dfd844c,java/lang/StringBuilder.java,append
12acfc45-bdfb-4343-9004-9be15dfd844c,server/util/MysqlManager.java,saveHighScore,->,12acfc45-bdfb-4343-9004-9be15dfd844c,java/lang/StringBuilder.java,append
12acfc45-bdfb-4343-9004-9be15dfd844c,server/util/MysqlManager.java,saveHighScore,->,12acfc45-bdfb-4343-9004-9be15dfd844c,java/lang/StringBuilder.java,append
12acfc45-bdfb-4343-9004-9be15dfd844c,server/util/MysqlManager.java,saveHighScore,->,12acfc45-bdfb-4343-9004-9be15dfd844c,java/lang/StringBuilder.java,append
12acfc45-bdfb-4343-9004-9be15dfd844c,server/util/MysqlManager.java,saveHighScore,->,12acfc45-bdfb-4343-9004-9be15dfd844c,java/lang/StringBuilder.java,append
12acfc45-bdfb-4343-9004-9be15dfd844c,server/util/MysqlManager.java,saveHighScore,->,12acfc45-bdfb-4343-9004-9be15dfd844c,java/lang/StringBuilder.java,append
12acfc45-bdfb-4343-9004-9be15dfd844c,server/util/MysqlManager.java,saveHighScore,->,12acfc45-bdfb-4343-9004-9be15dfd844c,java/lang/StringBuilder.java,append
12acfc45-bdfb-4343-9004-9be15dfd844c,server/util/MysqlManager.java,saveHighScore,->,12acfc45-bdfb-4343-9004-9be15dfd844c,java/lang/StringBuilder.java,append
12acfc45-bdfb-4343-9004-9be15dfd844c,server/util/MysqlManager.java,saveHighScore,->,12acfc45-bdfb-4343-9004-9be15dfd844c,java/lang/StringBuilder.java,append
12acfc45-bdfb-4343-9004-9be15dfd844c,server/util/MysqlManager.java,saveHighScore,->,12acfc45-bdfb-4343-9004-9be15dfd844c,java/lang/StringBuilder.java,append
12acfc45-bdfb-4343-9004-9be15dfd844c,server/util/MysqlManager.java,saveHighScore,->,12acfc45-bdfb-4343-9004-9be15dfd844c,java/lang/StringBuilder.java,append
12acfc45-bdfb-4343-9004-9be15dfd844c,server/util/MysqlManager.java,saveHighScore,->,12acfc45-bdfb-4343-9004-9be15dfd844c,java/lang/StringBuilder.java,append
12acfc45-bdfb-4343-9004-9be15dfd844c,server/util/MysqlManager.java,saveHighScore,->,12acfc45-bdfb-4343-9004-9be15dfd844c,java/lang/StringBuilder.java,append
12acfc45-bdfb-4343-9004-9be15dfd844c,server/util/MysqlManager.java,saveHighScore,->,12acfc45-bdfb-4343-9004-9be15dfd844c,java/lang/StringBuilder.java,append
12acfc45-bdfb-4343-9004-9be15dfd844c,server/util/MysqlManager.java,saveHighScore,->,12acfc45-bdfb-4343-9004-9be15dfd844c,java/lang/StringBuilder.java,append
12acfc45-bdfb-4343-9004-9be15dfd844c,server/util/MysqlManager.java,saveHighScore,->,12acfc45-bdfb-4343-9004-9be15dfd844c,java/lang/StringBuilder.java,append
12acfc45-bdfb-4343-9004-9be15dfd844c,server/util/MysqlManager.java,saveHighScore,->,12acfc45-bdfb-4343-9004-9be15dfd844c,java/lang/StringBuilder.java,append
12acfc45-bdfb-4343-9004-9be15dfd844c,server/util/MysqlManager.java,saveHighScore,->,12acfc45-bdfb-4343-9004-9be15dfd844c,java/lang/StringBuilder.java,append
12acfc45-bdfb-4343-9004-9be15dfd844c,server/util/MysqlManager.java,saveHighScore,->,12acfc45-bdfb-4343-9004-9be15dfd844c,java/lang/StringBuilder.java,append
12acfc45-bdfb-4343-9004-9be15dfd844c,server/util/MysqlManager.java,saveHighScore,->,12acfc45-bdfb-4343-9004-9be15dfd844c,java/lang/StringBuilder.java,append
12acfc45-bdfb-4343-9004-9be15dfd844c,server/util/MysqlManager.java,saveHighScore,->,12acfc45-bdfb-4343-9004-9be15dfd844c,java/lang/StringBuilder.java,append
12acfc45-bdfb-4343-9004-9be15dfd844c,server/util/MysqlManager.java,saveHighScore,->,12acfc45-bdfb-4343-9004-9be15dfd844c,java/lang/StringBuilder.java,append
12acfc45-bdfb-4343-9004-9be15dfd844c,server/util/MysqlManager.java,saveHighScore,->,12acfc45-bdfb-4343-9004-9be15dfd844c,java/lang/StringBuilder.java,append
12acfc45-bdfb-4343-9004-9be15dfd844c,server/util/MysqlManager.java,saveHighScore,->,12acfc45-bdfb-4343-9004-9be15dfd844c,java/lang/StringBuilder.java,append
12acfc45-bdfb-4343-9004-9be15dfd844c,server/util/MysqlManager.java,saveHighScore,->,12acfc45-bdfb-4343-9004-9be15dfd844c,java/lang/StringBuilder.java,append
12acfc45-bdfb-4343-9004-9be15dfd844c,server/util/MysqlManager.java,saveHighScore,->,12acfc45-bdfb-4343-9004-9be15dfd844c,java/lang/StringBuilder.java,append
12acfc45-bdfb-4343-9004-9be15dfd844c,server/util/MysqlManager.java,saveHighScore,->,12acfc45-bdfb-4343-9004-9be15dfd844c,java/lang/StringBuilder.java,append
12acfc45-bdfb-4343-9004-9be15dfd844c,server/util/MysqlManager.java,saveHighScore,->,12acfc45-bdfb-4343-9004-9be15dfd844c,java/lang/StringBuilder.java,append
12acfc45-bdfb-4343-9004-9be15dfd844c,server/util/MysqlManager.java,saveHighScore,->,12acfc45-bdfb-4343-9004-9be15dfd844c,java/lang/StringBuilder.java,append
12acfc45-bdfb-4343-9004-9be15dfd844c,server/util/MysqlManager.java,saveHighScore,->,12acfc45-bdfb-4343-9004-9be15dfd844c,java/lang/StringBuilder.java,append
12acfc45-bdfb-4343-9004-9be15dfd844c,server/util/MysqlManager.java,saveHighScore,->,12acfc45-bdfb-4343-9004-9be15dfd844c,java/lang/StringBuilder.java,append
12acfc45-bdfb-4343-9004-9be15dfd844c,server/util/MysqlManager.java,saveHighScore,->,12acfc45-bdfb-4343-9004-9be15dfd844c,java/lang/StringBuilder.java,append
12acfc45-bdfb-4343-9004-9be15dfd844c,server/util/MysqlManager.java,saveHighScore,->,12acfc45-bdfb-4343-9004-9be15dfd844c,java/lang/StringBuilder.java,append
12acfc45-bdfb-4343-9004-9be15dfd844c,server/util/MysqlManager.java,saveHighScore,->,12acfc45-bdfb-4343-9004-9be15dfd844c,java/lang/StringBuilder.java,append
12acfc45-bdfb-4343-9004-9be15dfd844c,server/util/MysqlManager.java,saveHighScore,->,12acfc45-bdfb-4343-9004-9be15dfd844c,java/lang/StringBuilder.java,append
12acfc45-bdfb-4343-9004-9be15dfd844c,server/util/MysqlManager.java,saveHighScore,->,12acfc45-bdfb-4343-9004-9be15dfd844c,java/lang/StringBuilder.java,append
12acfc45-bdfb-4343-9004-9be15dfd844c,server/util/MysqlManager.java,saveHighScore,->,12acfc45-bdfb-4343-9004-9be15dfd844c,java/lang/StringBuilder.java,append
12acfc45-bdfb-4343-9004-9be15dfd844c,server/util/MysqlManager.java,saveHighScore,->,12acfc45-bdfb-4343-9004-9be15dfd844c,java/lang/StringBuilder.java,append
12acfc45-bdfb-4343-9004-9be15dfd844c,server/util/MysqlManager.java,saveHighScore,->,12acfc45-bdfb-4343-9004-9be15dfd844c,java/lang/StringBuilder.java,toString
12acfc45-bdfb-4343-9004-9be15dfd844c,server/util/MysqlManager.java,saveHighScore,->,12acfc45-bdfb-4343-9004-9be15dfd844c,server/util/MysqlManager.java,query
12acfc45-bdfb-4343-9004-9be15dfd844c,server/util/MysqlManager.java,saveHighScore,->,12acfc45-bdfb-4343-9004-9be15dfd844c,java/lang/StringBuilder.java,append
12acfc45-bdfb-4343-9004-9be15dfd844c,server/util/MysqlManager.java,saveHighScore,->,12acfc45-bdfb-4343-9004-9be15dfd844c,java/lang/StringBuilder.java,append
12acfc45-bdfb-4343-9004-9be15dfd844c,server/util/MysqlManager.java,saveHighScore,->,12acfc45-bdfb-4343-9004-9be15dfd844c,java/lang/StringBuilder.java,append
12acfc45-bdfb-4343-9004-9be15dfd844c,server/util/MysqlManager.java,saveHighScore,->,12acfc45-bdfb-4343-9004-9be15dfd844c,server/model/players/Client.java,getLevelForXP
12acfc45-bdfb-4343-9004-9be15dfd844c,server/util/MysqlManager.java,saveHighScore,->,12acfc45-bdfb-4343-9004-9be15dfd844c,server/model/players/Client.java,getLevelForXP
12acfc45-bdfb-4343-9004-9be15dfd844c,server/util/MysqlManager.java,saveHighScore,->,12acfc45-bdfb-4343-9004-9be15dfd844c,server/model/players/Client.java,getLevelForXP
12acfc45-bdfb-4343-9004-9be15dfd844c,server/util/MysqlManager.java,saveHighScore,->,12acfc45-bdfb-4343-9004-9be15dfd844c,server/model/players/Client.java,getLevelForXP
12acfc45-bdfb-4343-9004-9be15dfd844c,server/util/MysqlManager.java,saveHighScore,->,12acfc45-bdfb-4343-9004-9be15dfd844c,server/model/players/Client.java,getLevelForXP
12acfc45-bdfb-4343-9004-9be15dfd844c,server/util/MysqlManager.java,saveHighScore,->,12acfc45-bdfb-4343-9004-9be15dfd844c,server/model/players/Client.java,getLevelForXP
12acfc45-bdfb-4343-9004-9be15dfd844c,server/util/MysqlManager.java,saveHighScore,->,12acfc45-bdfb-4343-9004-9be15dfd844c,server/model/players/Client.java,getLevelForXP
12acfc45-bdfb-4343-9004-9be15dfd844c,server/util/MysqlManager.java,saveHighScore,->,12acfc45-bdfb-4343-9004-9be15dfd844c,server/model/players/Client.java,getLevelForXP
12acfc45-bdfb-4343-9004-9be15dfd844c,server/util/MysqlManager.java,saveHighScore,->,12acfc45-bdfb-4343-9004-9be15dfd844c,server/model/players/Client.java,getLevelForXP
12acfc45-bdfb-4343-9004-9be15dfd844c,server/util/MysqlManager.java,saveHighScore,->,12acfc45-bdfb-4343-9004-9be15dfd844c,server/model/players/Client.java,getLevelForXP
12acfc45-bdfb-4343-9004-9be15dfd844c,server/util/MysqlManager.java,saveHighScore,->,12acfc45-bdfb-4343-9004-9be15dfd844c,server/model/players/Client.java,getLevelForXP
12acfc45-bdfb-4343-9004-9be15dfd844c,server/util/MysqlManager.java,saveHighScore,->,12acfc45-bdfb-4343-9004-9be15dfd844c,server/model/players/Client.java,getLevelForXP
12acfc45-bdfb-4343-9004-9be15dfd844c,server/util/MysqlManager.java,saveHighScore,->,12acfc45-bdfb-4343-9004-9be15dfd844c,server/model/players/Client.java,getLevelForXP
12acfc45-bdfb-4343-9004-9be15dfd844c,server/util/MysqlManager.java,saveHighScore,->,12acfc45-bdfb-4343-9004-9be15dfd844c,server/model/players/Client.java,getLevelForXP
12acfc45-bdfb-4343-9004-9be15dfd844c,server/util/MysqlManager.java,saveHighScore,->,12acfc45-bdfb-4343-9004-9be15dfd844c,server/model/players/Client.java,getLevelForXP
12acfc45-bdfb-4343-9004-9be15dfd844c,server/util/MysqlManager.java,saveHighScore,->,12acfc45-bdfb-4343-9004-9be15dfd844c,server/model/players/Client.java,getLevelForXP
12acfc45-bdfb-4343-9004-9be15dfd844c,server/util/MysqlManager.java,saveHighScore,->,12acfc45-bdfb-4343-9004-9be15dfd844c,server/model/players/Client.java,getLevelForXP
12acfc45-bdfb-4343-9004-9be15dfd844c,server/util/MysqlManager.java,saveHighScore,->,12acfc45-bdfb-4343-9004-9be15dfd844c,server/model/players/Client.java,getLevelForXP
12acfc45-bdfb-4343-9004-9be15dfd844c,server/util/MysqlManager.java,saveHighScore,->,12acfc45-bdfb-4343-9004-9be15dfd844c,server/model/players/Client.java,getLevelForXP
12acfc45-bdfb-4343-9004-9be15dfd844c,server/util/MysqlManager.java,saveHighScore,->,12acfc45-bdfb-4343-9004-9be15dfd844c,server/model/players/Client.java,getLevelForXP
12acfc45-bdfb-4343-9004-9be15dfd844c,server/util/MysqlManager.java,saveHighScore,->,12acfc45-bdfb-4343-9004-9be15dfd844c,server/model/players/Client.java,getLevelForXP
12acfc45-bdfb-4343-9004-9be15dfd844c,server/util/MysqlManager.java,saveHighScore,->,12acfc45-bdfb-4343-9004-9be15dfd844c,java/lang/StringBuilder.java,append
12acfc45-bdfb-4343-9004-9be15dfd844c,server/util/MysqlManager.java,saveHighScore,->,12acfc45-bdfb-4343-9004-9be15dfd844c,java/lang/StringBuilder.java,append
12acfc45-bdfb-4343-9004-9be15dfd844c,server/util/MysqlManager.java,saveHighScore,->,12acfc45-bdfb-4343-9004-9be15dfd844c,java/lang/StringBuilder.java,append
12acfc45-bdfb-4343-9004-9be15dfd844c,server/util/MysqlManager.java,saveHighScore,->,12acfc45-bdfb-4343-9004-9be15dfd844c,java/lang/StringBuilder.java,append
12acfc45-bdfb-4343-9004-9be15dfd844c,server/util/MysqlManager.java,saveHighScore,->,12acfc45-bdfb-4343-9004-9be15dfd844c,java/lang/StringBuilder.java,toString
12acfc45-bdfb-4343-9004-9be15dfd844c,server/util/MysqlManager.java,saveHighScore,->,12acfc45-bdfb-4343-9004-9be15dfd844c,server/util/MysqlManager.java,query
12acfc45-bdfb-4343-9004-9be15dfd844c,server/util/MysqlManager.java,saveVotingInfo,->,12acfc45-bdfb-4343-9004-9be15dfd844c,java/lang/StringBuilder.java,append
12acfc45-bdfb-4343-9004-9be15dfd844c,server/util/MysqlManager.java,saveVotingInfo,->,12acfc45-bdfb-4343-9004-9be15dfd844c,java/lang/StringBuilder.java,append
12acfc45-bdfb-4343-9004-9be15dfd844c,server/util/MysqlManager.java,saveVotingInfo,->,12acfc45-bdfb-4343-9004-9be15dfd844c,java/lang/StringBuilder.java,append
12acfc45-bdfb-4343-9004-9be15dfd844c,server/util/MysqlManager.java,saveVotingInfo,->,12acfc45-bdfb-4343-9004-9be15dfd844c,java/lang/StringBuilder.java,append
12acfc45-bdfb-4343-9004-9be15dfd844c,server/util/MysqlManager.java,saveVotingInfo,->,12acfc45-bdfb-4343-9004-9be15dfd844c,java/lang/StringBuilder.java,append
12acfc45-bdfb-4343-9004-9be15dfd844c,server/util/MysqlManager.java,saveVotingInfo,->,12acfc45-bdfb-4343-9004-9be15dfd844c,java/lang/StringBuilder.java,toString
12acfc45-bdfb-4343-9004-9be15dfd844c,server/util/MysqlManager.java,saveVotingInfo,->,12acfc45-bdfb-4343-9004-9be15dfd844c,server/util/MysqlManager.java,query
12acfc45-bdfb-4343-9004-9be15dfd844c,server/util/MysqlManager.java,loadVotingPoints,->,12acfc45-bdfb-4343-9004-9be15dfd844c,java/lang/StringBuilder.java,append
12acfc45-bdfb-4343-9004-9be15dfd844c,server/util/MysqlManager.java,loadVotingPoints,->,12acfc45-bdfb-4343-9004-9be15dfd844c,java/lang/StringBuilder.java,append
12acfc45-bdfb-4343-9004-9be15dfd844c,server/util/MysqlManager.java,loadVotingPoints,->,12acfc45-bdfb-4343-9004-9be15dfd844c,java/lang/StringBuilder.java,append
12acfc45-bdfb-4343-9004-9be15dfd844c,server/util/MysqlManager.java,loadVotingPoints,->,12acfc45-bdfb-4343-9004-9be15dfd844c,java/lang/StringBuilder.java,toString
12acfc45-bdfb-4343-9004-9be15dfd844c,server/util/MysqlManager.java,loadVotingPoints,->,12acfc45-bdfb-4343-9004-9be15dfd844c,java/sql/Statement.java,executeQuery
12acfc45-bdfb-4343-9004-9be15dfd844c,server/util/MysqlManager.java,loadVotingPoints,->,12acfc45-bdfb-4343-9004-9be15dfd844c,java/sql/ResultSet.java,next
12acfc45-bdfb-4343-9004-9be15dfd844c,server/util/MysqlManager.java,loadVotingPoints,->,12acfc45-bdfb-4343-9004-9be15dfd844c,java/sql/ResultSet.java,getString
12acfc45-bdfb-4343-9004-9be15dfd844c,server/util/MysqlManager.java,loadVotingPoints,->,12acfc45-bdfb-4343-9004-9be15dfd844c,java/lang/Integer.java,parseInt
12acfc45-bdfb-4343-9004-9be15dfd844c,server/util/MysqlManager.java,loadDonationPoints,->,12acfc45-bdfb-4343-9004-9be15dfd844c,java/lang/StringBuilder.java,append
12acfc45-bdfb-4343-9004-9be15dfd844c,server/util/MysqlManager.java,loadDonationPoints,->,12acfc45-bdfb-4343-9004-9be15dfd844c,java/lang/StringBuilder.java,append
12acfc45-bdfb-4343-9004-9be15dfd844c,server/util/MysqlManager.java,loadDonationPoints,->,12acfc45-bdfb-4343-9004-9be15dfd844c,java/lang/StringBuilder.java,append
12acfc45-bdfb-4343-9004-9be15dfd844c,server/util/MysqlManager.java,loadDonationPoints,->,12acfc45-bdfb-4343-9004-9be15dfd844c,java/lang/StringBuilder.java,toString
12acfc45-bdfb-4343-9004-9be15dfd844c,server/util/MysqlManager.java,loadDonationPoints,->,12acfc45-bdfb-4343-9004-9be15dfd844c,java/sql/Statement.java,executeQuery
12acfc45-bdfb-4343-9004-9be15dfd844c,server/util/MysqlManager.java,loadDonationPoints,->,12acfc45-bdfb-4343-9004-9be15dfd844c,java/sql/ResultSet.java,next
12acfc45-bdfb-4343-9004-9be15dfd844c,server/util/MysqlManager.java,loadDonationPoints,->,12acfc45-bdfb-4343-9004-9be15dfd844c,java/sql/ResultSet.java,getString
12acfc45-bdfb-4343-9004-9be15dfd844c,server/util/MysqlManager.java,loadDonationPoints,->,12acfc45-bdfb-4343-9004-9be15dfd844c,java/lang/Integer.java,parseInt
12acfc45-bdfb-4343-9004-9be15dfd844c,9ecf2ca5-2323-4406-9de5-89794fa027e7,2b80920b-7e59-4674-ba73-9492a66f1d8f,->,12acfc45-bdfb-4343-9004-9be15dfd844c,java/lang/System.java,currentTimeMillis
12acfc45-bdfb-4343-9004-9be15dfd844c,9ecf2ca5-2323-4406-9de5-89794fa027e7,2b80920b-7e59-4674-ba73-9492a66f1d8f,->,12acfc45-bdfb-4343-9004-9be15dfd844c,java/lang/System.java,setOut
12acfc45-bdfb-4343-9004-9be15dfd844c,9ecf2ca5-2323-4406-9de5-89794fa027e7,2b80920b-7e59-4674-ba73-9492a66f1d8f,->,12acfc45-bdfb-4343-9004-9be15dfd844c,java/lang/System.java,setErr
12acfc45-bdfb-4343-9004-9be15dfd844c,9ecf2ca5-2323-4406-9de5-89794fa027e7,2b80920b-7e59-4674-ba73-9492a66f1d8f,->,12acfc45-bdfb-4343-9004-9be15dfd844c,ee65cf7d-3a1d-496c-961e-e78d2d7c4caf,d097b495-f802-4f78-b4fa-b8bb3b2b2da8
12acfc45-bdfb-4343-9004-9be15dfd844c,9ecf2ca5-2323-4406-9de5-89794fa027e7,2b80920b-7e59-4674-ba73-9492a66f1d8f,->,12acfc45-bdfb-4343-9004-9be15dfd844c,17f46bba-a2e0-4476-b0d2-93ed7a181ff6,de10bc62-3fdb-40bd-91c9-579a770b8d2d
12acfc45-bdfb-4343-9004-9be15dfd844c,9ecf2ca5-2323-4406-9de5-89794fa027e7,2b80920b-7e59-4674-ba73-9492a66f1d8f,->,12acfc45-bdfb-4343-9004-9be15dfd844c,060ef54d-d301-4dac-9485-528a6eea7902,3849e36c-b0c2-4f9e-90af-85b6963cd7a9
12acfc45-bdfb-4343-9004-9be15dfd844c,9ecf2ca5-2323-4406-9de5-89794fa027e7,2b80920b-7e59-4674-ba73-9492a66f1d8f,->,12acfc45-bdfb-4343-9004-9be15dfd844c,java/io/PrintStream.java,println
12acfc45-bdfb-4343-9004-9be15dfd844c,9ecf2ca5-2323-4406-9de5-89794fa027e7,2b80920b-7e59-4674-ba73-9492a66f1d8f,->,12acfc45-bdfb-4343-9004-9be15dfd844c,java/io/PrintStream.java,println
12acfc45-bdfb-4343-9004-9be15dfd844c,9ecf2ca5-2323-4406-9de5-89794fa027e7,2b80920b-7e59-4674-ba73-9492a66f1d8f,->,12acfc45-bdfb-4343-9004-9be15dfd844c,java/io/PrintStream.java,println
12acfc45-bdfb-4343-9004-9be15dfd844c,9ecf2ca5-2323-4406-9de5-89794fa027e7,2b80920b-7e59-4674-ba73-9492a66f1d8f,->,12acfc45-bdfb-4343-9004-9be15dfd844c,java/io/PrintStream.java,println
12acfc45-bdfb-4343-9004-9be15dfd844c,9ecf2ca5-2323-4406-9de5-89794fa027e7,2b80920b-7e59-4674-ba73-9492a66f1d8f,->,12acfc45-bdfb-4343-9004-9be15dfd844c,java/io/PrintStream.java,println
12acfc45-bdfb-4343-9004-9be15dfd844c,9ecf2ca5-2323-4406-9de5-89794fa027e7,2b80920b-7e59-4674-ba73-9492a66f1d8f,->,12acfc45-bdfb-4343-9004-9be15dfd844c,java/io/PrintStream.java,println
12acfc45-bdfb-4343-9004-9be15dfd844c,9ecf2ca5-2323-4406-9de5-89794fa027e7,2b80920b-7e59-4674-ba73-9492a66f1d8f,->,12acfc45-bdfb-4343-9004-9be15dfd844c,9ecf2ca5-2323-4406-9de5-89794fa027e7,f556e808-5acd-4115-a7b3-32068d7e8d4d
12acfc45-bdfb-4343-9004-9be15dfd844c,9ecf2ca5-2323-4406-9de5-89794fa027e7,2b80920b-7e59-4674-ba73-9492a66f1d8f,->,12acfc45-bdfb-4343-9004-9be15dfd844c,fe9326b3-98e0-47b7-96f9-0b4883764a0b,9d7a07d6-1bb9-429b-90e1-ca525440f94b
12acfc45-bdfb-4343-9004-9be15dfd844c,9ecf2ca5-2323-4406-9de5-89794fa027e7,2b80920b-7e59-4674-ba73-9492a66f1d8f,->,12acfc45-bdfb-4343-9004-9be15dfd844c,fe9326b3-98e0-47b7-96f9-0b4883764a0b,314cd114-9702-4966-8c49-ca424f326c69
12acfc45-bdfb-4343-9004-9be15dfd844c,9ecf2ca5-2323-4406-9de5-89794fa027e7,2b80920b-7e59-4674-ba73-9492a66f1d8f,->,12acfc45-bdfb-4343-9004-9be15dfd844c,0b15380c-c712-4b2a-bcc3-2365595e0842,561137ff-dd64-47ef-af32-d0beb9d5e9ad
12acfc45-bdfb-4343-9004-9be15dfd844c,9ecf2ca5-2323-4406-9de5-89794fa027e7,2b80920b-7e59-4674-ba73-9492a66f1d8f,->,12acfc45-bdfb-4343-9004-9be15dfd844c,0b15380c-c712-4b2a-bcc3-2365595e0842,52d10070-e571-4cb3-a7f0-a83ff5b1929a
12acfc45-bdfb-4343-9004-9be15dfd844c,9ecf2ca5-2323-4406-9de5-89794fa027e7,2b80920b-7e59-4674-ba73-9492a66f1d8f,->,12acfc45-bdfb-4343-9004-9be15dfd844c,4a406a7f-3b7c-4b8f-93a6-fd28c604a017,5b3e2ad2-435c-4d6e-aaab-a3cb40ea440a
12acfc45-bdfb-4343-9004-9be15dfd844c,9ecf2ca5-2323-4406-9de5-89794fa027e7,2b80920b-7e59-4674-ba73-9492a66f1d8f,->,12acfc45-bdfb-4343-9004-9be15dfd844c,4a406a7f-3b7c-4b8f-93a6-fd28c604a017,7a9161ce-f995-4654-8387-c35494588ca8
12acfc45-bdfb-4343-9004-9be15dfd844c,9ecf2ca5-2323-4406-9de5-89794fa027e7,2b80920b-7e59-4674-ba73-9492a66f1d8f,->,12acfc45-bdfb-4343-9004-9be15dfd844c,server/model/players/packets/PJClans.java,initialize
12acfc45-bdfb-4343-9004-9be15dfd844c,9ecf2ca5-2323-4406-9de5-89794fa027e7,2b80920b-7e59-4674-ba73-9492a66f1d8f,->,12acfc45-bdfb-4343-9004-9be15dfd844c,668e5208-a8db-424e-9ec6-92cd04ace8ad,42208214-ca9f-41d9-b047-2b8b7f223356
12acfc45-bdfb-4343-9004-9be15dfd844c,9ecf2ca5-2323-4406-9de5-89794fa027e7,2b80920b-7e59-4674-ba73-9492a66f1d8f,->,12acfc45-bdfb-4343-9004-9be15dfd844c,java/lang/System.java,currentTimeMillis
12acfc45-bdfb-4343-9004-9be15dfd844c,9ecf2ca5-2323-4406-9de5-89794fa027e7,2b80920b-7e59-4674-ba73-9492a66f1d8f,->,12acfc45-bdfb-4343-9004-9be15dfd844c,java/lang/StringBuilder.java,append
12acfc45-bdfb-4343-9004-9be15dfd844c,9ecf2ca5-2323-4406-9de5-89794fa027e7,2b80920b-7e59-4674-ba73-9492a66f1d8f,->,12acfc45-bdfb-4343-9004-9be15dfd844c,java/lang/StringBuilder.java,append
12acfc45-bdfb-4343-9004-9be15dfd844c,9ecf2ca5-2323-4406-9de5-89794fa027e7,2b80920b-7e59-4674-ba73-9492a66f1d8f,->,12acfc45-bdfb-4343-9004-9be15dfd844c,java/lang/StringBuilder.java,append
12acfc45-bdfb-4343-9004-9be15dfd844c,9ecf2ca5-2323-4406-9de5-89794fa027e7,2b80920b-7e59-4674-ba73-9492a66f1d8f,->,12acfc45-bdfb-4343-9004-9be15dfd844c,java/lang/StringBuilder.java,toString
12acfc45-bdfb-4343-9004-9be15dfd844c,9ecf2ca5-2323-4406-9de5-89794fa027e7,2b80920b-7e59-4674-ba73-9492a66f1d8f,->,12acfc45-bdfb-4343-9004-9be15dfd844c,java/io/PrintStream.java,println
12acfc45-bdfb-4343-9004-9be15dfd844c,9ecf2ca5-2323-4406-9de5-89794fa027e7,2b80920b-7e59-4674-ba73-9492a66f1d8f,->,12acfc45-bdfb-4343-9004-9be15dfd844c,java/lang/StringBuilder.java,append
12acfc45-bdfb-4343-9004-9be15dfd844c,9ecf2ca5-2323-4406-9de5-89794fa027e7,2b80920b-7e59-4674-ba73-9492a66f1d8f,->,12acfc45-bdfb-4343-9004-9be15dfd844c,java/lang/StringBuilder.java,append
12acfc45-bdfb-4343-9004-9be15dfd844c,9ecf2ca5-2323-4406-9de5-89794fa027e7,2b80920b-7e59-4674-ba73-9492a66f1d8f,->,12acfc45-bdfb-4343-9004-9be15dfd844c,java/lang/StringBuilder.java,toString
12acfc45-bdfb-4343-9004-9be15dfd844c,9ecf2ca5-2323-4406-9de5-89794fa027e7,2b80920b-7e59-4674-ba73-9492a66f1d8f,->,12acfc45-bdfb-4343-9004-9be15dfd844c,java/io/PrintStream.java,println
12acfc45-bdfb-4343-9004-9be15dfd844c,9ecf2ca5-2323-4406-9de5-89794fa027e7,2b80920b-7e59-4674-ba73-9492a66f1d8f,->,12acfc45-bdfb-4343-9004-9be15dfd844c,3965f707-1cd7-401e-a382-9bc2033eee36,d8a49e47-e480-422e-aaca-f57c16fb1bc7
12acfc45-bdfb-4343-9004-9be15dfd844c,9ecf2ca5-2323-4406-9de5-89794fa027e7,f556e808-5acd-4115-a7b3-32068d7e8d4d,->,12acfc45-bdfb-4343-9004-9be15dfd844c,java/util/concurrent/Executors.java,newCachedThreadPool
12acfc45-bdfb-4343-9004-9be15dfd844c,9ecf2ca5-2323-4406-9de5-89794fa027e7,f556e808-5acd-4115-a7b3-32068d7e8d4d,->,12acfc45-bdfb-4343-9004-9be15dfd844c,java/util/concurrent/Executors.java,newCachedThreadPool
12acfc45-bdfb-4343-9004-9be15dfd844c,9ecf2ca5-2323-4406-9de5-89794fa027e7,f556e808-5acd-4115-a7b3-32068d7e8d4d,->,12acfc45-bdfb-4343-9004-9be15dfd844c,org/jboss/netty/bootstrap/ServerBootstrap.java,setPipelineFactory
12acfc45-bdfb-4343-9004-9be15dfd844c,9ecf2ca5-2323-4406-9de5-89794fa027e7,f556e808-5acd-4115-a7b3-32068d7e8d4d,->,12acfc45-bdfb-4343-9004-9be15dfd844c,org/jboss/netty/bootstrap/ServerBootstrap.java,bind
12acfc45-bdfb-4343-9004-9be15dfd844c,server/Server.java,<clinit>,->,12acfc45-bdfb-4343-9004-9be15dfd844c,java/lang/System.java,currentTimeMillis
12acfc45-bdfb-4343-9004-9be15dfd844c,ee65cf7d-3a1d-496c-961e-e78d2d7c4caf,1bedee67-b1d3-4595-b81c-c754e1eb162b,->,12acfc45-bdfb-4343-9004-9be15dfd844c,ee65cf7d-3a1d-496c-961e-e78d2d7c4caf,fcbc96ae-7241-4aea-948b-38564c0051c3
12acfc45-bdfb-4343-9004-9be15dfd844c,ee65cf7d-3a1d-496c-961e-e78d2d7c4caf,1bedee67-b1d3-4595-b81c-c754e1eb162b,->,12acfc45-bdfb-4343-9004-9be15dfd844c,server/clip/region/MemoryArchive.java,get
12acfc45-bdfb-4343-9004-9be15dfd844c,ee65cf7d-3a1d-496c-961e-e78d2d7c4caf,1bedee67-b1d3-4595-b81c-c754e1eb162b,->,12acfc45-bdfb-4343-9004-9be15dfd844c,ee65cf7d-3a1d-496c-961e-e78d2d7c4caf,6fa0873f-0d81-41e0-b76f-cba92279f8e3
12acfc45-bdfb-4343-9004-9be15dfd844c,ee65cf7d-3a1d-496c-961e-e78d2d7c4caf,d097b495-f802-4f78-b4fa-b8bb3b2b2da8,->,12acfc45-bdfb-4343-9004-9be15dfd844c,ee65cf7d-3a1d-496c-961e-e78d2d7c4caf,dbdfd811-12cb-4b24-af42-5472de6dafad
12acfc45-bdfb-4343-9004-9be15dfd844c,ee65cf7d-3a1d-496c-961e-e78d2d7c4caf,d097b495-f802-4f78-b4fa-b8bb3b2b2da8,->,12acfc45-bdfb-4343-9004-9be15dfd844c,ee65cf7d-3a1d-496c-961e-e78d2d7c4caf,dbdfd811-12cb-4b24-af42-5472de6dafad
12acfc45-bdfb-4343-9004-9be15dfd844c,ee65cf7d-3a1d-496c-961e-e78d2d7c4caf,d097b495-f802-4f78-b4fa-b8bb3b2b2da8,->,12acfc45-bdfb-4343-9004-9be15dfd844c,java/io/PrintStream.java,println
12acfc45-bdfb-4343-9004-9be15dfd844c,ee65cf7d-3a1d-496c-961e-e78d2d7c4caf,dbdfd811-12cb-4b24-af42-5472de6dafad,->,12acfc45-bdfb-4343-9004-9be15dfd844c,java/lang/StringBuilder.java,append
12acfc45-bdfb-4343-9004-9be15dfd844c,ee65cf7d-3a1d-496c-961e-e78d2d7c4caf,dbdfd811-12cb-4b24-af42-5472de6dafad,->,12acfc45-bdfb-4343-9004-9be15dfd844c,java/lang/StringBuilder.java,append
12acfc45-bdfb-4343-9004-9be15dfd844c,ee65cf7d-3a1d-496c-961e-e78d2d7c4caf,dbdfd811-12cb-4b24-af42-5472de6dafad,->,12acfc45-bdfb-4343-9004-9be15dfd844c,java/lang/StringBuilder.java,toString
12acfc45-bdfb-4343-9004-9be15dfd844c,ee65cf7d-3a1d-496c-961e-e78d2d7c4caf,dbdfd811-12cb-4b24-af42-5472de6dafad,->,12acfc45-bdfb-4343-9004-9be15dfd844c,java/io/File.java,exists
12acfc45-bdfb-4343-9004-9be15dfd844c,ee65cf7d-3a1d-496c-961e-e78d2d7c4caf,dbdfd811-12cb-4b24-af42-5472de6dafad,->,12acfc45-bdfb-4343-9004-9be15dfd844c,java/io/File.java,length
12acfc45-bdfb-4343-9004-9be15dfd844c,ee65cf7d-3a1d-496c-961e-e78d2d7c4caf,dbdfd811-12cb-4b24-af42-5472de6dafad,->,12acfc45-bdfb-4343-9004-9be15dfd844c,java/io/DataInputStream.java,readFully
12acfc45-bdfb-4343-9004-9be15dfd844c,ee65cf7d-3a1d-496c-961e-e78d2d7c4caf,dbdfd811-12cb-4b24-af42-5472de6dafad,->,12acfc45-bdfb-4343-9004-9be15dfd844c,java/io/DataInputStream.java,close
12acfc45-bdfb-4343-9004-9be15dfd844c,ee65cf7d-3a1d-496c-961e-e78d2d7c4caf,6fa0873f-0d81-41e0-b76f-cba92279f8e3,->,12acfc45-bdfb-4343-9004-9be15dfd844c,bf033f53-969a-4436-ae68-f39534cbe3e4,65d848f7-c2ca-439b-b481-8725abf8125e
12acfc45-bdfb-4343-9004-9be15dfd844c,ee65cf7d-3a1d-496c-961e-e78d2d7c4caf,6fa0873f-0d81-41e0-b76f-cba92279f8e3,->,12acfc45-bdfb-4343-9004-9be15dfd844c,bf033f53-969a-4436-ae68-f39534cbe3e4,65d848f7-c2ca-439b-b481-8725abf8125e
12acfc45-bdfb-4343-9004-9be15dfd844c,ee65cf7d-3a1d-496c-961e-e78d2d7c4caf,6fa0873f-0d81-41e0-b76f-cba92279f8e3,->,12acfc45-bdfb-4343-9004-9be15dfd844c,bf033f53-969a-4436-ae68-f39534cbe3e4,805fd0c2-42aa-41f5-85b7-84097c087671
12acfc45-bdfb-4343-9004-9be15dfd844c,ee65cf7d-3a1d-496c-961e-e78d2d7c4caf,6fa0873f-0d81-41e0-b76f-cba92279f8e3,->,12acfc45-bdfb-4343-9004-9be15dfd844c,bf033f53-969a-4436-ae68-f39534cbe3e4,65d848f7-c2ca-439b-b481-8725abf8125e
12acfc45-bdfb-4343-9004-9be15dfd844c,ee65cf7d-3a1d-496c-961e-e78d2d7c4caf,6fa0873f-0d81-41e0-b76f-cba92279f8e3,->,12acfc45-bdfb-4343-9004-9be15dfd844c,bf033f53-969a-4436-ae68-f39534cbe3e4,ed040838-37f4-41eb-ae31-f5d9f88b038e
12acfc45-bdfb-4343-9004-9be15dfd844c,ee65cf7d-3a1d-496c-961e-e78d2d7c4caf,6fa0873f-0d81-41e0-b76f-cba92279f8e3,->,12acfc45-bdfb-4343-9004-9be15dfd844c,bf033f53-969a-4436-ae68-f39534cbe3e4,65d848f7-c2ca-439b-b481-8725abf8125e
12acfc45-bdfb-4343-9004-9be15dfd844c,ee65cf7d-3a1d-496c-961e-e78d2d7c4caf,6fa0873f-0d81-41e0-b76f-cba92279f8e3,->,12acfc45-bdfb-4343-9004-9be15dfd844c,bf033f53-969a-4436-ae68-f39534cbe3e4,805fd0c2-42aa-41f5-85b7-84097c087671
12acfc45-bdfb-4343-9004-9be15dfd844c,ee65cf7d-3a1d-496c-961e-e78d2d7c4caf,6fa0873f-0d81-41e0-b76f-cba92279f8e3,->,12acfc45-bdfb-4343-9004-9be15dfd844c,bf033f53-969a-4436-ae68-f39534cbe3e4,65d848f7-c2ca-439b-b481-8725abf8125e
12acfc45-bdfb-4343-9004-9be15dfd844c,ee65cf7d-3a1d-496c-961e-e78d2d7c4caf,6fa0873f-0d81-41e0-b76f-cba92279f8e3,->,12acfc45-bdfb-4343-9004-9be15dfd844c,bf033f53-969a-4436-ae68-f39534cbe3e4,65d848f7-c2ca-439b-b481-8725abf8125e
12acfc45-bdfb-4343-9004-9be15dfd844c,ee65cf7d-3a1d-496c-961e-e78d2d7c4caf,6fa0873f-0d81-41e0-b76f-cba92279f8e3,->,12acfc45-bdfb-4343-9004-9be15dfd844c,bf033f53-969a-4436-ae68-f39534cbe3e4,65d848f7-c2ca-439b-b481-8725abf8125e
12acfc45-bdfb-4343-9004-9be15dfd844c,ee65cf7d-3a1d-496c-961e-e78d2d7c4caf,6fa0873f-0d81-41e0-b76f-cba92279f8e3,->,12acfc45-bdfb-4343-9004-9be15dfd844c,bf033f53-969a-4436-ae68-f39534cbe3e4,805fd0c2-42aa-41f5-85b7-84097c087671
12acfc45-bdfb-4343-9004-9be15dfd844c,ee65cf7d-3a1d-496c-961e-e78d2d7c4caf,6fa0873f-0d81-41e0-b76f-cba92279f8e3,->,12acfc45-bdfb-4343-9004-9be15dfd844c,bf033f53-969a-4436-ae68-f39534cbe3e4,65d848f7-c2ca-439b-b481-8725abf8125e
12acfc45-bdfb-4343-9004-9be15dfd844c,ee65cf7d-3a1d-496c-961e-e78d2d7c4caf,6fa0873f-0d81-41e0-b76f-cba92279f8e3,->,12acfc45-bdfb-4343-9004-9be15dfd844c,bf033f53-969a-4436-ae68-f39534cbe3e4,683c5452-57e2-4166-98d2-bfb7b7fe8bc6
12acfc45-bdfb-4343-9004-9be15dfd844c,ee65cf7d-3a1d-496c-961e-e78d2d7c4caf,6fa0873f-0d81-41e0-b76f-cba92279f8e3,->,12acfc45-bdfb-4343-9004-9be15dfd844c,bf033f53-969a-4436-ae68-f39534cbe3e4,683c5452-57e2-4166-98d2-bfb7b7fe8bc6
12acfc45-bdfb-4343-9004-9be15dfd844c,ee65cf7d-3a1d-496c-961e-e78d2d7c4caf,6fa0873f-0d81-41e0-b76f-cba92279f8e3,->,12acfc45-bdfb-4343-9004-9be15dfd844c,bf033f53-969a-4436-ae68-f39534cbe3e4,ed040838-37f4-41eb-ae31-f5d9f88b038e
12acfc45-bdfb-4343-9004-9be15dfd844c,ee65cf7d-3a1d-496c-961e-e78d2d7c4caf,6fa0873f-0d81-41e0-b76f-cba92279f8e3,->,12acfc45-bdfb-4343-9004-9be15dfd844c,java/lang/String.java,equalsIgnoreCase
12acfc45-bdfb-4343-9004-9be15dfd844c,ee65cf7d-3a1d-496c-961e-e78d2d7c4caf,6fa0873f-0d81-41e0-b76f-cba92279f8e3,->,12acfc45-bdfb-4343-9004-9be15dfd844c,bf033f53-969a-4436-ae68-f39534cbe3e4,65d848f7-c2ca-439b-b481-8725abf8125e
12acfc45-bdfb-4343-9004-9be15dfd844c,ee65cf7d-3a1d-496c-961e-e78d2d7c4caf,6fa0873f-0d81-41e0-b76f-cba92279f8e3,->,12acfc45-bdfb-4343-9004-9be15dfd844c,bf033f53-969a-4436-ae68-f39534cbe3e4,805fd0c2-42aa-41f5-85b7-84097c087671
12acfc45-bdfb-4343-9004-9be15dfd844c,ee65cf7d-3a1d-496c-961e-e78d2d7c4caf,6fa0873f-0d81-41e0-b76f-cba92279f8e3,->,12acfc45-bdfb-4343-9004-9be15dfd844c,bf033f53-969a-4436-ae68-f39534cbe3e4,805fd0c2-42aa-41f5-85b7-84097c087671
12acfc45-bdfb-4343-9004-9be15dfd844c,ee65cf7d-3a1d-496c-961e-e78d2d7c4caf,6fa0873f-0d81-41e0-b76f-cba92279f8e3,->,12acfc45-bdfb-4343-9004-9be15dfd844c,bf033f53-969a-4436-ae68-f39534cbe3e4,65d848f7-c2ca-439b-b481-8725abf8125e
12acfc45-bdfb-4343-9004-9be15dfd844c,ee65cf7d-3a1d-496c-961e-e78d2d7c4caf,6fa0873f-0d81-41e0-b76f-cba92279f8e3,->,12acfc45-bdfb-4343-9004-9be15dfd844c,bf033f53-969a-4436-ae68-f39534cbe3e4,0760de26-8c2b-487f-8f43-0404a4cc90b9
12acfc45-bdfb-4343-9004-9be15dfd844c,ee65cf7d-3a1d-496c-961e-e78d2d7c4caf,6fa0873f-0d81-41e0-b76f-cba92279f8e3,->,12acfc45-bdfb-4343-9004-9be15dfd844c,bf033f53-969a-4436-ae68-f39534cbe3e4,65d848f7-c2ca-439b-b481-8725abf8125e
12acfc45-bdfb-4343-9004-9be15dfd844c,ee65cf7d-3a1d-496c-961e-e78d2d7c4caf,6fa0873f-0d81-41e0-b76f-cba92279f8e3,->,12acfc45-bdfb-4343-9004-9be15dfd844c,bf033f53-969a-4436-ae68-f39534cbe3e4,0760de26-8c2b-487f-8f43-0404a4cc90b9
12acfc45-bdfb-4343-9004-9be15dfd844c,ee65cf7d-3a1d-496c-961e-e78d2d7c4caf,6fa0873f-0d81-41e0-b76f-cba92279f8e3,->,12acfc45-bdfb-4343-9004-9be15dfd844c,bf033f53-969a-4436-ae68-f39534cbe3e4,805fd0c2-42aa-41f5-85b7-84097c087671
12acfc45-bdfb-4343-9004-9be15dfd844c,ee65cf7d-3a1d-496c-961e-e78d2d7c4caf,6fa0873f-0d81-41e0-b76f-cba92279f8e3,->,12acfc45-bdfb-4343-9004-9be15dfd844c,bf033f53-969a-4436-ae68-f39534cbe3e4,805fd0c2-42aa-41f5-85b7-84097c087671
12acfc45-bdfb-4343-9004-9be15dfd844c,ee65cf7d-3a1d-496c-961e-e78d2d7c4caf,6fa0873f-0d81-41e0-b76f-cba92279f8e3,->,12acfc45-bdfb-4343-9004-9be15dfd844c,bf033f53-969a-4436-ae68-f39534cbe3e4,805fd0c2-42aa-41f5-85b7-84097c087671
12acfc45-bdfb-4343-9004-9be15dfd844c,ee65cf7d-3a1d-496c-961e-e78d2d7c4caf,6fa0873f-0d81-41e0-b76f-cba92279f8e3,->,12acfc45-bdfb-4343-9004-9be15dfd844c,bf033f53-969a-4436-ae68-f39534cbe3e4,805fd0c2-42aa-41f5-85b7-84097c087671
12acfc45-bdfb-4343-9004-9be15dfd844c,ee65cf7d-3a1d-496c-961e-e78d2d7c4caf,6fa0873f-0d81-41e0-b76f-cba92279f8e3,->,12acfc45-bdfb-4343-9004-9be15dfd844c,bf033f53-969a-4436-ae68-f39534cbe3e4,805fd0c2-42aa-41f5-85b7-84097c087671
12acfc45-bdfb-4343-9004-9be15dfd844c,ee65cf7d-3a1d-496c-961e-e78d2d7c4caf,6fa0873f-0d81-41e0-b76f-cba92279f8e3,->,12acfc45-bdfb-4343-9004-9be15dfd844c,bf033f53-969a-4436-ae68-f39534cbe3e4,65d848f7-c2ca-439b-b481-8725abf8125e
12acfc45-bdfb-4343-9004-9be15dfd844c,ee65cf7d-3a1d-496c-961e-e78d2d7c4caf,6fa0873f-0d81-41e0-b76f-cba92279f8e3,->,12acfc45-bdfb-4343-9004-9be15dfd844c,bf033f53-969a-4436-ae68-f39534cbe3e4,a8f98a89-213d-4079-ac43-e6a79f589ed9
12acfc45-bdfb-4343-9004-9be15dfd844c,ee65cf7d-3a1d-496c-961e-e78d2d7c4caf,6fa0873f-0d81-41e0-b76f-cba92279f8e3,->,12acfc45-bdfb-4343-9004-9be15dfd844c,bf033f53-969a-4436-ae68-f39534cbe3e4,a8f98a89-213d-4079-ac43-e6a79f589ed9
12acfc45-bdfb-4343-9004-9be15dfd844c,ee65cf7d-3a1d-496c-961e-e78d2d7c4caf,6fa0873f-0d81-41e0-b76f-cba92279f8e3,->,12acfc45-bdfb-4343-9004-9be15dfd844c,bf033f53-969a-4436-ae68-f39534cbe3e4,a8f98a89-213d-4079-ac43-e6a79f589ed9
12acfc45-bdfb-4343-9004-9be15dfd844c,ee65cf7d-3a1d-496c-961e-e78d2d7c4caf,6fa0873f-0d81-41e0-b76f-cba92279f8e3,->,12acfc45-bdfb-4343-9004-9be15dfd844c,bf033f53-969a-4436-ae68-f39534cbe3e4,65d848f7-c2ca-439b-b481-8725abf8125e
12acfc45-bdfb-4343-9004-9be15dfd844c,ee65cf7d-3a1d-496c-961e-e78d2d7c4caf,6fa0873f-0d81-41e0-b76f-cba92279f8e3,->,12acfc45-bdfb-4343-9004-9be15dfd844c,bf033f53-969a-4436-ae68-f39534cbe3e4,805fd0c2-42aa-41f5-85b7-84097c087671
12acfc45-bdfb-4343-9004-9be15dfd844c,ee65cf7d-3a1d-496c-961e-e78d2d7c4caf,6fa0873f-0d81-41e0-b76f-cba92279f8e3,->,12acfc45-bdfb-4343-9004-9be15dfd844c,bf033f53-969a-4436-ae68-f39534cbe3e4,805fd0c2-42aa-41f5-85b7-84097c087671
12acfc45-bdfb-4343-9004-9be15dfd844c,ee65cf7d-3a1d-496c-961e-e78d2d7c4caf,6fa0873f-0d81-41e0-b76f-cba92279f8e3,->,12acfc45-bdfb-4343-9004-9be15dfd844c,bf033f53-969a-4436-ae68-f39534cbe3e4,805fd0c2-42aa-41f5-85b7-84097c087671
12acfc45-bdfb-4343-9004-9be15dfd844c,ee65cf7d-3a1d-496c-961e-e78d2d7c4caf,6fa0873f-0d81-41e0-b76f-cba92279f8e3,->,12acfc45-bdfb-4343-9004-9be15dfd844c,bf033f53-969a-4436-ae68-f39534cbe3e4,65d848f7-c2ca-439b-b481-8725abf8125e
12acfc45-bdfb-4343-9004-9be15dfd844c,ee65cf7d-3a1d-496c-961e-e78d2d7c4caf,6fa0873f-0d81-41e0-b76f-cba92279f8e3,->,12acfc45-bdfb-4343-9004-9be15dfd844c,bf033f53-969a-4436-ae68-f39534cbe3e4,805fd0c2-42aa-41f5-85b7-84097c087671
12acfc45-bdfb-4343-9004-9be15dfd844c,ee65cf7d-3a1d-496c-961e-e78d2d7c4caf,6fa0873f-0d81-41e0-b76f-cba92279f8e3,->,12acfc45-bdfb-4343-9004-9be15dfd844c,bf033f53-969a-4436-ae68-f39534cbe3e4,0760de26-8c2b-487f-8f43-0404a4cc90b9
12acfc45-bdfb-4343-9004-9be15dfd844c,ee65cf7d-3a1d-496c-961e-e78d2d7c4caf,6fa0873f-0d81-41e0-b76f-cba92279f8e3,->,12acfc45-bdfb-4343-9004-9be15dfd844c,bf033f53-969a-4436-ae68-f39534cbe3e4,0760de26-8c2b-487f-8f43-0404a4cc90b9
12acfc45-bdfb-4343-9004-9be15dfd844c,ee65cf7d-3a1d-496c-961e-e78d2d7c4caf,6fa0873f-0d81-41e0-b76f-cba92279f8e3,->,12acfc45-bdfb-4343-9004-9be15dfd844c,bf033f53-969a-4436-ae68-f39534cbe3e4,65d848f7-c2ca-439b-b481-8725abf8125e
12acfc45-bdfb-4343-9004-9be15dfd844c,ee65cf7d-3a1d-496c-961e-e78d2d7c4caf,6fa0873f-0d81-41e0-b76f-cba92279f8e3,->,12acfc45-bdfb-4343-9004-9be15dfd844c,bf033f53-969a-4436-ae68-f39534cbe3e4,0760de26-8c2b-487f-8f43-0404a4cc90b9
12acfc45-bdfb-4343-9004-9be15dfd844c,ee65cf7d-3a1d-496c-961e-e78d2d7c4caf,6fa0873f-0d81-41e0-b76f-cba92279f8e3,->,12acfc45-bdfb-4343-9004-9be15dfd844c,bf033f53-969a-4436-ae68-f39534cbe3e4,0760de26-8c2b-487f-8f43-0404a4cc90b9
12acfc45-bdfb-4343-9004-9be15dfd844c,ee65cf7d-3a1d-496c-961e-e78d2d7c4caf,6fa0873f-0d81-41e0-b76f-cba92279f8e3,->,12acfc45-bdfb-4343-9004-9be15dfd844c,bf033f53-969a-4436-ae68-f39534cbe3e4,0760de26-8c2b-487f-8f43-0404a4cc90b9
12acfc45-bdfb-4343-9004-9be15dfd844c,ee65cf7d-3a1d-496c-961e-e78d2d7c4caf,6fa0873f-0d81-41e0-b76f-cba92279f8e3,->,12acfc45-bdfb-4343-9004-9be15dfd844c,bf033f53-969a-4436-ae68-f39534cbe3e4,65d848f7-c2ca-439b-b481-8725abf8125e
12acfc45-bdfb-4343-9004-9be15dfd844c,ee65cf7d-3a1d-496c-961e-e78d2d7c4caf,6fa0873f-0d81-41e0-b76f-cba92279f8e3,->,12acfc45-bdfb-4343-9004-9be15dfd844c,bf033f53-969a-4436-ae68-f39534cbe3e4,65d848f7-c2ca-439b-b481-8725abf8125e
12acfc45-bdfb-4343-9004-9be15dfd844c,ee65cf7d-3a1d-496c-961e-e78d2d7c4caf,6fa0873f-0d81-41e0-b76f-cba92279f8e3,->,12acfc45-bdfb-4343-9004-9be15dfd844c,bf033f53-969a-4436-ae68-f39534cbe3e4,0760de26-8c2b-487f-8f43-0404a4cc90b9
12acfc45-bdfb-4343-9004-9be15dfd844c,ee65cf7d-3a1d-496c-961e-e78d2d7c4caf,6fa0873f-0d81-41e0-b76f-cba92279f8e3,->,12acfc45-bdfb-4343-9004-9be15dfd844c,bf033f53-969a-4436-ae68-f39534cbe3e4,ed040838-37f4-41eb-ae31-f5d9f88b038e
12acfc45-bdfb-4343-9004-9be15dfd844c,ee65cf7d-3a1d-496c-961e-e78d2d7c4caf,6fa0873f-0d81-41e0-b76f-cba92279f8e3,->,12acfc45-bdfb-4343-9004-9be15dfd844c,bf033f53-969a-4436-ae68-f39534cbe3e4,0760de26-8c2b-487f-8f43-0404a4cc90b9
12acfc45-bdfb-4343-9004-9be15dfd844c,ee65cf7d-3a1d-496c-961e-e78d2d7c4caf,6fa0873f-0d81-41e0-b76f-cba92279f8e3,->,12acfc45-bdfb-4343-9004-9be15dfd844c,java/lang/StringBuilder.java,append
12acfc45-bdfb-4343-9004-9be15dfd844c,ee65cf7d-3a1d-496c-961e-e78d2d7c4caf,6fa0873f-0d81-41e0-b76f-cba92279f8e3,->,12acfc45-bdfb-4343-9004-9be15dfd844c,java/lang/StringBuilder.java,append
12acfc45-bdfb-4343-9004-9be15dfd844c,ee65cf7d-3a1d-496c-961e-e78d2d7c4caf,6fa0873f-0d81-41e0-b76f-cba92279f8e3,->,12acfc45-bdfb-4343-9004-9be15dfd844c,java/lang/StringBuilder.java,toString
12acfc45-bdfb-4343-9004-9be15dfd844c,ee65cf7d-3a1d-496c-961e-e78d2d7c4caf,6fa0873f-0d81-41e0-b76f-cba92279f8e3,->,12acfc45-bdfb-4343-9004-9be15dfd844c,java/io/PrintStream.java,println
12acfc45-bdfb-4343-9004-9be15dfd844c,ee65cf7d-3a1d-496c-961e-e78d2d7c4caf,492e00bc-8ca4-4ccc-be38-859d5d13d2e6,->,12acfc45-bdfb-4343-9004-9be15dfd844c,java/lang/String.java,length
12acfc45-bdfb-4343-9004-9be15dfd844c,server/clip/region/MemoryArchive.java,get,->,12acfc45-bdfb-4343-9004-9be15dfd844c,be771f08-9ca4-487d-9dc8-ed7e474e9362,4e1419bf-775b-48a6-947a-a48ba6f1e344
12acfc45-bdfb-4343-9004-9be15dfd844c,server/clip/region/MemoryArchive.java,get,->,12acfc45-bdfb-4343-9004-9be15dfd844c,be771f08-9ca4-487d-9dc8-ed7e474e9362,"a4c0b4f4-7adc-4e4f-a221-305ce00db7e2,4fd23609-f34d-4fd5-8084-cd943829d770"
12acfc45-bdfb-4343-9004-9be15dfd844c,server/clip/region/MemoryArchive.java,get,->,12acfc45-bdfb-4343-9004-9be15dfd844c,be771f08-9ca4-487d-9dc8-ed7e474e9362,88724469-94b0-45b5-aa6a-9fd6ccd41126
12acfc45-bdfb-4343-9004-9be15dfd844c,server/clip/region/MemoryArchive.java,get,->,12acfc45-bdfb-4343-9004-9be15dfd844c,be771f08-9ca4-487d-9dc8-ed7e474e9362,11ba97fc-22a4-4b6a-87f1-b0bbfb77d12b
12acfc45-bdfb-4343-9004-9be15dfd844c,server/clip/region/MemoryArchive.java,get,->,12acfc45-bdfb-4343-9004-9be15dfd844c,be771f08-9ca4-487d-9dc8-ed7e474e9362,"a4c0b4f4-7adc-4e4f-a221-305ce00db7e2,4fd23609-f34d-4fd5-8084-cd943829d770"
12acfc45-bdfb-4343-9004-9be15dfd844c,server/clip/region/MemoryArchive.java,get,->,12acfc45-bdfb-4343-9004-9be15dfd844c,be771f08-9ca4-487d-9dc8-ed7e474e9362,7dd9538a-302c-40f8-9597-1ed2ec1411f7
12acfc45-bdfb-4343-9004-9be15dfd844c,server/clip/region/MemoryArchive.java,get,->,12acfc45-bdfb-4343-9004-9be15dfd844c,java/lang/Exception.java,printStackTrace
12acfc45-bdfb-4343-9004-9be15dfd844c,server/clip/region/MemoryArchive.java,contentSize,->,12acfc45-bdfb-4343-9004-9be15dfd844c,be771f08-9ca4-487d-9dc8-ed7e474e9362,4e1419bf-775b-48a6-947a-a48ba6f1e344
12acfc45-bdfb-4343-9004-9be15dfd844c,18a80c76-b29b-47f4-863d-0c3ad47f1fed,b7bf0b9c-ff77-4a2b-bf48-871ec893bf09,->,12acfc45-bdfb-4343-9004-9be15dfd844c,17f46bba-a2e0-4476-b0d2-93ed7a181ff6,de10bc62-3fdb-40bd-91c9-579a770b8d2d
12acfc45-bdfb-4343-9004-9be15dfd844c,bf033f53-969a-4436-ae68-f39534cbe3e4,9438999b-bbb5-466f-805e-9570f5d6cd71,->,12acfc45-bdfb-4343-9004-9be15dfd844c,bf033f53-969a-4436-ae68-f39534cbe3e4,12a877f1-abe6-4c28-839e-066edacb030c
12acfc45-bdfb-4343-9004-9be15dfd844c,bf033f53-969a-4436-ae68-f39534cbe3e4,9438999b-bbb5-466f-805e-9570f5d6cd71,->,12acfc45-bdfb-4343-9004-9be15dfd844c,bf033f53-969a-4436-ae68-f39534cbe3e4,12a877f1-abe6-4c28-839e-066edacb030c
12acfc45-bdfb-4343-9004-9be15dfd844c,bf033f53-969a-4436-ae68-f39534cbe3e4,bfe1322c-2b51-4e2d-84ab-fe5141bb5620,->,12acfc45-bdfb-4343-9004-9be15dfd844c,java/lang/System.java,arraycopy
12acfc45-bdfb-4343-9004-9be15dfd844c,be771f08-9ca4-487d-9dc8-ed7e474e9362,3575e100-ad3b-4e5a-94e2-e3dd2aef3176,->,12acfc45-bdfb-4343-9004-9be15dfd844c,be771f08-9ca4-487d-9dc8-ed7e474e9362,07e2ed64-8bdb-4eca-9c52-4dfa23038bf7
12acfc45-bdfb-4343-9004-9be15dfd844c,be771f08-9ca4-487d-9dc8-ed7e474e9362,3575e100-ad3b-4e5a-94e2-e3dd2aef3176,->,12acfc45-bdfb-4343-9004-9be15dfd844c,be771f08-9ca4-487d-9dc8-ed7e474e9362,07e2ed64-8bdb-4eca-9c52-4dfa23038bf7
12acfc45-bdfb-4343-9004-9be15dfd844c,be771f08-9ca4-487d-9dc8-ed7e474e9362,9593219a-1ed0-4428-b9d9-f07182f6428e,->,12acfc45-bdfb-4343-9004-9be15dfd844c,be771f08-9ca4-487d-9dc8-ed7e474e9362,1b92902d-7131-4091-bfbd-4abf95a5daa4
12acfc45-bdfb-4343-9004-9be15dfd844c,be771f08-9ca4-487d-9dc8-ed7e474e9362,9593219a-1ed0-4428-b9d9-f07182f6428e,->,12acfc45-bdfb-4343-9004-9be15dfd844c,be771f08-9ca4-487d-9dc8-ed7e474e9362,1b92902d-7131-4091-bfbd-4abf95a5daa4
12acfc45-bdfb-4343-9004-9be15dfd844c,be771f08-9ca4-487d-9dc8-ed7e474e9362,11ba97fc-22a4-4b6a-87f1-b0bbfb77d12b,->,12acfc45-bdfb-4343-9004-9be15dfd844c,be771f08-9ca4-487d-9dc8-ed7e474e9362,1b92902d-7131-4091-bfbd-4abf95a5daa4
12acfc45-bdfb-4343-9004-9be15dfd844c,be771f08-9ca4-487d-9dc8-ed7e474e9362,11ba97fc-22a4-4b6a-87f1-b0bbfb77d12b,->,12acfc45-bdfb-4343-9004-9be15dfd844c,be771f08-9ca4-487d-9dc8-ed7e474e9362,1b92902d-7131-4091-bfbd-4abf95a5daa4
12acfc45-bdfb-4343-9004-9be15dfd844c,be771f08-9ca4-487d-9dc8-ed7e474e9362,11ba97fc-22a4-4b6a-87f1-b0bbfb77d12b,->,12acfc45-bdfb-4343-9004-9be15dfd844c,be771f08-9ca4-487d-9dc8-ed7e474e9362,1b92902d-7131-4091-bfbd-4abf95a5daa4
12acfc45-bdfb-4343-9004-9be15dfd844c,be771f08-9ca4-487d-9dc8-ed7e474e9362,11ba97fc-22a4-4b6a-87f1-b0bbfb77d12b,->,12acfc45-bdfb-4343-9004-9be15dfd844c,be771f08-9ca4-487d-9dc8-ed7e474e9362,1b92902d-7131-4091-bfbd-4abf95a5daa4
12acfc45-bdfb-4343-9004-9be15dfd844c,be771f08-9ca4-487d-9dc8-ed7e474e9362,88724469-94b0-45b5-aa6a-9fd6ccd41126,->,12acfc45-bdfb-4343-9004-9be15dfd844c,be771f08-9ca4-487d-9dc8-ed7e474e9362,1b92902d-7131-4091-bfbd-4abf95a5daa4
12acfc45-bdfb-4343-9004-9be15dfd844c,be771f08-9ca4-487d-9dc8-ed7e474e9362,88724469-94b0-45b5-aa6a-9fd6ccd41126,->,12acfc45-bdfb-4343-9004-9be15dfd844c,be771f08-9ca4-487d-9dc8-ed7e474e9362,1b92902d-7131-4091-bfbd-4abf95a5daa4
12acfc45-bdfb-4343-9004-9be15dfd844c,be771f08-9ca4-487d-9dc8-ed7e474e9362,88724469-94b0-45b5-aa6a-9fd6ccd41126,->,12acfc45-bdfb-4343-9004-9be15dfd844c,be771f08-9ca4-487d-9dc8-ed7e474e9362,1b92902d-7131-4091-bfbd-4abf95a5daa4
12acfc45-bdfb-4343-9004-9be15dfd844c,be771f08-9ca4-487d-9dc8-ed7e474e9362,88724469-94b0-45b5-aa6a-9fd6ccd41126,->,12acfc45-bdfb-4343-9004-9be15dfd844c,be771f08-9ca4-487d-9dc8-ed7e474e9362,1b92902d-7131-4091-bfbd-4abf95a5daa4
12acfc45-bdfb-4343-9004-9be15dfd844c,be771f08-9ca4-487d-9dc8-ed7e474e9362,88724469-94b0-45b5-aa6a-9fd6ccd41126,->,12acfc45-bdfb-4343-9004-9be15dfd844c,be771f08-9ca4-487d-9dc8-ed7e474e9362,1b92902d-7131-4091-bfbd-4abf95a5daa4
12acfc45-bdfb-4343-9004-9be15dfd844c,be771f08-9ca4-487d-9dc8-ed7e474e9362,88724469-94b0-45b5-aa6a-9fd6ccd41126,->,12acfc45-bdfb-4343-9004-9be15dfd844c,be771f08-9ca4-487d-9dc8-ed7e474e9362,1b92902d-7131-4091-bfbd-4abf95a5daa4
12acfc45-bdfb-4343-9004-9be15dfd844c,be771f08-9ca4-487d-9dc8-ed7e474e9362,88724469-94b0-45b5-aa6a-9fd6ccd41126,->,12acfc45-bdfb-4343-9004-9be15dfd844c,be771f08-9ca4-487d-9dc8-ed7e474e9362,1b92902d-7131-4091-bfbd-4abf95a5daa4
12acfc45-bdfb-4343-9004-9be15dfd844c,be771f08-9ca4-487d-9dc8-ed7e474e9362,88724469-94b0-45b5-aa6a-9fd6ccd41126,->,12acfc45-bdfb-4343-9004-9be15dfd844c,be771f08-9ca4-487d-9dc8-ed7e474e9362,1b92902d-7131-4091-bfbd-4abf95a5daa4
12acfc45-bdfb-4343-9004-9be15dfd844c,be771f08-9ca4-487d-9dc8-ed7e474e9362,876223d3-242b-4545-9b9b-1fea5f36d533,->,12acfc45-bdfb-4343-9004-9be15dfd844c,be771f08-9ca4-487d-9dc8-ed7e474e9362,1b92902d-7131-4091-bfbd-4abf95a5daa4
12acfc45-bdfb-4343-9004-9be15dfd844c,be771f08-9ca4-487d-9dc8-ed7e474e9362,876223d3-242b-4545-9b9b-1fea5f36d533,->,12acfc45-bdfb-4343-9004-9be15dfd844c,be771f08-9ca4-487d-9dc8-ed7e474e9362,9593219a-1ed0-4428-b9d9-f07182f6428e
12acfc45-bdfb-4343-9004-9be15dfd844c,be771f08-9ca4-487d-9dc8-ed7e474e9362,904c4f6c-a28d-49e0-8cf4-024e2f4e40eb,->,12acfc45-bdfb-4343-9004-9be15dfd844c,java/lang/System.java,arraycopy
12acfc45-bdfb-4343-9004-9be15dfd844c,17f46bba-a2e0-4476-b0d2-93ed7a181ff6,e5b21513-db5f-4907-b85b-f6143fb2fd58,->,12acfc45-bdfb-4343-9004-9be15dfd844c,17f46bba-a2e0-4476-b0d2-93ed7a181ff6,d3c30432-c14c-4d32-b3fa-4a91e8ae111a
12acfc45-bdfb-4343-9004-9be15dfd844c,17f46bba-a2e0-4476-b0d2-93ed7a181ff6,af76bf50-20e8-4f99-b83e-40e2c70cf715,->,12acfc45-bdfb-4343-9004-9be15dfd844c,17f46bba-a2e0-4476-b0d2-93ed7a181ff6,d3c30432-c14c-4d32-b3fa-4a91e8ae111a
12acfc45-bdfb-4343-9004-9be15dfd844c,17f46bba-a2e0-4476-b0d2-93ed7a181ff6,d772662f-420a-4f25-8cbf-71df246d93e8,->,12acfc45-bdfb-4343-9004-9be15dfd844c,17f46bba-a2e0-4476-b0d2-93ed7a181ff6,d3c30432-c14c-4d32-b3fa-4a91e8ae111a
12acfc45-bdfb-4343-9004-9be15dfd844c,17f46bba-a2e0-4476-b0d2-93ed7a181ff6,90c2eb14-3a93-4d6d-bdf6-cd4c6aec47ca,->,12acfc45-bdfb-4343-9004-9be15dfd844c,17f46bba-a2e0-4476-b0d2-93ed7a181ff6,d3c30432-c14c-4d32-b3fa-4a91e8ae111a
12acfc45-bdfb-4343-9004-9be15dfd844c,17f46bba-a2e0-4476-b0d2-93ed7a181ff6,2227ef69-3c3c-4f89-9b75-27f750ab4254,->,12acfc45-bdfb-4343-9004-9be15dfd844c,17f46bba-a2e0-4476-b0d2-93ed7a181ff6,d3c30432-c14c-4d32-b3fa-4a91e8ae111a
12acfc45-bdfb-4343-9004-9be15dfd844c,17f46bba-a2e0-4476-b0d2-93ed7a181ff6,295fe3aa-444b-4b7c-8c3d-220581967102,->,12acfc45-bdfb-4343-9004-9be15dfd844c,17f46bba-a2e0-4476-b0d2-93ed7a181ff6,d3c30432-c14c-4d32-b3fa-4a91e8ae111a
12acfc45-bdfb-4343-9004-9be15dfd844c,17f46bba-a2e0-4476-b0d2-93ed7a181ff6,29c6df45-d368-4c7d-b8ae-035d4dd6715a,->,12acfc45-bdfb-4343-9004-9be15dfd844c,17f46bba-a2e0-4476-b0d2-93ed7a181ff6,d3c30432-c14c-4d32-b3fa-4a91e8ae111a
12acfc45-bdfb-4343-9004-9be15dfd844c,17f46bba-a2e0-4476-b0d2-93ed7a181ff6,b88c62bf-570b-4f24-86d0-8e5813a39ffd,->,12acfc45-bdfb-4343-9004-9be15dfd844c,17f46bba-a2e0-4476-b0d2-93ed7a181ff6,d3c30432-c14c-4d32-b3fa-4a91e8ae111a
12acfc45-bdfb-4343-9004-9be15dfd844c,17f46bba-a2e0-4476-b0d2-93ed7a181ff6,1c0d4b26-2379-4b73-b405-b45184e8de16,->,12acfc45-bdfb-4343-9004-9be15dfd844c,17f46bba-a2e0-4476-b0d2-93ed7a181ff6,35740e21-7ce0-487b-ac20-fd619e7b7b91
12acfc45-bdfb-4343-9004-9be15dfd844c,17f46bba-a2e0-4476-b0d2-93ed7a181ff6,1c0d4b26-2379-4b73-b405-b45184e8de16,->,12acfc45-bdfb-4343-9004-9be15dfd844c,17f46bba-a2e0-4476-b0d2-93ed7a181ff6,73ea6337-1a03-419f-8f40-70abda6b0b59
12acfc45-bdfb-4343-9004-9be15dfd844c,17f46bba-a2e0-4476-b0d2-93ed7a181ff6,9a3323e2-9839-4398-a878-e4026e096aea,->,12acfc45-bdfb-4343-9004-9be15dfd844c,17f46bba-a2e0-4476-b0d2-93ed7a181ff6,35740e21-7ce0-487b-ac20-fd619e7b7b91
12acfc45-bdfb-4343-9004-9be15dfd844c,17f46bba-a2e0-4476-b0d2-93ed7a181ff6,9a3323e2-9839-4398-a878-e4026e096aea,->,12acfc45-bdfb-4343-9004-9be15dfd844c,17f46bba-a2e0-4476-b0d2-93ed7a181ff6,84222749-c1f8-4ca8-aec8-280b4ea11ded
12acfc45-bdfb-4343-9004-9be15dfd844c,17f46bba-a2e0-4476-b0d2-93ed7a181ff6,f10e0a3f-65da-48c5-902d-c317448cacde,->,12acfc45-bdfb-4343-9004-9be15dfd844c,17f46bba-a2e0-4476-b0d2-93ed7a181ff6,1c0d4b26-2379-4b73-b405-b45184e8de16
12acfc45-bdfb-4343-9004-9be15dfd844c,17f46bba-a2e0-4476-b0d2-93ed7a181ff6,f10e0a3f-65da-48c5-902d-c317448cacde,->,12acfc45-bdfb-4343-9004-9be15dfd844c,17f46bba-a2e0-4476-b0d2-93ed7a181ff6,1c0d4b26-2379-4b73-b405-b45184e8de16
12acfc45-bdfb-4343-9004-9be15dfd844c,17f46bba-a2e0-4476-b0d2-93ed7a181ff6,f10e0a3f-65da-48c5-902d-c317448cacde,->,12acfc45-bdfb-4343-9004-9be15dfd844c,17f46bba-a2e0-4476-b0d2-93ed7a181ff6,1c0d4b26-2379-4b73-b405-b45184e8de16
12acfc45-bdfb-4343-9004-9be15dfd844c,17f46bba-a2e0-4476-b0d2-93ed7a181ff6,f10e0a3f-65da-48c5-902d-c317448cacde,->,12acfc45-bdfb-4343-9004-9be15dfd844c,17f46bba-a2e0-4476-b0d2-93ed7a181ff6,1c0d4b26-2379-4b73-b405-b45184e8de16
12acfc45-bdfb-4343-9004-9be15dfd844c,17f46bba-a2e0-4476-b0d2-93ed7a181ff6,f10e0a3f-65da-48c5-902d-c317448cacde,->,12acfc45-bdfb-4343-9004-9be15dfd844c,17f46bba-a2e0-4476-b0d2-93ed7a181ff6,1c0d4b26-2379-4b73-b405-b45184e8de16
12acfc45-bdfb-4343-9004-9be15dfd844c,17f46bba-a2e0-4476-b0d2-93ed7a181ff6,f10e0a3f-65da-48c5-902d-c317448cacde,->,12acfc45-bdfb-4343-9004-9be15dfd844c,17f46bba-a2e0-4476-b0d2-93ed7a181ff6,1c0d4b26-2379-4b73-b405-b45184e8de16
12acfc45-bdfb-4343-9004-9be15dfd844c,17f46bba-a2e0-4476-b0d2-93ed7a181ff6,f10e0a3f-65da-48c5-902d-c317448cacde,->,12acfc45-bdfb-4343-9004-9be15dfd844c,17f46bba-a2e0-4476-b0d2-93ed7a181ff6,1c0d4b26-2379-4b73-b405-b45184e8de16
12acfc45-bdfb-4343-9004-9be15dfd844c,17f46bba-a2e0-4476-b0d2-93ed7a181ff6,f10e0a3f-65da-48c5-902d-c317448cacde,->,12acfc45-bdfb-4343-9004-9be15dfd844c,17f46bba-a2e0-4476-b0d2-93ed7a181ff6,1c0d4b26-2379-4b73-b405-b45184e8de16
12acfc45-bdfb-4343-9004-9be15dfd844c,17f46bba-a2e0-4476-b0d2-93ed7a181ff6,f10e0a3f-65da-48c5-902d-c317448cacde,->,12acfc45-bdfb-4343-9004-9be15dfd844c,17f46bba-a2e0-4476-b0d2-93ed7a181ff6,1c0d4b26-2379-4b73-b405-b45184e8de16
12acfc45-bdfb-4343-9004-9be15dfd844c,17f46bba-a2e0-4476-b0d2-93ed7a181ff6,f10e0a3f-65da-48c5-902d-c317448cacde,->,12acfc45-bdfb-4343-9004-9be15dfd844c,17f46bba-a2e0-4476-b0d2-93ed7a181ff6,1c0d4b26-2379-4b73-b405-b45184e8de16
12acfc45-bdfb-4343-9004-9be15dfd844c,17f46bba-a2e0-4476-b0d2-93ed7a181ff6,f10e0a3f-65da-48c5-902d-c317448cacde,->,12acfc45-bdfb-4343-9004-9be15dfd844c,17f46bba-a2e0-4476-b0d2-93ed7a181ff6,1c0d4b26-2379-4b73-b405-b45184e8de16
12acfc45-bdfb-4343-9004-9be15dfd844c,17f46bba-a2e0-4476-b0d2-93ed7a181ff6,f10e0a3f-65da-48c5-902d-c317448cacde,->,12acfc45-bdfb-4343-9004-9be15dfd844c,17f46bba-a2e0-4476-b0d2-93ed7a181ff6,1c0d4b26-2379-4b73-b405-b45184e8de16
12acfc45-bdfb-4343-9004-9be15dfd844c,17f46bba-a2e0-4476-b0d2-93ed7a181ff6,f10e0a3f-65da-48c5-902d-c317448cacde,->,12acfc45-bdfb-4343-9004-9be15dfd844c,17f46bba-a2e0-4476-b0d2-93ed7a181ff6,1c0d4b26-2379-4b73-b405-b45184e8de16
12acfc45-bdfb-4343-9004-9be15dfd844c,17f46bba-a2e0-4476-b0d2-93ed7a181ff6,f10e0a3f-65da-48c5-902d-c317448cacde,->,12acfc45-bdfb-4343-9004-9be15dfd844c,17f46bba-a2e0-4476-b0d2-93ed7a181ff6,1c0d4b26-2379-4b73-b405-b45184e8de16
12acfc45-bdfb-4343-9004-9be15dfd844c,17f46bba-a2e0-4476-b0d2-93ed7a181ff6,f10e0a3f-65da-48c5-902d-c317448cacde,->,12acfc45-bdfb-4343-9004-9be15dfd844c,17f46bba-a2e0-4476-b0d2-93ed7a181ff6,1c0d4b26-2379-4b73-b405-b45184e8de16
12acfc45-bdfb-4343-9004-9be15dfd844c,17f46bba-a2e0-4476-b0d2-93ed7a181ff6,f10e0a3f-65da-48c5-902d-c317448cacde,->,12acfc45-bdfb-4343-9004-9be15dfd844c,17f46bba-a2e0-4476-b0d2-93ed7a181ff6,1c0d4b26-2379-4b73-b405-b45184e8de16
12acfc45-bdfb-4343-9004-9be15dfd844c,17f46bba-a2e0-4476-b0d2-93ed7a181ff6,f10e0a3f-65da-48c5-902d-c317448cacde,->,12acfc45-bdfb-4343-9004-9be15dfd844c,17f46bba-a2e0-4476-b0d2-93ed7a181ff6,1c0d4b26-2379-4b73-b405-b45184e8de16
12acfc45-bdfb-4343-9004-9be15dfd844c,17f46bba-a2e0-4476-b0d2-93ed7a181ff6,f10e0a3f-65da-48c5-902d-c317448cacde,->,12acfc45-bdfb-4343-9004-9be15dfd844c,17f46bba-a2e0-4476-b0d2-93ed7a181ff6,1c0d4b26-2379-4b73-b405-b45184e8de16
12acfc45-bdfb-4343-9004-9be15dfd844c,17f46bba-a2e0-4476-b0d2-93ed7a181ff6,f10e0a3f-65da-48c5-902d-c317448cacde,->,12acfc45-bdfb-4343-9004-9be15dfd844c,17f46bba-a2e0-4476-b0d2-93ed7a181ff6,1c0d4b26-2379-4b73-b405-b45184e8de16
12acfc45-bdfb-4343-9004-9be15dfd844c,17f46bba-a2e0-4476-b0d2-93ed7a181ff6,f10e0a3f-65da-48c5-902d-c317448cacde,->,12acfc45-bdfb-4343-9004-9be15dfd844c,17f46bba-a2e0-4476-b0d2-93ed7a181ff6,1c0d4b26-2379-4b73-b405-b45184e8de16
12acfc45-bdfb-4343-9004-9be15dfd844c,17f46bba-a2e0-4476-b0d2-93ed7a181ff6,f10e0a3f-65da-48c5-902d-c317448cacde,->,12acfc45-bdfb-4343-9004-9be15dfd844c,17f46bba-a2e0-4476-b0d2-93ed7a181ff6,1c0d4b26-2379-4b73-b405-b45184e8de16
12acfc45-bdfb-4343-9004-9be15dfd844c,17f46bba-a2e0-4476-b0d2-93ed7a181ff6,f10e0a3f-65da-48c5-902d-c317448cacde,->,12acfc45-bdfb-4343-9004-9be15dfd844c,17f46bba-a2e0-4476-b0d2-93ed7a181ff6,1c0d4b26-2379-4b73-b405-b45184e8de16
12acfc45-bdfb-4343-9004-9be15dfd844c,17f46bba-a2e0-4476-b0d2-93ed7a181ff6,f10e0a3f-65da-48c5-902d-c317448cacde,->,12acfc45-bdfb-4343-9004-9be15dfd844c,17f46bba-a2e0-4476-b0d2-93ed7a181ff6,1c0d4b26-2379-4b73-b405-b45184e8de16
12acfc45-bdfb-4343-9004-9be15dfd844c,17f46bba-a2e0-4476-b0d2-93ed7a181ff6,f10e0a3f-65da-48c5-902d-c317448cacde,->,12acfc45-bdfb-4343-9004-9be15dfd844c,17f46bba-a2e0-4476-b0d2-93ed7a181ff6,1c0d4b26-2379-4b73-b405-b45184e8de16
12acfc45-bdfb-4343-9004-9be15dfd844c,17f46bba-a2e0-4476-b0d2-93ed7a181ff6,f10e0a3f-65da-48c5-902d-c317448cacde,->,12acfc45-bdfb-4343-9004-9be15dfd844c,17f46bba-a2e0-4476-b0d2-93ed7a181ff6,1c0d4b26-2379-4b73-b405-b45184e8de16
12acfc45-bdfb-4343-9004-9be15dfd844c,17f46bba-a2e0-4476-b0d2-93ed7a181ff6,f10e0a3f-65da-48c5-902d-c317448cacde,->,12acfc45-bdfb-4343-9004-9be15dfd844c,17f46bba-a2e0-4476-b0d2-93ed7a181ff6,1c0d4b26-2379-4b73-b405-b45184e8de16
12acfc45-bdfb-4343-9004-9be15dfd844c,17f46bba-a2e0-4476-b0d2-93ed7a181ff6,f10e0a3f-65da-48c5-902d-c317448cacde,->,12acfc45-bdfb-4343-9004-9be15dfd844c,17f46bba-a2e0-4476-b0d2-93ed7a181ff6,1c0d4b26-2379-4b73-b405-b45184e8de16
12acfc45-bdfb-4343-9004-9be15dfd844c,17f46bba-a2e0-4476-b0d2-93ed7a181ff6,f10e0a3f-65da-48c5-902d-c317448cacde,->,12acfc45-bdfb-4343-9004-9be15dfd844c,17f46bba-a2e0-4476-b0d2-93ed7a181ff6,1c0d4b26-2379-4b73-b405-b45184e8de16
12acfc45-bdfb-4343-9004-9be15dfd844c,17f46bba-a2e0-4476-b0d2-93ed7a181ff6,f10e0a3f-65da-48c5-902d-c317448cacde,->,12acfc45-bdfb-4343-9004-9be15dfd844c,17f46bba-a2e0-4476-b0d2-93ed7a181ff6,1c0d4b26-2379-4b73-b405-b45184e8de16
12acfc45-bdfb-4343-9004-9be15dfd844c,17f46bba-a2e0-4476-b0d2-93ed7a181ff6,f10e0a3f-65da-48c5-902d-c317448cacde,->,12acfc45-bdfb-4343-9004-9be15dfd844c,17f46bba-a2e0-4476-b0d2-93ed7a181ff6,1c0d4b26-2379-4b73-b405-b45184e8de16
12acfc45-bdfb-4343-9004-9be15dfd844c,17f46bba-a2e0-4476-b0d2-93ed7a181ff6,f10e0a3f-65da-48c5-902d-c317448cacde,->,12acfc45-bdfb-4343-9004-9be15dfd844c,17f46bba-a2e0-4476-b0d2-93ed7a181ff6,1c0d4b26-2379-4b73-b405-b45184e8de16
12acfc45-bdfb-4343-9004-9be15dfd844c,17f46bba-a2e0-4476-b0d2-93ed7a181ff6,f10e0a3f-65da-48c5-902d-c317448cacde,->,12acfc45-bdfb-4343-9004-9be15dfd844c,17f46bba-a2e0-4476-b0d2-93ed7a181ff6,1c0d4b26-2379-4b73-b405-b45184e8de16
12acfc45-bdfb-4343-9004-9be15dfd844c,17f46bba-a2e0-4476-b0d2-93ed7a181ff6,f10e0a3f-65da-48c5-902d-c317448cacde,->,12acfc45-bdfb-4343-9004-9be15dfd844c,17f46bba-a2e0-4476-b0d2-93ed7a181ff6,1c0d4b26-2379-4b73-b405-b45184e8de16
12acfc45-bdfb-4343-9004-9be15dfd844c,17f46bba-a2e0-4476-b0d2-93ed7a181ff6,f10e0a3f-65da-48c5-902d-c317448cacde,->,12acfc45-bdfb-4343-9004-9be15dfd844c,17f46bba-a2e0-4476-b0d2-93ed7a181ff6,1c0d4b26-2379-4b73-b405-b45184e8de16
12acfc45-bdfb-4343-9004-9be15dfd844c,17f46bba-a2e0-4476-b0d2-93ed7a181ff6,f10e0a3f-65da-48c5-902d-c317448cacde,->,12acfc45-bdfb-4343-9004-9be15dfd844c,17f46bba-a2e0-4476-b0d2-93ed7a181ff6,1c0d4b26-2379-4b73-b405-b45184e8de16
12acfc45-bdfb-4343-9004-9be15dfd844c,17f46bba-a2e0-4476-b0d2-93ed7a181ff6,f10e0a3f-65da-48c5-902d-c317448cacde,->,12acfc45-bdfb-4343-9004-9be15dfd844c,17f46bba-a2e0-4476-b0d2-93ed7a181ff6,1c0d4b26-2379-4b73-b405-b45184e8de16
12acfc45-bdfb-4343-9004-9be15dfd844c,17f46bba-a2e0-4476-b0d2-93ed7a181ff6,f10e0a3f-65da-48c5-902d-c317448cacde,->,12acfc45-bdfb-4343-9004-9be15dfd844c,17f46bba-a2e0-4476-b0d2-93ed7a181ff6,1c0d4b26-2379-4b73-b405-b45184e8de16
12acfc45-bdfb-4343-9004-9be15dfd844c,17f46bba-a2e0-4476-b0d2-93ed7a181ff6,f10e0a3f-65da-48c5-902d-c317448cacde,->,12acfc45-bdfb-4343-9004-9be15dfd844c,17f46bba-a2e0-4476-b0d2-93ed7a181ff6,1c0d4b26-2379-4b73-b405-b45184e8de16
12acfc45-bdfb-4343-9004-9be15dfd844c,17f46bba-a2e0-4476-b0d2-93ed7a181ff6,f10e0a3f-65da-48c5-902d-c317448cacde,->,12acfc45-bdfb-4343-9004-9be15dfd844c,17f46bba-a2e0-4476-b0d2-93ed7a181ff6,1c0d4b26-2379-4b73-b405-b45184e8de16
12acfc45-bdfb-4343-9004-9be15dfd844c,17f46bba-a2e0-4476-b0d2-93ed7a181ff6,f10e0a3f-65da-48c5-902d-c317448cacde,->,12acfc45-bdfb-4343-9004-9be15dfd844c,17f46bba-a2e0-4476-b0d2-93ed7a181ff6,1c0d4b26-2379-4b73-b405-b45184e8de16
12acfc45-bdfb-4343-9004-9be15dfd844c,17f46bba-a2e0-4476-b0d2-93ed7a181ff6,f10e0a3f-65da-48c5-902d-c317448cacde,->,12acfc45-bdfb-4343-9004-9be15dfd844c,17f46bba-a2e0-4476-b0d2-93ed7a181ff6,1c0d4b26-2379-4b73-b405-b45184e8de16
12acfc45-bdfb-4343-9004-9be15dfd844c,17f46bba-a2e0-4476-b0d2-93ed7a181ff6,f10e0a3f-65da-48c5-902d-c317448cacde,->,12acfc45-bdfb-4343-9004-9be15dfd844c,17f46bba-a2e0-4476-b0d2-93ed7a181ff6,1c0d4b26-2379-4b73-b405-b45184e8de16
12acfc45-bdfb-4343-9004-9be15dfd844c,17f46bba-a2e0-4476-b0d2-93ed7a181ff6,f10e0a3f-65da-48c5-902d-c317448cacde,->,12acfc45-bdfb-4343-9004-9be15dfd844c,17f46bba-a2e0-4476-b0d2-93ed7a181ff6,1c0d4b26-2379-4b73-b405-b45184e8de16
12acfc45-bdfb-4343-9004-9be15dfd844c,17f46bba-a2e0-4476-b0d2-93ed7a181ff6,f10e0a3f-65da-48c5-902d-c317448cacde,->,12acfc45-bdfb-4343-9004-9be15dfd844c,17f46bba-a2e0-4476-b0d2-93ed7a181ff6,1c0d4b26-2379-4b73-b405-b45184e8de16
12acfc45-bdfb-4343-9004-9be15dfd844c,17f46bba-a2e0-4476-b0d2-93ed7a181ff6,f10e0a3f-65da-48c5-902d-c317448cacde,->,12acfc45-bdfb-4343-9004-9be15dfd844c,17f46bba-a2e0-4476-b0d2-93ed7a181ff6,1c0d4b26-2379-4b73-b405-b45184e8de16
12acfc45-bdfb-4343-9004-9be15dfd844c,17f46bba-a2e0-4476-b0d2-93ed7a181ff6,f10e0a3f-65da-48c5-902d-c317448cacde,->,12acfc45-bdfb-4343-9004-9be15dfd844c,17f46bba-a2e0-4476-b0d2-93ed7a181ff6,1c0d4b26-2379-4b73-b405-b45184e8de16
12acfc45-bdfb-4343-9004-9be15dfd844c,17f46bba-a2e0-4476-b0d2-93ed7a181ff6,f10e0a3f-65da-48c5-902d-c317448cacde,->,12acfc45-bdfb-4343-9004-9be15dfd844c,17f46bba-a2e0-4476-b0d2-93ed7a181ff6,1c0d4b26-2379-4b73-b405-b45184e8de16
12acfc45-bdfb-4343-9004-9be15dfd844c,17f46bba-a2e0-4476-b0d2-93ed7a181ff6,f10e0a3f-65da-48c5-902d-c317448cacde,->,12acfc45-bdfb-4343-9004-9be15dfd844c,17f46bba-a2e0-4476-b0d2-93ed7a181ff6,1c0d4b26-2379-4b73-b405-b45184e8de16
12acfc45-bdfb-4343-9004-9be15dfd844c,17f46bba-a2e0-4476-b0d2-93ed7a181ff6,f10e0a3f-65da-48c5-902d-c317448cacde,->,12acfc45-bdfb-4343-9004-9be15dfd844c,17f46bba-a2e0-4476-b0d2-93ed7a181ff6,1c0d4b26-2379-4b73-b405-b45184e8de16
12acfc45-bdfb-4343-9004-9be15dfd844c,17f46bba-a2e0-4476-b0d2-93ed7a181ff6,f10e0a3f-65da-48c5-902d-c317448cacde,->,12acfc45-bdfb-4343-9004-9be15dfd844c,17f46bba-a2e0-4476-b0d2-93ed7a181ff6,1c0d4b26-2379-4b73-b405-b45184e8de16
12acfc45-bdfb-4343-9004-9be15dfd844c,17f46bba-a2e0-4476-b0d2-93ed7a181ff6,f10e0a3f-65da-48c5-902d-c317448cacde,->,12acfc45-bdfb-4343-9004-9be15dfd844c,17f46bba-a2e0-4476-b0d2-93ed7a181ff6,1c0d4b26-2379-4b73-b405-b45184e8de16
12acfc45-bdfb-4343-9004-9be15dfd844c,17f46bba-a2e0-4476-b0d2-93ed7a181ff6,f10e0a3f-65da-48c5-902d-c317448cacde,->,12acfc45-bdfb-4343-9004-9be15dfd844c,17f46bba-a2e0-4476-b0d2-93ed7a181ff6,1c0d4b26-2379-4b73-b405-b45184e8de16
12acfc45-bdfb-4343-9004-9be15dfd844c,17f46bba-a2e0-4476-b0d2-93ed7a181ff6,f10e0a3f-65da-48c5-902d-c317448cacde,->,12acfc45-bdfb-4343-9004-9be15dfd844c,17f46bba-a2e0-4476-b0d2-93ed7a181ff6,1c0d4b26-2379-4b73-b405-b45184e8de16
12acfc45-bdfb-4343-9004-9be15dfd844c,17f46bba-a2e0-4476-b0d2-93ed7a181ff6,f10e0a3f-65da-48c5-902d-c317448cacde,->,12acfc45-bdfb-4343-9004-9be15dfd844c,17f46bba-a2e0-4476-b0d2-93ed7a181ff6,1c0d4b26-2379-4b73-b405-b45184e8de16
12acfc45-bdfb-4343-9004-9be15dfd844c,17f46bba-a2e0-4476-b0d2-93ed7a181ff6,f10e0a3f-65da-48c5-902d-c317448cacde,->,12acfc45-bdfb-4343-9004-9be15dfd844c,17f46bba-a2e0-4476-b0d2-93ed7a181ff6,1c0d4b26-2379-4b73-b405-b45184e8de16
12acfc45-bdfb-4343-9004-9be15dfd844c,17f46bba-a2e0-4476-b0d2-93ed7a181ff6,f10e0a3f-65da-48c5-902d-c317448cacde,->,12acfc45-bdfb-4343-9004-9be15dfd844c,17f46bba-a2e0-4476-b0d2-93ed7a181ff6,1c0d4b26-2379-4b73-b405-b45184e8de16
12acfc45-bdfb-4343-9004-9be15dfd844c,17f46bba-a2e0-4476-b0d2-93ed7a181ff6,3cb6758a-4d57-458e-ad6f-465597c06b92,->,12acfc45-bdfb-4343-9004-9be15dfd844c,17f46bba-a2e0-4476-b0d2-93ed7a181ff6,1c0d4b26-2379-4b73-b405-b45184e8de16
12acfc45-bdfb-4343-9004-9be15dfd844c,17f46bba-a2e0-4476-b0d2-93ed7a181ff6,ee45cf2e-7e47-45c9-be53-d9b7e25e00a3,->,12acfc45-bdfb-4343-9004-9be15dfd844c,ee65cf7d-3a1d-496c-961e-e78d2d7c4caf,1bedee67-b1d3-4595-b81c-c754e1eb162b
12acfc45-bdfb-4343-9004-9be15dfd844c,17f46bba-a2e0-4476-b0d2-93ed7a181ff6,ee45cf2e-7e47-45c9-be53-d9b7e25e00a3,->,12acfc45-bdfb-4343-9004-9be15dfd844c,ee65cf7d-3a1d-496c-961e-e78d2d7c4caf,8b82c1e7-a42b-4574-b57a-84781a235b06
12acfc45-bdfb-4343-9004-9be15dfd844c,17f46bba-a2e0-4476-b0d2-93ed7a181ff6,ee45cf2e-7e47-45c9-be53-d9b7e25e00a3,->,12acfc45-bdfb-4343-9004-9be15dfd844c,ee65cf7d-3a1d-496c-961e-e78d2d7c4caf,5a5038ec-f403-4080-86e8-6b7ba0c43e25
12acfc45-bdfb-4343-9004-9be15dfd844c,17f46bba-a2e0-4476-b0d2-93ed7a181ff6,ee45cf2e-7e47-45c9-be53-d9b7e25e00a3,->,12acfc45-bdfb-4343-9004-9be15dfd844c,ee65cf7d-3a1d-496c-961e-e78d2d7c4caf,5a5038ec-f403-4080-86e8-6b7ba0c43e25
12acfc45-bdfb-4343-9004-9be15dfd844c,17f46bba-a2e0-4476-b0d2-93ed7a181ff6,ee45cf2e-7e47-45c9-be53-d9b7e25e00a3,->,12acfc45-bdfb-4343-9004-9be15dfd844c,ee65cf7d-3a1d-496c-961e-e78d2d7c4caf,8b82c1e7-a42b-4574-b57a-84781a235b06
12acfc45-bdfb-4343-9004-9be15dfd844c,17f46bba-a2e0-4476-b0d2-93ed7a181ff6,ee45cf2e-7e47-45c9-be53-d9b7e25e00a3,->,12acfc45-bdfb-4343-9004-9be15dfd844c,ee65cf7d-3a1d-496c-961e-e78d2d7c4caf,c435833d-0c26-4271-ac0b-df8934808f23
12acfc45-bdfb-4343-9004-9be15dfd844c,17f46bba-a2e0-4476-b0d2-93ed7a181ff6,ee45cf2e-7e47-45c9-be53-d9b7e25e00a3,->,12acfc45-bdfb-4343-9004-9be15dfd844c,ee65cf7d-3a1d-496c-961e-e78d2d7c4caf,8d9ef483-7f60-4914-a8be-e65a5335fc35
12acfc45-bdfb-4343-9004-9be15dfd844c,17f46bba-a2e0-4476-b0d2-93ed7a181ff6,ee45cf2e-7e47-45c9-be53-d9b7e25e00a3,->,12acfc45-bdfb-4343-9004-9be15dfd844c,17f46bba-a2e0-4476-b0d2-93ed7a181ff6,1c0d4b26-2379-4b73-b405-b45184e8de16
12acfc45-bdfb-4343-9004-9be15dfd844c,17f46bba-a2e0-4476-b0d2-93ed7a181ff6,ee45cf2e-7e47-45c9-be53-d9b7e25e00a3,->,12acfc45-bdfb-4343-9004-9be15dfd844c,ee65cf7d-3a1d-496c-961e-e78d2d7c4caf,8d9ef483-7f60-4914-a8be-e65a5335fc35
12acfc45-bdfb-4343-9004-9be15dfd844c,17f46bba-a2e0-4476-b0d2-93ed7a181ff6,ee45cf2e-7e47-45c9-be53-d9b7e25e00a3,->,12acfc45-bdfb-4343-9004-9be15dfd844c,ee65cf7d-3a1d-496c-961e-e78d2d7c4caf,7bdab181-6402-438f-b55c-ef98759f177a
12acfc45-bdfb-4343-9004-9be15dfd844c,17f46bba-a2e0-4476-b0d2-93ed7a181ff6,ee45cf2e-7e47-45c9-be53-d9b7e25e00a3,->,12acfc45-bdfb-4343-9004-9be15dfd844c,17f46bba-a2e0-4476-b0d2-93ed7a181ff6,3cb6758a-4d57-458e-ad6f-465597c06b92
12acfc45-bdfb-4343-9004-9be15dfd844c,17f46bba-a2e0-4476-b0d2-93ed7a181ff6,ee45cf2e-7e47-45c9-be53-d9b7e25e00a3,->,12acfc45-bdfb-4343-9004-9be15dfd844c,ee65cf7d-3a1d-496c-961e-e78d2d7c4caf,8d9ef483-7f60-4914-a8be-e65a5335fc35
12acfc45-bdfb-4343-9004-9be15dfd844c,17f46bba-a2e0-4476-b0d2-93ed7a181ff6,ee45cf2e-7e47-45c9-be53-d9b7e25e00a3,->,12acfc45-bdfb-4343-9004-9be15dfd844c,ee65cf7d-3a1d-496c-961e-e78d2d7c4caf,7bdab181-6402-438f-b55c-ef98759f177a
12acfc45-bdfb-4343-9004-9be15dfd844c,17f46bba-a2e0-4476-b0d2-93ed7a181ff6,ee45cf2e-7e47-45c9-be53-d9b7e25e00a3,->,12acfc45-bdfb-4343-9004-9be15dfd844c,17f46bba-a2e0-4476-b0d2-93ed7a181ff6,f10e0a3f-65da-48c5-902d-c317448cacde
12acfc45-bdfb-4343-9004-9be15dfd844c,17f46bba-a2e0-4476-b0d2-93ed7a181ff6,d3c30432-c14c-4d32-b3fa-4a91e8ae111a,->,12acfc45-bdfb-4343-9004-9be15dfd844c,17f46bba-a2e0-4476-b0d2-93ed7a181ff6,35740e21-7ce0-487b-ac20-fd619e7b7b91
12acfc45-bdfb-4343-9004-9be15dfd844c,17f46bba-a2e0-4476-b0d2-93ed7a181ff6,d3c30432-c14c-4d32-b3fa-4a91e8ae111a,->,12acfc45-bdfb-4343-9004-9be15dfd844c,17f46bba-a2e0-4476-b0d2-93ed7a181ff6,00dcb2ae-6498-449b-94f2-1c0343a9c1ec
12acfc45-bdfb-4343-9004-9be15dfd844c,17f46bba-a2e0-4476-b0d2-93ed7a181ff6,fd0a2178-fa44-492d-be09-ca096f8e4be1,->,12acfc45-bdfb-4343-9004-9be15dfd844c,17f46bba-a2e0-4476-b0d2-93ed7a181ff6,d3c30432-c14c-4d32-b3fa-4a91e8ae111a
12acfc45-bdfb-4343-9004-9be15dfd844c,17f46bba-a2e0-4476-b0d2-93ed7a181ff6,fd0a2178-fa44-492d-be09-ca096f8e4be1,->,12acfc45-bdfb-4343-9004-9be15dfd844c,17f46bba-a2e0-4476-b0d2-93ed7a181ff6,d3c30432-c14c-4d32-b3fa-4a91e8ae111a
12acfc45-bdfb-4343-9004-9be15dfd844c,17f46bba-a2e0-4476-b0d2-93ed7a181ff6,fd0a2178-fa44-492d-be09-ca096f8e4be1,->,12acfc45-bdfb-4343-9004-9be15dfd844c,17f46bba-a2e0-4476-b0d2-93ed7a181ff6,d3c30432-c14c-4d32-b3fa-4a91e8ae111a
12acfc45-bdfb-4343-9004-9be15dfd844c,17f46bba-a2e0-4476-b0d2-93ed7a181ff6,fd0a2178-fa44-492d-be09-ca096f8e4be1,->,12acfc45-bdfb-4343-9004-9be15dfd844c,17f46bba-a2e0-4476-b0d2-93ed7a181ff6,d3c30432-c14c-4d32-b3fa-4a91e8ae111a
12acfc45-bdfb-4343-9004-9be15dfd844c,17f46bba-a2e0-4476-b0d2-93ed7a181ff6,fd0a2178-fa44-492d-be09-ca096f8e4be1,->,12acfc45-bdfb-4343-9004-9be15dfd844c,17f46bba-a2e0-4476-b0d2-93ed7a181ff6,d3c30432-c14c-4d32-b3fa-4a91e8ae111a
12acfc45-bdfb-4343-9004-9be15dfd844c,17f46bba-a2e0-4476-b0d2-93ed7a181ff6,fd0a2178-fa44-492d-be09-ca096f8e4be1,->,12acfc45-bdfb-4343-9004-9be15dfd844c,17f46bba-a2e0-4476-b0d2-93ed7a181ff6,d3c30432-c14c-4d32-b3fa-4a91e8ae111a
12acfc45-bdfb-4343-9004-9be15dfd844c,17f46bba-a2e0-4476-b0d2-93ed7a181ff6,fd0a2178-fa44-492d-be09-ca096f8e4be1,->,12acfc45-bdfb-4343-9004-9be15dfd844c,17f46bba-a2e0-4476-b0d2-93ed7a181ff6,d3c30432-c14c-4d32-b3fa-4a91e8ae111a
12acfc45-bdfb-4343-9004-9be15dfd844c,17f46bba-a2e0-4476-b0d2-93ed7a181ff6,fd0a2178-fa44-492d-be09-ca096f8e4be1,->,12acfc45-bdfb-4343-9004-9be15dfd844c,17f46bba-a2e0-4476-b0d2-93ed7a181ff6,d3c30432-c14c-4d32-b3fa-4a91e8ae111a
12acfc45-bdfb-4343-9004-9be15dfd844c,17f46bba-a2e0-4476-b0d2-93ed7a181ff6,fd0a2178-fa44-492d-be09-ca096f8e4be1,->,12acfc45-bdfb-4343-9004-9be15dfd844c,17f46bba-a2e0-4476-b0d2-93ed7a181ff6,d3c30432-c14c-4d32-b3fa-4a91e8ae111a
12acfc45-bdfb-4343-9004-9be15dfd844c,17f46bba-a2e0-4476-b0d2-93ed7a181ff6,fd0a2178-fa44-492d-be09-ca096f8e4be1,->,12acfc45-bdfb-4343-9004-9be15dfd844c,17f46bba-a2e0-4476-b0d2-93ed7a181ff6,d3c30432-c14c-4d32-b3fa-4a91e8ae111a
12acfc45-bdfb-4343-9004-9be15dfd844c,17f46bba-a2e0-4476-b0d2-93ed7a181ff6,fd0a2178-fa44-492d-be09-ca096f8e4be1,->,12acfc45-bdfb-4343-9004-9be15dfd844c,17f46bba-a2e0-4476-b0d2-93ed7a181ff6,d3c30432-c14c-4d32-b3fa-4a91e8ae111a
12acfc45-bdfb-4343-9004-9be15dfd844c,17f46bba-a2e0-4476-b0d2-93ed7a181ff6,fd0a2178-fa44-492d-be09-ca096f8e4be1,->,12acfc45-bdfb-4343-9004-9be15dfd844c,17f46bba-a2e0-4476-b0d2-93ed7a181ff6,d3c30432-c14c-4d32-b3fa-4a91e8ae111a
12acfc45-bdfb-4343-9004-9be15dfd844c,17f46bba-a2e0-4476-b0d2-93ed7a181ff6,fd0a2178-fa44-492d-be09-ca096f8e4be1,->,12acfc45-bdfb-4343-9004-9be15dfd844c,17f46bba-a2e0-4476-b0d2-93ed7a181ff6,d3c30432-c14c-4d32-b3fa-4a91e8ae111a
12acfc45-bdfb-4343-9004-9be15dfd844c,17f46bba-a2e0-4476-b0d2-93ed7a181ff6,fd0a2178-fa44-492d-be09-ca096f8e4be1,->,12acfc45-bdfb-4343-9004-9be15dfd844c,17f46bba-a2e0-4476-b0d2-93ed7a181ff6,d3c30432-c14c-4d32-b3fa-4a91e8ae111a
12acfc45-bdfb-4343-9004-9be15dfd844c,17f46bba-a2e0-4476-b0d2-93ed7a181ff6,fd0a2178-fa44-492d-be09-ca096f8e4be1,->,12acfc45-bdfb-4343-9004-9be15dfd844c,17f46bba-a2e0-4476-b0d2-93ed7a181ff6,d3c30432-c14c-4d32-b3fa-4a91e8ae111a
12acfc45-bdfb-4343-9004-9be15dfd844c,17f46bba-a2e0-4476-b0d2-93ed7a181ff6,fd0a2178-fa44-492d-be09-ca096f8e4be1,->,12acfc45-bdfb-4343-9004-9be15dfd844c,17f46bba-a2e0-4476-b0d2-93ed7a181ff6,d3c30432-c14c-4d32-b3fa-4a91e8ae111a
12acfc45-bdfb-4343-9004-9be15dfd844c,17f46bba-a2e0-4476-b0d2-93ed7a181ff6,fd0a2178-fa44-492d-be09-ca096f8e4be1,->,12acfc45-bdfb-4343-9004-9be15dfd844c,java/lang/StringBuilder.java,append
12acfc45-bdfb-4343-9004-9be15dfd844c,17f46bba-a2e0-4476-b0d2-93ed7a181ff6,fd0a2178-fa44-492d-be09-ca096f8e4be1,->,12acfc45-bdfb-4343-9004-9be15dfd844c,java/lang/StringBuilder.java,append
12acfc45-bdfb-4343-9004-9be15dfd844c,17f46bba-a2e0-4476-b0d2-93ed7a181ff6,fd0a2178-fa44-492d-be09-ca096f8e4be1,->,12acfc45-bdfb-4343-9004-9be15dfd844c,java/lang/StringBuilder.java,append
12acfc45-bdfb-4343-9004-9be15dfd844c,17f46bba-a2e0-4476-b0d2-93ed7a181ff6,fd0a2178-fa44-492d-be09-ca096f8e4be1,->,12acfc45-bdfb-4343-9004-9be15dfd844c,java/lang/StringBuilder.java,append
12acfc45-bdfb-4343-9004-9be15dfd844c,17f46bba-a2e0-4476-b0d2-93ed7a181ff6,fd0a2178-fa44-492d-be09-ca096f8e4be1,->,12acfc45-bdfb-4343-9004-9be15dfd844c,java/lang/StringBuilder.java,append
12acfc45-bdfb-4343-9004-9be15dfd844c,17f46bba-a2e0-4476-b0d2-93ed7a181ff6,fd0a2178-fa44-492d-be09-ca096f8e4be1,->,12acfc45-bdfb-4343-9004-9be15dfd844c,java/lang/StringBuilder.java,append
12acfc45-bdfb-4343-9004-9be15dfd844c,17f46bba-a2e0-4476-b0d2-93ed7a181ff6,fd0a2178-fa44-492d-be09-ca096f8e4be1,->,12acfc45-bdfb-4343-9004-9be15dfd844c,java/lang/StringBuilder.java,append
12acfc45-bdfb-4343-9004-9be15dfd844c,17f46bba-a2e0-4476-b0d2-93ed7a181ff6,fd0a2178-fa44-492d-be09-ca096f8e4be1,->,12acfc45-bdfb-4343-9004-9be15dfd844c,java/lang/StringBuilder.java,append
12acfc45-bdfb-4343-9004-9be15dfd844c,17f46bba-a2e0-4476-b0d2-93ed7a181ff6,fd0a2178-fa44-492d-be09-ca096f8e4be1,->,12acfc45-bdfb-4343-9004-9be15dfd844c,java/lang/StringBuilder.java,append
12acfc45-bdfb-4343-9004-9be15dfd844c,17f46bba-a2e0-4476-b0d2-93ed7a181ff6,fd0a2178-fa44-492d-be09-ca096f8e4be1,->,12acfc45-bdfb-4343-9004-9be15dfd844c,java/lang/StringBuilder.java,append
12acfc45-bdfb-4343-9004-9be15dfd844c,17f46bba-a2e0-4476-b0d2-93ed7a181ff6,fd0a2178-fa44-492d-be09-ca096f8e4be1,->,12acfc45-bdfb-4343-9004-9be15dfd844c,java/lang/StringBuilder.java,toString
12acfc45-bdfb-4343-9004-9be15dfd844c,17f46bba-a2e0-4476-b0d2-93ed7a181ff6,fd0a2178-fa44-492d-be09-ca096f8e4be1,->,12acfc45-bdfb-4343-9004-9be15dfd844c,java/io/PrintStream.java,println
12acfc45-bdfb-4343-9004-9be15dfd844c,17f46bba-a2e0-4476-b0d2-93ed7a181ff6,de10bc62-3fdb-40bd-91c9-579a770b8d2d,->,12acfc45-bdfb-4343-9004-9be15dfd844c,java/io/File.java,length
12acfc45-bdfb-4343-9004-9be15dfd844c,17f46bba-a2e0-4476-b0d2-93ed7a181ff6,de10bc62-3fdb-40bd-91c9-579a770b8d2d,->,12acfc45-bdfb-4343-9004-9be15dfd844c,java/io/DataInputStream.java,readFully
12acfc45-bdfb-4343-9004-9be15dfd844c,17f46bba-a2e0-4476-b0d2-93ed7a181ff6,de10bc62-3fdb-40bd-91c9-579a770b8d2d,->,12acfc45-bdfb-4343-9004-9be15dfd844c,java/io/DataInputStream.java,close
12acfc45-bdfb-4343-9004-9be15dfd844c,17f46bba-a2e0-4476-b0d2-93ed7a181ff6,de10bc62-3fdb-40bd-91c9-579a770b8d2d,->,12acfc45-bdfb-4343-9004-9be15dfd844c,be771f08-9ca4-487d-9dc8-ed7e474e9362,4e1419bf-775b-48a6-947a-a48ba6f1e344
12acfc45-bdfb-4343-9004-9be15dfd844c,17f46bba-a2e0-4476-b0d2-93ed7a181ff6,de10bc62-3fdb-40bd-91c9-579a770b8d2d,->,12acfc45-bdfb-4343-9004-9be15dfd844c,be771f08-9ca4-487d-9dc8-ed7e474e9362,9593219a-1ed0-4428-b9d9-f07182f6428e
12acfc45-bdfb-4343-9004-9be15dfd844c,17f46bba-a2e0-4476-b0d2-93ed7a181ff6,de10bc62-3fdb-40bd-91c9-579a770b8d2d,->,12acfc45-bdfb-4343-9004-9be15dfd844c,be771f08-9ca4-487d-9dc8-ed7e474e9362,9593219a-1ed0-4428-b9d9-f07182f6428e
12acfc45-bdfb-4343-9004-9be15dfd844c,17f46bba-a2e0-4476-b0d2-93ed7a181ff6,de10bc62-3fdb-40bd-91c9-579a770b8d2d,->,12acfc45-bdfb-4343-9004-9be15dfd844c,be771f08-9ca4-487d-9dc8-ed7e474e9362,9593219a-1ed0-4428-b9d9-f07182f6428e
12acfc45-bdfb-4343-9004-9be15dfd844c,17f46bba-a2e0-4476-b0d2-93ed7a181ff6,de10bc62-3fdb-40bd-91c9-579a770b8d2d,->,12acfc45-bdfb-4343-9004-9be15dfd844c,be771f08-9ca4-487d-9dc8-ed7e474e9362,1b92902d-7131-4091-bfbd-4abf95a5daa4
12acfc45-bdfb-4343-9004-9be15dfd844c,17f46bba-a2e0-4476-b0d2-93ed7a181ff6,de10bc62-3fdb-40bd-91c9-579a770b8d2d,->,12acfc45-bdfb-4343-9004-9be15dfd844c,java/lang/StringBuilder.java,append
12acfc45-bdfb-4343-9004-9be15dfd844c,17f46bba-a2e0-4476-b0d2-93ed7a181ff6,de10bc62-3fdb-40bd-91c9-579a770b8d2d,->,12acfc45-bdfb-4343-9004-9be15dfd844c,java/lang/StringBuilder.java,append
12acfc45-bdfb-4343-9004-9be15dfd844c,17f46bba-a2e0-4476-b0d2-93ed7a181ff6,de10bc62-3fdb-40bd-91c9-579a770b8d2d,->,12acfc45-bdfb-4343-9004-9be15dfd844c,java/lang/StringBuilder.java,append
12acfc45-bdfb-4343-9004-9be15dfd844c,17f46bba-a2e0-4476-b0d2-93ed7a181ff6,de10bc62-3fdb-40bd-91c9-579a770b8d2d,->,12acfc45-bdfb-4343-9004-9be15dfd844c,java/lang/StringBuilder.java,toString
12acfc45-bdfb-4343-9004-9be15dfd844c,17f46bba-a2e0-4476-b0d2-93ed7a181ff6,de10bc62-3fdb-40bd-91c9-579a770b8d2d,->,12acfc45-bdfb-4343-9004-9be15dfd844c,17f46bba-a2e0-4476-b0d2-93ed7a181ff6,796fe06d-0e68-45dc-b9cf-82c60fab9dd9
12acfc45-bdfb-4343-9004-9be15dfd844c,17f46bba-a2e0-4476-b0d2-93ed7a181ff6,de10bc62-3fdb-40bd-91c9-579a770b8d2d,->,12acfc45-bdfb-4343-9004-9be15dfd844c,java/lang/StringBuilder.java,append
12acfc45-bdfb-4343-9004-9be15dfd844c,17f46bba-a2e0-4476-b0d2-93ed7a181ff6,de10bc62-3fdb-40bd-91c9-579a770b8d2d,->,12acfc45-bdfb-4343-9004-9be15dfd844c,java/lang/StringBuilder.java,append
12acfc45-bdfb-4343-9004-9be15dfd844c,17f46bba-a2e0-4476-b0d2-93ed7a181ff6,de10bc62-3fdb-40bd-91c9-579a770b8d2d,->,12acfc45-bdfb-4343-9004-9be15dfd844c,java/lang/StringBuilder.java,append
12acfc45-bdfb-4343-9004-9be15dfd844c,17f46bba-a2e0-4476-b0d2-93ed7a181ff6,de10bc62-3fdb-40bd-91c9-579a770b8d2d,->,12acfc45-bdfb-4343-9004-9be15dfd844c,java/lang/StringBuilder.java,toString
12acfc45-bdfb-4343-9004-9be15dfd844c,17f46bba-a2e0-4476-b0d2-93ed7a181ff6,de10bc62-3fdb-40bd-91c9-579a770b8d2d,->,12acfc45-bdfb-4343-9004-9be15dfd844c,17f46bba-a2e0-4476-b0d2-93ed7a181ff6,796fe06d-0e68-45dc-b9cf-82c60fab9dd9
12acfc45-bdfb-4343-9004-9be15dfd844c,17f46bba-a2e0-4476-b0d2-93ed7a181ff6,de10bc62-3fdb-40bd-91c9-579a770b8d2d,->,12acfc45-bdfb-4343-9004-9be15dfd844c,17f46bba-a2e0-4476-b0d2-93ed7a181ff6,0fd95faa-0230-4c4c-89ec-1034c42efa14
12acfc45-bdfb-4343-9004-9be15dfd844c,17f46bba-a2e0-4476-b0d2-93ed7a181ff6,de10bc62-3fdb-40bd-91c9-579a770b8d2d,->,12acfc45-bdfb-4343-9004-9be15dfd844c,java/lang/StringBuilder.java,append
12acfc45-bdfb-4343-9004-9be15dfd844c,17f46bba-a2e0-4476-b0d2-93ed7a181ff6,de10bc62-3fdb-40bd-91c9-579a770b8d2d,->,12acfc45-bdfb-4343-9004-9be15dfd844c,java/lang/StringBuilder.java,append
12acfc45-bdfb-4343-9004-9be15dfd844c,17f46bba-a2e0-4476-b0d2-93ed7a181ff6,de10bc62-3fdb-40bd-91c9-579a770b8d2d,->,12acfc45-bdfb-4343-9004-9be15dfd844c,java/lang/StringBuilder.java,toString
12acfc45-bdfb-4343-9004-9be15dfd844c,17f46bba-a2e0-4476-b0d2-93ed7a181ff6,de10bc62-3fdb-40bd-91c9-579a770b8d2d,->,12acfc45-bdfb-4343-9004-9be15dfd844c,java/io/PrintStream.java,println
12acfc45-bdfb-4343-9004-9be15dfd844c,17f46bba-a2e0-4476-b0d2-93ed7a181ff6,de10bc62-3fdb-40bd-91c9-579a770b8d2d,->,12acfc45-bdfb-4343-9004-9be15dfd844c,java/io/PrintStream.java,println
12acfc45-bdfb-4343-9004-9be15dfd844c,17f46bba-a2e0-4476-b0d2-93ed7a181ff6,de10bc62-3fdb-40bd-91c9-579a770b8d2d,->,12acfc45-bdfb-4343-9004-9be15dfd844c,java/lang/Exception.java,printStackTrace
12acfc45-bdfb-4343-9004-9be15dfd844c,17f46bba-a2e0-4476-b0d2-93ed7a181ff6,0fd95faa-0230-4c4c-89ec-1034c42efa14,->,12acfc45-bdfb-4343-9004-9be15dfd844c,be771f08-9ca4-487d-9dc8-ed7e474e9362,1b92902d-7131-4091-bfbd-4abf95a5daa4
12acfc45-bdfb-4343-9004-9be15dfd844c,17f46bba-a2e0-4476-b0d2-93ed7a181ff6,0fd95faa-0230-4c4c-89ec-1034c42efa14,->,12acfc45-bdfb-4343-9004-9be15dfd844c,be771f08-9ca4-487d-9dc8-ed7e474e9362,d891020b-3d30-408c-90fb-e6a5ab4d2792
12acfc45-bdfb-4343-9004-9be15dfd844c,17f46bba-a2e0-4476-b0d2-93ed7a181ff6,0fd95faa-0230-4c4c-89ec-1034c42efa14,->,12acfc45-bdfb-4343-9004-9be15dfd844c,be771f08-9ca4-487d-9dc8-ed7e474e9362,d891020b-3d30-408c-90fb-e6a5ab4d2792
12acfc45-bdfb-4343-9004-9be15dfd844c,17f46bba-a2e0-4476-b0d2-93ed7a181ff6,0fd95faa-0230-4c4c-89ec-1034c42efa14,->,12acfc45-bdfb-4343-9004-9be15dfd844c,17f46bba-a2e0-4476-b0d2-93ed7a181ff6,1c0d4b26-2379-4b73-b405-b45184e8de16
12acfc45-bdfb-4343-9004-9be15dfd844c,17f46bba-a2e0-4476-b0d2-93ed7a181ff6,0fd95faa-0230-4c4c-89ec-1034c42efa14,->,12acfc45-bdfb-4343-9004-9be15dfd844c,be771f08-9ca4-487d-9dc8-ed7e474e9362,876223d3-242b-4545-9b9b-1fea5f36d533
12acfc45-bdfb-4343-9004-9be15dfd844c,17f46bba-a2e0-4476-b0d2-93ed7a181ff6,0fd95faa-0230-4c4c-89ec-1034c42efa14,->,12acfc45-bdfb-4343-9004-9be15dfd844c,be771f08-9ca4-487d-9dc8-ed7e474e9362,876223d3-242b-4545-9b9b-1fea5f36d533
12acfc45-bdfb-4343-9004-9be15dfd844c,17f46bba-a2e0-4476-b0d2-93ed7a181ff6,0fd95faa-0230-4c4c-89ec-1034c42efa14,->,12acfc45-bdfb-4343-9004-9be15dfd844c,be771f08-9ca4-487d-9dc8-ed7e474e9362,1b92902d-7131-4091-bfbd-4abf95a5daa4
12acfc45-bdfb-4343-9004-9be15dfd844c,17f46bba-a2e0-4476-b0d2-93ed7a181ff6,0fd95faa-0230-4c4c-89ec-1034c42efa14,->,12acfc45-bdfb-4343-9004-9be15dfd844c,17f46bba-a2e0-4476-b0d2-93ed7a181ff6,ee45cf2e-7e47-45c9-be53-d9b7e25e00a3
12acfc45-bdfb-4343-9004-9be15dfd844c,17f46bba-a2e0-4476-b0d2-93ed7a181ff6,796fe06d-0e68-45dc-b9cf-82c60fab9dd9,->,12acfc45-bdfb-4343-9004-9be15dfd844c,java/io/File.java,exists
12acfc45-bdfb-4343-9004-9be15dfd844c,17f46bba-a2e0-4476-b0d2-93ed7a181ff6,796fe06d-0e68-45dc-b9cf-82c60fab9dd9,->,12acfc45-bdfb-4343-9004-9be15dfd844c,java/io/File.java,length
12acfc45-bdfb-4343-9004-9be15dfd844c,17f46bba-a2e0-4476-b0d2-93ed7a181ff6,796fe06d-0e68-45dc-b9cf-82c60fab9dd9,->,12acfc45-bdfb-4343-9004-9be15dfd844c,java/io/DataInputStream.java,readFully
12acfc45-bdfb-4343-9004-9be15dfd844c,17f46bba-a2e0-4476-b0d2-93ed7a181ff6,796fe06d-0e68-45dc-b9cf-82c60fab9dd9,->,12acfc45-bdfb-4343-9004-9be15dfd844c,java/io/DataInputStream.java,close
12acfc45-bdfb-4343-9004-9be15dfd844c,17f46bba-a2e0-4476-b0d2-93ed7a181ff6,796fe06d-0e68-45dc-b9cf-82c60fab9dd9,->,12acfc45-bdfb-4343-9004-9be15dfd844c,java/io/PrintStream.java,println
12acfc45-bdfb-4343-9004-9be15dfd844c,17f46bba-a2e0-4476-b0d2-93ed7a181ff6,796fe06d-0e68-45dc-b9cf-82c60fab9dd9,->,12acfc45-bdfb-4343-9004-9be15dfd844c,java/util/zip/GZIPInputStream.java,read
12acfc45-bdfb-4343-9004-9be15dfd844c,17f46bba-a2e0-4476-b0d2-93ed7a181ff6,796fe06d-0e68-45dc-b9cf-82c60fab9dd9,->,12acfc45-bdfb-4343-9004-9be15dfd844c,java/lang/System.java,arraycopy
12acfc45-bdfb-4343-9004-9be15dfd844c,ddc68395-8de9-4f2b-8ea0-89b1aaf3ee59,9aa966ec-897c-4b02-851a-66042aa27fbe,->,12acfc45-bdfb-4343-9004-9be15dfd844c,java/util/List.java,add
12acfc45-bdfb-4343-9004-9be15dfd844c,ddc68395-8de9-4f2b-8ea0-89b1aaf3ee59,d625fffb-8f0f-4bff-ac55-1fefc68446e7,->,12acfc45-bdfb-4343-9004-9be15dfd844c,java/util/List.java,add
12acfc45-bdfb-4343-9004-9be15dfd844c,ddc68395-8de9-4f2b-8ea0-89b1aaf3ee59,eef80c50-e091-4cb3-891c-5240df18215d,->,12acfc45-bdfb-4343-9004-9be15dfd844c,java/util/List.java,size
12acfc45-bdfb-4343-9004-9be15dfd844c,ddc68395-8de9-4f2b-8ea0-89b1aaf3ee59,eef80c50-e091-4cb3-891c-5240df18215d,->,12acfc45-bdfb-4343-9004-9be15dfd844c,java/util/List.java,get
12acfc45-bdfb-4343-9004-9be15dfd844c,ddc68395-8de9-4f2b-8ea0-89b1aaf3ee59,eef80c50-e091-4cb3-891c-5240df18215d,->,12acfc45-bdfb-4343-9004-9be15dfd844c,217b73dc-0b41-471f-b9ba-e66fea343877,000362bb-7fed-4d44-8673-8e3e7493b75b
12acfc45-bdfb-4343-9004-9be15dfd844c,ddc68395-8de9-4f2b-8ea0-89b1aaf3ee59,eef80c50-e091-4cb3-891c-5240df18215d,->,12acfc45-bdfb-4343-9004-9be15dfd844c,217b73dc-0b41-471f-b9ba-e66fea343877,cf504bac-9700-4c2f-b4bb-902a57a1e7f9
12acfc45-bdfb-4343-9004-9be15dfd844c,ddc68395-8de9-4f2b-8ea0-89b1aaf3ee59,eef80c50-e091-4cb3-891c-5240df18215d,->,12acfc45-bdfb-4343-9004-9be15dfd844c,217b73dc-0b41-471f-b9ba-e66fea343877,096d5f15-224a-4a7c-8c79-b6ab43a49720
12acfc45-bdfb-4343-9004-9be15dfd844c,ddc68395-8de9-4f2b-8ea0-89b1aaf3ee59,eef80c50-e091-4cb3-891c-5240df18215d,->,12acfc45-bdfb-4343-9004-9be15dfd844c,217b73dc-0b41-471f-b9ba-e66fea343877,496c925a-9f23-49b7-b0a2-e154ebf0f63c
12acfc45-bdfb-4343-9004-9be15dfd844c,ddc68395-8de9-4f2b-8ea0-89b1aaf3ee59,eef80c50-e091-4cb3-891c-5240df18215d,->,12acfc45-bdfb-4343-9004-9be15dfd844c,217b73dc-0b41-471f-b9ba-e66fea343877,8c2b41a0-6e2b-41da-a915-1ad1eb766b0a
12acfc45-bdfb-4343-9004-9be15dfd844c,ddc68395-8de9-4f2b-8ea0-89b1aaf3ee59,eef80c50-e091-4cb3-891c-5240df18215d,->,12acfc45-bdfb-4343-9004-9be15dfd844c,java/util/List.java,remove
12acfc45-bdfb-4343-9004-9be15dfd844c,ddc68395-8de9-4f2b-8ea0-89b1aaf3ee59,2ebea55b-7a60-42bd-8b77-4802d2383517,->,12acfc45-bdfb-4343-9004-9be15dfd844c,java/util/List.java,size
12acfc45-bdfb-4343-9004-9be15dfd844c,ddc68395-8de9-4f2b-8ea0-89b1aaf3ee59,2ebea55b-7a60-42bd-8b77-4802d2383517,->,12acfc45-bdfb-4343-9004-9be15dfd844c,java/util/List.java,get
12acfc45-bdfb-4343-9004-9be15dfd844c,ddc68395-8de9-4f2b-8ea0-89b1aaf3ee59,2ebea55b-7a60-42bd-8b77-4802d2383517,->,12acfc45-bdfb-4343-9004-9be15dfd844c,60cc982d-fcee-44db-bd09-5cbf4de4b2dc,8925c8d1-e3dc-4bb4-acff-997d791b4c2b
12acfc45-bdfb-4343-9004-9be15dfd844c,ddc68395-8de9-4f2b-8ea0-89b1aaf3ee59,2ebea55b-7a60-42bd-8b77-4802d2383517,->,12acfc45-bdfb-4343-9004-9be15dfd844c,60cc982d-fcee-44db-bd09-5cbf4de4b2dc,dae00769-4400-4c3d-b0bd-48bd1282ec10
12acfc45-bdfb-4343-9004-9be15dfd844c,ddc68395-8de9-4f2b-8ea0-89b1aaf3ee59,2ebea55b-7a60-42bd-8b77-4802d2383517,->,12acfc45-bdfb-4343-9004-9be15dfd844c,60cc982d-fcee-44db-bd09-5cbf4de4b2dc,288a3346-26e9-4d9e-958d-3d1158b8486b
12acfc45-bdfb-4343-9004-9be15dfd844c,ddc68395-8de9-4f2b-8ea0-89b1aaf3ee59,2ebea55b-7a60-42bd-8b77-4802d2383517,->,12acfc45-bdfb-4343-9004-9be15dfd844c,60cc982d-fcee-44db-bd09-5cbf4de4b2dc,569fc106-8b29-46ab-93b1-a329a219b751
12acfc45-bdfb-4343-9004-9be15dfd844c,ddc68395-8de9-4f2b-8ea0-89b1aaf3ee59,2ebea55b-7a60-42bd-8b77-4802d2383517,->,12acfc45-bdfb-4343-9004-9be15dfd844c,java/util/List.java,remove
12acfc45-bdfb-4343-9004-9be15dfd844c,ddc68395-8de9-4f2b-8ea0-89b1aaf3ee59,8f9593e4-6139-4b9e-b570-3616187bd24a,->,12acfc45-bdfb-4343-9004-9be15dfd844c,java/util/List.java,iterator
12acfc45-bdfb-4343-9004-9be15dfd844c,ddc68395-8de9-4f2b-8ea0-89b1aaf3ee59,8f9593e4-6139-4b9e-b570-3616187bd24a,->,12acfc45-bdfb-4343-9004-9be15dfd844c,java/util/Iterator.java,hasNext
12acfc45-bdfb-4343-9004-9be15dfd844c,ddc68395-8de9-4f2b-8ea0-89b1aaf3ee59,8f9593e4-6139-4b9e-b570-3616187bd24a,->,12acfc45-bdfb-4343-9004-9be15dfd844c,java/util/Iterator.java,next
12acfc45-bdfb-4343-9004-9be15dfd844c,ddc68395-8de9-4f2b-8ea0-89b1aaf3ee59,8f9593e4-6139-4b9e-b570-3616187bd24a,->,12acfc45-bdfb-4343-9004-9be15dfd844c,60cc982d-fcee-44db-bd09-5cbf4de4b2dc,569fc106-8b29-46ab-93b1-a329a219b751
12acfc45-bdfb-4343-9004-9be15dfd844c,ddc68395-8de9-4f2b-8ea0-89b1aaf3ee59,8f9593e4-6139-4b9e-b570-3616187bd24a,->,12acfc45-bdfb-4343-9004-9be15dfd844c,60cc982d-fcee-44db-bd09-5cbf4de4b2dc,dae00769-4400-4c3d-b0bd-48bd1282ec10
12acfc45-bdfb-4343-9004-9be15dfd844c,ddc68395-8de9-4f2b-8ea0-89b1aaf3ee59,8f9593e4-6139-4b9e-b570-3616187bd24a,->,12acfc45-bdfb-4343-9004-9be15dfd844c,60cc982d-fcee-44db-bd09-5cbf4de4b2dc,288a3346-26e9-4d9e-958d-3d1158b8486b
12acfc45-bdfb-4343-9004-9be15dfd844c,ddc68395-8de9-4f2b-8ea0-89b1aaf3ee59,6b7ed860-9f3b-400c-a253-d329ec04f8f0,->,12acfc45-bdfb-4343-9004-9be15dfd844c,java/util/List.java,iterator
12acfc45-bdfb-4343-9004-9be15dfd844c,ddc68395-8de9-4f2b-8ea0-89b1aaf3ee59,6b7ed860-9f3b-400c-a253-d329ec04f8f0,->,12acfc45-bdfb-4343-9004-9be15dfd844c,java/util/Iterator.java,hasNext
12acfc45-bdfb-4343-9004-9be15dfd844c,ddc68395-8de9-4f2b-8ea0-89b1aaf3ee59,6b7ed860-9f3b-400c-a253-d329ec04f8f0,->,12acfc45-bdfb-4343-9004-9be15dfd844c,java/util/Iterator.java,next
12acfc45-bdfb-4343-9004-9be15dfd844c,ddc68395-8de9-4f2b-8ea0-89b1aaf3ee59,6b7ed860-9f3b-400c-a253-d329ec04f8f0,->,12acfc45-bdfb-4343-9004-9be15dfd844c,217b73dc-0b41-471f-b9ba-e66fea343877,096d5f15-224a-4a7c-8c79-b6ab43a49720
12acfc45-bdfb-4343-9004-9be15dfd844c,ddc68395-8de9-4f2b-8ea0-89b1aaf3ee59,6b7ed860-9f3b-400c-a253-d329ec04f8f0,->,12acfc45-bdfb-4343-9004-9be15dfd844c,217b73dc-0b41-471f-b9ba-e66fea343877,000362bb-7fed-4d44-8673-8e3e7493b75b
12acfc45-bdfb-4343-9004-9be15dfd844c,ddc68395-8de9-4f2b-8ea0-89b1aaf3ee59,6b7ed860-9f3b-400c-a253-d329ec04f8f0,->,12acfc45-bdfb-4343-9004-9be15dfd844c,217b73dc-0b41-471f-b9ba-e66fea343877,cf504bac-9700-4c2f-b4bb-902a57a1e7f9
12acfc45-bdfb-4343-9004-9be15dfd844c,ddc68395-8de9-4f2b-8ea0-89b1aaf3ee59,6b7ed860-9f3b-400c-a253-d329ec04f8f0,->,12acfc45-bdfb-4343-9004-9be15dfd844c,217b73dc-0b41-471f-b9ba-e66fea343877,496c925a-9f23-49b7-b0a2-e154ebf0f63c
12acfc45-bdfb-4343-9004-9be15dfd844c,ddc68395-8de9-4f2b-8ea0-89b1aaf3ee59,57188457-3931-45eb-8050-11978f8023a1,->,12acfc45-bdfb-4343-9004-9be15dfd844c,java/io/File.java,length
12acfc45-bdfb-4343-9004-9be15dfd844c,ddc68395-8de9-4f2b-8ea0-89b1aaf3ee59,57188457-3931-45eb-8050-11978f8023a1,->,12acfc45-bdfb-4343-9004-9be15dfd844c,java/io/DataInputStream.java,readInt
12acfc45-bdfb-4343-9004-9be15dfd844c,ddc68395-8de9-4f2b-8ea0-89b1aaf3ee59,57188457-3931-45eb-8050-11978f8023a1,->,12acfc45-bdfb-4343-9004-9be15dfd844c,java/lang/Integer.java,valueOf
12acfc45-bdfb-4343-9004-9be15dfd844c,ddc68395-8de9-4f2b-8ea0-89b1aaf3ee59,57188457-3931-45eb-8050-11978f8023a1,->,12acfc45-bdfb-4343-9004-9be15dfd844c,java/io/DataInputStream.java,readUnsignedShort
12acfc45-bdfb-4343-9004-9be15dfd844c,ddc68395-8de9-4f2b-8ea0-89b1aaf3ee59,57188457-3931-45eb-8050-11978f8023a1,->,12acfc45-bdfb-4343-9004-9be15dfd844c,java/io/DataInputStream.java,readByte
12acfc45-bdfb-4343-9004-9be15dfd844c,ddc68395-8de9-4f2b-8ea0-89b1aaf3ee59,57188457-3931-45eb-8050-11978f8023a1,->,12acfc45-bdfb-4343-9004-9be15dfd844c,java/io/DataInputStream.java,readByte
12acfc45-bdfb-4343-9004-9be15dfd844c,ddc68395-8de9-4f2b-8ea0-89b1aaf3ee59,57188457-3931-45eb-8050-11978f8023a1,->,12acfc45-bdfb-4343-9004-9be15dfd844c,java/util/Map.java,put
12acfc45-bdfb-4343-9004-9be15dfd844c,ddc68395-8de9-4f2b-8ea0-89b1aaf3ee59,57188457-3931-45eb-8050-11978f8023a1,->,12acfc45-bdfb-4343-9004-9be15dfd844c,java/io/DataInputStream.java,close
12acfc45-bdfb-4343-9004-9be15dfd844c,ddc68395-8de9-4f2b-8ea0-89b1aaf3ee59,57188457-3931-45eb-8050-11978f8023a1,->,12acfc45-bdfb-4343-9004-9be15dfd844c,java/lang/Integer.java,valueOf
12acfc45-bdfb-4343-9004-9be15dfd844c,ddc68395-8de9-4f2b-8ea0-89b1aaf3ee59,57188457-3931-45eb-8050-11978f8023a1,->,12acfc45-bdfb-4343-9004-9be15dfd844c,java/util/Map.java,put
12acfc45-bdfb-4343-9004-9be15dfd844c,ddc68395-8de9-4f2b-8ea0-89b1aaf3ee59,57188457-3931-45eb-8050-11978f8023a1,->,12acfc45-bdfb-4343-9004-9be15dfd844c,java/lang/Integer.java,valueOf
12acfc45-bdfb-4343-9004-9be15dfd844c,ddc68395-8de9-4f2b-8ea0-89b1aaf3ee59,57188457-3931-45eb-8050-11978f8023a1,->,12acfc45-bdfb-4343-9004-9be15dfd844c,java/util/Map.java,put
12acfc45-bdfb-4343-9004-9be15dfd844c,ddc68395-8de9-4f2b-8ea0-89b1aaf3ee59,57188457-3931-45eb-8050-11978f8023a1,->,12acfc45-bdfb-4343-9004-9be15dfd844c,java/lang/Integer.java,valueOf
12acfc45-bdfb-4343-9004-9be15dfd844c,ddc68395-8de9-4f2b-8ea0-89b1aaf3ee59,57188457-3931-45eb-8050-11978f8023a1,->,12acfc45-bdfb-4343-9004-9be15dfd844c,java/util/Map.java,put
12acfc45-bdfb-4343-9004-9be15dfd844c,ddc68395-8de9-4f2b-8ea0-89b1aaf3ee59,57188457-3931-45eb-8050-11978f8023a1,->,12acfc45-bdfb-4343-9004-9be15dfd844c,java/lang/Integer.java,valueOf
12acfc45-bdfb-4343-9004-9be15dfd844c,ddc68395-8de9-4f2b-8ea0-89b1aaf3ee59,57188457-3931-45eb-8050-11978f8023a1,->,12acfc45-bdfb-4343-9004-9be15dfd844c,java/util/Map.java,put
12acfc45-bdfb-4343-9004-9be15dfd844c,ddc68395-8de9-4f2b-8ea0-89b1aaf3ee59,57188457-3931-45eb-8050-11978f8023a1,->,12acfc45-bdfb-4343-9004-9be15dfd844c,java/lang/Integer.java,valueOf
12acfc45-bdfb-4343-9004-9be15dfd844c,ddc68395-8de9-4f2b-8ea0-89b1aaf3ee59,57188457-3931-45eb-8050-11978f8023a1,->,12acfc45-bdfb-4343-9004-9be15dfd844c,java/util/Map.java,put
12acfc45-bdfb-4343-9004-9be15dfd844c,ddc68395-8de9-4f2b-8ea0-89b1aaf3ee59,57188457-3931-45eb-8050-11978f8023a1,->,12acfc45-bdfb-4343-9004-9be15dfd844c,java/lang/Exception.java,printStackTrace
12acfc45-bdfb-4343-9004-9be15dfd844c,ddc68395-8de9-4f2b-8ea0-89b1aaf3ee59,6db646ab-a11f-4a8a-82e7-bfda6a43e5f9,->,12acfc45-bdfb-4343-9004-9be15dfd844c,java/util/Map.java,size
12acfc45-bdfb-4343-9004-9be15dfd844c,ddc68395-8de9-4f2b-8ea0-89b1aaf3ee59,6db646ab-a11f-4a8a-82e7-bfda6a43e5f9,->,12acfc45-bdfb-4343-9004-9be15dfd844c,ddc68395-8de9-4f2b-8ea0-89b1aaf3ee59,57188457-3931-45eb-8050-11978f8023a1
12acfc45-bdfb-4343-9004-9be15dfd844c,ddc68395-8de9-4f2b-8ea0-89b1aaf3ee59,6db646ab-a11f-4a8a-82e7-bfda6a43e5f9,->,12acfc45-bdfb-4343-9004-9be15dfd844c,java/lang/Integer.java,valueOf
12acfc45-bdfb-4343-9004-9be15dfd844c,ddc68395-8de9-4f2b-8ea0-89b1aaf3ee59,6db646ab-a11f-4a8a-82e7-bfda6a43e5f9,->,12acfc45-bdfb-4343-9004-9be15dfd844c,java/util/Map.java,get
12acfc45-bdfb-4343-9004-9be15dfd844c,ddc68395-8de9-4f2b-8ea0-89b1aaf3ee59,6db646ab-a11f-4a8a-82e7-bfda6a43e5f9,->,12acfc45-bdfb-4343-9004-9be15dfd844c,java/lang/Integer.java,valueOf
12acfc45-bdfb-4343-9004-9be15dfd844c,ddc68395-8de9-4f2b-8ea0-89b1aaf3ee59,6db646ab-a11f-4a8a-82e7-bfda6a43e5f9,->,12acfc45-bdfb-4343-9004-9be15dfd844c,java/util/Map.java,get
12acfc45-bdfb-4343-9004-9be15dfd844c,ddc68395-8de9-4f2b-8ea0-89b1aaf3ee59,6db646ab-a11f-4a8a-82e7-bfda6a43e5f9,->,12acfc45-bdfb-4343-9004-9be15dfd844c,73264727-ecc5-4b87-acff-d5f4a6195321,50437da4-5a0d-4697-bbb6-9c0dfc36bb6d
12acfc45-bdfb-4343-9004-9be15dfd844c,ddc68395-8de9-4f2b-8ea0-89b1aaf3ee59,ade74d52-4563-4823-8ab7-abfe03013f1a,->,12acfc45-bdfb-4343-9004-9be15dfd844c,java/util/Map.java,size
12acfc45-bdfb-4343-9004-9be15dfd844c,ddc68395-8de9-4f2b-8ea0-89b1aaf3ee59,ade74d52-4563-4823-8ab7-abfe03013f1a,->,12acfc45-bdfb-4343-9004-9be15dfd844c,ddc68395-8de9-4f2b-8ea0-89b1aaf3ee59,57188457-3931-45eb-8050-11978f8023a1
12acfc45-bdfb-4343-9004-9be15dfd844c,ddc68395-8de9-4f2b-8ea0-89b1aaf3ee59,ade74d52-4563-4823-8ab7-abfe03013f1a,->,12acfc45-bdfb-4343-9004-9be15dfd844c,java/lang/Integer.java,valueOf
12acfc45-bdfb-4343-9004-9be15dfd844c,ddc68395-8de9-4f2b-8ea0-89b1aaf3ee59,ade74d52-4563-4823-8ab7-abfe03013f1a,->,12acfc45-bdfb-4343-9004-9be15dfd844c,java/util/Map.java,get
12acfc45-bdfb-4343-9004-9be15dfd844c,ddc68395-8de9-4f2b-8ea0-89b1aaf3ee59,ade74d52-4563-4823-8ab7-abfe03013f1a,->,12acfc45-bdfb-4343-9004-9be15dfd844c,java/lang/Integer.java,valueOf
12acfc45-bdfb-4343-9004-9be15dfd844c,ddc68395-8de9-4f2b-8ea0-89b1aaf3ee59,ade74d52-4563-4823-8ab7-abfe03013f1a,->,12acfc45-bdfb-4343-9004-9be15dfd844c,java/util/Map.java,get
12acfc45-bdfb-4343-9004-9be15dfd844c,ddc68395-8de9-4f2b-8ea0-89b1aaf3ee59,ade74d52-4563-4823-8ab7-abfe03013f1a,->,12acfc45-bdfb-4343-9004-9be15dfd844c,73264727-ecc5-4b87-acff-d5f4a6195321,dc09bc77-090a-4057-bc2c-43877d73bfa3
12acfc45-bdfb-4343-9004-9be15dfd844c,ddc68395-8de9-4f2b-8ea0-89b1aaf3ee59,62a69ea8-ea7a-4c13-a36e-4e42c881186b,->,12acfc45-bdfb-4343-9004-9be15dfd844c,java/util/List.java,iterator
12acfc45-bdfb-4343-9004-9be15dfd844c,ddc68395-8de9-4f2b-8ea0-89b1aaf3ee59,62a69ea8-ea7a-4c13-a36e-4e42c881186b,->,12acfc45-bdfb-4343-9004-9be15dfd844c,java/util/Iterator.java,hasNext
12acfc45-bdfb-4343-9004-9be15dfd844c,ddc68395-8de9-4f2b-8ea0-89b1aaf3ee59,62a69ea8-ea7a-4c13-a36e-4e42c881186b,->,12acfc45-bdfb-4343-9004-9be15dfd844c,java/util/Iterator.java,next
12acfc45-bdfb-4343-9004-9be15dfd844c,ddc68395-8de9-4f2b-8ea0-89b1aaf3ee59,62a69ea8-ea7a-4c13-a36e-4e42c881186b,->,12acfc45-bdfb-4343-9004-9be15dfd844c,217b73dc-0b41-471f-b9ba-e66fea343877,096d5f15-224a-4a7c-8c79-b6ab43a49720
12acfc45-bdfb-4343-9004-9be15dfd844c,ddc68395-8de9-4f2b-8ea0-89b1aaf3ee59,62a69ea8-ea7a-4c13-a36e-4e42c881186b,->,12acfc45-bdfb-4343-9004-9be15dfd844c,217b73dc-0b41-471f-b9ba-e66fea343877,8c2b41a0-6e2b-41da-a915-1ad1eb766b0a
12acfc45-bdfb-4343-9004-9be15dfd844c,ddc68395-8de9-4f2b-8ea0-89b1aaf3ee59,62a69ea8-ea7a-4c13-a36e-4e42c881186b,->,12acfc45-bdfb-4343-9004-9be15dfd844c,217b73dc-0b41-471f-b9ba-e66fea343877,000362bb-7fed-4d44-8673-8e3e7493b75b
12acfc45-bdfb-4343-9004-9be15dfd844c,ddc68395-8de9-4f2b-8ea0-89b1aaf3ee59,62a69ea8-ea7a-4c13-a36e-4e42c881186b,->,12acfc45-bdfb-4343-9004-9be15dfd844c,217b73dc-0b41-471f-b9ba-e66fea343877,cf504bac-9700-4c2f-b4bb-902a57a1e7f9
12acfc45-bdfb-4343-9004-9be15dfd844c,ddc68395-8de9-4f2b-8ea0-89b1aaf3ee59,c6f64d5a-9233-458d-afb7-d9f0719f16a6,->,12acfc45-bdfb-4343-9004-9be15dfd844c,java/util/List.java,iterator
12acfc45-bdfb-4343-9004-9be15dfd844c,ddc68395-8de9-4f2b-8ea0-89b1aaf3ee59,c6f64d5a-9233-458d-afb7-d9f0719f16a6,->,12acfc45-bdfb-4343-9004-9be15dfd844c,java/util/Iterator.java,hasNext
12acfc45-bdfb-4343-9004-9be15dfd844c,ddc68395-8de9-4f2b-8ea0-89b1aaf3ee59,c6f64d5a-9233-458d-afb7-d9f0719f16a6,->,12acfc45-bdfb-4343-9004-9be15dfd844c,java/util/Iterator.java,next
12acfc45-bdfb-4343-9004-9be15dfd844c,ddc68395-8de9-4f2b-8ea0-89b1aaf3ee59,c6f64d5a-9233-458d-afb7-d9f0719f16a6,->,12acfc45-bdfb-4343-9004-9be15dfd844c,217b73dc-0b41-471f-b9ba-e66fea343877,096d5f15-224a-4a7c-8c79-b6ab43a49720
12acfc45-bdfb-4343-9004-9be15dfd844c,ddc68395-8de9-4f2b-8ea0-89b1aaf3ee59,c6f64d5a-9233-458d-afb7-d9f0719f16a6,->,12acfc45-bdfb-4343-9004-9be15dfd844c,217b73dc-0b41-471f-b9ba-e66fea343877,8c2b41a0-6e2b-41da-a915-1ad1eb766b0a
12acfc45-bdfb-4343-9004-9be15dfd844c,ddc68395-8de9-4f2b-8ea0-89b1aaf3ee59,c6f64d5a-9233-458d-afb7-d9f0719f16a6,->,12acfc45-bdfb-4343-9004-9be15dfd844c,217b73dc-0b41-471f-b9ba-e66fea343877,000362bb-7fed-4d44-8673-8e3e7493b75b
12acfc45-bdfb-4343-9004-9be15dfd844c,ddc68395-8de9-4f2b-8ea0-89b1aaf3ee59,c6f64d5a-9233-458d-afb7-d9f0719f16a6,->,12acfc45-bdfb-4343-9004-9be15dfd844c,217b73dc-0b41-471f-b9ba-e66fea343877,cf504bac-9700-4c2f-b4bb-902a57a1e7f9
12acfc45-bdfb-4343-9004-9be15dfd844c,ddc68395-8de9-4f2b-8ea0-89b1aaf3ee59,0fb30fa8-15ef-453a-9767-7c9936e45281,->,12acfc45-bdfb-4343-9004-9be15dfd844c,java/util/Map.java,size
12acfc45-bdfb-4343-9004-9be15dfd844c,ddc68395-8de9-4f2b-8ea0-89b1aaf3ee59,0fb30fa8-15ef-453a-9767-7c9936e45281,->,12acfc45-bdfb-4343-9004-9be15dfd844c,ddc68395-8de9-4f2b-8ea0-89b1aaf3ee59,57188457-3931-45eb-8050-11978f8023a1
12acfc45-bdfb-4343-9004-9be15dfd844c,ddc68395-8de9-4f2b-8ea0-89b1aaf3ee59,0fb30fa8-15ef-453a-9767-7c9936e45281,->,12acfc45-bdfb-4343-9004-9be15dfd844c,java/lang/Integer.java,valueOf
12acfc45-bdfb-4343-9004-9be15dfd844c,ddc68395-8de9-4f2b-8ea0-89b1aaf3ee59,0fb30fa8-15ef-453a-9767-7c9936e45281,->,12acfc45-bdfb-4343-9004-9be15dfd844c,java/util/Map.java,get
12acfc45-bdfb-4343-9004-9be15dfd844c,ddc68395-8de9-4f2b-8ea0-89b1aaf3ee59,0fb30fa8-15ef-453a-9767-7c9936e45281,->,12acfc45-bdfb-4343-9004-9be15dfd844c,java/lang/Integer.java,valueOf
12acfc45-bdfb-4343-9004-9be15dfd844c,ddc68395-8de9-4f2b-8ea0-89b1aaf3ee59,0fb30fa8-15ef-453a-9767-7c9936e45281,->,12acfc45-bdfb-4343-9004-9be15dfd844c,java/util/Map.java,get
12acfc45-bdfb-4343-9004-9be15dfd844c,ddc68395-8de9-4f2b-8ea0-89b1aaf3ee59,0fb30fa8-15ef-453a-9767-7c9936e45281,->,12acfc45-bdfb-4343-9004-9be15dfd844c,73264727-ecc5-4b87-acff-d5f4a6195321,95f779d1-9f01-48b0-a67c-b777e2680dc2
12acfc45-bdfb-4343-9004-9be15dfd844c,ddc68395-8de9-4f2b-8ea0-89b1aaf3ee59,f80c5d6b-8e5e-427e-b61b-5e66315bd692,->,12acfc45-bdfb-4343-9004-9be15dfd844c,java/util/Map.java,size
12acfc45-bdfb-4343-9004-9be15dfd844c,ddc68395-8de9-4f2b-8ea0-89b1aaf3ee59,f80c5d6b-8e5e-427e-b61b-5e66315bd692,->,12acfc45-bdfb-4343-9004-9be15dfd844c,ddc68395-8de9-4f2b-8ea0-89b1aaf3ee59,57188457-3931-45eb-8050-11978f8023a1
12acfc45-bdfb-4343-9004-9be15dfd844c,ddc68395-8de9-4f2b-8ea0-89b1aaf3ee59,f80c5d6b-8e5e-427e-b61b-5e66315bd692,->,12acfc45-bdfb-4343-9004-9be15dfd844c,java/lang/Integer.java,valueOf
12acfc45-bdfb-4343-9004-9be15dfd844c,ddc68395-8de9-4f2b-8ea0-89b1aaf3ee59,f80c5d6b-8e5e-427e-b61b-5e66315bd692,->,12acfc45-bdfb-4343-9004-9be15dfd844c,java/util/Map.java,get
12acfc45-bdfb-4343-9004-9be15dfd844c,ddc68395-8de9-4f2b-8ea0-89b1aaf3ee59,fa3bfdef-6708-4f08-aff6-f30717ad3fb0,->,12acfc45-bdfb-4343-9004-9be15dfd844c,java/util/Map.java,size
12acfc45-bdfb-4343-9004-9be15dfd844c,ddc68395-8de9-4f2b-8ea0-89b1aaf3ee59,fa3bfdef-6708-4f08-aff6-f30717ad3fb0,->,12acfc45-bdfb-4343-9004-9be15dfd844c,ddc68395-8de9-4f2b-8ea0-89b1aaf3ee59,57188457-3931-45eb-8050-11978f8023a1
12acfc45-bdfb-4343-9004-9be15dfd844c,ddc68395-8de9-4f2b-8ea0-89b1aaf3ee59,fa3bfdef-6708-4f08-aff6-f30717ad3fb0,->,12acfc45-bdfb-4343-9004-9be15dfd844c,java/lang/Integer.java,valueOf
12acfc45-bdfb-4343-9004-9be15dfd844c,ddc68395-8de9-4f2b-8ea0-89b1aaf3ee59,fa3bfdef-6708-4f08-aff6-f30717ad3fb0,->,12acfc45-bdfb-4343-9004-9be15dfd844c,java/util/Map.java,get
12acfc45-bdfb-4343-9004-9be15dfd844c,ddc68395-8de9-4f2b-8ea0-89b1aaf3ee59,fa3bfdef-6708-4f08-aff6-f30717ad3fb0,->,12acfc45-bdfb-4343-9004-9be15dfd844c,java/lang/Integer.java,valueOf
12acfc45-bdfb-4343-9004-9be15dfd844c,ddc68395-8de9-4f2b-8ea0-89b1aaf3ee59,fa3bfdef-6708-4f08-aff6-f30717ad3fb0,->,12acfc45-bdfb-4343-9004-9be15dfd844c,java/util/Map.java,get
12acfc45-bdfb-4343-9004-9be15dfd844c,ddc68395-8de9-4f2b-8ea0-89b1aaf3ee59,fa3bfdef-6708-4f08-aff6-f30717ad3fb0,->,12acfc45-bdfb-4343-9004-9be15dfd844c,73264727-ecc5-4b87-acff-d5f4a6195321,0b441f51-58ad-4ea2-9cad-45f8788fbc14
12acfc45-bdfb-4343-9004-9be15dfd844c,ddc68395-8de9-4f2b-8ea0-89b1aaf3ee59,96d71e91-89ee-4360-ba31-40e413f5cf36,->,12acfc45-bdfb-4343-9004-9be15dfd844c,java/io/File.java,length
12acfc45-bdfb-4343-9004-9be15dfd844c,ddc68395-8de9-4f2b-8ea0-89b1aaf3ee59,96d71e91-89ee-4360-ba31-40e413f5cf36,->,12acfc45-bdfb-4343-9004-9be15dfd844c,java/io/DataInputStream.java,readShort
12acfc45-bdfb-4343-9004-9be15dfd844c,ddc68395-8de9-4f2b-8ea0-89b1aaf3ee59,96d71e91-89ee-4360-ba31-40e413f5cf36,->,12acfc45-bdfb-4343-9004-9be15dfd844c,java/lang/Integer.java,valueOf
12acfc45-bdfb-4343-9004-9be15dfd844c,ddc68395-8de9-4f2b-8ea0-89b1aaf3ee59,96d71e91-89ee-4360-ba31-40e413f5cf36,->,12acfc45-bdfb-4343-9004-9be15dfd844c,java/util/Map.java,put
12acfc45-bdfb-4343-9004-9be15dfd844c,ddc68395-8de9-4f2b-8ea0-89b1aaf3ee59,96d71e91-89ee-4360-ba31-40e413f5cf36,->,12acfc45-bdfb-4343-9004-9be15dfd844c,java/io/DataInputStream.java,close
12acfc45-bdfb-4343-9004-9be15dfd844c,ddc68395-8de9-4f2b-8ea0-89b1aaf3ee59,96d71e91-89ee-4360-ba31-40e413f5cf36,->,12acfc45-bdfb-4343-9004-9be15dfd844c,java/lang/Exception.java,printStackTrace
12acfc45-bdfb-4343-9004-9be15dfd844c,ddc68395-8de9-4f2b-8ea0-89b1aaf3ee59,8d6a444c-5b8d-407f-93a4-e9cea9e5fdd7,->,12acfc45-bdfb-4343-9004-9be15dfd844c,java/util/Map.java,size
12acfc45-bdfb-4343-9004-9be15dfd844c,ddc68395-8de9-4f2b-8ea0-89b1aaf3ee59,8d6a444c-5b8d-407f-93a4-e9cea9e5fdd7,->,12acfc45-bdfb-4343-9004-9be15dfd844c,ddc68395-8de9-4f2b-8ea0-89b1aaf3ee59,96d71e91-89ee-4360-ba31-40e413f5cf36
12acfc45-bdfb-4343-9004-9be15dfd844c,ddc68395-8de9-4f2b-8ea0-89b1aaf3ee59,8d6a444c-5b8d-407f-93a4-e9cea9e5fdd7,->,12acfc45-bdfb-4343-9004-9be15dfd844c,java/lang/Integer.java,valueOf
12acfc45-bdfb-4343-9004-9be15dfd844c,ddc68395-8de9-4f2b-8ea0-89b1aaf3ee59,8d6a444c-5b8d-407f-93a4-e9cea9e5fdd7,->,12acfc45-bdfb-4343-9004-9be15dfd844c,java/util/Map.java,get
12acfc45-bdfb-4343-9004-9be15dfd844c,ddc68395-8de9-4f2b-8ea0-89b1aaf3ee59,8d6a444c-5b8d-407f-93a4-e9cea9e5fdd7,->,12acfc45-bdfb-4343-9004-9be15dfd844c,java/lang/Integer.java,valueOf
12acfc45-bdfb-4343-9004-9be15dfd844c,ddc68395-8de9-4f2b-8ea0-89b1aaf3ee59,8d6a444c-5b8d-407f-93a4-e9cea9e5fdd7,->,12acfc45-bdfb-4343-9004-9be15dfd844c,java/util/Map.java,get
12acfc45-bdfb-4343-9004-9be15dfd844c,ddc68395-8de9-4f2b-8ea0-89b1aaf3ee59,8d6a444c-5b8d-407f-93a4-e9cea9e5fdd7,->,12acfc45-bdfb-4343-9004-9be15dfd844c,java/lang/Integer.java,valueOf
12acfc45-bdfb-4343-9004-9be15dfd844c,ddc68395-8de9-4f2b-8ea0-89b1aaf3ee59,8d6a444c-5b8d-407f-93a4-e9cea9e5fdd7,->,12acfc45-bdfb-4343-9004-9be15dfd844c,java/util/Map.java,get
12acfc45-bdfb-4343-9004-9be15dfd844c,ddc68395-8de9-4f2b-8ea0-89b1aaf3ee59,8d6a444c-5b8d-407f-93a4-e9cea9e5fdd7,->,12acfc45-bdfb-4343-9004-9be15dfd844c,ddc68395-8de9-4f2b-8ea0-89b1aaf3ee59,6db646ab-a11f-4a8a-82e7-bfda6a43e5f9
12acfc45-bdfb-4343-9004-9be15dfd844c,ddc68395-8de9-4f2b-8ea0-89b1aaf3ee59,8d6a444c-5b8d-407f-93a4-e9cea9e5fdd7,->,12acfc45-bdfb-4343-9004-9be15dfd844c,java/awt/Rectangle.java,contains
12acfc45-bdfb-4343-9004-9be15dfd844c,ddc68395-8de9-4f2b-8ea0-89b1aaf3ee59,8d6a444c-5b8d-407f-93a4-e9cea9e5fdd7,->,12acfc45-bdfb-4343-9004-9be15dfd844c,java/awt/Rectangle.java,contains
12acfc45-bdfb-4343-9004-9be15dfd844c,ddc68395-8de9-4f2b-8ea0-89b1aaf3ee59,c7ec5d4d-df04-4e59-9258-10323baa27cc,->,12acfc45-bdfb-4343-9004-9be15dfd844c,java/util/Map.java,size
12acfc45-bdfb-4343-9004-9be15dfd844c,ddc68395-8de9-4f2b-8ea0-89b1aaf3ee59,c7ec5d4d-df04-4e59-9258-10323baa27cc,->,12acfc45-bdfb-4343-9004-9be15dfd844c,ddc68395-8de9-4f2b-8ea0-89b1aaf3ee59,96d71e91-89ee-4360-ba31-40e413f5cf36
12acfc45-bdfb-4343-9004-9be15dfd844c,ddc68395-8de9-4f2b-8ea0-89b1aaf3ee59,c7ec5d4d-df04-4e59-9258-10323baa27cc,->,12acfc45-bdfb-4343-9004-9be15dfd844c,ddc68395-8de9-4f2b-8ea0-89b1aaf3ee59,62a69ea8-ea7a-4c13-a36e-4e42c881186b
12acfc45-bdfb-4343-9004-9be15dfd844c,ddc68395-8de9-4f2b-8ea0-89b1aaf3ee59,c7ec5d4d-df04-4e59-9258-10323baa27cc,->,12acfc45-bdfb-4343-9004-9be15dfd844c,ddc68395-8de9-4f2b-8ea0-89b1aaf3ee59,c6f64d5a-9233-458d-afb7-d9f0719f16a6
12acfc45-bdfb-4343-9004-9be15dfd844c,ddc68395-8de9-4f2b-8ea0-89b1aaf3ee59,c7ec5d4d-df04-4e59-9258-10323baa27cc,->,12acfc45-bdfb-4343-9004-9be15dfd844c,217b73dc-0b41-471f-b9ba-e66fea343877,8ea57166-b642-4bf0-935e-b01abfdc1482
12acfc45-bdfb-4343-9004-9be15dfd844c,ddc68395-8de9-4f2b-8ea0-89b1aaf3ee59,c7ec5d4d-df04-4e59-9258-10323baa27cc,->,12acfc45-bdfb-4343-9004-9be15dfd844c,ddc68395-8de9-4f2b-8ea0-89b1aaf3ee59,6db646ab-a11f-4a8a-82e7-bfda6a43e5f9
12acfc45-bdfb-4343-9004-9be15dfd844c,6dd0c5db-72ba-4498-883f-a3c8c3333519,0f6fdce9-03cb-4264-b397-85923579fb61,->,12acfc45-bdfb-4343-9004-9be15dfd844c,c146a5f0-78b4-45a0-b9b3-259854a2bafa,29fa1368-dc5a-46cb-887e-81e4fea1cc30
12acfc45-bdfb-4343-9004-9be15dfd844c,6dd0c5db-72ba-4498-883f-a3c8c3333519,2c14e4eb-2b3e-4056-bf8e-5218f96f0ad5,->,12acfc45-bdfb-4343-9004-9be15dfd844c,c146a5f0-78b4-45a0-b9b3-259854a2bafa,e08bf090-2128-4655-9c9f-754a6610e3a6
12acfc45-bdfb-4343-9004-9be15dfd844c,6dd0c5db-72ba-4498-883f-a3c8c3333519,045a19d1-a0c5-4ffc-bdec-013d87276aaa,->,12acfc45-bdfb-4343-9004-9be15dfd844c,6dd0c5db-72ba-4498-883f-a3c8c3333519,bd75dbf4-cbd3-43af-bfa5-34b8aff899dc
12acfc45-bdfb-4343-9004-9be15dfd844c,3ab0cc49-78c3-45ed-a03a-f251199dfbb9,ec9b733b-81c8-4902-a86e-c3301d67cecb,->,12acfc45-bdfb-4343-9004-9be15dfd844c,java/util/List.java,add
12acfc45-bdfb-4343-9004-9be15dfd844c,3ab0cc49-78c3-45ed-a03a-f251199dfbb9,d719c34b-e0d2-473f-8e9a-936cfc6b4522,->,12acfc45-bdfb-4343-9004-9be15dfd844c,java/util/List.java,add
12acfc45-bdfb-4343-9004-9be15dfd844c,3ab0cc49-78c3-45ed-a03a-f251199dfbb9,1e528a55-117a-42c8-a641-245b770ccb5d,->,12acfc45-bdfb-4343-9004-9be15dfd844c,java/util/List.java,iterator
12acfc45-bdfb-4343-9004-9be15dfd844c,3ab0cc49-78c3-45ed-a03a-f251199dfbb9,1e528a55-117a-42c8-a641-245b770ccb5d,->,12acfc45-bdfb-4343-9004-9be15dfd844c,java/util/Iterator.java,hasNext
12acfc45-bdfb-4343-9004-9be15dfd844c,3ab0cc49-78c3-45ed-a03a-f251199dfbb9,1e528a55-117a-42c8-a641-245b770ccb5d,->,12acfc45-bdfb-4343-9004-9be15dfd844c,java/util/Iterator.java,next
12acfc45-bdfb-4343-9004-9be15dfd844c,3ab0cc49-78c3-45ed-a03a-f251199dfbb9,1e528a55-117a-42c8-a641-245b770ccb5d,->,12acfc45-bdfb-4343-9004-9be15dfd844c,6dd0c5db-72ba-4498-883f-a3c8c3333519,045a19d1-a0c5-4ffc-bdec-013d87276aaa
12acfc45-bdfb-4343-9004-9be15dfd844c,3ab0cc49-78c3-45ed-a03a-f251199dfbb9,1e528a55-117a-42c8-a641-245b770ccb5d,->,12acfc45-bdfb-4343-9004-9be15dfd844c,6dd0c5db-72ba-4498-883f-a3c8c3333519,0f6fdce9-03cb-4264-b397-85923579fb61
12acfc45-bdfb-4343-9004-9be15dfd844c,3ab0cc49-78c3-45ed-a03a-f251199dfbb9,1e528a55-117a-42c8-a641-245b770ccb5d,->,12acfc45-bdfb-4343-9004-9be15dfd844c,6dd0c5db-72ba-4498-883f-a3c8c3333519,bd75dbf4-cbd3-43af-bfa5-34b8aff899dc
12acfc45-bdfb-4343-9004-9be15dfd844c,3ab0cc49-78c3-45ed-a03a-f251199dfbb9,1e528a55-117a-42c8-a641-245b770ccb5d,->,12acfc45-bdfb-4343-9004-9be15dfd844c,java/util/List.java,add
12acfc45-bdfb-4343-9004-9be15dfd844c,3ab0cc49-78c3-45ed-a03a-f251199dfbb9,1e528a55-117a-42c8-a641-245b770ccb5d,->,12acfc45-bdfb-4343-9004-9be15dfd844c,java/util/List.java,iterator
12acfc45-bdfb-4343-9004-9be15dfd844c,3ab0cc49-78c3-45ed-a03a-f251199dfbb9,1e528a55-117a-42c8-a641-245b770ccb5d,->,12acfc45-bdfb-4343-9004-9be15dfd844c,java/util/Iterator.java,hasNext
12acfc45-bdfb-4343-9004-9be15dfd844c,3ab0cc49-78c3-45ed-a03a-f251199dfbb9,1e528a55-117a-42c8-a641-245b770ccb5d,->,12acfc45-bdfb-4343-9004-9be15dfd844c,java/util/Iterator.java,next
12acfc45-bdfb-4343-9004-9be15dfd844c,3ab0cc49-78c3-45ed-a03a-f251199dfbb9,1e528a55-117a-42c8-a641-245b770ccb5d,->,12acfc45-bdfb-4343-9004-9be15dfd844c,java/util/List.java,remove
12acfc45-bdfb-4343-9004-9be15dfd844c,3ab0cc49-78c3-45ed-a03a-f251199dfbb9,a70e4bb4-5875-4cc7-9ec0-8951e8685567,->,12acfc45-bdfb-4343-9004-9be15dfd844c,java/util/List.java,size
12acfc45-bdfb-4343-9004-9be15dfd844c,3ab0cc49-78c3-45ed-a03a-f251199dfbb9,"b78655c5-bf58-474d-88b3-601f4c78ef8e,5ce60758-2732-401c-ae20-807f2dd5dbc4",->,12acfc45-bdfb-4343-9004-9be15dfd844c,java/util/List.java,iterator
12acfc45-bdfb-4343-9004-9be15dfd844c,3ab0cc49-78c3-45ed-a03a-f251199dfbb9,"b78655c5-bf58-474d-88b3-601f4c78ef8e,5ce60758-2732-401c-ae20-807f2dd5dbc4",->,12acfc45-bdfb-4343-9004-9be15dfd844c,java/util/Iterator.java,hasNext
12acfc45-bdfb-4343-9004-9be15dfd844c,3ab0cc49-78c3-45ed-a03a-f251199dfbb9,"b78655c5-bf58-474d-88b3-601f4c78ef8e,5ce60758-2732-401c-ae20-807f2dd5dbc4",->,12acfc45-bdfb-4343-9004-9be15dfd844c,java/util/Iterator.java,next
12acfc45-bdfb-4343-9004-9be15dfd844c,3ab0cc49-78c3-45ed-a03a-f251199dfbb9,"b78655c5-bf58-474d-88b3-601f4c78ef8e,5ce60758-2732-401c-ae20-807f2dd5dbc4",->,12acfc45-bdfb-4343-9004-9be15dfd844c,6dd0c5db-72ba-4498-883f-a3c8c3333519,f5f88d76-3183-4bfe-865d-592e05443d74
12acfc45-bdfb-4343-9004-9be15dfd844c,3ab0cc49-78c3-45ed-a03a-f251199dfbb9,"b78655c5-bf58-474d-88b3-601f4c78ef8e,5ce60758-2732-401c-ae20-807f2dd5dbc4",->,12acfc45-bdfb-4343-9004-9be15dfd844c,6dd0c5db-72ba-4498-883f-a3c8c3333519,2c14e4eb-2b3e-4056-bf8e-5218f96f0ad5
12acfc45-bdfb-4343-9004-9be15dfd844c,3ab0cc49-78c3-45ed-a03a-f251199dfbb9,d0338607-92fe-43a0-907b-4222ccbe3ebb,->,12acfc45-bdfb-4343-9004-9be15dfd844c,java/util/List.java,iterator
12acfc45-bdfb-4343-9004-9be15dfd844c,3ab0cc49-78c3-45ed-a03a-f251199dfbb9,d0338607-92fe-43a0-907b-4222ccbe3ebb,->,12acfc45-bdfb-4343-9004-9be15dfd844c,java/util/Iterator.java,hasNext
12acfc45-bdfb-4343-9004-9be15dfd844c,3ab0cc49-78c3-45ed-a03a-f251199dfbb9,d0338607-92fe-43a0-907b-4222ccbe3ebb,->,12acfc45-bdfb-4343-9004-9be15dfd844c,java/util/Iterator.java,next
12acfc45-bdfb-4343-9004-9be15dfd844c,3ab0cc49-78c3-45ed-a03a-f251199dfbb9,d0338607-92fe-43a0-907b-4222ccbe3ebb,->,12acfc45-bdfb-4343-9004-9be15dfd844c,6dd0c5db-72ba-4498-883f-a3c8c3333519,f5f88d76-3183-4bfe-865d-592e05443d74
12acfc45-bdfb-4343-9004-9be15dfd844c,3ab0cc49-78c3-45ed-a03a-f251199dfbb9,d0338607-92fe-43a0-907b-4222ccbe3ebb,->,12acfc45-bdfb-4343-9004-9be15dfd844c,6dd0c5db-72ba-4498-883f-a3c8c3333519,14851945-aa26-4cb6-8e4e-d4712a8c801d
12acfc45-bdfb-4343-9004-9be15dfd844c,3ab0cc49-78c3-45ed-a03a-f251199dfbb9,d0338607-92fe-43a0-907b-4222ccbe3ebb,->,12acfc45-bdfb-4343-9004-9be15dfd844c,6dd0c5db-72ba-4498-883f-a3c8c3333519,2c14e4eb-2b3e-4056-bf8e-5218f96f0ad5
12acfc45-bdfb-4343-9004-9be15dfd844c,3ab0cc49-78c3-45ed-a03a-f251199dfbb9,"b78655c5-bf58-474d-88b3-601f4c78ef8e,5ce60758-2732-401c-ae20-807f2dd5dbc4",->,12acfc45-bdfb-4343-9004-9be15dfd844c,java/util/List.java,iterator
12acfc45-bdfb-4343-9004-9be15dfd844c,3ab0cc49-78c3-45ed-a03a-f251199dfbb9,"b78655c5-bf58-474d-88b3-601f4c78ef8e,5ce60758-2732-401c-ae20-807f2dd5dbc4",->,12acfc45-bdfb-4343-9004-9be15dfd844c,java/util/Iterator.java,hasNext
12acfc45-bdfb-4343-9004-9be15dfd844c,3ab0cc49-78c3-45ed-a03a-f251199dfbb9,"b78655c5-bf58-474d-88b3-601f4c78ef8e,5ce60758-2732-401c-ae20-807f2dd5dbc4",->,12acfc45-bdfb-4343-9004-9be15dfd844c,java/util/Iterator.java,next
12acfc45-bdfb-4343-9004-9be15dfd844c,3ab0cc49-78c3-45ed-a03a-f251199dfbb9,"b78655c5-bf58-474d-88b3-601f4c78ef8e,5ce60758-2732-401c-ae20-807f2dd5dbc4",->,12acfc45-bdfb-4343-9004-9be15dfd844c,6dd0c5db-72ba-4498-883f-a3c8c3333519,14851945-aa26-4cb6-8e4e-d4712a8c801d
12acfc45-bdfb-4343-9004-9be15dfd844c,3ab0cc49-78c3-45ed-a03a-f251199dfbb9,"b78655c5-bf58-474d-88b3-601f4c78ef8e,5ce60758-2732-401c-ae20-807f2dd5dbc4",->,12acfc45-bdfb-4343-9004-9be15dfd844c,6dd0c5db-72ba-4498-883f-a3c8c3333519,2c14e4eb-2b3e-4056-bf8e-5218f96f0ad5
12acfc45-bdfb-4343-9004-9be15dfd844c,3965f707-1cd7-401e-a382-9bc2033eee36,fa09ed7b-e856-4734-bd30-fd01fe5f521c,->,12acfc45-bdfb-4343-9004-9be15dfd844c,java/util/concurrent/ScheduledExecutorService.java,shutdown
12acfc45-bdfb-4343-9004-9be15dfd844c,3965f707-1cd7-401e-a382-9bc2033eee36,d8a49e47-e480-422e-aaca-f57c16fb1bc7,->,12acfc45-bdfb-4343-9004-9be15dfd844c,6c2117cc-5e9d-441e-8552-601064db66b4,cf6b4d7e-c50c-442d-9dac-5a7183f64a87
12acfc45-bdfb-4343-9004-9be15dfd844c,3965f707-1cd7-401e-a382-9bc2033eee36,d8a49e47-e480-422e-aaca-f57c16fb1bc7,->,12acfc45-bdfb-4343-9004-9be15dfd844c,java/util/concurrent/ScheduledExecutorService.java,execute
12acfc45-bdfb-4343-9004-9be15dfd844c,3965f707-1cd7-401e-a382-9bc2033eee36,d8a49e47-e480-422e-aaca-f57c16fb1bc7,->,12acfc45-bdfb-4343-9004-9be15dfd844c,java/util/Queue.java,add
12acfc45-bdfb-4343-9004-9be15dfd844c,3965f707-1cd7-401e-a382-9bc2033eee36,"26cfc09a-3bac-45b0-935f-595bbbb1ffcd,4f577dec-58f8-40cf-9ce3-3868d4e691ed",->,12acfc45-bdfb-4343-9004-9be15dfd844c,java/util/Queue.java,poll
12acfc45-bdfb-4343-9004-9be15dfd844c,3965f707-1cd7-401e-a382-9bc2033eee36,"26cfc09a-3bac-45b0-935f-595bbbb1ffcd,4f577dec-58f8-40cf-9ce3-3868d4e691ed",->,12acfc45-bdfb-4343-9004-9be15dfd844c,java/util/List.java,add
12acfc45-bdfb-4343-9004-9be15dfd844c,3965f707-1cd7-401e-a382-9bc2033eee36,"26cfc09a-3bac-45b0-935f-595bbbb1ffcd,4f577dec-58f8-40cf-9ce3-3868d4e691ed",->,12acfc45-bdfb-4343-9004-9be15dfd844c,java/util/List.java,iterator
12acfc45-bdfb-4343-9004-9be15dfd844c,3965f707-1cd7-401e-a382-9bc2033eee36,"26cfc09a-3bac-45b0-935f-595bbbb1ffcd,4f577dec-58f8-40cf-9ce3-3868d4e691ed",->,12acfc45-bdfb-4343-9004-9be15dfd844c,java/util/Iterator.java,hasNext
12acfc45-bdfb-4343-9004-9be15dfd844c,3965f707-1cd7-401e-a382-9bc2033eee36,"26cfc09a-3bac-45b0-935f-595bbbb1ffcd,4f577dec-58f8-40cf-9ce3-3868d4e691ed",->,12acfc45-bdfb-4343-9004-9be15dfd844c,java/util/Iterator.java,next
12acfc45-bdfb-4343-9004-9be15dfd844c,3965f707-1cd7-401e-a382-9bc2033eee36,"26cfc09a-3bac-45b0-935f-595bbbb1ffcd,4f577dec-58f8-40cf-9ce3-3868d4e691ed",->,12acfc45-bdfb-4343-9004-9be15dfd844c,6c2117cc-5e9d-441e-8552-601064db66b4,e9025f36-070a-44c3-8a47-77672fb5be06
12acfc45-bdfb-4343-9004-9be15dfd844c,3965f707-1cd7-401e-a382-9bc2033eee36,"26cfc09a-3bac-45b0-935f-595bbbb1ffcd,4f577dec-58f8-40cf-9ce3-3868d4e691ed",->,12acfc45-bdfb-4343-9004-9be15dfd844c,java/util/Iterator.java,remove
12acfc45-bdfb-4343-9004-9be15dfd844c,3965f707-1cd7-401e-a382-9bc2033eee36,"26cfc09a-3bac-45b0-935f-595bbbb1ffcd,4f577dec-58f8-40cf-9ce3-3868d4e691ed",->,12acfc45-bdfb-4343-9004-9be15dfd844c,java/util/logging/Logger.java,log
12acfc45-bdfb-4343-9004-9be15dfd844c,server/event/TaskScheduler.java,<clinit>,->,12acfc45-bdfb-4343-9004-9be15dfd844c,java/lang/Class.java,getName
12acfc45-bdfb-4343-9004-9be15dfd844c,server/event/TaskScheduler.java,<clinit>,->,12acfc45-bdfb-4343-9004-9be15dfd844c,java/util/logging/Logger.java,getLogger
12acfc45-bdfb-4343-9004-9be15dfd844c,fa976a92-c113-4d25-b6a3-7daf8c6babeb,773816e0-4b34-44c5-a9ea-846ade07d2d9,->,12acfc45-bdfb-4343-9004-9be15dfd844c,java/lang/System.java,currentTimeMillis
12acfc45-bdfb-4343-9004-9be15dfd844c,fa976a92-c113-4d25-b6a3-7daf8c6babeb,773816e0-4b34-44c5-a9ea-846ade07d2d9,->,12acfc45-bdfb-4343-9004-9be15dfd844c,a8bd104f-1d4e-49f7-91da-e6725ce48b79,53c00b8d-00f3-4102-aa45-9a8c46acb0c3
12acfc45-bdfb-4343-9004-9be15dfd844c,server/event/TaskScheduler$1.java,run,->,12acfc45-bdfb-4343-9004-9be15dfd844c,6c2117cc-5e9d-441e-8552-601064db66b4,f94a598a-1b98-472f-b1f1-40aae06d5ea2
12acfc45-bdfb-4343-9004-9be15dfd844c,a650165a-c298-4a92-a4da-f443ee5b136d,673be6a4-ef02-447e-b844-b548ab827af5,->,12acfc45-bdfb-4343-9004-9be15dfd844c,java/lang/Thread.java,start
12acfc45-bdfb-4343-9004-9be15dfd844c,a650165a-c298-4a92-a4da-f443ee5b136d,16beb35f-1567-4a10-88da-f3435bc36a37,->,12acfc45-bdfb-4343-9004-9be15dfd844c,a650165a-c298-4a92-a4da-f443ee5b136d,673be6a4-ef02-447e-b844-b548ab827af5
12acfc45-bdfb-4343-9004-9be15dfd844c,a650165a-c298-4a92-a4da-f443ee5b136d,c25f0e51-e631-43e4-99a2-599106c7e548,->,12acfc45-bdfb-4343-9004-9be15dfd844c,java/util/List.java,add
12acfc45-bdfb-4343-9004-9be15dfd844c,a650165a-c298-4a92-a4da-f443ee5b136d,c25f0e51-e631-43e4-99a2-599106c7e548,->,12acfc45-bdfb-4343-9004-9be15dfd844c,java/lang/Object.java,notify
12acfc45-bdfb-4343-9004-9be15dfd844c,a650165a-c298-4a92-a4da-f443ee5b136d,c23e3ae2-35a0-4a42-b4a5-88d971cfb936,->,12acfc45-bdfb-4343-9004-9be15dfd844c,java/util/List.java,iterator
12acfc45-bdfb-4343-9004-9be15dfd844c,a650165a-c298-4a92-a4da-f443ee5b136d,c23e3ae2-35a0-4a42-b4a5-88d971cfb936,->,12acfc45-bdfb-4343-9004-9be15dfd844c,java/util/Iterator.java,hasNext
12acfc45-bdfb-4343-9004-9be15dfd844c,a650165a-c298-4a92-a4da-f443ee5b136d,c23e3ae2-35a0-4a42-b4a5-88d971cfb936,->,12acfc45-bdfb-4343-9004-9be15dfd844c,java/util/Iterator.java,next
12acfc45-bdfb-4343-9004-9be15dfd844c,a650165a-c298-4a92-a4da-f443ee5b136d,c23e3ae2-35a0-4a42-b4a5-88d971cfb936,->,12acfc45-bdfb-4343-9004-9be15dfd844c,fa976a92-c113-4d25-b6a3-7daf8c6babeb,9d2c7a76-cd37-4eb3-815e-bd3b98937fd2
12acfc45-bdfb-4343-9004-9be15dfd844c,a650165a-c298-4a92-a4da-f443ee5b136d,c23e3ae2-35a0-4a42-b4a5-88d971cfb936,->,12acfc45-bdfb-4343-9004-9be15dfd844c,java/lang/System.java,currentTimeMillis
12acfc45-bdfb-4343-9004-9be15dfd844c,a650165a-c298-4a92-a4da-f443ee5b136d,c23e3ae2-35a0-4a42-b4a5-88d971cfb936,->,12acfc45-bdfb-4343-9004-9be15dfd844c,fa976a92-c113-4d25-b6a3-7daf8c6babeb,eafb7eed-7be9-4e4b-8951-73c54ffd5031
12acfc45-bdfb-4343-9004-9be15dfd844c,a650165a-c298-4a92-a4da-f443ee5b136d,c23e3ae2-35a0-4a42-b4a5-88d971cfb936,->,12acfc45-bdfb-4343-9004-9be15dfd844c,fa976a92-c113-4d25-b6a3-7daf8c6babeb,d778d089-6bb5-42c9-8702-cd9db7c6fa67
12acfc45-bdfb-4343-9004-9be15dfd844c,a650165a-c298-4a92-a4da-f443ee5b136d,c23e3ae2-35a0-4a42-b4a5-88d971cfb936,->,12acfc45-bdfb-4343-9004-9be15dfd844c,fa976a92-c113-4d25-b6a3-7daf8c6babeb,773816e0-4b34-44c5-a9ea-846ade07d2d9
12acfc45-bdfb-4343-9004-9be15dfd844c,a650165a-c298-4a92-a4da-f443ee5b136d,c23e3ae2-35a0-4a42-b4a5-88d971cfb936,->,12acfc45-bdfb-4343-9004-9be15dfd844c,java/lang/Exception.java,printStackTrace
12acfc45-bdfb-4343-9004-9be15dfd844c,a650165a-c298-4a92-a4da-f443ee5b136d,c23e3ae2-35a0-4a42-b4a5-88d971cfb936,->,12acfc45-bdfb-4343-9004-9be15dfd844c,fa976a92-c113-4d25-b6a3-7daf8c6babeb,d778d089-6bb5-42c9-8702-cd9db7c6fa67
12acfc45-bdfb-4343-9004-9be15dfd844c,a650165a-c298-4a92-a4da-f443ee5b136d,c23e3ae2-35a0-4a42-b4a5-88d971cfb936,->,12acfc45-bdfb-4343-9004-9be15dfd844c,fa976a92-c113-4d25-b6a3-7daf8c6babeb,d778d089-6bb5-42c9-8702-cd9db7c6fa67
12acfc45-bdfb-4343-9004-9be15dfd844c,a650165a-c298-4a92-a4da-f443ee5b136d,c23e3ae2-35a0-4a42-b4a5-88d971cfb936,->,12acfc45-bdfb-4343-9004-9be15dfd844c,java/util/List.java,add
12acfc45-bdfb-4343-9004-9be15dfd844c,a650165a-c298-4a92-a4da-f443ee5b136d,c23e3ae2-35a0-4a42-b4a5-88d971cfb936,->,12acfc45-bdfb-4343-9004-9be15dfd844c,java/util/List.java,iterator
12acfc45-bdfb-4343-9004-9be15dfd844c,a650165a-c298-4a92-a4da-f443ee5b136d,c23e3ae2-35a0-4a42-b4a5-88d971cfb936,->,12acfc45-bdfb-4343-9004-9be15dfd844c,java/util/Iterator.java,hasNext
12acfc45-bdfb-4343-9004-9be15dfd844c,a650165a-c298-4a92-a4da-f443ee5b136d,c23e3ae2-35a0-4a42-b4a5-88d971cfb936,->,12acfc45-bdfb-4343-9004-9be15dfd844c,java/util/Iterator.java,next
12acfc45-bdfb-4343-9004-9be15dfd844c,a650165a-c298-4a92-a4da-f443ee5b136d,c23e3ae2-35a0-4a42-b4a5-88d971cfb936,->,12acfc45-bdfb-4343-9004-9be15dfd844c,java/util/List.java,remove
12acfc45-bdfb-4343-9004-9be15dfd844c,a650165a-c298-4a92-a4da-f443ee5b136d,c23e3ae2-35a0-4a42-b4a5-88d971cfb936,->,12acfc45-bdfb-4343-9004-9be15dfd844c,java/util/List.java,clear
12acfc45-bdfb-4343-9004-9be15dfd844c,a650165a-c298-4a92-a4da-f443ee5b136d,c23e3ae2-35a0-4a42-b4a5-88d971cfb936,->,12acfc45-bdfb-4343-9004-9be15dfd844c,java/lang/Object.java,wait
12acfc45-bdfb-4343-9004-9be15dfd844c,a650165a-c298-4a92-a4da-f443ee5b136d,c23e3ae2-35a0-4a42-b4a5-88d971cfb936,->,12acfc45-bdfb-4343-9004-9be15dfd844c,java/lang/Math.java,ceil
12acfc45-bdfb-4343-9004-9be15dfd844c,a650165a-c298-4a92-a4da-f443ee5b136d,c23e3ae2-35a0-4a42-b4a5-88d971cfb936,->,12acfc45-bdfb-4343-9004-9be15dfd844c,java/lang/Object.java,wait
12acfc45-bdfb-4343-9004-9be15dfd844c,a650165a-c298-4a92-a4da-f443ee5b136d,a270ddfd-8889-4ee8-909c-b5f982c3c155,->,12acfc45-bdfb-4343-9004-9be15dfd844c,java/lang/Thread.java,interrupt
12acfc45-bdfb-4343-9004-9be15dfd844c,6c2117cc-5e9d-441e-8552-601064db66b4,e9025f36-070a-44c3-8a47-77672fb5be06,->,12acfc45-bdfb-4343-9004-9be15dfd844c,6c2117cc-5e9d-441e-8552-601064db66b4,f94a598a-1b98-472f-b1f1-40aae06d5ea2
12acfc45-bdfb-4343-9004-9be15dfd844c,6c2117cc-5e9d-441e-8552-601064db66b4,73cffb4d-9768-4140-8dee-760889814016,->,12acfc45-bdfb-4343-9004-9be15dfd844c,6c2117cc-5e9d-441e-8552-601064db66b4,cc2df79a-65ca-46f0-bbf7-7e1c654f3edf
12acfc45-bdfb-4343-9004-9be15dfd844c,6c2117cc-5e9d-441e-8552-601064db66b4,89283baa-7c66-4b5a-adfe-29f268101cc5,->,12acfc45-bdfb-4343-9004-9be15dfd844c,6c2117cc-5e9d-441e-8552-601064db66b4,596038a7-1180-4b3e-854c-1de0ecdb7f80
12acfc45-bdfb-4343-9004-9be15dfd844c,server/Server$1.java,execute,->,12acfc45-bdfb-4343-9004-9be15dfd844c,server/world/ItemHandler.java,process
12acfc45-bdfb-4343-9004-9be15dfd844c,server/Server$1.java,execute,->,12acfc45-bdfb-4343-9004-9be15dfd844c,server/model/players/PlayerHandler.java,process
12acfc45-bdfb-4343-9004-9be15dfd844c,server/Server$1.java,execute,->,12acfc45-bdfb-4343-9004-9be15dfd844c,server/model/npcs/NPCHandler.java,process
12acfc45-bdfb-4343-9004-9be15dfd844c,server/Server$1.java,execute,->,12acfc45-bdfb-4343-9004-9be15dfd844c,server/world/ShopHandler.java,process
12acfc45-bdfb-4343-9004-9be15dfd844c,server/Server$1.java,execute,->,12acfc45-bdfb-4343-9004-9be15dfd844c,3ab0cc49-78c3-45ed-a03a-f251199dfbb9,3d27faf4-0319-4d3d-b558-10d40da17fd8
12acfc45-bdfb-4343-9004-9be15dfd844c,server/Server$1.java,execute,->,12acfc45-bdfb-4343-9004-9be15dfd844c,3ab0cc49-78c3-45ed-a03a-f251199dfbb9,1e528a55-117a-42c8-a641-245b770ccb5d
12acfc45-bdfb-4343-9004-9be15dfd844c,server/Server$1.java,execute,->,12acfc45-bdfb-4343-9004-9be15dfd844c,server/world/ObjectManager.java,process
12acfc45-bdfb-4343-9004-9be15dfd844c,server/Server$1.java,execute,->,12acfc45-bdfb-4343-9004-9be15dfd844c,server/model/minigames/FightPits.java,process
12acfc45-bdfb-4343-9004-9be15dfd844c,server/Server$1.java,execute,->,12acfc45-bdfb-4343-9004-9be15dfd844c,server/model/minigames/PestControl.java,process
12acfc45-bdfb-4343-9004-9be15dfd844c,server/Server$1.java,execute,->,12acfc45-bdfb-4343-9004-9be15dfd844c,server/model/players/packets/PJClans.java,process
12acfc45-bdfb-4343-9004-9be15dfd844c,server/task/TaskFactory$2.java,run,->,12acfc45-bdfb-4343-9004-9be15dfd844c,java/lang/Integer.java,valueOf
12acfc45-bdfb-4343-9004-9be15dfd844c,server/task/TaskFactory$2.java,run,->,12acfc45-bdfb-4343-9004-9be15dfd844c,java/lang/Integer.java,valueOf
12acfc45-bdfb-4343-9004-9be15dfd844c,server/task/TaskFactory$2.java,run,->,12acfc45-bdfb-4343-9004-9be15dfd844c,java/lang/Integer.java,valueOf
12acfc45-bdfb-4343-9004-9be15dfd844c,server/task/TaskFactory$2.java,run,->,12acfc45-bdfb-4343-9004-9be15dfd844c,26b2eec9-5f6d-477d-9382-0da06589235e,2375bfa4-316a-4fb9-a4f6-ac6815e89c16
12acfc45-bdfb-4343-9004-9be15dfd844c,server/task/TaskFactory$3.java,run,->,12acfc45-bdfb-4343-9004-9be15dfd844c,java/lang/Integer.java,valueOf
12acfc45-bdfb-4343-9004-9be15dfd844c,server/task/TaskFactory$3.java,run,->,12acfc45-bdfb-4343-9004-9be15dfd844c,java/lang/Integer.java,valueOf
12acfc45-bdfb-4343-9004-9be15dfd844c,server/task/TaskFactory$3.java,run,->,12acfc45-bdfb-4343-9004-9be15dfd844c,java/lang/Integer.java,valueOf
12acfc45-bdfb-4343-9004-9be15dfd844c,server/task/TaskFactory$3.java,run,->,12acfc45-bdfb-4343-9004-9be15dfd844c,26b2eec9-5f6d-477d-9382-0da06589235e,2375bfa4-316a-4fb9-a4f6-ac6815e89c16
12acfc45-bdfb-4343-9004-9be15dfd844c,2335ca64-6646-4962-919f-95b967fd49db,ca052dcb-944e-4fc8-9eda-2a68ce7aa2d4,->,12acfc45-bdfb-4343-9004-9be15dfd844c,java/util/concurrent/ScheduledThreadPoolExecutor.java,schedule
12acfc45-bdfb-4343-9004-9be15dfd844c,2335ca64-6646-4962-919f-95b967fd49db,ca052dcb-944e-4fc8-9eda-2a68ce7aa2d4,->,12acfc45-bdfb-4343-9004-9be15dfd844c,server/task/TaskFactory$Task.java,isGlobal
12acfc45-bdfb-4343-9004-9be15dfd844c,2335ca64-6646-4962-919f-95b967fd49db,ca052dcb-944e-4fc8-9eda-2a68ce7aa2d4,->,12acfc45-bdfb-4343-9004-9be15dfd844c,server/task/TaskFactory$Task.java,getClient
12acfc45-bdfb-4343-9004-9be15dfd844c,2335ca64-6646-4962-919f-95b967fd49db,ca052dcb-944e-4fc8-9eda-2a68ce7aa2d4,->,12acfc45-bdfb-4343-9004-9be15dfd844c,server/model/players/Client.java,setCurrentTask
12acfc45-bdfb-4343-9004-9be15dfd844c,2335ca64-6646-4962-919f-95b967fd49db,3af0df88-ab81-4014-aa31-337d570e7fd1,->,12acfc45-bdfb-4343-9004-9be15dfd844c,java/util/concurrent/ScheduledThreadPoolExecutor.java,schedule
12acfc45-bdfb-4343-9004-9be15dfd844c,2335ca64-6646-4962-919f-95b967fd49db,441ba930-36c5-4b93-9447-a74b370ead18,->,12acfc45-bdfb-4343-9004-9be15dfd844c,java/util/concurrent/ScheduledThreadPoolExecutor.java,scheduleWithFixedDelay
12acfc45-bdfb-4343-9004-9be15dfd844c,server/task/TaskManager.java,<clinit>,->,12acfc45-bdfb-4343-9004-9be15dfd844c,java/util/concurrent/Executors.java,newScheduledThreadPool
12acfc45-bdfb-4343-9004-9be15dfd844c,server/task/TaskFactory$1.java,run,->,12acfc45-bdfb-4343-9004-9be15dfd844c,java/lang/Integer.java,valueOf
12acfc45-bdfb-4343-9004-9be15dfd844c,server/task/TaskFactory$1.java,run,->,12acfc45-bdfb-4343-9004-9be15dfd844c,java/lang/Integer.java,valueOf
12acfc45-bdfb-4343-9004-9be15dfd844c,server/task/TaskFactory$1.java,run,->,12acfc45-bdfb-4343-9004-9be15dfd844c,26b2eec9-5f6d-477d-9382-0da06589235e,2375bfa4-316a-4fb9-a4f6-ac6815e89c16
12acfc45-bdfb-4343-9004-9be15dfd844c,server/world/ShopHandler.java,shophandler,->,12acfc45-bdfb-4343-9004-9be15dfd844c,2c89cfe4-ed6d-446f-832b-3c203feb3155,cf0eb5d1-f945-4cc7-9eaa-55b858ed55c6
12acfc45-bdfb-4343-9004-9be15dfd844c,server/world/ShopHandler.java,process,->,12acfc45-bdfb-4343-9004-9be15dfd844c,server/world/ShopHandler.java,DiscountItem
12acfc45-bdfb-4343-9004-9be15dfd844c,server/world/ShopHandler.java,process,->,12acfc45-bdfb-4343-9004-9be15dfd844c,server/model/players/Player.java,updateshop
12acfc45-bdfb-4343-9004-9be15dfd844c,server/world/ShopHandler.java,DiscountItem,->,12acfc45-bdfb-4343-9004-9be15dfd844c,server/world/ShopHandler.java,ResetItem
12acfc45-bdfb-4343-9004-9be15dfd844c,server/world/ShopHandler.java,loadShops,->,12acfc45-bdfb-4343-9004-9be15dfd844c,java/lang/StringBuilder.java,append
12acfc45-bdfb-4343-9004-9be15dfd844c,server/world/ShopHandler.java,loadShops,->,12acfc45-bdfb-4343-9004-9be15dfd844c,java/lang/StringBuilder.java,append
12acfc45-bdfb-4343-9004-9be15dfd844c,server/world/ShopHandler.java,loadShops,->,12acfc45-bdfb-4343-9004-9be15dfd844c,java/lang/StringBuilder.java,toString
12acfc45-bdfb-4343-9004-9be15dfd844c,server/world/ShopHandler.java,loadShops,->,12acfc45-bdfb-4343-9004-9be15dfd844c,java/lang/StringBuilder.java,append
12acfc45-bdfb-4343-9004-9be15dfd844c,server/world/ShopHandler.java,loadShops,->,12acfc45-bdfb-4343-9004-9be15dfd844c,java/lang/StringBuilder.java,append
12acfc45-bdfb-4343-9004-9be15dfd844c,server/world/ShopHandler.java,loadShops,->,12acfc45-bdfb-4343-9004-9be15dfd844c,java/lang/StringBuilder.java,toString
12acfc45-bdfb-4343-9004-9be15dfd844c,server/world/ShopHandler.java,loadShops,->,12acfc45-bdfb-4343-9004-9be15dfd844c,2c89cfe4-ed6d-446f-832b-3c203feb3155,cf0eb5d1-f945-4cc7-9eaa-55b858ed55c6
12acfc45-bdfb-4343-9004-9be15dfd844c,server/world/ShopHandler.java,loadShops,->,12acfc45-bdfb-4343-9004-9be15dfd844c,java/io/BufferedReader.java,readLine
12acfc45-bdfb-4343-9004-9be15dfd844c,server/world/ShopHandler.java,loadShops,->,12acfc45-bdfb-4343-9004-9be15dfd844c,java/lang/StringBuilder.java,append
12acfc45-bdfb-4343-9004-9be15dfd844c,server/world/ShopHandler.java,loadShops,->,12acfc45-bdfb-4343-9004-9be15dfd844c,java/lang/StringBuilder.java,append
12acfc45-bdfb-4343-9004-9be15dfd844c,server/world/ShopHandler.java,loadShops,->,12acfc45-bdfb-4343-9004-9be15dfd844c,java/lang/StringBuilder.java,toString
12acfc45-bdfb-4343-9004-9be15dfd844c,server/world/ShopHandler.java,loadShops,->,12acfc45-bdfb-4343-9004-9be15dfd844c,2c89cfe4-ed6d-446f-832b-3c203feb3155,cf0eb5d1-f945-4cc7-9eaa-55b858ed55c6
12acfc45-bdfb-4343-9004-9be15dfd844c,server/world/ShopHandler.java,loadShops,->,12acfc45-bdfb-4343-9004-9be15dfd844c,java/lang/String.java,trim
12acfc45-bdfb-4343-9004-9be15dfd844c,server/world/ShopHandler.java,loadShops,->,12acfc45-bdfb-4343-9004-9be15dfd844c,java/lang/String.java,indexOf
12acfc45-bdfb-4343-9004-9be15dfd844c,server/world/ShopHandler.java,loadShops,->,12acfc45-bdfb-4343-9004-9be15dfd844c,java/lang/String.java,substring
12acfc45-bdfb-4343-9004-9be15dfd844c,server/world/ShopHandler.java,loadShops,->,12acfc45-bdfb-4343-9004-9be15dfd844c,java/lang/String.java,trim
12acfc45-bdfb-4343-9004-9be15dfd844c,server/world/ShopHandler.java,loadShops,->,12acfc45-bdfb-4343-9004-9be15dfd844c,java/lang/String.java,substring
12acfc45-bdfb-4343-9004-9be15dfd844c,server/world/ShopHandler.java,loadShops,->,12acfc45-bdfb-4343-9004-9be15dfd844c,java/lang/String.java,trim
12acfc45-bdfb-4343-9004-9be15dfd844c,server/world/ShopHandler.java,loadShops,->,12acfc45-bdfb-4343-9004-9be15dfd844c,java/lang/String.java,replaceAll
12acfc45-bdfb-4343-9004-9be15dfd844c,server/world/ShopHandler.java,loadShops,->,12acfc45-bdfb-4343-9004-9be15dfd844c,java/lang/String.java,replaceAll
12acfc45-bdfb-4343-9004-9be15dfd844c,server/world/ShopHandler.java,loadShops,->,12acfc45-bdfb-4343-9004-9be15dfd844c,java/lang/String.java,replaceAll
12acfc45-bdfb-4343-9004-9be15dfd844c,server/world/ShopHandler.java,loadShops,->,12acfc45-bdfb-4343-9004-9be15dfd844c,java/lang/String.java,replaceAll
12acfc45-bdfb-4343-9004-9be15dfd844c,server/world/ShopHandler.java,loadShops,->,12acfc45-bdfb-4343-9004-9be15dfd844c,java/lang/String.java,replaceAll
12acfc45-bdfb-4343-9004-9be15dfd844c,server/world/ShopHandler.java,loadShops,->,12acfc45-bdfb-4343-9004-9be15dfd844c,java/lang/String.java,split
12acfc45-bdfb-4343-9004-9be15dfd844c,server/world/ShopHandler.java,loadShops,->,12acfc45-bdfb-4343-9004-9be15dfd844c,java/lang/String.java,equals
12acfc45-bdfb-4343-9004-9be15dfd844c,server/world/ShopHandler.java,loadShops,->,12acfc45-bdfb-4343-9004-9be15dfd844c,java/lang/Integer.java,parseInt
12acfc45-bdfb-4343-9004-9be15dfd844c,server/world/ShopHandler.java,loadShops,->,12acfc45-bdfb-4343-9004-9be15dfd844c,java/lang/String.java,replaceAll
12acfc45-bdfb-4343-9004-9be15dfd844c,server/world/ShopHandler.java,loadShops,->,12acfc45-bdfb-4343-9004-9be15dfd844c,java/lang/Integer.java,parseInt
12acfc45-bdfb-4343-9004-9be15dfd844c,server/world/ShopHandler.java,loadShops,->,12acfc45-bdfb-4343-9004-9be15dfd844c,java/lang/Integer.java,parseInt
12acfc45-bdfb-4343-9004-9be15dfd844c,server/world/ShopHandler.java,loadShops,->,12acfc45-bdfb-4343-9004-9be15dfd844c,java/lang/Integer.java,parseInt
12acfc45-bdfb-4343-9004-9be15dfd844c,server/world/ShopHandler.java,loadShops,->,12acfc45-bdfb-4343-9004-9be15dfd844c,java/lang/Integer.java,parseInt
12acfc45-bdfb-4343-9004-9be15dfd844c,server/world/ShopHandler.java,loadShops,->,12acfc45-bdfb-4343-9004-9be15dfd844c,java/lang/Integer.java,parseInt
12acfc45-bdfb-4343-9004-9be15dfd844c,server/world/ShopHandler.java,loadShops,->,12acfc45-bdfb-4343-9004-9be15dfd844c,java/lang/String.java,equals
12acfc45-bdfb-4343-9004-9be15dfd844c,server/world/ShopHandler.java,loadShops,->,12acfc45-bdfb-4343-9004-9be15dfd844c,java/io/BufferedReader.java,close
12acfc45-bdfb-4343-9004-9be15dfd844c,server/world/ShopHandler.java,loadShops,->,12acfc45-bdfb-4343-9004-9be15dfd844c,java/io/BufferedReader.java,readLine
12acfc45-bdfb-4343-9004-9be15dfd844c,server/world/ShopHandler.java,loadShops,->,12acfc45-bdfb-4343-9004-9be15dfd844c,java/io/BufferedReader.java,close
12acfc45-bdfb-4343-9004-9be15dfd844c,fe9326b3-98e0-47b7-96f9-0b4883764a0b,314cd114-9702-4966-8c49-ca424f326c69,->,12acfc45-bdfb-4343-9004-9be15dfd844c,java/lang/Integer.java,valueOf
12acfc45-bdfb-4343-9004-9be15dfd844c,fe9326b3-98e0-47b7-96f9-0b4883764a0b,314cd114-9702-4966-8c49-ca424f326c69,->,12acfc45-bdfb-4343-9004-9be15dfd844c,java/util/Map.java,put
12acfc45-bdfb-4343-9004-9be15dfd844c,fe9326b3-98e0-47b7-96f9-0b4883764a0b,18e505d4-0b15-4526-9bb5-ce24449b59e7,->,12acfc45-bdfb-4343-9004-9be15dfd844c,java/lang/Integer.java,valueOf
12acfc45-bdfb-4343-9004-9be15dfd844c,fe9326b3-98e0-47b7-96f9-0b4883764a0b,18e505d4-0b15-4526-9bb5-ce24449b59e7,->,12acfc45-bdfb-4343-9004-9be15dfd844c,java/util/Map.java,get
12acfc45-bdfb-4343-9004-9be15dfd844c,server/world/ClanChatHandler.java,handleClanChat,->,12acfc45-bdfb-4343-9004-9be15dfd844c,server/model/players/Client.java,sendMessage
12acfc45-bdfb-4343-9004-9be15dfd844c,server/world/ClanChatHandler.java,handleClanChat,->,12acfc45-bdfb-4343-9004-9be15dfd844c,java/lang/String.java,equalsIgnoreCase
12acfc45-bdfb-4343-9004-9be15dfd844c,server/world/ClanChatHandler.java,handleClanChat,->,12acfc45-bdfb-4343-9004-9be15dfd844c,server/world/ClanChatHandler.java,checkPass
12acfc45-bdfb-4343-9004-9be15dfd844c,server/world/ClanChatHandler.java,handleClanChat,->,12acfc45-bdfb-4343-9004-9be15dfd844c,server/world/ClanChatHandler.java,addToClan
12acfc45-bdfb-4343-9004-9be15dfd844c,server/world/ClanChatHandler.java,handleClanChat,->,12acfc45-bdfb-4343-9004-9be15dfd844c,server/model/players/Client.java,sendMessage
12acfc45-bdfb-4343-9004-9be15dfd844c,server/world/ClanChatHandler.java,handleClanChat,->,12acfc45-bdfb-4343-9004-9be15dfd844c,server/world/ClanChatHandler.java,makeClan
12acfc45-bdfb-4343-9004-9be15dfd844c,server/world/ClanChatHandler.java,makeClan,->,12acfc45-bdfb-4343-9004-9be15dfd844c,server/world/ClanChatHandler.java,openClan
12acfc45-bdfb-4343-9004-9be15dfd844c,server/world/ClanChatHandler.java,makeClan,->,12acfc45-bdfb-4343-9004-9be15dfd844c,server/world/ClanChatHandler.java,validName
12acfc45-bdfb-4343-9004-9be15dfd844c,server/world/ClanChatHandler.java,makeClan,->,12acfc45-bdfb-4343-9004-9be15dfd844c,server/world/ClanChatHandler.java,openClan
12acfc45-bdfb-4343-9004-9be15dfd844c,server/world/ClanChatHandler.java,makeClan,->,12acfc45-bdfb-4343-9004-9be15dfd844c,server/world/ClanChatHandler.java,createClan
12acfc45-bdfb-4343-9004-9be15dfd844c,server/world/ClanChatHandler.java,makeClan,->,12acfc45-bdfb-4343-9004-9be15dfd844c,server/world/ClanChatHandler.java,addToClan
12acfc45-bdfb-4343-9004-9be15dfd844c,server/world/ClanChatHandler.java,makeClan,->,12acfc45-bdfb-4343-9004-9be15dfd844c,server/model/players/packets/PJClans.java,saveClan
12acfc45-bdfb-4343-9004-9be15dfd844c,server/world/ClanChatHandler.java,makeClan,->,12acfc45-bdfb-4343-9004-9be15dfd844c,server/model/players/Client.java,sendMessage
12acfc45-bdfb-4343-9004-9be15dfd844c,server/world/ClanChatHandler.java,makeClan,->,12acfc45-bdfb-4343-9004-9be15dfd844c,server/model/players/Client.java,sendMessage
12acfc45-bdfb-4343-9004-9be15dfd844c,server/world/ClanChatHandler.java,mutePlayer,->,12acfc45-bdfb-4343-9004-9be15dfd844c,server/world/ClanChatHandler.java,isOwner
12acfc45-bdfb-4343-9004-9be15dfd844c,server/world/ClanChatHandler.java,mutePlayer,->,12acfc45-bdfb-4343-9004-9be15dfd844c,server/model/players/Client.java,sendMessage
12acfc45-bdfb-4343-9004-9be15dfd844c,server/world/ClanChatHandler.java,mutePlayer,->,12acfc45-bdfb-4343-9004-9be15dfd844c,java/lang/String.java,equalsIgnoreCase
12acfc45-bdfb-4343-9004-9be15dfd844c,server/world/ClanChatHandler.java,mutePlayer,->,12acfc45-bdfb-4343-9004-9be15dfd844c,server/world/ClanChatHandler.java,isInClan
12acfc45-bdfb-4343-9004-9be15dfd844c,server/world/ClanChatHandler.java,mutePlayer,->,12acfc45-bdfb-4343-9004-9be15dfd844c,java/lang/StringBuilder.java,append
12acfc45-bdfb-4343-9004-9be15dfd844c,server/world/ClanChatHandler.java,mutePlayer,->,12acfc45-bdfb-4343-9004-9be15dfd844c,java/lang/StringBuilder.java,append
12acfc45-bdfb-4343-9004-9be15dfd844c,server/world/ClanChatHandler.java,mutePlayer,->,12acfc45-bdfb-4343-9004-9be15dfd844c,java/lang/StringBuilder.java,toString
12acfc45-bdfb-4343-9004-9be15dfd844c,server/world/ClanChatHandler.java,mutePlayer,->,12acfc45-bdfb-4343-9004-9be15dfd844c,server/model/players/Client.java,sendMessage
12acfc45-bdfb-4343-9004-9be15dfd844c,server/world/ClanChatHandler.java,mutePlayer,->,12acfc45-bdfb-4343-9004-9be15dfd844c,java/lang/StringBuilder.java,append
12acfc45-bdfb-4343-9004-9be15dfd844c,server/world/ClanChatHandler.java,mutePlayer,->,12acfc45-bdfb-4343-9004-9be15dfd844c,java/lang/StringBuilder.java,append
12acfc45-bdfb-4343-9004-9be15dfd844c,server/world/ClanChatHandler.java,mutePlayer,->,12acfc45-bdfb-4343-9004-9be15dfd844c,java/lang/StringBuilder.java,toString
12acfc45-bdfb-4343-9004-9be15dfd844c,server/world/ClanChatHandler.java,mutePlayer,->,12acfc45-bdfb-4343-9004-9be15dfd844c,server/model/players/Client.java,sendMessage
12acfc45-bdfb-4343-9004-9be15dfd844c,server/world/ClanChatHandler.java,mutePlayer,->,12acfc45-bdfb-4343-9004-9be15dfd844c,server/model/players/Client.java,sendMessage
12acfc45-bdfb-4343-9004-9be15dfd844c,server/world/ClanChatHandler.java,unmutePlayer,->,12acfc45-bdfb-4343-9004-9be15dfd844c,server/world/ClanChatHandler.java,isOwner
12acfc45-bdfb-4343-9004-9be15dfd844c,server/world/ClanChatHandler.java,unmutePlayer,->,12acfc45-bdfb-4343-9004-9be15dfd844c,server/model/players/Client.java,sendMessage
12acfc45-bdfb-4343-9004-9be15dfd844c,server/world/ClanChatHandler.java,unmutePlayer,->,12acfc45-bdfb-4343-9004-9be15dfd844c,java/lang/String.java,equalsIgnoreCase
12acfc45-bdfb-4343-9004-9be15dfd844c,server/world/ClanChatHandler.java,unmutePlayer,->,12acfc45-bdfb-4343-9004-9be15dfd844c,server/world/ClanChatHandler.java,isInClan
12acfc45-bdfb-4343-9004-9be15dfd844c,server/world/ClanChatHandler.java,unmutePlayer,->,12acfc45-bdfb-4343-9004-9be15dfd844c,java/lang/StringBuilder.java,append
12acfc45-bdfb-4343-9004-9be15dfd844c,server/world/ClanChatHandler.java,unmutePlayer,->,12acfc45-bdfb-4343-9004-9be15dfd844c,java/lang/StringBuilder.java,append
12acfc45-bdfb-4343-9004-9be15dfd844c,server/world/ClanChatHandler.java,unmutePlayer,->,12acfc45-bdfb-4343-9004-9be15dfd844c,java/lang/StringBuilder.java,toString
12acfc45-bdfb-4343-9004-9be15dfd844c,server/world/ClanChatHandler.java,unmutePlayer,->,12acfc45-bdfb-4343-9004-9be15dfd844c,server/model/players/Client.java,sendMessage
12acfc45-bdfb-4343-9004-9be15dfd844c,server/world/ClanChatHandler.java,unmutePlayer,->,12acfc45-bdfb-4343-9004-9be15dfd844c,java/lang/StringBuilder.java,append
12acfc45-bdfb-4343-9004-9be15dfd844c,server/world/ClanChatHandler.java,unmutePlayer,->,12acfc45-bdfb-4343-9004-9be15dfd844c,java/lang/StringBuilder.java,append
12acfc45-bdfb-4343-9004-9be15dfd844c,server/world/ClanChatHandler.java,unmutePlayer,->,12acfc45-bdfb-4343-9004-9be15dfd844c,java/lang/StringBuilder.java,toString
12acfc45-bdfb-4343-9004-9be15dfd844c,server/world/ClanChatHandler.java,unmutePlayer,->,12acfc45-bdfb-4343-9004-9be15dfd844c,server/model/players/Client.java,sendMessage
12acfc45-bdfb-4343-9004-9be15dfd844c,server/world/ClanChatHandler.java,unmutePlayer,->,12acfc45-bdfb-4343-9004-9be15dfd844c,server/model/players/Client.java,sendMessage
12acfc45-bdfb-4343-9004-9be15dfd844c,server/world/ClanChatHandler.java,isOwner,->,12acfc45-bdfb-4343-9004-9be15dfd844c,java/lang/String.java,equalsIgnoreCase
12acfc45-bdfb-4343-9004-9be15dfd844c,server/world/ClanChatHandler.java,createClan,->,12acfc45-bdfb-4343-9004-9be15dfd844c,server/world/ClanChatHandler.java,openClan
12acfc45-bdfb-4343-9004-9be15dfd844c,server/world/ClanChatHandler.java,createClan,->,12acfc45-bdfb-4343-9004-9be15dfd844c,server/world/ClanChatHandler.java,validName
12acfc45-bdfb-4343-9004-9be15dfd844c,server/world/ClanChatHandler.java,createClan,->,12acfc45-bdfb-4343-9004-9be15dfd844c,server/world/ClanChatHandler.java,openClan
12acfc45-bdfb-4343-9004-9be15dfd844c,server/world/ClanChatHandler.java,setClanPassword,->,12acfc45-bdfb-4343-9004-9be15dfd844c,server/world/ClanChatHandler.java,isOwner
12acfc45-bdfb-4343-9004-9be15dfd844c,server/world/ClanChatHandler.java,setClanPassword,->,12acfc45-bdfb-4343-9004-9be15dfd844c,java/lang/StringBuilder.java,append
12acfc45-bdfb-4343-9004-9be15dfd844c,server/world/ClanChatHandler.java,setClanPassword,->,12acfc45-bdfb-4343-9004-9be15dfd844c,java/lang/StringBuilder.java,append
12acfc45-bdfb-4343-9004-9be15dfd844c,server/world/ClanChatHandler.java,setClanPassword,->,12acfc45-bdfb-4343-9004-9be15dfd844c,java/lang/StringBuilder.java,toString
12acfc45-bdfb-4343-9004-9be15dfd844c,server/world/ClanChatHandler.java,setClanPassword,->,12acfc45-bdfb-4343-9004-9be15dfd844c,server/model/players/Client.java,sendMessage
12acfc45-bdfb-4343-9004-9be15dfd844c,server/world/ClanChatHandler.java,setClanPassword,->,12acfc45-bdfb-4343-9004-9be15dfd844c,server/model/players/Client.java,sendMessage
12acfc45-bdfb-4343-9004-9be15dfd844c,server/world/ClanChatHandler.java,changeOwner,->,12acfc45-bdfb-4343-9004-9be15dfd844c,server/model/players/Client.java,sendMessage
12acfc45-bdfb-4343-9004-9be15dfd844c,server/world/ClanChatHandler.java,changeOwner,->,12acfc45-bdfb-4343-9004-9be15dfd844c,server/world/ClanChatHandler.java,updateClanChat
12acfc45-bdfb-4343-9004-9be15dfd844c,server/world/ClanChatHandler.java,kickPlayerFromClan,->,12acfc45-bdfb-4343-9004-9be15dfd844c,server/world/ClanChatHandler.java,isOwner
12acfc45-bdfb-4343-9004-9be15dfd844c,server/world/ClanChatHandler.java,kickPlayerFromClan,->,12acfc45-bdfb-4343-9004-9be15dfd844c,server/model/players/Client.java,sendMessage
12acfc45-bdfb-4343-9004-9be15dfd844c,server/world/ClanChatHandler.java,kickPlayerFromClan,->,12acfc45-bdfb-4343-9004-9be15dfd844c,java/lang/String.java,equalsIgnoreCase
12acfc45-bdfb-4343-9004-9be15dfd844c,server/world/ClanChatHandler.java,kickPlayerFromClan,->,12acfc45-bdfb-4343-9004-9be15dfd844c,server/model/players/Client.java,sendMessage
12acfc45-bdfb-4343-9004-9be15dfd844c,server/world/ClanChatHandler.java,kickPlayerFromClan,->,12acfc45-bdfb-4343-9004-9be15dfd844c,server/model/players/Client.java,sendMessage
12acfc45-bdfb-4343-9004-9be15dfd844c,server/world/ClanChatHandler.java,kickPlayerFromClan,->,12acfc45-bdfb-4343-9004-9be15dfd844c,java/lang/String.java,equalsIgnoreCase
12acfc45-bdfb-4343-9004-9be15dfd844c,server/world/ClanChatHandler.java,kickPlayerFromClan,->,12acfc45-bdfb-4343-9004-9be15dfd844c,server/model/players/Client.java,sendMessage
12acfc45-bdfb-4343-9004-9be15dfd844c,server/world/ClanChatHandler.java,kickPlayerFromClan,->,12acfc45-bdfb-4343-9004-9be15dfd844c,java/lang/StringBuilder.java,append
12acfc45-bdfb-4343-9004-9be15dfd844c,server/world/ClanChatHandler.java,kickPlayerFromClan,->,12acfc45-bdfb-4343-9004-9be15dfd844c,java/lang/StringBuilder.java,append
12acfc45-bdfb-4343-9004-9be15dfd844c,server/world/ClanChatHandler.java,kickPlayerFromClan,->,12acfc45-bdfb-4343-9004-9be15dfd844c,java/lang/StringBuilder.java,toString
12acfc45-bdfb-4343-9004-9be15dfd844c,server/world/ClanChatHandler.java,kickPlayerFromClan,->,12acfc45-bdfb-4343-9004-9be15dfd844c,server/model/players/Client.java,sendMessage
12acfc45-bdfb-4343-9004-9be15dfd844c,server/world/ClanChatHandler.java,kickPlayerFromClan,->,12acfc45-bdfb-4343-9004-9be15dfd844c,java/lang/StringBuilder.java,append
12acfc45-bdfb-4343-9004-9be15dfd844c,server/world/ClanChatHandler.java,kickPlayerFromClan,->,12acfc45-bdfb-4343-9004-9be15dfd844c,java/lang/StringBuilder.java,append
12acfc45-bdfb-4343-9004-9be15dfd844c,server/world/ClanChatHandler.java,kickPlayerFromClan,->,12acfc45-bdfb-4343-9004-9be15dfd844c,java/lang/StringBuilder.java,append
12acfc45-bdfb-4343-9004-9be15dfd844c,server/world/ClanChatHandler.java,kickPlayerFromClan,->,12acfc45-bdfb-4343-9004-9be15dfd844c,java/lang/StringBuilder.java,append
12acfc45-bdfb-4343-9004-9be15dfd844c,server/world/ClanChatHandler.java,kickPlayerFromClan,->,12acfc45-bdfb-4343-9004-9be15dfd844c,java/lang/StringBuilder.java,toString
12acfc45-bdfb-4343-9004-9be15dfd844c,server/world/ClanChatHandler.java,kickPlayerFromClan,->,12acfc45-bdfb-4343-9004-9be15dfd844c,server/model/players/Client.java,sendMessage
12acfc45-bdfb-4343-9004-9be15dfd844c,server/world/ClanChatHandler.java,kickPlayerFromClan,->,12acfc45-bdfb-4343-9004-9be15dfd844c,server/model/players/Client.java,getPA
12acfc45-bdfb-4343-9004-9be15dfd844c,server/world/ClanChatHandler.java,kickPlayerFromClan,->,12acfc45-bdfb-4343-9004-9be15dfd844c,991eb2a8-284a-4290-ae08-f54cf8834706,a48222ba-98f6-4d21-8792-15e0a0a7a2e7
12acfc45-bdfb-4343-9004-9be15dfd844c,server/world/ClanChatHandler.java,kickPlayerFromClan,->,12acfc45-bdfb-4343-9004-9be15dfd844c,java/lang/StringBuilder.java,append
12acfc45-bdfb-4343-9004-9be15dfd844c,server/world/ClanChatHandler.java,kickPlayerFromClan,->,12acfc45-bdfb-4343-9004-9be15dfd844c,java/lang/StringBuilder.java,append
12acfc45-bdfb-4343-9004-9be15dfd844c,server/world/ClanChatHandler.java,kickPlayerFromClan,->,12acfc45-bdfb-4343-9004-9be15dfd844c,java/lang/StringBuilder.java,append
12acfc45-bdfb-4343-9004-9be15dfd844c,server/world/ClanChatHandler.java,kickPlayerFromClan,->,12acfc45-bdfb-4343-9004-9be15dfd844c,java/lang/StringBuilder.java,toString
12acfc45-bdfb-4343-9004-9be15dfd844c,server/world/ClanChatHandler.java,kickPlayerFromClan,->,12acfc45-bdfb-4343-9004-9be15dfd844c,server/model/players/Client.java,sendMessage
12acfc45-bdfb-4343-9004-9be15dfd844c,server/world/ClanChatHandler.java,kickPlayerFromClan,->,12acfc45-bdfb-4343-9004-9be15dfd844c,server/world/ClanChatHandler.java,updateClanChat
12acfc45-bdfb-4343-9004-9be15dfd844c,server/world/ClanChatHandler.java,updateClanChat,->,12acfc45-bdfb-4343-9004-9be15dfd844c,server/model/players/Client.java,getPA
12acfc45-bdfb-4343-9004-9be15dfd844c,server/world/ClanChatHandler.java,updateClanChat,->,12acfc45-bdfb-4343-9004-9be15dfd844c,java/lang/StringBuilder.java,append
12acfc45-bdfb-4343-9004-9be15dfd844c,server/world/ClanChatHandler.java,updateClanChat,->,12acfc45-bdfb-4343-9004-9be15dfd844c,java/lang/StringBuilder.java,append
12acfc45-bdfb-4343-9004-9be15dfd844c,server/world/ClanChatHandler.java,updateClanChat,->,12acfc45-bdfb-4343-9004-9be15dfd844c,java/lang/StringBuilder.java,toString
12acfc45-bdfb-4343-9004-9be15dfd844c,server/world/ClanChatHandler.java,updateClanChat,->,12acfc45-bdfb-4343-9004-9be15dfd844c,991eb2a8-284a-4290-ae08-f54cf8834706,609517a1-3a8b-4bd9-8623-3cae47c33a17
12acfc45-bdfb-4343-9004-9be15dfd844c,server/world/ClanChatHandler.java,updateClanChat,->,12acfc45-bdfb-4343-9004-9be15dfd844c,server/model/players/Client.java,getPA
12acfc45-bdfb-4343-9004-9be15dfd844c,server/world/ClanChatHandler.java,updateClanChat,->,12acfc45-bdfb-4343-9004-9be15dfd844c,java/lang/StringBuilder.java,append
12acfc45-bdfb-4343-9004-9be15dfd844c,server/world/ClanChatHandler.java,updateClanChat,->,12acfc45-bdfb-4343-9004-9be15dfd844c,java/lang/StringBuilder.java,append
12acfc45-bdfb-4343-9004-9be15dfd844c,server/world/ClanChatHandler.java,updateClanChat,->,12acfc45-bdfb-4343-9004-9be15dfd844c,java/lang/StringBuilder.java,toString
12acfc45-bdfb-4343-9004-9be15dfd844c,server/world/ClanChatHandler.java,updateClanChat,->,12acfc45-bdfb-4343-9004-9be15dfd844c,991eb2a8-284a-4290-ae08-f54cf8834706,609517a1-3a8b-4bd9-8623-3cae47c33a17
12acfc45-bdfb-4343-9004-9be15dfd844c,server/world/ClanChatHandler.java,updateClanChat,->,12acfc45-bdfb-4343-9004-9be15dfd844c,server/model/players/Client.java,getPA
12acfc45-bdfb-4343-9004-9be15dfd844c,server/world/ClanChatHandler.java,updateClanChat,->,12acfc45-bdfb-4343-9004-9be15dfd844c,991eb2a8-284a-4290-ae08-f54cf8834706,609517a1-3a8b-4bd9-8623-3cae47c33a17
12acfc45-bdfb-4343-9004-9be15dfd844c,server/world/ClanChatHandler.java,updateClanChat,->,12acfc45-bdfb-4343-9004-9be15dfd844c,server/model/players/Client.java,getPA
12acfc45-bdfb-4343-9004-9be15dfd844c,server/world/ClanChatHandler.java,updateClanChat,->,12acfc45-bdfb-4343-9004-9be15dfd844c,991eb2a8-284a-4290-ae08-f54cf8834706,609517a1-3a8b-4bd9-8623-3cae47c33a17
12acfc45-bdfb-4343-9004-9be15dfd844c,server/world/ClanChatHandler.java,validName,->,12acfc45-bdfb-4343-9004-9be15dfd844c,java/lang/String.java,equalsIgnoreCase
12acfc45-bdfb-4343-9004-9be15dfd844c,server/world/ClanChatHandler.java,checkPass,->,12acfc45-bdfb-4343-9004-9be15dfd844c,java/lang/String.java,equalsIgnoreCase
12acfc45-bdfb-4343-9004-9be15dfd844c,server/world/ClanChatHandler.java,checkPass,->,12acfc45-bdfb-4343-9004-9be15dfd844c,java/lang/String.java,equalsIgnoreCase
12acfc45-bdfb-4343-9004-9be15dfd844c,server/world/ClanChatHandler.java,addToClan,->,12acfc45-bdfb-4343-9004-9be15dfd844c,java/lang/String.java,toLowerCase
12acfc45-bdfb-4343-9004-9be15dfd844c,server/world/ClanChatHandler.java,addToClan,->,12acfc45-bdfb-4343-9004-9be15dfd844c,java/lang/String.java,substring
12acfc45-bdfb-4343-9004-9be15dfd844c,server/world/ClanChatHandler.java,addToClan,->,12acfc45-bdfb-4343-9004-9be15dfd844c,java/lang/String.java,toUpperCase
12acfc45-bdfb-4343-9004-9be15dfd844c,server/world/ClanChatHandler.java,addToClan,->,12acfc45-bdfb-4343-9004-9be15dfd844c,java/lang/StringBuilder.java,append
12acfc45-bdfb-4343-9004-9be15dfd844c,server/world/ClanChatHandler.java,addToClan,->,12acfc45-bdfb-4343-9004-9be15dfd844c,java/lang/String.java,substring
12acfc45-bdfb-4343-9004-9be15dfd844c,server/world/ClanChatHandler.java,addToClan,->,12acfc45-bdfb-4343-9004-9be15dfd844c,java/lang/StringBuilder.java,append
12acfc45-bdfb-4343-9004-9be15dfd844c,server/world/ClanChatHandler.java,addToClan,->,12acfc45-bdfb-4343-9004-9be15dfd844c,java/lang/StringBuilder.java,toString
12acfc45-bdfb-4343-9004-9be15dfd844c,server/world/ClanChatHandler.java,addToClan,->,12acfc45-bdfb-4343-9004-9be15dfd844c,java/lang/StringBuilder.java,append
12acfc45-bdfb-4343-9004-9be15dfd844c,server/world/ClanChatHandler.java,addToClan,->,12acfc45-bdfb-4343-9004-9be15dfd844c,java/lang/StringBuilder.java,append
12acfc45-bdfb-4343-9004-9be15dfd844c,server/world/ClanChatHandler.java,addToClan,->,12acfc45-bdfb-4343-9004-9be15dfd844c,java/lang/StringBuilder.java,toString
12acfc45-bdfb-4343-9004-9be15dfd844c,server/world/ClanChatHandler.java,addToClan,->,12acfc45-bdfb-4343-9004-9be15dfd844c,server/world/ClanChatHandler.java,messageToClan
12acfc45-bdfb-4343-9004-9be15dfd844c,server/world/ClanChatHandler.java,addToClan,->,12acfc45-bdfb-4343-9004-9be15dfd844c,server/world/ClanChatHandler.java,updateClanChat
12acfc45-bdfb-4343-9004-9be15dfd844c,server/world/ClanChatHandler.java,leaveClan,->,12acfc45-bdfb-4343-9004-9be15dfd844c,server/model/players/Client.java,sendMessage
12acfc45-bdfb-4343-9004-9be15dfd844c,server/world/ClanChatHandler.java,leaveClan,->,12acfc45-bdfb-4343-9004-9be15dfd844c,server/model/players/Client.java,sendMessage
12acfc45-bdfb-4343-9004-9be15dfd844c,server/world/ClanChatHandler.java,leaveClan,->,12acfc45-bdfb-4343-9004-9be15dfd844c,server/model/players/Client.java,getPA
12acfc45-bdfb-4343-9004-9be15dfd844c,server/world/ClanChatHandler.java,leaveClan,->,12acfc45-bdfb-4343-9004-9be15dfd844c,991eb2a8-284a-4290-ae08-f54cf8834706,a48222ba-98f6-4d21-8792-15e0a0a7a2e7
12acfc45-bdfb-4343-9004-9be15dfd844c,server/world/ClanChatHandler.java,leaveClan,->,12acfc45-bdfb-4343-9004-9be15dfd844c,java/lang/String.java,toLowerCase
12acfc45-bdfb-4343-9004-9be15dfd844c,server/world/ClanChatHandler.java,leaveClan,->,12acfc45-bdfb-4343-9004-9be15dfd844c,java/lang/String.java,substring
12acfc45-bdfb-4343-9004-9be15dfd844c,server/world/ClanChatHandler.java,leaveClan,->,12acfc45-bdfb-4343-9004-9be15dfd844c,java/lang/String.java,toUpperCase
12acfc45-bdfb-4343-9004-9be15dfd844c,server/world/ClanChatHandler.java,leaveClan,->,12acfc45-bdfb-4343-9004-9be15dfd844c,java/lang/StringBuilder.java,append
12acfc45-bdfb-4343-9004-9be15dfd844c,server/world/ClanChatHandler.java,leaveClan,->,12acfc45-bdfb-4343-9004-9be15dfd844c,java/lang/String.java,substring
12acfc45-bdfb-4343-9004-9be15dfd844c,server/world/ClanChatHandler.java,leaveClan,->,12acfc45-bdfb-4343-9004-9be15dfd844c,java/lang/StringBuilder.java,append
12acfc45-bdfb-4343-9004-9be15dfd844c,server/world/ClanChatHandler.java,leaveClan,->,12acfc45-bdfb-4343-9004-9be15dfd844c,java/lang/StringBuilder.java,toString
12acfc45-bdfb-4343-9004-9be15dfd844c,server/world/ClanChatHandler.java,leaveClan,->,12acfc45-bdfb-4343-9004-9be15dfd844c,java/lang/StringBuilder.java,append
12acfc45-bdfb-4343-9004-9be15dfd844c,server/world/ClanChatHandler.java,leaveClan,->,12acfc45-bdfb-4343-9004-9be15dfd844c,java/lang/StringBuilder.java,append
12acfc45-bdfb-4343-9004-9be15dfd844c,server/world/ClanChatHandler.java,leaveClan,->,12acfc45-bdfb-4343-9004-9be15dfd844c,java/lang/StringBuilder.java,toString
12acfc45-bdfb-4343-9004-9be15dfd844c,server/world/ClanChatHandler.java,leaveClan,->,12acfc45-bdfb-4343-9004-9be15dfd844c,server/model/players/Client.java,sendMessage
12acfc45-bdfb-4343-9004-9be15dfd844c,server/world/ClanChatHandler.java,leaveClan,->,12acfc45-bdfb-4343-9004-9be15dfd844c,server/world/ClanChatHandler.java,updateClanChat
12acfc45-bdfb-4343-9004-9be15dfd844c,server/world/ClanChatHandler.java,leaveClan,->,12acfc45-bdfb-4343-9004-9be15dfd844c,server/model/players/Client.java,sendMessage
12acfc45-bdfb-4343-9004-9be15dfd844c,server/world/ClanChatHandler.java,destructClan,->,12acfc45-bdfb-4343-9004-9be15dfd844c,server/model/players/Client.java,getPA
12acfc45-bdfb-4343-9004-9be15dfd844c,server/world/ClanChatHandler.java,destructClan,->,12acfc45-bdfb-4343-9004-9be15dfd844c,991eb2a8-284a-4290-ae08-f54cf8834706,a48222ba-98f6-4d21-8792-15e0a0a7a2e7
12acfc45-bdfb-4343-9004-9be15dfd844c,server/world/ClanChatHandler.java,messageToClan,->,12acfc45-bdfb-4343-9004-9be15dfd844c,java/lang/StringBuilder.java,append
12acfc45-bdfb-4343-9004-9be15dfd844c,server/world/ClanChatHandler.java,messageToClan,->,12acfc45-bdfb-4343-9004-9be15dfd844c,java/lang/StringBuilder.java,append
12acfc45-bdfb-4343-9004-9be15dfd844c,server/world/ClanChatHandler.java,messageToClan,->,12acfc45-bdfb-4343-9004-9be15dfd844c,java/lang/StringBuilder.java,toString
12acfc45-bdfb-4343-9004-9be15dfd844c,server/world/ClanChatHandler.java,messageToClan,->,12acfc45-bdfb-4343-9004-9be15dfd844c,server/model/players/Client.java,sendMessage
12acfc45-bdfb-4343-9004-9be15dfd844c,server/world/ClanChatHandler.java,playerMessageToClan,->,12acfc45-bdfb-4343-9004-9be15dfd844c,668e5208-a8db-424e-9ec6-92cd04ace8ad,169cc1a4-d429-42a9-83b3-3c4b05cb2882
12acfc45-bdfb-4343-9004-9be15dfd844c,server/world/ClanChatHandler.java,playerMessageToClan,->,12acfc45-bdfb-4343-9004-9be15dfd844c,server/model/players/Client.java,sendMessage
12acfc45-bdfb-4343-9004-9be15dfd844c,server/world/ClanChatHandler.java,playerMessageToClan,->,12acfc45-bdfb-4343-9004-9be15dfd844c,server/world/ClanChatHandler.java,isClanMuted
12acfc45-bdfb-4343-9004-9be15dfd844c,server/world/ClanChatHandler.java,playerMessageToClan,->,12acfc45-bdfb-4343-9004-9be15dfd844c,server/model/players/Client.java,sendMessage
12acfc45-bdfb-4343-9004-9be15dfd844c,server/world/ClanChatHandler.java,playerMessageToClan,->,12acfc45-bdfb-4343-9004-9be15dfd844c,2c89cfe4-ed6d-446f-832b-3c203feb3155,cd5ba455-2af0-40dc-821c-405dff9a3574
12acfc45-bdfb-4343-9004-9be15dfd844c,server/world/ClanChatHandler.java,playerMessageToClan,->,12acfc45-bdfb-4343-9004-9be15dfd844c,2c89cfe4-ed6d-446f-832b-3c203feb3155,cd5ba455-2af0-40dc-821c-405dff9a3574
12acfc45-bdfb-4343-9004-9be15dfd844c,server/world/ClanChatHandler.java,playerMessageToClan,->,12acfc45-bdfb-4343-9004-9be15dfd844c,server/model/players/Client.java,sendClan
12acfc45-bdfb-4343-9004-9be15dfd844c,server/world/ClanChatHandler.java,sendLootShareMessage,->,12acfc45-bdfb-4343-9004-9be15dfd844c,server/model/players/Client.java,sendClan
12acfc45-bdfb-4343-9004-9be15dfd844c,server/world/ClanChatHandler.java,handleLootShare,->,12acfc45-bdfb-4343-9004-9be15dfd844c,java/lang/StringBuilder.java,append
12acfc45-bdfb-4343-9004-9be15dfd844c,server/world/ClanChatHandler.java,handleLootShare,->,12acfc45-bdfb-4343-9004-9be15dfd844c,java/lang/StringBuilder.java,append
12acfc45-bdfb-4343-9004-9be15dfd844c,server/world/ClanChatHandler.java,handleLootShare,->,12acfc45-bdfb-4343-9004-9be15dfd844c,java/lang/StringBuilder.java,append
12acfc45-bdfb-4343-9004-9be15dfd844c,server/world/ClanChatHandler.java,handleLootShare,->,12acfc45-bdfb-4343-9004-9be15dfd844c,java/lang/StringBuilder.java,append
12acfc45-bdfb-4343-9004-9be15dfd844c,server/world/ClanChatHandler.java,handleLootShare,->,12acfc45-bdfb-4343-9004-9be15dfd844c,server/model/items/Item.java,getItemName
12acfc45-bdfb-4343-9004-9be15dfd844c,server/world/ClanChatHandler.java,handleLootShare,->,12acfc45-bdfb-4343-9004-9be15dfd844c,java/lang/StringBuilder.java,append
12acfc45-bdfb-4343-9004-9be15dfd844c,server/world/ClanChatHandler.java,handleLootShare,->,12acfc45-bdfb-4343-9004-9be15dfd844c,java/lang/StringBuilder.java,append
12acfc45-bdfb-4343-9004-9be15dfd844c,server/world/ClanChatHandler.java,handleLootShare,->,12acfc45-bdfb-4343-9004-9be15dfd844c,java/lang/StringBuilder.java,toString
12acfc45-bdfb-4343-9004-9be15dfd844c,server/world/ClanChatHandler.java,handleLootShare,->,12acfc45-bdfb-4343-9004-9be15dfd844c,server/world/ClanChatHandler.java,sendLootShareMessage
12acfc45-bdfb-4343-9004-9be15dfd844c,server/world/ItemHandler.java,addItem,->,12acfc45-bdfb-4343-9004-9be15dfd844c,java/util/List.java,add
12acfc45-bdfb-4343-9004-9be15dfd844c,server/world/ItemHandler.java,removeItem,->,12acfc45-bdfb-4343-9004-9be15dfd844c,java/util/List.java,remove
12acfc45-bdfb-4343-9004-9be15dfd844c,server/world/ItemHandler.java,itemAmount,->,12acfc45-bdfb-4343-9004-9be15dfd844c,java/util/List.java,iterator
12acfc45-bdfb-4343-9004-9be15dfd844c,server/world/ItemHandler.java,itemAmount,->,12acfc45-bdfb-4343-9004-9be15dfd844c,java/util/Iterator.java,hasNext
12acfc45-bdfb-4343-9004-9be15dfd844c,server/world/ItemHandler.java,itemAmount,->,12acfc45-bdfb-4343-9004-9be15dfd844c,java/util/Iterator.java,next
12acfc45-bdfb-4343-9004-9be15dfd844c,server/world/ItemHandler.java,itemAmount,->,12acfc45-bdfb-4343-9004-9be15dfd844c,8b78d484-1675-4da5-a857-6c8998ae228e,83e4b91b-f64f-41ae-9fcb-a5748276d326
12acfc45-bdfb-4343-9004-9be15dfd844c,server/world/ItemHandler.java,itemAmount,->,12acfc45-bdfb-4343-9004-9be15dfd844c,8b78d484-1675-4da5-a857-6c8998ae228e,5a417a66-6ff1-487a-9593-866d5d2419b8
12acfc45-bdfb-4343-9004-9be15dfd844c,server/world/ItemHandler.java,itemAmount,->,12acfc45-bdfb-4343-9004-9be15dfd844c,8b78d484-1675-4da5-a857-6c8998ae228e,a08f841b-4413-4517-875d-c2ad040eabd1
12acfc45-bdfb-4343-9004-9be15dfd844c,server/world/ItemHandler.java,itemAmount,->,12acfc45-bdfb-4343-9004-9be15dfd844c,8b78d484-1675-4da5-a857-6c8998ae228e,c672b6c0-797b-4677-b723-d911defd3bd6
12acfc45-bdfb-4343-9004-9be15dfd844c,server/world/ItemHandler.java,itemExists,->,12acfc45-bdfb-4343-9004-9be15dfd844c,java/util/List.java,iterator
12acfc45-bdfb-4343-9004-9be15dfd844c,server/world/ItemHandler.java,itemExists,->,12acfc45-bdfb-4343-9004-9be15dfd844c,java/util/Iterator.java,hasNext
12acfc45-bdfb-4343-9004-9be15dfd844c,server/world/ItemHandler.java,itemExists,->,12acfc45-bdfb-4343-9004-9be15dfd844c,java/util/Iterator.java,next
12acfc45-bdfb-4343-9004-9be15dfd844c,server/world/ItemHandler.java,itemExists,->,12acfc45-bdfb-4343-9004-9be15dfd844c,8b78d484-1675-4da5-a857-6c8998ae228e,83e4b91b-f64f-41ae-9fcb-a5748276d326
12acfc45-bdfb-4343-9004-9be15dfd844c,server/world/ItemHandler.java,itemExists,->,12acfc45-bdfb-4343-9004-9be15dfd844c,8b78d484-1675-4da5-a857-6c8998ae228e,5a417a66-6ff1-487a-9593-866d5d2419b8
12acfc45-bdfb-4343-9004-9be15dfd844c,server/world/ItemHandler.java,itemExists,->,12acfc45-bdfb-4343-9004-9be15dfd844c,8b78d484-1675-4da5-a857-6c8998ae228e,a08f841b-4413-4517-875d-c2ad040eabd1
12acfc45-bdfb-4343-9004-9be15dfd844c,server/world/ItemHandler.java,reloadItems,->,12acfc45-bdfb-4343-9004-9be15dfd844c,java/util/List.java,iterator
12acfc45-bdfb-4343-9004-9be15dfd844c,server/world/ItemHandler.java,reloadItems,->,12acfc45-bdfb-4343-9004-9be15dfd844c,java/util/Iterator.java,hasNext
12acfc45-bdfb-4343-9004-9be15dfd844c,server/world/ItemHandler.java,reloadItems,->,12acfc45-bdfb-4343-9004-9be15dfd844c,java/util/Iterator.java,next
12acfc45-bdfb-4343-9004-9be15dfd844c,server/world/ItemHandler.java,reloadItems,->,12acfc45-bdfb-4343-9004-9be15dfd844c,server/model/players/Client.java,getItems
12acfc45-bdfb-4343-9004-9be15dfd844c,server/world/ItemHandler.java,reloadItems,->,12acfc45-bdfb-4343-9004-9be15dfd844c,8b78d484-1675-4da5-a857-6c8998ae228e,83e4b91b-f64f-41ae-9fcb-a5748276d326
12acfc45-bdfb-4343-9004-9be15dfd844c,server/world/ItemHandler.java,reloadItems,->,12acfc45-bdfb-4343-9004-9be15dfd844c,server/model/items/ItemAssistant.java,tradeable
12acfc45-bdfb-4343-9004-9be15dfd844c,server/world/ItemHandler.java,reloadItems,->,12acfc45-bdfb-4343-9004-9be15dfd844c,8b78d484-1675-4da5-a857-6c8998ae228e,90019aad-ce89-4e34-83ff-5ea9259ee7be
12acfc45-bdfb-4343-9004-9be15dfd844c,server/world/ItemHandler.java,reloadItems,->,12acfc45-bdfb-4343-9004-9be15dfd844c,java/lang/String.java,equalsIgnoreCase
12acfc45-bdfb-4343-9004-9be15dfd844c,server/world/ItemHandler.java,reloadItems,->,12acfc45-bdfb-4343-9004-9be15dfd844c,8b78d484-1675-4da5-a857-6c8998ae228e,5a417a66-6ff1-487a-9593-866d5d2419b8
12acfc45-bdfb-4343-9004-9be15dfd844c,server/world/ItemHandler.java,reloadItems,->,12acfc45-bdfb-4343-9004-9be15dfd844c,8b78d484-1675-4da5-a857-6c8998ae228e,a08f841b-4413-4517-875d-c2ad040eabd1
12acfc45-bdfb-4343-9004-9be15dfd844c,server/world/ItemHandler.java,reloadItems,->,12acfc45-bdfb-4343-9004-9be15dfd844c,server/model/players/Client.java,distanceToPoint
12acfc45-bdfb-4343-9004-9be15dfd844c,server/world/ItemHandler.java,reloadItems,->,12acfc45-bdfb-4343-9004-9be15dfd844c,8b78d484-1675-4da5-a857-6c8998ae228e,90019aad-ce89-4e34-83ff-5ea9259ee7be
12acfc45-bdfb-4343-9004-9be15dfd844c,server/world/ItemHandler.java,reloadItems,->,12acfc45-bdfb-4343-9004-9be15dfd844c,java/lang/String.java,equalsIgnoreCase
12acfc45-bdfb-4343-9004-9be15dfd844c,server/world/ItemHandler.java,reloadItems,->,12acfc45-bdfb-4343-9004-9be15dfd844c,server/model/players/Client.java,getItems
12acfc45-bdfb-4343-9004-9be15dfd844c,server/world/ItemHandler.java,reloadItems,->,12acfc45-bdfb-4343-9004-9be15dfd844c,8b78d484-1675-4da5-a857-6c8998ae228e,83e4b91b-f64f-41ae-9fcb-a5748276d326
12acfc45-bdfb-4343-9004-9be15dfd844c,server/world/ItemHandler.java,reloadItems,->,12acfc45-bdfb-4343-9004-9be15dfd844c,8b78d484-1675-4da5-a857-6c8998ae228e,5a417a66-6ff1-487a-9593-866d5d2419b8
12acfc45-bdfb-4343-9004-9be15dfd844c,server/world/ItemHandler.java,reloadItems,->,12acfc45-bdfb-4343-9004-9be15dfd844c,8b78d484-1675-4da5-a857-6c8998ae228e,a08f841b-4413-4517-875d-c2ad040eabd1
12acfc45-bdfb-4343-9004-9be15dfd844c,server/world/ItemHandler.java,reloadItems,->,12acfc45-bdfb-4343-9004-9be15dfd844c,8b78d484-1675-4da5-a857-6c8998ae228e,c672b6c0-797b-4677-b723-d911defd3bd6
12acfc45-bdfb-4343-9004-9be15dfd844c,server/world/ItemHandler.java,reloadItems,->,12acfc45-bdfb-4343-9004-9be15dfd844c,server/model/items/ItemAssistant.java,removeGroundItem
12acfc45-bdfb-4343-9004-9be15dfd844c,server/world/ItemHandler.java,reloadItems,->,12acfc45-bdfb-4343-9004-9be15dfd844c,server/model/players/Client.java,getItems
12acfc45-bdfb-4343-9004-9be15dfd844c,server/world/ItemHandler.java,reloadItems,->,12acfc45-bdfb-4343-9004-9be15dfd844c,8b78d484-1675-4da5-a857-6c8998ae228e,83e4b91b-f64f-41ae-9fcb-a5748276d326
12acfc45-bdfb-4343-9004-9be15dfd844c,server/world/ItemHandler.java,reloadItems,->,12acfc45-bdfb-4343-9004-9be15dfd844c,8b78d484-1675-4da5-a857-6c8998ae228e,5a417a66-6ff1-487a-9593-866d5d2419b8
12acfc45-bdfb-4343-9004-9be15dfd844c,server/world/ItemHandler.java,reloadItems,->,12acfc45-bdfb-4343-9004-9be15dfd844c,8b78d484-1675-4da5-a857-6c8998ae228e,a08f841b-4413-4517-875d-c2ad040eabd1
12acfc45-bdfb-4343-9004-9be15dfd844c,server/world/ItemHandler.java,reloadItems,->,12acfc45-bdfb-4343-9004-9be15dfd844c,8b78d484-1675-4da5-a857-6c8998ae228e,c672b6c0-797b-4677-b723-d911defd3bd6
12acfc45-bdfb-4343-9004-9be15dfd844c,server/world/ItemHandler.java,reloadItems,->,12acfc45-bdfb-4343-9004-9be15dfd844c,server/model/items/ItemAssistant.java,createGroundItem
12acfc45-bdfb-4343-9004-9be15dfd844c,server/world/ItemHandler.java,reloadItems,->,12acfc45-bdfb-4343-9004-9be15dfd844c,server/model/players/Client.java,getItems
12acfc45-bdfb-4343-9004-9be15dfd844c,server/world/ItemHandler.java,reloadItems,->,12acfc45-bdfb-4343-9004-9be15dfd844c,8b78d484-1675-4da5-a857-6c8998ae228e,83e4b91b-f64f-41ae-9fcb-a5748276d326
12acfc45-bdfb-4343-9004-9be15dfd844c,server/world/ItemHandler.java,reloadItems,->,12acfc45-bdfb-4343-9004-9be15dfd844c,8b78d484-1675-4da5-a857-6c8998ae228e,5a417a66-6ff1-487a-9593-866d5d2419b8
12acfc45-bdfb-4343-9004-9be15dfd844c,server/world/ItemHandler.java,reloadItems,->,12acfc45-bdfb-4343-9004-9be15dfd844c,8b78d484-1675-4da5-a857-6c8998ae228e,a08f841b-4413-4517-875d-c2ad040eabd1
12acfc45-bdfb-4343-9004-9be15dfd844c,server/world/ItemHandler.java,reloadItems,->,12acfc45-bdfb-4343-9004-9be15dfd844c,8b78d484-1675-4da5-a857-6c8998ae228e,c672b6c0-797b-4677-b723-d911defd3bd6
12acfc45-bdfb-4343-9004-9be15dfd844c,server/world/ItemHandler.java,reloadItems,->,12acfc45-bdfb-4343-9004-9be15dfd844c,server/model/items/ItemAssistant.java,removeGroundItem
12acfc45-bdfb-4343-9004-9be15dfd844c,server/world/ItemHandler.java,reloadItems,->,12acfc45-bdfb-4343-9004-9be15dfd844c,server/model/players/Client.java,getItems
12acfc45-bdfb-4343-9004-9be15dfd844c,server/world/ItemHandler.java,reloadItems,->,12acfc45-bdfb-4343-9004-9be15dfd844c,8b78d484-1675-4da5-a857-6c8998ae228e,83e4b91b-f64f-41ae-9fcb-a5748276d326
12acfc45-bdfb-4343-9004-9be15dfd844c,server/world/ItemHandler.java,reloadItems,->,12acfc45-bdfb-4343-9004-9be15dfd844c,8b78d484-1675-4da5-a857-6c8998ae228e,5a417a66-6ff1-487a-9593-866d5d2419b8
12acfc45-bdfb-4343-9004-9be15dfd844c,server/world/ItemHandler.java,reloadItems,->,12acfc45-bdfb-4343-9004-9be15dfd844c,8b78d484-1675-4da5-a857-6c8998ae228e,a08f841b-4413-4517-875d-c2ad040eabd1
12acfc45-bdfb-4343-9004-9be15dfd844c,server/world/ItemHandler.java,reloadItems,->,12acfc45-bdfb-4343-9004-9be15dfd844c,8b78d484-1675-4da5-a857-6c8998ae228e,c672b6c0-797b-4677-b723-d911defd3bd6
12acfc45-bdfb-4343-9004-9be15dfd844c,server/world/ItemHandler.java,reloadItems,->,12acfc45-bdfb-4343-9004-9be15dfd844c,server/model/items/ItemAssistant.java,createGroundItem
12acfc45-bdfb-4343-9004-9be15dfd844c,server/world/ItemHandler.java,process,->,12acfc45-bdfb-4343-9004-9be15dfd844c,java/util/List.java,size
12acfc45-bdfb-4343-9004-9be15dfd844c,server/world/ItemHandler.java,process,->,12acfc45-bdfb-4343-9004-9be15dfd844c,java/util/List.java,get
12acfc45-bdfb-4343-9004-9be15dfd844c,server/world/ItemHandler.java,process,->,12acfc45-bdfb-4343-9004-9be15dfd844c,java/util/List.java,get
12acfc45-bdfb-4343-9004-9be15dfd844c,server/world/ItemHandler.java,process,->,12acfc45-bdfb-4343-9004-9be15dfd844c,server/world/ItemHandler.java,createGlobalItem
12acfc45-bdfb-4343-9004-9be15dfd844c,server/world/ItemHandler.java,process,->,12acfc45-bdfb-4343-9004-9be15dfd844c,java/util/ArrayList.java,add
12acfc45-bdfb-4343-9004-9be15dfd844c,server/world/ItemHandler.java,process,->,12acfc45-bdfb-4343-9004-9be15dfd844c,java/util/ArrayList.java,size
12acfc45-bdfb-4343-9004-9be15dfd844c,server/world/ItemHandler.java,process,->,12acfc45-bdfb-4343-9004-9be15dfd844c,java/util/ArrayList.java,get
12acfc45-bdfb-4343-9004-9be15dfd844c,server/world/ItemHandler.java,process,->,12acfc45-bdfb-4343-9004-9be15dfd844c,8b78d484-1675-4da5-a857-6c8998ae228e,83e4b91b-f64f-41ae-9fcb-a5748276d326
12acfc45-bdfb-4343-9004-9be15dfd844c,server/world/ItemHandler.java,process,->,12acfc45-bdfb-4343-9004-9be15dfd844c,8b78d484-1675-4da5-a857-6c8998ae228e,5a417a66-6ff1-487a-9593-866d5d2419b8
12acfc45-bdfb-4343-9004-9be15dfd844c,server/world/ItemHandler.java,process,->,12acfc45-bdfb-4343-9004-9be15dfd844c,8b78d484-1675-4da5-a857-6c8998ae228e,a08f841b-4413-4517-875d-c2ad040eabd1
12acfc45-bdfb-4343-9004-9be15dfd844c,server/world/ItemHandler.java,process,->,12acfc45-bdfb-4343-9004-9be15dfd844c,8b78d484-1675-4da5-a857-6c8998ae228e,c672b6c0-797b-4677-b723-d911defd3bd6
12acfc45-bdfb-4343-9004-9be15dfd844c,server/world/ItemHandler.java,process,->,12acfc45-bdfb-4343-9004-9be15dfd844c,server/world/ItemHandler.java,removeGlobalItem
12acfc45-bdfb-4343-9004-9be15dfd844c,server/world/ItemHandler.java,createGroundItem,->,12acfc45-bdfb-4343-9004-9be15dfd844c,server/model/players/Client.java,sendMessage
12acfc45-bdfb-4343-9004-9be15dfd844c,server/world/ItemHandler.java,createGroundItem,->,12acfc45-bdfb-4343-9004-9be15dfd844c,server/model/players/Client.java,getItems
12acfc45-bdfb-4343-9004-9be15dfd844c,server/world/ItemHandler.java,createGroundItem,->,12acfc45-bdfb-4343-9004-9be15dfd844c,server/model/items/ItemAssistant.java,createGroundItem
12acfc45-bdfb-4343-9004-9be15dfd844c,server/world/ItemHandler.java,createGroundItem,->,12acfc45-bdfb-4343-9004-9be15dfd844c,server/world/ItemHandler.java,addItem
12acfc45-bdfb-4343-9004-9be15dfd844c,server/world/ItemHandler.java,createGroundItem,->,12acfc45-bdfb-4343-9004-9be15dfd844c,server/model/players/Client.java,getItems
12acfc45-bdfb-4343-9004-9be15dfd844c,server/world/ItemHandler.java,createGroundItem,->,12acfc45-bdfb-4343-9004-9be15dfd844c,server/model/items/ItemAssistant.java,createGroundItem
12acfc45-bdfb-4343-9004-9be15dfd844c,server/world/ItemHandler.java,createGroundItem,->,12acfc45-bdfb-4343-9004-9be15dfd844c,server/world/ItemHandler.java,addItem
12acfc45-bdfb-4343-9004-9be15dfd844c,server/world/ItemHandler.java,createGlobalItem,->,12acfc45-bdfb-4343-9004-9be15dfd844c,8b78d484-1675-4da5-a857-6c8998ae228e,9146d603-ebc6-4e71-8ddd-df22f8ff01b3
12acfc45-bdfb-4343-9004-9be15dfd844c,server/world/ItemHandler.java,createGlobalItem,->,12acfc45-bdfb-4343-9004-9be15dfd844c,server/model/players/Client.java,getItems
12acfc45-bdfb-4343-9004-9be15dfd844c,server/world/ItemHandler.java,createGlobalItem,->,12acfc45-bdfb-4343-9004-9be15dfd844c,8b78d484-1675-4da5-a857-6c8998ae228e,83e4b91b-f64f-41ae-9fcb-a5748276d326
12acfc45-bdfb-4343-9004-9be15dfd844c,server/world/ItemHandler.java,createGlobalItem,->,12acfc45-bdfb-4343-9004-9be15dfd844c,server/model/items/ItemAssistant.java,tradeable
12acfc45-bdfb-4343-9004-9be15dfd844c,server/world/ItemHandler.java,createGlobalItem,->,12acfc45-bdfb-4343-9004-9be15dfd844c,8b78d484-1675-4da5-a857-6c8998ae228e,9146d603-ebc6-4e71-8ddd-df22f8ff01b3
12acfc45-bdfb-4343-9004-9be15dfd844c,server/world/ItemHandler.java,createGlobalItem,->,12acfc45-bdfb-4343-9004-9be15dfd844c,8b78d484-1675-4da5-a857-6c8998ae228e,5a417a66-6ff1-487a-9593-866d5d2419b8
12acfc45-bdfb-4343-9004-9be15dfd844c,server/world/ItemHandler.java,createGlobalItem,->,12acfc45-bdfb-4343-9004-9be15dfd844c,8b78d484-1675-4da5-a857-6c8998ae228e,a08f841b-4413-4517-875d-c2ad040eabd1
12acfc45-bdfb-4343-9004-9be15dfd844c,server/world/ItemHandler.java,createGlobalItem,->,12acfc45-bdfb-4343-9004-9be15dfd844c,server/model/players/Client.java,distanceToPoint
12acfc45-bdfb-4343-9004-9be15dfd844c,server/world/ItemHandler.java,createGlobalItem,->,12acfc45-bdfb-4343-9004-9be15dfd844c,server/model/players/Client.java,getItems
12acfc45-bdfb-4343-9004-9be15dfd844c,server/world/ItemHandler.java,createGlobalItem,->,12acfc45-bdfb-4343-9004-9be15dfd844c,8b78d484-1675-4da5-a857-6c8998ae228e,83e4b91b-f64f-41ae-9fcb-a5748276d326
12acfc45-bdfb-4343-9004-9be15dfd844c,server/world/ItemHandler.java,createGlobalItem,->,12acfc45-bdfb-4343-9004-9be15dfd844c,8b78d484-1675-4da5-a857-6c8998ae228e,5a417a66-6ff1-487a-9593-866d5d2419b8
12acfc45-bdfb-4343-9004-9be15dfd844c,server/world/ItemHandler.java,createGlobalItem,->,12acfc45-bdfb-4343-9004-9be15dfd844c,8b78d484-1675-4da5-a857-6c8998ae228e,a08f841b-4413-4517-875d-c2ad040eabd1
12acfc45-bdfb-4343-9004-9be15dfd844c,server/world/ItemHandler.java,createGlobalItem,->,12acfc45-bdfb-4343-9004-9be15dfd844c,8b78d484-1675-4da5-a857-6c8998ae228e,c672b6c0-797b-4677-b723-d911defd3bd6
12acfc45-bdfb-4343-9004-9be15dfd844c,server/world/ItemHandler.java,createGlobalItem,->,12acfc45-bdfb-4343-9004-9be15dfd844c,server/model/items/ItemAssistant.java,createGroundItem
12acfc45-bdfb-4343-9004-9be15dfd844c,server/world/ItemHandler.java,removeGroundItem,->,12acfc45-bdfb-4343-9004-9be15dfd844c,java/util/List.java,iterator
12acfc45-bdfb-4343-9004-9be15dfd844c,server/world/ItemHandler.java,removeGroundItem,->,12acfc45-bdfb-4343-9004-9be15dfd844c,java/util/Iterator.java,hasNext
12acfc45-bdfb-4343-9004-9be15dfd844c,server/world/ItemHandler.java,removeGroundItem,->,12acfc45-bdfb-4343-9004-9be15dfd844c,java/util/Iterator.java,next
12acfc45-bdfb-4343-9004-9be15dfd844c,server/world/ItemHandler.java,removeGroundItem,->,12acfc45-bdfb-4343-9004-9be15dfd844c,8b78d484-1675-4da5-a857-6c8998ae228e,83e4b91b-f64f-41ae-9fcb-a5748276d326
12acfc45-bdfb-4343-9004-9be15dfd844c,server/world/ItemHandler.java,removeGroundItem,->,12acfc45-bdfb-4343-9004-9be15dfd844c,8b78d484-1675-4da5-a857-6c8998ae228e,5a417a66-6ff1-487a-9593-866d5d2419b8
12acfc45-bdfb-4343-9004-9be15dfd844c,server/world/ItemHandler.java,removeGroundItem,->,12acfc45-bdfb-4343-9004-9be15dfd844c,8b78d484-1675-4da5-a857-6c8998ae228e,a08f841b-4413-4517-875d-c2ad040eabd1
12acfc45-bdfb-4343-9004-9be15dfd844c,server/world/ItemHandler.java,removeGroundItem,->,12acfc45-bdfb-4343-9004-9be15dfd844c,8b78d484-1675-4da5-a857-6c8998ae228e,90019aad-ce89-4e34-83ff-5ea9259ee7be
12acfc45-bdfb-4343-9004-9be15dfd844c,server/world/ItemHandler.java,removeGroundItem,->,12acfc45-bdfb-4343-9004-9be15dfd844c,java/lang/String.java,equalsIgnoreCase
12acfc45-bdfb-4343-9004-9be15dfd844c,server/world/ItemHandler.java,removeGroundItem,->,12acfc45-bdfb-4343-9004-9be15dfd844c,server/model/players/Client.java,getItems
12acfc45-bdfb-4343-9004-9be15dfd844c,server/world/ItemHandler.java,removeGroundItem,->,12acfc45-bdfb-4343-9004-9be15dfd844c,server/model/items/ItemAssistant.java,specialCase
12acfc45-bdfb-4343-9004-9be15dfd844c,server/world/ItemHandler.java,removeGroundItem,->,12acfc45-bdfb-4343-9004-9be15dfd844c,server/model/players/Client.java,getItems
12acfc45-bdfb-4343-9004-9be15dfd844c,server/world/ItemHandler.java,removeGroundItem,->,12acfc45-bdfb-4343-9004-9be15dfd844c,8b78d484-1675-4da5-a857-6c8998ae228e,83e4b91b-f64f-41ae-9fcb-a5748276d326
12acfc45-bdfb-4343-9004-9be15dfd844c,server/world/ItemHandler.java,removeGroundItem,->,12acfc45-bdfb-4343-9004-9be15dfd844c,8b78d484-1675-4da5-a857-6c8998ae228e,c672b6c0-797b-4677-b723-d911defd3bd6
12acfc45-bdfb-4343-9004-9be15dfd844c,server/world/ItemHandler.java,removeGroundItem,->,12acfc45-bdfb-4343-9004-9be15dfd844c,server/model/items/ItemAssistant.java,addItem
12acfc45-bdfb-4343-9004-9be15dfd844c,server/world/ItemHandler.java,removeGroundItem,->,12acfc45-bdfb-4343-9004-9be15dfd844c,8b78d484-1675-4da5-a857-6c8998ae228e,83e4b91b-f64f-41ae-9fcb-a5748276d326
12acfc45-bdfb-4343-9004-9be15dfd844c,server/world/ItemHandler.java,removeGroundItem,->,12acfc45-bdfb-4343-9004-9be15dfd844c,8b78d484-1675-4da5-a857-6c8998ae228e,5a417a66-6ff1-487a-9593-866d5d2419b8
12acfc45-bdfb-4343-9004-9be15dfd844c,server/world/ItemHandler.java,removeGroundItem,->,12acfc45-bdfb-4343-9004-9be15dfd844c,8b78d484-1675-4da5-a857-6c8998ae228e,a08f841b-4413-4517-875d-c2ad040eabd1
12acfc45-bdfb-4343-9004-9be15dfd844c,server/world/ItemHandler.java,removeGroundItem,->,12acfc45-bdfb-4343-9004-9be15dfd844c,8b78d484-1675-4da5-a857-6c8998ae228e,c672b6c0-797b-4677-b723-d911defd3bd6
12acfc45-bdfb-4343-9004-9be15dfd844c,server/world/ItemHandler.java,removeGroundItem,->,12acfc45-bdfb-4343-9004-9be15dfd844c,server/world/ItemHandler.java,removeControllersItem
12acfc45-bdfb-4343-9004-9be15dfd844c,server/world/ItemHandler.java,removeGroundItem,->,12acfc45-bdfb-4343-9004-9be15dfd844c,server/model/players/Client.java,getItems
12acfc45-bdfb-4343-9004-9be15dfd844c,server/world/ItemHandler.java,removeGroundItem,->,12acfc45-bdfb-4343-9004-9be15dfd844c,server/model/items/ItemAssistant.java,handleSpecialPickup
12acfc45-bdfb-4343-9004-9be15dfd844c,server/world/ItemHandler.java,removeGroundItem,->,12acfc45-bdfb-4343-9004-9be15dfd844c,8b78d484-1675-4da5-a857-6c8998ae228e,83e4b91b-f64f-41ae-9fcb-a5748276d326
12acfc45-bdfb-4343-9004-9be15dfd844c,server/world/ItemHandler.java,removeGroundItem,->,12acfc45-bdfb-4343-9004-9be15dfd844c,8b78d484-1675-4da5-a857-6c8998ae228e,5a417a66-6ff1-487a-9593-866d5d2419b8
12acfc45-bdfb-4343-9004-9be15dfd844c,server/world/ItemHandler.java,removeGroundItem,->,12acfc45-bdfb-4343-9004-9be15dfd844c,8b78d484-1675-4da5-a857-6c8998ae228e,a08f841b-4413-4517-875d-c2ad040eabd1
12acfc45-bdfb-4343-9004-9be15dfd844c,server/world/ItemHandler.java,removeGroundItem,->,12acfc45-bdfb-4343-9004-9be15dfd844c,8b78d484-1675-4da5-a857-6c8998ae228e,c672b6c0-797b-4677-b723-d911defd3bd6
12acfc45-bdfb-4343-9004-9be15dfd844c,server/world/ItemHandler.java,removeGroundItem,->,12acfc45-bdfb-4343-9004-9be15dfd844c,server/world/ItemHandler.java,removeControllersItem
12acfc45-bdfb-4343-9004-9be15dfd844c,server/world/ItemHandler.java,removeGroundItem,->,12acfc45-bdfb-4343-9004-9be15dfd844c,8b78d484-1675-4da5-a857-6c8998ae228e,83e4b91b-f64f-41ae-9fcb-a5748276d326
12acfc45-bdfb-4343-9004-9be15dfd844c,server/world/ItemHandler.java,removeGroundItem,->,12acfc45-bdfb-4343-9004-9be15dfd844c,8b78d484-1675-4da5-a857-6c8998ae228e,5a417a66-6ff1-487a-9593-866d5d2419b8
12acfc45-bdfb-4343-9004-9be15dfd844c,server/world/ItemHandler.java,removeGroundItem,->,12acfc45-bdfb-4343-9004-9be15dfd844c,8b78d484-1675-4da5-a857-6c8998ae228e,a08f841b-4413-4517-875d-c2ad040eabd1
12acfc45-bdfb-4343-9004-9be15dfd844c,server/world/ItemHandler.java,removeGroundItem,->,12acfc45-bdfb-4343-9004-9be15dfd844c,8b78d484-1675-4da5-a857-6c8998ae228e,c672b6c0-797b-4677-b723-d911defd3bd6
12acfc45-bdfb-4343-9004-9be15dfd844c,server/world/ItemHandler.java,removeGroundItem,->,12acfc45-bdfb-4343-9004-9be15dfd844c,server/world/ItemHandler.java,removeControllersItem
12acfc45-bdfb-4343-9004-9be15dfd844c,server/world/ItemHandler.java,removeGroundItem,->,12acfc45-bdfb-4343-9004-9be15dfd844c,server/model/players/Client.java,getItems
12acfc45-bdfb-4343-9004-9be15dfd844c,server/world/ItemHandler.java,removeGroundItem,->,12acfc45-bdfb-4343-9004-9be15dfd844c,8b78d484-1675-4da5-a857-6c8998ae228e,83e4b91b-f64f-41ae-9fcb-a5748276d326
12acfc45-bdfb-4343-9004-9be15dfd844c,server/world/ItemHandler.java,removeGroundItem,->,12acfc45-bdfb-4343-9004-9be15dfd844c,8b78d484-1675-4da5-a857-6c8998ae228e,c672b6c0-797b-4677-b723-d911defd3bd6
12acfc45-bdfb-4343-9004-9be15dfd844c,server/world/ItemHandler.java,removeGroundItem,->,12acfc45-bdfb-4343-9004-9be15dfd844c,server/model/items/ItemAssistant.java,addItem
12acfc45-bdfb-4343-9004-9be15dfd844c,server/world/ItemHandler.java,removeGroundItem,->,12acfc45-bdfb-4343-9004-9be15dfd844c,8b78d484-1675-4da5-a857-6c8998ae228e,83e4b91b-f64f-41ae-9fcb-a5748276d326
12acfc45-bdfb-4343-9004-9be15dfd844c,server/world/ItemHandler.java,removeGroundItem,->,12acfc45-bdfb-4343-9004-9be15dfd844c,8b78d484-1675-4da5-a857-6c8998ae228e,5a417a66-6ff1-487a-9593-866d5d2419b8
12acfc45-bdfb-4343-9004-9be15dfd844c,server/world/ItemHandler.java,removeGroundItem,->,12acfc45-bdfb-4343-9004-9be15dfd844c,8b78d484-1675-4da5-a857-6c8998ae228e,a08f841b-4413-4517-875d-c2ad040eabd1
12acfc45-bdfb-4343-9004-9be15dfd844c,server/world/ItemHandler.java,removeGroundItem,->,12acfc45-bdfb-4343-9004-9be15dfd844c,8b78d484-1675-4da5-a857-6c8998ae228e,c672b6c0-797b-4677-b723-d911defd3bd6
12acfc45-bdfb-4343-9004-9be15dfd844c,server/world/ItemHandler.java,removeGroundItem,->,12acfc45-bdfb-4343-9004-9be15dfd844c,server/world/ItemHandler.java,removeGlobalItem
12acfc45-bdfb-4343-9004-9be15dfd844c,server/world/ItemHandler.java,removeGroundItem,->,12acfc45-bdfb-4343-9004-9be15dfd844c,8b78d484-1675-4da5-a857-6c8998ae228e,83e4b91b-f64f-41ae-9fcb-a5748276d326
12acfc45-bdfb-4343-9004-9be15dfd844c,server/world/ItemHandler.java,removeGroundItem,->,12acfc45-bdfb-4343-9004-9be15dfd844c,8b78d484-1675-4da5-a857-6c8998ae228e,5a417a66-6ff1-487a-9593-866d5d2419b8
12acfc45-bdfb-4343-9004-9be15dfd844c,server/world/ItemHandler.java,removeGroundItem,->,12acfc45-bdfb-4343-9004-9be15dfd844c,8b78d484-1675-4da5-a857-6c8998ae228e,a08f841b-4413-4517-875d-c2ad040eabd1
12acfc45-bdfb-4343-9004-9be15dfd844c,server/world/ItemHandler.java,removeGroundItem,->,12acfc45-bdfb-4343-9004-9be15dfd844c,8b78d484-1675-4da5-a857-6c8998ae228e,c672b6c0-797b-4677-b723-d911defd3bd6
12acfc45-bdfb-4343-9004-9be15dfd844c,server/world/ItemHandler.java,removeGroundItem,->,12acfc45-bdfb-4343-9004-9be15dfd844c,server/world/ItemHandler.java,removeGlobalItem
12acfc45-bdfb-4343-9004-9be15dfd844c,server/world/ItemHandler.java,removeControllersItem,->,12acfc45-bdfb-4343-9004-9be15dfd844c,server/model/players/Client.java,getItems
12acfc45-bdfb-4343-9004-9be15dfd844c,server/world/ItemHandler.java,removeControllersItem,->,12acfc45-bdfb-4343-9004-9be15dfd844c,server/model/items/ItemAssistant.java,removeGroundItem
12acfc45-bdfb-4343-9004-9be15dfd844c,server/world/ItemHandler.java,removeControllersItem,->,12acfc45-bdfb-4343-9004-9be15dfd844c,server/world/ItemHandler.java,removeItem
12acfc45-bdfb-4343-9004-9be15dfd844c,server/world/ItemHandler.java,removeGlobalItem,->,12acfc45-bdfb-4343-9004-9be15dfd844c,server/model/players/Client.java,distanceToPoint
12acfc45-bdfb-4343-9004-9be15dfd844c,server/world/ItemHandler.java,removeGlobalItem,->,12acfc45-bdfb-4343-9004-9be15dfd844c,server/model/players/Client.java,getItems
12acfc45-bdfb-4343-9004-9be15dfd844c,server/world/ItemHandler.java,removeGlobalItem,->,12acfc45-bdfb-4343-9004-9be15dfd844c,server/model/items/ItemAssistant.java,removeGroundItem
12acfc45-bdfb-4343-9004-9be15dfd844c,server/world/ItemHandler.java,removeGlobalItem,->,12acfc45-bdfb-4343-9004-9be15dfd844c,server/world/ItemHandler.java,removeItem
12acfc45-bdfb-4343-9004-9be15dfd844c,server/world/ItemHandler.java,loadItemPrices,->,12acfc45-bdfb-4343-9004-9be15dfd844c,java/lang/StringBuilder.java,append
12acfc45-bdfb-4343-9004-9be15dfd844c,server/world/ItemHandler.java,loadItemPrices,->,12acfc45-bdfb-4343-9004-9be15dfd844c,java/lang/StringBuilder.java,append
12acfc45-bdfb-4343-9004-9be15dfd844c,server/world/ItemHandler.java,loadItemPrices,->,12acfc45-bdfb-4343-9004-9be15dfd844c,java/lang/StringBuilder.java,toString
12acfc45-bdfb-4343-9004-9be15dfd844c,server/world/ItemHandler.java,loadItemPrices,->,12acfc45-bdfb-4343-9004-9be15dfd844c,java/util/Scanner.java,hasNextLine
12acfc45-bdfb-4343-9004-9be15dfd844c,server/world/ItemHandler.java,loadItemPrices,->,12acfc45-bdfb-4343-9004-9be15dfd844c,java/util/Scanner.java,nextLine
12acfc45-bdfb-4343-9004-9be15dfd844c,server/world/ItemHandler.java,loadItemPrices,->,12acfc45-bdfb-4343-9004-9be15dfd844c,java/lang/String.java,split
12acfc45-bdfb-4343-9004-9be15dfd844c,server/world/ItemHandler.java,loadItemPrices,->,12acfc45-bdfb-4343-9004-9be15dfd844c,java/lang/Integer.java,parseInt
12acfc45-bdfb-4343-9004-9be15dfd844c,server/world/ItemHandler.java,loadItemPrices,->,12acfc45-bdfb-4343-9004-9be15dfd844c,server/world/ItemHandler.java,getItemList
12acfc45-bdfb-4343-9004-9be15dfd844c,server/world/ItemHandler.java,loadItemPrices,->,12acfc45-bdfb-4343-9004-9be15dfd844c,java/lang/Integer.java,parseInt
12acfc45-bdfb-4343-9004-9be15dfd844c,server/world/ItemHandler.java,loadItemPrices,->,12acfc45-bdfb-4343-9004-9be15dfd844c,java/io/IOException.java,printStackTrace
12acfc45-bdfb-4343-9004-9be15dfd844c,server/world/ItemHandler.java,loadItemList,->,12acfc45-bdfb-4343-9004-9be15dfd844c,java/lang/StringBuilder.java,append
12acfc45-bdfb-4343-9004-9be15dfd844c,server/world/ItemHandler.java,loadItemList,->,12acfc45-bdfb-4343-9004-9be15dfd844c,java/lang/StringBuilder.java,append
12acfc45-bdfb-4343-9004-9be15dfd844c,server/world/ItemHandler.java,loadItemList,->,12acfc45-bdfb-4343-9004-9be15dfd844c,java/lang/StringBuilder.java,toString
12acfc45-bdfb-4343-9004-9be15dfd844c,server/world/ItemHandler.java,loadItemList,->,12acfc45-bdfb-4343-9004-9be15dfd844c,java/lang/StringBuilder.java,append
12acfc45-bdfb-4343-9004-9be15dfd844c,server/world/ItemHandler.java,loadItemList,->,12acfc45-bdfb-4343-9004-9be15dfd844c,java/lang/StringBuilder.java,append
12acfc45-bdfb-4343-9004-9be15dfd844c,server/world/ItemHandler.java,loadItemList,->,12acfc45-bdfb-4343-9004-9be15dfd844c,java/lang/StringBuilder.java,toString
12acfc45-bdfb-4343-9004-9be15dfd844c,server/world/ItemHandler.java,loadItemList,->,12acfc45-bdfb-4343-9004-9be15dfd844c,2c89cfe4-ed6d-446f-832b-3c203feb3155,cf0eb5d1-f945-4cc7-9eaa-55b858ed55c6
12acfc45-bdfb-4343-9004-9be15dfd844c,server/world/ItemHandler.java,loadItemList,->,12acfc45-bdfb-4343-9004-9be15dfd844c,java/io/BufferedReader.java,readLine
12acfc45-bdfb-4343-9004-9be15dfd844c,server/world/ItemHandler.java,loadItemList,->,12acfc45-bdfb-4343-9004-9be15dfd844c,java/lang/StringBuilder.java,append
12acfc45-bdfb-4343-9004-9be15dfd844c,server/world/ItemHandler.java,loadItemList,->,12acfc45-bdfb-4343-9004-9be15dfd844c,java/lang/StringBuilder.java,append
12acfc45-bdfb-4343-9004-9be15dfd844c,server/world/ItemHandler.java,loadItemList,->,12acfc45-bdfb-4343-9004-9be15dfd844c,java/lang/StringBuilder.java,toString
12acfc45-bdfb-4343-9004-9be15dfd844c,server/world/ItemHandler.java,loadItemList,->,12acfc45-bdfb-4343-9004-9be15dfd844c,2c89cfe4-ed6d-446f-832b-3c203feb3155,cf0eb5d1-f945-4cc7-9eaa-55b858ed55c6
12acfc45-bdfb-4343-9004-9be15dfd844c,server/world/ItemHandler.java,loadItemList,->,12acfc45-bdfb-4343-9004-9be15dfd844c,java/lang/String.java,trim
12acfc45-bdfb-4343-9004-9be15dfd844c,server/world/ItemHandler.java,loadItemList,->,12acfc45-bdfb-4343-9004-9be15dfd844c,java/lang/String.java,indexOf
12acfc45-bdfb-4343-9004-9be15dfd844c,server/world/ItemHandler.java,loadItemList,->,12acfc45-bdfb-4343-9004-9be15dfd844c,java/lang/String.java,substring
12acfc45-bdfb-4343-9004-9be15dfd844c,server/world/ItemHandler.java,loadItemList,->,12acfc45-bdfb-4343-9004-9be15dfd844c,java/lang/String.java,trim
12acfc45-bdfb-4343-9004-9be15dfd844c,server/world/ItemHandler.java,loadItemList,->,12acfc45-bdfb-4343-9004-9be15dfd844c,java/lang/String.java,substring
12acfc45-bdfb-4343-9004-9be15dfd844c,server/world/ItemHandler.java,loadItemList,->,12acfc45-bdfb-4343-9004-9be15dfd844c,java/lang/String.java,trim
12acfc45-bdfb-4343-9004-9be15dfd844c,server/world/ItemHandler.java,loadItemList,->,12acfc45-bdfb-4343-9004-9be15dfd844c,java/lang/String.java,replaceAll
12acfc45-bdfb-4343-9004-9be15dfd844c,server/world/ItemHandler.java,loadItemList,->,12acfc45-bdfb-4343-9004-9be15dfd844c,java/lang/String.java,replaceAll
12acfc45-bdfb-4343-9004-9be15dfd844c,server/world/ItemHandler.java,loadItemList,->,12acfc45-bdfb-4343-9004-9be15dfd844c,java/lang/String.java,replaceAll
12acfc45-bdfb-4343-9004-9be15dfd844c,server/world/ItemHandler.java,loadItemList,->,12acfc45-bdfb-4343-9004-9be15dfd844c,java/lang/String.java,replaceAll
12acfc45-bdfb-4343-9004-9be15dfd844c,server/world/ItemHandler.java,loadItemList,->,12acfc45-bdfb-4343-9004-9be15dfd844c,java/lang/String.java,replaceAll
12acfc45-bdfb-4343-9004-9be15dfd844c,server/world/ItemHandler.java,loadItemList,->,12acfc45-bdfb-4343-9004-9be15dfd844c,java/lang/String.java,split
12acfc45-bdfb-4343-9004-9be15dfd844c,server/world/ItemHandler.java,loadItemList,->,12acfc45-bdfb-4343-9004-9be15dfd844c,java/lang/String.java,equals
12acfc45-bdfb-4343-9004-9be15dfd844c,server/world/ItemHandler.java,loadItemList,->,12acfc45-bdfb-4343-9004-9be15dfd844c,java/lang/Integer.java,parseInt
12acfc45-bdfb-4343-9004-9be15dfd844c,server/world/ItemHandler.java,loadItemList,->,12acfc45-bdfb-4343-9004-9be15dfd844c,java/lang/Integer.java,parseInt
12acfc45-bdfb-4343-9004-9be15dfd844c,server/world/ItemHandler.java,loadItemList,->,12acfc45-bdfb-4343-9004-9be15dfd844c,java/lang/String.java,replaceAll
12acfc45-bdfb-4343-9004-9be15dfd844c,server/world/ItemHandler.java,loadItemList,->,12acfc45-bdfb-4343-9004-9be15dfd844c,java/lang/String.java,replaceAll
12acfc45-bdfb-4343-9004-9be15dfd844c,server/world/ItemHandler.java,loadItemList,->,12acfc45-bdfb-4343-9004-9be15dfd844c,java/lang/Double.java,parseDouble
12acfc45-bdfb-4343-9004-9be15dfd844c,server/world/ItemHandler.java,loadItemList,->,12acfc45-bdfb-4343-9004-9be15dfd844c,java/lang/Double.java,parseDouble
12acfc45-bdfb-4343-9004-9be15dfd844c,server/world/ItemHandler.java,loadItemList,->,12acfc45-bdfb-4343-9004-9be15dfd844c,java/lang/Double.java,parseDouble
12acfc45-bdfb-4343-9004-9be15dfd844c,server/world/ItemHandler.java,loadItemList,->,12acfc45-bdfb-4343-9004-9be15dfd844c,server/world/ItemHandler.java,newItemList
12acfc45-bdfb-4343-9004-9be15dfd844c,server/world/ItemHandler.java,loadItemList,->,12acfc45-bdfb-4343-9004-9be15dfd844c,java/lang/String.java,equals
12acfc45-bdfb-4343-9004-9be15dfd844c,server/world/ItemHandler.java,loadItemList,->,12acfc45-bdfb-4343-9004-9be15dfd844c,java/io/BufferedReader.java,close
12acfc45-bdfb-4343-9004-9be15dfd844c,server/world/ItemHandler.java,loadItemList,->,12acfc45-bdfb-4343-9004-9be15dfd844c,java/io/BufferedReader.java,readLine
12acfc45-bdfb-4343-9004-9be15dfd844c,server/world/ItemHandler.java,loadItemList,->,12acfc45-bdfb-4343-9004-9be15dfd844c,java/io/BufferedReader.java,close
12acfc45-bdfb-4343-9004-9be15dfd844c,09a0a166-9c9d-4931-a12a-84a8d97e2de4,069c2a77-7ba1-4c26-9529-98747983371b,->,12acfc45-bdfb-4343-9004-9be15dfd844c,9ecf2ca5-2323-4406-9de5-89794fa027e7,1825f520-4f94-4713-b126-141f185c5ff7
12acfc45-bdfb-4343-9004-9be15dfd844c,09a0a166-9c9d-4931-a12a-84a8d97e2de4,069c2a77-7ba1-4c26-9529-98747983371b,->,12acfc45-bdfb-4343-9004-9be15dfd844c,fe9326b3-98e0-47b7-96f9-0b4883764a0b,18e505d4-0b15-4526-9bb5-ce24449b59e7
12acfc45-bdfb-4343-9004-9be15dfd844c,09a0a166-9c9d-4931-a12a-84a8d97e2de4,069c2a77-7ba1-4c26-9529-98747983371b,->,12acfc45-bdfb-4343-9004-9be15dfd844c,java/util/Queue.java,iterator
12acfc45-bdfb-4343-9004-9be15dfd844c,09a0a166-9c9d-4931-a12a-84a8d97e2de4,069c2a77-7ba1-4c26-9529-98747983371b,->,12acfc45-bdfb-4343-9004-9be15dfd844c,java/util/Iterator.java,hasNext
12acfc45-bdfb-4343-9004-9be15dfd844c,09a0a166-9c9d-4931-a12a-84a8d97e2de4,069c2a77-7ba1-4c26-9529-98747983371b,->,12acfc45-bdfb-4343-9004-9be15dfd844c,java/util/Iterator.java,next
12acfc45-bdfb-4343-9004-9be15dfd844c,09a0a166-9c9d-4931-a12a-84a8d97e2de4,069c2a77-7ba1-4c26-9529-98747983371b,->,12acfc45-bdfb-4343-9004-9be15dfd844c,server/model/players/Client.java,withinDistance
12acfc45-bdfb-4343-9004-9be15dfd844c,09a0a166-9c9d-4931-a12a-84a8d97e2de4,069c2a77-7ba1-4c26-9529-98747983371b,->,12acfc45-bdfb-4343-9004-9be15dfd844c,server/model/players/Client.java,getPA
12acfc45-bdfb-4343-9004-9be15dfd844c,09a0a166-9c9d-4931-a12a-84a8d97e2de4,069c2a77-7ba1-4c26-9529-98747983371b,->,12acfc45-bdfb-4343-9004-9be15dfd844c,991eb2a8-284a-4290-ae08-f54cf8834706,76a90aee-7f62-4b4e-80c1-99e2263573fe
12acfc45-bdfb-4343-9004-9be15dfd844c,060ef54d-d301-4dac-9485-528a6eea7902,3849e36c-b0c2-4f9e-90af-85b6963cd7a9,->,12acfc45-bdfb-4343-9004-9be15dfd844c,java/io/File.java,exists
12acfc45-bdfb-4343-9004-9be15dfd844c,060ef54d-d301-4dac-9485-528a6eea7902,3849e36c-b0c2-4f9e-90af-85b6963cd7a9,->,12acfc45-bdfb-4343-9004-9be15dfd844c,060ef54d-d301-4dac-9485-528a6eea7902,e15152b3-4d94-47d2-bf3b-0b50e8bc822f
12acfc45-bdfb-4343-9004-9be15dfd844c,060ef54d-d301-4dac-9485-528a6eea7902,3849e36c-b0c2-4f9e-90af-85b6963cd7a9,->,12acfc45-bdfb-4343-9004-9be15dfd844c,java/io/IOException.java,printStackTrace
12acfc45-bdfb-4343-9004-9be15dfd844c,060ef54d-d301-4dac-9485-528a6eea7902,3849e36c-b0c2-4f9e-90af-85b6963cd7a9,->,12acfc45-bdfb-4343-9004-9be15dfd844c,java/io/PrintStream.java,println
12acfc45-bdfb-4343-9004-9be15dfd844c,060ef54d-d301-4dac-9485-528a6eea7902,3849e36c-b0c2-4f9e-90af-85b6963cd7a9,->,12acfc45-bdfb-4343-9004-9be15dfd844c,java/lang/Exception.java,printStackTrace
12acfc45-bdfb-4343-9004-9be15dfd844c,060ef54d-d301-4dac-9485-528a6eea7902,e15152b3-4d94-47d2-bf3b-0b50e8bc822f,->,12acfc45-bdfb-4343-9004-9be15dfd844c,java/io/RandomAccessFile.java,getChannel
12acfc45-bdfb-4343-9004-9be15dfd844c,060ef54d-d301-4dac-9485-528a6eea7902,e15152b3-4d94-47d2-bf3b-0b50e8bc822f,->,12acfc45-bdfb-4343-9004-9be15dfd844c,java/nio/channels/FileChannel.java,size
12acfc45-bdfb-4343-9004-9be15dfd844c,060ef54d-d301-4dac-9485-528a6eea7902,e15152b3-4d94-47d2-bf3b-0b50e8bc822f,->,12acfc45-bdfb-4343-9004-9be15dfd844c,java/nio/channels/FileChannel.java,map
12acfc45-bdfb-4343-9004-9be15dfd844c,060ef54d-d301-4dac-9485-528a6eea7902,e15152b3-4d94-47d2-bf3b-0b50e8bc822f,->,12acfc45-bdfb-4343-9004-9be15dfd844c,java/nio/ByteBuffer.java,getInt
12acfc45-bdfb-4343-9004-9be15dfd844c,060ef54d-d301-4dac-9485-528a6eea7902,e15152b3-4d94-47d2-bf3b-0b50e8bc822f,->,12acfc45-bdfb-4343-9004-9be15dfd844c,java/nio/ByteBuffer.java,getShort
12acfc45-bdfb-4343-9004-9be15dfd844c,060ef54d-d301-4dac-9485-528a6eea7902,e15152b3-4d94-47d2-bf3b-0b50e8bc822f,->,12acfc45-bdfb-4343-9004-9be15dfd844c,java/nio/ByteBuffer.java,getShort
12acfc45-bdfb-4343-9004-9be15dfd844c,060ef54d-d301-4dac-9485-528a6eea7902,e15152b3-4d94-47d2-bf3b-0b50e8bc822f,->,12acfc45-bdfb-4343-9004-9be15dfd844c,java/nio/ByteBuffer.java,get
12acfc45-bdfb-4343-9004-9be15dfd844c,060ef54d-d301-4dac-9485-528a6eea7902,e15152b3-4d94-47d2-bf3b-0b50e8bc822f,->,12acfc45-bdfb-4343-9004-9be15dfd844c,java/nio/ByteBuffer.java,getInt
12acfc45-bdfb-4343-9004-9be15dfd844c,060ef54d-d301-4dac-9485-528a6eea7902,e15152b3-4d94-47d2-bf3b-0b50e8bc822f,->,12acfc45-bdfb-4343-9004-9be15dfd844c,java/lang/Integer.java,valueOf
12acfc45-bdfb-4343-9004-9be15dfd844c,060ef54d-d301-4dac-9485-528a6eea7902,e15152b3-4d94-47d2-bf3b-0b50e8bc822f,->,12acfc45-bdfb-4343-9004-9be15dfd844c,java/lang/Boolean.java,valueOf
12acfc45-bdfb-4343-9004-9be15dfd844c,060ef54d-d301-4dac-9485-528a6eea7902,e15152b3-4d94-47d2-bf3b-0b50e8bc822f,->,12acfc45-bdfb-4343-9004-9be15dfd844c,java/util/Map.java,put
12acfc45-bdfb-4343-9004-9be15dfd844c,060ef54d-d301-4dac-9485-528a6eea7902,e15152b3-4d94-47d2-bf3b-0b50e8bc822f,->,12acfc45-bdfb-4343-9004-9be15dfd844c,java/lang/StringBuilder.java,append
12acfc45-bdfb-4343-9004-9be15dfd844c,060ef54d-d301-4dac-9485-528a6eea7902,e15152b3-4d94-47d2-bf3b-0b50e8bc822f,->,12acfc45-bdfb-4343-9004-9be15dfd844c,java/lang/StringBuilder.java,append
12acfc45-bdfb-4343-9004-9be15dfd844c,060ef54d-d301-4dac-9485-528a6eea7902,e15152b3-4d94-47d2-bf3b-0b50e8bc822f,->,12acfc45-bdfb-4343-9004-9be15dfd844c,java/lang/StringBuilder.java,append
12acfc45-bdfb-4343-9004-9be15dfd844c,060ef54d-d301-4dac-9485-528a6eea7902,e15152b3-4d94-47d2-bf3b-0b50e8bc822f,->,12acfc45-bdfb-4343-9004-9be15dfd844c,java/lang/StringBuilder.java,toString
12acfc45-bdfb-4343-9004-9be15dfd844c,060ef54d-d301-4dac-9485-528a6eea7902,e15152b3-4d94-47d2-bf3b-0b50e8bc822f,->,12acfc45-bdfb-4343-9004-9be15dfd844c,java/io/PrintStream.java,println
12acfc45-bdfb-4343-9004-9be15dfd844c,060ef54d-d301-4dac-9485-528a6eea7902,e15152b3-4d94-47d2-bf3b-0b50e8bc822f,->,12acfc45-bdfb-4343-9004-9be15dfd844c,java/nio/channels/FileChannel.java,close
12acfc45-bdfb-4343-9004-9be15dfd844c,server/world/ObjectManager.java,process,->,12acfc45-bdfb-4343-9004-9be15dfd844c,java/util/ArrayList.java,iterator
12acfc45-bdfb-4343-9004-9be15dfd844c,server/world/ObjectManager.java,process,->,12acfc45-bdfb-4343-9004-9be15dfd844c,java/util/Iterator.java,hasNext
12acfc45-bdfb-4343-9004-9be15dfd844c,server/world/ObjectManager.java,process,->,12acfc45-bdfb-4343-9004-9be15dfd844c,java/util/Iterator.java,next
12acfc45-bdfb-4343-9004-9be15dfd844c,server/world/ObjectManager.java,process,->,12acfc45-bdfb-4343-9004-9be15dfd844c,server/world/ObjectManager.java,updateObject
12acfc45-bdfb-4343-9004-9be15dfd844c,server/world/ObjectManager.java,process,->,12acfc45-bdfb-4343-9004-9be15dfd844c,java/util/ArrayList.java,add
12acfc45-bdfb-4343-9004-9be15dfd844c,server/world/ObjectManager.java,process,->,12acfc45-bdfb-4343-9004-9be15dfd844c,java/util/ArrayList.java,iterator
12acfc45-bdfb-4343-9004-9be15dfd844c,server/world/ObjectManager.java,process,->,12acfc45-bdfb-4343-9004-9be15dfd844c,java/util/Iterator.java,hasNext
12acfc45-bdfb-4343-9004-9be15dfd844c,server/world/ObjectManager.java,process,->,12acfc45-bdfb-4343-9004-9be15dfd844c,java/util/Iterator.java,next
12acfc45-bdfb-4343-9004-9be15dfd844c,server/world/ObjectManager.java,process,->,12acfc45-bdfb-4343-9004-9be15dfd844c,server/world/ObjectManager.java,isObelisk
12acfc45-bdfb-4343-9004-9be15dfd844c,server/world/ObjectManager.java,process,->,12acfc45-bdfb-4343-9004-9be15dfd844c,server/world/ObjectManager.java,getObeliskIndex
12acfc45-bdfb-4343-9004-9be15dfd844c,server/world/ObjectManager.java,process,->,12acfc45-bdfb-4343-9004-9be15dfd844c,server/world/ObjectManager.java,teleportObelisk
12acfc45-bdfb-4343-9004-9be15dfd844c,server/world/ObjectManager.java,process,->,12acfc45-bdfb-4343-9004-9be15dfd844c,java/util/ArrayList.java,remove
12acfc45-bdfb-4343-9004-9be15dfd844c,server/world/ObjectManager.java,process,->,12acfc45-bdfb-4343-9004-9be15dfd844c,java/util/ArrayList.java,clear
12acfc45-bdfb-4343-9004-9be15dfd844c,server/world/ObjectManager.java,removeObject,->,12acfc45-bdfb-4343-9004-9be15dfd844c,server/model/players/Client.java,getPA
12acfc45-bdfb-4343-9004-9be15dfd844c,server/world/ObjectManager.java,removeObject,->,12acfc45-bdfb-4343-9004-9be15dfd844c,991eb2a8-284a-4290-ae08-f54cf8834706,6f1c3a56-0513-4978-8516-4c4cd1895096
12acfc45-bdfb-4343-9004-9be15dfd844c,server/world/ObjectManager.java,updateObject,->,12acfc45-bdfb-4343-9004-9be15dfd844c,server/model/players/Client.java,getPA
12acfc45-bdfb-4343-9004-9be15dfd844c,server/world/ObjectManager.java,updateObject,->,12acfc45-bdfb-4343-9004-9be15dfd844c,991eb2a8-284a-4290-ae08-f54cf8834706,6f1c3a56-0513-4978-8516-4c4cd1895096
12acfc45-bdfb-4343-9004-9be15dfd844c,server/world/ObjectManager.java,placeObject,->,12acfc45-bdfb-4343-9004-9be15dfd844c,server/model/players/Client.java,distanceToPoint
12acfc45-bdfb-4343-9004-9be15dfd844c,server/world/ObjectManager.java,placeObject,->,12acfc45-bdfb-4343-9004-9be15dfd844c,server/model/players/Client.java,getPA
12acfc45-bdfb-4343-9004-9be15dfd844c,server/world/ObjectManager.java,placeObject,->,12acfc45-bdfb-4343-9004-9be15dfd844c,991eb2a8-284a-4290-ae08-f54cf8834706,6f1c3a56-0513-4978-8516-4c4cd1895096
12acfc45-bdfb-4343-9004-9be15dfd844c,server/world/ObjectManager.java,getObject,->,12acfc45-bdfb-4343-9004-9be15dfd844c,java/util/ArrayList.java,iterator
12acfc45-bdfb-4343-9004-9be15dfd844c,server/world/ObjectManager.java,getObject,->,12acfc45-bdfb-4343-9004-9be15dfd844c,java/util/Iterator.java,hasNext
12acfc45-bdfb-4343-9004-9be15dfd844c,server/world/ObjectManager.java,getObject,->,12acfc45-bdfb-4343-9004-9be15dfd844c,java/util/Iterator.java,next
12acfc45-bdfb-4343-9004-9be15dfd844c,server/world/ObjectManager.java,loadObjects,->,12acfc45-bdfb-4343-9004-9be15dfd844c,java/util/ArrayList.java,iterator
12acfc45-bdfb-4343-9004-9be15dfd844c,server/world/ObjectManager.java,loadObjects,->,12acfc45-bdfb-4343-9004-9be15dfd844c,java/util/Iterator.java,hasNext
12acfc45-bdfb-4343-9004-9be15dfd844c,server/world/ObjectManager.java,loadObjects,->,12acfc45-bdfb-4343-9004-9be15dfd844c,java/util/Iterator.java,next
12acfc45-bdfb-4343-9004-9be15dfd844c,server/world/ObjectManager.java,loadObjects,->,12acfc45-bdfb-4343-9004-9be15dfd844c,server/world/ObjectManager.java,loadForPlayer
12acfc45-bdfb-4343-9004-9be15dfd844c,server/world/ObjectManager.java,loadObjects,->,12acfc45-bdfb-4343-9004-9be15dfd844c,server/model/players/Client.java,getPA
12acfc45-bdfb-4343-9004-9be15dfd844c,server/world/ObjectManager.java,loadObjects,->,12acfc45-bdfb-4343-9004-9be15dfd844c,991eb2a8-284a-4290-ae08-f54cf8834706,6f1c3a56-0513-4978-8516-4c4cd1895096
12acfc45-bdfb-4343-9004-9be15dfd844c,server/world/ObjectManager.java,loadObjects,->,12acfc45-bdfb-4343-9004-9be15dfd844c,server/world/ObjectManager.java,loadCustomSpawns
12acfc45-bdfb-4343-9004-9be15dfd844c,server/world/ObjectManager.java,loadObjects,->,12acfc45-bdfb-4343-9004-9be15dfd844c,server/model/players/Client.java,distanceToPoint
12acfc45-bdfb-4343-9004-9be15dfd844c,server/world/ObjectManager.java,loadObjects,->,12acfc45-bdfb-4343-9004-9be15dfd844c,server/model/players/Client.java,getFarming
12acfc45-bdfb-4343-9004-9be15dfd844c,server/world/ObjectManager.java,loadObjects,->,12acfc45-bdfb-4343-9004-9be15dfd844c,server/model/players/skills/Farming.java,updateHerbPatch
12acfc45-bdfb-4343-9004-9be15dfd844c,server/world/ObjectManager.java,loadCustomSpawns,->,12acfc45-bdfb-4343-9004-9be15dfd844c,server/model/players/Client.java,getPA
12acfc45-bdfb-4343-9004-9be15dfd844c,server/world/ObjectManager.java,loadCustomSpawns,->,12acfc45-bdfb-4343-9004-9be15dfd844c,991eb2a8-284a-4290-ae08-f54cf8834706,82c6079b-d91b-4c83-a34c-24cf3e6e5473
12acfc45-bdfb-4343-9004-9be15dfd844c,server/world/ObjectManager.java,loadCustomSpawns,->,12acfc45-bdfb-4343-9004-9be15dfd844c,server/model/players/Client.java,getPA
12acfc45-bdfb-4343-9004-9be15dfd844c,server/world/ObjectManager.java,loadCustomSpawns,->,12acfc45-bdfb-4343-9004-9be15dfd844c,991eb2a8-284a-4290-ae08-f54cf8834706,82c6079b-d91b-4c83-a34c-24cf3e6e5473
12acfc45-bdfb-4343-9004-9be15dfd844c,server/world/ObjectManager.java,loadCustomSpawns,->,12acfc45-bdfb-4343-9004-9be15dfd844c,server/model/players/Client.java,getPA
12acfc45-bdfb-4343-9004-9be15dfd844c,server/world/ObjectManager.java,loadCustomSpawns,->,12acfc45-bdfb-4343-9004-9be15dfd844c,991eb2a8-284a-4290-ae08-f54cf8834706,82c6079b-d91b-4c83-a34c-24cf3e6e5473
12acfc45-bdfb-4343-9004-9be15dfd844c,server/world/ObjectManager.java,loadCustomSpawns,->,12acfc45-bdfb-4343-9004-9be15dfd844c,server/model/players/Client.java,getPA
12acfc45-bdfb-4343-9004-9be15dfd844c,server/world/ObjectManager.java,loadCustomSpawns,->,12acfc45-bdfb-4343-9004-9be15dfd844c,991eb2a8-284a-4290-ae08-f54cf8834706,82c6079b-d91b-4c83-a34c-24cf3e6e5473
12acfc45-bdfb-4343-9004-9be15dfd844c,server/world/ObjectManager.java,loadCustomSpawns,->,12acfc45-bdfb-4343-9004-9be15dfd844c,server/model/players/Client.java,getPA
12acfc45-bdfb-4343-9004-9be15dfd844c,server/world/ObjectManager.java,loadCustomSpawns,->,12acfc45-bdfb-4343-9004-9be15dfd844c,991eb2a8-284a-4290-ae08-f54cf8834706,82c6079b-d91b-4c83-a34c-24cf3e6e5473
12acfc45-bdfb-4343-9004-9be15dfd844c,server/world/ObjectManager.java,loadCustomSpawns,->,12acfc45-bdfb-4343-9004-9be15dfd844c,server/model/players/Client.java,getPA
12acfc45-bdfb-4343-9004-9be15dfd844c,server/world/ObjectManager.java,loadCustomSpawns,->,12acfc45-bdfb-4343-9004-9be15dfd844c,991eb2a8-284a-4290-ae08-f54cf8834706,82c6079b-d91b-4c83-a34c-24cf3e6e5473
12acfc45-bdfb-4343-9004-9be15dfd844c,server/world/ObjectManager.java,loadCustomSpawns,->,12acfc45-bdfb-4343-9004-9be15dfd844c,server/model/players/Client.java,getPA
12acfc45-bdfb-4343-9004-9be15dfd844c,server/world/ObjectManager.java,loadCustomSpawns,->,12acfc45-bdfb-4343-9004-9be15dfd844c,991eb2a8-284a-4290-ae08-f54cf8834706,82c6079b-d91b-4c83-a34c-24cf3e6e5473
12acfc45-bdfb-4343-9004-9be15dfd844c,server/world/ObjectManager.java,loadCustomSpawns,->,12acfc45-bdfb-4343-9004-9be15dfd844c,server/model/players/Client.java,getPA
12acfc45-bdfb-4343-9004-9be15dfd844c,server/world/ObjectManager.java,loadCustomSpawns,->,12acfc45-bdfb-4343-9004-9be15dfd844c,991eb2a8-284a-4290-ae08-f54cf8834706,82c6079b-d91b-4c83-a34c-24cf3e6e5473
12acfc45-bdfb-4343-9004-9be15dfd844c,server/world/ObjectManager.java,loadCustomSpawns,->,12acfc45-bdfb-4343-9004-9be15dfd844c,server/model/players/Client.java,getPA
12acfc45-bdfb-4343-9004-9be15dfd844c,server/world/ObjectManager.java,loadCustomSpawns,->,12acfc45-bdfb-4343-9004-9be15dfd844c,991eb2a8-284a-4290-ae08-f54cf8834706,82c6079b-d91b-4c83-a34c-24cf3e6e5473
12acfc45-bdfb-4343-9004-9be15dfd844c,server/world/ObjectManager.java,loadCustomSpawns,->,12acfc45-bdfb-4343-9004-9be15dfd844c,server/model/players/Client.java,getPA
12acfc45-bdfb-4343-9004-9be15dfd844c,server/world/ObjectManager.java,loadCustomSpawns,->,12acfc45-bdfb-4343-9004-9be15dfd844c,991eb2a8-284a-4290-ae08-f54cf8834706,82c6079b-d91b-4c83-a34c-24cf3e6e5473
12acfc45-bdfb-4343-9004-9be15dfd844c,server/world/ObjectManager.java,loadCustomSpawns,->,12acfc45-bdfb-4343-9004-9be15dfd844c,server/model/players/Client.java,getPA
12acfc45-bdfb-4343-9004-9be15dfd844c,server/world/ObjectManager.java,loadCustomSpawns,->,12acfc45-bdfb-4343-9004-9be15dfd844c,991eb2a8-284a-4290-ae08-f54cf8834706,82c6079b-d91b-4c83-a34c-24cf3e6e5473
12acfc45-bdfb-4343-9004-9be15dfd844c,server/world/ObjectManager.java,loadCustomSpawns,->,12acfc45-bdfb-4343-9004-9be15dfd844c,server/model/players/Client.java,getPA
12acfc45-bdfb-4343-9004-9be15dfd844c,server/world/ObjectManager.java,loadCustomSpawns,->,12acfc45-bdfb-4343-9004-9be15dfd844c,991eb2a8-284a-4290-ae08-f54cf8834706,82c6079b-d91b-4c83-a34c-24cf3e6e5473
12acfc45-bdfb-4343-9004-9be15dfd844c,server/world/ObjectManager.java,loadCustomSpawns,->,12acfc45-bdfb-4343-9004-9be15dfd844c,server/model/players/Client.java,getPA
12acfc45-bdfb-4343-9004-9be15dfd844c,server/world/ObjectManager.java,loadCustomSpawns,->,12acfc45-bdfb-4343-9004-9be15dfd844c,991eb2a8-284a-4290-ae08-f54cf8834706,82c6079b-d91b-4c83-a34c-24cf3e6e5473
12acfc45-bdfb-4343-9004-9be15dfd844c,server/world/ObjectManager.java,loadCustomSpawns,->,12acfc45-bdfb-4343-9004-9be15dfd844c,server/model/players/Client.java,getPA
12acfc45-bdfb-4343-9004-9be15dfd844c,server/world/ObjectManager.java,loadCustomSpawns,->,12acfc45-bdfb-4343-9004-9be15dfd844c,991eb2a8-284a-4290-ae08-f54cf8834706,82c6079b-d91b-4c83-a34c-24cf3e6e5473
12acfc45-bdfb-4343-9004-9be15dfd844c,server/world/ObjectManager.java,loadCustomSpawns,->,12acfc45-bdfb-4343-9004-9be15dfd844c,server/model/players/Client.java,getPA
12acfc45-bdfb-4343-9004-9be15dfd844c,server/world/ObjectManager.java,loadCustomSpawns,->,12acfc45-bdfb-4343-9004-9be15dfd844c,991eb2a8-284a-4290-ae08-f54cf8834706,82c6079b-d91b-4c83-a34c-24cf3e6e5473
12acfc45-bdfb-4343-9004-9be15dfd844c,server/world/ObjectManager.java,startObelisk,->,12acfc45-bdfb-4343-9004-9be15dfd844c,server/world/ObjectManager.java,getObeliskIndex
12acfc45-bdfb-4343-9004-9be15dfd844c,server/world/ObjectManager.java,startObelisk,->,12acfc45-bdfb-4343-9004-9be15dfd844c,server/world/ObjectManager.java,addObject
12acfc45-bdfb-4343-9004-9be15dfd844c,server/world/ObjectManager.java,startObelisk,->,12acfc45-bdfb-4343-9004-9be15dfd844c,server/world/ObjectManager.java,addObject
12acfc45-bdfb-4343-9004-9be15dfd844c,server/world/ObjectManager.java,startObelisk,->,12acfc45-bdfb-4343-9004-9be15dfd844c,server/world/ObjectManager.java,addObject
12acfc45-bdfb-4343-9004-9be15dfd844c,server/world/ObjectManager.java,startObelisk,->,12acfc45-bdfb-4343-9004-9be15dfd844c,server/world/ObjectManager.java,addObject
12acfc45-bdfb-4343-9004-9be15dfd844c,server/world/ObjectManager.java,teleportObelisk,->,12acfc45-bdfb-4343-9004-9be15dfd844c,2c89cfe4-ed6d-446f-832b-3c203feb3155,12264cea-e176-47b1-b1bb-e3a14dc18d35
12acfc45-bdfb-4343-9004-9be15dfd844c,server/world/ObjectManager.java,teleportObelisk,->,12acfc45-bdfb-4343-9004-9be15dfd844c,2c89cfe4-ed6d-446f-832b-3c203feb3155,12264cea-e176-47b1-b1bb-e3a14dc18d35
12acfc45-bdfb-4343-9004-9be15dfd844c,server/world/ObjectManager.java,teleportObelisk,->,12acfc45-bdfb-4343-9004-9be15dfd844c,server/model/players/Client.java,getX
12acfc45-bdfb-4343-9004-9be15dfd844c,server/world/ObjectManager.java,teleportObelisk,->,12acfc45-bdfb-4343-9004-9be15dfd844c,server/model/players/Client.java,getY
12acfc45-bdfb-4343-9004-9be15dfd844c,server/world/ObjectManager.java,teleportObelisk,->,12acfc45-bdfb-4343-9004-9be15dfd844c,server/model/players/Client.java,goodDistance
12acfc45-bdfb-4343-9004-9be15dfd844c,server/world/ObjectManager.java,teleportObelisk,->,12acfc45-bdfb-4343-9004-9be15dfd844c,server/model/players/Client.java,getPA
12acfc45-bdfb-4343-9004-9be15dfd844c,server/world/ObjectManager.java,teleportObelisk,->,12acfc45-bdfb-4343-9004-9be15dfd844c,991eb2a8-284a-4290-ae08-f54cf8834706,9ddec840-98e8-430d-b3e5-512d9ad51fe5
12acfc45-bdfb-4343-9004-9be15dfd844c,server/world/ObjectManager.java,loadForPlayer,->,12acfc45-bdfb-4343-9004-9be15dfd844c,server/model/players/Client.java,distanceToPoint
12acfc45-bdfb-4343-9004-9be15dfd844c,server/world/ObjectManager.java,addObject,->,12acfc45-bdfb-4343-9004-9be15dfd844c,server/world/ObjectManager.java,getObject
12acfc45-bdfb-4343-9004-9be15dfd844c,server/world/ObjectManager.java,addObject,->,12acfc45-bdfb-4343-9004-9be15dfd844c,java/util/ArrayList.java,add
12acfc45-bdfb-4343-9004-9be15dfd844c,server/world/ObjectManager.java,addObject,->,12acfc45-bdfb-4343-9004-9be15dfd844c,server/world/ObjectManager.java,placeObject
12acfc45-bdfb-4343-9004-9be15dfd844c,server/world/ObjectHandler.java,addObject,->,12acfc45-bdfb-4343-9004-9be15dfd844c,java/util/List.java,add
12acfc45-bdfb-4343-9004-9be15dfd844c,server/world/ObjectHandler.java,removeObject,->,12acfc45-bdfb-4343-9004-9be15dfd844c,java/util/List.java,remove
12acfc45-bdfb-4343-9004-9be15dfd844c,server/world/ObjectHandler.java,createAnObject,->,12acfc45-bdfb-4343-9004-9be15dfd844c,server/world/ObjectHandler.java,removeObject
12acfc45-bdfb-4343-9004-9be15dfd844c,server/world/ObjectHandler.java,createAnObject,->,12acfc45-bdfb-4343-9004-9be15dfd844c,server/world/ObjectHandler.java,addObject
12acfc45-bdfb-4343-9004-9be15dfd844c,server/world/ObjectHandler.java,createAnObject,->,12acfc45-bdfb-4343-9004-9be15dfd844c,server/world/ObjectHandler.java,placeObject
12acfc45-bdfb-4343-9004-9be15dfd844c,server/world/ObjectHandler.java,createAnObject,->,12acfc45-bdfb-4343-9004-9be15dfd844c,server/world/ObjectHandler.java,removeObject
12acfc45-bdfb-4343-9004-9be15dfd844c,server/world/ObjectHandler.java,createAnObject,->,12acfc45-bdfb-4343-9004-9be15dfd844c,server/world/ObjectHandler.java,addObject
12acfc45-bdfb-4343-9004-9be15dfd844c,server/world/ObjectHandler.java,createAnObject,->,12acfc45-bdfb-4343-9004-9be15dfd844c,server/world/ObjectHandler.java,placeObject
12acfc45-bdfb-4343-9004-9be15dfd844c,server/world/ObjectHandler.java,objectExists,->,12acfc45-bdfb-4343-9004-9be15dfd844c,java/util/List.java,iterator
12acfc45-bdfb-4343-9004-9be15dfd844c,server/world/ObjectHandler.java,objectExists,->,12acfc45-bdfb-4343-9004-9be15dfd844c,java/util/Iterator.java,hasNext
12acfc45-bdfb-4343-9004-9be15dfd844c,server/world/ObjectHandler.java,objectExists,->,12acfc45-bdfb-4343-9004-9be15dfd844c,java/util/Iterator.java,next
12acfc45-bdfb-4343-9004-9be15dfd844c,server/world/ObjectHandler.java,objectExists,->,12acfc45-bdfb-4343-9004-9be15dfd844c,a8e14bcd-e497-432a-810a-923a36d35afd,b156356d-c96e-43a4-a635-04f3ee42d467
12acfc45-bdfb-4343-9004-9be15dfd844c,server/world/ObjectHandler.java,objectExists,->,12acfc45-bdfb-4343-9004-9be15dfd844c,a8e14bcd-e497-432a-810a-923a36d35afd,17cd5c45-cbb6-4f0b-b44d-37d0ac65397c
12acfc45-bdfb-4343-9004-9be15dfd844c,server/world/ObjectHandler.java,objectExists,->,12acfc45-bdfb-4343-9004-9be15dfd844c,a8e14bcd-e497-432a-810a-923a36d35afd,3b40ec39-ab9d-40e4-80fd-a6e6c0d53b75
12acfc45-bdfb-4343-9004-9be15dfd844c,server/world/ObjectHandler.java,updateObjects,->,12acfc45-bdfb-4343-9004-9be15dfd844c,java/util/List.java,iterator
12acfc45-bdfb-4343-9004-9be15dfd844c,server/world/ObjectHandler.java,updateObjects,->,12acfc45-bdfb-4343-9004-9be15dfd844c,java/util/Iterator.java,hasNext
12acfc45-bdfb-4343-9004-9be15dfd844c,server/world/ObjectHandler.java,updateObjects,->,12acfc45-bdfb-4343-9004-9be15dfd844c,java/util/Iterator.java,next
12acfc45-bdfb-4343-9004-9be15dfd844c,server/world/ObjectHandler.java,updateObjects,->,12acfc45-bdfb-4343-9004-9be15dfd844c,a8e14bcd-e497-432a-810a-923a36d35afd,3b40ec39-ab9d-40e4-80fd-a6e6c0d53b75
12acfc45-bdfb-4343-9004-9be15dfd844c,server/world/ObjectHandler.java,updateObjects,->,12acfc45-bdfb-4343-9004-9be15dfd844c,a8e14bcd-e497-432a-810a-923a36d35afd,b156356d-c96e-43a4-a635-04f3ee42d467
12acfc45-bdfb-4343-9004-9be15dfd844c,server/world/ObjectHandler.java,updateObjects,->,12acfc45-bdfb-4343-9004-9be15dfd844c,a8e14bcd-e497-432a-810a-923a36d35afd,17cd5c45-cbb6-4f0b-b44d-37d0ac65397c
12acfc45-bdfb-4343-9004-9be15dfd844c,server/world/ObjectHandler.java,updateObjects,->,12acfc45-bdfb-4343-9004-9be15dfd844c,server/model/players/Client.java,distanceToPoint
12acfc45-bdfb-4343-9004-9be15dfd844c,server/world/ObjectHandler.java,updateObjects,->,12acfc45-bdfb-4343-9004-9be15dfd844c,server/model/players/Client.java,getPA
12acfc45-bdfb-4343-9004-9be15dfd844c,server/world/ObjectHandler.java,updateObjects,->,12acfc45-bdfb-4343-9004-9be15dfd844c,a8e14bcd-e497-432a-810a-923a36d35afd,7076817e-7125-4b64-b151-4a25db38f21c
12acfc45-bdfb-4343-9004-9be15dfd844c,server/world/ObjectHandler.java,updateObjects,->,12acfc45-bdfb-4343-9004-9be15dfd844c,a8e14bcd-e497-432a-810a-923a36d35afd,b156356d-c96e-43a4-a635-04f3ee42d467
12acfc45-bdfb-4343-9004-9be15dfd844c,server/world/ObjectHandler.java,updateObjects,->,12acfc45-bdfb-4343-9004-9be15dfd844c,a8e14bcd-e497-432a-810a-923a36d35afd,17cd5c45-cbb6-4f0b-b44d-37d0ac65397c
12acfc45-bdfb-4343-9004-9be15dfd844c,server/world/ObjectHandler.java,updateObjects,->,12acfc45-bdfb-4343-9004-9be15dfd844c,a8e14bcd-e497-432a-810a-923a36d35afd,51bfd8fd-dd21-499f-86cc-eb976f908547
12acfc45-bdfb-4343-9004-9be15dfd844c,server/world/ObjectHandler.java,updateObjects,->,12acfc45-bdfb-4343-9004-9be15dfd844c,a8e14bcd-e497-432a-810a-923a36d35afd,4fe3c43e-d556-41e1-afc7-1cc45d8bc25b
12acfc45-bdfb-4343-9004-9be15dfd844c,server/world/ObjectHandler.java,updateObjects,->,12acfc45-bdfb-4343-9004-9be15dfd844c,991eb2a8-284a-4290-ae08-f54cf8834706,6f1c3a56-0513-4978-8516-4c4cd1895096
12acfc45-bdfb-4343-9004-9be15dfd844c,server/world/ObjectHandler.java,updateObjects,->,12acfc45-bdfb-4343-9004-9be15dfd844c,2c89cfe4-ed6d-446f-832b-3c203feb3155,12264cea-e176-47b1-b1bb-e3a14dc18d35
12acfc45-bdfb-4343-9004-9be15dfd844c,server/world/ObjectHandler.java,updateObjects,->,12acfc45-bdfb-4343-9004-9be15dfd844c,java/util/ArrayList.java,isEmpty
12acfc45-bdfb-4343-9004-9be15dfd844c,server/world/ObjectHandler.java,updateObjects,->,12acfc45-bdfb-4343-9004-9be15dfd844c,java/util/ArrayList.java,iterator
12acfc45-bdfb-4343-9004-9be15dfd844c,server/world/ObjectHandler.java,updateObjects,->,12acfc45-bdfb-4343-9004-9be15dfd844c,java/util/Iterator.java,next
12acfc45-bdfb-4343-9004-9be15dfd844c,server/world/ObjectHandler.java,updateObjects,->,12acfc45-bdfb-4343-9004-9be15dfd844c,java/util/ArrayList.java,indexOf
12acfc45-bdfb-4343-9004-9be15dfd844c,server/world/ObjectHandler.java,updateObjects,->,12acfc45-bdfb-4343-9004-9be15dfd844c,java/util/ArrayList.java,get
12acfc45-bdfb-4343-9004-9be15dfd844c,server/world/ObjectHandler.java,updateObjects,->,12acfc45-bdfb-4343-9004-9be15dfd844c,java/util/ArrayList.java,indexOf
12acfc45-bdfb-4343-9004-9be15dfd844c,server/world/ObjectHandler.java,updateObjects,->,12acfc45-bdfb-4343-9004-9be15dfd844c,java/util/ArrayList.java,remove
12acfc45-bdfb-4343-9004-9be15dfd844c,server/world/ObjectHandler.java,updateObjects,->,12acfc45-bdfb-4343-9004-9be15dfd844c,server/model/players/Client.java,distanceToPoint
12acfc45-bdfb-4343-9004-9be15dfd844c,server/world/ObjectHandler.java,updateObjects,->,12acfc45-bdfb-4343-9004-9be15dfd844c,server/model/players/Client.java,getFarming
12acfc45-bdfb-4343-9004-9be15dfd844c,server/world/ObjectHandler.java,updateObjects,->,12acfc45-bdfb-4343-9004-9be15dfd844c,server/model/players/skills/Farming.java,updateHerbPatch
12acfc45-bdfb-4343-9004-9be15dfd844c,server/world/ObjectHandler.java,updateObjects,->,12acfc45-bdfb-4343-9004-9be15dfd844c,server/model/players/Client.java,distanceToPoint
12acfc45-bdfb-4343-9004-9be15dfd844c,server/world/ObjectHandler.java,updateObjects,->,12acfc45-bdfb-4343-9004-9be15dfd844c,server/model/players/Client.java,getPA
12acfc45-bdfb-4343-9004-9be15dfd844c,server/world/ObjectHandler.java,updateObjects,->,12acfc45-bdfb-4343-9004-9be15dfd844c,991eb2a8-284a-4290-ae08-f54cf8834706,6f1c3a56-0513-4978-8516-4c4cd1895096
12acfc45-bdfb-4343-9004-9be15dfd844c,server/world/ObjectHandler.java,placeObject,->,12acfc45-bdfb-4343-9004-9be15dfd844c,a8e14bcd-e497-432a-810a-923a36d35afd,3b40ec39-ab9d-40e4-80fd-a6e6c0d53b75
12acfc45-bdfb-4343-9004-9be15dfd844c,server/world/ObjectHandler.java,placeObject,->,12acfc45-bdfb-4343-9004-9be15dfd844c,a8e14bcd-e497-432a-810a-923a36d35afd,b156356d-c96e-43a4-a635-04f3ee42d467
12acfc45-bdfb-4343-9004-9be15dfd844c,server/world/ObjectHandler.java,placeObject,->,12acfc45-bdfb-4343-9004-9be15dfd844c,a8e14bcd-e497-432a-810a-923a36d35afd,17cd5c45-cbb6-4f0b-b44d-37d0ac65397c
12acfc45-bdfb-4343-9004-9be15dfd844c,server/world/ObjectHandler.java,placeObject,->,12acfc45-bdfb-4343-9004-9be15dfd844c,server/model/players/Client.java,distanceToPoint
12acfc45-bdfb-4343-9004-9be15dfd844c,server/world/ObjectHandler.java,placeObject,->,12acfc45-bdfb-4343-9004-9be15dfd844c,server/world/ObjectHandler.java,removeAllObjects
12acfc45-bdfb-4343-9004-9be15dfd844c,server/world/ObjectHandler.java,placeObject,->,12acfc45-bdfb-4343-9004-9be15dfd844c,java/util/List.java,add
12acfc45-bdfb-4343-9004-9be15dfd844c,server/world/ObjectHandler.java,placeObject,->,12acfc45-bdfb-4343-9004-9be15dfd844c,server/model/players/Client.java,getPA
12acfc45-bdfb-4343-9004-9be15dfd844c,server/world/ObjectHandler.java,placeObject,->,12acfc45-bdfb-4343-9004-9be15dfd844c,a8e14bcd-e497-432a-810a-923a36d35afd,7076817e-7125-4b64-b151-4a25db38f21c
12acfc45-bdfb-4343-9004-9be15dfd844c,server/world/ObjectHandler.java,placeObject,->,12acfc45-bdfb-4343-9004-9be15dfd844c,a8e14bcd-e497-432a-810a-923a36d35afd,b156356d-c96e-43a4-a635-04f3ee42d467
12acfc45-bdfb-4343-9004-9be15dfd844c,server/world/ObjectHandler.java,placeObject,->,12acfc45-bdfb-4343-9004-9be15dfd844c,a8e14bcd-e497-432a-810a-923a36d35afd,17cd5c45-cbb6-4f0b-b44d-37d0ac65397c
12acfc45-bdfb-4343-9004-9be15dfd844c,server/world/ObjectHandler.java,placeObject,->,12acfc45-bdfb-4343-9004-9be15dfd844c,a8e14bcd-e497-432a-810a-923a36d35afd,51bfd8fd-dd21-499f-86cc-eb976f908547
12acfc45-bdfb-4343-9004-9be15dfd844c,server/world/ObjectHandler.java,placeObject,->,12acfc45-bdfb-4343-9004-9be15dfd844c,a8e14bcd-e497-432a-810a-923a36d35afd,4fe3c43e-d556-41e1-afc7-1cc45d8bc25b
12acfc45-bdfb-4343-9004-9be15dfd844c,server/world/ObjectHandler.java,placeObject,->,12acfc45-bdfb-4343-9004-9be15dfd844c,991eb2a8-284a-4290-ae08-f54cf8834706,6f1c3a56-0513-4978-8516-4c4cd1895096
12acfc45-bdfb-4343-9004-9be15dfd844c,server/world/ObjectHandler.java,removeAllObjects,->,12acfc45-bdfb-4343-9004-9be15dfd844c,java/util/List.java,iterator
12acfc45-bdfb-4343-9004-9be15dfd844c,server/world/ObjectHandler.java,removeAllObjects,->,12acfc45-bdfb-4343-9004-9be15dfd844c,java/util/Iterator.java,hasNext
12acfc45-bdfb-4343-9004-9be15dfd844c,server/world/ObjectHandler.java,removeAllObjects,->,12acfc45-bdfb-4343-9004-9be15dfd844c,java/util/Iterator.java,next
12acfc45-bdfb-4343-9004-9be15dfd844c,server/world/ObjectHandler.java,removeAllObjects,->,12acfc45-bdfb-4343-9004-9be15dfd844c,a8e14bcd-e497-432a-810a-923a36d35afd,b156356d-c96e-43a4-a635-04f3ee42d467
12acfc45-bdfb-4343-9004-9be15dfd844c,server/world/ObjectHandler.java,removeAllObjects,->,12acfc45-bdfb-4343-9004-9be15dfd844c,a8e14bcd-e497-432a-810a-923a36d35afd,17cd5c45-cbb6-4f0b-b44d-37d0ac65397c
12acfc45-bdfb-4343-9004-9be15dfd844c,server/world/ObjectHandler.java,removeAllObjects,->,12acfc45-bdfb-4343-9004-9be15dfd844c,a8e14bcd-e497-432a-810a-923a36d35afd,3b40ec39-ab9d-40e4-80fd-a6e6c0d53b75
12acfc45-bdfb-4343-9004-9be15dfd844c,server/world/ObjectHandler.java,removeAllObjects,->,12acfc45-bdfb-4343-9004-9be15dfd844c,a8e14bcd-e497-432a-810a-923a36d35afd,3b40ec39-ab9d-40e4-80fd-a6e6c0d53b75
12acfc45-bdfb-4343-9004-9be15dfd844c,server/world/ObjectHandler.java,removeAllObjects,->,12acfc45-bdfb-4343-9004-9be15dfd844c,java/util/List.java,remove
12acfc45-bdfb-4343-9004-9be15dfd844c,server/world/ObjectHandler.java,process,->,12acfc45-bdfb-4343-9004-9be15dfd844c,java/util/List.java,size
12acfc45-bdfb-4343-9004-9be15dfd844c,server/world/ObjectHandler.java,process,->,12acfc45-bdfb-4343-9004-9be15dfd844c,java/util/List.java,get
12acfc45-bdfb-4343-9004-9be15dfd844c,server/world/ObjectHandler.java,process,->,12acfc45-bdfb-4343-9004-9be15dfd844c,java/util/List.java,get
12acfc45-bdfb-4343-9004-9be15dfd844c,server/world/ObjectHandler.java,process,->,12acfc45-bdfb-4343-9004-9be15dfd844c,a8e14bcd-e497-432a-810a-923a36d35afd,b156356d-c96e-43a4-a635-04f3ee42d467
12acfc45-bdfb-4343-9004-9be15dfd844c,server/world/ObjectHandler.java,process,->,12acfc45-bdfb-4343-9004-9be15dfd844c,a8e14bcd-e497-432a-810a-923a36d35afd,17cd5c45-cbb6-4f0b-b44d-37d0ac65397c
12acfc45-bdfb-4343-9004-9be15dfd844c,server/world/ObjectHandler.java,process,->,12acfc45-bdfb-4343-9004-9be15dfd844c,a8e14bcd-e497-432a-810a-923a36d35afd,3b40ec39-ab9d-40e4-80fd-a6e6c0d53b75
12acfc45-bdfb-4343-9004-9be15dfd844c,server/world/ObjectHandler.java,process,->,12acfc45-bdfb-4343-9004-9be15dfd844c,server/world/ObjectHandler.java,objectExists
12acfc45-bdfb-4343-9004-9be15dfd844c,server/world/ObjectHandler.java,process,->,12acfc45-bdfb-4343-9004-9be15dfd844c,server/world/ObjectHandler.java,removeObject
12acfc45-bdfb-4343-9004-9be15dfd844c,server/world/ObjectHandler.java,process,->,12acfc45-bdfb-4343-9004-9be15dfd844c,server/world/ObjectHandler.java,placeObject
12acfc45-bdfb-4343-9004-9be15dfd844c,server/world/ObjectHandler.java,process,->,12acfc45-bdfb-4343-9004-9be15dfd844c,server/world/ObjectHandler.java,removeObject
12acfc45-bdfb-4343-9004-9be15dfd844c,server/world/ObjectHandler.java,process,->,12acfc45-bdfb-4343-9004-9be15dfd844c,server/world/ObjectHandler.java,isObelisk
12acfc45-bdfb-4343-9004-9be15dfd844c,server/world/ObjectHandler.java,process,->,12acfc45-bdfb-4343-9004-9be15dfd844c,server/world/ObjectHandler.java,getObeliskIndex
12acfc45-bdfb-4343-9004-9be15dfd844c,server/world/ObjectHandler.java,process,->,12acfc45-bdfb-4343-9004-9be15dfd844c,server/world/ObjectHandler.java,teleportObelisk
12acfc45-bdfb-4343-9004-9be15dfd844c,server/world/ObjectHandler.java,loadGlobalObjects,->,12acfc45-bdfb-4343-9004-9be15dfd844c,java/lang/StringBuilder.java,append
12acfc45-bdfb-4343-9004-9be15dfd844c,server/world/ObjectHandler.java,loadGlobalObjects,->,12acfc45-bdfb-4343-9004-9be15dfd844c,java/lang/StringBuilder.java,append
12acfc45-bdfb-4343-9004-9be15dfd844c,server/world/ObjectHandler.java,loadGlobalObjects,->,12acfc45-bdfb-4343-9004-9be15dfd844c,java/lang/StringBuilder.java,toString
12acfc45-bdfb-4343-9004-9be15dfd844c,server/world/ObjectHandler.java,loadGlobalObjects,->,12acfc45-bdfb-4343-9004-9be15dfd844c,java/lang/StringBuilder.java,append
12acfc45-bdfb-4343-9004-9be15dfd844c,server/world/ObjectHandler.java,loadGlobalObjects,->,12acfc45-bdfb-4343-9004-9be15dfd844c,java/lang/StringBuilder.java,append
12acfc45-bdfb-4343-9004-9be15dfd844c,server/world/ObjectHandler.java,loadGlobalObjects,->,12acfc45-bdfb-4343-9004-9be15dfd844c,java/lang/StringBuilder.java,toString
12acfc45-bdfb-4343-9004-9be15dfd844c,server/world/ObjectHandler.java,loadGlobalObjects,->,12acfc45-bdfb-4343-9004-9be15dfd844c,2c89cfe4-ed6d-446f-832b-3c203feb3155,cf0eb5d1-f945-4cc7-9eaa-55b858ed55c6
12acfc45-bdfb-4343-9004-9be15dfd844c,server/world/ObjectHandler.java,loadGlobalObjects,->,12acfc45-bdfb-4343-9004-9be15dfd844c,java/io/BufferedReader.java,readLine
12acfc45-bdfb-4343-9004-9be15dfd844c,server/world/ObjectHandler.java,loadGlobalObjects,->,12acfc45-bdfb-4343-9004-9be15dfd844c,java/lang/StringBuilder.java,append
12acfc45-bdfb-4343-9004-9be15dfd844c,server/world/ObjectHandler.java,loadGlobalObjects,->,12acfc45-bdfb-4343-9004-9be15dfd844c,java/lang/StringBuilder.java,append
12acfc45-bdfb-4343-9004-9be15dfd844c,server/world/ObjectHandler.java,loadGlobalObjects,->,12acfc45-bdfb-4343-9004-9be15dfd844c,java/lang/StringBuilder.java,toString
12acfc45-bdfb-4343-9004-9be15dfd844c,server/world/ObjectHandler.java,loadGlobalObjects,->,12acfc45-bdfb-4343-9004-9be15dfd844c,2c89cfe4-ed6d-446f-832b-3c203feb3155,cf0eb5d1-f945-4cc7-9eaa-55b858ed55c6
12acfc45-bdfb-4343-9004-9be15dfd844c,server/world/ObjectHandler.java,loadGlobalObjects,->,12acfc45-bdfb-4343-9004-9be15dfd844c,java/lang/String.java,trim
12acfc45-bdfb-4343-9004-9be15dfd844c,server/world/ObjectHandler.java,loadGlobalObjects,->,12acfc45-bdfb-4343-9004-9be15dfd844c,java/lang/String.java,indexOf
12acfc45-bdfb-4343-9004-9be15dfd844c,server/world/ObjectHandler.java,loadGlobalObjects,->,12acfc45-bdfb-4343-9004-9be15dfd844c,java/lang/String.java,substring
12acfc45-bdfb-4343-9004-9be15dfd844c,server/world/ObjectHandler.java,loadGlobalObjects,->,12acfc45-bdfb-4343-9004-9be15dfd844c,java/lang/String.java,trim
12acfc45-bdfb-4343-9004-9be15dfd844c,server/world/ObjectHandler.java,loadGlobalObjects,->,12acfc45-bdfb-4343-9004-9be15dfd844c,java/lang/String.java,substring
12acfc45-bdfb-4343-9004-9be15dfd844c,server/world/ObjectHandler.java,loadGlobalObjects,->,12acfc45-bdfb-4343-9004-9be15dfd844c,java/lang/String.java,trim
12acfc45-bdfb-4343-9004-9be15dfd844c,server/world/ObjectHandler.java,loadGlobalObjects,->,12acfc45-bdfb-4343-9004-9be15dfd844c,java/lang/String.java,replaceAll
12acfc45-bdfb-4343-9004-9be15dfd844c,server/world/ObjectHandler.java,loadGlobalObjects,->,12acfc45-bdfb-4343-9004-9be15dfd844c,java/lang/String.java,replaceAll
12acfc45-bdfb-4343-9004-9be15dfd844c,server/world/ObjectHandler.java,loadGlobalObjects,->,12acfc45-bdfb-4343-9004-9be15dfd844c,java/lang/String.java,replaceAll
12acfc45-bdfb-4343-9004-9be15dfd844c,server/world/ObjectHandler.java,loadGlobalObjects,->,12acfc45-bdfb-4343-9004-9be15dfd844c,java/lang/String.java,replaceAll
12acfc45-bdfb-4343-9004-9be15dfd844c,server/world/ObjectHandler.java,loadGlobalObjects,->,12acfc45-bdfb-4343-9004-9be15dfd844c,java/lang/String.java,replaceAll
12acfc45-bdfb-4343-9004-9be15dfd844c,server/world/ObjectHandler.java,loadGlobalObjects,->,12acfc45-bdfb-4343-9004-9be15dfd844c,java/lang/String.java,split
12acfc45-bdfb-4343-9004-9be15dfd844c,server/world/ObjectHandler.java,loadGlobalObjects,->,12acfc45-bdfb-4343-9004-9be15dfd844c,java/lang/String.java,equals
12acfc45-bdfb-4343-9004-9be15dfd844c,server/world/ObjectHandler.java,loadGlobalObjects,->,12acfc45-bdfb-4343-9004-9be15dfd844c,java/lang/Integer.java,parseInt
12acfc45-bdfb-4343-9004-9be15dfd844c,server/world/ObjectHandler.java,loadGlobalObjects,->,12acfc45-bdfb-4343-9004-9be15dfd844c,java/lang/Integer.java,parseInt
12acfc45-bdfb-4343-9004-9be15dfd844c,server/world/ObjectHandler.java,loadGlobalObjects,->,12acfc45-bdfb-4343-9004-9be15dfd844c,java/lang/Integer.java,parseInt
12acfc45-bdfb-4343-9004-9be15dfd844c,server/world/ObjectHandler.java,loadGlobalObjects,->,12acfc45-bdfb-4343-9004-9be15dfd844c,java/lang/Integer.java,parseInt
12acfc45-bdfb-4343-9004-9be15dfd844c,server/world/ObjectHandler.java,loadGlobalObjects,->,12acfc45-bdfb-4343-9004-9be15dfd844c,java/lang/Integer.java,parseInt
12acfc45-bdfb-4343-9004-9be15dfd844c,server/world/ObjectHandler.java,loadGlobalObjects,->,12acfc45-bdfb-4343-9004-9be15dfd844c,java/lang/Integer.java,parseInt
12acfc45-bdfb-4343-9004-9be15dfd844c,server/world/ObjectHandler.java,loadGlobalObjects,->,12acfc45-bdfb-4343-9004-9be15dfd844c,server/world/ObjectHandler.java,addObject
12acfc45-bdfb-4343-9004-9be15dfd844c,server/world/ObjectHandler.java,loadGlobalObjects,->,12acfc45-bdfb-4343-9004-9be15dfd844c,java/lang/String.java,equals
12acfc45-bdfb-4343-9004-9be15dfd844c,server/world/ObjectHandler.java,loadGlobalObjects,->,12acfc45-bdfb-4343-9004-9be15dfd844c,java/io/BufferedReader.java,close
12acfc45-bdfb-4343-9004-9be15dfd844c,server/world/ObjectHandler.java,loadGlobalObjects,->,12acfc45-bdfb-4343-9004-9be15dfd844c,java/io/BufferedReader.java,readLine
12acfc45-bdfb-4343-9004-9be15dfd844c,server/world/ObjectHandler.java,loadGlobalObjects,->,12acfc45-bdfb-4343-9004-9be15dfd844c,java/io/BufferedReader.java,close
12acfc45-bdfb-4343-9004-9be15dfd844c,server/world/ObjectHandler.java,doorHandling,->,12acfc45-bdfb-4343-9004-9be15dfd844c,server/model/players/Client.java,distanceToPoint
12acfc45-bdfb-4343-9004-9be15dfd844c,server/world/ObjectHandler.java,doorHandling,->,12acfc45-bdfb-4343-9004-9be15dfd844c,server/model/players/Client.java,getPA
12acfc45-bdfb-4343-9004-9be15dfd844c,server/world/ObjectHandler.java,doorHandling,->,12acfc45-bdfb-4343-9004-9be15dfd844c,991eb2a8-284a-4290-ae08-f54cf8834706,6f1c3a56-0513-4978-8516-4c4cd1895096
12acfc45-bdfb-4343-9004-9be15dfd844c,server/world/ObjectHandler.java,doorHandling,->,12acfc45-bdfb-4343-9004-9be15dfd844c,server/model/players/Client.java,getPA
12acfc45-bdfb-4343-9004-9be15dfd844c,server/world/ObjectHandler.java,doorHandling,->,12acfc45-bdfb-4343-9004-9be15dfd844c,991eb2a8-284a-4290-ae08-f54cf8834706,6f1c3a56-0513-4978-8516-4c4cd1895096
12acfc45-bdfb-4343-9004-9be15dfd844c,server/world/ObjectHandler.java,doorHandling,->,12acfc45-bdfb-4343-9004-9be15dfd844c,server/model/players/Client.java,getPA
12acfc45-bdfb-4343-9004-9be15dfd844c,server/world/ObjectHandler.java,doorHandling,->,12acfc45-bdfb-4343-9004-9be15dfd844c,991eb2a8-284a-4290-ae08-f54cf8834706,6f1c3a56-0513-4978-8516-4c4cd1895096
12acfc45-bdfb-4343-9004-9be15dfd844c,server/world/ObjectHandler.java,doorHandling,->,12acfc45-bdfb-4343-9004-9be15dfd844c,server/model/players/Client.java,getPA
12acfc45-bdfb-4343-9004-9be15dfd844c,server/world/ObjectHandler.java,doorHandling,->,12acfc45-bdfb-4343-9004-9be15dfd844c,991eb2a8-284a-4290-ae08-f54cf8834706,6f1c3a56-0513-4978-8516-4c4cd1895096
12acfc45-bdfb-4343-9004-9be15dfd844c,server/world/ObjectHandler.java,doorHandling,->,12acfc45-bdfb-4343-9004-9be15dfd844c,server/model/players/Client.java,getPA
12acfc45-bdfb-4343-9004-9be15dfd844c,server/world/ObjectHandler.java,doorHandling,->,12acfc45-bdfb-4343-9004-9be15dfd844c,991eb2a8-284a-4290-ae08-f54cf8834706,6f1c3a56-0513-4978-8516-4c4cd1895096
12acfc45-bdfb-4343-9004-9be15dfd844c,server/world/ObjectHandler.java,doorHandling,->,12acfc45-bdfb-4343-9004-9be15dfd844c,server/model/players/Client.java,getPA
12acfc45-bdfb-4343-9004-9be15dfd844c,server/world/ObjectHandler.java,doorHandling,->,12acfc45-bdfb-4343-9004-9be15dfd844c,991eb2a8-284a-4290-ae08-f54cf8834706,6f1c3a56-0513-4978-8516-4c4cd1895096
12acfc45-bdfb-4343-9004-9be15dfd844c,server/world/ObjectHandler.java,doorHandling,->,12acfc45-bdfb-4343-9004-9be15dfd844c,server/model/players/Client.java,getPA
12acfc45-bdfb-4343-9004-9be15dfd844c,server/world/ObjectHandler.java,doorHandling,->,12acfc45-bdfb-4343-9004-9be15dfd844c,991eb2a8-284a-4290-ae08-f54cf8834706,6f1c3a56-0513-4978-8516-4c4cd1895096
12acfc45-bdfb-4343-9004-9be15dfd844c,server/world/ObjectHandler.java,doorHandling,->,12acfc45-bdfb-4343-9004-9be15dfd844c,server/model/players/Client.java,getPA
12acfc45-bdfb-4343-9004-9be15dfd844c,server/world/ObjectHandler.java,doorHandling,->,12acfc45-bdfb-4343-9004-9be15dfd844c,991eb2a8-284a-4290-ae08-f54cf8834706,6f1c3a56-0513-4978-8516-4c4cd1895096
12acfc45-bdfb-4343-9004-9be15dfd844c,server/world/ObjectHandler.java,doorHandling,->,12acfc45-bdfb-4343-9004-9be15dfd844c,server/model/players/Client.java,getPA
12acfc45-bdfb-4343-9004-9be15dfd844c,server/world/ObjectHandler.java,doorHandling,->,12acfc45-bdfb-4343-9004-9be15dfd844c,991eb2a8-284a-4290-ae08-f54cf8834706,6f1c3a56-0513-4978-8516-4c4cd1895096
12acfc45-bdfb-4343-9004-9be15dfd844c,server/world/ObjectHandler.java,loadDoorConfig,->,12acfc45-bdfb-4343-9004-9be15dfd844c,java/lang/StringBuilder.java,append
12acfc45-bdfb-4343-9004-9be15dfd844c,server/world/ObjectHandler.java,loadDoorConfig,->,12acfc45-bdfb-4343-9004-9be15dfd844c,java/lang/StringBuilder.java,append
12acfc45-bdfb-4343-9004-9be15dfd844c,server/world/ObjectHandler.java,loadDoorConfig,->,12acfc45-bdfb-4343-9004-9be15dfd844c,java/lang/StringBuilder.java,toString
12acfc45-bdfb-4343-9004-9be15dfd844c,server/world/ObjectHandler.java,loadDoorConfig,->,12acfc45-bdfb-4343-9004-9be15dfd844c,java/lang/StringBuilder.java,append
12acfc45-bdfb-4343-9004-9be15dfd844c,server/world/ObjectHandler.java,loadDoorConfig,->,12acfc45-bdfb-4343-9004-9be15dfd844c,java/lang/StringBuilder.java,append
12acfc45-bdfb-4343-9004-9be15dfd844c,server/world/ObjectHandler.java,loadDoorConfig,->,12acfc45-bdfb-4343-9004-9be15dfd844c,java/lang/StringBuilder.java,toString
12acfc45-bdfb-4343-9004-9be15dfd844c,server/world/ObjectHandler.java,loadDoorConfig,->,12acfc45-bdfb-4343-9004-9be15dfd844c,2c89cfe4-ed6d-446f-832b-3c203feb3155,cf0eb5d1-f945-4cc7-9eaa-55b858ed55c6
12acfc45-bdfb-4343-9004-9be15dfd844c,server/world/ObjectHandler.java,loadDoorConfig,->,12acfc45-bdfb-4343-9004-9be15dfd844c,java/io/BufferedReader.java,readLine
12acfc45-bdfb-4343-9004-9be15dfd844c,server/world/ObjectHandler.java,loadDoorConfig,->,12acfc45-bdfb-4343-9004-9be15dfd844c,java/lang/StringBuilder.java,append
12acfc45-bdfb-4343-9004-9be15dfd844c,server/world/ObjectHandler.java,loadDoorConfig,->,12acfc45-bdfb-4343-9004-9be15dfd844c,java/lang/StringBuilder.java,append
12acfc45-bdfb-4343-9004-9be15dfd844c,server/world/ObjectHandler.java,loadDoorConfig,->,12acfc45-bdfb-4343-9004-9be15dfd844c,java/lang/StringBuilder.java,toString
12acfc45-bdfb-4343-9004-9be15dfd844c,server/world/ObjectHandler.java,loadDoorConfig,->,12acfc45-bdfb-4343-9004-9be15dfd844c,2c89cfe4-ed6d-446f-832b-3c203feb3155,cf0eb5d1-f945-4cc7-9eaa-55b858ed55c6
12acfc45-bdfb-4343-9004-9be15dfd844c,server/world/ObjectHandler.java,loadDoorConfig,->,12acfc45-bdfb-4343-9004-9be15dfd844c,java/lang/String.java,trim
12acfc45-bdfb-4343-9004-9be15dfd844c,server/world/ObjectHandler.java,loadDoorConfig,->,12acfc45-bdfb-4343-9004-9be15dfd844c,java/lang/String.java,indexOf
12acfc45-bdfb-4343-9004-9be15dfd844c,server/world/ObjectHandler.java,loadDoorConfig,->,12acfc45-bdfb-4343-9004-9be15dfd844c,java/lang/String.java,substring
12acfc45-bdfb-4343-9004-9be15dfd844c,server/world/ObjectHandler.java,loadDoorConfig,->,12acfc45-bdfb-4343-9004-9be15dfd844c,java/lang/String.java,trim
12acfc45-bdfb-4343-9004-9be15dfd844c,server/world/ObjectHandler.java,loadDoorConfig,->,12acfc45-bdfb-4343-9004-9be15dfd844c,java/lang/String.java,substring
12acfc45-bdfb-4343-9004-9be15dfd844c,server/world/ObjectHandler.java,loadDoorConfig,->,12acfc45-bdfb-4343-9004-9be15dfd844c,java/lang/String.java,trim
12acfc45-bdfb-4343-9004-9be15dfd844c,server/world/ObjectHandler.java,loadDoorConfig,->,12acfc45-bdfb-4343-9004-9be15dfd844c,java/lang/String.java,replaceAll
12acfc45-bdfb-4343-9004-9be15dfd844c,server/world/ObjectHandler.java,loadDoorConfig,->,12acfc45-bdfb-4343-9004-9be15dfd844c,java/lang/String.java,replaceAll
12acfc45-bdfb-4343-9004-9be15dfd844c,server/world/ObjectHandler.java,loadDoorConfig,->,12acfc45-bdfb-4343-9004-9be15dfd844c,java/lang/String.java,replaceAll
12acfc45-bdfb-4343-9004-9be15dfd844c,server/world/ObjectHandler.java,loadDoorConfig,->,12acfc45-bdfb-4343-9004-9be15dfd844c,java/lang/String.java,replaceAll
12acfc45-bdfb-4343-9004-9be15dfd844c,server/world/ObjectHandler.java,loadDoorConfig,->,12acfc45-bdfb-4343-9004-9be15dfd844c,java/lang/String.java,replaceAll
12acfc45-bdfb-4343-9004-9be15dfd844c,server/world/ObjectHandler.java,loadDoorConfig,->,12acfc45-bdfb-4343-9004-9be15dfd844c,java/lang/String.java,split
12acfc45-bdfb-4343-9004-9be15dfd844c,server/world/ObjectHandler.java,loadDoorConfig,->,12acfc45-bdfb-4343-9004-9be15dfd844c,java/lang/String.java,equals
12acfc45-bdfb-4343-9004-9be15dfd844c,server/world/ObjectHandler.java,loadDoorConfig,->,12acfc45-bdfb-4343-9004-9be15dfd844c,java/lang/Integer.java,parseInt
12acfc45-bdfb-4343-9004-9be15dfd844c,server/world/ObjectHandler.java,loadDoorConfig,->,12acfc45-bdfb-4343-9004-9be15dfd844c,java/lang/Integer.java,parseInt
12acfc45-bdfb-4343-9004-9be15dfd844c,server/world/ObjectHandler.java,loadDoorConfig,->,12acfc45-bdfb-4343-9004-9be15dfd844c,java/lang/Integer.java,parseInt
12acfc45-bdfb-4343-9004-9be15dfd844c,server/world/ObjectHandler.java,loadDoorConfig,->,12acfc45-bdfb-4343-9004-9be15dfd844c,java/lang/Integer.java,parseInt
12acfc45-bdfb-4343-9004-9be15dfd844c,server/world/ObjectHandler.java,loadDoorConfig,->,12acfc45-bdfb-4343-9004-9be15dfd844c,java/lang/Integer.java,parseInt
12acfc45-bdfb-4343-9004-9be15dfd844c,server/world/ObjectHandler.java,loadDoorConfig,->,12acfc45-bdfb-4343-9004-9be15dfd844c,java/lang/String.java,equals
12acfc45-bdfb-4343-9004-9be15dfd844c,server/world/ObjectHandler.java,loadDoorConfig,->,12acfc45-bdfb-4343-9004-9be15dfd844c,java/io/BufferedReader.java,close
12acfc45-bdfb-4343-9004-9be15dfd844c,server/world/ObjectHandler.java,loadDoorConfig,->,12acfc45-bdfb-4343-9004-9be15dfd844c,java/io/BufferedReader.java,readLine
12acfc45-bdfb-4343-9004-9be15dfd844c,server/world/ObjectHandler.java,loadDoorConfig,->,12acfc45-bdfb-4343-9004-9be15dfd844c,java/io/BufferedReader.java,close
12acfc45-bdfb-4343-9004-9be15dfd844c,server/world/ObjectHandler.java,startObelisk,->,12acfc45-bdfb-4343-9004-9be15dfd844c,server/world/ObjectHandler.java,getObeliskIndex
12acfc45-bdfb-4343-9004-9be15dfd844c,server/world/ObjectHandler.java,startObelisk,->,12acfc45-bdfb-4343-9004-9be15dfd844c,server/world/ObjectHandler.java,addObject
12acfc45-bdfb-4343-9004-9be15dfd844c,server/world/ObjectHandler.java,startObelisk,->,12acfc45-bdfb-4343-9004-9be15dfd844c,server/world/ObjectHandler.java,addObject
12acfc45-bdfb-4343-9004-9be15dfd844c,server/world/ObjectHandler.java,startObelisk,->,12acfc45-bdfb-4343-9004-9be15dfd844c,server/world/ObjectHandler.java,addObject
12acfc45-bdfb-4343-9004-9be15dfd844c,server/world/ObjectHandler.java,startObelisk,->,12acfc45-bdfb-4343-9004-9be15dfd844c,server/world/ObjectHandler.java,addObject
12acfc45-bdfb-4343-9004-9be15dfd844c,server/world/ObjectHandler.java,startObelisk,->,12acfc45-bdfb-4343-9004-9be15dfd844c,server/world/ObjectHandler.java,placeObject
12acfc45-bdfb-4343-9004-9be15dfd844c,server/world/ObjectHandler.java,startObelisk,->,12acfc45-bdfb-4343-9004-9be15dfd844c,server/world/ObjectHandler.java,placeObject
12acfc45-bdfb-4343-9004-9be15dfd844c,server/world/ObjectHandler.java,startObelisk,->,12acfc45-bdfb-4343-9004-9be15dfd844c,server/world/ObjectHandler.java,placeObject
12acfc45-bdfb-4343-9004-9be15dfd844c,server/world/ObjectHandler.java,startObelisk,->,12acfc45-bdfb-4343-9004-9be15dfd844c,server/world/ObjectHandler.java,placeObject
12acfc45-bdfb-4343-9004-9be15dfd844c,server/world/ObjectHandler.java,startObelisk,->,12acfc45-bdfb-4343-9004-9be15dfd844c,server/world/ObjectHandler.java,addObject
12acfc45-bdfb-4343-9004-9be15dfd844c,server/world/ObjectHandler.java,startObelisk,->,12acfc45-bdfb-4343-9004-9be15dfd844c,server/world/ObjectHandler.java,addObject
12acfc45-bdfb-4343-9004-9be15dfd844c,server/world/ObjectHandler.java,startObelisk,->,12acfc45-bdfb-4343-9004-9be15dfd844c,server/world/ObjectHandler.java,addObject
12acfc45-bdfb-4343-9004-9be15dfd844c,server/world/ObjectHandler.java,startObelisk,->,12acfc45-bdfb-4343-9004-9be15dfd844c,server/world/ObjectHandler.java,addObject
12acfc45-bdfb-4343-9004-9be15dfd844c,server/world/ObjectHandler.java,teleportObelisk,->,12acfc45-bdfb-4343-9004-9be15dfd844c,2c89cfe4-ed6d-446f-832b-3c203feb3155,12264cea-e176-47b1-b1bb-e3a14dc18d35
12acfc45-bdfb-4343-9004-9be15dfd844c,server/world/ObjectHandler.java,teleportObelisk,->,12acfc45-bdfb-4343-9004-9be15dfd844c,2c89cfe4-ed6d-446f-832b-3c203feb3155,12264cea-e176-47b1-b1bb-e3a14dc18d35
12acfc45-bdfb-4343-9004-9be15dfd844c,server/world/ObjectHandler.java,teleportObelisk,->,12acfc45-bdfb-4343-9004-9be15dfd844c,server/model/players/Client.java,getX
12acfc45-bdfb-4343-9004-9be15dfd844c,server/world/ObjectHandler.java,teleportObelisk,->,12acfc45-bdfb-4343-9004-9be15dfd844c,server/model/players/Client.java,getY
12acfc45-bdfb-4343-9004-9be15dfd844c,server/world/ObjectHandler.java,teleportObelisk,->,12acfc45-bdfb-4343-9004-9be15dfd844c,server/model/players/Client.java,goodDistance
12acfc45-bdfb-4343-9004-9be15dfd844c,server/world/ObjectHandler.java,teleportObelisk,->,12acfc45-bdfb-4343-9004-9be15dfd844c,server/model/players/Client.java,getPA
12acfc45-bdfb-4343-9004-9be15dfd844c,server/world/ObjectHandler.java,teleportObelisk,->,12acfc45-bdfb-4343-9004-9be15dfd844c,991eb2a8-284a-4290-ae08-f54cf8834706,9ddec840-98e8-430d-b3e5-512d9ad51fe5
12acfc45-bdfb-4343-9004-9be15dfd844c,19715e9e-0f6f-4b82-94d3-cb18bb45695d,c629b98f-cc73-4dd0-baf9-583f4983d53d,->,12acfc45-bdfb-4343-9004-9be15dfd844c,java/lang/Integer.java,valueOf
12acfc45-bdfb-4343-9004-9be15dfd844c,19715e9e-0f6f-4b82-94d3-cb18bb45695d,c629b98f-cc73-4dd0-baf9-583f4983d53d,->,12acfc45-bdfb-4343-9004-9be15dfd844c,java/util/Hashtable.java,get
12acfc45-bdfb-4343-9004-9be15dfd844c,19715e9e-0f6f-4b82-94d3-cb18bb45695d,c629b98f-cc73-4dd0-baf9-583f4983d53d,->,12acfc45-bdfb-4343-9004-9be15dfd844c,057c0f95-2845-4ad6-a6bd-cf181be9e286,a3ff8dd6-18bc-4b1f-840c-73dc02c6484d
12acfc45-bdfb-4343-9004-9be15dfd844c,19715e9e-0f6f-4b82-94d3-cb18bb45695d,c629b98f-cc73-4dd0-baf9-583f4983d53d,->,12acfc45-bdfb-4343-9004-9be15dfd844c,057c0f95-2845-4ad6-a6bd-cf181be9e286,2c6f5de0-c9f2-4de1-bd85-3f06acde98d7
12acfc45-bdfb-4343-9004-9be15dfd844c,19715e9e-0f6f-4b82-94d3-cb18bb45695d,c629b98f-cc73-4dd0-baf9-583f4983d53d,->,12acfc45-bdfb-4343-9004-9be15dfd844c,057c0f95-2845-4ad6-a6bd-cf181be9e286,a267800d-c03b-4129-aca2-c03fd3f2e7a6
12acfc45-bdfb-4343-9004-9be15dfd844c,19715e9e-0f6f-4b82-94d3-cb18bb45695d,c629b98f-cc73-4dd0-baf9-583f4983d53d,->,12acfc45-bdfb-4343-9004-9be15dfd844c,057c0f95-2845-4ad6-a6bd-cf181be9e286,a3ff8dd6-18bc-4b1f-840c-73dc02c6484d
12acfc45-bdfb-4343-9004-9be15dfd844c,19715e9e-0f6f-4b82-94d3-cb18bb45695d,c629b98f-cc73-4dd0-baf9-583f4983d53d,->,12acfc45-bdfb-4343-9004-9be15dfd844c,057c0f95-2845-4ad6-a6bd-cf181be9e286,2c6f5de0-c9f2-4de1-bd85-3f06acde98d7
12acfc45-bdfb-4343-9004-9be15dfd844c,19715e9e-0f6f-4b82-94d3-cb18bb45695d,c629b98f-cc73-4dd0-baf9-583f4983d53d,->,12acfc45-bdfb-4343-9004-9be15dfd844c,057c0f95-2845-4ad6-a6bd-cf181be9e286,a267800d-c03b-4129-aca2-c03fd3f2e7a6
12acfc45-bdfb-4343-9004-9be15dfd844c,19715e9e-0f6f-4b82-94d3-cb18bb45695d,c629b98f-cc73-4dd0-baf9-583f4983d53d,->,12acfc45-bdfb-4343-9004-9be15dfd844c,057c0f95-2845-4ad6-a6bd-cf181be9e286,a3ff8dd6-18bc-4b1f-840c-73dc02c6484d
12acfc45-bdfb-4343-9004-9be15dfd844c,19715e9e-0f6f-4b82-94d3-cb18bb45695d,c629b98f-cc73-4dd0-baf9-583f4983d53d,->,12acfc45-bdfb-4343-9004-9be15dfd844c,057c0f95-2845-4ad6-a6bd-cf181be9e286,2c6f5de0-c9f2-4de1-bd85-3f06acde98d7
12acfc45-bdfb-4343-9004-9be15dfd844c,19715e9e-0f6f-4b82-94d3-cb18bb45695d,c629b98f-cc73-4dd0-baf9-583f4983d53d,->,12acfc45-bdfb-4343-9004-9be15dfd844c,057c0f95-2845-4ad6-a6bd-cf181be9e286,a267800d-c03b-4129-aca2-c03fd3f2e7a6
12acfc45-bdfb-4343-9004-9be15dfd844c,19715e9e-0f6f-4b82-94d3-cb18bb45695d,c629b98f-cc73-4dd0-baf9-583f4983d53d,->,12acfc45-bdfb-4343-9004-9be15dfd844c,057c0f95-2845-4ad6-a6bd-cf181be9e286,a3ff8dd6-18bc-4b1f-840c-73dc02c6484d
12acfc45-bdfb-4343-9004-9be15dfd844c,19715e9e-0f6f-4b82-94d3-cb18bb45695d,c629b98f-cc73-4dd0-baf9-583f4983d53d,->,12acfc45-bdfb-4343-9004-9be15dfd844c,057c0f95-2845-4ad6-a6bd-cf181be9e286,2c6f5de0-c9f2-4de1-bd85-3f06acde98d7
12acfc45-bdfb-4343-9004-9be15dfd844c,19715e9e-0f6f-4b82-94d3-cb18bb45695d,c629b98f-cc73-4dd0-baf9-583f4983d53d,->,12acfc45-bdfb-4343-9004-9be15dfd844c,057c0f95-2845-4ad6-a6bd-cf181be9e286,a267800d-c03b-4129-aca2-c03fd3f2e7a6
12acfc45-bdfb-4343-9004-9be15dfd844c,19715e9e-0f6f-4b82-94d3-cb18bb45695d,c629b98f-cc73-4dd0-baf9-583f4983d53d,->,12acfc45-bdfb-4343-9004-9be15dfd844c,057c0f95-2845-4ad6-a6bd-cf181be9e286,a3ff8dd6-18bc-4b1f-840c-73dc02c6484d
12acfc45-bdfb-4343-9004-9be15dfd844c,19715e9e-0f6f-4b82-94d3-cb18bb45695d,c629b98f-cc73-4dd0-baf9-583f4983d53d,->,12acfc45-bdfb-4343-9004-9be15dfd844c,057c0f95-2845-4ad6-a6bd-cf181be9e286,2c6f5de0-c9f2-4de1-bd85-3f06acde98d7
12acfc45-bdfb-4343-9004-9be15dfd844c,19715e9e-0f6f-4b82-94d3-cb18bb45695d,c629b98f-cc73-4dd0-baf9-583f4983d53d,->,12acfc45-bdfb-4343-9004-9be15dfd844c,057c0f95-2845-4ad6-a6bd-cf181be9e286,a267800d-c03b-4129-aca2-c03fd3f2e7a6
12acfc45-bdfb-4343-9004-9be15dfd844c,19715e9e-0f6f-4b82-94d3-cb18bb45695d,c629b98f-cc73-4dd0-baf9-583f4983d53d,->,12acfc45-bdfb-4343-9004-9be15dfd844c,057c0f95-2845-4ad6-a6bd-cf181be9e286,a3ff8dd6-18bc-4b1f-840c-73dc02c6484d
12acfc45-bdfb-4343-9004-9be15dfd844c,19715e9e-0f6f-4b82-94d3-cb18bb45695d,c629b98f-cc73-4dd0-baf9-583f4983d53d,->,12acfc45-bdfb-4343-9004-9be15dfd844c,057c0f95-2845-4ad6-a6bd-cf181be9e286,2c6f5de0-c9f2-4de1-bd85-3f06acde98d7
12acfc45-bdfb-4343-9004-9be15dfd844c,19715e9e-0f6f-4b82-94d3-cb18bb45695d,c629b98f-cc73-4dd0-baf9-583f4983d53d,->,12acfc45-bdfb-4343-9004-9be15dfd844c,057c0f95-2845-4ad6-a6bd-cf181be9e286,a267800d-c03b-4129-aca2-c03fd3f2e7a6
12acfc45-bdfb-4343-9004-9be15dfd844c,19715e9e-0f6f-4b82-94d3-cb18bb45695d,fff6eba9-7924-4c23-b730-30f03524f75f,->,12acfc45-bdfb-4343-9004-9be15dfd844c,19715e9e-0f6f-4b82-94d3-cb18bb45695d,c629b98f-cc73-4dd0-baf9-583f4983d53d
12acfc45-bdfb-4343-9004-9be15dfd844c,19715e9e-0f6f-4b82-94d3-cb18bb45695d,fff6eba9-7924-4c23-b730-30f03524f75f,->,12acfc45-bdfb-4343-9004-9be15dfd844c,19715e9e-0f6f-4b82-94d3-cb18bb45695d,c629b98f-cc73-4dd0-baf9-583f4983d53d
12acfc45-bdfb-4343-9004-9be15dfd844c,19715e9e-0f6f-4b82-94d3-cb18bb45695d,fff6eba9-7924-4c23-b730-30f03524f75f,->,12acfc45-bdfb-4343-9004-9be15dfd844c,19715e9e-0f6f-4b82-94d3-cb18bb45695d,c629b98f-cc73-4dd0-baf9-583f4983d53d
12acfc45-bdfb-4343-9004-9be15dfd844c,19715e9e-0f6f-4b82-94d3-cb18bb45695d,fff6eba9-7924-4c23-b730-30f03524f75f,->,12acfc45-bdfb-4343-9004-9be15dfd844c,19715e9e-0f6f-4b82-94d3-cb18bb45695d,c629b98f-cc73-4dd0-baf9-583f4983d53d
12acfc45-bdfb-4343-9004-9be15dfd844c,19715e9e-0f6f-4b82-94d3-cb18bb45695d,fff6eba9-7924-4c23-b730-30f03524f75f,->,12acfc45-bdfb-4343-9004-9be15dfd844c,19715e9e-0f6f-4b82-94d3-cb18bb45695d,c629b98f-cc73-4dd0-baf9-583f4983d53d
12acfc45-bdfb-4343-9004-9be15dfd844c,19715e9e-0f6f-4b82-94d3-cb18bb45695d,fff6eba9-7924-4c23-b730-30f03524f75f,->,12acfc45-bdfb-4343-9004-9be15dfd844c,19715e9e-0f6f-4b82-94d3-cb18bb45695d,c629b98f-cc73-4dd0-baf9-583f4983d53d
12acfc45-bdfb-4343-9004-9be15dfd844c,19715e9e-0f6f-4b82-94d3-cb18bb45695d,fff6eba9-7924-4c23-b730-30f03524f75f,->,12acfc45-bdfb-4343-9004-9be15dfd844c,19715e9e-0f6f-4b82-94d3-cb18bb45695d,c629b98f-cc73-4dd0-baf9-583f4983d53d
12acfc45-bdfb-4343-9004-9be15dfd844c,19715e9e-0f6f-4b82-94d3-cb18bb45695d,fff6eba9-7924-4c23-b730-30f03524f75f,->,12acfc45-bdfb-4343-9004-9be15dfd844c,19715e9e-0f6f-4b82-94d3-cb18bb45695d,c629b98f-cc73-4dd0-baf9-583f4983d53d
12acfc45-bdfb-4343-9004-9be15dfd844c,19715e9e-0f6f-4b82-94d3-cb18bb45695d,fff6eba9-7924-4c23-b730-30f03524f75f,->,12acfc45-bdfb-4343-9004-9be15dfd844c,19715e9e-0f6f-4b82-94d3-cb18bb45695d,c629b98f-cc73-4dd0-baf9-583f4983d53d
12acfc45-bdfb-4343-9004-9be15dfd844c,19715e9e-0f6f-4b82-94d3-cb18bb45695d,fff6eba9-7924-4c23-b730-30f03524f75f,->,12acfc45-bdfb-4343-9004-9be15dfd844c,19715e9e-0f6f-4b82-94d3-cb18bb45695d,c629b98f-cc73-4dd0-baf9-583f4983d53d
12acfc45-bdfb-4343-9004-9be15dfd844c,19715e9e-0f6f-4b82-94d3-cb18bb45695d,fff6eba9-7924-4c23-b730-30f03524f75f,->,12acfc45-bdfb-4343-9004-9be15dfd844c,19715e9e-0f6f-4b82-94d3-cb18bb45695d,c629b98f-cc73-4dd0-baf9-583f4983d53d
12acfc45-bdfb-4343-9004-9be15dfd844c,19715e9e-0f6f-4b82-94d3-cb18bb45695d,fff6eba9-7924-4c23-b730-30f03524f75f,->,12acfc45-bdfb-4343-9004-9be15dfd844c,19715e9e-0f6f-4b82-94d3-cb18bb45695d,c629b98f-cc73-4dd0-baf9-583f4983d53d
12acfc45-bdfb-4343-9004-9be15dfd844c,19715e9e-0f6f-4b82-94d3-cb18bb45695d,fff6eba9-7924-4c23-b730-30f03524f75f,->,12acfc45-bdfb-4343-9004-9be15dfd844c,19715e9e-0f6f-4b82-94d3-cb18bb45695d,c629b98f-cc73-4dd0-baf9-583f4983d53d
12acfc45-bdfb-4343-9004-9be15dfd844c,19715e9e-0f6f-4b82-94d3-cb18bb45695d,fff6eba9-7924-4c23-b730-30f03524f75f,->,12acfc45-bdfb-4343-9004-9be15dfd844c,19715e9e-0f6f-4b82-94d3-cb18bb45695d,c629b98f-cc73-4dd0-baf9-583f4983d53d
12acfc45-bdfb-4343-9004-9be15dfd844c,19715e9e-0f6f-4b82-94d3-cb18bb45695d,fff6eba9-7924-4c23-b730-30f03524f75f,->,12acfc45-bdfb-4343-9004-9be15dfd844c,19715e9e-0f6f-4b82-94d3-cb18bb45695d,c629b98f-cc73-4dd0-baf9-583f4983d53d
12acfc45-bdfb-4343-9004-9be15dfd844c,19715e9e-0f6f-4b82-94d3-cb18bb45695d,fff6eba9-7924-4c23-b730-30f03524f75f,->,12acfc45-bdfb-4343-9004-9be15dfd844c,19715e9e-0f6f-4b82-94d3-cb18bb45695d,c629b98f-cc73-4dd0-baf9-583f4983d53d
12acfc45-bdfb-4343-9004-9be15dfd844c,19715e9e-0f6f-4b82-94d3-cb18bb45695d,e2ae37a8-f920-4cbf-aca3-ddc2d6b9ceff,->,12acfc45-bdfb-4343-9004-9be15dfd844c,java/lang/System.java,currentTimeMillis
12acfc45-bdfb-4343-9004-9be15dfd844c,19715e9e-0f6f-4b82-94d3-cb18bb45695d,e2ae37a8-f920-4cbf-aca3-ddc2d6b9ceff,->,12acfc45-bdfb-4343-9004-9be15dfd844c,java/io/RandomAccessFile.java,length
12acfc45-bdfb-4343-9004-9be15dfd844c,19715e9e-0f6f-4b82-94d3-cb18bb45695d,e2ae37a8-f920-4cbf-aca3-ddc2d6b9ceff,->,12acfc45-bdfb-4343-9004-9be15dfd844c,java/io/RandomAccessFile.java,length
12acfc45-bdfb-4343-9004-9be15dfd844c,19715e9e-0f6f-4b82-94d3-cb18bb45695d,e2ae37a8-f920-4cbf-aca3-ddc2d6b9ceff,->,12acfc45-bdfb-4343-9004-9be15dfd844c,java/io/RandomAccessFile.java,read
12acfc45-bdfb-4343-9004-9be15dfd844c,19715e9e-0f6f-4b82-94d3-cb18bb45695d,e2ae37a8-f920-4cbf-aca3-ddc2d6b9ceff,->,12acfc45-bdfb-4343-9004-9be15dfd844c,java/io/RandomAccessFile.java,close
12acfc45-bdfb-4343-9004-9be15dfd844c,19715e9e-0f6f-4b82-94d3-cb18bb45695d,e2ae37a8-f920-4cbf-aca3-ddc2d6b9ceff,->,12acfc45-bdfb-4343-9004-9be15dfd844c,057c0f95-2845-4ad6-a6bd-cf181be9e286,a3ff8dd6-18bc-4b1f-840c-73dc02c6484d
12acfc45-bdfb-4343-9004-9be15dfd844c,19715e9e-0f6f-4b82-94d3-cb18bb45695d,e2ae37a8-f920-4cbf-aca3-ddc2d6b9ceff,->,12acfc45-bdfb-4343-9004-9be15dfd844c,057c0f95-2845-4ad6-a6bd-cf181be9e286,a267800d-c03b-4129-aca2-c03fd3f2e7a6
12acfc45-bdfb-4343-9004-9be15dfd844c,19715e9e-0f6f-4b82-94d3-cb18bb45695d,e2ae37a8-f920-4cbf-aca3-ddc2d6b9ceff,->,12acfc45-bdfb-4343-9004-9be15dfd844c,057c0f95-2845-4ad6-a6bd-cf181be9e286,2c6f5de0-c9f2-4de1-bd85-3f06acde98d7
12acfc45-bdfb-4343-9004-9be15dfd844c,19715e9e-0f6f-4b82-94d3-cb18bb45695d,e2ae37a8-f920-4cbf-aca3-ddc2d6b9ceff,->,12acfc45-bdfb-4343-9004-9be15dfd844c,java/lang/Integer.java,valueOf
12acfc45-bdfb-4343-9004-9be15dfd844c,19715e9e-0f6f-4b82-94d3-cb18bb45695d,e2ae37a8-f920-4cbf-aca3-ddc2d6b9ceff,->,12acfc45-bdfb-4343-9004-9be15dfd844c,java/util/Hashtable.java,put
12acfc45-bdfb-4343-9004-9be15dfd844c,19715e9e-0f6f-4b82-94d3-cb18bb45695d,e2ae37a8-f920-4cbf-aca3-ddc2d6b9ceff,->,12acfc45-bdfb-4343-9004-9be15dfd844c,java/lang/System.java,currentTimeMillis
12acfc45-bdfb-4343-9004-9be15dfd844c,19715e9e-0f6f-4b82-94d3-cb18bb45695d,e2ae37a8-f920-4cbf-aca3-ddc2d6b9ceff,->,12acfc45-bdfb-4343-9004-9be15dfd844c,java/lang/StringBuilder.java,append
12acfc45-bdfb-4343-9004-9be15dfd844c,19715e9e-0f6f-4b82-94d3-cb18bb45695d,e2ae37a8-f920-4cbf-aca3-ddc2d6b9ceff,->,12acfc45-bdfb-4343-9004-9be15dfd844c,java/util/Hashtable.java,size
12acfc45-bdfb-4343-9004-9be15dfd844c,19715e9e-0f6f-4b82-94d3-cb18bb45695d,e2ae37a8-f920-4cbf-aca3-ddc2d6b9ceff,->,12acfc45-bdfb-4343-9004-9be15dfd844c,java/lang/StringBuilder.java,append
12acfc45-bdfb-4343-9004-9be15dfd844c,19715e9e-0f6f-4b82-94d3-cb18bb45695d,e2ae37a8-f920-4cbf-aca3-ddc2d6b9ceff,->,12acfc45-bdfb-4343-9004-9be15dfd844c,java/lang/StringBuilder.java,append
12acfc45-bdfb-4343-9004-9be15dfd844c,19715e9e-0f6f-4b82-94d3-cb18bb45695d,e2ae37a8-f920-4cbf-aca3-ddc2d6b9ceff,->,12acfc45-bdfb-4343-9004-9be15dfd844c,java/lang/StringBuilder.java,toString
12acfc45-bdfb-4343-9004-9be15dfd844c,19715e9e-0f6f-4b82-94d3-cb18bb45695d,e2ae37a8-f920-4cbf-aca3-ddc2d6b9ceff,->,12acfc45-bdfb-4343-9004-9be15dfd844c,java/io/PrintStream.java,println
12acfc45-bdfb-4343-9004-9be15dfd844c,19715e9e-0f6f-4b82-94d3-cb18bb45695d,e2ae37a8-f920-4cbf-aca3-ddc2d6b9ceff,->,12acfc45-bdfb-4343-9004-9be15dfd844c,java/lang/StringBuilder.java,append
12acfc45-bdfb-4343-9004-9be15dfd844c,19715e9e-0f6f-4b82-94d3-cb18bb45695d,e2ae37a8-f920-4cbf-aca3-ddc2d6b9ceff,->,12acfc45-bdfb-4343-9004-9be15dfd844c,java/lang/StringBuilder.java,append
12acfc45-bdfb-4343-9004-9be15dfd844c,19715e9e-0f6f-4b82-94d3-cb18bb45695d,e2ae37a8-f920-4cbf-aca3-ddc2d6b9ceff,->,12acfc45-bdfb-4343-9004-9be15dfd844c,java/lang/StringBuilder.java,append
12acfc45-bdfb-4343-9004-9be15dfd844c,19715e9e-0f6f-4b82-94d3-cb18bb45695d,e2ae37a8-f920-4cbf-aca3-ddc2d6b9ceff,->,12acfc45-bdfb-4343-9004-9be15dfd844c,java/lang/StringBuilder.java,toString
12acfc45-bdfb-4343-9004-9be15dfd844c,19715e9e-0f6f-4b82-94d3-cb18bb45695d,e2ae37a8-f920-4cbf-aca3-ddc2d6b9ceff,->,12acfc45-bdfb-4343-9004-9be15dfd844c,java/io/PrintStream.java,println
12acfc45-bdfb-4343-9004-9be15dfd844c,19715e9e-0f6f-4b82-94d3-cb18bb45695d,e2ae37a8-f920-4cbf-aca3-ddc2d6b9ceff,->,12acfc45-bdfb-4343-9004-9be15dfd844c,java/lang/Exception.java,printStackTrace
