caller_project_id,caller_class_id,caller_method_id,CALL_DIRECTION,callee_project_id,callee_class_id,callee_method_id
135fdd10-b0a1-412e-b60c-f2d5367a62f0,c67033cd-d42d-46c9-8ceb-9ce2d3a65762,814b66f2-b535-470a-b899-fc0b88e89b46,->,135fdd10-b0a1-412e-b60c-f2d5367a62f0,org/hibernate/SessionFactory.java,getCurrentSession
135fdd10-b0a1-412e-b60c-f2d5367a62f0,c67033cd-d42d-46c9-8ceb-9ce2d3a65762,814b66f2-b535-470a-b899-fc0b88e89b46,->,135fdd10-b0a1-412e-b60c-f2d5367a62f0,org/hibernate/Session.java,save
135fdd10-b0a1-412e-b60c-f2d5367a62f0,c67033cd-d42d-46c9-8ceb-9ce2d3a65762,a507ad36-f9b5-4f35-b872-71bafbd52b17,->,135fdd10-b0a1-412e-b60c-f2d5367a62f0,org/hibernate/SessionFactory.java,getCurrentSession
135fdd10-b0a1-412e-b60c-f2d5367a62f0,c67033cd-d42d-46c9-8ceb-9ce2d3a65762,a507ad36-f9b5-4f35-b872-71bafbd52b17,->,135fdd10-b0a1-412e-b60c-f2d5367a62f0,org/hibernate/Session.java,createQuery
135fdd10-b0a1-412e-b60c-f2d5367a62f0,c67033cd-d42d-46c9-8ceb-9ce2d3a65762,a507ad36-f9b5-4f35-b872-71bafbd52b17,->,135fdd10-b0a1-412e-b60c-f2d5367a62f0,org/hibernate/Query.java,list
135fdd10-b0a1-412e-b60c-f2d5367a62f0,c67033cd-d42d-46c9-8ceb-9ce2d3a65762,ea6e4e92-00b5-4dc8-9f4d-cee1f854f21b,->,135fdd10-b0a1-412e-b60c-f2d5367a62f0,org/hibernate/SessionFactory.java,getCurrentSession
135fdd10-b0a1-412e-b60c-f2d5367a62f0,c67033cd-d42d-46c9-8ceb-9ce2d3a65762,ea6e4e92-00b5-4dc8-9f4d-cee1f854f21b,->,135fdd10-b0a1-412e-b60c-f2d5367a62f0,org/hibernate/Session.java,load
135fdd10-b0a1-412e-b60c-f2d5367a62f0,c67033cd-d42d-46c9-8ceb-9ce2d3a65762,ea6e4e92-00b5-4dc8-9f4d-cee1f854f21b,->,135fdd10-b0a1-412e-b60c-f2d5367a62f0,b1fb6f9e-ab46-44d0-b27a-b6a0b91f093f,1ede5ba8-367a-4999-bfda-d1f105468b1e
135fdd10-b0a1-412e-b60c-f2d5367a62f0,c67033cd-d42d-46c9-8ceb-9ce2d3a65762,ea6e4e92-00b5-4dc8-9f4d-cee1f854f21b,->,135fdd10-b0a1-412e-b60c-f2d5367a62f0,org/hibernate/SessionFactory.java,getCurrentSession
135fdd10-b0a1-412e-b60c-f2d5367a62f0,c67033cd-d42d-46c9-8ceb-9ce2d3a65762,ea6e4e92-00b5-4dc8-9f4d-cee1f854f21b,->,135fdd10-b0a1-412e-b60c-f2d5367a62f0,org/hibernate/Session.java,delete
135fdd10-b0a1-412e-b60c-f2d5367a62f0,c67033cd-d42d-46c9-8ceb-9ce2d3a65762,ea6e4e92-00b5-4dc8-9f4d-cee1f854f21b,->,135fdd10-b0a1-412e-b60c-f2d5367a62f0,org/hibernate/SessionFactory.java,getCurrentSession
135fdd10-b0a1-412e-b60c-f2d5367a62f0,c67033cd-d42d-46c9-8ceb-9ce2d3a65762,ea6e4e92-00b5-4dc8-9f4d-cee1f854f21b,->,135fdd10-b0a1-412e-b60c-f2d5367a62f0,org/hibernate/Session.java,delete
135fdd10-b0a1-412e-b60c-f2d5367a62f0,c67033cd-d42d-46c9-8ceb-9ce2d3a65762,33df856d-54dc-4eca-8f88-be1a351eb1a3,->,135fdd10-b0a1-412e-b60c-f2d5367a62f0,a019690d-8a82-43b6-9140-c61b5924520a,f4df8096-3f40-43d2-9ab0-eb4e1f0b9e3e
135fdd10-b0a1-412e-b60c-f2d5367a62f0,c67033cd-d42d-46c9-8ceb-9ce2d3a65762,33df856d-54dc-4eca-8f88-be1a351eb1a3,->,135fdd10-b0a1-412e-b60c-f2d5367a62f0,178c3af6-0799-4c4d-bae1-9afa1650e149,7c6a3e95-fc5e-475b-a6d6-474f7ad7949f
135fdd10-b0a1-412e-b60c-f2d5367a62f0,c67033cd-d42d-46c9-8ceb-9ce2d3a65762,33df856d-54dc-4eca-8f88-be1a351eb1a3,->,135fdd10-b0a1-412e-b60c-f2d5367a62f0,a019690d-8a82-43b6-9140-c61b5924520a,f4df8096-3f40-43d2-9ab0-eb4e1f0b9e3e
135fdd10-b0a1-412e-b60c-f2d5367a62f0,c67033cd-d42d-46c9-8ceb-9ce2d3a65762,33df856d-54dc-4eca-8f88-be1a351eb1a3,->,135fdd10-b0a1-412e-b60c-f2d5367a62f0,c67033cd-d42d-46c9-8ceb-9ce2d3a65762,c6ac09d7-cc9b-40ec-96ba-257852265376
135fdd10-b0a1-412e-b60c-f2d5367a62f0,c67033cd-d42d-46c9-8ceb-9ce2d3a65762,33df856d-54dc-4eca-8f88-be1a351eb1a3,->,135fdd10-b0a1-412e-b60c-f2d5367a62f0,b1fb6f9e-ab46-44d0-b27a-b6a0b91f093f,0940a57f-3112-4fce-b19a-20a77ab54cad
135fdd10-b0a1-412e-b60c-f2d5367a62f0,c67033cd-d42d-46c9-8ceb-9ce2d3a65762,33df856d-54dc-4eca-8f88-be1a351eb1a3,->,135fdd10-b0a1-412e-b60c-f2d5367a62f0,a019690d-8a82-43b6-9140-c61b5924520a,f4df8096-3f40-43d2-9ab0-eb4e1f0b9e3e
135fdd10-b0a1-412e-b60c-f2d5367a62f0,c67033cd-d42d-46c9-8ceb-9ce2d3a65762,33df856d-54dc-4eca-8f88-be1a351eb1a3,->,135fdd10-b0a1-412e-b60c-f2d5367a62f0,java/lang/String.java,equals
135fdd10-b0a1-412e-b60c-f2d5367a62f0,c67033cd-d42d-46c9-8ceb-9ce2d3a65762,33df856d-54dc-4eca-8f88-be1a351eb1a3,->,135fdd10-b0a1-412e-b60c-f2d5367a62f0,b1fb6f9e-ab46-44d0-b27a-b6a0b91f093f,dd13865f-1863-4852-810f-4b1529cd46c9
135fdd10-b0a1-412e-b60c-f2d5367a62f0,c67033cd-d42d-46c9-8ceb-9ce2d3a65762,33df856d-54dc-4eca-8f88-be1a351eb1a3,->,135fdd10-b0a1-412e-b60c-f2d5367a62f0,a019690d-8a82-43b6-9140-c61b5924520a,654949de-1fc3-47ed-9222-98f6377e6e72
135fdd10-b0a1-412e-b60c-f2d5367a62f0,c67033cd-d42d-46c9-8ceb-9ce2d3a65762,33df856d-54dc-4eca-8f88-be1a351eb1a3,->,135fdd10-b0a1-412e-b60c-f2d5367a62f0,java/lang/String.java,equals
135fdd10-b0a1-412e-b60c-f2d5367a62f0,c67033cd-d42d-46c9-8ceb-9ce2d3a65762,33df856d-54dc-4eca-8f88-be1a351eb1a3,->,135fdd10-b0a1-412e-b60c-f2d5367a62f0,b1fb6f9e-ab46-44d0-b27a-b6a0b91f093f,1ede5ba8-367a-4999-bfda-d1f105468b1e
135fdd10-b0a1-412e-b60c-f2d5367a62f0,c67033cd-d42d-46c9-8ceb-9ce2d3a65762,33df856d-54dc-4eca-8f88-be1a351eb1a3,->,135fdd10-b0a1-412e-b60c-f2d5367a62f0,ac7204e1-6dc9-4a21-8a2e-8cec1f191f02,c6f77c78-69e3-421a-bcc5-99ffc743a53d
135fdd10-b0a1-412e-b60c-f2d5367a62f0,c67033cd-d42d-46c9-8ceb-9ce2d3a65762,33df856d-54dc-4eca-8f88-be1a351eb1a3,->,135fdd10-b0a1-412e-b60c-f2d5367a62f0,a019690d-8a82-43b6-9140-c61b5924520a,21b21d10-5e9e-4af5-9ea7-8a982b44e7f9
135fdd10-b0a1-412e-b60c-f2d5367a62f0,c67033cd-d42d-46c9-8ceb-9ce2d3a65762,33df856d-54dc-4eca-8f88-be1a351eb1a3,->,135fdd10-b0a1-412e-b60c-f2d5367a62f0,ac7204e1-6dc9-4a21-8a2e-8cec1f191f02,389003c7-ffa9-4633-ace7-057e12a08932
135fdd10-b0a1-412e-b60c-f2d5367a62f0,c67033cd-d42d-46c9-8ceb-9ce2d3a65762,33df856d-54dc-4eca-8f88-be1a351eb1a3,->,135fdd10-b0a1-412e-b60c-f2d5367a62f0,ac7204e1-6dc9-4a21-8a2e-8cec1f191f02,449745eb-d4eb-4c06-b996-a003626017df
135fdd10-b0a1-412e-b60c-f2d5367a62f0,c67033cd-d42d-46c9-8ceb-9ce2d3a65762,33df856d-54dc-4eca-8f88-be1a351eb1a3,->,135fdd10-b0a1-412e-b60c-f2d5367a62f0,org/hibernate/SessionFactory.java,getCurrentSession
135fdd10-b0a1-412e-b60c-f2d5367a62f0,c67033cd-d42d-46c9-8ceb-9ce2d3a65762,33df856d-54dc-4eca-8f88-be1a351eb1a3,->,135fdd10-b0a1-412e-b60c-f2d5367a62f0,org/hibernate/Session.java,save
135fdd10-b0a1-412e-b60c-f2d5367a62f0,c67033cd-d42d-46c9-8ceb-9ce2d3a65762,33df856d-54dc-4eca-8f88-be1a351eb1a3,->,135fdd10-b0a1-412e-b60c-f2d5367a62f0,a019690d-8a82-43b6-9140-c61b5924520a,21b21d10-5e9e-4af5-9ea7-8a982b44e7f9
135fdd10-b0a1-412e-b60c-f2d5367a62f0,c67033cd-d42d-46c9-8ceb-9ce2d3a65762,33df856d-54dc-4eca-8f88-be1a351eb1a3,->,135fdd10-b0a1-412e-b60c-f2d5367a62f0,ac7204e1-6dc9-4a21-8a2e-8cec1f191f02,389003c7-ffa9-4633-ace7-057e12a08932
135fdd10-b0a1-412e-b60c-f2d5367a62f0,c67033cd-d42d-46c9-8ceb-9ce2d3a65762,33df856d-54dc-4eca-8f88-be1a351eb1a3,->,135fdd10-b0a1-412e-b60c-f2d5367a62f0,ac7204e1-6dc9-4a21-8a2e-8cec1f191f02,449745eb-d4eb-4c06-b996-a003626017df
135fdd10-b0a1-412e-b60c-f2d5367a62f0,c67033cd-d42d-46c9-8ceb-9ce2d3a65762,33df856d-54dc-4eca-8f88-be1a351eb1a3,->,135fdd10-b0a1-412e-b60c-f2d5367a62f0,ac7204e1-6dc9-4a21-8a2e-8cec1f191f02,e125bc79-d900-4052-b13f-5be5c28a73ec
135fdd10-b0a1-412e-b60c-f2d5367a62f0,c67033cd-d42d-46c9-8ceb-9ce2d3a65762,33df856d-54dc-4eca-8f88-be1a351eb1a3,->,135fdd10-b0a1-412e-b60c-f2d5367a62f0,org/hibernate/SessionFactory.java,getCurrentSession
135fdd10-b0a1-412e-b60c-f2d5367a62f0,c67033cd-d42d-46c9-8ceb-9ce2d3a65762,33df856d-54dc-4eca-8f88-be1a351eb1a3,->,135fdd10-b0a1-412e-b60c-f2d5367a62f0,org/hibernate/Session.java,update
135fdd10-b0a1-412e-b60c-f2d5367a62f0,c67033cd-d42d-46c9-8ceb-9ce2d3a65762,33df856d-54dc-4eca-8f88-be1a351eb1a3,->,135fdd10-b0a1-412e-b60c-f2d5367a62f0,b1fb6f9e-ab46-44d0-b27a-b6a0b91f093f,62aba4b2-1f8b-4d4d-8b97-c3b3867ac0b0
135fdd10-b0a1-412e-b60c-f2d5367a62f0,c67033cd-d42d-46c9-8ceb-9ce2d3a65762,33df856d-54dc-4eca-8f88-be1a351eb1a3,->,135fdd10-b0a1-412e-b60c-f2d5367a62f0,a019690d-8a82-43b6-9140-c61b5924520a,6eb1340b-c4cd-4fb4-a871-14960239b395
135fdd10-b0a1-412e-b60c-f2d5367a62f0,c67033cd-d42d-46c9-8ceb-9ce2d3a65762,33df856d-54dc-4eca-8f88-be1a351eb1a3,->,135fdd10-b0a1-412e-b60c-f2d5367a62f0,b1fb6f9e-ab46-44d0-b27a-b6a0b91f093f,0e989ec7-a535-4c23-a9ea-9902a4e855fe
135fdd10-b0a1-412e-b60c-f2d5367a62f0,c67033cd-d42d-46c9-8ceb-9ce2d3a65762,33df856d-54dc-4eca-8f88-be1a351eb1a3,->,135fdd10-b0a1-412e-b60c-f2d5367a62f0,a019690d-8a82-43b6-9140-c61b5924520a,e41d7417-b13c-4c2e-a38d-ba2bb62ae15c
135fdd10-b0a1-412e-b60c-f2d5367a62f0,c67033cd-d42d-46c9-8ceb-9ce2d3a65762,de2070d3-0e6c-4de4-9418-12e7f072cbd5,->,135fdd10-b0a1-412e-b60c-f2d5367a62f0,a019690d-8a82-43b6-9140-c61b5924520a,f4df8096-3f40-43d2-9ab0-eb4e1f0b9e3e
135fdd10-b0a1-412e-b60c-f2d5367a62f0,c67033cd-d42d-46c9-8ceb-9ce2d3a65762,de2070d3-0e6c-4de4-9418-12e7f072cbd5,->,135fdd10-b0a1-412e-b60c-f2d5367a62f0,178c3af6-0799-4c4d-bae1-9afa1650e149,7c6a3e95-fc5e-475b-a6d6-474f7ad7949f
135fdd10-b0a1-412e-b60c-f2d5367a62f0,c67033cd-d42d-46c9-8ceb-9ce2d3a65762,de2070d3-0e6c-4de4-9418-12e7f072cbd5,->,135fdd10-b0a1-412e-b60c-f2d5367a62f0,a019690d-8a82-43b6-9140-c61b5924520a,f4df8096-3f40-43d2-9ab0-eb4e1f0b9e3e
135fdd10-b0a1-412e-b60c-f2d5367a62f0,c67033cd-d42d-46c9-8ceb-9ce2d3a65762,de2070d3-0e6c-4de4-9418-12e7f072cbd5,->,135fdd10-b0a1-412e-b60c-f2d5367a62f0,c67033cd-d42d-46c9-8ceb-9ce2d3a65762,c6ac09d7-cc9b-40ec-96ba-257852265376
135fdd10-b0a1-412e-b60c-f2d5367a62f0,c67033cd-d42d-46c9-8ceb-9ce2d3a65762,de2070d3-0e6c-4de4-9418-12e7f072cbd5,->,135fdd10-b0a1-412e-b60c-f2d5367a62f0,b1fb6f9e-ab46-44d0-b27a-b6a0b91f093f,1ede5ba8-367a-4999-bfda-d1f105468b1e
135fdd10-b0a1-412e-b60c-f2d5367a62f0,c67033cd-d42d-46c9-8ceb-9ce2d3a65762,de2070d3-0e6c-4de4-9418-12e7f072cbd5,->,135fdd10-b0a1-412e-b60c-f2d5367a62f0,ac7204e1-6dc9-4a21-8a2e-8cec1f191f02,e125bc79-d900-4052-b13f-5be5c28a73ec
135fdd10-b0a1-412e-b60c-f2d5367a62f0,c67033cd-d42d-46c9-8ceb-9ce2d3a65762,de2070d3-0e6c-4de4-9418-12e7f072cbd5,->,135fdd10-b0a1-412e-b60c-f2d5367a62f0,org/hibernate/SessionFactory.java,getCurrentSession
135fdd10-b0a1-412e-b60c-f2d5367a62f0,c67033cd-d42d-46c9-8ceb-9ce2d3a65762,de2070d3-0e6c-4de4-9418-12e7f072cbd5,->,135fdd10-b0a1-412e-b60c-f2d5367a62f0,org/hibernate/Session.java,update
135fdd10-b0a1-412e-b60c-f2d5367a62f0,c67033cd-d42d-46c9-8ceb-9ce2d3a65762,c6ac09d7-cc9b-40ec-96ba-257852265376,->,135fdd10-b0a1-412e-b60c-f2d5367a62f0,org/hibernate/SessionFactory.java,openSession
135fdd10-b0a1-412e-b60c-f2d5367a62f0,c67033cd-d42d-46c9-8ceb-9ce2d3a65762,c6ac09d7-cc9b-40ec-96ba-257852265376,->,135fdd10-b0a1-412e-b60c-f2d5367a62f0,org/hibernate/Session.java,createCriteria
135fdd10-b0a1-412e-b60c-f2d5367a62f0,c67033cd-d42d-46c9-8ceb-9ce2d3a65762,c6ac09d7-cc9b-40ec-96ba-257852265376,->,135fdd10-b0a1-412e-b60c-f2d5367a62f0,org/hibernate/criterion/Restrictions.java,eq
135fdd10-b0a1-412e-b60c-f2d5367a62f0,c67033cd-d42d-46c9-8ceb-9ce2d3a65762,c6ac09d7-cc9b-40ec-96ba-257852265376,->,135fdd10-b0a1-412e-b60c-f2d5367a62f0,org/hibernate/Criteria.java,add
135fdd10-b0a1-412e-b60c-f2d5367a62f0,c67033cd-d42d-46c9-8ceb-9ce2d3a65762,c6ac09d7-cc9b-40ec-96ba-257852265376,->,135fdd10-b0a1-412e-b60c-f2d5367a62f0,org/hibernate/Criteria.java,list
135fdd10-b0a1-412e-b60c-f2d5367a62f0,c67033cd-d42d-46c9-8ceb-9ce2d3a65762,c6ac09d7-cc9b-40ec-96ba-257852265376,->,135fdd10-b0a1-412e-b60c-f2d5367a62f0,org/hibernate/Session.java,close
135fdd10-b0a1-412e-b60c-f2d5367a62f0,c67033cd-d42d-46c9-8ceb-9ce2d3a65762,c6ac09d7-cc9b-40ec-96ba-257852265376,->,135fdd10-b0a1-412e-b60c-f2d5367a62f0,java/util/List.java,isEmpty
135fdd10-b0a1-412e-b60c-f2d5367a62f0,c67033cd-d42d-46c9-8ceb-9ce2d3a65762,c6ac09d7-cc9b-40ec-96ba-257852265376,->,135fdd10-b0a1-412e-b60c-f2d5367a62f0,java/util/List.java,get
135fdd10-b0a1-412e-b60c-f2d5367a62f0,0d5c1ca2-44fc-4bbc-98bc-ed7cb93a5020,b1e529b2-4c2a-44ae-a9cf-b5609002c90b,->,135fdd10-b0a1-412e-b60c-f2d5367a62f0,d0c69162-bd22-4a19-8796-3cde3a31e70c,fc07135f-fc66-4ab9-a008-5dd282ac4260
135fdd10-b0a1-412e-b60c-f2d5367a62f0,0d5c1ca2-44fc-4bbc-98bc-ed7cb93a5020,b1e529b2-4c2a-44ae-a9cf-b5609002c90b,->,135fdd10-b0a1-412e-b60c-f2d5367a62f0,org/hibernate/SessionFactory.java,openSession
135fdd10-b0a1-412e-b60c-f2d5367a62f0,0d5c1ca2-44fc-4bbc-98bc-ed7cb93a5020,b1e529b2-4c2a-44ae-a9cf-b5609002c90b,->,135fdd10-b0a1-412e-b60c-f2d5367a62f0,d0c69162-bd22-4a19-8796-3cde3a31e70c,55288f2b-b40f-456a-ad62-60b5555b26b7
135fdd10-b0a1-412e-b60c-f2d5367a62f0,0d5c1ca2-44fc-4bbc-98bc-ed7cb93a5020,b1e529b2-4c2a-44ae-a9cf-b5609002c90b,->,135fdd10-b0a1-412e-b60c-f2d5367a62f0,java/lang/String.java,equals
135fdd10-b0a1-412e-b60c-f2d5367a62f0,0d5c1ca2-44fc-4bbc-98bc-ed7cb93a5020,b1e529b2-4c2a-44ae-a9cf-b5609002c90b,->,135fdd10-b0a1-412e-b60c-f2d5367a62f0,77215210-19fe-4ef2-b0a6-081cd4330884,295b9f10-e1b9-45bd-b805-2391b15705cb
135fdd10-b0a1-412e-b60c-f2d5367a62f0,0d5c1ca2-44fc-4bbc-98bc-ed7cb93a5020,b1e529b2-4c2a-44ae-a9cf-b5609002c90b,->,135fdd10-b0a1-412e-b60c-f2d5367a62f0,d0c69162-bd22-4a19-8796-3cde3a31e70c,fc07135f-fc66-4ab9-a008-5dd282ac4260
135fdd10-b0a1-412e-b60c-f2d5367a62f0,0d5c1ca2-44fc-4bbc-98bc-ed7cb93a5020,b1e529b2-4c2a-44ae-a9cf-b5609002c90b,->,135fdd10-b0a1-412e-b60c-f2d5367a62f0,77215210-19fe-4ef2-b0a6-081cd4330884,91544fd5-4ba6-40ef-9c3a-fa49e4eecf56
135fdd10-b0a1-412e-b60c-f2d5367a62f0,0d5c1ca2-44fc-4bbc-98bc-ed7cb93a5020,b1e529b2-4c2a-44ae-a9cf-b5609002c90b,->,135fdd10-b0a1-412e-b60c-f2d5367a62f0,d0c69162-bd22-4a19-8796-3cde3a31e70c,fc07135f-fc66-4ab9-a008-5dd282ac4260
135fdd10-b0a1-412e-b60c-f2d5367a62f0,0d5c1ca2-44fc-4bbc-98bc-ed7cb93a5020,b1e529b2-4c2a-44ae-a9cf-b5609002c90b,->,135fdd10-b0a1-412e-b60c-f2d5367a62f0,77215210-19fe-4ef2-b0a6-081cd4330884,91544fd5-4ba6-40ef-9c3a-fa49e4eecf56
135fdd10-b0a1-412e-b60c-f2d5367a62f0,0d5c1ca2-44fc-4bbc-98bc-ed7cb93a5020,b1e529b2-4c2a-44ae-a9cf-b5609002c90b,->,135fdd10-b0a1-412e-b60c-f2d5367a62f0,178c3af6-0799-4c4d-bae1-9afa1650e149,7c6a3e95-fc5e-475b-a6d6-474f7ad7949f
135fdd10-b0a1-412e-b60c-f2d5367a62f0,0d5c1ca2-44fc-4bbc-98bc-ed7cb93a5020,b1e529b2-4c2a-44ae-a9cf-b5609002c90b,->,135fdd10-b0a1-412e-b60c-f2d5367a62f0,77215210-19fe-4ef2-b0a6-081cd4330884,0212d323-5ff8-49da-bd22-e8d367f6e6cf
135fdd10-b0a1-412e-b60c-f2d5367a62f0,0d5c1ca2-44fc-4bbc-98bc-ed7cb93a5020,b1e529b2-4c2a-44ae-a9cf-b5609002c90b,->,135fdd10-b0a1-412e-b60c-f2d5367a62f0,org/hibernate/Session.java,save
135fdd10-b0a1-412e-b60c-f2d5367a62f0,0d5c1ca2-44fc-4bbc-98bc-ed7cb93a5020,b1e529b2-4c2a-44ae-a9cf-b5609002c90b,->,135fdd10-b0a1-412e-b60c-f2d5367a62f0,d0c69162-bd22-4a19-8796-3cde3a31e70c,87c8f1d4-d957-46bf-a568-6b648a4f233e
135fdd10-b0a1-412e-b60c-f2d5367a62f0,0d5c1ca2-44fc-4bbc-98bc-ed7cb93a5020,b1e529b2-4c2a-44ae-a9cf-b5609002c90b,->,135fdd10-b0a1-412e-b60c-f2d5367a62f0,java/util/List.java,add
135fdd10-b0a1-412e-b60c-f2d5367a62f0,0d5c1ca2-44fc-4bbc-98bc-ed7cb93a5020,b1e529b2-4c2a-44ae-a9cf-b5609002c90b,->,135fdd10-b0a1-412e-b60c-f2d5367a62f0,java/util/List.java,iterator
135fdd10-b0a1-412e-b60c-f2d5367a62f0,0d5c1ca2-44fc-4bbc-98bc-ed7cb93a5020,b1e529b2-4c2a-44ae-a9cf-b5609002c90b,->,135fdd10-b0a1-412e-b60c-f2d5367a62f0,java/util/Iterator.java,hasNext
135fdd10-b0a1-412e-b60c-f2d5367a62f0,0d5c1ca2-44fc-4bbc-98bc-ed7cb93a5020,b1e529b2-4c2a-44ae-a9cf-b5609002c90b,->,135fdd10-b0a1-412e-b60c-f2d5367a62f0,java/util/Iterator.java,next
135fdd10-b0a1-412e-b60c-f2d5367a62f0,0d5c1ca2-44fc-4bbc-98bc-ed7cb93a5020,b1e529b2-4c2a-44ae-a9cf-b5609002c90b,->,135fdd10-b0a1-412e-b60c-f2d5367a62f0,6f67aaa1-8e23-4e58-9027-96f67428f90f,60f63286-3b60-4aed-9417-1f01ef30c356
135fdd10-b0a1-412e-b60c-f2d5367a62f0,0d5c1ca2-44fc-4bbc-98bc-ed7cb93a5020,b1e529b2-4c2a-44ae-a9cf-b5609002c90b,->,135fdd10-b0a1-412e-b60c-f2d5367a62f0,0d5c1ca2-44fc-4bbc-98bc-ed7cb93a5020,553c4431-d9de-413d-bed3-b8cd1805595d
135fdd10-b0a1-412e-b60c-f2d5367a62f0,0d5c1ca2-44fc-4bbc-98bc-ed7cb93a5020,b1e529b2-4c2a-44ae-a9cf-b5609002c90b,->,135fdd10-b0a1-412e-b60c-f2d5367a62f0,java/lang/Integer.java,intValue
135fdd10-b0a1-412e-b60c-f2d5367a62f0,0d5c1ca2-44fc-4bbc-98bc-ed7cb93a5020,b1e529b2-4c2a-44ae-a9cf-b5609002c90b,->,135fdd10-b0a1-412e-b60c-f2d5367a62f0,java/lang/Integer.java,valueOf
135fdd10-b0a1-412e-b60c-f2d5367a62f0,0d5c1ca2-44fc-4bbc-98bc-ed7cb93a5020,b1e529b2-4c2a-44ae-a9cf-b5609002c90b,->,135fdd10-b0a1-412e-b60c-f2d5367a62f0,6f67aaa1-8e23-4e58-9027-96f67428f90f,ab505c43-9949-47a0-802a-2e15ab4130f9
135fdd10-b0a1-412e-b60c-f2d5367a62f0,0d5c1ca2-44fc-4bbc-98bc-ed7cb93a5020,b1e529b2-4c2a-44ae-a9cf-b5609002c90b,->,135fdd10-b0a1-412e-b60c-f2d5367a62f0,6f67aaa1-8e23-4e58-9027-96f67428f90f,a4fe348b-41f2-47c3-a1ee-b0a6921e61ac
135fdd10-b0a1-412e-b60c-f2d5367a62f0,0d5c1ca2-44fc-4bbc-98bc-ed7cb93a5020,b1e529b2-4c2a-44ae-a9cf-b5609002c90b,->,135fdd10-b0a1-412e-b60c-f2d5367a62f0,6f67aaa1-8e23-4e58-9027-96f67428f90f,2fa37d92-7e0b-40ab-94ea-fe9738feadb0
135fdd10-b0a1-412e-b60c-f2d5367a62f0,0d5c1ca2-44fc-4bbc-98bc-ed7cb93a5020,b1e529b2-4c2a-44ae-a9cf-b5609002c90b,->,135fdd10-b0a1-412e-b60c-f2d5367a62f0,org/hibernate/Session.java,save
135fdd10-b0a1-412e-b60c-f2d5367a62f0,0d5c1ca2-44fc-4bbc-98bc-ed7cb93a5020,b1e529b2-4c2a-44ae-a9cf-b5609002c90b,->,135fdd10-b0a1-412e-b60c-f2d5367a62f0,d0c69162-bd22-4a19-8796-3cde3a31e70c,55288f2b-b40f-456a-ad62-60b5555b26b7
135fdd10-b0a1-412e-b60c-f2d5367a62f0,0d5c1ca2-44fc-4bbc-98bc-ed7cb93a5020,b1e529b2-4c2a-44ae-a9cf-b5609002c90b,->,135fdd10-b0a1-412e-b60c-f2d5367a62f0,java/lang/String.java,equals
135fdd10-b0a1-412e-b60c-f2d5367a62f0,0d5c1ca2-44fc-4bbc-98bc-ed7cb93a5020,b1e529b2-4c2a-44ae-a9cf-b5609002c90b,->,135fdd10-b0a1-412e-b60c-f2d5367a62f0,77215210-19fe-4ef2-b0a6-081cd4330884,f6736660-f305-42b2-a276-d9648eebd938
135fdd10-b0a1-412e-b60c-f2d5367a62f0,0d5c1ca2-44fc-4bbc-98bc-ed7cb93a5020,b1e529b2-4c2a-44ae-a9cf-b5609002c90b,->,135fdd10-b0a1-412e-b60c-f2d5367a62f0,org/hibernate/Session.java,update
135fdd10-b0a1-412e-b60c-f2d5367a62f0,0d5c1ca2-44fc-4bbc-98bc-ed7cb93a5020,b1e529b2-4c2a-44ae-a9cf-b5609002c90b,->,135fdd10-b0a1-412e-b60c-f2d5367a62f0,d0c69162-bd22-4a19-8796-3cde3a31e70c,fdd9807d-a42b-4296-b57c-dabb191efcaf
135fdd10-b0a1-412e-b60c-f2d5367a62f0,0d5c1ca2-44fc-4bbc-98bc-ed7cb93a5020,b1e529b2-4c2a-44ae-a9cf-b5609002c90b,->,135fdd10-b0a1-412e-b60c-f2d5367a62f0,java/util/List.java,iterator
135fdd10-b0a1-412e-b60c-f2d5367a62f0,0d5c1ca2-44fc-4bbc-98bc-ed7cb93a5020,b1e529b2-4c2a-44ae-a9cf-b5609002c90b,->,135fdd10-b0a1-412e-b60c-f2d5367a62f0,java/util/Iterator.java,hasNext
135fdd10-b0a1-412e-b60c-f2d5367a62f0,0d5c1ca2-44fc-4bbc-98bc-ed7cb93a5020,b1e529b2-4c2a-44ae-a9cf-b5609002c90b,->,135fdd10-b0a1-412e-b60c-f2d5367a62f0,java/util/Iterator.java,next
135fdd10-b0a1-412e-b60c-f2d5367a62f0,0d5c1ca2-44fc-4bbc-98bc-ed7cb93a5020,b1e529b2-4c2a-44ae-a9cf-b5609002c90b,->,135fdd10-b0a1-412e-b60c-f2d5367a62f0,7189eaaf-daad-45d7-af69-9ae0561061da,dfdc0840-e8d1-49c2-9b37-bf2e89aa1620
135fdd10-b0a1-412e-b60c-f2d5367a62f0,0d5c1ca2-44fc-4bbc-98bc-ed7cb93a5020,b1e529b2-4c2a-44ae-a9cf-b5609002c90b,->,135fdd10-b0a1-412e-b60c-f2d5367a62f0,7189eaaf-daad-45d7-af69-9ae0561061da,e1671b80-8dc3-4415-8c51-be83afc2c95d
135fdd10-b0a1-412e-b60c-f2d5367a62f0,0d5c1ca2-44fc-4bbc-98bc-ed7cb93a5020,b1e529b2-4c2a-44ae-a9cf-b5609002c90b,->,135fdd10-b0a1-412e-b60c-f2d5367a62f0,7189eaaf-daad-45d7-af69-9ae0561061da,d9d0fe47-eee3-45c2-a733-84bb655f7890
135fdd10-b0a1-412e-b60c-f2d5367a62f0,0d5c1ca2-44fc-4bbc-98bc-ed7cb93a5020,b1e529b2-4c2a-44ae-a9cf-b5609002c90b,->,135fdd10-b0a1-412e-b60c-f2d5367a62f0,178c3af6-0799-4c4d-bae1-9afa1650e149,7c6a3e95-fc5e-475b-a6d6-474f7ad7949f
135fdd10-b0a1-412e-b60c-f2d5367a62f0,0d5c1ca2-44fc-4bbc-98bc-ed7cb93a5020,b1e529b2-4c2a-44ae-a9cf-b5609002c90b,->,135fdd10-b0a1-412e-b60c-f2d5367a62f0,org/hibernate/Session.java,save
135fdd10-b0a1-412e-b60c-f2d5367a62f0,0d5c1ca2-44fc-4bbc-98bc-ed7cb93a5020,b1e529b2-4c2a-44ae-a9cf-b5609002c90b,->,135fdd10-b0a1-412e-b60c-f2d5367a62f0,org/hibernate/Session.java,flush
135fdd10-b0a1-412e-b60c-f2d5367a62f0,0d5c1ca2-44fc-4bbc-98bc-ed7cb93a5020,b1e529b2-4c2a-44ae-a9cf-b5609002c90b,->,135fdd10-b0a1-412e-b60c-f2d5367a62f0,org/hibernate/Session.java,close
135fdd10-b0a1-412e-b60c-f2d5367a62f0,0d5c1ca2-44fc-4bbc-98bc-ed7cb93a5020,eb006ea9-76e4-42fa-8c7c-4307a62e09c9,->,135fdd10-b0a1-412e-b60c-f2d5367a62f0,org/hibernate/SessionFactory.java,openSession
135fdd10-b0a1-412e-b60c-f2d5367a62f0,0d5c1ca2-44fc-4bbc-98bc-ed7cb93a5020,eb006ea9-76e4-42fa-8c7c-4307a62e09c9,->,135fdd10-b0a1-412e-b60c-f2d5367a62f0,org/hibernate/Session.java,createCriteria
135fdd10-b0a1-412e-b60c-f2d5367a62f0,0d5c1ca2-44fc-4bbc-98bc-ed7cb93a5020,eb006ea9-76e4-42fa-8c7c-4307a62e09c9,->,135fdd10-b0a1-412e-b60c-f2d5367a62f0,org/hibernate/Criteria.java,setFetchMode
135fdd10-b0a1-412e-b60c-f2d5367a62f0,0d5c1ca2-44fc-4bbc-98bc-ed7cb93a5020,eb006ea9-76e4-42fa-8c7c-4307a62e09c9,->,135fdd10-b0a1-412e-b60c-f2d5367a62f0,org/hibernate/Criteria.java,setFetchMode
135fdd10-b0a1-412e-b60c-f2d5367a62f0,0d5c1ca2-44fc-4bbc-98bc-ed7cb93a5020,eb006ea9-76e4-42fa-8c7c-4307a62e09c9,->,135fdd10-b0a1-412e-b60c-f2d5367a62f0,org/hibernate/criterion/Restrictions.java,eq
135fdd10-b0a1-412e-b60c-f2d5367a62f0,0d5c1ca2-44fc-4bbc-98bc-ed7cb93a5020,eb006ea9-76e4-42fa-8c7c-4307a62e09c9,->,135fdd10-b0a1-412e-b60c-f2d5367a62f0,org/hibernate/Criteria.java,add
135fdd10-b0a1-412e-b60c-f2d5367a62f0,0d5c1ca2-44fc-4bbc-98bc-ed7cb93a5020,eb006ea9-76e4-42fa-8c7c-4307a62e09c9,->,135fdd10-b0a1-412e-b60c-f2d5367a62f0,org/hibernate/Criteria.java,list
135fdd10-b0a1-412e-b60c-f2d5367a62f0,0d5c1ca2-44fc-4bbc-98bc-ed7cb93a5020,eb006ea9-76e4-42fa-8c7c-4307a62e09c9,->,135fdd10-b0a1-412e-b60c-f2d5367a62f0,java/util/List.java,isEmpty
135fdd10-b0a1-412e-b60c-f2d5367a62f0,0d5c1ca2-44fc-4bbc-98bc-ed7cb93a5020,eb006ea9-76e4-42fa-8c7c-4307a62e09c9,->,135fdd10-b0a1-412e-b60c-f2d5367a62f0,java/util/List.java,get
135fdd10-b0a1-412e-b60c-f2d5367a62f0,0d5c1ca2-44fc-4bbc-98bc-ed7cb93a5020,eb006ea9-76e4-42fa-8c7c-4307a62e09c9,->,135fdd10-b0a1-412e-b60c-f2d5367a62f0,org/hibernate/Session.java,close
135fdd10-b0a1-412e-b60c-f2d5367a62f0,0d5c1ca2-44fc-4bbc-98bc-ed7cb93a5020,aa224d28-ba44-40f6-91fd-ec0ff7433d8c,->,135fdd10-b0a1-412e-b60c-f2d5367a62f0,org/hibernate/SessionFactory.java,openSession
135fdd10-b0a1-412e-b60c-f2d5367a62f0,0d5c1ca2-44fc-4bbc-98bc-ed7cb93a5020,aa224d28-ba44-40f6-91fd-ec0ff7433d8c,->,135fdd10-b0a1-412e-b60c-f2d5367a62f0,org/hibernate/Session.java,createCriteria
135fdd10-b0a1-412e-b60c-f2d5367a62f0,0d5c1ca2-44fc-4bbc-98bc-ed7cb93a5020,aa224d28-ba44-40f6-91fd-ec0ff7433d8c,->,135fdd10-b0a1-412e-b60c-f2d5367a62f0,org/hibernate/Criteria.java,setResultTransformer
135fdd10-b0a1-412e-b60c-f2d5367a62f0,0d5c1ca2-44fc-4bbc-98bc-ed7cb93a5020,aa224d28-ba44-40f6-91fd-ec0ff7433d8c,->,135fdd10-b0a1-412e-b60c-f2d5367a62f0,5d6b897c-8b15-42ec-a158-872bb6cba070,1b19c9ea-840a-4c95-bbce-2a427175ba4c
135fdd10-b0a1-412e-b60c-f2d5367a62f0,0d5c1ca2-44fc-4bbc-98bc-ed7cb93a5020,aa224d28-ba44-40f6-91fd-ec0ff7433d8c,->,135fdd10-b0a1-412e-b60c-f2d5367a62f0,org/hibernate/Criteria.java,createAlias
135fdd10-b0a1-412e-b60c-f2d5367a62f0,0d5c1ca2-44fc-4bbc-98bc-ed7cb93a5020,aa224d28-ba44-40f6-91fd-ec0ff7433d8c,->,135fdd10-b0a1-412e-b60c-f2d5367a62f0,5d6b897c-8b15-42ec-a158-872bb6cba070,1b19c9ea-840a-4c95-bbce-2a427175ba4c
135fdd10-b0a1-412e-b60c-f2d5367a62f0,0d5c1ca2-44fc-4bbc-98bc-ed7cb93a5020,aa224d28-ba44-40f6-91fd-ec0ff7433d8c,->,135fdd10-b0a1-412e-b60c-f2d5367a62f0,org/hibernate/criterion/Restrictions.java,eq
135fdd10-b0a1-412e-b60c-f2d5367a62f0,0d5c1ca2-44fc-4bbc-98bc-ed7cb93a5020,aa224d28-ba44-40f6-91fd-ec0ff7433d8c,->,135fdd10-b0a1-412e-b60c-f2d5367a62f0,org/hibernate/Criteria.java,add
135fdd10-b0a1-412e-b60c-f2d5367a62f0,0d5c1ca2-44fc-4bbc-98bc-ed7cb93a5020,aa224d28-ba44-40f6-91fd-ec0ff7433d8c,->,135fdd10-b0a1-412e-b60c-f2d5367a62f0,5d6b897c-8b15-42ec-a158-872bb6cba070,fc96b949-e483-4168-8901-a0d4f6db26d8
135fdd10-b0a1-412e-b60c-f2d5367a62f0,0d5c1ca2-44fc-4bbc-98bc-ed7cb93a5020,aa224d28-ba44-40f6-91fd-ec0ff7433d8c,->,135fdd10-b0a1-412e-b60c-f2d5367a62f0,178c3af6-0799-4c4d-bae1-9afa1650e149,7c6a3e95-fc5e-475b-a6d6-474f7ad7949f
135fdd10-b0a1-412e-b60c-f2d5367a62f0,0d5c1ca2-44fc-4bbc-98bc-ed7cb93a5020,aa224d28-ba44-40f6-91fd-ec0ff7433d8c,->,135fdd10-b0a1-412e-b60c-f2d5367a62f0,5d6b897c-8b15-42ec-a158-872bb6cba070,fc96b949-e483-4168-8901-a0d4f6db26d8
135fdd10-b0a1-412e-b60c-f2d5367a62f0,0d5c1ca2-44fc-4bbc-98bc-ed7cb93a5020,aa224d28-ba44-40f6-91fd-ec0ff7433d8c,->,135fdd10-b0a1-412e-b60c-f2d5367a62f0,org/hibernate/criterion/Restrictions.java,ilike
135fdd10-b0a1-412e-b60c-f2d5367a62f0,0d5c1ca2-44fc-4bbc-98bc-ed7cb93a5020,aa224d28-ba44-40f6-91fd-ec0ff7433d8c,->,135fdd10-b0a1-412e-b60c-f2d5367a62f0,org/hibernate/Criteria.java,add
135fdd10-b0a1-412e-b60c-f2d5367a62f0,0d5c1ca2-44fc-4bbc-98bc-ed7cb93a5020,aa224d28-ba44-40f6-91fd-ec0ff7433d8c,->,135fdd10-b0a1-412e-b60c-f2d5367a62f0,5d6b897c-8b15-42ec-a158-872bb6cba070,7737dcf5-876a-4d02-aefc-8b26779ab0fe
135fdd10-b0a1-412e-b60c-f2d5367a62f0,0d5c1ca2-44fc-4bbc-98bc-ed7cb93a5020,aa224d28-ba44-40f6-91fd-ec0ff7433d8c,->,135fdd10-b0a1-412e-b60c-f2d5367a62f0,178c3af6-0799-4c4d-bae1-9afa1650e149,7c6a3e95-fc5e-475b-a6d6-474f7ad7949f
135fdd10-b0a1-412e-b60c-f2d5367a62f0,0d5c1ca2-44fc-4bbc-98bc-ed7cb93a5020,aa224d28-ba44-40f6-91fd-ec0ff7433d8c,->,135fdd10-b0a1-412e-b60c-f2d5367a62f0,5d6b897c-8b15-42ec-a158-872bb6cba070,7737dcf5-876a-4d02-aefc-8b26779ab0fe
135fdd10-b0a1-412e-b60c-f2d5367a62f0,0d5c1ca2-44fc-4bbc-98bc-ed7cb93a5020,aa224d28-ba44-40f6-91fd-ec0ff7433d8c,->,135fdd10-b0a1-412e-b60c-f2d5367a62f0,org/hibernate/criterion/Restrictions.java,ilike
135fdd10-b0a1-412e-b60c-f2d5367a62f0,0d5c1ca2-44fc-4bbc-98bc-ed7cb93a5020,aa224d28-ba44-40f6-91fd-ec0ff7433d8c,->,135fdd10-b0a1-412e-b60c-f2d5367a62f0,org/hibernate/Criteria.java,add
135fdd10-b0a1-412e-b60c-f2d5367a62f0,0d5c1ca2-44fc-4bbc-98bc-ed7cb93a5020,aa224d28-ba44-40f6-91fd-ec0ff7433d8c,->,135fdd10-b0a1-412e-b60c-f2d5367a62f0,5d6b897c-8b15-42ec-a158-872bb6cba070,3f4c21a1-9356-4cd0-85d6-db161d9e1770
135fdd10-b0a1-412e-b60c-f2d5367a62f0,0d5c1ca2-44fc-4bbc-98bc-ed7cb93a5020,aa224d28-ba44-40f6-91fd-ec0ff7433d8c,->,135fdd10-b0a1-412e-b60c-f2d5367a62f0,178c3af6-0799-4c4d-bae1-9afa1650e149,7c6a3e95-fc5e-475b-a6d6-474f7ad7949f
135fdd10-b0a1-412e-b60c-f2d5367a62f0,0d5c1ca2-44fc-4bbc-98bc-ed7cb93a5020,aa224d28-ba44-40f6-91fd-ec0ff7433d8c,->,135fdd10-b0a1-412e-b60c-f2d5367a62f0,5d6b897c-8b15-42ec-a158-872bb6cba070,3f4c21a1-9356-4cd0-85d6-db161d9e1770
135fdd10-b0a1-412e-b60c-f2d5367a62f0,0d5c1ca2-44fc-4bbc-98bc-ed7cb93a5020,aa224d28-ba44-40f6-91fd-ec0ff7433d8c,->,135fdd10-b0a1-412e-b60c-f2d5367a62f0,org/hibernate/criterion/Restrictions.java,ilike
135fdd10-b0a1-412e-b60c-f2d5367a62f0,0d5c1ca2-44fc-4bbc-98bc-ed7cb93a5020,aa224d28-ba44-40f6-91fd-ec0ff7433d8c,->,135fdd10-b0a1-412e-b60c-f2d5367a62f0,org/hibernate/Criteria.java,add
135fdd10-b0a1-412e-b60c-f2d5367a62f0,0d5c1ca2-44fc-4bbc-98bc-ed7cb93a5020,aa224d28-ba44-40f6-91fd-ec0ff7433d8c,->,135fdd10-b0a1-412e-b60c-f2d5367a62f0,5d6b897c-8b15-42ec-a158-872bb6cba070,34e59e7d-bd9c-4b5d-bf9b-c16ba6957ecc
135fdd10-b0a1-412e-b60c-f2d5367a62f0,0d5c1ca2-44fc-4bbc-98bc-ed7cb93a5020,aa224d28-ba44-40f6-91fd-ec0ff7433d8c,->,135fdd10-b0a1-412e-b60c-f2d5367a62f0,178c3af6-0799-4c4d-bae1-9afa1650e149,7c6a3e95-fc5e-475b-a6d6-474f7ad7949f
135fdd10-b0a1-412e-b60c-f2d5367a62f0,0d5c1ca2-44fc-4bbc-98bc-ed7cb93a5020,aa224d28-ba44-40f6-91fd-ec0ff7433d8c,->,135fdd10-b0a1-412e-b60c-f2d5367a62f0,java/lang/StringBuilder.java,append
135fdd10-b0a1-412e-b60c-f2d5367a62f0,0d5c1ca2-44fc-4bbc-98bc-ed7cb93a5020,aa224d28-ba44-40f6-91fd-ec0ff7433d8c,->,135fdd10-b0a1-412e-b60c-f2d5367a62f0,5d6b897c-8b15-42ec-a158-872bb6cba070,34e59e7d-bd9c-4b5d-bf9b-c16ba6957ecc
135fdd10-b0a1-412e-b60c-f2d5367a62f0,0d5c1ca2-44fc-4bbc-98bc-ed7cb93a5020,aa224d28-ba44-40f6-91fd-ec0ff7433d8c,->,135fdd10-b0a1-412e-b60c-f2d5367a62f0,java/lang/StringBuilder.java,append
135fdd10-b0a1-412e-b60c-f2d5367a62f0,0d5c1ca2-44fc-4bbc-98bc-ed7cb93a5020,aa224d28-ba44-40f6-91fd-ec0ff7433d8c,->,135fdd10-b0a1-412e-b60c-f2d5367a62f0,java/lang/StringBuilder.java,append
135fdd10-b0a1-412e-b60c-f2d5367a62f0,0d5c1ca2-44fc-4bbc-98bc-ed7cb93a5020,aa224d28-ba44-40f6-91fd-ec0ff7433d8c,->,135fdd10-b0a1-412e-b60c-f2d5367a62f0,java/lang/StringBuilder.java,toString
135fdd10-b0a1-412e-b60c-f2d5367a62f0,0d5c1ca2-44fc-4bbc-98bc-ed7cb93a5020,aa224d28-ba44-40f6-91fd-ec0ff7433d8c,->,135fdd10-b0a1-412e-b60c-f2d5367a62f0,org/hibernate/criterion/Restrictions.java,like
135fdd10-b0a1-412e-b60c-f2d5367a62f0,0d5c1ca2-44fc-4bbc-98bc-ed7cb93a5020,aa224d28-ba44-40f6-91fd-ec0ff7433d8c,->,135fdd10-b0a1-412e-b60c-f2d5367a62f0,org/hibernate/Criteria.java,add
135fdd10-b0a1-412e-b60c-f2d5367a62f0,0d5c1ca2-44fc-4bbc-98bc-ed7cb93a5020,aa224d28-ba44-40f6-91fd-ec0ff7433d8c,->,135fdd10-b0a1-412e-b60c-f2d5367a62f0,5d6b897c-8b15-42ec-a158-872bb6cba070,37b4cde5-02b4-406c-8537-139f9d03368c
135fdd10-b0a1-412e-b60c-f2d5367a62f0,0d5c1ca2-44fc-4bbc-98bc-ed7cb93a5020,aa224d28-ba44-40f6-91fd-ec0ff7433d8c,->,135fdd10-b0a1-412e-b60c-f2d5367a62f0,178c3af6-0799-4c4d-bae1-9afa1650e149,7c6a3e95-fc5e-475b-a6d6-474f7ad7949f
135fdd10-b0a1-412e-b60c-f2d5367a62f0,0d5c1ca2-44fc-4bbc-98bc-ed7cb93a5020,aa224d28-ba44-40f6-91fd-ec0ff7433d8c,->,135fdd10-b0a1-412e-b60c-f2d5367a62f0,5d6b897c-8b15-42ec-a158-872bb6cba070,37b4cde5-02b4-406c-8537-139f9d03368c
135fdd10-b0a1-412e-b60c-f2d5367a62f0,0d5c1ca2-44fc-4bbc-98bc-ed7cb93a5020,aa224d28-ba44-40f6-91fd-ec0ff7433d8c,->,135fdd10-b0a1-412e-b60c-f2d5367a62f0,org/hibernate/criterion/Restrictions.java,eq
135fdd10-b0a1-412e-b60c-f2d5367a62f0,0d5c1ca2-44fc-4bbc-98bc-ed7cb93a5020,aa224d28-ba44-40f6-91fd-ec0ff7433d8c,->,135fdd10-b0a1-412e-b60c-f2d5367a62f0,org/hibernate/Criteria.java,add
135fdd10-b0a1-412e-b60c-f2d5367a62f0,0d5c1ca2-44fc-4bbc-98bc-ed7cb93a5020,aa224d28-ba44-40f6-91fd-ec0ff7433d8c,->,135fdd10-b0a1-412e-b60c-f2d5367a62f0,org/hibernate/Criteria.java,list
135fdd10-b0a1-412e-b60c-f2d5367a62f0,0d5c1ca2-44fc-4bbc-98bc-ed7cb93a5020,aa224d28-ba44-40f6-91fd-ec0ff7433d8c,->,135fdd10-b0a1-412e-b60c-f2d5367a62f0,org/hibernate/Session.java,close
135fdd10-b0a1-412e-b60c-f2d5367a62f0,0d5c1ca2-44fc-4bbc-98bc-ed7cb93a5020,553c4431-d9de-413d-bed3-b8cd1805595d,->,135fdd10-b0a1-412e-b60c-f2d5367a62f0,org/hibernate/SessionFactory.java,openSession
135fdd10-b0a1-412e-b60c-f2d5367a62f0,0d5c1ca2-44fc-4bbc-98bc-ed7cb93a5020,553c4431-d9de-413d-bed3-b8cd1805595d,->,135fdd10-b0a1-412e-b60c-f2d5367a62f0,org/hibernate/Session.java,createCriteria
135fdd10-b0a1-412e-b60c-f2d5367a62f0,0d5c1ca2-44fc-4bbc-98bc-ed7cb93a5020,553c4431-d9de-413d-bed3-b8cd1805595d,->,135fdd10-b0a1-412e-b60c-f2d5367a62f0,org/hibernate/criterion/Projections.java,max
135fdd10-b0a1-412e-b60c-f2d5367a62f0,0d5c1ca2-44fc-4bbc-98bc-ed7cb93a5020,553c4431-d9de-413d-bed3-b8cd1805595d,->,135fdd10-b0a1-412e-b60c-f2d5367a62f0,org/hibernate/Criteria.java,setProjection
135fdd10-b0a1-412e-b60c-f2d5367a62f0,0d5c1ca2-44fc-4bbc-98bc-ed7cb93a5020,553c4431-d9de-413d-bed3-b8cd1805595d,->,135fdd10-b0a1-412e-b60c-f2d5367a62f0,178c3af6-0799-4c4d-bae1-9afa1650e149,7c6a3e95-fc5e-475b-a6d6-474f7ad7949f
135fdd10-b0a1-412e-b60c-f2d5367a62f0,0d5c1ca2-44fc-4bbc-98bc-ed7cb93a5020,553c4431-d9de-413d-bed3-b8cd1805595d,->,135fdd10-b0a1-412e-b60c-f2d5367a62f0,org/hibernate/criterion/Restrictions.java,like
135fdd10-b0a1-412e-b60c-f2d5367a62f0,0d5c1ca2-44fc-4bbc-98bc-ed7cb93a5020,553c4431-d9de-413d-bed3-b8cd1805595d,->,135fdd10-b0a1-412e-b60c-f2d5367a62f0,org/hibernate/Criteria.java,add
135fdd10-b0a1-412e-b60c-f2d5367a62f0,0d5c1ca2-44fc-4bbc-98bc-ed7cb93a5020,553c4431-d9de-413d-bed3-b8cd1805595d,->,135fdd10-b0a1-412e-b60c-f2d5367a62f0,org/hibernate/Criteria.java,list
135fdd10-b0a1-412e-b60c-f2d5367a62f0,0d5c1ca2-44fc-4bbc-98bc-ed7cb93a5020,553c4431-d9de-413d-bed3-b8cd1805595d,->,135fdd10-b0a1-412e-b60c-f2d5367a62f0,org/hibernate/Session.java,close
135fdd10-b0a1-412e-b60c-f2d5367a62f0,0d5c1ca2-44fc-4bbc-98bc-ed7cb93a5020,553c4431-d9de-413d-bed3-b8cd1805595d,->,135fdd10-b0a1-412e-b60c-f2d5367a62f0,java/util/List.java,isEmpty
135fdd10-b0a1-412e-b60c-f2d5367a62f0,0d5c1ca2-44fc-4bbc-98bc-ed7cb93a5020,553c4431-d9de-413d-bed3-b8cd1805595d,->,135fdd10-b0a1-412e-b60c-f2d5367a62f0,java/util/List.java,get
135fdd10-b0a1-412e-b60c-f2d5367a62f0,0d5c1ca2-44fc-4bbc-98bc-ed7cb93a5020,538e3b36-c784-4abc-983c-2a3d9f3ad2c2,->,135fdd10-b0a1-412e-b60c-f2d5367a62f0,java/util/List.java,iterator
135fdd10-b0a1-412e-b60c-f2d5367a62f0,0d5c1ca2-44fc-4bbc-98bc-ed7cb93a5020,538e3b36-c784-4abc-983c-2a3d9f3ad2c2,->,135fdd10-b0a1-412e-b60c-f2d5367a62f0,java/util/Iterator.java,hasNext
135fdd10-b0a1-412e-b60c-f2d5367a62f0,0d5c1ca2-44fc-4bbc-98bc-ed7cb93a5020,538e3b36-c784-4abc-983c-2a3d9f3ad2c2,->,135fdd10-b0a1-412e-b60c-f2d5367a62f0,java/util/Iterator.java,next
135fdd10-b0a1-412e-b60c-f2d5367a62f0,0d5c1ca2-44fc-4bbc-98bc-ed7cb93a5020,538e3b36-c784-4abc-983c-2a3d9f3ad2c2,->,135fdd10-b0a1-412e-b60c-f2d5367a62f0,0d5c1ca2-44fc-4bbc-98bc-ed7cb93a5020,b1e529b2-4c2a-44ae-a9cf-b5609002c90b
135fdd10-b0a1-412e-b60c-f2d5367a62f0,77215210-19fe-4ef2-b0a6-081cd4330884,0a7c273d-07df-4598-9752-0c17258b71de,->,135fdd10-b0a1-412e-b60c-f2d5367a62f0,77215210-19fe-4ef2-b0a6-081cd4330884,91544fd5-4ba6-40ef-9c3a-fa49e4eecf56
135fdd10-b0a1-412e-b60c-f2d5367a62f0,77215210-19fe-4ef2-b0a6-081cd4330884,0a7c273d-07df-4598-9752-0c17258b71de,->,135fdd10-b0a1-412e-b60c-f2d5367a62f0,178c3af6-0799-4c4d-bae1-9afa1650e149,7c6a3e95-fc5e-475b-a6d6-474f7ad7949f
135fdd10-b0a1-412e-b60c-f2d5367a62f0,77215210-19fe-4ef2-b0a6-081cd4330884,0a7c273d-07df-4598-9752-0c17258b71de,->,135fdd10-b0a1-412e-b60c-f2d5367a62f0,77215210-19fe-4ef2-b0a6-081cd4330884,91544fd5-4ba6-40ef-9c3a-fa49e4eecf56
135fdd10-b0a1-412e-b60c-f2d5367a62f0,77215210-19fe-4ef2-b0a6-081cd4330884,0a7c273d-07df-4598-9752-0c17258b71de,->,135fdd10-b0a1-412e-b60c-f2d5367a62f0,7dc99dbe-0370-4f14-a649-50c57fb75dac,7288acf1-71f2-4cfc-af12-1b5c76980514
135fdd10-b0a1-412e-b60c-f2d5367a62f0,b1fb6f9e-ab46-44d0-b27a-b6a0b91f093f,aad133bd-8d73-4d4a-a6c9-65026c2c0caf,->,135fdd10-b0a1-412e-b60c-f2d5367a62f0,b1fb6f9e-ab46-44d0-b27a-b6a0b91f093f,0e989ec7-a535-4c23-a9ea-9902a4e855fe
135fdd10-b0a1-412e-b60c-f2d5367a62f0,b1fb6f9e-ab46-44d0-b27a-b6a0b91f093f,aad133bd-8d73-4d4a-a6c9-65026c2c0caf,->,135fdd10-b0a1-412e-b60c-f2d5367a62f0,178c3af6-0799-4c4d-bae1-9afa1650e149,7c6a3e95-fc5e-475b-a6d6-474f7ad7949f
135fdd10-b0a1-412e-b60c-f2d5367a62f0,b1fb6f9e-ab46-44d0-b27a-b6a0b91f093f,aad133bd-8d73-4d4a-a6c9-65026c2c0caf,->,135fdd10-b0a1-412e-b60c-f2d5367a62f0,b1fb6f9e-ab46-44d0-b27a-b6a0b91f093f,0e989ec7-a535-4c23-a9ea-9902a4e855fe
135fdd10-b0a1-412e-b60c-f2d5367a62f0,b1fb6f9e-ab46-44d0-b27a-b6a0b91f093f,aad133bd-8d73-4d4a-a6c9-65026c2c0caf,->,135fdd10-b0a1-412e-b60c-f2d5367a62f0,fbdc8bb7-48f4-448e-af60-90c4c53d4ced,7621cc96-af02-4a05-b22c-10c019878222
135fdd10-b0a1-412e-b60c-f2d5367a62f0,d0c69162-bd22-4a19-8796-3cde3a31e70c,fdd9807d-a42b-4296-b57c-dabb191efcaf,->,135fdd10-b0a1-412e-b60c-f2d5367a62f0,java/util/List.java,add
135fdd10-b0a1-412e-b60c-f2d5367a62f0,e6c37b21-9fc2-48ba-aacf-071fd19129ae,dd0fe2eb-25f0-4667-bbd8-99325abb938a,->,135fdd10-b0a1-412e-b60c-f2d5367a62f0,ccc34daf-c9e4-4fab-aae0-be3eb752b819,1d392958-b4e1-4a97-a76a-fef7bac8b3c9
135fdd10-b0a1-412e-b60c-f2d5367a62f0,e6c37b21-9fc2-48ba-aacf-071fd19129ae,96935b53-5ef7-44c9-95b8-fa4e57211482,->,135fdd10-b0a1-412e-b60c-f2d5367a62f0,ccc34daf-c9e4-4fab-aae0-be3eb752b819,48a1c64e-ee8a-43e1-a219-ea7df022cf7f
135fdd10-b0a1-412e-b60c-f2d5367a62f0,e6c37b21-9fc2-48ba-aacf-071fd19129ae,e18f8c75-7b5d-4686-ad82-343f962c9b88,->,135fdd10-b0a1-412e-b60c-f2d5367a62f0,ccc34daf-c9e4-4fab-aae0-be3eb752b819,4c64bd73-2025-4f29-bc12-4be06fc6a6ff
135fdd10-b0a1-412e-b60c-f2d5367a62f0,e6c37b21-9fc2-48ba-aacf-071fd19129ae,7e671300-1ba1-4e5b-8172-613ffceee175,->,135fdd10-b0a1-412e-b60c-f2d5367a62f0,ccc34daf-c9e4-4fab-aae0-be3eb752b819,18e5b4f4-0ade-4cbb-a850-de677e20304c
135fdd10-b0a1-412e-b60c-f2d5367a62f0,5e535532-0139-4074-ac51-e6c8e2d7d65d,a67e5433-9abe-462e-a420-54d89fdb27da,->,135fdd10-b0a1-412e-b60c-f2d5367a62f0,0360ca4f-7fd3-4f8b-9f47-ced02107029d,9f969584-593a-43fd-993f-75ab190ae1c3
135fdd10-b0a1-412e-b60c-f2d5367a62f0,5e535532-0139-4074-ac51-e6c8e2d7d65d,f3094631-cba7-4ea7-a288-95bfc7c61360,->,135fdd10-b0a1-412e-b60c-f2d5367a62f0,0360ca4f-7fd3-4f8b-9f47-ced02107029d,f11e227a-1894-45b5-acbd-7135fd99e6a2
135fdd10-b0a1-412e-b60c-f2d5367a62f0,5e535532-0139-4074-ac51-e6c8e2d7d65d,5d01473b-5749-430c-9fd1-86194bfe13fb,->,135fdd10-b0a1-412e-b60c-f2d5367a62f0,0360ca4f-7fd3-4f8b-9f47-ced02107029d,42e24b21-6883-435f-ac11-8925e10c6a4f
135fdd10-b0a1-412e-b60c-f2d5367a62f0,5e535532-0139-4074-ac51-e6c8e2d7d65d,697e95b9-29fb-4004-a1bc-d19c4758d222,->,135fdd10-b0a1-412e-b60c-f2d5367a62f0,0360ca4f-7fd3-4f8b-9f47-ced02107029d,c64bf12b-f185-414a-b215-c043f34f63d0
135fdd10-b0a1-412e-b60c-f2d5367a62f0,5e535532-0139-4074-ac51-e6c8e2d7d65d,939c2deb-794e-4c71-b21d-03ee61a7f3da,->,135fdd10-b0a1-412e-b60c-f2d5367a62f0,0360ca4f-7fd3-4f8b-9f47-ced02107029d,5b3edb76-9c00-4524-b406-63e99d245dc3
135fdd10-b0a1-412e-b60c-f2d5367a62f0,com/yvphk/common/VolunteerPermission.java,values,->,135fdd10-b0a1-412e-b60c-f2d5367a62f0,com/yvphk/common/VolunteerPermission.java,clone
135fdd10-b0a1-412e-b60c-f2d5367a62f0,com/yvphk/common/VolunteerPermission.java,valueOf,->,135fdd10-b0a1-412e-b60c-f2d5367a62f0,java/lang/Enum.java,valueOf
135fdd10-b0a1-412e-b60c-f2d5367a62f0,fbdc8bb7-48f4-448e-af60-90c4c53d4ced,1deada10-6931-4f30-af31-42f5e48c8115,->,135fdd10-b0a1-412e-b60c-f2d5367a62f0,fbdc8bb7-48f4-448e-af60-90c4c53d4ced,37aaf6e5-1efe-4a94-9244-36618868a309
135fdd10-b0a1-412e-b60c-f2d5367a62f0,fbdc8bb7-48f4-448e-af60-90c4c53d4ced,1deada10-6931-4f30-af31-42f5e48c8115,->,135fdd10-b0a1-412e-b60c-f2d5367a62f0,fbdc8bb7-48f4-448e-af60-90c4c53d4ced,d5bf9099-fe41-4f20-9e6d-ca9080f34bcf
135fdd10-b0a1-412e-b60c-f2d5367a62f0,fbdc8bb7-48f4-448e-af60-90c4c53d4ced,1deada10-6931-4f30-af31-42f5e48c8115,->,135fdd10-b0a1-412e-b60c-f2d5367a62f0,java/util/Map.java,put
135fdd10-b0a1-412e-b60c-f2d5367a62f0,fbdc8bb7-48f4-448e-af60-90c4c53d4ced,1deada10-6931-4f30-af31-42f5e48c8115,->,135fdd10-b0a1-412e-b60c-f2d5367a62f0,fbdc8bb7-48f4-448e-af60-90c4c53d4ced,37aaf6e5-1efe-4a94-9244-36618868a309
135fdd10-b0a1-412e-b60c-f2d5367a62f0,fbdc8bb7-48f4-448e-af60-90c4c53d4ced,1deada10-6931-4f30-af31-42f5e48c8115,->,135fdd10-b0a1-412e-b60c-f2d5367a62f0,fbdc8bb7-48f4-448e-af60-90c4c53d4ced,d5bf9099-fe41-4f20-9e6d-ca9080f34bcf
135fdd10-b0a1-412e-b60c-f2d5367a62f0,fbdc8bb7-48f4-448e-af60-90c4c53d4ced,1deada10-6931-4f30-af31-42f5e48c8115,->,135fdd10-b0a1-412e-b60c-f2d5367a62f0,java/util/Map.java,put
135fdd10-b0a1-412e-b60c-f2d5367a62f0,fbdc8bb7-48f4-448e-af60-90c4c53d4ced,1deada10-6931-4f30-af31-42f5e48c8115,->,135fdd10-b0a1-412e-b60c-f2d5367a62f0,fbdc8bb7-48f4-448e-af60-90c4c53d4ced,37aaf6e5-1efe-4a94-9244-36618868a309
135fdd10-b0a1-412e-b60c-f2d5367a62f0,fbdc8bb7-48f4-448e-af60-90c4c53d4ced,1deada10-6931-4f30-af31-42f5e48c8115,->,135fdd10-b0a1-412e-b60c-f2d5367a62f0,fbdc8bb7-48f4-448e-af60-90c4c53d4ced,d5bf9099-fe41-4f20-9e6d-ca9080f34bcf
135fdd10-b0a1-412e-b60c-f2d5367a62f0,fbdc8bb7-48f4-448e-af60-90c4c53d4ced,1deada10-6931-4f30-af31-42f5e48c8115,->,135fdd10-b0a1-412e-b60c-f2d5367a62f0,java/util/Map.java,put
135fdd10-b0a1-412e-b60c-f2d5367a62f0,fbdc8bb7-48f4-448e-af60-90c4c53d4ced,1deada10-6931-4f30-af31-42f5e48c8115,->,135fdd10-b0a1-412e-b60c-f2d5367a62f0,fbdc8bb7-48f4-448e-af60-90c4c53d4ced,37aaf6e5-1efe-4a94-9244-36618868a309
135fdd10-b0a1-412e-b60c-f2d5367a62f0,fbdc8bb7-48f4-448e-af60-90c4c53d4ced,1deada10-6931-4f30-af31-42f5e48c8115,->,135fdd10-b0a1-412e-b60c-f2d5367a62f0,fbdc8bb7-48f4-448e-af60-90c4c53d4ced,d5bf9099-fe41-4f20-9e6d-ca9080f34bcf
135fdd10-b0a1-412e-b60c-f2d5367a62f0,fbdc8bb7-48f4-448e-af60-90c4c53d4ced,1deada10-6931-4f30-af31-42f5e48c8115,->,135fdd10-b0a1-412e-b60c-f2d5367a62f0,java/util/Map.java,put
135fdd10-b0a1-412e-b60c-f2d5367a62f0,fbdc8bb7-48f4-448e-af60-90c4c53d4ced,7621cc96-af02-4a05-b22c-10c019878222,->,135fdd10-b0a1-412e-b60c-f2d5367a62f0,fbdc8bb7-48f4-448e-af60-90c4c53d4ced,1deada10-6931-4f30-af31-42f5e48c8115
135fdd10-b0a1-412e-b60c-f2d5367a62f0,fbdc8bb7-48f4-448e-af60-90c4c53d4ced,7621cc96-af02-4a05-b22c-10c019878222,->,135fdd10-b0a1-412e-b60c-f2d5367a62f0,java/util/Map.java,get
135fdd10-b0a1-412e-b60c-f2d5367a62f0,178c3af6-0799-4c4d-bae1-9afa1650e149,7c6a3e95-fc5e-475b-a6d6-474f7ad7949f,->,135fdd10-b0a1-412e-b60c-f2d5367a62f0,java/lang/String.java,equalsIgnoreCase
135fdd10-b0a1-412e-b60c-f2d5367a62f0,com/yvphk/common/ParticipantLevel.java,values,->,135fdd10-b0a1-412e-b60c-f2d5367a62f0,com/yvphk/common/ParticipantLevel.java,clone
135fdd10-b0a1-412e-b60c-f2d5367a62f0,com/yvphk/common/ParticipantLevel.java,valueOf,->,135fdd10-b0a1-412e-b60c-f2d5367a62f0,java/lang/Enum.java,valueOf
135fdd10-b0a1-412e-b60c-f2d5367a62f0,7dc99dbe-0370-4f14-a649-50c57fb75dac,8e166327-c175-45b2-abba-e387fab3c870,->,135fdd10-b0a1-412e-b60c-f2d5367a62f0,7dc99dbe-0370-4f14-a649-50c57fb75dac,a073242a-bb89-4a28-a89f-950a8e648311
135fdd10-b0a1-412e-b60c-f2d5367a62f0,7dc99dbe-0370-4f14-a649-50c57fb75dac,8e166327-c175-45b2-abba-e387fab3c870,->,135fdd10-b0a1-412e-b60c-f2d5367a62f0,7dc99dbe-0370-4f14-a649-50c57fb75dac,59507485-4d2b-4557-a534-4c6b2983e98b
135fdd10-b0a1-412e-b60c-f2d5367a62f0,7dc99dbe-0370-4f14-a649-50c57fb75dac,8e166327-c175-45b2-abba-e387fab3c870,->,135fdd10-b0a1-412e-b60c-f2d5367a62f0,java/util/Map.java,put
135fdd10-b0a1-412e-b60c-f2d5367a62f0,7dc99dbe-0370-4f14-a649-50c57fb75dac,8e166327-c175-45b2-abba-e387fab3c870,->,135fdd10-b0a1-412e-b60c-f2d5367a62f0,7dc99dbe-0370-4f14-a649-50c57fb75dac,a073242a-bb89-4a28-a89f-950a8e648311
135fdd10-b0a1-412e-b60c-f2d5367a62f0,7dc99dbe-0370-4f14-a649-50c57fb75dac,8e166327-c175-45b2-abba-e387fab3c870,->,135fdd10-b0a1-412e-b60c-f2d5367a62f0,7dc99dbe-0370-4f14-a649-50c57fb75dac,59507485-4d2b-4557-a534-4c6b2983e98b
135fdd10-b0a1-412e-b60c-f2d5367a62f0,7dc99dbe-0370-4f14-a649-50c57fb75dac,8e166327-c175-45b2-abba-e387fab3c870,->,135fdd10-b0a1-412e-b60c-f2d5367a62f0,java/util/Map.java,put
135fdd10-b0a1-412e-b60c-f2d5367a62f0,7dc99dbe-0370-4f14-a649-50c57fb75dac,8e166327-c175-45b2-abba-e387fab3c870,->,135fdd10-b0a1-412e-b60c-f2d5367a62f0,7dc99dbe-0370-4f14-a649-50c57fb75dac,a073242a-bb89-4a28-a89f-950a8e648311
135fdd10-b0a1-412e-b60c-f2d5367a62f0,7dc99dbe-0370-4f14-a649-50c57fb75dac,8e166327-c175-45b2-abba-e387fab3c870,->,135fdd10-b0a1-412e-b60c-f2d5367a62f0,7dc99dbe-0370-4f14-a649-50c57fb75dac,59507485-4d2b-4557-a534-4c6b2983e98b
135fdd10-b0a1-412e-b60c-f2d5367a62f0,7dc99dbe-0370-4f14-a649-50c57fb75dac,8e166327-c175-45b2-abba-e387fab3c870,->,135fdd10-b0a1-412e-b60c-f2d5367a62f0,java/util/Map.java,put
135fdd10-b0a1-412e-b60c-f2d5367a62f0,7dc99dbe-0370-4f14-a649-50c57fb75dac,8e166327-c175-45b2-abba-e387fab3c870,->,135fdd10-b0a1-412e-b60c-f2d5367a62f0,7dc99dbe-0370-4f14-a649-50c57fb75dac,a073242a-bb89-4a28-a89f-950a8e648311
135fdd10-b0a1-412e-b60c-f2d5367a62f0,7dc99dbe-0370-4f14-a649-50c57fb75dac,8e166327-c175-45b2-abba-e387fab3c870,->,135fdd10-b0a1-412e-b60c-f2d5367a62f0,7dc99dbe-0370-4f14-a649-50c57fb75dac,59507485-4d2b-4557-a534-4c6b2983e98b
135fdd10-b0a1-412e-b60c-f2d5367a62f0,7dc99dbe-0370-4f14-a649-50c57fb75dac,8e166327-c175-45b2-abba-e387fab3c870,->,135fdd10-b0a1-412e-b60c-f2d5367a62f0,java/util/Map.java,put
135fdd10-b0a1-412e-b60c-f2d5367a62f0,7dc99dbe-0370-4f14-a649-50c57fb75dac,8e166327-c175-45b2-abba-e387fab3c870,->,135fdd10-b0a1-412e-b60c-f2d5367a62f0,7dc99dbe-0370-4f14-a649-50c57fb75dac,a073242a-bb89-4a28-a89f-950a8e648311
135fdd10-b0a1-412e-b60c-f2d5367a62f0,7dc99dbe-0370-4f14-a649-50c57fb75dac,8e166327-c175-45b2-abba-e387fab3c870,->,135fdd10-b0a1-412e-b60c-f2d5367a62f0,7dc99dbe-0370-4f14-a649-50c57fb75dac,59507485-4d2b-4557-a534-4c6b2983e98b
135fdd10-b0a1-412e-b60c-f2d5367a62f0,7dc99dbe-0370-4f14-a649-50c57fb75dac,8e166327-c175-45b2-abba-e387fab3c870,->,135fdd10-b0a1-412e-b60c-f2d5367a62f0,java/util/Map.java,put
135fdd10-b0a1-412e-b60c-f2d5367a62f0,7dc99dbe-0370-4f14-a649-50c57fb75dac,8e166327-c175-45b2-abba-e387fab3c870,->,135fdd10-b0a1-412e-b60c-f2d5367a62f0,7dc99dbe-0370-4f14-a649-50c57fb75dac,a073242a-bb89-4a28-a89f-950a8e648311
135fdd10-b0a1-412e-b60c-f2d5367a62f0,7dc99dbe-0370-4f14-a649-50c57fb75dac,8e166327-c175-45b2-abba-e387fab3c870,->,135fdd10-b0a1-412e-b60c-f2d5367a62f0,7dc99dbe-0370-4f14-a649-50c57fb75dac,59507485-4d2b-4557-a534-4c6b2983e98b
135fdd10-b0a1-412e-b60c-f2d5367a62f0,7dc99dbe-0370-4f14-a649-50c57fb75dac,8e166327-c175-45b2-abba-e387fab3c870,->,135fdd10-b0a1-412e-b60c-f2d5367a62f0,java/util/Map.java,put
135fdd10-b0a1-412e-b60c-f2d5367a62f0,7dc99dbe-0370-4f14-a649-50c57fb75dac,8e166327-c175-45b2-abba-e387fab3c870,->,135fdd10-b0a1-412e-b60c-f2d5367a62f0,7dc99dbe-0370-4f14-a649-50c57fb75dac,a073242a-bb89-4a28-a89f-950a8e648311
135fdd10-b0a1-412e-b60c-f2d5367a62f0,7dc99dbe-0370-4f14-a649-50c57fb75dac,8e166327-c175-45b2-abba-e387fab3c870,->,135fdd10-b0a1-412e-b60c-f2d5367a62f0,7dc99dbe-0370-4f14-a649-50c57fb75dac,59507485-4d2b-4557-a534-4c6b2983e98b
135fdd10-b0a1-412e-b60c-f2d5367a62f0,7dc99dbe-0370-4f14-a649-50c57fb75dac,8e166327-c175-45b2-abba-e387fab3c870,->,135fdd10-b0a1-412e-b60c-f2d5367a62f0,java/util/Map.java,put
135fdd10-b0a1-412e-b60c-f2d5367a62f0,7dc99dbe-0370-4f14-a649-50c57fb75dac,8e166327-c175-45b2-abba-e387fab3c870,->,135fdd10-b0a1-412e-b60c-f2d5367a62f0,7dc99dbe-0370-4f14-a649-50c57fb75dac,a073242a-bb89-4a28-a89f-950a8e648311
135fdd10-b0a1-412e-b60c-f2d5367a62f0,7dc99dbe-0370-4f14-a649-50c57fb75dac,8e166327-c175-45b2-abba-e387fab3c870,->,135fdd10-b0a1-412e-b60c-f2d5367a62f0,7dc99dbe-0370-4f14-a649-50c57fb75dac,59507485-4d2b-4557-a534-4c6b2983e98b
135fdd10-b0a1-412e-b60c-f2d5367a62f0,7dc99dbe-0370-4f14-a649-50c57fb75dac,8e166327-c175-45b2-abba-e387fab3c870,->,135fdd10-b0a1-412e-b60c-f2d5367a62f0,java/util/Map.java,put
135fdd10-b0a1-412e-b60c-f2d5367a62f0,7dc99dbe-0370-4f14-a649-50c57fb75dac,8e166327-c175-45b2-abba-e387fab3c870,->,135fdd10-b0a1-412e-b60c-f2d5367a62f0,7dc99dbe-0370-4f14-a649-50c57fb75dac,a073242a-bb89-4a28-a89f-950a8e648311
135fdd10-b0a1-412e-b60c-f2d5367a62f0,7dc99dbe-0370-4f14-a649-50c57fb75dac,8e166327-c175-45b2-abba-e387fab3c870,->,135fdd10-b0a1-412e-b60c-f2d5367a62f0,7dc99dbe-0370-4f14-a649-50c57fb75dac,59507485-4d2b-4557-a534-4c6b2983e98b
135fdd10-b0a1-412e-b60c-f2d5367a62f0,7dc99dbe-0370-4f14-a649-50c57fb75dac,8e166327-c175-45b2-abba-e387fab3c870,->,135fdd10-b0a1-412e-b60c-f2d5367a62f0,java/util/Map.java,put
135fdd10-b0a1-412e-b60c-f2d5367a62f0,7dc99dbe-0370-4f14-a649-50c57fb75dac,8e166327-c175-45b2-abba-e387fab3c870,->,135fdd10-b0a1-412e-b60c-f2d5367a62f0,7dc99dbe-0370-4f14-a649-50c57fb75dac,a073242a-bb89-4a28-a89f-950a8e648311
135fdd10-b0a1-412e-b60c-f2d5367a62f0,7dc99dbe-0370-4f14-a649-50c57fb75dac,8e166327-c175-45b2-abba-e387fab3c870,->,135fdd10-b0a1-412e-b60c-f2d5367a62f0,7dc99dbe-0370-4f14-a649-50c57fb75dac,59507485-4d2b-4557-a534-4c6b2983e98b
135fdd10-b0a1-412e-b60c-f2d5367a62f0,7dc99dbe-0370-4f14-a649-50c57fb75dac,8e166327-c175-45b2-abba-e387fab3c870,->,135fdd10-b0a1-412e-b60c-f2d5367a62f0,java/util/Map.java,put
135fdd10-b0a1-412e-b60c-f2d5367a62f0,7dc99dbe-0370-4f14-a649-50c57fb75dac,8e166327-c175-45b2-abba-e387fab3c870,->,135fdd10-b0a1-412e-b60c-f2d5367a62f0,7dc99dbe-0370-4f14-a649-50c57fb75dac,a073242a-bb89-4a28-a89f-950a8e648311
135fdd10-b0a1-412e-b60c-f2d5367a62f0,7dc99dbe-0370-4f14-a649-50c57fb75dac,8e166327-c175-45b2-abba-e387fab3c870,->,135fdd10-b0a1-412e-b60c-f2d5367a62f0,7dc99dbe-0370-4f14-a649-50c57fb75dac,59507485-4d2b-4557-a534-4c6b2983e98b
135fdd10-b0a1-412e-b60c-f2d5367a62f0,7dc99dbe-0370-4f14-a649-50c57fb75dac,8e166327-c175-45b2-abba-e387fab3c870,->,135fdd10-b0a1-412e-b60c-f2d5367a62f0,java/util/Map.java,put
135fdd10-b0a1-412e-b60c-f2d5367a62f0,7dc99dbe-0370-4f14-a649-50c57fb75dac,7288acf1-71f2-4cfc-af12-1b5c76980514,->,135fdd10-b0a1-412e-b60c-f2d5367a62f0,7dc99dbe-0370-4f14-a649-50c57fb75dac,8e166327-c175-45b2-abba-e387fab3c870
135fdd10-b0a1-412e-b60c-f2d5367a62f0,7dc99dbe-0370-4f14-a649-50c57fb75dac,7288acf1-71f2-4cfc-af12-1b5c76980514,->,135fdd10-b0a1-412e-b60c-f2d5367a62f0,java/util/Map.java,get
135fdd10-b0a1-412e-b60c-f2d5367a62f0,11a0d7fb-a699-4ba4-82de-bc79c4fe8d19,b2c17423-c71f-4919-9baf-44469e5749ab,->,135fdd10-b0a1-412e-b60c-f2d5367a62f0,javax/servlet/http/HttpServletRequest.java,getRequestURI
135fdd10-b0a1-412e-b60c-f2d5367a62f0,11a0d7fb-a699-4ba4-82de-bc79c4fe8d19,b2c17423-c71f-4919-9baf-44469e5749ab,->,135fdd10-b0a1-412e-b60c-f2d5367a62f0,java/lang/String.java,endsWith
135fdd10-b0a1-412e-b60c-f2d5367a62f0,11a0d7fb-a699-4ba4-82de-bc79c4fe8d19,b2c17423-c71f-4919-9baf-44469e5749ab,->,135fdd10-b0a1-412e-b60c-f2d5367a62f0,java/lang/String.java,endsWith
135fdd10-b0a1-412e-b60c-f2d5367a62f0,11a0d7fb-a699-4ba4-82de-bc79c4fe8d19,b2c17423-c71f-4919-9baf-44469e5749ab,->,135fdd10-b0a1-412e-b60c-f2d5367a62f0,java/lang/String.java,endsWith
135fdd10-b0a1-412e-b60c-f2d5367a62f0,11a0d7fb-a699-4ba4-82de-bc79c4fe8d19,b2c17423-c71f-4919-9baf-44469e5749ab,->,135fdd10-b0a1-412e-b60c-f2d5367a62f0,javax/servlet/http/HttpServletRequest.java,getSession
135fdd10-b0a1-412e-b60c-f2d5367a62f0,11a0d7fb-a699-4ba4-82de-bc79c4fe8d19,b2c17423-c71f-4919-9baf-44469e5749ab,->,135fdd10-b0a1-412e-b60c-f2d5367a62f0,java/lang/Class.java,getName
135fdd10-b0a1-412e-b60c-f2d5367a62f0,11a0d7fb-a699-4ba4-82de-bc79c4fe8d19,b2c17423-c71f-4919-9baf-44469e5749ab,->,135fdd10-b0a1-412e-b60c-f2d5367a62f0,javax/servlet/http/HttpSession.java,getAttribute
135fdd10-b0a1-412e-b60c-f2d5367a62f0,11a0d7fb-a699-4ba4-82de-bc79c4fe8d19,b2c17423-c71f-4919-9baf-44469e5749ab,->,135fdd10-b0a1-412e-b60c-f2d5367a62f0,a019690d-8a82-43b6-9140-c61b5924520a,f4df8096-3f40-43d2-9ab0-eb4e1f0b9e3e
135fdd10-b0a1-412e-b60c-f2d5367a62f0,11a0d7fb-a699-4ba4-82de-bc79c4fe8d19,b2c17423-c71f-4919-9baf-44469e5749ab,->,135fdd10-b0a1-412e-b60c-f2d5367a62f0,178c3af6-0799-4c4d-bae1-9afa1650e149,7c6a3e95-fc5e-475b-a6d6-474f7ad7949f
135fdd10-b0a1-412e-b60c-f2d5367a62f0,11a0d7fb-a699-4ba4-82de-bc79c4fe8d19,b2c17423-c71f-4919-9baf-44469e5749ab,->,135fdd10-b0a1-412e-b60c-f2d5367a62f0,java/util/Date.java,getTime
135fdd10-b0a1-412e-b60c-f2d5367a62f0,11a0d7fb-a699-4ba4-82de-bc79c4fe8d19,b2c17423-c71f-4919-9baf-44469e5749ab,->,135fdd10-b0a1-412e-b60c-f2d5367a62f0,a019690d-8a82-43b6-9140-c61b5924520a,3b1759be-8537-40b8-874a-13a496b76591
135fdd10-b0a1-412e-b60c-f2d5367a62f0,11a0d7fb-a699-4ba4-82de-bc79c4fe8d19,b2c17423-c71f-4919-9baf-44469e5749ab,->,135fdd10-b0a1-412e-b60c-f2d5367a62f0,javax/servlet/http/HttpServletResponse.java,sendRedirect
135fdd10-b0a1-412e-b60c-f2d5367a62f0,11a0d7fb-a699-4ba4-82de-bc79c4fe8d19,b2c17423-c71f-4919-9baf-44469e5749ab,->,135fdd10-b0a1-412e-b60c-f2d5367a62f0,java/util/Date.java,getTime
135fdd10-b0a1-412e-b60c-f2d5367a62f0,11a0d7fb-a699-4ba4-82de-bc79c4fe8d19,b2c17423-c71f-4919-9baf-44469e5749ab,->,135fdd10-b0a1-412e-b60c-f2d5367a62f0,a019690d-8a82-43b6-9140-c61b5924520a,193c25a5-e98f-4ed6-b197-30760be7050f
135fdd10-b0a1-412e-b60c-f2d5367a62f0,83839b86-fe34-47bc-a1b5-c015d75b50de,fa35efde-6775-4596-93a7-eca79e2a1573,->,135fdd10-b0a1-412e-b60c-f2d5367a62f0,java/util/Map.java,put
135fdd10-b0a1-412e-b60c-f2d5367a62f0,83839b86-fe34-47bc-a1b5-c015d75b50de,fa35efde-6775-4596-93a7-eca79e2a1573,->,135fdd10-b0a1-412e-b60c-f2d5367a62f0,00c146f1-5b90-4765-9783-26b302970382,7b56c37b-37d3-493e-9b72-59ca7551421a
135fdd10-b0a1-412e-b60c-f2d5367a62f0,83839b86-fe34-47bc-a1b5-c015d75b50de,fa35efde-6775-4596-93a7-eca79e2a1573,->,135fdd10-b0a1-412e-b60c-f2d5367a62f0,java/util/Map.java,put
135fdd10-b0a1-412e-b60c-f2d5367a62f0,83839b86-fe34-47bc-a1b5-c015d75b50de,fa35efde-6775-4596-93a7-eca79e2a1573,->,135fdd10-b0a1-412e-b60c-f2d5367a62f0,fbdc8bb7-48f4-448e-af60-90c4c53d4ced,1deada10-6931-4f30-af31-42f5e48c8115
135fdd10-b0a1-412e-b60c-f2d5367a62f0,83839b86-fe34-47bc-a1b5-c015d75b50de,fa35efde-6775-4596-93a7-eca79e2a1573,->,135fdd10-b0a1-412e-b60c-f2d5367a62f0,java/util/Map.java,put
135fdd10-b0a1-412e-b60c-f2d5367a62f0,83839b86-fe34-47bc-a1b5-c015d75b50de,8a88422f-1d1c-4819-b7e3-baa3ad4fc9ca,->,135fdd10-b0a1-412e-b60c-f2d5367a62f0,javax/servlet/http/HttpServletRequest.java,getSession
135fdd10-b0a1-412e-b60c-f2d5367a62f0,83839b86-fe34-47bc-a1b5-c015d75b50de,8a88422f-1d1c-4819-b7e3-baa3ad4fc9ca,->,135fdd10-b0a1-412e-b60c-f2d5367a62f0,javax/servlet/http/HttpSession.java,getAttribute
135fdd10-b0a1-412e-b60c-f2d5367a62f0,83839b86-fe34-47bc-a1b5-c015d75b50de,8a88422f-1d1c-4819-b7e3-baa3ad4fc9ca,->,135fdd10-b0a1-412e-b60c-f2d5367a62f0,a019690d-8a82-43b6-9140-c61b5924520a,f4df8096-3f40-43d2-9ab0-eb4e1f0b9e3e
135fdd10-b0a1-412e-b60c-f2d5367a62f0,83839b86-fe34-47bc-a1b5-c015d75b50de,8a88422f-1d1c-4819-b7e3-baa3ad4fc9ca,->,135fdd10-b0a1-412e-b60c-f2d5367a62f0,b1fb6f9e-ab46-44d0-b27a-b6a0b91f093f,1fb641bf-5a9b-474a-8311-766fabc88fa1
135fdd10-b0a1-412e-b60c-f2d5367a62f0,83839b86-fe34-47bc-a1b5-c015d75b50de,8a88422f-1d1c-4819-b7e3-baa3ad4fc9ca,->,135fdd10-b0a1-412e-b60c-f2d5367a62f0,00c146f1-5b90-4765-9783-26b302970382,6282c37b-23bf-4c59-9220-5af9e215087a
135fdd10-b0a1-412e-b60c-f2d5367a62f0,83839b86-fe34-47bc-a1b5-c015d75b50de,05df9ded-f5cf-4382-a788-ddf4de42ea55,->,135fdd10-b0a1-412e-b60c-f2d5367a62f0,javax/servlet/http/HttpServletRequest.java,getParameter
135fdd10-b0a1-412e-b60c-f2d5367a62f0,83839b86-fe34-47bc-a1b5-c015d75b50de,05df9ded-f5cf-4382-a788-ddf4de42ea55,->,135fdd10-b0a1-412e-b60c-f2d5367a62f0,178c3af6-0799-4c4d-bae1-9afa1650e149,7c6a3e95-fc5e-475b-a6d6-474f7ad7949f
135fdd10-b0a1-412e-b60c-f2d5367a62f0,83839b86-fe34-47bc-a1b5-c015d75b50de,05df9ded-f5cf-4382-a788-ddf4de42ea55,->,135fdd10-b0a1-412e-b60c-f2d5367a62f0,java/lang/Integer.java,parseInt
135fdd10-b0a1-412e-b60c-f2d5367a62f0,83839b86-fe34-47bc-a1b5-c015d75b50de,05df9ded-f5cf-4382-a788-ddf4de42ea55,->,135fdd10-b0a1-412e-b60c-f2d5367a62f0,java/lang/Integer.java,valueOf
135fdd10-b0a1-412e-b60c-f2d5367a62f0,83839b86-fe34-47bc-a1b5-c015d75b50de,05df9ded-f5cf-4382-a788-ddf4de42ea55,->,135fdd10-b0a1-412e-b60c-f2d5367a62f0,00c146f1-5b90-4765-9783-26b302970382,2da21da0-597e-4c9b-840c-22f8246d032f
135fdd10-b0a1-412e-b60c-f2d5367a62f0,83839b86-fe34-47bc-a1b5-c015d75b50de,e98e381b-4ce5-45f7-bb84-c22bf32eca40,->,135fdd10-b0a1-412e-b60c-f2d5367a62f0,java/util/Map.java,put
135fdd10-b0a1-412e-b60c-f2d5367a62f0,83839b86-fe34-47bc-a1b5-c015d75b50de,e6fa087b-0286-4091-8687-50a6933e1865,->,135fdd10-b0a1-412e-b60c-f2d5367a62f0,00c146f1-5b90-4765-9783-26b302970382,ae7f8a56-6874-49f9-af33-a2f7d0f97845
135fdd10-b0a1-412e-b60c-f2d5367a62f0,83839b86-fe34-47bc-a1b5-c015d75b50de,e6fa087b-0286-4091-8687-50a6933e1865,->,135fdd10-b0a1-412e-b60c-f2d5367a62f0,java/util/Date.java,getTime
135fdd10-b0a1-412e-b60c-f2d5367a62f0,83839b86-fe34-47bc-a1b5-c015d75b50de,e6fa087b-0286-4091-8687-50a6933e1865,->,135fdd10-b0a1-412e-b60c-f2d5367a62f0,a019690d-8a82-43b6-9140-c61b5924520a,193c25a5-e98f-4ed6-b197-30760be7050f
135fdd10-b0a1-412e-b60c-f2d5367a62f0,83839b86-fe34-47bc-a1b5-c015d75b50de,e6fa087b-0286-4091-8687-50a6933e1865,->,135fdd10-b0a1-412e-b60c-f2d5367a62f0,javax/servlet/http/HttpSession.java,setAttribute
135fdd10-b0a1-412e-b60c-f2d5367a62f0,83839b86-fe34-47bc-a1b5-c015d75b50de,ea2465c2-3273-4d50-ad41-ecfe43d991cb,->,135fdd10-b0a1-412e-b60c-f2d5367a62f0,javax/servlet/http/HttpSession.java,getAttribute
135fdd10-b0a1-412e-b60c-f2d5367a62f0,83839b86-fe34-47bc-a1b5-c015d75b50de,ea2465c2-3273-4d50-ad41-ecfe43d991cb,->,135fdd10-b0a1-412e-b60c-f2d5367a62f0,00c146f1-5b90-4765-9783-26b302970382,2cc51506-c228-46d8-a459-1f2b7cba5c97
135fdd10-b0a1-412e-b60c-f2d5367a62f0,83839b86-fe34-47bc-a1b5-c015d75b50de,ea2465c2-3273-4d50-ad41-ecfe43d991cb,->,135fdd10-b0a1-412e-b60c-f2d5367a62f0,javax/servlet/http/HttpSession.java,invalidate
135fdd10-b0a1-412e-b60c-f2d5367a62f0,77129e79-adc9-43ab-8c15-14189779d3d4,31800e20-baa0-4d33-bc36-59bc2ed9d74d,->,135fdd10-b0a1-412e-b60c-f2d5367a62f0,d0c69162-bd22-4a19-8796-3cde3a31e70c,1106e769-fad0-43c0-a9d7-0202b4b13207
135fdd10-b0a1-412e-b60c-f2d5367a62f0,77129e79-adc9-43ab-8c15-14189779d3d4,31800e20-baa0-4d33-bc36-59bc2ed9d74d,->,135fdd10-b0a1-412e-b60c-f2d5367a62f0,java/util/Map.java,put
135fdd10-b0a1-412e-b60c-f2d5367a62f0,77129e79-adc9-43ab-8c15-14189779d3d4,31800e20-baa0-4d33-bc36-59bc2ed9d74d,->,135fdd10-b0a1-412e-b60c-f2d5367a62f0,7dc99dbe-0370-4f14-a649-50c57fb75dac,8e166327-c175-45b2-abba-e387fab3c870
135fdd10-b0a1-412e-b60c-f2d5367a62f0,77129e79-adc9-43ab-8c15-14189779d3d4,31800e20-baa0-4d33-bc36-59bc2ed9d74d,->,135fdd10-b0a1-412e-b60c-f2d5367a62f0,java/util/Map.java,put
135fdd10-b0a1-412e-b60c-f2d5367a62f0,77129e79-adc9-43ab-8c15-14189779d3d4,5be61835-d5d7-4ebf-9eea-5cd30cac5d0f,->,135fdd10-b0a1-412e-b60c-f2d5367a62f0,java/util/Map.java,put
135fdd10-b0a1-412e-b60c-f2d5367a62f0,77129e79-adc9-43ab-8c15-14189779d3d4,5be61835-d5d7-4ebf-9eea-5cd30cac5d0f,->,135fdd10-b0a1-412e-b60c-f2d5367a62f0,7dc99dbe-0370-4f14-a649-50c57fb75dac,8e166327-c175-45b2-abba-e387fab3c870
135fdd10-b0a1-412e-b60c-f2d5367a62f0,77129e79-adc9-43ab-8c15-14189779d3d4,5be61835-d5d7-4ebf-9eea-5cd30cac5d0f,->,135fdd10-b0a1-412e-b60c-f2d5367a62f0,java/util/Map.java,put
135fdd10-b0a1-412e-b60c-f2d5367a62f0,77129e79-adc9-43ab-8c15-14189779d3d4,8459977c-a897-4e0b-bbec-b89ad38e864b,->,135fdd10-b0a1-412e-b60c-f2d5367a62f0,java/util/Map.java,put
135fdd10-b0a1-412e-b60c-f2d5367a62f0,77129e79-adc9-43ab-8c15-14189779d3d4,8459977c-a897-4e0b-bbec-b89ad38e864b,->,135fdd10-b0a1-412e-b60c-f2d5367a62f0,80cfa932-04b5-4acf-b50a-61d6a6746bfc,c875285a-4d76-43bb-866c-3569edbecd24
135fdd10-b0a1-412e-b60c-f2d5367a62f0,77129e79-adc9-43ab-8c15-14189779d3d4,8459977c-a897-4e0b-bbec-b89ad38e864b,->,135fdd10-b0a1-412e-b60c-f2d5367a62f0,java/util/Map.java,put
135fdd10-b0a1-412e-b60c-f2d5367a62f0,77129e79-adc9-43ab-8c15-14189779d3d4,8459977c-a897-4e0b-bbec-b89ad38e864b,->,135fdd10-b0a1-412e-b60c-f2d5367a62f0,7dc99dbe-0370-4f14-a649-50c57fb75dac,8e166327-c175-45b2-abba-e387fab3c870
135fdd10-b0a1-412e-b60c-f2d5367a62f0,77129e79-adc9-43ab-8c15-14189779d3d4,8459977c-a897-4e0b-bbec-b89ad38e864b,->,135fdd10-b0a1-412e-b60c-f2d5367a62f0,java/util/Map.java,put
135fdd10-b0a1-412e-b60c-f2d5367a62f0,77129e79-adc9-43ab-8c15-14189779d3d4,3ddca5eb-3ca4-455d-8e02-204ad50478cd,->,135fdd10-b0a1-412e-b60c-f2d5367a62f0,javax/servlet/http/HttpServletRequest.java,getSession
135fdd10-b0a1-412e-b60c-f2d5367a62f0,77129e79-adc9-43ab-8c15-14189779d3d4,3ddca5eb-3ca4-455d-8e02-204ad50478cd,->,135fdd10-b0a1-412e-b60c-f2d5367a62f0,javax/servlet/http/HttpSession.java,getAttribute
135fdd10-b0a1-412e-b60c-f2d5367a62f0,77129e79-adc9-43ab-8c15-14189779d3d4,3ddca5eb-3ca4-455d-8e02-204ad50478cd,->,135fdd10-b0a1-412e-b60c-f2d5367a62f0,d0c69162-bd22-4a19-8796-3cde3a31e70c,55288f2b-b40f-456a-ad62-60b5555b26b7
135fdd10-b0a1-412e-b60c-f2d5367a62f0,77129e79-adc9-43ab-8c15-14189779d3d4,3ddca5eb-3ca4-455d-8e02-204ad50478cd,->,135fdd10-b0a1-412e-b60c-f2d5367a62f0,java/lang/String.java,equals
135fdd10-b0a1-412e-b60c-f2d5367a62f0,77129e79-adc9-43ab-8c15-14189779d3d4,3ddca5eb-3ca4-455d-8e02-204ad50478cd,->,135fdd10-b0a1-412e-b60c-f2d5367a62f0,d0c69162-bd22-4a19-8796-3cde3a31e70c,fc07135f-fc66-4ab9-a008-5dd282ac4260
135fdd10-b0a1-412e-b60c-f2d5367a62f0,77129e79-adc9-43ab-8c15-14189779d3d4,3ddca5eb-3ca4-455d-8e02-204ad50478cd,->,135fdd10-b0a1-412e-b60c-f2d5367a62f0,a019690d-8a82-43b6-9140-c61b5924520a,f4df8096-3f40-43d2-9ab0-eb4e1f0b9e3e
135fdd10-b0a1-412e-b60c-f2d5367a62f0,77129e79-adc9-43ab-8c15-14189779d3d4,3ddca5eb-3ca4-455d-8e02-204ad50478cd,->,135fdd10-b0a1-412e-b60c-f2d5367a62f0,77215210-19fe-4ef2-b0a6-081cd4330884,68b86a38-4be1-4dc1-b9f1-6dfc44a547c1
135fdd10-b0a1-412e-b60c-f2d5367a62f0,77129e79-adc9-43ab-8c15-14189779d3d4,3ddca5eb-3ca4-455d-8e02-204ad50478cd,->,135fdd10-b0a1-412e-b60c-f2d5367a62f0,d0c69162-bd22-4a19-8796-3cde3a31e70c,fdd9807d-a42b-4296-b57c-dabb191efcaf
135fdd10-b0a1-412e-b60c-f2d5367a62f0,77129e79-adc9-43ab-8c15-14189779d3d4,3ddca5eb-3ca4-455d-8e02-204ad50478cd,->,135fdd10-b0a1-412e-b60c-f2d5367a62f0,java/util/List.java,iterator
135fdd10-b0a1-412e-b60c-f2d5367a62f0,77129e79-adc9-43ab-8c15-14189779d3d4,3ddca5eb-3ca4-455d-8e02-204ad50478cd,->,135fdd10-b0a1-412e-b60c-f2d5367a62f0,java/util/Iterator.java,hasNext
135fdd10-b0a1-412e-b60c-f2d5367a62f0,77129e79-adc9-43ab-8c15-14189779d3d4,3ddca5eb-3ca4-455d-8e02-204ad50478cd,->,135fdd10-b0a1-412e-b60c-f2d5367a62f0,java/util/Iterator.java,next
135fdd10-b0a1-412e-b60c-f2d5367a62f0,77129e79-adc9-43ab-8c15-14189779d3d4,3ddca5eb-3ca4-455d-8e02-204ad50478cd,->,135fdd10-b0a1-412e-b60c-f2d5367a62f0,7189eaaf-daad-45d7-af69-9ae0561061da,d9d0fe47-eee3-45c2-a733-84bb655f7890
135fdd10-b0a1-412e-b60c-f2d5367a62f0,77129e79-adc9-43ab-8c15-14189779d3d4,3ddca5eb-3ca4-455d-8e02-204ad50478cd,->,135fdd10-b0a1-412e-b60c-f2d5367a62f0,178c3af6-0799-4c4d-bae1-9afa1650e149,7c6a3e95-fc5e-475b-a6d6-474f7ad7949f
135fdd10-b0a1-412e-b60c-f2d5367a62f0,77129e79-adc9-43ab-8c15-14189779d3d4,3ddca5eb-3ca4-455d-8e02-204ad50478cd,->,135fdd10-b0a1-412e-b60c-f2d5367a62f0,a019690d-8a82-43b6-9140-c61b5924520a,f4df8096-3f40-43d2-9ab0-eb4e1f0b9e3e
135fdd10-b0a1-412e-b60c-f2d5367a62f0,77129e79-adc9-43ab-8c15-14189779d3d4,3ddca5eb-3ca4-455d-8e02-204ad50478cd,->,135fdd10-b0a1-412e-b60c-f2d5367a62f0,7189eaaf-daad-45d7-af69-9ae0561061da,8fd1b82c-5152-44f3-8769-6b6d633d1e2a
135fdd10-b0a1-412e-b60c-f2d5367a62f0,77129e79-adc9-43ab-8c15-14189779d3d4,3ddca5eb-3ca4-455d-8e02-204ad50478cd,->,135fdd10-b0a1-412e-b60c-f2d5367a62f0,80cfa932-04b5-4acf-b50a-61d6a6746bfc,4b0b577f-9eec-4579-ad8c-b01b2d47f1a5
135fdd10-b0a1-412e-b60c-f2d5367a62f0,77129e79-adc9-43ab-8c15-14189779d3d4,3ddca5eb-3ca4-455d-8e02-204ad50478cd,->,135fdd10-b0a1-412e-b60c-f2d5367a62f0,java/lang/String.java,equals
135fdd10-b0a1-412e-b60c-f2d5367a62f0,77129e79-adc9-43ab-8c15-14189779d3d4,3ddca5eb-3ca4-455d-8e02-204ad50478cd,->,135fdd10-b0a1-412e-b60c-f2d5367a62f0,77215210-19fe-4ef2-b0a6-081cd4330884,424c91df-6c22-487c-80b9-6e7340770446
135fdd10-b0a1-412e-b60c-f2d5367a62f0,77129e79-adc9-43ab-8c15-14189779d3d4,3ddca5eb-3ca4-455d-8e02-204ad50478cd,->,135fdd10-b0a1-412e-b60c-f2d5367a62f0,java/lang/String.java,valueOf
135fdd10-b0a1-412e-b60c-f2d5367a62f0,77129e79-adc9-43ab-8c15-14189779d3d4,3ddca5eb-3ca4-455d-8e02-204ad50478cd,->,135fdd10-b0a1-412e-b60c-f2d5367a62f0,77129e79-adc9-43ab-8c15-14189779d3d4,6d88bd75-192d-4a52-adf2-b4d4b41e0fc4
135fdd10-b0a1-412e-b60c-f2d5367a62f0,77129e79-adc9-43ab-8c15-14189779d3d4,3ddca5eb-3ca4-455d-8e02-204ad50478cd,->,135fdd10-b0a1-412e-b60c-f2d5367a62f0,java/util/Map.java,put
135fdd10-b0a1-412e-b60c-f2d5367a62f0,77129e79-adc9-43ab-8c15-14189779d3d4,7f580f49-20fc-4518-b80e-91633211b054,->,135fdd10-b0a1-412e-b60c-f2d5367a62f0,javax/servlet/http/HttpServletRequest.java,getParameter
135fdd10-b0a1-412e-b60c-f2d5367a62f0,77129e79-adc9-43ab-8c15-14189779d3d4,7f580f49-20fc-4518-b80e-91633211b054,->,135fdd10-b0a1-412e-b60c-f2d5367a62f0,77129e79-adc9-43ab-8c15-14189779d3d4,6d88bd75-192d-4a52-adf2-b4d4b41e0fc4
135fdd10-b0a1-412e-b60c-f2d5367a62f0,77129e79-adc9-43ab-8c15-14189779d3d4,7f580f49-20fc-4518-b80e-91633211b054,->,135fdd10-b0a1-412e-b60c-f2d5367a62f0,java/util/Map.java,put
135fdd10-b0a1-412e-b60c-f2d5367a62f0,77129e79-adc9-43ab-8c15-14189779d3d4,7f580f49-20fc-4518-b80e-91633211b054,->,135fdd10-b0a1-412e-b60c-f2d5367a62f0,7dc99dbe-0370-4f14-a649-50c57fb75dac,8e166327-c175-45b2-abba-e387fab3c870
135fdd10-b0a1-412e-b60c-f2d5367a62f0,77129e79-adc9-43ab-8c15-14189779d3d4,7f580f49-20fc-4518-b80e-91633211b054,->,135fdd10-b0a1-412e-b60c-f2d5367a62f0,java/util/Map.java,put
135fdd10-b0a1-412e-b60c-f2d5367a62f0,77129e79-adc9-43ab-8c15-14189779d3d4,6d88bd75-192d-4a52-adf2-b4d4b41e0fc4,->,135fdd10-b0a1-412e-b60c-f2d5367a62f0,178c3af6-0799-4c4d-bae1-9afa1650e149,7c6a3e95-fc5e-475b-a6d6-474f7ad7949f
135fdd10-b0a1-412e-b60c-f2d5367a62f0,77129e79-adc9-43ab-8c15-14189779d3d4,6d88bd75-192d-4a52-adf2-b4d4b41e0fc4,->,135fdd10-b0a1-412e-b60c-f2d5367a62f0,java/lang/Integer.java,parseInt
135fdd10-b0a1-412e-b60c-f2d5367a62f0,77129e79-adc9-43ab-8c15-14189779d3d4,6d88bd75-192d-4a52-adf2-b4d4b41e0fc4,->,135fdd10-b0a1-412e-b60c-f2d5367a62f0,java/lang/Integer.java,valueOf
135fdd10-b0a1-412e-b60c-f2d5367a62f0,77129e79-adc9-43ab-8c15-14189779d3d4,6d88bd75-192d-4a52-adf2-b4d4b41e0fc4,->,135fdd10-b0a1-412e-b60c-f2d5367a62f0,80cfa932-04b5-4acf-b50a-61d6a6746bfc,1c7f9af0-4072-4e23-82dc-e1413dabf01f
135fdd10-b0a1-412e-b60c-f2d5367a62f0,77129e79-adc9-43ab-8c15-14189779d3d4,6d88bd75-192d-4a52-adf2-b4d4b41e0fc4,->,135fdd10-b0a1-412e-b60c-f2d5367a62f0,d0c69162-bd22-4a19-8796-3cde3a31e70c,903d0f35-feb4-4bdb-9fd0-278d259d773e
135fdd10-b0a1-412e-b60c-f2d5367a62f0,77129e79-adc9-43ab-8c15-14189779d3d4,6d88bd75-192d-4a52-adf2-b4d4b41e0fc4,->,135fdd10-b0a1-412e-b60c-f2d5367a62f0,77215210-19fe-4ef2-b0a6-081cd4330884,30ec627b-2628-44db-88ee-07f175232e85
135fdd10-b0a1-412e-b60c-f2d5367a62f0,77129e79-adc9-43ab-8c15-14189779d3d4,6d88bd75-192d-4a52-adf2-b4d4b41e0fc4,->,135fdd10-b0a1-412e-b60c-f2d5367a62f0,d0c69162-bd22-4a19-8796-3cde3a31e70c,b4be53bf-b8b4-496e-b474-5d427c8fc63f
135fdd10-b0a1-412e-b60c-f2d5367a62f0,77129e79-adc9-43ab-8c15-14189779d3d4,6d88bd75-192d-4a52-adf2-b4d4b41e0fc4,->,135fdd10-b0a1-412e-b60c-f2d5367a62f0,77215210-19fe-4ef2-b0a6-081cd4330884,079f93bd-e58e-4ad5-984f-d85ac834c099
135fdd10-b0a1-412e-b60c-f2d5367a62f0,77129e79-adc9-43ab-8c15-14189779d3d4,6d88bd75-192d-4a52-adf2-b4d4b41e0fc4,->,135fdd10-b0a1-412e-b60c-f2d5367a62f0,d0c69162-bd22-4a19-8796-3cde3a31e70c,284accfd-b501-4755-bc21-cf7b7e8452fa
135fdd10-b0a1-412e-b60c-f2d5367a62f0,77129e79-adc9-43ab-8c15-14189779d3d4,6d88bd75-192d-4a52-adf2-b4d4b41e0fc4,->,135fdd10-b0a1-412e-b60c-f2d5367a62f0,d0c69162-bd22-4a19-8796-3cde3a31e70c,1106e769-fad0-43c0-a9d7-0202b4b13207
135fdd10-b0a1-412e-b60c-f2d5367a62f0,77129e79-adc9-43ab-8c15-14189779d3d4,e00f0f5f-afa9-40d1-a188-a4cb820d18b4,->,135fdd10-b0a1-412e-b60c-f2d5367a62f0,javax/servlet/http/HttpServletRequest.java,getSession
135fdd10-b0a1-412e-b60c-f2d5367a62f0,77129e79-adc9-43ab-8c15-14189779d3d4,e00f0f5f-afa9-40d1-a188-a4cb820d18b4,->,135fdd10-b0a1-412e-b60c-f2d5367a62f0,javax/servlet/http/HttpSession.java,getAttribute
135fdd10-b0a1-412e-b60c-f2d5367a62f0,77129e79-adc9-43ab-8c15-14189779d3d4,e00f0f5f-afa9-40d1-a188-a4cb820d18b4,->,135fdd10-b0a1-412e-b60c-f2d5367a62f0,a019690d-8a82-43b6-9140-c61b5924520a,f4df8096-3f40-43d2-9ab0-eb4e1f0b9e3e
135fdd10-b0a1-412e-b60c-f2d5367a62f0,77129e79-adc9-43ab-8c15-14189779d3d4,e00f0f5f-afa9-40d1-a188-a4cb820d18b4,->,135fdd10-b0a1-412e-b60c-f2d5367a62f0,javax/xml/xpath/XPathFactory.java,newInstance
135fdd10-b0a1-412e-b60c-f2d5367a62f0,77129e79-adc9-43ab-8c15-14189779d3d4,e00f0f5f-afa9-40d1-a188-a4cb820d18b4,->,135fdd10-b0a1-412e-b60c-f2d5367a62f0,javax/xml/xpath/XPathFactory.java,newXPath
135fdd10-b0a1-412e-b60c-f2d5367a62f0,77129e79-adc9-43ab-8c15-14189779d3d4,e00f0f5f-afa9-40d1-a188-a4cb820d18b4,->,135fdd10-b0a1-412e-b60c-f2d5367a62f0,javax/servlet/http/HttpServletRequest.java,getParameter
135fdd10-b0a1-412e-b60c-f2d5367a62f0,77129e79-adc9-43ab-8c15-14189779d3d4,e00f0f5f-afa9-40d1-a188-a4cb820d18b4,->,135fdd10-b0a1-412e-b60c-f2d5367a62f0,javax/xml/xpath/XPath.java,evaluate
135fdd10-b0a1-412e-b60c-f2d5367a62f0,77129e79-adc9-43ab-8c15-14189779d3d4,e00f0f5f-afa9-40d1-a188-a4cb820d18b4,->,135fdd10-b0a1-412e-b60c-f2d5367a62f0,org/w3c/dom/NodeList.java,getLength
135fdd10-b0a1-412e-b60c-f2d5367a62f0,77129e79-adc9-43ab-8c15-14189779d3d4,e00f0f5f-afa9-40d1-a188-a4cb820d18b4,->,135fdd10-b0a1-412e-b60c-f2d5367a62f0,org/w3c/dom/NodeList.java,item
135fdd10-b0a1-412e-b60c-f2d5367a62f0,77129e79-adc9-43ab-8c15-14189779d3d4,e00f0f5f-afa9-40d1-a188-a4cb820d18b4,->,135fdd10-b0a1-412e-b60c-f2d5367a62f0,javax/xml/xpath/XPath.java,evaluate
135fdd10-b0a1-412e-b60c-f2d5367a62f0,77129e79-adc9-43ab-8c15-14189779d3d4,e00f0f5f-afa9-40d1-a188-a4cb820d18b4,->,135fdd10-b0a1-412e-b60c-f2d5367a62f0,java/lang/Class.java,newInstance
135fdd10-b0a1-412e-b60c-f2d5367a62f0,77129e79-adc9-43ab-8c15-14189779d3d4,e00f0f5f-afa9-40d1-a188-a4cb820d18b4,->,135fdd10-b0a1-412e-b60c-f2d5367a62f0,d0c69162-bd22-4a19-8796-3cde3a31e70c,1106e769-fad0-43c0-a9d7-0202b4b13207
135fdd10-b0a1-412e-b60c-f2d5367a62f0,77129e79-adc9-43ab-8c15-14189779d3d4,e00f0f5f-afa9-40d1-a188-a4cb820d18b4,->,135fdd10-b0a1-412e-b60c-f2d5367a62f0,org/w3c/dom/NodeList.java,getLength
135fdd10-b0a1-412e-b60c-f2d5367a62f0,77129e79-adc9-43ab-8c15-14189779d3d4,e00f0f5f-afa9-40d1-a188-a4cb820d18b4,->,135fdd10-b0a1-412e-b60c-f2d5367a62f0,org/w3c/dom/NodeList.java,item
135fdd10-b0a1-412e-b60c-f2d5367a62f0,77129e79-adc9-43ab-8c15-14189779d3d4,e00f0f5f-afa9-40d1-a188-a4cb820d18b4,->,135fdd10-b0a1-412e-b60c-f2d5367a62f0,org/w3c/dom/Element.java,getNodeName
135fdd10-b0a1-412e-b60c-f2d5367a62f0,77129e79-adc9-43ab-8c15-14189779d3d4,e00f0f5f-afa9-40d1-a188-a4cb820d18b4,->,135fdd10-b0a1-412e-b60c-f2d5367a62f0,org/w3c/dom/Element.java,getFirstChild
135fdd10-b0a1-412e-b60c-f2d5367a62f0,77129e79-adc9-43ab-8c15-14189779d3d4,e00f0f5f-afa9-40d1-a188-a4cb820d18b4,->,135fdd10-b0a1-412e-b60c-f2d5367a62f0,org/w3c/dom/Node.java,getNodeValue
135fdd10-b0a1-412e-b60c-f2d5367a62f0,77129e79-adc9-43ab-8c15-14189779d3d4,e00f0f5f-afa9-40d1-a188-a4cb820d18b4,->,135fdd10-b0a1-412e-b60c-f2d5367a62f0,java/lang/String.java,equalsIgnoreCase
135fdd10-b0a1-412e-b60c-f2d5367a62f0,77129e79-adc9-43ab-8c15-14189779d3d4,e00f0f5f-afa9-40d1-a188-a4cb820d18b4,->,135fdd10-b0a1-412e-b60c-f2d5367a62f0,java/lang/String.java,equalsIgnoreCase
135fdd10-b0a1-412e-b60c-f2d5367a62f0,77129e79-adc9-43ab-8c15-14189779d3d4,e00f0f5f-afa9-40d1-a188-a4cb820d18b4,->,135fdd10-b0a1-412e-b60c-f2d5367a62f0,java/lang/String.java,equalsIgnoreCase
135fdd10-b0a1-412e-b60c-f2d5367a62f0,77129e79-adc9-43ab-8c15-14189779d3d4,e00f0f5f-afa9-40d1-a188-a4cb820d18b4,->,135fdd10-b0a1-412e-b60c-f2d5367a62f0,java/lang/StringBuilder.java,append
135fdd10-b0a1-412e-b60c-f2d5367a62f0,77129e79-adc9-43ab-8c15-14189779d3d4,e00f0f5f-afa9-40d1-a188-a4cb820d18b4,->,135fdd10-b0a1-412e-b60c-f2d5367a62f0,java/lang/StringBuilder.java,append
135fdd10-b0a1-412e-b60c-f2d5367a62f0,77129e79-adc9-43ab-8c15-14189779d3d4,e00f0f5f-afa9-40d1-a188-a4cb820d18b4,->,135fdd10-b0a1-412e-b60c-f2d5367a62f0,java/lang/StringBuilder.java,toString
135fdd10-b0a1-412e-b60c-f2d5367a62f0,77129e79-adc9-43ab-8c15-14189779d3d4,e00f0f5f-afa9-40d1-a188-a4cb820d18b4,->,135fdd10-b0a1-412e-b60c-f2d5367a62f0,java/lang/Class.java,getDeclaredMethod
135fdd10-b0a1-412e-b60c-f2d5367a62f0,77129e79-adc9-43ab-8c15-14189779d3d4,e00f0f5f-afa9-40d1-a188-a4cb820d18b4,->,135fdd10-b0a1-412e-b60c-f2d5367a62f0,java/lang/Integer.java,parseInt
135fdd10-b0a1-412e-b60c-f2d5367a62f0,77129e79-adc9-43ab-8c15-14189779d3d4,e00f0f5f-afa9-40d1-a188-a4cb820d18b4,->,135fdd10-b0a1-412e-b60c-f2d5367a62f0,java/lang/Integer.java,valueOf
135fdd10-b0a1-412e-b60c-f2d5367a62f0,77129e79-adc9-43ab-8c15-14189779d3d4,e00f0f5f-afa9-40d1-a188-a4cb820d18b4,->,135fdd10-b0a1-412e-b60c-f2d5367a62f0,java/lang/reflect/Method.java,invoke
135fdd10-b0a1-412e-b60c-f2d5367a62f0,77129e79-adc9-43ab-8c15-14189779d3d4,e00f0f5f-afa9-40d1-a188-a4cb820d18b4,->,135fdd10-b0a1-412e-b60c-f2d5367a62f0,java/lang/String.java,equalsIgnoreCase
135fdd10-b0a1-412e-b60c-f2d5367a62f0,77129e79-adc9-43ab-8c15-14189779d3d4,e00f0f5f-afa9-40d1-a188-a4cb820d18b4,->,135fdd10-b0a1-412e-b60c-f2d5367a62f0,7189eaaf-daad-45d7-af69-9ae0561061da,d95709c9-1a09-43a5-8a6f-9138fc619bbb
135fdd10-b0a1-412e-b60c-f2d5367a62f0,77129e79-adc9-43ab-8c15-14189779d3d4,e00f0f5f-afa9-40d1-a188-a4cb820d18b4,->,135fdd10-b0a1-412e-b60c-f2d5367a62f0,7189eaaf-daad-45d7-af69-9ae0561061da,8fd1b82c-5152-44f3-8769-6b6d633d1e2a
135fdd10-b0a1-412e-b60c-f2d5367a62f0,77129e79-adc9-43ab-8c15-14189779d3d4,e00f0f5f-afa9-40d1-a188-a4cb820d18b4,->,135fdd10-b0a1-412e-b60c-f2d5367a62f0,java/util/List.java,add
135fdd10-b0a1-412e-b60c-f2d5367a62f0,77129e79-adc9-43ab-8c15-14189779d3d4,e00f0f5f-afa9-40d1-a188-a4cb820d18b4,->,135fdd10-b0a1-412e-b60c-f2d5367a62f0,d0c69162-bd22-4a19-8796-3cde3a31e70c,b4be53bf-b8b4-496e-b474-5d427c8fc63f
135fdd10-b0a1-412e-b60c-f2d5367a62f0,77129e79-adc9-43ab-8c15-14189779d3d4,e00f0f5f-afa9-40d1-a188-a4cb820d18b4,->,135fdd10-b0a1-412e-b60c-f2d5367a62f0,java/lang/String.java,equalsIgnoreCase
135fdd10-b0a1-412e-b60c-f2d5367a62f0,77129e79-adc9-43ab-8c15-14189779d3d4,e00f0f5f-afa9-40d1-a188-a4cb820d18b4,->,135fdd10-b0a1-412e-b60c-f2d5367a62f0,java/lang/Integer.java,parseInt
135fdd10-b0a1-412e-b60c-f2d5367a62f0,77129e79-adc9-43ab-8c15-14189779d3d4,e00f0f5f-afa9-40d1-a188-a4cb820d18b4,->,135fdd10-b0a1-412e-b60c-f2d5367a62f0,java/lang/Integer.java,valueOf
135fdd10-b0a1-412e-b60c-f2d5367a62f0,77129e79-adc9-43ab-8c15-14189779d3d4,e00f0f5f-afa9-40d1-a188-a4cb820d18b4,->,135fdd10-b0a1-412e-b60c-f2d5367a62f0,6f67aaa1-8e23-4e58-9027-96f67428f90f,ab505c43-9949-47a0-802a-2e15ab4130f9
135fdd10-b0a1-412e-b60c-f2d5367a62f0,77129e79-adc9-43ab-8c15-14189779d3d4,e00f0f5f-afa9-40d1-a188-a4cb820d18b4,->,135fdd10-b0a1-412e-b60c-f2d5367a62f0,java/util/List.java,add
135fdd10-b0a1-412e-b60c-f2d5367a62f0,77129e79-adc9-43ab-8c15-14189779d3d4,e00f0f5f-afa9-40d1-a188-a4cb820d18b4,->,135fdd10-b0a1-412e-b60c-f2d5367a62f0,d0c69162-bd22-4a19-8796-3cde3a31e70c,284accfd-b501-4755-bc21-cf7b7e8452fa
135fdd10-b0a1-412e-b60c-f2d5367a62f0,77129e79-adc9-43ab-8c15-14189779d3d4,e00f0f5f-afa9-40d1-a188-a4cb820d18b4,->,135fdd10-b0a1-412e-b60c-f2d5367a62f0,java/lang/String.java,equalsIgnoreCase
135fdd10-b0a1-412e-b60c-f2d5367a62f0,77129e79-adc9-43ab-8c15-14189779d3d4,e00f0f5f-afa9-40d1-a188-a4cb820d18b4,->,135fdd10-b0a1-412e-b60c-f2d5367a62f0,java/lang/String.java,equalsIgnoreCase
135fdd10-b0a1-412e-b60c-f2d5367a62f0,77129e79-adc9-43ab-8c15-14189779d3d4,e00f0f5f-afa9-40d1-a188-a4cb820d18b4,->,135fdd10-b0a1-412e-b60c-f2d5367a62f0,java/lang/StringBuilder.java,append
135fdd10-b0a1-412e-b60c-f2d5367a62f0,77129e79-adc9-43ab-8c15-14189779d3d4,e00f0f5f-afa9-40d1-a188-a4cb820d18b4,->,135fdd10-b0a1-412e-b60c-f2d5367a62f0,java/lang/StringBuilder.java,append
135fdd10-b0a1-412e-b60c-f2d5367a62f0,77129e79-adc9-43ab-8c15-14189779d3d4,e00f0f5f-afa9-40d1-a188-a4cb820d18b4,->,135fdd10-b0a1-412e-b60c-f2d5367a62f0,java/lang/StringBuilder.java,toString
135fdd10-b0a1-412e-b60c-f2d5367a62f0,77129e79-adc9-43ab-8c15-14189779d3d4,e00f0f5f-afa9-40d1-a188-a4cb820d18b4,->,135fdd10-b0a1-412e-b60c-f2d5367a62f0,java/lang/Class.java,getDeclaredMethod
135fdd10-b0a1-412e-b60c-f2d5367a62f0,77129e79-adc9-43ab-8c15-14189779d3d4,e00f0f5f-afa9-40d1-a188-a4cb820d18b4,->,135fdd10-b0a1-412e-b60c-f2d5367a62f0,java/lang/Boolean.java,parseBoolean
135fdd10-b0a1-412e-b60c-f2d5367a62f0,77129e79-adc9-43ab-8c15-14189779d3d4,e00f0f5f-afa9-40d1-a188-a4cb820d18b4,->,135fdd10-b0a1-412e-b60c-f2d5367a62f0,java/lang/Boolean.java,valueOf
135fdd10-b0a1-412e-b60c-f2d5367a62f0,77129e79-adc9-43ab-8c15-14189779d3d4,e00f0f5f-afa9-40d1-a188-a4cb820d18b4,->,135fdd10-b0a1-412e-b60c-f2d5367a62f0,java/lang/reflect/Method.java,invoke
135fdd10-b0a1-412e-b60c-f2d5367a62f0,77129e79-adc9-43ab-8c15-14189779d3d4,e00f0f5f-afa9-40d1-a188-a4cb820d18b4,->,135fdd10-b0a1-412e-b60c-f2d5367a62f0,java/lang/StringBuilder.java,append
135fdd10-b0a1-412e-b60c-f2d5367a62f0,77129e79-adc9-43ab-8c15-14189779d3d4,e00f0f5f-afa9-40d1-a188-a4cb820d18b4,->,135fdd10-b0a1-412e-b60c-f2d5367a62f0,java/lang/StringBuilder.java,append
135fdd10-b0a1-412e-b60c-f2d5367a62f0,77129e79-adc9-43ab-8c15-14189779d3d4,e00f0f5f-afa9-40d1-a188-a4cb820d18b4,->,135fdd10-b0a1-412e-b60c-f2d5367a62f0,java/lang/StringBuilder.java,toString
135fdd10-b0a1-412e-b60c-f2d5367a62f0,77129e79-adc9-43ab-8c15-14189779d3d4,e00f0f5f-afa9-40d1-a188-a4cb820d18b4,->,135fdd10-b0a1-412e-b60c-f2d5367a62f0,java/lang/Class.java,getDeclaredMethod
135fdd10-b0a1-412e-b60c-f2d5367a62f0,77129e79-adc9-43ab-8c15-14189779d3d4,e00f0f5f-afa9-40d1-a188-a4cb820d18b4,->,135fdd10-b0a1-412e-b60c-f2d5367a62f0,java/lang/reflect/Method.java,invoke
135fdd10-b0a1-412e-b60c-f2d5367a62f0,77129e79-adc9-43ab-8c15-14189779d3d4,e00f0f5f-afa9-40d1-a188-a4cb820d18b4,->,135fdd10-b0a1-412e-b60c-f2d5367a62f0,java/lang/String.java,equalsIgnoreCase
135fdd10-b0a1-412e-b60c-f2d5367a62f0,77129e79-adc9-43ab-8c15-14189779d3d4,e00f0f5f-afa9-40d1-a188-a4cb820d18b4,->,135fdd10-b0a1-412e-b60c-f2d5367a62f0,77215210-19fe-4ef2-b0a6-081cd4330884,68b86a38-4be1-4dc1-b9f1-6dfc44a547c1
135fdd10-b0a1-412e-b60c-f2d5367a62f0,77129e79-adc9-43ab-8c15-14189779d3d4,e00f0f5f-afa9-40d1-a188-a4cb820d18b4,->,135fdd10-b0a1-412e-b60c-f2d5367a62f0,d0c69162-bd22-4a19-8796-3cde3a31e70c,903d0f35-feb4-4bdb-9fd0-278d259d773e
135fdd10-b0a1-412e-b60c-f2d5367a62f0,77129e79-adc9-43ab-8c15-14189779d3d4,e00f0f5f-afa9-40d1-a188-a4cb820d18b4,->,135fdd10-b0a1-412e-b60c-f2d5367a62f0,java/util/List.java,add
135fdd10-b0a1-412e-b60c-f2d5367a62f0,77129e79-adc9-43ab-8c15-14189779d3d4,e00f0f5f-afa9-40d1-a188-a4cb820d18b4,->,135fdd10-b0a1-412e-b60c-f2d5367a62f0,java/lang/Class.java,newInstance
135fdd10-b0a1-412e-b60c-f2d5367a62f0,77129e79-adc9-43ab-8c15-14189779d3d4,e00f0f5f-afa9-40d1-a188-a4cb820d18b4,->,135fdd10-b0a1-412e-b60c-f2d5367a62f0,java/lang/Class.java,newInstance
135fdd10-b0a1-412e-b60c-f2d5367a62f0,77129e79-adc9-43ab-8c15-14189779d3d4,e00f0f5f-afa9-40d1-a188-a4cb820d18b4,->,135fdd10-b0a1-412e-b60c-f2d5367a62f0,d0c69162-bd22-4a19-8796-3cde3a31e70c,1106e769-fad0-43c0-a9d7-0202b4b13207
135fdd10-b0a1-412e-b60c-f2d5367a62f0,77129e79-adc9-43ab-8c15-14189779d3d4,e00f0f5f-afa9-40d1-a188-a4cb820d18b4,->,135fdd10-b0a1-412e-b60c-f2d5367a62f0,java/lang/reflect/InvocationTargetException.java,printStackTrace
135fdd10-b0a1-412e-b60c-f2d5367a62f0,77129e79-adc9-43ab-8c15-14189779d3d4,e00f0f5f-afa9-40d1-a188-a4cb820d18b4,->,135fdd10-b0a1-412e-b60c-f2d5367a62f0,java/lang/NoSuchMethodException.java,printStackTrace
135fdd10-b0a1-412e-b60c-f2d5367a62f0,77129e79-adc9-43ab-8c15-14189779d3d4,e00f0f5f-afa9-40d1-a188-a4cb820d18b4,->,135fdd10-b0a1-412e-b60c-f2d5367a62f0,javax/xml/xpath/XPathExpressionException.java,printStackTrace
135fdd10-b0a1-412e-b60c-f2d5367a62f0,77129e79-adc9-43ab-8c15-14189779d3d4,e00f0f5f-afa9-40d1-a188-a4cb820d18b4,->,135fdd10-b0a1-412e-b60c-f2d5367a62f0,java/lang/IllegalAccessException.java,printStackTrace
135fdd10-b0a1-412e-b60c-f2d5367a62f0,77129e79-adc9-43ab-8c15-14189779d3d4,e00f0f5f-afa9-40d1-a188-a4cb820d18b4,->,135fdd10-b0a1-412e-b60c-f2d5367a62f0,java/lang/InstantiationException.java,printStackTrace
135fdd10-b0a1-412e-b60c-f2d5367a62f0,77129e79-adc9-43ab-8c15-14189779d3d4,e00f0f5f-afa9-40d1-a188-a4cb820d18b4,->,135fdd10-b0a1-412e-b60c-f2d5367a62f0,80cfa932-04b5-4acf-b50a-61d6a6746bfc,c9662eb0-79f9-42e5-b5e5-ca50a16173dc
135fdd10-b0a1-412e-b60c-f2d5367a62f0,77129e79-adc9-43ab-8c15-14189779d3d4,e00f0f5f-afa9-40d1-a188-a4cb820d18b4,->,135fdd10-b0a1-412e-b60c-f2d5367a62f0,java/lang/StringBuilder.java,append
135fdd10-b0a1-412e-b60c-f2d5367a62f0,77129e79-adc9-43ab-8c15-14189779d3d4,e00f0f5f-afa9-40d1-a188-a4cb820d18b4,->,135fdd10-b0a1-412e-b60c-f2d5367a62f0,java/util/List.java,size
135fdd10-b0a1-412e-b60c-f2d5367a62f0,77129e79-adc9-43ab-8c15-14189779d3d4,e00f0f5f-afa9-40d1-a188-a4cb820d18b4,->,135fdd10-b0a1-412e-b60c-f2d5367a62f0,java/lang/StringBuilder.java,append
135fdd10-b0a1-412e-b60c-f2d5367a62f0,77129e79-adc9-43ab-8c15-14189779d3d4,e00f0f5f-afa9-40d1-a188-a4cb820d18b4,->,135fdd10-b0a1-412e-b60c-f2d5367a62f0,java/lang/StringBuilder.java,append
135fdd10-b0a1-412e-b60c-f2d5367a62f0,77129e79-adc9-43ab-8c15-14189779d3d4,e00f0f5f-afa9-40d1-a188-a4cb820d18b4,->,135fdd10-b0a1-412e-b60c-f2d5367a62f0,java/lang/StringBuilder.java,toString
135fdd10-b0a1-412e-b60c-f2d5367a62f0,77129e79-adc9-43ab-8c15-14189779d3d4,e00f0f5f-afa9-40d1-a188-a4cb820d18b4,->,135fdd10-b0a1-412e-b60c-f2d5367a62f0,java/util/Map.java,put
