caller_project_id,caller_class_id,caller_method_id,CALL_DIRECTION,callee_project_id,callee_class_id,callee_method_id
2ba11457-166d-4789-8af9-7b761a3e68a6,8c02f07a-d876-4ab2-b078-4505d4b1603a,09f16635-dbc6-4c6c-b7b4-9bcb5600d421,->,2ba11457-166d-4789-8af9-7b761a3e68a6,java/lang/String.java,length
2ba11457-166d-4789-8af9-7b761a3e68a6,8c02f07a-d876-4ab2-b078-4505d4b1603a,09f16635-dbc6-4c6c-b7b4-9bcb5600d421,->,2ba11457-166d-4789-8af9-7b761a3e68a6,java/lang/String.java,charAt
2ba11457-166d-4789-8af9-7b761a3e68a6,8c02f07a-d876-4ab2-b078-4505d4b1603a,09f16635-dbc6-4c6c-b7b4-9bcb5600d421,->,2ba11457-166d-4789-8af9-7b761a3e68a6,java/lang/String.java,charAt
2ba11457-166d-4789-8af9-7b761a3e68a6,8c02f07a-d876-4ab2-b078-4505d4b1603a,09f16635-dbc6-4c6c-b7b4-9bcb5600d421,->,2ba11457-166d-4789-8af9-7b761a3e68a6,java/lang/String.java,charAt
2ba11457-166d-4789-8af9-7b761a3e68a6,8c02f07a-d876-4ab2-b078-4505d4b1603a,09f16635-dbc6-4c6c-b7b4-9bcb5600d421,->,2ba11457-166d-4789-8af9-7b761a3e68a6,java/lang/String.java,substring
2ba11457-166d-4789-8af9-7b761a3e68a6,8c02f07a-d876-4ab2-b078-4505d4b1603a,09f16635-dbc6-4c6c-b7b4-9bcb5600d421,->,2ba11457-166d-4789-8af9-7b761a3e68a6,java/lang/StringBuilder.java,append
2ba11457-166d-4789-8af9-7b761a3e68a6,8c02f07a-d876-4ab2-b078-4505d4b1603a,09f16635-dbc6-4c6c-b7b4-9bcb5600d421,->,2ba11457-166d-4789-8af9-7b761a3e68a6,java/lang/StringBuilder.java,append
2ba11457-166d-4789-8af9-7b761a3e68a6,8c02f07a-d876-4ab2-b078-4505d4b1603a,09f16635-dbc6-4c6c-b7b4-9bcb5600d421,->,2ba11457-166d-4789-8af9-7b761a3e68a6,java/lang/String.java,substring
2ba11457-166d-4789-8af9-7b761a3e68a6,8c02f07a-d876-4ab2-b078-4505d4b1603a,09f16635-dbc6-4c6c-b7b4-9bcb5600d421,->,2ba11457-166d-4789-8af9-7b761a3e68a6,java/lang/StringBuilder.java,append
2ba11457-166d-4789-8af9-7b761a3e68a6,8c02f07a-d876-4ab2-b078-4505d4b1603a,09f16635-dbc6-4c6c-b7b4-9bcb5600d421,->,2ba11457-166d-4789-8af9-7b761a3e68a6,java/lang/StringBuilder.java,append
2ba11457-166d-4789-8af9-7b761a3e68a6,8c02f07a-d876-4ab2-b078-4505d4b1603a,09f16635-dbc6-4c6c-b7b4-9bcb5600d421,->,2ba11457-166d-4789-8af9-7b761a3e68a6,java/lang/String.java,length
2ba11457-166d-4789-8af9-7b761a3e68a6,8c02f07a-d876-4ab2-b078-4505d4b1603a,09f16635-dbc6-4c6c-b7b4-9bcb5600d421,->,2ba11457-166d-4789-8af9-7b761a3e68a6,java/lang/String.java,substring
2ba11457-166d-4789-8af9-7b761a3e68a6,8c02f07a-d876-4ab2-b078-4505d4b1603a,09f16635-dbc6-4c6c-b7b4-9bcb5600d421,->,2ba11457-166d-4789-8af9-7b761a3e68a6,java/lang/StringBuilder.java,append
2ba11457-166d-4789-8af9-7b761a3e68a6,8c02f07a-d876-4ab2-b078-4505d4b1603a,09f16635-dbc6-4c6c-b7b4-9bcb5600d421,->,2ba11457-166d-4789-8af9-7b761a3e68a6,java/lang/StringBuilder.java,toString
2ba11457-166d-4789-8af9-7b761a3e68a6,8c02f07a-d876-4ab2-b078-4505d4b1603a,a9e22757-58f1-42c4-82ad-6b6c7303909b,->,2ba11457-166d-4789-8af9-7b761a3e68a6,java/lang/String.java,length
2ba11457-166d-4789-8af9-7b761a3e68a6,8c02f07a-d876-4ab2-b078-4505d4b1603a,a9e22757-58f1-42c4-82ad-6b6c7303909b,->,2ba11457-166d-4789-8af9-7b761a3e68a6,java/lang/String.java,charAt
2ba11457-166d-4789-8af9-7b761a3e68a6,8c02f07a-d876-4ab2-b078-4505d4b1603a,a9e22757-58f1-42c4-82ad-6b6c7303909b,->,2ba11457-166d-4789-8af9-7b761a3e68a6,java/lang/String.java,charAt
2ba11457-166d-4789-8af9-7b761a3e68a6,8c02f07a-d876-4ab2-b078-4505d4b1603a,a9e22757-58f1-42c4-82ad-6b6c7303909b,->,2ba11457-166d-4789-8af9-7b761a3e68a6,java/lang/String.java,charAt
2ba11457-166d-4789-8af9-7b761a3e68a6,8c02f07a-d876-4ab2-b078-4505d4b1603a,a9e22757-58f1-42c4-82ad-6b6c7303909b,->,2ba11457-166d-4789-8af9-7b761a3e68a6,java/lang/String.java,charAt
2ba11457-166d-4789-8af9-7b761a3e68a6,8c02f07a-d876-4ab2-b078-4505d4b1603a,a9e22757-58f1-42c4-82ad-6b6c7303909b,->,2ba11457-166d-4789-8af9-7b761a3e68a6,java/lang/String.java,charAt
2ba11457-166d-4789-8af9-7b761a3e68a6,8c02f07a-d876-4ab2-b078-4505d4b1603a,a9e22757-58f1-42c4-82ad-6b6c7303909b,->,2ba11457-166d-4789-8af9-7b761a3e68a6,java/lang/String.java,charAt
2ba11457-166d-4789-8af9-7b761a3e68a6,8c02f07a-d876-4ab2-b078-4505d4b1603a,a9e22757-58f1-42c4-82ad-6b6c7303909b,->,2ba11457-166d-4789-8af9-7b761a3e68a6,java/lang/String.java,charAt
2ba11457-166d-4789-8af9-7b761a3e68a6,8c02f07a-d876-4ab2-b078-4505d4b1603a,a9e22757-58f1-42c4-82ad-6b6c7303909b,->,2ba11457-166d-4789-8af9-7b761a3e68a6,java/lang/String.java,charAt
2ba11457-166d-4789-8af9-7b761a3e68a6,8c02f07a-d876-4ab2-b078-4505d4b1603a,a9e22757-58f1-42c4-82ad-6b6c7303909b,->,2ba11457-166d-4789-8af9-7b761a3e68a6,java/lang/String.java,charAt
2ba11457-166d-4789-8af9-7b761a3e68a6,8c02f07a-d876-4ab2-b078-4505d4b1603a,a9e22757-58f1-42c4-82ad-6b6c7303909b,->,2ba11457-166d-4789-8af9-7b761a3e68a6,java/lang/String.java,charAt
2ba11457-166d-4789-8af9-7b761a3e68a6,8c02f07a-d876-4ab2-b078-4505d4b1603a,a9e22757-58f1-42c4-82ad-6b6c7303909b,->,2ba11457-166d-4789-8af9-7b761a3e68a6,java/lang/String.java,charAt
2ba11457-166d-4789-8af9-7b761a3e68a6,8c02f07a-d876-4ab2-b078-4505d4b1603a,a9e22757-58f1-42c4-82ad-6b6c7303909b,->,2ba11457-166d-4789-8af9-7b761a3e68a6,java/lang/String.java,charAt
2ba11457-166d-4789-8af9-7b761a3e68a6,8c02f07a-d876-4ab2-b078-4505d4b1603a,a9e22757-58f1-42c4-82ad-6b6c7303909b,->,2ba11457-166d-4789-8af9-7b761a3e68a6,java/lang/String.java,charAt
2ba11457-166d-4789-8af9-7b761a3e68a6,8c02f07a-d876-4ab2-b078-4505d4b1603a,a9e22757-58f1-42c4-82ad-6b6c7303909b,->,2ba11457-166d-4789-8af9-7b761a3e68a6,java/lang/String.java,charAt
2ba11457-166d-4789-8af9-7b761a3e68a6,8c02f07a-d876-4ab2-b078-4505d4b1603a,a9e22757-58f1-42c4-82ad-6b6c7303909b,->,2ba11457-166d-4789-8af9-7b761a3e68a6,java/lang/String.java,charAt
2ba11457-166d-4789-8af9-7b761a3e68a6,8c02f07a-d876-4ab2-b078-4505d4b1603a,a9e22757-58f1-42c4-82ad-6b6c7303909b,->,2ba11457-166d-4789-8af9-7b761a3e68a6,java/lang/String.java,charAt
2ba11457-166d-4789-8af9-7b761a3e68a6,8c02f07a-d876-4ab2-b078-4505d4b1603a,a9e22757-58f1-42c4-82ad-6b6c7303909b,->,2ba11457-166d-4789-8af9-7b761a3e68a6,java/lang/String.java,charAt
2ba11457-166d-4789-8af9-7b761a3e68a6,8c02f07a-d876-4ab2-b078-4505d4b1603a,a9e22757-58f1-42c4-82ad-6b6c7303909b,->,2ba11457-166d-4789-8af9-7b761a3e68a6,java/lang/String.java,charAt
2ba11457-166d-4789-8af9-7b761a3e68a6,8c02f07a-d876-4ab2-b078-4505d4b1603a,a9e22757-58f1-42c4-82ad-6b6c7303909b,->,2ba11457-166d-4789-8af9-7b761a3e68a6,java/lang/String.java,charAt
2ba11457-166d-4789-8af9-7b761a3e68a6,8c02f07a-d876-4ab2-b078-4505d4b1603a,a9e22757-58f1-42c4-82ad-6b6c7303909b,->,2ba11457-166d-4789-8af9-7b761a3e68a6,java/lang/String.java,charAt
2ba11457-166d-4789-8af9-7b761a3e68a6,8c02f07a-d876-4ab2-b078-4505d4b1603a,a9e22757-58f1-42c4-82ad-6b6c7303909b,->,2ba11457-166d-4789-8af9-7b761a3e68a6,java/lang/String.java,charAt
2ba11457-166d-4789-8af9-7b761a3e68a6,8c02f07a-d876-4ab2-b078-4505d4b1603a,a9e22757-58f1-42c4-82ad-6b6c7303909b,->,2ba11457-166d-4789-8af9-7b761a3e68a6,java/lang/String.java,substring
2ba11457-166d-4789-8af9-7b761a3e68a6,8c02f07a-d876-4ab2-b078-4505d4b1603a,a9e22757-58f1-42c4-82ad-6b6c7303909b,->,2ba11457-166d-4789-8af9-7b761a3e68a6,java/lang/StringBuilder.java,append
2ba11457-166d-4789-8af9-7b761a3e68a6,8c02f07a-d876-4ab2-b078-4505d4b1603a,a9e22757-58f1-42c4-82ad-6b6c7303909b,->,2ba11457-166d-4789-8af9-7b761a3e68a6,java/lang/StringBuilder.java,append
2ba11457-166d-4789-8af9-7b761a3e68a6,8c02f07a-d876-4ab2-b078-4505d4b1603a,a9e22757-58f1-42c4-82ad-6b6c7303909b,->,2ba11457-166d-4789-8af9-7b761a3e68a6,java/lang/String.java,substring
2ba11457-166d-4789-8af9-7b761a3e68a6,8c02f07a-d876-4ab2-b078-4505d4b1603a,a9e22757-58f1-42c4-82ad-6b6c7303909b,->,2ba11457-166d-4789-8af9-7b761a3e68a6,java/lang/StringBuilder.java,append
2ba11457-166d-4789-8af9-7b761a3e68a6,8c02f07a-d876-4ab2-b078-4505d4b1603a,a9e22757-58f1-42c4-82ad-6b6c7303909b,->,2ba11457-166d-4789-8af9-7b761a3e68a6,java/lang/StringBuilder.java,append
2ba11457-166d-4789-8af9-7b761a3e68a6,8c02f07a-d876-4ab2-b078-4505d4b1603a,a9e22757-58f1-42c4-82ad-6b6c7303909b,->,2ba11457-166d-4789-8af9-7b761a3e68a6,java/lang/String.java,length
2ba11457-166d-4789-8af9-7b761a3e68a6,8c02f07a-d876-4ab2-b078-4505d4b1603a,a9e22757-58f1-42c4-82ad-6b6c7303909b,->,2ba11457-166d-4789-8af9-7b761a3e68a6,java/lang/String.java,substring
2ba11457-166d-4789-8af9-7b761a3e68a6,8c02f07a-d876-4ab2-b078-4505d4b1603a,a9e22757-58f1-42c4-82ad-6b6c7303909b,->,2ba11457-166d-4789-8af9-7b761a3e68a6,java/lang/StringBuilder.java,append
2ba11457-166d-4789-8af9-7b761a3e68a6,8c02f07a-d876-4ab2-b078-4505d4b1603a,a9e22757-58f1-42c4-82ad-6b6c7303909b,->,2ba11457-166d-4789-8af9-7b761a3e68a6,java/lang/StringBuilder.java,toString
2ba11457-166d-4789-8af9-7b761a3e68a6,8c02f07a-d876-4ab2-b078-4505d4b1603a,c5bded4f-8929-46a1-aae5-8b3421775754,->,2ba11457-166d-4789-8af9-7b761a3e68a6,java/lang/String.java,length
2ba11457-166d-4789-8af9-7b761a3e68a6,8c02f07a-d876-4ab2-b078-4505d4b1603a,c5bded4f-8929-46a1-aae5-8b3421775754,->,2ba11457-166d-4789-8af9-7b761a3e68a6,java/lang/String.java,charAt
2ba11457-166d-4789-8af9-7b761a3e68a6,8c02f07a-d876-4ab2-b078-4505d4b1603a,c5bded4f-8929-46a1-aae5-8b3421775754,->,2ba11457-166d-4789-8af9-7b761a3e68a6,java/lang/String.java,charAt
2ba11457-166d-4789-8af9-7b761a3e68a6,8c02f07a-d876-4ab2-b078-4505d4b1603a,c5bded4f-8929-46a1-aae5-8b3421775754,->,2ba11457-166d-4789-8af9-7b761a3e68a6,java/lang/String.java,substring
2ba11457-166d-4789-8af9-7b761a3e68a6,8c02f07a-d876-4ab2-b078-4505d4b1603a,c5bded4f-8929-46a1-aae5-8b3421775754,->,2ba11457-166d-4789-8af9-7b761a3e68a6,java/lang/StringBuilder.java,append
2ba11457-166d-4789-8af9-7b761a3e68a6,8c02f07a-d876-4ab2-b078-4505d4b1603a,c5bded4f-8929-46a1-aae5-8b3421775754,->,2ba11457-166d-4789-8af9-7b761a3e68a6,java/lang/StringBuilder.java,append
2ba11457-166d-4789-8af9-7b761a3e68a6,8c02f07a-d876-4ab2-b078-4505d4b1603a,c5bded4f-8929-46a1-aae5-8b3421775754,->,2ba11457-166d-4789-8af9-7b761a3e68a6,java/lang/String.java,substring
2ba11457-166d-4789-8af9-7b761a3e68a6,8c02f07a-d876-4ab2-b078-4505d4b1603a,c5bded4f-8929-46a1-aae5-8b3421775754,->,2ba11457-166d-4789-8af9-7b761a3e68a6,java/lang/StringBuilder.java,append
2ba11457-166d-4789-8af9-7b761a3e68a6,8c02f07a-d876-4ab2-b078-4505d4b1603a,c5bded4f-8929-46a1-aae5-8b3421775754,->,2ba11457-166d-4789-8af9-7b761a3e68a6,java/lang/StringBuilder.java,append
2ba11457-166d-4789-8af9-7b761a3e68a6,8c02f07a-d876-4ab2-b078-4505d4b1603a,c5bded4f-8929-46a1-aae5-8b3421775754,->,2ba11457-166d-4789-8af9-7b761a3e68a6,java/lang/String.java,length
2ba11457-166d-4789-8af9-7b761a3e68a6,8c02f07a-d876-4ab2-b078-4505d4b1603a,c5bded4f-8929-46a1-aae5-8b3421775754,->,2ba11457-166d-4789-8af9-7b761a3e68a6,java/lang/String.java,substring
2ba11457-166d-4789-8af9-7b761a3e68a6,8c02f07a-d876-4ab2-b078-4505d4b1603a,c5bded4f-8929-46a1-aae5-8b3421775754,->,2ba11457-166d-4789-8af9-7b761a3e68a6,java/lang/StringBuilder.java,append
2ba11457-166d-4789-8af9-7b761a3e68a6,8c02f07a-d876-4ab2-b078-4505d4b1603a,c5bded4f-8929-46a1-aae5-8b3421775754,->,2ba11457-166d-4789-8af9-7b761a3e68a6,java/lang/StringBuilder.java,toString
2ba11457-166d-4789-8af9-7b761a3e68a6,8c02f07a-d876-4ab2-b078-4505d4b1603a,c5bded4f-8929-46a1-aae5-8b3421775754,->,2ba11457-166d-4789-8af9-7b761a3e68a6,java/lang/String.java,substring
2ba11457-166d-4789-8af9-7b761a3e68a6,8c02f07a-d876-4ab2-b078-4505d4b1603a,c5bded4f-8929-46a1-aae5-8b3421775754,->,2ba11457-166d-4789-8af9-7b761a3e68a6,java/lang/StringBuilder.java,append
2ba11457-166d-4789-8af9-7b761a3e68a6,8c02f07a-d876-4ab2-b078-4505d4b1603a,c5bded4f-8929-46a1-aae5-8b3421775754,->,2ba11457-166d-4789-8af9-7b761a3e68a6,java/lang/StringBuilder.java,append
2ba11457-166d-4789-8af9-7b761a3e68a6,8c02f07a-d876-4ab2-b078-4505d4b1603a,c5bded4f-8929-46a1-aae5-8b3421775754,->,2ba11457-166d-4789-8af9-7b761a3e68a6,java/lang/String.java,substring
2ba11457-166d-4789-8af9-7b761a3e68a6,8c02f07a-d876-4ab2-b078-4505d4b1603a,c5bded4f-8929-46a1-aae5-8b3421775754,->,2ba11457-166d-4789-8af9-7b761a3e68a6,java/lang/StringBuilder.java,append
2ba11457-166d-4789-8af9-7b761a3e68a6,8c02f07a-d876-4ab2-b078-4505d4b1603a,c5bded4f-8929-46a1-aae5-8b3421775754,->,2ba11457-166d-4789-8af9-7b761a3e68a6,java/lang/StringBuilder.java,append
2ba11457-166d-4789-8af9-7b761a3e68a6,8c02f07a-d876-4ab2-b078-4505d4b1603a,c5bded4f-8929-46a1-aae5-8b3421775754,->,2ba11457-166d-4789-8af9-7b761a3e68a6,java/lang/String.java,length
2ba11457-166d-4789-8af9-7b761a3e68a6,8c02f07a-d876-4ab2-b078-4505d4b1603a,c5bded4f-8929-46a1-aae5-8b3421775754,->,2ba11457-166d-4789-8af9-7b761a3e68a6,java/lang/String.java,substring
2ba11457-166d-4789-8af9-7b761a3e68a6,8c02f07a-d876-4ab2-b078-4505d4b1603a,c5bded4f-8929-46a1-aae5-8b3421775754,->,2ba11457-166d-4789-8af9-7b761a3e68a6,java/lang/StringBuilder.java,append
2ba11457-166d-4789-8af9-7b761a3e68a6,8c02f07a-d876-4ab2-b078-4505d4b1603a,c5bded4f-8929-46a1-aae5-8b3421775754,->,2ba11457-166d-4789-8af9-7b761a3e68a6,java/lang/StringBuilder.java,toString
2ba11457-166d-4789-8af9-7b761a3e68a6,8c02f07a-d876-4ab2-b078-4505d4b1603a,c5bded4f-8929-46a1-aae5-8b3421775754,->,2ba11457-166d-4789-8af9-7b761a3e68a6,java/lang/String.java,substring
2ba11457-166d-4789-8af9-7b761a3e68a6,8c02f07a-d876-4ab2-b078-4505d4b1603a,c5bded4f-8929-46a1-aae5-8b3421775754,->,2ba11457-166d-4789-8af9-7b761a3e68a6,java/lang/StringBuilder.java,append
2ba11457-166d-4789-8af9-7b761a3e68a6,8c02f07a-d876-4ab2-b078-4505d4b1603a,c5bded4f-8929-46a1-aae5-8b3421775754,->,2ba11457-166d-4789-8af9-7b761a3e68a6,java/lang/StringBuilder.java,append
2ba11457-166d-4789-8af9-7b761a3e68a6,8c02f07a-d876-4ab2-b078-4505d4b1603a,c5bded4f-8929-46a1-aae5-8b3421775754,->,2ba11457-166d-4789-8af9-7b761a3e68a6,java/lang/String.java,substring
2ba11457-166d-4789-8af9-7b761a3e68a6,8c02f07a-d876-4ab2-b078-4505d4b1603a,c5bded4f-8929-46a1-aae5-8b3421775754,->,2ba11457-166d-4789-8af9-7b761a3e68a6,java/lang/StringBuilder.java,append
2ba11457-166d-4789-8af9-7b761a3e68a6,8c02f07a-d876-4ab2-b078-4505d4b1603a,c5bded4f-8929-46a1-aae5-8b3421775754,->,2ba11457-166d-4789-8af9-7b761a3e68a6,java/lang/StringBuilder.java,append
2ba11457-166d-4789-8af9-7b761a3e68a6,8c02f07a-d876-4ab2-b078-4505d4b1603a,c5bded4f-8929-46a1-aae5-8b3421775754,->,2ba11457-166d-4789-8af9-7b761a3e68a6,java/lang/String.java,length
2ba11457-166d-4789-8af9-7b761a3e68a6,8c02f07a-d876-4ab2-b078-4505d4b1603a,c5bded4f-8929-46a1-aae5-8b3421775754,->,2ba11457-166d-4789-8af9-7b761a3e68a6,java/lang/String.java,substring
2ba11457-166d-4789-8af9-7b761a3e68a6,8c02f07a-d876-4ab2-b078-4505d4b1603a,c5bded4f-8929-46a1-aae5-8b3421775754,->,2ba11457-166d-4789-8af9-7b761a3e68a6,java/lang/StringBuilder.java,append
2ba11457-166d-4789-8af9-7b761a3e68a6,8c02f07a-d876-4ab2-b078-4505d4b1603a,c5bded4f-8929-46a1-aae5-8b3421775754,->,2ba11457-166d-4789-8af9-7b761a3e68a6,java/lang/StringBuilder.java,toString
2ba11457-166d-4789-8af9-7b761a3e68a6,8c02f07a-d876-4ab2-b078-4505d4b1603a,3cdf8ff0-aa51-4ecb-9486-f742336a5758,->,2ba11457-166d-4789-8af9-7b761a3e68a6,java/lang/String.java,length
2ba11457-166d-4789-8af9-7b761a3e68a6,8c02f07a-d876-4ab2-b078-4505d4b1603a,3cdf8ff0-aa51-4ecb-9486-f742336a5758,->,2ba11457-166d-4789-8af9-7b761a3e68a6,java/lang/String.java,charAt
2ba11457-166d-4789-8af9-7b761a3e68a6,8c02f07a-d876-4ab2-b078-4505d4b1603a,c530e6de-d6cd-45c8-910e-a9e5588ac5fc,->,2ba11457-166d-4789-8af9-7b761a3e68a6,java/lang/String.java,length
2ba11457-166d-4789-8af9-7b761a3e68a6,8c02f07a-d876-4ab2-b078-4505d4b1603a,c530e6de-d6cd-45c8-910e-a9e5588ac5fc,->,2ba11457-166d-4789-8af9-7b761a3e68a6,java/lang/StringBuilder.java,append
2ba11457-166d-4789-8af9-7b761a3e68a6,8c02f07a-d876-4ab2-b078-4505d4b1603a,c530e6de-d6cd-45c8-910e-a9e5588ac5fc,->,2ba11457-166d-4789-8af9-7b761a3e68a6,java/lang/StringBuilder.java,append
2ba11457-166d-4789-8af9-7b761a3e68a6,8c02f07a-d876-4ab2-b078-4505d4b1603a,c530e6de-d6cd-45c8-910e-a9e5588ac5fc,->,2ba11457-166d-4789-8af9-7b761a3e68a6,java/lang/StringBuilder.java,toString
2ba11457-166d-4789-8af9-7b761a3e68a6,8c02f07a-d876-4ab2-b078-4505d4b1603a,c530e6de-d6cd-45c8-910e-a9e5588ac5fc,->,2ba11457-166d-4789-8af9-7b761a3e68a6,java/lang/String.java,charAt
2ba11457-166d-4789-8af9-7b761a3e68a6,8c02f07a-d876-4ab2-b078-4505d4b1603a,c530e6de-d6cd-45c8-910e-a9e5588ac5fc,->,2ba11457-166d-4789-8af9-7b761a3e68a6,java/lang/StringBuilder.java,append
2ba11457-166d-4789-8af9-7b761a3e68a6,8c02f07a-d876-4ab2-b078-4505d4b1603a,c530e6de-d6cd-45c8-910e-a9e5588ac5fc,->,2ba11457-166d-4789-8af9-7b761a3e68a6,java/lang/StringBuilder.java,append
2ba11457-166d-4789-8af9-7b761a3e68a6,8c02f07a-d876-4ab2-b078-4505d4b1603a,c530e6de-d6cd-45c8-910e-a9e5588ac5fc,->,2ba11457-166d-4789-8af9-7b761a3e68a6,java/lang/StringBuilder.java,toString
2ba11457-166d-4789-8af9-7b761a3e68a6,8c02f07a-d876-4ab2-b078-4505d4b1603a,c530e6de-d6cd-45c8-910e-a9e5588ac5fc,->,2ba11457-166d-4789-8af9-7b761a3e68a6,java/lang/StringBuilder.java,append
2ba11457-166d-4789-8af9-7b761a3e68a6,8c02f07a-d876-4ab2-b078-4505d4b1603a,c530e6de-d6cd-45c8-910e-a9e5588ac5fc,->,2ba11457-166d-4789-8af9-7b761a3e68a6,java/lang/StringBuilder.java,append
2ba11457-166d-4789-8af9-7b761a3e68a6,8c02f07a-d876-4ab2-b078-4505d4b1603a,c530e6de-d6cd-45c8-910e-a9e5588ac5fc,->,2ba11457-166d-4789-8af9-7b761a3e68a6,java/lang/StringBuilder.java,toString
2ba11457-166d-4789-8af9-7b761a3e68a6,8c02f07a-d876-4ab2-b078-4505d4b1603a,c530e6de-d6cd-45c8-910e-a9e5588ac5fc,->,2ba11457-166d-4789-8af9-7b761a3e68a6,java/lang/StringBuilder.java,append
2ba11457-166d-4789-8af9-7b761a3e68a6,8c02f07a-d876-4ab2-b078-4505d4b1603a,c530e6de-d6cd-45c8-910e-a9e5588ac5fc,->,2ba11457-166d-4789-8af9-7b761a3e68a6,java/lang/StringBuilder.java,append
2ba11457-166d-4789-8af9-7b761a3e68a6,8c02f07a-d876-4ab2-b078-4505d4b1603a,c530e6de-d6cd-45c8-910e-a9e5588ac5fc,->,2ba11457-166d-4789-8af9-7b761a3e68a6,java/lang/StringBuilder.java,toString
2ba11457-166d-4789-8af9-7b761a3e68a6,8c02f07a-d876-4ab2-b078-4505d4b1603a,c530e6de-d6cd-45c8-910e-a9e5588ac5fc,->,2ba11457-166d-4789-8af9-7b761a3e68a6,java/lang/StringBuilder.java,append
2ba11457-166d-4789-8af9-7b761a3e68a6,8c02f07a-d876-4ab2-b078-4505d4b1603a,c530e6de-d6cd-45c8-910e-a9e5588ac5fc,->,2ba11457-166d-4789-8af9-7b761a3e68a6,java/lang/StringBuilder.java,append
2ba11457-166d-4789-8af9-7b761a3e68a6,8c02f07a-d876-4ab2-b078-4505d4b1603a,c530e6de-d6cd-45c8-910e-a9e5588ac5fc,->,2ba11457-166d-4789-8af9-7b761a3e68a6,java/lang/StringBuilder.java,toString
2ba11457-166d-4789-8af9-7b761a3e68a6,8c02f07a-d876-4ab2-b078-4505d4b1603a,c530e6de-d6cd-45c8-910e-a9e5588ac5fc,->,2ba11457-166d-4789-8af9-7b761a3e68a6,java/lang/StringBuilder.java,append
2ba11457-166d-4789-8af9-7b761a3e68a6,8c02f07a-d876-4ab2-b078-4505d4b1603a,c530e6de-d6cd-45c8-910e-a9e5588ac5fc,->,2ba11457-166d-4789-8af9-7b761a3e68a6,java/lang/StringBuilder.java,append
2ba11457-166d-4789-8af9-7b761a3e68a6,8c02f07a-d876-4ab2-b078-4505d4b1603a,c530e6de-d6cd-45c8-910e-a9e5588ac5fc,->,2ba11457-166d-4789-8af9-7b761a3e68a6,java/lang/StringBuilder.java,toString
2ba11457-166d-4789-8af9-7b761a3e68a6,8c02f07a-d876-4ab2-b078-4505d4b1603a,c530e6de-d6cd-45c8-910e-a9e5588ac5fc,->,2ba11457-166d-4789-8af9-7b761a3e68a6,java/lang/StringBuilder.java,append
2ba11457-166d-4789-8af9-7b761a3e68a6,8c02f07a-d876-4ab2-b078-4505d4b1603a,c530e6de-d6cd-45c8-910e-a9e5588ac5fc,->,2ba11457-166d-4789-8af9-7b761a3e68a6,java/lang/StringBuilder.java,append
2ba11457-166d-4789-8af9-7b761a3e68a6,8c02f07a-d876-4ab2-b078-4505d4b1603a,c530e6de-d6cd-45c8-910e-a9e5588ac5fc,->,2ba11457-166d-4789-8af9-7b761a3e68a6,java/lang/StringBuilder.java,toString
2ba11457-166d-4789-8af9-7b761a3e68a6,8c02f07a-d876-4ab2-b078-4505d4b1603a,c530e6de-d6cd-45c8-910e-a9e5588ac5fc,->,2ba11457-166d-4789-8af9-7b761a3e68a6,java/lang/StringBuilder.java,append
2ba11457-166d-4789-8af9-7b761a3e68a6,8c02f07a-d876-4ab2-b078-4505d4b1603a,c530e6de-d6cd-45c8-910e-a9e5588ac5fc,->,2ba11457-166d-4789-8af9-7b761a3e68a6,java/lang/StringBuilder.java,append
2ba11457-166d-4789-8af9-7b761a3e68a6,8c02f07a-d876-4ab2-b078-4505d4b1603a,c530e6de-d6cd-45c8-910e-a9e5588ac5fc,->,2ba11457-166d-4789-8af9-7b761a3e68a6,java/lang/StringBuilder.java,toString
2ba11457-166d-4789-8af9-7b761a3e68a6,8c02f07a-d876-4ab2-b078-4505d4b1603a,c530e6de-d6cd-45c8-910e-a9e5588ac5fc,->,2ba11457-166d-4789-8af9-7b761a3e68a6,java/lang/StringBuilder.java,append
2ba11457-166d-4789-8af9-7b761a3e68a6,8c02f07a-d876-4ab2-b078-4505d4b1603a,c530e6de-d6cd-45c8-910e-a9e5588ac5fc,->,2ba11457-166d-4789-8af9-7b761a3e68a6,java/lang/StringBuilder.java,append
2ba11457-166d-4789-8af9-7b761a3e68a6,8c02f07a-d876-4ab2-b078-4505d4b1603a,c530e6de-d6cd-45c8-910e-a9e5588ac5fc,->,2ba11457-166d-4789-8af9-7b761a3e68a6,java/lang/StringBuilder.java,toString
2ba11457-166d-4789-8af9-7b761a3e68a6,8c02f07a-d876-4ab2-b078-4505d4b1603a,c530e6de-d6cd-45c8-910e-a9e5588ac5fc,->,2ba11457-166d-4789-8af9-7b761a3e68a6,java/lang/StringBuilder.java,append
2ba11457-166d-4789-8af9-7b761a3e68a6,8c02f07a-d876-4ab2-b078-4505d4b1603a,c530e6de-d6cd-45c8-910e-a9e5588ac5fc,->,2ba11457-166d-4789-8af9-7b761a3e68a6,java/lang/StringBuilder.java,append
2ba11457-166d-4789-8af9-7b761a3e68a6,8c02f07a-d876-4ab2-b078-4505d4b1603a,c530e6de-d6cd-45c8-910e-a9e5588ac5fc,->,2ba11457-166d-4789-8af9-7b761a3e68a6,java/lang/StringBuilder.java,toString
2ba11457-166d-4789-8af9-7b761a3e68a6,8c02f07a-d876-4ab2-b078-4505d4b1603a,67723cad-344b-43cd-a16b-dad5435b9333,->,2ba11457-166d-4789-8af9-7b761a3e68a6,java/lang/String.java,length
2ba11457-166d-4789-8af9-7b761a3e68a6,8c02f07a-d876-4ab2-b078-4505d4b1603a,67723cad-344b-43cd-a16b-dad5435b9333,->,2ba11457-166d-4789-8af9-7b761a3e68a6,java/lang/String.java,charAt
2ba11457-166d-4789-8af9-7b761a3e68a6,8c02f07a-d876-4ab2-b078-4505d4b1603a,67723cad-344b-43cd-a16b-dad5435b9333,->,2ba11457-166d-4789-8af9-7b761a3e68a6,java/lang/String.java,charAt
2ba11457-166d-4789-8af9-7b761a3e68a6,8c02f07a-d876-4ab2-b078-4505d4b1603a,67723cad-344b-43cd-a16b-dad5435b9333,->,2ba11457-166d-4789-8af9-7b761a3e68a6,java/lang/String.java,substring
2ba11457-166d-4789-8af9-7b761a3e68a6,8c02f07a-d876-4ab2-b078-4505d4b1603a,67723cad-344b-43cd-a16b-dad5435b9333,->,2ba11457-166d-4789-8af9-7b761a3e68a6,java/lang/StringBuilder.java,append
2ba11457-166d-4789-8af9-7b761a3e68a6,8c02f07a-d876-4ab2-b078-4505d4b1603a,67723cad-344b-43cd-a16b-dad5435b9333,->,2ba11457-166d-4789-8af9-7b761a3e68a6,java/lang/StringBuilder.java,append
2ba11457-166d-4789-8af9-7b761a3e68a6,8c02f07a-d876-4ab2-b078-4505d4b1603a,67723cad-344b-43cd-a16b-dad5435b9333,->,2ba11457-166d-4789-8af9-7b761a3e68a6,java/lang/String.java,substring
2ba11457-166d-4789-8af9-7b761a3e68a6,8c02f07a-d876-4ab2-b078-4505d4b1603a,67723cad-344b-43cd-a16b-dad5435b9333,->,2ba11457-166d-4789-8af9-7b761a3e68a6,java/lang/StringBuilder.java,append
2ba11457-166d-4789-8af9-7b761a3e68a6,8c02f07a-d876-4ab2-b078-4505d4b1603a,67723cad-344b-43cd-a16b-dad5435b9333,->,2ba11457-166d-4789-8af9-7b761a3e68a6,java/lang/StringBuilder.java,append
2ba11457-166d-4789-8af9-7b761a3e68a6,8c02f07a-d876-4ab2-b078-4505d4b1603a,67723cad-344b-43cd-a16b-dad5435b9333,->,2ba11457-166d-4789-8af9-7b761a3e68a6,java/lang/String.java,substring
2ba11457-166d-4789-8af9-7b761a3e68a6,8c02f07a-d876-4ab2-b078-4505d4b1603a,67723cad-344b-43cd-a16b-dad5435b9333,->,2ba11457-166d-4789-8af9-7b761a3e68a6,java/lang/StringBuilder.java,append
2ba11457-166d-4789-8af9-7b761a3e68a6,8c02f07a-d876-4ab2-b078-4505d4b1603a,67723cad-344b-43cd-a16b-dad5435b9333,->,2ba11457-166d-4789-8af9-7b761a3e68a6,java/lang/StringBuilder.java,append
2ba11457-166d-4789-8af9-7b761a3e68a6,8c02f07a-d876-4ab2-b078-4505d4b1603a,67723cad-344b-43cd-a16b-dad5435b9333,->,2ba11457-166d-4789-8af9-7b761a3e68a6,java/lang/String.java,length
2ba11457-166d-4789-8af9-7b761a3e68a6,8c02f07a-d876-4ab2-b078-4505d4b1603a,67723cad-344b-43cd-a16b-dad5435b9333,->,2ba11457-166d-4789-8af9-7b761a3e68a6,java/lang/String.java,substring
2ba11457-166d-4789-8af9-7b761a3e68a6,8c02f07a-d876-4ab2-b078-4505d4b1603a,67723cad-344b-43cd-a16b-dad5435b9333,->,2ba11457-166d-4789-8af9-7b761a3e68a6,java/lang/StringBuilder.java,append
2ba11457-166d-4789-8af9-7b761a3e68a6,8c02f07a-d876-4ab2-b078-4505d4b1603a,67723cad-344b-43cd-a16b-dad5435b9333,->,2ba11457-166d-4789-8af9-7b761a3e68a6,java/lang/StringBuilder.java,toString
2ba11457-166d-4789-8af9-7b761a3e68a6,8c02f07a-d876-4ab2-b078-4505d4b1603a,65b0854e-abc6-447b-8f1e-4766dc30d86b,->,2ba11457-166d-4789-8af9-7b761a3e68a6,java/lang/StringBuffer.java,reverse
2ba11457-166d-4789-8af9-7b761a3e68a6,8c02f07a-d876-4ab2-b078-4505d4b1603a,65b0854e-abc6-447b-8f1e-4766dc30d86b,->,2ba11457-166d-4789-8af9-7b761a3e68a6,java/lang/StringBuffer.java,toString
2ba11457-166d-4789-8af9-7b761a3e68a6,8c02f07a-d876-4ab2-b078-4505d4b1603a,65b0854e-abc6-447b-8f1e-4766dc30d86b,->,2ba11457-166d-4789-8af9-7b761a3e68a6,java/lang/String.java,replace
2ba11457-166d-4789-8af9-7b761a3e68a6,8c02f07a-d876-4ab2-b078-4505d4b1603a,65b0854e-abc6-447b-8f1e-4766dc30d86b,->,2ba11457-166d-4789-8af9-7b761a3e68a6,java/lang/String.java,replace
2ba11457-166d-4789-8af9-7b761a3e68a6,8c02f07a-d876-4ab2-b078-4505d4b1603a,65b0854e-abc6-447b-8f1e-4766dc30d86b,->,2ba11457-166d-4789-8af9-7b761a3e68a6,java/lang/String.java,replace
2ba11457-166d-4789-8af9-7b761a3e68a6,8c02f07a-d876-4ab2-b078-4505d4b1603a,65b0854e-abc6-447b-8f1e-4766dc30d86b,->,2ba11457-166d-4789-8af9-7b761a3e68a6,java/lang/String.java,replace
2ba11457-166d-4789-8af9-7b761a3e68a6,8c02f07a-d876-4ab2-b078-4505d4b1603a,65b0854e-abc6-447b-8f1e-4766dc30d86b,->,2ba11457-166d-4789-8af9-7b761a3e68a6,java/lang/String.java,replace
2ba11457-166d-4789-8af9-7b761a3e68a6,8c02f07a-d876-4ab2-b078-4505d4b1603a,65b0854e-abc6-447b-8f1e-4766dc30d86b,->,2ba11457-166d-4789-8af9-7b761a3e68a6,java/lang/String.java,replace
2ba11457-166d-4789-8af9-7b761a3e68a6,8c02f07a-d876-4ab2-b078-4505d4b1603a,65b0854e-abc6-447b-8f1e-4766dc30d86b,->,2ba11457-166d-4789-8af9-7b761a3e68a6,java/lang/String.java,replace
2ba11457-166d-4789-8af9-7b761a3e68a6,8c02f07a-d876-4ab2-b078-4505d4b1603a,65b0854e-abc6-447b-8f1e-4766dc30d86b,->,2ba11457-166d-4789-8af9-7b761a3e68a6,java/lang/String.java,replace
2ba11457-166d-4789-8af9-7b761a3e68a6,8c02f07a-d876-4ab2-b078-4505d4b1603a,65b0854e-abc6-447b-8f1e-4766dc30d86b,->,2ba11457-166d-4789-8af9-7b761a3e68a6,java/lang/String.java,replace
2ba11457-166d-4789-8af9-7b761a3e68a6,8c02f07a-d876-4ab2-b078-4505d4b1603a,65b0854e-abc6-447b-8f1e-4766dc30d86b,->,2ba11457-166d-4789-8af9-7b761a3e68a6,java/lang/String.java,replace
2ba11457-166d-4789-8af9-7b761a3e68a6,8c02f07a-d876-4ab2-b078-4505d4b1603a,65b0854e-abc6-447b-8f1e-4766dc30d86b,->,2ba11457-166d-4789-8af9-7b761a3e68a6,java/lang/String.java,replace
2ba11457-166d-4789-8af9-7b761a3e68a6,8c02f07a-d876-4ab2-b078-4505d4b1603a,65b0854e-abc6-447b-8f1e-4766dc30d86b,->,2ba11457-166d-4789-8af9-7b761a3e68a6,java/lang/String.java,replace
2ba11457-166d-4789-8af9-7b761a3e68a6,8c02f07a-d876-4ab2-b078-4505d4b1603a,45c6761c-f59e-4981-a3bd-122c7dc6c8b9,->,2ba11457-166d-4789-8af9-7b761a3e68a6,java/lang/String.java,indexOf
2ba11457-166d-4789-8af9-7b761a3e68a6,8c02f07a-d876-4ab2-b078-4505d4b1603a,5835e06c-d7d2-4b71-87c1-c48a593ebce8,->,2ba11457-166d-4789-8af9-7b761a3e68a6,java/lang/String.java,length
2ba11457-166d-4789-8af9-7b761a3e68a6,8c02f07a-d876-4ab2-b078-4505d4b1603a,5835e06c-d7d2-4b71-87c1-c48a593ebce8,->,2ba11457-166d-4789-8af9-7b761a3e68a6,java/lang/String.java,length
2ba11457-166d-4789-8af9-7b761a3e68a6,8c02f07a-d876-4ab2-b078-4505d4b1603a,5835e06c-d7d2-4b71-87c1-c48a593ebce8,->,2ba11457-166d-4789-8af9-7b761a3e68a6,java/lang/String.java,charAt
2ba11457-166d-4789-8af9-7b761a3e68a6,8c02f07a-d876-4ab2-b078-4505d4b1603a,5835e06c-d7d2-4b71-87c1-c48a593ebce8,->,2ba11457-166d-4789-8af9-7b761a3e68a6,java/lang/String.java,charAt
2ba11457-166d-4789-8af9-7b761a3e68a6,8c02f07a-d876-4ab2-b078-4505d4b1603a,5835e06c-d7d2-4b71-87c1-c48a593ebce8,->,2ba11457-166d-4789-8af9-7b761a3e68a6,java/lang/String.java,charAt
2ba11457-166d-4789-8af9-7b761a3e68a6,8c02f07a-d876-4ab2-b078-4505d4b1603a,5835e06c-d7d2-4b71-87c1-c48a593ebce8,->,2ba11457-166d-4789-8af9-7b761a3e68a6,java/lang/Character.java,toUpperCase
2ba11457-166d-4789-8af9-7b761a3e68a6,8c02f07a-d876-4ab2-b078-4505d4b1603a,5835e06c-d7d2-4b71-87c1-c48a593ebce8,->,2ba11457-166d-4789-8af9-7b761a3e68a6,java/lang/String.java,charAt
2ba11457-166d-4789-8af9-7b761a3e68a6,8c02f07a-d876-4ab2-b078-4505d4b1603a,5835e06c-d7d2-4b71-87c1-c48a593ebce8,->,2ba11457-166d-4789-8af9-7b761a3e68a6,java/lang/String.java,charAt
2ba11457-166d-4789-8af9-7b761a3e68a6,8c02f07a-d876-4ab2-b078-4505d4b1603a,5835e06c-d7d2-4b71-87c1-c48a593ebce8,->,2ba11457-166d-4789-8af9-7b761a3e68a6,java/lang/Character.java,toLowerCase
2ba11457-166d-4789-8af9-7b761a3e68a6,8c02f07a-d876-4ab2-b078-4505d4b1603a,5835e06c-d7d2-4b71-87c1-c48a593ebce8,->,2ba11457-166d-4789-8af9-7b761a3e68a6,java/lang/String.java,substring
2ba11457-166d-4789-8af9-7b761a3e68a6,8c02f07a-d876-4ab2-b078-4505d4b1603a,5835e06c-d7d2-4b71-87c1-c48a593ebce8,->,2ba11457-166d-4789-8af9-7b761a3e68a6,java/lang/StringBuilder.java,append
2ba11457-166d-4789-8af9-7b761a3e68a6,8c02f07a-d876-4ab2-b078-4505d4b1603a,5835e06c-d7d2-4b71-87c1-c48a593ebce8,->,2ba11457-166d-4789-8af9-7b761a3e68a6,java/lang/StringBuilder.java,append
2ba11457-166d-4789-8af9-7b761a3e68a6,8c02f07a-d876-4ab2-b078-4505d4b1603a,5835e06c-d7d2-4b71-87c1-c48a593ebce8,->,2ba11457-166d-4789-8af9-7b761a3e68a6,java/lang/String.java,substring
2ba11457-166d-4789-8af9-7b761a3e68a6,8c02f07a-d876-4ab2-b078-4505d4b1603a,5835e06c-d7d2-4b71-87c1-c48a593ebce8,->,2ba11457-166d-4789-8af9-7b761a3e68a6,java/lang/StringBuilder.java,append
2ba11457-166d-4789-8af9-7b761a3e68a6,8c02f07a-d876-4ab2-b078-4505d4b1603a,5835e06c-d7d2-4b71-87c1-c48a593ebce8,->,2ba11457-166d-4789-8af9-7b761a3e68a6,java/lang/StringBuilder.java,append
2ba11457-166d-4789-8af9-7b761a3e68a6,8c02f07a-d876-4ab2-b078-4505d4b1603a,5835e06c-d7d2-4b71-87c1-c48a593ebce8,->,2ba11457-166d-4789-8af9-7b761a3e68a6,java/lang/String.java,length
2ba11457-166d-4789-8af9-7b761a3e68a6,8c02f07a-d876-4ab2-b078-4505d4b1603a,5835e06c-d7d2-4b71-87c1-c48a593ebce8,->,2ba11457-166d-4789-8af9-7b761a3e68a6,java/lang/String.java,substring
2ba11457-166d-4789-8af9-7b761a3e68a6,8c02f07a-d876-4ab2-b078-4505d4b1603a,5835e06c-d7d2-4b71-87c1-c48a593ebce8,->,2ba11457-166d-4789-8af9-7b761a3e68a6,java/lang/StringBuilder.java,append
2ba11457-166d-4789-8af9-7b761a3e68a6,8c02f07a-d876-4ab2-b078-4505d4b1603a,5835e06c-d7d2-4b71-87c1-c48a593ebce8,->,2ba11457-166d-4789-8af9-7b761a3e68a6,java/lang/StringBuilder.java,toString
2ba11457-166d-4789-8af9-7b761a3e68a6,2c519485-a815-4f9a-a181-8ca5d65e7a04,2a73dc80-2fc8-40d3-9384-d5dd7479bf8e,->,2ba11457-166d-4789-8af9-7b761a3e68a6,java/awt/event/ActionEvent.java,getActionCommand
2ba11457-166d-4789-8af9-7b761a3e68a6,2c519485-a815-4f9a-a181-8ca5d65e7a04,2a73dc80-2fc8-40d3-9384-d5dd7479bf8e,->,2ba11457-166d-4789-8af9-7b761a3e68a6,java/lang/String.java,hashCode
2ba11457-166d-4789-8af9-7b761a3e68a6,2c519485-a815-4f9a-a181-8ca5d65e7a04,2a73dc80-2fc8-40d3-9384-d5dd7479bf8e,->,2ba11457-166d-4789-8af9-7b761a3e68a6,java/lang/String.java,equals
2ba11457-166d-4789-8af9-7b761a3e68a6,2c519485-a815-4f9a-a181-8ca5d65e7a04,2a73dc80-2fc8-40d3-9384-d5dd7479bf8e,->,2ba11457-166d-4789-8af9-7b761a3e68a6,java/lang/String.java,equals
2ba11457-166d-4789-8af9-7b761a3e68a6,2c519485-a815-4f9a-a181-8ca5d65e7a04,2a73dc80-2fc8-40d3-9384-d5dd7479bf8e,->,2ba11457-166d-4789-8af9-7b761a3e68a6,java/lang/String.java,equals
2ba11457-166d-4789-8af9-7b761a3e68a6,2c519485-a815-4f9a-a181-8ca5d65e7a04,2a73dc80-2fc8-40d3-9384-d5dd7479bf8e,->,2ba11457-166d-4789-8af9-7b761a3e68a6,java/lang/String.java,equals
2ba11457-166d-4789-8af9-7b761a3e68a6,2c519485-a815-4f9a-a181-8ca5d65e7a04,2a73dc80-2fc8-40d3-9384-d5dd7479bf8e,->,2ba11457-166d-4789-8af9-7b761a3e68a6,java/lang/String.java,equals
2ba11457-166d-4789-8af9-7b761a3e68a6,2c519485-a815-4f9a-a181-8ca5d65e7a04,2a73dc80-2fc8-40d3-9384-d5dd7479bf8e,->,2ba11457-166d-4789-8af9-7b761a3e68a6,java/lang/String.java,equals
2ba11457-166d-4789-8af9-7b761a3e68a6,2c519485-a815-4f9a-a181-8ca5d65e7a04,2a73dc80-2fc8-40d3-9384-d5dd7479bf8e,->,2ba11457-166d-4789-8af9-7b761a3e68a6,java/lang/String.java,equals
2ba11457-166d-4789-8af9-7b761a3e68a6,2c519485-a815-4f9a-a181-8ca5d65e7a04,2a73dc80-2fc8-40d3-9384-d5dd7479bf8e,->,2ba11457-166d-4789-8af9-7b761a3e68a6,java/lang/String.java,equals
2ba11457-166d-4789-8af9-7b761a3e68a6,2c519485-a815-4f9a-a181-8ca5d65e7a04,2a73dc80-2fc8-40d3-9384-d5dd7479bf8e,->,2ba11457-166d-4789-8af9-7b761a3e68a6,java/lang/String.java,equals
2ba11457-166d-4789-8af9-7b761a3e68a6,2c519485-a815-4f9a-a181-8ca5d65e7a04,2a73dc80-2fc8-40d3-9384-d5dd7479bf8e,->,2ba11457-166d-4789-8af9-7b761a3e68a6,java/lang/String.java,equals
2ba11457-166d-4789-8af9-7b761a3e68a6,2c519485-a815-4f9a-a181-8ca5d65e7a04,2a73dc80-2fc8-40d3-9384-d5dd7479bf8e,->,2ba11457-166d-4789-8af9-7b761a3e68a6,java/lang/String.java,equals
2ba11457-166d-4789-8af9-7b761a3e68a6,2c519485-a815-4f9a-a181-8ca5d65e7a04,2a73dc80-2fc8-40d3-9384-d5dd7479bf8e,->,2ba11457-166d-4789-8af9-7b761a3e68a6,java/lang/String.java,equals
2ba11457-166d-4789-8af9-7b761a3e68a6,2c519485-a815-4f9a-a181-8ca5d65e7a04,2a73dc80-2fc8-40d3-9384-d5dd7479bf8e,->,2ba11457-166d-4789-8af9-7b761a3e68a6,java/lang/String.java,equals
2ba11457-166d-4789-8af9-7b761a3e68a6,2c519485-a815-4f9a-a181-8ca5d65e7a04,2a73dc80-2fc8-40d3-9384-d5dd7479bf8e,->,2ba11457-166d-4789-8af9-7b761a3e68a6,java/lang/System.java,exit
2ba11457-166d-4789-8af9-7b761a3e68a6,2c519485-a815-4f9a-a181-8ca5d65e7a04,2a73dc80-2fc8-40d3-9384-d5dd7479bf8e,->,2ba11457-166d-4789-8af9-7b761a3e68a6,2c519485-a815-4f9a-a181-8ca5d65e7a04,6ff6eea9-29f9-4291-a722-476df71737bb
2ba11457-166d-4789-8af9-7b761a3e68a6,2c519485-a815-4f9a-a181-8ca5d65e7a04,2a73dc80-2fc8-40d3-9384-d5dd7479bf8e,->,2ba11457-166d-4789-8af9-7b761a3e68a6,2c519485-a815-4f9a-a181-8ca5d65e7a04,f3176642-7913-4e03-9e2b-150bf2aac636
2ba11457-166d-4789-8af9-7b761a3e68a6,2c519485-a815-4f9a-a181-8ca5d65e7a04,2a73dc80-2fc8-40d3-9384-d5dd7479bf8e,->,2ba11457-166d-4789-8af9-7b761a3e68a6,javax/swing/JFileChooser.java,addChoosableFileFilter
2ba11457-166d-4789-8af9-7b761a3e68a6,2c519485-a815-4f9a-a181-8ca5d65e7a04,2a73dc80-2fc8-40d3-9384-d5dd7479bf8e,->,2ba11457-166d-4789-8af9-7b761a3e68a6,javax/swing/JFileChooser.java,setAcceptAllFileFilterUsed
2ba11457-166d-4789-8af9-7b761a3e68a6,2c519485-a815-4f9a-a181-8ca5d65e7a04,2a73dc80-2fc8-40d3-9384-d5dd7479bf8e,->,2ba11457-166d-4789-8af9-7b761a3e68a6,javax/swing/JFileChooser.java,setVisible
2ba11457-166d-4789-8af9-7b761a3e68a6,2c519485-a815-4f9a-a181-8ca5d65e7a04,2a73dc80-2fc8-40d3-9384-d5dd7479bf8e,->,2ba11457-166d-4789-8af9-7b761a3e68a6,javax/swing/JFileChooser.java,setFileFilter
2ba11457-166d-4789-8af9-7b761a3e68a6,2c519485-a815-4f9a-a181-8ca5d65e7a04,2a73dc80-2fc8-40d3-9384-d5dd7479bf8e,->,2ba11457-166d-4789-8af9-7b761a3e68a6,javax/swing/JFileChooser.java,setCurrentDirectory
2ba11457-166d-4789-8af9-7b761a3e68a6,2c519485-a815-4f9a-a181-8ca5d65e7a04,2a73dc80-2fc8-40d3-9384-d5dd7479bf8e,->,2ba11457-166d-4789-8af9-7b761a3e68a6,javax/swing/JFileChooser.java,showOpenDialog
2ba11457-166d-4789-8af9-7b761a3e68a6,2c519485-a815-4f9a-a181-8ca5d65e7a04,2a73dc80-2fc8-40d3-9384-d5dd7479bf8e,->,2ba11457-166d-4789-8af9-7b761a3e68a6,javax/swing/JFileChooser.java,getSelectedFile
2ba11457-166d-4789-8af9-7b761a3e68a6,2c519485-a815-4f9a-a181-8ca5d65e7a04,2a73dc80-2fc8-40d3-9384-d5dd7479bf8e,->,2ba11457-166d-4789-8af9-7b761a3e68a6,java/util/Scanner.java,hasNextLine
2ba11457-166d-4789-8af9-7b761a3e68a6,2c519485-a815-4f9a-a181-8ca5d65e7a04,2a73dc80-2fc8-40d3-9384-d5dd7479bf8e,->,2ba11457-166d-4789-8af9-7b761a3e68a6,java/lang/StringBuilder.java,append
2ba11457-166d-4789-8af9-7b761a3e68a6,2c519485-a815-4f9a-a181-8ca5d65e7a04,2a73dc80-2fc8-40d3-9384-d5dd7479bf8e,->,2ba11457-166d-4789-8af9-7b761a3e68a6,java/util/Scanner.java,nextLine
2ba11457-166d-4789-8af9-7b761a3e68a6,2c519485-a815-4f9a-a181-8ca5d65e7a04,2a73dc80-2fc8-40d3-9384-d5dd7479bf8e,->,2ba11457-166d-4789-8af9-7b761a3e68a6,java/lang/StringBuilder.java,append
2ba11457-166d-4789-8af9-7b761a3e68a6,2c519485-a815-4f9a-a181-8ca5d65e7a04,2a73dc80-2fc8-40d3-9384-d5dd7479bf8e,->,2ba11457-166d-4789-8af9-7b761a3e68a6,java/lang/StringBuilder.java,toString
2ba11457-166d-4789-8af9-7b761a3e68a6,2c519485-a815-4f9a-a181-8ca5d65e7a04,2a73dc80-2fc8-40d3-9384-d5dd7479bf8e,->,2ba11457-166d-4789-8af9-7b761a3e68a6,java/util/Scanner.java,close
2ba11457-166d-4789-8af9-7b761a3e68a6,2c519485-a815-4f9a-a181-8ca5d65e7a04,2a73dc80-2fc8-40d3-9384-d5dd7479bf8e,->,2ba11457-166d-4789-8af9-7b761a3e68a6,2c519485-a815-4f9a-a181-8ca5d65e7a04,6ff6eea9-29f9-4291-a722-476df71737bb
2ba11457-166d-4789-8af9-7b761a3e68a6,2c519485-a815-4f9a-a181-8ca5d65e7a04,2a73dc80-2fc8-40d3-9384-d5dd7479bf8e,->,2ba11457-166d-4789-8af9-7b761a3e68a6,2c519485-a815-4f9a-a181-8ca5d65e7a04,f3176642-7913-4e03-9e2b-150bf2aac636
2ba11457-166d-4789-8af9-7b761a3e68a6,2c519485-a815-4f9a-a181-8ca5d65e7a04,2a73dc80-2fc8-40d3-9384-d5dd7479bf8e,->,2ba11457-166d-4789-8af9-7b761a3e68a6,javax/swing/JLabel.java,setText
2ba11457-166d-4789-8af9-7b761a3e68a6,2c519485-a815-4f9a-a181-8ca5d65e7a04,2a73dc80-2fc8-40d3-9384-d5dd7479bf8e,->,2ba11457-166d-4789-8af9-7b761a3e68a6,java/io/FileNotFoundException.java,printStackTrace
2ba11457-166d-4789-8af9-7b761a3e68a6,2c519485-a815-4f9a-a181-8ca5d65e7a04,2a73dc80-2fc8-40d3-9384-d5dd7479bf8e,->,2ba11457-166d-4789-8af9-7b761a3e68a6,javax/swing/JLabel.java,setText
2ba11457-166d-4789-8af9-7b761a3e68a6,2c519485-a815-4f9a-a181-8ca5d65e7a04,2a73dc80-2fc8-40d3-9384-d5dd7479bf8e,->,2ba11457-166d-4789-8af9-7b761a3e68a6,javax/swing/JLabel.java,setText
2ba11457-166d-4789-8af9-7b761a3e68a6,2c519485-a815-4f9a-a181-8ca5d65e7a04,2a73dc80-2fc8-40d3-9384-d5dd7479bf8e,->,2ba11457-166d-4789-8af9-7b761a3e68a6,java/lang/Exception.java,printStackTrace
2ba11457-166d-4789-8af9-7b761a3e68a6,2c519485-a815-4f9a-a181-8ca5d65e7a04,2a73dc80-2fc8-40d3-9384-d5dd7479bf8e,->,2ba11457-166d-4789-8af9-7b761a3e68a6,javax/swing/JLabel.java,setText
2ba11457-166d-4789-8af9-7b761a3e68a6,2c519485-a815-4f9a-a181-8ca5d65e7a04,2a73dc80-2fc8-40d3-9384-d5dd7479bf8e,->,2ba11457-166d-4789-8af9-7b761a3e68a6,2c519485-a815-4f9a-a181-8ca5d65e7a04,f3176642-7913-4e03-9e2b-150bf2aac636
2ba11457-166d-4789-8af9-7b761a3e68a6,2c519485-a815-4f9a-a181-8ca5d65e7a04,2a73dc80-2fc8-40d3-9384-d5dd7479bf8e,->,2ba11457-166d-4789-8af9-7b761a3e68a6,javax/swing/JToggleButton.java,isSelected
2ba11457-166d-4789-8af9-7b761a3e68a6,2c519485-a815-4f9a-a181-8ca5d65e7a04,2a73dc80-2fc8-40d3-9384-d5dd7479bf8e,->,2ba11457-166d-4789-8af9-7b761a3e68a6,javax/swing/JLabel.java,setText
2ba11457-166d-4789-8af9-7b761a3e68a6,2c519485-a815-4f9a-a181-8ca5d65e7a04,2a73dc80-2fc8-40d3-9384-d5dd7479bf8e,->,2ba11457-166d-4789-8af9-7b761a3e68a6,e375976a-aa09-4714-a6a3-423bfa7b92e3,c90797aa-74d7-44c4-99ca-06223e70b16a
2ba11457-166d-4789-8af9-7b761a3e68a6,2c519485-a815-4f9a-a181-8ca5d65e7a04,2a73dc80-2fc8-40d3-9384-d5dd7479bf8e,->,2ba11457-166d-4789-8af9-7b761a3e68a6,javax/swing/JLabel.java,setText
2ba11457-166d-4789-8af9-7b761a3e68a6,2c519485-a815-4f9a-a181-8ca5d65e7a04,2a73dc80-2fc8-40d3-9384-d5dd7479bf8e,->,2ba11457-166d-4789-8af9-7b761a3e68a6,java/lang/StringBuilder.java,append
2ba11457-166d-4789-8af9-7b761a3e68a6,2c519485-a815-4f9a-a181-8ca5d65e7a04,2a73dc80-2fc8-40d3-9384-d5dd7479bf8e,->,2ba11457-166d-4789-8af9-7b761a3e68a6,java/lang/StringBuilder.java,append
2ba11457-166d-4789-8af9-7b761a3e68a6,2c519485-a815-4f9a-a181-8ca5d65e7a04,2a73dc80-2fc8-40d3-9384-d5dd7479bf8e,->,2ba11457-166d-4789-8af9-7b761a3e68a6,java/lang/StringBuilder.java,append
2ba11457-166d-4789-8af9-7b761a3e68a6,2c519485-a815-4f9a-a181-8ca5d65e7a04,2a73dc80-2fc8-40d3-9384-d5dd7479bf8e,->,2ba11457-166d-4789-8af9-7b761a3e68a6,java/lang/StringBuilder.java,toString
2ba11457-166d-4789-8af9-7b761a3e68a6,2c519485-a815-4f9a-a181-8ca5d65e7a04,2a73dc80-2fc8-40d3-9384-d5dd7479bf8e,->,2ba11457-166d-4789-8af9-7b761a3e68a6,java/lang/StringBuilder.java,append
2ba11457-166d-4789-8af9-7b761a3e68a6,2c519485-a815-4f9a-a181-8ca5d65e7a04,2a73dc80-2fc8-40d3-9384-d5dd7479bf8e,->,2ba11457-166d-4789-8af9-7b761a3e68a6,java/lang/StringBuilder.java,append
2ba11457-166d-4789-8af9-7b761a3e68a6,2c519485-a815-4f9a-a181-8ca5d65e7a04,2a73dc80-2fc8-40d3-9384-d5dd7479bf8e,->,2ba11457-166d-4789-8af9-7b761a3e68a6,java/lang/StringBuilder.java,toString
2ba11457-166d-4789-8af9-7b761a3e68a6,2c519485-a815-4f9a-a181-8ca5d65e7a04,2a73dc80-2fc8-40d3-9384-d5dd7479bf8e,->,2ba11457-166d-4789-8af9-7b761a3e68a6,java/lang/StringBuilder.java,append
2ba11457-166d-4789-8af9-7b761a3e68a6,2c519485-a815-4f9a-a181-8ca5d65e7a04,2a73dc80-2fc8-40d3-9384-d5dd7479bf8e,->,2ba11457-166d-4789-8af9-7b761a3e68a6,java/lang/StringBuilder.java,append
2ba11457-166d-4789-8af9-7b761a3e68a6,2c519485-a815-4f9a-a181-8ca5d65e7a04,2a73dc80-2fc8-40d3-9384-d5dd7479bf8e,->,2ba11457-166d-4789-8af9-7b761a3e68a6,java/lang/StringBuilder.java,toString
2ba11457-166d-4789-8af9-7b761a3e68a6,2c519485-a815-4f9a-a181-8ca5d65e7a04,2a73dc80-2fc8-40d3-9384-d5dd7479bf8e,->,2ba11457-166d-4789-8af9-7b761a3e68a6,java/lang/StringBuilder.java,append
2ba11457-166d-4789-8af9-7b761a3e68a6,2c519485-a815-4f9a-a181-8ca5d65e7a04,2a73dc80-2fc8-40d3-9384-d5dd7479bf8e,->,2ba11457-166d-4789-8af9-7b761a3e68a6,java/lang/StringBuilder.java,append
2ba11457-166d-4789-8af9-7b761a3e68a6,2c519485-a815-4f9a-a181-8ca5d65e7a04,2a73dc80-2fc8-40d3-9384-d5dd7479bf8e,->,2ba11457-166d-4789-8af9-7b761a3e68a6,java/lang/StringBuilder.java,toString
2ba11457-166d-4789-8af9-7b761a3e68a6,2c519485-a815-4f9a-a181-8ca5d65e7a04,2a73dc80-2fc8-40d3-9384-d5dd7479bf8e,->,2ba11457-166d-4789-8af9-7b761a3e68a6,javax/swing/JLabel.java,setText
2ba11457-166d-4789-8af9-7b761a3e68a6,2c519485-a815-4f9a-a181-8ca5d65e7a04,2a73dc80-2fc8-40d3-9384-d5dd7479bf8e,->,2ba11457-166d-4789-8af9-7b761a3e68a6,javax/swing/JToggleButton.java,isSelected
2ba11457-166d-4789-8af9-7b761a3e68a6,2c519485-a815-4f9a-a181-8ca5d65e7a04,2a73dc80-2fc8-40d3-9384-d5dd7479bf8e,->,2ba11457-166d-4789-8af9-7b761a3e68a6,javax/swing/JLabel.java,setText
2ba11457-166d-4789-8af9-7b761a3e68a6,2c519485-a815-4f9a-a181-8ca5d65e7a04,2a73dc80-2fc8-40d3-9384-d5dd7479bf8e,->,2ba11457-166d-4789-8af9-7b761a3e68a6,e375976a-aa09-4714-a6a3-423bfa7b92e3,b6687c0a-fab3-426c-8953-755f42f57bb4
2ba11457-166d-4789-8af9-7b761a3e68a6,2c519485-a815-4f9a-a181-8ca5d65e7a04,2a73dc80-2fc8-40d3-9384-d5dd7479bf8e,->,2ba11457-166d-4789-8af9-7b761a3e68a6,javax/swing/JLabel.java,setText
2ba11457-166d-4789-8af9-7b761a3e68a6,2c519485-a815-4f9a-a181-8ca5d65e7a04,2a73dc80-2fc8-40d3-9384-d5dd7479bf8e,->,2ba11457-166d-4789-8af9-7b761a3e68a6,java/lang/StringBuilder.java,append
2ba11457-166d-4789-8af9-7b761a3e68a6,2c519485-a815-4f9a-a181-8ca5d65e7a04,2a73dc80-2fc8-40d3-9384-d5dd7479bf8e,->,2ba11457-166d-4789-8af9-7b761a3e68a6,java/lang/StringBuilder.java,append
2ba11457-166d-4789-8af9-7b761a3e68a6,2c519485-a815-4f9a-a181-8ca5d65e7a04,2a73dc80-2fc8-40d3-9384-d5dd7479bf8e,->,2ba11457-166d-4789-8af9-7b761a3e68a6,java/lang/StringBuilder.java,append
2ba11457-166d-4789-8af9-7b761a3e68a6,2c519485-a815-4f9a-a181-8ca5d65e7a04,2a73dc80-2fc8-40d3-9384-d5dd7479bf8e,->,2ba11457-166d-4789-8af9-7b761a3e68a6,java/lang/StringBuilder.java,toString
2ba11457-166d-4789-8af9-7b761a3e68a6,2c519485-a815-4f9a-a181-8ca5d65e7a04,2a73dc80-2fc8-40d3-9384-d5dd7479bf8e,->,2ba11457-166d-4789-8af9-7b761a3e68a6,java/lang/StringBuilder.java,append
2ba11457-166d-4789-8af9-7b761a3e68a6,2c519485-a815-4f9a-a181-8ca5d65e7a04,2a73dc80-2fc8-40d3-9384-d5dd7479bf8e,->,2ba11457-166d-4789-8af9-7b761a3e68a6,java/lang/StringBuilder.java,append
2ba11457-166d-4789-8af9-7b761a3e68a6,2c519485-a815-4f9a-a181-8ca5d65e7a04,2a73dc80-2fc8-40d3-9384-d5dd7479bf8e,->,2ba11457-166d-4789-8af9-7b761a3e68a6,java/lang/StringBuilder.java,toString
2ba11457-166d-4789-8af9-7b761a3e68a6,2c519485-a815-4f9a-a181-8ca5d65e7a04,2a73dc80-2fc8-40d3-9384-d5dd7479bf8e,->,2ba11457-166d-4789-8af9-7b761a3e68a6,java/lang/StringBuilder.java,append
2ba11457-166d-4789-8af9-7b761a3e68a6,2c519485-a815-4f9a-a181-8ca5d65e7a04,2a73dc80-2fc8-40d3-9384-d5dd7479bf8e,->,2ba11457-166d-4789-8af9-7b761a3e68a6,java/lang/StringBuilder.java,append
2ba11457-166d-4789-8af9-7b761a3e68a6,2c519485-a815-4f9a-a181-8ca5d65e7a04,2a73dc80-2fc8-40d3-9384-d5dd7479bf8e,->,2ba11457-166d-4789-8af9-7b761a3e68a6,java/lang/StringBuilder.java,toString
2ba11457-166d-4789-8af9-7b761a3e68a6,2c519485-a815-4f9a-a181-8ca5d65e7a04,2a73dc80-2fc8-40d3-9384-d5dd7479bf8e,->,2ba11457-166d-4789-8af9-7b761a3e68a6,java/lang/StringBuilder.java,append
2ba11457-166d-4789-8af9-7b761a3e68a6,2c519485-a815-4f9a-a181-8ca5d65e7a04,2a73dc80-2fc8-40d3-9384-d5dd7479bf8e,->,2ba11457-166d-4789-8af9-7b761a3e68a6,java/lang/StringBuilder.java,append
2ba11457-166d-4789-8af9-7b761a3e68a6,2c519485-a815-4f9a-a181-8ca5d65e7a04,2a73dc80-2fc8-40d3-9384-d5dd7479bf8e,->,2ba11457-166d-4789-8af9-7b761a3e68a6,java/lang/StringBuilder.java,toString
2ba11457-166d-4789-8af9-7b761a3e68a6,2c519485-a815-4f9a-a181-8ca5d65e7a04,2a73dc80-2fc8-40d3-9384-d5dd7479bf8e,->,2ba11457-166d-4789-8af9-7b761a3e68a6,javax/swing/JLabel.java,setText
2ba11457-166d-4789-8af9-7b761a3e68a6,2c519485-a815-4f9a-a181-8ca5d65e7a04,2a73dc80-2fc8-40d3-9384-d5dd7479bf8e,->,2ba11457-166d-4789-8af9-7b761a3e68a6,javax/swing/JToggleButton.java,isSelected
2ba11457-166d-4789-8af9-7b761a3e68a6,2c519485-a815-4f9a-a181-8ca5d65e7a04,2a73dc80-2fc8-40d3-9384-d5dd7479bf8e,->,2ba11457-166d-4789-8af9-7b761a3e68a6,javax/swing/JLabel.java,setText
2ba11457-166d-4789-8af9-7b761a3e68a6,2c519485-a815-4f9a-a181-8ca5d65e7a04,2a73dc80-2fc8-40d3-9384-d5dd7479bf8e,->,2ba11457-166d-4789-8af9-7b761a3e68a6,javax/swing/JTextField.java,getText
2ba11457-166d-4789-8af9-7b761a3e68a6,2c519485-a815-4f9a-a181-8ca5d65e7a04,2a73dc80-2fc8-40d3-9384-d5dd7479bf8e,->,2ba11457-166d-4789-8af9-7b761a3e68a6,java/lang/String.java,length
2ba11457-166d-4789-8af9-7b761a3e68a6,2c519485-a815-4f9a-a181-8ca5d65e7a04,2a73dc80-2fc8-40d3-9384-d5dd7479bf8e,->,2ba11457-166d-4789-8af9-7b761a3e68a6,e375976a-aa09-4714-a6a3-423bfa7b92e3,a0394c92-5c2c-4c7c-903b-9a2224cef2b2
2ba11457-166d-4789-8af9-7b761a3e68a6,2c519485-a815-4f9a-a181-8ca5d65e7a04,2a73dc80-2fc8-40d3-9384-d5dd7479bf8e,->,2ba11457-166d-4789-8af9-7b761a3e68a6,java/lang/StringBuilder.java,append
2ba11457-166d-4789-8af9-7b761a3e68a6,2c519485-a815-4f9a-a181-8ca5d65e7a04,2a73dc80-2fc8-40d3-9384-d5dd7479bf8e,->,2ba11457-166d-4789-8af9-7b761a3e68a6,javax/swing/JTextField.java,getText
2ba11457-166d-4789-8af9-7b761a3e68a6,2c519485-a815-4f9a-a181-8ca5d65e7a04,2a73dc80-2fc8-40d3-9384-d5dd7479bf8e,->,2ba11457-166d-4789-8af9-7b761a3e68a6,java/lang/String.java,toUpperCase
2ba11457-166d-4789-8af9-7b761a3e68a6,2c519485-a815-4f9a-a181-8ca5d65e7a04,2a73dc80-2fc8-40d3-9384-d5dd7479bf8e,->,2ba11457-166d-4789-8af9-7b761a3e68a6,java/lang/StringBuilder.java,append
2ba11457-166d-4789-8af9-7b761a3e68a6,2c519485-a815-4f9a-a181-8ca5d65e7a04,2a73dc80-2fc8-40d3-9384-d5dd7479bf8e,->,2ba11457-166d-4789-8af9-7b761a3e68a6,java/lang/StringBuilder.java,append
2ba11457-166d-4789-8af9-7b761a3e68a6,2c519485-a815-4f9a-a181-8ca5d65e7a04,2a73dc80-2fc8-40d3-9384-d5dd7479bf8e,->,2ba11457-166d-4789-8af9-7b761a3e68a6,java/lang/StringBuilder.java,append
2ba11457-166d-4789-8af9-7b761a3e68a6,2c519485-a815-4f9a-a181-8ca5d65e7a04,2a73dc80-2fc8-40d3-9384-d5dd7479bf8e,->,2ba11457-166d-4789-8af9-7b761a3e68a6,java/lang/StringBuilder.java,append
2ba11457-166d-4789-8af9-7b761a3e68a6,2c519485-a815-4f9a-a181-8ca5d65e7a04,2a73dc80-2fc8-40d3-9384-d5dd7479bf8e,->,2ba11457-166d-4789-8af9-7b761a3e68a6,java/lang/StringBuilder.java,toString
2ba11457-166d-4789-8af9-7b761a3e68a6,2c519485-a815-4f9a-a181-8ca5d65e7a04,2a73dc80-2fc8-40d3-9384-d5dd7479bf8e,->,2ba11457-166d-4789-8af9-7b761a3e68a6,javax/swing/JTextField.java,getText
2ba11457-166d-4789-8af9-7b761a3e68a6,2c519485-a815-4f9a-a181-8ca5d65e7a04,2a73dc80-2fc8-40d3-9384-d5dd7479bf8e,->,2ba11457-166d-4789-8af9-7b761a3e68a6,java/lang/String.java,length
2ba11457-166d-4789-8af9-7b761a3e68a6,2c519485-a815-4f9a-a181-8ca5d65e7a04,2a73dc80-2fc8-40d3-9384-d5dd7479bf8e,->,2ba11457-166d-4789-8af9-7b761a3e68a6,java/lang/String.java,substring
2ba11457-166d-4789-8af9-7b761a3e68a6,2c519485-a815-4f9a-a181-8ca5d65e7a04,2a73dc80-2fc8-40d3-9384-d5dd7479bf8e,->,2ba11457-166d-4789-8af9-7b761a3e68a6,java/lang/StringBuilder.java,append
2ba11457-166d-4789-8af9-7b761a3e68a6,2c519485-a815-4f9a-a181-8ca5d65e7a04,2a73dc80-2fc8-40d3-9384-d5dd7479bf8e,->,2ba11457-166d-4789-8af9-7b761a3e68a6,java/lang/StringBuilder.java,append
2ba11457-166d-4789-8af9-7b761a3e68a6,2c519485-a815-4f9a-a181-8ca5d65e7a04,2a73dc80-2fc8-40d3-9384-d5dd7479bf8e,->,2ba11457-166d-4789-8af9-7b761a3e68a6,java/lang/String.java,substring
2ba11457-166d-4789-8af9-7b761a3e68a6,2c519485-a815-4f9a-a181-8ca5d65e7a04,2a73dc80-2fc8-40d3-9384-d5dd7479bf8e,->,2ba11457-166d-4789-8af9-7b761a3e68a6,java/lang/StringBuilder.java,append
2ba11457-166d-4789-8af9-7b761a3e68a6,2c519485-a815-4f9a-a181-8ca5d65e7a04,2a73dc80-2fc8-40d3-9384-d5dd7479bf8e,->,2ba11457-166d-4789-8af9-7b761a3e68a6,java/lang/StringBuilder.java,append
2ba11457-166d-4789-8af9-7b761a3e68a6,2c519485-a815-4f9a-a181-8ca5d65e7a04,2a73dc80-2fc8-40d3-9384-d5dd7479bf8e,->,2ba11457-166d-4789-8af9-7b761a3e68a6,java/lang/String.java,length
2ba11457-166d-4789-8af9-7b761a3e68a6,2c519485-a815-4f9a-a181-8ca5d65e7a04,2a73dc80-2fc8-40d3-9384-d5dd7479bf8e,->,2ba11457-166d-4789-8af9-7b761a3e68a6,java/lang/String.java,substring
2ba11457-166d-4789-8af9-7b761a3e68a6,2c519485-a815-4f9a-a181-8ca5d65e7a04,2a73dc80-2fc8-40d3-9384-d5dd7479bf8e,->,2ba11457-166d-4789-8af9-7b761a3e68a6,java/lang/StringBuilder.java,append
2ba11457-166d-4789-8af9-7b761a3e68a6,2c519485-a815-4f9a-a181-8ca5d65e7a04,2a73dc80-2fc8-40d3-9384-d5dd7479bf8e,->,2ba11457-166d-4789-8af9-7b761a3e68a6,java/lang/StringBuilder.java,toString
2ba11457-166d-4789-8af9-7b761a3e68a6,2c519485-a815-4f9a-a181-8ca5d65e7a04,2a73dc80-2fc8-40d3-9384-d5dd7479bf8e,->,2ba11457-166d-4789-8af9-7b761a3e68a6,javax/swing/JLabel.java,setText
2ba11457-166d-4789-8af9-7b761a3e68a6,2c519485-a815-4f9a-a181-8ca5d65e7a04,2a73dc80-2fc8-40d3-9384-d5dd7479bf8e,->,2ba11457-166d-4789-8af9-7b761a3e68a6,java/lang/StringBuilder.java,append
2ba11457-166d-4789-8af9-7b761a3e68a6,2c519485-a815-4f9a-a181-8ca5d65e7a04,2a73dc80-2fc8-40d3-9384-d5dd7479bf8e,->,2ba11457-166d-4789-8af9-7b761a3e68a6,java/lang/String.java,toUpperCase
2ba11457-166d-4789-8af9-7b761a3e68a6,2c519485-a815-4f9a-a181-8ca5d65e7a04,2a73dc80-2fc8-40d3-9384-d5dd7479bf8e,->,2ba11457-166d-4789-8af9-7b761a3e68a6,java/lang/StringBuilder.java,append
2ba11457-166d-4789-8af9-7b761a3e68a6,2c519485-a815-4f9a-a181-8ca5d65e7a04,2a73dc80-2fc8-40d3-9384-d5dd7479bf8e,->,2ba11457-166d-4789-8af9-7b761a3e68a6,java/lang/StringBuilder.java,append
2ba11457-166d-4789-8af9-7b761a3e68a6,2c519485-a815-4f9a-a181-8ca5d65e7a04,2a73dc80-2fc8-40d3-9384-d5dd7479bf8e,->,2ba11457-166d-4789-8af9-7b761a3e68a6,java/lang/StringBuilder.java,toString
2ba11457-166d-4789-8af9-7b761a3e68a6,2c519485-a815-4f9a-a181-8ca5d65e7a04,2a73dc80-2fc8-40d3-9384-d5dd7479bf8e,->,2ba11457-166d-4789-8af9-7b761a3e68a6,javax/swing/JLabel.java,setText
2ba11457-166d-4789-8af9-7b761a3e68a6,2c519485-a815-4f9a-a181-8ca5d65e7a04,2a73dc80-2fc8-40d3-9384-d5dd7479bf8e,->,2ba11457-166d-4789-8af9-7b761a3e68a6,javax/swing/JToggleButton.java,isSelected
2ba11457-166d-4789-8af9-7b761a3e68a6,2c519485-a815-4f9a-a181-8ca5d65e7a04,2a73dc80-2fc8-40d3-9384-d5dd7479bf8e,->,2ba11457-166d-4789-8af9-7b761a3e68a6,javax/swing/JLabel.java,setText
2ba11457-166d-4789-8af9-7b761a3e68a6,2c519485-a815-4f9a-a181-8ca5d65e7a04,2a73dc80-2fc8-40d3-9384-d5dd7479bf8e,->,2ba11457-166d-4789-8af9-7b761a3e68a6,e375976a-aa09-4714-a6a3-423bfa7b92e3,6fc8154e-c1b2-4f7c-b676-553998fc4260
2ba11457-166d-4789-8af9-7b761a3e68a6,2c519485-a815-4f9a-a181-8ca5d65e7a04,2a73dc80-2fc8-40d3-9384-d5dd7479bf8e,->,2ba11457-166d-4789-8af9-7b761a3e68a6,javax/swing/JLabel.java,setText
2ba11457-166d-4789-8af9-7b761a3e68a6,2c519485-a815-4f9a-a181-8ca5d65e7a04,2a73dc80-2fc8-40d3-9384-d5dd7479bf8e,->,2ba11457-166d-4789-8af9-7b761a3e68a6,java/lang/StringBuilder.java,append
2ba11457-166d-4789-8af9-7b761a3e68a6,2c519485-a815-4f9a-a181-8ca5d65e7a04,2a73dc80-2fc8-40d3-9384-d5dd7479bf8e,->,2ba11457-166d-4789-8af9-7b761a3e68a6,java/lang/StringBuilder.java,append
2ba11457-166d-4789-8af9-7b761a3e68a6,2c519485-a815-4f9a-a181-8ca5d65e7a04,2a73dc80-2fc8-40d3-9384-d5dd7479bf8e,->,2ba11457-166d-4789-8af9-7b761a3e68a6,java/lang/StringBuilder.java,append
2ba11457-166d-4789-8af9-7b761a3e68a6,2c519485-a815-4f9a-a181-8ca5d65e7a04,2a73dc80-2fc8-40d3-9384-d5dd7479bf8e,->,2ba11457-166d-4789-8af9-7b761a3e68a6,java/lang/StringBuilder.java,append
2ba11457-166d-4789-8af9-7b761a3e68a6,2c519485-a815-4f9a-a181-8ca5d65e7a04,2a73dc80-2fc8-40d3-9384-d5dd7479bf8e,->,2ba11457-166d-4789-8af9-7b761a3e68a6,java/lang/StringBuilder.java,append
2ba11457-166d-4789-8af9-7b761a3e68a6,2c519485-a815-4f9a-a181-8ca5d65e7a04,2a73dc80-2fc8-40d3-9384-d5dd7479bf8e,->,2ba11457-166d-4789-8af9-7b761a3e68a6,java/lang/StringBuilder.java,append
2ba11457-166d-4789-8af9-7b761a3e68a6,2c519485-a815-4f9a-a181-8ca5d65e7a04,2a73dc80-2fc8-40d3-9384-d5dd7479bf8e,->,2ba11457-166d-4789-8af9-7b761a3e68a6,java/lang/StringBuilder.java,append
2ba11457-166d-4789-8af9-7b761a3e68a6,2c519485-a815-4f9a-a181-8ca5d65e7a04,2a73dc80-2fc8-40d3-9384-d5dd7479bf8e,->,2ba11457-166d-4789-8af9-7b761a3e68a6,java/lang/StringBuilder.java,append
2ba11457-166d-4789-8af9-7b761a3e68a6,2c519485-a815-4f9a-a181-8ca5d65e7a04,2a73dc80-2fc8-40d3-9384-d5dd7479bf8e,->,2ba11457-166d-4789-8af9-7b761a3e68a6,java/lang/StringBuilder.java,append
2ba11457-166d-4789-8af9-7b761a3e68a6,2c519485-a815-4f9a-a181-8ca5d65e7a04,2a73dc80-2fc8-40d3-9384-d5dd7479bf8e,->,2ba11457-166d-4789-8af9-7b761a3e68a6,java/lang/StringBuilder.java,append
2ba11457-166d-4789-8af9-7b761a3e68a6,2c519485-a815-4f9a-a181-8ca5d65e7a04,2a73dc80-2fc8-40d3-9384-d5dd7479bf8e,->,2ba11457-166d-4789-8af9-7b761a3e68a6,java/lang/StringBuilder.java,append
2ba11457-166d-4789-8af9-7b761a3e68a6,2c519485-a815-4f9a-a181-8ca5d65e7a04,2a73dc80-2fc8-40d3-9384-d5dd7479bf8e,->,2ba11457-166d-4789-8af9-7b761a3e68a6,java/lang/StringBuilder.java,append
2ba11457-166d-4789-8af9-7b761a3e68a6,2c519485-a815-4f9a-a181-8ca5d65e7a04,2a73dc80-2fc8-40d3-9384-d5dd7479bf8e,->,2ba11457-166d-4789-8af9-7b761a3e68a6,java/lang/StringBuilder.java,toString
2ba11457-166d-4789-8af9-7b761a3e68a6,2c519485-a815-4f9a-a181-8ca5d65e7a04,2a73dc80-2fc8-40d3-9384-d5dd7479bf8e,->,2ba11457-166d-4789-8af9-7b761a3e68a6,javax/swing/JLabel.java,setText
2ba11457-166d-4789-8af9-7b761a3e68a6,2c519485-a815-4f9a-a181-8ca5d65e7a04,2a73dc80-2fc8-40d3-9384-d5dd7479bf8e,->,2ba11457-166d-4789-8af9-7b761a3e68a6,javax/swing/JToggleButton.java,isSelected
2ba11457-166d-4789-8af9-7b761a3e68a6,2c519485-a815-4f9a-a181-8ca5d65e7a04,2a73dc80-2fc8-40d3-9384-d5dd7479bf8e,->,2ba11457-166d-4789-8af9-7b761a3e68a6,javax/swing/JScrollPane.java,setVisible
2ba11457-166d-4789-8af9-7b761a3e68a6,2c519485-a815-4f9a-a181-8ca5d65e7a04,2a73dc80-2fc8-40d3-9384-d5dd7479bf8e,->,2ba11457-166d-4789-8af9-7b761a3e68a6,javax/swing/JButton.java,setVisible
2ba11457-166d-4789-8af9-7b761a3e68a6,2c519485-a815-4f9a-a181-8ca5d65e7a04,2a73dc80-2fc8-40d3-9384-d5dd7479bf8e,->,2ba11457-166d-4789-8af9-7b761a3e68a6,e375976a-aa09-4714-a6a3-423bfa7b92e3,8564feb6-f634-451d-b11b-47a5210edc82
2ba11457-166d-4789-8af9-7b761a3e68a6,2c519485-a815-4f9a-a181-8ca5d65e7a04,2a73dc80-2fc8-40d3-9384-d5dd7479bf8e,->,2ba11457-166d-4789-8af9-7b761a3e68a6,javax/swing/JScrollPane.java,setVisible
2ba11457-166d-4789-8af9-7b761a3e68a6,2c519485-a815-4f9a-a181-8ca5d65e7a04,2a73dc80-2fc8-40d3-9384-d5dd7479bf8e,->,2ba11457-166d-4789-8af9-7b761a3e68a6,javax/swing/JButton.java,setVisible
2ba11457-166d-4789-8af9-7b761a3e68a6,2c519485-a815-4f9a-a181-8ca5d65e7a04,2a73dc80-2fc8-40d3-9384-d5dd7479bf8e,->,2ba11457-166d-4789-8af9-7b761a3e68a6,javax/swing/JLabel.java,setText
2ba11457-166d-4789-8af9-7b761a3e68a6,2c519485-a815-4f9a-a181-8ca5d65e7a04,2a73dc80-2fc8-40d3-9384-d5dd7479bf8e,->,2ba11457-166d-4789-8af9-7b761a3e68a6,javax/swing/JToggleButton.java,isSelected
2ba11457-166d-4789-8af9-7b761a3e68a6,2c519485-a815-4f9a-a181-8ca5d65e7a04,2a73dc80-2fc8-40d3-9384-d5dd7479bf8e,->,2ba11457-166d-4789-8af9-7b761a3e68a6,e375976a-aa09-4714-a6a3-423bfa7b92e3,10f79fbd-bf58-4b87-9246-312513d43fbd
2ba11457-166d-4789-8af9-7b761a3e68a6,2c519485-a815-4f9a-a181-8ca5d65e7a04,2a73dc80-2fc8-40d3-9384-d5dd7479bf8e,->,2ba11457-166d-4789-8af9-7b761a3e68a6,java/lang/StringBuilder.java,append
2ba11457-166d-4789-8af9-7b761a3e68a6,2c519485-a815-4f9a-a181-8ca5d65e7a04,2a73dc80-2fc8-40d3-9384-d5dd7479bf8e,->,2ba11457-166d-4789-8af9-7b761a3e68a6,java/lang/StringBuilder.java,append
2ba11457-166d-4789-8af9-7b761a3e68a6,2c519485-a815-4f9a-a181-8ca5d65e7a04,2a73dc80-2fc8-40d3-9384-d5dd7479bf8e,->,2ba11457-166d-4789-8af9-7b761a3e68a6,java/lang/StringBuilder.java,append
2ba11457-166d-4789-8af9-7b761a3e68a6,2c519485-a815-4f9a-a181-8ca5d65e7a04,2a73dc80-2fc8-40d3-9384-d5dd7479bf8e,->,2ba11457-166d-4789-8af9-7b761a3e68a6,java/lang/StringBuilder.java,append
2ba11457-166d-4789-8af9-7b761a3e68a6,2c519485-a815-4f9a-a181-8ca5d65e7a04,2a73dc80-2fc8-40d3-9384-d5dd7479bf8e,->,2ba11457-166d-4789-8af9-7b761a3e68a6,java/lang/StringBuilder.java,append
2ba11457-166d-4789-8af9-7b761a3e68a6,2c519485-a815-4f9a-a181-8ca5d65e7a04,2a73dc80-2fc8-40d3-9384-d5dd7479bf8e,->,2ba11457-166d-4789-8af9-7b761a3e68a6,java/lang/StringBuilder.java,append
2ba11457-166d-4789-8af9-7b761a3e68a6,2c519485-a815-4f9a-a181-8ca5d65e7a04,2a73dc80-2fc8-40d3-9384-d5dd7479bf8e,->,2ba11457-166d-4789-8af9-7b761a3e68a6,java/lang/StringBuilder.java,toString
2ba11457-166d-4789-8af9-7b761a3e68a6,2c519485-a815-4f9a-a181-8ca5d65e7a04,2a73dc80-2fc8-40d3-9384-d5dd7479bf8e,->,2ba11457-166d-4789-8af9-7b761a3e68a6,java/lang/StringBuilder.java,append
2ba11457-166d-4789-8af9-7b761a3e68a6,2c519485-a815-4f9a-a181-8ca5d65e7a04,2a73dc80-2fc8-40d3-9384-d5dd7479bf8e,->,2ba11457-166d-4789-8af9-7b761a3e68a6,java/lang/StringBuilder.java,append
2ba11457-166d-4789-8af9-7b761a3e68a6,2c519485-a815-4f9a-a181-8ca5d65e7a04,2a73dc80-2fc8-40d3-9384-d5dd7479bf8e,->,2ba11457-166d-4789-8af9-7b761a3e68a6,java/lang/StringBuilder.java,toString
2ba11457-166d-4789-8af9-7b761a3e68a6,2c519485-a815-4f9a-a181-8ca5d65e7a04,2a73dc80-2fc8-40d3-9384-d5dd7479bf8e,->,2ba11457-166d-4789-8af9-7b761a3e68a6,java/lang/StringBuilder.java,append
2ba11457-166d-4789-8af9-7b761a3e68a6,2c519485-a815-4f9a-a181-8ca5d65e7a04,2a73dc80-2fc8-40d3-9384-d5dd7479bf8e,->,2ba11457-166d-4789-8af9-7b761a3e68a6,java/lang/StringBuilder.java,append
2ba11457-166d-4789-8af9-7b761a3e68a6,2c519485-a815-4f9a-a181-8ca5d65e7a04,2a73dc80-2fc8-40d3-9384-d5dd7479bf8e,->,2ba11457-166d-4789-8af9-7b761a3e68a6,java/lang/StringBuilder.java,toString
2ba11457-166d-4789-8af9-7b761a3e68a6,2c519485-a815-4f9a-a181-8ca5d65e7a04,2a73dc80-2fc8-40d3-9384-d5dd7479bf8e,->,2ba11457-166d-4789-8af9-7b761a3e68a6,java/lang/StringBuilder.java,append
2ba11457-166d-4789-8af9-7b761a3e68a6,2c519485-a815-4f9a-a181-8ca5d65e7a04,2a73dc80-2fc8-40d3-9384-d5dd7479bf8e,->,2ba11457-166d-4789-8af9-7b761a3e68a6,java/lang/StringBuilder.java,append
2ba11457-166d-4789-8af9-7b761a3e68a6,2c519485-a815-4f9a-a181-8ca5d65e7a04,2a73dc80-2fc8-40d3-9384-d5dd7479bf8e,->,2ba11457-166d-4789-8af9-7b761a3e68a6,java/lang/StringBuilder.java,toString
2ba11457-166d-4789-8af9-7b761a3e68a6,2c519485-a815-4f9a-a181-8ca5d65e7a04,2a73dc80-2fc8-40d3-9384-d5dd7479bf8e,->,2ba11457-166d-4789-8af9-7b761a3e68a6,java/lang/StringBuilder.java,append
2ba11457-166d-4789-8af9-7b761a3e68a6,2c519485-a815-4f9a-a181-8ca5d65e7a04,2a73dc80-2fc8-40d3-9384-d5dd7479bf8e,->,2ba11457-166d-4789-8af9-7b761a3e68a6,java/lang/StringBuilder.java,append
2ba11457-166d-4789-8af9-7b761a3e68a6,2c519485-a815-4f9a-a181-8ca5d65e7a04,2a73dc80-2fc8-40d3-9384-d5dd7479bf8e,->,2ba11457-166d-4789-8af9-7b761a3e68a6,java/lang/StringBuilder.java,toString
2ba11457-166d-4789-8af9-7b761a3e68a6,2c519485-a815-4f9a-a181-8ca5d65e7a04,2a73dc80-2fc8-40d3-9384-d5dd7479bf8e,->,2ba11457-166d-4789-8af9-7b761a3e68a6,javax/swing/JLabel.java,setText
2ba11457-166d-4789-8af9-7b761a3e68a6,2c519485-a815-4f9a-a181-8ca5d65e7a04,2a73dc80-2fc8-40d3-9384-d5dd7479bf8e,->,2ba11457-166d-4789-8af9-7b761a3e68a6,javax/swing/JToggleButton.java,isSelected
2ba11457-166d-4789-8af9-7b761a3e68a6,2c519485-a815-4f9a-a181-8ca5d65e7a04,2a73dc80-2fc8-40d3-9384-d5dd7479bf8e,->,2ba11457-166d-4789-8af9-7b761a3e68a6,javax/swing/JLabel.java,setText
2ba11457-166d-4789-8af9-7b761a3e68a6,2c519485-a815-4f9a-a181-8ca5d65e7a04,2a73dc80-2fc8-40d3-9384-d5dd7479bf8e,->,2ba11457-166d-4789-8af9-7b761a3e68a6,e375976a-aa09-4714-a6a3-423bfa7b92e3,e03dc23f-b7e1-4c84-96b3-0928a08ad558
2ba11457-166d-4789-8af9-7b761a3e68a6,2c519485-a815-4f9a-a181-8ca5d65e7a04,2a73dc80-2fc8-40d3-9384-d5dd7479bf8e,->,2ba11457-166d-4789-8af9-7b761a3e68a6,javax/swing/JLabel.java,setText
2ba11457-166d-4789-8af9-7b761a3e68a6,2c519485-a815-4f9a-a181-8ca5d65e7a04,2a73dc80-2fc8-40d3-9384-d5dd7479bf8e,->,2ba11457-166d-4789-8af9-7b761a3e68a6,java/lang/StringBuilder.java,append
2ba11457-166d-4789-8af9-7b761a3e68a6,2c519485-a815-4f9a-a181-8ca5d65e7a04,2a73dc80-2fc8-40d3-9384-d5dd7479bf8e,->,2ba11457-166d-4789-8af9-7b761a3e68a6,java/lang/StringBuilder.java,append
2ba11457-166d-4789-8af9-7b761a3e68a6,2c519485-a815-4f9a-a181-8ca5d65e7a04,2a73dc80-2fc8-40d3-9384-d5dd7479bf8e,->,2ba11457-166d-4789-8af9-7b761a3e68a6,java/lang/StringBuilder.java,append
2ba11457-166d-4789-8af9-7b761a3e68a6,2c519485-a815-4f9a-a181-8ca5d65e7a04,2a73dc80-2fc8-40d3-9384-d5dd7479bf8e,->,2ba11457-166d-4789-8af9-7b761a3e68a6,java/lang/StringBuilder.java,append
2ba11457-166d-4789-8af9-7b761a3e68a6,2c519485-a815-4f9a-a181-8ca5d65e7a04,2a73dc80-2fc8-40d3-9384-d5dd7479bf8e,->,2ba11457-166d-4789-8af9-7b761a3e68a6,java/lang/StringBuilder.java,toString
2ba11457-166d-4789-8af9-7b761a3e68a6,2c519485-a815-4f9a-a181-8ca5d65e7a04,2a73dc80-2fc8-40d3-9384-d5dd7479bf8e,->,2ba11457-166d-4789-8af9-7b761a3e68a6,javax/swing/JLabel.java,setText
2ba11457-166d-4789-8af9-7b761a3e68a6,2c519485-a815-4f9a-a181-8ca5d65e7a04,2a73dc80-2fc8-40d3-9384-d5dd7479bf8e,->,2ba11457-166d-4789-8af9-7b761a3e68a6,javax/swing/JToggleButton.java,isSelected
2ba11457-166d-4789-8af9-7b761a3e68a6,2c519485-a815-4f9a-a181-8ca5d65e7a04,2a73dc80-2fc8-40d3-9384-d5dd7479bf8e,->,2ba11457-166d-4789-8af9-7b761a3e68a6,javax/swing/JLabel.java,setText
2ba11457-166d-4789-8af9-7b761a3e68a6,2c519485-a815-4f9a-a181-8ca5d65e7a04,2a73dc80-2fc8-40d3-9384-d5dd7479bf8e,->,2ba11457-166d-4789-8af9-7b761a3e68a6,javax/swing/JTextField.java,getText
2ba11457-166d-4789-8af9-7b761a3e68a6,2c519485-a815-4f9a-a181-8ca5d65e7a04,2a73dc80-2fc8-40d3-9384-d5dd7479bf8e,->,2ba11457-166d-4789-8af9-7b761a3e68a6,java/lang/String.java,length
2ba11457-166d-4789-8af9-7b761a3e68a6,2c519485-a815-4f9a-a181-8ca5d65e7a04,2a73dc80-2fc8-40d3-9384-d5dd7479bf8e,->,2ba11457-166d-4789-8af9-7b761a3e68a6,e375976a-aa09-4714-a6a3-423bfa7b92e3,9a461ad4-d9ce-4889-8f19-f373785b1e23
2ba11457-166d-4789-8af9-7b761a3e68a6,2c519485-a815-4f9a-a181-8ca5d65e7a04,2a73dc80-2fc8-40d3-9384-d5dd7479bf8e,->,2ba11457-166d-4789-8af9-7b761a3e68a6,javax/swing/JLabel.java,setText
2ba11457-166d-4789-8af9-7b761a3e68a6,2c519485-a815-4f9a-a181-8ca5d65e7a04,2a73dc80-2fc8-40d3-9384-d5dd7479bf8e,->,2ba11457-166d-4789-8af9-7b761a3e68a6,java/lang/StringBuilder.java,append
2ba11457-166d-4789-8af9-7b761a3e68a6,2c519485-a815-4f9a-a181-8ca5d65e7a04,2a73dc80-2fc8-40d3-9384-d5dd7479bf8e,->,2ba11457-166d-4789-8af9-7b761a3e68a6,java/lang/String.java,toUpperCase
2ba11457-166d-4789-8af9-7b761a3e68a6,2c519485-a815-4f9a-a181-8ca5d65e7a04,2a73dc80-2fc8-40d3-9384-d5dd7479bf8e,->,2ba11457-166d-4789-8af9-7b761a3e68a6,java/lang/StringBuilder.java,append
2ba11457-166d-4789-8af9-7b761a3e68a6,2c519485-a815-4f9a-a181-8ca5d65e7a04,2a73dc80-2fc8-40d3-9384-d5dd7479bf8e,->,2ba11457-166d-4789-8af9-7b761a3e68a6,java/lang/StringBuilder.java,append
2ba11457-166d-4789-8af9-7b761a3e68a6,2c519485-a815-4f9a-a181-8ca5d65e7a04,2a73dc80-2fc8-40d3-9384-d5dd7479bf8e,->,2ba11457-166d-4789-8af9-7b761a3e68a6,java/lang/StringBuilder.java,append
2ba11457-166d-4789-8af9-7b761a3e68a6,2c519485-a815-4f9a-a181-8ca5d65e7a04,2a73dc80-2fc8-40d3-9384-d5dd7479bf8e,->,2ba11457-166d-4789-8af9-7b761a3e68a6,java/lang/StringBuilder.java,append
2ba11457-166d-4789-8af9-7b761a3e68a6,2c519485-a815-4f9a-a181-8ca5d65e7a04,2a73dc80-2fc8-40d3-9384-d5dd7479bf8e,->,2ba11457-166d-4789-8af9-7b761a3e68a6,java/lang/StringBuilder.java,toString
2ba11457-166d-4789-8af9-7b761a3e68a6,2c519485-a815-4f9a-a181-8ca5d65e7a04,2a73dc80-2fc8-40d3-9384-d5dd7479bf8e,->,2ba11457-166d-4789-8af9-7b761a3e68a6,javax/swing/JLabel.java,setText
2ba11457-166d-4789-8af9-7b761a3e68a6,2c519485-a815-4f9a-a181-8ca5d65e7a04,2a73dc80-2fc8-40d3-9384-d5dd7479bf8e,->,2ba11457-166d-4789-8af9-7b761a3e68a6,e375976a-aa09-4714-a6a3-423bfa7b92e3,6800fd31-47f6-4773-ab02-0d417ae28681
2ba11457-166d-4789-8af9-7b761a3e68a6,2c519485-a815-4f9a-a181-8ca5d65e7a04,2a73dc80-2fc8-40d3-9384-d5dd7479bf8e,->,2ba11457-166d-4789-8af9-7b761a3e68a6,javax/swing/JLabel.java,getText
2ba11457-166d-4789-8af9-7b761a3e68a6,2c519485-a815-4f9a-a181-8ca5d65e7a04,2a73dc80-2fc8-40d3-9384-d5dd7479bf8e,->,2ba11457-166d-4789-8af9-7b761a3e68a6,javax/swing/JLabel.java,setText
2ba11457-166d-4789-8af9-7b761a3e68a6,2c519485-a815-4f9a-a181-8ca5d65e7a04,2a73dc80-2fc8-40d3-9384-d5dd7479bf8e,->,2ba11457-166d-4789-8af9-7b761a3e68a6,javax/swing/JLabel.java,setText
2ba11457-166d-4789-8af9-7b761a3e68a6,2c519485-a815-4f9a-a181-8ca5d65e7a04,2a73dc80-2fc8-40d3-9384-d5dd7479bf8e,->,2ba11457-166d-4789-8af9-7b761a3e68a6,javax/swing/JToggleButton.java,setSelected
2ba11457-166d-4789-8af9-7b761a3e68a6,2c519485-a815-4f9a-a181-8ca5d65e7a04,2a73dc80-2fc8-40d3-9384-d5dd7479bf8e,->,2ba11457-166d-4789-8af9-7b761a3e68a6,javax/swing/JToggleButton.java,setSelected
2ba11457-166d-4789-8af9-7b761a3e68a6,2c519485-a815-4f9a-a181-8ca5d65e7a04,2a73dc80-2fc8-40d3-9384-d5dd7479bf8e,->,2ba11457-166d-4789-8af9-7b761a3e68a6,javax/swing/JToggleButton.java,setSelected
2ba11457-166d-4789-8af9-7b761a3e68a6,2c519485-a815-4f9a-a181-8ca5d65e7a04,2a73dc80-2fc8-40d3-9384-d5dd7479bf8e,->,2ba11457-166d-4789-8af9-7b761a3e68a6,javax/swing/JToggleButton.java,setSelected
2ba11457-166d-4789-8af9-7b761a3e68a6,2c519485-a815-4f9a-a181-8ca5d65e7a04,2a73dc80-2fc8-40d3-9384-d5dd7479bf8e,->,2ba11457-166d-4789-8af9-7b761a3e68a6,javax/swing/JToggleButton.java,setSelected
2ba11457-166d-4789-8af9-7b761a3e68a6,2c519485-a815-4f9a-a181-8ca5d65e7a04,2a73dc80-2fc8-40d3-9384-d5dd7479bf8e,->,2ba11457-166d-4789-8af9-7b761a3e68a6,javax/swing/JToggleButton.java,setSelected
2ba11457-166d-4789-8af9-7b761a3e68a6,2c519485-a815-4f9a-a181-8ca5d65e7a04,2a73dc80-2fc8-40d3-9384-d5dd7479bf8e,->,2ba11457-166d-4789-8af9-7b761a3e68a6,javax/swing/JToggleButton.java,setSelected
2ba11457-166d-4789-8af9-7b761a3e68a6,2c519485-a815-4f9a-a181-8ca5d65e7a04,2a73dc80-2fc8-40d3-9384-d5dd7479bf8e,->,2ba11457-166d-4789-8af9-7b761a3e68a6,javax/swing/JLabel.java,setText
2ba11457-166d-4789-8af9-7b761a3e68a6,2c519485-a815-4f9a-a181-8ca5d65e7a04,2a73dc80-2fc8-40d3-9384-d5dd7479bf8e,->,2ba11457-166d-4789-8af9-7b761a3e68a6,javax/swing/JLabel.java,setText
2ba11457-166d-4789-8af9-7b761a3e68a6,2c519485-a815-4f9a-a181-8ca5d65e7a04,2a73dc80-2fc8-40d3-9384-d5dd7479bf8e,->,2ba11457-166d-4789-8af9-7b761a3e68a6,javax/swing/JLabel.java,setText
2ba11457-166d-4789-8af9-7b761a3e68a6,2c519485-a815-4f9a-a181-8ca5d65e7a04,2a73dc80-2fc8-40d3-9384-d5dd7479bf8e,->,2ba11457-166d-4789-8af9-7b761a3e68a6,javax/swing/JLabel.java,setText
2ba11457-166d-4789-8af9-7b761a3e68a6,2c519485-a815-4f9a-a181-8ca5d65e7a04,2a73dc80-2fc8-40d3-9384-d5dd7479bf8e,->,2ba11457-166d-4789-8af9-7b761a3e68a6,javax/swing/JLabel.java,setText
2ba11457-166d-4789-8af9-7b761a3e68a6,2c519485-a815-4f9a-a181-8ca5d65e7a04,2a73dc80-2fc8-40d3-9384-d5dd7479bf8e,->,2ba11457-166d-4789-8af9-7b761a3e68a6,javax/swing/JLabel.java,setText
2ba11457-166d-4789-8af9-7b761a3e68a6,2c519485-a815-4f9a-a181-8ca5d65e7a04,2a73dc80-2fc8-40d3-9384-d5dd7479bf8e,->,2ba11457-166d-4789-8af9-7b761a3e68a6,javax/swing/JLabel.java,setText
2ba11457-166d-4789-8af9-7b761a3e68a6,2c519485-a815-4f9a-a181-8ca5d65e7a04,6ff6eea9-29f9-4291-a722-476df71737bb,->,2ba11457-166d-4789-8af9-7b761a3e68a6,java/lang/String.java,length
2ba11457-166d-4789-8af9-7b761a3e68a6,2c519485-a815-4f9a-a181-8ca5d65e7a04,6ff6eea9-29f9-4291-a722-476df71737bb,->,2ba11457-166d-4789-8af9-7b761a3e68a6,java/lang/StringBuilder.java,append
2ba11457-166d-4789-8af9-7b761a3e68a6,2c519485-a815-4f9a-a181-8ca5d65e7a04,6ff6eea9-29f9-4291-a722-476df71737bb,->,2ba11457-166d-4789-8af9-7b761a3e68a6,java/lang/StringBuilder.java,append
2ba11457-166d-4789-8af9-7b761a3e68a6,2c519485-a815-4f9a-a181-8ca5d65e7a04,6ff6eea9-29f9-4291-a722-476df71737bb,->,2ba11457-166d-4789-8af9-7b761a3e68a6,java/lang/StringBuilder.java,toString
2ba11457-166d-4789-8af9-7b761a3e68a6,2c519485-a815-4f9a-a181-8ca5d65e7a04,6ff6eea9-29f9-4291-a722-476df71737bb,->,2ba11457-166d-4789-8af9-7b761a3e68a6,java/lang/StringBuilder.java,append
2ba11457-166d-4789-8af9-7b761a3e68a6,2c519485-a815-4f9a-a181-8ca5d65e7a04,6ff6eea9-29f9-4291-a722-476df71737bb,->,2ba11457-166d-4789-8af9-7b761a3e68a6,java/lang/String.java,charAt
2ba11457-166d-4789-8af9-7b761a3e68a6,2c519485-a815-4f9a-a181-8ca5d65e7a04,6ff6eea9-29f9-4291-a722-476df71737bb,->,2ba11457-166d-4789-8af9-7b761a3e68a6,java/lang/StringBuilder.java,append
2ba11457-166d-4789-8af9-7b761a3e68a6,2c519485-a815-4f9a-a181-8ca5d65e7a04,6ff6eea9-29f9-4291-a722-476df71737bb,->,2ba11457-166d-4789-8af9-7b761a3e68a6,java/lang/StringBuilder.java,toString
2ba11457-166d-4789-8af9-7b761a3e68a6,2c519485-a815-4f9a-a181-8ca5d65e7a04,6ff6eea9-29f9-4291-a722-476df71737bb,->,2ba11457-166d-4789-8af9-7b761a3e68a6,java/lang/StringBuilder.java,append
2ba11457-166d-4789-8af9-7b761a3e68a6,2c519485-a815-4f9a-a181-8ca5d65e7a04,6ff6eea9-29f9-4291-a722-476df71737bb,->,2ba11457-166d-4789-8af9-7b761a3e68a6,java/lang/StringBuilder.java,append
2ba11457-166d-4789-8af9-7b761a3e68a6,2c519485-a815-4f9a-a181-8ca5d65e7a04,6ff6eea9-29f9-4291-a722-476df71737bb,->,2ba11457-166d-4789-8af9-7b761a3e68a6,java/lang/StringBuilder.java,toString
2ba11457-166d-4789-8af9-7b761a3e68a6,2c519485-a815-4f9a-a181-8ca5d65e7a04,6ff6eea9-29f9-4291-a722-476df71737bb,->,2ba11457-166d-4789-8af9-7b761a3e68a6,javax/swing/JLabel.java,setText
2ba11457-166d-4789-8af9-7b761a3e68a6,2c519485-a815-4f9a-a181-8ca5d65e7a04,6ff6eea9-29f9-4291-a722-476df71737bb,->,2ba11457-166d-4789-8af9-7b761a3e68a6,javax/swing/JToggleButton.java,setEnabled
2ba11457-166d-4789-8af9-7b761a3e68a6,2c519485-a815-4f9a-a181-8ca5d65e7a04,6ff6eea9-29f9-4291-a722-476df71737bb,->,2ba11457-166d-4789-8af9-7b761a3e68a6,javax/swing/JToggleButton.java,setEnabled
2ba11457-166d-4789-8af9-7b761a3e68a6,2c519485-a815-4f9a-a181-8ca5d65e7a04,6ff6eea9-29f9-4291-a722-476df71737bb,->,2ba11457-166d-4789-8af9-7b761a3e68a6,javax/swing/JToggleButton.java,setEnabled
2ba11457-166d-4789-8af9-7b761a3e68a6,2c519485-a815-4f9a-a181-8ca5d65e7a04,6ff6eea9-29f9-4291-a722-476df71737bb,->,2ba11457-166d-4789-8af9-7b761a3e68a6,javax/swing/JToggleButton.java,setEnabled
2ba11457-166d-4789-8af9-7b761a3e68a6,2c519485-a815-4f9a-a181-8ca5d65e7a04,6ff6eea9-29f9-4291-a722-476df71737bb,->,2ba11457-166d-4789-8af9-7b761a3e68a6,javax/swing/JToggleButton.java,setEnabled
2ba11457-166d-4789-8af9-7b761a3e68a6,2c519485-a815-4f9a-a181-8ca5d65e7a04,6ff6eea9-29f9-4291-a722-476df71737bb,->,2ba11457-166d-4789-8af9-7b761a3e68a6,javax/swing/JToggleButton.java,setEnabled
2ba11457-166d-4789-8af9-7b761a3e68a6,2c519485-a815-4f9a-a181-8ca5d65e7a04,6ff6eea9-29f9-4291-a722-476df71737bb,->,2ba11457-166d-4789-8af9-7b761a3e68a6,javax/swing/JToggleButton.java,setEnabled
2ba11457-166d-4789-8af9-7b761a3e68a6,2c519485-a815-4f9a-a181-8ca5d65e7a04,6ff6eea9-29f9-4291-a722-476df71737bb,->,2ba11457-166d-4789-8af9-7b761a3e68a6,javax/swing/JToggleButton.java,setEnabled
2ba11457-166d-4789-8af9-7b761a3e68a6,2c519485-a815-4f9a-a181-8ca5d65e7a04,f3176642-7913-4e03-9e2b-150bf2aac636,->,2ba11457-166d-4789-8af9-7b761a3e68a6,javax/swing/JToggleButton.java,setEnabled
2ba11457-166d-4789-8af9-7b761a3e68a6,2c519485-a815-4f9a-a181-8ca5d65e7a04,f3176642-7913-4e03-9e2b-150bf2aac636,->,2ba11457-166d-4789-8af9-7b761a3e68a6,javax/swing/JToggleButton.java,setEnabled
2ba11457-166d-4789-8af9-7b761a3e68a6,2c519485-a815-4f9a-a181-8ca5d65e7a04,f3176642-7913-4e03-9e2b-150bf2aac636,->,2ba11457-166d-4789-8af9-7b761a3e68a6,javax/swing/JToggleButton.java,setEnabled
2ba11457-166d-4789-8af9-7b761a3e68a6,2c519485-a815-4f9a-a181-8ca5d65e7a04,f3176642-7913-4e03-9e2b-150bf2aac636,->,2ba11457-166d-4789-8af9-7b761a3e68a6,javax/swing/JToggleButton.java,setEnabled
2ba11457-166d-4789-8af9-7b761a3e68a6,2c519485-a815-4f9a-a181-8ca5d65e7a04,f3176642-7913-4e03-9e2b-150bf2aac636,->,2ba11457-166d-4789-8af9-7b761a3e68a6,javax/swing/JToggleButton.java,setEnabled
2ba11457-166d-4789-8af9-7b761a3e68a6,2c519485-a815-4f9a-a181-8ca5d65e7a04,f3176642-7913-4e03-9e2b-150bf2aac636,->,2ba11457-166d-4789-8af9-7b761a3e68a6,javax/swing/JToggleButton.java,setEnabled
2ba11457-166d-4789-8af9-7b761a3e68a6,2c519485-a815-4f9a-a181-8ca5d65e7a04,f3176642-7913-4e03-9e2b-150bf2aac636,->,2ba11457-166d-4789-8af9-7b761a3e68a6,javax/swing/JToggleButton.java,setEnabled
2ba11457-166d-4789-8af9-7b761a3e68a6,2c519485-a815-4f9a-a181-8ca5d65e7a04,f3176642-7913-4e03-9e2b-150bf2aac636,->,2ba11457-166d-4789-8af9-7b761a3e68a6,javax/swing/JToggleButton.java,setEnabled
2ba11457-166d-4789-8af9-7b761a3e68a6,2c519485-a815-4f9a-a181-8ca5d65e7a04,f3176642-7913-4e03-9e2b-150bf2aac636,->,2ba11457-166d-4789-8af9-7b761a3e68a6,javax/swing/JToggleButton.java,setSelected
2ba11457-166d-4789-8af9-7b761a3e68a6,2c519485-a815-4f9a-a181-8ca5d65e7a04,f3176642-7913-4e03-9e2b-150bf2aac636,->,2ba11457-166d-4789-8af9-7b761a3e68a6,javax/swing/JToggleButton.java,setSelected
2ba11457-166d-4789-8af9-7b761a3e68a6,2c519485-a815-4f9a-a181-8ca5d65e7a04,f3176642-7913-4e03-9e2b-150bf2aac636,->,2ba11457-166d-4789-8af9-7b761a3e68a6,javax/swing/JToggleButton.java,setSelected
2ba11457-166d-4789-8af9-7b761a3e68a6,2c519485-a815-4f9a-a181-8ca5d65e7a04,f3176642-7913-4e03-9e2b-150bf2aac636,->,2ba11457-166d-4789-8af9-7b761a3e68a6,javax/swing/JToggleButton.java,setSelected
2ba11457-166d-4789-8af9-7b761a3e68a6,2c519485-a815-4f9a-a181-8ca5d65e7a04,f3176642-7913-4e03-9e2b-150bf2aac636,->,2ba11457-166d-4789-8af9-7b761a3e68a6,javax/swing/JToggleButton.java,setSelected
2ba11457-166d-4789-8af9-7b761a3e68a6,2c519485-a815-4f9a-a181-8ca5d65e7a04,f3176642-7913-4e03-9e2b-150bf2aac636,->,2ba11457-166d-4789-8af9-7b761a3e68a6,javax/swing/JToggleButton.java,setSelected
2ba11457-166d-4789-8af9-7b761a3e68a6,2c519485-a815-4f9a-a181-8ca5d65e7a04,f3176642-7913-4e03-9e2b-150bf2aac636,->,2ba11457-166d-4789-8af9-7b761a3e68a6,javax/swing/JToggleButton.java,setSelected
2ba11457-166d-4789-8af9-7b761a3e68a6,2c519485-a815-4f9a-a181-8ca5d65e7a04,f3176642-7913-4e03-9e2b-150bf2aac636,->,2ba11457-166d-4789-8af9-7b761a3e68a6,javax/swing/JToggleButton.java,setSelected
2ba11457-166d-4789-8af9-7b761a3e68a6,2c519485-a815-4f9a-a181-8ca5d65e7a04,f3176642-7913-4e03-9e2b-150bf2aac636,->,2ba11457-166d-4789-8af9-7b761a3e68a6,javax/swing/JButton.java,setVisible
2ba11457-166d-4789-8af9-7b761a3e68a6,2c519485-a815-4f9a-a181-8ca5d65e7a04,f3176642-7913-4e03-9e2b-150bf2aac636,->,2ba11457-166d-4789-8af9-7b761a3e68a6,javax/swing/JLabel.java,setText
2ba11457-166d-4789-8af9-7b761a3e68a6,2c519485-a815-4f9a-a181-8ca5d65e7a04,f3176642-7913-4e03-9e2b-150bf2aac636,->,2ba11457-166d-4789-8af9-7b761a3e68a6,javax/swing/JLabel.java,setText
2ba11457-166d-4789-8af9-7b761a3e68a6,2c519485-a815-4f9a-a181-8ca5d65e7a04,f3176642-7913-4e03-9e2b-150bf2aac636,->,2ba11457-166d-4789-8af9-7b761a3e68a6,javax/swing/JLabel.java,setText
2ba11457-166d-4789-8af9-7b761a3e68a6,2c519485-a815-4f9a-a181-8ca5d65e7a04,f3176642-7913-4e03-9e2b-150bf2aac636,->,2ba11457-166d-4789-8af9-7b761a3e68a6,javax/swing/JLabel.java,setText
2ba11457-166d-4789-8af9-7b761a3e68a6,2c519485-a815-4f9a-a181-8ca5d65e7a04,f3176642-7913-4e03-9e2b-150bf2aac636,->,2ba11457-166d-4789-8af9-7b761a3e68a6,javax/swing/JLabel.java,setText
2ba11457-166d-4789-8af9-7b761a3e68a6,2c519485-a815-4f9a-a181-8ca5d65e7a04,f3176642-7913-4e03-9e2b-150bf2aac636,->,2ba11457-166d-4789-8af9-7b761a3e68a6,javax/swing/JLabel.java,setText
2ba11457-166d-4789-8af9-7b761a3e68a6,2c519485-a815-4f9a-a181-8ca5d65e7a04,f3176642-7913-4e03-9e2b-150bf2aac636,->,2ba11457-166d-4789-8af9-7b761a3e68a6,javax/swing/JLabel.java,setText
2ba11457-166d-4789-8af9-7b761a3e68a6,2c519485-a815-4f9a-a181-8ca5d65e7a04,f3176642-7913-4e03-9e2b-150bf2aac636,->,2ba11457-166d-4789-8af9-7b761a3e68a6,javax/swing/JLabel.java,setText
2ba11457-166d-4789-8af9-7b761a3e68a6,2c519485-a815-4f9a-a181-8ca5d65e7a04,f3176642-7913-4e03-9e2b-150bf2aac636,->,2ba11457-166d-4789-8af9-7b761a3e68a6,javax/swing/JScrollPane.java,setVisible
2ba11457-166d-4789-8af9-7b761a3e68a6,Window$1.java,keyReleased,->,2ba11457-166d-4789-8af9-7b761a3e68a6,java/awt/event/KeyEvent.java,getKeyChar
2ba11457-166d-4789-8af9-7b761a3e68a6,Window$1.java,keyReleased,->,2ba11457-166d-4789-8af9-7b761a3e68a6,java/awt/event/KeyEvent.java,getKeyCode
2ba11457-166d-4789-8af9-7b761a3e68a6,Window$1.java,keyReleased,->,2ba11457-166d-4789-8af9-7b761a3e68a6,javax/swing/JTextField.java,getCaretPosition
2ba11457-166d-4789-8af9-7b761a3e68a6,Window$1.java,keyReleased,->,2ba11457-166d-4789-8af9-7b761a3e68a6,javax/swing/JTextField.java,getText
2ba11457-166d-4789-8af9-7b761a3e68a6,Window$1.java,keyReleased,->,2ba11457-166d-4789-8af9-7b761a3e68a6,java/lang/StringBuilder.java,append
2ba11457-166d-4789-8af9-7b761a3e68a6,Window$1.java,keyReleased,->,2ba11457-166d-4789-8af9-7b761a3e68a6,java/lang/StringBuilder.java,append
2ba11457-166d-4789-8af9-7b761a3e68a6,Window$1.java,keyReleased,->,2ba11457-166d-4789-8af9-7b761a3e68a6,java/lang/StringBuilder.java,toString
2ba11457-166d-4789-8af9-7b761a3e68a6,Window$1.java,keyReleased,->,2ba11457-166d-4789-8af9-7b761a3e68a6,java/lang/String.java,replaceAll
2ba11457-166d-4789-8af9-7b761a3e68a6,Window$1.java,keyReleased,->,2ba11457-166d-4789-8af9-7b761a3e68a6,javax/swing/JTextField.java,setText
2ba11457-166d-4789-8af9-7b761a3e68a6,Window$1.java,keyReleased,->,2ba11457-166d-4789-8af9-7b761a3e68a6,javax/swing/JTextField.java,setCaretPosition
2ba11457-166d-4789-8af9-7b761a3e68a6,Window$2.java,keyReleased,->,2ba11457-166d-4789-8af9-7b761a3e68a6,java/awt/event/KeyEvent.java,getKeyChar
2ba11457-166d-4789-8af9-7b761a3e68a6,Window$2.java,keyReleased,->,2ba11457-166d-4789-8af9-7b761a3e68a6,java/awt/event/KeyEvent.java,getKeyCode
2ba11457-166d-4789-8af9-7b761a3e68a6,Window$2.java,keyReleased,->,2ba11457-166d-4789-8af9-7b761a3e68a6,javax/swing/JTextField.java,getCaretPosition
2ba11457-166d-4789-8af9-7b761a3e68a6,Window$2.java,keyReleased,->,2ba11457-166d-4789-8af9-7b761a3e68a6,javax/swing/JTextField.java,getText
2ba11457-166d-4789-8af9-7b761a3e68a6,Window$2.java,keyReleased,->,2ba11457-166d-4789-8af9-7b761a3e68a6,java/lang/StringBuilder.java,append
2ba11457-166d-4789-8af9-7b761a3e68a6,Window$2.java,keyReleased,->,2ba11457-166d-4789-8af9-7b761a3e68a6,java/lang/StringBuilder.java,append
2ba11457-166d-4789-8af9-7b761a3e68a6,Window$2.java,keyReleased,->,2ba11457-166d-4789-8af9-7b761a3e68a6,java/lang/StringBuilder.java,toString
2ba11457-166d-4789-8af9-7b761a3e68a6,Window$2.java,keyReleased,->,2ba11457-166d-4789-8af9-7b761a3e68a6,java/lang/String.java,replaceAll
2ba11457-166d-4789-8af9-7b761a3e68a6,Window$2.java,keyReleased,->,2ba11457-166d-4789-8af9-7b761a3e68a6,javax/swing/JTextField.java,setText
2ba11457-166d-4789-8af9-7b761a3e68a6,Window$2.java,keyReleased,->,2ba11457-166d-4789-8af9-7b761a3e68a6,javax/swing/JTextField.java,setCaretPosition
