caller_project_id,caller_class_id,caller_method_id,CALL_DIRECTION,callee_project_id,callee_class_id,callee_method_id
2c460e35-58f3-4e00-bd70-8f9c205d56d1,net/selfip/mrmister/codeRunner/entities/Player$Keyboard.java,keyPressed,->,2c460e35-58f3-4e00-bd70-8f9c205d56d1,java/awt/event/KeyEvent.java,getKeyCode
2c460e35-58f3-4e00-bd70-8f9c205d56d1,net/selfip/mrmister/codeRunner/entities/Player$Keyboard.java,keyPressed,->,2c460e35-58f3-4e00-bd70-8f9c205d56d1,java/lang/Character.java,toLowerCase
2c460e35-58f3-4e00-bd70-8f9c205d56d1,net/selfip/mrmister/codeRunner/entities/Player$Keyboard.java,keyPressed,->,2c460e35-58f3-4e00-bd70-8f9c205d56d1,net/selfip/mrmister/codeRunner/entities/Player.java,getEnv
2c460e35-58f3-4e00-bd70-8f9c205d56d1,net/selfip/mrmister/codeRunner/entities/Player$Keyboard.java,keyPressed,->,2c460e35-58f3-4e00-bd70-8f9c205d56d1,15a956cd-2859-4cc0-b79e-ec691402cdb2,82f81df1-4f96-45a9-bf7b-4fc6b57f59ad
2c460e35-58f3-4e00-bd70-8f9c205d56d1,net/selfip/mrmister/codeRunner/entities/Player$Keyboard.java,keyPressed,->,2c460e35-58f3-4e00-bd70-8f9c205d56d1,e1206996-88c4-4a22-b5ca-b3c2e8881578,e86f9ce7-e144-4ea2-bed2-75de028d6cb6
2c460e35-58f3-4e00-bd70-8f9c205d56d1,net/selfip/mrmister/codeRunner/entities/Player$Keyboard.java,keyPressed,->,2c460e35-58f3-4e00-bd70-8f9c205d56d1,net/selfip/mrmister/codeRunner/entities/Player.java,getEnv
2c460e35-58f3-4e00-bd70-8f9c205d56d1,net/selfip/mrmister/codeRunner/entities/Player$Keyboard.java,keyPressed,->,2c460e35-58f3-4e00-bd70-8f9c205d56d1,15a956cd-2859-4cc0-b79e-ec691402cdb2,87245a8c-6375-4e4e-8f68-34fce52e7bcc
2c460e35-58f3-4e00-bd70-8f9c205d56d1,net/selfip/mrmister/codeRunner/entities/Player$Keyboard.java,keyPressed,->,2c460e35-58f3-4e00-bd70-8f9c205d56d1,e1206996-88c4-4a22-b5ca-b3c2e8881578,e86f9ce7-e144-4ea2-bed2-75de028d6cb6
2c460e35-58f3-4e00-bd70-8f9c205d56d1,net/selfip/mrmister/codeRunner/entities/Player$Keyboard.java,keyPressed,->,2c460e35-58f3-4e00-bd70-8f9c205d56d1,e1206996-88c4-4a22-b5ca-b3c2e8881578,e86f9ce7-e144-4ea2-bed2-75de028d6cb6
2c460e35-58f3-4e00-bd70-8f9c205d56d1,net/selfip/mrmister/codeRunner/entities/Player$Keyboard.java,keyPressed,->,2c460e35-58f3-4e00-bd70-8f9c205d56d1,e1206996-88c4-4a22-b5ca-b3c2e8881578,e86f9ce7-e144-4ea2-bed2-75de028d6cb6
2c460e35-58f3-4e00-bd70-8f9c205d56d1,net/selfip/mrmister/codeRunner/entities/Player$Keyboard.java,keyPressed,->,2c460e35-58f3-4e00-bd70-8f9c205d56d1,net/selfip/mrmister/codeRunner/entities/Player.java,access$000
2c460e35-58f3-4e00-bd70-8f9c205d56d1,net/selfip/mrmister/codeRunner/entities/Player$Keyboard.java,keyPressed,->,2c460e35-58f3-4e00-bd70-8f9c205d56d1,e1206996-88c4-4a22-b5ca-b3c2e8881578,e86f9ce7-e144-4ea2-bed2-75de028d6cb6
2c460e35-58f3-4e00-bd70-8f9c205d56d1,net/selfip/mrmister/codeRunner/entities/Player$Keyboard.java,keyPressed,->,2c460e35-58f3-4e00-bd70-8f9c205d56d1,net/selfip/mrmister/codeRunner/entities/Player.java,getEnv
2c460e35-58f3-4e00-bd70-8f9c205d56d1,net/selfip/mrmister/codeRunner/entities/Player$Keyboard.java,keyPressed,->,2c460e35-58f3-4e00-bd70-8f9c205d56d1,15a956cd-2859-4cc0-b79e-ec691402cdb2,6d158f36-abc6-43eb-a7f9-81cecd28a531
2c460e35-58f3-4e00-bd70-8f9c205d56d1,net/selfip/mrmister/codeRunner/entities/Player$Keyboard.java,keyPressed,->,2c460e35-58f3-4e00-bd70-8f9c205d56d1,36094d91-d8c1-4d83-9967-58c02b6ee6e7,a124517c-abfe-44ab-b802-eb03c894146a
2c460e35-58f3-4e00-bd70-8f9c205d56d1,net/selfip/mrmister/codeRunner/entities/Player$Keyboard.java,keyReleased,->,2c460e35-58f3-4e00-bd70-8f9c205d56d1,java/awt/event/KeyEvent.java,getKeyCode
2c460e35-58f3-4e00-bd70-8f9c205d56d1,net/selfip/mrmister/codeRunner/entities/Player$Keyboard.java,keyReleased,->,2c460e35-58f3-4e00-bd70-8f9c205d56d1,java/lang/Character.java,toLowerCase
2c460e35-58f3-4e00-bd70-8f9c205d56d1,net/selfip/mrmister/codeRunner/entities/Player$Keyboard.java,keyReleased,->,2c460e35-58f3-4e00-bd70-8f9c205d56d1,e1206996-88c4-4a22-b5ca-b3c2e8881578,e86f9ce7-e144-4ea2-bed2-75de028d6cb6
2c460e35-58f3-4e00-bd70-8f9c205d56d1,net/selfip/mrmister/codeRunner/entities/Player$Keyboard.java,keyReleased,->,2c460e35-58f3-4e00-bd70-8f9c205d56d1,e1206996-88c4-4a22-b5ca-b3c2e8881578,e86f9ce7-e144-4ea2-bed2-75de028d6cb6
2c460e35-58f3-4e00-bd70-8f9c205d56d1,net/selfip/mrmister/codeRunner/entities/Player$Keyboard.java,keyReleased,->,2c460e35-58f3-4e00-bd70-8f9c205d56d1,e1206996-88c4-4a22-b5ca-b3c2e8881578,e86f9ce7-e144-4ea2-bed2-75de028d6cb6
2c460e35-58f3-4e00-bd70-8f9c205d56d1,net/selfip/mrmister/codeRunner/entities/Player$Keyboard.java,keyReleased,->,2c460e35-58f3-4e00-bd70-8f9c205d56d1,net/selfip/mrmister/codeRunner/entities/Player.java,access$100
2c460e35-58f3-4e00-bd70-8f9c205d56d1,189a9e06-9ce4-4023-be04-19b8bbf813cd,b7a7dd4a-5ea9-4ace-bd4f-d95124e36b19,->,2c460e35-58f3-4e00-bd70-8f9c205d56d1,87289237-d79d-463a-8a63-85428eb31c77,7d05fb46-b65a-4a05-b7dd-6a99af0497d5
2c460e35-58f3-4e00-bd70-8f9c205d56d1,189a9e06-9ce4-4023-be04-19b8bbf813cd,1a223556-e9b4-46e3-8b41-ed0457731fb5,->,2c460e35-58f3-4e00-bd70-8f9c205d56d1,net/selfip/mrmister/codeRunner/entities/Player.java,getEnv
2c460e35-58f3-4e00-bd70-8f9c205d56d1,189a9e06-9ce4-4023-be04-19b8bbf813cd,1a223556-e9b4-46e3-8b41-ed0457731fb5,->,2c460e35-58f3-4e00-bd70-8f9c205d56d1,189a9e06-9ce4-4023-be04-19b8bbf813cd,24b241f8-270c-4516-a84b-251b1b7c86bd
2c460e35-58f3-4e00-bd70-8f9c205d56d1,189a9e06-9ce4-4023-be04-19b8bbf813cd,1a223556-e9b4-46e3-8b41-ed0457731fb5,->,2c460e35-58f3-4e00-bd70-8f9c205d56d1,15a956cd-2859-4cc0-b79e-ec691402cdb2,d851f540-adbf-4edd-aca2-834a39e99b91
2c460e35-58f3-4e00-bd70-8f9c205d56d1,189a9e06-9ce4-4023-be04-19b8bbf813cd,1849dade-dd0c-4494-9c55-7c8e29e245ca,->,2c460e35-58f3-4e00-bd70-8f9c205d56d1,net/selfip/mrmister/codeRunner/entities/Player.java,getEnv
2c460e35-58f3-4e00-bd70-8f9c205d56d1,189a9e06-9ce4-4023-be04-19b8bbf813cd,1849dade-dd0c-4494-9c55-7c8e29e245ca,->,2c460e35-58f3-4e00-bd70-8f9c205d56d1,189a9e06-9ce4-4023-be04-19b8bbf813cd,24b241f8-270c-4516-a84b-251b1b7c86bd
2c460e35-58f3-4e00-bd70-8f9c205d56d1,189a9e06-9ce4-4023-be04-19b8bbf813cd,1849dade-dd0c-4494-9c55-7c8e29e245ca,->,2c460e35-58f3-4e00-bd70-8f9c205d56d1,15a956cd-2859-4cc0-b79e-ec691402cdb2,d851f540-adbf-4edd-aca2-834a39e99b91
2c460e35-58f3-4e00-bd70-8f9c205d56d1,189a9e06-9ce4-4023-be04-19b8bbf813cd,652edbd6-1ec0-421f-880b-27c266f7995d,->,2c460e35-58f3-4e00-bd70-8f9c205d56d1,net/selfip/mrmister/codeRunner/entities/Player.java,getEnv
2c460e35-58f3-4e00-bd70-8f9c205d56d1,189a9e06-9ce4-4023-be04-19b8bbf813cd,652edbd6-1ec0-421f-880b-27c266f7995d,->,2c460e35-58f3-4e00-bd70-8f9c205d56d1,189a9e06-9ce4-4023-be04-19b8bbf813cd,24b241f8-270c-4516-a84b-251b1b7c86bd
2c460e35-58f3-4e00-bd70-8f9c205d56d1,189a9e06-9ce4-4023-be04-19b8bbf813cd,652edbd6-1ec0-421f-880b-27c266f7995d,->,2c460e35-58f3-4e00-bd70-8f9c205d56d1,15a956cd-2859-4cc0-b79e-ec691402cdb2,d851f540-adbf-4edd-aca2-834a39e99b91
2c460e35-58f3-4e00-bd70-8f9c205d56d1,189a9e06-9ce4-4023-be04-19b8bbf813cd,16e0848a-c36d-4851-8316-f439b693a61b,->,2c460e35-58f3-4e00-bd70-8f9c205d56d1,189a9e06-9ce4-4023-be04-19b8bbf813cd,7cdc2510-543f-487b-ab03-4496ab965a1e
2c460e35-58f3-4e00-bd70-8f9c205d56d1,189a9e06-9ce4-4023-be04-19b8bbf813cd,16e0848a-c36d-4851-8316-f439b693a61b,->,2c460e35-58f3-4e00-bd70-8f9c205d56d1,87289237-d79d-463a-8a63-85428eb31c77,f28931f7-3d2c-47a8-9cef-8a08cff42e41
2c460e35-58f3-4e00-bd70-8f9c205d56d1,189a9e06-9ce4-4023-be04-19b8bbf813cd,16e0848a-c36d-4851-8316-f439b693a61b,->,2c460e35-58f3-4e00-bd70-8f9c205d56d1,net/selfip/mrmister/codeRunner/entities/Player.java,getRelativeX
2c460e35-58f3-4e00-bd70-8f9c205d56d1,189a9e06-9ce4-4023-be04-19b8bbf813cd,16e0848a-c36d-4851-8316-f439b693a61b,->,2c460e35-58f3-4e00-bd70-8f9c205d56d1,net/selfip/mrmister/codeRunner/entities/Player.java,getEnv
2c460e35-58f3-4e00-bd70-8f9c205d56d1,189a9e06-9ce4-4023-be04-19b8bbf813cd,16e0848a-c36d-4851-8316-f439b693a61b,->,2c460e35-58f3-4e00-bd70-8f9c205d56d1,net/selfip/mrmister/codeRunner/entities/Player.java,getRelativeX
2c460e35-58f3-4e00-bd70-8f9c205d56d1,189a9e06-9ce4-4023-be04-19b8bbf813cd,16e0848a-c36d-4851-8316-f439b693a61b,->,2c460e35-58f3-4e00-bd70-8f9c205d56d1,15a956cd-2859-4cc0-b79e-ec691402cdb2,90b13c1c-946b-415e-b9fd-dca089f79805
2c460e35-58f3-4e00-bd70-8f9c205d56d1,189a9e06-9ce4-4023-be04-19b8bbf813cd,16e0848a-c36d-4851-8316-f439b693a61b,->,2c460e35-58f3-4e00-bd70-8f9c205d56d1,net/selfip/mrmister/codeRunner/entities/Player.java,getRelativeX
2c460e35-58f3-4e00-bd70-8f9c205d56d1,189a9e06-9ce4-4023-be04-19b8bbf813cd,16e0848a-c36d-4851-8316-f439b693a61b,->,2c460e35-58f3-4e00-bd70-8f9c205d56d1,net/selfip/mrmister/codeRunner/entities/Player.java,setRelativeX
2c460e35-58f3-4e00-bd70-8f9c205d56d1,189a9e06-9ce4-4023-be04-19b8bbf813cd,16e0848a-c36d-4851-8316-f439b693a61b,->,2c460e35-58f3-4e00-bd70-8f9c205d56d1,net/selfip/mrmister/codeRunner/entities/Player.java,getRelativeY
2c460e35-58f3-4e00-bd70-8f9c205d56d1,189a9e06-9ce4-4023-be04-19b8bbf813cd,16e0848a-c36d-4851-8316-f439b693a61b,->,2c460e35-58f3-4e00-bd70-8f9c205d56d1,net/selfip/mrmister/codeRunner/entities/Player.java,setRelativeY
2c460e35-58f3-4e00-bd70-8f9c205d56d1,189a9e06-9ce4-4023-be04-19b8bbf813cd,7cdc2510-543f-487b-ab03-4496ab965a1e,->,2c460e35-58f3-4e00-bd70-8f9c205d56d1,java/lang/System.java,nanoTime
2c460e35-58f3-4e00-bd70-8f9c205d56d1,189a9e06-9ce4-4023-be04-19b8bbf813cd,7cdc2510-543f-487b-ab03-4496ab965a1e,->,2c460e35-58f3-4e00-bd70-8f9c205d56d1,189a9e06-9ce4-4023-be04-19b8bbf813cd,4439740a-ad13-4ba8-93e5-7266101297f1
2c460e35-58f3-4e00-bd70-8f9c205d56d1,189a9e06-9ce4-4023-be04-19b8bbf813cd,7cdc2510-543f-487b-ab03-4496ab965a1e,->,2c460e35-58f3-4e00-bd70-8f9c205d56d1,net/selfip/mrmister/codeRunner/entities/Player.java,getRelativeY
2c460e35-58f3-4e00-bd70-8f9c205d56d1,189a9e06-9ce4-4023-be04-19b8bbf813cd,7cdc2510-543f-487b-ab03-4496ab965a1e,->,2c460e35-58f3-4e00-bd70-8f9c205d56d1,net/selfip/mrmister/codeRunner/entities/Player.java,setRelativeY
2c460e35-58f3-4e00-bd70-8f9c205d56d1,189a9e06-9ce4-4023-be04-19b8bbf813cd,dfa4431f-424b-47e6-b463-796c60940f05,->,2c460e35-58f3-4e00-bd70-8f9c205d56d1,net/selfip/mrmister/codeRunner/entities/Player.java,onGround
2c460e35-58f3-4e00-bd70-8f9c205d56d1,189a9e06-9ce4-4023-be04-19b8bbf813cd,dfa4431f-424b-47e6-b463-796c60940f05,->,2c460e35-58f3-4e00-bd70-8f9c205d56d1,java/lang/System.java,nanoTime
2c460e35-58f3-4e00-bd70-8f9c205d56d1,189a9e06-9ce4-4023-be04-19b8bbf813cd,bc6d3d07-f890-44eb-925b-83f3ed8a246d,->,2c460e35-58f3-4e00-bd70-8f9c205d56d1,36094d91-d8c1-4d83-9967-58c02b6ee6e7,86c4b830-5668-4215-886e-bcdce2ee1aef
2c460e35-58f3-4e00-bd70-8f9c205d56d1,189a9e06-9ce4-4023-be04-19b8bbf813cd,bc6d3d07-f890-44eb-925b-83f3ed8a246d,->,2c460e35-58f3-4e00-bd70-8f9c205d56d1,java/lang/StringBuilder.java,append
2c460e35-58f3-4e00-bd70-8f9c205d56d1,189a9e06-9ce4-4023-be04-19b8bbf813cd,bc6d3d07-f890-44eb-925b-83f3ed8a246d,->,2c460e35-58f3-4e00-bd70-8f9c205d56d1,java/lang/StringBuilder.java,append
2c460e35-58f3-4e00-bd70-8f9c205d56d1,189a9e06-9ce4-4023-be04-19b8bbf813cd,bc6d3d07-f890-44eb-925b-83f3ed8a246d,->,2c460e35-58f3-4e00-bd70-8f9c205d56d1,java/lang/StringBuilder.java,append
2c460e35-58f3-4e00-bd70-8f9c205d56d1,189a9e06-9ce4-4023-be04-19b8bbf813cd,bc6d3d07-f890-44eb-925b-83f3ed8a246d,->,2c460e35-58f3-4e00-bd70-8f9c205d56d1,net/selfip/mrmister/codeRunner/entities/Player.java,getRelativeY
2c460e35-58f3-4e00-bd70-8f9c205d56d1,189a9e06-9ce4-4023-be04-19b8bbf813cd,bc6d3d07-f890-44eb-925b-83f3ed8a246d,->,2c460e35-58f3-4e00-bd70-8f9c205d56d1,java/lang/StringBuilder.java,append
2c460e35-58f3-4e00-bd70-8f9c205d56d1,189a9e06-9ce4-4023-be04-19b8bbf813cd,bc6d3d07-f890-44eb-925b-83f3ed8a246d,->,2c460e35-58f3-4e00-bd70-8f9c205d56d1,java/lang/StringBuilder.java,toString
2c460e35-58f3-4e00-bd70-8f9c205d56d1,189a9e06-9ce4-4023-be04-19b8bbf813cd,bc6d3d07-f890-44eb-925b-83f3ed8a246d,->,2c460e35-58f3-4e00-bd70-8f9c205d56d1,d9f07460-4aaa-4b4e-acc4-7fd0c13bc03b,ace250a7-4a12-4e11-8f6a-77c518d1dc2c
2c460e35-58f3-4e00-bd70-8f9c205d56d1,189a9e06-9ce4-4023-be04-19b8bbf813cd,bc6d3d07-f890-44eb-925b-83f3ed8a246d,->,2c460e35-58f3-4e00-bd70-8f9c205d56d1,java/lang/StringBuilder.java,append
2c460e35-58f3-4e00-bd70-8f9c205d56d1,189a9e06-9ce4-4023-be04-19b8bbf813cd,bc6d3d07-f890-44eb-925b-83f3ed8a246d,->,2c460e35-58f3-4e00-bd70-8f9c205d56d1,java/lang/StringBuilder.java,append
2c460e35-58f3-4e00-bd70-8f9c205d56d1,189a9e06-9ce4-4023-be04-19b8bbf813cd,bc6d3d07-f890-44eb-925b-83f3ed8a246d,->,2c460e35-58f3-4e00-bd70-8f9c205d56d1,java/lang/StringBuilder.java,append
2c460e35-58f3-4e00-bd70-8f9c205d56d1,189a9e06-9ce4-4023-be04-19b8bbf813cd,bc6d3d07-f890-44eb-925b-83f3ed8a246d,->,2c460e35-58f3-4e00-bd70-8f9c205d56d1,java/lang/StringBuilder.java,append
2c460e35-58f3-4e00-bd70-8f9c205d56d1,189a9e06-9ce4-4023-be04-19b8bbf813cd,bc6d3d07-f890-44eb-925b-83f3ed8a246d,->,2c460e35-58f3-4e00-bd70-8f9c205d56d1,java/lang/StringBuilder.java,toString
2c460e35-58f3-4e00-bd70-8f9c205d56d1,189a9e06-9ce4-4023-be04-19b8bbf813cd,bc6d3d07-f890-44eb-925b-83f3ed8a246d,->,2c460e35-58f3-4e00-bd70-8f9c205d56d1,d9f07460-4aaa-4b4e-acc4-7fd0c13bc03b,ace250a7-4a12-4e11-8f6a-77c518d1dc2c
2c460e35-58f3-4e00-bd70-8f9c205d56d1,189a9e06-9ce4-4023-be04-19b8bbf813cd,bc6d3d07-f890-44eb-925b-83f3ed8a246d,->,2c460e35-58f3-4e00-bd70-8f9c205d56d1,189a9e06-9ce4-4023-be04-19b8bbf813cd,24b241f8-270c-4516-a84b-251b1b7c86bd
2c460e35-58f3-4e00-bd70-8f9c205d56d1,189a9e06-9ce4-4023-be04-19b8bbf813cd,bc6d3d07-f890-44eb-925b-83f3ed8a246d,->,2c460e35-58f3-4e00-bd70-8f9c205d56d1,java/lang/StringBuilder.java,append
2c460e35-58f3-4e00-bd70-8f9c205d56d1,189a9e06-9ce4-4023-be04-19b8bbf813cd,bc6d3d07-f890-44eb-925b-83f3ed8a246d,->,2c460e35-58f3-4e00-bd70-8f9c205d56d1,java/lang/StringBuilder.java,append
2c460e35-58f3-4e00-bd70-8f9c205d56d1,189a9e06-9ce4-4023-be04-19b8bbf813cd,bc6d3d07-f890-44eb-925b-83f3ed8a246d,->,2c460e35-58f3-4e00-bd70-8f9c205d56d1,java/lang/StringBuilder.java,append
2c460e35-58f3-4e00-bd70-8f9c205d56d1,189a9e06-9ce4-4023-be04-19b8bbf813cd,bc6d3d07-f890-44eb-925b-83f3ed8a246d,->,2c460e35-58f3-4e00-bd70-8f9c205d56d1,java/lang/StringBuilder.java,toString
2c460e35-58f3-4e00-bd70-8f9c205d56d1,189a9e06-9ce4-4023-be04-19b8bbf813cd,bc6d3d07-f890-44eb-925b-83f3ed8a246d,->,2c460e35-58f3-4e00-bd70-8f9c205d56d1,d9f07460-4aaa-4b4e-acc4-7fd0c13bc03b,f0b2265b-3d61-40eb-8f26-153e0956e485
2c460e35-58f3-4e00-bd70-8f9c205d56d1,189a9e06-9ce4-4023-be04-19b8bbf813cd,bc6d3d07-f890-44eb-925b-83f3ed8a246d,->,2c460e35-58f3-4e00-bd70-8f9c205d56d1,87289237-d79d-463a-8a63-85428eb31c77,7c4d8216-89d9-4b09-b177-4f2b8039f42b
2c460e35-58f3-4e00-bd70-8f9c205d56d1,189a9e06-9ce4-4023-be04-19b8bbf813cd,ae435cb3-9925-4532-b08a-f8312d1f3f92,->,2c460e35-58f3-4e00-bd70-8f9c205d56d1,javax/swing/JFrame.java,getKeyListeners
2c460e35-58f3-4e00-bd70-8f9c205d56d1,189a9e06-9ce4-4023-be04-19b8bbf813cd,ae435cb3-9925-4532-b08a-f8312d1f3f92,->,2c460e35-58f3-4e00-bd70-8f9c205d56d1,javax/swing/JFrame.java,removeKeyListener
2c460e35-58f3-4e00-bd70-8f9c205d56d1,189a9e06-9ce4-4023-be04-19b8bbf813cd,ae435cb3-9925-4532-b08a-f8312d1f3f92,->,2c460e35-58f3-4e00-bd70-8f9c205d56d1,javax/swing/JFrame.java,addKeyListener
2c460e35-58f3-4e00-bd70-8f9c205d56d1,189a9e06-9ce4-4023-be04-19b8bbf813cd,24b241f8-270c-4516-a84b-251b1b7c86bd,->,2c460e35-58f3-4e00-bd70-8f9c205d56d1,net/selfip/mrmister/codeRunner/lang/I18n.java,getTranslationFor
2c460e35-58f3-4e00-bd70-8f9c205d56d1,net/selfip/mrmister/codeRunner/entities/Player.java,access$000,->,2c460e35-58f3-4e00-bd70-8f9c205d56d1,189a9e06-9ce4-4023-be04-19b8bbf813cd,dfa4431f-424b-47e6-b463-796c60940f05
2c460e35-58f3-4e00-bd70-8f9c205d56d1,net/selfip/mrmister/codeRunner/entities/Player.java,access$100,->,2c460e35-58f3-4e00-bd70-8f9c205d56d1,189a9e06-9ce4-4023-be04-19b8bbf813cd,4439740a-ad13-4ba8-93e5-7266101297f1
2c460e35-58f3-4e00-bd70-8f9c205d56d1,b1259ce4-4d97-45fc-9287-54390fcc6e04,2eb0ce7a-7d0c-4f69-ac65-7d36451cefb6,->,2c460e35-58f3-4e00-bd70-8f9c205d56d1,javax/swing/Timer.java,start
2c460e35-58f3-4e00-bd70-8f9c205d56d1,b1259ce4-4d97-45fc-9287-54390fcc6e04,13b705fd-16a4-4f6d-b47a-253fdd503608,->,2c460e35-58f3-4e00-bd70-8f9c205d56d1,javax/swing/Timer.java,stop
2c460e35-58f3-4e00-bd70-8f9c205d56d1,b1259ce4-4d97-45fc-9287-54390fcc6e04,d9656c62-33de-42f8-a09f-a27137b68898,->,2c460e35-58f3-4e00-bd70-8f9c205d56d1,15a956cd-2859-4cc0-b79e-ec691402cdb2,f6d837e9-d083-49d9-89b5-9935437e672e
2c460e35-58f3-4e00-bd70-8f9c205d56d1,b1259ce4-4d97-45fc-9287-54390fcc6e04,d9656c62-33de-42f8-a09f-a27137b68898,->,2c460e35-58f3-4e00-bd70-8f9c205d56d1,java/lang/Math.java,random
2c460e35-58f3-4e00-bd70-8f9c205d56d1,b1259ce4-4d97-45fc-9287-54390fcc6e04,d9656c62-33de-42f8-a09f-a27137b68898,->,2c460e35-58f3-4e00-bd70-8f9c205d56d1,java/util/logging/Logger.java,info
2c460e35-58f3-4e00-bd70-8f9c205d56d1,b1259ce4-4d97-45fc-9287-54390fcc6e04,d9656c62-33de-42f8-a09f-a27137b68898,->,2c460e35-58f3-4e00-bd70-8f9c205d56d1,net/selfip/mrmister/codeRunner/frame/RunnerPanel.java,getWidth
2c460e35-58f3-4e00-bd70-8f9c205d56d1,b1259ce4-4d97-45fc-9287-54390fcc6e04,d9656c62-33de-42f8-a09f-a27137b68898,->,2c460e35-58f3-4e00-bd70-8f9c205d56d1,15a956cd-2859-4cc0-b79e-ec691402cdb2,f6d837e9-d083-49d9-89b5-9935437e672e
2c460e35-58f3-4e00-bd70-8f9c205d56d1,b1259ce4-4d97-45fc-9287-54390fcc6e04,d9656c62-33de-42f8-a09f-a27137b68898,->,2c460e35-58f3-4e00-bd70-8f9c205d56d1,java/lang/Math.java,random
2c460e35-58f3-4e00-bd70-8f9c205d56d1,b1259ce4-4d97-45fc-9287-54390fcc6e04,d9656c62-33de-42f8-a09f-a27137b68898,->,2c460e35-58f3-4e00-bd70-8f9c205d56d1,java/util/logging/Logger.java,info
2c460e35-58f3-4e00-bd70-8f9c205d56d1,b1259ce4-4d97-45fc-9287-54390fcc6e04,d9656c62-33de-42f8-a09f-a27137b68898,->,2c460e35-58f3-4e00-bd70-8f9c205d56d1,net/selfip/mrmister/codeRunner/frame/RunnerPanel.java,getWidth
2c460e35-58f3-4e00-bd70-8f9c205d56d1,b1259ce4-4d97-45fc-9287-54390fcc6e04,d9656c62-33de-42f8-a09f-a27137b68898,->,2c460e35-58f3-4e00-bd70-8f9c205d56d1,15a956cd-2859-4cc0-b79e-ec691402cdb2,f6d837e9-d083-49d9-89b5-9935437e672e
2c460e35-58f3-4e00-bd70-8f9c205d56d1,b1259ce4-4d97-45fc-9287-54390fcc6e04,d9656c62-33de-42f8-a09f-a27137b68898,->,2c460e35-58f3-4e00-bd70-8f9c205d56d1,java/lang/Math.java,random
2c460e35-58f3-4e00-bd70-8f9c205d56d1,b1259ce4-4d97-45fc-9287-54390fcc6e04,d9656c62-33de-42f8-a09f-a27137b68898,->,2c460e35-58f3-4e00-bd70-8f9c205d56d1,java/util/logging/Logger.java,info
2c460e35-58f3-4e00-bd70-8f9c205d56d1,b1259ce4-4d97-45fc-9287-54390fcc6e04,d9656c62-33de-42f8-a09f-a27137b68898,->,2c460e35-58f3-4e00-bd70-8f9c205d56d1,net/selfip/mrmister/codeRunner/frame/RunnerPanel.java,getWidth
2c460e35-58f3-4e00-bd70-8f9c205d56d1,b1259ce4-4d97-45fc-9287-54390fcc6e04,d9656c62-33de-42f8-a09f-a27137b68898,->,2c460e35-58f3-4e00-bd70-8f9c205d56d1,15a956cd-2859-4cc0-b79e-ec691402cdb2,f6d837e9-d083-49d9-89b5-9935437e672e
2c460e35-58f3-4e00-bd70-8f9c205d56d1,b1259ce4-4d97-45fc-9287-54390fcc6e04,d9656c62-33de-42f8-a09f-a27137b68898,->,2c460e35-58f3-4e00-bd70-8f9c205d56d1,15a956cd-2859-4cc0-b79e-ec691402cdb2,b1dedb2b-6047-4664-9e2c-4c5d968ce0e9
2c460e35-58f3-4e00-bd70-8f9c205d56d1,b1259ce4-4d97-45fc-9287-54390fcc6e04,d9656c62-33de-42f8-a09f-a27137b68898,->,2c460e35-58f3-4e00-bd70-8f9c205d56d1,15a956cd-2859-4cc0-b79e-ec691402cdb2,f6d837e9-d083-49d9-89b5-9935437e672e
2c460e35-58f3-4e00-bd70-8f9c205d56d1,b1259ce4-4d97-45fc-9287-54390fcc6e04,4036a9cf-b49a-4c91-b06e-4c3bb59e123a,->,2c460e35-58f3-4e00-bd70-8f9c205d56d1,java/awt/event/ActionEvent.java,getSource
2c460e35-58f3-4e00-bd70-8f9c205d56d1,b1259ce4-4d97-45fc-9287-54390fcc6e04,4036a9cf-b49a-4c91-b06e-4c3bb59e123a,->,2c460e35-58f3-4e00-bd70-8f9c205d56d1,java/lang/Object.java,equals
2c460e35-58f3-4e00-bd70-8f9c205d56d1,b1259ce4-4d97-45fc-9287-54390fcc6e04,4036a9cf-b49a-4c91-b06e-4c3bb59e123a,->,2c460e35-58f3-4e00-bd70-8f9c205d56d1,b1259ce4-4d97-45fc-9287-54390fcc6e04,d9656c62-33de-42f8-a09f-a27137b68898
2c460e35-58f3-4e00-bd70-8f9c205d56d1,87289237-d79d-463a-8a63-85428eb31c77,c426f21b-04a5-45df-9df3-5d06bf97d67d,->,2c460e35-58f3-4e00-bd70-8f9c205d56d1,87289237-d79d-463a-8a63-85428eb31c77,12a0b411-3b81-4acf-83b9-20fb7a505615
2c460e35-58f3-4e00-bd70-8f9c205d56d1,87289237-d79d-463a-8a63-85428eb31c77,c426f21b-04a5-45df-9df3-5d06bf97d67d,->,2c460e35-58f3-4e00-bd70-8f9c205d56d1,net/selfip/mrmister/codeRunner/frame/RunnerPanel.java,getHeight
2c460e35-58f3-4e00-bd70-8f9c205d56d1,87289237-d79d-463a-8a63-85428eb31c77,4d831b46-bf40-4f50-8f0a-31fa03954da5,->,2c460e35-58f3-4e00-bd70-8f9c205d56d1,87289237-d79d-463a-8a63-85428eb31c77,12a0b411-3b81-4acf-83b9-20fb7a505615
2c460e35-58f3-4e00-bd70-8f9c205d56d1,87289237-d79d-463a-8a63-85428eb31c77,4d831b46-bf40-4f50-8f0a-31fa03954da5,->,2c460e35-58f3-4e00-bd70-8f9c205d56d1,net/selfip/mrmister/codeRunner/frame/RunnerPanel.java,getHeight
2c460e35-58f3-4e00-bd70-8f9c205d56d1,87289237-d79d-463a-8a63-85428eb31c77,6114c8e9-c6ff-4a86-a887-80b512cde290,->,2c460e35-58f3-4e00-bd70-8f9c205d56d1,87289237-d79d-463a-8a63-85428eb31c77,12a0b411-3b81-4acf-83b9-20fb7a505615
2c460e35-58f3-4e00-bd70-8f9c205d56d1,87289237-d79d-463a-8a63-85428eb31c77,6114c8e9-c6ff-4a86-a887-80b512cde290,->,2c460e35-58f3-4e00-bd70-8f9c205d56d1,15a956cd-2859-4cc0-b79e-ec691402cdb2,f6d837e9-d083-49d9-89b5-9935437e672e
2c460e35-58f3-4e00-bd70-8f9c205d56d1,87289237-d79d-463a-8a63-85428eb31c77,aec08ba2-fb41-497f-b656-d12578f0cdeb,->,2c460e35-58f3-4e00-bd70-8f9c205d56d1,87289237-d79d-463a-8a63-85428eb31c77,12a0b411-3b81-4acf-83b9-20fb7a505615
2c460e35-58f3-4e00-bd70-8f9c205d56d1,87289237-d79d-463a-8a63-85428eb31c77,aec08ba2-fb41-497f-b656-d12578f0cdeb,->,2c460e35-58f3-4e00-bd70-8f9c205d56d1,15a956cd-2859-4cc0-b79e-ec691402cdb2,f6d837e9-d083-49d9-89b5-9935437e672e
2c460e35-58f3-4e00-bd70-8f9c205d56d1,87289237-d79d-463a-8a63-85428eb31c77,39dd9165-282e-4520-950c-e581454c1aa1,->,2c460e35-58f3-4e00-bd70-8f9c205d56d1,87289237-d79d-463a-8a63-85428eb31c77,c426f21b-04a5-45df-9df3-5d06bf97d67d
2c460e35-58f3-4e00-bd70-8f9c205d56d1,87289237-d79d-463a-8a63-85428eb31c77,7c4d8216-89d9-4b09-b177-4f2b8039f42b,->,2c460e35-58f3-4e00-bd70-8f9c205d56d1,87289237-d79d-463a-8a63-85428eb31c77,6114c8e9-c6ff-4a86-a887-80b512cde290
2c460e35-58f3-4e00-bd70-8f9c205d56d1,87289237-d79d-463a-8a63-85428eb31c77,7c4d8216-89d9-4b09-b177-4f2b8039f42b,->,2c460e35-58f3-4e00-bd70-8f9c205d56d1,java/awt/Graphics.java,drawImage
2c460e35-58f3-4e00-bd70-8f9c205d56d1,87289237-d79d-463a-8a63-85428eb31c77,41c4a671-3f57-49db-9e4a-e584845ee271,->,2c460e35-58f3-4e00-bd70-8f9c205d56d1,87289237-d79d-463a-8a63-85428eb31c77,6114c8e9-c6ff-4a86-a887-80b512cde290
2c460e35-58f3-4e00-bd70-8f9c205d56d1,d38e2190-40d4-47a4-ba50-e5d4bf6459e6,e0b00bc6-668e-46de-95fd-97c83b0d26f9,->,2c460e35-58f3-4e00-bd70-8f9c205d56d1,net/selfip/mrmister/codeRunner/entities/Coffee.java,intersects
2c460e35-58f3-4e00-bd70-8f9c205d56d1,d38e2190-40d4-47a4-ba50-e5d4bf6459e6,e0b00bc6-668e-46de-95fd-97c83b0d26f9,->,2c460e35-58f3-4e00-bd70-8f9c205d56d1,189a9e06-9ce4-4023-be04-19b8bbf813cd,1a223556-e9b4-46e3-8b41-ed0457731fb5
2c460e35-58f3-4e00-bd70-8f9c205d56d1,d38e2190-40d4-47a4-ba50-e5d4bf6459e6,4997a4ef-4c7f-4cf7-9ae0-0fc468d85074,->,2c460e35-58f3-4e00-bd70-8f9c205d56d1,36094d91-d8c1-4d83-9967-58c02b6ee6e7,f410309e-a88d-4ef2-90e5-a5339416c0a7
2c460e35-58f3-4e00-bd70-8f9c205d56d1,e7e86d4a-5c70-402f-8d0a-3b0230db179f,280a37a3-c3b1-4e3b-a277-ace092c5416e,->,2c460e35-58f3-4e00-bd70-8f9c205d56d1,net/selfip/mrmister/codeRunner/entities/Bug.java,intersects
2c460e35-58f3-4e00-bd70-8f9c205d56d1,e7e86d4a-5c70-402f-8d0a-3b0230db179f,280a37a3-c3b1-4e3b-a277-ace092c5416e,->,2c460e35-58f3-4e00-bd70-8f9c205d56d1,189a9e06-9ce4-4023-be04-19b8bbf813cd,652edbd6-1ec0-421f-880b-27c266f7995d
2c460e35-58f3-4e00-bd70-8f9c205d56d1,e7e86d4a-5c70-402f-8d0a-3b0230db179f,903afa6a-5443-4338-a951-253c67973fc0,->,2c460e35-58f3-4e00-bd70-8f9c205d56d1,net/selfip/mrmister/codeRunner/entities/Bug.java,getRelativeY
2c460e35-58f3-4e00-bd70-8f9c205d56d1,e7e86d4a-5c70-402f-8d0a-3b0230db179f,903afa6a-5443-4338-a951-253c67973fc0,->,2c460e35-58f3-4e00-bd70-8f9c205d56d1,net/selfip/mrmister/codeRunner/entities/Bug.java,getRelativeY
2c460e35-58f3-4e00-bd70-8f9c205d56d1,e7e86d4a-5c70-402f-8d0a-3b0230db179f,903afa6a-5443-4338-a951-253c67973fc0,->,2c460e35-58f3-4e00-bd70-8f9c205d56d1,87289237-d79d-463a-8a63-85428eb31c77,f28931f7-3d2c-47a8-9cef-8a08cff42e41
2c460e35-58f3-4e00-bd70-8f9c205d56d1,e7e86d4a-5c70-402f-8d0a-3b0230db179f,46409fb9-3df6-4141-8c6f-d193a2afa885,->,2c460e35-58f3-4e00-bd70-8f9c205d56d1,36094d91-d8c1-4d83-9967-58c02b6ee6e7,f410309e-a88d-4ef2-90e5-a5339416c0a7
2c460e35-58f3-4e00-bd70-8f9c205d56d1,24e2208b-1b49-4bed-a3c5-b763d88b206f,c3dcf03b-0c5d-4264-9569-5d85a023914d,->,2c460e35-58f3-4e00-bd70-8f9c205d56d1,java/awt/Graphics.java,setColor
2c460e35-58f3-4e00-bd70-8f9c205d56d1,24e2208b-1b49-4bed-a3c5-b763d88b206f,c3dcf03b-0c5d-4264-9569-5d85a023914d,->,2c460e35-58f3-4e00-bd70-8f9c205d56d1,net/selfip/mrmister/codeRunner/entities/Bed.java,getRelativeX
2c460e35-58f3-4e00-bd70-8f9c205d56d1,24e2208b-1b49-4bed-a3c5-b763d88b206f,c3dcf03b-0c5d-4264-9569-5d85a023914d,->,2c460e35-58f3-4e00-bd70-8f9c205d56d1,java/awt/Graphics.java,fillRect
2c460e35-58f3-4e00-bd70-8f9c205d56d1,24e2208b-1b49-4bed-a3c5-b763d88b206f,c3dcf03b-0c5d-4264-9569-5d85a023914d,->,2c460e35-58f3-4e00-bd70-8f9c205d56d1,net/selfip/mrmister/codeRunner/entities/Bed.java,getRelativeX
2c460e35-58f3-4e00-bd70-8f9c205d56d1,24e2208b-1b49-4bed-a3c5-b763d88b206f,c3dcf03b-0c5d-4264-9569-5d85a023914d,->,2c460e35-58f3-4e00-bd70-8f9c205d56d1,java/awt/Graphics.java,fillRect
2c460e35-58f3-4e00-bd70-8f9c205d56d1,24e2208b-1b49-4bed-a3c5-b763d88b206f,c3dcf03b-0c5d-4264-9569-5d85a023914d,->,2c460e35-58f3-4e00-bd70-8f9c205d56d1,java/awt/Graphics.java,setColor
2c460e35-58f3-4e00-bd70-8f9c205d56d1,24e2208b-1b49-4bed-a3c5-b763d88b206f,c3dcf03b-0c5d-4264-9569-5d85a023914d,->,2c460e35-58f3-4e00-bd70-8f9c205d56d1,net/selfip/mrmister/codeRunner/entities/Bed.java,getRelativeX
2c460e35-58f3-4e00-bd70-8f9c205d56d1,24e2208b-1b49-4bed-a3c5-b763d88b206f,c3dcf03b-0c5d-4264-9569-5d85a023914d,->,2c460e35-58f3-4e00-bd70-8f9c205d56d1,java/awt/Graphics.java,fillRect
2c460e35-58f3-4e00-bd70-8f9c205d56d1,24e2208b-1b49-4bed-a3c5-b763d88b206f,c3dcf03b-0c5d-4264-9569-5d85a023914d,->,2c460e35-58f3-4e00-bd70-8f9c205d56d1,java/awt/Graphics.java,setColor
2c460e35-58f3-4e00-bd70-8f9c205d56d1,24e2208b-1b49-4bed-a3c5-b763d88b206f,c3dcf03b-0c5d-4264-9569-5d85a023914d,->,2c460e35-58f3-4e00-bd70-8f9c205d56d1,net/selfip/mrmister/codeRunner/entities/Bed.java,getRelativeX
2c460e35-58f3-4e00-bd70-8f9c205d56d1,24e2208b-1b49-4bed-a3c5-b763d88b206f,c3dcf03b-0c5d-4264-9569-5d85a023914d,->,2c460e35-58f3-4e00-bd70-8f9c205d56d1,java/awt/Graphics.java,fillRect
2c460e35-58f3-4e00-bd70-8f9c205d56d1,24e2208b-1b49-4bed-a3c5-b763d88b206f,4e3b070f-a5b6-475b-98b6-1fefdcc33d4d,->,2c460e35-58f3-4e00-bd70-8f9c205d56d1,net/selfip/mrmister/codeRunner/entities/Bed.java,intersects
2c460e35-58f3-4e00-bd70-8f9c205d56d1,24e2208b-1b49-4bed-a3c5-b763d88b206f,4e3b070f-a5b6-475b-98b6-1fefdcc33d4d,->,2c460e35-58f3-4e00-bd70-8f9c205d56d1,189a9e06-9ce4-4023-be04-19b8bbf813cd,1849dade-dd0c-4494-9c55-7c8e29e245ca
2c460e35-58f3-4e00-bd70-8f9c205d56d1,net/selfip/mrmister/codeRunner/lang/I18n.java,init,->,2c460e35-58f3-4e00-bd70-8f9c205d56d1,net/selfip/mrmister/codeRunner/lang/I18n.java,init
2c460e35-58f3-4e00-bd70-8f9c205d56d1,net/selfip/mrmister/codeRunner/lang/I18n.java,init,->,2c460e35-58f3-4e00-bd70-8f9c205d56d1,java/lang/StringBuilder.java,append
2c460e35-58f3-4e00-bd70-8f9c205d56d1,net/selfip/mrmister/codeRunner/lang/I18n.java,init,->,2c460e35-58f3-4e00-bd70-8f9c205d56d1,java/lang/StringBuilder.java,append
2c460e35-58f3-4e00-bd70-8f9c205d56d1,net/selfip/mrmister/codeRunner/lang/I18n.java,init,->,2c460e35-58f3-4e00-bd70-8f9c205d56d1,java/lang/StringBuilder.java,append
2c460e35-58f3-4e00-bd70-8f9c205d56d1,net/selfip/mrmister/codeRunner/lang/I18n.java,init,->,2c460e35-58f3-4e00-bd70-8f9c205d56d1,java/lang/StringBuilder.java,append
2c460e35-58f3-4e00-bd70-8f9c205d56d1,net/selfip/mrmister/codeRunner/lang/I18n.java,init,->,2c460e35-58f3-4e00-bd70-8f9c205d56d1,java/lang/StringBuilder.java,toString
2c460e35-58f3-4e00-bd70-8f9c205d56d1,net/selfip/mrmister/codeRunner/lang/I18n.java,init,->,2c460e35-58f3-4e00-bd70-8f9c205d56d1,java/io/File.java,exists
2c460e35-58f3-4e00-bd70-8f9c205d56d1,net/selfip/mrmister/codeRunner/lang/I18n.java,init,->,2c460e35-58f3-4e00-bd70-8f9c205d56d1,java/io/File.java,createNewFile
2c460e35-58f3-4e00-bd70-8f9c205d56d1,net/selfip/mrmister/codeRunner/lang/I18n.java,init,->,2c460e35-58f3-4e00-bd70-8f9c205d56d1,java/lang/StringBuilder.java,append
2c460e35-58f3-4e00-bd70-8f9c205d56d1,net/selfip/mrmister/codeRunner/lang/I18n.java,init,->,2c460e35-58f3-4e00-bd70-8f9c205d56d1,java/lang/StringBuilder.java,append
2c460e35-58f3-4e00-bd70-8f9c205d56d1,net/selfip/mrmister/codeRunner/lang/I18n.java,init,->,2c460e35-58f3-4e00-bd70-8f9c205d56d1,java/lang/StringBuilder.java,append
2c460e35-58f3-4e00-bd70-8f9c205d56d1,net/selfip/mrmister/codeRunner/lang/I18n.java,init,->,2c460e35-58f3-4e00-bd70-8f9c205d56d1,java/io/IOException.java,getMessage
2c460e35-58f3-4e00-bd70-8f9c205d56d1,net/selfip/mrmister/codeRunner/lang/I18n.java,init,->,2c460e35-58f3-4e00-bd70-8f9c205d56d1,java/lang/StringBuilder.java,append
2c460e35-58f3-4e00-bd70-8f9c205d56d1,net/selfip/mrmister/codeRunner/lang/I18n.java,init,->,2c460e35-58f3-4e00-bd70-8f9c205d56d1,java/lang/StringBuilder.java,toString
2c460e35-58f3-4e00-bd70-8f9c205d56d1,net/selfip/mrmister/codeRunner/lang/I18n.java,init,->,2c460e35-58f3-4e00-bd70-8f9c205d56d1,java/io/BufferedReader.java,readLine
2c460e35-58f3-4e00-bd70-8f9c205d56d1,net/selfip/mrmister/codeRunner/lang/I18n.java,init,->,2c460e35-58f3-4e00-bd70-8f9c205d56d1,java/lang/String.java,split
2c460e35-58f3-4e00-bd70-8f9c205d56d1,net/selfip/mrmister/codeRunner/lang/I18n.java,init,->,2c460e35-58f3-4e00-bd70-8f9c205d56d1,java/util/Hashtable.java,put
2c460e35-58f3-4e00-bd70-8f9c205d56d1,net/selfip/mrmister/codeRunner/lang/I18n.java,init,->,2c460e35-58f3-4e00-bd70-8f9c205d56d1,java/io/BufferedReader.java,readLine
2c460e35-58f3-4e00-bd70-8f9c205d56d1,net/selfip/mrmister/codeRunner/lang/I18n.java,init,->,2c460e35-58f3-4e00-bd70-8f9c205d56d1,java/io/BufferedReader.java,close
2c460e35-58f3-4e00-bd70-8f9c205d56d1,net/selfip/mrmister/codeRunner/lang/I18n.java,init,->,2c460e35-58f3-4e00-bd70-8f9c205d56d1,java/io/BufferedReader.java,close
2c460e35-58f3-4e00-bd70-8f9c205d56d1,net/selfip/mrmister/codeRunner/lang/I18n.java,init,->,2c460e35-58f3-4e00-bd70-8f9c205d56d1,java/io/BufferedReader.java,close
2c460e35-58f3-4e00-bd70-8f9c205d56d1,net/selfip/mrmister/codeRunner/lang/I18n.java,getTranslationFor,->,2c460e35-58f3-4e00-bd70-8f9c205d56d1,java/util/Hashtable.java,containsKey
2c460e35-58f3-4e00-bd70-8f9c205d56d1,net/selfip/mrmister/codeRunner/lang/I18n.java,getTranslationFor,->,2c460e35-58f3-4e00-bd70-8f9c205d56d1,java/util/Hashtable.java,get
2c460e35-58f3-4e00-bd70-8f9c205d56d1,d9f07460-4aaa-4b4e-acc4-7fd0c13bc03b,ace250a7-4a12-4e11-8f6a-77c518d1dc2c,->,2c460e35-58f3-4e00-bd70-8f9c205d56d1,java/awt/Graphics.java,setColor
2c460e35-58f3-4e00-bd70-8f9c205d56d1,d9f07460-4aaa-4b4e-acc4-7fd0c13bc03b,ace250a7-4a12-4e11-8f6a-77c518d1dc2c,->,2c460e35-58f3-4e00-bd70-8f9c205d56d1,java/awt/Graphics.java,setFont
2c460e35-58f3-4e00-bd70-8f9c205d56d1,d9f07460-4aaa-4b4e-acc4-7fd0c13bc03b,ace250a7-4a12-4e11-8f6a-77c518d1dc2c,->,2c460e35-58f3-4e00-bd70-8f9c205d56d1,java/awt/Graphics.java,drawString
2c460e35-58f3-4e00-bd70-8f9c205d56d1,d9f07460-4aaa-4b4e-acc4-7fd0c13bc03b,21d7416b-f5ba-4778-afb9-c733b0a77e9a,->,2c460e35-58f3-4e00-bd70-8f9c205d56d1,java/awt/Graphics.java,setColor
2c460e35-58f3-4e00-bd70-8f9c205d56d1,d9f07460-4aaa-4b4e-acc4-7fd0c13bc03b,21d7416b-f5ba-4778-afb9-c733b0a77e9a,->,2c460e35-58f3-4e00-bd70-8f9c205d56d1,java/awt/Graphics.java,setFont
2c460e35-58f3-4e00-bd70-8f9c205d56d1,d9f07460-4aaa-4b4e-acc4-7fd0c13bc03b,21d7416b-f5ba-4778-afb9-c733b0a77e9a,->,2c460e35-58f3-4e00-bd70-8f9c205d56d1,java/awt/Graphics.java,drawString
2c460e35-58f3-4e00-bd70-8f9c205d56d1,d9f07460-4aaa-4b4e-acc4-7fd0c13bc03b,43668ef0-cfc1-4a7b-9b04-7749ee88d93d,->,2c460e35-58f3-4e00-bd70-8f9c205d56d1,java/awt/Graphics.java,setColor
2c460e35-58f3-4e00-bd70-8f9c205d56d1,d9f07460-4aaa-4b4e-acc4-7fd0c13bc03b,43668ef0-cfc1-4a7b-9b04-7749ee88d93d,->,2c460e35-58f3-4e00-bd70-8f9c205d56d1,java/awt/Graphics.java,setFont
2c460e35-58f3-4e00-bd70-8f9c205d56d1,d9f07460-4aaa-4b4e-acc4-7fd0c13bc03b,43668ef0-cfc1-4a7b-9b04-7749ee88d93d,->,2c460e35-58f3-4e00-bd70-8f9c205d56d1,java/lang/String.java,split
2c460e35-58f3-4e00-bd70-8f9c205d56d1,d9f07460-4aaa-4b4e-acc4-7fd0c13bc03b,43668ef0-cfc1-4a7b-9b04-7749ee88d93d,->,2c460e35-58f3-4e00-bd70-8f9c205d56d1,java/awt/Graphics.java,getFontMetrics
2c460e35-58f3-4e00-bd70-8f9c205d56d1,d9f07460-4aaa-4b4e-acc4-7fd0c13bc03b,43668ef0-cfc1-4a7b-9b04-7749ee88d93d,->,2c460e35-58f3-4e00-bd70-8f9c205d56d1,javax/swing/JPanel.java,getHeight
2c460e35-58f3-4e00-bd70-8f9c205d56d1,d9f07460-4aaa-4b4e-acc4-7fd0c13bc03b,43668ef0-cfc1-4a7b-9b04-7749ee88d93d,->,2c460e35-58f3-4e00-bd70-8f9c205d56d1,javax/swing/JPanel.java,getWidth
2c460e35-58f3-4e00-bd70-8f9c205d56d1,d9f07460-4aaa-4b4e-acc4-7fd0c13bc03b,43668ef0-cfc1-4a7b-9b04-7749ee88d93d,->,2c460e35-58f3-4e00-bd70-8f9c205d56d1,java/awt/FontMetrics.java,stringWidth
2c460e35-58f3-4e00-bd70-8f9c205d56d1,d9f07460-4aaa-4b4e-acc4-7fd0c13bc03b,43668ef0-cfc1-4a7b-9b04-7749ee88d93d,->,2c460e35-58f3-4e00-bd70-8f9c205d56d1,java/awt/Graphics.java,drawString
2c460e35-58f3-4e00-bd70-8f9c205d56d1,d9f07460-4aaa-4b4e-acc4-7fd0c13bc03b,f0b2265b-3d61-40eb-8f26-153e0956e485,->,2c460e35-58f3-4e00-bd70-8f9c205d56d1,java/awt/Graphics.java,setColor
2c460e35-58f3-4e00-bd70-8f9c205d56d1,d9f07460-4aaa-4b4e-acc4-7fd0c13bc03b,f0b2265b-3d61-40eb-8f26-153e0956e485,->,2c460e35-58f3-4e00-bd70-8f9c205d56d1,java/awt/Graphics.java,setFont
2c460e35-58f3-4e00-bd70-8f9c205d56d1,d9f07460-4aaa-4b4e-acc4-7fd0c13bc03b,f0b2265b-3d61-40eb-8f26-153e0956e485,->,2c460e35-58f3-4e00-bd70-8f9c205d56d1,javax/swing/JPanel.java,getWidth
2c460e35-58f3-4e00-bd70-8f9c205d56d1,d9f07460-4aaa-4b4e-acc4-7fd0c13bc03b,f0b2265b-3d61-40eb-8f26-153e0956e485,->,2c460e35-58f3-4e00-bd70-8f9c205d56d1,java/awt/Graphics.java,getFontMetrics
2c460e35-58f3-4e00-bd70-8f9c205d56d1,d9f07460-4aaa-4b4e-acc4-7fd0c13bc03b,f0b2265b-3d61-40eb-8f26-153e0956e485,->,2c460e35-58f3-4e00-bd70-8f9c205d56d1,java/awt/FontMetrics.java,stringWidth
2c460e35-58f3-4e00-bd70-8f9c205d56d1,d9f07460-4aaa-4b4e-acc4-7fd0c13bc03b,f0b2265b-3d61-40eb-8f26-153e0956e485,->,2c460e35-58f3-4e00-bd70-8f9c205d56d1,java/awt/Graphics.java,drawString
2c460e35-58f3-4e00-bd70-8f9c205d56d1,net/selfip/mrmister/codeRunner/frame/MainFrame$1.java,actionPerformed,->,2c460e35-58f3-4e00-bd70-8f9c205d56d1,net/selfip/mrmister/codeRunner/frame/MainFrame.java,access$000
2c460e35-58f3-4e00-bd70-8f9c205d56d1,net/selfip/mrmister/codeRunner/frame/MainFrame$1.java,actionPerformed,->,2c460e35-58f3-4e00-bd70-8f9c205d56d1,15a956cd-2859-4cc0-b79e-ec691402cdb2,2b118f72-e927-4af4-afd8-51919a7a3b40
2c460e35-58f3-4e00-bd70-8f9c205d56d1,net/selfip/mrmister/codeRunner/frame/MainFrame$1.java,actionPerformed,->,2c460e35-58f3-4e00-bd70-8f9c205d56d1,net/selfip/mrmister/codeRunner/frame/MainFrame.java,access$000
2c460e35-58f3-4e00-bd70-8f9c205d56d1,net/selfip/mrmister/codeRunner/frame/MainFrame$1.java,actionPerformed,->,2c460e35-58f3-4e00-bd70-8f9c205d56d1,15a956cd-2859-4cc0-b79e-ec691402cdb2,d851f540-adbf-4edd-aca2-834a39e99b91
2c460e35-58f3-4e00-bd70-8f9c205d56d1,net/selfip/mrmister/codeRunner/frame/MainFrame$1.java,actionPerformed,->,2c460e35-58f3-4e00-bd70-8f9c205d56d1,net/selfip/mrmister/codeRunner/frame/MainFrame.java,access$000
2c460e35-58f3-4e00-bd70-8f9c205d56d1,net/selfip/mrmister/codeRunner/frame/MainFrame$1.java,actionPerformed,->,2c460e35-58f3-4e00-bd70-8f9c205d56d1,15a956cd-2859-4cc0-b79e-ec691402cdb2,5cdbb8f8-1eef-48a5-988b-bb111e497293
2c460e35-58f3-4e00-bd70-8f9c205d56d1,net/selfip/mrmister/codeRunner/frame/MainFrame$2.java,actionPerformed,->,2c460e35-58f3-4e00-bd70-8f9c205d56d1,net/selfip/mrmister/codeRunner/frame/MainFrame.java,access$000
2c460e35-58f3-4e00-bd70-8f9c205d56d1,net/selfip/mrmister/codeRunner/frame/MainFrame$2.java,actionPerformed,->,2c460e35-58f3-4e00-bd70-8f9c205d56d1,15a956cd-2859-4cc0-b79e-ec691402cdb2,bd15c74a-562b-4fff-9b90-a277fdcc1899
2c460e35-58f3-4e00-bd70-8f9c205d56d1,net/selfip/mrmister/codeRunner/frame/MainFrame$2.java,actionPerformed,->,2c460e35-58f3-4e00-bd70-8f9c205d56d1,java/lang/System.java,exit
2c460e35-58f3-4e00-bd70-8f9c205d56d1,d4762ed3-6fe3-4a6e-85a0-d06a244a2768,b51fcdca-f038-4bcc-9ba9-ef9edcea8a9e,->,2c460e35-58f3-4e00-bd70-8f9c205d56d1,d4762ed3-6fe3-4a6e-85a0-d06a244a2768,c54a97a9-1617-423a-854e-7b11a735cb0a
2c460e35-58f3-4e00-bd70-8f9c205d56d1,d4762ed3-6fe3-4a6e-85a0-d06a244a2768,b51fcdca-f038-4bcc-9ba9-ef9edcea8a9e,->,2c460e35-58f3-4e00-bd70-8f9c205d56d1,d4762ed3-6fe3-4a6e-85a0-d06a244a2768,c54a97a9-1617-423a-854e-7b11a735cb0a
2c460e35-58f3-4e00-bd70-8f9c205d56d1,d4762ed3-6fe3-4a6e-85a0-d06a244a2768,b51fcdca-f038-4bcc-9ba9-ef9edcea8a9e,->,2c460e35-58f3-4e00-bd70-8f9c205d56d1,d4762ed3-6fe3-4a6e-85a0-d06a244a2768,c54a97a9-1617-423a-854e-7b11a735cb0a
2c460e35-58f3-4e00-bd70-8f9c205d56d1,d4762ed3-6fe3-4a6e-85a0-d06a244a2768,b51fcdca-f038-4bcc-9ba9-ef9edcea8a9e,->,2c460e35-58f3-4e00-bd70-8f9c205d56d1,e1206996-88c4-4a22-b5ca-b3c2e8881578,77076fcf-af6d-4478-9362-9f986840ff5b
2c460e35-58f3-4e00-bd70-8f9c205d56d1,d4762ed3-6fe3-4a6e-85a0-d06a244a2768,b51fcdca-f038-4bcc-9ba9-ef9edcea8a9e,->,2c460e35-58f3-4e00-bd70-8f9c205d56d1,net/selfip/mrmister/codeRunner/frame/KeyConfigDialog.java,add
2c460e35-58f3-4e00-bd70-8f9c205d56d1,d4762ed3-6fe3-4a6e-85a0-d06a244a2768,c54a97a9-1617-423a-854e-7b11a735cb0a,->,2c460e35-58f3-4e00-bd70-8f9c205d56d1,net/selfip/mrmister/codeRunner/lang/I18n.java,getTranslationFor
2c460e35-58f3-4e00-bd70-8f9c205d56d1,c9c6864a-6a97-4a53-a4e1-ed5537dd3e8e,2d6b650a-d42f-4e3d-8744-9587f9a6e943,->,2c460e35-58f3-4e00-bd70-8f9c205d56d1,c9c6864a-6a97-4a53-a4e1-ed5537dd3e8e,3ea83330-8228-4621-9f80-18be63fe8d50
2c460e35-58f3-4e00-bd70-8f9c205d56d1,c9c6864a-6a97-4a53-a4e1-ed5537dd3e8e,2d6b650a-d42f-4e3d-8744-9587f9a6e943,->,2c460e35-58f3-4e00-bd70-8f9c205d56d1,javax/swing/JMenuBar.java,add
2c460e35-58f3-4e00-bd70-8f9c205d56d1,c9c6864a-6a97-4a53-a4e1-ed5537dd3e8e,2d6b650a-d42f-4e3d-8744-9587f9a6e943,->,2c460e35-58f3-4e00-bd70-8f9c205d56d1,c9c6864a-6a97-4a53-a4e1-ed5537dd3e8e,3ea83330-8228-4621-9f80-18be63fe8d50
2c460e35-58f3-4e00-bd70-8f9c205d56d1,c9c6864a-6a97-4a53-a4e1-ed5537dd3e8e,2d6b650a-d42f-4e3d-8744-9587f9a6e943,->,2c460e35-58f3-4e00-bd70-8f9c205d56d1,javax/swing/JMenuItem.java,addActionListener
2c460e35-58f3-4e00-bd70-8f9c205d56d1,c9c6864a-6a97-4a53-a4e1-ed5537dd3e8e,2d6b650a-d42f-4e3d-8744-9587f9a6e943,->,2c460e35-58f3-4e00-bd70-8f9c205d56d1,javax/swing/KeyStroke.java,getKeyStroke
2c460e35-58f3-4e00-bd70-8f9c205d56d1,c9c6864a-6a97-4a53-a4e1-ed5537dd3e8e,2d6b650a-d42f-4e3d-8744-9587f9a6e943,->,2c460e35-58f3-4e00-bd70-8f9c205d56d1,javax/swing/JMenuItem.java,setAccelerator
2c460e35-58f3-4e00-bd70-8f9c205d56d1,c9c6864a-6a97-4a53-a4e1-ed5537dd3e8e,2d6b650a-d42f-4e3d-8744-9587f9a6e943,->,2c460e35-58f3-4e00-bd70-8f9c205d56d1,javax/swing/JMenu.java,add
2c460e35-58f3-4e00-bd70-8f9c205d56d1,c9c6864a-6a97-4a53-a4e1-ed5537dd3e8e,2d6b650a-d42f-4e3d-8744-9587f9a6e943,->,2c460e35-58f3-4e00-bd70-8f9c205d56d1,c9c6864a-6a97-4a53-a4e1-ed5537dd3e8e,3ea83330-8228-4621-9f80-18be63fe8d50
2c460e35-58f3-4e00-bd70-8f9c205d56d1,c9c6864a-6a97-4a53-a4e1-ed5537dd3e8e,2d6b650a-d42f-4e3d-8744-9587f9a6e943,->,2c460e35-58f3-4e00-bd70-8f9c205d56d1,javax/swing/JMenuItem.java,addActionListener
2c460e35-58f3-4e00-bd70-8f9c205d56d1,c9c6864a-6a97-4a53-a4e1-ed5537dd3e8e,2d6b650a-d42f-4e3d-8744-9587f9a6e943,->,2c460e35-58f3-4e00-bd70-8f9c205d56d1,javax/swing/JMenu.java,add
2c460e35-58f3-4e00-bd70-8f9c205d56d1,c9c6864a-6a97-4a53-a4e1-ed5537dd3e8e,2d6b650a-d42f-4e3d-8744-9587f9a6e943,->,2c460e35-58f3-4e00-bd70-8f9c205d56d1,c9c6864a-6a97-4a53-a4e1-ed5537dd3e8e,3ea83330-8228-4621-9f80-18be63fe8d50
2c460e35-58f3-4e00-bd70-8f9c205d56d1,c9c6864a-6a97-4a53-a4e1-ed5537dd3e8e,2d6b650a-d42f-4e3d-8744-9587f9a6e943,->,2c460e35-58f3-4e00-bd70-8f9c205d56d1,javax/swing/JMenuBar.java,add
2c460e35-58f3-4e00-bd70-8f9c205d56d1,c9c6864a-6a97-4a53-a4e1-ed5537dd3e8e,2d6b650a-d42f-4e3d-8744-9587f9a6e943,->,2c460e35-58f3-4e00-bd70-8f9c205d56d1,c9c6864a-6a97-4a53-a4e1-ed5537dd3e8e,3ea83330-8228-4621-9f80-18be63fe8d50
2c460e35-58f3-4e00-bd70-8f9c205d56d1,c9c6864a-6a97-4a53-a4e1-ed5537dd3e8e,2d6b650a-d42f-4e3d-8744-9587f9a6e943,->,2c460e35-58f3-4e00-bd70-8f9c205d56d1,javax/swing/JMenuItem.java,addActionListener
2c460e35-58f3-4e00-bd70-8f9c205d56d1,c9c6864a-6a97-4a53-a4e1-ed5537dd3e8e,2d6b650a-d42f-4e3d-8744-9587f9a6e943,->,2c460e35-58f3-4e00-bd70-8f9c205d56d1,javax/swing/JMenu.java,add
2c460e35-58f3-4e00-bd70-8f9c205d56d1,c9c6864a-6a97-4a53-a4e1-ed5537dd3e8e,2d6b650a-d42f-4e3d-8744-9587f9a6e943,->,2c460e35-58f3-4e00-bd70-8f9c205d56d1,c9c6864a-6a97-4a53-a4e1-ed5537dd3e8e,3ea83330-8228-4621-9f80-18be63fe8d50
2c460e35-58f3-4e00-bd70-8f9c205d56d1,c9c6864a-6a97-4a53-a4e1-ed5537dd3e8e,2d6b650a-d42f-4e3d-8744-9587f9a6e943,->,2c460e35-58f3-4e00-bd70-8f9c205d56d1,javax/swing/JMenuItem.java,addActionListener
2c460e35-58f3-4e00-bd70-8f9c205d56d1,c9c6864a-6a97-4a53-a4e1-ed5537dd3e8e,2d6b650a-d42f-4e3d-8744-9587f9a6e943,->,2c460e35-58f3-4e00-bd70-8f9c205d56d1,javax/swing/JMenu.java,add
2c460e35-58f3-4e00-bd70-8f9c205d56d1,c9c6864a-6a97-4a53-a4e1-ed5537dd3e8e,2d6b650a-d42f-4e3d-8744-9587f9a6e943,->,2c460e35-58f3-4e00-bd70-8f9c205d56d1,net/selfip/mrmister/codeRunner/frame/MainFrame.java,setJMenuBar
2c460e35-58f3-4e00-bd70-8f9c205d56d1,c9c6864a-6a97-4a53-a4e1-ed5537dd3e8e,cb236d70-dc9c-48d9-b32d-d1627f15b7f9,->,2c460e35-58f3-4e00-bd70-8f9c205d56d1,net/selfip/mrmister/codeRunner/frame/RunnerPanel.java,setSize
2c460e35-58f3-4e00-bd70-8f9c205d56d1,c9c6864a-6a97-4a53-a4e1-ed5537dd3e8e,cb236d70-dc9c-48d9-b32d-d1627f15b7f9,->,2c460e35-58f3-4e00-bd70-8f9c205d56d1,net/selfip/mrmister/codeRunner/frame/MainFrame.java,add
2c460e35-58f3-4e00-bd70-8f9c205d56d1,c9c6864a-6a97-4a53-a4e1-ed5537dd3e8e,3ea83330-8228-4621-9f80-18be63fe8d50,->,2c460e35-58f3-4e00-bd70-8f9c205d56d1,net/selfip/mrmister/codeRunner/lang/I18n.java,getTranslationFor
2c460e35-58f3-4e00-bd70-8f9c205d56d1,15a956cd-2859-4cc0-b79e-ec691402cdb2,5cdbb8f8-1eef-48a5-988b-bb111e497293,->,2c460e35-58f3-4e00-bd70-8f9c205d56d1,net/selfip/mrmister/codeRunner/frame/RunnerPanel.java,addMouseListener
2c460e35-58f3-4e00-bd70-8f9c205d56d1,15a956cd-2859-4cc0-b79e-ec691402cdb2,5cdbb8f8-1eef-48a5-988b-bb111e497293,->,2c460e35-58f3-4e00-bd70-8f9c205d56d1,189a9e06-9ce4-4023-be04-19b8bbf813cd,ae435cb3-9925-4532-b08a-f8312d1f3f92
2c460e35-58f3-4e00-bd70-8f9c205d56d1,15a956cd-2859-4cc0-b79e-ec691402cdb2,5cdbb8f8-1eef-48a5-988b-bb111e497293,->,2c460e35-58f3-4e00-bd70-8f9c205d56d1,java/util/Vector.java,add
2c460e35-58f3-4e00-bd70-8f9c205d56d1,15a956cd-2859-4cc0-b79e-ec691402cdb2,5cdbb8f8-1eef-48a5-988b-bb111e497293,->,2c460e35-58f3-4e00-bd70-8f9c205d56d1,java/util/logging/Logger.java,info
2c460e35-58f3-4e00-bd70-8f9c205d56d1,15a956cd-2859-4cc0-b79e-ec691402cdb2,5cdbb8f8-1eef-48a5-988b-bb111e497293,->,2c460e35-58f3-4e00-bd70-8f9c205d56d1,java/lang/System.java,nanoTime
2c460e35-58f3-4e00-bd70-8f9c205d56d1,15a956cd-2859-4cc0-b79e-ec691402cdb2,5cdbb8f8-1eef-48a5-988b-bb111e497293,->,2c460e35-58f3-4e00-bd70-8f9c205d56d1,java/lang/Thread.java,start
2c460e35-58f3-4e00-bd70-8f9c205d56d1,15a956cd-2859-4cc0-b79e-ec691402cdb2,5cdbb8f8-1eef-48a5-988b-bb111e497293,->,2c460e35-58f3-4e00-bd70-8f9c205d56d1,b1259ce4-4d97-45fc-9287-54390fcc6e04,2eb0ce7a-7d0c-4f69-ac65-7d36451cefb6
2c460e35-58f3-4e00-bd70-8f9c205d56d1,15a956cd-2859-4cc0-b79e-ec691402cdb2,88875a07-c33f-4200-b76f-e0312f292777,->,2c460e35-58f3-4e00-bd70-8f9c205d56d1,java/util/logging/Logger.java,info
2c460e35-58f3-4e00-bd70-8f9c205d56d1,15a956cd-2859-4cc0-b79e-ec691402cdb2,88875a07-c33f-4200-b76f-e0312f292777,->,2c460e35-58f3-4e00-bd70-8f9c205d56d1,net/selfip/mrmister/codeRunner/frame/MainFrame.java,isVisible
2c460e35-58f3-4e00-bd70-8f9c205d56d1,15a956cd-2859-4cc0-b79e-ec691402cdb2,88875a07-c33f-4200-b76f-e0312f292777,->,2c460e35-58f3-4e00-bd70-8f9c205d56d1,15a956cd-2859-4cc0-b79e-ec691402cdb2,f84f8e33-1179-4657-96c5-ede915ad68b5
2c460e35-58f3-4e00-bd70-8f9c205d56d1,15a956cd-2859-4cc0-b79e-ec691402cdb2,88875a07-c33f-4200-b76f-e0312f292777,->,2c460e35-58f3-4e00-bd70-8f9c205d56d1,15a956cd-2859-4cc0-b79e-ec691402cdb2,ae3d154d-7392-4480-8b40-c2b81e138c0d
2c460e35-58f3-4e00-bd70-8f9c205d56d1,15a956cd-2859-4cc0-b79e-ec691402cdb2,88875a07-c33f-4200-b76f-e0312f292777,->,2c460e35-58f3-4e00-bd70-8f9c205d56d1,net/selfip/mrmister/codeRunner/frame/RunnerPanel.java,repaint
2c460e35-58f3-4e00-bd70-8f9c205d56d1,15a956cd-2859-4cc0-b79e-ec691402cdb2,88875a07-c33f-4200-b76f-e0312f292777,->,2c460e35-58f3-4e00-bd70-8f9c205d56d1,java/lang/Thread.java,sleep
2c460e35-58f3-4e00-bd70-8f9c205d56d1,15a956cd-2859-4cc0-b79e-ec691402cdb2,88875a07-c33f-4200-b76f-e0312f292777,->,2c460e35-58f3-4e00-bd70-8f9c205d56d1,java/util/logging/Logger.java,info
2c460e35-58f3-4e00-bd70-8f9c205d56d1,15a956cd-2859-4cc0-b79e-ec691402cdb2,88875a07-c33f-4200-b76f-e0312f292777,->,2c460e35-58f3-4e00-bd70-8f9c205d56d1,java/util/logging/Logger.java,info
2c460e35-58f3-4e00-bd70-8f9c205d56d1,15a956cd-2859-4cc0-b79e-ec691402cdb2,ae3d154d-7392-4480-8b40-c2b81e138c0d,->,2c460e35-58f3-4e00-bd70-8f9c205d56d1,java/util/Vector.java,size
2c460e35-58f3-4e00-bd70-8f9c205d56d1,15a956cd-2859-4cc0-b79e-ec691402cdb2,ae3d154d-7392-4480-8b40-c2b81e138c0d,->,2c460e35-58f3-4e00-bd70-8f9c205d56d1,java/util/Vector.java,elementAt
2c460e35-58f3-4e00-bd70-8f9c205d56d1,15a956cd-2859-4cc0-b79e-ec691402cdb2,ae3d154d-7392-4480-8b40-c2b81e138c0d,->,2c460e35-58f3-4e00-bd70-8f9c205d56d1,87289237-d79d-463a-8a63-85428eb31c77,7d05fb46-b65a-4a05-b7dd-6a99af0497d5
2c460e35-58f3-4e00-bd70-8f9c205d56d1,15a956cd-2859-4cc0-b79e-ec691402cdb2,ae3d154d-7392-4480-8b40-c2b81e138c0d,->,2c460e35-58f3-4e00-bd70-8f9c205d56d1,87289237-d79d-463a-8a63-85428eb31c77,f28931f7-3d2c-47a8-9cef-8a08cff42e41
2c460e35-58f3-4e00-bd70-8f9c205d56d1,15a956cd-2859-4cc0-b79e-ec691402cdb2,ae3d154d-7392-4480-8b40-c2b81e138c0d,->,2c460e35-58f3-4e00-bd70-8f9c205d56d1,87289237-d79d-463a-8a63-85428eb31c77,41c4a671-3f57-49db-9e4a-e584845ee271
2c460e35-58f3-4e00-bd70-8f9c205d56d1,15a956cd-2859-4cc0-b79e-ec691402cdb2,ae3d154d-7392-4480-8b40-c2b81e138c0d,->,2c460e35-58f3-4e00-bd70-8f9c205d56d1,java/util/Vector.java,remove
2c460e35-58f3-4e00-bd70-8f9c205d56d1,15a956cd-2859-4cc0-b79e-ec691402cdb2,ae3d154d-7392-4480-8b40-c2b81e138c0d,->,2c460e35-58f3-4e00-bd70-8f9c205d56d1,15a956cd-2859-4cc0-b79e-ec691402cdb2,e0a1f102-a0d9-475a-a953-f4f209c4ec53
2c460e35-58f3-4e00-bd70-8f9c205d56d1,15a956cd-2859-4cc0-b79e-ec691402cdb2,e0a1f102-a0d9-475a-a953-f4f209c4ec53,->,2c460e35-58f3-4e00-bd70-8f9c205d56d1,java/util/Vector.java,size
2c460e35-58f3-4e00-bd70-8f9c205d56d1,15a956cd-2859-4cc0-b79e-ec691402cdb2,e0a1f102-a0d9-475a-a953-f4f209c4ec53,->,2c460e35-58f3-4e00-bd70-8f9c205d56d1,java/util/Vector.java,elementAt
2c460e35-58f3-4e00-bd70-8f9c205d56d1,15a956cd-2859-4cc0-b79e-ec691402cdb2,e0a1f102-a0d9-475a-a953-f4f209c4ec53,->,2c460e35-58f3-4e00-bd70-8f9c205d56d1,java/util/Vector.java,elementAt
2c460e35-58f3-4e00-bd70-8f9c205d56d1,15a956cd-2859-4cc0-b79e-ec691402cdb2,e0a1f102-a0d9-475a-a953-f4f209c4ec53,->,2c460e35-58f3-4e00-bd70-8f9c205d56d1,87289237-d79d-463a-8a63-85428eb31c77,9dc866e6-f957-4226-952b-e33b22342a96
2c460e35-58f3-4e00-bd70-8f9c205d56d1,15a956cd-2859-4cc0-b79e-ec691402cdb2,e0a1f102-a0d9-475a-a953-f4f209c4ec53,->,2c460e35-58f3-4e00-bd70-8f9c205d56d1,java/util/Vector.java,remove
2c460e35-58f3-4e00-bd70-8f9c205d56d1,15a956cd-2859-4cc0-b79e-ec691402cdb2,b1dedb2b-6047-4664-9e2c-4c5d968ce0e9,->,2c460e35-58f3-4e00-bd70-8f9c205d56d1,java/util/Vector.java,add
2c460e35-58f3-4e00-bd70-8f9c205d56d1,15a956cd-2859-4cc0-b79e-ec691402cdb2,d851f540-adbf-4edd-aca2-834a39e99b91,->,2c460e35-58f3-4e00-bd70-8f9c205d56d1,java/lang/StringBuilder.java,append
2c460e35-58f3-4e00-bd70-8f9c205d56d1,15a956cd-2859-4cc0-b79e-ec691402cdb2,d851f540-adbf-4edd-aca2-834a39e99b91,->,2c460e35-58f3-4e00-bd70-8f9c205d56d1,java/lang/StringBuilder.java,append
2c460e35-58f3-4e00-bd70-8f9c205d56d1,15a956cd-2859-4cc0-b79e-ec691402cdb2,d851f540-adbf-4edd-aca2-834a39e99b91,->,2c460e35-58f3-4e00-bd70-8f9c205d56d1,15a956cd-2859-4cc0-b79e-ec691402cdb2,10215ac1-3512-483b-9918-a6ef2ffdf710
2c460e35-58f3-4e00-bd70-8f9c205d56d1,15a956cd-2859-4cc0-b79e-ec691402cdb2,d851f540-adbf-4edd-aca2-834a39e99b91,->,2c460e35-58f3-4e00-bd70-8f9c205d56d1,java/lang/StringBuilder.java,append
2c460e35-58f3-4e00-bd70-8f9c205d56d1,15a956cd-2859-4cc0-b79e-ec691402cdb2,d851f540-adbf-4edd-aca2-834a39e99b91,->,2c460e35-58f3-4e00-bd70-8f9c205d56d1,java/lang/StringBuilder.java,append
2c460e35-58f3-4e00-bd70-8f9c205d56d1,15a956cd-2859-4cc0-b79e-ec691402cdb2,d851f540-adbf-4edd-aca2-834a39e99b91,->,2c460e35-58f3-4e00-bd70-8f9c205d56d1,15a956cd-2859-4cc0-b79e-ec691402cdb2,f6d837e9-d083-49d9-89b5-9935437e672e
2c460e35-58f3-4e00-bd70-8f9c205d56d1,15a956cd-2859-4cc0-b79e-ec691402cdb2,d851f540-adbf-4edd-aca2-834a39e99b91,->,2c460e35-58f3-4e00-bd70-8f9c205d56d1,java/lang/StringBuilder.java,append
2c460e35-58f3-4e00-bd70-8f9c205d56d1,15a956cd-2859-4cc0-b79e-ec691402cdb2,d851f540-adbf-4edd-aca2-834a39e99b91,->,2c460e35-58f3-4e00-bd70-8f9c205d56d1,java/lang/StringBuilder.java,toString
2c460e35-58f3-4e00-bd70-8f9c205d56d1,15a956cd-2859-4cc0-b79e-ec691402cdb2,d851f540-adbf-4edd-aca2-834a39e99b91,->,2c460e35-58f3-4e00-bd70-8f9c205d56d1,b1259ce4-4d97-45fc-9287-54390fcc6e04,13b705fd-16a4-4f6d-b47a-253fdd503608
2c460e35-58f3-4e00-bd70-8f9c205d56d1,15a956cd-2859-4cc0-b79e-ec691402cdb2,6d158f36-abc6-43eb-a7f9-81cecd28a531,->,2c460e35-58f3-4e00-bd70-8f9c205d56d1,java/util/logging/Logger.java,info
2c460e35-58f3-4e00-bd70-8f9c205d56d1,15a956cd-2859-4cc0-b79e-ec691402cdb2,87245a8c-6375-4e4e-8f68-34fce52e7bcc,->,2c460e35-58f3-4e00-bd70-8f9c205d56d1,java/util/logging/Logger.java,info
2c460e35-58f3-4e00-bd70-8f9c205d56d1,15a956cd-2859-4cc0-b79e-ec691402cdb2,f84f8e33-1179-4657-96c5-ede915ad68b5,->,2c460e35-58f3-4e00-bd70-8f9c205d56d1,java/lang/System.java,nanoTime
2c460e35-58f3-4e00-bd70-8f9c205d56d1,15a956cd-2859-4cc0-b79e-ec691402cdb2,f84f8e33-1179-4657-96c5-ede915ad68b5,->,2c460e35-58f3-4e00-bd70-8f9c205d56d1,java/lang/System.java,nanoTime
2c460e35-58f3-4e00-bd70-8f9c205d56d1,15a956cd-2859-4cc0-b79e-ec691402cdb2,bd15c74a-562b-4fff-9b90-a277fdcc1899,->,2c460e35-58f3-4e00-bd70-8f9c205d56d1,e1206996-88c4-4a22-b5ca-b3c2e8881578,50a89f55-006e-4958-abbb-0593e9427136
2c460e35-58f3-4e00-bd70-8f9c205d56d1,15a956cd-2859-4cc0-b79e-ec691402cdb2,5816fc9c-7895-4b27-aa52-8a2bfef1f107,->,2c460e35-58f3-4e00-bd70-8f9c205d56d1,javax/swing/JPanel.java,paintComponent
2c460e35-58f3-4e00-bd70-8f9c205d56d1,15a956cd-2859-4cc0-b79e-ec691402cdb2,5816fc9c-7895-4b27-aa52-8a2bfef1f107,->,2c460e35-58f3-4e00-bd70-8f9c205d56d1,d9f07460-4aaa-4b4e-acc4-7fd0c13bc03b,bbcbf6c6-14a6-40a7-b017-21b1a43f535c
2c460e35-58f3-4e00-bd70-8f9c205d56d1,15a956cd-2859-4cc0-b79e-ec691402cdb2,5816fc9c-7895-4b27-aa52-8a2bfef1f107,->,2c460e35-58f3-4e00-bd70-8f9c205d56d1,java/awt/Graphics.java,drawImage
2c460e35-58f3-4e00-bd70-8f9c205d56d1,15a956cd-2859-4cc0-b79e-ec691402cdb2,5816fc9c-7895-4b27-aa52-8a2bfef1f107,->,2c460e35-58f3-4e00-bd70-8f9c205d56d1,java/awt/Graphics.java,drawImage
2c460e35-58f3-4e00-bd70-8f9c205d56d1,15a956cd-2859-4cc0-b79e-ec691402cdb2,5816fc9c-7895-4b27-aa52-8a2bfef1f107,->,2c460e35-58f3-4e00-bd70-8f9c205d56d1,36094d91-d8c1-4d83-9967-58c02b6ee6e7,86c4b830-5668-4215-886e-bcdce2ee1aef
2c460e35-58f3-4e00-bd70-8f9c205d56d1,15a956cd-2859-4cc0-b79e-ec691402cdb2,5816fc9c-7895-4b27-aa52-8a2bfef1f107,->,2c460e35-58f3-4e00-bd70-8f9c205d56d1,java/lang/StringBuilder.java,append
2c460e35-58f3-4e00-bd70-8f9c205d56d1,15a956cd-2859-4cc0-b79e-ec691402cdb2,5816fc9c-7895-4b27-aa52-8a2bfef1f107,->,2c460e35-58f3-4e00-bd70-8f9c205d56d1,java/lang/StringBuilder.java,append
2c460e35-58f3-4e00-bd70-8f9c205d56d1,15a956cd-2859-4cc0-b79e-ec691402cdb2,5816fc9c-7895-4b27-aa52-8a2bfef1f107,->,2c460e35-58f3-4e00-bd70-8f9c205d56d1,java/lang/StringBuilder.java,toString
2c460e35-58f3-4e00-bd70-8f9c205d56d1,15a956cd-2859-4cc0-b79e-ec691402cdb2,5816fc9c-7895-4b27-aa52-8a2bfef1f107,->,2c460e35-58f3-4e00-bd70-8f9c205d56d1,d9f07460-4aaa-4b4e-acc4-7fd0c13bc03b,ace250a7-4a12-4e11-8f6a-77c518d1dc2c
2c460e35-58f3-4e00-bd70-8f9c205d56d1,15a956cd-2859-4cc0-b79e-ec691402cdb2,5816fc9c-7895-4b27-aa52-8a2bfef1f107,->,2c460e35-58f3-4e00-bd70-8f9c205d56d1,java/util/Vector.java,size
2c460e35-58f3-4e00-bd70-8f9c205d56d1,15a956cd-2859-4cc0-b79e-ec691402cdb2,5816fc9c-7895-4b27-aa52-8a2bfef1f107,->,2c460e35-58f3-4e00-bd70-8f9c205d56d1,java/lang/StringBuilder.java,append
2c460e35-58f3-4e00-bd70-8f9c205d56d1,15a956cd-2859-4cc0-b79e-ec691402cdb2,5816fc9c-7895-4b27-aa52-8a2bfef1f107,->,2c460e35-58f3-4e00-bd70-8f9c205d56d1,java/lang/StringBuilder.java,append
2c460e35-58f3-4e00-bd70-8f9c205d56d1,15a956cd-2859-4cc0-b79e-ec691402cdb2,5816fc9c-7895-4b27-aa52-8a2bfef1f107,->,2c460e35-58f3-4e00-bd70-8f9c205d56d1,java/lang/StringBuilder.java,toString
2c460e35-58f3-4e00-bd70-8f9c205d56d1,15a956cd-2859-4cc0-b79e-ec691402cdb2,5816fc9c-7895-4b27-aa52-8a2bfef1f107,->,2c460e35-58f3-4e00-bd70-8f9c205d56d1,d9f07460-4aaa-4b4e-acc4-7fd0c13bc03b,ace250a7-4a12-4e11-8f6a-77c518d1dc2c
2c460e35-58f3-4e00-bd70-8f9c205d56d1,15a956cd-2859-4cc0-b79e-ec691402cdb2,5816fc9c-7895-4b27-aa52-8a2bfef1f107,->,2c460e35-58f3-4e00-bd70-8f9c205d56d1,java/util/Vector.java,iterator
2c460e35-58f3-4e00-bd70-8f9c205d56d1,15a956cd-2859-4cc0-b79e-ec691402cdb2,5816fc9c-7895-4b27-aa52-8a2bfef1f107,->,2c460e35-58f3-4e00-bd70-8f9c205d56d1,java/util/Iterator.java,hasNext
2c460e35-58f3-4e00-bd70-8f9c205d56d1,15a956cd-2859-4cc0-b79e-ec691402cdb2,5816fc9c-7895-4b27-aa52-8a2bfef1f107,->,2c460e35-58f3-4e00-bd70-8f9c205d56d1,java/util/Iterator.java,next
2c460e35-58f3-4e00-bd70-8f9c205d56d1,15a956cd-2859-4cc0-b79e-ec691402cdb2,5816fc9c-7895-4b27-aa52-8a2bfef1f107,->,2c460e35-58f3-4e00-bd70-8f9c205d56d1,87289237-d79d-463a-8a63-85428eb31c77,7c4d8216-89d9-4b09-b177-4f2b8039f42b
2c460e35-58f3-4e00-bd70-8f9c205d56d1,15a956cd-2859-4cc0-b79e-ec691402cdb2,5816fc9c-7895-4b27-aa52-8a2bfef1f107,->,2c460e35-58f3-4e00-bd70-8f9c205d56d1,d9f07460-4aaa-4b4e-acc4-7fd0c13bc03b,43668ef0-cfc1-4a7b-9b04-7749ee88d93d
2c460e35-58f3-4e00-bd70-8f9c205d56d1,15a956cd-2859-4cc0-b79e-ec691402cdb2,10215ac1-3512-483b-9918-a6ef2ffdf710,->,2c460e35-58f3-4e00-bd70-8f9c205d56d1,net/selfip/mrmister/codeRunner/lang/I18n.java,getTranslationFor
2c460e35-58f3-4e00-bd70-8f9c205d56d1,f45ca70f-f282-4acd-ba1e-d5463e8405de,1af09910-5c78-4528-bd7b-65032b08f467,->,2c460e35-58f3-4e00-bd70-8f9c205d56d1,net/selfip/mrmister/codeRunner/lang/I18n.java,getTranslationFor
2c460e35-58f3-4e00-bd70-8f9c205d56d1,36094d91-d8c1-4d83-9967-58c02b6ee6e7,87d986cb-2c81-4a85-a085-0facad26bffe,->,2c460e35-58f3-4e00-bd70-8f9c205d56d1,net/selfip/mrmister/codeRunner/lang/I18n.java,init
2c460e35-58f3-4e00-bd70-8f9c205d56d1,36094d91-d8c1-4d83-9967-58c02b6ee6e7,87d986cb-2c81-4a85-a085-0facad26bffe,->,2c460e35-58f3-4e00-bd70-8f9c205d56d1,java/util/Locale.java,setDefault
2c460e35-58f3-4e00-bd70-8f9c205d56d1,36094d91-d8c1-4d83-9967-58c02b6ee6e7,87d986cb-2c81-4a85-a085-0facad26bffe,->,2c460e35-58f3-4e00-bd70-8f9c205d56d1,java/lang/Class.java,getName
2c460e35-58f3-4e00-bd70-8f9c205d56d1,36094d91-d8c1-4d83-9967-58c02b6ee6e7,87d986cb-2c81-4a85-a085-0facad26bffe,->,2c460e35-58f3-4e00-bd70-8f9c205d56d1,java/util/logging/Logger.java,getLogger
2c460e35-58f3-4e00-bd70-8f9c205d56d1,36094d91-d8c1-4d83-9967-58c02b6ee6e7,8404b1b9-d51c-4edf-ab19-68c5c4b1aa62,->,2c460e35-58f3-4e00-bd70-8f9c205d56d1,java/lang/StringBuilder.java,append
2c460e35-58f3-4e00-bd70-8f9c205d56d1,36094d91-d8c1-4d83-9967-58c02b6ee6e7,8404b1b9-d51c-4edf-ab19-68c5c4b1aa62,->,2c460e35-58f3-4e00-bd70-8f9c205d56d1,java/lang/StringBuilder.java,append
2c460e35-58f3-4e00-bd70-8f9c205d56d1,36094d91-d8c1-4d83-9967-58c02b6ee6e7,8404b1b9-d51c-4edf-ab19-68c5c4b1aa62,->,2c460e35-58f3-4e00-bd70-8f9c205d56d1,java/lang/StringBuilder.java,toString
2c460e35-58f3-4e00-bd70-8f9c205d56d1,36094d91-d8c1-4d83-9967-58c02b6ee6e7,f410309e-a88d-4ef2-90e5-a5339416c0a7,->,2c460e35-58f3-4e00-bd70-8f9c205d56d1,javax/imageio/ImageIO.java,read
2c460e35-58f3-4e00-bd70-8f9c205d56d1,36094d91-d8c1-4d83-9967-58c02b6ee6e7,f410309e-a88d-4ef2-90e5-a5339416c0a7,->,2c460e35-58f3-4e00-bd70-8f9c205d56d1,java/lang/StringBuilder.java,append
2c460e35-58f3-4e00-bd70-8f9c205d56d1,36094d91-d8c1-4d83-9967-58c02b6ee6e7,f410309e-a88d-4ef2-90e5-a5339416c0a7,->,2c460e35-58f3-4e00-bd70-8f9c205d56d1,java/lang/StringBuilder.java,append
2c460e35-58f3-4e00-bd70-8f9c205d56d1,36094d91-d8c1-4d83-9967-58c02b6ee6e7,f410309e-a88d-4ef2-90e5-a5339416c0a7,->,2c460e35-58f3-4e00-bd70-8f9c205d56d1,java/lang/StringBuilder.java,append
2c460e35-58f3-4e00-bd70-8f9c205d56d1,36094d91-d8c1-4d83-9967-58c02b6ee6e7,f410309e-a88d-4ef2-90e5-a5339416c0a7,->,2c460e35-58f3-4e00-bd70-8f9c205d56d1,java/lang/StringBuilder.java,toString
2c460e35-58f3-4e00-bd70-8f9c205d56d1,36094d91-d8c1-4d83-9967-58c02b6ee6e7,f410309e-a88d-4ef2-90e5-a5339416c0a7,->,2c460e35-58f3-4e00-bd70-8f9c205d56d1,java/util/logging/Logger.java,severe
2c460e35-58f3-4e00-bd70-8f9c205d56d1,36094d91-d8c1-4d83-9967-58c02b6ee6e7,f410309e-a88d-4ef2-90e5-a5339416c0a7,->,2c460e35-58f3-4e00-bd70-8f9c205d56d1,java/awt/image/BufferedImage.java,getWidth
2c460e35-58f3-4e00-bd70-8f9c205d56d1,36094d91-d8c1-4d83-9967-58c02b6ee6e7,f410309e-a88d-4ef2-90e5-a5339416c0a7,->,2c460e35-58f3-4e00-bd70-8f9c205d56d1,java/awt/image/BufferedImage.java,getWidth
2c460e35-58f3-4e00-bd70-8f9c205d56d1,36094d91-d8c1-4d83-9967-58c02b6ee6e7,f410309e-a88d-4ef2-90e5-a5339416c0a7,->,2c460e35-58f3-4e00-bd70-8f9c205d56d1,java/awt/image/BufferedImage.java,getHeight
2c460e35-58f3-4e00-bd70-8f9c205d56d1,36094d91-d8c1-4d83-9967-58c02b6ee6e7,f410309e-a88d-4ef2-90e5-a5339416c0a7,->,2c460e35-58f3-4e00-bd70-8f9c205d56d1,java/awt/image/BufferedImage.java,getSubimage
2c460e35-58f3-4e00-bd70-8f9c205d56d1,67f939cb-8d2f-4261-9dee-1cb326d8dafd,2c50e58c-4f77-449f-98fe-26e4be0d47d3,->,2c460e35-58f3-4e00-bd70-8f9c205d56d1,15a956cd-2859-4cc0-b79e-ec691402cdb2,87245a8c-6375-4e4e-8f68-34fce52e7bcc
2c460e35-58f3-4e00-bd70-8f9c205d56d1,67f939cb-8d2f-4261-9dee-1cb326d8dafd,2c50e58c-4f77-449f-98fe-26e4be0d47d3,->,2c460e35-58f3-4e00-bd70-8f9c205d56d1,67f939cb-8d2f-4261-9dee-1cb326d8dafd,0133563b-8335-4470-833f-2d6a0e6a97fe
2c460e35-58f3-4e00-bd70-8f9c205d56d1,67f939cb-8d2f-4261-9dee-1cb326d8dafd,56580c00-fede-4322-8418-011e144b357f,->,2c460e35-58f3-4e00-bd70-8f9c205d56d1,15a956cd-2859-4cc0-b79e-ec691402cdb2,6d158f36-abc6-43eb-a7f9-81cecd28a531
2c460e35-58f3-4e00-bd70-8f9c205d56d1,67f939cb-8d2f-4261-9dee-1cb326d8dafd,56580c00-fede-4322-8418-011e144b357f,->,2c460e35-58f3-4e00-bd70-8f9c205d56d1,67f939cb-8d2f-4261-9dee-1cb326d8dafd,75d51b62-45ac-4da1-9c00-7f7f1f693623
2c460e35-58f3-4e00-bd70-8f9c205d56d1,67f939cb-8d2f-4261-9dee-1cb326d8dafd,0133563b-8335-4470-833f-2d6a0e6a97fe,->,2c460e35-58f3-4e00-bd70-8f9c205d56d1,java/awt/Toolkit.java,getDefaultToolkit
2c460e35-58f3-4e00-bd70-8f9c205d56d1,67f939cb-8d2f-4261-9dee-1cb326d8dafd,0133563b-8335-4470-833f-2d6a0e6a97fe,->,2c460e35-58f3-4e00-bd70-8f9c205d56d1,java/awt/Toolkit.java,createCustomCursor
2c460e35-58f3-4e00-bd70-8f9c205d56d1,67f939cb-8d2f-4261-9dee-1cb326d8dafd,0133563b-8335-4470-833f-2d6a0e6a97fe,->,2c460e35-58f3-4e00-bd70-8f9c205d56d1,net/selfip/mrmister/codeRunner/frame/RunnerPanel.java,setCursor
2c460e35-58f3-4e00-bd70-8f9c205d56d1,67f939cb-8d2f-4261-9dee-1cb326d8dafd,75d51b62-45ac-4da1-9c00-7f7f1f693623,->,2c460e35-58f3-4e00-bd70-8f9c205d56d1,java/awt/Cursor.java,getPredefinedCursor
2c460e35-58f3-4e00-bd70-8f9c205d56d1,67f939cb-8d2f-4261-9dee-1cb326d8dafd,75d51b62-45ac-4da1-9c00-7f7f1f693623,->,2c460e35-58f3-4e00-bd70-8f9c205d56d1,net/selfip/mrmister/codeRunner/frame/RunnerPanel.java,setCursor
2c460e35-58f3-4e00-bd70-8f9c205d56d1,e1206996-88c4-4a22-b5ca-b3c2e8881578,40ca129e-bdd4-4db4-b9ed-2fff75539e84,->,2c460e35-58f3-4e00-bd70-8f9c205d56d1,java/util/Properties.java,contains
2c460e35-58f3-4e00-bd70-8f9c205d56d1,e1206996-88c4-4a22-b5ca-b3c2e8881578,40ca129e-bdd4-4db4-b9ed-2fff75539e84,->,2c460e35-58f3-4e00-bd70-8f9c205d56d1,java/lang/Integer.java,toString
2c460e35-58f3-4e00-bd70-8f9c205d56d1,e1206996-88c4-4a22-b5ca-b3c2e8881578,40ca129e-bdd4-4db4-b9ed-2fff75539e84,->,2c460e35-58f3-4e00-bd70-8f9c205d56d1,java/util/Properties.java,setProperty
2c460e35-58f3-4e00-bd70-8f9c205d56d1,e1206996-88c4-4a22-b5ca-b3c2e8881578,40ca129e-bdd4-4db4-b9ed-2fff75539e84,->,2c460e35-58f3-4e00-bd70-8f9c205d56d1,java/lang/Integer.java,toString
2c460e35-58f3-4e00-bd70-8f9c205d56d1,e1206996-88c4-4a22-b5ca-b3c2e8881578,40ca129e-bdd4-4db4-b9ed-2fff75539e84,->,2c460e35-58f3-4e00-bd70-8f9c205d56d1,java/util/Hashtable.java,put
2c460e35-58f3-4e00-bd70-8f9c205d56d1,e1206996-88c4-4a22-b5ca-b3c2e8881578,d3f38811-7bf3-4e43-8ffa-94f8097020cc,->,2c460e35-58f3-4e00-bd70-8f9c205d56d1,java/util/Hashtable.java,get
2c460e35-58f3-4e00-bd70-8f9c205d56d1,e1206996-88c4-4a22-b5ca-b3c2e8881578,d3f38811-7bf3-4e43-8ffa-94f8097020cc,->,2c460e35-58f3-4e00-bd70-8f9c205d56d1,java/lang/Integer.java,parseInt
2c460e35-58f3-4e00-bd70-8f9c205d56d1,e1206996-88c4-4a22-b5ca-b3c2e8881578,e86f9ce7-e144-4ea2-bed2-75de028d6cb6,->,2c460e35-58f3-4e00-bd70-8f9c205d56d1,java/util/Hashtable.java,containsKey
2c460e35-58f3-4e00-bd70-8f9c205d56d1,e1206996-88c4-4a22-b5ca-b3c2e8881578,e86f9ce7-e144-4ea2-bed2-75de028d6cb6,->,2c460e35-58f3-4e00-bd70-8f9c205d56d1,java/util/Hashtable.java,get
2c460e35-58f3-4e00-bd70-8f9c205d56d1,e1206996-88c4-4a22-b5ca-b3c2e8881578,e86f9ce7-e144-4ea2-bed2-75de028d6cb6,->,2c460e35-58f3-4e00-bd70-8f9c205d56d1,java/util/Properties.java,getProperty
2c460e35-58f3-4e00-bd70-8f9c205d56d1,e1206996-88c4-4a22-b5ca-b3c2e8881578,e86f9ce7-e144-4ea2-bed2-75de028d6cb6,->,2c460e35-58f3-4e00-bd70-8f9c205d56d1,java/lang/Integer.java,parseInt
2c460e35-58f3-4e00-bd70-8f9c205d56d1,e1206996-88c4-4a22-b5ca-b3c2e8881578,e86f9ce7-e144-4ea2-bed2-75de028d6cb6,->,2c460e35-58f3-4e00-bd70-8f9c205d56d1,java/util/Properties.java,getProperty
2c460e35-58f3-4e00-bd70-8f9c205d56d1,e1206996-88c4-4a22-b5ca-b3c2e8881578,e86f9ce7-e144-4ea2-bed2-75de028d6cb6,->,2c460e35-58f3-4e00-bd70-8f9c205d56d1,java/lang/Integer.java,parseInt
2c460e35-58f3-4e00-bd70-8f9c205d56d1,e1206996-88c4-4a22-b5ca-b3c2e8881578,77076fcf-af6d-4478-9362-9f986840ff5b,->,2c460e35-58f3-4e00-bd70-8f9c205d56d1,java/util/Properties.java,keySet
2c460e35-58f3-4e00-bd70-8f9c205d56d1,e1206996-88c4-4a22-b5ca-b3c2e8881578,77076fcf-af6d-4478-9362-9f986840ff5b,->,2c460e35-58f3-4e00-bd70-8f9c205d56d1,java/util/Set.java,toArray
2c460e35-58f3-4e00-bd70-8f9c205d56d1,e1206996-88c4-4a22-b5ca-b3c2e8881578,77076fcf-af6d-4478-9362-9f986840ff5b,->,2c460e35-58f3-4e00-bd70-8f9c205d56d1,e1206996-88c4-4a22-b5ca-b3c2e8881578,9c139500-bd88-40c1-ada7-5f797ab09997
2c460e35-58f3-4e00-bd70-8f9c205d56d1,e1206996-88c4-4a22-b5ca-b3c2e8881578,77076fcf-af6d-4478-9362-9f986840ff5b,->,2c460e35-58f3-4e00-bd70-8f9c205d56d1,e1206996-88c4-4a22-b5ca-b3c2e8881578,e86f9ce7-e144-4ea2-bed2-75de028d6cb6
2c460e35-58f3-4e00-bd70-8f9c205d56d1,e1206996-88c4-4a22-b5ca-b3c2e8881578,77076fcf-af6d-4478-9362-9f986840ff5b,->,2c460e35-58f3-4e00-bd70-8f9c205d56d1,java/awt/event/KeyEvent.java,getKeyText
2c460e35-58f3-4e00-bd70-8f9c205d56d1,e1206996-88c4-4a22-b5ca-b3c2e8881578,77076fcf-af6d-4478-9362-9f986840ff5b,->,2c460e35-58f3-4e00-bd70-8f9c205d56d1,e1206996-88c4-4a22-b5ca-b3c2e8881578,d3f38811-7bf3-4e43-8ffa-94f8097020cc
2c460e35-58f3-4e00-bd70-8f9c205d56d1,e1206996-88c4-4a22-b5ca-b3c2e8881578,77076fcf-af6d-4478-9362-9f986840ff5b,->,2c460e35-58f3-4e00-bd70-8f9c205d56d1,java/awt/event/KeyEvent.java,getKeyText
2c460e35-58f3-4e00-bd70-8f9c205d56d1,e1206996-88c4-4a22-b5ca-b3c2e8881578,0960456e-9efa-4064-9d7f-2a984f2059e7,->,2c460e35-58f3-4e00-bd70-8f9c205d56d1,java/io/File.java,exists
2c460e35-58f3-4e00-bd70-8f9c205d56d1,e1206996-88c4-4a22-b5ca-b3c2e8881578,0960456e-9efa-4064-9d7f-2a984f2059e7,->,2c460e35-58f3-4e00-bd70-8f9c205d56d1,java/io/File.java,createNewFile
2c460e35-58f3-4e00-bd70-8f9c205d56d1,e1206996-88c4-4a22-b5ca-b3c2e8881578,0960456e-9efa-4064-9d7f-2a984f2059e7,->,2c460e35-58f3-4e00-bd70-8f9c205d56d1,java/lang/StringBuilder.java,append
2c460e35-58f3-4e00-bd70-8f9c205d56d1,e1206996-88c4-4a22-b5ca-b3c2e8881578,0960456e-9efa-4064-9d7f-2a984f2059e7,->,2c460e35-58f3-4e00-bd70-8f9c205d56d1,java/lang/StringBuilder.java,append
2c460e35-58f3-4e00-bd70-8f9c205d56d1,e1206996-88c4-4a22-b5ca-b3c2e8881578,0960456e-9efa-4064-9d7f-2a984f2059e7,->,2c460e35-58f3-4e00-bd70-8f9c205d56d1,java/lang/StringBuilder.java,append
2c460e35-58f3-4e00-bd70-8f9c205d56d1,e1206996-88c4-4a22-b5ca-b3c2e8881578,0960456e-9efa-4064-9d7f-2a984f2059e7,->,2c460e35-58f3-4e00-bd70-8f9c205d56d1,java/lang/StringBuilder.java,toString
2c460e35-58f3-4e00-bd70-8f9c205d56d1,e1206996-88c4-4a22-b5ca-b3c2e8881578,0960456e-9efa-4064-9d7f-2a984f2059e7,->,2c460e35-58f3-4e00-bd70-8f9c205d56d1,java/util/logging/Logger.java,info
2c460e35-58f3-4e00-bd70-8f9c205d56d1,e1206996-88c4-4a22-b5ca-b3c2e8881578,0960456e-9efa-4064-9d7f-2a984f2059e7,->,2c460e35-58f3-4e00-bd70-8f9c205d56d1,java/lang/StringBuilder.java,append
2c460e35-58f3-4e00-bd70-8f9c205d56d1,e1206996-88c4-4a22-b5ca-b3c2e8881578,0960456e-9efa-4064-9d7f-2a984f2059e7,->,2c460e35-58f3-4e00-bd70-8f9c205d56d1,java/lang/StringBuilder.java,append
2c460e35-58f3-4e00-bd70-8f9c205d56d1,e1206996-88c4-4a22-b5ca-b3c2e8881578,0960456e-9efa-4064-9d7f-2a984f2059e7,->,2c460e35-58f3-4e00-bd70-8f9c205d56d1,java/lang/StringBuilder.java,append
2c460e35-58f3-4e00-bd70-8f9c205d56d1,e1206996-88c4-4a22-b5ca-b3c2e8881578,0960456e-9efa-4064-9d7f-2a984f2059e7,->,2c460e35-58f3-4e00-bd70-8f9c205d56d1,java/lang/StringBuilder.java,toString
2c460e35-58f3-4e00-bd70-8f9c205d56d1,e1206996-88c4-4a22-b5ca-b3c2e8881578,0960456e-9efa-4064-9d7f-2a984f2059e7,->,2c460e35-58f3-4e00-bd70-8f9c205d56d1,java/util/logging/Logger.java,info
2c460e35-58f3-4e00-bd70-8f9c205d56d1,e1206996-88c4-4a22-b5ca-b3c2e8881578,0960456e-9efa-4064-9d7f-2a984f2059e7,->,2c460e35-58f3-4e00-bd70-8f9c205d56d1,java/util/Properties.java,load
2c460e35-58f3-4e00-bd70-8f9c205d56d1,e1206996-88c4-4a22-b5ca-b3c2e8881578,0960456e-9efa-4064-9d7f-2a984f2059e7,->,2c460e35-58f3-4e00-bd70-8f9c205d56d1,java/lang/StringBuilder.java,append
2c460e35-58f3-4e00-bd70-8f9c205d56d1,e1206996-88c4-4a22-b5ca-b3c2e8881578,0960456e-9efa-4064-9d7f-2a984f2059e7,->,2c460e35-58f3-4e00-bd70-8f9c205d56d1,java/lang/StringBuilder.java,append
2c460e35-58f3-4e00-bd70-8f9c205d56d1,e1206996-88c4-4a22-b5ca-b3c2e8881578,0960456e-9efa-4064-9d7f-2a984f2059e7,->,2c460e35-58f3-4e00-bd70-8f9c205d56d1,java/lang/StringBuilder.java,append
2c460e35-58f3-4e00-bd70-8f9c205d56d1,e1206996-88c4-4a22-b5ca-b3c2e8881578,0960456e-9efa-4064-9d7f-2a984f2059e7,->,2c460e35-58f3-4e00-bd70-8f9c205d56d1,java/lang/StringBuilder.java,toString
2c460e35-58f3-4e00-bd70-8f9c205d56d1,e1206996-88c4-4a22-b5ca-b3c2e8881578,0960456e-9efa-4064-9d7f-2a984f2059e7,->,2c460e35-58f3-4e00-bd70-8f9c205d56d1,java/util/logging/Logger.java,info
2c460e35-58f3-4e00-bd70-8f9c205d56d1,e1206996-88c4-4a22-b5ca-b3c2e8881578,0960456e-9efa-4064-9d7f-2a984f2059e7,->,2c460e35-58f3-4e00-bd70-8f9c205d56d1,java/lang/StringBuilder.java,append
2c460e35-58f3-4e00-bd70-8f9c205d56d1,e1206996-88c4-4a22-b5ca-b3c2e8881578,0960456e-9efa-4064-9d7f-2a984f2059e7,->,2c460e35-58f3-4e00-bd70-8f9c205d56d1,java/lang/Exception.java,getMessage
2c460e35-58f3-4e00-bd70-8f9c205d56d1,e1206996-88c4-4a22-b5ca-b3c2e8881578,0960456e-9efa-4064-9d7f-2a984f2059e7,->,2c460e35-58f3-4e00-bd70-8f9c205d56d1,java/lang/StringBuilder.java,append
2c460e35-58f3-4e00-bd70-8f9c205d56d1,e1206996-88c4-4a22-b5ca-b3c2e8881578,0960456e-9efa-4064-9d7f-2a984f2059e7,->,2c460e35-58f3-4e00-bd70-8f9c205d56d1,java/lang/StringBuilder.java,toString
2c460e35-58f3-4e00-bd70-8f9c205d56d1,e1206996-88c4-4a22-b5ca-b3c2e8881578,0960456e-9efa-4064-9d7f-2a984f2059e7,->,2c460e35-58f3-4e00-bd70-8f9c205d56d1,java/util/logging/Logger.java,info
2c460e35-58f3-4e00-bd70-8f9c205d56d1,e1206996-88c4-4a22-b5ca-b3c2e8881578,50a89f55-006e-4958-abbb-0593e9427136,->,2c460e35-58f3-4e00-bd70-8f9c205d56d1,e1206996-88c4-4a22-b5ca-b3c2e8881578,1ab3ebe3-15e0-4c43-a228-f80c47bfeac4
2c460e35-58f3-4e00-bd70-8f9c205d56d1,e1206996-88c4-4a22-b5ca-b3c2e8881578,1ab3ebe3-15e0-4c43-a228-f80c47bfeac4,->,2c460e35-58f3-4e00-bd70-8f9c205d56d1,36094d91-d8c1-4d83-9967-58c02b6ee6e7,8404b1b9-d51c-4edf-ab19-68c5c4b1aa62
2c460e35-58f3-4e00-bd70-8f9c205d56d1,e1206996-88c4-4a22-b5ca-b3c2e8881578,1ab3ebe3-15e0-4c43-a228-f80c47bfeac4,->,2c460e35-58f3-4e00-bd70-8f9c205d56d1,java/util/Properties.java,store
2c460e35-58f3-4e00-bd70-8f9c205d56d1,e1206996-88c4-4a22-b5ca-b3c2e8881578,1ab3ebe3-15e0-4c43-a228-f80c47bfeac4,->,2c460e35-58f3-4e00-bd70-8f9c205d56d1,java/lang/StringBuilder.java,append
2c460e35-58f3-4e00-bd70-8f9c205d56d1,e1206996-88c4-4a22-b5ca-b3c2e8881578,1ab3ebe3-15e0-4c43-a228-f80c47bfeac4,->,2c460e35-58f3-4e00-bd70-8f9c205d56d1,java/lang/StringBuilder.java,append
2c460e35-58f3-4e00-bd70-8f9c205d56d1,e1206996-88c4-4a22-b5ca-b3c2e8881578,1ab3ebe3-15e0-4c43-a228-f80c47bfeac4,->,2c460e35-58f3-4e00-bd70-8f9c205d56d1,java/lang/StringBuilder.java,append
2c460e35-58f3-4e00-bd70-8f9c205d56d1,e1206996-88c4-4a22-b5ca-b3c2e8881578,1ab3ebe3-15e0-4c43-a228-f80c47bfeac4,->,2c460e35-58f3-4e00-bd70-8f9c205d56d1,java/lang/StringBuilder.java,toString
2c460e35-58f3-4e00-bd70-8f9c205d56d1,e1206996-88c4-4a22-b5ca-b3c2e8881578,1ab3ebe3-15e0-4c43-a228-f80c47bfeac4,->,2c460e35-58f3-4e00-bd70-8f9c205d56d1,java/util/logging/Logger.java,info
2c460e35-58f3-4e00-bd70-8f9c205d56d1,e1206996-88c4-4a22-b5ca-b3c2e8881578,1ab3ebe3-15e0-4c43-a228-f80c47bfeac4,->,2c460e35-58f3-4e00-bd70-8f9c205d56d1,java/lang/StringBuilder.java,append
2c460e35-58f3-4e00-bd70-8f9c205d56d1,e1206996-88c4-4a22-b5ca-b3c2e8881578,1ab3ebe3-15e0-4c43-a228-f80c47bfeac4,->,2c460e35-58f3-4e00-bd70-8f9c205d56d1,java/lang/StringBuilder.java,append
2c460e35-58f3-4e00-bd70-8f9c205d56d1,e1206996-88c4-4a22-b5ca-b3c2e8881578,1ab3ebe3-15e0-4c43-a228-f80c47bfeac4,->,2c460e35-58f3-4e00-bd70-8f9c205d56d1,java/lang/StringBuilder.java,append
2c460e35-58f3-4e00-bd70-8f9c205d56d1,e1206996-88c4-4a22-b5ca-b3c2e8881578,1ab3ebe3-15e0-4c43-a228-f80c47bfeac4,->,2c460e35-58f3-4e00-bd70-8f9c205d56d1,java/lang/StringBuilder.java,toString
2c460e35-58f3-4e00-bd70-8f9c205d56d1,e1206996-88c4-4a22-b5ca-b3c2e8881578,1ab3ebe3-15e0-4c43-a228-f80c47bfeac4,->,2c460e35-58f3-4e00-bd70-8f9c205d56d1,java/util/logging/Logger.java,info
2c460e35-58f3-4e00-bd70-8f9c205d56d1,e1206996-88c4-4a22-b5ca-b3c2e8881578,9c139500-bd88-40c1-ada7-5f797ab09997,->,2c460e35-58f3-4e00-bd70-8f9c205d56d1,net/selfip/mrmister/codeRunner/lang/I18n.java,getTranslationFor
