caller_project_id,caller_class_id,caller_method_id,CALL_DIRECTION,callee_project_id,callee_class_id,callee_method_id
313d1fcf-fdf6-4e4e-85aa-8fcea532cc34,artMenu/acercaBattleShip$2.java,mouseClicked,->,313d1fcf-fdf6-4e4e-85aa-8fcea532cc34,artMenu/acercaBattleShip.java,access$100
313d1fcf-fdf6-4e4e-85aa-8fcea532cc34,3d9dba8e-dac7-462c-b074-8e4771d6861f,89f2ba7f-b892-4f4a-a7d0-4dbb6a591f7e,->,313d1fcf-fdf6-4e4e-85aa-8fcea532cc34,artMenu/acercaBadSoft.java,setDefaultCloseOperation
313d1fcf-fdf6-4e4e-85aa-8fcea532cc34,3d9dba8e-dac7-462c-b074-8e4771d6861f,89f2ba7f-b892-4f4a-a7d0-4dbb6a591f7e,->,313d1fcf-fdf6-4e4e-85aa-8fcea532cc34,artMenu/acercaBadSoft.java,setTitle
313d1fcf-fdf6-4e4e-85aa-8fcea532cc34,3d9dba8e-dac7-462c-b074-8e4771d6861f,89f2ba7f-b892-4f4a-a7d0-4dbb6a591f7e,->,313d1fcf-fdf6-4e4e-85aa-8fcea532cc34,3d9dba8e-dac7-462c-b074-8e4771d6861f,511b0786-5069-44c4-ad68-e8f192fb0cd4
313d1fcf-fdf6-4e4e-85aa-8fcea532cc34,3d9dba8e-dac7-462c-b074-8e4771d6861f,89f2ba7f-b892-4f4a-a7d0-4dbb6a591f7e,->,313d1fcf-fdf6-4e4e-85aa-8fcea532cc34,artMenu/acercaBadSoft.java,setIconImage
313d1fcf-fdf6-4e4e-85aa-8fcea532cc34,3d9dba8e-dac7-462c-b074-8e4771d6861f,89f2ba7f-b892-4f4a-a7d0-4dbb6a591f7e,->,313d1fcf-fdf6-4e4e-85aa-8fcea532cc34,artMenu/acercaBadSoft.java,setResizable
313d1fcf-fdf6-4e4e-85aa-8fcea532cc34,3d9dba8e-dac7-462c-b074-8e4771d6861f,89f2ba7f-b892-4f4a-a7d0-4dbb6a591f7e,->,313d1fcf-fdf6-4e4e-85aa-8fcea532cc34,javax/swing/JLabel.java,setFont
313d1fcf-fdf6-4e4e-85aa-8fcea532cc34,3d9dba8e-dac7-462c-b074-8e4771d6861f,89f2ba7f-b892-4f4a-a7d0-4dbb6a591f7e,->,313d1fcf-fdf6-4e4e-85aa-8fcea532cc34,java/lang/Object.java,getClass
313d1fcf-fdf6-4e4e-85aa-8fcea532cc34,3d9dba8e-dac7-462c-b074-8e4771d6861f,89f2ba7f-b892-4f4a-a7d0-4dbb6a591f7e,->,313d1fcf-fdf6-4e4e-85aa-8fcea532cc34,java/lang/Class.java,getResource
313d1fcf-fdf6-4e4e-85aa-8fcea532cc34,3d9dba8e-dac7-462c-b074-8e4771d6861f,89f2ba7f-b892-4f4a-a7d0-4dbb6a591f7e,->,313d1fcf-fdf6-4e4e-85aa-8fcea532cc34,javax/swing/JLabel.java,setIcon
313d1fcf-fdf6-4e4e-85aa-8fcea532cc34,3d9dba8e-dac7-462c-b074-8e4771d6861f,89f2ba7f-b892-4f4a-a7d0-4dbb6a591f7e,->,313d1fcf-fdf6-4e4e-85aa-8fcea532cc34,javax/swing/JLabel.java,setText
313d1fcf-fdf6-4e4e-85aa-8fcea532cc34,3d9dba8e-dac7-462c-b074-8e4771d6861f,89f2ba7f-b892-4f4a-a7d0-4dbb6a591f7e,->,313d1fcf-fdf6-4e4e-85aa-8fcea532cc34,javax/swing/JPanel.java,setBackground
313d1fcf-fdf6-4e4e-85aa-8fcea532cc34,3d9dba8e-dac7-462c-b074-8e4771d6861f,89f2ba7f-b892-4f4a-a7d0-4dbb6a591f7e,->,313d1fcf-fdf6-4e4e-85aa-8fcea532cc34,javax/swing/JPanel.java,setLayout
313d1fcf-fdf6-4e4e-85aa-8fcea532cc34,3d9dba8e-dac7-462c-b074-8e4771d6861f,89f2ba7f-b892-4f4a-a7d0-4dbb6a591f7e,->,313d1fcf-fdf6-4e4e-85aa-8fcea532cc34,javax/swing/GroupLayout.java,createParallelGroup
313d1fcf-fdf6-4e4e-85aa-8fcea532cc34,3d9dba8e-dac7-462c-b074-8e4771d6861f,89f2ba7f-b892-4f4a-a7d0-4dbb6a591f7e,->,313d1fcf-fdf6-4e4e-85aa-8fcea532cc34,javax/swing/GroupLayout$ParallelGroup.java,addGap
313d1fcf-fdf6-4e4e-85aa-8fcea532cc34,3d9dba8e-dac7-462c-b074-8e4771d6861f,89f2ba7f-b892-4f4a-a7d0-4dbb6a591f7e,->,313d1fcf-fdf6-4e4e-85aa-8fcea532cc34,javax/swing/GroupLayout.java,setHorizontalGroup
313d1fcf-fdf6-4e4e-85aa-8fcea532cc34,3d9dba8e-dac7-462c-b074-8e4771d6861f,89f2ba7f-b892-4f4a-a7d0-4dbb6a591f7e,->,313d1fcf-fdf6-4e4e-85aa-8fcea532cc34,javax/swing/GroupLayout.java,createParallelGroup
313d1fcf-fdf6-4e4e-85aa-8fcea532cc34,3d9dba8e-dac7-462c-b074-8e4771d6861f,89f2ba7f-b892-4f4a-a7d0-4dbb6a591f7e,->,313d1fcf-fdf6-4e4e-85aa-8fcea532cc34,javax/swing/GroupLayout$ParallelGroup.java,addGap
313d1fcf-fdf6-4e4e-85aa-8fcea532cc34,3d9dba8e-dac7-462c-b074-8e4771d6861f,89f2ba7f-b892-4f4a-a7d0-4dbb6a591f7e,->,313d1fcf-fdf6-4e4e-85aa-8fcea532cc34,javax/swing/GroupLayout.java,setVerticalGroup
313d1fcf-fdf6-4e4e-85aa-8fcea532cc34,3d9dba8e-dac7-462c-b074-8e4771d6861f,89f2ba7f-b892-4f4a-a7d0-4dbb6a591f7e,->,313d1fcf-fdf6-4e4e-85aa-8fcea532cc34,javax/swing/JLabel.java,setHorizontalAlignment
313d1fcf-fdf6-4e4e-85aa-8fcea532cc34,3d9dba8e-dac7-462c-b074-8e4771d6861f,89f2ba7f-b892-4f4a-a7d0-4dbb6a591f7e,->,313d1fcf-fdf6-4e4e-85aa-8fcea532cc34,javax/swing/JLabel.java,setText
313d1fcf-fdf6-4e4e-85aa-8fcea532cc34,3d9dba8e-dac7-462c-b074-8e4771d6861f,89f2ba7f-b892-4f4a-a7d0-4dbb6a591f7e,->,313d1fcf-fdf6-4e4e-85aa-8fcea532cc34,javax/swing/JLabel.java,setFont
313d1fcf-fdf6-4e4e-85aa-8fcea532cc34,3d9dba8e-dac7-462c-b074-8e4771d6861f,89f2ba7f-b892-4f4a-a7d0-4dbb6a591f7e,->,313d1fcf-fdf6-4e4e-85aa-8fcea532cc34,javax/swing/JLabel.java,setHorizontalAlignment
313d1fcf-fdf6-4e4e-85aa-8fcea532cc34,3d9dba8e-dac7-462c-b074-8e4771d6861f,89f2ba7f-b892-4f4a-a7d0-4dbb6a591f7e,->,313d1fcf-fdf6-4e4e-85aa-8fcea532cc34,javax/swing/JLabel.java,setText
313d1fcf-fdf6-4e4e-85aa-8fcea532cc34,3d9dba8e-dac7-462c-b074-8e4771d6861f,89f2ba7f-b892-4f4a-a7d0-4dbb6a591f7e,->,313d1fcf-fdf6-4e4e-85aa-8fcea532cc34,javax/swing/JLabel.java,setFont
313d1fcf-fdf6-4e4e-85aa-8fcea532cc34,3d9dba8e-dac7-462c-b074-8e4771d6861f,89f2ba7f-b892-4f4a-a7d0-4dbb6a591f7e,->,313d1fcf-fdf6-4e4e-85aa-8fcea532cc34,javax/swing/JLabel.java,setHorizontalAlignment
313d1fcf-fdf6-4e4e-85aa-8fcea532cc34,3d9dba8e-dac7-462c-b074-8e4771d6861f,89f2ba7f-b892-4f4a-a7d0-4dbb6a591f7e,->,313d1fcf-fdf6-4e4e-85aa-8fcea532cc34,javax/swing/JLabel.java,setText
313d1fcf-fdf6-4e4e-85aa-8fcea532cc34,3d9dba8e-dac7-462c-b074-8e4771d6861f,89f2ba7f-b892-4f4a-a7d0-4dbb6a591f7e,->,313d1fcf-fdf6-4e4e-85aa-8fcea532cc34,artMenu/acercaBadSoft.java,getContentPane
313d1fcf-fdf6-4e4e-85aa-8fcea532cc34,3d9dba8e-dac7-462c-b074-8e4771d6861f,89f2ba7f-b892-4f4a-a7d0-4dbb6a591f7e,->,313d1fcf-fdf6-4e4e-85aa-8fcea532cc34,artMenu/acercaBadSoft.java,getContentPane
313d1fcf-fdf6-4e4e-85aa-8fcea532cc34,3d9dba8e-dac7-462c-b074-8e4771d6861f,89f2ba7f-b892-4f4a-a7d0-4dbb6a591f7e,->,313d1fcf-fdf6-4e4e-85aa-8fcea532cc34,java/awt/Container.java,setLayout
313d1fcf-fdf6-4e4e-85aa-8fcea532cc34,3d9dba8e-dac7-462c-b074-8e4771d6861f,89f2ba7f-b892-4f4a-a7d0-4dbb6a591f7e,->,313d1fcf-fdf6-4e4e-85aa-8fcea532cc34,javax/swing/GroupLayout.java,createParallelGroup
313d1fcf-fdf6-4e4e-85aa-8fcea532cc34,3d9dba8e-dac7-462c-b074-8e4771d6861f,89f2ba7f-b892-4f4a-a7d0-4dbb6a591f7e,->,313d1fcf-fdf6-4e4e-85aa-8fcea532cc34,javax/swing/GroupLayout.java,createSequentialGroup
313d1fcf-fdf6-4e4e-85aa-8fcea532cc34,3d9dba8e-dac7-462c-b074-8e4771d6861f,89f2ba7f-b892-4f4a-a7d0-4dbb6a591f7e,->,313d1fcf-fdf6-4e4e-85aa-8fcea532cc34,javax/swing/GroupLayout$SequentialGroup.java,addContainerGap
313d1fcf-fdf6-4e4e-85aa-8fcea532cc34,3d9dba8e-dac7-462c-b074-8e4771d6861f,89f2ba7f-b892-4f4a-a7d0-4dbb6a591f7e,->,313d1fcf-fdf6-4e4e-85aa-8fcea532cc34,javax/swing/GroupLayout.java,createParallelGroup
313d1fcf-fdf6-4e4e-85aa-8fcea532cc34,3d9dba8e-dac7-462c-b074-8e4771d6861f,89f2ba7f-b892-4f4a-a7d0-4dbb6a591f7e,->,313d1fcf-fdf6-4e4e-85aa-8fcea532cc34,javax/swing/GroupLayout$ParallelGroup.java,addComponent
313d1fcf-fdf6-4e4e-85aa-8fcea532cc34,3d9dba8e-dac7-462c-b074-8e4771d6861f,89f2ba7f-b892-4f4a-a7d0-4dbb6a591f7e,->,313d1fcf-fdf6-4e4e-85aa-8fcea532cc34,javax/swing/GroupLayout$ParallelGroup.java,addComponent
313d1fcf-fdf6-4e4e-85aa-8fcea532cc34,3d9dba8e-dac7-462c-b074-8e4771d6861f,89f2ba7f-b892-4f4a-a7d0-4dbb6a591f7e,->,313d1fcf-fdf6-4e4e-85aa-8fcea532cc34,javax/swing/GroupLayout$ParallelGroup.java,addComponent
313d1fcf-fdf6-4e4e-85aa-8fcea532cc34,3d9dba8e-dac7-462c-b074-8e4771d6861f,89f2ba7f-b892-4f4a-a7d0-4dbb6a591f7e,->,313d1fcf-fdf6-4e4e-85aa-8fcea532cc34,javax/swing/GroupLayout$ParallelGroup.java,addComponent
313d1fcf-fdf6-4e4e-85aa-8fcea532cc34,3d9dba8e-dac7-462c-b074-8e4771d6861f,89f2ba7f-b892-4f4a-a7d0-4dbb6a591f7e,->,313d1fcf-fdf6-4e4e-85aa-8fcea532cc34,javax/swing/GroupLayout.java,createSequentialGroup
313d1fcf-fdf6-4e4e-85aa-8fcea532cc34,3d9dba8e-dac7-462c-b074-8e4771d6861f,89f2ba7f-b892-4f4a-a7d0-4dbb6a591f7e,->,313d1fcf-fdf6-4e4e-85aa-8fcea532cc34,javax/swing/GroupLayout$SequentialGroup.java,addComponent
313d1fcf-fdf6-4e4e-85aa-8fcea532cc34,3d9dba8e-dac7-462c-b074-8e4771d6861f,89f2ba7f-b892-4f4a-a7d0-4dbb6a591f7e,->,313d1fcf-fdf6-4e4e-85aa-8fcea532cc34,javax/swing/GroupLayout$SequentialGroup.java,addGap
313d1fcf-fdf6-4e4e-85aa-8fcea532cc34,3d9dba8e-dac7-462c-b074-8e4771d6861f,89f2ba7f-b892-4f4a-a7d0-4dbb6a591f7e,->,313d1fcf-fdf6-4e4e-85aa-8fcea532cc34,javax/swing/GroupLayout$ParallelGroup.java,addGroup
313d1fcf-fdf6-4e4e-85aa-8fcea532cc34,3d9dba8e-dac7-462c-b074-8e4771d6861f,89f2ba7f-b892-4f4a-a7d0-4dbb6a591f7e,->,313d1fcf-fdf6-4e4e-85aa-8fcea532cc34,javax/swing/GroupLayout$SequentialGroup.java,addGroup
313d1fcf-fdf6-4e4e-85aa-8fcea532cc34,3d9dba8e-dac7-462c-b074-8e4771d6861f,89f2ba7f-b892-4f4a-a7d0-4dbb6a591f7e,->,313d1fcf-fdf6-4e4e-85aa-8fcea532cc34,javax/swing/GroupLayout$SequentialGroup.java,addContainerGap
313d1fcf-fdf6-4e4e-85aa-8fcea532cc34,3d9dba8e-dac7-462c-b074-8e4771d6861f,89f2ba7f-b892-4f4a-a7d0-4dbb6a591f7e,->,313d1fcf-fdf6-4e4e-85aa-8fcea532cc34,javax/swing/GroupLayout$ParallelGroup.java,addGroup
313d1fcf-fdf6-4e4e-85aa-8fcea532cc34,3d9dba8e-dac7-462c-b074-8e4771d6861f,89f2ba7f-b892-4f4a-a7d0-4dbb6a591f7e,->,313d1fcf-fdf6-4e4e-85aa-8fcea532cc34,javax/swing/GroupLayout.java,setHorizontalGroup
313d1fcf-fdf6-4e4e-85aa-8fcea532cc34,3d9dba8e-dac7-462c-b074-8e4771d6861f,89f2ba7f-b892-4f4a-a7d0-4dbb6a591f7e,->,313d1fcf-fdf6-4e4e-85aa-8fcea532cc34,javax/swing/GroupLayout.java,createParallelGroup
313d1fcf-fdf6-4e4e-85aa-8fcea532cc34,3d9dba8e-dac7-462c-b074-8e4771d6861f,89f2ba7f-b892-4f4a-a7d0-4dbb6a591f7e,->,313d1fcf-fdf6-4e4e-85aa-8fcea532cc34,javax/swing/GroupLayout.java,createSequentialGroup
313d1fcf-fdf6-4e4e-85aa-8fcea532cc34,3d9dba8e-dac7-462c-b074-8e4771d6861f,89f2ba7f-b892-4f4a-a7d0-4dbb6a591f7e,->,313d1fcf-fdf6-4e4e-85aa-8fcea532cc34,javax/swing/GroupLayout$SequentialGroup.java,addContainerGap
313d1fcf-fdf6-4e4e-85aa-8fcea532cc34,3d9dba8e-dac7-462c-b074-8e4771d6861f,89f2ba7f-b892-4f4a-a7d0-4dbb6a591f7e,->,313d1fcf-fdf6-4e4e-85aa-8fcea532cc34,javax/swing/GroupLayout$SequentialGroup.java,addComponent
313d1fcf-fdf6-4e4e-85aa-8fcea532cc34,3d9dba8e-dac7-462c-b074-8e4771d6861f,89f2ba7f-b892-4f4a-a7d0-4dbb6a591f7e,->,313d1fcf-fdf6-4e4e-85aa-8fcea532cc34,javax/swing/GroupLayout$SequentialGroup.java,addPreferredGap
313d1fcf-fdf6-4e4e-85aa-8fcea532cc34,3d9dba8e-dac7-462c-b074-8e4771d6861f,89f2ba7f-b892-4f4a-a7d0-4dbb6a591f7e,->,313d1fcf-fdf6-4e4e-85aa-8fcea532cc34,javax/swing/GroupLayout$SequentialGroup.java,addComponent
313d1fcf-fdf6-4e4e-85aa-8fcea532cc34,3d9dba8e-dac7-462c-b074-8e4771d6861f,89f2ba7f-b892-4f4a-a7d0-4dbb6a591f7e,->,313d1fcf-fdf6-4e4e-85aa-8fcea532cc34,javax/swing/GroupLayout$SequentialGroup.java,addPreferredGap
313d1fcf-fdf6-4e4e-85aa-8fcea532cc34,3d9dba8e-dac7-462c-b074-8e4771d6861f,89f2ba7f-b892-4f4a-a7d0-4dbb6a591f7e,->,313d1fcf-fdf6-4e4e-85aa-8fcea532cc34,javax/swing/GroupLayout$SequentialGroup.java,addComponent
313d1fcf-fdf6-4e4e-85aa-8fcea532cc34,3d9dba8e-dac7-462c-b074-8e4771d6861f,89f2ba7f-b892-4f4a-a7d0-4dbb6a591f7e,->,313d1fcf-fdf6-4e4e-85aa-8fcea532cc34,javax/swing/GroupLayout$SequentialGroup.java,addGap
313d1fcf-fdf6-4e4e-85aa-8fcea532cc34,3d9dba8e-dac7-462c-b074-8e4771d6861f,89f2ba7f-b892-4f4a-a7d0-4dbb6a591f7e,->,313d1fcf-fdf6-4e4e-85aa-8fcea532cc34,javax/swing/GroupLayout$SequentialGroup.java,addComponent
313d1fcf-fdf6-4e4e-85aa-8fcea532cc34,3d9dba8e-dac7-462c-b074-8e4771d6861f,89f2ba7f-b892-4f4a-a7d0-4dbb6a591f7e,->,313d1fcf-fdf6-4e4e-85aa-8fcea532cc34,javax/swing/GroupLayout$SequentialGroup.java,addPreferredGap
313d1fcf-fdf6-4e4e-85aa-8fcea532cc34,3d9dba8e-dac7-462c-b074-8e4771d6861f,89f2ba7f-b892-4f4a-a7d0-4dbb6a591f7e,->,313d1fcf-fdf6-4e4e-85aa-8fcea532cc34,javax/swing/GroupLayout$SequentialGroup.java,addComponent
313d1fcf-fdf6-4e4e-85aa-8fcea532cc34,3d9dba8e-dac7-462c-b074-8e4771d6861f,89f2ba7f-b892-4f4a-a7d0-4dbb6a591f7e,->,313d1fcf-fdf6-4e4e-85aa-8fcea532cc34,javax/swing/GroupLayout$SequentialGroup.java,addContainerGap
313d1fcf-fdf6-4e4e-85aa-8fcea532cc34,3d9dba8e-dac7-462c-b074-8e4771d6861f,89f2ba7f-b892-4f4a-a7d0-4dbb6a591f7e,->,313d1fcf-fdf6-4e4e-85aa-8fcea532cc34,javax/swing/GroupLayout$ParallelGroup.java,addGroup
313d1fcf-fdf6-4e4e-85aa-8fcea532cc34,3d9dba8e-dac7-462c-b074-8e4771d6861f,89f2ba7f-b892-4f4a-a7d0-4dbb6a591f7e,->,313d1fcf-fdf6-4e4e-85aa-8fcea532cc34,javax/swing/GroupLayout.java,setVerticalGroup
313d1fcf-fdf6-4e4e-85aa-8fcea532cc34,3d9dba8e-dac7-462c-b074-8e4771d6861f,89f2ba7f-b892-4f4a-a7d0-4dbb6a591f7e,->,313d1fcf-fdf6-4e4e-85aa-8fcea532cc34,artMenu/acercaBadSoft.java,pack
313d1fcf-fdf6-4e4e-85aa-8fcea532cc34,3d9dba8e-dac7-462c-b074-8e4771d6861f,511b0786-5069-44c4-ad68-e8f192fb0cd4,->,313d1fcf-fdf6-4e4e-85aa-8fcea532cc34,java/awt/Toolkit.java,getDefaultToolkit
313d1fcf-fdf6-4e4e-85aa-8fcea532cc34,3d9dba8e-dac7-462c-b074-8e4771d6861f,511b0786-5069-44c4-ad68-e8f192fb0cd4,->,313d1fcf-fdf6-4e4e-85aa-8fcea532cc34,java/lang/ClassLoader.java,getSystemResource
313d1fcf-fdf6-4e4e-85aa-8fcea532cc34,3d9dba8e-dac7-462c-b074-8e4771d6861f,511b0786-5069-44c4-ad68-e8f192fb0cd4,->,313d1fcf-fdf6-4e4e-85aa-8fcea532cc34,java/awt/Toolkit.java,getImage
313d1fcf-fdf6-4e4e-85aa-8fcea532cc34,artMenu/acercaBattleShip$1.java,mouseClicked,->,313d1fcf-fdf6-4e4e-85aa-8fcea532cc34,artMenu/acercaBattleShip.java,access$000
313d1fcf-fdf6-4e4e-85aa-8fcea532cc34,5503860c-06ff-46b5-86be-1b71bf4de3ee,b0156827-ee55-4ee2-930c-87a3d61547fc,->,313d1fcf-fdf6-4e4e-85aa-8fcea532cc34,artMenu/acercaBattleShip.java,setDefaultCloseOperation
313d1fcf-fdf6-4e4e-85aa-8fcea532cc34,5503860c-06ff-46b5-86be-1b71bf4de3ee,b0156827-ee55-4ee2-930c-87a3d61547fc,->,313d1fcf-fdf6-4e4e-85aa-8fcea532cc34,artMenu/acercaBattleShip.java,setTitle
313d1fcf-fdf6-4e4e-85aa-8fcea532cc34,5503860c-06ff-46b5-86be-1b71bf4de3ee,b0156827-ee55-4ee2-930c-87a3d61547fc,->,313d1fcf-fdf6-4e4e-85aa-8fcea532cc34,5503860c-06ff-46b5-86be-1b71bf4de3ee,5d50b5ad-0561-4523-b57c-8963a64ae6a8
313d1fcf-fdf6-4e4e-85aa-8fcea532cc34,5503860c-06ff-46b5-86be-1b71bf4de3ee,b0156827-ee55-4ee2-930c-87a3d61547fc,->,313d1fcf-fdf6-4e4e-85aa-8fcea532cc34,artMenu/acercaBattleShip.java,setIconImage
313d1fcf-fdf6-4e4e-85aa-8fcea532cc34,5503860c-06ff-46b5-86be-1b71bf4de3ee,b0156827-ee55-4ee2-930c-87a3d61547fc,->,313d1fcf-fdf6-4e4e-85aa-8fcea532cc34,artMenu/acercaBattleShip.java,setResizable
313d1fcf-fdf6-4e4e-85aa-8fcea532cc34,5503860c-06ff-46b5-86be-1b71bf4de3ee,b0156827-ee55-4ee2-930c-87a3d61547fc,->,313d1fcf-fdf6-4e4e-85aa-8fcea532cc34,javax/swing/JLabel.java,setFont
313d1fcf-fdf6-4e4e-85aa-8fcea532cc34,5503860c-06ff-46b5-86be-1b71bf4de3ee,b0156827-ee55-4ee2-930c-87a3d61547fc,->,313d1fcf-fdf6-4e4e-85aa-8fcea532cc34,java/lang/Object.java,getClass
313d1fcf-fdf6-4e4e-85aa-8fcea532cc34,5503860c-06ff-46b5-86be-1b71bf4de3ee,b0156827-ee55-4ee2-930c-87a3d61547fc,->,313d1fcf-fdf6-4e4e-85aa-8fcea532cc34,java/lang/Class.java,getResource
313d1fcf-fdf6-4e4e-85aa-8fcea532cc34,5503860c-06ff-46b5-86be-1b71bf4de3ee,b0156827-ee55-4ee2-930c-87a3d61547fc,->,313d1fcf-fdf6-4e4e-85aa-8fcea532cc34,javax/swing/JLabel.java,setIcon
313d1fcf-fdf6-4e4e-85aa-8fcea532cc34,5503860c-06ff-46b5-86be-1b71bf4de3ee,b0156827-ee55-4ee2-930c-87a3d61547fc,->,313d1fcf-fdf6-4e4e-85aa-8fcea532cc34,javax/swing/JLabel.java,setText
313d1fcf-fdf6-4e4e-85aa-8fcea532cc34,5503860c-06ff-46b5-86be-1b71bf4de3ee,b0156827-ee55-4ee2-930c-87a3d61547fc,->,313d1fcf-fdf6-4e4e-85aa-8fcea532cc34,javax/swing/JPanel.java,setBackground
313d1fcf-fdf6-4e4e-85aa-8fcea532cc34,5503860c-06ff-46b5-86be-1b71bf4de3ee,b0156827-ee55-4ee2-930c-87a3d61547fc,->,313d1fcf-fdf6-4e4e-85aa-8fcea532cc34,javax/swing/JPanel.java,setLayout
313d1fcf-fdf6-4e4e-85aa-8fcea532cc34,5503860c-06ff-46b5-86be-1b71bf4de3ee,b0156827-ee55-4ee2-930c-87a3d61547fc,->,313d1fcf-fdf6-4e4e-85aa-8fcea532cc34,javax/swing/GroupLayout.java,createParallelGroup
313d1fcf-fdf6-4e4e-85aa-8fcea532cc34,5503860c-06ff-46b5-86be-1b71bf4de3ee,b0156827-ee55-4ee2-930c-87a3d61547fc,->,313d1fcf-fdf6-4e4e-85aa-8fcea532cc34,javax/swing/GroupLayout$ParallelGroup.java,addGap
313d1fcf-fdf6-4e4e-85aa-8fcea532cc34,5503860c-06ff-46b5-86be-1b71bf4de3ee,b0156827-ee55-4ee2-930c-87a3d61547fc,->,313d1fcf-fdf6-4e4e-85aa-8fcea532cc34,javax/swing/GroupLayout.java,setHorizontalGroup
313d1fcf-fdf6-4e4e-85aa-8fcea532cc34,5503860c-06ff-46b5-86be-1b71bf4de3ee,b0156827-ee55-4ee2-930c-87a3d61547fc,->,313d1fcf-fdf6-4e4e-85aa-8fcea532cc34,javax/swing/GroupLayout.java,createParallelGroup
313d1fcf-fdf6-4e4e-85aa-8fcea532cc34,5503860c-06ff-46b5-86be-1b71bf4de3ee,b0156827-ee55-4ee2-930c-87a3d61547fc,->,313d1fcf-fdf6-4e4e-85aa-8fcea532cc34,javax/swing/GroupLayout$ParallelGroup.java,addGap
313d1fcf-fdf6-4e4e-85aa-8fcea532cc34,5503860c-06ff-46b5-86be-1b71bf4de3ee,b0156827-ee55-4ee2-930c-87a3d61547fc,->,313d1fcf-fdf6-4e4e-85aa-8fcea532cc34,javax/swing/GroupLayout.java,setVerticalGroup
313d1fcf-fdf6-4e4e-85aa-8fcea532cc34,5503860c-06ff-46b5-86be-1b71bf4de3ee,b0156827-ee55-4ee2-930c-87a3d61547fc,->,313d1fcf-fdf6-4e4e-85aa-8fcea532cc34,javax/swing/JLabel.java,setHorizontalAlignment
313d1fcf-fdf6-4e4e-85aa-8fcea532cc34,5503860c-06ff-46b5-86be-1b71bf4de3ee,b0156827-ee55-4ee2-930c-87a3d61547fc,->,313d1fcf-fdf6-4e4e-85aa-8fcea532cc34,java/lang/Object.java,getClass
313d1fcf-fdf6-4e4e-85aa-8fcea532cc34,5503860c-06ff-46b5-86be-1b71bf4de3ee,b0156827-ee55-4ee2-930c-87a3d61547fc,->,313d1fcf-fdf6-4e4e-85aa-8fcea532cc34,java/lang/Class.java,getResource
313d1fcf-fdf6-4e4e-85aa-8fcea532cc34,5503860c-06ff-46b5-86be-1b71bf4de3ee,b0156827-ee55-4ee2-930c-87a3d61547fc,->,313d1fcf-fdf6-4e4e-85aa-8fcea532cc34,javax/swing/JLabel.java,setIcon
313d1fcf-fdf6-4e4e-85aa-8fcea532cc34,5503860c-06ff-46b5-86be-1b71bf4de3ee,b0156827-ee55-4ee2-930c-87a3d61547fc,->,313d1fcf-fdf6-4e4e-85aa-8fcea532cc34,javax/swing/JLabel.java,setFont
313d1fcf-fdf6-4e4e-85aa-8fcea532cc34,5503860c-06ff-46b5-86be-1b71bf4de3ee,b0156827-ee55-4ee2-930c-87a3d61547fc,->,313d1fcf-fdf6-4e4e-85aa-8fcea532cc34,javax/swing/JLabel.java,setHorizontalAlignment
313d1fcf-fdf6-4e4e-85aa-8fcea532cc34,5503860c-06ff-46b5-86be-1b71bf4de3ee,b0156827-ee55-4ee2-930c-87a3d61547fc,->,313d1fcf-fdf6-4e4e-85aa-8fcea532cc34,javax/swing/JLabel.java,setText
313d1fcf-fdf6-4e4e-85aa-8fcea532cc34,5503860c-06ff-46b5-86be-1b71bf4de3ee,b0156827-ee55-4ee2-930c-87a3d61547fc,->,313d1fcf-fdf6-4e4e-85aa-8fcea532cc34,javax/swing/JLabel.java,setFont
313d1fcf-fdf6-4e4e-85aa-8fcea532cc34,5503860c-06ff-46b5-86be-1b71bf4de3ee,b0156827-ee55-4ee2-930c-87a3d61547fc,->,313d1fcf-fdf6-4e4e-85aa-8fcea532cc34,javax/swing/JLabel.java,setHorizontalAlignment
313d1fcf-fdf6-4e4e-85aa-8fcea532cc34,5503860c-06ff-46b5-86be-1b71bf4de3ee,b0156827-ee55-4ee2-930c-87a3d61547fc,->,313d1fcf-fdf6-4e4e-85aa-8fcea532cc34,javax/swing/JLabel.java,setText
313d1fcf-fdf6-4e4e-85aa-8fcea532cc34,5503860c-06ff-46b5-86be-1b71bf4de3ee,b0156827-ee55-4ee2-930c-87a3d61547fc,->,313d1fcf-fdf6-4e4e-85aa-8fcea532cc34,javax/swing/JLabel.java,setFont
313d1fcf-fdf6-4e4e-85aa-8fcea532cc34,5503860c-06ff-46b5-86be-1b71bf4de3ee,b0156827-ee55-4ee2-930c-87a3d61547fc,->,313d1fcf-fdf6-4e4e-85aa-8fcea532cc34,javax/swing/JLabel.java,setHorizontalAlignment
313d1fcf-fdf6-4e4e-85aa-8fcea532cc34,5503860c-06ff-46b5-86be-1b71bf4de3ee,b0156827-ee55-4ee2-930c-87a3d61547fc,->,313d1fcf-fdf6-4e4e-85aa-8fcea532cc34,javax/swing/JLabel.java,setText
313d1fcf-fdf6-4e4e-85aa-8fcea532cc34,5503860c-06ff-46b5-86be-1b71bf4de3ee,b0156827-ee55-4ee2-930c-87a3d61547fc,->,313d1fcf-fdf6-4e4e-85aa-8fcea532cc34,javax/swing/JLabel.java,setFont
313d1fcf-fdf6-4e4e-85aa-8fcea532cc34,5503860c-06ff-46b5-86be-1b71bf4de3ee,b0156827-ee55-4ee2-930c-87a3d61547fc,->,313d1fcf-fdf6-4e4e-85aa-8fcea532cc34,javax/swing/JLabel.java,setHorizontalAlignment
313d1fcf-fdf6-4e4e-85aa-8fcea532cc34,5503860c-06ff-46b5-86be-1b71bf4de3ee,b0156827-ee55-4ee2-930c-87a3d61547fc,->,313d1fcf-fdf6-4e4e-85aa-8fcea532cc34,javax/swing/JLabel.java,setText
313d1fcf-fdf6-4e4e-85aa-8fcea532cc34,5503860c-06ff-46b5-86be-1b71bf4de3ee,b0156827-ee55-4ee2-930c-87a3d61547fc,->,313d1fcf-fdf6-4e4e-85aa-8fcea532cc34,javax/swing/JLabel.java,setFont
313d1fcf-fdf6-4e4e-85aa-8fcea532cc34,5503860c-06ff-46b5-86be-1b71bf4de3ee,b0156827-ee55-4ee2-930c-87a3d61547fc,->,313d1fcf-fdf6-4e4e-85aa-8fcea532cc34,javax/swing/JLabel.java,setHorizontalAlignment
313d1fcf-fdf6-4e4e-85aa-8fcea532cc34,5503860c-06ff-46b5-86be-1b71bf4de3ee,b0156827-ee55-4ee2-930c-87a3d61547fc,->,313d1fcf-fdf6-4e4e-85aa-8fcea532cc34,javax/swing/JLabel.java,setText
313d1fcf-fdf6-4e4e-85aa-8fcea532cc34,5503860c-06ff-46b5-86be-1b71bf4de3ee,b0156827-ee55-4ee2-930c-87a3d61547fc,->,313d1fcf-fdf6-4e4e-85aa-8fcea532cc34,javax/swing/JLabel.java,setFont
313d1fcf-fdf6-4e4e-85aa-8fcea532cc34,5503860c-06ff-46b5-86be-1b71bf4de3ee,b0156827-ee55-4ee2-930c-87a3d61547fc,->,313d1fcf-fdf6-4e4e-85aa-8fcea532cc34,java/lang/Object.java,getClass
313d1fcf-fdf6-4e4e-85aa-8fcea532cc34,5503860c-06ff-46b5-86be-1b71bf4de3ee,b0156827-ee55-4ee2-930c-87a3d61547fc,->,313d1fcf-fdf6-4e4e-85aa-8fcea532cc34,java/lang/Class.java,getResource
313d1fcf-fdf6-4e4e-85aa-8fcea532cc34,5503860c-06ff-46b5-86be-1b71bf4de3ee,b0156827-ee55-4ee2-930c-87a3d61547fc,->,313d1fcf-fdf6-4e4e-85aa-8fcea532cc34,javax/swing/JLabel.java,setIcon
313d1fcf-fdf6-4e4e-85aa-8fcea532cc34,5503860c-06ff-46b5-86be-1b71bf4de3ee,b0156827-ee55-4ee2-930c-87a3d61547fc,->,313d1fcf-fdf6-4e4e-85aa-8fcea532cc34,javax/swing/JLabel.java,setText
313d1fcf-fdf6-4e4e-85aa-8fcea532cc34,5503860c-06ff-46b5-86be-1b71bf4de3ee,b0156827-ee55-4ee2-930c-87a3d61547fc,->,313d1fcf-fdf6-4e4e-85aa-8fcea532cc34,javax/swing/JLabel.java,setCursor
313d1fcf-fdf6-4e4e-85aa-8fcea532cc34,5503860c-06ff-46b5-86be-1b71bf4de3ee,b0156827-ee55-4ee2-930c-87a3d61547fc,->,313d1fcf-fdf6-4e4e-85aa-8fcea532cc34,javax/swing/JLabel.java,addMouseListener
313d1fcf-fdf6-4e4e-85aa-8fcea532cc34,5503860c-06ff-46b5-86be-1b71bf4de3ee,b0156827-ee55-4ee2-930c-87a3d61547fc,->,313d1fcf-fdf6-4e4e-85aa-8fcea532cc34,javax/swing/JLabel.java,setFont
313d1fcf-fdf6-4e4e-85aa-8fcea532cc34,5503860c-06ff-46b5-86be-1b71bf4de3ee,b0156827-ee55-4ee2-930c-87a3d61547fc,->,313d1fcf-fdf6-4e4e-85aa-8fcea532cc34,java/lang/Object.java,getClass
313d1fcf-fdf6-4e4e-85aa-8fcea532cc34,5503860c-06ff-46b5-86be-1b71bf4de3ee,b0156827-ee55-4ee2-930c-87a3d61547fc,->,313d1fcf-fdf6-4e4e-85aa-8fcea532cc34,java/lang/Class.java,getResource
313d1fcf-fdf6-4e4e-85aa-8fcea532cc34,5503860c-06ff-46b5-86be-1b71bf4de3ee,b0156827-ee55-4ee2-930c-87a3d61547fc,->,313d1fcf-fdf6-4e4e-85aa-8fcea532cc34,javax/swing/JLabel.java,setIcon
313d1fcf-fdf6-4e4e-85aa-8fcea532cc34,5503860c-06ff-46b5-86be-1b71bf4de3ee,b0156827-ee55-4ee2-930c-87a3d61547fc,->,313d1fcf-fdf6-4e4e-85aa-8fcea532cc34,javax/swing/JLabel.java,setText
313d1fcf-fdf6-4e4e-85aa-8fcea532cc34,5503860c-06ff-46b5-86be-1b71bf4de3ee,b0156827-ee55-4ee2-930c-87a3d61547fc,->,313d1fcf-fdf6-4e4e-85aa-8fcea532cc34,javax/swing/JLabel.java,setCursor
313d1fcf-fdf6-4e4e-85aa-8fcea532cc34,5503860c-06ff-46b5-86be-1b71bf4de3ee,b0156827-ee55-4ee2-930c-87a3d61547fc,->,313d1fcf-fdf6-4e4e-85aa-8fcea532cc34,javax/swing/JLabel.java,addMouseListener
313d1fcf-fdf6-4e4e-85aa-8fcea532cc34,5503860c-06ff-46b5-86be-1b71bf4de3ee,b0156827-ee55-4ee2-930c-87a3d61547fc,->,313d1fcf-fdf6-4e4e-85aa-8fcea532cc34,artMenu/acercaBattleShip.java,getContentPane
313d1fcf-fdf6-4e4e-85aa-8fcea532cc34,5503860c-06ff-46b5-86be-1b71bf4de3ee,b0156827-ee55-4ee2-930c-87a3d61547fc,->,313d1fcf-fdf6-4e4e-85aa-8fcea532cc34,artMenu/acercaBattleShip.java,getContentPane
313d1fcf-fdf6-4e4e-85aa-8fcea532cc34,5503860c-06ff-46b5-86be-1b71bf4de3ee,b0156827-ee55-4ee2-930c-87a3d61547fc,->,313d1fcf-fdf6-4e4e-85aa-8fcea532cc34,java/awt/Container.java,setLayout
313d1fcf-fdf6-4e4e-85aa-8fcea532cc34,5503860c-06ff-46b5-86be-1b71bf4de3ee,b0156827-ee55-4ee2-930c-87a3d61547fc,->,313d1fcf-fdf6-4e4e-85aa-8fcea532cc34,javax/swing/GroupLayout.java,createParallelGroup
313d1fcf-fdf6-4e4e-85aa-8fcea532cc34,5503860c-06ff-46b5-86be-1b71bf4de3ee,b0156827-ee55-4ee2-930c-87a3d61547fc,->,313d1fcf-fdf6-4e4e-85aa-8fcea532cc34,javax/swing/GroupLayout.java,createSequentialGroup
313d1fcf-fdf6-4e4e-85aa-8fcea532cc34,5503860c-06ff-46b5-86be-1b71bf4de3ee,b0156827-ee55-4ee2-930c-87a3d61547fc,->,313d1fcf-fdf6-4e4e-85aa-8fcea532cc34,javax/swing/GroupLayout$SequentialGroup.java,addContainerGap
313d1fcf-fdf6-4e4e-85aa-8fcea532cc34,5503860c-06ff-46b5-86be-1b71bf4de3ee,b0156827-ee55-4ee2-930c-87a3d61547fc,->,313d1fcf-fdf6-4e4e-85aa-8fcea532cc34,javax/swing/GroupLayout.java,createParallelGroup
313d1fcf-fdf6-4e4e-85aa-8fcea532cc34,5503860c-06ff-46b5-86be-1b71bf4de3ee,b0156827-ee55-4ee2-930c-87a3d61547fc,->,313d1fcf-fdf6-4e4e-85aa-8fcea532cc34,javax/swing/GroupLayout$ParallelGroup.java,addComponent
313d1fcf-fdf6-4e4e-85aa-8fcea532cc34,5503860c-06ff-46b5-86be-1b71bf4de3ee,b0156827-ee55-4ee2-930c-87a3d61547fc,->,313d1fcf-fdf6-4e4e-85aa-8fcea532cc34,javax/swing/GroupLayout$ParallelGroup.java,addComponent
313d1fcf-fdf6-4e4e-85aa-8fcea532cc34,5503860c-06ff-46b5-86be-1b71bf4de3ee,b0156827-ee55-4ee2-930c-87a3d61547fc,->,313d1fcf-fdf6-4e4e-85aa-8fcea532cc34,javax/swing/GroupLayout.java,createSequentialGroup
313d1fcf-fdf6-4e4e-85aa-8fcea532cc34,5503860c-06ff-46b5-86be-1b71bf4de3ee,b0156827-ee55-4ee2-930c-87a3d61547fc,->,313d1fcf-fdf6-4e4e-85aa-8fcea532cc34,javax/swing/GroupLayout.java,createParallelGroup
313d1fcf-fdf6-4e4e-85aa-8fcea532cc34,5503860c-06ff-46b5-86be-1b71bf4de3ee,b0156827-ee55-4ee2-930c-87a3d61547fc,->,313d1fcf-fdf6-4e4e-85aa-8fcea532cc34,javax/swing/GroupLayout$ParallelGroup.java,addComponent
313d1fcf-fdf6-4e4e-85aa-8fcea532cc34,5503860c-06ff-46b5-86be-1b71bf4de3ee,b0156827-ee55-4ee2-930c-87a3d61547fc,->,313d1fcf-fdf6-4e4e-85aa-8fcea532cc34,javax/swing/GroupLayout$ParallelGroup.java,addComponent
313d1fcf-fdf6-4e4e-85aa-8fcea532cc34,5503860c-06ff-46b5-86be-1b71bf4de3ee,b0156827-ee55-4ee2-930c-87a3d61547fc,->,313d1fcf-fdf6-4e4e-85aa-8fcea532cc34,javax/swing/GroupLayout.java,createParallelGroup
313d1fcf-fdf6-4e4e-85aa-8fcea532cc34,5503860c-06ff-46b5-86be-1b71bf4de3ee,b0156827-ee55-4ee2-930c-87a3d61547fc,->,313d1fcf-fdf6-4e4e-85aa-8fcea532cc34,javax/swing/GroupLayout$ParallelGroup.java,addComponent
313d1fcf-fdf6-4e4e-85aa-8fcea532cc34,5503860c-06ff-46b5-86be-1b71bf4de3ee,b0156827-ee55-4ee2-930c-87a3d61547fc,->,313d1fcf-fdf6-4e4e-85aa-8fcea532cc34,javax/swing/GroupLayout$ParallelGroup.java,addComponent
313d1fcf-fdf6-4e4e-85aa-8fcea532cc34,5503860c-06ff-46b5-86be-1b71bf4de3ee,b0156827-ee55-4ee2-930c-87a3d61547fc,->,313d1fcf-fdf6-4e4e-85aa-8fcea532cc34,javax/swing/GroupLayout$ParallelGroup.java,addGroup
313d1fcf-fdf6-4e4e-85aa-8fcea532cc34,5503860c-06ff-46b5-86be-1b71bf4de3ee,b0156827-ee55-4ee2-930c-87a3d61547fc,->,313d1fcf-fdf6-4e4e-85aa-8fcea532cc34,javax/swing/GroupLayout.java,createParallelGroup
313d1fcf-fdf6-4e4e-85aa-8fcea532cc34,5503860c-06ff-46b5-86be-1b71bf4de3ee,b0156827-ee55-4ee2-930c-87a3d61547fc,->,313d1fcf-fdf6-4e4e-85aa-8fcea532cc34,javax/swing/GroupLayout$ParallelGroup.java,addComponent
313d1fcf-fdf6-4e4e-85aa-8fcea532cc34,5503860c-06ff-46b5-86be-1b71bf4de3ee,b0156827-ee55-4ee2-930c-87a3d61547fc,->,313d1fcf-fdf6-4e4e-85aa-8fcea532cc34,javax/swing/GroupLayout$ParallelGroup.java,addComponent
313d1fcf-fdf6-4e4e-85aa-8fcea532cc34,5503860c-06ff-46b5-86be-1b71bf4de3ee,b0156827-ee55-4ee2-930c-87a3d61547fc,->,313d1fcf-fdf6-4e4e-85aa-8fcea532cc34,javax/swing/GroupLayout$ParallelGroup.java,addGroup
313d1fcf-fdf6-4e4e-85aa-8fcea532cc34,5503860c-06ff-46b5-86be-1b71bf4de3ee,b0156827-ee55-4ee2-930c-87a3d61547fc,->,313d1fcf-fdf6-4e4e-85aa-8fcea532cc34,javax/swing/GroupLayout$SequentialGroup.java,addGroup
313d1fcf-fdf6-4e4e-85aa-8fcea532cc34,5503860c-06ff-46b5-86be-1b71bf4de3ee,b0156827-ee55-4ee2-930c-87a3d61547fc,->,313d1fcf-fdf6-4e4e-85aa-8fcea532cc34,javax/swing/GroupLayout$SequentialGroup.java,addGap
313d1fcf-fdf6-4e4e-85aa-8fcea532cc34,5503860c-06ff-46b5-86be-1b71bf4de3ee,b0156827-ee55-4ee2-930c-87a3d61547fc,->,313d1fcf-fdf6-4e4e-85aa-8fcea532cc34,javax/swing/GroupLayout$ParallelGroup.java,addGroup
313d1fcf-fdf6-4e4e-85aa-8fcea532cc34,5503860c-06ff-46b5-86be-1b71bf4de3ee,b0156827-ee55-4ee2-930c-87a3d61547fc,->,313d1fcf-fdf6-4e4e-85aa-8fcea532cc34,javax/swing/GroupLayout$SequentialGroup.java,addGroup
313d1fcf-fdf6-4e4e-85aa-8fcea532cc34,5503860c-06ff-46b5-86be-1b71bf4de3ee,b0156827-ee55-4ee2-930c-87a3d61547fc,->,313d1fcf-fdf6-4e4e-85aa-8fcea532cc34,javax/swing/GroupLayout$SequentialGroup.java,addContainerGap
313d1fcf-fdf6-4e4e-85aa-8fcea532cc34,5503860c-06ff-46b5-86be-1b71bf4de3ee,b0156827-ee55-4ee2-930c-87a3d61547fc,->,313d1fcf-fdf6-4e4e-85aa-8fcea532cc34,javax/swing/GroupLayout$ParallelGroup.java,addGroup
313d1fcf-fdf6-4e4e-85aa-8fcea532cc34,5503860c-06ff-46b5-86be-1b71bf4de3ee,b0156827-ee55-4ee2-930c-87a3d61547fc,->,313d1fcf-fdf6-4e4e-85aa-8fcea532cc34,javax/swing/GroupLayout.java,createSequentialGroup
313d1fcf-fdf6-4e4e-85aa-8fcea532cc34,5503860c-06ff-46b5-86be-1b71bf4de3ee,b0156827-ee55-4ee2-930c-87a3d61547fc,->,313d1fcf-fdf6-4e4e-85aa-8fcea532cc34,javax/swing/GroupLayout$SequentialGroup.java,addContainerGap
313d1fcf-fdf6-4e4e-85aa-8fcea532cc34,5503860c-06ff-46b5-86be-1b71bf4de3ee,b0156827-ee55-4ee2-930c-87a3d61547fc,->,313d1fcf-fdf6-4e4e-85aa-8fcea532cc34,javax/swing/GroupLayout.java,createParallelGroup
313d1fcf-fdf6-4e4e-85aa-8fcea532cc34,5503860c-06ff-46b5-86be-1b71bf4de3ee,b0156827-ee55-4ee2-930c-87a3d61547fc,->,313d1fcf-fdf6-4e4e-85aa-8fcea532cc34,javax/swing/GroupLayout$ParallelGroup.java,addComponent
313d1fcf-fdf6-4e4e-85aa-8fcea532cc34,5503860c-06ff-46b5-86be-1b71bf4de3ee,b0156827-ee55-4ee2-930c-87a3d61547fc,->,313d1fcf-fdf6-4e4e-85aa-8fcea532cc34,javax/swing/GroupLayout$ParallelGroup.java,addComponent
313d1fcf-fdf6-4e4e-85aa-8fcea532cc34,5503860c-06ff-46b5-86be-1b71bf4de3ee,b0156827-ee55-4ee2-930c-87a3d61547fc,->,313d1fcf-fdf6-4e4e-85aa-8fcea532cc34,javax/swing/GroupLayout$SequentialGroup.java,addGroup
313d1fcf-fdf6-4e4e-85aa-8fcea532cc34,5503860c-06ff-46b5-86be-1b71bf4de3ee,b0156827-ee55-4ee2-930c-87a3d61547fc,->,313d1fcf-fdf6-4e4e-85aa-8fcea532cc34,javax/swing/GroupLayout$SequentialGroup.java,addGap
313d1fcf-fdf6-4e4e-85aa-8fcea532cc34,5503860c-06ff-46b5-86be-1b71bf4de3ee,b0156827-ee55-4ee2-930c-87a3d61547fc,->,313d1fcf-fdf6-4e4e-85aa-8fcea532cc34,javax/swing/GroupLayout$ParallelGroup.java,addGroup
313d1fcf-fdf6-4e4e-85aa-8fcea532cc34,5503860c-06ff-46b5-86be-1b71bf4de3ee,b0156827-ee55-4ee2-930c-87a3d61547fc,->,313d1fcf-fdf6-4e4e-85aa-8fcea532cc34,javax/swing/GroupLayout.java,setHorizontalGroup
313d1fcf-fdf6-4e4e-85aa-8fcea532cc34,5503860c-06ff-46b5-86be-1b71bf4de3ee,b0156827-ee55-4ee2-930c-87a3d61547fc,->,313d1fcf-fdf6-4e4e-85aa-8fcea532cc34,javax/swing/GroupLayout.java,createParallelGroup
313d1fcf-fdf6-4e4e-85aa-8fcea532cc34,5503860c-06ff-46b5-86be-1b71bf4de3ee,b0156827-ee55-4ee2-930c-87a3d61547fc,->,313d1fcf-fdf6-4e4e-85aa-8fcea532cc34,javax/swing/GroupLayout.java,createSequentialGroup
313d1fcf-fdf6-4e4e-85aa-8fcea532cc34,5503860c-06ff-46b5-86be-1b71bf4de3ee,b0156827-ee55-4ee2-930c-87a3d61547fc,->,313d1fcf-fdf6-4e4e-85aa-8fcea532cc34,javax/swing/GroupLayout$SequentialGroup.java,addContainerGap
313d1fcf-fdf6-4e4e-85aa-8fcea532cc34,5503860c-06ff-46b5-86be-1b71bf4de3ee,b0156827-ee55-4ee2-930c-87a3d61547fc,->,313d1fcf-fdf6-4e4e-85aa-8fcea532cc34,javax/swing/GroupLayout$SequentialGroup.java,addComponent
313d1fcf-fdf6-4e4e-85aa-8fcea532cc34,5503860c-06ff-46b5-86be-1b71bf4de3ee,b0156827-ee55-4ee2-930c-87a3d61547fc,->,313d1fcf-fdf6-4e4e-85aa-8fcea532cc34,javax/swing/GroupLayout$SequentialGroup.java,addPreferredGap
313d1fcf-fdf6-4e4e-85aa-8fcea532cc34,5503860c-06ff-46b5-86be-1b71bf4de3ee,b0156827-ee55-4ee2-930c-87a3d61547fc,->,313d1fcf-fdf6-4e4e-85aa-8fcea532cc34,javax/swing/GroupLayout$SequentialGroup.java,addComponent
313d1fcf-fdf6-4e4e-85aa-8fcea532cc34,5503860c-06ff-46b5-86be-1b71bf4de3ee,b0156827-ee55-4ee2-930c-87a3d61547fc,->,313d1fcf-fdf6-4e4e-85aa-8fcea532cc34,javax/swing/GroupLayout$SequentialGroup.java,addPreferredGap
313d1fcf-fdf6-4e4e-85aa-8fcea532cc34,5503860c-06ff-46b5-86be-1b71bf4de3ee,b0156827-ee55-4ee2-930c-87a3d61547fc,->,313d1fcf-fdf6-4e4e-85aa-8fcea532cc34,javax/swing/GroupLayout$SequentialGroup.java,addComponent
313d1fcf-fdf6-4e4e-85aa-8fcea532cc34,5503860c-06ff-46b5-86be-1b71bf4de3ee,b0156827-ee55-4ee2-930c-87a3d61547fc,->,313d1fcf-fdf6-4e4e-85aa-8fcea532cc34,javax/swing/GroupLayout$SequentialGroup.java,addPreferredGap
313d1fcf-fdf6-4e4e-85aa-8fcea532cc34,5503860c-06ff-46b5-86be-1b71bf4de3ee,b0156827-ee55-4ee2-930c-87a3d61547fc,->,313d1fcf-fdf6-4e4e-85aa-8fcea532cc34,javax/swing/GroupLayout$SequentialGroup.java,addComponent
313d1fcf-fdf6-4e4e-85aa-8fcea532cc34,5503860c-06ff-46b5-86be-1b71bf4de3ee,b0156827-ee55-4ee2-930c-87a3d61547fc,->,313d1fcf-fdf6-4e4e-85aa-8fcea532cc34,javax/swing/GroupLayout$SequentialGroup.java,addPreferredGap
313d1fcf-fdf6-4e4e-85aa-8fcea532cc34,5503860c-06ff-46b5-86be-1b71bf4de3ee,b0156827-ee55-4ee2-930c-87a3d61547fc,->,313d1fcf-fdf6-4e4e-85aa-8fcea532cc34,javax/swing/GroupLayout$SequentialGroup.java,addComponent
313d1fcf-fdf6-4e4e-85aa-8fcea532cc34,5503860c-06ff-46b5-86be-1b71bf4de3ee,b0156827-ee55-4ee2-930c-87a3d61547fc,->,313d1fcf-fdf6-4e4e-85aa-8fcea532cc34,javax/swing/GroupLayout$SequentialGroup.java,addPreferredGap
313d1fcf-fdf6-4e4e-85aa-8fcea532cc34,5503860c-06ff-46b5-86be-1b71bf4de3ee,b0156827-ee55-4ee2-930c-87a3d61547fc,->,313d1fcf-fdf6-4e4e-85aa-8fcea532cc34,javax/swing/GroupLayout$SequentialGroup.java,addComponent
313d1fcf-fdf6-4e4e-85aa-8fcea532cc34,5503860c-06ff-46b5-86be-1b71bf4de3ee,b0156827-ee55-4ee2-930c-87a3d61547fc,->,313d1fcf-fdf6-4e4e-85aa-8fcea532cc34,javax/swing/GroupLayout$SequentialGroup.java,addPreferredGap
313d1fcf-fdf6-4e4e-85aa-8fcea532cc34,5503860c-06ff-46b5-86be-1b71bf4de3ee,b0156827-ee55-4ee2-930c-87a3d61547fc,->,313d1fcf-fdf6-4e4e-85aa-8fcea532cc34,javax/swing/GroupLayout$SequentialGroup.java,addComponent
313d1fcf-fdf6-4e4e-85aa-8fcea532cc34,5503860c-06ff-46b5-86be-1b71bf4de3ee,b0156827-ee55-4ee2-930c-87a3d61547fc,->,313d1fcf-fdf6-4e4e-85aa-8fcea532cc34,javax/swing/GroupLayout$SequentialGroup.java,addPreferredGap
313d1fcf-fdf6-4e4e-85aa-8fcea532cc34,5503860c-06ff-46b5-86be-1b71bf4de3ee,b0156827-ee55-4ee2-930c-87a3d61547fc,->,313d1fcf-fdf6-4e4e-85aa-8fcea532cc34,javax/swing/GroupLayout$SequentialGroup.java,addComponent
313d1fcf-fdf6-4e4e-85aa-8fcea532cc34,5503860c-06ff-46b5-86be-1b71bf4de3ee,b0156827-ee55-4ee2-930c-87a3d61547fc,->,313d1fcf-fdf6-4e4e-85aa-8fcea532cc34,javax/swing/GroupLayout$SequentialGroup.java,addPreferredGap
313d1fcf-fdf6-4e4e-85aa-8fcea532cc34,5503860c-06ff-46b5-86be-1b71bf4de3ee,b0156827-ee55-4ee2-930c-87a3d61547fc,->,313d1fcf-fdf6-4e4e-85aa-8fcea532cc34,javax/swing/GroupLayout$SequentialGroup.java,addComponent
313d1fcf-fdf6-4e4e-85aa-8fcea532cc34,5503860c-06ff-46b5-86be-1b71bf4de3ee,b0156827-ee55-4ee2-930c-87a3d61547fc,->,313d1fcf-fdf6-4e4e-85aa-8fcea532cc34,javax/swing/GroupLayout$SequentialGroup.java,addPreferredGap
313d1fcf-fdf6-4e4e-85aa-8fcea532cc34,5503860c-06ff-46b5-86be-1b71bf4de3ee,b0156827-ee55-4ee2-930c-87a3d61547fc,->,313d1fcf-fdf6-4e4e-85aa-8fcea532cc34,javax/swing/GroupLayout$SequentialGroup.java,addComponent
313d1fcf-fdf6-4e4e-85aa-8fcea532cc34,5503860c-06ff-46b5-86be-1b71bf4de3ee,b0156827-ee55-4ee2-930c-87a3d61547fc,->,313d1fcf-fdf6-4e4e-85aa-8fcea532cc34,javax/swing/GroupLayout$SequentialGroup.java,addContainerGap
313d1fcf-fdf6-4e4e-85aa-8fcea532cc34,5503860c-06ff-46b5-86be-1b71bf4de3ee,b0156827-ee55-4ee2-930c-87a3d61547fc,->,313d1fcf-fdf6-4e4e-85aa-8fcea532cc34,javax/swing/GroupLayout$ParallelGroup.java,addGroup
313d1fcf-fdf6-4e4e-85aa-8fcea532cc34,5503860c-06ff-46b5-86be-1b71bf4de3ee,b0156827-ee55-4ee2-930c-87a3d61547fc,->,313d1fcf-fdf6-4e4e-85aa-8fcea532cc34,javax/swing/GroupLayout.java,setVerticalGroup
313d1fcf-fdf6-4e4e-85aa-8fcea532cc34,5503860c-06ff-46b5-86be-1b71bf4de3ee,b0156827-ee55-4ee2-930c-87a3d61547fc,->,313d1fcf-fdf6-4e4e-85aa-8fcea532cc34,artMenu/acercaBattleShip.java,pack
313d1fcf-fdf6-4e4e-85aa-8fcea532cc34,5503860c-06ff-46b5-86be-1b71bf4de3ee,281873eb-48f9-4ee5-8977-17e88641e539,->,313d1fcf-fdf6-4e4e-85aa-8fcea532cc34,java/awt/Desktop.java,isDesktopSupported
313d1fcf-fdf6-4e4e-85aa-8fcea532cc34,5503860c-06ff-46b5-86be-1b71bf4de3ee,281873eb-48f9-4ee5-8977-17e88641e539,->,313d1fcf-fdf6-4e4e-85aa-8fcea532cc34,java/awt/Desktop.java,getDesktop
313d1fcf-fdf6-4e4e-85aa-8fcea532cc34,5503860c-06ff-46b5-86be-1b71bf4de3ee,281873eb-48f9-4ee5-8977-17e88641e539,->,313d1fcf-fdf6-4e4e-85aa-8fcea532cc34,java/awt/Desktop.java,isSupported
313d1fcf-fdf6-4e4e-85aa-8fcea532cc34,5503860c-06ff-46b5-86be-1b71bf4de3ee,281873eb-48f9-4ee5-8977-17e88641e539,->,313d1fcf-fdf6-4e4e-85aa-8fcea532cc34,java/awt/Desktop.java,browse
313d1fcf-fdf6-4e4e-85aa-8fcea532cc34,5503860c-06ff-46b5-86be-1b71bf4de3ee,281873eb-48f9-4ee5-8977-17e88641e539,->,313d1fcf-fdf6-4e4e-85aa-8fcea532cc34,java/lang/Exception.java,printStackTrace
313d1fcf-fdf6-4e4e-85aa-8fcea532cc34,5503860c-06ff-46b5-86be-1b71bf4de3ee,7efdcbff-6238-4a5d-9e47-d75ebc6f0667,->,313d1fcf-fdf6-4e4e-85aa-8fcea532cc34,java/awt/Desktop.java,isDesktopSupported
313d1fcf-fdf6-4e4e-85aa-8fcea532cc34,5503860c-06ff-46b5-86be-1b71bf4de3ee,7efdcbff-6238-4a5d-9e47-d75ebc6f0667,->,313d1fcf-fdf6-4e4e-85aa-8fcea532cc34,java/awt/Desktop.java,getDesktop
313d1fcf-fdf6-4e4e-85aa-8fcea532cc34,5503860c-06ff-46b5-86be-1b71bf4de3ee,7efdcbff-6238-4a5d-9e47-d75ebc6f0667,->,313d1fcf-fdf6-4e4e-85aa-8fcea532cc34,java/awt/Desktop.java,isSupported
313d1fcf-fdf6-4e4e-85aa-8fcea532cc34,5503860c-06ff-46b5-86be-1b71bf4de3ee,7efdcbff-6238-4a5d-9e47-d75ebc6f0667,->,313d1fcf-fdf6-4e4e-85aa-8fcea532cc34,java/awt/Desktop.java,browse
313d1fcf-fdf6-4e4e-85aa-8fcea532cc34,5503860c-06ff-46b5-86be-1b71bf4de3ee,7efdcbff-6238-4a5d-9e47-d75ebc6f0667,->,313d1fcf-fdf6-4e4e-85aa-8fcea532cc34,java/lang/Exception.java,printStackTrace
313d1fcf-fdf6-4e4e-85aa-8fcea532cc34,5503860c-06ff-46b5-86be-1b71bf4de3ee,5d50b5ad-0561-4523-b57c-8963a64ae6a8,->,313d1fcf-fdf6-4e4e-85aa-8fcea532cc34,java/awt/Toolkit.java,getDefaultToolkit
313d1fcf-fdf6-4e4e-85aa-8fcea532cc34,5503860c-06ff-46b5-86be-1b71bf4de3ee,5d50b5ad-0561-4523-b57c-8963a64ae6a8,->,313d1fcf-fdf6-4e4e-85aa-8fcea532cc34,java/lang/ClassLoader.java,getSystemResource
313d1fcf-fdf6-4e4e-85aa-8fcea532cc34,5503860c-06ff-46b5-86be-1b71bf4de3ee,5d50b5ad-0561-4523-b57c-8963a64ae6a8,->,313d1fcf-fdf6-4e4e-85aa-8fcea532cc34,java/awt/Toolkit.java,getImage
313d1fcf-fdf6-4e4e-85aa-8fcea532cc34,artMenu/acercaBattleShip.java,access$000,->,313d1fcf-fdf6-4e4e-85aa-8fcea532cc34,5503860c-06ff-46b5-86be-1b71bf4de3ee,281873eb-48f9-4ee5-8977-17e88641e539
313d1fcf-fdf6-4e4e-85aa-8fcea532cc34,artMenu/acercaBattleShip.java,access$100,->,313d1fcf-fdf6-4e4e-85aa-8fcea532cc34,5503860c-06ff-46b5-86be-1b71bf4de3ee,7efdcbff-6238-4a5d-9e47-d75ebc6f0667
313d1fcf-fdf6-4e4e-85aa-8fcea532cc34,8f61c94a-6d71-49eb-8274-45616238cfd4,c50d33d7-f7b2-4682-bdfd-a206421fcb23,->,313d1fcf-fdf6-4e4e-85aa-8fcea532cc34,artMenu/ComoJugar.java,setDefaultCloseOperation
313d1fcf-fdf6-4e4e-85aa-8fcea532cc34,8f61c94a-6d71-49eb-8274-45616238cfd4,c50d33d7-f7b2-4682-bdfd-a206421fcb23,->,313d1fcf-fdf6-4e4e-85aa-8fcea532cc34,artMenu/ComoJugar.java,setTitle
313d1fcf-fdf6-4e4e-85aa-8fcea532cc34,8f61c94a-6d71-49eb-8274-45616238cfd4,c50d33d7-f7b2-4682-bdfd-a206421fcb23,->,313d1fcf-fdf6-4e4e-85aa-8fcea532cc34,8f61c94a-6d71-49eb-8274-45616238cfd4,949e85be-a27e-42ee-bdbe-29e36fa0b064
313d1fcf-fdf6-4e4e-85aa-8fcea532cc34,8f61c94a-6d71-49eb-8274-45616238cfd4,c50d33d7-f7b2-4682-bdfd-a206421fcb23,->,313d1fcf-fdf6-4e4e-85aa-8fcea532cc34,artMenu/ComoJugar.java,setIconImage
313d1fcf-fdf6-4e4e-85aa-8fcea532cc34,8f61c94a-6d71-49eb-8274-45616238cfd4,c50d33d7-f7b2-4682-bdfd-a206421fcb23,->,313d1fcf-fdf6-4e4e-85aa-8fcea532cc34,artMenu/ComoJugar.java,setResizable
313d1fcf-fdf6-4e4e-85aa-8fcea532cc34,8f61c94a-6d71-49eb-8274-45616238cfd4,c50d33d7-f7b2-4682-bdfd-a206421fcb23,->,313d1fcf-fdf6-4e4e-85aa-8fcea532cc34,javax/swing/JLabel.java,setFont
313d1fcf-fdf6-4e4e-85aa-8fcea532cc34,8f61c94a-6d71-49eb-8274-45616238cfd4,c50d33d7-f7b2-4682-bdfd-a206421fcb23,->,313d1fcf-fdf6-4e4e-85aa-8fcea532cc34,java/lang/Object.java,getClass
313d1fcf-fdf6-4e4e-85aa-8fcea532cc34,8f61c94a-6d71-49eb-8274-45616238cfd4,c50d33d7-f7b2-4682-bdfd-a206421fcb23,->,313d1fcf-fdf6-4e4e-85aa-8fcea532cc34,java/lang/Class.java,getResource
313d1fcf-fdf6-4e4e-85aa-8fcea532cc34,8f61c94a-6d71-49eb-8274-45616238cfd4,c50d33d7-f7b2-4682-bdfd-a206421fcb23,->,313d1fcf-fdf6-4e4e-85aa-8fcea532cc34,javax/swing/JLabel.java,setIcon
313d1fcf-fdf6-4e4e-85aa-8fcea532cc34,8f61c94a-6d71-49eb-8274-45616238cfd4,c50d33d7-f7b2-4682-bdfd-a206421fcb23,->,313d1fcf-fdf6-4e4e-85aa-8fcea532cc34,javax/swing/JLabel.java,setText
313d1fcf-fdf6-4e4e-85aa-8fcea532cc34,8f61c94a-6d71-49eb-8274-45616238cfd4,c50d33d7-f7b2-4682-bdfd-a206421fcb23,->,313d1fcf-fdf6-4e4e-85aa-8fcea532cc34,javax/swing/JPanel.java,setBackground
313d1fcf-fdf6-4e4e-85aa-8fcea532cc34,8f61c94a-6d71-49eb-8274-45616238cfd4,c50d33d7-f7b2-4682-bdfd-a206421fcb23,->,313d1fcf-fdf6-4e4e-85aa-8fcea532cc34,javax/swing/JPanel.java,setLayout
313d1fcf-fdf6-4e4e-85aa-8fcea532cc34,8f61c94a-6d71-49eb-8274-45616238cfd4,c50d33d7-f7b2-4682-bdfd-a206421fcb23,->,313d1fcf-fdf6-4e4e-85aa-8fcea532cc34,javax/swing/GroupLayout.java,createParallelGroup
313d1fcf-fdf6-4e4e-85aa-8fcea532cc34,8f61c94a-6d71-49eb-8274-45616238cfd4,c50d33d7-f7b2-4682-bdfd-a206421fcb23,->,313d1fcf-fdf6-4e4e-85aa-8fcea532cc34,javax/swing/GroupLayout$ParallelGroup.java,addGap
313d1fcf-fdf6-4e4e-85aa-8fcea532cc34,8f61c94a-6d71-49eb-8274-45616238cfd4,c50d33d7-f7b2-4682-bdfd-a206421fcb23,->,313d1fcf-fdf6-4e4e-85aa-8fcea532cc34,javax/swing/GroupLayout.java,setHorizontalGroup
313d1fcf-fdf6-4e4e-85aa-8fcea532cc34,8f61c94a-6d71-49eb-8274-45616238cfd4,c50d33d7-f7b2-4682-bdfd-a206421fcb23,->,313d1fcf-fdf6-4e4e-85aa-8fcea532cc34,javax/swing/GroupLayout.java,createParallelGroup
313d1fcf-fdf6-4e4e-85aa-8fcea532cc34,8f61c94a-6d71-49eb-8274-45616238cfd4,c50d33d7-f7b2-4682-bdfd-a206421fcb23,->,313d1fcf-fdf6-4e4e-85aa-8fcea532cc34,javax/swing/GroupLayout$ParallelGroup.java,addGap
313d1fcf-fdf6-4e4e-85aa-8fcea532cc34,8f61c94a-6d71-49eb-8274-45616238cfd4,c50d33d7-f7b2-4682-bdfd-a206421fcb23,->,313d1fcf-fdf6-4e4e-85aa-8fcea532cc34,javax/swing/GroupLayout.java,setVerticalGroup
313d1fcf-fdf6-4e4e-85aa-8fcea532cc34,8f61c94a-6d71-49eb-8274-45616238cfd4,c50d33d7-f7b2-4682-bdfd-a206421fcb23,->,313d1fcf-fdf6-4e4e-85aa-8fcea532cc34,javax/swing/BorderFactory.java,createEmptyBorder
313d1fcf-fdf6-4e4e-85aa-8fcea532cc34,8f61c94a-6d71-49eb-8274-45616238cfd4,c50d33d7-f7b2-4682-bdfd-a206421fcb23,->,313d1fcf-fdf6-4e4e-85aa-8fcea532cc34,javax/swing/JScrollPane.java,setBorder
313d1fcf-fdf6-4e4e-85aa-8fcea532cc34,8f61c94a-6d71-49eb-8274-45616238cfd4,c50d33d7-f7b2-4682-bdfd-a206421fcb23,->,313d1fcf-fdf6-4e4e-85aa-8fcea532cc34,javax/swing/JScrollPane.java,setHorizontalScrollBarPolicy
313d1fcf-fdf6-4e4e-85aa-8fcea532cc34,8f61c94a-6d71-49eb-8274-45616238cfd4,c50d33d7-f7b2-4682-bdfd-a206421fcb23,->,313d1fcf-fdf6-4e4e-85aa-8fcea532cc34,javax/swing/JLabel.java,setFont
313d1fcf-fdf6-4e4e-85aa-8fcea532cc34,8f61c94a-6d71-49eb-8274-45616238cfd4,c50d33d7-f7b2-4682-bdfd-a206421fcb23,->,313d1fcf-fdf6-4e4e-85aa-8fcea532cc34,javax/swing/JLabel.java,setText
313d1fcf-fdf6-4e4e-85aa-8fcea532cc34,8f61c94a-6d71-49eb-8274-45616238cfd4,c50d33d7-f7b2-4682-bdfd-a206421fcb23,->,313d1fcf-fdf6-4e4e-85aa-8fcea532cc34,java/lang/Object.java,getClass
313d1fcf-fdf6-4e4e-85aa-8fcea532cc34,8f61c94a-6d71-49eb-8274-45616238cfd4,c50d33d7-f7b2-4682-bdfd-a206421fcb23,->,313d1fcf-fdf6-4e4e-85aa-8fcea532cc34,java/lang/Class.java,getResource
313d1fcf-fdf6-4e4e-85aa-8fcea532cc34,8f61c94a-6d71-49eb-8274-45616238cfd4,c50d33d7-f7b2-4682-bdfd-a206421fcb23,->,313d1fcf-fdf6-4e4e-85aa-8fcea532cc34,javax/swing/JLabel.java,setIcon
313d1fcf-fdf6-4e4e-85aa-8fcea532cc34,8f61c94a-6d71-49eb-8274-45616238cfd4,c50d33d7-f7b2-4682-bdfd-a206421fcb23,->,313d1fcf-fdf6-4e4e-85aa-8fcea532cc34,java/lang/Object.java,getClass
313d1fcf-fdf6-4e4e-85aa-8fcea532cc34,8f61c94a-6d71-49eb-8274-45616238cfd4,c50d33d7-f7b2-4682-bdfd-a206421fcb23,->,313d1fcf-fdf6-4e4e-85aa-8fcea532cc34,java/lang/Class.java,getResource
313d1fcf-fdf6-4e4e-85aa-8fcea532cc34,8f61c94a-6d71-49eb-8274-45616238cfd4,c50d33d7-f7b2-4682-bdfd-a206421fcb23,->,313d1fcf-fdf6-4e4e-85aa-8fcea532cc34,javax/swing/JLabel.java,setIcon
313d1fcf-fdf6-4e4e-85aa-8fcea532cc34,8f61c94a-6d71-49eb-8274-45616238cfd4,c50d33d7-f7b2-4682-bdfd-a206421fcb23,->,313d1fcf-fdf6-4e4e-85aa-8fcea532cc34,javax/swing/JLabel.java,setFont
313d1fcf-fdf6-4e4e-85aa-8fcea532cc34,8f61c94a-6d71-49eb-8274-45616238cfd4,c50d33d7-f7b2-4682-bdfd-a206421fcb23,->,313d1fcf-fdf6-4e4e-85aa-8fcea532cc34,javax/swing/JLabel.java,setText
313d1fcf-fdf6-4e4e-85aa-8fcea532cc34,8f61c94a-6d71-49eb-8274-45616238cfd4,c50d33d7-f7b2-4682-bdfd-a206421fcb23,->,313d1fcf-fdf6-4e4e-85aa-8fcea532cc34,javax/swing/JLabel.java,setFont
313d1fcf-fdf6-4e4e-85aa-8fcea532cc34,8f61c94a-6d71-49eb-8274-45616238cfd4,c50d33d7-f7b2-4682-bdfd-a206421fcb23,->,313d1fcf-fdf6-4e4e-85aa-8fcea532cc34,javax/swing/JLabel.java,setText
313d1fcf-fdf6-4e4e-85aa-8fcea532cc34,8f61c94a-6d71-49eb-8274-45616238cfd4,c50d33d7-f7b2-4682-bdfd-a206421fcb23,->,313d1fcf-fdf6-4e4e-85aa-8fcea532cc34,java/lang/Object.java,getClass
313d1fcf-fdf6-4e4e-85aa-8fcea532cc34,8f61c94a-6d71-49eb-8274-45616238cfd4,c50d33d7-f7b2-4682-bdfd-a206421fcb23,->,313d1fcf-fdf6-4e4e-85aa-8fcea532cc34,java/lang/Class.java,getResource
313d1fcf-fdf6-4e4e-85aa-8fcea532cc34,8f61c94a-6d71-49eb-8274-45616238cfd4,c50d33d7-f7b2-4682-bdfd-a206421fcb23,->,313d1fcf-fdf6-4e4e-85aa-8fcea532cc34,javax/swing/JLabel.java,setIcon
313d1fcf-fdf6-4e4e-85aa-8fcea532cc34,8f61c94a-6d71-49eb-8274-45616238cfd4,c50d33d7-f7b2-4682-bdfd-a206421fcb23,->,313d1fcf-fdf6-4e4e-85aa-8fcea532cc34,java/lang/Object.java,getClass
313d1fcf-fdf6-4e4e-85aa-8fcea532cc34,8f61c94a-6d71-49eb-8274-45616238cfd4,c50d33d7-f7b2-4682-bdfd-a206421fcb23,->,313d1fcf-fdf6-4e4e-85aa-8fcea532cc34,java/lang/Class.java,getResource
313d1fcf-fdf6-4e4e-85aa-8fcea532cc34,8f61c94a-6d71-49eb-8274-45616238cfd4,c50d33d7-f7b2-4682-bdfd-a206421fcb23,->,313d1fcf-fdf6-4e4e-85aa-8fcea532cc34,javax/swing/JLabel.java,setIcon
313d1fcf-fdf6-4e4e-85aa-8fcea532cc34,8f61c94a-6d71-49eb-8274-45616238cfd4,c50d33d7-f7b2-4682-bdfd-a206421fcb23,->,313d1fcf-fdf6-4e4e-85aa-8fcea532cc34,java/lang/Object.java,getClass
313d1fcf-fdf6-4e4e-85aa-8fcea532cc34,8f61c94a-6d71-49eb-8274-45616238cfd4,c50d33d7-f7b2-4682-bdfd-a206421fcb23,->,313d1fcf-fdf6-4e4e-85aa-8fcea532cc34,java/lang/Class.java,getResource
313d1fcf-fdf6-4e4e-85aa-8fcea532cc34,8f61c94a-6d71-49eb-8274-45616238cfd4,c50d33d7-f7b2-4682-bdfd-a206421fcb23,->,313d1fcf-fdf6-4e4e-85aa-8fcea532cc34,javax/swing/JLabel.java,setIcon
313d1fcf-fdf6-4e4e-85aa-8fcea532cc34,8f61c94a-6d71-49eb-8274-45616238cfd4,c50d33d7-f7b2-4682-bdfd-a206421fcb23,->,313d1fcf-fdf6-4e4e-85aa-8fcea532cc34,javax/swing/JLabel.java,setFont
313d1fcf-fdf6-4e4e-85aa-8fcea532cc34,8f61c94a-6d71-49eb-8274-45616238cfd4,c50d33d7-f7b2-4682-bdfd-a206421fcb23,->,313d1fcf-fdf6-4e4e-85aa-8fcea532cc34,javax/swing/JLabel.java,setText
313d1fcf-fdf6-4e4e-85aa-8fcea532cc34,8f61c94a-6d71-49eb-8274-45616238cfd4,c50d33d7-f7b2-4682-bdfd-a206421fcb23,->,313d1fcf-fdf6-4e4e-85aa-8fcea532cc34,javax/swing/JLabel.java,setFont
313d1fcf-fdf6-4e4e-85aa-8fcea532cc34,8f61c94a-6d71-49eb-8274-45616238cfd4,c50d33d7-f7b2-4682-bdfd-a206421fcb23,->,313d1fcf-fdf6-4e4e-85aa-8fcea532cc34,javax/swing/JLabel.java,setText
313d1fcf-fdf6-4e4e-85aa-8fcea532cc34,8f61c94a-6d71-49eb-8274-45616238cfd4,c50d33d7-f7b2-4682-bdfd-a206421fcb23,->,313d1fcf-fdf6-4e4e-85aa-8fcea532cc34,javax/swing/JLabel.java,setFont
313d1fcf-fdf6-4e4e-85aa-8fcea532cc34,8f61c94a-6d71-49eb-8274-45616238cfd4,c50d33d7-f7b2-4682-bdfd-a206421fcb23,->,313d1fcf-fdf6-4e4e-85aa-8fcea532cc34,javax/swing/JLabel.java,setText
313d1fcf-fdf6-4e4e-85aa-8fcea532cc34,8f61c94a-6d71-49eb-8274-45616238cfd4,c50d33d7-f7b2-4682-bdfd-a206421fcb23,->,313d1fcf-fdf6-4e4e-85aa-8fcea532cc34,java/lang/Object.java,getClass
313d1fcf-fdf6-4e4e-85aa-8fcea532cc34,8f61c94a-6d71-49eb-8274-45616238cfd4,c50d33d7-f7b2-4682-bdfd-a206421fcb23,->,313d1fcf-fdf6-4e4e-85aa-8fcea532cc34,java/lang/Class.java,getResource
313d1fcf-fdf6-4e4e-85aa-8fcea532cc34,8f61c94a-6d71-49eb-8274-45616238cfd4,c50d33d7-f7b2-4682-bdfd-a206421fcb23,->,313d1fcf-fdf6-4e4e-85aa-8fcea532cc34,javax/swing/JLabel.java,setIcon
313d1fcf-fdf6-4e4e-85aa-8fcea532cc34,8f61c94a-6d71-49eb-8274-45616238cfd4,c50d33d7-f7b2-4682-bdfd-a206421fcb23,->,313d1fcf-fdf6-4e4e-85aa-8fcea532cc34,javax/swing/JPanel.java,setBackground
313d1fcf-fdf6-4e4e-85aa-8fcea532cc34,8f61c94a-6d71-49eb-8274-45616238cfd4,c50d33d7-f7b2-4682-bdfd-a206421fcb23,->,313d1fcf-fdf6-4e4e-85aa-8fcea532cc34,javax/swing/JPanel.java,setLayout
313d1fcf-fdf6-4e4e-85aa-8fcea532cc34,8f61c94a-6d71-49eb-8274-45616238cfd4,c50d33d7-f7b2-4682-bdfd-a206421fcb23,->,313d1fcf-fdf6-4e4e-85aa-8fcea532cc34,javax/swing/GroupLayout.java,createParallelGroup
313d1fcf-fdf6-4e4e-85aa-8fcea532cc34,8f61c94a-6d71-49eb-8274-45616238cfd4,c50d33d7-f7b2-4682-bdfd-a206421fcb23,->,313d1fcf-fdf6-4e4e-85aa-8fcea532cc34,javax/swing/GroupLayout$ParallelGroup.java,addGap
313d1fcf-fdf6-4e4e-85aa-8fcea532cc34,8f61c94a-6d71-49eb-8274-45616238cfd4,c50d33d7-f7b2-4682-bdfd-a206421fcb23,->,313d1fcf-fdf6-4e4e-85aa-8fcea532cc34,javax/swing/GroupLayout.java,setHorizontalGroup
313d1fcf-fdf6-4e4e-85aa-8fcea532cc34,8f61c94a-6d71-49eb-8274-45616238cfd4,c50d33d7-f7b2-4682-bdfd-a206421fcb23,->,313d1fcf-fdf6-4e4e-85aa-8fcea532cc34,javax/swing/GroupLayout.java,createParallelGroup
313d1fcf-fdf6-4e4e-85aa-8fcea532cc34,8f61c94a-6d71-49eb-8274-45616238cfd4,c50d33d7-f7b2-4682-bdfd-a206421fcb23,->,313d1fcf-fdf6-4e4e-85aa-8fcea532cc34,javax/swing/GroupLayout$ParallelGroup.java,addGap
313d1fcf-fdf6-4e4e-85aa-8fcea532cc34,8f61c94a-6d71-49eb-8274-45616238cfd4,c50d33d7-f7b2-4682-bdfd-a206421fcb23,->,313d1fcf-fdf6-4e4e-85aa-8fcea532cc34,javax/swing/GroupLayout.java,setVerticalGroup
313d1fcf-fdf6-4e4e-85aa-8fcea532cc34,8f61c94a-6d71-49eb-8274-45616238cfd4,c50d33d7-f7b2-4682-bdfd-a206421fcb23,->,313d1fcf-fdf6-4e4e-85aa-8fcea532cc34,javax/swing/JPanel.java,setBackground
313d1fcf-fdf6-4e4e-85aa-8fcea532cc34,8f61c94a-6d71-49eb-8274-45616238cfd4,c50d33d7-f7b2-4682-bdfd-a206421fcb23,->,313d1fcf-fdf6-4e4e-85aa-8fcea532cc34,javax/swing/JPanel.java,setLayout
313d1fcf-fdf6-4e4e-85aa-8fcea532cc34,8f61c94a-6d71-49eb-8274-45616238cfd4,c50d33d7-f7b2-4682-bdfd-a206421fcb23,->,313d1fcf-fdf6-4e4e-85aa-8fcea532cc34,javax/swing/GroupLayout.java,createParallelGroup
313d1fcf-fdf6-4e4e-85aa-8fcea532cc34,8f61c94a-6d71-49eb-8274-45616238cfd4,c50d33d7-f7b2-4682-bdfd-a206421fcb23,->,313d1fcf-fdf6-4e4e-85aa-8fcea532cc34,javax/swing/GroupLayout$ParallelGroup.java,addGap
313d1fcf-fdf6-4e4e-85aa-8fcea532cc34,8f61c94a-6d71-49eb-8274-45616238cfd4,c50d33d7-f7b2-4682-bdfd-a206421fcb23,->,313d1fcf-fdf6-4e4e-85aa-8fcea532cc34,javax/swing/GroupLayout.java,setHorizontalGroup
313d1fcf-fdf6-4e4e-85aa-8fcea532cc34,8f61c94a-6d71-49eb-8274-45616238cfd4,c50d33d7-f7b2-4682-bdfd-a206421fcb23,->,313d1fcf-fdf6-4e4e-85aa-8fcea532cc34,javax/swing/GroupLayout.java,createParallelGroup
313d1fcf-fdf6-4e4e-85aa-8fcea532cc34,8f61c94a-6d71-49eb-8274-45616238cfd4,c50d33d7-f7b2-4682-bdfd-a206421fcb23,->,313d1fcf-fdf6-4e4e-85aa-8fcea532cc34,javax/swing/GroupLayout$ParallelGroup.java,addGap
313d1fcf-fdf6-4e4e-85aa-8fcea532cc34,8f61c94a-6d71-49eb-8274-45616238cfd4,c50d33d7-f7b2-4682-bdfd-a206421fcb23,->,313d1fcf-fdf6-4e4e-85aa-8fcea532cc34,javax/swing/GroupLayout.java,setVerticalGroup
313d1fcf-fdf6-4e4e-85aa-8fcea532cc34,8f61c94a-6d71-49eb-8274-45616238cfd4,c50d33d7-f7b2-4682-bdfd-a206421fcb23,->,313d1fcf-fdf6-4e4e-85aa-8fcea532cc34,javax/swing/JPanel.java,setBackground
313d1fcf-fdf6-4e4e-85aa-8fcea532cc34,8f61c94a-6d71-49eb-8274-45616238cfd4,c50d33d7-f7b2-4682-bdfd-a206421fcb23,->,313d1fcf-fdf6-4e4e-85aa-8fcea532cc34,javax/swing/JPanel.java,setLayout
313d1fcf-fdf6-4e4e-85aa-8fcea532cc34,8f61c94a-6d71-49eb-8274-45616238cfd4,c50d33d7-f7b2-4682-bdfd-a206421fcb23,->,313d1fcf-fdf6-4e4e-85aa-8fcea532cc34,javax/swing/GroupLayout.java,createParallelGroup
313d1fcf-fdf6-4e4e-85aa-8fcea532cc34,8f61c94a-6d71-49eb-8274-45616238cfd4,c50d33d7-f7b2-4682-bdfd-a206421fcb23,->,313d1fcf-fdf6-4e4e-85aa-8fcea532cc34,javax/swing/GroupLayout$ParallelGroup.java,addGap
313d1fcf-fdf6-4e4e-85aa-8fcea532cc34,8f61c94a-6d71-49eb-8274-45616238cfd4,c50d33d7-f7b2-4682-bdfd-a206421fcb23,->,313d1fcf-fdf6-4e4e-85aa-8fcea532cc34,javax/swing/GroupLayout.java,setHorizontalGroup
313d1fcf-fdf6-4e4e-85aa-8fcea532cc34,8f61c94a-6d71-49eb-8274-45616238cfd4,c50d33d7-f7b2-4682-bdfd-a206421fcb23,->,313d1fcf-fdf6-4e4e-85aa-8fcea532cc34,javax/swing/GroupLayout.java,createParallelGroup
313d1fcf-fdf6-4e4e-85aa-8fcea532cc34,8f61c94a-6d71-49eb-8274-45616238cfd4,c50d33d7-f7b2-4682-bdfd-a206421fcb23,->,313d1fcf-fdf6-4e4e-85aa-8fcea532cc34,javax/swing/GroupLayout$ParallelGroup.java,addGap
313d1fcf-fdf6-4e4e-85aa-8fcea532cc34,8f61c94a-6d71-49eb-8274-45616238cfd4,c50d33d7-f7b2-4682-bdfd-a206421fcb23,->,313d1fcf-fdf6-4e4e-85aa-8fcea532cc34,javax/swing/GroupLayout.java,setVerticalGroup
313d1fcf-fdf6-4e4e-85aa-8fcea532cc34,8f61c94a-6d71-49eb-8274-45616238cfd4,c50d33d7-f7b2-4682-bdfd-a206421fcb23,->,313d1fcf-fdf6-4e4e-85aa-8fcea532cc34,javax/swing/JPanel.java,setBackground
313d1fcf-fdf6-4e4e-85aa-8fcea532cc34,8f61c94a-6d71-49eb-8274-45616238cfd4,c50d33d7-f7b2-4682-bdfd-a206421fcb23,->,313d1fcf-fdf6-4e4e-85aa-8fcea532cc34,javax/swing/JPanel.java,setLayout
313d1fcf-fdf6-4e4e-85aa-8fcea532cc34,8f61c94a-6d71-49eb-8274-45616238cfd4,c50d33d7-f7b2-4682-bdfd-a206421fcb23,->,313d1fcf-fdf6-4e4e-85aa-8fcea532cc34,javax/swing/GroupLayout.java,createParallelGroup
313d1fcf-fdf6-4e4e-85aa-8fcea532cc34,8f61c94a-6d71-49eb-8274-45616238cfd4,c50d33d7-f7b2-4682-bdfd-a206421fcb23,->,313d1fcf-fdf6-4e4e-85aa-8fcea532cc34,javax/swing/GroupLayout$ParallelGroup.java,addGap
313d1fcf-fdf6-4e4e-85aa-8fcea532cc34,8f61c94a-6d71-49eb-8274-45616238cfd4,c50d33d7-f7b2-4682-bdfd-a206421fcb23,->,313d1fcf-fdf6-4e4e-85aa-8fcea532cc34,javax/swing/GroupLayout.java,setHorizontalGroup
313d1fcf-fdf6-4e4e-85aa-8fcea532cc34,8f61c94a-6d71-49eb-8274-45616238cfd4,c50d33d7-f7b2-4682-bdfd-a206421fcb23,->,313d1fcf-fdf6-4e4e-85aa-8fcea532cc34,javax/swing/GroupLayout.java,createParallelGroup
313d1fcf-fdf6-4e4e-85aa-8fcea532cc34,8f61c94a-6d71-49eb-8274-45616238cfd4,c50d33d7-f7b2-4682-bdfd-a206421fcb23,->,313d1fcf-fdf6-4e4e-85aa-8fcea532cc34,javax/swing/GroupLayout$ParallelGroup.java,addGap
313d1fcf-fdf6-4e4e-85aa-8fcea532cc34,8f61c94a-6d71-49eb-8274-45616238cfd4,c50d33d7-f7b2-4682-bdfd-a206421fcb23,->,313d1fcf-fdf6-4e4e-85aa-8fcea532cc34,javax/swing/GroupLayout.java,setVerticalGroup
313d1fcf-fdf6-4e4e-85aa-8fcea532cc34,8f61c94a-6d71-49eb-8274-45616238cfd4,c50d33d7-f7b2-4682-bdfd-a206421fcb23,->,313d1fcf-fdf6-4e4e-85aa-8fcea532cc34,java/lang/Object.java,getClass
313d1fcf-fdf6-4e4e-85aa-8fcea532cc34,8f61c94a-6d71-49eb-8274-45616238cfd4,c50d33d7-f7b2-4682-bdfd-a206421fcb23,->,313d1fcf-fdf6-4e4e-85aa-8fcea532cc34,java/lang/Class.java,getResource
313d1fcf-fdf6-4e4e-85aa-8fcea532cc34,8f61c94a-6d71-49eb-8274-45616238cfd4,c50d33d7-f7b2-4682-bdfd-a206421fcb23,->,313d1fcf-fdf6-4e4e-85aa-8fcea532cc34,javax/swing/JLabel.java,setIcon
313d1fcf-fdf6-4e4e-85aa-8fcea532cc34,8f61c94a-6d71-49eb-8274-45616238cfd4,c50d33d7-f7b2-4682-bdfd-a206421fcb23,->,313d1fcf-fdf6-4e4e-85aa-8fcea532cc34,javax/swing/JLabel.java,setFont
313d1fcf-fdf6-4e4e-85aa-8fcea532cc34,8f61c94a-6d71-49eb-8274-45616238cfd4,c50d33d7-f7b2-4682-bdfd-a206421fcb23,->,313d1fcf-fdf6-4e4e-85aa-8fcea532cc34,javax/swing/JLabel.java,setText
313d1fcf-fdf6-4e4e-85aa-8fcea532cc34,8f61c94a-6d71-49eb-8274-45616238cfd4,c50d33d7-f7b2-4682-bdfd-a206421fcb23,->,313d1fcf-fdf6-4e4e-85aa-8fcea532cc34,javax/swing/JLabel.java,setFont
313d1fcf-fdf6-4e4e-85aa-8fcea532cc34,8f61c94a-6d71-49eb-8274-45616238cfd4,c50d33d7-f7b2-4682-bdfd-a206421fcb23,->,313d1fcf-fdf6-4e4e-85aa-8fcea532cc34,javax/swing/JLabel.java,setText
313d1fcf-fdf6-4e4e-85aa-8fcea532cc34,8f61c94a-6d71-49eb-8274-45616238cfd4,c50d33d7-f7b2-4682-bdfd-a206421fcb23,->,313d1fcf-fdf6-4e4e-85aa-8fcea532cc34,javax/swing/JLabel.java,setFont
313d1fcf-fdf6-4e4e-85aa-8fcea532cc34,8f61c94a-6d71-49eb-8274-45616238cfd4,c50d33d7-f7b2-4682-bdfd-a206421fcb23,->,313d1fcf-fdf6-4e4e-85aa-8fcea532cc34,javax/swing/JLabel.java,setText
313d1fcf-fdf6-4e4e-85aa-8fcea532cc34,8f61c94a-6d71-49eb-8274-45616238cfd4,c50d33d7-f7b2-4682-bdfd-a206421fcb23,->,313d1fcf-fdf6-4e4e-85aa-8fcea532cc34,javax/swing/JLabel.java,setFont
313d1fcf-fdf6-4e4e-85aa-8fcea532cc34,8f61c94a-6d71-49eb-8274-45616238cfd4,c50d33d7-f7b2-4682-bdfd-a206421fcb23,->,313d1fcf-fdf6-4e4e-85aa-8fcea532cc34,javax/swing/JLabel.java,setText
313d1fcf-fdf6-4e4e-85aa-8fcea532cc34,8f61c94a-6d71-49eb-8274-45616238cfd4,c50d33d7-f7b2-4682-bdfd-a206421fcb23,->,313d1fcf-fdf6-4e4e-85aa-8fcea532cc34,javax/swing/JLabel.java,setFont
313d1fcf-fdf6-4e4e-85aa-8fcea532cc34,8f61c94a-6d71-49eb-8274-45616238cfd4,c50d33d7-f7b2-4682-bdfd-a206421fcb23,->,313d1fcf-fdf6-4e4e-85aa-8fcea532cc34,javax/swing/JLabel.java,setText
313d1fcf-fdf6-4e4e-85aa-8fcea532cc34,8f61c94a-6d71-49eb-8274-45616238cfd4,c50d33d7-f7b2-4682-bdfd-a206421fcb23,->,313d1fcf-fdf6-4e4e-85aa-8fcea532cc34,javax/swing/JLabel.java,setFont
313d1fcf-fdf6-4e4e-85aa-8fcea532cc34,8f61c94a-6d71-49eb-8274-45616238cfd4,c50d33d7-f7b2-4682-bdfd-a206421fcb23,->,313d1fcf-fdf6-4e4e-85aa-8fcea532cc34,javax/swing/JLabel.java,setText
313d1fcf-fdf6-4e4e-85aa-8fcea532cc34,8f61c94a-6d71-49eb-8274-45616238cfd4,c50d33d7-f7b2-4682-bdfd-a206421fcb23,->,313d1fcf-fdf6-4e4e-85aa-8fcea532cc34,java/lang/Object.java,getClass
313d1fcf-fdf6-4e4e-85aa-8fcea532cc34,8f61c94a-6d71-49eb-8274-45616238cfd4,c50d33d7-f7b2-4682-bdfd-a206421fcb23,->,313d1fcf-fdf6-4e4e-85aa-8fcea532cc34,java/lang/Class.java,getResource
313d1fcf-fdf6-4e4e-85aa-8fcea532cc34,8f61c94a-6d71-49eb-8274-45616238cfd4,c50d33d7-f7b2-4682-bdfd-a206421fcb23,->,313d1fcf-fdf6-4e4e-85aa-8fcea532cc34,javax/swing/JLabel.java,setIcon
313d1fcf-fdf6-4e4e-85aa-8fcea532cc34,8f61c94a-6d71-49eb-8274-45616238cfd4,c50d33d7-f7b2-4682-bdfd-a206421fcb23,->,313d1fcf-fdf6-4e4e-85aa-8fcea532cc34,java/lang/Object.java,getClass
313d1fcf-fdf6-4e4e-85aa-8fcea532cc34,8f61c94a-6d71-49eb-8274-45616238cfd4,c50d33d7-f7b2-4682-bdfd-a206421fcb23,->,313d1fcf-fdf6-4e4e-85aa-8fcea532cc34,java/lang/Class.java,getResource
313d1fcf-fdf6-4e4e-85aa-8fcea532cc34,8f61c94a-6d71-49eb-8274-45616238cfd4,c50d33d7-f7b2-4682-bdfd-a206421fcb23,->,313d1fcf-fdf6-4e4e-85aa-8fcea532cc34,javax/swing/JLabel.java,setIcon
313d1fcf-fdf6-4e4e-85aa-8fcea532cc34,8f61c94a-6d71-49eb-8274-45616238cfd4,c50d33d7-f7b2-4682-bdfd-a206421fcb23,->,313d1fcf-fdf6-4e4e-85aa-8fcea532cc34,javax/swing/JPanel.java,setBackground
313d1fcf-fdf6-4e4e-85aa-8fcea532cc34,8f61c94a-6d71-49eb-8274-45616238cfd4,c50d33d7-f7b2-4682-bdfd-a206421fcb23,->,313d1fcf-fdf6-4e4e-85aa-8fcea532cc34,javax/swing/JPanel.java,setLayout
313d1fcf-fdf6-4e4e-85aa-8fcea532cc34,8f61c94a-6d71-49eb-8274-45616238cfd4,c50d33d7-f7b2-4682-bdfd-a206421fcb23,->,313d1fcf-fdf6-4e4e-85aa-8fcea532cc34,javax/swing/GroupLayout.java,createParallelGroup
313d1fcf-fdf6-4e4e-85aa-8fcea532cc34,8f61c94a-6d71-49eb-8274-45616238cfd4,c50d33d7-f7b2-4682-bdfd-a206421fcb23,->,313d1fcf-fdf6-4e4e-85aa-8fcea532cc34,javax/swing/GroupLayout$ParallelGroup.java,addGap
313d1fcf-fdf6-4e4e-85aa-8fcea532cc34,8f61c94a-6d71-49eb-8274-45616238cfd4,c50d33d7-f7b2-4682-bdfd-a206421fcb23,->,313d1fcf-fdf6-4e4e-85aa-8fcea532cc34,javax/swing/GroupLayout.java,setHorizontalGroup
313d1fcf-fdf6-4e4e-85aa-8fcea532cc34,8f61c94a-6d71-49eb-8274-45616238cfd4,c50d33d7-f7b2-4682-bdfd-a206421fcb23,->,313d1fcf-fdf6-4e4e-85aa-8fcea532cc34,javax/swing/GroupLayout.java,createParallelGroup
313d1fcf-fdf6-4e4e-85aa-8fcea532cc34,8f61c94a-6d71-49eb-8274-45616238cfd4,c50d33d7-f7b2-4682-bdfd-a206421fcb23,->,313d1fcf-fdf6-4e4e-85aa-8fcea532cc34,javax/swing/GroupLayout$ParallelGroup.java,addGap
313d1fcf-fdf6-4e4e-85aa-8fcea532cc34,8f61c94a-6d71-49eb-8274-45616238cfd4,c50d33d7-f7b2-4682-bdfd-a206421fcb23,->,313d1fcf-fdf6-4e4e-85aa-8fcea532cc34,javax/swing/GroupLayout.java,setVerticalGroup
313d1fcf-fdf6-4e4e-85aa-8fcea532cc34,8f61c94a-6d71-49eb-8274-45616238cfd4,c50d33d7-f7b2-4682-bdfd-a206421fcb23,->,313d1fcf-fdf6-4e4e-85aa-8fcea532cc34,java/lang/Object.java,getClass
313d1fcf-fdf6-4e4e-85aa-8fcea532cc34,8f61c94a-6d71-49eb-8274-45616238cfd4,c50d33d7-f7b2-4682-bdfd-a206421fcb23,->,313d1fcf-fdf6-4e4e-85aa-8fcea532cc34,java/lang/Class.java,getResource
313d1fcf-fdf6-4e4e-85aa-8fcea532cc34,8f61c94a-6d71-49eb-8274-45616238cfd4,c50d33d7-f7b2-4682-bdfd-a206421fcb23,->,313d1fcf-fdf6-4e4e-85aa-8fcea532cc34,javax/swing/JLabel.java,setIcon
313d1fcf-fdf6-4e4e-85aa-8fcea532cc34,8f61c94a-6d71-49eb-8274-45616238cfd4,c50d33d7-f7b2-4682-bdfd-a206421fcb23,->,313d1fcf-fdf6-4e4e-85aa-8fcea532cc34,javax/swing/JPanel.java,setBackground
313d1fcf-fdf6-4e4e-85aa-8fcea532cc34,8f61c94a-6d71-49eb-8274-45616238cfd4,c50d33d7-f7b2-4682-bdfd-a206421fcb23,->,313d1fcf-fdf6-4e4e-85aa-8fcea532cc34,javax/swing/JPanel.java,setLayout
313d1fcf-fdf6-4e4e-85aa-8fcea532cc34,8f61c94a-6d71-49eb-8274-45616238cfd4,c50d33d7-f7b2-4682-bdfd-a206421fcb23,->,313d1fcf-fdf6-4e4e-85aa-8fcea532cc34,javax/swing/GroupLayout.java,createParallelGroup
313d1fcf-fdf6-4e4e-85aa-8fcea532cc34,8f61c94a-6d71-49eb-8274-45616238cfd4,c50d33d7-f7b2-4682-bdfd-a206421fcb23,->,313d1fcf-fdf6-4e4e-85aa-8fcea532cc34,javax/swing/GroupLayout$ParallelGroup.java,addGap
313d1fcf-fdf6-4e4e-85aa-8fcea532cc34,8f61c94a-6d71-49eb-8274-45616238cfd4,c50d33d7-f7b2-4682-bdfd-a206421fcb23,->,313d1fcf-fdf6-4e4e-85aa-8fcea532cc34,javax/swing/GroupLayout.java,setHorizontalGroup
313d1fcf-fdf6-4e4e-85aa-8fcea532cc34,8f61c94a-6d71-49eb-8274-45616238cfd4,c50d33d7-f7b2-4682-bdfd-a206421fcb23,->,313d1fcf-fdf6-4e4e-85aa-8fcea532cc34,javax/swing/GroupLayout.java,createParallelGroup
313d1fcf-fdf6-4e4e-85aa-8fcea532cc34,8f61c94a-6d71-49eb-8274-45616238cfd4,c50d33d7-f7b2-4682-bdfd-a206421fcb23,->,313d1fcf-fdf6-4e4e-85aa-8fcea532cc34,javax/swing/GroupLayout$ParallelGroup.java,addGap
313d1fcf-fdf6-4e4e-85aa-8fcea532cc34,8f61c94a-6d71-49eb-8274-45616238cfd4,c50d33d7-f7b2-4682-bdfd-a206421fcb23,->,313d1fcf-fdf6-4e4e-85aa-8fcea532cc34,javax/swing/GroupLayout.java,setVerticalGroup
313d1fcf-fdf6-4e4e-85aa-8fcea532cc34,8f61c94a-6d71-49eb-8274-45616238cfd4,c50d33d7-f7b2-4682-bdfd-a206421fcb23,->,313d1fcf-fdf6-4e4e-85aa-8fcea532cc34,java/lang/Object.java,getClass
313d1fcf-fdf6-4e4e-85aa-8fcea532cc34,8f61c94a-6d71-49eb-8274-45616238cfd4,c50d33d7-f7b2-4682-bdfd-a206421fcb23,->,313d1fcf-fdf6-4e4e-85aa-8fcea532cc34,java/lang/Class.java,getResource
313d1fcf-fdf6-4e4e-85aa-8fcea532cc34,8f61c94a-6d71-49eb-8274-45616238cfd4,c50d33d7-f7b2-4682-bdfd-a206421fcb23,->,313d1fcf-fdf6-4e4e-85aa-8fcea532cc34,javax/swing/JLabel.java,setIcon
313d1fcf-fdf6-4e4e-85aa-8fcea532cc34,8f61c94a-6d71-49eb-8274-45616238cfd4,c50d33d7-f7b2-4682-bdfd-a206421fcb23,->,313d1fcf-fdf6-4e4e-85aa-8fcea532cc34,java/lang/Object.java,getClass
313d1fcf-fdf6-4e4e-85aa-8fcea532cc34,8f61c94a-6d71-49eb-8274-45616238cfd4,c50d33d7-f7b2-4682-bdfd-a206421fcb23,->,313d1fcf-fdf6-4e4e-85aa-8fcea532cc34,java/lang/Class.java,getResource
313d1fcf-fdf6-4e4e-85aa-8fcea532cc34,8f61c94a-6d71-49eb-8274-45616238cfd4,c50d33d7-f7b2-4682-bdfd-a206421fcb23,->,313d1fcf-fdf6-4e4e-85aa-8fcea532cc34,javax/swing/JLabel.java,setIcon
313d1fcf-fdf6-4e4e-85aa-8fcea532cc34,8f61c94a-6d71-49eb-8274-45616238cfd4,c50d33d7-f7b2-4682-bdfd-a206421fcb23,->,313d1fcf-fdf6-4e4e-85aa-8fcea532cc34,javax/swing/JLabel.java,setFont
313d1fcf-fdf6-4e4e-85aa-8fcea532cc34,8f61c94a-6d71-49eb-8274-45616238cfd4,c50d33d7-f7b2-4682-bdfd-a206421fcb23,->,313d1fcf-fdf6-4e4e-85aa-8fcea532cc34,javax/swing/JLabel.java,setText
313d1fcf-fdf6-4e4e-85aa-8fcea532cc34,8f61c94a-6d71-49eb-8274-45616238cfd4,c50d33d7-f7b2-4682-bdfd-a206421fcb23,->,313d1fcf-fdf6-4e4e-85aa-8fcea532cc34,javax/swing/JLabel.java,setFont
313d1fcf-fdf6-4e4e-85aa-8fcea532cc34,8f61c94a-6d71-49eb-8274-45616238cfd4,c50d33d7-f7b2-4682-bdfd-a206421fcb23,->,313d1fcf-fdf6-4e4e-85aa-8fcea532cc34,javax/swing/JLabel.java,setText
313d1fcf-fdf6-4e4e-85aa-8fcea532cc34,8f61c94a-6d71-49eb-8274-45616238cfd4,c50d33d7-f7b2-4682-bdfd-a206421fcb23,->,313d1fcf-fdf6-4e4e-85aa-8fcea532cc34,java/lang/Object.java,getClass
313d1fcf-fdf6-4e4e-85aa-8fcea532cc34,8f61c94a-6d71-49eb-8274-45616238cfd4,c50d33d7-f7b2-4682-bdfd-a206421fcb23,->,313d1fcf-fdf6-4e4e-85aa-8fcea532cc34,java/lang/Class.java,getResource
313d1fcf-fdf6-4e4e-85aa-8fcea532cc34,8f61c94a-6d71-49eb-8274-45616238cfd4,c50d33d7-f7b2-4682-bdfd-a206421fcb23,->,313d1fcf-fdf6-4e4e-85aa-8fcea532cc34,javax/swing/JLabel.java,setIcon
313d1fcf-fdf6-4e4e-85aa-8fcea532cc34,8f61c94a-6d71-49eb-8274-45616238cfd4,c50d33d7-f7b2-4682-bdfd-a206421fcb23,->,313d1fcf-fdf6-4e4e-85aa-8fcea532cc34,javax/swing/JPanel.java,setBackground
313d1fcf-fdf6-4e4e-85aa-8fcea532cc34,8f61c94a-6d71-49eb-8274-45616238cfd4,c50d33d7-f7b2-4682-bdfd-a206421fcb23,->,313d1fcf-fdf6-4e4e-85aa-8fcea532cc34,javax/swing/JPanel.java,setLayout
313d1fcf-fdf6-4e4e-85aa-8fcea532cc34,8f61c94a-6d71-49eb-8274-45616238cfd4,c50d33d7-f7b2-4682-bdfd-a206421fcb23,->,313d1fcf-fdf6-4e4e-85aa-8fcea532cc34,javax/swing/GroupLayout.java,createParallelGroup
313d1fcf-fdf6-4e4e-85aa-8fcea532cc34,8f61c94a-6d71-49eb-8274-45616238cfd4,c50d33d7-f7b2-4682-bdfd-a206421fcb23,->,313d1fcf-fdf6-4e4e-85aa-8fcea532cc34,javax/swing/GroupLayout$ParallelGroup.java,addGap
313d1fcf-fdf6-4e4e-85aa-8fcea532cc34,8f61c94a-6d71-49eb-8274-45616238cfd4,c50d33d7-f7b2-4682-bdfd-a206421fcb23,->,313d1fcf-fdf6-4e4e-85aa-8fcea532cc34,javax/swing/GroupLayout.java,setHorizontalGroup
313d1fcf-fdf6-4e4e-85aa-8fcea532cc34,8f61c94a-6d71-49eb-8274-45616238cfd4,c50d33d7-f7b2-4682-bdfd-a206421fcb23,->,313d1fcf-fdf6-4e4e-85aa-8fcea532cc34,javax/swing/GroupLayout.java,createParallelGroup
313d1fcf-fdf6-4e4e-85aa-8fcea532cc34,8f61c94a-6d71-49eb-8274-45616238cfd4,c50d33d7-f7b2-4682-bdfd-a206421fcb23,->,313d1fcf-fdf6-4e4e-85aa-8fcea532cc34,javax/swing/GroupLayout$ParallelGroup.java,addGap
313d1fcf-fdf6-4e4e-85aa-8fcea532cc34,8f61c94a-6d71-49eb-8274-45616238cfd4,c50d33d7-f7b2-4682-bdfd-a206421fcb23,->,313d1fcf-fdf6-4e4e-85aa-8fcea532cc34,javax/swing/GroupLayout.java,setVerticalGroup
313d1fcf-fdf6-4e4e-85aa-8fcea532cc34,8f61c94a-6d71-49eb-8274-45616238cfd4,c50d33d7-f7b2-4682-bdfd-a206421fcb23,->,313d1fcf-fdf6-4e4e-85aa-8fcea532cc34,java/lang/Object.java,getClass
313d1fcf-fdf6-4e4e-85aa-8fcea532cc34,8f61c94a-6d71-49eb-8274-45616238cfd4,c50d33d7-f7b2-4682-bdfd-a206421fcb23,->,313d1fcf-fdf6-4e4e-85aa-8fcea532cc34,java/lang/Class.java,getResource
313d1fcf-fdf6-4e4e-85aa-8fcea532cc34,8f61c94a-6d71-49eb-8274-45616238cfd4,c50d33d7-f7b2-4682-bdfd-a206421fcb23,->,313d1fcf-fdf6-4e4e-85aa-8fcea532cc34,javax/swing/JLabel.java,setIcon
313d1fcf-fdf6-4e4e-85aa-8fcea532cc34,8f61c94a-6d71-49eb-8274-45616238cfd4,c50d33d7-f7b2-4682-bdfd-a206421fcb23,->,313d1fcf-fdf6-4e4e-85aa-8fcea532cc34,javax/swing/JPanel.java,setBackground
313d1fcf-fdf6-4e4e-85aa-8fcea532cc34,8f61c94a-6d71-49eb-8274-45616238cfd4,c50d33d7-f7b2-4682-bdfd-a206421fcb23,->,313d1fcf-fdf6-4e4e-85aa-8fcea532cc34,javax/swing/JPanel.java,setLayout
313d1fcf-fdf6-4e4e-85aa-8fcea532cc34,8f61c94a-6d71-49eb-8274-45616238cfd4,c50d33d7-f7b2-4682-bdfd-a206421fcb23,->,313d1fcf-fdf6-4e4e-85aa-8fcea532cc34,javax/swing/GroupLayout.java,createParallelGroup
313d1fcf-fdf6-4e4e-85aa-8fcea532cc34,8f61c94a-6d71-49eb-8274-45616238cfd4,c50d33d7-f7b2-4682-bdfd-a206421fcb23,->,313d1fcf-fdf6-4e4e-85aa-8fcea532cc34,javax/swing/GroupLayout$ParallelGroup.java,addGap
313d1fcf-fdf6-4e4e-85aa-8fcea532cc34,8f61c94a-6d71-49eb-8274-45616238cfd4,c50d33d7-f7b2-4682-bdfd-a206421fcb23,->,313d1fcf-fdf6-4e4e-85aa-8fcea532cc34,javax/swing/GroupLayout.java,setHorizontalGroup
313d1fcf-fdf6-4e4e-85aa-8fcea532cc34,8f61c94a-6d71-49eb-8274-45616238cfd4,c50d33d7-f7b2-4682-bdfd-a206421fcb23,->,313d1fcf-fdf6-4e4e-85aa-8fcea532cc34,javax/swing/GroupLayout.java,createParallelGroup
313d1fcf-fdf6-4e4e-85aa-8fcea532cc34,8f61c94a-6d71-49eb-8274-45616238cfd4,c50d33d7-f7b2-4682-bdfd-a206421fcb23,->,313d1fcf-fdf6-4e4e-85aa-8fcea532cc34,javax/swing/GroupLayout$ParallelGroup.java,addGap
313d1fcf-fdf6-4e4e-85aa-8fcea532cc34,8f61c94a-6d71-49eb-8274-45616238cfd4,c50d33d7-f7b2-4682-bdfd-a206421fcb23,->,313d1fcf-fdf6-4e4e-85aa-8fcea532cc34,javax/swing/GroupLayout.java,setVerticalGroup
313d1fcf-fdf6-4e4e-85aa-8fcea532cc34,8f61c94a-6d71-49eb-8274-45616238cfd4,c50d33d7-f7b2-4682-bdfd-a206421fcb23,->,313d1fcf-fdf6-4e4e-85aa-8fcea532cc34,javax/swing/JLabel.java,setFont
313d1fcf-fdf6-4e4e-85aa-8fcea532cc34,8f61c94a-6d71-49eb-8274-45616238cfd4,c50d33d7-f7b2-4682-bdfd-a206421fcb23,->,313d1fcf-fdf6-4e4e-85aa-8fcea532cc34,javax/swing/JLabel.java,setText
313d1fcf-fdf6-4e4e-85aa-8fcea532cc34,8f61c94a-6d71-49eb-8274-45616238cfd4,c50d33d7-f7b2-4682-bdfd-a206421fcb23,->,313d1fcf-fdf6-4e4e-85aa-8fcea532cc34,javax/swing/JLabel.java,setFont
313d1fcf-fdf6-4e4e-85aa-8fcea532cc34,8f61c94a-6d71-49eb-8274-45616238cfd4,c50d33d7-f7b2-4682-bdfd-a206421fcb23,->,313d1fcf-fdf6-4e4e-85aa-8fcea532cc34,javax/swing/JLabel.java,setHorizontalAlignment
313d1fcf-fdf6-4e4e-85aa-8fcea532cc34,8f61c94a-6d71-49eb-8274-45616238cfd4,c50d33d7-f7b2-4682-bdfd-a206421fcb23,->,313d1fcf-fdf6-4e4e-85aa-8fcea532cc34,javax/swing/JLabel.java,setText
313d1fcf-fdf6-4e4e-85aa-8fcea532cc34,8f61c94a-6d71-49eb-8274-45616238cfd4,c50d33d7-f7b2-4682-bdfd-a206421fcb23,->,313d1fcf-fdf6-4e4e-85aa-8fcea532cc34,javax/swing/JPanel.java,setBackground
313d1fcf-fdf6-4e4e-85aa-8fcea532cc34,8f61c94a-6d71-49eb-8274-45616238cfd4,c50d33d7-f7b2-4682-bdfd-a206421fcb23,->,313d1fcf-fdf6-4e4e-85aa-8fcea532cc34,javax/swing/JPanel.java,setLayout
313d1fcf-fdf6-4e4e-85aa-8fcea532cc34,8f61c94a-6d71-49eb-8274-45616238cfd4,c50d33d7-f7b2-4682-bdfd-a206421fcb23,->,313d1fcf-fdf6-4e4e-85aa-8fcea532cc34,javax/swing/GroupLayout.java,createParallelGroup
313d1fcf-fdf6-4e4e-85aa-8fcea532cc34,8f61c94a-6d71-49eb-8274-45616238cfd4,c50d33d7-f7b2-4682-bdfd-a206421fcb23,->,313d1fcf-fdf6-4e4e-85aa-8fcea532cc34,javax/swing/GroupLayout$ParallelGroup.java,addGap
313d1fcf-fdf6-4e4e-85aa-8fcea532cc34,8f61c94a-6d71-49eb-8274-45616238cfd4,c50d33d7-f7b2-4682-bdfd-a206421fcb23,->,313d1fcf-fdf6-4e4e-85aa-8fcea532cc34,javax/swing/GroupLayout.java,setHorizontalGroup
313d1fcf-fdf6-4e4e-85aa-8fcea532cc34,8f61c94a-6d71-49eb-8274-45616238cfd4,c50d33d7-f7b2-4682-bdfd-a206421fcb23,->,313d1fcf-fdf6-4e4e-85aa-8fcea532cc34,javax/swing/GroupLayout.java,createParallelGroup
313d1fcf-fdf6-4e4e-85aa-8fcea532cc34,8f61c94a-6d71-49eb-8274-45616238cfd4,c50d33d7-f7b2-4682-bdfd-a206421fcb23,->,313d1fcf-fdf6-4e4e-85aa-8fcea532cc34,javax/swing/GroupLayout$ParallelGroup.java,addGap
313d1fcf-fdf6-4e4e-85aa-8fcea532cc34,8f61c94a-6d71-49eb-8274-45616238cfd4,c50d33d7-f7b2-4682-bdfd-a206421fcb23,->,313d1fcf-fdf6-4e4e-85aa-8fcea532cc34,javax/swing/GroupLayout.java,setVerticalGroup
313d1fcf-fdf6-4e4e-85aa-8fcea532cc34,8f61c94a-6d71-49eb-8274-45616238cfd4,c50d33d7-f7b2-4682-bdfd-a206421fcb23,->,313d1fcf-fdf6-4e4e-85aa-8fcea532cc34,javax/swing/JLabel.java,setFont
313d1fcf-fdf6-4e4e-85aa-8fcea532cc34,8f61c94a-6d71-49eb-8274-45616238cfd4,c50d33d7-f7b2-4682-bdfd-a206421fcb23,->,313d1fcf-fdf6-4e4e-85aa-8fcea532cc34,javax/swing/JLabel.java,setHorizontalAlignment
313d1fcf-fdf6-4e4e-85aa-8fcea532cc34,8f61c94a-6d71-49eb-8274-45616238cfd4,c50d33d7-f7b2-4682-bdfd-a206421fcb23,->,313d1fcf-fdf6-4e4e-85aa-8fcea532cc34,javax/swing/JLabel.java,setText
313d1fcf-fdf6-4e4e-85aa-8fcea532cc34,8f61c94a-6d71-49eb-8274-45616238cfd4,c50d33d7-f7b2-4682-bdfd-a206421fcb23,->,313d1fcf-fdf6-4e4e-85aa-8fcea532cc34,javax/swing/JPanel.java,setLayout
313d1fcf-fdf6-4e4e-85aa-8fcea532cc34,8f61c94a-6d71-49eb-8274-45616238cfd4,c50d33d7-f7b2-4682-bdfd-a206421fcb23,->,313d1fcf-fdf6-4e4e-85aa-8fcea532cc34,javax/swing/GroupLayout.java,createParallelGroup
313d1fcf-fdf6-4e4e-85aa-8fcea532cc34,8f61c94a-6d71-49eb-8274-45616238cfd4,c50d33d7-f7b2-4682-bdfd-a206421fcb23,->,313d1fcf-fdf6-4e4e-85aa-8fcea532cc34,javax/swing/GroupLayout.java,createSequentialGroup
313d1fcf-fdf6-4e4e-85aa-8fcea532cc34,8f61c94a-6d71-49eb-8274-45616238cfd4,c50d33d7-f7b2-4682-bdfd-a206421fcb23,->,313d1fcf-fdf6-4e4e-85aa-8fcea532cc34,javax/swing/GroupLayout$SequentialGroup.java,addGap
313d1fcf-fdf6-4e4e-85aa-8fcea532cc34,8f61c94a-6d71-49eb-8274-45616238cfd4,c50d33d7-f7b2-4682-bdfd-a206421fcb23,->,313d1fcf-fdf6-4e4e-85aa-8fcea532cc34,javax/swing/GroupLayout.java,createParallelGroup
313d1fcf-fdf6-4e4e-85aa-8fcea532cc34,8f61c94a-6d71-49eb-8274-45616238cfd4,c50d33d7-f7b2-4682-bdfd-a206421fcb23,->,313d1fcf-fdf6-4e4e-85aa-8fcea532cc34,javax/swing/GroupLayout.java,createSequentialGroup
313d1fcf-fdf6-4e4e-85aa-8fcea532cc34,8f61c94a-6d71-49eb-8274-45616238cfd4,c50d33d7-f7b2-4682-bdfd-a206421fcb23,->,313d1fcf-fdf6-4e4e-85aa-8fcea532cc34,javax/swing/GroupLayout.java,createParallelGroup
313d1fcf-fdf6-4e4e-85aa-8fcea532cc34,8f61c94a-6d71-49eb-8274-45616238cfd4,c50d33d7-f7b2-4682-bdfd-a206421fcb23,->,313d1fcf-fdf6-4e4e-85aa-8fcea532cc34,javax/swing/GroupLayout.java,createSequentialGroup
313d1fcf-fdf6-4e4e-85aa-8fcea532cc34,8f61c94a-6d71-49eb-8274-45616238cfd4,c50d33d7-f7b2-4682-bdfd-a206421fcb23,->,313d1fcf-fdf6-4e4e-85aa-8fcea532cc34,javax/swing/GroupLayout$SequentialGroup.java,addComponent
313d1fcf-fdf6-4e4e-85aa-8fcea532cc34,8f61c94a-6d71-49eb-8274-45616238cfd4,c50d33d7-f7b2-4682-bdfd-a206421fcb23,->,313d1fcf-fdf6-4e4e-85aa-8fcea532cc34,javax/swing/GroupLayout$SequentialGroup.java,addPreferredGap
313d1fcf-fdf6-4e4e-85aa-8fcea532cc34,8f61c94a-6d71-49eb-8274-45616238cfd4,c50d33d7-f7b2-4682-bdfd-a206421fcb23,->,313d1fcf-fdf6-4e4e-85aa-8fcea532cc34,javax/swing/GroupLayout$SequentialGroup.java,addComponent
313d1fcf-fdf6-4e4e-85aa-8fcea532cc34,8f61c94a-6d71-49eb-8274-45616238cfd4,c50d33d7-f7b2-4682-bdfd-a206421fcb23,->,313d1fcf-fdf6-4e4e-85aa-8fcea532cc34,javax/swing/GroupLayout$SequentialGroup.java,addGap
313d1fcf-fdf6-4e4e-85aa-8fcea532cc34,8f61c94a-6d71-49eb-8274-45616238cfd4,c50d33d7-f7b2-4682-bdfd-a206421fcb23,->,313d1fcf-fdf6-4e4e-85aa-8fcea532cc34,javax/swing/GroupLayout.java,createParallelGroup
313d1fcf-fdf6-4e4e-85aa-8fcea532cc34,8f61c94a-6d71-49eb-8274-45616238cfd4,c50d33d7-f7b2-4682-bdfd-a206421fcb23,->,313d1fcf-fdf6-4e4e-85aa-8fcea532cc34,javax/swing/GroupLayout$ParallelGroup.java,addComponent
313d1fcf-fdf6-4e4e-85aa-8fcea532cc34,8f61c94a-6d71-49eb-8274-45616238cfd4,c50d33d7-f7b2-4682-bdfd-a206421fcb23,->,313d1fcf-fdf6-4e4e-85aa-8fcea532cc34,javax/swing/GroupLayout$ParallelGroup.java,addComponent
313d1fcf-fdf6-4e4e-85aa-8fcea532cc34,8f61c94a-6d71-49eb-8274-45616238cfd4,c50d33d7-f7b2-4682-bdfd-a206421fcb23,->,313d1fcf-fdf6-4e4e-85aa-8fcea532cc34,javax/swing/GroupLayout$SequentialGroup.java,addGroup
313d1fcf-fdf6-4e4e-85aa-8fcea532cc34,8f61c94a-6d71-49eb-8274-45616238cfd4,c50d33d7-f7b2-4682-bdfd-a206421fcb23,->,313d1fcf-fdf6-4e4e-85aa-8fcea532cc34,javax/swing/GroupLayout$ParallelGroup.java,addGroup
313d1fcf-fdf6-4e4e-85aa-8fcea532cc34,8f61c94a-6d71-49eb-8274-45616238cfd4,c50d33d7-f7b2-4682-bdfd-a206421fcb23,->,313d1fcf-fdf6-4e4e-85aa-8fcea532cc34,javax/swing/GroupLayout$ParallelGroup.java,addComponent
313d1fcf-fdf6-4e4e-85aa-8fcea532cc34,8f61c94a-6d71-49eb-8274-45616238cfd4,c50d33d7-f7b2-4682-bdfd-a206421fcb23,->,313d1fcf-fdf6-4e4e-85aa-8fcea532cc34,javax/swing/GroupLayout.java,createSequentialGroup
313d1fcf-fdf6-4e4e-85aa-8fcea532cc34,8f61c94a-6d71-49eb-8274-45616238cfd4,c50d33d7-f7b2-4682-bdfd-a206421fcb23,->,313d1fcf-fdf6-4e4e-85aa-8fcea532cc34,javax/swing/GroupLayout$SequentialGroup.java,addGap
313d1fcf-fdf6-4e4e-85aa-8fcea532cc34,8f61c94a-6d71-49eb-8274-45616238cfd4,c50d33d7-f7b2-4682-bdfd-a206421fcb23,->,313d1fcf-fdf6-4e4e-85aa-8fcea532cc34,javax/swing/GroupLayout$SequentialGroup.java,addComponent
313d1fcf-fdf6-4e4e-85aa-8fcea532cc34,8f61c94a-6d71-49eb-8274-45616238cfd4,c50d33d7-f7b2-4682-bdfd-a206421fcb23,->,313d1fcf-fdf6-4e4e-85aa-8fcea532cc34,javax/swing/GroupLayout$SequentialGroup.java,addGap
313d1fcf-fdf6-4e4e-85aa-8fcea532cc34,8f61c94a-6d71-49eb-8274-45616238cfd4,c50d33d7-f7b2-4682-bdfd-a206421fcb23,->,313d1fcf-fdf6-4e4e-85aa-8fcea532cc34,javax/swing/GroupLayout$SequentialGroup.java,addComponent
313d1fcf-fdf6-4e4e-85aa-8fcea532cc34,8f61c94a-6d71-49eb-8274-45616238cfd4,c50d33d7-f7b2-4682-bdfd-a206421fcb23,->,313d1fcf-fdf6-4e4e-85aa-8fcea532cc34,javax/swing/GroupLayout$SequentialGroup.java,addGap
313d1fcf-fdf6-4e4e-85aa-8fcea532cc34,8f61c94a-6d71-49eb-8274-45616238cfd4,c50d33d7-f7b2-4682-bdfd-a206421fcb23,->,313d1fcf-fdf6-4e4e-85aa-8fcea532cc34,javax/swing/GroupLayout$SequentialGroup.java,addComponent
313d1fcf-fdf6-4e4e-85aa-8fcea532cc34,8f61c94a-6d71-49eb-8274-45616238cfd4,c50d33d7-f7b2-4682-bdfd-a206421fcb23,->,313d1fcf-fdf6-4e4e-85aa-8fcea532cc34,javax/swing/GroupLayout$ParallelGroup.java,addGroup
313d1fcf-fdf6-4e4e-85aa-8fcea532cc34,8f61c94a-6d71-49eb-8274-45616238cfd4,c50d33d7-f7b2-4682-bdfd-a206421fcb23,->,313d1fcf-fdf6-4e4e-85aa-8fcea532cc34,javax/swing/GroupLayout.java,createSequentialGroup
313d1fcf-fdf6-4e4e-85aa-8fcea532cc34,8f61c94a-6d71-49eb-8274-45616238cfd4,c50d33d7-f7b2-4682-bdfd-a206421fcb23,->,313d1fcf-fdf6-4e4e-85aa-8fcea532cc34,javax/swing/GroupLayout.java,createParallelGroup
313d1fcf-fdf6-4e4e-85aa-8fcea532cc34,8f61c94a-6d71-49eb-8274-45616238cfd4,c50d33d7-f7b2-4682-bdfd-a206421fcb23,->,313d1fcf-fdf6-4e4e-85aa-8fcea532cc34,javax/swing/GroupLayout$ParallelGroup.java,addComponent
313d1fcf-fdf6-4e4e-85aa-8fcea532cc34,8f61c94a-6d71-49eb-8274-45616238cfd4,c50d33d7-f7b2-4682-bdfd-a206421fcb23,->,313d1fcf-fdf6-4e4e-85aa-8fcea532cc34,javax/swing/GroupLayout.java,createSequentialGroup
313d1fcf-fdf6-4e4e-85aa-8fcea532cc34,8f61c94a-6d71-49eb-8274-45616238cfd4,c50d33d7-f7b2-4682-bdfd-a206421fcb23,->,313d1fcf-fdf6-4e4e-85aa-8fcea532cc34,javax/swing/GroupLayout$SequentialGroup.java,addGap
313d1fcf-fdf6-4e4e-85aa-8fcea532cc34,8f61c94a-6d71-49eb-8274-45616238cfd4,c50d33d7-f7b2-4682-bdfd-a206421fcb23,->,313d1fcf-fdf6-4e4e-85aa-8fcea532cc34,javax/swing/GroupLayout$SequentialGroup.java,addComponent
313d1fcf-fdf6-4e4e-85aa-8fcea532cc34,8f61c94a-6d71-49eb-8274-45616238cfd4,c50d33d7-f7b2-4682-bdfd-a206421fcb23,->,313d1fcf-fdf6-4e4e-85aa-8fcea532cc34,javax/swing/GroupLayout$ParallelGroup.java,addGroup
313d1fcf-fdf6-4e4e-85aa-8fcea532cc34,8f61c94a-6d71-49eb-8274-45616238cfd4,c50d33d7-f7b2-4682-bdfd-a206421fcb23,->,313d1fcf-fdf6-4e4e-85aa-8fcea532cc34,javax/swing/GroupLayout.java,createSequentialGroup
313d1fcf-fdf6-4e4e-85aa-8fcea532cc34,8f61c94a-6d71-49eb-8274-45616238cfd4,c50d33d7-f7b2-4682-bdfd-a206421fcb23,->,313d1fcf-fdf6-4e4e-85aa-8fcea532cc34,javax/swing/GroupLayout.java,createParallelGroup
313d1fcf-fdf6-4e4e-85aa-8fcea532cc34,8f61c94a-6d71-49eb-8274-45616238cfd4,c50d33d7-f7b2-4682-bdfd-a206421fcb23,->,313d1fcf-fdf6-4e4e-85aa-8fcea532cc34,javax/swing/GroupLayout$ParallelGroup.java,addComponent
313d1fcf-fdf6-4e4e-85aa-8fcea532cc34,8f61c94a-6d71-49eb-8274-45616238cfd4,c50d33d7-f7b2-4682-bdfd-a206421fcb23,->,313d1fcf-fdf6-4e4e-85aa-8fcea532cc34,javax/swing/GroupLayout$ParallelGroup.java,addComponent
313d1fcf-fdf6-4e4e-85aa-8fcea532cc34,8f61c94a-6d71-49eb-8274-45616238cfd4,c50d33d7-f7b2-4682-bdfd-a206421fcb23,->,313d1fcf-fdf6-4e4e-85aa-8fcea532cc34,javax/swing/GroupLayout$SequentialGroup.java,addGroup
313d1fcf-fdf6-4e4e-85aa-8fcea532cc34,8f61c94a-6d71-49eb-8274-45616238cfd4,c50d33d7-f7b2-4682-bdfd-a206421fcb23,->,313d1fcf-fdf6-4e4e-85aa-8fcea532cc34,javax/swing/GroupLayout$SequentialGroup.java,addPreferredGap
313d1fcf-fdf6-4e4e-85aa-8fcea532cc34,8f61c94a-6d71-49eb-8274-45616238cfd4,c50d33d7-f7b2-4682-bdfd-a206421fcb23,->,313d1fcf-fdf6-4e4e-85aa-8fcea532cc34,javax/swing/GroupLayout$SequentialGroup.java,addComponent
313d1fcf-fdf6-4e4e-85aa-8fcea532cc34,8f61c94a-6d71-49eb-8274-45616238cfd4,c50d33d7-f7b2-4682-bdfd-a206421fcb23,->,313d1fcf-fdf6-4e4e-85aa-8fcea532cc34,javax/swing/GroupLayout$ParallelGroup.java,addGroup
313d1fcf-fdf6-4e4e-85aa-8fcea532cc34,8f61c94a-6d71-49eb-8274-45616238cfd4,c50d33d7-f7b2-4682-bdfd-a206421fcb23,->,313d1fcf-fdf6-4e4e-85aa-8fcea532cc34,javax/swing/GroupLayout$SequentialGroup.java,addGroup
313d1fcf-fdf6-4e4e-85aa-8fcea532cc34,8f61c94a-6d71-49eb-8274-45616238cfd4,c50d33d7-f7b2-4682-bdfd-a206421fcb23,->,313d1fcf-fdf6-4e4e-85aa-8fcea532cc34,javax/swing/GroupLayout$SequentialGroup.java,addPreferredGap
313d1fcf-fdf6-4e4e-85aa-8fcea532cc34,8f61c94a-6d71-49eb-8274-45616238cfd4,c50d33d7-f7b2-4682-bdfd-a206421fcb23,->,313d1fcf-fdf6-4e4e-85aa-8fcea532cc34,javax/swing/GroupLayout$SequentialGroup.java,addComponent
313d1fcf-fdf6-4e4e-85aa-8fcea532cc34,8f61c94a-6d71-49eb-8274-45616238cfd4,c50d33d7-f7b2-4682-bdfd-a206421fcb23,->,313d1fcf-fdf6-4e4e-85aa-8fcea532cc34,javax/swing/GroupLayout$ParallelGroup.java,addGroup
313d1fcf-fdf6-4e4e-85aa-8fcea532cc34,8f61c94a-6d71-49eb-8274-45616238cfd4,c50d33d7-f7b2-4682-bdfd-a206421fcb23,->,313d1fcf-fdf6-4e4e-85aa-8fcea532cc34,javax/swing/GroupLayout.java,createSequentialGroup
313d1fcf-fdf6-4e4e-85aa-8fcea532cc34,8f61c94a-6d71-49eb-8274-45616238cfd4,c50d33d7-f7b2-4682-bdfd-a206421fcb23,->,313d1fcf-fdf6-4e4e-85aa-8fcea532cc34,javax/swing/GroupLayout.java,createParallelGroup
313d1fcf-fdf6-4e4e-85aa-8fcea532cc34,8f61c94a-6d71-49eb-8274-45616238cfd4,c50d33d7-f7b2-4682-bdfd-a206421fcb23,->,313d1fcf-fdf6-4e4e-85aa-8fcea532cc34,javax/swing/GroupLayout$ParallelGroup.java,addComponent
313d1fcf-fdf6-4e4e-85aa-8fcea532cc34,8f61c94a-6d71-49eb-8274-45616238cfd4,c50d33d7-f7b2-4682-bdfd-a206421fcb23,->,313d1fcf-fdf6-4e4e-85aa-8fcea532cc34,javax/swing/GroupLayout.java,createSequentialGroup
313d1fcf-fdf6-4e4e-85aa-8fcea532cc34,8f61c94a-6d71-49eb-8274-45616238cfd4,c50d33d7-f7b2-4682-bdfd-a206421fcb23,->,313d1fcf-fdf6-4e4e-85aa-8fcea532cc34,javax/swing/GroupLayout$SequentialGroup.java,addGap
313d1fcf-fdf6-4e4e-85aa-8fcea532cc34,8f61c94a-6d71-49eb-8274-45616238cfd4,c50d33d7-f7b2-4682-bdfd-a206421fcb23,->,313d1fcf-fdf6-4e4e-85aa-8fcea532cc34,javax/swing/GroupLayout.java,createParallelGroup
313d1fcf-fdf6-4e4e-85aa-8fcea532cc34,8f61c94a-6d71-49eb-8274-45616238cfd4,c50d33d7-f7b2-4682-bdfd-a206421fcb23,->,313d1fcf-fdf6-4e4e-85aa-8fcea532cc34,javax/swing/GroupLayout$ParallelGroup.java,addComponent
313d1fcf-fdf6-4e4e-85aa-8fcea532cc34,8f61c94a-6d71-49eb-8274-45616238cfd4,c50d33d7-f7b2-4682-bdfd-a206421fcb23,->,313d1fcf-fdf6-4e4e-85aa-8fcea532cc34,javax/swing/GroupLayout$ParallelGroup.java,addComponent
313d1fcf-fdf6-4e4e-85aa-8fcea532cc34,8f61c94a-6d71-49eb-8274-45616238cfd4,c50d33d7-f7b2-4682-bdfd-a206421fcb23,->,313d1fcf-fdf6-4e4e-85aa-8fcea532cc34,javax/swing/GroupLayout$SequentialGroup.java,addGroup
313d1fcf-fdf6-4e4e-85aa-8fcea532cc34,8f61c94a-6d71-49eb-8274-45616238cfd4,c50d33d7-f7b2-4682-bdfd-a206421fcb23,->,313d1fcf-fdf6-4e4e-85aa-8fcea532cc34,javax/swing/GroupLayout$ParallelGroup.java,addGroup
313d1fcf-fdf6-4e4e-85aa-8fcea532cc34,8f61c94a-6d71-49eb-8274-45616238cfd4,c50d33d7-f7b2-4682-bdfd-a206421fcb23,->,313d1fcf-fdf6-4e4e-85aa-8fcea532cc34,javax/swing/GroupLayout$ParallelGroup.java,addComponent
313d1fcf-fdf6-4e4e-85aa-8fcea532cc34,8f61c94a-6d71-49eb-8274-45616238cfd4,c50d33d7-f7b2-4682-bdfd-a206421fcb23,->,313d1fcf-fdf6-4e4e-85aa-8fcea532cc34,javax/swing/GroupLayout$SequentialGroup.java,addGroup
313d1fcf-fdf6-4e4e-85aa-8fcea532cc34,8f61c94a-6d71-49eb-8274-45616238cfd4,c50d33d7-f7b2-4682-bdfd-a206421fcb23,->,313d1fcf-fdf6-4e4e-85aa-8fcea532cc34,javax/swing/GroupLayout$SequentialGroup.java,addGap
313d1fcf-fdf6-4e4e-85aa-8fcea532cc34,8f61c94a-6d71-49eb-8274-45616238cfd4,c50d33d7-f7b2-4682-bdfd-a206421fcb23,->,313d1fcf-fdf6-4e4e-85aa-8fcea532cc34,javax/swing/GroupLayout.java,createParallelGroup
313d1fcf-fdf6-4e4e-85aa-8fcea532cc34,8f61c94a-6d71-49eb-8274-45616238cfd4,c50d33d7-f7b2-4682-bdfd-a206421fcb23,->,313d1fcf-fdf6-4e4e-85aa-8fcea532cc34,javax/swing/GroupLayout$ParallelGroup.java,addComponent
313d1fcf-fdf6-4e4e-85aa-8fcea532cc34,8f61c94a-6d71-49eb-8274-45616238cfd4,c50d33d7-f7b2-4682-bdfd-a206421fcb23,->,313d1fcf-fdf6-4e4e-85aa-8fcea532cc34,javax/swing/GroupLayout$ParallelGroup.java,addComponent
313d1fcf-fdf6-4e4e-85aa-8fcea532cc34,8f61c94a-6d71-49eb-8274-45616238cfd4,c50d33d7-f7b2-4682-bdfd-a206421fcb23,->,313d1fcf-fdf6-4e4e-85aa-8fcea532cc34,javax/swing/GroupLayout$SequentialGroup.java,addGroup
313d1fcf-fdf6-4e4e-85aa-8fcea532cc34,8f61c94a-6d71-49eb-8274-45616238cfd4,c50d33d7-f7b2-4682-bdfd-a206421fcb23,->,313d1fcf-fdf6-4e4e-85aa-8fcea532cc34,javax/swing/GroupLayout$ParallelGroup.java,addGroup
313d1fcf-fdf6-4e4e-85aa-8fcea532cc34,8f61c94a-6d71-49eb-8274-45616238cfd4,c50d33d7-f7b2-4682-bdfd-a206421fcb23,->,313d1fcf-fdf6-4e4e-85aa-8fcea532cc34,javax/swing/GroupLayout$SequentialGroup.java,addGroup
313d1fcf-fdf6-4e4e-85aa-8fcea532cc34,8f61c94a-6d71-49eb-8274-45616238cfd4,c50d33d7-f7b2-4682-bdfd-a206421fcb23,->,313d1fcf-fdf6-4e4e-85aa-8fcea532cc34,javax/swing/GroupLayout$SequentialGroup.java,addContainerGap
313d1fcf-fdf6-4e4e-85aa-8fcea532cc34,8f61c94a-6d71-49eb-8274-45616238cfd4,c50d33d7-f7b2-4682-bdfd-a206421fcb23,->,313d1fcf-fdf6-4e4e-85aa-8fcea532cc34,javax/swing/GroupLayout$ParallelGroup.java,addGroup
313d1fcf-fdf6-4e4e-85aa-8fcea532cc34,8f61c94a-6d71-49eb-8274-45616238cfd4,c50d33d7-f7b2-4682-bdfd-a206421fcb23,->,313d1fcf-fdf6-4e4e-85aa-8fcea532cc34,javax/swing/GroupLayout.java,createSequentialGroup
313d1fcf-fdf6-4e4e-85aa-8fcea532cc34,8f61c94a-6d71-49eb-8274-45616238cfd4,c50d33d7-f7b2-4682-bdfd-a206421fcb23,->,313d1fcf-fdf6-4e4e-85aa-8fcea532cc34,javax/swing/GroupLayout.java,createParallelGroup
313d1fcf-fdf6-4e4e-85aa-8fcea532cc34,8f61c94a-6d71-49eb-8274-45616238cfd4,c50d33d7-f7b2-4682-bdfd-a206421fcb23,->,313d1fcf-fdf6-4e4e-85aa-8fcea532cc34,javax/swing/GroupLayout$ParallelGroup.java,addComponent
313d1fcf-fdf6-4e4e-85aa-8fcea532cc34,8f61c94a-6d71-49eb-8274-45616238cfd4,c50d33d7-f7b2-4682-bdfd-a206421fcb23,->,313d1fcf-fdf6-4e4e-85aa-8fcea532cc34,javax/swing/GroupLayout$ParallelGroup.java,addComponent
313d1fcf-fdf6-4e4e-85aa-8fcea532cc34,8f61c94a-6d71-49eb-8274-45616238cfd4,c50d33d7-f7b2-4682-bdfd-a206421fcb23,->,313d1fcf-fdf6-4e4e-85aa-8fcea532cc34,javax/swing/GroupLayout$ParallelGroup.java,addComponent
313d1fcf-fdf6-4e4e-85aa-8fcea532cc34,8f61c94a-6d71-49eb-8274-45616238cfd4,c50d33d7-f7b2-4682-bdfd-a206421fcb23,->,313d1fcf-fdf6-4e4e-85aa-8fcea532cc34,javax/swing/GroupLayout$ParallelGroup.java,addComponent
313d1fcf-fdf6-4e4e-85aa-8fcea532cc34,8f61c94a-6d71-49eb-8274-45616238cfd4,c50d33d7-f7b2-4682-bdfd-a206421fcb23,->,313d1fcf-fdf6-4e4e-85aa-8fcea532cc34,javax/swing/GroupLayout.java,createSequentialGroup
313d1fcf-fdf6-4e4e-85aa-8fcea532cc34,8f61c94a-6d71-49eb-8274-45616238cfd4,c50d33d7-f7b2-4682-bdfd-a206421fcb23,->,313d1fcf-fdf6-4e4e-85aa-8fcea532cc34,javax/swing/GroupLayout.java,createParallelGroup
313d1fcf-fdf6-4e4e-85aa-8fcea532cc34,8f61c94a-6d71-49eb-8274-45616238cfd4,c50d33d7-f7b2-4682-bdfd-a206421fcb23,->,313d1fcf-fdf6-4e4e-85aa-8fcea532cc34,javax/swing/GroupLayout$ParallelGroup.java,addComponent
313d1fcf-fdf6-4e4e-85aa-8fcea532cc34,8f61c94a-6d71-49eb-8274-45616238cfd4,c50d33d7-f7b2-4682-bdfd-a206421fcb23,->,313d1fcf-fdf6-4e4e-85aa-8fcea532cc34,javax/swing/GroupLayout$ParallelGroup.java,addComponent
313d1fcf-fdf6-4e4e-85aa-8fcea532cc34,8f61c94a-6d71-49eb-8274-45616238cfd4,c50d33d7-f7b2-4682-bdfd-a206421fcb23,->,313d1fcf-fdf6-4e4e-85aa-8fcea532cc34,javax/swing/GroupLayout$SequentialGroup.java,addGroup
313d1fcf-fdf6-4e4e-85aa-8fcea532cc34,8f61c94a-6d71-49eb-8274-45616238cfd4,c50d33d7-f7b2-4682-bdfd-a206421fcb23,->,313d1fcf-fdf6-4e4e-85aa-8fcea532cc34,javax/swing/GroupLayout$SequentialGroup.java,addGap
313d1fcf-fdf6-4e4e-85aa-8fcea532cc34,8f61c94a-6d71-49eb-8274-45616238cfd4,c50d33d7-f7b2-4682-bdfd-a206421fcb23,->,313d1fcf-fdf6-4e4e-85aa-8fcea532cc34,javax/swing/GroupLayout$SequentialGroup.java,addComponent
313d1fcf-fdf6-4e4e-85aa-8fcea532cc34,8f61c94a-6d71-49eb-8274-45616238cfd4,c50d33d7-f7b2-4682-bdfd-a206421fcb23,->,313d1fcf-fdf6-4e4e-85aa-8fcea532cc34,javax/swing/GroupLayout$ParallelGroup.java,addGroup
313d1fcf-fdf6-4e4e-85aa-8fcea532cc34,8f61c94a-6d71-49eb-8274-45616238cfd4,c50d33d7-f7b2-4682-bdfd-a206421fcb23,->,313d1fcf-fdf6-4e4e-85aa-8fcea532cc34,javax/swing/GroupLayout$SequentialGroup.java,addGroup
313d1fcf-fdf6-4e4e-85aa-8fcea532cc34,8f61c94a-6d71-49eb-8274-45616238cfd4,c50d33d7-f7b2-4682-bdfd-a206421fcb23,->,313d1fcf-fdf6-4e4e-85aa-8fcea532cc34,javax/swing/GroupLayout$SequentialGroup.java,addPreferredGap
313d1fcf-fdf6-4e4e-85aa-8fcea532cc34,8f61c94a-6d71-49eb-8274-45616238cfd4,c50d33d7-f7b2-4682-bdfd-a206421fcb23,->,313d1fcf-fdf6-4e4e-85aa-8fcea532cc34,javax/swing/GroupLayout$SequentialGroup.java,addComponent
313d1fcf-fdf6-4e4e-85aa-8fcea532cc34,8f61c94a-6d71-49eb-8274-45616238cfd4,c50d33d7-f7b2-4682-bdfd-a206421fcb23,->,313d1fcf-fdf6-4e4e-85aa-8fcea532cc34,javax/swing/GroupLayout$SequentialGroup.java,addGap
313d1fcf-fdf6-4e4e-85aa-8fcea532cc34,8f61c94a-6d71-49eb-8274-45616238cfd4,c50d33d7-f7b2-4682-bdfd-a206421fcb23,->,313d1fcf-fdf6-4e4e-85aa-8fcea532cc34,javax/swing/GroupLayout$ParallelGroup.java,addGroup
313d1fcf-fdf6-4e4e-85aa-8fcea532cc34,8f61c94a-6d71-49eb-8274-45616238cfd4,c50d33d7-f7b2-4682-bdfd-a206421fcb23,->,313d1fcf-fdf6-4e4e-85aa-8fcea532cc34,javax/swing/GroupLayout$SequentialGroup.java,addGroup
313d1fcf-fdf6-4e4e-85aa-8fcea532cc34,8f61c94a-6d71-49eb-8274-45616238cfd4,c50d33d7-f7b2-4682-bdfd-a206421fcb23,->,313d1fcf-fdf6-4e4e-85aa-8fcea532cc34,javax/swing/GroupLayout$ParallelGroup.java,addGroup
313d1fcf-fdf6-4e4e-85aa-8fcea532cc34,8f61c94a-6d71-49eb-8274-45616238cfd4,c50d33d7-f7b2-4682-bdfd-a206421fcb23,->,313d1fcf-fdf6-4e4e-85aa-8fcea532cc34,javax/swing/GroupLayout.java,createSequentialGroup
313d1fcf-fdf6-4e4e-85aa-8fcea532cc34,8f61c94a-6d71-49eb-8274-45616238cfd4,c50d33d7-f7b2-4682-bdfd-a206421fcb23,->,313d1fcf-fdf6-4e4e-85aa-8fcea532cc34,javax/swing/GroupLayout.java,createParallelGroup
313d1fcf-fdf6-4e4e-85aa-8fcea532cc34,8f61c94a-6d71-49eb-8274-45616238cfd4,c50d33d7-f7b2-4682-bdfd-a206421fcb23,->,313d1fcf-fdf6-4e4e-85aa-8fcea532cc34,javax/swing/GroupLayout.java,createSequentialGroup
313d1fcf-fdf6-4e4e-85aa-8fcea532cc34,8f61c94a-6d71-49eb-8274-45616238cfd4,c50d33d7-f7b2-4682-bdfd-a206421fcb23,->,313d1fcf-fdf6-4e4e-85aa-8fcea532cc34,javax/swing/GroupLayout.java,createParallelGroup
313d1fcf-fdf6-4e4e-85aa-8fcea532cc34,8f61c94a-6d71-49eb-8274-45616238cfd4,c50d33d7-f7b2-4682-bdfd-a206421fcb23,->,313d1fcf-fdf6-4e4e-85aa-8fcea532cc34,javax/swing/GroupLayout.java,createSequentialGroup
313d1fcf-fdf6-4e4e-85aa-8fcea532cc34,8f61c94a-6d71-49eb-8274-45616238cfd4,c50d33d7-f7b2-4682-bdfd-a206421fcb23,->,313d1fcf-fdf6-4e4e-85aa-8fcea532cc34,javax/swing/GroupLayout$SequentialGroup.java,addGap
313d1fcf-fdf6-4e4e-85aa-8fcea532cc34,8f61c94a-6d71-49eb-8274-45616238cfd4,c50d33d7-f7b2-4682-bdfd-a206421fcb23,->,313d1fcf-fdf6-4e4e-85aa-8fcea532cc34,javax/swing/GroupLayout$SequentialGroup.java,addComponent
313d1fcf-fdf6-4e4e-85aa-8fcea532cc34,8f61c94a-6d71-49eb-8274-45616238cfd4,c50d33d7-f7b2-4682-bdfd-a206421fcb23,->,313d1fcf-fdf6-4e4e-85aa-8fcea532cc34,javax/swing/GroupLayout$SequentialGroup.java,addPreferredGap
313d1fcf-fdf6-4e4e-85aa-8fcea532cc34,8f61c94a-6d71-49eb-8274-45616238cfd4,c50d33d7-f7b2-4682-bdfd-a206421fcb23,->,313d1fcf-fdf6-4e4e-85aa-8fcea532cc34,javax/swing/GroupLayout$SequentialGroup.java,addComponent
313d1fcf-fdf6-4e4e-85aa-8fcea532cc34,8f61c94a-6d71-49eb-8274-45616238cfd4,c50d33d7-f7b2-4682-bdfd-a206421fcb23,->,313d1fcf-fdf6-4e4e-85aa-8fcea532cc34,javax/swing/GroupLayout$SequentialGroup.java,addGap
313d1fcf-fdf6-4e4e-85aa-8fcea532cc34,8f61c94a-6d71-49eb-8274-45616238cfd4,c50d33d7-f7b2-4682-bdfd-a206421fcb23,->,313d1fcf-fdf6-4e4e-85aa-8fcea532cc34,javax/swing/GroupLayout.java,createParallelGroup
313d1fcf-fdf6-4e4e-85aa-8fcea532cc34,8f61c94a-6d71-49eb-8274-45616238cfd4,c50d33d7-f7b2-4682-bdfd-a206421fcb23,->,313d1fcf-fdf6-4e4e-85aa-8fcea532cc34,javax/swing/GroupLayout$ParallelGroup.java,addComponent
313d1fcf-fdf6-4e4e-85aa-8fcea532cc34,8f61c94a-6d71-49eb-8274-45616238cfd4,c50d33d7-f7b2-4682-bdfd-a206421fcb23,->,313d1fcf-fdf6-4e4e-85aa-8fcea532cc34,javax/swing/GroupLayout$ParallelGroup.java,addComponent
313d1fcf-fdf6-4e4e-85aa-8fcea532cc34,8f61c94a-6d71-49eb-8274-45616238cfd4,c50d33d7-f7b2-4682-bdfd-a206421fcb23,->,313d1fcf-fdf6-4e4e-85aa-8fcea532cc34,javax/swing/GroupLayout$SequentialGroup.java,addGroup
313d1fcf-fdf6-4e4e-85aa-8fcea532cc34,8f61c94a-6d71-49eb-8274-45616238cfd4,c50d33d7-f7b2-4682-bdfd-a206421fcb23,->,313d1fcf-fdf6-4e4e-85aa-8fcea532cc34,javax/swing/GroupLayout$ParallelGroup.java,addGroup
313d1fcf-fdf6-4e4e-85aa-8fcea532cc34,8f61c94a-6d71-49eb-8274-45616238cfd4,c50d33d7-f7b2-4682-bdfd-a206421fcb23,->,313d1fcf-fdf6-4e4e-85aa-8fcea532cc34,javax/swing/GroupLayout.java,createSequentialGroup
313d1fcf-fdf6-4e4e-85aa-8fcea532cc34,8f61c94a-6d71-49eb-8274-45616238cfd4,c50d33d7-f7b2-4682-bdfd-a206421fcb23,->,313d1fcf-fdf6-4e4e-85aa-8fcea532cc34,javax/swing/GroupLayout$SequentialGroup.java,addGap
313d1fcf-fdf6-4e4e-85aa-8fcea532cc34,8f61c94a-6d71-49eb-8274-45616238cfd4,c50d33d7-f7b2-4682-bdfd-a206421fcb23,->,313d1fcf-fdf6-4e4e-85aa-8fcea532cc34,javax/swing/GroupLayout$SequentialGroup.java,addComponent
313d1fcf-fdf6-4e4e-85aa-8fcea532cc34,8f61c94a-6d71-49eb-8274-45616238cfd4,c50d33d7-f7b2-4682-bdfd-a206421fcb23,->,313d1fcf-fdf6-4e4e-85aa-8fcea532cc34,javax/swing/GroupLayout$ParallelGroup.java,addGroup
313d1fcf-fdf6-4e4e-85aa-8fcea532cc34,8f61c94a-6d71-49eb-8274-45616238cfd4,c50d33d7-f7b2-4682-bdfd-a206421fcb23,->,313d1fcf-fdf6-4e4e-85aa-8fcea532cc34,javax/swing/GroupLayout$SequentialGroup.java,addGroup
313d1fcf-fdf6-4e4e-85aa-8fcea532cc34,8f61c94a-6d71-49eb-8274-45616238cfd4,c50d33d7-f7b2-4682-bdfd-a206421fcb23,->,313d1fcf-fdf6-4e4e-85aa-8fcea532cc34,javax/swing/GroupLayout$SequentialGroup.java,addGap
313d1fcf-fdf6-4e4e-85aa-8fcea532cc34,8f61c94a-6d71-49eb-8274-45616238cfd4,c50d33d7-f7b2-4682-bdfd-a206421fcb23,->,313d1fcf-fdf6-4e4e-85aa-8fcea532cc34,javax/swing/GroupLayout$ParallelGroup.java,addGroup
313d1fcf-fdf6-4e4e-85aa-8fcea532cc34,8f61c94a-6d71-49eb-8274-45616238cfd4,c50d33d7-f7b2-4682-bdfd-a206421fcb23,->,313d1fcf-fdf6-4e4e-85aa-8fcea532cc34,javax/swing/GroupLayout.java,createParallelGroup
313d1fcf-fdf6-4e4e-85aa-8fcea532cc34,8f61c94a-6d71-49eb-8274-45616238cfd4,c50d33d7-f7b2-4682-bdfd-a206421fcb23,->,313d1fcf-fdf6-4e4e-85aa-8fcea532cc34,javax/swing/GroupLayout.java,createSequentialGroup
313d1fcf-fdf6-4e4e-85aa-8fcea532cc34,8f61c94a-6d71-49eb-8274-45616238cfd4,c50d33d7-f7b2-4682-bdfd-a206421fcb23,->,313d1fcf-fdf6-4e4e-85aa-8fcea532cc34,javax/swing/GroupLayout$SequentialGroup.java,addContainerGap
313d1fcf-fdf6-4e4e-85aa-8fcea532cc34,8f61c94a-6d71-49eb-8274-45616238cfd4,c50d33d7-f7b2-4682-bdfd-a206421fcb23,->,313d1fcf-fdf6-4e4e-85aa-8fcea532cc34,javax/swing/GroupLayout$SequentialGroup.java,addComponent
313d1fcf-fdf6-4e4e-85aa-8fcea532cc34,8f61c94a-6d71-49eb-8274-45616238cfd4,c50d33d7-f7b2-4682-bdfd-a206421fcb23,->,313d1fcf-fdf6-4e4e-85aa-8fcea532cc34,javax/swing/GroupLayout$ParallelGroup.java,addGroup
313d1fcf-fdf6-4e4e-85aa-8fcea532cc34,8f61c94a-6d71-49eb-8274-45616238cfd4,c50d33d7-f7b2-4682-bdfd-a206421fcb23,->,313d1fcf-fdf6-4e4e-85aa-8fcea532cc34,javax/swing/GroupLayout.java,createSequentialGroup
313d1fcf-fdf6-4e4e-85aa-8fcea532cc34,8f61c94a-6d71-49eb-8274-45616238cfd4,c50d33d7-f7b2-4682-bdfd-a206421fcb23,->,313d1fcf-fdf6-4e4e-85aa-8fcea532cc34,javax/swing/GroupLayout$SequentialGroup.java,addGap
313d1fcf-fdf6-4e4e-85aa-8fcea532cc34,8f61c94a-6d71-49eb-8274-45616238cfd4,c50d33d7-f7b2-4682-bdfd-a206421fcb23,->,313d1fcf-fdf6-4e4e-85aa-8fcea532cc34,javax/swing/GroupLayout$SequentialGroup.java,addComponent
313d1fcf-fdf6-4e4e-85aa-8fcea532cc34,8f61c94a-6d71-49eb-8274-45616238cfd4,c50d33d7-f7b2-4682-bdfd-a206421fcb23,->,313d1fcf-fdf6-4e4e-85aa-8fcea532cc34,javax/swing/GroupLayout$SequentialGroup.java,addGap
313d1fcf-fdf6-4e4e-85aa-8fcea532cc34,8f61c94a-6d71-49eb-8274-45616238cfd4,c50d33d7-f7b2-4682-bdfd-a206421fcb23,->,313d1fcf-fdf6-4e4e-85aa-8fcea532cc34,javax/swing/GroupLayout$ParallelGroup.java,addGroup
313d1fcf-fdf6-4e4e-85aa-8fcea532cc34,8f61c94a-6d71-49eb-8274-45616238cfd4,c50d33d7-f7b2-4682-bdfd-a206421fcb23,->,313d1fcf-fdf6-4e4e-85aa-8fcea532cc34,javax/swing/GroupLayout$ParallelGroup.java,addGroup
313d1fcf-fdf6-4e4e-85aa-8fcea532cc34,8f61c94a-6d71-49eb-8274-45616238cfd4,c50d33d7-f7b2-4682-bdfd-a206421fcb23,->,313d1fcf-fdf6-4e4e-85aa-8fcea532cc34,javax/swing/GroupLayout.java,createSequentialGroup
313d1fcf-fdf6-4e4e-85aa-8fcea532cc34,8f61c94a-6d71-49eb-8274-45616238cfd4,c50d33d7-f7b2-4682-bdfd-a206421fcb23,->,313d1fcf-fdf6-4e4e-85aa-8fcea532cc34,javax/swing/GroupLayout$SequentialGroup.java,addContainerGap
313d1fcf-fdf6-4e4e-85aa-8fcea532cc34,8f61c94a-6d71-49eb-8274-45616238cfd4,c50d33d7-f7b2-4682-bdfd-a206421fcb23,->,313d1fcf-fdf6-4e4e-85aa-8fcea532cc34,javax/swing/GroupLayout.java,createParallelGroup
313d1fcf-fdf6-4e4e-85aa-8fcea532cc34,8f61c94a-6d71-49eb-8274-45616238cfd4,c50d33d7-f7b2-4682-bdfd-a206421fcb23,->,313d1fcf-fdf6-4e4e-85aa-8fcea532cc34,javax/swing/GroupLayout$ParallelGroup.java,addComponent
313d1fcf-fdf6-4e4e-85aa-8fcea532cc34,8f61c94a-6d71-49eb-8274-45616238cfd4,c50d33d7-f7b2-4682-bdfd-a206421fcb23,->,313d1fcf-fdf6-4e4e-85aa-8fcea532cc34,javax/swing/GroupLayout$ParallelGroup.java,addComponent
313d1fcf-fdf6-4e4e-85aa-8fcea532cc34,8f61c94a-6d71-49eb-8274-45616238cfd4,c50d33d7-f7b2-4682-bdfd-a206421fcb23,->,313d1fcf-fdf6-4e4e-85aa-8fcea532cc34,javax/swing/GroupLayout.java,createSequentialGroup
313d1fcf-fdf6-4e4e-85aa-8fcea532cc34,8f61c94a-6d71-49eb-8274-45616238cfd4,c50d33d7-f7b2-4682-bdfd-a206421fcb23,->,313d1fcf-fdf6-4e4e-85aa-8fcea532cc34,javax/swing/GroupLayout$SequentialGroup.java,addComponent
313d1fcf-fdf6-4e4e-85aa-8fcea532cc34,8f61c94a-6d71-49eb-8274-45616238cfd4,c50d33d7-f7b2-4682-bdfd-a206421fcb23,->,313d1fcf-fdf6-4e4e-85aa-8fcea532cc34,javax/swing/GroupLayout$SequentialGroup.java,addGap
313d1fcf-fdf6-4e4e-85aa-8fcea532cc34,8f61c94a-6d71-49eb-8274-45616238cfd4,c50d33d7-f7b2-4682-bdfd-a206421fcb23,->,313d1fcf-fdf6-4e4e-85aa-8fcea532cc34,javax/swing/GroupLayout$SequentialGroup.java,addComponent
313d1fcf-fdf6-4e4e-85aa-8fcea532cc34,8f61c94a-6d71-49eb-8274-45616238cfd4,c50d33d7-f7b2-4682-bdfd-a206421fcb23,->,313d1fcf-fdf6-4e4e-85aa-8fcea532cc34,javax/swing/GroupLayout$SequentialGroup.java,addGap
313d1fcf-fdf6-4e4e-85aa-8fcea532cc34,8f61c94a-6d71-49eb-8274-45616238cfd4,c50d33d7-f7b2-4682-bdfd-a206421fcb23,->,313d1fcf-fdf6-4e4e-85aa-8fcea532cc34,javax/swing/GroupLayout$SequentialGroup.java,addComponent
313d1fcf-fdf6-4e4e-85aa-8fcea532cc34,8f61c94a-6d71-49eb-8274-45616238cfd4,c50d33d7-f7b2-4682-bdfd-a206421fcb23,->,313d1fcf-fdf6-4e4e-85aa-8fcea532cc34,javax/swing/GroupLayout$SequentialGroup.java,addGap
313d1fcf-fdf6-4e4e-85aa-8fcea532cc34,8f61c94a-6d71-49eb-8274-45616238cfd4,c50d33d7-f7b2-4682-bdfd-a206421fcb23,->,313d1fcf-fdf6-4e4e-85aa-8fcea532cc34,javax/swing/GroupLayout$ParallelGroup.java,addGroup
313d1fcf-fdf6-4e4e-85aa-8fcea532cc34,8f61c94a-6d71-49eb-8274-45616238cfd4,c50d33d7-f7b2-4682-bdfd-a206421fcb23,->,313d1fcf-fdf6-4e4e-85aa-8fcea532cc34,javax/swing/GroupLayout$SequentialGroup.java,addGroup
313d1fcf-fdf6-4e4e-85aa-8fcea532cc34,8f61c94a-6d71-49eb-8274-45616238cfd4,c50d33d7-f7b2-4682-bdfd-a206421fcb23,->,313d1fcf-fdf6-4e4e-85aa-8fcea532cc34,javax/swing/GroupLayout$ParallelGroup.java,addGroup
313d1fcf-fdf6-4e4e-85aa-8fcea532cc34,8f61c94a-6d71-49eb-8274-45616238cfd4,c50d33d7-f7b2-4682-bdfd-a206421fcb23,->,313d1fcf-fdf6-4e4e-85aa-8fcea532cc34,javax/swing/GroupLayout$SequentialGroup.java,addGroup
313d1fcf-fdf6-4e4e-85aa-8fcea532cc34,8f61c94a-6d71-49eb-8274-45616238cfd4,c50d33d7-f7b2-4682-bdfd-a206421fcb23,->,313d1fcf-fdf6-4e4e-85aa-8fcea532cc34,javax/swing/GroupLayout$SequentialGroup.java,addContainerGap
313d1fcf-fdf6-4e4e-85aa-8fcea532cc34,8f61c94a-6d71-49eb-8274-45616238cfd4,c50d33d7-f7b2-4682-bdfd-a206421fcb23,->,313d1fcf-fdf6-4e4e-85aa-8fcea532cc34,javax/swing/GroupLayout$ParallelGroup.java,addGroup
313d1fcf-fdf6-4e4e-85aa-8fcea532cc34,8f61c94a-6d71-49eb-8274-45616238cfd4,c50d33d7-f7b2-4682-bdfd-a206421fcb23,->,313d1fcf-fdf6-4e4e-85aa-8fcea532cc34,javax/swing/GroupLayout.java,setHorizontalGroup
313d1fcf-fdf6-4e4e-85aa-8fcea532cc34,8f61c94a-6d71-49eb-8274-45616238cfd4,c50d33d7-f7b2-4682-bdfd-a206421fcb23,->,313d1fcf-fdf6-4e4e-85aa-8fcea532cc34,javax/swing/GroupLayout.java,createParallelGroup
313d1fcf-fdf6-4e4e-85aa-8fcea532cc34,8f61c94a-6d71-49eb-8274-45616238cfd4,c50d33d7-f7b2-4682-bdfd-a206421fcb23,->,313d1fcf-fdf6-4e4e-85aa-8fcea532cc34,javax/swing/GroupLayout.java,createSequentialGroup
313d1fcf-fdf6-4e4e-85aa-8fcea532cc34,8f61c94a-6d71-49eb-8274-45616238cfd4,c50d33d7-f7b2-4682-bdfd-a206421fcb23,->,313d1fcf-fdf6-4e4e-85aa-8fcea532cc34,javax/swing/GroupLayout$SequentialGroup.java,addContainerGap
313d1fcf-fdf6-4e4e-85aa-8fcea532cc34,8f61c94a-6d71-49eb-8274-45616238cfd4,c50d33d7-f7b2-4682-bdfd-a206421fcb23,->,313d1fcf-fdf6-4e4e-85aa-8fcea532cc34,javax/swing/GroupLayout$SequentialGroup.java,addComponent
313d1fcf-fdf6-4e4e-85aa-8fcea532cc34,8f61c94a-6d71-49eb-8274-45616238cfd4,c50d33d7-f7b2-4682-bdfd-a206421fcb23,->,313d1fcf-fdf6-4e4e-85aa-8fcea532cc34,javax/swing/GroupLayout$SequentialGroup.java,addPreferredGap
313d1fcf-fdf6-4e4e-85aa-8fcea532cc34,8f61c94a-6d71-49eb-8274-45616238cfd4,c50d33d7-f7b2-4682-bdfd-a206421fcb23,->,313d1fcf-fdf6-4e4e-85aa-8fcea532cc34,javax/swing/GroupLayout.java,createParallelGroup
313d1fcf-fdf6-4e4e-85aa-8fcea532cc34,8f61c94a-6d71-49eb-8274-45616238cfd4,c50d33d7-f7b2-4682-bdfd-a206421fcb23,->,313d1fcf-fdf6-4e4e-85aa-8fcea532cc34,javax/swing/GroupLayout$ParallelGroup.java,addComponent
313d1fcf-fdf6-4e4e-85aa-8fcea532cc34,8f61c94a-6d71-49eb-8274-45616238cfd4,c50d33d7-f7b2-4682-bdfd-a206421fcb23,->,313d1fcf-fdf6-4e4e-85aa-8fcea532cc34,javax/swing/GroupLayout.java,createSequentialGroup
313d1fcf-fdf6-4e4e-85aa-8fcea532cc34,8f61c94a-6d71-49eb-8274-45616238cfd4,c50d33d7-f7b2-4682-bdfd-a206421fcb23,->,313d1fcf-fdf6-4e4e-85aa-8fcea532cc34,javax/swing/GroupLayout$SequentialGroup.java,addGap
313d1fcf-fdf6-4e4e-85aa-8fcea532cc34,8f61c94a-6d71-49eb-8274-45616238cfd4,c50d33d7-f7b2-4682-bdfd-a206421fcb23,->,313d1fcf-fdf6-4e4e-85aa-8fcea532cc34,javax/swing/GroupLayout.java,createParallelGroup
313d1fcf-fdf6-4e4e-85aa-8fcea532cc34,8f61c94a-6d71-49eb-8274-45616238cfd4,c50d33d7-f7b2-4682-bdfd-a206421fcb23,->,313d1fcf-fdf6-4e4e-85aa-8fcea532cc34,javax/swing/GroupLayout$ParallelGroup.java,addComponent
313d1fcf-fdf6-4e4e-85aa-8fcea532cc34,8f61c94a-6d71-49eb-8274-45616238cfd4,c50d33d7-f7b2-4682-bdfd-a206421fcb23,->,313d1fcf-fdf6-4e4e-85aa-8fcea532cc34,javax/swing/GroupLayout.java,createSequentialGroup
313d1fcf-fdf6-4e4e-85aa-8fcea532cc34,8f61c94a-6d71-49eb-8274-45616238cfd4,c50d33d7-f7b2-4682-bdfd-a206421fcb23,->,313d1fcf-fdf6-4e4e-85aa-8fcea532cc34,javax/swing/GroupLayout$SequentialGroup.java,addComponent
313d1fcf-fdf6-4e4e-85aa-8fcea532cc34,8f61c94a-6d71-49eb-8274-45616238cfd4,c50d33d7-f7b2-4682-bdfd-a206421fcb23,->,313d1fcf-fdf6-4e4e-85aa-8fcea532cc34,javax/swing/GroupLayout$SequentialGroup.java,addGap
313d1fcf-fdf6-4e4e-85aa-8fcea532cc34,8f61c94a-6d71-49eb-8274-45616238cfd4,c50d33d7-f7b2-4682-bdfd-a206421fcb23,->,313d1fcf-fdf6-4e4e-85aa-8fcea532cc34,javax/swing/GroupLayout$SequentialGroup.java,addComponent
313d1fcf-fdf6-4e4e-85aa-8fcea532cc34,8f61c94a-6d71-49eb-8274-45616238cfd4,c50d33d7-f7b2-4682-bdfd-a206421fcb23,->,313d1fcf-fdf6-4e4e-85aa-8fcea532cc34,javax/swing/GroupLayout$ParallelGroup.java,addGroup
313d1fcf-fdf6-4e4e-85aa-8fcea532cc34,8f61c94a-6d71-49eb-8274-45616238cfd4,c50d33d7-f7b2-4682-bdfd-a206421fcb23,->,313d1fcf-fdf6-4e4e-85aa-8fcea532cc34,javax/swing/GroupLayout$SequentialGroup.java,addGroup
313d1fcf-fdf6-4e4e-85aa-8fcea532cc34,8f61c94a-6d71-49eb-8274-45616238cfd4,c50d33d7-f7b2-4682-bdfd-a206421fcb23,->,313d1fcf-fdf6-4e4e-85aa-8fcea532cc34,javax/swing/GroupLayout$ParallelGroup.java,addGroup
313d1fcf-fdf6-4e4e-85aa-8fcea532cc34,8f61c94a-6d71-49eb-8274-45616238cfd4,c50d33d7-f7b2-4682-bdfd-a206421fcb23,->,313d1fcf-fdf6-4e4e-85aa-8fcea532cc34,javax/swing/GroupLayout$SequentialGroup.java,addGroup
313d1fcf-fdf6-4e4e-85aa-8fcea532cc34,8f61c94a-6d71-49eb-8274-45616238cfd4,c50d33d7-f7b2-4682-bdfd-a206421fcb23,->,313d1fcf-fdf6-4e4e-85aa-8fcea532cc34,javax/swing/GroupLayout.java,createParallelGroup
313d1fcf-fdf6-4e4e-85aa-8fcea532cc34,8f61c94a-6d71-49eb-8274-45616238cfd4,c50d33d7-f7b2-4682-bdfd-a206421fcb23,->,313d1fcf-fdf6-4e4e-85aa-8fcea532cc34,javax/swing/GroupLayout.java,createSequentialGroup
313d1fcf-fdf6-4e4e-85aa-8fcea532cc34,8f61c94a-6d71-49eb-8274-45616238cfd4,c50d33d7-f7b2-4682-bdfd-a206421fcb23,->,313d1fcf-fdf6-4e4e-85aa-8fcea532cc34,javax/swing/GroupLayout$SequentialGroup.java,addGap
313d1fcf-fdf6-4e4e-85aa-8fcea532cc34,8f61c94a-6d71-49eb-8274-45616238cfd4,c50d33d7-f7b2-4682-bdfd-a206421fcb23,->,313d1fcf-fdf6-4e4e-85aa-8fcea532cc34,javax/swing/GroupLayout$SequentialGroup.java,addComponent
313d1fcf-fdf6-4e4e-85aa-8fcea532cc34,8f61c94a-6d71-49eb-8274-45616238cfd4,c50d33d7-f7b2-4682-bdfd-a206421fcb23,->,313d1fcf-fdf6-4e4e-85aa-8fcea532cc34,javax/swing/GroupLayout$ParallelGroup.java,addGroup
313d1fcf-fdf6-4e4e-85aa-8fcea532cc34,8f61c94a-6d71-49eb-8274-45616238cfd4,c50d33d7-f7b2-4682-bdfd-a206421fcb23,->,313d1fcf-fdf6-4e4e-85aa-8fcea532cc34,javax/swing/GroupLayout.java,createSequentialGroup
313d1fcf-fdf6-4e4e-85aa-8fcea532cc34,8f61c94a-6d71-49eb-8274-45616238cfd4,c50d33d7-f7b2-4682-bdfd-a206421fcb23,->,313d1fcf-fdf6-4e4e-85aa-8fcea532cc34,javax/swing/GroupLayout$SequentialGroup.java,addGap
313d1fcf-fdf6-4e4e-85aa-8fcea532cc34,8f61c94a-6d71-49eb-8274-45616238cfd4,c50d33d7-f7b2-4682-bdfd-a206421fcb23,->,313d1fcf-fdf6-4e4e-85aa-8fcea532cc34,javax/swing/GroupLayout$SequentialGroup.java,addComponent
313d1fcf-fdf6-4e4e-85aa-8fcea532cc34,8f61c94a-6d71-49eb-8274-45616238cfd4,c50d33d7-f7b2-4682-bdfd-a206421fcb23,->,313d1fcf-fdf6-4e4e-85aa-8fcea532cc34,javax/swing/GroupLayout$ParallelGroup.java,addGroup
313d1fcf-fdf6-4e4e-85aa-8fcea532cc34,8f61c94a-6d71-49eb-8274-45616238cfd4,c50d33d7-f7b2-4682-bdfd-a206421fcb23,->,313d1fcf-fdf6-4e4e-85aa-8fcea532cc34,javax/swing/GroupLayout.java,createSequentialGroup
313d1fcf-fdf6-4e4e-85aa-8fcea532cc34,8f61c94a-6d71-49eb-8274-45616238cfd4,c50d33d7-f7b2-4682-bdfd-a206421fcb23,->,313d1fcf-fdf6-4e4e-85aa-8fcea532cc34,javax/swing/GroupLayout$SequentialGroup.java,addGap
313d1fcf-fdf6-4e4e-85aa-8fcea532cc34,8f61c94a-6d71-49eb-8274-45616238cfd4,c50d33d7-f7b2-4682-bdfd-a206421fcb23,->,313d1fcf-fdf6-4e4e-85aa-8fcea532cc34,javax/swing/GroupLayout$SequentialGroup.java,addComponent
313d1fcf-fdf6-4e4e-85aa-8fcea532cc34,8f61c94a-6d71-49eb-8274-45616238cfd4,c50d33d7-f7b2-4682-bdfd-a206421fcb23,->,313d1fcf-fdf6-4e4e-85aa-8fcea532cc34,javax/swing/GroupLayout$ParallelGroup.java,addGroup
313d1fcf-fdf6-4e4e-85aa-8fcea532cc34,8f61c94a-6d71-49eb-8274-45616238cfd4,c50d33d7-f7b2-4682-bdfd-a206421fcb23,->,313d1fcf-fdf6-4e4e-85aa-8fcea532cc34,javax/swing/GroupLayout$SequentialGroup.java,addGroup
313d1fcf-fdf6-4e4e-85aa-8fcea532cc34,8f61c94a-6d71-49eb-8274-45616238cfd4,c50d33d7-f7b2-4682-bdfd-a206421fcb23,->,313d1fcf-fdf6-4e4e-85aa-8fcea532cc34,javax/swing/GroupLayout$SequentialGroup.java,addPreferredGap
313d1fcf-fdf6-4e4e-85aa-8fcea532cc34,8f61c94a-6d71-49eb-8274-45616238cfd4,c50d33d7-f7b2-4682-bdfd-a206421fcb23,->,313d1fcf-fdf6-4e4e-85aa-8fcea532cc34,javax/swing/GroupLayout.java,createParallelGroup
313d1fcf-fdf6-4e4e-85aa-8fcea532cc34,8f61c94a-6d71-49eb-8274-45616238cfd4,c50d33d7-f7b2-4682-bdfd-a206421fcb23,->,313d1fcf-fdf6-4e4e-85aa-8fcea532cc34,javax/swing/GroupLayout.java,createSequentialGroup
313d1fcf-fdf6-4e4e-85aa-8fcea532cc34,8f61c94a-6d71-49eb-8274-45616238cfd4,c50d33d7-f7b2-4682-bdfd-a206421fcb23,->,313d1fcf-fdf6-4e4e-85aa-8fcea532cc34,javax/swing/GroupLayout$SequentialGroup.java,addComponent
313d1fcf-fdf6-4e4e-85aa-8fcea532cc34,8f61c94a-6d71-49eb-8274-45616238cfd4,c50d33d7-f7b2-4682-bdfd-a206421fcb23,->,313d1fcf-fdf6-4e4e-85aa-8fcea532cc34,javax/swing/GroupLayout$SequentialGroup.java,addPreferredGap
313d1fcf-fdf6-4e4e-85aa-8fcea532cc34,8f61c94a-6d71-49eb-8274-45616238cfd4,c50d33d7-f7b2-4682-bdfd-a206421fcb23,->,313d1fcf-fdf6-4e4e-85aa-8fcea532cc34,javax/swing/GroupLayout.java,createParallelGroup
313d1fcf-fdf6-4e4e-85aa-8fcea532cc34,8f61c94a-6d71-49eb-8274-45616238cfd4,c50d33d7-f7b2-4682-bdfd-a206421fcb23,->,313d1fcf-fdf6-4e4e-85aa-8fcea532cc34,javax/swing/GroupLayout.java,createSequentialGroup
313d1fcf-fdf6-4e4e-85aa-8fcea532cc34,8f61c94a-6d71-49eb-8274-45616238cfd4,c50d33d7-f7b2-4682-bdfd-a206421fcb23,->,313d1fcf-fdf6-4e4e-85aa-8fcea532cc34,javax/swing/GroupLayout$SequentialGroup.java,addComponent
313d1fcf-fdf6-4e4e-85aa-8fcea532cc34,8f61c94a-6d71-49eb-8274-45616238cfd4,c50d33d7-f7b2-4682-bdfd-a206421fcb23,->,313d1fcf-fdf6-4e4e-85aa-8fcea532cc34,javax/swing/GroupLayout$SequentialGroup.java,addPreferredGap
313d1fcf-fdf6-4e4e-85aa-8fcea532cc34,8f61c94a-6d71-49eb-8274-45616238cfd4,c50d33d7-f7b2-4682-bdfd-a206421fcb23,->,313d1fcf-fdf6-4e4e-85aa-8fcea532cc34,javax/swing/GroupLayout$SequentialGroup.java,addComponent
313d1fcf-fdf6-4e4e-85aa-8fcea532cc34,8f61c94a-6d71-49eb-8274-45616238cfd4,c50d33d7-f7b2-4682-bdfd-a206421fcb23,->,313d1fcf-fdf6-4e4e-85aa-8fcea532cc34,javax/swing/GroupLayout$ParallelGroup.java,addGroup
313d1fcf-fdf6-4e4e-85aa-8fcea532cc34,8f61c94a-6d71-49eb-8274-45616238cfd4,c50d33d7-f7b2-4682-bdfd-a206421fcb23,->,313d1fcf-fdf6-4e4e-85aa-8fcea532cc34,javax/swing/GroupLayout$ParallelGroup.java,addComponent
313d1fcf-fdf6-4e4e-85aa-8fcea532cc34,8f61c94a-6d71-49eb-8274-45616238cfd4,c50d33d7-f7b2-4682-bdfd-a206421fcb23,->,313d1fcf-fdf6-4e4e-85aa-8fcea532cc34,javax/swing/GroupLayout$SequentialGroup.java,addGroup
313d1fcf-fdf6-4e4e-85aa-8fcea532cc34,8f61c94a-6d71-49eb-8274-45616238cfd4,c50d33d7-f7b2-4682-bdfd-a206421fcb23,->,313d1fcf-fdf6-4e4e-85aa-8fcea532cc34,javax/swing/GroupLayout$SequentialGroup.java,addGap
313d1fcf-fdf6-4e4e-85aa-8fcea532cc34,8f61c94a-6d71-49eb-8274-45616238cfd4,c50d33d7-f7b2-4682-bdfd-a206421fcb23,->,313d1fcf-fdf6-4e4e-85aa-8fcea532cc34,javax/swing/GroupLayout$SequentialGroup.java,addComponent
313d1fcf-fdf6-4e4e-85aa-8fcea532cc34,8f61c94a-6d71-49eb-8274-45616238cfd4,c50d33d7-f7b2-4682-bdfd-a206421fcb23,->,313d1fcf-fdf6-4e4e-85aa-8fcea532cc34,javax/swing/GroupLayout$ParallelGroup.java,addGroup
313d1fcf-fdf6-4e4e-85aa-8fcea532cc34,8f61c94a-6d71-49eb-8274-45616238cfd4,c50d33d7-f7b2-4682-bdfd-a206421fcb23,->,313d1fcf-fdf6-4e4e-85aa-8fcea532cc34,javax/swing/GroupLayout$ParallelGroup.java,addComponent
313d1fcf-fdf6-4e4e-85aa-8fcea532cc34,8f61c94a-6d71-49eb-8274-45616238cfd4,c50d33d7-f7b2-4682-bdfd-a206421fcb23,->,313d1fcf-fdf6-4e4e-85aa-8fcea532cc34,javax/swing/GroupLayout$SequentialGroup.java,addGroup
313d1fcf-fdf6-4e4e-85aa-8fcea532cc34,8f61c94a-6d71-49eb-8274-45616238cfd4,c50d33d7-f7b2-4682-bdfd-a206421fcb23,->,313d1fcf-fdf6-4e4e-85aa-8fcea532cc34,javax/swing/GroupLayout$SequentialGroup.java,addGap
313d1fcf-fdf6-4e4e-85aa-8fcea532cc34,8f61c94a-6d71-49eb-8274-45616238cfd4,c50d33d7-f7b2-4682-bdfd-a206421fcb23,->,313d1fcf-fdf6-4e4e-85aa-8fcea532cc34,javax/swing/GroupLayout.java,createParallelGroup
313d1fcf-fdf6-4e4e-85aa-8fcea532cc34,8f61c94a-6d71-49eb-8274-45616238cfd4,c50d33d7-f7b2-4682-bdfd-a206421fcb23,->,313d1fcf-fdf6-4e4e-85aa-8fcea532cc34,javax/swing/GroupLayout$ParallelGroup.java,addComponent
313d1fcf-fdf6-4e4e-85aa-8fcea532cc34,8f61c94a-6d71-49eb-8274-45616238cfd4,c50d33d7-f7b2-4682-bdfd-a206421fcb23,->,313d1fcf-fdf6-4e4e-85aa-8fcea532cc34,javax/swing/GroupLayout$ParallelGroup.java,addComponent
313d1fcf-fdf6-4e4e-85aa-8fcea532cc34,8f61c94a-6d71-49eb-8274-45616238cfd4,c50d33d7-f7b2-4682-bdfd-a206421fcb23,->,313d1fcf-fdf6-4e4e-85aa-8fcea532cc34,javax/swing/GroupLayout$ParallelGroup.java,addComponent
313d1fcf-fdf6-4e4e-85aa-8fcea532cc34,8f61c94a-6d71-49eb-8274-45616238cfd4,c50d33d7-f7b2-4682-bdfd-a206421fcb23,->,313d1fcf-fdf6-4e4e-85aa-8fcea532cc34,javax/swing/GroupLayout$SequentialGroup.java,addGroup
313d1fcf-fdf6-4e4e-85aa-8fcea532cc34,8f61c94a-6d71-49eb-8274-45616238cfd4,c50d33d7-f7b2-4682-bdfd-a206421fcb23,->,313d1fcf-fdf6-4e4e-85aa-8fcea532cc34,javax/swing/GroupLayout.java,createParallelGroup
313d1fcf-fdf6-4e4e-85aa-8fcea532cc34,8f61c94a-6d71-49eb-8274-45616238cfd4,c50d33d7-f7b2-4682-bdfd-a206421fcb23,->,313d1fcf-fdf6-4e4e-85aa-8fcea532cc34,javax/swing/GroupLayout.java,createSequentialGroup
313d1fcf-fdf6-4e4e-85aa-8fcea532cc34,8f61c94a-6d71-49eb-8274-45616238cfd4,c50d33d7-f7b2-4682-bdfd-a206421fcb23,->,313d1fcf-fdf6-4e4e-85aa-8fcea532cc34,javax/swing/GroupLayout$SequentialGroup.java,addGap
313d1fcf-fdf6-4e4e-85aa-8fcea532cc34,8f61c94a-6d71-49eb-8274-45616238cfd4,c50d33d7-f7b2-4682-bdfd-a206421fcb23,->,313d1fcf-fdf6-4e4e-85aa-8fcea532cc34,javax/swing/GroupLayout$SequentialGroup.java,addComponent
313d1fcf-fdf6-4e4e-85aa-8fcea532cc34,8f61c94a-6d71-49eb-8274-45616238cfd4,c50d33d7-f7b2-4682-bdfd-a206421fcb23,->,313d1fcf-fdf6-4e4e-85aa-8fcea532cc34,javax/swing/GroupLayout$ParallelGroup.java,addGroup
313d1fcf-fdf6-4e4e-85aa-8fcea532cc34,8f61c94a-6d71-49eb-8274-45616238cfd4,c50d33d7-f7b2-4682-bdfd-a206421fcb23,->,313d1fcf-fdf6-4e4e-85aa-8fcea532cc34,javax/swing/GroupLayout.java,createSequentialGroup
313d1fcf-fdf6-4e4e-85aa-8fcea532cc34,8f61c94a-6d71-49eb-8274-45616238cfd4,c50d33d7-f7b2-4682-bdfd-a206421fcb23,->,313d1fcf-fdf6-4e4e-85aa-8fcea532cc34,javax/swing/GroupLayout$SequentialGroup.java,addGap
313d1fcf-fdf6-4e4e-85aa-8fcea532cc34,8f61c94a-6d71-49eb-8274-45616238cfd4,c50d33d7-f7b2-4682-bdfd-a206421fcb23,->,313d1fcf-fdf6-4e4e-85aa-8fcea532cc34,javax/swing/GroupLayout.java,createParallelGroup
313d1fcf-fdf6-4e4e-85aa-8fcea532cc34,8f61c94a-6d71-49eb-8274-45616238cfd4,c50d33d7-f7b2-4682-bdfd-a206421fcb23,->,313d1fcf-fdf6-4e4e-85aa-8fcea532cc34,javax/swing/GroupLayout$ParallelGroup.java,addComponent
313d1fcf-fdf6-4e4e-85aa-8fcea532cc34,8f61c94a-6d71-49eb-8274-45616238cfd4,c50d33d7-f7b2-4682-bdfd-a206421fcb23,->,313d1fcf-fdf6-4e4e-85aa-8fcea532cc34,javax/swing/GroupLayout.java,createSequentialGroup
313d1fcf-fdf6-4e4e-85aa-8fcea532cc34,8f61c94a-6d71-49eb-8274-45616238cfd4,c50d33d7-f7b2-4682-bdfd-a206421fcb23,->,313d1fcf-fdf6-4e4e-85aa-8fcea532cc34,javax/swing/GroupLayout$SequentialGroup.java,addGap
313d1fcf-fdf6-4e4e-85aa-8fcea532cc34,8f61c94a-6d71-49eb-8274-45616238cfd4,c50d33d7-f7b2-4682-bdfd-a206421fcb23,->,313d1fcf-fdf6-4e4e-85aa-8fcea532cc34,javax/swing/GroupLayout$SequentialGroup.java,addComponent
313d1fcf-fdf6-4e4e-85aa-8fcea532cc34,8f61c94a-6d71-49eb-8274-45616238cfd4,c50d33d7-f7b2-4682-bdfd-a206421fcb23,->,313d1fcf-fdf6-4e4e-85aa-8fcea532cc34,javax/swing/GroupLayout$ParallelGroup.java,addGroup
313d1fcf-fdf6-4e4e-85aa-8fcea532cc34,8f61c94a-6d71-49eb-8274-45616238cfd4,c50d33d7-f7b2-4682-bdfd-a206421fcb23,->,313d1fcf-fdf6-4e4e-85aa-8fcea532cc34,javax/swing/GroupLayout$SequentialGroup.java,addGroup
313d1fcf-fdf6-4e4e-85aa-8fcea532cc34,8f61c94a-6d71-49eb-8274-45616238cfd4,c50d33d7-f7b2-4682-bdfd-a206421fcb23,->,313d1fcf-fdf6-4e4e-85aa-8fcea532cc34,javax/swing/GroupLayout$SequentialGroup.java,addPreferredGap
313d1fcf-fdf6-4e4e-85aa-8fcea532cc34,8f61c94a-6d71-49eb-8274-45616238cfd4,c50d33d7-f7b2-4682-bdfd-a206421fcb23,->,313d1fcf-fdf6-4e4e-85aa-8fcea532cc34,javax/swing/GroupLayout.java,createParallelGroup
313d1fcf-fdf6-4e4e-85aa-8fcea532cc34,8f61c94a-6d71-49eb-8274-45616238cfd4,c50d33d7-f7b2-4682-bdfd-a206421fcb23,->,313d1fcf-fdf6-4e4e-85aa-8fcea532cc34,javax/swing/GroupLayout.java,createSequentialGroup
313d1fcf-fdf6-4e4e-85aa-8fcea532cc34,8f61c94a-6d71-49eb-8274-45616238cfd4,c50d33d7-f7b2-4682-bdfd-a206421fcb23,->,313d1fcf-fdf6-4e4e-85aa-8fcea532cc34,javax/swing/GroupLayout$SequentialGroup.java,addComponent
313d1fcf-fdf6-4e4e-85aa-8fcea532cc34,8f61c94a-6d71-49eb-8274-45616238cfd4,c50d33d7-f7b2-4682-bdfd-a206421fcb23,->,313d1fcf-fdf6-4e4e-85aa-8fcea532cc34,javax/swing/GroupLayout$SequentialGroup.java,addPreferredGap
313d1fcf-fdf6-4e4e-85aa-8fcea532cc34,8f61c94a-6d71-49eb-8274-45616238cfd4,c50d33d7-f7b2-4682-bdfd-a206421fcb23,->,313d1fcf-fdf6-4e4e-85aa-8fcea532cc34,javax/swing/GroupLayout$SequentialGroup.java,addComponent
313d1fcf-fdf6-4e4e-85aa-8fcea532cc34,8f61c94a-6d71-49eb-8274-45616238cfd4,c50d33d7-f7b2-4682-bdfd-a206421fcb23,->,313d1fcf-fdf6-4e4e-85aa-8fcea532cc34,javax/swing/GroupLayout$ParallelGroup.java,addGroup
313d1fcf-fdf6-4e4e-85aa-8fcea532cc34,8f61c94a-6d71-49eb-8274-45616238cfd4,c50d33d7-f7b2-4682-bdfd-a206421fcb23,->,313d1fcf-fdf6-4e4e-85aa-8fcea532cc34,javax/swing/GroupLayout$ParallelGroup.java,addComponent
313d1fcf-fdf6-4e4e-85aa-8fcea532cc34,8f61c94a-6d71-49eb-8274-45616238cfd4,c50d33d7-f7b2-4682-bdfd-a206421fcb23,->,313d1fcf-fdf6-4e4e-85aa-8fcea532cc34,javax/swing/GroupLayout$SequentialGroup.java,addGroup
313d1fcf-fdf6-4e4e-85aa-8fcea532cc34,8f61c94a-6d71-49eb-8274-45616238cfd4,c50d33d7-f7b2-4682-bdfd-a206421fcb23,->,313d1fcf-fdf6-4e4e-85aa-8fcea532cc34,javax/swing/GroupLayout$SequentialGroup.java,addPreferredGap
313d1fcf-fdf6-4e4e-85aa-8fcea532cc34,8f61c94a-6d71-49eb-8274-45616238cfd4,c50d33d7-f7b2-4682-bdfd-a206421fcb23,->,313d1fcf-fdf6-4e4e-85aa-8fcea532cc34,javax/swing/GroupLayout$SequentialGroup.java,addComponent
313d1fcf-fdf6-4e4e-85aa-8fcea532cc34,8f61c94a-6d71-49eb-8274-45616238cfd4,c50d33d7-f7b2-4682-bdfd-a206421fcb23,->,313d1fcf-fdf6-4e4e-85aa-8fcea532cc34,javax/swing/GroupLayout$SequentialGroup.java,addPreferredGap
313d1fcf-fdf6-4e4e-85aa-8fcea532cc34,8f61c94a-6d71-49eb-8274-45616238cfd4,c50d33d7-f7b2-4682-bdfd-a206421fcb23,->,313d1fcf-fdf6-4e4e-85aa-8fcea532cc34,javax/swing/GroupLayout$SequentialGroup.java,addComponent
313d1fcf-fdf6-4e4e-85aa-8fcea532cc34,8f61c94a-6d71-49eb-8274-45616238cfd4,c50d33d7-f7b2-4682-bdfd-a206421fcb23,->,313d1fcf-fdf6-4e4e-85aa-8fcea532cc34,javax/swing/GroupLayout$ParallelGroup.java,addGroup
313d1fcf-fdf6-4e4e-85aa-8fcea532cc34,8f61c94a-6d71-49eb-8274-45616238cfd4,c50d33d7-f7b2-4682-bdfd-a206421fcb23,->,313d1fcf-fdf6-4e4e-85aa-8fcea532cc34,javax/swing/GroupLayout$SequentialGroup.java,addGroup
313d1fcf-fdf6-4e4e-85aa-8fcea532cc34,8f61c94a-6d71-49eb-8274-45616238cfd4,c50d33d7-f7b2-4682-bdfd-a206421fcb23,->,313d1fcf-fdf6-4e4e-85aa-8fcea532cc34,javax/swing/GroupLayout$SequentialGroup.java,addPreferredGap
313d1fcf-fdf6-4e4e-85aa-8fcea532cc34,8f61c94a-6d71-49eb-8274-45616238cfd4,c50d33d7-f7b2-4682-bdfd-a206421fcb23,->,313d1fcf-fdf6-4e4e-85aa-8fcea532cc34,javax/swing/GroupLayout.java,createParallelGroup
313d1fcf-fdf6-4e4e-85aa-8fcea532cc34,8f61c94a-6d71-49eb-8274-45616238cfd4,c50d33d7-f7b2-4682-bdfd-a206421fcb23,->,313d1fcf-fdf6-4e4e-85aa-8fcea532cc34,javax/swing/GroupLayout$ParallelGroup.java,addComponent
313d1fcf-fdf6-4e4e-85aa-8fcea532cc34,8f61c94a-6d71-49eb-8274-45616238cfd4,c50d33d7-f7b2-4682-bdfd-a206421fcb23,->,313d1fcf-fdf6-4e4e-85aa-8fcea532cc34,javax/swing/GroupLayout$ParallelGroup.java,addComponent
313d1fcf-fdf6-4e4e-85aa-8fcea532cc34,8f61c94a-6d71-49eb-8274-45616238cfd4,c50d33d7-f7b2-4682-bdfd-a206421fcb23,->,313d1fcf-fdf6-4e4e-85aa-8fcea532cc34,javax/swing/GroupLayout$ParallelGroup.java,addComponent
313d1fcf-fdf6-4e4e-85aa-8fcea532cc34,8f61c94a-6d71-49eb-8274-45616238cfd4,c50d33d7-f7b2-4682-bdfd-a206421fcb23,->,313d1fcf-fdf6-4e4e-85aa-8fcea532cc34,javax/swing/GroupLayout$SequentialGroup.java,addGroup
313d1fcf-fdf6-4e4e-85aa-8fcea532cc34,8f61c94a-6d71-49eb-8274-45616238cfd4,c50d33d7-f7b2-4682-bdfd-a206421fcb23,->,313d1fcf-fdf6-4e4e-85aa-8fcea532cc34,javax/swing/GroupLayout$SequentialGroup.java,addGap
313d1fcf-fdf6-4e4e-85aa-8fcea532cc34,8f61c94a-6d71-49eb-8274-45616238cfd4,c50d33d7-f7b2-4682-bdfd-a206421fcb23,->,313d1fcf-fdf6-4e4e-85aa-8fcea532cc34,javax/swing/GroupLayout.java,createParallelGroup
313d1fcf-fdf6-4e4e-85aa-8fcea532cc34,8f61c94a-6d71-49eb-8274-45616238cfd4,c50d33d7-f7b2-4682-bdfd-a206421fcb23,->,313d1fcf-fdf6-4e4e-85aa-8fcea532cc34,javax/swing/GroupLayout$ParallelGroup.java,addComponent
313d1fcf-fdf6-4e4e-85aa-8fcea532cc34,8f61c94a-6d71-49eb-8274-45616238cfd4,c50d33d7-f7b2-4682-bdfd-a206421fcb23,->,313d1fcf-fdf6-4e4e-85aa-8fcea532cc34,javax/swing/GroupLayout$ParallelGroup.java,addComponent
313d1fcf-fdf6-4e4e-85aa-8fcea532cc34,8f61c94a-6d71-49eb-8274-45616238cfd4,c50d33d7-f7b2-4682-bdfd-a206421fcb23,->,313d1fcf-fdf6-4e4e-85aa-8fcea532cc34,javax/swing/GroupLayout.java,createSequentialGroup
313d1fcf-fdf6-4e4e-85aa-8fcea532cc34,8f61c94a-6d71-49eb-8274-45616238cfd4,c50d33d7-f7b2-4682-bdfd-a206421fcb23,->,313d1fcf-fdf6-4e4e-85aa-8fcea532cc34,javax/swing/GroupLayout$SequentialGroup.java,addComponent
313d1fcf-fdf6-4e4e-85aa-8fcea532cc34,8f61c94a-6d71-49eb-8274-45616238cfd4,c50d33d7-f7b2-4682-bdfd-a206421fcb23,->,313d1fcf-fdf6-4e4e-85aa-8fcea532cc34,javax/swing/GroupLayout$SequentialGroup.java,addPreferredGap
313d1fcf-fdf6-4e4e-85aa-8fcea532cc34,8f61c94a-6d71-49eb-8274-45616238cfd4,c50d33d7-f7b2-4682-bdfd-a206421fcb23,->,313d1fcf-fdf6-4e4e-85aa-8fcea532cc34,javax/swing/GroupLayout$SequentialGroup.java,addComponent
313d1fcf-fdf6-4e4e-85aa-8fcea532cc34,8f61c94a-6d71-49eb-8274-45616238cfd4,c50d33d7-f7b2-4682-bdfd-a206421fcb23,->,313d1fcf-fdf6-4e4e-85aa-8fcea532cc34,javax/swing/GroupLayout$ParallelGroup.java,addGroup
313d1fcf-fdf6-4e4e-85aa-8fcea532cc34,8f61c94a-6d71-49eb-8274-45616238cfd4,c50d33d7-f7b2-4682-bdfd-a206421fcb23,->,313d1fcf-fdf6-4e4e-85aa-8fcea532cc34,javax/swing/GroupLayout$SequentialGroup.java,addGroup
313d1fcf-fdf6-4e4e-85aa-8fcea532cc34,8f61c94a-6d71-49eb-8274-45616238cfd4,c50d33d7-f7b2-4682-bdfd-a206421fcb23,->,313d1fcf-fdf6-4e4e-85aa-8fcea532cc34,javax/swing/GroupLayout$SequentialGroup.java,addPreferredGap
313d1fcf-fdf6-4e4e-85aa-8fcea532cc34,8f61c94a-6d71-49eb-8274-45616238cfd4,c50d33d7-f7b2-4682-bdfd-a206421fcb23,->,313d1fcf-fdf6-4e4e-85aa-8fcea532cc34,javax/swing/GroupLayout.java,createParallelGroup
313d1fcf-fdf6-4e4e-85aa-8fcea532cc34,8f61c94a-6d71-49eb-8274-45616238cfd4,c50d33d7-f7b2-4682-bdfd-a206421fcb23,->,313d1fcf-fdf6-4e4e-85aa-8fcea532cc34,javax/swing/GroupLayout$ParallelGroup.java,addComponent
313d1fcf-fdf6-4e4e-85aa-8fcea532cc34,8f61c94a-6d71-49eb-8274-45616238cfd4,c50d33d7-f7b2-4682-bdfd-a206421fcb23,->,313d1fcf-fdf6-4e4e-85aa-8fcea532cc34,javax/swing/GroupLayout$ParallelGroup.java,addComponent
313d1fcf-fdf6-4e4e-85aa-8fcea532cc34,8f61c94a-6d71-49eb-8274-45616238cfd4,c50d33d7-f7b2-4682-bdfd-a206421fcb23,->,313d1fcf-fdf6-4e4e-85aa-8fcea532cc34,javax/swing/GroupLayout$ParallelGroup.java,addComponent
313d1fcf-fdf6-4e4e-85aa-8fcea532cc34,8f61c94a-6d71-49eb-8274-45616238cfd4,c50d33d7-f7b2-4682-bdfd-a206421fcb23,->,313d1fcf-fdf6-4e4e-85aa-8fcea532cc34,javax/swing/GroupLayout$SequentialGroup.java,addGroup
313d1fcf-fdf6-4e4e-85aa-8fcea532cc34,8f61c94a-6d71-49eb-8274-45616238cfd4,c50d33d7-f7b2-4682-bdfd-a206421fcb23,->,313d1fcf-fdf6-4e4e-85aa-8fcea532cc34,javax/swing/GroupLayout$SequentialGroup.java,addGap
313d1fcf-fdf6-4e4e-85aa-8fcea532cc34,8f61c94a-6d71-49eb-8274-45616238cfd4,c50d33d7-f7b2-4682-bdfd-a206421fcb23,->,313d1fcf-fdf6-4e4e-85aa-8fcea532cc34,javax/swing/GroupLayout$SequentialGroup.java,addComponent
313d1fcf-fdf6-4e4e-85aa-8fcea532cc34,8f61c94a-6d71-49eb-8274-45616238cfd4,c50d33d7-f7b2-4682-bdfd-a206421fcb23,->,313d1fcf-fdf6-4e4e-85aa-8fcea532cc34,javax/swing/GroupLayout$SequentialGroup.java,addGap
313d1fcf-fdf6-4e4e-85aa-8fcea532cc34,8f61c94a-6d71-49eb-8274-45616238cfd4,c50d33d7-f7b2-4682-bdfd-a206421fcb23,->,313d1fcf-fdf6-4e4e-85aa-8fcea532cc34,javax/swing/GroupLayout$SequentialGroup.java,addComponent
313d1fcf-fdf6-4e4e-85aa-8fcea532cc34,8f61c94a-6d71-49eb-8274-45616238cfd4,c50d33d7-f7b2-4682-bdfd-a206421fcb23,->,313d1fcf-fdf6-4e4e-85aa-8fcea532cc34,javax/swing/GroupLayout$SequentialGroup.java,addPreferredGap
313d1fcf-fdf6-4e4e-85aa-8fcea532cc34,8f61c94a-6d71-49eb-8274-45616238cfd4,c50d33d7-f7b2-4682-bdfd-a206421fcb23,->,313d1fcf-fdf6-4e4e-85aa-8fcea532cc34,javax/swing/GroupLayout$SequentialGroup.java,addComponent
313d1fcf-fdf6-4e4e-85aa-8fcea532cc34,8f61c94a-6d71-49eb-8274-45616238cfd4,c50d33d7-f7b2-4682-bdfd-a206421fcb23,->,313d1fcf-fdf6-4e4e-85aa-8fcea532cc34,javax/swing/GroupLayout$SequentialGroup.java,addPreferredGap
313d1fcf-fdf6-4e4e-85aa-8fcea532cc34,8f61c94a-6d71-49eb-8274-45616238cfd4,c50d33d7-f7b2-4682-bdfd-a206421fcb23,->,313d1fcf-fdf6-4e4e-85aa-8fcea532cc34,javax/swing/GroupLayout$SequentialGroup.java,addComponent
313d1fcf-fdf6-4e4e-85aa-8fcea532cc34,8f61c94a-6d71-49eb-8274-45616238cfd4,c50d33d7-f7b2-4682-bdfd-a206421fcb23,->,313d1fcf-fdf6-4e4e-85aa-8fcea532cc34,javax/swing/GroupLayout$SequentialGroup.java,addGap
313d1fcf-fdf6-4e4e-85aa-8fcea532cc34,8f61c94a-6d71-49eb-8274-45616238cfd4,c50d33d7-f7b2-4682-bdfd-a206421fcb23,->,313d1fcf-fdf6-4e4e-85aa-8fcea532cc34,javax/swing/GroupLayout$SequentialGroup.java,addComponent
313d1fcf-fdf6-4e4e-85aa-8fcea532cc34,8f61c94a-6d71-49eb-8274-45616238cfd4,c50d33d7-f7b2-4682-bdfd-a206421fcb23,->,313d1fcf-fdf6-4e4e-85aa-8fcea532cc34,javax/swing/GroupLayout$SequentialGroup.java,addContainerGap
313d1fcf-fdf6-4e4e-85aa-8fcea532cc34,8f61c94a-6d71-49eb-8274-45616238cfd4,c50d33d7-f7b2-4682-bdfd-a206421fcb23,->,313d1fcf-fdf6-4e4e-85aa-8fcea532cc34,javax/swing/GroupLayout$ParallelGroup.java,addGroup
313d1fcf-fdf6-4e4e-85aa-8fcea532cc34,8f61c94a-6d71-49eb-8274-45616238cfd4,c50d33d7-f7b2-4682-bdfd-a206421fcb23,->,313d1fcf-fdf6-4e4e-85aa-8fcea532cc34,javax/swing/GroupLayout.java,setVerticalGroup
313d1fcf-fdf6-4e4e-85aa-8fcea532cc34,8f61c94a-6d71-49eb-8274-45616238cfd4,c50d33d7-f7b2-4682-bdfd-a206421fcb23,->,313d1fcf-fdf6-4e4e-85aa-8fcea532cc34,javax/swing/JScrollPane.java,setViewportView
313d1fcf-fdf6-4e4e-85aa-8fcea532cc34,8f61c94a-6d71-49eb-8274-45616238cfd4,c50d33d7-f7b2-4682-bdfd-a206421fcb23,->,313d1fcf-fdf6-4e4e-85aa-8fcea532cc34,artMenu/ComoJugar.java,getContentPane
313d1fcf-fdf6-4e4e-85aa-8fcea532cc34,8f61c94a-6d71-49eb-8274-45616238cfd4,c50d33d7-f7b2-4682-bdfd-a206421fcb23,->,313d1fcf-fdf6-4e4e-85aa-8fcea532cc34,artMenu/ComoJugar.java,getContentPane
313d1fcf-fdf6-4e4e-85aa-8fcea532cc34,8f61c94a-6d71-49eb-8274-45616238cfd4,c50d33d7-f7b2-4682-bdfd-a206421fcb23,->,313d1fcf-fdf6-4e4e-85aa-8fcea532cc34,java/awt/Container.java,setLayout
313d1fcf-fdf6-4e4e-85aa-8fcea532cc34,8f61c94a-6d71-49eb-8274-45616238cfd4,c50d33d7-f7b2-4682-bdfd-a206421fcb23,->,313d1fcf-fdf6-4e4e-85aa-8fcea532cc34,javax/swing/GroupLayout.java,createParallelGroup
313d1fcf-fdf6-4e4e-85aa-8fcea532cc34,8f61c94a-6d71-49eb-8274-45616238cfd4,c50d33d7-f7b2-4682-bdfd-a206421fcb23,->,313d1fcf-fdf6-4e4e-85aa-8fcea532cc34,javax/swing/GroupLayout.java,createSequentialGroup
313d1fcf-fdf6-4e4e-85aa-8fcea532cc34,8f61c94a-6d71-49eb-8274-45616238cfd4,c50d33d7-f7b2-4682-bdfd-a206421fcb23,->,313d1fcf-fdf6-4e4e-85aa-8fcea532cc34,javax/swing/GroupLayout$SequentialGroup.java,addContainerGap
313d1fcf-fdf6-4e4e-85aa-8fcea532cc34,8f61c94a-6d71-49eb-8274-45616238cfd4,c50d33d7-f7b2-4682-bdfd-a206421fcb23,->,313d1fcf-fdf6-4e4e-85aa-8fcea532cc34,javax/swing/GroupLayout.java,createParallelGroup
313d1fcf-fdf6-4e4e-85aa-8fcea532cc34,8f61c94a-6d71-49eb-8274-45616238cfd4,c50d33d7-f7b2-4682-bdfd-a206421fcb23,->,313d1fcf-fdf6-4e4e-85aa-8fcea532cc34,javax/swing/GroupLayout$ParallelGroup.java,addComponent
313d1fcf-fdf6-4e4e-85aa-8fcea532cc34,8f61c94a-6d71-49eb-8274-45616238cfd4,c50d33d7-f7b2-4682-bdfd-a206421fcb23,->,313d1fcf-fdf6-4e4e-85aa-8fcea532cc34,javax/swing/GroupLayout.java,createSequentialGroup
313d1fcf-fdf6-4e4e-85aa-8fcea532cc34,8f61c94a-6d71-49eb-8274-45616238cfd4,c50d33d7-f7b2-4682-bdfd-a206421fcb23,->,313d1fcf-fdf6-4e4e-85aa-8fcea532cc34,javax/swing/GroupLayout$SequentialGroup.java,addComponent
313d1fcf-fdf6-4e4e-85aa-8fcea532cc34,8f61c94a-6d71-49eb-8274-45616238cfd4,c50d33d7-f7b2-4682-bdfd-a206421fcb23,->,313d1fcf-fdf6-4e4e-85aa-8fcea532cc34,javax/swing/GroupLayout$SequentialGroup.java,addGap
313d1fcf-fdf6-4e4e-85aa-8fcea532cc34,8f61c94a-6d71-49eb-8274-45616238cfd4,c50d33d7-f7b2-4682-bdfd-a206421fcb23,->,313d1fcf-fdf6-4e4e-85aa-8fcea532cc34,javax/swing/GroupLayout$ParallelGroup.java,addGroup
313d1fcf-fdf6-4e4e-85aa-8fcea532cc34,8f61c94a-6d71-49eb-8274-45616238cfd4,c50d33d7-f7b2-4682-bdfd-a206421fcb23,->,313d1fcf-fdf6-4e4e-85aa-8fcea532cc34,javax/swing/GroupLayout$ParallelGroup.java,addComponent
313d1fcf-fdf6-4e4e-85aa-8fcea532cc34,8f61c94a-6d71-49eb-8274-45616238cfd4,c50d33d7-f7b2-4682-bdfd-a206421fcb23,->,313d1fcf-fdf6-4e4e-85aa-8fcea532cc34,javax/swing/GroupLayout$SequentialGroup.java,addGroup
313d1fcf-fdf6-4e4e-85aa-8fcea532cc34,8f61c94a-6d71-49eb-8274-45616238cfd4,c50d33d7-f7b2-4682-bdfd-a206421fcb23,->,313d1fcf-fdf6-4e4e-85aa-8fcea532cc34,javax/swing/GroupLayout$SequentialGroup.java,addContainerGap
313d1fcf-fdf6-4e4e-85aa-8fcea532cc34,8f61c94a-6d71-49eb-8274-45616238cfd4,c50d33d7-f7b2-4682-bdfd-a206421fcb23,->,313d1fcf-fdf6-4e4e-85aa-8fcea532cc34,javax/swing/GroupLayout$ParallelGroup.java,addGroup
313d1fcf-fdf6-4e4e-85aa-8fcea532cc34,8f61c94a-6d71-49eb-8274-45616238cfd4,c50d33d7-f7b2-4682-bdfd-a206421fcb23,->,313d1fcf-fdf6-4e4e-85aa-8fcea532cc34,javax/swing/GroupLayout.java,setHorizontalGroup
313d1fcf-fdf6-4e4e-85aa-8fcea532cc34,8f61c94a-6d71-49eb-8274-45616238cfd4,c50d33d7-f7b2-4682-bdfd-a206421fcb23,->,313d1fcf-fdf6-4e4e-85aa-8fcea532cc34,javax/swing/GroupLayout.java,createParallelGroup
313d1fcf-fdf6-4e4e-85aa-8fcea532cc34,8f61c94a-6d71-49eb-8274-45616238cfd4,c50d33d7-f7b2-4682-bdfd-a206421fcb23,->,313d1fcf-fdf6-4e4e-85aa-8fcea532cc34,javax/swing/GroupLayout.java,createSequentialGroup
313d1fcf-fdf6-4e4e-85aa-8fcea532cc34,8f61c94a-6d71-49eb-8274-45616238cfd4,c50d33d7-f7b2-4682-bdfd-a206421fcb23,->,313d1fcf-fdf6-4e4e-85aa-8fcea532cc34,javax/swing/GroupLayout$SequentialGroup.java,addContainerGap
313d1fcf-fdf6-4e4e-85aa-8fcea532cc34,8f61c94a-6d71-49eb-8274-45616238cfd4,c50d33d7-f7b2-4682-bdfd-a206421fcb23,->,313d1fcf-fdf6-4e4e-85aa-8fcea532cc34,javax/swing/GroupLayout$SequentialGroup.java,addComponent
313d1fcf-fdf6-4e4e-85aa-8fcea532cc34,8f61c94a-6d71-49eb-8274-45616238cfd4,c50d33d7-f7b2-4682-bdfd-a206421fcb23,->,313d1fcf-fdf6-4e4e-85aa-8fcea532cc34,javax/swing/GroupLayout$SequentialGroup.java,addPreferredGap
313d1fcf-fdf6-4e4e-85aa-8fcea532cc34,8f61c94a-6d71-49eb-8274-45616238cfd4,c50d33d7-f7b2-4682-bdfd-a206421fcb23,->,313d1fcf-fdf6-4e4e-85aa-8fcea532cc34,javax/swing/GroupLayout$SequentialGroup.java,addComponent
313d1fcf-fdf6-4e4e-85aa-8fcea532cc34,8f61c94a-6d71-49eb-8274-45616238cfd4,c50d33d7-f7b2-4682-bdfd-a206421fcb23,->,313d1fcf-fdf6-4e4e-85aa-8fcea532cc34,javax/swing/GroupLayout$SequentialGroup.java,addPreferredGap
313d1fcf-fdf6-4e4e-85aa-8fcea532cc34,8f61c94a-6d71-49eb-8274-45616238cfd4,c50d33d7-f7b2-4682-bdfd-a206421fcb23,->,313d1fcf-fdf6-4e4e-85aa-8fcea532cc34,javax/swing/GroupLayout$SequentialGroup.java,addComponent
313d1fcf-fdf6-4e4e-85aa-8fcea532cc34,8f61c94a-6d71-49eb-8274-45616238cfd4,c50d33d7-f7b2-4682-bdfd-a206421fcb23,->,313d1fcf-fdf6-4e4e-85aa-8fcea532cc34,javax/swing/GroupLayout$SequentialGroup.java,addContainerGap
313d1fcf-fdf6-4e4e-85aa-8fcea532cc34,8f61c94a-6d71-49eb-8274-45616238cfd4,c50d33d7-f7b2-4682-bdfd-a206421fcb23,->,313d1fcf-fdf6-4e4e-85aa-8fcea532cc34,javax/swing/GroupLayout$ParallelGroup.java,addGroup
313d1fcf-fdf6-4e4e-85aa-8fcea532cc34,8f61c94a-6d71-49eb-8274-45616238cfd4,c50d33d7-f7b2-4682-bdfd-a206421fcb23,->,313d1fcf-fdf6-4e4e-85aa-8fcea532cc34,javax/swing/GroupLayout.java,setVerticalGroup
313d1fcf-fdf6-4e4e-85aa-8fcea532cc34,8f61c94a-6d71-49eb-8274-45616238cfd4,c50d33d7-f7b2-4682-bdfd-a206421fcb23,->,313d1fcf-fdf6-4e4e-85aa-8fcea532cc34,artMenu/ComoJugar.java,pack
313d1fcf-fdf6-4e4e-85aa-8fcea532cc34,8f61c94a-6d71-49eb-8274-45616238cfd4,949e85be-a27e-42ee-bdbe-29e36fa0b064,->,313d1fcf-fdf6-4e4e-85aa-8fcea532cc34,java/awt/Toolkit.java,getDefaultToolkit
313d1fcf-fdf6-4e4e-85aa-8fcea532cc34,8f61c94a-6d71-49eb-8274-45616238cfd4,949e85be-a27e-42ee-bdbe-29e36fa0b064,->,313d1fcf-fdf6-4e4e-85aa-8fcea532cc34,java/lang/ClassLoader.java,getSystemResource
313d1fcf-fdf6-4e4e-85aa-8fcea532cc34,8f61c94a-6d71-49eb-8274-45616238cfd4,949e85be-a27e-42ee-bdbe-29e36fa0b064,->,313d1fcf-fdf6-4e4e-85aa-8fcea532cc34,java/awt/Toolkit.java,getImage
313d1fcf-fdf6-4e4e-85aa-8fcea532cc34,47793caf-a6fc-46bf-a49b-eaf194f7632a,93a7c5f3-86d0-446f-bce6-249bacf19e66,->,313d1fcf-fdf6-4e4e-85aa-8fcea532cc34,java/net/Socket.java,getInputStream
313d1fcf-fdf6-4e4e-85aa-8fcea532cc34,47793caf-a6fc-46bf-a49b-eaf194f7632a,93a7c5f3-86d0-446f-bce6-249bacf19e66,->,313d1fcf-fdf6-4e4e-85aa-8fcea532cc34,java/lang/Class.java,getName
313d1fcf-fdf6-4e4e-85aa-8fcea532cc34,47793caf-a6fc-46bf-a49b-eaf194f7632a,93a7c5f3-86d0-446f-bce6-249bacf19e66,->,313d1fcf-fdf6-4e4e-85aa-8fcea532cc34,java/util/logging/Logger.java,getLogger
313d1fcf-fdf6-4e4e-85aa-8fcea532cc34,47793caf-a6fc-46bf-a49b-eaf194f7632a,93a7c5f3-86d0-446f-bce6-249bacf19e66,->,313d1fcf-fdf6-4e4e-85aa-8fcea532cc34,java/util/logging/Logger.java,log
313d1fcf-fdf6-4e4e-85aa-8fcea532cc34,47793caf-a6fc-46bf-a49b-eaf194f7632a,93a7c5f3-86d0-446f-bce6-249bacf19e66,->,313d1fcf-fdf6-4e4e-85aa-8fcea532cc34,java/net/Socket.java,getOutputStream
313d1fcf-fdf6-4e4e-85aa-8fcea532cc34,47793caf-a6fc-46bf-a49b-eaf194f7632a,93a7c5f3-86d0-446f-bce6-249bacf19e66,->,313d1fcf-fdf6-4e4e-85aa-8fcea532cc34,java/lang/Class.java,getName
313d1fcf-fdf6-4e4e-85aa-8fcea532cc34,47793caf-a6fc-46bf-a49b-eaf194f7632a,93a7c5f3-86d0-446f-bce6-249bacf19e66,->,313d1fcf-fdf6-4e4e-85aa-8fcea532cc34,java/util/logging/Logger.java,getLogger
313d1fcf-fdf6-4e4e-85aa-8fcea532cc34,47793caf-a6fc-46bf-a49b-eaf194f7632a,93a7c5f3-86d0-446f-bce6-249bacf19e66,->,313d1fcf-fdf6-4e4e-85aa-8fcea532cc34,java/util/logging/Logger.java,log
313d1fcf-fdf6-4e4e-85aa-8fcea532cc34,47793caf-a6fc-46bf-a49b-eaf194f7632a,93a7c5f3-86d0-446f-bce6-249bacf19e66,->,313d1fcf-fdf6-4e4e-85aa-8fcea532cc34,controller/ClientThread.java,start
313d1fcf-fdf6-4e4e-85aa-8fcea532cc34,47793caf-a6fc-46bf-a49b-eaf194f7632a,93a7c5f3-86d0-446f-bce6-249bacf19e66,->,313d1fcf-fdf6-4e4e-85aa-8fcea532cc34,java/lang/StringBuilder.java,append
313d1fcf-fdf6-4e4e-85aa-8fcea532cc34,47793caf-a6fc-46bf-a49b-eaf194f7632a,93a7c5f3-86d0-446f-bce6-249bacf19e66,->,313d1fcf-fdf6-4e4e-85aa-8fcea532cc34,java/lang/Exception.java,getMessage
313d1fcf-fdf6-4e4e-85aa-8fcea532cc34,47793caf-a6fc-46bf-a49b-eaf194f7632a,93a7c5f3-86d0-446f-bce6-249bacf19e66,->,313d1fcf-fdf6-4e4e-85aa-8fcea532cc34,java/lang/StringBuilder.java,append
313d1fcf-fdf6-4e4e-85aa-8fcea532cc34,47793caf-a6fc-46bf-a49b-eaf194f7632a,93a7c5f3-86d0-446f-bce6-249bacf19e66,->,313d1fcf-fdf6-4e4e-85aa-8fcea532cc34,java/lang/StringBuilder.java,toString
313d1fcf-fdf6-4e4e-85aa-8fcea532cc34,47793caf-a6fc-46bf-a49b-eaf194f7632a,93a7c5f3-86d0-446f-bce6-249bacf19e66,->,313d1fcf-fdf6-4e4e-85aa-8fcea532cc34,java/io/PrintStream.java,println
313d1fcf-fdf6-4e4e-85aa-8fcea532cc34,47793caf-a6fc-46bf-a49b-eaf194f7632a,be243c05-4a6d-43a0-b4b7-dd14174771c7,->,313d1fcf-fdf6-4e4e-85aa-8fcea532cc34,java/io/DataOutputStream.java,writeInt
313d1fcf-fdf6-4e4e-85aa-8fcea532cc34,47793caf-a6fc-46bf-a49b-eaf194f7632a,be243c05-4a6d-43a0-b4b7-dd14174771c7,->,313d1fcf-fdf6-4e4e-85aa-8fcea532cc34,java/io/DataOutputStream.java,writeUTF
313d1fcf-fdf6-4e4e-85aa-8fcea532cc34,47793caf-a6fc-46bf-a49b-eaf194f7632a,be243c05-4a6d-43a0-b4b7-dd14174771c7,->,313d1fcf-fdf6-4e4e-85aa-8fcea532cc34,java/io/DataOutputStream.java,writeUTF
313d1fcf-fdf6-4e4e-85aa-8fcea532cc34,47793caf-a6fc-46bf-a49b-eaf194f7632a,be243c05-4a6d-43a0-b4b7-dd14174771c7,->,313d1fcf-fdf6-4e4e-85aa-8fcea532cc34,java/io/DataOutputStream.java,writeUTF
313d1fcf-fdf6-4e4e-85aa-8fcea532cc34,47793caf-a6fc-46bf-a49b-eaf194f7632a,be243c05-4a6d-43a0-b4b7-dd14174771c7,->,313d1fcf-fdf6-4e4e-85aa-8fcea532cc34,java/io/DataInputStream.java,readInt
313d1fcf-fdf6-4e4e-85aa-8fcea532cc34,47793caf-a6fc-46bf-a49b-eaf194f7632a,be243c05-4a6d-43a0-b4b7-dd14174771c7,->,313d1fcf-fdf6-4e4e-85aa-8fcea532cc34,java/lang/Class.java,getName
313d1fcf-fdf6-4e4e-85aa-8fcea532cc34,47793caf-a6fc-46bf-a49b-eaf194f7632a,be243c05-4a6d-43a0-b4b7-dd14174771c7,->,313d1fcf-fdf6-4e4e-85aa-8fcea532cc34,java/util/logging/Logger.java,getLogger
313d1fcf-fdf6-4e4e-85aa-8fcea532cc34,47793caf-a6fc-46bf-a49b-eaf194f7632a,be243c05-4a6d-43a0-b4b7-dd14174771c7,->,313d1fcf-fdf6-4e4e-85aa-8fcea532cc34,java/util/logging/Logger.java,log
313d1fcf-fdf6-4e4e-85aa-8fcea532cc34,47793caf-a6fc-46bf-a49b-eaf194f7632a,9c1b96bc-7b1e-4435-a932-3ad9c1a343f4,->,313d1fcf-fdf6-4e4e-85aa-8fcea532cc34,java/io/DataOutputStream.java,writeInt
313d1fcf-fdf6-4e4e-85aa-8fcea532cc34,47793caf-a6fc-46bf-a49b-eaf194f7632a,9c1b96bc-7b1e-4435-a932-3ad9c1a343f4,->,313d1fcf-fdf6-4e4e-85aa-8fcea532cc34,java/io/DataOutputStream.java,writeUTF
313d1fcf-fdf6-4e4e-85aa-8fcea532cc34,47793caf-a6fc-46bf-a49b-eaf194f7632a,9c1b96bc-7b1e-4435-a932-3ad9c1a343f4,->,313d1fcf-fdf6-4e4e-85aa-8fcea532cc34,java/io/DataOutputStream.java,writeUTF
313d1fcf-fdf6-4e4e-85aa-8fcea532cc34,47793caf-a6fc-46bf-a49b-eaf194f7632a,9c1b96bc-7b1e-4435-a932-3ad9c1a343f4,->,313d1fcf-fdf6-4e4e-85aa-8fcea532cc34,java/io/DataInputStream.java,readUTF
313d1fcf-fdf6-4e4e-85aa-8fcea532cc34,47793caf-a6fc-46bf-a49b-eaf194f7632a,9c1b96bc-7b1e-4435-a932-3ad9c1a343f4,->,313d1fcf-fdf6-4e4e-85aa-8fcea532cc34,java/io/DataInputStream.java,readUTF
313d1fcf-fdf6-4e4e-85aa-8fcea532cc34,47793caf-a6fc-46bf-a49b-eaf194f7632a,9c1b96bc-7b1e-4435-a932-3ad9c1a343f4,->,313d1fcf-fdf6-4e4e-85aa-8fcea532cc34,java/io/DataInputStream.java,readUTF
313d1fcf-fdf6-4e4e-85aa-8fcea532cc34,47793caf-a6fc-46bf-a49b-eaf194f7632a,9c1b96bc-7b1e-4435-a932-3ad9c1a343f4,->,313d1fcf-fdf6-4e4e-85aa-8fcea532cc34,java/io/DataInputStream.java,readUTF
313d1fcf-fdf6-4e4e-85aa-8fcea532cc34,47793caf-a6fc-46bf-a49b-eaf194f7632a,9c1b96bc-7b1e-4435-a932-3ad9c1a343f4,->,313d1fcf-fdf6-4e4e-85aa-8fcea532cc34,java/io/DataInputStream.java,readUTF
313d1fcf-fdf6-4e4e-85aa-8fcea532cc34,47793caf-a6fc-46bf-a49b-eaf194f7632a,9c1b96bc-7b1e-4435-a932-3ad9c1a343f4,->,313d1fcf-fdf6-4e4e-85aa-8fcea532cc34,java/io/DataInputStream.java,readUTF
313d1fcf-fdf6-4e4e-85aa-8fcea532cc34,47793caf-a6fc-46bf-a49b-eaf194f7632a,9c1b96bc-7b1e-4435-a932-3ad9c1a343f4,->,313d1fcf-fdf6-4e4e-85aa-8fcea532cc34,java/lang/Class.java,getName
313d1fcf-fdf6-4e4e-85aa-8fcea532cc34,47793caf-a6fc-46bf-a49b-eaf194f7632a,9c1b96bc-7b1e-4435-a932-3ad9c1a343f4,->,313d1fcf-fdf6-4e4e-85aa-8fcea532cc34,java/util/logging/Logger.java,getLogger
313d1fcf-fdf6-4e4e-85aa-8fcea532cc34,47793caf-a6fc-46bf-a49b-eaf194f7632a,9c1b96bc-7b1e-4435-a932-3ad9c1a343f4,->,313d1fcf-fdf6-4e4e-85aa-8fcea532cc34,java/util/logging/Logger.java,log
313d1fcf-fdf6-4e4e-85aa-8fcea532cc34,47793caf-a6fc-46bf-a49b-eaf194f7632a,e37d6a51-83a8-468c-9a1c-a16e24a1c3fd,->,313d1fcf-fdf6-4e4e-85aa-8fcea532cc34,java/io/DataOutputStream.java,writeInt
313d1fcf-fdf6-4e4e-85aa-8fcea532cc34,47793caf-a6fc-46bf-a49b-eaf194f7632a,e37d6a51-83a8-468c-9a1c-a16e24a1c3fd,->,313d1fcf-fdf6-4e4e-85aa-8fcea532cc34,java/io/DataOutputStream.java,writeUTF
313d1fcf-fdf6-4e4e-85aa-8fcea532cc34,47793caf-a6fc-46bf-a49b-eaf194f7632a,e37d6a51-83a8-468c-9a1c-a16e24a1c3fd,->,313d1fcf-fdf6-4e4e-85aa-8fcea532cc34,java/io/DataOutputStream.java,writeUTF
313d1fcf-fdf6-4e4e-85aa-8fcea532cc34,47793caf-a6fc-46bf-a49b-eaf194f7632a,e37d6a51-83a8-468c-9a1c-a16e24a1c3fd,->,313d1fcf-fdf6-4e4e-85aa-8fcea532cc34,java/io/DataInputStream.java,readUTF
313d1fcf-fdf6-4e4e-85aa-8fcea532cc34,47793caf-a6fc-46bf-a49b-eaf194f7632a,e37d6a51-83a8-468c-9a1c-a16e24a1c3fd,->,313d1fcf-fdf6-4e4e-85aa-8fcea532cc34,java/io/DataInputStream.java,readUTF
313d1fcf-fdf6-4e4e-85aa-8fcea532cc34,47793caf-a6fc-46bf-a49b-eaf194f7632a,e37d6a51-83a8-468c-9a1c-a16e24a1c3fd,->,313d1fcf-fdf6-4e4e-85aa-8fcea532cc34,java/io/DataInputStream.java,readUTF
313d1fcf-fdf6-4e4e-85aa-8fcea532cc34,47793caf-a6fc-46bf-a49b-eaf194f7632a,e37d6a51-83a8-468c-9a1c-a16e24a1c3fd,->,313d1fcf-fdf6-4e4e-85aa-8fcea532cc34,java/io/DataInputStream.java,readUTF
313d1fcf-fdf6-4e4e-85aa-8fcea532cc34,47793caf-a6fc-46bf-a49b-eaf194f7632a,e37d6a51-83a8-468c-9a1c-a16e24a1c3fd,->,313d1fcf-fdf6-4e4e-85aa-8fcea532cc34,java/io/DataInputStream.java,readUTF
313d1fcf-fdf6-4e4e-85aa-8fcea532cc34,47793caf-a6fc-46bf-a49b-eaf194f7632a,e37d6a51-83a8-468c-9a1c-a16e24a1c3fd,->,313d1fcf-fdf6-4e4e-85aa-8fcea532cc34,java/io/DataInputStream.java,readUTF
313d1fcf-fdf6-4e4e-85aa-8fcea532cc34,47793caf-a6fc-46bf-a49b-eaf194f7632a,e37d6a51-83a8-468c-9a1c-a16e24a1c3fd,->,313d1fcf-fdf6-4e4e-85aa-8fcea532cc34,java/io/DataInputStream.java,readUTF
313d1fcf-fdf6-4e4e-85aa-8fcea532cc34,47793caf-a6fc-46bf-a49b-eaf194f7632a,e37d6a51-83a8-468c-9a1c-a16e24a1c3fd,->,313d1fcf-fdf6-4e4e-85aa-8fcea532cc34,java/io/DataInputStream.java,readUTF
313d1fcf-fdf6-4e4e-85aa-8fcea532cc34,47793caf-a6fc-46bf-a49b-eaf194f7632a,e37d6a51-83a8-468c-9a1c-a16e24a1c3fd,->,313d1fcf-fdf6-4e4e-85aa-8fcea532cc34,java/io/DataInputStream.java,readUTF
313d1fcf-fdf6-4e4e-85aa-8fcea532cc34,47793caf-a6fc-46bf-a49b-eaf194f7632a,e37d6a51-83a8-468c-9a1c-a16e24a1c3fd,->,313d1fcf-fdf6-4e4e-85aa-8fcea532cc34,java/io/DataInputStream.java,readUTF
313d1fcf-fdf6-4e4e-85aa-8fcea532cc34,47793caf-a6fc-46bf-a49b-eaf194f7632a,e37d6a51-83a8-468c-9a1c-a16e24a1c3fd,->,313d1fcf-fdf6-4e4e-85aa-8fcea532cc34,java/io/DataInputStream.java,readUTF
313d1fcf-fdf6-4e4e-85aa-8fcea532cc34,47793caf-a6fc-46bf-a49b-eaf194f7632a,e37d6a51-83a8-468c-9a1c-a16e24a1c3fd,->,313d1fcf-fdf6-4e4e-85aa-8fcea532cc34,java/io/DataInputStream.java,readUTF
313d1fcf-fdf6-4e4e-85aa-8fcea532cc34,47793caf-a6fc-46bf-a49b-eaf194f7632a,e37d6a51-83a8-468c-9a1c-a16e24a1c3fd,->,313d1fcf-fdf6-4e4e-85aa-8fcea532cc34,java/io/DataInputStream.java,readUTF
313d1fcf-fdf6-4e4e-85aa-8fcea532cc34,47793caf-a6fc-46bf-a49b-eaf194f7632a,e37d6a51-83a8-468c-9a1c-a16e24a1c3fd,->,313d1fcf-fdf6-4e4e-85aa-8fcea532cc34,java/io/DataInputStream.java,readUTF
313d1fcf-fdf6-4e4e-85aa-8fcea532cc34,47793caf-a6fc-46bf-a49b-eaf194f7632a,e37d6a51-83a8-468c-9a1c-a16e24a1c3fd,->,313d1fcf-fdf6-4e4e-85aa-8fcea532cc34,java/io/DataInputStream.java,readUTF
313d1fcf-fdf6-4e4e-85aa-8fcea532cc34,47793caf-a6fc-46bf-a49b-eaf194f7632a,e37d6a51-83a8-468c-9a1c-a16e24a1c3fd,->,313d1fcf-fdf6-4e4e-85aa-8fcea532cc34,java/io/DataInputStream.java,readUTF
313d1fcf-fdf6-4e4e-85aa-8fcea532cc34,47793caf-a6fc-46bf-a49b-eaf194f7632a,e37d6a51-83a8-468c-9a1c-a16e24a1c3fd,->,313d1fcf-fdf6-4e4e-85aa-8fcea532cc34,java/io/DataInputStream.java,readUTF
313d1fcf-fdf6-4e4e-85aa-8fcea532cc34,47793caf-a6fc-46bf-a49b-eaf194f7632a,e37d6a51-83a8-468c-9a1c-a16e24a1c3fd,->,313d1fcf-fdf6-4e4e-85aa-8fcea532cc34,java/io/DataInputStream.java,readUTF
313d1fcf-fdf6-4e4e-85aa-8fcea532cc34,47793caf-a6fc-46bf-a49b-eaf194f7632a,e37d6a51-83a8-468c-9a1c-a16e24a1c3fd,->,313d1fcf-fdf6-4e4e-85aa-8fcea532cc34,java/io/DataInputStream.java,readUTF
313d1fcf-fdf6-4e4e-85aa-8fcea532cc34,47793caf-a6fc-46bf-a49b-eaf194f7632a,e37d6a51-83a8-468c-9a1c-a16e24a1c3fd,->,313d1fcf-fdf6-4e4e-85aa-8fcea532cc34,java/io/DataInputStream.java,readUTF
313d1fcf-fdf6-4e4e-85aa-8fcea532cc34,47793caf-a6fc-46bf-a49b-eaf194f7632a,e37d6a51-83a8-468c-9a1c-a16e24a1c3fd,->,313d1fcf-fdf6-4e4e-85aa-8fcea532cc34,java/io/DataInputStream.java,readUTF
313d1fcf-fdf6-4e4e-85aa-8fcea532cc34,47793caf-a6fc-46bf-a49b-eaf194f7632a,e37d6a51-83a8-468c-9a1c-a16e24a1c3fd,->,313d1fcf-fdf6-4e4e-85aa-8fcea532cc34,java/io/DataInputStream.java,readUTF
313d1fcf-fdf6-4e4e-85aa-8fcea532cc34,47793caf-a6fc-46bf-a49b-eaf194f7632a,e37d6a51-83a8-468c-9a1c-a16e24a1c3fd,->,313d1fcf-fdf6-4e4e-85aa-8fcea532cc34,java/io/DataInputStream.java,readUTF
313d1fcf-fdf6-4e4e-85aa-8fcea532cc34,47793caf-a6fc-46bf-a49b-eaf194f7632a,e37d6a51-83a8-468c-9a1c-a16e24a1c3fd,->,313d1fcf-fdf6-4e4e-85aa-8fcea532cc34,java/lang/Class.java,getName
313d1fcf-fdf6-4e4e-85aa-8fcea532cc34,47793caf-a6fc-46bf-a49b-eaf194f7632a,e37d6a51-83a8-468c-9a1c-a16e24a1c3fd,->,313d1fcf-fdf6-4e4e-85aa-8fcea532cc34,java/util/logging/Logger.java,getLogger
313d1fcf-fdf6-4e4e-85aa-8fcea532cc34,47793caf-a6fc-46bf-a49b-eaf194f7632a,e37d6a51-83a8-468c-9a1c-a16e24a1c3fd,->,313d1fcf-fdf6-4e4e-85aa-8fcea532cc34,java/util/logging/Logger.java,log
313d1fcf-fdf6-4e4e-85aa-8fcea532cc34,47793caf-a6fc-46bf-a49b-eaf194f7632a,979928e8-97a0-4617-9eec-c5d96c2c47a9,->,313d1fcf-fdf6-4e4e-85aa-8fcea532cc34,java/net/Socket.java,close
313d1fcf-fdf6-4e4e-85aa-8fcea532cc34,47793caf-a6fc-46bf-a49b-eaf194f7632a,979928e8-97a0-4617-9eec-c5d96c2c47a9,->,313d1fcf-fdf6-4e4e-85aa-8fcea532cc34,java/lang/StringBuilder.java,append
313d1fcf-fdf6-4e4e-85aa-8fcea532cc34,47793caf-a6fc-46bf-a49b-eaf194f7632a,979928e8-97a0-4617-9eec-c5d96c2c47a9,->,313d1fcf-fdf6-4e4e-85aa-8fcea532cc34,java/lang/Exception.java,getMessage
313d1fcf-fdf6-4e4e-85aa-8fcea532cc34,47793caf-a6fc-46bf-a49b-eaf194f7632a,979928e8-97a0-4617-9eec-c5d96c2c47a9,->,313d1fcf-fdf6-4e4e-85aa-8fcea532cc34,java/lang/StringBuilder.java,append
313d1fcf-fdf6-4e4e-85aa-8fcea532cc34,47793caf-a6fc-46bf-a49b-eaf194f7632a,979928e8-97a0-4617-9eec-c5d96c2c47a9,->,313d1fcf-fdf6-4e4e-85aa-8fcea532cc34,java/lang/StringBuilder.java,toString
313d1fcf-fdf6-4e4e-85aa-8fcea532cc34,47793caf-a6fc-46bf-a49b-eaf194f7632a,979928e8-97a0-4617-9eec-c5d96c2c47a9,->,313d1fcf-fdf6-4e4e-85aa-8fcea532cc34,java/io/PrintStream.java,println
313d1fcf-fdf6-4e4e-85aa-8fcea532cc34,0078db72-91b9-4d2b-8a3a-dcd0f4b190cd,1962b6ed-b321-460e-8b98-47fbd6c339a9,->,313d1fcf-fdf6-4e4e-85aa-8fcea532cc34,java/net/Socket.java,getInputStream
313d1fcf-fdf6-4e4e-85aa-8fcea532cc34,0078db72-91b9-4d2b-8a3a-dcd0f4b190cd,1962b6ed-b321-460e-8b98-47fbd6c339a9,->,313d1fcf-fdf6-4e4e-85aa-8fcea532cc34,java/lang/Class.java,getName
313d1fcf-fdf6-4e4e-85aa-8fcea532cc34,0078db72-91b9-4d2b-8a3a-dcd0f4b190cd,1962b6ed-b321-460e-8b98-47fbd6c339a9,->,313d1fcf-fdf6-4e4e-85aa-8fcea532cc34,java/util/logging/Logger.java,getLogger
313d1fcf-fdf6-4e4e-85aa-8fcea532cc34,0078db72-91b9-4d2b-8a3a-dcd0f4b190cd,1962b6ed-b321-460e-8b98-47fbd6c339a9,->,313d1fcf-fdf6-4e4e-85aa-8fcea532cc34,java/util/logging/Logger.java,log
313d1fcf-fdf6-4e4e-85aa-8fcea532cc34,0078db72-91b9-4d2b-8a3a-dcd0f4b190cd,1962b6ed-b321-460e-8b98-47fbd6c339a9,->,313d1fcf-fdf6-4e4e-85aa-8fcea532cc34,java/net/Socket.java,getOutputStream
313d1fcf-fdf6-4e4e-85aa-8fcea532cc34,0078db72-91b9-4d2b-8a3a-dcd0f4b190cd,1962b6ed-b321-460e-8b98-47fbd6c339a9,->,313d1fcf-fdf6-4e4e-85aa-8fcea532cc34,java/lang/Class.java,getName
313d1fcf-fdf6-4e4e-85aa-8fcea532cc34,0078db72-91b9-4d2b-8a3a-dcd0f4b190cd,1962b6ed-b321-460e-8b98-47fbd6c339a9,->,313d1fcf-fdf6-4e4e-85aa-8fcea532cc34,java/util/logging/Logger.java,getLogger
313d1fcf-fdf6-4e4e-85aa-8fcea532cc34,0078db72-91b9-4d2b-8a3a-dcd0f4b190cd,1962b6ed-b321-460e-8b98-47fbd6c339a9,->,313d1fcf-fdf6-4e4e-85aa-8fcea532cc34,java/util/logging/Logger.java,log
313d1fcf-fdf6-4e4e-85aa-8fcea532cc34,24f48b54-d614-438c-8c1e-cbb4b472c5fe,1b5e054f-5b16-4df5-9e72-ba7ee63e657f,->,313d1fcf-fdf6-4e4e-85aa-8fcea532cc34,javax/swing/JLabel.java,setBounds
313d1fcf-fdf6-4e4e-85aa-8fcea532cc34,24f48b54-d614-438c-8c1e-cbb4b472c5fe,0d78f7a9-4865-45ad-9909-51f01cb9b643,->,313d1fcf-fdf6-4e4e-85aa-8fcea532cc34,javax/swing/border/LineBorder.java,createGrayLineBorder
313d1fcf-fdf6-4e4e-85aa-8fcea532cc34,24f48b54-d614-438c-8c1e-cbb4b472c5fe,0d78f7a9-4865-45ad-9909-51f01cb9b643,->,313d1fcf-fdf6-4e4e-85aa-8fcea532cc34,javax/swing/JLabel.java,setBorder
313d1fcf-fdf6-4e4e-85aa-8fcea532cc34,24f48b54-d614-438c-8c1e-cbb4b472c5fe,0d78f7a9-4865-45ad-9909-51f01cb9b643,->,313d1fcf-fdf6-4e4e-85aa-8fcea532cc34,java/lang/Integer.java,toString
313d1fcf-fdf6-4e4e-85aa-8fcea532cc34,24f48b54-d614-438c-8c1e-cbb4b472c5fe,0d78f7a9-4865-45ad-9909-51f01cb9b643,->,313d1fcf-fdf6-4e4e-85aa-8fcea532cc34,java/lang/StringBuilder.java,append
313d1fcf-fdf6-4e4e-85aa-8fcea532cc34,24f48b54-d614-438c-8c1e-cbb4b472c5fe,0d78f7a9-4865-45ad-9909-51f01cb9b643,->,313d1fcf-fdf6-4e4e-85aa-8fcea532cc34,java/lang/StringBuilder.java,append
313d1fcf-fdf6-4e4e-85aa-8fcea532cc34,24f48b54-d614-438c-8c1e-cbb4b472c5fe,0d78f7a9-4865-45ad-9909-51f01cb9b643,->,313d1fcf-fdf6-4e4e-85aa-8fcea532cc34,java/lang/Integer.java,toString
313d1fcf-fdf6-4e4e-85aa-8fcea532cc34,24f48b54-d614-438c-8c1e-cbb4b472c5fe,0d78f7a9-4865-45ad-9909-51f01cb9b643,->,313d1fcf-fdf6-4e4e-85aa-8fcea532cc34,java/lang/StringBuilder.java,append
313d1fcf-fdf6-4e4e-85aa-8fcea532cc34,24f48b54-d614-438c-8c1e-cbb4b472c5fe,0d78f7a9-4865-45ad-9909-51f01cb9b643,->,313d1fcf-fdf6-4e4e-85aa-8fcea532cc34,java/lang/StringBuilder.java,toString
313d1fcf-fdf6-4e4e-85aa-8fcea532cc34,24f48b54-d614-438c-8c1e-cbb4b472c5fe,0d78f7a9-4865-45ad-9909-51f01cb9b643,->,313d1fcf-fdf6-4e4e-85aa-8fcea532cc34,javax/swing/JLabel.java,setName
313d1fcf-fdf6-4e4e-85aa-8fcea532cc34,24f48b54-d614-438c-8c1e-cbb4b472c5fe,0d78f7a9-4865-45ad-9909-51f01cb9b643,->,313d1fcf-fdf6-4e4e-85aa-8fcea532cc34,java/lang/Integer.java,toString
313d1fcf-fdf6-4e4e-85aa-8fcea532cc34,24f48b54-d614-438c-8c1e-cbb4b472c5fe,0d78f7a9-4865-45ad-9909-51f01cb9b643,->,313d1fcf-fdf6-4e4e-85aa-8fcea532cc34,java/lang/StringBuilder.java,append
313d1fcf-fdf6-4e4e-85aa-8fcea532cc34,24f48b54-d614-438c-8c1e-cbb4b472c5fe,0d78f7a9-4865-45ad-9909-51f01cb9b643,->,313d1fcf-fdf6-4e4e-85aa-8fcea532cc34,java/lang/StringBuilder.java,append
313d1fcf-fdf6-4e4e-85aa-8fcea532cc34,24f48b54-d614-438c-8c1e-cbb4b472c5fe,0d78f7a9-4865-45ad-9909-51f01cb9b643,->,313d1fcf-fdf6-4e4e-85aa-8fcea532cc34,java/lang/Integer.java,toString
313d1fcf-fdf6-4e4e-85aa-8fcea532cc34,24f48b54-d614-438c-8c1e-cbb4b472c5fe,0d78f7a9-4865-45ad-9909-51f01cb9b643,->,313d1fcf-fdf6-4e4e-85aa-8fcea532cc34,java/lang/StringBuilder.java,append
313d1fcf-fdf6-4e4e-85aa-8fcea532cc34,24f48b54-d614-438c-8c1e-cbb4b472c5fe,0d78f7a9-4865-45ad-9909-51f01cb9b643,->,313d1fcf-fdf6-4e4e-85aa-8fcea532cc34,java/lang/StringBuilder.java,toString
313d1fcf-fdf6-4e4e-85aa-8fcea532cc34,24f48b54-d614-438c-8c1e-cbb4b472c5fe,0d78f7a9-4865-45ad-9909-51f01cb9b643,->,313d1fcf-fdf6-4e4e-85aa-8fcea532cc34,javax/swing/JLabel.java,setName
313d1fcf-fdf6-4e4e-85aa-8fcea532cc34,24f48b54-d614-438c-8c1e-cbb4b472c5fe,0d78f7a9-4865-45ad-9909-51f01cb9b643,->,313d1fcf-fdf6-4e4e-85aa-8fcea532cc34,javax/swing/JLabel.java,setBorder
313d1fcf-fdf6-4e4e-85aa-8fcea532cc34,24f48b54-d614-438c-8c1e-cbb4b472c5fe,0d78f7a9-4865-45ad-9909-51f01cb9b643,->,313d1fcf-fdf6-4e4e-85aa-8fcea532cc34,java/lang/Object.java,getClass
313d1fcf-fdf6-4e4e-85aa-8fcea532cc34,24f48b54-d614-438c-8c1e-cbb4b472c5fe,0d78f7a9-4865-45ad-9909-51f01cb9b643,->,313d1fcf-fdf6-4e4e-85aa-8fcea532cc34,java/lang/Class.java,getResource
313d1fcf-fdf6-4e4e-85aa-8fcea532cc34,24f48b54-d614-438c-8c1e-cbb4b472c5fe,0d78f7a9-4865-45ad-9909-51f01cb9b643,->,313d1fcf-fdf6-4e4e-85aa-8fcea532cc34,javax/swing/JLabel.java,setIcon
313d1fcf-fdf6-4e4e-85aa-8fcea532cc34,24f48b54-d614-438c-8c1e-cbb4b472c5fe,0d78f7a9-4865-45ad-9909-51f01cb9b643,->,313d1fcf-fdf6-4e4e-85aa-8fcea532cc34,javax/swing/JLabel.java,addMouseListener
313d1fcf-fdf6-4e4e-85aa-8fcea532cc34,24f48b54-d614-438c-8c1e-cbb4b472c5fe,0d78f7a9-4865-45ad-9909-51f01cb9b643,->,313d1fcf-fdf6-4e4e-85aa-8fcea532cc34,game/TableroDos.java,add
313d1fcf-fdf6-4e4e-85aa-8fcea532cc34,24f48b54-d614-438c-8c1e-cbb4b472c5fe,0d78f7a9-4865-45ad-9909-51f01cb9b643,->,313d1fcf-fdf6-4e4e-85aa-8fcea532cc34,24f48b54-d614-438c-8c1e-cbb4b472c5fe,0c4a3cab-df04-423d-a601-a59bea5f3582
313d1fcf-fdf6-4e4e-85aa-8fcea532cc34,24f48b54-d614-438c-8c1e-cbb4b472c5fe,0d78f7a9-4865-45ad-9909-51f01cb9b643,->,313d1fcf-fdf6-4e4e-85aa-8fcea532cc34,game/TableroDos.java,add
313d1fcf-fdf6-4e4e-85aa-8fcea532cc34,24f48b54-d614-438c-8c1e-cbb4b472c5fe,0d78f7a9-4865-45ad-9909-51f01cb9b643,->,313d1fcf-fdf6-4e4e-85aa-8fcea532cc34,24f48b54-d614-438c-8c1e-cbb4b472c5fe,1b5e054f-5b16-4df5-9e72-ba7ee63e657f
313d1fcf-fdf6-4e4e-85aa-8fcea532cc34,24f48b54-d614-438c-8c1e-cbb4b472c5fe,2464b566-ed10-4ab9-95f8-5c8eb6bd7d98,->,313d1fcf-fdf6-4e4e-85aa-8fcea532cc34,a03bf0a1-edcf-4881-b00d-be1ce57b152b,d32ce848-9a64-4b8e-83da-081607c5f5d3
313d1fcf-fdf6-4e4e-85aa-8fcea532cc34,24f48b54-d614-438c-8c1e-cbb4b472c5fe,2464b566-ed10-4ab9-95f8-5c8eb6bd7d98,->,313d1fcf-fdf6-4e4e-85aa-8fcea532cc34,a03bf0a1-edcf-4881-b00d-be1ce57b152b,3bcf2b1a-53fc-47e1-b49c-8e732bcca7b1
313d1fcf-fdf6-4e4e-85aa-8fcea532cc34,24f48b54-d614-438c-8c1e-cbb4b472c5fe,2464b566-ed10-4ab9-95f8-5c8eb6bd7d98,->,313d1fcf-fdf6-4e4e-85aa-8fcea532cc34,java/lang/Object.java,getClass
313d1fcf-fdf6-4e4e-85aa-8fcea532cc34,24f48b54-d614-438c-8c1e-cbb4b472c5fe,2464b566-ed10-4ab9-95f8-5c8eb6bd7d98,->,313d1fcf-fdf6-4e4e-85aa-8fcea532cc34,java/lang/Class.java,getResource
313d1fcf-fdf6-4e4e-85aa-8fcea532cc34,24f48b54-d614-438c-8c1e-cbb4b472c5fe,2464b566-ed10-4ab9-95f8-5c8eb6bd7d98,->,313d1fcf-fdf6-4e4e-85aa-8fcea532cc34,javax/swing/JLabel.java,setIcon
313d1fcf-fdf6-4e4e-85aa-8fcea532cc34,24f48b54-d614-438c-8c1e-cbb4b472c5fe,2464b566-ed10-4ab9-95f8-5c8eb6bd7d98,->,313d1fcf-fdf6-4e4e-85aa-8fcea532cc34,java/lang/Object.java,getClass
313d1fcf-fdf6-4e4e-85aa-8fcea532cc34,24f48b54-d614-438c-8c1e-cbb4b472c5fe,2464b566-ed10-4ab9-95f8-5c8eb6bd7d98,->,313d1fcf-fdf6-4e4e-85aa-8fcea532cc34,java/lang/Class.java,getResource
313d1fcf-fdf6-4e4e-85aa-8fcea532cc34,24f48b54-d614-438c-8c1e-cbb4b472c5fe,2464b566-ed10-4ab9-95f8-5c8eb6bd7d98,->,313d1fcf-fdf6-4e4e-85aa-8fcea532cc34,javax/swing/JLabel.java,setIcon
313d1fcf-fdf6-4e4e-85aa-8fcea532cc34,24f48b54-d614-438c-8c1e-cbb4b472c5fe,2464b566-ed10-4ab9-95f8-5c8eb6bd7d98,->,313d1fcf-fdf6-4e4e-85aa-8fcea532cc34,a03bf0a1-edcf-4881-b00d-be1ce57b152b,d7cee698-74dd-4b33-b835-2ea7ab1db55c
313d1fcf-fdf6-4e4e-85aa-8fcea532cc34,24f48b54-d614-438c-8c1e-cbb4b472c5fe,2464b566-ed10-4ab9-95f8-5c8eb6bd7d98,->,313d1fcf-fdf6-4e4e-85aa-8fcea532cc34,a03bf0a1-edcf-4881-b00d-be1ce57b152b,d32ce848-9a64-4b8e-83da-081607c5f5d3
313d1fcf-fdf6-4e4e-85aa-8fcea532cc34,24f48b54-d614-438c-8c1e-cbb4b472c5fe,0c4a3cab-df04-423d-a601-a59bea5f3582,->,313d1fcf-fdf6-4e4e-85aa-8fcea532cc34,java/lang/String.java,hashCode
313d1fcf-fdf6-4e4e-85aa-8fcea532cc34,24f48b54-d614-438c-8c1e-cbb4b472c5fe,0c4a3cab-df04-423d-a601-a59bea5f3582,->,313d1fcf-fdf6-4e4e-85aa-8fcea532cc34,java/lang/String.java,equals
313d1fcf-fdf6-4e4e-85aa-8fcea532cc34,24f48b54-d614-438c-8c1e-cbb4b472c5fe,0c4a3cab-df04-423d-a601-a59bea5f3582,->,313d1fcf-fdf6-4e4e-85aa-8fcea532cc34,java/lang/String.java,equals
313d1fcf-fdf6-4e4e-85aa-8fcea532cc34,24f48b54-d614-438c-8c1e-cbb4b472c5fe,0c4a3cab-df04-423d-a601-a59bea5f3582,->,313d1fcf-fdf6-4e4e-85aa-8fcea532cc34,java/lang/String.java,equals
313d1fcf-fdf6-4e4e-85aa-8fcea532cc34,24f48b54-d614-438c-8c1e-cbb4b472c5fe,0c4a3cab-df04-423d-a601-a59bea5f3582,->,313d1fcf-fdf6-4e4e-85aa-8fcea532cc34,java/lang/String.java,equals
313d1fcf-fdf6-4e4e-85aa-8fcea532cc34,24f48b54-d614-438c-8c1e-cbb4b472c5fe,0c4a3cab-df04-423d-a601-a59bea5f3582,->,313d1fcf-fdf6-4e4e-85aa-8fcea532cc34,java/lang/String.java,equals
313d1fcf-fdf6-4e4e-85aa-8fcea532cc34,24f48b54-d614-438c-8c1e-cbb4b472c5fe,0c4a3cab-df04-423d-a601-a59bea5f3582,->,313d1fcf-fdf6-4e4e-85aa-8fcea532cc34,java/lang/String.java,equals
313d1fcf-fdf6-4e4e-85aa-8fcea532cc34,24f48b54-d614-438c-8c1e-cbb4b472c5fe,0c4a3cab-df04-423d-a601-a59bea5f3582,->,313d1fcf-fdf6-4e4e-85aa-8fcea532cc34,java/lang/String.java,equals
313d1fcf-fdf6-4e4e-85aa-8fcea532cc34,24f48b54-d614-438c-8c1e-cbb4b472c5fe,0c4a3cab-df04-423d-a601-a59bea5f3582,->,313d1fcf-fdf6-4e4e-85aa-8fcea532cc34,java/lang/String.java,equals
313d1fcf-fdf6-4e4e-85aa-8fcea532cc34,24f48b54-d614-438c-8c1e-cbb4b472c5fe,0c4a3cab-df04-423d-a601-a59bea5f3582,->,313d1fcf-fdf6-4e4e-85aa-8fcea532cc34,java/lang/String.java,equals
313d1fcf-fdf6-4e4e-85aa-8fcea532cc34,24f48b54-d614-438c-8c1e-cbb4b472c5fe,0c4a3cab-df04-423d-a601-a59bea5f3582,->,313d1fcf-fdf6-4e4e-85aa-8fcea532cc34,java/lang/String.java,equals
313d1fcf-fdf6-4e4e-85aa-8fcea532cc34,24f48b54-d614-438c-8c1e-cbb4b472c5fe,0c4a3cab-df04-423d-a601-a59bea5f3582,->,313d1fcf-fdf6-4e4e-85aa-8fcea532cc34,java/lang/String.java,equals
313d1fcf-fdf6-4e4e-85aa-8fcea532cc34,24f48b54-d614-438c-8c1e-cbb4b472c5fe,0c4a3cab-df04-423d-a601-a59bea5f3582,->,313d1fcf-fdf6-4e4e-85aa-8fcea532cc34,java/lang/String.java,equals
313d1fcf-fdf6-4e4e-85aa-8fcea532cc34,24f48b54-d614-438c-8c1e-cbb4b472c5fe,0c4a3cab-df04-423d-a601-a59bea5f3582,->,313d1fcf-fdf6-4e4e-85aa-8fcea532cc34,java/lang/String.java,equals
313d1fcf-fdf6-4e4e-85aa-8fcea532cc34,24f48b54-d614-438c-8c1e-cbb4b472c5fe,0c4a3cab-df04-423d-a601-a59bea5f3582,->,313d1fcf-fdf6-4e4e-85aa-8fcea532cc34,java/lang/String.java,equals
313d1fcf-fdf6-4e4e-85aa-8fcea532cc34,24f48b54-d614-438c-8c1e-cbb4b472c5fe,0c4a3cab-df04-423d-a601-a59bea5f3582,->,313d1fcf-fdf6-4e4e-85aa-8fcea532cc34,java/lang/String.java,equals
313d1fcf-fdf6-4e4e-85aa-8fcea532cc34,24f48b54-d614-438c-8c1e-cbb4b472c5fe,0c4a3cab-df04-423d-a601-a59bea5f3582,->,313d1fcf-fdf6-4e4e-85aa-8fcea532cc34,java/lang/String.java,equals
313d1fcf-fdf6-4e4e-85aa-8fcea532cc34,24f48b54-d614-438c-8c1e-cbb4b472c5fe,0c4a3cab-df04-423d-a601-a59bea5f3582,->,313d1fcf-fdf6-4e4e-85aa-8fcea532cc34,java/lang/String.java,equals
313d1fcf-fdf6-4e4e-85aa-8fcea532cc34,24f48b54-d614-438c-8c1e-cbb4b472c5fe,0c4a3cab-df04-423d-a601-a59bea5f3582,->,313d1fcf-fdf6-4e4e-85aa-8fcea532cc34,java/lang/String.java,equals
313d1fcf-fdf6-4e4e-85aa-8fcea532cc34,24f48b54-d614-438c-8c1e-cbb4b472c5fe,0c4a3cab-df04-423d-a601-a59bea5f3582,->,313d1fcf-fdf6-4e4e-85aa-8fcea532cc34,java/lang/String.java,equals
313d1fcf-fdf6-4e4e-85aa-8fcea532cc34,24f48b54-d614-438c-8c1e-cbb4b472c5fe,0c4a3cab-df04-423d-a601-a59bea5f3582,->,313d1fcf-fdf6-4e4e-85aa-8fcea532cc34,java/lang/String.java,equals
313d1fcf-fdf6-4e4e-85aa-8fcea532cc34,24f48b54-d614-438c-8c1e-cbb4b472c5fe,0c4a3cab-df04-423d-a601-a59bea5f3582,->,313d1fcf-fdf6-4e4e-85aa-8fcea532cc34,java/lang/String.java,equals
313d1fcf-fdf6-4e4e-85aa-8fcea532cc34,24f48b54-d614-438c-8c1e-cbb4b472c5fe,0c4a3cab-df04-423d-a601-a59bea5f3582,->,313d1fcf-fdf6-4e4e-85aa-8fcea532cc34,java/lang/String.java,equals
313d1fcf-fdf6-4e4e-85aa-8fcea532cc34,24f48b54-d614-438c-8c1e-cbb4b472c5fe,0c4a3cab-df04-423d-a601-a59bea5f3582,->,313d1fcf-fdf6-4e4e-85aa-8fcea532cc34,java/lang/String.java,equals
313d1fcf-fdf6-4e4e-85aa-8fcea532cc34,24f48b54-d614-438c-8c1e-cbb4b472c5fe,0c4a3cab-df04-423d-a601-a59bea5f3582,->,313d1fcf-fdf6-4e4e-85aa-8fcea532cc34,java/lang/String.java,equals
313d1fcf-fdf6-4e4e-85aa-8fcea532cc34,24f48b54-d614-438c-8c1e-cbb4b472c5fe,0c4a3cab-df04-423d-a601-a59bea5f3582,->,313d1fcf-fdf6-4e4e-85aa-8fcea532cc34,java/lang/String.java,equals
313d1fcf-fdf6-4e4e-85aa-8fcea532cc34,24f48b54-d614-438c-8c1e-cbb4b472c5fe,0c4a3cab-df04-423d-a601-a59bea5f3582,->,313d1fcf-fdf6-4e4e-85aa-8fcea532cc34,java/lang/String.java,equals
313d1fcf-fdf6-4e4e-85aa-8fcea532cc34,24f48b54-d614-438c-8c1e-cbb4b472c5fe,0c4a3cab-df04-423d-a601-a59bea5f3582,->,313d1fcf-fdf6-4e4e-85aa-8fcea532cc34,java/lang/String.java,equals
313d1fcf-fdf6-4e4e-85aa-8fcea532cc34,24f48b54-d614-438c-8c1e-cbb4b472c5fe,0c4a3cab-df04-423d-a601-a59bea5f3582,->,313d1fcf-fdf6-4e4e-85aa-8fcea532cc34,java/lang/String.java,equals
313d1fcf-fdf6-4e4e-85aa-8fcea532cc34,24f48b54-d614-438c-8c1e-cbb4b472c5fe,0c4a3cab-df04-423d-a601-a59bea5f3582,->,313d1fcf-fdf6-4e4e-85aa-8fcea532cc34,java/lang/Object.java,getClass
313d1fcf-fdf6-4e4e-85aa-8fcea532cc34,24f48b54-d614-438c-8c1e-cbb4b472c5fe,0c4a3cab-df04-423d-a601-a59bea5f3582,->,313d1fcf-fdf6-4e4e-85aa-8fcea532cc34,java/lang/Class.java,getResource
313d1fcf-fdf6-4e4e-85aa-8fcea532cc34,24f48b54-d614-438c-8c1e-cbb4b472c5fe,0c4a3cab-df04-423d-a601-a59bea5f3582,->,313d1fcf-fdf6-4e4e-85aa-8fcea532cc34,javax/swing/JLabel.java,setIcon
313d1fcf-fdf6-4e4e-85aa-8fcea532cc34,24f48b54-d614-438c-8c1e-cbb4b472c5fe,0c4a3cab-df04-423d-a601-a59bea5f3582,->,313d1fcf-fdf6-4e4e-85aa-8fcea532cc34,java/lang/Object.java,getClass
313d1fcf-fdf6-4e4e-85aa-8fcea532cc34,24f48b54-d614-438c-8c1e-cbb4b472c5fe,0c4a3cab-df04-423d-a601-a59bea5f3582,->,313d1fcf-fdf6-4e4e-85aa-8fcea532cc34,java/lang/Class.java,getResource
313d1fcf-fdf6-4e4e-85aa-8fcea532cc34,24f48b54-d614-438c-8c1e-cbb4b472c5fe,0c4a3cab-df04-423d-a601-a59bea5f3582,->,313d1fcf-fdf6-4e4e-85aa-8fcea532cc34,javax/swing/JLabel.java,setIcon
313d1fcf-fdf6-4e4e-85aa-8fcea532cc34,24f48b54-d614-438c-8c1e-cbb4b472c5fe,0c4a3cab-df04-423d-a601-a59bea5f3582,->,313d1fcf-fdf6-4e4e-85aa-8fcea532cc34,java/lang/Object.java,getClass
313d1fcf-fdf6-4e4e-85aa-8fcea532cc34,24f48b54-d614-438c-8c1e-cbb4b472c5fe,0c4a3cab-df04-423d-a601-a59bea5f3582,->,313d1fcf-fdf6-4e4e-85aa-8fcea532cc34,java/lang/Class.java,getResource
313d1fcf-fdf6-4e4e-85aa-8fcea532cc34,24f48b54-d614-438c-8c1e-cbb4b472c5fe,0c4a3cab-df04-423d-a601-a59bea5f3582,->,313d1fcf-fdf6-4e4e-85aa-8fcea532cc34,javax/swing/JLabel.java,setIcon
313d1fcf-fdf6-4e4e-85aa-8fcea532cc34,24f48b54-d614-438c-8c1e-cbb4b472c5fe,0c4a3cab-df04-423d-a601-a59bea5f3582,->,313d1fcf-fdf6-4e4e-85aa-8fcea532cc34,java/lang/Object.java,getClass
313d1fcf-fdf6-4e4e-85aa-8fcea532cc34,24f48b54-d614-438c-8c1e-cbb4b472c5fe,0c4a3cab-df04-423d-a601-a59bea5f3582,->,313d1fcf-fdf6-4e4e-85aa-8fcea532cc34,java/lang/Class.java,getResource
313d1fcf-fdf6-4e4e-85aa-8fcea532cc34,24f48b54-d614-438c-8c1e-cbb4b472c5fe,0c4a3cab-df04-423d-a601-a59bea5f3582,->,313d1fcf-fdf6-4e4e-85aa-8fcea532cc34,javax/swing/JLabel.java,setIcon
313d1fcf-fdf6-4e4e-85aa-8fcea532cc34,24f48b54-d614-438c-8c1e-cbb4b472c5fe,0c4a3cab-df04-423d-a601-a59bea5f3582,->,313d1fcf-fdf6-4e4e-85aa-8fcea532cc34,java/lang/Object.java,getClass
313d1fcf-fdf6-4e4e-85aa-8fcea532cc34,24f48b54-d614-438c-8c1e-cbb4b472c5fe,0c4a3cab-df04-423d-a601-a59bea5f3582,->,313d1fcf-fdf6-4e4e-85aa-8fcea532cc34,java/lang/Class.java,getResource
313d1fcf-fdf6-4e4e-85aa-8fcea532cc34,24f48b54-d614-438c-8c1e-cbb4b472c5fe,0c4a3cab-df04-423d-a601-a59bea5f3582,->,313d1fcf-fdf6-4e4e-85aa-8fcea532cc34,javax/swing/JLabel.java,setIcon
313d1fcf-fdf6-4e4e-85aa-8fcea532cc34,24f48b54-d614-438c-8c1e-cbb4b472c5fe,0c4a3cab-df04-423d-a601-a59bea5f3582,->,313d1fcf-fdf6-4e4e-85aa-8fcea532cc34,java/lang/Object.java,getClass
313d1fcf-fdf6-4e4e-85aa-8fcea532cc34,24f48b54-d614-438c-8c1e-cbb4b472c5fe,0c4a3cab-df04-423d-a601-a59bea5f3582,->,313d1fcf-fdf6-4e4e-85aa-8fcea532cc34,java/lang/Class.java,getResource
313d1fcf-fdf6-4e4e-85aa-8fcea532cc34,24f48b54-d614-438c-8c1e-cbb4b472c5fe,0c4a3cab-df04-423d-a601-a59bea5f3582,->,313d1fcf-fdf6-4e4e-85aa-8fcea532cc34,javax/swing/JLabel.java,setIcon
313d1fcf-fdf6-4e4e-85aa-8fcea532cc34,24f48b54-d614-438c-8c1e-cbb4b472c5fe,0c4a3cab-df04-423d-a601-a59bea5f3582,->,313d1fcf-fdf6-4e4e-85aa-8fcea532cc34,java/lang/Object.java,getClass
313d1fcf-fdf6-4e4e-85aa-8fcea532cc34,24f48b54-d614-438c-8c1e-cbb4b472c5fe,0c4a3cab-df04-423d-a601-a59bea5f3582,->,313d1fcf-fdf6-4e4e-85aa-8fcea532cc34,java/lang/Class.java,getResource
313d1fcf-fdf6-4e4e-85aa-8fcea532cc34,24f48b54-d614-438c-8c1e-cbb4b472c5fe,0c4a3cab-df04-423d-a601-a59bea5f3582,->,313d1fcf-fdf6-4e4e-85aa-8fcea532cc34,javax/swing/JLabel.java,setIcon
313d1fcf-fdf6-4e4e-85aa-8fcea532cc34,24f48b54-d614-438c-8c1e-cbb4b472c5fe,0c4a3cab-df04-423d-a601-a59bea5f3582,->,313d1fcf-fdf6-4e4e-85aa-8fcea532cc34,java/lang/Object.java,getClass
313d1fcf-fdf6-4e4e-85aa-8fcea532cc34,24f48b54-d614-438c-8c1e-cbb4b472c5fe,0c4a3cab-df04-423d-a601-a59bea5f3582,->,313d1fcf-fdf6-4e4e-85aa-8fcea532cc34,java/lang/Class.java,getResource
313d1fcf-fdf6-4e4e-85aa-8fcea532cc34,24f48b54-d614-438c-8c1e-cbb4b472c5fe,0c4a3cab-df04-423d-a601-a59bea5f3582,->,313d1fcf-fdf6-4e4e-85aa-8fcea532cc34,javax/swing/JLabel.java,setIcon
313d1fcf-fdf6-4e4e-85aa-8fcea532cc34,24f48b54-d614-438c-8c1e-cbb4b472c5fe,0c4a3cab-df04-423d-a601-a59bea5f3582,->,313d1fcf-fdf6-4e4e-85aa-8fcea532cc34,java/lang/Object.java,getClass
313d1fcf-fdf6-4e4e-85aa-8fcea532cc34,24f48b54-d614-438c-8c1e-cbb4b472c5fe,0c4a3cab-df04-423d-a601-a59bea5f3582,->,313d1fcf-fdf6-4e4e-85aa-8fcea532cc34,java/lang/Class.java,getResource
313d1fcf-fdf6-4e4e-85aa-8fcea532cc34,24f48b54-d614-438c-8c1e-cbb4b472c5fe,0c4a3cab-df04-423d-a601-a59bea5f3582,->,313d1fcf-fdf6-4e4e-85aa-8fcea532cc34,javax/swing/JLabel.java,setIcon
313d1fcf-fdf6-4e4e-85aa-8fcea532cc34,24f48b54-d614-438c-8c1e-cbb4b472c5fe,0c4a3cab-df04-423d-a601-a59bea5f3582,->,313d1fcf-fdf6-4e4e-85aa-8fcea532cc34,java/lang/Object.java,getClass
313d1fcf-fdf6-4e4e-85aa-8fcea532cc34,24f48b54-d614-438c-8c1e-cbb4b472c5fe,0c4a3cab-df04-423d-a601-a59bea5f3582,->,313d1fcf-fdf6-4e4e-85aa-8fcea532cc34,java/lang/Class.java,getResource
313d1fcf-fdf6-4e4e-85aa-8fcea532cc34,24f48b54-d614-438c-8c1e-cbb4b472c5fe,0c4a3cab-df04-423d-a601-a59bea5f3582,->,313d1fcf-fdf6-4e4e-85aa-8fcea532cc34,javax/swing/JLabel.java,setIcon
313d1fcf-fdf6-4e4e-85aa-8fcea532cc34,24f48b54-d614-438c-8c1e-cbb4b472c5fe,0c4a3cab-df04-423d-a601-a59bea5f3582,->,313d1fcf-fdf6-4e4e-85aa-8fcea532cc34,java/lang/Object.java,getClass
313d1fcf-fdf6-4e4e-85aa-8fcea532cc34,24f48b54-d614-438c-8c1e-cbb4b472c5fe,0c4a3cab-df04-423d-a601-a59bea5f3582,->,313d1fcf-fdf6-4e4e-85aa-8fcea532cc34,java/lang/Class.java,getResource
313d1fcf-fdf6-4e4e-85aa-8fcea532cc34,24f48b54-d614-438c-8c1e-cbb4b472c5fe,0c4a3cab-df04-423d-a601-a59bea5f3582,->,313d1fcf-fdf6-4e4e-85aa-8fcea532cc34,javax/swing/JLabel.java,setIcon
313d1fcf-fdf6-4e4e-85aa-8fcea532cc34,24f48b54-d614-438c-8c1e-cbb4b472c5fe,0c4a3cab-df04-423d-a601-a59bea5f3582,->,313d1fcf-fdf6-4e4e-85aa-8fcea532cc34,java/lang/Object.java,getClass
313d1fcf-fdf6-4e4e-85aa-8fcea532cc34,24f48b54-d614-438c-8c1e-cbb4b472c5fe,0c4a3cab-df04-423d-a601-a59bea5f3582,->,313d1fcf-fdf6-4e4e-85aa-8fcea532cc34,java/lang/Class.java,getResource
313d1fcf-fdf6-4e4e-85aa-8fcea532cc34,24f48b54-d614-438c-8c1e-cbb4b472c5fe,0c4a3cab-df04-423d-a601-a59bea5f3582,->,313d1fcf-fdf6-4e4e-85aa-8fcea532cc34,javax/swing/JLabel.java,setIcon
313d1fcf-fdf6-4e4e-85aa-8fcea532cc34,24f48b54-d614-438c-8c1e-cbb4b472c5fe,0c4a3cab-df04-423d-a601-a59bea5f3582,->,313d1fcf-fdf6-4e4e-85aa-8fcea532cc34,java/lang/Object.java,getClass
313d1fcf-fdf6-4e4e-85aa-8fcea532cc34,24f48b54-d614-438c-8c1e-cbb4b472c5fe,0c4a3cab-df04-423d-a601-a59bea5f3582,->,313d1fcf-fdf6-4e4e-85aa-8fcea532cc34,java/lang/Class.java,getResource
313d1fcf-fdf6-4e4e-85aa-8fcea532cc34,24f48b54-d614-438c-8c1e-cbb4b472c5fe,0c4a3cab-df04-423d-a601-a59bea5f3582,->,313d1fcf-fdf6-4e4e-85aa-8fcea532cc34,javax/swing/JLabel.java,setIcon
313d1fcf-fdf6-4e4e-85aa-8fcea532cc34,24f48b54-d614-438c-8c1e-cbb4b472c5fe,0c4a3cab-df04-423d-a601-a59bea5f3582,->,313d1fcf-fdf6-4e4e-85aa-8fcea532cc34,java/lang/Object.java,getClass
313d1fcf-fdf6-4e4e-85aa-8fcea532cc34,24f48b54-d614-438c-8c1e-cbb4b472c5fe,0c4a3cab-df04-423d-a601-a59bea5f3582,->,313d1fcf-fdf6-4e4e-85aa-8fcea532cc34,java/lang/Class.java,getResource
313d1fcf-fdf6-4e4e-85aa-8fcea532cc34,24f48b54-d614-438c-8c1e-cbb4b472c5fe,0c4a3cab-df04-423d-a601-a59bea5f3582,->,313d1fcf-fdf6-4e4e-85aa-8fcea532cc34,javax/swing/JLabel.java,setIcon
313d1fcf-fdf6-4e4e-85aa-8fcea532cc34,24f48b54-d614-438c-8c1e-cbb4b472c5fe,0c4a3cab-df04-423d-a601-a59bea5f3582,->,313d1fcf-fdf6-4e4e-85aa-8fcea532cc34,java/lang/Object.java,getClass
313d1fcf-fdf6-4e4e-85aa-8fcea532cc34,24f48b54-d614-438c-8c1e-cbb4b472c5fe,0c4a3cab-df04-423d-a601-a59bea5f3582,->,313d1fcf-fdf6-4e4e-85aa-8fcea532cc34,java/lang/Class.java,getResource
313d1fcf-fdf6-4e4e-85aa-8fcea532cc34,24f48b54-d614-438c-8c1e-cbb4b472c5fe,0c4a3cab-df04-423d-a601-a59bea5f3582,->,313d1fcf-fdf6-4e4e-85aa-8fcea532cc34,javax/swing/JLabel.java,setIcon
313d1fcf-fdf6-4e4e-85aa-8fcea532cc34,24f48b54-d614-438c-8c1e-cbb4b472c5fe,0c4a3cab-df04-423d-a601-a59bea5f3582,->,313d1fcf-fdf6-4e4e-85aa-8fcea532cc34,java/lang/Object.java,getClass
313d1fcf-fdf6-4e4e-85aa-8fcea532cc34,24f48b54-d614-438c-8c1e-cbb4b472c5fe,0c4a3cab-df04-423d-a601-a59bea5f3582,->,313d1fcf-fdf6-4e4e-85aa-8fcea532cc34,java/lang/Class.java,getResource
313d1fcf-fdf6-4e4e-85aa-8fcea532cc34,24f48b54-d614-438c-8c1e-cbb4b472c5fe,0c4a3cab-df04-423d-a601-a59bea5f3582,->,313d1fcf-fdf6-4e4e-85aa-8fcea532cc34,javax/swing/JLabel.java,setIcon
313d1fcf-fdf6-4e4e-85aa-8fcea532cc34,24f48b54-d614-438c-8c1e-cbb4b472c5fe,0c4a3cab-df04-423d-a601-a59bea5f3582,->,313d1fcf-fdf6-4e4e-85aa-8fcea532cc34,java/lang/Object.java,getClass
313d1fcf-fdf6-4e4e-85aa-8fcea532cc34,24f48b54-d614-438c-8c1e-cbb4b472c5fe,0c4a3cab-df04-423d-a601-a59bea5f3582,->,313d1fcf-fdf6-4e4e-85aa-8fcea532cc34,java/lang/Class.java,getResource
313d1fcf-fdf6-4e4e-85aa-8fcea532cc34,24f48b54-d614-438c-8c1e-cbb4b472c5fe,0c4a3cab-df04-423d-a601-a59bea5f3582,->,313d1fcf-fdf6-4e4e-85aa-8fcea532cc34,javax/swing/JLabel.java,setIcon
313d1fcf-fdf6-4e4e-85aa-8fcea532cc34,24f48b54-d614-438c-8c1e-cbb4b472c5fe,0c4a3cab-df04-423d-a601-a59bea5f3582,->,313d1fcf-fdf6-4e4e-85aa-8fcea532cc34,java/lang/Object.java,getClass
313d1fcf-fdf6-4e4e-85aa-8fcea532cc34,24f48b54-d614-438c-8c1e-cbb4b472c5fe,0c4a3cab-df04-423d-a601-a59bea5f3582,->,313d1fcf-fdf6-4e4e-85aa-8fcea532cc34,java/lang/Class.java,getResource
313d1fcf-fdf6-4e4e-85aa-8fcea532cc34,24f48b54-d614-438c-8c1e-cbb4b472c5fe,0c4a3cab-df04-423d-a601-a59bea5f3582,->,313d1fcf-fdf6-4e4e-85aa-8fcea532cc34,javax/swing/JLabel.java,setIcon
313d1fcf-fdf6-4e4e-85aa-8fcea532cc34,24f48b54-d614-438c-8c1e-cbb4b472c5fe,0c4a3cab-df04-423d-a601-a59bea5f3582,->,313d1fcf-fdf6-4e4e-85aa-8fcea532cc34,java/lang/Object.java,getClass
313d1fcf-fdf6-4e4e-85aa-8fcea532cc34,24f48b54-d614-438c-8c1e-cbb4b472c5fe,0c4a3cab-df04-423d-a601-a59bea5f3582,->,313d1fcf-fdf6-4e4e-85aa-8fcea532cc34,java/lang/Class.java,getResource
313d1fcf-fdf6-4e4e-85aa-8fcea532cc34,24f48b54-d614-438c-8c1e-cbb4b472c5fe,0c4a3cab-df04-423d-a601-a59bea5f3582,->,313d1fcf-fdf6-4e4e-85aa-8fcea532cc34,javax/swing/JLabel.java,setIcon
313d1fcf-fdf6-4e4e-85aa-8fcea532cc34,24f48b54-d614-438c-8c1e-cbb4b472c5fe,0c4a3cab-df04-423d-a601-a59bea5f3582,->,313d1fcf-fdf6-4e4e-85aa-8fcea532cc34,java/lang/Object.java,getClass
313d1fcf-fdf6-4e4e-85aa-8fcea532cc34,24f48b54-d614-438c-8c1e-cbb4b472c5fe,0c4a3cab-df04-423d-a601-a59bea5f3582,->,313d1fcf-fdf6-4e4e-85aa-8fcea532cc34,java/lang/Class.java,getResource
313d1fcf-fdf6-4e4e-85aa-8fcea532cc34,24f48b54-d614-438c-8c1e-cbb4b472c5fe,0c4a3cab-df04-423d-a601-a59bea5f3582,->,313d1fcf-fdf6-4e4e-85aa-8fcea532cc34,javax/swing/JLabel.java,setIcon
313d1fcf-fdf6-4e4e-85aa-8fcea532cc34,24f48b54-d614-438c-8c1e-cbb4b472c5fe,0c4a3cab-df04-423d-a601-a59bea5f3582,->,313d1fcf-fdf6-4e4e-85aa-8fcea532cc34,java/lang/Object.java,getClass
313d1fcf-fdf6-4e4e-85aa-8fcea532cc34,24f48b54-d614-438c-8c1e-cbb4b472c5fe,0c4a3cab-df04-423d-a601-a59bea5f3582,->,313d1fcf-fdf6-4e4e-85aa-8fcea532cc34,java/lang/Class.java,getResource
313d1fcf-fdf6-4e4e-85aa-8fcea532cc34,24f48b54-d614-438c-8c1e-cbb4b472c5fe,0c4a3cab-df04-423d-a601-a59bea5f3582,->,313d1fcf-fdf6-4e4e-85aa-8fcea532cc34,javax/swing/JLabel.java,setIcon
313d1fcf-fdf6-4e4e-85aa-8fcea532cc34,24f48b54-d614-438c-8c1e-cbb4b472c5fe,0c4a3cab-df04-423d-a601-a59bea5f3582,->,313d1fcf-fdf6-4e4e-85aa-8fcea532cc34,java/lang/Object.java,getClass
313d1fcf-fdf6-4e4e-85aa-8fcea532cc34,24f48b54-d614-438c-8c1e-cbb4b472c5fe,0c4a3cab-df04-423d-a601-a59bea5f3582,->,313d1fcf-fdf6-4e4e-85aa-8fcea532cc34,java/lang/Class.java,getResource
313d1fcf-fdf6-4e4e-85aa-8fcea532cc34,24f48b54-d614-438c-8c1e-cbb4b472c5fe,0c4a3cab-df04-423d-a601-a59bea5f3582,->,313d1fcf-fdf6-4e4e-85aa-8fcea532cc34,javax/swing/JLabel.java,setIcon
313d1fcf-fdf6-4e4e-85aa-8fcea532cc34,24f48b54-d614-438c-8c1e-cbb4b472c5fe,0c4a3cab-df04-423d-a601-a59bea5f3582,->,313d1fcf-fdf6-4e4e-85aa-8fcea532cc34,java/lang/Object.java,getClass
313d1fcf-fdf6-4e4e-85aa-8fcea532cc34,24f48b54-d614-438c-8c1e-cbb4b472c5fe,0c4a3cab-df04-423d-a601-a59bea5f3582,->,313d1fcf-fdf6-4e4e-85aa-8fcea532cc34,java/lang/Class.java,getResource
313d1fcf-fdf6-4e4e-85aa-8fcea532cc34,24f48b54-d614-438c-8c1e-cbb4b472c5fe,0c4a3cab-df04-423d-a601-a59bea5f3582,->,313d1fcf-fdf6-4e4e-85aa-8fcea532cc34,javax/swing/JLabel.java,setIcon
313d1fcf-fdf6-4e4e-85aa-8fcea532cc34,24f48b54-d614-438c-8c1e-cbb4b472c5fe,0c4a3cab-df04-423d-a601-a59bea5f3582,->,313d1fcf-fdf6-4e4e-85aa-8fcea532cc34,java/lang/Object.java,getClass
313d1fcf-fdf6-4e4e-85aa-8fcea532cc34,24f48b54-d614-438c-8c1e-cbb4b472c5fe,0c4a3cab-df04-423d-a601-a59bea5f3582,->,313d1fcf-fdf6-4e4e-85aa-8fcea532cc34,java/lang/Class.java,getResource
313d1fcf-fdf6-4e4e-85aa-8fcea532cc34,24f48b54-d614-438c-8c1e-cbb4b472c5fe,0c4a3cab-df04-423d-a601-a59bea5f3582,->,313d1fcf-fdf6-4e4e-85aa-8fcea532cc34,javax/swing/JLabel.java,setIcon
313d1fcf-fdf6-4e4e-85aa-8fcea532cc34,24f48b54-d614-438c-8c1e-cbb4b472c5fe,0c4a3cab-df04-423d-a601-a59bea5f3582,->,313d1fcf-fdf6-4e4e-85aa-8fcea532cc34,java/lang/Object.java,getClass
313d1fcf-fdf6-4e4e-85aa-8fcea532cc34,24f48b54-d614-438c-8c1e-cbb4b472c5fe,0c4a3cab-df04-423d-a601-a59bea5f3582,->,313d1fcf-fdf6-4e4e-85aa-8fcea532cc34,java/lang/Class.java,getResource
313d1fcf-fdf6-4e4e-85aa-8fcea532cc34,24f48b54-d614-438c-8c1e-cbb4b472c5fe,0c4a3cab-df04-423d-a601-a59bea5f3582,->,313d1fcf-fdf6-4e4e-85aa-8fcea532cc34,javax/swing/JLabel.java,setIcon
313d1fcf-fdf6-4e4e-85aa-8fcea532cc34,24f48b54-d614-438c-8c1e-cbb4b472c5fe,0c4a3cab-df04-423d-a601-a59bea5f3582,->,313d1fcf-fdf6-4e4e-85aa-8fcea532cc34,java/lang/Object.java,getClass
313d1fcf-fdf6-4e4e-85aa-8fcea532cc34,24f48b54-d614-438c-8c1e-cbb4b472c5fe,0c4a3cab-df04-423d-a601-a59bea5f3582,->,313d1fcf-fdf6-4e4e-85aa-8fcea532cc34,java/lang/Class.java,getResource
313d1fcf-fdf6-4e4e-85aa-8fcea532cc34,24f48b54-d614-438c-8c1e-cbb4b472c5fe,0c4a3cab-df04-423d-a601-a59bea5f3582,->,313d1fcf-fdf6-4e4e-85aa-8fcea532cc34,javax/swing/JLabel.java,setIcon
313d1fcf-fdf6-4e4e-85aa-8fcea532cc34,24f48b54-d614-438c-8c1e-cbb4b472c5fe,0c4a3cab-df04-423d-a601-a59bea5f3582,->,313d1fcf-fdf6-4e4e-85aa-8fcea532cc34,java/lang/Object.java,getClass
313d1fcf-fdf6-4e4e-85aa-8fcea532cc34,24f48b54-d614-438c-8c1e-cbb4b472c5fe,0c4a3cab-df04-423d-a601-a59bea5f3582,->,313d1fcf-fdf6-4e4e-85aa-8fcea532cc34,java/lang/Class.java,getResource
313d1fcf-fdf6-4e4e-85aa-8fcea532cc34,24f48b54-d614-438c-8c1e-cbb4b472c5fe,0c4a3cab-df04-423d-a601-a59bea5f3582,->,313d1fcf-fdf6-4e4e-85aa-8fcea532cc34,javax/swing/JLabel.java,setIcon
313d1fcf-fdf6-4e4e-85aa-8fcea532cc34,24f48b54-d614-438c-8c1e-cbb4b472c5fe,0c4a3cab-df04-423d-a601-a59bea5f3582,->,313d1fcf-fdf6-4e4e-85aa-8fcea532cc34,java/lang/Object.java,getClass
313d1fcf-fdf6-4e4e-85aa-8fcea532cc34,24f48b54-d614-438c-8c1e-cbb4b472c5fe,0c4a3cab-df04-423d-a601-a59bea5f3582,->,313d1fcf-fdf6-4e4e-85aa-8fcea532cc34,java/lang/Class.java,getResource
313d1fcf-fdf6-4e4e-85aa-8fcea532cc34,24f48b54-d614-438c-8c1e-cbb4b472c5fe,0c4a3cab-df04-423d-a601-a59bea5f3582,->,313d1fcf-fdf6-4e4e-85aa-8fcea532cc34,javax/swing/JLabel.java,setIcon
313d1fcf-fdf6-4e4e-85aa-8fcea532cc34,24f48b54-d614-438c-8c1e-cbb4b472c5fe,0c4a3cab-df04-423d-a601-a59bea5f3582,->,313d1fcf-fdf6-4e4e-85aa-8fcea532cc34,java/lang/Object.java,getClass
313d1fcf-fdf6-4e4e-85aa-8fcea532cc34,24f48b54-d614-438c-8c1e-cbb4b472c5fe,0c4a3cab-df04-423d-a601-a59bea5f3582,->,313d1fcf-fdf6-4e4e-85aa-8fcea532cc34,java/lang/Class.java,getResource
313d1fcf-fdf6-4e4e-85aa-8fcea532cc34,24f48b54-d614-438c-8c1e-cbb4b472c5fe,0c4a3cab-df04-423d-a601-a59bea5f3582,->,313d1fcf-fdf6-4e4e-85aa-8fcea532cc34,javax/swing/JLabel.java,setIcon
313d1fcf-fdf6-4e4e-85aa-8fcea532cc34,24f48b54-d614-438c-8c1e-cbb4b472c5fe,dd59046f-eb71-468e-a915-da1fbcc137d2,->,313d1fcf-fdf6-4e4e-85aa-8fcea532cc34,a658b42d-c491-45a2-bd25-15e4f750c660,9a5825e2-2088-414c-afef-dda6805fcea8
313d1fcf-fdf6-4e4e-85aa-8fcea532cc34,24f48b54-d614-438c-8c1e-cbb4b472c5fe,dd59046f-eb71-468e-a915-da1fbcc137d2,->,313d1fcf-fdf6-4e4e-85aa-8fcea532cc34,java/lang/String.java,equals
313d1fcf-fdf6-4e4e-85aa-8fcea532cc34,24f48b54-d614-438c-8c1e-cbb4b472c5fe,dd59046f-eb71-468e-a915-da1fbcc137d2,->,313d1fcf-fdf6-4e4e-85aa-8fcea532cc34,java/lang/StringBuilder.java,append
313d1fcf-fdf6-4e4e-85aa-8fcea532cc34,24f48b54-d614-438c-8c1e-cbb4b472c5fe,dd59046f-eb71-468e-a915-da1fbcc137d2,->,313d1fcf-fdf6-4e4e-85aa-8fcea532cc34,java/lang/StringBuilder.java,append
313d1fcf-fdf6-4e4e-85aa-8fcea532cc34,24f48b54-d614-438c-8c1e-cbb4b472c5fe,dd59046f-eb71-468e-a915-da1fbcc137d2,->,313d1fcf-fdf6-4e4e-85aa-8fcea532cc34,java/lang/Integer.java,toString
313d1fcf-fdf6-4e4e-85aa-8fcea532cc34,24f48b54-d614-438c-8c1e-cbb4b472c5fe,dd59046f-eb71-468e-a915-da1fbcc137d2,->,313d1fcf-fdf6-4e4e-85aa-8fcea532cc34,java/lang/StringBuilder.java,append
313d1fcf-fdf6-4e4e-85aa-8fcea532cc34,24f48b54-d614-438c-8c1e-cbb4b472c5fe,dd59046f-eb71-468e-a915-da1fbcc137d2,->,313d1fcf-fdf6-4e4e-85aa-8fcea532cc34,java/lang/StringBuilder.java,toString
313d1fcf-fdf6-4e4e-85aa-8fcea532cc34,24f48b54-d614-438c-8c1e-cbb4b472c5fe,8a320cf5-24cf-4a2c-b349-d70403fa322c,->,313d1fcf-fdf6-4e4e-85aa-8fcea532cc34,game/TableroDos.java,getSize
313d1fcf-fdf6-4e4e-85aa-8fcea532cc34,24f48b54-d614-438c-8c1e-cbb4b472c5fe,8a320cf5-24cf-4a2c-b349-d70403fa322c,->,313d1fcf-fdf6-4e4e-85aa-8fcea532cc34,java/lang/Object.java,getClass
313d1fcf-fdf6-4e4e-85aa-8fcea532cc34,24f48b54-d614-438c-8c1e-cbb4b472c5fe,8a320cf5-24cf-4a2c-b349-d70403fa322c,->,313d1fcf-fdf6-4e4e-85aa-8fcea532cc34,java/lang/Class.java,getResource
313d1fcf-fdf6-4e4e-85aa-8fcea532cc34,24f48b54-d614-438c-8c1e-cbb4b472c5fe,8a320cf5-24cf-4a2c-b349-d70403fa322c,->,313d1fcf-fdf6-4e4e-85aa-8fcea532cc34,javax/swing/ImageIcon.java,getImage
313d1fcf-fdf6-4e4e-85aa-8fcea532cc34,24f48b54-d614-438c-8c1e-cbb4b472c5fe,8a320cf5-24cf-4a2c-b349-d70403fa322c,->,313d1fcf-fdf6-4e4e-85aa-8fcea532cc34,java/awt/Graphics.java,drawImage
313d1fcf-fdf6-4e4e-85aa-8fcea532cc34,24f48b54-d614-438c-8c1e-cbb4b472c5fe,8a320cf5-24cf-4a2c-b349-d70403fa322c,->,313d1fcf-fdf6-4e4e-85aa-8fcea532cc34,game/TableroDos.java,setOpaque
313d1fcf-fdf6-4e4e-85aa-8fcea532cc34,24f48b54-d614-438c-8c1e-cbb4b472c5fe,8a320cf5-24cf-4a2c-b349-d70403fa322c,->,313d1fcf-fdf6-4e4e-85aa-8fcea532cc34,javax/swing/JPanel.java,paintComponent
313d1fcf-fdf6-4e4e-85aa-8fcea532cc34,a03bf0a1-edcf-4881-b00d-be1ce57b152b,2cd42659-39e4-4c01-ae5e-78d81d088931,->,313d1fcf-fdf6-4e4e-85aa-8fcea532cc34,a03bf0a1-edcf-4881-b00d-be1ce57b152b,e7d88b26-0f63-4723-b969-45028bd0bb55
313d1fcf-fdf6-4e4e-85aa-8fcea532cc34,a03bf0a1-edcf-4881-b00d-be1ce57b152b,2cd42659-39e4-4c01-ae5e-78d81d088931,->,313d1fcf-fdf6-4e4e-85aa-8fcea532cc34,java/util/Random.java,nextInt
313d1fcf-fdf6-4e4e-85aa-8fcea532cc34,a03bf0a1-edcf-4881-b00d-be1ce57b152b,2cd42659-39e4-4c01-ae5e-78d81d088931,->,313d1fcf-fdf6-4e4e-85aa-8fcea532cc34,java/util/Random.java,nextInt
313d1fcf-fdf6-4e4e-85aa-8fcea532cc34,a03bf0a1-edcf-4881-b00d-be1ce57b152b,2cd42659-39e4-4c01-ae5e-78d81d088931,->,313d1fcf-fdf6-4e4e-85aa-8fcea532cc34,java/util/Random.java,nextInt
313d1fcf-fdf6-4e4e-85aa-8fcea532cc34,a03bf0a1-edcf-4881-b00d-be1ce57b152b,2cd42659-39e4-4c01-ae5e-78d81d088931,->,313d1fcf-fdf6-4e4e-85aa-8fcea532cc34,24f48b54-d614-438c-8c1e-cbb4b472c5fe,dd59046f-eb71-468e-a915-da1fbcc137d2
313d1fcf-fdf6-4e4e-85aa-8fcea532cc34,a03bf0a1-edcf-4881-b00d-be1ce57b152b,38bbe770-de38-44bc-8562-cd16a594aee7,->,313d1fcf-fdf6-4e4e-85aa-8fcea532cc34,java/lang/String.java,substring
313d1fcf-fdf6-4e4e-85aa-8fcea532cc34,a03bf0a1-edcf-4881-b00d-be1ce57b152b,38bbe770-de38-44bc-8562-cd16a594aee7,->,313d1fcf-fdf6-4e4e-85aa-8fcea532cc34,java/lang/String.java,hashCode
313d1fcf-fdf6-4e4e-85aa-8fcea532cc34,a03bf0a1-edcf-4881-b00d-be1ce57b152b,38bbe770-de38-44bc-8562-cd16a594aee7,->,313d1fcf-fdf6-4e4e-85aa-8fcea532cc34,java/lang/String.java,equals
313d1fcf-fdf6-4e4e-85aa-8fcea532cc34,a03bf0a1-edcf-4881-b00d-be1ce57b152b,38bbe770-de38-44bc-8562-cd16a594aee7,->,313d1fcf-fdf6-4e4e-85aa-8fcea532cc34,java/lang/String.java,equals
313d1fcf-fdf6-4e4e-85aa-8fcea532cc34,a03bf0a1-edcf-4881-b00d-be1ce57b152b,38bbe770-de38-44bc-8562-cd16a594aee7,->,313d1fcf-fdf6-4e4e-85aa-8fcea532cc34,java/lang/String.java,equals
313d1fcf-fdf6-4e4e-85aa-8fcea532cc34,a03bf0a1-edcf-4881-b00d-be1ce57b152b,38bbe770-de38-44bc-8562-cd16a594aee7,->,313d1fcf-fdf6-4e4e-85aa-8fcea532cc34,java/lang/String.java,equals
313d1fcf-fdf6-4e4e-85aa-8fcea532cc34,a03bf0a1-edcf-4881-b00d-be1ce57b152b,38bbe770-de38-44bc-8562-cd16a594aee7,->,313d1fcf-fdf6-4e4e-85aa-8fcea532cc34,java/lang/Object.java,getClass
313d1fcf-fdf6-4e4e-85aa-8fcea532cc34,a03bf0a1-edcf-4881-b00d-be1ce57b152b,38bbe770-de38-44bc-8562-cd16a594aee7,->,313d1fcf-fdf6-4e4e-85aa-8fcea532cc34,java/lang/Class.java,getResource
313d1fcf-fdf6-4e4e-85aa-8fcea532cc34,a03bf0a1-edcf-4881-b00d-be1ce57b152b,38bbe770-de38-44bc-8562-cd16a594aee7,->,313d1fcf-fdf6-4e4e-85aa-8fcea532cc34,javax/swing/JLabel.java,setIcon
313d1fcf-fdf6-4e4e-85aa-8fcea532cc34,a03bf0a1-edcf-4881-b00d-be1ce57b152b,3bcf2b1a-53fc-47e1-b49c-8e732bcca7b1,->,313d1fcf-fdf6-4e4e-85aa-8fcea532cc34,a03bf0a1-edcf-4881-b00d-be1ce57b152b,38bbe770-de38-44bc-8562-cd16a594aee7
313d1fcf-fdf6-4e4e-85aa-8fcea532cc34,a03bf0a1-edcf-4881-b00d-be1ce57b152b,3bcf2b1a-53fc-47e1-b49c-8e732bcca7b1,->,313d1fcf-fdf6-4e4e-85aa-8fcea532cc34,java/lang/StringBuilder.java,append
313d1fcf-fdf6-4e4e-85aa-8fcea532cc34,a03bf0a1-edcf-4881-b00d-be1ce57b152b,3bcf2b1a-53fc-47e1-b49c-8e732bcca7b1,->,313d1fcf-fdf6-4e4e-85aa-8fcea532cc34,java/lang/StringBuilder.java,append
313d1fcf-fdf6-4e4e-85aa-8fcea532cc34,a03bf0a1-edcf-4881-b00d-be1ce57b152b,3bcf2b1a-53fc-47e1-b49c-8e732bcca7b1,->,313d1fcf-fdf6-4e4e-85aa-8fcea532cc34,java/lang/StringBuilder.java,toString
313d1fcf-fdf6-4e4e-85aa-8fcea532cc34,a03bf0a1-edcf-4881-b00d-be1ce57b152b,3bcf2b1a-53fc-47e1-b49c-8e732bcca7b1,->,313d1fcf-fdf6-4e4e-85aa-8fcea532cc34,java/io/PrintStream.java,println
313d1fcf-fdf6-4e4e-85aa-8fcea532cc34,a03bf0a1-edcf-4881-b00d-be1ce57b152b,3bcf2b1a-53fc-47e1-b49c-8e732bcca7b1,->,313d1fcf-fdf6-4e4e-85aa-8fcea532cc34,0707f5cf-683f-4642-b7bb-1bd95e11adca,90a16bc9-327f-45bf-b61a-153f5bdbdc55
313d1fcf-fdf6-4e4e-85aa-8fcea532cc34,a03bf0a1-edcf-4881-b00d-be1ce57b152b,3bcf2b1a-53fc-47e1-b49c-8e732bcca7b1,->,313d1fcf-fdf6-4e4e-85aa-8fcea532cc34,0707f5cf-683f-4642-b7bb-1bd95e11adca,90a16bc9-327f-45bf-b61a-153f5bdbdc55
313d1fcf-fdf6-4e4e-85aa-8fcea532cc34,a03bf0a1-edcf-4881-b00d-be1ce57b152b,3bcf2b1a-53fc-47e1-b49c-8e732bcca7b1,->,313d1fcf-fdf6-4e4e-85aa-8fcea532cc34,java/io/PrintStream.java,println
313d1fcf-fdf6-4e4e-85aa-8fcea532cc34,a03bf0a1-edcf-4881-b00d-be1ce57b152b,3bcf2b1a-53fc-47e1-b49c-8e732bcca7b1,->,313d1fcf-fdf6-4e4e-85aa-8fcea532cc34,0707f5cf-683f-4642-b7bb-1bd95e11adca,35446c25-04ec-443b-89d0-48dc74cb6ab2
313d1fcf-fdf6-4e4e-85aa-8fcea532cc34,a03bf0a1-edcf-4881-b00d-be1ce57b152b,d7cee698-74dd-4b33-b835-2ea7ab1db55c,->,313d1fcf-fdf6-4e4e-85aa-8fcea532cc34,java/util/Random.java,nextInt
313d1fcf-fdf6-4e4e-85aa-8fcea532cc34,a03bf0a1-edcf-4881-b00d-be1ce57b152b,d7cee698-74dd-4b33-b835-2ea7ab1db55c,->,313d1fcf-fdf6-4e4e-85aa-8fcea532cc34,java/util/Random.java,nextInt
313d1fcf-fdf6-4e4e-85aa-8fcea532cc34,a03bf0a1-edcf-4881-b00d-be1ce57b152b,d7cee698-74dd-4b33-b835-2ea7ab1db55c,->,313d1fcf-fdf6-4e4e-85aa-8fcea532cc34,a03bf0a1-edcf-4881-b00d-be1ce57b152b,38bbe770-de38-44bc-8562-cd16a594aee7
313d1fcf-fdf6-4e4e-85aa-8fcea532cc34,a03bf0a1-edcf-4881-b00d-be1ce57b152b,d7cee698-74dd-4b33-b835-2ea7ab1db55c,->,313d1fcf-fdf6-4e4e-85aa-8fcea532cc34,a03bf0a1-edcf-4881-b00d-be1ce57b152b,3338cf92-2554-4d05-b950-93846c7ec09c
313d1fcf-fdf6-4e4e-85aa-8fcea532cc34,a03bf0a1-edcf-4881-b00d-be1ce57b152b,d7cee698-74dd-4b33-b835-2ea7ab1db55c,->,313d1fcf-fdf6-4e4e-85aa-8fcea532cc34,a03bf0a1-edcf-4881-b00d-be1ce57b152b,98af21b8-c374-4359-9b8f-14418588c66a
313d1fcf-fdf6-4e4e-85aa-8fcea532cc34,a03bf0a1-edcf-4881-b00d-be1ce57b152b,d7cee698-74dd-4b33-b835-2ea7ab1db55c,->,313d1fcf-fdf6-4e4e-85aa-8fcea532cc34,java/lang/StringBuilder.java,append
313d1fcf-fdf6-4e4e-85aa-8fcea532cc34,a03bf0a1-edcf-4881-b00d-be1ce57b152b,d7cee698-74dd-4b33-b835-2ea7ab1db55c,->,313d1fcf-fdf6-4e4e-85aa-8fcea532cc34,java/lang/StringBuilder.java,append
313d1fcf-fdf6-4e4e-85aa-8fcea532cc34,a03bf0a1-edcf-4881-b00d-be1ce57b152b,d7cee698-74dd-4b33-b835-2ea7ab1db55c,->,313d1fcf-fdf6-4e4e-85aa-8fcea532cc34,java/lang/StringBuilder.java,toString
313d1fcf-fdf6-4e4e-85aa-8fcea532cc34,a03bf0a1-edcf-4881-b00d-be1ce57b152b,d7cee698-74dd-4b33-b835-2ea7ab1db55c,->,313d1fcf-fdf6-4e4e-85aa-8fcea532cc34,java/io/PrintStream.java,println
313d1fcf-fdf6-4e4e-85aa-8fcea532cc34,a03bf0a1-edcf-4881-b00d-be1ce57b152b,d7cee698-74dd-4b33-b835-2ea7ab1db55c,->,313d1fcf-fdf6-4e4e-85aa-8fcea532cc34,0707f5cf-683f-4642-b7bb-1bd95e11adca,90a16bc9-327f-45bf-b61a-153f5bdbdc55
313d1fcf-fdf6-4e4e-85aa-8fcea532cc34,a03bf0a1-edcf-4881-b00d-be1ce57b152b,d7cee698-74dd-4b33-b835-2ea7ab1db55c,->,313d1fcf-fdf6-4e4e-85aa-8fcea532cc34,0707f5cf-683f-4642-b7bb-1bd95e11adca,90a16bc9-327f-45bf-b61a-153f5bdbdc55
313d1fcf-fdf6-4e4e-85aa-8fcea532cc34,a03bf0a1-edcf-4881-b00d-be1ce57b152b,d7cee698-74dd-4b33-b835-2ea7ab1db55c,->,313d1fcf-fdf6-4e4e-85aa-8fcea532cc34,java/io/PrintStream.java,println
313d1fcf-fdf6-4e4e-85aa-8fcea532cc34,a03bf0a1-edcf-4881-b00d-be1ce57b152b,d7cee698-74dd-4b33-b835-2ea7ab1db55c,->,313d1fcf-fdf6-4e4e-85aa-8fcea532cc34,0707f5cf-683f-4642-b7bb-1bd95e11adca,35446c25-04ec-443b-89d0-48dc74cb6ab2
313d1fcf-fdf6-4e4e-85aa-8fcea532cc34,a03bf0a1-edcf-4881-b00d-be1ce57b152b,d32ce848-9a64-4b8e-83da-081607c5f5d3,->,313d1fcf-fdf6-4e4e-85aa-8fcea532cc34,0707f5cf-683f-4642-b7bb-1bd95e11adca,b465394c-c789-4285-b547-a21e7343f812
313d1fcf-fdf6-4e4e-85aa-8fcea532cc34,a03bf0a1-edcf-4881-b00d-be1ce57b152b,3338cf92-2554-4d05-b950-93846c7ec09c,->,313d1fcf-fdf6-4e4e-85aa-8fcea532cc34,a03bf0a1-edcf-4881-b00d-be1ce57b152b,98af21b8-c374-4359-9b8f-14418588c66a
313d1fcf-fdf6-4e4e-85aa-8fcea532cc34,a03bf0a1-edcf-4881-b00d-be1ce57b152b,3338cf92-2554-4d05-b950-93846c7ec09c,->,313d1fcf-fdf6-4e4e-85aa-8fcea532cc34,java/lang/Object.java,getClass
313d1fcf-fdf6-4e4e-85aa-8fcea532cc34,a03bf0a1-edcf-4881-b00d-be1ce57b152b,3338cf92-2554-4d05-b950-93846c7ec09c,->,313d1fcf-fdf6-4e4e-85aa-8fcea532cc34,java/lang/Class.java,getResource
313d1fcf-fdf6-4e4e-85aa-8fcea532cc34,a03bf0a1-edcf-4881-b00d-be1ce57b152b,3338cf92-2554-4d05-b950-93846c7ec09c,->,313d1fcf-fdf6-4e4e-85aa-8fcea532cc34,javax/swing/JLabel.java,setIcon
313d1fcf-fdf6-4e4e-85aa-8fcea532cc34,a03bf0a1-edcf-4881-b00d-be1ce57b152b,98af21b8-c374-4359-9b8f-14418588c66a,->,313d1fcf-fdf6-4e4e-85aa-8fcea532cc34,java/lang/Object.java,getClass
313d1fcf-fdf6-4e4e-85aa-8fcea532cc34,a03bf0a1-edcf-4881-b00d-be1ce57b152b,98af21b8-c374-4359-9b8f-14418588c66a,->,313d1fcf-fdf6-4e4e-85aa-8fcea532cc34,java/lang/Class.java,getResource
313d1fcf-fdf6-4e4e-85aa-8fcea532cc34,a03bf0a1-edcf-4881-b00d-be1ce57b152b,98af21b8-c374-4359-9b8f-14418588c66a,->,313d1fcf-fdf6-4e4e-85aa-8fcea532cc34,javax/swing/JLabel.java,setIcon
313d1fcf-fdf6-4e4e-85aa-8fcea532cc34,a03bf0a1-edcf-4881-b00d-be1ce57b152b,98af21b8-c374-4359-9b8f-14418588c66a,->,313d1fcf-fdf6-4e4e-85aa-8fcea532cc34,a03bf0a1-edcf-4881-b00d-be1ce57b152b,38bbe770-de38-44bc-8562-cd16a594aee7
313d1fcf-fdf6-4e4e-85aa-8fcea532cc34,a03bf0a1-edcf-4881-b00d-be1ce57b152b,98af21b8-c374-4359-9b8f-14418588c66a,->,313d1fcf-fdf6-4e4e-85aa-8fcea532cc34,a03bf0a1-edcf-4881-b00d-be1ce57b152b,38bbe770-de38-44bc-8562-cd16a594aee7
313d1fcf-fdf6-4e4e-85aa-8fcea532cc34,a03bf0a1-edcf-4881-b00d-be1ce57b152b,98af21b8-c374-4359-9b8f-14418588c66a,->,313d1fcf-fdf6-4e4e-85aa-8fcea532cc34,a03bf0a1-edcf-4881-b00d-be1ce57b152b,38bbe770-de38-44bc-8562-cd16a594aee7
313d1fcf-fdf6-4e4e-85aa-8fcea532cc34,a03bf0a1-edcf-4881-b00d-be1ce57b152b,98af21b8-c374-4359-9b8f-14418588c66a,->,313d1fcf-fdf6-4e4e-85aa-8fcea532cc34,a03bf0a1-edcf-4881-b00d-be1ce57b152b,38bbe770-de38-44bc-8562-cd16a594aee7
313d1fcf-fdf6-4e4e-85aa-8fcea532cc34,a03bf0a1-edcf-4881-b00d-be1ce57b152b,98af21b8-c374-4359-9b8f-14418588c66a,->,313d1fcf-fdf6-4e4e-85aa-8fcea532cc34,a03bf0a1-edcf-4881-b00d-be1ce57b152b,38bbe770-de38-44bc-8562-cd16a594aee7
313d1fcf-fdf6-4e4e-85aa-8fcea532cc34,a03bf0a1-edcf-4881-b00d-be1ce57b152b,4107733c-941c-4b86-9b97-5ee3f0f7e7f1,->,313d1fcf-fdf6-4e4e-85aa-8fcea532cc34,java/io/PrintStream.java,println
313d1fcf-fdf6-4e4e-85aa-8fcea532cc34,a03bf0a1-edcf-4881-b00d-be1ce57b152b,4107733c-941c-4b86-9b97-5ee3f0f7e7f1,->,313d1fcf-fdf6-4e4e-85aa-8fcea532cc34,java/lang/StringBuilder.java,append
313d1fcf-fdf6-4e4e-85aa-8fcea532cc34,a03bf0a1-edcf-4881-b00d-be1ce57b152b,4107733c-941c-4b86-9b97-5ee3f0f7e7f1,->,313d1fcf-fdf6-4e4e-85aa-8fcea532cc34,java/lang/StringBuilder.java,append
313d1fcf-fdf6-4e4e-85aa-8fcea532cc34,a03bf0a1-edcf-4881-b00d-be1ce57b152b,4107733c-941c-4b86-9b97-5ee3f0f7e7f1,->,313d1fcf-fdf6-4e4e-85aa-8fcea532cc34,java/lang/StringBuilder.java,append
313d1fcf-fdf6-4e4e-85aa-8fcea532cc34,a03bf0a1-edcf-4881-b00d-be1ce57b152b,4107733c-941c-4b86-9b97-5ee3f0f7e7f1,->,313d1fcf-fdf6-4e4e-85aa-8fcea532cc34,java/lang/StringBuilder.java,toString
313d1fcf-fdf6-4e4e-85aa-8fcea532cc34,a03bf0a1-edcf-4881-b00d-be1ce57b152b,4107733c-941c-4b86-9b97-5ee3f0f7e7f1,->,313d1fcf-fdf6-4e4e-85aa-8fcea532cc34,java/io/PrintStream.java,print
313d1fcf-fdf6-4e4e-85aa-8fcea532cc34,a03bf0a1-edcf-4881-b00d-be1ce57b152b,4107733c-941c-4b86-9b97-5ee3f0f7e7f1,->,313d1fcf-fdf6-4e4e-85aa-8fcea532cc34,java/io/PrintStream.java,println
313d1fcf-fdf6-4e4e-85aa-8fcea532cc34,a03bf0a1-edcf-4881-b00d-be1ce57b152b,4107733c-941c-4b86-9b97-5ee3f0f7e7f1,->,313d1fcf-fdf6-4e4e-85aa-8fcea532cc34,java/io/PrintStream.java,println
313d1fcf-fdf6-4e4e-85aa-8fcea532cc34,a03bf0a1-edcf-4881-b00d-be1ce57b152b,1f09748c-40a7-432c-8c29-87bd743b32ff,->,313d1fcf-fdf6-4e4e-85aa-8fcea532cc34,java/io/PrintStream.java,println
313d1fcf-fdf6-4e4e-85aa-8fcea532cc34,a03bf0a1-edcf-4881-b00d-be1ce57b152b,1f09748c-40a7-432c-8c29-87bd743b32ff,->,313d1fcf-fdf6-4e4e-85aa-8fcea532cc34,java/io/PrintStream.java,print
313d1fcf-fdf6-4e4e-85aa-8fcea532cc34,a03bf0a1-edcf-4881-b00d-be1ce57b152b,1f09748c-40a7-432c-8c29-87bd743b32ff,->,313d1fcf-fdf6-4e4e-85aa-8fcea532cc34,java/lang/StringBuilder.java,append
313d1fcf-fdf6-4e4e-85aa-8fcea532cc34,a03bf0a1-edcf-4881-b00d-be1ce57b152b,1f09748c-40a7-432c-8c29-87bd743b32ff,->,313d1fcf-fdf6-4e4e-85aa-8fcea532cc34,java/lang/StringBuilder.java,append
313d1fcf-fdf6-4e4e-85aa-8fcea532cc34,a03bf0a1-edcf-4881-b00d-be1ce57b152b,1f09748c-40a7-432c-8c29-87bd743b32ff,->,313d1fcf-fdf6-4e4e-85aa-8fcea532cc34,java/lang/StringBuilder.java,append
313d1fcf-fdf6-4e4e-85aa-8fcea532cc34,a03bf0a1-edcf-4881-b00d-be1ce57b152b,1f09748c-40a7-432c-8c29-87bd743b32ff,->,313d1fcf-fdf6-4e4e-85aa-8fcea532cc34,java/lang/StringBuilder.java,toString
313d1fcf-fdf6-4e4e-85aa-8fcea532cc34,a03bf0a1-edcf-4881-b00d-be1ce57b152b,1f09748c-40a7-432c-8c29-87bd743b32ff,->,313d1fcf-fdf6-4e4e-85aa-8fcea532cc34,java/io/PrintStream.java,print
313d1fcf-fdf6-4e4e-85aa-8fcea532cc34,a03bf0a1-edcf-4881-b00d-be1ce57b152b,1f09748c-40a7-432c-8c29-87bd743b32ff,->,313d1fcf-fdf6-4e4e-85aa-8fcea532cc34,java/io/PrintStream.java,println
313d1fcf-fdf6-4e4e-85aa-8fcea532cc34,a03bf0a1-edcf-4881-b00d-be1ce57b152b,1f09748c-40a7-432c-8c29-87bd743b32ff,->,313d1fcf-fdf6-4e4e-85aa-8fcea532cc34,java/lang/StringBuilder.java,append
313d1fcf-fdf6-4e4e-85aa-8fcea532cc34,a03bf0a1-edcf-4881-b00d-be1ce57b152b,1f09748c-40a7-432c-8c29-87bd743b32ff,->,313d1fcf-fdf6-4e4e-85aa-8fcea532cc34,java/lang/StringBuilder.java,append
313d1fcf-fdf6-4e4e-85aa-8fcea532cc34,a03bf0a1-edcf-4881-b00d-be1ce57b152b,1f09748c-40a7-432c-8c29-87bd743b32ff,->,313d1fcf-fdf6-4e4e-85aa-8fcea532cc34,java/lang/StringBuilder.java,append
313d1fcf-fdf6-4e4e-85aa-8fcea532cc34,a03bf0a1-edcf-4881-b00d-be1ce57b152b,1f09748c-40a7-432c-8c29-87bd743b32ff,->,313d1fcf-fdf6-4e4e-85aa-8fcea532cc34,java/lang/StringBuilder.java,toString
313d1fcf-fdf6-4e4e-85aa-8fcea532cc34,a03bf0a1-edcf-4881-b00d-be1ce57b152b,1f09748c-40a7-432c-8c29-87bd743b32ff,->,313d1fcf-fdf6-4e4e-85aa-8fcea532cc34,java/io/PrintStream.java,print
313d1fcf-fdf6-4e4e-85aa-8fcea532cc34,a03bf0a1-edcf-4881-b00d-be1ce57b152b,1f09748c-40a7-432c-8c29-87bd743b32ff,->,313d1fcf-fdf6-4e4e-85aa-8fcea532cc34,java/lang/StringBuilder.java,append
313d1fcf-fdf6-4e4e-85aa-8fcea532cc34,a03bf0a1-edcf-4881-b00d-be1ce57b152b,1f09748c-40a7-432c-8c29-87bd743b32ff,->,313d1fcf-fdf6-4e4e-85aa-8fcea532cc34,java/lang/StringBuilder.java,append
313d1fcf-fdf6-4e4e-85aa-8fcea532cc34,a03bf0a1-edcf-4881-b00d-be1ce57b152b,1f09748c-40a7-432c-8c29-87bd743b32ff,->,313d1fcf-fdf6-4e4e-85aa-8fcea532cc34,java/lang/StringBuilder.java,append
313d1fcf-fdf6-4e4e-85aa-8fcea532cc34,a03bf0a1-edcf-4881-b00d-be1ce57b152b,1f09748c-40a7-432c-8c29-87bd743b32ff,->,313d1fcf-fdf6-4e4e-85aa-8fcea532cc34,java/lang/StringBuilder.java,toString
313d1fcf-fdf6-4e4e-85aa-8fcea532cc34,a03bf0a1-edcf-4881-b00d-be1ce57b152b,1f09748c-40a7-432c-8c29-87bd743b32ff,->,313d1fcf-fdf6-4e4e-85aa-8fcea532cc34,java/io/PrintStream.java,print
313d1fcf-fdf6-4e4e-85aa-8fcea532cc34,a03bf0a1-edcf-4881-b00d-be1ce57b152b,1f09748c-40a7-432c-8c29-87bd743b32ff,->,313d1fcf-fdf6-4e4e-85aa-8fcea532cc34,java/io/PrintStream.java,println
313d1fcf-fdf6-4e4e-85aa-8fcea532cc34,a03bf0a1-edcf-4881-b00d-be1ce57b152b,1f09748c-40a7-432c-8c29-87bd743b32ff,->,313d1fcf-fdf6-4e4e-85aa-8fcea532cc34,java/io/PrintStream.java,println
313d1fcf-fdf6-4e4e-85aa-8fcea532cc34,game/TableroDos$1.java,mouseEntered,->,313d1fcf-fdf6-4e4e-85aa-8fcea532cc34,javax/swing/JLabel.java,getIcon
313d1fcf-fdf6-4e4e-85aa-8fcea532cc34,game/TableroDos$1.java,mouseEntered,->,313d1fcf-fdf6-4e4e-85aa-8fcea532cc34,java/lang/Object.java,toString
313d1fcf-fdf6-4e4e-85aa-8fcea532cc34,game/TableroDos$1.java,mouseEntered,->,313d1fcf-fdf6-4e4e-85aa-8fcea532cc34,java/lang/String.java,length
313d1fcf-fdf6-4e4e-85aa-8fcea532cc34,game/TableroDos$1.java,mouseEntered,->,313d1fcf-fdf6-4e4e-85aa-8fcea532cc34,javax/swing/JLabel.java,getIcon
313d1fcf-fdf6-4e4e-85aa-8fcea532cc34,game/TableroDos$1.java,mouseEntered,->,313d1fcf-fdf6-4e4e-85aa-8fcea532cc34,java/lang/Object.java,toString
313d1fcf-fdf6-4e4e-85aa-8fcea532cc34,game/TableroDos$1.java,mouseEntered,->,313d1fcf-fdf6-4e4e-85aa-8fcea532cc34,java/lang/String.java,substring
313d1fcf-fdf6-4e4e-85aa-8fcea532cc34,game/TableroDos$1.java,mouseEntered,->,313d1fcf-fdf6-4e4e-85aa-8fcea532cc34,java/lang/String.java,equals
313d1fcf-fdf6-4e4e-85aa-8fcea532cc34,game/TableroDos$1.java,mouseEntered,->,313d1fcf-fdf6-4e4e-85aa-8fcea532cc34,java/lang/Object.java,getClass
313d1fcf-fdf6-4e4e-85aa-8fcea532cc34,game/TableroDos$1.java,mouseEntered,->,313d1fcf-fdf6-4e4e-85aa-8fcea532cc34,java/lang/Class.java,getResource
313d1fcf-fdf6-4e4e-85aa-8fcea532cc34,game/TableroDos$1.java,mouseEntered,->,313d1fcf-fdf6-4e4e-85aa-8fcea532cc34,javax/swing/JLabel.java,setIcon
313d1fcf-fdf6-4e4e-85aa-8fcea532cc34,game/TableroDos$1.java,mouseExited,->,313d1fcf-fdf6-4e4e-85aa-8fcea532cc34,javax/swing/JLabel.java,getIcon
313d1fcf-fdf6-4e4e-85aa-8fcea532cc34,game/TableroDos$1.java,mouseExited,->,313d1fcf-fdf6-4e4e-85aa-8fcea532cc34,java/lang/Object.java,toString
313d1fcf-fdf6-4e4e-85aa-8fcea532cc34,game/TableroDos$1.java,mouseExited,->,313d1fcf-fdf6-4e4e-85aa-8fcea532cc34,java/lang/String.java,length
313d1fcf-fdf6-4e4e-85aa-8fcea532cc34,game/TableroDos$1.java,mouseExited,->,313d1fcf-fdf6-4e4e-85aa-8fcea532cc34,javax/swing/JLabel.java,getIcon
313d1fcf-fdf6-4e4e-85aa-8fcea532cc34,game/TableroDos$1.java,mouseExited,->,313d1fcf-fdf6-4e4e-85aa-8fcea532cc34,java/lang/Object.java,toString
313d1fcf-fdf6-4e4e-85aa-8fcea532cc34,game/TableroDos$1.java,mouseExited,->,313d1fcf-fdf6-4e4e-85aa-8fcea532cc34,java/lang/String.java,substring
313d1fcf-fdf6-4e4e-85aa-8fcea532cc34,game/TableroDos$1.java,mouseExited,->,313d1fcf-fdf6-4e4e-85aa-8fcea532cc34,java/lang/String.java,equals
313d1fcf-fdf6-4e4e-85aa-8fcea532cc34,game/TableroDos$1.java,mouseExited,->,313d1fcf-fdf6-4e4e-85aa-8fcea532cc34,java/lang/Object.java,getClass
313d1fcf-fdf6-4e4e-85aa-8fcea532cc34,game/TableroDos$1.java,mouseExited,->,313d1fcf-fdf6-4e4e-85aa-8fcea532cc34,java/lang/Class.java,getResource
313d1fcf-fdf6-4e4e-85aa-8fcea532cc34,game/TableroDos$1.java,mouseExited,->,313d1fcf-fdf6-4e4e-85aa-8fcea532cc34,javax/swing/JLabel.java,setIcon
313d1fcf-fdf6-4e4e-85aa-8fcea532cc34,game/TableroDos$1.java,mouseClicked,->,313d1fcf-fdf6-4e4e-85aa-8fcea532cc34,javax/swing/JLabel.java,getIcon
313d1fcf-fdf6-4e4e-85aa-8fcea532cc34,game/TableroDos$1.java,mouseClicked,->,313d1fcf-fdf6-4e4e-85aa-8fcea532cc34,java/lang/Object.java,toString
313d1fcf-fdf6-4e4e-85aa-8fcea532cc34,game/TableroDos$1.java,mouseClicked,->,313d1fcf-fdf6-4e4e-85aa-8fcea532cc34,java/lang/String.java,length
313d1fcf-fdf6-4e4e-85aa-8fcea532cc34,game/TableroDos$1.java,mouseClicked,->,313d1fcf-fdf6-4e4e-85aa-8fcea532cc34,javax/swing/JLabel.java,getIcon
313d1fcf-fdf6-4e4e-85aa-8fcea532cc34,game/TableroDos$1.java,mouseClicked,->,313d1fcf-fdf6-4e4e-85aa-8fcea532cc34,java/lang/Object.java,toString
313d1fcf-fdf6-4e4e-85aa-8fcea532cc34,game/TableroDos$1.java,mouseClicked,->,313d1fcf-fdf6-4e4e-85aa-8fcea532cc34,java/lang/String.java,substring
313d1fcf-fdf6-4e4e-85aa-8fcea532cc34,game/TableroDos$1.java,mouseClicked,->,313d1fcf-fdf6-4e4e-85aa-8fcea532cc34,java/lang/String.java,equals
313d1fcf-fdf6-4e4e-85aa-8fcea532cc34,game/TableroDos$1.java,mouseClicked,->,313d1fcf-fdf6-4e4e-85aa-8fcea532cc34,java/lang/String.java,equals
313d1fcf-fdf6-4e4e-85aa-8fcea532cc34,game/TableroDos$1.java,mouseClicked,->,313d1fcf-fdf6-4e4e-85aa-8fcea532cc34,javax/swing/JLabel.java,getName
313d1fcf-fdf6-4e4e-85aa-8fcea532cc34,game/TableroDos$1.java,mouseClicked,->,313d1fcf-fdf6-4e4e-85aa-8fcea532cc34,java/lang/String.java,split
313d1fcf-fdf6-4e4e-85aa-8fcea532cc34,game/TableroDos$1.java,mouseClicked,->,313d1fcf-fdf6-4e4e-85aa-8fcea532cc34,java/lang/Integer.java,parseInt
313d1fcf-fdf6-4e4e-85aa-8fcea532cc34,game/TableroDos$1.java,mouseClicked,->,313d1fcf-fdf6-4e4e-85aa-8fcea532cc34,java/lang/Integer.java,parseInt
313d1fcf-fdf6-4e4e-85aa-8fcea532cc34,game/TableroDos$1.java,mouseClicked,->,313d1fcf-fdf6-4e4e-85aa-8fcea532cc34,24f48b54-d614-438c-8c1e-cbb4b472c5fe,2464b566-ed10-4ab9-95f8-5c8eb6bd7d98
313d1fcf-fdf6-4e4e-85aa-8fcea532cc34,a658b42d-c491-45a2-bd25-15e4f750c660,9a5825e2-2088-414c-afef-dda6805fcea8,->,313d1fcf-fdf6-4e4e-85aa-8fcea532cc34,24f48b54-d614-438c-8c1e-cbb4b472c5fe,077ef81a-d1c1-4857-87a9-cc5dc27ed8fb
313d1fcf-fdf6-4e4e-85aa-8fcea532cc34,a658b42d-c491-45a2-bd25-15e4f750c660,9a5825e2-2088-414c-afef-dda6805fcea8,->,313d1fcf-fdf6-4e4e-85aa-8fcea532cc34,java/lang/String.java,equals
313d1fcf-fdf6-4e4e-85aa-8fcea532cc34,grafica/MainGame$22.java,actionPerformed,->,313d1fcf-fdf6-4e4e-85aa-8fcea532cc34,grafica/MainGame.java,access$1500
313d1fcf-fdf6-4e4e-85aa-8fcea532cc34,c3aa2073-286c-45b0-98a0-4f78d8ebc595,6d61c0f6-e9e5-4795-a1b9-9e53429a4ce1,->,313d1fcf-fdf6-4e4e-85aa-8fcea532cc34,javax/swing/JTextArea.java,setColumns
313d1fcf-fdf6-4e4e-85aa-8fcea532cc34,c3aa2073-286c-45b0-98a0-4f78d8ebc595,6d61c0f6-e9e5-4795-a1b9-9e53429a4ce1,->,313d1fcf-fdf6-4e4e-85aa-8fcea532cc34,javax/swing/JTextArea.java,setRows
313d1fcf-fdf6-4e4e-85aa-8fcea532cc34,c3aa2073-286c-45b0-98a0-4f78d8ebc595,6d61c0f6-e9e5-4795-a1b9-9e53429a4ce1,->,313d1fcf-fdf6-4e4e-85aa-8fcea532cc34,javax/swing/JScrollPane.java,setViewportView
313d1fcf-fdf6-4e4e-85aa-8fcea532cc34,c3aa2073-286c-45b0-98a0-4f78d8ebc595,6d61c0f6-e9e5-4795-a1b9-9e53429a4ce1,->,313d1fcf-fdf6-4e4e-85aa-8fcea532cc34,grafica/LoginFrame.java,setDefaultCloseOperation
313d1fcf-fdf6-4e4e-85aa-8fcea532cc34,c3aa2073-286c-45b0-98a0-4f78d8ebc595,6d61c0f6-e9e5-4795-a1b9-9e53429a4ce1,->,313d1fcf-fdf6-4e4e-85aa-8fcea532cc34,grafica/LoginFrame.java,setTitle
313d1fcf-fdf6-4e4e-85aa-8fcea532cc34,c3aa2073-286c-45b0-98a0-4f78d8ebc595,6d61c0f6-e9e5-4795-a1b9-9e53429a4ce1,->,313d1fcf-fdf6-4e4e-85aa-8fcea532cc34,c3aa2073-286c-45b0-98a0-4f78d8ebc595,bb563c6f-31a3-45a2-bfa0-9b3076cc3cf8
313d1fcf-fdf6-4e4e-85aa-8fcea532cc34,c3aa2073-286c-45b0-98a0-4f78d8ebc595,6d61c0f6-e9e5-4795-a1b9-9e53429a4ce1,->,313d1fcf-fdf6-4e4e-85aa-8fcea532cc34,grafica/LoginFrame.java,setIconImage
313d1fcf-fdf6-4e4e-85aa-8fcea532cc34,c3aa2073-286c-45b0-98a0-4f78d8ebc595,6d61c0f6-e9e5-4795-a1b9-9e53429a4ce1,->,313d1fcf-fdf6-4e4e-85aa-8fcea532cc34,grafica/LoginFrame.java,setName
313d1fcf-fdf6-4e4e-85aa-8fcea532cc34,c3aa2073-286c-45b0-98a0-4f78d8ebc595,6d61c0f6-e9e5-4795-a1b9-9e53429a4ce1,->,313d1fcf-fdf6-4e4e-85aa-8fcea532cc34,grafica/LoginFrame.java,setResizable
313d1fcf-fdf6-4e4e-85aa-8fcea532cc34,c3aa2073-286c-45b0-98a0-4f78d8ebc595,6d61c0f6-e9e5-4795-a1b9-9e53429a4ce1,->,313d1fcf-fdf6-4e4e-85aa-8fcea532cc34,javax/swing/JButton.java,setFont
313d1fcf-fdf6-4e4e-85aa-8fcea532cc34,c3aa2073-286c-45b0-98a0-4f78d8ebc595,6d61c0f6-e9e5-4795-a1b9-9e53429a4ce1,->,313d1fcf-fdf6-4e4e-85aa-8fcea532cc34,java/lang/Object.java,getClass
313d1fcf-fdf6-4e4e-85aa-8fcea532cc34,c3aa2073-286c-45b0-98a0-4f78d8ebc595,6d61c0f6-e9e5-4795-a1b9-9e53429a4ce1,->,313d1fcf-fdf6-4e4e-85aa-8fcea532cc34,java/lang/Class.java,getResource
313d1fcf-fdf6-4e4e-85aa-8fcea532cc34,c3aa2073-286c-45b0-98a0-4f78d8ebc595,6d61c0f6-e9e5-4795-a1b9-9e53429a4ce1,->,313d1fcf-fdf6-4e4e-85aa-8fcea532cc34,javax/swing/JButton.java,setIcon
313d1fcf-fdf6-4e4e-85aa-8fcea532cc34,c3aa2073-286c-45b0-98a0-4f78d8ebc595,6d61c0f6-e9e5-4795-a1b9-9e53429a4ce1,->,313d1fcf-fdf6-4e4e-85aa-8fcea532cc34,javax/swing/JButton.java,setText
313d1fcf-fdf6-4e4e-85aa-8fcea532cc34,c3aa2073-286c-45b0-98a0-4f78d8ebc595,6d61c0f6-e9e5-4795-a1b9-9e53429a4ce1,->,313d1fcf-fdf6-4e4e-85aa-8fcea532cc34,javax/swing/JButton.java,addActionListener
313d1fcf-fdf6-4e4e-85aa-8fcea532cc34,c3aa2073-286c-45b0-98a0-4f78d8ebc595,6d61c0f6-e9e5-4795-a1b9-9e53429a4ce1,->,313d1fcf-fdf6-4e4e-85aa-8fcea532cc34,javax/swing/JPasswordField.java,setFont
313d1fcf-fdf6-4e4e-85aa-8fcea532cc34,c3aa2073-286c-45b0-98a0-4f78d8ebc595,6d61c0f6-e9e5-4795-a1b9-9e53429a4ce1,->,313d1fcf-fdf6-4e4e-85aa-8fcea532cc34,javax/swing/JTextField.java,setFont
313d1fcf-fdf6-4e4e-85aa-8fcea532cc34,c3aa2073-286c-45b0-98a0-4f78d8ebc595,6d61c0f6-e9e5-4795-a1b9-9e53429a4ce1,->,313d1fcf-fdf6-4e4e-85aa-8fcea532cc34,javax/swing/JLabel.java,setFont
313d1fcf-fdf6-4e4e-85aa-8fcea532cc34,c3aa2073-286c-45b0-98a0-4f78d8ebc595,6d61c0f6-e9e5-4795-a1b9-9e53429a4ce1,->,313d1fcf-fdf6-4e4e-85aa-8fcea532cc34,javax/swing/JLabel.java,setForeground
313d1fcf-fdf6-4e4e-85aa-8fcea532cc34,c3aa2073-286c-45b0-98a0-4f78d8ebc595,6d61c0f6-e9e5-4795-a1b9-9e53429a4ce1,->,313d1fcf-fdf6-4e4e-85aa-8fcea532cc34,javax/swing/JLabel.java,setText
313d1fcf-fdf6-4e4e-85aa-8fcea532cc34,c3aa2073-286c-45b0-98a0-4f78d8ebc595,6d61c0f6-e9e5-4795-a1b9-9e53429a4ce1,->,313d1fcf-fdf6-4e4e-85aa-8fcea532cc34,javax/swing/JLabel.java,setFont
313d1fcf-fdf6-4e4e-85aa-8fcea532cc34,c3aa2073-286c-45b0-98a0-4f78d8ebc595,6d61c0f6-e9e5-4795-a1b9-9e53429a4ce1,->,313d1fcf-fdf6-4e4e-85aa-8fcea532cc34,javax/swing/JLabel.java,setForeground
313d1fcf-fdf6-4e4e-85aa-8fcea532cc34,c3aa2073-286c-45b0-98a0-4f78d8ebc595,6d61c0f6-e9e5-4795-a1b9-9e53429a4ce1,->,313d1fcf-fdf6-4e4e-85aa-8fcea532cc34,javax/swing/JLabel.java,setText
313d1fcf-fdf6-4e4e-85aa-8fcea532cc34,c3aa2073-286c-45b0-98a0-4f78d8ebc595,6d61c0f6-e9e5-4795-a1b9-9e53429a4ce1,->,313d1fcf-fdf6-4e4e-85aa-8fcea532cc34,javax/swing/JLabel.java,setFont
313d1fcf-fdf6-4e4e-85aa-8fcea532cc34,c3aa2073-286c-45b0-98a0-4f78d8ebc595,6d61c0f6-e9e5-4795-a1b9-9e53429a4ce1,->,313d1fcf-fdf6-4e4e-85aa-8fcea532cc34,javax/swing/JLabel.java,setForeground
313d1fcf-fdf6-4e4e-85aa-8fcea532cc34,c3aa2073-286c-45b0-98a0-4f78d8ebc595,6d61c0f6-e9e5-4795-a1b9-9e53429a4ce1,->,313d1fcf-fdf6-4e4e-85aa-8fcea532cc34,javax/swing/JLabel.java,setText
313d1fcf-fdf6-4e4e-85aa-8fcea532cc34,c3aa2073-286c-45b0-98a0-4f78d8ebc595,6d61c0f6-e9e5-4795-a1b9-9e53429a4ce1,->,313d1fcf-fdf6-4e4e-85aa-8fcea532cc34,javax/swing/JTextField.java,setFont
313d1fcf-fdf6-4e4e-85aa-8fcea532cc34,c3aa2073-286c-45b0-98a0-4f78d8ebc595,6d61c0f6-e9e5-4795-a1b9-9e53429a4ce1,->,313d1fcf-fdf6-4e4e-85aa-8fcea532cc34,javax/swing/JButton.java,setFont
313d1fcf-fdf6-4e4e-85aa-8fcea532cc34,c3aa2073-286c-45b0-98a0-4f78d8ebc595,6d61c0f6-e9e5-4795-a1b9-9e53429a4ce1,->,313d1fcf-fdf6-4e4e-85aa-8fcea532cc34,java/lang/Object.java,getClass
313d1fcf-fdf6-4e4e-85aa-8fcea532cc34,c3aa2073-286c-45b0-98a0-4f78d8ebc595,6d61c0f6-e9e5-4795-a1b9-9e53429a4ce1,->,313d1fcf-fdf6-4e4e-85aa-8fcea532cc34,java/lang/Class.java,getResource
313d1fcf-fdf6-4e4e-85aa-8fcea532cc34,c3aa2073-286c-45b0-98a0-4f78d8ebc595,6d61c0f6-e9e5-4795-a1b9-9e53429a4ce1,->,313d1fcf-fdf6-4e4e-85aa-8fcea532cc34,javax/swing/JButton.java,setIcon
313d1fcf-fdf6-4e4e-85aa-8fcea532cc34,c3aa2073-286c-45b0-98a0-4f78d8ebc595,6d61c0f6-e9e5-4795-a1b9-9e53429a4ce1,->,313d1fcf-fdf6-4e4e-85aa-8fcea532cc34,javax/swing/JButton.java,setText
313d1fcf-fdf6-4e4e-85aa-8fcea532cc34,c3aa2073-286c-45b0-98a0-4f78d8ebc595,6d61c0f6-e9e5-4795-a1b9-9e53429a4ce1,->,313d1fcf-fdf6-4e4e-85aa-8fcea532cc34,javax/swing/JButton.java,addActionListener
313d1fcf-fdf6-4e4e-85aa-8fcea532cc34,c3aa2073-286c-45b0-98a0-4f78d8ebc595,6d61c0f6-e9e5-4795-a1b9-9e53429a4ce1,->,313d1fcf-fdf6-4e4e-85aa-8fcea532cc34,javax/swing/JPanel.java,setBackground
313d1fcf-fdf6-4e4e-85aa-8fcea532cc34,c3aa2073-286c-45b0-98a0-4f78d8ebc595,6d61c0f6-e9e5-4795-a1b9-9e53429a4ce1,->,313d1fcf-fdf6-4e4e-85aa-8fcea532cc34,javax/swing/JLabel.java,setFont
313d1fcf-fdf6-4e4e-85aa-8fcea532cc34,c3aa2073-286c-45b0-98a0-4f78d8ebc595,6d61c0f6-e9e5-4795-a1b9-9e53429a4ce1,->,313d1fcf-fdf6-4e4e-85aa-8fcea532cc34,javax/swing/JLabel.java,setForeground
313d1fcf-fdf6-4e4e-85aa-8fcea532cc34,c3aa2073-286c-45b0-98a0-4f78d8ebc595,6d61c0f6-e9e5-4795-a1b9-9e53429a4ce1,->,313d1fcf-fdf6-4e4e-85aa-8fcea532cc34,javax/swing/JLabel.java,setHorizontalAlignment
313d1fcf-fdf6-4e4e-85aa-8fcea532cc34,c3aa2073-286c-45b0-98a0-4f78d8ebc595,6d61c0f6-e9e5-4795-a1b9-9e53429a4ce1,->,313d1fcf-fdf6-4e4e-85aa-8fcea532cc34,javax/swing/JLabel.java,setText
313d1fcf-fdf6-4e4e-85aa-8fcea532cc34,c3aa2073-286c-45b0-98a0-4f78d8ebc595,6d61c0f6-e9e5-4795-a1b9-9e53429a4ce1,->,313d1fcf-fdf6-4e4e-85aa-8fcea532cc34,javax/swing/JLabel.java,setHorizontalTextPosition
313d1fcf-fdf6-4e4e-85aa-8fcea532cc34,c3aa2073-286c-45b0-98a0-4f78d8ebc595,6d61c0f6-e9e5-4795-a1b9-9e53429a4ce1,->,313d1fcf-fdf6-4e4e-85aa-8fcea532cc34,javax/swing/JPanel.java,setLayout
313d1fcf-fdf6-4e4e-85aa-8fcea532cc34,c3aa2073-286c-45b0-98a0-4f78d8ebc595,6d61c0f6-e9e5-4795-a1b9-9e53429a4ce1,->,313d1fcf-fdf6-4e4e-85aa-8fcea532cc34,javax/swing/GroupLayout.java,createParallelGroup
313d1fcf-fdf6-4e4e-85aa-8fcea532cc34,c3aa2073-286c-45b0-98a0-4f78d8ebc595,6d61c0f6-e9e5-4795-a1b9-9e53429a4ce1,->,313d1fcf-fdf6-4e4e-85aa-8fcea532cc34,javax/swing/GroupLayout.java,createSequentialGroup
313d1fcf-fdf6-4e4e-85aa-8fcea532cc34,c3aa2073-286c-45b0-98a0-4f78d8ebc595,6d61c0f6-e9e5-4795-a1b9-9e53429a4ce1,->,313d1fcf-fdf6-4e4e-85aa-8fcea532cc34,javax/swing/GroupLayout$SequentialGroup.java,addContainerGap
313d1fcf-fdf6-4e4e-85aa-8fcea532cc34,c3aa2073-286c-45b0-98a0-4f78d8ebc595,6d61c0f6-e9e5-4795-a1b9-9e53429a4ce1,->,313d1fcf-fdf6-4e4e-85aa-8fcea532cc34,javax/swing/GroupLayout$SequentialGroup.java,addComponent
313d1fcf-fdf6-4e4e-85aa-8fcea532cc34,c3aa2073-286c-45b0-98a0-4f78d8ebc595,6d61c0f6-e9e5-4795-a1b9-9e53429a4ce1,->,313d1fcf-fdf6-4e4e-85aa-8fcea532cc34,javax/swing/GroupLayout$SequentialGroup.java,addContainerGap
313d1fcf-fdf6-4e4e-85aa-8fcea532cc34,c3aa2073-286c-45b0-98a0-4f78d8ebc595,6d61c0f6-e9e5-4795-a1b9-9e53429a4ce1,->,313d1fcf-fdf6-4e4e-85aa-8fcea532cc34,javax/swing/GroupLayout$ParallelGroup.java,addGroup
313d1fcf-fdf6-4e4e-85aa-8fcea532cc34,c3aa2073-286c-45b0-98a0-4f78d8ebc595,6d61c0f6-e9e5-4795-a1b9-9e53429a4ce1,->,313d1fcf-fdf6-4e4e-85aa-8fcea532cc34,javax/swing/GroupLayout.java,setHorizontalGroup
313d1fcf-fdf6-4e4e-85aa-8fcea532cc34,c3aa2073-286c-45b0-98a0-4f78d8ebc595,6d61c0f6-e9e5-4795-a1b9-9e53429a4ce1,->,313d1fcf-fdf6-4e4e-85aa-8fcea532cc34,javax/swing/GroupLayout.java,createParallelGroup
313d1fcf-fdf6-4e4e-85aa-8fcea532cc34,c3aa2073-286c-45b0-98a0-4f78d8ebc595,6d61c0f6-e9e5-4795-a1b9-9e53429a4ce1,->,313d1fcf-fdf6-4e4e-85aa-8fcea532cc34,javax/swing/GroupLayout$ParallelGroup.java,addComponent
313d1fcf-fdf6-4e4e-85aa-8fcea532cc34,c3aa2073-286c-45b0-98a0-4f78d8ebc595,6d61c0f6-e9e5-4795-a1b9-9e53429a4ce1,->,313d1fcf-fdf6-4e4e-85aa-8fcea532cc34,javax/swing/GroupLayout.java,setVerticalGroup
313d1fcf-fdf6-4e4e-85aa-8fcea532cc34,c3aa2073-286c-45b0-98a0-4f78d8ebc595,6d61c0f6-e9e5-4795-a1b9-9e53429a4ce1,->,313d1fcf-fdf6-4e4e-85aa-8fcea532cc34,java/lang/Object.java,getClass
313d1fcf-fdf6-4e4e-85aa-8fcea532cc34,c3aa2073-286c-45b0-98a0-4f78d8ebc595,6d61c0f6-e9e5-4795-a1b9-9e53429a4ce1,->,313d1fcf-fdf6-4e4e-85aa-8fcea532cc34,java/lang/Class.java,getResource
313d1fcf-fdf6-4e4e-85aa-8fcea532cc34,c3aa2073-286c-45b0-98a0-4f78d8ebc595,6d61c0f6-e9e5-4795-a1b9-9e53429a4ce1,->,313d1fcf-fdf6-4e4e-85aa-8fcea532cc34,javax/swing/JLabel.java,setIcon
313d1fcf-fdf6-4e4e-85aa-8fcea532cc34,c3aa2073-286c-45b0-98a0-4f78d8ebc595,6d61c0f6-e9e5-4795-a1b9-9e53429a4ce1,->,313d1fcf-fdf6-4e4e-85aa-8fcea532cc34,grafica/LoginFrame.java,getContentPane
313d1fcf-fdf6-4e4e-85aa-8fcea532cc34,c3aa2073-286c-45b0-98a0-4f78d8ebc595,6d61c0f6-e9e5-4795-a1b9-9e53429a4ce1,->,313d1fcf-fdf6-4e4e-85aa-8fcea532cc34,grafica/LoginFrame.java,getContentPane
313d1fcf-fdf6-4e4e-85aa-8fcea532cc34,c3aa2073-286c-45b0-98a0-4f78d8ebc595,6d61c0f6-e9e5-4795-a1b9-9e53429a4ce1,->,313d1fcf-fdf6-4e4e-85aa-8fcea532cc34,java/awt/Container.java,setLayout
313d1fcf-fdf6-4e4e-85aa-8fcea532cc34,c3aa2073-286c-45b0-98a0-4f78d8ebc595,6d61c0f6-e9e5-4795-a1b9-9e53429a4ce1,->,313d1fcf-fdf6-4e4e-85aa-8fcea532cc34,javax/swing/GroupLayout.java,createParallelGroup
313d1fcf-fdf6-4e4e-85aa-8fcea532cc34,c3aa2073-286c-45b0-98a0-4f78d8ebc595,6d61c0f6-e9e5-4795-a1b9-9e53429a4ce1,->,313d1fcf-fdf6-4e4e-85aa-8fcea532cc34,javax/swing/GroupLayout.java,createSequentialGroup
313d1fcf-fdf6-4e4e-85aa-8fcea532cc34,c3aa2073-286c-45b0-98a0-4f78d8ebc595,6d61c0f6-e9e5-4795-a1b9-9e53429a4ce1,->,313d1fcf-fdf6-4e4e-85aa-8fcea532cc34,javax/swing/GroupLayout.java,createParallelGroup
313d1fcf-fdf6-4e4e-85aa-8fcea532cc34,c3aa2073-286c-45b0-98a0-4f78d8ebc595,6d61c0f6-e9e5-4795-a1b9-9e53429a4ce1,->,313d1fcf-fdf6-4e4e-85aa-8fcea532cc34,javax/swing/GroupLayout.java,createSequentialGroup
313d1fcf-fdf6-4e4e-85aa-8fcea532cc34,c3aa2073-286c-45b0-98a0-4f78d8ebc595,6d61c0f6-e9e5-4795-a1b9-9e53429a4ce1,->,313d1fcf-fdf6-4e4e-85aa-8fcea532cc34,javax/swing/GroupLayout$SequentialGroup.java,addGap
313d1fcf-fdf6-4e4e-85aa-8fcea532cc34,c3aa2073-286c-45b0-98a0-4f78d8ebc595,6d61c0f6-e9e5-4795-a1b9-9e53429a4ce1,->,313d1fcf-fdf6-4e4e-85aa-8fcea532cc34,javax/swing/GroupLayout.java,createParallelGroup
313d1fcf-fdf6-4e4e-85aa-8fcea532cc34,c3aa2073-286c-45b0-98a0-4f78d8ebc595,6d61c0f6-e9e5-4795-a1b9-9e53429a4ce1,->,313d1fcf-fdf6-4e4e-85aa-8fcea532cc34,javax/swing/GroupLayout.java,createParallelGroup
313d1fcf-fdf6-4e4e-85aa-8fcea532cc34,c3aa2073-286c-45b0-98a0-4f78d8ebc595,6d61c0f6-e9e5-4795-a1b9-9e53429a4ce1,->,313d1fcf-fdf6-4e4e-85aa-8fcea532cc34,javax/swing/GroupLayout$ParallelGroup.java,addComponent
313d1fcf-fdf6-4e4e-85aa-8fcea532cc34,c3aa2073-286c-45b0-98a0-4f78d8ebc595,6d61c0f6-e9e5-4795-a1b9-9e53429a4ce1,->,313d1fcf-fdf6-4e4e-85aa-8fcea532cc34,javax/swing/GroupLayout$ParallelGroup.java,addComponent
313d1fcf-fdf6-4e4e-85aa-8fcea532cc34,c3aa2073-286c-45b0-98a0-4f78d8ebc595,6d61c0f6-e9e5-4795-a1b9-9e53429a4ce1,->,313d1fcf-fdf6-4e4e-85aa-8fcea532cc34,javax/swing/GroupLayout$ParallelGroup.java,addComponent
313d1fcf-fdf6-4e4e-85aa-8fcea532cc34,c3aa2073-286c-45b0-98a0-4f78d8ebc595,6d61c0f6-e9e5-4795-a1b9-9e53429a4ce1,->,313d1fcf-fdf6-4e4e-85aa-8fcea532cc34,javax/swing/GroupLayout$ParallelGroup.java,addGroup
313d1fcf-fdf6-4e4e-85aa-8fcea532cc34,c3aa2073-286c-45b0-98a0-4f78d8ebc595,6d61c0f6-e9e5-4795-a1b9-9e53429a4ce1,->,313d1fcf-fdf6-4e4e-85aa-8fcea532cc34,javax/swing/GroupLayout$ParallelGroup.java,addComponent
313d1fcf-fdf6-4e4e-85aa-8fcea532cc34,c3aa2073-286c-45b0-98a0-4f78d8ebc595,6d61c0f6-e9e5-4795-a1b9-9e53429a4ce1,->,313d1fcf-fdf6-4e4e-85aa-8fcea532cc34,javax/swing/GroupLayout$SequentialGroup.java,addGroup
313d1fcf-fdf6-4e4e-85aa-8fcea532cc34,c3aa2073-286c-45b0-98a0-4f78d8ebc595,6d61c0f6-e9e5-4795-a1b9-9e53429a4ce1,->,313d1fcf-fdf6-4e4e-85aa-8fcea532cc34,javax/swing/GroupLayout$ParallelGroup.java,addGroup
313d1fcf-fdf6-4e4e-85aa-8fcea532cc34,c3aa2073-286c-45b0-98a0-4f78d8ebc595,6d61c0f6-e9e5-4795-a1b9-9e53429a4ce1,->,313d1fcf-fdf6-4e4e-85aa-8fcea532cc34,javax/swing/GroupLayout.java,createSequentialGroup
313d1fcf-fdf6-4e4e-85aa-8fcea532cc34,c3aa2073-286c-45b0-98a0-4f78d8ebc595,6d61c0f6-e9e5-4795-a1b9-9e53429a4ce1,->,313d1fcf-fdf6-4e4e-85aa-8fcea532cc34,javax/swing/GroupLayout$SequentialGroup.java,addContainerGap
313d1fcf-fdf6-4e4e-85aa-8fcea532cc34,c3aa2073-286c-45b0-98a0-4f78d8ebc595,6d61c0f6-e9e5-4795-a1b9-9e53429a4ce1,->,313d1fcf-fdf6-4e4e-85aa-8fcea532cc34,javax/swing/GroupLayout.java,createParallelGroup
313d1fcf-fdf6-4e4e-85aa-8fcea532cc34,c3aa2073-286c-45b0-98a0-4f78d8ebc595,6d61c0f6-e9e5-4795-a1b9-9e53429a4ce1,->,313d1fcf-fdf6-4e4e-85aa-8fcea532cc34,javax/swing/GroupLayout.java,createParallelGroup
313d1fcf-fdf6-4e4e-85aa-8fcea532cc34,c3aa2073-286c-45b0-98a0-4f78d8ebc595,6d61c0f6-e9e5-4795-a1b9-9e53429a4ce1,->,313d1fcf-fdf6-4e4e-85aa-8fcea532cc34,javax/swing/GroupLayout$ParallelGroup.java,addComponent
313d1fcf-fdf6-4e4e-85aa-8fcea532cc34,c3aa2073-286c-45b0-98a0-4f78d8ebc595,6d61c0f6-e9e5-4795-a1b9-9e53429a4ce1,->,313d1fcf-fdf6-4e4e-85aa-8fcea532cc34,javax/swing/GroupLayout$ParallelGroup.java,addComponent
313d1fcf-fdf6-4e4e-85aa-8fcea532cc34,c3aa2073-286c-45b0-98a0-4f78d8ebc595,6d61c0f6-e9e5-4795-a1b9-9e53429a4ce1,->,313d1fcf-fdf6-4e4e-85aa-8fcea532cc34,javax/swing/GroupLayout$ParallelGroup.java,addGroup
313d1fcf-fdf6-4e4e-85aa-8fcea532cc34,c3aa2073-286c-45b0-98a0-4f78d8ebc595,6d61c0f6-e9e5-4795-a1b9-9e53429a4ce1,->,313d1fcf-fdf6-4e4e-85aa-8fcea532cc34,javax/swing/GroupLayout.java,createSequentialGroup
313d1fcf-fdf6-4e4e-85aa-8fcea532cc34,c3aa2073-286c-45b0-98a0-4f78d8ebc595,6d61c0f6-e9e5-4795-a1b9-9e53429a4ce1,->,313d1fcf-fdf6-4e4e-85aa-8fcea532cc34,javax/swing/GroupLayout$SequentialGroup.java,addComponent
313d1fcf-fdf6-4e4e-85aa-8fcea532cc34,c3aa2073-286c-45b0-98a0-4f78d8ebc595,6d61c0f6-e9e5-4795-a1b9-9e53429a4ce1,->,313d1fcf-fdf6-4e4e-85aa-8fcea532cc34,javax/swing/GroupLayout$SequentialGroup.java,addGap
313d1fcf-fdf6-4e4e-85aa-8fcea532cc34,c3aa2073-286c-45b0-98a0-4f78d8ebc595,6d61c0f6-e9e5-4795-a1b9-9e53429a4ce1,->,313d1fcf-fdf6-4e4e-85aa-8fcea532cc34,javax/swing/GroupLayout$ParallelGroup.java,addGroup
313d1fcf-fdf6-4e4e-85aa-8fcea532cc34,c3aa2073-286c-45b0-98a0-4f78d8ebc595,6d61c0f6-e9e5-4795-a1b9-9e53429a4ce1,->,313d1fcf-fdf6-4e4e-85aa-8fcea532cc34,javax/swing/GroupLayout$ParallelGroup.java,addComponent
313d1fcf-fdf6-4e4e-85aa-8fcea532cc34,c3aa2073-286c-45b0-98a0-4f78d8ebc595,6d61c0f6-e9e5-4795-a1b9-9e53429a4ce1,->,313d1fcf-fdf6-4e4e-85aa-8fcea532cc34,javax/swing/GroupLayout$SequentialGroup.java,addGroup
313d1fcf-fdf6-4e4e-85aa-8fcea532cc34,c3aa2073-286c-45b0-98a0-4f78d8ebc595,6d61c0f6-e9e5-4795-a1b9-9e53429a4ce1,->,313d1fcf-fdf6-4e4e-85aa-8fcea532cc34,javax/swing/GroupLayout$ParallelGroup.java,addGroup
313d1fcf-fdf6-4e4e-85aa-8fcea532cc34,c3aa2073-286c-45b0-98a0-4f78d8ebc595,6d61c0f6-e9e5-4795-a1b9-9e53429a4ce1,->,313d1fcf-fdf6-4e4e-85aa-8fcea532cc34,javax/swing/GroupLayout$SequentialGroup.java,addGroup
313d1fcf-fdf6-4e4e-85aa-8fcea532cc34,c3aa2073-286c-45b0-98a0-4f78d8ebc595,6d61c0f6-e9e5-4795-a1b9-9e53429a4ce1,->,313d1fcf-fdf6-4e4e-85aa-8fcea532cc34,javax/swing/GroupLayout$SequentialGroup.java,addContainerGap
313d1fcf-fdf6-4e4e-85aa-8fcea532cc34,c3aa2073-286c-45b0-98a0-4f78d8ebc595,6d61c0f6-e9e5-4795-a1b9-9e53429a4ce1,->,313d1fcf-fdf6-4e4e-85aa-8fcea532cc34,javax/swing/GroupLayout$ParallelGroup.java,addGroup
313d1fcf-fdf6-4e4e-85aa-8fcea532cc34,c3aa2073-286c-45b0-98a0-4f78d8ebc595,6d61c0f6-e9e5-4795-a1b9-9e53429a4ce1,->,313d1fcf-fdf6-4e4e-85aa-8fcea532cc34,javax/swing/GroupLayout.java,createSequentialGroup
313d1fcf-fdf6-4e4e-85aa-8fcea532cc34,c3aa2073-286c-45b0-98a0-4f78d8ebc595,6d61c0f6-e9e5-4795-a1b9-9e53429a4ce1,->,313d1fcf-fdf6-4e4e-85aa-8fcea532cc34,javax/swing/GroupLayout$SequentialGroup.java,addGap
313d1fcf-fdf6-4e4e-85aa-8fcea532cc34,c3aa2073-286c-45b0-98a0-4f78d8ebc595,6d61c0f6-e9e5-4795-a1b9-9e53429a4ce1,->,313d1fcf-fdf6-4e4e-85aa-8fcea532cc34,javax/swing/GroupLayout.java,createParallelGroup
313d1fcf-fdf6-4e4e-85aa-8fcea532cc34,c3aa2073-286c-45b0-98a0-4f78d8ebc595,6d61c0f6-e9e5-4795-a1b9-9e53429a4ce1,->,313d1fcf-fdf6-4e4e-85aa-8fcea532cc34,javax/swing/GroupLayout$ParallelGroup.java,addComponent
313d1fcf-fdf6-4e4e-85aa-8fcea532cc34,c3aa2073-286c-45b0-98a0-4f78d8ebc595,6d61c0f6-e9e5-4795-a1b9-9e53429a4ce1,->,313d1fcf-fdf6-4e4e-85aa-8fcea532cc34,javax/swing/GroupLayout.java,createSequentialGroup
313d1fcf-fdf6-4e4e-85aa-8fcea532cc34,c3aa2073-286c-45b0-98a0-4f78d8ebc595,6d61c0f6-e9e5-4795-a1b9-9e53429a4ce1,->,313d1fcf-fdf6-4e4e-85aa-8fcea532cc34,javax/swing/GroupLayout$SequentialGroup.java,addComponent
313d1fcf-fdf6-4e4e-85aa-8fcea532cc34,c3aa2073-286c-45b0-98a0-4f78d8ebc595,6d61c0f6-e9e5-4795-a1b9-9e53429a4ce1,->,313d1fcf-fdf6-4e4e-85aa-8fcea532cc34,javax/swing/GroupLayout$SequentialGroup.java,addGap
313d1fcf-fdf6-4e4e-85aa-8fcea532cc34,c3aa2073-286c-45b0-98a0-4f78d8ebc595,6d61c0f6-e9e5-4795-a1b9-9e53429a4ce1,->,313d1fcf-fdf6-4e4e-85aa-8fcea532cc34,javax/swing/GroupLayout$ParallelGroup.java,addGroup
313d1fcf-fdf6-4e4e-85aa-8fcea532cc34,c3aa2073-286c-45b0-98a0-4f78d8ebc595,6d61c0f6-e9e5-4795-a1b9-9e53429a4ce1,->,313d1fcf-fdf6-4e4e-85aa-8fcea532cc34,javax/swing/GroupLayout$SequentialGroup.java,addGroup
313d1fcf-fdf6-4e4e-85aa-8fcea532cc34,c3aa2073-286c-45b0-98a0-4f78d8ebc595,6d61c0f6-e9e5-4795-a1b9-9e53429a4ce1,->,313d1fcf-fdf6-4e4e-85aa-8fcea532cc34,javax/swing/GroupLayout$ParallelGroup.java,addGroup
313d1fcf-fdf6-4e4e-85aa-8fcea532cc34,c3aa2073-286c-45b0-98a0-4f78d8ebc595,6d61c0f6-e9e5-4795-a1b9-9e53429a4ce1,->,313d1fcf-fdf6-4e4e-85aa-8fcea532cc34,javax/swing/GroupLayout.java,setHorizontalGroup
313d1fcf-fdf6-4e4e-85aa-8fcea532cc34,c3aa2073-286c-45b0-98a0-4f78d8ebc595,6d61c0f6-e9e5-4795-a1b9-9e53429a4ce1,->,313d1fcf-fdf6-4e4e-85aa-8fcea532cc34,javax/swing/GroupLayout.java,createParallelGroup
313d1fcf-fdf6-4e4e-85aa-8fcea532cc34,c3aa2073-286c-45b0-98a0-4f78d8ebc595,6d61c0f6-e9e5-4795-a1b9-9e53429a4ce1,->,313d1fcf-fdf6-4e4e-85aa-8fcea532cc34,javax/swing/GroupLayout.java,createSequentialGroup
313d1fcf-fdf6-4e4e-85aa-8fcea532cc34,c3aa2073-286c-45b0-98a0-4f78d8ebc595,6d61c0f6-e9e5-4795-a1b9-9e53429a4ce1,->,313d1fcf-fdf6-4e4e-85aa-8fcea532cc34,javax/swing/GroupLayout$SequentialGroup.java,addGap
313d1fcf-fdf6-4e4e-85aa-8fcea532cc34,c3aa2073-286c-45b0-98a0-4f78d8ebc595,6d61c0f6-e9e5-4795-a1b9-9e53429a4ce1,->,313d1fcf-fdf6-4e4e-85aa-8fcea532cc34,javax/swing/GroupLayout$SequentialGroup.java,addComponent
313d1fcf-fdf6-4e4e-85aa-8fcea532cc34,c3aa2073-286c-45b0-98a0-4f78d8ebc595,6d61c0f6-e9e5-4795-a1b9-9e53429a4ce1,->,313d1fcf-fdf6-4e4e-85aa-8fcea532cc34,javax/swing/GroupLayout$SequentialGroup.java,addPreferredGap
313d1fcf-fdf6-4e4e-85aa-8fcea532cc34,c3aa2073-286c-45b0-98a0-4f78d8ebc595,6d61c0f6-e9e5-4795-a1b9-9e53429a4ce1,->,313d1fcf-fdf6-4e4e-85aa-8fcea532cc34,javax/swing/GroupLayout$SequentialGroup.java,addComponent
313d1fcf-fdf6-4e4e-85aa-8fcea532cc34,c3aa2073-286c-45b0-98a0-4f78d8ebc595,6d61c0f6-e9e5-4795-a1b9-9e53429a4ce1,->,313d1fcf-fdf6-4e4e-85aa-8fcea532cc34,javax/swing/GroupLayout$SequentialGroup.java,addPreferredGap
313d1fcf-fdf6-4e4e-85aa-8fcea532cc34,c3aa2073-286c-45b0-98a0-4f78d8ebc595,6d61c0f6-e9e5-4795-a1b9-9e53429a4ce1,->,313d1fcf-fdf6-4e4e-85aa-8fcea532cc34,javax/swing/GroupLayout$SequentialGroup.java,addComponent
313d1fcf-fdf6-4e4e-85aa-8fcea532cc34,c3aa2073-286c-45b0-98a0-4f78d8ebc595,6d61c0f6-e9e5-4795-a1b9-9e53429a4ce1,->,313d1fcf-fdf6-4e4e-85aa-8fcea532cc34,javax/swing/GroupLayout$SequentialGroup.java,addPreferredGap
313d1fcf-fdf6-4e4e-85aa-8fcea532cc34,c3aa2073-286c-45b0-98a0-4f78d8ebc595,6d61c0f6-e9e5-4795-a1b9-9e53429a4ce1,->,313d1fcf-fdf6-4e4e-85aa-8fcea532cc34,javax/swing/GroupLayout$SequentialGroup.java,addComponent
313d1fcf-fdf6-4e4e-85aa-8fcea532cc34,c3aa2073-286c-45b0-98a0-4f78d8ebc595,6d61c0f6-e9e5-4795-a1b9-9e53429a4ce1,->,313d1fcf-fdf6-4e4e-85aa-8fcea532cc34,javax/swing/GroupLayout$SequentialGroup.java,addPreferredGap
313d1fcf-fdf6-4e4e-85aa-8fcea532cc34,c3aa2073-286c-45b0-98a0-4f78d8ebc595,6d61c0f6-e9e5-4795-a1b9-9e53429a4ce1,->,313d1fcf-fdf6-4e4e-85aa-8fcea532cc34,javax/swing/GroupLayout$SequentialGroup.java,addComponent
313d1fcf-fdf6-4e4e-85aa-8fcea532cc34,c3aa2073-286c-45b0-98a0-4f78d8ebc595,6d61c0f6-e9e5-4795-a1b9-9e53429a4ce1,->,313d1fcf-fdf6-4e4e-85aa-8fcea532cc34,javax/swing/GroupLayout$SequentialGroup.java,addPreferredGap
313d1fcf-fdf6-4e4e-85aa-8fcea532cc34,c3aa2073-286c-45b0-98a0-4f78d8ebc595,6d61c0f6-e9e5-4795-a1b9-9e53429a4ce1,->,313d1fcf-fdf6-4e4e-85aa-8fcea532cc34,javax/swing/GroupLayout$SequentialGroup.java,addComponent
313d1fcf-fdf6-4e4e-85aa-8fcea532cc34,c3aa2073-286c-45b0-98a0-4f78d8ebc595,6d61c0f6-e9e5-4795-a1b9-9e53429a4ce1,->,313d1fcf-fdf6-4e4e-85aa-8fcea532cc34,javax/swing/GroupLayout$SequentialGroup.java,addPreferredGap
313d1fcf-fdf6-4e4e-85aa-8fcea532cc34,c3aa2073-286c-45b0-98a0-4f78d8ebc595,6d61c0f6-e9e5-4795-a1b9-9e53429a4ce1,->,313d1fcf-fdf6-4e4e-85aa-8fcea532cc34,javax/swing/GroupLayout$SequentialGroup.java,addComponent
313d1fcf-fdf6-4e4e-85aa-8fcea532cc34,c3aa2073-286c-45b0-98a0-4f78d8ebc595,6d61c0f6-e9e5-4795-a1b9-9e53429a4ce1,->,313d1fcf-fdf6-4e4e-85aa-8fcea532cc34,javax/swing/GroupLayout$SequentialGroup.java,addPreferredGap
313d1fcf-fdf6-4e4e-85aa-8fcea532cc34,c3aa2073-286c-45b0-98a0-4f78d8ebc595,6d61c0f6-e9e5-4795-a1b9-9e53429a4ce1,->,313d1fcf-fdf6-4e4e-85aa-8fcea532cc34,javax/swing/GroupLayout$SequentialGroup.java,addComponent
313d1fcf-fdf6-4e4e-85aa-8fcea532cc34,c3aa2073-286c-45b0-98a0-4f78d8ebc595,6d61c0f6-e9e5-4795-a1b9-9e53429a4ce1,->,313d1fcf-fdf6-4e4e-85aa-8fcea532cc34,javax/swing/GroupLayout$SequentialGroup.java,addGap
313d1fcf-fdf6-4e4e-85aa-8fcea532cc34,c3aa2073-286c-45b0-98a0-4f78d8ebc595,6d61c0f6-e9e5-4795-a1b9-9e53429a4ce1,->,313d1fcf-fdf6-4e4e-85aa-8fcea532cc34,javax/swing/GroupLayout$SequentialGroup.java,addComponent
313d1fcf-fdf6-4e4e-85aa-8fcea532cc34,c3aa2073-286c-45b0-98a0-4f78d8ebc595,6d61c0f6-e9e5-4795-a1b9-9e53429a4ce1,->,313d1fcf-fdf6-4e4e-85aa-8fcea532cc34,javax/swing/GroupLayout$SequentialGroup.java,addGap
313d1fcf-fdf6-4e4e-85aa-8fcea532cc34,c3aa2073-286c-45b0-98a0-4f78d8ebc595,6d61c0f6-e9e5-4795-a1b9-9e53429a4ce1,->,313d1fcf-fdf6-4e4e-85aa-8fcea532cc34,javax/swing/GroupLayout$SequentialGroup.java,addComponent
313d1fcf-fdf6-4e4e-85aa-8fcea532cc34,c3aa2073-286c-45b0-98a0-4f78d8ebc595,6d61c0f6-e9e5-4795-a1b9-9e53429a4ce1,->,313d1fcf-fdf6-4e4e-85aa-8fcea532cc34,javax/swing/GroupLayout$ParallelGroup.java,addGroup
313d1fcf-fdf6-4e4e-85aa-8fcea532cc34,c3aa2073-286c-45b0-98a0-4f78d8ebc595,6d61c0f6-e9e5-4795-a1b9-9e53429a4ce1,->,313d1fcf-fdf6-4e4e-85aa-8fcea532cc34,javax/swing/GroupLayout.java,setVerticalGroup
313d1fcf-fdf6-4e4e-85aa-8fcea532cc34,c3aa2073-286c-45b0-98a0-4f78d8ebc595,6d61c0f6-e9e5-4795-a1b9-9e53429a4ce1,->,313d1fcf-fdf6-4e4e-85aa-8fcea532cc34,grafica/LoginFrame.java,pack
313d1fcf-fdf6-4e4e-85aa-8fcea532cc34,c3aa2073-286c-45b0-98a0-4f78d8ebc595,8d52d238-d95e-43f3-8bf6-7f6e55716bd3,->,313d1fcf-fdf6-4e4e-85aa-8fcea532cc34,c3aa2073-286c-45b0-98a0-4f78d8ebc595,c93ccb9b-25d9-40b4-bf1b-fbed4c977786
313d1fcf-fdf6-4e4e-85aa-8fcea532cc34,c3aa2073-286c-45b0-98a0-4f78d8ebc595,8d52d238-d95e-43f3-8bf6-7f6e55716bd3,->,313d1fcf-fdf6-4e4e-85aa-8fcea532cc34,c3aa2073-286c-45b0-98a0-4f78d8ebc595,3320adb8-db58-413f-abaa-f1a5b7237cfd
313d1fcf-fdf6-4e4e-85aa-8fcea532cc34,c3aa2073-286c-45b0-98a0-4f78d8ebc595,8d52d238-d95e-43f3-8bf6-7f6e55716bd3,->,313d1fcf-fdf6-4e4e-85aa-8fcea532cc34,c3aa2073-286c-45b0-98a0-4f78d8ebc595,bc5a5782-c035-4a17-a80f-eef32b0d8da2
313d1fcf-fdf6-4e4e-85aa-8fcea532cc34,c3aa2073-286c-45b0-98a0-4f78d8ebc595,8d52d238-d95e-43f3-8bf6-7f6e55716bd3,->,313d1fcf-fdf6-4e4e-85aa-8fcea532cc34,javax/swing/JPanel.java,setVisible
313d1fcf-fdf6-4e4e-85aa-8fcea532cc34,c3aa2073-286c-45b0-98a0-4f78d8ebc595,8d52d238-d95e-43f3-8bf6-7f6e55716bd3,->,313d1fcf-fdf6-4e4e-85aa-8fcea532cc34,javax/swing/JPanel.java,setBackground
313d1fcf-fdf6-4e4e-85aa-8fcea532cc34,c3aa2073-286c-45b0-98a0-4f78d8ebc595,8d52d238-d95e-43f3-8bf6-7f6e55716bd3,->,313d1fcf-fdf6-4e4e-85aa-8fcea532cc34,javax/swing/JLabel.java,setForeground
313d1fcf-fdf6-4e4e-85aa-8fcea532cc34,c3aa2073-286c-45b0-98a0-4f78d8ebc595,8d52d238-d95e-43f3-8bf6-7f6e55716bd3,->,313d1fcf-fdf6-4e4e-85aa-8fcea532cc34,javax/swing/JLabel.java,setText
313d1fcf-fdf6-4e4e-85aa-8fcea532cc34,c3aa2073-286c-45b0-98a0-4f78d8ebc595,8d52d238-d95e-43f3-8bf6-7f6e55716bd3,->,313d1fcf-fdf6-4e4e-85aa-8fcea532cc34,javax/swing/JTextField.java,getText
313d1fcf-fdf6-4e4e-85aa-8fcea532cc34,c3aa2073-286c-45b0-98a0-4f78d8ebc595,8d52d238-d95e-43f3-8bf6-7f6e55716bd3,->,313d1fcf-fdf6-4e4e-85aa-8fcea532cc34,47793caf-a6fc-46bf-a49b-eaf194f7632a,93a7c5f3-86d0-446f-bce6-249bacf19e66
313d1fcf-fdf6-4e4e-85aa-8fcea532cc34,c3aa2073-286c-45b0-98a0-4f78d8ebc595,8d52d238-d95e-43f3-8bf6-7f6e55716bd3,->,313d1fcf-fdf6-4e4e-85aa-8fcea532cc34,javax/swing/JTextField.java,getText
313d1fcf-fdf6-4e4e-85aa-8fcea532cc34,c3aa2073-286c-45b0-98a0-4f78d8ebc595,8d52d238-d95e-43f3-8bf6-7f6e55716bd3,->,313d1fcf-fdf6-4e4e-85aa-8fcea532cc34,javax/swing/JPasswordField.java,getText
313d1fcf-fdf6-4e4e-85aa-8fcea532cc34,c3aa2073-286c-45b0-98a0-4f78d8ebc595,8d52d238-d95e-43f3-8bf6-7f6e55716bd3,->,313d1fcf-fdf6-4e4e-85aa-8fcea532cc34,javax/swing/JTextField.java,getText
313d1fcf-fdf6-4e4e-85aa-8fcea532cc34,c3aa2073-286c-45b0-98a0-4f78d8ebc595,8d52d238-d95e-43f3-8bf6-7f6e55716bd3,->,313d1fcf-fdf6-4e4e-85aa-8fcea532cc34,47793caf-a6fc-46bf-a49b-eaf194f7632a,be243c05-4a6d-43a0-b4b7-dd14174771c7
313d1fcf-fdf6-4e4e-85aa-8fcea532cc34,c3aa2073-286c-45b0-98a0-4f78d8ebc595,8d52d238-d95e-43f3-8bf6-7f6e55716bd3,->,313d1fcf-fdf6-4e4e-85aa-8fcea532cc34,javax/swing/JPanel.java,setBackground
313d1fcf-fdf6-4e4e-85aa-8fcea532cc34,c3aa2073-286c-45b0-98a0-4f78d8ebc595,8d52d238-d95e-43f3-8bf6-7f6e55716bd3,->,313d1fcf-fdf6-4e4e-85aa-8fcea532cc34,javax/swing/JLabel.java,setText
313d1fcf-fdf6-4e4e-85aa-8fcea532cc34,c3aa2073-286c-45b0-98a0-4f78d8ebc595,8d52d238-d95e-43f3-8bf6-7f6e55716bd3,->,313d1fcf-fdf6-4e4e-85aa-8fcea532cc34,c3aa2073-286c-45b0-98a0-4f78d8ebc595,c3b799bf-a99a-43e4-8d6f-ee25b6203db5
313d1fcf-fdf6-4e4e-85aa-8fcea532cc34,c3aa2073-286c-45b0-98a0-4f78d8ebc595,8d52d238-d95e-43f3-8bf6-7f6e55716bd3,->,313d1fcf-fdf6-4e4e-85aa-8fcea532cc34,c3aa2073-286c-45b0-98a0-4f78d8ebc595,028a0941-7f1f-48da-81ce-5c838d4128eb
313d1fcf-fdf6-4e4e-85aa-8fcea532cc34,c3aa2073-286c-45b0-98a0-4f78d8ebc595,8d52d238-d95e-43f3-8bf6-7f6e55716bd3,->,313d1fcf-fdf6-4e4e-85aa-8fcea532cc34,javax/swing/JTextField.java,getText
313d1fcf-fdf6-4e4e-85aa-8fcea532cc34,c3aa2073-286c-45b0-98a0-4f78d8ebc595,8d52d238-d95e-43f3-8bf6-7f6e55716bd3,->,313d1fcf-fdf6-4e4e-85aa-8fcea532cc34,javax/swing/JPasswordField.java,getText
313d1fcf-fdf6-4e4e-85aa-8fcea532cc34,c3aa2073-286c-45b0-98a0-4f78d8ebc595,8d52d238-d95e-43f3-8bf6-7f6e55716bd3,->,313d1fcf-fdf6-4e4e-85aa-8fcea532cc34,javax/swing/JTextField.java,getText
313d1fcf-fdf6-4e4e-85aa-8fcea532cc34,c3aa2073-286c-45b0-98a0-4f78d8ebc595,8d52d238-d95e-43f3-8bf6-7f6e55716bd3,->,313d1fcf-fdf6-4e4e-85aa-8fcea532cc34,grafica/MainGame.java,setVisible
313d1fcf-fdf6-4e4e-85aa-8fcea532cc34,c3aa2073-286c-45b0-98a0-4f78d8ebc595,8d52d238-d95e-43f3-8bf6-7f6e55716bd3,->,313d1fcf-fdf6-4e4e-85aa-8fcea532cc34,grafica/LoginFrame.java,dispose
313d1fcf-fdf6-4e4e-85aa-8fcea532cc34,c3aa2073-286c-45b0-98a0-4f78d8ebc595,8d52d238-d95e-43f3-8bf6-7f6e55716bd3,->,313d1fcf-fdf6-4e4e-85aa-8fcea532cc34,javax/swing/JPanel.java,setBackground
313d1fcf-fdf6-4e4e-85aa-8fcea532cc34,c3aa2073-286c-45b0-98a0-4f78d8ebc595,8d52d238-d95e-43f3-8bf6-7f6e55716bd3,->,313d1fcf-fdf6-4e4e-85aa-8fcea532cc34,javax/swing/JLabel.java,setText
313d1fcf-fdf6-4e4e-85aa-8fcea532cc34,c3aa2073-286c-45b0-98a0-4f78d8ebc595,8d52d238-d95e-43f3-8bf6-7f6e55716bd3,->,313d1fcf-fdf6-4e4e-85aa-8fcea532cc34,c3aa2073-286c-45b0-98a0-4f78d8ebc595,c3b799bf-a99a-43e4-8d6f-ee25b6203db5
313d1fcf-fdf6-4e4e-85aa-8fcea532cc34,c3aa2073-286c-45b0-98a0-4f78d8ebc595,8d52d238-d95e-43f3-8bf6-7f6e55716bd3,->,313d1fcf-fdf6-4e4e-85aa-8fcea532cc34,c3aa2073-286c-45b0-98a0-4f78d8ebc595,028a0941-7f1f-48da-81ce-5c838d4128eb
313d1fcf-fdf6-4e4e-85aa-8fcea532cc34,c3aa2073-286c-45b0-98a0-4f78d8ebc595,8d52d238-d95e-43f3-8bf6-7f6e55716bd3,->,313d1fcf-fdf6-4e4e-85aa-8fcea532cc34,javax/swing/JOptionPane.java,showMessageDialog
313d1fcf-fdf6-4e4e-85aa-8fcea532cc34,c3aa2073-286c-45b0-98a0-4f78d8ebc595,8d52d238-d95e-43f3-8bf6-7f6e55716bd3,->,313d1fcf-fdf6-4e4e-85aa-8fcea532cc34,c3aa2073-286c-45b0-98a0-4f78d8ebc595,c3b799bf-a99a-43e4-8d6f-ee25b6203db5
313d1fcf-fdf6-4e4e-85aa-8fcea532cc34,c3aa2073-286c-45b0-98a0-4f78d8ebc595,8d52d238-d95e-43f3-8bf6-7f6e55716bd3,->,313d1fcf-fdf6-4e4e-85aa-8fcea532cc34,c3aa2073-286c-45b0-98a0-4f78d8ebc595,028a0941-7f1f-48da-81ce-5c838d4128eb
313d1fcf-fdf6-4e4e-85aa-8fcea532cc34,c3aa2073-286c-45b0-98a0-4f78d8ebc595,8d52d238-d95e-43f3-8bf6-7f6e55716bd3,->,313d1fcf-fdf6-4e4e-85aa-8fcea532cc34,javax/swing/JOptionPane.java,showMessageDialog
313d1fcf-fdf6-4e4e-85aa-8fcea532cc34,c3aa2073-286c-45b0-98a0-4f78d8ebc595,8d52d238-d95e-43f3-8bf6-7f6e55716bd3,->,313d1fcf-fdf6-4e4e-85aa-8fcea532cc34,c3aa2073-286c-45b0-98a0-4f78d8ebc595,c3b799bf-a99a-43e4-8d6f-ee25b6203db5
313d1fcf-fdf6-4e4e-85aa-8fcea532cc34,c3aa2073-286c-45b0-98a0-4f78d8ebc595,8d52d238-d95e-43f3-8bf6-7f6e55716bd3,->,313d1fcf-fdf6-4e4e-85aa-8fcea532cc34,c3aa2073-286c-45b0-98a0-4f78d8ebc595,028a0941-7f1f-48da-81ce-5c838d4128eb
313d1fcf-fdf6-4e4e-85aa-8fcea532cc34,c3aa2073-286c-45b0-98a0-4f78d8ebc595,8d52d238-d95e-43f3-8bf6-7f6e55716bd3,->,313d1fcf-fdf6-4e4e-85aa-8fcea532cc34,javax/swing/JOptionPane.java,showMessageDialog
313d1fcf-fdf6-4e4e-85aa-8fcea532cc34,c3aa2073-286c-45b0-98a0-4f78d8ebc595,8d52d238-d95e-43f3-8bf6-7f6e55716bd3,->,313d1fcf-fdf6-4e4e-85aa-8fcea532cc34,c3aa2073-286c-45b0-98a0-4f78d8ebc595,c3b799bf-a99a-43e4-8d6f-ee25b6203db5
313d1fcf-fdf6-4e4e-85aa-8fcea532cc34,c3aa2073-286c-45b0-98a0-4f78d8ebc595,8d52d238-d95e-43f3-8bf6-7f6e55716bd3,->,313d1fcf-fdf6-4e4e-85aa-8fcea532cc34,c3aa2073-286c-45b0-98a0-4f78d8ebc595,028a0941-7f1f-48da-81ce-5c838d4128eb
313d1fcf-fdf6-4e4e-85aa-8fcea532cc34,c3aa2073-286c-45b0-98a0-4f78d8ebc595,76e9a662-bf1f-41d8-9d82-c7c6d7e7c3c2,->,313d1fcf-fdf6-4e4e-85aa-8fcea532cc34,c3aa2073-286c-45b0-98a0-4f78d8ebc595,c93ccb9b-25d9-40b4-bf1b-fbed4c977786
313d1fcf-fdf6-4e4e-85aa-8fcea532cc34,c3aa2073-286c-45b0-98a0-4f78d8ebc595,76e9a662-bf1f-41d8-9d82-c7c6d7e7c3c2,->,313d1fcf-fdf6-4e4e-85aa-8fcea532cc34,c3aa2073-286c-45b0-98a0-4f78d8ebc595,3320adb8-db58-413f-abaa-f1a5b7237cfd
313d1fcf-fdf6-4e4e-85aa-8fcea532cc34,c3aa2073-286c-45b0-98a0-4f78d8ebc595,76e9a662-bf1f-41d8-9d82-c7c6d7e7c3c2,->,313d1fcf-fdf6-4e4e-85aa-8fcea532cc34,javax/swing/JPanel.java,setVisible
313d1fcf-fdf6-4e4e-85aa-8fcea532cc34,c3aa2073-286c-45b0-98a0-4f78d8ebc595,76e9a662-bf1f-41d8-9d82-c7c6d7e7c3c2,->,313d1fcf-fdf6-4e4e-85aa-8fcea532cc34,javax/swing/JPanel.java,setBackground
313d1fcf-fdf6-4e4e-85aa-8fcea532cc34,c3aa2073-286c-45b0-98a0-4f78d8ebc595,76e9a662-bf1f-41d8-9d82-c7c6d7e7c3c2,->,313d1fcf-fdf6-4e4e-85aa-8fcea532cc34,javax/swing/JLabel.java,setForeground
313d1fcf-fdf6-4e4e-85aa-8fcea532cc34,c3aa2073-286c-45b0-98a0-4f78d8ebc595,76e9a662-bf1f-41d8-9d82-c7c6d7e7c3c2,->,313d1fcf-fdf6-4e4e-85aa-8fcea532cc34,javax/swing/JLabel.java,setText
313d1fcf-fdf6-4e4e-85aa-8fcea532cc34,c3aa2073-286c-45b0-98a0-4f78d8ebc595,76e9a662-bf1f-41d8-9d82-c7c6d7e7c3c2,->,313d1fcf-fdf6-4e4e-85aa-8fcea532cc34,grafica/MainGame.java,setVisible
313d1fcf-fdf6-4e4e-85aa-8fcea532cc34,c3aa2073-286c-45b0-98a0-4f78d8ebc595,76e9a662-bf1f-41d8-9d82-c7c6d7e7c3c2,->,313d1fcf-fdf6-4e4e-85aa-8fcea532cc34,grafica/LoginFrame.java,dispose
313d1fcf-fdf6-4e4e-85aa-8fcea532cc34,c3aa2073-286c-45b0-98a0-4f78d8ebc595,bc5a5782-c035-4a17-a80f-eef32b0d8da2,->,313d1fcf-fdf6-4e4e-85aa-8fcea532cc34,javax/swing/JTextField.java,getText
313d1fcf-fdf6-4e4e-85aa-8fcea532cc34,c3aa2073-286c-45b0-98a0-4f78d8ebc595,bc5a5782-c035-4a17-a80f-eef32b0d8da2,->,313d1fcf-fdf6-4e4e-85aa-8fcea532cc34,java/lang/String.java,length
313d1fcf-fdf6-4e4e-85aa-8fcea532cc34,c3aa2073-286c-45b0-98a0-4f78d8ebc595,bc5a5782-c035-4a17-a80f-eef32b0d8da2,->,313d1fcf-fdf6-4e4e-85aa-8fcea532cc34,javax/swing/JPasswordField.java,getText
313d1fcf-fdf6-4e4e-85aa-8fcea532cc34,c3aa2073-286c-45b0-98a0-4f78d8ebc595,bc5a5782-c035-4a17-a80f-eef32b0d8da2,->,313d1fcf-fdf6-4e4e-85aa-8fcea532cc34,java/lang/String.java,length
313d1fcf-fdf6-4e4e-85aa-8fcea532cc34,c3aa2073-286c-45b0-98a0-4f78d8ebc595,bc5a5782-c035-4a17-a80f-eef32b0d8da2,->,313d1fcf-fdf6-4e4e-85aa-8fcea532cc34,javax/swing/JTextField.java,getText
313d1fcf-fdf6-4e4e-85aa-8fcea532cc34,c3aa2073-286c-45b0-98a0-4f78d8ebc595,bc5a5782-c035-4a17-a80f-eef32b0d8da2,->,313d1fcf-fdf6-4e4e-85aa-8fcea532cc34,java/lang/String.java,length
313d1fcf-fdf6-4e4e-85aa-8fcea532cc34,c3aa2073-286c-45b0-98a0-4f78d8ebc595,c3b799bf-a99a-43e4-8d6f-ee25b6203db5,->,313d1fcf-fdf6-4e4e-85aa-8fcea532cc34,javax/swing/JButton.java,setEnabled
313d1fcf-fdf6-4e4e-85aa-8fcea532cc34,c3aa2073-286c-45b0-98a0-4f78d8ebc595,c3b799bf-a99a-43e4-8d6f-ee25b6203db5,->,313d1fcf-fdf6-4e4e-85aa-8fcea532cc34,javax/swing/JButton.java,setEnabled
313d1fcf-fdf6-4e4e-85aa-8fcea532cc34,c3aa2073-286c-45b0-98a0-4f78d8ebc595,c93ccb9b-25d9-40b4-bf1b-fbed4c977786,->,313d1fcf-fdf6-4e4e-85aa-8fcea532cc34,javax/swing/JButton.java,setEnabled
313d1fcf-fdf6-4e4e-85aa-8fcea532cc34,c3aa2073-286c-45b0-98a0-4f78d8ebc595,c93ccb9b-25d9-40b4-bf1b-fbed4c977786,->,313d1fcf-fdf6-4e4e-85aa-8fcea532cc34,javax/swing/JButton.java,setEnabled
313d1fcf-fdf6-4e4e-85aa-8fcea532cc34,c3aa2073-286c-45b0-98a0-4f78d8ebc595,3320adb8-db58-413f-abaa-f1a5b7237cfd,->,313d1fcf-fdf6-4e4e-85aa-8fcea532cc34,javax/swing/JTextField.java,setEnabled
313d1fcf-fdf6-4e4e-85aa-8fcea532cc34,c3aa2073-286c-45b0-98a0-4f78d8ebc595,3320adb8-db58-413f-abaa-f1a5b7237cfd,->,313d1fcf-fdf6-4e4e-85aa-8fcea532cc34,javax/swing/JPasswordField.java,setEnabled
313d1fcf-fdf6-4e4e-85aa-8fcea532cc34,c3aa2073-286c-45b0-98a0-4f78d8ebc595,3320adb8-db58-413f-abaa-f1a5b7237cfd,->,313d1fcf-fdf6-4e4e-85aa-8fcea532cc34,javax/swing/JTextField.java,setEnabled
313d1fcf-fdf6-4e4e-85aa-8fcea532cc34,c3aa2073-286c-45b0-98a0-4f78d8ebc595,028a0941-7f1f-48da-81ce-5c838d4128eb,->,313d1fcf-fdf6-4e4e-85aa-8fcea532cc34,javax/swing/JTextField.java,setEnabled
313d1fcf-fdf6-4e4e-85aa-8fcea532cc34,c3aa2073-286c-45b0-98a0-4f78d8ebc595,028a0941-7f1f-48da-81ce-5c838d4128eb,->,313d1fcf-fdf6-4e4e-85aa-8fcea532cc34,javax/swing/JPasswordField.java,setEnabled
313d1fcf-fdf6-4e4e-85aa-8fcea532cc34,c3aa2073-286c-45b0-98a0-4f78d8ebc595,028a0941-7f1f-48da-81ce-5c838d4128eb,->,313d1fcf-fdf6-4e4e-85aa-8fcea532cc34,javax/swing/JTextField.java,setEnabled
313d1fcf-fdf6-4e4e-85aa-8fcea532cc34,c3aa2073-286c-45b0-98a0-4f78d8ebc595,4874287b-8c91-444a-8903-8ef75e0d3af6,->,313d1fcf-fdf6-4e4e-85aa-8fcea532cc34,javax/swing/UIManager.java,getInstalledLookAndFeels
313d1fcf-fdf6-4e4e-85aa-8fcea532cc34,c3aa2073-286c-45b0-98a0-4f78d8ebc595,4874287b-8c91-444a-8903-8ef75e0d3af6,->,313d1fcf-fdf6-4e4e-85aa-8fcea532cc34,javax/swing/UIManager$LookAndFeelInfo.java,getName
313d1fcf-fdf6-4e4e-85aa-8fcea532cc34,c3aa2073-286c-45b0-98a0-4f78d8ebc595,4874287b-8c91-444a-8903-8ef75e0d3af6,->,313d1fcf-fdf6-4e4e-85aa-8fcea532cc34,java/lang/String.java,equals
313d1fcf-fdf6-4e4e-85aa-8fcea532cc34,c3aa2073-286c-45b0-98a0-4f78d8ebc595,4874287b-8c91-444a-8903-8ef75e0d3af6,->,313d1fcf-fdf6-4e4e-85aa-8fcea532cc34,javax/swing/UIManager$LookAndFeelInfo.java,getClassName
313d1fcf-fdf6-4e4e-85aa-8fcea532cc34,c3aa2073-286c-45b0-98a0-4f78d8ebc595,4874287b-8c91-444a-8903-8ef75e0d3af6,->,313d1fcf-fdf6-4e4e-85aa-8fcea532cc34,javax/swing/UIManager.java,setLookAndFeel
313d1fcf-fdf6-4e4e-85aa-8fcea532cc34,c3aa2073-286c-45b0-98a0-4f78d8ebc595,4874287b-8c91-444a-8903-8ef75e0d3af6,->,313d1fcf-fdf6-4e4e-85aa-8fcea532cc34,java/lang/Class.java,getName
313d1fcf-fdf6-4e4e-85aa-8fcea532cc34,c3aa2073-286c-45b0-98a0-4f78d8ebc595,4874287b-8c91-444a-8903-8ef75e0d3af6,->,313d1fcf-fdf6-4e4e-85aa-8fcea532cc34,java/util/logging/Logger.java,getLogger
313d1fcf-fdf6-4e4e-85aa-8fcea532cc34,c3aa2073-286c-45b0-98a0-4f78d8ebc595,4874287b-8c91-444a-8903-8ef75e0d3af6,->,313d1fcf-fdf6-4e4e-85aa-8fcea532cc34,java/util/logging/Logger.java,log
313d1fcf-fdf6-4e4e-85aa-8fcea532cc34,c3aa2073-286c-45b0-98a0-4f78d8ebc595,4874287b-8c91-444a-8903-8ef75e0d3af6,->,313d1fcf-fdf6-4e4e-85aa-8fcea532cc34,java/lang/Class.java,getName
313d1fcf-fdf6-4e4e-85aa-8fcea532cc34,c3aa2073-286c-45b0-98a0-4f78d8ebc595,4874287b-8c91-444a-8903-8ef75e0d3af6,->,313d1fcf-fdf6-4e4e-85aa-8fcea532cc34,java/util/logging/Logger.java,getLogger
313d1fcf-fdf6-4e4e-85aa-8fcea532cc34,c3aa2073-286c-45b0-98a0-4f78d8ebc595,4874287b-8c91-444a-8903-8ef75e0d3af6,->,313d1fcf-fdf6-4e4e-85aa-8fcea532cc34,java/util/logging/Logger.java,log
313d1fcf-fdf6-4e4e-85aa-8fcea532cc34,c3aa2073-286c-45b0-98a0-4f78d8ebc595,4874287b-8c91-444a-8903-8ef75e0d3af6,->,313d1fcf-fdf6-4e4e-85aa-8fcea532cc34,java/lang/Class.java,getName
313d1fcf-fdf6-4e4e-85aa-8fcea532cc34,c3aa2073-286c-45b0-98a0-4f78d8ebc595,4874287b-8c91-444a-8903-8ef75e0d3af6,->,313d1fcf-fdf6-4e4e-85aa-8fcea532cc34,java/util/logging/Logger.java,getLogger
313d1fcf-fdf6-4e4e-85aa-8fcea532cc34,c3aa2073-286c-45b0-98a0-4f78d8ebc595,4874287b-8c91-444a-8903-8ef75e0d3af6,->,313d1fcf-fdf6-4e4e-85aa-8fcea532cc34,java/util/logging/Logger.java,log
313d1fcf-fdf6-4e4e-85aa-8fcea532cc34,c3aa2073-286c-45b0-98a0-4f78d8ebc595,4874287b-8c91-444a-8903-8ef75e0d3af6,->,313d1fcf-fdf6-4e4e-85aa-8fcea532cc34,java/lang/Class.java,getName
313d1fcf-fdf6-4e4e-85aa-8fcea532cc34,c3aa2073-286c-45b0-98a0-4f78d8ebc595,4874287b-8c91-444a-8903-8ef75e0d3af6,->,313d1fcf-fdf6-4e4e-85aa-8fcea532cc34,java/util/logging/Logger.java,getLogger
313d1fcf-fdf6-4e4e-85aa-8fcea532cc34,c3aa2073-286c-45b0-98a0-4f78d8ebc595,4874287b-8c91-444a-8903-8ef75e0d3af6,->,313d1fcf-fdf6-4e4e-85aa-8fcea532cc34,java/util/logging/Logger.java,log
313d1fcf-fdf6-4e4e-85aa-8fcea532cc34,c3aa2073-286c-45b0-98a0-4f78d8ebc595,4874287b-8c91-444a-8903-8ef75e0d3af6,->,313d1fcf-fdf6-4e4e-85aa-8fcea532cc34,java/awt/EventQueue.java,invokeLater
313d1fcf-fdf6-4e4e-85aa-8fcea532cc34,c3aa2073-286c-45b0-98a0-4f78d8ebc595,bb563c6f-31a3-45a2-bfa0-9b3076cc3cf8,->,313d1fcf-fdf6-4e4e-85aa-8fcea532cc34,java/awt/Toolkit.java,getDefaultToolkit
313d1fcf-fdf6-4e4e-85aa-8fcea532cc34,c3aa2073-286c-45b0-98a0-4f78d8ebc595,bb563c6f-31a3-45a2-bfa0-9b3076cc3cf8,->,313d1fcf-fdf6-4e4e-85aa-8fcea532cc34,java/lang/ClassLoader.java,getSystemResource
313d1fcf-fdf6-4e4e-85aa-8fcea532cc34,c3aa2073-286c-45b0-98a0-4f78d8ebc595,bb563c6f-31a3-45a2-bfa0-9b3076cc3cf8,->,313d1fcf-fdf6-4e4e-85aa-8fcea532cc34,java/awt/Toolkit.java,getImage
313d1fcf-fdf6-4e4e-85aa-8fcea532cc34,grafica/LoginFrame.java,access$000,->,313d1fcf-fdf6-4e4e-85aa-8fcea532cc34,c3aa2073-286c-45b0-98a0-4f78d8ebc595,8d52d238-d95e-43f3-8bf6-7f6e55716bd3
313d1fcf-fdf6-4e4e-85aa-8fcea532cc34,grafica/LoginFrame.java,access$100,->,313d1fcf-fdf6-4e4e-85aa-8fcea532cc34,c3aa2073-286c-45b0-98a0-4f78d8ebc595,76e9a662-bf1f-41d8-9d82-c7c6d7e7c3c2
313d1fcf-fdf6-4e4e-85aa-8fcea532cc34,96b4e43d-d2d4-42e4-8741-c5dbbfe7179e,fcba2d5f-e71f-4646-bb91-cd7143d9d44b,->,313d1fcf-fdf6-4e4e-85aa-8fcea532cc34,grafica/FinPerdiste.java,setDefaultCloseOperation
313d1fcf-fdf6-4e4e-85aa-8fcea532cc34,96b4e43d-d2d4-42e4-8741-c5dbbfe7179e,fcba2d5f-e71f-4646-bb91-cd7143d9d44b,->,313d1fcf-fdf6-4e4e-85aa-8fcea532cc34,96b4e43d-d2d4-42e4-8741-c5dbbfe7179e,316ed562-0d0d-48b9-a8a1-c7a57f003271
313d1fcf-fdf6-4e4e-85aa-8fcea532cc34,96b4e43d-d2d4-42e4-8741-c5dbbfe7179e,fcba2d5f-e71f-4646-bb91-cd7143d9d44b,->,313d1fcf-fdf6-4e4e-85aa-8fcea532cc34,grafica/FinPerdiste.java,setIconImage
313d1fcf-fdf6-4e4e-85aa-8fcea532cc34,96b4e43d-d2d4-42e4-8741-c5dbbfe7179e,fcba2d5f-e71f-4646-bb91-cd7143d9d44b,->,313d1fcf-fdf6-4e4e-85aa-8fcea532cc34,javax/swing/JLabel.java,setFont
313d1fcf-fdf6-4e4e-85aa-8fcea532cc34,96b4e43d-d2d4-42e4-8741-c5dbbfe7179e,fcba2d5f-e71f-4646-bb91-cd7143d9d44b,->,313d1fcf-fdf6-4e4e-85aa-8fcea532cc34,javax/swing/JLabel.java,setForeground
313d1fcf-fdf6-4e4e-85aa-8fcea532cc34,96b4e43d-d2d4-42e4-8741-c5dbbfe7179e,fcba2d5f-e71f-4646-bb91-cd7143d9d44b,->,313d1fcf-fdf6-4e4e-85aa-8fcea532cc34,javax/swing/JLabel.java,setText
313d1fcf-fdf6-4e4e-85aa-8fcea532cc34,96b4e43d-d2d4-42e4-8741-c5dbbfe7179e,fcba2d5f-e71f-4646-bb91-cd7143d9d44b,->,313d1fcf-fdf6-4e4e-85aa-8fcea532cc34,javax/swing/JButton.java,setFont
313d1fcf-fdf6-4e4e-85aa-8fcea532cc34,96b4e43d-d2d4-42e4-8741-c5dbbfe7179e,fcba2d5f-e71f-4646-bb91-cd7143d9d44b,->,313d1fcf-fdf6-4e4e-85aa-8fcea532cc34,javax/swing/JButton.java,setText
313d1fcf-fdf6-4e4e-85aa-8fcea532cc34,96b4e43d-d2d4-42e4-8741-c5dbbfe7179e,fcba2d5f-e71f-4646-bb91-cd7143d9d44b,->,313d1fcf-fdf6-4e4e-85aa-8fcea532cc34,javax/swing/JButton.java,addActionListener
313d1fcf-fdf6-4e4e-85aa-8fcea532cc34,96b4e43d-d2d4-42e4-8741-c5dbbfe7179e,fcba2d5f-e71f-4646-bb91-cd7143d9d44b,->,313d1fcf-fdf6-4e4e-85aa-8fcea532cc34,javax/swing/JLabel.java,setFont
313d1fcf-fdf6-4e4e-85aa-8fcea532cc34,96b4e43d-d2d4-42e4-8741-c5dbbfe7179e,fcba2d5f-e71f-4646-bb91-cd7143d9d44b,->,313d1fcf-fdf6-4e4e-85aa-8fcea532cc34,javax/swing/JLabel.java,setText
313d1fcf-fdf6-4e4e-85aa-8fcea532cc34,96b4e43d-d2d4-42e4-8741-c5dbbfe7179e,fcba2d5f-e71f-4646-bb91-cd7143d9d44b,->,313d1fcf-fdf6-4e4e-85aa-8fcea532cc34,grafica/FinPerdiste.java,getContentPane
313d1fcf-fdf6-4e4e-85aa-8fcea532cc34,96b4e43d-d2d4-42e4-8741-c5dbbfe7179e,fcba2d5f-e71f-4646-bb91-cd7143d9d44b,->,313d1fcf-fdf6-4e4e-85aa-8fcea532cc34,grafica/FinPerdiste.java,getContentPane
313d1fcf-fdf6-4e4e-85aa-8fcea532cc34,96b4e43d-d2d4-42e4-8741-c5dbbfe7179e,fcba2d5f-e71f-4646-bb91-cd7143d9d44b,->,313d1fcf-fdf6-4e4e-85aa-8fcea532cc34,java/awt/Container.java,setLayout
313d1fcf-fdf6-4e4e-85aa-8fcea532cc34,96b4e43d-d2d4-42e4-8741-c5dbbfe7179e,fcba2d5f-e71f-4646-bb91-cd7143d9d44b,->,313d1fcf-fdf6-4e4e-85aa-8fcea532cc34,javax/swing/GroupLayout.java,createParallelGroup
313d1fcf-fdf6-4e4e-85aa-8fcea532cc34,96b4e43d-d2d4-42e4-8741-c5dbbfe7179e,fcba2d5f-e71f-4646-bb91-cd7143d9d44b,->,313d1fcf-fdf6-4e4e-85aa-8fcea532cc34,javax/swing/GroupLayout.java,createSequentialGroup
313d1fcf-fdf6-4e4e-85aa-8fcea532cc34,96b4e43d-d2d4-42e4-8741-c5dbbfe7179e,fcba2d5f-e71f-4646-bb91-cd7143d9d44b,->,313d1fcf-fdf6-4e4e-85aa-8fcea532cc34,javax/swing/GroupLayout$SequentialGroup.java,addContainerGap
313d1fcf-fdf6-4e4e-85aa-8fcea532cc34,96b4e43d-d2d4-42e4-8741-c5dbbfe7179e,fcba2d5f-e71f-4646-bb91-cd7143d9d44b,->,313d1fcf-fdf6-4e4e-85aa-8fcea532cc34,javax/swing/GroupLayout.java,createParallelGroup
313d1fcf-fdf6-4e4e-85aa-8fcea532cc34,96b4e43d-d2d4-42e4-8741-c5dbbfe7179e,fcba2d5f-e71f-4646-bb91-cd7143d9d44b,->,313d1fcf-fdf6-4e4e-85aa-8fcea532cc34,javax/swing/GroupLayout$ParallelGroup.java,addComponent
313d1fcf-fdf6-4e4e-85aa-8fcea532cc34,96b4e43d-d2d4-42e4-8741-c5dbbfe7179e,fcba2d5f-e71f-4646-bb91-cd7143d9d44b,->,313d1fcf-fdf6-4e4e-85aa-8fcea532cc34,javax/swing/GroupLayout.java,createSequentialGroup
313d1fcf-fdf6-4e4e-85aa-8fcea532cc34,96b4e43d-d2d4-42e4-8741-c5dbbfe7179e,fcba2d5f-e71f-4646-bb91-cd7143d9d44b,->,313d1fcf-fdf6-4e4e-85aa-8fcea532cc34,javax/swing/GroupLayout$SequentialGroup.java,addGap
313d1fcf-fdf6-4e4e-85aa-8fcea532cc34,96b4e43d-d2d4-42e4-8741-c5dbbfe7179e,fcba2d5f-e71f-4646-bb91-cd7143d9d44b,->,313d1fcf-fdf6-4e4e-85aa-8fcea532cc34,javax/swing/GroupLayout.java,createParallelGroup
313d1fcf-fdf6-4e4e-85aa-8fcea532cc34,96b4e43d-d2d4-42e4-8741-c5dbbfe7179e,fcba2d5f-e71f-4646-bb91-cd7143d9d44b,->,313d1fcf-fdf6-4e4e-85aa-8fcea532cc34,javax/swing/GroupLayout$ParallelGroup.java,addComponent
313d1fcf-fdf6-4e4e-85aa-8fcea532cc34,96b4e43d-d2d4-42e4-8741-c5dbbfe7179e,fcba2d5f-e71f-4646-bb91-cd7143d9d44b,->,313d1fcf-fdf6-4e4e-85aa-8fcea532cc34,javax/swing/GroupLayout$ParallelGroup.java,addComponent
313d1fcf-fdf6-4e4e-85aa-8fcea532cc34,96b4e43d-d2d4-42e4-8741-c5dbbfe7179e,fcba2d5f-e71f-4646-bb91-cd7143d9d44b,->,313d1fcf-fdf6-4e4e-85aa-8fcea532cc34,javax/swing/GroupLayout$SequentialGroup.java,addGroup
313d1fcf-fdf6-4e4e-85aa-8fcea532cc34,96b4e43d-d2d4-42e4-8741-c5dbbfe7179e,fcba2d5f-e71f-4646-bb91-cd7143d9d44b,->,313d1fcf-fdf6-4e4e-85aa-8fcea532cc34,javax/swing/GroupLayout$SequentialGroup.java,addContainerGap
313d1fcf-fdf6-4e4e-85aa-8fcea532cc34,96b4e43d-d2d4-42e4-8741-c5dbbfe7179e,fcba2d5f-e71f-4646-bb91-cd7143d9d44b,->,313d1fcf-fdf6-4e4e-85aa-8fcea532cc34,javax/swing/GroupLayout$ParallelGroup.java,addGroup
313d1fcf-fdf6-4e4e-85aa-8fcea532cc34,96b4e43d-d2d4-42e4-8741-c5dbbfe7179e,fcba2d5f-e71f-4646-bb91-cd7143d9d44b,->,313d1fcf-fdf6-4e4e-85aa-8fcea532cc34,javax/swing/GroupLayout$SequentialGroup.java,addGroup
313d1fcf-fdf6-4e4e-85aa-8fcea532cc34,96b4e43d-d2d4-42e4-8741-c5dbbfe7179e,fcba2d5f-e71f-4646-bb91-cd7143d9d44b,->,313d1fcf-fdf6-4e4e-85aa-8fcea532cc34,javax/swing/GroupLayout$ParallelGroup.java,addGroup
313d1fcf-fdf6-4e4e-85aa-8fcea532cc34,96b4e43d-d2d4-42e4-8741-c5dbbfe7179e,fcba2d5f-e71f-4646-bb91-cd7143d9d44b,->,313d1fcf-fdf6-4e4e-85aa-8fcea532cc34,javax/swing/GroupLayout.java,setHorizontalGroup
313d1fcf-fdf6-4e4e-85aa-8fcea532cc34,96b4e43d-d2d4-42e4-8741-c5dbbfe7179e,fcba2d5f-e71f-4646-bb91-cd7143d9d44b,->,313d1fcf-fdf6-4e4e-85aa-8fcea532cc34,javax/swing/GroupLayout.java,createParallelGroup
313d1fcf-fdf6-4e4e-85aa-8fcea532cc34,96b4e43d-d2d4-42e4-8741-c5dbbfe7179e,fcba2d5f-e71f-4646-bb91-cd7143d9d44b,->,313d1fcf-fdf6-4e4e-85aa-8fcea532cc34,javax/swing/GroupLayout.java,createSequentialGroup
313d1fcf-fdf6-4e4e-85aa-8fcea532cc34,96b4e43d-d2d4-42e4-8741-c5dbbfe7179e,fcba2d5f-e71f-4646-bb91-cd7143d9d44b,->,313d1fcf-fdf6-4e4e-85aa-8fcea532cc34,javax/swing/GroupLayout$SequentialGroup.java,addGap
313d1fcf-fdf6-4e4e-85aa-8fcea532cc34,96b4e43d-d2d4-42e4-8741-c5dbbfe7179e,fcba2d5f-e71f-4646-bb91-cd7143d9d44b,->,313d1fcf-fdf6-4e4e-85aa-8fcea532cc34,javax/swing/GroupLayout$SequentialGroup.java,addComponent
313d1fcf-fdf6-4e4e-85aa-8fcea532cc34,96b4e43d-d2d4-42e4-8741-c5dbbfe7179e,fcba2d5f-e71f-4646-bb91-cd7143d9d44b,->,313d1fcf-fdf6-4e4e-85aa-8fcea532cc34,javax/swing/GroupLayout$SequentialGroup.java,addPreferredGap
313d1fcf-fdf6-4e4e-85aa-8fcea532cc34,96b4e43d-d2d4-42e4-8741-c5dbbfe7179e,fcba2d5f-e71f-4646-bb91-cd7143d9d44b,->,313d1fcf-fdf6-4e4e-85aa-8fcea532cc34,javax/swing/GroupLayout$SequentialGroup.java,addComponent
313d1fcf-fdf6-4e4e-85aa-8fcea532cc34,96b4e43d-d2d4-42e4-8741-c5dbbfe7179e,fcba2d5f-e71f-4646-bb91-cd7143d9d44b,->,313d1fcf-fdf6-4e4e-85aa-8fcea532cc34,javax/swing/GroupLayout$SequentialGroup.java,addPreferredGap
313d1fcf-fdf6-4e4e-85aa-8fcea532cc34,96b4e43d-d2d4-42e4-8741-c5dbbfe7179e,fcba2d5f-e71f-4646-bb91-cd7143d9d44b,->,313d1fcf-fdf6-4e4e-85aa-8fcea532cc34,javax/swing/GroupLayout$SequentialGroup.java,addComponent
313d1fcf-fdf6-4e4e-85aa-8fcea532cc34,96b4e43d-d2d4-42e4-8741-c5dbbfe7179e,fcba2d5f-e71f-4646-bb91-cd7143d9d44b,->,313d1fcf-fdf6-4e4e-85aa-8fcea532cc34,javax/swing/GroupLayout$SequentialGroup.java,addContainerGap
313d1fcf-fdf6-4e4e-85aa-8fcea532cc34,96b4e43d-d2d4-42e4-8741-c5dbbfe7179e,fcba2d5f-e71f-4646-bb91-cd7143d9d44b,->,313d1fcf-fdf6-4e4e-85aa-8fcea532cc34,javax/swing/GroupLayout$ParallelGroup.java,addGroup
313d1fcf-fdf6-4e4e-85aa-8fcea532cc34,96b4e43d-d2d4-42e4-8741-c5dbbfe7179e,fcba2d5f-e71f-4646-bb91-cd7143d9d44b,->,313d1fcf-fdf6-4e4e-85aa-8fcea532cc34,javax/swing/GroupLayout.java,setVerticalGroup
313d1fcf-fdf6-4e4e-85aa-8fcea532cc34,96b4e43d-d2d4-42e4-8741-c5dbbfe7179e,fcba2d5f-e71f-4646-bb91-cd7143d9d44b,->,313d1fcf-fdf6-4e4e-85aa-8fcea532cc34,grafica/FinPerdiste.java,pack
313d1fcf-fdf6-4e4e-85aa-8fcea532cc34,96b4e43d-d2d4-42e4-8741-c5dbbfe7179e,769cabdd-6b84-4c25-8cdc-e702c35c4d10,->,313d1fcf-fdf6-4e4e-85aa-8fcea532cc34,grafica/FinPerdiste.java,dispose
313d1fcf-fdf6-4e4e-85aa-8fcea532cc34,96b4e43d-d2d4-42e4-8741-c5dbbfe7179e,316ed562-0d0d-48b9-a8a1-c7a57f003271,->,313d1fcf-fdf6-4e4e-85aa-8fcea532cc34,java/awt/Toolkit.java,getDefaultToolkit
313d1fcf-fdf6-4e4e-85aa-8fcea532cc34,96b4e43d-d2d4-42e4-8741-c5dbbfe7179e,316ed562-0d0d-48b9-a8a1-c7a57f003271,->,313d1fcf-fdf6-4e4e-85aa-8fcea532cc34,java/lang/ClassLoader.java,getSystemResource
313d1fcf-fdf6-4e4e-85aa-8fcea532cc34,96b4e43d-d2d4-42e4-8741-c5dbbfe7179e,316ed562-0d0d-48b9-a8a1-c7a57f003271,->,313d1fcf-fdf6-4e4e-85aa-8fcea532cc34,java/awt/Toolkit.java,getImage
313d1fcf-fdf6-4e4e-85aa-8fcea532cc34,grafica/FinPerdiste.java,access$000,->,313d1fcf-fdf6-4e4e-85aa-8fcea532cc34,96b4e43d-d2d4-42e4-8741-c5dbbfe7179e,769cabdd-6b84-4c25-8cdc-e702c35c4d10
313d1fcf-fdf6-4e4e-85aa-8fcea532cc34,grafica/MainGame$20.java,actionPerformed,->,313d1fcf-fdf6-4e4e-85aa-8fcea532cc34,grafica/MainGame.java,access$1300
313d1fcf-fdf6-4e4e-85aa-8fcea532cc34,af9be0d4-7dcf-430f-a0af-a7a611d7a526,377c3a1d-2a59-4823-8515-2e357a203629,->,313d1fcf-fdf6-4e4e-85aa-8fcea532cc34,grafica/FinGanar.java,setDefaultCloseOperation
313d1fcf-fdf6-4e4e-85aa-8fcea532cc34,af9be0d4-7dcf-430f-a0af-a7a611d7a526,377c3a1d-2a59-4823-8515-2e357a203629,->,313d1fcf-fdf6-4e4e-85aa-8fcea532cc34,grafica/FinGanar.java,setTitle
313d1fcf-fdf6-4e4e-85aa-8fcea532cc34,af9be0d4-7dcf-430f-a0af-a7a611d7a526,377c3a1d-2a59-4823-8515-2e357a203629,->,313d1fcf-fdf6-4e4e-85aa-8fcea532cc34,af9be0d4-7dcf-430f-a0af-a7a611d7a526,97804815-8b38-4fb4-a6ed-1306707d0272
313d1fcf-fdf6-4e4e-85aa-8fcea532cc34,af9be0d4-7dcf-430f-a0af-a7a611d7a526,377c3a1d-2a59-4823-8515-2e357a203629,->,313d1fcf-fdf6-4e4e-85aa-8fcea532cc34,grafica/FinGanar.java,setIconImage
313d1fcf-fdf6-4e4e-85aa-8fcea532cc34,af9be0d4-7dcf-430f-a0af-a7a611d7a526,377c3a1d-2a59-4823-8515-2e357a203629,->,313d1fcf-fdf6-4e4e-85aa-8fcea532cc34,grafica/FinGanar.java,setResizable
313d1fcf-fdf6-4e4e-85aa-8fcea532cc34,af9be0d4-7dcf-430f-a0af-a7a611d7a526,377c3a1d-2a59-4823-8515-2e357a203629,->,313d1fcf-fdf6-4e4e-85aa-8fcea532cc34,java/lang/Object.java,getClass
313d1fcf-fdf6-4e4e-85aa-8fcea532cc34,af9be0d4-7dcf-430f-a0af-a7a611d7a526,377c3a1d-2a59-4823-8515-2e357a203629,->,313d1fcf-fdf6-4e4e-85aa-8fcea532cc34,java/lang/Class.java,getResource
313d1fcf-fdf6-4e4e-85aa-8fcea532cc34,af9be0d4-7dcf-430f-a0af-a7a611d7a526,377c3a1d-2a59-4823-8515-2e357a203629,->,313d1fcf-fdf6-4e4e-85aa-8fcea532cc34,javax/swing/JLabel.java,setIcon
313d1fcf-fdf6-4e4e-85aa-8fcea532cc34,af9be0d4-7dcf-430f-a0af-a7a611d7a526,377c3a1d-2a59-4823-8515-2e357a203629,->,313d1fcf-fdf6-4e4e-85aa-8fcea532cc34,javax/swing/JLabel.java,setFont
313d1fcf-fdf6-4e4e-85aa-8fcea532cc34,af9be0d4-7dcf-430f-a0af-a7a611d7a526,377c3a1d-2a59-4823-8515-2e357a203629,->,313d1fcf-fdf6-4e4e-85aa-8fcea532cc34,javax/swing/JLabel.java,setForeground
313d1fcf-fdf6-4e4e-85aa-8fcea532cc34,af9be0d4-7dcf-430f-a0af-a7a611d7a526,377c3a1d-2a59-4823-8515-2e357a203629,->,313d1fcf-fdf6-4e4e-85aa-8fcea532cc34,javax/swing/JLabel.java,setText
313d1fcf-fdf6-4e4e-85aa-8fcea532cc34,af9be0d4-7dcf-430f-a0af-a7a611d7a526,377c3a1d-2a59-4823-8515-2e357a203629,->,313d1fcf-fdf6-4e4e-85aa-8fcea532cc34,javax/swing/JLabel.java,setFont
313d1fcf-fdf6-4e4e-85aa-8fcea532cc34,af9be0d4-7dcf-430f-a0af-a7a611d7a526,377c3a1d-2a59-4823-8515-2e357a203629,->,313d1fcf-fdf6-4e4e-85aa-8fcea532cc34,javax/swing/JLabel.java,setText
313d1fcf-fdf6-4e4e-85aa-8fcea532cc34,af9be0d4-7dcf-430f-a0af-a7a611d7a526,377c3a1d-2a59-4823-8515-2e357a203629,->,313d1fcf-fdf6-4e4e-85aa-8fcea532cc34,javax/swing/JLabel.java,setFont
313d1fcf-fdf6-4e4e-85aa-8fcea532cc34,af9be0d4-7dcf-430f-a0af-a7a611d7a526,377c3a1d-2a59-4823-8515-2e357a203629,->,313d1fcf-fdf6-4e4e-85aa-8fcea532cc34,javax/swing/JLabel.java,setText
313d1fcf-fdf6-4e4e-85aa-8fcea532cc34,af9be0d4-7dcf-430f-a0af-a7a611d7a526,377c3a1d-2a59-4823-8515-2e357a203629,->,313d1fcf-fdf6-4e4e-85aa-8fcea532cc34,javax/swing/JLabel.java,setFont
313d1fcf-fdf6-4e4e-85aa-8fcea532cc34,af9be0d4-7dcf-430f-a0af-a7a611d7a526,377c3a1d-2a59-4823-8515-2e357a203629,->,313d1fcf-fdf6-4e4e-85aa-8fcea532cc34,javax/swing/JLabel.java,setText
313d1fcf-fdf6-4e4e-85aa-8fcea532cc34,af9be0d4-7dcf-430f-a0af-a7a611d7a526,377c3a1d-2a59-4823-8515-2e357a203629,->,313d1fcf-fdf6-4e4e-85aa-8fcea532cc34,javax/swing/JButton.java,setFont
313d1fcf-fdf6-4e4e-85aa-8fcea532cc34,af9be0d4-7dcf-430f-a0af-a7a611d7a526,377c3a1d-2a59-4823-8515-2e357a203629,->,313d1fcf-fdf6-4e4e-85aa-8fcea532cc34,javax/swing/JButton.java,setText
313d1fcf-fdf6-4e4e-85aa-8fcea532cc34,af9be0d4-7dcf-430f-a0af-a7a611d7a526,377c3a1d-2a59-4823-8515-2e357a203629,->,313d1fcf-fdf6-4e4e-85aa-8fcea532cc34,javax/swing/JButton.java,addActionListener
313d1fcf-fdf6-4e4e-85aa-8fcea532cc34,af9be0d4-7dcf-430f-a0af-a7a611d7a526,377c3a1d-2a59-4823-8515-2e357a203629,->,313d1fcf-fdf6-4e4e-85aa-8fcea532cc34,javax/swing/JLabel.java,setFont
313d1fcf-fdf6-4e4e-85aa-8fcea532cc34,af9be0d4-7dcf-430f-a0af-a7a611d7a526,377c3a1d-2a59-4823-8515-2e357a203629,->,313d1fcf-fdf6-4e4e-85aa-8fcea532cc34,javax/swing/JLabel.java,setText
313d1fcf-fdf6-4e4e-85aa-8fcea532cc34,af9be0d4-7dcf-430f-a0af-a7a611d7a526,377c3a1d-2a59-4823-8515-2e357a203629,->,313d1fcf-fdf6-4e4e-85aa-8fcea532cc34,grafica/FinGanar.java,getContentPane
313d1fcf-fdf6-4e4e-85aa-8fcea532cc34,af9be0d4-7dcf-430f-a0af-a7a611d7a526,377c3a1d-2a59-4823-8515-2e357a203629,->,313d1fcf-fdf6-4e4e-85aa-8fcea532cc34,grafica/FinGanar.java,getContentPane
313d1fcf-fdf6-4e4e-85aa-8fcea532cc34,af9be0d4-7dcf-430f-a0af-a7a611d7a526,377c3a1d-2a59-4823-8515-2e357a203629,->,313d1fcf-fdf6-4e4e-85aa-8fcea532cc34,java/awt/Container.java,setLayout
313d1fcf-fdf6-4e4e-85aa-8fcea532cc34,af9be0d4-7dcf-430f-a0af-a7a611d7a526,377c3a1d-2a59-4823-8515-2e357a203629,->,313d1fcf-fdf6-4e4e-85aa-8fcea532cc34,javax/swing/GroupLayout.java,createParallelGroup
313d1fcf-fdf6-4e4e-85aa-8fcea532cc34,af9be0d4-7dcf-430f-a0af-a7a611d7a526,377c3a1d-2a59-4823-8515-2e357a203629,->,313d1fcf-fdf6-4e4e-85aa-8fcea532cc34,javax/swing/GroupLayout.java,createSequentialGroup
313d1fcf-fdf6-4e4e-85aa-8fcea532cc34,af9be0d4-7dcf-430f-a0af-a7a611d7a526,377c3a1d-2a59-4823-8515-2e357a203629,->,313d1fcf-fdf6-4e4e-85aa-8fcea532cc34,javax/swing/GroupLayout$SequentialGroup.java,addContainerGap
313d1fcf-fdf6-4e4e-85aa-8fcea532cc34,af9be0d4-7dcf-430f-a0af-a7a611d7a526,377c3a1d-2a59-4823-8515-2e357a203629,->,313d1fcf-fdf6-4e4e-85aa-8fcea532cc34,javax/swing/GroupLayout$SequentialGroup.java,addComponent
313d1fcf-fdf6-4e4e-85aa-8fcea532cc34,af9be0d4-7dcf-430f-a0af-a7a611d7a526,377c3a1d-2a59-4823-8515-2e357a203629,->,313d1fcf-fdf6-4e4e-85aa-8fcea532cc34,javax/swing/GroupLayout.java,createParallelGroup
313d1fcf-fdf6-4e4e-85aa-8fcea532cc34,af9be0d4-7dcf-430f-a0af-a7a611d7a526,377c3a1d-2a59-4823-8515-2e357a203629,->,313d1fcf-fdf6-4e4e-85aa-8fcea532cc34,javax/swing/GroupLayout.java,createSequentialGroup
313d1fcf-fdf6-4e4e-85aa-8fcea532cc34,af9be0d4-7dcf-430f-a0af-a7a611d7a526,377c3a1d-2a59-4823-8515-2e357a203629,->,313d1fcf-fdf6-4e4e-85aa-8fcea532cc34,javax/swing/GroupLayout$SequentialGroup.java,addPreferredGap
313d1fcf-fdf6-4e4e-85aa-8fcea532cc34,af9be0d4-7dcf-430f-a0af-a7a611d7a526,377c3a1d-2a59-4823-8515-2e357a203629,->,313d1fcf-fdf6-4e4e-85aa-8fcea532cc34,javax/swing/GroupLayout$SequentialGroup.java,addComponent
313d1fcf-fdf6-4e4e-85aa-8fcea532cc34,af9be0d4-7dcf-430f-a0af-a7a611d7a526,377c3a1d-2a59-4823-8515-2e357a203629,->,313d1fcf-fdf6-4e4e-85aa-8fcea532cc34,javax/swing/GroupLayout$SequentialGroup.java,addGap
313d1fcf-fdf6-4e4e-85aa-8fcea532cc34,af9be0d4-7dcf-430f-a0af-a7a611d7a526,377c3a1d-2a59-4823-8515-2e357a203629,->,313d1fcf-fdf6-4e4e-85aa-8fcea532cc34,javax/swing/GroupLayout$ParallelGroup.java,addGroup
313d1fcf-fdf6-4e4e-85aa-8fcea532cc34,af9be0d4-7dcf-430f-a0af-a7a611d7a526,377c3a1d-2a59-4823-8515-2e357a203629,->,313d1fcf-fdf6-4e4e-85aa-8fcea532cc34,javax/swing/GroupLayout.java,createSequentialGroup
313d1fcf-fdf6-4e4e-85aa-8fcea532cc34,af9be0d4-7dcf-430f-a0af-a7a611d7a526,377c3a1d-2a59-4823-8515-2e357a203629,->,313d1fcf-fdf6-4e4e-85aa-8fcea532cc34,javax/swing/GroupLayout.java,createParallelGroup
313d1fcf-fdf6-4e4e-85aa-8fcea532cc34,af9be0d4-7dcf-430f-a0af-a7a611d7a526,377c3a1d-2a59-4823-8515-2e357a203629,->,313d1fcf-fdf6-4e4e-85aa-8fcea532cc34,javax/swing/GroupLayout.java,createSequentialGroup
313d1fcf-fdf6-4e4e-85aa-8fcea532cc34,af9be0d4-7dcf-430f-a0af-a7a611d7a526,377c3a1d-2a59-4823-8515-2e357a203629,->,313d1fcf-fdf6-4e4e-85aa-8fcea532cc34,javax/swing/GroupLayout$SequentialGroup.java,addPreferredGap
313d1fcf-fdf6-4e4e-85aa-8fcea532cc34,af9be0d4-7dcf-430f-a0af-a7a611d7a526,377c3a1d-2a59-4823-8515-2e357a203629,->,313d1fcf-fdf6-4e4e-85aa-8fcea532cc34,javax/swing/GroupLayout$SequentialGroup.java,addComponent
313d1fcf-fdf6-4e4e-85aa-8fcea532cc34,af9be0d4-7dcf-430f-a0af-a7a611d7a526,377c3a1d-2a59-4823-8515-2e357a203629,->,313d1fcf-fdf6-4e4e-85aa-8fcea532cc34,javax/swing/GroupLayout$ParallelGroup.java,addGroup
313d1fcf-fdf6-4e4e-85aa-8fcea532cc34,af9be0d4-7dcf-430f-a0af-a7a611d7a526,377c3a1d-2a59-4823-8515-2e357a203629,->,313d1fcf-fdf6-4e4e-85aa-8fcea532cc34,javax/swing/GroupLayout.java,createSequentialGroup
313d1fcf-fdf6-4e4e-85aa-8fcea532cc34,af9be0d4-7dcf-430f-a0af-a7a611d7a526,377c3a1d-2a59-4823-8515-2e357a203629,->,313d1fcf-fdf6-4e4e-85aa-8fcea532cc34,javax/swing/GroupLayout$SequentialGroup.java,addGap
313d1fcf-fdf6-4e4e-85aa-8fcea532cc34,af9be0d4-7dcf-430f-a0af-a7a611d7a526,377c3a1d-2a59-4823-8515-2e357a203629,->,313d1fcf-fdf6-4e4e-85aa-8fcea532cc34,javax/swing/GroupLayout$SequentialGroup.java,addComponent
313d1fcf-fdf6-4e4e-85aa-8fcea532cc34,af9be0d4-7dcf-430f-a0af-a7a611d7a526,377c3a1d-2a59-4823-8515-2e357a203629,->,313d1fcf-fdf6-4e4e-85aa-8fcea532cc34,javax/swing/GroupLayout$SequentialGroup.java,addPreferredGap
313d1fcf-fdf6-4e4e-85aa-8fcea532cc34,af9be0d4-7dcf-430f-a0af-a7a611d7a526,377c3a1d-2a59-4823-8515-2e357a203629,->,313d1fcf-fdf6-4e4e-85aa-8fcea532cc34,javax/swing/GroupLayout$SequentialGroup.java,addComponent
313d1fcf-fdf6-4e4e-85aa-8fcea532cc34,af9be0d4-7dcf-430f-a0af-a7a611d7a526,377c3a1d-2a59-4823-8515-2e357a203629,->,313d1fcf-fdf6-4e4e-85aa-8fcea532cc34,javax/swing/GroupLayout$SequentialGroup.java,addPreferredGap
313d1fcf-fdf6-4e4e-85aa-8fcea532cc34,af9be0d4-7dcf-430f-a0af-a7a611d7a526,377c3a1d-2a59-4823-8515-2e357a203629,->,313d1fcf-fdf6-4e4e-85aa-8fcea532cc34,javax/swing/GroupLayout$SequentialGroup.java,addComponent
313d1fcf-fdf6-4e4e-85aa-8fcea532cc34,af9be0d4-7dcf-430f-a0af-a7a611d7a526,377c3a1d-2a59-4823-8515-2e357a203629,->,313d1fcf-fdf6-4e4e-85aa-8fcea532cc34,javax/swing/GroupLayout$ParallelGroup.java,addGroup
313d1fcf-fdf6-4e4e-85aa-8fcea532cc34,af9be0d4-7dcf-430f-a0af-a7a611d7a526,377c3a1d-2a59-4823-8515-2e357a203629,->,313d1fcf-fdf6-4e4e-85aa-8fcea532cc34,javax/swing/GroupLayout.java,createSequentialGroup
313d1fcf-fdf6-4e4e-85aa-8fcea532cc34,af9be0d4-7dcf-430f-a0af-a7a611d7a526,377c3a1d-2a59-4823-8515-2e357a203629,->,313d1fcf-fdf6-4e4e-85aa-8fcea532cc34,javax/swing/GroupLayout$SequentialGroup.java,addGap
313d1fcf-fdf6-4e4e-85aa-8fcea532cc34,af9be0d4-7dcf-430f-a0af-a7a611d7a526,377c3a1d-2a59-4823-8515-2e357a203629,->,313d1fcf-fdf6-4e4e-85aa-8fcea532cc34,javax/swing/GroupLayout$SequentialGroup.java,addComponent
313d1fcf-fdf6-4e4e-85aa-8fcea532cc34,af9be0d4-7dcf-430f-a0af-a7a611d7a526,377c3a1d-2a59-4823-8515-2e357a203629,->,313d1fcf-fdf6-4e4e-85aa-8fcea532cc34,javax/swing/GroupLayout$ParallelGroup.java,addGroup
313d1fcf-fdf6-4e4e-85aa-8fcea532cc34,af9be0d4-7dcf-430f-a0af-a7a611d7a526,377c3a1d-2a59-4823-8515-2e357a203629,->,313d1fcf-fdf6-4e4e-85aa-8fcea532cc34,javax/swing/GroupLayout$SequentialGroup.java,addGroup
313d1fcf-fdf6-4e4e-85aa-8fcea532cc34,af9be0d4-7dcf-430f-a0af-a7a611d7a526,377c3a1d-2a59-4823-8515-2e357a203629,->,313d1fcf-fdf6-4e4e-85aa-8fcea532cc34,javax/swing/GroupLayout$SequentialGroup.java,addContainerGap
313d1fcf-fdf6-4e4e-85aa-8fcea532cc34,af9be0d4-7dcf-430f-a0af-a7a611d7a526,377c3a1d-2a59-4823-8515-2e357a203629,->,313d1fcf-fdf6-4e4e-85aa-8fcea532cc34,javax/swing/GroupLayout$ParallelGroup.java,addGroup
313d1fcf-fdf6-4e4e-85aa-8fcea532cc34,af9be0d4-7dcf-430f-a0af-a7a611d7a526,377c3a1d-2a59-4823-8515-2e357a203629,->,313d1fcf-fdf6-4e4e-85aa-8fcea532cc34,javax/swing/GroupLayout$SequentialGroup.java,addGroup
313d1fcf-fdf6-4e4e-85aa-8fcea532cc34,af9be0d4-7dcf-430f-a0af-a7a611d7a526,377c3a1d-2a59-4823-8515-2e357a203629,->,313d1fcf-fdf6-4e4e-85aa-8fcea532cc34,javax/swing/GroupLayout$ParallelGroup.java,addGroup
313d1fcf-fdf6-4e4e-85aa-8fcea532cc34,af9be0d4-7dcf-430f-a0af-a7a611d7a526,377c3a1d-2a59-4823-8515-2e357a203629,->,313d1fcf-fdf6-4e4e-85aa-8fcea532cc34,javax/swing/GroupLayout.java,setHorizontalGroup
313d1fcf-fdf6-4e4e-85aa-8fcea532cc34,af9be0d4-7dcf-430f-a0af-a7a611d7a526,377c3a1d-2a59-4823-8515-2e357a203629,->,313d1fcf-fdf6-4e4e-85aa-8fcea532cc34,javax/swing/GroupLayout.java,createParallelGroup
313d1fcf-fdf6-4e4e-85aa-8fcea532cc34,af9be0d4-7dcf-430f-a0af-a7a611d7a526,377c3a1d-2a59-4823-8515-2e357a203629,->,313d1fcf-fdf6-4e4e-85aa-8fcea532cc34,javax/swing/GroupLayout.java,createSequentialGroup
313d1fcf-fdf6-4e4e-85aa-8fcea532cc34,af9be0d4-7dcf-430f-a0af-a7a611d7a526,377c3a1d-2a59-4823-8515-2e357a203629,->,313d1fcf-fdf6-4e4e-85aa-8fcea532cc34,javax/swing/GroupLayout.java,createParallelGroup
313d1fcf-fdf6-4e4e-85aa-8fcea532cc34,af9be0d4-7dcf-430f-a0af-a7a611d7a526,377c3a1d-2a59-4823-8515-2e357a203629,->,313d1fcf-fdf6-4e4e-85aa-8fcea532cc34,javax/swing/GroupLayout.java,createSequentialGroup
313d1fcf-fdf6-4e4e-85aa-8fcea532cc34,af9be0d4-7dcf-430f-a0af-a7a611d7a526,377c3a1d-2a59-4823-8515-2e357a203629,->,313d1fcf-fdf6-4e4e-85aa-8fcea532cc34,javax/swing/GroupLayout$SequentialGroup.java,addGap
313d1fcf-fdf6-4e4e-85aa-8fcea532cc34,af9be0d4-7dcf-430f-a0af-a7a611d7a526,377c3a1d-2a59-4823-8515-2e357a203629,->,313d1fcf-fdf6-4e4e-85aa-8fcea532cc34,javax/swing/GroupLayout$SequentialGroup.java,addComponent
313d1fcf-fdf6-4e4e-85aa-8fcea532cc34,af9be0d4-7dcf-430f-a0af-a7a611d7a526,377c3a1d-2a59-4823-8515-2e357a203629,->,313d1fcf-fdf6-4e4e-85aa-8fcea532cc34,javax/swing/GroupLayout$ParallelGroup.java,addGroup
313d1fcf-fdf6-4e4e-85aa-8fcea532cc34,af9be0d4-7dcf-430f-a0af-a7a611d7a526,377c3a1d-2a59-4823-8515-2e357a203629,->,313d1fcf-fdf6-4e4e-85aa-8fcea532cc34,javax/swing/GroupLayout.java,createSequentialGroup
313d1fcf-fdf6-4e4e-85aa-8fcea532cc34,af9be0d4-7dcf-430f-a0af-a7a611d7a526,377c3a1d-2a59-4823-8515-2e357a203629,->,313d1fcf-fdf6-4e4e-85aa-8fcea532cc34,javax/swing/GroupLayout$SequentialGroup.java,addGap
313d1fcf-fdf6-4e4e-85aa-8fcea532cc34,af9be0d4-7dcf-430f-a0af-a7a611d7a526,377c3a1d-2a59-4823-8515-2e357a203629,->,313d1fcf-fdf6-4e4e-85aa-8fcea532cc34,javax/swing/GroupLayout$SequentialGroup.java,addComponent
313d1fcf-fdf6-4e4e-85aa-8fcea532cc34,af9be0d4-7dcf-430f-a0af-a7a611d7a526,377c3a1d-2a59-4823-8515-2e357a203629,->,313d1fcf-fdf6-4e4e-85aa-8fcea532cc34,javax/swing/GroupLayout$SequentialGroup.java,addPreferredGap
313d1fcf-fdf6-4e4e-85aa-8fcea532cc34,af9be0d4-7dcf-430f-a0af-a7a611d7a526,377c3a1d-2a59-4823-8515-2e357a203629,->,313d1fcf-fdf6-4e4e-85aa-8fcea532cc34,javax/swing/GroupLayout.java,createParallelGroup
313d1fcf-fdf6-4e4e-85aa-8fcea532cc34,af9be0d4-7dcf-430f-a0af-a7a611d7a526,377c3a1d-2a59-4823-8515-2e357a203629,->,313d1fcf-fdf6-4e4e-85aa-8fcea532cc34,javax/swing/GroupLayout$ParallelGroup.java,addComponent
313d1fcf-fdf6-4e4e-85aa-8fcea532cc34,af9be0d4-7dcf-430f-a0af-a7a611d7a526,377c3a1d-2a59-4823-8515-2e357a203629,->,313d1fcf-fdf6-4e4e-85aa-8fcea532cc34,javax/swing/GroupLayout$ParallelGroup.java,addComponent
313d1fcf-fdf6-4e4e-85aa-8fcea532cc34,af9be0d4-7dcf-430f-a0af-a7a611d7a526,377c3a1d-2a59-4823-8515-2e357a203629,->,313d1fcf-fdf6-4e4e-85aa-8fcea532cc34,javax/swing/GroupLayout$ParallelGroup.java,addComponent
313d1fcf-fdf6-4e4e-85aa-8fcea532cc34,af9be0d4-7dcf-430f-a0af-a7a611d7a526,377c3a1d-2a59-4823-8515-2e357a203629,->,313d1fcf-fdf6-4e4e-85aa-8fcea532cc34,javax/swing/GroupLayout$SequentialGroup.java,addGroup
313d1fcf-fdf6-4e4e-85aa-8fcea532cc34,af9be0d4-7dcf-430f-a0af-a7a611d7a526,377c3a1d-2a59-4823-8515-2e357a203629,->,313d1fcf-fdf6-4e4e-85aa-8fcea532cc34,javax/swing/GroupLayout$SequentialGroup.java,addPreferredGap
313d1fcf-fdf6-4e4e-85aa-8fcea532cc34,af9be0d4-7dcf-430f-a0af-a7a611d7a526,377c3a1d-2a59-4823-8515-2e357a203629,->,313d1fcf-fdf6-4e4e-85aa-8fcea532cc34,javax/swing/GroupLayout$SequentialGroup.java,addComponent
313d1fcf-fdf6-4e4e-85aa-8fcea532cc34,af9be0d4-7dcf-430f-a0af-a7a611d7a526,377c3a1d-2a59-4823-8515-2e357a203629,->,313d1fcf-fdf6-4e4e-85aa-8fcea532cc34,javax/swing/GroupLayout$SequentialGroup.java,addGap
313d1fcf-fdf6-4e4e-85aa-8fcea532cc34,af9be0d4-7dcf-430f-a0af-a7a611d7a526,377c3a1d-2a59-4823-8515-2e357a203629,->,313d1fcf-fdf6-4e4e-85aa-8fcea532cc34,javax/swing/GroupLayout$SequentialGroup.java,addComponent
313d1fcf-fdf6-4e4e-85aa-8fcea532cc34,af9be0d4-7dcf-430f-a0af-a7a611d7a526,377c3a1d-2a59-4823-8515-2e357a203629,->,313d1fcf-fdf6-4e4e-85aa-8fcea532cc34,javax/swing/GroupLayout$ParallelGroup.java,addGroup
313d1fcf-fdf6-4e4e-85aa-8fcea532cc34,af9be0d4-7dcf-430f-a0af-a7a611d7a526,377c3a1d-2a59-4823-8515-2e357a203629,->,313d1fcf-fdf6-4e4e-85aa-8fcea532cc34,javax/swing/GroupLayout$SequentialGroup.java,addGroup
313d1fcf-fdf6-4e4e-85aa-8fcea532cc34,af9be0d4-7dcf-430f-a0af-a7a611d7a526,377c3a1d-2a59-4823-8515-2e357a203629,->,313d1fcf-fdf6-4e4e-85aa-8fcea532cc34,javax/swing/GroupLayout$SequentialGroup.java,addContainerGap
313d1fcf-fdf6-4e4e-85aa-8fcea532cc34,af9be0d4-7dcf-430f-a0af-a7a611d7a526,377c3a1d-2a59-4823-8515-2e357a203629,->,313d1fcf-fdf6-4e4e-85aa-8fcea532cc34,javax/swing/GroupLayout$ParallelGroup.java,addGroup
313d1fcf-fdf6-4e4e-85aa-8fcea532cc34,af9be0d4-7dcf-430f-a0af-a7a611d7a526,377c3a1d-2a59-4823-8515-2e357a203629,->,313d1fcf-fdf6-4e4e-85aa-8fcea532cc34,javax/swing/GroupLayout.java,setVerticalGroup
313d1fcf-fdf6-4e4e-85aa-8fcea532cc34,af9be0d4-7dcf-430f-a0af-a7a611d7a526,377c3a1d-2a59-4823-8515-2e357a203629,->,313d1fcf-fdf6-4e4e-85aa-8fcea532cc34,grafica/FinGanar.java,pack
313d1fcf-fdf6-4e4e-85aa-8fcea532cc34,af9be0d4-7dcf-430f-a0af-a7a611d7a526,53321b64-db6d-4cec-9031-ddb45c828628,->,313d1fcf-fdf6-4e4e-85aa-8fcea532cc34,grafica/FinGanar.java,dispose
313d1fcf-fdf6-4e4e-85aa-8fcea532cc34,af9be0d4-7dcf-430f-a0af-a7a611d7a526,97804815-8b38-4fb4-a6ed-1306707d0272,->,313d1fcf-fdf6-4e4e-85aa-8fcea532cc34,java/awt/Toolkit.java,getDefaultToolkit
313d1fcf-fdf6-4e4e-85aa-8fcea532cc34,af9be0d4-7dcf-430f-a0af-a7a611d7a526,97804815-8b38-4fb4-a6ed-1306707d0272,->,313d1fcf-fdf6-4e4e-85aa-8fcea532cc34,java/lang/ClassLoader.java,getSystemResource
313d1fcf-fdf6-4e4e-85aa-8fcea532cc34,af9be0d4-7dcf-430f-a0af-a7a611d7a526,97804815-8b38-4fb4-a6ed-1306707d0272,->,313d1fcf-fdf6-4e4e-85aa-8fcea532cc34,java/awt/Toolkit.java,getImage
313d1fcf-fdf6-4e4e-85aa-8fcea532cc34,grafica/FinGanar.java,access$000,->,313d1fcf-fdf6-4e4e-85aa-8fcea532cc34,af9be0d4-7dcf-430f-a0af-a7a611d7a526,53321b64-db6d-4cec-9031-ddb45c828628
313d1fcf-fdf6-4e4e-85aa-8fcea532cc34,grafica/MainGame$8.java,actionPerformed,->,313d1fcf-fdf6-4e4e-85aa-8fcea532cc34,grafica/MainGame.java,access$200
313d1fcf-fdf6-4e4e-85aa-8fcea532cc34,grafica/MainGame$24.java,actionPerformed,->,313d1fcf-fdf6-4e4e-85aa-8fcea532cc34,grafica/MainGame.java,access$1700
313d1fcf-fdf6-4e4e-85aa-8fcea532cc34,grafica/PosicionarBarcos$1.java,keyTyped,->,313d1fcf-fdf6-4e4e-85aa-8fcea532cc34,java/awt/event/KeyEvent.java,getKeyChar
313d1fcf-fdf6-4e4e-85aa-8fcea532cc34,grafica/PosicionarBarcos$1.java,keyTyped,->,313d1fcf-fdf6-4e4e-85aa-8fcea532cc34,java/awt/event/KeyEvent.java,consume
313d1fcf-fdf6-4e4e-85aa-8fcea532cc34,grafica/MainGame$17.java,actionPerformed,->,313d1fcf-fdf6-4e4e-85aa-8fcea532cc34,grafica/MainGame.java,access$1100
313d1fcf-fdf6-4e4e-85aa-8fcea532cc34,grafica/MainGame$21.java,actionPerformed,->,313d1fcf-fdf6-4e4e-85aa-8fcea532cc34,grafica/MainGame.java,access$1400
313d1fcf-fdf6-4e4e-85aa-8fcea532cc34,957e01c8-ce4c-4bba-a3cf-f3b3ed80b890,0c83cdc0-53d9-4d45-9a6f-5d4e7254d63c,->,313d1fcf-fdf6-4e4e-85aa-8fcea532cc34,grafica/PosicionarBarcos.java,setDefaultCloseOperation
313d1fcf-fdf6-4e4e-85aa-8fcea532cc34,957e01c8-ce4c-4bba-a3cf-f3b3ed80b890,0c83cdc0-53d9-4d45-9a6f-5d4e7254d63c,->,313d1fcf-fdf6-4e4e-85aa-8fcea532cc34,grafica/PosicionarBarcos.java,setTitle
313d1fcf-fdf6-4e4e-85aa-8fcea532cc34,957e01c8-ce4c-4bba-a3cf-f3b3ed80b890,0c83cdc0-53d9-4d45-9a6f-5d4e7254d63c,->,313d1fcf-fdf6-4e4e-85aa-8fcea532cc34,957e01c8-ce4c-4bba-a3cf-f3b3ed80b890,dbe89125-8ab1-4c89-9ff1-85aebdfdc49d
313d1fcf-fdf6-4e4e-85aa-8fcea532cc34,957e01c8-ce4c-4bba-a3cf-f3b3ed80b890,0c83cdc0-53d9-4d45-9a6f-5d4e7254d63c,->,313d1fcf-fdf6-4e4e-85aa-8fcea532cc34,grafica/PosicionarBarcos.java,setIconImage
313d1fcf-fdf6-4e4e-85aa-8fcea532cc34,957e01c8-ce4c-4bba-a3cf-f3b3ed80b890,0c83cdc0-53d9-4d45-9a6f-5d4e7254d63c,->,313d1fcf-fdf6-4e4e-85aa-8fcea532cc34,grafica/PosicionarBarcos.java,setResizable
313d1fcf-fdf6-4e4e-85aa-8fcea532cc34,957e01c8-ce4c-4bba-a3cf-f3b3ed80b890,0c83cdc0-53d9-4d45-9a6f-5d4e7254d63c,->,313d1fcf-fdf6-4e4e-85aa-8fcea532cc34,javax/swing/JLabel.java,setFont
313d1fcf-fdf6-4e4e-85aa-8fcea532cc34,957e01c8-ce4c-4bba-a3cf-f3b3ed80b890,0c83cdc0-53d9-4d45-9a6f-5d4e7254d63c,->,313d1fcf-fdf6-4e4e-85aa-8fcea532cc34,java/lang/Object.java,getClass
313d1fcf-fdf6-4e4e-85aa-8fcea532cc34,957e01c8-ce4c-4bba-a3cf-f3b3ed80b890,0c83cdc0-53d9-4d45-9a6f-5d4e7254d63c,->,313d1fcf-fdf6-4e4e-85aa-8fcea532cc34,java/lang/Class.java,getResource
313d1fcf-fdf6-4e4e-85aa-8fcea532cc34,957e01c8-ce4c-4bba-a3cf-f3b3ed80b890,0c83cdc0-53d9-4d45-9a6f-5d4e7254d63c,->,313d1fcf-fdf6-4e4e-85aa-8fcea532cc34,javax/swing/JLabel.java,setIcon
313d1fcf-fdf6-4e4e-85aa-8fcea532cc34,957e01c8-ce4c-4bba-a3cf-f3b3ed80b890,0c83cdc0-53d9-4d45-9a6f-5d4e7254d63c,->,313d1fcf-fdf6-4e4e-85aa-8fcea532cc34,javax/swing/JLabel.java,setText
313d1fcf-fdf6-4e4e-85aa-8fcea532cc34,957e01c8-ce4c-4bba-a3cf-f3b3ed80b890,0c83cdc0-53d9-4d45-9a6f-5d4e7254d63c,->,313d1fcf-fdf6-4e4e-85aa-8fcea532cc34,javax/swing/JPanel.java,setBackground
313d1fcf-fdf6-4e4e-85aa-8fcea532cc34,957e01c8-ce4c-4bba-a3cf-f3b3ed80b890,0c83cdc0-53d9-4d45-9a6f-5d4e7254d63c,->,313d1fcf-fdf6-4e4e-85aa-8fcea532cc34,javax/swing/JPanel.java,setLayout
313d1fcf-fdf6-4e4e-85aa-8fcea532cc34,957e01c8-ce4c-4bba-a3cf-f3b3ed80b890,0c83cdc0-53d9-4d45-9a6f-5d4e7254d63c,->,313d1fcf-fdf6-4e4e-85aa-8fcea532cc34,javax/swing/GroupLayout.java,createParallelGroup
313d1fcf-fdf6-4e4e-85aa-8fcea532cc34,957e01c8-ce4c-4bba-a3cf-f3b3ed80b890,0c83cdc0-53d9-4d45-9a6f-5d4e7254d63c,->,313d1fcf-fdf6-4e4e-85aa-8fcea532cc34,javax/swing/GroupLayout$ParallelGroup.java,addGap
313d1fcf-fdf6-4e4e-85aa-8fcea532cc34,957e01c8-ce4c-4bba-a3cf-f3b3ed80b890,0c83cdc0-53d9-4d45-9a6f-5d4e7254d63c,->,313d1fcf-fdf6-4e4e-85aa-8fcea532cc34,javax/swing/GroupLayout.java,setHorizontalGroup
313d1fcf-fdf6-4e4e-85aa-8fcea532cc34,957e01c8-ce4c-4bba-a3cf-f3b3ed80b890,0c83cdc0-53d9-4d45-9a6f-5d4e7254d63c,->,313d1fcf-fdf6-4e4e-85aa-8fcea532cc34,javax/swing/GroupLayout.java,createParallelGroup
313d1fcf-fdf6-4e4e-85aa-8fcea532cc34,957e01c8-ce4c-4bba-a3cf-f3b3ed80b890,0c83cdc0-53d9-4d45-9a6f-5d4e7254d63c,->,313d1fcf-fdf6-4e4e-85aa-8fcea532cc34,javax/swing/GroupLayout$ParallelGroup.java,addGap
313d1fcf-fdf6-4e4e-85aa-8fcea532cc34,957e01c8-ce4c-4bba-a3cf-f3b3ed80b890,0c83cdc0-53d9-4d45-9a6f-5d4e7254d63c,->,313d1fcf-fdf6-4e4e-85aa-8fcea532cc34,javax/swing/GroupLayout.java,setVerticalGroup
313d1fcf-fdf6-4e4e-85aa-8fcea532cc34,957e01c8-ce4c-4bba-a3cf-f3b3ed80b890,0c83cdc0-53d9-4d45-9a6f-5d4e7254d63c,->,313d1fcf-fdf6-4e4e-85aa-8fcea532cc34,javax/swing/JLabel.java,setFont
313d1fcf-fdf6-4e4e-85aa-8fcea532cc34,957e01c8-ce4c-4bba-a3cf-f3b3ed80b890,0c83cdc0-53d9-4d45-9a6f-5d4e7254d63c,->,313d1fcf-fdf6-4e4e-85aa-8fcea532cc34,javax/swing/JLabel.java,setText
313d1fcf-fdf6-4e4e-85aa-8fcea532cc34,957e01c8-ce4c-4bba-a3cf-f3b3ed80b890,0c83cdc0-53d9-4d45-9a6f-5d4e7254d63c,->,313d1fcf-fdf6-4e4e-85aa-8fcea532cc34,javax/swing/JLabel.java,setFont
313d1fcf-fdf6-4e4e-85aa-8fcea532cc34,957e01c8-ce4c-4bba-a3cf-f3b3ed80b890,0c83cdc0-53d9-4d45-9a6f-5d4e7254d63c,->,313d1fcf-fdf6-4e4e-85aa-8fcea532cc34,javax/swing/JLabel.java,setText
313d1fcf-fdf6-4e4e-85aa-8fcea532cc34,957e01c8-ce4c-4bba-a3cf-f3b3ed80b890,0c83cdc0-53d9-4d45-9a6f-5d4e7254d63c,->,313d1fcf-fdf6-4e4e-85aa-8fcea532cc34,javax/swing/JLabel.java,setFont
313d1fcf-fdf6-4e4e-85aa-8fcea532cc34,957e01c8-ce4c-4bba-a3cf-f3b3ed80b890,0c83cdc0-53d9-4d45-9a6f-5d4e7254d63c,->,313d1fcf-fdf6-4e4e-85aa-8fcea532cc34,javax/swing/JLabel.java,setText
313d1fcf-fdf6-4e4e-85aa-8fcea532cc34,957e01c8-ce4c-4bba-a3cf-f3b3ed80b890,0c83cdc0-53d9-4d45-9a6f-5d4e7254d63c,->,313d1fcf-fdf6-4e4e-85aa-8fcea532cc34,javax/swing/JTextField.java,setFont
313d1fcf-fdf6-4e4e-85aa-8fcea532cc34,957e01c8-ce4c-4bba-a3cf-f3b3ed80b890,0c83cdc0-53d9-4d45-9a6f-5d4e7254d63c,->,313d1fcf-fdf6-4e4e-85aa-8fcea532cc34,javax/swing/JTextField.java,setColumns
313d1fcf-fdf6-4e4e-85aa-8fcea532cc34,957e01c8-ce4c-4bba-a3cf-f3b3ed80b890,0c83cdc0-53d9-4d45-9a6f-5d4e7254d63c,->,313d1fcf-fdf6-4e4e-85aa-8fcea532cc34,javax/swing/JTextField.java,setFont
313d1fcf-fdf6-4e4e-85aa-8fcea532cc34,957e01c8-ce4c-4bba-a3cf-f3b3ed80b890,0c83cdc0-53d9-4d45-9a6f-5d4e7254d63c,->,313d1fcf-fdf6-4e4e-85aa-8fcea532cc34,javax/swing/JLabel.java,setFont
313d1fcf-fdf6-4e4e-85aa-8fcea532cc34,957e01c8-ce4c-4bba-a3cf-f3b3ed80b890,0c83cdc0-53d9-4d45-9a6f-5d4e7254d63c,->,313d1fcf-fdf6-4e4e-85aa-8fcea532cc34,javax/swing/JLabel.java,setText
313d1fcf-fdf6-4e4e-85aa-8fcea532cc34,957e01c8-ce4c-4bba-a3cf-f3b3ed80b890,0c83cdc0-53d9-4d45-9a6f-5d4e7254d63c,->,313d1fcf-fdf6-4e4e-85aa-8fcea532cc34,javax/swing/JLabel.java,setFont
313d1fcf-fdf6-4e4e-85aa-8fcea532cc34,957e01c8-ce4c-4bba-a3cf-f3b3ed80b890,0c83cdc0-53d9-4d45-9a6f-5d4e7254d63c,->,313d1fcf-fdf6-4e4e-85aa-8fcea532cc34,javax/swing/JLabel.java,setText
313d1fcf-fdf6-4e4e-85aa-8fcea532cc34,957e01c8-ce4c-4bba-a3cf-f3b3ed80b890,0c83cdc0-53d9-4d45-9a6f-5d4e7254d63c,->,313d1fcf-fdf6-4e4e-85aa-8fcea532cc34,javax/swing/JLabel.java,setFont
313d1fcf-fdf6-4e4e-85aa-8fcea532cc34,957e01c8-ce4c-4bba-a3cf-f3b3ed80b890,0c83cdc0-53d9-4d45-9a6f-5d4e7254d63c,->,313d1fcf-fdf6-4e4e-85aa-8fcea532cc34,javax/swing/JLabel.java,setText
313d1fcf-fdf6-4e4e-85aa-8fcea532cc34,957e01c8-ce4c-4bba-a3cf-f3b3ed80b890,0c83cdc0-53d9-4d45-9a6f-5d4e7254d63c,->,313d1fcf-fdf6-4e4e-85aa-8fcea532cc34,javax/swing/JPanel.java,setBackground
313d1fcf-fdf6-4e4e-85aa-8fcea532cc34,957e01c8-ce4c-4bba-a3cf-f3b3ed80b890,0c83cdc0-53d9-4d45-9a6f-5d4e7254d63c,->,313d1fcf-fdf6-4e4e-85aa-8fcea532cc34,java/lang/Object.java,getClass
313d1fcf-fdf6-4e4e-85aa-8fcea532cc34,957e01c8-ce4c-4bba-a3cf-f3b3ed80b890,0c83cdc0-53d9-4d45-9a6f-5d4e7254d63c,->,313d1fcf-fdf6-4e4e-85aa-8fcea532cc34,java/lang/Class.java,getResource
313d1fcf-fdf6-4e4e-85aa-8fcea532cc34,957e01c8-ce4c-4bba-a3cf-f3b3ed80b890,0c83cdc0-53d9-4d45-9a6f-5d4e7254d63c,->,313d1fcf-fdf6-4e4e-85aa-8fcea532cc34,javax/swing/JLabel.java,setIcon
313d1fcf-fdf6-4e4e-85aa-8fcea532cc34,957e01c8-ce4c-4bba-a3cf-f3b3ed80b890,0c83cdc0-53d9-4d45-9a6f-5d4e7254d63c,->,313d1fcf-fdf6-4e4e-85aa-8fcea532cc34,javax/swing/JLabel.java,setFont
313d1fcf-fdf6-4e4e-85aa-8fcea532cc34,957e01c8-ce4c-4bba-a3cf-f3b3ed80b890,0c83cdc0-53d9-4d45-9a6f-5d4e7254d63c,->,313d1fcf-fdf6-4e4e-85aa-8fcea532cc34,javax/swing/JLabel.java,setText
313d1fcf-fdf6-4e4e-85aa-8fcea532cc34,957e01c8-ce4c-4bba-a3cf-f3b3ed80b890,0c83cdc0-53d9-4d45-9a6f-5d4e7254d63c,->,313d1fcf-fdf6-4e4e-85aa-8fcea532cc34,javax/swing/JPanel.java,setLayout
313d1fcf-fdf6-4e4e-85aa-8fcea532cc34,957e01c8-ce4c-4bba-a3cf-f3b3ed80b890,0c83cdc0-53d9-4d45-9a6f-5d4e7254d63c,->,313d1fcf-fdf6-4e4e-85aa-8fcea532cc34,javax/swing/GroupLayout.java,createParallelGroup
313d1fcf-fdf6-4e4e-85aa-8fcea532cc34,957e01c8-ce4c-4bba-a3cf-f3b3ed80b890,0c83cdc0-53d9-4d45-9a6f-5d4e7254d63c,->,313d1fcf-fdf6-4e4e-85aa-8fcea532cc34,javax/swing/GroupLayout.java,createSequentialGroup
313d1fcf-fdf6-4e4e-85aa-8fcea532cc34,957e01c8-ce4c-4bba-a3cf-f3b3ed80b890,0c83cdc0-53d9-4d45-9a6f-5d4e7254d63c,->,313d1fcf-fdf6-4e4e-85aa-8fcea532cc34,javax/swing/GroupLayout$SequentialGroup.java,addContainerGap
313d1fcf-fdf6-4e4e-85aa-8fcea532cc34,957e01c8-ce4c-4bba-a3cf-f3b3ed80b890,0c83cdc0-53d9-4d45-9a6f-5d4e7254d63c,->,313d1fcf-fdf6-4e4e-85aa-8fcea532cc34,javax/swing/GroupLayout$SequentialGroup.java,addComponent
313d1fcf-fdf6-4e4e-85aa-8fcea532cc34,957e01c8-ce4c-4bba-a3cf-f3b3ed80b890,0c83cdc0-53d9-4d45-9a6f-5d4e7254d63c,->,313d1fcf-fdf6-4e4e-85aa-8fcea532cc34,javax/swing/GroupLayout$SequentialGroup.java,addPreferredGap
313d1fcf-fdf6-4e4e-85aa-8fcea532cc34,957e01c8-ce4c-4bba-a3cf-f3b3ed80b890,0c83cdc0-53d9-4d45-9a6f-5d4e7254d63c,->,313d1fcf-fdf6-4e4e-85aa-8fcea532cc34,javax/swing/GroupLayout$SequentialGroup.java,addComponent
313d1fcf-fdf6-4e4e-85aa-8fcea532cc34,957e01c8-ce4c-4bba-a3cf-f3b3ed80b890,0c83cdc0-53d9-4d45-9a6f-5d4e7254d63c,->,313d1fcf-fdf6-4e4e-85aa-8fcea532cc34,javax/swing/GroupLayout$SequentialGroup.java,addContainerGap
313d1fcf-fdf6-4e4e-85aa-8fcea532cc34,957e01c8-ce4c-4bba-a3cf-f3b3ed80b890,0c83cdc0-53d9-4d45-9a6f-5d4e7254d63c,->,313d1fcf-fdf6-4e4e-85aa-8fcea532cc34,javax/swing/GroupLayout$ParallelGroup.java,addGroup
313d1fcf-fdf6-4e4e-85aa-8fcea532cc34,957e01c8-ce4c-4bba-a3cf-f3b3ed80b890,0c83cdc0-53d9-4d45-9a6f-5d4e7254d63c,->,313d1fcf-fdf6-4e4e-85aa-8fcea532cc34,javax/swing/GroupLayout.java,setHorizontalGroup
313d1fcf-fdf6-4e4e-85aa-8fcea532cc34,957e01c8-ce4c-4bba-a3cf-f3b3ed80b890,0c83cdc0-53d9-4d45-9a6f-5d4e7254d63c,->,313d1fcf-fdf6-4e4e-85aa-8fcea532cc34,javax/swing/GroupLayout.java,createParallelGroup
313d1fcf-fdf6-4e4e-85aa-8fcea532cc34,957e01c8-ce4c-4bba-a3cf-f3b3ed80b890,0c83cdc0-53d9-4d45-9a6f-5d4e7254d63c,->,313d1fcf-fdf6-4e4e-85aa-8fcea532cc34,javax/swing/GroupLayout.java,createSequentialGroup
313d1fcf-fdf6-4e4e-85aa-8fcea532cc34,957e01c8-ce4c-4bba-a3cf-f3b3ed80b890,0c83cdc0-53d9-4d45-9a6f-5d4e7254d63c,->,313d1fcf-fdf6-4e4e-85aa-8fcea532cc34,javax/swing/GroupLayout$SequentialGroup.java,addContainerGap
313d1fcf-fdf6-4e4e-85aa-8fcea532cc34,957e01c8-ce4c-4bba-a3cf-f3b3ed80b890,0c83cdc0-53d9-4d45-9a6f-5d4e7254d63c,->,313d1fcf-fdf6-4e4e-85aa-8fcea532cc34,javax/swing/GroupLayout.java,createParallelGroup
313d1fcf-fdf6-4e4e-85aa-8fcea532cc34,957e01c8-ce4c-4bba-a3cf-f3b3ed80b890,0c83cdc0-53d9-4d45-9a6f-5d4e7254d63c,->,313d1fcf-fdf6-4e4e-85aa-8fcea532cc34,javax/swing/GroupLayout$ParallelGroup.java,addComponent
313d1fcf-fdf6-4e4e-85aa-8fcea532cc34,957e01c8-ce4c-4bba-a3cf-f3b3ed80b890,0c83cdc0-53d9-4d45-9a6f-5d4e7254d63c,->,313d1fcf-fdf6-4e4e-85aa-8fcea532cc34,javax/swing/GroupLayout$ParallelGroup.java,addComponent
313d1fcf-fdf6-4e4e-85aa-8fcea532cc34,957e01c8-ce4c-4bba-a3cf-f3b3ed80b890,0c83cdc0-53d9-4d45-9a6f-5d4e7254d63c,->,313d1fcf-fdf6-4e4e-85aa-8fcea532cc34,javax/swing/GroupLayout$SequentialGroup.java,addGroup
313d1fcf-fdf6-4e4e-85aa-8fcea532cc34,957e01c8-ce4c-4bba-a3cf-f3b3ed80b890,0c83cdc0-53d9-4d45-9a6f-5d4e7254d63c,->,313d1fcf-fdf6-4e4e-85aa-8fcea532cc34,javax/swing/GroupLayout$SequentialGroup.java,addContainerGap
313d1fcf-fdf6-4e4e-85aa-8fcea532cc34,957e01c8-ce4c-4bba-a3cf-f3b3ed80b890,0c83cdc0-53d9-4d45-9a6f-5d4e7254d63c,->,313d1fcf-fdf6-4e4e-85aa-8fcea532cc34,javax/swing/GroupLayout$ParallelGroup.java,addGroup
313d1fcf-fdf6-4e4e-85aa-8fcea532cc34,957e01c8-ce4c-4bba-a3cf-f3b3ed80b890,0c83cdc0-53d9-4d45-9a6f-5d4e7254d63c,->,313d1fcf-fdf6-4e4e-85aa-8fcea532cc34,javax/swing/GroupLayout.java,setVerticalGroup
313d1fcf-fdf6-4e4e-85aa-8fcea532cc34,957e01c8-ce4c-4bba-a3cf-f3b3ed80b890,0c83cdc0-53d9-4d45-9a6f-5d4e7254d63c,->,313d1fcf-fdf6-4e4e-85aa-8fcea532cc34,javax/swing/JButton.java,setFont
313d1fcf-fdf6-4e4e-85aa-8fcea532cc34,957e01c8-ce4c-4bba-a3cf-f3b3ed80b890,0c83cdc0-53d9-4d45-9a6f-5d4e7254d63c,->,313d1fcf-fdf6-4e4e-85aa-8fcea532cc34,java/lang/Object.java,getClass
313d1fcf-fdf6-4e4e-85aa-8fcea532cc34,957e01c8-ce4c-4bba-a3cf-f3b3ed80b890,0c83cdc0-53d9-4d45-9a6f-5d4e7254d63c,->,313d1fcf-fdf6-4e4e-85aa-8fcea532cc34,java/lang/Class.java,getResource
313d1fcf-fdf6-4e4e-85aa-8fcea532cc34,957e01c8-ce4c-4bba-a3cf-f3b3ed80b890,0c83cdc0-53d9-4d45-9a6f-5d4e7254d63c,->,313d1fcf-fdf6-4e4e-85aa-8fcea532cc34,javax/swing/JButton.java,setIcon
313d1fcf-fdf6-4e4e-85aa-8fcea532cc34,957e01c8-ce4c-4bba-a3cf-f3b3ed80b890,0c83cdc0-53d9-4d45-9a6f-5d4e7254d63c,->,313d1fcf-fdf6-4e4e-85aa-8fcea532cc34,javax/swing/JButton.java,setText
313d1fcf-fdf6-4e4e-85aa-8fcea532cc34,957e01c8-ce4c-4bba-a3cf-f3b3ed80b890,0c83cdc0-53d9-4d45-9a6f-5d4e7254d63c,->,313d1fcf-fdf6-4e4e-85aa-8fcea532cc34,javax/swing/JButton.java,addActionListener
313d1fcf-fdf6-4e4e-85aa-8fcea532cc34,957e01c8-ce4c-4bba-a3cf-f3b3ed80b890,0c83cdc0-53d9-4d45-9a6f-5d4e7254d63c,->,313d1fcf-fdf6-4e4e-85aa-8fcea532cc34,javax/swing/JButton.java,setFont
313d1fcf-fdf6-4e4e-85aa-8fcea532cc34,957e01c8-ce4c-4bba-a3cf-f3b3ed80b890,0c83cdc0-53d9-4d45-9a6f-5d4e7254d63c,->,313d1fcf-fdf6-4e4e-85aa-8fcea532cc34,java/lang/Object.java,getClass
313d1fcf-fdf6-4e4e-85aa-8fcea532cc34,957e01c8-ce4c-4bba-a3cf-f3b3ed80b890,0c83cdc0-53d9-4d45-9a6f-5d4e7254d63c,->,313d1fcf-fdf6-4e4e-85aa-8fcea532cc34,java/lang/Class.java,getResource
313d1fcf-fdf6-4e4e-85aa-8fcea532cc34,957e01c8-ce4c-4bba-a3cf-f3b3ed80b890,0c83cdc0-53d9-4d45-9a6f-5d4e7254d63c,->,313d1fcf-fdf6-4e4e-85aa-8fcea532cc34,javax/swing/JButton.java,setIcon
313d1fcf-fdf6-4e4e-85aa-8fcea532cc34,957e01c8-ce4c-4bba-a3cf-f3b3ed80b890,0c83cdc0-53d9-4d45-9a6f-5d4e7254d63c,->,313d1fcf-fdf6-4e4e-85aa-8fcea532cc34,javax/swing/JButton.java,setText
313d1fcf-fdf6-4e4e-85aa-8fcea532cc34,957e01c8-ce4c-4bba-a3cf-f3b3ed80b890,0c83cdc0-53d9-4d45-9a6f-5d4e7254d63c,->,313d1fcf-fdf6-4e4e-85aa-8fcea532cc34,javax/swing/JButton.java,addActionListener
313d1fcf-fdf6-4e4e-85aa-8fcea532cc34,957e01c8-ce4c-4bba-a3cf-f3b3ed80b890,0c83cdc0-53d9-4d45-9a6f-5d4e7254d63c,->,313d1fcf-fdf6-4e4e-85aa-8fcea532cc34,javax/swing/JPanel.java,setBackground
313d1fcf-fdf6-4e4e-85aa-8fcea532cc34,957e01c8-ce4c-4bba-a3cf-f3b3ed80b890,0c83cdc0-53d9-4d45-9a6f-5d4e7254d63c,->,313d1fcf-fdf6-4e4e-85aa-8fcea532cc34,javax/swing/JLabel.java,setFont
313d1fcf-fdf6-4e4e-85aa-8fcea532cc34,957e01c8-ce4c-4bba-a3cf-f3b3ed80b890,0c83cdc0-53d9-4d45-9a6f-5d4e7254d63c,->,313d1fcf-fdf6-4e4e-85aa-8fcea532cc34,javax/swing/JLabel.java,setText
313d1fcf-fdf6-4e4e-85aa-8fcea532cc34,957e01c8-ce4c-4bba-a3cf-f3b3ed80b890,0c83cdc0-53d9-4d45-9a6f-5d4e7254d63c,->,313d1fcf-fdf6-4e4e-85aa-8fcea532cc34,javax/swing/JLabel.java,setFont
313d1fcf-fdf6-4e4e-85aa-8fcea532cc34,957e01c8-ce4c-4bba-a3cf-f3b3ed80b890,0c83cdc0-53d9-4d45-9a6f-5d4e7254d63c,->,313d1fcf-fdf6-4e4e-85aa-8fcea532cc34,javax/swing/JLabel.java,setText
313d1fcf-fdf6-4e4e-85aa-8fcea532cc34,957e01c8-ce4c-4bba-a3cf-f3b3ed80b890,0c83cdc0-53d9-4d45-9a6f-5d4e7254d63c,->,313d1fcf-fdf6-4e4e-85aa-8fcea532cc34,javax/swing/JLabel.java,setFont
313d1fcf-fdf6-4e4e-85aa-8fcea532cc34,957e01c8-ce4c-4bba-a3cf-f3b3ed80b890,0c83cdc0-53d9-4d45-9a6f-5d4e7254d63c,->,313d1fcf-fdf6-4e4e-85aa-8fcea532cc34,javax/swing/JLabel.java,setText
313d1fcf-fdf6-4e4e-85aa-8fcea532cc34,957e01c8-ce4c-4bba-a3cf-f3b3ed80b890,0c83cdc0-53d9-4d45-9a6f-5d4e7254d63c,->,313d1fcf-fdf6-4e4e-85aa-8fcea532cc34,java/lang/Object.java,getClass
313d1fcf-fdf6-4e4e-85aa-8fcea532cc34,957e01c8-ce4c-4bba-a3cf-f3b3ed80b890,0c83cdc0-53d9-4d45-9a6f-5d4e7254d63c,->,313d1fcf-fdf6-4e4e-85aa-8fcea532cc34,java/lang/Class.java,getResource
313d1fcf-fdf6-4e4e-85aa-8fcea532cc34,957e01c8-ce4c-4bba-a3cf-f3b3ed80b890,0c83cdc0-53d9-4d45-9a6f-5d4e7254d63c,->,313d1fcf-fdf6-4e4e-85aa-8fcea532cc34,javax/swing/JLabel.java,setIcon
313d1fcf-fdf6-4e4e-85aa-8fcea532cc34,957e01c8-ce4c-4bba-a3cf-f3b3ed80b890,0c83cdc0-53d9-4d45-9a6f-5d4e7254d63c,->,313d1fcf-fdf6-4e4e-85aa-8fcea532cc34,javax/swing/JPanel.java,setLayout
313d1fcf-fdf6-4e4e-85aa-8fcea532cc34,957e01c8-ce4c-4bba-a3cf-f3b3ed80b890,0c83cdc0-53d9-4d45-9a6f-5d4e7254d63c,->,313d1fcf-fdf6-4e4e-85aa-8fcea532cc34,javax/swing/GroupLayout.java,createParallelGroup
313d1fcf-fdf6-4e4e-85aa-8fcea532cc34,957e01c8-ce4c-4bba-a3cf-f3b3ed80b890,0c83cdc0-53d9-4d45-9a6f-5d4e7254d63c,->,313d1fcf-fdf6-4e4e-85aa-8fcea532cc34,javax/swing/GroupLayout.java,createSequentialGroup
313d1fcf-fdf6-4e4e-85aa-8fcea532cc34,957e01c8-ce4c-4bba-a3cf-f3b3ed80b890,0c83cdc0-53d9-4d45-9a6f-5d4e7254d63c,->,313d1fcf-fdf6-4e4e-85aa-8fcea532cc34,javax/swing/GroupLayout$SequentialGroup.java,addGap
313d1fcf-fdf6-4e4e-85aa-8fcea532cc34,957e01c8-ce4c-4bba-a3cf-f3b3ed80b890,0c83cdc0-53d9-4d45-9a6f-5d4e7254d63c,->,313d1fcf-fdf6-4e4e-85aa-8fcea532cc34,javax/swing/GroupLayout$SequentialGroup.java,addComponent
313d1fcf-fdf6-4e4e-85aa-8fcea532cc34,957e01c8-ce4c-4bba-a3cf-f3b3ed80b890,0c83cdc0-53d9-4d45-9a6f-5d4e7254d63c,->,313d1fcf-fdf6-4e4e-85aa-8fcea532cc34,javax/swing/GroupLayout$SequentialGroup.java,addGap
313d1fcf-fdf6-4e4e-85aa-8fcea532cc34,957e01c8-ce4c-4bba-a3cf-f3b3ed80b890,0c83cdc0-53d9-4d45-9a6f-5d4e7254d63c,->,313d1fcf-fdf6-4e4e-85aa-8fcea532cc34,javax/swing/GroupLayout.java,createParallelGroup
313d1fcf-fdf6-4e4e-85aa-8fcea532cc34,957e01c8-ce4c-4bba-a3cf-f3b3ed80b890,0c83cdc0-53d9-4d45-9a6f-5d4e7254d63c,->,313d1fcf-fdf6-4e4e-85aa-8fcea532cc34,javax/swing/GroupLayout.java,createSequentialGroup
313d1fcf-fdf6-4e4e-85aa-8fcea532cc34,957e01c8-ce4c-4bba-a3cf-f3b3ed80b890,0c83cdc0-53d9-4d45-9a6f-5d4e7254d63c,->,313d1fcf-fdf6-4e4e-85aa-8fcea532cc34,javax/swing/GroupLayout$SequentialGroup.java,addComponent
313d1fcf-fdf6-4e4e-85aa-8fcea532cc34,957e01c8-ce4c-4bba-a3cf-f3b3ed80b890,0c83cdc0-53d9-4d45-9a6f-5d4e7254d63c,->,313d1fcf-fdf6-4e4e-85aa-8fcea532cc34,javax/swing/GroupLayout$SequentialGroup.java,addPreferredGap
313d1fcf-fdf6-4e4e-85aa-8fcea532cc34,957e01c8-ce4c-4bba-a3cf-f3b3ed80b890,0c83cdc0-53d9-4d45-9a6f-5d4e7254d63c,->,313d1fcf-fdf6-4e4e-85aa-8fcea532cc34,javax/swing/GroupLayout$SequentialGroup.java,addComponent
313d1fcf-fdf6-4e4e-85aa-8fcea532cc34,957e01c8-ce4c-4bba-a3cf-f3b3ed80b890,0c83cdc0-53d9-4d45-9a6f-5d4e7254d63c,->,313d1fcf-fdf6-4e4e-85aa-8fcea532cc34,javax/swing/GroupLayout$SequentialGroup.java,addGap
313d1fcf-fdf6-4e4e-85aa-8fcea532cc34,957e01c8-ce4c-4bba-a3cf-f3b3ed80b890,0c83cdc0-53d9-4d45-9a6f-5d4e7254d63c,->,313d1fcf-fdf6-4e4e-85aa-8fcea532cc34,javax/swing/GroupLayout$ParallelGroup.java,addGroup
313d1fcf-fdf6-4e4e-85aa-8fcea532cc34,957e01c8-ce4c-4bba-a3cf-f3b3ed80b890,0c83cdc0-53d9-4d45-9a6f-5d4e7254d63c,->,313d1fcf-fdf6-4e4e-85aa-8fcea532cc34,javax/swing/GroupLayout.java,createSequentialGroup
313d1fcf-fdf6-4e4e-85aa-8fcea532cc34,957e01c8-ce4c-4bba-a3cf-f3b3ed80b890,0c83cdc0-53d9-4d45-9a6f-5d4e7254d63c,->,313d1fcf-fdf6-4e4e-85aa-8fcea532cc34,javax/swing/GroupLayout$SequentialGroup.java,addGap
313d1fcf-fdf6-4e4e-85aa-8fcea532cc34,957e01c8-ce4c-4bba-a3cf-f3b3ed80b890,0c83cdc0-53d9-4d45-9a6f-5d4e7254d63c,->,313d1fcf-fdf6-4e4e-85aa-8fcea532cc34,javax/swing/GroupLayout$SequentialGroup.java,addComponent
313d1fcf-fdf6-4e4e-85aa-8fcea532cc34,957e01c8-ce4c-4bba-a3cf-f3b3ed80b890,0c83cdc0-53d9-4d45-9a6f-5d4e7254d63c,->,313d1fcf-fdf6-4e4e-85aa-8fcea532cc34,javax/swing/GroupLayout$SequentialGroup.java,addContainerGap
313d1fcf-fdf6-4e4e-85aa-8fcea532cc34,957e01c8-ce4c-4bba-a3cf-f3b3ed80b890,0c83cdc0-53d9-4d45-9a6f-5d4e7254d63c,->,313d1fcf-fdf6-4e4e-85aa-8fcea532cc34,javax/swing/GroupLayout$ParallelGroup.java,addGroup
313d1fcf-fdf6-4e4e-85aa-8fcea532cc34,957e01c8-ce4c-4bba-a3cf-f3b3ed80b890,0c83cdc0-53d9-4d45-9a6f-5d4e7254d63c,->,313d1fcf-fdf6-4e4e-85aa-8fcea532cc34,javax/swing/GroupLayout$SequentialGroup.java,addGroup
313d1fcf-fdf6-4e4e-85aa-8fcea532cc34,957e01c8-ce4c-4bba-a3cf-f3b3ed80b890,0c83cdc0-53d9-4d45-9a6f-5d4e7254d63c,->,313d1fcf-fdf6-4e4e-85aa-8fcea532cc34,javax/swing/GroupLayout$ParallelGroup.java,addGroup
313d1fcf-fdf6-4e4e-85aa-8fcea532cc34,957e01c8-ce4c-4bba-a3cf-f3b3ed80b890,0c83cdc0-53d9-4d45-9a6f-5d4e7254d63c,->,313d1fcf-fdf6-4e4e-85aa-8fcea532cc34,javax/swing/GroupLayout.java,setHorizontalGroup
313d1fcf-fdf6-4e4e-85aa-8fcea532cc34,957e01c8-ce4c-4bba-a3cf-f3b3ed80b890,0c83cdc0-53d9-4d45-9a6f-5d4e7254d63c,->,313d1fcf-fdf6-4e4e-85aa-8fcea532cc34,javax/swing/GroupLayout.java,createParallelGroup
313d1fcf-fdf6-4e4e-85aa-8fcea532cc34,957e01c8-ce4c-4bba-a3cf-f3b3ed80b890,0c83cdc0-53d9-4d45-9a6f-5d4e7254d63c,->,313d1fcf-fdf6-4e4e-85aa-8fcea532cc34,javax/swing/GroupLayout.java,createSequentialGroup
313d1fcf-fdf6-4e4e-85aa-8fcea532cc34,957e01c8-ce4c-4bba-a3cf-f3b3ed80b890,0c83cdc0-53d9-4d45-9a6f-5d4e7254d63c,->,313d1fcf-fdf6-4e4e-85aa-8fcea532cc34,javax/swing/GroupLayout$SequentialGroup.java,addContainerGap
313d1fcf-fdf6-4e4e-85aa-8fcea532cc34,957e01c8-ce4c-4bba-a3cf-f3b3ed80b890,0c83cdc0-53d9-4d45-9a6f-5d4e7254d63c,->,313d1fcf-fdf6-4e4e-85aa-8fcea532cc34,javax/swing/GroupLayout.java,createParallelGroup
313d1fcf-fdf6-4e4e-85aa-8fcea532cc34,957e01c8-ce4c-4bba-a3cf-f3b3ed80b890,0c83cdc0-53d9-4d45-9a6f-5d4e7254d63c,->,313d1fcf-fdf6-4e4e-85aa-8fcea532cc34,javax/swing/GroupLayout.java,createSequentialGroup
313d1fcf-fdf6-4e4e-85aa-8fcea532cc34,957e01c8-ce4c-4bba-a3cf-f3b3ed80b890,0c83cdc0-53d9-4d45-9a6f-5d4e7254d63c,->,313d1fcf-fdf6-4e4e-85aa-8fcea532cc34,javax/swing/GroupLayout.java,createParallelGroup
313d1fcf-fdf6-4e4e-85aa-8fcea532cc34,957e01c8-ce4c-4bba-a3cf-f3b3ed80b890,0c83cdc0-53d9-4d45-9a6f-5d4e7254d63c,->,313d1fcf-fdf6-4e4e-85aa-8fcea532cc34,javax/swing/GroupLayout$ParallelGroup.java,addComponent
313d1fcf-fdf6-4e4e-85aa-8fcea532cc34,957e01c8-ce4c-4bba-a3cf-f3b3ed80b890,0c83cdc0-53d9-4d45-9a6f-5d4e7254d63c,->,313d1fcf-fdf6-4e4e-85aa-8fcea532cc34,javax/swing/GroupLayout$ParallelGroup.java,addComponent
313d1fcf-fdf6-4e4e-85aa-8fcea532cc34,957e01c8-ce4c-4bba-a3cf-f3b3ed80b890,0c83cdc0-53d9-4d45-9a6f-5d4e7254d63c,->,313d1fcf-fdf6-4e4e-85aa-8fcea532cc34,javax/swing/GroupLayout$SequentialGroup.java,addGroup
313d1fcf-fdf6-4e4e-85aa-8fcea532cc34,957e01c8-ce4c-4bba-a3cf-f3b3ed80b890,0c83cdc0-53d9-4d45-9a6f-5d4e7254d63c,->,313d1fcf-fdf6-4e4e-85aa-8fcea532cc34,javax/swing/GroupLayout$SequentialGroup.java,addPreferredGap
313d1fcf-fdf6-4e4e-85aa-8fcea532cc34,957e01c8-ce4c-4bba-a3cf-f3b3ed80b890,0c83cdc0-53d9-4d45-9a6f-5d4e7254d63c,->,313d1fcf-fdf6-4e4e-85aa-8fcea532cc34,javax/swing/GroupLayout$SequentialGroup.java,addComponent
313d1fcf-fdf6-4e4e-85aa-8fcea532cc34,957e01c8-ce4c-4bba-a3cf-f3b3ed80b890,0c83cdc0-53d9-4d45-9a6f-5d4e7254d63c,->,313d1fcf-fdf6-4e4e-85aa-8fcea532cc34,javax/swing/GroupLayout$ParallelGroup.java,addGroup
313d1fcf-fdf6-4e4e-85aa-8fcea532cc34,957e01c8-ce4c-4bba-a3cf-f3b3ed80b890,0c83cdc0-53d9-4d45-9a6f-5d4e7254d63c,->,313d1fcf-fdf6-4e4e-85aa-8fcea532cc34,javax/swing/GroupLayout$ParallelGroup.java,addComponent
313d1fcf-fdf6-4e4e-85aa-8fcea532cc34,957e01c8-ce4c-4bba-a3cf-f3b3ed80b890,0c83cdc0-53d9-4d45-9a6f-5d4e7254d63c,->,313d1fcf-fdf6-4e4e-85aa-8fcea532cc34,javax/swing/GroupLayout$SequentialGroup.java,addGroup
313d1fcf-fdf6-4e4e-85aa-8fcea532cc34,957e01c8-ce4c-4bba-a3cf-f3b3ed80b890,0c83cdc0-53d9-4d45-9a6f-5d4e7254d63c,->,313d1fcf-fdf6-4e4e-85aa-8fcea532cc34,javax/swing/GroupLayout$SequentialGroup.java,addContainerGap
313d1fcf-fdf6-4e4e-85aa-8fcea532cc34,957e01c8-ce4c-4bba-a3cf-f3b3ed80b890,0c83cdc0-53d9-4d45-9a6f-5d4e7254d63c,->,313d1fcf-fdf6-4e4e-85aa-8fcea532cc34,javax/swing/GroupLayout$ParallelGroup.java,addGroup
313d1fcf-fdf6-4e4e-85aa-8fcea532cc34,957e01c8-ce4c-4bba-a3cf-f3b3ed80b890,0c83cdc0-53d9-4d45-9a6f-5d4e7254d63c,->,313d1fcf-fdf6-4e4e-85aa-8fcea532cc34,javax/swing/GroupLayout.java,setVerticalGroup
313d1fcf-fdf6-4e4e-85aa-8fcea532cc34,957e01c8-ce4c-4bba-a3cf-f3b3ed80b890,0c83cdc0-53d9-4d45-9a6f-5d4e7254d63c,->,313d1fcf-fdf6-4e4e-85aa-8fcea532cc34,javax/swing/JLabel.java,setFont
313d1fcf-fdf6-4e4e-85aa-8fcea532cc34,957e01c8-ce4c-4bba-a3cf-f3b3ed80b890,0c83cdc0-53d9-4d45-9a6f-5d4e7254d63c,->,313d1fcf-fdf6-4e4e-85aa-8fcea532cc34,javax/swing/JLabel.java,setText
313d1fcf-fdf6-4e4e-85aa-8fcea532cc34,957e01c8-ce4c-4bba-a3cf-f3b3ed80b890,0c83cdc0-53d9-4d45-9a6f-5d4e7254d63c,->,313d1fcf-fdf6-4e4e-85aa-8fcea532cc34,javax/swing/JLabel.java,setFont
313d1fcf-fdf6-4e4e-85aa-8fcea532cc34,957e01c8-ce4c-4bba-a3cf-f3b3ed80b890,0c83cdc0-53d9-4d45-9a6f-5d4e7254d63c,->,313d1fcf-fdf6-4e4e-85aa-8fcea532cc34,javax/swing/JLabel.java,setText
313d1fcf-fdf6-4e4e-85aa-8fcea532cc34,957e01c8-ce4c-4bba-a3cf-f3b3ed80b890,0c83cdc0-53d9-4d45-9a6f-5d4e7254d63c,->,313d1fcf-fdf6-4e4e-85aa-8fcea532cc34,grafica/PosicionarBarcos.java,getContentPane
313d1fcf-fdf6-4e4e-85aa-8fcea532cc34,957e01c8-ce4c-4bba-a3cf-f3b3ed80b890,0c83cdc0-53d9-4d45-9a6f-5d4e7254d63c,->,313d1fcf-fdf6-4e4e-85aa-8fcea532cc34,grafica/PosicionarBarcos.java,getContentPane
313d1fcf-fdf6-4e4e-85aa-8fcea532cc34,957e01c8-ce4c-4bba-a3cf-f3b3ed80b890,0c83cdc0-53d9-4d45-9a6f-5d4e7254d63c,->,313d1fcf-fdf6-4e4e-85aa-8fcea532cc34,java/awt/Container.java,setLayout
313d1fcf-fdf6-4e4e-85aa-8fcea532cc34,957e01c8-ce4c-4bba-a3cf-f3b3ed80b890,0c83cdc0-53d9-4d45-9a6f-5d4e7254d63c,->,313d1fcf-fdf6-4e4e-85aa-8fcea532cc34,javax/swing/GroupLayout.java,createParallelGroup
313d1fcf-fdf6-4e4e-85aa-8fcea532cc34,957e01c8-ce4c-4bba-a3cf-f3b3ed80b890,0c83cdc0-53d9-4d45-9a6f-5d4e7254d63c,->,313d1fcf-fdf6-4e4e-85aa-8fcea532cc34,javax/swing/GroupLayout.java,createSequentialGroup
313d1fcf-fdf6-4e4e-85aa-8fcea532cc34,957e01c8-ce4c-4bba-a3cf-f3b3ed80b890,0c83cdc0-53d9-4d45-9a6f-5d4e7254d63c,->,313d1fcf-fdf6-4e4e-85aa-8fcea532cc34,javax/swing/GroupLayout$SequentialGroup.java,addContainerGap
313d1fcf-fdf6-4e4e-85aa-8fcea532cc34,957e01c8-ce4c-4bba-a3cf-f3b3ed80b890,0c83cdc0-53d9-4d45-9a6f-5d4e7254d63c,->,313d1fcf-fdf6-4e4e-85aa-8fcea532cc34,javax/swing/GroupLayout.java,createParallelGroup
313d1fcf-fdf6-4e4e-85aa-8fcea532cc34,957e01c8-ce4c-4bba-a3cf-f3b3ed80b890,0c83cdc0-53d9-4d45-9a6f-5d4e7254d63c,->,313d1fcf-fdf6-4e4e-85aa-8fcea532cc34,javax/swing/GroupLayout.java,createSequentialGroup
313d1fcf-fdf6-4e4e-85aa-8fcea532cc34,957e01c8-ce4c-4bba-a3cf-f3b3ed80b890,0c83cdc0-53d9-4d45-9a6f-5d4e7254d63c,->,313d1fcf-fdf6-4e4e-85aa-8fcea532cc34,javax/swing/GroupLayout$SequentialGroup.java,addComponent
313d1fcf-fdf6-4e4e-85aa-8fcea532cc34,957e01c8-ce4c-4bba-a3cf-f3b3ed80b890,0c83cdc0-53d9-4d45-9a6f-5d4e7254d63c,->,313d1fcf-fdf6-4e4e-85aa-8fcea532cc34,javax/swing/GroupLayout$SequentialGroup.java,addGap
313d1fcf-fdf6-4e4e-85aa-8fcea532cc34,957e01c8-ce4c-4bba-a3cf-f3b3ed80b890,0c83cdc0-53d9-4d45-9a6f-5d4e7254d63c,->,313d1fcf-fdf6-4e4e-85aa-8fcea532cc34,javax/swing/GroupLayout$ParallelGroup.java,addGroup
313d1fcf-fdf6-4e4e-85aa-8fcea532cc34,957e01c8-ce4c-4bba-a3cf-f3b3ed80b890,0c83cdc0-53d9-4d45-9a6f-5d4e7254d63c,->,313d1fcf-fdf6-4e4e-85aa-8fcea532cc34,javax/swing/GroupLayout.java,createSequentialGroup
313d1fcf-fdf6-4e4e-85aa-8fcea532cc34,957e01c8-ce4c-4bba-a3cf-f3b3ed80b890,0c83cdc0-53d9-4d45-9a6f-5d4e7254d63c,->,313d1fcf-fdf6-4e4e-85aa-8fcea532cc34,javax/swing/GroupLayout.java,createParallelGroup
313d1fcf-fdf6-4e4e-85aa-8fcea532cc34,957e01c8-ce4c-4bba-a3cf-f3b3ed80b890,0c83cdc0-53d9-4d45-9a6f-5d4e7254d63c,->,313d1fcf-fdf6-4e4e-85aa-8fcea532cc34,javax/swing/GroupLayout$ParallelGroup.java,addComponent
313d1fcf-fdf6-4e4e-85aa-8fcea532cc34,957e01c8-ce4c-4bba-a3cf-f3b3ed80b890,0c83cdc0-53d9-4d45-9a6f-5d4e7254d63c,->,313d1fcf-fdf6-4e4e-85aa-8fcea532cc34,javax/swing/GroupLayout$ParallelGroup.java,addComponent
313d1fcf-fdf6-4e4e-85aa-8fcea532cc34,957e01c8-ce4c-4bba-a3cf-f3b3ed80b890,0c83cdc0-53d9-4d45-9a6f-5d4e7254d63c,->,313d1fcf-fdf6-4e4e-85aa-8fcea532cc34,javax/swing/GroupLayout$ParallelGroup.java,addComponent
313d1fcf-fdf6-4e4e-85aa-8fcea532cc34,957e01c8-ce4c-4bba-a3cf-f3b3ed80b890,0c83cdc0-53d9-4d45-9a6f-5d4e7254d63c,->,313d1fcf-fdf6-4e4e-85aa-8fcea532cc34,javax/swing/GroupLayout.java,createSequentialGroup
313d1fcf-fdf6-4e4e-85aa-8fcea532cc34,957e01c8-ce4c-4bba-a3cf-f3b3ed80b890,0c83cdc0-53d9-4d45-9a6f-5d4e7254d63c,->,313d1fcf-fdf6-4e4e-85aa-8fcea532cc34,javax/swing/GroupLayout.java,createParallelGroup
313d1fcf-fdf6-4e4e-85aa-8fcea532cc34,957e01c8-ce4c-4bba-a3cf-f3b3ed80b890,0c83cdc0-53d9-4d45-9a6f-5d4e7254d63c,->,313d1fcf-fdf6-4e4e-85aa-8fcea532cc34,javax/swing/GroupLayout.java,createSequentialGroup
313d1fcf-fdf6-4e4e-85aa-8fcea532cc34,957e01c8-ce4c-4bba-a3cf-f3b3ed80b890,0c83cdc0-53d9-4d45-9a6f-5d4e7254d63c,->,313d1fcf-fdf6-4e4e-85aa-8fcea532cc34,javax/swing/GroupLayout$SequentialGroup.java,addGap
313d1fcf-fdf6-4e4e-85aa-8fcea532cc34,957e01c8-ce4c-4bba-a3cf-f3b3ed80b890,0c83cdc0-53d9-4d45-9a6f-5d4e7254d63c,->,313d1fcf-fdf6-4e4e-85aa-8fcea532cc34,javax/swing/GroupLayout$SequentialGroup.java,addComponent
313d1fcf-fdf6-4e4e-85aa-8fcea532cc34,957e01c8-ce4c-4bba-a3cf-f3b3ed80b890,0c83cdc0-53d9-4d45-9a6f-5d4e7254d63c,->,313d1fcf-fdf6-4e4e-85aa-8fcea532cc34,javax/swing/GroupLayout$SequentialGroup.java,addGap
313d1fcf-fdf6-4e4e-85aa-8fcea532cc34,957e01c8-ce4c-4bba-a3cf-f3b3ed80b890,0c83cdc0-53d9-4d45-9a6f-5d4e7254d63c,->,313d1fcf-fdf6-4e4e-85aa-8fcea532cc34,javax/swing/GroupLayout$ParallelGroup.java,addGroup
313d1fcf-fdf6-4e4e-85aa-8fcea532cc34,957e01c8-ce4c-4bba-a3cf-f3b3ed80b890,0c83cdc0-53d9-4d45-9a6f-5d4e7254d63c,->,313d1fcf-fdf6-4e4e-85aa-8fcea532cc34,javax/swing/GroupLayout.java,createSequentialGroup
313d1fcf-fdf6-4e4e-85aa-8fcea532cc34,957e01c8-ce4c-4bba-a3cf-f3b3ed80b890,0c83cdc0-53d9-4d45-9a6f-5d4e7254d63c,->,313d1fcf-fdf6-4e4e-85aa-8fcea532cc34,javax/swing/GroupLayout.java,createParallelGroup
313d1fcf-fdf6-4e4e-85aa-8fcea532cc34,957e01c8-ce4c-4bba-a3cf-f3b3ed80b890,0c83cdc0-53d9-4d45-9a6f-5d4e7254d63c,->,313d1fcf-fdf6-4e4e-85aa-8fcea532cc34,javax/swing/GroupLayout$ParallelGroup.java,addComponent
313d1fcf-fdf6-4e4e-85aa-8fcea532cc34,957e01c8-ce4c-4bba-a3cf-f3b3ed80b890,0c83cdc0-53d9-4d45-9a6f-5d4e7254d63c,->,313d1fcf-fdf6-4e4e-85aa-8fcea532cc34,javax/swing/GroupLayout$ParallelGroup.java,addComponent
313d1fcf-fdf6-4e4e-85aa-8fcea532cc34,957e01c8-ce4c-4bba-a3cf-f3b3ed80b890,0c83cdc0-53d9-4d45-9a6f-5d4e7254d63c,->,313d1fcf-fdf6-4e4e-85aa-8fcea532cc34,javax/swing/GroupLayout$SequentialGroup.java,addGroup
313d1fcf-fdf6-4e4e-85aa-8fcea532cc34,957e01c8-ce4c-4bba-a3cf-f3b3ed80b890,0c83cdc0-53d9-4d45-9a6f-5d4e7254d63c,->,313d1fcf-fdf6-4e4e-85aa-8fcea532cc34,javax/swing/GroupLayout$SequentialGroup.java,addPreferredGap
313d1fcf-fdf6-4e4e-85aa-8fcea532cc34,957e01c8-ce4c-4bba-a3cf-f3b3ed80b890,0c83cdc0-53d9-4d45-9a6f-5d4e7254d63c,->,313d1fcf-fdf6-4e4e-85aa-8fcea532cc34,javax/swing/GroupLayout$ParallelGroup.java,addGroup
313d1fcf-fdf6-4e4e-85aa-8fcea532cc34,957e01c8-ce4c-4bba-a3cf-f3b3ed80b890,0c83cdc0-53d9-4d45-9a6f-5d4e7254d63c,->,313d1fcf-fdf6-4e4e-85aa-8fcea532cc34,javax/swing/GroupLayout$SequentialGroup.java,addGroup
313d1fcf-fdf6-4e4e-85aa-8fcea532cc34,957e01c8-ce4c-4bba-a3cf-f3b3ed80b890,0c83cdc0-53d9-4d45-9a6f-5d4e7254d63c,->,313d1fcf-fdf6-4e4e-85aa-8fcea532cc34,javax/swing/GroupLayout.java,createParallelGroup
313d1fcf-fdf6-4e4e-85aa-8fcea532cc34,957e01c8-ce4c-4bba-a3cf-f3b3ed80b890,0c83cdc0-53d9-4d45-9a6f-5d4e7254d63c,->,313d1fcf-fdf6-4e4e-85aa-8fcea532cc34,javax/swing/GroupLayout.java,createSequentialGroup
313d1fcf-fdf6-4e4e-85aa-8fcea532cc34,957e01c8-ce4c-4bba-a3cf-f3b3ed80b890,0c83cdc0-53d9-4d45-9a6f-5d4e7254d63c,->,313d1fcf-fdf6-4e4e-85aa-8fcea532cc34,javax/swing/GroupLayout.java,createParallelGroup
313d1fcf-fdf6-4e4e-85aa-8fcea532cc34,957e01c8-ce4c-4bba-a3cf-f3b3ed80b890,0c83cdc0-53d9-4d45-9a6f-5d4e7254d63c,->,313d1fcf-fdf6-4e4e-85aa-8fcea532cc34,javax/swing/GroupLayout$ParallelGroup.java,addComponent
313d1fcf-fdf6-4e4e-85aa-8fcea532cc34,957e01c8-ce4c-4bba-a3cf-f3b3ed80b890,0c83cdc0-53d9-4d45-9a6f-5d4e7254d63c,->,313d1fcf-fdf6-4e4e-85aa-8fcea532cc34,javax/swing/GroupLayout$ParallelGroup.java,addComponent
313d1fcf-fdf6-4e4e-85aa-8fcea532cc34,957e01c8-ce4c-4bba-a3cf-f3b3ed80b890,0c83cdc0-53d9-4d45-9a6f-5d4e7254d63c,->,313d1fcf-fdf6-4e4e-85aa-8fcea532cc34,javax/swing/GroupLayout$SequentialGroup.java,addGroup
313d1fcf-fdf6-4e4e-85aa-8fcea532cc34,957e01c8-ce4c-4bba-a3cf-f3b3ed80b890,0c83cdc0-53d9-4d45-9a6f-5d4e7254d63c,->,313d1fcf-fdf6-4e4e-85aa-8fcea532cc34,javax/swing/GroupLayout$SequentialGroup.java,addPreferredGap
313d1fcf-fdf6-4e4e-85aa-8fcea532cc34,957e01c8-ce4c-4bba-a3cf-f3b3ed80b890,0c83cdc0-53d9-4d45-9a6f-5d4e7254d63c,->,313d1fcf-fdf6-4e4e-85aa-8fcea532cc34,javax/swing/GroupLayout$SequentialGroup.java,addComponent
313d1fcf-fdf6-4e4e-85aa-8fcea532cc34,957e01c8-ce4c-4bba-a3cf-f3b3ed80b890,0c83cdc0-53d9-4d45-9a6f-5d4e7254d63c,->,313d1fcf-fdf6-4e4e-85aa-8fcea532cc34,javax/swing/GroupLayout$ParallelGroup.java,addGroup
313d1fcf-fdf6-4e4e-85aa-8fcea532cc34,957e01c8-ce4c-4bba-a3cf-f3b3ed80b890,0c83cdc0-53d9-4d45-9a6f-5d4e7254d63c,->,313d1fcf-fdf6-4e4e-85aa-8fcea532cc34,javax/swing/GroupLayout.java,createSequentialGroup
313d1fcf-fdf6-4e4e-85aa-8fcea532cc34,957e01c8-ce4c-4bba-a3cf-f3b3ed80b890,0c83cdc0-53d9-4d45-9a6f-5d4e7254d63c,->,313d1fcf-fdf6-4e4e-85aa-8fcea532cc34,javax/swing/GroupLayout$SequentialGroup.java,addComponent
313d1fcf-fdf6-4e4e-85aa-8fcea532cc34,957e01c8-ce4c-4bba-a3cf-f3b3ed80b890,0c83cdc0-53d9-4d45-9a6f-5d4e7254d63c,->,313d1fcf-fdf6-4e4e-85aa-8fcea532cc34,javax/swing/GroupLayout$SequentialGroup.java,addPreferredGap
313d1fcf-fdf6-4e4e-85aa-8fcea532cc34,957e01c8-ce4c-4bba-a3cf-f3b3ed80b890,0c83cdc0-53d9-4d45-9a6f-5d4e7254d63c,->,313d1fcf-fdf6-4e4e-85aa-8fcea532cc34,javax/swing/GroupLayout$SequentialGroup.java,addComponent
313d1fcf-fdf6-4e4e-85aa-8fcea532cc34,957e01c8-ce4c-4bba-a3cf-f3b3ed80b890,0c83cdc0-53d9-4d45-9a6f-5d4e7254d63c,->,313d1fcf-fdf6-4e4e-85aa-8fcea532cc34,javax/swing/GroupLayout$ParallelGroup.java,addGroup
313d1fcf-fdf6-4e4e-85aa-8fcea532cc34,957e01c8-ce4c-4bba-a3cf-f3b3ed80b890,0c83cdc0-53d9-4d45-9a6f-5d4e7254d63c,->,313d1fcf-fdf6-4e4e-85aa-8fcea532cc34,javax/swing/GroupLayout$SequentialGroup.java,addGroup
313d1fcf-fdf6-4e4e-85aa-8fcea532cc34,957e01c8-ce4c-4bba-a3cf-f3b3ed80b890,0c83cdc0-53d9-4d45-9a6f-5d4e7254d63c,->,313d1fcf-fdf6-4e4e-85aa-8fcea532cc34,javax/swing/GroupLayout$SequentialGroup.java,addPreferredGap
313d1fcf-fdf6-4e4e-85aa-8fcea532cc34,957e01c8-ce4c-4bba-a3cf-f3b3ed80b890,0c83cdc0-53d9-4d45-9a6f-5d4e7254d63c,->,313d1fcf-fdf6-4e4e-85aa-8fcea532cc34,javax/swing/GroupLayout.java,createParallelGroup
313d1fcf-fdf6-4e4e-85aa-8fcea532cc34,957e01c8-ce4c-4bba-a3cf-f3b3ed80b890,0c83cdc0-53d9-4d45-9a6f-5d4e7254d63c,->,313d1fcf-fdf6-4e4e-85aa-8fcea532cc34,javax/swing/GroupLayout$ParallelGroup.java,addComponent
313d1fcf-fdf6-4e4e-85aa-8fcea532cc34,957e01c8-ce4c-4bba-a3cf-f3b3ed80b890,0c83cdc0-53d9-4d45-9a6f-5d4e7254d63c,->,313d1fcf-fdf6-4e4e-85aa-8fcea532cc34,javax/swing/GroupLayout$ParallelGroup.java,addComponent
313d1fcf-fdf6-4e4e-85aa-8fcea532cc34,957e01c8-ce4c-4bba-a3cf-f3b3ed80b890,0c83cdc0-53d9-4d45-9a6f-5d4e7254d63c,->,313d1fcf-fdf6-4e4e-85aa-8fcea532cc34,javax/swing/GroupLayout$SequentialGroup.java,addGroup
313d1fcf-fdf6-4e4e-85aa-8fcea532cc34,957e01c8-ce4c-4bba-a3cf-f3b3ed80b890,0c83cdc0-53d9-4d45-9a6f-5d4e7254d63c,->,313d1fcf-fdf6-4e4e-85aa-8fcea532cc34,javax/swing/GroupLayout$SequentialGroup.java,addGap
313d1fcf-fdf6-4e4e-85aa-8fcea532cc34,957e01c8-ce4c-4bba-a3cf-f3b3ed80b890,0c83cdc0-53d9-4d45-9a6f-5d4e7254d63c,->,313d1fcf-fdf6-4e4e-85aa-8fcea532cc34,javax/swing/GroupLayout$ParallelGroup.java,addGroup
313d1fcf-fdf6-4e4e-85aa-8fcea532cc34,957e01c8-ce4c-4bba-a3cf-f3b3ed80b890,0c83cdc0-53d9-4d45-9a6f-5d4e7254d63c,->,313d1fcf-fdf6-4e4e-85aa-8fcea532cc34,javax/swing/GroupLayout$SequentialGroup.java,addGroup
313d1fcf-fdf6-4e4e-85aa-8fcea532cc34,957e01c8-ce4c-4bba-a3cf-f3b3ed80b890,0c83cdc0-53d9-4d45-9a6f-5d4e7254d63c,->,313d1fcf-fdf6-4e4e-85aa-8fcea532cc34,javax/swing/GroupLayout$SequentialGroup.java,addContainerGap
313d1fcf-fdf6-4e4e-85aa-8fcea532cc34,957e01c8-ce4c-4bba-a3cf-f3b3ed80b890,0c83cdc0-53d9-4d45-9a6f-5d4e7254d63c,->,313d1fcf-fdf6-4e4e-85aa-8fcea532cc34,javax/swing/GroupLayout$ParallelGroup.java,addGroup
313d1fcf-fdf6-4e4e-85aa-8fcea532cc34,957e01c8-ce4c-4bba-a3cf-f3b3ed80b890,0c83cdc0-53d9-4d45-9a6f-5d4e7254d63c,->,313d1fcf-fdf6-4e4e-85aa-8fcea532cc34,javax/swing/GroupLayout$SequentialGroup.java,addGroup
313d1fcf-fdf6-4e4e-85aa-8fcea532cc34,957e01c8-ce4c-4bba-a3cf-f3b3ed80b890,0c83cdc0-53d9-4d45-9a6f-5d4e7254d63c,->,313d1fcf-fdf6-4e4e-85aa-8fcea532cc34,javax/swing/GroupLayout$ParallelGroup.java,addGroup
313d1fcf-fdf6-4e4e-85aa-8fcea532cc34,957e01c8-ce4c-4bba-a3cf-f3b3ed80b890,0c83cdc0-53d9-4d45-9a6f-5d4e7254d63c,->,313d1fcf-fdf6-4e4e-85aa-8fcea532cc34,javax/swing/GroupLayout.java,createSequentialGroup
313d1fcf-fdf6-4e4e-85aa-8fcea532cc34,957e01c8-ce4c-4bba-a3cf-f3b3ed80b890,0c83cdc0-53d9-4d45-9a6f-5d4e7254d63c,->,313d1fcf-fdf6-4e4e-85aa-8fcea532cc34,javax/swing/GroupLayout$SequentialGroup.java,addGap
313d1fcf-fdf6-4e4e-85aa-8fcea532cc34,957e01c8-ce4c-4bba-a3cf-f3b3ed80b890,0c83cdc0-53d9-4d45-9a6f-5d4e7254d63c,->,313d1fcf-fdf6-4e4e-85aa-8fcea532cc34,javax/swing/GroupLayout$SequentialGroup.java,addComponent
313d1fcf-fdf6-4e4e-85aa-8fcea532cc34,957e01c8-ce4c-4bba-a3cf-f3b3ed80b890,0c83cdc0-53d9-4d45-9a6f-5d4e7254d63c,->,313d1fcf-fdf6-4e4e-85aa-8fcea532cc34,javax/swing/GroupLayout$SequentialGroup.java,addGap
313d1fcf-fdf6-4e4e-85aa-8fcea532cc34,957e01c8-ce4c-4bba-a3cf-f3b3ed80b890,0c83cdc0-53d9-4d45-9a6f-5d4e7254d63c,->,313d1fcf-fdf6-4e4e-85aa-8fcea532cc34,javax/swing/GroupLayout$SequentialGroup.java,addComponent
313d1fcf-fdf6-4e4e-85aa-8fcea532cc34,957e01c8-ce4c-4bba-a3cf-f3b3ed80b890,0c83cdc0-53d9-4d45-9a6f-5d4e7254d63c,->,313d1fcf-fdf6-4e4e-85aa-8fcea532cc34,javax/swing/GroupLayout$SequentialGroup.java,addGap
313d1fcf-fdf6-4e4e-85aa-8fcea532cc34,957e01c8-ce4c-4bba-a3cf-f3b3ed80b890,0c83cdc0-53d9-4d45-9a6f-5d4e7254d63c,->,313d1fcf-fdf6-4e4e-85aa-8fcea532cc34,javax/swing/GroupLayout$ParallelGroup.java,addGroup
313d1fcf-fdf6-4e4e-85aa-8fcea532cc34,957e01c8-ce4c-4bba-a3cf-f3b3ed80b890,0c83cdc0-53d9-4d45-9a6f-5d4e7254d63c,->,313d1fcf-fdf6-4e4e-85aa-8fcea532cc34,javax/swing/GroupLayout.java,setHorizontalGroup
313d1fcf-fdf6-4e4e-85aa-8fcea532cc34,957e01c8-ce4c-4bba-a3cf-f3b3ed80b890,0c83cdc0-53d9-4d45-9a6f-5d4e7254d63c,->,313d1fcf-fdf6-4e4e-85aa-8fcea532cc34,javax/swing/GroupLayout.java,createParallelGroup
313d1fcf-fdf6-4e4e-85aa-8fcea532cc34,957e01c8-ce4c-4bba-a3cf-f3b3ed80b890,0c83cdc0-53d9-4d45-9a6f-5d4e7254d63c,->,313d1fcf-fdf6-4e4e-85aa-8fcea532cc34,javax/swing/GroupLayout.java,createSequentialGroup
313d1fcf-fdf6-4e4e-85aa-8fcea532cc34,957e01c8-ce4c-4bba-a3cf-f3b3ed80b890,0c83cdc0-53d9-4d45-9a6f-5d4e7254d63c,->,313d1fcf-fdf6-4e4e-85aa-8fcea532cc34,javax/swing/GroupLayout$SequentialGroup.java,addContainerGap
313d1fcf-fdf6-4e4e-85aa-8fcea532cc34,957e01c8-ce4c-4bba-a3cf-f3b3ed80b890,0c83cdc0-53d9-4d45-9a6f-5d4e7254d63c,->,313d1fcf-fdf6-4e4e-85aa-8fcea532cc34,javax/swing/GroupLayout$SequentialGroup.java,addComponent
313d1fcf-fdf6-4e4e-85aa-8fcea532cc34,957e01c8-ce4c-4bba-a3cf-f3b3ed80b890,0c83cdc0-53d9-4d45-9a6f-5d4e7254d63c,->,313d1fcf-fdf6-4e4e-85aa-8fcea532cc34,javax/swing/GroupLayout$SequentialGroup.java,addPreferredGap
313d1fcf-fdf6-4e4e-85aa-8fcea532cc34,957e01c8-ce4c-4bba-a3cf-f3b3ed80b890,0c83cdc0-53d9-4d45-9a6f-5d4e7254d63c,->,313d1fcf-fdf6-4e4e-85aa-8fcea532cc34,javax/swing/GroupLayout$SequentialGroup.java,addComponent
313d1fcf-fdf6-4e4e-85aa-8fcea532cc34,957e01c8-ce4c-4bba-a3cf-f3b3ed80b890,0c83cdc0-53d9-4d45-9a6f-5d4e7254d63c,->,313d1fcf-fdf6-4e4e-85aa-8fcea532cc34,javax/swing/GroupLayout$SequentialGroup.java,addPreferredGap
313d1fcf-fdf6-4e4e-85aa-8fcea532cc34,957e01c8-ce4c-4bba-a3cf-f3b3ed80b890,0c83cdc0-53d9-4d45-9a6f-5d4e7254d63c,->,313d1fcf-fdf6-4e4e-85aa-8fcea532cc34,javax/swing/GroupLayout$SequentialGroup.java,addComponent
313d1fcf-fdf6-4e4e-85aa-8fcea532cc34,957e01c8-ce4c-4bba-a3cf-f3b3ed80b890,0c83cdc0-53d9-4d45-9a6f-5d4e7254d63c,->,313d1fcf-fdf6-4e4e-85aa-8fcea532cc34,javax/swing/GroupLayout.java,createParallelGroup
313d1fcf-fdf6-4e4e-85aa-8fcea532cc34,957e01c8-ce4c-4bba-a3cf-f3b3ed80b890,0c83cdc0-53d9-4d45-9a6f-5d4e7254d63c,->,313d1fcf-fdf6-4e4e-85aa-8fcea532cc34,javax/swing/GroupLayout.java,createSequentialGroup
313d1fcf-fdf6-4e4e-85aa-8fcea532cc34,957e01c8-ce4c-4bba-a3cf-f3b3ed80b890,0c83cdc0-53d9-4d45-9a6f-5d4e7254d63c,->,313d1fcf-fdf6-4e4e-85aa-8fcea532cc34,javax/swing/GroupLayout$SequentialGroup.java,addGap
313d1fcf-fdf6-4e4e-85aa-8fcea532cc34,957e01c8-ce4c-4bba-a3cf-f3b3ed80b890,0c83cdc0-53d9-4d45-9a6f-5d4e7254d63c,->,313d1fcf-fdf6-4e4e-85aa-8fcea532cc34,javax/swing/GroupLayout.java,createParallelGroup
313d1fcf-fdf6-4e4e-85aa-8fcea532cc34,957e01c8-ce4c-4bba-a3cf-f3b3ed80b890,0c83cdc0-53d9-4d45-9a6f-5d4e7254d63c,->,313d1fcf-fdf6-4e4e-85aa-8fcea532cc34,javax/swing/GroupLayout$ParallelGroup.java,addComponent
313d1fcf-fdf6-4e4e-85aa-8fcea532cc34,957e01c8-ce4c-4bba-a3cf-f3b3ed80b890,0c83cdc0-53d9-4d45-9a6f-5d4e7254d63c,->,313d1fcf-fdf6-4e4e-85aa-8fcea532cc34,javax/swing/GroupLayout$ParallelGroup.java,addComponent
313d1fcf-fdf6-4e4e-85aa-8fcea532cc34,957e01c8-ce4c-4bba-a3cf-f3b3ed80b890,0c83cdc0-53d9-4d45-9a6f-5d4e7254d63c,->,313d1fcf-fdf6-4e4e-85aa-8fcea532cc34,javax/swing/GroupLayout$SequentialGroup.java,addGroup
313d1fcf-fdf6-4e4e-85aa-8fcea532cc34,957e01c8-ce4c-4bba-a3cf-f3b3ed80b890,0c83cdc0-53d9-4d45-9a6f-5d4e7254d63c,->,313d1fcf-fdf6-4e4e-85aa-8fcea532cc34,javax/swing/GroupLayout$SequentialGroup.java,addGap
313d1fcf-fdf6-4e4e-85aa-8fcea532cc34,957e01c8-ce4c-4bba-a3cf-f3b3ed80b890,0c83cdc0-53d9-4d45-9a6f-5d4e7254d63c,->,313d1fcf-fdf6-4e4e-85aa-8fcea532cc34,javax/swing/GroupLayout.java,createParallelGroup
313d1fcf-fdf6-4e4e-85aa-8fcea532cc34,957e01c8-ce4c-4bba-a3cf-f3b3ed80b890,0c83cdc0-53d9-4d45-9a6f-5d4e7254d63c,->,313d1fcf-fdf6-4e4e-85aa-8fcea532cc34,javax/swing/GroupLayout$ParallelGroup.java,addComponent
313d1fcf-fdf6-4e4e-85aa-8fcea532cc34,957e01c8-ce4c-4bba-a3cf-f3b3ed80b890,0c83cdc0-53d9-4d45-9a6f-5d4e7254d63c,->,313d1fcf-fdf6-4e4e-85aa-8fcea532cc34,javax/swing/GroupLayout$ParallelGroup.java,addComponent
313d1fcf-fdf6-4e4e-85aa-8fcea532cc34,957e01c8-ce4c-4bba-a3cf-f3b3ed80b890,0c83cdc0-53d9-4d45-9a6f-5d4e7254d63c,->,313d1fcf-fdf6-4e4e-85aa-8fcea532cc34,javax/swing/GroupLayout$SequentialGroup.java,addGroup
313d1fcf-fdf6-4e4e-85aa-8fcea532cc34,957e01c8-ce4c-4bba-a3cf-f3b3ed80b890,0c83cdc0-53d9-4d45-9a6f-5d4e7254d63c,->,313d1fcf-fdf6-4e4e-85aa-8fcea532cc34,javax/swing/GroupLayout$ParallelGroup.java,addGroup
313d1fcf-fdf6-4e4e-85aa-8fcea532cc34,957e01c8-ce4c-4bba-a3cf-f3b3ed80b890,0c83cdc0-53d9-4d45-9a6f-5d4e7254d63c,->,313d1fcf-fdf6-4e4e-85aa-8fcea532cc34,javax/swing/GroupLayout.java,createSequentialGroup
313d1fcf-fdf6-4e4e-85aa-8fcea532cc34,957e01c8-ce4c-4bba-a3cf-f3b3ed80b890,0c83cdc0-53d9-4d45-9a6f-5d4e7254d63c,->,313d1fcf-fdf6-4e4e-85aa-8fcea532cc34,javax/swing/GroupLayout$SequentialGroup.java,addPreferredGap
313d1fcf-fdf6-4e4e-85aa-8fcea532cc34,957e01c8-ce4c-4bba-a3cf-f3b3ed80b890,0c83cdc0-53d9-4d45-9a6f-5d4e7254d63c,->,313d1fcf-fdf6-4e4e-85aa-8fcea532cc34,javax/swing/GroupLayout.java,createParallelGroup
313d1fcf-fdf6-4e4e-85aa-8fcea532cc34,957e01c8-ce4c-4bba-a3cf-f3b3ed80b890,0c83cdc0-53d9-4d45-9a6f-5d4e7254d63c,->,313d1fcf-fdf6-4e4e-85aa-8fcea532cc34,javax/swing/GroupLayout$ParallelGroup.java,addComponent
313d1fcf-fdf6-4e4e-85aa-8fcea532cc34,957e01c8-ce4c-4bba-a3cf-f3b3ed80b890,0c83cdc0-53d9-4d45-9a6f-5d4e7254d63c,->,313d1fcf-fdf6-4e4e-85aa-8fcea532cc34,javax/swing/GroupLayout$ParallelGroup.java,addComponent
313d1fcf-fdf6-4e4e-85aa-8fcea532cc34,957e01c8-ce4c-4bba-a3cf-f3b3ed80b890,0c83cdc0-53d9-4d45-9a6f-5d4e7254d63c,->,313d1fcf-fdf6-4e4e-85aa-8fcea532cc34,javax/swing/GroupLayout$SequentialGroup.java,addGroup
313d1fcf-fdf6-4e4e-85aa-8fcea532cc34,957e01c8-ce4c-4bba-a3cf-f3b3ed80b890,0c83cdc0-53d9-4d45-9a6f-5d4e7254d63c,->,313d1fcf-fdf6-4e4e-85aa-8fcea532cc34,javax/swing/GroupLayout$SequentialGroup.java,addPreferredGap
313d1fcf-fdf6-4e4e-85aa-8fcea532cc34,957e01c8-ce4c-4bba-a3cf-f3b3ed80b890,0c83cdc0-53d9-4d45-9a6f-5d4e7254d63c,->,313d1fcf-fdf6-4e4e-85aa-8fcea532cc34,javax/swing/GroupLayout.java,createParallelGroup
313d1fcf-fdf6-4e4e-85aa-8fcea532cc34,957e01c8-ce4c-4bba-a3cf-f3b3ed80b890,0c83cdc0-53d9-4d45-9a6f-5d4e7254d63c,->,313d1fcf-fdf6-4e4e-85aa-8fcea532cc34,javax/swing/GroupLayout$ParallelGroup.java,addComponent
313d1fcf-fdf6-4e4e-85aa-8fcea532cc34,957e01c8-ce4c-4bba-a3cf-f3b3ed80b890,0c83cdc0-53d9-4d45-9a6f-5d4e7254d63c,->,313d1fcf-fdf6-4e4e-85aa-8fcea532cc34,javax/swing/GroupLayout$ParallelGroup.java,addComponent
313d1fcf-fdf6-4e4e-85aa-8fcea532cc34,957e01c8-ce4c-4bba-a3cf-f3b3ed80b890,0c83cdc0-53d9-4d45-9a6f-5d4e7254d63c,->,313d1fcf-fdf6-4e4e-85aa-8fcea532cc34,javax/swing/GroupLayout$SequentialGroup.java,addGroup
313d1fcf-fdf6-4e4e-85aa-8fcea532cc34,957e01c8-ce4c-4bba-a3cf-f3b3ed80b890,0c83cdc0-53d9-4d45-9a6f-5d4e7254d63c,->,313d1fcf-fdf6-4e4e-85aa-8fcea532cc34,javax/swing/GroupLayout$SequentialGroup.java,addPreferredGap
313d1fcf-fdf6-4e4e-85aa-8fcea532cc34,957e01c8-ce4c-4bba-a3cf-f3b3ed80b890,0c83cdc0-53d9-4d45-9a6f-5d4e7254d63c,->,313d1fcf-fdf6-4e4e-85aa-8fcea532cc34,javax/swing/GroupLayout.java,createParallelGroup
313d1fcf-fdf6-4e4e-85aa-8fcea532cc34,957e01c8-ce4c-4bba-a3cf-f3b3ed80b890,0c83cdc0-53d9-4d45-9a6f-5d4e7254d63c,->,313d1fcf-fdf6-4e4e-85aa-8fcea532cc34,javax/swing/GroupLayout$ParallelGroup.java,addComponent
313d1fcf-fdf6-4e4e-85aa-8fcea532cc34,957e01c8-ce4c-4bba-a3cf-f3b3ed80b890,0c83cdc0-53d9-4d45-9a6f-5d4e7254d63c,->,313d1fcf-fdf6-4e4e-85aa-8fcea532cc34,javax/swing/GroupLayout$ParallelGroup.java,addComponent
313d1fcf-fdf6-4e4e-85aa-8fcea532cc34,957e01c8-ce4c-4bba-a3cf-f3b3ed80b890,0c83cdc0-53d9-4d45-9a6f-5d4e7254d63c,->,313d1fcf-fdf6-4e4e-85aa-8fcea532cc34,javax/swing/GroupLayout$SequentialGroup.java,addGroup
313d1fcf-fdf6-4e4e-85aa-8fcea532cc34,957e01c8-ce4c-4bba-a3cf-f3b3ed80b890,0c83cdc0-53d9-4d45-9a6f-5d4e7254d63c,->,313d1fcf-fdf6-4e4e-85aa-8fcea532cc34,javax/swing/GroupLayout$ParallelGroup.java,addGroup
313d1fcf-fdf6-4e4e-85aa-8fcea532cc34,957e01c8-ce4c-4bba-a3cf-f3b3ed80b890,0c83cdc0-53d9-4d45-9a6f-5d4e7254d63c,->,313d1fcf-fdf6-4e4e-85aa-8fcea532cc34,javax/swing/GroupLayout$SequentialGroup.java,addGroup
313d1fcf-fdf6-4e4e-85aa-8fcea532cc34,957e01c8-ce4c-4bba-a3cf-f3b3ed80b890,0c83cdc0-53d9-4d45-9a6f-5d4e7254d63c,->,313d1fcf-fdf6-4e4e-85aa-8fcea532cc34,javax/swing/GroupLayout$SequentialGroup.java,addGap
313d1fcf-fdf6-4e4e-85aa-8fcea532cc34,957e01c8-ce4c-4bba-a3cf-f3b3ed80b890,0c83cdc0-53d9-4d45-9a6f-5d4e7254d63c,->,313d1fcf-fdf6-4e4e-85aa-8fcea532cc34,javax/swing/GroupLayout.java,createParallelGroup
313d1fcf-fdf6-4e4e-85aa-8fcea532cc34,957e01c8-ce4c-4bba-a3cf-f3b3ed80b890,0c83cdc0-53d9-4d45-9a6f-5d4e7254d63c,->,313d1fcf-fdf6-4e4e-85aa-8fcea532cc34,javax/swing/GroupLayout$ParallelGroup.java,addComponent
313d1fcf-fdf6-4e4e-85aa-8fcea532cc34,957e01c8-ce4c-4bba-a3cf-f3b3ed80b890,0c83cdc0-53d9-4d45-9a6f-5d4e7254d63c,->,313d1fcf-fdf6-4e4e-85aa-8fcea532cc34,javax/swing/GroupLayout$ParallelGroup.java,addComponent
313d1fcf-fdf6-4e4e-85aa-8fcea532cc34,957e01c8-ce4c-4bba-a3cf-f3b3ed80b890,0c83cdc0-53d9-4d45-9a6f-5d4e7254d63c,->,313d1fcf-fdf6-4e4e-85aa-8fcea532cc34,javax/swing/GroupLayout$SequentialGroup.java,addGroup
313d1fcf-fdf6-4e4e-85aa-8fcea532cc34,957e01c8-ce4c-4bba-a3cf-f3b3ed80b890,0c83cdc0-53d9-4d45-9a6f-5d4e7254d63c,->,313d1fcf-fdf6-4e4e-85aa-8fcea532cc34,javax/swing/GroupLayout$SequentialGroup.java,addGap
313d1fcf-fdf6-4e4e-85aa-8fcea532cc34,957e01c8-ce4c-4bba-a3cf-f3b3ed80b890,0c83cdc0-53d9-4d45-9a6f-5d4e7254d63c,->,313d1fcf-fdf6-4e4e-85aa-8fcea532cc34,javax/swing/GroupLayout$SequentialGroup.java,addComponent
313d1fcf-fdf6-4e4e-85aa-8fcea532cc34,957e01c8-ce4c-4bba-a3cf-f3b3ed80b890,0c83cdc0-53d9-4d45-9a6f-5d4e7254d63c,->,313d1fcf-fdf6-4e4e-85aa-8fcea532cc34,javax/swing/GroupLayout$SequentialGroup.java,addContainerGap
313d1fcf-fdf6-4e4e-85aa-8fcea532cc34,957e01c8-ce4c-4bba-a3cf-f3b3ed80b890,0c83cdc0-53d9-4d45-9a6f-5d4e7254d63c,->,313d1fcf-fdf6-4e4e-85aa-8fcea532cc34,javax/swing/GroupLayout$ParallelGroup.java,addGroup
313d1fcf-fdf6-4e4e-85aa-8fcea532cc34,957e01c8-ce4c-4bba-a3cf-f3b3ed80b890,0c83cdc0-53d9-4d45-9a6f-5d4e7254d63c,->,313d1fcf-fdf6-4e4e-85aa-8fcea532cc34,javax/swing/GroupLayout.java,setVerticalGroup
313d1fcf-fdf6-4e4e-85aa-8fcea532cc34,957e01c8-ce4c-4bba-a3cf-f3b3ed80b890,0c83cdc0-53d9-4d45-9a6f-5d4e7254d63c,->,313d1fcf-fdf6-4e4e-85aa-8fcea532cc34,grafica/PosicionarBarcos.java,pack
313d1fcf-fdf6-4e4e-85aa-8fcea532cc34,957e01c8-ce4c-4bba-a3cf-f3b3ed80b890,918b4df9-398a-4e31-8078-262570334cd7,->,313d1fcf-fdf6-4e4e-85aa-8fcea532cc34,grafica/PosicionarBarcos.java,dispose
313d1fcf-fdf6-4e4e-85aa-8fcea532cc34,957e01c8-ce4c-4bba-a3cf-f3b3ed80b890,ed561105-75c4-42d2-a1d3-bf66bf71f07f,->,313d1fcf-fdf6-4e4e-85aa-8fcea532cc34,javax/swing/JTextField.java,getText
313d1fcf-fdf6-4e4e-85aa-8fcea532cc34,957e01c8-ce4c-4bba-a3cf-f3b3ed80b890,ed561105-75c4-42d2-a1d3-bf66bf71f07f,->,313d1fcf-fdf6-4e4e-85aa-8fcea532cc34,java/lang/Integer.java,parseInt
313d1fcf-fdf6-4e4e-85aa-8fcea532cc34,957e01c8-ce4c-4bba-a3cf-f3b3ed80b890,ed561105-75c4-42d2-a1d3-bf66bf71f07f,->,313d1fcf-fdf6-4e4e-85aa-8fcea532cc34,javax/swing/JTextField.java,getText
313d1fcf-fdf6-4e4e-85aa-8fcea532cc34,957e01c8-ce4c-4bba-a3cf-f3b3ed80b890,ed561105-75c4-42d2-a1d3-bf66bf71f07f,->,313d1fcf-fdf6-4e4e-85aa-8fcea532cc34,java/lang/Integer.java,parseInt
313d1fcf-fdf6-4e4e-85aa-8fcea532cc34,957e01c8-ce4c-4bba-a3cf-f3b3ed80b890,ed561105-75c4-42d2-a1d3-bf66bf71f07f,->,313d1fcf-fdf6-4e4e-85aa-8fcea532cc34,javax/swing/JTextField.java,getText
313d1fcf-fdf6-4e4e-85aa-8fcea532cc34,957e01c8-ce4c-4bba-a3cf-f3b3ed80b890,ed561105-75c4-42d2-a1d3-bf66bf71f07f,->,313d1fcf-fdf6-4e4e-85aa-8fcea532cc34,java/lang/Integer.java,parseInt
313d1fcf-fdf6-4e4e-85aa-8fcea532cc34,957e01c8-ce4c-4bba-a3cf-f3b3ed80b890,ed561105-75c4-42d2-a1d3-bf66bf71f07f,->,313d1fcf-fdf6-4e4e-85aa-8fcea532cc34,javax/swing/JTextField.java,getText
313d1fcf-fdf6-4e4e-85aa-8fcea532cc34,957e01c8-ce4c-4bba-a3cf-f3b3ed80b890,ed561105-75c4-42d2-a1d3-bf66bf71f07f,->,313d1fcf-fdf6-4e4e-85aa-8fcea532cc34,java/lang/Integer.java,parseInt
313d1fcf-fdf6-4e4e-85aa-8fcea532cc34,957e01c8-ce4c-4bba-a3cf-f3b3ed80b890,ed561105-75c4-42d2-a1d3-bf66bf71f07f,->,313d1fcf-fdf6-4e4e-85aa-8fcea532cc34,javax/swing/JOptionPane.java,showMessageDialog
313d1fcf-fdf6-4e4e-85aa-8fcea532cc34,957e01c8-ce4c-4bba-a3cf-f3b3ed80b890,ed561105-75c4-42d2-a1d3-bf66bf71f07f,->,313d1fcf-fdf6-4e4e-85aa-8fcea532cc34,javax/swing/JOptionPane.java,showMessageDialog
313d1fcf-fdf6-4e4e-85aa-8fcea532cc34,957e01c8-ce4c-4bba-a3cf-f3b3ed80b890,ed561105-75c4-42d2-a1d3-bf66bf71f07f,->,313d1fcf-fdf6-4e4e-85aa-8fcea532cc34,javax/swing/JOptionPane.java,showMessageDialog
313d1fcf-fdf6-4e4e-85aa-8fcea532cc34,957e01c8-ce4c-4bba-a3cf-f3b3ed80b890,ed561105-75c4-42d2-a1d3-bf66bf71f07f,->,313d1fcf-fdf6-4e4e-85aa-8fcea532cc34,javax/swing/JTextField.java,getText
313d1fcf-fdf6-4e4e-85aa-8fcea532cc34,957e01c8-ce4c-4bba-a3cf-f3b3ed80b890,ed561105-75c4-42d2-a1d3-bf66bf71f07f,->,313d1fcf-fdf6-4e4e-85aa-8fcea532cc34,java/lang/Integer.java,parseInt
313d1fcf-fdf6-4e4e-85aa-8fcea532cc34,957e01c8-ce4c-4bba-a3cf-f3b3ed80b890,ed561105-75c4-42d2-a1d3-bf66bf71f07f,->,313d1fcf-fdf6-4e4e-85aa-8fcea532cc34,javax/swing/JTextField.java,getText
313d1fcf-fdf6-4e4e-85aa-8fcea532cc34,957e01c8-ce4c-4bba-a3cf-f3b3ed80b890,ed561105-75c4-42d2-a1d3-bf66bf71f07f,->,313d1fcf-fdf6-4e4e-85aa-8fcea532cc34,java/lang/Integer.java,parseInt
313d1fcf-fdf6-4e4e-85aa-8fcea532cc34,957e01c8-ce4c-4bba-a3cf-f3b3ed80b890,ed561105-75c4-42d2-a1d3-bf66bf71f07f,->,313d1fcf-fdf6-4e4e-85aa-8fcea532cc34,a658b42d-c491-45a2-bd25-15e4f750c660,949a1e96-41e1-4bb9-b368-96b896612b7c
313d1fcf-fdf6-4e4e-85aa-8fcea532cc34,957e01c8-ce4c-4bba-a3cf-f3b3ed80b890,ed561105-75c4-42d2-a1d3-bf66bf71f07f,->,313d1fcf-fdf6-4e4e-85aa-8fcea532cc34,javax/swing/JButton.java,setEnabled
313d1fcf-fdf6-4e4e-85aa-8fcea532cc34,957e01c8-ce4c-4bba-a3cf-f3b3ed80b890,ed561105-75c4-42d2-a1d3-bf66bf71f07f,->,313d1fcf-fdf6-4e4e-85aa-8fcea532cc34,javax/swing/JButton.java,setEnabled
313d1fcf-fdf6-4e4e-85aa-8fcea532cc34,957e01c8-ce4c-4bba-a3cf-f3b3ed80b890,ed561105-75c4-42d2-a1d3-bf66bf71f07f,->,313d1fcf-fdf6-4e4e-85aa-8fcea532cc34,javax/swing/JPanel.java,setBackground
313d1fcf-fdf6-4e4e-85aa-8fcea532cc34,957e01c8-ce4c-4bba-a3cf-f3b3ed80b890,ed561105-75c4-42d2-a1d3-bf66bf71f07f,->,313d1fcf-fdf6-4e4e-85aa-8fcea532cc34,java/lang/Object.java,getClass
313d1fcf-fdf6-4e4e-85aa-8fcea532cc34,957e01c8-ce4c-4bba-a3cf-f3b3ed80b890,ed561105-75c4-42d2-a1d3-bf66bf71f07f,->,313d1fcf-fdf6-4e4e-85aa-8fcea532cc34,java/lang/Class.java,getResource
313d1fcf-fdf6-4e4e-85aa-8fcea532cc34,957e01c8-ce4c-4bba-a3cf-f3b3ed80b890,ed561105-75c4-42d2-a1d3-bf66bf71f07f,->,313d1fcf-fdf6-4e4e-85aa-8fcea532cc34,javax/swing/JLabel.java,setIcon
313d1fcf-fdf6-4e4e-85aa-8fcea532cc34,957e01c8-ce4c-4bba-a3cf-f3b3ed80b890,ed561105-75c4-42d2-a1d3-bf66bf71f07f,->,313d1fcf-fdf6-4e4e-85aa-8fcea532cc34,javax/swing/JLabel.java,setText
313d1fcf-fdf6-4e4e-85aa-8fcea532cc34,957e01c8-ce4c-4bba-a3cf-f3b3ed80b890,ed561105-75c4-42d2-a1d3-bf66bf71f07f,->,313d1fcf-fdf6-4e4e-85aa-8fcea532cc34,javax/swing/JPanel.java,setVisible
313d1fcf-fdf6-4e4e-85aa-8fcea532cc34,957e01c8-ce4c-4bba-a3cf-f3b3ed80b890,ed561105-75c4-42d2-a1d3-bf66bf71f07f,->,313d1fcf-fdf6-4e4e-85aa-8fcea532cc34,a658b42d-c491-45a2-bd25-15e4f750c660,9a5825e2-2088-414c-afef-dda6805fcea8
313d1fcf-fdf6-4e4e-85aa-8fcea532cc34,957e01c8-ce4c-4bba-a3cf-f3b3ed80b890,ed561105-75c4-42d2-a1d3-bf66bf71f07f,->,313d1fcf-fdf6-4e4e-85aa-8fcea532cc34,24f48b54-d614-438c-8c1e-cbb4b472c5fe,dd59046f-eb71-468e-a915-da1fbcc137d2
313d1fcf-fdf6-4e4e-85aa-8fcea532cc34,957e01c8-ce4c-4bba-a3cf-f3b3ed80b890,ed561105-75c4-42d2-a1d3-bf66bf71f07f,->,313d1fcf-fdf6-4e4e-85aa-8fcea532cc34,javax/swing/JButton.java,setText
313d1fcf-fdf6-4e4e-85aa-8fcea532cc34,957e01c8-ce4c-4bba-a3cf-f3b3ed80b890,ed561105-75c4-42d2-a1d3-bf66bf71f07f,->,313d1fcf-fdf6-4e4e-85aa-8fcea532cc34,java/lang/Object.java,getClass
313d1fcf-fdf6-4e4e-85aa-8fcea532cc34,957e01c8-ce4c-4bba-a3cf-f3b3ed80b890,ed561105-75c4-42d2-a1d3-bf66bf71f07f,->,313d1fcf-fdf6-4e4e-85aa-8fcea532cc34,java/lang/Class.java,getResource
313d1fcf-fdf6-4e4e-85aa-8fcea532cc34,957e01c8-ce4c-4bba-a3cf-f3b3ed80b890,ed561105-75c4-42d2-a1d3-bf66bf71f07f,->,313d1fcf-fdf6-4e4e-85aa-8fcea532cc34,javax/swing/JButton.java,setIcon
313d1fcf-fdf6-4e4e-85aa-8fcea532cc34,957e01c8-ce4c-4bba-a3cf-f3b3ed80b890,ed561105-75c4-42d2-a1d3-bf66bf71f07f,->,313d1fcf-fdf6-4e4e-85aa-8fcea532cc34,javax/swing/JPanel.java,setBackground
313d1fcf-fdf6-4e4e-85aa-8fcea532cc34,957e01c8-ce4c-4bba-a3cf-f3b3ed80b890,ed561105-75c4-42d2-a1d3-bf66bf71f07f,->,313d1fcf-fdf6-4e4e-85aa-8fcea532cc34,java/lang/Object.java,getClass
313d1fcf-fdf6-4e4e-85aa-8fcea532cc34,957e01c8-ce4c-4bba-a3cf-f3b3ed80b890,ed561105-75c4-42d2-a1d3-bf66bf71f07f,->,313d1fcf-fdf6-4e4e-85aa-8fcea532cc34,java/lang/Class.java,getResource
313d1fcf-fdf6-4e4e-85aa-8fcea532cc34,957e01c8-ce4c-4bba-a3cf-f3b3ed80b890,ed561105-75c4-42d2-a1d3-bf66bf71f07f,->,313d1fcf-fdf6-4e4e-85aa-8fcea532cc34,javax/swing/JLabel.java,setIcon
313d1fcf-fdf6-4e4e-85aa-8fcea532cc34,957e01c8-ce4c-4bba-a3cf-f3b3ed80b890,ed561105-75c4-42d2-a1d3-bf66bf71f07f,->,313d1fcf-fdf6-4e4e-85aa-8fcea532cc34,javax/swing/JLabel.java,setText
313d1fcf-fdf6-4e4e-85aa-8fcea532cc34,957e01c8-ce4c-4bba-a3cf-f3b3ed80b890,ed561105-75c4-42d2-a1d3-bf66bf71f07f,->,313d1fcf-fdf6-4e4e-85aa-8fcea532cc34,javax/swing/JButton.java,setEnabled
313d1fcf-fdf6-4e4e-85aa-8fcea532cc34,957e01c8-ce4c-4bba-a3cf-f3b3ed80b890,ed561105-75c4-42d2-a1d3-bf66bf71f07f,->,313d1fcf-fdf6-4e4e-85aa-8fcea532cc34,0707f5cf-683f-4642-b7bb-1bd95e11adca,dd7cdfab-16a9-442e-ad39-faebf9bb587b
313d1fcf-fdf6-4e4e-85aa-8fcea532cc34,957e01c8-ce4c-4bba-a3cf-f3b3ed80b890,ed561105-75c4-42d2-a1d3-bf66bf71f07f,->,313d1fcf-fdf6-4e4e-85aa-8fcea532cc34,957e01c8-ce4c-4bba-a3cf-f3b3ed80b890,4c9c6117-514b-4f02-aebc-1053ce1cb8ba
313d1fcf-fdf6-4e4e-85aa-8fcea532cc34,957e01c8-ce4c-4bba-a3cf-f3b3ed80b890,ed561105-75c4-42d2-a1d3-bf66bf71f07f,->,313d1fcf-fdf6-4e4e-85aa-8fcea532cc34,javax/swing/JPanel.java,setBackground
313d1fcf-fdf6-4e4e-85aa-8fcea532cc34,957e01c8-ce4c-4bba-a3cf-f3b3ed80b890,ed561105-75c4-42d2-a1d3-bf66bf71f07f,->,313d1fcf-fdf6-4e4e-85aa-8fcea532cc34,java/lang/Object.java,getClass
313d1fcf-fdf6-4e4e-85aa-8fcea532cc34,957e01c8-ce4c-4bba-a3cf-f3b3ed80b890,ed561105-75c4-42d2-a1d3-bf66bf71f07f,->,313d1fcf-fdf6-4e4e-85aa-8fcea532cc34,java/lang/Class.java,getResource
313d1fcf-fdf6-4e4e-85aa-8fcea532cc34,957e01c8-ce4c-4bba-a3cf-f3b3ed80b890,ed561105-75c4-42d2-a1d3-bf66bf71f07f,->,313d1fcf-fdf6-4e4e-85aa-8fcea532cc34,javax/swing/JLabel.java,setIcon
313d1fcf-fdf6-4e4e-85aa-8fcea532cc34,957e01c8-ce4c-4bba-a3cf-f3b3ed80b890,ed561105-75c4-42d2-a1d3-bf66bf71f07f,->,313d1fcf-fdf6-4e4e-85aa-8fcea532cc34,javax/swing/JLabel.java,setText
313d1fcf-fdf6-4e4e-85aa-8fcea532cc34,957e01c8-ce4c-4bba-a3cf-f3b3ed80b890,ed561105-75c4-42d2-a1d3-bf66bf71f07f,->,313d1fcf-fdf6-4e4e-85aa-8fcea532cc34,javax/swing/JButton.java,setEnabled
313d1fcf-fdf6-4e4e-85aa-8fcea532cc34,957e01c8-ce4c-4bba-a3cf-f3b3ed80b890,ed561105-75c4-42d2-a1d3-bf66bf71f07f,->,313d1fcf-fdf6-4e4e-85aa-8fcea532cc34,javax/swing/JButton.java,setEnabled
313d1fcf-fdf6-4e4e-85aa-8fcea532cc34,957e01c8-ce4c-4bba-a3cf-f3b3ed80b890,ed561105-75c4-42d2-a1d3-bf66bf71f07f,->,313d1fcf-fdf6-4e4e-85aa-8fcea532cc34,javax/swing/JPanel.java,setBackground
313d1fcf-fdf6-4e4e-85aa-8fcea532cc34,957e01c8-ce4c-4bba-a3cf-f3b3ed80b890,ed561105-75c4-42d2-a1d3-bf66bf71f07f,->,313d1fcf-fdf6-4e4e-85aa-8fcea532cc34,java/lang/Object.java,getClass
313d1fcf-fdf6-4e4e-85aa-8fcea532cc34,957e01c8-ce4c-4bba-a3cf-f3b3ed80b890,ed561105-75c4-42d2-a1d3-bf66bf71f07f,->,313d1fcf-fdf6-4e4e-85aa-8fcea532cc34,java/lang/Class.java,getResource
313d1fcf-fdf6-4e4e-85aa-8fcea532cc34,957e01c8-ce4c-4bba-a3cf-f3b3ed80b890,ed561105-75c4-42d2-a1d3-bf66bf71f07f,->,313d1fcf-fdf6-4e4e-85aa-8fcea532cc34,javax/swing/JLabel.java,setIcon
313d1fcf-fdf6-4e4e-85aa-8fcea532cc34,957e01c8-ce4c-4bba-a3cf-f3b3ed80b890,ed561105-75c4-42d2-a1d3-bf66bf71f07f,->,313d1fcf-fdf6-4e4e-85aa-8fcea532cc34,javax/swing/JLabel.java,setText
313d1fcf-fdf6-4e4e-85aa-8fcea532cc34,957e01c8-ce4c-4bba-a3cf-f3b3ed80b890,ed561105-75c4-42d2-a1d3-bf66bf71f07f,->,313d1fcf-fdf6-4e4e-85aa-8fcea532cc34,javax/swing/JButton.java,setEnabled
313d1fcf-fdf6-4e4e-85aa-8fcea532cc34,957e01c8-ce4c-4bba-a3cf-f3b3ed80b890,ed561105-75c4-42d2-a1d3-bf66bf71f07f,->,313d1fcf-fdf6-4e4e-85aa-8fcea532cc34,javax/swing/JButton.java,setEnabled
313d1fcf-fdf6-4e4e-85aa-8fcea532cc34,957e01c8-ce4c-4bba-a3cf-f3b3ed80b890,4c9c6117-514b-4f02-aebc-1053ce1cb8ba,->,313d1fcf-fdf6-4e4e-85aa-8fcea532cc34,0707f5cf-683f-4642-b7bb-1bd95e11adca,307d5071-6f67-4c47-929a-93d2d2fb9b57
313d1fcf-fdf6-4e4e-85aa-8fcea532cc34,957e01c8-ce4c-4bba-a3cf-f3b3ed80b890,4c9c6117-514b-4f02-aebc-1053ce1cb8ba,->,313d1fcf-fdf6-4e4e-85aa-8fcea532cc34,0707f5cf-683f-4642-b7bb-1bd95e11adca,307d5071-6f67-4c47-929a-93d2d2fb9b57
313d1fcf-fdf6-4e4e-85aa-8fcea532cc34,957e01c8-ce4c-4bba-a3cf-f3b3ed80b890,4c9c6117-514b-4f02-aebc-1053ce1cb8ba,->,313d1fcf-fdf6-4e4e-85aa-8fcea532cc34,0707f5cf-683f-4642-b7bb-1bd95e11adca,307d5071-6f67-4c47-929a-93d2d2fb9b57
313d1fcf-fdf6-4e4e-85aa-8fcea532cc34,957e01c8-ce4c-4bba-a3cf-f3b3ed80b890,4c9c6117-514b-4f02-aebc-1053ce1cb8ba,->,313d1fcf-fdf6-4e4e-85aa-8fcea532cc34,0707f5cf-683f-4642-b7bb-1bd95e11adca,307d5071-6f67-4c47-929a-93d2d2fb9b57
313d1fcf-fdf6-4e4e-85aa-8fcea532cc34,957e01c8-ce4c-4bba-a3cf-f3b3ed80b890,dbe89125-8ab1-4c89-9ff1-85aebdfdc49d,->,313d1fcf-fdf6-4e4e-85aa-8fcea532cc34,java/awt/Toolkit.java,getDefaultToolkit
313d1fcf-fdf6-4e4e-85aa-8fcea532cc34,957e01c8-ce4c-4bba-a3cf-f3b3ed80b890,dbe89125-8ab1-4c89-9ff1-85aebdfdc49d,->,313d1fcf-fdf6-4e4e-85aa-8fcea532cc34,java/lang/ClassLoader.java,getSystemResource
313d1fcf-fdf6-4e4e-85aa-8fcea532cc34,957e01c8-ce4c-4bba-a3cf-f3b3ed80b890,dbe89125-8ab1-4c89-9ff1-85aebdfdc49d,->,313d1fcf-fdf6-4e4e-85aa-8fcea532cc34,java/awt/Toolkit.java,getImage
313d1fcf-fdf6-4e4e-85aa-8fcea532cc34,grafica/PosicionarBarcos.java,access$000,->,313d1fcf-fdf6-4e4e-85aa-8fcea532cc34,957e01c8-ce4c-4bba-a3cf-f3b3ed80b890,ed561105-75c4-42d2-a1d3-bf66bf71f07f
313d1fcf-fdf6-4e4e-85aa-8fcea532cc34,grafica/PosicionarBarcos.java,access$100,->,313d1fcf-fdf6-4e4e-85aa-8fcea532cc34,957e01c8-ce4c-4bba-a3cf-f3b3ed80b890,918b4df9-398a-4e31-8078-262570334cd7
313d1fcf-fdf6-4e4e-85aa-8fcea532cc34,grafica/LoginFrame$3.java,run,->,313d1fcf-fdf6-4e4e-85aa-8fcea532cc34,grafica/LoginFrame.java,setVisible
313d1fcf-fdf6-4e4e-85aa-8fcea532cc34,grafica/MainGame$9.java,actionPerformed,->,313d1fcf-fdf6-4e4e-85aa-8fcea532cc34,grafica/MainGame.java,access$300
313d1fcf-fdf6-4e4e-85aa-8fcea532cc34,grafica/PosicionarBarcos$4.java,actionPerformed,->,313d1fcf-fdf6-4e4e-85aa-8fcea532cc34,grafica/PosicionarBarcos.java,access$100
313d1fcf-fdf6-4e4e-85aa-8fcea532cc34,grafica/FinPerdiste$1.java,actionPerformed,->,313d1fcf-fdf6-4e4e-85aa-8fcea532cc34,grafica/FinPerdiste.java,access$000
313d1fcf-fdf6-4e4e-85aa-8fcea532cc34,grafica/PosicionarBarcos$2.java,keyTyped,->,313d1fcf-fdf6-4e4e-85aa-8fcea532cc34,java/awt/event/KeyEvent.java,getKeyChar
313d1fcf-fdf6-4e4e-85aa-8fcea532cc34,grafica/PosicionarBarcos$2.java,keyTyped,->,313d1fcf-fdf6-4e4e-85aa-8fcea532cc34,java/awt/event/KeyEvent.java,consume
313d1fcf-fdf6-4e4e-85aa-8fcea532cc34,grafica/MainGame$11.java,actionPerformed,->,313d1fcf-fdf6-4e4e-85aa-8fcea532cc34,grafica/MainGame.java,access$500
313d1fcf-fdf6-4e4e-85aa-8fcea532cc34,grafica/MainGame$7.java,actionPerformed,->,313d1fcf-fdf6-4e4e-85aa-8fcea532cc34,grafica/MainGame.java,access$100
313d1fcf-fdf6-4e4e-85aa-8fcea532cc34,grafica/MainGame$14.java,actionPerformed,->,313d1fcf-fdf6-4e4e-85aa-8fcea532cc34,grafica/MainGame.java,access$800
313d1fcf-fdf6-4e4e-85aa-8fcea532cc34,grafica/MainGame$13.java,actionPerformed,->,313d1fcf-fdf6-4e4e-85aa-8fcea532cc34,grafica/MainGame.java,access$700
313d1fcf-fdf6-4e4e-85aa-8fcea532cc34,grafica/PosicionarBarcos$3.java,actionPerformed,->,313d1fcf-fdf6-4e4e-85aa-8fcea532cc34,grafica/PosicionarBarcos.java,access$000
313d1fcf-fdf6-4e4e-85aa-8fcea532cc34,grafica/FinGanar$1.java,actionPerformed,->,313d1fcf-fdf6-4e4e-85aa-8fcea532cc34,grafica/FinGanar.java,access$000
313d1fcf-fdf6-4e4e-85aa-8fcea532cc34,grafica/MainGame$12.java,actionPerformed,->,313d1fcf-fdf6-4e4e-85aa-8fcea532cc34,grafica/MainGame.java,access$600
313d1fcf-fdf6-4e4e-85aa-8fcea532cc34,grafica/MainGame$10.java,actionPerformed,->,313d1fcf-fdf6-4e4e-85aa-8fcea532cc34,grafica/MainGame.java,access$400
313d1fcf-fdf6-4e4e-85aa-8fcea532cc34,grafica/MainGame$25.java,actionPerformed,->,313d1fcf-fdf6-4e4e-85aa-8fcea532cc34,grafica/MainGame.java,access$1800
313d1fcf-fdf6-4e4e-85aa-8fcea532cc34,64537fe9-9b7d-435f-bcd6-06af8b28874d,ae381d98-8d3c-478f-9211-22dc126dd692,->,313d1fcf-fdf6-4e4e-85aa-8fcea532cc34,grafica/Login.java,getSize
313d1fcf-fdf6-4e4e-85aa-8fcea532cc34,64537fe9-9b7d-435f-bcd6-06af8b28874d,ae381d98-8d3c-478f-9211-22dc126dd692,->,313d1fcf-fdf6-4e4e-85aa-8fcea532cc34,java/lang/Object.java,getClass
313d1fcf-fdf6-4e4e-85aa-8fcea532cc34,64537fe9-9b7d-435f-bcd6-06af8b28874d,ae381d98-8d3c-478f-9211-22dc126dd692,->,313d1fcf-fdf6-4e4e-85aa-8fcea532cc34,java/lang/Class.java,getResource
313d1fcf-fdf6-4e4e-85aa-8fcea532cc34,64537fe9-9b7d-435f-bcd6-06af8b28874d,ae381d98-8d3c-478f-9211-22dc126dd692,->,313d1fcf-fdf6-4e4e-85aa-8fcea532cc34,javax/swing/ImageIcon.java,getImage
313d1fcf-fdf6-4e4e-85aa-8fcea532cc34,64537fe9-9b7d-435f-bcd6-06af8b28874d,ae381d98-8d3c-478f-9211-22dc126dd692,->,313d1fcf-fdf6-4e4e-85aa-8fcea532cc34,java/awt/Graphics.java,drawImage
313d1fcf-fdf6-4e4e-85aa-8fcea532cc34,64537fe9-9b7d-435f-bcd6-06af8b28874d,ae381d98-8d3c-478f-9211-22dc126dd692,->,313d1fcf-fdf6-4e4e-85aa-8fcea532cc34,grafica/Login.java,setOpaque
313d1fcf-fdf6-4e4e-85aa-8fcea532cc34,64537fe9-9b7d-435f-bcd6-06af8b28874d,ae381d98-8d3c-478f-9211-22dc126dd692,->,313d1fcf-fdf6-4e4e-85aa-8fcea532cc34,javax/swing/JPanel.java,paintComponent
313d1fcf-fdf6-4e4e-85aa-8fcea532cc34,grafica/LoginFrame$2.java,actionPerformed,->,313d1fcf-fdf6-4e4e-85aa-8fcea532cc34,grafica/LoginFrame.java,access$100
313d1fcf-fdf6-4e4e-85aa-8fcea532cc34,grafica/LoginFrame$1.java,actionPerformed,->,313d1fcf-fdf6-4e4e-85aa-8fcea532cc34,grafica/LoginFrame.java,access$000
313d1fcf-fdf6-4e4e-85aa-8fcea532cc34,e8ffb9e8-6221-4729-9ac0-5a108041f3b8,6ebbc770-96d8-4e23-a09d-07a907987ec2,->,313d1fcf-fdf6-4e4e-85aa-8fcea532cc34,grafica/fondoFin.java,getSize
313d1fcf-fdf6-4e4e-85aa-8fcea532cc34,e8ffb9e8-6221-4729-9ac0-5a108041f3b8,6ebbc770-96d8-4e23-a09d-07a907987ec2,->,313d1fcf-fdf6-4e4e-85aa-8fcea532cc34,java/lang/Object.java,getClass
313d1fcf-fdf6-4e4e-85aa-8fcea532cc34,e8ffb9e8-6221-4729-9ac0-5a108041f3b8,6ebbc770-96d8-4e23-a09d-07a907987ec2,->,313d1fcf-fdf6-4e4e-85aa-8fcea532cc34,java/lang/Class.java,getResource
313d1fcf-fdf6-4e4e-85aa-8fcea532cc34,e8ffb9e8-6221-4729-9ac0-5a108041f3b8,6ebbc770-96d8-4e23-a09d-07a907987ec2,->,313d1fcf-fdf6-4e4e-85aa-8fcea532cc34,javax/swing/ImageIcon.java,getImage
313d1fcf-fdf6-4e4e-85aa-8fcea532cc34,e8ffb9e8-6221-4729-9ac0-5a108041f3b8,6ebbc770-96d8-4e23-a09d-07a907987ec2,->,313d1fcf-fdf6-4e4e-85aa-8fcea532cc34,java/awt/Graphics.java,drawImage
313d1fcf-fdf6-4e4e-85aa-8fcea532cc34,e8ffb9e8-6221-4729-9ac0-5a108041f3b8,6ebbc770-96d8-4e23-a09d-07a907987ec2,->,313d1fcf-fdf6-4e4e-85aa-8fcea532cc34,grafica/fondoFin.java,setOpaque
313d1fcf-fdf6-4e4e-85aa-8fcea532cc34,e8ffb9e8-6221-4729-9ac0-5a108041f3b8,6ebbc770-96d8-4e23-a09d-07a907987ec2,->,313d1fcf-fdf6-4e4e-85aa-8fcea532cc34,javax/swing/JPanel.java,paintComponent
313d1fcf-fdf6-4e4e-85aa-8fcea532cc34,e8ffb9e8-6221-4729-9ac0-5a108041f3b8,75cecd42-1344-44ae-bb9c-86bb413511a2,->,313d1fcf-fdf6-4e4e-85aa-8fcea532cc34,grafica/fondoFin.java,setLayout
313d1fcf-fdf6-4e4e-85aa-8fcea532cc34,e8ffb9e8-6221-4729-9ac0-5a108041f3b8,75cecd42-1344-44ae-bb9c-86bb413511a2,->,313d1fcf-fdf6-4e4e-85aa-8fcea532cc34,javax/swing/GroupLayout.java,createParallelGroup
313d1fcf-fdf6-4e4e-85aa-8fcea532cc34,e8ffb9e8-6221-4729-9ac0-5a108041f3b8,75cecd42-1344-44ae-bb9c-86bb413511a2,->,313d1fcf-fdf6-4e4e-85aa-8fcea532cc34,javax/swing/GroupLayout$ParallelGroup.java,addGap
313d1fcf-fdf6-4e4e-85aa-8fcea532cc34,e8ffb9e8-6221-4729-9ac0-5a108041f3b8,75cecd42-1344-44ae-bb9c-86bb413511a2,->,313d1fcf-fdf6-4e4e-85aa-8fcea532cc34,javax/swing/GroupLayout.java,setHorizontalGroup
313d1fcf-fdf6-4e4e-85aa-8fcea532cc34,e8ffb9e8-6221-4729-9ac0-5a108041f3b8,75cecd42-1344-44ae-bb9c-86bb413511a2,->,313d1fcf-fdf6-4e4e-85aa-8fcea532cc34,javax/swing/GroupLayout.java,createParallelGroup
313d1fcf-fdf6-4e4e-85aa-8fcea532cc34,e8ffb9e8-6221-4729-9ac0-5a108041f3b8,75cecd42-1344-44ae-bb9c-86bb413511a2,->,313d1fcf-fdf6-4e4e-85aa-8fcea532cc34,javax/swing/GroupLayout$ParallelGroup.java,addGap
313d1fcf-fdf6-4e4e-85aa-8fcea532cc34,e8ffb9e8-6221-4729-9ac0-5a108041f3b8,75cecd42-1344-44ae-bb9c-86bb413511a2,->,313d1fcf-fdf6-4e4e-85aa-8fcea532cc34,javax/swing/GroupLayout.java,setVerticalGroup
313d1fcf-fdf6-4e4e-85aa-8fcea532cc34,grafica/MainGame$23.java,actionPerformed,->,313d1fcf-fdf6-4e4e-85aa-8fcea532cc34,grafica/MainGame.java,access$1600
313d1fcf-fdf6-4e4e-85aa-8fcea532cc34,0707f5cf-683f-4642-b7bb-1bd95e11adca,7b93b556-7392-4ee7-91fe-7ca6c4ef1642,->,313d1fcf-fdf6-4e4e-85aa-8fcea532cc34,grafica/MainGame.java,setDefaultCloseOperation
313d1fcf-fdf6-4e4e-85aa-8fcea532cc34,0707f5cf-683f-4642-b7bb-1bd95e11adca,7b93b556-7392-4ee7-91fe-7ca6c4ef1642,->,313d1fcf-fdf6-4e4e-85aa-8fcea532cc34,grafica/MainGame.java,setTitle
313d1fcf-fdf6-4e4e-85aa-8fcea532cc34,0707f5cf-683f-4642-b7bb-1bd95e11adca,7b93b556-7392-4ee7-91fe-7ca6c4ef1642,->,313d1fcf-fdf6-4e4e-85aa-8fcea532cc34,grafica/MainGame.java,setBackground
313d1fcf-fdf6-4e4e-85aa-8fcea532cc34,0707f5cf-683f-4642-b7bb-1bd95e11adca,7b93b556-7392-4ee7-91fe-7ca6c4ef1642,->,313d1fcf-fdf6-4e4e-85aa-8fcea532cc34,0707f5cf-683f-4642-b7bb-1bd95e11adca,128c99bd-c4a4-48b7-a1b9-4257174f0922
313d1fcf-fdf6-4e4e-85aa-8fcea532cc34,0707f5cf-683f-4642-b7bb-1bd95e11adca,7b93b556-7392-4ee7-91fe-7ca6c4ef1642,->,313d1fcf-fdf6-4e4e-85aa-8fcea532cc34,grafica/MainGame.java,setIconImage
313d1fcf-fdf6-4e4e-85aa-8fcea532cc34,0707f5cf-683f-4642-b7bb-1bd95e11adca,7b93b556-7392-4ee7-91fe-7ca6c4ef1642,->,313d1fcf-fdf6-4e4e-85aa-8fcea532cc34,grafica/MainGame.java,setResizable
313d1fcf-fdf6-4e4e-85aa-8fcea532cc34,0707f5cf-683f-4642-b7bb-1bd95e11adca,7b93b556-7392-4ee7-91fe-7ca6c4ef1642,->,313d1fcf-fdf6-4e4e-85aa-8fcea532cc34,javax/swing/JList.java,setFont
313d1fcf-fdf6-4e4e-85aa-8fcea532cc34,0707f5cf-683f-4642-b7bb-1bd95e11adca,7b93b556-7392-4ee7-91fe-7ca6c4ef1642,->,313d1fcf-fdf6-4e4e-85aa-8fcea532cc34,javax/swing/JList.java,setModel
313d1fcf-fdf6-4e4e-85aa-8fcea532cc34,0707f5cf-683f-4642-b7bb-1bd95e11adca,7b93b556-7392-4ee7-91fe-7ca6c4ef1642,->,313d1fcf-fdf6-4e4e-85aa-8fcea532cc34,javax/swing/JScrollPane.java,setViewportView
313d1fcf-fdf6-4e4e-85aa-8fcea532cc34,0707f5cf-683f-4642-b7bb-1bd95e11adca,7b93b556-7392-4ee7-91fe-7ca6c4ef1642,->,313d1fcf-fdf6-4e4e-85aa-8fcea532cc34,javax/swing/JLabel.java,setFont
313d1fcf-fdf6-4e4e-85aa-8fcea532cc34,0707f5cf-683f-4642-b7bb-1bd95e11adca,7b93b556-7392-4ee7-91fe-7ca6c4ef1642,->,313d1fcf-fdf6-4e4e-85aa-8fcea532cc34,javax/swing/JLabel.java,setText
313d1fcf-fdf6-4e4e-85aa-8fcea532cc34,0707f5cf-683f-4642-b7bb-1bd95e11adca,7b93b556-7392-4ee7-91fe-7ca6c4ef1642,->,313d1fcf-fdf6-4e4e-85aa-8fcea532cc34,javax/swing/JLabel.java,setFont
313d1fcf-fdf6-4e4e-85aa-8fcea532cc34,0707f5cf-683f-4642-b7bb-1bd95e11adca,7b93b556-7392-4ee7-91fe-7ca6c4ef1642,->,313d1fcf-fdf6-4e4e-85aa-8fcea532cc34,javax/swing/JLabel.java,setText
313d1fcf-fdf6-4e4e-85aa-8fcea532cc34,0707f5cf-683f-4642-b7bb-1bd95e11adca,7b93b556-7392-4ee7-91fe-7ca6c4ef1642,->,313d1fcf-fdf6-4e4e-85aa-8fcea532cc34,javax/swing/JTabbedPane.java,setFocusable
313d1fcf-fdf6-4e4e-85aa-8fcea532cc34,0707f5cf-683f-4642-b7bb-1bd95e11adca,7b93b556-7392-4ee7-91fe-7ca6c4ef1642,->,313d1fcf-fdf6-4e4e-85aa-8fcea532cc34,javax/swing/JTabbedPane.java,setFont
313d1fcf-fdf6-4e4e-85aa-8fcea532cc34,0707f5cf-683f-4642-b7bb-1bd95e11adca,7b93b556-7392-4ee7-91fe-7ca6c4ef1642,->,313d1fcf-fdf6-4e4e-85aa-8fcea532cc34,javax/swing/JLabel.java,setFont
313d1fcf-fdf6-4e4e-85aa-8fcea532cc34,0707f5cf-683f-4642-b7bb-1bd95e11adca,7b93b556-7392-4ee7-91fe-7ca6c4ef1642,->,313d1fcf-fdf6-4e4e-85aa-8fcea532cc34,java/lang/Object.java,getClass
313d1fcf-fdf6-4e4e-85aa-8fcea532cc34,0707f5cf-683f-4642-b7bb-1bd95e11adca,7b93b556-7392-4ee7-91fe-7ca6c4ef1642,->,313d1fcf-fdf6-4e4e-85aa-8fcea532cc34,java/lang/Class.java,getResource
313d1fcf-fdf6-4e4e-85aa-8fcea532cc34,0707f5cf-683f-4642-b7bb-1bd95e11adca,7b93b556-7392-4ee7-91fe-7ca6c4ef1642,->,313d1fcf-fdf6-4e4e-85aa-8fcea532cc34,javax/swing/JLabel.java,setIcon
313d1fcf-fdf6-4e4e-85aa-8fcea532cc34,0707f5cf-683f-4642-b7bb-1bd95e11adca,7b93b556-7392-4ee7-91fe-7ca6c4ef1642,->,313d1fcf-fdf6-4e4e-85aa-8fcea532cc34,javax/swing/JLabel.java,setText
313d1fcf-fdf6-4e4e-85aa-8fcea532cc34,0707f5cf-683f-4642-b7bb-1bd95e11adca,7b93b556-7392-4ee7-91fe-7ca6c4ef1642,->,313d1fcf-fdf6-4e4e-85aa-8fcea532cc34,javax/swing/JLabel.java,setFont
313d1fcf-fdf6-4e4e-85aa-8fcea532cc34,0707f5cf-683f-4642-b7bb-1bd95e11adca,7b93b556-7392-4ee7-91fe-7ca6c4ef1642,->,313d1fcf-fdf6-4e4e-85aa-8fcea532cc34,javax/swing/JLabel.java,setText
313d1fcf-fdf6-4e4e-85aa-8fcea532cc34,0707f5cf-683f-4642-b7bb-1bd95e11adca,7b93b556-7392-4ee7-91fe-7ca6c4ef1642,->,313d1fcf-fdf6-4e4e-85aa-8fcea532cc34,javax/swing/JLabel.java,setFont
313d1fcf-fdf6-4e4e-85aa-8fcea532cc34,0707f5cf-683f-4642-b7bb-1bd95e11adca,7b93b556-7392-4ee7-91fe-7ca6c4ef1642,->,313d1fcf-fdf6-4e4e-85aa-8fcea532cc34,javax/swing/JLabel.java,setText
313d1fcf-fdf6-4e4e-85aa-8fcea532cc34,0707f5cf-683f-4642-b7bb-1bd95e11adca,7b93b556-7392-4ee7-91fe-7ca6c4ef1642,->,313d1fcf-fdf6-4e4e-85aa-8fcea532cc34,javax/swing/JLabel.java,setFont
313d1fcf-fdf6-4e4e-85aa-8fcea532cc34,0707f5cf-683f-4642-b7bb-1bd95e11adca,7b93b556-7392-4ee7-91fe-7ca6c4ef1642,->,313d1fcf-fdf6-4e4e-85aa-8fcea532cc34,javax/swing/JLabel.java,setText
313d1fcf-fdf6-4e4e-85aa-8fcea532cc34,0707f5cf-683f-4642-b7bb-1bd95e11adca,7b93b556-7392-4ee7-91fe-7ca6c4ef1642,->,313d1fcf-fdf6-4e4e-85aa-8fcea532cc34,javax/swing/JLabel.java,setFont
313d1fcf-fdf6-4e4e-85aa-8fcea532cc34,0707f5cf-683f-4642-b7bb-1bd95e11adca,7b93b556-7392-4ee7-91fe-7ca6c4ef1642,->,313d1fcf-fdf6-4e4e-85aa-8fcea532cc34,javax/swing/JLabel.java,setText
313d1fcf-fdf6-4e4e-85aa-8fcea532cc34,0707f5cf-683f-4642-b7bb-1bd95e11adca,7b93b556-7392-4ee7-91fe-7ca6c4ef1642,->,313d1fcf-fdf6-4e4e-85aa-8fcea532cc34,javax/swing/JLabel.java,setFont
313d1fcf-fdf6-4e4e-85aa-8fcea532cc34,0707f5cf-683f-4642-b7bb-1bd95e11adca,7b93b556-7392-4ee7-91fe-7ca6c4ef1642,->,313d1fcf-fdf6-4e4e-85aa-8fcea532cc34,javax/swing/JLabel.java,setText
313d1fcf-fdf6-4e4e-85aa-8fcea532cc34,0707f5cf-683f-4642-b7bb-1bd95e11adca,7b93b556-7392-4ee7-91fe-7ca6c4ef1642,->,313d1fcf-fdf6-4e4e-85aa-8fcea532cc34,javax/swing/JLabel.java,setFont
313d1fcf-fdf6-4e4e-85aa-8fcea532cc34,0707f5cf-683f-4642-b7bb-1bd95e11adca,7b93b556-7392-4ee7-91fe-7ca6c4ef1642,->,313d1fcf-fdf6-4e4e-85aa-8fcea532cc34,javax/swing/JLabel.java,setText
313d1fcf-fdf6-4e4e-85aa-8fcea532cc34,0707f5cf-683f-4642-b7bb-1bd95e11adca,7b93b556-7392-4ee7-91fe-7ca6c4ef1642,->,313d1fcf-fdf6-4e4e-85aa-8fcea532cc34,javax/swing/JLabel.java,setFont
313d1fcf-fdf6-4e4e-85aa-8fcea532cc34,0707f5cf-683f-4642-b7bb-1bd95e11adca,7b93b556-7392-4ee7-91fe-7ca6c4ef1642,->,313d1fcf-fdf6-4e4e-85aa-8fcea532cc34,javax/swing/JLabel.java,setText
313d1fcf-fdf6-4e4e-85aa-8fcea532cc34,0707f5cf-683f-4642-b7bb-1bd95e11adca,7b93b556-7392-4ee7-91fe-7ca6c4ef1642,->,313d1fcf-fdf6-4e4e-85aa-8fcea532cc34,javax/swing/JLabel.java,setFont
313d1fcf-fdf6-4e4e-85aa-8fcea532cc34,0707f5cf-683f-4642-b7bb-1bd95e11adca,7b93b556-7392-4ee7-91fe-7ca6c4ef1642,->,313d1fcf-fdf6-4e4e-85aa-8fcea532cc34,javax/swing/JLabel.java,setText
313d1fcf-fdf6-4e4e-85aa-8fcea532cc34,0707f5cf-683f-4642-b7bb-1bd95e11adca,7b93b556-7392-4ee7-91fe-7ca6c4ef1642,->,313d1fcf-fdf6-4e4e-85aa-8fcea532cc34,javax/swing/JButton.java,setFont
313d1fcf-fdf6-4e4e-85aa-8fcea532cc34,0707f5cf-683f-4642-b7bb-1bd95e11adca,7b93b556-7392-4ee7-91fe-7ca6c4ef1642,->,313d1fcf-fdf6-4e4e-85aa-8fcea532cc34,java/lang/Object.java,getClass
313d1fcf-fdf6-4e4e-85aa-8fcea532cc34,0707f5cf-683f-4642-b7bb-1bd95e11adca,7b93b556-7392-4ee7-91fe-7ca6c4ef1642,->,313d1fcf-fdf6-4e4e-85aa-8fcea532cc34,java/lang/Class.java,getResource
313d1fcf-fdf6-4e4e-85aa-8fcea532cc34,0707f5cf-683f-4642-b7bb-1bd95e11adca,7b93b556-7392-4ee7-91fe-7ca6c4ef1642,->,313d1fcf-fdf6-4e4e-85aa-8fcea532cc34,javax/swing/JButton.java,setIcon
313d1fcf-fdf6-4e4e-85aa-8fcea532cc34,0707f5cf-683f-4642-b7bb-1bd95e11adca,7b93b556-7392-4ee7-91fe-7ca6c4ef1642,->,313d1fcf-fdf6-4e4e-85aa-8fcea532cc34,javax/swing/JButton.java,setText
313d1fcf-fdf6-4e4e-85aa-8fcea532cc34,0707f5cf-683f-4642-b7bb-1bd95e11adca,7b93b556-7392-4ee7-91fe-7ca6c4ef1642,->,313d1fcf-fdf6-4e4e-85aa-8fcea532cc34,javax/swing/JButton.java,addActionListener
313d1fcf-fdf6-4e4e-85aa-8fcea532cc34,0707f5cf-683f-4642-b7bb-1bd95e11adca,7b93b556-7392-4ee7-91fe-7ca6c4ef1642,->,313d1fcf-fdf6-4e4e-85aa-8fcea532cc34,javax/swing/JButton.java,setFont
313d1fcf-fdf6-4e4e-85aa-8fcea532cc34,0707f5cf-683f-4642-b7bb-1bd95e11adca,7b93b556-7392-4ee7-91fe-7ca6c4ef1642,->,313d1fcf-fdf6-4e4e-85aa-8fcea532cc34,java/lang/Object.java,getClass
313d1fcf-fdf6-4e4e-85aa-8fcea532cc34,0707f5cf-683f-4642-b7bb-1bd95e11adca,7b93b556-7392-4ee7-91fe-7ca6c4ef1642,->,313d1fcf-fdf6-4e4e-85aa-8fcea532cc34,java/lang/Class.java,getResource
313d1fcf-fdf6-4e4e-85aa-8fcea532cc34,0707f5cf-683f-4642-b7bb-1bd95e11adca,7b93b556-7392-4ee7-91fe-7ca6c4ef1642,->,313d1fcf-fdf6-4e4e-85aa-8fcea532cc34,javax/swing/JButton.java,setIcon
313d1fcf-fdf6-4e4e-85aa-8fcea532cc34,0707f5cf-683f-4642-b7bb-1bd95e11adca,7b93b556-7392-4ee7-91fe-7ca6c4ef1642,->,313d1fcf-fdf6-4e4e-85aa-8fcea532cc34,javax/swing/JButton.java,setText
313d1fcf-fdf6-4e4e-85aa-8fcea532cc34,0707f5cf-683f-4642-b7bb-1bd95e11adca,7b93b556-7392-4ee7-91fe-7ca6c4ef1642,->,313d1fcf-fdf6-4e4e-85aa-8fcea532cc34,javax/swing/JButton.java,addActionListener
313d1fcf-fdf6-4e4e-85aa-8fcea532cc34,0707f5cf-683f-4642-b7bb-1bd95e11adca,7b93b556-7392-4ee7-91fe-7ca6c4ef1642,->,313d1fcf-fdf6-4e4e-85aa-8fcea532cc34,javax/swing/JButton.java,setFont
313d1fcf-fdf6-4e4e-85aa-8fcea532cc34,0707f5cf-683f-4642-b7bb-1bd95e11adca,7b93b556-7392-4ee7-91fe-7ca6c4ef1642,->,313d1fcf-fdf6-4e4e-85aa-8fcea532cc34,java/lang/Object.java,getClass
313d1fcf-fdf6-4e4e-85aa-8fcea532cc34,0707f5cf-683f-4642-b7bb-1bd95e11adca,7b93b556-7392-4ee7-91fe-7ca6c4ef1642,->,313d1fcf-fdf6-4e4e-85aa-8fcea532cc34,java/lang/Class.java,getResource
313d1fcf-fdf6-4e4e-85aa-8fcea532cc34,0707f5cf-683f-4642-b7bb-1bd95e11adca,7b93b556-7392-4ee7-91fe-7ca6c4ef1642,->,313d1fcf-fdf6-4e4e-85aa-8fcea532cc34,javax/swing/JButton.java,setIcon
313d1fcf-fdf6-4e4e-85aa-8fcea532cc34,0707f5cf-683f-4642-b7bb-1bd95e11adca,7b93b556-7392-4ee7-91fe-7ca6c4ef1642,->,313d1fcf-fdf6-4e4e-85aa-8fcea532cc34,javax/swing/JButton.java,setText
313d1fcf-fdf6-4e4e-85aa-8fcea532cc34,0707f5cf-683f-4642-b7bb-1bd95e11adca,7b93b556-7392-4ee7-91fe-7ca6c4ef1642,->,313d1fcf-fdf6-4e4e-85aa-8fcea532cc34,javax/swing/JButton.java,addActionListener
313d1fcf-fdf6-4e4e-85aa-8fcea532cc34,0707f5cf-683f-4642-b7bb-1bd95e11adca,7b93b556-7392-4ee7-91fe-7ca6c4ef1642,->,313d1fcf-fdf6-4e4e-85aa-8fcea532cc34,javax/swing/JLabel.java,setFont
313d1fcf-fdf6-4e4e-85aa-8fcea532cc34,0707f5cf-683f-4642-b7bb-1bd95e11adca,7b93b556-7392-4ee7-91fe-7ca6c4ef1642,->,313d1fcf-fdf6-4e4e-85aa-8fcea532cc34,javax/swing/JLabel.java,setText
313d1fcf-fdf6-4e4e-85aa-8fcea532cc34,0707f5cf-683f-4642-b7bb-1bd95e11adca,7b93b556-7392-4ee7-91fe-7ca6c4ef1642,->,313d1fcf-fdf6-4e4e-85aa-8fcea532cc34,javax/swing/JButton.java,setFont
313d1fcf-fdf6-4e4e-85aa-8fcea532cc34,0707f5cf-683f-4642-b7bb-1bd95e11adca,7b93b556-7392-4ee7-91fe-7ca6c4ef1642,->,313d1fcf-fdf6-4e4e-85aa-8fcea532cc34,java/lang/Object.java,getClass
313d1fcf-fdf6-4e4e-85aa-8fcea532cc34,0707f5cf-683f-4642-b7bb-1bd95e11adca,7b93b556-7392-4ee7-91fe-7ca6c4ef1642,->,313d1fcf-fdf6-4e4e-85aa-8fcea532cc34,java/lang/Class.java,getResource
313d1fcf-fdf6-4e4e-85aa-8fcea532cc34,0707f5cf-683f-4642-b7bb-1bd95e11adca,7b93b556-7392-4ee7-91fe-7ca6c4ef1642,->,313d1fcf-fdf6-4e4e-85aa-8fcea532cc34,javax/swing/JButton.java,setIcon
313d1fcf-fdf6-4e4e-85aa-8fcea532cc34,0707f5cf-683f-4642-b7bb-1bd95e11adca,7b93b556-7392-4ee7-91fe-7ca6c4ef1642,->,313d1fcf-fdf6-4e4e-85aa-8fcea532cc34,javax/swing/JButton.java,setText
313d1fcf-fdf6-4e4e-85aa-8fcea532cc34,0707f5cf-683f-4642-b7bb-1bd95e11adca,7b93b556-7392-4ee7-91fe-7ca6c4ef1642,->,313d1fcf-fdf6-4e4e-85aa-8fcea532cc34,javax/swing/JButton.java,addActionListener
313d1fcf-fdf6-4e4e-85aa-8fcea532cc34,0707f5cf-683f-4642-b7bb-1bd95e11adca,7b93b556-7392-4ee7-91fe-7ca6c4ef1642,->,313d1fcf-fdf6-4e4e-85aa-8fcea532cc34,javax/swing/JPanel.java,setBackground
313d1fcf-fdf6-4e4e-85aa-8fcea532cc34,0707f5cf-683f-4642-b7bb-1bd95e11adca,7b93b556-7392-4ee7-91fe-7ca6c4ef1642,->,313d1fcf-fdf6-4e4e-85aa-8fcea532cc34,javax/swing/JPanel.java,setLayout
313d1fcf-fdf6-4e4e-85aa-8fcea532cc34,0707f5cf-683f-4642-b7bb-1bd95e11adca,7b93b556-7392-4ee7-91fe-7ca6c4ef1642,->,313d1fcf-fdf6-4e4e-85aa-8fcea532cc34,javax/swing/GroupLayout.java,createParallelGroup
313d1fcf-fdf6-4e4e-85aa-8fcea532cc34,0707f5cf-683f-4642-b7bb-1bd95e11adca,7b93b556-7392-4ee7-91fe-7ca6c4ef1642,->,313d1fcf-fdf6-4e4e-85aa-8fcea532cc34,javax/swing/GroupLayout$ParallelGroup.java,addGap
313d1fcf-fdf6-4e4e-85aa-8fcea532cc34,0707f5cf-683f-4642-b7bb-1bd95e11adca,7b93b556-7392-4ee7-91fe-7ca6c4ef1642,->,313d1fcf-fdf6-4e4e-85aa-8fcea532cc34,javax/swing/GroupLayout.java,setHorizontalGroup
313d1fcf-fdf6-4e4e-85aa-8fcea532cc34,0707f5cf-683f-4642-b7bb-1bd95e11adca,7b93b556-7392-4ee7-91fe-7ca6c4ef1642,->,313d1fcf-fdf6-4e4e-85aa-8fcea532cc34,javax/swing/GroupLayout.java,createParallelGroup
313d1fcf-fdf6-4e4e-85aa-8fcea532cc34,0707f5cf-683f-4642-b7bb-1bd95e11adca,7b93b556-7392-4ee7-91fe-7ca6c4ef1642,->,313d1fcf-fdf6-4e4e-85aa-8fcea532cc34,javax/swing/GroupLayout$ParallelGroup.java,addGap
313d1fcf-fdf6-4e4e-85aa-8fcea532cc34,0707f5cf-683f-4642-b7bb-1bd95e11adca,7b93b556-7392-4ee7-91fe-7ca6c4ef1642,->,313d1fcf-fdf6-4e4e-85aa-8fcea532cc34,javax/swing/GroupLayout.java,setVerticalGroup
313d1fcf-fdf6-4e4e-85aa-8fcea532cc34,0707f5cf-683f-4642-b7bb-1bd95e11adca,7b93b556-7392-4ee7-91fe-7ca6c4ef1642,->,313d1fcf-fdf6-4e4e-85aa-8fcea532cc34,javax/swing/JPanel.java,setBackground
313d1fcf-fdf6-4e4e-85aa-8fcea532cc34,0707f5cf-683f-4642-b7bb-1bd95e11adca,7b93b556-7392-4ee7-91fe-7ca6c4ef1642,->,313d1fcf-fdf6-4e4e-85aa-8fcea532cc34,java/lang/Object.java,getClass
313d1fcf-fdf6-4e4e-85aa-8fcea532cc34,0707f5cf-683f-4642-b7bb-1bd95e11adca,7b93b556-7392-4ee7-91fe-7ca6c4ef1642,->,313d1fcf-fdf6-4e4e-85aa-8fcea532cc34,java/lang/Class.java,getResource
313d1fcf-fdf6-4e4e-85aa-8fcea532cc34,0707f5cf-683f-4642-b7bb-1bd95e11adca,7b93b556-7392-4ee7-91fe-7ca6c4ef1642,->,313d1fcf-fdf6-4e4e-85aa-8fcea532cc34,javax/swing/JLabel.java,setIcon
313d1fcf-fdf6-4e4e-85aa-8fcea532cc34,0707f5cf-683f-4642-b7bb-1bd95e11adca,7b93b556-7392-4ee7-91fe-7ca6c4ef1642,->,313d1fcf-fdf6-4e4e-85aa-8fcea532cc34,javax/swing/JLabel.java,setFont
313d1fcf-fdf6-4e4e-85aa-8fcea532cc34,0707f5cf-683f-4642-b7bb-1bd95e11adca,7b93b556-7392-4ee7-91fe-7ca6c4ef1642,->,313d1fcf-fdf6-4e4e-85aa-8fcea532cc34,javax/swing/JLabel.java,setText
313d1fcf-fdf6-4e4e-85aa-8fcea532cc34,0707f5cf-683f-4642-b7bb-1bd95e11adca,7b93b556-7392-4ee7-91fe-7ca6c4ef1642,->,313d1fcf-fdf6-4e4e-85aa-8fcea532cc34,javax/swing/JLabel.java,setFont
313d1fcf-fdf6-4e4e-85aa-8fcea532cc34,0707f5cf-683f-4642-b7bb-1bd95e11adca,7b93b556-7392-4ee7-91fe-7ca6c4ef1642,->,313d1fcf-fdf6-4e4e-85aa-8fcea532cc34,javax/swing/JLabel.java,setText
313d1fcf-fdf6-4e4e-85aa-8fcea532cc34,0707f5cf-683f-4642-b7bb-1bd95e11adca,7b93b556-7392-4ee7-91fe-7ca6c4ef1642,->,313d1fcf-fdf6-4e4e-85aa-8fcea532cc34,javax/swing/JLabel.java,setFont
313d1fcf-fdf6-4e4e-85aa-8fcea532cc34,0707f5cf-683f-4642-b7bb-1bd95e11adca,7b93b556-7392-4ee7-91fe-7ca6c4ef1642,->,313d1fcf-fdf6-4e4e-85aa-8fcea532cc34,javax/swing/JLabel.java,setText
313d1fcf-fdf6-4e4e-85aa-8fcea532cc34,0707f5cf-683f-4642-b7bb-1bd95e11adca,7b93b556-7392-4ee7-91fe-7ca6c4ef1642,->,313d1fcf-fdf6-4e4e-85aa-8fcea532cc34,javax/swing/JLabel.java,setFont
313d1fcf-fdf6-4e4e-85aa-8fcea532cc34,0707f5cf-683f-4642-b7bb-1bd95e11adca,7b93b556-7392-4ee7-91fe-7ca6c4ef1642,->,313d1fcf-fdf6-4e4e-85aa-8fcea532cc34,javax/swing/JLabel.java,setText
313d1fcf-fdf6-4e4e-85aa-8fcea532cc34,0707f5cf-683f-4642-b7bb-1bd95e11adca,7b93b556-7392-4ee7-91fe-7ca6c4ef1642,->,313d1fcf-fdf6-4e4e-85aa-8fcea532cc34,javax/swing/JLabel.java,setFont
313d1fcf-fdf6-4e4e-85aa-8fcea532cc34,0707f5cf-683f-4642-b7bb-1bd95e11adca,7b93b556-7392-4ee7-91fe-7ca6c4ef1642,->,313d1fcf-fdf6-4e4e-85aa-8fcea532cc34,javax/swing/JLabel.java,setText
313d1fcf-fdf6-4e4e-85aa-8fcea532cc34,0707f5cf-683f-4642-b7bb-1bd95e11adca,7b93b556-7392-4ee7-91fe-7ca6c4ef1642,->,313d1fcf-fdf6-4e4e-85aa-8fcea532cc34,javax/swing/JPanel.java,setLayout
313d1fcf-fdf6-4e4e-85aa-8fcea532cc34,0707f5cf-683f-4642-b7bb-1bd95e11adca,7b93b556-7392-4ee7-91fe-7ca6c4ef1642,->,313d1fcf-fdf6-4e4e-85aa-8fcea532cc34,javax/swing/GroupLayout.java,createParallelGroup
313d1fcf-fdf6-4e4e-85aa-8fcea532cc34,0707f5cf-683f-4642-b7bb-1bd95e11adca,7b93b556-7392-4ee7-91fe-7ca6c4ef1642,->,313d1fcf-fdf6-4e4e-85aa-8fcea532cc34,javax/swing/GroupLayout.java,createSequentialGroup
313d1fcf-fdf6-4e4e-85aa-8fcea532cc34,0707f5cf-683f-4642-b7bb-1bd95e11adca,7b93b556-7392-4ee7-91fe-7ca6c4ef1642,->,313d1fcf-fdf6-4e4e-85aa-8fcea532cc34,javax/swing/GroupLayout$SequentialGroup.java,addContainerGap
313d1fcf-fdf6-4e4e-85aa-8fcea532cc34,0707f5cf-683f-4642-b7bb-1bd95e11adca,7b93b556-7392-4ee7-91fe-7ca6c4ef1642,->,313d1fcf-fdf6-4e4e-85aa-8fcea532cc34,javax/swing/GroupLayout$SequentialGroup.java,addComponent
313d1fcf-fdf6-4e4e-85aa-8fcea532cc34,0707f5cf-683f-4642-b7bb-1bd95e11adca,7b93b556-7392-4ee7-91fe-7ca6c4ef1642,->,313d1fcf-fdf6-4e4e-85aa-8fcea532cc34,javax/swing/GroupLayout$SequentialGroup.java,addPreferredGap
313d1fcf-fdf6-4e4e-85aa-8fcea532cc34,0707f5cf-683f-4642-b7bb-1bd95e11adca,7b93b556-7392-4ee7-91fe-7ca6c4ef1642,->,313d1fcf-fdf6-4e4e-85aa-8fcea532cc34,javax/swing/GroupLayout.java,createParallelGroup
313d1fcf-fdf6-4e4e-85aa-8fcea532cc34,0707f5cf-683f-4642-b7bb-1bd95e11adca,7b93b556-7392-4ee7-91fe-7ca6c4ef1642,->,313d1fcf-fdf6-4e4e-85aa-8fcea532cc34,javax/swing/GroupLayout$ParallelGroup.java,addComponent
313d1fcf-fdf6-4e4e-85aa-8fcea532cc34,0707f5cf-683f-4642-b7bb-1bd95e11adca,7b93b556-7392-4ee7-91fe-7ca6c4ef1642,->,313d1fcf-fdf6-4e4e-85aa-8fcea532cc34,javax/swing/GroupLayout$ParallelGroup.java,addComponent
313d1fcf-fdf6-4e4e-85aa-8fcea532cc34,0707f5cf-683f-4642-b7bb-1bd95e11adca,7b93b556-7392-4ee7-91fe-7ca6c4ef1642,->,313d1fcf-fdf6-4e4e-85aa-8fcea532cc34,javax/swing/GroupLayout$ParallelGroup.java,addComponent
313d1fcf-fdf6-4e4e-85aa-8fcea532cc34,0707f5cf-683f-4642-b7bb-1bd95e11adca,7b93b556-7392-4ee7-91fe-7ca6c4ef1642,->,313d1fcf-fdf6-4e4e-85aa-8fcea532cc34,javax/swing/GroupLayout.java,createSequentialGroup
313d1fcf-fdf6-4e4e-85aa-8fcea532cc34,0707f5cf-683f-4642-b7bb-1bd95e11adca,7b93b556-7392-4ee7-91fe-7ca6c4ef1642,->,313d1fcf-fdf6-4e4e-85aa-8fcea532cc34,javax/swing/GroupLayout$SequentialGroup.java,addComponent
313d1fcf-fdf6-4e4e-85aa-8fcea532cc34,0707f5cf-683f-4642-b7bb-1bd95e11adca,7b93b556-7392-4ee7-91fe-7ca6c4ef1642,->,313d1fcf-fdf6-4e4e-85aa-8fcea532cc34,javax/swing/GroupLayout$SequentialGroup.java,addGap
313d1fcf-fdf6-4e4e-85aa-8fcea532cc34,0707f5cf-683f-4642-b7bb-1bd95e11adca,7b93b556-7392-4ee7-91fe-7ca6c4ef1642,->,313d1fcf-fdf6-4e4e-85aa-8fcea532cc34,javax/swing/GroupLayout$ParallelGroup.java,addGroup
313d1fcf-fdf6-4e4e-85aa-8fcea532cc34,0707f5cf-683f-4642-b7bb-1bd95e11adca,7b93b556-7392-4ee7-91fe-7ca6c4ef1642,->,313d1fcf-fdf6-4e4e-85aa-8fcea532cc34,javax/swing/GroupLayout$SequentialGroup.java,addGroup
313d1fcf-fdf6-4e4e-85aa-8fcea532cc34,0707f5cf-683f-4642-b7bb-1bd95e11adca,7b93b556-7392-4ee7-91fe-7ca6c4ef1642,->,313d1fcf-fdf6-4e4e-85aa-8fcea532cc34,javax/swing/GroupLayout$SequentialGroup.java,addContainerGap
313d1fcf-fdf6-4e4e-85aa-8fcea532cc34,0707f5cf-683f-4642-b7bb-1bd95e11adca,7b93b556-7392-4ee7-91fe-7ca6c4ef1642,->,313d1fcf-fdf6-4e4e-85aa-8fcea532cc34,javax/swing/GroupLayout$ParallelGroup.java,addGroup
313d1fcf-fdf6-4e4e-85aa-8fcea532cc34,0707f5cf-683f-4642-b7bb-1bd95e11adca,7b93b556-7392-4ee7-91fe-7ca6c4ef1642,->,313d1fcf-fdf6-4e4e-85aa-8fcea532cc34,javax/swing/GroupLayout.java,createSequentialGroup
313d1fcf-fdf6-4e4e-85aa-8fcea532cc34,0707f5cf-683f-4642-b7bb-1bd95e11adca,7b93b556-7392-4ee7-91fe-7ca6c4ef1642,->,313d1fcf-fdf6-4e4e-85aa-8fcea532cc34,javax/swing/GroupLayout$SequentialGroup.java,addContainerGap
313d1fcf-fdf6-4e4e-85aa-8fcea532cc34,0707f5cf-683f-4642-b7bb-1bd95e11adca,7b93b556-7392-4ee7-91fe-7ca6c4ef1642,->,313d1fcf-fdf6-4e4e-85aa-8fcea532cc34,javax/swing/GroupLayout$SequentialGroup.java,addComponent
313d1fcf-fdf6-4e4e-85aa-8fcea532cc34,0707f5cf-683f-4642-b7bb-1bd95e11adca,7b93b556-7392-4ee7-91fe-7ca6c4ef1642,->,313d1fcf-fdf6-4e4e-85aa-8fcea532cc34,javax/swing/GroupLayout$SequentialGroup.java,addGap
313d1fcf-fdf6-4e4e-85aa-8fcea532cc34,0707f5cf-683f-4642-b7bb-1bd95e11adca,7b93b556-7392-4ee7-91fe-7ca6c4ef1642,->,313d1fcf-fdf6-4e4e-85aa-8fcea532cc34,javax/swing/GroupLayout$ParallelGroup.java,addGroup
313d1fcf-fdf6-4e4e-85aa-8fcea532cc34,0707f5cf-683f-4642-b7bb-1bd95e11adca,7b93b556-7392-4ee7-91fe-7ca6c4ef1642,->,313d1fcf-fdf6-4e4e-85aa-8fcea532cc34,javax/swing/GroupLayout.java,setHorizontalGroup
313d1fcf-fdf6-4e4e-85aa-8fcea532cc34,0707f5cf-683f-4642-b7bb-1bd95e11adca,7b93b556-7392-4ee7-91fe-7ca6c4ef1642,->,313d1fcf-fdf6-4e4e-85aa-8fcea532cc34,javax/swing/GroupLayout.java,createParallelGroup
313d1fcf-fdf6-4e4e-85aa-8fcea532cc34,0707f5cf-683f-4642-b7bb-1bd95e11adca,7b93b556-7392-4ee7-91fe-7ca6c4ef1642,->,313d1fcf-fdf6-4e4e-85aa-8fcea532cc34,javax/swing/GroupLayout.java,createSequentialGroup
313d1fcf-fdf6-4e4e-85aa-8fcea532cc34,0707f5cf-683f-4642-b7bb-1bd95e11adca,7b93b556-7392-4ee7-91fe-7ca6c4ef1642,->,313d1fcf-fdf6-4e4e-85aa-8fcea532cc34,javax/swing/GroupLayout$SequentialGroup.java,addContainerGap
313d1fcf-fdf6-4e4e-85aa-8fcea532cc34,0707f5cf-683f-4642-b7bb-1bd95e11adca,7b93b556-7392-4ee7-91fe-7ca6c4ef1642,->,313d1fcf-fdf6-4e4e-85aa-8fcea532cc34,javax/swing/GroupLayout$SequentialGroup.java,addComponent
313d1fcf-fdf6-4e4e-85aa-8fcea532cc34,0707f5cf-683f-4642-b7bb-1bd95e11adca,7b93b556-7392-4ee7-91fe-7ca6c4ef1642,->,313d1fcf-fdf6-4e4e-85aa-8fcea532cc34,javax/swing/GroupLayout.java,createParallelGroup
313d1fcf-fdf6-4e4e-85aa-8fcea532cc34,0707f5cf-683f-4642-b7bb-1bd95e11adca,7b93b556-7392-4ee7-91fe-7ca6c4ef1642,->,313d1fcf-fdf6-4e4e-85aa-8fcea532cc34,javax/swing/GroupLayout.java,createSequentialGroup
313d1fcf-fdf6-4e4e-85aa-8fcea532cc34,0707f5cf-683f-4642-b7bb-1bd95e11adca,7b93b556-7392-4ee7-91fe-7ca6c4ef1642,->,313d1fcf-fdf6-4e4e-85aa-8fcea532cc34,javax/swing/GroupLayout$SequentialGroup.java,addGap
313d1fcf-fdf6-4e4e-85aa-8fcea532cc34,0707f5cf-683f-4642-b7bb-1bd95e11adca,7b93b556-7392-4ee7-91fe-7ca6c4ef1642,->,313d1fcf-fdf6-4e4e-85aa-8fcea532cc34,javax/swing/GroupLayout$SequentialGroup.java,addComponent
313d1fcf-fdf6-4e4e-85aa-8fcea532cc34,0707f5cf-683f-4642-b7bb-1bd95e11adca,7b93b556-7392-4ee7-91fe-7ca6c4ef1642,->,313d1fcf-fdf6-4e4e-85aa-8fcea532cc34,javax/swing/GroupLayout$SequentialGroup.java,addGap
313d1fcf-fdf6-4e4e-85aa-8fcea532cc34,0707f5cf-683f-4642-b7bb-1bd95e11adca,7b93b556-7392-4ee7-91fe-7ca6c4ef1642,->,313d1fcf-fdf6-4e4e-85aa-8fcea532cc34,javax/swing/GroupLayout$SequentialGroup.java,addComponent
313d1fcf-fdf6-4e4e-85aa-8fcea532cc34,0707f5cf-683f-4642-b7bb-1bd95e11adca,7b93b556-7392-4ee7-91fe-7ca6c4ef1642,->,313d1fcf-fdf6-4e4e-85aa-8fcea532cc34,javax/swing/GroupLayout$SequentialGroup.java,addPreferredGap
313d1fcf-fdf6-4e4e-85aa-8fcea532cc34,0707f5cf-683f-4642-b7bb-1bd95e11adca,7b93b556-7392-4ee7-91fe-7ca6c4ef1642,->,313d1fcf-fdf6-4e4e-85aa-8fcea532cc34,javax/swing/GroupLayout$SequentialGroup.java,addComponent
313d1fcf-fdf6-4e4e-85aa-8fcea532cc34,0707f5cf-683f-4642-b7bb-1bd95e11adca,7b93b556-7392-4ee7-91fe-7ca6c4ef1642,->,313d1fcf-fdf6-4e4e-85aa-8fcea532cc34,javax/swing/GroupLayout$SequentialGroup.java,addPreferredGap
313d1fcf-fdf6-4e4e-85aa-8fcea532cc34,0707f5cf-683f-4642-b7bb-1bd95e11adca,7b93b556-7392-4ee7-91fe-7ca6c4ef1642,->,313d1fcf-fdf6-4e4e-85aa-8fcea532cc34,javax/swing/GroupLayout$SequentialGroup.java,addComponent
313d1fcf-fdf6-4e4e-85aa-8fcea532cc34,0707f5cf-683f-4642-b7bb-1bd95e11adca,7b93b556-7392-4ee7-91fe-7ca6c4ef1642,->,313d1fcf-fdf6-4e4e-85aa-8fcea532cc34,javax/swing/GroupLayout$ParallelGroup.java,addGroup
313d1fcf-fdf6-4e4e-85aa-8fcea532cc34,0707f5cf-683f-4642-b7bb-1bd95e11adca,7b93b556-7392-4ee7-91fe-7ca6c4ef1642,->,313d1fcf-fdf6-4e4e-85aa-8fcea532cc34,javax/swing/GroupLayout.java,createSequentialGroup
313d1fcf-fdf6-4e4e-85aa-8fcea532cc34,0707f5cf-683f-4642-b7bb-1bd95e11adca,7b93b556-7392-4ee7-91fe-7ca6c4ef1642,->,313d1fcf-fdf6-4e4e-85aa-8fcea532cc34,javax/swing/GroupLayout$SequentialGroup.java,addPreferredGap
313d1fcf-fdf6-4e4e-85aa-8fcea532cc34,0707f5cf-683f-4642-b7bb-1bd95e11adca,7b93b556-7392-4ee7-91fe-7ca6c4ef1642,->,313d1fcf-fdf6-4e4e-85aa-8fcea532cc34,javax/swing/GroupLayout$SequentialGroup.java,addComponent
313d1fcf-fdf6-4e4e-85aa-8fcea532cc34,0707f5cf-683f-4642-b7bb-1bd95e11adca,7b93b556-7392-4ee7-91fe-7ca6c4ef1642,->,313d1fcf-fdf6-4e4e-85aa-8fcea532cc34,javax/swing/GroupLayout$ParallelGroup.java,addGroup
313d1fcf-fdf6-4e4e-85aa-8fcea532cc34,0707f5cf-683f-4642-b7bb-1bd95e11adca,7b93b556-7392-4ee7-91fe-7ca6c4ef1642,->,313d1fcf-fdf6-4e4e-85aa-8fcea532cc34,javax/swing/GroupLayout$SequentialGroup.java,addGroup
313d1fcf-fdf6-4e4e-85aa-8fcea532cc34,0707f5cf-683f-4642-b7bb-1bd95e11adca,7b93b556-7392-4ee7-91fe-7ca6c4ef1642,->,313d1fcf-fdf6-4e4e-85aa-8fcea532cc34,javax/swing/GroupLayout$SequentialGroup.java,addContainerGap
313d1fcf-fdf6-4e4e-85aa-8fcea532cc34,0707f5cf-683f-4642-b7bb-1bd95e11adca,7b93b556-7392-4ee7-91fe-7ca6c4ef1642,->,313d1fcf-fdf6-4e4e-85aa-8fcea532cc34,javax/swing/GroupLayout$ParallelGroup.java,addGroup
313d1fcf-fdf6-4e4e-85aa-8fcea532cc34,0707f5cf-683f-4642-b7bb-1bd95e11adca,7b93b556-7392-4ee7-91fe-7ca6c4ef1642,->,313d1fcf-fdf6-4e4e-85aa-8fcea532cc34,javax/swing/GroupLayout.java,setVerticalGroup
313d1fcf-fdf6-4e4e-85aa-8fcea532cc34,0707f5cf-683f-4642-b7bb-1bd95e11adca,7b93b556-7392-4ee7-91fe-7ca6c4ef1642,->,313d1fcf-fdf6-4e4e-85aa-8fcea532cc34,javax/swing/JPanel.java,setLayout
313d1fcf-fdf6-4e4e-85aa-8fcea532cc34,0707f5cf-683f-4642-b7bb-1bd95e11adca,7b93b556-7392-4ee7-91fe-7ca6c4ef1642,->,313d1fcf-fdf6-4e4e-85aa-8fcea532cc34,javax/swing/GroupLayout.java,createParallelGroup
313d1fcf-fdf6-4e4e-85aa-8fcea532cc34,0707f5cf-683f-4642-b7bb-1bd95e11adca,7b93b556-7392-4ee7-91fe-7ca6c4ef1642,->,313d1fcf-fdf6-4e4e-85aa-8fcea532cc34,javax/swing/GroupLayout.java,createSequentialGroup
313d1fcf-fdf6-4e4e-85aa-8fcea532cc34,0707f5cf-683f-4642-b7bb-1bd95e11adca,7b93b556-7392-4ee7-91fe-7ca6c4ef1642,->,313d1fcf-fdf6-4e4e-85aa-8fcea532cc34,javax/swing/GroupLayout$SequentialGroup.java,addComponent
313d1fcf-fdf6-4e4e-85aa-8fcea532cc34,0707f5cf-683f-4642-b7bb-1bd95e11adca,7b93b556-7392-4ee7-91fe-7ca6c4ef1642,->,313d1fcf-fdf6-4e4e-85aa-8fcea532cc34,javax/swing/GroupLayout$SequentialGroup.java,addGap
313d1fcf-fdf6-4e4e-85aa-8fcea532cc34,0707f5cf-683f-4642-b7bb-1bd95e11adca,7b93b556-7392-4ee7-91fe-7ca6c4ef1642,->,313d1fcf-fdf6-4e4e-85aa-8fcea532cc34,javax/swing/GroupLayout$ParallelGroup.java,addGroup
313d1fcf-fdf6-4e4e-85aa-8fcea532cc34,0707f5cf-683f-4642-b7bb-1bd95e11adca,7b93b556-7392-4ee7-91fe-7ca6c4ef1642,->,313d1fcf-fdf6-4e4e-85aa-8fcea532cc34,javax/swing/GroupLayout.java,createSequentialGroup
313d1fcf-fdf6-4e4e-85aa-8fcea532cc34,0707f5cf-683f-4642-b7bb-1bd95e11adca,7b93b556-7392-4ee7-91fe-7ca6c4ef1642,->,313d1fcf-fdf6-4e4e-85aa-8fcea532cc34,javax/swing/GroupLayout.java,createParallelGroup
313d1fcf-fdf6-4e4e-85aa-8fcea532cc34,0707f5cf-683f-4642-b7bb-1bd95e11adca,7b93b556-7392-4ee7-91fe-7ca6c4ef1642,->,313d1fcf-fdf6-4e4e-85aa-8fcea532cc34,javax/swing/GroupLayout.java,createSequentialGroup
313d1fcf-fdf6-4e4e-85aa-8fcea532cc34,0707f5cf-683f-4642-b7bb-1bd95e11adca,7b93b556-7392-4ee7-91fe-7ca6c4ef1642,->,313d1fcf-fdf6-4e4e-85aa-8fcea532cc34,javax/swing/GroupLayout$SequentialGroup.java,addContainerGap
313d1fcf-fdf6-4e4e-85aa-8fcea532cc34,0707f5cf-683f-4642-b7bb-1bd95e11adca,7b93b556-7392-4ee7-91fe-7ca6c4ef1642,->,313d1fcf-fdf6-4e4e-85aa-8fcea532cc34,javax/swing/GroupLayout$SequentialGroup.java,addComponent
313d1fcf-fdf6-4e4e-85aa-8fcea532cc34,0707f5cf-683f-4642-b7bb-1bd95e11adca,7b93b556-7392-4ee7-91fe-7ca6c4ef1642,->,313d1fcf-fdf6-4e4e-85aa-8fcea532cc34,javax/swing/GroupLayout$ParallelGroup.java,addGroup
313d1fcf-fdf6-4e4e-85aa-8fcea532cc34,0707f5cf-683f-4642-b7bb-1bd95e11adca,7b93b556-7392-4ee7-91fe-7ca6c4ef1642,->,313d1fcf-fdf6-4e4e-85aa-8fcea532cc34,javax/swing/GroupLayout.java,createSequentialGroup
313d1fcf-fdf6-4e4e-85aa-8fcea532cc34,0707f5cf-683f-4642-b7bb-1bd95e11adca,7b93b556-7392-4ee7-91fe-7ca6c4ef1642,->,313d1fcf-fdf6-4e4e-85aa-8fcea532cc34,javax/swing/GroupLayout$SequentialGroup.java,addGap
313d1fcf-fdf6-4e4e-85aa-8fcea532cc34,0707f5cf-683f-4642-b7bb-1bd95e11adca,7b93b556-7392-4ee7-91fe-7ca6c4ef1642,->,313d1fcf-fdf6-4e4e-85aa-8fcea532cc34,javax/swing/GroupLayout.java,createParallelGroup
313d1fcf-fdf6-4e4e-85aa-8fcea532cc34,0707f5cf-683f-4642-b7bb-1bd95e11adca,7b93b556-7392-4ee7-91fe-7ca6c4ef1642,->,313d1fcf-fdf6-4e4e-85aa-8fcea532cc34,javax/swing/GroupLayout$ParallelGroup.java,addComponent
313d1fcf-fdf6-4e4e-85aa-8fcea532cc34,0707f5cf-683f-4642-b7bb-1bd95e11adca,7b93b556-7392-4ee7-91fe-7ca6c4ef1642,->,313d1fcf-fdf6-4e4e-85aa-8fcea532cc34,javax/swing/GroupLayout$ParallelGroup.java,addComponent
313d1fcf-fdf6-4e4e-85aa-8fcea532cc34,0707f5cf-683f-4642-b7bb-1bd95e11adca,7b93b556-7392-4ee7-91fe-7ca6c4ef1642,->,313d1fcf-fdf6-4e4e-85aa-8fcea532cc34,javax/swing/GroupLayout$ParallelGroup.java,addComponent
313d1fcf-fdf6-4e4e-85aa-8fcea532cc34,0707f5cf-683f-4642-b7bb-1bd95e11adca,7b93b556-7392-4ee7-91fe-7ca6c4ef1642,->,313d1fcf-fdf6-4e4e-85aa-8fcea532cc34,javax/swing/GroupLayout.java,createSequentialGroup
313d1fcf-fdf6-4e4e-85aa-8fcea532cc34,0707f5cf-683f-4642-b7bb-1bd95e11adca,7b93b556-7392-4ee7-91fe-7ca6c4ef1642,->,313d1fcf-fdf6-4e4e-85aa-8fcea532cc34,javax/swing/GroupLayout$SequentialGroup.java,addGap
313d1fcf-fdf6-4e4e-85aa-8fcea532cc34,0707f5cf-683f-4642-b7bb-1bd95e11adca,7b93b556-7392-4ee7-91fe-7ca6c4ef1642,->,313d1fcf-fdf6-4e4e-85aa-8fcea532cc34,javax/swing/GroupLayout.java,createParallelGroup
313d1fcf-fdf6-4e4e-85aa-8fcea532cc34,0707f5cf-683f-4642-b7bb-1bd95e11adca,7b93b556-7392-4ee7-91fe-7ca6c4ef1642,->,313d1fcf-fdf6-4e4e-85aa-8fcea532cc34,javax/swing/GroupLayout$ParallelGroup.java,addComponent
313d1fcf-fdf6-4e4e-85aa-8fcea532cc34,0707f5cf-683f-4642-b7bb-1bd95e11adca,7b93b556-7392-4ee7-91fe-7ca6c4ef1642,->,313d1fcf-fdf6-4e4e-85aa-8fcea532cc34,javax/swing/GroupLayout$ParallelGroup.java,addComponent
313d1fcf-fdf6-4e4e-85aa-8fcea532cc34,0707f5cf-683f-4642-b7bb-1bd95e11adca,7b93b556-7392-4ee7-91fe-7ca6c4ef1642,->,313d1fcf-fdf6-4e4e-85aa-8fcea532cc34,javax/swing/GroupLayout$ParallelGroup.java,addComponent
313d1fcf-fdf6-4e4e-85aa-8fcea532cc34,0707f5cf-683f-4642-b7bb-1bd95e11adca,7b93b556-7392-4ee7-91fe-7ca6c4ef1642,->,313d1fcf-fdf6-4e4e-85aa-8fcea532cc34,javax/swing/GroupLayout$ParallelGroup.java,addComponent
313d1fcf-fdf6-4e4e-85aa-8fcea532cc34,0707f5cf-683f-4642-b7bb-1bd95e11adca,7b93b556-7392-4ee7-91fe-7ca6c4ef1642,->,313d1fcf-fdf6-4e4e-85aa-8fcea532cc34,javax/swing/GroupLayout.java,createSequentialGroup
313d1fcf-fdf6-4e4e-85aa-8fcea532cc34,0707f5cf-683f-4642-b7bb-1bd95e11adca,7b93b556-7392-4ee7-91fe-7ca6c4ef1642,->,313d1fcf-fdf6-4e4e-85aa-8fcea532cc34,javax/swing/GroupLayout.java,createParallelGroup
313d1fcf-fdf6-4e4e-85aa-8fcea532cc34,0707f5cf-683f-4642-b7bb-1bd95e11adca,7b93b556-7392-4ee7-91fe-7ca6c4ef1642,->,313d1fcf-fdf6-4e4e-85aa-8fcea532cc34,javax/swing/GroupLayout$ParallelGroup.java,addComponent
313d1fcf-fdf6-4e4e-85aa-8fcea532cc34,0707f5cf-683f-4642-b7bb-1bd95e11adca,7b93b556-7392-4ee7-91fe-7ca6c4ef1642,->,313d1fcf-fdf6-4e4e-85aa-8fcea532cc34,javax/swing/GroupLayout.java,createSequentialGroup
313d1fcf-fdf6-4e4e-85aa-8fcea532cc34,0707f5cf-683f-4642-b7bb-1bd95e11adca,7b93b556-7392-4ee7-91fe-7ca6c4ef1642,->,313d1fcf-fdf6-4e4e-85aa-8fcea532cc34,javax/swing/GroupLayout$SequentialGroup.java,addGap
313d1fcf-fdf6-4e4e-85aa-8fcea532cc34,0707f5cf-683f-4642-b7bb-1bd95e11adca,7b93b556-7392-4ee7-91fe-7ca6c4ef1642,->,313d1fcf-fdf6-4e4e-85aa-8fcea532cc34,javax/swing/GroupLayout$SequentialGroup.java,addComponent
313d1fcf-fdf6-4e4e-85aa-8fcea532cc34,0707f5cf-683f-4642-b7bb-1bd95e11adca,7b93b556-7392-4ee7-91fe-7ca6c4ef1642,->,313d1fcf-fdf6-4e4e-85aa-8fcea532cc34,javax/swing/GroupLayout$SequentialGroup.java,addPreferredGap
313d1fcf-fdf6-4e4e-85aa-8fcea532cc34,0707f5cf-683f-4642-b7bb-1bd95e11adca,7b93b556-7392-4ee7-91fe-7ca6c4ef1642,->,313d1fcf-fdf6-4e4e-85aa-8fcea532cc34,javax/swing/GroupLayout$SequentialGroup.java,addComponent
313d1fcf-fdf6-4e4e-85aa-8fcea532cc34,0707f5cf-683f-4642-b7bb-1bd95e11adca,7b93b556-7392-4ee7-91fe-7ca6c4ef1642,->,313d1fcf-fdf6-4e4e-85aa-8fcea532cc34,javax/swing/GroupLayout$SequentialGroup.java,addPreferredGap
313d1fcf-fdf6-4e4e-85aa-8fcea532cc34,0707f5cf-683f-4642-b7bb-1bd95e11adca,7b93b556-7392-4ee7-91fe-7ca6c4ef1642,->,313d1fcf-fdf6-4e4e-85aa-8fcea532cc34,javax/swing/GroupLayout$SequentialGroup.java,addComponent
313d1fcf-fdf6-4e4e-85aa-8fcea532cc34,0707f5cf-683f-4642-b7bb-1bd95e11adca,7b93b556-7392-4ee7-91fe-7ca6c4ef1642,->,313d1fcf-fdf6-4e4e-85aa-8fcea532cc34,javax/swing/GroupLayout$ParallelGroup.java,addGroup
313d1fcf-fdf6-4e4e-85aa-8fcea532cc34,0707f5cf-683f-4642-b7bb-1bd95e11adca,7b93b556-7392-4ee7-91fe-7ca6c4ef1642,->,313d1fcf-fdf6-4e4e-85aa-8fcea532cc34,javax/swing/GroupLayout.java,createSequentialGroup
313d1fcf-fdf6-4e4e-85aa-8fcea532cc34,0707f5cf-683f-4642-b7bb-1bd95e11adca,7b93b556-7392-4ee7-91fe-7ca6c4ef1642,->,313d1fcf-fdf6-4e4e-85aa-8fcea532cc34,javax/swing/GroupLayout$SequentialGroup.java,addGap
313d1fcf-fdf6-4e4e-85aa-8fcea532cc34,0707f5cf-683f-4642-b7bb-1bd95e11adca,7b93b556-7392-4ee7-91fe-7ca6c4ef1642,->,313d1fcf-fdf6-4e4e-85aa-8fcea532cc34,javax/swing/GroupLayout$SequentialGroup.java,addComponent
313d1fcf-fdf6-4e4e-85aa-8fcea532cc34,0707f5cf-683f-4642-b7bb-1bd95e11adca,7b93b556-7392-4ee7-91fe-7ca6c4ef1642,->,313d1fcf-fdf6-4e4e-85aa-8fcea532cc34,javax/swing/GroupLayout$ParallelGroup.java,addGroup
313d1fcf-fdf6-4e4e-85aa-8fcea532cc34,0707f5cf-683f-4642-b7bb-1bd95e11adca,7b93b556-7392-4ee7-91fe-7ca6c4ef1642,->,313d1fcf-fdf6-4e4e-85aa-8fcea532cc34,javax/swing/GroupLayout.java,createSequentialGroup
313d1fcf-fdf6-4e4e-85aa-8fcea532cc34,0707f5cf-683f-4642-b7bb-1bd95e11adca,7b93b556-7392-4ee7-91fe-7ca6c4ef1642,->,313d1fcf-fdf6-4e4e-85aa-8fcea532cc34,javax/swing/GroupLayout$SequentialGroup.java,addGap
313d1fcf-fdf6-4e4e-85aa-8fcea532cc34,0707f5cf-683f-4642-b7bb-1bd95e11adca,7b93b556-7392-4ee7-91fe-7ca6c4ef1642,->,313d1fcf-fdf6-4e4e-85aa-8fcea532cc34,javax/swing/GroupLayout$SequentialGroup.java,addComponent
313d1fcf-fdf6-4e4e-85aa-8fcea532cc34,0707f5cf-683f-4642-b7bb-1bd95e11adca,7b93b556-7392-4ee7-91fe-7ca6c4ef1642,->,313d1fcf-fdf6-4e4e-85aa-8fcea532cc34,javax/swing/GroupLayout$ParallelGroup.java,addGroup
313d1fcf-fdf6-4e4e-85aa-8fcea532cc34,0707f5cf-683f-4642-b7bb-1bd95e11adca,7b93b556-7392-4ee7-91fe-7ca6c4ef1642,->,313d1fcf-fdf6-4e4e-85aa-8fcea532cc34,javax/swing/GroupLayout$SequentialGroup.java,addGroup
313d1fcf-fdf6-4e4e-85aa-8fcea532cc34,0707f5cf-683f-4642-b7bb-1bd95e11adca,7b93b556-7392-4ee7-91fe-7ca6c4ef1642,->,313d1fcf-fdf6-4e4e-85aa-8fcea532cc34,javax/swing/GroupLayout$SequentialGroup.java,addPreferredGap
313d1fcf-fdf6-4e4e-85aa-8fcea532cc34,0707f5cf-683f-4642-b7bb-1bd95e11adca,7b93b556-7392-4ee7-91fe-7ca6c4ef1642,->,313d1fcf-fdf6-4e4e-85aa-8fcea532cc34,javax/swing/GroupLayout$SequentialGroup.java,addComponent
313d1fcf-fdf6-4e4e-85aa-8fcea532cc34,0707f5cf-683f-4642-b7bb-1bd95e11adca,7b93b556-7392-4ee7-91fe-7ca6c4ef1642,->,313d1fcf-fdf6-4e4e-85aa-8fcea532cc34,javax/swing/GroupLayout$ParallelGroup.java,addGroup
313d1fcf-fdf6-4e4e-85aa-8fcea532cc34,0707f5cf-683f-4642-b7bb-1bd95e11adca,7b93b556-7392-4ee7-91fe-7ca6c4ef1642,->,313d1fcf-fdf6-4e4e-85aa-8fcea532cc34,javax/swing/GroupLayout$SequentialGroup.java,addGroup
313d1fcf-fdf6-4e4e-85aa-8fcea532cc34,0707f5cf-683f-4642-b7bb-1bd95e11adca,7b93b556-7392-4ee7-91fe-7ca6c4ef1642,->,313d1fcf-fdf6-4e4e-85aa-8fcea532cc34,javax/swing/GroupLayout$ParallelGroup.java,addGroup
313d1fcf-fdf6-4e4e-85aa-8fcea532cc34,0707f5cf-683f-4642-b7bb-1bd95e11adca,7b93b556-7392-4ee7-91fe-7ca6c4ef1642,->,313d1fcf-fdf6-4e4e-85aa-8fcea532cc34,javax/swing/GroupLayout$SequentialGroup.java,addGroup
313d1fcf-fdf6-4e4e-85aa-8fcea532cc34,0707f5cf-683f-4642-b7bb-1bd95e11adca,7b93b556-7392-4ee7-91fe-7ca6c4ef1642,->,313d1fcf-fdf6-4e4e-85aa-8fcea532cc34,javax/swing/GroupLayout$ParallelGroup.java,addGroup
313d1fcf-fdf6-4e4e-85aa-8fcea532cc34,0707f5cf-683f-4642-b7bb-1bd95e11adca,7b93b556-7392-4ee7-91fe-7ca6c4ef1642,->,313d1fcf-fdf6-4e4e-85aa-8fcea532cc34,javax/swing/GroupLayout$SequentialGroup.java,addGroup
313d1fcf-fdf6-4e4e-85aa-8fcea532cc34,0707f5cf-683f-4642-b7bb-1bd95e11adca,7b93b556-7392-4ee7-91fe-7ca6c4ef1642,->,313d1fcf-fdf6-4e4e-85aa-8fcea532cc34,javax/swing/GroupLayout$SequentialGroup.java,addContainerGap
313d1fcf-fdf6-4e4e-85aa-8fcea532cc34,0707f5cf-683f-4642-b7bb-1bd95e11adca,7b93b556-7392-4ee7-91fe-7ca6c4ef1642,->,313d1fcf-fdf6-4e4e-85aa-8fcea532cc34,javax/swing/GroupLayout$ParallelGroup.java,addGroup
313d1fcf-fdf6-4e4e-85aa-8fcea532cc34,0707f5cf-683f-4642-b7bb-1bd95e11adca,7b93b556-7392-4ee7-91fe-7ca6c4ef1642,->,313d1fcf-fdf6-4e4e-85aa-8fcea532cc34,javax/swing/GroupLayout.java,setHorizontalGroup
313d1fcf-fdf6-4e4e-85aa-8fcea532cc34,0707f5cf-683f-4642-b7bb-1bd95e11adca,7b93b556-7392-4ee7-91fe-7ca6c4ef1642,->,313d1fcf-fdf6-4e4e-85aa-8fcea532cc34,javax/swing/GroupLayout.java,createParallelGroup
313d1fcf-fdf6-4e4e-85aa-8fcea532cc34,0707f5cf-683f-4642-b7bb-1bd95e11adca,7b93b556-7392-4ee7-91fe-7ca6c4ef1642,->,313d1fcf-fdf6-4e4e-85aa-8fcea532cc34,javax/swing/GroupLayout.java,createSequentialGroup
313d1fcf-fdf6-4e4e-85aa-8fcea532cc34,0707f5cf-683f-4642-b7bb-1bd95e11adca,7b93b556-7392-4ee7-91fe-7ca6c4ef1642,->,313d1fcf-fdf6-4e4e-85aa-8fcea532cc34,javax/swing/GroupLayout$SequentialGroup.java,addContainerGap
313d1fcf-fdf6-4e4e-85aa-8fcea532cc34,0707f5cf-683f-4642-b7bb-1bd95e11adca,7b93b556-7392-4ee7-91fe-7ca6c4ef1642,->,313d1fcf-fdf6-4e4e-85aa-8fcea532cc34,javax/swing/GroupLayout$SequentialGroup.java,addComponent
313d1fcf-fdf6-4e4e-85aa-8fcea532cc34,0707f5cf-683f-4642-b7bb-1bd95e11adca,7b93b556-7392-4ee7-91fe-7ca6c4ef1642,->,313d1fcf-fdf6-4e4e-85aa-8fcea532cc34,javax/swing/GroupLayout$SequentialGroup.java,addPreferredGap
313d1fcf-fdf6-4e4e-85aa-8fcea532cc34,0707f5cf-683f-4642-b7bb-1bd95e11adca,7b93b556-7392-4ee7-91fe-7ca6c4ef1642,->,313d1fcf-fdf6-4e4e-85aa-8fcea532cc34,javax/swing/GroupLayout$SequentialGroup.java,addComponent
313d1fcf-fdf6-4e4e-85aa-8fcea532cc34,0707f5cf-683f-4642-b7bb-1bd95e11adca,7b93b556-7392-4ee7-91fe-7ca6c4ef1642,->,313d1fcf-fdf6-4e4e-85aa-8fcea532cc34,javax/swing/GroupLayout$SequentialGroup.java,addPreferredGap
313d1fcf-fdf6-4e4e-85aa-8fcea532cc34,0707f5cf-683f-4642-b7bb-1bd95e11adca,7b93b556-7392-4ee7-91fe-7ca6c4ef1642,->,313d1fcf-fdf6-4e4e-85aa-8fcea532cc34,javax/swing/GroupLayout$SequentialGroup.java,addComponent
313d1fcf-fdf6-4e4e-85aa-8fcea532cc34,0707f5cf-683f-4642-b7bb-1bd95e11adca,7b93b556-7392-4ee7-91fe-7ca6c4ef1642,->,313d1fcf-fdf6-4e4e-85aa-8fcea532cc34,javax/swing/GroupLayout$SequentialGroup.java,addGap
313d1fcf-fdf6-4e4e-85aa-8fcea532cc34,0707f5cf-683f-4642-b7bb-1bd95e11adca,7b93b556-7392-4ee7-91fe-7ca6c4ef1642,->,313d1fcf-fdf6-4e4e-85aa-8fcea532cc34,javax/swing/GroupLayout$SequentialGroup.java,addComponent
313d1fcf-fdf6-4e4e-85aa-8fcea532cc34,0707f5cf-683f-4642-b7bb-1bd95e11adca,7b93b556-7392-4ee7-91fe-7ca6c4ef1642,->,313d1fcf-fdf6-4e4e-85aa-8fcea532cc34,javax/swing/GroupLayout$SequentialGroup.java,addPreferredGap
313d1fcf-fdf6-4e4e-85aa-8fcea532cc34,0707f5cf-683f-4642-b7bb-1bd95e11adca,7b93b556-7392-4ee7-91fe-7ca6c4ef1642,->,313d1fcf-fdf6-4e4e-85aa-8fcea532cc34,javax/swing/GroupLayout$SequentialGroup.java,addComponent
313d1fcf-fdf6-4e4e-85aa-8fcea532cc34,0707f5cf-683f-4642-b7bb-1bd95e11adca,7b93b556-7392-4ee7-91fe-7ca6c4ef1642,->,313d1fcf-fdf6-4e4e-85aa-8fcea532cc34,javax/swing/GroupLayout$SequentialGroup.java,addPreferredGap
313d1fcf-fdf6-4e4e-85aa-8fcea532cc34,0707f5cf-683f-4642-b7bb-1bd95e11adca,7b93b556-7392-4ee7-91fe-7ca6c4ef1642,->,313d1fcf-fdf6-4e4e-85aa-8fcea532cc34,javax/swing/GroupLayout$SequentialGroup.java,addComponent
313d1fcf-fdf6-4e4e-85aa-8fcea532cc34,0707f5cf-683f-4642-b7bb-1bd95e11adca,7b93b556-7392-4ee7-91fe-7ca6c4ef1642,->,313d1fcf-fdf6-4e4e-85aa-8fcea532cc34,javax/swing/GroupLayout$SequentialGroup.java,addPreferredGap
313d1fcf-fdf6-4e4e-85aa-8fcea532cc34,0707f5cf-683f-4642-b7bb-1bd95e11adca,7b93b556-7392-4ee7-91fe-7ca6c4ef1642,->,313d1fcf-fdf6-4e4e-85aa-8fcea532cc34,javax/swing/GroupLayout$SequentialGroup.java,addComponent
313d1fcf-fdf6-4e4e-85aa-8fcea532cc34,0707f5cf-683f-4642-b7bb-1bd95e11adca,7b93b556-7392-4ee7-91fe-7ca6c4ef1642,->,313d1fcf-fdf6-4e4e-85aa-8fcea532cc34,javax/swing/GroupLayout$SequentialGroup.java,addPreferredGap
313d1fcf-fdf6-4e4e-85aa-8fcea532cc34,0707f5cf-683f-4642-b7bb-1bd95e11adca,7b93b556-7392-4ee7-91fe-7ca6c4ef1642,->,313d1fcf-fdf6-4e4e-85aa-8fcea532cc34,javax/swing/GroupLayout$SequentialGroup.java,addComponent
313d1fcf-fdf6-4e4e-85aa-8fcea532cc34,0707f5cf-683f-4642-b7bb-1bd95e11adca,7b93b556-7392-4ee7-91fe-7ca6c4ef1642,->,313d1fcf-fdf6-4e4e-85aa-8fcea532cc34,javax/swing/GroupLayout$SequentialGroup.java,addPreferredGap
313d1fcf-fdf6-4e4e-85aa-8fcea532cc34,0707f5cf-683f-4642-b7bb-1bd95e11adca,7b93b556-7392-4ee7-91fe-7ca6c4ef1642,->,313d1fcf-fdf6-4e4e-85aa-8fcea532cc34,javax/swing/GroupLayout$SequentialGroup.java,addComponent
313d1fcf-fdf6-4e4e-85aa-8fcea532cc34,0707f5cf-683f-4642-b7bb-1bd95e11adca,7b93b556-7392-4ee7-91fe-7ca6c4ef1642,->,313d1fcf-fdf6-4e4e-85aa-8fcea532cc34,javax/swing/GroupLayout$SequentialGroup.java,addGap
313d1fcf-fdf6-4e4e-85aa-8fcea532cc34,0707f5cf-683f-4642-b7bb-1bd95e11adca,7b93b556-7392-4ee7-91fe-7ca6c4ef1642,->,313d1fcf-fdf6-4e4e-85aa-8fcea532cc34,javax/swing/GroupLayout.java,createParallelGroup
313d1fcf-fdf6-4e4e-85aa-8fcea532cc34,0707f5cf-683f-4642-b7bb-1bd95e11adca,7b93b556-7392-4ee7-91fe-7ca6c4ef1642,->,313d1fcf-fdf6-4e4e-85aa-8fcea532cc34,javax/swing/GroupLayout.java,createSequentialGroup
313d1fcf-fdf6-4e4e-85aa-8fcea532cc34,0707f5cf-683f-4642-b7bb-1bd95e11adca,7b93b556-7392-4ee7-91fe-7ca6c4ef1642,->,313d1fcf-fdf6-4e4e-85aa-8fcea532cc34,javax/swing/GroupLayout$SequentialGroup.java,addComponent
313d1fcf-fdf6-4e4e-85aa-8fcea532cc34,0707f5cf-683f-4642-b7bb-1bd95e11adca,7b93b556-7392-4ee7-91fe-7ca6c4ef1642,->,313d1fcf-fdf6-4e4e-85aa-8fcea532cc34,javax/swing/GroupLayout$SequentialGroup.java,addPreferredGap
313d1fcf-fdf6-4e4e-85aa-8fcea532cc34,0707f5cf-683f-4642-b7bb-1bd95e11adca,7b93b556-7392-4ee7-91fe-7ca6c4ef1642,->,313d1fcf-fdf6-4e4e-85aa-8fcea532cc34,javax/swing/GroupLayout.java,createParallelGroup
313d1fcf-fdf6-4e4e-85aa-8fcea532cc34,0707f5cf-683f-4642-b7bb-1bd95e11adca,7b93b556-7392-4ee7-91fe-7ca6c4ef1642,->,313d1fcf-fdf6-4e4e-85aa-8fcea532cc34,javax/swing/GroupLayout$ParallelGroup.java,addComponent
313d1fcf-fdf6-4e4e-85aa-8fcea532cc34,0707f5cf-683f-4642-b7bb-1bd95e11adca,7b93b556-7392-4ee7-91fe-7ca6c4ef1642,->,313d1fcf-fdf6-4e4e-85aa-8fcea532cc34,javax/swing/GroupLayout$ParallelGroup.java,addComponent
313d1fcf-fdf6-4e4e-85aa-8fcea532cc34,0707f5cf-683f-4642-b7bb-1bd95e11adca,7b93b556-7392-4ee7-91fe-7ca6c4ef1642,->,313d1fcf-fdf6-4e4e-85aa-8fcea532cc34,javax/swing/GroupLayout$ParallelGroup.java,addComponent
313d1fcf-fdf6-4e4e-85aa-8fcea532cc34,0707f5cf-683f-4642-b7bb-1bd95e11adca,7b93b556-7392-4ee7-91fe-7ca6c4ef1642,->,313d1fcf-fdf6-4e4e-85aa-8fcea532cc34,javax/swing/GroupLayout$SequentialGroup.java,addGroup
313d1fcf-fdf6-4e4e-85aa-8fcea532cc34,0707f5cf-683f-4642-b7bb-1bd95e11adca,7b93b556-7392-4ee7-91fe-7ca6c4ef1642,->,313d1fcf-fdf6-4e4e-85aa-8fcea532cc34,javax/swing/GroupLayout$SequentialGroup.java,addGap
313d1fcf-fdf6-4e4e-85aa-8fcea532cc34,0707f5cf-683f-4642-b7bb-1bd95e11adca,7b93b556-7392-4ee7-91fe-7ca6c4ef1642,->,313d1fcf-fdf6-4e4e-85aa-8fcea532cc34,javax/swing/GroupLayout$SequentialGroup.java,addComponent
313d1fcf-fdf6-4e4e-85aa-8fcea532cc34,0707f5cf-683f-4642-b7bb-1bd95e11adca,7b93b556-7392-4ee7-91fe-7ca6c4ef1642,->,313d1fcf-fdf6-4e4e-85aa-8fcea532cc34,javax/swing/GroupLayout$SequentialGroup.java,addPreferredGap
313d1fcf-fdf6-4e4e-85aa-8fcea532cc34,0707f5cf-683f-4642-b7bb-1bd95e11adca,7b93b556-7392-4ee7-91fe-7ca6c4ef1642,->,313d1fcf-fdf6-4e4e-85aa-8fcea532cc34,javax/swing/GroupLayout$SequentialGroup.java,addComponent
313d1fcf-fdf6-4e4e-85aa-8fcea532cc34,0707f5cf-683f-4642-b7bb-1bd95e11adca,7b93b556-7392-4ee7-91fe-7ca6c4ef1642,->,313d1fcf-fdf6-4e4e-85aa-8fcea532cc34,javax/swing/GroupLayout$ParallelGroup.java,addGroup
313d1fcf-fdf6-4e4e-85aa-8fcea532cc34,0707f5cf-683f-4642-b7bb-1bd95e11adca,7b93b556-7392-4ee7-91fe-7ca6c4ef1642,->,313d1fcf-fdf6-4e4e-85aa-8fcea532cc34,javax/swing/GroupLayout$ParallelGroup.java,addComponent
313d1fcf-fdf6-4e4e-85aa-8fcea532cc34,0707f5cf-683f-4642-b7bb-1bd95e11adca,7b93b556-7392-4ee7-91fe-7ca6c4ef1642,->,313d1fcf-fdf6-4e4e-85aa-8fcea532cc34,javax/swing/GroupLayout$SequentialGroup.java,addGroup
313d1fcf-fdf6-4e4e-85aa-8fcea532cc34,0707f5cf-683f-4642-b7bb-1bd95e11adca,7b93b556-7392-4ee7-91fe-7ca6c4ef1642,->,313d1fcf-fdf6-4e4e-85aa-8fcea532cc34,javax/swing/GroupLayout$SequentialGroup.java,addContainerGap
313d1fcf-fdf6-4e4e-85aa-8fcea532cc34,0707f5cf-683f-4642-b7bb-1bd95e11adca,7b93b556-7392-4ee7-91fe-7ca6c4ef1642,->,313d1fcf-fdf6-4e4e-85aa-8fcea532cc34,javax/swing/GroupLayout$ParallelGroup.java,addGroup
313d1fcf-fdf6-4e4e-85aa-8fcea532cc34,0707f5cf-683f-4642-b7bb-1bd95e11adca,7b93b556-7392-4ee7-91fe-7ca6c4ef1642,->,313d1fcf-fdf6-4e4e-85aa-8fcea532cc34,javax/swing/GroupLayout.java,setVerticalGroup
313d1fcf-fdf6-4e4e-85aa-8fcea532cc34,0707f5cf-683f-4642-b7bb-1bd95e11adca,7b93b556-7392-4ee7-91fe-7ca6c4ef1642,->,313d1fcf-fdf6-4e4e-85aa-8fcea532cc34,java/lang/Object.java,getClass
313d1fcf-fdf6-4e4e-85aa-8fcea532cc34,0707f5cf-683f-4642-b7bb-1bd95e11adca,7b93b556-7392-4ee7-91fe-7ca6c4ef1642,->,313d1fcf-fdf6-4e4e-85aa-8fcea532cc34,java/lang/Class.java,getResource
313d1fcf-fdf6-4e4e-85aa-8fcea532cc34,0707f5cf-683f-4642-b7bb-1bd95e11adca,7b93b556-7392-4ee7-91fe-7ca6c4ef1642,->,313d1fcf-fdf6-4e4e-85aa-8fcea532cc34,javax/swing/JTabbedPane.java,addTab
313d1fcf-fdf6-4e4e-85aa-8fcea532cc34,0707f5cf-683f-4642-b7bb-1bd95e11adca,7b93b556-7392-4ee7-91fe-7ca6c4ef1642,->,313d1fcf-fdf6-4e4e-85aa-8fcea532cc34,javax/swing/JLabel.java,setFont
313d1fcf-fdf6-4e4e-85aa-8fcea532cc34,0707f5cf-683f-4642-b7bb-1bd95e11adca,7b93b556-7392-4ee7-91fe-7ca6c4ef1642,->,313d1fcf-fdf6-4e4e-85aa-8fcea532cc34,java/lang/Object.java,getClass
313d1fcf-fdf6-4e4e-85aa-8fcea532cc34,0707f5cf-683f-4642-b7bb-1bd95e11adca,7b93b556-7392-4ee7-91fe-7ca6c4ef1642,->,313d1fcf-fdf6-4e4e-85aa-8fcea532cc34,java/lang/Class.java,getResource
313d1fcf-fdf6-4e4e-85aa-8fcea532cc34,0707f5cf-683f-4642-b7bb-1bd95e11adca,7b93b556-7392-4ee7-91fe-7ca6c4ef1642,->,313d1fcf-fdf6-4e4e-85aa-8fcea532cc34,javax/swing/JLabel.java,setIcon
313d1fcf-fdf6-4e4e-85aa-8fcea532cc34,0707f5cf-683f-4642-b7bb-1bd95e11adca,7b93b556-7392-4ee7-91fe-7ca6c4ef1642,->,313d1fcf-fdf6-4e4e-85aa-8fcea532cc34,javax/swing/JLabel.java,setText
313d1fcf-fdf6-4e4e-85aa-8fcea532cc34,0707f5cf-683f-4642-b7bb-1bd95e11adca,7b93b556-7392-4ee7-91fe-7ca6c4ef1642,->,313d1fcf-fdf6-4e4e-85aa-8fcea532cc34,javax/swing/JLabel.java,setFont
313d1fcf-fdf6-4e4e-85aa-8fcea532cc34,0707f5cf-683f-4642-b7bb-1bd95e11adca,7b93b556-7392-4ee7-91fe-7ca6c4ef1642,->,313d1fcf-fdf6-4e4e-85aa-8fcea532cc34,javax/swing/JLabel.java,setText
313d1fcf-fdf6-4e4e-85aa-8fcea532cc34,0707f5cf-683f-4642-b7bb-1bd95e11adca,7b93b556-7392-4ee7-91fe-7ca6c4ef1642,->,313d1fcf-fdf6-4e4e-85aa-8fcea532cc34,javax/swing/JPanel.java,setBackground
313d1fcf-fdf6-4e4e-85aa-8fcea532cc34,0707f5cf-683f-4642-b7bb-1bd95e11adca,7b93b556-7392-4ee7-91fe-7ca6c4ef1642,->,313d1fcf-fdf6-4e4e-85aa-8fcea532cc34,javax/swing/JPanel.java,setLayout
313d1fcf-fdf6-4e4e-85aa-8fcea532cc34,0707f5cf-683f-4642-b7bb-1bd95e11adca,7b93b556-7392-4ee7-91fe-7ca6c4ef1642,->,313d1fcf-fdf6-4e4e-85aa-8fcea532cc34,javax/swing/GroupLayout.java,createParallelGroup
313d1fcf-fdf6-4e4e-85aa-8fcea532cc34,0707f5cf-683f-4642-b7bb-1bd95e11adca,7b93b556-7392-4ee7-91fe-7ca6c4ef1642,->,313d1fcf-fdf6-4e4e-85aa-8fcea532cc34,javax/swing/GroupLayout$ParallelGroup.java,addGap
313d1fcf-fdf6-4e4e-85aa-8fcea532cc34,0707f5cf-683f-4642-b7bb-1bd95e11adca,7b93b556-7392-4ee7-91fe-7ca6c4ef1642,->,313d1fcf-fdf6-4e4e-85aa-8fcea532cc34,javax/swing/GroupLayout.java,setHorizontalGroup
313d1fcf-fdf6-4e4e-85aa-8fcea532cc34,0707f5cf-683f-4642-b7bb-1bd95e11adca,7b93b556-7392-4ee7-91fe-7ca6c4ef1642,->,313d1fcf-fdf6-4e4e-85aa-8fcea532cc34,javax/swing/GroupLayout.java,createParallelGroup
313d1fcf-fdf6-4e4e-85aa-8fcea532cc34,0707f5cf-683f-4642-b7bb-1bd95e11adca,7b93b556-7392-4ee7-91fe-7ca6c4ef1642,->,313d1fcf-fdf6-4e4e-85aa-8fcea532cc34,javax/swing/GroupLayout$ParallelGroup.java,addGap
313d1fcf-fdf6-4e4e-85aa-8fcea532cc34,0707f5cf-683f-4642-b7bb-1bd95e11adca,7b93b556-7392-4ee7-91fe-7ca6c4ef1642,->,313d1fcf-fdf6-4e4e-85aa-8fcea532cc34,javax/swing/GroupLayout.java,setVerticalGroup
313d1fcf-fdf6-4e4e-85aa-8fcea532cc34,0707f5cf-683f-4642-b7bb-1bd95e11adca,7b93b556-7392-4ee7-91fe-7ca6c4ef1642,->,313d1fcf-fdf6-4e4e-85aa-8fcea532cc34,javax/swing/JPanel.java,setBackground
313d1fcf-fdf6-4e4e-85aa-8fcea532cc34,0707f5cf-683f-4642-b7bb-1bd95e11adca,7b93b556-7392-4ee7-91fe-7ca6c4ef1642,->,313d1fcf-fdf6-4e4e-85aa-8fcea532cc34,javax/swing/JPanel.java,setLayout
313d1fcf-fdf6-4e4e-85aa-8fcea532cc34,0707f5cf-683f-4642-b7bb-1bd95e11adca,7b93b556-7392-4ee7-91fe-7ca6c4ef1642,->,313d1fcf-fdf6-4e4e-85aa-8fcea532cc34,javax/swing/GroupLayout.java,createParallelGroup
313d1fcf-fdf6-4e4e-85aa-8fcea532cc34,0707f5cf-683f-4642-b7bb-1bd95e11adca,7b93b556-7392-4ee7-91fe-7ca6c4ef1642,->,313d1fcf-fdf6-4e4e-85aa-8fcea532cc34,javax/swing/GroupLayout$ParallelGroup.java,addGap
313d1fcf-fdf6-4e4e-85aa-8fcea532cc34,0707f5cf-683f-4642-b7bb-1bd95e11adca,7b93b556-7392-4ee7-91fe-7ca6c4ef1642,->,313d1fcf-fdf6-4e4e-85aa-8fcea532cc34,javax/swing/GroupLayout.java,setHorizontalGroup
313d1fcf-fdf6-4e4e-85aa-8fcea532cc34,0707f5cf-683f-4642-b7bb-1bd95e11adca,7b93b556-7392-4ee7-91fe-7ca6c4ef1642,->,313d1fcf-fdf6-4e4e-85aa-8fcea532cc34,javax/swing/GroupLayout.java,createParallelGroup
313d1fcf-fdf6-4e4e-85aa-8fcea532cc34,0707f5cf-683f-4642-b7bb-1bd95e11adca,7b93b556-7392-4ee7-91fe-7ca6c4ef1642,->,313d1fcf-fdf6-4e4e-85aa-8fcea532cc34,javax/swing/GroupLayout$ParallelGroup.java,addGap
313d1fcf-fdf6-4e4e-85aa-8fcea532cc34,0707f5cf-683f-4642-b7bb-1bd95e11adca,7b93b556-7392-4ee7-91fe-7ca6c4ef1642,->,313d1fcf-fdf6-4e4e-85aa-8fcea532cc34,javax/swing/GroupLayout.java,setVerticalGroup
313d1fcf-fdf6-4e4e-85aa-8fcea532cc34,0707f5cf-683f-4642-b7bb-1bd95e11adca,7b93b556-7392-4ee7-91fe-7ca6c4ef1642,->,313d1fcf-fdf6-4e4e-85aa-8fcea532cc34,javax/swing/JPanel.java,setBackground
313d1fcf-fdf6-4e4e-85aa-8fcea532cc34,0707f5cf-683f-4642-b7bb-1bd95e11adca,7b93b556-7392-4ee7-91fe-7ca6c4ef1642,->,313d1fcf-fdf6-4e4e-85aa-8fcea532cc34,javax/swing/JPanel.java,setLayout
313d1fcf-fdf6-4e4e-85aa-8fcea532cc34,0707f5cf-683f-4642-b7bb-1bd95e11adca,7b93b556-7392-4ee7-91fe-7ca6c4ef1642,->,313d1fcf-fdf6-4e4e-85aa-8fcea532cc34,javax/swing/GroupLayout.java,createParallelGroup
313d1fcf-fdf6-4e4e-85aa-8fcea532cc34,0707f5cf-683f-4642-b7bb-1bd95e11adca,7b93b556-7392-4ee7-91fe-7ca6c4ef1642,->,313d1fcf-fdf6-4e4e-85aa-8fcea532cc34,javax/swing/GroupLayout$ParallelGroup.java,addGap
313d1fcf-fdf6-4e4e-85aa-8fcea532cc34,0707f5cf-683f-4642-b7bb-1bd95e11adca,7b93b556-7392-4ee7-91fe-7ca6c4ef1642,->,313d1fcf-fdf6-4e4e-85aa-8fcea532cc34,javax/swing/GroupLayout.java,setHorizontalGroup
313d1fcf-fdf6-4e4e-85aa-8fcea532cc34,0707f5cf-683f-4642-b7bb-1bd95e11adca,7b93b556-7392-4ee7-91fe-7ca6c4ef1642,->,313d1fcf-fdf6-4e4e-85aa-8fcea532cc34,javax/swing/GroupLayout.java,createParallelGroup
313d1fcf-fdf6-4e4e-85aa-8fcea532cc34,0707f5cf-683f-4642-b7bb-1bd95e11adca,7b93b556-7392-4ee7-91fe-7ca6c4ef1642,->,313d1fcf-fdf6-4e4e-85aa-8fcea532cc34,javax/swing/GroupLayout$ParallelGroup.java,addGap
313d1fcf-fdf6-4e4e-85aa-8fcea532cc34,0707f5cf-683f-4642-b7bb-1bd95e11adca,7b93b556-7392-4ee7-91fe-7ca6c4ef1642,->,313d1fcf-fdf6-4e4e-85aa-8fcea532cc34,javax/swing/GroupLayout.java,setVerticalGroup
313d1fcf-fdf6-4e4e-85aa-8fcea532cc34,0707f5cf-683f-4642-b7bb-1bd95e11adca,7b93b556-7392-4ee7-91fe-7ca6c4ef1642,->,313d1fcf-fdf6-4e4e-85aa-8fcea532cc34,javax/swing/JLabel.java,setFont
313d1fcf-fdf6-4e4e-85aa-8fcea532cc34,0707f5cf-683f-4642-b7bb-1bd95e11adca,7b93b556-7392-4ee7-91fe-7ca6c4ef1642,->,313d1fcf-fdf6-4e4e-85aa-8fcea532cc34,java/lang/Object.java,getClass
313d1fcf-fdf6-4e4e-85aa-8fcea532cc34,0707f5cf-683f-4642-b7bb-1bd95e11adca,7b93b556-7392-4ee7-91fe-7ca6c4ef1642,->,313d1fcf-fdf6-4e4e-85aa-8fcea532cc34,java/lang/Class.java,getResource
313d1fcf-fdf6-4e4e-85aa-8fcea532cc34,0707f5cf-683f-4642-b7bb-1bd95e11adca,7b93b556-7392-4ee7-91fe-7ca6c4ef1642,->,313d1fcf-fdf6-4e4e-85aa-8fcea532cc34,javax/swing/JLabel.java,setIcon
313d1fcf-fdf6-4e4e-85aa-8fcea532cc34,0707f5cf-683f-4642-b7bb-1bd95e11adca,7b93b556-7392-4ee7-91fe-7ca6c4ef1642,->,313d1fcf-fdf6-4e4e-85aa-8fcea532cc34,javax/swing/JLabel.java,setText
313d1fcf-fdf6-4e4e-85aa-8fcea532cc34,0707f5cf-683f-4642-b7bb-1bd95e11adca,7b93b556-7392-4ee7-91fe-7ca6c4ef1642,->,313d1fcf-fdf6-4e4e-85aa-8fcea532cc34,javax/swing/JLabel.java,setFont
313d1fcf-fdf6-4e4e-85aa-8fcea532cc34,0707f5cf-683f-4642-b7bb-1bd95e11adca,7b93b556-7392-4ee7-91fe-7ca6c4ef1642,->,313d1fcf-fdf6-4e4e-85aa-8fcea532cc34,java/lang/Object.java,getClass
313d1fcf-fdf6-4e4e-85aa-8fcea532cc34,0707f5cf-683f-4642-b7bb-1bd95e11adca,7b93b556-7392-4ee7-91fe-7ca6c4ef1642,->,313d1fcf-fdf6-4e4e-85aa-8fcea532cc34,java/lang/Class.java,getResource
313d1fcf-fdf6-4e4e-85aa-8fcea532cc34,0707f5cf-683f-4642-b7bb-1bd95e11adca,7b93b556-7392-4ee7-91fe-7ca6c4ef1642,->,313d1fcf-fdf6-4e4e-85aa-8fcea532cc34,javax/swing/JLabel.java,setIcon
313d1fcf-fdf6-4e4e-85aa-8fcea532cc34,0707f5cf-683f-4642-b7bb-1bd95e11adca,7b93b556-7392-4ee7-91fe-7ca6c4ef1642,->,313d1fcf-fdf6-4e4e-85aa-8fcea532cc34,javax/swing/JLabel.java,setText
313d1fcf-fdf6-4e4e-85aa-8fcea532cc34,0707f5cf-683f-4642-b7bb-1bd95e11adca,7b93b556-7392-4ee7-91fe-7ca6c4ef1642,->,313d1fcf-fdf6-4e4e-85aa-8fcea532cc34,javax/swing/JLabel.java,setFont
313d1fcf-fdf6-4e4e-85aa-8fcea532cc34,0707f5cf-683f-4642-b7bb-1bd95e11adca,7b93b556-7392-4ee7-91fe-7ca6c4ef1642,->,313d1fcf-fdf6-4e4e-85aa-8fcea532cc34,javax/swing/JLabel.java,setHorizontalAlignment
313d1fcf-fdf6-4e4e-85aa-8fcea532cc34,0707f5cf-683f-4642-b7bb-1bd95e11adca,7b93b556-7392-4ee7-91fe-7ca6c4ef1642,->,313d1fcf-fdf6-4e4e-85aa-8fcea532cc34,java/lang/Object.java,getClass
313d1fcf-fdf6-4e4e-85aa-8fcea532cc34,0707f5cf-683f-4642-b7bb-1bd95e11adca,7b93b556-7392-4ee7-91fe-7ca6c4ef1642,->,313d1fcf-fdf6-4e4e-85aa-8fcea532cc34,java/lang/Class.java,getResource
313d1fcf-fdf6-4e4e-85aa-8fcea532cc34,0707f5cf-683f-4642-b7bb-1bd95e11adca,7b93b556-7392-4ee7-91fe-7ca6c4ef1642,->,313d1fcf-fdf6-4e4e-85aa-8fcea532cc34,javax/swing/JLabel.java,setIcon
313d1fcf-fdf6-4e4e-85aa-8fcea532cc34,0707f5cf-683f-4642-b7bb-1bd95e11adca,7b93b556-7392-4ee7-91fe-7ca6c4ef1642,->,313d1fcf-fdf6-4e4e-85aa-8fcea532cc34,javax/swing/JLabel.java,setText
313d1fcf-fdf6-4e4e-85aa-8fcea532cc34,0707f5cf-683f-4642-b7bb-1bd95e11adca,7b93b556-7392-4ee7-91fe-7ca6c4ef1642,->,313d1fcf-fdf6-4e4e-85aa-8fcea532cc34,javax/swing/JLabel.java,setFont
313d1fcf-fdf6-4e4e-85aa-8fcea532cc34,0707f5cf-683f-4642-b7bb-1bd95e11adca,7b93b556-7392-4ee7-91fe-7ca6c4ef1642,->,313d1fcf-fdf6-4e4e-85aa-8fcea532cc34,java/lang/Object.java,getClass
313d1fcf-fdf6-4e4e-85aa-8fcea532cc34,0707f5cf-683f-4642-b7bb-1bd95e11adca,7b93b556-7392-4ee7-91fe-7ca6c4ef1642,->,313d1fcf-fdf6-4e4e-85aa-8fcea532cc34,java/lang/Class.java,getResource
313d1fcf-fdf6-4e4e-85aa-8fcea532cc34,0707f5cf-683f-4642-b7bb-1bd95e11adca,7b93b556-7392-4ee7-91fe-7ca6c4ef1642,->,313d1fcf-fdf6-4e4e-85aa-8fcea532cc34,javax/swing/JLabel.java,setIcon
313d1fcf-fdf6-4e4e-85aa-8fcea532cc34,0707f5cf-683f-4642-b7bb-1bd95e11adca,7b93b556-7392-4ee7-91fe-7ca6c4ef1642,->,313d1fcf-fdf6-4e4e-85aa-8fcea532cc34,javax/swing/JLabel.java,setText
313d1fcf-fdf6-4e4e-85aa-8fcea532cc34,0707f5cf-683f-4642-b7bb-1bd95e11adca,7b93b556-7392-4ee7-91fe-7ca6c4ef1642,->,313d1fcf-fdf6-4e4e-85aa-8fcea532cc34,javax/swing/JLabel.java,setFont
313d1fcf-fdf6-4e4e-85aa-8fcea532cc34,0707f5cf-683f-4642-b7bb-1bd95e11adca,7b93b556-7392-4ee7-91fe-7ca6c4ef1642,->,313d1fcf-fdf6-4e4e-85aa-8fcea532cc34,javax/swing/JLabel.java,setText
313d1fcf-fdf6-4e4e-85aa-8fcea532cc34,0707f5cf-683f-4642-b7bb-1bd95e11adca,7b93b556-7392-4ee7-91fe-7ca6c4ef1642,->,313d1fcf-fdf6-4e4e-85aa-8fcea532cc34,javax/swing/JLabel.java,setFont
313d1fcf-fdf6-4e4e-85aa-8fcea532cc34,0707f5cf-683f-4642-b7bb-1bd95e11adca,7b93b556-7392-4ee7-91fe-7ca6c4ef1642,->,313d1fcf-fdf6-4e4e-85aa-8fcea532cc34,javax/swing/JLabel.java,setText
313d1fcf-fdf6-4e4e-85aa-8fcea532cc34,0707f5cf-683f-4642-b7bb-1bd95e11adca,7b93b556-7392-4ee7-91fe-7ca6c4ef1642,->,313d1fcf-fdf6-4e4e-85aa-8fcea532cc34,javax/swing/JLabel.java,setFont
313d1fcf-fdf6-4e4e-85aa-8fcea532cc34,0707f5cf-683f-4642-b7bb-1bd95e11adca,7b93b556-7392-4ee7-91fe-7ca6c4ef1642,->,313d1fcf-fdf6-4e4e-85aa-8fcea532cc34,javax/swing/JLabel.java,setText
313d1fcf-fdf6-4e4e-85aa-8fcea532cc34,0707f5cf-683f-4642-b7bb-1bd95e11adca,7b93b556-7392-4ee7-91fe-7ca6c4ef1642,->,313d1fcf-fdf6-4e4e-85aa-8fcea532cc34,javax/swing/JLabel.java,setFont
313d1fcf-fdf6-4e4e-85aa-8fcea532cc34,0707f5cf-683f-4642-b7bb-1bd95e11adca,7b93b556-7392-4ee7-91fe-7ca6c4ef1642,->,313d1fcf-fdf6-4e4e-85aa-8fcea532cc34,javax/swing/JLabel.java,setText
313d1fcf-fdf6-4e4e-85aa-8fcea532cc34,0707f5cf-683f-4642-b7bb-1bd95e11adca,7b93b556-7392-4ee7-91fe-7ca6c4ef1642,->,313d1fcf-fdf6-4e4e-85aa-8fcea532cc34,javax/swing/JLabel.java,setFont
313d1fcf-fdf6-4e4e-85aa-8fcea532cc34,0707f5cf-683f-4642-b7bb-1bd95e11adca,7b93b556-7392-4ee7-91fe-7ca6c4ef1642,->,313d1fcf-fdf6-4e4e-85aa-8fcea532cc34,java/lang/Object.java,getClass
313d1fcf-fdf6-4e4e-85aa-8fcea532cc34,0707f5cf-683f-4642-b7bb-1bd95e11adca,7b93b556-7392-4ee7-91fe-7ca6c4ef1642,->,313d1fcf-fdf6-4e4e-85aa-8fcea532cc34,java/lang/Class.java,getResource
313d1fcf-fdf6-4e4e-85aa-8fcea532cc34,0707f5cf-683f-4642-b7bb-1bd95e11adca,7b93b556-7392-4ee7-91fe-7ca6c4ef1642,->,313d1fcf-fdf6-4e4e-85aa-8fcea532cc34,javax/swing/JLabel.java,setIcon
313d1fcf-fdf6-4e4e-85aa-8fcea532cc34,0707f5cf-683f-4642-b7bb-1bd95e11adca,7b93b556-7392-4ee7-91fe-7ca6c4ef1642,->,313d1fcf-fdf6-4e4e-85aa-8fcea532cc34,javax/swing/JLabel.java,setText
313d1fcf-fdf6-4e4e-85aa-8fcea532cc34,0707f5cf-683f-4642-b7bb-1bd95e11adca,7b93b556-7392-4ee7-91fe-7ca6c4ef1642,->,313d1fcf-fdf6-4e4e-85aa-8fcea532cc34,javax/swing/JLabel.java,setFont
313d1fcf-fdf6-4e4e-85aa-8fcea532cc34,0707f5cf-683f-4642-b7bb-1bd95e11adca,7b93b556-7392-4ee7-91fe-7ca6c4ef1642,->,313d1fcf-fdf6-4e4e-85aa-8fcea532cc34,javax/swing/JLabel.java,setText
313d1fcf-fdf6-4e4e-85aa-8fcea532cc34,0707f5cf-683f-4642-b7bb-1bd95e11adca,7b93b556-7392-4ee7-91fe-7ca6c4ef1642,->,313d1fcf-fdf6-4e4e-85aa-8fcea532cc34,javax/swing/JLabel.java,setFont
313d1fcf-fdf6-4e4e-85aa-8fcea532cc34,0707f5cf-683f-4642-b7bb-1bd95e11adca,7b93b556-7392-4ee7-91fe-7ca6c4ef1642,->,313d1fcf-fdf6-4e4e-85aa-8fcea532cc34,javax/swing/JLabel.java,setText
313d1fcf-fdf6-4e4e-85aa-8fcea532cc34,0707f5cf-683f-4642-b7bb-1bd95e11adca,7b93b556-7392-4ee7-91fe-7ca6c4ef1642,->,313d1fcf-fdf6-4e4e-85aa-8fcea532cc34,javax/swing/JLabel.java,setFont
313d1fcf-fdf6-4e4e-85aa-8fcea532cc34,0707f5cf-683f-4642-b7bb-1bd95e11adca,7b93b556-7392-4ee7-91fe-7ca6c4ef1642,->,313d1fcf-fdf6-4e4e-85aa-8fcea532cc34,java/lang/Object.java,getClass
313d1fcf-fdf6-4e4e-85aa-8fcea532cc34,0707f5cf-683f-4642-b7bb-1bd95e11adca,7b93b556-7392-4ee7-91fe-7ca6c4ef1642,->,313d1fcf-fdf6-4e4e-85aa-8fcea532cc34,java/lang/Class.java,getResource
313d1fcf-fdf6-4e4e-85aa-8fcea532cc34,0707f5cf-683f-4642-b7bb-1bd95e11adca,7b93b556-7392-4ee7-91fe-7ca6c4ef1642,->,313d1fcf-fdf6-4e4e-85aa-8fcea532cc34,javax/swing/JLabel.java,setIcon
313d1fcf-fdf6-4e4e-85aa-8fcea532cc34,0707f5cf-683f-4642-b7bb-1bd95e11adca,7b93b556-7392-4ee7-91fe-7ca6c4ef1642,->,313d1fcf-fdf6-4e4e-85aa-8fcea532cc34,javax/swing/JLabel.java,setText
313d1fcf-fdf6-4e4e-85aa-8fcea532cc34,0707f5cf-683f-4642-b7bb-1bd95e11adca,7b93b556-7392-4ee7-91fe-7ca6c4ef1642,->,313d1fcf-fdf6-4e4e-85aa-8fcea532cc34,javax/swing/JLabel.java,setFont
313d1fcf-fdf6-4e4e-85aa-8fcea532cc34,0707f5cf-683f-4642-b7bb-1bd95e11adca,7b93b556-7392-4ee7-91fe-7ca6c4ef1642,->,313d1fcf-fdf6-4e4e-85aa-8fcea532cc34,javax/swing/JLabel.java,setText
313d1fcf-fdf6-4e4e-85aa-8fcea532cc34,0707f5cf-683f-4642-b7bb-1bd95e11adca,7b93b556-7392-4ee7-91fe-7ca6c4ef1642,->,313d1fcf-fdf6-4e4e-85aa-8fcea532cc34,javax/swing/JLabel.java,setFont
313d1fcf-fdf6-4e4e-85aa-8fcea532cc34,0707f5cf-683f-4642-b7bb-1bd95e11adca,7b93b556-7392-4ee7-91fe-7ca6c4ef1642,->,313d1fcf-fdf6-4e4e-85aa-8fcea532cc34,javax/swing/JLabel.java,setText
313d1fcf-fdf6-4e4e-85aa-8fcea532cc34,0707f5cf-683f-4642-b7bb-1bd95e11adca,7b93b556-7392-4ee7-91fe-7ca6c4ef1642,->,313d1fcf-fdf6-4e4e-85aa-8fcea532cc34,javax/swing/JLabel.java,setFont
313d1fcf-fdf6-4e4e-85aa-8fcea532cc34,0707f5cf-683f-4642-b7bb-1bd95e11adca,7b93b556-7392-4ee7-91fe-7ca6c4ef1642,->,313d1fcf-fdf6-4e4e-85aa-8fcea532cc34,java/lang/Object.java,getClass
313d1fcf-fdf6-4e4e-85aa-8fcea532cc34,0707f5cf-683f-4642-b7bb-1bd95e11adca,7b93b556-7392-4ee7-91fe-7ca6c4ef1642,->,313d1fcf-fdf6-4e4e-85aa-8fcea532cc34,java/lang/Class.java,getResource
313d1fcf-fdf6-4e4e-85aa-8fcea532cc34,0707f5cf-683f-4642-b7bb-1bd95e11adca,7b93b556-7392-4ee7-91fe-7ca6c4ef1642,->,313d1fcf-fdf6-4e4e-85aa-8fcea532cc34,javax/swing/JLabel.java,setIcon
313d1fcf-fdf6-4e4e-85aa-8fcea532cc34,0707f5cf-683f-4642-b7bb-1bd95e11adca,7b93b556-7392-4ee7-91fe-7ca6c4ef1642,->,313d1fcf-fdf6-4e4e-85aa-8fcea532cc34,javax/swing/JLabel.java,setText
313d1fcf-fdf6-4e4e-85aa-8fcea532cc34,0707f5cf-683f-4642-b7bb-1bd95e11adca,7b93b556-7392-4ee7-91fe-7ca6c4ef1642,->,313d1fcf-fdf6-4e4e-85aa-8fcea532cc34,javax/swing/JLabel.java,setFont
313d1fcf-fdf6-4e4e-85aa-8fcea532cc34,0707f5cf-683f-4642-b7bb-1bd95e11adca,7b93b556-7392-4ee7-91fe-7ca6c4ef1642,->,313d1fcf-fdf6-4e4e-85aa-8fcea532cc34,javax/swing/JLabel.java,setText
313d1fcf-fdf6-4e4e-85aa-8fcea532cc34,0707f5cf-683f-4642-b7bb-1bd95e11adca,7b93b556-7392-4ee7-91fe-7ca6c4ef1642,->,313d1fcf-fdf6-4e4e-85aa-8fcea532cc34,javax/swing/JLabel.java,setFont
313d1fcf-fdf6-4e4e-85aa-8fcea532cc34,0707f5cf-683f-4642-b7bb-1bd95e11adca,7b93b556-7392-4ee7-91fe-7ca6c4ef1642,->,313d1fcf-fdf6-4e4e-85aa-8fcea532cc34,javax/swing/JLabel.java,setText
313d1fcf-fdf6-4e4e-85aa-8fcea532cc34,0707f5cf-683f-4642-b7bb-1bd95e11adca,7b93b556-7392-4ee7-91fe-7ca6c4ef1642,->,313d1fcf-fdf6-4e4e-85aa-8fcea532cc34,javax/swing/JLabel.java,setFont
313d1fcf-fdf6-4e4e-85aa-8fcea532cc34,0707f5cf-683f-4642-b7bb-1bd95e11adca,7b93b556-7392-4ee7-91fe-7ca6c4ef1642,->,313d1fcf-fdf6-4e4e-85aa-8fcea532cc34,java/lang/Object.java,getClass
313d1fcf-fdf6-4e4e-85aa-8fcea532cc34,0707f5cf-683f-4642-b7bb-1bd95e11adca,7b93b556-7392-4ee7-91fe-7ca6c4ef1642,->,313d1fcf-fdf6-4e4e-85aa-8fcea532cc34,java/lang/Class.java,getResource
313d1fcf-fdf6-4e4e-85aa-8fcea532cc34,0707f5cf-683f-4642-b7bb-1bd95e11adca,7b93b556-7392-4ee7-91fe-7ca6c4ef1642,->,313d1fcf-fdf6-4e4e-85aa-8fcea532cc34,javax/swing/JLabel.java,setIcon
313d1fcf-fdf6-4e4e-85aa-8fcea532cc34,0707f5cf-683f-4642-b7bb-1bd95e11adca,7b93b556-7392-4ee7-91fe-7ca6c4ef1642,->,313d1fcf-fdf6-4e4e-85aa-8fcea532cc34,javax/swing/JLabel.java,setText
313d1fcf-fdf6-4e4e-85aa-8fcea532cc34,0707f5cf-683f-4642-b7bb-1bd95e11adca,7b93b556-7392-4ee7-91fe-7ca6c4ef1642,->,313d1fcf-fdf6-4e4e-85aa-8fcea532cc34,javax/swing/JLabel.java,setFont
313d1fcf-fdf6-4e4e-85aa-8fcea532cc34,0707f5cf-683f-4642-b7bb-1bd95e11adca,7b93b556-7392-4ee7-91fe-7ca6c4ef1642,->,313d1fcf-fdf6-4e4e-85aa-8fcea532cc34,javax/swing/JLabel.java,setText
313d1fcf-fdf6-4e4e-85aa-8fcea532cc34,0707f5cf-683f-4642-b7bb-1bd95e11adca,7b93b556-7392-4ee7-91fe-7ca6c4ef1642,->,313d1fcf-fdf6-4e4e-85aa-8fcea532cc34,javax/swing/JLabel.java,setFont
313d1fcf-fdf6-4e4e-85aa-8fcea532cc34,0707f5cf-683f-4642-b7bb-1bd95e11adca,7b93b556-7392-4ee7-91fe-7ca6c4ef1642,->,313d1fcf-fdf6-4e4e-85aa-8fcea532cc34,javax/swing/JLabel.java,setText
313d1fcf-fdf6-4e4e-85aa-8fcea532cc34,0707f5cf-683f-4642-b7bb-1bd95e11adca,7b93b556-7392-4ee7-91fe-7ca6c4ef1642,->,313d1fcf-fdf6-4e4e-85aa-8fcea532cc34,javax/swing/JLabel.java,setFont
313d1fcf-fdf6-4e4e-85aa-8fcea532cc34,0707f5cf-683f-4642-b7bb-1bd95e11adca,7b93b556-7392-4ee7-91fe-7ca6c4ef1642,->,313d1fcf-fdf6-4e4e-85aa-8fcea532cc34,java/lang/Object.java,getClass
313d1fcf-fdf6-4e4e-85aa-8fcea532cc34,0707f5cf-683f-4642-b7bb-1bd95e11adca,7b93b556-7392-4ee7-91fe-7ca6c4ef1642,->,313d1fcf-fdf6-4e4e-85aa-8fcea532cc34,java/lang/Class.java,getResource
313d1fcf-fdf6-4e4e-85aa-8fcea532cc34,0707f5cf-683f-4642-b7bb-1bd95e11adca,7b93b556-7392-4ee7-91fe-7ca6c4ef1642,->,313d1fcf-fdf6-4e4e-85aa-8fcea532cc34,javax/swing/JLabel.java,setIcon
313d1fcf-fdf6-4e4e-85aa-8fcea532cc34,0707f5cf-683f-4642-b7bb-1bd95e11adca,7b93b556-7392-4ee7-91fe-7ca6c4ef1642,->,313d1fcf-fdf6-4e4e-85aa-8fcea532cc34,javax/swing/JLabel.java,setText
313d1fcf-fdf6-4e4e-85aa-8fcea532cc34,0707f5cf-683f-4642-b7bb-1bd95e11adca,7b93b556-7392-4ee7-91fe-7ca6c4ef1642,->,313d1fcf-fdf6-4e4e-85aa-8fcea532cc34,javax/swing/JLabel.java,setFont
313d1fcf-fdf6-4e4e-85aa-8fcea532cc34,0707f5cf-683f-4642-b7bb-1bd95e11adca,7b93b556-7392-4ee7-91fe-7ca6c4ef1642,->,313d1fcf-fdf6-4e4e-85aa-8fcea532cc34,javax/swing/JLabel.java,setText
313d1fcf-fdf6-4e4e-85aa-8fcea532cc34,0707f5cf-683f-4642-b7bb-1bd95e11adca,7b93b556-7392-4ee7-91fe-7ca6c4ef1642,->,313d1fcf-fdf6-4e4e-85aa-8fcea532cc34,javax/swing/JLabel.java,setFont
313d1fcf-fdf6-4e4e-85aa-8fcea532cc34,0707f5cf-683f-4642-b7bb-1bd95e11adca,7b93b556-7392-4ee7-91fe-7ca6c4ef1642,->,313d1fcf-fdf6-4e4e-85aa-8fcea532cc34,javax/swing/JLabel.java,setText
313d1fcf-fdf6-4e4e-85aa-8fcea532cc34,0707f5cf-683f-4642-b7bb-1bd95e11adca,7b93b556-7392-4ee7-91fe-7ca6c4ef1642,->,313d1fcf-fdf6-4e4e-85aa-8fcea532cc34,javax/swing/JLabel.java,setFont
313d1fcf-fdf6-4e4e-85aa-8fcea532cc34,0707f5cf-683f-4642-b7bb-1bd95e11adca,7b93b556-7392-4ee7-91fe-7ca6c4ef1642,->,313d1fcf-fdf6-4e4e-85aa-8fcea532cc34,java/lang/Object.java,getClass
313d1fcf-fdf6-4e4e-85aa-8fcea532cc34,0707f5cf-683f-4642-b7bb-1bd95e11adca,7b93b556-7392-4ee7-91fe-7ca6c4ef1642,->,313d1fcf-fdf6-4e4e-85aa-8fcea532cc34,java/lang/Class.java,getResource
313d1fcf-fdf6-4e4e-85aa-8fcea532cc34,0707f5cf-683f-4642-b7bb-1bd95e11adca,7b93b556-7392-4ee7-91fe-7ca6c4ef1642,->,313d1fcf-fdf6-4e4e-85aa-8fcea532cc34,javax/swing/JLabel.java,setIcon
313d1fcf-fdf6-4e4e-85aa-8fcea532cc34,0707f5cf-683f-4642-b7bb-1bd95e11adca,7b93b556-7392-4ee7-91fe-7ca6c4ef1642,->,313d1fcf-fdf6-4e4e-85aa-8fcea532cc34,javax/swing/JLabel.java,setText
313d1fcf-fdf6-4e4e-85aa-8fcea532cc34,0707f5cf-683f-4642-b7bb-1bd95e11adca,7b93b556-7392-4ee7-91fe-7ca6c4ef1642,->,313d1fcf-fdf6-4e4e-85aa-8fcea532cc34,javax/swing/JLabel.java,setFont
313d1fcf-fdf6-4e4e-85aa-8fcea532cc34,0707f5cf-683f-4642-b7bb-1bd95e11adca,7b93b556-7392-4ee7-91fe-7ca6c4ef1642,->,313d1fcf-fdf6-4e4e-85aa-8fcea532cc34,javax/swing/JLabel.java,setText
313d1fcf-fdf6-4e4e-85aa-8fcea532cc34,0707f5cf-683f-4642-b7bb-1bd95e11adca,7b93b556-7392-4ee7-91fe-7ca6c4ef1642,->,313d1fcf-fdf6-4e4e-85aa-8fcea532cc34,javax/swing/JLabel.java,setFont
313d1fcf-fdf6-4e4e-85aa-8fcea532cc34,0707f5cf-683f-4642-b7bb-1bd95e11adca,7b93b556-7392-4ee7-91fe-7ca6c4ef1642,->,313d1fcf-fdf6-4e4e-85aa-8fcea532cc34,javax/swing/JLabel.java,setText
313d1fcf-fdf6-4e4e-85aa-8fcea532cc34,0707f5cf-683f-4642-b7bb-1bd95e11adca,7b93b556-7392-4ee7-91fe-7ca6c4ef1642,->,313d1fcf-fdf6-4e4e-85aa-8fcea532cc34,javax/swing/JLabel.java,setFont
313d1fcf-fdf6-4e4e-85aa-8fcea532cc34,0707f5cf-683f-4642-b7bb-1bd95e11adca,7b93b556-7392-4ee7-91fe-7ca6c4ef1642,->,313d1fcf-fdf6-4e4e-85aa-8fcea532cc34,java/lang/Object.java,getClass
313d1fcf-fdf6-4e4e-85aa-8fcea532cc34,0707f5cf-683f-4642-b7bb-1bd95e11adca,7b93b556-7392-4ee7-91fe-7ca6c4ef1642,->,313d1fcf-fdf6-4e4e-85aa-8fcea532cc34,java/lang/Class.java,getResource
313d1fcf-fdf6-4e4e-85aa-8fcea532cc34,0707f5cf-683f-4642-b7bb-1bd95e11adca,7b93b556-7392-4ee7-91fe-7ca6c4ef1642,->,313d1fcf-fdf6-4e4e-85aa-8fcea532cc34,javax/swing/JLabel.java,setIcon
313d1fcf-fdf6-4e4e-85aa-8fcea532cc34,0707f5cf-683f-4642-b7bb-1bd95e11adca,7b93b556-7392-4ee7-91fe-7ca6c4ef1642,->,313d1fcf-fdf6-4e4e-85aa-8fcea532cc34,javax/swing/JLabel.java,setText
313d1fcf-fdf6-4e4e-85aa-8fcea532cc34,0707f5cf-683f-4642-b7bb-1bd95e11adca,7b93b556-7392-4ee7-91fe-7ca6c4ef1642,->,313d1fcf-fdf6-4e4e-85aa-8fcea532cc34,javax/swing/JLabel.java,setFont
313d1fcf-fdf6-4e4e-85aa-8fcea532cc34,0707f5cf-683f-4642-b7bb-1bd95e11adca,7b93b556-7392-4ee7-91fe-7ca6c4ef1642,->,313d1fcf-fdf6-4e4e-85aa-8fcea532cc34,javax/swing/JLabel.java,setText
313d1fcf-fdf6-4e4e-85aa-8fcea532cc34,0707f5cf-683f-4642-b7bb-1bd95e11adca,7b93b556-7392-4ee7-91fe-7ca6c4ef1642,->,313d1fcf-fdf6-4e4e-85aa-8fcea532cc34,javax/swing/JLabel.java,setFont
313d1fcf-fdf6-4e4e-85aa-8fcea532cc34,0707f5cf-683f-4642-b7bb-1bd95e11adca,7b93b556-7392-4ee7-91fe-7ca6c4ef1642,->,313d1fcf-fdf6-4e4e-85aa-8fcea532cc34,javax/swing/JLabel.java,setText
313d1fcf-fdf6-4e4e-85aa-8fcea532cc34,0707f5cf-683f-4642-b7bb-1bd95e11adca,7b93b556-7392-4ee7-91fe-7ca6c4ef1642,->,313d1fcf-fdf6-4e4e-85aa-8fcea532cc34,javax/swing/JLabel.java,setFont
313d1fcf-fdf6-4e4e-85aa-8fcea532cc34,0707f5cf-683f-4642-b7bb-1bd95e11adca,7b93b556-7392-4ee7-91fe-7ca6c4ef1642,->,313d1fcf-fdf6-4e4e-85aa-8fcea532cc34,java/lang/Object.java,getClass
313d1fcf-fdf6-4e4e-85aa-8fcea532cc34,0707f5cf-683f-4642-b7bb-1bd95e11adca,7b93b556-7392-4ee7-91fe-7ca6c4ef1642,->,313d1fcf-fdf6-4e4e-85aa-8fcea532cc34,java/lang/Class.java,getResource
313d1fcf-fdf6-4e4e-85aa-8fcea532cc34,0707f5cf-683f-4642-b7bb-1bd95e11adca,7b93b556-7392-4ee7-91fe-7ca6c4ef1642,->,313d1fcf-fdf6-4e4e-85aa-8fcea532cc34,javax/swing/JLabel.java,setIcon
313d1fcf-fdf6-4e4e-85aa-8fcea532cc34,0707f5cf-683f-4642-b7bb-1bd95e11adca,7b93b556-7392-4ee7-91fe-7ca6c4ef1642,->,313d1fcf-fdf6-4e4e-85aa-8fcea532cc34,javax/swing/JLabel.java,setText
313d1fcf-fdf6-4e4e-85aa-8fcea532cc34,0707f5cf-683f-4642-b7bb-1bd95e11adca,7b93b556-7392-4ee7-91fe-7ca6c4ef1642,->,313d1fcf-fdf6-4e4e-85aa-8fcea532cc34,javax/swing/JLabel.java,setFont
313d1fcf-fdf6-4e4e-85aa-8fcea532cc34,0707f5cf-683f-4642-b7bb-1bd95e11adca,7b93b556-7392-4ee7-91fe-7ca6c4ef1642,->,313d1fcf-fdf6-4e4e-85aa-8fcea532cc34,javax/swing/JLabel.java,setText
313d1fcf-fdf6-4e4e-85aa-8fcea532cc34,0707f5cf-683f-4642-b7bb-1bd95e11adca,7b93b556-7392-4ee7-91fe-7ca6c4ef1642,->,313d1fcf-fdf6-4e4e-85aa-8fcea532cc34,javax/swing/JLabel.java,setFont
313d1fcf-fdf6-4e4e-85aa-8fcea532cc34,0707f5cf-683f-4642-b7bb-1bd95e11adca,7b93b556-7392-4ee7-91fe-7ca6c4ef1642,->,313d1fcf-fdf6-4e4e-85aa-8fcea532cc34,javax/swing/JLabel.java,setText
313d1fcf-fdf6-4e4e-85aa-8fcea532cc34,0707f5cf-683f-4642-b7bb-1bd95e11adca,7b93b556-7392-4ee7-91fe-7ca6c4ef1642,->,313d1fcf-fdf6-4e4e-85aa-8fcea532cc34,javax/swing/JLabel.java,setFont
313d1fcf-fdf6-4e4e-85aa-8fcea532cc34,0707f5cf-683f-4642-b7bb-1bd95e11adca,7b93b556-7392-4ee7-91fe-7ca6c4ef1642,->,313d1fcf-fdf6-4e4e-85aa-8fcea532cc34,java/lang/Object.java,getClass
313d1fcf-fdf6-4e4e-85aa-8fcea532cc34,0707f5cf-683f-4642-b7bb-1bd95e11adca,7b93b556-7392-4ee7-91fe-7ca6c4ef1642,->,313d1fcf-fdf6-4e4e-85aa-8fcea532cc34,java/lang/Class.java,getResource
313d1fcf-fdf6-4e4e-85aa-8fcea532cc34,0707f5cf-683f-4642-b7bb-1bd95e11adca,7b93b556-7392-4ee7-91fe-7ca6c4ef1642,->,313d1fcf-fdf6-4e4e-85aa-8fcea532cc34,javax/swing/JLabel.java,setIcon
313d1fcf-fdf6-4e4e-85aa-8fcea532cc34,0707f5cf-683f-4642-b7bb-1bd95e11adca,7b93b556-7392-4ee7-91fe-7ca6c4ef1642,->,313d1fcf-fdf6-4e4e-85aa-8fcea532cc34,javax/swing/JLabel.java,setText
313d1fcf-fdf6-4e4e-85aa-8fcea532cc34,0707f5cf-683f-4642-b7bb-1bd95e11adca,7b93b556-7392-4ee7-91fe-7ca6c4ef1642,->,313d1fcf-fdf6-4e4e-85aa-8fcea532cc34,javax/swing/JLabel.java,setFont
313d1fcf-fdf6-4e4e-85aa-8fcea532cc34,0707f5cf-683f-4642-b7bb-1bd95e11adca,7b93b556-7392-4ee7-91fe-7ca6c4ef1642,->,313d1fcf-fdf6-4e4e-85aa-8fcea532cc34,java/lang/Object.java,getClass
313d1fcf-fdf6-4e4e-85aa-8fcea532cc34,0707f5cf-683f-4642-b7bb-1bd95e11adca,7b93b556-7392-4ee7-91fe-7ca6c4ef1642,->,313d1fcf-fdf6-4e4e-85aa-8fcea532cc34,java/lang/Class.java,getResource
313d1fcf-fdf6-4e4e-85aa-8fcea532cc34,0707f5cf-683f-4642-b7bb-1bd95e11adca,7b93b556-7392-4ee7-91fe-7ca6c4ef1642,->,313d1fcf-fdf6-4e4e-85aa-8fcea532cc34,javax/swing/JLabel.java,setIcon
313d1fcf-fdf6-4e4e-85aa-8fcea532cc34,0707f5cf-683f-4642-b7bb-1bd95e11adca,7b93b556-7392-4ee7-91fe-7ca6c4ef1642,->,313d1fcf-fdf6-4e4e-85aa-8fcea532cc34,javax/swing/JLabel.java,setText
313d1fcf-fdf6-4e4e-85aa-8fcea532cc34,0707f5cf-683f-4642-b7bb-1bd95e11adca,7b93b556-7392-4ee7-91fe-7ca6c4ef1642,->,313d1fcf-fdf6-4e4e-85aa-8fcea532cc34,javax/swing/JLabel.java,setFont
313d1fcf-fdf6-4e4e-85aa-8fcea532cc34,0707f5cf-683f-4642-b7bb-1bd95e11adca,7b93b556-7392-4ee7-91fe-7ca6c4ef1642,->,313d1fcf-fdf6-4e4e-85aa-8fcea532cc34,java/lang/Object.java,getClass
313d1fcf-fdf6-4e4e-85aa-8fcea532cc34,0707f5cf-683f-4642-b7bb-1bd95e11adca,7b93b556-7392-4ee7-91fe-7ca6c4ef1642,->,313d1fcf-fdf6-4e4e-85aa-8fcea532cc34,java/lang/Class.java,getResource
313d1fcf-fdf6-4e4e-85aa-8fcea532cc34,0707f5cf-683f-4642-b7bb-1bd95e11adca,7b93b556-7392-4ee7-91fe-7ca6c4ef1642,->,313d1fcf-fdf6-4e4e-85aa-8fcea532cc34,javax/swing/JLabel.java,setIcon
313d1fcf-fdf6-4e4e-85aa-8fcea532cc34,0707f5cf-683f-4642-b7bb-1bd95e11adca,7b93b556-7392-4ee7-91fe-7ca6c4ef1642,->,313d1fcf-fdf6-4e4e-85aa-8fcea532cc34,javax/swing/JLabel.java,setText
313d1fcf-fdf6-4e4e-85aa-8fcea532cc34,0707f5cf-683f-4642-b7bb-1bd95e11adca,7b93b556-7392-4ee7-91fe-7ca6c4ef1642,->,313d1fcf-fdf6-4e4e-85aa-8fcea532cc34,javax/swing/JLabel.java,setFont
313d1fcf-fdf6-4e4e-85aa-8fcea532cc34,0707f5cf-683f-4642-b7bb-1bd95e11adca,7b93b556-7392-4ee7-91fe-7ca6c4ef1642,->,313d1fcf-fdf6-4e4e-85aa-8fcea532cc34,java/lang/Object.java,getClass
313d1fcf-fdf6-4e4e-85aa-8fcea532cc34,0707f5cf-683f-4642-b7bb-1bd95e11adca,7b93b556-7392-4ee7-91fe-7ca6c4ef1642,->,313d1fcf-fdf6-4e4e-85aa-8fcea532cc34,java/lang/Class.java,getResource
313d1fcf-fdf6-4e4e-85aa-8fcea532cc34,0707f5cf-683f-4642-b7bb-1bd95e11adca,7b93b556-7392-4ee7-91fe-7ca6c4ef1642,->,313d1fcf-fdf6-4e4e-85aa-8fcea532cc34,javax/swing/JLabel.java,setIcon
313d1fcf-fdf6-4e4e-85aa-8fcea532cc34,0707f5cf-683f-4642-b7bb-1bd95e11adca,7b93b556-7392-4ee7-91fe-7ca6c4ef1642,->,313d1fcf-fdf6-4e4e-85aa-8fcea532cc34,javax/swing/JLabel.java,setText
313d1fcf-fdf6-4e4e-85aa-8fcea532cc34,0707f5cf-683f-4642-b7bb-1bd95e11adca,7b93b556-7392-4ee7-91fe-7ca6c4ef1642,->,313d1fcf-fdf6-4e4e-85aa-8fcea532cc34,javax/swing/JButton.java,setFont
313d1fcf-fdf6-4e4e-85aa-8fcea532cc34,0707f5cf-683f-4642-b7bb-1bd95e11adca,7b93b556-7392-4ee7-91fe-7ca6c4ef1642,->,313d1fcf-fdf6-4e4e-85aa-8fcea532cc34,java/lang/Object.java,getClass
313d1fcf-fdf6-4e4e-85aa-8fcea532cc34,0707f5cf-683f-4642-b7bb-1bd95e11adca,7b93b556-7392-4ee7-91fe-7ca6c4ef1642,->,313d1fcf-fdf6-4e4e-85aa-8fcea532cc34,java/lang/Class.java,getResource
313d1fcf-fdf6-4e4e-85aa-8fcea532cc34,0707f5cf-683f-4642-b7bb-1bd95e11adca,7b93b556-7392-4ee7-91fe-7ca6c4ef1642,->,313d1fcf-fdf6-4e4e-85aa-8fcea532cc34,javax/swing/JButton.java,setIcon
313d1fcf-fdf6-4e4e-85aa-8fcea532cc34,0707f5cf-683f-4642-b7bb-1bd95e11adca,7b93b556-7392-4ee7-91fe-7ca6c4ef1642,->,313d1fcf-fdf6-4e4e-85aa-8fcea532cc34,javax/swing/JButton.java,setText
313d1fcf-fdf6-4e4e-85aa-8fcea532cc34,0707f5cf-683f-4642-b7bb-1bd95e11adca,7b93b556-7392-4ee7-91fe-7ca6c4ef1642,->,313d1fcf-fdf6-4e4e-85aa-8fcea532cc34,javax/swing/JLabel.java,setFont
313d1fcf-fdf6-4e4e-85aa-8fcea532cc34,0707f5cf-683f-4642-b7bb-1bd95e11adca,7b93b556-7392-4ee7-91fe-7ca6c4ef1642,->,313d1fcf-fdf6-4e4e-85aa-8fcea532cc34,java/lang/Object.java,getClass
313d1fcf-fdf6-4e4e-85aa-8fcea532cc34,0707f5cf-683f-4642-b7bb-1bd95e11adca,7b93b556-7392-4ee7-91fe-7ca6c4ef1642,->,313d1fcf-fdf6-4e4e-85aa-8fcea532cc34,java/lang/Class.java,getResource
313d1fcf-fdf6-4e4e-85aa-8fcea532cc34,0707f5cf-683f-4642-b7bb-1bd95e11adca,7b93b556-7392-4ee7-91fe-7ca6c4ef1642,->,313d1fcf-fdf6-4e4e-85aa-8fcea532cc34,javax/swing/JLabel.java,setIcon
313d1fcf-fdf6-4e4e-85aa-8fcea532cc34,0707f5cf-683f-4642-b7bb-1bd95e11adca,7b93b556-7392-4ee7-91fe-7ca6c4ef1642,->,313d1fcf-fdf6-4e4e-85aa-8fcea532cc34,javax/swing/JLabel.java,setText
313d1fcf-fdf6-4e4e-85aa-8fcea532cc34,0707f5cf-683f-4642-b7bb-1bd95e11adca,7b93b556-7392-4ee7-91fe-7ca6c4ef1642,->,313d1fcf-fdf6-4e4e-85aa-8fcea532cc34,javax/swing/JPanel.java,setLayout
313d1fcf-fdf6-4e4e-85aa-8fcea532cc34,0707f5cf-683f-4642-b7bb-1bd95e11adca,7b93b556-7392-4ee7-91fe-7ca6c4ef1642,->,313d1fcf-fdf6-4e4e-85aa-8fcea532cc34,javax/swing/GroupLayout.java,createParallelGroup
313d1fcf-fdf6-4e4e-85aa-8fcea532cc34,0707f5cf-683f-4642-b7bb-1bd95e11adca,7b93b556-7392-4ee7-91fe-7ca6c4ef1642,->,313d1fcf-fdf6-4e4e-85aa-8fcea532cc34,javax/swing/GroupLayout.java,createSequentialGroup
313d1fcf-fdf6-4e4e-85aa-8fcea532cc34,0707f5cf-683f-4642-b7bb-1bd95e11adca,7b93b556-7392-4ee7-91fe-7ca6c4ef1642,->,313d1fcf-fdf6-4e4e-85aa-8fcea532cc34,javax/swing/GroupLayout$SequentialGroup.java,addContainerGap
313d1fcf-fdf6-4e4e-85aa-8fcea532cc34,0707f5cf-683f-4642-b7bb-1bd95e11adca,7b93b556-7392-4ee7-91fe-7ca6c4ef1642,->,313d1fcf-fdf6-4e4e-85aa-8fcea532cc34,javax/swing/GroupLayout.java,createParallelGroup
313d1fcf-fdf6-4e4e-85aa-8fcea532cc34,0707f5cf-683f-4642-b7bb-1bd95e11adca,7b93b556-7392-4ee7-91fe-7ca6c4ef1642,->,313d1fcf-fdf6-4e4e-85aa-8fcea532cc34,javax/swing/GroupLayout.java,createSequentialGroup
313d1fcf-fdf6-4e4e-85aa-8fcea532cc34,0707f5cf-683f-4642-b7bb-1bd95e11adca,7b93b556-7392-4ee7-91fe-7ca6c4ef1642,->,313d1fcf-fdf6-4e4e-85aa-8fcea532cc34,javax/swing/GroupLayout.java,createParallelGroup
313d1fcf-fdf6-4e4e-85aa-8fcea532cc34,0707f5cf-683f-4642-b7bb-1bd95e11adca,7b93b556-7392-4ee7-91fe-7ca6c4ef1642,->,313d1fcf-fdf6-4e4e-85aa-8fcea532cc34,javax/swing/GroupLayout$ParallelGroup.java,addComponent
313d1fcf-fdf6-4e4e-85aa-8fcea532cc34,0707f5cf-683f-4642-b7bb-1bd95e11adca,7b93b556-7392-4ee7-91fe-7ca6c4ef1642,->,313d1fcf-fdf6-4e4e-85aa-8fcea532cc34,javax/swing/GroupLayout.java,createSequentialGroup
313d1fcf-fdf6-4e4e-85aa-8fcea532cc34,0707f5cf-683f-4642-b7bb-1bd95e11adca,7b93b556-7392-4ee7-91fe-7ca6c4ef1642,->,313d1fcf-fdf6-4e4e-85aa-8fcea532cc34,javax/swing/GroupLayout$SequentialGroup.java,addComponent
313d1fcf-fdf6-4e4e-85aa-8fcea532cc34,0707f5cf-683f-4642-b7bb-1bd95e11adca,7b93b556-7392-4ee7-91fe-7ca6c4ef1642,->,313d1fcf-fdf6-4e4e-85aa-8fcea532cc34,javax/swing/GroupLayout$SequentialGroup.java,addPreferredGap
313d1fcf-fdf6-4e4e-85aa-8fcea532cc34,0707f5cf-683f-4642-b7bb-1bd95e11adca,7b93b556-7392-4ee7-91fe-7ca6c4ef1642,->,313d1fcf-fdf6-4e4e-85aa-8fcea532cc34,javax/swing/GroupLayout$SequentialGroup.java,addComponent
313d1fcf-fdf6-4e4e-85aa-8fcea532cc34,0707f5cf-683f-4642-b7bb-1bd95e11adca,7b93b556-7392-4ee7-91fe-7ca6c4ef1642,->,313d1fcf-fdf6-4e4e-85aa-8fcea532cc34,javax/swing/GroupLayout$SequentialGroup.java,addGap
313d1fcf-fdf6-4e4e-85aa-8fcea532cc34,0707f5cf-683f-4642-b7bb-1bd95e11adca,7b93b556-7392-4ee7-91fe-7ca6c4ef1642,->,313d1fcf-fdf6-4e4e-85aa-8fcea532cc34,javax/swing/GroupLayout$ParallelGroup.java,addGroup
313d1fcf-fdf6-4e4e-85aa-8fcea532cc34,0707f5cf-683f-4642-b7bb-1bd95e11adca,7b93b556-7392-4ee7-91fe-7ca6c4ef1642,->,313d1fcf-fdf6-4e4e-85aa-8fcea532cc34,javax/swing/GroupLayout$SequentialGroup.java,addGroup
313d1fcf-fdf6-4e4e-85aa-8fcea532cc34,0707f5cf-683f-4642-b7bb-1bd95e11adca,7b93b556-7392-4ee7-91fe-7ca6c4ef1642,->,313d1fcf-fdf6-4e4e-85aa-8fcea532cc34,javax/swing/GroupLayout$SequentialGroup.java,addContainerGap
313d1fcf-fdf6-4e4e-85aa-8fcea532cc34,0707f5cf-683f-4642-b7bb-1bd95e11adca,7b93b556-7392-4ee7-91fe-7ca6c4ef1642,->,313d1fcf-fdf6-4e4e-85aa-8fcea532cc34,javax/swing/GroupLayout$ParallelGroup.java,addGroup
313d1fcf-fdf6-4e4e-85aa-8fcea532cc34,0707f5cf-683f-4642-b7bb-1bd95e11adca,7b93b556-7392-4ee7-91fe-7ca6c4ef1642,->,313d1fcf-fdf6-4e4e-85aa-8fcea532cc34,javax/swing/GroupLayout.java,createSequentialGroup
313d1fcf-fdf6-4e4e-85aa-8fcea532cc34,0707f5cf-683f-4642-b7bb-1bd95e11adca,7b93b556-7392-4ee7-91fe-7ca6c4ef1642,->,313d1fcf-fdf6-4e4e-85aa-8fcea532cc34,javax/swing/GroupLayout.java,createParallelGroup
313d1fcf-fdf6-4e4e-85aa-8fcea532cc34,0707f5cf-683f-4642-b7bb-1bd95e11adca,7b93b556-7392-4ee7-91fe-7ca6c4ef1642,->,313d1fcf-fdf6-4e4e-85aa-8fcea532cc34,javax/swing/GroupLayout.java,createSequentialGroup
313d1fcf-fdf6-4e4e-85aa-8fcea532cc34,0707f5cf-683f-4642-b7bb-1bd95e11adca,7b93b556-7392-4ee7-91fe-7ca6c4ef1642,->,313d1fcf-fdf6-4e4e-85aa-8fcea532cc34,javax/swing/GroupLayout.java,createParallelGroup
313d1fcf-fdf6-4e4e-85aa-8fcea532cc34,0707f5cf-683f-4642-b7bb-1bd95e11adca,7b93b556-7392-4ee7-91fe-7ca6c4ef1642,->,313d1fcf-fdf6-4e4e-85aa-8fcea532cc34,javax/swing/GroupLayout.java,createSequentialGroup
313d1fcf-fdf6-4e4e-85aa-8fcea532cc34,0707f5cf-683f-4642-b7bb-1bd95e11adca,7b93b556-7392-4ee7-91fe-7ca6c4ef1642,->,313d1fcf-fdf6-4e4e-85aa-8fcea532cc34,javax/swing/GroupLayout$SequentialGroup.java,addGap
313d1fcf-fdf6-4e4e-85aa-8fcea532cc34,0707f5cf-683f-4642-b7bb-1bd95e11adca,7b93b556-7392-4ee7-91fe-7ca6c4ef1642,->,313d1fcf-fdf6-4e4e-85aa-8fcea532cc34,javax/swing/GroupLayout.java,createParallelGroup
313d1fcf-fdf6-4e4e-85aa-8fcea532cc34,0707f5cf-683f-4642-b7bb-1bd95e11adca,7b93b556-7392-4ee7-91fe-7ca6c4ef1642,->,313d1fcf-fdf6-4e4e-85aa-8fcea532cc34,javax/swing/GroupLayout$ParallelGroup.java,addComponent
313d1fcf-fdf6-4e4e-85aa-8fcea532cc34,0707f5cf-683f-4642-b7bb-1bd95e11adca,7b93b556-7392-4ee7-91fe-7ca6c4ef1642,->,313d1fcf-fdf6-4e4e-85aa-8fcea532cc34,javax/swing/GroupLayout.java,createSequentialGroup
313d1fcf-fdf6-4e4e-85aa-8fcea532cc34,0707f5cf-683f-4642-b7bb-1bd95e11adca,7b93b556-7392-4ee7-91fe-7ca6c4ef1642,->,313d1fcf-fdf6-4e4e-85aa-8fcea532cc34,javax/swing/GroupLayout$SequentialGroup.java,addGap
313d1fcf-fdf6-4e4e-85aa-8fcea532cc34,0707f5cf-683f-4642-b7bb-1bd95e11adca,7b93b556-7392-4ee7-91fe-7ca6c4ef1642,->,313d1fcf-fdf6-4e4e-85aa-8fcea532cc34,javax/swing/GroupLayout$SequentialGroup.java,addComponent
313d1fcf-fdf6-4e4e-85aa-8fcea532cc34,0707f5cf-683f-4642-b7bb-1bd95e11adca,7b93b556-7392-4ee7-91fe-7ca6c4ef1642,->,313d1fcf-fdf6-4e4e-85aa-8fcea532cc34,javax/swing/GroupLayout$ParallelGroup.java,addGroup
313d1fcf-fdf6-4e4e-85aa-8fcea532cc34,0707f5cf-683f-4642-b7bb-1bd95e11adca,7b93b556-7392-4ee7-91fe-7ca6c4ef1642,->,313d1fcf-fdf6-4e4e-85aa-8fcea532cc34,javax/swing/GroupLayout$SequentialGroup.java,addGroup
313d1fcf-fdf6-4e4e-85aa-8fcea532cc34,0707f5cf-683f-4642-b7bb-1bd95e11adca,7b93b556-7392-4ee7-91fe-7ca6c4ef1642,->,313d1fcf-fdf6-4e4e-85aa-8fcea532cc34,javax/swing/GroupLayout$ParallelGroup.java,addGroup
313d1fcf-fdf6-4e4e-85aa-8fcea532cc34,0707f5cf-683f-4642-b7bb-1bd95e11adca,7b93b556-7392-4ee7-91fe-7ca6c4ef1642,->,313d1fcf-fdf6-4e4e-85aa-8fcea532cc34,javax/swing/GroupLayout.java,createSequentialGroup
313d1fcf-fdf6-4e4e-85aa-8fcea532cc34,0707f5cf-683f-4642-b7bb-1bd95e11adca,7b93b556-7392-4ee7-91fe-7ca6c4ef1642,->,313d1fcf-fdf6-4e4e-85aa-8fcea532cc34,javax/swing/GroupLayout$SequentialGroup.java,addGap
313d1fcf-fdf6-4e4e-85aa-8fcea532cc34,0707f5cf-683f-4642-b7bb-1bd95e11adca,7b93b556-7392-4ee7-91fe-7ca6c4ef1642,->,313d1fcf-fdf6-4e4e-85aa-8fcea532cc34,javax/swing/GroupLayout.java,createParallelGroup
313d1fcf-fdf6-4e4e-85aa-8fcea532cc34,0707f5cf-683f-4642-b7bb-1bd95e11adca,7b93b556-7392-4ee7-91fe-7ca6c4ef1642,->,313d1fcf-fdf6-4e4e-85aa-8fcea532cc34,javax/swing/GroupLayout.java,createParallelGroup
313d1fcf-fdf6-4e4e-85aa-8fcea532cc34,0707f5cf-683f-4642-b7bb-1bd95e11adca,7b93b556-7392-4ee7-91fe-7ca6c4ef1642,->,313d1fcf-fdf6-4e4e-85aa-8fcea532cc34,javax/swing/GroupLayout$ParallelGroup.java,addComponent
313d1fcf-fdf6-4e4e-85aa-8fcea532cc34,0707f5cf-683f-4642-b7bb-1bd95e11adca,7b93b556-7392-4ee7-91fe-7ca6c4ef1642,->,313d1fcf-fdf6-4e4e-85aa-8fcea532cc34,javax/swing/GroupLayout.java,createSequentialGroup
313d1fcf-fdf6-4e4e-85aa-8fcea532cc34,0707f5cf-683f-4642-b7bb-1bd95e11adca,7b93b556-7392-4ee7-91fe-7ca6c4ef1642,->,313d1fcf-fdf6-4e4e-85aa-8fcea532cc34,javax/swing/GroupLayout$SequentialGroup.java,addGap
313d1fcf-fdf6-4e4e-85aa-8fcea532cc34,0707f5cf-683f-4642-b7bb-1bd95e11adca,7b93b556-7392-4ee7-91fe-7ca6c4ef1642,->,313d1fcf-fdf6-4e4e-85aa-8fcea532cc34,javax/swing/GroupLayout$SequentialGroup.java,addComponent
313d1fcf-fdf6-4e4e-85aa-8fcea532cc34,0707f5cf-683f-4642-b7bb-1bd95e11adca,7b93b556-7392-4ee7-91fe-7ca6c4ef1642,->,313d1fcf-fdf6-4e4e-85aa-8fcea532cc34,javax/swing/GroupLayout$SequentialGroup.java,addPreferredGap
313d1fcf-fdf6-4e4e-85aa-8fcea532cc34,0707f5cf-683f-4642-b7bb-1bd95e11adca,7b93b556-7392-4ee7-91fe-7ca6c4ef1642,->,313d1fcf-fdf6-4e4e-85aa-8fcea532cc34,javax/swing/GroupLayout$SequentialGroup.java,addComponent
313d1fcf-fdf6-4e4e-85aa-8fcea532cc34,0707f5cf-683f-4642-b7bb-1bd95e11adca,7b93b556-7392-4ee7-91fe-7ca6c4ef1642,->,313d1fcf-fdf6-4e4e-85aa-8fcea532cc34,javax/swing/GroupLayout$ParallelGroup.java,addGroup
313d1fcf-fdf6-4e4e-85aa-8fcea532cc34,0707f5cf-683f-4642-b7bb-1bd95e11adca,7b93b556-7392-4ee7-91fe-7ca6c4ef1642,->,313d1fcf-fdf6-4e4e-85aa-8fcea532cc34,javax/swing/GroupLayout$ParallelGroup.java,addGroup
313d1fcf-fdf6-4e4e-85aa-8fcea532cc34,0707f5cf-683f-4642-b7bb-1bd95e11adca,7b93b556-7392-4ee7-91fe-7ca6c4ef1642,->,313d1fcf-fdf6-4e4e-85aa-8fcea532cc34,javax/swing/GroupLayout.java,createParallelGroup
313d1fcf-fdf6-4e4e-85aa-8fcea532cc34,0707f5cf-683f-4642-b7bb-1bd95e11adca,7b93b556-7392-4ee7-91fe-7ca6c4ef1642,->,313d1fcf-fdf6-4e4e-85aa-8fcea532cc34,javax/swing/GroupLayout$ParallelGroup.java,addComponent
313d1fcf-fdf6-4e4e-85aa-8fcea532cc34,0707f5cf-683f-4642-b7bb-1bd95e11adca,7b93b556-7392-4ee7-91fe-7ca6c4ef1642,->,313d1fcf-fdf6-4e4e-85aa-8fcea532cc34,javax/swing/GroupLayout.java,createSequentialGroup
313d1fcf-fdf6-4e4e-85aa-8fcea532cc34,0707f5cf-683f-4642-b7bb-1bd95e11adca,7b93b556-7392-4ee7-91fe-7ca6c4ef1642,->,313d1fcf-fdf6-4e4e-85aa-8fcea532cc34,javax/swing/GroupLayout$SequentialGroup.java,addGap
313d1fcf-fdf6-4e4e-85aa-8fcea532cc34,0707f5cf-683f-4642-b7bb-1bd95e11adca,7b93b556-7392-4ee7-91fe-7ca6c4ef1642,->,313d1fcf-fdf6-4e4e-85aa-8fcea532cc34,javax/swing/GroupLayout$SequentialGroup.java,addComponent
313d1fcf-fdf6-4e4e-85aa-8fcea532cc34,0707f5cf-683f-4642-b7bb-1bd95e11adca,7b93b556-7392-4ee7-91fe-7ca6c4ef1642,->,313d1fcf-fdf6-4e4e-85aa-8fcea532cc34,javax/swing/GroupLayout$SequentialGroup.java,addPreferredGap
313d1fcf-fdf6-4e4e-85aa-8fcea532cc34,0707f5cf-683f-4642-b7bb-1bd95e11adca,7b93b556-7392-4ee7-91fe-7ca6c4ef1642,->,313d1fcf-fdf6-4e4e-85aa-8fcea532cc34,javax/swing/GroupLayout$SequentialGroup.java,addComponent
313d1fcf-fdf6-4e4e-85aa-8fcea532cc34,0707f5cf-683f-4642-b7bb-1bd95e11adca,7b93b556-7392-4ee7-91fe-7ca6c4ef1642,->,313d1fcf-fdf6-4e4e-85aa-8fcea532cc34,javax/swing/GroupLayout$ParallelGroup.java,addGroup
313d1fcf-fdf6-4e4e-85aa-8fcea532cc34,0707f5cf-683f-4642-b7bb-1bd95e11adca,7b93b556-7392-4ee7-91fe-7ca6c4ef1642,->,313d1fcf-fdf6-4e4e-85aa-8fcea532cc34,javax/swing/GroupLayout$ParallelGroup.java,addGroup
313d1fcf-fdf6-4e4e-85aa-8fcea532cc34,0707f5cf-683f-4642-b7bb-1bd95e11adca,7b93b556-7392-4ee7-91fe-7ca6c4ef1642,->,313d1fcf-fdf6-4e4e-85aa-8fcea532cc34,javax/swing/GroupLayout.java,createParallelGroup
313d1fcf-fdf6-4e4e-85aa-8fcea532cc34,0707f5cf-683f-4642-b7bb-1bd95e11adca,7b93b556-7392-4ee7-91fe-7ca6c4ef1642,->,313d1fcf-fdf6-4e4e-85aa-8fcea532cc34,javax/swing/GroupLayout$ParallelGroup.java,addComponent
313d1fcf-fdf6-4e4e-85aa-8fcea532cc34,0707f5cf-683f-4642-b7bb-1bd95e11adca,7b93b556-7392-4ee7-91fe-7ca6c4ef1642,->,313d1fcf-fdf6-4e4e-85aa-8fcea532cc34,javax/swing/GroupLayout.java,createSequentialGroup
313d1fcf-fdf6-4e4e-85aa-8fcea532cc34,0707f5cf-683f-4642-b7bb-1bd95e11adca,7b93b556-7392-4ee7-91fe-7ca6c4ef1642,->,313d1fcf-fdf6-4e4e-85aa-8fcea532cc34,javax/swing/GroupLayout$SequentialGroup.java,addGap
313d1fcf-fdf6-4e4e-85aa-8fcea532cc34,0707f5cf-683f-4642-b7bb-1bd95e11adca,7b93b556-7392-4ee7-91fe-7ca6c4ef1642,->,313d1fcf-fdf6-4e4e-85aa-8fcea532cc34,javax/swing/GroupLayout$SequentialGroup.java,addComponent
313d1fcf-fdf6-4e4e-85aa-8fcea532cc34,0707f5cf-683f-4642-b7bb-1bd95e11adca,7b93b556-7392-4ee7-91fe-7ca6c4ef1642,->,313d1fcf-fdf6-4e4e-85aa-8fcea532cc34,javax/swing/GroupLayout$SequentialGroup.java,addPreferredGap
313d1fcf-fdf6-4e4e-85aa-8fcea532cc34,0707f5cf-683f-4642-b7bb-1bd95e11adca,7b93b556-7392-4ee7-91fe-7ca6c4ef1642,->,313d1fcf-fdf6-4e4e-85aa-8fcea532cc34,javax/swing/GroupLayout$SequentialGroup.java,addComponent
313d1fcf-fdf6-4e4e-85aa-8fcea532cc34,0707f5cf-683f-4642-b7bb-1bd95e11adca,7b93b556-7392-4ee7-91fe-7ca6c4ef1642,->,313d1fcf-fdf6-4e4e-85aa-8fcea532cc34,javax/swing/GroupLayout$ParallelGroup.java,addGroup
313d1fcf-fdf6-4e4e-85aa-8fcea532cc34,0707f5cf-683f-4642-b7bb-1bd95e11adca,7b93b556-7392-4ee7-91fe-7ca6c4ef1642,->,313d1fcf-fdf6-4e4e-85aa-8fcea532cc34,javax/swing/GroupLayout$ParallelGroup.java,addGroup
313d1fcf-fdf6-4e4e-85aa-8fcea532cc34,0707f5cf-683f-4642-b7bb-1bd95e11adca,7b93b556-7392-4ee7-91fe-7ca6c4ef1642,->,313d1fcf-fdf6-4e4e-85aa-8fcea532cc34,javax/swing/GroupLayout.java,createParallelGroup
313d1fcf-fdf6-4e4e-85aa-8fcea532cc34,0707f5cf-683f-4642-b7bb-1bd95e11adca,7b93b556-7392-4ee7-91fe-7ca6c4ef1642,->,313d1fcf-fdf6-4e4e-85aa-8fcea532cc34,javax/swing/GroupLayout$ParallelGroup.java,addComponent
313d1fcf-fdf6-4e4e-85aa-8fcea532cc34,0707f5cf-683f-4642-b7bb-1bd95e11adca,7b93b556-7392-4ee7-91fe-7ca6c4ef1642,->,313d1fcf-fdf6-4e4e-85aa-8fcea532cc34,javax/swing/GroupLayout.java,createSequentialGroup
313d1fcf-fdf6-4e4e-85aa-8fcea532cc34,0707f5cf-683f-4642-b7bb-1bd95e11adca,7b93b556-7392-4ee7-91fe-7ca6c4ef1642,->,313d1fcf-fdf6-4e4e-85aa-8fcea532cc34,javax/swing/GroupLayout$SequentialGroup.java,addGap
313d1fcf-fdf6-4e4e-85aa-8fcea532cc34,0707f5cf-683f-4642-b7bb-1bd95e11adca,7b93b556-7392-4ee7-91fe-7ca6c4ef1642,->,313d1fcf-fdf6-4e4e-85aa-8fcea532cc34,javax/swing/GroupLayout$SequentialGroup.java,addComponent
313d1fcf-fdf6-4e4e-85aa-8fcea532cc34,0707f5cf-683f-4642-b7bb-1bd95e11adca,7b93b556-7392-4ee7-91fe-7ca6c4ef1642,->,313d1fcf-fdf6-4e4e-85aa-8fcea532cc34,javax/swing/GroupLayout$SequentialGroup.java,addPreferredGap
313d1fcf-fdf6-4e4e-85aa-8fcea532cc34,0707f5cf-683f-4642-b7bb-1bd95e11adca,7b93b556-7392-4ee7-91fe-7ca6c4ef1642,->,313d1fcf-fdf6-4e4e-85aa-8fcea532cc34,javax/swing/GroupLayout$SequentialGroup.java,addComponent
313d1fcf-fdf6-4e4e-85aa-8fcea532cc34,0707f5cf-683f-4642-b7bb-1bd95e11adca,7b93b556-7392-4ee7-91fe-7ca6c4ef1642,->,313d1fcf-fdf6-4e4e-85aa-8fcea532cc34,javax/swing/GroupLayout$ParallelGroup.java,addGroup
313d1fcf-fdf6-4e4e-85aa-8fcea532cc34,0707f5cf-683f-4642-b7bb-1bd95e11adca,7b93b556-7392-4ee7-91fe-7ca6c4ef1642,->,313d1fcf-fdf6-4e4e-85aa-8fcea532cc34,javax/swing/GroupLayout$ParallelGroup.java,addGroup
313d1fcf-fdf6-4e4e-85aa-8fcea532cc34,0707f5cf-683f-4642-b7bb-1bd95e11adca,7b93b556-7392-4ee7-91fe-7ca6c4ef1642,->,313d1fcf-fdf6-4e4e-85aa-8fcea532cc34,javax/swing/GroupLayout$SequentialGroup.java,addGroup
313d1fcf-fdf6-4e4e-85aa-8fcea532cc34,0707f5cf-683f-4642-b7bb-1bd95e11adca,7b93b556-7392-4ee7-91fe-7ca6c4ef1642,->,313d1fcf-fdf6-4e4e-85aa-8fcea532cc34,javax/swing/GroupLayout$ParallelGroup.java,addGroup
313d1fcf-fdf6-4e4e-85aa-8fcea532cc34,0707f5cf-683f-4642-b7bb-1bd95e11adca,7b93b556-7392-4ee7-91fe-7ca6c4ef1642,->,313d1fcf-fdf6-4e4e-85aa-8fcea532cc34,javax/swing/GroupLayout$SequentialGroup.java,addGroup
313d1fcf-fdf6-4e4e-85aa-8fcea532cc34,0707f5cf-683f-4642-b7bb-1bd95e11adca,7b93b556-7392-4ee7-91fe-7ca6c4ef1642,->,313d1fcf-fdf6-4e4e-85aa-8fcea532cc34,javax/swing/GroupLayout$SequentialGroup.java,addGap
313d1fcf-fdf6-4e4e-85aa-8fcea532cc34,0707f5cf-683f-4642-b7bb-1bd95e11adca,7b93b556-7392-4ee7-91fe-7ca6c4ef1642,->,313d1fcf-fdf6-4e4e-85aa-8fcea532cc34,javax/swing/GroupLayout$ParallelGroup.java,addGroup
313d1fcf-fdf6-4e4e-85aa-8fcea532cc34,0707f5cf-683f-4642-b7bb-1bd95e11adca,7b93b556-7392-4ee7-91fe-7ca6c4ef1642,->,313d1fcf-fdf6-4e4e-85aa-8fcea532cc34,javax/swing/GroupLayout.java,createSequentialGroup
313d1fcf-fdf6-4e4e-85aa-8fcea532cc34,0707f5cf-683f-4642-b7bb-1bd95e11adca,7b93b556-7392-4ee7-91fe-7ca6c4ef1642,->,313d1fcf-fdf6-4e4e-85aa-8fcea532cc34,javax/swing/GroupLayout$SequentialGroup.java,addGap
313d1fcf-fdf6-4e4e-85aa-8fcea532cc34,0707f5cf-683f-4642-b7bb-1bd95e11adca,7b93b556-7392-4ee7-91fe-7ca6c4ef1642,->,313d1fcf-fdf6-4e4e-85aa-8fcea532cc34,javax/swing/GroupLayout$SequentialGroup.java,addComponent
313d1fcf-fdf6-4e4e-85aa-8fcea532cc34,0707f5cf-683f-4642-b7bb-1bd95e11adca,7b93b556-7392-4ee7-91fe-7ca6c4ef1642,->,313d1fcf-fdf6-4e4e-85aa-8fcea532cc34,javax/swing/GroupLayout$SequentialGroup.java,addPreferredGap
313d1fcf-fdf6-4e4e-85aa-8fcea532cc34,0707f5cf-683f-4642-b7bb-1bd95e11adca,7b93b556-7392-4ee7-91fe-7ca6c4ef1642,->,313d1fcf-fdf6-4e4e-85aa-8fcea532cc34,javax/swing/GroupLayout$SequentialGroup.java,addComponent
313d1fcf-fdf6-4e4e-85aa-8fcea532cc34,0707f5cf-683f-4642-b7bb-1bd95e11adca,7b93b556-7392-4ee7-91fe-7ca6c4ef1642,->,313d1fcf-fdf6-4e4e-85aa-8fcea532cc34,javax/swing/GroupLayout$SequentialGroup.java,addPreferredGap
313d1fcf-fdf6-4e4e-85aa-8fcea532cc34,0707f5cf-683f-4642-b7bb-1bd95e11adca,7b93b556-7392-4ee7-91fe-7ca6c4ef1642,->,313d1fcf-fdf6-4e4e-85aa-8fcea532cc34,javax/swing/GroupLayout$ParallelGroup.java,addGroup
313d1fcf-fdf6-4e4e-85aa-8fcea532cc34,0707f5cf-683f-4642-b7bb-1bd95e11adca,7b93b556-7392-4ee7-91fe-7ca6c4ef1642,->,313d1fcf-fdf6-4e4e-85aa-8fcea532cc34,javax/swing/GroupLayout$SequentialGroup.java,addGroup
313d1fcf-fdf6-4e4e-85aa-8fcea532cc34,0707f5cf-683f-4642-b7bb-1bd95e11adca,7b93b556-7392-4ee7-91fe-7ca6c4ef1642,->,313d1fcf-fdf6-4e4e-85aa-8fcea532cc34,javax/swing/GroupLayout$SequentialGroup.java,addComponent
313d1fcf-fdf6-4e4e-85aa-8fcea532cc34,0707f5cf-683f-4642-b7bb-1bd95e11adca,7b93b556-7392-4ee7-91fe-7ca6c4ef1642,->,313d1fcf-fdf6-4e4e-85aa-8fcea532cc34,javax/swing/GroupLayout$SequentialGroup.java,addGap
313d1fcf-fdf6-4e4e-85aa-8fcea532cc34,0707f5cf-683f-4642-b7bb-1bd95e11adca,7b93b556-7392-4ee7-91fe-7ca6c4ef1642,->,313d1fcf-fdf6-4e4e-85aa-8fcea532cc34,javax/swing/GroupLayout.java,createParallelGroup
313d1fcf-fdf6-4e4e-85aa-8fcea532cc34,0707f5cf-683f-4642-b7bb-1bd95e11adca,7b93b556-7392-4ee7-91fe-7ca6c4ef1642,->,313d1fcf-fdf6-4e4e-85aa-8fcea532cc34,javax/swing/GroupLayout.java,createParallelGroup
313d1fcf-fdf6-4e4e-85aa-8fcea532cc34,0707f5cf-683f-4642-b7bb-1bd95e11adca,7b93b556-7392-4ee7-91fe-7ca6c4ef1642,->,313d1fcf-fdf6-4e4e-85aa-8fcea532cc34,javax/swing/GroupLayout.java,createParallelGroup
313d1fcf-fdf6-4e4e-85aa-8fcea532cc34,0707f5cf-683f-4642-b7bb-1bd95e11adca,7b93b556-7392-4ee7-91fe-7ca6c4ef1642,->,313d1fcf-fdf6-4e4e-85aa-8fcea532cc34,javax/swing/GroupLayout.java,createParallelGroup
313d1fcf-fdf6-4e4e-85aa-8fcea532cc34,0707f5cf-683f-4642-b7bb-1bd95e11adca,7b93b556-7392-4ee7-91fe-7ca6c4ef1642,->,313d1fcf-fdf6-4e4e-85aa-8fcea532cc34,javax/swing/GroupLayout$ParallelGroup.java,addComponent
313d1fcf-fdf6-4e4e-85aa-8fcea532cc34,0707f5cf-683f-4642-b7bb-1bd95e11adca,7b93b556-7392-4ee7-91fe-7ca6c4ef1642,->,313d1fcf-fdf6-4e4e-85aa-8fcea532cc34,javax/swing/GroupLayout$ParallelGroup.java,addComponent
313d1fcf-fdf6-4e4e-85aa-8fcea532cc34,0707f5cf-683f-4642-b7bb-1bd95e11adca,7b93b556-7392-4ee7-91fe-7ca6c4ef1642,->,313d1fcf-fdf6-4e4e-85aa-8fcea532cc34,javax/swing/GroupLayout$ParallelGroup.java,addGroup
313d1fcf-fdf6-4e4e-85aa-8fcea532cc34,0707f5cf-683f-4642-b7bb-1bd95e11adca,7b93b556-7392-4ee7-91fe-7ca6c4ef1642,->,313d1fcf-fdf6-4e4e-85aa-8fcea532cc34,javax/swing/GroupLayout$ParallelGroup.java,addComponent
313d1fcf-fdf6-4e4e-85aa-8fcea532cc34,0707f5cf-683f-4642-b7bb-1bd95e11adca,7b93b556-7392-4ee7-91fe-7ca6c4ef1642,->,313d1fcf-fdf6-4e4e-85aa-8fcea532cc34,javax/swing/GroupLayout$ParallelGroup.java,addComponent
313d1fcf-fdf6-4e4e-85aa-8fcea532cc34,0707f5cf-683f-4642-b7bb-1bd95e11adca,7b93b556-7392-4ee7-91fe-7ca6c4ef1642,->,313d1fcf-fdf6-4e4e-85aa-8fcea532cc34,javax/swing/GroupLayout$ParallelGroup.java,addGroup
313d1fcf-fdf6-4e4e-85aa-8fcea532cc34,0707f5cf-683f-4642-b7bb-1bd95e11adca,7b93b556-7392-4ee7-91fe-7ca6c4ef1642,->,313d1fcf-fdf6-4e4e-85aa-8fcea532cc34,javax/swing/GroupLayout$ParallelGroup.java,addComponent
313d1fcf-fdf6-4e4e-85aa-8fcea532cc34,0707f5cf-683f-4642-b7bb-1bd95e11adca,7b93b556-7392-4ee7-91fe-7ca6c4ef1642,->,313d1fcf-fdf6-4e4e-85aa-8fcea532cc34,javax/swing/GroupLayout$ParallelGroup.java,addGroup
313d1fcf-fdf6-4e4e-85aa-8fcea532cc34,0707f5cf-683f-4642-b7bb-1bd95e11adca,7b93b556-7392-4ee7-91fe-7ca6c4ef1642,->,313d1fcf-fdf6-4e4e-85aa-8fcea532cc34,javax/swing/GroupLayout$ParallelGroup.java,addComponent
313d1fcf-fdf6-4e4e-85aa-8fcea532cc34,0707f5cf-683f-4642-b7bb-1bd95e11adca,7b93b556-7392-4ee7-91fe-7ca6c4ef1642,->,313d1fcf-fdf6-4e4e-85aa-8fcea532cc34,javax/swing/GroupLayout$SequentialGroup.java,addGroup
313d1fcf-fdf6-4e4e-85aa-8fcea532cc34,0707f5cf-683f-4642-b7bb-1bd95e11adca,7b93b556-7392-4ee7-91fe-7ca6c4ef1642,->,313d1fcf-fdf6-4e4e-85aa-8fcea532cc34,javax/swing/GroupLayout$SequentialGroup.java,addPreferredGap
313d1fcf-fdf6-4e4e-85aa-8fcea532cc34,0707f5cf-683f-4642-b7bb-1bd95e11adca,7b93b556-7392-4ee7-91fe-7ca6c4ef1642,->,313d1fcf-fdf6-4e4e-85aa-8fcea532cc34,javax/swing/GroupLayout$SequentialGroup.java,addComponent
313d1fcf-fdf6-4e4e-85aa-8fcea532cc34,0707f5cf-683f-4642-b7bb-1bd95e11adca,7b93b556-7392-4ee7-91fe-7ca6c4ef1642,->,313d1fcf-fdf6-4e4e-85aa-8fcea532cc34,javax/swing/GroupLayout.java,createParallelGroup
313d1fcf-fdf6-4e4e-85aa-8fcea532cc34,0707f5cf-683f-4642-b7bb-1bd95e11adca,7b93b556-7392-4ee7-91fe-7ca6c4ef1642,->,313d1fcf-fdf6-4e4e-85aa-8fcea532cc34,javax/swing/GroupLayout.java,createSequentialGroup
313d1fcf-fdf6-4e4e-85aa-8fcea532cc34,0707f5cf-683f-4642-b7bb-1bd95e11adca,7b93b556-7392-4ee7-91fe-7ca6c4ef1642,->,313d1fcf-fdf6-4e4e-85aa-8fcea532cc34,javax/swing/GroupLayout$SequentialGroup.java,addPreferredGap
313d1fcf-fdf6-4e4e-85aa-8fcea532cc34,0707f5cf-683f-4642-b7bb-1bd95e11adca,7b93b556-7392-4ee7-91fe-7ca6c4ef1642,->,313d1fcf-fdf6-4e4e-85aa-8fcea532cc34,javax/swing/GroupLayout$SequentialGroup.java,addComponent
313d1fcf-fdf6-4e4e-85aa-8fcea532cc34,0707f5cf-683f-4642-b7bb-1bd95e11adca,7b93b556-7392-4ee7-91fe-7ca6c4ef1642,->,313d1fcf-fdf6-4e4e-85aa-8fcea532cc34,javax/swing/GroupLayout$SequentialGroup.java,addGap
313d1fcf-fdf6-4e4e-85aa-8fcea532cc34,0707f5cf-683f-4642-b7bb-1bd95e11adca,7b93b556-7392-4ee7-91fe-7ca6c4ef1642,->,313d1fcf-fdf6-4e4e-85aa-8fcea532cc34,javax/swing/GroupLayout$ParallelGroup.java,addGroup
313d1fcf-fdf6-4e4e-85aa-8fcea532cc34,0707f5cf-683f-4642-b7bb-1bd95e11adca,7b93b556-7392-4ee7-91fe-7ca6c4ef1642,->,313d1fcf-fdf6-4e4e-85aa-8fcea532cc34,javax/swing/GroupLayout.java,createSequentialGroup
313d1fcf-fdf6-4e4e-85aa-8fcea532cc34,0707f5cf-683f-4642-b7bb-1bd95e11adca,7b93b556-7392-4ee7-91fe-7ca6c4ef1642,->,313d1fcf-fdf6-4e4e-85aa-8fcea532cc34,javax/swing/GroupLayout$SequentialGroup.java,addPreferredGap
313d1fcf-fdf6-4e4e-85aa-8fcea532cc34,0707f5cf-683f-4642-b7bb-1bd95e11adca,7b93b556-7392-4ee7-91fe-7ca6c4ef1642,->,313d1fcf-fdf6-4e4e-85aa-8fcea532cc34,javax/swing/GroupLayout.java,createParallelGroup
313d1fcf-fdf6-4e4e-85aa-8fcea532cc34,0707f5cf-683f-4642-b7bb-1bd95e11adca,7b93b556-7392-4ee7-91fe-7ca6c4ef1642,->,313d1fcf-fdf6-4e4e-85aa-8fcea532cc34,javax/swing/GroupLayout$ParallelGroup.java,addComponent
313d1fcf-fdf6-4e4e-85aa-8fcea532cc34,0707f5cf-683f-4642-b7bb-1bd95e11adca,7b93b556-7392-4ee7-91fe-7ca6c4ef1642,->,313d1fcf-fdf6-4e4e-85aa-8fcea532cc34,javax/swing/GroupLayout$ParallelGroup.java,addComponent
313d1fcf-fdf6-4e4e-85aa-8fcea532cc34,0707f5cf-683f-4642-b7bb-1bd95e11adca,7b93b556-7392-4ee7-91fe-7ca6c4ef1642,->,313d1fcf-fdf6-4e4e-85aa-8fcea532cc34,javax/swing/GroupLayout$ParallelGroup.java,addComponent
313d1fcf-fdf6-4e4e-85aa-8fcea532cc34,0707f5cf-683f-4642-b7bb-1bd95e11adca,7b93b556-7392-4ee7-91fe-7ca6c4ef1642,->,313d1fcf-fdf6-4e4e-85aa-8fcea532cc34,javax/swing/GroupLayout$ParallelGroup.java,addComponent
313d1fcf-fdf6-4e4e-85aa-8fcea532cc34,0707f5cf-683f-4642-b7bb-1bd95e11adca,7b93b556-7392-4ee7-91fe-7ca6c4ef1642,->,313d1fcf-fdf6-4e4e-85aa-8fcea532cc34,javax/swing/GroupLayout$ParallelGroup.java,addComponent
313d1fcf-fdf6-4e4e-85aa-8fcea532cc34,0707f5cf-683f-4642-b7bb-1bd95e11adca,7b93b556-7392-4ee7-91fe-7ca6c4ef1642,->,313d1fcf-fdf6-4e4e-85aa-8fcea532cc34,javax/swing/GroupLayout.java,createSequentialGroup
313d1fcf-fdf6-4e4e-85aa-8fcea532cc34,0707f5cf-683f-4642-b7bb-1bd95e11adca,7b93b556-7392-4ee7-91fe-7ca6c4ef1642,->,313d1fcf-fdf6-4e4e-85aa-8fcea532cc34,javax/swing/GroupLayout$SequentialGroup.java,addGap
313d1fcf-fdf6-4e4e-85aa-8fcea532cc34,0707f5cf-683f-4642-b7bb-1bd95e11adca,7b93b556-7392-4ee7-91fe-7ca6c4ef1642,->,313d1fcf-fdf6-4e4e-85aa-8fcea532cc34,javax/swing/GroupLayout.java,createParallelGroup
313d1fcf-fdf6-4e4e-85aa-8fcea532cc34,0707f5cf-683f-4642-b7bb-1bd95e11adca,7b93b556-7392-4ee7-91fe-7ca6c4ef1642,->,313d1fcf-fdf6-4e4e-85aa-8fcea532cc34,javax/swing/GroupLayout.java,createSequentialGroup
313d1fcf-fdf6-4e4e-85aa-8fcea532cc34,0707f5cf-683f-4642-b7bb-1bd95e11adca,7b93b556-7392-4ee7-91fe-7ca6c4ef1642,->,313d1fcf-fdf6-4e4e-85aa-8fcea532cc34,javax/swing/GroupLayout$SequentialGroup.java,addComponent
313d1fcf-fdf6-4e4e-85aa-8fcea532cc34,0707f5cf-683f-4642-b7bb-1bd95e11adca,7b93b556-7392-4ee7-91fe-7ca6c4ef1642,->,313d1fcf-fdf6-4e4e-85aa-8fcea532cc34,javax/swing/GroupLayout$SequentialGroup.java,addPreferredGap
313d1fcf-fdf6-4e4e-85aa-8fcea532cc34,0707f5cf-683f-4642-b7bb-1bd95e11adca,7b93b556-7392-4ee7-91fe-7ca6c4ef1642,->,313d1fcf-fdf6-4e4e-85aa-8fcea532cc34,javax/swing/GroupLayout$SequentialGroup.java,addComponent
313d1fcf-fdf6-4e4e-85aa-8fcea532cc34,0707f5cf-683f-4642-b7bb-1bd95e11adca,7b93b556-7392-4ee7-91fe-7ca6c4ef1642,->,313d1fcf-fdf6-4e4e-85aa-8fcea532cc34,javax/swing/GroupLayout$ParallelGroup.java,addGroup
313d1fcf-fdf6-4e4e-85aa-8fcea532cc34,0707f5cf-683f-4642-b7bb-1bd95e11adca,7b93b556-7392-4ee7-91fe-7ca6c4ef1642,->,313d1fcf-fdf6-4e4e-85aa-8fcea532cc34,javax/swing/GroupLayout.java,createSequentialGroup
313d1fcf-fdf6-4e4e-85aa-8fcea532cc34,0707f5cf-683f-4642-b7bb-1bd95e11adca,7b93b556-7392-4ee7-91fe-7ca6c4ef1642,->,313d1fcf-fdf6-4e4e-85aa-8fcea532cc34,javax/swing/GroupLayout$SequentialGroup.java,addComponent
313d1fcf-fdf6-4e4e-85aa-8fcea532cc34,0707f5cf-683f-4642-b7bb-1bd95e11adca,7b93b556-7392-4ee7-91fe-7ca6c4ef1642,->,313d1fcf-fdf6-4e4e-85aa-8fcea532cc34,javax/swing/GroupLayout$SequentialGroup.java,addPreferredGap
313d1fcf-fdf6-4e4e-85aa-8fcea532cc34,0707f5cf-683f-4642-b7bb-1bd95e11adca,7b93b556-7392-4ee7-91fe-7ca6c4ef1642,->,313d1fcf-fdf6-4e4e-85aa-8fcea532cc34,javax/swing/GroupLayout$SequentialGroup.java,addComponent
313d1fcf-fdf6-4e4e-85aa-8fcea532cc34,0707f5cf-683f-4642-b7bb-1bd95e11adca,7b93b556-7392-4ee7-91fe-7ca6c4ef1642,->,313d1fcf-fdf6-4e4e-85aa-8fcea532cc34,javax/swing/GroupLayout$ParallelGroup.java,addGroup
313d1fcf-fdf6-4e4e-85aa-8fcea532cc34,0707f5cf-683f-4642-b7bb-1bd95e11adca,7b93b556-7392-4ee7-91fe-7ca6c4ef1642,->,313d1fcf-fdf6-4e4e-85aa-8fcea532cc34,javax/swing/GroupLayout.java,createSequentialGroup
313d1fcf-fdf6-4e4e-85aa-8fcea532cc34,0707f5cf-683f-4642-b7bb-1bd95e11adca,7b93b556-7392-4ee7-91fe-7ca6c4ef1642,->,313d1fcf-fdf6-4e4e-85aa-8fcea532cc34,javax/swing/GroupLayout$SequentialGroup.java,addComponent
313d1fcf-fdf6-4e4e-85aa-8fcea532cc34,0707f5cf-683f-4642-b7bb-1bd95e11adca,7b93b556-7392-4ee7-91fe-7ca6c4ef1642,->,313d1fcf-fdf6-4e4e-85aa-8fcea532cc34,javax/swing/GroupLayout$SequentialGroup.java,addPreferredGap
313d1fcf-fdf6-4e4e-85aa-8fcea532cc34,0707f5cf-683f-4642-b7bb-1bd95e11adca,7b93b556-7392-4ee7-91fe-7ca6c4ef1642,->,313d1fcf-fdf6-4e4e-85aa-8fcea532cc34,javax/swing/GroupLayout$SequentialGroup.java,addComponent
313d1fcf-fdf6-4e4e-85aa-8fcea532cc34,0707f5cf-683f-4642-b7bb-1bd95e11adca,7b93b556-7392-4ee7-91fe-7ca6c4ef1642,->,313d1fcf-fdf6-4e4e-85aa-8fcea532cc34,javax/swing/GroupLayout$ParallelGroup.java,addGroup
313d1fcf-fdf6-4e4e-85aa-8fcea532cc34,0707f5cf-683f-4642-b7bb-1bd95e11adca,7b93b556-7392-4ee7-91fe-7ca6c4ef1642,->,313d1fcf-fdf6-4e4e-85aa-8fcea532cc34,javax/swing/GroupLayout.java,createSequentialGroup
313d1fcf-fdf6-4e4e-85aa-8fcea532cc34,0707f5cf-683f-4642-b7bb-1bd95e11adca,7b93b556-7392-4ee7-91fe-7ca6c4ef1642,->,313d1fcf-fdf6-4e4e-85aa-8fcea532cc34,javax/swing/GroupLayout$SequentialGroup.java,addComponent
313d1fcf-fdf6-4e4e-85aa-8fcea532cc34,0707f5cf-683f-4642-b7bb-1bd95e11adca,7b93b556-7392-4ee7-91fe-7ca6c4ef1642,->,313d1fcf-fdf6-4e4e-85aa-8fcea532cc34,javax/swing/GroupLayout$SequentialGroup.java,addPreferredGap
313d1fcf-fdf6-4e4e-85aa-8fcea532cc34,0707f5cf-683f-4642-b7bb-1bd95e11adca,7b93b556-7392-4ee7-91fe-7ca6c4ef1642,->,313d1fcf-fdf6-4e4e-85aa-8fcea532cc34,javax/swing/GroupLayout$SequentialGroup.java,addComponent
313d1fcf-fdf6-4e4e-85aa-8fcea532cc34,0707f5cf-683f-4642-b7bb-1bd95e11adca,7b93b556-7392-4ee7-91fe-7ca6c4ef1642,->,313d1fcf-fdf6-4e4e-85aa-8fcea532cc34,javax/swing/GroupLayout$ParallelGroup.java,addGroup
313d1fcf-fdf6-4e4e-85aa-8fcea532cc34,0707f5cf-683f-4642-b7bb-1bd95e11adca,7b93b556-7392-4ee7-91fe-7ca6c4ef1642,->,313d1fcf-fdf6-4e4e-85aa-8fcea532cc34,javax/swing/GroupLayout.java,createSequentialGroup
313d1fcf-fdf6-4e4e-85aa-8fcea532cc34,0707f5cf-683f-4642-b7bb-1bd95e11adca,7b93b556-7392-4ee7-91fe-7ca6c4ef1642,->,313d1fcf-fdf6-4e4e-85aa-8fcea532cc34,javax/swing/GroupLayout$SequentialGroup.java,addComponent
313d1fcf-fdf6-4e4e-85aa-8fcea532cc34,0707f5cf-683f-4642-b7bb-1bd95e11adca,7b93b556-7392-4ee7-91fe-7ca6c4ef1642,->,313d1fcf-fdf6-4e4e-85aa-8fcea532cc34,javax/swing/GroupLayout$SequentialGroup.java,addPreferredGap
313d1fcf-fdf6-4e4e-85aa-8fcea532cc34,0707f5cf-683f-4642-b7bb-1bd95e11adca,7b93b556-7392-4ee7-91fe-7ca6c4ef1642,->,313d1fcf-fdf6-4e4e-85aa-8fcea532cc34,javax/swing/GroupLayout$SequentialGroup.java,addComponent
313d1fcf-fdf6-4e4e-85aa-8fcea532cc34,0707f5cf-683f-4642-b7bb-1bd95e11adca,7b93b556-7392-4ee7-91fe-7ca6c4ef1642,->,313d1fcf-fdf6-4e4e-85aa-8fcea532cc34,javax/swing/GroupLayout$ParallelGroup.java,addGroup
313d1fcf-fdf6-4e4e-85aa-8fcea532cc34,0707f5cf-683f-4642-b7bb-1bd95e11adca,7b93b556-7392-4ee7-91fe-7ca6c4ef1642,->,313d1fcf-fdf6-4e4e-85aa-8fcea532cc34,javax/swing/GroupLayout$SequentialGroup.java,addGroup
313d1fcf-fdf6-4e4e-85aa-8fcea532cc34,0707f5cf-683f-4642-b7bb-1bd95e11adca,7b93b556-7392-4ee7-91fe-7ca6c4ef1642,->,313d1fcf-fdf6-4e4e-85aa-8fcea532cc34,javax/swing/GroupLayout$ParallelGroup.java,addGroup
313d1fcf-fdf6-4e4e-85aa-8fcea532cc34,0707f5cf-683f-4642-b7bb-1bd95e11adca,7b93b556-7392-4ee7-91fe-7ca6c4ef1642,->,313d1fcf-fdf6-4e4e-85aa-8fcea532cc34,javax/swing/GroupLayout$SequentialGroup.java,addGroup
313d1fcf-fdf6-4e4e-85aa-8fcea532cc34,0707f5cf-683f-4642-b7bb-1bd95e11adca,7b93b556-7392-4ee7-91fe-7ca6c4ef1642,->,313d1fcf-fdf6-4e4e-85aa-8fcea532cc34,javax/swing/GroupLayout$SequentialGroup.java,addGap
313d1fcf-fdf6-4e4e-85aa-8fcea532cc34,0707f5cf-683f-4642-b7bb-1bd95e11adca,7b93b556-7392-4ee7-91fe-7ca6c4ef1642,->,313d1fcf-fdf6-4e4e-85aa-8fcea532cc34,javax/swing/GroupLayout$ParallelGroup.java,addGroup
313d1fcf-fdf6-4e4e-85aa-8fcea532cc34,0707f5cf-683f-4642-b7bb-1bd95e11adca,7b93b556-7392-4ee7-91fe-7ca6c4ef1642,->,313d1fcf-fdf6-4e4e-85aa-8fcea532cc34,javax/swing/GroupLayout$SequentialGroup.java,addGroup
313d1fcf-fdf6-4e4e-85aa-8fcea532cc34,0707f5cf-683f-4642-b7bb-1bd95e11adca,7b93b556-7392-4ee7-91fe-7ca6c4ef1642,->,313d1fcf-fdf6-4e4e-85aa-8fcea532cc34,javax/swing/GroupLayout$ParallelGroup.java,addGroup
313d1fcf-fdf6-4e4e-85aa-8fcea532cc34,0707f5cf-683f-4642-b7bb-1bd95e11adca,7b93b556-7392-4ee7-91fe-7ca6c4ef1642,->,313d1fcf-fdf6-4e4e-85aa-8fcea532cc34,javax/swing/GroupLayout$SequentialGroup.java,addGroup
313d1fcf-fdf6-4e4e-85aa-8fcea532cc34,0707f5cf-683f-4642-b7bb-1bd95e11adca,7b93b556-7392-4ee7-91fe-7ca6c4ef1642,->,313d1fcf-fdf6-4e4e-85aa-8fcea532cc34,javax/swing/GroupLayout$ParallelGroup.java,addGroup
313d1fcf-fdf6-4e4e-85aa-8fcea532cc34,0707f5cf-683f-4642-b7bb-1bd95e11adca,7b93b556-7392-4ee7-91fe-7ca6c4ef1642,->,313d1fcf-fdf6-4e4e-85aa-8fcea532cc34,javax/swing/GroupLayout.java,setHorizontalGroup
313d1fcf-fdf6-4e4e-85aa-8fcea532cc34,0707f5cf-683f-4642-b7bb-1bd95e11adca,7b93b556-7392-4ee7-91fe-7ca6c4ef1642,->,313d1fcf-fdf6-4e4e-85aa-8fcea532cc34,javax/swing/GroupLayout.java,createParallelGroup
313d1fcf-fdf6-4e4e-85aa-8fcea532cc34,0707f5cf-683f-4642-b7bb-1bd95e11adca,7b93b556-7392-4ee7-91fe-7ca6c4ef1642,->,313d1fcf-fdf6-4e4e-85aa-8fcea532cc34,javax/swing/GroupLayout.java,createSequentialGroup
313d1fcf-fdf6-4e4e-85aa-8fcea532cc34,0707f5cf-683f-4642-b7bb-1bd95e11adca,7b93b556-7392-4ee7-91fe-7ca6c4ef1642,->,313d1fcf-fdf6-4e4e-85aa-8fcea532cc34,javax/swing/GroupLayout$SequentialGroup.java,addContainerGap
313d1fcf-fdf6-4e4e-85aa-8fcea532cc34,0707f5cf-683f-4642-b7bb-1bd95e11adca,7b93b556-7392-4ee7-91fe-7ca6c4ef1642,->,313d1fcf-fdf6-4e4e-85aa-8fcea532cc34,javax/swing/GroupLayout.java,createParallelGroup
313d1fcf-fdf6-4e4e-85aa-8fcea532cc34,0707f5cf-683f-4642-b7bb-1bd95e11adca,7b93b556-7392-4ee7-91fe-7ca6c4ef1642,->,313d1fcf-fdf6-4e4e-85aa-8fcea532cc34,javax/swing/GroupLayout$ParallelGroup.java,addComponent
313d1fcf-fdf6-4e4e-85aa-8fcea532cc34,0707f5cf-683f-4642-b7bb-1bd95e11adca,7b93b556-7392-4ee7-91fe-7ca6c4ef1642,->,313d1fcf-fdf6-4e4e-85aa-8fcea532cc34,javax/swing/GroupLayout$ParallelGroup.java,addComponent
313d1fcf-fdf6-4e4e-85aa-8fcea532cc34,0707f5cf-683f-4642-b7bb-1bd95e11adca,7b93b556-7392-4ee7-91fe-7ca6c4ef1642,->,313d1fcf-fdf6-4e4e-85aa-8fcea532cc34,javax/swing/GroupLayout$SequentialGroup.java,addGroup
313d1fcf-fdf6-4e4e-85aa-8fcea532cc34,0707f5cf-683f-4642-b7bb-1bd95e11adca,7b93b556-7392-4ee7-91fe-7ca6c4ef1642,->,313d1fcf-fdf6-4e4e-85aa-8fcea532cc34,javax/swing/GroupLayout$SequentialGroup.java,addPreferredGap
313d1fcf-fdf6-4e4e-85aa-8fcea532cc34,0707f5cf-683f-4642-b7bb-1bd95e11adca,7b93b556-7392-4ee7-91fe-7ca6c4ef1642,->,313d1fcf-fdf6-4e4e-85aa-8fcea532cc34,javax/swing/GroupLayout$SequentialGroup.java,addComponent
313d1fcf-fdf6-4e4e-85aa-8fcea532cc34,0707f5cf-683f-4642-b7bb-1bd95e11adca,7b93b556-7392-4ee7-91fe-7ca6c4ef1642,->,313d1fcf-fdf6-4e4e-85aa-8fcea532cc34,javax/swing/GroupLayout$SequentialGroup.java,addPreferredGap
313d1fcf-fdf6-4e4e-85aa-8fcea532cc34,0707f5cf-683f-4642-b7bb-1bd95e11adca,7b93b556-7392-4ee7-91fe-7ca6c4ef1642,->,313d1fcf-fdf6-4e4e-85aa-8fcea532cc34,javax/swing/GroupLayout.java,createParallelGroup
313d1fcf-fdf6-4e4e-85aa-8fcea532cc34,0707f5cf-683f-4642-b7bb-1bd95e11adca,7b93b556-7392-4ee7-91fe-7ca6c4ef1642,->,313d1fcf-fdf6-4e4e-85aa-8fcea532cc34,javax/swing/GroupLayout$ParallelGroup.java,addComponent
313d1fcf-fdf6-4e4e-85aa-8fcea532cc34,0707f5cf-683f-4642-b7bb-1bd95e11adca,7b93b556-7392-4ee7-91fe-7ca6c4ef1642,->,313d1fcf-fdf6-4e4e-85aa-8fcea532cc34,javax/swing/GroupLayout$ParallelGroup.java,addComponent
313d1fcf-fdf6-4e4e-85aa-8fcea532cc34,0707f5cf-683f-4642-b7bb-1bd95e11adca,7b93b556-7392-4ee7-91fe-7ca6c4ef1642,->,313d1fcf-fdf6-4e4e-85aa-8fcea532cc34,javax/swing/GroupLayout.java,createSequentialGroup
313d1fcf-fdf6-4e4e-85aa-8fcea532cc34,0707f5cf-683f-4642-b7bb-1bd95e11adca,7b93b556-7392-4ee7-91fe-7ca6c4ef1642,->,313d1fcf-fdf6-4e4e-85aa-8fcea532cc34,javax/swing/GroupLayout$SequentialGroup.java,addComponent
313d1fcf-fdf6-4e4e-85aa-8fcea532cc34,0707f5cf-683f-4642-b7bb-1bd95e11adca,7b93b556-7392-4ee7-91fe-7ca6c4ef1642,->,313d1fcf-fdf6-4e4e-85aa-8fcea532cc34,javax/swing/GroupLayout$SequentialGroup.java,addGap
313d1fcf-fdf6-4e4e-85aa-8fcea532cc34,0707f5cf-683f-4642-b7bb-1bd95e11adca,7b93b556-7392-4ee7-91fe-7ca6c4ef1642,->,313d1fcf-fdf6-4e4e-85aa-8fcea532cc34,javax/swing/GroupLayout$SequentialGroup.java,addComponent
313d1fcf-fdf6-4e4e-85aa-8fcea532cc34,0707f5cf-683f-4642-b7bb-1bd95e11adca,7b93b556-7392-4ee7-91fe-7ca6c4ef1642,->,313d1fcf-fdf6-4e4e-85aa-8fcea532cc34,javax/swing/GroupLayout$SequentialGroup.java,addPreferredGap
313d1fcf-fdf6-4e4e-85aa-8fcea532cc34,0707f5cf-683f-4642-b7bb-1bd95e11adca,7b93b556-7392-4ee7-91fe-7ca6c4ef1642,->,313d1fcf-fdf6-4e4e-85aa-8fcea532cc34,javax/swing/GroupLayout.java,createParallelGroup
313d1fcf-fdf6-4e4e-85aa-8fcea532cc34,0707f5cf-683f-4642-b7bb-1bd95e11adca,7b93b556-7392-4ee7-91fe-7ca6c4ef1642,->,313d1fcf-fdf6-4e4e-85aa-8fcea532cc34,javax/swing/GroupLayout$ParallelGroup.java,addComponent
313d1fcf-fdf6-4e4e-85aa-8fcea532cc34,0707f5cf-683f-4642-b7bb-1bd95e11adca,7b93b556-7392-4ee7-91fe-7ca6c4ef1642,->,313d1fcf-fdf6-4e4e-85aa-8fcea532cc34,javax/swing/GroupLayout$ParallelGroup.java,addComponent
313d1fcf-fdf6-4e4e-85aa-8fcea532cc34,0707f5cf-683f-4642-b7bb-1bd95e11adca,7b93b556-7392-4ee7-91fe-7ca6c4ef1642,->,313d1fcf-fdf6-4e4e-85aa-8fcea532cc34,javax/swing/GroupLayout$SequentialGroup.java,addGroup
313d1fcf-fdf6-4e4e-85aa-8fcea532cc34,0707f5cf-683f-4642-b7bb-1bd95e11adca,7b93b556-7392-4ee7-91fe-7ca6c4ef1642,->,313d1fcf-fdf6-4e4e-85aa-8fcea532cc34,javax/swing/GroupLayout$SequentialGroup.java,addPreferredGap
313d1fcf-fdf6-4e4e-85aa-8fcea532cc34,0707f5cf-683f-4642-b7bb-1bd95e11adca,7b93b556-7392-4ee7-91fe-7ca6c4ef1642,->,313d1fcf-fdf6-4e4e-85aa-8fcea532cc34,javax/swing/GroupLayout$SequentialGroup.java,addComponent
313d1fcf-fdf6-4e4e-85aa-8fcea532cc34,0707f5cf-683f-4642-b7bb-1bd95e11adca,7b93b556-7392-4ee7-91fe-7ca6c4ef1642,->,313d1fcf-fdf6-4e4e-85aa-8fcea532cc34,javax/swing/GroupLayout$SequentialGroup.java,addPreferredGap
313d1fcf-fdf6-4e4e-85aa-8fcea532cc34,0707f5cf-683f-4642-b7bb-1bd95e11adca,7b93b556-7392-4ee7-91fe-7ca6c4ef1642,->,313d1fcf-fdf6-4e4e-85aa-8fcea532cc34,javax/swing/GroupLayout.java,createParallelGroup
313d1fcf-fdf6-4e4e-85aa-8fcea532cc34,0707f5cf-683f-4642-b7bb-1bd95e11adca,7b93b556-7392-4ee7-91fe-7ca6c4ef1642,->,313d1fcf-fdf6-4e4e-85aa-8fcea532cc34,javax/swing/GroupLayout$ParallelGroup.java,addComponent
313d1fcf-fdf6-4e4e-85aa-8fcea532cc34,0707f5cf-683f-4642-b7bb-1bd95e11adca,7b93b556-7392-4ee7-91fe-7ca6c4ef1642,->,313d1fcf-fdf6-4e4e-85aa-8fcea532cc34,javax/swing/GroupLayout$ParallelGroup.java,addComponent
313d1fcf-fdf6-4e4e-85aa-8fcea532cc34,0707f5cf-683f-4642-b7bb-1bd95e11adca,7b93b556-7392-4ee7-91fe-7ca6c4ef1642,->,313d1fcf-fdf6-4e4e-85aa-8fcea532cc34,javax/swing/GroupLayout$SequentialGroup.java,addGroup
313d1fcf-fdf6-4e4e-85aa-8fcea532cc34,0707f5cf-683f-4642-b7bb-1bd95e11adca,7b93b556-7392-4ee7-91fe-7ca6c4ef1642,->,313d1fcf-fdf6-4e4e-85aa-8fcea532cc34,javax/swing/GroupLayout$SequentialGroup.java,addPreferredGap
313d1fcf-fdf6-4e4e-85aa-8fcea532cc34,0707f5cf-683f-4642-b7bb-1bd95e11adca,7b93b556-7392-4ee7-91fe-7ca6c4ef1642,->,313d1fcf-fdf6-4e4e-85aa-8fcea532cc34,javax/swing/GroupLayout$SequentialGroup.java,addComponent
313d1fcf-fdf6-4e4e-85aa-8fcea532cc34,0707f5cf-683f-4642-b7bb-1bd95e11adca,7b93b556-7392-4ee7-91fe-7ca6c4ef1642,->,313d1fcf-fdf6-4e4e-85aa-8fcea532cc34,javax/swing/GroupLayout$SequentialGroup.java,addPreferredGap
313d1fcf-fdf6-4e4e-85aa-8fcea532cc34,0707f5cf-683f-4642-b7bb-1bd95e11adca,7b93b556-7392-4ee7-91fe-7ca6c4ef1642,->,313d1fcf-fdf6-4e4e-85aa-8fcea532cc34,javax/swing/GroupLayout.java,createParallelGroup
313d1fcf-fdf6-4e4e-85aa-8fcea532cc34,0707f5cf-683f-4642-b7bb-1bd95e11adca,7b93b556-7392-4ee7-91fe-7ca6c4ef1642,->,313d1fcf-fdf6-4e4e-85aa-8fcea532cc34,javax/swing/GroupLayout$ParallelGroup.java,addComponent
313d1fcf-fdf6-4e4e-85aa-8fcea532cc34,0707f5cf-683f-4642-b7bb-1bd95e11adca,7b93b556-7392-4ee7-91fe-7ca6c4ef1642,->,313d1fcf-fdf6-4e4e-85aa-8fcea532cc34,javax/swing/GroupLayout$ParallelGroup.java,addComponent
313d1fcf-fdf6-4e4e-85aa-8fcea532cc34,0707f5cf-683f-4642-b7bb-1bd95e11adca,7b93b556-7392-4ee7-91fe-7ca6c4ef1642,->,313d1fcf-fdf6-4e4e-85aa-8fcea532cc34,javax/swing/GroupLayout$SequentialGroup.java,addGroup
313d1fcf-fdf6-4e4e-85aa-8fcea532cc34,0707f5cf-683f-4642-b7bb-1bd95e11adca,7b93b556-7392-4ee7-91fe-7ca6c4ef1642,->,313d1fcf-fdf6-4e4e-85aa-8fcea532cc34,javax/swing/GroupLayout$SequentialGroup.java,addPreferredGap
313d1fcf-fdf6-4e4e-85aa-8fcea532cc34,0707f5cf-683f-4642-b7bb-1bd95e11adca,7b93b556-7392-4ee7-91fe-7ca6c4ef1642,->,313d1fcf-fdf6-4e4e-85aa-8fcea532cc34,javax/swing/GroupLayout$SequentialGroup.java,addComponent
313d1fcf-fdf6-4e4e-85aa-8fcea532cc34,0707f5cf-683f-4642-b7bb-1bd95e11adca,7b93b556-7392-4ee7-91fe-7ca6c4ef1642,->,313d1fcf-fdf6-4e4e-85aa-8fcea532cc34,javax/swing/GroupLayout$SequentialGroup.java,addPreferredGap
313d1fcf-fdf6-4e4e-85aa-8fcea532cc34,0707f5cf-683f-4642-b7bb-1bd95e11adca,7b93b556-7392-4ee7-91fe-7ca6c4ef1642,->,313d1fcf-fdf6-4e4e-85aa-8fcea532cc34,javax/swing/GroupLayout.java,createParallelGroup
313d1fcf-fdf6-4e4e-85aa-8fcea532cc34,0707f5cf-683f-4642-b7bb-1bd95e11adca,7b93b556-7392-4ee7-91fe-7ca6c4ef1642,->,313d1fcf-fdf6-4e4e-85aa-8fcea532cc34,javax/swing/GroupLayout$ParallelGroup.java,addComponent
313d1fcf-fdf6-4e4e-85aa-8fcea532cc34,0707f5cf-683f-4642-b7bb-1bd95e11adca,7b93b556-7392-4ee7-91fe-7ca6c4ef1642,->,313d1fcf-fdf6-4e4e-85aa-8fcea532cc34,javax/swing/GroupLayout$ParallelGroup.java,addComponent
313d1fcf-fdf6-4e4e-85aa-8fcea532cc34,0707f5cf-683f-4642-b7bb-1bd95e11adca,7b93b556-7392-4ee7-91fe-7ca6c4ef1642,->,313d1fcf-fdf6-4e4e-85aa-8fcea532cc34,javax/swing/GroupLayout$SequentialGroup.java,addGroup
313d1fcf-fdf6-4e4e-85aa-8fcea532cc34,0707f5cf-683f-4642-b7bb-1bd95e11adca,7b93b556-7392-4ee7-91fe-7ca6c4ef1642,->,313d1fcf-fdf6-4e4e-85aa-8fcea532cc34,javax/swing/GroupLayout$SequentialGroup.java,addPreferredGap
313d1fcf-fdf6-4e4e-85aa-8fcea532cc34,0707f5cf-683f-4642-b7bb-1bd95e11adca,7b93b556-7392-4ee7-91fe-7ca6c4ef1642,->,313d1fcf-fdf6-4e4e-85aa-8fcea532cc34,javax/swing/GroupLayout$SequentialGroup.java,addComponent
313d1fcf-fdf6-4e4e-85aa-8fcea532cc34,0707f5cf-683f-4642-b7bb-1bd95e11adca,7b93b556-7392-4ee7-91fe-7ca6c4ef1642,->,313d1fcf-fdf6-4e4e-85aa-8fcea532cc34,javax/swing/GroupLayout$SequentialGroup.java,addPreferredGap
313d1fcf-fdf6-4e4e-85aa-8fcea532cc34,0707f5cf-683f-4642-b7bb-1bd95e11adca,7b93b556-7392-4ee7-91fe-7ca6c4ef1642,->,313d1fcf-fdf6-4e4e-85aa-8fcea532cc34,javax/swing/GroupLayout.java,createParallelGroup
313d1fcf-fdf6-4e4e-85aa-8fcea532cc34,0707f5cf-683f-4642-b7bb-1bd95e11adca,7b93b556-7392-4ee7-91fe-7ca6c4ef1642,->,313d1fcf-fdf6-4e4e-85aa-8fcea532cc34,javax/swing/GroupLayout$ParallelGroup.java,addComponent
313d1fcf-fdf6-4e4e-85aa-8fcea532cc34,0707f5cf-683f-4642-b7bb-1bd95e11adca,7b93b556-7392-4ee7-91fe-7ca6c4ef1642,->,313d1fcf-fdf6-4e4e-85aa-8fcea532cc34,javax/swing/GroupLayout$ParallelGroup.java,addComponent
313d1fcf-fdf6-4e4e-85aa-8fcea532cc34,0707f5cf-683f-4642-b7bb-1bd95e11adca,7b93b556-7392-4ee7-91fe-7ca6c4ef1642,->,313d1fcf-fdf6-4e4e-85aa-8fcea532cc34,javax/swing/GroupLayout$SequentialGroup.java,addGroup
313d1fcf-fdf6-4e4e-85aa-8fcea532cc34,0707f5cf-683f-4642-b7bb-1bd95e11adca,7b93b556-7392-4ee7-91fe-7ca6c4ef1642,->,313d1fcf-fdf6-4e4e-85aa-8fcea532cc34,javax/swing/GroupLayout$ParallelGroup.java,addGroup
313d1fcf-fdf6-4e4e-85aa-8fcea532cc34,0707f5cf-683f-4642-b7bb-1bd95e11adca,7b93b556-7392-4ee7-91fe-7ca6c4ef1642,->,313d1fcf-fdf6-4e4e-85aa-8fcea532cc34,javax/swing/GroupLayout.java,createSequentialGroup
313d1fcf-fdf6-4e4e-85aa-8fcea532cc34,0707f5cf-683f-4642-b7bb-1bd95e11adca,7b93b556-7392-4ee7-91fe-7ca6c4ef1642,->,313d1fcf-fdf6-4e4e-85aa-8fcea532cc34,javax/swing/GroupLayout$SequentialGroup.java,addComponent
313d1fcf-fdf6-4e4e-85aa-8fcea532cc34,0707f5cf-683f-4642-b7bb-1bd95e11adca,7b93b556-7392-4ee7-91fe-7ca6c4ef1642,->,313d1fcf-fdf6-4e4e-85aa-8fcea532cc34,javax/swing/GroupLayout$SequentialGroup.java,addGap
313d1fcf-fdf6-4e4e-85aa-8fcea532cc34,0707f5cf-683f-4642-b7bb-1bd95e11adca,7b93b556-7392-4ee7-91fe-7ca6c4ef1642,->,313d1fcf-fdf6-4e4e-85aa-8fcea532cc34,javax/swing/GroupLayout$SequentialGroup.java,addComponent
313d1fcf-fdf6-4e4e-85aa-8fcea532cc34,0707f5cf-683f-4642-b7bb-1bd95e11adca,7b93b556-7392-4ee7-91fe-7ca6c4ef1642,->,313d1fcf-fdf6-4e4e-85aa-8fcea532cc34,javax/swing/GroupLayout$SequentialGroup.java,addPreferredGap
313d1fcf-fdf6-4e4e-85aa-8fcea532cc34,0707f5cf-683f-4642-b7bb-1bd95e11adca,7b93b556-7392-4ee7-91fe-7ca6c4ef1642,->,313d1fcf-fdf6-4e4e-85aa-8fcea532cc34,javax/swing/GroupLayout.java,createParallelGroup
313d1fcf-fdf6-4e4e-85aa-8fcea532cc34,0707f5cf-683f-4642-b7bb-1bd95e11adca,7b93b556-7392-4ee7-91fe-7ca6c4ef1642,->,313d1fcf-fdf6-4e4e-85aa-8fcea532cc34,javax/swing/GroupLayout$ParallelGroup.java,addComponent
313d1fcf-fdf6-4e4e-85aa-8fcea532cc34,0707f5cf-683f-4642-b7bb-1bd95e11adca,7b93b556-7392-4ee7-91fe-7ca6c4ef1642,->,313d1fcf-fdf6-4e4e-85aa-8fcea532cc34,javax/swing/GroupLayout$ParallelGroup.java,addComponent
313d1fcf-fdf6-4e4e-85aa-8fcea532cc34,0707f5cf-683f-4642-b7bb-1bd95e11adca,7b93b556-7392-4ee7-91fe-7ca6c4ef1642,->,313d1fcf-fdf6-4e4e-85aa-8fcea532cc34,javax/swing/GroupLayout$SequentialGroup.java,addGroup
313d1fcf-fdf6-4e4e-85aa-8fcea532cc34,0707f5cf-683f-4642-b7bb-1bd95e11adca,7b93b556-7392-4ee7-91fe-7ca6c4ef1642,->,313d1fcf-fdf6-4e4e-85aa-8fcea532cc34,javax/swing/GroupLayout$SequentialGroup.java,addPreferredGap
313d1fcf-fdf6-4e4e-85aa-8fcea532cc34,0707f5cf-683f-4642-b7bb-1bd95e11adca,7b93b556-7392-4ee7-91fe-7ca6c4ef1642,->,313d1fcf-fdf6-4e4e-85aa-8fcea532cc34,javax/swing/GroupLayout$SequentialGroup.java,addComponent
313d1fcf-fdf6-4e4e-85aa-8fcea532cc34,0707f5cf-683f-4642-b7bb-1bd95e11adca,7b93b556-7392-4ee7-91fe-7ca6c4ef1642,->,313d1fcf-fdf6-4e4e-85aa-8fcea532cc34,javax/swing/GroupLayout$SequentialGroup.java,addPreferredGap
313d1fcf-fdf6-4e4e-85aa-8fcea532cc34,0707f5cf-683f-4642-b7bb-1bd95e11adca,7b93b556-7392-4ee7-91fe-7ca6c4ef1642,->,313d1fcf-fdf6-4e4e-85aa-8fcea532cc34,javax/swing/GroupLayout.java,createParallelGroup
313d1fcf-fdf6-4e4e-85aa-8fcea532cc34,0707f5cf-683f-4642-b7bb-1bd95e11adca,7b93b556-7392-4ee7-91fe-7ca6c4ef1642,->,313d1fcf-fdf6-4e4e-85aa-8fcea532cc34,javax/swing/GroupLayout$ParallelGroup.java,addComponent
313d1fcf-fdf6-4e4e-85aa-8fcea532cc34,0707f5cf-683f-4642-b7bb-1bd95e11adca,7b93b556-7392-4ee7-91fe-7ca6c4ef1642,->,313d1fcf-fdf6-4e4e-85aa-8fcea532cc34,javax/swing/GroupLayout$ParallelGroup.java,addComponent
313d1fcf-fdf6-4e4e-85aa-8fcea532cc34,0707f5cf-683f-4642-b7bb-1bd95e11adca,7b93b556-7392-4ee7-91fe-7ca6c4ef1642,->,313d1fcf-fdf6-4e4e-85aa-8fcea532cc34,javax/swing/GroupLayout$SequentialGroup.java,addGroup
313d1fcf-fdf6-4e4e-85aa-8fcea532cc34,0707f5cf-683f-4642-b7bb-1bd95e11adca,7b93b556-7392-4ee7-91fe-7ca6c4ef1642,->,313d1fcf-fdf6-4e4e-85aa-8fcea532cc34,javax/swing/GroupLayout$SequentialGroup.java,addPreferredGap
313d1fcf-fdf6-4e4e-85aa-8fcea532cc34,0707f5cf-683f-4642-b7bb-1bd95e11adca,7b93b556-7392-4ee7-91fe-7ca6c4ef1642,->,313d1fcf-fdf6-4e4e-85aa-8fcea532cc34,javax/swing/GroupLayout$SequentialGroup.java,addComponent
313d1fcf-fdf6-4e4e-85aa-8fcea532cc34,0707f5cf-683f-4642-b7bb-1bd95e11adca,7b93b556-7392-4ee7-91fe-7ca6c4ef1642,->,313d1fcf-fdf6-4e4e-85aa-8fcea532cc34,javax/swing/GroupLayout$SequentialGroup.java,addPreferredGap
313d1fcf-fdf6-4e4e-85aa-8fcea532cc34,0707f5cf-683f-4642-b7bb-1bd95e11adca,7b93b556-7392-4ee7-91fe-7ca6c4ef1642,->,313d1fcf-fdf6-4e4e-85aa-8fcea532cc34,javax/swing/GroupLayout.java,createParallelGroup
313d1fcf-fdf6-4e4e-85aa-8fcea532cc34,0707f5cf-683f-4642-b7bb-1bd95e11adca,7b93b556-7392-4ee7-91fe-7ca6c4ef1642,->,313d1fcf-fdf6-4e4e-85aa-8fcea532cc34,javax/swing/GroupLayout$ParallelGroup.java,addComponent
313d1fcf-fdf6-4e4e-85aa-8fcea532cc34,0707f5cf-683f-4642-b7bb-1bd95e11adca,7b93b556-7392-4ee7-91fe-7ca6c4ef1642,->,313d1fcf-fdf6-4e4e-85aa-8fcea532cc34,javax/swing/GroupLayout$ParallelGroup.java,addComponent
313d1fcf-fdf6-4e4e-85aa-8fcea532cc34,0707f5cf-683f-4642-b7bb-1bd95e11adca,7b93b556-7392-4ee7-91fe-7ca6c4ef1642,->,313d1fcf-fdf6-4e4e-85aa-8fcea532cc34,javax/swing/GroupLayout$SequentialGroup.java,addGroup
313d1fcf-fdf6-4e4e-85aa-8fcea532cc34,0707f5cf-683f-4642-b7bb-1bd95e11adca,7b93b556-7392-4ee7-91fe-7ca6c4ef1642,->,313d1fcf-fdf6-4e4e-85aa-8fcea532cc34,javax/swing/GroupLayout$SequentialGroup.java,addPreferredGap
313d1fcf-fdf6-4e4e-85aa-8fcea532cc34,0707f5cf-683f-4642-b7bb-1bd95e11adca,7b93b556-7392-4ee7-91fe-7ca6c4ef1642,->,313d1fcf-fdf6-4e4e-85aa-8fcea532cc34,javax/swing/GroupLayout$SequentialGroup.java,addComponent
313d1fcf-fdf6-4e4e-85aa-8fcea532cc34,0707f5cf-683f-4642-b7bb-1bd95e11adca,7b93b556-7392-4ee7-91fe-7ca6c4ef1642,->,313d1fcf-fdf6-4e4e-85aa-8fcea532cc34,javax/swing/GroupLayout$SequentialGroup.java,addPreferredGap
313d1fcf-fdf6-4e4e-85aa-8fcea532cc34,0707f5cf-683f-4642-b7bb-1bd95e11adca,7b93b556-7392-4ee7-91fe-7ca6c4ef1642,->,313d1fcf-fdf6-4e4e-85aa-8fcea532cc34,javax/swing/GroupLayout.java,createParallelGroup
313d1fcf-fdf6-4e4e-85aa-8fcea532cc34,0707f5cf-683f-4642-b7bb-1bd95e11adca,7b93b556-7392-4ee7-91fe-7ca6c4ef1642,->,313d1fcf-fdf6-4e4e-85aa-8fcea532cc34,javax/swing/GroupLayout$ParallelGroup.java,addComponent
313d1fcf-fdf6-4e4e-85aa-8fcea532cc34,0707f5cf-683f-4642-b7bb-1bd95e11adca,7b93b556-7392-4ee7-91fe-7ca6c4ef1642,->,313d1fcf-fdf6-4e4e-85aa-8fcea532cc34,javax/swing/GroupLayout$ParallelGroup.java,addComponent
313d1fcf-fdf6-4e4e-85aa-8fcea532cc34,0707f5cf-683f-4642-b7bb-1bd95e11adca,7b93b556-7392-4ee7-91fe-7ca6c4ef1642,->,313d1fcf-fdf6-4e4e-85aa-8fcea532cc34,javax/swing/GroupLayout$SequentialGroup.java,addGroup
313d1fcf-fdf6-4e4e-85aa-8fcea532cc34,0707f5cf-683f-4642-b7bb-1bd95e11adca,7b93b556-7392-4ee7-91fe-7ca6c4ef1642,->,313d1fcf-fdf6-4e4e-85aa-8fcea532cc34,javax/swing/GroupLayout$SequentialGroup.java,addPreferredGap
313d1fcf-fdf6-4e4e-85aa-8fcea532cc34,0707f5cf-683f-4642-b7bb-1bd95e11adca,7b93b556-7392-4ee7-91fe-7ca6c4ef1642,->,313d1fcf-fdf6-4e4e-85aa-8fcea532cc34,javax/swing/GroupLayout$SequentialGroup.java,addComponent
313d1fcf-fdf6-4e4e-85aa-8fcea532cc34,0707f5cf-683f-4642-b7bb-1bd95e11adca,7b93b556-7392-4ee7-91fe-7ca6c4ef1642,->,313d1fcf-fdf6-4e4e-85aa-8fcea532cc34,javax/swing/GroupLayout$SequentialGroup.java,addPreferredGap
313d1fcf-fdf6-4e4e-85aa-8fcea532cc34,0707f5cf-683f-4642-b7bb-1bd95e11adca,7b93b556-7392-4ee7-91fe-7ca6c4ef1642,->,313d1fcf-fdf6-4e4e-85aa-8fcea532cc34,javax/swing/GroupLayout.java,createParallelGroup
313d1fcf-fdf6-4e4e-85aa-8fcea532cc34,0707f5cf-683f-4642-b7bb-1bd95e11adca,7b93b556-7392-4ee7-91fe-7ca6c4ef1642,->,313d1fcf-fdf6-4e4e-85aa-8fcea532cc34,javax/swing/GroupLayout$ParallelGroup.java,addComponent
313d1fcf-fdf6-4e4e-85aa-8fcea532cc34,0707f5cf-683f-4642-b7bb-1bd95e11adca,7b93b556-7392-4ee7-91fe-7ca6c4ef1642,->,313d1fcf-fdf6-4e4e-85aa-8fcea532cc34,javax/swing/GroupLayout$ParallelGroup.java,addComponent
313d1fcf-fdf6-4e4e-85aa-8fcea532cc34,0707f5cf-683f-4642-b7bb-1bd95e11adca,7b93b556-7392-4ee7-91fe-7ca6c4ef1642,->,313d1fcf-fdf6-4e4e-85aa-8fcea532cc34,javax/swing/GroupLayout$SequentialGroup.java,addGroup
313d1fcf-fdf6-4e4e-85aa-8fcea532cc34,0707f5cf-683f-4642-b7bb-1bd95e11adca,7b93b556-7392-4ee7-91fe-7ca6c4ef1642,->,313d1fcf-fdf6-4e4e-85aa-8fcea532cc34,javax/swing/GroupLayout$ParallelGroup.java,addGroup
313d1fcf-fdf6-4e4e-85aa-8fcea532cc34,0707f5cf-683f-4642-b7bb-1bd95e11adca,7b93b556-7392-4ee7-91fe-7ca6c4ef1642,->,313d1fcf-fdf6-4e4e-85aa-8fcea532cc34,javax/swing/GroupLayout.java,createSequentialGroup
313d1fcf-fdf6-4e4e-85aa-8fcea532cc34,0707f5cf-683f-4642-b7bb-1bd95e11adca,7b93b556-7392-4ee7-91fe-7ca6c4ef1642,->,313d1fcf-fdf6-4e4e-85aa-8fcea532cc34,javax/swing/GroupLayout$SequentialGroup.java,addComponent
313d1fcf-fdf6-4e4e-85aa-8fcea532cc34,0707f5cf-683f-4642-b7bb-1bd95e11adca,7b93b556-7392-4ee7-91fe-7ca6c4ef1642,->,313d1fcf-fdf6-4e4e-85aa-8fcea532cc34,javax/swing/GroupLayout$SequentialGroup.java,addGap
313d1fcf-fdf6-4e4e-85aa-8fcea532cc34,0707f5cf-683f-4642-b7bb-1bd95e11adca,7b93b556-7392-4ee7-91fe-7ca6c4ef1642,->,313d1fcf-fdf6-4e4e-85aa-8fcea532cc34,javax/swing/GroupLayout$SequentialGroup.java,addComponent
313d1fcf-fdf6-4e4e-85aa-8fcea532cc34,0707f5cf-683f-4642-b7bb-1bd95e11adca,7b93b556-7392-4ee7-91fe-7ca6c4ef1642,->,313d1fcf-fdf6-4e4e-85aa-8fcea532cc34,javax/swing/GroupLayout$SequentialGroup.java,addPreferredGap
313d1fcf-fdf6-4e4e-85aa-8fcea532cc34,0707f5cf-683f-4642-b7bb-1bd95e11adca,7b93b556-7392-4ee7-91fe-7ca6c4ef1642,->,313d1fcf-fdf6-4e4e-85aa-8fcea532cc34,javax/swing/GroupLayout$SequentialGroup.java,addComponent
313d1fcf-fdf6-4e4e-85aa-8fcea532cc34,0707f5cf-683f-4642-b7bb-1bd95e11adca,7b93b556-7392-4ee7-91fe-7ca6c4ef1642,->,313d1fcf-fdf6-4e4e-85aa-8fcea532cc34,javax/swing/GroupLayout$SequentialGroup.java,addPreferredGap
313d1fcf-fdf6-4e4e-85aa-8fcea532cc34,0707f5cf-683f-4642-b7bb-1bd95e11adca,7b93b556-7392-4ee7-91fe-7ca6c4ef1642,->,313d1fcf-fdf6-4e4e-85aa-8fcea532cc34,javax/swing/GroupLayout$SequentialGroup.java,addComponent
313d1fcf-fdf6-4e4e-85aa-8fcea532cc34,0707f5cf-683f-4642-b7bb-1bd95e11adca,7b93b556-7392-4ee7-91fe-7ca6c4ef1642,->,313d1fcf-fdf6-4e4e-85aa-8fcea532cc34,javax/swing/GroupLayout$SequentialGroup.java,addPreferredGap
313d1fcf-fdf6-4e4e-85aa-8fcea532cc34,0707f5cf-683f-4642-b7bb-1bd95e11adca,7b93b556-7392-4ee7-91fe-7ca6c4ef1642,->,313d1fcf-fdf6-4e4e-85aa-8fcea532cc34,javax/swing/GroupLayout$SequentialGroup.java,addComponent
313d1fcf-fdf6-4e4e-85aa-8fcea532cc34,0707f5cf-683f-4642-b7bb-1bd95e11adca,7b93b556-7392-4ee7-91fe-7ca6c4ef1642,->,313d1fcf-fdf6-4e4e-85aa-8fcea532cc34,javax/swing/GroupLayout$ParallelGroup.java,addGroup
313d1fcf-fdf6-4e4e-85aa-8fcea532cc34,0707f5cf-683f-4642-b7bb-1bd95e11adca,7b93b556-7392-4ee7-91fe-7ca6c4ef1642,->,313d1fcf-fdf6-4e4e-85aa-8fcea532cc34,javax/swing/GroupLayout$SequentialGroup.java,addGroup
313d1fcf-fdf6-4e4e-85aa-8fcea532cc34,0707f5cf-683f-4642-b7bb-1bd95e11adca,7b93b556-7392-4ee7-91fe-7ca6c4ef1642,->,313d1fcf-fdf6-4e4e-85aa-8fcea532cc34,javax/swing/GroupLayout$SequentialGroup.java,addPreferredGap
313d1fcf-fdf6-4e4e-85aa-8fcea532cc34,0707f5cf-683f-4642-b7bb-1bd95e11adca,7b93b556-7392-4ee7-91fe-7ca6c4ef1642,->,313d1fcf-fdf6-4e4e-85aa-8fcea532cc34,javax/swing/GroupLayout$SequentialGroup.java,addComponent
313d1fcf-fdf6-4e4e-85aa-8fcea532cc34,0707f5cf-683f-4642-b7bb-1bd95e11adca,7b93b556-7392-4ee7-91fe-7ca6c4ef1642,->,313d1fcf-fdf6-4e4e-85aa-8fcea532cc34,javax/swing/GroupLayout$SequentialGroup.java,addGap
313d1fcf-fdf6-4e4e-85aa-8fcea532cc34,0707f5cf-683f-4642-b7bb-1bd95e11adca,7b93b556-7392-4ee7-91fe-7ca6c4ef1642,->,313d1fcf-fdf6-4e4e-85aa-8fcea532cc34,javax/swing/GroupLayout$ParallelGroup.java,addGroup
313d1fcf-fdf6-4e4e-85aa-8fcea532cc34,0707f5cf-683f-4642-b7bb-1bd95e11adca,7b93b556-7392-4ee7-91fe-7ca6c4ef1642,->,313d1fcf-fdf6-4e4e-85aa-8fcea532cc34,javax/swing/GroupLayout.java,setVerticalGroup
313d1fcf-fdf6-4e4e-85aa-8fcea532cc34,0707f5cf-683f-4642-b7bb-1bd95e11adca,7b93b556-7392-4ee7-91fe-7ca6c4ef1642,->,313d1fcf-fdf6-4e4e-85aa-8fcea532cc34,java/lang/Object.java,getClass
313d1fcf-fdf6-4e4e-85aa-8fcea532cc34,0707f5cf-683f-4642-b7bb-1bd95e11adca,7b93b556-7392-4ee7-91fe-7ca6c4ef1642,->,313d1fcf-fdf6-4e4e-85aa-8fcea532cc34,java/lang/Class.java,getResource
313d1fcf-fdf6-4e4e-85aa-8fcea532cc34,0707f5cf-683f-4642-b7bb-1bd95e11adca,7b93b556-7392-4ee7-91fe-7ca6c4ef1642,->,313d1fcf-fdf6-4e4e-85aa-8fcea532cc34,javax/swing/JTabbedPane.java,addTab
313d1fcf-fdf6-4e4e-85aa-8fcea532cc34,0707f5cf-683f-4642-b7bb-1bd95e11adca,7b93b556-7392-4ee7-91fe-7ca6c4ef1642,->,313d1fcf-fdf6-4e4e-85aa-8fcea532cc34,javax/swing/JLabel.java,setFont
313d1fcf-fdf6-4e4e-85aa-8fcea532cc34,0707f5cf-683f-4642-b7bb-1bd95e11adca,7b93b556-7392-4ee7-91fe-7ca6c4ef1642,->,313d1fcf-fdf6-4e4e-85aa-8fcea532cc34,java/lang/Object.java,getClass
313d1fcf-fdf6-4e4e-85aa-8fcea532cc34,0707f5cf-683f-4642-b7bb-1bd95e11adca,7b93b556-7392-4ee7-91fe-7ca6c4ef1642,->,313d1fcf-fdf6-4e4e-85aa-8fcea532cc34,java/lang/Class.java,getResource
313d1fcf-fdf6-4e4e-85aa-8fcea532cc34,0707f5cf-683f-4642-b7bb-1bd95e11adca,7b93b556-7392-4ee7-91fe-7ca6c4ef1642,->,313d1fcf-fdf6-4e4e-85aa-8fcea532cc34,javax/swing/JLabel.java,setIcon
313d1fcf-fdf6-4e4e-85aa-8fcea532cc34,0707f5cf-683f-4642-b7bb-1bd95e11adca,7b93b556-7392-4ee7-91fe-7ca6c4ef1642,->,313d1fcf-fdf6-4e4e-85aa-8fcea532cc34,javax/swing/JLabel.java,setText
313d1fcf-fdf6-4e4e-85aa-8fcea532cc34,0707f5cf-683f-4642-b7bb-1bd95e11adca,7b93b556-7392-4ee7-91fe-7ca6c4ef1642,->,313d1fcf-fdf6-4e4e-85aa-8fcea532cc34,javax/swing/JPanel.java,setBackground
313d1fcf-fdf6-4e4e-85aa-8fcea532cc34,0707f5cf-683f-4642-b7bb-1bd95e11adca,7b93b556-7392-4ee7-91fe-7ca6c4ef1642,->,313d1fcf-fdf6-4e4e-85aa-8fcea532cc34,javax/swing/JPanel.java,setLayout
313d1fcf-fdf6-4e4e-85aa-8fcea532cc34,0707f5cf-683f-4642-b7bb-1bd95e11adca,7b93b556-7392-4ee7-91fe-7ca6c4ef1642,->,313d1fcf-fdf6-4e4e-85aa-8fcea532cc34,javax/swing/GroupLayout.java,createParallelGroup
313d1fcf-fdf6-4e4e-85aa-8fcea532cc34,0707f5cf-683f-4642-b7bb-1bd95e11adca,7b93b556-7392-4ee7-91fe-7ca6c4ef1642,->,313d1fcf-fdf6-4e4e-85aa-8fcea532cc34,javax/swing/GroupLayout$ParallelGroup.java,addGap
313d1fcf-fdf6-4e4e-85aa-8fcea532cc34,0707f5cf-683f-4642-b7bb-1bd95e11adca,7b93b556-7392-4ee7-91fe-7ca6c4ef1642,->,313d1fcf-fdf6-4e4e-85aa-8fcea532cc34,javax/swing/GroupLayout.java,setHorizontalGroup
313d1fcf-fdf6-4e4e-85aa-8fcea532cc34,0707f5cf-683f-4642-b7bb-1bd95e11adca,7b93b556-7392-4ee7-91fe-7ca6c4ef1642,->,313d1fcf-fdf6-4e4e-85aa-8fcea532cc34,javax/swing/GroupLayout.java,createParallelGroup
313d1fcf-fdf6-4e4e-85aa-8fcea532cc34,0707f5cf-683f-4642-b7bb-1bd95e11adca,7b93b556-7392-4ee7-91fe-7ca6c4ef1642,->,313d1fcf-fdf6-4e4e-85aa-8fcea532cc34,javax/swing/GroupLayout$ParallelGroup.java,addGap
313d1fcf-fdf6-4e4e-85aa-8fcea532cc34,0707f5cf-683f-4642-b7bb-1bd95e11adca,7b93b556-7392-4ee7-91fe-7ca6c4ef1642,->,313d1fcf-fdf6-4e4e-85aa-8fcea532cc34,javax/swing/GroupLayout.java,setVerticalGroup
313d1fcf-fdf6-4e4e-85aa-8fcea532cc34,0707f5cf-683f-4642-b7bb-1bd95e11adca,7b93b556-7392-4ee7-91fe-7ca6c4ef1642,->,313d1fcf-fdf6-4e4e-85aa-8fcea532cc34,javax/swing/JLabel.java,setFont
313d1fcf-fdf6-4e4e-85aa-8fcea532cc34,0707f5cf-683f-4642-b7bb-1bd95e11adca,7b93b556-7392-4ee7-91fe-7ca6c4ef1642,->,313d1fcf-fdf6-4e4e-85aa-8fcea532cc34,java/lang/Object.java,getClass
313d1fcf-fdf6-4e4e-85aa-8fcea532cc34,0707f5cf-683f-4642-b7bb-1bd95e11adca,7b93b556-7392-4ee7-91fe-7ca6c4ef1642,->,313d1fcf-fdf6-4e4e-85aa-8fcea532cc34,java/lang/Class.java,getResource
313d1fcf-fdf6-4e4e-85aa-8fcea532cc34,0707f5cf-683f-4642-b7bb-1bd95e11adca,7b93b556-7392-4ee7-91fe-7ca6c4ef1642,->,313d1fcf-fdf6-4e4e-85aa-8fcea532cc34,javax/swing/JLabel.java,setIcon
313d1fcf-fdf6-4e4e-85aa-8fcea532cc34,0707f5cf-683f-4642-b7bb-1bd95e11adca,7b93b556-7392-4ee7-91fe-7ca6c4ef1642,->,313d1fcf-fdf6-4e4e-85aa-8fcea532cc34,javax/swing/JLabel.java,setText
313d1fcf-fdf6-4e4e-85aa-8fcea532cc34,0707f5cf-683f-4642-b7bb-1bd95e11adca,7b93b556-7392-4ee7-91fe-7ca6c4ef1642,->,313d1fcf-fdf6-4e4e-85aa-8fcea532cc34,javax/swing/JLabel.java,setFont
313d1fcf-fdf6-4e4e-85aa-8fcea532cc34,0707f5cf-683f-4642-b7bb-1bd95e11adca,7b93b556-7392-4ee7-91fe-7ca6c4ef1642,->,313d1fcf-fdf6-4e4e-85aa-8fcea532cc34,java/lang/Object.java,getClass
313d1fcf-fdf6-4e4e-85aa-8fcea532cc34,0707f5cf-683f-4642-b7bb-1bd95e11adca,7b93b556-7392-4ee7-91fe-7ca6c4ef1642,->,313d1fcf-fdf6-4e4e-85aa-8fcea532cc34,java/lang/Class.java,getResource
313d1fcf-fdf6-4e4e-85aa-8fcea532cc34,0707f5cf-683f-4642-b7bb-1bd95e11adca,7b93b556-7392-4ee7-91fe-7ca6c4ef1642,->,313d1fcf-fdf6-4e4e-85aa-8fcea532cc34,javax/swing/JLabel.java,setIcon
313d1fcf-fdf6-4e4e-85aa-8fcea532cc34,0707f5cf-683f-4642-b7bb-1bd95e11adca,7b93b556-7392-4ee7-91fe-7ca6c4ef1642,->,313d1fcf-fdf6-4e4e-85aa-8fcea532cc34,javax/swing/JLabel.java,setText
313d1fcf-fdf6-4e4e-85aa-8fcea532cc34,0707f5cf-683f-4642-b7bb-1bd95e11adca,7b93b556-7392-4ee7-91fe-7ca6c4ef1642,->,313d1fcf-fdf6-4e4e-85aa-8fcea532cc34,javax/swing/JLabel.java,setFont
313d1fcf-fdf6-4e4e-85aa-8fcea532cc34,0707f5cf-683f-4642-b7bb-1bd95e11adca,7b93b556-7392-4ee7-91fe-7ca6c4ef1642,->,313d1fcf-fdf6-4e4e-85aa-8fcea532cc34,java/lang/Object.java,getClass
313d1fcf-fdf6-4e4e-85aa-8fcea532cc34,0707f5cf-683f-4642-b7bb-1bd95e11adca,7b93b556-7392-4ee7-91fe-7ca6c4ef1642,->,313d1fcf-fdf6-4e4e-85aa-8fcea532cc34,java/lang/Class.java,getResource
313d1fcf-fdf6-4e4e-85aa-8fcea532cc34,0707f5cf-683f-4642-b7bb-1bd95e11adca,7b93b556-7392-4ee7-91fe-7ca6c4ef1642,->,313d1fcf-fdf6-4e4e-85aa-8fcea532cc34,javax/swing/JLabel.java,setIcon
313d1fcf-fdf6-4e4e-85aa-8fcea532cc34,0707f5cf-683f-4642-b7bb-1bd95e11adca,7b93b556-7392-4ee7-91fe-7ca6c4ef1642,->,313d1fcf-fdf6-4e4e-85aa-8fcea532cc34,javax/swing/JLabel.java,setText
313d1fcf-fdf6-4e4e-85aa-8fcea532cc34,0707f5cf-683f-4642-b7bb-1bd95e11adca,7b93b556-7392-4ee7-91fe-7ca6c4ef1642,->,313d1fcf-fdf6-4e4e-85aa-8fcea532cc34,javax/swing/JLabel.java,setFont
313d1fcf-fdf6-4e4e-85aa-8fcea532cc34,0707f5cf-683f-4642-b7bb-1bd95e11adca,7b93b556-7392-4ee7-91fe-7ca6c4ef1642,->,313d1fcf-fdf6-4e4e-85aa-8fcea532cc34,java/lang/Object.java,getClass
313d1fcf-fdf6-4e4e-85aa-8fcea532cc34,0707f5cf-683f-4642-b7bb-1bd95e11adca,7b93b556-7392-4ee7-91fe-7ca6c4ef1642,->,313d1fcf-fdf6-4e4e-85aa-8fcea532cc34,java/lang/Class.java,getResource
313d1fcf-fdf6-4e4e-85aa-8fcea532cc34,0707f5cf-683f-4642-b7bb-1bd95e11adca,7b93b556-7392-4ee7-91fe-7ca6c4ef1642,->,313d1fcf-fdf6-4e4e-85aa-8fcea532cc34,javax/swing/JLabel.java,setIcon
313d1fcf-fdf6-4e4e-85aa-8fcea532cc34,0707f5cf-683f-4642-b7bb-1bd95e11adca,7b93b556-7392-4ee7-91fe-7ca6c4ef1642,->,313d1fcf-fdf6-4e4e-85aa-8fcea532cc34,javax/swing/JLabel.java,setText
313d1fcf-fdf6-4e4e-85aa-8fcea532cc34,0707f5cf-683f-4642-b7bb-1bd95e11adca,7b93b556-7392-4ee7-91fe-7ca6c4ef1642,->,313d1fcf-fdf6-4e4e-85aa-8fcea532cc34,javax/swing/JLabel.java,setFont
313d1fcf-fdf6-4e4e-85aa-8fcea532cc34,0707f5cf-683f-4642-b7bb-1bd95e11adca,7b93b556-7392-4ee7-91fe-7ca6c4ef1642,->,313d1fcf-fdf6-4e4e-85aa-8fcea532cc34,java/lang/Object.java,getClass
313d1fcf-fdf6-4e4e-85aa-8fcea532cc34,0707f5cf-683f-4642-b7bb-1bd95e11adca,7b93b556-7392-4ee7-91fe-7ca6c4ef1642,->,313d1fcf-fdf6-4e4e-85aa-8fcea532cc34,java/lang/Class.java,getResource
313d1fcf-fdf6-4e4e-85aa-8fcea532cc34,0707f5cf-683f-4642-b7bb-1bd95e11adca,7b93b556-7392-4ee7-91fe-7ca6c4ef1642,->,313d1fcf-fdf6-4e4e-85aa-8fcea532cc34,javax/swing/JLabel.java,setIcon
313d1fcf-fdf6-4e4e-85aa-8fcea532cc34,0707f5cf-683f-4642-b7bb-1bd95e11adca,7b93b556-7392-4ee7-91fe-7ca6c4ef1642,->,313d1fcf-fdf6-4e4e-85aa-8fcea532cc34,javax/swing/JLabel.java,setText
313d1fcf-fdf6-4e4e-85aa-8fcea532cc34,0707f5cf-683f-4642-b7bb-1bd95e11adca,7b93b556-7392-4ee7-91fe-7ca6c4ef1642,->,313d1fcf-fdf6-4e4e-85aa-8fcea532cc34,javax/swing/JLabel.java,setFont
313d1fcf-fdf6-4e4e-85aa-8fcea532cc34,0707f5cf-683f-4642-b7bb-1bd95e11adca,7b93b556-7392-4ee7-91fe-7ca6c4ef1642,->,313d1fcf-fdf6-4e4e-85aa-8fcea532cc34,javax/swing/JLabel.java,setText
313d1fcf-fdf6-4e4e-85aa-8fcea532cc34,0707f5cf-683f-4642-b7bb-1bd95e11adca,7b93b556-7392-4ee7-91fe-7ca6c4ef1642,->,313d1fcf-fdf6-4e4e-85aa-8fcea532cc34,javax/swing/JLabel.java,setFont
313d1fcf-fdf6-4e4e-85aa-8fcea532cc34,0707f5cf-683f-4642-b7bb-1bd95e11adca,7b93b556-7392-4ee7-91fe-7ca6c4ef1642,->,313d1fcf-fdf6-4e4e-85aa-8fcea532cc34,javax/swing/JLabel.java,setText
313d1fcf-fdf6-4e4e-85aa-8fcea532cc34,0707f5cf-683f-4642-b7bb-1bd95e11adca,7b93b556-7392-4ee7-91fe-7ca6c4ef1642,->,313d1fcf-fdf6-4e4e-85aa-8fcea532cc34,javax/swing/JLabel.java,setFont
313d1fcf-fdf6-4e4e-85aa-8fcea532cc34,0707f5cf-683f-4642-b7bb-1bd95e11adca,7b93b556-7392-4ee7-91fe-7ca6c4ef1642,->,313d1fcf-fdf6-4e4e-85aa-8fcea532cc34,javax/swing/JLabel.java,setText
313d1fcf-fdf6-4e4e-85aa-8fcea532cc34,0707f5cf-683f-4642-b7bb-1bd95e11adca,7b93b556-7392-4ee7-91fe-7ca6c4ef1642,->,313d1fcf-fdf6-4e4e-85aa-8fcea532cc34,javax/swing/JLabel.java,setFont
313d1fcf-fdf6-4e4e-85aa-8fcea532cc34,0707f5cf-683f-4642-b7bb-1bd95e11adca,7b93b556-7392-4ee7-91fe-7ca6c4ef1642,->,313d1fcf-fdf6-4e4e-85aa-8fcea532cc34,javax/swing/JLabel.java,setText
313d1fcf-fdf6-4e4e-85aa-8fcea532cc34,0707f5cf-683f-4642-b7bb-1bd95e11adca,7b93b556-7392-4ee7-91fe-7ca6c4ef1642,->,313d1fcf-fdf6-4e4e-85aa-8fcea532cc34,javax/swing/JLabel.java,setFont
313d1fcf-fdf6-4e4e-85aa-8fcea532cc34,0707f5cf-683f-4642-b7bb-1bd95e11adca,7b93b556-7392-4ee7-91fe-7ca6c4ef1642,->,313d1fcf-fdf6-4e4e-85aa-8fcea532cc34,java/lang/Object.java,getClass
313d1fcf-fdf6-4e4e-85aa-8fcea532cc34,0707f5cf-683f-4642-b7bb-1bd95e11adca,7b93b556-7392-4ee7-91fe-7ca6c4ef1642,->,313d1fcf-fdf6-4e4e-85aa-8fcea532cc34,java/lang/Class.java,getResource
313d1fcf-fdf6-4e4e-85aa-8fcea532cc34,0707f5cf-683f-4642-b7bb-1bd95e11adca,7b93b556-7392-4ee7-91fe-7ca6c4ef1642,->,313d1fcf-fdf6-4e4e-85aa-8fcea532cc34,javax/swing/JLabel.java,setIcon
313d1fcf-fdf6-4e4e-85aa-8fcea532cc34,0707f5cf-683f-4642-b7bb-1bd95e11adca,7b93b556-7392-4ee7-91fe-7ca6c4ef1642,->,313d1fcf-fdf6-4e4e-85aa-8fcea532cc34,javax/swing/JLabel.java,setText
313d1fcf-fdf6-4e4e-85aa-8fcea532cc34,0707f5cf-683f-4642-b7bb-1bd95e11adca,7b93b556-7392-4ee7-91fe-7ca6c4ef1642,->,313d1fcf-fdf6-4e4e-85aa-8fcea532cc34,javax/swing/JTextField.java,setFont
313d1fcf-fdf6-4e4e-85aa-8fcea532cc34,0707f5cf-683f-4642-b7bb-1bd95e11adca,7b93b556-7392-4ee7-91fe-7ca6c4ef1642,->,313d1fcf-fdf6-4e4e-85aa-8fcea532cc34,javax/swing/JTextField.java,setText
313d1fcf-fdf6-4e4e-85aa-8fcea532cc34,0707f5cf-683f-4642-b7bb-1bd95e11adca,7b93b556-7392-4ee7-91fe-7ca6c4ef1642,->,313d1fcf-fdf6-4e4e-85aa-8fcea532cc34,javax/swing/JTextField.java,addActionListener
313d1fcf-fdf6-4e4e-85aa-8fcea532cc34,0707f5cf-683f-4642-b7bb-1bd95e11adca,7b93b556-7392-4ee7-91fe-7ca6c4ef1642,->,313d1fcf-fdf6-4e4e-85aa-8fcea532cc34,javax/swing/JTextField.java,setFont
313d1fcf-fdf6-4e4e-85aa-8fcea532cc34,0707f5cf-683f-4642-b7bb-1bd95e11adca,7b93b556-7392-4ee7-91fe-7ca6c4ef1642,->,313d1fcf-fdf6-4e4e-85aa-8fcea532cc34,javax/swing/JTextField.java,setText
313d1fcf-fdf6-4e4e-85aa-8fcea532cc34,0707f5cf-683f-4642-b7bb-1bd95e11adca,7b93b556-7392-4ee7-91fe-7ca6c4ef1642,->,313d1fcf-fdf6-4e4e-85aa-8fcea532cc34,javax/swing/JButton.java,setFont
313d1fcf-fdf6-4e4e-85aa-8fcea532cc34,0707f5cf-683f-4642-b7bb-1bd95e11adca,7b93b556-7392-4ee7-91fe-7ca6c4ef1642,->,313d1fcf-fdf6-4e4e-85aa-8fcea532cc34,java/lang/Object.java,getClass
313d1fcf-fdf6-4e4e-85aa-8fcea532cc34,0707f5cf-683f-4642-b7bb-1bd95e11adca,7b93b556-7392-4ee7-91fe-7ca6c4ef1642,->,313d1fcf-fdf6-4e4e-85aa-8fcea532cc34,java/lang/Class.java,getResource
313d1fcf-fdf6-4e4e-85aa-8fcea532cc34,0707f5cf-683f-4642-b7bb-1bd95e11adca,7b93b556-7392-4ee7-91fe-7ca6c4ef1642,->,313d1fcf-fdf6-4e4e-85aa-8fcea532cc34,javax/swing/JButton.java,setIcon
313d1fcf-fdf6-4e4e-85aa-8fcea532cc34,0707f5cf-683f-4642-b7bb-1bd95e11adca,7b93b556-7392-4ee7-91fe-7ca6c4ef1642,->,313d1fcf-fdf6-4e4e-85aa-8fcea532cc34,javax/swing/JButton.java,setText
313d1fcf-fdf6-4e4e-85aa-8fcea532cc34,0707f5cf-683f-4642-b7bb-1bd95e11adca,7b93b556-7392-4ee7-91fe-7ca6c4ef1642,->,313d1fcf-fdf6-4e4e-85aa-8fcea532cc34,javax/swing/JPanel.java,setBackground
313d1fcf-fdf6-4e4e-85aa-8fcea532cc34,0707f5cf-683f-4642-b7bb-1bd95e11adca,7b93b556-7392-4ee7-91fe-7ca6c4ef1642,->,313d1fcf-fdf6-4e4e-85aa-8fcea532cc34,javax/swing/JLabel.java,setFont
313d1fcf-fdf6-4e4e-85aa-8fcea532cc34,0707f5cf-683f-4642-b7bb-1bd95e11adca,7b93b556-7392-4ee7-91fe-7ca6c4ef1642,->,313d1fcf-fdf6-4e4e-85aa-8fcea532cc34,java/lang/Object.java,getClass
313d1fcf-fdf6-4e4e-85aa-8fcea532cc34,0707f5cf-683f-4642-b7bb-1bd95e11adca,7b93b556-7392-4ee7-91fe-7ca6c4ef1642,->,313d1fcf-fdf6-4e4e-85aa-8fcea532cc34,java/lang/Class.java,getResource
313d1fcf-fdf6-4e4e-85aa-8fcea532cc34,0707f5cf-683f-4642-b7bb-1bd95e11adca,7b93b556-7392-4ee7-91fe-7ca6c4ef1642,->,313d1fcf-fdf6-4e4e-85aa-8fcea532cc34,javax/swing/JLabel.java,setIcon
313d1fcf-fdf6-4e4e-85aa-8fcea532cc34,0707f5cf-683f-4642-b7bb-1bd95e11adca,7b93b556-7392-4ee7-91fe-7ca6c4ef1642,->,313d1fcf-fdf6-4e4e-85aa-8fcea532cc34,javax/swing/JLabel.java,setText
313d1fcf-fdf6-4e4e-85aa-8fcea532cc34,0707f5cf-683f-4642-b7bb-1bd95e11adca,7b93b556-7392-4ee7-91fe-7ca6c4ef1642,->,313d1fcf-fdf6-4e4e-85aa-8fcea532cc34,javax/swing/JLabel.java,setFont
313d1fcf-fdf6-4e4e-85aa-8fcea532cc34,0707f5cf-683f-4642-b7bb-1bd95e11adca,7b93b556-7392-4ee7-91fe-7ca6c4ef1642,->,313d1fcf-fdf6-4e4e-85aa-8fcea532cc34,javax/swing/JLabel.java,setText
313d1fcf-fdf6-4e4e-85aa-8fcea532cc34,0707f5cf-683f-4642-b7bb-1bd95e11adca,7b93b556-7392-4ee7-91fe-7ca6c4ef1642,->,313d1fcf-fdf6-4e4e-85aa-8fcea532cc34,javax/swing/JLabel.java,setFont
313d1fcf-fdf6-4e4e-85aa-8fcea532cc34,0707f5cf-683f-4642-b7bb-1bd95e11adca,7b93b556-7392-4ee7-91fe-7ca6c4ef1642,->,313d1fcf-fdf6-4e4e-85aa-8fcea532cc34,javax/swing/JLabel.java,setText
313d1fcf-fdf6-4e4e-85aa-8fcea532cc34,0707f5cf-683f-4642-b7bb-1bd95e11adca,7b93b556-7392-4ee7-91fe-7ca6c4ef1642,->,313d1fcf-fdf6-4e4e-85aa-8fcea532cc34,javax/swing/JPanel.java,setLayout
313d1fcf-fdf6-4e4e-85aa-8fcea532cc34,0707f5cf-683f-4642-b7bb-1bd95e11adca,7b93b556-7392-4ee7-91fe-7ca6c4ef1642,->,313d1fcf-fdf6-4e4e-85aa-8fcea532cc34,javax/swing/GroupLayout.java,createParallelGroup
313d1fcf-fdf6-4e4e-85aa-8fcea532cc34,0707f5cf-683f-4642-b7bb-1bd95e11adca,7b93b556-7392-4ee7-91fe-7ca6c4ef1642,->,313d1fcf-fdf6-4e4e-85aa-8fcea532cc34,javax/swing/GroupLayout.java,createSequentialGroup
313d1fcf-fdf6-4e4e-85aa-8fcea532cc34,0707f5cf-683f-4642-b7bb-1bd95e11adca,7b93b556-7392-4ee7-91fe-7ca6c4ef1642,->,313d1fcf-fdf6-4e4e-85aa-8fcea532cc34,javax/swing/GroupLayout$SequentialGroup.java,addContainerGap
313d1fcf-fdf6-4e4e-85aa-8fcea532cc34,0707f5cf-683f-4642-b7bb-1bd95e11adca,7b93b556-7392-4ee7-91fe-7ca6c4ef1642,->,313d1fcf-fdf6-4e4e-85aa-8fcea532cc34,javax/swing/GroupLayout.java,createParallelGroup
313d1fcf-fdf6-4e4e-85aa-8fcea532cc34,0707f5cf-683f-4642-b7bb-1bd95e11adca,7b93b556-7392-4ee7-91fe-7ca6c4ef1642,->,313d1fcf-fdf6-4e4e-85aa-8fcea532cc34,javax/swing/GroupLayout$ParallelGroup.java,addComponent
313d1fcf-fdf6-4e4e-85aa-8fcea532cc34,0707f5cf-683f-4642-b7bb-1bd95e11adca,7b93b556-7392-4ee7-91fe-7ca6c4ef1642,->,313d1fcf-fdf6-4e4e-85aa-8fcea532cc34,javax/swing/GroupLayout.java,createSequentialGroup
313d1fcf-fdf6-4e4e-85aa-8fcea532cc34,0707f5cf-683f-4642-b7bb-1bd95e11adca,7b93b556-7392-4ee7-91fe-7ca6c4ef1642,->,313d1fcf-fdf6-4e4e-85aa-8fcea532cc34,javax/swing/GroupLayout.java,createParallelGroup
313d1fcf-fdf6-4e4e-85aa-8fcea532cc34,0707f5cf-683f-4642-b7bb-1bd95e11adca,7b93b556-7392-4ee7-91fe-7ca6c4ef1642,->,313d1fcf-fdf6-4e4e-85aa-8fcea532cc34,javax/swing/GroupLayout$ParallelGroup.java,addComponent
313d1fcf-fdf6-4e4e-85aa-8fcea532cc34,0707f5cf-683f-4642-b7bb-1bd95e11adca,7b93b556-7392-4ee7-91fe-7ca6c4ef1642,->,313d1fcf-fdf6-4e4e-85aa-8fcea532cc34,javax/swing/GroupLayout$ParallelGroup.java,addComponent
313d1fcf-fdf6-4e4e-85aa-8fcea532cc34,0707f5cf-683f-4642-b7bb-1bd95e11adca,7b93b556-7392-4ee7-91fe-7ca6c4ef1642,->,313d1fcf-fdf6-4e4e-85aa-8fcea532cc34,javax/swing/GroupLayout$SequentialGroup.java,addGroup
313d1fcf-fdf6-4e4e-85aa-8fcea532cc34,0707f5cf-683f-4642-b7bb-1bd95e11adca,7b93b556-7392-4ee7-91fe-7ca6c4ef1642,->,313d1fcf-fdf6-4e4e-85aa-8fcea532cc34,javax/swing/GroupLayout$SequentialGroup.java,addGap
313d1fcf-fdf6-4e4e-85aa-8fcea532cc34,0707f5cf-683f-4642-b7bb-1bd95e11adca,7b93b556-7392-4ee7-91fe-7ca6c4ef1642,->,313d1fcf-fdf6-4e4e-85aa-8fcea532cc34,javax/swing/GroupLayout$ParallelGroup.java,addGroup
313d1fcf-fdf6-4e4e-85aa-8fcea532cc34,0707f5cf-683f-4642-b7bb-1bd95e11adca,7b93b556-7392-4ee7-91fe-7ca6c4ef1642,->,313d1fcf-fdf6-4e4e-85aa-8fcea532cc34,javax/swing/GroupLayout$SequentialGroup.java,addGroup
313d1fcf-fdf6-4e4e-85aa-8fcea532cc34,0707f5cf-683f-4642-b7bb-1bd95e11adca,7b93b556-7392-4ee7-91fe-7ca6c4ef1642,->,313d1fcf-fdf6-4e4e-85aa-8fcea532cc34,javax/swing/GroupLayout$SequentialGroup.java,addContainerGap
313d1fcf-fdf6-4e4e-85aa-8fcea532cc34,0707f5cf-683f-4642-b7bb-1bd95e11adca,7b93b556-7392-4ee7-91fe-7ca6c4ef1642,->,313d1fcf-fdf6-4e4e-85aa-8fcea532cc34,javax/swing/GroupLayout$ParallelGroup.java,addGroup
313d1fcf-fdf6-4e4e-85aa-8fcea532cc34,0707f5cf-683f-4642-b7bb-1bd95e11adca,7b93b556-7392-4ee7-91fe-7ca6c4ef1642,->,313d1fcf-fdf6-4e4e-85aa-8fcea532cc34,javax/swing/GroupLayout.java,setHorizontalGroup
313d1fcf-fdf6-4e4e-85aa-8fcea532cc34,0707f5cf-683f-4642-b7bb-1bd95e11adca,7b93b556-7392-4ee7-91fe-7ca6c4ef1642,->,313d1fcf-fdf6-4e4e-85aa-8fcea532cc34,javax/swing/GroupLayout.java,createParallelGroup
313d1fcf-fdf6-4e4e-85aa-8fcea532cc34,0707f5cf-683f-4642-b7bb-1bd95e11adca,7b93b556-7392-4ee7-91fe-7ca6c4ef1642,->,313d1fcf-fdf6-4e4e-85aa-8fcea532cc34,javax/swing/GroupLayout.java,createSequentialGroup
313d1fcf-fdf6-4e4e-85aa-8fcea532cc34,0707f5cf-683f-4642-b7bb-1bd95e11adca,7b93b556-7392-4ee7-91fe-7ca6c4ef1642,->,313d1fcf-fdf6-4e4e-85aa-8fcea532cc34,javax/swing/GroupLayout$SequentialGroup.java,addContainerGap
313d1fcf-fdf6-4e4e-85aa-8fcea532cc34,0707f5cf-683f-4642-b7bb-1bd95e11adca,7b93b556-7392-4ee7-91fe-7ca6c4ef1642,->,313d1fcf-fdf6-4e4e-85aa-8fcea532cc34,javax/swing/GroupLayout$SequentialGroup.java,addComponent
313d1fcf-fdf6-4e4e-85aa-8fcea532cc34,0707f5cf-683f-4642-b7bb-1bd95e11adca,7b93b556-7392-4ee7-91fe-7ca6c4ef1642,->,313d1fcf-fdf6-4e4e-85aa-8fcea532cc34,javax/swing/GroupLayout$SequentialGroup.java,addPreferredGap
313d1fcf-fdf6-4e4e-85aa-8fcea532cc34,0707f5cf-683f-4642-b7bb-1bd95e11adca,7b93b556-7392-4ee7-91fe-7ca6c4ef1642,->,313d1fcf-fdf6-4e4e-85aa-8fcea532cc34,javax/swing/GroupLayout$SequentialGroup.java,addComponent
313d1fcf-fdf6-4e4e-85aa-8fcea532cc34,0707f5cf-683f-4642-b7bb-1bd95e11adca,7b93b556-7392-4ee7-91fe-7ca6c4ef1642,->,313d1fcf-fdf6-4e4e-85aa-8fcea532cc34,javax/swing/GroupLayout$SequentialGroup.java,addPreferredGap
313d1fcf-fdf6-4e4e-85aa-8fcea532cc34,0707f5cf-683f-4642-b7bb-1bd95e11adca,7b93b556-7392-4ee7-91fe-7ca6c4ef1642,->,313d1fcf-fdf6-4e4e-85aa-8fcea532cc34,javax/swing/GroupLayout$SequentialGroup.java,addComponent
313d1fcf-fdf6-4e4e-85aa-8fcea532cc34,0707f5cf-683f-4642-b7bb-1bd95e11adca,7b93b556-7392-4ee7-91fe-7ca6c4ef1642,->,313d1fcf-fdf6-4e4e-85aa-8fcea532cc34,javax/swing/GroupLayout$SequentialGroup.java,addContainerGap
313d1fcf-fdf6-4e4e-85aa-8fcea532cc34,0707f5cf-683f-4642-b7bb-1bd95e11adca,7b93b556-7392-4ee7-91fe-7ca6c4ef1642,->,313d1fcf-fdf6-4e4e-85aa-8fcea532cc34,javax/swing/GroupLayout$ParallelGroup.java,addGroup
313d1fcf-fdf6-4e4e-85aa-8fcea532cc34,0707f5cf-683f-4642-b7bb-1bd95e11adca,7b93b556-7392-4ee7-91fe-7ca6c4ef1642,->,313d1fcf-fdf6-4e4e-85aa-8fcea532cc34,javax/swing/GroupLayout.java,setVerticalGroup
313d1fcf-fdf6-4e4e-85aa-8fcea532cc34,0707f5cf-683f-4642-b7bb-1bd95e11adca,7b93b556-7392-4ee7-91fe-7ca6c4ef1642,->,313d1fcf-fdf6-4e4e-85aa-8fcea532cc34,javax/swing/JTextField.java,setFont
313d1fcf-fdf6-4e4e-85aa-8fcea532cc34,0707f5cf-683f-4642-b7bb-1bd95e11adca,7b93b556-7392-4ee7-91fe-7ca6c4ef1642,->,313d1fcf-fdf6-4e4e-85aa-8fcea532cc34,javax/swing/JTextField.java,setText
313d1fcf-fdf6-4e4e-85aa-8fcea532cc34,0707f5cf-683f-4642-b7bb-1bd95e11adca,7b93b556-7392-4ee7-91fe-7ca6c4ef1642,->,313d1fcf-fdf6-4e4e-85aa-8fcea532cc34,javax/swing/JLabel.java,setFont
313d1fcf-fdf6-4e4e-85aa-8fcea532cc34,0707f5cf-683f-4642-b7bb-1bd95e11adca,7b93b556-7392-4ee7-91fe-7ca6c4ef1642,->,313d1fcf-fdf6-4e4e-85aa-8fcea532cc34,java/lang/Object.java,getClass
313d1fcf-fdf6-4e4e-85aa-8fcea532cc34,0707f5cf-683f-4642-b7bb-1bd95e11adca,7b93b556-7392-4ee7-91fe-7ca6c4ef1642,->,313d1fcf-fdf6-4e4e-85aa-8fcea532cc34,java/lang/Class.java,getResource
313d1fcf-fdf6-4e4e-85aa-8fcea532cc34,0707f5cf-683f-4642-b7bb-1bd95e11adca,7b93b556-7392-4ee7-91fe-7ca6c4ef1642,->,313d1fcf-fdf6-4e4e-85aa-8fcea532cc34,javax/swing/JLabel.java,setIcon
313d1fcf-fdf6-4e4e-85aa-8fcea532cc34,0707f5cf-683f-4642-b7bb-1bd95e11adca,7b93b556-7392-4ee7-91fe-7ca6c4ef1642,->,313d1fcf-fdf6-4e4e-85aa-8fcea532cc34,javax/swing/JLabel.java,setText
313d1fcf-fdf6-4e4e-85aa-8fcea532cc34,0707f5cf-683f-4642-b7bb-1bd95e11adca,7b93b556-7392-4ee7-91fe-7ca6c4ef1642,->,313d1fcf-fdf6-4e4e-85aa-8fcea532cc34,javax/swing/JTextField.java,setFont
313d1fcf-fdf6-4e4e-85aa-8fcea532cc34,0707f5cf-683f-4642-b7bb-1bd95e11adca,7b93b556-7392-4ee7-91fe-7ca6c4ef1642,->,313d1fcf-fdf6-4e4e-85aa-8fcea532cc34,javax/swing/JTextField.java,setText
313d1fcf-fdf6-4e4e-85aa-8fcea532cc34,0707f5cf-683f-4642-b7bb-1bd95e11adca,7b93b556-7392-4ee7-91fe-7ca6c4ef1642,->,313d1fcf-fdf6-4e4e-85aa-8fcea532cc34,javax/swing/JTextField.java,addActionListener
313d1fcf-fdf6-4e4e-85aa-8fcea532cc34,0707f5cf-683f-4642-b7bb-1bd95e11adca,7b93b556-7392-4ee7-91fe-7ca6c4ef1642,->,313d1fcf-fdf6-4e4e-85aa-8fcea532cc34,javax/swing/JPanel.java,setLayout
313d1fcf-fdf6-4e4e-85aa-8fcea532cc34,0707f5cf-683f-4642-b7bb-1bd95e11adca,7b93b556-7392-4ee7-91fe-7ca6c4ef1642,->,313d1fcf-fdf6-4e4e-85aa-8fcea532cc34,javax/swing/GroupLayout.java,createParallelGroup
313d1fcf-fdf6-4e4e-85aa-8fcea532cc34,0707f5cf-683f-4642-b7bb-1bd95e11adca,7b93b556-7392-4ee7-91fe-7ca6c4ef1642,->,313d1fcf-fdf6-4e4e-85aa-8fcea532cc34,javax/swing/GroupLayout.java,createSequentialGroup
313d1fcf-fdf6-4e4e-85aa-8fcea532cc34,0707f5cf-683f-4642-b7bb-1bd95e11adca,7b93b556-7392-4ee7-91fe-7ca6c4ef1642,->,313d1fcf-fdf6-4e4e-85aa-8fcea532cc34,javax/swing/GroupLayout$SequentialGroup.java,addContainerGap
313d1fcf-fdf6-4e4e-85aa-8fcea532cc34,0707f5cf-683f-4642-b7bb-1bd95e11adca,7b93b556-7392-4ee7-91fe-7ca6c4ef1642,->,313d1fcf-fdf6-4e4e-85aa-8fcea532cc34,javax/swing/GroupLayout.java,createParallelGroup
313d1fcf-fdf6-4e4e-85aa-8fcea532cc34,0707f5cf-683f-4642-b7bb-1bd95e11adca,7b93b556-7392-4ee7-91fe-7ca6c4ef1642,->,313d1fcf-fdf6-4e4e-85aa-8fcea532cc34,javax/swing/GroupLayout.java,createSequentialGroup
313d1fcf-fdf6-4e4e-85aa-8fcea532cc34,0707f5cf-683f-4642-b7bb-1bd95e11adca,7b93b556-7392-4ee7-91fe-7ca6c4ef1642,->,313d1fcf-fdf6-4e4e-85aa-8fcea532cc34,javax/swing/GroupLayout$SequentialGroup.java,addComponent
313d1fcf-fdf6-4e4e-85aa-8fcea532cc34,0707f5cf-683f-4642-b7bb-1bd95e11adca,7b93b556-7392-4ee7-91fe-7ca6c4ef1642,->,313d1fcf-fdf6-4e4e-85aa-8fcea532cc34,javax/swing/GroupLayout$SequentialGroup.java,addGap
313d1fcf-fdf6-4e4e-85aa-8fcea532cc34,0707f5cf-683f-4642-b7bb-1bd95e11adca,7b93b556-7392-4ee7-91fe-7ca6c4ef1642,->,313d1fcf-fdf6-4e4e-85aa-8fcea532cc34,javax/swing/GroupLayout$ParallelGroup.java,addGroup
313d1fcf-fdf6-4e4e-85aa-8fcea532cc34,0707f5cf-683f-4642-b7bb-1bd95e11adca,7b93b556-7392-4ee7-91fe-7ca6c4ef1642,->,313d1fcf-fdf6-4e4e-85aa-8fcea532cc34,javax/swing/GroupLayout.java,createSequentialGroup
313d1fcf-fdf6-4e4e-85aa-8fcea532cc34,0707f5cf-683f-4642-b7bb-1bd95e11adca,7b93b556-7392-4ee7-91fe-7ca6c4ef1642,->,313d1fcf-fdf6-4e4e-85aa-8fcea532cc34,javax/swing/GroupLayout.java,createParallelGroup
313d1fcf-fdf6-4e4e-85aa-8fcea532cc34,0707f5cf-683f-4642-b7bb-1bd95e11adca,7b93b556-7392-4ee7-91fe-7ca6c4ef1642,->,313d1fcf-fdf6-4e4e-85aa-8fcea532cc34,javax/swing/GroupLayout$ParallelGroup.java,addComponent
313d1fcf-fdf6-4e4e-85aa-8fcea532cc34,0707f5cf-683f-4642-b7bb-1bd95e11adca,7b93b556-7392-4ee7-91fe-7ca6c4ef1642,->,313d1fcf-fdf6-4e4e-85aa-8fcea532cc34,javax/swing/GroupLayout.java,createSequentialGroup
313d1fcf-fdf6-4e4e-85aa-8fcea532cc34,0707f5cf-683f-4642-b7bb-1bd95e11adca,7b93b556-7392-4ee7-91fe-7ca6c4ef1642,->,313d1fcf-fdf6-4e4e-85aa-8fcea532cc34,javax/swing/GroupLayout$SequentialGroup.java,addGap
313d1fcf-fdf6-4e4e-85aa-8fcea532cc34,0707f5cf-683f-4642-b7bb-1bd95e11adca,7b93b556-7392-4ee7-91fe-7ca6c4ef1642,->,313d1fcf-fdf6-4e4e-85aa-8fcea532cc34,javax/swing/GroupLayout.java,createParallelGroup
313d1fcf-fdf6-4e4e-85aa-8fcea532cc34,0707f5cf-683f-4642-b7bb-1bd95e11adca,7b93b556-7392-4ee7-91fe-7ca6c4ef1642,->,313d1fcf-fdf6-4e4e-85aa-8fcea532cc34,javax/swing/GroupLayout.java,createSequentialGroup
313d1fcf-fdf6-4e4e-85aa-8fcea532cc34,0707f5cf-683f-4642-b7bb-1bd95e11adca,7b93b556-7392-4ee7-91fe-7ca6c4ef1642,->,313d1fcf-fdf6-4e4e-85aa-8fcea532cc34,javax/swing/GroupLayout$SequentialGroup.java,addComponent
313d1fcf-fdf6-4e4e-85aa-8fcea532cc34,0707f5cf-683f-4642-b7bb-1bd95e11adca,7b93b556-7392-4ee7-91fe-7ca6c4ef1642,->,313d1fcf-fdf6-4e4e-85aa-8fcea532cc34,javax/swing/GroupLayout$SequentialGroup.java,addPreferredGap
313d1fcf-fdf6-4e4e-85aa-8fcea532cc34,0707f5cf-683f-4642-b7bb-1bd95e11adca,7b93b556-7392-4ee7-91fe-7ca6c4ef1642,->,313d1fcf-fdf6-4e4e-85aa-8fcea532cc34,javax/swing/GroupLayout$SequentialGroup.java,addComponent
313d1fcf-fdf6-4e4e-85aa-8fcea532cc34,0707f5cf-683f-4642-b7bb-1bd95e11adca,7b93b556-7392-4ee7-91fe-7ca6c4ef1642,->,313d1fcf-fdf6-4e4e-85aa-8fcea532cc34,javax/swing/GroupLayout$ParallelGroup.java,addGroup
313d1fcf-fdf6-4e4e-85aa-8fcea532cc34,0707f5cf-683f-4642-b7bb-1bd95e11adca,7b93b556-7392-4ee7-91fe-7ca6c4ef1642,->,313d1fcf-fdf6-4e4e-85aa-8fcea532cc34,javax/swing/GroupLayout.java,createSequentialGroup
313d1fcf-fdf6-4e4e-85aa-8fcea532cc34,0707f5cf-683f-4642-b7bb-1bd95e11adca,7b93b556-7392-4ee7-91fe-7ca6c4ef1642,->,313d1fcf-fdf6-4e4e-85aa-8fcea532cc34,javax/swing/GroupLayout.java,createParallelGroup
313d1fcf-fdf6-4e4e-85aa-8fcea532cc34,0707f5cf-683f-4642-b7bb-1bd95e11adca,7b93b556-7392-4ee7-91fe-7ca6c4ef1642,->,313d1fcf-fdf6-4e4e-85aa-8fcea532cc34,javax/swing/GroupLayout.java,createParallelGroup
313d1fcf-fdf6-4e4e-85aa-8fcea532cc34,0707f5cf-683f-4642-b7bb-1bd95e11adca,7b93b556-7392-4ee7-91fe-7ca6c4ef1642,->,313d1fcf-fdf6-4e4e-85aa-8fcea532cc34,javax/swing/GroupLayout$ParallelGroup.java,addComponent
313d1fcf-fdf6-4e4e-85aa-8fcea532cc34,0707f5cf-683f-4642-b7bb-1bd95e11adca,7b93b556-7392-4ee7-91fe-7ca6c4ef1642,->,313d1fcf-fdf6-4e4e-85aa-8fcea532cc34,javax/swing/GroupLayout$ParallelGroup.java,addComponent
313d1fcf-fdf6-4e4e-85aa-8fcea532cc34,0707f5cf-683f-4642-b7bb-1bd95e11adca,7b93b556-7392-4ee7-91fe-7ca6c4ef1642,->,313d1fcf-fdf6-4e4e-85aa-8fcea532cc34,javax/swing/GroupLayout$ParallelGroup.java,addComponent
313d1fcf-fdf6-4e4e-85aa-8fcea532cc34,0707f5cf-683f-4642-b7bb-1bd95e11adca,7b93b556-7392-4ee7-91fe-7ca6c4ef1642,->,313d1fcf-fdf6-4e4e-85aa-8fcea532cc34,javax/swing/GroupLayout$ParallelGroup.java,addComponent
313d1fcf-fdf6-4e4e-85aa-8fcea532cc34,0707f5cf-683f-4642-b7bb-1bd95e11adca,7b93b556-7392-4ee7-91fe-7ca6c4ef1642,->,313d1fcf-fdf6-4e4e-85aa-8fcea532cc34,javax/swing/GroupLayout$ParallelGroup.java,addComponent
313d1fcf-fdf6-4e4e-85aa-8fcea532cc34,0707f5cf-683f-4642-b7bb-1bd95e11adca,7b93b556-7392-4ee7-91fe-7ca6c4ef1642,->,313d1fcf-fdf6-4e4e-85aa-8fcea532cc34,javax/swing/GroupLayout$ParallelGroup.java,addGroup
313d1fcf-fdf6-4e4e-85aa-8fcea532cc34,0707f5cf-683f-4642-b7bb-1bd95e11adca,7b93b556-7392-4ee7-91fe-7ca6c4ef1642,->,313d1fcf-fdf6-4e4e-85aa-8fcea532cc34,javax/swing/GroupLayout$ParallelGroup.java,addComponent
313d1fcf-fdf6-4e4e-85aa-8fcea532cc34,0707f5cf-683f-4642-b7bb-1bd95e11adca,7b93b556-7392-4ee7-91fe-7ca6c4ef1642,->,313d1fcf-fdf6-4e4e-85aa-8fcea532cc34,javax/swing/GroupLayout$SequentialGroup.java,addGroup
313d1fcf-fdf6-4e4e-85aa-8fcea532cc34,0707f5cf-683f-4642-b7bb-1bd95e11adca,7b93b556-7392-4ee7-91fe-7ca6c4ef1642,->,313d1fcf-fdf6-4e4e-85aa-8fcea532cc34,javax/swing/GroupLayout$SequentialGroup.java,addPreferredGap
313d1fcf-fdf6-4e4e-85aa-8fcea532cc34,0707f5cf-683f-4642-b7bb-1bd95e11adca,7b93b556-7392-4ee7-91fe-7ca6c4ef1642,->,313d1fcf-fdf6-4e4e-85aa-8fcea532cc34,javax/swing/GroupLayout.java,createParallelGroup
313d1fcf-fdf6-4e4e-85aa-8fcea532cc34,0707f5cf-683f-4642-b7bb-1bd95e11adca,7b93b556-7392-4ee7-91fe-7ca6c4ef1642,->,313d1fcf-fdf6-4e4e-85aa-8fcea532cc34,javax/swing/GroupLayout.java,createSequentialGroup
313d1fcf-fdf6-4e4e-85aa-8fcea532cc34,0707f5cf-683f-4642-b7bb-1bd95e11adca,7b93b556-7392-4ee7-91fe-7ca6c4ef1642,->,313d1fcf-fdf6-4e4e-85aa-8fcea532cc34,javax/swing/GroupLayout$SequentialGroup.java,addComponent
313d1fcf-fdf6-4e4e-85aa-8fcea532cc34,0707f5cf-683f-4642-b7bb-1bd95e11adca,7b93b556-7392-4ee7-91fe-7ca6c4ef1642,->,313d1fcf-fdf6-4e4e-85aa-8fcea532cc34,javax/swing/GroupLayout$SequentialGroup.java,addGap
313d1fcf-fdf6-4e4e-85aa-8fcea532cc34,0707f5cf-683f-4642-b7bb-1bd95e11adca,7b93b556-7392-4ee7-91fe-7ca6c4ef1642,->,313d1fcf-fdf6-4e4e-85aa-8fcea532cc34,javax/swing/GroupLayout$ParallelGroup.java,addGroup
313d1fcf-fdf6-4e4e-85aa-8fcea532cc34,0707f5cf-683f-4642-b7bb-1bd95e11adca,7b93b556-7392-4ee7-91fe-7ca6c4ef1642,->,313d1fcf-fdf6-4e4e-85aa-8fcea532cc34,javax/swing/GroupLayout.java,createSequentialGroup
313d1fcf-fdf6-4e4e-85aa-8fcea532cc34,0707f5cf-683f-4642-b7bb-1bd95e11adca,7b93b556-7392-4ee7-91fe-7ca6c4ef1642,->,313d1fcf-fdf6-4e4e-85aa-8fcea532cc34,javax/swing/GroupLayout$SequentialGroup.java,addComponent
313d1fcf-fdf6-4e4e-85aa-8fcea532cc34,0707f5cf-683f-4642-b7bb-1bd95e11adca,7b93b556-7392-4ee7-91fe-7ca6c4ef1642,->,313d1fcf-fdf6-4e4e-85aa-8fcea532cc34,javax/swing/GroupLayout$SequentialGroup.java,addGap
313d1fcf-fdf6-4e4e-85aa-8fcea532cc34,0707f5cf-683f-4642-b7bb-1bd95e11adca,7b93b556-7392-4ee7-91fe-7ca6c4ef1642,->,313d1fcf-fdf6-4e4e-85aa-8fcea532cc34,javax/swing/GroupLayout$ParallelGroup.java,addGroup
313d1fcf-fdf6-4e4e-85aa-8fcea532cc34,0707f5cf-683f-4642-b7bb-1bd95e11adca,7b93b556-7392-4ee7-91fe-7ca6c4ef1642,->,313d1fcf-fdf6-4e4e-85aa-8fcea532cc34,javax/swing/GroupLayout$ParallelGroup.java,addComponent
313d1fcf-fdf6-4e4e-85aa-8fcea532cc34,0707f5cf-683f-4642-b7bb-1bd95e11adca,7b93b556-7392-4ee7-91fe-7ca6c4ef1642,->,313d1fcf-fdf6-4e4e-85aa-8fcea532cc34,javax/swing/GroupLayout.java,createSequentialGroup
313d1fcf-fdf6-4e4e-85aa-8fcea532cc34,0707f5cf-683f-4642-b7bb-1bd95e11adca,7b93b556-7392-4ee7-91fe-7ca6c4ef1642,->,313d1fcf-fdf6-4e4e-85aa-8fcea532cc34,javax/swing/GroupLayout.java,createParallelGroup
313d1fcf-fdf6-4e4e-85aa-8fcea532cc34,0707f5cf-683f-4642-b7bb-1bd95e11adca,7b93b556-7392-4ee7-91fe-7ca6c4ef1642,->,313d1fcf-fdf6-4e4e-85aa-8fcea532cc34,javax/swing/GroupLayout$ParallelGroup.java,addComponent
313d1fcf-fdf6-4e4e-85aa-8fcea532cc34,0707f5cf-683f-4642-b7bb-1bd95e11adca,7b93b556-7392-4ee7-91fe-7ca6c4ef1642,->,313d1fcf-fdf6-4e4e-85aa-8fcea532cc34,javax/swing/GroupLayout$ParallelGroup.java,addComponent
313d1fcf-fdf6-4e4e-85aa-8fcea532cc34,0707f5cf-683f-4642-b7bb-1bd95e11adca,7b93b556-7392-4ee7-91fe-7ca6c4ef1642,->,313d1fcf-fdf6-4e4e-85aa-8fcea532cc34,javax/swing/GroupLayout$ParallelGroup.java,addComponent
313d1fcf-fdf6-4e4e-85aa-8fcea532cc34,0707f5cf-683f-4642-b7bb-1bd95e11adca,7b93b556-7392-4ee7-91fe-7ca6c4ef1642,->,313d1fcf-fdf6-4e4e-85aa-8fcea532cc34,javax/swing/GroupLayout$SequentialGroup.java,addGroup
313d1fcf-fdf6-4e4e-85aa-8fcea532cc34,0707f5cf-683f-4642-b7bb-1bd95e11adca,7b93b556-7392-4ee7-91fe-7ca6c4ef1642,->,313d1fcf-fdf6-4e4e-85aa-8fcea532cc34,javax/swing/GroupLayout$SequentialGroup.java,addGap
313d1fcf-fdf6-4e4e-85aa-8fcea532cc34,0707f5cf-683f-4642-b7bb-1bd95e11adca,7b93b556-7392-4ee7-91fe-7ca6c4ef1642,->,313d1fcf-fdf6-4e4e-85aa-8fcea532cc34,javax/swing/GroupLayout$ParallelGroup.java,addGroup
313d1fcf-fdf6-4e4e-85aa-8fcea532cc34,0707f5cf-683f-4642-b7bb-1bd95e11adca,7b93b556-7392-4ee7-91fe-7ca6c4ef1642,->,313d1fcf-fdf6-4e4e-85aa-8fcea532cc34,javax/swing/GroupLayout$ParallelGroup.java,addComponent
313d1fcf-fdf6-4e4e-85aa-8fcea532cc34,0707f5cf-683f-4642-b7bb-1bd95e11adca,7b93b556-7392-4ee7-91fe-7ca6c4ef1642,->,313d1fcf-fdf6-4e4e-85aa-8fcea532cc34,javax/swing/GroupLayout$SequentialGroup.java,addGroup
313d1fcf-fdf6-4e4e-85aa-8fcea532cc34,0707f5cf-683f-4642-b7bb-1bd95e11adca,7b93b556-7392-4ee7-91fe-7ca6c4ef1642,->,313d1fcf-fdf6-4e4e-85aa-8fcea532cc34,javax/swing/GroupLayout$SequentialGroup.java,addPreferredGap
313d1fcf-fdf6-4e4e-85aa-8fcea532cc34,0707f5cf-683f-4642-b7bb-1bd95e11adca,7b93b556-7392-4ee7-91fe-7ca6c4ef1642,->,313d1fcf-fdf6-4e4e-85aa-8fcea532cc34,javax/swing/GroupLayout$SequentialGroup.java,addComponent
313d1fcf-fdf6-4e4e-85aa-8fcea532cc34,0707f5cf-683f-4642-b7bb-1bd95e11adca,7b93b556-7392-4ee7-91fe-7ca6c4ef1642,->,313d1fcf-fdf6-4e4e-85aa-8fcea532cc34,javax/swing/GroupLayout$SequentialGroup.java,addGap
313d1fcf-fdf6-4e4e-85aa-8fcea532cc34,0707f5cf-683f-4642-b7bb-1bd95e11adca,7b93b556-7392-4ee7-91fe-7ca6c4ef1642,->,313d1fcf-fdf6-4e4e-85aa-8fcea532cc34,javax/swing/GroupLayout$ParallelGroup.java,addGroup
313d1fcf-fdf6-4e4e-85aa-8fcea532cc34,0707f5cf-683f-4642-b7bb-1bd95e11adca,7b93b556-7392-4ee7-91fe-7ca6c4ef1642,->,313d1fcf-fdf6-4e4e-85aa-8fcea532cc34,javax/swing/GroupLayout$ParallelGroup.java,addComponent
313d1fcf-fdf6-4e4e-85aa-8fcea532cc34,0707f5cf-683f-4642-b7bb-1bd95e11adca,7b93b556-7392-4ee7-91fe-7ca6c4ef1642,->,313d1fcf-fdf6-4e4e-85aa-8fcea532cc34,javax/swing/GroupLayout$SequentialGroup.java,addGroup
313d1fcf-fdf6-4e4e-85aa-8fcea532cc34,0707f5cf-683f-4642-b7bb-1bd95e11adca,7b93b556-7392-4ee7-91fe-7ca6c4ef1642,->,313d1fcf-fdf6-4e4e-85aa-8fcea532cc34,javax/swing/GroupLayout$ParallelGroup.java,addGroup
313d1fcf-fdf6-4e4e-85aa-8fcea532cc34,0707f5cf-683f-4642-b7bb-1bd95e11adca,7b93b556-7392-4ee7-91fe-7ca6c4ef1642,->,313d1fcf-fdf6-4e4e-85aa-8fcea532cc34,javax/swing/GroupLayout$SequentialGroup.java,addGroup
313d1fcf-fdf6-4e4e-85aa-8fcea532cc34,0707f5cf-683f-4642-b7bb-1bd95e11adca,7b93b556-7392-4ee7-91fe-7ca6c4ef1642,->,313d1fcf-fdf6-4e4e-85aa-8fcea532cc34,javax/swing/GroupLayout$SequentialGroup.java,addContainerGap
313d1fcf-fdf6-4e4e-85aa-8fcea532cc34,0707f5cf-683f-4642-b7bb-1bd95e11adca,7b93b556-7392-4ee7-91fe-7ca6c4ef1642,->,313d1fcf-fdf6-4e4e-85aa-8fcea532cc34,javax/swing/GroupLayout$ParallelGroup.java,addGroup
313d1fcf-fdf6-4e4e-85aa-8fcea532cc34,0707f5cf-683f-4642-b7bb-1bd95e11adca,7b93b556-7392-4ee7-91fe-7ca6c4ef1642,->,313d1fcf-fdf6-4e4e-85aa-8fcea532cc34,javax/swing/GroupLayout$SequentialGroup.java,addGroup
313d1fcf-fdf6-4e4e-85aa-8fcea532cc34,0707f5cf-683f-4642-b7bb-1bd95e11adca,7b93b556-7392-4ee7-91fe-7ca6c4ef1642,->,313d1fcf-fdf6-4e4e-85aa-8fcea532cc34,javax/swing/GroupLayout$ParallelGroup.java,addGroup
313d1fcf-fdf6-4e4e-85aa-8fcea532cc34,0707f5cf-683f-4642-b7bb-1bd95e11adca,7b93b556-7392-4ee7-91fe-7ca6c4ef1642,->,313d1fcf-fdf6-4e4e-85aa-8fcea532cc34,javax/swing/GroupLayout.java,setHorizontalGroup
313d1fcf-fdf6-4e4e-85aa-8fcea532cc34,0707f5cf-683f-4642-b7bb-1bd95e11adca,7b93b556-7392-4ee7-91fe-7ca6c4ef1642,->,313d1fcf-fdf6-4e4e-85aa-8fcea532cc34,javax/swing/GroupLayout.java,createParallelGroup
313d1fcf-fdf6-4e4e-85aa-8fcea532cc34,0707f5cf-683f-4642-b7bb-1bd95e11adca,7b93b556-7392-4ee7-91fe-7ca6c4ef1642,->,313d1fcf-fdf6-4e4e-85aa-8fcea532cc34,javax/swing/GroupLayout.java,createSequentialGroup
313d1fcf-fdf6-4e4e-85aa-8fcea532cc34,0707f5cf-683f-4642-b7bb-1bd95e11adca,7b93b556-7392-4ee7-91fe-7ca6c4ef1642,->,313d1fcf-fdf6-4e4e-85aa-8fcea532cc34,javax/swing/GroupLayout$SequentialGroup.java,addContainerGap
313d1fcf-fdf6-4e4e-85aa-8fcea532cc34,0707f5cf-683f-4642-b7bb-1bd95e11adca,7b93b556-7392-4ee7-91fe-7ca6c4ef1642,->,313d1fcf-fdf6-4e4e-85aa-8fcea532cc34,javax/swing/GroupLayout$SequentialGroup.java,addComponent
313d1fcf-fdf6-4e4e-85aa-8fcea532cc34,0707f5cf-683f-4642-b7bb-1bd95e11adca,7b93b556-7392-4ee7-91fe-7ca6c4ef1642,->,313d1fcf-fdf6-4e4e-85aa-8fcea532cc34,javax/swing/GroupLayout$SequentialGroup.java,addPreferredGap
313d1fcf-fdf6-4e4e-85aa-8fcea532cc34,0707f5cf-683f-4642-b7bb-1bd95e11adca,7b93b556-7392-4ee7-91fe-7ca6c4ef1642,->,313d1fcf-fdf6-4e4e-85aa-8fcea532cc34,javax/swing/GroupLayout$SequentialGroup.java,addComponent
313d1fcf-fdf6-4e4e-85aa-8fcea532cc34,0707f5cf-683f-4642-b7bb-1bd95e11adca,7b93b556-7392-4ee7-91fe-7ca6c4ef1642,->,313d1fcf-fdf6-4e4e-85aa-8fcea532cc34,javax/swing/GroupLayout$SequentialGroup.java,addPreferredGap
313d1fcf-fdf6-4e4e-85aa-8fcea532cc34,0707f5cf-683f-4642-b7bb-1bd95e11adca,7b93b556-7392-4ee7-91fe-7ca6c4ef1642,->,313d1fcf-fdf6-4e4e-85aa-8fcea532cc34,javax/swing/GroupLayout.java,createParallelGroup
313d1fcf-fdf6-4e4e-85aa-8fcea532cc34,0707f5cf-683f-4642-b7bb-1bd95e11adca,7b93b556-7392-4ee7-91fe-7ca6c4ef1642,->,313d1fcf-fdf6-4e4e-85aa-8fcea532cc34,javax/swing/GroupLayout.java,createSequentialGroup
313d1fcf-fdf6-4e4e-85aa-8fcea532cc34,0707f5cf-683f-4642-b7bb-1bd95e11adca,7b93b556-7392-4ee7-91fe-7ca6c4ef1642,->,313d1fcf-fdf6-4e4e-85aa-8fcea532cc34,javax/swing/GroupLayout$SequentialGroup.java,addComponent
313d1fcf-fdf6-4e4e-85aa-8fcea532cc34,0707f5cf-683f-4642-b7bb-1bd95e11adca,7b93b556-7392-4ee7-91fe-7ca6c4ef1642,->,313d1fcf-fdf6-4e4e-85aa-8fcea532cc34,javax/swing/GroupLayout$SequentialGroup.java,addPreferredGap
313d1fcf-fdf6-4e4e-85aa-8fcea532cc34,0707f5cf-683f-4642-b7bb-1bd95e11adca,7b93b556-7392-4ee7-91fe-7ca6c4ef1642,->,313d1fcf-fdf6-4e4e-85aa-8fcea532cc34,javax/swing/GroupLayout$SequentialGroup.java,addComponent
313d1fcf-fdf6-4e4e-85aa-8fcea532cc34,0707f5cf-683f-4642-b7bb-1bd95e11adca,7b93b556-7392-4ee7-91fe-7ca6c4ef1642,->,313d1fcf-fdf6-4e4e-85aa-8fcea532cc34,javax/swing/GroupLayout$SequentialGroup.java,addPreferredGap
313d1fcf-fdf6-4e4e-85aa-8fcea532cc34,0707f5cf-683f-4642-b7bb-1bd95e11adca,7b93b556-7392-4ee7-91fe-7ca6c4ef1642,->,313d1fcf-fdf6-4e4e-85aa-8fcea532cc34,javax/swing/GroupLayout.java,createParallelGroup
313d1fcf-fdf6-4e4e-85aa-8fcea532cc34,0707f5cf-683f-4642-b7bb-1bd95e11adca,7b93b556-7392-4ee7-91fe-7ca6c4ef1642,->,313d1fcf-fdf6-4e4e-85aa-8fcea532cc34,javax/swing/GroupLayout$ParallelGroup.java,addComponent
313d1fcf-fdf6-4e4e-85aa-8fcea532cc34,0707f5cf-683f-4642-b7bb-1bd95e11adca,7b93b556-7392-4ee7-91fe-7ca6c4ef1642,->,313d1fcf-fdf6-4e4e-85aa-8fcea532cc34,javax/swing/GroupLayout$ParallelGroup.java,addComponent
313d1fcf-fdf6-4e4e-85aa-8fcea532cc34,0707f5cf-683f-4642-b7bb-1bd95e11adca,7b93b556-7392-4ee7-91fe-7ca6c4ef1642,->,313d1fcf-fdf6-4e4e-85aa-8fcea532cc34,javax/swing/GroupLayout$SequentialGroup.java,addGroup
313d1fcf-fdf6-4e4e-85aa-8fcea532cc34,0707f5cf-683f-4642-b7bb-1bd95e11adca,7b93b556-7392-4ee7-91fe-7ca6c4ef1642,->,313d1fcf-fdf6-4e4e-85aa-8fcea532cc34,javax/swing/GroupLayout$SequentialGroup.java,addPreferredGap
313d1fcf-fdf6-4e4e-85aa-8fcea532cc34,0707f5cf-683f-4642-b7bb-1bd95e11adca,7b93b556-7392-4ee7-91fe-7ca6c4ef1642,->,313d1fcf-fdf6-4e4e-85aa-8fcea532cc34,javax/swing/GroupLayout.java,createParallelGroup
313d1fcf-fdf6-4e4e-85aa-8fcea532cc34,0707f5cf-683f-4642-b7bb-1bd95e11adca,7b93b556-7392-4ee7-91fe-7ca6c4ef1642,->,313d1fcf-fdf6-4e4e-85aa-8fcea532cc34,javax/swing/GroupLayout$ParallelGroup.java,addComponent
313d1fcf-fdf6-4e4e-85aa-8fcea532cc34,0707f5cf-683f-4642-b7bb-1bd95e11adca,7b93b556-7392-4ee7-91fe-7ca6c4ef1642,->,313d1fcf-fdf6-4e4e-85aa-8fcea532cc34,javax/swing/GroupLayout$ParallelGroup.java,addComponent
313d1fcf-fdf6-4e4e-85aa-8fcea532cc34,0707f5cf-683f-4642-b7bb-1bd95e11adca,7b93b556-7392-4ee7-91fe-7ca6c4ef1642,->,313d1fcf-fdf6-4e4e-85aa-8fcea532cc34,javax/swing/GroupLayout$SequentialGroup.java,addGroup
313d1fcf-fdf6-4e4e-85aa-8fcea532cc34,0707f5cf-683f-4642-b7bb-1bd95e11adca,7b93b556-7392-4ee7-91fe-7ca6c4ef1642,->,313d1fcf-fdf6-4e4e-85aa-8fcea532cc34,javax/swing/GroupLayout$SequentialGroup.java,addPreferredGap
313d1fcf-fdf6-4e4e-85aa-8fcea532cc34,0707f5cf-683f-4642-b7bb-1bd95e11adca,7b93b556-7392-4ee7-91fe-7ca6c4ef1642,->,313d1fcf-fdf6-4e4e-85aa-8fcea532cc34,javax/swing/GroupLayout.java,createParallelGroup
313d1fcf-fdf6-4e4e-85aa-8fcea532cc34,0707f5cf-683f-4642-b7bb-1bd95e11adca,7b93b556-7392-4ee7-91fe-7ca6c4ef1642,->,313d1fcf-fdf6-4e4e-85aa-8fcea532cc34,javax/swing/GroupLayout$ParallelGroup.java,addComponent
313d1fcf-fdf6-4e4e-85aa-8fcea532cc34,0707f5cf-683f-4642-b7bb-1bd95e11adca,7b93b556-7392-4ee7-91fe-7ca6c4ef1642,->,313d1fcf-fdf6-4e4e-85aa-8fcea532cc34,javax/swing/GroupLayout$ParallelGroup.java,addComponent
313d1fcf-fdf6-4e4e-85aa-8fcea532cc34,0707f5cf-683f-4642-b7bb-1bd95e11adca,7b93b556-7392-4ee7-91fe-7ca6c4ef1642,->,313d1fcf-fdf6-4e4e-85aa-8fcea532cc34,javax/swing/GroupLayout$SequentialGroup.java,addGroup
313d1fcf-fdf6-4e4e-85aa-8fcea532cc34,0707f5cf-683f-4642-b7bb-1bd95e11adca,7b93b556-7392-4ee7-91fe-7ca6c4ef1642,->,313d1fcf-fdf6-4e4e-85aa-8fcea532cc34,javax/swing/GroupLayout$SequentialGroup.java,addPreferredGap
313d1fcf-fdf6-4e4e-85aa-8fcea532cc34,0707f5cf-683f-4642-b7bb-1bd95e11adca,7b93b556-7392-4ee7-91fe-7ca6c4ef1642,->,313d1fcf-fdf6-4e4e-85aa-8fcea532cc34,javax/swing/GroupLayout.java,createParallelGroup
313d1fcf-fdf6-4e4e-85aa-8fcea532cc34,0707f5cf-683f-4642-b7bb-1bd95e11adca,7b93b556-7392-4ee7-91fe-7ca6c4ef1642,->,313d1fcf-fdf6-4e4e-85aa-8fcea532cc34,javax/swing/GroupLayout$ParallelGroup.java,addComponent
313d1fcf-fdf6-4e4e-85aa-8fcea532cc34,0707f5cf-683f-4642-b7bb-1bd95e11adca,7b93b556-7392-4ee7-91fe-7ca6c4ef1642,->,313d1fcf-fdf6-4e4e-85aa-8fcea532cc34,javax/swing/GroupLayout$ParallelGroup.java,addComponent
313d1fcf-fdf6-4e4e-85aa-8fcea532cc34,0707f5cf-683f-4642-b7bb-1bd95e11adca,7b93b556-7392-4ee7-91fe-7ca6c4ef1642,->,313d1fcf-fdf6-4e4e-85aa-8fcea532cc34,javax/swing/GroupLayout$SequentialGroup.java,addGroup
313d1fcf-fdf6-4e4e-85aa-8fcea532cc34,0707f5cf-683f-4642-b7bb-1bd95e11adca,7b93b556-7392-4ee7-91fe-7ca6c4ef1642,->,313d1fcf-fdf6-4e4e-85aa-8fcea532cc34,javax/swing/GroupLayout$ParallelGroup.java,addGroup
313d1fcf-fdf6-4e4e-85aa-8fcea532cc34,0707f5cf-683f-4642-b7bb-1bd95e11adca,7b93b556-7392-4ee7-91fe-7ca6c4ef1642,->,313d1fcf-fdf6-4e4e-85aa-8fcea532cc34,javax/swing/GroupLayout.java,createSequentialGroup
313d1fcf-fdf6-4e4e-85aa-8fcea532cc34,0707f5cf-683f-4642-b7bb-1bd95e11adca,7b93b556-7392-4ee7-91fe-7ca6c4ef1642,->,313d1fcf-fdf6-4e4e-85aa-8fcea532cc34,javax/swing/GroupLayout$SequentialGroup.java,addComponent
313d1fcf-fdf6-4e4e-85aa-8fcea532cc34,0707f5cf-683f-4642-b7bb-1bd95e11adca,7b93b556-7392-4ee7-91fe-7ca6c4ef1642,->,313d1fcf-fdf6-4e4e-85aa-8fcea532cc34,javax/swing/GroupLayout$SequentialGroup.java,addPreferredGap
313d1fcf-fdf6-4e4e-85aa-8fcea532cc34,0707f5cf-683f-4642-b7bb-1bd95e11adca,7b93b556-7392-4ee7-91fe-7ca6c4ef1642,->,313d1fcf-fdf6-4e4e-85aa-8fcea532cc34,javax/swing/GroupLayout$SequentialGroup.java,addComponent
313d1fcf-fdf6-4e4e-85aa-8fcea532cc34,0707f5cf-683f-4642-b7bb-1bd95e11adca,7b93b556-7392-4ee7-91fe-7ca6c4ef1642,->,313d1fcf-fdf6-4e4e-85aa-8fcea532cc34,javax/swing/GroupLayout$SequentialGroup.java,addPreferredGap
313d1fcf-fdf6-4e4e-85aa-8fcea532cc34,0707f5cf-683f-4642-b7bb-1bd95e11adca,7b93b556-7392-4ee7-91fe-7ca6c4ef1642,->,313d1fcf-fdf6-4e4e-85aa-8fcea532cc34,javax/swing/GroupLayout$SequentialGroup.java,addComponent
313d1fcf-fdf6-4e4e-85aa-8fcea532cc34,0707f5cf-683f-4642-b7bb-1bd95e11adca,7b93b556-7392-4ee7-91fe-7ca6c4ef1642,->,313d1fcf-fdf6-4e4e-85aa-8fcea532cc34,javax/swing/GroupLayout$SequentialGroup.java,addGap
313d1fcf-fdf6-4e4e-85aa-8fcea532cc34,0707f5cf-683f-4642-b7bb-1bd95e11adca,7b93b556-7392-4ee7-91fe-7ca6c4ef1642,->,313d1fcf-fdf6-4e4e-85aa-8fcea532cc34,javax/swing/GroupLayout$ParallelGroup.java,addGroup
313d1fcf-fdf6-4e4e-85aa-8fcea532cc34,0707f5cf-683f-4642-b7bb-1bd95e11adca,7b93b556-7392-4ee7-91fe-7ca6c4ef1642,->,313d1fcf-fdf6-4e4e-85aa-8fcea532cc34,javax/swing/GroupLayout$SequentialGroup.java,addGroup
313d1fcf-fdf6-4e4e-85aa-8fcea532cc34,0707f5cf-683f-4642-b7bb-1bd95e11adca,7b93b556-7392-4ee7-91fe-7ca6c4ef1642,->,313d1fcf-fdf6-4e4e-85aa-8fcea532cc34,javax/swing/GroupLayout$SequentialGroup.java,addComponent
313d1fcf-fdf6-4e4e-85aa-8fcea532cc34,0707f5cf-683f-4642-b7bb-1bd95e11adca,7b93b556-7392-4ee7-91fe-7ca6c4ef1642,->,313d1fcf-fdf6-4e4e-85aa-8fcea532cc34,javax/swing/GroupLayout$SequentialGroup.java,addPreferredGap
313d1fcf-fdf6-4e4e-85aa-8fcea532cc34,0707f5cf-683f-4642-b7bb-1bd95e11adca,7b93b556-7392-4ee7-91fe-7ca6c4ef1642,->,313d1fcf-fdf6-4e4e-85aa-8fcea532cc34,javax/swing/GroupLayout.java,createParallelGroup
313d1fcf-fdf6-4e4e-85aa-8fcea532cc34,0707f5cf-683f-4642-b7bb-1bd95e11adca,7b93b556-7392-4ee7-91fe-7ca6c4ef1642,->,313d1fcf-fdf6-4e4e-85aa-8fcea532cc34,javax/swing/GroupLayout$ParallelGroup.java,addComponent
313d1fcf-fdf6-4e4e-85aa-8fcea532cc34,0707f5cf-683f-4642-b7bb-1bd95e11adca,7b93b556-7392-4ee7-91fe-7ca6c4ef1642,->,313d1fcf-fdf6-4e4e-85aa-8fcea532cc34,javax/swing/GroupLayout$ParallelGroup.java,addComponent
313d1fcf-fdf6-4e4e-85aa-8fcea532cc34,0707f5cf-683f-4642-b7bb-1bd95e11adca,7b93b556-7392-4ee7-91fe-7ca6c4ef1642,->,313d1fcf-fdf6-4e4e-85aa-8fcea532cc34,javax/swing/GroupLayout$SequentialGroup.java,addGroup
313d1fcf-fdf6-4e4e-85aa-8fcea532cc34,0707f5cf-683f-4642-b7bb-1bd95e11adca,7b93b556-7392-4ee7-91fe-7ca6c4ef1642,->,313d1fcf-fdf6-4e4e-85aa-8fcea532cc34,javax/swing/GroupLayout$SequentialGroup.java,addPreferredGap
313d1fcf-fdf6-4e4e-85aa-8fcea532cc34,0707f5cf-683f-4642-b7bb-1bd95e11adca,7b93b556-7392-4ee7-91fe-7ca6c4ef1642,->,313d1fcf-fdf6-4e4e-85aa-8fcea532cc34,javax/swing/GroupLayout$SequentialGroup.java,addComponent
313d1fcf-fdf6-4e4e-85aa-8fcea532cc34,0707f5cf-683f-4642-b7bb-1bd95e11adca,7b93b556-7392-4ee7-91fe-7ca6c4ef1642,->,313d1fcf-fdf6-4e4e-85aa-8fcea532cc34,javax/swing/GroupLayout$SequentialGroup.java,addGap
313d1fcf-fdf6-4e4e-85aa-8fcea532cc34,0707f5cf-683f-4642-b7bb-1bd95e11adca,7b93b556-7392-4ee7-91fe-7ca6c4ef1642,->,313d1fcf-fdf6-4e4e-85aa-8fcea532cc34,javax/swing/GroupLayout$ParallelGroup.java,addGroup
313d1fcf-fdf6-4e4e-85aa-8fcea532cc34,0707f5cf-683f-4642-b7bb-1bd95e11adca,7b93b556-7392-4ee7-91fe-7ca6c4ef1642,->,313d1fcf-fdf6-4e4e-85aa-8fcea532cc34,javax/swing/GroupLayout.java,setVerticalGroup
313d1fcf-fdf6-4e4e-85aa-8fcea532cc34,0707f5cf-683f-4642-b7bb-1bd95e11adca,7b93b556-7392-4ee7-91fe-7ca6c4ef1642,->,313d1fcf-fdf6-4e4e-85aa-8fcea532cc34,java/lang/Object.java,getClass
313d1fcf-fdf6-4e4e-85aa-8fcea532cc34,0707f5cf-683f-4642-b7bb-1bd95e11adca,7b93b556-7392-4ee7-91fe-7ca6c4ef1642,->,313d1fcf-fdf6-4e4e-85aa-8fcea532cc34,java/lang/Class.java,getResource
313d1fcf-fdf6-4e4e-85aa-8fcea532cc34,0707f5cf-683f-4642-b7bb-1bd95e11adca,7b93b556-7392-4ee7-91fe-7ca6c4ef1642,->,313d1fcf-fdf6-4e4e-85aa-8fcea532cc34,javax/swing/JTabbedPane.java,addTab
313d1fcf-fdf6-4e4e-85aa-8fcea532cc34,0707f5cf-683f-4642-b7bb-1bd95e11adca,7b93b556-7392-4ee7-91fe-7ca6c4ef1642,->,313d1fcf-fdf6-4e4e-85aa-8fcea532cc34,javax/swing/JPanel.java,setFont
313d1fcf-fdf6-4e4e-85aa-8fcea532cc34,0707f5cf-683f-4642-b7bb-1bd95e11adca,7b93b556-7392-4ee7-91fe-7ca6c4ef1642,->,313d1fcf-fdf6-4e4e-85aa-8fcea532cc34,javax/swing/JPanel.java,setBackground
313d1fcf-fdf6-4e4e-85aa-8fcea532cc34,0707f5cf-683f-4642-b7bb-1bd95e11adca,7b93b556-7392-4ee7-91fe-7ca6c4ef1642,->,313d1fcf-fdf6-4e4e-85aa-8fcea532cc34,javax/swing/JPanel.java,setLayout
313d1fcf-fdf6-4e4e-85aa-8fcea532cc34,0707f5cf-683f-4642-b7bb-1bd95e11adca,7b93b556-7392-4ee7-91fe-7ca6c4ef1642,->,313d1fcf-fdf6-4e4e-85aa-8fcea532cc34,javax/swing/GroupLayout.java,createParallelGroup
313d1fcf-fdf6-4e4e-85aa-8fcea532cc34,0707f5cf-683f-4642-b7bb-1bd95e11adca,7b93b556-7392-4ee7-91fe-7ca6c4ef1642,->,313d1fcf-fdf6-4e4e-85aa-8fcea532cc34,javax/swing/GroupLayout$ParallelGroup.java,addGap
313d1fcf-fdf6-4e4e-85aa-8fcea532cc34,0707f5cf-683f-4642-b7bb-1bd95e11adca,7b93b556-7392-4ee7-91fe-7ca6c4ef1642,->,313d1fcf-fdf6-4e4e-85aa-8fcea532cc34,javax/swing/GroupLayout.java,setHorizontalGroup
313d1fcf-fdf6-4e4e-85aa-8fcea532cc34,0707f5cf-683f-4642-b7bb-1bd95e11adca,7b93b556-7392-4ee7-91fe-7ca6c4ef1642,->,313d1fcf-fdf6-4e4e-85aa-8fcea532cc34,javax/swing/GroupLayout.java,createParallelGroup
313d1fcf-fdf6-4e4e-85aa-8fcea532cc34,0707f5cf-683f-4642-b7bb-1bd95e11adca,7b93b556-7392-4ee7-91fe-7ca6c4ef1642,->,313d1fcf-fdf6-4e4e-85aa-8fcea532cc34,javax/swing/GroupLayout$ParallelGroup.java,addGap
313d1fcf-fdf6-4e4e-85aa-8fcea532cc34,0707f5cf-683f-4642-b7bb-1bd95e11adca,7b93b556-7392-4ee7-91fe-7ca6c4ef1642,->,313d1fcf-fdf6-4e4e-85aa-8fcea532cc34,javax/swing/GroupLayout.java,setVerticalGroup
313d1fcf-fdf6-4e4e-85aa-8fcea532cc34,0707f5cf-683f-4642-b7bb-1bd95e11adca,7b93b556-7392-4ee7-91fe-7ca6c4ef1642,->,313d1fcf-fdf6-4e4e-85aa-8fcea532cc34,javax/swing/JLabel.java,setFont
313d1fcf-fdf6-4e4e-85aa-8fcea532cc34,0707f5cf-683f-4642-b7bb-1bd95e11adca,7b93b556-7392-4ee7-91fe-7ca6c4ef1642,->,313d1fcf-fdf6-4e4e-85aa-8fcea532cc34,javax/swing/JLabel.java,setHorizontalAlignment
313d1fcf-fdf6-4e4e-85aa-8fcea532cc34,0707f5cf-683f-4642-b7bb-1bd95e11adca,7b93b556-7392-4ee7-91fe-7ca6c4ef1642,->,313d1fcf-fdf6-4e4e-85aa-8fcea532cc34,javax/swing/JLabel.java,setText
313d1fcf-fdf6-4e4e-85aa-8fcea532cc34,0707f5cf-683f-4642-b7bb-1bd95e11adca,7b93b556-7392-4ee7-91fe-7ca6c4ef1642,->,313d1fcf-fdf6-4e4e-85aa-8fcea532cc34,javax/swing/JPanel.java,setLayout
313d1fcf-fdf6-4e4e-85aa-8fcea532cc34,0707f5cf-683f-4642-b7bb-1bd95e11adca,7b93b556-7392-4ee7-91fe-7ca6c4ef1642,->,313d1fcf-fdf6-4e4e-85aa-8fcea532cc34,javax/swing/GroupLayout.java,createParallelGroup
313d1fcf-fdf6-4e4e-85aa-8fcea532cc34,0707f5cf-683f-4642-b7bb-1bd95e11adca,7b93b556-7392-4ee7-91fe-7ca6c4ef1642,->,313d1fcf-fdf6-4e4e-85aa-8fcea532cc34,javax/swing/GroupLayout.java,createSequentialGroup
313d1fcf-fdf6-4e4e-85aa-8fcea532cc34,0707f5cf-683f-4642-b7bb-1bd95e11adca,7b93b556-7392-4ee7-91fe-7ca6c4ef1642,->,313d1fcf-fdf6-4e4e-85aa-8fcea532cc34,javax/swing/GroupLayout$SequentialGroup.java,addContainerGap
313d1fcf-fdf6-4e4e-85aa-8fcea532cc34,0707f5cf-683f-4642-b7bb-1bd95e11adca,7b93b556-7392-4ee7-91fe-7ca6c4ef1642,->,313d1fcf-fdf6-4e4e-85aa-8fcea532cc34,javax/swing/GroupLayout$SequentialGroup.java,addComponent
313d1fcf-fdf6-4e4e-85aa-8fcea532cc34,0707f5cf-683f-4642-b7bb-1bd95e11adca,7b93b556-7392-4ee7-91fe-7ca6c4ef1642,->,313d1fcf-fdf6-4e4e-85aa-8fcea532cc34,javax/swing/GroupLayout$SequentialGroup.java,addContainerGap
313d1fcf-fdf6-4e4e-85aa-8fcea532cc34,0707f5cf-683f-4642-b7bb-1bd95e11adca,7b93b556-7392-4ee7-91fe-7ca6c4ef1642,->,313d1fcf-fdf6-4e4e-85aa-8fcea532cc34,javax/swing/GroupLayout$ParallelGroup.java,addGroup
313d1fcf-fdf6-4e4e-85aa-8fcea532cc34,0707f5cf-683f-4642-b7bb-1bd95e11adca,7b93b556-7392-4ee7-91fe-7ca6c4ef1642,->,313d1fcf-fdf6-4e4e-85aa-8fcea532cc34,javax/swing/GroupLayout$ParallelGroup.java,addComponent
313d1fcf-fdf6-4e4e-85aa-8fcea532cc34,0707f5cf-683f-4642-b7bb-1bd95e11adca,7b93b556-7392-4ee7-91fe-7ca6c4ef1642,->,313d1fcf-fdf6-4e4e-85aa-8fcea532cc34,javax/swing/GroupLayout.java,setHorizontalGroup
313d1fcf-fdf6-4e4e-85aa-8fcea532cc34,0707f5cf-683f-4642-b7bb-1bd95e11adca,7b93b556-7392-4ee7-91fe-7ca6c4ef1642,->,313d1fcf-fdf6-4e4e-85aa-8fcea532cc34,javax/swing/GroupLayout.java,createParallelGroup
313d1fcf-fdf6-4e4e-85aa-8fcea532cc34,0707f5cf-683f-4642-b7bb-1bd95e11adca,7b93b556-7392-4ee7-91fe-7ca6c4ef1642,->,313d1fcf-fdf6-4e4e-85aa-8fcea532cc34,javax/swing/GroupLayout.java,createSequentialGroup
313d1fcf-fdf6-4e4e-85aa-8fcea532cc34,0707f5cf-683f-4642-b7bb-1bd95e11adca,7b93b556-7392-4ee7-91fe-7ca6c4ef1642,->,313d1fcf-fdf6-4e4e-85aa-8fcea532cc34,javax/swing/GroupLayout$SequentialGroup.java,addContainerGap
313d1fcf-fdf6-4e4e-85aa-8fcea532cc34,0707f5cf-683f-4642-b7bb-1bd95e11adca,7b93b556-7392-4ee7-91fe-7ca6c4ef1642,->,313d1fcf-fdf6-4e4e-85aa-8fcea532cc34,javax/swing/GroupLayout$SequentialGroup.java,addComponent
313d1fcf-fdf6-4e4e-85aa-8fcea532cc34,0707f5cf-683f-4642-b7bb-1bd95e11adca,7b93b556-7392-4ee7-91fe-7ca6c4ef1642,->,313d1fcf-fdf6-4e4e-85aa-8fcea532cc34,javax/swing/GroupLayout$SequentialGroup.java,addPreferredGap
313d1fcf-fdf6-4e4e-85aa-8fcea532cc34,0707f5cf-683f-4642-b7bb-1bd95e11adca,7b93b556-7392-4ee7-91fe-7ca6c4ef1642,->,313d1fcf-fdf6-4e4e-85aa-8fcea532cc34,javax/swing/GroupLayout$SequentialGroup.java,addComponent
313d1fcf-fdf6-4e4e-85aa-8fcea532cc34,0707f5cf-683f-4642-b7bb-1bd95e11adca,7b93b556-7392-4ee7-91fe-7ca6c4ef1642,->,313d1fcf-fdf6-4e4e-85aa-8fcea532cc34,javax/swing/GroupLayout$SequentialGroup.java,addContainerGap
313d1fcf-fdf6-4e4e-85aa-8fcea532cc34,0707f5cf-683f-4642-b7bb-1bd95e11adca,7b93b556-7392-4ee7-91fe-7ca6c4ef1642,->,313d1fcf-fdf6-4e4e-85aa-8fcea532cc34,javax/swing/GroupLayout$ParallelGroup.java,addGroup
313d1fcf-fdf6-4e4e-85aa-8fcea532cc34,0707f5cf-683f-4642-b7bb-1bd95e11adca,7b93b556-7392-4ee7-91fe-7ca6c4ef1642,->,313d1fcf-fdf6-4e4e-85aa-8fcea532cc34,javax/swing/GroupLayout.java,setVerticalGroup
313d1fcf-fdf6-4e4e-85aa-8fcea532cc34,0707f5cf-683f-4642-b7bb-1bd95e11adca,7b93b556-7392-4ee7-91fe-7ca6c4ef1642,->,313d1fcf-fdf6-4e4e-85aa-8fcea532cc34,javax/swing/JPanel.java,setBackground
313d1fcf-fdf6-4e4e-85aa-8fcea532cc34,0707f5cf-683f-4642-b7bb-1bd95e11adca,7b93b556-7392-4ee7-91fe-7ca6c4ef1642,->,313d1fcf-fdf6-4e4e-85aa-8fcea532cc34,javax/swing/JPanel.java,setLayout
313d1fcf-fdf6-4e4e-85aa-8fcea532cc34,0707f5cf-683f-4642-b7bb-1bd95e11adca,7b93b556-7392-4ee7-91fe-7ca6c4ef1642,->,313d1fcf-fdf6-4e4e-85aa-8fcea532cc34,javax/swing/GroupLayout.java,createParallelGroup
313d1fcf-fdf6-4e4e-85aa-8fcea532cc34,0707f5cf-683f-4642-b7bb-1bd95e11adca,7b93b556-7392-4ee7-91fe-7ca6c4ef1642,->,313d1fcf-fdf6-4e4e-85aa-8fcea532cc34,javax/swing/GroupLayout$ParallelGroup.java,addGap
313d1fcf-fdf6-4e4e-85aa-8fcea532cc34,0707f5cf-683f-4642-b7bb-1bd95e11adca,7b93b556-7392-4ee7-91fe-7ca6c4ef1642,->,313d1fcf-fdf6-4e4e-85aa-8fcea532cc34,javax/swing/GroupLayout.java,setHorizontalGroup
313d1fcf-fdf6-4e4e-85aa-8fcea532cc34,0707f5cf-683f-4642-b7bb-1bd95e11adca,7b93b556-7392-4ee7-91fe-7ca6c4ef1642,->,313d1fcf-fdf6-4e4e-85aa-8fcea532cc34,javax/swing/GroupLayout.java,createParallelGroup
313d1fcf-fdf6-4e4e-85aa-8fcea532cc34,0707f5cf-683f-4642-b7bb-1bd95e11adca,7b93b556-7392-4ee7-91fe-7ca6c4ef1642,->,313d1fcf-fdf6-4e4e-85aa-8fcea532cc34,javax/swing/GroupLayout$ParallelGroup.java,addGap
313d1fcf-fdf6-4e4e-85aa-8fcea532cc34,0707f5cf-683f-4642-b7bb-1bd95e11adca,7b93b556-7392-4ee7-91fe-7ca6c4ef1642,->,313d1fcf-fdf6-4e4e-85aa-8fcea532cc34,javax/swing/GroupLayout.java,setVerticalGroup
313d1fcf-fdf6-4e4e-85aa-8fcea532cc34,0707f5cf-683f-4642-b7bb-1bd95e11adca,7b93b556-7392-4ee7-91fe-7ca6c4ef1642,->,313d1fcf-fdf6-4e4e-85aa-8fcea532cc34,javax/swing/JLabel.java,setFont
313d1fcf-fdf6-4e4e-85aa-8fcea532cc34,0707f5cf-683f-4642-b7bb-1bd95e11adca,7b93b556-7392-4ee7-91fe-7ca6c4ef1642,->,313d1fcf-fdf6-4e4e-85aa-8fcea532cc34,javax/swing/JLabel.java,setHorizontalAlignment
313d1fcf-fdf6-4e4e-85aa-8fcea532cc34,0707f5cf-683f-4642-b7bb-1bd95e11adca,7b93b556-7392-4ee7-91fe-7ca6c4ef1642,->,313d1fcf-fdf6-4e4e-85aa-8fcea532cc34,javax/swing/JLabel.java,setText
313d1fcf-fdf6-4e4e-85aa-8fcea532cc34,0707f5cf-683f-4642-b7bb-1bd95e11adca,7b93b556-7392-4ee7-91fe-7ca6c4ef1642,->,313d1fcf-fdf6-4e4e-85aa-8fcea532cc34,javax/swing/JPanel.java,setLayout
313d1fcf-fdf6-4e4e-85aa-8fcea532cc34,0707f5cf-683f-4642-b7bb-1bd95e11adca,7b93b556-7392-4ee7-91fe-7ca6c4ef1642,->,313d1fcf-fdf6-4e4e-85aa-8fcea532cc34,javax/swing/GroupLayout.java,createParallelGroup
313d1fcf-fdf6-4e4e-85aa-8fcea532cc34,0707f5cf-683f-4642-b7bb-1bd95e11adca,7b93b556-7392-4ee7-91fe-7ca6c4ef1642,->,313d1fcf-fdf6-4e4e-85aa-8fcea532cc34,javax/swing/GroupLayout.java,createSequentialGroup
313d1fcf-fdf6-4e4e-85aa-8fcea532cc34,0707f5cf-683f-4642-b7bb-1bd95e11adca,7b93b556-7392-4ee7-91fe-7ca6c4ef1642,->,313d1fcf-fdf6-4e4e-85aa-8fcea532cc34,javax/swing/GroupLayout$SequentialGroup.java,addContainerGap
313d1fcf-fdf6-4e4e-85aa-8fcea532cc34,0707f5cf-683f-4642-b7bb-1bd95e11adca,7b93b556-7392-4ee7-91fe-7ca6c4ef1642,->,313d1fcf-fdf6-4e4e-85aa-8fcea532cc34,javax/swing/GroupLayout$SequentialGroup.java,addComponent
313d1fcf-fdf6-4e4e-85aa-8fcea532cc34,0707f5cf-683f-4642-b7bb-1bd95e11adca,7b93b556-7392-4ee7-91fe-7ca6c4ef1642,->,313d1fcf-fdf6-4e4e-85aa-8fcea532cc34,javax/swing/GroupLayout$SequentialGroup.java,addContainerGap
313d1fcf-fdf6-4e4e-85aa-8fcea532cc34,0707f5cf-683f-4642-b7bb-1bd95e11adca,7b93b556-7392-4ee7-91fe-7ca6c4ef1642,->,313d1fcf-fdf6-4e4e-85aa-8fcea532cc34,javax/swing/GroupLayout$ParallelGroup.java,addGroup
313d1fcf-fdf6-4e4e-85aa-8fcea532cc34,0707f5cf-683f-4642-b7bb-1bd95e11adca,7b93b556-7392-4ee7-91fe-7ca6c4ef1642,->,313d1fcf-fdf6-4e4e-85aa-8fcea532cc34,javax/swing/GroupLayout$ParallelGroup.java,addComponent
313d1fcf-fdf6-4e4e-85aa-8fcea532cc34,0707f5cf-683f-4642-b7bb-1bd95e11adca,7b93b556-7392-4ee7-91fe-7ca6c4ef1642,->,313d1fcf-fdf6-4e4e-85aa-8fcea532cc34,javax/swing/GroupLayout.java,setHorizontalGroup
313d1fcf-fdf6-4e4e-85aa-8fcea532cc34,0707f5cf-683f-4642-b7bb-1bd95e11adca,7b93b556-7392-4ee7-91fe-7ca6c4ef1642,->,313d1fcf-fdf6-4e4e-85aa-8fcea532cc34,javax/swing/GroupLayout.java,createParallelGroup
313d1fcf-fdf6-4e4e-85aa-8fcea532cc34,0707f5cf-683f-4642-b7bb-1bd95e11adca,7b93b556-7392-4ee7-91fe-7ca6c4ef1642,->,313d1fcf-fdf6-4e4e-85aa-8fcea532cc34,javax/swing/GroupLayout.java,createSequentialGroup
313d1fcf-fdf6-4e4e-85aa-8fcea532cc34,0707f5cf-683f-4642-b7bb-1bd95e11adca,7b93b556-7392-4ee7-91fe-7ca6c4ef1642,->,313d1fcf-fdf6-4e4e-85aa-8fcea532cc34,javax/swing/GroupLayout$SequentialGroup.java,addContainerGap
313d1fcf-fdf6-4e4e-85aa-8fcea532cc34,0707f5cf-683f-4642-b7bb-1bd95e11adca,7b93b556-7392-4ee7-91fe-7ca6c4ef1642,->,313d1fcf-fdf6-4e4e-85aa-8fcea532cc34,javax/swing/GroupLayout$SequentialGroup.java,addComponent
313d1fcf-fdf6-4e4e-85aa-8fcea532cc34,0707f5cf-683f-4642-b7bb-1bd95e11adca,7b93b556-7392-4ee7-91fe-7ca6c4ef1642,->,313d1fcf-fdf6-4e4e-85aa-8fcea532cc34,javax/swing/GroupLayout$SequentialGroup.java,addPreferredGap
313d1fcf-fdf6-4e4e-85aa-8fcea532cc34,0707f5cf-683f-4642-b7bb-1bd95e11adca,7b93b556-7392-4ee7-91fe-7ca6c4ef1642,->,313d1fcf-fdf6-4e4e-85aa-8fcea532cc34,javax/swing/GroupLayout$SequentialGroup.java,addComponent
313d1fcf-fdf6-4e4e-85aa-8fcea532cc34,0707f5cf-683f-4642-b7bb-1bd95e11adca,7b93b556-7392-4ee7-91fe-7ca6c4ef1642,->,313d1fcf-fdf6-4e4e-85aa-8fcea532cc34,javax/swing/GroupLayout$SequentialGroup.java,addContainerGap
313d1fcf-fdf6-4e4e-85aa-8fcea532cc34,0707f5cf-683f-4642-b7bb-1bd95e11adca,7b93b556-7392-4ee7-91fe-7ca6c4ef1642,->,313d1fcf-fdf6-4e4e-85aa-8fcea532cc34,javax/swing/GroupLayout$ParallelGroup.java,addGroup
313d1fcf-fdf6-4e4e-85aa-8fcea532cc34,0707f5cf-683f-4642-b7bb-1bd95e11adca,7b93b556-7392-4ee7-91fe-7ca6c4ef1642,->,313d1fcf-fdf6-4e4e-85aa-8fcea532cc34,javax/swing/GroupLayout.java,setVerticalGroup
313d1fcf-fdf6-4e4e-85aa-8fcea532cc34,0707f5cf-683f-4642-b7bb-1bd95e11adca,7b93b556-7392-4ee7-91fe-7ca6c4ef1642,->,313d1fcf-fdf6-4e4e-85aa-8fcea532cc34,javax/swing/JPanel.java,setBackground
313d1fcf-fdf6-4e4e-85aa-8fcea532cc34,0707f5cf-683f-4642-b7bb-1bd95e11adca,7b93b556-7392-4ee7-91fe-7ca6c4ef1642,->,313d1fcf-fdf6-4e4e-85aa-8fcea532cc34,javax/swing/JLabel.java,setHorizontalAlignment
313d1fcf-fdf6-4e4e-85aa-8fcea532cc34,0707f5cf-683f-4642-b7bb-1bd95e11adca,7b93b556-7392-4ee7-91fe-7ca6c4ef1642,->,313d1fcf-fdf6-4e4e-85aa-8fcea532cc34,java/lang/Object.java,getClass
313d1fcf-fdf6-4e4e-85aa-8fcea532cc34,0707f5cf-683f-4642-b7bb-1bd95e11adca,7b93b556-7392-4ee7-91fe-7ca6c4ef1642,->,313d1fcf-fdf6-4e4e-85aa-8fcea532cc34,java/lang/Class.java,getResource
313d1fcf-fdf6-4e4e-85aa-8fcea532cc34,0707f5cf-683f-4642-b7bb-1bd95e11adca,7b93b556-7392-4ee7-91fe-7ca6c4ef1642,->,313d1fcf-fdf6-4e4e-85aa-8fcea532cc34,javax/swing/JLabel.java,setIcon
313d1fcf-fdf6-4e4e-85aa-8fcea532cc34,0707f5cf-683f-4642-b7bb-1bd95e11adca,7b93b556-7392-4ee7-91fe-7ca6c4ef1642,->,313d1fcf-fdf6-4e4e-85aa-8fcea532cc34,javax/swing/JLabel.java,setText
313d1fcf-fdf6-4e4e-85aa-8fcea532cc34,0707f5cf-683f-4642-b7bb-1bd95e11adca,7b93b556-7392-4ee7-91fe-7ca6c4ef1642,->,313d1fcf-fdf6-4e4e-85aa-8fcea532cc34,javax/swing/JLabel.java,setFont
313d1fcf-fdf6-4e4e-85aa-8fcea532cc34,0707f5cf-683f-4642-b7bb-1bd95e11adca,7b93b556-7392-4ee7-91fe-7ca6c4ef1642,->,313d1fcf-fdf6-4e4e-85aa-8fcea532cc34,javax/swing/JLabel.java,setText
313d1fcf-fdf6-4e4e-85aa-8fcea532cc34,0707f5cf-683f-4642-b7bb-1bd95e11adca,7b93b556-7392-4ee7-91fe-7ca6c4ef1642,->,313d1fcf-fdf6-4e4e-85aa-8fcea532cc34,javax/swing/JScrollPane.java,setToolTipText
313d1fcf-fdf6-4e4e-85aa-8fcea532cc34,0707f5cf-683f-4642-b7bb-1bd95e11adca,7b93b556-7392-4ee7-91fe-7ca6c4ef1642,->,313d1fcf-fdf6-4e4e-85aa-8fcea532cc34,javax/swing/JTextArea.java,setEditable
313d1fcf-fdf6-4e4e-85aa-8fcea532cc34,0707f5cf-683f-4642-b7bb-1bd95e11adca,7b93b556-7392-4ee7-91fe-7ca6c4ef1642,->,313d1fcf-fdf6-4e4e-85aa-8fcea532cc34,javax/swing/JTextArea.java,setColumns
313d1fcf-fdf6-4e4e-85aa-8fcea532cc34,0707f5cf-683f-4642-b7bb-1bd95e11adca,7b93b556-7392-4ee7-91fe-7ca6c4ef1642,->,313d1fcf-fdf6-4e4e-85aa-8fcea532cc34,javax/swing/JTextArea.java,setFont
313d1fcf-fdf6-4e4e-85aa-8fcea532cc34,0707f5cf-683f-4642-b7bb-1bd95e11adca,7b93b556-7392-4ee7-91fe-7ca6c4ef1642,->,313d1fcf-fdf6-4e4e-85aa-8fcea532cc34,javax/swing/JTextArea.java,setLineWrap
313d1fcf-fdf6-4e4e-85aa-8fcea532cc34,0707f5cf-683f-4642-b7bb-1bd95e11adca,7b93b556-7392-4ee7-91fe-7ca6c4ef1642,->,313d1fcf-fdf6-4e4e-85aa-8fcea532cc34,javax/swing/JTextArea.java,setRows
313d1fcf-fdf6-4e4e-85aa-8fcea532cc34,0707f5cf-683f-4642-b7bb-1bd95e11adca,7b93b556-7392-4ee7-91fe-7ca6c4ef1642,->,313d1fcf-fdf6-4e4e-85aa-8fcea532cc34,javax/swing/JTextArea.java,setWrapStyleWord
313d1fcf-fdf6-4e4e-85aa-8fcea532cc34,0707f5cf-683f-4642-b7bb-1bd95e11adca,7b93b556-7392-4ee7-91fe-7ca6c4ef1642,->,313d1fcf-fdf6-4e4e-85aa-8fcea532cc34,javax/swing/JTextArea.java,setEnabled
313d1fcf-fdf6-4e4e-85aa-8fcea532cc34,0707f5cf-683f-4642-b7bb-1bd95e11adca,7b93b556-7392-4ee7-91fe-7ca6c4ef1642,->,313d1fcf-fdf6-4e4e-85aa-8fcea532cc34,javax/swing/JScrollPane.java,setViewportView
313d1fcf-fdf6-4e4e-85aa-8fcea532cc34,0707f5cf-683f-4642-b7bb-1bd95e11adca,7b93b556-7392-4ee7-91fe-7ca6c4ef1642,->,313d1fcf-fdf6-4e4e-85aa-8fcea532cc34,javax/swing/JPanel.java,setLayout
313d1fcf-fdf6-4e4e-85aa-8fcea532cc34,0707f5cf-683f-4642-b7bb-1bd95e11adca,7b93b556-7392-4ee7-91fe-7ca6c4ef1642,->,313d1fcf-fdf6-4e4e-85aa-8fcea532cc34,javax/swing/GroupLayout.java,createParallelGroup
313d1fcf-fdf6-4e4e-85aa-8fcea532cc34,0707f5cf-683f-4642-b7bb-1bd95e11adca,7b93b556-7392-4ee7-91fe-7ca6c4ef1642,->,313d1fcf-fdf6-4e4e-85aa-8fcea532cc34,javax/swing/GroupLayout.java,createSequentialGroup
313d1fcf-fdf6-4e4e-85aa-8fcea532cc34,0707f5cf-683f-4642-b7bb-1bd95e11adca,7b93b556-7392-4ee7-91fe-7ca6c4ef1642,->,313d1fcf-fdf6-4e4e-85aa-8fcea532cc34,javax/swing/GroupLayout$SequentialGroup.java,addComponent
313d1fcf-fdf6-4e4e-85aa-8fcea532cc34,0707f5cf-683f-4642-b7bb-1bd95e11adca,7b93b556-7392-4ee7-91fe-7ca6c4ef1642,->,313d1fcf-fdf6-4e4e-85aa-8fcea532cc34,javax/swing/GroupLayout.java,createParallelGroup
313d1fcf-fdf6-4e4e-85aa-8fcea532cc34,0707f5cf-683f-4642-b7bb-1bd95e11adca,7b93b556-7392-4ee7-91fe-7ca6c4ef1642,->,313d1fcf-fdf6-4e4e-85aa-8fcea532cc34,javax/swing/GroupLayout.java,createSequentialGroup
313d1fcf-fdf6-4e4e-85aa-8fcea532cc34,0707f5cf-683f-4642-b7bb-1bd95e11adca,7b93b556-7392-4ee7-91fe-7ca6c4ef1642,->,313d1fcf-fdf6-4e4e-85aa-8fcea532cc34,javax/swing/GroupLayout$SequentialGroup.java,addGap
313d1fcf-fdf6-4e4e-85aa-8fcea532cc34,0707f5cf-683f-4642-b7bb-1bd95e11adca,7b93b556-7392-4ee7-91fe-7ca6c4ef1642,->,313d1fcf-fdf6-4e4e-85aa-8fcea532cc34,javax/swing/GroupLayout$SequentialGroup.java,addComponent
313d1fcf-fdf6-4e4e-85aa-8fcea532cc34,0707f5cf-683f-4642-b7bb-1bd95e11adca,7b93b556-7392-4ee7-91fe-7ca6c4ef1642,->,313d1fcf-fdf6-4e4e-85aa-8fcea532cc34,javax/swing/GroupLayout$ParallelGroup.java,addGroup
313d1fcf-fdf6-4e4e-85aa-8fcea532cc34,0707f5cf-683f-4642-b7bb-1bd95e11adca,7b93b556-7392-4ee7-91fe-7ca6c4ef1642,->,313d1fcf-fdf6-4e4e-85aa-8fcea532cc34,javax/swing/GroupLayout.java,createSequentialGroup
313d1fcf-fdf6-4e4e-85aa-8fcea532cc34,0707f5cf-683f-4642-b7bb-1bd95e11adca,7b93b556-7392-4ee7-91fe-7ca6c4ef1642,->,313d1fcf-fdf6-4e4e-85aa-8fcea532cc34,javax/swing/GroupLayout$SequentialGroup.java,addGap
313d1fcf-fdf6-4e4e-85aa-8fcea532cc34,0707f5cf-683f-4642-b7bb-1bd95e11adca,7b93b556-7392-4ee7-91fe-7ca6c4ef1642,->,313d1fcf-fdf6-4e4e-85aa-8fcea532cc34,javax/swing/GroupLayout$SequentialGroup.java,addComponent
313d1fcf-fdf6-4e4e-85aa-8fcea532cc34,0707f5cf-683f-4642-b7bb-1bd95e11adca,7b93b556-7392-4ee7-91fe-7ca6c4ef1642,->,313d1fcf-fdf6-4e4e-85aa-8fcea532cc34,javax/swing/GroupLayout$SequentialGroup.java,addGap
313d1fcf-fdf6-4e4e-85aa-8fcea532cc34,0707f5cf-683f-4642-b7bb-1bd95e11adca,7b93b556-7392-4ee7-91fe-7ca6c4ef1642,->,313d1fcf-fdf6-4e4e-85aa-8fcea532cc34,javax/swing/GroupLayout$ParallelGroup.java,addGroup
313d1fcf-fdf6-4e4e-85aa-8fcea532cc34,0707f5cf-683f-4642-b7bb-1bd95e11adca,7b93b556-7392-4ee7-91fe-7ca6c4ef1642,->,313d1fcf-fdf6-4e4e-85aa-8fcea532cc34,javax/swing/GroupLayout$SequentialGroup.java,addGroup
313d1fcf-fdf6-4e4e-85aa-8fcea532cc34,0707f5cf-683f-4642-b7bb-1bd95e11adca,7b93b556-7392-4ee7-91fe-7ca6c4ef1642,->,313d1fcf-fdf6-4e4e-85aa-8fcea532cc34,javax/swing/GroupLayout$SequentialGroup.java,addContainerGap
313d1fcf-fdf6-4e4e-85aa-8fcea532cc34,0707f5cf-683f-4642-b7bb-1bd95e11adca,7b93b556-7392-4ee7-91fe-7ca6c4ef1642,->,313d1fcf-fdf6-4e4e-85aa-8fcea532cc34,javax/swing/GroupLayout$ParallelGroup.java,addGroup
313d1fcf-fdf6-4e4e-85aa-8fcea532cc34,0707f5cf-683f-4642-b7bb-1bd95e11adca,7b93b556-7392-4ee7-91fe-7ca6c4ef1642,->,313d1fcf-fdf6-4e4e-85aa-8fcea532cc34,javax/swing/GroupLayout.java,setHorizontalGroup
313d1fcf-fdf6-4e4e-85aa-8fcea532cc34,0707f5cf-683f-4642-b7bb-1bd95e11adca,7b93b556-7392-4ee7-91fe-7ca6c4ef1642,->,313d1fcf-fdf6-4e4e-85aa-8fcea532cc34,javax/swing/GroupLayout.java,createParallelGroup
313d1fcf-fdf6-4e4e-85aa-8fcea532cc34,0707f5cf-683f-4642-b7bb-1bd95e11adca,7b93b556-7392-4ee7-91fe-7ca6c4ef1642,->,313d1fcf-fdf6-4e4e-85aa-8fcea532cc34,javax/swing/GroupLayout.java,createSequentialGroup
313d1fcf-fdf6-4e4e-85aa-8fcea532cc34,0707f5cf-683f-4642-b7bb-1bd95e11adca,7b93b556-7392-4ee7-91fe-7ca6c4ef1642,->,313d1fcf-fdf6-4e4e-85aa-8fcea532cc34,javax/swing/GroupLayout$SequentialGroup.java,addGap
313d1fcf-fdf6-4e4e-85aa-8fcea532cc34,0707f5cf-683f-4642-b7bb-1bd95e11adca,7b93b556-7392-4ee7-91fe-7ca6c4ef1642,->,313d1fcf-fdf6-4e4e-85aa-8fcea532cc34,javax/swing/GroupLayout$SequentialGroup.java,addComponent
313d1fcf-fdf6-4e4e-85aa-8fcea532cc34,0707f5cf-683f-4642-b7bb-1bd95e11adca,7b93b556-7392-4ee7-91fe-7ca6c4ef1642,->,313d1fcf-fdf6-4e4e-85aa-8fcea532cc34,javax/swing/GroupLayout$ParallelGroup.java,addGroup
313d1fcf-fdf6-4e4e-85aa-8fcea532cc34,0707f5cf-683f-4642-b7bb-1bd95e11adca,7b93b556-7392-4ee7-91fe-7ca6c4ef1642,->,313d1fcf-fdf6-4e4e-85aa-8fcea532cc34,javax/swing/GroupLayout.java,createSequentialGroup
313d1fcf-fdf6-4e4e-85aa-8fcea532cc34,0707f5cf-683f-4642-b7bb-1bd95e11adca,7b93b556-7392-4ee7-91fe-7ca6c4ef1642,->,313d1fcf-fdf6-4e4e-85aa-8fcea532cc34,javax/swing/GroupLayout$SequentialGroup.java,addContainerGap
313d1fcf-fdf6-4e4e-85aa-8fcea532cc34,0707f5cf-683f-4642-b7bb-1bd95e11adca,7b93b556-7392-4ee7-91fe-7ca6c4ef1642,->,313d1fcf-fdf6-4e4e-85aa-8fcea532cc34,javax/swing/GroupLayout$SequentialGroup.java,addComponent
313d1fcf-fdf6-4e4e-85aa-8fcea532cc34,0707f5cf-683f-4642-b7bb-1bd95e11adca,7b93b556-7392-4ee7-91fe-7ca6c4ef1642,->,313d1fcf-fdf6-4e4e-85aa-8fcea532cc34,javax/swing/GroupLayout$SequentialGroup.java,addPreferredGap
313d1fcf-fdf6-4e4e-85aa-8fcea532cc34,0707f5cf-683f-4642-b7bb-1bd95e11adca,7b93b556-7392-4ee7-91fe-7ca6c4ef1642,->,313d1fcf-fdf6-4e4e-85aa-8fcea532cc34,javax/swing/GroupLayout$SequentialGroup.java,addComponent
313d1fcf-fdf6-4e4e-85aa-8fcea532cc34,0707f5cf-683f-4642-b7bb-1bd95e11adca,7b93b556-7392-4ee7-91fe-7ca6c4ef1642,->,313d1fcf-fdf6-4e4e-85aa-8fcea532cc34,javax/swing/GroupLayout$SequentialGroup.java,addContainerGap
313d1fcf-fdf6-4e4e-85aa-8fcea532cc34,0707f5cf-683f-4642-b7bb-1bd95e11adca,7b93b556-7392-4ee7-91fe-7ca6c4ef1642,->,313d1fcf-fdf6-4e4e-85aa-8fcea532cc34,javax/swing/GroupLayout$ParallelGroup.java,addGroup
313d1fcf-fdf6-4e4e-85aa-8fcea532cc34,0707f5cf-683f-4642-b7bb-1bd95e11adca,7b93b556-7392-4ee7-91fe-7ca6c4ef1642,->,313d1fcf-fdf6-4e4e-85aa-8fcea532cc34,javax/swing/GroupLayout.java,setVerticalGroup
313d1fcf-fdf6-4e4e-85aa-8fcea532cc34,0707f5cf-683f-4642-b7bb-1bd95e11adca,7b93b556-7392-4ee7-91fe-7ca6c4ef1642,->,313d1fcf-fdf6-4e4e-85aa-8fcea532cc34,javax/swing/JButton.java,setFont
313d1fcf-fdf6-4e4e-85aa-8fcea532cc34,0707f5cf-683f-4642-b7bb-1bd95e11adca,7b93b556-7392-4ee7-91fe-7ca6c4ef1642,->,313d1fcf-fdf6-4e4e-85aa-8fcea532cc34,java/lang/Object.java,getClass
313d1fcf-fdf6-4e4e-85aa-8fcea532cc34,0707f5cf-683f-4642-b7bb-1bd95e11adca,7b93b556-7392-4ee7-91fe-7ca6c4ef1642,->,313d1fcf-fdf6-4e4e-85aa-8fcea532cc34,java/lang/Class.java,getResource
313d1fcf-fdf6-4e4e-85aa-8fcea532cc34,0707f5cf-683f-4642-b7bb-1bd95e11adca,7b93b556-7392-4ee7-91fe-7ca6c4ef1642,->,313d1fcf-fdf6-4e4e-85aa-8fcea532cc34,javax/swing/JButton.java,setIcon
313d1fcf-fdf6-4e4e-85aa-8fcea532cc34,0707f5cf-683f-4642-b7bb-1bd95e11adca,7b93b556-7392-4ee7-91fe-7ca6c4ef1642,->,313d1fcf-fdf6-4e4e-85aa-8fcea532cc34,javax/swing/JButton.java,setText
313d1fcf-fdf6-4e4e-85aa-8fcea532cc34,0707f5cf-683f-4642-b7bb-1bd95e11adca,7b93b556-7392-4ee7-91fe-7ca6c4ef1642,->,313d1fcf-fdf6-4e4e-85aa-8fcea532cc34,javax/swing/JButton.java,addActionListener
313d1fcf-fdf6-4e4e-85aa-8fcea532cc34,0707f5cf-683f-4642-b7bb-1bd95e11adca,7b93b556-7392-4ee7-91fe-7ca6c4ef1642,->,313d1fcf-fdf6-4e4e-85aa-8fcea532cc34,javax/swing/JLabel.java,setFont
313d1fcf-fdf6-4e4e-85aa-8fcea532cc34,0707f5cf-683f-4642-b7bb-1bd95e11adca,7b93b556-7392-4ee7-91fe-7ca6c4ef1642,->,313d1fcf-fdf6-4e4e-85aa-8fcea532cc34,javax/swing/JLabel.java,setText
313d1fcf-fdf6-4e4e-85aa-8fcea532cc34,0707f5cf-683f-4642-b7bb-1bd95e11adca,7b93b556-7392-4ee7-91fe-7ca6c4ef1642,->,313d1fcf-fdf6-4e4e-85aa-8fcea532cc34,javax/swing/JLabel.java,setFont
313d1fcf-fdf6-4e4e-85aa-8fcea532cc34,0707f5cf-683f-4642-b7bb-1bd95e11adca,7b93b556-7392-4ee7-91fe-7ca6c4ef1642,->,313d1fcf-fdf6-4e4e-85aa-8fcea532cc34,java/lang/Object.java,getClass
313d1fcf-fdf6-4e4e-85aa-8fcea532cc34,0707f5cf-683f-4642-b7bb-1bd95e11adca,7b93b556-7392-4ee7-91fe-7ca6c4ef1642,->,313d1fcf-fdf6-4e4e-85aa-8fcea532cc34,java/lang/Class.java,getResource
313d1fcf-fdf6-4e4e-85aa-8fcea532cc34,0707f5cf-683f-4642-b7bb-1bd95e11adca,7b93b556-7392-4ee7-91fe-7ca6c4ef1642,->,313d1fcf-fdf6-4e4e-85aa-8fcea532cc34,javax/swing/JLabel.java,setIcon
313d1fcf-fdf6-4e4e-85aa-8fcea532cc34,0707f5cf-683f-4642-b7bb-1bd95e11adca,7b93b556-7392-4ee7-91fe-7ca6c4ef1642,->,313d1fcf-fdf6-4e4e-85aa-8fcea532cc34,javax/swing/JLabel.java,setText
313d1fcf-fdf6-4e4e-85aa-8fcea532cc34,0707f5cf-683f-4642-b7bb-1bd95e11adca,7b93b556-7392-4ee7-91fe-7ca6c4ef1642,->,313d1fcf-fdf6-4e4e-85aa-8fcea532cc34,javax/swing/JLabel.java,setFont
313d1fcf-fdf6-4e4e-85aa-8fcea532cc34,0707f5cf-683f-4642-b7bb-1bd95e11adca,7b93b556-7392-4ee7-91fe-7ca6c4ef1642,->,313d1fcf-fdf6-4e4e-85aa-8fcea532cc34,java/lang/Object.java,getClass
313d1fcf-fdf6-4e4e-85aa-8fcea532cc34,0707f5cf-683f-4642-b7bb-1bd95e11adca,7b93b556-7392-4ee7-91fe-7ca6c4ef1642,->,313d1fcf-fdf6-4e4e-85aa-8fcea532cc34,java/lang/Class.java,getResource
313d1fcf-fdf6-4e4e-85aa-8fcea532cc34,0707f5cf-683f-4642-b7bb-1bd95e11adca,7b93b556-7392-4ee7-91fe-7ca6c4ef1642,->,313d1fcf-fdf6-4e4e-85aa-8fcea532cc34,javax/swing/JLabel.java,setIcon
313d1fcf-fdf6-4e4e-85aa-8fcea532cc34,0707f5cf-683f-4642-b7bb-1bd95e11adca,7b93b556-7392-4ee7-91fe-7ca6c4ef1642,->,313d1fcf-fdf6-4e4e-85aa-8fcea532cc34,javax/swing/JLabel.java,setText
313d1fcf-fdf6-4e4e-85aa-8fcea532cc34,0707f5cf-683f-4642-b7bb-1bd95e11adca,7b93b556-7392-4ee7-91fe-7ca6c4ef1642,->,313d1fcf-fdf6-4e4e-85aa-8fcea532cc34,javax/swing/ButtonGroup.java,add
313d1fcf-fdf6-4e4e-85aa-8fcea532cc34,0707f5cf-683f-4642-b7bb-1bd95e11adca,7b93b556-7392-4ee7-91fe-7ca6c4ef1642,->,313d1fcf-fdf6-4e4e-85aa-8fcea532cc34,javax/swing/JRadioButton.java,setFont
313d1fcf-fdf6-4e4e-85aa-8fcea532cc34,0707f5cf-683f-4642-b7bb-1bd95e11adca,7b93b556-7392-4ee7-91fe-7ca6c4ef1642,->,313d1fcf-fdf6-4e4e-85aa-8fcea532cc34,javax/swing/JRadioButton.java,setText
313d1fcf-fdf6-4e4e-85aa-8fcea532cc34,0707f5cf-683f-4642-b7bb-1bd95e11adca,7b93b556-7392-4ee7-91fe-7ca6c4ef1642,->,313d1fcf-fdf6-4e4e-85aa-8fcea532cc34,javax/swing/ButtonGroup.java,add
313d1fcf-fdf6-4e4e-85aa-8fcea532cc34,0707f5cf-683f-4642-b7bb-1bd95e11adca,7b93b556-7392-4ee7-91fe-7ca6c4ef1642,->,313d1fcf-fdf6-4e4e-85aa-8fcea532cc34,javax/swing/JRadioButton.java,setFont
313d1fcf-fdf6-4e4e-85aa-8fcea532cc34,0707f5cf-683f-4642-b7bb-1bd95e11adca,7b93b556-7392-4ee7-91fe-7ca6c4ef1642,->,313d1fcf-fdf6-4e4e-85aa-8fcea532cc34,javax/swing/JRadioButton.java,setText
313d1fcf-fdf6-4e4e-85aa-8fcea532cc34,0707f5cf-683f-4642-b7bb-1bd95e11adca,7b93b556-7392-4ee7-91fe-7ca6c4ef1642,->,313d1fcf-fdf6-4e4e-85aa-8fcea532cc34,javax/swing/JButton.java,setFont
313d1fcf-fdf6-4e4e-85aa-8fcea532cc34,0707f5cf-683f-4642-b7bb-1bd95e11adca,7b93b556-7392-4ee7-91fe-7ca6c4ef1642,->,313d1fcf-fdf6-4e4e-85aa-8fcea532cc34,javax/swing/JButton.java,setText
313d1fcf-fdf6-4e4e-85aa-8fcea532cc34,0707f5cf-683f-4642-b7bb-1bd95e11adca,7b93b556-7392-4ee7-91fe-7ca6c4ef1642,->,313d1fcf-fdf6-4e4e-85aa-8fcea532cc34,javax/swing/JButton.java,addActionListener
313d1fcf-fdf6-4e4e-85aa-8fcea532cc34,0707f5cf-683f-4642-b7bb-1bd95e11adca,7b93b556-7392-4ee7-91fe-7ca6c4ef1642,->,313d1fcf-fdf6-4e4e-85aa-8fcea532cc34,java/lang/Object.java,getClass
313d1fcf-fdf6-4e4e-85aa-8fcea532cc34,0707f5cf-683f-4642-b7bb-1bd95e11adca,7b93b556-7392-4ee7-91fe-7ca6c4ef1642,->,313d1fcf-fdf6-4e4e-85aa-8fcea532cc34,java/lang/Class.java,getResource
313d1fcf-fdf6-4e4e-85aa-8fcea532cc34,0707f5cf-683f-4642-b7bb-1bd95e11adca,7b93b556-7392-4ee7-91fe-7ca6c4ef1642,->,313d1fcf-fdf6-4e4e-85aa-8fcea532cc34,javax/swing/JLabel.java,setIcon
313d1fcf-fdf6-4e4e-85aa-8fcea532cc34,0707f5cf-683f-4642-b7bb-1bd95e11adca,7b93b556-7392-4ee7-91fe-7ca6c4ef1642,->,313d1fcf-fdf6-4e4e-85aa-8fcea532cc34,java/lang/Object.java,getClass
313d1fcf-fdf6-4e4e-85aa-8fcea532cc34,0707f5cf-683f-4642-b7bb-1bd95e11adca,7b93b556-7392-4ee7-91fe-7ca6c4ef1642,->,313d1fcf-fdf6-4e4e-85aa-8fcea532cc34,java/lang/Class.java,getResource
313d1fcf-fdf6-4e4e-85aa-8fcea532cc34,0707f5cf-683f-4642-b7bb-1bd95e11adca,7b93b556-7392-4ee7-91fe-7ca6c4ef1642,->,313d1fcf-fdf6-4e4e-85aa-8fcea532cc34,javax/swing/JLabel.java,setIcon
313d1fcf-fdf6-4e4e-85aa-8fcea532cc34,0707f5cf-683f-4642-b7bb-1bd95e11adca,7b93b556-7392-4ee7-91fe-7ca6c4ef1642,->,313d1fcf-fdf6-4e4e-85aa-8fcea532cc34,javax/swing/ButtonGroup.java,add
313d1fcf-fdf6-4e4e-85aa-8fcea532cc34,0707f5cf-683f-4642-b7bb-1bd95e11adca,7b93b556-7392-4ee7-91fe-7ca6c4ef1642,->,313d1fcf-fdf6-4e4e-85aa-8fcea532cc34,javax/swing/JRadioButton.java,setFont
313d1fcf-fdf6-4e4e-85aa-8fcea532cc34,0707f5cf-683f-4642-b7bb-1bd95e11adca,7b93b556-7392-4ee7-91fe-7ca6c4ef1642,->,313d1fcf-fdf6-4e4e-85aa-8fcea532cc34,javax/swing/JRadioButton.java,setText
313d1fcf-fdf6-4e4e-85aa-8fcea532cc34,0707f5cf-683f-4642-b7bb-1bd95e11adca,7b93b556-7392-4ee7-91fe-7ca6c4ef1642,->,313d1fcf-fdf6-4e4e-85aa-8fcea532cc34,javax/swing/ButtonGroup.java,add
313d1fcf-fdf6-4e4e-85aa-8fcea532cc34,0707f5cf-683f-4642-b7bb-1bd95e11adca,7b93b556-7392-4ee7-91fe-7ca6c4ef1642,->,313d1fcf-fdf6-4e4e-85aa-8fcea532cc34,javax/swing/JRadioButton.java,setFont
313d1fcf-fdf6-4e4e-85aa-8fcea532cc34,0707f5cf-683f-4642-b7bb-1bd95e11adca,7b93b556-7392-4ee7-91fe-7ca6c4ef1642,->,313d1fcf-fdf6-4e4e-85aa-8fcea532cc34,javax/swing/JRadioButton.java,setText
313d1fcf-fdf6-4e4e-85aa-8fcea532cc34,0707f5cf-683f-4642-b7bb-1bd95e11adca,7b93b556-7392-4ee7-91fe-7ca6c4ef1642,->,313d1fcf-fdf6-4e4e-85aa-8fcea532cc34,javax/swing/JButton.java,setFont
313d1fcf-fdf6-4e4e-85aa-8fcea532cc34,0707f5cf-683f-4642-b7bb-1bd95e11adca,7b93b556-7392-4ee7-91fe-7ca6c4ef1642,->,313d1fcf-fdf6-4e4e-85aa-8fcea532cc34,javax/swing/JButton.java,setText
313d1fcf-fdf6-4e4e-85aa-8fcea532cc34,0707f5cf-683f-4642-b7bb-1bd95e11adca,7b93b556-7392-4ee7-91fe-7ca6c4ef1642,->,313d1fcf-fdf6-4e4e-85aa-8fcea532cc34,javax/swing/JButton.java,addActionListener
313d1fcf-fdf6-4e4e-85aa-8fcea532cc34,0707f5cf-683f-4642-b7bb-1bd95e11adca,7b93b556-7392-4ee7-91fe-7ca6c4ef1642,->,313d1fcf-fdf6-4e4e-85aa-8fcea532cc34,java/lang/Object.java,getClass
313d1fcf-fdf6-4e4e-85aa-8fcea532cc34,0707f5cf-683f-4642-b7bb-1bd95e11adca,7b93b556-7392-4ee7-91fe-7ca6c4ef1642,->,313d1fcf-fdf6-4e4e-85aa-8fcea532cc34,java/lang/Class.java,getResource
313d1fcf-fdf6-4e4e-85aa-8fcea532cc34,0707f5cf-683f-4642-b7bb-1bd95e11adca,7b93b556-7392-4ee7-91fe-7ca6c4ef1642,->,313d1fcf-fdf6-4e4e-85aa-8fcea532cc34,javax/swing/JLabel.java,setIcon
313d1fcf-fdf6-4e4e-85aa-8fcea532cc34,0707f5cf-683f-4642-b7bb-1bd95e11adca,7b93b556-7392-4ee7-91fe-7ca6c4ef1642,->,313d1fcf-fdf6-4e4e-85aa-8fcea532cc34,javax/swing/ButtonGroup.java,add
313d1fcf-fdf6-4e4e-85aa-8fcea532cc34,0707f5cf-683f-4642-b7bb-1bd95e11adca,7b93b556-7392-4ee7-91fe-7ca6c4ef1642,->,313d1fcf-fdf6-4e4e-85aa-8fcea532cc34,javax/swing/JRadioButton.java,setFont
313d1fcf-fdf6-4e4e-85aa-8fcea532cc34,0707f5cf-683f-4642-b7bb-1bd95e11adca,7b93b556-7392-4ee7-91fe-7ca6c4ef1642,->,313d1fcf-fdf6-4e4e-85aa-8fcea532cc34,javax/swing/JRadioButton.java,setText
313d1fcf-fdf6-4e4e-85aa-8fcea532cc34,0707f5cf-683f-4642-b7bb-1bd95e11adca,7b93b556-7392-4ee7-91fe-7ca6c4ef1642,->,313d1fcf-fdf6-4e4e-85aa-8fcea532cc34,javax/swing/ButtonGroup.java,add
313d1fcf-fdf6-4e4e-85aa-8fcea532cc34,0707f5cf-683f-4642-b7bb-1bd95e11adca,7b93b556-7392-4ee7-91fe-7ca6c4ef1642,->,313d1fcf-fdf6-4e4e-85aa-8fcea532cc34,javax/swing/JRadioButton.java,setFont
313d1fcf-fdf6-4e4e-85aa-8fcea532cc34,0707f5cf-683f-4642-b7bb-1bd95e11adca,7b93b556-7392-4ee7-91fe-7ca6c4ef1642,->,313d1fcf-fdf6-4e4e-85aa-8fcea532cc34,javax/swing/JRadioButton.java,setText
313d1fcf-fdf6-4e4e-85aa-8fcea532cc34,0707f5cf-683f-4642-b7bb-1bd95e11adca,7b93b556-7392-4ee7-91fe-7ca6c4ef1642,->,313d1fcf-fdf6-4e4e-85aa-8fcea532cc34,javax/swing/JButton.java,setFont
313d1fcf-fdf6-4e4e-85aa-8fcea532cc34,0707f5cf-683f-4642-b7bb-1bd95e11adca,7b93b556-7392-4ee7-91fe-7ca6c4ef1642,->,313d1fcf-fdf6-4e4e-85aa-8fcea532cc34,javax/swing/JButton.java,setText
313d1fcf-fdf6-4e4e-85aa-8fcea532cc34,0707f5cf-683f-4642-b7bb-1bd95e11adca,7b93b556-7392-4ee7-91fe-7ca6c4ef1642,->,313d1fcf-fdf6-4e4e-85aa-8fcea532cc34,javax/swing/JButton.java,addActionListener
313d1fcf-fdf6-4e4e-85aa-8fcea532cc34,0707f5cf-683f-4642-b7bb-1bd95e11adca,7b93b556-7392-4ee7-91fe-7ca6c4ef1642,->,313d1fcf-fdf6-4e4e-85aa-8fcea532cc34,java/lang/Object.java,getClass
313d1fcf-fdf6-4e4e-85aa-8fcea532cc34,0707f5cf-683f-4642-b7bb-1bd95e11adca,7b93b556-7392-4ee7-91fe-7ca6c4ef1642,->,313d1fcf-fdf6-4e4e-85aa-8fcea532cc34,java/lang/Class.java,getResource
313d1fcf-fdf6-4e4e-85aa-8fcea532cc34,0707f5cf-683f-4642-b7bb-1bd95e11adca,7b93b556-7392-4ee7-91fe-7ca6c4ef1642,->,313d1fcf-fdf6-4e4e-85aa-8fcea532cc34,javax/swing/JLabel.java,setIcon
313d1fcf-fdf6-4e4e-85aa-8fcea532cc34,0707f5cf-683f-4642-b7bb-1bd95e11adca,7b93b556-7392-4ee7-91fe-7ca6c4ef1642,->,313d1fcf-fdf6-4e4e-85aa-8fcea532cc34,javax/swing/ButtonGroup.java,add
313d1fcf-fdf6-4e4e-85aa-8fcea532cc34,0707f5cf-683f-4642-b7bb-1bd95e11adca,7b93b556-7392-4ee7-91fe-7ca6c4ef1642,->,313d1fcf-fdf6-4e4e-85aa-8fcea532cc34,javax/swing/JRadioButton.java,setFont
313d1fcf-fdf6-4e4e-85aa-8fcea532cc34,0707f5cf-683f-4642-b7bb-1bd95e11adca,7b93b556-7392-4ee7-91fe-7ca6c4ef1642,->,313d1fcf-fdf6-4e4e-85aa-8fcea532cc34,javax/swing/JRadioButton.java,setText
313d1fcf-fdf6-4e4e-85aa-8fcea532cc34,0707f5cf-683f-4642-b7bb-1bd95e11adca,7b93b556-7392-4ee7-91fe-7ca6c4ef1642,->,313d1fcf-fdf6-4e4e-85aa-8fcea532cc34,javax/swing/ButtonGroup.java,add
313d1fcf-fdf6-4e4e-85aa-8fcea532cc34,0707f5cf-683f-4642-b7bb-1bd95e11adca,7b93b556-7392-4ee7-91fe-7ca6c4ef1642,->,313d1fcf-fdf6-4e4e-85aa-8fcea532cc34,javax/swing/JRadioButton.java,setFont
313d1fcf-fdf6-4e4e-85aa-8fcea532cc34,0707f5cf-683f-4642-b7bb-1bd95e11adca,7b93b556-7392-4ee7-91fe-7ca6c4ef1642,->,313d1fcf-fdf6-4e4e-85aa-8fcea532cc34,javax/swing/JRadioButton.java,setText
313d1fcf-fdf6-4e4e-85aa-8fcea532cc34,0707f5cf-683f-4642-b7bb-1bd95e11adca,7b93b556-7392-4ee7-91fe-7ca6c4ef1642,->,313d1fcf-fdf6-4e4e-85aa-8fcea532cc34,javax/swing/JButton.java,setFont
313d1fcf-fdf6-4e4e-85aa-8fcea532cc34,0707f5cf-683f-4642-b7bb-1bd95e11adca,7b93b556-7392-4ee7-91fe-7ca6c4ef1642,->,313d1fcf-fdf6-4e4e-85aa-8fcea532cc34,javax/swing/JButton.java,setText
313d1fcf-fdf6-4e4e-85aa-8fcea532cc34,0707f5cf-683f-4642-b7bb-1bd95e11adca,7b93b556-7392-4ee7-91fe-7ca6c4ef1642,->,313d1fcf-fdf6-4e4e-85aa-8fcea532cc34,javax/swing/JButton.java,addActionListener
313d1fcf-fdf6-4e4e-85aa-8fcea532cc34,0707f5cf-683f-4642-b7bb-1bd95e11adca,7b93b556-7392-4ee7-91fe-7ca6c4ef1642,->,313d1fcf-fdf6-4e4e-85aa-8fcea532cc34,javax/swing/JLabel.java,setFont
313d1fcf-fdf6-4e4e-85aa-8fcea532cc34,0707f5cf-683f-4642-b7bb-1bd95e11adca,7b93b556-7392-4ee7-91fe-7ca6c4ef1642,->,313d1fcf-fdf6-4e4e-85aa-8fcea532cc34,javax/swing/JLabel.java,setText
313d1fcf-fdf6-4e4e-85aa-8fcea532cc34,0707f5cf-683f-4642-b7bb-1bd95e11adca,7b93b556-7392-4ee7-91fe-7ca6c4ef1642,->,313d1fcf-fdf6-4e4e-85aa-8fcea532cc34,javax/swing/JLabel.java,setFont
313d1fcf-fdf6-4e4e-85aa-8fcea532cc34,0707f5cf-683f-4642-b7bb-1bd95e11adca,7b93b556-7392-4ee7-91fe-7ca6c4ef1642,->,313d1fcf-fdf6-4e4e-85aa-8fcea532cc34,javax/swing/JLabel.java,setText
313d1fcf-fdf6-4e4e-85aa-8fcea532cc34,0707f5cf-683f-4642-b7bb-1bd95e11adca,7b93b556-7392-4ee7-91fe-7ca6c4ef1642,->,313d1fcf-fdf6-4e4e-85aa-8fcea532cc34,javax/swing/JLabel.java,setFont
313d1fcf-fdf6-4e4e-85aa-8fcea532cc34,0707f5cf-683f-4642-b7bb-1bd95e11adca,7b93b556-7392-4ee7-91fe-7ca6c4ef1642,->,313d1fcf-fdf6-4e4e-85aa-8fcea532cc34,javax/swing/JLabel.java,setText
313d1fcf-fdf6-4e4e-85aa-8fcea532cc34,0707f5cf-683f-4642-b7bb-1bd95e11adca,7b93b556-7392-4ee7-91fe-7ca6c4ef1642,->,313d1fcf-fdf6-4e4e-85aa-8fcea532cc34,javax/swing/JLabel.java,setFont
313d1fcf-fdf6-4e4e-85aa-8fcea532cc34,0707f5cf-683f-4642-b7bb-1bd95e11adca,7b93b556-7392-4ee7-91fe-7ca6c4ef1642,->,313d1fcf-fdf6-4e4e-85aa-8fcea532cc34,javax/swing/JLabel.java,setText
313d1fcf-fdf6-4e4e-85aa-8fcea532cc34,0707f5cf-683f-4642-b7bb-1bd95e11adca,7b93b556-7392-4ee7-91fe-7ca6c4ef1642,->,313d1fcf-fdf6-4e4e-85aa-8fcea532cc34,javax/swing/JButton.java,setFont
313d1fcf-fdf6-4e4e-85aa-8fcea532cc34,0707f5cf-683f-4642-b7bb-1bd95e11adca,7b93b556-7392-4ee7-91fe-7ca6c4ef1642,->,313d1fcf-fdf6-4e4e-85aa-8fcea532cc34,java/lang/Object.java,getClass
313d1fcf-fdf6-4e4e-85aa-8fcea532cc34,0707f5cf-683f-4642-b7bb-1bd95e11adca,7b93b556-7392-4ee7-91fe-7ca6c4ef1642,->,313d1fcf-fdf6-4e4e-85aa-8fcea532cc34,java/lang/Class.java,getResource
313d1fcf-fdf6-4e4e-85aa-8fcea532cc34,0707f5cf-683f-4642-b7bb-1bd95e11adca,7b93b556-7392-4ee7-91fe-7ca6c4ef1642,->,313d1fcf-fdf6-4e4e-85aa-8fcea532cc34,javax/swing/JButton.java,setIcon
313d1fcf-fdf6-4e4e-85aa-8fcea532cc34,0707f5cf-683f-4642-b7bb-1bd95e11adca,7b93b556-7392-4ee7-91fe-7ca6c4ef1642,->,313d1fcf-fdf6-4e4e-85aa-8fcea532cc34,javax/swing/JButton.java,setText
313d1fcf-fdf6-4e4e-85aa-8fcea532cc34,0707f5cf-683f-4642-b7bb-1bd95e11adca,7b93b556-7392-4ee7-91fe-7ca6c4ef1642,->,313d1fcf-fdf6-4e4e-85aa-8fcea532cc34,javax/swing/JButton.java,setEnabled
313d1fcf-fdf6-4e4e-85aa-8fcea532cc34,0707f5cf-683f-4642-b7bb-1bd95e11adca,7b93b556-7392-4ee7-91fe-7ca6c4ef1642,->,313d1fcf-fdf6-4e4e-85aa-8fcea532cc34,javax/swing/JButton.java,addActionListener
313d1fcf-fdf6-4e4e-85aa-8fcea532cc34,0707f5cf-683f-4642-b7bb-1bd95e11adca,7b93b556-7392-4ee7-91fe-7ca6c4ef1642,->,313d1fcf-fdf6-4e4e-85aa-8fcea532cc34,javax/swing/JPanel.java,setBackground
313d1fcf-fdf6-4e4e-85aa-8fcea532cc34,0707f5cf-683f-4642-b7bb-1bd95e11adca,7b93b556-7392-4ee7-91fe-7ca6c4ef1642,->,313d1fcf-fdf6-4e4e-85aa-8fcea532cc34,javax/swing/JLabel.java,setFont
313d1fcf-fdf6-4e4e-85aa-8fcea532cc34,0707f5cf-683f-4642-b7bb-1bd95e11adca,7b93b556-7392-4ee7-91fe-7ca6c4ef1642,->,313d1fcf-fdf6-4e4e-85aa-8fcea532cc34,javax/swing/JLabel.java,setText
313d1fcf-fdf6-4e4e-85aa-8fcea532cc34,0707f5cf-683f-4642-b7bb-1bd95e11adca,7b93b556-7392-4ee7-91fe-7ca6c4ef1642,->,313d1fcf-fdf6-4e4e-85aa-8fcea532cc34,javax/swing/JLabel.java,setFont
313d1fcf-fdf6-4e4e-85aa-8fcea532cc34,0707f5cf-683f-4642-b7bb-1bd95e11adca,7b93b556-7392-4ee7-91fe-7ca6c4ef1642,->,313d1fcf-fdf6-4e4e-85aa-8fcea532cc34,javax/swing/JLabel.java,setText
313d1fcf-fdf6-4e4e-85aa-8fcea532cc34,0707f5cf-683f-4642-b7bb-1bd95e11adca,7b93b556-7392-4ee7-91fe-7ca6c4ef1642,->,313d1fcf-fdf6-4e4e-85aa-8fcea532cc34,javax/swing/JPanel.java,setLayout
313d1fcf-fdf6-4e4e-85aa-8fcea532cc34,0707f5cf-683f-4642-b7bb-1bd95e11adca,7b93b556-7392-4ee7-91fe-7ca6c4ef1642,->,313d1fcf-fdf6-4e4e-85aa-8fcea532cc34,javax/swing/GroupLayout.java,createParallelGroup
313d1fcf-fdf6-4e4e-85aa-8fcea532cc34,0707f5cf-683f-4642-b7bb-1bd95e11adca,7b93b556-7392-4ee7-91fe-7ca6c4ef1642,->,313d1fcf-fdf6-4e4e-85aa-8fcea532cc34,javax/swing/GroupLayout.java,createSequentialGroup
313d1fcf-fdf6-4e4e-85aa-8fcea532cc34,0707f5cf-683f-4642-b7bb-1bd95e11adca,7b93b556-7392-4ee7-91fe-7ca6c4ef1642,->,313d1fcf-fdf6-4e4e-85aa-8fcea532cc34,javax/swing/GroupLayout$SequentialGroup.java,addContainerGap
313d1fcf-fdf6-4e4e-85aa-8fcea532cc34,0707f5cf-683f-4642-b7bb-1bd95e11adca,7b93b556-7392-4ee7-91fe-7ca6c4ef1642,->,313d1fcf-fdf6-4e4e-85aa-8fcea532cc34,javax/swing/GroupLayout$SequentialGroup.java,addComponent
313d1fcf-fdf6-4e4e-85aa-8fcea532cc34,0707f5cf-683f-4642-b7bb-1bd95e11adca,7b93b556-7392-4ee7-91fe-7ca6c4ef1642,->,313d1fcf-fdf6-4e4e-85aa-8fcea532cc34,javax/swing/GroupLayout$SequentialGroup.java,addContainerGap
313d1fcf-fdf6-4e4e-85aa-8fcea532cc34,0707f5cf-683f-4642-b7bb-1bd95e11adca,7b93b556-7392-4ee7-91fe-7ca6c4ef1642,->,313d1fcf-fdf6-4e4e-85aa-8fcea532cc34,javax/swing/GroupLayout$ParallelGroup.java,addGroup
313d1fcf-fdf6-4e4e-85aa-8fcea532cc34,0707f5cf-683f-4642-b7bb-1bd95e11adca,7b93b556-7392-4ee7-91fe-7ca6c4ef1642,->,313d1fcf-fdf6-4e4e-85aa-8fcea532cc34,javax/swing/GroupLayout.java,createSequentialGroup
313d1fcf-fdf6-4e4e-85aa-8fcea532cc34,0707f5cf-683f-4642-b7bb-1bd95e11adca,7b93b556-7392-4ee7-91fe-7ca6c4ef1642,->,313d1fcf-fdf6-4e4e-85aa-8fcea532cc34,javax/swing/GroupLayout$SequentialGroup.java,addContainerGap
313d1fcf-fdf6-4e4e-85aa-8fcea532cc34,0707f5cf-683f-4642-b7bb-1bd95e11adca,7b93b556-7392-4ee7-91fe-7ca6c4ef1642,->,313d1fcf-fdf6-4e4e-85aa-8fcea532cc34,javax/swing/GroupLayout$SequentialGroup.java,addComponent
313d1fcf-fdf6-4e4e-85aa-8fcea532cc34,0707f5cf-683f-4642-b7bb-1bd95e11adca,7b93b556-7392-4ee7-91fe-7ca6c4ef1642,->,313d1fcf-fdf6-4e4e-85aa-8fcea532cc34,javax/swing/GroupLayout$SequentialGroup.java,addContainerGap
313d1fcf-fdf6-4e4e-85aa-8fcea532cc34,0707f5cf-683f-4642-b7bb-1bd95e11adca,7b93b556-7392-4ee7-91fe-7ca6c4ef1642,->,313d1fcf-fdf6-4e4e-85aa-8fcea532cc34,javax/swing/GroupLayout$ParallelGroup.java,addGroup
313d1fcf-fdf6-4e4e-85aa-8fcea532cc34,0707f5cf-683f-4642-b7bb-1bd95e11adca,7b93b556-7392-4ee7-91fe-7ca6c4ef1642,->,313d1fcf-fdf6-4e4e-85aa-8fcea532cc34,javax/swing/GroupLayout.java,setHorizontalGroup
313d1fcf-fdf6-4e4e-85aa-8fcea532cc34,0707f5cf-683f-4642-b7bb-1bd95e11adca,7b93b556-7392-4ee7-91fe-7ca6c4ef1642,->,313d1fcf-fdf6-4e4e-85aa-8fcea532cc34,javax/swing/GroupLayout.java,createParallelGroup
313d1fcf-fdf6-4e4e-85aa-8fcea532cc34,0707f5cf-683f-4642-b7bb-1bd95e11adca,7b93b556-7392-4ee7-91fe-7ca6c4ef1642,->,313d1fcf-fdf6-4e4e-85aa-8fcea532cc34,javax/swing/GroupLayout.java,createSequentialGroup
313d1fcf-fdf6-4e4e-85aa-8fcea532cc34,0707f5cf-683f-4642-b7bb-1bd95e11adca,7b93b556-7392-4ee7-91fe-7ca6c4ef1642,->,313d1fcf-fdf6-4e4e-85aa-8fcea532cc34,javax/swing/GroupLayout$SequentialGroup.java,addContainerGap
313d1fcf-fdf6-4e4e-85aa-8fcea532cc34,0707f5cf-683f-4642-b7bb-1bd95e11adca,7b93b556-7392-4ee7-91fe-7ca6c4ef1642,->,313d1fcf-fdf6-4e4e-85aa-8fcea532cc34,javax/swing/GroupLayout$SequentialGroup.java,addComponent
313d1fcf-fdf6-4e4e-85aa-8fcea532cc34,0707f5cf-683f-4642-b7bb-1bd95e11adca,7b93b556-7392-4ee7-91fe-7ca6c4ef1642,->,313d1fcf-fdf6-4e4e-85aa-8fcea532cc34,javax/swing/GroupLayout$SequentialGroup.java,addPreferredGap
313d1fcf-fdf6-4e4e-85aa-8fcea532cc34,0707f5cf-683f-4642-b7bb-1bd95e11adca,7b93b556-7392-4ee7-91fe-7ca6c4ef1642,->,313d1fcf-fdf6-4e4e-85aa-8fcea532cc34,javax/swing/GroupLayout$SequentialGroup.java,addComponent
313d1fcf-fdf6-4e4e-85aa-8fcea532cc34,0707f5cf-683f-4642-b7bb-1bd95e11adca,7b93b556-7392-4ee7-91fe-7ca6c4ef1642,->,313d1fcf-fdf6-4e4e-85aa-8fcea532cc34,javax/swing/GroupLayout$SequentialGroup.java,addContainerGap
313d1fcf-fdf6-4e4e-85aa-8fcea532cc34,0707f5cf-683f-4642-b7bb-1bd95e11adca,7b93b556-7392-4ee7-91fe-7ca6c4ef1642,->,313d1fcf-fdf6-4e4e-85aa-8fcea532cc34,javax/swing/GroupLayout$ParallelGroup.java,addGroup
313d1fcf-fdf6-4e4e-85aa-8fcea532cc34,0707f5cf-683f-4642-b7bb-1bd95e11adca,7b93b556-7392-4ee7-91fe-7ca6c4ef1642,->,313d1fcf-fdf6-4e4e-85aa-8fcea532cc34,javax/swing/GroupLayout.java,setVerticalGroup
313d1fcf-fdf6-4e4e-85aa-8fcea532cc34,0707f5cf-683f-4642-b7bb-1bd95e11adca,7b93b556-7392-4ee7-91fe-7ca6c4ef1642,->,313d1fcf-fdf6-4e4e-85aa-8fcea532cc34,javax/swing/JPanel.java,setLayout
313d1fcf-fdf6-4e4e-85aa-8fcea532cc34,0707f5cf-683f-4642-b7bb-1bd95e11adca,7b93b556-7392-4ee7-91fe-7ca6c4ef1642,->,313d1fcf-fdf6-4e4e-85aa-8fcea532cc34,javax/swing/GroupLayout.java,createParallelGroup
313d1fcf-fdf6-4e4e-85aa-8fcea532cc34,0707f5cf-683f-4642-b7bb-1bd95e11adca,7b93b556-7392-4ee7-91fe-7ca6c4ef1642,->,313d1fcf-fdf6-4e4e-85aa-8fcea532cc34,javax/swing/GroupLayout.java,createSequentialGroup
313d1fcf-fdf6-4e4e-85aa-8fcea532cc34,0707f5cf-683f-4642-b7bb-1bd95e11adca,7b93b556-7392-4ee7-91fe-7ca6c4ef1642,->,313d1fcf-fdf6-4e4e-85aa-8fcea532cc34,javax/swing/GroupLayout.java,createParallelGroup
313d1fcf-fdf6-4e4e-85aa-8fcea532cc34,0707f5cf-683f-4642-b7bb-1bd95e11adca,7b93b556-7392-4ee7-91fe-7ca6c4ef1642,->,313d1fcf-fdf6-4e4e-85aa-8fcea532cc34,javax/swing/GroupLayout.java,createSequentialGroup
313d1fcf-fdf6-4e4e-85aa-8fcea532cc34,0707f5cf-683f-4642-b7bb-1bd95e11adca,7b93b556-7392-4ee7-91fe-7ca6c4ef1642,->,313d1fcf-fdf6-4e4e-85aa-8fcea532cc34,javax/swing/GroupLayout$SequentialGroup.java,addGap
313d1fcf-fdf6-4e4e-85aa-8fcea532cc34,0707f5cf-683f-4642-b7bb-1bd95e11adca,7b93b556-7392-4ee7-91fe-7ca6c4ef1642,->,313d1fcf-fdf6-4e4e-85aa-8fcea532cc34,javax/swing/GroupLayout$SequentialGroup.java,addComponent
313d1fcf-fdf6-4e4e-85aa-8fcea532cc34,0707f5cf-683f-4642-b7bb-1bd95e11adca,7b93b556-7392-4ee7-91fe-7ca6c4ef1642,->,313d1fcf-fdf6-4e4e-85aa-8fcea532cc34,javax/swing/GroupLayout$SequentialGroup.java,addGap
313d1fcf-fdf6-4e4e-85aa-8fcea532cc34,0707f5cf-683f-4642-b7bb-1bd95e11adca,7b93b556-7392-4ee7-91fe-7ca6c4ef1642,->,313d1fcf-fdf6-4e4e-85aa-8fcea532cc34,javax/swing/GroupLayout$ParallelGroup.java,addGroup
313d1fcf-fdf6-4e4e-85aa-8fcea532cc34,0707f5cf-683f-4642-b7bb-1bd95e11adca,7b93b556-7392-4ee7-91fe-7ca6c4ef1642,->,313d1fcf-fdf6-4e4e-85aa-8fcea532cc34,javax/swing/GroupLayout.java,createSequentialGroup
313d1fcf-fdf6-4e4e-85aa-8fcea532cc34,0707f5cf-683f-4642-b7bb-1bd95e11adca,7b93b556-7392-4ee7-91fe-7ca6c4ef1642,->,313d1fcf-fdf6-4e4e-85aa-8fcea532cc34,javax/swing/GroupLayout.java,createParallelGroup
313d1fcf-fdf6-4e4e-85aa-8fcea532cc34,0707f5cf-683f-4642-b7bb-1bd95e11adca,7b93b556-7392-4ee7-91fe-7ca6c4ef1642,->,313d1fcf-fdf6-4e4e-85aa-8fcea532cc34,javax/swing/GroupLayout.java,createSequentialGroup
313d1fcf-fdf6-4e4e-85aa-8fcea532cc34,0707f5cf-683f-4642-b7bb-1bd95e11adca,7b93b556-7392-4ee7-91fe-7ca6c4ef1642,->,313d1fcf-fdf6-4e4e-85aa-8fcea532cc34,javax/swing/GroupLayout$SequentialGroup.java,addGap
313d1fcf-fdf6-4e4e-85aa-8fcea532cc34,0707f5cf-683f-4642-b7bb-1bd95e11adca,7b93b556-7392-4ee7-91fe-7ca6c4ef1642,->,313d1fcf-fdf6-4e4e-85aa-8fcea532cc34,javax/swing/GroupLayout.java,createParallelGroup
313d1fcf-fdf6-4e4e-85aa-8fcea532cc34,0707f5cf-683f-4642-b7bb-1bd95e11adca,7b93b556-7392-4ee7-91fe-7ca6c4ef1642,->,313d1fcf-fdf6-4e4e-85aa-8fcea532cc34,javax/swing/GroupLayout$ParallelGroup.java,addComponent
313d1fcf-fdf6-4e4e-85aa-8fcea532cc34,0707f5cf-683f-4642-b7bb-1bd95e11adca,7b93b556-7392-4ee7-91fe-7ca6c4ef1642,->,313d1fcf-fdf6-4e4e-85aa-8fcea532cc34,javax/swing/GroupLayout.java,createSequentialGroup
313d1fcf-fdf6-4e4e-85aa-8fcea532cc34,0707f5cf-683f-4642-b7bb-1bd95e11adca,7b93b556-7392-4ee7-91fe-7ca6c4ef1642,->,313d1fcf-fdf6-4e4e-85aa-8fcea532cc34,javax/swing/GroupLayout$SequentialGroup.java,addComponent
313d1fcf-fdf6-4e4e-85aa-8fcea532cc34,0707f5cf-683f-4642-b7bb-1bd95e11adca,7b93b556-7392-4ee7-91fe-7ca6c4ef1642,->,313d1fcf-fdf6-4e4e-85aa-8fcea532cc34,javax/swing/GroupLayout$SequentialGroup.java,addGap
313d1fcf-fdf6-4e4e-85aa-8fcea532cc34,0707f5cf-683f-4642-b7bb-1bd95e11adca,7b93b556-7392-4ee7-91fe-7ca6c4ef1642,->,313d1fcf-fdf6-4e4e-85aa-8fcea532cc34,javax/swing/GroupLayout$SequentialGroup.java,addComponent
313d1fcf-fdf6-4e4e-85aa-8fcea532cc34,0707f5cf-683f-4642-b7bb-1bd95e11adca,7b93b556-7392-4ee7-91fe-7ca6c4ef1642,->,313d1fcf-fdf6-4e4e-85aa-8fcea532cc34,javax/swing/GroupLayout$ParallelGroup.java,addGroup
313d1fcf-fdf6-4e4e-85aa-8fcea532cc34,0707f5cf-683f-4642-b7bb-1bd95e11adca,7b93b556-7392-4ee7-91fe-7ca6c4ef1642,->,313d1fcf-fdf6-4e4e-85aa-8fcea532cc34,javax/swing/GroupLayout$SequentialGroup.java,addGroup
313d1fcf-fdf6-4e4e-85aa-8fcea532cc34,0707f5cf-683f-4642-b7bb-1bd95e11adca,7b93b556-7392-4ee7-91fe-7ca6c4ef1642,->,313d1fcf-fdf6-4e4e-85aa-8fcea532cc34,javax/swing/GroupLayout$ParallelGroup.java,addGroup
313d1fcf-fdf6-4e4e-85aa-8fcea532cc34,0707f5cf-683f-4642-b7bb-1bd95e11adca,7b93b556-7392-4ee7-91fe-7ca6c4ef1642,->,313d1fcf-fdf6-4e4e-85aa-8fcea532cc34,javax/swing/GroupLayout.java,createSequentialGroup
313d1fcf-fdf6-4e4e-85aa-8fcea532cc34,0707f5cf-683f-4642-b7bb-1bd95e11adca,7b93b556-7392-4ee7-91fe-7ca6c4ef1642,->,313d1fcf-fdf6-4e4e-85aa-8fcea532cc34,javax/swing/GroupLayout$SequentialGroup.java,addGap
313d1fcf-fdf6-4e4e-85aa-8fcea532cc34,0707f5cf-683f-4642-b7bb-1bd95e11adca,7b93b556-7392-4ee7-91fe-7ca6c4ef1642,->,313d1fcf-fdf6-4e4e-85aa-8fcea532cc34,javax/swing/GroupLayout$SequentialGroup.java,addComponent
313d1fcf-fdf6-4e4e-85aa-8fcea532cc34,0707f5cf-683f-4642-b7bb-1bd95e11adca,7b93b556-7392-4ee7-91fe-7ca6c4ef1642,->,313d1fcf-fdf6-4e4e-85aa-8fcea532cc34,javax/swing/GroupLayout$ParallelGroup.java,addGroup
313d1fcf-fdf6-4e4e-85aa-8fcea532cc34,0707f5cf-683f-4642-b7bb-1bd95e11adca,7b93b556-7392-4ee7-91fe-7ca6c4ef1642,->,313d1fcf-fdf6-4e4e-85aa-8fcea532cc34,javax/swing/GroupLayout$SequentialGroup.java,addGroup
313d1fcf-fdf6-4e4e-85aa-8fcea532cc34,0707f5cf-683f-4642-b7bb-1bd95e11adca,7b93b556-7392-4ee7-91fe-7ca6c4ef1642,->,313d1fcf-fdf6-4e4e-85aa-8fcea532cc34,javax/swing/GroupLayout.java,createParallelGroup
313d1fcf-fdf6-4e4e-85aa-8fcea532cc34,0707f5cf-683f-4642-b7bb-1bd95e11adca,7b93b556-7392-4ee7-91fe-7ca6c4ef1642,->,313d1fcf-fdf6-4e4e-85aa-8fcea532cc34,javax/swing/GroupLayout.java,createSequentialGroup
313d1fcf-fdf6-4e4e-85aa-8fcea532cc34,0707f5cf-683f-4642-b7bb-1bd95e11adca,7b93b556-7392-4ee7-91fe-7ca6c4ef1642,->,313d1fcf-fdf6-4e4e-85aa-8fcea532cc34,javax/swing/GroupLayout$SequentialGroup.java,addPreferredGap
313d1fcf-fdf6-4e4e-85aa-8fcea532cc34,0707f5cf-683f-4642-b7bb-1bd95e11adca,7b93b556-7392-4ee7-91fe-7ca6c4ef1642,->,313d1fcf-fdf6-4e4e-85aa-8fcea532cc34,javax/swing/GroupLayout$SequentialGroup.java,addComponent
313d1fcf-fdf6-4e4e-85aa-8fcea532cc34,0707f5cf-683f-4642-b7bb-1bd95e11adca,7b93b556-7392-4ee7-91fe-7ca6c4ef1642,->,313d1fcf-fdf6-4e4e-85aa-8fcea532cc34,javax/swing/GroupLayout$SequentialGroup.java,addGap
313d1fcf-fdf6-4e4e-85aa-8fcea532cc34,0707f5cf-683f-4642-b7bb-1bd95e11adca,7b93b556-7392-4ee7-91fe-7ca6c4ef1642,->,313d1fcf-fdf6-4e4e-85aa-8fcea532cc34,javax/swing/GroupLayout$ParallelGroup.java,addGroup
313d1fcf-fdf6-4e4e-85aa-8fcea532cc34,0707f5cf-683f-4642-b7bb-1bd95e11adca,7b93b556-7392-4ee7-91fe-7ca6c4ef1642,->,313d1fcf-fdf6-4e4e-85aa-8fcea532cc34,javax/swing/GroupLayout.java,createSequentialGroup
313d1fcf-fdf6-4e4e-85aa-8fcea532cc34,0707f5cf-683f-4642-b7bb-1bd95e11adca,7b93b556-7392-4ee7-91fe-7ca6c4ef1642,->,313d1fcf-fdf6-4e4e-85aa-8fcea532cc34,javax/swing/GroupLayout$SequentialGroup.java,addPreferredGap
313d1fcf-fdf6-4e4e-85aa-8fcea532cc34,0707f5cf-683f-4642-b7bb-1bd95e11adca,7b93b556-7392-4ee7-91fe-7ca6c4ef1642,->,313d1fcf-fdf6-4e4e-85aa-8fcea532cc34,javax/swing/GroupLayout.java,createParallelGroup
313d1fcf-fdf6-4e4e-85aa-8fcea532cc34,0707f5cf-683f-4642-b7bb-1bd95e11adca,7b93b556-7392-4ee7-91fe-7ca6c4ef1642,->,313d1fcf-fdf6-4e4e-85aa-8fcea532cc34,javax/swing/GroupLayout.java,createSequentialGroup
313d1fcf-fdf6-4e4e-85aa-8fcea532cc34,0707f5cf-683f-4642-b7bb-1bd95e11adca,7b93b556-7392-4ee7-91fe-7ca6c4ef1642,->,313d1fcf-fdf6-4e4e-85aa-8fcea532cc34,javax/swing/GroupLayout$SequentialGroup.java,addComponent
313d1fcf-fdf6-4e4e-85aa-8fcea532cc34,0707f5cf-683f-4642-b7bb-1bd95e11adca,7b93b556-7392-4ee7-91fe-7ca6c4ef1642,->,313d1fcf-fdf6-4e4e-85aa-8fcea532cc34,javax/swing/GroupLayout$SequentialGroup.java,addPreferredGap
313d1fcf-fdf6-4e4e-85aa-8fcea532cc34,0707f5cf-683f-4642-b7bb-1bd95e11adca,7b93b556-7392-4ee7-91fe-7ca6c4ef1642,->,313d1fcf-fdf6-4e4e-85aa-8fcea532cc34,javax/swing/GroupLayout$SequentialGroup.java,addComponent
313d1fcf-fdf6-4e4e-85aa-8fcea532cc34,0707f5cf-683f-4642-b7bb-1bd95e11adca,7b93b556-7392-4ee7-91fe-7ca6c4ef1642,->,313d1fcf-fdf6-4e4e-85aa-8fcea532cc34,javax/swing/GroupLayout$ParallelGroup.java,addGroup
313d1fcf-fdf6-4e4e-85aa-8fcea532cc34,0707f5cf-683f-4642-b7bb-1bd95e11adca,7b93b556-7392-4ee7-91fe-7ca6c4ef1642,->,313d1fcf-fdf6-4e4e-85aa-8fcea532cc34,javax/swing/GroupLayout.java,createSequentialGroup
313d1fcf-fdf6-4e4e-85aa-8fcea532cc34,0707f5cf-683f-4642-b7bb-1bd95e11adca,7b93b556-7392-4ee7-91fe-7ca6c4ef1642,->,313d1fcf-fdf6-4e4e-85aa-8fcea532cc34,javax/swing/GroupLayout$SequentialGroup.java,addComponent
313d1fcf-fdf6-4e4e-85aa-8fcea532cc34,0707f5cf-683f-4642-b7bb-1bd95e11adca,7b93b556-7392-4ee7-91fe-7ca6c4ef1642,->,313d1fcf-fdf6-4e4e-85aa-8fcea532cc34,javax/swing/GroupLayout$SequentialGroup.java,addPreferredGap
313d1fcf-fdf6-4e4e-85aa-8fcea532cc34,0707f5cf-683f-4642-b7bb-1bd95e11adca,7b93b556-7392-4ee7-91fe-7ca6c4ef1642,->,313d1fcf-fdf6-4e4e-85aa-8fcea532cc34,javax/swing/GroupLayout$SequentialGroup.java,addComponent
313d1fcf-fdf6-4e4e-85aa-8fcea532cc34,0707f5cf-683f-4642-b7bb-1bd95e11adca,7b93b556-7392-4ee7-91fe-7ca6c4ef1642,->,313d1fcf-fdf6-4e4e-85aa-8fcea532cc34,javax/swing/GroupLayout$ParallelGroup.java,addGroup
313d1fcf-fdf6-4e4e-85aa-8fcea532cc34,0707f5cf-683f-4642-b7bb-1bd95e11adca,7b93b556-7392-4ee7-91fe-7ca6c4ef1642,->,313d1fcf-fdf6-4e4e-85aa-8fcea532cc34,javax/swing/GroupLayout.java,createSequentialGroup
313d1fcf-fdf6-4e4e-85aa-8fcea532cc34,0707f5cf-683f-4642-b7bb-1bd95e11adca,7b93b556-7392-4ee7-91fe-7ca6c4ef1642,->,313d1fcf-fdf6-4e4e-85aa-8fcea532cc34,javax/swing/GroupLayout$SequentialGroup.java,addComponent
313d1fcf-fdf6-4e4e-85aa-8fcea532cc34,0707f5cf-683f-4642-b7bb-1bd95e11adca,7b93b556-7392-4ee7-91fe-7ca6c4ef1642,->,313d1fcf-fdf6-4e4e-85aa-8fcea532cc34,javax/swing/GroupLayout$SequentialGroup.java,addPreferredGap
313d1fcf-fdf6-4e4e-85aa-8fcea532cc34,0707f5cf-683f-4642-b7bb-1bd95e11adca,7b93b556-7392-4ee7-91fe-7ca6c4ef1642,->,313d1fcf-fdf6-4e4e-85aa-8fcea532cc34,javax/swing/GroupLayout$SequentialGroup.java,addComponent
313d1fcf-fdf6-4e4e-85aa-8fcea532cc34,0707f5cf-683f-4642-b7bb-1bd95e11adca,7b93b556-7392-4ee7-91fe-7ca6c4ef1642,->,313d1fcf-fdf6-4e4e-85aa-8fcea532cc34,javax/swing/GroupLayout$ParallelGroup.java,addGroup
313d1fcf-fdf6-4e4e-85aa-8fcea532cc34,0707f5cf-683f-4642-b7bb-1bd95e11adca,7b93b556-7392-4ee7-91fe-7ca6c4ef1642,->,313d1fcf-fdf6-4e4e-85aa-8fcea532cc34,javax/swing/GroupLayout$ParallelGroup.java,addComponent
313d1fcf-fdf6-4e4e-85aa-8fcea532cc34,0707f5cf-683f-4642-b7bb-1bd95e11adca,7b93b556-7392-4ee7-91fe-7ca6c4ef1642,->,313d1fcf-fdf6-4e4e-85aa-8fcea532cc34,javax/swing/GroupLayout$ParallelGroup.java,addComponent
313d1fcf-fdf6-4e4e-85aa-8fcea532cc34,0707f5cf-683f-4642-b7bb-1bd95e11adca,7b93b556-7392-4ee7-91fe-7ca6c4ef1642,->,313d1fcf-fdf6-4e4e-85aa-8fcea532cc34,javax/swing/GroupLayout$SequentialGroup.java,addGroup
313d1fcf-fdf6-4e4e-85aa-8fcea532cc34,0707f5cf-683f-4642-b7bb-1bd95e11adca,7b93b556-7392-4ee7-91fe-7ca6c4ef1642,->,313d1fcf-fdf6-4e4e-85aa-8fcea532cc34,javax/swing/GroupLayout$ParallelGroup.java,addGroup
313d1fcf-fdf6-4e4e-85aa-8fcea532cc34,0707f5cf-683f-4642-b7bb-1bd95e11adca,7b93b556-7392-4ee7-91fe-7ca6c4ef1642,->,313d1fcf-fdf6-4e4e-85aa-8fcea532cc34,javax/swing/GroupLayout$SequentialGroup.java,addGroup
313d1fcf-fdf6-4e4e-85aa-8fcea532cc34,0707f5cf-683f-4642-b7bb-1bd95e11adca,7b93b556-7392-4ee7-91fe-7ca6c4ef1642,->,313d1fcf-fdf6-4e4e-85aa-8fcea532cc34,javax/swing/GroupLayout$ParallelGroup.java,addGroup
313d1fcf-fdf6-4e4e-85aa-8fcea532cc34,0707f5cf-683f-4642-b7bb-1bd95e11adca,7b93b556-7392-4ee7-91fe-7ca6c4ef1642,->,313d1fcf-fdf6-4e4e-85aa-8fcea532cc34,javax/swing/GroupLayout.java,createSequentialGroup
313d1fcf-fdf6-4e4e-85aa-8fcea532cc34,0707f5cf-683f-4642-b7bb-1bd95e11adca,7b93b556-7392-4ee7-91fe-7ca6c4ef1642,->,313d1fcf-fdf6-4e4e-85aa-8fcea532cc34,javax/swing/GroupLayout$SequentialGroup.java,addGap
313d1fcf-fdf6-4e4e-85aa-8fcea532cc34,0707f5cf-683f-4642-b7bb-1bd95e11adca,7b93b556-7392-4ee7-91fe-7ca6c4ef1642,->,313d1fcf-fdf6-4e4e-85aa-8fcea532cc34,javax/swing/GroupLayout.java,createParallelGroup
313d1fcf-fdf6-4e4e-85aa-8fcea532cc34,0707f5cf-683f-4642-b7bb-1bd95e11adca,7b93b556-7392-4ee7-91fe-7ca6c4ef1642,->,313d1fcf-fdf6-4e4e-85aa-8fcea532cc34,javax/swing/GroupLayout$ParallelGroup.java,addComponent
313d1fcf-fdf6-4e4e-85aa-8fcea532cc34,0707f5cf-683f-4642-b7bb-1bd95e11adca,7b93b556-7392-4ee7-91fe-7ca6c4ef1642,->,313d1fcf-fdf6-4e4e-85aa-8fcea532cc34,javax/swing/GroupLayout$ParallelGroup.java,addComponent
313d1fcf-fdf6-4e4e-85aa-8fcea532cc34,0707f5cf-683f-4642-b7bb-1bd95e11adca,7b93b556-7392-4ee7-91fe-7ca6c4ef1642,->,313d1fcf-fdf6-4e4e-85aa-8fcea532cc34,javax/swing/GroupLayout$SequentialGroup.java,addGroup
313d1fcf-fdf6-4e4e-85aa-8fcea532cc34,0707f5cf-683f-4642-b7bb-1bd95e11adca,7b93b556-7392-4ee7-91fe-7ca6c4ef1642,->,313d1fcf-fdf6-4e4e-85aa-8fcea532cc34,javax/swing/GroupLayout.java,createParallelGroup
313d1fcf-fdf6-4e4e-85aa-8fcea532cc34,0707f5cf-683f-4642-b7bb-1bd95e11adca,7b93b556-7392-4ee7-91fe-7ca6c4ef1642,->,313d1fcf-fdf6-4e4e-85aa-8fcea532cc34,javax/swing/GroupLayout.java,createSequentialGroup
313d1fcf-fdf6-4e4e-85aa-8fcea532cc34,0707f5cf-683f-4642-b7bb-1bd95e11adca,7b93b556-7392-4ee7-91fe-7ca6c4ef1642,->,313d1fcf-fdf6-4e4e-85aa-8fcea532cc34,javax/swing/GroupLayout$SequentialGroup.java,addGap
313d1fcf-fdf6-4e4e-85aa-8fcea532cc34,0707f5cf-683f-4642-b7bb-1bd95e11adca,7b93b556-7392-4ee7-91fe-7ca6c4ef1642,->,313d1fcf-fdf6-4e4e-85aa-8fcea532cc34,javax/swing/GroupLayout.java,createParallelGroup
313d1fcf-fdf6-4e4e-85aa-8fcea532cc34,0707f5cf-683f-4642-b7bb-1bd95e11adca,7b93b556-7392-4ee7-91fe-7ca6c4ef1642,->,313d1fcf-fdf6-4e4e-85aa-8fcea532cc34,javax/swing/GroupLayout.java,createSequentialGroup
313d1fcf-fdf6-4e4e-85aa-8fcea532cc34,0707f5cf-683f-4642-b7bb-1bd95e11adca,7b93b556-7392-4ee7-91fe-7ca6c4ef1642,->,313d1fcf-fdf6-4e4e-85aa-8fcea532cc34,javax/swing/GroupLayout$SequentialGroup.java,addComponent
313d1fcf-fdf6-4e4e-85aa-8fcea532cc34,0707f5cf-683f-4642-b7bb-1bd95e11adca,7b93b556-7392-4ee7-91fe-7ca6c4ef1642,->,313d1fcf-fdf6-4e4e-85aa-8fcea532cc34,javax/swing/GroupLayout$SequentialGroup.java,addPreferredGap
313d1fcf-fdf6-4e4e-85aa-8fcea532cc34,0707f5cf-683f-4642-b7bb-1bd95e11adca,7b93b556-7392-4ee7-91fe-7ca6c4ef1642,->,313d1fcf-fdf6-4e4e-85aa-8fcea532cc34,javax/swing/GroupLayout$SequentialGroup.java,addComponent
313d1fcf-fdf6-4e4e-85aa-8fcea532cc34,0707f5cf-683f-4642-b7bb-1bd95e11adca,7b93b556-7392-4ee7-91fe-7ca6c4ef1642,->,313d1fcf-fdf6-4e4e-85aa-8fcea532cc34,javax/swing/GroupLayout$ParallelGroup.java,addGroup
313d1fcf-fdf6-4e4e-85aa-8fcea532cc34,0707f5cf-683f-4642-b7bb-1bd95e11adca,7b93b556-7392-4ee7-91fe-7ca6c4ef1642,->,313d1fcf-fdf6-4e4e-85aa-8fcea532cc34,javax/swing/GroupLayout.java,createSequentialGroup
313d1fcf-fdf6-4e4e-85aa-8fcea532cc34,0707f5cf-683f-4642-b7bb-1bd95e11adca,7b93b556-7392-4ee7-91fe-7ca6c4ef1642,->,313d1fcf-fdf6-4e4e-85aa-8fcea532cc34,javax/swing/GroupLayout$SequentialGroup.java,addComponent
313d1fcf-fdf6-4e4e-85aa-8fcea532cc34,0707f5cf-683f-4642-b7bb-1bd95e11adca,7b93b556-7392-4ee7-91fe-7ca6c4ef1642,->,313d1fcf-fdf6-4e4e-85aa-8fcea532cc34,javax/swing/GroupLayout$SequentialGroup.java,addPreferredGap
313d1fcf-fdf6-4e4e-85aa-8fcea532cc34,0707f5cf-683f-4642-b7bb-1bd95e11adca,7b93b556-7392-4ee7-91fe-7ca6c4ef1642,->,313d1fcf-fdf6-4e4e-85aa-8fcea532cc34,javax/swing/GroupLayout$SequentialGroup.java,addComponent
313d1fcf-fdf6-4e4e-85aa-8fcea532cc34,0707f5cf-683f-4642-b7bb-1bd95e11adca,7b93b556-7392-4ee7-91fe-7ca6c4ef1642,->,313d1fcf-fdf6-4e4e-85aa-8fcea532cc34,javax/swing/GroupLayout$SequentialGroup.java,addGap
313d1fcf-fdf6-4e4e-85aa-8fcea532cc34,0707f5cf-683f-4642-b7bb-1bd95e11adca,7b93b556-7392-4ee7-91fe-7ca6c4ef1642,->,313d1fcf-fdf6-4e4e-85aa-8fcea532cc34,javax/swing/GroupLayout$ParallelGroup.java,addGroup
313d1fcf-fdf6-4e4e-85aa-8fcea532cc34,0707f5cf-683f-4642-b7bb-1bd95e11adca,7b93b556-7392-4ee7-91fe-7ca6c4ef1642,->,313d1fcf-fdf6-4e4e-85aa-8fcea532cc34,javax/swing/GroupLayout.java,createSequentialGroup
313d1fcf-fdf6-4e4e-85aa-8fcea532cc34,0707f5cf-683f-4642-b7bb-1bd95e11adca,7b93b556-7392-4ee7-91fe-7ca6c4ef1642,->,313d1fcf-fdf6-4e4e-85aa-8fcea532cc34,javax/swing/GroupLayout$SequentialGroup.java,addComponent
313d1fcf-fdf6-4e4e-85aa-8fcea532cc34,0707f5cf-683f-4642-b7bb-1bd95e11adca,7b93b556-7392-4ee7-91fe-7ca6c4ef1642,->,313d1fcf-fdf6-4e4e-85aa-8fcea532cc34,javax/swing/GroupLayout$SequentialGroup.java,addPreferredGap
313d1fcf-fdf6-4e4e-85aa-8fcea532cc34,0707f5cf-683f-4642-b7bb-1bd95e11adca,7b93b556-7392-4ee7-91fe-7ca6c4ef1642,->,313d1fcf-fdf6-4e4e-85aa-8fcea532cc34,javax/swing/GroupLayout$SequentialGroup.java,addComponent
313d1fcf-fdf6-4e4e-85aa-8fcea532cc34,0707f5cf-683f-4642-b7bb-1bd95e11adca,7b93b556-7392-4ee7-91fe-7ca6c4ef1642,->,313d1fcf-fdf6-4e4e-85aa-8fcea532cc34,javax/swing/GroupLayout$ParallelGroup.java,addGroup
313d1fcf-fdf6-4e4e-85aa-8fcea532cc34,0707f5cf-683f-4642-b7bb-1bd95e11adca,7b93b556-7392-4ee7-91fe-7ca6c4ef1642,->,313d1fcf-fdf6-4e4e-85aa-8fcea532cc34,javax/swing/GroupLayout.java,createSequentialGroup
313d1fcf-fdf6-4e4e-85aa-8fcea532cc34,0707f5cf-683f-4642-b7bb-1bd95e11adca,7b93b556-7392-4ee7-91fe-7ca6c4ef1642,->,313d1fcf-fdf6-4e4e-85aa-8fcea532cc34,javax/swing/GroupLayout$SequentialGroup.java,addComponent
313d1fcf-fdf6-4e4e-85aa-8fcea532cc34,0707f5cf-683f-4642-b7bb-1bd95e11adca,7b93b556-7392-4ee7-91fe-7ca6c4ef1642,->,313d1fcf-fdf6-4e4e-85aa-8fcea532cc34,javax/swing/GroupLayout$SequentialGroup.java,addPreferredGap
313d1fcf-fdf6-4e4e-85aa-8fcea532cc34,0707f5cf-683f-4642-b7bb-1bd95e11adca,7b93b556-7392-4ee7-91fe-7ca6c4ef1642,->,313d1fcf-fdf6-4e4e-85aa-8fcea532cc34,javax/swing/GroupLayout$SequentialGroup.java,addComponent
313d1fcf-fdf6-4e4e-85aa-8fcea532cc34,0707f5cf-683f-4642-b7bb-1bd95e11adca,7b93b556-7392-4ee7-91fe-7ca6c4ef1642,->,313d1fcf-fdf6-4e4e-85aa-8fcea532cc34,javax/swing/GroupLayout$ParallelGroup.java,addGroup
313d1fcf-fdf6-4e4e-85aa-8fcea532cc34,0707f5cf-683f-4642-b7bb-1bd95e11adca,7b93b556-7392-4ee7-91fe-7ca6c4ef1642,->,313d1fcf-fdf6-4e4e-85aa-8fcea532cc34,javax/swing/GroupLayout.java,createSequentialGroup
313d1fcf-fdf6-4e4e-85aa-8fcea532cc34,0707f5cf-683f-4642-b7bb-1bd95e11adca,7b93b556-7392-4ee7-91fe-7ca6c4ef1642,->,313d1fcf-fdf6-4e4e-85aa-8fcea532cc34,javax/swing/GroupLayout$SequentialGroup.java,addComponent
313d1fcf-fdf6-4e4e-85aa-8fcea532cc34,0707f5cf-683f-4642-b7bb-1bd95e11adca,7b93b556-7392-4ee7-91fe-7ca6c4ef1642,->,313d1fcf-fdf6-4e4e-85aa-8fcea532cc34,javax/swing/GroupLayout$SequentialGroup.java,addPreferredGap
313d1fcf-fdf6-4e4e-85aa-8fcea532cc34,0707f5cf-683f-4642-b7bb-1bd95e11adca,7b93b556-7392-4ee7-91fe-7ca6c4ef1642,->,313d1fcf-fdf6-4e4e-85aa-8fcea532cc34,javax/swing/GroupLayout$SequentialGroup.java,addComponent
313d1fcf-fdf6-4e4e-85aa-8fcea532cc34,0707f5cf-683f-4642-b7bb-1bd95e11adca,7b93b556-7392-4ee7-91fe-7ca6c4ef1642,->,313d1fcf-fdf6-4e4e-85aa-8fcea532cc34,javax/swing/GroupLayout$ParallelGroup.java,addGroup
313d1fcf-fdf6-4e4e-85aa-8fcea532cc34,0707f5cf-683f-4642-b7bb-1bd95e11adca,7b93b556-7392-4ee7-91fe-7ca6c4ef1642,->,313d1fcf-fdf6-4e4e-85aa-8fcea532cc34,javax/swing/GroupLayout$SequentialGroup.java,addGroup
313d1fcf-fdf6-4e4e-85aa-8fcea532cc34,0707f5cf-683f-4642-b7bb-1bd95e11adca,7b93b556-7392-4ee7-91fe-7ca6c4ef1642,->,313d1fcf-fdf6-4e4e-85aa-8fcea532cc34,javax/swing/GroupLayout$ParallelGroup.java,addGroup
313d1fcf-fdf6-4e4e-85aa-8fcea532cc34,0707f5cf-683f-4642-b7bb-1bd95e11adca,7b93b556-7392-4ee7-91fe-7ca6c4ef1642,->,313d1fcf-fdf6-4e4e-85aa-8fcea532cc34,javax/swing/GroupLayout.java,createSequentialGroup
313d1fcf-fdf6-4e4e-85aa-8fcea532cc34,0707f5cf-683f-4642-b7bb-1bd95e11adca,7b93b556-7392-4ee7-91fe-7ca6c4ef1642,->,313d1fcf-fdf6-4e4e-85aa-8fcea532cc34,javax/swing/GroupLayout$SequentialGroup.java,addPreferredGap
313d1fcf-fdf6-4e4e-85aa-8fcea532cc34,0707f5cf-683f-4642-b7bb-1bd95e11adca,7b93b556-7392-4ee7-91fe-7ca6c4ef1642,->,313d1fcf-fdf6-4e4e-85aa-8fcea532cc34,javax/swing/GroupLayout$SequentialGroup.java,addComponent
313d1fcf-fdf6-4e4e-85aa-8fcea532cc34,0707f5cf-683f-4642-b7bb-1bd95e11adca,7b93b556-7392-4ee7-91fe-7ca6c4ef1642,->,313d1fcf-fdf6-4e4e-85aa-8fcea532cc34,javax/swing/GroupLayout$SequentialGroup.java,addGap
313d1fcf-fdf6-4e4e-85aa-8fcea532cc34,0707f5cf-683f-4642-b7bb-1bd95e11adca,7b93b556-7392-4ee7-91fe-7ca6c4ef1642,->,313d1fcf-fdf6-4e4e-85aa-8fcea532cc34,javax/swing/GroupLayout$ParallelGroup.java,addGroup
313d1fcf-fdf6-4e4e-85aa-8fcea532cc34,0707f5cf-683f-4642-b7bb-1bd95e11adca,7b93b556-7392-4ee7-91fe-7ca6c4ef1642,->,313d1fcf-fdf6-4e4e-85aa-8fcea532cc34,javax/swing/GroupLayout$SequentialGroup.java,addGroup
313d1fcf-fdf6-4e4e-85aa-8fcea532cc34,0707f5cf-683f-4642-b7bb-1bd95e11adca,7b93b556-7392-4ee7-91fe-7ca6c4ef1642,->,313d1fcf-fdf6-4e4e-85aa-8fcea532cc34,javax/swing/GroupLayout$ParallelGroup.java,addGroup
313d1fcf-fdf6-4e4e-85aa-8fcea532cc34,0707f5cf-683f-4642-b7bb-1bd95e11adca,7b93b556-7392-4ee7-91fe-7ca6c4ef1642,->,313d1fcf-fdf6-4e4e-85aa-8fcea532cc34,javax/swing/GroupLayout$SequentialGroup.java,addGroup
313d1fcf-fdf6-4e4e-85aa-8fcea532cc34,0707f5cf-683f-4642-b7bb-1bd95e11adca,7b93b556-7392-4ee7-91fe-7ca6c4ef1642,->,313d1fcf-fdf6-4e4e-85aa-8fcea532cc34,javax/swing/GroupLayout$SequentialGroup.java,addContainerGap
313d1fcf-fdf6-4e4e-85aa-8fcea532cc34,0707f5cf-683f-4642-b7bb-1bd95e11adca,7b93b556-7392-4ee7-91fe-7ca6c4ef1642,->,313d1fcf-fdf6-4e4e-85aa-8fcea532cc34,javax/swing/GroupLayout$ParallelGroup.java,addGroup
313d1fcf-fdf6-4e4e-85aa-8fcea532cc34,0707f5cf-683f-4642-b7bb-1bd95e11adca,7b93b556-7392-4ee7-91fe-7ca6c4ef1642,->,313d1fcf-fdf6-4e4e-85aa-8fcea532cc34,javax/swing/GroupLayout.java,createSequentialGroup
313d1fcf-fdf6-4e4e-85aa-8fcea532cc34,0707f5cf-683f-4642-b7bb-1bd95e11adca,7b93b556-7392-4ee7-91fe-7ca6c4ef1642,->,313d1fcf-fdf6-4e4e-85aa-8fcea532cc34,javax/swing/GroupLayout$SequentialGroup.java,addGap
313d1fcf-fdf6-4e4e-85aa-8fcea532cc34,0707f5cf-683f-4642-b7bb-1bd95e11adca,7b93b556-7392-4ee7-91fe-7ca6c4ef1642,->,313d1fcf-fdf6-4e4e-85aa-8fcea532cc34,javax/swing/GroupLayout$SequentialGroup.java,addComponent
313d1fcf-fdf6-4e4e-85aa-8fcea532cc34,0707f5cf-683f-4642-b7bb-1bd95e11adca,7b93b556-7392-4ee7-91fe-7ca6c4ef1642,->,313d1fcf-fdf6-4e4e-85aa-8fcea532cc34,javax/swing/GroupLayout$SequentialGroup.java,addGap
313d1fcf-fdf6-4e4e-85aa-8fcea532cc34,0707f5cf-683f-4642-b7bb-1bd95e11adca,7b93b556-7392-4ee7-91fe-7ca6c4ef1642,->,313d1fcf-fdf6-4e4e-85aa-8fcea532cc34,javax/swing/GroupLayout$ParallelGroup.java,addGroup
313d1fcf-fdf6-4e4e-85aa-8fcea532cc34,0707f5cf-683f-4642-b7bb-1bd95e11adca,7b93b556-7392-4ee7-91fe-7ca6c4ef1642,->,313d1fcf-fdf6-4e4e-85aa-8fcea532cc34,javax/swing/GroupLayout.java,createSequentialGroup
313d1fcf-fdf6-4e4e-85aa-8fcea532cc34,0707f5cf-683f-4642-b7bb-1bd95e11adca,7b93b556-7392-4ee7-91fe-7ca6c4ef1642,->,313d1fcf-fdf6-4e4e-85aa-8fcea532cc34,javax/swing/GroupLayout$SequentialGroup.java,addGap
313d1fcf-fdf6-4e4e-85aa-8fcea532cc34,0707f5cf-683f-4642-b7bb-1bd95e11adca,7b93b556-7392-4ee7-91fe-7ca6c4ef1642,->,313d1fcf-fdf6-4e4e-85aa-8fcea532cc34,javax/swing/GroupLayout$SequentialGroup.java,addComponent
313d1fcf-fdf6-4e4e-85aa-8fcea532cc34,0707f5cf-683f-4642-b7bb-1bd95e11adca,7b93b556-7392-4ee7-91fe-7ca6c4ef1642,->,313d1fcf-fdf6-4e4e-85aa-8fcea532cc34,javax/swing/GroupLayout$SequentialGroup.java,addContainerGap
313d1fcf-fdf6-4e4e-85aa-8fcea532cc34,0707f5cf-683f-4642-b7bb-1bd95e11adca,7b93b556-7392-4ee7-91fe-7ca6c4ef1642,->,313d1fcf-fdf6-4e4e-85aa-8fcea532cc34,javax/swing/GroupLayout$ParallelGroup.java,addGroup
313d1fcf-fdf6-4e4e-85aa-8fcea532cc34,0707f5cf-683f-4642-b7bb-1bd95e11adca,7b93b556-7392-4ee7-91fe-7ca6c4ef1642,->,313d1fcf-fdf6-4e4e-85aa-8fcea532cc34,javax/swing/GroupLayout.java,setHorizontalGroup
313d1fcf-fdf6-4e4e-85aa-8fcea532cc34,0707f5cf-683f-4642-b7bb-1bd95e11adca,7b93b556-7392-4ee7-91fe-7ca6c4ef1642,->,313d1fcf-fdf6-4e4e-85aa-8fcea532cc34,javax/swing/GroupLayout.java,createParallelGroup
313d1fcf-fdf6-4e4e-85aa-8fcea532cc34,0707f5cf-683f-4642-b7bb-1bd95e11adca,7b93b556-7392-4ee7-91fe-7ca6c4ef1642,->,313d1fcf-fdf6-4e4e-85aa-8fcea532cc34,javax/swing/GroupLayout.java,createSequentialGroup
313d1fcf-fdf6-4e4e-85aa-8fcea532cc34,0707f5cf-683f-4642-b7bb-1bd95e11adca,7b93b556-7392-4ee7-91fe-7ca6c4ef1642,->,313d1fcf-fdf6-4e4e-85aa-8fcea532cc34,javax/swing/GroupLayout$SequentialGroup.java,addContainerGap
313d1fcf-fdf6-4e4e-85aa-8fcea532cc34,0707f5cf-683f-4642-b7bb-1bd95e11adca,7b93b556-7392-4ee7-91fe-7ca6c4ef1642,->,313d1fcf-fdf6-4e4e-85aa-8fcea532cc34,javax/swing/GroupLayout.java,createParallelGroup
313d1fcf-fdf6-4e4e-85aa-8fcea532cc34,0707f5cf-683f-4642-b7bb-1bd95e11adca,7b93b556-7392-4ee7-91fe-7ca6c4ef1642,->,313d1fcf-fdf6-4e4e-85aa-8fcea532cc34,javax/swing/GroupLayout.java,createSequentialGroup
313d1fcf-fdf6-4e4e-85aa-8fcea532cc34,0707f5cf-683f-4642-b7bb-1bd95e11adca,7b93b556-7392-4ee7-91fe-7ca6c4ef1642,->,313d1fcf-fdf6-4e4e-85aa-8fcea532cc34,javax/swing/GroupLayout.java,createParallelGroup
313d1fcf-fdf6-4e4e-85aa-8fcea532cc34,0707f5cf-683f-4642-b7bb-1bd95e11adca,7b93b556-7392-4ee7-91fe-7ca6c4ef1642,->,313d1fcf-fdf6-4e4e-85aa-8fcea532cc34,javax/swing/GroupLayout$ParallelGroup.java,addComponent
313d1fcf-fdf6-4e4e-85aa-8fcea532cc34,0707f5cf-683f-4642-b7bb-1bd95e11adca,7b93b556-7392-4ee7-91fe-7ca6c4ef1642,->,313d1fcf-fdf6-4e4e-85aa-8fcea532cc34,javax/swing/GroupLayout$ParallelGroup.java,addComponent
313d1fcf-fdf6-4e4e-85aa-8fcea532cc34,0707f5cf-683f-4642-b7bb-1bd95e11adca,7b93b556-7392-4ee7-91fe-7ca6c4ef1642,->,313d1fcf-fdf6-4e4e-85aa-8fcea532cc34,javax/swing/GroupLayout$SequentialGroup.java,addGroup
313d1fcf-fdf6-4e4e-85aa-8fcea532cc34,0707f5cf-683f-4642-b7bb-1bd95e11adca,7b93b556-7392-4ee7-91fe-7ca6c4ef1642,->,313d1fcf-fdf6-4e4e-85aa-8fcea532cc34,javax/swing/GroupLayout$SequentialGroup.java,addGap
313d1fcf-fdf6-4e4e-85aa-8fcea532cc34,0707f5cf-683f-4642-b7bb-1bd95e11adca,7b93b556-7392-4ee7-91fe-7ca6c4ef1642,->,313d1fcf-fdf6-4e4e-85aa-8fcea532cc34,javax/swing/GroupLayout$SequentialGroup.java,addComponent
313d1fcf-fdf6-4e4e-85aa-8fcea532cc34,0707f5cf-683f-4642-b7bb-1bd95e11adca,7b93b556-7392-4ee7-91fe-7ca6c4ef1642,->,313d1fcf-fdf6-4e4e-85aa-8fcea532cc34,javax/swing/GroupLayout$SequentialGroup.java,addGap
313d1fcf-fdf6-4e4e-85aa-8fcea532cc34,0707f5cf-683f-4642-b7bb-1bd95e11adca,7b93b556-7392-4ee7-91fe-7ca6c4ef1642,->,313d1fcf-fdf6-4e4e-85aa-8fcea532cc34,javax/swing/GroupLayout$SequentialGroup.java,addComponent
313d1fcf-fdf6-4e4e-85aa-8fcea532cc34,0707f5cf-683f-4642-b7bb-1bd95e11adca,7b93b556-7392-4ee7-91fe-7ca6c4ef1642,->,313d1fcf-fdf6-4e4e-85aa-8fcea532cc34,javax/swing/GroupLayout$SequentialGroup.java,addGap
313d1fcf-fdf6-4e4e-85aa-8fcea532cc34,0707f5cf-683f-4642-b7bb-1bd95e11adca,7b93b556-7392-4ee7-91fe-7ca6c4ef1642,->,313d1fcf-fdf6-4e4e-85aa-8fcea532cc34,javax/swing/GroupLayout$SequentialGroup.java,addComponent
313d1fcf-fdf6-4e4e-85aa-8fcea532cc34,0707f5cf-683f-4642-b7bb-1bd95e11adca,7b93b556-7392-4ee7-91fe-7ca6c4ef1642,->,313d1fcf-fdf6-4e4e-85aa-8fcea532cc34,javax/swing/GroupLayout$ParallelGroup.java,addGroup
313d1fcf-fdf6-4e4e-85aa-8fcea532cc34,0707f5cf-683f-4642-b7bb-1bd95e11adca,7b93b556-7392-4ee7-91fe-7ca6c4ef1642,->,313d1fcf-fdf6-4e4e-85aa-8fcea532cc34,javax/swing/GroupLayout.java,createSequentialGroup
313d1fcf-fdf6-4e4e-85aa-8fcea532cc34,0707f5cf-683f-4642-b7bb-1bd95e11adca,7b93b556-7392-4ee7-91fe-7ca6c4ef1642,->,313d1fcf-fdf6-4e4e-85aa-8fcea532cc34,javax/swing/GroupLayout.java,createParallelGroup
313d1fcf-fdf6-4e4e-85aa-8fcea532cc34,0707f5cf-683f-4642-b7bb-1bd95e11adca,7b93b556-7392-4ee7-91fe-7ca6c4ef1642,->,313d1fcf-fdf6-4e4e-85aa-8fcea532cc34,javax/swing/GroupLayout$ParallelGroup.java,addComponent
313d1fcf-fdf6-4e4e-85aa-8fcea532cc34,0707f5cf-683f-4642-b7bb-1bd95e11adca,7b93b556-7392-4ee7-91fe-7ca6c4ef1642,->,313d1fcf-fdf6-4e4e-85aa-8fcea532cc34,javax/swing/GroupLayout$ParallelGroup.java,addComponent
313d1fcf-fdf6-4e4e-85aa-8fcea532cc34,0707f5cf-683f-4642-b7bb-1bd95e11adca,7b93b556-7392-4ee7-91fe-7ca6c4ef1642,->,313d1fcf-fdf6-4e4e-85aa-8fcea532cc34,javax/swing/GroupLayout$SequentialGroup.java,addGroup
313d1fcf-fdf6-4e4e-85aa-8fcea532cc34,0707f5cf-683f-4642-b7bb-1bd95e11adca,7b93b556-7392-4ee7-91fe-7ca6c4ef1642,->,313d1fcf-fdf6-4e4e-85aa-8fcea532cc34,javax/swing/GroupLayout$SequentialGroup.java,addPreferredGap
313d1fcf-fdf6-4e4e-85aa-8fcea532cc34,0707f5cf-683f-4642-b7bb-1bd95e11adca,7b93b556-7392-4ee7-91fe-7ca6c4ef1642,->,313d1fcf-fdf6-4e4e-85aa-8fcea532cc34,javax/swing/GroupLayout.java,createParallelGroup
313d1fcf-fdf6-4e4e-85aa-8fcea532cc34,0707f5cf-683f-4642-b7bb-1bd95e11adca,7b93b556-7392-4ee7-91fe-7ca6c4ef1642,->,313d1fcf-fdf6-4e4e-85aa-8fcea532cc34,javax/swing/GroupLayout$ParallelGroup.java,addComponent
313d1fcf-fdf6-4e4e-85aa-8fcea532cc34,0707f5cf-683f-4642-b7bb-1bd95e11adca,7b93b556-7392-4ee7-91fe-7ca6c4ef1642,->,313d1fcf-fdf6-4e4e-85aa-8fcea532cc34,javax/swing/GroupLayout$ParallelGroup.java,addComponent
313d1fcf-fdf6-4e4e-85aa-8fcea532cc34,0707f5cf-683f-4642-b7bb-1bd95e11adca,7b93b556-7392-4ee7-91fe-7ca6c4ef1642,->,313d1fcf-fdf6-4e4e-85aa-8fcea532cc34,javax/swing/GroupLayout$SequentialGroup.java,addGroup
313d1fcf-fdf6-4e4e-85aa-8fcea532cc34,0707f5cf-683f-4642-b7bb-1bd95e11adca,7b93b556-7392-4ee7-91fe-7ca6c4ef1642,->,313d1fcf-fdf6-4e4e-85aa-8fcea532cc34,javax/swing/GroupLayout$SequentialGroup.java,addPreferredGap
313d1fcf-fdf6-4e4e-85aa-8fcea532cc34,0707f5cf-683f-4642-b7bb-1bd95e11adca,7b93b556-7392-4ee7-91fe-7ca6c4ef1642,->,313d1fcf-fdf6-4e4e-85aa-8fcea532cc34,javax/swing/GroupLayout$SequentialGroup.java,addComponent
313d1fcf-fdf6-4e4e-85aa-8fcea532cc34,0707f5cf-683f-4642-b7bb-1bd95e11adca,7b93b556-7392-4ee7-91fe-7ca6c4ef1642,->,313d1fcf-fdf6-4e4e-85aa-8fcea532cc34,javax/swing/GroupLayout$SequentialGroup.java,addPreferredGap
313d1fcf-fdf6-4e4e-85aa-8fcea532cc34,0707f5cf-683f-4642-b7bb-1bd95e11adca,7b93b556-7392-4ee7-91fe-7ca6c4ef1642,->,313d1fcf-fdf6-4e4e-85aa-8fcea532cc34,javax/swing/GroupLayout.java,createParallelGroup
313d1fcf-fdf6-4e4e-85aa-8fcea532cc34,0707f5cf-683f-4642-b7bb-1bd95e11adca,7b93b556-7392-4ee7-91fe-7ca6c4ef1642,->,313d1fcf-fdf6-4e4e-85aa-8fcea532cc34,javax/swing/GroupLayout.java,createSequentialGroup
313d1fcf-fdf6-4e4e-85aa-8fcea532cc34,0707f5cf-683f-4642-b7bb-1bd95e11adca,7b93b556-7392-4ee7-91fe-7ca6c4ef1642,->,313d1fcf-fdf6-4e4e-85aa-8fcea532cc34,javax/swing/GroupLayout$SequentialGroup.java,addComponent
313d1fcf-fdf6-4e4e-85aa-8fcea532cc34,0707f5cf-683f-4642-b7bb-1bd95e11adca,7b93b556-7392-4ee7-91fe-7ca6c4ef1642,->,313d1fcf-fdf6-4e4e-85aa-8fcea532cc34,javax/swing/GroupLayout$SequentialGroup.java,addPreferredGap
313d1fcf-fdf6-4e4e-85aa-8fcea532cc34,0707f5cf-683f-4642-b7bb-1bd95e11adca,7b93b556-7392-4ee7-91fe-7ca6c4ef1642,->,313d1fcf-fdf6-4e4e-85aa-8fcea532cc34,javax/swing/GroupLayout.java,createParallelGroup
313d1fcf-fdf6-4e4e-85aa-8fcea532cc34,0707f5cf-683f-4642-b7bb-1bd95e11adca,7b93b556-7392-4ee7-91fe-7ca6c4ef1642,->,313d1fcf-fdf6-4e4e-85aa-8fcea532cc34,javax/swing/GroupLayout$ParallelGroup.java,addComponent
313d1fcf-fdf6-4e4e-85aa-8fcea532cc34,0707f5cf-683f-4642-b7bb-1bd95e11adca,7b93b556-7392-4ee7-91fe-7ca6c4ef1642,->,313d1fcf-fdf6-4e4e-85aa-8fcea532cc34,javax/swing/GroupLayout$ParallelGroup.java,addComponent
313d1fcf-fdf6-4e4e-85aa-8fcea532cc34,0707f5cf-683f-4642-b7bb-1bd95e11adca,7b93b556-7392-4ee7-91fe-7ca6c4ef1642,->,313d1fcf-fdf6-4e4e-85aa-8fcea532cc34,javax/swing/GroupLayout$SequentialGroup.java,addGroup
313d1fcf-fdf6-4e4e-85aa-8fcea532cc34,0707f5cf-683f-4642-b7bb-1bd95e11adca,7b93b556-7392-4ee7-91fe-7ca6c4ef1642,->,313d1fcf-fdf6-4e4e-85aa-8fcea532cc34,javax/swing/GroupLayout$ParallelGroup.java,addGroup
313d1fcf-fdf6-4e4e-85aa-8fcea532cc34,0707f5cf-683f-4642-b7bb-1bd95e11adca,7b93b556-7392-4ee7-91fe-7ca6c4ef1642,->,313d1fcf-fdf6-4e4e-85aa-8fcea532cc34,javax/swing/GroupLayout$ParallelGroup.java,addComponent
313d1fcf-fdf6-4e4e-85aa-8fcea532cc34,0707f5cf-683f-4642-b7bb-1bd95e11adca,7b93b556-7392-4ee7-91fe-7ca6c4ef1642,->,313d1fcf-fdf6-4e4e-85aa-8fcea532cc34,javax/swing/GroupLayout$SequentialGroup.java,addGroup
313d1fcf-fdf6-4e4e-85aa-8fcea532cc34,0707f5cf-683f-4642-b7bb-1bd95e11adca,7b93b556-7392-4ee7-91fe-7ca6c4ef1642,->,313d1fcf-fdf6-4e4e-85aa-8fcea532cc34,javax/swing/GroupLayout$SequentialGroup.java,addPreferredGap
313d1fcf-fdf6-4e4e-85aa-8fcea532cc34,0707f5cf-683f-4642-b7bb-1bd95e11adca,7b93b556-7392-4ee7-91fe-7ca6c4ef1642,->,313d1fcf-fdf6-4e4e-85aa-8fcea532cc34,javax/swing/GroupLayout$SequentialGroup.java,addComponent
313d1fcf-fdf6-4e4e-85aa-8fcea532cc34,0707f5cf-683f-4642-b7bb-1bd95e11adca,7b93b556-7392-4ee7-91fe-7ca6c4ef1642,->,313d1fcf-fdf6-4e4e-85aa-8fcea532cc34,javax/swing/GroupLayout$SequentialGroup.java,addGap
313d1fcf-fdf6-4e4e-85aa-8fcea532cc34,0707f5cf-683f-4642-b7bb-1bd95e11adca,7b93b556-7392-4ee7-91fe-7ca6c4ef1642,->,313d1fcf-fdf6-4e4e-85aa-8fcea532cc34,javax/swing/GroupLayout.java,createParallelGroup
313d1fcf-fdf6-4e4e-85aa-8fcea532cc34,0707f5cf-683f-4642-b7bb-1bd95e11adca,7b93b556-7392-4ee7-91fe-7ca6c4ef1642,->,313d1fcf-fdf6-4e4e-85aa-8fcea532cc34,javax/swing/GroupLayout.java,createSequentialGroup
313d1fcf-fdf6-4e4e-85aa-8fcea532cc34,0707f5cf-683f-4642-b7bb-1bd95e11adca,7b93b556-7392-4ee7-91fe-7ca6c4ef1642,->,313d1fcf-fdf6-4e4e-85aa-8fcea532cc34,javax/swing/GroupLayout$SequentialGroup.java,addComponent
313d1fcf-fdf6-4e4e-85aa-8fcea532cc34,0707f5cf-683f-4642-b7bb-1bd95e11adca,7b93b556-7392-4ee7-91fe-7ca6c4ef1642,->,313d1fcf-fdf6-4e4e-85aa-8fcea532cc34,javax/swing/GroupLayout$SequentialGroup.java,addPreferredGap
313d1fcf-fdf6-4e4e-85aa-8fcea532cc34,0707f5cf-683f-4642-b7bb-1bd95e11adca,7b93b556-7392-4ee7-91fe-7ca6c4ef1642,->,313d1fcf-fdf6-4e4e-85aa-8fcea532cc34,javax/swing/GroupLayout.java,createParallelGroup
313d1fcf-fdf6-4e4e-85aa-8fcea532cc34,0707f5cf-683f-4642-b7bb-1bd95e11adca,7b93b556-7392-4ee7-91fe-7ca6c4ef1642,->,313d1fcf-fdf6-4e4e-85aa-8fcea532cc34,javax/swing/GroupLayout$ParallelGroup.java,addComponent
313d1fcf-fdf6-4e4e-85aa-8fcea532cc34,0707f5cf-683f-4642-b7bb-1bd95e11adca,7b93b556-7392-4ee7-91fe-7ca6c4ef1642,->,313d1fcf-fdf6-4e4e-85aa-8fcea532cc34,javax/swing/GroupLayout$ParallelGroup.java,addComponent
313d1fcf-fdf6-4e4e-85aa-8fcea532cc34,0707f5cf-683f-4642-b7bb-1bd95e11adca,7b93b556-7392-4ee7-91fe-7ca6c4ef1642,->,313d1fcf-fdf6-4e4e-85aa-8fcea532cc34,javax/swing/GroupLayout$SequentialGroup.java,addGroup
313d1fcf-fdf6-4e4e-85aa-8fcea532cc34,0707f5cf-683f-4642-b7bb-1bd95e11adca,7b93b556-7392-4ee7-91fe-7ca6c4ef1642,->,313d1fcf-fdf6-4e4e-85aa-8fcea532cc34,javax/swing/GroupLayout$ParallelGroup.java,addGroup
313d1fcf-fdf6-4e4e-85aa-8fcea532cc34,0707f5cf-683f-4642-b7bb-1bd95e11adca,7b93b556-7392-4ee7-91fe-7ca6c4ef1642,->,313d1fcf-fdf6-4e4e-85aa-8fcea532cc34,javax/swing/GroupLayout$ParallelGroup.java,addComponent
313d1fcf-fdf6-4e4e-85aa-8fcea532cc34,0707f5cf-683f-4642-b7bb-1bd95e11adca,7b93b556-7392-4ee7-91fe-7ca6c4ef1642,->,313d1fcf-fdf6-4e4e-85aa-8fcea532cc34,javax/swing/GroupLayout$SequentialGroup.java,addGroup
313d1fcf-fdf6-4e4e-85aa-8fcea532cc34,0707f5cf-683f-4642-b7bb-1bd95e11adca,7b93b556-7392-4ee7-91fe-7ca6c4ef1642,->,313d1fcf-fdf6-4e4e-85aa-8fcea532cc34,javax/swing/GroupLayout$SequentialGroup.java,addPreferredGap
313d1fcf-fdf6-4e4e-85aa-8fcea532cc34,0707f5cf-683f-4642-b7bb-1bd95e11adca,7b93b556-7392-4ee7-91fe-7ca6c4ef1642,->,313d1fcf-fdf6-4e4e-85aa-8fcea532cc34,javax/swing/GroupLayout$SequentialGroup.java,addComponent
313d1fcf-fdf6-4e4e-85aa-8fcea532cc34,0707f5cf-683f-4642-b7bb-1bd95e11adca,7b93b556-7392-4ee7-91fe-7ca6c4ef1642,->,313d1fcf-fdf6-4e4e-85aa-8fcea532cc34,javax/swing/GroupLayout$SequentialGroup.java,addGap
313d1fcf-fdf6-4e4e-85aa-8fcea532cc34,0707f5cf-683f-4642-b7bb-1bd95e11adca,7b93b556-7392-4ee7-91fe-7ca6c4ef1642,->,313d1fcf-fdf6-4e4e-85aa-8fcea532cc34,javax/swing/GroupLayout.java,createParallelGroup
313d1fcf-fdf6-4e4e-85aa-8fcea532cc34,0707f5cf-683f-4642-b7bb-1bd95e11adca,7b93b556-7392-4ee7-91fe-7ca6c4ef1642,->,313d1fcf-fdf6-4e4e-85aa-8fcea532cc34,javax/swing/GroupLayout.java,createSequentialGroup
313d1fcf-fdf6-4e4e-85aa-8fcea532cc34,0707f5cf-683f-4642-b7bb-1bd95e11adca,7b93b556-7392-4ee7-91fe-7ca6c4ef1642,->,313d1fcf-fdf6-4e4e-85aa-8fcea532cc34,javax/swing/GroupLayout$SequentialGroup.java,addComponent
313d1fcf-fdf6-4e4e-85aa-8fcea532cc34,0707f5cf-683f-4642-b7bb-1bd95e11adca,7b93b556-7392-4ee7-91fe-7ca6c4ef1642,->,313d1fcf-fdf6-4e4e-85aa-8fcea532cc34,javax/swing/GroupLayout$SequentialGroup.java,addPreferredGap
313d1fcf-fdf6-4e4e-85aa-8fcea532cc34,0707f5cf-683f-4642-b7bb-1bd95e11adca,7b93b556-7392-4ee7-91fe-7ca6c4ef1642,->,313d1fcf-fdf6-4e4e-85aa-8fcea532cc34,javax/swing/GroupLayout.java,createParallelGroup
313d1fcf-fdf6-4e4e-85aa-8fcea532cc34,0707f5cf-683f-4642-b7bb-1bd95e11adca,7b93b556-7392-4ee7-91fe-7ca6c4ef1642,->,313d1fcf-fdf6-4e4e-85aa-8fcea532cc34,javax/swing/GroupLayout$ParallelGroup.java,addComponent
313d1fcf-fdf6-4e4e-85aa-8fcea532cc34,0707f5cf-683f-4642-b7bb-1bd95e11adca,7b93b556-7392-4ee7-91fe-7ca6c4ef1642,->,313d1fcf-fdf6-4e4e-85aa-8fcea532cc34,javax/swing/GroupLayout$ParallelGroup.java,addComponent
313d1fcf-fdf6-4e4e-85aa-8fcea532cc34,0707f5cf-683f-4642-b7bb-1bd95e11adca,7b93b556-7392-4ee7-91fe-7ca6c4ef1642,->,313d1fcf-fdf6-4e4e-85aa-8fcea532cc34,javax/swing/GroupLayout$SequentialGroup.java,addGroup
313d1fcf-fdf6-4e4e-85aa-8fcea532cc34,0707f5cf-683f-4642-b7bb-1bd95e11adca,7b93b556-7392-4ee7-91fe-7ca6c4ef1642,->,313d1fcf-fdf6-4e4e-85aa-8fcea532cc34,javax/swing/GroupLayout$SequentialGroup.java,addPreferredGap
313d1fcf-fdf6-4e4e-85aa-8fcea532cc34,0707f5cf-683f-4642-b7bb-1bd95e11adca,7b93b556-7392-4ee7-91fe-7ca6c4ef1642,->,313d1fcf-fdf6-4e4e-85aa-8fcea532cc34,javax/swing/GroupLayout$SequentialGroup.java,addComponent
313d1fcf-fdf6-4e4e-85aa-8fcea532cc34,0707f5cf-683f-4642-b7bb-1bd95e11adca,7b93b556-7392-4ee7-91fe-7ca6c4ef1642,->,313d1fcf-fdf6-4e4e-85aa-8fcea532cc34,javax/swing/GroupLayout$ParallelGroup.java,addGroup
313d1fcf-fdf6-4e4e-85aa-8fcea532cc34,0707f5cf-683f-4642-b7bb-1bd95e11adca,7b93b556-7392-4ee7-91fe-7ca6c4ef1642,->,313d1fcf-fdf6-4e4e-85aa-8fcea532cc34,javax/swing/GroupLayout$ParallelGroup.java,addComponent
313d1fcf-fdf6-4e4e-85aa-8fcea532cc34,0707f5cf-683f-4642-b7bb-1bd95e11adca,7b93b556-7392-4ee7-91fe-7ca6c4ef1642,->,313d1fcf-fdf6-4e4e-85aa-8fcea532cc34,javax/swing/GroupLayout$SequentialGroup.java,addGroup
313d1fcf-fdf6-4e4e-85aa-8fcea532cc34,0707f5cf-683f-4642-b7bb-1bd95e11adca,7b93b556-7392-4ee7-91fe-7ca6c4ef1642,->,313d1fcf-fdf6-4e4e-85aa-8fcea532cc34,javax/swing/GroupLayout$ParallelGroup.java,addGroup
313d1fcf-fdf6-4e4e-85aa-8fcea532cc34,0707f5cf-683f-4642-b7bb-1bd95e11adca,7b93b556-7392-4ee7-91fe-7ca6c4ef1642,->,313d1fcf-fdf6-4e4e-85aa-8fcea532cc34,javax/swing/GroupLayout$SequentialGroup.java,addGroup
313d1fcf-fdf6-4e4e-85aa-8fcea532cc34,0707f5cf-683f-4642-b7bb-1bd95e11adca,7b93b556-7392-4ee7-91fe-7ca6c4ef1642,->,313d1fcf-fdf6-4e4e-85aa-8fcea532cc34,javax/swing/GroupLayout$SequentialGroup.java,addPreferredGap
313d1fcf-fdf6-4e4e-85aa-8fcea532cc34,0707f5cf-683f-4642-b7bb-1bd95e11adca,7b93b556-7392-4ee7-91fe-7ca6c4ef1642,->,313d1fcf-fdf6-4e4e-85aa-8fcea532cc34,javax/swing/GroupLayout$SequentialGroup.java,addComponent
313d1fcf-fdf6-4e4e-85aa-8fcea532cc34,0707f5cf-683f-4642-b7bb-1bd95e11adca,7b93b556-7392-4ee7-91fe-7ca6c4ef1642,->,313d1fcf-fdf6-4e4e-85aa-8fcea532cc34,javax/swing/GroupLayout$SequentialGroup.java,addPreferredGap
313d1fcf-fdf6-4e4e-85aa-8fcea532cc34,0707f5cf-683f-4642-b7bb-1bd95e11adca,7b93b556-7392-4ee7-91fe-7ca6c4ef1642,->,313d1fcf-fdf6-4e4e-85aa-8fcea532cc34,javax/swing/GroupLayout.java,createParallelGroup
313d1fcf-fdf6-4e4e-85aa-8fcea532cc34,0707f5cf-683f-4642-b7bb-1bd95e11adca,7b93b556-7392-4ee7-91fe-7ca6c4ef1642,->,313d1fcf-fdf6-4e4e-85aa-8fcea532cc34,javax/swing/GroupLayout$ParallelGroup.java,addComponent
313d1fcf-fdf6-4e4e-85aa-8fcea532cc34,0707f5cf-683f-4642-b7bb-1bd95e11adca,7b93b556-7392-4ee7-91fe-7ca6c4ef1642,->,313d1fcf-fdf6-4e4e-85aa-8fcea532cc34,javax/swing/GroupLayout.java,createSequentialGroup
313d1fcf-fdf6-4e4e-85aa-8fcea532cc34,0707f5cf-683f-4642-b7bb-1bd95e11adca,7b93b556-7392-4ee7-91fe-7ca6c4ef1642,->,313d1fcf-fdf6-4e4e-85aa-8fcea532cc34,javax/swing/GroupLayout$SequentialGroup.java,addComponent
313d1fcf-fdf6-4e4e-85aa-8fcea532cc34,0707f5cf-683f-4642-b7bb-1bd95e11adca,7b93b556-7392-4ee7-91fe-7ca6c4ef1642,->,313d1fcf-fdf6-4e4e-85aa-8fcea532cc34,javax/swing/GroupLayout$SequentialGroup.java,addPreferredGap
313d1fcf-fdf6-4e4e-85aa-8fcea532cc34,0707f5cf-683f-4642-b7bb-1bd95e11adca,7b93b556-7392-4ee7-91fe-7ca6c4ef1642,->,313d1fcf-fdf6-4e4e-85aa-8fcea532cc34,javax/swing/GroupLayout$SequentialGroup.java,addComponent
313d1fcf-fdf6-4e4e-85aa-8fcea532cc34,0707f5cf-683f-4642-b7bb-1bd95e11adca,7b93b556-7392-4ee7-91fe-7ca6c4ef1642,->,313d1fcf-fdf6-4e4e-85aa-8fcea532cc34,javax/swing/GroupLayout$ParallelGroup.java,addGroup
313d1fcf-fdf6-4e4e-85aa-8fcea532cc34,0707f5cf-683f-4642-b7bb-1bd95e11adca,7b93b556-7392-4ee7-91fe-7ca6c4ef1642,->,313d1fcf-fdf6-4e4e-85aa-8fcea532cc34,javax/swing/GroupLayout$SequentialGroup.java,addGroup
313d1fcf-fdf6-4e4e-85aa-8fcea532cc34,0707f5cf-683f-4642-b7bb-1bd95e11adca,7b93b556-7392-4ee7-91fe-7ca6c4ef1642,->,313d1fcf-fdf6-4e4e-85aa-8fcea532cc34,javax/swing/GroupLayout$SequentialGroup.java,addGap
313d1fcf-fdf6-4e4e-85aa-8fcea532cc34,0707f5cf-683f-4642-b7bb-1bd95e11adca,7b93b556-7392-4ee7-91fe-7ca6c4ef1642,->,313d1fcf-fdf6-4e4e-85aa-8fcea532cc34,javax/swing/GroupLayout$ParallelGroup.java,addGroup
313d1fcf-fdf6-4e4e-85aa-8fcea532cc34,0707f5cf-683f-4642-b7bb-1bd95e11adca,7b93b556-7392-4ee7-91fe-7ca6c4ef1642,->,313d1fcf-fdf6-4e4e-85aa-8fcea532cc34,javax/swing/GroupLayout.java,setVerticalGroup
313d1fcf-fdf6-4e4e-85aa-8fcea532cc34,0707f5cf-683f-4642-b7bb-1bd95e11adca,7b93b556-7392-4ee7-91fe-7ca6c4ef1642,->,313d1fcf-fdf6-4e4e-85aa-8fcea532cc34,java/lang/Object.java,getClass
313d1fcf-fdf6-4e4e-85aa-8fcea532cc34,0707f5cf-683f-4642-b7bb-1bd95e11adca,7b93b556-7392-4ee7-91fe-7ca6c4ef1642,->,313d1fcf-fdf6-4e4e-85aa-8fcea532cc34,java/lang/Class.java,getResource
313d1fcf-fdf6-4e4e-85aa-8fcea532cc34,0707f5cf-683f-4642-b7bb-1bd95e11adca,7b93b556-7392-4ee7-91fe-7ca6c4ef1642,->,313d1fcf-fdf6-4e4e-85aa-8fcea532cc34,javax/swing/JTabbedPane.java,addTab
313d1fcf-fdf6-4e4e-85aa-8fcea532cc34,0707f5cf-683f-4642-b7bb-1bd95e11adca,7b93b556-7392-4ee7-91fe-7ca6c4ef1642,->,313d1fcf-fdf6-4e4e-85aa-8fcea532cc34,javax/swing/JLabel.java,setFont
313d1fcf-fdf6-4e4e-85aa-8fcea532cc34,0707f5cf-683f-4642-b7bb-1bd95e11adca,7b93b556-7392-4ee7-91fe-7ca6c4ef1642,->,313d1fcf-fdf6-4e4e-85aa-8fcea532cc34,javax/swing/JLabel.java,setText
313d1fcf-fdf6-4e4e-85aa-8fcea532cc34,0707f5cf-683f-4642-b7bb-1bd95e11adca,7b93b556-7392-4ee7-91fe-7ca6c4ef1642,->,313d1fcf-fdf6-4e4e-85aa-8fcea532cc34,javax/swing/JLabel.java,setFont
313d1fcf-fdf6-4e4e-85aa-8fcea532cc34,0707f5cf-683f-4642-b7bb-1bd95e11adca,7b93b556-7392-4ee7-91fe-7ca6c4ef1642,->,313d1fcf-fdf6-4e4e-85aa-8fcea532cc34,javax/swing/JLabel.java,setText
313d1fcf-fdf6-4e4e-85aa-8fcea532cc34,0707f5cf-683f-4642-b7bb-1bd95e11adca,7b93b556-7392-4ee7-91fe-7ca6c4ef1642,->,313d1fcf-fdf6-4e4e-85aa-8fcea532cc34,javax/swing/JList.java,setFont
313d1fcf-fdf6-4e4e-85aa-8fcea532cc34,0707f5cf-683f-4642-b7bb-1bd95e11adca,7b93b556-7392-4ee7-91fe-7ca6c4ef1642,->,313d1fcf-fdf6-4e4e-85aa-8fcea532cc34,javax/swing/JList.java,setModel
313d1fcf-fdf6-4e4e-85aa-8fcea532cc34,0707f5cf-683f-4642-b7bb-1bd95e11adca,7b93b556-7392-4ee7-91fe-7ca6c4ef1642,->,313d1fcf-fdf6-4e4e-85aa-8fcea532cc34,javax/swing/JScrollPane.java,setViewportView
313d1fcf-fdf6-4e4e-85aa-8fcea532cc34,0707f5cf-683f-4642-b7bb-1bd95e11adca,7b93b556-7392-4ee7-91fe-7ca6c4ef1642,->,313d1fcf-fdf6-4e4e-85aa-8fcea532cc34,javax/swing/JMenu.java,setText
313d1fcf-fdf6-4e4e-85aa-8fcea532cc34,0707f5cf-683f-4642-b7bb-1bd95e11adca,7b93b556-7392-4ee7-91fe-7ca6c4ef1642,->,313d1fcf-fdf6-4e4e-85aa-8fcea532cc34,javax/swing/JMenu.java,setFont
313d1fcf-fdf6-4e4e-85aa-8fcea532cc34,0707f5cf-683f-4642-b7bb-1bd95e11adca,7b93b556-7392-4ee7-91fe-7ca6c4ef1642,->,313d1fcf-fdf6-4e4e-85aa-8fcea532cc34,javax/swing/JMenuItem.java,setFont
313d1fcf-fdf6-4e4e-85aa-8fcea532cc34,0707f5cf-683f-4642-b7bb-1bd95e11adca,7b93b556-7392-4ee7-91fe-7ca6c4ef1642,->,313d1fcf-fdf6-4e4e-85aa-8fcea532cc34,javax/swing/JMenuItem.java,setText
313d1fcf-fdf6-4e4e-85aa-8fcea532cc34,0707f5cf-683f-4642-b7bb-1bd95e11adca,7b93b556-7392-4ee7-91fe-7ca6c4ef1642,->,313d1fcf-fdf6-4e4e-85aa-8fcea532cc34,javax/swing/JMenuItem.java,setEnabled
313d1fcf-fdf6-4e4e-85aa-8fcea532cc34,0707f5cf-683f-4642-b7bb-1bd95e11adca,7b93b556-7392-4ee7-91fe-7ca6c4ef1642,->,313d1fcf-fdf6-4e4e-85aa-8fcea532cc34,javax/swing/JMenu.java,add
313d1fcf-fdf6-4e4e-85aa-8fcea532cc34,0707f5cf-683f-4642-b7bb-1bd95e11adca,7b93b556-7392-4ee7-91fe-7ca6c4ef1642,->,313d1fcf-fdf6-4e4e-85aa-8fcea532cc34,javax/swing/JMenuItem.java,setFont
313d1fcf-fdf6-4e4e-85aa-8fcea532cc34,0707f5cf-683f-4642-b7bb-1bd95e11adca,7b93b556-7392-4ee7-91fe-7ca6c4ef1642,->,313d1fcf-fdf6-4e4e-85aa-8fcea532cc34,javax/swing/JMenuItem.java,setText
313d1fcf-fdf6-4e4e-85aa-8fcea532cc34,0707f5cf-683f-4642-b7bb-1bd95e11adca,7b93b556-7392-4ee7-91fe-7ca6c4ef1642,->,313d1fcf-fdf6-4e4e-85aa-8fcea532cc34,javax/swing/JMenuItem.java,setEnabled
313d1fcf-fdf6-4e4e-85aa-8fcea532cc34,0707f5cf-683f-4642-b7bb-1bd95e11adca,7b93b556-7392-4ee7-91fe-7ca6c4ef1642,->,313d1fcf-fdf6-4e4e-85aa-8fcea532cc34,javax/swing/JMenu.java,add
313d1fcf-fdf6-4e4e-85aa-8fcea532cc34,0707f5cf-683f-4642-b7bb-1bd95e11adca,7b93b556-7392-4ee7-91fe-7ca6c4ef1642,->,313d1fcf-fdf6-4e4e-85aa-8fcea532cc34,javax/swing/JMenu.java,setText
313d1fcf-fdf6-4e4e-85aa-8fcea532cc34,0707f5cf-683f-4642-b7bb-1bd95e11adca,7b93b556-7392-4ee7-91fe-7ca6c4ef1642,->,313d1fcf-fdf6-4e4e-85aa-8fcea532cc34,javax/swing/JMenu.java,setFont
313d1fcf-fdf6-4e4e-85aa-8fcea532cc34,0707f5cf-683f-4642-b7bb-1bd95e11adca,7b93b556-7392-4ee7-91fe-7ca6c4ef1642,->,313d1fcf-fdf6-4e4e-85aa-8fcea532cc34,javax/swing/JMenuItem.java,setFont
313d1fcf-fdf6-4e4e-85aa-8fcea532cc34,0707f5cf-683f-4642-b7bb-1bd95e11adca,7b93b556-7392-4ee7-91fe-7ca6c4ef1642,->,313d1fcf-fdf6-4e4e-85aa-8fcea532cc34,javax/swing/JMenuItem.java,setText
313d1fcf-fdf6-4e4e-85aa-8fcea532cc34,0707f5cf-683f-4642-b7bb-1bd95e11adca,7b93b556-7392-4ee7-91fe-7ca6c4ef1642,->,313d1fcf-fdf6-4e4e-85aa-8fcea532cc34,javax/swing/JMenuItem.java,setEnabled
313d1fcf-fdf6-4e4e-85aa-8fcea532cc34,0707f5cf-683f-4642-b7bb-1bd95e11adca,7b93b556-7392-4ee7-91fe-7ca6c4ef1642,->,313d1fcf-fdf6-4e4e-85aa-8fcea532cc34,javax/swing/JMenuItem.java,addActionListener
313d1fcf-fdf6-4e4e-85aa-8fcea532cc34,0707f5cf-683f-4642-b7bb-1bd95e11adca,7b93b556-7392-4ee7-91fe-7ca6c4ef1642,->,313d1fcf-fdf6-4e4e-85aa-8fcea532cc34,javax/swing/JMenu.java,add
313d1fcf-fdf6-4e4e-85aa-8fcea532cc34,0707f5cf-683f-4642-b7bb-1bd95e11adca,7b93b556-7392-4ee7-91fe-7ca6c4ef1642,->,313d1fcf-fdf6-4e4e-85aa-8fcea532cc34,javax/swing/JMenuItem.java,setFont
313d1fcf-fdf6-4e4e-85aa-8fcea532cc34,0707f5cf-683f-4642-b7bb-1bd95e11adca,7b93b556-7392-4ee7-91fe-7ca6c4ef1642,->,313d1fcf-fdf6-4e4e-85aa-8fcea532cc34,javax/swing/JMenuItem.java,setText
313d1fcf-fdf6-4e4e-85aa-8fcea532cc34,0707f5cf-683f-4642-b7bb-1bd95e11adca,7b93b556-7392-4ee7-91fe-7ca6c4ef1642,->,313d1fcf-fdf6-4e4e-85aa-8fcea532cc34,javax/swing/JMenuItem.java,setEnabled
313d1fcf-fdf6-4e4e-85aa-8fcea532cc34,0707f5cf-683f-4642-b7bb-1bd95e11adca,7b93b556-7392-4ee7-91fe-7ca6c4ef1642,->,313d1fcf-fdf6-4e4e-85aa-8fcea532cc34,javax/swing/JMenuItem.java,addActionListener
313d1fcf-fdf6-4e4e-85aa-8fcea532cc34,0707f5cf-683f-4642-b7bb-1bd95e11adca,7b93b556-7392-4ee7-91fe-7ca6c4ef1642,->,313d1fcf-fdf6-4e4e-85aa-8fcea532cc34,javax/swing/JMenu.java,add
313d1fcf-fdf6-4e4e-85aa-8fcea532cc34,0707f5cf-683f-4642-b7bb-1bd95e11adca,7b93b556-7392-4ee7-91fe-7ca6c4ef1642,->,313d1fcf-fdf6-4e4e-85aa-8fcea532cc34,javax/swing/JMenuItem.java,setFont
313d1fcf-fdf6-4e4e-85aa-8fcea532cc34,0707f5cf-683f-4642-b7bb-1bd95e11adca,7b93b556-7392-4ee7-91fe-7ca6c4ef1642,->,313d1fcf-fdf6-4e4e-85aa-8fcea532cc34,javax/swing/JMenuItem.java,setText
313d1fcf-fdf6-4e4e-85aa-8fcea532cc34,0707f5cf-683f-4642-b7bb-1bd95e11adca,7b93b556-7392-4ee7-91fe-7ca6c4ef1642,->,313d1fcf-fdf6-4e4e-85aa-8fcea532cc34,javax/swing/JMenuItem.java,setEnabled
313d1fcf-fdf6-4e4e-85aa-8fcea532cc34,0707f5cf-683f-4642-b7bb-1bd95e11adca,7b93b556-7392-4ee7-91fe-7ca6c4ef1642,->,313d1fcf-fdf6-4e4e-85aa-8fcea532cc34,javax/swing/JMenuItem.java,addActionListener
313d1fcf-fdf6-4e4e-85aa-8fcea532cc34,0707f5cf-683f-4642-b7bb-1bd95e11adca,7b93b556-7392-4ee7-91fe-7ca6c4ef1642,->,313d1fcf-fdf6-4e4e-85aa-8fcea532cc34,javax/swing/JMenu.java,add
313d1fcf-fdf6-4e4e-85aa-8fcea532cc34,0707f5cf-683f-4642-b7bb-1bd95e11adca,7b93b556-7392-4ee7-91fe-7ca6c4ef1642,->,313d1fcf-fdf6-4e4e-85aa-8fcea532cc34,javax/swing/JMenu.java,add
313d1fcf-fdf6-4e4e-85aa-8fcea532cc34,0707f5cf-683f-4642-b7bb-1bd95e11adca,7b93b556-7392-4ee7-91fe-7ca6c4ef1642,->,313d1fcf-fdf6-4e4e-85aa-8fcea532cc34,javax/swing/JMenuItem.java,setFont
313d1fcf-fdf6-4e4e-85aa-8fcea532cc34,0707f5cf-683f-4642-b7bb-1bd95e11adca,7b93b556-7392-4ee7-91fe-7ca6c4ef1642,->,313d1fcf-fdf6-4e4e-85aa-8fcea532cc34,javax/swing/JMenuItem.java,setText
313d1fcf-fdf6-4e4e-85aa-8fcea532cc34,0707f5cf-683f-4642-b7bb-1bd95e11adca,7b93b556-7392-4ee7-91fe-7ca6c4ef1642,->,313d1fcf-fdf6-4e4e-85aa-8fcea532cc34,javax/swing/JMenuItem.java,addActionListener
313d1fcf-fdf6-4e4e-85aa-8fcea532cc34,0707f5cf-683f-4642-b7bb-1bd95e11adca,7b93b556-7392-4ee7-91fe-7ca6c4ef1642,->,313d1fcf-fdf6-4e4e-85aa-8fcea532cc34,javax/swing/JMenu.java,add
313d1fcf-fdf6-4e4e-85aa-8fcea532cc34,0707f5cf-683f-4642-b7bb-1bd95e11adca,7b93b556-7392-4ee7-91fe-7ca6c4ef1642,->,313d1fcf-fdf6-4e4e-85aa-8fcea532cc34,javax/swing/JMenuBar.java,add
313d1fcf-fdf6-4e4e-85aa-8fcea532cc34,0707f5cf-683f-4642-b7bb-1bd95e11adca,7b93b556-7392-4ee7-91fe-7ca6c4ef1642,->,313d1fcf-fdf6-4e4e-85aa-8fcea532cc34,javax/swing/JMenu.java,setText
313d1fcf-fdf6-4e4e-85aa-8fcea532cc34,0707f5cf-683f-4642-b7bb-1bd95e11adca,7b93b556-7392-4ee7-91fe-7ca6c4ef1642,->,313d1fcf-fdf6-4e4e-85aa-8fcea532cc34,javax/swing/JMenu.java,setFont
313d1fcf-fdf6-4e4e-85aa-8fcea532cc34,0707f5cf-683f-4642-b7bb-1bd95e11adca,7b93b556-7392-4ee7-91fe-7ca6c4ef1642,->,313d1fcf-fdf6-4e4e-85aa-8fcea532cc34,javax/swing/JMenuItem.java,setFont
313d1fcf-fdf6-4e4e-85aa-8fcea532cc34,0707f5cf-683f-4642-b7bb-1bd95e11adca,7b93b556-7392-4ee7-91fe-7ca6c4ef1642,->,313d1fcf-fdf6-4e4e-85aa-8fcea532cc34,javax/swing/JMenuItem.java,setText
313d1fcf-fdf6-4e4e-85aa-8fcea532cc34,0707f5cf-683f-4642-b7bb-1bd95e11adca,7b93b556-7392-4ee7-91fe-7ca6c4ef1642,->,313d1fcf-fdf6-4e4e-85aa-8fcea532cc34,javax/swing/JMenuItem.java,addActionListener
313d1fcf-fdf6-4e4e-85aa-8fcea532cc34,0707f5cf-683f-4642-b7bb-1bd95e11adca,7b93b556-7392-4ee7-91fe-7ca6c4ef1642,->,313d1fcf-fdf6-4e4e-85aa-8fcea532cc34,javax/swing/JMenu.java,add
313d1fcf-fdf6-4e4e-85aa-8fcea532cc34,0707f5cf-683f-4642-b7bb-1bd95e11adca,7b93b556-7392-4ee7-91fe-7ca6c4ef1642,->,313d1fcf-fdf6-4e4e-85aa-8fcea532cc34,javax/swing/JMenuItem.java,setFont
313d1fcf-fdf6-4e4e-85aa-8fcea532cc34,0707f5cf-683f-4642-b7bb-1bd95e11adca,7b93b556-7392-4ee7-91fe-7ca6c4ef1642,->,313d1fcf-fdf6-4e4e-85aa-8fcea532cc34,javax/swing/JMenuItem.java,setText
313d1fcf-fdf6-4e4e-85aa-8fcea532cc34,0707f5cf-683f-4642-b7bb-1bd95e11adca,7b93b556-7392-4ee7-91fe-7ca6c4ef1642,->,313d1fcf-fdf6-4e4e-85aa-8fcea532cc34,javax/swing/JMenuItem.java,setEnabled
313d1fcf-fdf6-4e4e-85aa-8fcea532cc34,0707f5cf-683f-4642-b7bb-1bd95e11adca,7b93b556-7392-4ee7-91fe-7ca6c4ef1642,->,313d1fcf-fdf6-4e4e-85aa-8fcea532cc34,javax/swing/JMenu.java,add
313d1fcf-fdf6-4e4e-85aa-8fcea532cc34,0707f5cf-683f-4642-b7bb-1bd95e11adca,7b93b556-7392-4ee7-91fe-7ca6c4ef1642,->,313d1fcf-fdf6-4e4e-85aa-8fcea532cc34,javax/swing/JMenuItem.java,setFont
313d1fcf-fdf6-4e4e-85aa-8fcea532cc34,0707f5cf-683f-4642-b7bb-1bd95e11adca,7b93b556-7392-4ee7-91fe-7ca6c4ef1642,->,313d1fcf-fdf6-4e4e-85aa-8fcea532cc34,javax/swing/JMenuItem.java,setText
313d1fcf-fdf6-4e4e-85aa-8fcea532cc34,0707f5cf-683f-4642-b7bb-1bd95e11adca,7b93b556-7392-4ee7-91fe-7ca6c4ef1642,->,313d1fcf-fdf6-4e4e-85aa-8fcea532cc34,javax/swing/JMenuItem.java,addActionListener
313d1fcf-fdf6-4e4e-85aa-8fcea532cc34,0707f5cf-683f-4642-b7bb-1bd95e11adca,7b93b556-7392-4ee7-91fe-7ca6c4ef1642,->,313d1fcf-fdf6-4e4e-85aa-8fcea532cc34,javax/swing/JMenu.java,add
313d1fcf-fdf6-4e4e-85aa-8fcea532cc34,0707f5cf-683f-4642-b7bb-1bd95e11adca,7b93b556-7392-4ee7-91fe-7ca6c4ef1642,->,313d1fcf-fdf6-4e4e-85aa-8fcea532cc34,javax/swing/JMenuItem.java,setFont
313d1fcf-fdf6-4e4e-85aa-8fcea532cc34,0707f5cf-683f-4642-b7bb-1bd95e11adca,7b93b556-7392-4ee7-91fe-7ca6c4ef1642,->,313d1fcf-fdf6-4e4e-85aa-8fcea532cc34,javax/swing/JMenuItem.java,setText
313d1fcf-fdf6-4e4e-85aa-8fcea532cc34,0707f5cf-683f-4642-b7bb-1bd95e11adca,7b93b556-7392-4ee7-91fe-7ca6c4ef1642,->,313d1fcf-fdf6-4e4e-85aa-8fcea532cc34,javax/swing/JMenuItem.java,addActionListener
313d1fcf-fdf6-4e4e-85aa-8fcea532cc34,0707f5cf-683f-4642-b7bb-1bd95e11adca,7b93b556-7392-4ee7-91fe-7ca6c4ef1642,->,313d1fcf-fdf6-4e4e-85aa-8fcea532cc34,javax/swing/JMenu.java,add
313d1fcf-fdf6-4e4e-85aa-8fcea532cc34,0707f5cf-683f-4642-b7bb-1bd95e11adca,7b93b556-7392-4ee7-91fe-7ca6c4ef1642,->,313d1fcf-fdf6-4e4e-85aa-8fcea532cc34,javax/swing/JMenuBar.java,add
313d1fcf-fdf6-4e4e-85aa-8fcea532cc34,0707f5cf-683f-4642-b7bb-1bd95e11adca,7b93b556-7392-4ee7-91fe-7ca6c4ef1642,->,313d1fcf-fdf6-4e4e-85aa-8fcea532cc34,grafica/MainGame.java,setJMenuBar
313d1fcf-fdf6-4e4e-85aa-8fcea532cc34,0707f5cf-683f-4642-b7bb-1bd95e11adca,7b93b556-7392-4ee7-91fe-7ca6c4ef1642,->,313d1fcf-fdf6-4e4e-85aa-8fcea532cc34,grafica/MainGame.java,getContentPane
313d1fcf-fdf6-4e4e-85aa-8fcea532cc34,0707f5cf-683f-4642-b7bb-1bd95e11adca,7b93b556-7392-4ee7-91fe-7ca6c4ef1642,->,313d1fcf-fdf6-4e4e-85aa-8fcea532cc34,grafica/MainGame.java,getContentPane
313d1fcf-fdf6-4e4e-85aa-8fcea532cc34,0707f5cf-683f-4642-b7bb-1bd95e11adca,7b93b556-7392-4ee7-91fe-7ca6c4ef1642,->,313d1fcf-fdf6-4e4e-85aa-8fcea532cc34,java/awt/Container.java,setLayout
313d1fcf-fdf6-4e4e-85aa-8fcea532cc34,0707f5cf-683f-4642-b7bb-1bd95e11adca,7b93b556-7392-4ee7-91fe-7ca6c4ef1642,->,313d1fcf-fdf6-4e4e-85aa-8fcea532cc34,javax/swing/GroupLayout.java,createParallelGroup
313d1fcf-fdf6-4e4e-85aa-8fcea532cc34,0707f5cf-683f-4642-b7bb-1bd95e11adca,7b93b556-7392-4ee7-91fe-7ca6c4ef1642,->,313d1fcf-fdf6-4e4e-85aa-8fcea532cc34,javax/swing/GroupLayout.java,createSequentialGroup
313d1fcf-fdf6-4e4e-85aa-8fcea532cc34,0707f5cf-683f-4642-b7bb-1bd95e11adca,7b93b556-7392-4ee7-91fe-7ca6c4ef1642,->,313d1fcf-fdf6-4e4e-85aa-8fcea532cc34,javax/swing/GroupLayout.java,createParallelGroup
313d1fcf-fdf6-4e4e-85aa-8fcea532cc34,0707f5cf-683f-4642-b7bb-1bd95e11adca,7b93b556-7392-4ee7-91fe-7ca6c4ef1642,->,313d1fcf-fdf6-4e4e-85aa-8fcea532cc34,javax/swing/GroupLayout.java,createSequentialGroup
313d1fcf-fdf6-4e4e-85aa-8fcea532cc34,0707f5cf-683f-4642-b7bb-1bd95e11adca,7b93b556-7392-4ee7-91fe-7ca6c4ef1642,->,313d1fcf-fdf6-4e4e-85aa-8fcea532cc34,javax/swing/GroupLayout$SequentialGroup.java,addGap
313d1fcf-fdf6-4e4e-85aa-8fcea532cc34,0707f5cf-683f-4642-b7bb-1bd95e11adca,7b93b556-7392-4ee7-91fe-7ca6c4ef1642,->,313d1fcf-fdf6-4e4e-85aa-8fcea532cc34,javax/swing/GroupLayout$SequentialGroup.java,addComponent
313d1fcf-fdf6-4e4e-85aa-8fcea532cc34,0707f5cf-683f-4642-b7bb-1bd95e11adca,7b93b556-7392-4ee7-91fe-7ca6c4ef1642,->,313d1fcf-fdf6-4e4e-85aa-8fcea532cc34,javax/swing/GroupLayout$SequentialGroup.java,addPreferredGap
313d1fcf-fdf6-4e4e-85aa-8fcea532cc34,0707f5cf-683f-4642-b7bb-1bd95e11adca,7b93b556-7392-4ee7-91fe-7ca6c4ef1642,->,313d1fcf-fdf6-4e4e-85aa-8fcea532cc34,javax/swing/GroupLayout$SequentialGroup.java,addComponent
313d1fcf-fdf6-4e4e-85aa-8fcea532cc34,0707f5cf-683f-4642-b7bb-1bd95e11adca,7b93b556-7392-4ee7-91fe-7ca6c4ef1642,->,313d1fcf-fdf6-4e4e-85aa-8fcea532cc34,javax/swing/GroupLayout$ParallelGroup.java,addGroup
313d1fcf-fdf6-4e4e-85aa-8fcea532cc34,0707f5cf-683f-4642-b7bb-1bd95e11adca,7b93b556-7392-4ee7-91fe-7ca6c4ef1642,->,313d1fcf-fdf6-4e4e-85aa-8fcea532cc34,javax/swing/GroupLayout.java,createSequentialGroup
313d1fcf-fdf6-4e4e-85aa-8fcea532cc34,0707f5cf-683f-4642-b7bb-1bd95e11adca,7b93b556-7392-4ee7-91fe-7ca6c4ef1642,->,313d1fcf-fdf6-4e4e-85aa-8fcea532cc34,javax/swing/GroupLayout$SequentialGroup.java,addContainerGap
313d1fcf-fdf6-4e4e-85aa-8fcea532cc34,0707f5cf-683f-4642-b7bb-1bd95e11adca,7b93b556-7392-4ee7-91fe-7ca6c4ef1642,->,313d1fcf-fdf6-4e4e-85aa-8fcea532cc34,javax/swing/GroupLayout.java,createParallelGroup
313d1fcf-fdf6-4e4e-85aa-8fcea532cc34,0707f5cf-683f-4642-b7bb-1bd95e11adca,7b93b556-7392-4ee7-91fe-7ca6c4ef1642,->,313d1fcf-fdf6-4e4e-85aa-8fcea532cc34,javax/swing/GroupLayout.java,createSequentialGroup
313d1fcf-fdf6-4e4e-85aa-8fcea532cc34,0707f5cf-683f-4642-b7bb-1bd95e11adca,7b93b556-7392-4ee7-91fe-7ca6c4ef1642,->,313d1fcf-fdf6-4e4e-85aa-8fcea532cc34,javax/swing/GroupLayout$SequentialGroup.java,addGap
313d1fcf-fdf6-4e4e-85aa-8fcea532cc34,0707f5cf-683f-4642-b7bb-1bd95e11adca,7b93b556-7392-4ee7-91fe-7ca6c4ef1642,->,313d1fcf-fdf6-4e4e-85aa-8fcea532cc34,javax/swing/GroupLayout$SequentialGroup.java,addComponent
313d1fcf-fdf6-4e4e-85aa-8fcea532cc34,0707f5cf-683f-4642-b7bb-1bd95e11adca,7b93b556-7392-4ee7-91fe-7ca6c4ef1642,->,313d1fcf-fdf6-4e4e-85aa-8fcea532cc34,javax/swing/GroupLayout$SequentialGroup.java,addPreferredGap
313d1fcf-fdf6-4e4e-85aa-8fcea532cc34,0707f5cf-683f-4642-b7bb-1bd95e11adca,7b93b556-7392-4ee7-91fe-7ca6c4ef1642,->,313d1fcf-fdf6-4e4e-85aa-8fcea532cc34,javax/swing/GroupLayout$SequentialGroup.java,addComponent
313d1fcf-fdf6-4e4e-85aa-8fcea532cc34,0707f5cf-683f-4642-b7bb-1bd95e11adca,7b93b556-7392-4ee7-91fe-7ca6c4ef1642,->,313d1fcf-fdf6-4e4e-85aa-8fcea532cc34,javax/swing/GroupLayout$ParallelGroup.java,addGroup
313d1fcf-fdf6-4e4e-85aa-8fcea532cc34,0707f5cf-683f-4642-b7bb-1bd95e11adca,7b93b556-7392-4ee7-91fe-7ca6c4ef1642,->,313d1fcf-fdf6-4e4e-85aa-8fcea532cc34,javax/swing/GroupLayout$ParallelGroup.java,addComponent
313d1fcf-fdf6-4e4e-85aa-8fcea532cc34,0707f5cf-683f-4642-b7bb-1bd95e11adca,7b93b556-7392-4ee7-91fe-7ca6c4ef1642,->,313d1fcf-fdf6-4e4e-85aa-8fcea532cc34,javax/swing/GroupLayout$SequentialGroup.java,addGroup
313d1fcf-fdf6-4e4e-85aa-8fcea532cc34,0707f5cf-683f-4642-b7bb-1bd95e11adca,7b93b556-7392-4ee7-91fe-7ca6c4ef1642,->,313d1fcf-fdf6-4e4e-85aa-8fcea532cc34,javax/swing/GroupLayout$ParallelGroup.java,addGroup
313d1fcf-fdf6-4e4e-85aa-8fcea532cc34,0707f5cf-683f-4642-b7bb-1bd95e11adca,7b93b556-7392-4ee7-91fe-7ca6c4ef1642,->,313d1fcf-fdf6-4e4e-85aa-8fcea532cc34,javax/swing/GroupLayout.java,createSequentialGroup
313d1fcf-fdf6-4e4e-85aa-8fcea532cc34,0707f5cf-683f-4642-b7bb-1bd95e11adca,7b93b556-7392-4ee7-91fe-7ca6c4ef1642,->,313d1fcf-fdf6-4e4e-85aa-8fcea532cc34,javax/swing/GroupLayout$SequentialGroup.java,addContainerGap
313d1fcf-fdf6-4e4e-85aa-8fcea532cc34,0707f5cf-683f-4642-b7bb-1bd95e11adca,7b93b556-7392-4ee7-91fe-7ca6c4ef1642,->,313d1fcf-fdf6-4e4e-85aa-8fcea532cc34,javax/swing/GroupLayout$SequentialGroup.java,addComponent
313d1fcf-fdf6-4e4e-85aa-8fcea532cc34,0707f5cf-683f-4642-b7bb-1bd95e11adca,7b93b556-7392-4ee7-91fe-7ca6c4ef1642,->,313d1fcf-fdf6-4e4e-85aa-8fcea532cc34,javax/swing/GroupLayout$ParallelGroup.java,addGroup
313d1fcf-fdf6-4e4e-85aa-8fcea532cc34,0707f5cf-683f-4642-b7bb-1bd95e11adca,7b93b556-7392-4ee7-91fe-7ca6c4ef1642,->,313d1fcf-fdf6-4e4e-85aa-8fcea532cc34,javax/swing/GroupLayout$SequentialGroup.java,addGroup
313d1fcf-fdf6-4e4e-85aa-8fcea532cc34,0707f5cf-683f-4642-b7bb-1bd95e11adca,7b93b556-7392-4ee7-91fe-7ca6c4ef1642,->,313d1fcf-fdf6-4e4e-85aa-8fcea532cc34,javax/swing/GroupLayout$SequentialGroup.java,addPreferredGap
313d1fcf-fdf6-4e4e-85aa-8fcea532cc34,0707f5cf-683f-4642-b7bb-1bd95e11adca,7b93b556-7392-4ee7-91fe-7ca6c4ef1642,->,313d1fcf-fdf6-4e4e-85aa-8fcea532cc34,javax/swing/GroupLayout$SequentialGroup.java,addComponent
313d1fcf-fdf6-4e4e-85aa-8fcea532cc34,0707f5cf-683f-4642-b7bb-1bd95e11adca,7b93b556-7392-4ee7-91fe-7ca6c4ef1642,->,313d1fcf-fdf6-4e4e-85aa-8fcea532cc34,javax/swing/GroupLayout$SequentialGroup.java,addContainerGap
313d1fcf-fdf6-4e4e-85aa-8fcea532cc34,0707f5cf-683f-4642-b7bb-1bd95e11adca,7b93b556-7392-4ee7-91fe-7ca6c4ef1642,->,313d1fcf-fdf6-4e4e-85aa-8fcea532cc34,javax/swing/GroupLayout$ParallelGroup.java,addGroup
313d1fcf-fdf6-4e4e-85aa-8fcea532cc34,0707f5cf-683f-4642-b7bb-1bd95e11adca,7b93b556-7392-4ee7-91fe-7ca6c4ef1642,->,313d1fcf-fdf6-4e4e-85aa-8fcea532cc34,javax/swing/GroupLayout.java,setHorizontalGroup
313d1fcf-fdf6-4e4e-85aa-8fcea532cc34,0707f5cf-683f-4642-b7bb-1bd95e11adca,7b93b556-7392-4ee7-91fe-7ca6c4ef1642,->,313d1fcf-fdf6-4e4e-85aa-8fcea532cc34,javax/swing/GroupLayout.java,createParallelGroup
313d1fcf-fdf6-4e4e-85aa-8fcea532cc34,0707f5cf-683f-4642-b7bb-1bd95e11adca,7b93b556-7392-4ee7-91fe-7ca6c4ef1642,->,313d1fcf-fdf6-4e4e-85aa-8fcea532cc34,javax/swing/GroupLayout.java,createSequentialGroup
313d1fcf-fdf6-4e4e-85aa-8fcea532cc34,0707f5cf-683f-4642-b7bb-1bd95e11adca,7b93b556-7392-4ee7-91fe-7ca6c4ef1642,->,313d1fcf-fdf6-4e4e-85aa-8fcea532cc34,javax/swing/GroupLayout$SequentialGroup.java,addContainerGap
313d1fcf-fdf6-4e4e-85aa-8fcea532cc34,0707f5cf-683f-4642-b7bb-1bd95e11adca,7b93b556-7392-4ee7-91fe-7ca6c4ef1642,->,313d1fcf-fdf6-4e4e-85aa-8fcea532cc34,javax/swing/GroupLayout.java,createParallelGroup
313d1fcf-fdf6-4e4e-85aa-8fcea532cc34,0707f5cf-683f-4642-b7bb-1bd95e11adca,7b93b556-7392-4ee7-91fe-7ca6c4ef1642,->,313d1fcf-fdf6-4e4e-85aa-8fcea532cc34,javax/swing/GroupLayout.java,createSequentialGroup
313d1fcf-fdf6-4e4e-85aa-8fcea532cc34,0707f5cf-683f-4642-b7bb-1bd95e11adca,7b93b556-7392-4ee7-91fe-7ca6c4ef1642,->,313d1fcf-fdf6-4e4e-85aa-8fcea532cc34,javax/swing/GroupLayout.java,createParallelGroup
313d1fcf-fdf6-4e4e-85aa-8fcea532cc34,0707f5cf-683f-4642-b7bb-1bd95e11adca,7b93b556-7392-4ee7-91fe-7ca6c4ef1642,->,313d1fcf-fdf6-4e4e-85aa-8fcea532cc34,javax/swing/GroupLayout$ParallelGroup.java,addComponent
313d1fcf-fdf6-4e4e-85aa-8fcea532cc34,0707f5cf-683f-4642-b7bb-1bd95e11adca,7b93b556-7392-4ee7-91fe-7ca6c4ef1642,->,313d1fcf-fdf6-4e4e-85aa-8fcea532cc34,javax/swing/GroupLayout$ParallelGroup.java,addComponent
313d1fcf-fdf6-4e4e-85aa-8fcea532cc34,0707f5cf-683f-4642-b7bb-1bd95e11adca,7b93b556-7392-4ee7-91fe-7ca6c4ef1642,->,313d1fcf-fdf6-4e4e-85aa-8fcea532cc34,javax/swing/GroupLayout$SequentialGroup.java,addGroup
313d1fcf-fdf6-4e4e-85aa-8fcea532cc34,0707f5cf-683f-4642-b7bb-1bd95e11adca,7b93b556-7392-4ee7-91fe-7ca6c4ef1642,->,313d1fcf-fdf6-4e4e-85aa-8fcea532cc34,javax/swing/GroupLayout$SequentialGroup.java,addPreferredGap
313d1fcf-fdf6-4e4e-85aa-8fcea532cc34,0707f5cf-683f-4642-b7bb-1bd95e11adca,7b93b556-7392-4ee7-91fe-7ca6c4ef1642,->,313d1fcf-fdf6-4e4e-85aa-8fcea532cc34,javax/swing/GroupLayout$SequentialGroup.java,addComponent
313d1fcf-fdf6-4e4e-85aa-8fcea532cc34,0707f5cf-683f-4642-b7bb-1bd95e11adca,7b93b556-7392-4ee7-91fe-7ca6c4ef1642,->,313d1fcf-fdf6-4e4e-85aa-8fcea532cc34,javax/swing/GroupLayout$SequentialGroup.java,addPreferredGap
313d1fcf-fdf6-4e4e-85aa-8fcea532cc34,0707f5cf-683f-4642-b7bb-1bd95e11adca,7b93b556-7392-4ee7-91fe-7ca6c4ef1642,->,313d1fcf-fdf6-4e4e-85aa-8fcea532cc34,javax/swing/GroupLayout.java,createParallelGroup
313d1fcf-fdf6-4e4e-85aa-8fcea532cc34,0707f5cf-683f-4642-b7bb-1bd95e11adca,7b93b556-7392-4ee7-91fe-7ca6c4ef1642,->,313d1fcf-fdf6-4e4e-85aa-8fcea532cc34,javax/swing/GroupLayout$ParallelGroup.java,addComponent
313d1fcf-fdf6-4e4e-85aa-8fcea532cc34,0707f5cf-683f-4642-b7bb-1bd95e11adca,7b93b556-7392-4ee7-91fe-7ca6c4ef1642,->,313d1fcf-fdf6-4e4e-85aa-8fcea532cc34,javax/swing/GroupLayout$ParallelGroup.java,addComponent
313d1fcf-fdf6-4e4e-85aa-8fcea532cc34,0707f5cf-683f-4642-b7bb-1bd95e11adca,7b93b556-7392-4ee7-91fe-7ca6c4ef1642,->,313d1fcf-fdf6-4e4e-85aa-8fcea532cc34,javax/swing/GroupLayout$SequentialGroup.java,addGroup
313d1fcf-fdf6-4e4e-85aa-8fcea532cc34,0707f5cf-683f-4642-b7bb-1bd95e11adca,7b93b556-7392-4ee7-91fe-7ca6c4ef1642,->,313d1fcf-fdf6-4e4e-85aa-8fcea532cc34,javax/swing/GroupLayout$SequentialGroup.java,addPreferredGap
313d1fcf-fdf6-4e4e-85aa-8fcea532cc34,0707f5cf-683f-4642-b7bb-1bd95e11adca,7b93b556-7392-4ee7-91fe-7ca6c4ef1642,->,313d1fcf-fdf6-4e4e-85aa-8fcea532cc34,javax/swing/GroupLayout$SequentialGroup.java,addComponent
313d1fcf-fdf6-4e4e-85aa-8fcea532cc34,0707f5cf-683f-4642-b7bb-1bd95e11adca,7b93b556-7392-4ee7-91fe-7ca6c4ef1642,->,313d1fcf-fdf6-4e4e-85aa-8fcea532cc34,javax/swing/GroupLayout$ParallelGroup.java,addGroup
313d1fcf-fdf6-4e4e-85aa-8fcea532cc34,0707f5cf-683f-4642-b7bb-1bd95e11adca,7b93b556-7392-4ee7-91fe-7ca6c4ef1642,->,313d1fcf-fdf6-4e4e-85aa-8fcea532cc34,javax/swing/GroupLayout$ParallelGroup.java,addComponent
313d1fcf-fdf6-4e4e-85aa-8fcea532cc34,0707f5cf-683f-4642-b7bb-1bd95e11adca,7b93b556-7392-4ee7-91fe-7ca6c4ef1642,->,313d1fcf-fdf6-4e4e-85aa-8fcea532cc34,javax/swing/GroupLayout$SequentialGroup.java,addGroup
313d1fcf-fdf6-4e4e-85aa-8fcea532cc34,0707f5cf-683f-4642-b7bb-1bd95e11adca,7b93b556-7392-4ee7-91fe-7ca6c4ef1642,->,313d1fcf-fdf6-4e4e-85aa-8fcea532cc34,javax/swing/GroupLayout$SequentialGroup.java,addContainerGap
313d1fcf-fdf6-4e4e-85aa-8fcea532cc34,0707f5cf-683f-4642-b7bb-1bd95e11adca,7b93b556-7392-4ee7-91fe-7ca6c4ef1642,->,313d1fcf-fdf6-4e4e-85aa-8fcea532cc34,javax/swing/GroupLayout$ParallelGroup.java,addGroup
313d1fcf-fdf6-4e4e-85aa-8fcea532cc34,0707f5cf-683f-4642-b7bb-1bd95e11adca,7b93b556-7392-4ee7-91fe-7ca6c4ef1642,->,313d1fcf-fdf6-4e4e-85aa-8fcea532cc34,javax/swing/GroupLayout.java,setVerticalGroup
313d1fcf-fdf6-4e4e-85aa-8fcea532cc34,0707f5cf-683f-4642-b7bb-1bd95e11adca,7b93b556-7392-4ee7-91fe-7ca6c4ef1642,->,313d1fcf-fdf6-4e4e-85aa-8fcea532cc34,grafica/MainGame.java,pack
313d1fcf-fdf6-4e4e-85aa-8fcea532cc34,0707f5cf-683f-4642-b7bb-1bd95e11adca,59c495a2-0919-4054-a9e9-59cc883579e8,->,313d1fcf-fdf6-4e4e-85aa-8fcea532cc34,0707f5cf-683f-4642-b7bb-1bd95e11adca,ac5aa031-2369-4926-80f5-e1672dad725f
313d1fcf-fdf6-4e4e-85aa-8fcea532cc34,0707f5cf-683f-4642-b7bb-1bd95e11adca,59c495a2-0919-4054-a9e9-59cc883579e8,->,313d1fcf-fdf6-4e4e-85aa-8fcea532cc34,javax/swing/JTabbedPane.java,setEnabledAt
313d1fcf-fdf6-4e4e-85aa-8fcea532cc34,0707f5cf-683f-4642-b7bb-1bd95e11adca,59c495a2-0919-4054-a9e9-59cc883579e8,->,313d1fcf-fdf6-4e4e-85aa-8fcea532cc34,javax/swing/JTabbedPane.java,setSelectedIndex
313d1fcf-fdf6-4e4e-85aa-8fcea532cc34,0707f5cf-683f-4642-b7bb-1bd95e11adca,f1974b20-73a1-4c23-8ddf-240221fbb091,->,313d1fcf-fdf6-4e4e-85aa-8fcea532cc34,javax/swing/JRadioButton.java,isSelected
313d1fcf-fdf6-4e4e-85aa-8fcea532cc34,0707f5cf-683f-4642-b7bb-1bd95e11adca,f1974b20-73a1-4c23-8ddf-240221fbb091,->,313d1fcf-fdf6-4e4e-85aa-8fcea532cc34,javax/swing/JLabel.java,getText
313d1fcf-fdf6-4e4e-85aa-8fcea532cc34,0707f5cf-683f-4642-b7bb-1bd95e11adca,f1974b20-73a1-4c23-8ddf-240221fbb091,->,313d1fcf-fdf6-4e4e-85aa-8fcea532cc34,java/lang/String.java,equals
313d1fcf-fdf6-4e4e-85aa-8fcea532cc34,0707f5cf-683f-4642-b7bb-1bd95e11adca,f1974b20-73a1-4c23-8ddf-240221fbb091,->,313d1fcf-fdf6-4e4e-85aa-8fcea532cc34,javax/swing/JRadioButton.java,isSelected
313d1fcf-fdf6-4e4e-85aa-8fcea532cc34,0707f5cf-683f-4642-b7bb-1bd95e11adca,f1974b20-73a1-4c23-8ddf-240221fbb091,->,313d1fcf-fdf6-4e4e-85aa-8fcea532cc34,javax/swing/JLabel.java,getText
313d1fcf-fdf6-4e4e-85aa-8fcea532cc34,0707f5cf-683f-4642-b7bb-1bd95e11adca,f1974b20-73a1-4c23-8ddf-240221fbb091,->,313d1fcf-fdf6-4e4e-85aa-8fcea532cc34,java/lang/String.java,equals
313d1fcf-fdf6-4e4e-85aa-8fcea532cc34,0707f5cf-683f-4642-b7bb-1bd95e11adca,f1974b20-73a1-4c23-8ddf-240221fbb091,->,313d1fcf-fdf6-4e4e-85aa-8fcea532cc34,javax/swing/JOptionPane.java,showMessageDialog
313d1fcf-fdf6-4e4e-85aa-8fcea532cc34,0707f5cf-683f-4642-b7bb-1bd95e11adca,073130d4-ca57-4cca-b906-9756c0152c3d,->,313d1fcf-fdf6-4e4e-85aa-8fcea532cc34,javax/swing/JRadioButton.java,isSelected
313d1fcf-fdf6-4e4e-85aa-8fcea532cc34,0707f5cf-683f-4642-b7bb-1bd95e11adca,073130d4-ca57-4cca-b906-9756c0152c3d,->,313d1fcf-fdf6-4e4e-85aa-8fcea532cc34,javax/swing/JRadioButton.java,isSelected
313d1fcf-fdf6-4e4e-85aa-8fcea532cc34,0707f5cf-683f-4642-b7bb-1bd95e11adca,073130d4-ca57-4cca-b906-9756c0152c3d,->,313d1fcf-fdf6-4e4e-85aa-8fcea532cc34,javax/swing/JOptionPane.java,showMessageDialog
313d1fcf-fdf6-4e4e-85aa-8fcea532cc34,0707f5cf-683f-4642-b7bb-1bd95e11adca,c968ff7a-4d0f-43db-a212-8793e920970e,->,313d1fcf-fdf6-4e4e-85aa-8fcea532cc34,javax/swing/JRadioButton.java,isSelected
313d1fcf-fdf6-4e4e-85aa-8fcea532cc34,0707f5cf-683f-4642-b7bb-1bd95e11adca,c968ff7a-4d0f-43db-a212-8793e920970e,->,313d1fcf-fdf6-4e4e-85aa-8fcea532cc34,javax/swing/JRadioButton.java,isSelected
313d1fcf-fdf6-4e4e-85aa-8fcea532cc34,0707f5cf-683f-4642-b7bb-1bd95e11adca,c968ff7a-4d0f-43db-a212-8793e920970e,->,313d1fcf-fdf6-4e4e-85aa-8fcea532cc34,javax/swing/JOptionPane.java,showMessageDialog
313d1fcf-fdf6-4e4e-85aa-8fcea532cc34,0707f5cf-683f-4642-b7bb-1bd95e11adca,9645c552-ebc1-4c6c-82ab-f7736ac7f3b0,->,313d1fcf-fdf6-4e4e-85aa-8fcea532cc34,javax/swing/JRadioButton.java,isSelected
313d1fcf-fdf6-4e4e-85aa-8fcea532cc34,0707f5cf-683f-4642-b7bb-1bd95e11adca,9645c552-ebc1-4c6c-82ab-f7736ac7f3b0,->,313d1fcf-fdf6-4e4e-85aa-8fcea532cc34,javax/swing/JRadioButton.java,isSelected
313d1fcf-fdf6-4e4e-85aa-8fcea532cc34,0707f5cf-683f-4642-b7bb-1bd95e11adca,9645c552-ebc1-4c6c-82ab-f7736ac7f3b0,->,313d1fcf-fdf6-4e4e-85aa-8fcea532cc34,javax/swing/JOptionPane.java,showMessageDialog
313d1fcf-fdf6-4e4e-85aa-8fcea532cc34,0707f5cf-683f-4642-b7bb-1bd95e11adca,e2d95268-854a-4aab-82be-53bf0911b9a6,->,313d1fcf-fdf6-4e4e-85aa-8fcea532cc34,javax/swing/JButton.java,isEnabled
313d1fcf-fdf6-4e4e-85aa-8fcea532cc34,0707f5cf-683f-4642-b7bb-1bd95e11adca,e2d95268-854a-4aab-82be-53bf0911b9a6,->,313d1fcf-fdf6-4e4e-85aa-8fcea532cc34,javax/swing/JButton.java,isEnabled
313d1fcf-fdf6-4e4e-85aa-8fcea532cc34,0707f5cf-683f-4642-b7bb-1bd95e11adca,e2d95268-854a-4aab-82be-53bf0911b9a6,->,313d1fcf-fdf6-4e4e-85aa-8fcea532cc34,javax/swing/JButton.java,isEnabled
313d1fcf-fdf6-4e4e-85aa-8fcea532cc34,0707f5cf-683f-4642-b7bb-1bd95e11adca,e2d95268-854a-4aab-82be-53bf0911b9a6,->,313d1fcf-fdf6-4e4e-85aa-8fcea532cc34,javax/swing/JButton.java,isEnabled
313d1fcf-fdf6-4e4e-85aa-8fcea532cc34,0707f5cf-683f-4642-b7bb-1bd95e11adca,e2d95268-854a-4aab-82be-53bf0911b9a6,->,313d1fcf-fdf6-4e4e-85aa-8fcea532cc34,0707f5cf-683f-4642-b7bb-1bd95e11adca,90a16bc9-327f-45bf-b61a-153f5bdbdc55
313d1fcf-fdf6-4e4e-85aa-8fcea532cc34,0707f5cf-683f-4642-b7bb-1bd95e11adca,e2d95268-854a-4aab-82be-53bf0911b9a6,->,313d1fcf-fdf6-4e4e-85aa-8fcea532cc34,a03bf0a1-edcf-4881-b00d-be1ce57b152b,3bed7297-8716-44d0-ac96-dac2d6cacf34
313d1fcf-fdf6-4e4e-85aa-8fcea532cc34,0707f5cf-683f-4642-b7bb-1bd95e11adca,e2d95268-854a-4aab-82be-53bf0911b9a6,->,313d1fcf-fdf6-4e4e-85aa-8fcea532cc34,a03bf0a1-edcf-4881-b00d-be1ce57b152b,3bed7297-8716-44d0-ac96-dac2d6cacf34
313d1fcf-fdf6-4e4e-85aa-8fcea532cc34,0707f5cf-683f-4642-b7bb-1bd95e11adca,e2d95268-854a-4aab-82be-53bf0911b9a6,->,313d1fcf-fdf6-4e4e-85aa-8fcea532cc34,24f48b54-d614-438c-8c1e-cbb4b472c5fe,0d78f7a9-4865-45ad-9909-51f01cb9b643
313d1fcf-fdf6-4e4e-85aa-8fcea532cc34,0707f5cf-683f-4642-b7bb-1bd95e11adca,e2d95268-854a-4aab-82be-53bf0911b9a6,->,313d1fcf-fdf6-4e4e-85aa-8fcea532cc34,24f48b54-d614-438c-8c1e-cbb4b472c5fe,0d78f7a9-4865-45ad-9909-51f01cb9b643
313d1fcf-fdf6-4e4e-85aa-8fcea532cc34,0707f5cf-683f-4642-b7bb-1bd95e11adca,e2d95268-854a-4aab-82be-53bf0911b9a6,->,313d1fcf-fdf6-4e4e-85aa-8fcea532cc34,javax/swing/JButton.java,setEnabled
313d1fcf-fdf6-4e4e-85aa-8fcea532cc34,0707f5cf-683f-4642-b7bb-1bd95e11adca,e2d95268-854a-4aab-82be-53bf0911b9a6,->,313d1fcf-fdf6-4e4e-85aa-8fcea532cc34,javax/swing/JLabel.java,setText
313d1fcf-fdf6-4e4e-85aa-8fcea532cc34,0707f5cf-683f-4642-b7bb-1bd95e11adca,e2d95268-854a-4aab-82be-53bf0911b9a6,->,313d1fcf-fdf6-4e4e-85aa-8fcea532cc34,a03bf0a1-edcf-4881-b00d-be1ce57b152b,534602eb-73d7-4b23-a825-c0e85c1822ae
313d1fcf-fdf6-4e4e-85aa-8fcea532cc34,0707f5cf-683f-4642-b7bb-1bd95e11adca,e2d95268-854a-4aab-82be-53bf0911b9a6,->,313d1fcf-fdf6-4e4e-85aa-8fcea532cc34,a03bf0a1-edcf-4881-b00d-be1ce57b152b,534602eb-73d7-4b23-a825-c0e85c1822ae
313d1fcf-fdf6-4e4e-85aa-8fcea532cc34,0707f5cf-683f-4642-b7bb-1bd95e11adca,e2d95268-854a-4aab-82be-53bf0911b9a6,->,313d1fcf-fdf6-4e4e-85aa-8fcea532cc34,javax/swing/JOptionPane.java,showMessageDialog
313d1fcf-fdf6-4e4e-85aa-8fcea532cc34,0707f5cf-683f-4642-b7bb-1bd95e11adca,ac5aa031-2369-4926-80f5-e1672dad725f,->,313d1fcf-fdf6-4e4e-85aa-8fcea532cc34,game/TableroDos.java,setBounds
313d1fcf-fdf6-4e4e-85aa-8fcea532cc34,0707f5cf-683f-4642-b7bb-1bd95e11adca,ac5aa031-2369-4926-80f5-e1672dad725f,->,313d1fcf-fdf6-4e4e-85aa-8fcea532cc34,javax/swing/JPanel.java,add
313d1fcf-fdf6-4e4e-85aa-8fcea532cc34,0707f5cf-683f-4642-b7bb-1bd95e11adca,ac5aa031-2369-4926-80f5-e1672dad725f,->,313d1fcf-fdf6-4e4e-85aa-8fcea532cc34,game/TableroDos.java,setBounds
313d1fcf-fdf6-4e4e-85aa-8fcea532cc34,0707f5cf-683f-4642-b7bb-1bd95e11adca,ac5aa031-2369-4926-80f5-e1672dad725f,->,313d1fcf-fdf6-4e4e-85aa-8fcea532cc34,javax/swing/JPanel.java,add
313d1fcf-fdf6-4e4e-85aa-8fcea532cc34,0707f5cf-683f-4642-b7bb-1bd95e11adca,ac5aa031-2369-4926-80f5-e1672dad725f,->,313d1fcf-fdf6-4e4e-85aa-8fcea532cc34,javax/swing/JRadioButton.java,setEnabled
313d1fcf-fdf6-4e4e-85aa-8fcea532cc34,0707f5cf-683f-4642-b7bb-1bd95e11adca,ac5aa031-2369-4926-80f5-e1672dad725f,->,313d1fcf-fdf6-4e4e-85aa-8fcea532cc34,javax/swing/JRadioButton.java,setEnabled
313d1fcf-fdf6-4e4e-85aa-8fcea532cc34,0707f5cf-683f-4642-b7bb-1bd95e11adca,ac5aa031-2369-4926-80f5-e1672dad725f,->,313d1fcf-fdf6-4e4e-85aa-8fcea532cc34,javax/swing/JRadioButton.java,setEnabled
313d1fcf-fdf6-4e4e-85aa-8fcea532cc34,0707f5cf-683f-4642-b7bb-1bd95e11adca,ac5aa031-2369-4926-80f5-e1672dad725f,->,313d1fcf-fdf6-4e4e-85aa-8fcea532cc34,javax/swing/JRadioButton.java,setEnabled
313d1fcf-fdf6-4e4e-85aa-8fcea532cc34,0707f5cf-683f-4642-b7bb-1bd95e11adca,ac5aa031-2369-4926-80f5-e1672dad725f,->,313d1fcf-fdf6-4e4e-85aa-8fcea532cc34,javax/swing/JRadioButton.java,setEnabled
313d1fcf-fdf6-4e4e-85aa-8fcea532cc34,0707f5cf-683f-4642-b7bb-1bd95e11adca,ac5aa031-2369-4926-80f5-e1672dad725f,->,313d1fcf-fdf6-4e4e-85aa-8fcea532cc34,javax/swing/JRadioButton.java,setEnabled
313d1fcf-fdf6-4e4e-85aa-8fcea532cc34,0707f5cf-683f-4642-b7bb-1bd95e11adca,ac5aa031-2369-4926-80f5-e1672dad725f,->,313d1fcf-fdf6-4e4e-85aa-8fcea532cc34,javax/swing/JRadioButton.java,setEnabled
313d1fcf-fdf6-4e4e-85aa-8fcea532cc34,0707f5cf-683f-4642-b7bb-1bd95e11adca,ac5aa031-2369-4926-80f5-e1672dad725f,->,313d1fcf-fdf6-4e4e-85aa-8fcea532cc34,javax/swing/JRadioButton.java,setEnabled
313d1fcf-fdf6-4e4e-85aa-8fcea532cc34,0707f5cf-683f-4642-b7bb-1bd95e11adca,ac5aa031-2369-4926-80f5-e1672dad725f,->,313d1fcf-fdf6-4e4e-85aa-8fcea532cc34,javax/swing/JRadioButton.java,setSelected
313d1fcf-fdf6-4e4e-85aa-8fcea532cc34,0707f5cf-683f-4642-b7bb-1bd95e11adca,ac5aa031-2369-4926-80f5-e1672dad725f,->,313d1fcf-fdf6-4e4e-85aa-8fcea532cc34,javax/swing/JRadioButton.java,setSelected
313d1fcf-fdf6-4e4e-85aa-8fcea532cc34,0707f5cf-683f-4642-b7bb-1bd95e11adca,ac5aa031-2369-4926-80f5-e1672dad725f,->,313d1fcf-fdf6-4e4e-85aa-8fcea532cc34,javax/swing/JRadioButton.java,setSelected
313d1fcf-fdf6-4e4e-85aa-8fcea532cc34,0707f5cf-683f-4642-b7bb-1bd95e11adca,ac5aa031-2369-4926-80f5-e1672dad725f,->,313d1fcf-fdf6-4e4e-85aa-8fcea532cc34,javax/swing/JRadioButton.java,setSelected
313d1fcf-fdf6-4e4e-85aa-8fcea532cc34,0707f5cf-683f-4642-b7bb-1bd95e11adca,ac5aa031-2369-4926-80f5-e1672dad725f,->,313d1fcf-fdf6-4e4e-85aa-8fcea532cc34,javax/swing/JRadioButton.java,setSelected
313d1fcf-fdf6-4e4e-85aa-8fcea532cc34,0707f5cf-683f-4642-b7bb-1bd95e11adca,ac5aa031-2369-4926-80f5-e1672dad725f,->,313d1fcf-fdf6-4e4e-85aa-8fcea532cc34,javax/swing/JRadioButton.java,setSelected
313d1fcf-fdf6-4e4e-85aa-8fcea532cc34,0707f5cf-683f-4642-b7bb-1bd95e11adca,ac5aa031-2369-4926-80f5-e1672dad725f,->,313d1fcf-fdf6-4e4e-85aa-8fcea532cc34,javax/swing/JRadioButton.java,setSelected
313d1fcf-fdf6-4e4e-85aa-8fcea532cc34,0707f5cf-683f-4642-b7bb-1bd95e11adca,ac5aa031-2369-4926-80f5-e1672dad725f,->,313d1fcf-fdf6-4e4e-85aa-8fcea532cc34,javax/swing/JRadioButton.java,setSelected
313d1fcf-fdf6-4e4e-85aa-8fcea532cc34,0707f5cf-683f-4642-b7bb-1bd95e11adca,ac5aa031-2369-4926-80f5-e1672dad725f,->,313d1fcf-fdf6-4e4e-85aa-8fcea532cc34,javax/swing/JLabel.java,setText
313d1fcf-fdf6-4e4e-85aa-8fcea532cc34,0707f5cf-683f-4642-b7bb-1bd95e11adca,ac5aa031-2369-4926-80f5-e1672dad725f,->,313d1fcf-fdf6-4e4e-85aa-8fcea532cc34,javax/swing/JLabel.java,setText
313d1fcf-fdf6-4e4e-85aa-8fcea532cc34,0707f5cf-683f-4642-b7bb-1bd95e11adca,ac5aa031-2369-4926-80f5-e1672dad725f,->,313d1fcf-fdf6-4e4e-85aa-8fcea532cc34,javax/swing/JLabel.java,setText
313d1fcf-fdf6-4e4e-85aa-8fcea532cc34,0707f5cf-683f-4642-b7bb-1bd95e11adca,ac5aa031-2369-4926-80f5-e1672dad725f,->,313d1fcf-fdf6-4e4e-85aa-8fcea532cc34,javax/swing/JLabel.java,setText
313d1fcf-fdf6-4e4e-85aa-8fcea532cc34,0707f5cf-683f-4642-b7bb-1bd95e11adca,ac5aa031-2369-4926-80f5-e1672dad725f,->,313d1fcf-fdf6-4e4e-85aa-8fcea532cc34,javax/swing/JButton.java,setEnabled
313d1fcf-fdf6-4e4e-85aa-8fcea532cc34,0707f5cf-683f-4642-b7bb-1bd95e11adca,ac5aa031-2369-4926-80f5-e1672dad725f,->,313d1fcf-fdf6-4e4e-85aa-8fcea532cc34,javax/swing/JButton.java,setEnabled
313d1fcf-fdf6-4e4e-85aa-8fcea532cc34,0707f5cf-683f-4642-b7bb-1bd95e11adca,ac5aa031-2369-4926-80f5-e1672dad725f,->,313d1fcf-fdf6-4e4e-85aa-8fcea532cc34,javax/swing/JButton.java,setEnabled
313d1fcf-fdf6-4e4e-85aa-8fcea532cc34,0707f5cf-683f-4642-b7bb-1bd95e11adca,ac5aa031-2369-4926-80f5-e1672dad725f,->,313d1fcf-fdf6-4e4e-85aa-8fcea532cc34,javax/swing/JButton.java,setEnabled
313d1fcf-fdf6-4e4e-85aa-8fcea532cc34,0707f5cf-683f-4642-b7bb-1bd95e11adca,ac5aa031-2369-4926-80f5-e1672dad725f,->,313d1fcf-fdf6-4e4e-85aa-8fcea532cc34,javax/swing/JMenuItem.java,setEnabled
313d1fcf-fdf6-4e4e-85aa-8fcea532cc34,0707f5cf-683f-4642-b7bb-1bd95e11adca,ac5aa031-2369-4926-80f5-e1672dad725f,->,313d1fcf-fdf6-4e4e-85aa-8fcea532cc34,javax/swing/JMenuItem.java,setEnabled
313d1fcf-fdf6-4e4e-85aa-8fcea532cc34,0707f5cf-683f-4642-b7bb-1bd95e11adca,ac5aa031-2369-4926-80f5-e1672dad725f,->,313d1fcf-fdf6-4e4e-85aa-8fcea532cc34,javax/swing/JMenuItem.java,setEnabled
313d1fcf-fdf6-4e4e-85aa-8fcea532cc34,0707f5cf-683f-4642-b7bb-1bd95e11adca,ac5aa031-2369-4926-80f5-e1672dad725f,->,313d1fcf-fdf6-4e4e-85aa-8fcea532cc34,javax/swing/JTabbedPane.java,setEnabledAt
313d1fcf-fdf6-4e4e-85aa-8fcea532cc34,0707f5cf-683f-4642-b7bb-1bd95e11adca,90a16bc9-327f-45bf-b61a-153f5bdbdc55,->,313d1fcf-fdf6-4e4e-85aa-8fcea532cc34,java/lang/StringBuilder.java,append
313d1fcf-fdf6-4e4e-85aa-8fcea532cc34,0707f5cf-683f-4642-b7bb-1bd95e11adca,90a16bc9-327f-45bf-b61a-153f5bdbdc55,->,313d1fcf-fdf6-4e4e-85aa-8fcea532cc34,java/lang/StringBuilder.java,append
313d1fcf-fdf6-4e4e-85aa-8fcea532cc34,0707f5cf-683f-4642-b7bb-1bd95e11adca,90a16bc9-327f-45bf-b61a-153f5bdbdc55,->,313d1fcf-fdf6-4e4e-85aa-8fcea532cc34,java/lang/StringBuilder.java,toString
313d1fcf-fdf6-4e4e-85aa-8fcea532cc34,0707f5cf-683f-4642-b7bb-1bd95e11adca,90a16bc9-327f-45bf-b61a-153f5bdbdc55,->,313d1fcf-fdf6-4e4e-85aa-8fcea532cc34,javax/swing/JTextArea.java,append
313d1fcf-fdf6-4e4e-85aa-8fcea532cc34,0707f5cf-683f-4642-b7bb-1bd95e11adca,90a16bc9-327f-45bf-b61a-153f5bdbdc55,->,313d1fcf-fdf6-4e4e-85aa-8fcea532cc34,javax/swing/JTextArea.java,getHeight
313d1fcf-fdf6-4e4e-85aa-8fcea532cc34,0707f5cf-683f-4642-b7bb-1bd95e11adca,90a16bc9-327f-45bf-b61a-153f5bdbdc55,->,313d1fcf-fdf6-4e4e-85aa-8fcea532cc34,javax/swing/JScrollPane.java,getViewport
313d1fcf-fdf6-4e4e-85aa-8fcea532cc34,0707f5cf-683f-4642-b7bb-1bd95e11adca,90a16bc9-327f-45bf-b61a-153f5bdbdc55,->,313d1fcf-fdf6-4e4e-85aa-8fcea532cc34,javax/swing/JViewport.java,setViewPosition
313d1fcf-fdf6-4e4e-85aa-8fcea532cc34,0707f5cf-683f-4642-b7bb-1bd95e11adca,35446c25-04ec-443b-89d0-48dc74cb6ab2,->,313d1fcf-fdf6-4e4e-85aa-8fcea532cc34,javax/swing/JTabbedPane.java,setSelectedIndex
313d1fcf-fdf6-4e4e-85aa-8fcea532cc34,0707f5cf-683f-4642-b7bb-1bd95e11adca,35446c25-04ec-443b-89d0-48dc74cb6ab2,->,313d1fcf-fdf6-4e4e-85aa-8fcea532cc34,javax/swing/JTabbedPane.java,setEnabledAt
313d1fcf-fdf6-4e4e-85aa-8fcea532cc34,0707f5cf-683f-4642-b7bb-1bd95e11adca,35446c25-04ec-443b-89d0-48dc74cb6ab2,->,313d1fcf-fdf6-4e4e-85aa-8fcea532cc34,javax/swing/JPanel.java,remove
313d1fcf-fdf6-4e4e-85aa-8fcea532cc34,0707f5cf-683f-4642-b7bb-1bd95e11adca,35446c25-04ec-443b-89d0-48dc74cb6ab2,->,313d1fcf-fdf6-4e4e-85aa-8fcea532cc34,javax/swing/JPanel.java,remove
313d1fcf-fdf6-4e4e-85aa-8fcea532cc34,0707f5cf-683f-4642-b7bb-1bd95e11adca,35446c25-04ec-443b-89d0-48dc74cb6ab2,->,313d1fcf-fdf6-4e4e-85aa-8fcea532cc34,javax/swing/JPanel.java,repaint
313d1fcf-fdf6-4e4e-85aa-8fcea532cc34,0707f5cf-683f-4642-b7bb-1bd95e11adca,35446c25-04ec-443b-89d0-48dc74cb6ab2,->,313d1fcf-fdf6-4e4e-85aa-8fcea532cc34,javax/swing/JMenuItem.java,setEnabled
313d1fcf-fdf6-4e4e-85aa-8fcea532cc34,0707f5cf-683f-4642-b7bb-1bd95e11adca,35446c25-04ec-443b-89d0-48dc74cb6ab2,->,313d1fcf-fdf6-4e4e-85aa-8fcea532cc34,javax/swing/JMenuItem.java,setEnabled
313d1fcf-fdf6-4e4e-85aa-8fcea532cc34,0707f5cf-683f-4642-b7bb-1bd95e11adca,35446c25-04ec-443b-89d0-48dc74cb6ab2,->,313d1fcf-fdf6-4e4e-85aa-8fcea532cc34,javax/swing/JMenuItem.java,setEnabled
313d1fcf-fdf6-4e4e-85aa-8fcea532cc34,0707f5cf-683f-4642-b7bb-1bd95e11adca,35446c25-04ec-443b-89d0-48dc74cb6ab2,->,313d1fcf-fdf6-4e4e-85aa-8fcea532cc34,javax/swing/JTabbedPane.java,setEnabledAt
313d1fcf-fdf6-4e4e-85aa-8fcea532cc34,0707f5cf-683f-4642-b7bb-1bd95e11adca,35446c25-04ec-443b-89d0-48dc74cb6ab2,->,313d1fcf-fdf6-4e4e-85aa-8fcea532cc34,javax/swing/JTextArea.java,setText
313d1fcf-fdf6-4e4e-85aa-8fcea532cc34,0707f5cf-683f-4642-b7bb-1bd95e11adca,35446c25-04ec-443b-89d0-48dc74cb6ab2,->,313d1fcf-fdf6-4e4e-85aa-8fcea532cc34,java/lang/NullPointerException.java,getMessage
313d1fcf-fdf6-4e4e-85aa-8fcea532cc34,0707f5cf-683f-4642-b7bb-1bd95e11adca,35446c25-04ec-443b-89d0-48dc74cb6ab2,->,313d1fcf-fdf6-4e4e-85aa-8fcea532cc34,java/io/PrintStream.java,println
313d1fcf-fdf6-4e4e-85aa-8fcea532cc34,0707f5cf-683f-4642-b7bb-1bd95e11adca,e04e7b78-c90b-41cb-a4b4-243301159247,->,313d1fcf-fdf6-4e4e-85aa-8fcea532cc34,0707f5cf-683f-4642-b7bb-1bd95e11adca,35446c25-04ec-443b-89d0-48dc74cb6ab2
313d1fcf-fdf6-4e4e-85aa-8fcea532cc34,0707f5cf-683f-4642-b7bb-1bd95e11adca,e04e7b78-c90b-41cb-a4b4-243301159247,->,313d1fcf-fdf6-4e4e-85aa-8fcea532cc34,0707f5cf-683f-4642-b7bb-1bd95e11adca,ac5aa031-2369-4926-80f5-e1672dad725f
313d1fcf-fdf6-4e4e-85aa-8fcea532cc34,0707f5cf-683f-4642-b7bb-1bd95e11adca,e04e7b78-c90b-41cb-a4b4-243301159247,->,313d1fcf-fdf6-4e4e-85aa-8fcea532cc34,javax/swing/JTabbedPane.java,setEnabledAt
313d1fcf-fdf6-4e4e-85aa-8fcea532cc34,0707f5cf-683f-4642-b7bb-1bd95e11adca,e04e7b78-c90b-41cb-a4b4-243301159247,->,313d1fcf-fdf6-4e4e-85aa-8fcea532cc34,javax/swing/JTabbedPane.java,setSelectedIndex
313d1fcf-fdf6-4e4e-85aa-8fcea532cc34,0707f5cf-683f-4642-b7bb-1bd95e11adca,9fc0301e-c81e-46e7-b1b0-6ab1f30ca274,->,313d1fcf-fdf6-4e4e-85aa-8fcea532cc34,javax/swing/JOptionPane.java,showOptionDialog
313d1fcf-fdf6-4e4e-85aa-8fcea532cc34,0707f5cf-683f-4642-b7bb-1bd95e11adca,9fc0301e-c81e-46e7-b1b0-6ab1f30ca274,->,313d1fcf-fdf6-4e4e-85aa-8fcea532cc34,0707f5cf-683f-4642-b7bb-1bd95e11adca,35446c25-04ec-443b-89d0-48dc74cb6ab2
313d1fcf-fdf6-4e4e-85aa-8fcea532cc34,0707f5cf-683f-4642-b7bb-1bd95e11adca,9fc0301e-c81e-46e7-b1b0-6ab1f30ca274,->,313d1fcf-fdf6-4e4e-85aa-8fcea532cc34,0707f5cf-683f-4642-b7bb-1bd95e11adca,35446c25-04ec-443b-89d0-48dc74cb6ab2
313d1fcf-fdf6-4e4e-85aa-8fcea532cc34,0707f5cf-683f-4642-b7bb-1bd95e11adca,7f561b18-43a3-4cfc-b926-af370c4dac0b,->,313d1fcf-fdf6-4e4e-85aa-8fcea532cc34,0707f5cf-683f-4642-b7bb-1bd95e11adca,9fc0301e-c81e-46e7-b1b0-6ab1f30ca274
313d1fcf-fdf6-4e4e-85aa-8fcea532cc34,0707f5cf-683f-4642-b7bb-1bd95e11adca,4b8e437b-3703-41d1-8546-c3e460adfe04,->,313d1fcf-fdf6-4e4e-85aa-8fcea532cc34,0707f5cf-683f-4642-b7bb-1bd95e11adca,35446c25-04ec-443b-89d0-48dc74cb6ab2
313d1fcf-fdf6-4e4e-85aa-8fcea532cc34,0707f5cf-683f-4642-b7bb-1bd95e11adca,4b8e437b-3703-41d1-8546-c3e460adfe04,->,313d1fcf-fdf6-4e4e-85aa-8fcea532cc34,0707f5cf-683f-4642-b7bb-1bd95e11adca,ac5aa031-2369-4926-80f5-e1672dad725f
313d1fcf-fdf6-4e4e-85aa-8fcea532cc34,0707f5cf-683f-4642-b7bb-1bd95e11adca,4b8e437b-3703-41d1-8546-c3e460adfe04,->,313d1fcf-fdf6-4e4e-85aa-8fcea532cc34,javax/swing/JTabbedPane.java,setEnabledAt
313d1fcf-fdf6-4e4e-85aa-8fcea532cc34,0707f5cf-683f-4642-b7bb-1bd95e11adca,4b8e437b-3703-41d1-8546-c3e460adfe04,->,313d1fcf-fdf6-4e4e-85aa-8fcea532cc34,javax/swing/JTabbedPane.java,setSelectedIndex
313d1fcf-fdf6-4e4e-85aa-8fcea532cc34,0707f5cf-683f-4642-b7bb-1bd95e11adca,9115a5f3-caac-49a8-8d7a-5913d6459b93,->,313d1fcf-fdf6-4e4e-85aa-8fcea532cc34,javax/swing/JOptionPane.java,showMessageDialog
313d1fcf-fdf6-4e4e-85aa-8fcea532cc34,0707f5cf-683f-4642-b7bb-1bd95e11adca,1d255964-c822-447d-be0d-ce086c472488,->,313d1fcf-fdf6-4e4e-85aa-8fcea532cc34,javax/swing/JOptionPane.java,showOptionDialog
313d1fcf-fdf6-4e4e-85aa-8fcea532cc34,0707f5cf-683f-4642-b7bb-1bd95e11adca,1d255964-c822-447d-be0d-ce086c472488,->,313d1fcf-fdf6-4e4e-85aa-8fcea532cc34,javax/swing/JFrame.java,dispose
313d1fcf-fdf6-4e4e-85aa-8fcea532cc34,0707f5cf-683f-4642-b7bb-1bd95e11adca,3fc34a15-9a47-48d3-9dcc-2a69b88936bb,->,313d1fcf-fdf6-4e4e-85aa-8fcea532cc34,javax/swing/JPanel.java,isEnabled
313d1fcf-fdf6-4e4e-85aa-8fcea532cc34,0707f5cf-683f-4642-b7bb-1bd95e11adca,3fc34a15-9a47-48d3-9dcc-2a69b88936bb,->,313d1fcf-fdf6-4e4e-85aa-8fcea532cc34,javax/swing/JOptionPane.java,showOptionDialog
313d1fcf-fdf6-4e4e-85aa-8fcea532cc34,0707f5cf-683f-4642-b7bb-1bd95e11adca,3fc34a15-9a47-48d3-9dcc-2a69b88936bb,->,313d1fcf-fdf6-4e4e-85aa-8fcea532cc34,0707f5cf-683f-4642-b7bb-1bd95e11adca,35446c25-04ec-443b-89d0-48dc74cb6ab2
313d1fcf-fdf6-4e4e-85aa-8fcea532cc34,0707f5cf-683f-4642-b7bb-1bd95e11adca,3fc34a15-9a47-48d3-9dcc-2a69b88936bb,->,313d1fcf-fdf6-4e4e-85aa-8fcea532cc34,0707f5cf-683f-4642-b7bb-1bd95e11adca,ac5aa031-2369-4926-80f5-e1672dad725f
313d1fcf-fdf6-4e4e-85aa-8fcea532cc34,0707f5cf-683f-4642-b7bb-1bd95e11adca,3fc34a15-9a47-48d3-9dcc-2a69b88936bb,->,313d1fcf-fdf6-4e4e-85aa-8fcea532cc34,javax/swing/JTabbedPane.java,setEnabledAt
313d1fcf-fdf6-4e4e-85aa-8fcea532cc34,0707f5cf-683f-4642-b7bb-1bd95e11adca,3fc34a15-9a47-48d3-9dcc-2a69b88936bb,->,313d1fcf-fdf6-4e4e-85aa-8fcea532cc34,javax/swing/JTabbedPane.java,setSelectedIndex
313d1fcf-fdf6-4e4e-85aa-8fcea532cc34,0707f5cf-683f-4642-b7bb-1bd95e11adca,12b99a9c-c131-418b-aec5-d1a48b58f3c8,->,313d1fcf-fdf6-4e4e-85aa-8fcea532cc34,javax/swing/JPanel.java,isEnabled
313d1fcf-fdf6-4e4e-85aa-8fcea532cc34,0707f5cf-683f-4642-b7bb-1bd95e11adca,12b99a9c-c131-418b-aec5-d1a48b58f3c8,->,313d1fcf-fdf6-4e4e-85aa-8fcea532cc34,javax/swing/JOptionPane.java,showOptionDialog
313d1fcf-fdf6-4e4e-85aa-8fcea532cc34,0707f5cf-683f-4642-b7bb-1bd95e11adca,12b99a9c-c131-418b-aec5-d1a48b58f3c8,->,313d1fcf-fdf6-4e4e-85aa-8fcea532cc34,0707f5cf-683f-4642-b7bb-1bd95e11adca,35446c25-04ec-443b-89d0-48dc74cb6ab2
313d1fcf-fdf6-4e4e-85aa-8fcea532cc34,0707f5cf-683f-4642-b7bb-1bd95e11adca,12b99a9c-c131-418b-aec5-d1a48b58f3c8,->,313d1fcf-fdf6-4e4e-85aa-8fcea532cc34,0707f5cf-683f-4642-b7bb-1bd95e11adca,ac5aa031-2369-4926-80f5-e1672dad725f
313d1fcf-fdf6-4e4e-85aa-8fcea532cc34,0707f5cf-683f-4642-b7bb-1bd95e11adca,12b99a9c-c131-418b-aec5-d1a48b58f3c8,->,313d1fcf-fdf6-4e4e-85aa-8fcea532cc34,javax/swing/JTabbedPane.java,setEnabledAt
313d1fcf-fdf6-4e4e-85aa-8fcea532cc34,0707f5cf-683f-4642-b7bb-1bd95e11adca,12b99a9c-c131-418b-aec5-d1a48b58f3c8,->,313d1fcf-fdf6-4e4e-85aa-8fcea532cc34,javax/swing/JTabbedPane.java,setSelectedIndex
313d1fcf-fdf6-4e4e-85aa-8fcea532cc34,0707f5cf-683f-4642-b7bb-1bd95e11adca,6aaf26c9-de0b-4ece-852c-3708b43ba2a6,->,313d1fcf-fdf6-4e4e-85aa-8fcea532cc34,javax/swing/JPanel.java,isEnabled
313d1fcf-fdf6-4e4e-85aa-8fcea532cc34,0707f5cf-683f-4642-b7bb-1bd95e11adca,6aaf26c9-de0b-4ece-852c-3708b43ba2a6,->,313d1fcf-fdf6-4e4e-85aa-8fcea532cc34,javax/swing/JOptionPane.java,showOptionDialog
313d1fcf-fdf6-4e4e-85aa-8fcea532cc34,0707f5cf-683f-4642-b7bb-1bd95e11adca,6aaf26c9-de0b-4ece-852c-3708b43ba2a6,->,313d1fcf-fdf6-4e4e-85aa-8fcea532cc34,0707f5cf-683f-4642-b7bb-1bd95e11adca,35446c25-04ec-443b-89d0-48dc74cb6ab2
313d1fcf-fdf6-4e4e-85aa-8fcea532cc34,0707f5cf-683f-4642-b7bb-1bd95e11adca,6aaf26c9-de0b-4ece-852c-3708b43ba2a6,->,313d1fcf-fdf6-4e4e-85aa-8fcea532cc34,0707f5cf-683f-4642-b7bb-1bd95e11adca,ac5aa031-2369-4926-80f5-e1672dad725f
313d1fcf-fdf6-4e4e-85aa-8fcea532cc34,0707f5cf-683f-4642-b7bb-1bd95e11adca,6aaf26c9-de0b-4ece-852c-3708b43ba2a6,->,313d1fcf-fdf6-4e4e-85aa-8fcea532cc34,javax/swing/JTabbedPane.java,setEnabledAt
313d1fcf-fdf6-4e4e-85aa-8fcea532cc34,0707f5cf-683f-4642-b7bb-1bd95e11adca,6aaf26c9-de0b-4ece-852c-3708b43ba2a6,->,313d1fcf-fdf6-4e4e-85aa-8fcea532cc34,javax/swing/JTabbedPane.java,setSelectedIndex
313d1fcf-fdf6-4e4e-85aa-8fcea532cc34,0707f5cf-683f-4642-b7bb-1bd95e11adca,307d5071-6f67-4c47-929a-93d2d2fb9b57,->,313d1fcf-fdf6-4e4e-85aa-8fcea532cc34,javax/swing/JButton.java,setEnabled
313d1fcf-fdf6-4e4e-85aa-8fcea532cc34,0707f5cf-683f-4642-b7bb-1bd95e11adca,307d5071-6f67-4c47-929a-93d2d2fb9b57,->,313d1fcf-fdf6-4e4e-85aa-8fcea532cc34,javax/swing/JRadioButton.java,setEnabled
313d1fcf-fdf6-4e4e-85aa-8fcea532cc34,0707f5cf-683f-4642-b7bb-1bd95e11adca,307d5071-6f67-4c47-929a-93d2d2fb9b57,->,313d1fcf-fdf6-4e4e-85aa-8fcea532cc34,javax/swing/JRadioButton.java,setEnabled
313d1fcf-fdf6-4e4e-85aa-8fcea532cc34,0707f5cf-683f-4642-b7bb-1bd95e11adca,307d5071-6f67-4c47-929a-93d2d2fb9b57,->,313d1fcf-fdf6-4e4e-85aa-8fcea532cc34,javax/swing/JLabel.java,setText
313d1fcf-fdf6-4e4e-85aa-8fcea532cc34,0707f5cf-683f-4642-b7bb-1bd95e11adca,307d5071-6f67-4c47-929a-93d2d2fb9b57,->,313d1fcf-fdf6-4e4e-85aa-8fcea532cc34,javax/swing/JButton.java,setEnabled
313d1fcf-fdf6-4e4e-85aa-8fcea532cc34,0707f5cf-683f-4642-b7bb-1bd95e11adca,307d5071-6f67-4c47-929a-93d2d2fb9b57,->,313d1fcf-fdf6-4e4e-85aa-8fcea532cc34,javax/swing/JRadioButton.java,setEnabled
313d1fcf-fdf6-4e4e-85aa-8fcea532cc34,0707f5cf-683f-4642-b7bb-1bd95e11adca,307d5071-6f67-4c47-929a-93d2d2fb9b57,->,313d1fcf-fdf6-4e4e-85aa-8fcea532cc34,javax/swing/JRadioButton.java,setEnabled
313d1fcf-fdf6-4e4e-85aa-8fcea532cc34,0707f5cf-683f-4642-b7bb-1bd95e11adca,307d5071-6f67-4c47-929a-93d2d2fb9b57,->,313d1fcf-fdf6-4e4e-85aa-8fcea532cc34,javax/swing/JLabel.java,setText
313d1fcf-fdf6-4e4e-85aa-8fcea532cc34,0707f5cf-683f-4642-b7bb-1bd95e11adca,307d5071-6f67-4c47-929a-93d2d2fb9b57,->,313d1fcf-fdf6-4e4e-85aa-8fcea532cc34,javax/swing/JButton.java,setEnabled
313d1fcf-fdf6-4e4e-85aa-8fcea532cc34,0707f5cf-683f-4642-b7bb-1bd95e11adca,307d5071-6f67-4c47-929a-93d2d2fb9b57,->,313d1fcf-fdf6-4e4e-85aa-8fcea532cc34,javax/swing/JRadioButton.java,setEnabled
313d1fcf-fdf6-4e4e-85aa-8fcea532cc34,0707f5cf-683f-4642-b7bb-1bd95e11adca,307d5071-6f67-4c47-929a-93d2d2fb9b57,->,313d1fcf-fdf6-4e4e-85aa-8fcea532cc34,javax/swing/JRadioButton.java,setEnabled
313d1fcf-fdf6-4e4e-85aa-8fcea532cc34,0707f5cf-683f-4642-b7bb-1bd95e11adca,307d5071-6f67-4c47-929a-93d2d2fb9b57,->,313d1fcf-fdf6-4e4e-85aa-8fcea532cc34,javax/swing/JLabel.java,setText
313d1fcf-fdf6-4e4e-85aa-8fcea532cc34,0707f5cf-683f-4642-b7bb-1bd95e11adca,307d5071-6f67-4c47-929a-93d2d2fb9b57,->,313d1fcf-fdf6-4e4e-85aa-8fcea532cc34,javax/swing/JButton.java,setEnabled
313d1fcf-fdf6-4e4e-85aa-8fcea532cc34,0707f5cf-683f-4642-b7bb-1bd95e11adca,307d5071-6f67-4c47-929a-93d2d2fb9b57,->,313d1fcf-fdf6-4e4e-85aa-8fcea532cc34,javax/swing/JRadioButton.java,setEnabled
313d1fcf-fdf6-4e4e-85aa-8fcea532cc34,0707f5cf-683f-4642-b7bb-1bd95e11adca,307d5071-6f67-4c47-929a-93d2d2fb9b57,->,313d1fcf-fdf6-4e4e-85aa-8fcea532cc34,javax/swing/JRadioButton.java,setEnabled
313d1fcf-fdf6-4e4e-85aa-8fcea532cc34,0707f5cf-683f-4642-b7bb-1bd95e11adca,307d5071-6f67-4c47-929a-93d2d2fb9b57,->,313d1fcf-fdf6-4e4e-85aa-8fcea532cc34,javax/swing/JLabel.java,setText
313d1fcf-fdf6-4e4e-85aa-8fcea532cc34,0707f5cf-683f-4642-b7bb-1bd95e11adca,307d5071-6f67-4c47-929a-93d2d2fb9b57,->,313d1fcf-fdf6-4e4e-85aa-8fcea532cc34,javax/swing/JButton.java,setEnabled
313d1fcf-fdf6-4e4e-85aa-8fcea532cc34,0707f5cf-683f-4642-b7bb-1bd95e11adca,a71b3fd4-4086-49ba-81a3-faf0d3fe1e62,->,313d1fcf-fdf6-4e4e-85aa-8fcea532cc34,47793caf-a6fc-46bf-a49b-eaf194f7632a,e37d6a51-83a8-468c-9a1c-a16e24a1c3fd
313d1fcf-fdf6-4e4e-85aa-8fcea532cc34,0707f5cf-683f-4642-b7bb-1bd95e11adca,a71b3fd4-4086-49ba-81a3-faf0d3fe1e62,->,313d1fcf-fdf6-4e4e-85aa-8fcea532cc34,javax/swing/JLabel.java,setText
313d1fcf-fdf6-4e4e-85aa-8fcea532cc34,0707f5cf-683f-4642-b7bb-1bd95e11adca,a71b3fd4-4086-49ba-81a3-faf0d3fe1e62,->,313d1fcf-fdf6-4e4e-85aa-8fcea532cc34,javax/swing/JLabel.java,setText
313d1fcf-fdf6-4e4e-85aa-8fcea532cc34,0707f5cf-683f-4642-b7bb-1bd95e11adca,a71b3fd4-4086-49ba-81a3-faf0d3fe1e62,->,313d1fcf-fdf6-4e4e-85aa-8fcea532cc34,javax/swing/JLabel.java,setText
313d1fcf-fdf6-4e4e-85aa-8fcea532cc34,0707f5cf-683f-4642-b7bb-1bd95e11adca,a71b3fd4-4086-49ba-81a3-faf0d3fe1e62,->,313d1fcf-fdf6-4e4e-85aa-8fcea532cc34,javax/swing/JLabel.java,setText
313d1fcf-fdf6-4e4e-85aa-8fcea532cc34,0707f5cf-683f-4642-b7bb-1bd95e11adca,a71b3fd4-4086-49ba-81a3-faf0d3fe1e62,->,313d1fcf-fdf6-4e4e-85aa-8fcea532cc34,javax/swing/JLabel.java,setText
313d1fcf-fdf6-4e4e-85aa-8fcea532cc34,0707f5cf-683f-4642-b7bb-1bd95e11adca,a71b3fd4-4086-49ba-81a3-faf0d3fe1e62,->,313d1fcf-fdf6-4e4e-85aa-8fcea532cc34,javax/swing/JLabel.java,setText
313d1fcf-fdf6-4e4e-85aa-8fcea532cc34,0707f5cf-683f-4642-b7bb-1bd95e11adca,a71b3fd4-4086-49ba-81a3-faf0d3fe1e62,->,313d1fcf-fdf6-4e4e-85aa-8fcea532cc34,javax/swing/JLabel.java,setText
313d1fcf-fdf6-4e4e-85aa-8fcea532cc34,0707f5cf-683f-4642-b7bb-1bd95e11adca,a71b3fd4-4086-49ba-81a3-faf0d3fe1e62,->,313d1fcf-fdf6-4e4e-85aa-8fcea532cc34,javax/swing/JLabel.java,setText
313d1fcf-fdf6-4e4e-85aa-8fcea532cc34,0707f5cf-683f-4642-b7bb-1bd95e11adca,a71b3fd4-4086-49ba-81a3-faf0d3fe1e62,->,313d1fcf-fdf6-4e4e-85aa-8fcea532cc34,javax/swing/JLabel.java,setText
313d1fcf-fdf6-4e4e-85aa-8fcea532cc34,0707f5cf-683f-4642-b7bb-1bd95e11adca,a71b3fd4-4086-49ba-81a3-faf0d3fe1e62,->,313d1fcf-fdf6-4e4e-85aa-8fcea532cc34,javax/swing/JLabel.java,setText
313d1fcf-fdf6-4e4e-85aa-8fcea532cc34,0707f5cf-683f-4642-b7bb-1bd95e11adca,a71b3fd4-4086-49ba-81a3-faf0d3fe1e62,->,313d1fcf-fdf6-4e4e-85aa-8fcea532cc34,javax/swing/JLabel.java,setText
313d1fcf-fdf6-4e4e-85aa-8fcea532cc34,0707f5cf-683f-4642-b7bb-1bd95e11adca,a71b3fd4-4086-49ba-81a3-faf0d3fe1e62,->,313d1fcf-fdf6-4e4e-85aa-8fcea532cc34,javax/swing/JLabel.java,setText
313d1fcf-fdf6-4e4e-85aa-8fcea532cc34,0707f5cf-683f-4642-b7bb-1bd95e11adca,a71b3fd4-4086-49ba-81a3-faf0d3fe1e62,->,313d1fcf-fdf6-4e4e-85aa-8fcea532cc34,javax/swing/JLabel.java,setText
313d1fcf-fdf6-4e4e-85aa-8fcea532cc34,0707f5cf-683f-4642-b7bb-1bd95e11adca,a71b3fd4-4086-49ba-81a3-faf0d3fe1e62,->,313d1fcf-fdf6-4e4e-85aa-8fcea532cc34,javax/swing/JLabel.java,setText
313d1fcf-fdf6-4e4e-85aa-8fcea532cc34,0707f5cf-683f-4642-b7bb-1bd95e11adca,a71b3fd4-4086-49ba-81a3-faf0d3fe1e62,->,313d1fcf-fdf6-4e4e-85aa-8fcea532cc34,javax/swing/JLabel.java,setText
313d1fcf-fdf6-4e4e-85aa-8fcea532cc34,0707f5cf-683f-4642-b7bb-1bd95e11adca,a71b3fd4-4086-49ba-81a3-faf0d3fe1e62,->,313d1fcf-fdf6-4e4e-85aa-8fcea532cc34,javax/swing/JLabel.java,setText
313d1fcf-fdf6-4e4e-85aa-8fcea532cc34,0707f5cf-683f-4642-b7bb-1bd95e11adca,a71b3fd4-4086-49ba-81a3-faf0d3fe1e62,->,313d1fcf-fdf6-4e4e-85aa-8fcea532cc34,javax/swing/JLabel.java,setText
313d1fcf-fdf6-4e4e-85aa-8fcea532cc34,0707f5cf-683f-4642-b7bb-1bd95e11adca,a71b3fd4-4086-49ba-81a3-faf0d3fe1e62,->,313d1fcf-fdf6-4e4e-85aa-8fcea532cc34,javax/swing/JLabel.java,setText
313d1fcf-fdf6-4e4e-85aa-8fcea532cc34,0707f5cf-683f-4642-b7bb-1bd95e11adca,a71b3fd4-4086-49ba-81a3-faf0d3fe1e62,->,313d1fcf-fdf6-4e4e-85aa-8fcea532cc34,javax/swing/JLabel.java,setText
313d1fcf-fdf6-4e4e-85aa-8fcea532cc34,0707f5cf-683f-4642-b7bb-1bd95e11adca,a71b3fd4-4086-49ba-81a3-faf0d3fe1e62,->,313d1fcf-fdf6-4e4e-85aa-8fcea532cc34,javax/swing/JLabel.java,setText
313d1fcf-fdf6-4e4e-85aa-8fcea532cc34,0707f5cf-683f-4642-b7bb-1bd95e11adca,857a1d00-5ed7-451d-b5e2-ccf61d49dbb4,->,313d1fcf-fdf6-4e4e-85aa-8fcea532cc34,47793caf-a6fc-46bf-a49b-eaf194f7632a,9c1b96bc-7b1e-4435-a932-3ad9c1a343f4
313d1fcf-fdf6-4e4e-85aa-8fcea532cc34,0707f5cf-683f-4642-b7bb-1bd95e11adca,857a1d00-5ed7-451d-b5e2-ccf61d49dbb4,->,313d1fcf-fdf6-4e4e-85aa-8fcea532cc34,javax/swing/JTextField.java,setText
313d1fcf-fdf6-4e4e-85aa-8fcea532cc34,0707f5cf-683f-4642-b7bb-1bd95e11adca,857a1d00-5ed7-451d-b5e2-ccf61d49dbb4,->,313d1fcf-fdf6-4e4e-85aa-8fcea532cc34,javax/swing/JLabel.java,setText
313d1fcf-fdf6-4e4e-85aa-8fcea532cc34,0707f5cf-683f-4642-b7bb-1bd95e11adca,857a1d00-5ed7-451d-b5e2-ccf61d49dbb4,->,313d1fcf-fdf6-4e4e-85aa-8fcea532cc34,javax/swing/JLabel.java,setText
313d1fcf-fdf6-4e4e-85aa-8fcea532cc34,0707f5cf-683f-4642-b7bb-1bd95e11adca,857a1d00-5ed7-451d-b5e2-ccf61d49dbb4,->,313d1fcf-fdf6-4e4e-85aa-8fcea532cc34,javax/swing/JLabel.java,setText
313d1fcf-fdf6-4e4e-85aa-8fcea532cc34,0707f5cf-683f-4642-b7bb-1bd95e11adca,857a1d00-5ed7-451d-b5e2-ccf61d49dbb4,->,313d1fcf-fdf6-4e4e-85aa-8fcea532cc34,javax/swing/JLabel.java,setText
313d1fcf-fdf6-4e4e-85aa-8fcea532cc34,0707f5cf-683f-4642-b7bb-1bd95e11adca,857a1d00-5ed7-451d-b5e2-ccf61d49dbb4,->,313d1fcf-fdf6-4e4e-85aa-8fcea532cc34,javax/swing/JTextField.java,setText
313d1fcf-fdf6-4e4e-85aa-8fcea532cc34,0707f5cf-683f-4642-b7bb-1bd95e11adca,dd7cdfab-16a9-442e-ad39-faebf9bb587b,->,313d1fcf-fdf6-4e4e-85aa-8fcea532cc34,javax/swing/JRadioButton.java,setSelected
313d1fcf-fdf6-4e4e-85aa-8fcea532cc34,0707f5cf-683f-4642-b7bb-1bd95e11adca,dd7cdfab-16a9-442e-ad39-faebf9bb587b,->,313d1fcf-fdf6-4e4e-85aa-8fcea532cc34,javax/swing/JRadioButton.java,setSelected
313d1fcf-fdf6-4e4e-85aa-8fcea532cc34,0707f5cf-683f-4642-b7bb-1bd95e11adca,dd7cdfab-16a9-442e-ad39-faebf9bb587b,->,313d1fcf-fdf6-4e4e-85aa-8fcea532cc34,javax/swing/JLabel.java,setText
313d1fcf-fdf6-4e4e-85aa-8fcea532cc34,0707f5cf-683f-4642-b7bb-1bd95e11adca,dd7cdfab-16a9-442e-ad39-faebf9bb587b,->,313d1fcf-fdf6-4e4e-85aa-8fcea532cc34,javax/swing/JRadioButton.java,setSelected
313d1fcf-fdf6-4e4e-85aa-8fcea532cc34,0707f5cf-683f-4642-b7bb-1bd95e11adca,dd7cdfab-16a9-442e-ad39-faebf9bb587b,->,313d1fcf-fdf6-4e4e-85aa-8fcea532cc34,javax/swing/JRadioButton.java,setSelected
313d1fcf-fdf6-4e4e-85aa-8fcea532cc34,0707f5cf-683f-4642-b7bb-1bd95e11adca,dd7cdfab-16a9-442e-ad39-faebf9bb587b,->,313d1fcf-fdf6-4e4e-85aa-8fcea532cc34,javax/swing/JRadioButton.java,setSelected
313d1fcf-fdf6-4e4e-85aa-8fcea532cc34,0707f5cf-683f-4642-b7bb-1bd95e11adca,dd7cdfab-16a9-442e-ad39-faebf9bb587b,->,313d1fcf-fdf6-4e4e-85aa-8fcea532cc34,javax/swing/JRadioButton.java,setSelected
313d1fcf-fdf6-4e4e-85aa-8fcea532cc34,0707f5cf-683f-4642-b7bb-1bd95e11adca,dd7cdfab-16a9-442e-ad39-faebf9bb587b,->,313d1fcf-fdf6-4e4e-85aa-8fcea532cc34,javax/swing/JRadioButton.java,setSelected
313d1fcf-fdf6-4e4e-85aa-8fcea532cc34,0707f5cf-683f-4642-b7bb-1bd95e11adca,dd7cdfab-16a9-442e-ad39-faebf9bb587b,->,313d1fcf-fdf6-4e4e-85aa-8fcea532cc34,javax/swing/JRadioButton.java,setSelected
313d1fcf-fdf6-4e4e-85aa-8fcea532cc34,0707f5cf-683f-4642-b7bb-1bd95e11adca,128c99bd-c4a4-48b7-a1b9-4257174f0922,->,313d1fcf-fdf6-4e4e-85aa-8fcea532cc34,java/awt/Toolkit.java,getDefaultToolkit
313d1fcf-fdf6-4e4e-85aa-8fcea532cc34,0707f5cf-683f-4642-b7bb-1bd95e11adca,128c99bd-c4a4-48b7-a1b9-4257174f0922,->,313d1fcf-fdf6-4e4e-85aa-8fcea532cc34,java/lang/ClassLoader.java,getSystemResource
313d1fcf-fdf6-4e4e-85aa-8fcea532cc34,0707f5cf-683f-4642-b7bb-1bd95e11adca,128c99bd-c4a4-48b7-a1b9-4257174f0922,->,313d1fcf-fdf6-4e4e-85aa-8fcea532cc34,java/awt/Toolkit.java,getImage
313d1fcf-fdf6-4e4e-85aa-8fcea532cc34,grafica/MainGame.java,access$000,->,313d1fcf-fdf6-4e4e-85aa-8fcea532cc34,0707f5cf-683f-4642-b7bb-1bd95e11adca,e04e7b78-c90b-41cb-a4b4-243301159247
313d1fcf-fdf6-4e4e-85aa-8fcea532cc34,grafica/MainGame.java,access$100,->,313d1fcf-fdf6-4e4e-85aa-8fcea532cc34,0707f5cf-683f-4642-b7bb-1bd95e11adca,59c495a2-0919-4054-a9e9-59cc883579e8
313d1fcf-fdf6-4e4e-85aa-8fcea532cc34,grafica/MainGame.java,access$200,->,313d1fcf-fdf6-4e4e-85aa-8fcea532cc34,0707f5cf-683f-4642-b7bb-1bd95e11adca,4b8e437b-3703-41d1-8546-c3e460adfe04
313d1fcf-fdf6-4e4e-85aa-8fcea532cc34,grafica/MainGame.java,access$300,->,313d1fcf-fdf6-4e4e-85aa-8fcea532cc34,0707f5cf-683f-4642-b7bb-1bd95e11adca,9115a5f3-caac-49a8-8d7a-5913d6459b93
313d1fcf-fdf6-4e4e-85aa-8fcea532cc34,grafica/MainGame.java,access$400,->,313d1fcf-fdf6-4e4e-85aa-8fcea532cc34,0707f5cf-683f-4642-b7bb-1bd95e11adca,310d7cba-768f-4bfd-85e4-92b346d1596e
313d1fcf-fdf6-4e4e-85aa-8fcea532cc34,grafica/MainGame.java,access$500,->,313d1fcf-fdf6-4e4e-85aa-8fcea532cc34,0707f5cf-683f-4642-b7bb-1bd95e11adca,dac46c91-c97b-471c-acf7-874e1e4b690d
313d1fcf-fdf6-4e4e-85aa-8fcea532cc34,grafica/MainGame.java,access$600,->,313d1fcf-fdf6-4e4e-85aa-8fcea532cc34,0707f5cf-683f-4642-b7bb-1bd95e11adca,7f561b18-43a3-4cfc-b926-af370c4dac0b
313d1fcf-fdf6-4e4e-85aa-8fcea532cc34,grafica/MainGame.java,access$700,->,313d1fcf-fdf6-4e4e-85aa-8fcea532cc34,0707f5cf-683f-4642-b7bb-1bd95e11adca,9645c552-ebc1-4c6c-82ab-f7736ac7f3b0
313d1fcf-fdf6-4e4e-85aa-8fcea532cc34,grafica/MainGame.java,access$800,->,313d1fcf-fdf6-4e4e-85aa-8fcea532cc34,0707f5cf-683f-4642-b7bb-1bd95e11adca,c968ff7a-4d0f-43db-a212-8793e920970e
313d1fcf-fdf6-4e4e-85aa-8fcea532cc34,grafica/MainGame.java,access$900,->,313d1fcf-fdf6-4e4e-85aa-8fcea532cc34,0707f5cf-683f-4642-b7bb-1bd95e11adca,f1974b20-73a1-4c23-8ddf-240221fbb091
313d1fcf-fdf6-4e4e-85aa-8fcea532cc34,grafica/MainGame.java,access$1000,->,313d1fcf-fdf6-4e4e-85aa-8fcea532cc34,0707f5cf-683f-4642-b7bb-1bd95e11adca,073130d4-ca57-4cca-b906-9756c0152c3d
313d1fcf-fdf6-4e4e-85aa-8fcea532cc34,grafica/MainGame.java,access$1100,->,313d1fcf-fdf6-4e4e-85aa-8fcea532cc34,0707f5cf-683f-4642-b7bb-1bd95e11adca,e2d95268-854a-4aab-82be-53bf0911b9a6
313d1fcf-fdf6-4e4e-85aa-8fcea532cc34,grafica/MainGame.java,access$1200,->,313d1fcf-fdf6-4e4e-85aa-8fcea532cc34,0707f5cf-683f-4642-b7bb-1bd95e11adca,3fc34a15-9a47-48d3-9dcc-2a69b88936bb
313d1fcf-fdf6-4e4e-85aa-8fcea532cc34,grafica/MainGame.java,access$1300,->,313d1fcf-fdf6-4e4e-85aa-8fcea532cc34,0707f5cf-683f-4642-b7bb-1bd95e11adca,12b99a9c-c131-418b-aec5-d1a48b58f3c8
313d1fcf-fdf6-4e4e-85aa-8fcea532cc34,grafica/MainGame.java,access$1400,->,313d1fcf-fdf6-4e4e-85aa-8fcea532cc34,0707f5cf-683f-4642-b7bb-1bd95e11adca,6aaf26c9-de0b-4ece-852c-3708b43ba2a6
313d1fcf-fdf6-4e4e-85aa-8fcea532cc34,grafica/MainGame.java,access$1500,->,313d1fcf-fdf6-4e4e-85aa-8fcea532cc34,0707f5cf-683f-4642-b7bb-1bd95e11adca,1d255964-c822-447d-be0d-ce086c472488
313d1fcf-fdf6-4e4e-85aa-8fcea532cc34,grafica/MainGame.java,access$1600,->,313d1fcf-fdf6-4e4e-85aa-8fcea532cc34,0707f5cf-683f-4642-b7bb-1bd95e11adca,a47b95de-9727-4558-86fc-6f6465d62614
313d1fcf-fdf6-4e4e-85aa-8fcea532cc34,grafica/MainGame.java,access$1700,->,313d1fcf-fdf6-4e4e-85aa-8fcea532cc34,0707f5cf-683f-4642-b7bb-1bd95e11adca,d9bc50c6-24c9-4759-b1bb-b80e7be4df37
313d1fcf-fdf6-4e4e-85aa-8fcea532cc34,grafica/MainGame.java,access$1800,->,313d1fcf-fdf6-4e4e-85aa-8fcea532cc34,0707f5cf-683f-4642-b7bb-1bd95e11adca,e50b8012-45ee-4f28-b548-e490d40457c1
313d1fcf-fdf6-4e4e-85aa-8fcea532cc34,grafica/MainGame$16.java,actionPerformed,->,313d1fcf-fdf6-4e4e-85aa-8fcea532cc34,grafica/MainGame.java,access$1000
313d1fcf-fdf6-4e4e-85aa-8fcea532cc34,grafica/MainGame$15.java,actionPerformed,->,313d1fcf-fdf6-4e4e-85aa-8fcea532cc34,grafica/MainGame.java,access$900
313d1fcf-fdf6-4e4e-85aa-8fcea532cc34,be1af05b-cb8a-4b79-aef6-cdc417ce03ea,c64f9996-f537-40d0-ad93-f79c8fc16df4,->,313d1fcf-fdf6-4e4e-85aa-8fcea532cc34,grafica/fondoPerder.java,getSize
313d1fcf-fdf6-4e4e-85aa-8fcea532cc34,be1af05b-cb8a-4b79-aef6-cdc417ce03ea,c64f9996-f537-40d0-ad93-f79c8fc16df4,->,313d1fcf-fdf6-4e4e-85aa-8fcea532cc34,java/lang/Object.java,getClass
313d1fcf-fdf6-4e4e-85aa-8fcea532cc34,be1af05b-cb8a-4b79-aef6-cdc417ce03ea,c64f9996-f537-40d0-ad93-f79c8fc16df4,->,313d1fcf-fdf6-4e4e-85aa-8fcea532cc34,java/lang/Class.java,getResource
313d1fcf-fdf6-4e4e-85aa-8fcea532cc34,be1af05b-cb8a-4b79-aef6-cdc417ce03ea,c64f9996-f537-40d0-ad93-f79c8fc16df4,->,313d1fcf-fdf6-4e4e-85aa-8fcea532cc34,javax/swing/ImageIcon.java,getImage
313d1fcf-fdf6-4e4e-85aa-8fcea532cc34,be1af05b-cb8a-4b79-aef6-cdc417ce03ea,c64f9996-f537-40d0-ad93-f79c8fc16df4,->,313d1fcf-fdf6-4e4e-85aa-8fcea532cc34,java/awt/Graphics.java,drawImage
313d1fcf-fdf6-4e4e-85aa-8fcea532cc34,be1af05b-cb8a-4b79-aef6-cdc417ce03ea,c64f9996-f537-40d0-ad93-f79c8fc16df4,->,313d1fcf-fdf6-4e4e-85aa-8fcea532cc34,grafica/fondoPerder.java,setOpaque
313d1fcf-fdf6-4e4e-85aa-8fcea532cc34,be1af05b-cb8a-4b79-aef6-cdc417ce03ea,c64f9996-f537-40d0-ad93-f79c8fc16df4,->,313d1fcf-fdf6-4e4e-85aa-8fcea532cc34,javax/swing/JPanel.java,paintComponent
313d1fcf-fdf6-4e4e-85aa-8fcea532cc34,be1af05b-cb8a-4b79-aef6-cdc417ce03ea,c59c0e62-d58f-4ead-a0be-a897c7d13682,->,313d1fcf-fdf6-4e4e-85aa-8fcea532cc34,grafica/fondoPerder.java,setLayout
313d1fcf-fdf6-4e4e-85aa-8fcea532cc34,be1af05b-cb8a-4b79-aef6-cdc417ce03ea,c59c0e62-d58f-4ead-a0be-a897c7d13682,->,313d1fcf-fdf6-4e4e-85aa-8fcea532cc34,javax/swing/GroupLayout.java,createParallelGroup
313d1fcf-fdf6-4e4e-85aa-8fcea532cc34,be1af05b-cb8a-4b79-aef6-cdc417ce03ea,c59c0e62-d58f-4ead-a0be-a897c7d13682,->,313d1fcf-fdf6-4e4e-85aa-8fcea532cc34,javax/swing/GroupLayout$ParallelGroup.java,addGap
313d1fcf-fdf6-4e4e-85aa-8fcea532cc34,be1af05b-cb8a-4b79-aef6-cdc417ce03ea,c59c0e62-d58f-4ead-a0be-a897c7d13682,->,313d1fcf-fdf6-4e4e-85aa-8fcea532cc34,javax/swing/GroupLayout.java,setHorizontalGroup
313d1fcf-fdf6-4e4e-85aa-8fcea532cc34,be1af05b-cb8a-4b79-aef6-cdc417ce03ea,c59c0e62-d58f-4ead-a0be-a897c7d13682,->,313d1fcf-fdf6-4e4e-85aa-8fcea532cc34,javax/swing/GroupLayout.java,createParallelGroup
313d1fcf-fdf6-4e4e-85aa-8fcea532cc34,be1af05b-cb8a-4b79-aef6-cdc417ce03ea,c59c0e62-d58f-4ead-a0be-a897c7d13682,->,313d1fcf-fdf6-4e4e-85aa-8fcea532cc34,javax/swing/GroupLayout$ParallelGroup.java,addGap
313d1fcf-fdf6-4e4e-85aa-8fcea532cc34,be1af05b-cb8a-4b79-aef6-cdc417ce03ea,c59c0e62-d58f-4ead-a0be-a897c7d13682,->,313d1fcf-fdf6-4e4e-85aa-8fcea532cc34,javax/swing/GroupLayout.java,setVerticalGroup
313d1fcf-fdf6-4e4e-85aa-8fcea532cc34,grafica/MainGame$19.java,actionPerformed,->,313d1fcf-fdf6-4e4e-85aa-8fcea532cc34,grafica/MainGame.java,access$1200
313d1fcf-fdf6-4e4e-85aa-8fcea532cc34,grafica/MainGame$6.java,actionPerformed,->,313d1fcf-fdf6-4e4e-85aa-8fcea532cc34,grafica/MainGame.java,access$000
