caller_project_id,caller_class_id,caller_method_id,CALL_DIRECTION,callee_project_id,callee_class_id,callee_method_id
360dee62-c005-4ebb-947a-5157807b5c3d,f2034a78-4f6c-4825-ba5b-f393d6f79ec5,ad972d99-54cb-465b-8413-8e650d0bcfa7,->,360dee62-c005-4ebb-947a-5157807b5c3d,java/util/ArrayList.java,size
360dee62-c005-4ebb-947a-5157807b5c3d,f2034a78-4f6c-4825-ba5b-f393d6f79ec5,d8487d09-44d3-4fbe-a891-80111d5a52f3,->,360dee62-c005-4ebb-947a-5157807b5c3d,java/util/ArrayList.java,get
360dee62-c005-4ebb-947a-5157807b5c3d,f2034a78-4f6c-4825-ba5b-f393d6f79ec5,c78650da-3127-4c23-981f-e4070a043835,->,360dee62-c005-4ebb-947a-5157807b5c3d,java/util/ArrayList.java,get
360dee62-c005-4ebb-947a-5157807b5c3d,f2034a78-4f6c-4825-ba5b-f393d6f79ec5,05eda2ef-5833-4f1b-8df0-9075fd7d68ee,->,360dee62-c005-4ebb-947a-5157807b5c3d,java/util/ArrayList.java,clear
360dee62-c005-4ebb-947a-5157807b5c3d,f2034a78-4f6c-4825-ba5b-f393d6f79ec5,05eda2ef-5833-4f1b-8df0-9075fd7d68ee,->,360dee62-c005-4ebb-947a-5157807b5c3d,java/util/ArrayList.java,add
360dee62-c005-4ebb-947a-5157807b5c3d,f2034a78-4f6c-4825-ba5b-f393d6f79ec5,05eda2ef-5833-4f1b-8df0-9075fd7d68ee,->,360dee62-c005-4ebb-947a-5157807b5c3d,java/util/ArrayList.java,add
360dee62-c005-4ebb-947a-5157807b5c3d,f2034a78-4f6c-4825-ba5b-f393d6f79ec5,05eda2ef-5833-4f1b-8df0-9075fd7d68ee,->,360dee62-c005-4ebb-947a-5157807b5c3d,java/util/ArrayList.java,add
360dee62-c005-4ebb-947a-5157807b5c3d,KBaluh/github/com/Levels/BaseLevel.java,levelStop,->,360dee62-c005-4ebb-947a-5157807b5c3d,java/util/List.java,clear
360dee62-c005-4ebb-947a-5157807b5c3d,KBaluh/github/com/Levels/BaseLevel.java,levelStop,->,360dee62-c005-4ebb-947a-5157807b5c3d,java/util/List.java,clear
360dee62-c005-4ebb-947a-5157807b5c3d,KBaluh/github/com/Levels/BaseLevel.java,levelStop,->,360dee62-c005-4ebb-947a-5157807b5c3d,java/util/List.java,clear
360dee62-c005-4ebb-947a-5157807b5c3d,KBaluh/github/com/Levels/BaseLevel.java,levelStop,->,360dee62-c005-4ebb-947a-5157807b5c3d,java/util/List.java,clear
360dee62-c005-4ebb-947a-5157807b5c3d,KBaluh/github/com/Levels/BaseLevel.java,addSpawner,->,360dee62-c005-4ebb-947a-5157807b5c3d,java/util/List.java,add
360dee62-c005-4ebb-947a-5157807b5c3d,KBaluh/github/com/Levels/BaseLevel.java,addSpawner,->,360dee62-c005-4ebb-947a-5157807b5c3d,KBaluh/github/com/Entity/Spawners/Spawner.java,init
360dee62-c005-4ebb-947a-5157807b5c3d,KBaluh/github/com/Levels/BaseLevel.java,addEntity,->,360dee62-c005-4ebb-947a-5157807b5c3d,java/util/List.java,add
360dee62-c005-4ebb-947a-5157807b5c3d,KBaluh/github/com/Levels/BaseLevel.java,addEntity,->,360dee62-c005-4ebb-947a-5157807b5c3d,60b5ca0f-a560-425f-aae6-66d68d878c94,80b1cd40-8a8e-4285-8a31-673e5d0d6403
360dee62-c005-4ebb-947a-5157807b5c3d,KBaluh/github/com/Levels/BaseLevel.java,addEntityBack,->,360dee62-c005-4ebb-947a-5157807b5c3d,java/util/List.java,add
360dee62-c005-4ebb-947a-5157807b5c3d,KBaluh/github/com/Levels/BaseLevel.java,addEntityBack,->,360dee62-c005-4ebb-947a-5157807b5c3d,60b5ca0f-a560-425f-aae6-66d68d878c94,80b1cd40-8a8e-4285-8a31-673e5d0d6403
360dee62-c005-4ebb-947a-5157807b5c3d,KBaluh/github/com/Levels/BaseLevel.java,addEntityPop,->,360dee62-c005-4ebb-947a-5157807b5c3d,java/util/List.java,add
360dee62-c005-4ebb-947a-5157807b5c3d,KBaluh/github/com/Levels/BaseLevel.java,addEntityPop,->,360dee62-c005-4ebb-947a-5157807b5c3d,60b5ca0f-a560-425f-aae6-66d68d878c94,80b1cd40-8a8e-4285-8a31-673e5d0d6403
360dee62-c005-4ebb-947a-5157807b5c3d,KBaluh/github/com/Levels/BaseLevel.java,removeEntity,->,360dee62-c005-4ebb-947a-5157807b5c3d,60b5ca0f-a560-425f-aae6-66d68d878c94,a6043c39-99e9-4dce-aa45-5345f4ef29e2
360dee62-c005-4ebb-947a-5157807b5c3d,KBaluh/github/com/Levels/BaseLevel.java,onKeyDown,->,360dee62-c005-4ebb-947a-5157807b5c3d,d073b935-d77c-46f4-85ea-57eb36528a17,76e304c9-9f37-41f5-bf65-7b43102df877
360dee62-c005-4ebb-947a-5157807b5c3d,KBaluh/github/com/Levels/BaseLevel.java,onKeyUp,->,360dee62-c005-4ebb-947a-5157807b5c3d,d073b935-d77c-46f4-85ea-57eb36528a17,332efb7a-2300-4b7f-bb54-f45e9571a9bc
360dee62-c005-4ebb-947a-5157807b5c3d,KBaluh/github/com/Levels/BaseLevel.java,paint,->,360dee62-c005-4ebb-947a-5157807b5c3d,java/awt/Graphics.java,drawImage
360dee62-c005-4ebb-947a-5157807b5c3d,KBaluh/github/com/Levels/BaseLevel.java,paint,->,360dee62-c005-4ebb-947a-5157807b5c3d,java/util/List.java,size
360dee62-c005-4ebb-947a-5157807b5c3d,KBaluh/github/com/Levels/BaseLevel.java,paint,->,360dee62-c005-4ebb-947a-5157807b5c3d,java/util/List.java,get
360dee62-c005-4ebb-947a-5157807b5c3d,KBaluh/github/com/Levels/BaseLevel.java,paint,->,360dee62-c005-4ebb-947a-5157807b5c3d,60b5ca0f-a560-425f-aae6-66d68d878c94,473fabe5-0208-45b4-9b9d-3a085c009d36
360dee62-c005-4ebb-947a-5157807b5c3d,KBaluh/github/com/Levels/BaseLevel.java,paint,->,360dee62-c005-4ebb-947a-5157807b5c3d,java/util/List.java,size
360dee62-c005-4ebb-947a-5157807b5c3d,KBaluh/github/com/Levels/BaseLevel.java,paint,->,360dee62-c005-4ebb-947a-5157807b5c3d,java/util/List.java,get
360dee62-c005-4ebb-947a-5157807b5c3d,KBaluh/github/com/Levels/BaseLevel.java,paint,->,360dee62-c005-4ebb-947a-5157807b5c3d,60b5ca0f-a560-425f-aae6-66d68d878c94,473fabe5-0208-45b4-9b9d-3a085c009d36
360dee62-c005-4ebb-947a-5157807b5c3d,KBaluh/github/com/Levels/BaseLevel.java,paint,->,360dee62-c005-4ebb-947a-5157807b5c3d,java/util/List.java,size
360dee62-c005-4ebb-947a-5157807b5c3d,KBaluh/github/com/Levels/BaseLevel.java,paint,->,360dee62-c005-4ebb-947a-5157807b5c3d,java/util/List.java,get
360dee62-c005-4ebb-947a-5157807b5c3d,KBaluh/github/com/Levels/BaseLevel.java,paint,->,360dee62-c005-4ebb-947a-5157807b5c3d,60b5ca0f-a560-425f-aae6-66d68d878c94,473fabe5-0208-45b4-9b9d-3a085c009d36
360dee62-c005-4ebb-947a-5157807b5c3d,KBaluh/github/com/Levels/BaseLevel.java,paint,->,360dee62-c005-4ebb-947a-5157807b5c3d,KBaluh/github/com/Levels/BaseLevel.java,paintPanel
360dee62-c005-4ebb-947a-5157807b5c3d,KBaluh/github/com/Levels/BaseLevel.java,paint,->,360dee62-c005-4ebb-947a-5157807b5c3d,KBaluh/github/com/Levels/BaseLevel.java,paintBattleText
360dee62-c005-4ebb-947a-5157807b5c3d,KBaluh/github/com/Levels/BaseLevel.java,getPlayerScores,->,360dee62-c005-4ebb-947a-5157807b5c3d,d073b935-d77c-46f4-85ea-57eb36528a17,ee793adc-11ae-41c0-806f-95969e73f295
360dee62-c005-4ebb-947a-5157807b5c3d,KBaluh/github/com/Levels/BaseLevel.java,tick,->,360dee62-c005-4ebb-947a-5157807b5c3d,f7e9876e-45f5-419e-9f37-2ce4f245a1cc,24fbf5df-b6c7-448a-8129-64450a3f1e9d
360dee62-c005-4ebb-947a-5157807b5c3d,KBaluh/github/com/Levels/BaseLevel.java,tick,->,360dee62-c005-4ebb-947a-5157807b5c3d,KBaluh/github/com/Entity/Mobs/Player.java,getHp
360dee62-c005-4ebb-947a-5157807b5c3d,KBaluh/github/com/Levels/BaseLevel.java,tick,->,360dee62-c005-4ebb-947a-5157807b5c3d,java/lang/StringBuilder.java,append
360dee62-c005-4ebb-947a-5157807b5c3d,KBaluh/github/com/Levels/BaseLevel.java,tick,->,360dee62-c005-4ebb-947a-5157807b5c3d,d073b935-d77c-46f4-85ea-57eb36528a17,ee793adc-11ae-41c0-806f-95969e73f295
360dee62-c005-4ebb-947a-5157807b5c3d,KBaluh/github/com/Levels/BaseLevel.java,tick,->,360dee62-c005-4ebb-947a-5157807b5c3d,java/lang/StringBuilder.java,append
360dee62-c005-4ebb-947a-5157807b5c3d,KBaluh/github/com/Levels/BaseLevel.java,tick,->,360dee62-c005-4ebb-947a-5157807b5c3d,java/lang/StringBuilder.java,toString
360dee62-c005-4ebb-947a-5157807b5c3d,KBaluh/github/com/Levels/BaseLevel.java,tick,->,360dee62-c005-4ebb-947a-5157807b5c3d,javax/swing/JOptionPane.java,showMessageDialog
360dee62-c005-4ebb-947a-5157807b5c3d,KBaluh/github/com/Levels/BaseLevel.java,tick,->,360dee62-c005-4ebb-947a-5157807b5c3d,java/lang/System.java,exit
360dee62-c005-4ebb-947a-5157807b5c3d,KBaluh/github/com/Levels/BaseLevel.java,tick,->,360dee62-c005-4ebb-947a-5157807b5c3d,KBaluh/github/com/Levels/BaseLevel.java,hideBattleText
360dee62-c005-4ebb-947a-5157807b5c3d,KBaluh/github/com/Levels/BaseLevel.java,tick,->,360dee62-c005-4ebb-947a-5157807b5c3d,f7e9876e-45f5-419e-9f37-2ce4f245a1cc,32ba22c7-d1b4-4afb-8261-a2dd281127e7
360dee62-c005-4ebb-947a-5157807b5c3d,KBaluh/github/com/Levels/BaseLevel.java,tick,->,360dee62-c005-4ebb-947a-5157807b5c3d,KBaluh/github/com/Levels/BaseLevel.java,victory
360dee62-c005-4ebb-947a-5157807b5c3d,KBaluh/github/com/Levels/BaseLevel.java,tick,->,360dee62-c005-4ebb-947a-5157807b5c3d,java/util/List.java,size
360dee62-c005-4ebb-947a-5157807b5c3d,KBaluh/github/com/Levels/BaseLevel.java,tick,->,360dee62-c005-4ebb-947a-5157807b5c3d,java/util/List.java,get
360dee62-c005-4ebb-947a-5157807b5c3d,KBaluh/github/com/Levels/BaseLevel.java,tick,->,360dee62-c005-4ebb-947a-5157807b5c3d,75567d49-2781-41a6-9c3f-70f68586af04,9bd6a2c9-092c-4948-89ca-0b56d4fd14b2
360dee62-c005-4ebb-947a-5157807b5c3d,KBaluh/github/com/Levels/BaseLevel.java,tick,->,360dee62-c005-4ebb-947a-5157807b5c3d,KBaluh/github/com/Levels/BaseLevel.java,tickDecorationLayer
360dee62-c005-4ebb-947a-5157807b5c3d,KBaluh/github/com/Levels/BaseLevel.java,tick,->,360dee62-c005-4ebb-947a-5157807b5c3d,KBaluh/github/com/Levels/BaseLevel.java,tickEntityLayer
360dee62-c005-4ebb-947a-5157807b5c3d,KBaluh/github/com/Levels/BaseLevel.java,tick,->,360dee62-c005-4ebb-947a-5157807b5c3d,KBaluh/github/com/Levels/BaseLevel.java,tickDecorationLayer
360dee62-c005-4ebb-947a-5157807b5c3d,KBaluh/github/com/Levels/BaseLevel.java,canMove,->,360dee62-c005-4ebb-947a-5157807b5c3d,KBaluh/github/com/GameScreen.java,getWidth
360dee62-c005-4ebb-947a-5157807b5c3d,KBaluh/github/com/Levels/BaseLevel.java,canMove,->,360dee62-c005-4ebb-947a-5157807b5c3d,KBaluh/github/com/GameScreen.java,getHeight
360dee62-c005-4ebb-947a-5157807b5c3d,KBaluh/github/com/Levels/BaseLevel.java,setPlayer,->,360dee62-c005-4ebb-947a-5157807b5c3d,java/util/List.java,remove
360dee62-c005-4ebb-947a-5157807b5c3d,KBaluh/github/com/Levels/BaseLevel.java,setPlayer,->,360dee62-c005-4ebb-947a-5157807b5c3d,KBaluh/github/com/Levels/BaseLevel.java,addEntity
360dee62-c005-4ebb-947a-5157807b5c3d,KBaluh/github/com/Levels/BaseLevel.java,victory,->,360dee62-c005-4ebb-947a-5157807b5c3d,KBaluh/github/com/Levels/BaseLevel.java,showBattleText
360dee62-c005-4ebb-947a-5157807b5c3d,KBaluh/github/com/Levels/BaseLevel.java,victory,->,360dee62-c005-4ebb-947a-5157807b5c3d,java/util/List.java,size
360dee62-c005-4ebb-947a-5157807b5c3d,KBaluh/github/com/Levels/BaseLevel.java,victory,->,360dee62-c005-4ebb-947a-5157807b5c3d,java/util/List.java,get
360dee62-c005-4ebb-947a-5157807b5c3d,KBaluh/github/com/Levels/BaseLevel.java,victory,->,360dee62-c005-4ebb-947a-5157807b5c3d,java/util/List.java,get
360dee62-c005-4ebb-947a-5157807b5c3d,KBaluh/github/com/Levels/BaseLevel.java,victory,->,360dee62-c005-4ebb-947a-5157807b5c3d,75567d49-2781-41a6-9c3f-70f68586af04,cd548f35-2d31-44a6-8340-ce5807d99969
360dee62-c005-4ebb-947a-5157807b5c3d,KBaluh/github/com/Levels/BaseLevel.java,victory,->,360dee62-c005-4ebb-947a-5157807b5c3d,75567d49-2781-41a6-9c3f-70f68586af04,009c164b-736d-4a51-9aa4-d3d934d5c028
360dee62-c005-4ebb-947a-5157807b5c3d,KBaluh/github/com/Levels/BaseLevel.java,victory,->,360dee62-c005-4ebb-947a-5157807b5c3d,KBaluh/github/com/Entity/Mobs/Player.java,getMaxHp
360dee62-c005-4ebb-947a-5157807b5c3d,KBaluh/github/com/Levels/BaseLevel.java,victory,->,360dee62-c005-4ebb-947a-5157807b5c3d,KBaluh/github/com/Entity/Mobs/Player.java,increaseHp
360dee62-c005-4ebb-947a-5157807b5c3d,KBaluh/github/com/Levels/BaseLevel.java,victory,->,360dee62-c005-4ebb-947a-5157807b5c3d,75567d49-2781-41a6-9c3f-70f68586af04,cd548f35-2d31-44a6-8340-ce5807d99969
360dee62-c005-4ebb-947a-5157807b5c3d,KBaluh/github/com/Levels/BaseLevel.java,victory,->,360dee62-c005-4ebb-947a-5157807b5c3d,75567d49-2781-41a6-9c3f-70f68586af04,009c164b-736d-4a51-9aa4-d3d934d5c028
360dee62-c005-4ebb-947a-5157807b5c3d,KBaluh/github/com/Levels/BaseLevel.java,victory,->,360dee62-c005-4ebb-947a-5157807b5c3d,KBaluh/github/com/Entity/Mobs/Player.java,getMaxHp
360dee62-c005-4ebb-947a-5157807b5c3d,KBaluh/github/com/Levels/BaseLevel.java,victory,->,360dee62-c005-4ebb-947a-5157807b5c3d,KBaluh/github/com/Entity/Mobs/Player.java,increaseHp
360dee62-c005-4ebb-947a-5157807b5c3d,KBaluh/github/com/Levels/BaseLevel.java,victory,->,360dee62-c005-4ebb-947a-5157807b5c3d,f7e9876e-45f5-419e-9f37-2ce4f245a1cc,89067898-2009-4aed-aba5-ee9c9e202bcf
360dee62-c005-4ebb-947a-5157807b5c3d,KBaluh/github/com/Levels/BaseLevel.java,getPlayerX,->,360dee62-c005-4ebb-947a-5157807b5c3d,KBaluh/github/com/Entity/Mobs/Player.java,getX
360dee62-c005-4ebb-947a-5157807b5c3d,KBaluh/github/com/Levels/BaseLevel.java,getPlayerY,->,360dee62-c005-4ebb-947a-5157807b5c3d,KBaluh/github/com/Entity/Mobs/Player.java,getY
360dee62-c005-4ebb-947a-5157807b5c3d,KBaluh/github/com/Levels/BaseLevel.java,initSpawners,->,360dee62-c005-4ebb-947a-5157807b5c3d,KBaluh/github/com/Levels/BaseLevel.java,addSpawner
360dee62-c005-4ebb-947a-5157807b5c3d,KBaluh/github/com/Levels/BaseLevel.java,initPlayer,->,360dee62-c005-4ebb-947a-5157807b5c3d,KBaluh/github/com/Levels/BaseLevel.java,setPlayer
360dee62-c005-4ebb-947a-5157807b5c3d,KBaluh/github/com/Levels/BaseLevel.java,initVictoryCondition,->,360dee62-c005-4ebb-947a-5157807b5c3d,f7e9876e-45f5-419e-9f37-2ce4f245a1cc,89067898-2009-4aed-aba5-ee9c9e202bcf
360dee62-c005-4ebb-947a-5157807b5c3d,KBaluh/github/com/Levels/BaseLevel.java,paintPanel,->,360dee62-c005-4ebb-947a-5157807b5c3d,java/awt/Graphics.java,setFont
360dee62-c005-4ebb-947a-5157807b5c3d,KBaluh/github/com/Levels/BaseLevel.java,paintPanel,->,360dee62-c005-4ebb-947a-5157807b5c3d,java/awt/Graphics.java,setColor
360dee62-c005-4ebb-947a-5157807b5c3d,KBaluh/github/com/Levels/BaseLevel.java,paintPanel,->,360dee62-c005-4ebb-947a-5157807b5c3d,java/lang/StringBuilder.java,append
360dee62-c005-4ebb-947a-5157807b5c3d,KBaluh/github/com/Levels/BaseLevel.java,paintPanel,->,360dee62-c005-4ebb-947a-5157807b5c3d,KBaluh/github/com/Levels/BaseLevel.java,getLevelNumber
360dee62-c005-4ebb-947a-5157807b5c3d,KBaluh/github/com/Levels/BaseLevel.java,paintPanel,->,360dee62-c005-4ebb-947a-5157807b5c3d,java/lang/StringBuilder.java,append
360dee62-c005-4ebb-947a-5157807b5c3d,KBaluh/github/com/Levels/BaseLevel.java,paintPanel,->,360dee62-c005-4ebb-947a-5157807b5c3d,java/lang/StringBuilder.java,append
360dee62-c005-4ebb-947a-5157807b5c3d,KBaluh/github/com/Levels/BaseLevel.java,paintPanel,->,360dee62-c005-4ebb-947a-5157807b5c3d,java/lang/StringBuilder.java,append
360dee62-c005-4ebb-947a-5157807b5c3d,KBaluh/github/com/Levels/BaseLevel.java,paintPanel,->,360dee62-c005-4ebb-947a-5157807b5c3d,java/lang/StringBuilder.java,append
360dee62-c005-4ebb-947a-5157807b5c3d,KBaluh/github/com/Levels/BaseLevel.java,paintPanel,->,360dee62-c005-4ebb-947a-5157807b5c3d,f7e9876e-45f5-419e-9f37-2ce4f245a1cc,7377da5f-19b2-4e30-a69a-8b9f906f881b
360dee62-c005-4ebb-947a-5157807b5c3d,KBaluh/github/com/Levels/BaseLevel.java,paintPanel,->,360dee62-c005-4ebb-947a-5157807b5c3d,java/lang/StringBuilder.java,append
360dee62-c005-4ebb-947a-5157807b5c3d,KBaluh/github/com/Levels/BaseLevel.java,paintPanel,->,360dee62-c005-4ebb-947a-5157807b5c3d,java/lang/StringBuilder.java,append
360dee62-c005-4ebb-947a-5157807b5c3d,KBaluh/github/com/Levels/BaseLevel.java,paintPanel,->,360dee62-c005-4ebb-947a-5157807b5c3d,f7e9876e-45f5-419e-9f37-2ce4f245a1cc,5978a8df-bd8f-44f5-a54b-8233decdd333
360dee62-c005-4ebb-947a-5157807b5c3d,KBaluh/github/com/Levels/BaseLevel.java,paintPanel,->,360dee62-c005-4ebb-947a-5157807b5c3d,java/lang/StringBuilder.java,append
360dee62-c005-4ebb-947a-5157807b5c3d,KBaluh/github/com/Levels/BaseLevel.java,paintPanel,->,360dee62-c005-4ebb-947a-5157807b5c3d,java/lang/StringBuilder.java,append
360dee62-c005-4ebb-947a-5157807b5c3d,KBaluh/github/com/Levels/BaseLevel.java,paintPanel,->,360dee62-c005-4ebb-947a-5157807b5c3d,f7e9876e-45f5-419e-9f37-2ce4f245a1cc,28a83f3b-15fc-4bec-9b4d-8fd50be641d8
360dee62-c005-4ebb-947a-5157807b5c3d,KBaluh/github/com/Levels/BaseLevel.java,paintPanel,->,360dee62-c005-4ebb-947a-5157807b5c3d,java/lang/StringBuilder.java,append
360dee62-c005-4ebb-947a-5157807b5c3d,KBaluh/github/com/Levels/BaseLevel.java,paintPanel,->,360dee62-c005-4ebb-947a-5157807b5c3d,java/lang/StringBuilder.java,append
360dee62-c005-4ebb-947a-5157807b5c3d,KBaluh/github/com/Levels/BaseLevel.java,paintPanel,->,360dee62-c005-4ebb-947a-5157807b5c3d,f7e9876e-45f5-419e-9f37-2ce4f245a1cc,beeb5ec2-ad45-450d-ba86-131af2bc03d4
360dee62-c005-4ebb-947a-5157807b5c3d,KBaluh/github/com/Levels/BaseLevel.java,paintPanel,->,360dee62-c005-4ebb-947a-5157807b5c3d,java/lang/StringBuilder.java,append
360dee62-c005-4ebb-947a-5157807b5c3d,KBaluh/github/com/Levels/BaseLevel.java,paintPanel,->,360dee62-c005-4ebb-947a-5157807b5c3d,java/lang/StringBuilder.java,append
360dee62-c005-4ebb-947a-5157807b5c3d,KBaluh/github/com/Levels/BaseLevel.java,paintPanel,->,360dee62-c005-4ebb-947a-5157807b5c3d,d073b935-d77c-46f4-85ea-57eb36528a17,ee793adc-11ae-41c0-806f-95969e73f295
360dee62-c005-4ebb-947a-5157807b5c3d,KBaluh/github/com/Levels/BaseLevel.java,paintPanel,->,360dee62-c005-4ebb-947a-5157807b5c3d,java/lang/StringBuilder.java,append
360dee62-c005-4ebb-947a-5157807b5c3d,KBaluh/github/com/Levels/BaseLevel.java,paintPanel,->,360dee62-c005-4ebb-947a-5157807b5c3d,java/lang/StringBuilder.java,toString
360dee62-c005-4ebb-947a-5157807b5c3d,KBaluh/github/com/Levels/BaseLevel.java,paintPanel,->,360dee62-c005-4ebb-947a-5157807b5c3d,java/awt/Graphics.java,drawString
360dee62-c005-4ebb-947a-5157807b5c3d,KBaluh/github/com/Levels/BaseLevel.java,paintPanel,->,360dee62-c005-4ebb-947a-5157807b5c3d,KBaluh/github/com/Entity/Mobs/Player.java,getMaxHp
360dee62-c005-4ebb-947a-5157807b5c3d,KBaluh/github/com/Levels/BaseLevel.java,paintPanel,->,360dee62-c005-4ebb-947a-5157807b5c3d,KBaluh/github/com/Entity/Mobs/Player.java,getHp
360dee62-c005-4ebb-947a-5157807b5c3d,KBaluh/github/com/Levels/BaseLevel.java,paintPanel,->,360dee62-c005-4ebb-947a-5157807b5c3d,java/awt/Graphics.java,setColor
360dee62-c005-4ebb-947a-5157807b5c3d,KBaluh/github/com/Levels/BaseLevel.java,paintPanel,->,360dee62-c005-4ebb-947a-5157807b5c3d,java/lang/StringBuilder.java,append
360dee62-c005-4ebb-947a-5157807b5c3d,KBaluh/github/com/Levels/BaseLevel.java,paintPanel,->,360dee62-c005-4ebb-947a-5157807b5c3d,KBaluh/github/com/Entity/Mobs/Player.java,getHp
360dee62-c005-4ebb-947a-5157807b5c3d,KBaluh/github/com/Levels/BaseLevel.java,paintPanel,->,360dee62-c005-4ebb-947a-5157807b5c3d,java/lang/StringBuilder.java,append
360dee62-c005-4ebb-947a-5157807b5c3d,KBaluh/github/com/Levels/BaseLevel.java,paintPanel,->,360dee62-c005-4ebb-947a-5157807b5c3d,java/lang/StringBuilder.java,toString
360dee62-c005-4ebb-947a-5157807b5c3d,KBaluh/github/com/Levels/BaseLevel.java,paintPanel,->,360dee62-c005-4ebb-947a-5157807b5c3d,java/awt/Graphics.java,drawString
360dee62-c005-4ebb-947a-5157807b5c3d,KBaluh/github/com/Levels/BaseLevel.java,canMoveMob,->,360dee62-c005-4ebb-947a-5157807b5c3d,KBaluh/github/com/GameScreen.java,getWidth
360dee62-c005-4ebb-947a-5157807b5c3d,KBaluh/github/com/Levels/BaseLevel.java,canMoveMob,->,360dee62-c005-4ebb-947a-5157807b5c3d,KBaluh/github/com/GameScreen.java,getHeight
360dee62-c005-4ebb-947a-5157807b5c3d,KBaluh/github/com/Levels/BaseLevel.java,handleCanMove,->,360dee62-c005-4ebb-947a-5157807b5c3d,60b5ca0f-a560-425f-aae6-66d68d878c94,e3101dc5-4a42-4e9c-8603-ca39f9f43d19
360dee62-c005-4ebb-947a-5157807b5c3d,KBaluh/github/com/Levels/BaseLevel.java,handleCanMove,->,360dee62-c005-4ebb-947a-5157807b5c3d,60b5ca0f-a560-425f-aae6-66d68d878c94,d8afbece-739c-4a09-84b8-cda618d17c0c
360dee62-c005-4ebb-947a-5157807b5c3d,KBaluh/github/com/Levels/BaseLevel.java,handleCanMove,->,360dee62-c005-4ebb-947a-5157807b5c3d,60b5ca0f-a560-425f-aae6-66d68d878c94,62a066df-2be1-4a54-a78a-61b89716aab1
360dee62-c005-4ebb-947a-5157807b5c3d,KBaluh/github/com/Levels/BaseLevel.java,handleCanMove,->,360dee62-c005-4ebb-947a-5157807b5c3d,60b5ca0f-a560-425f-aae6-66d68d878c94,4414d4a3-8f3b-4cf1-bc6a-b845882e9ec4
360dee62-c005-4ebb-947a-5157807b5c3d,KBaluh/github/com/Levels/BaseLevel.java,handleCanMove,->,360dee62-c005-4ebb-947a-5157807b5c3d,KBaluh/github/com/Levels/BaseLevel.java,canMoveMob
360dee62-c005-4ebb-947a-5157807b5c3d,KBaluh/github/com/Levels/BaseLevel.java,handleCanMove,->,360dee62-c005-4ebb-947a-5157807b5c3d,f7e9876e-45f5-419e-9f37-2ce4f245a1cc,59359526-6112-41c0-bfe7-136664b70866
360dee62-c005-4ebb-947a-5157807b5c3d,KBaluh/github/com/Levels/BaseLevel.java,handleCanMove,->,360dee62-c005-4ebb-947a-5157807b5c3d,KBaluh/github/com/Levels/BaseLevel.java,removeEntity
360dee62-c005-4ebb-947a-5157807b5c3d,KBaluh/github/com/Levels/BaseLevel.java,handleSupportItem,->,360dee62-c005-4ebb-947a-5157807b5c3d,60b5ca0f-a560-425f-aae6-66d68d878c94,2c097e97-14ee-47e2-861b-407df8c5fd29
360dee62-c005-4ebb-947a-5157807b5c3d,KBaluh/github/com/Levels/BaseLevel.java,handleSupportItem,->,360dee62-c005-4ebb-947a-5157807b5c3d,KBaluh/github/com/Entity/SupportItems/MedicineChest.java,getBonus
360dee62-c005-4ebb-947a-5157807b5c3d,KBaluh/github/com/Levels/BaseLevel.java,handleSupportItem,->,360dee62-c005-4ebb-947a-5157807b5c3d,KBaluh/github/com/Entity/Mobs/Player.java,increaseHp
360dee62-c005-4ebb-947a-5157807b5c3d,KBaluh/github/com/Levels/BaseLevel.java,handleSupportItem,->,360dee62-c005-4ebb-947a-5157807b5c3d,KBaluh/github/com/Levels/BaseLevel.java,removeEntity
360dee62-c005-4ebb-947a-5157807b5c3d,KBaluh/github/com/Levels/BaseLevel.java,handleBulletCollision,->,360dee62-c005-4ebb-947a-5157807b5c3d,java/util/List.java,size
360dee62-c005-4ebb-947a-5157807b5c3d,KBaluh/github/com/Levels/BaseLevel.java,handleBulletCollision,->,360dee62-c005-4ebb-947a-5157807b5c3d,java/util/List.java,get
360dee62-c005-4ebb-947a-5157807b5c3d,KBaluh/github/com/Levels/BaseLevel.java,handleBulletCollision,->,360dee62-c005-4ebb-947a-5157807b5c3d,65821def-13f5-4901-985a-ff0a598c29d2,c6339838-afe1-4f07-bac7-b2f9b9747bc5
360dee62-c005-4ebb-947a-5157807b5c3d,KBaluh/github/com/Levels/BaseLevel.java,handleBulletCollision,->,360dee62-c005-4ebb-947a-5157807b5c3d,036ee9fc-4e94-48f7-959f-4c83d601ddf0,cb1f91fd-54b8-46de-a468-a08e4b455bd3
360dee62-c005-4ebb-947a-5157807b5c3d,KBaluh/github/com/Levels/BaseLevel.java,handleBulletCollision,->,360dee62-c005-4ebb-947a-5157807b5c3d,KBaluh/github/com/Entity/Mobs/Mob.java,haveCollision
360dee62-c005-4ebb-947a-5157807b5c3d,KBaluh/github/com/Levels/BaseLevel.java,handleBulletCollision,->,360dee62-c005-4ebb-947a-5157807b5c3d,036ee9fc-4e94-48f7-959f-4c83d601ddf0,e6b98392-fb71-46bb-944f-50455954b287
360dee62-c005-4ebb-947a-5157807b5c3d,KBaluh/github/com/Levels/BaseLevel.java,handleBulletCollision,->,360dee62-c005-4ebb-947a-5157807b5c3d,65821def-13f5-4901-985a-ff0a598c29d2,a29dfafb-b328-48a4-8dd0-ac9beb76e3ce
360dee62-c005-4ebb-947a-5157807b5c3d,KBaluh/github/com/Levels/BaseLevel.java,handleBulletCollision,->,360dee62-c005-4ebb-947a-5157807b5c3d,036ee9fc-4e94-48f7-959f-4c83d601ddf0,269edc79-06e2-4b66-8777-261ca45919b7
360dee62-c005-4ebb-947a-5157807b5c3d,KBaluh/github/com/Levels/BaseLevel.java,handleBulletCollision,->,360dee62-c005-4ebb-947a-5157807b5c3d,KBaluh/github/com/Levels/BaseLevel.java,removeEntity
360dee62-c005-4ebb-947a-5157807b5c3d,KBaluh/github/com/Levels/BaseLevel.java,handleBulletCollision,->,360dee62-c005-4ebb-947a-5157807b5c3d,65821def-13f5-4901-985a-ff0a598c29d2,957ce51f-b11f-4946-8439-c3aa7995068b
360dee62-c005-4ebb-947a-5157807b5c3d,KBaluh/github/com/Levels/BaseLevel.java,handleBulletCollision,->,360dee62-c005-4ebb-947a-5157807b5c3d,65821def-13f5-4901-985a-ff0a598c29d2,69e95aa3-1a89-43db-96a7-a3b8911fbfbc
360dee62-c005-4ebb-947a-5157807b5c3d,KBaluh/github/com/Levels/BaseLevel.java,handleBulletCollision,->,360dee62-c005-4ebb-947a-5157807b5c3d,d073b935-d77c-46f4-85ea-57eb36528a17,f53765a2-f770-493f-bee0-f58054afec42
360dee62-c005-4ebb-947a-5157807b5c3d,KBaluh/github/com/Levels/BaseLevel.java,handleBulletCollision,->,360dee62-c005-4ebb-947a-5157807b5c3d,f7e9876e-45f5-419e-9f37-2ce4f245a1cc,e8d51e09-871f-472b-bcad-8154484de915
360dee62-c005-4ebb-947a-5157807b5c3d,KBaluh/github/com/Levels/BaseLevel.java,handleBulletCollision,->,360dee62-c005-4ebb-947a-5157807b5c3d,KBaluh/github/com/Levels/BaseLevel.java,removeEntity
360dee62-c005-4ebb-947a-5157807b5c3d,KBaluh/github/com/Levels/BaseLevel.java,tickEntityLayer,->,360dee62-c005-4ebb-947a-5157807b5c3d,java/util/List.java,size
360dee62-c005-4ebb-947a-5157807b5c3d,KBaluh/github/com/Levels/BaseLevel.java,tickEntityLayer,->,360dee62-c005-4ebb-947a-5157807b5c3d,java/util/List.java,get
360dee62-c005-4ebb-947a-5157807b5c3d,KBaluh/github/com/Levels/BaseLevel.java,tickEntityLayer,->,360dee62-c005-4ebb-947a-5157807b5c3d,60b5ca0f-a560-425f-aae6-66d68d878c94,d2fa3085-03b2-4b37-8cb2-19b91d398a5b
360dee62-c005-4ebb-947a-5157807b5c3d,KBaluh/github/com/Levels/BaseLevel.java,tickEntityLayer,->,360dee62-c005-4ebb-947a-5157807b5c3d,java/util/List.java,remove
360dee62-c005-4ebb-947a-5157807b5c3d,KBaluh/github/com/Levels/BaseLevel.java,tickEntityLayer,->,360dee62-c005-4ebb-947a-5157807b5c3d,60b5ca0f-a560-425f-aae6-66d68d878c94,4d18f399-4115-49b8-b637-490ed85f85f1
360dee62-c005-4ebb-947a-5157807b5c3d,KBaluh/github/com/Levels/BaseLevel.java,tickEntityLayer,->,360dee62-c005-4ebb-947a-5157807b5c3d,KBaluh/github/com/Levels/BaseLevel.java,handleCanMove
360dee62-c005-4ebb-947a-5157807b5c3d,KBaluh/github/com/Levels/BaseLevel.java,tickEntityLayer,->,360dee62-c005-4ebb-947a-5157807b5c3d,KBaluh/github/com/Levels/BaseLevel.java,handleBulletCollision
360dee62-c005-4ebb-947a-5157807b5c3d,KBaluh/github/com/Levels/BaseLevel.java,tickEntityLayer,->,360dee62-c005-4ebb-947a-5157807b5c3d,KBaluh/github/com/Levels/BaseLevel.java,handleSupportItem
360dee62-c005-4ebb-947a-5157807b5c3d,KBaluh/github/com/Levels/BaseLevel.java,tickDecorationLayer,->,360dee62-c005-4ebb-947a-5157807b5c3d,java/util/List.java,size
360dee62-c005-4ebb-947a-5157807b5c3d,KBaluh/github/com/Levels/BaseLevel.java,tickDecorationLayer,->,360dee62-c005-4ebb-947a-5157807b5c3d,java/util/List.java,get
360dee62-c005-4ebb-947a-5157807b5c3d,KBaluh/github/com/Levels/BaseLevel.java,tickDecorationLayer,->,360dee62-c005-4ebb-947a-5157807b5c3d,60b5ca0f-a560-425f-aae6-66d68d878c94,d2fa3085-03b2-4b37-8cb2-19b91d398a5b
360dee62-c005-4ebb-947a-5157807b5c3d,KBaluh/github/com/Levels/BaseLevel.java,tickDecorationLayer,->,360dee62-c005-4ebb-947a-5157807b5c3d,java/util/List.java,remove
360dee62-c005-4ebb-947a-5157807b5c3d,KBaluh/github/com/Levels/BaseLevel.java,tickDecorationLayer,->,360dee62-c005-4ebb-947a-5157807b5c3d,60b5ca0f-a560-425f-aae6-66d68d878c94,4d18f399-4115-49b8-b637-490ed85f85f1
360dee62-c005-4ebb-947a-5157807b5c3d,KBaluh/github/com/Levels/BaseLevel.java,tickDecorationLayer,->,360dee62-c005-4ebb-947a-5157807b5c3d,KBaluh/github/com/Levels/BaseLevel.java,handleCanMove
360dee62-c005-4ebb-947a-5157807b5c3d,KBaluh/github/com/Levels/BaseLevel.java,showBattleText,->,360dee62-c005-4ebb-947a-5157807b5c3d,java/lang/StringBuilder.java,append
360dee62-c005-4ebb-947a-5157807b5c3d,KBaluh/github/com/Levels/BaseLevel.java,showBattleText,->,360dee62-c005-4ebb-947a-5157807b5c3d,KBaluh/github/com/Levels/BaseLevel.java,getLevelNumber
360dee62-c005-4ebb-947a-5157807b5c3d,KBaluh/github/com/Levels/BaseLevel.java,showBattleText,->,360dee62-c005-4ebb-947a-5157807b5c3d,java/lang/StringBuilder.java,append
360dee62-c005-4ebb-947a-5157807b5c3d,KBaluh/github/com/Levels/BaseLevel.java,showBattleText,->,360dee62-c005-4ebb-947a-5157807b5c3d,java/lang/StringBuilder.java,append
360dee62-c005-4ebb-947a-5157807b5c3d,KBaluh/github/com/Levels/BaseLevel.java,showBattleText,->,360dee62-c005-4ebb-947a-5157807b5c3d,java/lang/StringBuilder.java,append
360dee62-c005-4ebb-947a-5157807b5c3d,KBaluh/github/com/Levels/BaseLevel.java,showBattleText,->,360dee62-c005-4ebb-947a-5157807b5c3d,java/lang/StringBuilder.java,toString
360dee62-c005-4ebb-947a-5157807b5c3d,KBaluh/github/com/Levels/BaseLevel.java,paintBattleText,->,360dee62-c005-4ebb-947a-5157807b5c3d,java/awt/Graphics.java,setFont
360dee62-c005-4ebb-947a-5157807b5c3d,KBaluh/github/com/Levels/BaseLevel.java,paintBattleText,->,360dee62-c005-4ebb-947a-5157807b5c3d,java/awt/Graphics.java,setColor
360dee62-c005-4ebb-947a-5157807b5c3d,KBaluh/github/com/Levels/BaseLevel.java,paintBattleText,->,360dee62-c005-4ebb-947a-5157807b5c3d,KBaluh/github/com/GameScreen.java,getWidth
360dee62-c005-4ebb-947a-5157807b5c3d,KBaluh/github/com/Levels/BaseLevel.java,paintBattleText,->,360dee62-c005-4ebb-947a-5157807b5c3d,KBaluh/github/com/GameScreen.java,getHeight
360dee62-c005-4ebb-947a-5157807b5c3d,KBaluh/github/com/Levels/BaseLevel.java,paintBattleText,->,360dee62-c005-4ebb-947a-5157807b5c3d,java/awt/Graphics.java,drawString
360dee62-c005-4ebb-947a-5157807b5c3d,efafbfb0-2118-4454-94d5-44ef5ca34fe6,33550212-0456-4edc-85c4-81fca165238b,->,360dee62-c005-4ebb-947a-5157807b5c3d,KBaluh/github/com/Levels/BaseLevel.java,paintPanel
360dee62-c005-4ebb-947a-5157807b5c3d,efafbfb0-2118-4454-94d5-44ef5ca34fe6,e5a82118-fc54-4bc0-922c-44253918a9ce,->,360dee62-c005-4ebb-947a-5157807b5c3d,KBaluh/github/com/Levels/BaseLevel.java,initSpawners
360dee62-c005-4ebb-947a-5157807b5c3d,efafbfb0-2118-4454-94d5-44ef5ca34fe6,e5a82118-fc54-4bc0-922c-44253918a9ce,->,360dee62-c005-4ebb-947a-5157807b5c3d,5eafbf43-9ab5-4af1-8be7-f754cc250f17,addc7b4b-a975-413e-b2eb-5a1a734e9356
360dee62-c005-4ebb-947a-5157807b5c3d,efafbfb0-2118-4454-94d5-44ef5ca34fe6,e5a82118-fc54-4bc0-922c-44253918a9ce,->,360dee62-c005-4ebb-947a-5157807b5c3d,KBaluh/github/com/Levels/LevelTwo.java,addSpawner
360dee62-c005-4ebb-947a-5157807b5c3d,efafbfb0-2118-4454-94d5-44ef5ca34fe6,e5a82118-fc54-4bc0-922c-44253918a9ce,->,360dee62-c005-4ebb-947a-5157807b5c3d,KBaluh/github/com/Levels/LevelTwo.java,addSpawner
360dee62-c005-4ebb-947a-5157807b5c3d,efafbfb0-2118-4454-94d5-44ef5ca34fe6,e5a82118-fc54-4bc0-922c-44253918a9ce,->,360dee62-c005-4ebb-947a-5157807b5c3d,KBaluh/github/com/Entity/Spawners/GreenFishSpawner.java,setBaseInterval
360dee62-c005-4ebb-947a-5157807b5c3d,efafbfb0-2118-4454-94d5-44ef5ca34fe6,e5a82118-fc54-4bc0-922c-44253918a9ce,->,360dee62-c005-4ebb-947a-5157807b5c3d,KBaluh/github/com/Levels/LevelTwo.java,addSpawner
360dee62-c005-4ebb-947a-5157807b5c3d,efafbfb0-2118-4454-94d5-44ef5ca34fe6,e5a82118-fc54-4bc0-922c-44253918a9ce,->,360dee62-c005-4ebb-947a-5157807b5c3d,KBaluh/github/com/Levels/LevelTwo.java,addSpawner
360dee62-c005-4ebb-947a-5157807b5c3d,efafbfb0-2118-4454-94d5-44ef5ca34fe6,e5a82118-fc54-4bc0-922c-44253918a9ce,->,360dee62-c005-4ebb-947a-5157807b5c3d,KBaluh/github/com/Levels/LevelTwo.java,addSpawner
360dee62-c005-4ebb-947a-5157807b5c3d,efafbfb0-2118-4454-94d5-44ef5ca34fe6,65cee631-e7a8-4a0c-ac62-35ba18e00262,->,360dee62-c005-4ebb-947a-5157807b5c3d,KBaluh/github/com/Levels/BaseLevel.java,initPlayer
360dee62-c005-4ebb-947a-5157807b5c3d,efafbfb0-2118-4454-94d5-44ef5ca34fe6,65cee631-e7a8-4a0c-ac62-35ba18e00262,->,360dee62-c005-4ebb-947a-5157807b5c3d,KBaluh/github/com/Levels/LevelTwo.java,getPlayer
360dee62-c005-4ebb-947a-5157807b5c3d,efafbfb0-2118-4454-94d5-44ef5ca34fe6,65cee631-e7a8-4a0c-ac62-35ba18e00262,->,360dee62-c005-4ebb-947a-5157807b5c3d,KBaluh/github/com/Entity/Mobs/Player.java,setMaxHp
360dee62-c005-4ebb-947a-5157807b5c3d,efafbfb0-2118-4454-94d5-44ef5ca34fe6,65cee631-e7a8-4a0c-ac62-35ba18e00262,->,360dee62-c005-4ebb-947a-5157807b5c3d,KBaluh/github/com/Entity/Mobs/Player.java,getMaxHp
360dee62-c005-4ebb-947a-5157807b5c3d,efafbfb0-2118-4454-94d5-44ef5ca34fe6,65cee631-e7a8-4a0c-ac62-35ba18e00262,->,360dee62-c005-4ebb-947a-5157807b5c3d,KBaluh/github/com/Entity/Mobs/Player.java,increaseHp
360dee62-c005-4ebb-947a-5157807b5c3d,efafbfb0-2118-4454-94d5-44ef5ca34fe6,7ad6082d-9122-41d1-826d-ddb67118855c,->,360dee62-c005-4ebb-947a-5157807b5c3d,f7e9876e-45f5-419e-9f37-2ce4f245a1cc,89067898-2009-4aed-aba5-ee9c9e202bcf
360dee62-c005-4ebb-947a-5157807b5c3d,efafbfb0-2118-4454-94d5-44ef5ca34fe6,5606552f-59e1-4894-b428-b1e3930cdbcb,->,360dee62-c005-4ebb-947a-5157807b5c3d,KBaluh/github/com/Levels/BaseLevel.java,victory
360dee62-c005-4ebb-947a-5157807b5c3d,260b4b92-f54c-4c2d-9c27-f91723608530,694b7491-8b89-4210-a1ef-af85169e0df1,->,360dee62-c005-4ebb-947a-5157807b5c3d,KBaluh/github/com/Levels/BaseLevel.java,initSpawners
360dee62-c005-4ebb-947a-5157807b5c3d,260b4b92-f54c-4c2d-9c27-f91723608530,694b7491-8b89-4210-a1ef-af85169e0df1,->,360dee62-c005-4ebb-947a-5157807b5c3d,KBaluh/github/com/Levels/LevelOne.java,addSpawner
360dee62-c005-4ebb-947a-5157807b5c3d,260b4b92-f54c-4c2d-9c27-f91723608530,694b7491-8b89-4210-a1ef-af85169e0df1,->,360dee62-c005-4ebb-947a-5157807b5c3d,KBaluh/github/com/Levels/LevelOne.java,addSpawner
360dee62-c005-4ebb-947a-5157807b5c3d,496c603b-cc34-4258-8d64-c561a6f4a8de,ad30bea5-a7cb-45ed-9a41-c4a44fe8f006,->,360dee62-c005-4ebb-947a-5157807b5c3d,KBaluh/github/com/GameScreen.java,getHeight
360dee62-c005-4ebb-947a-5157807b5c3d,496c603b-cc34-4258-8d64-c561a6f4a8de,6c5f58c6-cae1-463a-a4da-31b316028a24,->,360dee62-c005-4ebb-947a-5157807b5c3d,KBaluh/github/com/GameScreen.java,getWidth
360dee62-c005-4ebb-947a-5157807b5c3d,7ba1ae94-e2ab-4655-9132-2b770df30a0a,a1bed9b4-d1e3-4180-9e90-82155c8daeba,->,360dee62-c005-4ebb-947a-5157807b5c3d,KBaluh/github/com/Levels/BaseLevel.java,paintPanel
360dee62-c005-4ebb-947a-5157807b5c3d,7ba1ae94-e2ab-4655-9132-2b770df30a0a,6188cc4d-e343-422f-a5bb-f9dcd51ff561,->,360dee62-c005-4ebb-947a-5157807b5c3d,KBaluh/github/com/Levels/LevelThree.java,addSpawner
360dee62-c005-4ebb-947a-5157807b5c3d,7ba1ae94-e2ab-4655-9132-2b770df30a0a,6188cc4d-e343-422f-a5bb-f9dcd51ff561,->,360dee62-c005-4ebb-947a-5157807b5c3d,5eafbf43-9ab5-4af1-8be7-f754cc250f17,addc7b4b-a975-413e-b2eb-5a1a734e9356
360dee62-c005-4ebb-947a-5157807b5c3d,7ba1ae94-e2ab-4655-9132-2b770df30a0a,6188cc4d-e343-422f-a5bb-f9dcd51ff561,->,360dee62-c005-4ebb-947a-5157807b5c3d,KBaluh/github/com/Levels/LevelThree.java,addSpawner
360dee62-c005-4ebb-947a-5157807b5c3d,7ba1ae94-e2ab-4655-9132-2b770df30a0a,6188cc4d-e343-422f-a5bb-f9dcd51ff561,->,360dee62-c005-4ebb-947a-5157807b5c3d,KBaluh/github/com/Entity/Spawners/GreenFishSpawner.java,setBaseInterval
360dee62-c005-4ebb-947a-5157807b5c3d,7ba1ae94-e2ab-4655-9132-2b770df30a0a,6188cc4d-e343-422f-a5bb-f9dcd51ff561,->,360dee62-c005-4ebb-947a-5157807b5c3d,KBaluh/github/com/Levels/LevelThree.java,addSpawner
360dee62-c005-4ebb-947a-5157807b5c3d,7ba1ae94-e2ab-4655-9132-2b770df30a0a,6188cc4d-e343-422f-a5bb-f9dcd51ff561,->,360dee62-c005-4ebb-947a-5157807b5c3d,KBaluh/github/com/Levels/LevelThree.java,addSpawner
360dee62-c005-4ebb-947a-5157807b5c3d,7ba1ae94-e2ab-4655-9132-2b770df30a0a,6188cc4d-e343-422f-a5bb-f9dcd51ff561,->,360dee62-c005-4ebb-947a-5157807b5c3d,KBaluh/github/com/Entity/Spawners/SeaMineSpawner.java,setBaseInterval
360dee62-c005-4ebb-947a-5157807b5c3d,7ba1ae94-e2ab-4655-9132-2b770df30a0a,6188cc4d-e343-422f-a5bb-f9dcd51ff561,->,360dee62-c005-4ebb-947a-5157807b5c3d,KBaluh/github/com/Levels/LevelThree.java,addSpawner
360dee62-c005-4ebb-947a-5157807b5c3d,7ba1ae94-e2ab-4655-9132-2b770df30a0a,6188cc4d-e343-422f-a5bb-f9dcd51ff561,->,360dee62-c005-4ebb-947a-5157807b5c3d,KBaluh/github/com/Levels/LevelThree.java,addSpawner
360dee62-c005-4ebb-947a-5157807b5c3d,7ba1ae94-e2ab-4655-9132-2b770df30a0a,2ded3d62-70de-43a2-a1aa-501f57b26de4,->,360dee62-c005-4ebb-947a-5157807b5c3d,KBaluh/github/com/Levels/BaseLevel.java,initPlayer
360dee62-c005-4ebb-947a-5157807b5c3d,7ba1ae94-e2ab-4655-9132-2b770df30a0a,2ded3d62-70de-43a2-a1aa-501f57b26de4,->,360dee62-c005-4ebb-947a-5157807b5c3d,KBaluh/github/com/Levels/LevelThree.java,getPlayer
360dee62-c005-4ebb-947a-5157807b5c3d,7ba1ae94-e2ab-4655-9132-2b770df30a0a,2ded3d62-70de-43a2-a1aa-501f57b26de4,->,360dee62-c005-4ebb-947a-5157807b5c3d,KBaluh/github/com/Entity/Mobs/Player.java,setMaxHp
360dee62-c005-4ebb-947a-5157807b5c3d,7ba1ae94-e2ab-4655-9132-2b770df30a0a,2ded3d62-70de-43a2-a1aa-501f57b26de4,->,360dee62-c005-4ebb-947a-5157807b5c3d,KBaluh/github/com/Entity/Mobs/Player.java,getMaxHp
360dee62-c005-4ebb-947a-5157807b5c3d,7ba1ae94-e2ab-4655-9132-2b770df30a0a,2ded3d62-70de-43a2-a1aa-501f57b26de4,->,360dee62-c005-4ebb-947a-5157807b5c3d,KBaluh/github/com/Entity/Mobs/Player.java,increaseHp
360dee62-c005-4ebb-947a-5157807b5c3d,7ba1ae94-e2ab-4655-9132-2b770df30a0a,9436bade-b9ee-4c7a-9072-a00ad039cfdd,->,360dee62-c005-4ebb-947a-5157807b5c3d,f7e9876e-45f5-419e-9f37-2ce4f245a1cc,89067898-2009-4aed-aba5-ee9c9e202bcf
360dee62-c005-4ebb-947a-5157807b5c3d,KBaluh/github/com/Weapons/RocketGunChaotic.java,useWeapon,->,360dee62-c005-4ebb-947a-5157807b5c3d,KBaluh/github/com/Entity/Mobs/Mob.java,getImageHeight
360dee62-c005-4ebb-947a-5157807b5c3d,KBaluh/github/com/Weapons/RocketGunChaotic.java,useWeapon,->,360dee62-c005-4ebb-947a-5157807b5c3d,65821def-13f5-4901-985a-ff0a598c29d2,2f4ce0e0-1d93-4f0f-95d4-1773f09f3d4d
360dee62-c005-4ebb-947a-5157807b5c3d,KBaluh/github/com/Weapons/RocketGunChaotic.java,useWeapon,->,360dee62-c005-4ebb-947a-5157807b5c3d,KBaluh/github/com/Entity/Mobs/Mob.java,getImageWidth
360dee62-c005-4ebb-947a-5157807b5c3d,KBaluh/github/com/Weapons/RocketGunChaotic.java,useWeapon,->,360dee62-c005-4ebb-947a-5157807b5c3d,KBaluh/github/com/Entity/Mobs/Mob.java,getX
360dee62-c005-4ebb-947a-5157807b5c3d,KBaluh/github/com/Weapons/RocketGunChaotic.java,useWeapon,->,360dee62-c005-4ebb-947a-5157807b5c3d,KBaluh/github/com/Entity/Mobs/Mob.java,getY
360dee62-c005-4ebb-947a-5157807b5c3d,KBaluh/github/com/Weapons/RocketGunChaotic.java,useWeapon,->,360dee62-c005-4ebb-947a-5157807b5c3d,65821def-13f5-4901-985a-ff0a598c29d2,2f4ce0e0-1d93-4f0f-95d4-1773f09f3d4d
360dee62-c005-4ebb-947a-5157807b5c3d,KBaluh/github/com/Weapons/RocketGunChaotic.java,useWeapon,->,360dee62-c005-4ebb-947a-5157807b5c3d,65821def-13f5-4901-985a-ff0a598c29d2,c6339838-afe1-4f07-bac7-b2f9b9747bc5
360dee62-c005-4ebb-947a-5157807b5c3d,KBaluh/github/com/Weapons/RocketGunChaotic.java,useWeapon,->,360dee62-c005-4ebb-947a-5157807b5c3d,KBaluh/github/com/Entity/Bullets/RocketBullet.java,getX
360dee62-c005-4ebb-947a-5157807b5c3d,KBaluh/github/com/Weapons/RocketGunChaotic.java,useWeapon,->,360dee62-c005-4ebb-947a-5157807b5c3d,KBaluh/github/com/Entity/Bullets/RocketBullet.java,getImageWidth
360dee62-c005-4ebb-947a-5157807b5c3d,KBaluh/github/com/Weapons/RocketGunChaotic.java,useWeapon,->,360dee62-c005-4ebb-947a-5157807b5c3d,KBaluh/github/com/Entity/Bullets/RocketBullet.java,setX
360dee62-c005-4ebb-947a-5157807b5c3d,KBaluh/github/com/Weapons/RocketGunChaotic.java,useWeapon,->,360dee62-c005-4ebb-947a-5157807b5c3d,496c603b-cc34-4258-8d64-c561a6f4a8de,b49121a0-0b64-4422-b7b2-be29e555b833
360dee62-c005-4ebb-947a-5157807b5c3d,KBaluh/github/com/Weapons/RocketGun.java,useWeapon,->,360dee62-c005-4ebb-947a-5157807b5c3d,KBaluh/github/com/Entity/Mobs/Mob.java,getImageHeight
360dee62-c005-4ebb-947a-5157807b5c3d,KBaluh/github/com/Weapons/RocketGun.java,useWeapon,->,360dee62-c005-4ebb-947a-5157807b5c3d,65821def-13f5-4901-985a-ff0a598c29d2,2f4ce0e0-1d93-4f0f-95d4-1773f09f3d4d
360dee62-c005-4ebb-947a-5157807b5c3d,KBaluh/github/com/Weapons/RocketGun.java,useWeapon,->,360dee62-c005-4ebb-947a-5157807b5c3d,KBaluh/github/com/Entity/Mobs/Mob.java,getImageWidth
360dee62-c005-4ebb-947a-5157807b5c3d,KBaluh/github/com/Weapons/RocketGun.java,useWeapon,->,360dee62-c005-4ebb-947a-5157807b5c3d,KBaluh/github/com/Entity/Mobs/Mob.java,getX
360dee62-c005-4ebb-947a-5157807b5c3d,KBaluh/github/com/Weapons/RocketGun.java,useWeapon,->,360dee62-c005-4ebb-947a-5157807b5c3d,KBaluh/github/com/Entity/Mobs/Mob.java,getY
360dee62-c005-4ebb-947a-5157807b5c3d,KBaluh/github/com/Weapons/RocketGun.java,useWeapon,->,360dee62-c005-4ebb-947a-5157807b5c3d,65821def-13f5-4901-985a-ff0a598c29d2,2f4ce0e0-1d93-4f0f-95d4-1773f09f3d4d
360dee62-c005-4ebb-947a-5157807b5c3d,KBaluh/github/com/Weapons/RocketGun.java,useWeapon,->,360dee62-c005-4ebb-947a-5157807b5c3d,65821def-13f5-4901-985a-ff0a598c29d2,c6339838-afe1-4f07-bac7-b2f9b9747bc5
360dee62-c005-4ebb-947a-5157807b5c3d,KBaluh/github/com/Weapons/RocketGun.java,useWeapon,->,360dee62-c005-4ebb-947a-5157807b5c3d,KBaluh/github/com/Entity/Bullets/RocketBullet.java,getX
360dee62-c005-4ebb-947a-5157807b5c3d,KBaluh/github/com/Weapons/RocketGun.java,useWeapon,->,360dee62-c005-4ebb-947a-5157807b5c3d,KBaluh/github/com/Entity/Bullets/RocketBullet.java,getImageWidth
360dee62-c005-4ebb-947a-5157807b5c3d,KBaluh/github/com/Weapons/RocketGun.java,useWeapon,->,360dee62-c005-4ebb-947a-5157807b5c3d,KBaluh/github/com/Entity/Bullets/RocketBullet.java,setX
360dee62-c005-4ebb-947a-5157807b5c3d,KBaluh/github/com/Weapons/RocketGun.java,useWeapon,->,360dee62-c005-4ebb-947a-5157807b5c3d,496c603b-cc34-4258-8d64-c561a6f4a8de,b49121a0-0b64-4422-b7b2-be29e555b833
360dee62-c005-4ebb-947a-5157807b5c3d,KBaluh/github/com/GameScreen$GameKeyAdapter.java,keyPressed,->,360dee62-c005-4ebb-947a-5157807b5c3d,KBaluh/github/com/GameScreen.java,access$000
360dee62-c005-4ebb-947a-5157807b5c3d,KBaluh/github/com/GameScreen$GameKeyAdapter.java,keyPressed,->,360dee62-c005-4ebb-947a-5157807b5c3d,496c603b-cc34-4258-8d64-c561a6f4a8de,3881277c-565a-443e-a188-69d778080bea
360dee62-c005-4ebb-947a-5157807b5c3d,KBaluh/github/com/GameScreen$GameKeyAdapter.java,keyReleased,->,360dee62-c005-4ebb-947a-5157807b5c3d,KBaluh/github/com/GameScreen.java,access$000
360dee62-c005-4ebb-947a-5157807b5c3d,KBaluh/github/com/GameScreen$GameKeyAdapter.java,keyReleased,->,360dee62-c005-4ebb-947a-5157807b5c3d,496c603b-cc34-4258-8d64-c561a6f4a8de,1798771f-cfee-4397-9126-8850566ccedf
360dee62-c005-4ebb-947a-5157807b5c3d,0b5a3b99-f950-43c3-bbb2-2b408a9890bb,1590363c-8111-4a25-8128-b45bde32c163,->,360dee62-c005-4ebb-947a-5157807b5c3d,496c603b-cc34-4258-8d64-c561a6f4a8de,05ac9792-615c-4c01-bd95-c2dc34d96522
360dee62-c005-4ebb-947a-5157807b5c3d,0b5a3b99-f950-43c3-bbb2-2b408a9890bb,c7ff12dd-2881-4be3-b0a3-2372a8d51092,->,360dee62-c005-4ebb-947a-5157807b5c3d,496c603b-cc34-4258-8d64-c561a6f4a8de,6f335716-3540-4337-8efb-688b967211a2
360dee62-c005-4ebb-947a-5157807b5c3d,0b5a3b99-f950-43c3-bbb2-2b408a9890bb,c7ff12dd-2881-4be3-b0a3-2372a8d51092,->,360dee62-c005-4ebb-947a-5157807b5c3d,496c603b-cc34-4258-8d64-c561a6f4a8de,7d00de7d-2c4a-46fe-8be4-003b31615f21
360dee62-c005-4ebb-947a-5157807b5c3d,0b5a3b99-f950-43c3-bbb2-2b408a9890bb,c7ff12dd-2881-4be3-b0a3-2372a8d51092,->,360dee62-c005-4ebb-947a-5157807b5c3d,java/lang/StringBuilder.java,append
360dee62-c005-4ebb-947a-5157807b5c3d,0b5a3b99-f950-43c3-bbb2-2b408a9890bb,c7ff12dd-2881-4be3-b0a3-2372a8d51092,->,360dee62-c005-4ebb-947a-5157807b5c3d,496c603b-cc34-4258-8d64-c561a6f4a8de,e59a1ad2-8036-4898-88b6-f6c3a6f1cca6
360dee62-c005-4ebb-947a-5157807b5c3d,0b5a3b99-f950-43c3-bbb2-2b408a9890bb,c7ff12dd-2881-4be3-b0a3-2372a8d51092,->,360dee62-c005-4ebb-947a-5157807b5c3d,java/lang/StringBuilder.java,append
360dee62-c005-4ebb-947a-5157807b5c3d,0b5a3b99-f950-43c3-bbb2-2b408a9890bb,c7ff12dd-2881-4be3-b0a3-2372a8d51092,->,360dee62-c005-4ebb-947a-5157807b5c3d,java/lang/StringBuilder.java,toString
360dee62-c005-4ebb-947a-5157807b5c3d,0b5a3b99-f950-43c3-bbb2-2b408a9890bb,c7ff12dd-2881-4be3-b0a3-2372a8d51092,->,360dee62-c005-4ebb-947a-5157807b5c3d,javax/swing/JOptionPane.java,showMessageDialog
360dee62-c005-4ebb-947a-5157807b5c3d,0b5a3b99-f950-43c3-bbb2-2b408a9890bb,c7ff12dd-2881-4be3-b0a3-2372a8d51092,->,360dee62-c005-4ebb-947a-5157807b5c3d,f2034a78-4f6c-4825-ba5b-f393d6f79ec5,ad972d99-54cb-465b-8413-8e650d0bcfa7
360dee62-c005-4ebb-947a-5157807b5c3d,0b5a3b99-f950-43c3-bbb2-2b408a9890bb,c7ff12dd-2881-4be3-b0a3-2372a8d51092,->,360dee62-c005-4ebb-947a-5157807b5c3d,f2034a78-4f6c-4825-ba5b-f393d6f79ec5,d8487d09-44d3-4fbe-a891-80111d5a52f3
360dee62-c005-4ebb-947a-5157807b5c3d,0b5a3b99-f950-43c3-bbb2-2b408a9890bb,c7ff12dd-2881-4be3-b0a3-2372a8d51092,->,360dee62-c005-4ebb-947a-5157807b5c3d,javax/swing/Timer.java,stop
360dee62-c005-4ebb-947a-5157807b5c3d,0b5a3b99-f950-43c3-bbb2-2b408a9890bb,c7ff12dd-2881-4be3-b0a3-2372a8d51092,->,360dee62-c005-4ebb-947a-5157807b5c3d,javax/swing/JOptionPane.java,showMessageDialog
360dee62-c005-4ebb-947a-5157807b5c3d,0b5a3b99-f950-43c3-bbb2-2b408a9890bb,c7ff12dd-2881-4be3-b0a3-2372a8d51092,->,360dee62-c005-4ebb-947a-5157807b5c3d,java/lang/System.java,exit
360dee62-c005-4ebb-947a-5157807b5c3d,0b5a3b99-f950-43c3-bbb2-2b408a9890bb,c7ff12dd-2881-4be3-b0a3-2372a8d51092,->,360dee62-c005-4ebb-947a-5157807b5c3d,496c603b-cc34-4258-8d64-c561a6f4a8de,7a9f10c1-e307-441d-9c3e-672a04c69103
360dee62-c005-4ebb-947a-5157807b5c3d,0b5a3b99-f950-43c3-bbb2-2b408a9890bb,c7ff12dd-2881-4be3-b0a3-2372a8d51092,->,360dee62-c005-4ebb-947a-5157807b5c3d,KBaluh/github/com/GameScreen.java,repaint
360dee62-c005-4ebb-947a-5157807b5c3d,3ad38ae4-ec9f-4b79-a708-2d321d74fb03,3af92471-3c9e-4554-8a72-ba783ec13e24,->,360dee62-c005-4ebb-947a-5157807b5c3d,javax/swing/JFrame.java,setDefaultCloseOperation
360dee62-c005-4ebb-947a-5157807b5c3d,3ad38ae4-ec9f-4b79-a708-2d321d74fb03,3af92471-3c9e-4554-8a72-ba783ec13e24,->,360dee62-c005-4ebb-947a-5157807b5c3d,javax/swing/JFrame.java,setTitle
360dee62-c005-4ebb-947a-5157807b5c3d,3ad38ae4-ec9f-4b79-a708-2d321d74fb03,3af92471-3c9e-4554-8a72-ba783ec13e24,->,360dee62-c005-4ebb-947a-5157807b5c3d,javax/swing/JFrame.java,setSize
360dee62-c005-4ebb-947a-5157807b5c3d,3ad38ae4-ec9f-4b79-a708-2d321d74fb03,3af92471-3c9e-4554-8a72-ba783ec13e24,->,360dee62-c005-4ebb-947a-5157807b5c3d,javax/swing/JFrame.java,setResizable
360dee62-c005-4ebb-947a-5157807b5c3d,3ad38ae4-ec9f-4b79-a708-2d321d74fb03,3af92471-3c9e-4554-8a72-ba783ec13e24,->,360dee62-c005-4ebb-947a-5157807b5c3d,javax/swing/JFrame.java,add
360dee62-c005-4ebb-947a-5157807b5c3d,3ad38ae4-ec9f-4b79-a708-2d321d74fb03,3af92471-3c9e-4554-8a72-ba783ec13e24,->,360dee62-c005-4ebb-947a-5157807b5c3d,javax/swing/UIManager.java,setLookAndFeel
360dee62-c005-4ebb-947a-5157807b5c3d,3ad38ae4-ec9f-4b79-a708-2d321d74fb03,3af92471-3c9e-4554-8a72-ba783ec13e24,->,360dee62-c005-4ebb-947a-5157807b5c3d,java/io/PrintStream.java,println
360dee62-c005-4ebb-947a-5157807b5c3d,3ad38ae4-ec9f-4b79-a708-2d321d74fb03,3af92471-3c9e-4554-8a72-ba783ec13e24,->,360dee62-c005-4ebb-947a-5157807b5c3d,javax/swing/JFrame.java,getToolkit
360dee62-c005-4ebb-947a-5157807b5c3d,3ad38ae4-ec9f-4b79-a708-2d321d74fb03,3af92471-3c9e-4554-8a72-ba783ec13e24,->,360dee62-c005-4ebb-947a-5157807b5c3d,java/awt/Toolkit.java,getScreenSize
360dee62-c005-4ebb-947a-5157807b5c3d,3ad38ae4-ec9f-4b79-a708-2d321d74fb03,3af92471-3c9e-4554-8a72-ba783ec13e24,->,360dee62-c005-4ebb-947a-5157807b5c3d,javax/swing/JFrame.java,getWidth
360dee62-c005-4ebb-947a-5157807b5c3d,3ad38ae4-ec9f-4b79-a708-2d321d74fb03,3af92471-3c9e-4554-8a72-ba783ec13e24,->,360dee62-c005-4ebb-947a-5157807b5c3d,javax/swing/JFrame.java,getHeight
360dee62-c005-4ebb-947a-5157807b5c3d,3ad38ae4-ec9f-4b79-a708-2d321d74fb03,3af92471-3c9e-4554-8a72-ba783ec13e24,->,360dee62-c005-4ebb-947a-5157807b5c3d,javax/swing/JFrame.java,setLocation
360dee62-c005-4ebb-947a-5157807b5c3d,3ad38ae4-ec9f-4b79-a708-2d321d74fb03,3af92471-3c9e-4554-8a72-ba783ec13e24,->,360dee62-c005-4ebb-947a-5157807b5c3d,javax/swing/JFrame.java,setVisible
360dee62-c005-4ebb-947a-5157807b5c3d,e97db794-6234-479d-8be4-67d4321e0fea,d47c30f0-cbb7-494c-a440-ac91f8ff7a8d,->,360dee62-c005-4ebb-947a-5157807b5c3d,java/lang/Object.java,getClass
360dee62-c005-4ebb-947a-5157807b5c3d,e97db794-6234-479d-8be4-67d4321e0fea,d47c30f0-cbb7-494c-a440-ac91f8ff7a8d,->,360dee62-c005-4ebb-947a-5157807b5c3d,java/lang/Class.java,getClassLoader
360dee62-c005-4ebb-947a-5157807b5c3d,e97db794-6234-479d-8be4-67d4321e0fea,d47c30f0-cbb7-494c-a440-ac91f8ff7a8d,->,360dee62-c005-4ebb-947a-5157807b5c3d,java/lang/ClassLoader.java,getResource
360dee62-c005-4ebb-947a-5157807b5c3d,e97db794-6234-479d-8be4-67d4321e0fea,d47c30f0-cbb7-494c-a440-ac91f8ff7a8d,->,360dee62-c005-4ebb-947a-5157807b5c3d,javax/swing/ImageIcon.java,getImage
360dee62-c005-4ebb-947a-5157807b5c3d,KBaluh/github/com/Art.java,<clinit>,->,360dee62-c005-4ebb-947a-5157807b5c3d,e97db794-6234-479d-8be4-67d4321e0fea,d47c30f0-cbb7-494c-a440-ac91f8ff7a8d
360dee62-c005-4ebb-947a-5157807b5c3d,KBaluh/github/com/Art.java,<clinit>,->,360dee62-c005-4ebb-947a-5157807b5c3d,e97db794-6234-479d-8be4-67d4321e0fea,d47c30f0-cbb7-494c-a440-ac91f8ff7a8d
360dee62-c005-4ebb-947a-5157807b5c3d,KBaluh/github/com/Art.java,<clinit>,->,360dee62-c005-4ebb-947a-5157807b5c3d,e97db794-6234-479d-8be4-67d4321e0fea,d47c30f0-cbb7-494c-a440-ac91f8ff7a8d
360dee62-c005-4ebb-947a-5157807b5c3d,KBaluh/github/com/Art.java,<clinit>,->,360dee62-c005-4ebb-947a-5157807b5c3d,e97db794-6234-479d-8be4-67d4321e0fea,d47c30f0-cbb7-494c-a440-ac91f8ff7a8d
360dee62-c005-4ebb-947a-5157807b5c3d,KBaluh/github/com/Art.java,<clinit>,->,360dee62-c005-4ebb-947a-5157807b5c3d,e97db794-6234-479d-8be4-67d4321e0fea,d47c30f0-cbb7-494c-a440-ac91f8ff7a8d
360dee62-c005-4ebb-947a-5157807b5c3d,KBaluh/github/com/Art.java,<clinit>,->,360dee62-c005-4ebb-947a-5157807b5c3d,e97db794-6234-479d-8be4-67d4321e0fea,d47c30f0-cbb7-494c-a440-ac91f8ff7a8d
360dee62-c005-4ebb-947a-5157807b5c3d,KBaluh/github/com/Art.java,<clinit>,->,360dee62-c005-4ebb-947a-5157807b5c3d,e97db794-6234-479d-8be4-67d4321e0fea,d47c30f0-cbb7-494c-a440-ac91f8ff7a8d
360dee62-c005-4ebb-947a-5157807b5c3d,KBaluh/github/com/Art.java,<clinit>,->,360dee62-c005-4ebb-947a-5157807b5c3d,e97db794-6234-479d-8be4-67d4321e0fea,d47c30f0-cbb7-494c-a440-ac91f8ff7a8d
360dee62-c005-4ebb-947a-5157807b5c3d,KBaluh/github/com/Art.java,<clinit>,->,360dee62-c005-4ebb-947a-5157807b5c3d,e97db794-6234-479d-8be4-67d4321e0fea,d47c30f0-cbb7-494c-a440-ac91f8ff7a8d
360dee62-c005-4ebb-947a-5157807b5c3d,KBaluh/github/com/Art.java,<clinit>,->,360dee62-c005-4ebb-947a-5157807b5c3d,e97db794-6234-479d-8be4-67d4321e0fea,d47c30f0-cbb7-494c-a440-ac91f8ff7a8d
360dee62-c005-4ebb-947a-5157807b5c3d,KBaluh/github/com/Art.java,<clinit>,->,360dee62-c005-4ebb-947a-5157807b5c3d,e97db794-6234-479d-8be4-67d4321e0fea,d47c30f0-cbb7-494c-a440-ac91f8ff7a8d
360dee62-c005-4ebb-947a-5157807b5c3d,KBaluh/github/com/Art.java,<clinit>,->,360dee62-c005-4ebb-947a-5157807b5c3d,e97db794-6234-479d-8be4-67d4321e0fea,d47c30f0-cbb7-494c-a440-ac91f8ff7a8d
360dee62-c005-4ebb-947a-5157807b5c3d,KBaluh/github/com/Art.java,<clinit>,->,360dee62-c005-4ebb-947a-5157807b5c3d,e97db794-6234-479d-8be4-67d4321e0fea,d47c30f0-cbb7-494c-a440-ac91f8ff7a8d
360dee62-c005-4ebb-947a-5157807b5c3d,KBaluh/github/com/Art.java,<clinit>,->,360dee62-c005-4ebb-947a-5157807b5c3d,e97db794-6234-479d-8be4-67d4321e0fea,d47c30f0-cbb7-494c-a440-ac91f8ff7a8d
360dee62-c005-4ebb-947a-5157807b5c3d,KBaluh/github/com/Art.java,<clinit>,->,360dee62-c005-4ebb-947a-5157807b5c3d,e97db794-6234-479d-8be4-67d4321e0fea,d47c30f0-cbb7-494c-a440-ac91f8ff7a8d
360dee62-c005-4ebb-947a-5157807b5c3d,KBaluh/github/com/Art.java,<clinit>,->,360dee62-c005-4ebb-947a-5157807b5c3d,e97db794-6234-479d-8be4-67d4321e0fea,d47c30f0-cbb7-494c-a440-ac91f8ff7a8d
360dee62-c005-4ebb-947a-5157807b5c3d,KBaluh/github/com/Art.java,<clinit>,->,360dee62-c005-4ebb-947a-5157807b5c3d,e97db794-6234-479d-8be4-67d4321e0fea,d47c30f0-cbb7-494c-a440-ac91f8ff7a8d
360dee62-c005-4ebb-947a-5157807b5c3d,KBaluh/github/com/Art.java,<clinit>,->,360dee62-c005-4ebb-947a-5157807b5c3d,e97db794-6234-479d-8be4-67d4321e0fea,d47c30f0-cbb7-494c-a440-ac91f8ff7a8d
360dee62-c005-4ebb-947a-5157807b5c3d,KBaluh/github/com/Art.java,<clinit>,->,360dee62-c005-4ebb-947a-5157807b5c3d,e97db794-6234-479d-8be4-67d4321e0fea,d47c30f0-cbb7-494c-a440-ac91f8ff7a8d
360dee62-c005-4ebb-947a-5157807b5c3d,KBaluh/github/com/Art.java,<clinit>,->,360dee62-c005-4ebb-947a-5157807b5c3d,e97db794-6234-479d-8be4-67d4321e0fea,d47c30f0-cbb7-494c-a440-ac91f8ff7a8d
360dee62-c005-4ebb-947a-5157807b5c3d,KBaluh/github/com/Art.java,<clinit>,->,360dee62-c005-4ebb-947a-5157807b5c3d,e97db794-6234-479d-8be4-67d4321e0fea,d47c30f0-cbb7-494c-a440-ac91f8ff7a8d
360dee62-c005-4ebb-947a-5157807b5c3d,KBaluh/github/com/Art.java,<clinit>,->,360dee62-c005-4ebb-947a-5157807b5c3d,e97db794-6234-479d-8be4-67d4321e0fea,d47c30f0-cbb7-494c-a440-ac91f8ff7a8d
360dee62-c005-4ebb-947a-5157807b5c3d,KBaluh/github/com/Art.java,<clinit>,->,360dee62-c005-4ebb-947a-5157807b5c3d,e97db794-6234-479d-8be4-67d4321e0fea,d47c30f0-cbb7-494c-a440-ac91f8ff7a8d
360dee62-c005-4ebb-947a-5157807b5c3d,KBaluh/github/com/Art.java,<clinit>,->,360dee62-c005-4ebb-947a-5157807b5c3d,e97db794-6234-479d-8be4-67d4321e0fea,d47c30f0-cbb7-494c-a440-ac91f8ff7a8d
360dee62-c005-4ebb-947a-5157807b5c3d,KBaluh/github/com/Entity/Spawners/EntityLayer.java,values,->,360dee62-c005-4ebb-947a-5157807b5c3d,KBaluh/github/com/Entity/Spawners/EntityLayer.java,clone
360dee62-c005-4ebb-947a-5157807b5c3d,KBaluh/github/com/Entity/Spawners/EntityLayer.java,valueOf,->,360dee62-c005-4ebb-947a-5157807b5c3d,java/lang/Enum.java,valueOf
360dee62-c005-4ebb-947a-5157807b5c3d,5eafbf43-9ab5-4af1-8be7-f754cc250f17,3ea9653f-7c2e-4921-87f5-32227592d00e,->,360dee62-c005-4ebb-947a-5157807b5c3d,5eafbf43-9ab5-4af1-8be7-f754cc250f17,e505b956-ce5f-4115-a4cc-51f00792344b
360dee62-c005-4ebb-947a-5157807b5c3d,5eafbf43-9ab5-4af1-8be7-f754cc250f17,e505b956-ce5f-4115-a4cc-51f00792344b,->,360dee62-c005-4ebb-947a-5157807b5c3d,496c603b-cc34-4258-8d64-c561a6f4a8de,6c5f58c6-cae1-463a-a4da-31b316028a24
360dee62-c005-4ebb-947a-5157807b5c3d,5eafbf43-9ab5-4af1-8be7-f754cc250f17,e505b956-ce5f-4115-a4cc-51f00792344b,->,360dee62-c005-4ebb-947a-5157807b5c3d,java/util/Random.java,nextInt
360dee62-c005-4ebb-947a-5157807b5c3d,5eafbf43-9ab5-4af1-8be7-f754cc250f17,e505b956-ce5f-4115-a4cc-51f00792344b,->,360dee62-c005-4ebb-947a-5157807b5c3d,496c603b-cc34-4258-8d64-c561a6f4a8de,ad30bea5-a7cb-45ed-9a41-c4a44fe8f006
360dee62-c005-4ebb-947a-5157807b5c3d,KBaluh/github/com/Entity/Spawners/HunterFishSpawner.java,getEntity,->,360dee62-c005-4ebb-947a-5157807b5c3d,496c603b-cc34-4258-8d64-c561a6f4a8de,ad30bea5-a7cb-45ed-9a41-c4a44fe8f006
360dee62-c005-4ebb-947a-5157807b5c3d,KBaluh/github/com/Entity/Spawners/HunterFishSpawner.java,getEntity,->,360dee62-c005-4ebb-947a-5157807b5c3d,java/util/Random.java,nextInt
360dee62-c005-4ebb-947a-5157807b5c3d,KBaluh/github/com/Entity/Spawners/HunterFishSpawner.java,getEntity,->,360dee62-c005-4ebb-947a-5157807b5c3d,java/lang/Math.java,abs
360dee62-c005-4ebb-947a-5157807b5c3d,KBaluh/github/com/Entity/Spawners/HunterFishSpawner.java,getEntity,->,360dee62-c005-4ebb-947a-5157807b5c3d,496c603b-cc34-4258-8d64-c561a6f4a8de,6c5f58c6-cae1-463a-a4da-31b316028a24
360dee62-c005-4ebb-947a-5157807b5c3d,KBaluh/github/com/Entity/Spawners/HunterFishSpawner.java,afterSpawn,->,360dee62-c005-4ebb-947a-5157807b5c3d,KBaluh/github/com/Entity/Spawners/HunterFishSpawner.java,generateSpawnInterval
360dee62-c005-4ebb-947a-5157807b5c3d,b19bd873-db78-46c3-a543-9582b444524a,af812394-74e4-4161-be58-756903106e1f,->,360dee62-c005-4ebb-947a-5157807b5c3d,496c603b-cc34-4258-8d64-c561a6f4a8de,6c5f58c6-cae1-463a-a4da-31b316028a24
360dee62-c005-4ebb-947a-5157807b5c3d,75567d49-2781-41a6-9c3f-70f68586af04,5848a347-9401-4e8b-9ea0-3fe0bbf816b8,->,360dee62-c005-4ebb-947a-5157807b5c3d,75567d49-2781-41a6-9c3f-70f68586af04,16b826c6-a090-4ad1-ab91-683ff055d24e
360dee62-c005-4ebb-947a-5157807b5c3d,75567d49-2781-41a6-9c3f-70f68586af04,5848a347-9401-4e8b-9ea0-3fe0bbf816b8,->,360dee62-c005-4ebb-947a-5157807b5c3d,java/util/Random.java,nextInt
360dee62-c005-4ebb-947a-5157807b5c3d,75567d49-2781-41a6-9c3f-70f68586af04,5848a347-9401-4e8b-9ea0-3fe0bbf816b8,->,360dee62-c005-4ebb-947a-5157807b5c3d,75567d49-2781-41a6-9c3f-70f68586af04,16b826c6-a090-4ad1-ab91-683ff055d24e
360dee62-c005-4ebb-947a-5157807b5c3d,75567d49-2781-41a6-9c3f-70f68586af04,9bd6a2c9-092c-4948-89ca-0b56d4fd14b2,->,360dee62-c005-4ebb-947a-5157807b5c3d,75567d49-2781-41a6-9c3f-70f68586af04,91f6c1b9-6b3b-4946-b07a-e92e358e7bde
360dee62-c005-4ebb-947a-5157807b5c3d,75567d49-2781-41a6-9c3f-70f68586af04,9bd6a2c9-092c-4948-89ca-0b56d4fd14b2,->,360dee62-c005-4ebb-947a-5157807b5c3d,75567d49-2781-41a6-9c3f-70f68586af04,3238ab4a-6a52-4841-94d7-077f659c94d5
360dee62-c005-4ebb-947a-5157807b5c3d,75567d49-2781-41a6-9c3f-70f68586af04,3238ab4a-6a52-4841-94d7-077f659c94d5,->,360dee62-c005-4ebb-947a-5157807b5c3d,75567d49-2781-41a6-9c3f-70f68586af04,0792c940-044f-47fb-a155-4c40e818031e
360dee62-c005-4ebb-947a-5157807b5c3d,75567d49-2781-41a6-9c3f-70f68586af04,3238ab4a-6a52-4841-94d7-077f659c94d5,->,360dee62-c005-4ebb-947a-5157807b5c3d,496c603b-cc34-4258-8d64-c561a6f4a8de,441d7240-3b73-4ad4-b1f4-90b43a14905a
360dee62-c005-4ebb-947a-5157807b5c3d,75567d49-2781-41a6-9c3f-70f68586af04,3238ab4a-6a52-4841-94d7-077f659c94d5,->,360dee62-c005-4ebb-947a-5157807b5c3d,75567d49-2781-41a6-9c3f-70f68586af04,0792c940-044f-47fb-a155-4c40e818031e
360dee62-c005-4ebb-947a-5157807b5c3d,75567d49-2781-41a6-9c3f-70f68586af04,3238ab4a-6a52-4841-94d7-077f659c94d5,->,360dee62-c005-4ebb-947a-5157807b5c3d,496c603b-cc34-4258-8d64-c561a6f4a8de,b49121a0-0b64-4422-b7b2-be29e555b833
360dee62-c005-4ebb-947a-5157807b5c3d,75567d49-2781-41a6-9c3f-70f68586af04,3238ab4a-6a52-4841-94d7-077f659c94d5,->,360dee62-c005-4ebb-947a-5157807b5c3d,75567d49-2781-41a6-9c3f-70f68586af04,0792c940-044f-47fb-a155-4c40e818031e
360dee62-c005-4ebb-947a-5157807b5c3d,75567d49-2781-41a6-9c3f-70f68586af04,3238ab4a-6a52-4841-94d7-077f659c94d5,->,360dee62-c005-4ebb-947a-5157807b5c3d,496c603b-cc34-4258-8d64-c561a6f4a8de,aaee6dcb-cf0f-4a21-b5ad-ec3bb69f8a8e
360dee62-c005-4ebb-947a-5157807b5c3d,75567d49-2781-41a6-9c3f-70f68586af04,3238ab4a-6a52-4841-94d7-077f659c94d5,->,360dee62-c005-4ebb-947a-5157807b5c3d,75567d49-2781-41a6-9c3f-70f68586af04,b7203c4e-b8e2-49f2-82e2-3a0bb6d1e197
360dee62-c005-4ebb-947a-5157807b5c3d,75567d49-2781-41a6-9c3f-70f68586af04,b7203c4e-b8e2-49f2-82e2-3a0bb6d1e197,->,360dee62-c005-4ebb-947a-5157807b5c3d,75567d49-2781-41a6-9c3f-70f68586af04,cd548f35-2d31-44a6-8340-ce5807d99969
360dee62-c005-4ebb-947a-5157807b5c3d,75567d49-2781-41a6-9c3f-70f68586af04,b7203c4e-b8e2-49f2-82e2-3a0bb6d1e197,->,360dee62-c005-4ebb-947a-5157807b5c3d,75567d49-2781-41a6-9c3f-70f68586af04,cd548f35-2d31-44a6-8340-ce5807d99969
360dee62-c005-4ebb-947a-5157807b5c3d,75567d49-2781-41a6-9c3f-70f68586af04,b7203c4e-b8e2-49f2-82e2-3a0bb6d1e197,->,360dee62-c005-4ebb-947a-5157807b5c3d,75567d49-2781-41a6-9c3f-70f68586af04,5848a347-9401-4e8b-9ea0-3fe0bbf816b8
360dee62-c005-4ebb-947a-5157807b5c3d,KBaluh/github/com/Entity/Spawners/SeaMineSpawner.java,getEntity,->,360dee62-c005-4ebb-947a-5157807b5c3d,KBaluh/github/com/Entity/Spawners/SeaMineSpawner.java,getRandomEntity
360dee62-c005-4ebb-947a-5157807b5c3d,KBaluh/github/com/Entity/Spawners/SeaMineSpawner.java,getRandomEntity,->,360dee62-c005-4ebb-947a-5157807b5c3d,496c603b-cc34-4258-8d64-c561a6f4a8de,6c5f58c6-cae1-463a-a4da-31b316028a24
360dee62-c005-4ebb-947a-5157807b5c3d,KBaluh/github/com/Entity/Spawners/SeaMineSpawner.java,getRandomEntity,->,360dee62-c005-4ebb-947a-5157807b5c3d,KBaluh/github/com/Entity/Spawners/SeaMineSpawner.java,getImageWidth
360dee62-c005-4ebb-947a-5157807b5c3d,KBaluh/github/com/Entity/Spawners/SeaMineSpawner.java,getRandomEntity,->,360dee62-c005-4ebb-947a-5157807b5c3d,java/util/Random.java,nextInt
360dee62-c005-4ebb-947a-5157807b5c3d,KBaluh/github/com/Entity/Spawners/SeaMineSpawner.java,getRandomEntity,->,360dee62-c005-4ebb-947a-5157807b5c3d,496c603b-cc34-4258-8d64-c561a6f4a8de,ad30bea5-a7cb-45ed-9a41-c4a44fe8f006
360dee62-c005-4ebb-947a-5157807b5c3d,c2b1face-6442-4924-b5c2-1af4478a4f19,485922c9-be2f-4d45-8c8e-f84395460507,->,360dee62-c005-4ebb-947a-5157807b5c3d,496c603b-cc34-4258-8d64-c561a6f4a8de,6c5f58c6-cae1-463a-a4da-31b316028a24
360dee62-c005-4ebb-947a-5157807b5c3d,KBaluh/github/com/Entity/Spawners/GreenFishSpawner.java,getEntity,->,360dee62-c005-4ebb-947a-5157807b5c3d,496c603b-cc34-4258-8d64-c561a6f4a8de,ad30bea5-a7cb-45ed-9a41-c4a44fe8f006
360dee62-c005-4ebb-947a-5157807b5c3d,KBaluh/github/com/Entity/Spawners/GreenFishSpawner.java,getEntity,->,360dee62-c005-4ebb-947a-5157807b5c3d,java/util/Random.java,nextInt
360dee62-c005-4ebb-947a-5157807b5c3d,KBaluh/github/com/Entity/Spawners/GreenFishSpawner.java,getEntity,->,360dee62-c005-4ebb-947a-5157807b5c3d,java/lang/Math.java,abs
360dee62-c005-4ebb-947a-5157807b5c3d,KBaluh/github/com/Entity/Spawners/GreenFishSpawner.java,getEntity,->,360dee62-c005-4ebb-947a-5157807b5c3d,496c603b-cc34-4258-8d64-c561a6f4a8de,6c5f58c6-cae1-463a-a4da-31b316028a24
360dee62-c005-4ebb-947a-5157807b5c3d,KBaluh/github/com/Entity/Spawners/GreenFishSpawner.java,afterSpawn,->,360dee62-c005-4ebb-947a-5157807b5c3d,KBaluh/github/com/Entity/Spawners/GreenFishSpawner.java,generateSpawnInterval
360dee62-c005-4ebb-947a-5157807b5c3d,a9bdc3de-bb47-4e3e-99fc-07b88a17018a,e0dd8069-39d3-4648-9eeb-06530a9fb200,->,360dee62-c005-4ebb-947a-5157807b5c3d,java/util/Random.java,nextInt
360dee62-c005-4ebb-947a-5157807b5c3d,a9bdc3de-bb47-4e3e-99fc-07b88a17018a,e0dd8069-39d3-4648-9eeb-06530a9fb200,->,360dee62-c005-4ebb-947a-5157807b5c3d,496c603b-cc34-4258-8d64-c561a6f4a8de,6c5f58c6-cae1-463a-a4da-31b316028a24
360dee62-c005-4ebb-947a-5157807b5c3d,a9bdc3de-bb47-4e3e-99fc-07b88a17018a,e0dd8069-39d3-4648-9eeb-06530a9fb200,->,360dee62-c005-4ebb-947a-5157807b5c3d,java/util/Random.java,nextInt
360dee62-c005-4ebb-947a-5157807b5c3d,a9bdc3de-bb47-4e3e-99fc-07b88a17018a,e0dd8069-39d3-4648-9eeb-06530a9fb200,->,360dee62-c005-4ebb-947a-5157807b5c3d,496c603b-cc34-4258-8d64-c561a6f4a8de,ad30bea5-a7cb-45ed-9a41-c4a44fe8f006
360dee62-c005-4ebb-947a-5157807b5c3d,a9bdc3de-bb47-4e3e-99fc-07b88a17018a,97b2c874-4f15-4b59-bd67-5e042ef19275,->,360dee62-c005-4ebb-947a-5157807b5c3d,a9bdc3de-bb47-4e3e-99fc-07b88a17018a,e0dd8069-39d3-4648-9eeb-06530a9fb200
360dee62-c005-4ebb-947a-5157807b5c3d,a9bdc3de-bb47-4e3e-99fc-07b88a17018a,97b2c874-4f15-4b59-bd67-5e042ef19275,->,360dee62-c005-4ebb-947a-5157807b5c3d,496c603b-cc34-4258-8d64-c561a6f4a8de,441d7240-3b73-4ad4-b1f4-90b43a14905a
360dee62-c005-4ebb-947a-5157807b5c3d,a9bdc3de-bb47-4e3e-99fc-07b88a17018a,97b2c874-4f15-4b59-bd67-5e042ef19275,->,360dee62-c005-4ebb-947a-5157807b5c3d,java/util/Random.java,nextBoolean
360dee62-c005-4ebb-947a-5157807b5c3d,a9bdc3de-bb47-4e3e-99fc-07b88a17018a,97b2c874-4f15-4b59-bd67-5e042ef19275,->,360dee62-c005-4ebb-947a-5157807b5c3d,496c603b-cc34-4258-8d64-c561a6f4a8de,aaee6dcb-cf0f-4a21-b5ad-ec3bb69f8a8e
360dee62-c005-4ebb-947a-5157807b5c3d,a9bdc3de-bb47-4e3e-99fc-07b88a17018a,97b2c874-4f15-4b59-bd67-5e042ef19275,->,360dee62-c005-4ebb-947a-5157807b5c3d,496c603b-cc34-4258-8d64-c561a6f4a8de,441d7240-3b73-4ad4-b1f4-90b43a14905a
360dee62-c005-4ebb-947a-5157807b5c3d,a9bdc3de-bb47-4e3e-99fc-07b88a17018a,97b2c874-4f15-4b59-bd67-5e042ef19275,->,360dee62-c005-4ebb-947a-5157807b5c3d,496c603b-cc34-4258-8d64-c561a6f4a8de,aaee6dcb-cf0f-4a21-b5ad-ec3bb69f8a8e
360dee62-c005-4ebb-947a-5157807b5c3d,a9bdc3de-bb47-4e3e-99fc-07b88a17018a,97b2c874-4f15-4b59-bd67-5e042ef19275,->,360dee62-c005-4ebb-947a-5157807b5c3d,KBaluh/github/com/Entity/Spawners/BubbleSpawner.java,afterSpawn
360dee62-c005-4ebb-947a-5157807b5c3d,KBaluh/github/com/Entity/Team.java,values,->,360dee62-c005-4ebb-947a-5157807b5c3d,KBaluh/github/com/Entity/Team.java,clone
360dee62-c005-4ebb-947a-5157807b5c3d,KBaluh/github/com/Entity/Team.java,valueOf,->,360dee62-c005-4ebb-947a-5157807b5c3d,java/lang/Enum.java,valueOf
360dee62-c005-4ebb-947a-5157807b5c3d,ea382493-f054-4f72-ac11-9440435f5cd1,43c5248c-cc3a-4ae5-8184-6b9adc9c7c24,->,360dee62-c005-4ebb-947a-5157807b5c3d,KBaluh/github/com/Entity/SupportItems/SupportItem.java,getY
360dee62-c005-4ebb-947a-5157807b5c3d,ea382493-f054-4f72-ac11-9440435f5cd1,43c5248c-cc3a-4ae5-8184-6b9adc9c7c24,->,360dee62-c005-4ebb-947a-5157807b5c3d,KBaluh/github/com/Entity/SupportItems/SupportItem.java,setY
360dee62-c005-4ebb-947a-5157807b5c3d,KBaluh/github/com/Entity/SupportItems/BubbleShield.java,tick,->,360dee62-c005-4ebb-947a-5157807b5c3d,KBaluh/github/com/Entity/Mobs/Mob.java,getX
360dee62-c005-4ebb-947a-5157807b5c3d,KBaluh/github/com/Entity/SupportItems/BubbleShield.java,tick,->,360dee62-c005-4ebb-947a-5157807b5c3d,KBaluh/github/com/Entity/Mobs/Mob.java,getImageWidth
360dee62-c005-4ebb-947a-5157807b5c3d,KBaluh/github/com/Entity/SupportItems/BubbleShield.java,tick,->,360dee62-c005-4ebb-947a-5157807b5c3d,KBaluh/github/com/Entity/Mobs/Mob.java,getY
360dee62-c005-4ebb-947a-5157807b5c3d,KBaluh/github/com/Entity/SupportItems/BubbleShield.java,tick,->,360dee62-c005-4ebb-947a-5157807b5c3d,KBaluh/github/com/Entity/Mobs/Mob.java,getImageHeight
360dee62-c005-4ebb-947a-5157807b5c3d,KBaluh/github/com/Entity/SupportItems/BubbleShield.java,tick,->,360dee62-c005-4ebb-947a-5157807b5c3d,KBaluh/github/com/Entity/SupportItems/BubbleShield.java,getImageWidth
360dee62-c005-4ebb-947a-5157807b5c3d,KBaluh/github/com/Entity/SupportItems/BubbleShield.java,tick,->,360dee62-c005-4ebb-947a-5157807b5c3d,KBaluh/github/com/Entity/SupportItems/BubbleShield.java,getImageHeight
360dee62-c005-4ebb-947a-5157807b5c3d,KBaluh/github/com/Entity/SupportItems/BubbleShield.java,tick,->,360dee62-c005-4ebb-947a-5157807b5c3d,KBaluh/github/com/Entity/SupportItems/BubbleShield.java,setX
360dee62-c005-4ebb-947a-5157807b5c3d,KBaluh/github/com/Entity/SupportItems/BubbleShield.java,tick,->,360dee62-c005-4ebb-947a-5157807b5c3d,KBaluh/github/com/Entity/SupportItems/BubbleShield.java,setY
360dee62-c005-4ebb-947a-5157807b5c3d,KBaluh/github/com/Entity/SupportItems/BubbleShield.java,tick,->,360dee62-c005-4ebb-947a-5157807b5c3d,KBaluh/github/com/Entity/SupportItems/BubbleShield.java,remove
360dee62-c005-4ebb-947a-5157807b5c3d,KBaluh/github/com/Entity/SupportItems/BubbleShield.java,hurt,->,360dee62-c005-4ebb-947a-5157807b5c3d,65821def-13f5-4901-985a-ff0a598c29d2,a29dfafb-b328-48a4-8dd0-ac9beb76e3ce
360dee62-c005-4ebb-947a-5157807b5c3d,KBaluh/github/com/Entity/SupportItems/BubbleShield.java,hurt,->,360dee62-c005-4ebb-947a-5157807b5c3d,KBaluh/github/com/Entity/SupportItems/BubbleShield.java,getHp
360dee62-c005-4ebb-947a-5157807b5c3d,KBaluh/github/com/Entity/SupportItems/BubbleShield.java,hurt,->,360dee62-c005-4ebb-947a-5157807b5c3d,KBaluh/github/com/Entity/SupportItems/BubbleShield.java,remove
360dee62-c005-4ebb-947a-5157807b5c3d,KBaluh/github/com/Entity/SupportItems/BubbleShield.java,activate,->,360dee62-c005-4ebb-947a-5157807b5c3d,KBaluh/github/com/Entity/SupportItems/BubbleShield.java,getMaxHp
360dee62-c005-4ebb-947a-5157807b5c3d,KBaluh/github/com/Entity/SupportItems/BubbleShield.java,activate,->,360dee62-c005-4ebb-947a-5157807b5c3d,KBaluh/github/com/Entity/SupportItems/BubbleShield.java,increaseHp
360dee62-c005-4ebb-947a-5157807b5c3d,KBaluh/github/com/Entity/SupportItems/BubbleShield.java,activate,->,360dee62-c005-4ebb-947a-5157807b5c3d,496c603b-cc34-4258-8d64-c561a6f4a8de,b49121a0-0b64-4422-b7b2-be29e555b833
360dee62-c005-4ebb-947a-5157807b5c3d,ec1b4d9e-e64e-42ea-8ec9-1262b6af6786,7464a861-6b0d-4d2b-b6c1-c52cde9d0485,->,360dee62-c005-4ebb-947a-5157807b5c3d,60b5ca0f-a560-425f-aae6-66d68d878c94,cd5f5480-ac8c-4f98-8e37-93e50d3e06cd
360dee62-c005-4ebb-947a-5157807b5c3d,ec1b4d9e-e64e-42ea-8ec9-1262b6af6786,7464a861-6b0d-4d2b-b6c1-c52cde9d0485,->,360dee62-c005-4ebb-947a-5157807b5c3d,60b5ca0f-a560-425f-aae6-66d68d878c94,e3101dc5-4a42-4e9c-8603-ca39f9f43d19
360dee62-c005-4ebb-947a-5157807b5c3d,ec1b4d9e-e64e-42ea-8ec9-1262b6af6786,7464a861-6b0d-4d2b-b6c1-c52cde9d0485,->,360dee62-c005-4ebb-947a-5157807b5c3d,60b5ca0f-a560-425f-aae6-66d68d878c94,d8afbece-739c-4a09-84b8-cda618d17c0c
360dee62-c005-4ebb-947a-5157807b5c3d,ec1b4d9e-e64e-42ea-8ec9-1262b6af6786,7464a861-6b0d-4d2b-b6c1-c52cde9d0485,->,360dee62-c005-4ebb-947a-5157807b5c3d,java/awt/Graphics.java,drawImage
360dee62-c005-4ebb-947a-5157807b5c3d,8799cbb9-f295-446e-a914-e96393abec96,b387d6c2-6086-4e8f-bf82-b3c8f7393c5f,->,360dee62-c005-4ebb-947a-5157807b5c3d,d90a7868-3c4e-4f34-a2dd-e6a609bd9d3b,398b03c2-6816-469e-8914-550b44d0860f
360dee62-c005-4ebb-947a-5157807b5c3d,8799cbb9-f295-446e-a914-e96393abec96,b387d6c2-6086-4e8f-bf82-b3c8f7393c5f,->,360dee62-c005-4ebb-947a-5157807b5c3d,KBaluh/github/com/Entity/Bullets/RocketBulletChaotic.java,getX
360dee62-c005-4ebb-947a-5157807b5c3d,8799cbb9-f295-446e-a914-e96393abec96,b387d6c2-6086-4e8f-bf82-b3c8f7393c5f,->,360dee62-c005-4ebb-947a-5157807b5c3d,KBaluh/github/com/Entity/Bullets/RocketBulletChaotic.java,getY
360dee62-c005-4ebb-947a-5157807b5c3d,8799cbb9-f295-446e-a914-e96393abec96,b387d6c2-6086-4e8f-bf82-b3c8f7393c5f,->,360dee62-c005-4ebb-947a-5157807b5c3d,java/lang/Math.java,cos
360dee62-c005-4ebb-947a-5157807b5c3d,8799cbb9-f295-446e-a914-e96393abec96,b387d6c2-6086-4e8f-bf82-b3c8f7393c5f,->,360dee62-c005-4ebb-947a-5157807b5c3d,java/lang/Math.java,round
360dee62-c005-4ebb-947a-5157807b5c3d,8799cbb9-f295-446e-a914-e96393abec96,b387d6c2-6086-4e8f-bf82-b3c8f7393c5f,->,360dee62-c005-4ebb-947a-5157807b5c3d,KBaluh/github/com/Entity/Bullets/RocketBulletChaotic.java,setY
360dee62-c005-4ebb-947a-5157807b5c3d,d90a7868-3c4e-4f34-a2dd-e6a609bd9d3b,398b03c2-6816-469e-8914-550b44d0860f,->,360dee62-c005-4ebb-947a-5157807b5c3d,036ee9fc-4e94-48f7-959f-4c83d601ddf0,e3ab563d-f319-428f-af9a-ce6bab50f15d
360dee62-c005-4ebb-947a-5157807b5c3d,d90a7868-3c4e-4f34-a2dd-e6a609bd9d3b,398b03c2-6816-469e-8914-550b44d0860f,->,360dee62-c005-4ebb-947a-5157807b5c3d,java/util/Random.java,nextInt
360dee62-c005-4ebb-947a-5157807b5c3d,d90a7868-3c4e-4f34-a2dd-e6a609bd9d3b,398b03c2-6816-469e-8914-550b44d0860f,->,360dee62-c005-4ebb-947a-5157807b5c3d,KBaluh/github/com/Entity/Bullets/RocketBullet.java,getX
360dee62-c005-4ebb-947a-5157807b5c3d,d90a7868-3c4e-4f34-a2dd-e6a609bd9d3b,398b03c2-6816-469e-8914-550b44d0860f,->,360dee62-c005-4ebb-947a-5157807b5c3d,KBaluh/github/com/Entity/Bullets/RocketBullet.java,getY
360dee62-c005-4ebb-947a-5157807b5c3d,d90a7868-3c4e-4f34-a2dd-e6a609bd9d3b,398b03c2-6816-469e-8914-550b44d0860f,->,360dee62-c005-4ebb-947a-5157807b5c3d,496c603b-cc34-4258-8d64-c561a6f4a8de,b49121a0-0b64-4422-b7b2-be29e555b833
360dee62-c005-4ebb-947a-5157807b5c3d,d90a7868-3c4e-4f34-a2dd-e6a609bd9d3b,428d9e5d-3d6a-4396-a6ef-aa17d35f74f6,->,360dee62-c005-4ebb-947a-5157807b5c3d,036ee9fc-4e94-48f7-959f-4c83d601ddf0,269edc79-06e2-4b66-8777-261ca45919b7
360dee62-c005-4ebb-947a-5157807b5c3d,d90a7868-3c4e-4f34-a2dd-e6a609bd9d3b,428d9e5d-3d6a-4396-a6ef-aa17d35f74f6,->,360dee62-c005-4ebb-947a-5157807b5c3d,KBaluh/github/com/Entity/Bullets/RocketBullet.java,getX
360dee62-c005-4ebb-947a-5157807b5c3d,d90a7868-3c4e-4f34-a2dd-e6a609bd9d3b,428d9e5d-3d6a-4396-a6ef-aa17d35f74f6,->,360dee62-c005-4ebb-947a-5157807b5c3d,KBaluh/github/com/Entity/Bullets/RocketBullet.java,getY
360dee62-c005-4ebb-947a-5157807b5c3d,d90a7868-3c4e-4f34-a2dd-e6a609bd9d3b,428d9e5d-3d6a-4396-a6ef-aa17d35f74f6,->,360dee62-c005-4ebb-947a-5157807b5c3d,496c603b-cc34-4258-8d64-c561a6f4a8de,b49121a0-0b64-4422-b7b2-be29e555b833
360dee62-c005-4ebb-947a-5157807b5c3d,d90a7868-3c4e-4f34-a2dd-e6a609bd9d3b,f32b4bbb-36a6-4d6a-ac49-b27c0d877cd5,->,360dee62-c005-4ebb-947a-5157807b5c3d,KBaluh/github/com/Entity/Bullets/RocketBullet.java,isHit
360dee62-c005-4ebb-947a-5157807b5c3d,90ec5c0b-a6f0-4cb0-abd2-6708f46262e3,865ef207-a6d9-4555-bc5f-fb97b03e243e,->,360dee62-c005-4ebb-947a-5157807b5c3d,KBaluh/github/com/Entity/Bullets/SeaMine.java,isHit
360dee62-c005-4ebb-947a-5157807b5c3d,90ec5c0b-a6f0-4cb0-abd2-6708f46262e3,865ef207-a6d9-4555-bc5f-fb97b03e243e,->,360dee62-c005-4ebb-947a-5157807b5c3d,KBaluh/github/com/Entity/Bullets/SeaMine.java,getY
360dee62-c005-4ebb-947a-5157807b5c3d,90ec5c0b-a6f0-4cb0-abd2-6708f46262e3,865ef207-a6d9-4555-bc5f-fb97b03e243e,->,360dee62-c005-4ebb-947a-5157807b5c3d,KBaluh/github/com/Entity/Bullets/SeaMine.java,setY
360dee62-c005-4ebb-947a-5157807b5c3d,90ec5c0b-a6f0-4cb0-abd2-6708f46262e3,5bc58b03-7ce0-4528-a813-2372352bdd33,->,360dee62-c005-4ebb-947a-5157807b5c3d,036ee9fc-4e94-48f7-959f-4c83d601ddf0,269edc79-06e2-4b66-8777-261ca45919b7
360dee62-c005-4ebb-947a-5157807b5c3d,90ec5c0b-a6f0-4cb0-abd2-6708f46262e3,5bc58b03-7ce0-4528-a813-2372352bdd33,->,360dee62-c005-4ebb-947a-5157807b5c3d,KBaluh/github/com/Entity/Bullets/SeaMine.java,getX
360dee62-c005-4ebb-947a-5157807b5c3d,90ec5c0b-a6f0-4cb0-abd2-6708f46262e3,5bc58b03-7ce0-4528-a813-2372352bdd33,->,360dee62-c005-4ebb-947a-5157807b5c3d,KBaluh/github/com/Entity/Bullets/SeaMine.java,getY
360dee62-c005-4ebb-947a-5157807b5c3d,90ec5c0b-a6f0-4cb0-abd2-6708f46262e3,5bc58b03-7ce0-4528-a813-2372352bdd33,->,360dee62-c005-4ebb-947a-5157807b5c3d,496c603b-cc34-4258-8d64-c561a6f4a8de,b49121a0-0b64-4422-b7b2-be29e555b833
360dee62-c005-4ebb-947a-5157807b5c3d,90ec5c0b-a6f0-4cb0-abd2-6708f46262e3,8e097015-d4cc-4929-9fa0-9ccbc76a1bca,->,360dee62-c005-4ebb-947a-5157807b5c3d,KBaluh/github/com/Entity/Bullets/Bullet.java,getImageWidth
360dee62-c005-4ebb-947a-5157807b5c3d,90ec5c0b-a6f0-4cb0-abd2-6708f46262e3,028fd532-4d2d-4d2c-93e8-28a32bc91e88,->,360dee62-c005-4ebb-947a-5157807b5c3d,KBaluh/github/com/Entity/Bullets/Bullet.java,getImageHeight
360dee62-c005-4ebb-947a-5157807b5c3d,KBaluh/github/com/Entity/Bullets/Bullet$1.java,<clinit>,->,360dee62-c005-4ebb-947a-5157807b5c3d,KBaluh/github/com/Entity/Direction.java,values
360dee62-c005-4ebb-947a-5157807b5c3d,KBaluh/github/com/Entity/Bullets/Bullet$1.java,<clinit>,->,360dee62-c005-4ebb-947a-5157807b5c3d,KBaluh/github/com/Entity/Direction.java,ordinal
360dee62-c005-4ebb-947a-5157807b5c3d,KBaluh/github/com/Entity/Bullets/Bullet$1.java,<clinit>,->,360dee62-c005-4ebb-947a-5157807b5c3d,KBaluh/github/com/Entity/Direction.java,ordinal
360dee62-c005-4ebb-947a-5157807b5c3d,KBaluh/github/com/Entity/Bullets/Bullet$1.java,<clinit>,->,360dee62-c005-4ebb-947a-5157807b5c3d,KBaluh/github/com/Entity/Direction.java,ordinal
360dee62-c005-4ebb-947a-5157807b5c3d,KBaluh/github/com/Entity/Bullets/Bullet$1.java,<clinit>,->,360dee62-c005-4ebb-947a-5157807b5c3d,KBaluh/github/com/Entity/Direction.java,ordinal
360dee62-c005-4ebb-947a-5157807b5c3d,e5086889-5f37-47f8-b48b-fc6578e961b7,f0fdd856-1d93-4784-a543-ca75d984d576,->,360dee62-c005-4ebb-947a-5157807b5c3d,java/util/ArrayList.java,get
360dee62-c005-4ebb-947a-5157807b5c3d,dce5935c-517e-4574-9eb7-f3e176b8e4e3,0e7c1fa0-3be4-452f-9ff1-9e616249658c,->,360dee62-c005-4ebb-947a-5157807b5c3d,036ee9fc-4e94-48f7-959f-4c83d601ddf0,e3ab563d-f319-428f-af9a-ce6bab50f15d
360dee62-c005-4ebb-947a-5157807b5c3d,dce5935c-517e-4574-9eb7-f3e176b8e4e3,46da986b-c38c-4344-8447-97f864d6a34b,->,360dee62-c005-4ebb-947a-5157807b5c3d,036ee9fc-4e94-48f7-959f-4c83d601ddf0,269edc79-06e2-4b66-8777-261ca45919b7
360dee62-c005-4ebb-947a-5157807b5c3d,dce5935c-517e-4574-9eb7-f3e176b8e4e3,46da986b-c38c-4344-8447-97f864d6a34b,->,360dee62-c005-4ebb-947a-5157807b5c3d,KBaluh/github/com/Entity/Bullets/SeaMineTop.java,getX
360dee62-c005-4ebb-947a-5157807b5c3d,dce5935c-517e-4574-9eb7-f3e176b8e4e3,46da986b-c38c-4344-8447-97f864d6a34b,->,360dee62-c005-4ebb-947a-5157807b5c3d,KBaluh/github/com/Entity/Bullets/SeaMineTop.java,getY
360dee62-c005-4ebb-947a-5157807b5c3d,dce5935c-517e-4574-9eb7-f3e176b8e4e3,46da986b-c38c-4344-8447-97f864d6a34b,->,360dee62-c005-4ebb-947a-5157807b5c3d,496c603b-cc34-4258-8d64-c561a6f4a8de,aaee6dcb-cf0f-4a21-b5ad-ec3bb69f8a8e
360dee62-c005-4ebb-947a-5157807b5c3d,036ee9fc-4e94-48f7-959f-4c83d601ddf0,e3ab563d-f319-428f-af9a-ce6bab50f15d,->,360dee62-c005-4ebb-947a-5157807b5c3d,KBaluh/github/com/Entity/Direction.java,ordinal
360dee62-c005-4ebb-947a-5157807b5c3d,036ee9fc-4e94-48f7-959f-4c83d601ddf0,e3ab563d-f319-428f-af9a-ce6bab50f15d,->,360dee62-c005-4ebb-947a-5157807b5c3d,KBaluh/github/com/Entity/Bullets/Bullet.java,getX
360dee62-c005-4ebb-947a-5157807b5c3d,036ee9fc-4e94-48f7-959f-4c83d601ddf0,e3ab563d-f319-428f-af9a-ce6bab50f15d,->,360dee62-c005-4ebb-947a-5157807b5c3d,KBaluh/github/com/Entity/Bullets/Bullet.java,setX
360dee62-c005-4ebb-947a-5157807b5c3d,036ee9fc-4e94-48f7-959f-4c83d601ddf0,e3ab563d-f319-428f-af9a-ce6bab50f15d,->,360dee62-c005-4ebb-947a-5157807b5c3d,KBaluh/github/com/Entity/Bullets/Bullet.java,getY
360dee62-c005-4ebb-947a-5157807b5c3d,036ee9fc-4e94-48f7-959f-4c83d601ddf0,e3ab563d-f319-428f-af9a-ce6bab50f15d,->,360dee62-c005-4ebb-947a-5157807b5c3d,KBaluh/github/com/Entity/Bullets/Bullet.java,setY
360dee62-c005-4ebb-947a-5157807b5c3d,KBaluh/github/com/Entity/Bullets/Explosion.java,tick,->,360dee62-c005-4ebb-947a-5157807b5c3d,ea92f9cb-ea44-45b2-81ad-db73c5c9add4,71678d1a-779b-436c-ad1e-fcc5eed20d2f
360dee62-c005-4ebb-947a-5157807b5c3d,KBaluh/github/com/Entity/Bullets/Explosion.java,tick,->,360dee62-c005-4ebb-947a-5157807b5c3d,ea92f9cb-ea44-45b2-81ad-db73c5c9add4,545b5b41-5442-4c9c-afbd-efb29614fc2a
360dee62-c005-4ebb-947a-5157807b5c3d,KBaluh/github/com/Entity/Bullets/Explosion.java,tick,->,360dee62-c005-4ebb-947a-5157807b5c3d,KBaluh/github/com/Entity/Bullets/Explosion.java,remove
360dee62-c005-4ebb-947a-5157807b5c3d,KBaluh/github/com/Entity/Direction.java,values,->,360dee62-c005-4ebb-947a-5157807b5c3d,KBaluh/github/com/Entity/Direction.java,clone
360dee62-c005-4ebb-947a-5157807b5c3d,KBaluh/github/com/Entity/Direction.java,valueOf,->,360dee62-c005-4ebb-947a-5157807b5c3d,java/lang/Enum.java,valueOf
360dee62-c005-4ebb-947a-5157807b5c3d,4839b4f7-3f6d-4a61-8792-9b06fcec5996,24bb019e-7d06-4214-9f4b-3579053320c3,->,360dee62-c005-4ebb-947a-5157807b5c3d,fbf7be28-d2df-4f27-911a-1e79079c9070,ab06f1ca-829e-4e5e-915f-6380c215675e
360dee62-c005-4ebb-947a-5157807b5c3d,4839b4f7-3f6d-4a61-8792-9b06fcec5996,24bb019e-7d06-4214-9f4b-3579053320c3,->,360dee62-c005-4ebb-947a-5157807b5c3d,KBaluh/github/com/Entity/Decorations/DeathBubble.java,remove
360dee62-c005-4ebb-947a-5157807b5c3d,f766c14c-dc82-4d89-ba6d-0dfb0d906763,8bff45bb-d4b9-4975-87a3-227d9bdc313a,->,360dee62-c005-4ebb-947a-5157807b5c3d,f766c14c-dc82-4d89-ba6d-0dfb0d906763,66e6abf3-3760-4d50-88d2-5af790a37818
360dee62-c005-4ebb-947a-5157807b5c3d,f766c14c-dc82-4d89-ba6d-0dfb0d906763,8bff45bb-d4b9-4975-87a3-227d9bdc313a,->,360dee62-c005-4ebb-947a-5157807b5c3d,f766c14c-dc82-4d89-ba6d-0dfb0d906763,95beef73-e211-4461-ad97-2d346740e452
360dee62-c005-4ebb-947a-5157807b5c3d,f766c14c-dc82-4d89-ba6d-0dfb0d906763,8bff45bb-d4b9-4975-87a3-227d9bdc313a,->,360dee62-c005-4ebb-947a-5157807b5c3d,f766c14c-dc82-4d89-ba6d-0dfb0d906763,1ed7b910-86ef-4402-9b10-73d2d373b958
360dee62-c005-4ebb-947a-5157807b5c3d,f766c14c-dc82-4d89-ba6d-0dfb0d906763,8bff45bb-d4b9-4975-87a3-227d9bdc313a,->,360dee62-c005-4ebb-947a-5157807b5c3d,496c603b-cc34-4258-8d64-c561a6f4a8de,aaee6dcb-cf0f-4a21-b5ad-ec3bb69f8a8e
360dee62-c005-4ebb-947a-5157807b5c3d,f766c14c-dc82-4d89-ba6d-0dfb0d906763,1ed7b910-86ef-4402-9b10-73d2d373b958,->,360dee62-c005-4ebb-947a-5157807b5c3d,java/util/Random.java,nextInt
360dee62-c005-4ebb-947a-5157807b5c3d,f766c14c-dc82-4d89-ba6d-0dfb0d906763,66e6abf3-3760-4d50-88d2-5af790a37818,->,360dee62-c005-4ebb-947a-5157807b5c3d,java/util/Random.java,nextInt
360dee62-c005-4ebb-947a-5157807b5c3d,f766c14c-dc82-4d89-ba6d-0dfb0d906763,66e6abf3-3760-4d50-88d2-5af790a37818,->,360dee62-c005-4ebb-947a-5157807b5c3d,java/util/Random.java,nextBoolean
360dee62-c005-4ebb-947a-5157807b5c3d,f766c14c-dc82-4d89-ba6d-0dfb0d906763,95beef73-e211-4461-ad97-2d346740e452,->,360dee62-c005-4ebb-947a-5157807b5c3d,java/util/Random.java,nextInt
360dee62-c005-4ebb-947a-5157807b5c3d,f766c14c-dc82-4d89-ba6d-0dfb0d906763,95beef73-e211-4461-ad97-2d346740e452,->,360dee62-c005-4ebb-947a-5157807b5c3d,java/util/Random.java,nextBoolean
360dee62-c005-4ebb-947a-5157807b5c3d,KBaluh/github/com/Entity/Decorations/BubbleType.java,values,->,360dee62-c005-4ebb-947a-5157807b5c3d,KBaluh/github/com/Entity/Decorations/BubbleType.java,clone
360dee62-c005-4ebb-947a-5157807b5c3d,KBaluh/github/com/Entity/Decorations/BubbleType.java,valueOf,->,360dee62-c005-4ebb-947a-5157807b5c3d,java/lang/Enum.java,valueOf
360dee62-c005-4ebb-947a-5157807b5c3d,74c016e4-503a-4752-bf9e-248113adcff5,b8de4f32-29b5-4a38-a89d-bc13a8391d3f,->,360dee62-c005-4ebb-947a-5157807b5c3d,fbf7be28-d2df-4f27-911a-1e79079c9070,ab06f1ca-829e-4e5e-915f-6380c215675e
360dee62-c005-4ebb-947a-5157807b5c3d,74c016e4-503a-4752-bf9e-248113adcff5,b8de4f32-29b5-4a38-a89d-bc13a8391d3f,->,360dee62-c005-4ebb-947a-5157807b5c3d,KBaluh/github/com/Entity/Decorations/RocketBubble.java,remove
360dee62-c005-4ebb-947a-5157807b5c3d,84d3f6b3-8ccb-4e99-9622-9d0876df55d2,bb1275a6-955c-4fe7-bd5f-86bd395709bb,->,360dee62-c005-4ebb-947a-5157807b5c3d,KBaluh/github/com/Entity/Mobs/HunterFish.java,isRemoved
360dee62-c005-4ebb-947a-5157807b5c3d,84d3f6b3-8ccb-4e99-9622-9d0876df55d2,bb1275a6-955c-4fe7-bd5f-86bd395709bb,->,360dee62-c005-4ebb-947a-5157807b5c3d,java/util/Random.java,nextInt
360dee62-c005-4ebb-947a-5157807b5c3d,84d3f6b3-8ccb-4e99-9622-9d0876df55d2,31a0bfff-c098-4091-aec0-4e39316178bc,->,360dee62-c005-4ebb-947a-5157807b5c3d,KBaluh/github/com/Entity/Mobs/HunterFish.java,isLive
360dee62-c005-4ebb-947a-5157807b5c3d,84d3f6b3-8ccb-4e99-9622-9d0876df55d2,31a0bfff-c098-4091-aec0-4e39316178bc,->,360dee62-c005-4ebb-947a-5157807b5c3d,javax/swing/Timer.java,stop
360dee62-c005-4ebb-947a-5157807b5c3d,84d3f6b3-8ccb-4e99-9622-9d0876df55d2,31a0bfff-c098-4091-aec0-4e39316178bc,->,360dee62-c005-4ebb-947a-5157807b5c3d,8799d47c-5413-4864-81c8-9c9e4697507f,e96e27da-1add-4066-b459-48d9af22e7a1
360dee62-c005-4ebb-947a-5157807b5c3d,84d3f6b3-8ccb-4e99-9622-9d0876df55d2,31a0bfff-c098-4091-aec0-4e39316178bc,->,360dee62-c005-4ebb-947a-5157807b5c3d,84d3f6b3-8ccb-4e99-9622-9d0876df55d2,51e5bdcc-44e4-4a56-9283-fcf79e4f6616
360dee62-c005-4ebb-947a-5157807b5c3d,84d3f6b3-8ccb-4e99-9622-9d0876df55d2,31a0bfff-c098-4091-aec0-4e39316178bc,->,360dee62-c005-4ebb-947a-5157807b5c3d,javax/swing/Timer.java,setDelay
360dee62-c005-4ebb-947a-5157807b5c3d,84d3f6b3-8ccb-4e99-9622-9d0876df55d2,73cb12bd-6430-4e24-8193-56ba5d93ef8a,->,360dee62-c005-4ebb-947a-5157807b5c3d,84d3f6b3-8ccb-4e99-9622-9d0876df55d2,51e5bdcc-44e4-4a56-9283-fcf79e4f6616
360dee62-c005-4ebb-947a-5157807b5c3d,84d3f6b3-8ccb-4e99-9622-9d0876df55d2,73cb12bd-6430-4e24-8193-56ba5d93ef8a,->,360dee62-c005-4ebb-947a-5157807b5c3d,javax/swing/Timer.java,start
360dee62-c005-4ebb-947a-5157807b5c3d,84d3f6b3-8ccb-4e99-9622-9d0876df55d2,51e5bdcc-44e4-4a56-9283-fcf79e4f6616,->,360dee62-c005-4ebb-947a-5157807b5c3d,java/util/Random.java,nextInt
360dee62-c005-4ebb-947a-5157807b5c3d,84d3f6b3-8ccb-4e99-9622-9d0876df55d2,9a7dfc4d-b6b9-4cfb-951c-088b4c3784fe,->,360dee62-c005-4ebb-947a-5157807b5c3d,KBaluh/github/com/Entity/Mobs/HunterFish.java,getDir
360dee62-c005-4ebb-947a-5157807b5c3d,e2e2b374-bc12-4eaa-8b96-cfa55100c2fb,6dd87064-7604-437d-8c3b-10082fb60e63,->,360dee62-c005-4ebb-947a-5157807b5c3d,531265ba-a02c-4c1c-9e90-0cba3c1e20aa,5bd50c15-1d8e-42ef-be35-d3af53cc53e0
360dee62-c005-4ebb-947a-5157807b5c3d,e2e2b374-bc12-4eaa-8b96-cfa55100c2fb,6dd87064-7604-437d-8c3b-10082fb60e63,->,360dee62-c005-4ebb-947a-5157807b5c3d,KBaluh/github/com/Entity/Mobs/TopFishMine.java,getX
360dee62-c005-4ebb-947a-5157807b5c3d,e2e2b374-bc12-4eaa-8b96-cfa55100c2fb,6dd87064-7604-437d-8c3b-10082fb60e63,->,360dee62-c005-4ebb-947a-5157807b5c3d,496c603b-cc34-4258-8d64-c561a6f4a8de,e9666b91-de92-4600-b137-d4efbcad0331
360dee62-c005-4ebb-947a-5157807b5c3d,e2e2b374-bc12-4eaa-8b96-cfa55100c2fb,6dd87064-7604-437d-8c3b-10082fb60e63,->,360dee62-c005-4ebb-947a-5157807b5c3d,KBaluh/github/com/Entity/Mobs/TopFishMine.java,getImageWidth
360dee62-c005-4ebb-947a-5157807b5c3d,e2e2b374-bc12-4eaa-8b96-cfa55100c2fb,6dd87064-7604-437d-8c3b-10082fb60e63,->,360dee62-c005-4ebb-947a-5157807b5c3d,KBaluh/github/com/Entity/Mobs/TopFishMine.java,getX
360dee62-c005-4ebb-947a-5157807b5c3d,e2e2b374-bc12-4eaa-8b96-cfa55100c2fb,6dd87064-7604-437d-8c3b-10082fb60e63,->,360dee62-c005-4ebb-947a-5157807b5c3d,KBaluh/github/com/Entity/Mobs/TopFishMine.java,getImageHeight
360dee62-c005-4ebb-947a-5157807b5c3d,e2e2b374-bc12-4eaa-8b96-cfa55100c2fb,6dd87064-7604-437d-8c3b-10082fb60e63,->,360dee62-c005-4ebb-947a-5157807b5c3d,496c603b-cc34-4258-8d64-c561a6f4a8de,b49121a0-0b64-4422-b7b2-be29e555b833
360dee62-c005-4ebb-947a-5157807b5c3d,d073b935-d77c-46f4-85ea-57eb36528a17,04973677-4dae-4ebb-b0ee-324a4a87f8ec,->,360dee62-c005-4ebb-947a-5157807b5c3d,KBaluh/github/com/Entity/Mobs/Mob.java,init
360dee62-c005-4ebb-947a-5157807b5c3d,d073b935-d77c-46f4-85ea-57eb36528a17,04973677-4dae-4ebb-b0ee-324a4a87f8ec,->,360dee62-c005-4ebb-947a-5157807b5c3d,d073b935-d77c-46f4-85ea-57eb36528a17,2b131cff-bf38-4fc7-9109-d6e2c0399df4
360dee62-c005-4ebb-947a-5157807b5c3d,d073b935-d77c-46f4-85ea-57eb36528a17,a4c5a3d6-254f-4b8a-8f4f-00d98cec420a,->,360dee62-c005-4ebb-947a-5157807b5c3d,KBaluh/github/com/Entity/Mobs/Player.java,isLive
360dee62-c005-4ebb-947a-5157807b5c3d,d073b935-d77c-46f4-85ea-57eb36528a17,a4c5a3d6-254f-4b8a-8f4f-00d98cec420a,->,360dee62-c005-4ebb-947a-5157807b5c3d,KBaluh/github/com/Entity/Mobs/Player.java,getX
360dee62-c005-4ebb-947a-5157807b5c3d,d073b935-d77c-46f4-85ea-57eb36528a17,a4c5a3d6-254f-4b8a-8f4f-00d98cec420a,->,360dee62-c005-4ebb-947a-5157807b5c3d,KBaluh/github/com/Entity/Mobs/Player.java,getY
360dee62-c005-4ebb-947a-5157807b5c3d,d073b935-d77c-46f4-85ea-57eb36528a17,a4c5a3d6-254f-4b8a-8f4f-00d98cec420a,->,360dee62-c005-4ebb-947a-5157807b5c3d,KBaluh/github/com/Entity/Mobs/Player.java,getImageWidth
360dee62-c005-4ebb-947a-5157807b5c3d,d073b935-d77c-46f4-85ea-57eb36528a17,a4c5a3d6-254f-4b8a-8f4f-00d98cec420a,->,360dee62-c005-4ebb-947a-5157807b5c3d,KBaluh/github/com/Entity/Mobs/Player.java,getImageHeight
360dee62-c005-4ebb-947a-5157807b5c3d,d073b935-d77c-46f4-85ea-57eb36528a17,a4c5a3d6-254f-4b8a-8f4f-00d98cec420a,->,360dee62-c005-4ebb-947a-5157807b5c3d,496c603b-cc34-4258-8d64-c561a6f4a8de,4d0ed203-1550-4096-9dfd-e6e65aa5d93f
360dee62-c005-4ebb-947a-5157807b5c3d,d073b935-d77c-46f4-85ea-57eb36528a17,a4c5a3d6-254f-4b8a-8f4f-00d98cec420a,->,360dee62-c005-4ebb-947a-5157807b5c3d,KBaluh/github/com/Entity/Mobs/Player.java,getX
360dee62-c005-4ebb-947a-5157807b5c3d,d073b935-d77c-46f4-85ea-57eb36528a17,a4c5a3d6-254f-4b8a-8f4f-00d98cec420a,->,360dee62-c005-4ebb-947a-5157807b5c3d,KBaluh/github/com/Entity/Mobs/Player.java,setX
360dee62-c005-4ebb-947a-5157807b5c3d,d073b935-d77c-46f4-85ea-57eb36528a17,a4c5a3d6-254f-4b8a-8f4f-00d98cec420a,->,360dee62-c005-4ebb-947a-5157807b5c3d,KBaluh/github/com/Entity/Mobs/Player.java,getY
360dee62-c005-4ebb-947a-5157807b5c3d,d073b935-d77c-46f4-85ea-57eb36528a17,a4c5a3d6-254f-4b8a-8f4f-00d98cec420a,->,360dee62-c005-4ebb-947a-5157807b5c3d,KBaluh/github/com/Entity/Mobs/Player.java,setY
360dee62-c005-4ebb-947a-5157807b5c3d,d073b935-d77c-46f4-85ea-57eb36528a17,a4c5a3d6-254f-4b8a-8f4f-00d98cec420a,->,360dee62-c005-4ebb-947a-5157807b5c3d,8799d47c-5413-4864-81c8-9c9e4697507f,0bcc59f2-4f4e-4100-8ab5-77a1067205e3
360dee62-c005-4ebb-947a-5157807b5c3d,d073b935-d77c-46f4-85ea-57eb36528a17,332efb7a-2300-4b7f-bb54-f45e9571a9bc,->,360dee62-c005-4ebb-947a-5157807b5c3d,java/awt/event/KeyEvent.java,getKeyCode
360dee62-c005-4ebb-947a-5157807b5c3d,d073b935-d77c-46f4-85ea-57eb36528a17,ec549137-4763-4df8-8cee-7d14ed43b151,->,360dee62-c005-4ebb-947a-5157807b5c3d,KBaluh/github/com/Entity/SupportItems/BubbleShield.java,isActive
360dee62-c005-4ebb-947a-5157807b5c3d,d073b935-d77c-46f4-85ea-57eb36528a17,ec549137-4763-4df8-8cee-7d14ed43b151,->,360dee62-c005-4ebb-947a-5157807b5c3d,KBaluh/github/com/Entity/SupportItems/BubbleShield.java,hurt
360dee62-c005-4ebb-947a-5157807b5c3d,d073b935-d77c-46f4-85ea-57eb36528a17,ec549137-4763-4df8-8cee-7d14ed43b151,->,360dee62-c005-4ebb-947a-5157807b5c3d,65821def-13f5-4901-985a-ff0a598c29d2,a29dfafb-b328-48a4-8dd0-ac9beb76e3ce
360dee62-c005-4ebb-947a-5157807b5c3d,d073b935-d77c-46f4-85ea-57eb36528a17,76e304c9-9f37-41f5-bf65-7b43102df877,->,360dee62-c005-4ebb-947a-5157807b5c3d,java/awt/event/KeyEvent.java,getKeyCode
360dee62-c005-4ebb-947a-5157807b5c3d,d073b935-d77c-46f4-85ea-57eb36528a17,76e304c9-9f37-41f5-bf65-7b43102df877,->,360dee62-c005-4ebb-947a-5157807b5c3d,KBaluh/github/com/Entity/Mobs/Player.java,getSpeed
360dee62-c005-4ebb-947a-5157807b5c3d,d073b935-d77c-46f4-85ea-57eb36528a17,76e304c9-9f37-41f5-bf65-7b43102df877,->,360dee62-c005-4ebb-947a-5157807b5c3d,KBaluh/github/com/Entity/Mobs/Player.java,getSpeed
360dee62-c005-4ebb-947a-5157807b5c3d,d073b935-d77c-46f4-85ea-57eb36528a17,76e304c9-9f37-41f5-bf65-7b43102df877,->,360dee62-c005-4ebb-947a-5157807b5c3d,KBaluh/github/com/Entity/Mobs/Player.java,getSpeed
360dee62-c005-4ebb-947a-5157807b5c3d,d073b935-d77c-46f4-85ea-57eb36528a17,76e304c9-9f37-41f5-bf65-7b43102df877,->,360dee62-c005-4ebb-947a-5157807b5c3d,KBaluh/github/com/Entity/Mobs/Player.java,getSpeed
360dee62-c005-4ebb-947a-5157807b5c3d,d073b935-d77c-46f4-85ea-57eb36528a17,76e304c9-9f37-41f5-bf65-7b43102df877,->,360dee62-c005-4ebb-947a-5157807b5c3d,KBaluh/github/com/Entity/Mobs/Player.java,getSpeed
360dee62-c005-4ebb-947a-5157807b5c3d,d073b935-d77c-46f4-85ea-57eb36528a17,76e304c9-9f37-41f5-bf65-7b43102df877,->,360dee62-c005-4ebb-947a-5157807b5c3d,KBaluh/github/com/Entity/Mobs/Player.java,setDir
360dee62-c005-4ebb-947a-5157807b5c3d,d073b935-d77c-46f4-85ea-57eb36528a17,76e304c9-9f37-41f5-bf65-7b43102df877,->,360dee62-c005-4ebb-947a-5157807b5c3d,KBaluh/github/com/Entity/Mobs/Player.java,getSpeed
360dee62-c005-4ebb-947a-5157807b5c3d,d073b935-d77c-46f4-85ea-57eb36528a17,76e304c9-9f37-41f5-bf65-7b43102df877,->,360dee62-c005-4ebb-947a-5157807b5c3d,KBaluh/github/com/Entity/Mobs/Player.java,setDir
360dee62-c005-4ebb-947a-5157807b5c3d,d073b935-d77c-46f4-85ea-57eb36528a17,76e304c9-9f37-41f5-bf65-7b43102df877,->,360dee62-c005-4ebb-947a-5157807b5c3d,KBaluh/github/com/Entity/Mobs/Player.java,getSpeed
360dee62-c005-4ebb-947a-5157807b5c3d,d073b935-d77c-46f4-85ea-57eb36528a17,76e304c9-9f37-41f5-bf65-7b43102df877,->,360dee62-c005-4ebb-947a-5157807b5c3d,KBaluh/github/com/Entity/Mobs/Player.java,setDir
360dee62-c005-4ebb-947a-5157807b5c3d,d073b935-d77c-46f4-85ea-57eb36528a17,76e304c9-9f37-41f5-bf65-7b43102df877,->,360dee62-c005-4ebb-947a-5157807b5c3d,KBaluh/github/com/Entity/Mobs/Player.java,getSpeed
360dee62-c005-4ebb-947a-5157807b5c3d,d073b935-d77c-46f4-85ea-57eb36528a17,76e304c9-9f37-41f5-bf65-7b43102df877,->,360dee62-c005-4ebb-947a-5157807b5c3d,KBaluh/github/com/Entity/Mobs/Player.java,setDir
360dee62-c005-4ebb-947a-5157807b5c3d,d073b935-d77c-46f4-85ea-57eb36528a17,76e304c9-9f37-41f5-bf65-7b43102df877,->,360dee62-c005-4ebb-947a-5157807b5c3d,d073b935-d77c-46f4-85ea-57eb36528a17,2b131cff-bf38-4fc7-9109-d6e2c0399df4
360dee62-c005-4ebb-947a-5157807b5c3d,d073b935-d77c-46f4-85ea-57eb36528a17,76e304c9-9f37-41f5-bf65-7b43102df877,->,360dee62-c005-4ebb-947a-5157807b5c3d,d073b935-d77c-46f4-85ea-57eb36528a17,ad3782b5-850e-4283-94c1-3acc94d18eca
360dee62-c005-4ebb-947a-5157807b5c3d,d073b935-d77c-46f4-85ea-57eb36528a17,76e304c9-9f37-41f5-bf65-7b43102df877,->,360dee62-c005-4ebb-947a-5157807b5c3d,8799d47c-5413-4864-81c8-9c9e4697507f,e96e27da-1add-4066-b459-48d9af22e7a1
360dee62-c005-4ebb-947a-5157807b5c3d,d073b935-d77c-46f4-85ea-57eb36528a17,2b131cff-bf38-4fc7-9109-d6e2c0399df4,->,360dee62-c005-4ebb-947a-5157807b5c3d,KBaluh/github/com/Entity/SupportItems/BubbleShield.java,isRemoved
360dee62-c005-4ebb-947a-5157807b5c3d,d073b935-d77c-46f4-85ea-57eb36528a17,2b131cff-bf38-4fc7-9109-d6e2c0399df4,->,360dee62-c005-4ebb-947a-5157807b5c3d,KBaluh/github/com/Entity/SupportItems/BubbleShield.java,init
360dee62-c005-4ebb-947a-5157807b5c3d,d073b935-d77c-46f4-85ea-57eb36528a17,ad3782b5-850e-4283-94c1-3acc94d18eca,->,360dee62-c005-4ebb-947a-5157807b5c3d,KBaluh/github/com/Entity/SupportItems/BubbleShield.java,isActive
360dee62-c005-4ebb-947a-5157807b5c3d,d073b935-d77c-46f4-85ea-57eb36528a17,ad3782b5-850e-4283-94c1-3acc94d18eca,->,360dee62-c005-4ebb-947a-5157807b5c3d,KBaluh/github/com/Entity/SupportItems/BubbleShield.java,activate
360dee62-c005-4ebb-947a-5157807b5c3d,946a74a3-e3ee-493b-8c91-a39ded6108b0,22f91f4d-a2f8-46f4-944a-4dfa9cbb7590,->,360dee62-c005-4ebb-947a-5157807b5c3d,65821def-13f5-4901-985a-ff0a598c29d2,c2e4877d-2964-49db-806a-8df8766c505f
360dee62-c005-4ebb-947a-5157807b5c3d,946a74a3-e3ee-493b-8c91-a39ded6108b0,22f91f4d-a2f8-46f4-944a-4dfa9cbb7590,->,360dee62-c005-4ebb-947a-5157807b5c3d,KBaluh/github/com/Entity/Mobs/Mob.java,getX
360dee62-c005-4ebb-947a-5157807b5c3d,946a74a3-e3ee-493b-8c91-a39ded6108b0,22f91f4d-a2f8-46f4-944a-4dfa9cbb7590,->,360dee62-c005-4ebb-947a-5157807b5c3d,KBaluh/github/com/Entity/Mobs/Mob.java,getY
360dee62-c005-4ebb-947a-5157807b5c3d,946a74a3-e3ee-493b-8c91-a39ded6108b0,22f91f4d-a2f8-46f4-944a-4dfa9cbb7590,->,360dee62-c005-4ebb-947a-5157807b5c3d,java/awt/Graphics.java,drawImage
360dee62-c005-4ebb-947a-5157807b5c3d,946a74a3-e3ee-493b-8c91-a39ded6108b0,22f91f4d-a2f8-46f4-944a-4dfa9cbb7590,->,360dee62-c005-4ebb-947a-5157807b5c3d,65821def-13f5-4901-985a-ff0a598c29d2,cdc1587a-e1a7-47e8-8f2b-2f3213ae0320
360dee62-c005-4ebb-947a-5157807b5c3d,946a74a3-e3ee-493b-8c91-a39ded6108b0,22f91f4d-a2f8-46f4-944a-4dfa9cbb7590,->,360dee62-c005-4ebb-947a-5157807b5c3d,65821def-13f5-4901-985a-ff0a598c29d2,c30eda4e-a092-47d4-af8f-bceb0bc77086
360dee62-c005-4ebb-947a-5157807b5c3d,946a74a3-e3ee-493b-8c91-a39ded6108b0,22f91f4d-a2f8-46f4-944a-4dfa9cbb7590,->,360dee62-c005-4ebb-947a-5157807b5c3d,java/awt/Graphics.java,setColor
360dee62-c005-4ebb-947a-5157807b5c3d,946a74a3-e3ee-493b-8c91-a39ded6108b0,22f91f4d-a2f8-46f4-944a-4dfa9cbb7590,->,360dee62-c005-4ebb-947a-5157807b5c3d,java/awt/Graphics.java,setColor
360dee62-c005-4ebb-947a-5157807b5c3d,946a74a3-e3ee-493b-8c91-a39ded6108b0,22f91f4d-a2f8-46f4-944a-4dfa9cbb7590,->,360dee62-c005-4ebb-947a-5157807b5c3d,KBaluh/github/com/Entity/Mobs/Mob.java,getX
360dee62-c005-4ebb-947a-5157807b5c3d,946a74a3-e3ee-493b-8c91-a39ded6108b0,22f91f4d-a2f8-46f4-944a-4dfa9cbb7590,->,360dee62-c005-4ebb-947a-5157807b5c3d,KBaluh/github/com/Entity/Mobs/Mob.java,getImageWidth
360dee62-c005-4ebb-947a-5157807b5c3d,946a74a3-e3ee-493b-8c91-a39ded6108b0,22f91f4d-a2f8-46f4-944a-4dfa9cbb7590,->,360dee62-c005-4ebb-947a-5157807b5c3d,KBaluh/github/com/Entity/Mobs/Mob.java,getY
360dee62-c005-4ebb-947a-5157807b5c3d,946a74a3-e3ee-493b-8c91-a39ded6108b0,22f91f4d-a2f8-46f4-944a-4dfa9cbb7590,->,360dee62-c005-4ebb-947a-5157807b5c3d,KBaluh/github/com/Entity/Mobs/Mob.java,getImageHeight
360dee62-c005-4ebb-947a-5157807b5c3d,946a74a3-e3ee-493b-8c91-a39ded6108b0,22f91f4d-a2f8-46f4-944a-4dfa9cbb7590,->,360dee62-c005-4ebb-947a-5157807b5c3d,java/lang/StringBuilder.java,append
360dee62-c005-4ebb-947a-5157807b5c3d,946a74a3-e3ee-493b-8c91-a39ded6108b0,22f91f4d-a2f8-46f4-944a-4dfa9cbb7590,->,360dee62-c005-4ebb-947a-5157807b5c3d,65821def-13f5-4901-985a-ff0a598c29d2,c30eda4e-a092-47d4-af8f-bceb0bc77086
360dee62-c005-4ebb-947a-5157807b5c3d,946a74a3-e3ee-493b-8c91-a39ded6108b0,22f91f4d-a2f8-46f4-944a-4dfa9cbb7590,->,360dee62-c005-4ebb-947a-5157807b5c3d,java/lang/StringBuilder.java,append
360dee62-c005-4ebb-947a-5157807b5c3d,946a74a3-e3ee-493b-8c91-a39ded6108b0,22f91f4d-a2f8-46f4-944a-4dfa9cbb7590,->,360dee62-c005-4ebb-947a-5157807b5c3d,java/lang/StringBuilder.java,toString
360dee62-c005-4ebb-947a-5157807b5c3d,946a74a3-e3ee-493b-8c91-a39ded6108b0,22f91f4d-a2f8-46f4-944a-4dfa9cbb7590,->,360dee62-c005-4ebb-947a-5157807b5c3d,java/awt/Graphics.java,drawString
360dee62-c005-4ebb-947a-5157807b5c3d,65821def-13f5-4901-985a-ff0a598c29d2,a29dfafb-b328-48a4-8dd0-ac9beb76e3ce,->,360dee62-c005-4ebb-947a-5157807b5c3d,65821def-13f5-4901-985a-ff0a598c29d2,e0f7b12e-5ff2-44e0-b5fb-0eb561c5edaf
360dee62-c005-4ebb-947a-5157807b5c3d,65821def-13f5-4901-985a-ff0a598c29d2,933e8e6f-44fd-49ac-8cfb-9cba8283b45a,->,360dee62-c005-4ebb-947a-5157807b5c3d,65821def-13f5-4901-985a-ff0a598c29d2,957ce51f-b11f-4946-8439-c3aa7995068b
360dee62-c005-4ebb-947a-5157807b5c3d,65821def-13f5-4901-985a-ff0a598c29d2,933e8e6f-44fd-49ac-8cfb-9cba8283b45a,->,360dee62-c005-4ebb-947a-5157807b5c3d,8799d47c-5413-4864-81c8-9c9e4697507f,0bcc59f2-4f4e-4100-8ab5-77a1067205e3
360dee62-c005-4ebb-947a-5157807b5c3d,65821def-13f5-4901-985a-ff0a598c29d2,933e8e6f-44fd-49ac-8cfb-9cba8283b45a,->,360dee62-c005-4ebb-947a-5157807b5c3d,KBaluh/github/com/Entity/Mobs/Mob.java,getX
360dee62-c005-4ebb-947a-5157807b5c3d,65821def-13f5-4901-985a-ff0a598c29d2,933e8e6f-44fd-49ac-8cfb-9cba8283b45a,->,360dee62-c005-4ebb-947a-5157807b5c3d,KBaluh/github/com/Entity/Mobs/Mob.java,setX
360dee62-c005-4ebb-947a-5157807b5c3d,65821def-13f5-4901-985a-ff0a598c29d2,933e8e6f-44fd-49ac-8cfb-9cba8283b45a,->,360dee62-c005-4ebb-947a-5157807b5c3d,KBaluh/github/com/Entity/Mobs/Mob.java,getX
360dee62-c005-4ebb-947a-5157807b5c3d,65821def-13f5-4901-985a-ff0a598c29d2,933e8e6f-44fd-49ac-8cfb-9cba8283b45a,->,360dee62-c005-4ebb-947a-5157807b5c3d,KBaluh/github/com/Entity/Mobs/Mob.java,setX
360dee62-c005-4ebb-947a-5157807b5c3d,65821def-13f5-4901-985a-ff0a598c29d2,6e80b8db-6ac3-4dc4-91e1-825f678804af,->,360dee62-c005-4ebb-947a-5157807b5c3d,65821def-13f5-4901-985a-ff0a598c29d2,957ce51f-b11f-4946-8439-c3aa7995068b
360dee62-c005-4ebb-947a-5157807b5c3d,65821def-13f5-4901-985a-ff0a598c29d2,e0f7b12e-5ff2-44e0-b5fb-0eb561c5edaf,->,360dee62-c005-4ebb-947a-5157807b5c3d,KBaluh/github/com/Entity/Mobs/Mob.java,getX
360dee62-c005-4ebb-947a-5157807b5c3d,65821def-13f5-4901-985a-ff0a598c29d2,e0f7b12e-5ff2-44e0-b5fb-0eb561c5edaf,->,360dee62-c005-4ebb-947a-5157807b5c3d,KBaluh/github/com/Entity/Mobs/Mob.java,getY
360dee62-c005-4ebb-947a-5157807b5c3d,65821def-13f5-4901-985a-ff0a598c29d2,e0f7b12e-5ff2-44e0-b5fb-0eb561c5edaf,->,360dee62-c005-4ebb-947a-5157807b5c3d,f766c14c-dc82-4d89-ba6d-0dfb0d906763,8bff45bb-d4b9-4975-87a3-227d9bdc313a
360dee62-c005-4ebb-947a-5157807b5c3d,72864443-f7a7-443a-9f53-6298d6b25485,85b4d31f-9de4-4afd-9ab7-657b23ab1a0d,->,360dee62-c005-4ebb-947a-5157807b5c3d,KBaluh/github/com/Entity/Mobs/GreenFish.java,isRemoved
360dee62-c005-4ebb-947a-5157807b5c3d,72864443-f7a7-443a-9f53-6298d6b25485,85b4d31f-9de4-4afd-9ab7-657b23ab1a0d,->,360dee62-c005-4ebb-947a-5157807b5c3d,java/util/Random.java,nextInt
360dee62-c005-4ebb-947a-5157807b5c3d,72864443-f7a7-443a-9f53-6298d6b25485,b69cb5f6-1018-469d-a54d-3cb55dae83bd,->,360dee62-c005-4ebb-947a-5157807b5c3d,KBaluh/github/com/Entity/Mobs/GreenFish.java,isLive
360dee62-c005-4ebb-947a-5157807b5c3d,72864443-f7a7-443a-9f53-6298d6b25485,b69cb5f6-1018-469d-a54d-3cb55dae83bd,->,360dee62-c005-4ebb-947a-5157807b5c3d,javax/swing/Timer.java,stop
360dee62-c005-4ebb-947a-5157807b5c3d,72864443-f7a7-443a-9f53-6298d6b25485,b69cb5f6-1018-469d-a54d-3cb55dae83bd,->,360dee62-c005-4ebb-947a-5157807b5c3d,8799d47c-5413-4864-81c8-9c9e4697507f,e96e27da-1add-4066-b459-48d9af22e7a1
360dee62-c005-4ebb-947a-5157807b5c3d,72864443-f7a7-443a-9f53-6298d6b25485,b69cb5f6-1018-469d-a54d-3cb55dae83bd,->,360dee62-c005-4ebb-947a-5157807b5c3d,72864443-f7a7-443a-9f53-6298d6b25485,7b600604-8355-444d-a0fd-999da10dbcf3
360dee62-c005-4ebb-947a-5157807b5c3d,72864443-f7a7-443a-9f53-6298d6b25485,b69cb5f6-1018-469d-a54d-3cb55dae83bd,->,360dee62-c005-4ebb-947a-5157807b5c3d,javax/swing/Timer.java,setDelay
360dee62-c005-4ebb-947a-5157807b5c3d,72864443-f7a7-443a-9f53-6298d6b25485,5b7ab4ec-b4d2-49dd-a5bb-eb2f76743da4,->,360dee62-c005-4ebb-947a-5157807b5c3d,72864443-f7a7-443a-9f53-6298d6b25485,7b600604-8355-444d-a0fd-999da10dbcf3
360dee62-c005-4ebb-947a-5157807b5c3d,72864443-f7a7-443a-9f53-6298d6b25485,5b7ab4ec-b4d2-49dd-a5bb-eb2f76743da4,->,360dee62-c005-4ebb-947a-5157807b5c3d,javax/swing/Timer.java,start
360dee62-c005-4ebb-947a-5157807b5c3d,72864443-f7a7-443a-9f53-6298d6b25485,7b600604-8355-444d-a0fd-999da10dbcf3,->,360dee62-c005-4ebb-947a-5157807b5c3d,java/util/Random.java,nextInt
360dee62-c005-4ebb-947a-5157807b5c3d,72864443-f7a7-443a-9f53-6298d6b25485,07ad5125-16a4-4598-9ccd-f1f4ced26c1b,->,360dee62-c005-4ebb-947a-5157807b5c3d,KBaluh/github/com/Entity/Mobs/GreenFish.java,getDir
360dee62-c005-4ebb-947a-5157807b5c3d,531265ba-a02c-4c1c-9e90-0cba3c1e20aa,5bd50c15-1d8e-42ef-be35-d3af53cc53e0,->,360dee62-c005-4ebb-947a-5157807b5c3d,65821def-13f5-4901-985a-ff0a598c29d2,933e8e6f-44fd-49ac-8cfb-9cba8283b45a
360dee62-c005-4ebb-947a-5157807b5c3d,60b5ca0f-a560-425f-aae6-66d68d878c94,62a066df-2be1-4a54-a78a-61b89716aab1,->,360dee62-c005-4ebb-947a-5157807b5c3d,60b5ca0f-a560-425f-aae6-66d68d878c94,cd5f5480-ac8c-4f98-8e37-93e50d3e06cd
360dee62-c005-4ebb-947a-5157807b5c3d,60b5ca0f-a560-425f-aae6-66d68d878c94,62a066df-2be1-4a54-a78a-61b89716aab1,->,360dee62-c005-4ebb-947a-5157807b5c3d,java/awt/Image.java,getWidth
360dee62-c005-4ebb-947a-5157807b5c3d,60b5ca0f-a560-425f-aae6-66d68d878c94,4414d4a3-8f3b-4cf1-bc6a-b845882e9ec4,->,360dee62-c005-4ebb-947a-5157807b5c3d,60b5ca0f-a560-425f-aae6-66d68d878c94,cd5f5480-ac8c-4f98-8e37-93e50d3e06cd
360dee62-c005-4ebb-947a-5157807b5c3d,60b5ca0f-a560-425f-aae6-66d68d878c94,4414d4a3-8f3b-4cf1-bc6a-b845882e9ec4,->,360dee62-c005-4ebb-947a-5157807b5c3d,java/awt/Image.java,getHeight
360dee62-c005-4ebb-947a-5157807b5c3d,60b5ca0f-a560-425f-aae6-66d68d878c94,392ee38a-a879-40c5-8639-4f412d1d17e1,->,360dee62-c005-4ebb-947a-5157807b5c3d,60b5ca0f-a560-425f-aae6-66d68d878c94,e3101dc5-4a42-4e9c-8603-ca39f9f43d19
360dee62-c005-4ebb-947a-5157807b5c3d,60b5ca0f-a560-425f-aae6-66d68d878c94,392ee38a-a879-40c5-8639-4f412d1d17e1,->,360dee62-c005-4ebb-947a-5157807b5c3d,60b5ca0f-a560-425f-aae6-66d68d878c94,d8afbece-739c-4a09-84b8-cda618d17c0c
360dee62-c005-4ebb-947a-5157807b5c3d,60b5ca0f-a560-425f-aae6-66d68d878c94,392ee38a-a879-40c5-8639-4f412d1d17e1,->,360dee62-c005-4ebb-947a-5157807b5c3d,60b5ca0f-a560-425f-aae6-66d68d878c94,62a066df-2be1-4a54-a78a-61b89716aab1
360dee62-c005-4ebb-947a-5157807b5c3d,60b5ca0f-a560-425f-aae6-66d68d878c94,392ee38a-a879-40c5-8639-4f412d1d17e1,->,360dee62-c005-4ebb-947a-5157807b5c3d,60b5ca0f-a560-425f-aae6-66d68d878c94,4414d4a3-8f3b-4cf1-bc6a-b845882e9ec4
360dee62-c005-4ebb-947a-5157807b5c3d,60b5ca0f-a560-425f-aae6-66d68d878c94,2c097e97-14ee-47e2-861b-407df8c5fd29,->,360dee62-c005-4ebb-947a-5157807b5c3d,60b5ca0f-a560-425f-aae6-66d68d878c94,392ee38a-a879-40c5-8639-4f412d1d17e1
360dee62-c005-4ebb-947a-5157807b5c3d,60b5ca0f-a560-425f-aae6-66d68d878c94,2c097e97-14ee-47e2-861b-407df8c5fd29,->,360dee62-c005-4ebb-947a-5157807b5c3d,60b5ca0f-a560-425f-aae6-66d68d878c94,392ee38a-a879-40c5-8639-4f412d1d17e1
360dee62-c005-4ebb-947a-5157807b5c3d,60b5ca0f-a560-425f-aae6-66d68d878c94,2c097e97-14ee-47e2-861b-407df8c5fd29,->,360dee62-c005-4ebb-947a-5157807b5c3d,java/awt/Rectangle.java,intersects
360dee62-c005-4ebb-947a-5157807b5c3d,60b5ca0f-a560-425f-aae6-66d68d878c94,473fabe5-0208-45b4-9b9d-3a085c009d36,->,360dee62-c005-4ebb-947a-5157807b5c3d,60b5ca0f-a560-425f-aae6-66d68d878c94,42cd1d7d-4fb2-4837-b581-2502666a3767
360dee62-c005-4ebb-947a-5157807b5c3d,60b5ca0f-a560-425f-aae6-66d68d878c94,473fabe5-0208-45b4-9b9d-3a085c009d36,->,360dee62-c005-4ebb-947a-5157807b5c3d,3e3a5333-c26c-4d6e-b889-3f29453543da,d8150ae3-2ce2-4ce0-b66e-2a34bbbed2b3
