caller_project_id,caller_class_id,caller_method_id,CALL_DIRECTION,callee_project_id,callee_class_id,callee_method_id
3d052f41-bc8a-447e-85ed-77374a2ee0a6,7b75cedd-de5d-4f0e-8ae2-13b0a9d38fe1,eed93a26-8290-44ce-9ead-babf03497db6,->,3d052f41-bc8a-447e-85ed-77374a2ee0a6,fb0844c9-e20e-4291-b8f1-ccfabe9e7077,4d9810ff-57c8-4f7d-94ed-7ff2cd9f814a
3d052f41-bc8a-447e-85ed-77374a2ee0a6,7b75cedd-de5d-4f0e-8ae2-13b0a9d38fe1,eed93a26-8290-44ce-9ead-babf03497db6,->,3d052f41-bc8a-447e-85ed-77374a2ee0a6,fb0844c9-e20e-4291-b8f1-ccfabe9e7077,4d9810ff-57c8-4f7d-94ed-7ff2cd9f814a
3d052f41-bc8a-447e-85ed-77374a2ee0a6,7b75cedd-de5d-4f0e-8ae2-13b0a9d38fe1,eed93a26-8290-44ce-9ead-babf03497db6,->,3d052f41-bc8a-447e-85ed-77374a2ee0a6,arcanoid/model/Ball.java,setWeight
3d052f41-bc8a-447e-85ed-77374a2ee0a6,7b75cedd-de5d-4f0e-8ae2-13b0a9d38fe1,eed93a26-8290-44ce-9ead-babf03497db6,->,3d052f41-bc8a-447e-85ed-77374a2ee0a6,2d095ea2-ddbe-4d31-ad79-49c0d5d03ae8,cab352da-a4f5-4d8f-a2b6-164ea46595a2
3d052f41-bc8a-447e-85ed-77374a2ee0a6,7b75cedd-de5d-4f0e-8ae2-13b0a9d38fe1,eed93a26-8290-44ce-9ead-babf03497db6,->,3d052f41-bc8a-447e-85ed-77374a2ee0a6,arcanoid/model/Ball.java,speed
3d052f41-bc8a-447e-85ed-77374a2ee0a6,7b75cedd-de5d-4f0e-8ae2-13b0a9d38fe1,eed93a26-8290-44ce-9ead-babf03497db6,->,3d052f41-bc8a-447e-85ed-77374a2ee0a6,org/junit/Assert.java,assertEquals
3d052f41-bc8a-447e-85ed-77374a2ee0a6,2c3e758e-dd9c-4180-a3f7-939d7d42c02d,3ea414df-61a1-4ccb-87de-e6c5ff81113d,->,3d052f41-bc8a-447e-85ed-77374a2ee0a6,java/io/PrintStream.java,println
3d052f41-bc8a-447e-85ed-77374a2ee0a6,2c3e758e-dd9c-4180-a3f7-939d7d42c02d,3ea414df-61a1-4ccb-87de-e6c5ff81113d,->,3d052f41-bc8a-447e-85ed-77374a2ee0a6,javax/imageio/ImageIO.java,read
3d052f41-bc8a-447e-85ed-77374a2ee0a6,2c3e758e-dd9c-4180-a3f7-939d7d42c02d,3ea414df-61a1-4ccb-87de-e6c5ff81113d,->,3d052f41-bc8a-447e-85ed-77374a2ee0a6,javax/imageio/ImageIO.java,read
3d052f41-bc8a-447e-85ed-77374a2ee0a6,2c3e758e-dd9c-4180-a3f7-939d7d42c02d,3ea414df-61a1-4ccb-87de-e6c5ff81113d,->,3d052f41-bc8a-447e-85ed-77374a2ee0a6,fb0844c9-e20e-4291-b8f1-ccfabe9e7077,4d9810ff-57c8-4f7d-94ed-7ff2cd9f814a
3d052f41-bc8a-447e-85ed-77374a2ee0a6,2c3e758e-dd9c-4180-a3f7-939d7d42c02d,3ea414df-61a1-4ccb-87de-e6c5ff81113d,->,3d052f41-bc8a-447e-85ed-77374a2ee0a6,fb0844c9-e20e-4291-b8f1-ccfabe9e7077,4d9810ff-57c8-4f7d-94ed-7ff2cd9f814a
3d052f41-bc8a-447e-85ed-77374a2ee0a6,2c3e758e-dd9c-4180-a3f7-939d7d42c02d,3ea414df-61a1-4ccb-87de-e6c5ff81113d,->,3d052f41-bc8a-447e-85ed-77374a2ee0a6,arcanoid/model/Racket.java,setSpeed
3d052f41-bc8a-447e-85ed-77374a2ee0a6,2c3e758e-dd9c-4180-a3f7-939d7d42c02d,3ea414df-61a1-4ccb-87de-e6c5ff81113d,->,3d052f41-bc8a-447e-85ed-77374a2ee0a6,arcanoid/model/Bouncing.java,setSpeed
3d052f41-bc8a-447e-85ed-77374a2ee0a6,2c3e758e-dd9c-4180-a3f7-939d7d42c02d,3ea414df-61a1-4ccb-87de-e6c5ff81113d,->,3d052f41-bc8a-447e-85ed-77374a2ee0a6,9d4851c4-6e32-4d0e-8c63-332f8a325b1c,af7b7292-2de8-431a-bc99-519db8e58245
3d052f41-bc8a-447e-85ed-77374a2ee0a6,2c3e758e-dd9c-4180-a3f7-939d7d42c02d,3ea414df-61a1-4ccb-87de-e6c5ff81113d,->,3d052f41-bc8a-447e-85ed-77374a2ee0a6,arcanoid/model/Bouncing.java,speed
3d052f41-bc8a-447e-85ed-77374a2ee0a6,2c3e758e-dd9c-4180-a3f7-939d7d42c02d,3ea414df-61a1-4ccb-87de-e6c5ff81113d,->,3d052f41-bc8a-447e-85ed-77374a2ee0a6,9af524cf-3d7b-41c5-a351-a1a522f91afb,78b312b8-4275-4e2b-8a85-bd74676edb45
3d052f41-bc8a-447e-85ed-77374a2ee0a6,2c3e758e-dd9c-4180-a3f7-939d7d42c02d,3ea414df-61a1-4ccb-87de-e6c5ff81113d,->,3d052f41-bc8a-447e-85ed-77374a2ee0a6,org/junit/Assert.java,assertTrue
3d052f41-bc8a-447e-85ed-77374a2ee0a6,2c3e758e-dd9c-4180-a3f7-939d7d42c02d,3ea414df-61a1-4ccb-87de-e6c5ff81113d,->,3d052f41-bc8a-447e-85ed-77374a2ee0a6,arcanoid/model/Bouncing.java,position
3d052f41-bc8a-447e-85ed-77374a2ee0a6,2c3e758e-dd9c-4180-a3f7-939d7d42c02d,3ea414df-61a1-4ccb-87de-e6c5ff81113d,->,3d052f41-bc8a-447e-85ed-77374a2ee0a6,org/junit/Assert.java,assertEquals
3d052f41-bc8a-447e-85ed-77374a2ee0a6,2c3e758e-dd9c-4180-a3f7-939d7d42c02d,bf874fe0-d33b-4db1-8f6f-6b9d86dec2da,->,3d052f41-bc8a-447e-85ed-77374a2ee0a6,java/io/PrintStream.java,println
3d052f41-bc8a-447e-85ed-77374a2ee0a6,2c3e758e-dd9c-4180-a3f7-939d7d42c02d,bf874fe0-d33b-4db1-8f6f-6b9d86dec2da,->,3d052f41-bc8a-447e-85ed-77374a2ee0a6,arcanoid/model/Bouncing.java,setWeight
3d052f41-bc8a-447e-85ed-77374a2ee0a6,2c3e758e-dd9c-4180-a3f7-939d7d42c02d,bf874fe0-d33b-4db1-8f6f-6b9d86dec2da,->,3d052f41-bc8a-447e-85ed-77374a2ee0a6,javax/imageio/ImageIO.java,read
3d052f41-bc8a-447e-85ed-77374a2ee0a6,2c3e758e-dd9c-4180-a3f7-939d7d42c02d,bf874fe0-d33b-4db1-8f6f-6b9d86dec2da,->,3d052f41-bc8a-447e-85ed-77374a2ee0a6,javax/imageio/ImageIO.java,read
3d052f41-bc8a-447e-85ed-77374a2ee0a6,2c3e758e-dd9c-4180-a3f7-939d7d42c02d,bf874fe0-d33b-4db1-8f6f-6b9d86dec2da,->,3d052f41-bc8a-447e-85ed-77374a2ee0a6,fb0844c9-e20e-4291-b8f1-ccfabe9e7077,4d9810ff-57c8-4f7d-94ed-7ff2cd9f814a
3d052f41-bc8a-447e-85ed-77374a2ee0a6,2c3e758e-dd9c-4180-a3f7-939d7d42c02d,bf874fe0-d33b-4db1-8f6f-6b9d86dec2da,->,3d052f41-bc8a-447e-85ed-77374a2ee0a6,fb0844c9-e20e-4291-b8f1-ccfabe9e7077,4d9810ff-57c8-4f7d-94ed-7ff2cd9f814a
3d052f41-bc8a-447e-85ed-77374a2ee0a6,2c3e758e-dd9c-4180-a3f7-939d7d42c02d,bf874fe0-d33b-4db1-8f6f-6b9d86dec2da,->,3d052f41-bc8a-447e-85ed-77374a2ee0a6,arcanoid/model/Bouncing.java,setSpeed
3d052f41-bc8a-447e-85ed-77374a2ee0a6,2c3e758e-dd9c-4180-a3f7-939d7d42c02d,bf874fe0-d33b-4db1-8f6f-6b9d86dec2da,->,3d052f41-bc8a-447e-85ed-77374a2ee0a6,arcanoid/model/Racket.java,setSpeed
3d052f41-bc8a-447e-85ed-77374a2ee0a6,2c3e758e-dd9c-4180-a3f7-939d7d42c02d,bf874fe0-d33b-4db1-8f6f-6b9d86dec2da,->,3d052f41-bc8a-447e-85ed-77374a2ee0a6,9d4851c4-6e32-4d0e-8c63-332f8a325b1c,af7b7292-2de8-431a-bc99-519db8e58245
3d052f41-bc8a-447e-85ed-77374a2ee0a6,2c3e758e-dd9c-4180-a3f7-939d7d42c02d,bf874fe0-d33b-4db1-8f6f-6b9d86dec2da,->,3d052f41-bc8a-447e-85ed-77374a2ee0a6,arcanoid/model/Bouncing.java,speed
3d052f41-bc8a-447e-85ed-77374a2ee0a6,2c3e758e-dd9c-4180-a3f7-939d7d42c02d,bf874fe0-d33b-4db1-8f6f-6b9d86dec2da,->,3d052f41-bc8a-447e-85ed-77374a2ee0a6,9af524cf-3d7b-41c5-a351-a1a522f91afb,864ecc8e-2452-4eca-accb-c48b343eaa31
3d052f41-bc8a-447e-85ed-77374a2ee0a6,2c3e758e-dd9c-4180-a3f7-939d7d42c02d,bf874fe0-d33b-4db1-8f6f-6b9d86dec2da,->,3d052f41-bc8a-447e-85ed-77374a2ee0a6,org/junit/Assert.java,assertEquals
3d052f41-bc8a-447e-85ed-77374a2ee0a6,2c3e758e-dd9c-4180-a3f7-939d7d42c02d,bf874fe0-d33b-4db1-8f6f-6b9d86dec2da,->,3d052f41-bc8a-447e-85ed-77374a2ee0a6,arcanoid/model/Bouncing.java,position
3d052f41-bc8a-447e-85ed-77374a2ee0a6,2c3e758e-dd9c-4180-a3f7-939d7d42c02d,bf874fe0-d33b-4db1-8f6f-6b9d86dec2da,->,3d052f41-bc8a-447e-85ed-77374a2ee0a6,org/junit/Assert.java,assertEquals
3d052f41-bc8a-447e-85ed-77374a2ee0a6,2c3e758e-dd9c-4180-a3f7-939d7d42c02d,43d9ecc4-6822-4cc4-8d2a-754e3f04acf9,->,3d052f41-bc8a-447e-85ed-77374a2ee0a6,java/io/PrintStream.java,println
3d052f41-bc8a-447e-85ed-77374a2ee0a6,2c3e758e-dd9c-4180-a3f7-939d7d42c02d,43d9ecc4-6822-4cc4-8d2a-754e3f04acf9,->,3d052f41-bc8a-447e-85ed-77374a2ee0a6,arcanoid/model/Bouncing.java,setWeight
3d052f41-bc8a-447e-85ed-77374a2ee0a6,2c3e758e-dd9c-4180-a3f7-939d7d42c02d,43d9ecc4-6822-4cc4-8d2a-754e3f04acf9,->,3d052f41-bc8a-447e-85ed-77374a2ee0a6,arcanoid/model/Bouncing.java,setWeight
3d052f41-bc8a-447e-85ed-77374a2ee0a6,2c3e758e-dd9c-4180-a3f7-939d7d42c02d,43d9ecc4-6822-4cc4-8d2a-754e3f04acf9,->,3d052f41-bc8a-447e-85ed-77374a2ee0a6,javax/imageio/ImageIO.java,read
3d052f41-bc8a-447e-85ed-77374a2ee0a6,2c3e758e-dd9c-4180-a3f7-939d7d42c02d,43d9ecc4-6822-4cc4-8d2a-754e3f04acf9,->,3d052f41-bc8a-447e-85ed-77374a2ee0a6,fb0844c9-e20e-4291-b8f1-ccfabe9e7077,4d9810ff-57c8-4f7d-94ed-7ff2cd9f814a
3d052f41-bc8a-447e-85ed-77374a2ee0a6,2c3e758e-dd9c-4180-a3f7-939d7d42c02d,43d9ecc4-6822-4cc4-8d2a-754e3f04acf9,->,3d052f41-bc8a-447e-85ed-77374a2ee0a6,fb0844c9-e20e-4291-b8f1-ccfabe9e7077,4d9810ff-57c8-4f7d-94ed-7ff2cd9f814a
3d052f41-bc8a-447e-85ed-77374a2ee0a6,2c3e758e-dd9c-4180-a3f7-939d7d42c02d,43d9ecc4-6822-4cc4-8d2a-754e3f04acf9,->,3d052f41-bc8a-447e-85ed-77374a2ee0a6,arcanoid/model/Bouncing.java,setSpeed
3d052f41-bc8a-447e-85ed-77374a2ee0a6,2c3e758e-dd9c-4180-a3f7-939d7d42c02d,43d9ecc4-6822-4cc4-8d2a-754e3f04acf9,->,3d052f41-bc8a-447e-85ed-77374a2ee0a6,arcanoid/model/Bouncing.java,setSpeed
3d052f41-bc8a-447e-85ed-77374a2ee0a6,2c3e758e-dd9c-4180-a3f7-939d7d42c02d,43d9ecc4-6822-4cc4-8d2a-754e3f04acf9,->,3d052f41-bc8a-447e-85ed-77374a2ee0a6,9d4851c4-6e32-4d0e-8c63-332f8a325b1c,b6bc34fc-6c6e-4f60-8c78-9d730cb973ee
3d052f41-bc8a-447e-85ed-77374a2ee0a6,2c3e758e-dd9c-4180-a3f7-939d7d42c02d,43d9ecc4-6822-4cc4-8d2a-754e3f04acf9,->,3d052f41-bc8a-447e-85ed-77374a2ee0a6,9d4851c4-6e32-4d0e-8c63-332f8a325b1c,b6bc34fc-6c6e-4f60-8c78-9d730cb973ee
3d052f41-bc8a-447e-85ed-77374a2ee0a6,2c3e758e-dd9c-4180-a3f7-939d7d42c02d,43d9ecc4-6822-4cc4-8d2a-754e3f04acf9,->,3d052f41-bc8a-447e-85ed-77374a2ee0a6,9d4851c4-6e32-4d0e-8c63-332f8a325b1c,"55d5c5ac-1c9f-4ca1-b396-15827a8da8af,ea4dbd50-6f3c-42a8-b9aa-7544a73a2eae"
3d052f41-bc8a-447e-85ed-77374a2ee0a6,2c3e758e-dd9c-4180-a3f7-939d7d42c02d,43d9ecc4-6822-4cc4-8d2a-754e3f04acf9,->,3d052f41-bc8a-447e-85ed-77374a2ee0a6,arcanoid/model/Bouncing.java,speed
3d052f41-bc8a-447e-85ed-77374a2ee0a6,2c3e758e-dd9c-4180-a3f7-939d7d42c02d,43d9ecc4-6822-4cc4-8d2a-754e3f04acf9,->,3d052f41-bc8a-447e-85ed-77374a2ee0a6,org/junit/Assert.java,assertEquals
3d052f41-bc8a-447e-85ed-77374a2ee0a6,2c3e758e-dd9c-4180-a3f7-939d7d42c02d,43d9ecc4-6822-4cc4-8d2a-754e3f04acf9,->,3d052f41-bc8a-447e-85ed-77374a2ee0a6,arcanoid/model/Bouncing.java,position
3d052f41-bc8a-447e-85ed-77374a2ee0a6,2c3e758e-dd9c-4180-a3f7-939d7d42c02d,43d9ecc4-6822-4cc4-8d2a-754e3f04acf9,->,3d052f41-bc8a-447e-85ed-77374a2ee0a6,org/junit/Assert.java,assertEquals
3d052f41-bc8a-447e-85ed-77374a2ee0a6,2c3e758e-dd9c-4180-a3f7-939d7d42c02d,43d9ecc4-6822-4cc4-8d2a-754e3f04acf9,->,3d052f41-bc8a-447e-85ed-77374a2ee0a6,9d4851c4-6e32-4d0e-8c63-332f8a325b1c,"55d5c5ac-1c9f-4ca1-b396-15827a8da8af,ea4dbd50-6f3c-42a8-b9aa-7544a73a2eae"
3d052f41-bc8a-447e-85ed-77374a2ee0a6,2c3e758e-dd9c-4180-a3f7-939d7d42c02d,43d9ecc4-6822-4cc4-8d2a-754e3f04acf9,->,3d052f41-bc8a-447e-85ed-77374a2ee0a6,arcanoid/model/Bouncing.java,speed
3d052f41-bc8a-447e-85ed-77374a2ee0a6,2c3e758e-dd9c-4180-a3f7-939d7d42c02d,43d9ecc4-6822-4cc4-8d2a-754e3f04acf9,->,3d052f41-bc8a-447e-85ed-77374a2ee0a6,org/junit/Assert.java,assertEquals
3d052f41-bc8a-447e-85ed-77374a2ee0a6,2c3e758e-dd9c-4180-a3f7-939d7d42c02d,43d9ecc4-6822-4cc4-8d2a-754e3f04acf9,->,3d052f41-bc8a-447e-85ed-77374a2ee0a6,arcanoid/model/Bouncing.java,position
3d052f41-bc8a-447e-85ed-77374a2ee0a6,2c3e758e-dd9c-4180-a3f7-939d7d42c02d,43d9ecc4-6822-4cc4-8d2a-754e3f04acf9,->,3d052f41-bc8a-447e-85ed-77374a2ee0a6,org/junit/Assert.java,assertEquals
3d052f41-bc8a-447e-85ed-77374a2ee0a6,2c3e758e-dd9c-4180-a3f7-939d7d42c02d,0e02983f-df88-4256-8b7f-12259bc12357,->,3d052f41-bc8a-447e-85ed-77374a2ee0a6,java/io/PrintStream.java,println
3d052f41-bc8a-447e-85ed-77374a2ee0a6,2c3e758e-dd9c-4180-a3f7-939d7d42c02d,0e02983f-df88-4256-8b7f-12259bc12357,->,3d052f41-bc8a-447e-85ed-77374a2ee0a6,arcanoid/model/Bouncing.java,setWeight
3d052f41-bc8a-447e-85ed-77374a2ee0a6,2c3e758e-dd9c-4180-a3f7-939d7d42c02d,0e02983f-df88-4256-8b7f-12259bc12357,->,3d052f41-bc8a-447e-85ed-77374a2ee0a6,arcanoid/model/Bouncing.java,setWeight
3d052f41-bc8a-447e-85ed-77374a2ee0a6,2c3e758e-dd9c-4180-a3f7-939d7d42c02d,0e02983f-df88-4256-8b7f-12259bc12357,->,3d052f41-bc8a-447e-85ed-77374a2ee0a6,javax/imageio/ImageIO.java,read
3d052f41-bc8a-447e-85ed-77374a2ee0a6,2c3e758e-dd9c-4180-a3f7-939d7d42c02d,0e02983f-df88-4256-8b7f-12259bc12357,->,3d052f41-bc8a-447e-85ed-77374a2ee0a6,fb0844c9-e20e-4291-b8f1-ccfabe9e7077,4d9810ff-57c8-4f7d-94ed-7ff2cd9f814a
3d052f41-bc8a-447e-85ed-77374a2ee0a6,2c3e758e-dd9c-4180-a3f7-939d7d42c02d,0e02983f-df88-4256-8b7f-12259bc12357,->,3d052f41-bc8a-447e-85ed-77374a2ee0a6,fb0844c9-e20e-4291-b8f1-ccfabe9e7077,4d9810ff-57c8-4f7d-94ed-7ff2cd9f814a
3d052f41-bc8a-447e-85ed-77374a2ee0a6,2c3e758e-dd9c-4180-a3f7-939d7d42c02d,0e02983f-df88-4256-8b7f-12259bc12357,->,3d052f41-bc8a-447e-85ed-77374a2ee0a6,arcanoid/model/Bouncing.java,setSpeed
3d052f41-bc8a-447e-85ed-77374a2ee0a6,2c3e758e-dd9c-4180-a3f7-939d7d42c02d,0e02983f-df88-4256-8b7f-12259bc12357,->,3d052f41-bc8a-447e-85ed-77374a2ee0a6,arcanoid/model/Bouncing.java,setSpeed
3d052f41-bc8a-447e-85ed-77374a2ee0a6,2c3e758e-dd9c-4180-a3f7-939d7d42c02d,0e02983f-df88-4256-8b7f-12259bc12357,->,3d052f41-bc8a-447e-85ed-77374a2ee0a6,9d4851c4-6e32-4d0e-8c63-332f8a325b1c,b6bc34fc-6c6e-4f60-8c78-9d730cb973ee
3d052f41-bc8a-447e-85ed-77374a2ee0a6,2c3e758e-dd9c-4180-a3f7-939d7d42c02d,0e02983f-df88-4256-8b7f-12259bc12357,->,3d052f41-bc8a-447e-85ed-77374a2ee0a6,9d4851c4-6e32-4d0e-8c63-332f8a325b1c,b6bc34fc-6c6e-4f60-8c78-9d730cb973ee
3d052f41-bc8a-447e-85ed-77374a2ee0a6,2c3e758e-dd9c-4180-a3f7-939d7d42c02d,0e02983f-df88-4256-8b7f-12259bc12357,->,3d052f41-bc8a-447e-85ed-77374a2ee0a6,arcanoid/model/Bouncing.java,countSpeed
3d052f41-bc8a-447e-85ed-77374a2ee0a6,2c3e758e-dd9c-4180-a3f7-939d7d42c02d,0e02983f-df88-4256-8b7f-12259bc12357,->,3d052f41-bc8a-447e-85ed-77374a2ee0a6,java/util/ArrayList.java,get
3d052f41-bc8a-447e-85ed-77374a2ee0a6,2c3e758e-dd9c-4180-a3f7-939d7d42c02d,0e02983f-df88-4256-8b7f-12259bc12357,->,3d052f41-bc8a-447e-85ed-77374a2ee0a6,arcanoid/model/Bouncing.java,countSpeed
3d052f41-bc8a-447e-85ed-77374a2ee0a6,2c3e758e-dd9c-4180-a3f7-939d7d42c02d,0e02983f-df88-4256-8b7f-12259bc12357,->,3d052f41-bc8a-447e-85ed-77374a2ee0a6,java/util/ArrayList.java,get
3d052f41-bc8a-447e-85ed-77374a2ee0a6,2c3e758e-dd9c-4180-a3f7-939d7d42c02d,0e02983f-df88-4256-8b7f-12259bc12357,->,3d052f41-bc8a-447e-85ed-77374a2ee0a6,9d4851c4-6e32-4d0e-8c63-332f8a325b1c,"55d5c5ac-1c9f-4ca1-b396-15827a8da8af,ea4dbd50-6f3c-42a8-b9aa-7544a73a2eae"
3d052f41-bc8a-447e-85ed-77374a2ee0a6,2c3e758e-dd9c-4180-a3f7-939d7d42c02d,0e02983f-df88-4256-8b7f-12259bc12357,->,3d052f41-bc8a-447e-85ed-77374a2ee0a6,arcanoid/model/Bouncing.java,speed
3d052f41-bc8a-447e-85ed-77374a2ee0a6,2c3e758e-dd9c-4180-a3f7-939d7d42c02d,0e02983f-df88-4256-8b7f-12259bc12357,->,3d052f41-bc8a-447e-85ed-77374a2ee0a6,org/junit/Assert.java,assertEquals
3d052f41-bc8a-447e-85ed-77374a2ee0a6,2c3e758e-dd9c-4180-a3f7-939d7d42c02d,0e02983f-df88-4256-8b7f-12259bc12357,->,3d052f41-bc8a-447e-85ed-77374a2ee0a6,arcanoid/model/Bouncing.java,position
3d052f41-bc8a-447e-85ed-77374a2ee0a6,2c3e758e-dd9c-4180-a3f7-939d7d42c02d,0e02983f-df88-4256-8b7f-12259bc12357,->,3d052f41-bc8a-447e-85ed-77374a2ee0a6,org/junit/Assert.java,assertEquals
3d052f41-bc8a-447e-85ed-77374a2ee0a6,2c3e758e-dd9c-4180-a3f7-939d7d42c02d,0e02983f-df88-4256-8b7f-12259bc12357,->,3d052f41-bc8a-447e-85ed-77374a2ee0a6,9d4851c4-6e32-4d0e-8c63-332f8a325b1c,"55d5c5ac-1c9f-4ca1-b396-15827a8da8af,ea4dbd50-6f3c-42a8-b9aa-7544a73a2eae"
3d052f41-bc8a-447e-85ed-77374a2ee0a6,2c3e758e-dd9c-4180-a3f7-939d7d42c02d,0e02983f-df88-4256-8b7f-12259bc12357,->,3d052f41-bc8a-447e-85ed-77374a2ee0a6,arcanoid/model/Bouncing.java,speed
3d052f41-bc8a-447e-85ed-77374a2ee0a6,2c3e758e-dd9c-4180-a3f7-939d7d42c02d,0e02983f-df88-4256-8b7f-12259bc12357,->,3d052f41-bc8a-447e-85ed-77374a2ee0a6,org/junit/Assert.java,assertEquals
3d052f41-bc8a-447e-85ed-77374a2ee0a6,2c3e758e-dd9c-4180-a3f7-939d7d42c02d,0e02983f-df88-4256-8b7f-12259bc12357,->,3d052f41-bc8a-447e-85ed-77374a2ee0a6,arcanoid/model/Bouncing.java,position
3d052f41-bc8a-447e-85ed-77374a2ee0a6,2c3e758e-dd9c-4180-a3f7-939d7d42c02d,0e02983f-df88-4256-8b7f-12259bc12357,->,3d052f41-bc8a-447e-85ed-77374a2ee0a6,org/junit/Assert.java,assertEquals
3d052f41-bc8a-447e-85ed-77374a2ee0a6,2c3e758e-dd9c-4180-a3f7-939d7d42c02d,500a8bb4-1684-48ee-a3b4-af5bc320e6dd,->,3d052f41-bc8a-447e-85ed-77374a2ee0a6,java/io/PrintStream.java,println
3d052f41-bc8a-447e-85ed-77374a2ee0a6,2c3e758e-dd9c-4180-a3f7-939d7d42c02d,500a8bb4-1684-48ee-a3b4-af5bc320e6dd,->,3d052f41-bc8a-447e-85ed-77374a2ee0a6,fb0844c9-e20e-4291-b8f1-ccfabe9e7077,4d9810ff-57c8-4f7d-94ed-7ff2cd9f814a
3d052f41-bc8a-447e-85ed-77374a2ee0a6,2c3e758e-dd9c-4180-a3f7-939d7d42c02d,500a8bb4-1684-48ee-a3b4-af5bc320e6dd,->,3d052f41-bc8a-447e-85ed-77374a2ee0a6,fb0844c9-e20e-4291-b8f1-ccfabe9e7077,4d9810ff-57c8-4f7d-94ed-7ff2cd9f814a
3d052f41-bc8a-447e-85ed-77374a2ee0a6,2c3e758e-dd9c-4180-a3f7-939d7d42c02d,500a8bb4-1684-48ee-a3b4-af5bc320e6dd,->,3d052f41-bc8a-447e-85ed-77374a2ee0a6,arcanoid/model/Racket.java,setSpeed
3d052f41-bc8a-447e-85ed-77374a2ee0a6,2c3e758e-dd9c-4180-a3f7-939d7d42c02d,500a8bb4-1684-48ee-a3b4-af5bc320e6dd,->,3d052f41-bc8a-447e-85ed-77374a2ee0a6,arcanoid/model/Bouncing.java,setSpeed
3d052f41-bc8a-447e-85ed-77374a2ee0a6,2c3e758e-dd9c-4180-a3f7-939d7d42c02d,500a8bb4-1684-48ee-a3b4-af5bc320e6dd,->,3d052f41-bc8a-447e-85ed-77374a2ee0a6,9d4851c4-6e32-4d0e-8c63-332f8a325b1c,"55d5c5ac-1c9f-4ca1-b396-15827a8da8af,ea4dbd50-6f3c-42a8-b9aa-7544a73a2eae"
3d052f41-bc8a-447e-85ed-77374a2ee0a6,2c3e758e-dd9c-4180-a3f7-939d7d42c02d,500a8bb4-1684-48ee-a3b4-af5bc320e6dd,->,3d052f41-bc8a-447e-85ed-77374a2ee0a6,arcanoid/model/Bouncing.java,speed
3d052f41-bc8a-447e-85ed-77374a2ee0a6,2c3e758e-dd9c-4180-a3f7-939d7d42c02d,500a8bb4-1684-48ee-a3b4-af5bc320e6dd,->,3d052f41-bc8a-447e-85ed-77374a2ee0a6,9af524cf-3d7b-41c5-a351-a1a522f91afb,864ecc8e-2452-4eca-accb-c48b343eaa31
3d052f41-bc8a-447e-85ed-77374a2ee0a6,2c3e758e-dd9c-4180-a3f7-939d7d42c02d,500a8bb4-1684-48ee-a3b4-af5bc320e6dd,->,3d052f41-bc8a-447e-85ed-77374a2ee0a6,org/junit/Assert.java,assertEquals
3d052f41-bc8a-447e-85ed-77374a2ee0a6,2c3e758e-dd9c-4180-a3f7-939d7d42c02d,500a8bb4-1684-48ee-a3b4-af5bc320e6dd,->,3d052f41-bc8a-447e-85ed-77374a2ee0a6,arcanoid/model/Bouncing.java,position
3d052f41-bc8a-447e-85ed-77374a2ee0a6,2c3e758e-dd9c-4180-a3f7-939d7d42c02d,500a8bb4-1684-48ee-a3b4-af5bc320e6dd,->,3d052f41-bc8a-447e-85ed-77374a2ee0a6,org/junit/Assert.java,assertEquals
3d052f41-bc8a-447e-85ed-77374a2ee0a6,2c3e758e-dd9c-4180-a3f7-939d7d42c02d,95497b48-56a8-419c-bcc4-e73c34f13b3d,->,3d052f41-bc8a-447e-85ed-77374a2ee0a6,java/io/PrintStream.java,println
3d052f41-bc8a-447e-85ed-77374a2ee0a6,2c3e758e-dd9c-4180-a3f7-939d7d42c02d,95497b48-56a8-419c-bcc4-e73c34f13b3d,->,3d052f41-bc8a-447e-85ed-77374a2ee0a6,arcanoid/model/Bouncing.java,setWeight
3d052f41-bc8a-447e-85ed-77374a2ee0a6,2c3e758e-dd9c-4180-a3f7-939d7d42c02d,95497b48-56a8-419c-bcc4-e73c34f13b3d,->,3d052f41-bc8a-447e-85ed-77374a2ee0a6,fb0844c9-e20e-4291-b8f1-ccfabe9e7077,4d9810ff-57c8-4f7d-94ed-7ff2cd9f814a
3d052f41-bc8a-447e-85ed-77374a2ee0a6,2c3e758e-dd9c-4180-a3f7-939d7d42c02d,95497b48-56a8-419c-bcc4-e73c34f13b3d,->,3d052f41-bc8a-447e-85ed-77374a2ee0a6,fb0844c9-e20e-4291-b8f1-ccfabe9e7077,4d9810ff-57c8-4f7d-94ed-7ff2cd9f814a
3d052f41-bc8a-447e-85ed-77374a2ee0a6,2c3e758e-dd9c-4180-a3f7-939d7d42c02d,95497b48-56a8-419c-bcc4-e73c34f13b3d,->,3d052f41-bc8a-447e-85ed-77374a2ee0a6,arcanoid/model/Bouncing.java,setSpeed
3d052f41-bc8a-447e-85ed-77374a2ee0a6,2c3e758e-dd9c-4180-a3f7-939d7d42c02d,95497b48-56a8-419c-bcc4-e73c34f13b3d,->,3d052f41-bc8a-447e-85ed-77374a2ee0a6,9d4851c4-6e32-4d0e-8c63-332f8a325b1c,"55d5c5ac-1c9f-4ca1-b396-15827a8da8af,ea4dbd50-6f3c-42a8-b9aa-7544a73a2eae"
3d052f41-bc8a-447e-85ed-77374a2ee0a6,2c3e758e-dd9c-4180-a3f7-939d7d42c02d,95497b48-56a8-419c-bcc4-e73c34f13b3d,->,3d052f41-bc8a-447e-85ed-77374a2ee0a6,arcanoid/model/Bouncing.java,speed
3d052f41-bc8a-447e-85ed-77374a2ee0a6,2c3e758e-dd9c-4180-a3f7-939d7d42c02d,95497b48-56a8-419c-bcc4-e73c34f13b3d,->,3d052f41-bc8a-447e-85ed-77374a2ee0a6,9af524cf-3d7b-41c5-a351-a1a522f91afb,864ecc8e-2452-4eca-accb-c48b343eaa31
3d052f41-bc8a-447e-85ed-77374a2ee0a6,2c3e758e-dd9c-4180-a3f7-939d7d42c02d,95497b48-56a8-419c-bcc4-e73c34f13b3d,->,3d052f41-bc8a-447e-85ed-77374a2ee0a6,org/junit/Assert.java,assertEquals
3d052f41-bc8a-447e-85ed-77374a2ee0a6,2c3e758e-dd9c-4180-a3f7-939d7d42c02d,95497b48-56a8-419c-bcc4-e73c34f13b3d,->,3d052f41-bc8a-447e-85ed-77374a2ee0a6,arcanoid/model/Bouncing.java,position
3d052f41-bc8a-447e-85ed-77374a2ee0a6,2c3e758e-dd9c-4180-a3f7-939d7d42c02d,95497b48-56a8-419c-bcc4-e73c34f13b3d,->,3d052f41-bc8a-447e-85ed-77374a2ee0a6,org/junit/Assert.java,assertEquals
3d052f41-bc8a-447e-85ed-77374a2ee0a6,2c3e758e-dd9c-4180-a3f7-939d7d42c02d,d9e779e8-6e5e-42bf-852f-45dbbc3508ea,->,3d052f41-bc8a-447e-85ed-77374a2ee0a6,java/io/PrintStream.java,println
3d052f41-bc8a-447e-85ed-77374a2ee0a6,2c3e758e-dd9c-4180-a3f7-939d7d42c02d,d9e779e8-6e5e-42bf-852f-45dbbc3508ea,->,3d052f41-bc8a-447e-85ed-77374a2ee0a6,arcanoid/model/Bouncing.java,setWeight
3d052f41-bc8a-447e-85ed-77374a2ee0a6,2c3e758e-dd9c-4180-a3f7-939d7d42c02d,d9e779e8-6e5e-42bf-852f-45dbbc3508ea,->,3d052f41-bc8a-447e-85ed-77374a2ee0a6,fb0844c9-e20e-4291-b8f1-ccfabe9e7077,4d9810ff-57c8-4f7d-94ed-7ff2cd9f814a
3d052f41-bc8a-447e-85ed-77374a2ee0a6,2c3e758e-dd9c-4180-a3f7-939d7d42c02d,d9e779e8-6e5e-42bf-852f-45dbbc3508ea,->,3d052f41-bc8a-447e-85ed-77374a2ee0a6,fb0844c9-e20e-4291-b8f1-ccfabe9e7077,4d9810ff-57c8-4f7d-94ed-7ff2cd9f814a
3d052f41-bc8a-447e-85ed-77374a2ee0a6,2c3e758e-dd9c-4180-a3f7-939d7d42c02d,d9e779e8-6e5e-42bf-852f-45dbbc3508ea,->,3d052f41-bc8a-447e-85ed-77374a2ee0a6,arcanoid/model/Bouncing.java,setSpeed
3d052f41-bc8a-447e-85ed-77374a2ee0a6,2c3e758e-dd9c-4180-a3f7-939d7d42c02d,d9e779e8-6e5e-42bf-852f-45dbbc3508ea,->,3d052f41-bc8a-447e-85ed-77374a2ee0a6,9d4851c4-6e32-4d0e-8c63-332f8a325b1c,"55d5c5ac-1c9f-4ca1-b396-15827a8da8af,ea4dbd50-6f3c-42a8-b9aa-7544a73a2eae"
3d052f41-bc8a-447e-85ed-77374a2ee0a6,2c3e758e-dd9c-4180-a3f7-939d7d42c02d,d9e779e8-6e5e-42bf-852f-45dbbc3508ea,->,3d052f41-bc8a-447e-85ed-77374a2ee0a6,arcanoid/model/Bouncing.java,speed
3d052f41-bc8a-447e-85ed-77374a2ee0a6,2c3e758e-dd9c-4180-a3f7-939d7d42c02d,d9e779e8-6e5e-42bf-852f-45dbbc3508ea,->,3d052f41-bc8a-447e-85ed-77374a2ee0a6,9af524cf-3d7b-41c5-a351-a1a522f91afb,864ecc8e-2452-4eca-accb-c48b343eaa31
3d052f41-bc8a-447e-85ed-77374a2ee0a6,2c3e758e-dd9c-4180-a3f7-939d7d42c02d,d9e779e8-6e5e-42bf-852f-45dbbc3508ea,->,3d052f41-bc8a-447e-85ed-77374a2ee0a6,org/junit/Assert.java,assertEquals
3d052f41-bc8a-447e-85ed-77374a2ee0a6,2c3e758e-dd9c-4180-a3f7-939d7d42c02d,d9e779e8-6e5e-42bf-852f-45dbbc3508ea,->,3d052f41-bc8a-447e-85ed-77374a2ee0a6,arcanoid/model/Bouncing.java,position
3d052f41-bc8a-447e-85ed-77374a2ee0a6,2c3e758e-dd9c-4180-a3f7-939d7d42c02d,d9e779e8-6e5e-42bf-852f-45dbbc3508ea,->,3d052f41-bc8a-447e-85ed-77374a2ee0a6,org/junit/Assert.java,assertEquals
3d052f41-bc8a-447e-85ed-77374a2ee0a6,4ade0b33-0cdf-492b-a717-e58b4e4ab44f,843878e1-ca25-4127-9a5b-a23d9b9717dc,->,3d052f41-bc8a-447e-85ed-77374a2ee0a6,java/util/ArrayList.java,add
3d052f41-bc8a-447e-85ed-77374a2ee0a6,4ade0b33-0cdf-492b-a717-e58b4e4ab44f,54872cd4-0507-46a8-be5a-b765ea462f55,->,3d052f41-bc8a-447e-85ed-77374a2ee0a6,java/util/ArrayList.java,iterator
3d052f41-bc8a-447e-85ed-77374a2ee0a6,4ade0b33-0cdf-492b-a717-e58b4e4ab44f,54872cd4-0507-46a8-be5a-b765ea462f55,->,3d052f41-bc8a-447e-85ed-77374a2ee0a6,java/util/Iterator.java,hasNext
3d052f41-bc8a-447e-85ed-77374a2ee0a6,4ade0b33-0cdf-492b-a717-e58b4e4ab44f,54872cd4-0507-46a8-be5a-b765ea462f55,->,3d052f41-bc8a-447e-85ed-77374a2ee0a6,java/util/Iterator.java,next
3d052f41-bc8a-447e-85ed-77374a2ee0a6,4ade0b33-0cdf-492b-a717-e58b4e4ab44f,54872cd4-0507-46a8-be5a-b765ea462f55,->,3d052f41-bc8a-447e-85ed-77374a2ee0a6,111a5fb8-82d1-4b31-96c8-e157bb764c3f,2bb5a259-598b-4e31-bda4-7e69a9f1dddc
3d052f41-bc8a-447e-85ed-77374a2ee0a6,4ade0b33-0cdf-492b-a717-e58b4e4ab44f,5e5cc592-1f23-49ad-be9b-45ef3eb2777a,->,3d052f41-bc8a-447e-85ed-77374a2ee0a6,4ade0b33-0cdf-492b-a717-e58b4e4ab44f,a002d573-f6e8-4c24-9a75-52639ba06e7e
3d052f41-bc8a-447e-85ed-77374a2ee0a6,4ade0b33-0cdf-492b-a717-e58b4e4ab44f,5e5cc592-1f23-49ad-be9b-45ef3eb2777a,->,3d052f41-bc8a-447e-85ed-77374a2ee0a6,4ade0b33-0cdf-492b-a717-e58b4e4ab44f,a44b38e0-a3f5-4226-827b-253d21e564d9
3d052f41-bc8a-447e-85ed-77374a2ee0a6,4ade0b33-0cdf-492b-a717-e58b4e4ab44f,5e5cc592-1f23-49ad-be9b-45ef3eb2777a,->,3d052f41-bc8a-447e-85ed-77374a2ee0a6,9af524cf-3d7b-41c5-a351-a1a522f91afb,b283a1ad-24b4-4296-999c-27c7eae2e4a5
3d052f41-bc8a-447e-85ed-77374a2ee0a6,4ade0b33-0cdf-492b-a717-e58b4e4ab44f,5e5cc592-1f23-49ad-be9b-45ef3eb2777a,->,3d052f41-bc8a-447e-85ed-77374a2ee0a6,4ade0b33-0cdf-492b-a717-e58b4e4ab44f,a002d573-f6e8-4c24-9a75-52639ba06e7e
3d052f41-bc8a-447e-85ed-77374a2ee0a6,4ade0b33-0cdf-492b-a717-e58b4e4ab44f,5e5cc592-1f23-49ad-be9b-45ef3eb2777a,->,3d052f41-bc8a-447e-85ed-77374a2ee0a6,4ade0b33-0cdf-492b-a717-e58b4e4ab44f,a002d573-f6e8-4c24-9a75-52639ba06e7e
3d052f41-bc8a-447e-85ed-77374a2ee0a6,4ade0b33-0cdf-492b-a717-e58b4e4ab44f,5e5cc592-1f23-49ad-be9b-45ef3eb2777a,->,3d052f41-bc8a-447e-85ed-77374a2ee0a6,4ade0b33-0cdf-492b-a717-e58b4e4ab44f,a44b38e0-a3f5-4226-827b-253d21e564d9
3d052f41-bc8a-447e-85ed-77374a2ee0a6,4ade0b33-0cdf-492b-a717-e58b4e4ab44f,5e5cc592-1f23-49ad-be9b-45ef3eb2777a,->,3d052f41-bc8a-447e-85ed-77374a2ee0a6,9af524cf-3d7b-41c5-a351-a1a522f91afb,b283a1ad-24b4-4296-999c-27c7eae2e4a5
3d052f41-bc8a-447e-85ed-77374a2ee0a6,4ade0b33-0cdf-492b-a717-e58b4e4ab44f,5e5cc592-1f23-49ad-be9b-45ef3eb2777a,->,3d052f41-bc8a-447e-85ed-77374a2ee0a6,4ade0b33-0cdf-492b-a717-e58b4e4ab44f,a002d573-f6e8-4c24-9a75-52639ba06e7e
3d052f41-bc8a-447e-85ed-77374a2ee0a6,4ade0b33-0cdf-492b-a717-e58b4e4ab44f,5e5cc592-1f23-49ad-be9b-45ef3eb2777a,->,3d052f41-bc8a-447e-85ed-77374a2ee0a6,4ade0b33-0cdf-492b-a717-e58b4e4ab44f,a002d573-f6e8-4c24-9a75-52639ba06e7e
3d052f41-bc8a-447e-85ed-77374a2ee0a6,4ade0b33-0cdf-492b-a717-e58b4e4ab44f,5e5cc592-1f23-49ad-be9b-45ef3eb2777a,->,3d052f41-bc8a-447e-85ed-77374a2ee0a6,4ade0b33-0cdf-492b-a717-e58b4e4ab44f,a002d573-f6e8-4c24-9a75-52639ba06e7e
3d052f41-bc8a-447e-85ed-77374a2ee0a6,4ade0b33-0cdf-492b-a717-e58b4e4ab44f,5e5cc592-1f23-49ad-be9b-45ef3eb2777a,->,3d052f41-bc8a-447e-85ed-77374a2ee0a6,4ade0b33-0cdf-492b-a717-e58b4e4ab44f,a44b38e0-a3f5-4226-827b-253d21e564d9
3d052f41-bc8a-447e-85ed-77374a2ee0a6,4ade0b33-0cdf-492b-a717-e58b4e4ab44f,5e5cc592-1f23-49ad-be9b-45ef3eb2777a,->,3d052f41-bc8a-447e-85ed-77374a2ee0a6,9af524cf-3d7b-41c5-a351-a1a522f91afb,16d5c68b-51e0-455a-8d84-1247d46c197a
3d052f41-bc8a-447e-85ed-77374a2ee0a6,4ade0b33-0cdf-492b-a717-e58b4e4ab44f,5e5cc592-1f23-49ad-be9b-45ef3eb2777a,->,3d052f41-bc8a-447e-85ed-77374a2ee0a6,4ade0b33-0cdf-492b-a717-e58b4e4ab44f,a002d573-f6e8-4c24-9a75-52639ba06e7e
3d052f41-bc8a-447e-85ed-77374a2ee0a6,4ade0b33-0cdf-492b-a717-e58b4e4ab44f,5e5cc592-1f23-49ad-be9b-45ef3eb2777a,->,3d052f41-bc8a-447e-85ed-77374a2ee0a6,4ade0b33-0cdf-492b-a717-e58b4e4ab44f,a002d573-f6e8-4c24-9a75-52639ba06e7e
3d052f41-bc8a-447e-85ed-77374a2ee0a6,4ade0b33-0cdf-492b-a717-e58b4e4ab44f,5e5cc592-1f23-49ad-be9b-45ef3eb2777a,->,3d052f41-bc8a-447e-85ed-77374a2ee0a6,4ade0b33-0cdf-492b-a717-e58b4e4ab44f,a44b38e0-a3f5-4226-827b-253d21e564d9
3d052f41-bc8a-447e-85ed-77374a2ee0a6,4ade0b33-0cdf-492b-a717-e58b4e4ab44f,5e5cc592-1f23-49ad-be9b-45ef3eb2777a,->,3d052f41-bc8a-447e-85ed-77374a2ee0a6,9af524cf-3d7b-41c5-a351-a1a522f91afb,16d5c68b-51e0-455a-8d84-1247d46c197a
3d052f41-bc8a-447e-85ed-77374a2ee0a6,4ade0b33-0cdf-492b-a717-e58b4e4ab44f,5e5cc592-1f23-49ad-be9b-45ef3eb2777a,->,3d052f41-bc8a-447e-85ed-77374a2ee0a6,4ade0b33-0cdf-492b-a717-e58b4e4ab44f,a002d573-f6e8-4c24-9a75-52639ba06e7e
3d052f41-bc8a-447e-85ed-77374a2ee0a6,4ade0b33-0cdf-492b-a717-e58b4e4ab44f,5e5cc592-1f23-49ad-be9b-45ef3eb2777a,->,3d052f41-bc8a-447e-85ed-77374a2ee0a6,4ade0b33-0cdf-492b-a717-e58b4e4ab44f,a002d573-f6e8-4c24-9a75-52639ba06e7e
3d052f41-bc8a-447e-85ed-77374a2ee0a6,4ade0b33-0cdf-492b-a717-e58b4e4ab44f,5e5cc592-1f23-49ad-be9b-45ef3eb2777a,->,3d052f41-bc8a-447e-85ed-77374a2ee0a6,4ade0b33-0cdf-492b-a717-e58b4e4ab44f,a002d573-f6e8-4c24-9a75-52639ba06e7e
3d052f41-bc8a-447e-85ed-77374a2ee0a6,4ade0b33-0cdf-492b-a717-e58b4e4ab44f,5e5cc592-1f23-49ad-be9b-45ef3eb2777a,->,3d052f41-bc8a-447e-85ed-77374a2ee0a6,4ade0b33-0cdf-492b-a717-e58b4e4ab44f,a44b38e0-a3f5-4226-827b-253d21e564d9
3d052f41-bc8a-447e-85ed-77374a2ee0a6,4ade0b33-0cdf-492b-a717-e58b4e4ab44f,5e5cc592-1f23-49ad-be9b-45ef3eb2777a,->,3d052f41-bc8a-447e-85ed-77374a2ee0a6,9af524cf-3d7b-41c5-a351-a1a522f91afb,b283a1ad-24b4-4296-999c-27c7eae2e4a5
3d052f41-bc8a-447e-85ed-77374a2ee0a6,4ade0b33-0cdf-492b-a717-e58b4e4ab44f,5e5cc592-1f23-49ad-be9b-45ef3eb2777a,->,3d052f41-bc8a-447e-85ed-77374a2ee0a6,4ade0b33-0cdf-492b-a717-e58b4e4ab44f,a002d573-f6e8-4c24-9a75-52639ba06e7e
3d052f41-bc8a-447e-85ed-77374a2ee0a6,4ade0b33-0cdf-492b-a717-e58b4e4ab44f,5e5cc592-1f23-49ad-be9b-45ef3eb2777a,->,3d052f41-bc8a-447e-85ed-77374a2ee0a6,4ade0b33-0cdf-492b-a717-e58b4e4ab44f,a002d573-f6e8-4c24-9a75-52639ba06e7e
3d052f41-bc8a-447e-85ed-77374a2ee0a6,4ade0b33-0cdf-492b-a717-e58b4e4ab44f,5e5cc592-1f23-49ad-be9b-45ef3eb2777a,->,3d052f41-bc8a-447e-85ed-77374a2ee0a6,4ade0b33-0cdf-492b-a717-e58b4e4ab44f,a44b38e0-a3f5-4226-827b-253d21e564d9
3d052f41-bc8a-447e-85ed-77374a2ee0a6,4ade0b33-0cdf-492b-a717-e58b4e4ab44f,5e5cc592-1f23-49ad-be9b-45ef3eb2777a,->,3d052f41-bc8a-447e-85ed-77374a2ee0a6,9af524cf-3d7b-41c5-a351-a1a522f91afb,b283a1ad-24b4-4296-999c-27c7eae2e4a5
3d052f41-bc8a-447e-85ed-77374a2ee0a6,4ade0b33-0cdf-492b-a717-e58b4e4ab44f,5e5cc592-1f23-49ad-be9b-45ef3eb2777a,->,3d052f41-bc8a-447e-85ed-77374a2ee0a6,4ade0b33-0cdf-492b-a717-e58b4e4ab44f,a002d573-f6e8-4c24-9a75-52639ba06e7e
3d052f41-bc8a-447e-85ed-77374a2ee0a6,4ade0b33-0cdf-492b-a717-e58b4e4ab44f,5e5cc592-1f23-49ad-be9b-45ef3eb2777a,->,3d052f41-bc8a-447e-85ed-77374a2ee0a6,4ade0b33-0cdf-492b-a717-e58b4e4ab44f,a002d573-f6e8-4c24-9a75-52639ba06e7e
3d052f41-bc8a-447e-85ed-77374a2ee0a6,4ade0b33-0cdf-492b-a717-e58b4e4ab44f,5e5cc592-1f23-49ad-be9b-45ef3eb2777a,->,3d052f41-bc8a-447e-85ed-77374a2ee0a6,4ade0b33-0cdf-492b-a717-e58b4e4ab44f,a002d573-f6e8-4c24-9a75-52639ba06e7e
3d052f41-bc8a-447e-85ed-77374a2ee0a6,4ade0b33-0cdf-492b-a717-e58b4e4ab44f,5e5cc592-1f23-49ad-be9b-45ef3eb2777a,->,3d052f41-bc8a-447e-85ed-77374a2ee0a6,4ade0b33-0cdf-492b-a717-e58b4e4ab44f,a44b38e0-a3f5-4226-827b-253d21e564d9
3d052f41-bc8a-447e-85ed-77374a2ee0a6,4ade0b33-0cdf-492b-a717-e58b4e4ab44f,5e5cc592-1f23-49ad-be9b-45ef3eb2777a,->,3d052f41-bc8a-447e-85ed-77374a2ee0a6,9af524cf-3d7b-41c5-a351-a1a522f91afb,16d5c68b-51e0-455a-8d84-1247d46c197a
3d052f41-bc8a-447e-85ed-77374a2ee0a6,4ade0b33-0cdf-492b-a717-e58b4e4ab44f,5e5cc592-1f23-49ad-be9b-45ef3eb2777a,->,3d052f41-bc8a-447e-85ed-77374a2ee0a6,4ade0b33-0cdf-492b-a717-e58b4e4ab44f,a002d573-f6e8-4c24-9a75-52639ba06e7e
3d052f41-bc8a-447e-85ed-77374a2ee0a6,4ade0b33-0cdf-492b-a717-e58b4e4ab44f,5e5cc592-1f23-49ad-be9b-45ef3eb2777a,->,3d052f41-bc8a-447e-85ed-77374a2ee0a6,4ade0b33-0cdf-492b-a717-e58b4e4ab44f,a002d573-f6e8-4c24-9a75-52639ba06e7e
3d052f41-bc8a-447e-85ed-77374a2ee0a6,4ade0b33-0cdf-492b-a717-e58b4e4ab44f,5e5cc592-1f23-49ad-be9b-45ef3eb2777a,->,3d052f41-bc8a-447e-85ed-77374a2ee0a6,4ade0b33-0cdf-492b-a717-e58b4e4ab44f,a44b38e0-a3f5-4226-827b-253d21e564d9
3d052f41-bc8a-447e-85ed-77374a2ee0a6,4ade0b33-0cdf-492b-a717-e58b4e4ab44f,5e5cc592-1f23-49ad-be9b-45ef3eb2777a,->,3d052f41-bc8a-447e-85ed-77374a2ee0a6,9af524cf-3d7b-41c5-a351-a1a522f91afb,16d5c68b-51e0-455a-8d84-1247d46c197a
3d052f41-bc8a-447e-85ed-77374a2ee0a6,4ade0b33-0cdf-492b-a717-e58b4e4ab44f,5e5cc592-1f23-49ad-be9b-45ef3eb2777a,->,3d052f41-bc8a-447e-85ed-77374a2ee0a6,4ade0b33-0cdf-492b-a717-e58b4e4ab44f,a002d573-f6e8-4c24-9a75-52639ba06e7e
3d052f41-bc8a-447e-85ed-77374a2ee0a6,4ade0b33-0cdf-492b-a717-e58b4e4ab44f,5e5cc592-1f23-49ad-be9b-45ef3eb2777a,->,3d052f41-bc8a-447e-85ed-77374a2ee0a6,4ade0b33-0cdf-492b-a717-e58b4e4ab44f,a002d573-f6e8-4c24-9a75-52639ba06e7e
3d052f41-bc8a-447e-85ed-77374a2ee0a6,4ade0b33-0cdf-492b-a717-e58b4e4ab44f,5e5cc592-1f23-49ad-be9b-45ef3eb2777a,->,3d052f41-bc8a-447e-85ed-77374a2ee0a6,java/util/ArrayList.java,add
3d052f41-bc8a-447e-85ed-77374a2ee0a6,4ade0b33-0cdf-492b-a717-e58b4e4ab44f,5e5cc592-1f23-49ad-be9b-45ef3eb2777a,->,3d052f41-bc8a-447e-85ed-77374a2ee0a6,java/util/ArrayList.java,add
3d052f41-bc8a-447e-85ed-77374a2ee0a6,4ade0b33-0cdf-492b-a717-e58b4e4ab44f,ccbdd958-d438-4732-8187-1c97cedb1f0d,->,3d052f41-bc8a-447e-85ed-77374a2ee0a6,fb0844c9-e20e-4291-b8f1-ccfabe9e7077,929a7ad0-9402-440d-bcdc-ce15ece423c5
3d052f41-bc8a-447e-85ed-77374a2ee0a6,4ade0b33-0cdf-492b-a717-e58b4e4ab44f,ccbdd958-d438-4732-8187-1c97cedb1f0d,->,3d052f41-bc8a-447e-85ed-77374a2ee0a6,com/golden/gamedev/object/Sprite.java,getX
3d052f41-bc8a-447e-85ed-77374a2ee0a6,4ade0b33-0cdf-492b-a717-e58b4e4ab44f,ccbdd958-d438-4732-8187-1c97cedb1f0d,->,3d052f41-bc8a-447e-85ed-77374a2ee0a6,fb0844c9-e20e-4291-b8f1-ccfabe9e7077,929a7ad0-9402-440d-bcdc-ce15ece423c5
3d052f41-bc8a-447e-85ed-77374a2ee0a6,4ade0b33-0cdf-492b-a717-e58b4e4ab44f,ccbdd958-d438-4732-8187-1c97cedb1f0d,->,3d052f41-bc8a-447e-85ed-77374a2ee0a6,com/golden/gamedev/object/Sprite.java,getY
3d052f41-bc8a-447e-85ed-77374a2ee0a6,4ade0b33-0cdf-492b-a717-e58b4e4ab44f,08aa872c-fd89-4e6e-9135-1c6fed99aa02,->,3d052f41-bc8a-447e-85ed-77374a2ee0a6,fb0844c9-e20e-4291-b8f1-ccfabe9e7077,929a7ad0-9402-440d-bcdc-ce15ece423c5
3d052f41-bc8a-447e-85ed-77374a2ee0a6,4ade0b33-0cdf-492b-a717-e58b4e4ab44f,08aa872c-fd89-4e6e-9135-1c6fed99aa02,->,3d052f41-bc8a-447e-85ed-77374a2ee0a6,java/awt/Point.java,getX
3d052f41-bc8a-447e-85ed-77374a2ee0a6,4ade0b33-0cdf-492b-a717-e58b4e4ab44f,08aa872c-fd89-4e6e-9135-1c6fed99aa02,->,3d052f41-bc8a-447e-85ed-77374a2ee0a6,com/golden/gamedev/object/Sprite.java,setX
3d052f41-bc8a-447e-85ed-77374a2ee0a6,4ade0b33-0cdf-492b-a717-e58b4e4ab44f,08aa872c-fd89-4e6e-9135-1c6fed99aa02,->,3d052f41-bc8a-447e-85ed-77374a2ee0a6,fb0844c9-e20e-4291-b8f1-ccfabe9e7077,929a7ad0-9402-440d-bcdc-ce15ece423c5
3d052f41-bc8a-447e-85ed-77374a2ee0a6,4ade0b33-0cdf-492b-a717-e58b4e4ab44f,08aa872c-fd89-4e6e-9135-1c6fed99aa02,->,3d052f41-bc8a-447e-85ed-77374a2ee0a6,java/awt/Point.java,getY
3d052f41-bc8a-447e-85ed-77374a2ee0a6,4ade0b33-0cdf-492b-a717-e58b4e4ab44f,08aa872c-fd89-4e6e-9135-1c6fed99aa02,->,3d052f41-bc8a-447e-85ed-77374a2ee0a6,com/golden/gamedev/object/Sprite.java,setY
3d052f41-bc8a-447e-85ed-77374a2ee0a6,4ade0b33-0cdf-492b-a717-e58b4e4ab44f,87103267-7021-416f-8a8e-b72b4f2d968a,->,3d052f41-bc8a-447e-85ed-77374a2ee0a6,fb0844c9-e20e-4291-b8f1-ccfabe9e7077,929a7ad0-9402-440d-bcdc-ce15ece423c5
3d052f41-bc8a-447e-85ed-77374a2ee0a6,4ade0b33-0cdf-492b-a717-e58b4e4ab44f,87103267-7021-416f-8a8e-b72b4f2d968a,->,3d052f41-bc8a-447e-85ed-77374a2ee0a6,com/golden/gamedev/object/Sprite.java,getHeight
3d052f41-bc8a-447e-85ed-77374a2ee0a6,4ade0b33-0cdf-492b-a717-e58b4e4ab44f,87103267-7021-416f-8a8e-b72b4f2d968a,->,3d052f41-bc8a-447e-85ed-77374a2ee0a6,fb0844c9-e20e-4291-b8f1-ccfabe9e7077,929a7ad0-9402-440d-bcdc-ce15ece423c5
3d052f41-bc8a-447e-85ed-77374a2ee0a6,4ade0b33-0cdf-492b-a717-e58b4e4ab44f,87103267-7021-416f-8a8e-b72b4f2d968a,->,3d052f41-bc8a-447e-85ed-77374a2ee0a6,com/golden/gamedev/object/Sprite.java,getWidth
3d052f41-bc8a-447e-85ed-77374a2ee0a6,4ade0b33-0cdf-492b-a717-e58b4e4ab44f,35666e45-356f-4de7-8fd9-4a010c6cb02c,->,3d052f41-bc8a-447e-85ed-77374a2ee0a6,fb0844c9-e20e-4291-b8f1-ccfabe9e7077,929a7ad0-9402-440d-bcdc-ce15ece423c5
3d052f41-bc8a-447e-85ed-77374a2ee0a6,4ade0b33-0cdf-492b-a717-e58b4e4ab44f,a44b38e0-a3f5-4226-827b-253d21e564d9,->,3d052f41-bc8a-447e-85ed-77374a2ee0a6,fb0844c9-e20e-4291-b8f1-ccfabe9e7077,929a7ad0-9402-440d-bcdc-ce15ece423c5
3d052f41-bc8a-447e-85ed-77374a2ee0a6,4ade0b33-0cdf-492b-a717-e58b4e4ab44f,a44b38e0-a3f5-4226-827b-253d21e564d9,->,3d052f41-bc8a-447e-85ed-77374a2ee0a6,com/golden/gamedev/object/Sprite.java,getHorizontalSpeed
3d052f41-bc8a-447e-85ed-77374a2ee0a6,4ade0b33-0cdf-492b-a717-e58b4e4ab44f,a44b38e0-a3f5-4226-827b-253d21e564d9,->,3d052f41-bc8a-447e-85ed-77374a2ee0a6,fb0844c9-e20e-4291-b8f1-ccfabe9e7077,929a7ad0-9402-440d-bcdc-ce15ece423c5
3d052f41-bc8a-447e-85ed-77374a2ee0a6,4ade0b33-0cdf-492b-a717-e58b4e4ab44f,a44b38e0-a3f5-4226-827b-253d21e564d9,->,3d052f41-bc8a-447e-85ed-77374a2ee0a6,com/golden/gamedev/object/Sprite.java,getHorizontalSpeed
3d052f41-bc8a-447e-85ed-77374a2ee0a6,4ade0b33-0cdf-492b-a717-e58b4e4ab44f,a44b38e0-a3f5-4226-827b-253d21e564d9,->,3d052f41-bc8a-447e-85ed-77374a2ee0a6,fb0844c9-e20e-4291-b8f1-ccfabe9e7077,929a7ad0-9402-440d-bcdc-ce15ece423c5
3d052f41-bc8a-447e-85ed-77374a2ee0a6,4ade0b33-0cdf-492b-a717-e58b4e4ab44f,a44b38e0-a3f5-4226-827b-253d21e564d9,->,3d052f41-bc8a-447e-85ed-77374a2ee0a6,com/golden/gamedev/object/Sprite.java,getVerticalSpeed
3d052f41-bc8a-447e-85ed-77374a2ee0a6,4ade0b33-0cdf-492b-a717-e58b4e4ab44f,425daee4-f566-4b36-91c3-9d3eeeea84d1,->,3d052f41-bc8a-447e-85ed-77374a2ee0a6,4ade0b33-0cdf-492b-a717-e58b4e4ab44f,40316f0c-71d3-4b1a-863f-016e747878b9
3d052f41-bc8a-447e-85ed-77374a2ee0a6,4ade0b33-0cdf-492b-a717-e58b4e4ab44f,425daee4-f566-4b36-91c3-9d3eeeea84d1,->,3d052f41-bc8a-447e-85ed-77374a2ee0a6,9d4851c4-6e32-4d0e-8c63-332f8a325b1c,"55d5c5ac-1c9f-4ca1-b396-15827a8da8af,ea4dbd50-6f3c-42a8-b9aa-7544a73a2eae"
3d052f41-bc8a-447e-85ed-77374a2ee0a6,4ade0b33-0cdf-492b-a717-e58b4e4ab44f,425daee4-f566-4b36-91c3-9d3eeeea84d1,->,3d052f41-bc8a-447e-85ed-77374a2ee0a6,095f9dee-ed05-47b3-a494-483f1edf0cfa,ebf53926-195e-4ef8-9b04-82c6505342bc
3d052f41-bc8a-447e-85ed-77374a2ee0a6,4ade0b33-0cdf-492b-a717-e58b4e4ab44f,425daee4-f566-4b36-91c3-9d3eeeea84d1,->,3d052f41-bc8a-447e-85ed-77374a2ee0a6,4ade0b33-0cdf-492b-a717-e58b4e4ab44f,1cc7a386-6018-4022-b251-bdda8ef5c4dc
3d052f41-bc8a-447e-85ed-77374a2ee0a6,4ade0b33-0cdf-492b-a717-e58b4e4ab44f,425daee4-f566-4b36-91c3-9d3eeeea84d1,->,3d052f41-bc8a-447e-85ed-77374a2ee0a6,095f9dee-ed05-47b3-a494-483f1edf0cfa,ebf53926-195e-4ef8-9b04-82c6505342bc
3d052f41-bc8a-447e-85ed-77374a2ee0a6,4ade0b33-0cdf-492b-a717-e58b4e4ab44f,425daee4-f566-4b36-91c3-9d3eeeea84d1,->,3d052f41-bc8a-447e-85ed-77374a2ee0a6,4ade0b33-0cdf-492b-a717-e58b4e4ab44f,1cc7a386-6018-4022-b251-bdda8ef5c4dc
3d052f41-bc8a-447e-85ed-77374a2ee0a6,4ade0b33-0cdf-492b-a717-e58b4e4ab44f,a805f959-eede-4fb6-8fb0-fa2f486f27b5,->,3d052f41-bc8a-447e-85ed-77374a2ee0a6,fb0844c9-e20e-4291-b8f1-ccfabe9e7077,929a7ad0-9402-440d-bcdc-ce15ece423c5
3d052f41-bc8a-447e-85ed-77374a2ee0a6,4ade0b33-0cdf-492b-a717-e58b4e4ab44f,a805f959-eede-4fb6-8fb0-fa2f486f27b5,->,3d052f41-bc8a-447e-85ed-77374a2ee0a6,9af524cf-3d7b-41c5-a351-a1a522f91afb,b283a1ad-24b4-4296-999c-27c7eae2e4a5
3d052f41-bc8a-447e-85ed-77374a2ee0a6,4ade0b33-0cdf-492b-a717-e58b4e4ab44f,a805f959-eede-4fb6-8fb0-fa2f486f27b5,->,3d052f41-bc8a-447e-85ed-77374a2ee0a6,9af524cf-3d7b-41c5-a351-a1a522f91afb,16d5c68b-51e0-455a-8d84-1247d46c197a
3d052f41-bc8a-447e-85ed-77374a2ee0a6,4ade0b33-0cdf-492b-a717-e58b4e4ab44f,a805f959-eede-4fb6-8fb0-fa2f486f27b5,->,3d052f41-bc8a-447e-85ed-77374a2ee0a6,com/golden/gamedev/object/Sprite.java,setSpeed
3d052f41-bc8a-447e-85ed-77374a2ee0a6,4ade0b33-0cdf-492b-a717-e58b4e4ab44f,8160cf0d-abd2-419b-8e4e-994a56e6e190,->,3d052f41-bc8a-447e-85ed-77374a2ee0a6,4ade0b33-0cdf-492b-a717-e58b4e4ab44f,a44b38e0-a3f5-4226-827b-253d21e564d9
3d052f41-bc8a-447e-85ed-77374a2ee0a6,4ade0b33-0cdf-492b-a717-e58b4e4ab44f,8160cf0d-abd2-419b-8e4e-994a56e6e190,->,3d052f41-bc8a-447e-85ed-77374a2ee0a6,9af524cf-3d7b-41c5-a351-a1a522f91afb,9a05159a-2207-4136-a441-54f220bd6026
3d052f41-bc8a-447e-85ed-77374a2ee0a6,4ade0b33-0cdf-492b-a717-e58b4e4ab44f,8160cf0d-abd2-419b-8e4e-994a56e6e190,->,3d052f41-bc8a-447e-85ed-77374a2ee0a6,4ade0b33-0cdf-492b-a717-e58b4e4ab44f,a805f959-eede-4fb6-8fb0-fa2f486f27b5
3d052f41-bc8a-447e-85ed-77374a2ee0a6,4ade0b33-0cdf-492b-a717-e58b4e4ab44f,8160cf0d-abd2-419b-8e4e-994a56e6e190,->,3d052f41-bc8a-447e-85ed-77374a2ee0a6,4ade0b33-0cdf-492b-a717-e58b4e4ab44f,ccbdd958-d438-4732-8187-1c97cedb1f0d
3d052f41-bc8a-447e-85ed-77374a2ee0a6,4ade0b33-0cdf-492b-a717-e58b4e4ab44f,8160cf0d-abd2-419b-8e4e-994a56e6e190,->,3d052f41-bc8a-447e-85ed-77374a2ee0a6,4ade0b33-0cdf-492b-a717-e58b4e4ab44f,08aa872c-fd89-4e6e-9135-1c6fed99aa02
3d052f41-bc8a-447e-85ed-77374a2ee0a6,4ade0b33-0cdf-492b-a717-e58b4e4ab44f,feec30cf-4b42-4e0c-a31a-46fb852ab5c4,->,3d052f41-bc8a-447e-85ed-77374a2ee0a6,4ade0b33-0cdf-492b-a717-e58b4e4ab44f,ccbdd958-d438-4732-8187-1c97cedb1f0d
3d052f41-bc8a-447e-85ed-77374a2ee0a6,4ade0b33-0cdf-492b-a717-e58b4e4ab44f,feec30cf-4b42-4e0c-a31a-46fb852ab5c4,->,3d052f41-bc8a-447e-85ed-77374a2ee0a6,4ade0b33-0cdf-492b-a717-e58b4e4ab44f,ccbdd958-d438-4732-8187-1c97cedb1f0d
3d052f41-bc8a-447e-85ed-77374a2ee0a6,4ade0b33-0cdf-492b-a717-e58b4e4ab44f,feec30cf-4b42-4e0c-a31a-46fb852ab5c4,->,3d052f41-bc8a-447e-85ed-77374a2ee0a6,4ade0b33-0cdf-492b-a717-e58b4e4ab44f,ccbdd958-d438-4732-8187-1c97cedb1f0d
3d052f41-bc8a-447e-85ed-77374a2ee0a6,4ade0b33-0cdf-492b-a717-e58b4e4ab44f,feec30cf-4b42-4e0c-a31a-46fb852ab5c4,->,3d052f41-bc8a-447e-85ed-77374a2ee0a6,4ade0b33-0cdf-492b-a717-e58b4e4ab44f,ccbdd958-d438-4732-8187-1c97cedb1f0d
3d052f41-bc8a-447e-85ed-77374a2ee0a6,4ade0b33-0cdf-492b-a717-e58b4e4ab44f,feec30cf-4b42-4e0c-a31a-46fb852ab5c4,->,3d052f41-bc8a-447e-85ed-77374a2ee0a6,4ade0b33-0cdf-492b-a717-e58b4e4ab44f,ccbdd958-d438-4732-8187-1c97cedb1f0d
3d052f41-bc8a-447e-85ed-77374a2ee0a6,4ade0b33-0cdf-492b-a717-e58b4e4ab44f,feec30cf-4b42-4e0c-a31a-46fb852ab5c4,->,3d052f41-bc8a-447e-85ed-77374a2ee0a6,4ade0b33-0cdf-492b-a717-e58b4e4ab44f,87103267-7021-416f-8a8e-b72b4f2d968a
3d052f41-bc8a-447e-85ed-77374a2ee0a6,4ade0b33-0cdf-492b-a717-e58b4e4ab44f,feec30cf-4b42-4e0c-a31a-46fb852ab5c4,->,3d052f41-bc8a-447e-85ed-77374a2ee0a6,3198f7a7-76eb-4657-95cf-d31509a0d1a8,333d43b2-032b-4afa-9766-91ed33157e34
3d052f41-bc8a-447e-85ed-77374a2ee0a6,4ade0b33-0cdf-492b-a717-e58b4e4ab44f,feec30cf-4b42-4e0c-a31a-46fb852ab5c4,->,3d052f41-bc8a-447e-85ed-77374a2ee0a6,4ade0b33-0cdf-492b-a717-e58b4e4ab44f,87103267-7021-416f-8a8e-b72b4f2d968a
3d052f41-bc8a-447e-85ed-77374a2ee0a6,4ade0b33-0cdf-492b-a717-e58b4e4ab44f,feec30cf-4b42-4e0c-a31a-46fb852ab5c4,->,3d052f41-bc8a-447e-85ed-77374a2ee0a6,3198f7a7-76eb-4657-95cf-d31509a0d1a8,333d43b2-032b-4afa-9766-91ed33157e34
3d052f41-bc8a-447e-85ed-77374a2ee0a6,4ade0b33-0cdf-492b-a717-e58b4e4ab44f,feec30cf-4b42-4e0c-a31a-46fb852ab5c4,->,3d052f41-bc8a-447e-85ed-77374a2ee0a6,4ade0b33-0cdf-492b-a717-e58b4e4ab44f,08aa872c-fd89-4e6e-9135-1c6fed99aa02
3d052f41-bc8a-447e-85ed-77374a2ee0a6,4ade0b33-0cdf-492b-a717-e58b4e4ab44f,58cadf95-5ebe-471b-9508-14eeb2732f92,->,3d052f41-bc8a-447e-85ed-77374a2ee0a6,4ade0b33-0cdf-492b-a717-e58b4e4ab44f,58cadf95-5ebe-471b-9508-14eeb2732f92
3d052f41-bc8a-447e-85ed-77374a2ee0a6,48784453-1fda-4d7f-868c-edc910d4a4ca,d8d0efd5-afbe-487b-ae5d-0a165af1480a,->,3d052f41-bc8a-447e-85ed-77374a2ee0a6,java/io/PrintStream.java,println
3d052f41-bc8a-447e-85ed-77374a2ee0a6,48784453-1fda-4d7f-868c-edc910d4a4ca,d8d0efd5-afbe-487b-ae5d-0a165af1480a,->,3d052f41-bc8a-447e-85ed-77374a2ee0a6,javax/imageio/ImageIO.java,read
3d052f41-bc8a-447e-85ed-77374a2ee0a6,48784453-1fda-4d7f-868c-edc910d4a4ca,d8d0efd5-afbe-487b-ae5d-0a165af1480a,->,3d052f41-bc8a-447e-85ed-77374a2ee0a6,javax/imageio/ImageIO.java,read
3d052f41-bc8a-447e-85ed-77374a2ee0a6,48784453-1fda-4d7f-868c-edc910d4a4ca,d8d0efd5-afbe-487b-ae5d-0a165af1480a,->,3d052f41-bc8a-447e-85ed-77374a2ee0a6,fb0844c9-e20e-4291-b8f1-ccfabe9e7077,4d9810ff-57c8-4f7d-94ed-7ff2cd9f814a
3d052f41-bc8a-447e-85ed-77374a2ee0a6,48784453-1fda-4d7f-868c-edc910d4a4ca,d8d0efd5-afbe-487b-ae5d-0a165af1480a,->,3d052f41-bc8a-447e-85ed-77374a2ee0a6,fb0844c9-e20e-4291-b8f1-ccfabe9e7077,4d9810ff-57c8-4f7d-94ed-7ff2cd9f814a
3d052f41-bc8a-447e-85ed-77374a2ee0a6,48784453-1fda-4d7f-868c-edc910d4a4ca,d8d0efd5-afbe-487b-ae5d-0a165af1480a,->,3d052f41-bc8a-447e-85ed-77374a2ee0a6,4ade0b33-0cdf-492b-a717-e58b4e4ab44f,a805f959-eede-4fb6-8fb0-fa2f486f27b5
3d052f41-bc8a-447e-85ed-77374a2ee0a6,48784453-1fda-4d7f-868c-edc910d4a4ca,d8d0efd5-afbe-487b-ae5d-0a165af1480a,->,3d052f41-bc8a-447e-85ed-77374a2ee0a6,4ade0b33-0cdf-492b-a717-e58b4e4ab44f,a805f959-eede-4fb6-8fb0-fa2f486f27b5
3d052f41-bc8a-447e-85ed-77374a2ee0a6,48784453-1fda-4d7f-868c-edc910d4a4ca,d8d0efd5-afbe-487b-ae5d-0a165af1480a,->,3d052f41-bc8a-447e-85ed-77374a2ee0a6,4ade0b33-0cdf-492b-a717-e58b4e4ab44f,425daee4-f566-4b36-91c3-9d3eeeea84d1
3d052f41-bc8a-447e-85ed-77374a2ee0a6,48784453-1fda-4d7f-868c-edc910d4a4ca,d8d0efd5-afbe-487b-ae5d-0a165af1480a,->,3d052f41-bc8a-447e-85ed-77374a2ee0a6,4ade0b33-0cdf-492b-a717-e58b4e4ab44f,a44b38e0-a3f5-4226-827b-253d21e564d9
3d052f41-bc8a-447e-85ed-77374a2ee0a6,48784453-1fda-4d7f-868c-edc910d4a4ca,d8d0efd5-afbe-487b-ae5d-0a165af1480a,->,3d052f41-bc8a-447e-85ed-77374a2ee0a6,org/junit/Assert.java,assertEquals
3d052f41-bc8a-447e-85ed-77374a2ee0a6,48784453-1fda-4d7f-868c-edc910d4a4ca,d0e83d2d-7a31-45c3-a5f5-a45def4b8940,->,3d052f41-bc8a-447e-85ed-77374a2ee0a6,java/io/PrintStream.java,println
3d052f41-bc8a-447e-85ed-77374a2ee0a6,48784453-1fda-4d7f-868c-edc910d4a4ca,d0e83d2d-7a31-45c3-a5f5-a45def4b8940,->,3d052f41-bc8a-447e-85ed-77374a2ee0a6,javax/imageio/ImageIO.java,read
3d052f41-bc8a-447e-85ed-77374a2ee0a6,48784453-1fda-4d7f-868c-edc910d4a4ca,d0e83d2d-7a31-45c3-a5f5-a45def4b8940,->,3d052f41-bc8a-447e-85ed-77374a2ee0a6,javax/imageio/ImageIO.java,read
3d052f41-bc8a-447e-85ed-77374a2ee0a6,48784453-1fda-4d7f-868c-edc910d4a4ca,d0e83d2d-7a31-45c3-a5f5-a45def4b8940,->,3d052f41-bc8a-447e-85ed-77374a2ee0a6,fb0844c9-e20e-4291-b8f1-ccfabe9e7077,4d9810ff-57c8-4f7d-94ed-7ff2cd9f814a
3d052f41-bc8a-447e-85ed-77374a2ee0a6,48784453-1fda-4d7f-868c-edc910d4a4ca,d0e83d2d-7a31-45c3-a5f5-a45def4b8940,->,3d052f41-bc8a-447e-85ed-77374a2ee0a6,fb0844c9-e20e-4291-b8f1-ccfabe9e7077,4d9810ff-57c8-4f7d-94ed-7ff2cd9f814a
3d052f41-bc8a-447e-85ed-77374a2ee0a6,48784453-1fda-4d7f-868c-edc910d4a4ca,d0e83d2d-7a31-45c3-a5f5-a45def4b8940,->,3d052f41-bc8a-447e-85ed-77374a2ee0a6,4ade0b33-0cdf-492b-a717-e58b4e4ab44f,a805f959-eede-4fb6-8fb0-fa2f486f27b5
3d052f41-bc8a-447e-85ed-77374a2ee0a6,48784453-1fda-4d7f-868c-edc910d4a4ca,d0e83d2d-7a31-45c3-a5f5-a45def4b8940,->,3d052f41-bc8a-447e-85ed-77374a2ee0a6,4ade0b33-0cdf-492b-a717-e58b4e4ab44f,a805f959-eede-4fb6-8fb0-fa2f486f27b5
3d052f41-bc8a-447e-85ed-77374a2ee0a6,48784453-1fda-4d7f-868c-edc910d4a4ca,d0e83d2d-7a31-45c3-a5f5-a45def4b8940,->,3d052f41-bc8a-447e-85ed-77374a2ee0a6,4ade0b33-0cdf-492b-a717-e58b4e4ab44f,40316f0c-71d3-4b1a-863f-016e747878b9
3d052f41-bc8a-447e-85ed-77374a2ee0a6,48784453-1fda-4d7f-868c-edc910d4a4ca,d0e83d2d-7a31-45c3-a5f5-a45def4b8940,->,3d052f41-bc8a-447e-85ed-77374a2ee0a6,4ade0b33-0cdf-492b-a717-e58b4e4ab44f,a44b38e0-a3f5-4226-827b-253d21e564d9
3d052f41-bc8a-447e-85ed-77374a2ee0a6,48784453-1fda-4d7f-868c-edc910d4a4ca,d0e83d2d-7a31-45c3-a5f5-a45def4b8940,->,3d052f41-bc8a-447e-85ed-77374a2ee0a6,org/junit/Assert.java,assertEquals
3d052f41-bc8a-447e-85ed-77374a2ee0a6,48784453-1fda-4d7f-868c-edc910d4a4ca,63099870-443e-4a96-958f-a2d695d86d57,->,3d052f41-bc8a-447e-85ed-77374a2ee0a6,java/io/PrintStream.java,println
3d052f41-bc8a-447e-85ed-77374a2ee0a6,48784453-1fda-4d7f-868c-edc910d4a4ca,63099870-443e-4a96-958f-a2d695d86d57,->,3d052f41-bc8a-447e-85ed-77374a2ee0a6,javax/imageio/ImageIO.java,read
3d052f41-bc8a-447e-85ed-77374a2ee0a6,48784453-1fda-4d7f-868c-edc910d4a4ca,63099870-443e-4a96-958f-a2d695d86d57,->,3d052f41-bc8a-447e-85ed-77374a2ee0a6,javax/imageio/ImageIO.java,read
3d052f41-bc8a-447e-85ed-77374a2ee0a6,48784453-1fda-4d7f-868c-edc910d4a4ca,63099870-443e-4a96-958f-a2d695d86d57,->,3d052f41-bc8a-447e-85ed-77374a2ee0a6,fb0844c9-e20e-4291-b8f1-ccfabe9e7077,4d9810ff-57c8-4f7d-94ed-7ff2cd9f814a
3d052f41-bc8a-447e-85ed-77374a2ee0a6,48784453-1fda-4d7f-868c-edc910d4a4ca,63099870-443e-4a96-958f-a2d695d86d57,->,3d052f41-bc8a-447e-85ed-77374a2ee0a6,fb0844c9-e20e-4291-b8f1-ccfabe9e7077,4d9810ff-57c8-4f7d-94ed-7ff2cd9f814a
3d052f41-bc8a-447e-85ed-77374a2ee0a6,48784453-1fda-4d7f-868c-edc910d4a4ca,63099870-443e-4a96-958f-a2d695d86d57,->,3d052f41-bc8a-447e-85ed-77374a2ee0a6,arcanoid/model/Racket.java,setSpeed
3d052f41-bc8a-447e-85ed-77374a2ee0a6,48784453-1fda-4d7f-868c-edc910d4a4ca,63099870-443e-4a96-958f-a2d695d86d57,->,3d052f41-bc8a-447e-85ed-77374a2ee0a6,arcanoid/model/Ball.java,setSpeed
3d052f41-bc8a-447e-85ed-77374a2ee0a6,48784453-1fda-4d7f-868c-edc910d4a4ca,63099870-443e-4a96-958f-a2d695d86d57,->,3d052f41-bc8a-447e-85ed-77374a2ee0a6,arcanoid/model/Ball.java,handleCollision
3d052f41-bc8a-447e-85ed-77374a2ee0a6,48784453-1fda-4d7f-868c-edc910d4a4ca,63099870-443e-4a96-958f-a2d695d86d57,->,3d052f41-bc8a-447e-85ed-77374a2ee0a6,arcanoid/model/Ball.java,speed
3d052f41-bc8a-447e-85ed-77374a2ee0a6,48784453-1fda-4d7f-868c-edc910d4a4ca,63099870-443e-4a96-958f-a2d695d86d57,->,3d052f41-bc8a-447e-85ed-77374a2ee0a6,org/junit/Assert.java,assertEquals
3d052f41-bc8a-447e-85ed-77374a2ee0a6,48784453-1fda-4d7f-868c-edc910d4a4ca,73ce17f9-aae5-49a1-bf98-a7ba85a63a92,->,3d052f41-bc8a-447e-85ed-77374a2ee0a6,java/io/PrintStream.java,println
3d052f41-bc8a-447e-85ed-77374a2ee0a6,48784453-1fda-4d7f-868c-edc910d4a4ca,73ce17f9-aae5-49a1-bf98-a7ba85a63a92,->,3d052f41-bc8a-447e-85ed-77374a2ee0a6,4e890c1d-14c2-4e50-ac5c-e55513c59b15,"be54fdbe-1dad-435b-a9a4-28520ca8f98e,36cbbb3a-607e-4273-b092-e50a783eea43"
3d052f41-bc8a-447e-85ed-77374a2ee0a6,48784453-1fda-4d7f-868c-edc910d4a4ca,73ce17f9-aae5-49a1-bf98-a7ba85a63a92,->,3d052f41-bc8a-447e-85ed-77374a2ee0a6,arcanoid/model/Ball.java,setSpeed
3d052f41-bc8a-447e-85ed-77374a2ee0a6,48784453-1fda-4d7f-868c-edc910d4a4ca,73ce17f9-aae5-49a1-bf98-a7ba85a63a92,->,3d052f41-bc8a-447e-85ed-77374a2ee0a6,arcanoid/model/Ball.java,handleCollision
3d052f41-bc8a-447e-85ed-77374a2ee0a6,48784453-1fda-4d7f-868c-edc910d4a4ca,73ce17f9-aae5-49a1-bf98-a7ba85a63a92,->,3d052f41-bc8a-447e-85ed-77374a2ee0a6,4e890c1d-14c2-4e50-ac5c-e55513c59b15,6a68a608-ab28-42f0-8cbc-8f78c76934ae
3d052f41-bc8a-447e-85ed-77374a2ee0a6,48784453-1fda-4d7f-868c-edc910d4a4ca,73ce17f9-aae5-49a1-bf98-a7ba85a63a92,->,3d052f41-bc8a-447e-85ed-77374a2ee0a6,org/junit/Assert.java,assertFalse
3d052f41-bc8a-447e-85ed-77374a2ee0a6,48784453-1fda-4d7f-868c-edc910d4a4ca,2d427fb0-3f87-4f3f-ac93-ca4cc2824e3b,->,3d052f41-bc8a-447e-85ed-77374a2ee0a6,java/io/PrintStream.java,println
3d052f41-bc8a-447e-85ed-77374a2ee0a6,48784453-1fda-4d7f-868c-edc910d4a4ca,2d427fb0-3f87-4f3f-ac93-ca4cc2824e3b,->,3d052f41-bc8a-447e-85ed-77374a2ee0a6,fb0844c9-e20e-4291-b8f1-ccfabe9e7077,4d9810ff-57c8-4f7d-94ed-7ff2cd9f814a
3d052f41-bc8a-447e-85ed-77374a2ee0a6,48784453-1fda-4d7f-868c-edc910d4a4ca,2d427fb0-3f87-4f3f-ac93-ca4cc2824e3b,->,3d052f41-bc8a-447e-85ed-77374a2ee0a6,fb0844c9-e20e-4291-b8f1-ccfabe9e7077,4d9810ff-57c8-4f7d-94ed-7ff2cd9f814a
3d052f41-bc8a-447e-85ed-77374a2ee0a6,48784453-1fda-4d7f-868c-edc910d4a4ca,2d427fb0-3f87-4f3f-ac93-ca4cc2824e3b,->,3d052f41-bc8a-447e-85ed-77374a2ee0a6,arcanoid/model/Ball.java,setSpeed
3d052f41-bc8a-447e-85ed-77374a2ee0a6,48784453-1fda-4d7f-868c-edc910d4a4ca,2d427fb0-3f87-4f3f-ac93-ca4cc2824e3b,->,3d052f41-bc8a-447e-85ed-77374a2ee0a6,e122d8a2-c2c4-42d7-88d1-ab6a3756ea3b,ad6cbddc-facc-4655-af45-3891e8d785ea
3d052f41-bc8a-447e-85ed-77374a2ee0a6,48784453-1fda-4d7f-868c-edc910d4a4ca,2d427fb0-3f87-4f3f-ac93-ca4cc2824e3b,->,3d052f41-bc8a-447e-85ed-77374a2ee0a6,arcanoid/model/Ball.java,handleCollision
3d052f41-bc8a-447e-85ed-77374a2ee0a6,48784453-1fda-4d7f-868c-edc910d4a4ca,2d427fb0-3f87-4f3f-ac93-ca4cc2824e3b,->,3d052f41-bc8a-447e-85ed-77374a2ee0a6,arcanoid/model/DestroyableBrick.java,position
3d052f41-bc8a-447e-85ed-77374a2ee0a6,48784453-1fda-4d7f-868c-edc910d4a4ca,2d427fb0-3f87-4f3f-ac93-ca4cc2824e3b,->,3d052f41-bc8a-447e-85ed-77374a2ee0a6,arcanoid/model/Ball.java,handleCollision
3d052f41-bc8a-447e-85ed-77374a2ee0a6,48784453-1fda-4d7f-868c-edc910d4a4ca,2d427fb0-3f87-4f3f-ac93-ca4cc2824e3b,->,3d052f41-bc8a-447e-85ed-77374a2ee0a6,arcanoid/model/Ball.java,speed
3d052f41-bc8a-447e-85ed-77374a2ee0a6,48784453-1fda-4d7f-868c-edc910d4a4ca,2d427fb0-3f87-4f3f-ac93-ca4cc2824e3b,->,3d052f41-bc8a-447e-85ed-77374a2ee0a6,arcanoid/model/Ball.java,speed
3d052f41-bc8a-447e-85ed-77374a2ee0a6,48784453-1fda-4d7f-868c-edc910d4a4ca,2d427fb0-3f87-4f3f-ac93-ca4cc2824e3b,->,3d052f41-bc8a-447e-85ed-77374a2ee0a6,org/junit/Assert.java,assertEquals
3d052f41-bc8a-447e-85ed-77374a2ee0a6,48784453-1fda-4d7f-868c-edc910d4a4ca,cf2fb94c-44a1-45e2-8110-a3f9922dec3d,->,3d052f41-bc8a-447e-85ed-77374a2ee0a6,java/io/PrintStream.java,println
3d052f41-bc8a-447e-85ed-77374a2ee0a6,48784453-1fda-4d7f-868c-edc910d4a4ca,cf2fb94c-44a1-45e2-8110-a3f9922dec3d,->,3d052f41-bc8a-447e-85ed-77374a2ee0a6,javax/imageio/ImageIO.java,read
3d052f41-bc8a-447e-85ed-77374a2ee0a6,48784453-1fda-4d7f-868c-edc910d4a4ca,cf2fb94c-44a1-45e2-8110-a3f9922dec3d,->,3d052f41-bc8a-447e-85ed-77374a2ee0a6,javax/imageio/ImageIO.java,read
3d052f41-bc8a-447e-85ed-77374a2ee0a6,48784453-1fda-4d7f-868c-edc910d4a4ca,cf2fb94c-44a1-45e2-8110-a3f9922dec3d,->,3d052f41-bc8a-447e-85ed-77374a2ee0a6,fb0844c9-e20e-4291-b8f1-ccfabe9e7077,4d9810ff-57c8-4f7d-94ed-7ff2cd9f814a
3d052f41-bc8a-447e-85ed-77374a2ee0a6,48784453-1fda-4d7f-868c-edc910d4a4ca,cf2fb94c-44a1-45e2-8110-a3f9922dec3d,->,3d052f41-bc8a-447e-85ed-77374a2ee0a6,fb0844c9-e20e-4291-b8f1-ccfabe9e7077,4d9810ff-57c8-4f7d-94ed-7ff2cd9f814a
3d052f41-bc8a-447e-85ed-77374a2ee0a6,48784453-1fda-4d7f-868c-edc910d4a4ca,cf2fb94c-44a1-45e2-8110-a3f9922dec3d,->,3d052f41-bc8a-447e-85ed-77374a2ee0a6,arcanoid/model/Racket.java,setSpeed
3d052f41-bc8a-447e-85ed-77374a2ee0a6,48784453-1fda-4d7f-868c-edc910d4a4ca,cf2fb94c-44a1-45e2-8110-a3f9922dec3d,->,3d052f41-bc8a-447e-85ed-77374a2ee0a6,arcanoid/model/Ball.java,setSpeed
3d052f41-bc8a-447e-85ed-77374a2ee0a6,48784453-1fda-4d7f-868c-edc910d4a4ca,cf2fb94c-44a1-45e2-8110-a3f9922dec3d,->,3d052f41-bc8a-447e-85ed-77374a2ee0a6,arcanoid/model/Ball.java,handleCollision
3d052f41-bc8a-447e-85ed-77374a2ee0a6,48784453-1fda-4d7f-868c-edc910d4a4ca,cf2fb94c-44a1-45e2-8110-a3f9922dec3d,->,3d052f41-bc8a-447e-85ed-77374a2ee0a6,arcanoid/model/Racket.java,speed
3d052f41-bc8a-447e-85ed-77374a2ee0a6,48784453-1fda-4d7f-868c-edc910d4a4ca,cf2fb94c-44a1-45e2-8110-a3f9922dec3d,->,3d052f41-bc8a-447e-85ed-77374a2ee0a6,org/junit/Assert.java,assertEquals
3d052f41-bc8a-447e-85ed-77374a2ee0a6,48784453-1fda-4d7f-868c-edc910d4a4ca,64e65691-2e8b-449f-a2a3-b661349674ec,->,3d052f41-bc8a-447e-85ed-77374a2ee0a6,java/io/PrintStream.java,println
3d052f41-bc8a-447e-85ed-77374a2ee0a6,48784453-1fda-4d7f-868c-edc910d4a4ca,64e65691-2e8b-449f-a2a3-b661349674ec,->,3d052f41-bc8a-447e-85ed-77374a2ee0a6,fb0844c9-e20e-4291-b8f1-ccfabe9e7077,4d9810ff-57c8-4f7d-94ed-7ff2cd9f814a
3d052f41-bc8a-447e-85ed-77374a2ee0a6,48784453-1fda-4d7f-868c-edc910d4a4ca,64e65691-2e8b-449f-a2a3-b661349674ec,->,3d052f41-bc8a-447e-85ed-77374a2ee0a6,fb0844c9-e20e-4291-b8f1-ccfabe9e7077,4d9810ff-57c8-4f7d-94ed-7ff2cd9f814a
3d052f41-bc8a-447e-85ed-77374a2ee0a6,48784453-1fda-4d7f-868c-edc910d4a4ca,64e65691-2e8b-449f-a2a3-b661349674ec,->,3d052f41-bc8a-447e-85ed-77374a2ee0a6,arcanoid/model/Racket.java,setSpeed
3d052f41-bc8a-447e-85ed-77374a2ee0a6,48784453-1fda-4d7f-868c-edc910d4a4ca,64e65691-2e8b-449f-a2a3-b661349674ec,->,3d052f41-bc8a-447e-85ed-77374a2ee0a6,arcanoid/model/Ball.java,setSpeed
3d052f41-bc8a-447e-85ed-77374a2ee0a6,48784453-1fda-4d7f-868c-edc910d4a4ca,64e65691-2e8b-449f-a2a3-b661349674ec,->,3d052f41-bc8a-447e-85ed-77374a2ee0a6,arcanoid/model/Racket.java,handleCollision
3d052f41-bc8a-447e-85ed-77374a2ee0a6,48784453-1fda-4d7f-868c-edc910d4a4ca,64e65691-2e8b-449f-a2a3-b661349674ec,->,3d052f41-bc8a-447e-85ed-77374a2ee0a6,arcanoid/model/Racket.java,speed
3d052f41-bc8a-447e-85ed-77374a2ee0a6,48784453-1fda-4d7f-868c-edc910d4a4ca,64e65691-2e8b-449f-a2a3-b661349674ec,->,3d052f41-bc8a-447e-85ed-77374a2ee0a6,org/junit/Assert.java,assertEquals
3d052f41-bc8a-447e-85ed-77374a2ee0a6,48784453-1fda-4d7f-868c-edc910d4a4ca,382af185-c74a-4a16-9ebf-f1231c0fb037,->,3d052f41-bc8a-447e-85ed-77374a2ee0a6,java/io/PrintStream.java,println
3d052f41-bc8a-447e-85ed-77374a2ee0a6,48784453-1fda-4d7f-868c-edc910d4a4ca,382af185-c74a-4a16-9ebf-f1231c0fb037,->,3d052f41-bc8a-447e-85ed-77374a2ee0a6,arcanoid/model/Ball.java,setWeight
3d052f41-bc8a-447e-85ed-77374a2ee0a6,48784453-1fda-4d7f-868c-edc910d4a4ca,382af185-c74a-4a16-9ebf-f1231c0fb037,->,3d052f41-bc8a-447e-85ed-77374a2ee0a6,arcanoid/model/Ball.java,setSpeed
3d052f41-bc8a-447e-85ed-77374a2ee0a6,48784453-1fda-4d7f-868c-edc910d4a4ca,382af185-c74a-4a16-9ebf-f1231c0fb037,->,3d052f41-bc8a-447e-85ed-77374a2ee0a6,arcanoid/model/Swarm.java,handleCollision
3d052f41-bc8a-447e-85ed-77374a2ee0a6,48784453-1fda-4d7f-868c-edc910d4a4ca,382af185-c74a-4a16-9ebf-f1231c0fb037,->,3d052f41-bc8a-447e-85ed-77374a2ee0a6,86ff5c15-9d7f-41d3-82cd-c5114ef01cdc,05880a06-8226-44f7-aaeb-77bc53288aae
3d052f41-bc8a-447e-85ed-77374a2ee0a6,48784453-1fda-4d7f-868c-edc910d4a4ca,382af185-c74a-4a16-9ebf-f1231c0fb037,->,3d052f41-bc8a-447e-85ed-77374a2ee0a6,org/junit/Assert.java,assertEquals
3d052f41-bc8a-447e-85ed-77374a2ee0a6,48784453-1fda-4d7f-868c-edc910d4a4ca,15fe1cd8-5b50-405c-93a2-0feac4796c9b,->,3d052f41-bc8a-447e-85ed-77374a2ee0a6,java/io/PrintStream.java,println
3d052f41-bc8a-447e-85ed-77374a2ee0a6,48784453-1fda-4d7f-868c-edc910d4a4ca,15fe1cd8-5b50-405c-93a2-0feac4796c9b,->,3d052f41-bc8a-447e-85ed-77374a2ee0a6,arcanoid/model/Ball.java,setWeight
3d052f41-bc8a-447e-85ed-77374a2ee0a6,48784453-1fda-4d7f-868c-edc910d4a4ca,15fe1cd8-5b50-405c-93a2-0feac4796c9b,->,3d052f41-bc8a-447e-85ed-77374a2ee0a6,4e890c1d-14c2-4e50-ac5c-e55513c59b15,"be54fdbe-1dad-435b-a9a4-28520ca8f98e,36cbbb3a-607e-4273-b092-e50a783eea43"
3d052f41-bc8a-447e-85ed-77374a2ee0a6,48784453-1fda-4d7f-868c-edc910d4a4ca,15fe1cd8-5b50-405c-93a2-0feac4796c9b,->,3d052f41-bc8a-447e-85ed-77374a2ee0a6,4e890c1d-14c2-4e50-ac5c-e55513c59b15,"be54fdbe-1dad-435b-a9a4-28520ca8f98e,36cbbb3a-607e-4273-b092-e50a783eea43"
3d052f41-bc8a-447e-85ed-77374a2ee0a6,48784453-1fda-4d7f-868c-edc910d4a4ca,15fe1cd8-5b50-405c-93a2-0feac4796c9b,->,3d052f41-bc8a-447e-85ed-77374a2ee0a6,fb0844c9-e20e-4291-b8f1-ccfabe9e7077,4d9810ff-57c8-4f7d-94ed-7ff2cd9f814a
3d052f41-bc8a-447e-85ed-77374a2ee0a6,48784453-1fda-4d7f-868c-edc910d4a4ca,15fe1cd8-5b50-405c-93a2-0feac4796c9b,->,3d052f41-bc8a-447e-85ed-77374a2ee0a6,fb0844c9-e20e-4291-b8f1-ccfabe9e7077,4d9810ff-57c8-4f7d-94ed-7ff2cd9f814a
3d052f41-bc8a-447e-85ed-77374a2ee0a6,48784453-1fda-4d7f-868c-edc910d4a4ca,15fe1cd8-5b50-405c-93a2-0feac4796c9b,->,3d052f41-bc8a-447e-85ed-77374a2ee0a6,arcanoid/model/Ball.java,setSpeed
3d052f41-bc8a-447e-85ed-77374a2ee0a6,48784453-1fda-4d7f-868c-edc910d4a4ca,15fe1cd8-5b50-405c-93a2-0feac4796c9b,->,3d052f41-bc8a-447e-85ed-77374a2ee0a6,arcanoid/model/DestroyableBrick.java,handleCollision
3d052f41-bc8a-447e-85ed-77374a2ee0a6,48784453-1fda-4d7f-868c-edc910d4a4ca,15fe1cd8-5b50-405c-93a2-0feac4796c9b,->,3d052f41-bc8a-447e-85ed-77374a2ee0a6,4e890c1d-14c2-4e50-ac5c-e55513c59b15,6a68a608-ab28-42f0-8cbc-8f78c76934ae
3d052f41-bc8a-447e-85ed-77374a2ee0a6,48784453-1fda-4d7f-868c-edc910d4a4ca,15fe1cd8-5b50-405c-93a2-0feac4796c9b,->,3d052f41-bc8a-447e-85ed-77374a2ee0a6,org/junit/Assert.java,assertFalse
3d052f41-bc8a-447e-85ed-77374a2ee0a6,48784453-1fda-4d7f-868c-edc910d4a4ca,94f61cae-4503-49dd-a9ac-7f089ba87b00,->,3d052f41-bc8a-447e-85ed-77374a2ee0a6,java/io/PrintStream.java,println
3d052f41-bc8a-447e-85ed-77374a2ee0a6,48784453-1fda-4d7f-868c-edc910d4a4ca,94f61cae-4503-49dd-a9ac-7f089ba87b00,->,3d052f41-bc8a-447e-85ed-77374a2ee0a6,arcanoid/model/Ball.java,setWeight
3d052f41-bc8a-447e-85ed-77374a2ee0a6,48784453-1fda-4d7f-868c-edc910d4a4ca,94f61cae-4503-49dd-a9ac-7f089ba87b00,->,3d052f41-bc8a-447e-85ed-77374a2ee0a6,5aae3659-f02a-45ae-a61c-b39da6a860fe,09137eb3-a452-4c6a-9c67-7707769d97b7
3d052f41-bc8a-447e-85ed-77374a2ee0a6,48784453-1fda-4d7f-868c-edc910d4a4ca,94f61cae-4503-49dd-a9ac-7f089ba87b00,->,3d052f41-bc8a-447e-85ed-77374a2ee0a6,4e890c1d-14c2-4e50-ac5c-e55513c59b15,"be54fdbe-1dad-435b-a9a4-28520ca8f98e,36cbbb3a-607e-4273-b092-e50a783eea43"
3d052f41-bc8a-447e-85ed-77374a2ee0a6,48784453-1fda-4d7f-868c-edc910d4a4ca,94f61cae-4503-49dd-a9ac-7f089ba87b00,->,3d052f41-bc8a-447e-85ed-77374a2ee0a6,4e890c1d-14c2-4e50-ac5c-e55513c59b15,"be54fdbe-1dad-435b-a9a4-28520ca8f98e,36cbbb3a-607e-4273-b092-e50a783eea43"
3d052f41-bc8a-447e-85ed-77374a2ee0a6,48784453-1fda-4d7f-868c-edc910d4a4ca,94f61cae-4503-49dd-a9ac-7f089ba87b00,->,3d052f41-bc8a-447e-85ed-77374a2ee0a6,fb0844c9-e20e-4291-b8f1-ccfabe9e7077,4d9810ff-57c8-4f7d-94ed-7ff2cd9f814a
3d052f41-bc8a-447e-85ed-77374a2ee0a6,48784453-1fda-4d7f-868c-edc910d4a4ca,94f61cae-4503-49dd-a9ac-7f089ba87b00,->,3d052f41-bc8a-447e-85ed-77374a2ee0a6,fb0844c9-e20e-4291-b8f1-ccfabe9e7077,4d9810ff-57c8-4f7d-94ed-7ff2cd9f814a
3d052f41-bc8a-447e-85ed-77374a2ee0a6,48784453-1fda-4d7f-868c-edc910d4a4ca,94f61cae-4503-49dd-a9ac-7f089ba87b00,->,3d052f41-bc8a-447e-85ed-77374a2ee0a6,arcanoid/model/Ball.java,setSpeed
3d052f41-bc8a-447e-85ed-77374a2ee0a6,48784453-1fda-4d7f-868c-edc910d4a4ca,94f61cae-4503-49dd-a9ac-7f089ba87b00,->,3d052f41-bc8a-447e-85ed-77374a2ee0a6,arcanoid/model/DestroyableBrick.java,handleCollision
3d052f41-bc8a-447e-85ed-77374a2ee0a6,48784453-1fda-4d7f-868c-edc910d4a4ca,94f61cae-4503-49dd-a9ac-7f089ba87b00,->,3d052f41-bc8a-447e-85ed-77374a2ee0a6,4e890c1d-14c2-4e50-ac5c-e55513c59b15,6a68a608-ab28-42f0-8cbc-8f78c76934ae
3d052f41-bc8a-447e-85ed-77374a2ee0a6,48784453-1fda-4d7f-868c-edc910d4a4ca,94f61cae-4503-49dd-a9ac-7f089ba87b00,->,3d052f41-bc8a-447e-85ed-77374a2ee0a6,org/junit/Assert.java,assertFalse
3d052f41-bc8a-447e-85ed-77374a2ee0a6,48784453-1fda-4d7f-868c-edc910d4a4ca,9b9e91cf-9654-490a-9f4e-8f160dff1db3,->,3d052f41-bc8a-447e-85ed-77374a2ee0a6,java/io/PrintStream.java,println
3d052f41-bc8a-447e-85ed-77374a2ee0a6,48784453-1fda-4d7f-868c-edc910d4a4ca,9b9e91cf-9654-490a-9f4e-8f160dff1db3,->,3d052f41-bc8a-447e-85ed-77374a2ee0a6,arcanoid/model/Ball.java,setWeight
3d052f41-bc8a-447e-85ed-77374a2ee0a6,48784453-1fda-4d7f-868c-edc910d4a4ca,9b9e91cf-9654-490a-9f4e-8f160dff1db3,->,3d052f41-bc8a-447e-85ed-77374a2ee0a6,5aae3659-f02a-45ae-a61c-b39da6a860fe,09137eb3-a452-4c6a-9c67-7707769d97b7
3d052f41-bc8a-447e-85ed-77374a2ee0a6,48784453-1fda-4d7f-868c-edc910d4a4ca,9b9e91cf-9654-490a-9f4e-8f160dff1db3,->,3d052f41-bc8a-447e-85ed-77374a2ee0a6,fb0844c9-e20e-4291-b8f1-ccfabe9e7077,4d9810ff-57c8-4f7d-94ed-7ff2cd9f814a
3d052f41-bc8a-447e-85ed-77374a2ee0a6,48784453-1fda-4d7f-868c-edc910d4a4ca,9b9e91cf-9654-490a-9f4e-8f160dff1db3,->,3d052f41-bc8a-447e-85ed-77374a2ee0a6,fb0844c9-e20e-4291-b8f1-ccfabe9e7077,4d9810ff-57c8-4f7d-94ed-7ff2cd9f814a
3d052f41-bc8a-447e-85ed-77374a2ee0a6,48784453-1fda-4d7f-868c-edc910d4a4ca,9b9e91cf-9654-490a-9f4e-8f160dff1db3,->,3d052f41-bc8a-447e-85ed-77374a2ee0a6,arcanoid/model/Ball.java,setSpeed
3d052f41-bc8a-447e-85ed-77374a2ee0a6,48784453-1fda-4d7f-868c-edc910d4a4ca,9b9e91cf-9654-490a-9f4e-8f160dff1db3,->,3d052f41-bc8a-447e-85ed-77374a2ee0a6,arcanoid/model/DestroyableBrick.java,handleCollision
3d052f41-bc8a-447e-85ed-77374a2ee0a6,48784453-1fda-4d7f-868c-edc910d4a4ca,9b9e91cf-9654-490a-9f4e-8f160dff1db3,->,3d052f41-bc8a-447e-85ed-77374a2ee0a6,5aae3659-f02a-45ae-a61c-b39da6a860fe,dc6775ab-d758-4c98-91fc-59931854b95a
3d052f41-bc8a-447e-85ed-77374a2ee0a6,48784453-1fda-4d7f-868c-edc910d4a4ca,9b9e91cf-9654-490a-9f4e-8f160dff1db3,->,3d052f41-bc8a-447e-85ed-77374a2ee0a6,org/junit/Assert.java,assertEquals
3d052f41-bc8a-447e-85ed-77374a2ee0a6,48784453-1fda-4d7f-868c-edc910d4a4ca,66c6e818-39c9-4695-af87-47b27cfd0b4a,->,3d052f41-bc8a-447e-85ed-77374a2ee0a6,java/io/PrintStream.java,println
3d052f41-bc8a-447e-85ed-77374a2ee0a6,48784453-1fda-4d7f-868c-edc910d4a4ca,66c6e818-39c9-4695-af87-47b27cfd0b4a,->,3d052f41-bc8a-447e-85ed-77374a2ee0a6,arcanoid/model/Ball.java,setWeight
3d052f41-bc8a-447e-85ed-77374a2ee0a6,48784453-1fda-4d7f-868c-edc910d4a4ca,66c6e818-39c9-4695-af87-47b27cfd0b4a,->,3d052f41-bc8a-447e-85ed-77374a2ee0a6,fb0844c9-e20e-4291-b8f1-ccfabe9e7077,4d9810ff-57c8-4f7d-94ed-7ff2cd9f814a
3d052f41-bc8a-447e-85ed-77374a2ee0a6,48784453-1fda-4d7f-868c-edc910d4a4ca,66c6e818-39c9-4695-af87-47b27cfd0b4a,->,3d052f41-bc8a-447e-85ed-77374a2ee0a6,fb0844c9-e20e-4291-b8f1-ccfabe9e7077,4d9810ff-57c8-4f7d-94ed-7ff2cd9f814a
3d052f41-bc8a-447e-85ed-77374a2ee0a6,48784453-1fda-4d7f-868c-edc910d4a4ca,66c6e818-39c9-4695-af87-47b27cfd0b4a,->,3d052f41-bc8a-447e-85ed-77374a2ee0a6,arcanoid/model/Ball.java,setSpeed
3d052f41-bc8a-447e-85ed-77374a2ee0a6,48784453-1fda-4d7f-868c-edc910d4a4ca,66c6e818-39c9-4695-af87-47b27cfd0b4a,->,3d052f41-bc8a-447e-85ed-77374a2ee0a6,e122d8a2-c2c4-42d7-88d1-ab6a3756ea3b,ad6cbddc-facc-4655-af45-3891e8d785ea
3d052f41-bc8a-447e-85ed-77374a2ee0a6,48784453-1fda-4d7f-868c-edc910d4a4ca,66c6e818-39c9-4695-af87-47b27cfd0b4a,->,3d052f41-bc8a-447e-85ed-77374a2ee0a6,arcanoid/model/Ball.java,handleCollision
3d052f41-bc8a-447e-85ed-77374a2ee0a6,48784453-1fda-4d7f-868c-edc910d4a4ca,66c6e818-39c9-4695-af87-47b27cfd0b4a,->,3d052f41-bc8a-447e-85ed-77374a2ee0a6,arcanoid/model/DestroyableBrick.java,position
3d052f41-bc8a-447e-85ed-77374a2ee0a6,48784453-1fda-4d7f-868c-edc910d4a4ca,66c6e818-39c9-4695-af87-47b27cfd0b4a,->,3d052f41-bc8a-447e-85ed-77374a2ee0a6,arcanoid/model/Ball.java,handleCollision
3d052f41-bc8a-447e-85ed-77374a2ee0a6,48784453-1fda-4d7f-868c-edc910d4a4ca,66c6e818-39c9-4695-af87-47b27cfd0b4a,->,3d052f41-bc8a-447e-85ed-77374a2ee0a6,arcanoid/model/Ball.java,speed
3d052f41-bc8a-447e-85ed-77374a2ee0a6,48784453-1fda-4d7f-868c-edc910d4a4ca,66c6e818-39c9-4695-af87-47b27cfd0b4a,->,3d052f41-bc8a-447e-85ed-77374a2ee0a6,arcanoid/model/Ball.java,speed
3d052f41-bc8a-447e-85ed-77374a2ee0a6,48784453-1fda-4d7f-868c-edc910d4a4ca,66c6e818-39c9-4695-af87-47b27cfd0b4a,->,3d052f41-bc8a-447e-85ed-77374a2ee0a6,org/junit/Assert.java,assertEquals
3d052f41-bc8a-447e-85ed-77374a2ee0a6,48784453-1fda-4d7f-868c-edc910d4a4ca,2c846b0b-0a28-40d9-935c-d48421473d0e,->,3d052f41-bc8a-447e-85ed-77374a2ee0a6,java/io/PrintStream.java,println
3d052f41-bc8a-447e-85ed-77374a2ee0a6,48784453-1fda-4d7f-868c-edc910d4a4ca,2c846b0b-0a28-40d9-935c-d48421473d0e,->,3d052f41-bc8a-447e-85ed-77374a2ee0a6,arcanoid/model/Ball.java,setWeight
3d052f41-bc8a-447e-85ed-77374a2ee0a6,48784453-1fda-4d7f-868c-edc910d4a4ca,2c846b0b-0a28-40d9-935c-d48421473d0e,->,3d052f41-bc8a-447e-85ed-77374a2ee0a6,fb0844c9-e20e-4291-b8f1-ccfabe9e7077,4d9810ff-57c8-4f7d-94ed-7ff2cd9f814a
3d052f41-bc8a-447e-85ed-77374a2ee0a6,48784453-1fda-4d7f-868c-edc910d4a4ca,2c846b0b-0a28-40d9-935c-d48421473d0e,->,3d052f41-bc8a-447e-85ed-77374a2ee0a6,fb0844c9-e20e-4291-b8f1-ccfabe9e7077,4d9810ff-57c8-4f7d-94ed-7ff2cd9f814a
3d052f41-bc8a-447e-85ed-77374a2ee0a6,48784453-1fda-4d7f-868c-edc910d4a4ca,2c846b0b-0a28-40d9-935c-d48421473d0e,->,3d052f41-bc8a-447e-85ed-77374a2ee0a6,arcanoid/model/Ball.java,setSpeed
3d052f41-bc8a-447e-85ed-77374a2ee0a6,48784453-1fda-4d7f-868c-edc910d4a4ca,2c846b0b-0a28-40d9-935c-d48421473d0e,->,3d052f41-bc8a-447e-85ed-77374a2ee0a6,e122d8a2-c2c4-42d7-88d1-ab6a3756ea3b,ad6cbddc-facc-4655-af45-3891e8d785ea
3d052f41-bc8a-447e-85ed-77374a2ee0a6,48784453-1fda-4d7f-868c-edc910d4a4ca,2c846b0b-0a28-40d9-935c-d48421473d0e,->,3d052f41-bc8a-447e-85ed-77374a2ee0a6,arcanoid/model/Ball.java,handleCollision
3d052f41-bc8a-447e-85ed-77374a2ee0a6,48784453-1fda-4d7f-868c-edc910d4a4ca,2c846b0b-0a28-40d9-935c-d48421473d0e,->,3d052f41-bc8a-447e-85ed-77374a2ee0a6,arcanoid/model/DestroyableBrick.java,position
3d052f41-bc8a-447e-85ed-77374a2ee0a6,48784453-1fda-4d7f-868c-edc910d4a4ca,2c846b0b-0a28-40d9-935c-d48421473d0e,->,3d052f41-bc8a-447e-85ed-77374a2ee0a6,arcanoid/model/Ball.java,handleCollision
3d052f41-bc8a-447e-85ed-77374a2ee0a6,48784453-1fda-4d7f-868c-edc910d4a4ca,2c846b0b-0a28-40d9-935c-d48421473d0e,->,3d052f41-bc8a-447e-85ed-77374a2ee0a6,arcanoid/model/Ball.java,speed
3d052f41-bc8a-447e-85ed-77374a2ee0a6,48784453-1fda-4d7f-868c-edc910d4a4ca,2c846b0b-0a28-40d9-935c-d48421473d0e,->,3d052f41-bc8a-447e-85ed-77374a2ee0a6,arcanoid/model/Ball.java,speed
3d052f41-bc8a-447e-85ed-77374a2ee0a6,48784453-1fda-4d7f-868c-edc910d4a4ca,2c846b0b-0a28-40d9-935c-d48421473d0e,->,3d052f41-bc8a-447e-85ed-77374a2ee0a6,org/junit/Assert.java,assertEquals
3d052f41-bc8a-447e-85ed-77374a2ee0a6,48784453-1fda-4d7f-868c-edc910d4a4ca,9e19d38f-f27d-44d0-8527-f844d8533504,->,3d052f41-bc8a-447e-85ed-77374a2ee0a6,java/io/PrintStream.java,println
3d052f41-bc8a-447e-85ed-77374a2ee0a6,48784453-1fda-4d7f-868c-edc910d4a4ca,9e19d38f-f27d-44d0-8527-f844d8533504,->,3d052f41-bc8a-447e-85ed-77374a2ee0a6,4ade0b33-0cdf-492b-a717-e58b4e4ab44f,2028109e-b8aa-4706-891a-ae7d0eed00d2
3d052f41-bc8a-447e-85ed-77374a2ee0a6,48784453-1fda-4d7f-868c-edc910d4a4ca,9e19d38f-f27d-44d0-8527-f844d8533504,->,3d052f41-bc8a-447e-85ed-77374a2ee0a6,javax/imageio/ImageIO.java,read
3d052f41-bc8a-447e-85ed-77374a2ee0a6,48784453-1fda-4d7f-868c-edc910d4a4ca,9e19d38f-f27d-44d0-8527-f844d8533504,->,3d052f41-bc8a-447e-85ed-77374a2ee0a6,javax/imageio/ImageIO.java,read
3d052f41-bc8a-447e-85ed-77374a2ee0a6,48784453-1fda-4d7f-868c-edc910d4a4ca,9e19d38f-f27d-44d0-8527-f844d8533504,->,3d052f41-bc8a-447e-85ed-77374a2ee0a6,fb0844c9-e20e-4291-b8f1-ccfabe9e7077,4d9810ff-57c8-4f7d-94ed-7ff2cd9f814a
3d052f41-bc8a-447e-85ed-77374a2ee0a6,48784453-1fda-4d7f-868c-edc910d4a4ca,9e19d38f-f27d-44d0-8527-f844d8533504,->,3d052f41-bc8a-447e-85ed-77374a2ee0a6,fb0844c9-e20e-4291-b8f1-ccfabe9e7077,4d9810ff-57c8-4f7d-94ed-7ff2cd9f814a
3d052f41-bc8a-447e-85ed-77374a2ee0a6,48784453-1fda-4d7f-868c-edc910d4a4ca,9e19d38f-f27d-44d0-8527-f844d8533504,->,3d052f41-bc8a-447e-85ed-77374a2ee0a6,4ade0b33-0cdf-492b-a717-e58b4e4ab44f,a805f959-eede-4fb6-8fb0-fa2f486f27b5
3d052f41-bc8a-447e-85ed-77374a2ee0a6,48784453-1fda-4d7f-868c-edc910d4a4ca,9e19d38f-f27d-44d0-8527-f844d8533504,->,3d052f41-bc8a-447e-85ed-77374a2ee0a6,e122d8a2-c2c4-42d7-88d1-ab6a3756ea3b,ad6cbddc-facc-4655-af45-3891e8d785ea
3d052f41-bc8a-447e-85ed-77374a2ee0a6,48784453-1fda-4d7f-868c-edc910d4a4ca,9e19d38f-f27d-44d0-8527-f844d8533504,->,3d052f41-bc8a-447e-85ed-77374a2ee0a6,4ade0b33-0cdf-492b-a717-e58b4e4ab44f,425daee4-f566-4b36-91c3-9d3eeeea84d1
3d052f41-bc8a-447e-85ed-77374a2ee0a6,48784453-1fda-4d7f-868c-edc910d4a4ca,9e19d38f-f27d-44d0-8527-f844d8533504,->,3d052f41-bc8a-447e-85ed-77374a2ee0a6,4ade0b33-0cdf-492b-a717-e58b4e4ab44f,ccbdd958-d438-4732-8187-1c97cedb1f0d
3d052f41-bc8a-447e-85ed-77374a2ee0a6,48784453-1fda-4d7f-868c-edc910d4a4ca,9e19d38f-f27d-44d0-8527-f844d8533504,->,3d052f41-bc8a-447e-85ed-77374a2ee0a6,arcanoid/model/Ball.java,handleCollision
3d052f41-bc8a-447e-85ed-77374a2ee0a6,48784453-1fda-4d7f-868c-edc910d4a4ca,9e19d38f-f27d-44d0-8527-f844d8533504,->,3d052f41-bc8a-447e-85ed-77374a2ee0a6,4ade0b33-0cdf-492b-a717-e58b4e4ab44f,a44b38e0-a3f5-4226-827b-253d21e564d9
3d052f41-bc8a-447e-85ed-77374a2ee0a6,48784453-1fda-4d7f-868c-edc910d4a4ca,9e19d38f-f27d-44d0-8527-f844d8533504,->,3d052f41-bc8a-447e-85ed-77374a2ee0a6,arcanoid/model/Ball.java,speed
3d052f41-bc8a-447e-85ed-77374a2ee0a6,48784453-1fda-4d7f-868c-edc910d4a4ca,9e19d38f-f27d-44d0-8527-f844d8533504,->,3d052f41-bc8a-447e-85ed-77374a2ee0a6,org/junit/Assert.java,assertEquals
3d052f41-bc8a-447e-85ed-77374a2ee0a6,48784453-1fda-4d7f-868c-edc910d4a4ca,328c0dfe-3ff7-420b-89e0-bb7bafc3a563,->,3d052f41-bc8a-447e-85ed-77374a2ee0a6,java/io/PrintStream.java,println
3d052f41-bc8a-447e-85ed-77374a2ee0a6,48784453-1fda-4d7f-868c-edc910d4a4ca,328c0dfe-3ff7-420b-89e0-bb7bafc3a563,->,3d052f41-bc8a-447e-85ed-77374a2ee0a6,arcanoid/model/Ball.java,setWeight
3d052f41-bc8a-447e-85ed-77374a2ee0a6,48784453-1fda-4d7f-868c-edc910d4a4ca,328c0dfe-3ff7-420b-89e0-bb7bafc3a563,->,3d052f41-bc8a-447e-85ed-77374a2ee0a6,javax/imageio/ImageIO.java,read
3d052f41-bc8a-447e-85ed-77374a2ee0a6,48784453-1fda-4d7f-868c-edc910d4a4ca,328c0dfe-3ff7-420b-89e0-bb7bafc3a563,->,3d052f41-bc8a-447e-85ed-77374a2ee0a6,javax/imageio/ImageIO.java,read
3d052f41-bc8a-447e-85ed-77374a2ee0a6,48784453-1fda-4d7f-868c-edc910d4a4ca,328c0dfe-3ff7-420b-89e0-bb7bafc3a563,->,3d052f41-bc8a-447e-85ed-77374a2ee0a6,fb0844c9-e20e-4291-b8f1-ccfabe9e7077,4d9810ff-57c8-4f7d-94ed-7ff2cd9f814a
3d052f41-bc8a-447e-85ed-77374a2ee0a6,48784453-1fda-4d7f-868c-edc910d4a4ca,328c0dfe-3ff7-420b-89e0-bb7bafc3a563,->,3d052f41-bc8a-447e-85ed-77374a2ee0a6,fb0844c9-e20e-4291-b8f1-ccfabe9e7077,4d9810ff-57c8-4f7d-94ed-7ff2cd9f814a
3d052f41-bc8a-447e-85ed-77374a2ee0a6,48784453-1fda-4d7f-868c-edc910d4a4ca,328c0dfe-3ff7-420b-89e0-bb7bafc3a563,->,3d052f41-bc8a-447e-85ed-77374a2ee0a6,arcanoid/model/Ball.java,setSpeed
3d052f41-bc8a-447e-85ed-77374a2ee0a6,48784453-1fda-4d7f-868c-edc910d4a4ca,328c0dfe-3ff7-420b-89e0-bb7bafc3a563,->,3d052f41-bc8a-447e-85ed-77374a2ee0a6,arcanoid/model/Racket.java,setSpeed
3d052f41-bc8a-447e-85ed-77374a2ee0a6,48784453-1fda-4d7f-868c-edc910d4a4ca,328c0dfe-3ff7-420b-89e0-bb7bafc3a563,->,3d052f41-bc8a-447e-85ed-77374a2ee0a6,e122d8a2-c2c4-42d7-88d1-ab6a3756ea3b,ad6cbddc-facc-4655-af45-3891e8d785ea
3d052f41-bc8a-447e-85ed-77374a2ee0a6,48784453-1fda-4d7f-868c-edc910d4a4ca,328c0dfe-3ff7-420b-89e0-bb7bafc3a563,->,3d052f41-bc8a-447e-85ed-77374a2ee0a6,arcanoid/model/Ball.java,handleCollision
3d052f41-bc8a-447e-85ed-77374a2ee0a6,48784453-1fda-4d7f-868c-edc910d4a4ca,328c0dfe-3ff7-420b-89e0-bb7bafc3a563,->,3d052f41-bc8a-447e-85ed-77374a2ee0a6,arcanoid/model/Racket.java,position
3d052f41-bc8a-447e-85ed-77374a2ee0a6,48784453-1fda-4d7f-868c-edc910d4a4ca,328c0dfe-3ff7-420b-89e0-bb7bafc3a563,->,3d052f41-bc8a-447e-85ed-77374a2ee0a6,arcanoid/model/Ball.java,handleCollision
3d052f41-bc8a-447e-85ed-77374a2ee0a6,48784453-1fda-4d7f-868c-edc910d4a4ca,328c0dfe-3ff7-420b-89e0-bb7bafc3a563,->,3d052f41-bc8a-447e-85ed-77374a2ee0a6,arcanoid/model/Ball.java,speed
3d052f41-bc8a-447e-85ed-77374a2ee0a6,48784453-1fda-4d7f-868c-edc910d4a4ca,328c0dfe-3ff7-420b-89e0-bb7bafc3a563,->,3d052f41-bc8a-447e-85ed-77374a2ee0a6,arcanoid/model/Ball.java,speed
3d052f41-bc8a-447e-85ed-77374a2ee0a6,48784453-1fda-4d7f-868c-edc910d4a4ca,328c0dfe-3ff7-420b-89e0-bb7bafc3a563,->,3d052f41-bc8a-447e-85ed-77374a2ee0a6,org/junit/Assert.java,assertEquals
3d052f41-bc8a-447e-85ed-77374a2ee0a6,48784453-1fda-4d7f-868c-edc910d4a4ca,d463cedc-b1ca-444f-9e05-e95795f0fc7c,->,3d052f41-bc8a-447e-85ed-77374a2ee0a6,java/io/PrintStream.java,println
3d052f41-bc8a-447e-85ed-77374a2ee0a6,48784453-1fda-4d7f-868c-edc910d4a4ca,d463cedc-b1ca-444f-9e05-e95795f0fc7c,->,3d052f41-bc8a-447e-85ed-77374a2ee0a6,arcanoid/model/Ball.java,setWeight
3d052f41-bc8a-447e-85ed-77374a2ee0a6,48784453-1fda-4d7f-868c-edc910d4a4ca,d463cedc-b1ca-444f-9e05-e95795f0fc7c,->,3d052f41-bc8a-447e-85ed-77374a2ee0a6,arcanoid/model/Ball.java,setWeight
3d052f41-bc8a-447e-85ed-77374a2ee0a6,48784453-1fda-4d7f-868c-edc910d4a4ca,d463cedc-b1ca-444f-9e05-e95795f0fc7c,->,3d052f41-bc8a-447e-85ed-77374a2ee0a6,javax/imageio/ImageIO.java,read
3d052f41-bc8a-447e-85ed-77374a2ee0a6,48784453-1fda-4d7f-868c-edc910d4a4ca,d463cedc-b1ca-444f-9e05-e95795f0fc7c,->,3d052f41-bc8a-447e-85ed-77374a2ee0a6,fb0844c9-e20e-4291-b8f1-ccfabe9e7077,4d9810ff-57c8-4f7d-94ed-7ff2cd9f814a
3d052f41-bc8a-447e-85ed-77374a2ee0a6,48784453-1fda-4d7f-868c-edc910d4a4ca,d463cedc-b1ca-444f-9e05-e95795f0fc7c,->,3d052f41-bc8a-447e-85ed-77374a2ee0a6,fb0844c9-e20e-4291-b8f1-ccfabe9e7077,4d9810ff-57c8-4f7d-94ed-7ff2cd9f814a
3d052f41-bc8a-447e-85ed-77374a2ee0a6,48784453-1fda-4d7f-868c-edc910d4a4ca,d463cedc-b1ca-444f-9e05-e95795f0fc7c,->,3d052f41-bc8a-447e-85ed-77374a2ee0a6,arcanoid/model/Ball.java,setSpeed
3d052f41-bc8a-447e-85ed-77374a2ee0a6,48784453-1fda-4d7f-868c-edc910d4a4ca,d463cedc-b1ca-444f-9e05-e95795f0fc7c,->,3d052f41-bc8a-447e-85ed-77374a2ee0a6,arcanoid/model/Ball.java,setSpeed
3d052f41-bc8a-447e-85ed-77374a2ee0a6,48784453-1fda-4d7f-868c-edc910d4a4ca,d463cedc-b1ca-444f-9e05-e95795f0fc7c,->,3d052f41-bc8a-447e-85ed-77374a2ee0a6,e122d8a2-c2c4-42d7-88d1-ab6a3756ea3b,ad6cbddc-facc-4655-af45-3891e8d785ea
3d052f41-bc8a-447e-85ed-77374a2ee0a6,48784453-1fda-4d7f-868c-edc910d4a4ca,d463cedc-b1ca-444f-9e05-e95795f0fc7c,->,3d052f41-bc8a-447e-85ed-77374a2ee0a6,e122d8a2-c2c4-42d7-88d1-ab6a3756ea3b,ad6cbddc-facc-4655-af45-3891e8d785ea
3d052f41-bc8a-447e-85ed-77374a2ee0a6,48784453-1fda-4d7f-868c-edc910d4a4ca,d463cedc-b1ca-444f-9e05-e95795f0fc7c,->,3d052f41-bc8a-447e-85ed-77374a2ee0a6,e122d8a2-c2c4-42d7-88d1-ab6a3756ea3b,ad6cbddc-facc-4655-af45-3891e8d785ea
3d052f41-bc8a-447e-85ed-77374a2ee0a6,48784453-1fda-4d7f-868c-edc910d4a4ca,d463cedc-b1ca-444f-9e05-e95795f0fc7c,->,3d052f41-bc8a-447e-85ed-77374a2ee0a6,e122d8a2-c2c4-42d7-88d1-ab6a3756ea3b,ad6cbddc-facc-4655-af45-3891e8d785ea
3d052f41-bc8a-447e-85ed-77374a2ee0a6,48784453-1fda-4d7f-868c-edc910d4a4ca,d463cedc-b1ca-444f-9e05-e95795f0fc7c,->,3d052f41-bc8a-447e-85ed-77374a2ee0a6,e122d8a2-c2c4-42d7-88d1-ab6a3756ea3b,ad6cbddc-facc-4655-af45-3891e8d785ea
3d052f41-bc8a-447e-85ed-77374a2ee0a6,48784453-1fda-4d7f-868c-edc910d4a4ca,d463cedc-b1ca-444f-9e05-e95795f0fc7c,->,3d052f41-bc8a-447e-85ed-77374a2ee0a6,arcanoid/model/Ball.java,handleCollision
3d052f41-bc8a-447e-85ed-77374a2ee0a6,48784453-1fda-4d7f-868c-edc910d4a4ca,d463cedc-b1ca-444f-9e05-e95795f0fc7c,->,3d052f41-bc8a-447e-85ed-77374a2ee0a6,arcanoid/model/Ball.java,handleCollision
3d052f41-bc8a-447e-85ed-77374a2ee0a6,48784453-1fda-4d7f-868c-edc910d4a4ca,d463cedc-b1ca-444f-9e05-e95795f0fc7c,->,3d052f41-bc8a-447e-85ed-77374a2ee0a6,arcanoid/model/Ball.java,speed
3d052f41-bc8a-447e-85ed-77374a2ee0a6,48784453-1fda-4d7f-868c-edc910d4a4ca,d463cedc-b1ca-444f-9e05-e95795f0fc7c,->,3d052f41-bc8a-447e-85ed-77374a2ee0a6,arcanoid/model/Ball.java,speed
3d052f41-bc8a-447e-85ed-77374a2ee0a6,48784453-1fda-4d7f-868c-edc910d4a4ca,d463cedc-b1ca-444f-9e05-e95795f0fc7c,->,3d052f41-bc8a-447e-85ed-77374a2ee0a6,org/junit/Assert.java,assertEquals
3d052f41-bc8a-447e-85ed-77374a2ee0a6,48784453-1fda-4d7f-868c-edc910d4a4ca,d463cedc-b1ca-444f-9e05-e95795f0fc7c,->,3d052f41-bc8a-447e-85ed-77374a2ee0a6,arcanoid/model/Ball.java,handleCollision
3d052f41-bc8a-447e-85ed-77374a2ee0a6,48784453-1fda-4d7f-868c-edc910d4a4ca,d463cedc-b1ca-444f-9e05-e95795f0fc7c,->,3d052f41-bc8a-447e-85ed-77374a2ee0a6,arcanoid/model/Ball.java,handleCollision
3d052f41-bc8a-447e-85ed-77374a2ee0a6,48784453-1fda-4d7f-868c-edc910d4a4ca,d463cedc-b1ca-444f-9e05-e95795f0fc7c,->,3d052f41-bc8a-447e-85ed-77374a2ee0a6,arcanoid/model/Ball.java,speed
3d052f41-bc8a-447e-85ed-77374a2ee0a6,48784453-1fda-4d7f-868c-edc910d4a4ca,d463cedc-b1ca-444f-9e05-e95795f0fc7c,->,3d052f41-bc8a-447e-85ed-77374a2ee0a6,arcanoid/model/Ball.java,speed
3d052f41-bc8a-447e-85ed-77374a2ee0a6,48784453-1fda-4d7f-868c-edc910d4a4ca,d463cedc-b1ca-444f-9e05-e95795f0fc7c,->,3d052f41-bc8a-447e-85ed-77374a2ee0a6,org/junit/Assert.java,assertEquals
3d052f41-bc8a-447e-85ed-77374a2ee0a6,48784453-1fda-4d7f-868c-edc910d4a4ca,025bb293-6c84-4aea-b4ae-bac9e7dfb866,->,3d052f41-bc8a-447e-85ed-77374a2ee0a6,java/io/PrintStream.java,println
3d052f41-bc8a-447e-85ed-77374a2ee0a6,48784453-1fda-4d7f-868c-edc910d4a4ca,025bb293-6c84-4aea-b4ae-bac9e7dfb866,->,3d052f41-bc8a-447e-85ed-77374a2ee0a6,arcanoid/model/Ball.java,setWeight
3d052f41-bc8a-447e-85ed-77374a2ee0a6,48784453-1fda-4d7f-868c-edc910d4a4ca,025bb293-6c84-4aea-b4ae-bac9e7dfb866,->,3d052f41-bc8a-447e-85ed-77374a2ee0a6,arcanoid/model/Ball.java,setWeight
3d052f41-bc8a-447e-85ed-77374a2ee0a6,48784453-1fda-4d7f-868c-edc910d4a4ca,025bb293-6c84-4aea-b4ae-bac9e7dfb866,->,3d052f41-bc8a-447e-85ed-77374a2ee0a6,javax/imageio/ImageIO.java,read
3d052f41-bc8a-447e-85ed-77374a2ee0a6,48784453-1fda-4d7f-868c-edc910d4a4ca,025bb293-6c84-4aea-b4ae-bac9e7dfb866,->,3d052f41-bc8a-447e-85ed-77374a2ee0a6,fb0844c9-e20e-4291-b8f1-ccfabe9e7077,4d9810ff-57c8-4f7d-94ed-7ff2cd9f814a
3d052f41-bc8a-447e-85ed-77374a2ee0a6,48784453-1fda-4d7f-868c-edc910d4a4ca,025bb293-6c84-4aea-b4ae-bac9e7dfb866,->,3d052f41-bc8a-447e-85ed-77374a2ee0a6,fb0844c9-e20e-4291-b8f1-ccfabe9e7077,4d9810ff-57c8-4f7d-94ed-7ff2cd9f814a
3d052f41-bc8a-447e-85ed-77374a2ee0a6,48784453-1fda-4d7f-868c-edc910d4a4ca,025bb293-6c84-4aea-b4ae-bac9e7dfb866,->,3d052f41-bc8a-447e-85ed-77374a2ee0a6,arcanoid/model/Ball.java,setSpeed
3d052f41-bc8a-447e-85ed-77374a2ee0a6,48784453-1fda-4d7f-868c-edc910d4a4ca,025bb293-6c84-4aea-b4ae-bac9e7dfb866,->,3d052f41-bc8a-447e-85ed-77374a2ee0a6,arcanoid/model/Ball.java,setSpeed
3d052f41-bc8a-447e-85ed-77374a2ee0a6,48784453-1fda-4d7f-868c-edc910d4a4ca,025bb293-6c84-4aea-b4ae-bac9e7dfb866,->,3d052f41-bc8a-447e-85ed-77374a2ee0a6,e122d8a2-c2c4-42d7-88d1-ab6a3756ea3b,ad6cbddc-facc-4655-af45-3891e8d785ea
3d052f41-bc8a-447e-85ed-77374a2ee0a6,48784453-1fda-4d7f-868c-edc910d4a4ca,025bb293-6c84-4aea-b4ae-bac9e7dfb866,->,3d052f41-bc8a-447e-85ed-77374a2ee0a6,e122d8a2-c2c4-42d7-88d1-ab6a3756ea3b,ad6cbddc-facc-4655-af45-3891e8d785ea
3d052f41-bc8a-447e-85ed-77374a2ee0a6,48784453-1fda-4d7f-868c-edc910d4a4ca,025bb293-6c84-4aea-b4ae-bac9e7dfb866,->,3d052f41-bc8a-447e-85ed-77374a2ee0a6,e122d8a2-c2c4-42d7-88d1-ab6a3756ea3b,ad6cbddc-facc-4655-af45-3891e8d785ea
3d052f41-bc8a-447e-85ed-77374a2ee0a6,48784453-1fda-4d7f-868c-edc910d4a4ca,025bb293-6c84-4aea-b4ae-bac9e7dfb866,->,3d052f41-bc8a-447e-85ed-77374a2ee0a6,e122d8a2-c2c4-42d7-88d1-ab6a3756ea3b,ad6cbddc-facc-4655-af45-3891e8d785ea
3d052f41-bc8a-447e-85ed-77374a2ee0a6,48784453-1fda-4d7f-868c-edc910d4a4ca,025bb293-6c84-4aea-b4ae-bac9e7dfb866,->,3d052f41-bc8a-447e-85ed-77374a2ee0a6,e122d8a2-c2c4-42d7-88d1-ab6a3756ea3b,ad6cbddc-facc-4655-af45-3891e8d785ea
3d052f41-bc8a-447e-85ed-77374a2ee0a6,48784453-1fda-4d7f-868c-edc910d4a4ca,025bb293-6c84-4aea-b4ae-bac9e7dfb866,->,3d052f41-bc8a-447e-85ed-77374a2ee0a6,arcanoid/model/Ball.java,handleCollision
3d052f41-bc8a-447e-85ed-77374a2ee0a6,48784453-1fda-4d7f-868c-edc910d4a4ca,025bb293-6c84-4aea-b4ae-bac9e7dfb866,->,3d052f41-bc8a-447e-85ed-77374a2ee0a6,arcanoid/model/Ball.java,handleCollision
3d052f41-bc8a-447e-85ed-77374a2ee0a6,48784453-1fda-4d7f-868c-edc910d4a4ca,025bb293-6c84-4aea-b4ae-bac9e7dfb866,->,3d052f41-bc8a-447e-85ed-77374a2ee0a6,arcanoid/model/Ball.java,speed
3d052f41-bc8a-447e-85ed-77374a2ee0a6,48784453-1fda-4d7f-868c-edc910d4a4ca,025bb293-6c84-4aea-b4ae-bac9e7dfb866,->,3d052f41-bc8a-447e-85ed-77374a2ee0a6,arcanoid/model/Ball.java,speed
3d052f41-bc8a-447e-85ed-77374a2ee0a6,48784453-1fda-4d7f-868c-edc910d4a4ca,025bb293-6c84-4aea-b4ae-bac9e7dfb866,->,3d052f41-bc8a-447e-85ed-77374a2ee0a6,org/junit/Assert.java,assertEquals
3d052f41-bc8a-447e-85ed-77374a2ee0a6,48784453-1fda-4d7f-868c-edc910d4a4ca,025bb293-6c84-4aea-b4ae-bac9e7dfb866,->,3d052f41-bc8a-447e-85ed-77374a2ee0a6,arcanoid/model/Ball.java,handleCollision
3d052f41-bc8a-447e-85ed-77374a2ee0a6,48784453-1fda-4d7f-868c-edc910d4a4ca,025bb293-6c84-4aea-b4ae-bac9e7dfb866,->,3d052f41-bc8a-447e-85ed-77374a2ee0a6,arcanoid/model/Ball.java,handleCollision
3d052f41-bc8a-447e-85ed-77374a2ee0a6,48784453-1fda-4d7f-868c-edc910d4a4ca,025bb293-6c84-4aea-b4ae-bac9e7dfb866,->,3d052f41-bc8a-447e-85ed-77374a2ee0a6,arcanoid/model/Ball.java,speed
3d052f41-bc8a-447e-85ed-77374a2ee0a6,48784453-1fda-4d7f-868c-edc910d4a4ca,025bb293-6c84-4aea-b4ae-bac9e7dfb866,->,3d052f41-bc8a-447e-85ed-77374a2ee0a6,arcanoid/model/Ball.java,speed
3d052f41-bc8a-447e-85ed-77374a2ee0a6,48784453-1fda-4d7f-868c-edc910d4a4ca,025bb293-6c84-4aea-b4ae-bac9e7dfb866,->,3d052f41-bc8a-447e-85ed-77374a2ee0a6,org/junit/Assert.java,assertEquals
3d052f41-bc8a-447e-85ed-77374a2ee0a6,48784453-1fda-4d7f-868c-edc910d4a4ca,f7640a2e-97af-4f5c-9f75-03ad7b1d977f,->,3d052f41-bc8a-447e-85ed-77374a2ee0a6,java/io/PrintStream.java,println
3d052f41-bc8a-447e-85ed-77374a2ee0a6,48784453-1fda-4d7f-868c-edc910d4a4ca,f7640a2e-97af-4f5c-9f75-03ad7b1d977f,->,3d052f41-bc8a-447e-85ed-77374a2ee0a6,arcanoid/model/Racket.java,setSpeed
3d052f41-bc8a-447e-85ed-77374a2ee0a6,48784453-1fda-4d7f-868c-edc910d4a4ca,f7640a2e-97af-4f5c-9f75-03ad7b1d977f,->,3d052f41-bc8a-447e-85ed-77374a2ee0a6,arcanoid/model/Racket.java,handleCollision
3d052f41-bc8a-447e-85ed-77374a2ee0a6,48784453-1fda-4d7f-868c-edc910d4a4ca,f7640a2e-97af-4f5c-9f75-03ad7b1d977f,->,3d052f41-bc8a-447e-85ed-77374a2ee0a6,arcanoid/model/Racket.java,speed
3d052f41-bc8a-447e-85ed-77374a2ee0a6,48784453-1fda-4d7f-868c-edc910d4a4ca,f7640a2e-97af-4f5c-9f75-03ad7b1d977f,->,3d052f41-bc8a-447e-85ed-77374a2ee0a6,org/junit/Assert.java,assertEquals
3d052f41-bc8a-447e-85ed-77374a2ee0a6,48784453-1fda-4d7f-868c-edc910d4a4ca,f7640a2e-97af-4f5c-9f75-03ad7b1d977f,->,3d052f41-bc8a-447e-85ed-77374a2ee0a6,arcanoid/model/Swarm.java,handleCollision
3d052f41-bc8a-447e-85ed-77374a2ee0a6,48784453-1fda-4d7f-868c-edc910d4a4ca,f7640a2e-97af-4f5c-9f75-03ad7b1d977f,->,3d052f41-bc8a-447e-85ed-77374a2ee0a6,86ff5c15-9d7f-41d3-82cd-c5114ef01cdc,05880a06-8226-44f7-aaeb-77bc53288aae
3d052f41-bc8a-447e-85ed-77374a2ee0a6,48784453-1fda-4d7f-868c-edc910d4a4ca,f7640a2e-97af-4f5c-9f75-03ad7b1d977f,->,3d052f41-bc8a-447e-85ed-77374a2ee0a6,org/junit/Assert.java,assertEquals
3d052f41-bc8a-447e-85ed-77374a2ee0a6,5aae3659-f02a-45ae-a61c-b39da6a860fe,fcd88892-46fa-4002-9be7-3ebe2e79fab6,->,3d052f41-bc8a-447e-85ed-77374a2ee0a6,fb0844c9-e20e-4291-b8f1-ccfabe9e7077,4d9810ff-57c8-4f7d-94ed-7ff2cd9f814a
3d052f41-bc8a-447e-85ed-77374a2ee0a6,5aae3659-f02a-45ae-a61c-b39da6a860fe,fcd88892-46fa-4002-9be7-3ebe2e79fab6,->,3d052f41-bc8a-447e-85ed-77374a2ee0a6,arcanoid/model/DestroyableBrick.java,copy
3d052f41-bc8a-447e-85ed-77374a2ee0a6,5aae3659-f02a-45ae-a61c-b39da6a860fe,fcd88892-46fa-4002-9be7-3ebe2e79fab6,->,3d052f41-bc8a-447e-85ed-77374a2ee0a6,5aae3659-f02a-45ae-a61c-b39da6a860fe,fcd88892-46fa-4002-9be7-3ebe2e79fab6
3d052f41-bc8a-447e-85ed-77374a2ee0a6,5aae3659-f02a-45ae-a61c-b39da6a860fe,fcd88892-46fa-4002-9be7-3ebe2e79fab6,->,3d052f41-bc8a-447e-85ed-77374a2ee0a6,5aae3659-f02a-45ae-a61c-b39da6a860fe,fcd88892-46fa-4002-9be7-3ebe2e79fab6
3d052f41-bc8a-447e-85ed-77374a2ee0a6,86ff5c15-9d7f-41d3-82cd-c5114ef01cdc,8670bbbd-2cae-4c17-b798-dea618b2f07c,->,3d052f41-bc8a-447e-85ed-77374a2ee0a6,java/util/ArrayList.java,add
3d052f41-bc8a-447e-85ed-77374a2ee0a6,86ff5c15-9d7f-41d3-82cd-c5114ef01cdc,8670bbbd-2cae-4c17-b798-dea618b2f07c,->,3d052f41-bc8a-447e-85ed-77374a2ee0a6,arcanoid/model/SwarmElement.java,weight
3d052f41-bc8a-447e-85ed-77374a2ee0a6,86ff5c15-9d7f-41d3-82cd-c5114ef01cdc,6607c54e-1b28-460d-8ee2-ee30680e942c,->,3d052f41-bc8a-447e-85ed-77374a2ee0a6,86ff5c15-9d7f-41d3-82cd-c5114ef01cdc,05880a06-8226-44f7-aaeb-77bc53288aae
3d052f41-bc8a-447e-85ed-77374a2ee0a6,86ff5c15-9d7f-41d3-82cd-c5114ef01cdc,6607c54e-1b28-460d-8ee2-ee30680e942c,->,3d052f41-bc8a-447e-85ed-77374a2ee0a6,java/lang/Object.java,getClass
3d052f41-bc8a-447e-85ed-77374a2ee0a6,86ff5c15-9d7f-41d3-82cd-c5114ef01cdc,6607c54e-1b28-460d-8ee2-ee30680e942c,->,3d052f41-bc8a-447e-85ed-77374a2ee0a6,86ff5c15-9d7f-41d3-82cd-c5114ef01cdc,6b1d18d7-c050-475d-9dd3-6de860d9fdd3
3d052f41-bc8a-447e-85ed-77374a2ee0a6,86ff5c15-9d7f-41d3-82cd-c5114ef01cdc,6607c54e-1b28-460d-8ee2-ee30680e942c,->,3d052f41-bc8a-447e-85ed-77374a2ee0a6,java/util/ArrayList.java,iterator
3d052f41-bc8a-447e-85ed-77374a2ee0a6,86ff5c15-9d7f-41d3-82cd-c5114ef01cdc,6607c54e-1b28-460d-8ee2-ee30680e942c,->,3d052f41-bc8a-447e-85ed-77374a2ee0a6,java/util/Iterator.java,hasNext
3d052f41-bc8a-447e-85ed-77374a2ee0a6,86ff5c15-9d7f-41d3-82cd-c5114ef01cdc,6607c54e-1b28-460d-8ee2-ee30680e942c,->,3d052f41-bc8a-447e-85ed-77374a2ee0a6,java/util/Iterator.java,next
3d052f41-bc8a-447e-85ed-77374a2ee0a6,86ff5c15-9d7f-41d3-82cd-c5114ef01cdc,6607c54e-1b28-460d-8ee2-ee30680e942c,->,3d052f41-bc8a-447e-85ed-77374a2ee0a6,15084fc0-6f9a-4b55-840f-87c4aff3f710,aaad2d94-756c-4e99-9b42-2c8bbf86007d
3d052f41-bc8a-447e-85ed-77374a2ee0a6,86ff5c15-9d7f-41d3-82cd-c5114ef01cdc,6607c54e-1b28-460d-8ee2-ee30680e942c,->,3d052f41-bc8a-447e-85ed-77374a2ee0a6,java/util/ArrayList.java,add
3d052f41-bc8a-447e-85ed-77374a2ee0a6,86ff5c15-9d7f-41d3-82cd-c5114ef01cdc,6607c54e-1b28-460d-8ee2-ee30680e942c,->,3d052f41-bc8a-447e-85ed-77374a2ee0a6,86ff5c15-9d7f-41d3-82cd-c5114ef01cdc,6607c54e-1b28-460d-8ee2-ee30680e942c
3d052f41-bc8a-447e-85ed-77374a2ee0a6,86ff5c15-9d7f-41d3-82cd-c5114ef01cdc,6607c54e-1b28-460d-8ee2-ee30680e942c,->,3d052f41-bc8a-447e-85ed-77374a2ee0a6,86ff5c15-9d7f-41d3-82cd-c5114ef01cdc,6607c54e-1b28-460d-8ee2-ee30680e942c
3d052f41-bc8a-447e-85ed-77374a2ee0a6,cd7a9bad-f083-4cc7-9bbe-09aa5569c782,7302d3ab-4f9b-4351-9da6-ff4037bb1834,->,3d052f41-bc8a-447e-85ed-77374a2ee0a6,arcanoid/model/Managable.java,copy
3d052f41-bc8a-447e-85ed-77374a2ee0a6,cd7a9bad-f083-4cc7-9bbe-09aa5569c782,7302d3ab-4f9b-4351-9da6-ff4037bb1834,->,3d052f41-bc8a-447e-85ed-77374a2ee0a6,cd7a9bad-f083-4cc7-9bbe-09aa5569c782,7302d3ab-4f9b-4351-9da6-ff4037bb1834
3d052f41-bc8a-447e-85ed-77374a2ee0a6,e122d8a2-c2c4-42d7-88d1-ab6a3756ea3b,5bf8e7e8-3a81-4b33-b4b2-55aaf2eaa031,->,3d052f41-bc8a-447e-85ed-77374a2ee0a6,java/util/ArrayList.java,iterator
3d052f41-bc8a-447e-85ed-77374a2ee0a6,e122d8a2-c2c4-42d7-88d1-ab6a3756ea3b,5bf8e7e8-3a81-4b33-b4b2-55aaf2eaa031,->,3d052f41-bc8a-447e-85ed-77374a2ee0a6,java/util/Iterator.java,hasNext
3d052f41-bc8a-447e-85ed-77374a2ee0a6,e122d8a2-c2c4-42d7-88d1-ab6a3756ea3b,5bf8e7e8-3a81-4b33-b4b2-55aaf2eaa031,->,3d052f41-bc8a-447e-85ed-77374a2ee0a6,java/util/Iterator.java,next
3d052f41-bc8a-447e-85ed-77374a2ee0a6,e122d8a2-c2c4-42d7-88d1-ab6a3756ea3b,5bf8e7e8-3a81-4b33-b4b2-55aaf2eaa031,->,3d052f41-bc8a-447e-85ed-77374a2ee0a6,9b0cbd2e-aeab-4eac-8fce-d60dfe488857,454c8dae-f080-4e5f-afc9-f8875bd40404
3d052f41-bc8a-447e-85ed-77374a2ee0a6,e122d8a2-c2c4-42d7-88d1-ab6a3756ea3b,ad6cbddc-facc-4655-af45-3891e8d785ea,->,3d052f41-bc8a-447e-85ed-77374a2ee0a6,fb0844c9-e20e-4291-b8f1-ccfabe9e7077,929a7ad0-9402-440d-bcdc-ce15ece423c5
3d052f41-bc8a-447e-85ed-77374a2ee0a6,e122d8a2-c2c4-42d7-88d1-ab6a3756ea3b,ad6cbddc-facc-4655-af45-3891e8d785ea,->,3d052f41-bc8a-447e-85ed-77374a2ee0a6,com/golden/gamedev/object/Sprite.java,getImage
3d052f41-bc8a-447e-85ed-77374a2ee0a6,e122d8a2-c2c4-42d7-88d1-ab6a3756ea3b,ad6cbddc-facc-4655-af45-3891e8d785ea,->,3d052f41-bc8a-447e-85ed-77374a2ee0a6,com/golden/gamedev/object/Sprite.java,getX
3d052f41-bc8a-447e-85ed-77374a2ee0a6,e122d8a2-c2c4-42d7-88d1-ab6a3756ea3b,ad6cbddc-facc-4655-af45-3891e8d785ea,->,3d052f41-bc8a-447e-85ed-77374a2ee0a6,com/golden/gamedev/object/Sprite.java,getY
3d052f41-bc8a-447e-85ed-77374a2ee0a6,e122d8a2-c2c4-42d7-88d1-ab6a3756ea3b,ad6cbddc-facc-4655-af45-3891e8d785ea,->,3d052f41-bc8a-447e-85ed-77374a2ee0a6,fb0844c9-e20e-4291-b8f1-ccfabe9e7077,4d9810ff-57c8-4f7d-94ed-7ff2cd9f814a
3d052f41-bc8a-447e-85ed-77374a2ee0a6,e122d8a2-c2c4-42d7-88d1-ab6a3756ea3b,ad6cbddc-facc-4655-af45-3891e8d785ea,->,3d052f41-bc8a-447e-85ed-77374a2ee0a6,arcanoid/model/Ball.java,copy
3d052f41-bc8a-447e-85ed-77374a2ee0a6,e122d8a2-c2c4-42d7-88d1-ab6a3756ea3b,209558f0-d6f7-439f-9224-58c7b643ece8,->,3d052f41-bc8a-447e-85ed-77374a2ee0a6,e122d8a2-c2c4-42d7-88d1-ab6a3756ea3b,5bf8e7e8-3a81-4b33-b4b2-55aaf2eaa031
3d052f41-bc8a-447e-85ed-77374a2ee0a6,e122d8a2-c2c4-42d7-88d1-ab6a3756ea3b,1cd61944-ca43-4d99-aba2-13a85f7c62e4,->,3d052f41-bc8a-447e-85ed-77374a2ee0a6,java/util/ArrayList.java,add
3d052f41-bc8a-447e-85ed-77374a2ee0a6,e122d8a2-c2c4-42d7-88d1-ab6a3756ea3b,ad6cbddc-facc-4655-af45-3891e8d785ea,->,3d052f41-bc8a-447e-85ed-77374a2ee0a6,e122d8a2-c2c4-42d7-88d1-ab6a3756ea3b,ad6cbddc-facc-4655-af45-3891e8d785ea
3d052f41-bc8a-447e-85ed-77374a2ee0a6,e122d8a2-c2c4-42d7-88d1-ab6a3756ea3b,ad6cbddc-facc-4655-af45-3891e8d785ea,->,3d052f41-bc8a-447e-85ed-77374a2ee0a6,e122d8a2-c2c4-42d7-88d1-ab6a3756ea3b,ad6cbddc-facc-4655-af45-3891e8d785ea
3d052f41-bc8a-447e-85ed-77374a2ee0a6,e122d8a2-c2c4-42d7-88d1-ab6a3756ea3b,ad6cbddc-facc-4655-af45-3891e8d785ea,->,3d052f41-bc8a-447e-85ed-77374a2ee0a6,e122d8a2-c2c4-42d7-88d1-ab6a3756ea3b,ad6cbddc-facc-4655-af45-3891e8d785ea
3d052f41-bc8a-447e-85ed-77374a2ee0a6,2d095ea2-ddbe-4d31-ad79-49c0d5d03ae8,cab352da-a4f5-4d8f-a2b6-164ea46595a2,->,3d052f41-bc8a-447e-85ed-77374a2ee0a6,arcanoid/model/Ball.java,setSpeed
3d052f41-bc8a-447e-85ed-77374a2ee0a6,2d095ea2-ddbe-4d31-ad79-49c0d5d03ae8,7583128f-de0f-45aa-b566-e939a11e3f7a,->,3d052f41-bc8a-447e-85ed-77374a2ee0a6,fb0844c9-e20e-4291-b8f1-ccfabe9e7077,929a7ad0-9402-440d-bcdc-ce15ece423c5
3d052f41-bc8a-447e-85ed-77374a2ee0a6,2d095ea2-ddbe-4d31-ad79-49c0d5d03ae8,7583128f-de0f-45aa-b566-e939a11e3f7a,->,3d052f41-bc8a-447e-85ed-77374a2ee0a6,com/golden/gamedev/object/Sprite.java,getImage
3d052f41-bc8a-447e-85ed-77374a2ee0a6,2d095ea2-ddbe-4d31-ad79-49c0d5d03ae8,7583128f-de0f-45aa-b566-e939a11e3f7a,->,3d052f41-bc8a-447e-85ed-77374a2ee0a6,com/golden/gamedev/object/Sprite.java,getX
3d052f41-bc8a-447e-85ed-77374a2ee0a6,2d095ea2-ddbe-4d31-ad79-49c0d5d03ae8,7583128f-de0f-45aa-b566-e939a11e3f7a,->,3d052f41-bc8a-447e-85ed-77374a2ee0a6,com/golden/gamedev/object/Sprite.java,getY
3d052f41-bc8a-447e-85ed-77374a2ee0a6,2d095ea2-ddbe-4d31-ad79-49c0d5d03ae8,7583128f-de0f-45aa-b566-e939a11e3f7a,->,3d052f41-bc8a-447e-85ed-77374a2ee0a6,fb0844c9-e20e-4291-b8f1-ccfabe9e7077,4d9810ff-57c8-4f7d-94ed-7ff2cd9f814a
3d052f41-bc8a-447e-85ed-77374a2ee0a6,2d095ea2-ddbe-4d31-ad79-49c0d5d03ae8,7583128f-de0f-45aa-b566-e939a11e3f7a,->,3d052f41-bc8a-447e-85ed-77374a2ee0a6,arcanoid/model/Racket.java,copy
3d052f41-bc8a-447e-85ed-77374a2ee0a6,2d095ea2-ddbe-4d31-ad79-49c0d5d03ae8,a2c62886-76cf-45c1-b295-763b7b3bebcb,->,3d052f41-bc8a-447e-85ed-77374a2ee0a6,java/util/ArrayList.java,size
3d052f41-bc8a-447e-85ed-77374a2ee0a6,2d095ea2-ddbe-4d31-ad79-49c0d5d03ae8,a2c62886-76cf-45c1-b295-763b7b3bebcb,->,3d052f41-bc8a-447e-85ed-77374a2ee0a6,java/util/ArrayList.java,iterator
3d052f41-bc8a-447e-85ed-77374a2ee0a6,2d095ea2-ddbe-4d31-ad79-49c0d5d03ae8,a2c62886-76cf-45c1-b295-763b7b3bebcb,->,3d052f41-bc8a-447e-85ed-77374a2ee0a6,java/util/Iterator.java,hasNext
3d052f41-bc8a-447e-85ed-77374a2ee0a6,2d095ea2-ddbe-4d31-ad79-49c0d5d03ae8,a2c62886-76cf-45c1-b295-763b7b3bebcb,->,3d052f41-bc8a-447e-85ed-77374a2ee0a6,java/util/Iterator.java,next
3d052f41-bc8a-447e-85ed-77374a2ee0a6,2d095ea2-ddbe-4d31-ad79-49c0d5d03ae8,a2c62886-76cf-45c1-b295-763b7b3bebcb,->,3d052f41-bc8a-447e-85ed-77374a2ee0a6,java/util/ArrayList.java,indexOf
3d052f41-bc8a-447e-85ed-77374a2ee0a6,2d095ea2-ddbe-4d31-ad79-49c0d5d03ae8,a2c62886-76cf-45c1-b295-763b7b3bebcb,->,3d052f41-bc8a-447e-85ed-77374a2ee0a6,java/lang/Math.java,cos
3d052f41-bc8a-447e-85ed-77374a2ee0a6,2d095ea2-ddbe-4d31-ad79-49c0d5d03ae8,a2c62886-76cf-45c1-b295-763b7b3bebcb,->,3d052f41-bc8a-447e-85ed-77374a2ee0a6,java/util/ArrayList.java,indexOf
3d052f41-bc8a-447e-85ed-77374a2ee0a6,2d095ea2-ddbe-4d31-ad79-49c0d5d03ae8,a2c62886-76cf-45c1-b295-763b7b3bebcb,->,3d052f41-bc8a-447e-85ed-77374a2ee0a6,java/lang/Math.java,sin
3d052f41-bc8a-447e-85ed-77374a2ee0a6,2d095ea2-ddbe-4d31-ad79-49c0d5d03ae8,a2c62886-76cf-45c1-b295-763b7b3bebcb,->,3d052f41-bc8a-447e-85ed-77374a2ee0a6,java/lang/Math.java,abs
3d052f41-bc8a-447e-85ed-77374a2ee0a6,2d095ea2-ddbe-4d31-ad79-49c0d5d03ae8,a2c62886-76cf-45c1-b295-763b7b3bebcb,->,3d052f41-bc8a-447e-85ed-77374a2ee0a6,2d095ea2-ddbe-4d31-ad79-49c0d5d03ae8,cab352da-a4f5-4d8f-a2b6-164ea46595a2
3d052f41-bc8a-447e-85ed-77374a2ee0a6,2d095ea2-ddbe-4d31-ad79-49c0d5d03ae8,a2c62886-76cf-45c1-b295-763b7b3bebcb,->,3d052f41-bc8a-447e-85ed-77374a2ee0a6,4ade0b33-0cdf-492b-a717-e58b4e4ab44f,a44b38e0-a3f5-4226-827b-253d21e564d9
3d052f41-bc8a-447e-85ed-77374a2ee0a6,2d095ea2-ddbe-4d31-ad79-49c0d5d03ae8,a2c62886-76cf-45c1-b295-763b7b3bebcb,->,3d052f41-bc8a-447e-85ed-77374a2ee0a6,java/util/ArrayList.java,get
3d052f41-bc8a-447e-85ed-77374a2ee0a6,2d095ea2-ddbe-4d31-ad79-49c0d5d03ae8,a2c62886-76cf-45c1-b295-763b7b3bebcb,->,3d052f41-bc8a-447e-85ed-77374a2ee0a6,2d095ea2-ddbe-4d31-ad79-49c0d5d03ae8,cab352da-a4f5-4d8f-a2b6-164ea46595a2
3d052f41-bc8a-447e-85ed-77374a2ee0a6,2d095ea2-ddbe-4d31-ad79-49c0d5d03ae8,f12b81a7-032f-455c-80cc-f1a21d682fb3,->,3d052f41-bc8a-447e-85ed-77374a2ee0a6,java/util/ArrayList.java,get
3d052f41-bc8a-447e-85ed-77374a2ee0a6,2d095ea2-ddbe-4d31-ad79-49c0d5d03ae8,f12b81a7-032f-455c-80cc-f1a21d682fb3,->,3d052f41-bc8a-447e-85ed-77374a2ee0a6,arcanoid/model/Racket.java,position
3d052f41-bc8a-447e-85ed-77374a2ee0a6,2d095ea2-ddbe-4d31-ad79-49c0d5d03ae8,f12b81a7-032f-455c-80cc-f1a21d682fb3,->,3d052f41-bc8a-447e-85ed-77374a2ee0a6,arcanoid/model/Racket.java,size
3d052f41-bc8a-447e-85ed-77374a2ee0a6,2d095ea2-ddbe-4d31-ad79-49c0d5d03ae8,f12b81a7-032f-455c-80cc-f1a21d682fb3,->,3d052f41-bc8a-447e-85ed-77374a2ee0a6,3198f7a7-76eb-4657-95cf-d31509a0d1a8,333d43b2-032b-4afa-9766-91ed33157e34
3d052f41-bc8a-447e-85ed-77374a2ee0a6,2d095ea2-ddbe-4d31-ad79-49c0d5d03ae8,f12b81a7-032f-455c-80cc-f1a21d682fb3,->,3d052f41-bc8a-447e-85ed-77374a2ee0a6,4ade0b33-0cdf-492b-a717-e58b4e4ab44f,87103267-7021-416f-8a8e-b72b4f2d968a
3d052f41-bc8a-447e-85ed-77374a2ee0a6,2d095ea2-ddbe-4d31-ad79-49c0d5d03ae8,f12b81a7-032f-455c-80cc-f1a21d682fb3,->,3d052f41-bc8a-447e-85ed-77374a2ee0a6,3198f7a7-76eb-4657-95cf-d31509a0d1a8,333d43b2-032b-4afa-9766-91ed33157e34
3d052f41-bc8a-447e-85ed-77374a2ee0a6,2d095ea2-ddbe-4d31-ad79-49c0d5d03ae8,f12b81a7-032f-455c-80cc-f1a21d682fb3,->,3d052f41-bc8a-447e-85ed-77374a2ee0a6,arcanoid/model/Racket.java,position
3d052f41-bc8a-447e-85ed-77374a2ee0a6,2d095ea2-ddbe-4d31-ad79-49c0d5d03ae8,f12b81a7-032f-455c-80cc-f1a21d682fb3,->,3d052f41-bc8a-447e-85ed-77374a2ee0a6,4ade0b33-0cdf-492b-a717-e58b4e4ab44f,87103267-7021-416f-8a8e-b72b4f2d968a
3d052f41-bc8a-447e-85ed-77374a2ee0a6,2d095ea2-ddbe-4d31-ad79-49c0d5d03ae8,f12b81a7-032f-455c-80cc-f1a21d682fb3,->,3d052f41-bc8a-447e-85ed-77374a2ee0a6,3198f7a7-76eb-4657-95cf-d31509a0d1a8,57d94364-4a43-49ec-8119-8981023ef54a
3d052f41-bc8a-447e-85ed-77374a2ee0a6,2d095ea2-ddbe-4d31-ad79-49c0d5d03ae8,f12b81a7-032f-455c-80cc-f1a21d682fb3,->,3d052f41-bc8a-447e-85ed-77374a2ee0a6,4ade0b33-0cdf-492b-a717-e58b4e4ab44f,08aa872c-fd89-4e6e-9135-1c6fed99aa02
3d052f41-bc8a-447e-85ed-77374a2ee0a6,2d095ea2-ddbe-4d31-ad79-49c0d5d03ae8,7583128f-de0f-45aa-b566-e939a11e3f7a,->,3d052f41-bc8a-447e-85ed-77374a2ee0a6,2d095ea2-ddbe-4d31-ad79-49c0d5d03ae8,7583128f-de0f-45aa-b566-e939a11e3f7a
3d052f41-bc8a-447e-85ed-77374a2ee0a6,2d095ea2-ddbe-4d31-ad79-49c0d5d03ae8,7583128f-de0f-45aa-b566-e939a11e3f7a,->,3d052f41-bc8a-447e-85ed-77374a2ee0a6,2d095ea2-ddbe-4d31-ad79-49c0d5d03ae8,7583128f-de0f-45aa-b566-e939a11e3f7a
3d052f41-bc8a-447e-85ed-77374a2ee0a6,688d4081-ae16-471f-8e24-7f542302d506,2443de94-32d5-4dbe-898b-ecb25fe6047b,->,3d052f41-bc8a-447e-85ed-77374a2ee0a6,fb0844c9-e20e-4291-b8f1-ccfabe9e7077,929a7ad0-9402-440d-bcdc-ce15ece423c5
3d052f41-bc8a-447e-85ed-77374a2ee0a6,688d4081-ae16-471f-8e24-7f542302d506,2443de94-32d5-4dbe-898b-ecb25fe6047b,->,3d052f41-bc8a-447e-85ed-77374a2ee0a6,fb0844c9-e20e-4291-b8f1-ccfabe9e7077,4d9810ff-57c8-4f7d-94ed-7ff2cd9f814a
3d052f41-bc8a-447e-85ed-77374a2ee0a6,688d4081-ae16-471f-8e24-7f542302d506,2443de94-32d5-4dbe-898b-ecb25fe6047b,->,3d052f41-bc8a-447e-85ed-77374a2ee0a6,arcanoid/model/UndestroyableBrick.java,copy
3d052f41-bc8a-447e-85ed-77374a2ee0a6,688d4081-ae16-471f-8e24-7f542302d506,2443de94-32d5-4dbe-898b-ecb25fe6047b,->,3d052f41-bc8a-447e-85ed-77374a2ee0a6,688d4081-ae16-471f-8e24-7f542302d506,2443de94-32d5-4dbe-898b-ecb25fe6047b
3d052f41-bc8a-447e-85ed-77374a2ee0a6,688d4081-ae16-471f-8e24-7f542302d506,2443de94-32d5-4dbe-898b-ecb25fe6047b,->,3d052f41-bc8a-447e-85ed-77374a2ee0a6,688d4081-ae16-471f-8e24-7f542302d506,2443de94-32d5-4dbe-898b-ecb25fe6047b
3d052f41-bc8a-447e-85ed-77374a2ee0a6,15084fc0-6f9a-4b55-840f-87c4aff3f710,aaad2d94-756c-4e99-9b42-2c8bbf86007d,->,3d052f41-bc8a-447e-85ed-77374a2ee0a6,arcanoid/model/SwarmElement.java,copy
3d052f41-bc8a-447e-85ed-77374a2ee0a6,15084fc0-6f9a-4b55-840f-87c4aff3f710,aaad2d94-756c-4e99-9b42-2c8bbf86007d,->,3d052f41-bc8a-447e-85ed-77374a2ee0a6,15084fc0-6f9a-4b55-840f-87c4aff3f710,aaad2d94-756c-4e99-9b42-2c8bbf86007d
3d052f41-bc8a-447e-85ed-77374a2ee0a6,15084fc0-6f9a-4b55-840f-87c4aff3f710,aaad2d94-756c-4e99-9b42-2c8bbf86007d,->,3d052f41-bc8a-447e-85ed-77374a2ee0a6,15084fc0-6f9a-4b55-840f-87c4aff3f710,aaad2d94-756c-4e99-9b42-2c8bbf86007d
3d052f41-bc8a-447e-85ed-77374a2ee0a6,d921a1d4-40cd-439c-b664-93b7b55fa251,15fbca99-af5c-4aca-9a44-815993e88b24,->,3d052f41-bc8a-447e-85ed-77374a2ee0a6,java/util/ArrayList.java,add
3d052f41-bc8a-447e-85ed-77374a2ee0a6,d921a1d4-40cd-439c-b664-93b7b55fa251,ed0fc04a-3380-4586-9fe9-8fd72a534ff5,->,3d052f41-bc8a-447e-85ed-77374a2ee0a6,java/util/ArrayList.java,iterator
3d052f41-bc8a-447e-85ed-77374a2ee0a6,d921a1d4-40cd-439c-b664-93b7b55fa251,ed0fc04a-3380-4586-9fe9-8fd72a534ff5,->,3d052f41-bc8a-447e-85ed-77374a2ee0a6,java/util/Iterator.java,hasNext
3d052f41-bc8a-447e-85ed-77374a2ee0a6,d921a1d4-40cd-439c-b664-93b7b55fa251,ed0fc04a-3380-4586-9fe9-8fd72a534ff5,->,3d052f41-bc8a-447e-85ed-77374a2ee0a6,java/util/Iterator.java,next
3d052f41-bc8a-447e-85ed-77374a2ee0a6,d921a1d4-40cd-439c-b664-93b7b55fa251,ed0fc04a-3380-4586-9fe9-8fd72a534ff5,->,3d052f41-bc8a-447e-85ed-77374a2ee0a6,1965f89d-2912-49c8-a796-8b2d9ea7ec95,d4285087-d8cd-4b04-9acf-6d0ac7421dd9
3d052f41-bc8a-447e-85ed-77374a2ee0a6,d921a1d4-40cd-439c-b664-93b7b55fa251,06bb164b-8e26-43cd-903c-794e2a59d45a,->,3d052f41-bc8a-447e-85ed-77374a2ee0a6,fb0844c9-e20e-4291-b8f1-ccfabe9e7077,477e4c0c-4e02-42fe-b047-46f5ccda206b
3d052f41-bc8a-447e-85ed-77374a2ee0a6,d921a1d4-40cd-439c-b664-93b7b55fa251,fa2f0de6-98d0-4b04-8aff-0f1b8e1aba39,->,3d052f41-bc8a-447e-85ed-77374a2ee0a6,java/util/Map.java,keySet
3d052f41-bc8a-447e-85ed-77374a2ee0a6,d921a1d4-40cd-439c-b664-93b7b55fa251,fa2f0de6-98d0-4b04-8aff-0f1b8e1aba39,->,3d052f41-bc8a-447e-85ed-77374a2ee0a6,java/util/Set.java,contains
3d052f41-bc8a-447e-85ed-77374a2ee0a6,d921a1d4-40cd-439c-b664-93b7b55fa251,fa2f0de6-98d0-4b04-8aff-0f1b8e1aba39,->,3d052f41-bc8a-447e-85ed-77374a2ee0a6,java/util/Map.java,get
3d052f41-bc8a-447e-85ed-77374a2ee0a6,d921a1d4-40cd-439c-b664-93b7b55fa251,fa2f0de6-98d0-4b04-8aff-0f1b8e1aba39,->,3d052f41-bc8a-447e-85ed-77374a2ee0a6,java/util/ArrayList.java,contains
3d052f41-bc8a-447e-85ed-77374a2ee0a6,d921a1d4-40cd-439c-b664-93b7b55fa251,fa2f0de6-98d0-4b04-8aff-0f1b8e1aba39,->,3d052f41-bc8a-447e-85ed-77374a2ee0a6,java/util/ArrayList.java,add
3d052f41-bc8a-447e-85ed-77374a2ee0a6,d921a1d4-40cd-439c-b664-93b7b55fa251,fa2f0de6-98d0-4b04-8aff-0f1b8e1aba39,->,3d052f41-bc8a-447e-85ed-77374a2ee0a6,d921a1d4-40cd-439c-b664-93b7b55fa251,fa2f0de6-98d0-4b04-8aff-0f1b8e1aba39
3d052f41-bc8a-447e-85ed-77374a2ee0a6,d921a1d4-40cd-439c-b664-93b7b55fa251,855df800-acd7-4b65-974a-6d14c6b4400a,->,3d052f41-bc8a-447e-85ed-77374a2ee0a6,java/util/Map.java,keySet
3d052f41-bc8a-447e-85ed-77374a2ee0a6,d921a1d4-40cd-439c-b664-93b7b55fa251,855df800-acd7-4b65-974a-6d14c6b4400a,->,3d052f41-bc8a-447e-85ed-77374a2ee0a6,java/util/Set.java,iterator
3d052f41-bc8a-447e-85ed-77374a2ee0a6,d921a1d4-40cd-439c-b664-93b7b55fa251,855df800-acd7-4b65-974a-6d14c6b4400a,->,3d052f41-bc8a-447e-85ed-77374a2ee0a6,java/util/Iterator.java,hasNext
3d052f41-bc8a-447e-85ed-77374a2ee0a6,d921a1d4-40cd-439c-b664-93b7b55fa251,855df800-acd7-4b65-974a-6d14c6b4400a,->,3d052f41-bc8a-447e-85ed-77374a2ee0a6,java/util/Iterator.java,next
3d052f41-bc8a-447e-85ed-77374a2ee0a6,d921a1d4-40cd-439c-b664-93b7b55fa251,855df800-acd7-4b65-974a-6d14c6b4400a,->,3d052f41-bc8a-447e-85ed-77374a2ee0a6,java/util/ArrayList.java,add
3d052f41-bc8a-447e-85ed-77374a2ee0a6,d921a1d4-40cd-439c-b664-93b7b55fa251,855df800-acd7-4b65-974a-6d14c6b4400a,->,3d052f41-bc8a-447e-85ed-77374a2ee0a6,d921a1d4-40cd-439c-b664-93b7b55fa251,fa2f0de6-98d0-4b04-8aff-0f1b8e1aba39
3d052f41-bc8a-447e-85ed-77374a2ee0a6,d921a1d4-40cd-439c-b664-93b7b55fa251,855df800-acd7-4b65-974a-6d14c6b4400a,->,3d052f41-bc8a-447e-85ed-77374a2ee0a6,java/util/ArrayList.java,size
3d052f41-bc8a-447e-85ed-77374a2ee0a6,d921a1d4-40cd-439c-b664-93b7b55fa251,1fbe9b73-2397-4976-8308-31befb51ae18,->,3d052f41-bc8a-447e-85ed-77374a2ee0a6,java/util/ArrayList.java,iterator
3d052f41-bc8a-447e-85ed-77374a2ee0a6,d921a1d4-40cd-439c-b664-93b7b55fa251,1fbe9b73-2397-4976-8308-31befb51ae18,->,3d052f41-bc8a-447e-85ed-77374a2ee0a6,java/util/Iterator.java,hasNext
3d052f41-bc8a-447e-85ed-77374a2ee0a6,d921a1d4-40cd-439c-b664-93b7b55fa251,1fbe9b73-2397-4976-8308-31befb51ae18,->,3d052f41-bc8a-447e-85ed-77374a2ee0a6,java/util/Iterator.java,next
3d052f41-bc8a-447e-85ed-77374a2ee0a6,d921a1d4-40cd-439c-b664-93b7b55fa251,1fbe9b73-2397-4976-8308-31befb51ae18,->,3d052f41-bc8a-447e-85ed-77374a2ee0a6,fb0844c9-e20e-4291-b8f1-ccfabe9e7077,477e4c0c-4e02-42fe-b047-46f5ccda206b
3d052f41-bc8a-447e-85ed-77374a2ee0a6,d921a1d4-40cd-439c-b664-93b7b55fa251,1fbe9b73-2397-4976-8308-31befb51ae18,->,3d052f41-bc8a-447e-85ed-77374a2ee0a6,java/util/ArrayList.java,add
3d052f41-bc8a-447e-85ed-77374a2ee0a6,d921a1d4-40cd-439c-b664-93b7b55fa251,1fbe9b73-2397-4976-8308-31befb51ae18,->,3d052f41-bc8a-447e-85ed-77374a2ee0a6,4ade0b33-0cdf-492b-a717-e58b4e4ab44f,58cadf95-5ebe-471b-9508-14eeb2732f92
3d052f41-bc8a-447e-85ed-77374a2ee0a6,d921a1d4-40cd-439c-b664-93b7b55fa251,1fbe9b73-2397-4976-8308-31befb51ae18,->,3d052f41-bc8a-447e-85ed-77374a2ee0a6,java/util/ArrayList.java,add
3d052f41-bc8a-447e-85ed-77374a2ee0a6,d921a1d4-40cd-439c-b664-93b7b55fa251,1fbe9b73-2397-4976-8308-31befb51ae18,->,3d052f41-bc8a-447e-85ed-77374a2ee0a6,java/util/ArrayList.java,iterator
3d052f41-bc8a-447e-85ed-77374a2ee0a6,d921a1d4-40cd-439c-b664-93b7b55fa251,1fbe9b73-2397-4976-8308-31befb51ae18,->,3d052f41-bc8a-447e-85ed-77374a2ee0a6,java/util/Iterator.java,hasNext
3d052f41-bc8a-447e-85ed-77374a2ee0a6,d921a1d4-40cd-439c-b664-93b7b55fa251,1fbe9b73-2397-4976-8308-31befb51ae18,->,3d052f41-bc8a-447e-85ed-77374a2ee0a6,java/util/Iterator.java,next
3d052f41-bc8a-447e-85ed-77374a2ee0a6,d921a1d4-40cd-439c-b664-93b7b55fa251,1fbe9b73-2397-4976-8308-31befb51ae18,->,3d052f41-bc8a-447e-85ed-77374a2ee0a6,java/util/ArrayList.java,iterator
3d052f41-bc8a-447e-85ed-77374a2ee0a6,d921a1d4-40cd-439c-b664-93b7b55fa251,1fbe9b73-2397-4976-8308-31befb51ae18,->,3d052f41-bc8a-447e-85ed-77374a2ee0a6,java/util/Iterator.java,hasNext
3d052f41-bc8a-447e-85ed-77374a2ee0a6,d921a1d4-40cd-439c-b664-93b7b55fa251,1fbe9b73-2397-4976-8308-31befb51ae18,->,3d052f41-bc8a-447e-85ed-77374a2ee0a6,java/util/Iterator.java,next
3d052f41-bc8a-447e-85ed-77374a2ee0a6,d921a1d4-40cd-439c-b664-93b7b55fa251,1fbe9b73-2397-4976-8308-31befb51ae18,->,3d052f41-bc8a-447e-85ed-77374a2ee0a6,java/util/ArrayList.java,indexOf
3d052f41-bc8a-447e-85ed-77374a2ee0a6,d921a1d4-40cd-439c-b664-93b7b55fa251,1fbe9b73-2397-4976-8308-31befb51ae18,->,3d052f41-bc8a-447e-85ed-77374a2ee0a6,java/util/ArrayList.java,indexOf
3d052f41-bc8a-447e-85ed-77374a2ee0a6,d921a1d4-40cd-439c-b664-93b7b55fa251,1fbe9b73-2397-4976-8308-31befb51ae18,->,3d052f41-bc8a-447e-85ed-77374a2ee0a6,java/util/ArrayList.java,add
3d052f41-bc8a-447e-85ed-77374a2ee0a6,d921a1d4-40cd-439c-b664-93b7b55fa251,1fbe9b73-2397-4976-8308-31befb51ae18,->,3d052f41-bc8a-447e-85ed-77374a2ee0a6,java/util/HashMap.java,put
3d052f41-bc8a-447e-85ed-77374a2ee0a6,d921a1d4-40cd-439c-b664-93b7b55fa251,1fbe9b73-2397-4976-8308-31befb51ae18,->,3d052f41-bc8a-447e-85ed-77374a2ee0a6,java/util/HashMap.java,entrySet
3d052f41-bc8a-447e-85ed-77374a2ee0a6,d921a1d4-40cd-439c-b664-93b7b55fa251,1fbe9b73-2397-4976-8308-31befb51ae18,->,3d052f41-bc8a-447e-85ed-77374a2ee0a6,java/util/Set.java,iterator
3d052f41-bc8a-447e-85ed-77374a2ee0a6,d921a1d4-40cd-439c-b664-93b7b55fa251,1fbe9b73-2397-4976-8308-31befb51ae18,->,3d052f41-bc8a-447e-85ed-77374a2ee0a6,java/util/Iterator.java,hasNext
3d052f41-bc8a-447e-85ed-77374a2ee0a6,d921a1d4-40cd-439c-b664-93b7b55fa251,1fbe9b73-2397-4976-8308-31befb51ae18,->,3d052f41-bc8a-447e-85ed-77374a2ee0a6,java/util/Iterator.java,next
3d052f41-bc8a-447e-85ed-77374a2ee0a6,d921a1d4-40cd-439c-b664-93b7b55fa251,1fbe9b73-2397-4976-8308-31befb51ae18,->,3d052f41-bc8a-447e-85ed-77374a2ee0a6,java/util/Map$Entry.java,getKey
3d052f41-bc8a-447e-85ed-77374a2ee0a6,d921a1d4-40cd-439c-b664-93b7b55fa251,1fbe9b73-2397-4976-8308-31befb51ae18,->,3d052f41-bc8a-447e-85ed-77374a2ee0a6,java/util/Map$Entry.java,getValue
3d052f41-bc8a-447e-85ed-77374a2ee0a6,d921a1d4-40cd-439c-b664-93b7b55fa251,1fbe9b73-2397-4976-8308-31befb51ae18,->,3d052f41-bc8a-447e-85ed-77374a2ee0a6,java/util/ArrayList.java,get
3d052f41-bc8a-447e-85ed-77374a2ee0a6,d921a1d4-40cd-439c-b664-93b7b55fa251,1fbe9b73-2397-4976-8308-31befb51ae18,->,3d052f41-bc8a-447e-85ed-77374a2ee0a6,java/lang/Object.java,getClass
3d052f41-bc8a-447e-85ed-77374a2ee0a6,d921a1d4-40cd-439c-b664-93b7b55fa251,1fbe9b73-2397-4976-8308-31befb51ae18,->,3d052f41-bc8a-447e-85ed-77374a2ee0a6,java/lang/Class.java,getDeclaredConstructors
3d052f41-bc8a-447e-85ed-77374a2ee0a6,d921a1d4-40cd-439c-b664-93b7b55fa251,1fbe9b73-2397-4976-8308-31befb51ae18,->,3d052f41-bc8a-447e-85ed-77374a2ee0a6,java/lang/reflect/Constructor.java,newInstance
3d052f41-bc8a-447e-85ed-77374a2ee0a6,d921a1d4-40cd-439c-b664-93b7b55fa251,1fbe9b73-2397-4976-8308-31befb51ae18,->,3d052f41-bc8a-447e-85ed-77374a2ee0a6,java/util/ArrayList.java,iterator
3d052f41-bc8a-447e-85ed-77374a2ee0a6,d921a1d4-40cd-439c-b664-93b7b55fa251,1fbe9b73-2397-4976-8308-31befb51ae18,->,3d052f41-bc8a-447e-85ed-77374a2ee0a6,java/util/Iterator.java,hasNext
3d052f41-bc8a-447e-85ed-77374a2ee0a6,d921a1d4-40cd-439c-b664-93b7b55fa251,1fbe9b73-2397-4976-8308-31befb51ae18,->,3d052f41-bc8a-447e-85ed-77374a2ee0a6,java/util/Iterator.java,next
3d052f41-bc8a-447e-85ed-77374a2ee0a6,d921a1d4-40cd-439c-b664-93b7b55fa251,1fbe9b73-2397-4976-8308-31befb51ae18,->,3d052f41-bc8a-447e-85ed-77374a2ee0a6,4ade0b33-0cdf-492b-a717-e58b4e4ab44f,a44b38e0-a3f5-4226-827b-253d21e564d9
3d052f41-bc8a-447e-85ed-77374a2ee0a6,d921a1d4-40cd-439c-b664-93b7b55fa251,1fbe9b73-2397-4976-8308-31befb51ae18,->,3d052f41-bc8a-447e-85ed-77374a2ee0a6,9af524cf-3d7b-41c5-a351-a1a522f91afb,1378e2c0-417e-4fce-aaf3-d0b2907dc511
3d052f41-bc8a-447e-85ed-77374a2ee0a6,d921a1d4-40cd-439c-b664-93b7b55fa251,1fbe9b73-2397-4976-8308-31befb51ae18,->,3d052f41-bc8a-447e-85ed-77374a2ee0a6,4ade0b33-0cdf-492b-a717-e58b4e4ab44f,a805f959-eede-4fb6-8fb0-fa2f486f27b5
3d052f41-bc8a-447e-85ed-77374a2ee0a6,d921a1d4-40cd-439c-b664-93b7b55fa251,1fbe9b73-2397-4976-8308-31befb51ae18,->,3d052f41-bc8a-447e-85ed-77374a2ee0a6,4ade0b33-0cdf-492b-a717-e58b4e4ab44f,425daee4-f566-4b36-91c3-9d3eeeea84d1
3d052f41-bc8a-447e-85ed-77374a2ee0a6,d921a1d4-40cd-439c-b664-93b7b55fa251,1fbe9b73-2397-4976-8308-31befb51ae18,->,3d052f41-bc8a-447e-85ed-77374a2ee0a6,java/lang/Class.java,getName
3d052f41-bc8a-447e-85ed-77374a2ee0a6,d921a1d4-40cd-439c-b664-93b7b55fa251,1fbe9b73-2397-4976-8308-31befb51ae18,->,3d052f41-bc8a-447e-85ed-77374a2ee0a6,java/util/logging/Logger.java,getLogger
3d052f41-bc8a-447e-85ed-77374a2ee0a6,d921a1d4-40cd-439c-b664-93b7b55fa251,1fbe9b73-2397-4976-8308-31befb51ae18,->,3d052f41-bc8a-447e-85ed-77374a2ee0a6,java/util/logging/Logger.java,log
3d052f41-bc8a-447e-85ed-77374a2ee0a6,d921a1d4-40cd-439c-b664-93b7b55fa251,1fbe9b73-2397-4976-8308-31befb51ae18,->,3d052f41-bc8a-447e-85ed-77374a2ee0a6,java/lang/Class.java,getName
3d052f41-bc8a-447e-85ed-77374a2ee0a6,d921a1d4-40cd-439c-b664-93b7b55fa251,1fbe9b73-2397-4976-8308-31befb51ae18,->,3d052f41-bc8a-447e-85ed-77374a2ee0a6,java/util/logging/Logger.java,getLogger
3d052f41-bc8a-447e-85ed-77374a2ee0a6,d921a1d4-40cd-439c-b664-93b7b55fa251,1fbe9b73-2397-4976-8308-31befb51ae18,->,3d052f41-bc8a-447e-85ed-77374a2ee0a6,java/util/logging/Logger.java,log
3d052f41-bc8a-447e-85ed-77374a2ee0a6,d921a1d4-40cd-439c-b664-93b7b55fa251,1fbe9b73-2397-4976-8308-31befb51ae18,->,3d052f41-bc8a-447e-85ed-77374a2ee0a6,java/lang/Class.java,getName
3d052f41-bc8a-447e-85ed-77374a2ee0a6,d921a1d4-40cd-439c-b664-93b7b55fa251,1fbe9b73-2397-4976-8308-31befb51ae18,->,3d052f41-bc8a-447e-85ed-77374a2ee0a6,java/util/logging/Logger.java,getLogger
3d052f41-bc8a-447e-85ed-77374a2ee0a6,d921a1d4-40cd-439c-b664-93b7b55fa251,1fbe9b73-2397-4976-8308-31befb51ae18,->,3d052f41-bc8a-447e-85ed-77374a2ee0a6,java/util/logging/Logger.java,log
3d052f41-bc8a-447e-85ed-77374a2ee0a6,d921a1d4-40cd-439c-b664-93b7b55fa251,1fbe9b73-2397-4976-8308-31befb51ae18,->,3d052f41-bc8a-447e-85ed-77374a2ee0a6,java/lang/Class.java,getName
3d052f41-bc8a-447e-85ed-77374a2ee0a6,d921a1d4-40cd-439c-b664-93b7b55fa251,1fbe9b73-2397-4976-8308-31befb51ae18,->,3d052f41-bc8a-447e-85ed-77374a2ee0a6,java/util/logging/Logger.java,getLogger
3d052f41-bc8a-447e-85ed-77374a2ee0a6,d921a1d4-40cd-439c-b664-93b7b55fa251,1fbe9b73-2397-4976-8308-31befb51ae18,->,3d052f41-bc8a-447e-85ed-77374a2ee0a6,java/util/logging/Logger.java,log
3d052f41-bc8a-447e-85ed-77374a2ee0a6,d921a1d4-40cd-439c-b664-93b7b55fa251,c4ce7445-8166-417a-9c37-eae93927f9eb,->,3d052f41-bc8a-447e-85ed-77374a2ee0a6,92e7699c-7a22-439c-a6f7-1441715fcff8,534aa508-e72c-49e1-9c74-34188003050c
3d052f41-bc8a-447e-85ed-77374a2ee0a6,d921a1d4-40cd-439c-b664-93b7b55fa251,c4ce7445-8166-417a-9c37-eae93927f9eb,->,3d052f41-bc8a-447e-85ed-77374a2ee0a6,d921a1d4-40cd-439c-b664-93b7b55fa251,06bb164b-8e26-43cd-903c-794e2a59d45a
3d052f41-bc8a-447e-85ed-77374a2ee0a6,d921a1d4-40cd-439c-b664-93b7b55fa251,c4ce7445-8166-417a-9c37-eae93927f9eb,->,3d052f41-bc8a-447e-85ed-77374a2ee0a6,92e7699c-7a22-439c-a6f7-1441715fcff8,367da20d-2b47-4eb8-82a6-902c0b9afe95
3d052f41-bc8a-447e-85ed-77374a2ee0a6,d921a1d4-40cd-439c-b664-93b7b55fa251,c4ce7445-8166-417a-9c37-eae93927f9eb,->,3d052f41-bc8a-447e-85ed-77374a2ee0a6,92e7699c-7a22-439c-a6f7-1441715fcff8,d7b7ed25-2ab2-4b11-b0e4-c09abf825f59
3d052f41-bc8a-447e-85ed-77374a2ee0a6,d921a1d4-40cd-439c-b664-93b7b55fa251,c4ce7445-8166-417a-9c37-eae93927f9eb,->,3d052f41-bc8a-447e-85ed-77374a2ee0a6,99ced2e8-1dd3-474c-b614-a367a08e2462,5f6f21bf-a7ce-4095-a019-6b82e88fc82e
3d052f41-bc8a-447e-85ed-77374a2ee0a6,d921a1d4-40cd-439c-b664-93b7b55fa251,c4ce7445-8166-417a-9c37-eae93927f9eb,->,3d052f41-bc8a-447e-85ed-77374a2ee0a6,92e7699c-7a22-439c-a6f7-1441715fcff8,9ce75e01-8be9-4f59-9e7e-e0e4f48df0d3
3d052f41-bc8a-447e-85ed-77374a2ee0a6,d921a1d4-40cd-439c-b664-93b7b55fa251,c4ce7445-8166-417a-9c37-eae93927f9eb,->,3d052f41-bc8a-447e-85ed-77374a2ee0a6,4ade0b33-0cdf-492b-a717-e58b4e4ab44f,feec30cf-4b42-4e0c-a31a-46fb852ab5c4
3d052f41-bc8a-447e-85ed-77374a2ee0a6,d921a1d4-40cd-439c-b664-93b7b55fa251,c4ce7445-8166-417a-9c37-eae93927f9eb,->,3d052f41-bc8a-447e-85ed-77374a2ee0a6,92e7699c-7a22-439c-a6f7-1441715fcff8,9ce75e01-8be9-4f59-9e7e-e0e4f48df0d3
3d052f41-bc8a-447e-85ed-77374a2ee0a6,d921a1d4-40cd-439c-b664-93b7b55fa251,c4ce7445-8166-417a-9c37-eae93927f9eb,->,3d052f41-bc8a-447e-85ed-77374a2ee0a6,92e7699c-7a22-439c-a6f7-1441715fcff8,d7b7ed25-2ab2-4b11-b0e4-c09abf825f59
3d052f41-bc8a-447e-85ed-77374a2ee0a6,d921a1d4-40cd-439c-b664-93b7b55fa251,c4ce7445-8166-417a-9c37-eae93927f9eb,->,3d052f41-bc8a-447e-85ed-77374a2ee0a6,d921a1d4-40cd-439c-b664-93b7b55fa251,1bfc2f47-d275-4015-add1-95b28ba57139
3d052f41-bc8a-447e-85ed-77374a2ee0a6,d921a1d4-40cd-439c-b664-93b7b55fa251,c4ce7445-8166-417a-9c37-eae93927f9eb,->,3d052f41-bc8a-447e-85ed-77374a2ee0a6,9d4851c4-6e32-4d0e-8c63-332f8a325b1c,"55d5c5ac-1c9f-4ca1-b396-15827a8da8af,ea4dbd50-6f3c-42a8-b9aa-7544a73a2eae"
3d052f41-bc8a-447e-85ed-77374a2ee0a6,d921a1d4-40cd-439c-b664-93b7b55fa251,c4ce7445-8166-417a-9c37-eae93927f9eb,->,3d052f41-bc8a-447e-85ed-77374a2ee0a6,4ade0b33-0cdf-492b-a717-e58b4e4ab44f,a805f959-eede-4fb6-8fb0-fa2f486f27b5
3d052f41-bc8a-447e-85ed-77374a2ee0a6,d921a1d4-40cd-439c-b664-93b7b55fa251,c4ce7445-8166-417a-9c37-eae93927f9eb,->,3d052f41-bc8a-447e-85ed-77374a2ee0a6,92e7699c-7a22-439c-a6f7-1441715fcff8,9ce75e01-8be9-4f59-9e7e-e0e4f48df0d3
3d052f41-bc8a-447e-85ed-77374a2ee0a6,d921a1d4-40cd-439c-b664-93b7b55fa251,c4ce7445-8166-417a-9c37-eae93927f9eb,->,3d052f41-bc8a-447e-85ed-77374a2ee0a6,4ade0b33-0cdf-492b-a717-e58b4e4ab44f,feec30cf-4b42-4e0c-a31a-46fb852ab5c4
3d052f41-bc8a-447e-85ed-77374a2ee0a6,d921a1d4-40cd-439c-b664-93b7b55fa251,c4ce7445-8166-417a-9c37-eae93927f9eb,->,3d052f41-bc8a-447e-85ed-77374a2ee0a6,4ade0b33-0cdf-492b-a717-e58b4e4ab44f,a805f959-eede-4fb6-8fb0-fa2f486f27b5
3d052f41-bc8a-447e-85ed-77374a2ee0a6,d921a1d4-40cd-439c-b664-93b7b55fa251,c4ce7445-8166-417a-9c37-eae93927f9eb,->,3d052f41-bc8a-447e-85ed-77374a2ee0a6,92e7699c-7a22-439c-a6f7-1441715fcff8,367da20d-2b47-4eb8-82a6-902c0b9afe95
3d052f41-bc8a-447e-85ed-77374a2ee0a6,d921a1d4-40cd-439c-b664-93b7b55fa251,c4ce7445-8166-417a-9c37-eae93927f9eb,->,3d052f41-bc8a-447e-85ed-77374a2ee0a6,d921a1d4-40cd-439c-b664-93b7b55fa251,855df800-acd7-4b65-974a-6d14c6b4400a
3d052f41-bc8a-447e-85ed-77374a2ee0a6,d921a1d4-40cd-439c-b664-93b7b55fa251,c4ce7445-8166-417a-9c37-eae93927f9eb,->,3d052f41-bc8a-447e-85ed-77374a2ee0a6,java/util/ArrayList.java,isEmpty
3d052f41-bc8a-447e-85ed-77374a2ee0a6,d921a1d4-40cd-439c-b664-93b7b55fa251,c4ce7445-8166-417a-9c37-eae93927f9eb,->,3d052f41-bc8a-447e-85ed-77374a2ee0a6,d921a1d4-40cd-439c-b664-93b7b55fa251,1fbe9b73-2397-4976-8308-31befb51ae18
3d052f41-bc8a-447e-85ed-77374a2ee0a6,d921a1d4-40cd-439c-b664-93b7b55fa251,c4ce7445-8166-417a-9c37-eae93927f9eb,->,3d052f41-bc8a-447e-85ed-77374a2ee0a6,java/util/Map.java,keySet
3d052f41-bc8a-447e-85ed-77374a2ee0a6,d921a1d4-40cd-439c-b664-93b7b55fa251,c4ce7445-8166-417a-9c37-eae93927f9eb,->,3d052f41-bc8a-447e-85ed-77374a2ee0a6,java/util/Set.java,iterator
3d052f41-bc8a-447e-85ed-77374a2ee0a6,d921a1d4-40cd-439c-b664-93b7b55fa251,c4ce7445-8166-417a-9c37-eae93927f9eb,->,3d052f41-bc8a-447e-85ed-77374a2ee0a6,java/util/Iterator.java,hasNext
3d052f41-bc8a-447e-85ed-77374a2ee0a6,d921a1d4-40cd-439c-b664-93b7b55fa251,c4ce7445-8166-417a-9c37-eae93927f9eb,->,3d052f41-bc8a-447e-85ed-77374a2ee0a6,java/util/Iterator.java,next
3d052f41-bc8a-447e-85ed-77374a2ee0a6,d921a1d4-40cd-439c-b664-93b7b55fa251,c4ce7445-8166-417a-9c37-eae93927f9eb,->,3d052f41-bc8a-447e-85ed-77374a2ee0a6,java/util/ArrayList.java,contains
3d052f41-bc8a-447e-85ed-77374a2ee0a6,d921a1d4-40cd-439c-b664-93b7b55fa251,c4ce7445-8166-417a-9c37-eae93927f9eb,->,3d052f41-bc8a-447e-85ed-77374a2ee0a6,java/util/Map.java,remove
3d052f41-bc8a-447e-85ed-77374a2ee0a6,d921a1d4-40cd-439c-b664-93b7b55fa251,c4ce7445-8166-417a-9c37-eae93927f9eb,->,3d052f41-bc8a-447e-85ed-77374a2ee0a6,java/util/Map.java,keySet
3d052f41-bc8a-447e-85ed-77374a2ee0a6,d921a1d4-40cd-439c-b664-93b7b55fa251,c4ce7445-8166-417a-9c37-eae93927f9eb,->,3d052f41-bc8a-447e-85ed-77374a2ee0a6,java/util/Set.java,iterator
3d052f41-bc8a-447e-85ed-77374a2ee0a6,d921a1d4-40cd-439c-b664-93b7b55fa251,c4ce7445-8166-417a-9c37-eae93927f9eb,->,3d052f41-bc8a-447e-85ed-77374a2ee0a6,java/util/Iterator.java,hasNext
3d052f41-bc8a-447e-85ed-77374a2ee0a6,d921a1d4-40cd-439c-b664-93b7b55fa251,c4ce7445-8166-417a-9c37-eae93927f9eb,->,3d052f41-bc8a-447e-85ed-77374a2ee0a6,java/util/Iterator.java,next
3d052f41-bc8a-447e-85ed-77374a2ee0a6,d921a1d4-40cd-439c-b664-93b7b55fa251,c4ce7445-8166-417a-9c37-eae93927f9eb,->,3d052f41-bc8a-447e-85ed-77374a2ee0a6,fb0844c9-e20e-4291-b8f1-ccfabe9e7077,477e4c0c-4e02-42fe-b047-46f5ccda206b
3d052f41-bc8a-447e-85ed-77374a2ee0a6,d921a1d4-40cd-439c-b664-93b7b55fa251,c4ce7445-8166-417a-9c37-eae93927f9eb,->,3d052f41-bc8a-447e-85ed-77374a2ee0a6,java/util/Map.java,get
3d052f41-bc8a-447e-85ed-77374a2ee0a6,d921a1d4-40cd-439c-b664-93b7b55fa251,c4ce7445-8166-417a-9c37-eae93927f9eb,->,3d052f41-bc8a-447e-85ed-77374a2ee0a6,java/util/ArrayList.java,contains
3d052f41-bc8a-447e-85ed-77374a2ee0a6,d921a1d4-40cd-439c-b664-93b7b55fa251,c4ce7445-8166-417a-9c37-eae93927f9eb,->,3d052f41-bc8a-447e-85ed-77374a2ee0a6,com/golden/gamedev/object/Sprite.java,getX
3d052f41-bc8a-447e-85ed-77374a2ee0a6,d921a1d4-40cd-439c-b664-93b7b55fa251,c4ce7445-8166-417a-9c37-eae93927f9eb,->,3d052f41-bc8a-447e-85ed-77374a2ee0a6,com/golden/gamedev/object/Sprite.java,getY
3d052f41-bc8a-447e-85ed-77374a2ee0a6,d921a1d4-40cd-439c-b664-93b7b55fa251,c4ce7445-8166-417a-9c37-eae93927f9eb,->,3d052f41-bc8a-447e-85ed-77374a2ee0a6,com/golden/gamedev/object/Sprite.java,getWidth
3d052f41-bc8a-447e-85ed-77374a2ee0a6,d921a1d4-40cd-439c-b664-93b7b55fa251,c4ce7445-8166-417a-9c37-eae93927f9eb,->,3d052f41-bc8a-447e-85ed-77374a2ee0a6,com/golden/gamedev/object/Sprite.java,getHeight
3d052f41-bc8a-447e-85ed-77374a2ee0a6,d921a1d4-40cd-439c-b664-93b7b55fa251,c4ce7445-8166-417a-9c37-eae93927f9eb,->,3d052f41-bc8a-447e-85ed-77374a2ee0a6,com/golden/gamedev/object/Sprite.java,getX
3d052f41-bc8a-447e-85ed-77374a2ee0a6,d921a1d4-40cd-439c-b664-93b7b55fa251,c4ce7445-8166-417a-9c37-eae93927f9eb,->,3d052f41-bc8a-447e-85ed-77374a2ee0a6,com/golden/gamedev/object/Sprite.java,getY
3d052f41-bc8a-447e-85ed-77374a2ee0a6,d921a1d4-40cd-439c-b664-93b7b55fa251,c4ce7445-8166-417a-9c37-eae93927f9eb,->,3d052f41-bc8a-447e-85ed-77374a2ee0a6,com/golden/gamedev/object/Sprite.java,getWidth
3d052f41-bc8a-447e-85ed-77374a2ee0a6,d921a1d4-40cd-439c-b664-93b7b55fa251,c4ce7445-8166-417a-9c37-eae93927f9eb,->,3d052f41-bc8a-447e-85ed-77374a2ee0a6,com/golden/gamedev/object/Sprite.java,getHeight
3d052f41-bc8a-447e-85ed-77374a2ee0a6,d921a1d4-40cd-439c-b664-93b7b55fa251,c4ce7445-8166-417a-9c37-eae93927f9eb,->,3d052f41-bc8a-447e-85ed-77374a2ee0a6,com/golden/gamedev/object/CollisionManager.java,getIntersectionRect
3d052f41-bc8a-447e-85ed-77374a2ee0a6,d921a1d4-40cd-439c-b664-93b7b55fa251,c4ce7445-8166-417a-9c37-eae93927f9eb,->,3d052f41-bc8a-447e-85ed-77374a2ee0a6,fb0844c9-e20e-4291-b8f1-ccfabe9e7077,477e4c0c-4e02-42fe-b047-46f5ccda206b
3d052f41-bc8a-447e-85ed-77374a2ee0a6,d921a1d4-40cd-439c-b664-93b7b55fa251,c4ce7445-8166-417a-9c37-eae93927f9eb,->,3d052f41-bc8a-447e-85ed-77374a2ee0a6,4ade0b33-0cdf-492b-a717-e58b4e4ab44f,58cadf95-5ebe-471b-9508-14eeb2732f92
3d052f41-bc8a-447e-85ed-77374a2ee0a6,d921a1d4-40cd-439c-b664-93b7b55fa251,c4ce7445-8166-417a-9c37-eae93927f9eb,->,3d052f41-bc8a-447e-85ed-77374a2ee0a6,4ade0b33-0cdf-492b-a717-e58b4e4ab44f,58cadf95-5ebe-471b-9508-14eeb2732f92
3d052f41-bc8a-447e-85ed-77374a2ee0a6,d921a1d4-40cd-439c-b664-93b7b55fa251,c4ce7445-8166-417a-9c37-eae93927f9eb,->,3d052f41-bc8a-447e-85ed-77374a2ee0a6,4ade0b33-0cdf-492b-a717-e58b4e4ab44f,87103267-7021-416f-8a8e-b72b4f2d968a
3d052f41-bc8a-447e-85ed-77374a2ee0a6,d921a1d4-40cd-439c-b664-93b7b55fa251,c4ce7445-8166-417a-9c37-eae93927f9eb,->,3d052f41-bc8a-447e-85ed-77374a2ee0a6,3198f7a7-76eb-4657-95cf-d31509a0d1a8,333d43b2-032b-4afa-9766-91ed33157e34
3d052f41-bc8a-447e-85ed-77374a2ee0a6,d921a1d4-40cd-439c-b664-93b7b55fa251,c4ce7445-8166-417a-9c37-eae93927f9eb,->,3d052f41-bc8a-447e-85ed-77374a2ee0a6,4ade0b33-0cdf-492b-a717-e58b4e4ab44f,87103267-7021-416f-8a8e-b72b4f2d968a
3d052f41-bc8a-447e-85ed-77374a2ee0a6,d921a1d4-40cd-439c-b664-93b7b55fa251,c4ce7445-8166-417a-9c37-eae93927f9eb,->,3d052f41-bc8a-447e-85ed-77374a2ee0a6,3198f7a7-76eb-4657-95cf-d31509a0d1a8,57d94364-4a43-49ec-8119-8981023ef54a
3d052f41-bc8a-447e-85ed-77374a2ee0a6,d921a1d4-40cd-439c-b664-93b7b55fa251,c4ce7445-8166-417a-9c37-eae93927f9eb,->,3d052f41-bc8a-447e-85ed-77374a2ee0a6,4ade0b33-0cdf-492b-a717-e58b4e4ab44f,87103267-7021-416f-8a8e-b72b4f2d968a
3d052f41-bc8a-447e-85ed-77374a2ee0a6,d921a1d4-40cd-439c-b664-93b7b55fa251,c4ce7445-8166-417a-9c37-eae93927f9eb,->,3d052f41-bc8a-447e-85ed-77374a2ee0a6,3198f7a7-76eb-4657-95cf-d31509a0d1a8,333d43b2-032b-4afa-9766-91ed33157e34
3d052f41-bc8a-447e-85ed-77374a2ee0a6,d921a1d4-40cd-439c-b664-93b7b55fa251,c4ce7445-8166-417a-9c37-eae93927f9eb,->,3d052f41-bc8a-447e-85ed-77374a2ee0a6,4ade0b33-0cdf-492b-a717-e58b4e4ab44f,87103267-7021-416f-8a8e-b72b4f2d968a
3d052f41-bc8a-447e-85ed-77374a2ee0a6,d921a1d4-40cd-439c-b664-93b7b55fa251,c4ce7445-8166-417a-9c37-eae93927f9eb,->,3d052f41-bc8a-447e-85ed-77374a2ee0a6,3198f7a7-76eb-4657-95cf-d31509a0d1a8,333d43b2-032b-4afa-9766-91ed33157e34
3d052f41-bc8a-447e-85ed-77374a2ee0a6,d921a1d4-40cd-439c-b664-93b7b55fa251,c4ce7445-8166-417a-9c37-eae93927f9eb,->,3d052f41-bc8a-447e-85ed-77374a2ee0a6,4ade0b33-0cdf-492b-a717-e58b4e4ab44f,87103267-7021-416f-8a8e-b72b4f2d968a
3d052f41-bc8a-447e-85ed-77374a2ee0a6,d921a1d4-40cd-439c-b664-93b7b55fa251,c4ce7445-8166-417a-9c37-eae93927f9eb,->,3d052f41-bc8a-447e-85ed-77374a2ee0a6,3198f7a7-76eb-4657-95cf-d31509a0d1a8,57d94364-4a43-49ec-8119-8981023ef54a
3d052f41-bc8a-447e-85ed-77374a2ee0a6,d921a1d4-40cd-439c-b664-93b7b55fa251,c4ce7445-8166-417a-9c37-eae93927f9eb,->,3d052f41-bc8a-447e-85ed-77374a2ee0a6,4ade0b33-0cdf-492b-a717-e58b4e4ab44f,87103267-7021-416f-8a8e-b72b4f2d968a
3d052f41-bc8a-447e-85ed-77374a2ee0a6,d921a1d4-40cd-439c-b664-93b7b55fa251,c4ce7445-8166-417a-9c37-eae93927f9eb,->,3d052f41-bc8a-447e-85ed-77374a2ee0a6,3198f7a7-76eb-4657-95cf-d31509a0d1a8,57d94364-4a43-49ec-8119-8981023ef54a
3d052f41-bc8a-447e-85ed-77374a2ee0a6,d921a1d4-40cd-439c-b664-93b7b55fa251,c4ce7445-8166-417a-9c37-eae93927f9eb,->,3d052f41-bc8a-447e-85ed-77374a2ee0a6,4ade0b33-0cdf-492b-a717-e58b4e4ab44f,425daee4-f566-4b36-91c3-9d3eeeea84d1
3d052f41-bc8a-447e-85ed-77374a2ee0a6,d921a1d4-40cd-439c-b664-93b7b55fa251,c4ce7445-8166-417a-9c37-eae93927f9eb,->,3d052f41-bc8a-447e-85ed-77374a2ee0a6,4ade0b33-0cdf-492b-a717-e58b4e4ab44f,425daee4-f566-4b36-91c3-9d3eeeea84d1
3d052f41-bc8a-447e-85ed-77374a2ee0a6,d921a1d4-40cd-439c-b664-93b7b55fa251,c4ce7445-8166-417a-9c37-eae93927f9eb,->,3d052f41-bc8a-447e-85ed-77374a2ee0a6,d921a1d4-40cd-439c-b664-93b7b55fa251,ed0fc04a-3380-4586-9fe9-8fd72a534ff5
3d052f41-bc8a-447e-85ed-77374a2ee0a6,d921a1d4-40cd-439c-b664-93b7b55fa251,c4ce7445-8166-417a-9c37-eae93927f9eb,->,3d052f41-bc8a-447e-85ed-77374a2ee0a6,fb0844c9-e20e-4291-b8f1-ccfabe9e7077,5ff76421-5e68-49e0-8d18-15e170a39773
3d052f41-bc8a-447e-85ed-77374a2ee0a6,d921a1d4-40cd-439c-b664-93b7b55fa251,c4ce7445-8166-417a-9c37-eae93927f9eb,->,3d052f41-bc8a-447e-85ed-77374a2ee0a6,fb0844c9-e20e-4291-b8f1-ccfabe9e7077,5ff76421-5e68-49e0-8d18-15e170a39773
3d052f41-bc8a-447e-85ed-77374a2ee0a6,9d4851c4-6e32-4d0e-8c63-332f8a325b1c,af7b7292-2de8-431a-bc99-519db8e58245,->,3d052f41-bc8a-447e-85ed-77374a2ee0a6,arcanoid/model/Bouncing.java,position
3d052f41-bc8a-447e-85ed-77374a2ee0a6,9d4851c4-6e32-4d0e-8c63-332f8a325b1c,af7b7292-2de8-431a-bc99-519db8e58245,->,3d052f41-bc8a-447e-85ed-77374a2ee0a6,arcanoid/model/Bouncing.java,size
3d052f41-bc8a-447e-85ed-77374a2ee0a6,9d4851c4-6e32-4d0e-8c63-332f8a325b1c,af7b7292-2de8-431a-bc99-519db8e58245,->,3d052f41-bc8a-447e-85ed-77374a2ee0a6,3198f7a7-76eb-4657-95cf-d31509a0d1a8,333d43b2-032b-4afa-9766-91ed33157e34
3d052f41-bc8a-447e-85ed-77374a2ee0a6,9d4851c4-6e32-4d0e-8c63-332f8a325b1c,af7b7292-2de8-431a-bc99-519db8e58245,->,3d052f41-bc8a-447e-85ed-77374a2ee0a6,arcanoid/model/Bouncing.java,position
3d052f41-bc8a-447e-85ed-77374a2ee0a6,9d4851c4-6e32-4d0e-8c63-332f8a325b1c,af7b7292-2de8-431a-bc99-519db8e58245,->,3d052f41-bc8a-447e-85ed-77374a2ee0a6,arcanoid/model/Bouncing.java,size
3d052f41-bc8a-447e-85ed-77374a2ee0a6,9d4851c4-6e32-4d0e-8c63-332f8a325b1c,af7b7292-2de8-431a-bc99-519db8e58245,->,3d052f41-bc8a-447e-85ed-77374a2ee0a6,3198f7a7-76eb-4657-95cf-d31509a0d1a8,57d94364-4a43-49ec-8119-8981023ef54a
3d052f41-bc8a-447e-85ed-77374a2ee0a6,9d4851c4-6e32-4d0e-8c63-332f8a325b1c,af7b7292-2de8-431a-bc99-519db8e58245,->,3d052f41-bc8a-447e-85ed-77374a2ee0a6,4ade0b33-0cdf-492b-a717-e58b4e4ab44f,ccbdd958-d438-4732-8187-1c97cedb1f0d
3d052f41-bc8a-447e-85ed-77374a2ee0a6,9d4851c4-6e32-4d0e-8c63-332f8a325b1c,af7b7292-2de8-431a-bc99-519db8e58245,->,3d052f41-bc8a-447e-85ed-77374a2ee0a6,4ade0b33-0cdf-492b-a717-e58b4e4ab44f,87103267-7021-416f-8a8e-b72b4f2d968a
3d052f41-bc8a-447e-85ed-77374a2ee0a6,9d4851c4-6e32-4d0e-8c63-332f8a325b1c,af7b7292-2de8-431a-bc99-519db8e58245,->,3d052f41-bc8a-447e-85ed-77374a2ee0a6,3198f7a7-76eb-4657-95cf-d31509a0d1a8,333d43b2-032b-4afa-9766-91ed33157e34
3d052f41-bc8a-447e-85ed-77374a2ee0a6,9d4851c4-6e32-4d0e-8c63-332f8a325b1c,af7b7292-2de8-431a-bc99-519db8e58245,->,3d052f41-bc8a-447e-85ed-77374a2ee0a6,4ade0b33-0cdf-492b-a717-e58b4e4ab44f,ccbdd958-d438-4732-8187-1c97cedb1f0d
3d052f41-bc8a-447e-85ed-77374a2ee0a6,9d4851c4-6e32-4d0e-8c63-332f8a325b1c,af7b7292-2de8-431a-bc99-519db8e58245,->,3d052f41-bc8a-447e-85ed-77374a2ee0a6,4ade0b33-0cdf-492b-a717-e58b4e4ab44f,87103267-7021-416f-8a8e-b72b4f2d968a
3d052f41-bc8a-447e-85ed-77374a2ee0a6,9d4851c4-6e32-4d0e-8c63-332f8a325b1c,af7b7292-2de8-431a-bc99-519db8e58245,->,3d052f41-bc8a-447e-85ed-77374a2ee0a6,3198f7a7-76eb-4657-95cf-d31509a0d1a8,333d43b2-032b-4afa-9766-91ed33157e34
3d052f41-bc8a-447e-85ed-77374a2ee0a6,9d4851c4-6e32-4d0e-8c63-332f8a325b1c,af7b7292-2de8-431a-bc99-519db8e58245,->,3d052f41-bc8a-447e-85ed-77374a2ee0a6,4ade0b33-0cdf-492b-a717-e58b4e4ab44f,ccbdd958-d438-4732-8187-1c97cedb1f0d
3d052f41-bc8a-447e-85ed-77374a2ee0a6,9d4851c4-6e32-4d0e-8c63-332f8a325b1c,af7b7292-2de8-431a-bc99-519db8e58245,->,3d052f41-bc8a-447e-85ed-77374a2ee0a6,arcanoid/model/Bouncing.java,size
3d052f41-bc8a-447e-85ed-77374a2ee0a6,9d4851c4-6e32-4d0e-8c63-332f8a325b1c,af7b7292-2de8-431a-bc99-519db8e58245,->,3d052f41-bc8a-447e-85ed-77374a2ee0a6,3198f7a7-76eb-4657-95cf-d31509a0d1a8,57d94364-4a43-49ec-8119-8981023ef54a
3d052f41-bc8a-447e-85ed-77374a2ee0a6,9d4851c4-6e32-4d0e-8c63-332f8a325b1c,af7b7292-2de8-431a-bc99-519db8e58245,->,3d052f41-bc8a-447e-85ed-77374a2ee0a6,4ade0b33-0cdf-492b-a717-e58b4e4ab44f,ccbdd958-d438-4732-8187-1c97cedb1f0d
3d052f41-bc8a-447e-85ed-77374a2ee0a6,9d4851c4-6e32-4d0e-8c63-332f8a325b1c,af7b7292-2de8-431a-bc99-519db8e58245,->,3d052f41-bc8a-447e-85ed-77374a2ee0a6,arcanoid/model/Bouncing.java,size
3d052f41-bc8a-447e-85ed-77374a2ee0a6,9d4851c4-6e32-4d0e-8c63-332f8a325b1c,af7b7292-2de8-431a-bc99-519db8e58245,->,3d052f41-bc8a-447e-85ed-77374a2ee0a6,3198f7a7-76eb-4657-95cf-d31509a0d1a8,57d94364-4a43-49ec-8119-8981023ef54a
3d052f41-bc8a-447e-85ed-77374a2ee0a6,9d4851c4-6e32-4d0e-8c63-332f8a325b1c,af7b7292-2de8-431a-bc99-519db8e58245,->,3d052f41-bc8a-447e-85ed-77374a2ee0a6,arcanoid/model/Bouncing.java,speed
3d052f41-bc8a-447e-85ed-77374a2ee0a6,9d4851c4-6e32-4d0e-8c63-332f8a325b1c,af7b7292-2de8-431a-bc99-519db8e58245,->,3d052f41-bc8a-447e-85ed-77374a2ee0a6,9af524cf-3d7b-41c5-a351-a1a522f91afb,b283a1ad-24b4-4296-999c-27c7eae2e4a5
3d052f41-bc8a-447e-85ed-77374a2ee0a6,9d4851c4-6e32-4d0e-8c63-332f8a325b1c,af7b7292-2de8-431a-bc99-519db8e58245,->,3d052f41-bc8a-447e-85ed-77374a2ee0a6,arcanoid/model/Bouncing.java,speed
3d052f41-bc8a-447e-85ed-77374a2ee0a6,9d4851c4-6e32-4d0e-8c63-332f8a325b1c,af7b7292-2de8-431a-bc99-519db8e58245,->,3d052f41-bc8a-447e-85ed-77374a2ee0a6,9af524cf-3d7b-41c5-a351-a1a522f91afb,b283a1ad-24b4-4296-999c-27c7eae2e4a5
3d052f41-bc8a-447e-85ed-77374a2ee0a6,9d4851c4-6e32-4d0e-8c63-332f8a325b1c,af7b7292-2de8-431a-bc99-519db8e58245,->,3d052f41-bc8a-447e-85ed-77374a2ee0a6,9d4851c4-6e32-4d0e-8c63-332f8a325b1c,"55d5c5ac-1c9f-4ca1-b396-15827a8da8af,ea4dbd50-6f3c-42a8-b9aa-7544a73a2eae"
3d052f41-bc8a-447e-85ed-77374a2ee0a6,9d4851c4-6e32-4d0e-8c63-332f8a325b1c,af7b7292-2de8-431a-bc99-519db8e58245,->,3d052f41-bc8a-447e-85ed-77374a2ee0a6,arcanoid/model/Bouncing.java,speed
3d052f41-bc8a-447e-85ed-77374a2ee0a6,9d4851c4-6e32-4d0e-8c63-332f8a325b1c,af7b7292-2de8-431a-bc99-519db8e58245,->,3d052f41-bc8a-447e-85ed-77374a2ee0a6,9af524cf-3d7b-41c5-a351-a1a522f91afb,b283a1ad-24b4-4296-999c-27c7eae2e4a5
3d052f41-bc8a-447e-85ed-77374a2ee0a6,9d4851c4-6e32-4d0e-8c63-332f8a325b1c,af7b7292-2de8-431a-bc99-519db8e58245,->,3d052f41-bc8a-447e-85ed-77374a2ee0a6,arcanoid/model/Bouncing.java,speed
3d052f41-bc8a-447e-85ed-77374a2ee0a6,9d4851c4-6e32-4d0e-8c63-332f8a325b1c,af7b7292-2de8-431a-bc99-519db8e58245,->,3d052f41-bc8a-447e-85ed-77374a2ee0a6,9af524cf-3d7b-41c5-a351-a1a522f91afb,b283a1ad-24b4-4296-999c-27c7eae2e4a5
3d052f41-bc8a-447e-85ed-77374a2ee0a6,9d4851c4-6e32-4d0e-8c63-332f8a325b1c,af7b7292-2de8-431a-bc99-519db8e58245,->,3d052f41-bc8a-447e-85ed-77374a2ee0a6,9d4851c4-6e32-4d0e-8c63-332f8a325b1c,"55d5c5ac-1c9f-4ca1-b396-15827a8da8af,ea4dbd50-6f3c-42a8-b9aa-7544a73a2eae"
3d052f41-bc8a-447e-85ed-77374a2ee0a6,9d4851c4-6e32-4d0e-8c63-332f8a325b1c,af7b7292-2de8-431a-bc99-519db8e58245,->,3d052f41-bc8a-447e-85ed-77374a2ee0a6,arcanoid/model/Bouncing.java,speed
3d052f41-bc8a-447e-85ed-77374a2ee0a6,9d4851c4-6e32-4d0e-8c63-332f8a325b1c,af7b7292-2de8-431a-bc99-519db8e58245,->,3d052f41-bc8a-447e-85ed-77374a2ee0a6,9af524cf-3d7b-41c5-a351-a1a522f91afb,b283a1ad-24b4-4296-999c-27c7eae2e4a5
3d052f41-bc8a-447e-85ed-77374a2ee0a6,9d4851c4-6e32-4d0e-8c63-332f8a325b1c,af7b7292-2de8-431a-bc99-519db8e58245,->,3d052f41-bc8a-447e-85ed-77374a2ee0a6,arcanoid/model/Bouncing.java,setSpeed
3d052f41-bc8a-447e-85ed-77374a2ee0a6,9d4851c4-6e32-4d0e-8c63-332f8a325b1c,af7b7292-2de8-431a-bc99-519db8e58245,->,3d052f41-bc8a-447e-85ed-77374a2ee0a6,arcanoid/model/Bouncing.java,speed
3d052f41-bc8a-447e-85ed-77374a2ee0a6,9d4851c4-6e32-4d0e-8c63-332f8a325b1c,af7b7292-2de8-431a-bc99-519db8e58245,->,3d052f41-bc8a-447e-85ed-77374a2ee0a6,9af524cf-3d7b-41c5-a351-a1a522f91afb,b283a1ad-24b4-4296-999c-27c7eae2e4a5
3d052f41-bc8a-447e-85ed-77374a2ee0a6,9d4851c4-6e32-4d0e-8c63-332f8a325b1c,af7b7292-2de8-431a-bc99-519db8e58245,->,3d052f41-bc8a-447e-85ed-77374a2ee0a6,arcanoid/model/Bouncing.java,setSpeed
3d052f41-bc8a-447e-85ed-77374a2ee0a6,9d4851c4-6e32-4d0e-8c63-332f8a325b1c,af7b7292-2de8-431a-bc99-519db8e58245,->,3d052f41-bc8a-447e-85ed-77374a2ee0a6,4ade0b33-0cdf-492b-a717-e58b4e4ab44f,ccbdd958-d438-4732-8187-1c97cedb1f0d
3d052f41-bc8a-447e-85ed-77374a2ee0a6,9d4851c4-6e32-4d0e-8c63-332f8a325b1c,af7b7292-2de8-431a-bc99-519db8e58245,->,3d052f41-bc8a-447e-85ed-77374a2ee0a6,4ade0b33-0cdf-492b-a717-e58b4e4ab44f,ccbdd958-d438-4732-8187-1c97cedb1f0d
3d052f41-bc8a-447e-85ed-77374a2ee0a6,9d4851c4-6e32-4d0e-8c63-332f8a325b1c,af7b7292-2de8-431a-bc99-519db8e58245,->,3d052f41-bc8a-447e-85ed-77374a2ee0a6,4ade0b33-0cdf-492b-a717-e58b4e4ab44f,87103267-7021-416f-8a8e-b72b4f2d968a
3d052f41-bc8a-447e-85ed-77374a2ee0a6,9d4851c4-6e32-4d0e-8c63-332f8a325b1c,af7b7292-2de8-431a-bc99-519db8e58245,->,3d052f41-bc8a-447e-85ed-77374a2ee0a6,3198f7a7-76eb-4657-95cf-d31509a0d1a8,333d43b2-032b-4afa-9766-91ed33157e34
3d052f41-bc8a-447e-85ed-77374a2ee0a6,9d4851c4-6e32-4d0e-8c63-332f8a325b1c,af7b7292-2de8-431a-bc99-519db8e58245,->,3d052f41-bc8a-447e-85ed-77374a2ee0a6,arcanoid/model/Bouncing.java,speed
3d052f41-bc8a-447e-85ed-77374a2ee0a6,9d4851c4-6e32-4d0e-8c63-332f8a325b1c,af7b7292-2de8-431a-bc99-519db8e58245,->,3d052f41-bc8a-447e-85ed-77374a2ee0a6,9af524cf-3d7b-41c5-a351-a1a522f91afb,9becbc1c-80bb-43a0-a5d5-88b5af5a5e21
3d052f41-bc8a-447e-85ed-77374a2ee0a6,9d4851c4-6e32-4d0e-8c63-332f8a325b1c,af7b7292-2de8-431a-bc99-519db8e58245,->,3d052f41-bc8a-447e-85ed-77374a2ee0a6,java/lang/Math.java,acos
3d052f41-bc8a-447e-85ed-77374a2ee0a6,9d4851c4-6e32-4d0e-8c63-332f8a325b1c,af7b7292-2de8-431a-bc99-519db8e58245,->,3d052f41-bc8a-447e-85ed-77374a2ee0a6,java/lang/Math.java,cos
3d052f41-bc8a-447e-85ed-77374a2ee0a6,9d4851c4-6e32-4d0e-8c63-332f8a325b1c,af7b7292-2de8-431a-bc99-519db8e58245,->,3d052f41-bc8a-447e-85ed-77374a2ee0a6,java/lang/Math.java,cos
3d052f41-bc8a-447e-85ed-77374a2ee0a6,9d4851c4-6e32-4d0e-8c63-332f8a325b1c,af7b7292-2de8-431a-bc99-519db8e58245,->,3d052f41-bc8a-447e-85ed-77374a2ee0a6,java/lang/Math.java,sin
3d052f41-bc8a-447e-85ed-77374a2ee0a6,9d4851c4-6e32-4d0e-8c63-332f8a325b1c,af7b7292-2de8-431a-bc99-519db8e58245,->,3d052f41-bc8a-447e-85ed-77374a2ee0a6,arcanoid/model/Bouncing.java,setSpeed
3d052f41-bc8a-447e-85ed-77374a2ee0a6,9d4851c4-6e32-4d0e-8c63-332f8a325b1c,"55d5c5ac-1c9f-4ca1-b396-15827a8da8af,ea4dbd50-6f3c-42a8-b9aa-7544a73a2eae",->,3d052f41-bc8a-447e-85ed-77374a2ee0a6,4ade0b33-0cdf-492b-a717-e58b4e4ab44f,a44b38e0-a3f5-4226-827b-253d21e564d9
3d052f41-bc8a-447e-85ed-77374a2ee0a6,9d4851c4-6e32-4d0e-8c63-332f8a325b1c,"55d5c5ac-1c9f-4ca1-b396-15827a8da8af,ea4dbd50-6f3c-42a8-b9aa-7544a73a2eae",->,3d052f41-bc8a-447e-85ed-77374a2ee0a6,9af524cf-3d7b-41c5-a351-a1a522f91afb,78b312b8-4275-4e2b-8a85-bd74676edb45
3d052f41-bc8a-447e-85ed-77374a2ee0a6,9d4851c4-6e32-4d0e-8c63-332f8a325b1c,"55d5c5ac-1c9f-4ca1-b396-15827a8da8af,ea4dbd50-6f3c-42a8-b9aa-7544a73a2eae",->,3d052f41-bc8a-447e-85ed-77374a2ee0a6,arcanoid/model/Bouncing.java,countSpeed
3d052f41-bc8a-447e-85ed-77374a2ee0a6,9d4851c4-6e32-4d0e-8c63-332f8a325b1c,"55d5c5ac-1c9f-4ca1-b396-15827a8da8af,ea4dbd50-6f3c-42a8-b9aa-7544a73a2eae",->,3d052f41-bc8a-447e-85ed-77374a2ee0a6,java/util/ArrayList.java,get
3d052f41-bc8a-447e-85ed-77374a2ee0a6,9d4851c4-6e32-4d0e-8c63-332f8a325b1c,"55d5c5ac-1c9f-4ca1-b396-15827a8da8af,ea4dbd50-6f3c-42a8-b9aa-7544a73a2eae",->,3d052f41-bc8a-447e-85ed-77374a2ee0a6,arcanoid/model/Bouncing.java,setSpeed
3d052f41-bc8a-447e-85ed-77374a2ee0a6,9d4851c4-6e32-4d0e-8c63-332f8a325b1c,"55d5c5ac-1c9f-4ca1-b396-15827a8da8af,ea4dbd50-6f3c-42a8-b9aa-7544a73a2eae",->,3d052f41-bc8a-447e-85ed-77374a2ee0a6,arcanoid/model/Bouncing.java,speed
3d052f41-bc8a-447e-85ed-77374a2ee0a6,9d4851c4-6e32-4d0e-8c63-332f8a325b1c,"55d5c5ac-1c9f-4ca1-b396-15827a8da8af,ea4dbd50-6f3c-42a8-b9aa-7544a73a2eae",->,3d052f41-bc8a-447e-85ed-77374a2ee0a6,9af524cf-3d7b-41c5-a351-a1a522f91afb,864ecc8e-2452-4eca-accb-c48b343eaa31
3d052f41-bc8a-447e-85ed-77374a2ee0a6,9d4851c4-6e32-4d0e-8c63-332f8a325b1c,"55d5c5ac-1c9f-4ca1-b396-15827a8da8af,ea4dbd50-6f3c-42a8-b9aa-7544a73a2eae",->,3d052f41-bc8a-447e-85ed-77374a2ee0a6,arcanoid/model/Bouncing.java,setSpeed
3d052f41-bc8a-447e-85ed-77374a2ee0a6,9d4851c4-6e32-4d0e-8c63-332f8a325b1c,b6bc34fc-6c6e-4f60-8c78-9d730cb973ee,->,3d052f41-bc8a-447e-85ed-77374a2ee0a6,fb0844c9-e20e-4291-b8f1-ccfabe9e7077,929a7ad0-9402-440d-bcdc-ce15ece423c5
3d052f41-bc8a-447e-85ed-77374a2ee0a6,9d4851c4-6e32-4d0e-8c63-332f8a325b1c,b6bc34fc-6c6e-4f60-8c78-9d730cb973ee,->,3d052f41-bc8a-447e-85ed-77374a2ee0a6,com/golden/gamedev/object/Sprite.java,getImage
3d052f41-bc8a-447e-85ed-77374a2ee0a6,9d4851c4-6e32-4d0e-8c63-332f8a325b1c,b6bc34fc-6c6e-4f60-8c78-9d730cb973ee,->,3d052f41-bc8a-447e-85ed-77374a2ee0a6,com/golden/gamedev/object/Sprite.java,getX
3d052f41-bc8a-447e-85ed-77374a2ee0a6,9d4851c4-6e32-4d0e-8c63-332f8a325b1c,b6bc34fc-6c6e-4f60-8c78-9d730cb973ee,->,3d052f41-bc8a-447e-85ed-77374a2ee0a6,com/golden/gamedev/object/Sprite.java,getY
3d052f41-bc8a-447e-85ed-77374a2ee0a6,9d4851c4-6e32-4d0e-8c63-332f8a325b1c,b6bc34fc-6c6e-4f60-8c78-9d730cb973ee,->,3d052f41-bc8a-447e-85ed-77374a2ee0a6,fb0844c9-e20e-4291-b8f1-ccfabe9e7077,4d9810ff-57c8-4f7d-94ed-7ff2cd9f814a
3d052f41-bc8a-447e-85ed-77374a2ee0a6,9d4851c4-6e32-4d0e-8c63-332f8a325b1c,b6bc34fc-6c6e-4f60-8c78-9d730cb973ee,->,3d052f41-bc8a-447e-85ed-77374a2ee0a6,arcanoid/model/Bouncing.java,copy
3d052f41-bc8a-447e-85ed-77374a2ee0a6,9d4851c4-6e32-4d0e-8c63-332f8a325b1c,b6bc34fc-6c6e-4f60-8c78-9d730cb973ee,->,3d052f41-bc8a-447e-85ed-77374a2ee0a6,9d4851c4-6e32-4d0e-8c63-332f8a325b1c,b6bc34fc-6c6e-4f60-8c78-9d730cb973ee
3d052f41-bc8a-447e-85ed-77374a2ee0a6,9d4851c4-6e32-4d0e-8c63-332f8a325b1c,b6bc34fc-6c6e-4f60-8c78-9d730cb973ee,->,3d052f41-bc8a-447e-85ed-77374a2ee0a6,9d4851c4-6e32-4d0e-8c63-332f8a325b1c,b6bc34fc-6c6e-4f60-8c78-9d730cb973ee
3d052f41-bc8a-447e-85ed-77374a2ee0a6,arcanoid/events/GameFieldElementEvent$ChangingType.java,values,->,3d052f41-bc8a-447e-85ed-77374a2ee0a6,arcanoid/events/GameFieldElementEvent$ChangingType.java,clone
3d052f41-bc8a-447e-85ed-77374a2ee0a6,arcanoid/events/GameFieldElementEvent$ChangingType.java,valueOf,->,3d052f41-bc8a-447e-85ed-77374a2ee0a6,java/lang/Enum.java,valueOf
3d052f41-bc8a-447e-85ed-77374a2ee0a6,arcanoid/events/BallFeltEvent$GameStateType.java,values,->,3d052f41-bc8a-447e-85ed-77374a2ee0a6,arcanoid/events/BallFeltEvent$GameStateType.java,clone
3d052f41-bc8a-447e-85ed-77374a2ee0a6,arcanoid/events/BallFeltEvent$GameStateType.java,valueOf,->,3d052f41-bc8a-447e-85ed-77374a2ee0a6,java/lang/Enum.java,valueOf
3d052f41-bc8a-447e-85ed-77374a2ee0a6,fb0844c9-e20e-4291-b8f1-ccfabe9e7077,477e4c0c-4e02-42fe-b047-46f5ccda206b,->,3d052f41-bc8a-447e-85ed-77374a2ee0a6,java/util/HashMap.java,keySet
3d052f41-bc8a-447e-85ed-77374a2ee0a6,fb0844c9-e20e-4291-b8f1-ccfabe9e7077,477e4c0c-4e02-42fe-b047-46f5ccda206b,->,3d052f41-bc8a-447e-85ed-77374a2ee0a6,java/util/Collection.java,iterator
3d052f41-bc8a-447e-85ed-77374a2ee0a6,fb0844c9-e20e-4291-b8f1-ccfabe9e7077,477e4c0c-4e02-42fe-b047-46f5ccda206b,->,3d052f41-bc8a-447e-85ed-77374a2ee0a6,java/util/Iterator.java,hasNext
3d052f41-bc8a-447e-85ed-77374a2ee0a6,fb0844c9-e20e-4291-b8f1-ccfabe9e7077,477e4c0c-4e02-42fe-b047-46f5ccda206b,->,3d052f41-bc8a-447e-85ed-77374a2ee0a6,java/util/Iterator.java,next
3d052f41-bc8a-447e-85ed-77374a2ee0a6,fb0844c9-e20e-4291-b8f1-ccfabe9e7077,477e4c0c-4e02-42fe-b047-46f5ccda206b,->,3d052f41-bc8a-447e-85ed-77374a2ee0a6,java/util/HashMap.java,get
3d052f41-bc8a-447e-85ed-77374a2ee0a6,fb0844c9-e20e-4291-b8f1-ccfabe9e7077,477e4c0c-4e02-42fe-b047-46f5ccda206b,->,3d052f41-bc8a-447e-85ed-77374a2ee0a6,java/lang/Object.java,equals
3d052f41-bc8a-447e-85ed-77374a2ee0a6,fb0844c9-e20e-4291-b8f1-ccfabe9e7077,929a7ad0-9402-440d-bcdc-ce15ece423c5,->,3d052f41-bc8a-447e-85ed-77374a2ee0a6,java/util/HashMap.java,get
3d052f41-bc8a-447e-85ed-77374a2ee0a6,fb0844c9-e20e-4291-b8f1-ccfabe9e7077,4d9810ff-57c8-4f7d-94ed-7ff2cd9f814a,->,3d052f41-bc8a-447e-85ed-77374a2ee0a6,java/util/HashMap.java,put
3d052f41-bc8a-447e-85ed-77374a2ee0a6,fb0844c9-e20e-4291-b8f1-ccfabe9e7077,5ff76421-5e68-49e0-8d18-15e170a39773,->,3d052f41-bc8a-447e-85ed-77374a2ee0a6,java/util/HashMap.java,remove
3d052f41-bc8a-447e-85ed-77374a2ee0a6,f8c826a3-8125-4cf1-a12f-275aa86a15a3,1e5f791b-220a-4b81-940c-f43c7442ecf4,->,3d052f41-bc8a-447e-85ed-77374a2ee0a6,4ade0b33-0cdf-492b-a717-e58b4e4ab44f,2028109e-b8aa-4706-891a-ae7d0eed00d2
3d052f41-bc8a-447e-85ed-77374a2ee0a6,f8c826a3-8125-4cf1-a12f-275aa86a15a3,1e5f791b-220a-4b81-940c-f43c7442ecf4,->,3d052f41-bc8a-447e-85ed-77374a2ee0a6,fb0844c9-e20e-4291-b8f1-ccfabe9e7077,4d9810ff-57c8-4f7d-94ed-7ff2cd9f814a
3d052f41-bc8a-447e-85ed-77374a2ee0a6,f8c826a3-8125-4cf1-a12f-275aa86a15a3,1e5f791b-220a-4b81-940c-f43c7442ecf4,->,3d052f41-bc8a-447e-85ed-77374a2ee0a6,4ade0b33-0cdf-492b-a717-e58b4e4ab44f,a805f959-eede-4fb6-8fb0-fa2f486f27b5
3d052f41-bc8a-447e-85ed-77374a2ee0a6,f8c826a3-8125-4cf1-a12f-275aa86a15a3,1e5f791b-220a-4b81-940c-f43c7442ecf4,->,3d052f41-bc8a-447e-85ed-77374a2ee0a6,095f9dee-ed05-47b3-a494-483f1edf0cfa,ebf53926-195e-4ef8-9b04-82c6505342bc
3d052f41-bc8a-447e-85ed-77374a2ee0a6,f8c826a3-8125-4cf1-a12f-275aa86a15a3,1e5f791b-220a-4b81-940c-f43c7442ecf4,->,3d052f41-bc8a-447e-85ed-77374a2ee0a6,org/junit/Assert.java,assertEquals
3d052f41-bc8a-447e-85ed-77374a2ee0a6,arcanoid/service/SpeedVector$1.java,<clinit>,->,3d052f41-bc8a-447e-85ed-77374a2ee0a6,arcanoid/service/SpeedVector$Axis.java,values
3d052f41-bc8a-447e-85ed-77374a2ee0a6,arcanoid/service/SpeedVector$1.java,<clinit>,->,3d052f41-bc8a-447e-85ed-77374a2ee0a6,arcanoid/service/SpeedVector$Axis.java,ordinal
3d052f41-bc8a-447e-85ed-77374a2ee0a6,arcanoid/service/SpeedVector$1.java,<clinit>,->,3d052f41-bc8a-447e-85ed-77374a2ee0a6,arcanoid/service/SpeedVector$Axis.java,ordinal
3d052f41-bc8a-447e-85ed-77374a2ee0a6,arcanoid/service/SpeedVector$1.java,<clinit>,->,3d052f41-bc8a-447e-85ed-77374a2ee0a6,arcanoid/service/SpeedVector$Axis.java,ordinal
3d052f41-bc8a-447e-85ed-77374a2ee0a6,arcanoid/service/SpeedVector$Axis.java,values,->,3d052f41-bc8a-447e-85ed-77374a2ee0a6,arcanoid/service/SpeedVector$Axis.java,clone
3d052f41-bc8a-447e-85ed-77374a2ee0a6,arcanoid/service/SpeedVector$Axis.java,valueOf,->,3d052f41-bc8a-447e-85ed-77374a2ee0a6,java/lang/Enum.java,valueOf
3d052f41-bc8a-447e-85ed-77374a2ee0a6,095f9dee-ed05-47b3-a494-483f1edf0cfa,ebf53926-195e-4ef8-9b04-82c6505342bc,->,3d052f41-bc8a-447e-85ed-77374a2ee0a6,4ade0b33-0cdf-492b-a717-e58b4e4ab44f,a002d573-f6e8-4c24-9a75-52639ba06e7e
3d052f41-bc8a-447e-85ed-77374a2ee0a6,095f9dee-ed05-47b3-a494-483f1edf0cfa,ebf53926-195e-4ef8-9b04-82c6505342bc,->,3d052f41-bc8a-447e-85ed-77374a2ee0a6,4ade0b33-0cdf-492b-a717-e58b4e4ab44f,a44b38e0-a3f5-4226-827b-253d21e564d9
3d052f41-bc8a-447e-85ed-77374a2ee0a6,095f9dee-ed05-47b3-a494-483f1edf0cfa,ebf53926-195e-4ef8-9b04-82c6505342bc,->,3d052f41-bc8a-447e-85ed-77374a2ee0a6,9af524cf-3d7b-41c5-a351-a1a522f91afb,9becbc1c-80bb-43a0-a5d5-88b5af5a5e21
3d052f41-bc8a-447e-85ed-77374a2ee0a6,1d8bc1fb-4245-471c-8383-325058e4c09f,fae5d0ea-7ef4-4454-90e0-279c2fc3dccb,->,3d052f41-bc8a-447e-85ed-77374a2ee0a6,9af524cf-3d7b-41c5-a351-a1a522f91afb,1378e2c0-417e-4fce-aaf3-d0b2907dc511
3d052f41-bc8a-447e-85ed-77374a2ee0a6,1d8bc1fb-4245-471c-8383-325058e4c09f,fae5d0ea-7ef4-4454-90e0-279c2fc3dccb,->,3d052f41-bc8a-447e-85ed-77374a2ee0a6,org/junit/Assert.java,assertEquals
3d052f41-bc8a-447e-85ed-77374a2ee0a6,1d8bc1fb-4245-471c-8383-325058e4c09f,10b38e9d-3370-4ea2-9af0-3af1f7dc8a64,->,3d052f41-bc8a-447e-85ed-77374a2ee0a6,9af524cf-3d7b-41c5-a351-a1a522f91afb,1378e2c0-417e-4fce-aaf3-d0b2907dc511
3d052f41-bc8a-447e-85ed-77374a2ee0a6,1d8bc1fb-4245-471c-8383-325058e4c09f,10b38e9d-3370-4ea2-9af0-3af1f7dc8a64,->,3d052f41-bc8a-447e-85ed-77374a2ee0a6,org/junit/Assert.java,assertEquals
3d052f41-bc8a-447e-85ed-77374a2ee0a6,1d8bc1fb-4245-471c-8383-325058e4c09f,cf5d911c-51d9-4584-b39e-ff4dfcbdb2b1,->,3d052f41-bc8a-447e-85ed-77374a2ee0a6,9af524cf-3d7b-41c5-a351-a1a522f91afb,1378e2c0-417e-4fce-aaf3-d0b2907dc511
3d052f41-bc8a-447e-85ed-77374a2ee0a6,1d8bc1fb-4245-471c-8383-325058e4c09f,cf5d911c-51d9-4584-b39e-ff4dfcbdb2b1,->,3d052f41-bc8a-447e-85ed-77374a2ee0a6,org/junit/Assert.java,assertEquals
3d052f41-bc8a-447e-85ed-77374a2ee0a6,1d8bc1fb-4245-471c-8383-325058e4c09f,4be8b445-18ab-43da-a4eb-034fd68ea131,->,3d052f41-bc8a-447e-85ed-77374a2ee0a6,9af524cf-3d7b-41c5-a351-a1a522f91afb,1378e2c0-417e-4fce-aaf3-d0b2907dc511
3d052f41-bc8a-447e-85ed-77374a2ee0a6,1d8bc1fb-4245-471c-8383-325058e4c09f,4be8b445-18ab-43da-a4eb-034fd68ea131,->,3d052f41-bc8a-447e-85ed-77374a2ee0a6,org/junit/Assert.java,assertEquals
3d052f41-bc8a-447e-85ed-77374a2ee0a6,1d8bc1fb-4245-471c-8383-325058e4c09f,5de13c6c-b040-4a8e-8a60-7ba5d80e0bb1,->,3d052f41-bc8a-447e-85ed-77374a2ee0a6,9af524cf-3d7b-41c5-a351-a1a522f91afb,864ecc8e-2452-4eca-accb-c48b343eaa31
3d052f41-bc8a-447e-85ed-77374a2ee0a6,1d8bc1fb-4245-471c-8383-325058e4c09f,5de13c6c-b040-4a8e-8a60-7ba5d80e0bb1,->,3d052f41-bc8a-447e-85ed-77374a2ee0a6,org/junit/Assert.java,assertEquals
3d052f41-bc8a-447e-85ed-77374a2ee0a6,1d8bc1fb-4245-471c-8383-325058e4c09f,9ba4e7dc-afcb-49cd-91b6-36150c8c4c28,->,3d052f41-bc8a-447e-85ed-77374a2ee0a6,9af524cf-3d7b-41c5-a351-a1a522f91afb,864ecc8e-2452-4eca-accb-c48b343eaa31
3d052f41-bc8a-447e-85ed-77374a2ee0a6,1d8bc1fb-4245-471c-8383-325058e4c09f,9ba4e7dc-afcb-49cd-91b6-36150c8c4c28,->,3d052f41-bc8a-447e-85ed-77374a2ee0a6,org/junit/Assert.java,assertEquals
3d052f41-bc8a-447e-85ed-77374a2ee0a6,1d8bc1fb-4245-471c-8383-325058e4c09f,3593fc5f-5842-4449-8b51-66482896b969,->,3d052f41-bc8a-447e-85ed-77374a2ee0a6,9af524cf-3d7b-41c5-a351-a1a522f91afb,864ecc8e-2452-4eca-accb-c48b343eaa31
3d052f41-bc8a-447e-85ed-77374a2ee0a6,1d8bc1fb-4245-471c-8383-325058e4c09f,3593fc5f-5842-4449-8b51-66482896b969,->,3d052f41-bc8a-447e-85ed-77374a2ee0a6,org/junit/Assert.java,assertEquals
3d052f41-bc8a-447e-85ed-77374a2ee0a6,1d8bc1fb-4245-471c-8383-325058e4c09f,2c7f8f31-69cf-427a-8f8e-9384a20c3577,->,3d052f41-bc8a-447e-85ed-77374a2ee0a6,4ade0b33-0cdf-492b-a717-e58b4e4ab44f,2028109e-b8aa-4706-891a-ae7d0eed00d2
3d052f41-bc8a-447e-85ed-77374a2ee0a6,1d8bc1fb-4245-471c-8383-325058e4c09f,2c7f8f31-69cf-427a-8f8e-9384a20c3577,->,3d052f41-bc8a-447e-85ed-77374a2ee0a6,4ade0b33-0cdf-492b-a717-e58b4e4ab44f,2028109e-b8aa-4706-891a-ae7d0eed00d2
3d052f41-bc8a-447e-85ed-77374a2ee0a6,1d8bc1fb-4245-471c-8383-325058e4c09f,2c7f8f31-69cf-427a-8f8e-9384a20c3577,->,3d052f41-bc8a-447e-85ed-77374a2ee0a6,fb0844c9-e20e-4291-b8f1-ccfabe9e7077,4d9810ff-57c8-4f7d-94ed-7ff2cd9f814a
3d052f41-bc8a-447e-85ed-77374a2ee0a6,1d8bc1fb-4245-471c-8383-325058e4c09f,2c7f8f31-69cf-427a-8f8e-9384a20c3577,->,3d052f41-bc8a-447e-85ed-77374a2ee0a6,fb0844c9-e20e-4291-b8f1-ccfabe9e7077,4d9810ff-57c8-4f7d-94ed-7ff2cd9f814a
3d052f41-bc8a-447e-85ed-77374a2ee0a6,1d8bc1fb-4245-471c-8383-325058e4c09f,2c7f8f31-69cf-427a-8f8e-9384a20c3577,->,3d052f41-bc8a-447e-85ed-77374a2ee0a6,4ade0b33-0cdf-492b-a717-e58b4e4ab44f,a805f959-eede-4fb6-8fb0-fa2f486f27b5
3d052f41-bc8a-447e-85ed-77374a2ee0a6,1d8bc1fb-4245-471c-8383-325058e4c09f,2c7f8f31-69cf-427a-8f8e-9384a20c3577,->,3d052f41-bc8a-447e-85ed-77374a2ee0a6,4ade0b33-0cdf-492b-a717-e58b4e4ab44f,a805f959-eede-4fb6-8fb0-fa2f486f27b5
3d052f41-bc8a-447e-85ed-77374a2ee0a6,1d8bc1fb-4245-471c-8383-325058e4c09f,2c7f8f31-69cf-427a-8f8e-9384a20c3577,->,3d052f41-bc8a-447e-85ed-77374a2ee0a6,java/util/ArrayList.java,add
3d052f41-bc8a-447e-85ed-77374a2ee0a6,1d8bc1fb-4245-471c-8383-325058e4c09f,2c7f8f31-69cf-427a-8f8e-9384a20c3577,->,3d052f41-bc8a-447e-85ed-77374a2ee0a6,java/util/ArrayList.java,add
3d052f41-bc8a-447e-85ed-77374a2ee0a6,1d8bc1fb-4245-471c-8383-325058e4c09f,2c7f8f31-69cf-427a-8f8e-9384a20c3577,->,3d052f41-bc8a-447e-85ed-77374a2ee0a6,4ade0b33-0cdf-492b-a717-e58b4e4ab44f,5e5cc592-1f23-49ad-be9b-45ef3eb2777a
3d052f41-bc8a-447e-85ed-77374a2ee0a6,1d8bc1fb-4245-471c-8383-325058e4c09f,2c7f8f31-69cf-427a-8f8e-9384a20c3577,->,3d052f41-bc8a-447e-85ed-77374a2ee0a6,org/junit/Assert.java,assertEquals
3d052f41-bc8a-447e-85ed-77374a2ee0a6,1d8bc1fb-4245-471c-8383-325058e4c09f,f86a3fec-f79d-4d6e-a190-d8d2e3bbd9af,->,3d052f41-bc8a-447e-85ed-77374a2ee0a6,4ade0b33-0cdf-492b-a717-e58b4e4ab44f,2028109e-b8aa-4706-891a-ae7d0eed00d2
3d052f41-bc8a-447e-85ed-77374a2ee0a6,1d8bc1fb-4245-471c-8383-325058e4c09f,f86a3fec-f79d-4d6e-a190-d8d2e3bbd9af,->,3d052f41-bc8a-447e-85ed-77374a2ee0a6,4ade0b33-0cdf-492b-a717-e58b4e4ab44f,2028109e-b8aa-4706-891a-ae7d0eed00d2
3d052f41-bc8a-447e-85ed-77374a2ee0a6,1d8bc1fb-4245-471c-8383-325058e4c09f,f86a3fec-f79d-4d6e-a190-d8d2e3bbd9af,->,3d052f41-bc8a-447e-85ed-77374a2ee0a6,fb0844c9-e20e-4291-b8f1-ccfabe9e7077,4d9810ff-57c8-4f7d-94ed-7ff2cd9f814a
3d052f41-bc8a-447e-85ed-77374a2ee0a6,1d8bc1fb-4245-471c-8383-325058e4c09f,f86a3fec-f79d-4d6e-a190-d8d2e3bbd9af,->,3d052f41-bc8a-447e-85ed-77374a2ee0a6,fb0844c9-e20e-4291-b8f1-ccfabe9e7077,4d9810ff-57c8-4f7d-94ed-7ff2cd9f814a
3d052f41-bc8a-447e-85ed-77374a2ee0a6,1d8bc1fb-4245-471c-8383-325058e4c09f,f86a3fec-f79d-4d6e-a190-d8d2e3bbd9af,->,3d052f41-bc8a-447e-85ed-77374a2ee0a6,4ade0b33-0cdf-492b-a717-e58b4e4ab44f,a805f959-eede-4fb6-8fb0-fa2f486f27b5
3d052f41-bc8a-447e-85ed-77374a2ee0a6,1d8bc1fb-4245-471c-8383-325058e4c09f,f86a3fec-f79d-4d6e-a190-d8d2e3bbd9af,->,3d052f41-bc8a-447e-85ed-77374a2ee0a6,4ade0b33-0cdf-492b-a717-e58b4e4ab44f,a805f959-eede-4fb6-8fb0-fa2f486f27b5
3d052f41-bc8a-447e-85ed-77374a2ee0a6,1d8bc1fb-4245-471c-8383-325058e4c09f,f86a3fec-f79d-4d6e-a190-d8d2e3bbd9af,->,3d052f41-bc8a-447e-85ed-77374a2ee0a6,java/util/ArrayList.java,add
3d052f41-bc8a-447e-85ed-77374a2ee0a6,1d8bc1fb-4245-471c-8383-325058e4c09f,f86a3fec-f79d-4d6e-a190-d8d2e3bbd9af,->,3d052f41-bc8a-447e-85ed-77374a2ee0a6,java/util/ArrayList.java,add
3d052f41-bc8a-447e-85ed-77374a2ee0a6,1d8bc1fb-4245-471c-8383-325058e4c09f,f86a3fec-f79d-4d6e-a190-d8d2e3bbd9af,->,3d052f41-bc8a-447e-85ed-77374a2ee0a6,4ade0b33-0cdf-492b-a717-e58b4e4ab44f,5e5cc592-1f23-49ad-be9b-45ef3eb2777a
3d052f41-bc8a-447e-85ed-77374a2ee0a6,1d8bc1fb-4245-471c-8383-325058e4c09f,f86a3fec-f79d-4d6e-a190-d8d2e3bbd9af,->,3d052f41-bc8a-447e-85ed-77374a2ee0a6,org/junit/Assert.java,assertEquals
3d052f41-bc8a-447e-85ed-77374a2ee0a6,9af524cf-3d7b-41c5-a351-a1a522f91afb,1378e2c0-417e-4fce-aaf3-d0b2907dc511,->,3d052f41-bc8a-447e-85ed-77374a2ee0a6,9af524cf-3d7b-41c5-a351-a1a522f91afb,b283a1ad-24b4-4296-999c-27c7eae2e4a5
3d052f41-bc8a-447e-85ed-77374a2ee0a6,9af524cf-3d7b-41c5-a351-a1a522f91afb,1378e2c0-417e-4fce-aaf3-d0b2907dc511,->,3d052f41-bc8a-447e-85ed-77374a2ee0a6,9af524cf-3d7b-41c5-a351-a1a522f91afb,b283a1ad-24b4-4296-999c-27c7eae2e4a5
3d052f41-bc8a-447e-85ed-77374a2ee0a6,9af524cf-3d7b-41c5-a351-a1a522f91afb,1378e2c0-417e-4fce-aaf3-d0b2907dc511,->,3d052f41-bc8a-447e-85ed-77374a2ee0a6,9af524cf-3d7b-41c5-a351-a1a522f91afb,16d5c68b-51e0-455a-8d84-1247d46c197a
3d052f41-bc8a-447e-85ed-77374a2ee0a6,9af524cf-3d7b-41c5-a351-a1a522f91afb,1378e2c0-417e-4fce-aaf3-d0b2907dc511,->,3d052f41-bc8a-447e-85ed-77374a2ee0a6,9af524cf-3d7b-41c5-a351-a1a522f91afb,16d5c68b-51e0-455a-8d84-1247d46c197a
3d052f41-bc8a-447e-85ed-77374a2ee0a6,9af524cf-3d7b-41c5-a351-a1a522f91afb,864ecc8e-2452-4eca-accb-c48b343eaa31,->,3d052f41-bc8a-447e-85ed-77374a2ee0a6,9af524cf-3d7b-41c5-a351-a1a522f91afb,9a05159a-2207-4136-a441-54f220bd6026
3d052f41-bc8a-447e-85ed-77374a2ee0a6,9af524cf-3d7b-41c5-a351-a1a522f91afb,864ecc8e-2452-4eca-accb-c48b343eaa31,->,3d052f41-bc8a-447e-85ed-77374a2ee0a6,arcanoid/service/SpeedVector$Axis.java,ordinal
3d052f41-bc8a-447e-85ed-77374a2ee0a6,9af524cf-3d7b-41c5-a351-a1a522f91afb,864ecc8e-2452-4eca-accb-c48b343eaa31,->,3d052f41-bc8a-447e-85ed-77374a2ee0a6,9af524cf-3d7b-41c5-a351-a1a522f91afb,16d5c68b-51e0-455a-8d84-1247d46c197a
3d052f41-bc8a-447e-85ed-77374a2ee0a6,9af524cf-3d7b-41c5-a351-a1a522f91afb,864ecc8e-2452-4eca-accb-c48b343eaa31,->,3d052f41-bc8a-447e-85ed-77374a2ee0a6,9af524cf-3d7b-41c5-a351-a1a522f91afb,b283a1ad-24b4-4296-999c-27c7eae2e4a5
3d052f41-bc8a-447e-85ed-77374a2ee0a6,9af524cf-3d7b-41c5-a351-a1a522f91afb,ad0998ff-03da-4199-914d-0f3c9a2ee204,->,3d052f41-bc8a-447e-85ed-77374a2ee0a6,9af524cf-3d7b-41c5-a351-a1a522f91afb,b283a1ad-24b4-4296-999c-27c7eae2e4a5
3d052f41-bc8a-447e-85ed-77374a2ee0a6,9af524cf-3d7b-41c5-a351-a1a522f91afb,ad0998ff-03da-4199-914d-0f3c9a2ee204,->,3d052f41-bc8a-447e-85ed-77374a2ee0a6,9af524cf-3d7b-41c5-a351-a1a522f91afb,16d5c68b-51e0-455a-8d84-1247d46c197a
3d052f41-bc8a-447e-85ed-77374a2ee0a6,9af524cf-3d7b-41c5-a351-a1a522f91afb,78b312b8-4275-4e2b-8a85-bd74676edb45,->,3d052f41-bc8a-447e-85ed-77374a2ee0a6,java/lang/Math.java,abs
3d052f41-bc8a-447e-85ed-77374a2ee0a6,9af524cf-3d7b-41c5-a351-a1a522f91afb,78b312b8-4275-4e2b-8a85-bd74676edb45,->,3d052f41-bc8a-447e-85ed-77374a2ee0a6,java/lang/Math.java,abs
3d052f41-bc8a-447e-85ed-77374a2ee0a6,9af524cf-3d7b-41c5-a351-a1a522f91afb,9a05159a-2207-4136-a441-54f220bd6026,->,3d052f41-bc8a-447e-85ed-77374a2ee0a6,9af524cf-3d7b-41c5-a351-a1a522f91afb,b283a1ad-24b4-4296-999c-27c7eae2e4a5
3d052f41-bc8a-447e-85ed-77374a2ee0a6,9af524cf-3d7b-41c5-a351-a1a522f91afb,9a05159a-2207-4136-a441-54f220bd6026,->,3d052f41-bc8a-447e-85ed-77374a2ee0a6,9af524cf-3d7b-41c5-a351-a1a522f91afb,16d5c68b-51e0-455a-8d84-1247d46c197a
3d052f41-bc8a-447e-85ed-77374a2ee0a6,9af524cf-3d7b-41c5-a351-a1a522f91afb,9becbc1c-80bb-43a0-a5d5-88b5af5a5e21,->,3d052f41-bc8a-447e-85ed-77374a2ee0a6,java/lang/Math.java,pow
3d052f41-bc8a-447e-85ed-77374a2ee0a6,9af524cf-3d7b-41c5-a351-a1a522f91afb,9becbc1c-80bb-43a0-a5d5-88b5af5a5e21,->,3d052f41-bc8a-447e-85ed-77374a2ee0a6,java/lang/Math.java,pow
3d052f41-bc8a-447e-85ed-77374a2ee0a6,9af524cf-3d7b-41c5-a351-a1a522f91afb,9becbc1c-80bb-43a0-a5d5-88b5af5a5e21,->,3d052f41-bc8a-447e-85ed-77374a2ee0a6,java/lang/Math.java,sqrt
3d052f41-bc8a-447e-85ed-77374a2ee0a6,9af524cf-3d7b-41c5-a351-a1a522f91afb,9a05159a-2207-4136-a441-54f220bd6026,->,3d052f41-bc8a-447e-85ed-77374a2ee0a6,9af524cf-3d7b-41c5-a351-a1a522f91afb,9a05159a-2207-4136-a441-54f220bd6026
3d052f41-bc8a-447e-85ed-77374a2ee0a6,0c4d3637-9755-468f-9b89-ee3c4e16fe40,5a253900-8104-496a-ac60-0e12930edf7a,->,3d052f41-bc8a-447e-85ed-77374a2ee0a6,com/golden/gamedev/GameLoader.java,setup
3d052f41-bc8a-447e-85ed-77374a2ee0a6,0c4d3637-9755-468f-9b89-ee3c4e16fe40,5a253900-8104-496a-ac60-0e12930edf7a,->,3d052f41-bc8a-447e-85ed-77374a2ee0a6,com/golden/gamedev/GameLoader.java,start
3d052f41-bc8a-447e-85ed-77374a2ee0a6,0c4d3637-9755-468f-9b89-ee3c4e16fe40,397bb72e-dff4-489e-9e7f-bc3c0fd00cc4,->,3d052f41-bc8a-447e-85ed-77374a2ee0a6,f919e9d8-e55a-4dbb-a460-99c5fec330de,4339365f-64e5-47d3-9617-fe4e0b911817
3d052f41-bc8a-447e-85ed-77374a2ee0a6,0c4d3637-9755-468f-9b89-ee3c4e16fe40,397bb72e-dff4-489e-9e7f-bc3c0fd00cc4,->,3d052f41-bc8a-447e-85ed-77374a2ee0a6,f919e9d8-e55a-4dbb-a460-99c5fec330de,5c9a8d11-eeef-4f04-9a3a-2e364a4d17c9
3d052f41-bc8a-447e-85ed-77374a2ee0a6,0c4d3637-9755-468f-9b89-ee3c4e16fe40,397bb72e-dff4-489e-9e7f-bc3c0fd00cc4,->,3d052f41-bc8a-447e-85ed-77374a2ee0a6,arcanoid/Arcanoid.java,getMouseX
3d052f41-bc8a-447e-85ed-77374a2ee0a6,0c4d3637-9755-468f-9b89-ee3c4e16fe40,397bb72e-dff4-489e-9e7f-bc3c0fd00cc4,->,3d052f41-bc8a-447e-85ed-77374a2ee0a6,arcanoid/Arcanoid.java,getImage
3d052f41-bc8a-447e-85ed-77374a2ee0a6,0c4d3637-9755-468f-9b89-ee3c4e16fe40,397bb72e-dff4-489e-9e7f-bc3c0fd00cc4,->,3d052f41-bc8a-447e-85ed-77374a2ee0a6,com/golden/gamedev/object/PlayField.java,setBackground
3d052f41-bc8a-447e-85ed-77374a2ee0a6,0c4d3637-9755-468f-9b89-ee3c4e16fe40,397bb72e-dff4-489e-9e7f-bc3c0fd00cc4,->,3d052f41-bc8a-447e-85ed-77374a2ee0a6,f919e9d8-e55a-4dbb-a460-99c5fec330de,4e36b98c-2bf3-4e45-b92f-e4e9bfaea8a1
3d052f41-bc8a-447e-85ed-77374a2ee0a6,0c4d3637-9755-468f-9b89-ee3c4e16fe40,397bb72e-dff4-489e-9e7f-bc3c0fd00cc4,->,3d052f41-bc8a-447e-85ed-77374a2ee0a6,fe26fb29-c0b2-4174-b691-19a3a3581351,f313e8b7-aaaf-48f3-b8fa-2f1d26063d4f
3d052f41-bc8a-447e-85ed-77374a2ee0a6,0c4d3637-9755-468f-9b89-ee3c4e16fe40,397bb72e-dff4-489e-9e7f-bc3c0fd00cc4,->,3d052f41-bc8a-447e-85ed-77374a2ee0a6,arcanoid/Arcanoid.java,hideCursor
3d052f41-bc8a-447e-85ed-77374a2ee0a6,0c4d3637-9755-468f-9b89-ee3c4e16fe40,397bb72e-dff4-489e-9e7f-bc3c0fd00cc4,->,3d052f41-bc8a-447e-85ed-77374a2ee0a6,f919e9d8-e55a-4dbb-a460-99c5fec330de,f82bde56-c4dc-410e-a01d-6152bf9f6078
3d052f41-bc8a-447e-85ed-77374a2ee0a6,0c4d3637-9755-468f-9b89-ee3c4e16fe40,397bb72e-dff4-489e-9e7f-bc3c0fd00cc4,->,3d052f41-bc8a-447e-85ed-77374a2ee0a6,fe26fb29-c0b2-4174-b691-19a3a3581351,0f38eb8d-0157-4d35-be9d-4672e6ba9690
3d052f41-bc8a-447e-85ed-77374a2ee0a6,0c4d3637-9755-468f-9b89-ee3c4e16fe40,397bb72e-dff4-489e-9e7f-bc3c0fd00cc4,->,3d052f41-bc8a-447e-85ed-77374a2ee0a6,fe26fb29-c0b2-4174-b691-19a3a3581351,d543457b-220a-4076-a07c-1840d1698206
3d052f41-bc8a-447e-85ed-77374a2ee0a6,0c4d3637-9755-468f-9b89-ee3c4e16fe40,397bb72e-dff4-489e-9e7f-bc3c0fd00cc4,->,3d052f41-bc8a-447e-85ed-77374a2ee0a6,arcanoid/Arcanoid.java,getImages
3d052f41-bc8a-447e-85ed-77374a2ee0a6,0c4d3637-9755-468f-9b89-ee3c4e16fe40,397bb72e-dff4-489e-9e7f-bc3c0fd00cc4,->,3d052f41-bc8a-447e-85ed-77374a2ee0a6,com/golden/gamedev/object/GameFontManager.java,getFont
3d052f41-bc8a-447e-85ed-77374a2ee0a6,0c4d3637-9755-468f-9b89-ee3c4e16fe40,ce43b088-a588-46ed-826c-334d8c1f1a86,->,3d052f41-bc8a-447e-85ed-77374a2ee0a6,com/golden/gamedev/object/PlayField.java,update
3d052f41-bc8a-447e-85ed-77374a2ee0a6,0c4d3637-9755-468f-9b89-ee3c4e16fe40,ce43b088-a588-46ed-826c-334d8c1f1a86,->,3d052f41-bc8a-447e-85ed-77374a2ee0a6,arcanoid/Arcanoid.java,click
3d052f41-bc8a-447e-85ed-77374a2ee0a6,0c4d3637-9755-468f-9b89-ee3c4e16fe40,ce43b088-a588-46ed-826c-334d8c1f1a86,->,3d052f41-bc8a-447e-85ed-77374a2ee0a6,f919e9d8-e55a-4dbb-a460-99c5fec330de,f0054cb2-9ef4-4e67-8130-65206b982ba0
3d052f41-bc8a-447e-85ed-77374a2ee0a6,0c4d3637-9755-468f-9b89-ee3c4e16fe40,ce43b088-a588-46ed-826c-334d8c1f1a86,->,3d052f41-bc8a-447e-85ed-77374a2ee0a6,f919e9d8-e55a-4dbb-a460-99c5fec330de,168b3ff7-9d2c-4c06-9955-90f33d1d983b
3d052f41-bc8a-447e-85ed-77374a2ee0a6,0c4d3637-9755-468f-9b89-ee3c4e16fe40,ce43b088-a588-46ed-826c-334d8c1f1a86,->,3d052f41-bc8a-447e-85ed-77374a2ee0a6,fe26fb29-c0b2-4174-b691-19a3a3581351,f1736f8e-e643-4753-9ead-645631788660
3d052f41-bc8a-447e-85ed-77374a2ee0a6,0c4d3637-9755-468f-9b89-ee3c4e16fe40,ce43b088-a588-46ed-826c-334d8c1f1a86,->,3d052f41-bc8a-447e-85ed-77374a2ee0a6,fe26fb29-c0b2-4174-b691-19a3a3581351,7ffa5459-a796-4633-9432-504d2ac4bc87
3d052f41-bc8a-447e-85ed-77374a2ee0a6,0c4d3637-9755-468f-9b89-ee3c4e16fe40,ce43b088-a588-46ed-826c-334d8c1f1a86,->,3d052f41-bc8a-447e-85ed-77374a2ee0a6,0c4d3637-9755-468f-9b89-ee3c4e16fe40,025454f0-100c-4457-9381-1062dec12ee0
3d052f41-bc8a-447e-85ed-77374a2ee0a6,0c4d3637-9755-468f-9b89-ee3c4e16fe40,3794ee7a-c694-4c5e-9a91-d1b6512c5510,->,3d052f41-bc8a-447e-85ed-77374a2ee0a6,com/golden/gamedev/object/PlayField.java,render
3d052f41-bc8a-447e-85ed-77374a2ee0a6,0c4d3637-9755-468f-9b89-ee3c4e16fe40,3794ee7a-c694-4c5e-9a91-d1b6512c5510,->,3d052f41-bc8a-447e-85ed-77374a2ee0a6,f919e9d8-e55a-4dbb-a460-99c5fec330de,b494d7a4-30d9-4f97-8d85-6f24f5064d3f
3d052f41-bc8a-447e-85ed-77374a2ee0a6,0c4d3637-9755-468f-9b89-ee3c4e16fe40,3794ee7a-c694-4c5e-9a91-d1b6512c5510,->,3d052f41-bc8a-447e-85ed-77374a2ee0a6,java/util/HashMap.java,entrySet
3d052f41-bc8a-447e-85ed-77374a2ee0a6,0c4d3637-9755-468f-9b89-ee3c4e16fe40,3794ee7a-c694-4c5e-9a91-d1b6512c5510,->,3d052f41-bc8a-447e-85ed-77374a2ee0a6,java/util/Set.java,iterator
3d052f41-bc8a-447e-85ed-77374a2ee0a6,0c4d3637-9755-468f-9b89-ee3c4e16fe40,3794ee7a-c694-4c5e-9a91-d1b6512c5510,->,3d052f41-bc8a-447e-85ed-77374a2ee0a6,java/util/Iterator.java,hasNext
3d052f41-bc8a-447e-85ed-77374a2ee0a6,0c4d3637-9755-468f-9b89-ee3c4e16fe40,3794ee7a-c694-4c5e-9a91-d1b6512c5510,->,3d052f41-bc8a-447e-85ed-77374a2ee0a6,java/util/Iterator.java,next
3d052f41-bc8a-447e-85ed-77374a2ee0a6,0c4d3637-9755-468f-9b89-ee3c4e16fe40,3794ee7a-c694-4c5e-9a91-d1b6512c5510,->,3d052f41-bc8a-447e-85ed-77374a2ee0a6,java/util/Map$Entry.java,getKey
3d052f41-bc8a-447e-85ed-77374a2ee0a6,0c4d3637-9755-468f-9b89-ee3c4e16fe40,3794ee7a-c694-4c5e-9a91-d1b6512c5510,->,3d052f41-bc8a-447e-85ed-77374a2ee0a6,java/util/Map$Entry.java,getValue
3d052f41-bc8a-447e-85ed-77374a2ee0a6,0c4d3637-9755-468f-9b89-ee3c4e16fe40,3794ee7a-c694-4c5e-9a91-d1b6512c5510,->,3d052f41-bc8a-447e-85ed-77374a2ee0a6,java/lang/StringBuilder.java,append
3d052f41-bc8a-447e-85ed-77374a2ee0a6,0c4d3637-9755-468f-9b89-ee3c4e16fe40,3794ee7a-c694-4c5e-9a91-d1b6512c5510,->,3d052f41-bc8a-447e-85ed-77374a2ee0a6,java/lang/StringBuilder.java,append
3d052f41-bc8a-447e-85ed-77374a2ee0a6,0c4d3637-9755-468f-9b89-ee3c4e16fe40,3794ee7a-c694-4c5e-9a91-d1b6512c5510,->,3d052f41-bc8a-447e-85ed-77374a2ee0a6,java/lang/StringBuilder.java,append
3d052f41-bc8a-447e-85ed-77374a2ee0a6,0c4d3637-9755-468f-9b89-ee3c4e16fe40,3794ee7a-c694-4c5e-9a91-d1b6512c5510,->,3d052f41-bc8a-447e-85ed-77374a2ee0a6,java/lang/StringBuilder.java,append
3d052f41-bc8a-447e-85ed-77374a2ee0a6,0c4d3637-9755-468f-9b89-ee3c4e16fe40,3794ee7a-c694-4c5e-9a91-d1b6512c5510,->,3d052f41-bc8a-447e-85ed-77374a2ee0a6,java/lang/StringBuilder.java,append
3d052f41-bc8a-447e-85ed-77374a2ee0a6,0c4d3637-9755-468f-9b89-ee3c4e16fe40,3794ee7a-c694-4c5e-9a91-d1b6512c5510,->,3d052f41-bc8a-447e-85ed-77374a2ee0a6,java/lang/StringBuilder.java,toString
3d052f41-bc8a-447e-85ed-77374a2ee0a6,0c4d3637-9755-468f-9b89-ee3c4e16fe40,3794ee7a-c694-4c5e-9a91-d1b6512c5510,->,3d052f41-bc8a-447e-85ed-77374a2ee0a6,com/golden/gamedev/object/GameFont.java,drawText
3d052f41-bc8a-447e-85ed-77374a2ee0a6,0c4d3637-9755-468f-9b89-ee3c4e16fe40,3794ee7a-c694-4c5e-9a91-d1b6512c5510,->,3d052f41-bc8a-447e-85ed-77374a2ee0a6,java/lang/String.java,isEmpty
3d052f41-bc8a-447e-85ed-77374a2ee0a6,0c4d3637-9755-468f-9b89-ee3c4e16fe40,3794ee7a-c694-4c5e-9a91-d1b6512c5510,->,3d052f41-bc8a-447e-85ed-77374a2ee0a6,com/golden/gamedev/object/GameFont.java,drawString
3d052f41-bc8a-447e-85ed-77374a2ee0a6,0c4d3637-9755-468f-9b89-ee3c4e16fe40,025454f0-100c-4457-9381-1062dec12ee0,->,3d052f41-bc8a-447e-85ed-77374a2ee0a6,arcanoid/Arcanoid.java,getMouseX
3d052f41-bc8a-447e-85ed-77374a2ee0a6,0c4d3637-9755-468f-9b89-ee3c4e16fe40,025454f0-100c-4457-9381-1062dec12ee0,->,3d052f41-bc8a-447e-85ed-77374a2ee0a6,0c4d3637-9755-468f-9b89-ee3c4e16fe40,a8566b9f-c7e7-4418-a36b-c6fac3899941
3d052f41-bc8a-447e-85ed-77374a2ee0a6,0c4d3637-9755-468f-9b89-ee3c4e16fe40,025454f0-100c-4457-9381-1062dec12ee0,->,3d052f41-bc8a-447e-85ed-77374a2ee0a6,f919e9d8-e55a-4dbb-a460-99c5fec330de,bc8eeca4-4e80-490f-962e-82d3763da580
3d052f41-bc8a-447e-85ed-77374a2ee0a6,0c4d3637-9755-468f-9b89-ee3c4e16fe40,025454f0-100c-4457-9381-1062dec12ee0,->,3d052f41-bc8a-447e-85ed-77374a2ee0a6,arcanoid/Arcanoid.java,getMouseX
3d052f41-bc8a-447e-85ed-77374a2ee0a6,0c4d3637-9755-468f-9b89-ee3c4e16fe40,a8566b9f-c7e7-4418-a36b-c6fac3899941,->,3d052f41-bc8a-447e-85ed-77374a2ee0a6,arcanoid/Arcanoid.java,getMouseX
3d052f41-bc8a-447e-85ed-77374a2ee0a6,arcanoid/Arcanoid$AttemptObserver.java,returnToStartAttempt,->,3d052f41-bc8a-447e-85ed-77374a2ee0a6,arcanoid/Arcanoid.java,access$100
3d052f41-bc8a-447e-85ed-77374a2ee0a6,arcanoid/Arcanoid$AttemptObserver.java,returnToStartAttempt,->,3d052f41-bc8a-447e-85ed-77374a2ee0a6,com/golden/gamedev/object/PlayField.java,getCollisionGroups
3d052f41-bc8a-447e-85ed-77374a2ee0a6,arcanoid/Arcanoid$AttemptObserver.java,returnToStartAttempt,->,3d052f41-bc8a-447e-85ed-77374a2ee0a6,arcanoid/Arcanoid.java,access$100
3d052f41-bc8a-447e-85ed-77374a2ee0a6,arcanoid/Arcanoid$AttemptObserver.java,returnToStartAttempt,->,3d052f41-bc8a-447e-85ed-77374a2ee0a6,com/golden/gamedev/object/PlayField.java,removeCollisionGroup
3d052f41-bc8a-447e-85ed-77374a2ee0a6,arcanoid/Arcanoid$AttemptObserver.java,returnToStartAttempt,->,3d052f41-bc8a-447e-85ed-77374a2ee0a6,arcanoid/Arcanoid.java,access$200
3d052f41-bc8a-447e-85ed-77374a2ee0a6,arcanoid/Arcanoid$AttemptObserver.java,returnToStartAttempt,->,3d052f41-bc8a-447e-85ed-77374a2ee0a6,arcanoid/Arcanoid.java,access$100
3d052f41-bc8a-447e-85ed-77374a2ee0a6,arcanoid/Arcanoid$AttemptObserver.java,returnToStartAttempt,->,3d052f41-bc8a-447e-85ed-77374a2ee0a6,fe26fb29-c0b2-4174-b691-19a3a3581351,0f38eb8d-0157-4d35-be9d-4672e6ba9690
3d052f41-bc8a-447e-85ed-77374a2ee0a6,arcanoid/Arcanoid$AttemptObserver.java,returnToStartAttempt,->,3d052f41-bc8a-447e-85ed-77374a2ee0a6,arcanoid/Arcanoid.java,access$200
3d052f41-bc8a-447e-85ed-77374a2ee0a6,arcanoid/Arcanoid$AttemptObserver.java,returnToStartAttempt,->,3d052f41-bc8a-447e-85ed-77374a2ee0a6,arcanoid/Arcanoid.java,access$100
3d052f41-bc8a-447e-85ed-77374a2ee0a6,arcanoid/Arcanoid$AttemptObserver.java,returnToStartAttempt,->,3d052f41-bc8a-447e-85ed-77374a2ee0a6,fe26fb29-c0b2-4174-b691-19a3a3581351,7ffa5459-a796-4633-9432-504d2ac4bc87
3d052f41-bc8a-447e-85ed-77374a2ee0a6,arcanoid/Arcanoid$AttemptObserver.java,endGame,->,3d052f41-bc8a-447e-85ed-77374a2ee0a6,arcanoid/Arcanoid.java,access$302
3d052f41-bc8a-447e-85ed-77374a2ee0a6,arcanoid/Arcanoid$AttemptObserver.java,endGame,->,3d052f41-bc8a-447e-85ed-77374a2ee0a6,arcanoid/Arcanoid.java,access$302
3d052f41-bc8a-447e-85ed-77374a2ee0a6,f919e9d8-e55a-4dbb-a460-99c5fec330de,5c9a8d11-eeef-4f04-9a3a-2e364a4d17c9,->,3d052f41-bc8a-447e-85ed-77374a2ee0a6,4e890c1d-14c2-4e50-ac5c-e55513c59b15,46634e29-0c02-4bf4-ad0f-29b1f1ce4e14
3d052f41-bc8a-447e-85ed-77374a2ee0a6,f919e9d8-e55a-4dbb-a460-99c5fec330de,4339365f-64e5-47d3-9617-fe4e0b911817,->,3d052f41-bc8a-447e-85ed-77374a2ee0a6,4e890c1d-14c2-4e50-ac5c-e55513c59b15,93583ee3-ba30-4765-8c1e-4a8ad2067ed8
3d052f41-bc8a-447e-85ed-77374a2ee0a6,f919e9d8-e55a-4dbb-a460-99c5fec330de,4e36b98c-2bf3-4e45-b92f-e4e9bfaea8a1,->,3d052f41-bc8a-447e-85ed-77374a2ee0a6,java/util/ArrayList.java,add
3d052f41-bc8a-447e-85ed-77374a2ee0a6,f919e9d8-e55a-4dbb-a460-99c5fec330de,fe01f958-5b39-4f43-ada9-ff3622260cd9,->,3d052f41-bc8a-447e-85ed-77374a2ee0a6,4e890c1d-14c2-4e50-ac5c-e55513c59b15,113eba08-ca40-43a5-b8ef-983a47f3caae
3d052f41-bc8a-447e-85ed-77374a2ee0a6,f919e9d8-e55a-4dbb-a460-99c5fec330de,fe01f958-5b39-4f43-ada9-ff3622260cd9,->,3d052f41-bc8a-447e-85ed-77374a2ee0a6,java/util/ArrayList.java,iterator
3d052f41-bc8a-447e-85ed-77374a2ee0a6,f919e9d8-e55a-4dbb-a460-99c5fec330de,fe01f958-5b39-4f43-ada9-ff3622260cd9,->,3d052f41-bc8a-447e-85ed-77374a2ee0a6,java/util/Iterator.java,hasNext
3d052f41-bc8a-447e-85ed-77374a2ee0a6,f919e9d8-e55a-4dbb-a460-99c5fec330de,fe01f958-5b39-4f43-ada9-ff3622260cd9,->,3d052f41-bc8a-447e-85ed-77374a2ee0a6,java/util/Iterator.java,next
3d052f41-bc8a-447e-85ed-77374a2ee0a6,f919e9d8-e55a-4dbb-a460-99c5fec330de,fe01f958-5b39-4f43-ada9-ff3622260cd9,->,3d052f41-bc8a-447e-85ed-77374a2ee0a6,f9e63863-c121-4e8c-9eb4-c7f0fc9325c2,6b4b4b49-0268-49e5-bf1d-0971e05107ae
3d052f41-bc8a-447e-85ed-77374a2ee0a6,f919e9d8-e55a-4dbb-a460-99c5fec330de,"4e77b649-ffbc-4ef3-9e69-1f429bda3f03,32578d0f-0f33-4afc-9d3b-92c6ad895f3e",->,3d052f41-bc8a-447e-85ed-77374a2ee0a6,4ade0b33-0cdf-492b-a717-e58b4e4ab44f,a805f959-eede-4fb6-8fb0-fa2f486f27b5
3d052f41-bc8a-447e-85ed-77374a2ee0a6,f919e9d8-e55a-4dbb-a460-99c5fec330de,"4e77b649-ffbc-4ef3-9e69-1f429bda3f03,32578d0f-0f33-4afc-9d3b-92c6ad895f3e",->,3d052f41-bc8a-447e-85ed-77374a2ee0a6,java/util/ArrayList.java,add
3d052f41-bc8a-447e-85ed-77374a2ee0a6,f919e9d8-e55a-4dbb-a460-99c5fec330de,"4e77b649-ffbc-4ef3-9e69-1f429bda3f03,32578d0f-0f33-4afc-9d3b-92c6ad895f3e",->,3d052f41-bc8a-447e-85ed-77374a2ee0a6,java/util/ArrayList.java,iterator
3d052f41-bc8a-447e-85ed-77374a2ee0a6,f919e9d8-e55a-4dbb-a460-99c5fec330de,"4e77b649-ffbc-4ef3-9e69-1f429bda3f03,32578d0f-0f33-4afc-9d3b-92c6ad895f3e",->,3d052f41-bc8a-447e-85ed-77374a2ee0a6,java/util/Iterator.java,hasNext
3d052f41-bc8a-447e-85ed-77374a2ee0a6,f919e9d8-e55a-4dbb-a460-99c5fec330de,"4e77b649-ffbc-4ef3-9e69-1f429bda3f03,32578d0f-0f33-4afc-9d3b-92c6ad895f3e",->,3d052f41-bc8a-447e-85ed-77374a2ee0a6,java/util/Iterator.java,next
3d052f41-bc8a-447e-85ed-77374a2ee0a6,f919e9d8-e55a-4dbb-a460-99c5fec330de,"4e77b649-ffbc-4ef3-9e69-1f429bda3f03,32578d0f-0f33-4afc-9d3b-92c6ad895f3e",->,3d052f41-bc8a-447e-85ed-77374a2ee0a6,f9e63863-c121-4e8c-9eb4-c7f0fc9325c2,1d255eec-0507-4fb8-ba30-667867c03b5a
3d052f41-bc8a-447e-85ed-77374a2ee0a6,f919e9d8-e55a-4dbb-a460-99c5fec330de,"4e77b649-ffbc-4ef3-9e69-1f429bda3f03,32578d0f-0f33-4afc-9d3b-92c6ad895f3e",->,3d052f41-bc8a-447e-85ed-77374a2ee0a6,java/util/ArrayList.java,iterator
3d052f41-bc8a-447e-85ed-77374a2ee0a6,f919e9d8-e55a-4dbb-a460-99c5fec330de,"4e77b649-ffbc-4ef3-9e69-1f429bda3f03,32578d0f-0f33-4afc-9d3b-92c6ad895f3e",->,3d052f41-bc8a-447e-85ed-77374a2ee0a6,java/util/Iterator.java,hasNext
3d052f41-bc8a-447e-85ed-77374a2ee0a6,f919e9d8-e55a-4dbb-a460-99c5fec330de,"4e77b649-ffbc-4ef3-9e69-1f429bda3f03,32578d0f-0f33-4afc-9d3b-92c6ad895f3e",->,3d052f41-bc8a-447e-85ed-77374a2ee0a6,java/util/Iterator.java,next
3d052f41-bc8a-447e-85ed-77374a2ee0a6,f919e9d8-e55a-4dbb-a460-99c5fec330de,"4e77b649-ffbc-4ef3-9e69-1f429bda3f03,32578d0f-0f33-4afc-9d3b-92c6ad895f3e",->,3d052f41-bc8a-447e-85ed-77374a2ee0a6,f9e63863-c121-4e8c-9eb4-c7f0fc9325c2,bbed1219-556b-4879-b0b0-49339f9462b4
3d052f41-bc8a-447e-85ed-77374a2ee0a6,f919e9d8-e55a-4dbb-a460-99c5fec330de,"4cbe0a0b-a478-41c8-a500-567a16efa73d,7eb2e29a-94a1-4587-a9fc-a79144491eca",->,3d052f41-bc8a-447e-85ed-77374a2ee0a6,f919e9d8-e55a-4dbb-a460-99c5fec330de,"4e77b649-ffbc-4ef3-9e69-1f429bda3f03,32578d0f-0f33-4afc-9d3b-92c6ad895f3e"
3d052f41-bc8a-447e-85ed-77374a2ee0a6,f919e9d8-e55a-4dbb-a460-99c5fec330de,168b3ff7-9d2c-4c06-9955-90f33d1d983b,->,3d052f41-bc8a-447e-85ed-77374a2ee0a6,4e890c1d-14c2-4e50-ac5c-e55513c59b15,8394ab53-11e2-4bfc-99e6-2aad68902c09
3d052f41-bc8a-447e-85ed-77374a2ee0a6,f919e9d8-e55a-4dbb-a460-99c5fec330de,168b3ff7-9d2c-4c06-9955-90f33d1d983b,->,3d052f41-bc8a-447e-85ed-77374a2ee0a6,f919e9d8-e55a-4dbb-a460-99c5fec330de,fe01f958-5b39-4f43-ada9-ff3622260cd9
3d052f41-bc8a-447e-85ed-77374a2ee0a6,f919e9d8-e55a-4dbb-a460-99c5fec330de,637a4390-d78b-4f83-9f5a-fa5d6f8facd9,->,3d052f41-bc8a-447e-85ed-77374a2ee0a6,c16ce7fa-2bac-4746-a93c-eff58bb30661,0b057cce-622b-4c64-8380-047fa08f9e41
3d052f41-bc8a-447e-85ed-77374a2ee0a6,f919e9d8-e55a-4dbb-a460-99c5fec330de,637a4390-d78b-4f83-9f5a-fa5d6f8facd9,->,3d052f41-bc8a-447e-85ed-77374a2ee0a6,4e890c1d-14c2-4e50-ac5c-e55513c59b15,113eba08-ca40-43a5-b8ef-983a47f3caae
3d052f41-bc8a-447e-85ed-77374a2ee0a6,f919e9d8-e55a-4dbb-a460-99c5fec330de,637a4390-d78b-4f83-9f5a-fa5d6f8facd9,->,3d052f41-bc8a-447e-85ed-77374a2ee0a6,java/util/ArrayList.java,size
3d052f41-bc8a-447e-85ed-77374a2ee0a6,f919e9d8-e55a-4dbb-a460-99c5fec330de,637a4390-d78b-4f83-9f5a-fa5d6f8facd9,->,3d052f41-bc8a-447e-85ed-77374a2ee0a6,c16ce7fa-2bac-4746-a93c-eff58bb30661,1d21ddd2-79d8-46af-bdfa-4a3008b2229d
3d052f41-bc8a-447e-85ed-77374a2ee0a6,f919e9d8-e55a-4dbb-a460-99c5fec330de,637a4390-d78b-4f83-9f5a-fa5d6f8facd9,->,3d052f41-bc8a-447e-85ed-77374a2ee0a6,f919e9d8-e55a-4dbb-a460-99c5fec330de,"4e77b649-ffbc-4ef3-9e69-1f429bda3f03,32578d0f-0f33-4afc-9d3b-92c6ad895f3e"
3d052f41-bc8a-447e-85ed-77374a2ee0a6,f919e9d8-e55a-4dbb-a460-99c5fec330de,637a4390-d78b-4f83-9f5a-fa5d6f8facd9,->,3d052f41-bc8a-447e-85ed-77374a2ee0a6,f919e9d8-e55a-4dbb-a460-99c5fec330de,"4cbe0a0b-a478-41c8-a500-567a16efa73d,7eb2e29a-94a1-4587-a9fc-a79144491eca"
3d052f41-bc8a-447e-85ed-77374a2ee0a6,f919e9d8-e55a-4dbb-a460-99c5fec330de,637a4390-d78b-4f83-9f5a-fa5d6f8facd9,->,3d052f41-bc8a-447e-85ed-77374a2ee0a6,4e890c1d-14c2-4e50-ac5c-e55513c59b15,"df169a46-ef71-4ddf-a8e8-5ffdca755146,8e44031a-8b79-49c0-95d3-cfd719624a85"
3d052f41-bc8a-447e-85ed-77374a2ee0a6,f919e9d8-e55a-4dbb-a460-99c5fec330de,b494d7a4-30d9-4f97-8d85-6f24f5064d3f,->,3d052f41-bc8a-447e-85ed-77374a2ee0a6,c16ce7fa-2bac-4746-a93c-eff58bb30661,0b057cce-622b-4c64-8380-047fa08f9e41
3d052f41-bc8a-447e-85ed-77374a2ee0a6,f919e9d8-e55a-4dbb-a460-99c5fec330de,b494d7a4-30d9-4f97-8d85-6f24f5064d3f,->,3d052f41-bc8a-447e-85ed-77374a2ee0a6,java/lang/String.java,valueOf
3d052f41-bc8a-447e-85ed-77374a2ee0a6,f919e9d8-e55a-4dbb-a460-99c5fec330de,b494d7a4-30d9-4f97-8d85-6f24f5064d3f,->,3d052f41-bc8a-447e-85ed-77374a2ee0a6,java/util/HashMap.java,put
3d052f41-bc8a-447e-85ed-77374a2ee0a6,f919e9d8-e55a-4dbb-a460-99c5fec330de,b494d7a4-30d9-4f97-8d85-6f24f5064d3f,->,3d052f41-bc8a-447e-85ed-77374a2ee0a6,c16ce7fa-2bac-4746-a93c-eff58bb30661,43d96f23-190a-4784-b421-7be1c612bb9e
3d052f41-bc8a-447e-85ed-77374a2ee0a6,f919e9d8-e55a-4dbb-a460-99c5fec330de,b494d7a4-30d9-4f97-8d85-6f24f5064d3f,->,3d052f41-bc8a-447e-85ed-77374a2ee0a6,java/lang/String.java,valueOf
3d052f41-bc8a-447e-85ed-77374a2ee0a6,f919e9d8-e55a-4dbb-a460-99c5fec330de,b494d7a4-30d9-4f97-8d85-6f24f5064d3f,->,3d052f41-bc8a-447e-85ed-77374a2ee0a6,java/util/HashMap.java,put
3d052f41-bc8a-447e-85ed-77374a2ee0a6,f919e9d8-e55a-4dbb-a460-99c5fec330de,bc8eeca4-4e80-490f-962e-82d3763da580,->,3d052f41-bc8a-447e-85ed-77374a2ee0a6,4e890c1d-14c2-4e50-ac5c-e55513c59b15,aeaeb907-3528-4ba9-8afa-814079d94d2a
3d052f41-bc8a-447e-85ed-77374a2ee0a6,f919e9d8-e55a-4dbb-a460-99c5fec330de,bc8eeca4-4e80-490f-962e-82d3763da580,->,3d052f41-bc8a-447e-85ed-77374a2ee0a6,4ade0b33-0cdf-492b-a717-e58b4e4ab44f,a805f959-eede-4fb6-8fb0-fa2f486f27b5
3d052f41-bc8a-447e-85ed-77374a2ee0a6,f919e9d8-e55a-4dbb-a460-99c5fec330de,bc8eeca4-4e80-490f-962e-82d3763da580,->,3d052f41-bc8a-447e-85ed-77374a2ee0a6,f919e9d8-e55a-4dbb-a460-99c5fec330de,f0054cb2-9ef4-4e67-8130-65206b982ba0
3d052f41-bc8a-447e-85ed-77374a2ee0a6,f919e9d8-e55a-4dbb-a460-99c5fec330de,bc8eeca4-4e80-490f-962e-82d3763da580,->,3d052f41-bc8a-447e-85ed-77374a2ee0a6,4e890c1d-14c2-4e50-ac5c-e55513c59b15,113eba08-ca40-43a5-b8ef-983a47f3caae
3d052f41-bc8a-447e-85ed-77374a2ee0a6,f919e9d8-e55a-4dbb-a460-99c5fec330de,bc8eeca4-4e80-490f-962e-82d3763da580,->,3d052f41-bc8a-447e-85ed-77374a2ee0a6,java/util/ArrayList.java,iterator
3d052f41-bc8a-447e-85ed-77374a2ee0a6,f919e9d8-e55a-4dbb-a460-99c5fec330de,bc8eeca4-4e80-490f-962e-82d3763da580,->,3d052f41-bc8a-447e-85ed-77374a2ee0a6,java/util/Iterator.java,hasNext
3d052f41-bc8a-447e-85ed-77374a2ee0a6,f919e9d8-e55a-4dbb-a460-99c5fec330de,bc8eeca4-4e80-490f-962e-82d3763da580,->,3d052f41-bc8a-447e-85ed-77374a2ee0a6,java/util/Iterator.java,next
3d052f41-bc8a-447e-85ed-77374a2ee0a6,f919e9d8-e55a-4dbb-a460-99c5fec330de,bc8eeca4-4e80-490f-962e-82d3763da580,->,3d052f41-bc8a-447e-85ed-77374a2ee0a6,4ade0b33-0cdf-492b-a717-e58b4e4ab44f,a805f959-eede-4fb6-8fb0-fa2f486f27b5
3d052f41-bc8a-447e-85ed-77374a2ee0a6,f919e9d8-e55a-4dbb-a460-99c5fec330de,f82bde56-c4dc-410e-a01d-6152bf9f6078,->,3d052f41-bc8a-447e-85ed-77374a2ee0a6,fe26fb29-c0b2-4174-b691-19a3a3581351,dd9a2f59-af5f-4c53-b943-be09afd70a4e
3d052f41-bc8a-447e-85ed-77374a2ee0a6,f919e9d8-e55a-4dbb-a460-99c5fec330de,f82bde56-c4dc-410e-a01d-6152bf9f6078,->,3d052f41-bc8a-447e-85ed-77374a2ee0a6,fe26fb29-c0b2-4174-b691-19a3a3581351,dd9a2f59-af5f-4c53-b943-be09afd70a4e
3d052f41-bc8a-447e-85ed-77374a2ee0a6,fe26fb29-c0b2-4174-b691-19a3a3581351,ecb96cb7-5742-4eac-ad3b-f8bbeda18425,->,3d052f41-bc8a-447e-85ed-77374a2ee0a6,fe26fb29-c0b2-4174-b691-19a3a3581351,a84dbf65-d915-4637-84ff-44759274e5c3
3d052f41-bc8a-447e-85ed-77374a2ee0a6,fe26fb29-c0b2-4174-b691-19a3a3581351,ecb96cb7-5742-4eac-ad3b-f8bbeda18425,->,3d052f41-bc8a-447e-85ed-77374a2ee0a6,javax/imageio/ImageIO.java,read
3d052f41-bc8a-447e-85ed-77374a2ee0a6,fe26fb29-c0b2-4174-b691-19a3a3581351,ecb96cb7-5742-4eac-ad3b-f8bbeda18425,->,3d052f41-bc8a-447e-85ed-77374a2ee0a6,java/lang/StringBuilder.java,append
3d052f41-bc8a-447e-85ed-77374a2ee0a6,fe26fb29-c0b2-4174-b691-19a3a3581351,ecb96cb7-5742-4eac-ad3b-f8bbeda18425,->,3d052f41-bc8a-447e-85ed-77374a2ee0a6,java/util/ArrayList.java,size
3d052f41-bc8a-447e-85ed-77374a2ee0a6,fe26fb29-c0b2-4174-b691-19a3a3581351,ecb96cb7-5742-4eac-ad3b-f8bbeda18425,->,3d052f41-bc8a-447e-85ed-77374a2ee0a6,java/lang/String.java,valueOf
3d052f41-bc8a-447e-85ed-77374a2ee0a6,fe26fb29-c0b2-4174-b691-19a3a3581351,ecb96cb7-5742-4eac-ad3b-f8bbeda18425,->,3d052f41-bc8a-447e-85ed-77374a2ee0a6,java/lang/StringBuilder.java,append
3d052f41-bc8a-447e-85ed-77374a2ee0a6,fe26fb29-c0b2-4174-b691-19a3a3581351,ecb96cb7-5742-4eac-ad3b-f8bbeda18425,->,3d052f41-bc8a-447e-85ed-77374a2ee0a6,java/lang/StringBuilder.java,toString
3d052f41-bc8a-447e-85ed-77374a2ee0a6,fe26fb29-c0b2-4174-b691-19a3a3581351,ecb96cb7-5742-4eac-ad3b-f8bbeda18425,->,3d052f41-bc8a-447e-85ed-77374a2ee0a6,com/golden/gamedev/object/SpriteGroup.java,add
3d052f41-bc8a-447e-85ed-77374a2ee0a6,fe26fb29-c0b2-4174-b691-19a3a3581351,ecb96cb7-5742-4eac-ad3b-f8bbeda18425,->,3d052f41-bc8a-447e-85ed-77374a2ee0a6,java/util/ArrayList.java,add
3d052f41-bc8a-447e-85ed-77374a2ee0a6,fe26fb29-c0b2-4174-b691-19a3a3581351,ecb96cb7-5742-4eac-ad3b-f8bbeda18425,->,3d052f41-bc8a-447e-85ed-77374a2ee0a6,com/golden/gamedev/object/SpriteGroup.java,add
3d052f41-bc8a-447e-85ed-77374a2ee0a6,fe26fb29-c0b2-4174-b691-19a3a3581351,ecb96cb7-5742-4eac-ad3b-f8bbeda18425,->,3d052f41-bc8a-447e-85ed-77374a2ee0a6,com/golden/gamedev/object/SpriteGroup.java,add
3d052f41-bc8a-447e-85ed-77374a2ee0a6,fe26fb29-c0b2-4174-b691-19a3a3581351,ecb96cb7-5742-4eac-ad3b-f8bbeda18425,->,3d052f41-bc8a-447e-85ed-77374a2ee0a6,fb0844c9-e20e-4291-b8f1-ccfabe9e7077,4d9810ff-57c8-4f7d-94ed-7ff2cd9f814a
3d052f41-bc8a-447e-85ed-77374a2ee0a6,fe26fb29-c0b2-4174-b691-19a3a3581351,ecb96cb7-5742-4eac-ad3b-f8bbeda18425,->,3d052f41-bc8a-447e-85ed-77374a2ee0a6,4ade0b33-0cdf-492b-a717-e58b4e4ab44f,08aa872c-fd89-4e6e-9135-1c6fed99aa02
3d052f41-bc8a-447e-85ed-77374a2ee0a6,fe26fb29-c0b2-4174-b691-19a3a3581351,ecb96cb7-5742-4eac-ad3b-f8bbeda18425,->,3d052f41-bc8a-447e-85ed-77374a2ee0a6,fe26fb29-c0b2-4174-b691-19a3a3581351,9e69a3ed-4536-42a3-ba4c-457adf72a378
3d052f41-bc8a-447e-85ed-77374a2ee0a6,fe26fb29-c0b2-4174-b691-19a3a3581351,ecb96cb7-5742-4eac-ad3b-f8bbeda18425,->,3d052f41-bc8a-447e-85ed-77374a2ee0a6,java/lang/String.java,hashCode
3d052f41-bc8a-447e-85ed-77374a2ee0a6,fe26fb29-c0b2-4174-b691-19a3a3581351,ecb96cb7-5742-4eac-ad3b-f8bbeda18425,->,3d052f41-bc8a-447e-85ed-77374a2ee0a6,java/lang/String.java,equals
3d052f41-bc8a-447e-85ed-77374a2ee0a6,fe26fb29-c0b2-4174-b691-19a3a3581351,ecb96cb7-5742-4eac-ad3b-f8bbeda18425,->,3d052f41-bc8a-447e-85ed-77374a2ee0a6,java/lang/String.java,equals
3d052f41-bc8a-447e-85ed-77374a2ee0a6,fe26fb29-c0b2-4174-b691-19a3a3581351,ecb96cb7-5742-4eac-ad3b-f8bbeda18425,->,3d052f41-bc8a-447e-85ed-77374a2ee0a6,java/util/ArrayList.java,add
3d052f41-bc8a-447e-85ed-77374a2ee0a6,fe26fb29-c0b2-4174-b691-19a3a3581351,ecb96cb7-5742-4eac-ad3b-f8bbeda18425,->,3d052f41-bc8a-447e-85ed-77374a2ee0a6,java/util/ArrayList.java,add
3d052f41-bc8a-447e-85ed-77374a2ee0a6,fe26fb29-c0b2-4174-b691-19a3a3581351,ecb96cb7-5742-4eac-ad3b-f8bbeda18425,->,3d052f41-bc8a-447e-85ed-77374a2ee0a6,java/lang/Class.java,getName
3d052f41-bc8a-447e-85ed-77374a2ee0a6,fe26fb29-c0b2-4174-b691-19a3a3581351,ecb96cb7-5742-4eac-ad3b-f8bbeda18425,->,3d052f41-bc8a-447e-85ed-77374a2ee0a6,java/util/logging/Logger.java,getLogger
3d052f41-bc8a-447e-85ed-77374a2ee0a6,fe26fb29-c0b2-4174-b691-19a3a3581351,ecb96cb7-5742-4eac-ad3b-f8bbeda18425,->,3d052f41-bc8a-447e-85ed-77374a2ee0a6,java/util/logging/Logger.java,log
3d052f41-bc8a-447e-85ed-77374a2ee0a6,fe26fb29-c0b2-4174-b691-19a3a3581351,f313e8b7-aaaf-48f3-b8fa-2f1d26063d4f,->,3d052f41-bc8a-447e-85ed-77374a2ee0a6,com/golden/gamedev/object/PlayField.java,addGroup
3d052f41-bc8a-447e-85ed-77374a2ee0a6,fe26fb29-c0b2-4174-b691-19a3a3581351,f313e8b7-aaaf-48f3-b8fa-2f1d26063d4f,->,3d052f41-bc8a-447e-85ed-77374a2ee0a6,com/golden/gamedev/object/PlayField.java,addGroup
3d052f41-bc8a-447e-85ed-77374a2ee0a6,fe26fb29-c0b2-4174-b691-19a3a3581351,f313e8b7-aaaf-48f3-b8fa-2f1d26063d4f,->,3d052f41-bc8a-447e-85ed-77374a2ee0a6,java/util/ArrayList.java,iterator
3d052f41-bc8a-447e-85ed-77374a2ee0a6,fe26fb29-c0b2-4174-b691-19a3a3581351,f313e8b7-aaaf-48f3-b8fa-2f1d26063d4f,->,3d052f41-bc8a-447e-85ed-77374a2ee0a6,java/util/Iterator.java,hasNext
3d052f41-bc8a-447e-85ed-77374a2ee0a6,fe26fb29-c0b2-4174-b691-19a3a3581351,f313e8b7-aaaf-48f3-b8fa-2f1d26063d4f,->,3d052f41-bc8a-447e-85ed-77374a2ee0a6,java/util/Iterator.java,next
3d052f41-bc8a-447e-85ed-77374a2ee0a6,fe26fb29-c0b2-4174-b691-19a3a3581351,f313e8b7-aaaf-48f3-b8fa-2f1d26063d4f,->,3d052f41-bc8a-447e-85ed-77374a2ee0a6,com/golden/gamedev/object/PlayField.java,addGroup
3d052f41-bc8a-447e-85ed-77374a2ee0a6,fe26fb29-c0b2-4174-b691-19a3a3581351,38831693-1129-4d7e-9de0-d6d6c15bb889,->,3d052f41-bc8a-447e-85ed-77374a2ee0a6,fb0844c9-e20e-4291-b8f1-ccfabe9e7077,929a7ad0-9402-440d-bcdc-ce15ece423c5
3d052f41-bc8a-447e-85ed-77374a2ee0a6,fe26fb29-c0b2-4174-b691-19a3a3581351,38831693-1129-4d7e-9de0-d6d6c15bb889,->,3d052f41-bc8a-447e-85ed-77374a2ee0a6,fb0844c9-e20e-4291-b8f1-ccfabe9e7077,5ff76421-5e68-49e0-8d18-15e170a39773
3d052f41-bc8a-447e-85ed-77374a2ee0a6,fe26fb29-c0b2-4174-b691-19a3a3581351,38831693-1129-4d7e-9de0-d6d6c15bb889,->,3d052f41-bc8a-447e-85ed-77374a2ee0a6,com/golden/gamedev/object/SpriteGroup.java,remove
3d052f41-bc8a-447e-85ed-77374a2ee0a6,fe26fb29-c0b2-4174-b691-19a3a3581351,38831693-1129-4d7e-9de0-d6d6c15bb889,->,3d052f41-bc8a-447e-85ed-77374a2ee0a6,com/golden/gamedev/object/SpriteGroup.java,remove
3d052f41-bc8a-447e-85ed-77374a2ee0a6,fe26fb29-c0b2-4174-b691-19a3a3581351,38831693-1129-4d7e-9de0-d6d6c15bb889,->,3d052f41-bc8a-447e-85ed-77374a2ee0a6,java/util/ArrayList.java,iterator
3d052f41-bc8a-447e-85ed-77374a2ee0a6,fe26fb29-c0b2-4174-b691-19a3a3581351,38831693-1129-4d7e-9de0-d6d6c15bb889,->,3d052f41-bc8a-447e-85ed-77374a2ee0a6,java/util/Iterator.java,hasNext
3d052f41-bc8a-447e-85ed-77374a2ee0a6,fe26fb29-c0b2-4174-b691-19a3a3581351,38831693-1129-4d7e-9de0-d6d6c15bb889,->,3d052f41-bc8a-447e-85ed-77374a2ee0a6,java/util/Iterator.java,next
3d052f41-bc8a-447e-85ed-77374a2ee0a6,fe26fb29-c0b2-4174-b691-19a3a3581351,38831693-1129-4d7e-9de0-d6d6c15bb889,->,3d052f41-bc8a-447e-85ed-77374a2ee0a6,com/golden/gamedev/object/SpriteGroup.java,remove
3d052f41-bc8a-447e-85ed-77374a2ee0a6,fe26fb29-c0b2-4174-b691-19a3a3581351,5cdad8d6-c0e4-487b-85f2-9f4b411264db,->,3d052f41-bc8a-447e-85ed-77374a2ee0a6,fe26fb29-c0b2-4174-b691-19a3a3581351,ecb96cb7-5742-4eac-ad3b-f8bbeda18425
3d052f41-bc8a-447e-85ed-77374a2ee0a6,fe26fb29-c0b2-4174-b691-19a3a3581351,5cdad8d6-c0e4-487b-85f2-9f4b411264db,->,3d052f41-bc8a-447e-85ed-77374a2ee0a6,fe26fb29-c0b2-4174-b691-19a3a3581351,38831693-1129-4d7e-9de0-d6d6c15bb889
3d052f41-bc8a-447e-85ed-77374a2ee0a6,fe26fb29-c0b2-4174-b691-19a3a3581351,9e69a3ed-4536-42a3-ba4c-457adf72a378,->,3d052f41-bc8a-447e-85ed-77374a2ee0a6,java/lang/Object.java,getClass
3d052f41-bc8a-447e-85ed-77374a2ee0a6,fe26fb29-c0b2-4174-b691-19a3a3581351,9e69a3ed-4536-42a3-ba4c-457adf72a378,->,3d052f41-bc8a-447e-85ed-77374a2ee0a6,java/lang/Class.java,toString
3d052f41-bc8a-447e-85ed-77374a2ee0a6,fe26fb29-c0b2-4174-b691-19a3a3581351,9e69a3ed-4536-42a3-ba4c-457adf72a378,->,3d052f41-bc8a-447e-85ed-77374a2ee0a6,java/lang/String.java,lastIndexOf
3d052f41-bc8a-447e-85ed-77374a2ee0a6,fe26fb29-c0b2-4174-b691-19a3a3581351,9e69a3ed-4536-42a3-ba4c-457adf72a378,->,3d052f41-bc8a-447e-85ed-77374a2ee0a6,java/lang/String.java,substring
3d052f41-bc8a-447e-85ed-77374a2ee0a6,fe26fb29-c0b2-4174-b691-19a3a3581351,a84dbf65-d915-4637-84ff-44759274e5c3,->,3d052f41-bc8a-447e-85ed-77374a2ee0a6,fe26fb29-c0b2-4174-b691-19a3a3581351,9e69a3ed-4536-42a3-ba4c-457adf72a378
3d052f41-bc8a-447e-85ed-77374a2ee0a6,fe26fb29-c0b2-4174-b691-19a3a3581351,a84dbf65-d915-4637-84ff-44759274e5c3,->,3d052f41-bc8a-447e-85ed-77374a2ee0a6,java/util/HashMap.java,get
3d052f41-bc8a-447e-85ed-77374a2ee0a6,fe26fb29-c0b2-4174-b691-19a3a3581351,0f38eb8d-0157-4d35-be9d-4672e6ba9690,->,3d052f41-bc8a-447e-85ed-77374a2ee0a6,d88bb0cd-f18d-4380-80dc-7c76a52ad66a,aeba6941-a9c4-4771-ad02-666bea30be77
3d052f41-bc8a-447e-85ed-77374a2ee0a6,fe26fb29-c0b2-4174-b691-19a3a3581351,0f38eb8d-0157-4d35-be9d-4672e6ba9690,->,3d052f41-bc8a-447e-85ed-77374a2ee0a6,com/golden/gamedev/object/PlayField.java,addCollisionGroup
3d052f41-bc8a-447e-85ed-77374a2ee0a6,fe26fb29-c0b2-4174-b691-19a3a3581351,0f38eb8d-0157-4d35-be9d-4672e6ba9690,->,3d052f41-bc8a-447e-85ed-77374a2ee0a6,d88bb0cd-f18d-4380-80dc-7c76a52ad66a,aeba6941-a9c4-4771-ad02-666bea30be77
3d052f41-bc8a-447e-85ed-77374a2ee0a6,fe26fb29-c0b2-4174-b691-19a3a3581351,0f38eb8d-0157-4d35-be9d-4672e6ba9690,->,3d052f41-bc8a-447e-85ed-77374a2ee0a6,com/golden/gamedev/object/PlayField.java,addCollisionGroup
3d052f41-bc8a-447e-85ed-77374a2ee0a6,fe26fb29-c0b2-4174-b691-19a3a3581351,0f38eb8d-0157-4d35-be9d-4672e6ba9690,->,3d052f41-bc8a-447e-85ed-77374a2ee0a6,java/util/ArrayList.java,iterator
3d052f41-bc8a-447e-85ed-77374a2ee0a6,fe26fb29-c0b2-4174-b691-19a3a3581351,0f38eb8d-0157-4d35-be9d-4672e6ba9690,->,3d052f41-bc8a-447e-85ed-77374a2ee0a6,java/util/Iterator.java,hasNext
3d052f41-bc8a-447e-85ed-77374a2ee0a6,fe26fb29-c0b2-4174-b691-19a3a3581351,0f38eb8d-0157-4d35-be9d-4672e6ba9690,->,3d052f41-bc8a-447e-85ed-77374a2ee0a6,java/util/Iterator.java,next
3d052f41-bc8a-447e-85ed-77374a2ee0a6,fe26fb29-c0b2-4174-b691-19a3a3581351,0f38eb8d-0157-4d35-be9d-4672e6ba9690,->,3d052f41-bc8a-447e-85ed-77374a2ee0a6,java/util/ArrayList.java,add
3d052f41-bc8a-447e-85ed-77374a2ee0a6,fe26fb29-c0b2-4174-b691-19a3a3581351,0f38eb8d-0157-4d35-be9d-4672e6ba9690,->,3d052f41-bc8a-447e-85ed-77374a2ee0a6,d88bb0cd-f18d-4380-80dc-7c76a52ad66a,aeba6941-a9c4-4771-ad02-666bea30be77
3d052f41-bc8a-447e-85ed-77374a2ee0a6,fe26fb29-c0b2-4174-b691-19a3a3581351,0f38eb8d-0157-4d35-be9d-4672e6ba9690,->,3d052f41-bc8a-447e-85ed-77374a2ee0a6,com/golden/gamedev/object/PlayField.java,addCollisionGroup
3d052f41-bc8a-447e-85ed-77374a2ee0a6,fe26fb29-c0b2-4174-b691-19a3a3581351,7ffa5459-a796-4633-9432-504d2ac4bc87,->,3d052f41-bc8a-447e-85ed-77374a2ee0a6,java/util/Map.java,entrySet
3d052f41-bc8a-447e-85ed-77374a2ee0a6,fe26fb29-c0b2-4174-b691-19a3a3581351,7ffa5459-a796-4633-9432-504d2ac4bc87,->,3d052f41-bc8a-447e-85ed-77374a2ee0a6,java/util/Set.java,iterator
3d052f41-bc8a-447e-85ed-77374a2ee0a6,fe26fb29-c0b2-4174-b691-19a3a3581351,7ffa5459-a796-4633-9432-504d2ac4bc87,->,3d052f41-bc8a-447e-85ed-77374a2ee0a6,java/util/Iterator.java,hasNext
3d052f41-bc8a-447e-85ed-77374a2ee0a6,fe26fb29-c0b2-4174-b691-19a3a3581351,7ffa5459-a796-4633-9432-504d2ac4bc87,->,3d052f41-bc8a-447e-85ed-77374a2ee0a6,java/util/Iterator.java,next
3d052f41-bc8a-447e-85ed-77374a2ee0a6,fe26fb29-c0b2-4174-b691-19a3a3581351,7ffa5459-a796-4633-9432-504d2ac4bc87,->,3d052f41-bc8a-447e-85ed-77374a2ee0a6,java/util/Map$Entry.java,getKey
3d052f41-bc8a-447e-85ed-77374a2ee0a6,fe26fb29-c0b2-4174-b691-19a3a3581351,7ffa5459-a796-4633-9432-504d2ac4bc87,->,3d052f41-bc8a-447e-85ed-77374a2ee0a6,java/util/Map$Entry.java,getValue
3d052f41-bc8a-447e-85ed-77374a2ee0a6,fe26fb29-c0b2-4174-b691-19a3a3581351,7ffa5459-a796-4633-9432-504d2ac4bc87,->,3d052f41-bc8a-447e-85ed-77374a2ee0a6,com/golden/gamedev/object/SpriteGroup.java,getSprites
3d052f41-bc8a-447e-85ed-77374a2ee0a6,fe26fb29-c0b2-4174-b691-19a3a3581351,7ffa5459-a796-4633-9432-504d2ac4bc87,->,3d052f41-bc8a-447e-85ed-77374a2ee0a6,com/golden/gamedev/object/SpriteGroup.java,getSprites
3d052f41-bc8a-447e-85ed-77374a2ee0a6,fe26fb29-c0b2-4174-b691-19a3a3581351,7ffa5459-a796-4633-9432-504d2ac4bc87,->,3d052f41-bc8a-447e-85ed-77374a2ee0a6,fb0844c9-e20e-4291-b8f1-ccfabe9e7077,477e4c0c-4e02-42fe-b047-46f5ccda206b
3d052f41-bc8a-447e-85ed-77374a2ee0a6,fe26fb29-c0b2-4174-b691-19a3a3581351,7ffa5459-a796-4633-9432-504d2ac4bc87,->,3d052f41-bc8a-447e-85ed-77374a2ee0a6,com/golden/gamedev/object/SpriteGroup.java,getSprites
3d052f41-bc8a-447e-85ed-77374a2ee0a6,fe26fb29-c0b2-4174-b691-19a3a3581351,7ffa5459-a796-4633-9432-504d2ac4bc87,->,3d052f41-bc8a-447e-85ed-77374a2ee0a6,fb0844c9-e20e-4291-b8f1-ccfabe9e7077,477e4c0c-4e02-42fe-b047-46f5ccda206b
3d052f41-bc8a-447e-85ed-77374a2ee0a6,fe26fb29-c0b2-4174-b691-19a3a3581351,7ffa5459-a796-4633-9432-504d2ac4bc87,->,3d052f41-bc8a-447e-85ed-77374a2ee0a6,fe26fb29-c0b2-4174-b691-19a3a3581351,9e69a3ed-4536-42a3-ba4c-457adf72a378
3d052f41-bc8a-447e-85ed-77374a2ee0a6,fe26fb29-c0b2-4174-b691-19a3a3581351,7ffa5459-a796-4633-9432-504d2ac4bc87,->,3d052f41-bc8a-447e-85ed-77374a2ee0a6,java/lang/String.java,compareTo
3d052f41-bc8a-447e-85ed-77374a2ee0a6,fe26fb29-c0b2-4174-b691-19a3a3581351,7ffa5459-a796-4633-9432-504d2ac4bc87,->,3d052f41-bc8a-447e-85ed-77374a2ee0a6,com/golden/gamedev/object/SpriteGroup.java,getSprites
3d052f41-bc8a-447e-85ed-77374a2ee0a6,fe26fb29-c0b2-4174-b691-19a3a3581351,7ffa5459-a796-4633-9432-504d2ac4bc87,->,3d052f41-bc8a-447e-85ed-77374a2ee0a6,com/golden/gamedev/object/SpriteGroup.java,getSprites
3d052f41-bc8a-447e-85ed-77374a2ee0a6,fe26fb29-c0b2-4174-b691-19a3a3581351,7ffa5459-a796-4633-9432-504d2ac4bc87,->,3d052f41-bc8a-447e-85ed-77374a2ee0a6,fb0844c9-e20e-4291-b8f1-ccfabe9e7077,477e4c0c-4e02-42fe-b047-46f5ccda206b
3d052f41-bc8a-447e-85ed-77374a2ee0a6,fe26fb29-c0b2-4174-b691-19a3a3581351,7ffa5459-a796-4633-9432-504d2ac4bc87,->,3d052f41-bc8a-447e-85ed-77374a2ee0a6,com/golden/gamedev/object/SpriteGroup.java,getSprites
3d052f41-bc8a-447e-85ed-77374a2ee0a6,fe26fb29-c0b2-4174-b691-19a3a3581351,7ffa5459-a796-4633-9432-504d2ac4bc87,->,3d052f41-bc8a-447e-85ed-77374a2ee0a6,fb0844c9-e20e-4291-b8f1-ccfabe9e7077,477e4c0c-4e02-42fe-b047-46f5ccda206b
3d052f41-bc8a-447e-85ed-77374a2ee0a6,fe26fb29-c0b2-4174-b691-19a3a3581351,7ffa5459-a796-4633-9432-504d2ac4bc87,->,3d052f41-bc8a-447e-85ed-77374a2ee0a6,fe26fb29-c0b2-4174-b691-19a3a3581351,9e69a3ed-4536-42a3-ba4c-457adf72a378
3d052f41-bc8a-447e-85ed-77374a2ee0a6,fe26fb29-c0b2-4174-b691-19a3a3581351,7ffa5459-a796-4633-9432-504d2ac4bc87,->,3d052f41-bc8a-447e-85ed-77374a2ee0a6,java/lang/String.java,compareTo
3d052f41-bc8a-447e-85ed-77374a2ee0a6,fe26fb29-c0b2-4174-b691-19a3a3581351,7ffa5459-a796-4633-9432-504d2ac4bc87,->,3d052f41-bc8a-447e-85ed-77374a2ee0a6,40c3047f-5fb0-42a1-b59e-f12c59255a32,528e3a6b-242e-45c0-9e0d-b9b8acc7e5ea
3d052f41-bc8a-447e-85ed-77374a2ee0a6,fe26fb29-c0b2-4174-b691-19a3a3581351,7ffa5459-a796-4633-9432-504d2ac4bc87,->,3d052f41-bc8a-447e-85ed-77374a2ee0a6,com/golden/gamedev/object/PlayField.java,addCollisionGroup
3d052f41-bc8a-447e-85ed-77374a2ee0a6,fe26fb29-c0b2-4174-b691-19a3a3581351,7ffa5459-a796-4633-9432-504d2ac4bc87,->,3d052f41-bc8a-447e-85ed-77374a2ee0a6,java/util/ArrayList.java,iterator
3d052f41-bc8a-447e-85ed-77374a2ee0a6,fe26fb29-c0b2-4174-b691-19a3a3581351,7ffa5459-a796-4633-9432-504d2ac4bc87,->,3d052f41-bc8a-447e-85ed-77374a2ee0a6,java/util/Iterator.java,hasNext
3d052f41-bc8a-447e-85ed-77374a2ee0a6,fe26fb29-c0b2-4174-b691-19a3a3581351,7ffa5459-a796-4633-9432-504d2ac4bc87,->,3d052f41-bc8a-447e-85ed-77374a2ee0a6,java/util/Iterator.java,next
3d052f41-bc8a-447e-85ed-77374a2ee0a6,fe26fb29-c0b2-4174-b691-19a3a3581351,7ffa5459-a796-4633-9432-504d2ac4bc87,->,3d052f41-bc8a-447e-85ed-77374a2ee0a6,com/golden/gamedev/object/SpriteGroup.java,getSprites
3d052f41-bc8a-447e-85ed-77374a2ee0a6,fe26fb29-c0b2-4174-b691-19a3a3581351,7ffa5459-a796-4633-9432-504d2ac4bc87,->,3d052f41-bc8a-447e-85ed-77374a2ee0a6,com/golden/gamedev/object/SpriteGroup.java,getSprites
3d052f41-bc8a-447e-85ed-77374a2ee0a6,fe26fb29-c0b2-4174-b691-19a3a3581351,7ffa5459-a796-4633-9432-504d2ac4bc87,->,3d052f41-bc8a-447e-85ed-77374a2ee0a6,fb0844c9-e20e-4291-b8f1-ccfabe9e7077,477e4c0c-4e02-42fe-b047-46f5ccda206b
3d052f41-bc8a-447e-85ed-77374a2ee0a6,fe26fb29-c0b2-4174-b691-19a3a3581351,7ffa5459-a796-4633-9432-504d2ac4bc87,->,3d052f41-bc8a-447e-85ed-77374a2ee0a6,fe26fb29-c0b2-4174-b691-19a3a3581351,9e69a3ed-4536-42a3-ba4c-457adf72a378
3d052f41-bc8a-447e-85ed-77374a2ee0a6,fe26fb29-c0b2-4174-b691-19a3a3581351,7ffa5459-a796-4633-9432-504d2ac4bc87,->,3d052f41-bc8a-447e-85ed-77374a2ee0a6,java/lang/String.java,compareTo
3d052f41-bc8a-447e-85ed-77374a2ee0a6,fe26fb29-c0b2-4174-b691-19a3a3581351,7ffa5459-a796-4633-9432-504d2ac4bc87,->,3d052f41-bc8a-447e-85ed-77374a2ee0a6,40c3047f-5fb0-42a1-b59e-f12c59255a32,528e3a6b-242e-45c0-9e0d-b9b8acc7e5ea
3d052f41-bc8a-447e-85ed-77374a2ee0a6,fe26fb29-c0b2-4174-b691-19a3a3581351,7ffa5459-a796-4633-9432-504d2ac4bc87,->,3d052f41-bc8a-447e-85ed-77374a2ee0a6,com/golden/gamedev/object/PlayField.java,addCollisionGroup
3d052f41-bc8a-447e-85ed-77374a2ee0a6,fe26fb29-c0b2-4174-b691-19a3a3581351,7ffa5459-a796-4633-9432-504d2ac4bc87,->,3d052f41-bc8a-447e-85ed-77374a2ee0a6,com/golden/gamedev/object/SpriteGroup.java,getSprites
3d052f41-bc8a-447e-85ed-77374a2ee0a6,fe26fb29-c0b2-4174-b691-19a3a3581351,7ffa5459-a796-4633-9432-504d2ac4bc87,->,3d052f41-bc8a-447e-85ed-77374a2ee0a6,com/golden/gamedev/object/SpriteGroup.java,getSprites
3d052f41-bc8a-447e-85ed-77374a2ee0a6,fe26fb29-c0b2-4174-b691-19a3a3581351,7ffa5459-a796-4633-9432-504d2ac4bc87,->,3d052f41-bc8a-447e-85ed-77374a2ee0a6,fb0844c9-e20e-4291-b8f1-ccfabe9e7077,477e4c0c-4e02-42fe-b047-46f5ccda206b
3d052f41-bc8a-447e-85ed-77374a2ee0a6,fe26fb29-c0b2-4174-b691-19a3a3581351,7ffa5459-a796-4633-9432-504d2ac4bc87,->,3d052f41-bc8a-447e-85ed-77374a2ee0a6,fe26fb29-c0b2-4174-b691-19a3a3581351,9e69a3ed-4536-42a3-ba4c-457adf72a378
3d052f41-bc8a-447e-85ed-77374a2ee0a6,fe26fb29-c0b2-4174-b691-19a3a3581351,7ffa5459-a796-4633-9432-504d2ac4bc87,->,3d052f41-bc8a-447e-85ed-77374a2ee0a6,java/lang/String.java,compareTo
3d052f41-bc8a-447e-85ed-77374a2ee0a6,fe26fb29-c0b2-4174-b691-19a3a3581351,7ffa5459-a796-4633-9432-504d2ac4bc87,->,3d052f41-bc8a-447e-85ed-77374a2ee0a6,com/golden/gamedev/object/SpriteGroup.java,getSprites
3d052f41-bc8a-447e-85ed-77374a2ee0a6,fe26fb29-c0b2-4174-b691-19a3a3581351,7ffa5459-a796-4633-9432-504d2ac4bc87,->,3d052f41-bc8a-447e-85ed-77374a2ee0a6,com/golden/gamedev/object/SpriteGroup.java,getSprites
3d052f41-bc8a-447e-85ed-77374a2ee0a6,fe26fb29-c0b2-4174-b691-19a3a3581351,7ffa5459-a796-4633-9432-504d2ac4bc87,->,3d052f41-bc8a-447e-85ed-77374a2ee0a6,fb0844c9-e20e-4291-b8f1-ccfabe9e7077,477e4c0c-4e02-42fe-b047-46f5ccda206b
3d052f41-bc8a-447e-85ed-77374a2ee0a6,fe26fb29-c0b2-4174-b691-19a3a3581351,7ffa5459-a796-4633-9432-504d2ac4bc87,->,3d052f41-bc8a-447e-85ed-77374a2ee0a6,com/golden/gamedev/object/SpriteGroup.java,getSprites
3d052f41-bc8a-447e-85ed-77374a2ee0a6,fe26fb29-c0b2-4174-b691-19a3a3581351,7ffa5459-a796-4633-9432-504d2ac4bc87,->,3d052f41-bc8a-447e-85ed-77374a2ee0a6,fb0844c9-e20e-4291-b8f1-ccfabe9e7077,477e4c0c-4e02-42fe-b047-46f5ccda206b
3d052f41-bc8a-447e-85ed-77374a2ee0a6,fe26fb29-c0b2-4174-b691-19a3a3581351,7ffa5459-a796-4633-9432-504d2ac4bc87,->,3d052f41-bc8a-447e-85ed-77374a2ee0a6,fe26fb29-c0b2-4174-b691-19a3a3581351,9e69a3ed-4536-42a3-ba4c-457adf72a378
3d052f41-bc8a-447e-85ed-77374a2ee0a6,fe26fb29-c0b2-4174-b691-19a3a3581351,7ffa5459-a796-4633-9432-504d2ac4bc87,->,3d052f41-bc8a-447e-85ed-77374a2ee0a6,java/lang/String.java,compareTo
3d052f41-bc8a-447e-85ed-77374a2ee0a6,fe26fb29-c0b2-4174-b691-19a3a3581351,7ffa5459-a796-4633-9432-504d2ac4bc87,->,3d052f41-bc8a-447e-85ed-77374a2ee0a6,40c3047f-5fb0-42a1-b59e-f12c59255a32,528e3a6b-242e-45c0-9e0d-b9b8acc7e5ea
3d052f41-bc8a-447e-85ed-77374a2ee0a6,fe26fb29-c0b2-4174-b691-19a3a3581351,7ffa5459-a796-4633-9432-504d2ac4bc87,->,3d052f41-bc8a-447e-85ed-77374a2ee0a6,com/golden/gamedev/object/PlayField.java,addCollisionGroup
3d052f41-bc8a-447e-85ed-77374a2ee0a6,fe26fb29-c0b2-4174-b691-19a3a3581351,7ffa5459-a796-4633-9432-504d2ac4bc87,->,3d052f41-bc8a-447e-85ed-77374a2ee0a6,java/util/ArrayList.java,iterator
3d052f41-bc8a-447e-85ed-77374a2ee0a6,fe26fb29-c0b2-4174-b691-19a3a3581351,7ffa5459-a796-4633-9432-504d2ac4bc87,->,3d052f41-bc8a-447e-85ed-77374a2ee0a6,java/util/Iterator.java,hasNext
3d052f41-bc8a-447e-85ed-77374a2ee0a6,fe26fb29-c0b2-4174-b691-19a3a3581351,7ffa5459-a796-4633-9432-504d2ac4bc87,->,3d052f41-bc8a-447e-85ed-77374a2ee0a6,java/util/Iterator.java,next
3d052f41-bc8a-447e-85ed-77374a2ee0a6,fe26fb29-c0b2-4174-b691-19a3a3581351,7ffa5459-a796-4633-9432-504d2ac4bc87,->,3d052f41-bc8a-447e-85ed-77374a2ee0a6,com/golden/gamedev/object/SpriteGroup.java,getSprites
3d052f41-bc8a-447e-85ed-77374a2ee0a6,fe26fb29-c0b2-4174-b691-19a3a3581351,7ffa5459-a796-4633-9432-504d2ac4bc87,->,3d052f41-bc8a-447e-85ed-77374a2ee0a6,com/golden/gamedev/object/SpriteGroup.java,getSprites
3d052f41-bc8a-447e-85ed-77374a2ee0a6,fe26fb29-c0b2-4174-b691-19a3a3581351,7ffa5459-a796-4633-9432-504d2ac4bc87,->,3d052f41-bc8a-447e-85ed-77374a2ee0a6,fb0844c9-e20e-4291-b8f1-ccfabe9e7077,477e4c0c-4e02-42fe-b047-46f5ccda206b
3d052f41-bc8a-447e-85ed-77374a2ee0a6,fe26fb29-c0b2-4174-b691-19a3a3581351,7ffa5459-a796-4633-9432-504d2ac4bc87,->,3d052f41-bc8a-447e-85ed-77374a2ee0a6,com/golden/gamedev/object/SpriteGroup.java,getSprites
3d052f41-bc8a-447e-85ed-77374a2ee0a6,fe26fb29-c0b2-4174-b691-19a3a3581351,7ffa5459-a796-4633-9432-504d2ac4bc87,->,3d052f41-bc8a-447e-85ed-77374a2ee0a6,fb0844c9-e20e-4291-b8f1-ccfabe9e7077,477e4c0c-4e02-42fe-b047-46f5ccda206b
3d052f41-bc8a-447e-85ed-77374a2ee0a6,fe26fb29-c0b2-4174-b691-19a3a3581351,7ffa5459-a796-4633-9432-504d2ac4bc87,->,3d052f41-bc8a-447e-85ed-77374a2ee0a6,fe26fb29-c0b2-4174-b691-19a3a3581351,9e69a3ed-4536-42a3-ba4c-457adf72a378
3d052f41-bc8a-447e-85ed-77374a2ee0a6,fe26fb29-c0b2-4174-b691-19a3a3581351,7ffa5459-a796-4633-9432-504d2ac4bc87,->,3d052f41-bc8a-447e-85ed-77374a2ee0a6,java/lang/String.java,compareTo
3d052f41-bc8a-447e-85ed-77374a2ee0a6,fe26fb29-c0b2-4174-b691-19a3a3581351,7ffa5459-a796-4633-9432-504d2ac4bc87,->,3d052f41-bc8a-447e-85ed-77374a2ee0a6,40c3047f-5fb0-42a1-b59e-f12c59255a32,528e3a6b-242e-45c0-9e0d-b9b8acc7e5ea
3d052f41-bc8a-447e-85ed-77374a2ee0a6,fe26fb29-c0b2-4174-b691-19a3a3581351,7ffa5459-a796-4633-9432-504d2ac4bc87,->,3d052f41-bc8a-447e-85ed-77374a2ee0a6,com/golden/gamedev/object/PlayField.java,addCollisionGroup
3d052f41-bc8a-447e-85ed-77374a2ee0a6,fe26fb29-c0b2-4174-b691-19a3a3581351,7ffa5459-a796-4633-9432-504d2ac4bc87,->,3d052f41-bc8a-447e-85ed-77374a2ee0a6,java/util/ArrayList.java,iterator
3d052f41-bc8a-447e-85ed-77374a2ee0a6,fe26fb29-c0b2-4174-b691-19a3a3581351,7ffa5459-a796-4633-9432-504d2ac4bc87,->,3d052f41-bc8a-447e-85ed-77374a2ee0a6,java/util/Iterator.java,hasNext
3d052f41-bc8a-447e-85ed-77374a2ee0a6,fe26fb29-c0b2-4174-b691-19a3a3581351,7ffa5459-a796-4633-9432-504d2ac4bc87,->,3d052f41-bc8a-447e-85ed-77374a2ee0a6,java/util/Iterator.java,next
3d052f41-bc8a-447e-85ed-77374a2ee0a6,fe26fb29-c0b2-4174-b691-19a3a3581351,7ffa5459-a796-4633-9432-504d2ac4bc87,->,3d052f41-bc8a-447e-85ed-77374a2ee0a6,com/golden/gamedev/object/SpriteGroup.java,getSprites
3d052f41-bc8a-447e-85ed-77374a2ee0a6,fe26fb29-c0b2-4174-b691-19a3a3581351,7ffa5459-a796-4633-9432-504d2ac4bc87,->,3d052f41-bc8a-447e-85ed-77374a2ee0a6,com/golden/gamedev/object/SpriteGroup.java,getSprites
3d052f41-bc8a-447e-85ed-77374a2ee0a6,fe26fb29-c0b2-4174-b691-19a3a3581351,7ffa5459-a796-4633-9432-504d2ac4bc87,->,3d052f41-bc8a-447e-85ed-77374a2ee0a6,fb0844c9-e20e-4291-b8f1-ccfabe9e7077,477e4c0c-4e02-42fe-b047-46f5ccda206b
3d052f41-bc8a-447e-85ed-77374a2ee0a6,fe26fb29-c0b2-4174-b691-19a3a3581351,7ffa5459-a796-4633-9432-504d2ac4bc87,->,3d052f41-bc8a-447e-85ed-77374a2ee0a6,com/golden/gamedev/object/SpriteGroup.java,getSprites
3d052f41-bc8a-447e-85ed-77374a2ee0a6,fe26fb29-c0b2-4174-b691-19a3a3581351,7ffa5459-a796-4633-9432-504d2ac4bc87,->,3d052f41-bc8a-447e-85ed-77374a2ee0a6,fb0844c9-e20e-4291-b8f1-ccfabe9e7077,477e4c0c-4e02-42fe-b047-46f5ccda206b
3d052f41-bc8a-447e-85ed-77374a2ee0a6,fe26fb29-c0b2-4174-b691-19a3a3581351,7ffa5459-a796-4633-9432-504d2ac4bc87,->,3d052f41-bc8a-447e-85ed-77374a2ee0a6,fe26fb29-c0b2-4174-b691-19a3a3581351,9e69a3ed-4536-42a3-ba4c-457adf72a378
3d052f41-bc8a-447e-85ed-77374a2ee0a6,fe26fb29-c0b2-4174-b691-19a3a3581351,7ffa5459-a796-4633-9432-504d2ac4bc87,->,3d052f41-bc8a-447e-85ed-77374a2ee0a6,java/lang/String.java,compareTo
3d052f41-bc8a-447e-85ed-77374a2ee0a6,fe26fb29-c0b2-4174-b691-19a3a3581351,7ffa5459-a796-4633-9432-504d2ac4bc87,->,3d052f41-bc8a-447e-85ed-77374a2ee0a6,com/golden/gamedev/object/SpriteGroup.java,getSprites
3d052f41-bc8a-447e-85ed-77374a2ee0a6,fe26fb29-c0b2-4174-b691-19a3a3581351,7ffa5459-a796-4633-9432-504d2ac4bc87,->,3d052f41-bc8a-447e-85ed-77374a2ee0a6,com/golden/gamedev/object/SpriteGroup.java,getSprites
3d052f41-bc8a-447e-85ed-77374a2ee0a6,fe26fb29-c0b2-4174-b691-19a3a3581351,7ffa5459-a796-4633-9432-504d2ac4bc87,->,3d052f41-bc8a-447e-85ed-77374a2ee0a6,fb0844c9-e20e-4291-b8f1-ccfabe9e7077,477e4c0c-4e02-42fe-b047-46f5ccda206b
3d052f41-bc8a-447e-85ed-77374a2ee0a6,fe26fb29-c0b2-4174-b691-19a3a3581351,7ffa5459-a796-4633-9432-504d2ac4bc87,->,3d052f41-bc8a-447e-85ed-77374a2ee0a6,com/golden/gamedev/object/SpriteGroup.java,getSprites
3d052f41-bc8a-447e-85ed-77374a2ee0a6,fe26fb29-c0b2-4174-b691-19a3a3581351,7ffa5459-a796-4633-9432-504d2ac4bc87,->,3d052f41-bc8a-447e-85ed-77374a2ee0a6,fb0844c9-e20e-4291-b8f1-ccfabe9e7077,477e4c0c-4e02-42fe-b047-46f5ccda206b
3d052f41-bc8a-447e-85ed-77374a2ee0a6,fe26fb29-c0b2-4174-b691-19a3a3581351,7ffa5459-a796-4633-9432-504d2ac4bc87,->,3d052f41-bc8a-447e-85ed-77374a2ee0a6,fe26fb29-c0b2-4174-b691-19a3a3581351,9e69a3ed-4536-42a3-ba4c-457adf72a378
3d052f41-bc8a-447e-85ed-77374a2ee0a6,fe26fb29-c0b2-4174-b691-19a3a3581351,7ffa5459-a796-4633-9432-504d2ac4bc87,->,3d052f41-bc8a-447e-85ed-77374a2ee0a6,java/lang/String.java,compareTo
3d052f41-bc8a-447e-85ed-77374a2ee0a6,fe26fb29-c0b2-4174-b691-19a3a3581351,7ffa5459-a796-4633-9432-504d2ac4bc87,->,3d052f41-bc8a-447e-85ed-77374a2ee0a6,40c3047f-5fb0-42a1-b59e-f12c59255a32,528e3a6b-242e-45c0-9e0d-b9b8acc7e5ea
3d052f41-bc8a-447e-85ed-77374a2ee0a6,fe26fb29-c0b2-4174-b691-19a3a3581351,7ffa5459-a796-4633-9432-504d2ac4bc87,->,3d052f41-bc8a-447e-85ed-77374a2ee0a6,com/golden/gamedev/object/PlayField.java,addCollisionGroup
3d052f41-bc8a-447e-85ed-77374a2ee0a6,fe26fb29-c0b2-4174-b691-19a3a3581351,7ffa5459-a796-4633-9432-504d2ac4bc87,->,3d052f41-bc8a-447e-85ed-77374a2ee0a6,com/golden/gamedev/object/SpriteGroup.java,getSprites
3d052f41-bc8a-447e-85ed-77374a2ee0a6,fe26fb29-c0b2-4174-b691-19a3a3581351,7ffa5459-a796-4633-9432-504d2ac4bc87,->,3d052f41-bc8a-447e-85ed-77374a2ee0a6,com/golden/gamedev/object/SpriteGroup.java,getSprites
3d052f41-bc8a-447e-85ed-77374a2ee0a6,fe26fb29-c0b2-4174-b691-19a3a3581351,7ffa5459-a796-4633-9432-504d2ac4bc87,->,3d052f41-bc8a-447e-85ed-77374a2ee0a6,fb0844c9-e20e-4291-b8f1-ccfabe9e7077,477e4c0c-4e02-42fe-b047-46f5ccda206b
3d052f41-bc8a-447e-85ed-77374a2ee0a6,fe26fb29-c0b2-4174-b691-19a3a3581351,7ffa5459-a796-4633-9432-504d2ac4bc87,->,3d052f41-bc8a-447e-85ed-77374a2ee0a6,com/golden/gamedev/object/SpriteGroup.java,getSprites
3d052f41-bc8a-447e-85ed-77374a2ee0a6,fe26fb29-c0b2-4174-b691-19a3a3581351,7ffa5459-a796-4633-9432-504d2ac4bc87,->,3d052f41-bc8a-447e-85ed-77374a2ee0a6,fb0844c9-e20e-4291-b8f1-ccfabe9e7077,477e4c0c-4e02-42fe-b047-46f5ccda206b
3d052f41-bc8a-447e-85ed-77374a2ee0a6,fe26fb29-c0b2-4174-b691-19a3a3581351,7ffa5459-a796-4633-9432-504d2ac4bc87,->,3d052f41-bc8a-447e-85ed-77374a2ee0a6,fe26fb29-c0b2-4174-b691-19a3a3581351,9e69a3ed-4536-42a3-ba4c-457adf72a378
3d052f41-bc8a-447e-85ed-77374a2ee0a6,fe26fb29-c0b2-4174-b691-19a3a3581351,7ffa5459-a796-4633-9432-504d2ac4bc87,->,3d052f41-bc8a-447e-85ed-77374a2ee0a6,java/lang/String.java,compareTo
3d052f41-bc8a-447e-85ed-77374a2ee0a6,fe26fb29-c0b2-4174-b691-19a3a3581351,7ffa5459-a796-4633-9432-504d2ac4bc87,->,3d052f41-bc8a-447e-85ed-77374a2ee0a6,40c3047f-5fb0-42a1-b59e-f12c59255a32,528e3a6b-242e-45c0-9e0d-b9b8acc7e5ea
3d052f41-bc8a-447e-85ed-77374a2ee0a6,fe26fb29-c0b2-4174-b691-19a3a3581351,7ffa5459-a796-4633-9432-504d2ac4bc87,->,3d052f41-bc8a-447e-85ed-77374a2ee0a6,com/golden/gamedev/object/PlayField.java,addCollisionGroup
3d052f41-bc8a-447e-85ed-77374a2ee0a6,fe26fb29-c0b2-4174-b691-19a3a3581351,7ffa5459-a796-4633-9432-504d2ac4bc87,->,3d052f41-bc8a-447e-85ed-77374a2ee0a6,java/util/ArrayList.java,iterator
3d052f41-bc8a-447e-85ed-77374a2ee0a6,fe26fb29-c0b2-4174-b691-19a3a3581351,7ffa5459-a796-4633-9432-504d2ac4bc87,->,3d052f41-bc8a-447e-85ed-77374a2ee0a6,java/util/Iterator.java,hasNext
3d052f41-bc8a-447e-85ed-77374a2ee0a6,fe26fb29-c0b2-4174-b691-19a3a3581351,7ffa5459-a796-4633-9432-504d2ac4bc87,->,3d052f41-bc8a-447e-85ed-77374a2ee0a6,java/util/Iterator.java,next
3d052f41-bc8a-447e-85ed-77374a2ee0a6,fe26fb29-c0b2-4174-b691-19a3a3581351,7ffa5459-a796-4633-9432-504d2ac4bc87,->,3d052f41-bc8a-447e-85ed-77374a2ee0a6,com/golden/gamedev/object/SpriteGroup.java,getSprites
3d052f41-bc8a-447e-85ed-77374a2ee0a6,fe26fb29-c0b2-4174-b691-19a3a3581351,7ffa5459-a796-4633-9432-504d2ac4bc87,->,3d052f41-bc8a-447e-85ed-77374a2ee0a6,com/golden/gamedev/object/SpriteGroup.java,getSprites
3d052f41-bc8a-447e-85ed-77374a2ee0a6,fe26fb29-c0b2-4174-b691-19a3a3581351,7ffa5459-a796-4633-9432-504d2ac4bc87,->,3d052f41-bc8a-447e-85ed-77374a2ee0a6,fb0844c9-e20e-4291-b8f1-ccfabe9e7077,477e4c0c-4e02-42fe-b047-46f5ccda206b
3d052f41-bc8a-447e-85ed-77374a2ee0a6,fe26fb29-c0b2-4174-b691-19a3a3581351,7ffa5459-a796-4633-9432-504d2ac4bc87,->,3d052f41-bc8a-447e-85ed-77374a2ee0a6,com/golden/gamedev/object/SpriteGroup.java,getSprites
3d052f41-bc8a-447e-85ed-77374a2ee0a6,fe26fb29-c0b2-4174-b691-19a3a3581351,7ffa5459-a796-4633-9432-504d2ac4bc87,->,3d052f41-bc8a-447e-85ed-77374a2ee0a6,fb0844c9-e20e-4291-b8f1-ccfabe9e7077,477e4c0c-4e02-42fe-b047-46f5ccda206b
3d052f41-bc8a-447e-85ed-77374a2ee0a6,fe26fb29-c0b2-4174-b691-19a3a3581351,7ffa5459-a796-4633-9432-504d2ac4bc87,->,3d052f41-bc8a-447e-85ed-77374a2ee0a6,fe26fb29-c0b2-4174-b691-19a3a3581351,9e69a3ed-4536-42a3-ba4c-457adf72a378
3d052f41-bc8a-447e-85ed-77374a2ee0a6,fe26fb29-c0b2-4174-b691-19a3a3581351,7ffa5459-a796-4633-9432-504d2ac4bc87,->,3d052f41-bc8a-447e-85ed-77374a2ee0a6,java/lang/String.java,compareTo
3d052f41-bc8a-447e-85ed-77374a2ee0a6,fe26fb29-c0b2-4174-b691-19a3a3581351,7ffa5459-a796-4633-9432-504d2ac4bc87,->,3d052f41-bc8a-447e-85ed-77374a2ee0a6,java/util/ArrayList.java,indexOf
3d052f41-bc8a-447e-85ed-77374a2ee0a6,fe26fb29-c0b2-4174-b691-19a3a3581351,7ffa5459-a796-4633-9432-504d2ac4bc87,->,3d052f41-bc8a-447e-85ed-77374a2ee0a6,java/util/ArrayList.java,indexOf
3d052f41-bc8a-447e-85ed-77374a2ee0a6,fe26fb29-c0b2-4174-b691-19a3a3581351,7ffa5459-a796-4633-9432-504d2ac4bc87,->,3d052f41-bc8a-447e-85ed-77374a2ee0a6,40c3047f-5fb0-42a1-b59e-f12c59255a32,528e3a6b-242e-45c0-9e0d-b9b8acc7e5ea
3d052f41-bc8a-447e-85ed-77374a2ee0a6,fe26fb29-c0b2-4174-b691-19a3a3581351,7ffa5459-a796-4633-9432-504d2ac4bc87,->,3d052f41-bc8a-447e-85ed-77374a2ee0a6,com/golden/gamedev/object/PlayField.java,addCollisionGroup
3d052f41-bc8a-447e-85ed-77374a2ee0a6,fe26fb29-c0b2-4174-b691-19a3a3581351,f1736f8e-e643-4753-9ead-645631788660,->,3d052f41-bc8a-447e-85ed-77374a2ee0a6,java/util/ArrayList.java,iterator
3d052f41-bc8a-447e-85ed-77374a2ee0a6,fe26fb29-c0b2-4174-b691-19a3a3581351,f1736f8e-e643-4753-9ead-645631788660,->,3d052f41-bc8a-447e-85ed-77374a2ee0a6,java/util/Iterator.java,hasNext
3d052f41-bc8a-447e-85ed-77374a2ee0a6,fe26fb29-c0b2-4174-b691-19a3a3581351,f1736f8e-e643-4753-9ead-645631788660,->,3d052f41-bc8a-447e-85ed-77374a2ee0a6,java/util/Iterator.java,next
3d052f41-bc8a-447e-85ed-77374a2ee0a6,fe26fb29-c0b2-4174-b691-19a3a3581351,f1736f8e-e643-4753-9ead-645631788660,->,3d052f41-bc8a-447e-85ed-77374a2ee0a6,com/golden/gamedev/object/PlayField.java,removeCollisionGroup
3d052f41-bc8a-447e-85ed-77374a2ee0a6,fe26fb29-c0b2-4174-b691-19a3a3581351,f1736f8e-e643-4753-9ead-645631788660,->,3d052f41-bc8a-447e-85ed-77374a2ee0a6,java/util/ArrayList.java,iterator
3d052f41-bc8a-447e-85ed-77374a2ee0a6,fe26fb29-c0b2-4174-b691-19a3a3581351,f1736f8e-e643-4753-9ead-645631788660,->,3d052f41-bc8a-447e-85ed-77374a2ee0a6,java/util/Iterator.java,hasNext
3d052f41-bc8a-447e-85ed-77374a2ee0a6,fe26fb29-c0b2-4174-b691-19a3a3581351,f1736f8e-e643-4753-9ead-645631788660,->,3d052f41-bc8a-447e-85ed-77374a2ee0a6,java/util/Iterator.java,next
3d052f41-bc8a-447e-85ed-77374a2ee0a6,fe26fb29-c0b2-4174-b691-19a3a3581351,f1736f8e-e643-4753-9ead-645631788660,->,3d052f41-bc8a-447e-85ed-77374a2ee0a6,java/util/ArrayList.java,add
3d052f41-bc8a-447e-85ed-77374a2ee0a6,fe26fb29-c0b2-4174-b691-19a3a3581351,f1736f8e-e643-4753-9ead-645631788660,->,3d052f41-bc8a-447e-85ed-77374a2ee0a6,d88bb0cd-f18d-4380-80dc-7c76a52ad66a,aeba6941-a9c4-4771-ad02-666bea30be77
3d052f41-bc8a-447e-85ed-77374a2ee0a6,fe26fb29-c0b2-4174-b691-19a3a3581351,f1736f8e-e643-4753-9ead-645631788660,->,3d052f41-bc8a-447e-85ed-77374a2ee0a6,com/golden/gamedev/object/PlayField.java,addCollisionGroup
3d052f41-bc8a-447e-85ed-77374a2ee0a6,fe26fb29-c0b2-4174-b691-19a3a3581351,dd9a2f59-af5f-4c53-b943-be09afd70a4e,->,3d052f41-bc8a-447e-85ed-77374a2ee0a6,java/util/Map.java,put
3d052f41-bc8a-447e-85ed-77374a2ee0a6,fe26fb29-c0b2-4174-b691-19a3a3581351,d543457b-220a-4076-a07c-1840d1698206,->,3d052f41-bc8a-447e-85ed-77374a2ee0a6,java/util/ArrayList.java,iterator
3d052f41-bc8a-447e-85ed-77374a2ee0a6,fe26fb29-c0b2-4174-b691-19a3a3581351,d543457b-220a-4076-a07c-1840d1698206,->,3d052f41-bc8a-447e-85ed-77374a2ee0a6,java/util/Iterator.java,hasNext
3d052f41-bc8a-447e-85ed-77374a2ee0a6,fe26fb29-c0b2-4174-b691-19a3a3581351,d543457b-220a-4076-a07c-1840d1698206,->,3d052f41-bc8a-447e-85ed-77374a2ee0a6,java/util/Iterator.java,next
3d052f41-bc8a-447e-85ed-77374a2ee0a6,fe26fb29-c0b2-4174-b691-19a3a3581351,d543457b-220a-4076-a07c-1840d1698206,->,3d052f41-bc8a-447e-85ed-77374a2ee0a6,fbf9c0f3-0cb8-4328-a812-5c5a7486ec92,6d801fbd-38e2-4ce2-a597-2d17c4604ca6
3d052f41-bc8a-447e-85ed-77374a2ee0a6,fe26fb29-c0b2-4174-b691-19a3a3581351,d543457b-220a-4076-a07c-1840d1698206,->,3d052f41-bc8a-447e-85ed-77374a2ee0a6,fb0844c9-e20e-4291-b8f1-ccfabe9e7077,477e4c0c-4e02-42fe-b047-46f5ccda206b
3d052f41-bc8a-447e-85ed-77374a2ee0a6,fe26fb29-c0b2-4174-b691-19a3a3581351,d543457b-220a-4076-a07c-1840d1698206,->,3d052f41-bc8a-447e-85ed-77374a2ee0a6,99ced2e8-1dd3-474c-b614-a367a08e2462,6063646b-e464-49f8-b122-1cec1efc38ce
3d052f41-bc8a-447e-85ed-77374a2ee0a6,4e890c1d-14c2-4e50-ac5c-e55513c59b15,93583ee3-ba30-4765-8c1e-4a8ad2067ed8,->,3d052f41-bc8a-447e-85ed-77374a2ee0a6,java/util/ArrayList.java,add
3d052f41-bc8a-447e-85ed-77374a2ee0a6,4e890c1d-14c2-4e50-ac5c-e55513c59b15,c54d2ccf-73a9-47b6-bb86-1ede1955e90e,->,3d052f41-bc8a-447e-85ed-77374a2ee0a6,java/util/ArrayList.java,iterator
3d052f41-bc8a-447e-85ed-77374a2ee0a6,4e890c1d-14c2-4e50-ac5c-e55513c59b15,c54d2ccf-73a9-47b6-bb86-1ede1955e90e,->,3d052f41-bc8a-447e-85ed-77374a2ee0a6,java/util/Iterator.java,hasNext
3d052f41-bc8a-447e-85ed-77374a2ee0a6,4e890c1d-14c2-4e50-ac5c-e55513c59b15,c54d2ccf-73a9-47b6-bb86-1ede1955e90e,->,3d052f41-bc8a-447e-85ed-77374a2ee0a6,java/util/Iterator.java,next
3d052f41-bc8a-447e-85ed-77374a2ee0a6,4e890c1d-14c2-4e50-ac5c-e55513c59b15,c54d2ccf-73a9-47b6-bb86-1ede1955e90e,->,3d052f41-bc8a-447e-85ed-77374a2ee0a6,111a5fb8-82d1-4b31-96c8-e157bb764c3f,2bb5a259-598b-4e31-bda4-7e69a9f1dddc
3d052f41-bc8a-447e-85ed-77374a2ee0a6,4e890c1d-14c2-4e50-ac5c-e55513c59b15,aeaeb907-3528-4ba9-8afa-814079d94d2a,->,3d052f41-bc8a-447e-85ed-77374a2ee0a6,java/lang/Class.java,forName
3d052f41-bc8a-447e-85ed-77374a2ee0a6,4e890c1d-14c2-4e50-ac5c-e55513c59b15,aeaeb907-3528-4ba9-8afa-814079d94d2a,->,3d052f41-bc8a-447e-85ed-77374a2ee0a6,java/util/ArrayList.java,iterator
3d052f41-bc8a-447e-85ed-77374a2ee0a6,4e890c1d-14c2-4e50-ac5c-e55513c59b15,aeaeb907-3528-4ba9-8afa-814079d94d2a,->,3d052f41-bc8a-447e-85ed-77374a2ee0a6,java/util/Iterator.java,hasNext
3d052f41-bc8a-447e-85ed-77374a2ee0a6,4e890c1d-14c2-4e50-ac5c-e55513c59b15,aeaeb907-3528-4ba9-8afa-814079d94d2a,->,3d052f41-bc8a-447e-85ed-77374a2ee0a6,java/util/Iterator.java,next
3d052f41-bc8a-447e-85ed-77374a2ee0a6,4e890c1d-14c2-4e50-ac5c-e55513c59b15,aeaeb907-3528-4ba9-8afa-814079d94d2a,->,3d052f41-bc8a-447e-85ed-77374a2ee0a6,java/lang/Object.java,getClass
3d052f41-bc8a-447e-85ed-77374a2ee0a6,4e890c1d-14c2-4e50-ac5c-e55513c59b15,aeaeb907-3528-4ba9-8afa-814079d94d2a,->,3d052f41-bc8a-447e-85ed-77374a2ee0a6,java/lang/Class.java,getName
3d052f41-bc8a-447e-85ed-77374a2ee0a6,4e890c1d-14c2-4e50-ac5c-e55513c59b15,aeaeb907-3528-4ba9-8afa-814079d94d2a,->,3d052f41-bc8a-447e-85ed-77374a2ee0a6,java/util/logging/Logger.java,getLogger
3d052f41-bc8a-447e-85ed-77374a2ee0a6,4e890c1d-14c2-4e50-ac5c-e55513c59b15,aeaeb907-3528-4ba9-8afa-814079d94d2a,->,3d052f41-bc8a-447e-85ed-77374a2ee0a6,java/util/logging/Logger.java,log
3d052f41-bc8a-447e-85ed-77374a2ee0a6,4e890c1d-14c2-4e50-ac5c-e55513c59b15,113eba08-ca40-43a5-b8ef-983a47f3caae,->,3d052f41-bc8a-447e-85ed-77374a2ee0a6,java/lang/Class.java,forName
3d052f41-bc8a-447e-85ed-77374a2ee0a6,4e890c1d-14c2-4e50-ac5c-e55513c59b15,113eba08-ca40-43a5-b8ef-983a47f3caae,->,3d052f41-bc8a-447e-85ed-77374a2ee0a6,java/util/ArrayList.java,iterator
3d052f41-bc8a-447e-85ed-77374a2ee0a6,4e890c1d-14c2-4e50-ac5c-e55513c59b15,113eba08-ca40-43a5-b8ef-983a47f3caae,->,3d052f41-bc8a-447e-85ed-77374a2ee0a6,java/util/Iterator.java,hasNext
3d052f41-bc8a-447e-85ed-77374a2ee0a6,4e890c1d-14c2-4e50-ac5c-e55513c59b15,113eba08-ca40-43a5-b8ef-983a47f3caae,->,3d052f41-bc8a-447e-85ed-77374a2ee0a6,java/util/Iterator.java,next
3d052f41-bc8a-447e-85ed-77374a2ee0a6,4e890c1d-14c2-4e50-ac5c-e55513c59b15,113eba08-ca40-43a5-b8ef-983a47f3caae,->,3d052f41-bc8a-447e-85ed-77374a2ee0a6,java/lang/Object.java,getClass
3d052f41-bc8a-447e-85ed-77374a2ee0a6,4e890c1d-14c2-4e50-ac5c-e55513c59b15,113eba08-ca40-43a5-b8ef-983a47f3caae,->,3d052f41-bc8a-447e-85ed-77374a2ee0a6,java/util/ArrayList.java,add
3d052f41-bc8a-447e-85ed-77374a2ee0a6,4e890c1d-14c2-4e50-ac5c-e55513c59b15,113eba08-ca40-43a5-b8ef-983a47f3caae,->,3d052f41-bc8a-447e-85ed-77374a2ee0a6,java/lang/Class.java,getName
3d052f41-bc8a-447e-85ed-77374a2ee0a6,4e890c1d-14c2-4e50-ac5c-e55513c59b15,113eba08-ca40-43a5-b8ef-983a47f3caae,->,3d052f41-bc8a-447e-85ed-77374a2ee0a6,java/util/logging/Logger.java,getLogger
3d052f41-bc8a-447e-85ed-77374a2ee0a6,4e890c1d-14c2-4e50-ac5c-e55513c59b15,113eba08-ca40-43a5-b8ef-983a47f3caae,->,3d052f41-bc8a-447e-85ed-77374a2ee0a6,java/util/logging/Logger.java,log
3d052f41-bc8a-447e-85ed-77374a2ee0a6,4e890c1d-14c2-4e50-ac5c-e55513c59b15,b8569de2-2166-47c6-88f4-6e540610224c,->,3d052f41-bc8a-447e-85ed-77374a2ee0a6,java/util/ArrayList.java,add
3d052f41-bc8a-447e-85ed-77374a2ee0a6,4e890c1d-14c2-4e50-ac5c-e55513c59b15,b8569de2-2166-47c6-88f4-6e540610224c,->,3d052f41-bc8a-447e-85ed-77374a2ee0a6,4e890c1d-14c2-4e50-ac5c-e55513c59b15,c54d2ccf-73a9-47b6-bb86-1ede1955e90e
3d052f41-bc8a-447e-85ed-77374a2ee0a6,4e890c1d-14c2-4e50-ac5c-e55513c59b15,"be54fdbe-1dad-435b-a9a4-28520ca8f98e,36cbbb3a-607e-4273-b092-e50a783eea43",->,3d052f41-bc8a-447e-85ed-77374a2ee0a6,java/util/ArrayList.java,add
3d052f41-bc8a-447e-85ed-77374a2ee0a6,4e890c1d-14c2-4e50-ac5c-e55513c59b15,"be54fdbe-1dad-435b-a9a4-28520ca8f98e,36cbbb3a-607e-4273-b092-e50a783eea43",->,3d052f41-bc8a-447e-85ed-77374a2ee0a6,4e890c1d-14c2-4e50-ac5c-e55513c59b15,c54d2ccf-73a9-47b6-bb86-1ede1955e90e
3d052f41-bc8a-447e-85ed-77374a2ee0a6,4e890c1d-14c2-4e50-ac5c-e55513c59b15,6a68a608-ab28-42f0-8cbc-8f78c76934ae,->,3d052f41-bc8a-447e-85ed-77374a2ee0a6,java/util/ArrayList.java,contains
3d052f41-bc8a-447e-85ed-77374a2ee0a6,4e890c1d-14c2-4e50-ac5c-e55513c59b15,"df169a46-ef71-4ddf-a8e8-5ffdca755146,8e44031a-8b79-49c0-95d3-cfd719624a85",->,3d052f41-bc8a-447e-85ed-77374a2ee0a6,4e890c1d-14c2-4e50-ac5c-e55513c59b15,c54d2ccf-73a9-47b6-bb86-1ede1955e90e
3d052f41-bc8a-447e-85ed-77374a2ee0a6,4e890c1d-14c2-4e50-ac5c-e55513c59b15,"df169a46-ef71-4ddf-a8e8-5ffdca755146,8e44031a-8b79-49c0-95d3-cfd719624a85",->,3d052f41-bc8a-447e-85ed-77374a2ee0a6,java/util/ArrayList.java,remove
3d052f41-bc8a-447e-85ed-77374a2ee0a6,4e890c1d-14c2-4e50-ac5c-e55513c59b15,46634e29-0c02-4bf4-ad0f-29b1f1ce4e14,->,3d052f41-bc8a-447e-85ed-77374a2ee0a6,f919e9d8-e55a-4dbb-a460-99c5fec330de,4e36b98c-2bf3-4e45-b92f-e4e9bfaea8a1
3d052f41-bc8a-447e-85ed-77374a2ee0a6,4e890c1d-14c2-4e50-ac5c-e55513c59b15,46634e29-0c02-4bf4-ad0f-29b1f1ce4e14,->,3d052f41-bc8a-447e-85ed-77374a2ee0a6,4e890c1d-14c2-4e50-ac5c-e55513c59b15,b8569de2-2166-47c6-88f4-6e540610224c
3d052f41-bc8a-447e-85ed-77374a2ee0a6,4e890c1d-14c2-4e50-ac5c-e55513c59b15,46634e29-0c02-4bf4-ad0f-29b1f1ce4e14,->,3d052f41-bc8a-447e-85ed-77374a2ee0a6,arcanoid/model/Ball.java,setWeight
3d052f41-bc8a-447e-85ed-77374a2ee0a6,4e890c1d-14c2-4e50-ac5c-e55513c59b15,46634e29-0c02-4bf4-ad0f-29b1f1ce4e14,->,3d052f41-bc8a-447e-85ed-77374a2ee0a6,4e890c1d-14c2-4e50-ac5c-e55513c59b15,b8569de2-2166-47c6-88f4-6e540610224c
3d052f41-bc8a-447e-85ed-77374a2ee0a6,4e890c1d-14c2-4e50-ac5c-e55513c59b15,8394ab53-11e2-4bfc-99e6-2aad68902c09,->,3d052f41-bc8a-447e-85ed-77374a2ee0a6,4e890c1d-14c2-4e50-ac5c-e55513c59b15,113eba08-ca40-43a5-b8ef-983a47f3caae
3d052f41-bc8a-447e-85ed-77374a2ee0a6,4e890c1d-14c2-4e50-ac5c-e55513c59b15,8394ab53-11e2-4bfc-99e6-2aad68902c09,->,3d052f41-bc8a-447e-85ed-77374a2ee0a6,java/util/ArrayList.java,get
3d052f41-bc8a-447e-85ed-77374a2ee0a6,4e890c1d-14c2-4e50-ac5c-e55513c59b15,8394ab53-11e2-4bfc-99e6-2aad68902c09,->,3d052f41-bc8a-447e-85ed-77374a2ee0a6,4ade0b33-0cdf-492b-a717-e58b4e4ab44f,87103267-7021-416f-8a8e-b72b4f2d968a
3d052f41-bc8a-447e-85ed-77374a2ee0a6,4e890c1d-14c2-4e50-ac5c-e55513c59b15,8394ab53-11e2-4bfc-99e6-2aad68902c09,->,3d052f41-bc8a-447e-85ed-77374a2ee0a6,3198f7a7-76eb-4657-95cf-d31509a0d1a8,333d43b2-032b-4afa-9766-91ed33157e34
3d052f41-bc8a-447e-85ed-77374a2ee0a6,4e890c1d-14c2-4e50-ac5c-e55513c59b15,8394ab53-11e2-4bfc-99e6-2aad68902c09,->,3d052f41-bc8a-447e-85ed-77374a2ee0a6,java/util/ArrayList.java,get
3d052f41-bc8a-447e-85ed-77374a2ee0a6,4e890c1d-14c2-4e50-ac5c-e55513c59b15,8394ab53-11e2-4bfc-99e6-2aad68902c09,->,3d052f41-bc8a-447e-85ed-77374a2ee0a6,4ade0b33-0cdf-492b-a717-e58b4e4ab44f,ccbdd958-d438-4732-8187-1c97cedb1f0d
3d052f41-bc8a-447e-85ed-77374a2ee0a6,4e890c1d-14c2-4e50-ac5c-e55513c59b15,8394ab53-11e2-4bfc-99e6-2aad68902c09,->,3d052f41-bc8a-447e-85ed-77374a2ee0a6,java/util/ArrayList.java,get
3d052f41-bc8a-447e-85ed-77374a2ee0a6,4e890c1d-14c2-4e50-ac5c-e55513c59b15,8394ab53-11e2-4bfc-99e6-2aad68902c09,->,3d052f41-bc8a-447e-85ed-77374a2ee0a6,4ade0b33-0cdf-492b-a717-e58b4e4ab44f,ccbdd958-d438-4732-8187-1c97cedb1f0d
3d052f41-bc8a-447e-85ed-77374a2ee0a6,4e890c1d-14c2-4e50-ac5c-e55513c59b15,8394ab53-11e2-4bfc-99e6-2aad68902c09,->,3d052f41-bc8a-447e-85ed-77374a2ee0a6,java/util/ArrayList.java,size
3d052f41-bc8a-447e-85ed-77374a2ee0a6,4e890c1d-14c2-4e50-ac5c-e55513c59b15,8394ab53-11e2-4bfc-99e6-2aad68902c09,->,3d052f41-bc8a-447e-85ed-77374a2ee0a6,java/util/ArrayList.java,get
3d052f41-bc8a-447e-85ed-77374a2ee0a6,4e890c1d-14c2-4e50-ac5c-e55513c59b15,8394ab53-11e2-4bfc-99e6-2aad68902c09,->,3d052f41-bc8a-447e-85ed-77374a2ee0a6,4ade0b33-0cdf-492b-a717-e58b4e4ab44f,08aa872c-fd89-4e6e-9135-1c6fed99aa02
3d052f41-bc8a-447e-85ed-77374a2ee0a6,4e890c1d-14c2-4e50-ac5c-e55513c59b15,8394ab53-11e2-4bfc-99e6-2aad68902c09,->,3d052f41-bc8a-447e-85ed-77374a2ee0a6,java/util/ArrayList.java,get
3d052f41-bc8a-447e-85ed-77374a2ee0a6,4e890c1d-14c2-4e50-ac5c-e55513c59b15,8394ab53-11e2-4bfc-99e6-2aad68902c09,->,3d052f41-bc8a-447e-85ed-77374a2ee0a6,4ade0b33-0cdf-492b-a717-e58b4e4ab44f,08aa872c-fd89-4e6e-9135-1c6fed99aa02
3d052f41-bc8a-447e-85ed-77374a2ee0a6,a81f6d96-02b4-4f62-97ab-99c3e5abf967,314563cf-c092-47a7-bf83-72f7574890e0,->,3d052f41-bc8a-447e-85ed-77374a2ee0a6,com/golden/gamedev/object/PlayField.java,addGroup
3d052f41-bc8a-447e-85ed-77374a2ee0a6,a81f6d96-02b4-4f62-97ab-99c3e5abf967,314563cf-c092-47a7-bf83-72f7574890e0,->,3d052f41-bc8a-447e-85ed-77374a2ee0a6,com/golden/gamedev/object/PlayField.java,addGroup
3d052f41-bc8a-447e-85ed-77374a2ee0a6,a81f6d96-02b4-4f62-97ab-99c3e5abf967,314563cf-c092-47a7-bf83-72f7574890e0,->,3d052f41-bc8a-447e-85ed-77374a2ee0a6,arcanoid/collision/BallWithSwarm.java,getImage
3d052f41-bc8a-447e-85ed-77374a2ee0a6,a81f6d96-02b4-4f62-97ab-99c3e5abf967,314563cf-c092-47a7-bf83-72f7574890e0,->,3d052f41-bc8a-447e-85ed-77374a2ee0a6,arcanoid/collision/BallWithSwarm.java,getImage
3d052f41-bc8a-447e-85ed-77374a2ee0a6,a81f6d96-02b4-4f62-97ab-99c3e5abf967,314563cf-c092-47a7-bf83-72f7574890e0,->,3d052f41-bc8a-447e-85ed-77374a2ee0a6,arcanoid/model/Ball.java,setWeight
3d052f41-bc8a-447e-85ed-77374a2ee0a6,a81f6d96-02b4-4f62-97ab-99c3e5abf967,314563cf-c092-47a7-bf83-72f7574890e0,->,3d052f41-bc8a-447e-85ed-77374a2ee0a6,86ff5c15-9d7f-41d3-82cd-c5114ef01cdc,6b1d18d7-c050-475d-9dd3-6de860d9fdd3
3d052f41-bc8a-447e-85ed-77374a2ee0a6,a81f6d96-02b4-4f62-97ab-99c3e5abf967,314563cf-c092-47a7-bf83-72f7574890e0,->,3d052f41-bc8a-447e-85ed-77374a2ee0a6,java/util/ArrayList.java,get
3d052f41-bc8a-447e-85ed-77374a2ee0a6,a81f6d96-02b4-4f62-97ab-99c3e5abf967,314563cf-c092-47a7-bf83-72f7574890e0,->,3d052f41-bc8a-447e-85ed-77374a2ee0a6,fb0844c9-e20e-4291-b8f1-ccfabe9e7077,4d9810ff-57c8-4f7d-94ed-7ff2cd9f814a
3d052f41-bc8a-447e-85ed-77374a2ee0a6,a81f6d96-02b4-4f62-97ab-99c3e5abf967,314563cf-c092-47a7-bf83-72f7574890e0,->,3d052f41-bc8a-447e-85ed-77374a2ee0a6,fb0844c9-e20e-4291-b8f1-ccfabe9e7077,4d9810ff-57c8-4f7d-94ed-7ff2cd9f814a
3d052f41-bc8a-447e-85ed-77374a2ee0a6,a81f6d96-02b4-4f62-97ab-99c3e5abf967,314563cf-c092-47a7-bf83-72f7574890e0,->,3d052f41-bc8a-447e-85ed-77374a2ee0a6,arcanoid/model/Ball.java,addCollisionHandleEndListener
3d052f41-bc8a-447e-85ed-77374a2ee0a6,a81f6d96-02b4-4f62-97ab-99c3e5abf967,314563cf-c092-47a7-bf83-72f7574890e0,->,3d052f41-bc8a-447e-85ed-77374a2ee0a6,com/golden/gamedev/object/Sprite.java,setSpeed
3d052f41-bc8a-447e-85ed-77374a2ee0a6,a81f6d96-02b4-4f62-97ab-99c3e5abf967,314563cf-c092-47a7-bf83-72f7574890e0,->,3d052f41-bc8a-447e-85ed-77374a2ee0a6,com/golden/gamedev/object/SpriteGroup.java,add
3d052f41-bc8a-447e-85ed-77374a2ee0a6,a81f6d96-02b4-4f62-97ab-99c3e5abf967,314563cf-c092-47a7-bf83-72f7574890e0,->,3d052f41-bc8a-447e-85ed-77374a2ee0a6,com/golden/gamedev/object/SpriteGroup.java,add
3d052f41-bc8a-447e-85ed-77374a2ee0a6,a81f6d96-02b4-4f62-97ab-99c3e5abf967,314563cf-c092-47a7-bf83-72f7574890e0,->,3d052f41-bc8a-447e-85ed-77374a2ee0a6,d921a1d4-40cd-439c-b664-93b7b55fa251,15fbca99-af5c-4aca-9a44-815993e88b24
3d052f41-bc8a-447e-85ed-77374a2ee0a6,a81f6d96-02b4-4f62-97ab-99c3e5abf967,314563cf-c092-47a7-bf83-72f7574890e0,->,3d052f41-bc8a-447e-85ed-77374a2ee0a6,40c3047f-5fb0-42a1-b59e-f12c59255a32,528e3a6b-242e-45c0-9e0d-b9b8acc7e5ea
3d052f41-bc8a-447e-85ed-77374a2ee0a6,a81f6d96-02b4-4f62-97ab-99c3e5abf967,314563cf-c092-47a7-bf83-72f7574890e0,->,3d052f41-bc8a-447e-85ed-77374a2ee0a6,com/golden/gamedev/object/PlayField.java,addCollisionGroup
3d052f41-bc8a-447e-85ed-77374a2ee0a6,a81f6d96-02b4-4f62-97ab-99c3e5abf967,faee2c9f-4d77-43f0-8d6b-e03dbb7ace8f,->,3d052f41-bc8a-447e-85ed-77374a2ee0a6,com/golden/gamedev/object/PlayField.java,update
3d052f41-bc8a-447e-85ed-77374a2ee0a6,a81f6d96-02b4-4f62-97ab-99c3e5abf967,ea48df72-9140-4809-adeb-b3d099ecdd09,->,3d052f41-bc8a-447e-85ed-77374a2ee0a6,com/golden/gamedev/object/PlayField.java,render
3d052f41-bc8a-447e-85ed-77374a2ee0a6,a81f6d96-02b4-4f62-97ab-99c3e5abf967,681cb332-f3e8-48c8-80c7-dbe08505f73e,->,3d052f41-bc8a-447e-85ed-77374a2ee0a6,4ade0b33-0cdf-492b-a717-e58b4e4ab44f,a44b38e0-a3f5-4226-827b-253d21e564d9
3d052f41-bc8a-447e-85ed-77374a2ee0a6,a81f6d96-02b4-4f62-97ab-99c3e5abf967,681cb332-f3e8-48c8-80c7-dbe08505f73e,->,3d052f41-bc8a-447e-85ed-77374a2ee0a6,org/junit/Assert.java,assertEquals
3d052f41-bc8a-447e-85ed-77374a2ee0a6,a81f6d96-02b4-4f62-97ab-99c3e5abf967,681cb332-f3e8-48c8-80c7-dbe08505f73e,->,3d052f41-bc8a-447e-85ed-77374a2ee0a6,4ade0b33-0cdf-492b-a717-e58b4e4ab44f,a002d573-f6e8-4c24-9a75-52639ba06e7e
3d052f41-bc8a-447e-85ed-77374a2ee0a6,a81f6d96-02b4-4f62-97ab-99c3e5abf967,681cb332-f3e8-48c8-80c7-dbe08505f73e,->,3d052f41-bc8a-447e-85ed-77374a2ee0a6,org/junit/Assert.java,assertEquals
3d052f41-bc8a-447e-85ed-77374a2ee0a6,a81f6d96-02b4-4f62-97ab-99c3e5abf967,681cb332-f3e8-48c8-80c7-dbe08505f73e,->,3d052f41-bc8a-447e-85ed-77374a2ee0a6,arcanoid/collision/BallWithSwarm.java,stop
3d052f41-bc8a-447e-85ed-77374a2ee0a6,40c3047f-5fb0-42a1-b59e-f12c59255a32,528e3a6b-242e-45c0-9e0d-b9b8acc7e5ea,->,3d052f41-bc8a-447e-85ed-77374a2ee0a6,java/util/ArrayList.java,add
3d052f41-bc8a-447e-85ed-77374a2ee0a6,40c3047f-5fb0-42a1-b59e-f12c59255a32,e26fc9da-bfb5-451f-92f0-3a9862ff83cc,->,3d052f41-bc8a-447e-85ed-77374a2ee0a6,java/util/ArrayList.java,iterator
3d052f41-bc8a-447e-85ed-77374a2ee0a6,40c3047f-5fb0-42a1-b59e-f12c59255a32,e26fc9da-bfb5-451f-92f0-3a9862ff83cc,->,3d052f41-bc8a-447e-85ed-77374a2ee0a6,java/util/Iterator.java,hasNext
3d052f41-bc8a-447e-85ed-77374a2ee0a6,40c3047f-5fb0-42a1-b59e-f12c59255a32,e26fc9da-bfb5-451f-92f0-3a9862ff83cc,->,3d052f41-bc8a-447e-85ed-77374a2ee0a6,java/util/Iterator.java,next
3d052f41-bc8a-447e-85ed-77374a2ee0a6,40c3047f-5fb0-42a1-b59e-f12c59255a32,e26fc9da-bfb5-451f-92f0-3a9862ff83cc,->,3d052f41-bc8a-447e-85ed-77374a2ee0a6,4d334e37-cb5d-4eea-b626-40c860b4f44f,eb027857-51bc-4f0a-8901-c9a23f969cef
3d052f41-bc8a-447e-85ed-77374a2ee0a6,40c3047f-5fb0-42a1-b59e-f12c59255a32,3fd9621b-ee59-4614-bd7b-3eff2888e727,->,3d052f41-bc8a-447e-85ed-77374a2ee0a6,arcanoid/collision/CollisionObjectWithObject.java,getStorage
3d052f41-bc8a-447e-85ed-77374a2ee0a6,40c3047f-5fb0-42a1-b59e-f12c59255a32,3fd9621b-ee59-4614-bd7b-3eff2888e727,->,3d052f41-bc8a-447e-85ed-77374a2ee0a6,arcanoid/collision/CollisionObjectWithObject.java,getSourceSprite
3d052f41-bc8a-447e-85ed-77374a2ee0a6,40c3047f-5fb0-42a1-b59e-f12c59255a32,3fd9621b-ee59-4614-bd7b-3eff2888e727,->,3d052f41-bc8a-447e-85ed-77374a2ee0a6,40c3047f-5fb0-42a1-b59e-f12c59255a32,e26fc9da-bfb5-451f-92f0-3a9862ff83cc
3d052f41-bc8a-447e-85ed-77374a2ee0a6,d88bb0cd-f18d-4380-80dc-7c76a52ad66a,aeba6941-a9c4-4771-ad02-666bea30be77,->,3d052f41-bc8a-447e-85ed-77374a2ee0a6,java/util/ArrayList.java,add
3d052f41-bc8a-447e-85ed-77374a2ee0a6,d88bb0cd-f18d-4380-80dc-7c76a52ad66a,4d190eed-f867-4e88-9edc-e9c955226234,->,3d052f41-bc8a-447e-85ed-77374a2ee0a6,arcanoid/collision/CollisionObjectWithBoundary.java,isCollisionSide
3d052f41-bc8a-447e-85ed-77374a2ee0a6,d88bb0cd-f18d-4380-80dc-7c76a52ad66a,4d190eed-f867-4e88-9edc-e9c955226234,->,3d052f41-bc8a-447e-85ed-77374a2ee0a6,arcanoid/collision/CollisionObjectWithBoundary.java,isCollisionSide
3d052f41-bc8a-447e-85ed-77374a2ee0a6,d88bb0cd-f18d-4380-80dc-7c76a52ad66a,4d190eed-f867-4e88-9edc-e9c955226234,->,3d052f41-bc8a-447e-85ed-77374a2ee0a6,arcanoid/collision/CollisionObjectWithBoundary.java,isCollisionSide
3d052f41-bc8a-447e-85ed-77374a2ee0a6,d88bb0cd-f18d-4380-80dc-7c76a52ad66a,2595f233-410c-4d17-806a-b063e986189e,->,3d052f41-bc8a-447e-85ed-77374a2ee0a6,java/util/ArrayList.java,iterator
3d052f41-bc8a-447e-85ed-77374a2ee0a6,d88bb0cd-f18d-4380-80dc-7c76a52ad66a,2595f233-410c-4d17-806a-b063e986189e,->,3d052f41-bc8a-447e-85ed-77374a2ee0a6,java/util/Iterator.java,hasNext
3d052f41-bc8a-447e-85ed-77374a2ee0a6,d88bb0cd-f18d-4380-80dc-7c76a52ad66a,2595f233-410c-4d17-806a-b063e986189e,->,3d052f41-bc8a-447e-85ed-77374a2ee0a6,java/util/Iterator.java,next
3d052f41-bc8a-447e-85ed-77374a2ee0a6,d88bb0cd-f18d-4380-80dc-7c76a52ad66a,2595f233-410c-4d17-806a-b063e986189e,->,3d052f41-bc8a-447e-85ed-77374a2ee0a6,d88bb0cd-f18d-4380-80dc-7c76a52ad66a,4d190eed-f867-4e88-9edc-e9c955226234
3d052f41-bc8a-447e-85ed-77374a2ee0a6,d88bb0cd-f18d-4380-80dc-7c76a52ad66a,2595f233-410c-4d17-806a-b063e986189e,->,3d052f41-bc8a-447e-85ed-77374a2ee0a6,arcanoid/collision/CollisionObjectWithBoundary.java,getBoundary
3d052f41-bc8a-447e-85ed-77374a2ee0a6,d88bb0cd-f18d-4380-80dc-7c76a52ad66a,2595f233-410c-4d17-806a-b063e986189e,->,3d052f41-bc8a-447e-85ed-77374a2ee0a6,4d334e37-cb5d-4eea-b626-40c860b4f44f,eb027857-51bc-4f0a-8901-c9a23f969cef
3d052f41-bc8a-447e-85ed-77374a2ee0a6,d88bb0cd-f18d-4380-80dc-7c76a52ad66a,48ba692a-c6f8-436d-93f1-f7b89e39d863,->,3d052f41-bc8a-447e-85ed-77374a2ee0a6,d88bb0cd-f18d-4380-80dc-7c76a52ad66a,2595f233-410c-4d17-806a-b063e986189e
3d052f41-bc8a-447e-85ed-77374a2ee0a6,304d82b6-feaf-4c6b-9d66-9d426991da6e,7e3f2c34-cbde-4b72-a403-6e697a6f6959,->,3d052f41-bc8a-447e-85ed-77374a2ee0a6,com/golden/gamedev/object/PlayField.java,addGroup
3d052f41-bc8a-447e-85ed-77374a2ee0a6,304d82b6-feaf-4c6b-9d66-9d426991da6e,7e3f2c34-cbde-4b72-a403-6e697a6f6959,->,3d052f41-bc8a-447e-85ed-77374a2ee0a6,com/golden/gamedev/object/PlayField.java,addGroup
3d052f41-bc8a-447e-85ed-77374a2ee0a6,304d82b6-feaf-4c6b-9d66-9d426991da6e,7e3f2c34-cbde-4b72-a403-6e697a6f6959,->,3d052f41-bc8a-447e-85ed-77374a2ee0a6,com/golden/gamedev/object/PlayField.java,addGroup
3d052f41-bc8a-447e-85ed-77374a2ee0a6,304d82b6-feaf-4c6b-9d66-9d426991da6e,7e3f2c34-cbde-4b72-a403-6e697a6f6959,->,3d052f41-bc8a-447e-85ed-77374a2ee0a6,arcanoid/collision/BallsCollision.java,getImage
3d052f41-bc8a-447e-85ed-77374a2ee0a6,304d82b6-feaf-4c6b-9d66-9d426991da6e,7e3f2c34-cbde-4b72-a403-6e697a6f6959,->,3d052f41-bc8a-447e-85ed-77374a2ee0a6,arcanoid/model/Ball.java,setWeight
3d052f41-bc8a-447e-85ed-77374a2ee0a6,304d82b6-feaf-4c6b-9d66-9d426991da6e,7e3f2c34-cbde-4b72-a403-6e697a6f6959,->,3d052f41-bc8a-447e-85ed-77374a2ee0a6,arcanoid/model/Ball.java,setWeight
3d052f41-bc8a-447e-85ed-77374a2ee0a6,304d82b6-feaf-4c6b-9d66-9d426991da6e,7e3f2c34-cbde-4b72-a403-6e697a6f6959,->,3d052f41-bc8a-447e-85ed-77374a2ee0a6,arcanoid/model/Ball.java,setWeight
3d052f41-bc8a-447e-85ed-77374a2ee0a6,304d82b6-feaf-4c6b-9d66-9d426991da6e,7e3f2c34-cbde-4b72-a403-6e697a6f6959,->,3d052f41-bc8a-447e-85ed-77374a2ee0a6,fb0844c9-e20e-4291-b8f1-ccfabe9e7077,4d9810ff-57c8-4f7d-94ed-7ff2cd9f814a
3d052f41-bc8a-447e-85ed-77374a2ee0a6,304d82b6-feaf-4c6b-9d66-9d426991da6e,7e3f2c34-cbde-4b72-a403-6e697a6f6959,->,3d052f41-bc8a-447e-85ed-77374a2ee0a6,fb0844c9-e20e-4291-b8f1-ccfabe9e7077,4d9810ff-57c8-4f7d-94ed-7ff2cd9f814a
3d052f41-bc8a-447e-85ed-77374a2ee0a6,304d82b6-feaf-4c6b-9d66-9d426991da6e,7e3f2c34-cbde-4b72-a403-6e697a6f6959,->,3d052f41-bc8a-447e-85ed-77374a2ee0a6,fb0844c9-e20e-4291-b8f1-ccfabe9e7077,4d9810ff-57c8-4f7d-94ed-7ff2cd9f814a
3d052f41-bc8a-447e-85ed-77374a2ee0a6,304d82b6-feaf-4c6b-9d66-9d426991da6e,7e3f2c34-cbde-4b72-a403-6e697a6f6959,->,3d052f41-bc8a-447e-85ed-77374a2ee0a6,arcanoid/model/Ball.java,addCollisionHandleEndListener
3d052f41-bc8a-447e-85ed-77374a2ee0a6,304d82b6-feaf-4c6b-9d66-9d426991da6e,7e3f2c34-cbde-4b72-a403-6e697a6f6959,->,3d052f41-bc8a-447e-85ed-77374a2ee0a6,9af524cf-3d7b-41c5-a351-a1a522f91afb,b283a1ad-24b4-4296-999c-27c7eae2e4a5
3d052f41-bc8a-447e-85ed-77374a2ee0a6,304d82b6-feaf-4c6b-9d66-9d426991da6e,7e3f2c34-cbde-4b72-a403-6e697a6f6959,->,3d052f41-bc8a-447e-85ed-77374a2ee0a6,9af524cf-3d7b-41c5-a351-a1a522f91afb,16d5c68b-51e0-455a-8d84-1247d46c197a
3d052f41-bc8a-447e-85ed-77374a2ee0a6,304d82b6-feaf-4c6b-9d66-9d426991da6e,7e3f2c34-cbde-4b72-a403-6e697a6f6959,->,3d052f41-bc8a-447e-85ed-77374a2ee0a6,com/golden/gamedev/object/Sprite.java,setSpeed
3d052f41-bc8a-447e-85ed-77374a2ee0a6,304d82b6-feaf-4c6b-9d66-9d426991da6e,7e3f2c34-cbde-4b72-a403-6e697a6f6959,->,3d052f41-bc8a-447e-85ed-77374a2ee0a6,9af524cf-3d7b-41c5-a351-a1a522f91afb,b283a1ad-24b4-4296-999c-27c7eae2e4a5
3d052f41-bc8a-447e-85ed-77374a2ee0a6,304d82b6-feaf-4c6b-9d66-9d426991da6e,7e3f2c34-cbde-4b72-a403-6e697a6f6959,->,3d052f41-bc8a-447e-85ed-77374a2ee0a6,9af524cf-3d7b-41c5-a351-a1a522f91afb,16d5c68b-51e0-455a-8d84-1247d46c197a
3d052f41-bc8a-447e-85ed-77374a2ee0a6,304d82b6-feaf-4c6b-9d66-9d426991da6e,7e3f2c34-cbde-4b72-a403-6e697a6f6959,->,3d052f41-bc8a-447e-85ed-77374a2ee0a6,com/golden/gamedev/object/Sprite.java,setSpeed
3d052f41-bc8a-447e-85ed-77374a2ee0a6,304d82b6-feaf-4c6b-9d66-9d426991da6e,7e3f2c34-cbde-4b72-a403-6e697a6f6959,->,3d052f41-bc8a-447e-85ed-77374a2ee0a6,9af524cf-3d7b-41c5-a351-a1a522f91afb,b283a1ad-24b4-4296-999c-27c7eae2e4a5
3d052f41-bc8a-447e-85ed-77374a2ee0a6,304d82b6-feaf-4c6b-9d66-9d426991da6e,7e3f2c34-cbde-4b72-a403-6e697a6f6959,->,3d052f41-bc8a-447e-85ed-77374a2ee0a6,9af524cf-3d7b-41c5-a351-a1a522f91afb,16d5c68b-51e0-455a-8d84-1247d46c197a
3d052f41-bc8a-447e-85ed-77374a2ee0a6,304d82b6-feaf-4c6b-9d66-9d426991da6e,7e3f2c34-cbde-4b72-a403-6e697a6f6959,->,3d052f41-bc8a-447e-85ed-77374a2ee0a6,com/golden/gamedev/object/Sprite.java,setSpeed
3d052f41-bc8a-447e-85ed-77374a2ee0a6,304d82b6-feaf-4c6b-9d66-9d426991da6e,7e3f2c34-cbde-4b72-a403-6e697a6f6959,->,3d052f41-bc8a-447e-85ed-77374a2ee0a6,com/golden/gamedev/object/SpriteGroup.java,add
3d052f41-bc8a-447e-85ed-77374a2ee0a6,304d82b6-feaf-4c6b-9d66-9d426991da6e,7e3f2c34-cbde-4b72-a403-6e697a6f6959,->,3d052f41-bc8a-447e-85ed-77374a2ee0a6,com/golden/gamedev/object/SpriteGroup.java,add
3d052f41-bc8a-447e-85ed-77374a2ee0a6,304d82b6-feaf-4c6b-9d66-9d426991da6e,7e3f2c34-cbde-4b72-a403-6e697a6f6959,->,3d052f41-bc8a-447e-85ed-77374a2ee0a6,com/golden/gamedev/object/SpriteGroup.java,add
3d052f41-bc8a-447e-85ed-77374a2ee0a6,304d82b6-feaf-4c6b-9d66-9d426991da6e,7e3f2c34-cbde-4b72-a403-6e697a6f6959,->,3d052f41-bc8a-447e-85ed-77374a2ee0a6,d921a1d4-40cd-439c-b664-93b7b55fa251,15fbca99-af5c-4aca-9a44-815993e88b24
3d052f41-bc8a-447e-85ed-77374a2ee0a6,304d82b6-feaf-4c6b-9d66-9d426991da6e,7e3f2c34-cbde-4b72-a403-6e697a6f6959,->,3d052f41-bc8a-447e-85ed-77374a2ee0a6,40c3047f-5fb0-42a1-b59e-f12c59255a32,528e3a6b-242e-45c0-9e0d-b9b8acc7e5ea
3d052f41-bc8a-447e-85ed-77374a2ee0a6,304d82b6-feaf-4c6b-9d66-9d426991da6e,7e3f2c34-cbde-4b72-a403-6e697a6f6959,->,3d052f41-bc8a-447e-85ed-77374a2ee0a6,com/golden/gamedev/object/PlayField.java,addCollisionGroup
3d052f41-bc8a-447e-85ed-77374a2ee0a6,304d82b6-feaf-4c6b-9d66-9d426991da6e,7e3f2c34-cbde-4b72-a403-6e697a6f6959,->,3d052f41-bc8a-447e-85ed-77374a2ee0a6,e122d8a2-c2c4-42d7-88d1-ab6a3756ea3b,ad6cbddc-facc-4655-af45-3891e8d785ea
3d052f41-bc8a-447e-85ed-77374a2ee0a6,304d82b6-feaf-4c6b-9d66-9d426991da6e,7e3f2c34-cbde-4b72-a403-6e697a6f6959,->,3d052f41-bc8a-447e-85ed-77374a2ee0a6,e122d8a2-c2c4-42d7-88d1-ab6a3756ea3b,ad6cbddc-facc-4655-af45-3891e8d785ea
3d052f41-bc8a-447e-85ed-77374a2ee0a6,304d82b6-feaf-4c6b-9d66-9d426991da6e,7e3f2c34-cbde-4b72-a403-6e697a6f6959,->,3d052f41-bc8a-447e-85ed-77374a2ee0a6,com/golden/gamedev/object/PlayField.java,addCollisionGroup
3d052f41-bc8a-447e-85ed-77374a2ee0a6,304d82b6-feaf-4c6b-9d66-9d426991da6e,7e3f2c34-cbde-4b72-a403-6e697a6f6959,->,3d052f41-bc8a-447e-85ed-77374a2ee0a6,com/golden/gamedev/object/PlayField.java,addCollisionGroup
3d052f41-bc8a-447e-85ed-77374a2ee0a6,304d82b6-feaf-4c6b-9d66-9d426991da6e,7e3f2c34-cbde-4b72-a403-6e697a6f6959,->,3d052f41-bc8a-447e-85ed-77374a2ee0a6,e122d8a2-c2c4-42d7-88d1-ab6a3756ea3b,ad6cbddc-facc-4655-af45-3891e8d785ea
3d052f41-bc8a-447e-85ed-77374a2ee0a6,304d82b6-feaf-4c6b-9d66-9d426991da6e,9c732c1e-063d-4c59-9b7d-4f5474cef568,->,3d052f41-bc8a-447e-85ed-77374a2ee0a6,com/golden/gamedev/object/PlayField.java,update
3d052f41-bc8a-447e-85ed-77374a2ee0a6,304d82b6-feaf-4c6b-9d66-9d426991da6e,c8add7d7-6008-4e58-83d5-121a4a32deb6,->,3d052f41-bc8a-447e-85ed-77374a2ee0a6,com/golden/gamedev/object/PlayField.java,render
3d052f41-bc8a-447e-85ed-77374a2ee0a6,304d82b6-feaf-4c6b-9d66-9d426991da6e,b781acba-b30f-4758-9656-a11aeb2a0661,->,3d052f41-bc8a-447e-85ed-77374a2ee0a6,e122d8a2-c2c4-42d7-88d1-ab6a3756ea3b,ad6cbddc-facc-4655-af45-3891e8d785ea
3d052f41-bc8a-447e-85ed-77374a2ee0a6,304d82b6-feaf-4c6b-9d66-9d426991da6e,b781acba-b30f-4758-9656-a11aeb2a0661,->,3d052f41-bc8a-447e-85ed-77374a2ee0a6,e122d8a2-c2c4-42d7-88d1-ab6a3756ea3b,ad6cbddc-facc-4655-af45-3891e8d785ea
3d052f41-bc8a-447e-85ed-77374a2ee0a6,304d82b6-feaf-4c6b-9d66-9d426991da6e,b781acba-b30f-4758-9656-a11aeb2a0661,->,3d052f41-bc8a-447e-85ed-77374a2ee0a6,arcanoid/model/Ball.java,handleCollision
3d052f41-bc8a-447e-85ed-77374a2ee0a6,304d82b6-feaf-4c6b-9d66-9d426991da6e,b781acba-b30f-4758-9656-a11aeb2a0661,->,3d052f41-bc8a-447e-85ed-77374a2ee0a6,arcanoid/model/Ball.java,handleCollision
3d052f41-bc8a-447e-85ed-77374a2ee0a6,304d82b6-feaf-4c6b-9d66-9d426991da6e,b781acba-b30f-4758-9656-a11aeb2a0661,->,3d052f41-bc8a-447e-85ed-77374a2ee0a6,4ade0b33-0cdf-492b-a717-e58b4e4ab44f,a44b38e0-a3f5-4226-827b-253d21e564d9
3d052f41-bc8a-447e-85ed-77374a2ee0a6,304d82b6-feaf-4c6b-9d66-9d426991da6e,b781acba-b30f-4758-9656-a11aeb2a0661,->,3d052f41-bc8a-447e-85ed-77374a2ee0a6,arcanoid/model/Ball.java,speed
3d052f41-bc8a-447e-85ed-77374a2ee0a6,304d82b6-feaf-4c6b-9d66-9d426991da6e,b781acba-b30f-4758-9656-a11aeb2a0661,->,3d052f41-bc8a-447e-85ed-77374a2ee0a6,org/junit/Assert.java,assertEquals
3d052f41-bc8a-447e-85ed-77374a2ee0a6,304d82b6-feaf-4c6b-9d66-9d426991da6e,b781acba-b30f-4758-9656-a11aeb2a0661,->,3d052f41-bc8a-447e-85ed-77374a2ee0a6,4ade0b33-0cdf-492b-a717-e58b4e4ab44f,a44b38e0-a3f5-4226-827b-253d21e564d9
3d052f41-bc8a-447e-85ed-77374a2ee0a6,304d82b6-feaf-4c6b-9d66-9d426991da6e,b781acba-b30f-4758-9656-a11aeb2a0661,->,3d052f41-bc8a-447e-85ed-77374a2ee0a6,arcanoid/model/Ball.java,speed
3d052f41-bc8a-447e-85ed-77374a2ee0a6,304d82b6-feaf-4c6b-9d66-9d426991da6e,b781acba-b30f-4758-9656-a11aeb2a0661,->,3d052f41-bc8a-447e-85ed-77374a2ee0a6,org/junit/Assert.java,assertEquals
3d052f41-bc8a-447e-85ed-77374a2ee0a6,304d82b6-feaf-4c6b-9d66-9d426991da6e,b781acba-b30f-4758-9656-a11aeb2a0661,->,3d052f41-bc8a-447e-85ed-77374a2ee0a6,e122d8a2-c2c4-42d7-88d1-ab6a3756ea3b,ad6cbddc-facc-4655-af45-3891e8d785ea
3d052f41-bc8a-447e-85ed-77374a2ee0a6,304d82b6-feaf-4c6b-9d66-9d426991da6e,b781acba-b30f-4758-9656-a11aeb2a0661,->,3d052f41-bc8a-447e-85ed-77374a2ee0a6,e122d8a2-c2c4-42d7-88d1-ab6a3756ea3b,ad6cbddc-facc-4655-af45-3891e8d785ea
3d052f41-bc8a-447e-85ed-77374a2ee0a6,304d82b6-feaf-4c6b-9d66-9d426991da6e,b781acba-b30f-4758-9656-a11aeb2a0661,->,3d052f41-bc8a-447e-85ed-77374a2ee0a6,e122d8a2-c2c4-42d7-88d1-ab6a3756ea3b,ad6cbddc-facc-4655-af45-3891e8d785ea
3d052f41-bc8a-447e-85ed-77374a2ee0a6,304d82b6-feaf-4c6b-9d66-9d426991da6e,b781acba-b30f-4758-9656-a11aeb2a0661,->,3d052f41-bc8a-447e-85ed-77374a2ee0a6,e122d8a2-c2c4-42d7-88d1-ab6a3756ea3b,ad6cbddc-facc-4655-af45-3891e8d785ea
3d052f41-bc8a-447e-85ed-77374a2ee0a6,304d82b6-feaf-4c6b-9d66-9d426991da6e,b781acba-b30f-4758-9656-a11aeb2a0661,->,3d052f41-bc8a-447e-85ed-77374a2ee0a6,e122d8a2-c2c4-42d7-88d1-ab6a3756ea3b,ad6cbddc-facc-4655-af45-3891e8d785ea
3d052f41-bc8a-447e-85ed-77374a2ee0a6,304d82b6-feaf-4c6b-9d66-9d426991da6e,b781acba-b30f-4758-9656-a11aeb2a0661,->,3d052f41-bc8a-447e-85ed-77374a2ee0a6,arcanoid/model/Ball.java,speed
3d052f41-bc8a-447e-85ed-77374a2ee0a6,304d82b6-feaf-4c6b-9d66-9d426991da6e,b781acba-b30f-4758-9656-a11aeb2a0661,->,3d052f41-bc8a-447e-85ed-77374a2ee0a6,arcanoid/model/Ball.java,speed
3d052f41-bc8a-447e-85ed-77374a2ee0a6,304d82b6-feaf-4c6b-9d66-9d426991da6e,b781acba-b30f-4758-9656-a11aeb2a0661,->,3d052f41-bc8a-447e-85ed-77374a2ee0a6,9af524cf-3d7b-41c5-a351-a1a522f91afb,1378e2c0-417e-4fce-aaf3-d0b2907dc511
3d052f41-bc8a-447e-85ed-77374a2ee0a6,304d82b6-feaf-4c6b-9d66-9d426991da6e,b781acba-b30f-4758-9656-a11aeb2a0661,->,3d052f41-bc8a-447e-85ed-77374a2ee0a6,arcanoid/model/Ball.java,setSpeed
3d052f41-bc8a-447e-85ed-77374a2ee0a6,304d82b6-feaf-4c6b-9d66-9d426991da6e,b781acba-b30f-4758-9656-a11aeb2a0661,->,3d052f41-bc8a-447e-85ed-77374a2ee0a6,arcanoid/model/Ball.java,weight
3d052f41-bc8a-447e-85ed-77374a2ee0a6,304d82b6-feaf-4c6b-9d66-9d426991da6e,b781acba-b30f-4758-9656-a11aeb2a0661,->,3d052f41-bc8a-447e-85ed-77374a2ee0a6,arcanoid/model/Ball.java,weight
3d052f41-bc8a-447e-85ed-77374a2ee0a6,304d82b6-feaf-4c6b-9d66-9d426991da6e,b781acba-b30f-4758-9656-a11aeb2a0661,->,3d052f41-bc8a-447e-85ed-77374a2ee0a6,arcanoid/model/Ball.java,setWeight
3d052f41-bc8a-447e-85ed-77374a2ee0a6,304d82b6-feaf-4c6b-9d66-9d426991da6e,b781acba-b30f-4758-9656-a11aeb2a0661,->,3d052f41-bc8a-447e-85ed-77374a2ee0a6,arcanoid/model/Ball.java,handleCollision
3d052f41-bc8a-447e-85ed-77374a2ee0a6,304d82b6-feaf-4c6b-9d66-9d426991da6e,b781acba-b30f-4758-9656-a11aeb2a0661,->,3d052f41-bc8a-447e-85ed-77374a2ee0a6,arcanoid/model/Ball.java,speed
3d052f41-bc8a-447e-85ed-77374a2ee0a6,304d82b6-feaf-4c6b-9d66-9d426991da6e,b781acba-b30f-4758-9656-a11aeb2a0661,->,3d052f41-bc8a-447e-85ed-77374a2ee0a6,arcanoid/model/Ball.java,speed
3d052f41-bc8a-447e-85ed-77374a2ee0a6,304d82b6-feaf-4c6b-9d66-9d426991da6e,b781acba-b30f-4758-9656-a11aeb2a0661,->,3d052f41-bc8a-447e-85ed-77374a2ee0a6,9af524cf-3d7b-41c5-a351-a1a522f91afb,1378e2c0-417e-4fce-aaf3-d0b2907dc511
3d052f41-bc8a-447e-85ed-77374a2ee0a6,304d82b6-feaf-4c6b-9d66-9d426991da6e,b781acba-b30f-4758-9656-a11aeb2a0661,->,3d052f41-bc8a-447e-85ed-77374a2ee0a6,arcanoid/model/Ball.java,setSpeed
3d052f41-bc8a-447e-85ed-77374a2ee0a6,304d82b6-feaf-4c6b-9d66-9d426991da6e,b781acba-b30f-4758-9656-a11aeb2a0661,->,3d052f41-bc8a-447e-85ed-77374a2ee0a6,arcanoid/model/Ball.java,weight
3d052f41-bc8a-447e-85ed-77374a2ee0a6,304d82b6-feaf-4c6b-9d66-9d426991da6e,b781acba-b30f-4758-9656-a11aeb2a0661,->,3d052f41-bc8a-447e-85ed-77374a2ee0a6,arcanoid/model/Ball.java,weight
3d052f41-bc8a-447e-85ed-77374a2ee0a6,304d82b6-feaf-4c6b-9d66-9d426991da6e,b781acba-b30f-4758-9656-a11aeb2a0661,->,3d052f41-bc8a-447e-85ed-77374a2ee0a6,arcanoid/model/Ball.java,setWeight
3d052f41-bc8a-447e-85ed-77374a2ee0a6,304d82b6-feaf-4c6b-9d66-9d426991da6e,b781acba-b30f-4758-9656-a11aeb2a0661,->,3d052f41-bc8a-447e-85ed-77374a2ee0a6,arcanoid/model/Ball.java,handleCollision
3d052f41-bc8a-447e-85ed-77374a2ee0a6,304d82b6-feaf-4c6b-9d66-9d426991da6e,b781acba-b30f-4758-9656-a11aeb2a0661,->,3d052f41-bc8a-447e-85ed-77374a2ee0a6,arcanoid/model/Ball.java,speed
3d052f41-bc8a-447e-85ed-77374a2ee0a6,304d82b6-feaf-4c6b-9d66-9d426991da6e,b781acba-b30f-4758-9656-a11aeb2a0661,->,3d052f41-bc8a-447e-85ed-77374a2ee0a6,arcanoid/model/Ball.java,speed
3d052f41-bc8a-447e-85ed-77374a2ee0a6,304d82b6-feaf-4c6b-9d66-9d426991da6e,b781acba-b30f-4758-9656-a11aeb2a0661,->,3d052f41-bc8a-447e-85ed-77374a2ee0a6,9af524cf-3d7b-41c5-a351-a1a522f91afb,1378e2c0-417e-4fce-aaf3-d0b2907dc511
3d052f41-bc8a-447e-85ed-77374a2ee0a6,304d82b6-feaf-4c6b-9d66-9d426991da6e,b781acba-b30f-4758-9656-a11aeb2a0661,->,3d052f41-bc8a-447e-85ed-77374a2ee0a6,arcanoid/model/Ball.java,setSpeed
3d052f41-bc8a-447e-85ed-77374a2ee0a6,304d82b6-feaf-4c6b-9d66-9d426991da6e,b781acba-b30f-4758-9656-a11aeb2a0661,->,3d052f41-bc8a-447e-85ed-77374a2ee0a6,arcanoid/model/Ball.java,weight
3d052f41-bc8a-447e-85ed-77374a2ee0a6,304d82b6-feaf-4c6b-9d66-9d426991da6e,b781acba-b30f-4758-9656-a11aeb2a0661,->,3d052f41-bc8a-447e-85ed-77374a2ee0a6,arcanoid/model/Ball.java,weight
3d052f41-bc8a-447e-85ed-77374a2ee0a6,304d82b6-feaf-4c6b-9d66-9d426991da6e,b781acba-b30f-4758-9656-a11aeb2a0661,->,3d052f41-bc8a-447e-85ed-77374a2ee0a6,arcanoid/model/Ball.java,setWeight
3d052f41-bc8a-447e-85ed-77374a2ee0a6,304d82b6-feaf-4c6b-9d66-9d426991da6e,b781acba-b30f-4758-9656-a11aeb2a0661,->,3d052f41-bc8a-447e-85ed-77374a2ee0a6,arcanoid/model/Ball.java,handleCollision
3d052f41-bc8a-447e-85ed-77374a2ee0a6,304d82b6-feaf-4c6b-9d66-9d426991da6e,b781acba-b30f-4758-9656-a11aeb2a0661,->,3d052f41-bc8a-447e-85ed-77374a2ee0a6,4ade0b33-0cdf-492b-a717-e58b4e4ab44f,a44b38e0-a3f5-4226-827b-253d21e564d9
3d052f41-bc8a-447e-85ed-77374a2ee0a6,304d82b6-feaf-4c6b-9d66-9d426991da6e,b781acba-b30f-4758-9656-a11aeb2a0661,->,3d052f41-bc8a-447e-85ed-77374a2ee0a6,arcanoid/model/Ball.java,speed
3d052f41-bc8a-447e-85ed-77374a2ee0a6,304d82b6-feaf-4c6b-9d66-9d426991da6e,b781acba-b30f-4758-9656-a11aeb2a0661,->,3d052f41-bc8a-447e-85ed-77374a2ee0a6,org/junit/Assert.java,assertEquals
3d052f41-bc8a-447e-85ed-77374a2ee0a6,304d82b6-feaf-4c6b-9d66-9d426991da6e,b781acba-b30f-4758-9656-a11aeb2a0661,->,3d052f41-bc8a-447e-85ed-77374a2ee0a6,4ade0b33-0cdf-492b-a717-e58b4e4ab44f,a44b38e0-a3f5-4226-827b-253d21e564d9
3d052f41-bc8a-447e-85ed-77374a2ee0a6,304d82b6-feaf-4c6b-9d66-9d426991da6e,b781acba-b30f-4758-9656-a11aeb2a0661,->,3d052f41-bc8a-447e-85ed-77374a2ee0a6,arcanoid/model/Ball.java,speed
3d052f41-bc8a-447e-85ed-77374a2ee0a6,304d82b6-feaf-4c6b-9d66-9d426991da6e,b781acba-b30f-4758-9656-a11aeb2a0661,->,3d052f41-bc8a-447e-85ed-77374a2ee0a6,org/junit/Assert.java,assertEquals
3d052f41-bc8a-447e-85ed-77374a2ee0a6,304d82b6-feaf-4c6b-9d66-9d426991da6e,b781acba-b30f-4758-9656-a11aeb2a0661,->,3d052f41-bc8a-447e-85ed-77374a2ee0a6,4ade0b33-0cdf-492b-a717-e58b4e4ab44f,a44b38e0-a3f5-4226-827b-253d21e564d9
3d052f41-bc8a-447e-85ed-77374a2ee0a6,304d82b6-feaf-4c6b-9d66-9d426991da6e,b781acba-b30f-4758-9656-a11aeb2a0661,->,3d052f41-bc8a-447e-85ed-77374a2ee0a6,arcanoid/model/Ball.java,speed
3d052f41-bc8a-447e-85ed-77374a2ee0a6,304d82b6-feaf-4c6b-9d66-9d426991da6e,b781acba-b30f-4758-9656-a11aeb2a0661,->,3d052f41-bc8a-447e-85ed-77374a2ee0a6,org/junit/Assert.java,assertEquals
3d052f41-bc8a-447e-85ed-77374a2ee0a6,304d82b6-feaf-4c6b-9d66-9d426991da6e,b781acba-b30f-4758-9656-a11aeb2a0661,->,3d052f41-bc8a-447e-85ed-77374a2ee0a6,arcanoid/collision/BallsCollision.java,stop
3d052f41-bc8a-447e-85ed-77374a2ee0a6,3bb40854-cbbb-4c7a-b8dd-b50e128195b9,bff97852-1bdf-49d2-8af1-8d6b784f7d53,->,3d052f41-bc8a-447e-85ed-77374a2ee0a6,java/io/PrintStream.java,println
3d052f41-bc8a-447e-85ed-77374a2ee0a6,3bb40854-cbbb-4c7a-b8dd-b50e128195b9,bff97852-1bdf-49d2-8af1-8d6b784f7d53,->,3d052f41-bc8a-447e-85ed-77374a2ee0a6,45f3f477-972a-45f4-afe7-46a8d6559163,92bbb530-a2d1-4aac-8479-bf1e1069c78c
3d052f41-bc8a-447e-85ed-77374a2ee0a6,3bb40854-cbbb-4c7a-b8dd-b50e128195b9,bff97852-1bdf-49d2-8af1-8d6b784f7d53,->,3d052f41-bc8a-447e-85ed-77374a2ee0a6,45f3f477-972a-45f4-afe7-46a8d6559163,c0e6eac3-b0e5-456e-be1f-d9cd855970ae
3d052f41-bc8a-447e-85ed-77374a2ee0a6,3bb40854-cbbb-4c7a-b8dd-b50e128195b9,bff97852-1bdf-49d2-8af1-8d6b784f7d53,->,3d052f41-bc8a-447e-85ed-77374a2ee0a6,45f3f477-972a-45f4-afe7-46a8d6559163,e3e4b423-f5c6-46c8-b2a1-d77c335ddb2f
3d052f41-bc8a-447e-85ed-77374a2ee0a6,3bb40854-cbbb-4c7a-b8dd-b50e128195b9,bff97852-1bdf-49d2-8af1-8d6b784f7d53,->,3d052f41-bc8a-447e-85ed-77374a2ee0a6,45f3f477-972a-45f4-afe7-46a8d6559163,80331849-601c-4667-b0ca-1871cafd9a61
3d052f41-bc8a-447e-85ed-77374a2ee0a6,3bb40854-cbbb-4c7a-b8dd-b50e128195b9,bff97852-1bdf-49d2-8af1-8d6b784f7d53,->,3d052f41-bc8a-447e-85ed-77374a2ee0a6,com/golden/gamedev/GameLoader.java,setup
3d052f41-bc8a-447e-85ed-77374a2ee0a6,3bb40854-cbbb-4c7a-b8dd-b50e128195b9,bff97852-1bdf-49d2-8af1-8d6b784f7d53,->,3d052f41-bc8a-447e-85ed-77374a2ee0a6,com/golden/gamedev/GameLoader.java,start
3d052f41-bc8a-447e-85ed-77374a2ee0a6,3bb40854-cbbb-4c7a-b8dd-b50e128195b9,322316f2-866f-4bb2-b95c-71406c1a9d32,->,3d052f41-bc8a-447e-85ed-77374a2ee0a6,java/io/PrintStream.java,println
3d052f41-bc8a-447e-85ed-77374a2ee0a6,3bb40854-cbbb-4c7a-b8dd-b50e128195b9,322316f2-866f-4bb2-b95c-71406c1a9d32,->,3d052f41-bc8a-447e-85ed-77374a2ee0a6,45f3f477-972a-45f4-afe7-46a8d6559163,92bbb530-a2d1-4aac-8479-bf1e1069c78c
3d052f41-bc8a-447e-85ed-77374a2ee0a6,3bb40854-cbbb-4c7a-b8dd-b50e128195b9,322316f2-866f-4bb2-b95c-71406c1a9d32,->,3d052f41-bc8a-447e-85ed-77374a2ee0a6,45f3f477-972a-45f4-afe7-46a8d6559163,c0e6eac3-b0e5-456e-be1f-d9cd855970ae
3d052f41-bc8a-447e-85ed-77374a2ee0a6,3bb40854-cbbb-4c7a-b8dd-b50e128195b9,322316f2-866f-4bb2-b95c-71406c1a9d32,->,3d052f41-bc8a-447e-85ed-77374a2ee0a6,45f3f477-972a-45f4-afe7-46a8d6559163,e3e4b423-f5c6-46c8-b2a1-d77c335ddb2f
3d052f41-bc8a-447e-85ed-77374a2ee0a6,3bb40854-cbbb-4c7a-b8dd-b50e128195b9,322316f2-866f-4bb2-b95c-71406c1a9d32,->,3d052f41-bc8a-447e-85ed-77374a2ee0a6,45f3f477-972a-45f4-afe7-46a8d6559163,80331849-601c-4667-b0ca-1871cafd9a61
3d052f41-bc8a-447e-85ed-77374a2ee0a6,3bb40854-cbbb-4c7a-b8dd-b50e128195b9,322316f2-866f-4bb2-b95c-71406c1a9d32,->,3d052f41-bc8a-447e-85ed-77374a2ee0a6,com/golden/gamedev/GameLoader.java,setup
3d052f41-bc8a-447e-85ed-77374a2ee0a6,3bb40854-cbbb-4c7a-b8dd-b50e128195b9,322316f2-866f-4bb2-b95c-71406c1a9d32,->,3d052f41-bc8a-447e-85ed-77374a2ee0a6,com/golden/gamedev/GameLoader.java,start
3d052f41-bc8a-447e-85ed-77374a2ee0a6,3bb40854-cbbb-4c7a-b8dd-b50e128195b9,bc464e18-3a81-4f84-9e54-4d661159a19a,->,3d052f41-bc8a-447e-85ed-77374a2ee0a6,java/io/PrintStream.java,println
3d052f41-bc8a-447e-85ed-77374a2ee0a6,3bb40854-cbbb-4c7a-b8dd-b50e128195b9,bc464e18-3a81-4f84-9e54-4d661159a19a,->,3d052f41-bc8a-447e-85ed-77374a2ee0a6,58ffab2f-683f-426c-a364-55a1ae5b3ab7,5129d52d-3cb7-48f6-a564-aeefc808e0ad
3d052f41-bc8a-447e-85ed-77374a2ee0a6,3bb40854-cbbb-4c7a-b8dd-b50e128195b9,bc464e18-3a81-4f84-9e54-4d661159a19a,->,3d052f41-bc8a-447e-85ed-77374a2ee0a6,58ffab2f-683f-426c-a364-55a1ae5b3ab7,36dd4286-0f4e-4ece-9726-4a20680e1458
3d052f41-bc8a-447e-85ed-77374a2ee0a6,3bb40854-cbbb-4c7a-b8dd-b50e128195b9,bc464e18-3a81-4f84-9e54-4d661159a19a,->,3d052f41-bc8a-447e-85ed-77374a2ee0a6,58ffab2f-683f-426c-a364-55a1ae5b3ab7,d868e71f-5076-4487-890b-ce73692d53c6
3d052f41-bc8a-447e-85ed-77374a2ee0a6,3bb40854-cbbb-4c7a-b8dd-b50e128195b9,bc464e18-3a81-4f84-9e54-4d661159a19a,->,3d052f41-bc8a-447e-85ed-77374a2ee0a6,58ffab2f-683f-426c-a364-55a1ae5b3ab7,12948e5a-1f29-409d-9ec6-6d65c32ad834
3d052f41-bc8a-447e-85ed-77374a2ee0a6,3bb40854-cbbb-4c7a-b8dd-b50e128195b9,bc464e18-3a81-4f84-9e54-4d661159a19a,->,3d052f41-bc8a-447e-85ed-77374a2ee0a6,com/golden/gamedev/GameLoader.java,setup
3d052f41-bc8a-447e-85ed-77374a2ee0a6,3bb40854-cbbb-4c7a-b8dd-b50e128195b9,bc464e18-3a81-4f84-9e54-4d661159a19a,->,3d052f41-bc8a-447e-85ed-77374a2ee0a6,com/golden/gamedev/GameLoader.java,start
3d052f41-bc8a-447e-85ed-77374a2ee0a6,3bb40854-cbbb-4c7a-b8dd-b50e128195b9,84f0da5c-da28-4b2e-bf99-8f9c3300b296,->,3d052f41-bc8a-447e-85ed-77374a2ee0a6,java/io/PrintStream.java,println
3d052f41-bc8a-447e-85ed-77374a2ee0a6,3bb40854-cbbb-4c7a-b8dd-b50e128195b9,84f0da5c-da28-4b2e-bf99-8f9c3300b296,->,3d052f41-bc8a-447e-85ed-77374a2ee0a6,58ffab2f-683f-426c-a364-55a1ae5b3ab7,5129d52d-3cb7-48f6-a564-aeefc808e0ad
3d052f41-bc8a-447e-85ed-77374a2ee0a6,3bb40854-cbbb-4c7a-b8dd-b50e128195b9,84f0da5c-da28-4b2e-bf99-8f9c3300b296,->,3d052f41-bc8a-447e-85ed-77374a2ee0a6,58ffab2f-683f-426c-a364-55a1ae5b3ab7,36dd4286-0f4e-4ece-9726-4a20680e1458
3d052f41-bc8a-447e-85ed-77374a2ee0a6,3bb40854-cbbb-4c7a-b8dd-b50e128195b9,84f0da5c-da28-4b2e-bf99-8f9c3300b296,->,3d052f41-bc8a-447e-85ed-77374a2ee0a6,58ffab2f-683f-426c-a364-55a1ae5b3ab7,d868e71f-5076-4487-890b-ce73692d53c6
3d052f41-bc8a-447e-85ed-77374a2ee0a6,3bb40854-cbbb-4c7a-b8dd-b50e128195b9,84f0da5c-da28-4b2e-bf99-8f9c3300b296,->,3d052f41-bc8a-447e-85ed-77374a2ee0a6,58ffab2f-683f-426c-a364-55a1ae5b3ab7,12948e5a-1f29-409d-9ec6-6d65c32ad834
3d052f41-bc8a-447e-85ed-77374a2ee0a6,3bb40854-cbbb-4c7a-b8dd-b50e128195b9,84f0da5c-da28-4b2e-bf99-8f9c3300b296,->,3d052f41-bc8a-447e-85ed-77374a2ee0a6,com/golden/gamedev/GameLoader.java,setup
3d052f41-bc8a-447e-85ed-77374a2ee0a6,3bb40854-cbbb-4c7a-b8dd-b50e128195b9,84f0da5c-da28-4b2e-bf99-8f9c3300b296,->,3d052f41-bc8a-447e-85ed-77374a2ee0a6,com/golden/gamedev/GameLoader.java,start
3d052f41-bc8a-447e-85ed-77374a2ee0a6,3bb40854-cbbb-4c7a-b8dd-b50e128195b9,b48aa9e6-e1d5-4a9b-aee5-bb0c16991933,->,3d052f41-bc8a-447e-85ed-77374a2ee0a6,java/io/PrintStream.java,println
3d052f41-bc8a-447e-85ed-77374a2ee0a6,3bb40854-cbbb-4c7a-b8dd-b50e128195b9,b48aa9e6-e1d5-4a9b-aee5-bb0c16991933,->,3d052f41-bc8a-447e-85ed-77374a2ee0a6,58ffab2f-683f-426c-a364-55a1ae5b3ab7,5129d52d-3cb7-48f6-a564-aeefc808e0ad
3d052f41-bc8a-447e-85ed-77374a2ee0a6,3bb40854-cbbb-4c7a-b8dd-b50e128195b9,b48aa9e6-e1d5-4a9b-aee5-bb0c16991933,->,3d052f41-bc8a-447e-85ed-77374a2ee0a6,58ffab2f-683f-426c-a364-55a1ae5b3ab7,36dd4286-0f4e-4ece-9726-4a20680e1458
3d052f41-bc8a-447e-85ed-77374a2ee0a6,3bb40854-cbbb-4c7a-b8dd-b50e128195b9,b48aa9e6-e1d5-4a9b-aee5-bb0c16991933,->,3d052f41-bc8a-447e-85ed-77374a2ee0a6,58ffab2f-683f-426c-a364-55a1ae5b3ab7,d868e71f-5076-4487-890b-ce73692d53c6
3d052f41-bc8a-447e-85ed-77374a2ee0a6,3bb40854-cbbb-4c7a-b8dd-b50e128195b9,b48aa9e6-e1d5-4a9b-aee5-bb0c16991933,->,3d052f41-bc8a-447e-85ed-77374a2ee0a6,58ffab2f-683f-426c-a364-55a1ae5b3ab7,12948e5a-1f29-409d-9ec6-6d65c32ad834
3d052f41-bc8a-447e-85ed-77374a2ee0a6,3bb40854-cbbb-4c7a-b8dd-b50e128195b9,b48aa9e6-e1d5-4a9b-aee5-bb0c16991933,->,3d052f41-bc8a-447e-85ed-77374a2ee0a6,com/golden/gamedev/GameLoader.java,setup
3d052f41-bc8a-447e-85ed-77374a2ee0a6,3bb40854-cbbb-4c7a-b8dd-b50e128195b9,b48aa9e6-e1d5-4a9b-aee5-bb0c16991933,->,3d052f41-bc8a-447e-85ed-77374a2ee0a6,com/golden/gamedev/GameLoader.java,start
3d052f41-bc8a-447e-85ed-77374a2ee0a6,3bb40854-cbbb-4c7a-b8dd-b50e128195b9,77c4edb2-1d8c-440a-9ca4-4118b8d7a93a,->,3d052f41-bc8a-447e-85ed-77374a2ee0a6,java/io/PrintStream.java,println
3d052f41-bc8a-447e-85ed-77374a2ee0a6,3bb40854-cbbb-4c7a-b8dd-b50e128195b9,77c4edb2-1d8c-440a-9ca4-4118b8d7a93a,->,3d052f41-bc8a-447e-85ed-77374a2ee0a6,58ffab2f-683f-426c-a364-55a1ae5b3ab7,5129d52d-3cb7-48f6-a564-aeefc808e0ad
3d052f41-bc8a-447e-85ed-77374a2ee0a6,3bb40854-cbbb-4c7a-b8dd-b50e128195b9,77c4edb2-1d8c-440a-9ca4-4118b8d7a93a,->,3d052f41-bc8a-447e-85ed-77374a2ee0a6,58ffab2f-683f-426c-a364-55a1ae5b3ab7,36dd4286-0f4e-4ece-9726-4a20680e1458
3d052f41-bc8a-447e-85ed-77374a2ee0a6,3bb40854-cbbb-4c7a-b8dd-b50e128195b9,77c4edb2-1d8c-440a-9ca4-4118b8d7a93a,->,3d052f41-bc8a-447e-85ed-77374a2ee0a6,58ffab2f-683f-426c-a364-55a1ae5b3ab7,d868e71f-5076-4487-890b-ce73692d53c6
3d052f41-bc8a-447e-85ed-77374a2ee0a6,3bb40854-cbbb-4c7a-b8dd-b50e128195b9,77c4edb2-1d8c-440a-9ca4-4118b8d7a93a,->,3d052f41-bc8a-447e-85ed-77374a2ee0a6,58ffab2f-683f-426c-a364-55a1ae5b3ab7,12948e5a-1f29-409d-9ec6-6d65c32ad834
3d052f41-bc8a-447e-85ed-77374a2ee0a6,3bb40854-cbbb-4c7a-b8dd-b50e128195b9,77c4edb2-1d8c-440a-9ca4-4118b8d7a93a,->,3d052f41-bc8a-447e-85ed-77374a2ee0a6,com/golden/gamedev/GameLoader.java,setup
3d052f41-bc8a-447e-85ed-77374a2ee0a6,3bb40854-cbbb-4c7a-b8dd-b50e128195b9,77c4edb2-1d8c-440a-9ca4-4118b8d7a93a,->,3d052f41-bc8a-447e-85ed-77374a2ee0a6,com/golden/gamedev/GameLoader.java,start
3d052f41-bc8a-447e-85ed-77374a2ee0a6,3bb40854-cbbb-4c7a-b8dd-b50e128195b9,981500df-e964-4869-b7ed-07669e1e77e7,->,3d052f41-bc8a-447e-85ed-77374a2ee0a6,java/io/PrintStream.java,println
3d052f41-bc8a-447e-85ed-77374a2ee0a6,3bb40854-cbbb-4c7a-b8dd-b50e128195b9,981500df-e964-4869-b7ed-07669e1e77e7,->,3d052f41-bc8a-447e-85ed-77374a2ee0a6,58ffab2f-683f-426c-a364-55a1ae5b3ab7,5129d52d-3cb7-48f6-a564-aeefc808e0ad
3d052f41-bc8a-447e-85ed-77374a2ee0a6,3bb40854-cbbb-4c7a-b8dd-b50e128195b9,981500df-e964-4869-b7ed-07669e1e77e7,->,3d052f41-bc8a-447e-85ed-77374a2ee0a6,58ffab2f-683f-426c-a364-55a1ae5b3ab7,36dd4286-0f4e-4ece-9726-4a20680e1458
3d052f41-bc8a-447e-85ed-77374a2ee0a6,3bb40854-cbbb-4c7a-b8dd-b50e128195b9,981500df-e964-4869-b7ed-07669e1e77e7,->,3d052f41-bc8a-447e-85ed-77374a2ee0a6,58ffab2f-683f-426c-a364-55a1ae5b3ab7,d868e71f-5076-4487-890b-ce73692d53c6
3d052f41-bc8a-447e-85ed-77374a2ee0a6,3bb40854-cbbb-4c7a-b8dd-b50e128195b9,981500df-e964-4869-b7ed-07669e1e77e7,->,3d052f41-bc8a-447e-85ed-77374a2ee0a6,58ffab2f-683f-426c-a364-55a1ae5b3ab7,12948e5a-1f29-409d-9ec6-6d65c32ad834
3d052f41-bc8a-447e-85ed-77374a2ee0a6,3bb40854-cbbb-4c7a-b8dd-b50e128195b9,981500df-e964-4869-b7ed-07669e1e77e7,->,3d052f41-bc8a-447e-85ed-77374a2ee0a6,com/golden/gamedev/GameLoader.java,setup
3d052f41-bc8a-447e-85ed-77374a2ee0a6,3bb40854-cbbb-4c7a-b8dd-b50e128195b9,981500df-e964-4869-b7ed-07669e1e77e7,->,3d052f41-bc8a-447e-85ed-77374a2ee0a6,com/golden/gamedev/GameLoader.java,start
3d052f41-bc8a-447e-85ed-77374a2ee0a6,3bb40854-cbbb-4c7a-b8dd-b50e128195b9,474770c9-bd75-4803-b501-498c93d7689f,->,3d052f41-bc8a-447e-85ed-77374a2ee0a6,java/io/PrintStream.java,println
3d052f41-bc8a-447e-85ed-77374a2ee0a6,3bb40854-cbbb-4c7a-b8dd-b50e128195b9,474770c9-bd75-4803-b501-498c93d7689f,->,3d052f41-bc8a-447e-85ed-77374a2ee0a6,58ffab2f-683f-426c-a364-55a1ae5b3ab7,5129d52d-3cb7-48f6-a564-aeefc808e0ad
3d052f41-bc8a-447e-85ed-77374a2ee0a6,3bb40854-cbbb-4c7a-b8dd-b50e128195b9,474770c9-bd75-4803-b501-498c93d7689f,->,3d052f41-bc8a-447e-85ed-77374a2ee0a6,58ffab2f-683f-426c-a364-55a1ae5b3ab7,36dd4286-0f4e-4ece-9726-4a20680e1458
3d052f41-bc8a-447e-85ed-77374a2ee0a6,3bb40854-cbbb-4c7a-b8dd-b50e128195b9,474770c9-bd75-4803-b501-498c93d7689f,->,3d052f41-bc8a-447e-85ed-77374a2ee0a6,58ffab2f-683f-426c-a364-55a1ae5b3ab7,d868e71f-5076-4487-890b-ce73692d53c6
3d052f41-bc8a-447e-85ed-77374a2ee0a6,3bb40854-cbbb-4c7a-b8dd-b50e128195b9,474770c9-bd75-4803-b501-498c93d7689f,->,3d052f41-bc8a-447e-85ed-77374a2ee0a6,58ffab2f-683f-426c-a364-55a1ae5b3ab7,12948e5a-1f29-409d-9ec6-6d65c32ad834
3d052f41-bc8a-447e-85ed-77374a2ee0a6,3bb40854-cbbb-4c7a-b8dd-b50e128195b9,474770c9-bd75-4803-b501-498c93d7689f,->,3d052f41-bc8a-447e-85ed-77374a2ee0a6,com/golden/gamedev/GameLoader.java,setup
3d052f41-bc8a-447e-85ed-77374a2ee0a6,3bb40854-cbbb-4c7a-b8dd-b50e128195b9,474770c9-bd75-4803-b501-498c93d7689f,->,3d052f41-bc8a-447e-85ed-77374a2ee0a6,com/golden/gamedev/GameLoader.java,start
3d052f41-bc8a-447e-85ed-77374a2ee0a6,3bb40854-cbbb-4c7a-b8dd-b50e128195b9,2e386f17-b3e1-438e-bb9f-56ebab26abc5,->,3d052f41-bc8a-447e-85ed-77374a2ee0a6,java/io/PrintStream.java,println
3d052f41-bc8a-447e-85ed-77374a2ee0a6,3bb40854-cbbb-4c7a-b8dd-b50e128195b9,2e386f17-b3e1-438e-bb9f-56ebab26abc5,->,3d052f41-bc8a-447e-85ed-77374a2ee0a6,58ffab2f-683f-426c-a364-55a1ae5b3ab7,5129d52d-3cb7-48f6-a564-aeefc808e0ad
3d052f41-bc8a-447e-85ed-77374a2ee0a6,3bb40854-cbbb-4c7a-b8dd-b50e128195b9,2e386f17-b3e1-438e-bb9f-56ebab26abc5,->,3d052f41-bc8a-447e-85ed-77374a2ee0a6,58ffab2f-683f-426c-a364-55a1ae5b3ab7,36dd4286-0f4e-4ece-9726-4a20680e1458
3d052f41-bc8a-447e-85ed-77374a2ee0a6,3bb40854-cbbb-4c7a-b8dd-b50e128195b9,2e386f17-b3e1-438e-bb9f-56ebab26abc5,->,3d052f41-bc8a-447e-85ed-77374a2ee0a6,58ffab2f-683f-426c-a364-55a1ae5b3ab7,d868e71f-5076-4487-890b-ce73692d53c6
3d052f41-bc8a-447e-85ed-77374a2ee0a6,3bb40854-cbbb-4c7a-b8dd-b50e128195b9,2e386f17-b3e1-438e-bb9f-56ebab26abc5,->,3d052f41-bc8a-447e-85ed-77374a2ee0a6,58ffab2f-683f-426c-a364-55a1ae5b3ab7,12948e5a-1f29-409d-9ec6-6d65c32ad834
3d052f41-bc8a-447e-85ed-77374a2ee0a6,3bb40854-cbbb-4c7a-b8dd-b50e128195b9,2e386f17-b3e1-438e-bb9f-56ebab26abc5,->,3d052f41-bc8a-447e-85ed-77374a2ee0a6,com/golden/gamedev/GameLoader.java,setup
3d052f41-bc8a-447e-85ed-77374a2ee0a6,3bb40854-cbbb-4c7a-b8dd-b50e128195b9,2e386f17-b3e1-438e-bb9f-56ebab26abc5,->,3d052f41-bc8a-447e-85ed-77374a2ee0a6,com/golden/gamedev/GameLoader.java,start
3d052f41-bc8a-447e-85ed-77374a2ee0a6,3bb40854-cbbb-4c7a-b8dd-b50e128195b9,1aa96efe-895e-450f-8125-fbea48dcebec,->,3d052f41-bc8a-447e-85ed-77374a2ee0a6,java/io/PrintStream.java,println
3d052f41-bc8a-447e-85ed-77374a2ee0a6,3bb40854-cbbb-4c7a-b8dd-b50e128195b9,1aa96efe-895e-450f-8125-fbea48dcebec,->,3d052f41-bc8a-447e-85ed-77374a2ee0a6,com/golden/gamedev/GameLoader.java,setup
3d052f41-bc8a-447e-85ed-77374a2ee0a6,3bb40854-cbbb-4c7a-b8dd-b50e128195b9,1aa96efe-895e-450f-8125-fbea48dcebec,->,3d052f41-bc8a-447e-85ed-77374a2ee0a6,com/golden/gamedev/GameLoader.java,start
3d052f41-bc8a-447e-85ed-77374a2ee0a6,3bb40854-cbbb-4c7a-b8dd-b50e128195b9,5de0e7fc-d60a-4ce9-98c1-ea5272ea563f,->,3d052f41-bc8a-447e-85ed-77374a2ee0a6,java/io/PrintStream.java,println
3d052f41-bc8a-447e-85ed-77374a2ee0a6,3bb40854-cbbb-4c7a-b8dd-b50e128195b9,5de0e7fc-d60a-4ce9-98c1-ea5272ea563f,->,3d052f41-bc8a-447e-85ed-77374a2ee0a6,304d82b6-feaf-4c6b-9d66-9d426991da6e,b9a22c2b-f29b-4adb-bbd0-2ad9b8652a23
3d052f41-bc8a-447e-85ed-77374a2ee0a6,3bb40854-cbbb-4c7a-b8dd-b50e128195b9,5de0e7fc-d60a-4ce9-98c1-ea5272ea563f,->,3d052f41-bc8a-447e-85ed-77374a2ee0a6,304d82b6-feaf-4c6b-9d66-9d426991da6e,bf53a736-35bd-4810-b1f9-bc6584d562c7
3d052f41-bc8a-447e-85ed-77374a2ee0a6,3bb40854-cbbb-4c7a-b8dd-b50e128195b9,5de0e7fc-d60a-4ce9-98c1-ea5272ea563f,->,3d052f41-bc8a-447e-85ed-77374a2ee0a6,304d82b6-feaf-4c6b-9d66-9d426991da6e,8cd62f9d-d093-404c-b007-446be65f1cf7
3d052f41-bc8a-447e-85ed-77374a2ee0a6,3bb40854-cbbb-4c7a-b8dd-b50e128195b9,5de0e7fc-d60a-4ce9-98c1-ea5272ea563f,->,3d052f41-bc8a-447e-85ed-77374a2ee0a6,304d82b6-feaf-4c6b-9d66-9d426991da6e,a798e914-1423-4586-82df-957a2b4d50d6
3d052f41-bc8a-447e-85ed-77374a2ee0a6,3bb40854-cbbb-4c7a-b8dd-b50e128195b9,5de0e7fc-d60a-4ce9-98c1-ea5272ea563f,->,3d052f41-bc8a-447e-85ed-77374a2ee0a6,304d82b6-feaf-4c6b-9d66-9d426991da6e,c79a0c1f-2368-44a4-ba69-cddd13bed84c
3d052f41-bc8a-447e-85ed-77374a2ee0a6,3bb40854-cbbb-4c7a-b8dd-b50e128195b9,5de0e7fc-d60a-4ce9-98c1-ea5272ea563f,->,3d052f41-bc8a-447e-85ed-77374a2ee0a6,304d82b6-feaf-4c6b-9d66-9d426991da6e,c77f0a54-afb6-4f24-815a-4a4a0d8fe003
3d052f41-bc8a-447e-85ed-77374a2ee0a6,3bb40854-cbbb-4c7a-b8dd-b50e128195b9,5de0e7fc-d60a-4ce9-98c1-ea5272ea563f,->,3d052f41-bc8a-447e-85ed-77374a2ee0a6,304d82b6-feaf-4c6b-9d66-9d426991da6e,bc33b62a-eca0-4f0f-83e1-71a17ac6d190
3d052f41-bc8a-447e-85ed-77374a2ee0a6,3bb40854-cbbb-4c7a-b8dd-b50e128195b9,5de0e7fc-d60a-4ce9-98c1-ea5272ea563f,->,3d052f41-bc8a-447e-85ed-77374a2ee0a6,304d82b6-feaf-4c6b-9d66-9d426991da6e,f818a8d4-fed1-46cd-9b34-7ee9b0c7b23c
3d052f41-bc8a-447e-85ed-77374a2ee0a6,3bb40854-cbbb-4c7a-b8dd-b50e128195b9,5de0e7fc-d60a-4ce9-98c1-ea5272ea563f,->,3d052f41-bc8a-447e-85ed-77374a2ee0a6,304d82b6-feaf-4c6b-9d66-9d426991da6e,9033affe-d166-470c-8d39-e35d2754bc06
3d052f41-bc8a-447e-85ed-77374a2ee0a6,3bb40854-cbbb-4c7a-b8dd-b50e128195b9,5de0e7fc-d60a-4ce9-98c1-ea5272ea563f,->,3d052f41-bc8a-447e-85ed-77374a2ee0a6,com/golden/gamedev/GameLoader.java,setup
3d052f41-bc8a-447e-85ed-77374a2ee0a6,3bb40854-cbbb-4c7a-b8dd-b50e128195b9,5de0e7fc-d60a-4ce9-98c1-ea5272ea563f,->,3d052f41-bc8a-447e-85ed-77374a2ee0a6,com/golden/gamedev/GameLoader.java,start
3d052f41-bc8a-447e-85ed-77374a2ee0a6,3bb40854-cbbb-4c7a-b8dd-b50e128195b9,a6121f13-f732-4e55-aed0-6d2dda81888d,->,3d052f41-bc8a-447e-85ed-77374a2ee0a6,java/io/PrintStream.java,println
3d052f41-bc8a-447e-85ed-77374a2ee0a6,3bb40854-cbbb-4c7a-b8dd-b50e128195b9,a6121f13-f732-4e55-aed0-6d2dda81888d,->,3d052f41-bc8a-447e-85ed-77374a2ee0a6,304d82b6-feaf-4c6b-9d66-9d426991da6e,b9a22c2b-f29b-4adb-bbd0-2ad9b8652a23
3d052f41-bc8a-447e-85ed-77374a2ee0a6,3bb40854-cbbb-4c7a-b8dd-b50e128195b9,a6121f13-f732-4e55-aed0-6d2dda81888d,->,3d052f41-bc8a-447e-85ed-77374a2ee0a6,304d82b6-feaf-4c6b-9d66-9d426991da6e,bf53a736-35bd-4810-b1f9-bc6584d562c7
3d052f41-bc8a-447e-85ed-77374a2ee0a6,3bb40854-cbbb-4c7a-b8dd-b50e128195b9,a6121f13-f732-4e55-aed0-6d2dda81888d,->,3d052f41-bc8a-447e-85ed-77374a2ee0a6,304d82b6-feaf-4c6b-9d66-9d426991da6e,8cd62f9d-d093-404c-b007-446be65f1cf7
3d052f41-bc8a-447e-85ed-77374a2ee0a6,3bb40854-cbbb-4c7a-b8dd-b50e128195b9,a6121f13-f732-4e55-aed0-6d2dda81888d,->,3d052f41-bc8a-447e-85ed-77374a2ee0a6,304d82b6-feaf-4c6b-9d66-9d426991da6e,a798e914-1423-4586-82df-957a2b4d50d6
3d052f41-bc8a-447e-85ed-77374a2ee0a6,3bb40854-cbbb-4c7a-b8dd-b50e128195b9,a6121f13-f732-4e55-aed0-6d2dda81888d,->,3d052f41-bc8a-447e-85ed-77374a2ee0a6,304d82b6-feaf-4c6b-9d66-9d426991da6e,c79a0c1f-2368-44a4-ba69-cddd13bed84c
3d052f41-bc8a-447e-85ed-77374a2ee0a6,3bb40854-cbbb-4c7a-b8dd-b50e128195b9,a6121f13-f732-4e55-aed0-6d2dda81888d,->,3d052f41-bc8a-447e-85ed-77374a2ee0a6,304d82b6-feaf-4c6b-9d66-9d426991da6e,c77f0a54-afb6-4f24-815a-4a4a0d8fe003
3d052f41-bc8a-447e-85ed-77374a2ee0a6,3bb40854-cbbb-4c7a-b8dd-b50e128195b9,a6121f13-f732-4e55-aed0-6d2dda81888d,->,3d052f41-bc8a-447e-85ed-77374a2ee0a6,304d82b6-feaf-4c6b-9d66-9d426991da6e,bc33b62a-eca0-4f0f-83e1-71a17ac6d190
3d052f41-bc8a-447e-85ed-77374a2ee0a6,3bb40854-cbbb-4c7a-b8dd-b50e128195b9,a6121f13-f732-4e55-aed0-6d2dda81888d,->,3d052f41-bc8a-447e-85ed-77374a2ee0a6,304d82b6-feaf-4c6b-9d66-9d426991da6e,f818a8d4-fed1-46cd-9b34-7ee9b0c7b23c
3d052f41-bc8a-447e-85ed-77374a2ee0a6,3bb40854-cbbb-4c7a-b8dd-b50e128195b9,a6121f13-f732-4e55-aed0-6d2dda81888d,->,3d052f41-bc8a-447e-85ed-77374a2ee0a6,304d82b6-feaf-4c6b-9d66-9d426991da6e,9033affe-d166-470c-8d39-e35d2754bc06
3d052f41-bc8a-447e-85ed-77374a2ee0a6,3bb40854-cbbb-4c7a-b8dd-b50e128195b9,a6121f13-f732-4e55-aed0-6d2dda81888d,->,3d052f41-bc8a-447e-85ed-77374a2ee0a6,com/golden/gamedev/GameLoader.java,setup
3d052f41-bc8a-447e-85ed-77374a2ee0a6,3bb40854-cbbb-4c7a-b8dd-b50e128195b9,a6121f13-f732-4e55-aed0-6d2dda81888d,->,3d052f41-bc8a-447e-85ed-77374a2ee0a6,com/golden/gamedev/GameLoader.java,start
3d052f41-bc8a-447e-85ed-77374a2ee0a6,3bb40854-cbbb-4c7a-b8dd-b50e128195b9,adbd6c5c-a3f0-47fc-acc6-bc38070887fc,->,3d052f41-bc8a-447e-85ed-77374a2ee0a6,java/io/PrintStream.java,println
3d052f41-bc8a-447e-85ed-77374a2ee0a6,3bb40854-cbbb-4c7a-b8dd-b50e128195b9,adbd6c5c-a3f0-47fc-acc6-bc38070887fc,->,3d052f41-bc8a-447e-85ed-77374a2ee0a6,304d82b6-feaf-4c6b-9d66-9d426991da6e,b9a22c2b-f29b-4adb-bbd0-2ad9b8652a23
3d052f41-bc8a-447e-85ed-77374a2ee0a6,3bb40854-cbbb-4c7a-b8dd-b50e128195b9,adbd6c5c-a3f0-47fc-acc6-bc38070887fc,->,3d052f41-bc8a-447e-85ed-77374a2ee0a6,304d82b6-feaf-4c6b-9d66-9d426991da6e,bf53a736-35bd-4810-b1f9-bc6584d562c7
3d052f41-bc8a-447e-85ed-77374a2ee0a6,3bb40854-cbbb-4c7a-b8dd-b50e128195b9,adbd6c5c-a3f0-47fc-acc6-bc38070887fc,->,3d052f41-bc8a-447e-85ed-77374a2ee0a6,304d82b6-feaf-4c6b-9d66-9d426991da6e,8cd62f9d-d093-404c-b007-446be65f1cf7
3d052f41-bc8a-447e-85ed-77374a2ee0a6,3bb40854-cbbb-4c7a-b8dd-b50e128195b9,adbd6c5c-a3f0-47fc-acc6-bc38070887fc,->,3d052f41-bc8a-447e-85ed-77374a2ee0a6,304d82b6-feaf-4c6b-9d66-9d426991da6e,a798e914-1423-4586-82df-957a2b4d50d6
3d052f41-bc8a-447e-85ed-77374a2ee0a6,3bb40854-cbbb-4c7a-b8dd-b50e128195b9,adbd6c5c-a3f0-47fc-acc6-bc38070887fc,->,3d052f41-bc8a-447e-85ed-77374a2ee0a6,304d82b6-feaf-4c6b-9d66-9d426991da6e,c79a0c1f-2368-44a4-ba69-cddd13bed84c
3d052f41-bc8a-447e-85ed-77374a2ee0a6,3bb40854-cbbb-4c7a-b8dd-b50e128195b9,adbd6c5c-a3f0-47fc-acc6-bc38070887fc,->,3d052f41-bc8a-447e-85ed-77374a2ee0a6,304d82b6-feaf-4c6b-9d66-9d426991da6e,c77f0a54-afb6-4f24-815a-4a4a0d8fe003
3d052f41-bc8a-447e-85ed-77374a2ee0a6,3bb40854-cbbb-4c7a-b8dd-b50e128195b9,adbd6c5c-a3f0-47fc-acc6-bc38070887fc,->,3d052f41-bc8a-447e-85ed-77374a2ee0a6,304d82b6-feaf-4c6b-9d66-9d426991da6e,bc33b62a-eca0-4f0f-83e1-71a17ac6d190
3d052f41-bc8a-447e-85ed-77374a2ee0a6,3bb40854-cbbb-4c7a-b8dd-b50e128195b9,adbd6c5c-a3f0-47fc-acc6-bc38070887fc,->,3d052f41-bc8a-447e-85ed-77374a2ee0a6,304d82b6-feaf-4c6b-9d66-9d426991da6e,f818a8d4-fed1-46cd-9b34-7ee9b0c7b23c
3d052f41-bc8a-447e-85ed-77374a2ee0a6,3bb40854-cbbb-4c7a-b8dd-b50e128195b9,adbd6c5c-a3f0-47fc-acc6-bc38070887fc,->,3d052f41-bc8a-447e-85ed-77374a2ee0a6,304d82b6-feaf-4c6b-9d66-9d426991da6e,9033affe-d166-470c-8d39-e35d2754bc06
3d052f41-bc8a-447e-85ed-77374a2ee0a6,3bb40854-cbbb-4c7a-b8dd-b50e128195b9,adbd6c5c-a3f0-47fc-acc6-bc38070887fc,->,3d052f41-bc8a-447e-85ed-77374a2ee0a6,com/golden/gamedev/GameLoader.java,setup
3d052f41-bc8a-447e-85ed-77374a2ee0a6,3bb40854-cbbb-4c7a-b8dd-b50e128195b9,adbd6c5c-a3f0-47fc-acc6-bc38070887fc,->,3d052f41-bc8a-447e-85ed-77374a2ee0a6,com/golden/gamedev/GameLoader.java,start
3d052f41-bc8a-447e-85ed-77374a2ee0a6,45f3f477-972a-45f4-afe7-46a8d6559163,eb078c9f-2033-43e2-8640-321eca090676,->,3d052f41-bc8a-447e-85ed-77374a2ee0a6,arcanoid/collision/RacketCollisions.java,getImage
3d052f41-bc8a-447e-85ed-77374a2ee0a6,45f3f477-972a-45f4-afe7-46a8d6559163,eb078c9f-2033-43e2-8640-321eca090676,->,3d052f41-bc8a-447e-85ed-77374a2ee0a6,arcanoid/collision/RacketCollisions.java,getImage
3d052f41-bc8a-447e-85ed-77374a2ee0a6,45f3f477-972a-45f4-afe7-46a8d6559163,eb078c9f-2033-43e2-8640-321eca090676,->,3d052f41-bc8a-447e-85ed-77374a2ee0a6,fb0844c9-e20e-4291-b8f1-ccfabe9e7077,4d9810ff-57c8-4f7d-94ed-7ff2cd9f814a
3d052f41-bc8a-447e-85ed-77374a2ee0a6,45f3f477-972a-45f4-afe7-46a8d6559163,eb078c9f-2033-43e2-8640-321eca090676,->,3d052f41-bc8a-447e-85ed-77374a2ee0a6,fb0844c9-e20e-4291-b8f1-ccfabe9e7077,4d9810ff-57c8-4f7d-94ed-7ff2cd9f814a
3d052f41-bc8a-447e-85ed-77374a2ee0a6,45f3f477-972a-45f4-afe7-46a8d6559163,eb078c9f-2033-43e2-8640-321eca090676,->,3d052f41-bc8a-447e-85ed-77374a2ee0a6,arcanoid/model/Ball.java,addCollisionHandleEndListener
3d052f41-bc8a-447e-85ed-77374a2ee0a6,45f3f477-972a-45f4-afe7-46a8d6559163,eb078c9f-2033-43e2-8640-321eca090676,->,3d052f41-bc8a-447e-85ed-77374a2ee0a6,arcanoid/model/Ball.java,setSpeed
3d052f41-bc8a-447e-85ed-77374a2ee0a6,45f3f477-972a-45f4-afe7-46a8d6559163,eb078c9f-2033-43e2-8640-321eca090676,->,3d052f41-bc8a-447e-85ed-77374a2ee0a6,com/golden/gamedev/object/SpriteGroup.java,add
3d052f41-bc8a-447e-85ed-77374a2ee0a6,45f3f477-972a-45f4-afe7-46a8d6559163,eb078c9f-2033-43e2-8640-321eca090676,->,3d052f41-bc8a-447e-85ed-77374a2ee0a6,com/golden/gamedev/object/SpriteGroup.java,add
3d052f41-bc8a-447e-85ed-77374a2ee0a6,45f3f477-972a-45f4-afe7-46a8d6559163,eb078c9f-2033-43e2-8640-321eca090676,->,3d052f41-bc8a-447e-85ed-77374a2ee0a6,com/golden/gamedev/object/PlayField.java,addGroup
3d052f41-bc8a-447e-85ed-77374a2ee0a6,45f3f477-972a-45f4-afe7-46a8d6559163,eb078c9f-2033-43e2-8640-321eca090676,->,3d052f41-bc8a-447e-85ed-77374a2ee0a6,com/golden/gamedev/object/PlayField.java,addGroup
3d052f41-bc8a-447e-85ed-77374a2ee0a6,45f3f477-972a-45f4-afe7-46a8d6559163,eb078c9f-2033-43e2-8640-321eca090676,->,3d052f41-bc8a-447e-85ed-77374a2ee0a6,d921a1d4-40cd-439c-b664-93b7b55fa251,15fbca99-af5c-4aca-9a44-815993e88b24
3d052f41-bc8a-447e-85ed-77374a2ee0a6,45f3f477-972a-45f4-afe7-46a8d6559163,eb078c9f-2033-43e2-8640-321eca090676,->,3d052f41-bc8a-447e-85ed-77374a2ee0a6,40c3047f-5fb0-42a1-b59e-f12c59255a32,528e3a6b-242e-45c0-9e0d-b9b8acc7e5ea
3d052f41-bc8a-447e-85ed-77374a2ee0a6,45f3f477-972a-45f4-afe7-46a8d6559163,eb078c9f-2033-43e2-8640-321eca090676,->,3d052f41-bc8a-447e-85ed-77374a2ee0a6,com/golden/gamedev/object/PlayField.java,addCollisionGroup
3d052f41-bc8a-447e-85ed-77374a2ee0a6,45f3f477-972a-45f4-afe7-46a8d6559163,eb078c9f-2033-43e2-8640-321eca090676,->,3d052f41-bc8a-447e-85ed-77374a2ee0a6,e122d8a2-c2c4-42d7-88d1-ab6a3756ea3b,ad6cbddc-facc-4655-af45-3891e8d785ea
3d052f41-bc8a-447e-85ed-77374a2ee0a6,45f3f477-972a-45f4-afe7-46a8d6559163,eb078c9f-2033-43e2-8640-321eca090676,->,3d052f41-bc8a-447e-85ed-77374a2ee0a6,2d095ea2-ddbe-4d31-ad79-49c0d5d03ae8,7583128f-de0f-45aa-b566-e939a11e3f7a
3d052f41-bc8a-447e-85ed-77374a2ee0a6,45f3f477-972a-45f4-afe7-46a8d6559163,5a83b24c-e924-428d-9bd1-2bbcc0b74791,->,3d052f41-bc8a-447e-85ed-77374a2ee0a6,com/golden/gamedev/object/PlayField.java,update
3d052f41-bc8a-447e-85ed-77374a2ee0a6,45f3f477-972a-45f4-afe7-46a8d6559163,8d8a0dc9-4952-4730-b270-f3e42eef31b0,->,3d052f41-bc8a-447e-85ed-77374a2ee0a6,com/golden/gamedev/object/PlayField.java,render
3d052f41-bc8a-447e-85ed-77374a2ee0a6,45f3f477-972a-45f4-afe7-46a8d6559163,3966efec-3018-47c8-a22c-f5ca5c7700ed,->,3d052f41-bc8a-447e-85ed-77374a2ee0a6,2d095ea2-ddbe-4d31-ad79-49c0d5d03ae8,7583128f-de0f-45aa-b566-e939a11e3f7a
3d052f41-bc8a-447e-85ed-77374a2ee0a6,45f3f477-972a-45f4-afe7-46a8d6559163,3966efec-3018-47c8-a22c-f5ca5c7700ed,->,3d052f41-bc8a-447e-85ed-77374a2ee0a6,e122d8a2-c2c4-42d7-88d1-ab6a3756ea3b,ad6cbddc-facc-4655-af45-3891e8d785ea
3d052f41-bc8a-447e-85ed-77374a2ee0a6,45f3f477-972a-45f4-afe7-46a8d6559163,3966efec-3018-47c8-a22c-f5ca5c7700ed,->,3d052f41-bc8a-447e-85ed-77374a2ee0a6,arcanoid/model/Ball.java,handleCollision
3d052f41-bc8a-447e-85ed-77374a2ee0a6,45f3f477-972a-45f4-afe7-46a8d6559163,3966efec-3018-47c8-a22c-f5ca5c7700ed,->,3d052f41-bc8a-447e-85ed-77374a2ee0a6,arcanoid/model/Racket.java,handleCollision
3d052f41-bc8a-447e-85ed-77374a2ee0a6,45f3f477-972a-45f4-afe7-46a8d6559163,3966efec-3018-47c8-a22c-f5ca5c7700ed,->,3d052f41-bc8a-447e-85ed-77374a2ee0a6,4ade0b33-0cdf-492b-a717-e58b4e4ab44f,a44b38e0-a3f5-4226-827b-253d21e564d9
3d052f41-bc8a-447e-85ed-77374a2ee0a6,45f3f477-972a-45f4-afe7-46a8d6559163,3966efec-3018-47c8-a22c-f5ca5c7700ed,->,3d052f41-bc8a-447e-85ed-77374a2ee0a6,arcanoid/model/Ball.java,speed
3d052f41-bc8a-447e-85ed-77374a2ee0a6,45f3f477-972a-45f4-afe7-46a8d6559163,3966efec-3018-47c8-a22c-f5ca5c7700ed,->,3d052f41-bc8a-447e-85ed-77374a2ee0a6,org/junit/Assert.java,assertEquals
3d052f41-bc8a-447e-85ed-77374a2ee0a6,45f3f477-972a-45f4-afe7-46a8d6559163,3966efec-3018-47c8-a22c-f5ca5c7700ed,->,3d052f41-bc8a-447e-85ed-77374a2ee0a6,4ade0b33-0cdf-492b-a717-e58b4e4ab44f,a44b38e0-a3f5-4226-827b-253d21e564d9
3d052f41-bc8a-447e-85ed-77374a2ee0a6,45f3f477-972a-45f4-afe7-46a8d6559163,3966efec-3018-47c8-a22c-f5ca5c7700ed,->,3d052f41-bc8a-447e-85ed-77374a2ee0a6,arcanoid/model/Racket.java,speed
3d052f41-bc8a-447e-85ed-77374a2ee0a6,45f3f477-972a-45f4-afe7-46a8d6559163,3966efec-3018-47c8-a22c-f5ca5c7700ed,->,3d052f41-bc8a-447e-85ed-77374a2ee0a6,org/junit/Assert.java,assertEquals
3d052f41-bc8a-447e-85ed-77374a2ee0a6,45f3f477-972a-45f4-afe7-46a8d6559163,3966efec-3018-47c8-a22c-f5ca5c7700ed,->,3d052f41-bc8a-447e-85ed-77374a2ee0a6,arcanoid/collision/RacketCollisions.java,stop
3d052f41-bc8a-447e-85ed-77374a2ee0a6,58ffab2f-683f-426c-a364-55a1ae5b3ab7,f54f1410-6dc0-4c66-9e34-59dcad71fb95,->,3d052f41-bc8a-447e-85ed-77374a2ee0a6,com/golden/gamedev/object/PlayField.java,addGroup
3d052f41-bc8a-447e-85ed-77374a2ee0a6,58ffab2f-683f-426c-a364-55a1ae5b3ab7,f54f1410-6dc0-4c66-9e34-59dcad71fb95,->,3d052f41-bc8a-447e-85ed-77374a2ee0a6,com/golden/gamedev/object/PlayField.java,addGroup
3d052f41-bc8a-447e-85ed-77374a2ee0a6,58ffab2f-683f-426c-a364-55a1ae5b3ab7,f54f1410-6dc0-4c66-9e34-59dcad71fb95,->,3d052f41-bc8a-447e-85ed-77374a2ee0a6,arcanoid/collision/BallWithBricks.java,getImage
3d052f41-bc8a-447e-85ed-77374a2ee0a6,58ffab2f-683f-426c-a364-55a1ae5b3ab7,f54f1410-6dc0-4c66-9e34-59dcad71fb95,->,3d052f41-bc8a-447e-85ed-77374a2ee0a6,arcanoid/collision/BallWithBricks.java,getImage
3d052f41-bc8a-447e-85ed-77374a2ee0a6,58ffab2f-683f-426c-a364-55a1ae5b3ab7,f54f1410-6dc0-4c66-9e34-59dcad71fb95,->,3d052f41-bc8a-447e-85ed-77374a2ee0a6,fb0844c9-e20e-4291-b8f1-ccfabe9e7077,4d9810ff-57c8-4f7d-94ed-7ff2cd9f814a
3d052f41-bc8a-447e-85ed-77374a2ee0a6,58ffab2f-683f-426c-a364-55a1ae5b3ab7,f54f1410-6dc0-4c66-9e34-59dcad71fb95,->,3d052f41-bc8a-447e-85ed-77374a2ee0a6,fb0844c9-e20e-4291-b8f1-ccfabe9e7077,4d9810ff-57c8-4f7d-94ed-7ff2cd9f814a
3d052f41-bc8a-447e-85ed-77374a2ee0a6,58ffab2f-683f-426c-a364-55a1ae5b3ab7,f54f1410-6dc0-4c66-9e34-59dcad71fb95,->,3d052f41-bc8a-447e-85ed-77374a2ee0a6,fb0844c9-e20e-4291-b8f1-ccfabe9e7077,4d9810ff-57c8-4f7d-94ed-7ff2cd9f814a
3d052f41-bc8a-447e-85ed-77374a2ee0a6,58ffab2f-683f-426c-a364-55a1ae5b3ab7,f54f1410-6dc0-4c66-9e34-59dcad71fb95,->,3d052f41-bc8a-447e-85ed-77374a2ee0a6,4e890c1d-14c2-4e50-ac5c-e55513c59b15,"be54fdbe-1dad-435b-a9a4-28520ca8f98e,36cbbb3a-607e-4273-b092-e50a783eea43"
3d052f41-bc8a-447e-85ed-77374a2ee0a6,58ffab2f-683f-426c-a364-55a1ae5b3ab7,f54f1410-6dc0-4c66-9e34-59dcad71fb95,->,3d052f41-bc8a-447e-85ed-77374a2ee0a6,4e890c1d-14c2-4e50-ac5c-e55513c59b15,"be54fdbe-1dad-435b-a9a4-28520ca8f98e,36cbbb3a-607e-4273-b092-e50a783eea43"
3d052f41-bc8a-447e-85ed-77374a2ee0a6,58ffab2f-683f-426c-a364-55a1ae5b3ab7,f54f1410-6dc0-4c66-9e34-59dcad71fb95,->,3d052f41-bc8a-447e-85ed-77374a2ee0a6,4e890c1d-14c2-4e50-ac5c-e55513c59b15,"be54fdbe-1dad-435b-a9a4-28520ca8f98e,36cbbb3a-607e-4273-b092-e50a783eea43"
3d052f41-bc8a-447e-85ed-77374a2ee0a6,58ffab2f-683f-426c-a364-55a1ae5b3ab7,f54f1410-6dc0-4c66-9e34-59dcad71fb95,->,3d052f41-bc8a-447e-85ed-77374a2ee0a6,arcanoid/model/Ball.java,addCollisionHandleEndListener
3d052f41-bc8a-447e-85ed-77374a2ee0a6,58ffab2f-683f-426c-a364-55a1ae5b3ab7,f54f1410-6dc0-4c66-9e34-59dcad71fb95,->,3d052f41-bc8a-447e-85ed-77374a2ee0a6,9af524cf-3d7b-41c5-a351-a1a522f91afb,b283a1ad-24b4-4296-999c-27c7eae2e4a5
3d052f41-bc8a-447e-85ed-77374a2ee0a6,58ffab2f-683f-426c-a364-55a1ae5b3ab7,f54f1410-6dc0-4c66-9e34-59dcad71fb95,->,3d052f41-bc8a-447e-85ed-77374a2ee0a6,9af524cf-3d7b-41c5-a351-a1a522f91afb,16d5c68b-51e0-455a-8d84-1247d46c197a
3d052f41-bc8a-447e-85ed-77374a2ee0a6,58ffab2f-683f-426c-a364-55a1ae5b3ab7,f54f1410-6dc0-4c66-9e34-59dcad71fb95,->,3d052f41-bc8a-447e-85ed-77374a2ee0a6,com/golden/gamedev/object/Sprite.java,setSpeed
3d052f41-bc8a-447e-85ed-77374a2ee0a6,58ffab2f-683f-426c-a364-55a1ae5b3ab7,f54f1410-6dc0-4c66-9e34-59dcad71fb95,->,3d052f41-bc8a-447e-85ed-77374a2ee0a6,com/golden/gamedev/object/SpriteGroup.java,add
3d052f41-bc8a-447e-85ed-77374a2ee0a6,58ffab2f-683f-426c-a364-55a1ae5b3ab7,f54f1410-6dc0-4c66-9e34-59dcad71fb95,->,3d052f41-bc8a-447e-85ed-77374a2ee0a6,com/golden/gamedev/object/SpriteGroup.java,add
3d052f41-bc8a-447e-85ed-77374a2ee0a6,58ffab2f-683f-426c-a364-55a1ae5b3ab7,f54f1410-6dc0-4c66-9e34-59dcad71fb95,->,3d052f41-bc8a-447e-85ed-77374a2ee0a6,com/golden/gamedev/object/SpriteGroup.java,add
3d052f41-bc8a-447e-85ed-77374a2ee0a6,58ffab2f-683f-426c-a364-55a1ae5b3ab7,f54f1410-6dc0-4c66-9e34-59dcad71fb95,->,3d052f41-bc8a-447e-85ed-77374a2ee0a6,d921a1d4-40cd-439c-b664-93b7b55fa251,15fbca99-af5c-4aca-9a44-815993e88b24
3d052f41-bc8a-447e-85ed-77374a2ee0a6,58ffab2f-683f-426c-a364-55a1ae5b3ab7,f54f1410-6dc0-4c66-9e34-59dcad71fb95,->,3d052f41-bc8a-447e-85ed-77374a2ee0a6,40c3047f-5fb0-42a1-b59e-f12c59255a32,528e3a6b-242e-45c0-9e0d-b9b8acc7e5ea
3d052f41-bc8a-447e-85ed-77374a2ee0a6,58ffab2f-683f-426c-a364-55a1ae5b3ab7,f54f1410-6dc0-4c66-9e34-59dcad71fb95,->,3d052f41-bc8a-447e-85ed-77374a2ee0a6,com/golden/gamedev/object/PlayField.java,addCollisionGroup
3d052f41-bc8a-447e-85ed-77374a2ee0a6,58ffab2f-683f-426c-a364-55a1ae5b3ab7,f54f1410-6dc0-4c66-9e34-59dcad71fb95,->,3d052f41-bc8a-447e-85ed-77374a2ee0a6,e122d8a2-c2c4-42d7-88d1-ab6a3756ea3b,ad6cbddc-facc-4655-af45-3891e8d785ea
3d052f41-bc8a-447e-85ed-77374a2ee0a6,58ffab2f-683f-426c-a364-55a1ae5b3ab7,f54f1410-6dc0-4c66-9e34-59dcad71fb95,->,3d052f41-bc8a-447e-85ed-77374a2ee0a6,5aae3659-f02a-45ae-a61c-b39da6a860fe,fcd88892-46fa-4002-9be7-3ebe2e79fab6
3d052f41-bc8a-447e-85ed-77374a2ee0a6,58ffab2f-683f-426c-a364-55a1ae5b3ab7,f54f1410-6dc0-4c66-9e34-59dcad71fb95,->,3d052f41-bc8a-447e-85ed-77374a2ee0a6,5aae3659-f02a-45ae-a61c-b39da6a860fe,fcd88892-46fa-4002-9be7-3ebe2e79fab6
3d052f41-bc8a-447e-85ed-77374a2ee0a6,58ffab2f-683f-426c-a364-55a1ae5b3ab7,a0a7691b-a32e-4322-b370-0b2a9158cee1,->,3d052f41-bc8a-447e-85ed-77374a2ee0a6,com/golden/gamedev/object/PlayField.java,update
3d052f41-bc8a-447e-85ed-77374a2ee0a6,58ffab2f-683f-426c-a364-55a1ae5b3ab7,281b59d5-2509-44e1-b6e1-f21e8b220827,->,3d052f41-bc8a-447e-85ed-77374a2ee0a6,com/golden/gamedev/object/PlayField.java,render
3d052f41-bc8a-447e-85ed-77374a2ee0a6,58ffab2f-683f-426c-a364-55a1ae5b3ab7,e7c5fd86-1b56-492b-84d4-8ac09c5fc648,->,3d052f41-bc8a-447e-85ed-77374a2ee0a6,arcanoid/model/Ball.java,handleCollision
3d052f41-bc8a-447e-85ed-77374a2ee0a6,58ffab2f-683f-426c-a364-55a1ae5b3ab7,e7c5fd86-1b56-492b-84d4-8ac09c5fc648,->,3d052f41-bc8a-447e-85ed-77374a2ee0a6,4ade0b33-0cdf-492b-a717-e58b4e4ab44f,a44b38e0-a3f5-4226-827b-253d21e564d9
3d052f41-bc8a-447e-85ed-77374a2ee0a6,58ffab2f-683f-426c-a364-55a1ae5b3ab7,e7c5fd86-1b56-492b-84d4-8ac09c5fc648,->,3d052f41-bc8a-447e-85ed-77374a2ee0a6,arcanoid/model/Ball.java,speed
3d052f41-bc8a-447e-85ed-77374a2ee0a6,58ffab2f-683f-426c-a364-55a1ae5b3ab7,e7c5fd86-1b56-492b-84d4-8ac09c5fc648,->,3d052f41-bc8a-447e-85ed-77374a2ee0a6,org/junit/Assert.java,assertEquals
3d052f41-bc8a-447e-85ed-77374a2ee0a6,58ffab2f-683f-426c-a364-55a1ae5b3ab7,e7c5fd86-1b56-492b-84d4-8ac09c5fc648,->,3d052f41-bc8a-447e-85ed-77374a2ee0a6,4e890c1d-14c2-4e50-ac5c-e55513c59b15,6a68a608-ab28-42f0-8cbc-8f78c76934ae
3d052f41-bc8a-447e-85ed-77374a2ee0a6,58ffab2f-683f-426c-a364-55a1ae5b3ab7,e7c5fd86-1b56-492b-84d4-8ac09c5fc648,->,3d052f41-bc8a-447e-85ed-77374a2ee0a6,org/junit/Assert.java,assertFalse
3d052f41-bc8a-447e-85ed-77374a2ee0a6,58ffab2f-683f-426c-a364-55a1ae5b3ab7,e7c5fd86-1b56-492b-84d4-8ac09c5fc648,->,3d052f41-bc8a-447e-85ed-77374a2ee0a6,4e890c1d-14c2-4e50-ac5c-e55513c59b15,6a68a608-ab28-42f0-8cbc-8f78c76934ae
3d052f41-bc8a-447e-85ed-77374a2ee0a6,58ffab2f-683f-426c-a364-55a1ae5b3ab7,e7c5fd86-1b56-492b-84d4-8ac09c5fc648,->,3d052f41-bc8a-447e-85ed-77374a2ee0a6,org/junit/Assert.java,assertFalse
3d052f41-bc8a-447e-85ed-77374a2ee0a6,58ffab2f-683f-426c-a364-55a1ae5b3ab7,e7c5fd86-1b56-492b-84d4-8ac09c5fc648,->,3d052f41-bc8a-447e-85ed-77374a2ee0a6,arcanoid/collision/BallWithBricks.java,stop
