caller_project_id,caller_class_id,caller_method_id,CALL_DIRECTION,callee_project_id,callee_class_id,callee_method_id
428d64fc-8116-4681-a27b-d5f2a64660a8,907cdebf-5a2e-4957-80af-046f44c749f6,c891527e-0736-4370-a7c5-05c976961392,->,428d64fc-8116-4681-a27b-d5f2a64660a8,java/io/PrintStream.java,println
428d64fc-8116-4681-a27b-d5f2a64660a8,907cdebf-5a2e-4957-80af-046f44c749f6,c891527e-0736-4370-a7c5-05c976961392,->,428d64fc-8116-4681-a27b-d5f2a64660a8,java/util/Random.java,nextInt
428d64fc-8116-4681-a27b-d5f2a64660a8,907cdebf-5a2e-4957-80af-046f44c749f6,c891527e-0736-4370-a7c5-05c976961392,->,428d64fc-8116-4681-a27b-d5f2a64660a8,java/io/PrintStream.java,println
428d64fc-8116-4681-a27b-d5f2a64660a8,907cdebf-5a2e-4957-80af-046f44c749f6,c891527e-0736-4370-a7c5-05c976961392,->,428d64fc-8116-4681-a27b-d5f2a64660a8,java/io/PrintStream.java,println
428d64fc-8116-4681-a27b-d5f2a64660a8,907cdebf-5a2e-4957-80af-046f44c749f6,c891527e-0736-4370-a7c5-05c976961392,->,428d64fc-8116-4681-a27b-d5f2a64660a8,java/io/PrintStream.java,println
428d64fc-8116-4681-a27b-d5f2a64660a8,907cdebf-5a2e-4957-80af-046f44c749f6,c891527e-0736-4370-a7c5-05c976961392,->,428d64fc-8116-4681-a27b-d5f2a64660a8,java/io/PrintStream.java,println
428d64fc-8116-4681-a27b-d5f2a64660a8,907cdebf-5a2e-4957-80af-046f44c749f6,c891527e-0736-4370-a7c5-05c976961392,->,428d64fc-8116-4681-a27b-d5f2a64660a8,java/io/PrintStream.java,println
428d64fc-8116-4681-a27b-d5f2a64660a8,157168f1-d072-44f7-b7e1-bfa3d97a205a,b6a1b415-4e34-4f85-8e74-c729564f8dd7,->,428d64fc-8116-4681-a27b-d5f2a64660a8,java/io/PrintStream.java,print
428d64fc-8116-4681-a27b-d5f2a64660a8,157168f1-d072-44f7-b7e1-bfa3d97a205a,b6a1b415-4e34-4f85-8e74-c729564f8dd7,->,428d64fc-8116-4681-a27b-d5f2a64660a8,java/io/PrintStream.java,print
428d64fc-8116-4681-a27b-d5f2a64660a8,157168f1-d072-44f7-b7e1-bfa3d97a205a,b6a1b415-4e34-4f85-8e74-c729564f8dd7,->,428d64fc-8116-4681-a27b-d5f2a64660a8,java/io/PrintStream.java,println
428d64fc-8116-4681-a27b-d5f2a64660a8,0e15344e-e425-47ae-bfb4-2151bb781f3e,c5a8a190-e48e-4b31-83a1-ce19ffccaa03,->,428d64fc-8116-4681-a27b-d5f2a64660a8,java/io/PrintStream.java,println
428d64fc-8116-4681-a27b-d5f2a64660a8,0e15344e-e425-47ae-bfb4-2151bb781f3e,a0ffb44b-5c36-4a45-8ae0-68ed8ffd92bd,->,428d64fc-8116-4681-a27b-d5f2a64660a8,java/io/PrintStream.java,println
428d64fc-8116-4681-a27b-d5f2a64660a8,0e15344e-e425-47ae-bfb4-2151bb781f3e,469319d7-32fa-4759-9333-1b80a1ad9714,->,428d64fc-8116-4681-a27b-d5f2a64660a8,java/io/PrintStream.java,println
428d64fc-8116-4681-a27b-d5f2a64660a8,fb0dfee3-f4a5-4e50-b421-dabfa746e8a0,8e88af89-abd0-476d-9d52-0b1022008dbe,->,428d64fc-8116-4681-a27b-d5f2a64660a8,java/io/PrintStream.java,println
428d64fc-8116-4681-a27b-d5f2a64660a8,c1ed68cc-e82a-45de-b15b-564b3e2b3d32,673cacbe-6931-4f23-8212-a851a75aa0ac,->,428d64fc-8116-4681-a27b-d5f2a64660a8,java/io/PrintStream.java,println
428d64fc-8116-4681-a27b-d5f2a64660a8,c1ed68cc-e82a-45de-b15b-564b3e2b3d32,f706ad4b-7b32-4fba-b0e7-deebc6882c62,->,428d64fc-8116-4681-a27b-d5f2a64660a8,java/io/PrintStream.java,println
428d64fc-8116-4681-a27b-d5f2a64660a8,c1ed68cc-e82a-45de-b15b-564b3e2b3d32,762769f0-3198-48dc-90cd-187acdd39681,->,428d64fc-8116-4681-a27b-d5f2a64660a8,java/io/PrintStream.java,println
428d64fc-8116-4681-a27b-d5f2a64660a8,ff6f4813-253e-49f3-8f18-e47e6eaa290c,519540f3-58aa-4a01-b549-a848cf01e796,->,428d64fc-8116-4681-a27b-d5f2a64660a8,java/io/PrintStream.java,println
428d64fc-8116-4681-a27b-d5f2a64660a8,ff6f4813-253e-49f3-8f18-e47e6eaa290c,4bf52900-e69b-4ebb-a05c-752d5c7009dc,->,428d64fc-8116-4681-a27b-d5f2a64660a8,java/io/PrintStream.java,println
428d64fc-8116-4681-a27b-d5f2a64660a8,ff6f4813-253e-49f3-8f18-e47e6eaa290c,ac66df09-7d33-4213-8ccc-3252daecbb46,->,428d64fc-8116-4681-a27b-d5f2a64660a8,java/io/PrintStream.java,println
428d64fc-8116-4681-a27b-d5f2a64660a8,2789302e-1564-4fdc-95a8-e6011e185ce4,b5a39603-29c6-4986-91f0-fffd1b84d9df,->,428d64fc-8116-4681-a27b-d5f2a64660a8,96cc7ad6-06c5-4762-ad9e-6f6b918125fa,48a73853-b767-44f4-9a55-8a6ddb3376bc
428d64fc-8116-4681-a27b-d5f2a64660a8,2789302e-1564-4fdc-95a8-e6011e185ce4,b5a39603-29c6-4986-91f0-fffd1b84d9df,->,428d64fc-8116-4681-a27b-d5f2a64660a8,96cc7ad6-06c5-4762-ad9e-6f6b918125fa,d198786e-2a42-45fe-9dbf-b59ae88bb258
428d64fc-8116-4681-a27b-d5f2a64660a8,0a2ca0ed-d6ba-4987-9e73-d60e22faf24d,db815e0d-e950-4130-9a56-1685fd366d51,->,428d64fc-8116-4681-a27b-d5f2a64660a8,f4f6bfdc-ee40-4aad-81f0-9fb036e6700b,091393e6-10d6-4203-a961-b8ef98b9ec3a
428d64fc-8116-4681-a27b-d5f2a64660a8,f1acf792-88be-415f-8e56-342db84a9ec5,ec4c30d8-91e3-4fbc-9a3f-af6e783d12eb,->,428d64fc-8116-4681-a27b-d5f2a64660a8,java/lang/StringBuilder.java,append
428d64fc-8116-4681-a27b-d5f2a64660a8,f1acf792-88be-415f-8e56-342db84a9ec5,ec4c30d8-91e3-4fbc-9a3f-af6e783d12eb,->,428d64fc-8116-4681-a27b-d5f2a64660a8,java/lang/StringBuilder.java,append
428d64fc-8116-4681-a27b-d5f2a64660a8,f1acf792-88be-415f-8e56-342db84a9ec5,ec4c30d8-91e3-4fbc-9a3f-af6e783d12eb,->,428d64fc-8116-4681-a27b-d5f2a64660a8,java/lang/StringBuilder.java,append
428d64fc-8116-4681-a27b-d5f2a64660a8,f1acf792-88be-415f-8e56-342db84a9ec5,ec4c30d8-91e3-4fbc-9a3f-af6e783d12eb,->,428d64fc-8116-4681-a27b-d5f2a64660a8,java/lang/StringBuilder.java,toString
428d64fc-8116-4681-a27b-d5f2a64660a8,f1acf792-88be-415f-8e56-342db84a9ec5,ec4c30d8-91e3-4fbc-9a3f-af6e783d12eb,->,428d64fc-8116-4681-a27b-d5f2a64660a8,java/io/PrintStream.java,println
428d64fc-8116-4681-a27b-d5f2a64660a8,d0c5e3fa-5de4-4243-88c5-0ce448a66761,f8050b40-505d-407e-8a96-a185a010b89a,->,428d64fc-8116-4681-a27b-d5f2a64660a8,d0c5e3fa-5de4-4243-88c5-0ce448a66761,09e9ed31-717d-4a53-87aa-81b6f33431e9
428d64fc-8116-4681-a27b-d5f2a64660a8,d0c5e3fa-5de4-4243-88c5-0ce448a66761,f8050b40-505d-407e-8a96-a185a010b89a,->,428d64fc-8116-4681-a27b-d5f2a64660a8,java/lang/StringBuilder.java,append
428d64fc-8116-4681-a27b-d5f2a64660a8,d0c5e3fa-5de4-4243-88c5-0ce448a66761,f8050b40-505d-407e-8a96-a185a010b89a,->,428d64fc-8116-4681-a27b-d5f2a64660a8,java/lang/StringBuilder.java,append
428d64fc-8116-4681-a27b-d5f2a64660a8,d0c5e3fa-5de4-4243-88c5-0ce448a66761,f8050b40-505d-407e-8a96-a185a010b89a,->,428d64fc-8116-4681-a27b-d5f2a64660a8,java/lang/StringBuilder.java,toString
428d64fc-8116-4681-a27b-d5f2a64660a8,d0c5e3fa-5de4-4243-88c5-0ce448a66761,f8050b40-505d-407e-8a96-a185a010b89a,->,428d64fc-8116-4681-a27b-d5f2a64660a8,java/io/PrintStream.java,println
428d64fc-8116-4681-a27b-d5f2a64660a8,d0c5e3fa-5de4-4243-88c5-0ce448a66761,d7cbff74-de4e-4d93-a79c-70e58193417e,->,428d64fc-8116-4681-a27b-d5f2a64660a8,java/lang/StringBuilder.java,append
428d64fc-8116-4681-a27b-d5f2a64660a8,d0c5e3fa-5de4-4243-88c5-0ce448a66761,d7cbff74-de4e-4d93-a79c-70e58193417e,->,428d64fc-8116-4681-a27b-d5f2a64660a8,java/lang/StringBuilder.java,append
428d64fc-8116-4681-a27b-d5f2a64660a8,d0c5e3fa-5de4-4243-88c5-0ce448a66761,d7cbff74-de4e-4d93-a79c-70e58193417e,->,428d64fc-8116-4681-a27b-d5f2a64660a8,java/lang/StringBuilder.java,append
428d64fc-8116-4681-a27b-d5f2a64660a8,d0c5e3fa-5de4-4243-88c5-0ce448a66761,d7cbff74-de4e-4d93-a79c-70e58193417e,->,428d64fc-8116-4681-a27b-d5f2a64660a8,java/lang/StringBuilder.java,append
428d64fc-8116-4681-a27b-d5f2a64660a8,d0c5e3fa-5de4-4243-88c5-0ce448a66761,d7cbff74-de4e-4d93-a79c-70e58193417e,->,428d64fc-8116-4681-a27b-d5f2a64660a8,java/lang/StringBuilder.java,toString
428d64fc-8116-4681-a27b-d5f2a64660a8,d0c5e3fa-5de4-4243-88c5-0ce448a66761,d7cbff74-de4e-4d93-a79c-70e58193417e,->,428d64fc-8116-4681-a27b-d5f2a64660a8,java/io/PrintStream.java,println
428d64fc-8116-4681-a27b-d5f2a64660a8,d0c5e3fa-5de4-4243-88c5-0ce448a66761,8f9e21d4-084a-4852-83a7-5dba14fab5da,->,428d64fc-8116-4681-a27b-d5f2a64660a8,d0c5e3fa-5de4-4243-88c5-0ce448a66761,14be3304-d46d-49d7-af32-d49700428dd9
428d64fc-8116-4681-a27b-d5f2a64660a8,d0c5e3fa-5de4-4243-88c5-0ce448a66761,8f9e21d4-084a-4852-83a7-5dba14fab5da,->,428d64fc-8116-4681-a27b-d5f2a64660a8,java/lang/StringBuilder.java,append
428d64fc-8116-4681-a27b-d5f2a64660a8,d0c5e3fa-5de4-4243-88c5-0ce448a66761,8f9e21d4-084a-4852-83a7-5dba14fab5da,->,428d64fc-8116-4681-a27b-d5f2a64660a8,java/lang/StringBuilder.java,append
428d64fc-8116-4681-a27b-d5f2a64660a8,d0c5e3fa-5de4-4243-88c5-0ce448a66761,8f9e21d4-084a-4852-83a7-5dba14fab5da,->,428d64fc-8116-4681-a27b-d5f2a64660a8,java/lang/StringBuilder.java,toString
428d64fc-8116-4681-a27b-d5f2a64660a8,d0c5e3fa-5de4-4243-88c5-0ce448a66761,8f9e21d4-084a-4852-83a7-5dba14fab5da,->,428d64fc-8116-4681-a27b-d5f2a64660a8,java/io/PrintStream.java,println
428d64fc-8116-4681-a27b-d5f2a64660a8,d0c5e3fa-5de4-4243-88c5-0ce448a66761,8f9e21d4-084a-4852-83a7-5dba14fab5da,->,428d64fc-8116-4681-a27b-d5f2a64660a8,java/io/PrintStream.java,println
428d64fc-8116-4681-a27b-d5f2a64660a8,d0c5e3fa-5de4-4243-88c5-0ce448a66761,e5072fc8-7cca-4b48-a343-d8e3b8e6d4c9,->,428d64fc-8116-4681-a27b-d5f2a64660a8,d0c5e3fa-5de4-4243-88c5-0ce448a66761,14be3304-d46d-49d7-af32-d49700428dd9
428d64fc-8116-4681-a27b-d5f2a64660a8,d0c5e3fa-5de4-4243-88c5-0ce448a66761,e5072fc8-7cca-4b48-a343-d8e3b8e6d4c9,->,428d64fc-8116-4681-a27b-d5f2a64660a8,java/lang/StringBuilder.java,append
428d64fc-8116-4681-a27b-d5f2a64660a8,d0c5e3fa-5de4-4243-88c5-0ce448a66761,e5072fc8-7cca-4b48-a343-d8e3b8e6d4c9,->,428d64fc-8116-4681-a27b-d5f2a64660a8,java/lang/StringBuilder.java,append
428d64fc-8116-4681-a27b-d5f2a64660a8,d0c5e3fa-5de4-4243-88c5-0ce448a66761,e5072fc8-7cca-4b48-a343-d8e3b8e6d4c9,->,428d64fc-8116-4681-a27b-d5f2a64660a8,java/lang/StringBuilder.java,toString
428d64fc-8116-4681-a27b-d5f2a64660a8,d0c5e3fa-5de4-4243-88c5-0ce448a66761,e5072fc8-7cca-4b48-a343-d8e3b8e6d4c9,->,428d64fc-8116-4681-a27b-d5f2a64660a8,java/io/PrintStream.java,println
428d64fc-8116-4681-a27b-d5f2a64660a8,d0c5e3fa-5de4-4243-88c5-0ce448a66761,e5072fc8-7cca-4b48-a343-d8e3b8e6d4c9,->,428d64fc-8116-4681-a27b-d5f2a64660a8,java/io/PrintStream.java,println
428d64fc-8116-4681-a27b-d5f2a64660a8,d0c5e3fa-5de4-4243-88c5-0ce448a66761,e5072fc8-7cca-4b48-a343-d8e3b8e6d4c9,->,428d64fc-8116-4681-a27b-d5f2a64660a8,java/lang/StringBuilder.java,append
428d64fc-8116-4681-a27b-d5f2a64660a8,d0c5e3fa-5de4-4243-88c5-0ce448a66761,e5072fc8-7cca-4b48-a343-d8e3b8e6d4c9,->,428d64fc-8116-4681-a27b-d5f2a64660a8,d0c5e3fa-5de4-4243-88c5-0ce448a66761,7b9d691c-8128-47c2-845c-160f6248a3f6
428d64fc-8116-4681-a27b-d5f2a64660a8,d0c5e3fa-5de4-4243-88c5-0ce448a66761,e5072fc8-7cca-4b48-a343-d8e3b8e6d4c9,->,428d64fc-8116-4681-a27b-d5f2a64660a8,java/lang/StringBuilder.java,append
428d64fc-8116-4681-a27b-d5f2a64660a8,d0c5e3fa-5de4-4243-88c5-0ce448a66761,e5072fc8-7cca-4b48-a343-d8e3b8e6d4c9,->,428d64fc-8116-4681-a27b-d5f2a64660a8,java/lang/StringBuilder.java,append
428d64fc-8116-4681-a27b-d5f2a64660a8,d0c5e3fa-5de4-4243-88c5-0ce448a66761,e5072fc8-7cca-4b48-a343-d8e3b8e6d4c9,->,428d64fc-8116-4681-a27b-d5f2a64660a8,java/lang/StringBuilder.java,toString
428d64fc-8116-4681-a27b-d5f2a64660a8,d0c5e3fa-5de4-4243-88c5-0ce448a66761,e5072fc8-7cca-4b48-a343-d8e3b8e6d4c9,->,428d64fc-8116-4681-a27b-d5f2a64660a8,java/io/PrintStream.java,println
428d64fc-8116-4681-a27b-d5f2a64660a8,f4f6bfdc-ee40-4aad-81f0-9fb036e6700b,710e6d5c-b5c6-47cf-b8e0-c6acb952b39c,->,428d64fc-8116-4681-a27b-d5f2a64660a8,java/lang/StringBuilder.java,append
428d64fc-8116-4681-a27b-d5f2a64660a8,f4f6bfdc-ee40-4aad-81f0-9fb036e6700b,710e6d5c-b5c6-47cf-b8e0-c6acb952b39c,->,428d64fc-8116-4681-a27b-d5f2a64660a8,java/lang/StringBuilder.java,append
428d64fc-8116-4681-a27b-d5f2a64660a8,f4f6bfdc-ee40-4aad-81f0-9fb036e6700b,710e6d5c-b5c6-47cf-b8e0-c6acb952b39c,->,428d64fc-8116-4681-a27b-d5f2a64660a8,java/lang/StringBuilder.java,toString
428d64fc-8116-4681-a27b-d5f2a64660a8,f4f6bfdc-ee40-4aad-81f0-9fb036e6700b,710e6d5c-b5c6-47cf-b8e0-c6acb952b39c,->,428d64fc-8116-4681-a27b-d5f2a64660a8,java/io/PrintStream.java,println
428d64fc-8116-4681-a27b-d5f2a64660a8,f4f6bfdc-ee40-4aad-81f0-9fb036e6700b,091393e6-10d6-4203-a961-b8ef98b9ec3a,->,428d64fc-8116-4681-a27b-d5f2a64660a8,java/util/Random.java,nextInt
428d64fc-8116-4681-a27b-d5f2a64660a8,f4f6bfdc-ee40-4aad-81f0-9fb036e6700b,091393e6-10d6-4203-a961-b8ef98b9ec3a,->,428d64fc-8116-4681-a27b-d5f2a64660a8,java/lang/Math.java,min
428d64fc-8116-4681-a27b-d5f2a64660a8,f4f6bfdc-ee40-4aad-81f0-9fb036e6700b,091393e6-10d6-4203-a961-b8ef98b9ec3a,->,428d64fc-8116-4681-a27b-d5f2a64660a8,java/lang/StringBuilder.java,append
428d64fc-8116-4681-a27b-d5f2a64660a8,f4f6bfdc-ee40-4aad-81f0-9fb036e6700b,091393e6-10d6-4203-a961-b8ef98b9ec3a,->,428d64fc-8116-4681-a27b-d5f2a64660a8,java/lang/StringBuilder.java,append
428d64fc-8116-4681-a27b-d5f2a64660a8,f4f6bfdc-ee40-4aad-81f0-9fb036e6700b,091393e6-10d6-4203-a961-b8ef98b9ec3a,->,428d64fc-8116-4681-a27b-d5f2a64660a8,java/lang/StringBuilder.java,append
428d64fc-8116-4681-a27b-d5f2a64660a8,f4f6bfdc-ee40-4aad-81f0-9fb036e6700b,091393e6-10d6-4203-a961-b8ef98b9ec3a,->,428d64fc-8116-4681-a27b-d5f2a64660a8,java/lang/StringBuilder.java,append
428d64fc-8116-4681-a27b-d5f2a64660a8,f4f6bfdc-ee40-4aad-81f0-9fb036e6700b,091393e6-10d6-4203-a961-b8ef98b9ec3a,->,428d64fc-8116-4681-a27b-d5f2a64660a8,java/lang/StringBuilder.java,toString
428d64fc-8116-4681-a27b-d5f2a64660a8,f4f6bfdc-ee40-4aad-81f0-9fb036e6700b,091393e6-10d6-4203-a961-b8ef98b9ec3a,->,428d64fc-8116-4681-a27b-d5f2a64660a8,java/io/PrintStream.java,println
428d64fc-8116-4681-a27b-d5f2a64660a8,107a7f04-18fd-4114-880c-fb8c0363be51,6d696dd1-7a94-45ea-959f-0df97ecbff38,->,428d64fc-8116-4681-a27b-d5f2a64660a8,java/io/PrintStream.java,println
428d64fc-8116-4681-a27b-d5f2a64660a8,107a7f04-18fd-4114-880c-fb8c0363be51,3a476765-9021-4dee-b59e-7dee82fe506d,->,428d64fc-8116-4681-a27b-d5f2a64660a8,java/io/PrintStream.java,println
428d64fc-8116-4681-a27b-d5f2a64660a8,107a7f04-18fd-4114-880c-fb8c0363be51,a883fd5b-d078-4a19-8f0c-cd305f5b731b,->,428d64fc-8116-4681-a27b-d5f2a64660a8,java/io/PrintStream.java,println
428d64fc-8116-4681-a27b-d5f2a64660a8,21bba12c-f832-4a13-bbe0-803c0d5a78f4,2bd8eb52-c66e-4bcb-8c75-89346663a716,->,428d64fc-8116-4681-a27b-d5f2a64660a8,sample2/demo/SuperHero.java,getName
428d64fc-8116-4681-a27b-d5f2a64660a8,21bba12c-f832-4a13-bbe0-803c0d5a78f4,2bd8eb52-c66e-4bcb-8c75-89346663a716,->,428d64fc-8116-4681-a27b-d5f2a64660a8,java/lang/StringBuilder.java,append
428d64fc-8116-4681-a27b-d5f2a64660a8,21bba12c-f832-4a13-bbe0-803c0d5a78f4,2bd8eb52-c66e-4bcb-8c75-89346663a716,->,428d64fc-8116-4681-a27b-d5f2a64660a8,java/lang/StringBuilder.java,append
428d64fc-8116-4681-a27b-d5f2a64660a8,21bba12c-f832-4a13-bbe0-803c0d5a78f4,2bd8eb52-c66e-4bcb-8c75-89346663a716,->,428d64fc-8116-4681-a27b-d5f2a64660a8,java/lang/StringBuilder.java,toString
428d64fc-8116-4681-a27b-d5f2a64660a8,21bba12c-f832-4a13-bbe0-803c0d5a78f4,2bd8eb52-c66e-4bcb-8c75-89346663a716,->,428d64fc-8116-4681-a27b-d5f2a64660a8,java/io/PrintStream.java,println
428d64fc-8116-4681-a27b-d5f2a64660a8,21bba12c-f832-4a13-bbe0-803c0d5a78f4,3947d573-4a35-4c24-9f10-d0805dbd2b2c,->,428d64fc-8116-4681-a27b-d5f2a64660a8,sample2/demo/SuperHero.java,getName
428d64fc-8116-4681-a27b-d5f2a64660a8,21bba12c-f832-4a13-bbe0-803c0d5a78f4,3947d573-4a35-4c24-9f10-d0805dbd2b2c,->,428d64fc-8116-4681-a27b-d5f2a64660a8,java/lang/StringBuilder.java,append
428d64fc-8116-4681-a27b-d5f2a64660a8,21bba12c-f832-4a13-bbe0-803c0d5a78f4,3947d573-4a35-4c24-9f10-d0805dbd2b2c,->,428d64fc-8116-4681-a27b-d5f2a64660a8,java/lang/StringBuilder.java,append
428d64fc-8116-4681-a27b-d5f2a64660a8,21bba12c-f832-4a13-bbe0-803c0d5a78f4,3947d573-4a35-4c24-9f10-d0805dbd2b2c,->,428d64fc-8116-4681-a27b-d5f2a64660a8,java/lang/StringBuilder.java,toString
428d64fc-8116-4681-a27b-d5f2a64660a8,21bba12c-f832-4a13-bbe0-803c0d5a78f4,3947d573-4a35-4c24-9f10-d0805dbd2b2c,->,428d64fc-8116-4681-a27b-d5f2a64660a8,java/io/PrintStream.java,println
428d64fc-8116-4681-a27b-d5f2a64660a8,21bba12c-f832-4a13-bbe0-803c0d5a78f4,d8c8b921-a435-4bed-b45e-e57b3cd3e338,->,428d64fc-8116-4681-a27b-d5f2a64660a8,java/lang/StringBuilder.java,append
428d64fc-8116-4681-a27b-d5f2a64660a8,21bba12c-f832-4a13-bbe0-803c0d5a78f4,d8c8b921-a435-4bed-b45e-e57b3cd3e338,->,428d64fc-8116-4681-a27b-d5f2a64660a8,sample2/demo/SuperHero.java,getName
428d64fc-8116-4681-a27b-d5f2a64660a8,21bba12c-f832-4a13-bbe0-803c0d5a78f4,d8c8b921-a435-4bed-b45e-e57b3cd3e338,->,428d64fc-8116-4681-a27b-d5f2a64660a8,java/lang/StringBuilder.java,append
428d64fc-8116-4681-a27b-d5f2a64660a8,21bba12c-f832-4a13-bbe0-803c0d5a78f4,d8c8b921-a435-4bed-b45e-e57b3cd3e338,->,428d64fc-8116-4681-a27b-d5f2a64660a8,java/lang/StringBuilder.java,append
428d64fc-8116-4681-a27b-d5f2a64660a8,21bba12c-f832-4a13-bbe0-803c0d5a78f4,d8c8b921-a435-4bed-b45e-e57b3cd3e338,->,428d64fc-8116-4681-a27b-d5f2a64660a8,java/lang/StringBuilder.java,toString
428d64fc-8116-4681-a27b-d5f2a64660a8,21bba12c-f832-4a13-bbe0-803c0d5a78f4,d8c8b921-a435-4bed-b45e-e57b3cd3e338,->,428d64fc-8116-4681-a27b-d5f2a64660a8,java/io/PrintStream.java,println
428d64fc-8116-4681-a27b-d5f2a64660a8,94d05e94-c35a-4954-a629-069ca481027a,c6fac1b0-8ff9-4d01-b1c7-6a6fe459c451,->,428d64fc-8116-4681-a27b-d5f2a64660a8,sample2/demo/Fool.java,getName
428d64fc-8116-4681-a27b-d5f2a64660a8,94d05e94-c35a-4954-a629-069ca481027a,c6fac1b0-8ff9-4d01-b1c7-6a6fe459c451,->,428d64fc-8116-4681-a27b-d5f2a64660a8,java/lang/StringBuilder.java,append
428d64fc-8116-4681-a27b-d5f2a64660a8,94d05e94-c35a-4954-a629-069ca481027a,c6fac1b0-8ff9-4d01-b1c7-6a6fe459c451,->,428d64fc-8116-4681-a27b-d5f2a64660a8,java/lang/StringBuilder.java,append
428d64fc-8116-4681-a27b-d5f2a64660a8,94d05e94-c35a-4954-a629-069ca481027a,c6fac1b0-8ff9-4d01-b1c7-6a6fe459c451,->,428d64fc-8116-4681-a27b-d5f2a64660a8,java/lang/StringBuilder.java,toString
428d64fc-8116-4681-a27b-d5f2a64660a8,94d05e94-c35a-4954-a629-069ca481027a,c6fac1b0-8ff9-4d01-b1c7-6a6fe459c451,->,428d64fc-8116-4681-a27b-d5f2a64660a8,java/io/PrintStream.java,println
428d64fc-8116-4681-a27b-d5f2a64660a8,94d05e94-c35a-4954-a629-069ca481027a,f8fbb930-be98-42e6-bb4a-52ac01126ea7,->,428d64fc-8116-4681-a27b-d5f2a64660a8,java/io/PrintStream.java,println
428d64fc-8116-4681-a27b-d5f2a64660a8,94d05e94-c35a-4954-a629-069ca481027a,85bbd242-2b85-484b-9cc3-9aba09154ab0,->,428d64fc-8116-4681-a27b-d5f2a64660a8,java/io/PrintStream.java,println
428d64fc-8116-4681-a27b-d5f2a64660a8,f8079bfe-f0e8-4178-a2b5-8b044825cf84,4d9187e7-64f0-4b0c-9b06-e1e72fb6ab28,->,428d64fc-8116-4681-a27b-d5f2a64660a8,java/io/PrintStream.java,println
428d64fc-8116-4681-a27b-d5f2a64660a8,f8079bfe-f0e8-4178-a2b5-8b044825cf84,5def11da-5339-4fef-b352-ea12fdc06d76,->,428d64fc-8116-4681-a27b-d5f2a64660a8,java/io/PrintStream.java,println
428d64fc-8116-4681-a27b-d5f2a64660a8,f8079bfe-f0e8-4178-a2b5-8b044825cf84,51b88f62-9368-4459-98df-da75caecf688,->,428d64fc-8116-4681-a27b-d5f2a64660a8,java/io/PrintStream.java,println
428d64fc-8116-4681-a27b-d5f2a64660a8,6f068b2a-c189-4401-8487-6c227350f231,a2ca6640-c2b3-4eeb-b260-9f9ac95ce6e2,->,428d64fc-8116-4681-a27b-d5f2a64660a8,java/io/PrintStream.java,println
428d64fc-8116-4681-a27b-d5f2a64660a8,96960989-8868-481d-8bd1-af188f695fd0,053256fc-462b-4fd5-af26-724fbcf45f0c,->,428d64fc-8116-4681-a27b-d5f2a64660a8,java/io/PrintStream.java,println
428d64fc-8116-4681-a27b-d5f2a64660a8,63299bd2-a25a-4de8-8d10-800d86bd6bd3,4824acd4-afaa-403a-90ac-b3651675cf0a,->,428d64fc-8116-4681-a27b-d5f2a64660a8,java/io/PrintStream.java,println
428d64fc-8116-4681-a27b-d5f2a64660a8,63299bd2-a25a-4de8-8d10-800d86bd6bd3,55690f75-a870-4d31-89c6-a427b4976d78,->,428d64fc-8116-4681-a27b-d5f2a64660a8,java/io/PrintStream.java,println
428d64fc-8116-4681-a27b-d5f2a64660a8,8bf78ddd-46b6-4859-9f7e-0a79c361374d,e6996542-507a-4be3-bb2f-dd403d5a395d,->,428d64fc-8116-4681-a27b-d5f2a64660a8,7ff8a9e8-8139-4f12-ab3d-2d7d430f2fe3,3fe6e4ca-e3b3-4711-8eab-05bfbd89af3a
428d64fc-8116-4681-a27b-d5f2a64660a8,8bf78ddd-46b6-4859-9f7e-0a79c361374d,e6996542-507a-4be3-bb2f-dd403d5a395d,->,428d64fc-8116-4681-a27b-d5f2a64660a8,java/lang/StringBuilder.java,append
428d64fc-8116-4681-a27b-d5f2a64660a8,8bf78ddd-46b6-4859-9f7e-0a79c361374d,e6996542-507a-4be3-bb2f-dd403d5a395d,->,428d64fc-8116-4681-a27b-d5f2a64660a8,java/lang/StringBuilder.java,append
428d64fc-8116-4681-a27b-d5f2a64660a8,8bf78ddd-46b6-4859-9f7e-0a79c361374d,e6996542-507a-4be3-bb2f-dd403d5a395d,->,428d64fc-8116-4681-a27b-d5f2a64660a8,java/lang/StringBuilder.java,toString
428d64fc-8116-4681-a27b-d5f2a64660a8,8bf78ddd-46b6-4859-9f7e-0a79c361374d,e6996542-507a-4be3-bb2f-dd403d5a395d,->,428d64fc-8116-4681-a27b-d5f2a64660a8,java/io/PrintStream.java,println
428d64fc-8116-4681-a27b-d5f2a64660a8,8bf78ddd-46b6-4859-9f7e-0a79c361374d,e6996542-507a-4be3-bb2f-dd403d5a395d,->,428d64fc-8116-4681-a27b-d5f2a64660a8,16d72484-92a1-41a4-b5d2-b1ab16258c26,a5de5fcb-bce8-4440-bce3-dbf209f21f37
428d64fc-8116-4681-a27b-d5f2a64660a8,8bf78ddd-46b6-4859-9f7e-0a79c361374d,e6996542-507a-4be3-bb2f-dd403d5a395d,->,428d64fc-8116-4681-a27b-d5f2a64660a8,16d72484-92a1-41a4-b5d2-b1ab16258c26,e853cbf0-8b5e-4184-888c-f84a8972ec55
428d64fc-8116-4681-a27b-d5f2a64660a8,cfd7d863-6ddb-43b9-8c69-77b9dcadd526,41e8c382-6b84-4b61-8ff7-d33a4a6cd26f,->,428d64fc-8116-4681-a27b-d5f2a64660a8,java/io/PrintStream.java,println
428d64fc-8116-4681-a27b-d5f2a64660a8,d2e55588-222b-4cd2-b670-4fd518375fad,db6f29dd-c5ac-4884-891f-3cd2b39b8075,->,428d64fc-8116-4681-a27b-d5f2a64660a8,java/io/PrintStream.java,println
428d64fc-8116-4681-a27b-d5f2a64660a8,f44aba79-ff22-4b55-8b4e-1dbafbd80d2b,37d719e2-1a7f-4280-acde-3f09d84013a6,->,428d64fc-8116-4681-a27b-d5f2a64660a8,java/io/PrintStream.java,println
428d64fc-8116-4681-a27b-d5f2a64660a8,7ff8a9e8-8139-4f12-ab3d-2d7d430f2fe3,afc5accc-2d8a-49b6-938b-c24d4db8dbd8,->,428d64fc-8116-4681-a27b-d5f2a64660a8,java/lang/StringBuilder.java,append
428d64fc-8116-4681-a27b-d5f2a64660a8,7ff8a9e8-8139-4f12-ab3d-2d7d430f2fe3,afc5accc-2d8a-49b6-938b-c24d4db8dbd8,->,428d64fc-8116-4681-a27b-d5f2a64660a8,java/lang/StringBuilder.java,append
428d64fc-8116-4681-a27b-d5f2a64660a8,7ff8a9e8-8139-4f12-ab3d-2d7d430f2fe3,afc5accc-2d8a-49b6-938b-c24d4db8dbd8,->,428d64fc-8116-4681-a27b-d5f2a64660a8,java/lang/StringBuilder.java,toString
428d64fc-8116-4681-a27b-d5f2a64660a8,7ff8a9e8-8139-4f12-ab3d-2d7d430f2fe3,afc5accc-2d8a-49b6-938b-c24d4db8dbd8,->,428d64fc-8116-4681-a27b-d5f2a64660a8,java/io/PrintStream.java,println
428d64fc-8116-4681-a27b-d5f2a64660a8,8e6b2ff4-92aa-47a9-a668-e6ea46b7c7bb,3d45d29e-c98e-44e8-9217-67866f567824,->,428d64fc-8116-4681-a27b-d5f2a64660a8,sample2/demo/Danccer.java,getName
428d64fc-8116-4681-a27b-d5f2a64660a8,8e6b2ff4-92aa-47a9-a668-e6ea46b7c7bb,3d45d29e-c98e-44e8-9217-67866f567824,->,428d64fc-8116-4681-a27b-d5f2a64660a8,java/lang/StringBuilder.java,append
428d64fc-8116-4681-a27b-d5f2a64660a8,8e6b2ff4-92aa-47a9-a668-e6ea46b7c7bb,3d45d29e-c98e-44e8-9217-67866f567824,->,428d64fc-8116-4681-a27b-d5f2a64660a8,java/lang/StringBuilder.java,append
428d64fc-8116-4681-a27b-d5f2a64660a8,8e6b2ff4-92aa-47a9-a668-e6ea46b7c7bb,3d45d29e-c98e-44e8-9217-67866f567824,->,428d64fc-8116-4681-a27b-d5f2a64660a8,java/lang/StringBuilder.java,toString
428d64fc-8116-4681-a27b-d5f2a64660a8,8e6b2ff4-92aa-47a9-a668-e6ea46b7c7bb,3d45d29e-c98e-44e8-9217-67866f567824,->,428d64fc-8116-4681-a27b-d5f2a64660a8,java/io/PrintStream.java,println
428d64fc-8116-4681-a27b-d5f2a64660a8,8e6b2ff4-92aa-47a9-a668-e6ea46b7c7bb,091c1540-b237-4cea-abc7-8efb9962a63f,->,428d64fc-8116-4681-a27b-d5f2a64660a8,sample2/demo/Danccer.java,getName
428d64fc-8116-4681-a27b-d5f2a64660a8,8e6b2ff4-92aa-47a9-a668-e6ea46b7c7bb,091c1540-b237-4cea-abc7-8efb9962a63f,->,428d64fc-8116-4681-a27b-d5f2a64660a8,java/lang/StringBuilder.java,append
428d64fc-8116-4681-a27b-d5f2a64660a8,8e6b2ff4-92aa-47a9-a668-e6ea46b7c7bb,091c1540-b237-4cea-abc7-8efb9962a63f,->,428d64fc-8116-4681-a27b-d5f2a64660a8,java/lang/StringBuilder.java,append
428d64fc-8116-4681-a27b-d5f2a64660a8,8e6b2ff4-92aa-47a9-a668-e6ea46b7c7bb,091c1540-b237-4cea-abc7-8efb9962a63f,->,428d64fc-8116-4681-a27b-d5f2a64660a8,java/lang/StringBuilder.java,toString
428d64fc-8116-4681-a27b-d5f2a64660a8,8e6b2ff4-92aa-47a9-a668-e6ea46b7c7bb,091c1540-b237-4cea-abc7-8efb9962a63f,->,428d64fc-8116-4681-a27b-d5f2a64660a8,java/io/PrintStream.java,println
428d64fc-8116-4681-a27b-d5f2a64660a8,8e6b2ff4-92aa-47a9-a668-e6ea46b7c7bb,091c1540-b237-4cea-abc7-8efb9962a63f,->,428d64fc-8116-4681-a27b-d5f2a64660a8,java/io/PrintStream.java,println
428d64fc-8116-4681-a27b-d5f2a64660a8,8e6b2ff4-92aa-47a9-a668-e6ea46b7c7bb,091c1540-b237-4cea-abc7-8efb9962a63f,->,428d64fc-8116-4681-a27b-d5f2a64660a8,16d72484-92a1-41a4-b5d2-b1ab16258c26,a5de5fcb-bce8-4440-bce3-dbf209f21f37
428d64fc-8116-4681-a27b-d5f2a64660a8,8e6b2ff4-92aa-47a9-a668-e6ea46b7c7bb,091c1540-b237-4cea-abc7-8efb9962a63f,->,428d64fc-8116-4681-a27b-d5f2a64660a8,16d72484-92a1-41a4-b5d2-b1ab16258c26,e853cbf0-8b5e-4184-888c-f84a8972ec55
428d64fc-8116-4681-a27b-d5f2a64660a8,9d9fc998-cbfb-4148-863f-02efd8ae367e,de54d135-8238-4f9f-a012-b4a4ccf59b20,->,428d64fc-8116-4681-a27b-d5f2a64660a8,java/io/PrintStream.java,println
428d64fc-8116-4681-a27b-d5f2a64660a8,9d9fc998-cbfb-4148-863f-02efd8ae367e,8e73d88a-883f-43b5-b041-8ff749ffbbb7,->,428d64fc-8116-4681-a27b-d5f2a64660a8,java/io/PrintStream.java,println
428d64fc-8116-4681-a27b-d5f2a64660a8,9d9fc998-cbfb-4148-863f-02efd8ae367e,1c7709c2-d7e0-4b22-af6f-497fceda78a7,->,428d64fc-8116-4681-a27b-d5f2a64660a8,e2e9e3b3-6da6-498a-b9b4-4eb56fe92ac5,02985877-9505-40b5-b974-b8c242a7ba05
428d64fc-8116-4681-a27b-d5f2a64660a8,9d9fc998-cbfb-4148-863f-02efd8ae367e,1c7709c2-d7e0-4b22-af6f-497fceda78a7,->,428d64fc-8116-4681-a27b-d5f2a64660a8,java/lang/StringBuilder.java,append
428d64fc-8116-4681-a27b-d5f2a64660a8,9d9fc998-cbfb-4148-863f-02efd8ae367e,1c7709c2-d7e0-4b22-af6f-497fceda78a7,->,428d64fc-8116-4681-a27b-d5f2a64660a8,java/lang/StringBuilder.java,append
428d64fc-8116-4681-a27b-d5f2a64660a8,9d9fc998-cbfb-4148-863f-02efd8ae367e,1c7709c2-d7e0-4b22-af6f-497fceda78a7,->,428d64fc-8116-4681-a27b-d5f2a64660a8,java/lang/StringBuilder.java,toString
428d64fc-8116-4681-a27b-d5f2a64660a8,9d9fc998-cbfb-4148-863f-02efd8ae367e,1c7709c2-d7e0-4b22-af6f-497fceda78a7,->,428d64fc-8116-4681-a27b-d5f2a64660a8,java/io/PrintStream.java,println
428d64fc-8116-4681-a27b-d5f2a64660a8,9d9fc998-cbfb-4148-863f-02efd8ae367e,d1045007-6bdd-49bd-a81b-7bf3f5a74e40,->,428d64fc-8116-4681-a27b-d5f2a64660a8,e2e9e3b3-6da6-498a-b9b4-4eb56fe92ac5,f4171cf1-004e-428b-9e88-e3697f9bd083
428d64fc-8116-4681-a27b-d5f2a64660a8,9d9fc998-cbfb-4148-863f-02efd8ae367e,d1045007-6bdd-49bd-a81b-7bf3f5a74e40,->,428d64fc-8116-4681-a27b-d5f2a64660a8,e2e9e3b3-6da6-498a-b9b4-4eb56fe92ac5,f4171cf1-004e-428b-9e88-e3697f9bd083
428d64fc-8116-4681-a27b-d5f2a64660a8,42bfb9c1-7366-4a3f-a1a8-076c57264df8,02a9107a-0862-4205-96a4-320677f9c87a,->,428d64fc-8116-4681-a27b-d5f2a64660a8,java/io/PrintStream.java,println
428d64fc-8116-4681-a27b-d5f2a64660a8,69d9caa8-3583-405b-8981-144db41db222,605f732a-e4bc-4209-805d-fa35217bf00a,->,428d64fc-8116-4681-a27b-d5f2a64660a8,java/io/PrintStream.java,println
428d64fc-8116-4681-a27b-d5f2a64660a8,fc1311ce-5014-4a8f-92a6-fb6aba944e70,7fb932be-b97b-451f-b3a3-e7681fcd776b,->,428d64fc-8116-4681-a27b-d5f2a64660a8,bad4b1b7-c50e-4111-b8b0-2b007afb1293,19547c30-3293-4e99-bf62-f63aa688cab8
428d64fc-8116-4681-a27b-d5f2a64660a8,fc1311ce-5014-4a8f-92a6-fb6aba944e70,7fb932be-b97b-451f-b3a3-e7681fcd776b,->,428d64fc-8116-4681-a27b-d5f2a64660a8,java/io/PrintStream.java,println
428d64fc-8116-4681-a27b-d5f2a64660a8,fc1311ce-5014-4a8f-92a6-fb6aba944e70,7fb932be-b97b-451f-b3a3-e7681fcd776b,->,428d64fc-8116-4681-a27b-d5f2a64660a8,sjava/demo/Hero.java,getHp
428d64fc-8116-4681-a27b-d5f2a64660a8,fc1311ce-5014-4a8f-92a6-fb6aba944e70,7fb932be-b97b-451f-b3a3-e7681fcd776b,->,428d64fc-8116-4681-a27b-d5f2a64660a8,sjava/demo/Hero.java,getHp
428d64fc-8116-4681-a27b-d5f2a64660a8,fc1311ce-5014-4a8f-92a6-fb6aba944e70,7fb932be-b97b-451f-b3a3-e7681fcd776b,->,428d64fc-8116-4681-a27b-d5f2a64660a8,sjava/demo/Hero.java,setHp
428d64fc-8116-4681-a27b-d5f2a64660a8,fc1311ce-5014-4a8f-92a6-fb6aba944e70,7fb932be-b97b-451f-b3a3-e7681fcd776b,->,428d64fc-8116-4681-a27b-d5f2a64660a8,java/lang/StringBuilder.java,append
428d64fc-8116-4681-a27b-d5f2a64660a8,fc1311ce-5014-4a8f-92a6-fb6aba944e70,7fb932be-b97b-451f-b3a3-e7681fcd776b,->,428d64fc-8116-4681-a27b-d5f2a64660a8,java/lang/StringBuilder.java,append
428d64fc-8116-4681-a27b-d5f2a64660a8,fc1311ce-5014-4a8f-92a6-fb6aba944e70,7fb932be-b97b-451f-b3a3-e7681fcd776b,->,428d64fc-8116-4681-a27b-d5f2a64660a8,java/lang/StringBuilder.java,toString
428d64fc-8116-4681-a27b-d5f2a64660a8,fc1311ce-5014-4a8f-92a6-fb6aba944e70,7fb932be-b97b-451f-b3a3-e7681fcd776b,->,428d64fc-8116-4681-a27b-d5f2a64660a8,java/io/PrintStream.java,println
428d64fc-8116-4681-a27b-d5f2a64660a8,bad4b1b7-c50e-4111-b8b0-2b007afb1293,19547c30-3293-4e99-bf62-f63aa688cab8,->,428d64fc-8116-4681-a27b-d5f2a64660a8,java/lang/StringBuilder.java,append
428d64fc-8116-4681-a27b-d5f2a64660a8,bad4b1b7-c50e-4111-b8b0-2b007afb1293,19547c30-3293-4e99-bf62-f63aa688cab8,->,428d64fc-8116-4681-a27b-d5f2a64660a8,java/lang/StringBuilder.java,append
428d64fc-8116-4681-a27b-d5f2a64660a8,bad4b1b7-c50e-4111-b8b0-2b007afb1293,19547c30-3293-4e99-bf62-f63aa688cab8,->,428d64fc-8116-4681-a27b-d5f2a64660a8,java/lang/StringBuilder.java,append
428d64fc-8116-4681-a27b-d5f2a64660a8,bad4b1b7-c50e-4111-b8b0-2b007afb1293,19547c30-3293-4e99-bf62-f63aa688cab8,->,428d64fc-8116-4681-a27b-d5f2a64660a8,java/lang/StringBuilder.java,toString
428d64fc-8116-4681-a27b-d5f2a64660a8,bad4b1b7-c50e-4111-b8b0-2b007afb1293,19547c30-3293-4e99-bf62-f63aa688cab8,->,428d64fc-8116-4681-a27b-d5f2a64660a8,java/io/PrintStream.java,println
428d64fc-8116-4681-a27b-d5f2a64660a8,bad4b1b7-c50e-4111-b8b0-2b007afb1293,19547c30-3293-4e99-bf62-f63aa688cab8,->,428d64fc-8116-4681-a27b-d5f2a64660a8,java/io/PrintStream.java,println
428d64fc-8116-4681-a27b-d5f2a64660a8,bad4b1b7-c50e-4111-b8b0-2b007afb1293,19547c30-3293-4e99-bf62-f63aa688cab8,->,428d64fc-8116-4681-a27b-d5f2a64660a8,sjava/demo/Hero.java,getHp
428d64fc-8116-4681-a27b-d5f2a64660a8,bad4b1b7-c50e-4111-b8b0-2b007afb1293,19547c30-3293-4e99-bf62-f63aa688cab8,->,428d64fc-8116-4681-a27b-d5f2a64660a8,sjava/demo/Hero.java,setHp
428d64fc-8116-4681-a27b-d5f2a64660a8,e2e9e3b3-6da6-498a-b9b4-4eb56fe92ac5,091d8492-2d95-49ad-a91a-dfcf20d9eab4,->,428d64fc-8116-4681-a27b-d5f2a64660a8,java/lang/Math.java,random
428d64fc-8116-4681-a27b-d5f2a64660a8,e2e9e3b3-6da6-498a-b9b4-4eb56fe92ac5,60e7480a-ff58-459f-8815-0e03003a5e1f,->,428d64fc-8116-4681-a27b-d5f2a64660a8,java/lang/StringBuilder.java,append
428d64fc-8116-4681-a27b-d5f2a64660a8,e2e9e3b3-6da6-498a-b9b4-4eb56fe92ac5,60e7480a-ff58-459f-8815-0e03003a5e1f,->,428d64fc-8116-4681-a27b-d5f2a64660a8,java/lang/StringBuilder.java,append
428d64fc-8116-4681-a27b-d5f2a64660a8,e2e9e3b3-6da6-498a-b9b4-4eb56fe92ac5,60e7480a-ff58-459f-8815-0e03003a5e1f,->,428d64fc-8116-4681-a27b-d5f2a64660a8,java/lang/StringBuilder.java,toString
428d64fc-8116-4681-a27b-d5f2a64660a8,e2e9e3b3-6da6-498a-b9b4-4eb56fe92ac5,60e7480a-ff58-459f-8815-0e03003a5e1f,->,428d64fc-8116-4681-a27b-d5f2a64660a8,java/io/PrintStream.java,println
428d64fc-8116-4681-a27b-d5f2a64660a8,e2e9e3b3-6da6-498a-b9b4-4eb56fe92ac5,20f03c3f-d11e-493c-8c55-7d179fbbf907,->,428d64fc-8116-4681-a27b-d5f2a64660a8,java/lang/StringBuilder.java,append
428d64fc-8116-4681-a27b-d5f2a64660a8,e2e9e3b3-6da6-498a-b9b4-4eb56fe92ac5,20f03c3f-d11e-493c-8c55-7d179fbbf907,->,428d64fc-8116-4681-a27b-d5f2a64660a8,java/lang/StringBuilder.java,append
428d64fc-8116-4681-a27b-d5f2a64660a8,e2e9e3b3-6da6-498a-b9b4-4eb56fe92ac5,20f03c3f-d11e-493c-8c55-7d179fbbf907,->,428d64fc-8116-4681-a27b-d5f2a64660a8,java/lang/StringBuilder.java,append
428d64fc-8116-4681-a27b-d5f2a64660a8,e2e9e3b3-6da6-498a-b9b4-4eb56fe92ac5,20f03c3f-d11e-493c-8c55-7d179fbbf907,->,428d64fc-8116-4681-a27b-d5f2a64660a8,java/lang/StringBuilder.java,append
428d64fc-8116-4681-a27b-d5f2a64660a8,e2e9e3b3-6da6-498a-b9b4-4eb56fe92ac5,20f03c3f-d11e-493c-8c55-7d179fbbf907,->,428d64fc-8116-4681-a27b-d5f2a64660a8,java/lang/StringBuilder.java,toString
428d64fc-8116-4681-a27b-d5f2a64660a8,e2e9e3b3-6da6-498a-b9b4-4eb56fe92ac5,20f03c3f-d11e-493c-8c55-7d179fbbf907,->,428d64fc-8116-4681-a27b-d5f2a64660a8,java/io/PrintStream.java,println
428d64fc-8116-4681-a27b-d5f2a64660a8,e2e9e3b3-6da6-498a-b9b4-4eb56fe92ac5,20f03c3f-d11e-493c-8c55-7d179fbbf907,->,428d64fc-8116-4681-a27b-d5f2a64660a8,java/lang/StringBuilder.java,append
428d64fc-8116-4681-a27b-d5f2a64660a8,e2e9e3b3-6da6-498a-b9b4-4eb56fe92ac5,20f03c3f-d11e-493c-8c55-7d179fbbf907,->,428d64fc-8116-4681-a27b-d5f2a64660a8,java/lang/StringBuilder.java,append
428d64fc-8116-4681-a27b-d5f2a64660a8,e2e9e3b3-6da6-498a-b9b4-4eb56fe92ac5,20f03c3f-d11e-493c-8c55-7d179fbbf907,->,428d64fc-8116-4681-a27b-d5f2a64660a8,java/lang/StringBuilder.java,append
428d64fc-8116-4681-a27b-d5f2a64660a8,e2e9e3b3-6da6-498a-b9b4-4eb56fe92ac5,20f03c3f-d11e-493c-8c55-7d179fbbf907,->,428d64fc-8116-4681-a27b-d5f2a64660a8,java/lang/StringBuilder.java,toString
428d64fc-8116-4681-a27b-d5f2a64660a8,e2e9e3b3-6da6-498a-b9b4-4eb56fe92ac5,20f03c3f-d11e-493c-8c55-7d179fbbf907,->,428d64fc-8116-4681-a27b-d5f2a64660a8,java/io/PrintStream.java,println
428d64fc-8116-4681-a27b-d5f2a64660a8,e2e9e3b3-6da6-498a-b9b4-4eb56fe92ac5,a3b3dc07-085f-457d-b396-dc1fc905070e,->,428d64fc-8116-4681-a27b-d5f2a64660a8,java/lang/StringBuilder.java,append
428d64fc-8116-4681-a27b-d5f2a64660a8,e2e9e3b3-6da6-498a-b9b4-4eb56fe92ac5,a3b3dc07-085f-457d-b396-dc1fc905070e,->,428d64fc-8116-4681-a27b-d5f2a64660a8,java/lang/StringBuilder.java,append
428d64fc-8116-4681-a27b-d5f2a64660a8,e2e9e3b3-6da6-498a-b9b4-4eb56fe92ac5,a3b3dc07-085f-457d-b396-dc1fc905070e,->,428d64fc-8116-4681-a27b-d5f2a64660a8,java/lang/StringBuilder.java,toString
428d64fc-8116-4681-a27b-d5f2a64660a8,e2e9e3b3-6da6-498a-b9b4-4eb56fe92ac5,a3b3dc07-085f-457d-b396-dc1fc905070e,->,428d64fc-8116-4681-a27b-d5f2a64660a8,java/io/PrintStream.java,println
428d64fc-8116-4681-a27b-d5f2a64660a8,e2e9e3b3-6da6-498a-b9b4-4eb56fe92ac5,0b72721a-94b2-42b6-8851-1028488c738a,->,428d64fc-8116-4681-a27b-d5f2a64660a8,java/lang/StringBuilder.java,append
428d64fc-8116-4681-a27b-d5f2a64660a8,e2e9e3b3-6da6-498a-b9b4-4eb56fe92ac5,0b72721a-94b2-42b6-8851-1028488c738a,->,428d64fc-8116-4681-a27b-d5f2a64660a8,java/lang/StringBuilder.java,append
428d64fc-8116-4681-a27b-d5f2a64660a8,e2e9e3b3-6da6-498a-b9b4-4eb56fe92ac5,0b72721a-94b2-42b6-8851-1028488c738a,->,428d64fc-8116-4681-a27b-d5f2a64660a8,java/lang/StringBuilder.java,toString
428d64fc-8116-4681-a27b-d5f2a64660a8,e2e9e3b3-6da6-498a-b9b4-4eb56fe92ac5,0b72721a-94b2-42b6-8851-1028488c738a,->,428d64fc-8116-4681-a27b-d5f2a64660a8,java/io/PrintStream.java,println
428d64fc-8116-4681-a27b-d5f2a64660a8,e2e9e3b3-6da6-498a-b9b4-4eb56fe92ac5,0b72721a-94b2-42b6-8851-1028488c738a,->,428d64fc-8116-4681-a27b-d5f2a64660a8,java/io/PrintStream.java,println
428d64fc-8116-4681-a27b-d5f2a64660a8,e2e9e3b3-6da6-498a-b9b4-4eb56fe92ac5,f4171cf1-004e-428b-9e88-e3697f9bd083,->,428d64fc-8116-4681-a27b-d5f2a64660a8,java/lang/StringBuilder.java,append
428d64fc-8116-4681-a27b-d5f2a64660a8,e2e9e3b3-6da6-498a-b9b4-4eb56fe92ac5,f4171cf1-004e-428b-9e88-e3697f9bd083,->,428d64fc-8116-4681-a27b-d5f2a64660a8,java/lang/StringBuilder.java,append
428d64fc-8116-4681-a27b-d5f2a64660a8,e2e9e3b3-6da6-498a-b9b4-4eb56fe92ac5,f4171cf1-004e-428b-9e88-e3697f9bd083,->,428d64fc-8116-4681-a27b-d5f2a64660a8,java/lang/StringBuilder.java,append
428d64fc-8116-4681-a27b-d5f2a64660a8,e2e9e3b3-6da6-498a-b9b4-4eb56fe92ac5,f4171cf1-004e-428b-9e88-e3697f9bd083,->,428d64fc-8116-4681-a27b-d5f2a64660a8,java/lang/StringBuilder.java,append
428d64fc-8116-4681-a27b-d5f2a64660a8,e2e9e3b3-6da6-498a-b9b4-4eb56fe92ac5,f4171cf1-004e-428b-9e88-e3697f9bd083,->,428d64fc-8116-4681-a27b-d5f2a64660a8,java/lang/StringBuilder.java,toString
428d64fc-8116-4681-a27b-d5f2a64660a8,e2e9e3b3-6da6-498a-b9b4-4eb56fe92ac5,f4171cf1-004e-428b-9e88-e3697f9bd083,->,428d64fc-8116-4681-a27b-d5f2a64660a8,java/io/PrintStream.java,println
428d64fc-8116-4681-a27b-d5f2a64660a8,e2e9e3b3-6da6-498a-b9b4-4eb56fe92ac5,f4171cf1-004e-428b-9e88-e3697f9bd083,->,428d64fc-8116-4681-a27b-d5f2a64660a8,java/lang/StringBuilder.java,append
428d64fc-8116-4681-a27b-d5f2a64660a8,e2e9e3b3-6da6-498a-b9b4-4eb56fe92ac5,f4171cf1-004e-428b-9e88-e3697f9bd083,->,428d64fc-8116-4681-a27b-d5f2a64660a8,java/lang/StringBuilder.java,append
428d64fc-8116-4681-a27b-d5f2a64660a8,e2e9e3b3-6da6-498a-b9b4-4eb56fe92ac5,f4171cf1-004e-428b-9e88-e3697f9bd083,->,428d64fc-8116-4681-a27b-d5f2a64660a8,java/lang/StringBuilder.java,append
428d64fc-8116-4681-a27b-d5f2a64660a8,e2e9e3b3-6da6-498a-b9b4-4eb56fe92ac5,f4171cf1-004e-428b-9e88-e3697f9bd083,->,428d64fc-8116-4681-a27b-d5f2a64660a8,java/lang/StringBuilder.java,toString
428d64fc-8116-4681-a27b-d5f2a64660a8,e2e9e3b3-6da6-498a-b9b4-4eb56fe92ac5,f4171cf1-004e-428b-9e88-e3697f9bd083,->,428d64fc-8116-4681-a27b-d5f2a64660a8,java/io/PrintStream.java,println
428d64fc-8116-4681-a27b-d5f2a64660a8,e2e9e3b3-6da6-498a-b9b4-4eb56fe92ac5,f4171cf1-004e-428b-9e88-e3697f9bd083,->,428d64fc-8116-4681-a27b-d5f2a64660a8,e2e9e3b3-6da6-498a-b9b4-4eb56fe92ac5,0b72721a-94b2-42b6-8851-1028488c738a
428d64fc-8116-4681-a27b-d5f2a64660a8,e2e9e3b3-6da6-498a-b9b4-4eb56fe92ac5,915f0ee7-a7c0-4fd1-b766-a062e0c0a28b,->,428d64fc-8116-4681-a27b-d5f2a64660a8,java/lang/String.java,length
428d64fc-8116-4681-a27b-d5f2a64660a8,e2e9e3b3-6da6-498a-b9b4-4eb56fe92ac5,915f0ee7-a7c0-4fd1-b766-a062e0c0a28b,->,428d64fc-8116-4681-a27b-d5f2a64660a8,java/lang/String.java,length
428d64fc-8116-4681-a27b-d5f2a64660a8,2e873a05-fec5-4cce-8853-10a9bef2636e,8d6b588f-835a-49b7-b7c2-9c4910928ea4,->,428d64fc-8116-4681-a27b-d5f2a64660a8,java/io/PrintStream.java,println
428d64fc-8116-4681-a27b-d5f2a64660a8,d33d875f-1de8-4e0b-bbb0-21885c2efc4c,9c7aafa6-ce5f-4bc8-a434-07d434194e06,->,428d64fc-8116-4681-a27b-d5f2a64660a8,java/lang/StringBuilder.java,append
428d64fc-8116-4681-a27b-d5f2a64660a8,d33d875f-1de8-4e0b-bbb0-21885c2efc4c,9c7aafa6-ce5f-4bc8-a434-07d434194e06,->,428d64fc-8116-4681-a27b-d5f2a64660a8,java/lang/StringBuilder.java,append
428d64fc-8116-4681-a27b-d5f2a64660a8,d33d875f-1de8-4e0b-bbb0-21885c2efc4c,9c7aafa6-ce5f-4bc8-a434-07d434194e06,->,428d64fc-8116-4681-a27b-d5f2a64660a8,java/lang/StringBuilder.java,toString
428d64fc-8116-4681-a27b-d5f2a64660a8,d33d875f-1de8-4e0b-bbb0-21885c2efc4c,9c7aafa6-ce5f-4bc8-a434-07d434194e06,->,428d64fc-8116-4681-a27b-d5f2a64660a8,java/io/PrintStream.java,println
428d64fc-8116-4681-a27b-d5f2a64660a8,d33d875f-1de8-4e0b-bbb0-21885c2efc4c,9c7aafa6-ce5f-4bc8-a434-07d434194e06,->,428d64fc-8116-4681-a27b-d5f2a64660a8,java/io/PrintStream.java,println
428d64fc-8116-4681-a27b-d5f2a64660a8,d33d875f-1de8-4e0b-bbb0-21885c2efc4c,4dbb12dc-27fd-4fbf-8394-46dc59f35c0b,->,428d64fc-8116-4681-a27b-d5f2a64660a8,java/lang/StringBuilder.java,append
428d64fc-8116-4681-a27b-d5f2a64660a8,d33d875f-1de8-4e0b-bbb0-21885c2efc4c,4dbb12dc-27fd-4fbf-8394-46dc59f35c0b,->,428d64fc-8116-4681-a27b-d5f2a64660a8,java/lang/StringBuilder.java,append
428d64fc-8116-4681-a27b-d5f2a64660a8,d33d875f-1de8-4e0b-bbb0-21885c2efc4c,4dbb12dc-27fd-4fbf-8394-46dc59f35c0b,->,428d64fc-8116-4681-a27b-d5f2a64660a8,java/lang/StringBuilder.java,append
428d64fc-8116-4681-a27b-d5f2a64660a8,d33d875f-1de8-4e0b-bbb0-21885c2efc4c,4dbb12dc-27fd-4fbf-8394-46dc59f35c0b,->,428d64fc-8116-4681-a27b-d5f2a64660a8,java/lang/StringBuilder.java,append
428d64fc-8116-4681-a27b-d5f2a64660a8,d33d875f-1de8-4e0b-bbb0-21885c2efc4c,4dbb12dc-27fd-4fbf-8394-46dc59f35c0b,->,428d64fc-8116-4681-a27b-d5f2a64660a8,java/lang/StringBuilder.java,toString
428d64fc-8116-4681-a27b-d5f2a64660a8,d33d875f-1de8-4e0b-bbb0-21885c2efc4c,4dbb12dc-27fd-4fbf-8394-46dc59f35c0b,->,428d64fc-8116-4681-a27b-d5f2a64660a8,java/io/PrintStream.java,println
428d64fc-8116-4681-a27b-d5f2a64660a8,d33d875f-1de8-4e0b-bbb0-21885c2efc4c,4dbb12dc-27fd-4fbf-8394-46dc59f35c0b,->,428d64fc-8116-4681-a27b-d5f2a64660a8,java/util/Random.java,nextInt
428d64fc-8116-4681-a27b-d5f2a64660a8,d33d875f-1de8-4e0b-bbb0-21885c2efc4c,4dbb12dc-27fd-4fbf-8394-46dc59f35c0b,->,428d64fc-8116-4681-a27b-d5f2a64660a8,java/lang/Math.java,min
428d64fc-8116-4681-a27b-d5f2a64660a8,d33d875f-1de8-4e0b-bbb0-21885c2efc4c,4dbb12dc-27fd-4fbf-8394-46dc59f35c0b,->,428d64fc-8116-4681-a27b-d5f2a64660a8,java/lang/StringBuilder.java,append
428d64fc-8116-4681-a27b-d5f2a64660a8,d33d875f-1de8-4e0b-bbb0-21885c2efc4c,4dbb12dc-27fd-4fbf-8394-46dc59f35c0b,->,428d64fc-8116-4681-a27b-d5f2a64660a8,java/lang/StringBuilder.java,append
428d64fc-8116-4681-a27b-d5f2a64660a8,d33d875f-1de8-4e0b-bbb0-21885c2efc4c,4dbb12dc-27fd-4fbf-8394-46dc59f35c0b,->,428d64fc-8116-4681-a27b-d5f2a64660a8,java/lang/StringBuilder.java,append
428d64fc-8116-4681-a27b-d5f2a64660a8,d33d875f-1de8-4e0b-bbb0-21885c2efc4c,4dbb12dc-27fd-4fbf-8394-46dc59f35c0b,->,428d64fc-8116-4681-a27b-d5f2a64660a8,java/lang/StringBuilder.java,toString
428d64fc-8116-4681-a27b-d5f2a64660a8,d33d875f-1de8-4e0b-bbb0-21885c2efc4c,4dbb12dc-27fd-4fbf-8394-46dc59f35c0b,->,428d64fc-8116-4681-a27b-d5f2a64660a8,java/io/PrintStream.java,println
428d64fc-8116-4681-a27b-d5f2a64660a8,d33d875f-1de8-4e0b-bbb0-21885c2efc4c,73ef91c0-4bf7-41ed-a70d-19d05884f509,->,428d64fc-8116-4681-a27b-d5f2a64660a8,java/lang/StringBuilder.java,append
428d64fc-8116-4681-a27b-d5f2a64660a8,d33d875f-1de8-4e0b-bbb0-21885c2efc4c,73ef91c0-4bf7-41ed-a70d-19d05884f509,->,428d64fc-8116-4681-a27b-d5f2a64660a8,java/lang/StringBuilder.java,append
428d64fc-8116-4681-a27b-d5f2a64660a8,d33d875f-1de8-4e0b-bbb0-21885c2efc4c,73ef91c0-4bf7-41ed-a70d-19d05884f509,->,428d64fc-8116-4681-a27b-d5f2a64660a8,java/lang/StringBuilder.java,toString
428d64fc-8116-4681-a27b-d5f2a64660a8,d33d875f-1de8-4e0b-bbb0-21885c2efc4c,73ef91c0-4bf7-41ed-a70d-19d05884f509,->,428d64fc-8116-4681-a27b-d5f2a64660a8,java/io/PrintStream.java,println
