caller_project_id,caller_class_id,caller_method_id,CALL_DIRECTION,callee_project_id,callee_class_id,callee_method_id
49c31520-a78a-4b94-a87b-53e97040724c,51b4854d-d3a4-4d32-8565-64d9ec85727b,24c556c0-ecd4-495e-86a1-e4f0f7f280ee,->,49c31520-a78a-4b94-a87b-53e97040724c,javax/servlet/http/HttpServletResponse.java,setContentType
49c31520-a78a-4b94-a87b-53e97040724c,51b4854d-d3a4-4d32-8565-64d9ec85727b,24c556c0-ecd4-495e-86a1-e4f0f7f280ee,->,49c31520-a78a-4b94-a87b-53e97040724c,javax/servlet/http/HttpServletRequest.java,getParameter
49c31520-a78a-4b94-a87b-53e97040724c,51b4854d-d3a4-4d32-8565-64d9ec85727b,24c556c0-ecd4-495e-86a1-e4f0f7f280ee,->,49c31520-a78a-4b94-a87b-53e97040724c,java/lang/Double.java,parseDouble
49c31520-a78a-4b94-a87b-53e97040724c,51b4854d-d3a4-4d32-8565-64d9ec85727b,24c556c0-ecd4-495e-86a1-e4f0f7f280ee,->,49c31520-a78a-4b94-a87b-53e97040724c,javax/servlet/http/HttpServletRequest.java,getParameter
49c31520-a78a-4b94-a87b-53e97040724c,51b4854d-d3a4-4d32-8565-64d9ec85727b,24c556c0-ecd4-495e-86a1-e4f0f7f280ee,->,49c31520-a78a-4b94-a87b-53e97040724c,java/lang/Double.java,parseDouble
49c31520-a78a-4b94-a87b-53e97040724c,51b4854d-d3a4-4d32-8565-64d9ec85727b,24c556c0-ecd4-495e-86a1-e4f0f7f280ee,->,49c31520-a78a-4b94-a87b-53e97040724c,5c429303-8b76-46ec-8697-2db3347a6ba3,f4dbb5a1-88f0-4243-9661-11c68d3995dd
49c31520-a78a-4b94-a87b-53e97040724c,51b4854d-d3a4-4d32-8565-64d9ec85727b,24c556c0-ecd4-495e-86a1-e4f0f7f280ee,->,49c31520-a78a-4b94-a87b-53e97040724c,java/lang/Double.java,toString
49c31520-a78a-4b94-a87b-53e97040724c,51b4854d-d3a4-4d32-8565-64d9ec85727b,24c556c0-ecd4-495e-86a1-e4f0f7f280ee,->,49c31520-a78a-4b94-a87b-53e97040724c,javax/servlet/http/HttpServletRequest.java,setAttribute
49c31520-a78a-4b94-a87b-53e97040724c,51b4854d-d3a4-4d32-8565-64d9ec85727b,24c556c0-ecd4-495e-86a1-e4f0f7f280ee,->,49c31520-a78a-4b94-a87b-53e97040724c,java/lang/Double.java,valueOf
49c31520-a78a-4b94-a87b-53e97040724c,51b4854d-d3a4-4d32-8565-64d9ec85727b,24c556c0-ecd4-495e-86a1-e4f0f7f280ee,->,49c31520-a78a-4b94-a87b-53e97040724c,javax/servlet/http/HttpServletRequest.java,setAttribute
49c31520-a78a-4b94-a87b-53e97040724c,51b4854d-d3a4-4d32-8565-64d9ec85727b,24c556c0-ecd4-495e-86a1-e4f0f7f280ee,->,49c31520-a78a-4b94-a87b-53e97040724c,java/lang/Double.java,valueOf
49c31520-a78a-4b94-a87b-53e97040724c,51b4854d-d3a4-4d32-8565-64d9ec85727b,24c556c0-ecd4-495e-86a1-e4f0f7f280ee,->,49c31520-a78a-4b94-a87b-53e97040724c,javax/servlet/http/HttpServletRequest.java,setAttribute
49c31520-a78a-4b94-a87b-53e97040724c,51b4854d-d3a4-4d32-8565-64d9ec85727b,24c556c0-ecd4-495e-86a1-e4f0f7f280ee,->,49c31520-a78a-4b94-a87b-53e97040724c,javax/servlet/http/HttpServletRequest.java,getRequestDispatcher
49c31520-a78a-4b94-a87b-53e97040724c,51b4854d-d3a4-4d32-8565-64d9ec85727b,24c556c0-ecd4-495e-86a1-e4f0f7f280ee,->,49c31520-a78a-4b94-a87b-53e97040724c,javax/servlet/RequestDispatcher.java,forward
49c31520-a78a-4b94-a87b-53e97040724c,51b4854d-d3a4-4d32-8565-64d9ec85727b,e1b0219b-7795-4d73-91e9-560396240057,->,49c31520-a78a-4b94-a87b-53e97040724c,51b4854d-d3a4-4d32-8565-64d9ec85727b,24c556c0-ecd4-495e-86a1-e4f0f7f280ee
49c31520-a78a-4b94-a87b-53e97040724c,51b4854d-d3a4-4d32-8565-64d9ec85727b,7d389b5b-9512-4bb0-915d-b54b9a5a9e62,->,49c31520-a78a-4b94-a87b-53e97040724c,51b4854d-d3a4-4d32-8565-64d9ec85727b,24c556c0-ecd4-495e-86a1-e4f0f7f280ee
49c31520-a78a-4b94-a87b-53e97040724c,64c53b10-2438-47d5-a7d8-2f8dcb6f378c,9de9b358-5217-465a-9c46-bf02ca68d1b1,->,49c31520-a78a-4b94-a87b-53e97040724c,javax/servlet/http/HttpServletResponse.java,setContentType
49c31520-a78a-4b94-a87b-53e97040724c,64c53b10-2438-47d5-a7d8-2f8dcb6f378c,9de9b358-5217-465a-9c46-bf02ca68d1b1,->,49c31520-a78a-4b94-a87b-53e97040724c,javax/servlet/http/HttpServletRequest.java,getParameter
49c31520-a78a-4b94-a87b-53e97040724c,64c53b10-2438-47d5-a7d8-2f8dcb6f378c,9de9b358-5217-465a-9c46-bf02ca68d1b1,->,49c31520-a78a-4b94-a87b-53e97040724c,332135e9-69ce-4d35-bc84-491b4372a286,16ebf598-7ce1-4826-a83e-d9709913060c
49c31520-a78a-4b94-a87b-53e97040724c,64c53b10-2438-47d5-a7d8-2f8dcb6f378c,9de9b358-5217-465a-9c46-bf02ca68d1b1,->,49c31520-a78a-4b94-a87b-53e97040724c,javax/servlet/http/HttpServletRequest.java,setAttribute
49c31520-a78a-4b94-a87b-53e97040724c,64c53b10-2438-47d5-a7d8-2f8dcb6f378c,9de9b358-5217-465a-9c46-bf02ca68d1b1,->,49c31520-a78a-4b94-a87b-53e97040724c,javax/servlet/http/HttpServletRequest.java,getRequestDispatcher
49c31520-a78a-4b94-a87b-53e97040724c,64c53b10-2438-47d5-a7d8-2f8dcb6f378c,9de9b358-5217-465a-9c46-bf02ca68d1b1,->,49c31520-a78a-4b94-a87b-53e97040724c,javax/servlet/RequestDispatcher.java,forward
49c31520-a78a-4b94-a87b-53e97040724c,64c53b10-2438-47d5-a7d8-2f8dcb6f378c,9151954c-7729-487d-bcc4-ebb9be683d13,->,49c31520-a78a-4b94-a87b-53e97040724c,64c53b10-2438-47d5-a7d8-2f8dcb6f378c,9de9b358-5217-465a-9c46-bf02ca68d1b1
49c31520-a78a-4b94-a87b-53e97040724c,64c53b10-2438-47d5-a7d8-2f8dcb6f378c,32368208-c491-401d-a4f8-be81d5720d52,->,49c31520-a78a-4b94-a87b-53e97040724c,64c53b10-2438-47d5-a7d8-2f8dcb6f378c,9de9b358-5217-465a-9c46-bf02ca68d1b1
49c31520-a78a-4b94-a87b-53e97040724c,d8bc1277-e2fe-4a4f-a80c-ae805b35455b,3d3cac0d-c60a-475a-98e0-b438966be1c9,->,49c31520-a78a-4b94-a87b-53e97040724c,javax/servlet/http/HttpServletResponse.java,setContentType
49c31520-a78a-4b94-a87b-53e97040724c,d8bc1277-e2fe-4a4f-a80c-ae805b35455b,3d3cac0d-c60a-475a-98e0-b438966be1c9,->,49c31520-a78a-4b94-a87b-53e97040724c,javax/servlet/http/HttpServletResponse.java,getWriter
49c31520-a78a-4b94-a87b-53e97040724c,d8bc1277-e2fe-4a4f-a80c-ae805b35455b,3d3cac0d-c60a-475a-98e0-b438966be1c9,->,49c31520-a78a-4b94-a87b-53e97040724c,java/io/PrintWriter.java,println
49c31520-a78a-4b94-a87b-53e97040724c,d8bc1277-e2fe-4a4f-a80c-ae805b35455b,3d3cac0d-c60a-475a-98e0-b438966be1c9,->,49c31520-a78a-4b94-a87b-53e97040724c,java/io/PrintWriter.java,println
49c31520-a78a-4b94-a87b-53e97040724c,d8bc1277-e2fe-4a4f-a80c-ae805b35455b,3d3cac0d-c60a-475a-98e0-b438966be1c9,->,49c31520-a78a-4b94-a87b-53e97040724c,java/io/PrintWriter.java,println
49c31520-a78a-4b94-a87b-53e97040724c,d8bc1277-e2fe-4a4f-a80c-ae805b35455b,3d3cac0d-c60a-475a-98e0-b438966be1c9,->,49c31520-a78a-4b94-a87b-53e97040724c,java/io/PrintWriter.java,println
49c31520-a78a-4b94-a87b-53e97040724c,d8bc1277-e2fe-4a4f-a80c-ae805b35455b,3d3cac0d-c60a-475a-98e0-b438966be1c9,->,49c31520-a78a-4b94-a87b-53e97040724c,java/io/PrintWriter.java,println
49c31520-a78a-4b94-a87b-53e97040724c,d8bc1277-e2fe-4a4f-a80c-ae805b35455b,3d3cac0d-c60a-475a-98e0-b438966be1c9,->,49c31520-a78a-4b94-a87b-53e97040724c,java/io/PrintWriter.java,println
49c31520-a78a-4b94-a87b-53e97040724c,d8bc1277-e2fe-4a4f-a80c-ae805b35455b,3d3cac0d-c60a-475a-98e0-b438966be1c9,->,49c31520-a78a-4b94-a87b-53e97040724c,java/lang/StringBuilder.java,append
49c31520-a78a-4b94-a87b-53e97040724c,d8bc1277-e2fe-4a4f-a80c-ae805b35455b,3d3cac0d-c60a-475a-98e0-b438966be1c9,->,49c31520-a78a-4b94-a87b-53e97040724c,javax/servlet/http/HttpServletRequest.java,getContextPath
49c31520-a78a-4b94-a87b-53e97040724c,d8bc1277-e2fe-4a4f-a80c-ae805b35455b,3d3cac0d-c60a-475a-98e0-b438966be1c9,->,49c31520-a78a-4b94-a87b-53e97040724c,java/lang/StringBuilder.java,append
49c31520-a78a-4b94-a87b-53e97040724c,d8bc1277-e2fe-4a4f-a80c-ae805b35455b,3d3cac0d-c60a-475a-98e0-b438966be1c9,->,49c31520-a78a-4b94-a87b-53e97040724c,java/lang/StringBuilder.java,append
49c31520-a78a-4b94-a87b-53e97040724c,d8bc1277-e2fe-4a4f-a80c-ae805b35455b,3d3cac0d-c60a-475a-98e0-b438966be1c9,->,49c31520-a78a-4b94-a87b-53e97040724c,java/lang/StringBuilder.java,toString
49c31520-a78a-4b94-a87b-53e97040724c,d8bc1277-e2fe-4a4f-a80c-ae805b35455b,3d3cac0d-c60a-475a-98e0-b438966be1c9,->,49c31520-a78a-4b94-a87b-53e97040724c,java/io/PrintWriter.java,println
49c31520-a78a-4b94-a87b-53e97040724c,d8bc1277-e2fe-4a4f-a80c-ae805b35455b,3d3cac0d-c60a-475a-98e0-b438966be1c9,->,49c31520-a78a-4b94-a87b-53e97040724c,java/io/PrintWriter.java,println
49c31520-a78a-4b94-a87b-53e97040724c,d8bc1277-e2fe-4a4f-a80c-ae805b35455b,3d3cac0d-c60a-475a-98e0-b438966be1c9,->,49c31520-a78a-4b94-a87b-53e97040724c,java/io/PrintWriter.java,println
49c31520-a78a-4b94-a87b-53e97040724c,d8bc1277-e2fe-4a4f-a80c-ae805b35455b,3d3cac0d-c60a-475a-98e0-b438966be1c9,->,49c31520-a78a-4b94-a87b-53e97040724c,java/io/PrintWriter.java,println
49c31520-a78a-4b94-a87b-53e97040724c,d8bc1277-e2fe-4a4f-a80c-ae805b35455b,3d3cac0d-c60a-475a-98e0-b438966be1c9,->,49c31520-a78a-4b94-a87b-53e97040724c,java/io/PrintWriter.java,close
49c31520-a78a-4b94-a87b-53e97040724c,d8bc1277-e2fe-4a4f-a80c-ae805b35455b,3d3cac0d-c60a-475a-98e0-b438966be1c9,->,49c31520-a78a-4b94-a87b-53e97040724c,java/lang/Throwable.java,addSuppressed
49c31520-a78a-4b94-a87b-53e97040724c,d8bc1277-e2fe-4a4f-a80c-ae805b35455b,3d3cac0d-c60a-475a-98e0-b438966be1c9,->,49c31520-a78a-4b94-a87b-53e97040724c,java/io/PrintWriter.java,close
49c31520-a78a-4b94-a87b-53e97040724c,d8bc1277-e2fe-4a4f-a80c-ae805b35455b,3d3cac0d-c60a-475a-98e0-b438966be1c9,->,49c31520-a78a-4b94-a87b-53e97040724c,java/io/PrintWriter.java,close
49c31520-a78a-4b94-a87b-53e97040724c,d8bc1277-e2fe-4a4f-a80c-ae805b35455b,3d3cac0d-c60a-475a-98e0-b438966be1c9,->,49c31520-a78a-4b94-a87b-53e97040724c,java/lang/Throwable.java,addSuppressed
49c31520-a78a-4b94-a87b-53e97040724c,d8bc1277-e2fe-4a4f-a80c-ae805b35455b,3d3cac0d-c60a-475a-98e0-b438966be1c9,->,49c31520-a78a-4b94-a87b-53e97040724c,java/io/PrintWriter.java,close
49c31520-a78a-4b94-a87b-53e97040724c,d8bc1277-e2fe-4a4f-a80c-ae805b35455b,f1b710d5-1091-4e67-af0a-c7620bb19a26,->,49c31520-a78a-4b94-a87b-53e97040724c,d8bc1277-e2fe-4a4f-a80c-ae805b35455b,3d3cac0d-c60a-475a-98e0-b438966be1c9
49c31520-a78a-4b94-a87b-53e97040724c,d8bc1277-e2fe-4a4f-a80c-ae805b35455b,eb2682a2-39c4-4045-8164-a07746050c61,->,49c31520-a78a-4b94-a87b-53e97040724c,d8bc1277-e2fe-4a4f-a80c-ae805b35455b,3d3cac0d-c60a-475a-98e0-b438966be1c9
49c31520-a78a-4b94-a87b-53e97040724c,332135e9-69ce-4d35-bc84-491b4372a286,ac75a573-5731-464e-848f-53f1182767dc,->,49c31520-a78a-4b94-a87b-53e97040724c,java/util/Calendar.java,getInstance
49c31520-a78a-4b94-a87b-53e97040724c,332135e9-69ce-4d35-bc84-491b4372a286,ac75a573-5731-464e-848f-53f1182767dc,->,49c31520-a78a-4b94-a87b-53e97040724c,java/util/Calendar.java,set
49c31520-a78a-4b94-a87b-53e97040724c,332135e9-69ce-4d35-bc84-491b4372a286,ac75a573-5731-464e-848f-53f1182767dc,->,49c31520-a78a-4b94-a87b-53e97040724c,java/util/Calendar.java,getInstance
49c31520-a78a-4b94-a87b-53e97040724c,332135e9-69ce-4d35-bc84-491b4372a286,ac75a573-5731-464e-848f-53f1182767dc,->,49c31520-a78a-4b94-a87b-53e97040724c,java/util/Calendar.java,set
49c31520-a78a-4b94-a87b-53e97040724c,332135e9-69ce-4d35-bc84-491b4372a286,ac75a573-5731-464e-848f-53f1182767dc,->,49c31520-a78a-4b94-a87b-53e97040724c,java/util/Calendar.java,getTime
49c31520-a78a-4b94-a87b-53e97040724c,332135e9-69ce-4d35-bc84-491b4372a286,ac75a573-5731-464e-848f-53f1182767dc,->,49c31520-a78a-4b94-a87b-53e97040724c,java/util/Calendar.java,getTime
49c31520-a78a-4b94-a87b-53e97040724c,332135e9-69ce-4d35-bc84-491b4372a286,ac75a573-5731-464e-848f-53f1182767dc,->,49c31520-a78a-4b94-a87b-53e97040724c,java/util/Date.java,before
49c31520-a78a-4b94-a87b-53e97040724c,332135e9-69ce-4d35-bc84-491b4372a286,ac75a573-5731-464e-848f-53f1182767dc,->,49c31520-a78a-4b94-a87b-53e97040724c,java/util/Calendar.java,getTime
49c31520-a78a-4b94-a87b-53e97040724c,332135e9-69ce-4d35-bc84-491b4372a286,ac75a573-5731-464e-848f-53f1182767dc,->,49c31520-a78a-4b94-a87b-53e97040724c,java/util/Calendar.java,getTime
49c31520-a78a-4b94-a87b-53e97040724c,332135e9-69ce-4d35-bc84-491b4372a286,ac75a573-5731-464e-848f-53f1182767dc,->,49c31520-a78a-4b94-a87b-53e97040724c,java/util/Date.java,before
49c31520-a78a-4b94-a87b-53e97040724c,332135e9-69ce-4d35-bc84-491b4372a286,16ebf598-7ce1-4826-a83e-d9709913060c,->,49c31520-a78a-4b94-a87b-53e97040724c,java/lang/StringBuilder.java,append
49c31520-a78a-4b94-a87b-53e97040724c,332135e9-69ce-4d35-bc84-491b4372a286,16ebf598-7ce1-4826-a83e-d9709913060c,->,49c31520-a78a-4b94-a87b-53e97040724c,332135e9-69ce-4d35-bc84-491b4372a286,ac75a573-5731-464e-848f-53f1182767dc
49c31520-a78a-4b94-a87b-53e97040724c,332135e9-69ce-4d35-bc84-491b4372a286,16ebf598-7ce1-4826-a83e-d9709913060c,->,49c31520-a78a-4b94-a87b-53e97040724c,java/lang/StringBuilder.java,append
49c31520-a78a-4b94-a87b-53e97040724c,332135e9-69ce-4d35-bc84-491b4372a286,16ebf598-7ce1-4826-a83e-d9709913060c,->,49c31520-a78a-4b94-a87b-53e97040724c,java/lang/StringBuilder.java,append
49c31520-a78a-4b94-a87b-53e97040724c,332135e9-69ce-4d35-bc84-491b4372a286,16ebf598-7ce1-4826-a83e-d9709913060c,->,49c31520-a78a-4b94-a87b-53e97040724c,java/lang/StringBuilder.java,append
49c31520-a78a-4b94-a87b-53e97040724c,332135e9-69ce-4d35-bc84-491b4372a286,16ebf598-7ce1-4826-a83e-d9709913060c,->,49c31520-a78a-4b94-a87b-53e97040724c,java/lang/StringBuilder.java,append
49c31520-a78a-4b94-a87b-53e97040724c,332135e9-69ce-4d35-bc84-491b4372a286,16ebf598-7ce1-4826-a83e-d9709913060c,->,49c31520-a78a-4b94-a87b-53e97040724c,java/lang/StringBuilder.java,toString
