caller_project_id,caller_class_id,caller_method_id,CALL_DIRECTION,callee_project_id,callee_class_id,callee_method_id
4d713b19-2562-4b88-adcb-4028eb735887,01d10f75-0d84-4766-9e0a-e602b028fc15,632996ac-85f8-445e-b455-539c1c45e499,->,4d713b19-2562-4b88-adcb-4028eb735887,java/nio/file/Path.java,getFileName
4d713b19-2562-4b88-adcb-4028eb735887,01d10f75-0d84-4766-9e0a-e602b028fc15,632996ac-85f8-445e-b455-539c1c45e499,->,4d713b19-2562-4b88-adcb-4028eb735887,java/nio/file/Files.java,getAttribute
4d713b19-2562-4b88-adcb-4028eb735887,01d10f75-0d84-4766-9e0a-e602b028fc15,632996ac-85f8-445e-b455-539c1c45e499,->,4d713b19-2562-4b88-adcb-4028eb735887,java/lang/Long.java,longValue
4d713b19-2562-4b88-adcb-4028eb735887,01d10f75-0d84-4766-9e0a-e602b028fc15,632996ac-85f8-445e-b455-539c1c45e499,->,4d713b19-2562-4b88-adcb-4028eb735887,java/nio/file/PathMatcher.java,matches
4d713b19-2562-4b88-adcb-4028eb735887,01d10f75-0d84-4766-9e0a-e602b028fc15,632996ac-85f8-445e-b455-539c1c45e499,->,4d713b19-2562-4b88-adcb-4028eb735887,java/util/List.java,add
4d713b19-2562-4b88-adcb-4028eb735887,github/cworks/fs/walk/LsComparator$5.java,compare,->,4d713b19-2562-4b88-adcb-4028eb735887,java/util/Comparator.java,compare
4d713b19-2562-4b88-adcb-4028eb735887,github/cworks/fs/walk/LsComparator$5.java,compare,->,4d713b19-2562-4b88-adcb-4028eb735887,github/cworks/fs/walk/LsComparator$5.java,compare
4d713b19-2562-4b88-adcb-4028eb735887,2e4ef4aa-d720-4317-9a8f-b1cdefd7701c,993ea199-281e-4d5d-b629-66e29b557d14,->,4d713b19-2562-4b88-adcb-4028eb735887,2e4ef4aa-d720-4317-9a8f-b1cdefd7701c,cd4b9d4e-b920-4fc6-a886-bc941de48902
4d713b19-2562-4b88-adcb-4028eb735887,github/cworks/fs/walk/LsComparator$2.java,compare,->,4d713b19-2562-4b88-adcb-4028eb735887,java/lang/Long.java,valueOf
4d713b19-2562-4b88-adcb-4028eb735887,github/cworks/fs/walk/LsComparator$2.java,compare,->,4d713b19-2562-4b88-adcb-4028eb735887,java/lang/Long.java,valueOf
4d713b19-2562-4b88-adcb-4028eb735887,github/cworks/fs/walk/LsComparator$2.java,compare,->,4d713b19-2562-4b88-adcb-4028eb735887,java/nio/file/Files.java,size
4d713b19-2562-4b88-adcb-4028eb735887,github/cworks/fs/walk/LsComparator$2.java,compare,->,4d713b19-2562-4b88-adcb-4028eb735887,java/lang/Long.java,valueOf
4d713b19-2562-4b88-adcb-4028eb735887,github/cworks/fs/walk/LsComparator$2.java,compare,->,4d713b19-2562-4b88-adcb-4028eb735887,java/nio/file/Files.java,size
4d713b19-2562-4b88-adcb-4028eb735887,github/cworks/fs/walk/LsComparator$2.java,compare,->,4d713b19-2562-4b88-adcb-4028eb735887,java/lang/Long.java,valueOf
4d713b19-2562-4b88-adcb-4028eb735887,github/cworks/fs/walk/LsComparator$2.java,compare,->,4d713b19-2562-4b88-adcb-4028eb735887,java/lang/Long.java,compareTo
4d713b19-2562-4b88-adcb-4028eb735887,github/cworks/fs/walk/LsComparator$2.java,compare,->,4d713b19-2562-4b88-adcb-4028eb735887,github/cworks/fs/walk/LsComparator$2.java,compare
4d713b19-2562-4b88-adcb-4028eb735887,github/cworks/fs/walk/LsCommand$1.java,compare,->,4d713b19-2562-4b88-adcb-4028eb735887,java/nio/file/Path.java,toString
4d713b19-2562-4b88-adcb-4028eb735887,github/cworks/fs/walk/LsCommand$1.java,compare,->,4d713b19-2562-4b88-adcb-4028eb735887,java/nio/file/Path.java,toString
4d713b19-2562-4b88-adcb-4028eb735887,github/cworks/fs/walk/LsCommand$1.java,compare,->,4d713b19-2562-4b88-adcb-4028eb735887,java/lang/String.java,compareTo
4d713b19-2562-4b88-adcb-4028eb735887,github/cworks/fs/walk/LsCommand$1.java,compare,->,4d713b19-2562-4b88-adcb-4028eb735887,java/lang/Integer.java,valueOf
4d713b19-2562-4b88-adcb-4028eb735887,github/cworks/fs/walk/LsCommand$1.java,compare,->,4d713b19-2562-4b88-adcb-4028eb735887,github/cworks/fs/walk/LsCommand.java,access$000
4d713b19-2562-4b88-adcb-4028eb735887,github/cworks/fs/walk/LsCommand$1.java,compare,->,4d713b19-2562-4b88-adcb-4028eb735887,438081ba-4962-41f7-a060-4201ad0b9b24,a71dea92-ce0b-436d-841d-ee66a78db76b
4d713b19-2562-4b88-adcb-4028eb735887,github/cworks/fs/walk/LsCommand$1.java,compare,->,4d713b19-2562-4b88-adcb-4028eb735887,java/lang/Integer.java,intValue
4d713b19-2562-4b88-adcb-4028eb735887,github/cworks/fs/walk/LsCommand$1.java,compare,->,4d713b19-2562-4b88-adcb-4028eb735887,java/lang/Integer.java,valueOf
4d713b19-2562-4b88-adcb-4028eb735887,github/cworks/fs/walk/LsCommand$1.java,compare,->,4d713b19-2562-4b88-adcb-4028eb735887,java/lang/Integer.java,intValue
4d713b19-2562-4b88-adcb-4028eb735887,github/cworks/fs/walk/LsCommand$1.java,compare,->,4d713b19-2562-4b88-adcb-4028eb735887,github/cworks/fs/walk/LsCommand$1.java,compare
4d713b19-2562-4b88-adcb-4028eb735887,github/cworks/fs/walk/LsComparator$4.java,compare,->,4d713b19-2562-4b88-adcb-4028eb735887,java/util/Comparator.java,compare
4d713b19-2562-4b88-adcb-4028eb735887,github/cworks/fs/walk/LsComparator$4.java,compare,->,4d713b19-2562-4b88-adcb-4028eb735887,github/cworks/fs/walk/LsComparator$4.java,compare
4d713b19-2562-4b88-adcb-4028eb735887,github/cworks/fs/walk/LsComparator.java,values,->,4d713b19-2562-4b88-adcb-4028eb735887,github/cworks/fs/walk/LsComparator.java,clone
4d713b19-2562-4b88-adcb-4028eb735887,github/cworks/fs/walk/LsComparator.java,valueOf,->,4d713b19-2562-4b88-adcb-4028eb735887,java/lang/Enum.java,valueOf
4d713b19-2562-4b88-adcb-4028eb735887,github/cworks/fs/walk/LsComparator$3.java,compare,->,4d713b19-2562-4b88-adcb-4028eb735887,java/util/Date.java,getTime
4d713b19-2562-4b88-adcb-4028eb735887,github/cworks/fs/walk/LsComparator$3.java,compare,->,4d713b19-2562-4b88-adcb-4028eb735887,java/lang/Long.java,valueOf
4d713b19-2562-4b88-adcb-4028eb735887,github/cworks/fs/walk/LsComparator$3.java,compare,->,4d713b19-2562-4b88-adcb-4028eb735887,java/lang/Long.java,longValue
4d713b19-2562-4b88-adcb-4028eb735887,github/cworks/fs/walk/LsComparator$3.java,compare,->,4d713b19-2562-4b88-adcb-4028eb735887,java/nio/file/attribute/FileTime.java,fromMillis
4d713b19-2562-4b88-adcb-4028eb735887,github/cworks/fs/walk/LsComparator$3.java,compare,->,4d713b19-2562-4b88-adcb-4028eb735887,java/lang/Long.java,longValue
4d713b19-2562-4b88-adcb-4028eb735887,github/cworks/fs/walk/LsComparator$3.java,compare,->,4d713b19-2562-4b88-adcb-4028eb735887,java/nio/file/attribute/FileTime.java,fromMillis
4d713b19-2562-4b88-adcb-4028eb735887,github/cworks/fs/walk/LsComparator$3.java,compare,->,4d713b19-2562-4b88-adcb-4028eb735887,java/nio/file/Files.java,readAttributes
4d713b19-2562-4b88-adcb-4028eb735887,github/cworks/fs/walk/LsComparator$3.java,compare,->,4d713b19-2562-4b88-adcb-4028eb735887,java/nio/file/attribute/BasicFileAttributes.java,creationTime
4d713b19-2562-4b88-adcb-4028eb735887,github/cworks/fs/walk/LsComparator$3.java,compare,->,4d713b19-2562-4b88-adcb-4028eb735887,java/nio/file/Files.java,readAttributes
4d713b19-2562-4b88-adcb-4028eb735887,github/cworks/fs/walk/LsComparator$3.java,compare,->,4d713b19-2562-4b88-adcb-4028eb735887,java/nio/file/attribute/BasicFileAttributes.java,creationTime
4d713b19-2562-4b88-adcb-4028eb735887,github/cworks/fs/walk/LsComparator$3.java,compare,->,4d713b19-2562-4b88-adcb-4028eb735887,java/nio/file/attribute/FileTime.java,compareTo
4d713b19-2562-4b88-adcb-4028eb735887,github/cworks/fs/walk/LsComparator$3.java,compare,->,4d713b19-2562-4b88-adcb-4028eb735887,github/cworks/fs/walk/LsComparator$3.java,compare
4d713b19-2562-4b88-adcb-4028eb735887,github/cworks/fs/walk/LsComparator$1.java,compare,->,4d713b19-2562-4b88-adcb-4028eb735887,java/nio/file/Path.java,toString
4d713b19-2562-4b88-adcb-4028eb735887,github/cworks/fs/walk/LsComparator$1.java,compare,->,4d713b19-2562-4b88-adcb-4028eb735887,java/nio/file/Path.java,toString
4d713b19-2562-4b88-adcb-4028eb735887,github/cworks/fs/walk/LsComparator$1.java,compare,->,4d713b19-2562-4b88-adcb-4028eb735887,java/lang/String.java,compareTo
4d713b19-2562-4b88-adcb-4028eb735887,github/cworks/fs/walk/LsComparator$1.java,compare,->,4d713b19-2562-4b88-adcb-4028eb735887,java/lang/Integer.java,valueOf
4d713b19-2562-4b88-adcb-4028eb735887,github/cworks/fs/walk/LsComparator$1.java,compare,->,4d713b19-2562-4b88-adcb-4028eb735887,java/lang/Integer.java,intValue
4d713b19-2562-4b88-adcb-4028eb735887,github/cworks/fs/walk/LsComparator$1.java,compare,->,4d713b19-2562-4b88-adcb-4028eb735887,github/cworks/fs/walk/LsComparator$1.java,compare
4d713b19-2562-4b88-adcb-4028eb735887,f6cff5ad-0ffe-4ea0-a3af-8dd14ea9b9de,0a4b3d1d-18b3-4b93-bd49-a07eb8a640aa,->,4d713b19-2562-4b88-adcb-4028eb735887,438081ba-4962-41f7-a060-4201ad0b9b24,c6cb6659-7774-4862-b60f-c34687a69850
4d713b19-2562-4b88-adcb-4028eb735887,f6cff5ad-0ffe-4ea0-a3af-8dd14ea9b9de,0a4b3d1d-18b3-4b93-bd49-a07eb8a640aa,->,4d713b19-2562-4b88-adcb-4028eb735887,java/nio/file/Paths.java,get
4d713b19-2562-4b88-adcb-4028eb735887,f6cff5ad-0ffe-4ea0-a3af-8dd14ea9b9de,0a4b3d1d-18b3-4b93-bd49-a07eb8a640aa,->,4d713b19-2562-4b88-adcb-4028eb735887,438081ba-4962-41f7-a060-4201ad0b9b24,450f6362-d1d9-425a-8eed-312630642267
4d713b19-2562-4b88-adcb-4028eb735887,f6cff5ad-0ffe-4ea0-a3af-8dd14ea9b9de,0a4b3d1d-18b3-4b93-bd49-a07eb8a640aa,->,4d713b19-2562-4b88-adcb-4028eb735887,438081ba-4962-41f7-a060-4201ad0b9b24,7923466d-edfc-4306-8c29-12449e4ad935
4d713b19-2562-4b88-adcb-4028eb735887,f6cff5ad-0ffe-4ea0-a3af-8dd14ea9b9de,0a4b3d1d-18b3-4b93-bd49-a07eb8a640aa,->,4d713b19-2562-4b88-adcb-4028eb735887,java/lang/Integer.java,intValue
4d713b19-2562-4b88-adcb-4028eb735887,f6cff5ad-0ffe-4ea0-a3af-8dd14ea9b9de,0a4b3d1d-18b3-4b93-bd49-a07eb8a640aa,->,4d713b19-2562-4b88-adcb-4028eb735887,java/nio/file/Files.java,walkFileTree
4d713b19-2562-4b88-adcb-4028eb735887,f6cff5ad-0ffe-4ea0-a3af-8dd14ea9b9de,0a4b3d1d-18b3-4b93-bd49-a07eb8a640aa,->,4d713b19-2562-4b88-adcb-4028eb735887,01d10f75-0d84-4766-9e0a-e602b028fc15,b57bbc30-ae28-4234-b6c9-f1b6495802a2
4d713b19-2562-4b88-adcb-4028eb735887,f6cff5ad-0ffe-4ea0-a3af-8dd14ea9b9de,0a4b3d1d-18b3-4b93-bd49-a07eb8a640aa,->,4d713b19-2562-4b88-adcb-4028eb735887,438081ba-4962-41f7-a060-4201ad0b9b24,a45c4421-1e88-4fd8-b5c1-84fc5fdb87f4
4d713b19-2562-4b88-adcb-4028eb735887,f6cff5ad-0ffe-4ea0-a3af-8dd14ea9b9de,0a4b3d1d-18b3-4b93-bd49-a07eb8a640aa,->,4d713b19-2562-4b88-adcb-4028eb735887,java/util/List.java,size
4d713b19-2562-4b88-adcb-4028eb735887,f6cff5ad-0ffe-4ea0-a3af-8dd14ea9b9de,0a4b3d1d-18b3-4b93-bd49-a07eb8a640aa,->,4d713b19-2562-4b88-adcb-4028eb735887,438081ba-4962-41f7-a060-4201ad0b9b24,a45c4421-1e88-4fd8-b5c1-84fc5fdb87f4
4d713b19-2562-4b88-adcb-4028eb735887,f6cff5ad-0ffe-4ea0-a3af-8dd14ea9b9de,0a4b3d1d-18b3-4b93-bd49-a07eb8a640aa,->,4d713b19-2562-4b88-adcb-4028eb735887,java/util/List.java,iterator
4d713b19-2562-4b88-adcb-4028eb735887,f6cff5ad-0ffe-4ea0-a3af-8dd14ea9b9de,0a4b3d1d-18b3-4b93-bd49-a07eb8a640aa,->,4d713b19-2562-4b88-adcb-4028eb735887,java/util/Iterator.java,hasNext
4d713b19-2562-4b88-adcb-4028eb735887,f6cff5ad-0ffe-4ea0-a3af-8dd14ea9b9de,0a4b3d1d-18b3-4b93-bd49-a07eb8a640aa,->,4d713b19-2562-4b88-adcb-4028eb735887,java/util/Iterator.java,next
4d713b19-2562-4b88-adcb-4028eb735887,f6cff5ad-0ffe-4ea0-a3af-8dd14ea9b9de,0a4b3d1d-18b3-4b93-bd49-a07eb8a640aa,->,4d713b19-2562-4b88-adcb-4028eb735887,github/cworks/fs/model/Ls$OrderBy.java,getProperty
4d713b19-2562-4b88-adcb-4028eb735887,f6cff5ad-0ffe-4ea0-a3af-8dd14ea9b9de,0a4b3d1d-18b3-4b93-bd49-a07eb8a640aa,->,4d713b19-2562-4b88-adcb-4028eb735887,java/lang/String.java,equals
4d713b19-2562-4b88-adcb-4028eb735887,f6cff5ad-0ffe-4ea0-a3af-8dd14ea9b9de,0a4b3d1d-18b3-4b93-bd49-a07eb8a640aa,->,4d713b19-2562-4b88-adcb-4028eb735887,github/cworks/fs/model/Ls$OrderBy.java,getOrder
4d713b19-2562-4b88-adcb-4028eb735887,f6cff5ad-0ffe-4ea0-a3af-8dd14ea9b9de,0a4b3d1d-18b3-4b93-bd49-a07eb8a640aa,->,4d713b19-2562-4b88-adcb-4028eb735887,ae70410f-3d85-4316-aae1-07343a9f6bea,3656b3e1-9b93-41bc-90ea-0bbfedd9ef07
4d713b19-2562-4b88-adcb-4028eb735887,f6cff5ad-0ffe-4ea0-a3af-8dd14ea9b9de,0a4b3d1d-18b3-4b93-bd49-a07eb8a640aa,->,4d713b19-2562-4b88-adcb-4028eb735887,java/util/List.java,add
4d713b19-2562-4b88-adcb-4028eb735887,f6cff5ad-0ffe-4ea0-a3af-8dd14ea9b9de,0a4b3d1d-18b3-4b93-bd49-a07eb8a640aa,->,4d713b19-2562-4b88-adcb-4028eb735887,java/util/List.java,add
4d713b19-2562-4b88-adcb-4028eb735887,f6cff5ad-0ffe-4ea0-a3af-8dd14ea9b9de,0a4b3d1d-18b3-4b93-bd49-a07eb8a640aa,->,4d713b19-2562-4b88-adcb-4028eb735887,github/cworks/fs/model/Ls$OrderBy.java,getProperty
4d713b19-2562-4b88-adcb-4028eb735887,f6cff5ad-0ffe-4ea0-a3af-8dd14ea9b9de,0a4b3d1d-18b3-4b93-bd49-a07eb8a640aa,->,4d713b19-2562-4b88-adcb-4028eb735887,java/lang/String.java,equals
4d713b19-2562-4b88-adcb-4028eb735887,f6cff5ad-0ffe-4ea0-a3af-8dd14ea9b9de,0a4b3d1d-18b3-4b93-bd49-a07eb8a640aa,->,4d713b19-2562-4b88-adcb-4028eb735887,github/cworks/fs/model/Ls$OrderBy.java,getOrder
4d713b19-2562-4b88-adcb-4028eb735887,f6cff5ad-0ffe-4ea0-a3af-8dd14ea9b9de,0a4b3d1d-18b3-4b93-bd49-a07eb8a640aa,->,4d713b19-2562-4b88-adcb-4028eb735887,ae70410f-3d85-4316-aae1-07343a9f6bea,3656b3e1-9b93-41bc-90ea-0bbfedd9ef07
4d713b19-2562-4b88-adcb-4028eb735887,f6cff5ad-0ffe-4ea0-a3af-8dd14ea9b9de,0a4b3d1d-18b3-4b93-bd49-a07eb8a640aa,->,4d713b19-2562-4b88-adcb-4028eb735887,java/util/List.java,add
4d713b19-2562-4b88-adcb-4028eb735887,f6cff5ad-0ffe-4ea0-a3af-8dd14ea9b9de,0a4b3d1d-18b3-4b93-bd49-a07eb8a640aa,->,4d713b19-2562-4b88-adcb-4028eb735887,java/util/List.java,add
4d713b19-2562-4b88-adcb-4028eb735887,f6cff5ad-0ffe-4ea0-a3af-8dd14ea9b9de,0a4b3d1d-18b3-4b93-bd49-a07eb8a640aa,->,4d713b19-2562-4b88-adcb-4028eb735887,github/cworks/fs/model/Ls$OrderBy.java,getProperty
4d713b19-2562-4b88-adcb-4028eb735887,f6cff5ad-0ffe-4ea0-a3af-8dd14ea9b9de,0a4b3d1d-18b3-4b93-bd49-a07eb8a640aa,->,4d713b19-2562-4b88-adcb-4028eb735887,java/lang/String.java,equals
4d713b19-2562-4b88-adcb-4028eb735887,f6cff5ad-0ffe-4ea0-a3af-8dd14ea9b9de,0a4b3d1d-18b3-4b93-bd49-a07eb8a640aa,->,4d713b19-2562-4b88-adcb-4028eb735887,github/cworks/fs/model/Ls$OrderBy.java,getOrder
4d713b19-2562-4b88-adcb-4028eb735887,f6cff5ad-0ffe-4ea0-a3af-8dd14ea9b9de,0a4b3d1d-18b3-4b93-bd49-a07eb8a640aa,->,4d713b19-2562-4b88-adcb-4028eb735887,ae70410f-3d85-4316-aae1-07343a9f6bea,3656b3e1-9b93-41bc-90ea-0bbfedd9ef07
4d713b19-2562-4b88-adcb-4028eb735887,f6cff5ad-0ffe-4ea0-a3af-8dd14ea9b9de,0a4b3d1d-18b3-4b93-bd49-a07eb8a640aa,->,4d713b19-2562-4b88-adcb-4028eb735887,java/util/List.java,add
4d713b19-2562-4b88-adcb-4028eb735887,f6cff5ad-0ffe-4ea0-a3af-8dd14ea9b9de,0a4b3d1d-18b3-4b93-bd49-a07eb8a640aa,->,4d713b19-2562-4b88-adcb-4028eb735887,java/util/List.java,add
4d713b19-2562-4b88-adcb-4028eb735887,f6cff5ad-0ffe-4ea0-a3af-8dd14ea9b9de,0a4b3d1d-18b3-4b93-bd49-a07eb8a640aa,->,4d713b19-2562-4b88-adcb-4028eb735887,java/util/List.java,size
4d713b19-2562-4b88-adcb-4028eb735887,f6cff5ad-0ffe-4ea0-a3af-8dd14ea9b9de,0a4b3d1d-18b3-4b93-bd49-a07eb8a640aa,->,4d713b19-2562-4b88-adcb-4028eb735887,java/util/List.java,toArray
4d713b19-2562-4b88-adcb-4028eb735887,f6cff5ad-0ffe-4ea0-a3af-8dd14ea9b9de,0a4b3d1d-18b3-4b93-bd49-a07eb8a640aa,->,4d713b19-2562-4b88-adcb-4028eb735887,ae70410f-3d85-4316-aae1-07343a9f6bea,536306b0-c3ee-426b-b7c2-57848621ac54
4d713b19-2562-4b88-adcb-4028eb735887,f6cff5ad-0ffe-4ea0-a3af-8dd14ea9b9de,0a4b3d1d-18b3-4b93-bd49-a07eb8a640aa,->,4d713b19-2562-4b88-adcb-4028eb735887,f6cff5ad-0ffe-4ea0-a3af-8dd14ea9b9de,11aa637c-1df3-49a3-8be7-53bb55466022
4d713b19-2562-4b88-adcb-4028eb735887,f6cff5ad-0ffe-4ea0-a3af-8dd14ea9b9de,11aa637c-1df3-49a3-8be7-53bb55466022,->,4d713b19-2562-4b88-adcb-4028eb735887,java/util/Collections.java,sort
4d713b19-2562-4b88-adcb-4028eb735887,f6cff5ad-0ffe-4ea0-a3af-8dd14ea9b9de,406acb7c-222b-4485-86f5-d6a45256bca4,->,4d713b19-2562-4b88-adcb-4028eb735887,java/util/Collections.java,sort
4d713b19-2562-4b88-adcb-4028eb735887,f6cff5ad-0ffe-4ea0-a3af-8dd14ea9b9de,960f6ba7-0f90-4c9c-ba66-4c380decdf2f,->,4d713b19-2562-4b88-adcb-4028eb735887,java/util/Collections.java,sort
4d713b19-2562-4b88-adcb-4028eb735887,f6cff5ad-0ffe-4ea0-a3af-8dd14ea9b9de,d972852a-6688-41a3-b0b5-e292a847fc57,->,4d713b19-2562-4b88-adcb-4028eb735887,438081ba-4962-41f7-a060-4201ad0b9b24,c6cb6659-7774-4862-b60f-c34687a69850
4d713b19-2562-4b88-adcb-4028eb735887,f6cff5ad-0ffe-4ea0-a3af-8dd14ea9b9de,d972852a-6688-41a3-b0b5-e292a847fc57,->,4d713b19-2562-4b88-adcb-4028eb735887,java/nio/file/Paths.java,get
4d713b19-2562-4b88-adcb-4028eb735887,f6cff5ad-0ffe-4ea0-a3af-8dd14ea9b9de,d972852a-6688-41a3-b0b5-e292a847fc57,->,4d713b19-2562-4b88-adcb-4028eb735887,java/util/List.java,listIterator
4d713b19-2562-4b88-adcb-4028eb735887,f6cff5ad-0ffe-4ea0-a3af-8dd14ea9b9de,d972852a-6688-41a3-b0b5-e292a847fc57,->,4d713b19-2562-4b88-adcb-4028eb735887,java/util/ListIterator.java,hasNext
4d713b19-2562-4b88-adcb-4028eb735887,f6cff5ad-0ffe-4ea0-a3af-8dd14ea9b9de,d972852a-6688-41a3-b0b5-e292a847fc57,->,4d713b19-2562-4b88-adcb-4028eb735887,java/util/ListIterator.java,next
4d713b19-2562-4b88-adcb-4028eb735887,f6cff5ad-0ffe-4ea0-a3af-8dd14ea9b9de,d972852a-6688-41a3-b0b5-e292a847fc57,->,4d713b19-2562-4b88-adcb-4028eb735887,java/nio/file/Path.java,relativize
4d713b19-2562-4b88-adcb-4028eb735887,f6cff5ad-0ffe-4ea0-a3af-8dd14ea9b9de,d972852a-6688-41a3-b0b5-e292a847fc57,->,4d713b19-2562-4b88-adcb-4028eb735887,java/util/ListIterator.java,set
4d713b19-2562-4b88-adcb-4028eb735887,f6cff5ad-0ffe-4ea0-a3af-8dd14ea9b9de,d972852a-6688-41a3-b0b5-e292a847fc57,->,4d713b19-2562-4b88-adcb-4028eb735887,java/util/Collections.java,unmodifiableList
4d713b19-2562-4b88-adcb-4028eb735887,github/cworks/fs/walk/LsCommand$2.java,compare,->,4d713b19-2562-4b88-adcb-4028eb735887,java/lang/Long.java,valueOf
4d713b19-2562-4b88-adcb-4028eb735887,github/cworks/fs/walk/LsCommand$2.java,compare,->,4d713b19-2562-4b88-adcb-4028eb735887,java/lang/Long.java,valueOf
4d713b19-2562-4b88-adcb-4028eb735887,github/cworks/fs/walk/LsCommand$2.java,compare,->,4d713b19-2562-4b88-adcb-4028eb735887,java/nio/file/Files.java,size
4d713b19-2562-4b88-adcb-4028eb735887,github/cworks/fs/walk/LsCommand$2.java,compare,->,4d713b19-2562-4b88-adcb-4028eb735887,java/lang/Long.java,valueOf
4d713b19-2562-4b88-adcb-4028eb735887,github/cworks/fs/walk/LsCommand$2.java,compare,->,4d713b19-2562-4b88-adcb-4028eb735887,java/nio/file/Files.java,size
4d713b19-2562-4b88-adcb-4028eb735887,github/cworks/fs/walk/LsCommand$2.java,compare,->,4d713b19-2562-4b88-adcb-4028eb735887,java/lang/Long.java,valueOf
4d713b19-2562-4b88-adcb-4028eb735887,github/cworks/fs/walk/LsCommand$2.java,compare,->,4d713b19-2562-4b88-adcb-4028eb735887,java/lang/Long.java,compareTo
4d713b19-2562-4b88-adcb-4028eb735887,github/cworks/fs/walk/LsCommand$2.java,compare,->,4d713b19-2562-4b88-adcb-4028eb735887,java/lang/Integer.java,valueOf
4d713b19-2562-4b88-adcb-4028eb735887,github/cworks/fs/walk/LsCommand$2.java,compare,->,4d713b19-2562-4b88-adcb-4028eb735887,github/cworks/fs/walk/LsCommand.java,access$000
4d713b19-2562-4b88-adcb-4028eb735887,github/cworks/fs/walk/LsCommand$2.java,compare,->,4d713b19-2562-4b88-adcb-4028eb735887,438081ba-4962-41f7-a060-4201ad0b9b24,00f35b92-adb9-4947-b394-080b13fdc407
4d713b19-2562-4b88-adcb-4028eb735887,github/cworks/fs/walk/LsCommand$2.java,compare,->,4d713b19-2562-4b88-adcb-4028eb735887,java/lang/Integer.java,intValue
4d713b19-2562-4b88-adcb-4028eb735887,github/cworks/fs/walk/LsCommand$2.java,compare,->,4d713b19-2562-4b88-adcb-4028eb735887,java/lang/Integer.java,valueOf
4d713b19-2562-4b88-adcb-4028eb735887,github/cworks/fs/walk/LsCommand$2.java,compare,->,4d713b19-2562-4b88-adcb-4028eb735887,java/lang/Integer.java,intValue
4d713b19-2562-4b88-adcb-4028eb735887,github/cworks/fs/walk/LsCommand$2.java,compare,->,4d713b19-2562-4b88-adcb-4028eb735887,github/cworks/fs/walk/LsCommand$2.java,compare
4d713b19-2562-4b88-adcb-4028eb735887,github/cworks/fs/model/Ls$OrderBy.java,equals,->,4d713b19-2562-4b88-adcb-4028eb735887,java/lang/Object.java,getClass
4d713b19-2562-4b88-adcb-4028eb735887,github/cworks/fs/model/Ls$OrderBy.java,equals,->,4d713b19-2562-4b88-adcb-4028eb735887,java/lang/Object.java,getClass
4d713b19-2562-4b88-adcb-4028eb735887,github/cworks/fs/model/Ls$OrderBy.java,equals,->,4d713b19-2562-4b88-adcb-4028eb735887,java/lang/String.java,equalsIgnoreCase
4d713b19-2562-4b88-adcb-4028eb735887,github/cworks/fs/model/Ls$OrderBy.java,hashCode,->,4d713b19-2562-4b88-adcb-4028eb735887,java/lang/String.java,hashCode
4d713b19-2562-4b88-adcb-4028eb735887,github/cworks/fs/model/SortOrder.java,values,->,4d713b19-2562-4b88-adcb-4028eb735887,github/cworks/fs/model/SortOrder.java,clone
4d713b19-2562-4b88-adcb-4028eb735887,github/cworks/fs/model/SortOrder.java,valueOf,->,4d713b19-2562-4b88-adcb-4028eb735887,java/lang/Enum.java,valueOf
4d713b19-2562-4b88-adcb-4028eb735887,438081ba-4962-41f7-a060-4201ad0b9b24,213ee37f-0626-42f0-80c6-78092b046126,->,4d713b19-2562-4b88-adcb-4028eb735887,438081ba-4962-41f7-a060-4201ad0b9b24,4e3e590b-46a6-4fe1-945a-7a5ee49299ad
4d713b19-2562-4b88-adcb-4028eb735887,438081ba-4962-41f7-a060-4201ad0b9b24,02e2a5a4-2534-445a-84c6-322311d3f002,->,4d713b19-2562-4b88-adcb-4028eb735887,438081ba-4962-41f7-a060-4201ad0b9b24,4e3e590b-46a6-4fe1-945a-7a5ee49299ad
4d713b19-2562-4b88-adcb-4028eb735887,438081ba-4962-41f7-a060-4201ad0b9b24,cc7f1dd3-43ee-4849-a488-91daea2307f9,->,4d713b19-2562-4b88-adcb-4028eb735887,438081ba-4962-41f7-a060-4201ad0b9b24,4e3e590b-46a6-4fe1-945a-7a5ee49299ad
4d713b19-2562-4b88-adcb-4028eb735887,438081ba-4962-41f7-a060-4201ad0b9b24,135b9e88-53f1-4bc0-9fb8-5d726ce3300f,->,4d713b19-2562-4b88-adcb-4028eb735887,438081ba-4962-41f7-a060-4201ad0b9b24,4e3e590b-46a6-4fe1-945a-7a5ee49299ad
4d713b19-2562-4b88-adcb-4028eb735887,438081ba-4962-41f7-a060-4201ad0b9b24,8a029aa3-529f-4712-a662-ea1834e50301,->,4d713b19-2562-4b88-adcb-4028eb735887,438081ba-4962-41f7-a060-4201ad0b9b24,4e3e590b-46a6-4fe1-945a-7a5ee49299ad
4d713b19-2562-4b88-adcb-4028eb735887,438081ba-4962-41f7-a060-4201ad0b9b24,a45c4421-1e88-4fd8-b5c1-84fc5fdb87f4,->,4d713b19-2562-4b88-adcb-4028eb735887,java/util/Collections.java,unmodifiableList
4d713b19-2562-4b88-adcb-4028eb735887,438081ba-4962-41f7-a060-4201ad0b9b24,4e3e590b-46a6-4fe1-945a-7a5ee49299ad,->,4d713b19-2562-4b88-adcb-4028eb735887,java/util/List.java,remove
4d713b19-2562-4b88-adcb-4028eb735887,438081ba-4962-41f7-a060-4201ad0b9b24,4e3e590b-46a6-4fe1-945a-7a5ee49299ad,->,4d713b19-2562-4b88-adcb-4028eb735887,java/util/List.java,add
4d713b19-2562-4b88-adcb-4028eb735887,github/cworks/fs/model/Ls.java,<clinit>,->,4d713b19-2562-4b88-adcb-4028eb735887,java/lang/Integer.java,valueOf
4d713b19-2562-4b88-adcb-4028eb735887,github/cworks/fs/model/Unit.java,values,->,4d713b19-2562-4b88-adcb-4028eb735887,github/cworks/fs/model/Unit.java,clone
4d713b19-2562-4b88-adcb-4028eb735887,github/cworks/fs/model/Unit.java,valueOf,->,4d713b19-2562-4b88-adcb-4028eb735887,java/lang/Enum.java,valueOf
4d713b19-2562-4b88-adcb-4028eb735887,4da7a89d-6137-4151-abc7-d0e29c4fab86,fb2abc42-9d5e-4cb7-98e4-a318576b7628,->,4d713b19-2562-4b88-adcb-4028eb735887,438081ba-4962-41f7-a060-4201ad0b9b24,8a7d0a72-3a4a-4b97-a627-7690de4ffcd6
4d713b19-2562-4b88-adcb-4028eb735887,4da7a89d-6137-4151-abc7-d0e29c4fab86,53680263-47ce-4a7a-8dd7-19010093df51,->,4d713b19-2562-4b88-adcb-4028eb735887,java/lang/Boolean.java,valueOf
4d713b19-2562-4b88-adcb-4028eb735887,4da7a89d-6137-4151-abc7-d0e29c4fab86,53680263-47ce-4a7a-8dd7-19010093df51,->,4d713b19-2562-4b88-adcb-4028eb735887,438081ba-4962-41f7-a060-4201ad0b9b24,70058e11-aac4-4af6-96f7-b380e1279e5f
4d713b19-2562-4b88-adcb-4028eb735887,4da7a89d-6137-4151-abc7-d0e29c4fab86,06abe0c6-62e7-4c22-b83f-8333fee54701,->,4d713b19-2562-4b88-adcb-4028eb735887,438081ba-4962-41f7-a060-4201ad0b9b24,70058e11-aac4-4af6-96f7-b380e1279e5f
4d713b19-2562-4b88-adcb-4028eb735887,4da7a89d-6137-4151-abc7-d0e29c4fab86,63cf63c7-8d9d-493f-ac5e-1f0f90fda786,->,4d713b19-2562-4b88-adcb-4028eb735887,438081ba-4962-41f7-a060-4201ad0b9b24,60d5ee07-3ae5-4ae1-baad-a11ef4762a52
4d713b19-2562-4b88-adcb-4028eb735887,4da7a89d-6137-4151-abc7-d0e29c4fab86,f51afeb8-4f13-4f1f-a762-e2da235b62bf,->,4d713b19-2562-4b88-adcb-4028eb735887,438081ba-4962-41f7-a060-4201ad0b9b24,e31963e7-39ec-4ab1-89f5-c288d0934b23
4d713b19-2562-4b88-adcb-4028eb735887,4da7a89d-6137-4151-abc7-d0e29c4fab86,361fe593-544b-4507-871f-4027deea32f8,->,4d713b19-2562-4b88-adcb-4028eb735887,438081ba-4962-41f7-a060-4201ad0b9b24,85b59bac-2b2d-4790-a09a-fbf9a34d4ccb
4d713b19-2562-4b88-adcb-4028eb735887,4da7a89d-6137-4151-abc7-d0e29c4fab86,b0eba5fb-971e-4e1a-9248-f377c65b7c15,->,4d713b19-2562-4b88-adcb-4028eb735887,java/lang/Boolean.java,valueOf
4d713b19-2562-4b88-adcb-4028eb735887,4da7a89d-6137-4151-abc7-d0e29c4fab86,b0eba5fb-971e-4e1a-9248-f377c65b7c15,->,4d713b19-2562-4b88-adcb-4028eb735887,438081ba-4962-41f7-a060-4201ad0b9b24,054bb353-c060-4b74-b530-b090d56e8bb7
4d713b19-2562-4b88-adcb-4028eb735887,4da7a89d-6137-4151-abc7-d0e29c4fab86,d75bee71-0e64-4af0-bc6d-e47e3c0cf1f5,->,4d713b19-2562-4b88-adcb-4028eb735887,438081ba-4962-41f7-a060-4201ad0b9b24,054bb353-c060-4b74-b530-b090d56e8bb7
4d713b19-2562-4b88-adcb-4028eb735887,4da7a89d-6137-4151-abc7-d0e29c4fab86,317fcd18-e9dc-4c7f-886a-2db8cbbc41af,->,4d713b19-2562-4b88-adcb-4028eb735887,438081ba-4962-41f7-a060-4201ad0b9b24,45ac395a-99bc-464a-9a11-ed90a59ba575
4d713b19-2562-4b88-adcb-4028eb735887,4da7a89d-6137-4151-abc7-d0e29c4fab86,50c690ed-e852-472c-ad45-bc821128fc1b,->,4d713b19-2562-4b88-adcb-4028eb735887,java/lang/Boolean.java,valueOf
4d713b19-2562-4b88-adcb-4028eb735887,4da7a89d-6137-4151-abc7-d0e29c4fab86,50c690ed-e852-472c-ad45-bc821128fc1b,->,4d713b19-2562-4b88-adcb-4028eb735887,438081ba-4962-41f7-a060-4201ad0b9b24,e61c1d7d-f334-4487-bdec-507c8291da69
4d713b19-2562-4b88-adcb-4028eb735887,4da7a89d-6137-4151-abc7-d0e29c4fab86,5519612d-8237-4dca-a4b3-54a7313c1c59,->,4d713b19-2562-4b88-adcb-4028eb735887,438081ba-4962-41f7-a060-4201ad0b9b24,e61c1d7d-f334-4487-bdec-507c8291da69
4d713b19-2562-4b88-adcb-4028eb735887,4da7a89d-6137-4151-abc7-d0e29c4fab86,4179394a-d9d2-4420-88ae-64f6bf9bb176,->,4d713b19-2562-4b88-adcb-4028eb735887,438081ba-4962-41f7-a060-4201ad0b9b24,213ee37f-0626-42f0-80c6-78092b046126
4d713b19-2562-4b88-adcb-4028eb735887,4da7a89d-6137-4151-abc7-d0e29c4fab86,abdc9484-b6de-43a9-a5b0-377adc85e3fe,->,4d713b19-2562-4b88-adcb-4028eb735887,438081ba-4962-41f7-a060-4201ad0b9b24,213ee37f-0626-42f0-80c6-78092b046126
4d713b19-2562-4b88-adcb-4028eb735887,4da7a89d-6137-4151-abc7-d0e29c4fab86,bc83b016-7b2a-4a2e-8f6a-76c3bee67490,->,4d713b19-2562-4b88-adcb-4028eb735887,438081ba-4962-41f7-a060-4201ad0b9b24,02e2a5a4-2534-445a-84c6-322311d3f002
4d713b19-2562-4b88-adcb-4028eb735887,4da7a89d-6137-4151-abc7-d0e29c4fab86,f0eca6f4-145d-49c6-8fd2-83f8cce3c862,->,4d713b19-2562-4b88-adcb-4028eb735887,438081ba-4962-41f7-a060-4201ad0b9b24,02e2a5a4-2534-445a-84c6-322311d3f002
4d713b19-2562-4b88-adcb-4028eb735887,4da7a89d-6137-4151-abc7-d0e29c4fab86,6645bcf5-e913-4f6f-b475-aed16a2a1bed,->,4d713b19-2562-4b88-adcb-4028eb735887,438081ba-4962-41f7-a060-4201ad0b9b24,cc7f1dd3-43ee-4849-a488-91daea2307f9
4d713b19-2562-4b88-adcb-4028eb735887,4da7a89d-6137-4151-abc7-d0e29c4fab86,0f3ea6ee-0273-48f3-a90d-d1d759f9957e,->,4d713b19-2562-4b88-adcb-4028eb735887,438081ba-4962-41f7-a060-4201ad0b9b24,cc7f1dd3-43ee-4849-a488-91daea2307f9
4d713b19-2562-4b88-adcb-4028eb735887,4da7a89d-6137-4151-abc7-d0e29c4fab86,31e37c4a-8352-4ea0-8bb6-c7097698c71f,->,4d713b19-2562-4b88-adcb-4028eb735887,438081ba-4962-41f7-a060-4201ad0b9b24,135b9e88-53f1-4bc0-9fb8-5d726ce3300f
4d713b19-2562-4b88-adcb-4028eb735887,4da7a89d-6137-4151-abc7-d0e29c4fab86,b83663e9-2260-466b-8ab6-d53cee838edb,->,4d713b19-2562-4b88-adcb-4028eb735887,438081ba-4962-41f7-a060-4201ad0b9b24,135b9e88-53f1-4bc0-9fb8-5d726ce3300f
4d713b19-2562-4b88-adcb-4028eb735887,4da7a89d-6137-4151-abc7-d0e29c4fab86,dbc4879c-ed6d-4667-918c-47f9ed662340,->,4d713b19-2562-4b88-adcb-4028eb735887,438081ba-4962-41f7-a060-4201ad0b9b24,8a029aa3-529f-4712-a662-ea1834e50301
4d713b19-2562-4b88-adcb-4028eb735887,4da7a89d-6137-4151-abc7-d0e29c4fab86,e1b90915-9dba-4117-afb7-10228f1c9de8,->,4d713b19-2562-4b88-adcb-4028eb735887,438081ba-4962-41f7-a060-4201ad0b9b24,8a029aa3-529f-4712-a662-ea1834e50301
4d713b19-2562-4b88-adcb-4028eb735887,4da7a89d-6137-4151-abc7-d0e29c4fab86,51abef1d-8dce-4643-ba20-b7b32adb6e75,->,4d713b19-2562-4b88-adcb-4028eb735887,4da7a89d-6137-4151-abc7-d0e29c4fab86,ade9d802-63a4-4502-8b6d-070f1a8a1e56
4d713b19-2562-4b88-adcb-4028eb735887,4da7a89d-6137-4151-abc7-d0e29c4fab86,51abef1d-8dce-4643-ba20-b7b32adb6e75,->,4d713b19-2562-4b88-adcb-4028eb735887,f6cff5ad-0ffe-4ea0-a3af-8dd14ea9b9de,0a4b3d1d-18b3-4b93-bd49-a07eb8a640aa
4d713b19-2562-4b88-adcb-4028eb735887,4da7a89d-6137-4151-abc7-d0e29c4fab86,51abef1d-8dce-4643-ba20-b7b32adb6e75,->,4d713b19-2562-4b88-adcb-4028eb735887,f6cff5ad-0ffe-4ea0-a3af-8dd14ea9b9de,d972852a-6688-41a3-b0b5-e292a847fc57
4d713b19-2562-4b88-adcb-4028eb735887,4da7a89d-6137-4151-abc7-d0e29c4fab86,ade9d802-63a4-4502-8b6d-070f1a8a1e56,->,4d713b19-2562-4b88-adcb-4028eb735887,438081ba-4962-41f7-a060-4201ad0b9b24,c6cb6659-7774-4862-b60f-c34687a69850
4d713b19-2562-4b88-adcb-4028eb735887,4da7a89d-6137-4151-abc7-d0e29c4fab86,ade9d802-63a4-4502-8b6d-070f1a8a1e56,->,4d713b19-2562-4b88-adcb-4028eb735887,2e77b6f2-1b17-4d38-b58d-249eb739ed4f,f05c8cb6-e889-480f-b9d6-fb7f56b2c879
4d713b19-2562-4b88-adcb-4028eb735887,4da7a89d-6137-4151-abc7-d0e29c4fab86,ade9d802-63a4-4502-8b6d-070f1a8a1e56,->,4d713b19-2562-4b88-adcb-4028eb735887,java/lang/Boolean.java,booleanValue
4d713b19-2562-4b88-adcb-4028eb735887,4da7a89d-6137-4151-abc7-d0e29c4fab86,ade9d802-63a4-4502-8b6d-070f1a8a1e56,->,4d713b19-2562-4b88-adcb-4028eb735887,438081ba-4962-41f7-a060-4201ad0b9b24,7923466d-edfc-4306-8c29-12449e4ad935
4d713b19-2562-4b88-adcb-4028eb735887,4da7a89d-6137-4151-abc7-d0e29c4fab86,ade9d802-63a4-4502-8b6d-070f1a8a1e56,->,4d713b19-2562-4b88-adcb-4028eb735887,java/lang/Integer.java,intValue
4d713b19-2562-4b88-adcb-4028eb735887,4da7a89d-6137-4151-abc7-d0e29c4fab86,ade9d802-63a4-4502-8b6d-070f1a8a1e56,->,4d713b19-2562-4b88-adcb-4028eb735887,java/lang/Integer.java,valueOf
4d713b19-2562-4b88-adcb-4028eb735887,4da7a89d-6137-4151-abc7-d0e29c4fab86,ade9d802-63a4-4502-8b6d-070f1a8a1e56,->,4d713b19-2562-4b88-adcb-4028eb735887,4da7a89d-6137-4151-abc7-d0e29c4fab86,63cf63c7-8d9d-493f-ac5e-1f0f90fda786
4d713b19-2562-4b88-adcb-4028eb735887,4da7a89d-6137-4151-abc7-d0e29c4fab86,ade9d802-63a4-4502-8b6d-070f1a8a1e56,->,4d713b19-2562-4b88-adcb-4028eb735887,438081ba-4962-41f7-a060-4201ad0b9b24,d47bac67-f78f-428f-9019-8cf1337a4914
4d713b19-2562-4b88-adcb-4028eb735887,4da7a89d-6137-4151-abc7-d0e29c4fab86,ade9d802-63a4-4502-8b6d-070f1a8a1e56,->,4d713b19-2562-4b88-adcb-4028eb735887,java/lang/Integer.java,intValue
4d713b19-2562-4b88-adcb-4028eb735887,4da7a89d-6137-4151-abc7-d0e29c4fab86,ade9d802-63a4-4502-8b6d-070f1a8a1e56,->,4d713b19-2562-4b88-adcb-4028eb735887,java/lang/Integer.java,intValue
4d713b19-2562-4b88-adcb-4028eb735887,4da7a89d-6137-4151-abc7-d0e29c4fab86,ade9d802-63a4-4502-8b6d-070f1a8a1e56,->,4d713b19-2562-4b88-adcb-4028eb735887,4da7a89d-6137-4151-abc7-d0e29c4fab86,f51afeb8-4f13-4f1f-a762-e2da235b62bf
4d713b19-2562-4b88-adcb-4028eb735887,2e77b6f2-1b17-4d38-b58d-249eb739ed4f,f05c8cb6-e889-480f-b9d6-fb7f56b2c879,->,4d713b19-2562-4b88-adcb-4028eb735887,java/lang/String.java,trim
4d713b19-2562-4b88-adcb-4028eb735887,2e77b6f2-1b17-4d38-b58d-249eb739ed4f,f05c8cb6-e889-480f-b9d6-fb7f56b2c879,->,4d713b19-2562-4b88-adcb-4028eb735887,java/lang/String.java,length
4d713b19-2562-4b88-adcb-4028eb735887,2e77b6f2-1b17-4d38-b58d-249eb739ed4f,f05c8cb6-e889-480f-b9d6-fb7f56b2c879,->,4d713b19-2562-4b88-adcb-4028eb735887,java/lang/Boolean.java,valueOf
4d713b19-2562-4b88-adcb-4028eb735887,2e77b6f2-1b17-4d38-b58d-249eb739ed4f,f05c8cb6-e889-480f-b9d6-fb7f56b2c879,->,4d713b19-2562-4b88-adcb-4028eb735887,java/lang/Boolean.java,valueOf
4d713b19-2562-4b88-adcb-4028eb735887,0e79f749-fb8e-49f7-b540-9c3c42fb3c16,7d670925-9134-4c4a-889c-e655fa63e3d7,->,4d713b19-2562-4b88-adcb-4028eb735887,4da7a89d-6137-4151-abc7-d0e29c4fab86,fb2abc42-9d5e-4cb7-98e4-a318576b7628
4d713b19-2562-4b88-adcb-4028eb735887,0e79f749-fb8e-49f7-b540-9c3c42fb3c16,7d670925-9134-4c4a-889c-e655fa63e3d7,->,4d713b19-2562-4b88-adcb-4028eb735887,4da7a89d-6137-4151-abc7-d0e29c4fab86,361fe593-544b-4507-871f-4027deea32f8
4d713b19-2562-4b88-adcb-4028eb735887,0e79f749-fb8e-49f7-b540-9c3c42fb3c16,7d670925-9134-4c4a-889c-e655fa63e3d7,->,4d713b19-2562-4b88-adcb-4028eb735887,java/lang/Integer.java,valueOf
4d713b19-2562-4b88-adcb-4028eb735887,0e79f749-fb8e-49f7-b540-9c3c42fb3c16,7d670925-9134-4c4a-889c-e655fa63e3d7,->,4d713b19-2562-4b88-adcb-4028eb735887,4da7a89d-6137-4151-abc7-d0e29c4fab86,63cf63c7-8d9d-493f-ac5e-1f0f90fda786
4d713b19-2562-4b88-adcb-4028eb735887,0e79f749-fb8e-49f7-b540-9c3c42fb3c16,7d670925-9134-4c4a-889c-e655fa63e3d7,->,4d713b19-2562-4b88-adcb-4028eb735887,4da7a89d-6137-4151-abc7-d0e29c4fab86,e1b90915-9dba-4117-afb7-10228f1c9de8
4d713b19-2562-4b88-adcb-4028eb735887,0e79f749-fb8e-49f7-b540-9c3c42fb3c16,7d670925-9134-4c4a-889c-e655fa63e3d7,->,4d713b19-2562-4b88-adcb-4028eb735887,4da7a89d-6137-4151-abc7-d0e29c4fab86,317fcd18-e9dc-4c7f-886a-2db8cbbc41af
4d713b19-2562-4b88-adcb-4028eb735887,0e79f749-fb8e-49f7-b540-9c3c42fb3c16,7d670925-9134-4c4a-889c-e655fa63e3d7,->,4d713b19-2562-4b88-adcb-4028eb735887,4da7a89d-6137-4151-abc7-d0e29c4fab86,51abef1d-8dce-4643-ba20-b7b32adb6e75
4d713b19-2562-4b88-adcb-4028eb735887,0e79f749-fb8e-49f7-b540-9c3c42fb3c16,7d670925-9134-4c4a-889c-e655fa63e3d7,->,4d713b19-2562-4b88-adcb-4028eb735887,java/util/List.java,iterator
4d713b19-2562-4b88-adcb-4028eb735887,0e79f749-fb8e-49f7-b540-9c3c42fb3c16,7d670925-9134-4c4a-889c-e655fa63e3d7,->,4d713b19-2562-4b88-adcb-4028eb735887,java/util/Iterator.java,hasNext
4d713b19-2562-4b88-adcb-4028eb735887,0e79f749-fb8e-49f7-b540-9c3c42fb3c16,7d670925-9134-4c4a-889c-e655fa63e3d7,->,4d713b19-2562-4b88-adcb-4028eb735887,java/util/Iterator.java,next
4d713b19-2562-4b88-adcb-4028eb735887,0e79f749-fb8e-49f7-b540-9c3c42fb3c16,7d670925-9134-4c4a-889c-e655fa63e3d7,->,4d713b19-2562-4b88-adcb-4028eb735887,java/io/PrintStream.java,println
4d713b19-2562-4b88-adcb-4028eb735887,ff419368-9ae5-456a-a0a5-2be386abaadd,9de9593c-56f1-42fe-8129-506961626583,->,4d713b19-2562-4b88-adcb-4028eb735887,java/lang/ClassLoader.java,getSystemClassLoader
4d713b19-2562-4b88-adcb-4028eb735887,ff419368-9ae5-456a-a0a5-2be386abaadd,9de9593c-56f1-42fe-8129-506961626583,->,4d713b19-2562-4b88-adcb-4028eb735887,java/lang/ClassLoader.java,getResourceAsStream
4d713b19-2562-4b88-adcb-4028eb735887,ff419368-9ae5-456a-a0a5-2be386abaadd,9de9593c-56f1-42fe-8129-506961626583,->,4d713b19-2562-4b88-adcb-4028eb735887,java/util/Properties.java,load
4d713b19-2562-4b88-adcb-4028eb735887,ff419368-9ae5-456a-a0a5-2be386abaadd,9de9593c-56f1-42fe-8129-506961626583,->,4d713b19-2562-4b88-adcb-4028eb735887,java/io/InputStream.java,close
4d713b19-2562-4b88-adcb-4028eb735887,ff419368-9ae5-456a-a0a5-2be386abaadd,9de9593c-56f1-42fe-8129-506961626583,->,4d713b19-2562-4b88-adcb-4028eb735887,java/util/Properties.java,containsKey
4d713b19-2562-4b88-adcb-4028eb735887,ff419368-9ae5-456a-a0a5-2be386abaadd,9de9593c-56f1-42fe-8129-506961626583,->,4d713b19-2562-4b88-adcb-4028eb735887,java/lang/Class.java,getName
4d713b19-2562-4b88-adcb-4028eb735887,ff419368-9ae5-456a-a0a5-2be386abaadd,9de9593c-56f1-42fe-8129-506961626583,->,4d713b19-2562-4b88-adcb-4028eb735887,java/util/Properties.java,setProperty
4d713b19-2562-4b88-adcb-4028eb735887,ff419368-9ae5-456a-a0a5-2be386abaadd,3e619907-a64c-4465-b177-97c9e994a180,->,4d713b19-2562-4b88-adcb-4028eb735887,java/util/Properties.java,getProperty
4d713b19-2562-4b88-adcb-4028eb735887,ff419368-9ae5-456a-a0a5-2be386abaadd,c1d93c4c-6d0e-4e2c-bec0-1f229c54520f,->,4d713b19-2562-4b88-adcb-4028eb735887,ff419368-9ae5-456a-a0a5-2be386abaadd,9de9593c-56f1-42fe-8129-506961626583
4d713b19-2562-4b88-adcb-4028eb735887,ff419368-9ae5-456a-a0a5-2be386abaadd,c1d93c4c-6d0e-4e2c-bec0-1f229c54520f,->,4d713b19-2562-4b88-adcb-4028eb735887,java/lang/StringBuilder.java,append
4d713b19-2562-4b88-adcb-4028eb735887,ff419368-9ae5-456a-a0a5-2be386abaadd,c1d93c4c-6d0e-4e2c-bec0-1f229c54520f,->,4d713b19-2562-4b88-adcb-4028eb735887,ff419368-9ae5-456a-a0a5-2be386abaadd,3e619907-a64c-4465-b177-97c9e994a180
4d713b19-2562-4b88-adcb-4028eb735887,ff419368-9ae5-456a-a0a5-2be386abaadd,c1d93c4c-6d0e-4e2c-bec0-1f229c54520f,->,4d713b19-2562-4b88-adcb-4028eb735887,java/lang/StringBuilder.java,append
4d713b19-2562-4b88-adcb-4028eb735887,ff419368-9ae5-456a-a0a5-2be386abaadd,c1d93c4c-6d0e-4e2c-bec0-1f229c54520f,->,4d713b19-2562-4b88-adcb-4028eb735887,java/lang/StringBuilder.java,toString
4d713b19-2562-4b88-adcb-4028eb735887,ff419368-9ae5-456a-a0a5-2be386abaadd,c1d93c4c-6d0e-4e2c-bec0-1f229c54520f,->,4d713b19-2562-4b88-adcb-4028eb735887,java/io/PrintStream.java,println
4d713b19-2562-4b88-adcb-4028eb735887,347b54ce-825b-4312-90c5-8ee0d99d4a4b,5708658a-f8d9-4b79-8d29-0a444cc3d4e4,->,4d713b19-2562-4b88-adcb-4028eb735887,ff419368-9ae5-456a-a0a5-2be386abaadd,9de9593c-56f1-42fe-8129-506961626583
4d713b19-2562-4b88-adcb-4028eb735887,347b54ce-825b-4312-90c5-8ee0d99d4a4b,5708658a-f8d9-4b79-8d29-0a444cc3d4e4,->,4d713b19-2562-4b88-adcb-4028eb735887,java/lang/StringBuilder.java,append
4d713b19-2562-4b88-adcb-4028eb735887,347b54ce-825b-4312-90c5-8ee0d99d4a4b,5708658a-f8d9-4b79-8d29-0a444cc3d4e4,->,4d713b19-2562-4b88-adcb-4028eb735887,ff419368-9ae5-456a-a0a5-2be386abaadd,3e619907-a64c-4465-b177-97c9e994a180
4d713b19-2562-4b88-adcb-4028eb735887,347b54ce-825b-4312-90c5-8ee0d99d4a4b,5708658a-f8d9-4b79-8d29-0a444cc3d4e4,->,4d713b19-2562-4b88-adcb-4028eb735887,java/lang/StringBuilder.java,append
4d713b19-2562-4b88-adcb-4028eb735887,347b54ce-825b-4312-90c5-8ee0d99d4a4b,5708658a-f8d9-4b79-8d29-0a444cc3d4e4,->,4d713b19-2562-4b88-adcb-4028eb735887,java/lang/StringBuilder.java,toString
4d713b19-2562-4b88-adcb-4028eb735887,347b54ce-825b-4312-90c5-8ee0d99d4a4b,5708658a-f8d9-4b79-8d29-0a444cc3d4e4,->,4d713b19-2562-4b88-adcb-4028eb735887,java/io/PrintStream.java,println
4d713b19-2562-4b88-adcb-4028eb735887,347b54ce-825b-4312-90c5-8ee0d99d4a4b,5708658a-f8d9-4b79-8d29-0a444cc3d4e4,->,4d713b19-2562-4b88-adcb-4028eb735887,ff419368-9ae5-456a-a0a5-2be386abaadd,3e619907-a64c-4465-b177-97c9e994a180
4d713b19-2562-4b88-adcb-4028eb735887,347b54ce-825b-4312-90c5-8ee0d99d4a4b,5708658a-f8d9-4b79-8d29-0a444cc3d4e4,->,4d713b19-2562-4b88-adcb-4028eb735887,org/junit/Assert.java,assertEquals
