caller_project_id,caller_class_id,caller_method_id,CALL_DIRECTION,callee_project_id,callee_class_id,callee_method_id
594358a7-72be-4e3d-ac6b-56d24234a197,81bd2b74-a57f-49ce-a631-2345162bebcc,e252e95f-db34-4979-a2b4-47e9031ab659,->,594358a7-72be-4e3d-ac6b-56d24234a197,org/springframework/context/ApplicationContext.java,getBean
594358a7-72be-4e3d-ac6b-56d24234a197,81bd2b74-a57f-49ce-a631-2345162bebcc,cca75063-25f7-4750-b4aa-dd371da8a6cc,->,594358a7-72be-4e3d-ac6b-56d24234a197,java/util/UUID.java,fromString
594358a7-72be-4e3d-ac6b-56d24234a197,81bd2b74-a57f-49ce-a631-2345162bebcc,cca75063-25f7-4750-b4aa-dd371da8a6cc,->,594358a7-72be-4e3d-ac6b-56d24234a197,2ea789ea-a172-47a1-bf3b-24ae905b7733,e925e8e3-3453-44f7-b47c-622e6a635549
594358a7-72be-4e3d-ac6b-56d24234a197,81bd2b74-a57f-49ce-a631-2345162bebcc,cca75063-25f7-4750-b4aa-dd371da8a6cc,->,594358a7-72be-4e3d-ac6b-56d24234a197,java/util/List.java,get
594358a7-72be-4e3d-ac6b-56d24234a197,81bd2b74-a57f-49ce-a631-2345162bebcc,cca75063-25f7-4750-b4aa-dd371da8a6cc,->,594358a7-72be-4e3d-ac6b-56d24234a197,f9418d72-fab8-440f-b5a4-b9fd4d1b063c,d9b1b9c4-52ac-40f9-a297-b160e9603aef
594358a7-72be-4e3d-ac6b-56d24234a197,81bd2b74-a57f-49ce-a631-2345162bebcc,cca75063-25f7-4750-b4aa-dd371da8a6cc,->,594358a7-72be-4e3d-ac6b-56d24234a197,org/junit/Assert.java,assertEquals
594358a7-72be-4e3d-ac6b-56d24234a197,81bd2b74-a57f-49ce-a631-2345162bebcc,cca75063-25f7-4750-b4aa-dd371da8a6cc,->,594358a7-72be-4e3d-ac6b-56d24234a197,f9418d72-fab8-440f-b5a4-b9fd4d1b063c,959b7711-07ce-4727-8871-3fbbe945aafc
594358a7-72be-4e3d-ac6b-56d24234a197,81bd2b74-a57f-49ce-a631-2345162bebcc,cca75063-25f7-4750-b4aa-dd371da8a6cc,->,594358a7-72be-4e3d-ac6b-56d24234a197,org/junit/Assert.java,assertEquals
594358a7-72be-4e3d-ac6b-56d24234a197,81bd2b74-a57f-49ce-a631-2345162bebcc,cca75063-25f7-4750-b4aa-dd371da8a6cc,->,594358a7-72be-4e3d-ac6b-56d24234a197,java/util/UUID.java,fromString
594358a7-72be-4e3d-ac6b-56d24234a197,81bd2b74-a57f-49ce-a631-2345162bebcc,cca75063-25f7-4750-b4aa-dd371da8a6cc,->,594358a7-72be-4e3d-ac6b-56d24234a197,2ea789ea-a172-47a1-bf3b-24ae905b7733,e925e8e3-3453-44f7-b47c-622e6a635549
594358a7-72be-4e3d-ac6b-56d24234a197,81bd2b74-a57f-49ce-a631-2345162bebcc,cca75063-25f7-4750-b4aa-dd371da8a6cc,->,594358a7-72be-4e3d-ac6b-56d24234a197,java/util/List.java,get
594358a7-72be-4e3d-ac6b-56d24234a197,81bd2b74-a57f-49ce-a631-2345162bebcc,cca75063-25f7-4750-b4aa-dd371da8a6cc,->,594358a7-72be-4e3d-ac6b-56d24234a197,f9418d72-fab8-440f-b5a4-b9fd4d1b063c,d9b1b9c4-52ac-40f9-a297-b160e9603aef
594358a7-72be-4e3d-ac6b-56d24234a197,81bd2b74-a57f-49ce-a631-2345162bebcc,cca75063-25f7-4750-b4aa-dd371da8a6cc,->,594358a7-72be-4e3d-ac6b-56d24234a197,org/junit/Assert.java,assertEquals
594358a7-72be-4e3d-ac6b-56d24234a197,81bd2b74-a57f-49ce-a631-2345162bebcc,cca75063-25f7-4750-b4aa-dd371da8a6cc,->,594358a7-72be-4e3d-ac6b-56d24234a197,f9418d72-fab8-440f-b5a4-b9fd4d1b063c,959b7711-07ce-4727-8871-3fbbe945aafc
594358a7-72be-4e3d-ac6b-56d24234a197,81bd2b74-a57f-49ce-a631-2345162bebcc,cca75063-25f7-4750-b4aa-dd371da8a6cc,->,594358a7-72be-4e3d-ac6b-56d24234a197,org/junit/Assert.java,assertEquals
594358a7-72be-4e3d-ac6b-56d24234a197,81bd2b74-a57f-49ce-a631-2345162bebcc,cca75063-25f7-4750-b4aa-dd371da8a6cc,->,594358a7-72be-4e3d-ac6b-56d24234a197,java/util/UUID.java,fromString
594358a7-72be-4e3d-ac6b-56d24234a197,81bd2b74-a57f-49ce-a631-2345162bebcc,cca75063-25f7-4750-b4aa-dd371da8a6cc,->,594358a7-72be-4e3d-ac6b-56d24234a197,2ea789ea-a172-47a1-bf3b-24ae905b7733,e925e8e3-3453-44f7-b47c-622e6a635549
594358a7-72be-4e3d-ac6b-56d24234a197,81bd2b74-a57f-49ce-a631-2345162bebcc,cca75063-25f7-4750-b4aa-dd371da8a6cc,->,594358a7-72be-4e3d-ac6b-56d24234a197,java/util/List.java,get
594358a7-72be-4e3d-ac6b-56d24234a197,81bd2b74-a57f-49ce-a631-2345162bebcc,cca75063-25f7-4750-b4aa-dd371da8a6cc,->,594358a7-72be-4e3d-ac6b-56d24234a197,f9418d72-fab8-440f-b5a4-b9fd4d1b063c,d9b1b9c4-52ac-40f9-a297-b160e9603aef
594358a7-72be-4e3d-ac6b-56d24234a197,81bd2b74-a57f-49ce-a631-2345162bebcc,cca75063-25f7-4750-b4aa-dd371da8a6cc,->,594358a7-72be-4e3d-ac6b-56d24234a197,org/junit/Assert.java,assertEquals
594358a7-72be-4e3d-ac6b-56d24234a197,81bd2b74-a57f-49ce-a631-2345162bebcc,cca75063-25f7-4750-b4aa-dd371da8a6cc,->,594358a7-72be-4e3d-ac6b-56d24234a197,f9418d72-fab8-440f-b5a4-b9fd4d1b063c,959b7711-07ce-4727-8871-3fbbe945aafc
594358a7-72be-4e3d-ac6b-56d24234a197,81bd2b74-a57f-49ce-a631-2345162bebcc,cca75063-25f7-4750-b4aa-dd371da8a6cc,->,594358a7-72be-4e3d-ac6b-56d24234a197,org/junit/Assert.java,assertEquals
594358a7-72be-4e3d-ac6b-56d24234a197,81bd2b74-a57f-49ce-a631-2345162bebcc,cca75063-25f7-4750-b4aa-dd371da8a6cc,->,594358a7-72be-4e3d-ac6b-56d24234a197,org/junit/Assert.java,fail
594358a7-72be-4e3d-ac6b-56d24234a197,81bd2b74-a57f-49ce-a631-2345162bebcc,1454b46b-9412-4d12-bd65-f4e08999e40c,->,594358a7-72be-4e3d-ac6b-56d24234a197,2ea789ea-a172-47a1-bf3b-24ae905b7733,e925e8e3-3453-44f7-b47c-622e6a635549
594358a7-72be-4e3d-ac6b-56d24234a197,81bd2b74-a57f-49ce-a631-2345162bebcc,1454b46b-9412-4d12-bd65-f4e08999e40c,->,594358a7-72be-4e3d-ac6b-56d24234a197,java/util/List.java,size
594358a7-72be-4e3d-ac6b-56d24234a197,81bd2b74-a57f-49ce-a631-2345162bebcc,1454b46b-9412-4d12-bd65-f4e08999e40c,->,594358a7-72be-4e3d-ac6b-56d24234a197,org/junit/Assert.java,assertEquals
594358a7-72be-4e3d-ac6b-56d24234a197,81bd2b74-a57f-49ce-a631-2345162bebcc,1454b46b-9412-4d12-bd65-f4e08999e40c,->,594358a7-72be-4e3d-ac6b-56d24234a197,org/junit/Assert.java,fail
594358a7-72be-4e3d-ac6b-56d24234a197,81bd2b74-a57f-49ce-a631-2345162bebcc,0f8ebf35-5f91-4414-98bd-39b28913a0a5,->,594358a7-72be-4e3d-ac6b-56d24234a197,2ea789ea-a172-47a1-bf3b-24ae905b7733,f8fb4b7f-474d-4d65-8e2c-a20ed1ca05fa
594358a7-72be-4e3d-ac6b-56d24234a197,81bd2b74-a57f-49ce-a631-2345162bebcc,0f8ebf35-5f91-4414-98bd-39b28913a0a5,->,594358a7-72be-4e3d-ac6b-56d24234a197,org/junit/Assert.java,assertNotNull
594358a7-72be-4e3d-ac6b-56d24234a197,81bd2b74-a57f-49ce-a631-2345162bebcc,0f8ebf35-5f91-4414-98bd-39b28913a0a5,->,594358a7-72be-4e3d-ac6b-56d24234a197,org/junit/Assert.java,fail
594358a7-72be-4e3d-ac6b-56d24234a197,81bd2b74-a57f-49ce-a631-2345162bebcc,0f8ebf35-5f91-4414-98bd-39b28913a0a5,->,594358a7-72be-4e3d-ac6b-56d24234a197,2ea789ea-a172-47a1-bf3b-24ae905b7733,c80bd4fe-6fe7-4722-baba-28fe087dbfd9
594358a7-72be-4e3d-ac6b-56d24234a197,81bd2b74-a57f-49ce-a631-2345162bebcc,0f8ebf35-5f91-4414-98bd-39b28913a0a5,->,594358a7-72be-4e3d-ac6b-56d24234a197,org/junit/Assert.java,fail
594358a7-72be-4e3d-ac6b-56d24234a197,80c8c5fa-09a8-4f02-b3d0-3b9899531d29,1e90bed0-16c4-4aca-b984-dbf63610ae9d,->,594358a7-72be-4e3d-ac6b-56d24234a197,java/lang/StringBuilder.java,append
594358a7-72be-4e3d-ac6b-56d24234a197,80c8c5fa-09a8-4f02-b3d0-3b9899531d29,1e90bed0-16c4-4aca-b984-dbf63610ae9d,->,594358a7-72be-4e3d-ac6b-56d24234a197,java/lang/StringBuilder.java,append
594358a7-72be-4e3d-ac6b-56d24234a197,80c8c5fa-09a8-4f02-b3d0-3b9899531d29,1e90bed0-16c4-4aca-b984-dbf63610ae9d,->,594358a7-72be-4e3d-ac6b-56d24234a197,java/lang/StringBuilder.java,toString
594358a7-72be-4e3d-ac6b-56d24234a197,80c8c5fa-09a8-4f02-b3d0-3b9899531d29,1e90bed0-16c4-4aca-b984-dbf63610ae9d,->,594358a7-72be-4e3d-ac6b-56d24234a197,java/sql/Connection.java,prepareStatement
594358a7-72be-4e3d-ac6b-56d24234a197,80c8c5fa-09a8-4f02-b3d0-3b9899531d29,1e90bed0-16c4-4aca-b984-dbf63610ae9d,->,594358a7-72be-4e3d-ac6b-56d24234a197,java/util/UUID.java,toString
594358a7-72be-4e3d-ac6b-56d24234a197,80c8c5fa-09a8-4f02-b3d0-3b9899531d29,1e90bed0-16c4-4aca-b984-dbf63610ae9d,->,594358a7-72be-4e3d-ac6b-56d24234a197,java/sql/PreparedStatement.java,setString
594358a7-72be-4e3d-ac6b-56d24234a197,80c8c5fa-09a8-4f02-b3d0-3b9899531d29,1e90bed0-16c4-4aca-b984-dbf63610ae9d,->,594358a7-72be-4e3d-ac6b-56d24234a197,java/sql/PreparedStatement.java,executeQuery
594358a7-72be-4e3d-ac6b-56d24234a197,80c8c5fa-09a8-4f02-b3d0-3b9899531d29,1e90bed0-16c4-4aca-b984-dbf63610ae9d,->,594358a7-72be-4e3d-ac6b-56d24234a197,java/sql/ResultSet.java,next
594358a7-72be-4e3d-ac6b-56d24234a197,80c8c5fa-09a8-4f02-b3d0-3b9899531d29,1e90bed0-16c4-4aca-b984-dbf63610ae9d,->,594358a7-72be-4e3d-ac6b-56d24234a197,java/sql/ResultSet.java,getString
594358a7-72be-4e3d-ac6b-56d24234a197,80c8c5fa-09a8-4f02-b3d0-3b9899531d29,1e90bed0-16c4-4aca-b984-dbf63610ae9d,->,594358a7-72be-4e3d-ac6b-56d24234a197,java/util/UUID.java,fromString
594358a7-72be-4e3d-ac6b-56d24234a197,80c8c5fa-09a8-4f02-b3d0-3b9899531d29,1e90bed0-16c4-4aca-b984-dbf63610ae9d,->,594358a7-72be-4e3d-ac6b-56d24234a197,f9418d72-fab8-440f-b5a4-b9fd4d1b063c,12cb57e7-511d-4659-8214-435844de7975
594358a7-72be-4e3d-ac6b-56d24234a197,80c8c5fa-09a8-4f02-b3d0-3b9899531d29,1e90bed0-16c4-4aca-b984-dbf63610ae9d,->,594358a7-72be-4e3d-ac6b-56d24234a197,java/sql/ResultSet.java,getString
594358a7-72be-4e3d-ac6b-56d24234a197,80c8c5fa-09a8-4f02-b3d0-3b9899531d29,1e90bed0-16c4-4aca-b984-dbf63610ae9d,->,594358a7-72be-4e3d-ac6b-56d24234a197,f9418d72-fab8-440f-b5a4-b9fd4d1b063c,472687a3-c62c-4581-82da-7d5045fbd19f
594358a7-72be-4e3d-ac6b-56d24234a197,80c8c5fa-09a8-4f02-b3d0-3b9899531d29,1e90bed0-16c4-4aca-b984-dbf63610ae9d,->,594358a7-72be-4e3d-ac6b-56d24234a197,java/sql/ResultSet.java,getString
594358a7-72be-4e3d-ac6b-56d24234a197,80c8c5fa-09a8-4f02-b3d0-3b9899531d29,1e90bed0-16c4-4aca-b984-dbf63610ae9d,->,594358a7-72be-4e3d-ac6b-56d24234a197,f9418d72-fab8-440f-b5a4-b9fd4d1b063c,42e7c825-dd82-4b2c-af55-fba84eb29d55
594358a7-72be-4e3d-ac6b-56d24234a197,80c8c5fa-09a8-4f02-b3d0-3b9899531d29,1e90bed0-16c4-4aca-b984-dbf63610ae9d,->,594358a7-72be-4e3d-ac6b-56d24234a197,java/sql/ResultSet.java,getString
594358a7-72be-4e3d-ac6b-56d24234a197,80c8c5fa-09a8-4f02-b3d0-3b9899531d29,1e90bed0-16c4-4aca-b984-dbf63610ae9d,->,594358a7-72be-4e3d-ac6b-56d24234a197,f9418d72-fab8-440f-b5a4-b9fd4d1b063c,7eb194e0-5b3f-48b1-9243-109035000b6a
594358a7-72be-4e3d-ac6b-56d24234a197,80c8c5fa-09a8-4f02-b3d0-3b9899531d29,1e90bed0-16c4-4aca-b984-dbf63610ae9d,->,594358a7-72be-4e3d-ac6b-56d24234a197,java/sql/ResultSet.java,getString
594358a7-72be-4e3d-ac6b-56d24234a197,80c8c5fa-09a8-4f02-b3d0-3b9899531d29,1e90bed0-16c4-4aca-b984-dbf63610ae9d,->,594358a7-72be-4e3d-ac6b-56d24234a197,f9418d72-fab8-440f-b5a4-b9fd4d1b063c,f02cdf9c-2814-4287-8fff-d0f519275905
594358a7-72be-4e3d-ac6b-56d24234a197,80c8c5fa-09a8-4f02-b3d0-3b9899531d29,1e90bed0-16c4-4aca-b984-dbf63610ae9d,->,594358a7-72be-4e3d-ac6b-56d24234a197,java/sql/ResultSet.java,getString
594358a7-72be-4e3d-ac6b-56d24234a197,80c8c5fa-09a8-4f02-b3d0-3b9899531d29,1e90bed0-16c4-4aca-b984-dbf63610ae9d,->,594358a7-72be-4e3d-ac6b-56d24234a197,f9418d72-fab8-440f-b5a4-b9fd4d1b063c,3d5add73-758c-41bf-9bd1-0565fd86781a
594358a7-72be-4e3d-ac6b-56d24234a197,80c8c5fa-09a8-4f02-b3d0-3b9899531d29,1e90bed0-16c4-4aca-b984-dbf63610ae9d,->,594358a7-72be-4e3d-ac6b-56d24234a197,java/util/List.java,add
594358a7-72be-4e3d-ac6b-56d24234a197,80c8c5fa-09a8-4f02-b3d0-3b9899531d29,1e90bed0-16c4-4aca-b984-dbf63610ae9d,->,594358a7-72be-4e3d-ac6b-56d24234a197,java/sql/ResultSet.java,close
594358a7-72be-4e3d-ac6b-56d24234a197,80c8c5fa-09a8-4f02-b3d0-3b9899531d29,1e90bed0-16c4-4aca-b984-dbf63610ae9d,->,594358a7-72be-4e3d-ac6b-56d24234a197,java/sql/ResultSet.java,close
594358a7-72be-4e3d-ac6b-56d24234a197,80c8c5fa-09a8-4f02-b3d0-3b9899531d29,1e90bed0-16c4-4aca-b984-dbf63610ae9d,->,594358a7-72be-4e3d-ac6b-56d24234a197,java/lang/StringBuilder.java,append
594358a7-72be-4e3d-ac6b-56d24234a197,80c8c5fa-09a8-4f02-b3d0-3b9899531d29,1e90bed0-16c4-4aca-b984-dbf63610ae9d,->,594358a7-72be-4e3d-ac6b-56d24234a197,java/sql/SQLException.java,getMessage
594358a7-72be-4e3d-ac6b-56d24234a197,80c8c5fa-09a8-4f02-b3d0-3b9899531d29,1e90bed0-16c4-4aca-b984-dbf63610ae9d,->,594358a7-72be-4e3d-ac6b-56d24234a197,java/lang/StringBuilder.java,append
594358a7-72be-4e3d-ac6b-56d24234a197,80c8c5fa-09a8-4f02-b3d0-3b9899531d29,1e90bed0-16c4-4aca-b984-dbf63610ae9d,->,594358a7-72be-4e3d-ac6b-56d24234a197,java/lang/StringBuilder.java,toString
594358a7-72be-4e3d-ac6b-56d24234a197,80c8c5fa-09a8-4f02-b3d0-3b9899531d29,1e90bed0-16c4-4aca-b984-dbf63610ae9d,->,594358a7-72be-4e3d-ac6b-56d24234a197,org/apache/log4j/Logger.java,error
594358a7-72be-4e3d-ac6b-56d24234a197,80c8c5fa-09a8-4f02-b3d0-3b9899531d29,318337bb-9b37-42e6-975c-ae26236a8e8e,->,594358a7-72be-4e3d-ac6b-56d24234a197,java/sql/Connection.java,prepareStatement
594358a7-72be-4e3d-ac6b-56d24234a197,80c8c5fa-09a8-4f02-b3d0-3b9899531d29,318337bb-9b37-42e6-975c-ae26236a8e8e,->,594358a7-72be-4e3d-ac6b-56d24234a197,java/util/UUID.java,toString
594358a7-72be-4e3d-ac6b-56d24234a197,80c8c5fa-09a8-4f02-b3d0-3b9899531d29,318337bb-9b37-42e6-975c-ae26236a8e8e,->,594358a7-72be-4e3d-ac6b-56d24234a197,java/sql/PreparedStatement.java,setString
594358a7-72be-4e3d-ac6b-56d24234a197,80c8c5fa-09a8-4f02-b3d0-3b9899531d29,318337bb-9b37-42e6-975c-ae26236a8e8e,->,594358a7-72be-4e3d-ac6b-56d24234a197,java/util/UUID.java,toString
594358a7-72be-4e3d-ac6b-56d24234a197,80c8c5fa-09a8-4f02-b3d0-3b9899531d29,318337bb-9b37-42e6-975c-ae26236a8e8e,->,594358a7-72be-4e3d-ac6b-56d24234a197,java/sql/PreparedStatement.java,setString
594358a7-72be-4e3d-ac6b-56d24234a197,80c8c5fa-09a8-4f02-b3d0-3b9899531d29,318337bb-9b37-42e6-975c-ae26236a8e8e,->,594358a7-72be-4e3d-ac6b-56d24234a197,java/util/UUID.java,toString
594358a7-72be-4e3d-ac6b-56d24234a197,80c8c5fa-09a8-4f02-b3d0-3b9899531d29,318337bb-9b37-42e6-975c-ae26236a8e8e,->,594358a7-72be-4e3d-ac6b-56d24234a197,java/sql/PreparedStatement.java,setString
594358a7-72be-4e3d-ac6b-56d24234a197,80c8c5fa-09a8-4f02-b3d0-3b9899531d29,318337bb-9b37-42e6-975c-ae26236a8e8e,->,594358a7-72be-4e3d-ac6b-56d24234a197,java/sql/PreparedStatement.java,executeUpdate
594358a7-72be-4e3d-ac6b-56d24234a197,80c8c5fa-09a8-4f02-b3d0-3b9899531d29,318337bb-9b37-42e6-975c-ae26236a8e8e,->,594358a7-72be-4e3d-ac6b-56d24234a197,java/lang/StringBuilder.java,append
594358a7-72be-4e3d-ac6b-56d24234a197,80c8c5fa-09a8-4f02-b3d0-3b9899531d29,318337bb-9b37-42e6-975c-ae26236a8e8e,->,594358a7-72be-4e3d-ac6b-56d24234a197,java/sql/SQLException.java,getMessage
594358a7-72be-4e3d-ac6b-56d24234a197,80c8c5fa-09a8-4f02-b3d0-3b9899531d29,318337bb-9b37-42e6-975c-ae26236a8e8e,->,594358a7-72be-4e3d-ac6b-56d24234a197,java/lang/StringBuilder.java,append
594358a7-72be-4e3d-ac6b-56d24234a197,80c8c5fa-09a8-4f02-b3d0-3b9899531d29,318337bb-9b37-42e6-975c-ae26236a8e8e,->,594358a7-72be-4e3d-ac6b-56d24234a197,java/lang/StringBuilder.java,toString
594358a7-72be-4e3d-ac6b-56d24234a197,80c8c5fa-09a8-4f02-b3d0-3b9899531d29,318337bb-9b37-42e6-975c-ae26236a8e8e,->,594358a7-72be-4e3d-ac6b-56d24234a197,org/apache/log4j/Logger.java,error
594358a7-72be-4e3d-ac6b-56d24234a197,80c8c5fa-09a8-4f02-b3d0-3b9899531d29,b07e2bcc-a9a7-4ff4-b920-3f577754b959,->,594358a7-72be-4e3d-ac6b-56d24234a197,java/sql/Connection.java,prepareStatement
594358a7-72be-4e3d-ac6b-56d24234a197,80c8c5fa-09a8-4f02-b3d0-3b9899531d29,b07e2bcc-a9a7-4ff4-b920-3f577754b959,->,594358a7-72be-4e3d-ac6b-56d24234a197,f9418d72-fab8-440f-b5a4-b9fd4d1b063c,ed22641e-b1e8-4338-b626-9f737cfafc8d
594358a7-72be-4e3d-ac6b-56d24234a197,80c8c5fa-09a8-4f02-b3d0-3b9899531d29,b07e2bcc-a9a7-4ff4-b920-3f577754b959,->,594358a7-72be-4e3d-ac6b-56d24234a197,java/util/UUID.java,toString
594358a7-72be-4e3d-ac6b-56d24234a197,80c8c5fa-09a8-4f02-b3d0-3b9899531d29,b07e2bcc-a9a7-4ff4-b920-3f577754b959,->,594358a7-72be-4e3d-ac6b-56d24234a197,java/sql/PreparedStatement.java,setString
594358a7-72be-4e3d-ac6b-56d24234a197,80c8c5fa-09a8-4f02-b3d0-3b9899531d29,b07e2bcc-a9a7-4ff4-b920-3f577754b959,->,594358a7-72be-4e3d-ac6b-56d24234a197,f9418d72-fab8-440f-b5a4-b9fd4d1b063c,d9b1b9c4-52ac-40f9-a297-b160e9603aef
594358a7-72be-4e3d-ac6b-56d24234a197,80c8c5fa-09a8-4f02-b3d0-3b9899531d29,b07e2bcc-a9a7-4ff4-b920-3f577754b959,->,594358a7-72be-4e3d-ac6b-56d24234a197,java/sql/PreparedStatement.java,setString
594358a7-72be-4e3d-ac6b-56d24234a197,80c8c5fa-09a8-4f02-b3d0-3b9899531d29,b07e2bcc-a9a7-4ff4-b920-3f577754b959,->,594358a7-72be-4e3d-ac6b-56d24234a197,f9418d72-fab8-440f-b5a4-b9fd4d1b063c,959b7711-07ce-4727-8871-3fbbe945aafc
594358a7-72be-4e3d-ac6b-56d24234a197,80c8c5fa-09a8-4f02-b3d0-3b9899531d29,b07e2bcc-a9a7-4ff4-b920-3f577754b959,->,594358a7-72be-4e3d-ac6b-56d24234a197,java/sql/PreparedStatement.java,setString
594358a7-72be-4e3d-ac6b-56d24234a197,80c8c5fa-09a8-4f02-b3d0-3b9899531d29,b07e2bcc-a9a7-4ff4-b920-3f577754b959,->,594358a7-72be-4e3d-ac6b-56d24234a197,f9418d72-fab8-440f-b5a4-b9fd4d1b063c,ed22641e-b1e8-4338-b626-9f737cfafc8d
594358a7-72be-4e3d-ac6b-56d24234a197,80c8c5fa-09a8-4f02-b3d0-3b9899531d29,b07e2bcc-a9a7-4ff4-b920-3f577754b959,->,594358a7-72be-4e3d-ac6b-56d24234a197,java/util/UUID.java,toString
594358a7-72be-4e3d-ac6b-56d24234a197,80c8c5fa-09a8-4f02-b3d0-3b9899531d29,b07e2bcc-a9a7-4ff4-b920-3f577754b959,->,594358a7-72be-4e3d-ac6b-56d24234a197,java/sql/PreparedStatement.java,setString
594358a7-72be-4e3d-ac6b-56d24234a197,80c8c5fa-09a8-4f02-b3d0-3b9899531d29,b07e2bcc-a9a7-4ff4-b920-3f577754b959,->,594358a7-72be-4e3d-ac6b-56d24234a197,f9418d72-fab8-440f-b5a4-b9fd4d1b063c,546ec59e-c982-4248-b25f-6fb218953ac4
594358a7-72be-4e3d-ac6b-56d24234a197,80c8c5fa-09a8-4f02-b3d0-3b9899531d29,b07e2bcc-a9a7-4ff4-b920-3f577754b959,->,594358a7-72be-4e3d-ac6b-56d24234a197,java/sql/PreparedStatement.java,setString
594358a7-72be-4e3d-ac6b-56d24234a197,80c8c5fa-09a8-4f02-b3d0-3b9899531d29,b07e2bcc-a9a7-4ff4-b920-3f577754b959,->,594358a7-72be-4e3d-ac6b-56d24234a197,f9418d72-fab8-440f-b5a4-b9fd4d1b063c,d47be3aa-5d4d-4d7f-8a68-a304fb48f141
594358a7-72be-4e3d-ac6b-56d24234a197,80c8c5fa-09a8-4f02-b3d0-3b9899531d29,b07e2bcc-a9a7-4ff4-b920-3f577754b959,->,594358a7-72be-4e3d-ac6b-56d24234a197,java/sql/PreparedStatement.java,setString
594358a7-72be-4e3d-ac6b-56d24234a197,80c8c5fa-09a8-4f02-b3d0-3b9899531d29,b07e2bcc-a9a7-4ff4-b920-3f577754b959,->,594358a7-72be-4e3d-ac6b-56d24234a197,f9418d72-fab8-440f-b5a4-b9fd4d1b063c,ed22641e-b1e8-4338-b626-9f737cfafc8d
594358a7-72be-4e3d-ac6b-56d24234a197,80c8c5fa-09a8-4f02-b3d0-3b9899531d29,b07e2bcc-a9a7-4ff4-b920-3f577754b959,->,594358a7-72be-4e3d-ac6b-56d24234a197,java/util/UUID.java,toString
594358a7-72be-4e3d-ac6b-56d24234a197,80c8c5fa-09a8-4f02-b3d0-3b9899531d29,b07e2bcc-a9a7-4ff4-b920-3f577754b959,->,594358a7-72be-4e3d-ac6b-56d24234a197,java/sql/PreparedStatement.java,setString
594358a7-72be-4e3d-ac6b-56d24234a197,80c8c5fa-09a8-4f02-b3d0-3b9899531d29,b07e2bcc-a9a7-4ff4-b920-3f577754b959,->,594358a7-72be-4e3d-ac6b-56d24234a197,f9418d72-fab8-440f-b5a4-b9fd4d1b063c,da1b23cb-8b1d-4523-837f-c5814b1bea84
594358a7-72be-4e3d-ac6b-56d24234a197,80c8c5fa-09a8-4f02-b3d0-3b9899531d29,b07e2bcc-a9a7-4ff4-b920-3f577754b959,->,594358a7-72be-4e3d-ac6b-56d24234a197,java/sql/PreparedStatement.java,setString
594358a7-72be-4e3d-ac6b-56d24234a197,80c8c5fa-09a8-4f02-b3d0-3b9899531d29,b07e2bcc-a9a7-4ff4-b920-3f577754b959,->,594358a7-72be-4e3d-ac6b-56d24234a197,java/sql/PreparedStatement.java,executeUpdate
594358a7-72be-4e3d-ac6b-56d24234a197,80c8c5fa-09a8-4f02-b3d0-3b9899531d29,b07e2bcc-a9a7-4ff4-b920-3f577754b959,->,594358a7-72be-4e3d-ac6b-56d24234a197,java/lang/StringBuilder.java,append
594358a7-72be-4e3d-ac6b-56d24234a197,80c8c5fa-09a8-4f02-b3d0-3b9899531d29,b07e2bcc-a9a7-4ff4-b920-3f577754b959,->,594358a7-72be-4e3d-ac6b-56d24234a197,java/sql/SQLException.java,getMessage
594358a7-72be-4e3d-ac6b-56d24234a197,80c8c5fa-09a8-4f02-b3d0-3b9899531d29,b07e2bcc-a9a7-4ff4-b920-3f577754b959,->,594358a7-72be-4e3d-ac6b-56d24234a197,java/lang/StringBuilder.java,append
594358a7-72be-4e3d-ac6b-56d24234a197,80c8c5fa-09a8-4f02-b3d0-3b9899531d29,b07e2bcc-a9a7-4ff4-b920-3f577754b959,->,594358a7-72be-4e3d-ac6b-56d24234a197,java/lang/StringBuilder.java,toString
594358a7-72be-4e3d-ac6b-56d24234a197,80c8c5fa-09a8-4f02-b3d0-3b9899531d29,b07e2bcc-a9a7-4ff4-b920-3f577754b959,->,594358a7-72be-4e3d-ac6b-56d24234a197,org/apache/log4j/Logger.java,error
594358a7-72be-4e3d-ac6b-56d24234a197,com/devreed/homeaway/dao/PersonDao.java,<clinit>,->,594358a7-72be-4e3d-ac6b-56d24234a197,org/apache/log4j/Logger.java,getLogger
594358a7-72be-4e3d-ac6b-56d24234a197,4b186cff-d2ba-493e-b71d-decb9f6f52ae,33e2f612-cc7f-437d-9840-80ac9479712f,->,594358a7-72be-4e3d-ac6b-56d24234a197,java/util/Properties.java,getProperty
594358a7-72be-4e3d-ac6b-56d24234a197,4b186cff-d2ba-493e-b71d-decb9f6f52ae,33e2f612-cc7f-437d-9840-80ac9479712f,->,594358a7-72be-4e3d-ac6b-56d24234a197,java/util/Properties.java,getProperty
594358a7-72be-4e3d-ac6b-56d24234a197,4b186cff-d2ba-493e-b71d-decb9f6f52ae,33e2f612-cc7f-437d-9840-80ac9479712f,->,594358a7-72be-4e3d-ac6b-56d24234a197,java/util/Properties.java,getProperty
594358a7-72be-4e3d-ac6b-56d24234a197,4b186cff-d2ba-493e-b71d-decb9f6f52ae,33e2f612-cc7f-437d-9840-80ac9479712f,->,594358a7-72be-4e3d-ac6b-56d24234a197,java/util/Properties.java,getProperty
594358a7-72be-4e3d-ac6b-56d24234a197,4b186cff-d2ba-493e-b71d-decb9f6f52ae,33e2f612-cc7f-437d-9840-80ac9479712f,->,594358a7-72be-4e3d-ac6b-56d24234a197,java/util/Properties.java,getProperty
594358a7-72be-4e3d-ac6b-56d24234a197,4b186cff-d2ba-493e-b71d-decb9f6f52ae,33e2f612-cc7f-437d-9840-80ac9479712f,->,594358a7-72be-4e3d-ac6b-56d24234a197,java/util/Properties.java,getProperty
594358a7-72be-4e3d-ac6b-56d24234a197,4b186cff-d2ba-493e-b71d-decb9f6f52ae,33e2f612-cc7f-437d-9840-80ac9479712f,->,594358a7-72be-4e3d-ac6b-56d24234a197,java/util/Properties.java,getProperty
594358a7-72be-4e3d-ac6b-56d24234a197,4b186cff-d2ba-493e-b71d-decb9f6f52ae,33e2f612-cc7f-437d-9840-80ac9479712f,->,594358a7-72be-4e3d-ac6b-56d24234a197,java/util/Properties.java,getProperty
594358a7-72be-4e3d-ac6b-56d24234a197,4b186cff-d2ba-493e-b71d-decb9f6f52ae,33e2f612-cc7f-437d-9840-80ac9479712f,->,594358a7-72be-4e3d-ac6b-56d24234a197,java/util/Properties.java,getProperty
594358a7-72be-4e3d-ac6b-56d24234a197,4b186cff-d2ba-493e-b71d-decb9f6f52ae,33e2f612-cc7f-437d-9840-80ac9479712f,->,594358a7-72be-4e3d-ac6b-56d24234a197,java/util/Properties.java,getProperty
594358a7-72be-4e3d-ac6b-56d24234a197,4b186cff-d2ba-493e-b71d-decb9f6f52ae,33e2f612-cc7f-437d-9840-80ac9479712f,->,594358a7-72be-4e3d-ac6b-56d24234a197,java/lang/String.java,equalsIgnoreCase
594358a7-72be-4e3d-ac6b-56d24234a197,4b186cff-d2ba-493e-b71d-decb9f6f52ae,33e2f612-cc7f-437d-9840-80ac9479712f,->,594358a7-72be-4e3d-ac6b-56d24234a197,51129ede-f86e-48f1-9c51-ff7a3884a810,e5f5a669-207a-499e-82ba-5cf9b3751f15
594358a7-72be-4e3d-ac6b-56d24234a197,4b186cff-d2ba-493e-b71d-decb9f6f52ae,33e2f612-cc7f-437d-9840-80ac9479712f,->,594358a7-72be-4e3d-ac6b-56d24234a197,java/lang/Class.java,forName
594358a7-72be-4e3d-ac6b-56d24234a197,4b186cff-d2ba-493e-b71d-decb9f6f52ae,33e2f612-cc7f-437d-9840-80ac9479712f,->,594358a7-72be-4e3d-ac6b-56d24234a197,java/lang/StringBuilder.java,append
594358a7-72be-4e3d-ac6b-56d24234a197,4b186cff-d2ba-493e-b71d-decb9f6f52ae,33e2f612-cc7f-437d-9840-80ac9479712f,->,594358a7-72be-4e3d-ac6b-56d24234a197,java/lang/StringBuilder.java,append
594358a7-72be-4e3d-ac6b-56d24234a197,4b186cff-d2ba-493e-b71d-decb9f6f52ae,33e2f612-cc7f-437d-9840-80ac9479712f,->,594358a7-72be-4e3d-ac6b-56d24234a197,java/lang/StringBuilder.java,append
594358a7-72be-4e3d-ac6b-56d24234a197,4b186cff-d2ba-493e-b71d-decb9f6f52ae,33e2f612-cc7f-437d-9840-80ac9479712f,->,594358a7-72be-4e3d-ac6b-56d24234a197,java/lang/StringBuilder.java,append
594358a7-72be-4e3d-ac6b-56d24234a197,4b186cff-d2ba-493e-b71d-decb9f6f52ae,33e2f612-cc7f-437d-9840-80ac9479712f,->,594358a7-72be-4e3d-ac6b-56d24234a197,java/lang/StringBuilder.java,append
594358a7-72be-4e3d-ac6b-56d24234a197,4b186cff-d2ba-493e-b71d-decb9f6f52ae,33e2f612-cc7f-437d-9840-80ac9479712f,->,594358a7-72be-4e3d-ac6b-56d24234a197,java/lang/StringBuilder.java,append
594358a7-72be-4e3d-ac6b-56d24234a197,4b186cff-d2ba-493e-b71d-decb9f6f52ae,33e2f612-cc7f-437d-9840-80ac9479712f,->,594358a7-72be-4e3d-ac6b-56d24234a197,java/lang/StringBuilder.java,append
594358a7-72be-4e3d-ac6b-56d24234a197,4b186cff-d2ba-493e-b71d-decb9f6f52ae,33e2f612-cc7f-437d-9840-80ac9479712f,->,594358a7-72be-4e3d-ac6b-56d24234a197,java/lang/StringBuilder.java,toString
594358a7-72be-4e3d-ac6b-56d24234a197,4b186cff-d2ba-493e-b71d-decb9f6f52ae,33e2f612-cc7f-437d-9840-80ac9479712f,->,594358a7-72be-4e3d-ac6b-56d24234a197,java/sql/DriverManager.java,getConnection
594358a7-72be-4e3d-ac6b-56d24234a197,4b186cff-d2ba-493e-b71d-decb9f6f52ae,33e2f612-cc7f-437d-9840-80ac9479712f,->,594358a7-72be-4e3d-ac6b-56d24234a197,java/lang/StringBuilder.java,append
594358a7-72be-4e3d-ac6b-56d24234a197,4b186cff-d2ba-493e-b71d-decb9f6f52ae,33e2f612-cc7f-437d-9840-80ac9479712f,->,594358a7-72be-4e3d-ac6b-56d24234a197,java/lang/StringBuilder.java,append
594358a7-72be-4e3d-ac6b-56d24234a197,4b186cff-d2ba-493e-b71d-decb9f6f52ae,33e2f612-cc7f-437d-9840-80ac9479712f,->,594358a7-72be-4e3d-ac6b-56d24234a197,java/lang/StringBuilder.java,append
594358a7-72be-4e3d-ac6b-56d24234a197,4b186cff-d2ba-493e-b71d-decb9f6f52ae,33e2f612-cc7f-437d-9840-80ac9479712f,->,594358a7-72be-4e3d-ac6b-56d24234a197,java/lang/StringBuilder.java,append
594358a7-72be-4e3d-ac6b-56d24234a197,4b186cff-d2ba-493e-b71d-decb9f6f52ae,33e2f612-cc7f-437d-9840-80ac9479712f,->,594358a7-72be-4e3d-ac6b-56d24234a197,java/lang/StringBuilder.java,append
594358a7-72be-4e3d-ac6b-56d24234a197,4b186cff-d2ba-493e-b71d-decb9f6f52ae,33e2f612-cc7f-437d-9840-80ac9479712f,->,594358a7-72be-4e3d-ac6b-56d24234a197,java/lang/StringBuilder.java,append
594358a7-72be-4e3d-ac6b-56d24234a197,4b186cff-d2ba-493e-b71d-decb9f6f52ae,33e2f612-cc7f-437d-9840-80ac9479712f,->,594358a7-72be-4e3d-ac6b-56d24234a197,java/lang/StringBuilder.java,append
594358a7-72be-4e3d-ac6b-56d24234a197,4b186cff-d2ba-493e-b71d-decb9f6f52ae,33e2f612-cc7f-437d-9840-80ac9479712f,->,594358a7-72be-4e3d-ac6b-56d24234a197,java/lang/StringBuilder.java,append
594358a7-72be-4e3d-ac6b-56d24234a197,4b186cff-d2ba-493e-b71d-decb9f6f52ae,33e2f612-cc7f-437d-9840-80ac9479712f,->,594358a7-72be-4e3d-ac6b-56d24234a197,java/lang/StringBuilder.java,append
594358a7-72be-4e3d-ac6b-56d24234a197,4b186cff-d2ba-493e-b71d-decb9f6f52ae,33e2f612-cc7f-437d-9840-80ac9479712f,->,594358a7-72be-4e3d-ac6b-56d24234a197,java/sql/SQLException.java,getMessage
594358a7-72be-4e3d-ac6b-56d24234a197,4b186cff-d2ba-493e-b71d-decb9f6f52ae,33e2f612-cc7f-437d-9840-80ac9479712f,->,594358a7-72be-4e3d-ac6b-56d24234a197,java/lang/StringBuilder.java,append
594358a7-72be-4e3d-ac6b-56d24234a197,4b186cff-d2ba-493e-b71d-decb9f6f52ae,33e2f612-cc7f-437d-9840-80ac9479712f,->,594358a7-72be-4e3d-ac6b-56d24234a197,java/lang/StringBuilder.java,toString
594358a7-72be-4e3d-ac6b-56d24234a197,4b186cff-d2ba-493e-b71d-decb9f6f52ae,33e2f612-cc7f-437d-9840-80ac9479712f,->,594358a7-72be-4e3d-ac6b-56d24234a197,org/apache/log4j/Logger.java,error
594358a7-72be-4e3d-ac6b-56d24234a197,4b186cff-d2ba-493e-b71d-decb9f6f52ae,33e2f612-cc7f-437d-9840-80ac9479712f,->,594358a7-72be-4e3d-ac6b-56d24234a197,java/lang/StringBuilder.java,append
594358a7-72be-4e3d-ac6b-56d24234a197,4b186cff-d2ba-493e-b71d-decb9f6f52ae,33e2f612-cc7f-437d-9840-80ac9479712f,->,594358a7-72be-4e3d-ac6b-56d24234a197,java/sql/SQLException.java,getStackTrace
594358a7-72be-4e3d-ac6b-56d24234a197,4b186cff-d2ba-493e-b71d-decb9f6f52ae,33e2f612-cc7f-437d-9840-80ac9479712f,->,594358a7-72be-4e3d-ac6b-56d24234a197,java/lang/Object.java,toString
594358a7-72be-4e3d-ac6b-56d24234a197,4b186cff-d2ba-493e-b71d-decb9f6f52ae,33e2f612-cc7f-437d-9840-80ac9479712f,->,594358a7-72be-4e3d-ac6b-56d24234a197,java/lang/StringBuilder.java,append
594358a7-72be-4e3d-ac6b-56d24234a197,4b186cff-d2ba-493e-b71d-decb9f6f52ae,33e2f612-cc7f-437d-9840-80ac9479712f,->,594358a7-72be-4e3d-ac6b-56d24234a197,java/lang/StringBuilder.java,toString
594358a7-72be-4e3d-ac6b-56d24234a197,4b186cff-d2ba-493e-b71d-decb9f6f52ae,33e2f612-cc7f-437d-9840-80ac9479712f,->,594358a7-72be-4e3d-ac6b-56d24234a197,org/apache/log4j/Logger.java,debug
594358a7-72be-4e3d-ac6b-56d24234a197,4b186cff-d2ba-493e-b71d-decb9f6f52ae,33e2f612-cc7f-437d-9840-80ac9479712f,->,594358a7-72be-4e3d-ac6b-56d24234a197,org/apache/log4j/Logger.java,error
594358a7-72be-4e3d-ac6b-56d24234a197,com/devreed/homeaway/dao/DbConnector.java,<clinit>,->,594358a7-72be-4e3d-ac6b-56d24234a197,org/apache/log4j/Logger.java,getLogger
594358a7-72be-4e3d-ac6b-56d24234a197,422dae85-4551-4b8f-80a2-69a12350442d,f6797bea-e43a-4bac-8824-1078f725abb1,->,594358a7-72be-4e3d-ac6b-56d24234a197,org/apache/log4j/Logger.java,info
594358a7-72be-4e3d-ac6b-56d24234a197,422dae85-4551-4b8f-80a2-69a12350442d,f6797bea-e43a-4bac-8824-1078f725abb1,->,594358a7-72be-4e3d-ac6b-56d24234a197,org/springframework/core/io/support/PropertiesLoaderUtils.java,loadProperties
594358a7-72be-4e3d-ac6b-56d24234a197,422dae85-4551-4b8f-80a2-69a12350442d,f6797bea-e43a-4bac-8824-1078f725abb1,->,594358a7-72be-4e3d-ac6b-56d24234a197,java/lang/StringBuilder.java,append
594358a7-72be-4e3d-ac6b-56d24234a197,422dae85-4551-4b8f-80a2-69a12350442d,f6797bea-e43a-4bac-8824-1078f725abb1,->,594358a7-72be-4e3d-ac6b-56d24234a197,java/io/IOException.java,toString
594358a7-72be-4e3d-ac6b-56d24234a197,422dae85-4551-4b8f-80a2-69a12350442d,f6797bea-e43a-4bac-8824-1078f725abb1,->,594358a7-72be-4e3d-ac6b-56d24234a197,java/lang/StringBuilder.java,append
594358a7-72be-4e3d-ac6b-56d24234a197,422dae85-4551-4b8f-80a2-69a12350442d,f6797bea-e43a-4bac-8824-1078f725abb1,->,594358a7-72be-4e3d-ac6b-56d24234a197,java/lang/StringBuilder.java,toString
594358a7-72be-4e3d-ac6b-56d24234a197,422dae85-4551-4b8f-80a2-69a12350442d,f6797bea-e43a-4bac-8824-1078f725abb1,->,594358a7-72be-4e3d-ac6b-56d24234a197,org/apache/log4j/Logger.java,error
594358a7-72be-4e3d-ac6b-56d24234a197,422dae85-4551-4b8f-80a2-69a12350442d,f6797bea-e43a-4bac-8824-1078f725abb1,->,594358a7-72be-4e3d-ac6b-56d24234a197,java/io/IOException.java,printStackTrace
594358a7-72be-4e3d-ac6b-56d24234a197,422dae85-4551-4b8f-80a2-69a12350442d,015e003d-a3f4-4f0e-89af-0a076a63c0d7,->,594358a7-72be-4e3d-ac6b-56d24234a197,422dae85-4551-4b8f-80a2-69a12350442d,f6797bea-e43a-4bac-8824-1078f725abb1
594358a7-72be-4e3d-ac6b-56d24234a197,422dae85-4551-4b8f-80a2-69a12350442d,015e003d-a3f4-4f0e-89af-0a076a63c0d7,->,594358a7-72be-4e3d-ac6b-56d24234a197,4b186cff-d2ba-493e-b71d-decb9f6f52ae,33e2f612-cc7f-437d-9840-80ac9479712f
594358a7-72be-4e3d-ac6b-56d24234a197,422dae85-4551-4b8f-80a2-69a12350442d,4fc877ed-6305-4227-83a7-9f9fd3926c3a,->,594358a7-72be-4e3d-ac6b-56d24234a197,org/apache/log4j/Logger.java,info
594358a7-72be-4e3d-ac6b-56d24234a197,422dae85-4551-4b8f-80a2-69a12350442d,4fc877ed-6305-4227-83a7-9f9fd3926c3a,->,594358a7-72be-4e3d-ac6b-56d24234a197,422dae85-4551-4b8f-80a2-69a12350442d,015e003d-a3f4-4f0e-89af-0a076a63c0d7
594358a7-72be-4e3d-ac6b-56d24234a197,422dae85-4551-4b8f-80a2-69a12350442d,8f2282b1-a600-4d05-b9ec-ea734b969c8a,->,594358a7-72be-4e3d-ac6b-56d24234a197,org/apache/log4j/Logger.java,info
594358a7-72be-4e3d-ac6b-56d24234a197,422dae85-4551-4b8f-80a2-69a12350442d,8f2282b1-a600-4d05-b9ec-ea734b969c8a,->,594358a7-72be-4e3d-ac6b-56d24234a197,422dae85-4551-4b8f-80a2-69a12350442d,4fc877ed-6305-4227-83a7-9f9fd3926c3a
594358a7-72be-4e3d-ac6b-56d24234a197,com/devreed/homeaway/config/AppConfig.java,<clinit>,->,594358a7-72be-4e3d-ac6b-56d24234a197,org/apache/log4j/Logger.java,getLogger
594358a7-72be-4e3d-ac6b-56d24234a197,51129ede-f86e-48f1-9c51-ff7a3884a810,83ae751d-9d2e-4366-8333-00005c567829,->,594358a7-72be-4e3d-ac6b-56d24234a197,org/jasypt/util/text/BasicTextEncryptor.java,setPassword
594358a7-72be-4e3d-ac6b-56d24234a197,51129ede-f86e-48f1-9c51-ff7a3884a810,83ae751d-9d2e-4366-8333-00005c567829,->,594358a7-72be-4e3d-ac6b-56d24234a197,org/jasypt/util/text/BasicTextEncryptor.java,encrypt
594358a7-72be-4e3d-ac6b-56d24234a197,51129ede-f86e-48f1-9c51-ff7a3884a810,e5f5a669-207a-499e-82ba-5cf9b3751f15,->,594358a7-72be-4e3d-ac6b-56d24234a197,org/jasypt/util/text/BasicTextEncryptor.java,setPassword
594358a7-72be-4e3d-ac6b-56d24234a197,51129ede-f86e-48f1-9c51-ff7a3884a810,e5f5a669-207a-499e-82ba-5cf9b3751f15,->,594358a7-72be-4e3d-ac6b-56d24234a197,org/jasypt/util/text/BasicTextEncryptor.java,decrypt
594358a7-72be-4e3d-ac6b-56d24234a197,51129ede-f86e-48f1-9c51-ff7a3884a810,e5f5a669-207a-499e-82ba-5cf9b3751f15,->,594358a7-72be-4e3d-ac6b-56d24234a197,org/apache/log4j/Logger.java,error
594358a7-72be-4e3d-ac6b-56d24234a197,com/devreed/homeaway/Util/Encryption.java,<clinit>,->,594358a7-72be-4e3d-ac6b-56d24234a197,org/apache/log4j/Logger.java,getLogger
594358a7-72be-4e3d-ac6b-56d24234a197,33a8a803-117b-44ae-bc71-e50009854271,b27b0a35-74b0-4411-a687-2df24d1f4efa,->,594358a7-72be-4e3d-ac6b-56d24234a197,org/codehaus/jackson/map/ObjectMapper.java,writeValueAsString
594358a7-72be-4e3d-ac6b-56d24234a197,33a8a803-117b-44ae-bc71-e50009854271,b27b0a35-74b0-4411-a687-2df24d1f4efa,->,594358a7-72be-4e3d-ac6b-56d24234a197,java/lang/StringBuilder.java,append
594358a7-72be-4e3d-ac6b-56d24234a197,33a8a803-117b-44ae-bc71-e50009854271,b27b0a35-74b0-4411-a687-2df24d1f4efa,->,594358a7-72be-4e3d-ac6b-56d24234a197,java/io/IOException.java,getMessage
594358a7-72be-4e3d-ac6b-56d24234a197,33a8a803-117b-44ae-bc71-e50009854271,b27b0a35-74b0-4411-a687-2df24d1f4efa,->,594358a7-72be-4e3d-ac6b-56d24234a197,java/lang/StringBuilder.java,append
594358a7-72be-4e3d-ac6b-56d24234a197,33a8a803-117b-44ae-bc71-e50009854271,b27b0a35-74b0-4411-a687-2df24d1f4efa,->,594358a7-72be-4e3d-ac6b-56d24234a197,java/lang/StringBuilder.java,toString
594358a7-72be-4e3d-ac6b-56d24234a197,33a8a803-117b-44ae-bc71-e50009854271,b27b0a35-74b0-4411-a687-2df24d1f4efa,->,594358a7-72be-4e3d-ac6b-56d24234a197,org/apache/log4j/Logger.java,error
594358a7-72be-4e3d-ac6b-56d24234a197,33a8a803-117b-44ae-bc71-e50009854271,064d668f-d11c-4a4d-95af-aafbae64c556,->,594358a7-72be-4e3d-ac6b-56d24234a197,org/codehaus/jackson/map/ObjectMapper.java,readValue
594358a7-72be-4e3d-ac6b-56d24234a197,33a8a803-117b-44ae-bc71-e50009854271,064d668f-d11c-4a4d-95af-aafbae64c556,->,594358a7-72be-4e3d-ac6b-56d24234a197,java/lang/Exception.java,printStackTrace
594358a7-72be-4e3d-ac6b-56d24234a197,com/devreed/homeaway/Util/JsonTranslator.java,<clinit>,->,594358a7-72be-4e3d-ac6b-56d24234a197,org/apache/log4j/Logger.java,getLogger
594358a7-72be-4e3d-ac6b-56d24234a197,df76bb5c-9a3a-4963-84fb-ef6d47a4b5b0,faa12137-3def-4a96-9d03-f69f460d3b0a,->,594358a7-72be-4e3d-ac6b-56d24234a197,f9418d72-fab8-440f-b5a4-b9fd4d1b063c,472687a3-c62c-4581-82da-7d5045fbd19f
594358a7-72be-4e3d-ac6b-56d24234a197,df76bb5c-9a3a-4963-84fb-ef6d47a4b5b0,faa12137-3def-4a96-9d03-f69f460d3b0a,->,594358a7-72be-4e3d-ac6b-56d24234a197,f9418d72-fab8-440f-b5a4-b9fd4d1b063c,42e7c825-dd82-4b2c-af55-fba84eb29d55
594358a7-72be-4e3d-ac6b-56d24234a197,df76bb5c-9a3a-4963-84fb-ef6d47a4b5b0,faa12137-3def-4a96-9d03-f69f460d3b0a,->,594358a7-72be-4e3d-ac6b-56d24234a197,f9418d72-fab8-440f-b5a4-b9fd4d1b063c,f02cdf9c-2814-4287-8fff-d0f519275905
594358a7-72be-4e3d-ac6b-56d24234a197,df76bb5c-9a3a-4963-84fb-ef6d47a4b5b0,faa12137-3def-4a96-9d03-f69f460d3b0a,->,594358a7-72be-4e3d-ac6b-56d24234a197,f9418d72-fab8-440f-b5a4-b9fd4d1b063c,3d5add73-758c-41bf-9bd1-0565fd86781a
594358a7-72be-4e3d-ac6b-56d24234a197,df76bb5c-9a3a-4963-84fb-ef6d47a4b5b0,c086dcc2-3520-4e59-8456-af277d970ce1,->,594358a7-72be-4e3d-ac6b-56d24234a197,java/util/UUID.java,randomUUID
594358a7-72be-4e3d-ac6b-56d24234a197,df76bb5c-9a3a-4963-84fb-ef6d47a4b5b0,c086dcc2-3520-4e59-8456-af277d970ce1,->,594358a7-72be-4e3d-ac6b-56d24234a197,f9418d72-fab8-440f-b5a4-b9fd4d1b063c,12cb57e7-511d-4659-8214-435844de7975
594358a7-72be-4e3d-ac6b-56d24234a197,df76bb5c-9a3a-4963-84fb-ef6d47a4b5b0,c086dcc2-3520-4e59-8456-af277d970ce1,->,594358a7-72be-4e3d-ac6b-56d24234a197,33a8a803-117b-44ae-bc71-e50009854271,b27b0a35-74b0-4411-a687-2df24d1f4efa
594358a7-72be-4e3d-ac6b-56d24234a197,df76bb5c-9a3a-4963-84fb-ef6d47a4b5b0,c086dcc2-3520-4e59-8456-af277d970ce1,->,594358a7-72be-4e3d-ac6b-56d24234a197,java/lang/String.java,contains
594358a7-72be-4e3d-ac6b-56d24234a197,df76bb5c-9a3a-4963-84fb-ef6d47a4b5b0,c086dcc2-3520-4e59-8456-af277d970ce1,->,594358a7-72be-4e3d-ac6b-56d24234a197,org/junit/Assert.java,assertTrue
594358a7-72be-4e3d-ac6b-56d24234a197,df76bb5c-9a3a-4963-84fb-ef6d47a4b5b0,c086dcc2-3520-4e59-8456-af277d970ce1,->,594358a7-72be-4e3d-ac6b-56d24234a197,java/lang/String.java,contains
594358a7-72be-4e3d-ac6b-56d24234a197,df76bb5c-9a3a-4963-84fb-ef6d47a4b5b0,c086dcc2-3520-4e59-8456-af277d970ce1,->,594358a7-72be-4e3d-ac6b-56d24234a197,org/junit/Assert.java,assertTrue
594358a7-72be-4e3d-ac6b-56d24234a197,df76bb5c-9a3a-4963-84fb-ef6d47a4b5b0,c086dcc2-3520-4e59-8456-af277d970ce1,->,594358a7-72be-4e3d-ac6b-56d24234a197,java/lang/String.java,contains
594358a7-72be-4e3d-ac6b-56d24234a197,df76bb5c-9a3a-4963-84fb-ef6d47a4b5b0,c086dcc2-3520-4e59-8456-af277d970ce1,->,594358a7-72be-4e3d-ac6b-56d24234a197,org/junit/Assert.java,assertTrue
594358a7-72be-4e3d-ac6b-56d24234a197,df76bb5c-9a3a-4963-84fb-ef6d47a4b5b0,c086dcc2-3520-4e59-8456-af277d970ce1,->,594358a7-72be-4e3d-ac6b-56d24234a197,java/lang/String.java,contains
594358a7-72be-4e3d-ac6b-56d24234a197,df76bb5c-9a3a-4963-84fb-ef6d47a4b5b0,c086dcc2-3520-4e59-8456-af277d970ce1,->,594358a7-72be-4e3d-ac6b-56d24234a197,org/junit/Assert.java,assertTrue
594358a7-72be-4e3d-ac6b-56d24234a197,2ea789ea-a172-47a1-bf3b-24ae905b7733,e925e8e3-3453-44f7-b47c-622e6a635549,->,594358a7-72be-4e3d-ac6b-56d24234a197,edc0cba1-c3de-4c09-a59e-862c19e1b3f4,797257da-d088-4c38-ba76-b16b6436365f
594358a7-72be-4e3d-ac6b-56d24234a197,2ea789ea-a172-47a1-bf3b-24ae905b7733,f8fb4b7f-474d-4d65-8e2c-a20ed1ca05fa,->,594358a7-72be-4e3d-ac6b-56d24234a197,2ea789ea-a172-47a1-bf3b-24ae905b7733,495424dd-89a9-4ae0-a89e-cfc40b57e9d2
594358a7-72be-4e3d-ac6b-56d24234a197,2ea789ea-a172-47a1-bf3b-24ae905b7733,f8fb4b7f-474d-4d65-8e2c-a20ed1ca05fa,->,594358a7-72be-4e3d-ac6b-56d24234a197,edc0cba1-c3de-4c09-a59e-862c19e1b3f4,1f6ee22c-e00d-40c8-955d-d3072aef725b
594358a7-72be-4e3d-ac6b-56d24234a197,2ea789ea-a172-47a1-bf3b-24ae905b7733,f8fb4b7f-474d-4d65-8e2c-a20ed1ca05fa,->,594358a7-72be-4e3d-ac6b-56d24234a197,f9418d72-fab8-440f-b5a4-b9fd4d1b063c,ed22641e-b1e8-4338-b626-9f737cfafc8d
594358a7-72be-4e3d-ac6b-56d24234a197,2ea789ea-a172-47a1-bf3b-24ae905b7733,c80bd4fe-6fe7-4722-baba-28fe087dbfd9,->,594358a7-72be-4e3d-ac6b-56d24234a197,edc0cba1-c3de-4c09-a59e-862c19e1b3f4,b8fb8583-974f-4c67-928c-7ec30eb58125
594358a7-72be-4e3d-ac6b-56d24234a197,2ea789ea-a172-47a1-bf3b-24ae905b7733,495424dd-89a9-4ae0-a89e-cfc40b57e9d2,->,594358a7-72be-4e3d-ac6b-56d24234a197,33a8a803-117b-44ae-bc71-e50009854271,064d668f-d11c-4a4d-95af-aafbae64c556
594358a7-72be-4e3d-ac6b-56d24234a197,2ea789ea-a172-47a1-bf3b-24ae905b7733,495424dd-89a9-4ae0-a89e-cfc40b57e9d2,->,594358a7-72be-4e3d-ac6b-56d24234a197,java/util/UUID.java,randomUUID
594358a7-72be-4e3d-ac6b-56d24234a197,2ea789ea-a172-47a1-bf3b-24ae905b7733,495424dd-89a9-4ae0-a89e-cfc40b57e9d2,->,594358a7-72be-4e3d-ac6b-56d24234a197,f9418d72-fab8-440f-b5a4-b9fd4d1b063c,12cb57e7-511d-4659-8214-435844de7975
594358a7-72be-4e3d-ac6b-56d24234a197,2ea789ea-a172-47a1-bf3b-24ae905b7733,495424dd-89a9-4ae0-a89e-cfc40b57e9d2,->,594358a7-72be-4e3d-ac6b-56d24234a197,java/util/Map.java,get
594358a7-72be-4e3d-ac6b-56d24234a197,2ea789ea-a172-47a1-bf3b-24ae905b7733,495424dd-89a9-4ae0-a89e-cfc40b57e9d2,->,594358a7-72be-4e3d-ac6b-56d24234a197,f9418d72-fab8-440f-b5a4-b9fd4d1b063c,472687a3-c62c-4581-82da-7d5045fbd19f
594358a7-72be-4e3d-ac6b-56d24234a197,2ea789ea-a172-47a1-bf3b-24ae905b7733,495424dd-89a9-4ae0-a89e-cfc40b57e9d2,->,594358a7-72be-4e3d-ac6b-56d24234a197,java/util/Map.java,get
594358a7-72be-4e3d-ac6b-56d24234a197,2ea789ea-a172-47a1-bf3b-24ae905b7733,495424dd-89a9-4ae0-a89e-cfc40b57e9d2,->,594358a7-72be-4e3d-ac6b-56d24234a197,f9418d72-fab8-440f-b5a4-b9fd4d1b063c,42e7c825-dd82-4b2c-af55-fba84eb29d55
594358a7-72be-4e3d-ac6b-56d24234a197,2ea789ea-a172-47a1-bf3b-24ae905b7733,495424dd-89a9-4ae0-a89e-cfc40b57e9d2,->,594358a7-72be-4e3d-ac6b-56d24234a197,java/util/Map.java,get
594358a7-72be-4e3d-ac6b-56d24234a197,2ea789ea-a172-47a1-bf3b-24ae905b7733,495424dd-89a9-4ae0-a89e-cfc40b57e9d2,->,594358a7-72be-4e3d-ac6b-56d24234a197,f9418d72-fab8-440f-b5a4-b9fd4d1b063c,7eb194e0-5b3f-48b1-9243-109035000b6a
594358a7-72be-4e3d-ac6b-56d24234a197,2ea789ea-a172-47a1-bf3b-24ae905b7733,495424dd-89a9-4ae0-a89e-cfc40b57e9d2,->,594358a7-72be-4e3d-ac6b-56d24234a197,java/util/Map.java,get
594358a7-72be-4e3d-ac6b-56d24234a197,2ea789ea-a172-47a1-bf3b-24ae905b7733,495424dd-89a9-4ae0-a89e-cfc40b57e9d2,->,594358a7-72be-4e3d-ac6b-56d24234a197,f9418d72-fab8-440f-b5a4-b9fd4d1b063c,f02cdf9c-2814-4287-8fff-d0f519275905
594358a7-72be-4e3d-ac6b-56d24234a197,2ea789ea-a172-47a1-bf3b-24ae905b7733,495424dd-89a9-4ae0-a89e-cfc40b57e9d2,->,594358a7-72be-4e3d-ac6b-56d24234a197,java/util/Map.java,get
594358a7-72be-4e3d-ac6b-56d24234a197,2ea789ea-a172-47a1-bf3b-24ae905b7733,495424dd-89a9-4ae0-a89e-cfc40b57e9d2,->,594358a7-72be-4e3d-ac6b-56d24234a197,f9418d72-fab8-440f-b5a4-b9fd4d1b063c,3d5add73-758c-41bf-9bd1-0565fd86781a
594358a7-72be-4e3d-ac6b-56d24234a197,0cba1d98-60b2-4232-94ec-d8e303215c75,d1d77fc2-a535-4b88-9d6b-dc3d40cb4272,->,594358a7-72be-4e3d-ac6b-56d24234a197,2ea789ea-a172-47a1-bf3b-24ae905b7733,e925e8e3-3453-44f7-b47c-622e6a635549
594358a7-72be-4e3d-ac6b-56d24234a197,0cba1d98-60b2-4232-94ec-d8e303215c75,d1d77fc2-a535-4b88-9d6b-dc3d40cb4272,->,594358a7-72be-4e3d-ac6b-56d24234a197,javax/ws/rs/core/Response.java,status
594358a7-72be-4e3d-ac6b-56d24234a197,0cba1d98-60b2-4232-94ec-d8e303215c75,d1d77fc2-a535-4b88-9d6b-dc3d40cb4272,->,594358a7-72be-4e3d-ac6b-56d24234a197,33a8a803-117b-44ae-bc71-e50009854271,b27b0a35-74b0-4411-a687-2df24d1f4efa
594358a7-72be-4e3d-ac6b-56d24234a197,0cba1d98-60b2-4232-94ec-d8e303215c75,d1d77fc2-a535-4b88-9d6b-dc3d40cb4272,->,594358a7-72be-4e3d-ac6b-56d24234a197,javax/ws/rs/core/Response$ResponseBuilder.java,entity
594358a7-72be-4e3d-ac6b-56d24234a197,0cba1d98-60b2-4232-94ec-d8e303215c75,d1d77fc2-a535-4b88-9d6b-dc3d40cb4272,->,594358a7-72be-4e3d-ac6b-56d24234a197,javax/ws/rs/core/Response$ResponseBuilder.java,build
594358a7-72be-4e3d-ac6b-56d24234a197,0cba1d98-60b2-4232-94ec-d8e303215c75,d1d77fc2-a535-4b88-9d6b-dc3d40cb4272,->,594358a7-72be-4e3d-ac6b-56d24234a197,javax/ws/rs/core/Response.java,status
594358a7-72be-4e3d-ac6b-56d24234a197,0cba1d98-60b2-4232-94ec-d8e303215c75,d1d77fc2-a535-4b88-9d6b-dc3d40cb4272,->,594358a7-72be-4e3d-ac6b-56d24234a197,javax/ws/rs/core/Response$ResponseBuilder.java,entity
594358a7-72be-4e3d-ac6b-56d24234a197,0cba1d98-60b2-4232-94ec-d8e303215c75,d1d77fc2-a535-4b88-9d6b-dc3d40cb4272,->,594358a7-72be-4e3d-ac6b-56d24234a197,javax/ws/rs/core/Response$ResponseBuilder.java,build
594358a7-72be-4e3d-ac6b-56d24234a197,0cba1d98-60b2-4232-94ec-d8e303215c75,d1d77fc2-a535-4b88-9d6b-dc3d40cb4272,->,594358a7-72be-4e3d-ac6b-56d24234a197,javax/ws/rs/core/Response.java,status
594358a7-72be-4e3d-ac6b-56d24234a197,0cba1d98-60b2-4232-94ec-d8e303215c75,d1d77fc2-a535-4b88-9d6b-dc3d40cb4272,->,594358a7-72be-4e3d-ac6b-56d24234a197,javax/ws/rs/core/Response$ResponseBuilder.java,entity
594358a7-72be-4e3d-ac6b-56d24234a197,0cba1d98-60b2-4232-94ec-d8e303215c75,d1d77fc2-a535-4b88-9d6b-dc3d40cb4272,->,594358a7-72be-4e3d-ac6b-56d24234a197,javax/ws/rs/core/Response$ResponseBuilder.java,build
594358a7-72be-4e3d-ac6b-56d24234a197,0cba1d98-60b2-4232-94ec-d8e303215c75,0d180578-38d8-49f8-922a-7c9d8ac055d6,->,594358a7-72be-4e3d-ac6b-56d24234a197,2ea789ea-a172-47a1-bf3b-24ae905b7733,e925e8e3-3453-44f7-b47c-622e6a635549
594358a7-72be-4e3d-ac6b-56d24234a197,0cba1d98-60b2-4232-94ec-d8e303215c75,0d180578-38d8-49f8-922a-7c9d8ac055d6,->,594358a7-72be-4e3d-ac6b-56d24234a197,javax/ws/rs/core/Response.java,status
594358a7-72be-4e3d-ac6b-56d24234a197,0cba1d98-60b2-4232-94ec-d8e303215c75,0d180578-38d8-49f8-922a-7c9d8ac055d6,->,594358a7-72be-4e3d-ac6b-56d24234a197,33a8a803-117b-44ae-bc71-e50009854271,b27b0a35-74b0-4411-a687-2df24d1f4efa
594358a7-72be-4e3d-ac6b-56d24234a197,0cba1d98-60b2-4232-94ec-d8e303215c75,0d180578-38d8-49f8-922a-7c9d8ac055d6,->,594358a7-72be-4e3d-ac6b-56d24234a197,javax/ws/rs/core/Response$ResponseBuilder.java,entity
594358a7-72be-4e3d-ac6b-56d24234a197,0cba1d98-60b2-4232-94ec-d8e303215c75,0d180578-38d8-49f8-922a-7c9d8ac055d6,->,594358a7-72be-4e3d-ac6b-56d24234a197,javax/ws/rs/core/Response$ResponseBuilder.java,build
594358a7-72be-4e3d-ac6b-56d24234a197,0cba1d98-60b2-4232-94ec-d8e303215c75,0d180578-38d8-49f8-922a-7c9d8ac055d6,->,594358a7-72be-4e3d-ac6b-56d24234a197,javax/ws/rs/core/Response.java,status
594358a7-72be-4e3d-ac6b-56d24234a197,0cba1d98-60b2-4232-94ec-d8e303215c75,0d180578-38d8-49f8-922a-7c9d8ac055d6,->,594358a7-72be-4e3d-ac6b-56d24234a197,javax/ws/rs/core/Response$ResponseBuilder.java,entity
594358a7-72be-4e3d-ac6b-56d24234a197,0cba1d98-60b2-4232-94ec-d8e303215c75,0d180578-38d8-49f8-922a-7c9d8ac055d6,->,594358a7-72be-4e3d-ac6b-56d24234a197,javax/ws/rs/core/Response$ResponseBuilder.java,build
594358a7-72be-4e3d-ac6b-56d24234a197,0cba1d98-60b2-4232-94ec-d8e303215c75,0d180578-38d8-49f8-922a-7c9d8ac055d6,->,594358a7-72be-4e3d-ac6b-56d24234a197,javax/ws/rs/core/Response.java,status
594358a7-72be-4e3d-ac6b-56d24234a197,0cba1d98-60b2-4232-94ec-d8e303215c75,0d180578-38d8-49f8-922a-7c9d8ac055d6,->,594358a7-72be-4e3d-ac6b-56d24234a197,javax/ws/rs/core/Response$ResponseBuilder.java,entity
594358a7-72be-4e3d-ac6b-56d24234a197,0cba1d98-60b2-4232-94ec-d8e303215c75,0d180578-38d8-49f8-922a-7c9d8ac055d6,->,594358a7-72be-4e3d-ac6b-56d24234a197,javax/ws/rs/core/Response$ResponseBuilder.java,build
594358a7-72be-4e3d-ac6b-56d24234a197,0cba1d98-60b2-4232-94ec-d8e303215c75,f0707e06-9bed-4bd3-b8c2-1e11c044d0f1,->,594358a7-72be-4e3d-ac6b-56d24234a197,2ea789ea-a172-47a1-bf3b-24ae905b7733,f8fb4b7f-474d-4d65-8e2c-a20ed1ca05fa
594358a7-72be-4e3d-ac6b-56d24234a197,0cba1d98-60b2-4232-94ec-d8e303215c75,f0707e06-9bed-4bd3-b8c2-1e11c044d0f1,->,594358a7-72be-4e3d-ac6b-56d24234a197,javax/ws/rs/core/Response.java,status
594358a7-72be-4e3d-ac6b-56d24234a197,0cba1d98-60b2-4232-94ec-d8e303215c75,f0707e06-9bed-4bd3-b8c2-1e11c044d0f1,->,594358a7-72be-4e3d-ac6b-56d24234a197,java/lang/StringBuilder.java,append
594358a7-72be-4e3d-ac6b-56d24234a197,0cba1d98-60b2-4232-94ec-d8e303215c75,f0707e06-9bed-4bd3-b8c2-1e11c044d0f1,->,594358a7-72be-4e3d-ac6b-56d24234a197,java/lang/StringBuilder.java,append
594358a7-72be-4e3d-ac6b-56d24234a197,0cba1d98-60b2-4232-94ec-d8e303215c75,f0707e06-9bed-4bd3-b8c2-1e11c044d0f1,->,594358a7-72be-4e3d-ac6b-56d24234a197,java/lang/StringBuilder.java,append
594358a7-72be-4e3d-ac6b-56d24234a197,0cba1d98-60b2-4232-94ec-d8e303215c75,f0707e06-9bed-4bd3-b8c2-1e11c044d0f1,->,594358a7-72be-4e3d-ac6b-56d24234a197,java/lang/StringBuilder.java,toString
594358a7-72be-4e3d-ac6b-56d24234a197,0cba1d98-60b2-4232-94ec-d8e303215c75,f0707e06-9bed-4bd3-b8c2-1e11c044d0f1,->,594358a7-72be-4e3d-ac6b-56d24234a197,javax/ws/rs/core/Response$ResponseBuilder.java,entity
594358a7-72be-4e3d-ac6b-56d24234a197,0cba1d98-60b2-4232-94ec-d8e303215c75,f0707e06-9bed-4bd3-b8c2-1e11c044d0f1,->,594358a7-72be-4e3d-ac6b-56d24234a197,javax/ws/rs/core/Response$ResponseBuilder.java,build
594358a7-72be-4e3d-ac6b-56d24234a197,0cba1d98-60b2-4232-94ec-d8e303215c75,f0707e06-9bed-4bd3-b8c2-1e11c044d0f1,->,594358a7-72be-4e3d-ac6b-56d24234a197,javax/ws/rs/core/Response.java,status
594358a7-72be-4e3d-ac6b-56d24234a197,0cba1d98-60b2-4232-94ec-d8e303215c75,f0707e06-9bed-4bd3-b8c2-1e11c044d0f1,->,594358a7-72be-4e3d-ac6b-56d24234a197,javax/ws/rs/core/Response$ResponseBuilder.java,entity
594358a7-72be-4e3d-ac6b-56d24234a197,0cba1d98-60b2-4232-94ec-d8e303215c75,f0707e06-9bed-4bd3-b8c2-1e11c044d0f1,->,594358a7-72be-4e3d-ac6b-56d24234a197,javax/ws/rs/core/Response$ResponseBuilder.java,build
594358a7-72be-4e3d-ac6b-56d24234a197,0cba1d98-60b2-4232-94ec-d8e303215c75,26d4ab5f-80a9-4554-b9a9-c813f09907b6,->,594358a7-72be-4e3d-ac6b-56d24234a197,2ea789ea-a172-47a1-bf3b-24ae905b7733,c80bd4fe-6fe7-4722-baba-28fe087dbfd9
594358a7-72be-4e3d-ac6b-56d24234a197,0cba1d98-60b2-4232-94ec-d8e303215c75,26d4ab5f-80a9-4554-b9a9-c813f09907b6,->,594358a7-72be-4e3d-ac6b-56d24234a197,javax/ws/rs/core/Response.java,status
594358a7-72be-4e3d-ac6b-56d24234a197,0cba1d98-60b2-4232-94ec-d8e303215c75,26d4ab5f-80a9-4554-b9a9-c813f09907b6,->,594358a7-72be-4e3d-ac6b-56d24234a197,javax/ws/rs/core/Response$ResponseBuilder.java,entity
594358a7-72be-4e3d-ac6b-56d24234a197,0cba1d98-60b2-4232-94ec-d8e303215c75,26d4ab5f-80a9-4554-b9a9-c813f09907b6,->,594358a7-72be-4e3d-ac6b-56d24234a197,javax/ws/rs/core/Response$ResponseBuilder.java,build
594358a7-72be-4e3d-ac6b-56d24234a197,0cba1d98-60b2-4232-94ec-d8e303215c75,26d4ab5f-80a9-4554-b9a9-c813f09907b6,->,594358a7-72be-4e3d-ac6b-56d24234a197,javax/ws/rs/core/Response.java,status
594358a7-72be-4e3d-ac6b-56d24234a197,0cba1d98-60b2-4232-94ec-d8e303215c75,26d4ab5f-80a9-4554-b9a9-c813f09907b6,->,594358a7-72be-4e3d-ac6b-56d24234a197,javax/ws/rs/core/Response$ResponseBuilder.java,entity
594358a7-72be-4e3d-ac6b-56d24234a197,0cba1d98-60b2-4232-94ec-d8e303215c75,26d4ab5f-80a9-4554-b9a9-c813f09907b6,->,594358a7-72be-4e3d-ac6b-56d24234a197,javax/ws/rs/core/Response$ResponseBuilder.java,build
