caller_project_id,caller_class_id,caller_method_id,CALL_DIRECTION,callee_project_id,callee_class_id,callee_method_id
5ee5cae8-643a-4262-92ab-52232c3ec69d,com/division/freeforall/events/PlayerEnteredArenaEvent.java,toString,->,5ee5cae8-643a-4262-92ab-52232c3ec69d,java/lang/StringBuilder.java,append
5ee5cae8-643a-4262-92ab-52232c3ec69d,com/division/freeforall/events/PlayerEnteredArenaEvent.java,toString,->,5ee5cae8-643a-4262-92ab-52232c3ec69d,org/bukkit/entity/Player.java,getName
5ee5cae8-643a-4262-92ab-52232c3ec69d,com/division/freeforall/events/PlayerEnteredArenaEvent.java,toString,->,5ee5cae8-643a-4262-92ab-52232c3ec69d,java/lang/StringBuilder.java,append
5ee5cae8-643a-4262-92ab-52232c3ec69d,com/division/freeforall/events/PlayerEnteredArenaEvent.java,toString,->,5ee5cae8-643a-4262-92ab-52232c3ec69d,java/lang/StringBuilder.java,append
5ee5cae8-643a-4262-92ab-52232c3ec69d,com/division/freeforall/events/PlayerEnteredArenaEvent.java,toString,->,5ee5cae8-643a-4262-92ab-52232c3ec69d,com/division/freeforall/events/MoveMethod.java,toString
5ee5cae8-643a-4262-92ab-52232c3ec69d,com/division/freeforall/events/PlayerEnteredArenaEvent.java,toString,->,5ee5cae8-643a-4262-92ab-52232c3ec69d,java/lang/StringBuilder.java,append
5ee5cae8-643a-4262-92ab-52232c3ec69d,com/division/freeforall/events/PlayerEnteredArenaEvent.java,toString,->,5ee5cae8-643a-4262-92ab-52232c3ec69d,java/lang/StringBuilder.java,append
5ee5cae8-643a-4262-92ab-52232c3ec69d,com/division/freeforall/events/PlayerEnteredArenaEvent.java,toString,->,5ee5cae8-643a-4262-92ab-52232c3ec69d,java/lang/StringBuilder.java,append
5ee5cae8-643a-4262-92ab-52232c3ec69d,com/division/freeforall/events/PlayerEnteredArenaEvent.java,toString,->,5ee5cae8-643a-4262-92ab-52232c3ec69d,java/lang/StringBuilder.java,append
5ee5cae8-643a-4262-92ab-52232c3ec69d,com/division/freeforall/events/PlayerEnteredArenaEvent.java,toString,->,5ee5cae8-643a-4262-92ab-52232c3ec69d,java/lang/StringBuilder.java,append
5ee5cae8-643a-4262-92ab-52232c3ec69d,com/division/freeforall/events/PlayerEnteredArenaEvent.java,toString,->,5ee5cae8-643a-4262-92ab-52232c3ec69d,java/lang/StringBuilder.java,append
5ee5cae8-643a-4262-92ab-52232c3ec69d,com/division/freeforall/events/PlayerEnteredArenaEvent.java,toString,->,5ee5cae8-643a-4262-92ab-52232c3ec69d,java/lang/StringBuilder.java,append
5ee5cae8-643a-4262-92ab-52232c3ec69d,com/division/freeforall/events/PlayerEnteredArenaEvent.java,toString,->,5ee5cae8-643a-4262-92ab-52232c3ec69d,java/lang/StringBuilder.java,append
5ee5cae8-643a-4262-92ab-52232c3ec69d,com/division/freeforall/events/PlayerEnteredArenaEvent.java,toString,->,5ee5cae8-643a-4262-92ab-52232c3ec69d,java/lang/StringBuilder.java,append
5ee5cae8-643a-4262-92ab-52232c3ec69d,com/division/freeforall/events/PlayerEnteredArenaEvent.java,toString,->,5ee5cae8-643a-4262-92ab-52232c3ec69d,java/lang/StringBuilder.java,append
5ee5cae8-643a-4262-92ab-52232c3ec69d,com/division/freeforall/events/PlayerEnteredArenaEvent.java,toString,->,5ee5cae8-643a-4262-92ab-52232c3ec69d,java/lang/StringBuilder.java,toString
5ee5cae8-643a-4262-92ab-52232c3ec69d,com/division/freeforall/events/PlayerEnteredArenaEvent.java,toString,->,5ee5cae8-643a-4262-92ab-52232c3ec69d,java/lang/StringBuilder.java,append
5ee5cae8-643a-4262-92ab-52232c3ec69d,com/division/freeforall/events/PlayerEnteredArenaEvent.java,toString,->,5ee5cae8-643a-4262-92ab-52232c3ec69d,org/bukkit/entity/Player.java,getName
5ee5cae8-643a-4262-92ab-52232c3ec69d,com/division/freeforall/events/PlayerEnteredArenaEvent.java,toString,->,5ee5cae8-643a-4262-92ab-52232c3ec69d,java/lang/StringBuilder.java,append
5ee5cae8-643a-4262-92ab-52232c3ec69d,com/division/freeforall/events/PlayerEnteredArenaEvent.java,toString,->,5ee5cae8-643a-4262-92ab-52232c3ec69d,java/lang/StringBuilder.java,append
5ee5cae8-643a-4262-92ab-52232c3ec69d,com/division/freeforall/events/PlayerEnteredArenaEvent.java,toString,->,5ee5cae8-643a-4262-92ab-52232c3ec69d,com/division/freeforall/events/MoveMethod.java,toString
5ee5cae8-643a-4262-92ab-52232c3ec69d,com/division/freeforall/events/PlayerEnteredArenaEvent.java,toString,->,5ee5cae8-643a-4262-92ab-52232c3ec69d,java/lang/StringBuilder.java,append
5ee5cae8-643a-4262-92ab-52232c3ec69d,com/division/freeforall/events/PlayerEnteredArenaEvent.java,toString,->,5ee5cae8-643a-4262-92ab-52232c3ec69d,java/lang/StringBuilder.java,append
5ee5cae8-643a-4262-92ab-52232c3ec69d,com/division/freeforall/events/PlayerEnteredArenaEvent.java,toString,->,5ee5cae8-643a-4262-92ab-52232c3ec69d,java/lang/StringBuilder.java,append
5ee5cae8-643a-4262-92ab-52232c3ec69d,com/division/freeforall/events/PlayerEnteredArenaEvent.java,toString,->,5ee5cae8-643a-4262-92ab-52232c3ec69d,java/lang/StringBuilder.java,append
5ee5cae8-643a-4262-92ab-52232c3ec69d,com/division/freeforall/events/PlayerEnteredArenaEvent.java,toString,->,5ee5cae8-643a-4262-92ab-52232c3ec69d,java/lang/StringBuilder.java,append
5ee5cae8-643a-4262-92ab-52232c3ec69d,com/division/freeforall/events/PlayerEnteredArenaEvent.java,toString,->,5ee5cae8-643a-4262-92ab-52232c3ec69d,java/lang/StringBuilder.java,append
5ee5cae8-643a-4262-92ab-52232c3ec69d,com/division/freeforall/events/PlayerEnteredArenaEvent.java,toString,->,5ee5cae8-643a-4262-92ab-52232c3ec69d,java/lang/StringBuilder.java,append
5ee5cae8-643a-4262-92ab-52232c3ec69d,com/division/freeforall/events/PlayerEnteredArenaEvent.java,toString,->,5ee5cae8-643a-4262-92ab-52232c3ec69d,java/lang/StringBuilder.java,append
5ee5cae8-643a-4262-92ab-52232c3ec69d,com/division/freeforall/events/PlayerEnteredArenaEvent.java,toString,->,5ee5cae8-643a-4262-92ab-52232c3ec69d,java/lang/StringBuilder.java,append
5ee5cae8-643a-4262-92ab-52232c3ec69d,com/division/freeforall/events/PlayerEnteredArenaEvent.java,toString,->,5ee5cae8-643a-4262-92ab-52232c3ec69d,java/lang/StringBuilder.java,append
5ee5cae8-643a-4262-92ab-52232c3ec69d,com/division/freeforall/events/PlayerEnteredArenaEvent.java,toString,->,5ee5cae8-643a-4262-92ab-52232c3ec69d,java/lang/StringBuilder.java,toString
5ee5cae8-643a-4262-92ab-52232c3ec69d,ddb0b550-17df-400e-9c2a-22af59b5a9d8,2beda7ac-5195-49f0-95a4-440b0aaedacb,->,5ee5cae8-643a-4262-92ab-52232c3ec69d,java/lang/StringBuilder.java,append
5ee5cae8-643a-4262-92ab-52232c3ec69d,ddb0b550-17df-400e-9c2a-22af59b5a9d8,2beda7ac-5195-49f0-95a4-440b0aaedacb,->,5ee5cae8-643a-4262-92ab-52232c3ec69d,org/bukkit/entity/Player.java,getName
5ee5cae8-643a-4262-92ab-52232c3ec69d,ddb0b550-17df-400e-9c2a-22af59b5a9d8,2beda7ac-5195-49f0-95a4-440b0aaedacb,->,5ee5cae8-643a-4262-92ab-52232c3ec69d,java/lang/StringBuilder.java,append
5ee5cae8-643a-4262-92ab-52232c3ec69d,ddb0b550-17df-400e-9c2a-22af59b5a9d8,2beda7ac-5195-49f0-95a4-440b0aaedacb,->,5ee5cae8-643a-4262-92ab-52232c3ec69d,java/lang/StringBuilder.java,append
5ee5cae8-643a-4262-92ab-52232c3ec69d,ddb0b550-17df-400e-9c2a-22af59b5a9d8,2beda7ac-5195-49f0-95a4-440b0aaedacb,->,5ee5cae8-643a-4262-92ab-52232c3ec69d,com/division/freeforall/events/PlayerDeathInArenaEvent$DeathCause.java,name
5ee5cae8-643a-4262-92ab-52232c3ec69d,ddb0b550-17df-400e-9c2a-22af59b5a9d8,2beda7ac-5195-49f0-95a4-440b0aaedacb,->,5ee5cae8-643a-4262-92ab-52232c3ec69d,java/lang/StringBuilder.java,append
5ee5cae8-643a-4262-92ab-52232c3ec69d,ddb0b550-17df-400e-9c2a-22af59b5a9d8,2beda7ac-5195-49f0-95a4-440b0aaedacb,->,5ee5cae8-643a-4262-92ab-52232c3ec69d,java/lang/StringBuilder.java,toString
5ee5cae8-643a-4262-92ab-52232c3ec69d,com/division/freeforall/events/MoveMethod.java,values,->,5ee5cae8-643a-4262-92ab-52232c3ec69d,com/division/freeforall/events/MoveMethod.java,clone
5ee5cae8-643a-4262-92ab-52232c3ec69d,com/division/freeforall/events/MoveMethod.java,valueOf,->,5ee5cae8-643a-4262-92ab-52232c3ec69d,java/lang/Enum.java,valueOf
5ee5cae8-643a-4262-92ab-52232c3ec69d,com/division/freeforall/events/PlayerQuitInArenaEvent.java,toString,->,5ee5cae8-643a-4262-92ab-52232c3ec69d,java/lang/StringBuilder.java,append
5ee5cae8-643a-4262-92ab-52232c3ec69d,com/division/freeforall/events/PlayerQuitInArenaEvent.java,toString,->,5ee5cae8-643a-4262-92ab-52232c3ec69d,org/bukkit/entity/Player.java,getName
5ee5cae8-643a-4262-92ab-52232c3ec69d,com/division/freeforall/events/PlayerQuitInArenaEvent.java,toString,->,5ee5cae8-643a-4262-92ab-52232c3ec69d,java/lang/StringBuilder.java,append
5ee5cae8-643a-4262-92ab-52232c3ec69d,com/division/freeforall/events/PlayerQuitInArenaEvent.java,toString,->,5ee5cae8-643a-4262-92ab-52232c3ec69d,java/lang/StringBuilder.java,append
5ee5cae8-643a-4262-92ab-52232c3ec69d,com/division/freeforall/events/PlayerQuitInArenaEvent.java,toString,->,5ee5cae8-643a-4262-92ab-52232c3ec69d,java/lang/StringBuilder.java,append
5ee5cae8-643a-4262-92ab-52232c3ec69d,com/division/freeforall/events/PlayerQuitInArenaEvent.java,toString,->,5ee5cae8-643a-4262-92ab-52232c3ec69d,org/bukkit/entity/Player.java,getLocation
5ee5cae8-643a-4262-92ab-52232c3ec69d,com/division/freeforall/events/PlayerQuitInArenaEvent.java,toString,->,5ee5cae8-643a-4262-92ab-52232c3ec69d,c5e8277c-a2fb-4fb3-9366-b16154a903cd,"54dbbc46-f200-46b2-8f75-c2cf61f9419d,5469fb69-ac49-4d91-b1d6-8762506c3c4b"
5ee5cae8-643a-4262-92ab-52232c3ec69d,com/division/freeforall/events/PlayerQuitInArenaEvent.java,toString,->,5ee5cae8-643a-4262-92ab-52232c3ec69d,java/lang/StringBuilder.java,append
5ee5cae8-643a-4262-92ab-52232c3ec69d,com/division/freeforall/events/PlayerQuitInArenaEvent.java,toString,->,5ee5cae8-643a-4262-92ab-52232c3ec69d,java/lang/StringBuilder.java,toString
5ee5cae8-643a-4262-92ab-52232c3ec69d,com/division/freeforall/events/PlayerDeathInArenaEvent$DeathCause.java,values,->,5ee5cae8-643a-4262-92ab-52232c3ec69d,com/division/freeforall/events/PlayerDeathInArenaEvent$DeathCause.java,clone
5ee5cae8-643a-4262-92ab-52232c3ec69d,com/division/freeforall/events/PlayerDeathInArenaEvent$DeathCause.java,valueOf,->,5ee5cae8-643a-4262-92ab-52232c3ec69d,java/lang/Enum.java,valueOf
5ee5cae8-643a-4262-92ab-52232c3ec69d,com/division/freeforall/events/PlayerKilledPlayerInArenaEvent.java,toString,->,5ee5cae8-643a-4262-92ab-52232c3ec69d,java/lang/StringBuilder.java,append
5ee5cae8-643a-4262-92ab-52232c3ec69d,com/division/freeforall/events/PlayerKilledPlayerInArenaEvent.java,toString,->,5ee5cae8-643a-4262-92ab-52232c3ec69d,org/bukkit/entity/Player.java,getName
5ee5cae8-643a-4262-92ab-52232c3ec69d,com/division/freeforall/events/PlayerKilledPlayerInArenaEvent.java,toString,->,5ee5cae8-643a-4262-92ab-52232c3ec69d,java/lang/StringBuilder.java,append
5ee5cae8-643a-4262-92ab-52232c3ec69d,com/division/freeforall/events/PlayerKilledPlayerInArenaEvent.java,toString,->,5ee5cae8-643a-4262-92ab-52232c3ec69d,java/lang/StringBuilder.java,append
5ee5cae8-643a-4262-92ab-52232c3ec69d,com/division/freeforall/events/PlayerKilledPlayerInArenaEvent.java,toString,->,5ee5cae8-643a-4262-92ab-52232c3ec69d,org/bukkit/entity/Player.java,getName
5ee5cae8-643a-4262-92ab-52232c3ec69d,com/division/freeforall/events/PlayerKilledPlayerInArenaEvent.java,toString,->,5ee5cae8-643a-4262-92ab-52232c3ec69d,java/lang/StringBuilder.java,append
5ee5cae8-643a-4262-92ab-52232c3ec69d,com/division/freeforall/events/PlayerKilledPlayerInArenaEvent.java,toString,->,5ee5cae8-643a-4262-92ab-52232c3ec69d,java/lang/StringBuilder.java,toString
5ee5cae8-643a-4262-92ab-52232c3ec69d,com/division/freeforall/events/PlayerDamageInArenaEvent.java,toString,->,5ee5cae8-643a-4262-92ab-52232c3ec69d,java/lang/StringBuilder.java,append
5ee5cae8-643a-4262-92ab-52232c3ec69d,com/division/freeforall/events/PlayerDamageInArenaEvent.java,toString,->,5ee5cae8-643a-4262-92ab-52232c3ec69d,org/bukkit/entity/Player.java,getName
5ee5cae8-643a-4262-92ab-52232c3ec69d,com/division/freeforall/events/PlayerDamageInArenaEvent.java,toString,->,5ee5cae8-643a-4262-92ab-52232c3ec69d,java/lang/StringBuilder.java,append
5ee5cae8-643a-4262-92ab-52232c3ec69d,com/division/freeforall/events/PlayerDamageInArenaEvent.java,toString,->,5ee5cae8-643a-4262-92ab-52232c3ec69d,java/lang/StringBuilder.java,append
5ee5cae8-643a-4262-92ab-52232c3ec69d,com/division/freeforall/events/PlayerDamageInArenaEvent.java,toString,->,5ee5cae8-643a-4262-92ab-52232c3ec69d,org/bukkit/event/entity/EntityDamageEvent.java,getDamage
5ee5cae8-643a-4262-92ab-52232c3ec69d,com/division/freeforall/events/PlayerDamageInArenaEvent.java,toString,->,5ee5cae8-643a-4262-92ab-52232c3ec69d,java/lang/StringBuilder.java,append
5ee5cae8-643a-4262-92ab-52232c3ec69d,com/division/freeforall/events/PlayerDamageInArenaEvent.java,toString,->,5ee5cae8-643a-4262-92ab-52232c3ec69d,java/lang/StringBuilder.java,append
5ee5cae8-643a-4262-92ab-52232c3ec69d,com/division/freeforall/events/PlayerDamageInArenaEvent.java,toString,->,5ee5cae8-643a-4262-92ab-52232c3ec69d,org/bukkit/entity/Entity.java,getType
5ee5cae8-643a-4262-92ab-52232c3ec69d,com/division/freeforall/events/PlayerDamageInArenaEvent.java,toString,->,5ee5cae8-643a-4262-92ab-52232c3ec69d,java/lang/StringBuilder.java,append
5ee5cae8-643a-4262-92ab-52232c3ec69d,com/division/freeforall/events/PlayerDamageInArenaEvent.java,toString,->,5ee5cae8-643a-4262-92ab-52232c3ec69d,java/lang/StringBuilder.java,toString
5ee5cae8-643a-4262-92ab-52232c3ec69d,com/division/freeforall/events/PlayerDamageInArenaEvent.java,toString,->,5ee5cae8-643a-4262-92ab-52232c3ec69d,java/lang/StringBuilder.java,append
5ee5cae8-643a-4262-92ab-52232c3ec69d,com/division/freeforall/events/PlayerDamageInArenaEvent.java,toString,->,5ee5cae8-643a-4262-92ab-52232c3ec69d,org/bukkit/entity/Player.java,getName
5ee5cae8-643a-4262-92ab-52232c3ec69d,com/division/freeforall/events/PlayerDamageInArenaEvent.java,toString,->,5ee5cae8-643a-4262-92ab-52232c3ec69d,java/lang/StringBuilder.java,append
5ee5cae8-643a-4262-92ab-52232c3ec69d,com/division/freeforall/events/PlayerDamageInArenaEvent.java,toString,->,5ee5cae8-643a-4262-92ab-52232c3ec69d,java/lang/StringBuilder.java,append
5ee5cae8-643a-4262-92ab-52232c3ec69d,com/division/freeforall/events/PlayerDamageInArenaEvent.java,toString,->,5ee5cae8-643a-4262-92ab-52232c3ec69d,org/bukkit/event/entity/EntityDamageEvent.java,getDamage
5ee5cae8-643a-4262-92ab-52232c3ec69d,com/division/freeforall/events/PlayerDamageInArenaEvent.java,toString,->,5ee5cae8-643a-4262-92ab-52232c3ec69d,java/lang/StringBuilder.java,append
5ee5cae8-643a-4262-92ab-52232c3ec69d,com/division/freeforall/events/PlayerDamageInArenaEvent.java,toString,->,5ee5cae8-643a-4262-92ab-52232c3ec69d,java/lang/StringBuilder.java,append
5ee5cae8-643a-4262-92ab-52232c3ec69d,com/division/freeforall/events/PlayerDamageInArenaEvent.java,toString,->,5ee5cae8-643a-4262-92ab-52232c3ec69d,org/bukkit/event/entity/EntityDamageEvent$DamageCause.java,name
5ee5cae8-643a-4262-92ab-52232c3ec69d,com/division/freeforall/events/PlayerDamageInArenaEvent.java,toString,->,5ee5cae8-643a-4262-92ab-52232c3ec69d,java/lang/StringBuilder.java,append
5ee5cae8-643a-4262-92ab-52232c3ec69d,com/division/freeforall/events/PlayerDamageInArenaEvent.java,toString,->,5ee5cae8-643a-4262-92ab-52232c3ec69d,java/lang/StringBuilder.java,toString
5ee5cae8-643a-4262-92ab-52232c3ec69d,com/division/freeforall/events/PlayerLeftArenaEvent.java,toString,->,5ee5cae8-643a-4262-92ab-52232c3ec69d,java/lang/StringBuilder.java,append
5ee5cae8-643a-4262-92ab-52232c3ec69d,com/division/freeforall/events/PlayerLeftArenaEvent.java,toString,->,5ee5cae8-643a-4262-92ab-52232c3ec69d,org/bukkit/entity/Player.java,getName
5ee5cae8-643a-4262-92ab-52232c3ec69d,com/division/freeforall/events/PlayerLeftArenaEvent.java,toString,->,5ee5cae8-643a-4262-92ab-52232c3ec69d,java/lang/StringBuilder.java,append
5ee5cae8-643a-4262-92ab-52232c3ec69d,com/division/freeforall/events/PlayerLeftArenaEvent.java,toString,->,5ee5cae8-643a-4262-92ab-52232c3ec69d,java/lang/StringBuilder.java,append
5ee5cae8-643a-4262-92ab-52232c3ec69d,com/division/freeforall/events/PlayerLeftArenaEvent.java,toString,->,5ee5cae8-643a-4262-92ab-52232c3ec69d,com/division/freeforall/events/MoveMethod.java,toString
5ee5cae8-643a-4262-92ab-52232c3ec69d,com/division/freeforall/events/PlayerLeftArenaEvent.java,toString,->,5ee5cae8-643a-4262-92ab-52232c3ec69d,java/lang/StringBuilder.java,append
5ee5cae8-643a-4262-92ab-52232c3ec69d,com/division/freeforall/events/PlayerLeftArenaEvent.java,toString,->,5ee5cae8-643a-4262-92ab-52232c3ec69d,java/lang/StringBuilder.java,append
5ee5cae8-643a-4262-92ab-52232c3ec69d,com/division/freeforall/events/PlayerLeftArenaEvent.java,toString,->,5ee5cae8-643a-4262-92ab-52232c3ec69d,java/lang/StringBuilder.java,append
5ee5cae8-643a-4262-92ab-52232c3ec69d,com/division/freeforall/events/PlayerLeftArenaEvent.java,toString,->,5ee5cae8-643a-4262-92ab-52232c3ec69d,java/lang/StringBuilder.java,append
5ee5cae8-643a-4262-92ab-52232c3ec69d,com/division/freeforall/events/PlayerLeftArenaEvent.java,toString,->,5ee5cae8-643a-4262-92ab-52232c3ec69d,java/lang/StringBuilder.java,append
5ee5cae8-643a-4262-92ab-52232c3ec69d,com/division/freeforall/events/PlayerLeftArenaEvent.java,toString,->,5ee5cae8-643a-4262-92ab-52232c3ec69d,java/lang/StringBuilder.java,append
5ee5cae8-643a-4262-92ab-52232c3ec69d,com/division/freeforall/events/PlayerLeftArenaEvent.java,toString,->,5ee5cae8-643a-4262-92ab-52232c3ec69d,java/lang/StringBuilder.java,append
5ee5cae8-643a-4262-92ab-52232c3ec69d,com/division/freeforall/events/PlayerLeftArenaEvent.java,toString,->,5ee5cae8-643a-4262-92ab-52232c3ec69d,java/lang/StringBuilder.java,append
5ee5cae8-643a-4262-92ab-52232c3ec69d,com/division/freeforall/events/PlayerLeftArenaEvent.java,toString,->,5ee5cae8-643a-4262-92ab-52232c3ec69d,java/lang/StringBuilder.java,append
5ee5cae8-643a-4262-92ab-52232c3ec69d,com/division/freeforall/events/PlayerLeftArenaEvent.java,toString,->,5ee5cae8-643a-4262-92ab-52232c3ec69d,java/lang/StringBuilder.java,append
5ee5cae8-643a-4262-92ab-52232c3ec69d,com/division/freeforall/events/PlayerLeftArenaEvent.java,toString,->,5ee5cae8-643a-4262-92ab-52232c3ec69d,java/lang/StringBuilder.java,toString
5ee5cae8-643a-4262-92ab-52232c3ec69d,com/division/freeforall/events/PlayerKillstreakAwardedEvent.java,toString,->,5ee5cae8-643a-4262-92ab-52232c3ec69d,java/lang/StringBuilder.java,append
5ee5cae8-643a-4262-92ab-52232c3ec69d,com/division/freeforall/events/PlayerKillstreakAwardedEvent.java,toString,->,5ee5cae8-643a-4262-92ab-52232c3ec69d,org/bukkit/entity/Player.java,getName
5ee5cae8-643a-4262-92ab-52232c3ec69d,com/division/freeforall/events/PlayerKillstreakAwardedEvent.java,toString,->,5ee5cae8-643a-4262-92ab-52232c3ec69d,java/lang/StringBuilder.java,append
5ee5cae8-643a-4262-92ab-52232c3ec69d,com/division/freeforall/events/PlayerKillstreakAwardedEvent.java,toString,->,5ee5cae8-643a-4262-92ab-52232c3ec69d,java/lang/StringBuilder.java,append
5ee5cae8-643a-4262-92ab-52232c3ec69d,com/division/freeforall/events/PlayerKillstreakAwardedEvent.java,toString,->,5ee5cae8-643a-4262-92ab-52232c3ec69d,java/lang/StringBuilder.java,append
5ee5cae8-643a-4262-92ab-52232c3ec69d,com/division/freeforall/events/PlayerKillstreakAwardedEvent.java,toString,->,5ee5cae8-643a-4262-92ab-52232c3ec69d,java/lang/StringBuilder.java,append
5ee5cae8-643a-4262-92ab-52232c3ec69d,com/division/freeforall/events/PlayerKillstreakAwardedEvent.java,toString,->,5ee5cae8-643a-4262-92ab-52232c3ec69d,java/lang/StringBuilder.java,append
5ee5cae8-643a-4262-92ab-52232c3ec69d,com/division/freeforall/events/PlayerKillstreakAwardedEvent.java,toString,->,5ee5cae8-643a-4262-92ab-52232c3ec69d,java/lang/StringBuilder.java,toString
5ee5cae8-643a-4262-92ab-52232c3ec69d,com/division/freeforall/regions/HealRegion$1.java,run,->,5ee5cae8-643a-4262-92ab-52232c3ec69d,750bce1e-ca15-4143-a7d0-5d96c3b7083b,07295abe-a4bf-4059-b5b0-72beb36c4477
5ee5cae8-643a-4262-92ab-52232c3ec69d,750bce1e-ca15-4143-a7d0-5d96c3b7083b,b4b55875-043b-41ab-8fc4-aed8fbc6f3dc,->,5ee5cae8-643a-4262-92ab-52232c3ec69d,com/division/freeforall/core/FreeForAll.java,getServer
5ee5cae8-643a-4262-92ab-52232c3ec69d,750bce1e-ca15-4143-a7d0-5d96c3b7083b,b4b55875-043b-41ab-8fc4-aed8fbc6f3dc,->,5ee5cae8-643a-4262-92ab-52232c3ec69d,org/bukkit/Server.java,getScheduler
5ee5cae8-643a-4262-92ab-52232c3ec69d,750bce1e-ca15-4143-a7d0-5d96c3b7083b,b4b55875-043b-41ab-8fc4-aed8fbc6f3dc,->,5ee5cae8-643a-4262-92ab-52232c3ec69d,org/bukkit/scheduler/BukkitScheduler.java,scheduleSyncRepeatingTask
5ee5cae8-643a-4262-92ab-52232c3ec69d,750bce1e-ca15-4143-a7d0-5d96c3b7083b,07295abe-a4bf-4059-b5b0-72beb36c4477,->,5ee5cae8-643a-4262-92ab-52232c3ec69d,750bce1e-ca15-4143-a7d0-5d96c3b7083b,5082a449-f29d-421e-a414-78df0014abd3
5ee5cae8-643a-4262-92ab-52232c3ec69d,750bce1e-ca15-4143-a7d0-5d96c3b7083b,07295abe-a4bf-4059-b5b0-72beb36c4477,->,5ee5cae8-643a-4262-92ab-52232c3ec69d,java/util/List.java,iterator
5ee5cae8-643a-4262-92ab-52232c3ec69d,750bce1e-ca15-4143-a7d0-5d96c3b7083b,07295abe-a4bf-4059-b5b0-72beb36c4477,->,5ee5cae8-643a-4262-92ab-52232c3ec69d,java/util/Iterator.java,hasNext
5ee5cae8-643a-4262-92ab-52232c3ec69d,750bce1e-ca15-4143-a7d0-5d96c3b7083b,07295abe-a4bf-4059-b5b0-72beb36c4477,->,5ee5cae8-643a-4262-92ab-52232c3ec69d,java/util/Iterator.java,next
5ee5cae8-643a-4262-92ab-52232c3ec69d,750bce1e-ca15-4143-a7d0-5d96c3b7083b,07295abe-a4bf-4059-b5b0-72beb36c4477,->,5ee5cae8-643a-4262-92ab-52232c3ec69d,org/bukkit/entity/Player.java,getHealth
5ee5cae8-643a-4262-92ab-52232c3ec69d,750bce1e-ca15-4143-a7d0-5d96c3b7083b,07295abe-a4bf-4059-b5b0-72beb36c4477,->,5ee5cae8-643a-4262-92ab-52232c3ec69d,org/bukkit/entity/Player.java,isDead
5ee5cae8-643a-4262-92ab-52232c3ec69d,750bce1e-ca15-4143-a7d0-5d96c3b7083b,07295abe-a4bf-4059-b5b0-72beb36c4477,->,5ee5cae8-643a-4262-92ab-52232c3ec69d,org/bukkit/entity/Player.java,getHealth
5ee5cae8-643a-4262-92ab-52232c3ec69d,750bce1e-ca15-4143-a7d0-5d96c3b7083b,07295abe-a4bf-4059-b5b0-72beb36c4477,->,5ee5cae8-643a-4262-92ab-52232c3ec69d,org/bukkit/entity/Player.java,setHealth
5ee5cae8-643a-4262-92ab-52232c3ec69d,750bce1e-ca15-4143-a7d0-5d96c3b7083b,5082a449-f29d-421e-a414-78df0014abd3,->,5ee5cae8-643a-4262-92ab-52232c3ec69d,com/division/freeforall/core/FreeForAll.java,getServer
5ee5cae8-643a-4262-92ab-52232c3ec69d,750bce1e-ca15-4143-a7d0-5d96c3b7083b,5082a449-f29d-421e-a414-78df0014abd3,->,5ee5cae8-643a-4262-92ab-52232c3ec69d,org/bukkit/Server.java,getOnlinePlayers
5ee5cae8-643a-4262-92ab-52232c3ec69d,750bce1e-ca15-4143-a7d0-5d96c3b7083b,5082a449-f29d-421e-a414-78df0014abd3,->,5ee5cae8-643a-4262-92ab-52232c3ec69d,org/bukkit/entity/Player.java,getLocation
5ee5cae8-643a-4262-92ab-52232c3ec69d,750bce1e-ca15-4143-a7d0-5d96c3b7083b,5082a449-f29d-421e-a414-78df0014abd3,->,5ee5cae8-643a-4262-92ab-52232c3ec69d,org/bukkit/Location.java,getBlockX
5ee5cae8-643a-4262-92ab-52232c3ec69d,750bce1e-ca15-4143-a7d0-5d96c3b7083b,5082a449-f29d-421e-a414-78df0014abd3,->,5ee5cae8-643a-4262-92ab-52232c3ec69d,org/bukkit/Location.java,getBlockY
5ee5cae8-643a-4262-92ab-52232c3ec69d,750bce1e-ca15-4143-a7d0-5d96c3b7083b,5082a449-f29d-421e-a414-78df0014abd3,->,5ee5cae8-643a-4262-92ab-52232c3ec69d,org/bukkit/Location.java,getBlockZ
5ee5cae8-643a-4262-92ab-52232c3ec69d,750bce1e-ca15-4143-a7d0-5d96c3b7083b,5082a449-f29d-421e-a414-78df0014abd3,->,5ee5cae8-643a-4262-92ab-52232c3ec69d,org/bukkit/entity/Player.java,getWorld
5ee5cae8-643a-4262-92ab-52232c3ec69d,750bce1e-ca15-4143-a7d0-5d96c3b7083b,5082a449-f29d-421e-a414-78df0014abd3,->,5ee5cae8-643a-4262-92ab-52232c3ec69d,com/division/freeforall/regions/HealRegion.java,contains
5ee5cae8-643a-4262-92ab-52232c3ec69d,750bce1e-ca15-4143-a7d0-5d96c3b7083b,5082a449-f29d-421e-a414-78df0014abd3,->,5ee5cae8-643a-4262-92ab-52232c3ec69d,java/util/List.java,add
5ee5cae8-643a-4262-92ab-52232c3ec69d,f9d0189c-feb7-4d80-b419-917ceb822446,0d65678b-9e1b-46e9-b937-c1fc6c68db90,->,5ee5cae8-643a-4262-92ab-52232c3ec69d,java/lang/StringBuilder.java,append
5ee5cae8-643a-4262-92ab-52232c3ec69d,f9d0189c-feb7-4d80-b419-917ceb822446,0d65678b-9e1b-46e9-b937-c1fc6c68db90,->,5ee5cae8-643a-4262-92ab-52232c3ec69d,org/bukkit/World.java,getName
5ee5cae8-643a-4262-92ab-52232c3ec69d,f9d0189c-feb7-4d80-b419-917ceb822446,0d65678b-9e1b-46e9-b937-c1fc6c68db90,->,5ee5cae8-643a-4262-92ab-52232c3ec69d,java/lang/StringBuilder.java,append
5ee5cae8-643a-4262-92ab-52232c3ec69d,f9d0189c-feb7-4d80-b419-917ceb822446,0d65678b-9e1b-46e9-b937-c1fc6c68db90,->,5ee5cae8-643a-4262-92ab-52232c3ec69d,java/lang/StringBuilder.java,toString
5ee5cae8-643a-4262-92ab-52232c3ec69d,4b5581fd-046b-4cf3-a1fa-e508fa091de7,9f2dc263-39e5-4e2d-8951-0fe93bda52fa,->,5ee5cae8-643a-4262-92ab-52232c3ec69d,org/bukkit/util/BlockVector.java,setY
5ee5cae8-643a-4262-92ab-52232c3ec69d,4b5581fd-046b-4cf3-a1fa-e508fa091de7,9f2dc263-39e5-4e2d-8951-0fe93bda52fa,->,5ee5cae8-643a-4262-92ab-52232c3ec69d,org/bukkit/util/BlockVector.java,setY
5ee5cae8-643a-4262-92ab-52232c3ec69d,4b5581fd-046b-4cf3-a1fa-e508fa091de7,9f2dc263-39e5-4e2d-8951-0fe93bda52fa,->,5ee5cae8-643a-4262-92ab-52232c3ec69d,java/util/List.java,add
5ee5cae8-643a-4262-92ab-52232c3ec69d,4b5581fd-046b-4cf3-a1fa-e508fa091de7,9f2dc263-39e5-4e2d-8951-0fe93bda52fa,->,5ee5cae8-643a-4262-92ab-52232c3ec69d,java/util/List.java,add
5ee5cae8-643a-4262-92ab-52232c3ec69d,4b5581fd-046b-4cf3-a1fa-e508fa091de7,9f2dc263-39e5-4e2d-8951-0fe93bda52fa,->,5ee5cae8-643a-4262-92ab-52232c3ec69d,4b5581fd-046b-4cf3-a1fa-e508fa091de7,85c1c88d-72d0-4740-966d-46d3a00975c5
5ee5cae8-643a-4262-92ab-52232c3ec69d,4b5581fd-046b-4cf3-a1fa-e508fa091de7,2cd008ad-d0b7-45bd-a31c-826699425954,->,5ee5cae8-643a-4262-92ab-52232c3ec69d,org/bukkit/World.java,getName
5ee5cae8-643a-4262-92ab-52232c3ec69d,4b5581fd-046b-4cf3-a1fa-e508fa091de7,2cd008ad-d0b7-45bd-a31c-826699425954,->,5ee5cae8-643a-4262-92ab-52232c3ec69d,org/bukkit/World.java,getName
5ee5cae8-643a-4262-92ab-52232c3ec69d,4b5581fd-046b-4cf3-a1fa-e508fa091de7,2cd008ad-d0b7-45bd-a31c-826699425954,->,5ee5cae8-643a-4262-92ab-52232c3ec69d,java/lang/String.java,equals
5ee5cae8-643a-4262-92ab-52232c3ec69d,4b5581fd-046b-4cf3-a1fa-e508fa091de7,2cd008ad-d0b7-45bd-a31c-826699425954,->,5ee5cae8-643a-4262-92ab-52232c3ec69d,org/bukkit/util/Vector.java,getX
5ee5cae8-643a-4262-92ab-52232c3ec69d,4b5581fd-046b-4cf3-a1fa-e508fa091de7,2cd008ad-d0b7-45bd-a31c-826699425954,->,5ee5cae8-643a-4262-92ab-52232c3ec69d,org/bukkit/util/Vector.java,getY
5ee5cae8-643a-4262-92ab-52232c3ec69d,4b5581fd-046b-4cf3-a1fa-e508fa091de7,2cd008ad-d0b7-45bd-a31c-826699425954,->,5ee5cae8-643a-4262-92ab-52232c3ec69d,org/bukkit/util/Vector.java,getZ
5ee5cae8-643a-4262-92ab-52232c3ec69d,4b5581fd-046b-4cf3-a1fa-e508fa091de7,2cd008ad-d0b7-45bd-a31c-826699425954,->,5ee5cae8-643a-4262-92ab-52232c3ec69d,org/bukkit/util/BlockVector.java,getBlockX
5ee5cae8-643a-4262-92ab-52232c3ec69d,4b5581fd-046b-4cf3-a1fa-e508fa091de7,2cd008ad-d0b7-45bd-a31c-826699425954,->,5ee5cae8-643a-4262-92ab-52232c3ec69d,org/bukkit/util/BlockVector.java,getBlockX
5ee5cae8-643a-4262-92ab-52232c3ec69d,4b5581fd-046b-4cf3-a1fa-e508fa091de7,2cd008ad-d0b7-45bd-a31c-826699425954,->,5ee5cae8-643a-4262-92ab-52232c3ec69d,org/bukkit/util/BlockVector.java,getBlockY
5ee5cae8-643a-4262-92ab-52232c3ec69d,4b5581fd-046b-4cf3-a1fa-e508fa091de7,2cd008ad-d0b7-45bd-a31c-826699425954,->,5ee5cae8-643a-4262-92ab-52232c3ec69d,org/bukkit/util/BlockVector.java,getBlockY
5ee5cae8-643a-4262-92ab-52232c3ec69d,4b5581fd-046b-4cf3-a1fa-e508fa091de7,2cd008ad-d0b7-45bd-a31c-826699425954,->,5ee5cae8-643a-4262-92ab-52232c3ec69d,org/bukkit/util/BlockVector.java,getBlockZ
5ee5cae8-643a-4262-92ab-52232c3ec69d,4b5581fd-046b-4cf3-a1fa-e508fa091de7,2cd008ad-d0b7-45bd-a31c-826699425954,->,5ee5cae8-643a-4262-92ab-52232c3ec69d,org/bukkit/util/BlockVector.java,getBlockZ
5ee5cae8-643a-4262-92ab-52232c3ec69d,4b5581fd-046b-4cf3-a1fa-e508fa091de7,85c1c88d-72d0-4740-966d-46d3a00975c5,->,5ee5cae8-643a-4262-92ab-52232c3ec69d,java/util/List.java,get
5ee5cae8-643a-4262-92ab-52232c3ec69d,4b5581fd-046b-4cf3-a1fa-e508fa091de7,85c1c88d-72d0-4740-966d-46d3a00975c5,->,5ee5cae8-643a-4262-92ab-52232c3ec69d,org/bukkit/util/Vector.java,getBlockX
5ee5cae8-643a-4262-92ab-52232c3ec69d,4b5581fd-046b-4cf3-a1fa-e508fa091de7,85c1c88d-72d0-4740-966d-46d3a00975c5,->,5ee5cae8-643a-4262-92ab-52232c3ec69d,java/util/List.java,get
5ee5cae8-643a-4262-92ab-52232c3ec69d,4b5581fd-046b-4cf3-a1fa-e508fa091de7,85c1c88d-72d0-4740-966d-46d3a00975c5,->,5ee5cae8-643a-4262-92ab-52232c3ec69d,org/bukkit/util/Vector.java,getBlockY
5ee5cae8-643a-4262-92ab-52232c3ec69d,4b5581fd-046b-4cf3-a1fa-e508fa091de7,85c1c88d-72d0-4740-966d-46d3a00975c5,->,5ee5cae8-643a-4262-92ab-52232c3ec69d,java/util/List.java,get
5ee5cae8-643a-4262-92ab-52232c3ec69d,4b5581fd-046b-4cf3-a1fa-e508fa091de7,85c1c88d-72d0-4740-966d-46d3a00975c5,->,5ee5cae8-643a-4262-92ab-52232c3ec69d,org/bukkit/util/Vector.java,getBlockZ
5ee5cae8-643a-4262-92ab-52232c3ec69d,4b5581fd-046b-4cf3-a1fa-e508fa091de7,85c1c88d-72d0-4740-966d-46d3a00975c5,->,5ee5cae8-643a-4262-92ab-52232c3ec69d,java/util/List.java,iterator
5ee5cae8-643a-4262-92ab-52232c3ec69d,4b5581fd-046b-4cf3-a1fa-e508fa091de7,85c1c88d-72d0-4740-966d-46d3a00975c5,->,5ee5cae8-643a-4262-92ab-52232c3ec69d,java/util/Iterator.java,hasNext
5ee5cae8-643a-4262-92ab-52232c3ec69d,4b5581fd-046b-4cf3-a1fa-e508fa091de7,85c1c88d-72d0-4740-966d-46d3a00975c5,->,5ee5cae8-643a-4262-92ab-52232c3ec69d,java/util/Iterator.java,next
5ee5cae8-643a-4262-92ab-52232c3ec69d,4b5581fd-046b-4cf3-a1fa-e508fa091de7,85c1c88d-72d0-4740-966d-46d3a00975c5,->,5ee5cae8-643a-4262-92ab-52232c3ec69d,org/bukkit/util/Vector.java,getBlockX
5ee5cae8-643a-4262-92ab-52232c3ec69d,4b5581fd-046b-4cf3-a1fa-e508fa091de7,85c1c88d-72d0-4740-966d-46d3a00975c5,->,5ee5cae8-643a-4262-92ab-52232c3ec69d,org/bukkit/util/Vector.java,getBlockY
5ee5cae8-643a-4262-92ab-52232c3ec69d,4b5581fd-046b-4cf3-a1fa-e508fa091de7,85c1c88d-72d0-4740-966d-46d3a00975c5,->,5ee5cae8-643a-4262-92ab-52232c3ec69d,org/bukkit/util/Vector.java,getBlockZ
5ee5cae8-643a-4262-92ab-52232c3ec69d,7556065c-1e04-4291-ba97-f6c0a3f30e19,b5a9b02c-20f9-4647-b997-518b5c0f4a3f,->,5ee5cae8-643a-4262-92ab-52232c3ec69d,java/util/HashMap.java,clear
5ee5cae8-643a-4262-92ab-52232c3ec69d,7556065c-1e04-4291-ba97-f6c0a3f30e19,b5a9b02c-20f9-4647-b997-518b5c0f4a3f,->,5ee5cae8-643a-4262-92ab-52232c3ec69d,java/io/PrintStream.java,println
5ee5cae8-643a-4262-92ab-52232c3ec69d,7556065c-1e04-4291-ba97-f6c0a3f30e19,b5a9b02c-20f9-4647-b997-518b5c0f4a3f,->,5ee5cae8-643a-4262-92ab-52232c3ec69d,org/bukkit/configuration/file/FileConfiguration.java,contains
5ee5cae8-643a-4262-92ab-52232c3ec69d,7556065c-1e04-4291-ba97-f6c0a3f30e19,b5a9b02c-20f9-4647-b997-518b5c0f4a3f,->,5ee5cae8-643a-4262-92ab-52232c3ec69d,org/bukkit/configuration/file/FileConfiguration.java,getConfigurationSection
5ee5cae8-643a-4262-92ab-52232c3ec69d,7556065c-1e04-4291-ba97-f6c0a3f30e19,b5a9b02c-20f9-4647-b997-518b5c0f4a3f,->,5ee5cae8-643a-4262-92ab-52232c3ec69d,org/bukkit/configuration/ConfigurationSection.java,getKeys
5ee5cae8-643a-4262-92ab-52232c3ec69d,7556065c-1e04-4291-ba97-f6c0a3f30e19,b5a9b02c-20f9-4647-b997-518b5c0f4a3f,->,5ee5cae8-643a-4262-92ab-52232c3ec69d,java/util/Set.java,iterator
5ee5cae8-643a-4262-92ab-52232c3ec69d,7556065c-1e04-4291-ba97-f6c0a3f30e19,b5a9b02c-20f9-4647-b997-518b5c0f4a3f,->,5ee5cae8-643a-4262-92ab-52232c3ec69d,java/util/Iterator.java,hasNext
5ee5cae8-643a-4262-92ab-52232c3ec69d,7556065c-1e04-4291-ba97-f6c0a3f30e19,b5a9b02c-20f9-4647-b997-518b5c0f4a3f,->,5ee5cae8-643a-4262-92ab-52232c3ec69d,java/util/Iterator.java,next
5ee5cae8-643a-4262-92ab-52232c3ec69d,7556065c-1e04-4291-ba97-f6c0a3f30e19,b5a9b02c-20f9-4647-b997-518b5c0f4a3f,->,5ee5cae8-643a-4262-92ab-52232c3ec69d,java/lang/StringBuilder.java,append
5ee5cae8-643a-4262-92ab-52232c3ec69d,7556065c-1e04-4291-ba97-f6c0a3f30e19,b5a9b02c-20f9-4647-b997-518b5c0f4a3f,->,5ee5cae8-643a-4262-92ab-52232c3ec69d,java/lang/StringBuilder.java,append
5ee5cae8-643a-4262-92ab-52232c3ec69d,7556065c-1e04-4291-ba97-f6c0a3f30e19,b5a9b02c-20f9-4647-b997-518b5c0f4a3f,->,5ee5cae8-643a-4262-92ab-52232c3ec69d,java/lang/StringBuilder.java,append
5ee5cae8-643a-4262-92ab-52232c3ec69d,7556065c-1e04-4291-ba97-f6c0a3f30e19,b5a9b02c-20f9-4647-b997-518b5c0f4a3f,->,5ee5cae8-643a-4262-92ab-52232c3ec69d,java/lang/StringBuilder.java,toString
5ee5cae8-643a-4262-92ab-52232c3ec69d,7556065c-1e04-4291-ba97-f6c0a3f30e19,b5a9b02c-20f9-4647-b997-518b5c0f4a3f,->,5ee5cae8-643a-4262-92ab-52232c3ec69d,org/bukkit/configuration/file/FileConfiguration.java,contains
5ee5cae8-643a-4262-92ab-52232c3ec69d,7556065c-1e04-4291-ba97-f6c0a3f30e19,b5a9b02c-20f9-4647-b997-518b5c0f4a3f,->,5ee5cae8-643a-4262-92ab-52232c3ec69d,java/lang/StringBuilder.java,append
5ee5cae8-643a-4262-92ab-52232c3ec69d,7556065c-1e04-4291-ba97-f6c0a3f30e19,b5a9b02c-20f9-4647-b997-518b5c0f4a3f,->,5ee5cae8-643a-4262-92ab-52232c3ec69d,java/lang/StringBuilder.java,append
5ee5cae8-643a-4262-92ab-52232c3ec69d,7556065c-1e04-4291-ba97-f6c0a3f30e19,b5a9b02c-20f9-4647-b997-518b5c0f4a3f,->,5ee5cae8-643a-4262-92ab-52232c3ec69d,java/lang/StringBuilder.java,append
5ee5cae8-643a-4262-92ab-52232c3ec69d,7556065c-1e04-4291-ba97-f6c0a3f30e19,b5a9b02c-20f9-4647-b997-518b5c0f4a3f,->,5ee5cae8-643a-4262-92ab-52232c3ec69d,java/lang/StringBuilder.java,toString
5ee5cae8-643a-4262-92ab-52232c3ec69d,7556065c-1e04-4291-ba97-f6c0a3f30e19,b5a9b02c-20f9-4647-b997-518b5c0f4a3f,->,5ee5cae8-643a-4262-92ab-52232c3ec69d,java/io/PrintStream.java,println
5ee5cae8-643a-4262-92ab-52232c3ec69d,7556065c-1e04-4291-ba97-f6c0a3f30e19,b5a9b02c-20f9-4647-b997-518b5c0f4a3f,->,5ee5cae8-643a-4262-92ab-52232c3ec69d,java/lang/StringBuilder.java,append
5ee5cae8-643a-4262-92ab-52232c3ec69d,7556065c-1e04-4291-ba97-f6c0a3f30e19,b5a9b02c-20f9-4647-b997-518b5c0f4a3f,->,5ee5cae8-643a-4262-92ab-52232c3ec69d,java/lang/StringBuilder.java,append
5ee5cae8-643a-4262-92ab-52232c3ec69d,7556065c-1e04-4291-ba97-f6c0a3f30e19,b5a9b02c-20f9-4647-b997-518b5c0f4a3f,->,5ee5cae8-643a-4262-92ab-52232c3ec69d,java/lang/StringBuilder.java,append
5ee5cae8-643a-4262-92ab-52232c3ec69d,7556065c-1e04-4291-ba97-f6c0a3f30e19,b5a9b02c-20f9-4647-b997-518b5c0f4a3f,->,5ee5cae8-643a-4262-92ab-52232c3ec69d,java/lang/StringBuilder.java,toString
5ee5cae8-643a-4262-92ab-52232c3ec69d,7556065c-1e04-4291-ba97-f6c0a3f30e19,b5a9b02c-20f9-4647-b997-518b5c0f4a3f,->,5ee5cae8-643a-4262-92ab-52232c3ec69d,org/bukkit/configuration/file/FileConfiguration.java,getConfigurationSection
5ee5cae8-643a-4262-92ab-52232c3ec69d,7556065c-1e04-4291-ba97-f6c0a3f30e19,b5a9b02c-20f9-4647-b997-518b5c0f4a3f,->,5ee5cae8-643a-4262-92ab-52232c3ec69d,org/bukkit/configuration/ConfigurationSection.java,getKeys
5ee5cae8-643a-4262-92ab-52232c3ec69d,7556065c-1e04-4291-ba97-f6c0a3f30e19,b5a9b02c-20f9-4647-b997-518b5c0f4a3f,->,5ee5cae8-643a-4262-92ab-52232c3ec69d,java/util/Set.java,iterator
5ee5cae8-643a-4262-92ab-52232c3ec69d,7556065c-1e04-4291-ba97-f6c0a3f30e19,b5a9b02c-20f9-4647-b997-518b5c0f4a3f,->,5ee5cae8-643a-4262-92ab-52232c3ec69d,java/util/Iterator.java,hasNext
5ee5cae8-643a-4262-92ab-52232c3ec69d,7556065c-1e04-4291-ba97-f6c0a3f30e19,b5a9b02c-20f9-4647-b997-518b5c0f4a3f,->,5ee5cae8-643a-4262-92ab-52232c3ec69d,java/util/Iterator.java,next
5ee5cae8-643a-4262-92ab-52232c3ec69d,7556065c-1e04-4291-ba97-f6c0a3f30e19,b5a9b02c-20f9-4647-b997-518b5c0f4a3f,->,5ee5cae8-643a-4262-92ab-52232c3ec69d,org/bukkit/Bukkit.java,getServer
5ee5cae8-643a-4262-92ab-52232c3ec69d,7556065c-1e04-4291-ba97-f6c0a3f30e19,b5a9b02c-20f9-4647-b997-518b5c0f4a3f,->,5ee5cae8-643a-4262-92ab-52232c3ec69d,java/lang/StringBuilder.java,append
5ee5cae8-643a-4262-92ab-52232c3ec69d,7556065c-1e04-4291-ba97-f6c0a3f30e19,b5a9b02c-20f9-4647-b997-518b5c0f4a3f,->,5ee5cae8-643a-4262-92ab-52232c3ec69d,java/lang/StringBuilder.java,append
5ee5cae8-643a-4262-92ab-52232c3ec69d,7556065c-1e04-4291-ba97-f6c0a3f30e19,b5a9b02c-20f9-4647-b997-518b5c0f4a3f,->,5ee5cae8-643a-4262-92ab-52232c3ec69d,java/lang/StringBuilder.java,append
5ee5cae8-643a-4262-92ab-52232c3ec69d,7556065c-1e04-4291-ba97-f6c0a3f30e19,b5a9b02c-20f9-4647-b997-518b5c0f4a3f,->,5ee5cae8-643a-4262-92ab-52232c3ec69d,java/lang/StringBuilder.java,append
5ee5cae8-643a-4262-92ab-52232c3ec69d,7556065c-1e04-4291-ba97-f6c0a3f30e19,b5a9b02c-20f9-4647-b997-518b5c0f4a3f,->,5ee5cae8-643a-4262-92ab-52232c3ec69d,java/lang/StringBuilder.java,append
5ee5cae8-643a-4262-92ab-52232c3ec69d,7556065c-1e04-4291-ba97-f6c0a3f30e19,b5a9b02c-20f9-4647-b997-518b5c0f4a3f,->,5ee5cae8-643a-4262-92ab-52232c3ec69d,java/lang/StringBuilder.java,toString
5ee5cae8-643a-4262-92ab-52232c3ec69d,7556065c-1e04-4291-ba97-f6c0a3f30e19,b5a9b02c-20f9-4647-b997-518b5c0f4a3f,->,5ee5cae8-643a-4262-92ab-52232c3ec69d,org/bukkit/configuration/file/FileConfiguration.java,getString
5ee5cae8-643a-4262-92ab-52232c3ec69d,7556065c-1e04-4291-ba97-f6c0a3f30e19,b5a9b02c-20f9-4647-b997-518b5c0f4a3f,->,5ee5cae8-643a-4262-92ab-52232c3ec69d,org/bukkit/Server.java,getWorld
5ee5cae8-643a-4262-92ab-52232c3ec69d,7556065c-1e04-4291-ba97-f6c0a3f30e19,b5a9b02c-20f9-4647-b997-518b5c0f4a3f,->,5ee5cae8-643a-4262-92ab-52232c3ec69d,java/lang/StringBuilder.java,append
5ee5cae8-643a-4262-92ab-52232c3ec69d,7556065c-1e04-4291-ba97-f6c0a3f30e19,b5a9b02c-20f9-4647-b997-518b5c0f4a3f,->,5ee5cae8-643a-4262-92ab-52232c3ec69d,java/lang/StringBuilder.java,append
5ee5cae8-643a-4262-92ab-52232c3ec69d,7556065c-1e04-4291-ba97-f6c0a3f30e19,b5a9b02c-20f9-4647-b997-518b5c0f4a3f,->,5ee5cae8-643a-4262-92ab-52232c3ec69d,java/lang/StringBuilder.java,append
5ee5cae8-643a-4262-92ab-52232c3ec69d,7556065c-1e04-4291-ba97-f6c0a3f30e19,b5a9b02c-20f9-4647-b997-518b5c0f4a3f,->,5ee5cae8-643a-4262-92ab-52232c3ec69d,java/lang/StringBuilder.java,append
5ee5cae8-643a-4262-92ab-52232c3ec69d,7556065c-1e04-4291-ba97-f6c0a3f30e19,b5a9b02c-20f9-4647-b997-518b5c0f4a3f,->,5ee5cae8-643a-4262-92ab-52232c3ec69d,java/lang/StringBuilder.java,append
5ee5cae8-643a-4262-92ab-52232c3ec69d,7556065c-1e04-4291-ba97-f6c0a3f30e19,b5a9b02c-20f9-4647-b997-518b5c0f4a3f,->,5ee5cae8-643a-4262-92ab-52232c3ec69d,java/lang/StringBuilder.java,toString
5ee5cae8-643a-4262-92ab-52232c3ec69d,7556065c-1e04-4291-ba97-f6c0a3f30e19,b5a9b02c-20f9-4647-b997-518b5c0f4a3f,->,5ee5cae8-643a-4262-92ab-52232c3ec69d,org/bukkit/configuration/file/FileConfiguration.java,getDouble
5ee5cae8-643a-4262-92ab-52232c3ec69d,7556065c-1e04-4291-ba97-f6c0a3f30e19,b5a9b02c-20f9-4647-b997-518b5c0f4a3f,->,5ee5cae8-643a-4262-92ab-52232c3ec69d,java/lang/StringBuilder.java,append
5ee5cae8-643a-4262-92ab-52232c3ec69d,7556065c-1e04-4291-ba97-f6c0a3f30e19,b5a9b02c-20f9-4647-b997-518b5c0f4a3f,->,5ee5cae8-643a-4262-92ab-52232c3ec69d,java/lang/StringBuilder.java,append
5ee5cae8-643a-4262-92ab-52232c3ec69d,7556065c-1e04-4291-ba97-f6c0a3f30e19,b5a9b02c-20f9-4647-b997-518b5c0f4a3f,->,5ee5cae8-643a-4262-92ab-52232c3ec69d,java/lang/StringBuilder.java,append
5ee5cae8-643a-4262-92ab-52232c3ec69d,7556065c-1e04-4291-ba97-f6c0a3f30e19,b5a9b02c-20f9-4647-b997-518b5c0f4a3f,->,5ee5cae8-643a-4262-92ab-52232c3ec69d,java/lang/StringBuilder.java,append
5ee5cae8-643a-4262-92ab-52232c3ec69d,7556065c-1e04-4291-ba97-f6c0a3f30e19,b5a9b02c-20f9-4647-b997-518b5c0f4a3f,->,5ee5cae8-643a-4262-92ab-52232c3ec69d,java/lang/StringBuilder.java,append
5ee5cae8-643a-4262-92ab-52232c3ec69d,7556065c-1e04-4291-ba97-f6c0a3f30e19,b5a9b02c-20f9-4647-b997-518b5c0f4a3f,->,5ee5cae8-643a-4262-92ab-52232c3ec69d,java/lang/StringBuilder.java,toString
5ee5cae8-643a-4262-92ab-52232c3ec69d,7556065c-1e04-4291-ba97-f6c0a3f30e19,b5a9b02c-20f9-4647-b997-518b5c0f4a3f,->,5ee5cae8-643a-4262-92ab-52232c3ec69d,org/bukkit/configuration/file/FileConfiguration.java,getDouble
5ee5cae8-643a-4262-92ab-52232c3ec69d,7556065c-1e04-4291-ba97-f6c0a3f30e19,b5a9b02c-20f9-4647-b997-518b5c0f4a3f,->,5ee5cae8-643a-4262-92ab-52232c3ec69d,java/lang/StringBuilder.java,append
5ee5cae8-643a-4262-92ab-52232c3ec69d,7556065c-1e04-4291-ba97-f6c0a3f30e19,b5a9b02c-20f9-4647-b997-518b5c0f4a3f,->,5ee5cae8-643a-4262-92ab-52232c3ec69d,java/lang/StringBuilder.java,append
5ee5cae8-643a-4262-92ab-52232c3ec69d,7556065c-1e04-4291-ba97-f6c0a3f30e19,b5a9b02c-20f9-4647-b997-518b5c0f4a3f,->,5ee5cae8-643a-4262-92ab-52232c3ec69d,java/lang/StringBuilder.java,append
5ee5cae8-643a-4262-92ab-52232c3ec69d,7556065c-1e04-4291-ba97-f6c0a3f30e19,b5a9b02c-20f9-4647-b997-518b5c0f4a3f,->,5ee5cae8-643a-4262-92ab-52232c3ec69d,java/lang/StringBuilder.java,append
5ee5cae8-643a-4262-92ab-52232c3ec69d,7556065c-1e04-4291-ba97-f6c0a3f30e19,b5a9b02c-20f9-4647-b997-518b5c0f4a3f,->,5ee5cae8-643a-4262-92ab-52232c3ec69d,java/lang/StringBuilder.java,append
5ee5cae8-643a-4262-92ab-52232c3ec69d,7556065c-1e04-4291-ba97-f6c0a3f30e19,b5a9b02c-20f9-4647-b997-518b5c0f4a3f,->,5ee5cae8-643a-4262-92ab-52232c3ec69d,java/lang/StringBuilder.java,toString
5ee5cae8-643a-4262-92ab-52232c3ec69d,7556065c-1e04-4291-ba97-f6c0a3f30e19,b5a9b02c-20f9-4647-b997-518b5c0f4a3f,->,5ee5cae8-643a-4262-92ab-52232c3ec69d,org/bukkit/configuration/file/FileConfiguration.java,getDouble
5ee5cae8-643a-4262-92ab-52232c3ec69d,7556065c-1e04-4291-ba97-f6c0a3f30e19,b5a9b02c-20f9-4647-b997-518b5c0f4a3f,->,5ee5cae8-643a-4262-92ab-52232c3ec69d,java/lang/StringBuilder.java,append
5ee5cae8-643a-4262-92ab-52232c3ec69d,7556065c-1e04-4291-ba97-f6c0a3f30e19,b5a9b02c-20f9-4647-b997-518b5c0f4a3f,->,5ee5cae8-643a-4262-92ab-52232c3ec69d,java/lang/StringBuilder.java,append
5ee5cae8-643a-4262-92ab-52232c3ec69d,7556065c-1e04-4291-ba97-f6c0a3f30e19,b5a9b02c-20f9-4647-b997-518b5c0f4a3f,->,5ee5cae8-643a-4262-92ab-52232c3ec69d,java/lang/StringBuilder.java,append
5ee5cae8-643a-4262-92ab-52232c3ec69d,7556065c-1e04-4291-ba97-f6c0a3f30e19,b5a9b02c-20f9-4647-b997-518b5c0f4a3f,->,5ee5cae8-643a-4262-92ab-52232c3ec69d,java/lang/StringBuilder.java,append
5ee5cae8-643a-4262-92ab-52232c3ec69d,7556065c-1e04-4291-ba97-f6c0a3f30e19,b5a9b02c-20f9-4647-b997-518b5c0f4a3f,->,5ee5cae8-643a-4262-92ab-52232c3ec69d,java/lang/StringBuilder.java,append
5ee5cae8-643a-4262-92ab-52232c3ec69d,7556065c-1e04-4291-ba97-f6c0a3f30e19,b5a9b02c-20f9-4647-b997-518b5c0f4a3f,->,5ee5cae8-643a-4262-92ab-52232c3ec69d,java/lang/StringBuilder.java,toString
5ee5cae8-643a-4262-92ab-52232c3ec69d,7556065c-1e04-4291-ba97-f6c0a3f30e19,b5a9b02c-20f9-4647-b997-518b5c0f4a3f,->,5ee5cae8-643a-4262-92ab-52232c3ec69d,org/bukkit/configuration/file/FileConfiguration.java,getDouble
5ee5cae8-643a-4262-92ab-52232c3ec69d,7556065c-1e04-4291-ba97-f6c0a3f30e19,b5a9b02c-20f9-4647-b997-518b5c0f4a3f,->,5ee5cae8-643a-4262-92ab-52232c3ec69d,java/lang/StringBuilder.java,append
5ee5cae8-643a-4262-92ab-52232c3ec69d,7556065c-1e04-4291-ba97-f6c0a3f30e19,b5a9b02c-20f9-4647-b997-518b5c0f4a3f,->,5ee5cae8-643a-4262-92ab-52232c3ec69d,java/lang/StringBuilder.java,append
5ee5cae8-643a-4262-92ab-52232c3ec69d,7556065c-1e04-4291-ba97-f6c0a3f30e19,b5a9b02c-20f9-4647-b997-518b5c0f4a3f,->,5ee5cae8-643a-4262-92ab-52232c3ec69d,java/lang/StringBuilder.java,append
5ee5cae8-643a-4262-92ab-52232c3ec69d,7556065c-1e04-4291-ba97-f6c0a3f30e19,b5a9b02c-20f9-4647-b997-518b5c0f4a3f,->,5ee5cae8-643a-4262-92ab-52232c3ec69d,java/lang/StringBuilder.java,append
5ee5cae8-643a-4262-92ab-52232c3ec69d,7556065c-1e04-4291-ba97-f6c0a3f30e19,b5a9b02c-20f9-4647-b997-518b5c0f4a3f,->,5ee5cae8-643a-4262-92ab-52232c3ec69d,java/lang/StringBuilder.java,append
5ee5cae8-643a-4262-92ab-52232c3ec69d,7556065c-1e04-4291-ba97-f6c0a3f30e19,b5a9b02c-20f9-4647-b997-518b5c0f4a3f,->,5ee5cae8-643a-4262-92ab-52232c3ec69d,java/lang/StringBuilder.java,toString
5ee5cae8-643a-4262-92ab-52232c3ec69d,7556065c-1e04-4291-ba97-f6c0a3f30e19,b5a9b02c-20f9-4647-b997-518b5c0f4a3f,->,5ee5cae8-643a-4262-92ab-52232c3ec69d,org/bukkit/configuration/file/FileConfiguration.java,getDouble
5ee5cae8-643a-4262-92ab-52232c3ec69d,7556065c-1e04-4291-ba97-f6c0a3f30e19,b5a9b02c-20f9-4647-b997-518b5c0f4a3f,->,5ee5cae8-643a-4262-92ab-52232c3ec69d,7556065c-1e04-4291-ba97-f6c0a3f30e19,e3b6bdca-3f18-4bc8-b1fa-258b63e022e3
5ee5cae8-643a-4262-92ab-52232c3ec69d,7556065c-1e04-4291-ba97-f6c0a3f30e19,b5a9b02c-20f9-4647-b997-518b5c0f4a3f,->,5ee5cae8-643a-4262-92ab-52232c3ec69d,org/bukkit/configuration/file/FileConfiguration.java,contains
5ee5cae8-643a-4262-92ab-52232c3ec69d,7556065c-1e04-4291-ba97-f6c0a3f30e19,b5a9b02c-20f9-4647-b997-518b5c0f4a3f,->,5ee5cae8-643a-4262-92ab-52232c3ec69d,org/bukkit/configuration/file/FileConfiguration.java,set
5ee5cae8-643a-4262-92ab-52232c3ec69d,7556065c-1e04-4291-ba97-f6c0a3f30e19,b5a9b02c-20f9-4647-b997-518b5c0f4a3f,->,5ee5cae8-643a-4262-92ab-52232c3ec69d,org/bukkit/configuration/file/FileConfiguration.java,getString
5ee5cae8-643a-4262-92ab-52232c3ec69d,7556065c-1e04-4291-ba97-f6c0a3f30e19,b5a9b02c-20f9-4647-b997-518b5c0f4a3f,->,5ee5cae8-643a-4262-92ab-52232c3ec69d,org/bukkit/configuration/file/FileConfiguration.java,contains
5ee5cae8-643a-4262-92ab-52232c3ec69d,7556065c-1e04-4291-ba97-f6c0a3f30e19,b5a9b02c-20f9-4647-b997-518b5c0f4a3f,->,5ee5cae8-643a-4262-92ab-52232c3ec69d,org/bukkit/configuration/file/FileConfiguration.java,set
5ee5cae8-643a-4262-92ab-52232c3ec69d,7556065c-1e04-4291-ba97-f6c0a3f30e19,b5a9b02c-20f9-4647-b997-518b5c0f4a3f,->,5ee5cae8-643a-4262-92ab-52232c3ec69d,org/bukkit/configuration/file/FileConfiguration.java,getString
5ee5cae8-643a-4262-92ab-52232c3ec69d,7556065c-1e04-4291-ba97-f6c0a3f30e19,b5a9b02c-20f9-4647-b997-518b5c0f4a3f,->,5ee5cae8-643a-4262-92ab-52232c3ec69d,org/bukkit/configuration/file/FileConfiguration.java,contains
5ee5cae8-643a-4262-92ab-52232c3ec69d,7556065c-1e04-4291-ba97-f6c0a3f30e19,b5a9b02c-20f9-4647-b997-518b5c0f4a3f,->,5ee5cae8-643a-4262-92ab-52232c3ec69d,org/bukkit/configuration/file/FileConfiguration.java,set
5ee5cae8-643a-4262-92ab-52232c3ec69d,7556065c-1e04-4291-ba97-f6c0a3f30e19,b5a9b02c-20f9-4647-b997-518b5c0f4a3f,->,5ee5cae8-643a-4262-92ab-52232c3ec69d,org/bukkit/configuration/file/FileConfiguration.java,getString
5ee5cae8-643a-4262-92ab-52232c3ec69d,7556065c-1e04-4291-ba97-f6c0a3f30e19,b5a9b02c-20f9-4647-b997-518b5c0f4a3f,->,5ee5cae8-643a-4262-92ab-52232c3ec69d,org/bukkit/configuration/file/FileConfiguration.java,contains
5ee5cae8-643a-4262-92ab-52232c3ec69d,7556065c-1e04-4291-ba97-f6c0a3f30e19,b5a9b02c-20f9-4647-b997-518b5c0f4a3f,->,5ee5cae8-643a-4262-92ab-52232c3ec69d,org/bukkit/configuration/file/FileConfiguration.java,set
5ee5cae8-643a-4262-92ab-52232c3ec69d,7556065c-1e04-4291-ba97-f6c0a3f30e19,b5a9b02c-20f9-4647-b997-518b5c0f4a3f,->,5ee5cae8-643a-4262-92ab-52232c3ec69d,org/bukkit/configuration/file/FileConfiguration.java,getString
5ee5cae8-643a-4262-92ab-52232c3ec69d,7556065c-1e04-4291-ba97-f6c0a3f30e19,b5a9b02c-20f9-4647-b997-518b5c0f4a3f,->,5ee5cae8-643a-4262-92ab-52232c3ec69d,org/bukkit/configuration/file/FileConfiguration.java,contains
5ee5cae8-643a-4262-92ab-52232c3ec69d,7556065c-1e04-4291-ba97-f6c0a3f30e19,b5a9b02c-20f9-4647-b997-518b5c0f4a3f,->,5ee5cae8-643a-4262-92ab-52232c3ec69d,org/bukkit/configuration/file/FileConfiguration.java,set
5ee5cae8-643a-4262-92ab-52232c3ec69d,7556065c-1e04-4291-ba97-f6c0a3f30e19,b5a9b02c-20f9-4647-b997-518b5c0f4a3f,->,5ee5cae8-643a-4262-92ab-52232c3ec69d,org/bukkit/configuration/file/FileConfiguration.java,getString
5ee5cae8-643a-4262-92ab-52232c3ec69d,7556065c-1e04-4291-ba97-f6c0a3f30e19,b5a9b02c-20f9-4647-b997-518b5c0f4a3f,->,5ee5cae8-643a-4262-92ab-52232c3ec69d,com/division/freeforall/core/FreeForAll.java,saveConfig
5ee5cae8-643a-4262-92ab-52232c3ec69d,7556065c-1e04-4291-ba97-f6c0a3f30e19,b5a9b02c-20f9-4647-b997-518b5c0f4a3f,->,5ee5cae8-643a-4262-92ab-52232c3ec69d,java/io/PrintStream.java,println
5ee5cae8-643a-4262-92ab-52232c3ec69d,7556065c-1e04-4291-ba97-f6c0a3f30e19,47473d93-d5aa-482a-b83e-4434642b2f7d,->,5ee5cae8-643a-4262-92ab-52232c3ec69d,java/lang/String.java,toLowerCase
5ee5cae8-643a-4262-92ab-52232c3ec69d,7556065c-1e04-4291-ba97-f6c0a3f30e19,47473d93-d5aa-482a-b83e-4434642b2f7d,->,5ee5cae8-643a-4262-92ab-52232c3ec69d,java/lang/StringBuilder.java,append
5ee5cae8-643a-4262-92ab-52232c3ec69d,7556065c-1e04-4291-ba97-f6c0a3f30e19,47473d93-d5aa-482a-b83e-4434642b2f7d,->,5ee5cae8-643a-4262-92ab-52232c3ec69d,java/lang/StringBuilder.java,append
5ee5cae8-643a-4262-92ab-52232c3ec69d,7556065c-1e04-4291-ba97-f6c0a3f30e19,47473d93-d5aa-482a-b83e-4434642b2f7d,->,5ee5cae8-643a-4262-92ab-52232c3ec69d,java/lang/StringBuilder.java,append
5ee5cae8-643a-4262-92ab-52232c3ec69d,7556065c-1e04-4291-ba97-f6c0a3f30e19,47473d93-d5aa-482a-b83e-4434642b2f7d,->,5ee5cae8-643a-4262-92ab-52232c3ec69d,java/lang/StringBuilder.java,append
5ee5cae8-643a-4262-92ab-52232c3ec69d,7556065c-1e04-4291-ba97-f6c0a3f30e19,47473d93-d5aa-482a-b83e-4434642b2f7d,->,5ee5cae8-643a-4262-92ab-52232c3ec69d,java/lang/StringBuilder.java,append
5ee5cae8-643a-4262-92ab-52232c3ec69d,7556065c-1e04-4291-ba97-f6c0a3f30e19,47473d93-d5aa-482a-b83e-4434642b2f7d,->,5ee5cae8-643a-4262-92ab-52232c3ec69d,java/lang/StringBuilder.java,toString
5ee5cae8-643a-4262-92ab-52232c3ec69d,7556065c-1e04-4291-ba97-f6c0a3f30e19,47473d93-d5aa-482a-b83e-4434642b2f7d,->,5ee5cae8-643a-4262-92ab-52232c3ec69d,org/bukkit/Location.java,getWorld
5ee5cae8-643a-4262-92ab-52232c3ec69d,7556065c-1e04-4291-ba97-f6c0a3f30e19,47473d93-d5aa-482a-b83e-4434642b2f7d,->,5ee5cae8-643a-4262-92ab-52232c3ec69d,org/bukkit/World.java,getName
5ee5cae8-643a-4262-92ab-52232c3ec69d,7556065c-1e04-4291-ba97-f6c0a3f30e19,47473d93-d5aa-482a-b83e-4434642b2f7d,->,5ee5cae8-643a-4262-92ab-52232c3ec69d,org/bukkit/configuration/file/FileConfiguration.java,set
5ee5cae8-643a-4262-92ab-52232c3ec69d,7556065c-1e04-4291-ba97-f6c0a3f30e19,47473d93-d5aa-482a-b83e-4434642b2f7d,->,5ee5cae8-643a-4262-92ab-52232c3ec69d,java/lang/StringBuilder.java,append
5ee5cae8-643a-4262-92ab-52232c3ec69d,7556065c-1e04-4291-ba97-f6c0a3f30e19,47473d93-d5aa-482a-b83e-4434642b2f7d,->,5ee5cae8-643a-4262-92ab-52232c3ec69d,java/lang/StringBuilder.java,append
5ee5cae8-643a-4262-92ab-52232c3ec69d,7556065c-1e04-4291-ba97-f6c0a3f30e19,47473d93-d5aa-482a-b83e-4434642b2f7d,->,5ee5cae8-643a-4262-92ab-52232c3ec69d,java/lang/StringBuilder.java,append
5ee5cae8-643a-4262-92ab-52232c3ec69d,7556065c-1e04-4291-ba97-f6c0a3f30e19,47473d93-d5aa-482a-b83e-4434642b2f7d,->,5ee5cae8-643a-4262-92ab-52232c3ec69d,java/lang/StringBuilder.java,append
5ee5cae8-643a-4262-92ab-52232c3ec69d,7556065c-1e04-4291-ba97-f6c0a3f30e19,47473d93-d5aa-482a-b83e-4434642b2f7d,->,5ee5cae8-643a-4262-92ab-52232c3ec69d,java/lang/StringBuilder.java,append
5ee5cae8-643a-4262-92ab-52232c3ec69d,7556065c-1e04-4291-ba97-f6c0a3f30e19,47473d93-d5aa-482a-b83e-4434642b2f7d,->,5ee5cae8-643a-4262-92ab-52232c3ec69d,java/lang/StringBuilder.java,toString
5ee5cae8-643a-4262-92ab-52232c3ec69d,7556065c-1e04-4291-ba97-f6c0a3f30e19,47473d93-d5aa-482a-b83e-4434642b2f7d,->,5ee5cae8-643a-4262-92ab-52232c3ec69d,org/bukkit/Location.java,getX
5ee5cae8-643a-4262-92ab-52232c3ec69d,7556065c-1e04-4291-ba97-f6c0a3f30e19,47473d93-d5aa-482a-b83e-4434642b2f7d,->,5ee5cae8-643a-4262-92ab-52232c3ec69d,java/lang/Double.java,valueOf
5ee5cae8-643a-4262-92ab-52232c3ec69d,7556065c-1e04-4291-ba97-f6c0a3f30e19,47473d93-d5aa-482a-b83e-4434642b2f7d,->,5ee5cae8-643a-4262-92ab-52232c3ec69d,org/bukkit/configuration/file/FileConfiguration.java,set
5ee5cae8-643a-4262-92ab-52232c3ec69d,7556065c-1e04-4291-ba97-f6c0a3f30e19,47473d93-d5aa-482a-b83e-4434642b2f7d,->,5ee5cae8-643a-4262-92ab-52232c3ec69d,java/lang/StringBuilder.java,append
5ee5cae8-643a-4262-92ab-52232c3ec69d,7556065c-1e04-4291-ba97-f6c0a3f30e19,47473d93-d5aa-482a-b83e-4434642b2f7d,->,5ee5cae8-643a-4262-92ab-52232c3ec69d,java/lang/StringBuilder.java,append
5ee5cae8-643a-4262-92ab-52232c3ec69d,7556065c-1e04-4291-ba97-f6c0a3f30e19,47473d93-d5aa-482a-b83e-4434642b2f7d,->,5ee5cae8-643a-4262-92ab-52232c3ec69d,java/lang/StringBuilder.java,append
5ee5cae8-643a-4262-92ab-52232c3ec69d,7556065c-1e04-4291-ba97-f6c0a3f30e19,47473d93-d5aa-482a-b83e-4434642b2f7d,->,5ee5cae8-643a-4262-92ab-52232c3ec69d,java/lang/StringBuilder.java,append
5ee5cae8-643a-4262-92ab-52232c3ec69d,7556065c-1e04-4291-ba97-f6c0a3f30e19,47473d93-d5aa-482a-b83e-4434642b2f7d,->,5ee5cae8-643a-4262-92ab-52232c3ec69d,java/lang/StringBuilder.java,append
5ee5cae8-643a-4262-92ab-52232c3ec69d,7556065c-1e04-4291-ba97-f6c0a3f30e19,47473d93-d5aa-482a-b83e-4434642b2f7d,->,5ee5cae8-643a-4262-92ab-52232c3ec69d,java/lang/StringBuilder.java,toString
5ee5cae8-643a-4262-92ab-52232c3ec69d,7556065c-1e04-4291-ba97-f6c0a3f30e19,47473d93-d5aa-482a-b83e-4434642b2f7d,->,5ee5cae8-643a-4262-92ab-52232c3ec69d,org/bukkit/Location.java,getY
5ee5cae8-643a-4262-92ab-52232c3ec69d,7556065c-1e04-4291-ba97-f6c0a3f30e19,47473d93-d5aa-482a-b83e-4434642b2f7d,->,5ee5cae8-643a-4262-92ab-52232c3ec69d,java/lang/Double.java,valueOf
5ee5cae8-643a-4262-92ab-52232c3ec69d,7556065c-1e04-4291-ba97-f6c0a3f30e19,47473d93-d5aa-482a-b83e-4434642b2f7d,->,5ee5cae8-643a-4262-92ab-52232c3ec69d,org/bukkit/configuration/file/FileConfiguration.java,set
5ee5cae8-643a-4262-92ab-52232c3ec69d,7556065c-1e04-4291-ba97-f6c0a3f30e19,47473d93-d5aa-482a-b83e-4434642b2f7d,->,5ee5cae8-643a-4262-92ab-52232c3ec69d,java/lang/StringBuilder.java,append
5ee5cae8-643a-4262-92ab-52232c3ec69d,7556065c-1e04-4291-ba97-f6c0a3f30e19,47473d93-d5aa-482a-b83e-4434642b2f7d,->,5ee5cae8-643a-4262-92ab-52232c3ec69d,java/lang/StringBuilder.java,append
5ee5cae8-643a-4262-92ab-52232c3ec69d,7556065c-1e04-4291-ba97-f6c0a3f30e19,47473d93-d5aa-482a-b83e-4434642b2f7d,->,5ee5cae8-643a-4262-92ab-52232c3ec69d,java/lang/StringBuilder.java,append
5ee5cae8-643a-4262-92ab-52232c3ec69d,7556065c-1e04-4291-ba97-f6c0a3f30e19,47473d93-d5aa-482a-b83e-4434642b2f7d,->,5ee5cae8-643a-4262-92ab-52232c3ec69d,java/lang/StringBuilder.java,append
5ee5cae8-643a-4262-92ab-52232c3ec69d,7556065c-1e04-4291-ba97-f6c0a3f30e19,47473d93-d5aa-482a-b83e-4434642b2f7d,->,5ee5cae8-643a-4262-92ab-52232c3ec69d,java/lang/StringBuilder.java,append
5ee5cae8-643a-4262-92ab-52232c3ec69d,7556065c-1e04-4291-ba97-f6c0a3f30e19,47473d93-d5aa-482a-b83e-4434642b2f7d,->,5ee5cae8-643a-4262-92ab-52232c3ec69d,java/lang/StringBuilder.java,toString
5ee5cae8-643a-4262-92ab-52232c3ec69d,7556065c-1e04-4291-ba97-f6c0a3f30e19,47473d93-d5aa-482a-b83e-4434642b2f7d,->,5ee5cae8-643a-4262-92ab-52232c3ec69d,org/bukkit/Location.java,getZ
5ee5cae8-643a-4262-92ab-52232c3ec69d,7556065c-1e04-4291-ba97-f6c0a3f30e19,47473d93-d5aa-482a-b83e-4434642b2f7d,->,5ee5cae8-643a-4262-92ab-52232c3ec69d,java/lang/Double.java,valueOf
5ee5cae8-643a-4262-92ab-52232c3ec69d,7556065c-1e04-4291-ba97-f6c0a3f30e19,47473d93-d5aa-482a-b83e-4434642b2f7d,->,5ee5cae8-643a-4262-92ab-52232c3ec69d,org/bukkit/configuration/file/FileConfiguration.java,set
5ee5cae8-643a-4262-92ab-52232c3ec69d,7556065c-1e04-4291-ba97-f6c0a3f30e19,47473d93-d5aa-482a-b83e-4434642b2f7d,->,5ee5cae8-643a-4262-92ab-52232c3ec69d,java/lang/StringBuilder.java,append
5ee5cae8-643a-4262-92ab-52232c3ec69d,7556065c-1e04-4291-ba97-f6c0a3f30e19,47473d93-d5aa-482a-b83e-4434642b2f7d,->,5ee5cae8-643a-4262-92ab-52232c3ec69d,java/lang/StringBuilder.java,append
5ee5cae8-643a-4262-92ab-52232c3ec69d,7556065c-1e04-4291-ba97-f6c0a3f30e19,47473d93-d5aa-482a-b83e-4434642b2f7d,->,5ee5cae8-643a-4262-92ab-52232c3ec69d,java/lang/StringBuilder.java,append
5ee5cae8-643a-4262-92ab-52232c3ec69d,7556065c-1e04-4291-ba97-f6c0a3f30e19,47473d93-d5aa-482a-b83e-4434642b2f7d,->,5ee5cae8-643a-4262-92ab-52232c3ec69d,java/lang/StringBuilder.java,append
5ee5cae8-643a-4262-92ab-52232c3ec69d,7556065c-1e04-4291-ba97-f6c0a3f30e19,47473d93-d5aa-482a-b83e-4434642b2f7d,->,5ee5cae8-643a-4262-92ab-52232c3ec69d,java/lang/StringBuilder.java,append
5ee5cae8-643a-4262-92ab-52232c3ec69d,7556065c-1e04-4291-ba97-f6c0a3f30e19,47473d93-d5aa-482a-b83e-4434642b2f7d,->,5ee5cae8-643a-4262-92ab-52232c3ec69d,java/lang/StringBuilder.java,toString
5ee5cae8-643a-4262-92ab-52232c3ec69d,7556065c-1e04-4291-ba97-f6c0a3f30e19,47473d93-d5aa-482a-b83e-4434642b2f7d,->,5ee5cae8-643a-4262-92ab-52232c3ec69d,org/bukkit/Location.java,getYaw
5ee5cae8-643a-4262-92ab-52232c3ec69d,7556065c-1e04-4291-ba97-f6c0a3f30e19,47473d93-d5aa-482a-b83e-4434642b2f7d,->,5ee5cae8-643a-4262-92ab-52232c3ec69d,java/lang/Float.java,valueOf
5ee5cae8-643a-4262-92ab-52232c3ec69d,7556065c-1e04-4291-ba97-f6c0a3f30e19,47473d93-d5aa-482a-b83e-4434642b2f7d,->,5ee5cae8-643a-4262-92ab-52232c3ec69d,org/bukkit/configuration/file/FileConfiguration.java,set
5ee5cae8-643a-4262-92ab-52232c3ec69d,7556065c-1e04-4291-ba97-f6c0a3f30e19,47473d93-d5aa-482a-b83e-4434642b2f7d,->,5ee5cae8-643a-4262-92ab-52232c3ec69d,java/lang/StringBuilder.java,append
5ee5cae8-643a-4262-92ab-52232c3ec69d,7556065c-1e04-4291-ba97-f6c0a3f30e19,47473d93-d5aa-482a-b83e-4434642b2f7d,->,5ee5cae8-643a-4262-92ab-52232c3ec69d,java/lang/StringBuilder.java,append
5ee5cae8-643a-4262-92ab-52232c3ec69d,7556065c-1e04-4291-ba97-f6c0a3f30e19,47473d93-d5aa-482a-b83e-4434642b2f7d,->,5ee5cae8-643a-4262-92ab-52232c3ec69d,java/lang/StringBuilder.java,append
5ee5cae8-643a-4262-92ab-52232c3ec69d,7556065c-1e04-4291-ba97-f6c0a3f30e19,47473d93-d5aa-482a-b83e-4434642b2f7d,->,5ee5cae8-643a-4262-92ab-52232c3ec69d,java/lang/StringBuilder.java,append
5ee5cae8-643a-4262-92ab-52232c3ec69d,7556065c-1e04-4291-ba97-f6c0a3f30e19,47473d93-d5aa-482a-b83e-4434642b2f7d,->,5ee5cae8-643a-4262-92ab-52232c3ec69d,java/lang/StringBuilder.java,append
5ee5cae8-643a-4262-92ab-52232c3ec69d,7556065c-1e04-4291-ba97-f6c0a3f30e19,47473d93-d5aa-482a-b83e-4434642b2f7d,->,5ee5cae8-643a-4262-92ab-52232c3ec69d,java/lang/StringBuilder.java,toString
5ee5cae8-643a-4262-92ab-52232c3ec69d,7556065c-1e04-4291-ba97-f6c0a3f30e19,47473d93-d5aa-482a-b83e-4434642b2f7d,->,5ee5cae8-643a-4262-92ab-52232c3ec69d,org/bukkit/Location.java,getPitch
5ee5cae8-643a-4262-92ab-52232c3ec69d,7556065c-1e04-4291-ba97-f6c0a3f30e19,47473d93-d5aa-482a-b83e-4434642b2f7d,->,5ee5cae8-643a-4262-92ab-52232c3ec69d,java/lang/Float.java,valueOf
5ee5cae8-643a-4262-92ab-52232c3ec69d,7556065c-1e04-4291-ba97-f6c0a3f30e19,47473d93-d5aa-482a-b83e-4434642b2f7d,->,5ee5cae8-643a-4262-92ab-52232c3ec69d,org/bukkit/configuration/file/FileConfiguration.java,set
5ee5cae8-643a-4262-92ab-52232c3ec69d,7556065c-1e04-4291-ba97-f6c0a3f30e19,47473d93-d5aa-482a-b83e-4434642b2f7d,->,5ee5cae8-643a-4262-92ab-52232c3ec69d,com/division/freeforall/core/FreeForAll.java,saveConfig
5ee5cae8-643a-4262-92ab-52232c3ec69d,7556065c-1e04-4291-ba97-f6c0a3f30e19,47473d93-d5aa-482a-b83e-4434642b2f7d,->,5ee5cae8-643a-4262-92ab-52232c3ec69d,7556065c-1e04-4291-ba97-f6c0a3f30e19,e3b6bdca-3f18-4bc8-b1fa-258b63e022e3
5ee5cae8-643a-4262-92ab-52232c3ec69d,7556065c-1e04-4291-ba97-f6c0a3f30e19,f49e1312-819e-406b-9c9a-3ce9ba476315,->,5ee5cae8-643a-4262-92ab-52232c3ec69d,java/lang/StringBuilder.java,append
5ee5cae8-643a-4262-92ab-52232c3ec69d,7556065c-1e04-4291-ba97-f6c0a3f30e19,f49e1312-819e-406b-9c9a-3ce9ba476315,->,5ee5cae8-643a-4262-92ab-52232c3ec69d,java/lang/StringBuilder.java,append
5ee5cae8-643a-4262-92ab-52232c3ec69d,7556065c-1e04-4291-ba97-f6c0a3f30e19,f49e1312-819e-406b-9c9a-3ce9ba476315,->,5ee5cae8-643a-4262-92ab-52232c3ec69d,java/lang/StringBuilder.java,append
5ee5cae8-643a-4262-92ab-52232c3ec69d,7556065c-1e04-4291-ba97-f6c0a3f30e19,f49e1312-819e-406b-9c9a-3ce9ba476315,->,5ee5cae8-643a-4262-92ab-52232c3ec69d,java/lang/StringBuilder.java,toString
5ee5cae8-643a-4262-92ab-52232c3ec69d,7556065c-1e04-4291-ba97-f6c0a3f30e19,f49e1312-819e-406b-9c9a-3ce9ba476315,->,5ee5cae8-643a-4262-92ab-52232c3ec69d,org/bukkit/World.java,getName
5ee5cae8-643a-4262-92ab-52232c3ec69d,7556065c-1e04-4291-ba97-f6c0a3f30e19,f49e1312-819e-406b-9c9a-3ce9ba476315,->,5ee5cae8-643a-4262-92ab-52232c3ec69d,org/bukkit/configuration/file/FileConfiguration.java,set
5ee5cae8-643a-4262-92ab-52232c3ec69d,7556065c-1e04-4291-ba97-f6c0a3f30e19,f49e1312-819e-406b-9c9a-3ce9ba476315,->,5ee5cae8-643a-4262-92ab-52232c3ec69d,java/lang/StringBuilder.java,append
5ee5cae8-643a-4262-92ab-52232c3ec69d,7556065c-1e04-4291-ba97-f6c0a3f30e19,f49e1312-819e-406b-9c9a-3ce9ba476315,->,5ee5cae8-643a-4262-92ab-52232c3ec69d,java/lang/StringBuilder.java,append
5ee5cae8-643a-4262-92ab-52232c3ec69d,7556065c-1e04-4291-ba97-f6c0a3f30e19,f49e1312-819e-406b-9c9a-3ce9ba476315,->,5ee5cae8-643a-4262-92ab-52232c3ec69d,java/lang/StringBuilder.java,append
5ee5cae8-643a-4262-92ab-52232c3ec69d,7556065c-1e04-4291-ba97-f6c0a3f30e19,f49e1312-819e-406b-9c9a-3ce9ba476315,->,5ee5cae8-643a-4262-92ab-52232c3ec69d,java/lang/StringBuilder.java,toString
5ee5cae8-643a-4262-92ab-52232c3ec69d,7556065c-1e04-4291-ba97-f6c0a3f30e19,f49e1312-819e-406b-9c9a-3ce9ba476315,->,5ee5cae8-643a-4262-92ab-52232c3ec69d,org/bukkit/util/BlockVector.java,getX
5ee5cae8-643a-4262-92ab-52232c3ec69d,7556065c-1e04-4291-ba97-f6c0a3f30e19,f49e1312-819e-406b-9c9a-3ce9ba476315,->,5ee5cae8-643a-4262-92ab-52232c3ec69d,java/lang/Double.java,valueOf
5ee5cae8-643a-4262-92ab-52232c3ec69d,7556065c-1e04-4291-ba97-f6c0a3f30e19,f49e1312-819e-406b-9c9a-3ce9ba476315,->,5ee5cae8-643a-4262-92ab-52232c3ec69d,org/bukkit/configuration/file/FileConfiguration.java,set
5ee5cae8-643a-4262-92ab-52232c3ec69d,7556065c-1e04-4291-ba97-f6c0a3f30e19,f49e1312-819e-406b-9c9a-3ce9ba476315,->,5ee5cae8-643a-4262-92ab-52232c3ec69d,java/lang/StringBuilder.java,append
5ee5cae8-643a-4262-92ab-52232c3ec69d,7556065c-1e04-4291-ba97-f6c0a3f30e19,f49e1312-819e-406b-9c9a-3ce9ba476315,->,5ee5cae8-643a-4262-92ab-52232c3ec69d,java/lang/StringBuilder.java,append
5ee5cae8-643a-4262-92ab-52232c3ec69d,7556065c-1e04-4291-ba97-f6c0a3f30e19,f49e1312-819e-406b-9c9a-3ce9ba476315,->,5ee5cae8-643a-4262-92ab-52232c3ec69d,java/lang/StringBuilder.java,append
5ee5cae8-643a-4262-92ab-52232c3ec69d,7556065c-1e04-4291-ba97-f6c0a3f30e19,f49e1312-819e-406b-9c9a-3ce9ba476315,->,5ee5cae8-643a-4262-92ab-52232c3ec69d,java/lang/StringBuilder.java,toString
5ee5cae8-643a-4262-92ab-52232c3ec69d,7556065c-1e04-4291-ba97-f6c0a3f30e19,f49e1312-819e-406b-9c9a-3ce9ba476315,->,5ee5cae8-643a-4262-92ab-52232c3ec69d,java/lang/Integer.java,valueOf
5ee5cae8-643a-4262-92ab-52232c3ec69d,7556065c-1e04-4291-ba97-f6c0a3f30e19,f49e1312-819e-406b-9c9a-3ce9ba476315,->,5ee5cae8-643a-4262-92ab-52232c3ec69d,org/bukkit/configuration/file/FileConfiguration.java,set
5ee5cae8-643a-4262-92ab-52232c3ec69d,7556065c-1e04-4291-ba97-f6c0a3f30e19,f49e1312-819e-406b-9c9a-3ce9ba476315,->,5ee5cae8-643a-4262-92ab-52232c3ec69d,java/lang/StringBuilder.java,append
5ee5cae8-643a-4262-92ab-52232c3ec69d,7556065c-1e04-4291-ba97-f6c0a3f30e19,f49e1312-819e-406b-9c9a-3ce9ba476315,->,5ee5cae8-643a-4262-92ab-52232c3ec69d,java/lang/StringBuilder.java,append
5ee5cae8-643a-4262-92ab-52232c3ec69d,7556065c-1e04-4291-ba97-f6c0a3f30e19,f49e1312-819e-406b-9c9a-3ce9ba476315,->,5ee5cae8-643a-4262-92ab-52232c3ec69d,java/lang/StringBuilder.java,append
5ee5cae8-643a-4262-92ab-52232c3ec69d,7556065c-1e04-4291-ba97-f6c0a3f30e19,f49e1312-819e-406b-9c9a-3ce9ba476315,->,5ee5cae8-643a-4262-92ab-52232c3ec69d,java/lang/StringBuilder.java,toString
5ee5cae8-643a-4262-92ab-52232c3ec69d,7556065c-1e04-4291-ba97-f6c0a3f30e19,f49e1312-819e-406b-9c9a-3ce9ba476315,->,5ee5cae8-643a-4262-92ab-52232c3ec69d,org/bukkit/util/BlockVector.java,getZ
5ee5cae8-643a-4262-92ab-52232c3ec69d,7556065c-1e04-4291-ba97-f6c0a3f30e19,f49e1312-819e-406b-9c9a-3ce9ba476315,->,5ee5cae8-643a-4262-92ab-52232c3ec69d,java/lang/Double.java,valueOf
5ee5cae8-643a-4262-92ab-52232c3ec69d,7556065c-1e04-4291-ba97-f6c0a3f30e19,f49e1312-819e-406b-9c9a-3ce9ba476315,->,5ee5cae8-643a-4262-92ab-52232c3ec69d,org/bukkit/configuration/file/FileConfiguration.java,set
5ee5cae8-643a-4262-92ab-52232c3ec69d,7556065c-1e04-4291-ba97-f6c0a3f30e19,f49e1312-819e-406b-9c9a-3ce9ba476315,->,5ee5cae8-643a-4262-92ab-52232c3ec69d,java/lang/StringBuilder.java,append
5ee5cae8-643a-4262-92ab-52232c3ec69d,7556065c-1e04-4291-ba97-f6c0a3f30e19,f49e1312-819e-406b-9c9a-3ce9ba476315,->,5ee5cae8-643a-4262-92ab-52232c3ec69d,java/lang/StringBuilder.java,append
5ee5cae8-643a-4262-92ab-52232c3ec69d,7556065c-1e04-4291-ba97-f6c0a3f30e19,f49e1312-819e-406b-9c9a-3ce9ba476315,->,5ee5cae8-643a-4262-92ab-52232c3ec69d,java/lang/StringBuilder.java,append
5ee5cae8-643a-4262-92ab-52232c3ec69d,7556065c-1e04-4291-ba97-f6c0a3f30e19,f49e1312-819e-406b-9c9a-3ce9ba476315,->,5ee5cae8-643a-4262-92ab-52232c3ec69d,java/lang/StringBuilder.java,toString
5ee5cae8-643a-4262-92ab-52232c3ec69d,7556065c-1e04-4291-ba97-f6c0a3f30e19,f49e1312-819e-406b-9c9a-3ce9ba476315,->,5ee5cae8-643a-4262-92ab-52232c3ec69d,org/bukkit/util/BlockVector.java,getX
5ee5cae8-643a-4262-92ab-52232c3ec69d,7556065c-1e04-4291-ba97-f6c0a3f30e19,f49e1312-819e-406b-9c9a-3ce9ba476315,->,5ee5cae8-643a-4262-92ab-52232c3ec69d,java/lang/Double.java,valueOf
5ee5cae8-643a-4262-92ab-52232c3ec69d,7556065c-1e04-4291-ba97-f6c0a3f30e19,f49e1312-819e-406b-9c9a-3ce9ba476315,->,5ee5cae8-643a-4262-92ab-52232c3ec69d,org/bukkit/configuration/file/FileConfiguration.java,set
5ee5cae8-643a-4262-92ab-52232c3ec69d,7556065c-1e04-4291-ba97-f6c0a3f30e19,f49e1312-819e-406b-9c9a-3ce9ba476315,->,5ee5cae8-643a-4262-92ab-52232c3ec69d,java/lang/StringBuilder.java,append
5ee5cae8-643a-4262-92ab-52232c3ec69d,7556065c-1e04-4291-ba97-f6c0a3f30e19,f49e1312-819e-406b-9c9a-3ce9ba476315,->,5ee5cae8-643a-4262-92ab-52232c3ec69d,java/lang/StringBuilder.java,append
5ee5cae8-643a-4262-92ab-52232c3ec69d,7556065c-1e04-4291-ba97-f6c0a3f30e19,f49e1312-819e-406b-9c9a-3ce9ba476315,->,5ee5cae8-643a-4262-92ab-52232c3ec69d,java/lang/StringBuilder.java,append
5ee5cae8-643a-4262-92ab-52232c3ec69d,7556065c-1e04-4291-ba97-f6c0a3f30e19,f49e1312-819e-406b-9c9a-3ce9ba476315,->,5ee5cae8-643a-4262-92ab-52232c3ec69d,java/lang/StringBuilder.java,toString
5ee5cae8-643a-4262-92ab-52232c3ec69d,7556065c-1e04-4291-ba97-f6c0a3f30e19,f49e1312-819e-406b-9c9a-3ce9ba476315,->,5ee5cae8-643a-4262-92ab-52232c3ec69d,java/lang/Integer.java,valueOf
5ee5cae8-643a-4262-92ab-52232c3ec69d,7556065c-1e04-4291-ba97-f6c0a3f30e19,f49e1312-819e-406b-9c9a-3ce9ba476315,->,5ee5cae8-643a-4262-92ab-52232c3ec69d,org/bukkit/configuration/file/FileConfiguration.java,set
5ee5cae8-643a-4262-92ab-52232c3ec69d,7556065c-1e04-4291-ba97-f6c0a3f30e19,f49e1312-819e-406b-9c9a-3ce9ba476315,->,5ee5cae8-643a-4262-92ab-52232c3ec69d,java/lang/StringBuilder.java,append
5ee5cae8-643a-4262-92ab-52232c3ec69d,7556065c-1e04-4291-ba97-f6c0a3f30e19,f49e1312-819e-406b-9c9a-3ce9ba476315,->,5ee5cae8-643a-4262-92ab-52232c3ec69d,java/lang/StringBuilder.java,append
5ee5cae8-643a-4262-92ab-52232c3ec69d,7556065c-1e04-4291-ba97-f6c0a3f30e19,f49e1312-819e-406b-9c9a-3ce9ba476315,->,5ee5cae8-643a-4262-92ab-52232c3ec69d,java/lang/StringBuilder.java,append
5ee5cae8-643a-4262-92ab-52232c3ec69d,7556065c-1e04-4291-ba97-f6c0a3f30e19,f49e1312-819e-406b-9c9a-3ce9ba476315,->,5ee5cae8-643a-4262-92ab-52232c3ec69d,java/lang/StringBuilder.java,toString
5ee5cae8-643a-4262-92ab-52232c3ec69d,7556065c-1e04-4291-ba97-f6c0a3f30e19,f49e1312-819e-406b-9c9a-3ce9ba476315,->,5ee5cae8-643a-4262-92ab-52232c3ec69d,org/bukkit/util/BlockVector.java,getZ
5ee5cae8-643a-4262-92ab-52232c3ec69d,7556065c-1e04-4291-ba97-f6c0a3f30e19,f49e1312-819e-406b-9c9a-3ce9ba476315,->,5ee5cae8-643a-4262-92ab-52232c3ec69d,java/lang/Double.java,valueOf
5ee5cae8-643a-4262-92ab-52232c3ec69d,7556065c-1e04-4291-ba97-f6c0a3f30e19,f49e1312-819e-406b-9c9a-3ce9ba476315,->,5ee5cae8-643a-4262-92ab-52232c3ec69d,org/bukkit/configuration/file/FileConfiguration.java,set
5ee5cae8-643a-4262-92ab-52232c3ec69d,7556065c-1e04-4291-ba97-f6c0a3f30e19,f49e1312-819e-406b-9c9a-3ce9ba476315,->,5ee5cae8-643a-4262-92ab-52232c3ec69d,com/division/freeforall/core/FreeForAll.java,saveConfig
5ee5cae8-643a-4262-92ab-52232c3ec69d,7556065c-1e04-4291-ba97-f6c0a3f30e19,3de0973f-605d-46e5-a42b-d3cff84cc5f7,->,5ee5cae8-643a-4262-92ab-52232c3ec69d,java/lang/StringBuilder.java,append
5ee5cae8-643a-4262-92ab-52232c3ec69d,7556065c-1e04-4291-ba97-f6c0a3f30e19,3de0973f-605d-46e5-a42b-d3cff84cc5f7,->,5ee5cae8-643a-4262-92ab-52232c3ec69d,java/lang/StringBuilder.java,append
5ee5cae8-643a-4262-92ab-52232c3ec69d,7556065c-1e04-4291-ba97-f6c0a3f30e19,3de0973f-605d-46e5-a42b-d3cff84cc5f7,->,5ee5cae8-643a-4262-92ab-52232c3ec69d,java/lang/StringBuilder.java,append
5ee5cae8-643a-4262-92ab-52232c3ec69d,7556065c-1e04-4291-ba97-f6c0a3f30e19,3de0973f-605d-46e5-a42b-d3cff84cc5f7,->,5ee5cae8-643a-4262-92ab-52232c3ec69d,java/lang/StringBuilder.java,toString
5ee5cae8-643a-4262-92ab-52232c3ec69d,7556065c-1e04-4291-ba97-f6c0a3f30e19,3de0973f-605d-46e5-a42b-d3cff84cc5f7,->,5ee5cae8-643a-4262-92ab-52232c3ec69d,org/bukkit/World.java,getName
5ee5cae8-643a-4262-92ab-52232c3ec69d,7556065c-1e04-4291-ba97-f6c0a3f30e19,3de0973f-605d-46e5-a42b-d3cff84cc5f7,->,5ee5cae8-643a-4262-92ab-52232c3ec69d,org/bukkit/configuration/file/FileConfiguration.java,set
5ee5cae8-643a-4262-92ab-52232c3ec69d,7556065c-1e04-4291-ba97-f6c0a3f30e19,3de0973f-605d-46e5-a42b-d3cff84cc5f7,->,5ee5cae8-643a-4262-92ab-52232c3ec69d,java/lang/StringBuilder.java,append
5ee5cae8-643a-4262-92ab-52232c3ec69d,7556065c-1e04-4291-ba97-f6c0a3f30e19,3de0973f-605d-46e5-a42b-d3cff84cc5f7,->,5ee5cae8-643a-4262-92ab-52232c3ec69d,java/lang/StringBuilder.java,append
5ee5cae8-643a-4262-92ab-52232c3ec69d,7556065c-1e04-4291-ba97-f6c0a3f30e19,3de0973f-605d-46e5-a42b-d3cff84cc5f7,->,5ee5cae8-643a-4262-92ab-52232c3ec69d,java/lang/StringBuilder.java,append
5ee5cae8-643a-4262-92ab-52232c3ec69d,7556065c-1e04-4291-ba97-f6c0a3f30e19,3de0973f-605d-46e5-a42b-d3cff84cc5f7,->,5ee5cae8-643a-4262-92ab-52232c3ec69d,java/lang/StringBuilder.java,toString
5ee5cae8-643a-4262-92ab-52232c3ec69d,7556065c-1e04-4291-ba97-f6c0a3f30e19,3de0973f-605d-46e5-a42b-d3cff84cc5f7,->,5ee5cae8-643a-4262-92ab-52232c3ec69d,org/bukkit/util/BlockVector.java,getX
5ee5cae8-643a-4262-92ab-52232c3ec69d,7556065c-1e04-4291-ba97-f6c0a3f30e19,3de0973f-605d-46e5-a42b-d3cff84cc5f7,->,5ee5cae8-643a-4262-92ab-52232c3ec69d,java/lang/Double.java,valueOf
5ee5cae8-643a-4262-92ab-52232c3ec69d,7556065c-1e04-4291-ba97-f6c0a3f30e19,3de0973f-605d-46e5-a42b-d3cff84cc5f7,->,5ee5cae8-643a-4262-92ab-52232c3ec69d,org/bukkit/configuration/file/FileConfiguration.java,set
5ee5cae8-643a-4262-92ab-52232c3ec69d,7556065c-1e04-4291-ba97-f6c0a3f30e19,3de0973f-605d-46e5-a42b-d3cff84cc5f7,->,5ee5cae8-643a-4262-92ab-52232c3ec69d,java/lang/StringBuilder.java,append
5ee5cae8-643a-4262-92ab-52232c3ec69d,7556065c-1e04-4291-ba97-f6c0a3f30e19,3de0973f-605d-46e5-a42b-d3cff84cc5f7,->,5ee5cae8-643a-4262-92ab-52232c3ec69d,java/lang/StringBuilder.java,append
5ee5cae8-643a-4262-92ab-52232c3ec69d,7556065c-1e04-4291-ba97-f6c0a3f30e19,3de0973f-605d-46e5-a42b-d3cff84cc5f7,->,5ee5cae8-643a-4262-92ab-52232c3ec69d,java/lang/StringBuilder.java,append
5ee5cae8-643a-4262-92ab-52232c3ec69d,7556065c-1e04-4291-ba97-f6c0a3f30e19,3de0973f-605d-46e5-a42b-d3cff84cc5f7,->,5ee5cae8-643a-4262-92ab-52232c3ec69d,java/lang/StringBuilder.java,toString
5ee5cae8-643a-4262-92ab-52232c3ec69d,7556065c-1e04-4291-ba97-f6c0a3f30e19,3de0973f-605d-46e5-a42b-d3cff84cc5f7,->,5ee5cae8-643a-4262-92ab-52232c3ec69d,java/lang/Integer.java,valueOf
5ee5cae8-643a-4262-92ab-52232c3ec69d,7556065c-1e04-4291-ba97-f6c0a3f30e19,3de0973f-605d-46e5-a42b-d3cff84cc5f7,->,5ee5cae8-643a-4262-92ab-52232c3ec69d,org/bukkit/configuration/file/FileConfiguration.java,set
5ee5cae8-643a-4262-92ab-52232c3ec69d,7556065c-1e04-4291-ba97-f6c0a3f30e19,3de0973f-605d-46e5-a42b-d3cff84cc5f7,->,5ee5cae8-643a-4262-92ab-52232c3ec69d,java/lang/StringBuilder.java,append
5ee5cae8-643a-4262-92ab-52232c3ec69d,7556065c-1e04-4291-ba97-f6c0a3f30e19,3de0973f-605d-46e5-a42b-d3cff84cc5f7,->,5ee5cae8-643a-4262-92ab-52232c3ec69d,java/lang/StringBuilder.java,append
5ee5cae8-643a-4262-92ab-52232c3ec69d,7556065c-1e04-4291-ba97-f6c0a3f30e19,3de0973f-605d-46e5-a42b-d3cff84cc5f7,->,5ee5cae8-643a-4262-92ab-52232c3ec69d,java/lang/StringBuilder.java,append
5ee5cae8-643a-4262-92ab-52232c3ec69d,7556065c-1e04-4291-ba97-f6c0a3f30e19,3de0973f-605d-46e5-a42b-d3cff84cc5f7,->,5ee5cae8-643a-4262-92ab-52232c3ec69d,java/lang/StringBuilder.java,toString
5ee5cae8-643a-4262-92ab-52232c3ec69d,7556065c-1e04-4291-ba97-f6c0a3f30e19,3de0973f-605d-46e5-a42b-d3cff84cc5f7,->,5ee5cae8-643a-4262-92ab-52232c3ec69d,org/bukkit/util/BlockVector.java,getZ
5ee5cae8-643a-4262-92ab-52232c3ec69d,7556065c-1e04-4291-ba97-f6c0a3f30e19,3de0973f-605d-46e5-a42b-d3cff84cc5f7,->,5ee5cae8-643a-4262-92ab-52232c3ec69d,java/lang/Double.java,valueOf
5ee5cae8-643a-4262-92ab-52232c3ec69d,7556065c-1e04-4291-ba97-f6c0a3f30e19,3de0973f-605d-46e5-a42b-d3cff84cc5f7,->,5ee5cae8-643a-4262-92ab-52232c3ec69d,org/bukkit/configuration/file/FileConfiguration.java,set
5ee5cae8-643a-4262-92ab-52232c3ec69d,7556065c-1e04-4291-ba97-f6c0a3f30e19,3de0973f-605d-46e5-a42b-d3cff84cc5f7,->,5ee5cae8-643a-4262-92ab-52232c3ec69d,java/lang/StringBuilder.java,append
5ee5cae8-643a-4262-92ab-52232c3ec69d,7556065c-1e04-4291-ba97-f6c0a3f30e19,3de0973f-605d-46e5-a42b-d3cff84cc5f7,->,5ee5cae8-643a-4262-92ab-52232c3ec69d,java/lang/StringBuilder.java,append
5ee5cae8-643a-4262-92ab-52232c3ec69d,7556065c-1e04-4291-ba97-f6c0a3f30e19,3de0973f-605d-46e5-a42b-d3cff84cc5f7,->,5ee5cae8-643a-4262-92ab-52232c3ec69d,java/lang/StringBuilder.java,append
5ee5cae8-643a-4262-92ab-52232c3ec69d,7556065c-1e04-4291-ba97-f6c0a3f30e19,3de0973f-605d-46e5-a42b-d3cff84cc5f7,->,5ee5cae8-643a-4262-92ab-52232c3ec69d,java/lang/StringBuilder.java,toString
5ee5cae8-643a-4262-92ab-52232c3ec69d,7556065c-1e04-4291-ba97-f6c0a3f30e19,3de0973f-605d-46e5-a42b-d3cff84cc5f7,->,5ee5cae8-643a-4262-92ab-52232c3ec69d,org/bukkit/util/BlockVector.java,getX
5ee5cae8-643a-4262-92ab-52232c3ec69d,7556065c-1e04-4291-ba97-f6c0a3f30e19,3de0973f-605d-46e5-a42b-d3cff84cc5f7,->,5ee5cae8-643a-4262-92ab-52232c3ec69d,java/lang/Double.java,valueOf
5ee5cae8-643a-4262-92ab-52232c3ec69d,7556065c-1e04-4291-ba97-f6c0a3f30e19,3de0973f-605d-46e5-a42b-d3cff84cc5f7,->,5ee5cae8-643a-4262-92ab-52232c3ec69d,org/bukkit/configuration/file/FileConfiguration.java,set
5ee5cae8-643a-4262-92ab-52232c3ec69d,7556065c-1e04-4291-ba97-f6c0a3f30e19,3de0973f-605d-46e5-a42b-d3cff84cc5f7,->,5ee5cae8-643a-4262-92ab-52232c3ec69d,java/lang/StringBuilder.java,append
5ee5cae8-643a-4262-92ab-52232c3ec69d,7556065c-1e04-4291-ba97-f6c0a3f30e19,3de0973f-605d-46e5-a42b-d3cff84cc5f7,->,5ee5cae8-643a-4262-92ab-52232c3ec69d,java/lang/StringBuilder.java,append
5ee5cae8-643a-4262-92ab-52232c3ec69d,7556065c-1e04-4291-ba97-f6c0a3f30e19,3de0973f-605d-46e5-a42b-d3cff84cc5f7,->,5ee5cae8-643a-4262-92ab-52232c3ec69d,java/lang/StringBuilder.java,append
5ee5cae8-643a-4262-92ab-52232c3ec69d,7556065c-1e04-4291-ba97-f6c0a3f30e19,3de0973f-605d-46e5-a42b-d3cff84cc5f7,->,5ee5cae8-643a-4262-92ab-52232c3ec69d,java/lang/StringBuilder.java,toString
5ee5cae8-643a-4262-92ab-52232c3ec69d,7556065c-1e04-4291-ba97-f6c0a3f30e19,3de0973f-605d-46e5-a42b-d3cff84cc5f7,->,5ee5cae8-643a-4262-92ab-52232c3ec69d,java/lang/Integer.java,valueOf
5ee5cae8-643a-4262-92ab-52232c3ec69d,7556065c-1e04-4291-ba97-f6c0a3f30e19,3de0973f-605d-46e5-a42b-d3cff84cc5f7,->,5ee5cae8-643a-4262-92ab-52232c3ec69d,org/bukkit/configuration/file/FileConfiguration.java,set
5ee5cae8-643a-4262-92ab-52232c3ec69d,7556065c-1e04-4291-ba97-f6c0a3f30e19,3de0973f-605d-46e5-a42b-d3cff84cc5f7,->,5ee5cae8-643a-4262-92ab-52232c3ec69d,java/lang/StringBuilder.java,append
5ee5cae8-643a-4262-92ab-52232c3ec69d,7556065c-1e04-4291-ba97-f6c0a3f30e19,3de0973f-605d-46e5-a42b-d3cff84cc5f7,->,5ee5cae8-643a-4262-92ab-52232c3ec69d,java/lang/StringBuilder.java,append
5ee5cae8-643a-4262-92ab-52232c3ec69d,7556065c-1e04-4291-ba97-f6c0a3f30e19,3de0973f-605d-46e5-a42b-d3cff84cc5f7,->,5ee5cae8-643a-4262-92ab-52232c3ec69d,java/lang/StringBuilder.java,append
5ee5cae8-643a-4262-92ab-52232c3ec69d,7556065c-1e04-4291-ba97-f6c0a3f30e19,3de0973f-605d-46e5-a42b-d3cff84cc5f7,->,5ee5cae8-643a-4262-92ab-52232c3ec69d,java/lang/StringBuilder.java,toString
5ee5cae8-643a-4262-92ab-52232c3ec69d,7556065c-1e04-4291-ba97-f6c0a3f30e19,3de0973f-605d-46e5-a42b-d3cff84cc5f7,->,5ee5cae8-643a-4262-92ab-52232c3ec69d,org/bukkit/util/BlockVector.java,getZ
5ee5cae8-643a-4262-92ab-52232c3ec69d,7556065c-1e04-4291-ba97-f6c0a3f30e19,3de0973f-605d-46e5-a42b-d3cff84cc5f7,->,5ee5cae8-643a-4262-92ab-52232c3ec69d,java/lang/Double.java,valueOf
5ee5cae8-643a-4262-92ab-52232c3ec69d,7556065c-1e04-4291-ba97-f6c0a3f30e19,3de0973f-605d-46e5-a42b-d3cff84cc5f7,->,5ee5cae8-643a-4262-92ab-52232c3ec69d,org/bukkit/configuration/file/FileConfiguration.java,set
5ee5cae8-643a-4262-92ab-52232c3ec69d,7556065c-1e04-4291-ba97-f6c0a3f30e19,3de0973f-605d-46e5-a42b-d3cff84cc5f7,->,5ee5cae8-643a-4262-92ab-52232c3ec69d,com/division/freeforall/core/FreeForAll.java,saveConfig
5ee5cae8-643a-4262-92ab-52232c3ec69d,7556065c-1e04-4291-ba97-f6c0a3f30e19,e3b6bdca-3f18-4bc8-b1fa-258b63e022e3,->,5ee5cae8-643a-4262-92ab-52232c3ec69d,java/util/HashMap.java,get
5ee5cae8-643a-4262-92ab-52232c3ec69d,7556065c-1e04-4291-ba97-f6c0a3f30e19,e3b6bdca-3f18-4bc8-b1fa-258b63e022e3,->,5ee5cae8-643a-4262-92ab-52232c3ec69d,java/util/ArrayList.java,add
5ee5cae8-643a-4262-92ab-52232c3ec69d,7556065c-1e04-4291-ba97-f6c0a3f30e19,e3b6bdca-3f18-4bc8-b1fa-258b63e022e3,->,5ee5cae8-643a-4262-92ab-52232c3ec69d,java/util/HashMap.java,put
5ee5cae8-643a-4262-92ab-52232c3ec69d,7556065c-1e04-4291-ba97-f6c0a3f30e19,a4bde465-fb25-465f-bcd4-4fd03728f76b,->,5ee5cae8-643a-4262-92ab-52232c3ec69d,org/bukkit/Bukkit.java,getServer
5ee5cae8-643a-4262-92ab-52232c3ec69d,7556065c-1e04-4291-ba97-f6c0a3f30e19,a4bde465-fb25-465f-bcd4-4fd03728f76b,->,5ee5cae8-643a-4262-92ab-52232c3ec69d,java/lang/StringBuilder.java,append
5ee5cae8-643a-4262-92ab-52232c3ec69d,7556065c-1e04-4291-ba97-f6c0a3f30e19,a4bde465-fb25-465f-bcd4-4fd03728f76b,->,5ee5cae8-643a-4262-92ab-52232c3ec69d,java/lang/StringBuilder.java,append
5ee5cae8-643a-4262-92ab-52232c3ec69d,7556065c-1e04-4291-ba97-f6c0a3f30e19,a4bde465-fb25-465f-bcd4-4fd03728f76b,->,5ee5cae8-643a-4262-92ab-52232c3ec69d,java/lang/StringBuilder.java,append
5ee5cae8-643a-4262-92ab-52232c3ec69d,7556065c-1e04-4291-ba97-f6c0a3f30e19,a4bde465-fb25-465f-bcd4-4fd03728f76b,->,5ee5cae8-643a-4262-92ab-52232c3ec69d,java/lang/StringBuilder.java,toString
5ee5cae8-643a-4262-92ab-52232c3ec69d,7556065c-1e04-4291-ba97-f6c0a3f30e19,a4bde465-fb25-465f-bcd4-4fd03728f76b,->,5ee5cae8-643a-4262-92ab-52232c3ec69d,org/bukkit/configuration/file/FileConfiguration.java,getString
5ee5cae8-643a-4262-92ab-52232c3ec69d,7556065c-1e04-4291-ba97-f6c0a3f30e19,a4bde465-fb25-465f-bcd4-4fd03728f76b,->,5ee5cae8-643a-4262-92ab-52232c3ec69d,org/bukkit/Server.java,getWorld
5ee5cae8-643a-4262-92ab-52232c3ec69d,7556065c-1e04-4291-ba97-f6c0a3f30e19,a4bde465-fb25-465f-bcd4-4fd03728f76b,->,5ee5cae8-643a-4262-92ab-52232c3ec69d,java/lang/StringBuilder.java,append
5ee5cae8-643a-4262-92ab-52232c3ec69d,7556065c-1e04-4291-ba97-f6c0a3f30e19,a4bde465-fb25-465f-bcd4-4fd03728f76b,->,5ee5cae8-643a-4262-92ab-52232c3ec69d,java/lang/StringBuilder.java,append
5ee5cae8-643a-4262-92ab-52232c3ec69d,7556065c-1e04-4291-ba97-f6c0a3f30e19,a4bde465-fb25-465f-bcd4-4fd03728f76b,->,5ee5cae8-643a-4262-92ab-52232c3ec69d,java/lang/StringBuilder.java,append
5ee5cae8-643a-4262-92ab-52232c3ec69d,7556065c-1e04-4291-ba97-f6c0a3f30e19,a4bde465-fb25-465f-bcd4-4fd03728f76b,->,5ee5cae8-643a-4262-92ab-52232c3ec69d,java/lang/StringBuilder.java,toString
5ee5cae8-643a-4262-92ab-52232c3ec69d,7556065c-1e04-4291-ba97-f6c0a3f30e19,a4bde465-fb25-465f-bcd4-4fd03728f76b,->,5ee5cae8-643a-4262-92ab-52232c3ec69d,org/bukkit/configuration/file/FileConfiguration.java,getDouble
5ee5cae8-643a-4262-92ab-52232c3ec69d,7556065c-1e04-4291-ba97-f6c0a3f30e19,a4bde465-fb25-465f-bcd4-4fd03728f76b,->,5ee5cae8-643a-4262-92ab-52232c3ec69d,java/lang/StringBuilder.java,append
5ee5cae8-643a-4262-92ab-52232c3ec69d,7556065c-1e04-4291-ba97-f6c0a3f30e19,a4bde465-fb25-465f-bcd4-4fd03728f76b,->,5ee5cae8-643a-4262-92ab-52232c3ec69d,java/lang/StringBuilder.java,append
5ee5cae8-643a-4262-92ab-52232c3ec69d,7556065c-1e04-4291-ba97-f6c0a3f30e19,a4bde465-fb25-465f-bcd4-4fd03728f76b,->,5ee5cae8-643a-4262-92ab-52232c3ec69d,java/lang/StringBuilder.java,append
5ee5cae8-643a-4262-92ab-52232c3ec69d,7556065c-1e04-4291-ba97-f6c0a3f30e19,a4bde465-fb25-465f-bcd4-4fd03728f76b,->,5ee5cae8-643a-4262-92ab-52232c3ec69d,java/lang/StringBuilder.java,toString
5ee5cae8-643a-4262-92ab-52232c3ec69d,7556065c-1e04-4291-ba97-f6c0a3f30e19,a4bde465-fb25-465f-bcd4-4fd03728f76b,->,5ee5cae8-643a-4262-92ab-52232c3ec69d,org/bukkit/configuration/file/FileConfiguration.java,getDouble
5ee5cae8-643a-4262-92ab-52232c3ec69d,7556065c-1e04-4291-ba97-f6c0a3f30e19,a4bde465-fb25-465f-bcd4-4fd03728f76b,->,5ee5cae8-643a-4262-92ab-52232c3ec69d,java/lang/StringBuilder.java,append
5ee5cae8-643a-4262-92ab-52232c3ec69d,7556065c-1e04-4291-ba97-f6c0a3f30e19,a4bde465-fb25-465f-bcd4-4fd03728f76b,->,5ee5cae8-643a-4262-92ab-52232c3ec69d,java/lang/StringBuilder.java,append
5ee5cae8-643a-4262-92ab-52232c3ec69d,7556065c-1e04-4291-ba97-f6c0a3f30e19,a4bde465-fb25-465f-bcd4-4fd03728f76b,->,5ee5cae8-643a-4262-92ab-52232c3ec69d,java/lang/StringBuilder.java,append
5ee5cae8-643a-4262-92ab-52232c3ec69d,7556065c-1e04-4291-ba97-f6c0a3f30e19,a4bde465-fb25-465f-bcd4-4fd03728f76b,->,5ee5cae8-643a-4262-92ab-52232c3ec69d,java/lang/StringBuilder.java,toString
5ee5cae8-643a-4262-92ab-52232c3ec69d,7556065c-1e04-4291-ba97-f6c0a3f30e19,a4bde465-fb25-465f-bcd4-4fd03728f76b,->,5ee5cae8-643a-4262-92ab-52232c3ec69d,org/bukkit/configuration/file/FileConfiguration.java,getDouble
5ee5cae8-643a-4262-92ab-52232c3ec69d,7556065c-1e04-4291-ba97-f6c0a3f30e19,a4bde465-fb25-465f-bcd4-4fd03728f76b,->,5ee5cae8-643a-4262-92ab-52232c3ec69d,java/lang/StringBuilder.java,append
5ee5cae8-643a-4262-92ab-52232c3ec69d,7556065c-1e04-4291-ba97-f6c0a3f30e19,a4bde465-fb25-465f-bcd4-4fd03728f76b,->,5ee5cae8-643a-4262-92ab-52232c3ec69d,java/lang/StringBuilder.java,append
5ee5cae8-643a-4262-92ab-52232c3ec69d,7556065c-1e04-4291-ba97-f6c0a3f30e19,a4bde465-fb25-465f-bcd4-4fd03728f76b,->,5ee5cae8-643a-4262-92ab-52232c3ec69d,java/lang/StringBuilder.java,append
5ee5cae8-643a-4262-92ab-52232c3ec69d,7556065c-1e04-4291-ba97-f6c0a3f30e19,a4bde465-fb25-465f-bcd4-4fd03728f76b,->,5ee5cae8-643a-4262-92ab-52232c3ec69d,java/lang/StringBuilder.java,toString
5ee5cae8-643a-4262-92ab-52232c3ec69d,7556065c-1e04-4291-ba97-f6c0a3f30e19,a4bde465-fb25-465f-bcd4-4fd03728f76b,->,5ee5cae8-643a-4262-92ab-52232c3ec69d,org/bukkit/configuration/file/FileConfiguration.java,getDouble
5ee5cae8-643a-4262-92ab-52232c3ec69d,7556065c-1e04-4291-ba97-f6c0a3f30e19,a4bde465-fb25-465f-bcd4-4fd03728f76b,->,5ee5cae8-643a-4262-92ab-52232c3ec69d,java/lang/StringBuilder.java,append
5ee5cae8-643a-4262-92ab-52232c3ec69d,7556065c-1e04-4291-ba97-f6c0a3f30e19,a4bde465-fb25-465f-bcd4-4fd03728f76b,->,5ee5cae8-643a-4262-92ab-52232c3ec69d,java/lang/StringBuilder.java,append
5ee5cae8-643a-4262-92ab-52232c3ec69d,7556065c-1e04-4291-ba97-f6c0a3f30e19,a4bde465-fb25-465f-bcd4-4fd03728f76b,->,5ee5cae8-643a-4262-92ab-52232c3ec69d,java/lang/StringBuilder.java,append
5ee5cae8-643a-4262-92ab-52232c3ec69d,7556065c-1e04-4291-ba97-f6c0a3f30e19,a4bde465-fb25-465f-bcd4-4fd03728f76b,->,5ee5cae8-643a-4262-92ab-52232c3ec69d,java/lang/StringBuilder.java,toString
5ee5cae8-643a-4262-92ab-52232c3ec69d,7556065c-1e04-4291-ba97-f6c0a3f30e19,a4bde465-fb25-465f-bcd4-4fd03728f76b,->,5ee5cae8-643a-4262-92ab-52232c3ec69d,org/bukkit/configuration/file/FileConfiguration.java,getDouble
5ee5cae8-643a-4262-92ab-52232c3ec69d,7556065c-1e04-4291-ba97-f6c0a3f30e19,a4bde465-fb25-465f-bcd4-4fd03728f76b,->,5ee5cae8-643a-4262-92ab-52232c3ec69d,java/lang/StringBuilder.java,append
5ee5cae8-643a-4262-92ab-52232c3ec69d,7556065c-1e04-4291-ba97-f6c0a3f30e19,a4bde465-fb25-465f-bcd4-4fd03728f76b,->,5ee5cae8-643a-4262-92ab-52232c3ec69d,java/lang/StringBuilder.java,append
5ee5cae8-643a-4262-92ab-52232c3ec69d,7556065c-1e04-4291-ba97-f6c0a3f30e19,a4bde465-fb25-465f-bcd4-4fd03728f76b,->,5ee5cae8-643a-4262-92ab-52232c3ec69d,java/lang/StringBuilder.java,append
5ee5cae8-643a-4262-92ab-52232c3ec69d,7556065c-1e04-4291-ba97-f6c0a3f30e19,a4bde465-fb25-465f-bcd4-4fd03728f76b,->,5ee5cae8-643a-4262-92ab-52232c3ec69d,java/lang/StringBuilder.java,toString
5ee5cae8-643a-4262-92ab-52232c3ec69d,7556065c-1e04-4291-ba97-f6c0a3f30e19,a4bde465-fb25-465f-bcd4-4fd03728f76b,->,5ee5cae8-643a-4262-92ab-52232c3ec69d,org/bukkit/configuration/file/FileConfiguration.java,getDouble
5ee5cae8-643a-4262-92ab-52232c3ec69d,7556065c-1e04-4291-ba97-f6c0a3f30e19,96b68dcb-9de2-49a7-b8fb-fdddb653b10c,->,5ee5cae8-643a-4262-92ab-52232c3ec69d,java/lang/StringBuilder.java,append
5ee5cae8-643a-4262-92ab-52232c3ec69d,7556065c-1e04-4291-ba97-f6c0a3f30e19,96b68dcb-9de2-49a7-b8fb-fdddb653b10c,->,5ee5cae8-643a-4262-92ab-52232c3ec69d,java/lang/StringBuilder.java,append
5ee5cae8-643a-4262-92ab-52232c3ec69d,7556065c-1e04-4291-ba97-f6c0a3f30e19,96b68dcb-9de2-49a7-b8fb-fdddb653b10c,->,5ee5cae8-643a-4262-92ab-52232c3ec69d,java/lang/StringBuilder.java,append
5ee5cae8-643a-4262-92ab-52232c3ec69d,7556065c-1e04-4291-ba97-f6c0a3f30e19,96b68dcb-9de2-49a7-b8fb-fdddb653b10c,->,5ee5cae8-643a-4262-92ab-52232c3ec69d,java/lang/StringBuilder.java,toString
5ee5cae8-643a-4262-92ab-52232c3ec69d,7556065c-1e04-4291-ba97-f6c0a3f30e19,96b68dcb-9de2-49a7-b8fb-fdddb653b10c,->,5ee5cae8-643a-4262-92ab-52232c3ec69d,org/bukkit/configuration/file/FileConfiguration.java,getString
5ee5cae8-643a-4262-92ab-52232c3ec69d,7556065c-1e04-4291-ba97-f6c0a3f30e19,96b68dcb-9de2-49a7-b8fb-fdddb653b10c,->,5ee5cae8-643a-4262-92ab-52232c3ec69d,org/bukkit/Bukkit.java,getWorld
5ee5cae8-643a-4262-92ab-52232c3ec69d,7556065c-1e04-4291-ba97-f6c0a3f30e19,96b68dcb-9de2-49a7-b8fb-fdddb653b10c,->,5ee5cae8-643a-4262-92ab-52232c3ec69d,java/lang/StringBuilder.java,append
5ee5cae8-643a-4262-92ab-52232c3ec69d,7556065c-1e04-4291-ba97-f6c0a3f30e19,96b68dcb-9de2-49a7-b8fb-fdddb653b10c,->,5ee5cae8-643a-4262-92ab-52232c3ec69d,java/lang/StringBuilder.java,append
5ee5cae8-643a-4262-92ab-52232c3ec69d,7556065c-1e04-4291-ba97-f6c0a3f30e19,96b68dcb-9de2-49a7-b8fb-fdddb653b10c,->,5ee5cae8-643a-4262-92ab-52232c3ec69d,java/lang/StringBuilder.java,append
5ee5cae8-643a-4262-92ab-52232c3ec69d,7556065c-1e04-4291-ba97-f6c0a3f30e19,96b68dcb-9de2-49a7-b8fb-fdddb653b10c,->,5ee5cae8-643a-4262-92ab-52232c3ec69d,java/lang/StringBuilder.java,toString
5ee5cae8-643a-4262-92ab-52232c3ec69d,7556065c-1e04-4291-ba97-f6c0a3f30e19,96b68dcb-9de2-49a7-b8fb-fdddb653b10c,->,5ee5cae8-643a-4262-92ab-52232c3ec69d,org/bukkit/configuration/file/FileConfiguration.java,getDouble
5ee5cae8-643a-4262-92ab-52232c3ec69d,7556065c-1e04-4291-ba97-f6c0a3f30e19,96b68dcb-9de2-49a7-b8fb-fdddb653b10c,->,5ee5cae8-643a-4262-92ab-52232c3ec69d,java/lang/StringBuilder.java,append
5ee5cae8-643a-4262-92ab-52232c3ec69d,7556065c-1e04-4291-ba97-f6c0a3f30e19,96b68dcb-9de2-49a7-b8fb-fdddb653b10c,->,5ee5cae8-643a-4262-92ab-52232c3ec69d,java/lang/StringBuilder.java,append
5ee5cae8-643a-4262-92ab-52232c3ec69d,7556065c-1e04-4291-ba97-f6c0a3f30e19,96b68dcb-9de2-49a7-b8fb-fdddb653b10c,->,5ee5cae8-643a-4262-92ab-52232c3ec69d,java/lang/StringBuilder.java,append
5ee5cae8-643a-4262-92ab-52232c3ec69d,7556065c-1e04-4291-ba97-f6c0a3f30e19,96b68dcb-9de2-49a7-b8fb-fdddb653b10c,->,5ee5cae8-643a-4262-92ab-52232c3ec69d,java/lang/StringBuilder.java,toString
5ee5cae8-643a-4262-92ab-52232c3ec69d,7556065c-1e04-4291-ba97-f6c0a3f30e19,96b68dcb-9de2-49a7-b8fb-fdddb653b10c,->,5ee5cae8-643a-4262-92ab-52232c3ec69d,org/bukkit/configuration/file/FileConfiguration.java,getDouble
5ee5cae8-643a-4262-92ab-52232c3ec69d,7556065c-1e04-4291-ba97-f6c0a3f30e19,96b68dcb-9de2-49a7-b8fb-fdddb653b10c,->,5ee5cae8-643a-4262-92ab-52232c3ec69d,java/lang/StringBuilder.java,append
5ee5cae8-643a-4262-92ab-52232c3ec69d,7556065c-1e04-4291-ba97-f6c0a3f30e19,96b68dcb-9de2-49a7-b8fb-fdddb653b10c,->,5ee5cae8-643a-4262-92ab-52232c3ec69d,java/lang/StringBuilder.java,append
5ee5cae8-643a-4262-92ab-52232c3ec69d,7556065c-1e04-4291-ba97-f6c0a3f30e19,96b68dcb-9de2-49a7-b8fb-fdddb653b10c,->,5ee5cae8-643a-4262-92ab-52232c3ec69d,java/lang/StringBuilder.java,append
5ee5cae8-643a-4262-92ab-52232c3ec69d,7556065c-1e04-4291-ba97-f6c0a3f30e19,96b68dcb-9de2-49a7-b8fb-fdddb653b10c,->,5ee5cae8-643a-4262-92ab-52232c3ec69d,java/lang/StringBuilder.java,toString
5ee5cae8-643a-4262-92ab-52232c3ec69d,7556065c-1e04-4291-ba97-f6c0a3f30e19,96b68dcb-9de2-49a7-b8fb-fdddb653b10c,->,5ee5cae8-643a-4262-92ab-52232c3ec69d,org/bukkit/configuration/file/FileConfiguration.java,getDouble
5ee5cae8-643a-4262-92ab-52232c3ec69d,7556065c-1e04-4291-ba97-f6c0a3f30e19,96b68dcb-9de2-49a7-b8fb-fdddb653b10c,->,5ee5cae8-643a-4262-92ab-52232c3ec69d,java/lang/StringBuilder.java,append
5ee5cae8-643a-4262-92ab-52232c3ec69d,7556065c-1e04-4291-ba97-f6c0a3f30e19,96b68dcb-9de2-49a7-b8fb-fdddb653b10c,->,5ee5cae8-643a-4262-92ab-52232c3ec69d,java/lang/StringBuilder.java,append
5ee5cae8-643a-4262-92ab-52232c3ec69d,7556065c-1e04-4291-ba97-f6c0a3f30e19,96b68dcb-9de2-49a7-b8fb-fdddb653b10c,->,5ee5cae8-643a-4262-92ab-52232c3ec69d,java/lang/StringBuilder.java,append
5ee5cae8-643a-4262-92ab-52232c3ec69d,7556065c-1e04-4291-ba97-f6c0a3f30e19,96b68dcb-9de2-49a7-b8fb-fdddb653b10c,->,5ee5cae8-643a-4262-92ab-52232c3ec69d,java/lang/StringBuilder.java,toString
5ee5cae8-643a-4262-92ab-52232c3ec69d,7556065c-1e04-4291-ba97-f6c0a3f30e19,96b68dcb-9de2-49a7-b8fb-fdddb653b10c,->,5ee5cae8-643a-4262-92ab-52232c3ec69d,org/bukkit/configuration/file/FileConfiguration.java,getDouble
5ee5cae8-643a-4262-92ab-52232c3ec69d,7556065c-1e04-4291-ba97-f6c0a3f30e19,96b68dcb-9de2-49a7-b8fb-fdddb653b10c,->,5ee5cae8-643a-4262-92ab-52232c3ec69d,java/lang/StringBuilder.java,append
5ee5cae8-643a-4262-92ab-52232c3ec69d,7556065c-1e04-4291-ba97-f6c0a3f30e19,96b68dcb-9de2-49a7-b8fb-fdddb653b10c,->,5ee5cae8-643a-4262-92ab-52232c3ec69d,java/lang/StringBuilder.java,append
5ee5cae8-643a-4262-92ab-52232c3ec69d,7556065c-1e04-4291-ba97-f6c0a3f30e19,96b68dcb-9de2-49a7-b8fb-fdddb653b10c,->,5ee5cae8-643a-4262-92ab-52232c3ec69d,java/lang/StringBuilder.java,append
5ee5cae8-643a-4262-92ab-52232c3ec69d,7556065c-1e04-4291-ba97-f6c0a3f30e19,96b68dcb-9de2-49a7-b8fb-fdddb653b10c,->,5ee5cae8-643a-4262-92ab-52232c3ec69d,java/lang/StringBuilder.java,toString
5ee5cae8-643a-4262-92ab-52232c3ec69d,7556065c-1e04-4291-ba97-f6c0a3f30e19,96b68dcb-9de2-49a7-b8fb-fdddb653b10c,->,5ee5cae8-643a-4262-92ab-52232c3ec69d,org/bukkit/configuration/file/FileConfiguration.java,getDouble
5ee5cae8-643a-4262-92ab-52232c3ec69d,7556065c-1e04-4291-ba97-f6c0a3f30e19,96b68dcb-9de2-49a7-b8fb-fdddb653b10c,->,5ee5cae8-643a-4262-92ab-52232c3ec69d,java/lang/StringBuilder.java,append
5ee5cae8-643a-4262-92ab-52232c3ec69d,7556065c-1e04-4291-ba97-f6c0a3f30e19,96b68dcb-9de2-49a7-b8fb-fdddb653b10c,->,5ee5cae8-643a-4262-92ab-52232c3ec69d,java/lang/StringBuilder.java,append
5ee5cae8-643a-4262-92ab-52232c3ec69d,7556065c-1e04-4291-ba97-f6c0a3f30e19,96b68dcb-9de2-49a7-b8fb-fdddb653b10c,->,5ee5cae8-643a-4262-92ab-52232c3ec69d,java/lang/StringBuilder.java,append
5ee5cae8-643a-4262-92ab-52232c3ec69d,7556065c-1e04-4291-ba97-f6c0a3f30e19,96b68dcb-9de2-49a7-b8fb-fdddb653b10c,->,5ee5cae8-643a-4262-92ab-52232c3ec69d,java/lang/StringBuilder.java,toString
5ee5cae8-643a-4262-92ab-52232c3ec69d,7556065c-1e04-4291-ba97-f6c0a3f30e19,96b68dcb-9de2-49a7-b8fb-fdddb653b10c,->,5ee5cae8-643a-4262-92ab-52232c3ec69d,org/bukkit/configuration/file/FileConfiguration.java,getDouble
5ee5cae8-643a-4262-92ab-52232c3ec69d,7556065c-1e04-4291-ba97-f6c0a3f30e19,e5a01c81-7540-4bc9-a163-7ca13d21a119,->,5ee5cae8-643a-4262-92ab-52232c3ec69d,java/util/HashMap.java,get
5ee5cae8-643a-4262-92ab-52232c3ec69d,7556065c-1e04-4291-ba97-f6c0a3f30e19,1afaf80a-ac6b-4991-8f06-3a92430ceb7b,->,5ee5cae8-643a-4262-92ab-52232c3ec69d,java/lang/StringBuilder.java,append
5ee5cae8-643a-4262-92ab-52232c3ec69d,7556065c-1e04-4291-ba97-f6c0a3f30e19,1afaf80a-ac6b-4991-8f06-3a92430ceb7b,->,5ee5cae8-643a-4262-92ab-52232c3ec69d,java/lang/StringBuilder.java,append
5ee5cae8-643a-4262-92ab-52232c3ec69d,7556065c-1e04-4291-ba97-f6c0a3f30e19,1afaf80a-ac6b-4991-8f06-3a92430ceb7b,->,5ee5cae8-643a-4262-92ab-52232c3ec69d,java/lang/StringBuilder.java,append
5ee5cae8-643a-4262-92ab-52232c3ec69d,7556065c-1e04-4291-ba97-f6c0a3f30e19,1afaf80a-ac6b-4991-8f06-3a92430ceb7b,->,5ee5cae8-643a-4262-92ab-52232c3ec69d,java/lang/StringBuilder.java,toString
5ee5cae8-643a-4262-92ab-52232c3ec69d,7556065c-1e04-4291-ba97-f6c0a3f30e19,1afaf80a-ac6b-4991-8f06-3a92430ceb7b,->,5ee5cae8-643a-4262-92ab-52232c3ec69d,org/bukkit/configuration/file/FileConfiguration.java,getConfigurationSection
5ee5cae8-643a-4262-92ab-52232c3ec69d,7556065c-1e04-4291-ba97-f6c0a3f30e19,1afaf80a-ac6b-4991-8f06-3a92430ceb7b,->,5ee5cae8-643a-4262-92ab-52232c3ec69d,org/bukkit/configuration/ConfigurationSection.java,getKeys
5ee5cae8-643a-4262-92ab-52232c3ec69d,7556065c-1e04-4291-ba97-f6c0a3f30e19,b69eef99-a701-4c27-9c09-cb54aa0861f8,->,5ee5cae8-643a-4262-92ab-52232c3ec69d,7556065c-1e04-4291-ba97-f6c0a3f30e19,1afaf80a-ac6b-4991-8f06-3a92430ceb7b
5ee5cae8-643a-4262-92ab-52232c3ec69d,7556065c-1e04-4291-ba97-f6c0a3f30e19,b69eef99-a701-4c27-9c09-cb54aa0861f8,->,5ee5cae8-643a-4262-92ab-52232c3ec69d,java/lang/String.java,toLowerCase
5ee5cae8-643a-4262-92ab-52232c3ec69d,7556065c-1e04-4291-ba97-f6c0a3f30e19,b69eef99-a701-4c27-9c09-cb54aa0861f8,->,5ee5cae8-643a-4262-92ab-52232c3ec69d,java/util/Set.java,contains
5ee5cae8-643a-4262-92ab-52232c3ec69d,7556065c-1e04-4291-ba97-f6c0a3f30e19,b69eef99-a701-4c27-9c09-cb54aa0861f8,->,5ee5cae8-643a-4262-92ab-52232c3ec69d,java/lang/StringBuilder.java,append
5ee5cae8-643a-4262-92ab-52232c3ec69d,7556065c-1e04-4291-ba97-f6c0a3f30e19,b69eef99-a701-4c27-9c09-cb54aa0861f8,->,5ee5cae8-643a-4262-92ab-52232c3ec69d,java/lang/StringBuilder.java,append
5ee5cae8-643a-4262-92ab-52232c3ec69d,7556065c-1e04-4291-ba97-f6c0a3f30e19,b69eef99-a701-4c27-9c09-cb54aa0861f8,->,5ee5cae8-643a-4262-92ab-52232c3ec69d,java/lang/StringBuilder.java,append
5ee5cae8-643a-4262-92ab-52232c3ec69d,7556065c-1e04-4291-ba97-f6c0a3f30e19,b69eef99-a701-4c27-9c09-cb54aa0861f8,->,5ee5cae8-643a-4262-92ab-52232c3ec69d,java/lang/String.java,toLowerCase
5ee5cae8-643a-4262-92ab-52232c3ec69d,7556065c-1e04-4291-ba97-f6c0a3f30e19,b69eef99-a701-4c27-9c09-cb54aa0861f8,->,5ee5cae8-643a-4262-92ab-52232c3ec69d,java/lang/StringBuilder.java,append
5ee5cae8-643a-4262-92ab-52232c3ec69d,7556065c-1e04-4291-ba97-f6c0a3f30e19,b69eef99-a701-4c27-9c09-cb54aa0861f8,->,5ee5cae8-643a-4262-92ab-52232c3ec69d,java/lang/StringBuilder.java,toString
5ee5cae8-643a-4262-92ab-52232c3ec69d,7556065c-1e04-4291-ba97-f6c0a3f30e19,b69eef99-a701-4c27-9c09-cb54aa0861f8,->,5ee5cae8-643a-4262-92ab-52232c3ec69d,org/bukkit/configuration/file/FileConfiguration.java,set
5ee5cae8-643a-4262-92ab-52232c3ec69d,7556065c-1e04-4291-ba97-f6c0a3f30e19,b69eef99-a701-4c27-9c09-cb54aa0861f8,->,5ee5cae8-643a-4262-92ab-52232c3ec69d,com/division/freeforall/core/FreeForAll.java,saveConfig
5ee5cae8-643a-4262-92ab-52232c3ec69d,7556065c-1e04-4291-ba97-f6c0a3f30e19,fbe497eb-4997-4486-af02-519e0dd107a4,->,5ee5cae8-643a-4262-92ab-52232c3ec69d,org/bukkit/configuration/file/FileConfiguration.java,getConfigurationSection
5ee5cae8-643a-4262-92ab-52232c3ec69d,7556065c-1e04-4291-ba97-f6c0a3f30e19,fbe497eb-4997-4486-af02-519e0dd107a4,->,5ee5cae8-643a-4262-92ab-52232c3ec69d,org/bukkit/configuration/ConfigurationSection.java,getKeys
5ee5cae8-643a-4262-92ab-52232c3ec69d,92a181c0-00f9-4958-99c2-0eb93b79c749,da2d4643-077e-4ff3-918c-09fcfd44226e,->,5ee5cae8-643a-4262-92ab-52232c3ec69d,66a50078-13ab-4c91-b773-85494ce9b61e,a0722926-cc9f-48cf-a8d6-851d01a9ff24
5ee5cae8-643a-4262-92ab-52232c3ec69d,92a181c0-00f9-4958-99c2-0eb93b79c749,da2d4643-077e-4ff3-918c-09fcfd44226e,->,5ee5cae8-643a-4262-92ab-52232c3ec69d,66a50078-13ab-4c91-b773-85494ce9b61e,230ddd68-64fe-466d-9877-c16cba882828
5ee5cae8-643a-4262-92ab-52232c3ec69d,92a181c0-00f9-4958-99c2-0eb93b79c749,da2d4643-077e-4ff3-918c-09fcfd44226e,->,5ee5cae8-643a-4262-92ab-52232c3ec69d,723d5bb4-26ff-4e45-9994-9c9d958ef671,6d71b312-ab95-454a-9c9a-b257dbf759e0
5ee5cae8-643a-4262-92ab-52232c3ec69d,92a181c0-00f9-4958-99c2-0eb93b79c749,8037705e-5663-4bf2-9b3f-0285a619ad91,->,5ee5cae8-643a-4262-92ab-52232c3ec69d,com/division/freeforall/events/PlayerEnteredArenaEvent.java,getPlayer
5ee5cae8-643a-4262-92ab-52232c3ec69d,92a181c0-00f9-4958-99c2-0eb93b79c749,8037705e-5663-4bf2-9b3f-0285a619ad91,->,5ee5cae8-643a-4262-92ab-52232c3ec69d,org/bukkit/entity/Player.java,getName
5ee5cae8-643a-4262-92ab-52232c3ec69d,92a181c0-00f9-4958-99c2-0eb93b79c749,8037705e-5663-4bf2-9b3f-0285a619ad91,->,5ee5cae8-643a-4262-92ab-52232c3ec69d,05555cf1-eb0d-40db-9bc6-73acfcaeb8cf,326d036f-a84b-44c0-ab88-3b7f59c9f8b2
5ee5cae8-643a-4262-92ab-52232c3ec69d,92a181c0-00f9-4958-99c2-0eb93b79c749,3c39fa08-93f4-4f56-8bf8-2408d74985dc,->,5ee5cae8-643a-4262-92ab-52232c3ec69d,ddb0b550-17df-400e-9c2a-22af59b5a9d8,35fe84e0-b494-408f-9954-e7345435d99c
5ee5cae8-643a-4262-92ab-52232c3ec69d,92a181c0-00f9-4958-99c2-0eb93b79c749,3c39fa08-93f4-4f56-8bf8-2408d74985dc,->,5ee5cae8-643a-4262-92ab-52232c3ec69d,ddb0b550-17df-400e-9c2a-22af59b5a9d8,4d462400-2307-4155-b1b3-feb107d4b4ea
5ee5cae8-643a-4262-92ab-52232c3ec69d,92a181c0-00f9-4958-99c2-0eb93b79c749,3c39fa08-93f4-4f56-8bf8-2408d74985dc,->,5ee5cae8-643a-4262-92ab-52232c3ec69d,org/bukkit/entity/Player.java,getName
5ee5cae8-643a-4262-92ab-52232c3ec69d,92a181c0-00f9-4958-99c2-0eb93b79c749,3c39fa08-93f4-4f56-8bf8-2408d74985dc,->,5ee5cae8-643a-4262-92ab-52232c3ec69d,com/division/freeforall/engines/StorageEngine.java,getStorage
5ee5cae8-643a-4262-92ab-52232c3ec69d,92a181c0-00f9-4958-99c2-0eb93b79c749,3c39fa08-93f4-4f56-8bf8-2408d74985dc,->,5ee5cae8-643a-4262-92ab-52232c3ec69d,1f4dd95c-5f56-4a02-8e62-7a399a8fe84c,2219ebce-7606-43fd-9f99-fb6a3fd971c4
5ee5cae8-643a-4262-92ab-52232c3ec69d,92a181c0-00f9-4958-99c2-0eb93b79c749,3c39fa08-93f4-4f56-8bf8-2408d74985dc,->,5ee5cae8-643a-4262-92ab-52232c3ec69d,05555cf1-eb0d-40db-9bc6-73acfcaeb8cf,6384160c-ec61-4b83-aba3-bd53ba94dc48
5ee5cae8-643a-4262-92ab-52232c3ec69d,92a181c0-00f9-4958-99c2-0eb93b79c749,3c39fa08-93f4-4f56-8bf8-2408d74985dc,->,5ee5cae8-643a-4262-92ab-52232c3ec69d,org/bukkit/entity/Player.java,getName
5ee5cae8-643a-4262-92ab-52232c3ec69d,92a181c0-00f9-4958-99c2-0eb93b79c749,3c39fa08-93f4-4f56-8bf8-2408d74985dc,->,5ee5cae8-643a-4262-92ab-52232c3ec69d,05555cf1-eb0d-40db-9bc6-73acfcaeb8cf,9b350c5a-88f6-46c4-b5ef-3df93f7b7873
5ee5cae8-643a-4262-92ab-52232c3ec69d,92a181c0-00f9-4958-99c2-0eb93b79c749,4a455b28-60fc-4bb7-8ed6-bd84ae69f8e0,->,5ee5cae8-643a-4262-92ab-52232c3ec69d,com/division/freeforall/events/PlayerKilledPlayerInArenaEvent.java,getVictim
5ee5cae8-643a-4262-92ab-52232c3ec69d,92a181c0-00f9-4958-99c2-0eb93b79c749,4a455b28-60fc-4bb7-8ed6-bd84ae69f8e0,->,5ee5cae8-643a-4262-92ab-52232c3ec69d,com/division/freeforall/events/PlayerKilledPlayerInArenaEvent.java,getKiller
5ee5cae8-643a-4262-92ab-52232c3ec69d,92a181c0-00f9-4958-99c2-0eb93b79c749,4a455b28-60fc-4bb7-8ed6-bd84ae69f8e0,->,5ee5cae8-643a-4262-92ab-52232c3ec69d,org/bukkit/entity/Player.java,getName
5ee5cae8-643a-4262-92ab-52232c3ec69d,92a181c0-00f9-4958-99c2-0eb93b79c749,4a455b28-60fc-4bb7-8ed6-bd84ae69f8e0,->,5ee5cae8-643a-4262-92ab-52232c3ec69d,05555cf1-eb0d-40db-9bc6-73acfcaeb8cf,6384160c-ec61-4b83-aba3-bd53ba94dc48
5ee5cae8-643a-4262-92ab-52232c3ec69d,92a181c0-00f9-4958-99c2-0eb93b79c749,4a455b28-60fc-4bb7-8ed6-bd84ae69f8e0,->,5ee5cae8-643a-4262-92ab-52232c3ec69d,org/bukkit/entity/Player.java,getName
5ee5cae8-643a-4262-92ab-52232c3ec69d,92a181c0-00f9-4958-99c2-0eb93b79c749,4a455b28-60fc-4bb7-8ed6-bd84ae69f8e0,->,5ee5cae8-643a-4262-92ab-52232c3ec69d,05555cf1-eb0d-40db-9bc6-73acfcaeb8cf,9b350c5a-88f6-46c4-b5ef-3df93f7b7873
5ee5cae8-643a-4262-92ab-52232c3ec69d,92a181c0-00f9-4958-99c2-0eb93b79c749,68f94f90-4c5e-451f-892f-e1708ffc386c,->,5ee5cae8-643a-4262-92ab-52232c3ec69d,com/division/freeforall/events/PlayerKillstreakAwardedEvent.java,getPlayer
5ee5cae8-643a-4262-92ab-52232c3ec69d,92a181c0-00f9-4958-99c2-0eb93b79c749,68f94f90-4c5e-451f-892f-e1708ffc386c,->,5ee5cae8-643a-4262-92ab-52232c3ec69d,org/bukkit/entity/Player.java,getName
5ee5cae8-643a-4262-92ab-52232c3ec69d,92a181c0-00f9-4958-99c2-0eb93b79c749,68f94f90-4c5e-451f-892f-e1708ffc386c,->,5ee5cae8-643a-4262-92ab-52232c3ec69d,com/division/freeforall/events/PlayerKillstreakAwardedEvent.java,getKillStreak
5ee5cae8-643a-4262-92ab-52232c3ec69d,92a181c0-00f9-4958-99c2-0eb93b79c749,68f94f90-4c5e-451f-892f-e1708ffc386c,->,5ee5cae8-643a-4262-92ab-52232c3ec69d,05555cf1-eb0d-40db-9bc6-73acfcaeb8cf,315a04ed-6c50-4459-a981-c0d2e6c8e6d6
5ee5cae8-643a-4262-92ab-52232c3ec69d,288233a7-0fca-49e7-bea4-efedc1c1891a,4fbe8362-5b37-43c5-818b-fe23686007d9,->,5ee5cae8-643a-4262-92ab-52232c3ec69d,com/division/freeforall/events/PlayerDamageInArenaEvent.java,toString
5ee5cae8-643a-4262-92ab-52232c3ec69d,288233a7-0fca-49e7-bea4-efedc1c1891a,4fbe8362-5b37-43c5-818b-fe23686007d9,->,5ee5cae8-643a-4262-92ab-52232c3ec69d,288233a7-0fca-49e7-bea4-efedc1c1891a,1870b815-547d-4a9b-b260-278014e4cbf0
5ee5cae8-643a-4262-92ab-52232c3ec69d,288233a7-0fca-49e7-bea4-efedc1c1891a,eee800a2-9929-49ff-aafa-4fb78654ed08,->,5ee5cae8-643a-4262-92ab-52232c3ec69d,ddb0b550-17df-400e-9c2a-22af59b5a9d8,2beda7ac-5195-49f0-95a4-440b0aaedacb
5ee5cae8-643a-4262-92ab-52232c3ec69d,288233a7-0fca-49e7-bea4-efedc1c1891a,eee800a2-9929-49ff-aafa-4fb78654ed08,->,5ee5cae8-643a-4262-92ab-52232c3ec69d,288233a7-0fca-49e7-bea4-efedc1c1891a,1870b815-547d-4a9b-b260-278014e4cbf0
5ee5cae8-643a-4262-92ab-52232c3ec69d,288233a7-0fca-49e7-bea4-efedc1c1891a,acf9413d-bf99-4b7c-815c-d35a9f36f81c,->,5ee5cae8-643a-4262-92ab-52232c3ec69d,com/division/freeforall/events/PlayerEnteredArenaEvent.java,toString
5ee5cae8-643a-4262-92ab-52232c3ec69d,288233a7-0fca-49e7-bea4-efedc1c1891a,acf9413d-bf99-4b7c-815c-d35a9f36f81c,->,5ee5cae8-643a-4262-92ab-52232c3ec69d,288233a7-0fca-49e7-bea4-efedc1c1891a,1870b815-547d-4a9b-b260-278014e4cbf0
5ee5cae8-643a-4262-92ab-52232c3ec69d,288233a7-0fca-49e7-bea4-efedc1c1891a,9ba2741a-982d-486e-8ee1-60cd4df94d91,->,5ee5cae8-643a-4262-92ab-52232c3ec69d,com/division/freeforall/events/PlayerKilledPlayerInArenaEvent.java,toString
5ee5cae8-643a-4262-92ab-52232c3ec69d,288233a7-0fca-49e7-bea4-efedc1c1891a,9ba2741a-982d-486e-8ee1-60cd4df94d91,->,5ee5cae8-643a-4262-92ab-52232c3ec69d,288233a7-0fca-49e7-bea4-efedc1c1891a,1870b815-547d-4a9b-b260-278014e4cbf0
5ee5cae8-643a-4262-92ab-52232c3ec69d,288233a7-0fca-49e7-bea4-efedc1c1891a,94f8a1b7-e5b8-4730-89a1-a7373445389f,->,5ee5cae8-643a-4262-92ab-52232c3ec69d,com/division/freeforall/events/PlayerKillstreakAwardedEvent.java,toString
5ee5cae8-643a-4262-92ab-52232c3ec69d,288233a7-0fca-49e7-bea4-efedc1c1891a,94f8a1b7-e5b8-4730-89a1-a7373445389f,->,5ee5cae8-643a-4262-92ab-52232c3ec69d,288233a7-0fca-49e7-bea4-efedc1c1891a,1870b815-547d-4a9b-b260-278014e4cbf0
5ee5cae8-643a-4262-92ab-52232c3ec69d,288233a7-0fca-49e7-bea4-efedc1c1891a,6047a9f3-d9ac-4b09-b632-fb7d45fe4969,->,5ee5cae8-643a-4262-92ab-52232c3ec69d,com/division/freeforall/events/PlayerLeftArenaEvent.java,toString
5ee5cae8-643a-4262-92ab-52232c3ec69d,288233a7-0fca-49e7-bea4-efedc1c1891a,6047a9f3-d9ac-4b09-b632-fb7d45fe4969,->,5ee5cae8-643a-4262-92ab-52232c3ec69d,288233a7-0fca-49e7-bea4-efedc1c1891a,1870b815-547d-4a9b-b260-278014e4cbf0
5ee5cae8-643a-4262-92ab-52232c3ec69d,288233a7-0fca-49e7-bea4-efedc1c1891a,76ae1eaf-8f5c-4dd8-8181-b83c72c461ff,->,5ee5cae8-643a-4262-92ab-52232c3ec69d,com/division/freeforall/events/PlayerQuitInArenaEvent.java,toString
5ee5cae8-643a-4262-92ab-52232c3ec69d,288233a7-0fca-49e7-bea4-efedc1c1891a,76ae1eaf-8f5c-4dd8-8181-b83c72c461ff,->,5ee5cae8-643a-4262-92ab-52232c3ec69d,288233a7-0fca-49e7-bea4-efedc1c1891a,1870b815-547d-4a9b-b260-278014e4cbf0
5ee5cae8-643a-4262-92ab-52232c3ec69d,288233a7-0fca-49e7-bea4-efedc1c1891a,1870b815-547d-4a9b-b260-278014e4cbf0,->,5ee5cae8-643a-4262-92ab-52232c3ec69d,66a50078-13ab-4c91-b773-85494ce9b61e,a0722926-cc9f-48cf-a8d6-851d01a9ff24
5ee5cae8-643a-4262-92ab-52232c3ec69d,288233a7-0fca-49e7-bea4-efedc1c1891a,1870b815-547d-4a9b-b260-278014e4cbf0,->,5ee5cae8-643a-4262-92ab-52232c3ec69d,66a50078-13ab-4c91-b773-85494ce9b61e,3e3067f6-26a5-44fd-879f-6a56c1db83c1
5ee5cae8-643a-4262-92ab-52232c3ec69d,288233a7-0fca-49e7-bea4-efedc1c1891a,1870b815-547d-4a9b-b260-278014e4cbf0,->,5ee5cae8-643a-4262-92ab-52232c3ec69d,org/bukkit/Bukkit.java,getServer
5ee5cae8-643a-4262-92ab-52232c3ec69d,288233a7-0fca-49e7-bea4-efedc1c1891a,1870b815-547d-4a9b-b260-278014e4cbf0,->,5ee5cae8-643a-4262-92ab-52232c3ec69d,org/bukkit/Server.java,getPlayerExact
5ee5cae8-643a-4262-92ab-52232c3ec69d,288233a7-0fca-49e7-bea4-efedc1c1891a,1870b815-547d-4a9b-b260-278014e4cbf0,->,5ee5cae8-643a-4262-92ab-52232c3ec69d,java/lang/StringBuilder.java,append
5ee5cae8-643a-4262-92ab-52232c3ec69d,288233a7-0fca-49e7-bea4-efedc1c1891a,1870b815-547d-4a9b-b260-278014e4cbf0,->,5ee5cae8-643a-4262-92ab-52232c3ec69d,java/lang/StringBuilder.java,append
5ee5cae8-643a-4262-92ab-52232c3ec69d,288233a7-0fca-49e7-bea4-efedc1c1891a,1870b815-547d-4a9b-b260-278014e4cbf0,->,5ee5cae8-643a-4262-92ab-52232c3ec69d,java/lang/StringBuilder.java,toString
5ee5cae8-643a-4262-92ab-52232c3ec69d,288233a7-0fca-49e7-bea4-efedc1c1891a,1870b815-547d-4a9b-b260-278014e4cbf0,->,5ee5cae8-643a-4262-92ab-52232c3ec69d,org/bukkit/entity/Player.java,sendMessage
5ee5cae8-643a-4262-92ab-52232c3ec69d,52ad6902-4a93-4b34-a2ac-fc087fe174cc,d570e828-ee1d-4340-a275-94a04b55a360,->,5ee5cae8-643a-4262-92ab-52232c3ec69d,java/lang/StringBuilder.java,append
5ee5cae8-643a-4262-92ab-52232c3ec69d,52ad6902-4a93-4b34-a2ac-fc087fe174cc,d570e828-ee1d-4340-a275-94a04b55a360,->,5ee5cae8-643a-4262-92ab-52232c3ec69d,java/lang/StringBuilder.java,append
5ee5cae8-643a-4262-92ab-52232c3ec69d,52ad6902-4a93-4b34-a2ac-fc087fe174cc,d570e828-ee1d-4340-a275-94a04b55a360,->,5ee5cae8-643a-4262-92ab-52232c3ec69d,java/lang/StringBuilder.java,append
5ee5cae8-643a-4262-92ab-52232c3ec69d,52ad6902-4a93-4b34-a2ac-fc087fe174cc,d570e828-ee1d-4340-a275-94a04b55a360,->,5ee5cae8-643a-4262-92ab-52232c3ec69d,java/lang/StringBuilder.java,append
5ee5cae8-643a-4262-92ab-52232c3ec69d,52ad6902-4a93-4b34-a2ac-fc087fe174cc,d570e828-ee1d-4340-a275-94a04b55a360,->,5ee5cae8-643a-4262-92ab-52232c3ec69d,java/lang/StringBuilder.java,toString
5ee5cae8-643a-4262-92ab-52232c3ec69d,52ad6902-4a93-4b34-a2ac-fc087fe174cc,d570e828-ee1d-4340-a275-94a04b55a360,->,5ee5cae8-643a-4262-92ab-52232c3ec69d,java/io/File.java,exists
5ee5cae8-643a-4262-92ab-52232c3ec69d,52ad6902-4a93-4b34-a2ac-fc087fe174cc,86e52f0c-3c32-4c57-af8e-27f2839b1475,->,5ee5cae8-643a-4262-92ab-52232c3ec69d,java/lang/String.java,split
5ee5cae8-643a-4262-92ab-52232c3ec69d,52ad6902-4a93-4b34-a2ac-fc087fe174cc,86e52f0c-3c32-4c57-af8e-27f2839b1475,->,5ee5cae8-643a-4262-92ab-52232c3ec69d,java/lang/String.java,contains
5ee5cae8-643a-4262-92ab-52232c3ec69d,52ad6902-4a93-4b34-a2ac-fc087fe174cc,9c1eb853-ffd7-4732-8ecb-165eb830925b,->,5ee5cae8-643a-4262-92ab-52232c3ec69d,java/lang/StringBuilder.java,append
5ee5cae8-643a-4262-92ab-52232c3ec69d,52ad6902-4a93-4b34-a2ac-fc087fe174cc,9c1eb853-ffd7-4732-8ecb-165eb830925b,->,5ee5cae8-643a-4262-92ab-52232c3ec69d,java/lang/StringBuilder.java,append
5ee5cae8-643a-4262-92ab-52232c3ec69d,52ad6902-4a93-4b34-a2ac-fc087fe174cc,9c1eb853-ffd7-4732-8ecb-165eb830925b,->,5ee5cae8-643a-4262-92ab-52232c3ec69d,1f4dd95c-5f56-4a02-8e62-7a399a8fe84c,a3cf3f3b-8908-48cf-8994-6d436a51dd54
5ee5cae8-643a-4262-92ab-52232c3ec69d,52ad6902-4a93-4b34-a2ac-fc087fe174cc,9c1eb853-ffd7-4732-8ecb-165eb830925b,->,5ee5cae8-643a-4262-92ab-52232c3ec69d,java/lang/StringBuilder.java,append
5ee5cae8-643a-4262-92ab-52232c3ec69d,52ad6902-4a93-4b34-a2ac-fc087fe174cc,9c1eb853-ffd7-4732-8ecb-165eb830925b,->,5ee5cae8-643a-4262-92ab-52232c3ec69d,java/lang/StringBuilder.java,append
5ee5cae8-643a-4262-92ab-52232c3ec69d,52ad6902-4a93-4b34-a2ac-fc087fe174cc,9c1eb853-ffd7-4732-8ecb-165eb830925b,->,5ee5cae8-643a-4262-92ab-52232c3ec69d,java/lang/StringBuilder.java,toString
5ee5cae8-643a-4262-92ab-52232c3ec69d,52ad6902-4a93-4b34-a2ac-fc087fe174cc,9c1eb853-ffd7-4732-8ecb-165eb830925b,->,5ee5cae8-643a-4262-92ab-52232c3ec69d,1f4dd95c-5f56-4a02-8e62-7a399a8fe84c,ea018d6e-06d1-4ec6-b67a-c69a7ba3a158
5ee5cae8-643a-4262-92ab-52232c3ec69d,52ad6902-4a93-4b34-a2ac-fc087fe174cc,9c1eb853-ffd7-4732-8ecb-165eb830925b,->,5ee5cae8-643a-4262-92ab-52232c3ec69d,org/bukkit/inventory/ItemStack.java,getType
5ee5cae8-643a-4262-92ab-52232c3ec69d,52ad6902-4a93-4b34-a2ac-fc087fe174cc,9c1eb853-ffd7-4732-8ecb-165eb830925b,->,5ee5cae8-643a-4262-92ab-52232c3ec69d,org/bukkit/Material.java,equals
5ee5cae8-643a-4262-92ab-52232c3ec69d,52ad6902-4a93-4b34-a2ac-fc087fe174cc,9c1eb853-ffd7-4732-8ecb-165eb830925b,->,5ee5cae8-643a-4262-92ab-52232c3ec69d,java/lang/StringBuilder.java,append
5ee5cae8-643a-4262-92ab-52232c3ec69d,52ad6902-4a93-4b34-a2ac-fc087fe174cc,9c1eb853-ffd7-4732-8ecb-165eb830925b,->,5ee5cae8-643a-4262-92ab-52232c3ec69d,org/bukkit/inventory/ItemStack.java,getType
5ee5cae8-643a-4262-92ab-52232c3ec69d,52ad6902-4a93-4b34-a2ac-fc087fe174cc,9c1eb853-ffd7-4732-8ecb-165eb830925b,->,5ee5cae8-643a-4262-92ab-52232c3ec69d,org/bukkit/Material.java,name
5ee5cae8-643a-4262-92ab-52232c3ec69d,52ad6902-4a93-4b34-a2ac-fc087fe174cc,9c1eb853-ffd7-4732-8ecb-165eb830925b,->,5ee5cae8-643a-4262-92ab-52232c3ec69d,java/lang/StringBuilder.java,append
5ee5cae8-643a-4262-92ab-52232c3ec69d,52ad6902-4a93-4b34-a2ac-fc087fe174cc,9c1eb853-ffd7-4732-8ecb-165eb830925b,->,5ee5cae8-643a-4262-92ab-52232c3ec69d,java/lang/StringBuilder.java,append
5ee5cae8-643a-4262-92ab-52232c3ec69d,52ad6902-4a93-4b34-a2ac-fc087fe174cc,9c1eb853-ffd7-4732-8ecb-165eb830925b,->,5ee5cae8-643a-4262-92ab-52232c3ec69d,java/lang/StringBuilder.java,toString
5ee5cae8-643a-4262-92ab-52232c3ec69d,52ad6902-4a93-4b34-a2ac-fc087fe174cc,9c1eb853-ffd7-4732-8ecb-165eb830925b,->,5ee5cae8-643a-4262-92ab-52232c3ec69d,org/bukkit/configuration/file/YamlConfiguration.java,contains
5ee5cae8-643a-4262-92ab-52232c3ec69d,52ad6902-4a93-4b34-a2ac-fc087fe174cc,9c1eb853-ffd7-4732-8ecb-165eb830925b,->,5ee5cae8-643a-4262-92ab-52232c3ec69d,org/bukkit/inventory/ItemStack.java,getType
5ee5cae8-643a-4262-92ab-52232c3ec69d,52ad6902-4a93-4b34-a2ac-fc087fe174cc,9c1eb853-ffd7-4732-8ecb-165eb830925b,->,5ee5cae8-643a-4262-92ab-52232c3ec69d,org/bukkit/Material.java,name
5ee5cae8-643a-4262-92ab-52232c3ec69d,52ad6902-4a93-4b34-a2ac-fc087fe174cc,9c1eb853-ffd7-4732-8ecb-165eb830925b,->,5ee5cae8-643a-4262-92ab-52232c3ec69d,org/bukkit/configuration/file/YamlConfiguration.java,saveToString
5ee5cae8-643a-4262-92ab-52232c3ec69d,52ad6902-4a93-4b34-a2ac-fc087fe174cc,9c1eb853-ffd7-4732-8ecb-165eb830925b,->,5ee5cae8-643a-4262-92ab-52232c3ec69d,52ad6902-4a93-4b34-a2ac-fc087fe174cc,86e52f0c-3c32-4c57-af8e-27f2839b1475
5ee5cae8-643a-4262-92ab-52232c3ec69d,52ad6902-4a93-4b34-a2ac-fc087fe174cc,9c1eb853-ffd7-4732-8ecb-165eb830925b,->,5ee5cae8-643a-4262-92ab-52232c3ec69d,java/lang/StringBuilder.java,append
5ee5cae8-643a-4262-92ab-52232c3ec69d,52ad6902-4a93-4b34-a2ac-fc087fe174cc,9c1eb853-ffd7-4732-8ecb-165eb830925b,->,5ee5cae8-643a-4262-92ab-52232c3ec69d,org/bukkit/inventory/ItemStack.java,getType
5ee5cae8-643a-4262-92ab-52232c3ec69d,52ad6902-4a93-4b34-a2ac-fc087fe174cc,9c1eb853-ffd7-4732-8ecb-165eb830925b,->,5ee5cae8-643a-4262-92ab-52232c3ec69d,org/bukkit/Material.java,name
5ee5cae8-643a-4262-92ab-52232c3ec69d,52ad6902-4a93-4b34-a2ac-fc087fe174cc,9c1eb853-ffd7-4732-8ecb-165eb830925b,->,5ee5cae8-643a-4262-92ab-52232c3ec69d,java/lang/StringBuilder.java,append
5ee5cae8-643a-4262-92ab-52232c3ec69d,52ad6902-4a93-4b34-a2ac-fc087fe174cc,9c1eb853-ffd7-4732-8ecb-165eb830925b,->,5ee5cae8-643a-4262-92ab-52232c3ec69d,java/lang/StringBuilder.java,append
5ee5cae8-643a-4262-92ab-52232c3ec69d,52ad6902-4a93-4b34-a2ac-fc087fe174cc,9c1eb853-ffd7-4732-8ecb-165eb830925b,->,5ee5cae8-643a-4262-92ab-52232c3ec69d,java/lang/StringBuilder.java,append
5ee5cae8-643a-4262-92ab-52232c3ec69d,52ad6902-4a93-4b34-a2ac-fc087fe174cc,9c1eb853-ffd7-4732-8ecb-165eb830925b,->,5ee5cae8-643a-4262-92ab-52232c3ec69d,java/lang/StringBuilder.java,toString
5ee5cae8-643a-4262-92ab-52232c3ec69d,52ad6902-4a93-4b34-a2ac-fc087fe174cc,9c1eb853-ffd7-4732-8ecb-165eb830925b,->,5ee5cae8-643a-4262-92ab-52232c3ec69d,java/lang/StringBuilder.java,append
5ee5cae8-643a-4262-92ab-52232c3ec69d,52ad6902-4a93-4b34-a2ac-fc087fe174cc,9c1eb853-ffd7-4732-8ecb-165eb830925b,->,5ee5cae8-643a-4262-92ab-52232c3ec69d,java/lang/StringBuilder.java,append
5ee5cae8-643a-4262-92ab-52232c3ec69d,52ad6902-4a93-4b34-a2ac-fc087fe174cc,9c1eb853-ffd7-4732-8ecb-165eb830925b,->,5ee5cae8-643a-4262-92ab-52232c3ec69d,java/lang/StringBuilder.java,toString
5ee5cae8-643a-4262-92ab-52232c3ec69d,52ad6902-4a93-4b34-a2ac-fc087fe174cc,9c1eb853-ffd7-4732-8ecb-165eb830925b,->,5ee5cae8-643a-4262-92ab-52232c3ec69d,org/bukkit/inventory/ItemStack.java,getAmount
5ee5cae8-643a-4262-92ab-52232c3ec69d,52ad6902-4a93-4b34-a2ac-fc087fe174cc,9c1eb853-ffd7-4732-8ecb-165eb830925b,->,5ee5cae8-643a-4262-92ab-52232c3ec69d,java/lang/Integer.java,valueOf
5ee5cae8-643a-4262-92ab-52232c3ec69d,52ad6902-4a93-4b34-a2ac-fc087fe174cc,9c1eb853-ffd7-4732-8ecb-165eb830925b,->,5ee5cae8-643a-4262-92ab-52232c3ec69d,org/bukkit/configuration/file/YamlConfiguration.java,set
5ee5cae8-643a-4262-92ab-52232c3ec69d,52ad6902-4a93-4b34-a2ac-fc087fe174cc,9c1eb853-ffd7-4732-8ecb-165eb830925b,->,5ee5cae8-643a-4262-92ab-52232c3ec69d,java/lang/StringBuilder.java,append
5ee5cae8-643a-4262-92ab-52232c3ec69d,52ad6902-4a93-4b34-a2ac-fc087fe174cc,9c1eb853-ffd7-4732-8ecb-165eb830925b,->,5ee5cae8-643a-4262-92ab-52232c3ec69d,java/lang/StringBuilder.java,append
5ee5cae8-643a-4262-92ab-52232c3ec69d,52ad6902-4a93-4b34-a2ac-fc087fe174cc,9c1eb853-ffd7-4732-8ecb-165eb830925b,->,5ee5cae8-643a-4262-92ab-52232c3ec69d,java/lang/StringBuilder.java,toString
5ee5cae8-643a-4262-92ab-52232c3ec69d,52ad6902-4a93-4b34-a2ac-fc087fe174cc,9c1eb853-ffd7-4732-8ecb-165eb830925b,->,5ee5cae8-643a-4262-92ab-52232c3ec69d,org/bukkit/inventory/ItemStack.java,getDurability
5ee5cae8-643a-4262-92ab-52232c3ec69d,52ad6902-4a93-4b34-a2ac-fc087fe174cc,9c1eb853-ffd7-4732-8ecb-165eb830925b,->,5ee5cae8-643a-4262-92ab-52232c3ec69d,java/lang/Short.java,valueOf
5ee5cae8-643a-4262-92ab-52232c3ec69d,52ad6902-4a93-4b34-a2ac-fc087fe174cc,9c1eb853-ffd7-4732-8ecb-165eb830925b,->,5ee5cae8-643a-4262-92ab-52232c3ec69d,org/bukkit/configuration/file/YamlConfiguration.java,set
5ee5cae8-643a-4262-92ab-52232c3ec69d,52ad6902-4a93-4b34-a2ac-fc087fe174cc,9c1eb853-ffd7-4732-8ecb-165eb830925b,->,5ee5cae8-643a-4262-92ab-52232c3ec69d,org/bukkit/inventory/ItemStack.java,getEnchantments
5ee5cae8-643a-4262-92ab-52232c3ec69d,52ad6902-4a93-4b34-a2ac-fc087fe174cc,9c1eb853-ffd7-4732-8ecb-165eb830925b,->,5ee5cae8-643a-4262-92ab-52232c3ec69d,java/util/Map.java,keySet
5ee5cae8-643a-4262-92ab-52232c3ec69d,52ad6902-4a93-4b34-a2ac-fc087fe174cc,9c1eb853-ffd7-4732-8ecb-165eb830925b,->,5ee5cae8-643a-4262-92ab-52232c3ec69d,java/util/Set.java,iterator
5ee5cae8-643a-4262-92ab-52232c3ec69d,52ad6902-4a93-4b34-a2ac-fc087fe174cc,9c1eb853-ffd7-4732-8ecb-165eb830925b,->,5ee5cae8-643a-4262-92ab-52232c3ec69d,java/util/Iterator.java,hasNext
5ee5cae8-643a-4262-92ab-52232c3ec69d,52ad6902-4a93-4b34-a2ac-fc087fe174cc,9c1eb853-ffd7-4732-8ecb-165eb830925b,->,5ee5cae8-643a-4262-92ab-52232c3ec69d,java/util/Iterator.java,next
5ee5cae8-643a-4262-92ab-52232c3ec69d,52ad6902-4a93-4b34-a2ac-fc087fe174cc,9c1eb853-ffd7-4732-8ecb-165eb830925b,->,5ee5cae8-643a-4262-92ab-52232c3ec69d,org/bukkit/inventory/ItemStack.java,getEnchantments
5ee5cae8-643a-4262-92ab-52232c3ec69d,52ad6902-4a93-4b34-a2ac-fc087fe174cc,9c1eb853-ffd7-4732-8ecb-165eb830925b,->,5ee5cae8-643a-4262-92ab-52232c3ec69d,java/util/Map.java,get
5ee5cae8-643a-4262-92ab-52232c3ec69d,52ad6902-4a93-4b34-a2ac-fc087fe174cc,9c1eb853-ffd7-4732-8ecb-165eb830925b,->,5ee5cae8-643a-4262-92ab-52232c3ec69d,java/lang/Integer.java,intValue
5ee5cae8-643a-4262-92ab-52232c3ec69d,52ad6902-4a93-4b34-a2ac-fc087fe174cc,9c1eb853-ffd7-4732-8ecb-165eb830925b,->,5ee5cae8-643a-4262-92ab-52232c3ec69d,java/lang/StringBuilder.java,append
5ee5cae8-643a-4262-92ab-52232c3ec69d,52ad6902-4a93-4b34-a2ac-fc087fe174cc,9c1eb853-ffd7-4732-8ecb-165eb830925b,->,5ee5cae8-643a-4262-92ab-52232c3ec69d,java/lang/StringBuilder.java,append
5ee5cae8-643a-4262-92ab-52232c3ec69d,52ad6902-4a93-4b34-a2ac-fc087fe174cc,9c1eb853-ffd7-4732-8ecb-165eb830925b,->,5ee5cae8-643a-4262-92ab-52232c3ec69d,org/bukkit/enchantments/Enchantment.java,getId
5ee5cae8-643a-4262-92ab-52232c3ec69d,52ad6902-4a93-4b34-a2ac-fc087fe174cc,9c1eb853-ffd7-4732-8ecb-165eb830925b,->,5ee5cae8-643a-4262-92ab-52232c3ec69d,java/lang/StringBuilder.java,append
5ee5cae8-643a-4262-92ab-52232c3ec69d,52ad6902-4a93-4b34-a2ac-fc087fe174cc,9c1eb853-ffd7-4732-8ecb-165eb830925b,->,5ee5cae8-643a-4262-92ab-52232c3ec69d,java/lang/StringBuilder.java,toString
5ee5cae8-643a-4262-92ab-52232c3ec69d,52ad6902-4a93-4b34-a2ac-fc087fe174cc,9c1eb853-ffd7-4732-8ecb-165eb830925b,->,5ee5cae8-643a-4262-92ab-52232c3ec69d,java/lang/Integer.java,valueOf
5ee5cae8-643a-4262-92ab-52232c3ec69d,52ad6902-4a93-4b34-a2ac-fc087fe174cc,9c1eb853-ffd7-4732-8ecb-165eb830925b,->,5ee5cae8-643a-4262-92ab-52232c3ec69d,org/bukkit/configuration/file/YamlConfiguration.java,set
5ee5cae8-643a-4262-92ab-52232c3ec69d,52ad6902-4a93-4b34-a2ac-fc087fe174cc,9c1eb853-ffd7-4732-8ecb-165eb830925b,->,5ee5cae8-643a-4262-92ab-52232c3ec69d,1f4dd95c-5f56-4a02-8e62-7a399a8fe84c,3a2e5635-c307-4c9f-8e84-c9c95c60557b
5ee5cae8-643a-4262-92ab-52232c3ec69d,52ad6902-4a93-4b34-a2ac-fc087fe174cc,9c1eb853-ffd7-4732-8ecb-165eb830925b,->,5ee5cae8-643a-4262-92ab-52232c3ec69d,1f4dd95c-5f56-4a02-8e62-7a399a8fe84c,3a2e5635-c307-4c9f-8e84-c9c95c60557b
5ee5cae8-643a-4262-92ab-52232c3ec69d,52ad6902-4a93-4b34-a2ac-fc087fe174cc,9c1eb853-ffd7-4732-8ecb-165eb830925b,->,5ee5cae8-643a-4262-92ab-52232c3ec69d,java/lang/StringBuilder.java,append
5ee5cae8-643a-4262-92ab-52232c3ec69d,52ad6902-4a93-4b34-a2ac-fc087fe174cc,9c1eb853-ffd7-4732-8ecb-165eb830925b,->,5ee5cae8-643a-4262-92ab-52232c3ec69d,org/bukkit/inventory/ItemStack.java,getType
5ee5cae8-643a-4262-92ab-52232c3ec69d,52ad6902-4a93-4b34-a2ac-fc087fe174cc,9c1eb853-ffd7-4732-8ecb-165eb830925b,->,5ee5cae8-643a-4262-92ab-52232c3ec69d,org/bukkit/Material.java,name
5ee5cae8-643a-4262-92ab-52232c3ec69d,52ad6902-4a93-4b34-a2ac-fc087fe174cc,9c1eb853-ffd7-4732-8ecb-165eb830925b,->,5ee5cae8-643a-4262-92ab-52232c3ec69d,java/lang/StringBuilder.java,append
5ee5cae8-643a-4262-92ab-52232c3ec69d,52ad6902-4a93-4b34-a2ac-fc087fe174cc,9c1eb853-ffd7-4732-8ecb-165eb830925b,->,5ee5cae8-643a-4262-92ab-52232c3ec69d,java/lang/StringBuilder.java,toString
5ee5cae8-643a-4262-92ab-52232c3ec69d,52ad6902-4a93-4b34-a2ac-fc087fe174cc,9c1eb853-ffd7-4732-8ecb-165eb830925b,->,5ee5cae8-643a-4262-92ab-52232c3ec69d,java/lang/StringBuilder.java,append
5ee5cae8-643a-4262-92ab-52232c3ec69d,52ad6902-4a93-4b34-a2ac-fc087fe174cc,9c1eb853-ffd7-4732-8ecb-165eb830925b,->,5ee5cae8-643a-4262-92ab-52232c3ec69d,java/lang/StringBuilder.java,append
5ee5cae8-643a-4262-92ab-52232c3ec69d,52ad6902-4a93-4b34-a2ac-fc087fe174cc,9c1eb853-ffd7-4732-8ecb-165eb830925b,->,5ee5cae8-643a-4262-92ab-52232c3ec69d,java/lang/StringBuilder.java,toString
5ee5cae8-643a-4262-92ab-52232c3ec69d,52ad6902-4a93-4b34-a2ac-fc087fe174cc,9c1eb853-ffd7-4732-8ecb-165eb830925b,->,5ee5cae8-643a-4262-92ab-52232c3ec69d,org/bukkit/inventory/ItemStack.java,getAmount
5ee5cae8-643a-4262-92ab-52232c3ec69d,52ad6902-4a93-4b34-a2ac-fc087fe174cc,9c1eb853-ffd7-4732-8ecb-165eb830925b,->,5ee5cae8-643a-4262-92ab-52232c3ec69d,java/lang/Integer.java,valueOf
5ee5cae8-643a-4262-92ab-52232c3ec69d,52ad6902-4a93-4b34-a2ac-fc087fe174cc,9c1eb853-ffd7-4732-8ecb-165eb830925b,->,5ee5cae8-643a-4262-92ab-52232c3ec69d,org/bukkit/configuration/file/YamlConfiguration.java,set
5ee5cae8-643a-4262-92ab-52232c3ec69d,52ad6902-4a93-4b34-a2ac-fc087fe174cc,9c1eb853-ffd7-4732-8ecb-165eb830925b,->,5ee5cae8-643a-4262-92ab-52232c3ec69d,java/lang/StringBuilder.java,append
5ee5cae8-643a-4262-92ab-52232c3ec69d,52ad6902-4a93-4b34-a2ac-fc087fe174cc,9c1eb853-ffd7-4732-8ecb-165eb830925b,->,5ee5cae8-643a-4262-92ab-52232c3ec69d,java/lang/StringBuilder.java,append
5ee5cae8-643a-4262-92ab-52232c3ec69d,52ad6902-4a93-4b34-a2ac-fc087fe174cc,9c1eb853-ffd7-4732-8ecb-165eb830925b,->,5ee5cae8-643a-4262-92ab-52232c3ec69d,java/lang/StringBuilder.java,toString
5ee5cae8-643a-4262-92ab-52232c3ec69d,52ad6902-4a93-4b34-a2ac-fc087fe174cc,9c1eb853-ffd7-4732-8ecb-165eb830925b,->,5ee5cae8-643a-4262-92ab-52232c3ec69d,org/bukkit/inventory/ItemStack.java,getDurability
5ee5cae8-643a-4262-92ab-52232c3ec69d,52ad6902-4a93-4b34-a2ac-fc087fe174cc,9c1eb853-ffd7-4732-8ecb-165eb830925b,->,5ee5cae8-643a-4262-92ab-52232c3ec69d,java/lang/Short.java,valueOf
5ee5cae8-643a-4262-92ab-52232c3ec69d,52ad6902-4a93-4b34-a2ac-fc087fe174cc,9c1eb853-ffd7-4732-8ecb-165eb830925b,->,5ee5cae8-643a-4262-92ab-52232c3ec69d,org/bukkit/configuration/file/YamlConfiguration.java,set
5ee5cae8-643a-4262-92ab-52232c3ec69d,52ad6902-4a93-4b34-a2ac-fc087fe174cc,9c1eb853-ffd7-4732-8ecb-165eb830925b,->,5ee5cae8-643a-4262-92ab-52232c3ec69d,org/bukkit/inventory/ItemStack.java,getEnchantments
5ee5cae8-643a-4262-92ab-52232c3ec69d,52ad6902-4a93-4b34-a2ac-fc087fe174cc,9c1eb853-ffd7-4732-8ecb-165eb830925b,->,5ee5cae8-643a-4262-92ab-52232c3ec69d,java/util/Map.java,keySet
5ee5cae8-643a-4262-92ab-52232c3ec69d,52ad6902-4a93-4b34-a2ac-fc087fe174cc,9c1eb853-ffd7-4732-8ecb-165eb830925b,->,5ee5cae8-643a-4262-92ab-52232c3ec69d,java/util/Set.java,iterator
5ee5cae8-643a-4262-92ab-52232c3ec69d,52ad6902-4a93-4b34-a2ac-fc087fe174cc,9c1eb853-ffd7-4732-8ecb-165eb830925b,->,5ee5cae8-643a-4262-92ab-52232c3ec69d,java/util/Iterator.java,hasNext
5ee5cae8-643a-4262-92ab-52232c3ec69d,52ad6902-4a93-4b34-a2ac-fc087fe174cc,9c1eb853-ffd7-4732-8ecb-165eb830925b,->,5ee5cae8-643a-4262-92ab-52232c3ec69d,java/util/Iterator.java,next
5ee5cae8-643a-4262-92ab-52232c3ec69d,52ad6902-4a93-4b34-a2ac-fc087fe174cc,9c1eb853-ffd7-4732-8ecb-165eb830925b,->,5ee5cae8-643a-4262-92ab-52232c3ec69d,org/bukkit/inventory/ItemStack.java,getEnchantments
5ee5cae8-643a-4262-92ab-52232c3ec69d,52ad6902-4a93-4b34-a2ac-fc087fe174cc,9c1eb853-ffd7-4732-8ecb-165eb830925b,->,5ee5cae8-643a-4262-92ab-52232c3ec69d,java/util/Map.java,get
5ee5cae8-643a-4262-92ab-52232c3ec69d,52ad6902-4a93-4b34-a2ac-fc087fe174cc,9c1eb853-ffd7-4732-8ecb-165eb830925b,->,5ee5cae8-643a-4262-92ab-52232c3ec69d,java/lang/Integer.java,intValue
5ee5cae8-643a-4262-92ab-52232c3ec69d,52ad6902-4a93-4b34-a2ac-fc087fe174cc,9c1eb853-ffd7-4732-8ecb-165eb830925b,->,5ee5cae8-643a-4262-92ab-52232c3ec69d,java/lang/StringBuilder.java,append
5ee5cae8-643a-4262-92ab-52232c3ec69d,52ad6902-4a93-4b34-a2ac-fc087fe174cc,9c1eb853-ffd7-4732-8ecb-165eb830925b,->,5ee5cae8-643a-4262-92ab-52232c3ec69d,java/lang/StringBuilder.java,append
5ee5cae8-643a-4262-92ab-52232c3ec69d,52ad6902-4a93-4b34-a2ac-fc087fe174cc,9c1eb853-ffd7-4732-8ecb-165eb830925b,->,5ee5cae8-643a-4262-92ab-52232c3ec69d,org/bukkit/enchantments/Enchantment.java,getId
5ee5cae8-643a-4262-92ab-52232c3ec69d,52ad6902-4a93-4b34-a2ac-fc087fe174cc,9c1eb853-ffd7-4732-8ecb-165eb830925b,->,5ee5cae8-643a-4262-92ab-52232c3ec69d,java/lang/StringBuilder.java,append
5ee5cae8-643a-4262-92ab-52232c3ec69d,52ad6902-4a93-4b34-a2ac-fc087fe174cc,9c1eb853-ffd7-4732-8ecb-165eb830925b,->,5ee5cae8-643a-4262-92ab-52232c3ec69d,java/lang/StringBuilder.java,toString
5ee5cae8-643a-4262-92ab-52232c3ec69d,52ad6902-4a93-4b34-a2ac-fc087fe174cc,9c1eb853-ffd7-4732-8ecb-165eb830925b,->,5ee5cae8-643a-4262-92ab-52232c3ec69d,java/lang/Integer.java,valueOf
5ee5cae8-643a-4262-92ab-52232c3ec69d,52ad6902-4a93-4b34-a2ac-fc087fe174cc,9c1eb853-ffd7-4732-8ecb-165eb830925b,->,5ee5cae8-643a-4262-92ab-52232c3ec69d,org/bukkit/configuration/file/YamlConfiguration.java,set
5ee5cae8-643a-4262-92ab-52232c3ec69d,52ad6902-4a93-4b34-a2ac-fc087fe174cc,9c1eb853-ffd7-4732-8ecb-165eb830925b,->,5ee5cae8-643a-4262-92ab-52232c3ec69d,1f4dd95c-5f56-4a02-8e62-7a399a8fe84c,70bea515-50b1-40e0-95e5-84d7163d06a5
5ee5cae8-643a-4262-92ab-52232c3ec69d,52ad6902-4a93-4b34-a2ac-fc087fe174cc,9c1eb853-ffd7-4732-8ecb-165eb830925b,->,5ee5cae8-643a-4262-92ab-52232c3ec69d,1f4dd95c-5f56-4a02-8e62-7a399a8fe84c,70bea515-50b1-40e0-95e5-84d7163d06a5
5ee5cae8-643a-4262-92ab-52232c3ec69d,52ad6902-4a93-4b34-a2ac-fc087fe174cc,9c1eb853-ffd7-4732-8ecb-165eb830925b,->,5ee5cae8-643a-4262-92ab-52232c3ec69d,java/lang/StringBuilder.java,append
5ee5cae8-643a-4262-92ab-52232c3ec69d,52ad6902-4a93-4b34-a2ac-fc087fe174cc,9c1eb853-ffd7-4732-8ecb-165eb830925b,->,5ee5cae8-643a-4262-92ab-52232c3ec69d,org/bukkit/inventory/ItemStack.java,getType
5ee5cae8-643a-4262-92ab-52232c3ec69d,52ad6902-4a93-4b34-a2ac-fc087fe174cc,9c1eb853-ffd7-4732-8ecb-165eb830925b,->,5ee5cae8-643a-4262-92ab-52232c3ec69d,org/bukkit/Material.java,name
5ee5cae8-643a-4262-92ab-52232c3ec69d,52ad6902-4a93-4b34-a2ac-fc087fe174cc,9c1eb853-ffd7-4732-8ecb-165eb830925b,->,5ee5cae8-643a-4262-92ab-52232c3ec69d,java/lang/StringBuilder.java,append
5ee5cae8-643a-4262-92ab-52232c3ec69d,52ad6902-4a93-4b34-a2ac-fc087fe174cc,9c1eb853-ffd7-4732-8ecb-165eb830925b,->,5ee5cae8-643a-4262-92ab-52232c3ec69d,java/lang/StringBuilder.java,toString
5ee5cae8-643a-4262-92ab-52232c3ec69d,52ad6902-4a93-4b34-a2ac-fc087fe174cc,9c1eb853-ffd7-4732-8ecb-165eb830925b,->,5ee5cae8-643a-4262-92ab-52232c3ec69d,java/lang/StringBuilder.java,append
5ee5cae8-643a-4262-92ab-52232c3ec69d,52ad6902-4a93-4b34-a2ac-fc087fe174cc,9c1eb853-ffd7-4732-8ecb-165eb830925b,->,5ee5cae8-643a-4262-92ab-52232c3ec69d,java/lang/StringBuilder.java,append
5ee5cae8-643a-4262-92ab-52232c3ec69d,52ad6902-4a93-4b34-a2ac-fc087fe174cc,9c1eb853-ffd7-4732-8ecb-165eb830925b,->,5ee5cae8-643a-4262-92ab-52232c3ec69d,java/lang/StringBuilder.java,toString
5ee5cae8-643a-4262-92ab-52232c3ec69d,52ad6902-4a93-4b34-a2ac-fc087fe174cc,9c1eb853-ffd7-4732-8ecb-165eb830925b,->,5ee5cae8-643a-4262-92ab-52232c3ec69d,org/bukkit/inventory/ItemStack.java,getAmount
5ee5cae8-643a-4262-92ab-52232c3ec69d,52ad6902-4a93-4b34-a2ac-fc087fe174cc,9c1eb853-ffd7-4732-8ecb-165eb830925b,->,5ee5cae8-643a-4262-92ab-52232c3ec69d,java/lang/Integer.java,valueOf
5ee5cae8-643a-4262-92ab-52232c3ec69d,52ad6902-4a93-4b34-a2ac-fc087fe174cc,9c1eb853-ffd7-4732-8ecb-165eb830925b,->,5ee5cae8-643a-4262-92ab-52232c3ec69d,org/bukkit/configuration/file/YamlConfiguration.java,set
5ee5cae8-643a-4262-92ab-52232c3ec69d,52ad6902-4a93-4b34-a2ac-fc087fe174cc,9c1eb853-ffd7-4732-8ecb-165eb830925b,->,5ee5cae8-643a-4262-92ab-52232c3ec69d,java/lang/StringBuilder.java,append
5ee5cae8-643a-4262-92ab-52232c3ec69d,52ad6902-4a93-4b34-a2ac-fc087fe174cc,9c1eb853-ffd7-4732-8ecb-165eb830925b,->,5ee5cae8-643a-4262-92ab-52232c3ec69d,java/lang/StringBuilder.java,append
5ee5cae8-643a-4262-92ab-52232c3ec69d,52ad6902-4a93-4b34-a2ac-fc087fe174cc,9c1eb853-ffd7-4732-8ecb-165eb830925b,->,5ee5cae8-643a-4262-92ab-52232c3ec69d,java/lang/StringBuilder.java,toString
5ee5cae8-643a-4262-92ab-52232c3ec69d,52ad6902-4a93-4b34-a2ac-fc087fe174cc,9c1eb853-ffd7-4732-8ecb-165eb830925b,->,5ee5cae8-643a-4262-92ab-52232c3ec69d,org/bukkit/inventory/ItemStack.java,getDurability
5ee5cae8-643a-4262-92ab-52232c3ec69d,52ad6902-4a93-4b34-a2ac-fc087fe174cc,9c1eb853-ffd7-4732-8ecb-165eb830925b,->,5ee5cae8-643a-4262-92ab-52232c3ec69d,java/lang/Short.java,valueOf
5ee5cae8-643a-4262-92ab-52232c3ec69d,52ad6902-4a93-4b34-a2ac-fc087fe174cc,9c1eb853-ffd7-4732-8ecb-165eb830925b,->,5ee5cae8-643a-4262-92ab-52232c3ec69d,org/bukkit/configuration/file/YamlConfiguration.java,set
5ee5cae8-643a-4262-92ab-52232c3ec69d,52ad6902-4a93-4b34-a2ac-fc087fe174cc,9c1eb853-ffd7-4732-8ecb-165eb830925b,->,5ee5cae8-643a-4262-92ab-52232c3ec69d,org/bukkit/inventory/ItemStack.java,getEnchantments
5ee5cae8-643a-4262-92ab-52232c3ec69d,52ad6902-4a93-4b34-a2ac-fc087fe174cc,9c1eb853-ffd7-4732-8ecb-165eb830925b,->,5ee5cae8-643a-4262-92ab-52232c3ec69d,java/util/Map.java,keySet
5ee5cae8-643a-4262-92ab-52232c3ec69d,52ad6902-4a93-4b34-a2ac-fc087fe174cc,9c1eb853-ffd7-4732-8ecb-165eb830925b,->,5ee5cae8-643a-4262-92ab-52232c3ec69d,java/util/Set.java,iterator
5ee5cae8-643a-4262-92ab-52232c3ec69d,52ad6902-4a93-4b34-a2ac-fc087fe174cc,9c1eb853-ffd7-4732-8ecb-165eb830925b,->,5ee5cae8-643a-4262-92ab-52232c3ec69d,java/util/Iterator.java,hasNext
5ee5cae8-643a-4262-92ab-52232c3ec69d,52ad6902-4a93-4b34-a2ac-fc087fe174cc,9c1eb853-ffd7-4732-8ecb-165eb830925b,->,5ee5cae8-643a-4262-92ab-52232c3ec69d,java/util/Iterator.java,next
5ee5cae8-643a-4262-92ab-52232c3ec69d,52ad6902-4a93-4b34-a2ac-fc087fe174cc,9c1eb853-ffd7-4732-8ecb-165eb830925b,->,5ee5cae8-643a-4262-92ab-52232c3ec69d,org/bukkit/inventory/ItemStack.java,getEnchantments
5ee5cae8-643a-4262-92ab-52232c3ec69d,52ad6902-4a93-4b34-a2ac-fc087fe174cc,9c1eb853-ffd7-4732-8ecb-165eb830925b,->,5ee5cae8-643a-4262-92ab-52232c3ec69d,java/util/Map.java,get
5ee5cae8-643a-4262-92ab-52232c3ec69d,52ad6902-4a93-4b34-a2ac-fc087fe174cc,9c1eb853-ffd7-4732-8ecb-165eb830925b,->,5ee5cae8-643a-4262-92ab-52232c3ec69d,java/lang/Integer.java,intValue
5ee5cae8-643a-4262-92ab-52232c3ec69d,52ad6902-4a93-4b34-a2ac-fc087fe174cc,9c1eb853-ffd7-4732-8ecb-165eb830925b,->,5ee5cae8-643a-4262-92ab-52232c3ec69d,java/lang/StringBuilder.java,append
5ee5cae8-643a-4262-92ab-52232c3ec69d,52ad6902-4a93-4b34-a2ac-fc087fe174cc,9c1eb853-ffd7-4732-8ecb-165eb830925b,->,5ee5cae8-643a-4262-92ab-52232c3ec69d,java/lang/StringBuilder.java,append
5ee5cae8-643a-4262-92ab-52232c3ec69d,52ad6902-4a93-4b34-a2ac-fc087fe174cc,9c1eb853-ffd7-4732-8ecb-165eb830925b,->,5ee5cae8-643a-4262-92ab-52232c3ec69d,org/bukkit/enchantments/Enchantment.java,getId
5ee5cae8-643a-4262-92ab-52232c3ec69d,52ad6902-4a93-4b34-a2ac-fc087fe174cc,9c1eb853-ffd7-4732-8ecb-165eb830925b,->,5ee5cae8-643a-4262-92ab-52232c3ec69d,java/lang/StringBuilder.java,append
5ee5cae8-643a-4262-92ab-52232c3ec69d,52ad6902-4a93-4b34-a2ac-fc087fe174cc,9c1eb853-ffd7-4732-8ecb-165eb830925b,->,5ee5cae8-643a-4262-92ab-52232c3ec69d,java/lang/StringBuilder.java,toString
5ee5cae8-643a-4262-92ab-52232c3ec69d,52ad6902-4a93-4b34-a2ac-fc087fe174cc,9c1eb853-ffd7-4732-8ecb-165eb830925b,->,5ee5cae8-643a-4262-92ab-52232c3ec69d,java/lang/Integer.java,valueOf
5ee5cae8-643a-4262-92ab-52232c3ec69d,52ad6902-4a93-4b34-a2ac-fc087fe174cc,9c1eb853-ffd7-4732-8ecb-165eb830925b,->,5ee5cae8-643a-4262-92ab-52232c3ec69d,org/bukkit/configuration/file/YamlConfiguration.java,set
5ee5cae8-643a-4262-92ab-52232c3ec69d,52ad6902-4a93-4b34-a2ac-fc087fe174cc,9c1eb853-ffd7-4732-8ecb-165eb830925b,->,5ee5cae8-643a-4262-92ab-52232c3ec69d,1f4dd95c-5f56-4a02-8e62-7a399a8fe84c,e184edeb-c38d-4f49-8e4a-cb4ff211a65c
5ee5cae8-643a-4262-92ab-52232c3ec69d,52ad6902-4a93-4b34-a2ac-fc087fe174cc,9c1eb853-ffd7-4732-8ecb-165eb830925b,->,5ee5cae8-643a-4262-92ab-52232c3ec69d,1f4dd95c-5f56-4a02-8e62-7a399a8fe84c,e184edeb-c38d-4f49-8e4a-cb4ff211a65c
5ee5cae8-643a-4262-92ab-52232c3ec69d,52ad6902-4a93-4b34-a2ac-fc087fe174cc,9c1eb853-ffd7-4732-8ecb-165eb830925b,->,5ee5cae8-643a-4262-92ab-52232c3ec69d,java/lang/StringBuilder.java,append
5ee5cae8-643a-4262-92ab-52232c3ec69d,52ad6902-4a93-4b34-a2ac-fc087fe174cc,9c1eb853-ffd7-4732-8ecb-165eb830925b,->,5ee5cae8-643a-4262-92ab-52232c3ec69d,org/bukkit/inventory/ItemStack.java,getType
5ee5cae8-643a-4262-92ab-52232c3ec69d,52ad6902-4a93-4b34-a2ac-fc087fe174cc,9c1eb853-ffd7-4732-8ecb-165eb830925b,->,5ee5cae8-643a-4262-92ab-52232c3ec69d,org/bukkit/Material.java,name
5ee5cae8-643a-4262-92ab-52232c3ec69d,52ad6902-4a93-4b34-a2ac-fc087fe174cc,9c1eb853-ffd7-4732-8ecb-165eb830925b,->,5ee5cae8-643a-4262-92ab-52232c3ec69d,java/lang/StringBuilder.java,append
5ee5cae8-643a-4262-92ab-52232c3ec69d,52ad6902-4a93-4b34-a2ac-fc087fe174cc,9c1eb853-ffd7-4732-8ecb-165eb830925b,->,5ee5cae8-643a-4262-92ab-52232c3ec69d,java/lang/StringBuilder.java,toString
5ee5cae8-643a-4262-92ab-52232c3ec69d,52ad6902-4a93-4b34-a2ac-fc087fe174cc,9c1eb853-ffd7-4732-8ecb-165eb830925b,->,5ee5cae8-643a-4262-92ab-52232c3ec69d,java/lang/StringBuilder.java,append
5ee5cae8-643a-4262-92ab-52232c3ec69d,52ad6902-4a93-4b34-a2ac-fc087fe174cc,9c1eb853-ffd7-4732-8ecb-165eb830925b,->,5ee5cae8-643a-4262-92ab-52232c3ec69d,java/lang/StringBuilder.java,append
5ee5cae8-643a-4262-92ab-52232c3ec69d,52ad6902-4a93-4b34-a2ac-fc087fe174cc,9c1eb853-ffd7-4732-8ecb-165eb830925b,->,5ee5cae8-643a-4262-92ab-52232c3ec69d,java/lang/StringBuilder.java,toString
5ee5cae8-643a-4262-92ab-52232c3ec69d,52ad6902-4a93-4b34-a2ac-fc087fe174cc,9c1eb853-ffd7-4732-8ecb-165eb830925b,->,5ee5cae8-643a-4262-92ab-52232c3ec69d,org/bukkit/inventory/ItemStack.java,getAmount
5ee5cae8-643a-4262-92ab-52232c3ec69d,52ad6902-4a93-4b34-a2ac-fc087fe174cc,9c1eb853-ffd7-4732-8ecb-165eb830925b,->,5ee5cae8-643a-4262-92ab-52232c3ec69d,java/lang/Integer.java,valueOf
5ee5cae8-643a-4262-92ab-52232c3ec69d,52ad6902-4a93-4b34-a2ac-fc087fe174cc,9c1eb853-ffd7-4732-8ecb-165eb830925b,->,5ee5cae8-643a-4262-92ab-52232c3ec69d,org/bukkit/configuration/file/YamlConfiguration.java,set
5ee5cae8-643a-4262-92ab-52232c3ec69d,52ad6902-4a93-4b34-a2ac-fc087fe174cc,9c1eb853-ffd7-4732-8ecb-165eb830925b,->,5ee5cae8-643a-4262-92ab-52232c3ec69d,java/lang/StringBuilder.java,append
5ee5cae8-643a-4262-92ab-52232c3ec69d,52ad6902-4a93-4b34-a2ac-fc087fe174cc,9c1eb853-ffd7-4732-8ecb-165eb830925b,->,5ee5cae8-643a-4262-92ab-52232c3ec69d,java/lang/StringBuilder.java,append
5ee5cae8-643a-4262-92ab-52232c3ec69d,52ad6902-4a93-4b34-a2ac-fc087fe174cc,9c1eb853-ffd7-4732-8ecb-165eb830925b,->,5ee5cae8-643a-4262-92ab-52232c3ec69d,java/lang/StringBuilder.java,toString
5ee5cae8-643a-4262-92ab-52232c3ec69d,52ad6902-4a93-4b34-a2ac-fc087fe174cc,9c1eb853-ffd7-4732-8ecb-165eb830925b,->,5ee5cae8-643a-4262-92ab-52232c3ec69d,org/bukkit/inventory/ItemStack.java,getDurability
5ee5cae8-643a-4262-92ab-52232c3ec69d,52ad6902-4a93-4b34-a2ac-fc087fe174cc,9c1eb853-ffd7-4732-8ecb-165eb830925b,->,5ee5cae8-643a-4262-92ab-52232c3ec69d,java/lang/Short.java,valueOf
5ee5cae8-643a-4262-92ab-52232c3ec69d,52ad6902-4a93-4b34-a2ac-fc087fe174cc,9c1eb853-ffd7-4732-8ecb-165eb830925b,->,5ee5cae8-643a-4262-92ab-52232c3ec69d,org/bukkit/configuration/file/YamlConfiguration.java,set
5ee5cae8-643a-4262-92ab-52232c3ec69d,52ad6902-4a93-4b34-a2ac-fc087fe174cc,9c1eb853-ffd7-4732-8ecb-165eb830925b,->,5ee5cae8-643a-4262-92ab-52232c3ec69d,org/bukkit/inventory/ItemStack.java,getEnchantments
5ee5cae8-643a-4262-92ab-52232c3ec69d,52ad6902-4a93-4b34-a2ac-fc087fe174cc,9c1eb853-ffd7-4732-8ecb-165eb830925b,->,5ee5cae8-643a-4262-92ab-52232c3ec69d,java/util/Map.java,keySet
5ee5cae8-643a-4262-92ab-52232c3ec69d,52ad6902-4a93-4b34-a2ac-fc087fe174cc,9c1eb853-ffd7-4732-8ecb-165eb830925b,->,5ee5cae8-643a-4262-92ab-52232c3ec69d,java/util/Set.java,iterator
5ee5cae8-643a-4262-92ab-52232c3ec69d,52ad6902-4a93-4b34-a2ac-fc087fe174cc,9c1eb853-ffd7-4732-8ecb-165eb830925b,->,5ee5cae8-643a-4262-92ab-52232c3ec69d,java/util/Iterator.java,hasNext
5ee5cae8-643a-4262-92ab-52232c3ec69d,52ad6902-4a93-4b34-a2ac-fc087fe174cc,9c1eb853-ffd7-4732-8ecb-165eb830925b,->,5ee5cae8-643a-4262-92ab-52232c3ec69d,java/util/Iterator.java,next
5ee5cae8-643a-4262-92ab-52232c3ec69d,52ad6902-4a93-4b34-a2ac-fc087fe174cc,9c1eb853-ffd7-4732-8ecb-165eb830925b,->,5ee5cae8-643a-4262-92ab-52232c3ec69d,org/bukkit/inventory/ItemStack.java,getEnchantments
5ee5cae8-643a-4262-92ab-52232c3ec69d,52ad6902-4a93-4b34-a2ac-fc087fe174cc,9c1eb853-ffd7-4732-8ecb-165eb830925b,->,5ee5cae8-643a-4262-92ab-52232c3ec69d,java/util/Map.java,get
5ee5cae8-643a-4262-92ab-52232c3ec69d,52ad6902-4a93-4b34-a2ac-fc087fe174cc,9c1eb853-ffd7-4732-8ecb-165eb830925b,->,5ee5cae8-643a-4262-92ab-52232c3ec69d,java/lang/Integer.java,intValue
5ee5cae8-643a-4262-92ab-52232c3ec69d,52ad6902-4a93-4b34-a2ac-fc087fe174cc,9c1eb853-ffd7-4732-8ecb-165eb830925b,->,5ee5cae8-643a-4262-92ab-52232c3ec69d,java/lang/StringBuilder.java,append
5ee5cae8-643a-4262-92ab-52232c3ec69d,52ad6902-4a93-4b34-a2ac-fc087fe174cc,9c1eb853-ffd7-4732-8ecb-165eb830925b,->,5ee5cae8-643a-4262-92ab-52232c3ec69d,java/lang/StringBuilder.java,append
5ee5cae8-643a-4262-92ab-52232c3ec69d,52ad6902-4a93-4b34-a2ac-fc087fe174cc,9c1eb853-ffd7-4732-8ecb-165eb830925b,->,5ee5cae8-643a-4262-92ab-52232c3ec69d,org/bukkit/enchantments/Enchantment.java,getId
5ee5cae8-643a-4262-92ab-52232c3ec69d,52ad6902-4a93-4b34-a2ac-fc087fe174cc,9c1eb853-ffd7-4732-8ecb-165eb830925b,->,5ee5cae8-643a-4262-92ab-52232c3ec69d,java/lang/StringBuilder.java,append
5ee5cae8-643a-4262-92ab-52232c3ec69d,52ad6902-4a93-4b34-a2ac-fc087fe174cc,9c1eb853-ffd7-4732-8ecb-165eb830925b,->,5ee5cae8-643a-4262-92ab-52232c3ec69d,java/lang/StringBuilder.java,toString
5ee5cae8-643a-4262-92ab-52232c3ec69d,52ad6902-4a93-4b34-a2ac-fc087fe174cc,9c1eb853-ffd7-4732-8ecb-165eb830925b,->,5ee5cae8-643a-4262-92ab-52232c3ec69d,java/lang/Integer.java,valueOf
5ee5cae8-643a-4262-92ab-52232c3ec69d,52ad6902-4a93-4b34-a2ac-fc087fe174cc,9c1eb853-ffd7-4732-8ecb-165eb830925b,->,5ee5cae8-643a-4262-92ab-52232c3ec69d,org/bukkit/configuration/file/YamlConfiguration.java,set
5ee5cae8-643a-4262-92ab-52232c3ec69d,52ad6902-4a93-4b34-a2ac-fc087fe174cc,9c1eb853-ffd7-4732-8ecb-165eb830925b,->,5ee5cae8-643a-4262-92ab-52232c3ec69d,1f4dd95c-5f56-4a02-8e62-7a399a8fe84c,ff74d1dd-a4d6-48ba-ac19-6c37787c7670
5ee5cae8-643a-4262-92ab-52232c3ec69d,52ad6902-4a93-4b34-a2ac-fc087fe174cc,9c1eb853-ffd7-4732-8ecb-165eb830925b,->,5ee5cae8-643a-4262-92ab-52232c3ec69d,1f4dd95c-5f56-4a02-8e62-7a399a8fe84c,ff74d1dd-a4d6-48ba-ac19-6c37787c7670
5ee5cae8-643a-4262-92ab-52232c3ec69d,52ad6902-4a93-4b34-a2ac-fc087fe174cc,9c1eb853-ffd7-4732-8ecb-165eb830925b,->,5ee5cae8-643a-4262-92ab-52232c3ec69d,java/lang/StringBuilder.java,append
5ee5cae8-643a-4262-92ab-52232c3ec69d,52ad6902-4a93-4b34-a2ac-fc087fe174cc,9c1eb853-ffd7-4732-8ecb-165eb830925b,->,5ee5cae8-643a-4262-92ab-52232c3ec69d,org/bukkit/inventory/ItemStack.java,getType
5ee5cae8-643a-4262-92ab-52232c3ec69d,52ad6902-4a93-4b34-a2ac-fc087fe174cc,9c1eb853-ffd7-4732-8ecb-165eb830925b,->,5ee5cae8-643a-4262-92ab-52232c3ec69d,org/bukkit/Material.java,name
5ee5cae8-643a-4262-92ab-52232c3ec69d,52ad6902-4a93-4b34-a2ac-fc087fe174cc,9c1eb853-ffd7-4732-8ecb-165eb830925b,->,5ee5cae8-643a-4262-92ab-52232c3ec69d,java/lang/StringBuilder.java,append
5ee5cae8-643a-4262-92ab-52232c3ec69d,52ad6902-4a93-4b34-a2ac-fc087fe174cc,9c1eb853-ffd7-4732-8ecb-165eb830925b,->,5ee5cae8-643a-4262-92ab-52232c3ec69d,java/lang/StringBuilder.java,toString
5ee5cae8-643a-4262-92ab-52232c3ec69d,52ad6902-4a93-4b34-a2ac-fc087fe174cc,9c1eb853-ffd7-4732-8ecb-165eb830925b,->,5ee5cae8-643a-4262-92ab-52232c3ec69d,java/lang/StringBuilder.java,append
5ee5cae8-643a-4262-92ab-52232c3ec69d,52ad6902-4a93-4b34-a2ac-fc087fe174cc,9c1eb853-ffd7-4732-8ecb-165eb830925b,->,5ee5cae8-643a-4262-92ab-52232c3ec69d,java/lang/StringBuilder.java,append
5ee5cae8-643a-4262-92ab-52232c3ec69d,52ad6902-4a93-4b34-a2ac-fc087fe174cc,9c1eb853-ffd7-4732-8ecb-165eb830925b,->,5ee5cae8-643a-4262-92ab-52232c3ec69d,java/lang/StringBuilder.java,toString
5ee5cae8-643a-4262-92ab-52232c3ec69d,52ad6902-4a93-4b34-a2ac-fc087fe174cc,9c1eb853-ffd7-4732-8ecb-165eb830925b,->,5ee5cae8-643a-4262-92ab-52232c3ec69d,org/bukkit/inventory/ItemStack.java,getAmount
5ee5cae8-643a-4262-92ab-52232c3ec69d,52ad6902-4a93-4b34-a2ac-fc087fe174cc,9c1eb853-ffd7-4732-8ecb-165eb830925b,->,5ee5cae8-643a-4262-92ab-52232c3ec69d,java/lang/Integer.java,valueOf
5ee5cae8-643a-4262-92ab-52232c3ec69d,52ad6902-4a93-4b34-a2ac-fc087fe174cc,9c1eb853-ffd7-4732-8ecb-165eb830925b,->,5ee5cae8-643a-4262-92ab-52232c3ec69d,org/bukkit/configuration/file/YamlConfiguration.java,set
5ee5cae8-643a-4262-92ab-52232c3ec69d,52ad6902-4a93-4b34-a2ac-fc087fe174cc,9c1eb853-ffd7-4732-8ecb-165eb830925b,->,5ee5cae8-643a-4262-92ab-52232c3ec69d,java/lang/StringBuilder.java,append
5ee5cae8-643a-4262-92ab-52232c3ec69d,52ad6902-4a93-4b34-a2ac-fc087fe174cc,9c1eb853-ffd7-4732-8ecb-165eb830925b,->,5ee5cae8-643a-4262-92ab-52232c3ec69d,java/lang/StringBuilder.java,append
5ee5cae8-643a-4262-92ab-52232c3ec69d,52ad6902-4a93-4b34-a2ac-fc087fe174cc,9c1eb853-ffd7-4732-8ecb-165eb830925b,->,5ee5cae8-643a-4262-92ab-52232c3ec69d,java/lang/StringBuilder.java,toString
5ee5cae8-643a-4262-92ab-52232c3ec69d,52ad6902-4a93-4b34-a2ac-fc087fe174cc,9c1eb853-ffd7-4732-8ecb-165eb830925b,->,5ee5cae8-643a-4262-92ab-52232c3ec69d,org/bukkit/inventory/ItemStack.java,getDurability
5ee5cae8-643a-4262-92ab-52232c3ec69d,52ad6902-4a93-4b34-a2ac-fc087fe174cc,9c1eb853-ffd7-4732-8ecb-165eb830925b,->,5ee5cae8-643a-4262-92ab-52232c3ec69d,java/lang/Short.java,valueOf
5ee5cae8-643a-4262-92ab-52232c3ec69d,52ad6902-4a93-4b34-a2ac-fc087fe174cc,9c1eb853-ffd7-4732-8ecb-165eb830925b,->,5ee5cae8-643a-4262-92ab-52232c3ec69d,org/bukkit/configuration/file/YamlConfiguration.java,set
5ee5cae8-643a-4262-92ab-52232c3ec69d,52ad6902-4a93-4b34-a2ac-fc087fe174cc,9c1eb853-ffd7-4732-8ecb-165eb830925b,->,5ee5cae8-643a-4262-92ab-52232c3ec69d,org/bukkit/inventory/ItemStack.java,getEnchantments
5ee5cae8-643a-4262-92ab-52232c3ec69d,52ad6902-4a93-4b34-a2ac-fc087fe174cc,9c1eb853-ffd7-4732-8ecb-165eb830925b,->,5ee5cae8-643a-4262-92ab-52232c3ec69d,java/util/Map.java,keySet
5ee5cae8-643a-4262-92ab-52232c3ec69d,52ad6902-4a93-4b34-a2ac-fc087fe174cc,9c1eb853-ffd7-4732-8ecb-165eb830925b,->,5ee5cae8-643a-4262-92ab-52232c3ec69d,java/util/Set.java,iterator
5ee5cae8-643a-4262-92ab-52232c3ec69d,52ad6902-4a93-4b34-a2ac-fc087fe174cc,9c1eb853-ffd7-4732-8ecb-165eb830925b,->,5ee5cae8-643a-4262-92ab-52232c3ec69d,java/util/Iterator.java,hasNext
5ee5cae8-643a-4262-92ab-52232c3ec69d,52ad6902-4a93-4b34-a2ac-fc087fe174cc,9c1eb853-ffd7-4732-8ecb-165eb830925b,->,5ee5cae8-643a-4262-92ab-52232c3ec69d,java/util/Iterator.java,next
5ee5cae8-643a-4262-92ab-52232c3ec69d,52ad6902-4a93-4b34-a2ac-fc087fe174cc,9c1eb853-ffd7-4732-8ecb-165eb830925b,->,5ee5cae8-643a-4262-92ab-52232c3ec69d,org/bukkit/inventory/ItemStack.java,getEnchantments
5ee5cae8-643a-4262-92ab-52232c3ec69d,52ad6902-4a93-4b34-a2ac-fc087fe174cc,9c1eb853-ffd7-4732-8ecb-165eb830925b,->,5ee5cae8-643a-4262-92ab-52232c3ec69d,java/util/Map.java,get
5ee5cae8-643a-4262-92ab-52232c3ec69d,52ad6902-4a93-4b34-a2ac-fc087fe174cc,9c1eb853-ffd7-4732-8ecb-165eb830925b,->,5ee5cae8-643a-4262-92ab-52232c3ec69d,java/lang/Integer.java,intValue
5ee5cae8-643a-4262-92ab-52232c3ec69d,52ad6902-4a93-4b34-a2ac-fc087fe174cc,9c1eb853-ffd7-4732-8ecb-165eb830925b,->,5ee5cae8-643a-4262-92ab-52232c3ec69d,java/lang/StringBuilder.java,append
5ee5cae8-643a-4262-92ab-52232c3ec69d,52ad6902-4a93-4b34-a2ac-fc087fe174cc,9c1eb853-ffd7-4732-8ecb-165eb830925b,->,5ee5cae8-643a-4262-92ab-52232c3ec69d,java/lang/StringBuilder.java,append
5ee5cae8-643a-4262-92ab-52232c3ec69d,52ad6902-4a93-4b34-a2ac-fc087fe174cc,9c1eb853-ffd7-4732-8ecb-165eb830925b,->,5ee5cae8-643a-4262-92ab-52232c3ec69d,org/bukkit/enchantments/Enchantment.java,getId
5ee5cae8-643a-4262-92ab-52232c3ec69d,52ad6902-4a93-4b34-a2ac-fc087fe174cc,9c1eb853-ffd7-4732-8ecb-165eb830925b,->,5ee5cae8-643a-4262-92ab-52232c3ec69d,java/lang/StringBuilder.java,append
5ee5cae8-643a-4262-92ab-52232c3ec69d,52ad6902-4a93-4b34-a2ac-fc087fe174cc,9c1eb853-ffd7-4732-8ecb-165eb830925b,->,5ee5cae8-643a-4262-92ab-52232c3ec69d,java/lang/StringBuilder.java,toString
5ee5cae8-643a-4262-92ab-52232c3ec69d,52ad6902-4a93-4b34-a2ac-fc087fe174cc,9c1eb853-ffd7-4732-8ecb-165eb830925b,->,5ee5cae8-643a-4262-92ab-52232c3ec69d,java/lang/Integer.java,valueOf
5ee5cae8-643a-4262-92ab-52232c3ec69d,52ad6902-4a93-4b34-a2ac-fc087fe174cc,9c1eb853-ffd7-4732-8ecb-165eb830925b,->,5ee5cae8-643a-4262-92ab-52232c3ec69d,org/bukkit/configuration/file/YamlConfiguration.java,set
5ee5cae8-643a-4262-92ab-52232c3ec69d,52ad6902-4a93-4b34-a2ac-fc087fe174cc,9c1eb853-ffd7-4732-8ecb-165eb830925b,->,5ee5cae8-643a-4262-92ab-52232c3ec69d,org/bukkit/configuration/file/YamlConfiguration.java,save
5ee5cae8-643a-4262-92ab-52232c3ec69d,52ad6902-4a93-4b34-a2ac-fc087fe174cc,213ccf7f-747c-4c65-9884-f8075a412896,->,5ee5cae8-643a-4262-92ab-52232c3ec69d,52ad6902-4a93-4b34-a2ac-fc087fe174cc,d570e828-ee1d-4340-a275-94a04b55a360
5ee5cae8-643a-4262-92ab-52232c3ec69d,52ad6902-4a93-4b34-a2ac-fc087fe174cc,213ccf7f-747c-4c65-9884-f8075a412896,->,5ee5cae8-643a-4262-92ab-52232c3ec69d,java/lang/StringBuilder.java,append
5ee5cae8-643a-4262-92ab-52232c3ec69d,52ad6902-4a93-4b34-a2ac-fc087fe174cc,213ccf7f-747c-4c65-9884-f8075a412896,->,5ee5cae8-643a-4262-92ab-52232c3ec69d,java/lang/StringBuilder.java,append
5ee5cae8-643a-4262-92ab-52232c3ec69d,52ad6902-4a93-4b34-a2ac-fc087fe174cc,213ccf7f-747c-4c65-9884-f8075a412896,->,5ee5cae8-643a-4262-92ab-52232c3ec69d,java/lang/StringBuilder.java,append
5ee5cae8-643a-4262-92ab-52232c3ec69d,52ad6902-4a93-4b34-a2ac-fc087fe174cc,213ccf7f-747c-4c65-9884-f8075a412896,->,5ee5cae8-643a-4262-92ab-52232c3ec69d,java/lang/StringBuilder.java,append
5ee5cae8-643a-4262-92ab-52232c3ec69d,52ad6902-4a93-4b34-a2ac-fc087fe174cc,213ccf7f-747c-4c65-9884-f8075a412896,->,5ee5cae8-643a-4262-92ab-52232c3ec69d,java/lang/StringBuilder.java,toString
5ee5cae8-643a-4262-92ab-52232c3ec69d,52ad6902-4a93-4b34-a2ac-fc087fe174cc,213ccf7f-747c-4c65-9884-f8075a412896,->,5ee5cae8-643a-4262-92ab-52232c3ec69d,org/bukkit/configuration/file/YamlConfiguration.java,load
5ee5cae8-643a-4262-92ab-52232c3ec69d,52ad6902-4a93-4b34-a2ac-fc087fe174cc,213ccf7f-747c-4c65-9884-f8075a412896,->,5ee5cae8-643a-4262-92ab-52232c3ec69d,org/bukkit/entity/Player.java,getInventory
5ee5cae8-643a-4262-92ab-52232c3ec69d,52ad6902-4a93-4b34-a2ac-fc087fe174cc,213ccf7f-747c-4c65-9884-f8075a412896,->,5ee5cae8-643a-4262-92ab-52232c3ec69d,org/bukkit/inventory/PlayerInventory.java,clear
5ee5cae8-643a-4262-92ab-52232c3ec69d,52ad6902-4a93-4b34-a2ac-fc087fe174cc,213ccf7f-747c-4c65-9884-f8075a412896,->,5ee5cae8-643a-4262-92ab-52232c3ec69d,org/bukkit/configuration/file/YamlConfiguration.java,contains
5ee5cae8-643a-4262-92ab-52232c3ec69d,52ad6902-4a93-4b34-a2ac-fc087fe174cc,213ccf7f-747c-4c65-9884-f8075a412896,->,5ee5cae8-643a-4262-92ab-52232c3ec69d,org/bukkit/configuration/file/YamlConfiguration.java,getConfigurationSection
5ee5cae8-643a-4262-92ab-52232c3ec69d,52ad6902-4a93-4b34-a2ac-fc087fe174cc,213ccf7f-747c-4c65-9884-f8075a412896,->,5ee5cae8-643a-4262-92ab-52232c3ec69d,org/bukkit/configuration/ConfigurationSection.java,getKeys
5ee5cae8-643a-4262-92ab-52232c3ec69d,52ad6902-4a93-4b34-a2ac-fc087fe174cc,213ccf7f-747c-4c65-9884-f8075a412896,->,5ee5cae8-643a-4262-92ab-52232c3ec69d,java/util/Set.java,iterator
5ee5cae8-643a-4262-92ab-52232c3ec69d,52ad6902-4a93-4b34-a2ac-fc087fe174cc,213ccf7f-747c-4c65-9884-f8075a412896,->,5ee5cae8-643a-4262-92ab-52232c3ec69d,java/util/Iterator.java,hasNext
5ee5cae8-643a-4262-92ab-52232c3ec69d,52ad6902-4a93-4b34-a2ac-fc087fe174cc,213ccf7f-747c-4c65-9884-f8075a412896,->,5ee5cae8-643a-4262-92ab-52232c3ec69d,java/util/Iterator.java,next
5ee5cae8-643a-4262-92ab-52232c3ec69d,52ad6902-4a93-4b34-a2ac-fc087fe174cc,213ccf7f-747c-4c65-9884-f8075a412896,->,5ee5cae8-643a-4262-92ab-52232c3ec69d,java/lang/String.java,split
5ee5cae8-643a-4262-92ab-52232c3ec69d,52ad6902-4a93-4b34-a2ac-fc087fe174cc,213ccf7f-747c-4c65-9884-f8075a412896,->,5ee5cae8-643a-4262-92ab-52232c3ec69d,java/lang/StringBuilder.java,append
5ee5cae8-643a-4262-92ab-52232c3ec69d,52ad6902-4a93-4b34-a2ac-fc087fe174cc,213ccf7f-747c-4c65-9884-f8075a412896,->,5ee5cae8-643a-4262-92ab-52232c3ec69d,java/lang/StringBuilder.java,append
5ee5cae8-643a-4262-92ab-52232c3ec69d,52ad6902-4a93-4b34-a2ac-fc087fe174cc,213ccf7f-747c-4c65-9884-f8075a412896,->,5ee5cae8-643a-4262-92ab-52232c3ec69d,java/lang/StringBuilder.java,toString
5ee5cae8-643a-4262-92ab-52232c3ec69d,52ad6902-4a93-4b34-a2ac-fc087fe174cc,213ccf7f-747c-4c65-9884-f8075a412896,->,5ee5cae8-643a-4262-92ab-52232c3ec69d,java/lang/StringBuilder.java,append
5ee5cae8-643a-4262-92ab-52232c3ec69d,52ad6902-4a93-4b34-a2ac-fc087fe174cc,213ccf7f-747c-4c65-9884-f8075a412896,->,5ee5cae8-643a-4262-92ab-52232c3ec69d,java/lang/StringBuilder.java,append
5ee5cae8-643a-4262-92ab-52232c3ec69d,52ad6902-4a93-4b34-a2ac-fc087fe174cc,213ccf7f-747c-4c65-9884-f8075a412896,->,5ee5cae8-643a-4262-92ab-52232c3ec69d,java/lang/StringBuilder.java,toString
5ee5cae8-643a-4262-92ab-52232c3ec69d,52ad6902-4a93-4b34-a2ac-fc087fe174cc,213ccf7f-747c-4c65-9884-f8075a412896,->,5ee5cae8-643a-4262-92ab-52232c3ec69d,org/bukkit/configuration/file/YamlConfiguration.java,getInt
5ee5cae8-643a-4262-92ab-52232c3ec69d,52ad6902-4a93-4b34-a2ac-fc087fe174cc,213ccf7f-747c-4c65-9884-f8075a412896,->,5ee5cae8-643a-4262-92ab-52232c3ec69d,java/lang/StringBuilder.java,append
5ee5cae8-643a-4262-92ab-52232c3ec69d,52ad6902-4a93-4b34-a2ac-fc087fe174cc,213ccf7f-747c-4c65-9884-f8075a412896,->,5ee5cae8-643a-4262-92ab-52232c3ec69d,java/lang/StringBuilder.java,append
5ee5cae8-643a-4262-92ab-52232c3ec69d,52ad6902-4a93-4b34-a2ac-fc087fe174cc,213ccf7f-747c-4c65-9884-f8075a412896,->,5ee5cae8-643a-4262-92ab-52232c3ec69d,java/lang/StringBuilder.java,toString
5ee5cae8-643a-4262-92ab-52232c3ec69d,52ad6902-4a93-4b34-a2ac-fc087fe174cc,213ccf7f-747c-4c65-9884-f8075a412896,->,5ee5cae8-643a-4262-92ab-52232c3ec69d,org/bukkit/configuration/file/YamlConfiguration.java,getInt
5ee5cae8-643a-4262-92ab-52232c3ec69d,52ad6902-4a93-4b34-a2ac-fc087fe174cc,213ccf7f-747c-4c65-9884-f8075a412896,->,5ee5cae8-643a-4262-92ab-52232c3ec69d,org/bukkit/Material.java,getMaterial
5ee5cae8-643a-4262-92ab-52232c3ec69d,52ad6902-4a93-4b34-a2ac-fc087fe174cc,213ccf7f-747c-4c65-9884-f8075a412896,->,5ee5cae8-643a-4262-92ab-52232c3ec69d,java/lang/StringBuilder.java,append
5ee5cae8-643a-4262-92ab-52232c3ec69d,52ad6902-4a93-4b34-a2ac-fc087fe174cc,213ccf7f-747c-4c65-9884-f8075a412896,->,5ee5cae8-643a-4262-92ab-52232c3ec69d,java/lang/StringBuilder.java,append
5ee5cae8-643a-4262-92ab-52232c3ec69d,52ad6902-4a93-4b34-a2ac-fc087fe174cc,213ccf7f-747c-4c65-9884-f8075a412896,->,5ee5cae8-643a-4262-92ab-52232c3ec69d,java/lang/StringBuilder.java,toString
5ee5cae8-643a-4262-92ab-52232c3ec69d,52ad6902-4a93-4b34-a2ac-fc087fe174cc,213ccf7f-747c-4c65-9884-f8075a412896,->,5ee5cae8-643a-4262-92ab-52232c3ec69d,org/bukkit/configuration/file/YamlConfiguration.java,contains
5ee5cae8-643a-4262-92ab-52232c3ec69d,52ad6902-4a93-4b34-a2ac-fc087fe174cc,213ccf7f-747c-4c65-9884-f8075a412896,->,5ee5cae8-643a-4262-92ab-52232c3ec69d,java/lang/StringBuilder.java,append
5ee5cae8-643a-4262-92ab-52232c3ec69d,52ad6902-4a93-4b34-a2ac-fc087fe174cc,213ccf7f-747c-4c65-9884-f8075a412896,->,5ee5cae8-643a-4262-92ab-52232c3ec69d,java/lang/StringBuilder.java,append
5ee5cae8-643a-4262-92ab-52232c3ec69d,52ad6902-4a93-4b34-a2ac-fc087fe174cc,213ccf7f-747c-4c65-9884-f8075a412896,->,5ee5cae8-643a-4262-92ab-52232c3ec69d,java/lang/StringBuilder.java,toString
5ee5cae8-643a-4262-92ab-52232c3ec69d,52ad6902-4a93-4b34-a2ac-fc087fe174cc,213ccf7f-747c-4c65-9884-f8075a412896,->,5ee5cae8-643a-4262-92ab-52232c3ec69d,org/bukkit/configuration/file/YamlConfiguration.java,getConfigurationSection
5ee5cae8-643a-4262-92ab-52232c3ec69d,52ad6902-4a93-4b34-a2ac-fc087fe174cc,213ccf7f-747c-4c65-9884-f8075a412896,->,5ee5cae8-643a-4262-92ab-52232c3ec69d,org/bukkit/configuration/ConfigurationSection.java,getKeys
5ee5cae8-643a-4262-92ab-52232c3ec69d,52ad6902-4a93-4b34-a2ac-fc087fe174cc,213ccf7f-747c-4c65-9884-f8075a412896,->,5ee5cae8-643a-4262-92ab-52232c3ec69d,java/util/Set.java,iterator
5ee5cae8-643a-4262-92ab-52232c3ec69d,52ad6902-4a93-4b34-a2ac-fc087fe174cc,213ccf7f-747c-4c65-9884-f8075a412896,->,5ee5cae8-643a-4262-92ab-52232c3ec69d,java/util/Iterator.java,hasNext
5ee5cae8-643a-4262-92ab-52232c3ec69d,52ad6902-4a93-4b34-a2ac-fc087fe174cc,213ccf7f-747c-4c65-9884-f8075a412896,->,5ee5cae8-643a-4262-92ab-52232c3ec69d,java/util/Iterator.java,next
5ee5cae8-643a-4262-92ab-52232c3ec69d,52ad6902-4a93-4b34-a2ac-fc087fe174cc,213ccf7f-747c-4c65-9884-f8075a412896,->,5ee5cae8-643a-4262-92ab-52232c3ec69d,java/lang/Integer.java,parseInt
5ee5cae8-643a-4262-92ab-52232c3ec69d,52ad6902-4a93-4b34-a2ac-fc087fe174cc,213ccf7f-747c-4c65-9884-f8075a412896,->,5ee5cae8-643a-4262-92ab-52232c3ec69d,org/bukkit/enchantments/Enchantment.java,getById
5ee5cae8-643a-4262-92ab-52232c3ec69d,52ad6902-4a93-4b34-a2ac-fc087fe174cc,213ccf7f-747c-4c65-9884-f8075a412896,->,5ee5cae8-643a-4262-92ab-52232c3ec69d,java/lang/StringBuilder.java,append
5ee5cae8-643a-4262-92ab-52232c3ec69d,52ad6902-4a93-4b34-a2ac-fc087fe174cc,213ccf7f-747c-4c65-9884-f8075a412896,->,5ee5cae8-643a-4262-92ab-52232c3ec69d,java/lang/StringBuilder.java,append
5ee5cae8-643a-4262-92ab-52232c3ec69d,52ad6902-4a93-4b34-a2ac-fc087fe174cc,213ccf7f-747c-4c65-9884-f8075a412896,->,5ee5cae8-643a-4262-92ab-52232c3ec69d,java/lang/StringBuilder.java,append
5ee5cae8-643a-4262-92ab-52232c3ec69d,52ad6902-4a93-4b34-a2ac-fc087fe174cc,213ccf7f-747c-4c65-9884-f8075a412896,->,5ee5cae8-643a-4262-92ab-52232c3ec69d,java/lang/StringBuilder.java,toString
5ee5cae8-643a-4262-92ab-52232c3ec69d,52ad6902-4a93-4b34-a2ac-fc087fe174cc,213ccf7f-747c-4c65-9884-f8075a412896,->,5ee5cae8-643a-4262-92ab-52232c3ec69d,org/bukkit/configuration/file/YamlConfiguration.java,getInt
5ee5cae8-643a-4262-92ab-52232c3ec69d,52ad6902-4a93-4b34-a2ac-fc087fe174cc,213ccf7f-747c-4c65-9884-f8075a412896,->,5ee5cae8-643a-4262-92ab-52232c3ec69d,org/bukkit/inventory/ItemStack.java,addEnchantment
5ee5cae8-643a-4262-92ab-52232c3ec69d,52ad6902-4a93-4b34-a2ac-fc087fe174cc,213ccf7f-747c-4c65-9884-f8075a412896,->,5ee5cae8-643a-4262-92ab-52232c3ec69d,org/bukkit/inventory/PlayerInventory.java,addItem
5ee5cae8-643a-4262-92ab-52232c3ec69d,52ad6902-4a93-4b34-a2ac-fc087fe174cc,213ccf7f-747c-4c65-9884-f8075a412896,->,5ee5cae8-643a-4262-92ab-52232c3ec69d,org/bukkit/configuration/file/YamlConfiguration.java,contains
5ee5cae8-643a-4262-92ab-52232c3ec69d,52ad6902-4a93-4b34-a2ac-fc087fe174cc,213ccf7f-747c-4c65-9884-f8075a412896,->,5ee5cae8-643a-4262-92ab-52232c3ec69d,org/bukkit/configuration/file/YamlConfiguration.java,getConfigurationSection
5ee5cae8-643a-4262-92ab-52232c3ec69d,52ad6902-4a93-4b34-a2ac-fc087fe174cc,213ccf7f-747c-4c65-9884-f8075a412896,->,5ee5cae8-643a-4262-92ab-52232c3ec69d,org/bukkit/configuration/ConfigurationSection.java,getKeys
5ee5cae8-643a-4262-92ab-52232c3ec69d,52ad6902-4a93-4b34-a2ac-fc087fe174cc,213ccf7f-747c-4c65-9884-f8075a412896,->,5ee5cae8-643a-4262-92ab-52232c3ec69d,java/util/Set.java,iterator
5ee5cae8-643a-4262-92ab-52232c3ec69d,52ad6902-4a93-4b34-a2ac-fc087fe174cc,213ccf7f-747c-4c65-9884-f8075a412896,->,5ee5cae8-643a-4262-92ab-52232c3ec69d,java/util/Iterator.java,hasNext
5ee5cae8-643a-4262-92ab-52232c3ec69d,52ad6902-4a93-4b34-a2ac-fc087fe174cc,213ccf7f-747c-4c65-9884-f8075a412896,->,5ee5cae8-643a-4262-92ab-52232c3ec69d,java/util/Iterator.java,next
5ee5cae8-643a-4262-92ab-52232c3ec69d,52ad6902-4a93-4b34-a2ac-fc087fe174cc,213ccf7f-747c-4c65-9884-f8075a412896,->,5ee5cae8-643a-4262-92ab-52232c3ec69d,java/lang/StringBuilder.java,append
5ee5cae8-643a-4262-92ab-52232c3ec69d,52ad6902-4a93-4b34-a2ac-fc087fe174cc,213ccf7f-747c-4c65-9884-f8075a412896,->,5ee5cae8-643a-4262-92ab-52232c3ec69d,java/lang/StringBuilder.java,append
5ee5cae8-643a-4262-92ab-52232c3ec69d,52ad6902-4a93-4b34-a2ac-fc087fe174cc,213ccf7f-747c-4c65-9884-f8075a412896,->,5ee5cae8-643a-4262-92ab-52232c3ec69d,java/lang/StringBuilder.java,toString
5ee5cae8-643a-4262-92ab-52232c3ec69d,52ad6902-4a93-4b34-a2ac-fc087fe174cc,213ccf7f-747c-4c65-9884-f8075a412896,->,5ee5cae8-643a-4262-92ab-52232c3ec69d,java/lang/StringBuilder.java,append
5ee5cae8-643a-4262-92ab-52232c3ec69d,52ad6902-4a93-4b34-a2ac-fc087fe174cc,213ccf7f-747c-4c65-9884-f8075a412896,->,5ee5cae8-643a-4262-92ab-52232c3ec69d,java/lang/StringBuilder.java,append
5ee5cae8-643a-4262-92ab-52232c3ec69d,52ad6902-4a93-4b34-a2ac-fc087fe174cc,213ccf7f-747c-4c65-9884-f8075a412896,->,5ee5cae8-643a-4262-92ab-52232c3ec69d,java/lang/StringBuilder.java,toString
5ee5cae8-643a-4262-92ab-52232c3ec69d,52ad6902-4a93-4b34-a2ac-fc087fe174cc,213ccf7f-747c-4c65-9884-f8075a412896,->,5ee5cae8-643a-4262-92ab-52232c3ec69d,org/bukkit/configuration/file/YamlConfiguration.java,getInt
5ee5cae8-643a-4262-92ab-52232c3ec69d,52ad6902-4a93-4b34-a2ac-fc087fe174cc,213ccf7f-747c-4c65-9884-f8075a412896,->,5ee5cae8-643a-4262-92ab-52232c3ec69d,java/lang/StringBuilder.java,append
5ee5cae8-643a-4262-92ab-52232c3ec69d,52ad6902-4a93-4b34-a2ac-fc087fe174cc,213ccf7f-747c-4c65-9884-f8075a412896,->,5ee5cae8-643a-4262-92ab-52232c3ec69d,java/lang/StringBuilder.java,append
5ee5cae8-643a-4262-92ab-52232c3ec69d,52ad6902-4a93-4b34-a2ac-fc087fe174cc,213ccf7f-747c-4c65-9884-f8075a412896,->,5ee5cae8-643a-4262-92ab-52232c3ec69d,java/lang/StringBuilder.java,toString
5ee5cae8-643a-4262-92ab-52232c3ec69d,52ad6902-4a93-4b34-a2ac-fc087fe174cc,213ccf7f-747c-4c65-9884-f8075a412896,->,5ee5cae8-643a-4262-92ab-52232c3ec69d,org/bukkit/configuration/file/YamlConfiguration.java,getInt
5ee5cae8-643a-4262-92ab-52232c3ec69d,52ad6902-4a93-4b34-a2ac-fc087fe174cc,213ccf7f-747c-4c65-9884-f8075a412896,->,5ee5cae8-643a-4262-92ab-52232c3ec69d,org/bukkit/Material.java,valueOf
5ee5cae8-643a-4262-92ab-52232c3ec69d,52ad6902-4a93-4b34-a2ac-fc087fe174cc,213ccf7f-747c-4c65-9884-f8075a412896,->,5ee5cae8-643a-4262-92ab-52232c3ec69d,java/lang/StringBuilder.java,append
5ee5cae8-643a-4262-92ab-52232c3ec69d,52ad6902-4a93-4b34-a2ac-fc087fe174cc,213ccf7f-747c-4c65-9884-f8075a412896,->,5ee5cae8-643a-4262-92ab-52232c3ec69d,java/lang/StringBuilder.java,append
5ee5cae8-643a-4262-92ab-52232c3ec69d,52ad6902-4a93-4b34-a2ac-fc087fe174cc,213ccf7f-747c-4c65-9884-f8075a412896,->,5ee5cae8-643a-4262-92ab-52232c3ec69d,java/lang/StringBuilder.java,toString
5ee5cae8-643a-4262-92ab-52232c3ec69d,52ad6902-4a93-4b34-a2ac-fc087fe174cc,213ccf7f-747c-4c65-9884-f8075a412896,->,5ee5cae8-643a-4262-92ab-52232c3ec69d,org/bukkit/configuration/file/YamlConfiguration.java,contains
5ee5cae8-643a-4262-92ab-52232c3ec69d,52ad6902-4a93-4b34-a2ac-fc087fe174cc,213ccf7f-747c-4c65-9884-f8075a412896,->,5ee5cae8-643a-4262-92ab-52232c3ec69d,java/lang/StringBuilder.java,append
5ee5cae8-643a-4262-92ab-52232c3ec69d,52ad6902-4a93-4b34-a2ac-fc087fe174cc,213ccf7f-747c-4c65-9884-f8075a412896,->,5ee5cae8-643a-4262-92ab-52232c3ec69d,java/lang/StringBuilder.java,append
5ee5cae8-643a-4262-92ab-52232c3ec69d,52ad6902-4a93-4b34-a2ac-fc087fe174cc,213ccf7f-747c-4c65-9884-f8075a412896,->,5ee5cae8-643a-4262-92ab-52232c3ec69d,java/lang/StringBuilder.java,toString
5ee5cae8-643a-4262-92ab-52232c3ec69d,52ad6902-4a93-4b34-a2ac-fc087fe174cc,213ccf7f-747c-4c65-9884-f8075a412896,->,5ee5cae8-643a-4262-92ab-52232c3ec69d,org/bukkit/configuration/file/YamlConfiguration.java,getConfigurationSection
5ee5cae8-643a-4262-92ab-52232c3ec69d,52ad6902-4a93-4b34-a2ac-fc087fe174cc,213ccf7f-747c-4c65-9884-f8075a412896,->,5ee5cae8-643a-4262-92ab-52232c3ec69d,org/bukkit/configuration/ConfigurationSection.java,getKeys
5ee5cae8-643a-4262-92ab-52232c3ec69d,52ad6902-4a93-4b34-a2ac-fc087fe174cc,213ccf7f-747c-4c65-9884-f8075a412896,->,5ee5cae8-643a-4262-92ab-52232c3ec69d,java/util/Set.java,iterator
5ee5cae8-643a-4262-92ab-52232c3ec69d,52ad6902-4a93-4b34-a2ac-fc087fe174cc,213ccf7f-747c-4c65-9884-f8075a412896,->,5ee5cae8-643a-4262-92ab-52232c3ec69d,java/util/Iterator.java,hasNext
5ee5cae8-643a-4262-92ab-52232c3ec69d,52ad6902-4a93-4b34-a2ac-fc087fe174cc,213ccf7f-747c-4c65-9884-f8075a412896,->,5ee5cae8-643a-4262-92ab-52232c3ec69d,java/util/Iterator.java,next
5ee5cae8-643a-4262-92ab-52232c3ec69d,52ad6902-4a93-4b34-a2ac-fc087fe174cc,213ccf7f-747c-4c65-9884-f8075a412896,->,5ee5cae8-643a-4262-92ab-52232c3ec69d,java/lang/Integer.java,parseInt
5ee5cae8-643a-4262-92ab-52232c3ec69d,52ad6902-4a93-4b34-a2ac-fc087fe174cc,213ccf7f-747c-4c65-9884-f8075a412896,->,5ee5cae8-643a-4262-92ab-52232c3ec69d,org/bukkit/enchantments/Enchantment.java,getById
5ee5cae8-643a-4262-92ab-52232c3ec69d,52ad6902-4a93-4b34-a2ac-fc087fe174cc,213ccf7f-747c-4c65-9884-f8075a412896,->,5ee5cae8-643a-4262-92ab-52232c3ec69d,java/lang/StringBuilder.java,append
5ee5cae8-643a-4262-92ab-52232c3ec69d,52ad6902-4a93-4b34-a2ac-fc087fe174cc,213ccf7f-747c-4c65-9884-f8075a412896,->,5ee5cae8-643a-4262-92ab-52232c3ec69d,java/lang/StringBuilder.java,append
5ee5cae8-643a-4262-92ab-52232c3ec69d,52ad6902-4a93-4b34-a2ac-fc087fe174cc,213ccf7f-747c-4c65-9884-f8075a412896,->,5ee5cae8-643a-4262-92ab-52232c3ec69d,java/lang/StringBuilder.java,append
5ee5cae8-643a-4262-92ab-52232c3ec69d,52ad6902-4a93-4b34-a2ac-fc087fe174cc,213ccf7f-747c-4c65-9884-f8075a412896,->,5ee5cae8-643a-4262-92ab-52232c3ec69d,java/lang/StringBuilder.java,toString
5ee5cae8-643a-4262-92ab-52232c3ec69d,52ad6902-4a93-4b34-a2ac-fc087fe174cc,213ccf7f-747c-4c65-9884-f8075a412896,->,5ee5cae8-643a-4262-92ab-52232c3ec69d,org/bukkit/configuration/file/YamlConfiguration.java,getInt
5ee5cae8-643a-4262-92ab-52232c3ec69d,52ad6902-4a93-4b34-a2ac-fc087fe174cc,213ccf7f-747c-4c65-9884-f8075a412896,->,5ee5cae8-643a-4262-92ab-52232c3ec69d,org/bukkit/inventory/ItemStack.java,addEnchantment
5ee5cae8-643a-4262-92ab-52232c3ec69d,52ad6902-4a93-4b34-a2ac-fc087fe174cc,213ccf7f-747c-4c65-9884-f8075a412896,->,5ee5cae8-643a-4262-92ab-52232c3ec69d,org/bukkit/inventory/PlayerInventory.java,setChestplate
5ee5cae8-643a-4262-92ab-52232c3ec69d,52ad6902-4a93-4b34-a2ac-fc087fe174cc,213ccf7f-747c-4c65-9884-f8075a412896,->,5ee5cae8-643a-4262-92ab-52232c3ec69d,org/bukkit/inventory/PlayerInventory.java,setChestplate
5ee5cae8-643a-4262-92ab-52232c3ec69d,52ad6902-4a93-4b34-a2ac-fc087fe174cc,213ccf7f-747c-4c65-9884-f8075a412896,->,5ee5cae8-643a-4262-92ab-52232c3ec69d,org/bukkit/configuration/file/YamlConfiguration.java,contains
5ee5cae8-643a-4262-92ab-52232c3ec69d,52ad6902-4a93-4b34-a2ac-fc087fe174cc,213ccf7f-747c-4c65-9884-f8075a412896,->,5ee5cae8-643a-4262-92ab-52232c3ec69d,org/bukkit/configuration/file/YamlConfiguration.java,getConfigurationSection
5ee5cae8-643a-4262-92ab-52232c3ec69d,52ad6902-4a93-4b34-a2ac-fc087fe174cc,213ccf7f-747c-4c65-9884-f8075a412896,->,5ee5cae8-643a-4262-92ab-52232c3ec69d,org/bukkit/configuration/ConfigurationSection.java,getKeys
5ee5cae8-643a-4262-92ab-52232c3ec69d,52ad6902-4a93-4b34-a2ac-fc087fe174cc,213ccf7f-747c-4c65-9884-f8075a412896,->,5ee5cae8-643a-4262-92ab-52232c3ec69d,java/util/Set.java,iterator
5ee5cae8-643a-4262-92ab-52232c3ec69d,52ad6902-4a93-4b34-a2ac-fc087fe174cc,213ccf7f-747c-4c65-9884-f8075a412896,->,5ee5cae8-643a-4262-92ab-52232c3ec69d,java/util/Iterator.java,hasNext
5ee5cae8-643a-4262-92ab-52232c3ec69d,52ad6902-4a93-4b34-a2ac-fc087fe174cc,213ccf7f-747c-4c65-9884-f8075a412896,->,5ee5cae8-643a-4262-92ab-52232c3ec69d,java/util/Iterator.java,next
5ee5cae8-643a-4262-92ab-52232c3ec69d,52ad6902-4a93-4b34-a2ac-fc087fe174cc,213ccf7f-747c-4c65-9884-f8075a412896,->,5ee5cae8-643a-4262-92ab-52232c3ec69d,java/lang/StringBuilder.java,append
5ee5cae8-643a-4262-92ab-52232c3ec69d,52ad6902-4a93-4b34-a2ac-fc087fe174cc,213ccf7f-747c-4c65-9884-f8075a412896,->,5ee5cae8-643a-4262-92ab-52232c3ec69d,java/lang/StringBuilder.java,append
5ee5cae8-643a-4262-92ab-52232c3ec69d,52ad6902-4a93-4b34-a2ac-fc087fe174cc,213ccf7f-747c-4c65-9884-f8075a412896,->,5ee5cae8-643a-4262-92ab-52232c3ec69d,java/lang/StringBuilder.java,toString
5ee5cae8-643a-4262-92ab-52232c3ec69d,52ad6902-4a93-4b34-a2ac-fc087fe174cc,213ccf7f-747c-4c65-9884-f8075a412896,->,5ee5cae8-643a-4262-92ab-52232c3ec69d,java/lang/StringBuilder.java,append
5ee5cae8-643a-4262-92ab-52232c3ec69d,52ad6902-4a93-4b34-a2ac-fc087fe174cc,213ccf7f-747c-4c65-9884-f8075a412896,->,5ee5cae8-643a-4262-92ab-52232c3ec69d,java/lang/StringBuilder.java,append
5ee5cae8-643a-4262-92ab-52232c3ec69d,52ad6902-4a93-4b34-a2ac-fc087fe174cc,213ccf7f-747c-4c65-9884-f8075a412896,->,5ee5cae8-643a-4262-92ab-52232c3ec69d,java/lang/StringBuilder.java,toString
5ee5cae8-643a-4262-92ab-52232c3ec69d,52ad6902-4a93-4b34-a2ac-fc087fe174cc,213ccf7f-747c-4c65-9884-f8075a412896,->,5ee5cae8-643a-4262-92ab-52232c3ec69d,org/bukkit/configuration/file/YamlConfiguration.java,getInt
5ee5cae8-643a-4262-92ab-52232c3ec69d,52ad6902-4a93-4b34-a2ac-fc087fe174cc,213ccf7f-747c-4c65-9884-f8075a412896,->,5ee5cae8-643a-4262-92ab-52232c3ec69d,java/lang/StringBuilder.java,append
5ee5cae8-643a-4262-92ab-52232c3ec69d,52ad6902-4a93-4b34-a2ac-fc087fe174cc,213ccf7f-747c-4c65-9884-f8075a412896,->,5ee5cae8-643a-4262-92ab-52232c3ec69d,java/lang/StringBuilder.java,append
5ee5cae8-643a-4262-92ab-52232c3ec69d,52ad6902-4a93-4b34-a2ac-fc087fe174cc,213ccf7f-747c-4c65-9884-f8075a412896,->,5ee5cae8-643a-4262-92ab-52232c3ec69d,java/lang/StringBuilder.java,toString
5ee5cae8-643a-4262-92ab-52232c3ec69d,52ad6902-4a93-4b34-a2ac-fc087fe174cc,213ccf7f-747c-4c65-9884-f8075a412896,->,5ee5cae8-643a-4262-92ab-52232c3ec69d,org/bukkit/configuration/file/YamlConfiguration.java,getInt
5ee5cae8-643a-4262-92ab-52232c3ec69d,52ad6902-4a93-4b34-a2ac-fc087fe174cc,213ccf7f-747c-4c65-9884-f8075a412896,->,5ee5cae8-643a-4262-92ab-52232c3ec69d,org/bukkit/Material.java,valueOf
5ee5cae8-643a-4262-92ab-52232c3ec69d,52ad6902-4a93-4b34-a2ac-fc087fe174cc,213ccf7f-747c-4c65-9884-f8075a412896,->,5ee5cae8-643a-4262-92ab-52232c3ec69d,java/lang/StringBuilder.java,append
5ee5cae8-643a-4262-92ab-52232c3ec69d,52ad6902-4a93-4b34-a2ac-fc087fe174cc,213ccf7f-747c-4c65-9884-f8075a412896,->,5ee5cae8-643a-4262-92ab-52232c3ec69d,java/lang/StringBuilder.java,append
5ee5cae8-643a-4262-92ab-52232c3ec69d,52ad6902-4a93-4b34-a2ac-fc087fe174cc,213ccf7f-747c-4c65-9884-f8075a412896,->,5ee5cae8-643a-4262-92ab-52232c3ec69d,java/lang/StringBuilder.java,toString
5ee5cae8-643a-4262-92ab-52232c3ec69d,52ad6902-4a93-4b34-a2ac-fc087fe174cc,213ccf7f-747c-4c65-9884-f8075a412896,->,5ee5cae8-643a-4262-92ab-52232c3ec69d,org/bukkit/configuration/file/YamlConfiguration.java,contains
5ee5cae8-643a-4262-92ab-52232c3ec69d,52ad6902-4a93-4b34-a2ac-fc087fe174cc,213ccf7f-747c-4c65-9884-f8075a412896,->,5ee5cae8-643a-4262-92ab-52232c3ec69d,java/lang/StringBuilder.java,append
5ee5cae8-643a-4262-92ab-52232c3ec69d,52ad6902-4a93-4b34-a2ac-fc087fe174cc,213ccf7f-747c-4c65-9884-f8075a412896,->,5ee5cae8-643a-4262-92ab-52232c3ec69d,java/lang/StringBuilder.java,append
5ee5cae8-643a-4262-92ab-52232c3ec69d,52ad6902-4a93-4b34-a2ac-fc087fe174cc,213ccf7f-747c-4c65-9884-f8075a412896,->,5ee5cae8-643a-4262-92ab-52232c3ec69d,java/lang/StringBuilder.java,toString
5ee5cae8-643a-4262-92ab-52232c3ec69d,52ad6902-4a93-4b34-a2ac-fc087fe174cc,213ccf7f-747c-4c65-9884-f8075a412896,->,5ee5cae8-643a-4262-92ab-52232c3ec69d,org/bukkit/configuration/file/YamlConfiguration.java,getConfigurationSection
5ee5cae8-643a-4262-92ab-52232c3ec69d,52ad6902-4a93-4b34-a2ac-fc087fe174cc,213ccf7f-747c-4c65-9884-f8075a412896,->,5ee5cae8-643a-4262-92ab-52232c3ec69d,org/bukkit/configuration/ConfigurationSection.java,getKeys
5ee5cae8-643a-4262-92ab-52232c3ec69d,52ad6902-4a93-4b34-a2ac-fc087fe174cc,213ccf7f-747c-4c65-9884-f8075a412896,->,5ee5cae8-643a-4262-92ab-52232c3ec69d,java/util/Set.java,iterator
5ee5cae8-643a-4262-92ab-52232c3ec69d,52ad6902-4a93-4b34-a2ac-fc087fe174cc,213ccf7f-747c-4c65-9884-f8075a412896,->,5ee5cae8-643a-4262-92ab-52232c3ec69d,java/util/Iterator.java,hasNext
5ee5cae8-643a-4262-92ab-52232c3ec69d,52ad6902-4a93-4b34-a2ac-fc087fe174cc,213ccf7f-747c-4c65-9884-f8075a412896,->,5ee5cae8-643a-4262-92ab-52232c3ec69d,java/util/Iterator.java,next
5ee5cae8-643a-4262-92ab-52232c3ec69d,52ad6902-4a93-4b34-a2ac-fc087fe174cc,213ccf7f-747c-4c65-9884-f8075a412896,->,5ee5cae8-643a-4262-92ab-52232c3ec69d,java/lang/Integer.java,parseInt
5ee5cae8-643a-4262-92ab-52232c3ec69d,52ad6902-4a93-4b34-a2ac-fc087fe174cc,213ccf7f-747c-4c65-9884-f8075a412896,->,5ee5cae8-643a-4262-92ab-52232c3ec69d,org/bukkit/enchantments/Enchantment.java,getById
5ee5cae8-643a-4262-92ab-52232c3ec69d,52ad6902-4a93-4b34-a2ac-fc087fe174cc,213ccf7f-747c-4c65-9884-f8075a412896,->,5ee5cae8-643a-4262-92ab-52232c3ec69d,java/lang/StringBuilder.java,append
5ee5cae8-643a-4262-92ab-52232c3ec69d,52ad6902-4a93-4b34-a2ac-fc087fe174cc,213ccf7f-747c-4c65-9884-f8075a412896,->,5ee5cae8-643a-4262-92ab-52232c3ec69d,java/lang/StringBuilder.java,append
5ee5cae8-643a-4262-92ab-52232c3ec69d,52ad6902-4a93-4b34-a2ac-fc087fe174cc,213ccf7f-747c-4c65-9884-f8075a412896,->,5ee5cae8-643a-4262-92ab-52232c3ec69d,java/lang/StringBuilder.java,append
5ee5cae8-643a-4262-92ab-52232c3ec69d,52ad6902-4a93-4b34-a2ac-fc087fe174cc,213ccf7f-747c-4c65-9884-f8075a412896,->,5ee5cae8-643a-4262-92ab-52232c3ec69d,java/lang/StringBuilder.java,toString
5ee5cae8-643a-4262-92ab-52232c3ec69d,52ad6902-4a93-4b34-a2ac-fc087fe174cc,213ccf7f-747c-4c65-9884-f8075a412896,->,5ee5cae8-643a-4262-92ab-52232c3ec69d,org/bukkit/configuration/file/YamlConfiguration.java,getInt
5ee5cae8-643a-4262-92ab-52232c3ec69d,52ad6902-4a93-4b34-a2ac-fc087fe174cc,213ccf7f-747c-4c65-9884-f8075a412896,->,5ee5cae8-643a-4262-92ab-52232c3ec69d,org/bukkit/inventory/ItemStack.java,addEnchantment
5ee5cae8-643a-4262-92ab-52232c3ec69d,52ad6902-4a93-4b34-a2ac-fc087fe174cc,213ccf7f-747c-4c65-9884-f8075a412896,->,5ee5cae8-643a-4262-92ab-52232c3ec69d,org/bukkit/inventory/PlayerInventory.java,setHelmet
5ee5cae8-643a-4262-92ab-52232c3ec69d,52ad6902-4a93-4b34-a2ac-fc087fe174cc,213ccf7f-747c-4c65-9884-f8075a412896,->,5ee5cae8-643a-4262-92ab-52232c3ec69d,org/bukkit/inventory/PlayerInventory.java,setHelmet
5ee5cae8-643a-4262-92ab-52232c3ec69d,52ad6902-4a93-4b34-a2ac-fc087fe174cc,213ccf7f-747c-4c65-9884-f8075a412896,->,5ee5cae8-643a-4262-92ab-52232c3ec69d,org/bukkit/configuration/file/YamlConfiguration.java,contains
5ee5cae8-643a-4262-92ab-52232c3ec69d,52ad6902-4a93-4b34-a2ac-fc087fe174cc,213ccf7f-747c-4c65-9884-f8075a412896,->,5ee5cae8-643a-4262-92ab-52232c3ec69d,org/bukkit/configuration/file/YamlConfiguration.java,getConfigurationSection
5ee5cae8-643a-4262-92ab-52232c3ec69d,52ad6902-4a93-4b34-a2ac-fc087fe174cc,213ccf7f-747c-4c65-9884-f8075a412896,->,5ee5cae8-643a-4262-92ab-52232c3ec69d,org/bukkit/configuration/ConfigurationSection.java,getKeys
5ee5cae8-643a-4262-92ab-52232c3ec69d,52ad6902-4a93-4b34-a2ac-fc087fe174cc,213ccf7f-747c-4c65-9884-f8075a412896,->,5ee5cae8-643a-4262-92ab-52232c3ec69d,java/util/Set.java,iterator
5ee5cae8-643a-4262-92ab-52232c3ec69d,52ad6902-4a93-4b34-a2ac-fc087fe174cc,213ccf7f-747c-4c65-9884-f8075a412896,->,5ee5cae8-643a-4262-92ab-52232c3ec69d,java/util/Iterator.java,hasNext
5ee5cae8-643a-4262-92ab-52232c3ec69d,52ad6902-4a93-4b34-a2ac-fc087fe174cc,213ccf7f-747c-4c65-9884-f8075a412896,->,5ee5cae8-643a-4262-92ab-52232c3ec69d,java/util/Iterator.java,next
5ee5cae8-643a-4262-92ab-52232c3ec69d,52ad6902-4a93-4b34-a2ac-fc087fe174cc,213ccf7f-747c-4c65-9884-f8075a412896,->,5ee5cae8-643a-4262-92ab-52232c3ec69d,java/lang/StringBuilder.java,append
5ee5cae8-643a-4262-92ab-52232c3ec69d,52ad6902-4a93-4b34-a2ac-fc087fe174cc,213ccf7f-747c-4c65-9884-f8075a412896,->,5ee5cae8-643a-4262-92ab-52232c3ec69d,java/lang/StringBuilder.java,append
5ee5cae8-643a-4262-92ab-52232c3ec69d,52ad6902-4a93-4b34-a2ac-fc087fe174cc,213ccf7f-747c-4c65-9884-f8075a412896,->,5ee5cae8-643a-4262-92ab-52232c3ec69d,java/lang/StringBuilder.java,toString
5ee5cae8-643a-4262-92ab-52232c3ec69d,52ad6902-4a93-4b34-a2ac-fc087fe174cc,213ccf7f-747c-4c65-9884-f8075a412896,->,5ee5cae8-643a-4262-92ab-52232c3ec69d,java/lang/StringBuilder.java,append
5ee5cae8-643a-4262-92ab-52232c3ec69d,52ad6902-4a93-4b34-a2ac-fc087fe174cc,213ccf7f-747c-4c65-9884-f8075a412896,->,5ee5cae8-643a-4262-92ab-52232c3ec69d,java/lang/StringBuilder.java,append
5ee5cae8-643a-4262-92ab-52232c3ec69d,52ad6902-4a93-4b34-a2ac-fc087fe174cc,213ccf7f-747c-4c65-9884-f8075a412896,->,5ee5cae8-643a-4262-92ab-52232c3ec69d,java/lang/StringBuilder.java,toString
5ee5cae8-643a-4262-92ab-52232c3ec69d,52ad6902-4a93-4b34-a2ac-fc087fe174cc,213ccf7f-747c-4c65-9884-f8075a412896,->,5ee5cae8-643a-4262-92ab-52232c3ec69d,org/bukkit/configuration/file/YamlConfiguration.java,getInt
5ee5cae8-643a-4262-92ab-52232c3ec69d,52ad6902-4a93-4b34-a2ac-fc087fe174cc,213ccf7f-747c-4c65-9884-f8075a412896,->,5ee5cae8-643a-4262-92ab-52232c3ec69d,java/lang/StringBuilder.java,append
5ee5cae8-643a-4262-92ab-52232c3ec69d,52ad6902-4a93-4b34-a2ac-fc087fe174cc,213ccf7f-747c-4c65-9884-f8075a412896,->,5ee5cae8-643a-4262-92ab-52232c3ec69d,java/lang/StringBuilder.java,append
5ee5cae8-643a-4262-92ab-52232c3ec69d,52ad6902-4a93-4b34-a2ac-fc087fe174cc,213ccf7f-747c-4c65-9884-f8075a412896,->,5ee5cae8-643a-4262-92ab-52232c3ec69d,java/lang/StringBuilder.java,toString
5ee5cae8-643a-4262-92ab-52232c3ec69d,52ad6902-4a93-4b34-a2ac-fc087fe174cc,213ccf7f-747c-4c65-9884-f8075a412896,->,5ee5cae8-643a-4262-92ab-52232c3ec69d,org/bukkit/configuration/file/YamlConfiguration.java,getInt
5ee5cae8-643a-4262-92ab-52232c3ec69d,52ad6902-4a93-4b34-a2ac-fc087fe174cc,213ccf7f-747c-4c65-9884-f8075a412896,->,5ee5cae8-643a-4262-92ab-52232c3ec69d,org/bukkit/Material.java,valueOf
5ee5cae8-643a-4262-92ab-52232c3ec69d,52ad6902-4a93-4b34-a2ac-fc087fe174cc,213ccf7f-747c-4c65-9884-f8075a412896,->,5ee5cae8-643a-4262-92ab-52232c3ec69d,java/lang/StringBuilder.java,append
5ee5cae8-643a-4262-92ab-52232c3ec69d,52ad6902-4a93-4b34-a2ac-fc087fe174cc,213ccf7f-747c-4c65-9884-f8075a412896,->,5ee5cae8-643a-4262-92ab-52232c3ec69d,java/lang/StringBuilder.java,append
5ee5cae8-643a-4262-92ab-52232c3ec69d,52ad6902-4a93-4b34-a2ac-fc087fe174cc,213ccf7f-747c-4c65-9884-f8075a412896,->,5ee5cae8-643a-4262-92ab-52232c3ec69d,java/lang/StringBuilder.java,toString
5ee5cae8-643a-4262-92ab-52232c3ec69d,52ad6902-4a93-4b34-a2ac-fc087fe174cc,213ccf7f-747c-4c65-9884-f8075a412896,->,5ee5cae8-643a-4262-92ab-52232c3ec69d,org/bukkit/configuration/file/YamlConfiguration.java,contains
5ee5cae8-643a-4262-92ab-52232c3ec69d,52ad6902-4a93-4b34-a2ac-fc087fe174cc,213ccf7f-747c-4c65-9884-f8075a412896,->,5ee5cae8-643a-4262-92ab-52232c3ec69d,java/lang/StringBuilder.java,append
5ee5cae8-643a-4262-92ab-52232c3ec69d,52ad6902-4a93-4b34-a2ac-fc087fe174cc,213ccf7f-747c-4c65-9884-f8075a412896,->,5ee5cae8-643a-4262-92ab-52232c3ec69d,java/lang/StringBuilder.java,append
5ee5cae8-643a-4262-92ab-52232c3ec69d,52ad6902-4a93-4b34-a2ac-fc087fe174cc,213ccf7f-747c-4c65-9884-f8075a412896,->,5ee5cae8-643a-4262-92ab-52232c3ec69d,java/lang/StringBuilder.java,toString
5ee5cae8-643a-4262-92ab-52232c3ec69d,52ad6902-4a93-4b34-a2ac-fc087fe174cc,213ccf7f-747c-4c65-9884-f8075a412896,->,5ee5cae8-643a-4262-92ab-52232c3ec69d,org/bukkit/configuration/file/YamlConfiguration.java,getConfigurationSection
5ee5cae8-643a-4262-92ab-52232c3ec69d,52ad6902-4a93-4b34-a2ac-fc087fe174cc,213ccf7f-747c-4c65-9884-f8075a412896,->,5ee5cae8-643a-4262-92ab-52232c3ec69d,org/bukkit/configuration/ConfigurationSection.java,getKeys
5ee5cae8-643a-4262-92ab-52232c3ec69d,52ad6902-4a93-4b34-a2ac-fc087fe174cc,213ccf7f-747c-4c65-9884-f8075a412896,->,5ee5cae8-643a-4262-92ab-52232c3ec69d,java/util/Set.java,iterator
5ee5cae8-643a-4262-92ab-52232c3ec69d,52ad6902-4a93-4b34-a2ac-fc087fe174cc,213ccf7f-747c-4c65-9884-f8075a412896,->,5ee5cae8-643a-4262-92ab-52232c3ec69d,java/util/Iterator.java,hasNext
5ee5cae8-643a-4262-92ab-52232c3ec69d,52ad6902-4a93-4b34-a2ac-fc087fe174cc,213ccf7f-747c-4c65-9884-f8075a412896,->,5ee5cae8-643a-4262-92ab-52232c3ec69d,java/util/Iterator.java,next
5ee5cae8-643a-4262-92ab-52232c3ec69d,52ad6902-4a93-4b34-a2ac-fc087fe174cc,213ccf7f-747c-4c65-9884-f8075a412896,->,5ee5cae8-643a-4262-92ab-52232c3ec69d,java/lang/Integer.java,parseInt
5ee5cae8-643a-4262-92ab-52232c3ec69d,52ad6902-4a93-4b34-a2ac-fc087fe174cc,213ccf7f-747c-4c65-9884-f8075a412896,->,5ee5cae8-643a-4262-92ab-52232c3ec69d,org/bukkit/enchantments/Enchantment.java,getById
5ee5cae8-643a-4262-92ab-52232c3ec69d,52ad6902-4a93-4b34-a2ac-fc087fe174cc,213ccf7f-747c-4c65-9884-f8075a412896,->,5ee5cae8-643a-4262-92ab-52232c3ec69d,java/lang/StringBuilder.java,append
5ee5cae8-643a-4262-92ab-52232c3ec69d,52ad6902-4a93-4b34-a2ac-fc087fe174cc,213ccf7f-747c-4c65-9884-f8075a412896,->,5ee5cae8-643a-4262-92ab-52232c3ec69d,java/lang/StringBuilder.java,append
5ee5cae8-643a-4262-92ab-52232c3ec69d,52ad6902-4a93-4b34-a2ac-fc087fe174cc,213ccf7f-747c-4c65-9884-f8075a412896,->,5ee5cae8-643a-4262-92ab-52232c3ec69d,java/lang/StringBuilder.java,append
5ee5cae8-643a-4262-92ab-52232c3ec69d,52ad6902-4a93-4b34-a2ac-fc087fe174cc,213ccf7f-747c-4c65-9884-f8075a412896,->,5ee5cae8-643a-4262-92ab-52232c3ec69d,java/lang/StringBuilder.java,toString
5ee5cae8-643a-4262-92ab-52232c3ec69d,52ad6902-4a93-4b34-a2ac-fc087fe174cc,213ccf7f-747c-4c65-9884-f8075a412896,->,5ee5cae8-643a-4262-92ab-52232c3ec69d,org/bukkit/configuration/file/YamlConfiguration.java,getInt
5ee5cae8-643a-4262-92ab-52232c3ec69d,52ad6902-4a93-4b34-a2ac-fc087fe174cc,213ccf7f-747c-4c65-9884-f8075a412896,->,5ee5cae8-643a-4262-92ab-52232c3ec69d,org/bukkit/inventory/ItemStack.java,addEnchantment
5ee5cae8-643a-4262-92ab-52232c3ec69d,52ad6902-4a93-4b34-a2ac-fc087fe174cc,213ccf7f-747c-4c65-9884-f8075a412896,->,5ee5cae8-643a-4262-92ab-52232c3ec69d,org/bukkit/inventory/PlayerInventory.java,setLeggings
5ee5cae8-643a-4262-92ab-52232c3ec69d,52ad6902-4a93-4b34-a2ac-fc087fe174cc,213ccf7f-747c-4c65-9884-f8075a412896,->,5ee5cae8-643a-4262-92ab-52232c3ec69d,org/bukkit/inventory/PlayerInventory.java,setLeggings
5ee5cae8-643a-4262-92ab-52232c3ec69d,52ad6902-4a93-4b34-a2ac-fc087fe174cc,213ccf7f-747c-4c65-9884-f8075a412896,->,5ee5cae8-643a-4262-92ab-52232c3ec69d,org/bukkit/configuration/file/YamlConfiguration.java,contains
5ee5cae8-643a-4262-92ab-52232c3ec69d,52ad6902-4a93-4b34-a2ac-fc087fe174cc,213ccf7f-747c-4c65-9884-f8075a412896,->,5ee5cae8-643a-4262-92ab-52232c3ec69d,org/bukkit/configuration/file/YamlConfiguration.java,getConfigurationSection
5ee5cae8-643a-4262-92ab-52232c3ec69d,52ad6902-4a93-4b34-a2ac-fc087fe174cc,213ccf7f-747c-4c65-9884-f8075a412896,->,5ee5cae8-643a-4262-92ab-52232c3ec69d,org/bukkit/configuration/ConfigurationSection.java,getKeys
5ee5cae8-643a-4262-92ab-52232c3ec69d,52ad6902-4a93-4b34-a2ac-fc087fe174cc,213ccf7f-747c-4c65-9884-f8075a412896,->,5ee5cae8-643a-4262-92ab-52232c3ec69d,java/util/Set.java,iterator
5ee5cae8-643a-4262-92ab-52232c3ec69d,52ad6902-4a93-4b34-a2ac-fc087fe174cc,213ccf7f-747c-4c65-9884-f8075a412896,->,5ee5cae8-643a-4262-92ab-52232c3ec69d,java/util/Iterator.java,hasNext
5ee5cae8-643a-4262-92ab-52232c3ec69d,52ad6902-4a93-4b34-a2ac-fc087fe174cc,213ccf7f-747c-4c65-9884-f8075a412896,->,5ee5cae8-643a-4262-92ab-52232c3ec69d,java/util/Iterator.java,next
5ee5cae8-643a-4262-92ab-52232c3ec69d,52ad6902-4a93-4b34-a2ac-fc087fe174cc,213ccf7f-747c-4c65-9884-f8075a412896,->,5ee5cae8-643a-4262-92ab-52232c3ec69d,java/lang/StringBuilder.java,append
5ee5cae8-643a-4262-92ab-52232c3ec69d,52ad6902-4a93-4b34-a2ac-fc087fe174cc,213ccf7f-747c-4c65-9884-f8075a412896,->,5ee5cae8-643a-4262-92ab-52232c3ec69d,java/lang/StringBuilder.java,append
5ee5cae8-643a-4262-92ab-52232c3ec69d,52ad6902-4a93-4b34-a2ac-fc087fe174cc,213ccf7f-747c-4c65-9884-f8075a412896,->,5ee5cae8-643a-4262-92ab-52232c3ec69d,java/lang/StringBuilder.java,toString
5ee5cae8-643a-4262-92ab-52232c3ec69d,52ad6902-4a93-4b34-a2ac-fc087fe174cc,213ccf7f-747c-4c65-9884-f8075a412896,->,5ee5cae8-643a-4262-92ab-52232c3ec69d,java/lang/StringBuilder.java,append
5ee5cae8-643a-4262-92ab-52232c3ec69d,52ad6902-4a93-4b34-a2ac-fc087fe174cc,213ccf7f-747c-4c65-9884-f8075a412896,->,5ee5cae8-643a-4262-92ab-52232c3ec69d,java/lang/StringBuilder.java,append
5ee5cae8-643a-4262-92ab-52232c3ec69d,52ad6902-4a93-4b34-a2ac-fc087fe174cc,213ccf7f-747c-4c65-9884-f8075a412896,->,5ee5cae8-643a-4262-92ab-52232c3ec69d,java/lang/StringBuilder.java,toString
5ee5cae8-643a-4262-92ab-52232c3ec69d,52ad6902-4a93-4b34-a2ac-fc087fe174cc,213ccf7f-747c-4c65-9884-f8075a412896,->,5ee5cae8-643a-4262-92ab-52232c3ec69d,org/bukkit/configuration/file/YamlConfiguration.java,getInt
5ee5cae8-643a-4262-92ab-52232c3ec69d,52ad6902-4a93-4b34-a2ac-fc087fe174cc,213ccf7f-747c-4c65-9884-f8075a412896,->,5ee5cae8-643a-4262-92ab-52232c3ec69d,java/lang/StringBuilder.java,append
5ee5cae8-643a-4262-92ab-52232c3ec69d,52ad6902-4a93-4b34-a2ac-fc087fe174cc,213ccf7f-747c-4c65-9884-f8075a412896,->,5ee5cae8-643a-4262-92ab-52232c3ec69d,java/lang/StringBuilder.java,append
5ee5cae8-643a-4262-92ab-52232c3ec69d,52ad6902-4a93-4b34-a2ac-fc087fe174cc,213ccf7f-747c-4c65-9884-f8075a412896,->,5ee5cae8-643a-4262-92ab-52232c3ec69d,java/lang/StringBuilder.java,toString
5ee5cae8-643a-4262-92ab-52232c3ec69d,52ad6902-4a93-4b34-a2ac-fc087fe174cc,213ccf7f-747c-4c65-9884-f8075a412896,->,5ee5cae8-643a-4262-92ab-52232c3ec69d,org/bukkit/configuration/file/YamlConfiguration.java,getInt
5ee5cae8-643a-4262-92ab-52232c3ec69d,52ad6902-4a93-4b34-a2ac-fc087fe174cc,213ccf7f-747c-4c65-9884-f8075a412896,->,5ee5cae8-643a-4262-92ab-52232c3ec69d,org/bukkit/Material.java,valueOf
5ee5cae8-643a-4262-92ab-52232c3ec69d,52ad6902-4a93-4b34-a2ac-fc087fe174cc,213ccf7f-747c-4c65-9884-f8075a412896,->,5ee5cae8-643a-4262-92ab-52232c3ec69d,java/lang/StringBuilder.java,append
5ee5cae8-643a-4262-92ab-52232c3ec69d,52ad6902-4a93-4b34-a2ac-fc087fe174cc,213ccf7f-747c-4c65-9884-f8075a412896,->,5ee5cae8-643a-4262-92ab-52232c3ec69d,java/lang/StringBuilder.java,append
5ee5cae8-643a-4262-92ab-52232c3ec69d,52ad6902-4a93-4b34-a2ac-fc087fe174cc,213ccf7f-747c-4c65-9884-f8075a412896,->,5ee5cae8-643a-4262-92ab-52232c3ec69d,java/lang/StringBuilder.java,toString
5ee5cae8-643a-4262-92ab-52232c3ec69d,52ad6902-4a93-4b34-a2ac-fc087fe174cc,213ccf7f-747c-4c65-9884-f8075a412896,->,5ee5cae8-643a-4262-92ab-52232c3ec69d,org/bukkit/configuration/file/YamlConfiguration.java,contains
5ee5cae8-643a-4262-92ab-52232c3ec69d,52ad6902-4a93-4b34-a2ac-fc087fe174cc,213ccf7f-747c-4c65-9884-f8075a412896,->,5ee5cae8-643a-4262-92ab-52232c3ec69d,java/lang/StringBuilder.java,append
5ee5cae8-643a-4262-92ab-52232c3ec69d,52ad6902-4a93-4b34-a2ac-fc087fe174cc,213ccf7f-747c-4c65-9884-f8075a412896,->,5ee5cae8-643a-4262-92ab-52232c3ec69d,java/lang/StringBuilder.java,append
5ee5cae8-643a-4262-92ab-52232c3ec69d,52ad6902-4a93-4b34-a2ac-fc087fe174cc,213ccf7f-747c-4c65-9884-f8075a412896,->,5ee5cae8-643a-4262-92ab-52232c3ec69d,java/lang/StringBuilder.java,toString
5ee5cae8-643a-4262-92ab-52232c3ec69d,52ad6902-4a93-4b34-a2ac-fc087fe174cc,213ccf7f-747c-4c65-9884-f8075a412896,->,5ee5cae8-643a-4262-92ab-52232c3ec69d,org/bukkit/configuration/file/YamlConfiguration.java,getConfigurationSection
5ee5cae8-643a-4262-92ab-52232c3ec69d,52ad6902-4a93-4b34-a2ac-fc087fe174cc,213ccf7f-747c-4c65-9884-f8075a412896,->,5ee5cae8-643a-4262-92ab-52232c3ec69d,org/bukkit/configuration/ConfigurationSection.java,getKeys
5ee5cae8-643a-4262-92ab-52232c3ec69d,52ad6902-4a93-4b34-a2ac-fc087fe174cc,213ccf7f-747c-4c65-9884-f8075a412896,->,5ee5cae8-643a-4262-92ab-52232c3ec69d,java/util/Set.java,iterator
5ee5cae8-643a-4262-92ab-52232c3ec69d,52ad6902-4a93-4b34-a2ac-fc087fe174cc,213ccf7f-747c-4c65-9884-f8075a412896,->,5ee5cae8-643a-4262-92ab-52232c3ec69d,java/util/Iterator.java,hasNext
5ee5cae8-643a-4262-92ab-52232c3ec69d,52ad6902-4a93-4b34-a2ac-fc087fe174cc,213ccf7f-747c-4c65-9884-f8075a412896,->,5ee5cae8-643a-4262-92ab-52232c3ec69d,java/util/Iterator.java,next
5ee5cae8-643a-4262-92ab-52232c3ec69d,52ad6902-4a93-4b34-a2ac-fc087fe174cc,213ccf7f-747c-4c65-9884-f8075a412896,->,5ee5cae8-643a-4262-92ab-52232c3ec69d,java/lang/Integer.java,parseInt
5ee5cae8-643a-4262-92ab-52232c3ec69d,52ad6902-4a93-4b34-a2ac-fc087fe174cc,213ccf7f-747c-4c65-9884-f8075a412896,->,5ee5cae8-643a-4262-92ab-52232c3ec69d,org/bukkit/enchantments/Enchantment.java,getById
5ee5cae8-643a-4262-92ab-52232c3ec69d,52ad6902-4a93-4b34-a2ac-fc087fe174cc,213ccf7f-747c-4c65-9884-f8075a412896,->,5ee5cae8-643a-4262-92ab-52232c3ec69d,java/lang/StringBuilder.java,append
5ee5cae8-643a-4262-92ab-52232c3ec69d,52ad6902-4a93-4b34-a2ac-fc087fe174cc,213ccf7f-747c-4c65-9884-f8075a412896,->,5ee5cae8-643a-4262-92ab-52232c3ec69d,java/lang/StringBuilder.java,append
5ee5cae8-643a-4262-92ab-52232c3ec69d,52ad6902-4a93-4b34-a2ac-fc087fe174cc,213ccf7f-747c-4c65-9884-f8075a412896,->,5ee5cae8-643a-4262-92ab-52232c3ec69d,java/lang/StringBuilder.java,append
5ee5cae8-643a-4262-92ab-52232c3ec69d,52ad6902-4a93-4b34-a2ac-fc087fe174cc,213ccf7f-747c-4c65-9884-f8075a412896,->,5ee5cae8-643a-4262-92ab-52232c3ec69d,java/lang/StringBuilder.java,toString
5ee5cae8-643a-4262-92ab-52232c3ec69d,52ad6902-4a93-4b34-a2ac-fc087fe174cc,213ccf7f-747c-4c65-9884-f8075a412896,->,5ee5cae8-643a-4262-92ab-52232c3ec69d,org/bukkit/configuration/file/YamlConfiguration.java,getInt
5ee5cae8-643a-4262-92ab-52232c3ec69d,52ad6902-4a93-4b34-a2ac-fc087fe174cc,213ccf7f-747c-4c65-9884-f8075a412896,->,5ee5cae8-643a-4262-92ab-52232c3ec69d,org/bukkit/inventory/ItemStack.java,addEnchantment
5ee5cae8-643a-4262-92ab-52232c3ec69d,52ad6902-4a93-4b34-a2ac-fc087fe174cc,213ccf7f-747c-4c65-9884-f8075a412896,->,5ee5cae8-643a-4262-92ab-52232c3ec69d,org/bukkit/inventory/PlayerInventory.java,setBoots
5ee5cae8-643a-4262-92ab-52232c3ec69d,52ad6902-4a93-4b34-a2ac-fc087fe174cc,213ccf7f-747c-4c65-9884-f8075a412896,->,5ee5cae8-643a-4262-92ab-52232c3ec69d,org/bukkit/inventory/PlayerInventory.java,setBoots
5ee5cae8-643a-4262-92ab-52232c3ec69d,52ad6902-4a93-4b34-a2ac-fc087fe174cc,213ccf7f-747c-4c65-9884-f8075a412896,->,5ee5cae8-643a-4262-92ab-52232c3ec69d,java/lang/StringBuilder.java,append
5ee5cae8-643a-4262-92ab-52232c3ec69d,52ad6902-4a93-4b34-a2ac-fc087fe174cc,213ccf7f-747c-4c65-9884-f8075a412896,->,5ee5cae8-643a-4262-92ab-52232c3ec69d,java/lang/StringBuilder.java,append
5ee5cae8-643a-4262-92ab-52232c3ec69d,52ad6902-4a93-4b34-a2ac-fc087fe174cc,213ccf7f-747c-4c65-9884-f8075a412896,->,5ee5cae8-643a-4262-92ab-52232c3ec69d,java/lang/StringBuilder.java,append
5ee5cae8-643a-4262-92ab-52232c3ec69d,52ad6902-4a93-4b34-a2ac-fc087fe174cc,213ccf7f-747c-4c65-9884-f8075a412896,->,5ee5cae8-643a-4262-92ab-52232c3ec69d,java/lang/StringBuilder.java,append
5ee5cae8-643a-4262-92ab-52232c3ec69d,52ad6902-4a93-4b34-a2ac-fc087fe174cc,213ccf7f-747c-4c65-9884-f8075a412896,->,5ee5cae8-643a-4262-92ab-52232c3ec69d,java/lang/StringBuilder.java,toString
5ee5cae8-643a-4262-92ab-52232c3ec69d,52ad6902-4a93-4b34-a2ac-fc087fe174cc,213ccf7f-747c-4c65-9884-f8075a412896,->,5ee5cae8-643a-4262-92ab-52232c3ec69d,org/bukkit/entity/Player.java,sendMessage
5ee5cae8-643a-4262-92ab-52232c3ec69d,52ad6902-4a93-4b34-a2ac-fc087fe174cc,213ccf7f-747c-4c65-9884-f8075a412896,->,5ee5cae8-643a-4262-92ab-52232c3ec69d,java/io/File.java,delete
5ee5cae8-643a-4262-92ab-52232c3ec69d,52ad6902-4a93-4b34-a2ac-fc087fe174cc,213ccf7f-747c-4c65-9884-f8075a412896,->,5ee5cae8-643a-4262-92ab-52232c3ec69d,java/lang/Exception.java,printStackTrace
5ee5cae8-643a-4262-92ab-52232c3ec69d,91c03d90-f05d-4d75-bf2c-39c0398d938e,fad93b29-ca64-4e24-9923-830633f4dd54,->,5ee5cae8-643a-4262-92ab-52232c3ec69d,66a50078-13ab-4c91-b773-85494ce9b61e,a0722926-cc9f-48cf-a8d6-851d01a9ff24
5ee5cae8-643a-4262-92ab-52232c3ec69d,91c03d90-f05d-4d75-bf2c-39c0398d938e,fad93b29-ca64-4e24-9923-830633f4dd54,->,5ee5cae8-643a-4262-92ab-52232c3ec69d,66a50078-13ab-4c91-b773-85494ce9b61e,230ddd68-64fe-466d-9877-c16cba882828
5ee5cae8-643a-4262-92ab-52232c3ec69d,91c03d90-f05d-4d75-bf2c-39c0398d938e,fad93b29-ca64-4e24-9923-830633f4dd54,->,5ee5cae8-643a-4262-92ab-52232c3ec69d,723d5bb4-26ff-4e45-9994-9c9d958ef671,6d71b312-ab95-454a-9c9a-b257dbf759e0
5ee5cae8-643a-4262-92ab-52232c3ec69d,91c03d90-f05d-4d75-bf2c-39c0398d938e,fad93b29-ca64-4e24-9923-830633f4dd54,->,5ee5cae8-643a-4262-92ab-52232c3ec69d,66a50078-13ab-4c91-b773-85494ce9b61e,a0722926-cc9f-48cf-a8d6-851d01a9ff24
5ee5cae8-643a-4262-92ab-52232c3ec69d,91c03d90-f05d-4d75-bf2c-39c0398d938e,fad93b29-ca64-4e24-9923-830633f4dd54,->,5ee5cae8-643a-4262-92ab-52232c3ec69d,66a50078-13ab-4c91-b773-85494ce9b61e,230ddd68-64fe-466d-9877-c16cba882828
5ee5cae8-643a-4262-92ab-52232c3ec69d,91c03d90-f05d-4d75-bf2c-39c0398d938e,fad93b29-ca64-4e24-9923-830633f4dd54,->,5ee5cae8-643a-4262-92ab-52232c3ec69d,723d5bb4-26ff-4e45-9994-9c9d958ef671,6d71b312-ab95-454a-9c9a-b257dbf759e0
5ee5cae8-643a-4262-92ab-52232c3ec69d,91c03d90-f05d-4d75-bf2c-39c0398d938e,acbdfed0-1d6e-4654-8a21-05018f2db155,->,5ee5cae8-643a-4262-92ab-52232c3ec69d,com/division/freeforall/events/PlayerEnteredArenaEvent.java,isCancelled
5ee5cae8-643a-4262-92ab-52232c3ec69d,91c03d90-f05d-4d75-bf2c-39c0398d938e,acbdfed0-1d6e-4654-8a21-05018f2db155,->,5ee5cae8-643a-4262-92ab-52232c3ec69d,com/division/freeforall/events/PlayerEnteredArenaEvent.java,getPlayer
5ee5cae8-643a-4262-92ab-52232c3ec69d,91c03d90-f05d-4d75-bf2c-39c0398d938e,acbdfed0-1d6e-4654-8a21-05018f2db155,->,5ee5cae8-643a-4262-92ab-52232c3ec69d,org/bukkit/entity/Player.java,isDead
5ee5cae8-643a-4262-92ab-52232c3ec69d,91c03d90-f05d-4d75-bf2c-39c0398d938e,acbdfed0-1d6e-4654-8a21-05018f2db155,->,5ee5cae8-643a-4262-92ab-52232c3ec69d,com/division/freeforall/events/PlayerEnteredArenaEvent.java,getMethod
5ee5cae8-643a-4262-92ab-52232c3ec69d,91c03d90-f05d-4d75-bf2c-39c0398d938e,acbdfed0-1d6e-4654-8a21-05018f2db155,->,5ee5cae8-643a-4262-92ab-52232c3ec69d,org/bukkit/entity/Player.java,getInventory
5ee5cae8-643a-4262-92ab-52232c3ec69d,91c03d90-f05d-4d75-bf2c-39c0398d938e,acbdfed0-1d6e-4654-8a21-05018f2db155,->,5ee5cae8-643a-4262-92ab-52232c3ec69d,org/bukkit/inventory/PlayerInventory.java,clear
5ee5cae8-643a-4262-92ab-52232c3ec69d,91c03d90-f05d-4d75-bf2c-39c0398d938e,acbdfed0-1d6e-4654-8a21-05018f2db155,->,5ee5cae8-643a-4262-92ab-52232c3ec69d,91c03d90-f05d-4d75-bf2c-39c0398d938e,2e10b9ae-86eb-4bbe-bd9b-46d9e0ec297c
5ee5cae8-643a-4262-92ab-52232c3ec69d,91c03d90-f05d-4d75-bf2c-39c0398d938e,acbdfed0-1d6e-4654-8a21-05018f2db155,->,5ee5cae8-643a-4262-92ab-52232c3ec69d,91c03d90-f05d-4d75-bf2c-39c0398d938e,95bf7be6-8367-477c-a037-a4250aaa6b2b
5ee5cae8-643a-4262-92ab-52232c3ec69d,91c03d90-f05d-4d75-bf2c-39c0398d938e,acbdfed0-1d6e-4654-8a21-05018f2db155,->,5ee5cae8-643a-4262-92ab-52232c3ec69d,org/bukkit/entity/Player.java,setHealth
5ee5cae8-643a-4262-92ab-52232c3ec69d,91c03d90-f05d-4d75-bf2c-39c0398d938e,acbdfed0-1d6e-4654-8a21-05018f2db155,->,5ee5cae8-643a-4262-92ab-52232c3ec69d,org/bukkit/entity/Player.java,setFoodLevel
5ee5cae8-643a-4262-92ab-52232c3ec69d,91c03d90-f05d-4d75-bf2c-39c0398d938e,acbdfed0-1d6e-4654-8a21-05018f2db155,->,5ee5cae8-643a-4262-92ab-52232c3ec69d,java/lang/StringBuilder.java,append
5ee5cae8-643a-4262-92ab-52232c3ec69d,91c03d90-f05d-4d75-bf2c-39c0398d938e,acbdfed0-1d6e-4654-8a21-05018f2db155,->,5ee5cae8-643a-4262-92ab-52232c3ec69d,java/lang/StringBuilder.java,append
5ee5cae8-643a-4262-92ab-52232c3ec69d,91c03d90-f05d-4d75-bf2c-39c0398d938e,acbdfed0-1d6e-4654-8a21-05018f2db155,->,5ee5cae8-643a-4262-92ab-52232c3ec69d,java/lang/StringBuilder.java,append
5ee5cae8-643a-4262-92ab-52232c3ec69d,91c03d90-f05d-4d75-bf2c-39c0398d938e,acbdfed0-1d6e-4654-8a21-05018f2db155,->,5ee5cae8-643a-4262-92ab-52232c3ec69d,java/lang/StringBuilder.java,append
5ee5cae8-643a-4262-92ab-52232c3ec69d,91c03d90-f05d-4d75-bf2c-39c0398d938e,acbdfed0-1d6e-4654-8a21-05018f2db155,->,5ee5cae8-643a-4262-92ab-52232c3ec69d,java/lang/StringBuilder.java,toString
5ee5cae8-643a-4262-92ab-52232c3ec69d,91c03d90-f05d-4d75-bf2c-39c0398d938e,acbdfed0-1d6e-4654-8a21-05018f2db155,->,5ee5cae8-643a-4262-92ab-52232c3ec69d,org/bukkit/entity/Player.java,sendMessage
5ee5cae8-643a-4262-92ab-52232c3ec69d,91c03d90-f05d-4d75-bf2c-39c0398d938e,acbdfed0-1d6e-4654-8a21-05018f2db155,->,5ee5cae8-643a-4262-92ab-52232c3ec69d,org/bukkit/entity/Player.java,getActivePotionEffects
5ee5cae8-643a-4262-92ab-52232c3ec69d,91c03d90-f05d-4d75-bf2c-39c0398d938e,acbdfed0-1d6e-4654-8a21-05018f2db155,->,5ee5cae8-643a-4262-92ab-52232c3ec69d,java/util/Collection.java,iterator
5ee5cae8-643a-4262-92ab-52232c3ec69d,91c03d90-f05d-4d75-bf2c-39c0398d938e,acbdfed0-1d6e-4654-8a21-05018f2db155,->,5ee5cae8-643a-4262-92ab-52232c3ec69d,java/util/Iterator.java,hasNext
5ee5cae8-643a-4262-92ab-52232c3ec69d,91c03d90-f05d-4d75-bf2c-39c0398d938e,acbdfed0-1d6e-4654-8a21-05018f2db155,->,5ee5cae8-643a-4262-92ab-52232c3ec69d,java/util/Iterator.java,next
5ee5cae8-643a-4262-92ab-52232c3ec69d,91c03d90-f05d-4d75-bf2c-39c0398d938e,acbdfed0-1d6e-4654-8a21-05018f2db155,->,5ee5cae8-643a-4262-92ab-52232c3ec69d,org/bukkit/potion/PotionEffect.java,getType
5ee5cae8-643a-4262-92ab-52232c3ec69d,91c03d90-f05d-4d75-bf2c-39c0398d938e,acbdfed0-1d6e-4654-8a21-05018f2db155,->,5ee5cae8-643a-4262-92ab-52232c3ec69d,org/bukkit/entity/Player.java,removePotionEffect
5ee5cae8-643a-4262-92ab-52232c3ec69d,91c03d90-f05d-4d75-bf2c-39c0398d938e,60934cb4-a081-4203-baf9-3b5c7150c33f,->,5ee5cae8-643a-4262-92ab-52232c3ec69d,689bdd92-0411-45ab-93f2-eda5e8058e2b,41c3673e-6361-4140-945b-225779c0330c
5ee5cae8-643a-4262-92ab-52232c3ec69d,91c03d90-f05d-4d75-bf2c-39c0398d938e,60934cb4-a081-4203-baf9-3b5c7150c33f,->,5ee5cae8-643a-4262-92ab-52232c3ec69d,org/bukkit/entity/Player.java,getName
5ee5cae8-643a-4262-92ab-52232c3ec69d,91c03d90-f05d-4d75-bf2c-39c0398d938e,60934cb4-a081-4203-baf9-3b5c7150c33f,->,5ee5cae8-643a-4262-92ab-52232c3ec69d,52ad6902-4a93-4b34-a2ac-fc087fe174cc,d570e828-ee1d-4340-a275-94a04b55a360
5ee5cae8-643a-4262-92ab-52232c3ec69d,91c03d90-f05d-4d75-bf2c-39c0398d938e,60934cb4-a081-4203-baf9-3b5c7150c33f,->,5ee5cae8-643a-4262-92ab-52232c3ec69d,91c03d90-f05d-4d75-bf2c-39c0398d938e,c460bc96-07c0-4b4c-b399-a8a396170bdc
5ee5cae8-643a-4262-92ab-52232c3ec69d,91c03d90-f05d-4d75-bf2c-39c0398d938e,fbfb6c70-74bc-4240-9078-57611e1240dd,->,5ee5cae8-643a-4262-92ab-52232c3ec69d,com/division/freeforall/events/PlayerLeftArenaEvent.java,getPlayer
5ee5cae8-643a-4262-92ab-52232c3ec69d,91c03d90-f05d-4d75-bf2c-39c0398d938e,fbfb6c70-74bc-4240-9078-57611e1240dd,->,5ee5cae8-643a-4262-92ab-52232c3ec69d,91c03d90-f05d-4d75-bf2c-39c0398d938e,c460bc96-07c0-4b4c-b399-a8a396170bdc
5ee5cae8-643a-4262-92ab-52232c3ec69d,91c03d90-f05d-4d75-bf2c-39c0398d938e,95bf7be6-8367-477c-a037-a4250aaa6b2b,->,5ee5cae8-643a-4262-92ab-52232c3ec69d,org/bukkit/entity/Player.java,getInventory
5ee5cae8-643a-4262-92ab-52232c3ec69d,91c03d90-f05d-4d75-bf2c-39c0398d938e,95bf7be6-8367-477c-a037-a4250aaa6b2b,->,5ee5cae8-643a-4262-92ab-52232c3ec69d,org/bukkit/inventory/PlayerInventory.java,setChestplate
5ee5cae8-643a-4262-92ab-52232c3ec69d,91c03d90-f05d-4d75-bf2c-39c0398d938e,95bf7be6-8367-477c-a037-a4250aaa6b2b,->,5ee5cae8-643a-4262-92ab-52232c3ec69d,org/bukkit/inventory/PlayerInventory.java,setBoots
5ee5cae8-643a-4262-92ab-52232c3ec69d,91c03d90-f05d-4d75-bf2c-39c0398d938e,95bf7be6-8367-477c-a037-a4250aaa6b2b,->,5ee5cae8-643a-4262-92ab-52232c3ec69d,org/bukkit/inventory/PlayerInventory.java,setHelmet
5ee5cae8-643a-4262-92ab-52232c3ec69d,91c03d90-f05d-4d75-bf2c-39c0398d938e,95bf7be6-8367-477c-a037-a4250aaa6b2b,->,5ee5cae8-643a-4262-92ab-52232c3ec69d,org/bukkit/inventory/PlayerInventory.java,setLeggings
5ee5cae8-643a-4262-92ab-52232c3ec69d,91c03d90-f05d-4d75-bf2c-39c0398d938e,2e10b9ae-86eb-4bbe-bd9b-46d9e0ec297c,->,5ee5cae8-643a-4262-92ab-52232c3ec69d,org/bukkit/entity/Player.java,getInventory
5ee5cae8-643a-4262-92ab-52232c3ec69d,91c03d90-f05d-4d75-bf2c-39c0398d938e,2e10b9ae-86eb-4bbe-bd9b-46d9e0ec297c,->,5ee5cae8-643a-4262-92ab-52232c3ec69d,org/bukkit/inventory/PlayerInventory.java,addItem
5ee5cae8-643a-4262-92ab-52232c3ec69d,91c03d90-f05d-4d75-bf2c-39c0398d938e,2e10b9ae-86eb-4bbe-bd9b-46d9e0ec297c,->,5ee5cae8-643a-4262-92ab-52232c3ec69d,org/bukkit/inventory/PlayerInventory.java,addItem
5ee5cae8-643a-4262-92ab-52232c3ec69d,91c03d90-f05d-4d75-bf2c-39c0398d938e,2e10b9ae-86eb-4bbe-bd9b-46d9e0ec297c,->,5ee5cae8-643a-4262-92ab-52232c3ec69d,org/bukkit/inventory/PlayerInventory.java,addItem
5ee5cae8-643a-4262-92ab-52232c3ec69d,91c03d90-f05d-4d75-bf2c-39c0398d938e,c460bc96-07c0-4b4c-b399-a8a396170bdc,->,5ee5cae8-643a-4262-92ab-52232c3ec69d,org/bukkit/entity/Player.java,getName
5ee5cae8-643a-4262-92ab-52232c3ec69d,91c03d90-f05d-4d75-bf2c-39c0398d938e,c460bc96-07c0-4b4c-b399-a8a396170bdc,->,5ee5cae8-643a-4262-92ab-52232c3ec69d,52ad6902-4a93-4b34-a2ac-fc087fe174cc,d570e828-ee1d-4340-a275-94a04b55a360
5ee5cae8-643a-4262-92ab-52232c3ec69d,91c03d90-f05d-4d75-bf2c-39c0398d938e,c460bc96-07c0-4b4c-b399-a8a396170bdc,->,5ee5cae8-643a-4262-92ab-52232c3ec69d,org/bukkit/entity/Player.java,getName
5ee5cae8-643a-4262-92ab-52232c3ec69d,91c03d90-f05d-4d75-bf2c-39c0398d938e,c460bc96-07c0-4b4c-b399-a8a396170bdc,->,5ee5cae8-643a-4262-92ab-52232c3ec69d,52ad6902-4a93-4b34-a2ac-fc087fe174cc,213ccf7f-747c-4c65-9884-f8075a412896
5ee5cae8-643a-4262-92ab-52232c3ec69d,91c03d90-f05d-4d75-bf2c-39c0398d938e,c460bc96-07c0-4b4c-b399-a8a396170bdc,->,5ee5cae8-643a-4262-92ab-52232c3ec69d,com/division/freeforall/engines/StorageEngine.java,hasStorage
5ee5cae8-643a-4262-92ab-52232c3ec69d,91c03d90-f05d-4d75-bf2c-39c0398d938e,c460bc96-07c0-4b4c-b399-a8a396170bdc,->,5ee5cae8-643a-4262-92ab-52232c3ec69d,org/bukkit/entity/Player.java,getName
5ee5cae8-643a-4262-92ab-52232c3ec69d,91c03d90-f05d-4d75-bf2c-39c0398d938e,c460bc96-07c0-4b4c-b399-a8a396170bdc,->,5ee5cae8-643a-4262-92ab-52232c3ec69d,com/division/freeforall/engines/StorageEngine.java,getStorage
5ee5cae8-643a-4262-92ab-52232c3ec69d,91c03d90-f05d-4d75-bf2c-39c0398d938e,c460bc96-07c0-4b4c-b399-a8a396170bdc,->,5ee5cae8-643a-4262-92ab-52232c3ec69d,com/division/freeforall/engines/StorageEngine.java,removeStorage
5ee5cae8-643a-4262-92ab-52232c3ec69d,91c03d90-f05d-4d75-bf2c-39c0398d938e,c460bc96-07c0-4b4c-b399-a8a396170bdc,->,5ee5cae8-643a-4262-92ab-52232c3ec69d,org/bukkit/entity/Player.java,getName
5ee5cae8-643a-4262-92ab-52232c3ec69d,91c03d90-f05d-4d75-bf2c-39c0398d938e,c460bc96-07c0-4b4c-b399-a8a396170bdc,->,5ee5cae8-643a-4262-92ab-52232c3ec69d,com/division/freeforall/engines/StorageEngine.java,getStorage
5ee5cae8-643a-4262-92ab-52232c3ec69d,91c03d90-f05d-4d75-bf2c-39c0398d938e,c460bc96-07c0-4b4c-b399-a8a396170bdc,->,5ee5cae8-643a-4262-92ab-52232c3ec69d,1f4dd95c-5f56-4a02-8e62-7a399a8fe84c,8734cd34-bb97-4748-8430-d0d7360dfb25
5ee5cae8-643a-4262-92ab-52232c3ec69d,91c03d90-f05d-4d75-bf2c-39c0398d938e,c460bc96-07c0-4b4c-b399-a8a396170bdc,->,5ee5cae8-643a-4262-92ab-52232c3ec69d,com/division/freeforall/engines/StorageEngine.java,removeStorage
5ee5cae8-643a-4262-92ab-52232c3ec69d,91c03d90-f05d-4d75-bf2c-39c0398d938e,c460bc96-07c0-4b4c-b399-a8a396170bdc,->,5ee5cae8-643a-4262-92ab-52232c3ec69d,java/lang/StringBuilder.java,append
5ee5cae8-643a-4262-92ab-52232c3ec69d,91c03d90-f05d-4d75-bf2c-39c0398d938e,c460bc96-07c0-4b4c-b399-a8a396170bdc,->,5ee5cae8-643a-4262-92ab-52232c3ec69d,java/lang/StringBuilder.java,append
5ee5cae8-643a-4262-92ab-52232c3ec69d,91c03d90-f05d-4d75-bf2c-39c0398d938e,c460bc96-07c0-4b4c-b399-a8a396170bdc,->,5ee5cae8-643a-4262-92ab-52232c3ec69d,java/lang/StringBuilder.java,append
5ee5cae8-643a-4262-92ab-52232c3ec69d,91c03d90-f05d-4d75-bf2c-39c0398d938e,c460bc96-07c0-4b4c-b399-a8a396170bdc,->,5ee5cae8-643a-4262-92ab-52232c3ec69d,java/lang/StringBuilder.java,append
5ee5cae8-643a-4262-92ab-52232c3ec69d,91c03d90-f05d-4d75-bf2c-39c0398d938e,c460bc96-07c0-4b4c-b399-a8a396170bdc,->,5ee5cae8-643a-4262-92ab-52232c3ec69d,java/lang/StringBuilder.java,toString
5ee5cae8-643a-4262-92ab-52232c3ec69d,91c03d90-f05d-4d75-bf2c-39c0398d938e,c460bc96-07c0-4b4c-b399-a8a396170bdc,->,5ee5cae8-643a-4262-92ab-52232c3ec69d,org/bukkit/entity/Player.java,sendMessage
5ee5cae8-643a-4262-92ab-52232c3ec69d,91c03d90-f05d-4d75-bf2c-39c0398d938e,563da56c-f8eb-460e-83c2-917745ee6f07,->,5ee5cae8-643a-4262-92ab-52232c3ec69d,com/division/freeforall/events/PlayerKillstreakAwardedEvent.java,getRewards
5ee5cae8-643a-4262-92ab-52232c3ec69d,91c03d90-f05d-4d75-bf2c-39c0398d938e,563da56c-f8eb-460e-83c2-917745ee6f07,->,5ee5cae8-643a-4262-92ab-52232c3ec69d,java/util/ArrayList.java,iterator
5ee5cae8-643a-4262-92ab-52232c3ec69d,91c03d90-f05d-4d75-bf2c-39c0398d938e,563da56c-f8eb-460e-83c2-917745ee6f07,->,5ee5cae8-643a-4262-92ab-52232c3ec69d,java/util/Iterator.java,hasNext
5ee5cae8-643a-4262-92ab-52232c3ec69d,91c03d90-f05d-4d75-bf2c-39c0398d938e,563da56c-f8eb-460e-83c2-917745ee6f07,->,5ee5cae8-643a-4262-92ab-52232c3ec69d,java/util/Iterator.java,next
5ee5cae8-643a-4262-92ab-52232c3ec69d,91c03d90-f05d-4d75-bf2c-39c0398d938e,563da56c-f8eb-460e-83c2-917745ee6f07,->,5ee5cae8-643a-4262-92ab-52232c3ec69d,com/division/freeforall/events/PlayerKillstreakAwardedEvent.java,getPlayer
5ee5cae8-643a-4262-92ab-52232c3ec69d,91c03d90-f05d-4d75-bf2c-39c0398d938e,563da56c-f8eb-460e-83c2-917745ee6f07,->,5ee5cae8-643a-4262-92ab-52232c3ec69d,org/bukkit/entity/Player.java,getInventory
5ee5cae8-643a-4262-92ab-52232c3ec69d,91c03d90-f05d-4d75-bf2c-39c0398d938e,563da56c-f8eb-460e-83c2-917745ee6f07,->,5ee5cae8-643a-4262-92ab-52232c3ec69d,org/bukkit/inventory/PlayerInventory.java,addItem
5ee5cae8-643a-4262-92ab-52232c3ec69d,22647a55-a139-48a5-9489-68926046fb05,0bf868d0-1b5a-42b7-9431-52b2dca745c0,->,5ee5cae8-643a-4262-92ab-52232c3ec69d,66a50078-13ab-4c91-b773-85494ce9b61e,a0722926-cc9f-48cf-a8d6-851d01a9ff24
5ee5cae8-643a-4262-92ab-52232c3ec69d,22647a55-a139-48a5-9489-68926046fb05,0bf868d0-1b5a-42b7-9431-52b2dca745c0,->,5ee5cae8-643a-4262-92ab-52232c3ec69d,66a50078-13ab-4c91-b773-85494ce9b61e,230ddd68-64fe-466d-9877-c16cba882828
5ee5cae8-643a-4262-92ab-52232c3ec69d,22647a55-a139-48a5-9489-68926046fb05,0bf868d0-1b5a-42b7-9431-52b2dca745c0,->,5ee5cae8-643a-4262-92ab-52232c3ec69d,723d5bb4-26ff-4e45-9994-9c9d958ef671,6d71b312-ab95-454a-9c9a-b257dbf759e0
5ee5cae8-643a-4262-92ab-52232c3ec69d,22647a55-a139-48a5-9489-68926046fb05,0bf868d0-1b5a-42b7-9431-52b2dca745c0,->,5ee5cae8-643a-4262-92ab-52232c3ec69d,66a50078-13ab-4c91-b773-85494ce9b61e,a0722926-cc9f-48cf-a8d6-851d01a9ff24
5ee5cae8-643a-4262-92ab-52232c3ec69d,22647a55-a139-48a5-9489-68926046fb05,0bf868d0-1b5a-42b7-9431-52b2dca745c0,->,5ee5cae8-643a-4262-92ab-52232c3ec69d,66a50078-13ab-4c91-b773-85494ce9b61e,230ddd68-64fe-466d-9877-c16cba882828
5ee5cae8-643a-4262-92ab-52232c3ec69d,22647a55-a139-48a5-9489-68926046fb05,0bf868d0-1b5a-42b7-9431-52b2dca745c0,->,5ee5cae8-643a-4262-92ab-52232c3ec69d,723d5bb4-26ff-4e45-9994-9c9d958ef671,6d71b312-ab95-454a-9c9a-b257dbf759e0
5ee5cae8-643a-4262-92ab-52232c3ec69d,22647a55-a139-48a5-9489-68926046fb05,713f35da-3c7b-42fc-beb7-620842f0c582,->,5ee5cae8-643a-4262-92ab-52232c3ec69d,com/division/freeforall/events/PlayerKilledPlayerInArenaEvent.java,getKiller
5ee5cae8-643a-4262-92ab-52232c3ec69d,22647a55-a139-48a5-9489-68926046fb05,713f35da-3c7b-42fc-beb7-620842f0c582,->,5ee5cae8-643a-4262-92ab-52232c3ec69d,com/division/freeforall/events/PlayerKilledPlayerInArenaEvent.java,getVictim
5ee5cae8-643a-4262-92ab-52232c3ec69d,22647a55-a139-48a5-9489-68926046fb05,713f35da-3c7b-42fc-beb7-620842f0c582,->,5ee5cae8-643a-4262-92ab-52232c3ec69d,22647a55-a139-48a5-9489-68926046fb05,76be9916-03b9-4ee7-8bc8-02ee2ccff8b0
5ee5cae8-643a-4262-92ab-52232c3ec69d,22647a55-a139-48a5-9489-68926046fb05,713f35da-3c7b-42fc-beb7-620842f0c582,->,5ee5cae8-643a-4262-92ab-52232c3ec69d,com/division/freeforall/events/PlayerKilledPlayerInArenaEvent.java,getKiller
5ee5cae8-643a-4262-92ab-52232c3ec69d,22647a55-a139-48a5-9489-68926046fb05,713f35da-3c7b-42fc-beb7-620842f0c582,->,5ee5cae8-643a-4262-92ab-52232c3ec69d,22647a55-a139-48a5-9489-68926046fb05,8db2bfbb-c9ee-4acb-b1e6-352ff65fcdc5
5ee5cae8-643a-4262-92ab-52232c3ec69d,22647a55-a139-48a5-9489-68926046fb05,713f35da-3c7b-42fc-beb7-620842f0c582,->,5ee5cae8-643a-4262-92ab-52232c3ec69d,66a50078-13ab-4c91-b773-85494ce9b61e,a0722926-cc9f-48cf-a8d6-851d01a9ff24
5ee5cae8-643a-4262-92ab-52232c3ec69d,22647a55-a139-48a5-9489-68926046fb05,713f35da-3c7b-42fc-beb7-620842f0c582,->,5ee5cae8-643a-4262-92ab-52232c3ec69d,com/division/freeforall/core/FreeForAll.java,getServer
5ee5cae8-643a-4262-92ab-52232c3ec69d,22647a55-a139-48a5-9489-68926046fb05,713f35da-3c7b-42fc-beb7-620842f0c582,->,5ee5cae8-643a-4262-92ab-52232c3ec69d,org/bukkit/Server.java,getPluginManager
5ee5cae8-643a-4262-92ab-52232c3ec69d,22647a55-a139-48a5-9489-68926046fb05,713f35da-3c7b-42fc-beb7-620842f0c582,->,5ee5cae8-643a-4262-92ab-52232c3ec69d,com/division/freeforall/events/PlayerKilledPlayerInArenaEvent.java,getKiller
5ee5cae8-643a-4262-92ab-52232c3ec69d,22647a55-a139-48a5-9489-68926046fb05,713f35da-3c7b-42fc-beb7-620842f0c582,->,5ee5cae8-643a-4262-92ab-52232c3ec69d,org/bukkit/plugin/PluginManager.java,callEvent
5ee5cae8-643a-4262-92ab-52232c3ec69d,22647a55-a139-48a5-9489-68926046fb05,638270e1-50aa-46db-a12a-4b8e7ddf429a,->,5ee5cae8-643a-4262-92ab-52232c3ec69d,com/division/freeforall/events/PlayerKillstreakAwardedEvent.java,getPlayer
5ee5cae8-643a-4262-92ab-52232c3ec69d,22647a55-a139-48a5-9489-68926046fb05,638270e1-50aa-46db-a12a-4b8e7ddf429a,->,5ee5cae8-643a-4262-92ab-52232c3ec69d,org/bukkit/entity/Player.java,getInventory
5ee5cae8-643a-4262-92ab-52232c3ec69d,22647a55-a139-48a5-9489-68926046fb05,638270e1-50aa-46db-a12a-4b8e7ddf429a,->,5ee5cae8-643a-4262-92ab-52232c3ec69d,com/division/freeforall/events/PlayerKillstreakAwardedEvent.java,getRewards
5ee5cae8-643a-4262-92ab-52232c3ec69d,22647a55-a139-48a5-9489-68926046fb05,638270e1-50aa-46db-a12a-4b8e7ddf429a,->,5ee5cae8-643a-4262-92ab-52232c3ec69d,org/bukkit/entity/Player.java,getName
5ee5cae8-643a-4262-92ab-52232c3ec69d,22647a55-a139-48a5-9489-68926046fb05,638270e1-50aa-46db-a12a-4b8e7ddf429a,->,5ee5cae8-643a-4262-92ab-52232c3ec69d,com/division/freeforall/engines/StorageEngine.java,getStorage
5ee5cae8-643a-4262-92ab-52232c3ec69d,22647a55-a139-48a5-9489-68926046fb05,638270e1-50aa-46db-a12a-4b8e7ddf429a,->,5ee5cae8-643a-4262-92ab-52232c3ec69d,com/division/freeforall/events/PlayerKillstreakAwardedEvent.java,getKillStreak
5ee5cae8-643a-4262-92ab-52232c3ec69d,22647a55-a139-48a5-9489-68926046fb05,638270e1-50aa-46db-a12a-4b8e7ddf429a,->,5ee5cae8-643a-4262-92ab-52232c3ec69d,1f4dd95c-5f56-4a02-8e62-7a399a8fe84c,b1dd968c-4f91-4585-a310-0fd60d23366d
5ee5cae8-643a-4262-92ab-52232c3ec69d,22647a55-a139-48a5-9489-68926046fb05,638270e1-50aa-46db-a12a-4b8e7ddf429a,->,5ee5cae8-643a-4262-92ab-52232c3ec69d,org/bukkit/inventory/PlayerInventory.java,remove
5ee5cae8-643a-4262-92ab-52232c3ec69d,22647a55-a139-48a5-9489-68926046fb05,638270e1-50aa-46db-a12a-4b8e7ddf429a,->,5ee5cae8-643a-4262-92ab-52232c3ec69d,org/bukkit/inventory/PlayerInventory.java,remove
5ee5cae8-643a-4262-92ab-52232c3ec69d,22647a55-a139-48a5-9489-68926046fb05,638270e1-50aa-46db-a12a-4b8e7ddf429a,->,5ee5cae8-643a-4262-92ab-52232c3ec69d,java/util/ArrayList.java,add
5ee5cae8-643a-4262-92ab-52232c3ec69d,22647a55-a139-48a5-9489-68926046fb05,638270e1-50aa-46db-a12a-4b8e7ddf429a,->,5ee5cae8-643a-4262-92ab-52232c3ec69d,java/util/ArrayList.java,add
5ee5cae8-643a-4262-92ab-52232c3ec69d,22647a55-a139-48a5-9489-68926046fb05,638270e1-50aa-46db-a12a-4b8e7ddf429a,->,5ee5cae8-643a-4262-92ab-52232c3ec69d,1f4dd95c-5f56-4a02-8e62-7a399a8fe84c,42690f1d-90e6-4547-bcd0-cebe45b172d7
5ee5cae8-643a-4262-92ab-52232c3ec69d,22647a55-a139-48a5-9489-68926046fb05,638270e1-50aa-46db-a12a-4b8e7ddf429a,->,5ee5cae8-643a-4262-92ab-52232c3ec69d,java/util/ArrayList.java,add
5ee5cae8-643a-4262-92ab-52232c3ec69d,22647a55-a139-48a5-9489-68926046fb05,638270e1-50aa-46db-a12a-4b8e7ddf429a,->,5ee5cae8-643a-4262-92ab-52232c3ec69d,java/util/ArrayList.java,add
5ee5cae8-643a-4262-92ab-52232c3ec69d,22647a55-a139-48a5-9489-68926046fb05,638270e1-50aa-46db-a12a-4b8e7ddf429a,->,5ee5cae8-643a-4262-92ab-52232c3ec69d,1f4dd95c-5f56-4a02-8e62-7a399a8fe84c,42690f1d-90e6-4547-bcd0-cebe45b172d7
5ee5cae8-643a-4262-92ab-52232c3ec69d,22647a55-a139-48a5-9489-68926046fb05,638270e1-50aa-46db-a12a-4b8e7ddf429a,->,5ee5cae8-643a-4262-92ab-52232c3ec69d,java/util/ArrayList.java,add
5ee5cae8-643a-4262-92ab-52232c3ec69d,22647a55-a139-48a5-9489-68926046fb05,638270e1-50aa-46db-a12a-4b8e7ddf429a,->,5ee5cae8-643a-4262-92ab-52232c3ec69d,java/util/ArrayList.java,add
5ee5cae8-643a-4262-92ab-52232c3ec69d,22647a55-a139-48a5-9489-68926046fb05,638270e1-50aa-46db-a12a-4b8e7ddf429a,->,5ee5cae8-643a-4262-92ab-52232c3ec69d,java/util/ArrayList.java,add
5ee5cae8-643a-4262-92ab-52232c3ec69d,22647a55-a139-48a5-9489-68926046fb05,638270e1-50aa-46db-a12a-4b8e7ddf429a,->,5ee5cae8-643a-4262-92ab-52232c3ec69d,org/bukkit/entity/Player.java,addPotionEffect
5ee5cae8-643a-4262-92ab-52232c3ec69d,22647a55-a139-48a5-9489-68926046fb05,638270e1-50aa-46db-a12a-4b8e7ddf429a,->,5ee5cae8-643a-4262-92ab-52232c3ec69d,91c03d90-f05d-4d75-bf2c-39c0398d938e,95bf7be6-8367-477c-a037-a4250aaa6b2b
5ee5cae8-643a-4262-92ab-52232c3ec69d,22647a55-a139-48a5-9489-68926046fb05,638270e1-50aa-46db-a12a-4b8e7ddf429a,->,5ee5cae8-643a-4262-92ab-52232c3ec69d,java/util/ArrayList.java,add
5ee5cae8-643a-4262-92ab-52232c3ec69d,22647a55-a139-48a5-9489-68926046fb05,7792def2-0a52-43c6-b70c-e6039ccfea51,->,5ee5cae8-643a-4262-92ab-52232c3ec69d,ddb0b550-17df-400e-9c2a-22af59b5a9d8,35fe84e0-b494-408f-9954-e7345435d99c
5ee5cae8-643a-4262-92ab-52232c3ec69d,22647a55-a139-48a5-9489-68926046fb05,7792def2-0a52-43c6-b70c-e6039ccfea51,->,5ee5cae8-643a-4262-92ab-52232c3ec69d,ddb0b550-17df-400e-9c2a-22af59b5a9d8,4d462400-2307-4155-b1b3-feb107d4b4ea
5ee5cae8-643a-4262-92ab-52232c3ec69d,22647a55-a139-48a5-9489-68926046fb05,7792def2-0a52-43c6-b70c-e6039ccfea51,->,5ee5cae8-643a-4262-92ab-52232c3ec69d,org/bukkit/entity/Player.java,getName
5ee5cae8-643a-4262-92ab-52232c3ec69d,22647a55-a139-48a5-9489-68926046fb05,7792def2-0a52-43c6-b70c-e6039ccfea51,->,5ee5cae8-643a-4262-92ab-52232c3ec69d,com/division/freeforall/engines/StorageEngine.java,getStorage
5ee5cae8-643a-4262-92ab-52232c3ec69d,22647a55-a139-48a5-9489-68926046fb05,7792def2-0a52-43c6-b70c-e6039ccfea51,->,5ee5cae8-643a-4262-92ab-52232c3ec69d,1f4dd95c-5f56-4a02-8e62-7a399a8fe84c,2219ebce-7606-43fd-9f99-fb6a3fd971c4
5ee5cae8-643a-4262-92ab-52232c3ec69d,22647a55-a139-48a5-9489-68926046fb05,7792def2-0a52-43c6-b70c-e6039ccfea51,->,5ee5cae8-643a-4262-92ab-52232c3ec69d,org/bukkit/Bukkit.java,getServer
5ee5cae8-643a-4262-92ab-52232c3ec69d,22647a55-a139-48a5-9489-68926046fb05,7792def2-0a52-43c6-b70c-e6039ccfea51,->,5ee5cae8-643a-4262-92ab-52232c3ec69d,org/bukkit/Server.java,getPlayer
5ee5cae8-643a-4262-92ab-52232c3ec69d,22647a55-a139-48a5-9489-68926046fb05,7792def2-0a52-43c6-b70c-e6039ccfea51,->,5ee5cae8-643a-4262-92ab-52232c3ec69d,org/bukkit/Bukkit.java,getServer
5ee5cae8-643a-4262-92ab-52232c3ec69d,22647a55-a139-48a5-9489-68926046fb05,7792def2-0a52-43c6-b70c-e6039ccfea51,->,5ee5cae8-643a-4262-92ab-52232c3ec69d,org/bukkit/Server.java,getPluginManager
5ee5cae8-643a-4262-92ab-52232c3ec69d,22647a55-a139-48a5-9489-68926046fb05,7792def2-0a52-43c6-b70c-e6039ccfea51,->,5ee5cae8-643a-4262-92ab-52232c3ec69d,org/bukkit/plugin/PluginManager.java,callEvent
5ee5cae8-643a-4262-92ab-52232c3ec69d,22647a55-a139-48a5-9489-68926046fb05,76be9916-03b9-4ee7-8bc8-02ee2ccff8b0,->,5ee5cae8-643a-4262-92ab-52232c3ec69d,org/bukkit/entity/Player.java,getName
5ee5cae8-643a-4262-92ab-52232c3ec69d,22647a55-a139-48a5-9489-68926046fb05,76be9916-03b9-4ee7-8bc8-02ee2ccff8b0,->,5ee5cae8-643a-4262-92ab-52232c3ec69d,com/division/freeforall/engines/StorageEngine.java,getStorage
5ee5cae8-643a-4262-92ab-52232c3ec69d,22647a55-a139-48a5-9489-68926046fb05,76be9916-03b9-4ee7-8bc8-02ee2ccff8b0,->,5ee5cae8-643a-4262-92ab-52232c3ec69d,1f4dd95c-5f56-4a02-8e62-7a399a8fe84c,ffb08d34-649b-4f0c-81b9-cb6d7bf22016
5ee5cae8-643a-4262-92ab-52232c3ec69d,22647a55-a139-48a5-9489-68926046fb05,76be9916-03b9-4ee7-8bc8-02ee2ccff8b0,->,5ee5cae8-643a-4262-92ab-52232c3ec69d,java/lang/StringBuilder.java,append
5ee5cae8-643a-4262-92ab-52232c3ec69d,22647a55-a139-48a5-9489-68926046fb05,76be9916-03b9-4ee7-8bc8-02ee2ccff8b0,->,5ee5cae8-643a-4262-92ab-52232c3ec69d,java/lang/StringBuilder.java,append
5ee5cae8-643a-4262-92ab-52232c3ec69d,22647a55-a139-48a5-9489-68926046fb05,76be9916-03b9-4ee7-8bc8-02ee2ccff8b0,->,5ee5cae8-643a-4262-92ab-52232c3ec69d,java/lang/StringBuilder.java,append
5ee5cae8-643a-4262-92ab-52232c3ec69d,22647a55-a139-48a5-9489-68926046fb05,76be9916-03b9-4ee7-8bc8-02ee2ccff8b0,->,5ee5cae8-643a-4262-92ab-52232c3ec69d,java/lang/StringBuilder.java,append
5ee5cae8-643a-4262-92ab-52232c3ec69d,22647a55-a139-48a5-9489-68926046fb05,76be9916-03b9-4ee7-8bc8-02ee2ccff8b0,->,5ee5cae8-643a-4262-92ab-52232c3ec69d,org/bukkit/entity/Player.java,getName
5ee5cae8-643a-4262-92ab-52232c3ec69d,22647a55-a139-48a5-9489-68926046fb05,76be9916-03b9-4ee7-8bc8-02ee2ccff8b0,->,5ee5cae8-643a-4262-92ab-52232c3ec69d,java/lang/StringBuilder.java,append
5ee5cae8-643a-4262-92ab-52232c3ec69d,22647a55-a139-48a5-9489-68926046fb05,76be9916-03b9-4ee7-8bc8-02ee2ccff8b0,->,5ee5cae8-643a-4262-92ab-52232c3ec69d,java/lang/StringBuilder.java,toString
5ee5cae8-643a-4262-92ab-52232c3ec69d,22647a55-a139-48a5-9489-68926046fb05,76be9916-03b9-4ee7-8bc8-02ee2ccff8b0,->,5ee5cae8-643a-4262-92ab-52232c3ec69d,org/bukkit/entity/Player.java,sendMessage
5ee5cae8-643a-4262-92ab-52232c3ec69d,22647a55-a139-48a5-9489-68926046fb05,76be9916-03b9-4ee7-8bc8-02ee2ccff8b0,->,5ee5cae8-643a-4262-92ab-52232c3ec69d,java/lang/StringBuilder.java,append
5ee5cae8-643a-4262-92ab-52232c3ec69d,22647a55-a139-48a5-9489-68926046fb05,76be9916-03b9-4ee7-8bc8-02ee2ccff8b0,->,5ee5cae8-643a-4262-92ab-52232c3ec69d,java/lang/StringBuilder.java,append
5ee5cae8-643a-4262-92ab-52232c3ec69d,22647a55-a139-48a5-9489-68926046fb05,76be9916-03b9-4ee7-8bc8-02ee2ccff8b0,->,5ee5cae8-643a-4262-92ab-52232c3ec69d,java/lang/StringBuilder.java,append
5ee5cae8-643a-4262-92ab-52232c3ec69d,22647a55-a139-48a5-9489-68926046fb05,76be9916-03b9-4ee7-8bc8-02ee2ccff8b0,->,5ee5cae8-643a-4262-92ab-52232c3ec69d,java/lang/StringBuilder.java,append
5ee5cae8-643a-4262-92ab-52232c3ec69d,22647a55-a139-48a5-9489-68926046fb05,76be9916-03b9-4ee7-8bc8-02ee2ccff8b0,->,5ee5cae8-643a-4262-92ab-52232c3ec69d,org/bukkit/entity/Player.java,getName
5ee5cae8-643a-4262-92ab-52232c3ec69d,22647a55-a139-48a5-9489-68926046fb05,76be9916-03b9-4ee7-8bc8-02ee2ccff8b0,->,5ee5cae8-643a-4262-92ab-52232c3ec69d,java/lang/StringBuilder.java,append
5ee5cae8-643a-4262-92ab-52232c3ec69d,22647a55-a139-48a5-9489-68926046fb05,76be9916-03b9-4ee7-8bc8-02ee2ccff8b0,->,5ee5cae8-643a-4262-92ab-52232c3ec69d,java/lang/StringBuilder.java,toString
5ee5cae8-643a-4262-92ab-52232c3ec69d,22647a55-a139-48a5-9489-68926046fb05,76be9916-03b9-4ee7-8bc8-02ee2ccff8b0,->,5ee5cae8-643a-4262-92ab-52232c3ec69d,org/bukkit/entity/Player.java,sendMessage
5ee5cae8-643a-4262-92ab-52232c3ec69d,22647a55-a139-48a5-9489-68926046fb05,76be9916-03b9-4ee7-8bc8-02ee2ccff8b0,->,5ee5cae8-643a-4262-92ab-52232c3ec69d,1f4dd95c-5f56-4a02-8e62-7a399a8fe84c,359b128b-1d04-4f0b-b206-24cb3c1a2541
5ee5cae8-643a-4262-92ab-52232c3ec69d,22647a55-a139-48a5-9489-68926046fb05,8db2bfbb-c9ee-4acb-b1e6-352ff65fcdc5,->,5ee5cae8-643a-4262-92ab-52232c3ec69d,org/bukkit/entity/Player.java,getName
5ee5cae8-643a-4262-92ab-52232c3ec69d,22647a55-a139-48a5-9489-68926046fb05,8db2bfbb-c9ee-4acb-b1e6-352ff65fcdc5,->,5ee5cae8-643a-4262-92ab-52232c3ec69d,com/division/freeforall/engines/StorageEngine.java,getStorage
5ee5cae8-643a-4262-92ab-52232c3ec69d,22647a55-a139-48a5-9489-68926046fb05,8db2bfbb-c9ee-4acb-b1e6-352ff65fcdc5,->,5ee5cae8-643a-4262-92ab-52232c3ec69d,java/io/PrintStream.java,println
5ee5cae8-643a-4262-92ab-52232c3ec69d,22647a55-a139-48a5-9489-68926046fb05,8db2bfbb-c9ee-4acb-b1e6-352ff65fcdc5,->,5ee5cae8-643a-4262-92ab-52232c3ec69d,1f4dd95c-5f56-4a02-8e62-7a399a8fe84c,359b128b-1d04-4f0b-b206-24cb3c1a2541
5ee5cae8-643a-4262-92ab-52232c3ec69d,22647a55-a139-48a5-9489-68926046fb05,8db2bfbb-c9ee-4acb-b1e6-352ff65fcdc5,->,5ee5cae8-643a-4262-92ab-52232c3ec69d,1f4dd95c-5f56-4a02-8e62-7a399a8fe84c,b1dd968c-4f91-4585-a310-0fd60d23366d
5ee5cae8-643a-4262-92ab-52232c3ec69d,22647a55-a139-48a5-9489-68926046fb05,8db2bfbb-c9ee-4acb-b1e6-352ff65fcdc5,->,5ee5cae8-643a-4262-92ab-52232c3ec69d,66a50078-13ab-4c91-b773-85494ce9b61e,486aecc7-2d4d-4b15-8bbd-2e00645cdae0
5ee5cae8-643a-4262-92ab-52232c3ec69d,22647a55-a139-48a5-9489-68926046fb05,8db2bfbb-c9ee-4acb-b1e6-352ff65fcdc5,->,5ee5cae8-643a-4262-92ab-52232c3ec69d,org/bukkit/entity/Player.java,getName
5ee5cae8-643a-4262-92ab-52232c3ec69d,22647a55-a139-48a5-9489-68926046fb05,8db2bfbb-c9ee-4acb-b1e6-352ff65fcdc5,->,5ee5cae8-643a-4262-92ab-52232c3ec69d,net/milkbowl/vault/economy/Economy.java,depositPlayer
5ee5cae8-643a-4262-92ab-52232c3ec69d,22647a55-a139-48a5-9489-68926046fb05,8db2bfbb-c9ee-4acb-b1e6-352ff65fcdc5,->,5ee5cae8-643a-4262-92ab-52232c3ec69d,java/lang/StringBuilder.java,append
5ee5cae8-643a-4262-92ab-52232c3ec69d,22647a55-a139-48a5-9489-68926046fb05,8db2bfbb-c9ee-4acb-b1e6-352ff65fcdc5,->,5ee5cae8-643a-4262-92ab-52232c3ec69d,java/lang/StringBuilder.java,append
5ee5cae8-643a-4262-92ab-52232c3ec69d,22647a55-a139-48a5-9489-68926046fb05,8db2bfbb-c9ee-4acb-b1e6-352ff65fcdc5,->,5ee5cae8-643a-4262-92ab-52232c3ec69d,java/lang/StringBuilder.java,append
5ee5cae8-643a-4262-92ab-52232c3ec69d,22647a55-a139-48a5-9489-68926046fb05,8db2bfbb-c9ee-4acb-b1e6-352ff65fcdc5,->,5ee5cae8-643a-4262-92ab-52232c3ec69d,java/lang/StringBuilder.java,append
5ee5cae8-643a-4262-92ab-52232c3ec69d,22647a55-a139-48a5-9489-68926046fb05,8db2bfbb-c9ee-4acb-b1e6-352ff65fcdc5,->,5ee5cae8-643a-4262-92ab-52232c3ec69d,java/lang/StringBuilder.java,append
5ee5cae8-643a-4262-92ab-52232c3ec69d,22647a55-a139-48a5-9489-68926046fb05,8db2bfbb-c9ee-4acb-b1e6-352ff65fcdc5,->,5ee5cae8-643a-4262-92ab-52232c3ec69d,java/lang/StringBuilder.java,toString
5ee5cae8-643a-4262-92ab-52232c3ec69d,22647a55-a139-48a5-9489-68926046fb05,8db2bfbb-c9ee-4acb-b1e6-352ff65fcdc5,->,5ee5cae8-643a-4262-92ab-52232c3ec69d,org/bukkit/entity/Player.java,sendMessage
5ee5cae8-643a-4262-92ab-52232c3ec69d,22647a55-a139-48a5-9489-68926046fb05,8db2bfbb-c9ee-4acb-b1e6-352ff65fcdc5,->,5ee5cae8-643a-4262-92ab-52232c3ec69d,java/lang/StringBuilder.java,append
5ee5cae8-643a-4262-92ab-52232c3ec69d,22647a55-a139-48a5-9489-68926046fb05,8db2bfbb-c9ee-4acb-b1e6-352ff65fcdc5,->,5ee5cae8-643a-4262-92ab-52232c3ec69d,org/bukkit/entity/Player.java,getName
5ee5cae8-643a-4262-92ab-52232c3ec69d,22647a55-a139-48a5-9489-68926046fb05,8db2bfbb-c9ee-4acb-b1e6-352ff65fcdc5,->,5ee5cae8-643a-4262-92ab-52232c3ec69d,java/lang/StringBuilder.java,append
5ee5cae8-643a-4262-92ab-52232c3ec69d,22647a55-a139-48a5-9489-68926046fb05,8db2bfbb-c9ee-4acb-b1e6-352ff65fcdc5,->,5ee5cae8-643a-4262-92ab-52232c3ec69d,java/lang/StringBuilder.java,append
5ee5cae8-643a-4262-92ab-52232c3ec69d,22647a55-a139-48a5-9489-68926046fb05,8db2bfbb-c9ee-4acb-b1e6-352ff65fcdc5,->,5ee5cae8-643a-4262-92ab-52232c3ec69d,java/lang/StringBuilder.java,append
5ee5cae8-643a-4262-92ab-52232c3ec69d,22647a55-a139-48a5-9489-68926046fb05,8db2bfbb-c9ee-4acb-b1e6-352ff65fcdc5,->,5ee5cae8-643a-4262-92ab-52232c3ec69d,java/lang/StringBuilder.java,toString
5ee5cae8-643a-4262-92ab-52232c3ec69d,22647a55-a139-48a5-9489-68926046fb05,8db2bfbb-c9ee-4acb-b1e6-352ff65fcdc5,->,5ee5cae8-643a-4262-92ab-52232c3ec69d,java/io/PrintStream.java,println
5ee5cae8-643a-4262-92ab-52232c3ec69d,22647a55-a139-48a5-9489-68926046fb05,8db2bfbb-c9ee-4acb-b1e6-352ff65fcdc5,->,5ee5cae8-643a-4262-92ab-52232c3ec69d,org/bukkit/Bukkit.java,getServer
5ee5cae8-643a-4262-92ab-52232c3ec69d,22647a55-a139-48a5-9489-68926046fb05,8db2bfbb-c9ee-4acb-b1e6-352ff65fcdc5,->,5ee5cae8-643a-4262-92ab-52232c3ec69d,java/lang/StringBuilder.java,append
5ee5cae8-643a-4262-92ab-52232c3ec69d,22647a55-a139-48a5-9489-68926046fb05,8db2bfbb-c9ee-4acb-b1e6-352ff65fcdc5,->,5ee5cae8-643a-4262-92ab-52232c3ec69d,java/lang/StringBuilder.java,append
5ee5cae8-643a-4262-92ab-52232c3ec69d,22647a55-a139-48a5-9489-68926046fb05,8db2bfbb-c9ee-4acb-b1e6-352ff65fcdc5,->,5ee5cae8-643a-4262-92ab-52232c3ec69d,java/lang/StringBuilder.java,append
5ee5cae8-643a-4262-92ab-52232c3ec69d,22647a55-a139-48a5-9489-68926046fb05,8db2bfbb-c9ee-4acb-b1e6-352ff65fcdc5,->,5ee5cae8-643a-4262-92ab-52232c3ec69d,org/bukkit/entity/Player.java,getName
5ee5cae8-643a-4262-92ab-52232c3ec69d,22647a55-a139-48a5-9489-68926046fb05,8db2bfbb-c9ee-4acb-b1e6-352ff65fcdc5,->,5ee5cae8-643a-4262-92ab-52232c3ec69d,java/lang/StringBuilder.java,append
5ee5cae8-643a-4262-92ab-52232c3ec69d,22647a55-a139-48a5-9489-68926046fb05,8db2bfbb-c9ee-4acb-b1e6-352ff65fcdc5,->,5ee5cae8-643a-4262-92ab-52232c3ec69d,java/lang/StringBuilder.java,append
5ee5cae8-643a-4262-92ab-52232c3ec69d,22647a55-a139-48a5-9489-68926046fb05,8db2bfbb-c9ee-4acb-b1e6-352ff65fcdc5,->,5ee5cae8-643a-4262-92ab-52232c3ec69d,java/lang/StringBuilder.java,append
5ee5cae8-643a-4262-92ab-52232c3ec69d,22647a55-a139-48a5-9489-68926046fb05,8db2bfbb-c9ee-4acb-b1e6-352ff65fcdc5,->,5ee5cae8-643a-4262-92ab-52232c3ec69d,java/lang/StringBuilder.java,append
5ee5cae8-643a-4262-92ab-52232c3ec69d,22647a55-a139-48a5-9489-68926046fb05,8db2bfbb-c9ee-4acb-b1e6-352ff65fcdc5,->,5ee5cae8-643a-4262-92ab-52232c3ec69d,java/lang/StringBuilder.java,toString
5ee5cae8-643a-4262-92ab-52232c3ec69d,22647a55-a139-48a5-9489-68926046fb05,8db2bfbb-c9ee-4acb-b1e6-352ff65fcdc5,->,5ee5cae8-643a-4262-92ab-52232c3ec69d,org/bukkit/Server.java,broadcastMessage
5ee5cae8-643a-4262-92ab-52232c3ec69d,22647a55-a139-48a5-9489-68926046fb05,8db2bfbb-c9ee-4acb-b1e6-352ff65fcdc5,->,5ee5cae8-643a-4262-92ab-52232c3ec69d,1f4dd95c-5f56-4a02-8e62-7a399a8fe84c,42690f1d-90e6-4547-bcd0-cebe45b172d7
5ee5cae8-643a-4262-92ab-52232c3ec69d,723d5bb4-26ff-4e45-9994-9c9d958ef671,c95a219d-4d11-439e-b445-a08dec677cce,->,5ee5cae8-643a-4262-92ab-52232c3ec69d,java/lang/Object.java,getClass
5ee5cae8-643a-4262-92ab-52232c3ec69d,723d5bb4-26ff-4e45-9994-9c9d958ef671,c95a219d-4d11-439e-b445-a08dec677cce,->,5ee5cae8-643a-4262-92ab-52232c3ec69d,java/lang/Class.java,getAnnotation
5ee5cae8-643a-4262-92ab-52232c3ec69d,723d5bb4-26ff-4e45-9994-9c9d958ef671,c95a219d-4d11-439e-b445-a08dec677cce,->,5ee5cae8-643a-4262-92ab-52232c3ec69d,com/division/freeforall/engines/EngineInfo.java,depends
5ee5cae8-643a-4262-92ab-52232c3ec69d,723d5bb4-26ff-4e45-9994-9c9d958ef671,c95a219d-4d11-439e-b445-a08dec677cce,->,5ee5cae8-643a-4262-92ab-52232c3ec69d,723d5bb4-26ff-4e45-9994-9c9d958ef671,caa24cf8-eaf1-4afc-a976-609bf9ebab5e
5ee5cae8-643a-4262-92ab-52232c3ec69d,723d5bb4-26ff-4e45-9994-9c9d958ef671,c95a219d-4d11-439e-b445-a08dec677cce,->,5ee5cae8-643a-4262-92ab-52232c3ec69d,java/util/List.java,contains
5ee5cae8-643a-4262-92ab-52232c3ec69d,723d5bb4-26ff-4e45-9994-9c9d958ef671,c95a219d-4d11-439e-b445-a08dec677cce,->,5ee5cae8-643a-4262-92ab-52232c3ec69d,java/util/List.java,add
5ee5cae8-643a-4262-92ab-52232c3ec69d,723d5bb4-26ff-4e45-9994-9c9d958ef671,c95a219d-4d11-439e-b445-a08dec677cce,->,5ee5cae8-643a-4262-92ab-52232c3ec69d,0b9011d5-4512-46ce-8f5a-c8dba29e496f,2b9d8fe3-5815-4dd2-ba5e-93ec26c5bfe4
5ee5cae8-643a-4262-92ab-52232c3ec69d,723d5bb4-26ff-4e45-9994-9c9d958ef671,c95a219d-4d11-439e-b445-a08dec677cce,->,5ee5cae8-643a-4262-92ab-52232c3ec69d,0b9011d5-4512-46ce-8f5a-c8dba29e496f,029981c2-0b7a-405b-9724-22eb1a501d25
5ee5cae8-643a-4262-92ab-52232c3ec69d,723d5bb4-26ff-4e45-9994-9c9d958ef671,c95a219d-4d11-439e-b445-a08dec677cce,->,5ee5cae8-643a-4262-92ab-52232c3ec69d,java/util/Map.java,containsKey
5ee5cae8-643a-4262-92ab-52232c3ec69d,723d5bb4-26ff-4e45-9994-9c9d958ef671,c95a219d-4d11-439e-b445-a08dec677cce,->,5ee5cae8-643a-4262-92ab-52232c3ec69d,0b9011d5-4512-46ce-8f5a-c8dba29e496f,029981c2-0b7a-405b-9724-22eb1a501d25
5ee5cae8-643a-4262-92ab-52232c3ec69d,723d5bb4-26ff-4e45-9994-9c9d958ef671,c95a219d-4d11-439e-b445-a08dec677cce,->,5ee5cae8-643a-4262-92ab-52232c3ec69d,java/util/Map.java,put
5ee5cae8-643a-4262-92ab-52232c3ec69d,723d5bb4-26ff-4e45-9994-9c9d958ef671,c95a219d-4d11-439e-b445-a08dec677cce,->,5ee5cae8-643a-4262-92ab-52232c3ec69d,java/lang/StringBuilder.java,append
5ee5cae8-643a-4262-92ab-52232c3ec69d,723d5bb4-26ff-4e45-9994-9c9d958ef671,c95a219d-4d11-439e-b445-a08dec677cce,->,5ee5cae8-643a-4262-92ab-52232c3ec69d,0b9011d5-4512-46ce-8f5a-c8dba29e496f,029981c2-0b7a-405b-9724-22eb1a501d25
5ee5cae8-643a-4262-92ab-52232c3ec69d,723d5bb4-26ff-4e45-9994-9c9d958ef671,c95a219d-4d11-439e-b445-a08dec677cce,->,5ee5cae8-643a-4262-92ab-52232c3ec69d,java/lang/StringBuilder.java,append
5ee5cae8-643a-4262-92ab-52232c3ec69d,723d5bb4-26ff-4e45-9994-9c9d958ef671,c95a219d-4d11-439e-b445-a08dec677cce,->,5ee5cae8-643a-4262-92ab-52232c3ec69d,java/lang/StringBuilder.java,append
5ee5cae8-643a-4262-92ab-52232c3ec69d,723d5bb4-26ff-4e45-9994-9c9d958ef671,c95a219d-4d11-439e-b445-a08dec677cce,->,5ee5cae8-643a-4262-92ab-52232c3ec69d,java/lang/StringBuilder.java,toString
5ee5cae8-643a-4262-92ab-52232c3ec69d,723d5bb4-26ff-4e45-9994-9c9d958ef671,c95a219d-4d11-439e-b445-a08dec677cce,->,5ee5cae8-643a-4262-92ab-52232c3ec69d,java/io/PrintStream.java,println
5ee5cae8-643a-4262-92ab-52232c3ec69d,723d5bb4-26ff-4e45-9994-9c9d958ef671,c95a219d-4d11-439e-b445-a08dec677cce,->,5ee5cae8-643a-4262-92ab-52232c3ec69d,java/util/List.java,contains
5ee5cae8-643a-4262-92ab-52232c3ec69d,723d5bb4-26ff-4e45-9994-9c9d958ef671,c95a219d-4d11-439e-b445-a08dec677cce,->,5ee5cae8-643a-4262-92ab-52232c3ec69d,java/util/List.java,remove
5ee5cae8-643a-4262-92ab-52232c3ec69d,723d5bb4-26ff-4e45-9994-9c9d958ef671,c95a219d-4d11-439e-b445-a08dec677cce,->,5ee5cae8-643a-4262-92ab-52232c3ec69d,66a50078-13ab-4c91-b773-85494ce9b61e,a0722926-cc9f-48cf-a8d6-851d01a9ff24
5ee5cae8-643a-4262-92ab-52232c3ec69d,723d5bb4-26ff-4e45-9994-9c9d958ef671,c95a219d-4d11-439e-b445-a08dec677cce,->,5ee5cae8-643a-4262-92ab-52232c3ec69d,com/division/freeforall/core/FreeForAll.java,getServer
5ee5cae8-643a-4262-92ab-52232c3ec69d,723d5bb4-26ff-4e45-9994-9c9d958ef671,c95a219d-4d11-439e-b445-a08dec677cce,->,5ee5cae8-643a-4262-92ab-52232c3ec69d,org/bukkit/Server.java,getPluginManager
5ee5cae8-643a-4262-92ab-52232c3ec69d,723d5bb4-26ff-4e45-9994-9c9d958ef671,c95a219d-4d11-439e-b445-a08dec677cce,->,5ee5cae8-643a-4262-92ab-52232c3ec69d,66a50078-13ab-4c91-b773-85494ce9b61e,a0722926-cc9f-48cf-a8d6-851d01a9ff24
5ee5cae8-643a-4262-92ab-52232c3ec69d,723d5bb4-26ff-4e45-9994-9c9d958ef671,c95a219d-4d11-439e-b445-a08dec677cce,->,5ee5cae8-643a-4262-92ab-52232c3ec69d,org/bukkit/plugin/PluginManager.java,registerEvents
5ee5cae8-643a-4262-92ab-52232c3ec69d,723d5bb4-26ff-4e45-9994-9c9d958ef671,c95a219d-4d11-439e-b445-a08dec677cce,->,5ee5cae8-643a-4262-92ab-52232c3ec69d,723d5bb4-26ff-4e45-9994-9c9d958ef671,dd5b56c6-285b-4c08-b0d1-0b17d3f2aca2
5ee5cae8-643a-4262-92ab-52232c3ec69d,723d5bb4-26ff-4e45-9994-9c9d958ef671,c95a219d-4d11-439e-b445-a08dec677cce,->,5ee5cae8-643a-4262-92ab-52232c3ec69d,java/lang/StringBuilder.java,append
5ee5cae8-643a-4262-92ab-52232c3ec69d,723d5bb4-26ff-4e45-9994-9c9d958ef671,c95a219d-4d11-439e-b445-a08dec677cce,->,5ee5cae8-643a-4262-92ab-52232c3ec69d,0b9011d5-4512-46ce-8f5a-c8dba29e496f,029981c2-0b7a-405b-9724-22eb1a501d25
5ee5cae8-643a-4262-92ab-52232c3ec69d,723d5bb4-26ff-4e45-9994-9c9d958ef671,c95a219d-4d11-439e-b445-a08dec677cce,->,5ee5cae8-643a-4262-92ab-52232c3ec69d,java/lang/StringBuilder.java,append
5ee5cae8-643a-4262-92ab-52232c3ec69d,723d5bb4-26ff-4e45-9994-9c9d958ef671,c95a219d-4d11-439e-b445-a08dec677cce,->,5ee5cae8-643a-4262-92ab-52232c3ec69d,java/lang/StringBuilder.java,append
5ee5cae8-643a-4262-92ab-52232c3ec69d,723d5bb4-26ff-4e45-9994-9c9d958ef671,c95a219d-4d11-439e-b445-a08dec677cce,->,5ee5cae8-643a-4262-92ab-52232c3ec69d,java/lang/StringBuilder.java,toString
5ee5cae8-643a-4262-92ab-52232c3ec69d,723d5bb4-26ff-4e45-9994-9c9d958ef671,c95a219d-4d11-439e-b445-a08dec677cce,->,5ee5cae8-643a-4262-92ab-52232c3ec69d,java/lang/StringBuilder.java,append
5ee5cae8-643a-4262-92ab-52232c3ec69d,723d5bb4-26ff-4e45-9994-9c9d958ef671,c95a219d-4d11-439e-b445-a08dec677cce,->,5ee5cae8-643a-4262-92ab-52232c3ec69d,0b9011d5-4512-46ce-8f5a-c8dba29e496f,029981c2-0b7a-405b-9724-22eb1a501d25
5ee5cae8-643a-4262-92ab-52232c3ec69d,723d5bb4-26ff-4e45-9994-9c9d958ef671,c95a219d-4d11-439e-b445-a08dec677cce,->,5ee5cae8-643a-4262-92ab-52232c3ec69d,java/lang/StringBuilder.java,append
5ee5cae8-643a-4262-92ab-52232c3ec69d,723d5bb4-26ff-4e45-9994-9c9d958ef671,c95a219d-4d11-439e-b445-a08dec677cce,->,5ee5cae8-643a-4262-92ab-52232c3ec69d,java/lang/StringBuilder.java,append
5ee5cae8-643a-4262-92ab-52232c3ec69d,723d5bb4-26ff-4e45-9994-9c9d958ef671,c95a219d-4d11-439e-b445-a08dec677cce,->,5ee5cae8-643a-4262-92ab-52232c3ec69d,com/division/freeforall/engines/EngineException.java,getMessage
5ee5cae8-643a-4262-92ab-52232c3ec69d,723d5bb4-26ff-4e45-9994-9c9d958ef671,c95a219d-4d11-439e-b445-a08dec677cce,->,5ee5cae8-643a-4262-92ab-52232c3ec69d,java/lang/StringBuilder.java,append
5ee5cae8-643a-4262-92ab-52232c3ec69d,723d5bb4-26ff-4e45-9994-9c9d958ef671,c95a219d-4d11-439e-b445-a08dec677cce,->,5ee5cae8-643a-4262-92ab-52232c3ec69d,java/lang/StringBuilder.java,toString
5ee5cae8-643a-4262-92ab-52232c3ec69d,723d5bb4-26ff-4e45-9994-9c9d958ef671,c95a219d-4d11-439e-b445-a08dec677cce,->,5ee5cae8-643a-4262-92ab-52232c3ec69d,java/io/PrintStream.java,println
5ee5cae8-643a-4262-92ab-52232c3ec69d,723d5bb4-26ff-4e45-9994-9c9d958ef671,6d71b312-ab95-454a-9c9a-b257dbf759e0,->,5ee5cae8-643a-4262-92ab-52232c3ec69d,java/util/Map.java,containsKey
5ee5cae8-643a-4262-92ab-52232c3ec69d,723d5bb4-26ff-4e45-9994-9c9d958ef671,6d71b312-ab95-454a-9c9a-b257dbf759e0,->,5ee5cae8-643a-4262-92ab-52232c3ec69d,java/util/Map.java,get
5ee5cae8-643a-4262-92ab-52232c3ec69d,723d5bb4-26ff-4e45-9994-9c9d958ef671,833165df-e9a6-46f6-bc44-15bb189c3e72,->,5ee5cae8-643a-4262-92ab-52232c3ec69d,java/util/Map.java,get
5ee5cae8-643a-4262-92ab-52232c3ec69d,723d5bb4-26ff-4e45-9994-9c9d958ef671,833165df-e9a6-46f6-bc44-15bb189c3e72,->,5ee5cae8-643a-4262-92ab-52232c3ec69d,org/bukkit/event/HandlerList.java,unregisterAll
5ee5cae8-643a-4262-92ab-52232c3ec69d,723d5bb4-26ff-4e45-9994-9c9d958ef671,833165df-e9a6-46f6-bc44-15bb189c3e72,->,5ee5cae8-643a-4262-92ab-52232c3ec69d,java/lang/StringBuilder.java,append
5ee5cae8-643a-4262-92ab-52232c3ec69d,723d5bb4-26ff-4e45-9994-9c9d958ef671,833165df-e9a6-46f6-bc44-15bb189c3e72,->,5ee5cae8-643a-4262-92ab-52232c3ec69d,0b9011d5-4512-46ce-8f5a-c8dba29e496f,029981c2-0b7a-405b-9724-22eb1a501d25
5ee5cae8-643a-4262-92ab-52232c3ec69d,723d5bb4-26ff-4e45-9994-9c9d958ef671,833165df-e9a6-46f6-bc44-15bb189c3e72,->,5ee5cae8-643a-4262-92ab-52232c3ec69d,java/lang/StringBuilder.java,append
5ee5cae8-643a-4262-92ab-52232c3ec69d,723d5bb4-26ff-4e45-9994-9c9d958ef671,833165df-e9a6-46f6-bc44-15bb189c3e72,->,5ee5cae8-643a-4262-92ab-52232c3ec69d,java/lang/StringBuilder.java,append
5ee5cae8-643a-4262-92ab-52232c3ec69d,723d5bb4-26ff-4e45-9994-9c9d958ef671,833165df-e9a6-46f6-bc44-15bb189c3e72,->,5ee5cae8-643a-4262-92ab-52232c3ec69d,java/lang/StringBuilder.java,toString
5ee5cae8-643a-4262-92ab-52232c3ec69d,723d5bb4-26ff-4e45-9994-9c9d958ef671,833165df-e9a6-46f6-bc44-15bb189c3e72,->,5ee5cae8-643a-4262-92ab-52232c3ec69d,java/io/PrintStream.java,println
5ee5cae8-643a-4262-92ab-52232c3ec69d,723d5bb4-26ff-4e45-9994-9c9d958ef671,833165df-e9a6-46f6-bc44-15bb189c3e72,->,5ee5cae8-643a-4262-92ab-52232c3ec69d,java/util/Map.java,remove
5ee5cae8-643a-4262-92ab-52232c3ec69d,723d5bb4-26ff-4e45-9994-9c9d958ef671,caa24cf8-eaf1-4afc-a976-609bf9ebab5e,->,5ee5cae8-643a-4262-92ab-52232c3ec69d,java/util/Map.java,containsKey
5ee5cae8-643a-4262-92ab-52232c3ec69d,723d5bb4-26ff-4e45-9994-9c9d958ef671,27416550-61fb-4bd6-8c42-2fef63e91e84,->,5ee5cae8-643a-4262-92ab-52232c3ec69d,java/util/Map.java,keySet
5ee5cae8-643a-4262-92ab-52232c3ec69d,723d5bb4-26ff-4e45-9994-9c9d958ef671,9f71fce1-c101-4fc7-91b0-bc1cff3de525,->,5ee5cae8-643a-4262-92ab-52232c3ec69d,java/util/Map.java,get
5ee5cae8-643a-4262-92ab-52232c3ec69d,723d5bb4-26ff-4e45-9994-9c9d958ef671,9f71fce1-c101-4fc7-91b0-bc1cff3de525,->,5ee5cae8-643a-4262-92ab-52232c3ec69d,java/lang/Object.java,getClass
5ee5cae8-643a-4262-92ab-52232c3ec69d,723d5bb4-26ff-4e45-9994-9c9d958ef671,9f71fce1-c101-4fc7-91b0-bc1cff3de525,->,5ee5cae8-643a-4262-92ab-52232c3ec69d,java/lang/Class.java,getAnnotation
5ee5cae8-643a-4262-92ab-52232c3ec69d,723d5bb4-26ff-4e45-9994-9c9d958ef671,9f71fce1-c101-4fc7-91b0-bc1cff3de525,->,5ee5cae8-643a-4262-92ab-52232c3ec69d,com/division/freeforall/engines/EngineInfo.java,version
5ee5cae8-643a-4262-92ab-52232c3ec69d,723d5bb4-26ff-4e45-9994-9c9d958ef671,d44ebfe3-f403-4e38-b25d-9468a338c9b7,->,5ee5cae8-643a-4262-92ab-52232c3ec69d,java/util/Map.java,get
5ee5cae8-643a-4262-92ab-52232c3ec69d,723d5bb4-26ff-4e45-9994-9c9d958ef671,d44ebfe3-f403-4e38-b25d-9468a338c9b7,->,5ee5cae8-643a-4262-92ab-52232c3ec69d,java/lang/Object.java,getClass
5ee5cae8-643a-4262-92ab-52232c3ec69d,723d5bb4-26ff-4e45-9994-9c9d958ef671,d44ebfe3-f403-4e38-b25d-9468a338c9b7,->,5ee5cae8-643a-4262-92ab-52232c3ec69d,java/lang/Class.java,getAnnotation
5ee5cae8-643a-4262-92ab-52232c3ec69d,723d5bb4-26ff-4e45-9994-9c9d958ef671,d44ebfe3-f403-4e38-b25d-9468a338c9b7,->,5ee5cae8-643a-4262-92ab-52232c3ec69d,com/division/freeforall/engines/EngineInfo.java,author
5ee5cae8-643a-4262-92ab-52232c3ec69d,723d5bb4-26ff-4e45-9994-9c9d958ef671,6227af72-edac-4b20-b463-abdc163471b9,->,5ee5cae8-643a-4262-92ab-52232c3ec69d,java/util/Map.java,keySet
5ee5cae8-643a-4262-92ab-52232c3ec69d,723d5bb4-26ff-4e45-9994-9c9d958ef671,6227af72-edac-4b20-b463-abdc163471b9,->,5ee5cae8-643a-4262-92ab-52232c3ec69d,java/util/Set.java,size
5ee5cae8-643a-4262-92ab-52232c3ec69d,723d5bb4-26ff-4e45-9994-9c9d958ef671,6227af72-edac-4b20-b463-abdc163471b9,->,5ee5cae8-643a-4262-92ab-52232c3ec69d,java/util/Set.java,toArray
5ee5cae8-643a-4262-92ab-52232c3ec69d,723d5bb4-26ff-4e45-9994-9c9d958ef671,6227af72-edac-4b20-b463-abdc163471b9,->,5ee5cae8-643a-4262-92ab-52232c3ec69d,723d5bb4-26ff-4e45-9994-9c9d958ef671,833165df-e9a6-46f6-bc44-15bb189c3e72
5ee5cae8-643a-4262-92ab-52232c3ec69d,723d5bb4-26ff-4e45-9994-9c9d958ef671,dd5b56c6-285b-4c08-b0d1-0b17d3f2aca2,->,5ee5cae8-643a-4262-92ab-52232c3ec69d,java/util/List.java,size
5ee5cae8-643a-4262-92ab-52232c3ec69d,723d5bb4-26ff-4e45-9994-9c9d958ef671,dd5b56c6-285b-4c08-b0d1-0b17d3f2aca2,->,5ee5cae8-643a-4262-92ab-52232c3ec69d,java/util/List.java,toArray
5ee5cae8-643a-4262-92ab-52232c3ec69d,723d5bb4-26ff-4e45-9994-9c9d958ef671,dd5b56c6-285b-4c08-b0d1-0b17d3f2aca2,->,5ee5cae8-643a-4262-92ab-52232c3ec69d,723d5bb4-26ff-4e45-9994-9c9d958ef671,c95a219d-4d11-439e-b445-a08dec677cce
5ee5cae8-643a-4262-92ab-52232c3ec69d,723d5bb4-26ff-4e45-9994-9c9d958ef671,dd5b56c6-285b-4c08-b0d1-0b17d3f2aca2,->,5ee5cae8-643a-4262-92ab-52232c3ec69d,com/division/freeforall/engines/EngineException.java,getMessage
5ee5cae8-643a-4262-92ab-52232c3ec69d,723d5bb4-26ff-4e45-9994-9c9d958ef671,dd5b56c6-285b-4c08-b0d1-0b17d3f2aca2,->,5ee5cae8-643a-4262-92ab-52232c3ec69d,java/io/PrintStream.java,println
5ee5cae8-643a-4262-92ab-52232c3ec69d,com/division/freeforall/engines/StorageEngine.java,runStartupChecks,->,5ee5cae8-643a-4262-92ab-52232c3ec69d,66a50078-13ab-4c91-b773-85494ce9b61e,a0722926-cc9f-48cf-a8d6-851d01a9ff24
5ee5cae8-643a-4262-92ab-52232c3ec69d,com/division/freeforall/engines/StorageEngine.java,runStartupChecks,->,5ee5cae8-643a-4262-92ab-52232c3ec69d,66a50078-13ab-4c91-b773-85494ce9b61e,230ddd68-64fe-466d-9877-c16cba882828
5ee5cae8-643a-4262-92ab-52232c3ec69d,com/division/freeforall/engines/StorageEngine.java,runStartupChecks,->,5ee5cae8-643a-4262-92ab-52232c3ec69d,723d5bb4-26ff-4e45-9994-9c9d958ef671,6d71b312-ab95-454a-9c9a-b257dbf759e0
5ee5cae8-643a-4262-92ab-52232c3ec69d,com/division/freeforall/engines/StorageEngine.java,onPlayerDamagedInArena,->,5ee5cae8-643a-4262-92ab-52232c3ec69d,com/division/freeforall/events/PlayerDamageInArenaEvent.java,getVictim
5ee5cae8-643a-4262-92ab-52232c3ec69d,com/division/freeforall/engines/StorageEngine.java,onPlayerDamagedInArena,->,5ee5cae8-643a-4262-92ab-52232c3ec69d,com/division/freeforall/events/PlayerDamageInArenaEvent.java,getDamageEvent
5ee5cae8-643a-4262-92ab-52232c3ec69d,com/division/freeforall/engines/StorageEngine.java,onPlayerDamagedInArena,->,5ee5cae8-643a-4262-92ab-52232c3ec69d,org/bukkit/event/entity/EntityDamageByEntityEvent.java,getDamager
5ee5cae8-643a-4262-92ab-52232c3ec69d,com/division/freeforall/engines/StorageEngine.java,onPlayerDamagedInArena,->,5ee5cae8-643a-4262-92ab-52232c3ec69d,org/bukkit/event/entity/EntityDamageByEntityEvent.java,getDamager
5ee5cae8-643a-4262-92ab-52232c3ec69d,com/division/freeforall/engines/StorageEngine.java,onPlayerDamagedInArena,->,5ee5cae8-643a-4262-92ab-52232c3ec69d,org/bukkit/entity/Player.java,getName
5ee5cae8-643a-4262-92ab-52232c3ec69d,com/division/freeforall/engines/StorageEngine.java,onPlayerDamagedInArena,->,5ee5cae8-643a-4262-92ab-52232c3ec69d,com/division/freeforall/engines/StorageEngine.java,getStorage
5ee5cae8-643a-4262-92ab-52232c3ec69d,com/division/freeforall/engines/StorageEngine.java,onPlayerDamagedInArena,->,5ee5cae8-643a-4262-92ab-52232c3ec69d,org/bukkit/entity/Player.java,getName
5ee5cae8-643a-4262-92ab-52232c3ec69d,com/division/freeforall/engines/StorageEngine.java,onPlayerDamagedInArena,->,5ee5cae8-643a-4262-92ab-52232c3ec69d,1f4dd95c-5f56-4a02-8e62-7a399a8fe84c,f7f7ac53-b9d1-4512-85ed-e676ec1d42bf
5ee5cae8-643a-4262-92ab-52232c3ec69d,com/division/freeforall/engines/StorageEngine.java,onPlayerDamagedInArena,->,5ee5cae8-643a-4262-92ab-52232c3ec69d,com/division/freeforall/events/PlayerDamageInArenaEvent.java,getDamageEvent
5ee5cae8-643a-4262-92ab-52232c3ec69d,com/division/freeforall/engines/StorageEngine.java,onPlayerDamagedInArena,->,5ee5cae8-643a-4262-92ab-52232c3ec69d,org/bukkit/event/entity/EntityDamageEvent.java,isCancelled
5ee5cae8-643a-4262-92ab-52232c3ec69d,com/division/freeforall/engines/StorageEngine.java,onPlayerDamagedInArena,->,5ee5cae8-643a-4262-92ab-52232c3ec69d,com/division/freeforall/events/PlayerDamageInArenaEvent.java,getDamageEvent
5ee5cae8-643a-4262-92ab-52232c3ec69d,com/division/freeforall/engines/StorageEngine.java,onPlayerDamagedInArena,->,5ee5cae8-643a-4262-92ab-52232c3ec69d,org/bukkit/event/entity/EntityDamageEvent.java,getDamage
5ee5cae8-643a-4262-92ab-52232c3ec69d,com/division/freeforall/engines/StorageEngine.java,onPlayerDamagedInArena,->,5ee5cae8-643a-4262-92ab-52232c3ec69d,com/division/freeforall/engines/StorageEngine.java,getArmorRedox
5ee5cae8-643a-4262-92ab-52232c3ec69d,com/division/freeforall/engines/StorageEngine.java,onPlayerDamagedInArena,->,5ee5cae8-643a-4262-92ab-52232c3ec69d,org/bukkit/entity/Player.java,damage
5ee5cae8-643a-4262-92ab-52232c3ec69d,com/division/freeforall/engines/StorageEngine.java,onPlayerDamagedInArena,->,5ee5cae8-643a-4262-92ab-52232c3ec69d,org/bukkit/entity/Player.java,getInventory
5ee5cae8-643a-4262-92ab-52232c3ec69d,com/division/freeforall/engines/StorageEngine.java,onPlayerDamagedInArena,->,5ee5cae8-643a-4262-92ab-52232c3ec69d,org/bukkit/inventory/PlayerInventory.java,getArmorContents
5ee5cae8-643a-4262-92ab-52232c3ec69d,com/division/freeforall/engines/StorageEngine.java,onPlayerDamagedInArena,->,5ee5cae8-643a-4262-92ab-52232c3ec69d,org/bukkit/inventory/ItemStack.java,getDurability
5ee5cae8-643a-4262-92ab-52232c3ec69d,com/division/freeforall/engines/StorageEngine.java,onPlayerDamagedInArena,->,5ee5cae8-643a-4262-92ab-52232c3ec69d,org/bukkit/inventory/ItemStack.java,setDurability
5ee5cae8-643a-4262-92ab-52232c3ec69d,com/division/freeforall/engines/StorageEngine.java,onPlayerDamagedInArena,->,5ee5cae8-643a-4262-92ab-52232c3ec69d,com/division/freeforall/events/PlayerDamageInArenaEvent.java,getDamageEvent
5ee5cae8-643a-4262-92ab-52232c3ec69d,com/division/freeforall/engines/StorageEngine.java,onPlayerDamagedInArena,->,5ee5cae8-643a-4262-92ab-52232c3ec69d,org/bukkit/event/entity/EntityDamageEvent.java,setCancelled
5ee5cae8-643a-4262-92ab-52232c3ec69d,com/division/freeforall/engines/StorageEngine.java,onPlayerQuitInArena,->,5ee5cae8-643a-4262-92ab-52232c3ec69d,com/division/freeforall/events/PlayerQuitInArenaEvent.java,getPlayer
5ee5cae8-643a-4262-92ab-52232c3ec69d,com/division/freeforall/engines/StorageEngine.java,onPlayerQuitInArena,->,5ee5cae8-643a-4262-92ab-52232c3ec69d,com/division/freeforall/events/PlayerQuitInArenaEvent.java,getPlayer
5ee5cae8-643a-4262-92ab-52232c3ec69d,com/division/freeforall/engines/StorageEngine.java,onPlayerQuitInArena,->,5ee5cae8-643a-4262-92ab-52232c3ec69d,com/division/freeforall/engines/StorageEngine.java,hasStorage
5ee5cae8-643a-4262-92ab-52232c3ec69d,com/division/freeforall/engines/StorageEngine.java,onPlayerQuitInArena,->,5ee5cae8-643a-4262-92ab-52232c3ec69d,org/bukkit/entity/Player.java,getName
5ee5cae8-643a-4262-92ab-52232c3ec69d,com/division/freeforall/engines/StorageEngine.java,onPlayerQuitInArena,->,5ee5cae8-643a-4262-92ab-52232c3ec69d,com/division/freeforall/engines/StorageEngine.java,getStorage
5ee5cae8-643a-4262-92ab-52232c3ec69d,com/division/freeforall/engines/StorageEngine.java,onPlayerQuitInArena,->,5ee5cae8-643a-4262-92ab-52232c3ec69d,org/bukkit/entity/Player.java,hasPotionEffect
5ee5cae8-643a-4262-92ab-52232c3ec69d,com/division/freeforall/engines/StorageEngine.java,onPlayerQuitInArena,->,5ee5cae8-643a-4262-92ab-52232c3ec69d,org/bukkit/entity/Player.java,removePotionEffect
5ee5cae8-643a-4262-92ab-52232c3ec69d,com/division/freeforall/engines/StorageEngine.java,onPlayerQuitInArena,->,5ee5cae8-643a-4262-92ab-52232c3ec69d,1f4dd95c-5f56-4a02-8e62-7a399a8fe84c,a3cf3f3b-8908-48cf-8994-6d436a51dd54
5ee5cae8-643a-4262-92ab-52232c3ec69d,com/division/freeforall/engines/StorageEngine.java,onPlayerQuitInArena,->,5ee5cae8-643a-4262-92ab-52232c3ec69d,52ad6902-4a93-4b34-a2ac-fc087fe174cc,d570e828-ee1d-4340-a275-94a04b55a360
5ee5cae8-643a-4262-92ab-52232c3ec69d,com/division/freeforall/engines/StorageEngine.java,onPlayerQuitInArena,->,5ee5cae8-643a-4262-92ab-52232c3ec69d,52ad6902-4a93-4b34-a2ac-fc087fe174cc,9c1eb853-ffd7-4732-8ecb-165eb830925b
5ee5cae8-643a-4262-92ab-52232c3ec69d,com/division/freeforall/engines/StorageEngine.java,onPlayerEnteredArena,->,5ee5cae8-643a-4262-92ab-52232c3ec69d,com/division/freeforall/events/PlayerEnteredArenaEvent.java,getPlayer
5ee5cae8-643a-4262-92ab-52232c3ec69d,com/division/freeforall/engines/StorageEngine.java,onPlayerEnteredArena,->,5ee5cae8-643a-4262-92ab-52232c3ec69d,com/division/freeforall/engines/StorageEngine.java,hasStorage
5ee5cae8-643a-4262-92ab-52232c3ec69d,com/division/freeforall/engines/StorageEngine.java,onPlayerEnteredArena,->,5ee5cae8-643a-4262-92ab-52232c3ec69d,com/division/freeforall/events/PlayerEnteredArenaEvent.java,getPlayer
5ee5cae8-643a-4262-92ab-52232c3ec69d,com/division/freeforall/engines/StorageEngine.java,onPlayerEnteredArena,->,5ee5cae8-643a-4262-92ab-52232c3ec69d,com/division/freeforall/engines/StorageEngine.java,addStorage
5ee5cae8-643a-4262-92ab-52232c3ec69d,com/division/freeforall/engines/StorageEngine.java,onPlayerEnteredArena,->,5ee5cae8-643a-4262-92ab-52232c3ec69d,com/division/freeforall/events/PlayerEnteredArenaEvent.java,setCancelled
5ee5cae8-643a-4262-92ab-52232c3ec69d,com/division/freeforall/engines/StorageEngine.java,addStorage,->,5ee5cae8-643a-4262-92ab-52232c3ec69d,org/bukkit/entity/Player.java,getName
5ee5cae8-643a-4262-92ab-52232c3ec69d,com/division/freeforall/engines/StorageEngine.java,addStorage,->,5ee5cae8-643a-4262-92ab-52232c3ec69d,org/bukkit/entity/Player.java,getInventory
5ee5cae8-643a-4262-92ab-52232c3ec69d,com/division/freeforall/engines/StorageEngine.java,addStorage,->,5ee5cae8-643a-4262-92ab-52232c3ec69d,java/util/ArrayList.java,add
5ee5cae8-643a-4262-92ab-52232c3ec69d,com/division/freeforall/engines/StorageEngine.java,addStorage,->,5ee5cae8-643a-4262-92ab-52232c3ec69d,java/lang/StringBuilder.java,append
5ee5cae8-643a-4262-92ab-52232c3ec69d,com/division/freeforall/engines/StorageEngine.java,addStorage,->,5ee5cae8-643a-4262-92ab-52232c3ec69d,org/bukkit/entity/Player.java,getName
5ee5cae8-643a-4262-92ab-52232c3ec69d,com/division/freeforall/engines/StorageEngine.java,addStorage,->,5ee5cae8-643a-4262-92ab-52232c3ec69d,java/lang/StringBuilder.java,append
5ee5cae8-643a-4262-92ab-52232c3ec69d,com/division/freeforall/engines/StorageEngine.java,addStorage,->,5ee5cae8-643a-4262-92ab-52232c3ec69d,java/lang/StringBuilder.java,toString
5ee5cae8-643a-4262-92ab-52232c3ec69d,com/division/freeforall/engines/StorageEngine.java,addStorage,->,5ee5cae8-643a-4262-92ab-52232c3ec69d,java/io/PrintStream.java,println
5ee5cae8-643a-4262-92ab-52232c3ec69d,com/division/freeforall/engines/StorageEngine.java,getStorage,->,5ee5cae8-643a-4262-92ab-52232c3ec69d,java/util/ArrayList.java,iterator
5ee5cae8-643a-4262-92ab-52232c3ec69d,com/division/freeforall/engines/StorageEngine.java,getStorage,->,5ee5cae8-643a-4262-92ab-52232c3ec69d,java/util/Iterator.java,hasNext
5ee5cae8-643a-4262-92ab-52232c3ec69d,com/division/freeforall/engines/StorageEngine.java,getStorage,->,5ee5cae8-643a-4262-92ab-52232c3ec69d,java/util/Iterator.java,next
5ee5cae8-643a-4262-92ab-52232c3ec69d,com/division/freeforall/engines/StorageEngine.java,getStorage,->,5ee5cae8-643a-4262-92ab-52232c3ec69d,1f4dd95c-5f56-4a02-8e62-7a399a8fe84c,a3cf3f3b-8908-48cf-8994-6d436a51dd54
5ee5cae8-643a-4262-92ab-52232c3ec69d,com/division/freeforall/engines/StorageEngine.java,getStorage,->,5ee5cae8-643a-4262-92ab-52232c3ec69d,java/lang/String.java,equals
5ee5cae8-643a-4262-92ab-52232c3ec69d,com/division/freeforall/engines/StorageEngine.java,safeRestore,->,5ee5cae8-643a-4262-92ab-52232c3ec69d,org/bukkit/entity/Player.java,isDead
5ee5cae8-643a-4262-92ab-52232c3ec69d,com/division/freeforall/engines/StorageEngine.java,safeRestore,->,5ee5cae8-643a-4262-92ab-52232c3ec69d,org/bukkit/entity/Player.java,getWorld
5ee5cae8-643a-4262-92ab-52232c3ec69d,com/division/freeforall/engines/StorageEngine.java,safeRestore,->,5ee5cae8-643a-4262-92ab-52232c3ec69d,org/bukkit/World.java,getSpawnLocation
5ee5cae8-643a-4262-92ab-52232c3ec69d,com/division/freeforall/engines/StorageEngine.java,safeRestore,->,5ee5cae8-643a-4262-92ab-52232c3ec69d,org/bukkit/entity/Player.java,teleport
5ee5cae8-643a-4262-92ab-52232c3ec69d,com/division/freeforall/engines/StorageEngine.java,hasStorage,->,5ee5cae8-643a-4262-92ab-52232c3ec69d,org/bukkit/entity/Player.java,getName
5ee5cae8-643a-4262-92ab-52232c3ec69d,com/division/freeforall/engines/StorageEngine.java,hasStorage,->,5ee5cae8-643a-4262-92ab-52232c3ec69d,com/division/freeforall/engines/StorageEngine.java,getStorage
5ee5cae8-643a-4262-92ab-52232c3ec69d,com/division/freeforall/engines/StorageEngine.java,removeStorage,->,5ee5cae8-643a-4262-92ab-52232c3ec69d,java/util/ArrayList.java,remove
5ee5cae8-643a-4262-92ab-52232c3ec69d,com/division/freeforall/engines/StorageEngine.java,saveAll,->,5ee5cae8-643a-4262-92ab-52232c3ec69d,java/util/ArrayList.java,iterator
5ee5cae8-643a-4262-92ab-52232c3ec69d,com/division/freeforall/engines/StorageEngine.java,saveAll,->,5ee5cae8-643a-4262-92ab-52232c3ec69d,java/util/Iterator.java,hasNext
5ee5cae8-643a-4262-92ab-52232c3ec69d,com/division/freeforall/engines/StorageEngine.java,saveAll,->,5ee5cae8-643a-4262-92ab-52232c3ec69d,java/util/Iterator.java,next
5ee5cae8-643a-4262-92ab-52232c3ec69d,com/division/freeforall/engines/StorageEngine.java,saveAll,->,5ee5cae8-643a-4262-92ab-52232c3ec69d,com/division/freeforall/engines/StorageEngine.java,createOfflineStorage
5ee5cae8-643a-4262-92ab-52232c3ec69d,com/division/freeforall/engines/StorageEngine.java,createOfflineStorage,->,5ee5cae8-643a-4262-92ab-52232c3ec69d,1f4dd95c-5f56-4a02-8e62-7a399a8fe84c,a3cf3f3b-8908-48cf-8994-6d436a51dd54
5ee5cae8-643a-4262-92ab-52232c3ec69d,com/division/freeforall/engines/StorageEngine.java,createOfflineStorage,->,5ee5cae8-643a-4262-92ab-52232c3ec69d,com/division/freeforall/engines/StorageEngine.java,hasOfflineStorage
5ee5cae8-643a-4262-92ab-52232c3ec69d,com/division/freeforall/engines/StorageEngine.java,createOfflineStorage,->,5ee5cae8-643a-4262-92ab-52232c3ec69d,java/lang/StringBuilder.java,append
5ee5cae8-643a-4262-92ab-52232c3ec69d,com/division/freeforall/engines/StorageEngine.java,createOfflineStorage,->,5ee5cae8-643a-4262-92ab-52232c3ec69d,1f4dd95c-5f56-4a02-8e62-7a399a8fe84c,a3cf3f3b-8908-48cf-8994-6d436a51dd54
5ee5cae8-643a-4262-92ab-52232c3ec69d,com/division/freeforall/engines/StorageEngine.java,createOfflineStorage,->,5ee5cae8-643a-4262-92ab-52232c3ec69d,java/lang/StringBuilder.java,append
5ee5cae8-643a-4262-92ab-52232c3ec69d,com/division/freeforall/engines/StorageEngine.java,createOfflineStorage,->,5ee5cae8-643a-4262-92ab-52232c3ec69d,java/lang/StringBuilder.java,append
5ee5cae8-643a-4262-92ab-52232c3ec69d,com/division/freeforall/engines/StorageEngine.java,createOfflineStorage,->,5ee5cae8-643a-4262-92ab-52232c3ec69d,java/lang/StringBuilder.java,toString
5ee5cae8-643a-4262-92ab-52232c3ec69d,com/division/freeforall/engines/StorageEngine.java,createOfflineStorage,->,5ee5cae8-643a-4262-92ab-52232c3ec69d,java/io/PrintStream.java,println
5ee5cae8-643a-4262-92ab-52232c3ec69d,com/division/freeforall/engines/StorageEngine.java,createOfflineStorage,->,5ee5cae8-643a-4262-92ab-52232c3ec69d,52ad6902-4a93-4b34-a2ac-fc087fe174cc,9c1eb853-ffd7-4732-8ecb-165eb830925b
5ee5cae8-643a-4262-92ab-52232c3ec69d,com/division/freeforall/engines/StorageEngine.java,createOfflineStorage,->,5ee5cae8-643a-4262-92ab-52232c3ec69d,java/lang/StringBuilder.java,append
5ee5cae8-643a-4262-92ab-52232c3ec69d,com/division/freeforall/engines/StorageEngine.java,createOfflineStorage,->,5ee5cae8-643a-4262-92ab-52232c3ec69d,1f4dd95c-5f56-4a02-8e62-7a399a8fe84c,a3cf3f3b-8908-48cf-8994-6d436a51dd54
5ee5cae8-643a-4262-92ab-52232c3ec69d,com/division/freeforall/engines/StorageEngine.java,createOfflineStorage,->,5ee5cae8-643a-4262-92ab-52232c3ec69d,java/lang/StringBuilder.java,append
5ee5cae8-643a-4262-92ab-52232c3ec69d,com/division/freeforall/engines/StorageEngine.java,createOfflineStorage,->,5ee5cae8-643a-4262-92ab-52232c3ec69d,java/lang/StringBuilder.java,append
5ee5cae8-643a-4262-92ab-52232c3ec69d,com/division/freeforall/engines/StorageEngine.java,createOfflineStorage,->,5ee5cae8-643a-4262-92ab-52232c3ec69d,java/lang/StringBuilder.java,toString
5ee5cae8-643a-4262-92ab-52232c3ec69d,com/division/freeforall/engines/StorageEngine.java,createOfflineStorage,->,5ee5cae8-643a-4262-92ab-52232c3ec69d,java/io/PrintStream.java,println
5ee5cae8-643a-4262-92ab-52232c3ec69d,com/division/freeforall/engines/StorageEngine.java,createOfflineStorage,->,5ee5cae8-643a-4262-92ab-52232c3ec69d,java/lang/StringBuilder.java,append
5ee5cae8-643a-4262-92ab-52232c3ec69d,com/division/freeforall/engines/StorageEngine.java,createOfflineStorage,->,5ee5cae8-643a-4262-92ab-52232c3ec69d,1f4dd95c-5f56-4a02-8e62-7a399a8fe84c,a3cf3f3b-8908-48cf-8994-6d436a51dd54
5ee5cae8-643a-4262-92ab-52232c3ec69d,com/division/freeforall/engines/StorageEngine.java,createOfflineStorage,->,5ee5cae8-643a-4262-92ab-52232c3ec69d,java/lang/StringBuilder.java,append
5ee5cae8-643a-4262-92ab-52232c3ec69d,com/division/freeforall/engines/StorageEngine.java,createOfflineStorage,->,5ee5cae8-643a-4262-92ab-52232c3ec69d,java/lang/StringBuilder.java,toString
5ee5cae8-643a-4262-92ab-52232c3ec69d,com/division/freeforall/engines/StorageEngine.java,createOfflineStorage,->,5ee5cae8-643a-4262-92ab-52232c3ec69d,java/io/PrintStream.java,println
5ee5cae8-643a-4262-92ab-52232c3ec69d,com/division/freeforall/engines/StorageEngine.java,hasOfflineStorage,->,5ee5cae8-643a-4262-92ab-52232c3ec69d,52ad6902-4a93-4b34-a2ac-fc087fe174cc,d570e828-ee1d-4340-a275-94a04b55a360
5ee5cae8-643a-4262-92ab-52232c3ec69d,com/division/freeforall/engines/StorageEngine.java,aO,->,5ee5cae8-643a-4262-92ab-52232c3ec69d,com/division/freeforall/engines/StorageEngine.java,l
5ee5cae8-643a-4262-92ab-52232c3ec69d,com/division/freeforall/engines/StorageEngine.java,l,->,5ee5cae8-643a-4262-92ab-52232c3ec69d,org/bukkit/entity/Player.java,getInventory
5ee5cae8-643a-4262-92ab-52232c3ec69d,com/division/freeforall/engines/StorageEngine.java,l,->,5ee5cae8-643a-4262-92ab-52232c3ec69d,org/bukkit/inventory/PlayerInventory.java,getArmorContents
5ee5cae8-643a-4262-92ab-52232c3ec69d,com/division/freeforall/engines/StorageEngine.java,getArmorRedox,->,5ee5cae8-643a-4262-92ab-52232c3ec69d,com/division/freeforall/engines/StorageEngine.java,aO
5ee5cae8-643a-4262-92ab-52232c3ec69d,com/division/freeforall/engines/StorageEngine.java,getArmorRedox,->,5ee5cae8-643a-4262-92ab-52232c3ec69d,com/division/freeforall/engines/StorageEngine.java,k
5ee5cae8-643a-4262-92ab-52232c3ec69d,com/division/freeforall/engines/StorageEngine.java,k,->,5ee5cae8-643a-4262-92ab-52232c3ec69d,org/bukkit/entity/Player.java,getInventory
5ee5cae8-643a-4262-92ab-52232c3ec69d,com/division/freeforall/engines/StorageEngine.java,k,->,5ee5cae8-643a-4262-92ab-52232c3ec69d,org/bukkit/inventory/PlayerInventory.java,getArmorContents
5ee5cae8-643a-4262-92ab-52232c3ec69d,com/division/freeforall/engines/StorageEngine.java,k,->,5ee5cae8-643a-4262-92ab-52232c3ec69d,org/bukkit/inventory/ItemStack.java,getDurability
5ee5cae8-643a-4262-92ab-52232c3ec69d,com/division/freeforall/engines/StorageEngine.java,k,->,5ee5cae8-643a-4262-92ab-52232c3ec69d,org/bukkit/inventory/ItemStack.java,setDurability
5ee5cae8-643a-4262-92ab-52232c3ec69d,com/division/freeforall/engines/StorageEngine.java,k,->,5ee5cae8-643a-4262-92ab-52232c3ec69d,org/bukkit/inventory/ItemStack.java,getDurability
5ee5cae8-643a-4262-92ab-52232c3ec69d,c5e8277c-a2fb-4fb3-9366-b16154a903cd,"54dbbc46-f200-46b2-8f75-c2cf61f9419d,5469fb69-ac49-4d91-b1d6-8762506c3c4b",->,5ee5cae8-643a-4262-92ab-52232c3ec69d,org/bukkit/Location.java,toVector
5ee5cae8-643a-4262-92ab-52232c3ec69d,c5e8277c-a2fb-4fb3-9366-b16154a903cd,"54dbbc46-f200-46b2-8f75-c2cf61f9419d,5469fb69-ac49-4d91-b1d6-8762506c3c4b",->,5ee5cae8-643a-4262-92ab-52232c3ec69d,org/bukkit/block/Block.java,getLocation
5ee5cae8-643a-4262-92ab-52232c3ec69d,c5e8277c-a2fb-4fb3-9366-b16154a903cd,"54dbbc46-f200-46b2-8f75-c2cf61f9419d,5469fb69-ac49-4d91-b1d6-8762506c3c4b",->,5ee5cae8-643a-4262-92ab-52232c3ec69d,org/bukkit/Location.java,toVector
5ee5cae8-643a-4262-92ab-52232c3ec69d,c5e8277c-a2fb-4fb3-9366-b16154a903cd,"54dbbc46-f200-46b2-8f75-c2cf61f9419d,5469fb69-ac49-4d91-b1d6-8762506c3c4b",->,5ee5cae8-643a-4262-92ab-52232c3ec69d,org/bukkit/util/Vector.java,clone
5ee5cae8-643a-4262-92ab-52232c3ec69d,66a50078-13ab-4c91-b773-85494ce9b61e,e3d1f52c-91dd-44fb-8854-9c7b98fa1f76,->,5ee5cae8-643a-4262-92ab-52232c3ec69d,66a50078-13ab-4c91-b773-85494ce9b61e,d39d1410-ab78-4551-b17c-0fd2abc991ee
5ee5cae8-643a-4262-92ab-52232c3ec69d,66a50078-13ab-4c91-b773-85494ce9b61e,e3d1f52c-91dd-44fb-8854-9c7b98fa1f76,->,5ee5cae8-643a-4262-92ab-52232c3ec69d,7556065c-1e04-4291-ba97-f6c0a3f30e19,b5a9b02c-20f9-4647-b997-518b5c0f4a3f
5ee5cae8-643a-4262-92ab-52232c3ec69d,66a50078-13ab-4c91-b773-85494ce9b61e,e3d1f52c-91dd-44fb-8854-9c7b98fa1f76,->,5ee5cae8-643a-4262-92ab-52232c3ec69d,66a50078-13ab-4c91-b773-85494ce9b61e,82467cd1-c3e1-47db-b0c7-acb0f8aced87
5ee5cae8-643a-4262-92ab-52232c3ec69d,66a50078-13ab-4c91-b773-85494ce9b61e,e3d1f52c-91dd-44fb-8854-9c7b98fa1f76,->,5ee5cae8-643a-4262-92ab-52232c3ec69d,com/division/freeforall/core/FreeForAll$Queue.java,runTaskTimer
5ee5cae8-643a-4262-92ab-52232c3ec69d,66a50078-13ab-4c91-b773-85494ce9b61e,e3d1f52c-91dd-44fb-8854-9c7b98fa1f76,->,5ee5cae8-643a-4262-92ab-52232c3ec69d,java/io/PrintStream.java,println
5ee5cae8-643a-4262-92ab-52232c3ec69d,66a50078-13ab-4c91-b773-85494ce9b61e,e3d1f52c-91dd-44fb-8854-9c7b98fa1f76,->,5ee5cae8-643a-4262-92ab-52232c3ec69d,723d5bb4-26ff-4e45-9994-9c9d958ef671,c95a219d-4d11-439e-b445-a08dec677cce
5ee5cae8-643a-4262-92ab-52232c3ec69d,66a50078-13ab-4c91-b773-85494ce9b61e,e3d1f52c-91dd-44fb-8854-9c7b98fa1f76,->,5ee5cae8-643a-4262-92ab-52232c3ec69d,com/division/freeforall/engines/EngineException.java,getMessage
5ee5cae8-643a-4262-92ab-52232c3ec69d,66a50078-13ab-4c91-b773-85494ce9b61e,e3d1f52c-91dd-44fb-8854-9c7b98fa1f76,->,5ee5cae8-643a-4262-92ab-52232c3ec69d,java/io/PrintStream.java,println
5ee5cae8-643a-4262-92ab-52232c3ec69d,66a50078-13ab-4c91-b773-85494ce9b61e,e3d1f52c-91dd-44fb-8854-9c7b98fa1f76,->,5ee5cae8-643a-4262-92ab-52232c3ec69d,java/lang/Exception.java,getMessage
5ee5cae8-643a-4262-92ab-52232c3ec69d,66a50078-13ab-4c91-b773-85494ce9b61e,e3d1f52c-91dd-44fb-8854-9c7b98fa1f76,->,5ee5cae8-643a-4262-92ab-52232c3ec69d,java/io/PrintStream.java,println
5ee5cae8-643a-4262-92ab-52232c3ec69d,66a50078-13ab-4c91-b773-85494ce9b61e,e3d1f52c-91dd-44fb-8854-9c7b98fa1f76,->,5ee5cae8-643a-4262-92ab-52232c3ec69d,java/io/PrintStream.java,println
5ee5cae8-643a-4262-92ab-52232c3ec69d,66a50078-13ab-4c91-b773-85494ce9b61e,e3d1f52c-91dd-44fb-8854-9c7b98fa1f76,->,5ee5cae8-643a-4262-92ab-52232c3ec69d,java/io/PrintStream.java,println
5ee5cae8-643a-4262-92ab-52232c3ec69d,66a50078-13ab-4c91-b773-85494ce9b61e,e3d1f52c-91dd-44fb-8854-9c7b98fa1f76,->,5ee5cae8-643a-4262-92ab-52232c3ec69d,723d5bb4-26ff-4e45-9994-9c9d958ef671,c95a219d-4d11-439e-b445-a08dec677cce
5ee5cae8-643a-4262-92ab-52232c3ec69d,66a50078-13ab-4c91-b773-85494ce9b61e,e3d1f52c-91dd-44fb-8854-9c7b98fa1f76,->,5ee5cae8-643a-4262-92ab-52232c3ec69d,com/division/freeforall/engines/EngineException.java,getMessage
5ee5cae8-643a-4262-92ab-52232c3ec69d,66a50078-13ab-4c91-b773-85494ce9b61e,e3d1f52c-91dd-44fb-8854-9c7b98fa1f76,->,5ee5cae8-643a-4262-92ab-52232c3ec69d,java/io/PrintStream.java,println
5ee5cae8-643a-4262-92ab-52232c3ec69d,66a50078-13ab-4c91-b773-85494ce9b61e,e3d1f52c-91dd-44fb-8854-9c7b98fa1f76,->,5ee5cae8-643a-4262-92ab-52232c3ec69d,723d5bb4-26ff-4e45-9994-9c9d958ef671,c95a219d-4d11-439e-b445-a08dec677cce
5ee5cae8-643a-4262-92ab-52232c3ec69d,66a50078-13ab-4c91-b773-85494ce9b61e,e3d1f52c-91dd-44fb-8854-9c7b98fa1f76,->,5ee5cae8-643a-4262-92ab-52232c3ec69d,com/division/freeforall/engines/EngineException.java,getMessage
5ee5cae8-643a-4262-92ab-52232c3ec69d,66a50078-13ab-4c91-b773-85494ce9b61e,e3d1f52c-91dd-44fb-8854-9c7b98fa1f76,->,5ee5cae8-643a-4262-92ab-52232c3ec69d,java/io/PrintStream.java,println
5ee5cae8-643a-4262-92ab-52232c3ec69d,66a50078-13ab-4c91-b773-85494ce9b61e,e3d1f52c-91dd-44fb-8854-9c7b98fa1f76,->,5ee5cae8-643a-4262-92ab-52232c3ec69d,723d5bb4-26ff-4e45-9994-9c9d958ef671,c95a219d-4d11-439e-b445-a08dec677cce
5ee5cae8-643a-4262-92ab-52232c3ec69d,66a50078-13ab-4c91-b773-85494ce9b61e,e3d1f52c-91dd-44fb-8854-9c7b98fa1f76,->,5ee5cae8-643a-4262-92ab-52232c3ec69d,com/division/freeforall/engines/EngineException.java,getMessage
5ee5cae8-643a-4262-92ab-52232c3ec69d,66a50078-13ab-4c91-b773-85494ce9b61e,e3d1f52c-91dd-44fb-8854-9c7b98fa1f76,->,5ee5cae8-643a-4262-92ab-52232c3ec69d,java/io/PrintStream.java,println
5ee5cae8-643a-4262-92ab-52232c3ec69d,66a50078-13ab-4c91-b773-85494ce9b61e,e3d1f52c-91dd-44fb-8854-9c7b98fa1f76,->,5ee5cae8-643a-4262-92ab-52232c3ec69d,723d5bb4-26ff-4e45-9994-9c9d958ef671,c95a219d-4d11-439e-b445-a08dec677cce
5ee5cae8-643a-4262-92ab-52232c3ec69d,66a50078-13ab-4c91-b773-85494ce9b61e,e3d1f52c-91dd-44fb-8854-9c7b98fa1f76,->,5ee5cae8-643a-4262-92ab-52232c3ec69d,com/division/freeforall/engines/EngineException.java,getMessage
5ee5cae8-643a-4262-92ab-52232c3ec69d,66a50078-13ab-4c91-b773-85494ce9b61e,e3d1f52c-91dd-44fb-8854-9c7b98fa1f76,->,5ee5cae8-643a-4262-92ab-52232c3ec69d,java/io/PrintStream.java,println
5ee5cae8-643a-4262-92ab-52232c3ec69d,66a50078-13ab-4c91-b773-85494ce9b61e,e3d1f52c-91dd-44fb-8854-9c7b98fa1f76,->,5ee5cae8-643a-4262-92ab-52232c3ec69d,723d5bb4-26ff-4e45-9994-9c9d958ef671,c95a219d-4d11-439e-b445-a08dec677cce
5ee5cae8-643a-4262-92ab-52232c3ec69d,66a50078-13ab-4c91-b773-85494ce9b61e,e3d1f52c-91dd-44fb-8854-9c7b98fa1f76,->,5ee5cae8-643a-4262-92ab-52232c3ec69d,com/division/freeforall/engines/EngineException.java,getMessage
5ee5cae8-643a-4262-92ab-52232c3ec69d,66a50078-13ab-4c91-b773-85494ce9b61e,e3d1f52c-91dd-44fb-8854-9c7b98fa1f76,->,5ee5cae8-643a-4262-92ab-52232c3ec69d,java/io/PrintStream.java,println
5ee5cae8-643a-4262-92ab-52232c3ec69d,66a50078-13ab-4c91-b773-85494ce9b61e,e3d1f52c-91dd-44fb-8854-9c7b98fa1f76,->,5ee5cae8-643a-4262-92ab-52232c3ec69d,java/io/PrintStream.java,println
5ee5cae8-643a-4262-92ab-52232c3ec69d,66a50078-13ab-4c91-b773-85494ce9b61e,e3d1f52c-91dd-44fb-8854-9c7b98fa1f76,->,5ee5cae8-643a-4262-92ab-52232c3ec69d,java/io/PrintStream.java,println
5ee5cae8-643a-4262-92ab-52232c3ec69d,66a50078-13ab-4c91-b773-85494ce9b61e,e3d1f52c-91dd-44fb-8854-9c7b98fa1f76,->,5ee5cae8-643a-4262-92ab-52232c3ec69d,com/division/freeforall/core/FreeForAll.java,getDescription
5ee5cae8-643a-4262-92ab-52232c3ec69d,66a50078-13ab-4c91-b773-85494ce9b61e,e3d1f52c-91dd-44fb-8854-9c7b98fa1f76,->,5ee5cae8-643a-4262-92ab-52232c3ec69d,org/bukkit/plugin/PluginDescriptionFile.java,getVersion
5ee5cae8-643a-4262-92ab-52232c3ec69d,66a50078-13ab-4c91-b773-85494ce9b61e,e3d1f52c-91dd-44fb-8854-9c7b98fa1f76,->,5ee5cae8-643a-4262-92ab-52232c3ec69d,java/lang/String.java,contains
5ee5cae8-643a-4262-92ab-52232c3ec69d,66a50078-13ab-4c91-b773-85494ce9b61e,e3d1f52c-91dd-44fb-8854-9c7b98fa1f76,->,5ee5cae8-643a-4262-92ab-52232c3ec69d,org/bukkit/Bukkit.java,getConsoleSender
5ee5cae8-643a-4262-92ab-52232c3ec69d,66a50078-13ab-4c91-b773-85494ce9b61e,e3d1f52c-91dd-44fb-8854-9c7b98fa1f76,->,5ee5cae8-643a-4262-92ab-52232c3ec69d,java/lang/StringBuilder.java,append
5ee5cae8-643a-4262-92ab-52232c3ec69d,66a50078-13ab-4c91-b773-85494ce9b61e,e3d1f52c-91dd-44fb-8854-9c7b98fa1f76,->,5ee5cae8-643a-4262-92ab-52232c3ec69d,java/lang/StringBuilder.java,append
5ee5cae8-643a-4262-92ab-52232c3ec69d,66a50078-13ab-4c91-b773-85494ce9b61e,e3d1f52c-91dd-44fb-8854-9c7b98fa1f76,->,5ee5cae8-643a-4262-92ab-52232c3ec69d,java/lang/StringBuilder.java,toString
5ee5cae8-643a-4262-92ab-52232c3ec69d,66a50078-13ab-4c91-b773-85494ce9b61e,e3d1f52c-91dd-44fb-8854-9c7b98fa1f76,->,5ee5cae8-643a-4262-92ab-52232c3ec69d,org/bukkit/command/ConsoleCommandSender.java,sendMessage
5ee5cae8-643a-4262-92ab-52232c3ec69d,66a50078-13ab-4c91-b773-85494ce9b61e,e3d1f52c-91dd-44fb-8854-9c7b98fa1f76,->,5ee5cae8-643a-4262-92ab-52232c3ec69d,java/io/PrintStream.java,println
5ee5cae8-643a-4262-92ab-52232c3ec69d,66a50078-13ab-4c91-b773-85494ce9b61e,e3d1f52c-91dd-44fb-8854-9c7b98fa1f76,->,5ee5cae8-643a-4262-92ab-52232c3ec69d,com/division/freeforall/core/FreeForAll.java,getServer
5ee5cae8-643a-4262-92ab-52232c3ec69d,66a50078-13ab-4c91-b773-85494ce9b61e,e3d1f52c-91dd-44fb-8854-9c7b98fa1f76,->,5ee5cae8-643a-4262-92ab-52232c3ec69d,org/bukkit/Server.java,getPluginManager
5ee5cae8-643a-4262-92ab-52232c3ec69d,66a50078-13ab-4c91-b773-85494ce9b61e,e3d1f52c-91dd-44fb-8854-9c7b98fa1f76,->,5ee5cae8-643a-4262-92ab-52232c3ec69d,org/bukkit/plugin/PluginManager.java,disablePlugin
5ee5cae8-643a-4262-92ab-52232c3ec69d,66a50078-13ab-4c91-b773-85494ce9b61e,82467cd1-c3e1-47db-b0c7-acb0f8aced87,->,5ee5cae8-643a-4262-92ab-52232c3ec69d,7556065c-1e04-4291-ba97-f6c0a3f30e19,fbe497eb-4997-4486-af02-519e0dd107a4
5ee5cae8-643a-4262-92ab-52232c3ec69d,66a50078-13ab-4c91-b773-85494ce9b61e,82467cd1-c3e1-47db-b0c7-acb0f8aced87,->,5ee5cae8-643a-4262-92ab-52232c3ec69d,java/util/Set.java,iterator
5ee5cae8-643a-4262-92ab-52232c3ec69d,66a50078-13ab-4c91-b773-85494ce9b61e,82467cd1-c3e1-47db-b0c7-acb0f8aced87,->,5ee5cae8-643a-4262-92ab-52232c3ec69d,java/util/Iterator.java,hasNext
5ee5cae8-643a-4262-92ab-52232c3ec69d,66a50078-13ab-4c91-b773-85494ce9b61e,82467cd1-c3e1-47db-b0c7-acb0f8aced87,->,5ee5cae8-643a-4262-92ab-52232c3ec69d,java/util/Iterator.java,next
5ee5cae8-643a-4262-92ab-52232c3ec69d,66a50078-13ab-4c91-b773-85494ce9b61e,82467cd1-c3e1-47db-b0c7-acb0f8aced87,->,5ee5cae8-643a-4262-92ab-52232c3ec69d,7556065c-1e04-4291-ba97-f6c0a3f30e19,96b68dcb-9de2-49a7-b8fb-fdddb653b10c
5ee5cae8-643a-4262-92ab-52232c3ec69d,66a50078-13ab-4c91-b773-85494ce9b61e,82467cd1-c3e1-47db-b0c7-acb0f8aced87,->,5ee5cae8-643a-4262-92ab-52232c3ec69d,7556065c-1e04-4291-ba97-f6c0a3f30e19,a4bde465-fb25-465f-bcd4-4fd03728f76b
5ee5cae8-643a-4262-92ab-52232c3ec69d,66a50078-13ab-4c91-b773-85494ce9b61e,82467cd1-c3e1-47db-b0c7-acb0f8aced87,->,5ee5cae8-643a-4262-92ab-52232c3ec69d,java/util/HashMap.java,put
5ee5cae8-643a-4262-92ab-52232c3ec69d,66a50078-13ab-4c91-b773-85494ce9b61e,82467cd1-c3e1-47db-b0c7-acb0f8aced87,->,5ee5cae8-643a-4262-92ab-52232c3ec69d,java/lang/StringBuilder.java,append
5ee5cae8-643a-4262-92ab-52232c3ec69d,66a50078-13ab-4c91-b773-85494ce9b61e,82467cd1-c3e1-47db-b0c7-acb0f8aced87,->,5ee5cae8-643a-4262-92ab-52232c3ec69d,java/lang/StringBuilder.java,append
5ee5cae8-643a-4262-92ab-52232c3ec69d,66a50078-13ab-4c91-b773-85494ce9b61e,82467cd1-c3e1-47db-b0c7-acb0f8aced87,->,5ee5cae8-643a-4262-92ab-52232c3ec69d,java/lang/StringBuilder.java,toString
5ee5cae8-643a-4262-92ab-52232c3ec69d,66a50078-13ab-4c91-b773-85494ce9b61e,82467cd1-c3e1-47db-b0c7-acb0f8aced87,->,5ee5cae8-643a-4262-92ab-52232c3ec69d,java/io/PrintStream.java,println
5ee5cae8-643a-4262-92ab-52232c3ec69d,66a50078-13ab-4c91-b773-85494ce9b61e,00f8836a-d100-41b2-a85e-745e1590604f,->,5ee5cae8-643a-4262-92ab-52232c3ec69d,java/io/PrintStream.java,println
5ee5cae8-643a-4262-92ab-52232c3ec69d,66a50078-13ab-4c91-b773-85494ce9b61e,00f8836a-d100-41b2-a85e-745e1590604f,->,5ee5cae8-643a-4262-92ab-52232c3ec69d,723d5bb4-26ff-4e45-9994-9c9d958ef671,6d71b312-ab95-454a-9c9a-b257dbf759e0
5ee5cae8-643a-4262-92ab-52232c3ec69d,66a50078-13ab-4c91-b773-85494ce9b61e,00f8836a-d100-41b2-a85e-745e1590604f,->,5ee5cae8-643a-4262-92ab-52232c3ec69d,com/division/freeforall/engines/StorageEngine.java,saveAll
5ee5cae8-643a-4262-92ab-52232c3ec69d,66a50078-13ab-4c91-b773-85494ce9b61e,00f8836a-d100-41b2-a85e-745e1590604f,->,5ee5cae8-643a-4262-92ab-52232c3ec69d,java/io/PrintStream.java,println
5ee5cae8-643a-4262-92ab-52232c3ec69d,66a50078-13ab-4c91-b773-85494ce9b61e,00f8836a-d100-41b2-a85e-745e1590604f,->,5ee5cae8-643a-4262-92ab-52232c3ec69d,java/io/PrintStream.java,println
5ee5cae8-643a-4262-92ab-52232c3ec69d,66a50078-13ab-4c91-b773-85494ce9b61e,00f8836a-d100-41b2-a85e-745e1590604f,->,5ee5cae8-643a-4262-92ab-52232c3ec69d,723d5bb4-26ff-4e45-9994-9c9d958ef671,6227af72-edac-4b20-b463-abdc163471b9
5ee5cae8-643a-4262-92ab-52232c3ec69d,66a50078-13ab-4c91-b773-85494ce9b61e,00f8836a-d100-41b2-a85e-745e1590604f,->,5ee5cae8-643a-4262-92ab-52232c3ec69d,java/io/PrintStream.java,println
5ee5cae8-643a-4262-92ab-52232c3ec69d,66a50078-13ab-4c91-b773-85494ce9b61e,00f8836a-d100-41b2-a85e-745e1590604f,->,5ee5cae8-643a-4262-92ab-52232c3ec69d,java/io/PrintStream.java,println
5ee5cae8-643a-4262-92ab-52232c3ec69d,66a50078-13ab-4c91-b773-85494ce9b61e,c8d57b39-8b52-4429-865c-75047e5cf330,->,5ee5cae8-643a-4262-92ab-52232c3ec69d,org/bukkit/command/Command.java,getName
5ee5cae8-643a-4262-92ab-52232c3ec69d,66a50078-13ab-4c91-b773-85494ce9b61e,c8d57b39-8b52-4429-865c-75047e5cf330,->,5ee5cae8-643a-4262-92ab-52232c3ec69d,java/lang/String.java,equalsIgnoreCase
5ee5cae8-643a-4262-92ab-52232c3ec69d,66a50078-13ab-4c91-b773-85494ce9b61e,c8d57b39-8b52-4429-865c-75047e5cf330,->,5ee5cae8-643a-4262-92ab-52232c3ec69d,java/lang/String.java,toLowerCase
5ee5cae8-643a-4262-92ab-52232c3ec69d,66a50078-13ab-4c91-b773-85494ce9b61e,c8d57b39-8b52-4429-865c-75047e5cf330,->,5ee5cae8-643a-4262-92ab-52232c3ec69d,java/lang/String.java,equalsIgnoreCase
5ee5cae8-643a-4262-92ab-52232c3ec69d,66a50078-13ab-4c91-b773-85494ce9b61e,c8d57b39-8b52-4429-865c-75047e5cf330,->,5ee5cae8-643a-4262-92ab-52232c3ec69d,org/bukkit/command/Command.java,getPermission
5ee5cae8-643a-4262-92ab-52232c3ec69d,66a50078-13ab-4c91-b773-85494ce9b61e,c8d57b39-8b52-4429-865c-75047e5cf330,->,5ee5cae8-643a-4262-92ab-52232c3ec69d,java/lang/StringBuilder.java,append
5ee5cae8-643a-4262-92ab-52232c3ec69d,66a50078-13ab-4c91-b773-85494ce9b61e,c8d57b39-8b52-4429-865c-75047e5cf330,->,5ee5cae8-643a-4262-92ab-52232c3ec69d,java/lang/StringBuilder.java,append
5ee5cae8-643a-4262-92ab-52232c3ec69d,66a50078-13ab-4c91-b773-85494ce9b61e,c8d57b39-8b52-4429-865c-75047e5cf330,->,5ee5cae8-643a-4262-92ab-52232c3ec69d,java/lang/StringBuilder.java,toString
5ee5cae8-643a-4262-92ab-52232c3ec69d,66a50078-13ab-4c91-b773-85494ce9b61e,c8d57b39-8b52-4429-865c-75047e5cf330,->,5ee5cae8-643a-4262-92ab-52232c3ec69d,org/bukkit/entity/Player.java,hasPermission
5ee5cae8-643a-4262-92ab-52232c3ec69d,66a50078-13ab-4c91-b773-85494ce9b61e,c8d57b39-8b52-4429-865c-75047e5cf330,->,5ee5cae8-643a-4262-92ab-52232c3ec69d,bb4a85df-1ffd-4558-bf54-b8f0603f02f6,2fb7dd3f-21b1-4816-93e8-3b5e4521cf77
5ee5cae8-643a-4262-92ab-52232c3ec69d,66a50078-13ab-4c91-b773-85494ce9b61e,c8d57b39-8b52-4429-865c-75047e5cf330,->,5ee5cae8-643a-4262-92ab-52232c3ec69d,bb4a85df-1ffd-4558-bf54-b8f0603f02f6,611de13f-9aa7-44b9-81a8-7531c7819efa
5ee5cae8-643a-4262-92ab-52232c3ec69d,66a50078-13ab-4c91-b773-85494ce9b61e,c8d57b39-8b52-4429-865c-75047e5cf330,->,5ee5cae8-643a-4262-92ab-52232c3ec69d,org/bukkit/entity/Player.java,getWorld
5ee5cae8-643a-4262-92ab-52232c3ec69d,66a50078-13ab-4c91-b773-85494ce9b61e,c8d57b39-8b52-4429-865c-75047e5cf330,->,5ee5cae8-643a-4262-92ab-52232c3ec69d,7556065c-1e04-4291-ba97-f6c0a3f30e19,f49e1312-819e-406b-9c9a-3ce9ba476315
5ee5cae8-643a-4262-92ab-52232c3ec69d,66a50078-13ab-4c91-b773-85494ce9b61e,c8d57b39-8b52-4429-865c-75047e5cf330,->,5ee5cae8-643a-4262-92ab-52232c3ec69d,7556065c-1e04-4291-ba97-f6c0a3f30e19,96b68dcb-9de2-49a7-b8fb-fdddb653b10c
5ee5cae8-643a-4262-92ab-52232c3ec69d,66a50078-13ab-4c91-b773-85494ce9b61e,c8d57b39-8b52-4429-865c-75047e5cf330,->,5ee5cae8-643a-4262-92ab-52232c3ec69d,java/util/HashMap.java,put
5ee5cae8-643a-4262-92ab-52232c3ec69d,66a50078-13ab-4c91-b773-85494ce9b61e,c8d57b39-8b52-4429-865c-75047e5cf330,->,5ee5cae8-643a-4262-92ab-52232c3ec69d,java/lang/StringBuilder.java,append
5ee5cae8-643a-4262-92ab-52232c3ec69d,66a50078-13ab-4c91-b773-85494ce9b61e,c8d57b39-8b52-4429-865c-75047e5cf330,->,5ee5cae8-643a-4262-92ab-52232c3ec69d,java/lang/StringBuilder.java,append
5ee5cae8-643a-4262-92ab-52232c3ec69d,66a50078-13ab-4c91-b773-85494ce9b61e,c8d57b39-8b52-4429-865c-75047e5cf330,->,5ee5cae8-643a-4262-92ab-52232c3ec69d,java/lang/StringBuilder.java,toString
5ee5cae8-643a-4262-92ab-52232c3ec69d,66a50078-13ab-4c91-b773-85494ce9b61e,c8d57b39-8b52-4429-865c-75047e5cf330,->,5ee5cae8-643a-4262-92ab-52232c3ec69d,org/bukkit/command/CommandSender.java,sendMessage
5ee5cae8-643a-4262-92ab-52232c3ec69d,66a50078-13ab-4c91-b773-85494ce9b61e,c8d57b39-8b52-4429-865c-75047e5cf330,->,5ee5cae8-643a-4262-92ab-52232c3ec69d,java/lang/StringBuilder.java,append
5ee5cae8-643a-4262-92ab-52232c3ec69d,66a50078-13ab-4c91-b773-85494ce9b61e,c8d57b39-8b52-4429-865c-75047e5cf330,->,5ee5cae8-643a-4262-92ab-52232c3ec69d,java/lang/StringBuilder.java,append
5ee5cae8-643a-4262-92ab-52232c3ec69d,66a50078-13ab-4c91-b773-85494ce9b61e,c8d57b39-8b52-4429-865c-75047e5cf330,->,5ee5cae8-643a-4262-92ab-52232c3ec69d,java/lang/StringBuilder.java,toString
5ee5cae8-643a-4262-92ab-52232c3ec69d,66a50078-13ab-4c91-b773-85494ce9b61e,c8d57b39-8b52-4429-865c-75047e5cf330,->,5ee5cae8-643a-4262-92ab-52232c3ec69d,org/bukkit/command/CommandSender.java,sendMessage
5ee5cae8-643a-4262-92ab-52232c3ec69d,66a50078-13ab-4c91-b773-85494ce9b61e,c8d57b39-8b52-4429-865c-75047e5cf330,->,5ee5cae8-643a-4262-92ab-52232c3ec69d,java/util/HashMap.java,containsKey
5ee5cae8-643a-4262-92ab-52232c3ec69d,66a50078-13ab-4c91-b773-85494ce9b61e,c8d57b39-8b52-4429-865c-75047e5cf330,->,5ee5cae8-643a-4262-92ab-52232c3ec69d,java/lang/StringBuilder.java,append
5ee5cae8-643a-4262-92ab-52232c3ec69d,66a50078-13ab-4c91-b773-85494ce9b61e,c8d57b39-8b52-4429-865c-75047e5cf330,->,5ee5cae8-643a-4262-92ab-52232c3ec69d,java/lang/StringBuilder.java,append
5ee5cae8-643a-4262-92ab-52232c3ec69d,66a50078-13ab-4c91-b773-85494ce9b61e,c8d57b39-8b52-4429-865c-75047e5cf330,->,5ee5cae8-643a-4262-92ab-52232c3ec69d,java/lang/StringBuilder.java,toString
5ee5cae8-643a-4262-92ab-52232c3ec69d,66a50078-13ab-4c91-b773-85494ce9b61e,c8d57b39-8b52-4429-865c-75047e5cf330,->,5ee5cae8-643a-4262-92ab-52232c3ec69d,org/bukkit/command/CommandSender.java,sendMessage
5ee5cae8-643a-4262-92ab-52232c3ec69d,66a50078-13ab-4c91-b773-85494ce9b61e,c8d57b39-8b52-4429-865c-75047e5cf330,->,5ee5cae8-643a-4262-92ab-52232c3ec69d,java/lang/String.java,equalsIgnoreCase
5ee5cae8-643a-4262-92ab-52232c3ec69d,66a50078-13ab-4c91-b773-85494ce9b61e,c8d57b39-8b52-4429-865c-75047e5cf330,->,5ee5cae8-643a-4262-92ab-52232c3ec69d,org/bukkit/command/Command.java,getPermission
5ee5cae8-643a-4262-92ab-52232c3ec69d,66a50078-13ab-4c91-b773-85494ce9b61e,c8d57b39-8b52-4429-865c-75047e5cf330,->,5ee5cae8-643a-4262-92ab-52232c3ec69d,java/lang/StringBuilder.java,append
5ee5cae8-643a-4262-92ab-52232c3ec69d,66a50078-13ab-4c91-b773-85494ce9b61e,c8d57b39-8b52-4429-865c-75047e5cf330,->,5ee5cae8-643a-4262-92ab-52232c3ec69d,java/lang/StringBuilder.java,append
5ee5cae8-643a-4262-92ab-52232c3ec69d,66a50078-13ab-4c91-b773-85494ce9b61e,c8d57b39-8b52-4429-865c-75047e5cf330,->,5ee5cae8-643a-4262-92ab-52232c3ec69d,java/lang/StringBuilder.java,toString
5ee5cae8-643a-4262-92ab-52232c3ec69d,66a50078-13ab-4c91-b773-85494ce9b61e,c8d57b39-8b52-4429-865c-75047e5cf330,->,5ee5cae8-643a-4262-92ab-52232c3ec69d,org/bukkit/entity/Player.java,hasPermission
5ee5cae8-643a-4262-92ab-52232c3ec69d,66a50078-13ab-4c91-b773-85494ce9b61e,c8d57b39-8b52-4429-865c-75047e5cf330,->,5ee5cae8-643a-4262-92ab-52232c3ec69d,org/bukkit/entity/Player.java,getLocation
5ee5cae8-643a-4262-92ab-52232c3ec69d,66a50078-13ab-4c91-b773-85494ce9b61e,c8d57b39-8b52-4429-865c-75047e5cf330,->,5ee5cae8-643a-4262-92ab-52232c3ec69d,7556065c-1e04-4291-ba97-f6c0a3f30e19,47473d93-d5aa-482a-b83e-4434642b2f7d
5ee5cae8-643a-4262-92ab-52232c3ec69d,66a50078-13ab-4c91-b773-85494ce9b61e,c8d57b39-8b52-4429-865c-75047e5cf330,->,5ee5cae8-643a-4262-92ab-52232c3ec69d,java/lang/StringBuilder.java,append
5ee5cae8-643a-4262-92ab-52232c3ec69d,66a50078-13ab-4c91-b773-85494ce9b61e,c8d57b39-8b52-4429-865c-75047e5cf330,->,5ee5cae8-643a-4262-92ab-52232c3ec69d,java/lang/StringBuilder.java,append
5ee5cae8-643a-4262-92ab-52232c3ec69d,66a50078-13ab-4c91-b773-85494ce9b61e,c8d57b39-8b52-4429-865c-75047e5cf330,->,5ee5cae8-643a-4262-92ab-52232c3ec69d,java/lang/StringBuilder.java,append
5ee5cae8-643a-4262-92ab-52232c3ec69d,66a50078-13ab-4c91-b773-85494ce9b61e,c8d57b39-8b52-4429-865c-75047e5cf330,->,5ee5cae8-643a-4262-92ab-52232c3ec69d,java/lang/StringBuilder.java,append
5ee5cae8-643a-4262-92ab-52232c3ec69d,66a50078-13ab-4c91-b773-85494ce9b61e,c8d57b39-8b52-4429-865c-75047e5cf330,->,5ee5cae8-643a-4262-92ab-52232c3ec69d,java/lang/StringBuilder.java,append
5ee5cae8-643a-4262-92ab-52232c3ec69d,66a50078-13ab-4c91-b773-85494ce9b61e,c8d57b39-8b52-4429-865c-75047e5cf330,->,5ee5cae8-643a-4262-92ab-52232c3ec69d,java/lang/StringBuilder.java,append
5ee5cae8-643a-4262-92ab-52232c3ec69d,66a50078-13ab-4c91-b773-85494ce9b61e,c8d57b39-8b52-4429-865c-75047e5cf330,->,5ee5cae8-643a-4262-92ab-52232c3ec69d,java/lang/StringBuilder.java,toString
5ee5cae8-643a-4262-92ab-52232c3ec69d,66a50078-13ab-4c91-b773-85494ce9b61e,c8d57b39-8b52-4429-865c-75047e5cf330,->,5ee5cae8-643a-4262-92ab-52232c3ec69d,org/bukkit/command/CommandSender.java,sendMessage
5ee5cae8-643a-4262-92ab-52232c3ec69d,66a50078-13ab-4c91-b773-85494ce9b61e,c8d57b39-8b52-4429-865c-75047e5cf330,->,5ee5cae8-643a-4262-92ab-52232c3ec69d,java/lang/String.java,equalsIgnoreCase
5ee5cae8-643a-4262-92ab-52232c3ec69d,66a50078-13ab-4c91-b773-85494ce9b61e,c8d57b39-8b52-4429-865c-75047e5cf330,->,5ee5cae8-643a-4262-92ab-52232c3ec69d,org/bukkit/command/Command.java,getPermission
5ee5cae8-643a-4262-92ab-52232c3ec69d,66a50078-13ab-4c91-b773-85494ce9b61e,c8d57b39-8b52-4429-865c-75047e5cf330,->,5ee5cae8-643a-4262-92ab-52232c3ec69d,java/lang/StringBuilder.java,append
5ee5cae8-643a-4262-92ab-52232c3ec69d,66a50078-13ab-4c91-b773-85494ce9b61e,c8d57b39-8b52-4429-865c-75047e5cf330,->,5ee5cae8-643a-4262-92ab-52232c3ec69d,java/lang/StringBuilder.java,append
5ee5cae8-643a-4262-92ab-52232c3ec69d,66a50078-13ab-4c91-b773-85494ce9b61e,c8d57b39-8b52-4429-865c-75047e5cf330,->,5ee5cae8-643a-4262-92ab-52232c3ec69d,java/lang/StringBuilder.java,toString
5ee5cae8-643a-4262-92ab-52232c3ec69d,66a50078-13ab-4c91-b773-85494ce9b61e,c8d57b39-8b52-4429-865c-75047e5cf330,->,5ee5cae8-643a-4262-92ab-52232c3ec69d,org/bukkit/entity/Player.java,hasPermission
5ee5cae8-643a-4262-92ab-52232c3ec69d,66a50078-13ab-4c91-b773-85494ce9b61e,c8d57b39-8b52-4429-865c-75047e5cf330,->,5ee5cae8-643a-4262-92ab-52232c3ec69d,7556065c-1e04-4291-ba97-f6c0a3f30e19,b69eef99-a701-4c27-9c09-cb54aa0861f8
5ee5cae8-643a-4262-92ab-52232c3ec69d,66a50078-13ab-4c91-b773-85494ce9b61e,c8d57b39-8b52-4429-865c-75047e5cf330,->,5ee5cae8-643a-4262-92ab-52232c3ec69d,java/lang/StringBuilder.java,append
5ee5cae8-643a-4262-92ab-52232c3ec69d,66a50078-13ab-4c91-b773-85494ce9b61e,c8d57b39-8b52-4429-865c-75047e5cf330,->,5ee5cae8-643a-4262-92ab-52232c3ec69d,java/lang/StringBuilder.java,append
5ee5cae8-643a-4262-92ab-52232c3ec69d,66a50078-13ab-4c91-b773-85494ce9b61e,c8d57b39-8b52-4429-865c-75047e5cf330,->,5ee5cae8-643a-4262-92ab-52232c3ec69d,java/lang/StringBuilder.java,append
5ee5cae8-643a-4262-92ab-52232c3ec69d,66a50078-13ab-4c91-b773-85494ce9b61e,c8d57b39-8b52-4429-865c-75047e5cf330,->,5ee5cae8-643a-4262-92ab-52232c3ec69d,java/lang/StringBuilder.java,append
5ee5cae8-643a-4262-92ab-52232c3ec69d,66a50078-13ab-4c91-b773-85494ce9b61e,c8d57b39-8b52-4429-865c-75047e5cf330,->,5ee5cae8-643a-4262-92ab-52232c3ec69d,java/lang/StringBuilder.java,append
5ee5cae8-643a-4262-92ab-52232c3ec69d,66a50078-13ab-4c91-b773-85494ce9b61e,c8d57b39-8b52-4429-865c-75047e5cf330,->,5ee5cae8-643a-4262-92ab-52232c3ec69d,java/lang/StringBuilder.java,append
5ee5cae8-643a-4262-92ab-52232c3ec69d,66a50078-13ab-4c91-b773-85494ce9b61e,c8d57b39-8b52-4429-865c-75047e5cf330,->,5ee5cae8-643a-4262-92ab-52232c3ec69d,java/lang/StringBuilder.java,toString
5ee5cae8-643a-4262-92ab-52232c3ec69d,66a50078-13ab-4c91-b773-85494ce9b61e,c8d57b39-8b52-4429-865c-75047e5cf330,->,5ee5cae8-643a-4262-92ab-52232c3ec69d,org/bukkit/command/CommandSender.java,sendMessage
5ee5cae8-643a-4262-92ab-52232c3ec69d,66a50078-13ab-4c91-b773-85494ce9b61e,c8d57b39-8b52-4429-865c-75047e5cf330,->,5ee5cae8-643a-4262-92ab-52232c3ec69d,java/lang/StringBuilder.java,append
5ee5cae8-643a-4262-92ab-52232c3ec69d,66a50078-13ab-4c91-b773-85494ce9b61e,c8d57b39-8b52-4429-865c-75047e5cf330,->,5ee5cae8-643a-4262-92ab-52232c3ec69d,java/lang/StringBuilder.java,append
5ee5cae8-643a-4262-92ab-52232c3ec69d,66a50078-13ab-4c91-b773-85494ce9b61e,c8d57b39-8b52-4429-865c-75047e5cf330,->,5ee5cae8-643a-4262-92ab-52232c3ec69d,java/lang/StringBuilder.java,append
5ee5cae8-643a-4262-92ab-52232c3ec69d,66a50078-13ab-4c91-b773-85494ce9b61e,c8d57b39-8b52-4429-865c-75047e5cf330,->,5ee5cae8-643a-4262-92ab-52232c3ec69d,java/lang/StringBuilder.java,toString
5ee5cae8-643a-4262-92ab-52232c3ec69d,66a50078-13ab-4c91-b773-85494ce9b61e,c8d57b39-8b52-4429-865c-75047e5cf330,->,5ee5cae8-643a-4262-92ab-52232c3ec69d,org/bukkit/command/CommandSender.java,sendMessage
5ee5cae8-643a-4262-92ab-52232c3ec69d,66a50078-13ab-4c91-b773-85494ce9b61e,c8d57b39-8b52-4429-865c-75047e5cf330,->,5ee5cae8-643a-4262-92ab-52232c3ec69d,java/lang/StringBuilder.java,append
5ee5cae8-643a-4262-92ab-52232c3ec69d,66a50078-13ab-4c91-b773-85494ce9b61e,c8d57b39-8b52-4429-865c-75047e5cf330,->,5ee5cae8-643a-4262-92ab-52232c3ec69d,java/lang/StringBuilder.java,append
5ee5cae8-643a-4262-92ab-52232c3ec69d,66a50078-13ab-4c91-b773-85494ce9b61e,c8d57b39-8b52-4429-865c-75047e5cf330,->,5ee5cae8-643a-4262-92ab-52232c3ec69d,java/lang/StringBuilder.java,toString
5ee5cae8-643a-4262-92ab-52232c3ec69d,66a50078-13ab-4c91-b773-85494ce9b61e,c8d57b39-8b52-4429-865c-75047e5cf330,->,5ee5cae8-643a-4262-92ab-52232c3ec69d,org/bukkit/command/CommandSender.java,sendMessage
5ee5cae8-643a-4262-92ab-52232c3ec69d,66a50078-13ab-4c91-b773-85494ce9b61e,c8d57b39-8b52-4429-865c-75047e5cf330,->,5ee5cae8-643a-4262-92ab-52232c3ec69d,java/lang/StringBuilder.java,append
5ee5cae8-643a-4262-92ab-52232c3ec69d,66a50078-13ab-4c91-b773-85494ce9b61e,c8d57b39-8b52-4429-865c-75047e5cf330,->,5ee5cae8-643a-4262-92ab-52232c3ec69d,java/lang/StringBuilder.java,append
5ee5cae8-643a-4262-92ab-52232c3ec69d,66a50078-13ab-4c91-b773-85494ce9b61e,c8d57b39-8b52-4429-865c-75047e5cf330,->,5ee5cae8-643a-4262-92ab-52232c3ec69d,java/lang/StringBuilder.java,toString
5ee5cae8-643a-4262-92ab-52232c3ec69d,66a50078-13ab-4c91-b773-85494ce9b61e,c8d57b39-8b52-4429-865c-75047e5cf330,->,5ee5cae8-643a-4262-92ab-52232c3ec69d,org/bukkit/command/CommandSender.java,sendMessage
5ee5cae8-643a-4262-92ab-52232c3ec69d,66a50078-13ab-4c91-b773-85494ce9b61e,c8d57b39-8b52-4429-865c-75047e5cf330,->,5ee5cae8-643a-4262-92ab-52232c3ec69d,java/lang/String.java,equalsIgnoreCase
5ee5cae8-643a-4262-92ab-52232c3ec69d,66a50078-13ab-4c91-b773-85494ce9b61e,c8d57b39-8b52-4429-865c-75047e5cf330,->,5ee5cae8-643a-4262-92ab-52232c3ec69d,org/bukkit/command/Command.java,getPermission
5ee5cae8-643a-4262-92ab-52232c3ec69d,66a50078-13ab-4c91-b773-85494ce9b61e,c8d57b39-8b52-4429-865c-75047e5cf330,->,5ee5cae8-643a-4262-92ab-52232c3ec69d,java/lang/StringBuilder.java,append
5ee5cae8-643a-4262-92ab-52232c3ec69d,66a50078-13ab-4c91-b773-85494ce9b61e,c8d57b39-8b52-4429-865c-75047e5cf330,->,5ee5cae8-643a-4262-92ab-52232c3ec69d,java/lang/StringBuilder.java,append
5ee5cae8-643a-4262-92ab-52232c3ec69d,66a50078-13ab-4c91-b773-85494ce9b61e,c8d57b39-8b52-4429-865c-75047e5cf330,->,5ee5cae8-643a-4262-92ab-52232c3ec69d,java/lang/StringBuilder.java,toString
5ee5cae8-643a-4262-92ab-52232c3ec69d,66a50078-13ab-4c91-b773-85494ce9b61e,c8d57b39-8b52-4429-865c-75047e5cf330,->,5ee5cae8-643a-4262-92ab-52232c3ec69d,org/bukkit/entity/Player.java,hasPermission
5ee5cae8-643a-4262-92ab-52232c3ec69d,66a50078-13ab-4c91-b773-85494ce9b61e,c8d57b39-8b52-4429-865c-75047e5cf330,->,5ee5cae8-643a-4262-92ab-52232c3ec69d,bb4a85df-1ffd-4558-bf54-b8f0603f02f6,2fb7dd3f-21b1-4816-93e8-3b5e4521cf77
5ee5cae8-643a-4262-92ab-52232c3ec69d,66a50078-13ab-4c91-b773-85494ce9b61e,c8d57b39-8b52-4429-865c-75047e5cf330,->,5ee5cae8-643a-4262-92ab-52232c3ec69d,bb4a85df-1ffd-4558-bf54-b8f0603f02f6,611de13f-9aa7-44b9-81a8-7531c7819efa
5ee5cae8-643a-4262-92ab-52232c3ec69d,66a50078-13ab-4c91-b773-85494ce9b61e,c8d57b39-8b52-4429-865c-75047e5cf330,->,5ee5cae8-643a-4262-92ab-52232c3ec69d,org/bukkit/entity/Player.java,getWorld
5ee5cae8-643a-4262-92ab-52232c3ec69d,66a50078-13ab-4c91-b773-85494ce9b61e,c8d57b39-8b52-4429-865c-75047e5cf330,->,5ee5cae8-643a-4262-92ab-52232c3ec69d,7556065c-1e04-4291-ba97-f6c0a3f30e19,3de0973f-605d-46e5-a42b-d3cff84cc5f7
5ee5cae8-643a-4262-92ab-52232c3ec69d,66a50078-13ab-4c91-b773-85494ce9b61e,c8d57b39-8b52-4429-865c-75047e5cf330,->,5ee5cae8-643a-4262-92ab-52232c3ec69d,7556065c-1e04-4291-ba97-f6c0a3f30e19,a4bde465-fb25-465f-bcd4-4fd03728f76b
5ee5cae8-643a-4262-92ab-52232c3ec69d,66a50078-13ab-4c91-b773-85494ce9b61e,c8d57b39-8b52-4429-865c-75047e5cf330,->,5ee5cae8-643a-4262-92ab-52232c3ec69d,66a50078-13ab-4c91-b773-85494ce9b61e,a91bde9c-0500-476d-8f90-b31ffbf8baa0
5ee5cae8-643a-4262-92ab-52232c3ec69d,66a50078-13ab-4c91-b773-85494ce9b61e,c8d57b39-8b52-4429-865c-75047e5cf330,->,5ee5cae8-643a-4262-92ab-52232c3ec69d,java/util/HashMap.java,get
5ee5cae8-643a-4262-92ab-52232c3ec69d,66a50078-13ab-4c91-b773-85494ce9b61e,c8d57b39-8b52-4429-865c-75047e5cf330,->,5ee5cae8-643a-4262-92ab-52232c3ec69d,7556065c-1e04-4291-ba97-f6c0a3f30e19,96b68dcb-9de2-49a7-b8fb-fdddb653b10c
5ee5cae8-643a-4262-92ab-52232c3ec69d,66a50078-13ab-4c91-b773-85494ce9b61e,c8d57b39-8b52-4429-865c-75047e5cf330,->,5ee5cae8-643a-4262-92ab-52232c3ec69d,f9d0189c-feb7-4d80-b419-917ceb822446,09ce441b-a2ee-4fcd-b3ed-caf5ebfb1903
5ee5cae8-643a-4262-92ab-52232c3ec69d,66a50078-13ab-4c91-b773-85494ce9b61e,c8d57b39-8b52-4429-865c-75047e5cf330,->,5ee5cae8-643a-4262-92ab-52232c3ec69d,java/lang/StringBuilder.java,append
5ee5cae8-643a-4262-92ab-52232c3ec69d,66a50078-13ab-4c91-b773-85494ce9b61e,c8d57b39-8b52-4429-865c-75047e5cf330,->,5ee5cae8-643a-4262-92ab-52232c3ec69d,java/lang/StringBuilder.java,append
5ee5cae8-643a-4262-92ab-52232c3ec69d,66a50078-13ab-4c91-b773-85494ce9b61e,c8d57b39-8b52-4429-865c-75047e5cf330,->,5ee5cae8-643a-4262-92ab-52232c3ec69d,java/lang/StringBuilder.java,toString
5ee5cae8-643a-4262-92ab-52232c3ec69d,66a50078-13ab-4c91-b773-85494ce9b61e,c8d57b39-8b52-4429-865c-75047e5cf330,->,5ee5cae8-643a-4262-92ab-52232c3ec69d,org/bukkit/command/CommandSender.java,sendMessage
5ee5cae8-643a-4262-92ab-52232c3ec69d,66a50078-13ab-4c91-b773-85494ce9b61e,c8d57b39-8b52-4429-865c-75047e5cf330,->,5ee5cae8-643a-4262-92ab-52232c3ec69d,java/lang/StringBuilder.java,append
5ee5cae8-643a-4262-92ab-52232c3ec69d,66a50078-13ab-4c91-b773-85494ce9b61e,c8d57b39-8b52-4429-865c-75047e5cf330,->,5ee5cae8-643a-4262-92ab-52232c3ec69d,java/lang/StringBuilder.java,append
5ee5cae8-643a-4262-92ab-52232c3ec69d,66a50078-13ab-4c91-b773-85494ce9b61e,c8d57b39-8b52-4429-865c-75047e5cf330,->,5ee5cae8-643a-4262-92ab-52232c3ec69d,java/lang/StringBuilder.java,toString
5ee5cae8-643a-4262-92ab-52232c3ec69d,66a50078-13ab-4c91-b773-85494ce9b61e,c8d57b39-8b52-4429-865c-75047e5cf330,->,5ee5cae8-643a-4262-92ab-52232c3ec69d,org/bukkit/command/CommandSender.java,sendMessage
5ee5cae8-643a-4262-92ab-52232c3ec69d,66a50078-13ab-4c91-b773-85494ce9b61e,c8d57b39-8b52-4429-865c-75047e5cf330,->,5ee5cae8-643a-4262-92ab-52232c3ec69d,java/lang/String.java,equalsIgnoreCase
5ee5cae8-643a-4262-92ab-52232c3ec69d,66a50078-13ab-4c91-b773-85494ce9b61e,c8d57b39-8b52-4429-865c-75047e5cf330,->,5ee5cae8-643a-4262-92ab-52232c3ec69d,org/bukkit/command/Command.java,getPermission
5ee5cae8-643a-4262-92ab-52232c3ec69d,66a50078-13ab-4c91-b773-85494ce9b61e,c8d57b39-8b52-4429-865c-75047e5cf330,->,5ee5cae8-643a-4262-92ab-52232c3ec69d,java/lang/StringBuilder.java,append
5ee5cae8-643a-4262-92ab-52232c3ec69d,66a50078-13ab-4c91-b773-85494ce9b61e,c8d57b39-8b52-4429-865c-75047e5cf330,->,5ee5cae8-643a-4262-92ab-52232c3ec69d,java/lang/StringBuilder.java,append
5ee5cae8-643a-4262-92ab-52232c3ec69d,66a50078-13ab-4c91-b773-85494ce9b61e,c8d57b39-8b52-4429-865c-75047e5cf330,->,5ee5cae8-643a-4262-92ab-52232c3ec69d,java/lang/StringBuilder.java,toString
5ee5cae8-643a-4262-92ab-52232c3ec69d,66a50078-13ab-4c91-b773-85494ce9b61e,c8d57b39-8b52-4429-865c-75047e5cf330,->,5ee5cae8-643a-4262-92ab-52232c3ec69d,org/bukkit/entity/Player.java,hasPermission
5ee5cae8-643a-4262-92ab-52232c3ec69d,66a50078-13ab-4c91-b773-85494ce9b61e,c8d57b39-8b52-4429-865c-75047e5cf330,->,5ee5cae8-643a-4262-92ab-52232c3ec69d,java/lang/StringBuilder.java,append
5ee5cae8-643a-4262-92ab-52232c3ec69d,66a50078-13ab-4c91-b773-85494ce9b61e,c8d57b39-8b52-4429-865c-75047e5cf330,->,5ee5cae8-643a-4262-92ab-52232c3ec69d,java/lang/StringBuilder.java,append
5ee5cae8-643a-4262-92ab-52232c3ec69d,66a50078-13ab-4c91-b773-85494ce9b61e,c8d57b39-8b52-4429-865c-75047e5cf330,->,5ee5cae8-643a-4262-92ab-52232c3ec69d,java/lang/StringBuilder.java,append
5ee5cae8-643a-4262-92ab-52232c3ec69d,66a50078-13ab-4c91-b773-85494ce9b61e,c8d57b39-8b52-4429-865c-75047e5cf330,->,5ee5cae8-643a-4262-92ab-52232c3ec69d,java/lang/StringBuilder.java,append
5ee5cae8-643a-4262-92ab-52232c3ec69d,66a50078-13ab-4c91-b773-85494ce9b61e,c8d57b39-8b52-4429-865c-75047e5cf330,->,5ee5cae8-643a-4262-92ab-52232c3ec69d,java/lang/StringBuilder.java,append
5ee5cae8-643a-4262-92ab-52232c3ec69d,66a50078-13ab-4c91-b773-85494ce9b61e,c8d57b39-8b52-4429-865c-75047e5cf330,->,5ee5cae8-643a-4262-92ab-52232c3ec69d,7556065c-1e04-4291-ba97-f6c0a3f30e19,1afaf80a-ac6b-4991-8f06-3a92430ceb7b
5ee5cae8-643a-4262-92ab-52232c3ec69d,66a50078-13ab-4c91-b773-85494ce9b61e,c8d57b39-8b52-4429-865c-75047e5cf330,->,5ee5cae8-643a-4262-92ab-52232c3ec69d,java/util/Set.java,toArray
5ee5cae8-643a-4262-92ab-52232c3ec69d,66a50078-13ab-4c91-b773-85494ce9b61e,c8d57b39-8b52-4429-865c-75047e5cf330,->,5ee5cae8-643a-4262-92ab-52232c3ec69d,java/util/Arrays.java,toString
5ee5cae8-643a-4262-92ab-52232c3ec69d,66a50078-13ab-4c91-b773-85494ce9b61e,c8d57b39-8b52-4429-865c-75047e5cf330,->,5ee5cae8-643a-4262-92ab-52232c3ec69d,java/lang/String.java,replace
5ee5cae8-643a-4262-92ab-52232c3ec69d,66a50078-13ab-4c91-b773-85494ce9b61e,c8d57b39-8b52-4429-865c-75047e5cf330,->,5ee5cae8-643a-4262-92ab-52232c3ec69d,java/lang/String.java,replace
5ee5cae8-643a-4262-92ab-52232c3ec69d,66a50078-13ab-4c91-b773-85494ce9b61e,c8d57b39-8b52-4429-865c-75047e5cf330,->,5ee5cae8-643a-4262-92ab-52232c3ec69d,java/lang/StringBuilder.java,append
5ee5cae8-643a-4262-92ab-52232c3ec69d,66a50078-13ab-4c91-b773-85494ce9b61e,c8d57b39-8b52-4429-865c-75047e5cf330,->,5ee5cae8-643a-4262-92ab-52232c3ec69d,java/lang/StringBuilder.java,toString
5ee5cae8-643a-4262-92ab-52232c3ec69d,66a50078-13ab-4c91-b773-85494ce9b61e,c8d57b39-8b52-4429-865c-75047e5cf330,->,5ee5cae8-643a-4262-92ab-52232c3ec69d,org/bukkit/command/CommandSender.java,sendMessage
5ee5cae8-643a-4262-92ab-52232c3ec69d,66a50078-13ab-4c91-b773-85494ce9b61e,c8d57b39-8b52-4429-865c-75047e5cf330,->,5ee5cae8-643a-4262-92ab-52232c3ec69d,java/lang/String.java,equalsIgnoreCase
5ee5cae8-643a-4262-92ab-52232c3ec69d,66a50078-13ab-4c91-b773-85494ce9b61e,c8d57b39-8b52-4429-865c-75047e5cf330,->,5ee5cae8-643a-4262-92ab-52232c3ec69d,org/bukkit/command/Command.java,getPermission
5ee5cae8-643a-4262-92ab-52232c3ec69d,66a50078-13ab-4c91-b773-85494ce9b61e,c8d57b39-8b52-4429-865c-75047e5cf330,->,5ee5cae8-643a-4262-92ab-52232c3ec69d,java/lang/StringBuilder.java,append
5ee5cae8-643a-4262-92ab-52232c3ec69d,66a50078-13ab-4c91-b773-85494ce9b61e,c8d57b39-8b52-4429-865c-75047e5cf330,->,5ee5cae8-643a-4262-92ab-52232c3ec69d,java/lang/StringBuilder.java,append
5ee5cae8-643a-4262-92ab-52232c3ec69d,66a50078-13ab-4c91-b773-85494ce9b61e,c8d57b39-8b52-4429-865c-75047e5cf330,->,5ee5cae8-643a-4262-92ab-52232c3ec69d,java/lang/StringBuilder.java,toString
5ee5cae8-643a-4262-92ab-52232c3ec69d,66a50078-13ab-4c91-b773-85494ce9b61e,c8d57b39-8b52-4429-865c-75047e5cf330,->,5ee5cae8-643a-4262-92ab-52232c3ec69d,org/bukkit/entity/Player.java,hasPermission
5ee5cae8-643a-4262-92ab-52232c3ec69d,66a50078-13ab-4c91-b773-85494ce9b61e,c8d57b39-8b52-4429-865c-75047e5cf330,->,5ee5cae8-643a-4262-92ab-52232c3ec69d,com/division/freeforall/core/FreeForAll.java,reloadConfig
5ee5cae8-643a-4262-92ab-52232c3ec69d,66a50078-13ab-4c91-b773-85494ce9b61e,c8d57b39-8b52-4429-865c-75047e5cf330,->,5ee5cae8-643a-4262-92ab-52232c3ec69d,7556065c-1e04-4291-ba97-f6c0a3f30e19,b5a9b02c-20f9-4647-b997-518b5c0f4a3f
5ee5cae8-643a-4262-92ab-52232c3ec69d,66a50078-13ab-4c91-b773-85494ce9b61e,c8d57b39-8b52-4429-865c-75047e5cf330,->,5ee5cae8-643a-4262-92ab-52232c3ec69d,66a50078-13ab-4c91-b773-85494ce9b61e,82467cd1-c3e1-47db-b0c7-acb0f8aced87
5ee5cae8-643a-4262-92ab-52232c3ec69d,66a50078-13ab-4c91-b773-85494ce9b61e,c8d57b39-8b52-4429-865c-75047e5cf330,->,5ee5cae8-643a-4262-92ab-52232c3ec69d,java/lang/StringBuilder.java,append
5ee5cae8-643a-4262-92ab-52232c3ec69d,66a50078-13ab-4c91-b773-85494ce9b61e,c8d57b39-8b52-4429-865c-75047e5cf330,->,5ee5cae8-643a-4262-92ab-52232c3ec69d,java/lang/StringBuilder.java,append
5ee5cae8-643a-4262-92ab-52232c3ec69d,66a50078-13ab-4c91-b773-85494ce9b61e,c8d57b39-8b52-4429-865c-75047e5cf330,->,5ee5cae8-643a-4262-92ab-52232c3ec69d,java/lang/StringBuilder.java,append
5ee5cae8-643a-4262-92ab-52232c3ec69d,66a50078-13ab-4c91-b773-85494ce9b61e,c8d57b39-8b52-4429-865c-75047e5cf330,->,5ee5cae8-643a-4262-92ab-52232c3ec69d,java/lang/StringBuilder.java,append
5ee5cae8-643a-4262-92ab-52232c3ec69d,66a50078-13ab-4c91-b773-85494ce9b61e,c8d57b39-8b52-4429-865c-75047e5cf330,->,5ee5cae8-643a-4262-92ab-52232c3ec69d,java/lang/StringBuilder.java,toString
5ee5cae8-643a-4262-92ab-52232c3ec69d,66a50078-13ab-4c91-b773-85494ce9b61e,c8d57b39-8b52-4429-865c-75047e5cf330,->,5ee5cae8-643a-4262-92ab-52232c3ec69d,org/bukkit/command/CommandSender.java,sendMessage
5ee5cae8-643a-4262-92ab-52232c3ec69d,66a50078-13ab-4c91-b773-85494ce9b61e,c8d57b39-8b52-4429-865c-75047e5cf330,->,5ee5cae8-643a-4262-92ab-52232c3ec69d,java/lang/String.java,equalsIgnoreCase
5ee5cae8-643a-4262-92ab-52232c3ec69d,66a50078-13ab-4c91-b773-85494ce9b61e,c8d57b39-8b52-4429-865c-75047e5cf330,->,5ee5cae8-643a-4262-92ab-52232c3ec69d,org/bukkit/command/Command.java,getPermission
5ee5cae8-643a-4262-92ab-52232c3ec69d,66a50078-13ab-4c91-b773-85494ce9b61e,c8d57b39-8b52-4429-865c-75047e5cf330,->,5ee5cae8-643a-4262-92ab-52232c3ec69d,java/lang/StringBuilder.java,append
5ee5cae8-643a-4262-92ab-52232c3ec69d,66a50078-13ab-4c91-b773-85494ce9b61e,c8d57b39-8b52-4429-865c-75047e5cf330,->,5ee5cae8-643a-4262-92ab-52232c3ec69d,java/lang/StringBuilder.java,append
5ee5cae8-643a-4262-92ab-52232c3ec69d,66a50078-13ab-4c91-b773-85494ce9b61e,c8d57b39-8b52-4429-865c-75047e5cf330,->,5ee5cae8-643a-4262-92ab-52232c3ec69d,java/lang/StringBuilder.java,toString
5ee5cae8-643a-4262-92ab-52232c3ec69d,66a50078-13ab-4c91-b773-85494ce9b61e,c8d57b39-8b52-4429-865c-75047e5cf330,->,5ee5cae8-643a-4262-92ab-52232c3ec69d,org/bukkit/entity/Player.java,hasPermission
5ee5cae8-643a-4262-92ab-52232c3ec69d,66a50078-13ab-4c91-b773-85494ce9b61e,c8d57b39-8b52-4429-865c-75047e5cf330,->,5ee5cae8-643a-4262-92ab-52232c3ec69d,com/division/freeforall/core/FreeForAll.java,getServer
5ee5cae8-643a-4262-92ab-52232c3ec69d,66a50078-13ab-4c91-b773-85494ce9b61e,c8d57b39-8b52-4429-865c-75047e5cf330,->,5ee5cae8-643a-4262-92ab-52232c3ec69d,org/bukkit/Server.java,getPluginManager
5ee5cae8-643a-4262-92ab-52232c3ec69d,66a50078-13ab-4c91-b773-85494ce9b61e,c8d57b39-8b52-4429-865c-75047e5cf330,->,5ee5cae8-643a-4262-92ab-52232c3ec69d,org/bukkit/plugin/PluginManager.java,disablePlugin
5ee5cae8-643a-4262-92ab-52232c3ec69d,66a50078-13ab-4c91-b773-85494ce9b61e,c8d57b39-8b52-4429-865c-75047e5cf330,->,5ee5cae8-643a-4262-92ab-52232c3ec69d,java/lang/StringBuilder.java,append
5ee5cae8-643a-4262-92ab-52232c3ec69d,66a50078-13ab-4c91-b773-85494ce9b61e,c8d57b39-8b52-4429-865c-75047e5cf330,->,5ee5cae8-643a-4262-92ab-52232c3ec69d,java/lang/StringBuilder.java,append
5ee5cae8-643a-4262-92ab-52232c3ec69d,66a50078-13ab-4c91-b773-85494ce9b61e,c8d57b39-8b52-4429-865c-75047e5cf330,->,5ee5cae8-643a-4262-92ab-52232c3ec69d,java/lang/StringBuilder.java,toString
5ee5cae8-643a-4262-92ab-52232c3ec69d,66a50078-13ab-4c91-b773-85494ce9b61e,c8d57b39-8b52-4429-865c-75047e5cf330,->,5ee5cae8-643a-4262-92ab-52232c3ec69d,org/bukkit/command/CommandSender.java,sendMessage
5ee5cae8-643a-4262-92ab-52232c3ec69d,66a50078-13ab-4c91-b773-85494ce9b61e,c8d57b39-8b52-4429-865c-75047e5cf330,->,5ee5cae8-643a-4262-92ab-52232c3ec69d,java/lang/String.java,equalsIgnoreCase
5ee5cae8-643a-4262-92ab-52232c3ec69d,66a50078-13ab-4c91-b773-85494ce9b61e,c8d57b39-8b52-4429-865c-75047e5cf330,->,5ee5cae8-643a-4262-92ab-52232c3ec69d,java/lang/StringBuilder.java,append
5ee5cae8-643a-4262-92ab-52232c3ec69d,66a50078-13ab-4c91-b773-85494ce9b61e,c8d57b39-8b52-4429-865c-75047e5cf330,->,5ee5cae8-643a-4262-92ab-52232c3ec69d,java/lang/StringBuilder.java,append
5ee5cae8-643a-4262-92ab-52232c3ec69d,66a50078-13ab-4c91-b773-85494ce9b61e,c8d57b39-8b52-4429-865c-75047e5cf330,->,5ee5cae8-643a-4262-92ab-52232c3ec69d,java/lang/StringBuilder.java,append
5ee5cae8-643a-4262-92ab-52232c3ec69d,66a50078-13ab-4c91-b773-85494ce9b61e,c8d57b39-8b52-4429-865c-75047e5cf330,->,5ee5cae8-643a-4262-92ab-52232c3ec69d,com/division/freeforall/core/FreeForAll.java,getDescription
5ee5cae8-643a-4262-92ab-52232c3ec69d,66a50078-13ab-4c91-b773-85494ce9b61e,c8d57b39-8b52-4429-865c-75047e5cf330,->,5ee5cae8-643a-4262-92ab-52232c3ec69d,org/bukkit/plugin/PluginDescriptionFile.java,getName
5ee5cae8-643a-4262-92ab-52232c3ec69d,66a50078-13ab-4c91-b773-85494ce9b61e,c8d57b39-8b52-4429-865c-75047e5cf330,->,5ee5cae8-643a-4262-92ab-52232c3ec69d,java/lang/StringBuilder.java,append
5ee5cae8-643a-4262-92ab-52232c3ec69d,66a50078-13ab-4c91-b773-85494ce9b61e,c8d57b39-8b52-4429-865c-75047e5cf330,->,5ee5cae8-643a-4262-92ab-52232c3ec69d,java/lang/StringBuilder.java,toString
5ee5cae8-643a-4262-92ab-52232c3ec69d,66a50078-13ab-4c91-b773-85494ce9b61e,c8d57b39-8b52-4429-865c-75047e5cf330,->,5ee5cae8-643a-4262-92ab-52232c3ec69d,org/bukkit/command/CommandSender.java,sendMessage
5ee5cae8-643a-4262-92ab-52232c3ec69d,66a50078-13ab-4c91-b773-85494ce9b61e,c8d57b39-8b52-4429-865c-75047e5cf330,->,5ee5cae8-643a-4262-92ab-52232c3ec69d,java/lang/StringBuilder.java,append
5ee5cae8-643a-4262-92ab-52232c3ec69d,66a50078-13ab-4c91-b773-85494ce9b61e,c8d57b39-8b52-4429-865c-75047e5cf330,->,5ee5cae8-643a-4262-92ab-52232c3ec69d,java/lang/StringBuilder.java,append
5ee5cae8-643a-4262-92ab-52232c3ec69d,66a50078-13ab-4c91-b773-85494ce9b61e,c8d57b39-8b52-4429-865c-75047e5cf330,->,5ee5cae8-643a-4262-92ab-52232c3ec69d,java/lang/StringBuilder.java,append
5ee5cae8-643a-4262-92ab-52232c3ec69d,66a50078-13ab-4c91-b773-85494ce9b61e,c8d57b39-8b52-4429-865c-75047e5cf330,->,5ee5cae8-643a-4262-92ab-52232c3ec69d,com/division/freeforall/core/FreeForAll.java,getDescription
5ee5cae8-643a-4262-92ab-52232c3ec69d,66a50078-13ab-4c91-b773-85494ce9b61e,c8d57b39-8b52-4429-865c-75047e5cf330,->,5ee5cae8-643a-4262-92ab-52232c3ec69d,org/bukkit/plugin/PluginDescriptionFile.java,getDescription
5ee5cae8-643a-4262-92ab-52232c3ec69d,66a50078-13ab-4c91-b773-85494ce9b61e,c8d57b39-8b52-4429-865c-75047e5cf330,->,5ee5cae8-643a-4262-92ab-52232c3ec69d,java/lang/StringBuilder.java,append
5ee5cae8-643a-4262-92ab-52232c3ec69d,66a50078-13ab-4c91-b773-85494ce9b61e,c8d57b39-8b52-4429-865c-75047e5cf330,->,5ee5cae8-643a-4262-92ab-52232c3ec69d,java/lang/StringBuilder.java,toString
5ee5cae8-643a-4262-92ab-52232c3ec69d,66a50078-13ab-4c91-b773-85494ce9b61e,c8d57b39-8b52-4429-865c-75047e5cf330,->,5ee5cae8-643a-4262-92ab-52232c3ec69d,org/bukkit/command/CommandSender.java,sendMessage
5ee5cae8-643a-4262-92ab-52232c3ec69d,66a50078-13ab-4c91-b773-85494ce9b61e,c8d57b39-8b52-4429-865c-75047e5cf330,->,5ee5cae8-643a-4262-92ab-52232c3ec69d,com/division/freeforall/core/FreeForAll.java,getDescription
5ee5cae8-643a-4262-92ab-52232c3ec69d,66a50078-13ab-4c91-b773-85494ce9b61e,c8d57b39-8b52-4429-865c-75047e5cf330,->,5ee5cae8-643a-4262-92ab-52232c3ec69d,org/bukkit/plugin/PluginDescriptionFile.java,getVersion
5ee5cae8-643a-4262-92ab-52232c3ec69d,66a50078-13ab-4c91-b773-85494ce9b61e,c8d57b39-8b52-4429-865c-75047e5cf330,->,5ee5cae8-643a-4262-92ab-52232c3ec69d,java/lang/String.java,contains
5ee5cae8-643a-4262-92ab-52232c3ec69d,66a50078-13ab-4c91-b773-85494ce9b61e,c8d57b39-8b52-4429-865c-75047e5cf330,->,5ee5cae8-643a-4262-92ab-52232c3ec69d,java/lang/StringBuilder.java,append
5ee5cae8-643a-4262-92ab-52232c3ec69d,66a50078-13ab-4c91-b773-85494ce9b61e,c8d57b39-8b52-4429-865c-75047e5cf330,->,5ee5cae8-643a-4262-92ab-52232c3ec69d,java/lang/StringBuilder.java,append
5ee5cae8-643a-4262-92ab-52232c3ec69d,66a50078-13ab-4c91-b773-85494ce9b61e,c8d57b39-8b52-4429-865c-75047e5cf330,->,5ee5cae8-643a-4262-92ab-52232c3ec69d,java/lang/StringBuilder.java,append
5ee5cae8-643a-4262-92ab-52232c3ec69d,66a50078-13ab-4c91-b773-85494ce9b61e,c8d57b39-8b52-4429-865c-75047e5cf330,->,5ee5cae8-643a-4262-92ab-52232c3ec69d,com/division/freeforall/core/FreeForAll.java,getDescription
5ee5cae8-643a-4262-92ab-52232c3ec69d,66a50078-13ab-4c91-b773-85494ce9b61e,c8d57b39-8b52-4429-865c-75047e5cf330,->,5ee5cae8-643a-4262-92ab-52232c3ec69d,org/bukkit/plugin/PluginDescriptionFile.java,getVersion
5ee5cae8-643a-4262-92ab-52232c3ec69d,66a50078-13ab-4c91-b773-85494ce9b61e,c8d57b39-8b52-4429-865c-75047e5cf330,->,5ee5cae8-643a-4262-92ab-52232c3ec69d,java/lang/StringBuilder.java,append
5ee5cae8-643a-4262-92ab-52232c3ec69d,66a50078-13ab-4c91-b773-85494ce9b61e,c8d57b39-8b52-4429-865c-75047e5cf330,->,5ee5cae8-643a-4262-92ab-52232c3ec69d,java/lang/StringBuilder.java,append
5ee5cae8-643a-4262-92ab-52232c3ec69d,66a50078-13ab-4c91-b773-85494ce9b61e,c8d57b39-8b52-4429-865c-75047e5cf330,->,5ee5cae8-643a-4262-92ab-52232c3ec69d,java/lang/StringBuilder.java,append
5ee5cae8-643a-4262-92ab-52232c3ec69d,66a50078-13ab-4c91-b773-85494ce9b61e,c8d57b39-8b52-4429-865c-75047e5cf330,->,5ee5cae8-643a-4262-92ab-52232c3ec69d,java/lang/StringBuilder.java,append
5ee5cae8-643a-4262-92ab-52232c3ec69d,66a50078-13ab-4c91-b773-85494ce9b61e,c8d57b39-8b52-4429-865c-75047e5cf330,->,5ee5cae8-643a-4262-92ab-52232c3ec69d,java/lang/StringBuilder.java,append
5ee5cae8-643a-4262-92ab-52232c3ec69d,66a50078-13ab-4c91-b773-85494ce9b61e,c8d57b39-8b52-4429-865c-75047e5cf330,->,5ee5cae8-643a-4262-92ab-52232c3ec69d,java/lang/StringBuilder.java,append
5ee5cae8-643a-4262-92ab-52232c3ec69d,66a50078-13ab-4c91-b773-85494ce9b61e,c8d57b39-8b52-4429-865c-75047e5cf330,->,5ee5cae8-643a-4262-92ab-52232c3ec69d,java/lang/StringBuilder.java,append
5ee5cae8-643a-4262-92ab-52232c3ec69d,66a50078-13ab-4c91-b773-85494ce9b61e,c8d57b39-8b52-4429-865c-75047e5cf330,->,5ee5cae8-643a-4262-92ab-52232c3ec69d,java/lang/StringBuilder.java,toString
5ee5cae8-643a-4262-92ab-52232c3ec69d,66a50078-13ab-4c91-b773-85494ce9b61e,c8d57b39-8b52-4429-865c-75047e5cf330,->,5ee5cae8-643a-4262-92ab-52232c3ec69d,org/bukkit/command/CommandSender.java,sendMessage
5ee5cae8-643a-4262-92ab-52232c3ec69d,66a50078-13ab-4c91-b773-85494ce9b61e,c8d57b39-8b52-4429-865c-75047e5cf330,->,5ee5cae8-643a-4262-92ab-52232c3ec69d,java/lang/StringBuilder.java,append
5ee5cae8-643a-4262-92ab-52232c3ec69d,66a50078-13ab-4c91-b773-85494ce9b61e,c8d57b39-8b52-4429-865c-75047e5cf330,->,5ee5cae8-643a-4262-92ab-52232c3ec69d,java/lang/StringBuilder.java,append
5ee5cae8-643a-4262-92ab-52232c3ec69d,66a50078-13ab-4c91-b773-85494ce9b61e,c8d57b39-8b52-4429-865c-75047e5cf330,->,5ee5cae8-643a-4262-92ab-52232c3ec69d,java/lang/StringBuilder.java,append
5ee5cae8-643a-4262-92ab-52232c3ec69d,66a50078-13ab-4c91-b773-85494ce9b61e,c8d57b39-8b52-4429-865c-75047e5cf330,->,5ee5cae8-643a-4262-92ab-52232c3ec69d,com/division/freeforall/core/FreeForAll.java,getDescription
5ee5cae8-643a-4262-92ab-52232c3ec69d,66a50078-13ab-4c91-b773-85494ce9b61e,c8d57b39-8b52-4429-865c-75047e5cf330,->,5ee5cae8-643a-4262-92ab-52232c3ec69d,org/bukkit/plugin/PluginDescriptionFile.java,getVersion
5ee5cae8-643a-4262-92ab-52232c3ec69d,66a50078-13ab-4c91-b773-85494ce9b61e,c8d57b39-8b52-4429-865c-75047e5cf330,->,5ee5cae8-643a-4262-92ab-52232c3ec69d,java/lang/StringBuilder.java,append
5ee5cae8-643a-4262-92ab-52232c3ec69d,66a50078-13ab-4c91-b773-85494ce9b61e,c8d57b39-8b52-4429-865c-75047e5cf330,->,5ee5cae8-643a-4262-92ab-52232c3ec69d,java/lang/StringBuilder.java,toString
5ee5cae8-643a-4262-92ab-52232c3ec69d,66a50078-13ab-4c91-b773-85494ce9b61e,c8d57b39-8b52-4429-865c-75047e5cf330,->,5ee5cae8-643a-4262-92ab-52232c3ec69d,org/bukkit/command/CommandSender.java,sendMessage
5ee5cae8-643a-4262-92ab-52232c3ec69d,66a50078-13ab-4c91-b773-85494ce9b61e,c8d57b39-8b52-4429-865c-75047e5cf330,->,5ee5cae8-643a-4262-92ab-52232c3ec69d,java/lang/StringBuilder.java,append
5ee5cae8-643a-4262-92ab-52232c3ec69d,66a50078-13ab-4c91-b773-85494ce9b61e,c8d57b39-8b52-4429-865c-75047e5cf330,->,5ee5cae8-643a-4262-92ab-52232c3ec69d,java/lang/StringBuilder.java,append
5ee5cae8-643a-4262-92ab-52232c3ec69d,66a50078-13ab-4c91-b773-85494ce9b61e,c8d57b39-8b52-4429-865c-75047e5cf330,->,5ee5cae8-643a-4262-92ab-52232c3ec69d,java/lang/StringBuilder.java,append
5ee5cae8-643a-4262-92ab-52232c3ec69d,66a50078-13ab-4c91-b773-85494ce9b61e,c8d57b39-8b52-4429-865c-75047e5cf330,->,5ee5cae8-643a-4262-92ab-52232c3ec69d,com/division/freeforall/core/FreeForAll.java,getDescription
5ee5cae8-643a-4262-92ab-52232c3ec69d,66a50078-13ab-4c91-b773-85494ce9b61e,c8d57b39-8b52-4429-865c-75047e5cf330,->,5ee5cae8-643a-4262-92ab-52232c3ec69d,org/bukkit/plugin/PluginDescriptionFile.java,getAuthors
5ee5cae8-643a-4262-92ab-52232c3ec69d,66a50078-13ab-4c91-b773-85494ce9b61e,c8d57b39-8b52-4429-865c-75047e5cf330,->,5ee5cae8-643a-4262-92ab-52232c3ec69d,java/util/List.java,toArray
5ee5cae8-643a-4262-92ab-52232c3ec69d,66a50078-13ab-4c91-b773-85494ce9b61e,c8d57b39-8b52-4429-865c-75047e5cf330,->,5ee5cae8-643a-4262-92ab-52232c3ec69d,java/util/Arrays.java,toString
5ee5cae8-643a-4262-92ab-52232c3ec69d,66a50078-13ab-4c91-b773-85494ce9b61e,c8d57b39-8b52-4429-865c-75047e5cf330,->,5ee5cae8-643a-4262-92ab-52232c3ec69d,java/lang/String.java,replace
5ee5cae8-643a-4262-92ab-52232c3ec69d,66a50078-13ab-4c91-b773-85494ce9b61e,c8d57b39-8b52-4429-865c-75047e5cf330,->,5ee5cae8-643a-4262-92ab-52232c3ec69d,java/lang/String.java,replace
5ee5cae8-643a-4262-92ab-52232c3ec69d,66a50078-13ab-4c91-b773-85494ce9b61e,c8d57b39-8b52-4429-865c-75047e5cf330,->,5ee5cae8-643a-4262-92ab-52232c3ec69d,java/lang/StringBuilder.java,append
5ee5cae8-643a-4262-92ab-52232c3ec69d,66a50078-13ab-4c91-b773-85494ce9b61e,c8d57b39-8b52-4429-865c-75047e5cf330,->,5ee5cae8-643a-4262-92ab-52232c3ec69d,java/lang/StringBuilder.java,toString
5ee5cae8-643a-4262-92ab-52232c3ec69d,66a50078-13ab-4c91-b773-85494ce9b61e,c8d57b39-8b52-4429-865c-75047e5cf330,->,5ee5cae8-643a-4262-92ab-52232c3ec69d,org/bukkit/command/CommandSender.java,sendMessage
5ee5cae8-643a-4262-92ab-52232c3ec69d,66a50078-13ab-4c91-b773-85494ce9b61e,c8d57b39-8b52-4429-865c-75047e5cf330,->,5ee5cae8-643a-4262-92ab-52232c3ec69d,java/lang/StringBuilder.java,append
5ee5cae8-643a-4262-92ab-52232c3ec69d,66a50078-13ab-4c91-b773-85494ce9b61e,c8d57b39-8b52-4429-865c-75047e5cf330,->,5ee5cae8-643a-4262-92ab-52232c3ec69d,java/lang/StringBuilder.java,append
5ee5cae8-643a-4262-92ab-52232c3ec69d,66a50078-13ab-4c91-b773-85494ce9b61e,c8d57b39-8b52-4429-865c-75047e5cf330,->,5ee5cae8-643a-4262-92ab-52232c3ec69d,java/lang/StringBuilder.java,toString
5ee5cae8-643a-4262-92ab-52232c3ec69d,66a50078-13ab-4c91-b773-85494ce9b61e,c8d57b39-8b52-4429-865c-75047e5cf330,->,5ee5cae8-643a-4262-92ab-52232c3ec69d,org/bukkit/command/CommandSender.java,sendMessage
5ee5cae8-643a-4262-92ab-52232c3ec69d,66a50078-13ab-4c91-b773-85494ce9b61e,c8d57b39-8b52-4429-865c-75047e5cf330,->,5ee5cae8-643a-4262-92ab-52232c3ec69d,723d5bb4-26ff-4e45-9994-9c9d958ef671,27416550-61fb-4bd6-8c42-2fef63e91e84
5ee5cae8-643a-4262-92ab-52232c3ec69d,66a50078-13ab-4c91-b773-85494ce9b61e,c8d57b39-8b52-4429-865c-75047e5cf330,->,5ee5cae8-643a-4262-92ab-52232c3ec69d,java/util/Set.java,iterator
5ee5cae8-643a-4262-92ab-52232c3ec69d,66a50078-13ab-4c91-b773-85494ce9b61e,c8d57b39-8b52-4429-865c-75047e5cf330,->,5ee5cae8-643a-4262-92ab-52232c3ec69d,java/util/Iterator.java,hasNext
5ee5cae8-643a-4262-92ab-52232c3ec69d,66a50078-13ab-4c91-b773-85494ce9b61e,c8d57b39-8b52-4429-865c-75047e5cf330,->,5ee5cae8-643a-4262-92ab-52232c3ec69d,java/util/Iterator.java,next
5ee5cae8-643a-4262-92ab-52232c3ec69d,66a50078-13ab-4c91-b773-85494ce9b61e,c8d57b39-8b52-4429-865c-75047e5cf330,->,5ee5cae8-643a-4262-92ab-52232c3ec69d,java/lang/StringBuilder.java,append
5ee5cae8-643a-4262-92ab-52232c3ec69d,66a50078-13ab-4c91-b773-85494ce9b61e,c8d57b39-8b52-4429-865c-75047e5cf330,->,5ee5cae8-643a-4262-92ab-52232c3ec69d,java/lang/StringBuilder.java,append
5ee5cae8-643a-4262-92ab-52232c3ec69d,66a50078-13ab-4c91-b773-85494ce9b61e,c8d57b39-8b52-4429-865c-75047e5cf330,->,5ee5cae8-643a-4262-92ab-52232c3ec69d,java/lang/StringBuilder.java,append
5ee5cae8-643a-4262-92ab-52232c3ec69d,66a50078-13ab-4c91-b773-85494ce9b61e,c8d57b39-8b52-4429-865c-75047e5cf330,->,5ee5cae8-643a-4262-92ab-52232c3ec69d,java/lang/StringBuilder.java,append
5ee5cae8-643a-4262-92ab-52232c3ec69d,66a50078-13ab-4c91-b773-85494ce9b61e,c8d57b39-8b52-4429-865c-75047e5cf330,->,5ee5cae8-643a-4262-92ab-52232c3ec69d,java/lang/StringBuilder.java,append
5ee5cae8-643a-4262-92ab-52232c3ec69d,66a50078-13ab-4c91-b773-85494ce9b61e,c8d57b39-8b52-4429-865c-75047e5cf330,->,5ee5cae8-643a-4262-92ab-52232c3ec69d,java/lang/StringBuilder.java,append
5ee5cae8-643a-4262-92ab-52232c3ec69d,66a50078-13ab-4c91-b773-85494ce9b61e,c8d57b39-8b52-4429-865c-75047e5cf330,->,5ee5cae8-643a-4262-92ab-52232c3ec69d,723d5bb4-26ff-4e45-9994-9c9d958ef671,9f71fce1-c101-4fc7-91b0-bc1cff3de525
5ee5cae8-643a-4262-92ab-52232c3ec69d,66a50078-13ab-4c91-b773-85494ce9b61e,c8d57b39-8b52-4429-865c-75047e5cf330,->,5ee5cae8-643a-4262-92ab-52232c3ec69d,java/lang/StringBuilder.java,append
5ee5cae8-643a-4262-92ab-52232c3ec69d,66a50078-13ab-4c91-b773-85494ce9b61e,c8d57b39-8b52-4429-865c-75047e5cf330,->,5ee5cae8-643a-4262-92ab-52232c3ec69d,java/lang/StringBuilder.java,append
5ee5cae8-643a-4262-92ab-52232c3ec69d,66a50078-13ab-4c91-b773-85494ce9b61e,c8d57b39-8b52-4429-865c-75047e5cf330,->,5ee5cae8-643a-4262-92ab-52232c3ec69d,java/lang/StringBuilder.java,append
5ee5cae8-643a-4262-92ab-52232c3ec69d,66a50078-13ab-4c91-b773-85494ce9b61e,c8d57b39-8b52-4429-865c-75047e5cf330,->,5ee5cae8-643a-4262-92ab-52232c3ec69d,java/lang/StringBuilder.java,append
5ee5cae8-643a-4262-92ab-52232c3ec69d,66a50078-13ab-4c91-b773-85494ce9b61e,c8d57b39-8b52-4429-865c-75047e5cf330,->,5ee5cae8-643a-4262-92ab-52232c3ec69d,723d5bb4-26ff-4e45-9994-9c9d958ef671,d44ebfe3-f403-4e38-b25d-9468a338c9b7
5ee5cae8-643a-4262-92ab-52232c3ec69d,66a50078-13ab-4c91-b773-85494ce9b61e,c8d57b39-8b52-4429-865c-75047e5cf330,->,5ee5cae8-643a-4262-92ab-52232c3ec69d,java/lang/StringBuilder.java,append
5ee5cae8-643a-4262-92ab-52232c3ec69d,66a50078-13ab-4c91-b773-85494ce9b61e,c8d57b39-8b52-4429-865c-75047e5cf330,->,5ee5cae8-643a-4262-92ab-52232c3ec69d,java/lang/StringBuilder.java,toString
5ee5cae8-643a-4262-92ab-52232c3ec69d,66a50078-13ab-4c91-b773-85494ce9b61e,c8d57b39-8b52-4429-865c-75047e5cf330,->,5ee5cae8-643a-4262-92ab-52232c3ec69d,723d5bb4-26ff-4e45-9994-9c9d958ef671,9f71fce1-c101-4fc7-91b0-bc1cff3de525
5ee5cae8-643a-4262-92ab-52232c3ec69d,66a50078-13ab-4c91-b773-85494ce9b61e,c8d57b39-8b52-4429-865c-75047e5cf330,->,5ee5cae8-643a-4262-92ab-52232c3ec69d,java/lang/String.java,contains
5ee5cae8-643a-4262-92ab-52232c3ec69d,66a50078-13ab-4c91-b773-85494ce9b61e,c8d57b39-8b52-4429-865c-75047e5cf330,->,5ee5cae8-643a-4262-92ab-52232c3ec69d,java/lang/StringBuilder.java,append
5ee5cae8-643a-4262-92ab-52232c3ec69d,66a50078-13ab-4c91-b773-85494ce9b61e,c8d57b39-8b52-4429-865c-75047e5cf330,->,5ee5cae8-643a-4262-92ab-52232c3ec69d,java/lang/StringBuilder.java,append
5ee5cae8-643a-4262-92ab-52232c3ec69d,66a50078-13ab-4c91-b773-85494ce9b61e,c8d57b39-8b52-4429-865c-75047e5cf330,->,5ee5cae8-643a-4262-92ab-52232c3ec69d,java/lang/StringBuilder.java,append
5ee5cae8-643a-4262-92ab-52232c3ec69d,66a50078-13ab-4c91-b773-85494ce9b61e,c8d57b39-8b52-4429-865c-75047e5cf330,->,5ee5cae8-643a-4262-92ab-52232c3ec69d,java/lang/StringBuilder.java,append
5ee5cae8-643a-4262-92ab-52232c3ec69d,66a50078-13ab-4c91-b773-85494ce9b61e,c8d57b39-8b52-4429-865c-75047e5cf330,->,5ee5cae8-643a-4262-92ab-52232c3ec69d,java/lang/StringBuilder.java,append
5ee5cae8-643a-4262-92ab-52232c3ec69d,66a50078-13ab-4c91-b773-85494ce9b61e,c8d57b39-8b52-4429-865c-75047e5cf330,->,5ee5cae8-643a-4262-92ab-52232c3ec69d,java/lang/StringBuilder.java,append
5ee5cae8-643a-4262-92ab-52232c3ec69d,66a50078-13ab-4c91-b773-85494ce9b61e,c8d57b39-8b52-4429-865c-75047e5cf330,->,5ee5cae8-643a-4262-92ab-52232c3ec69d,java/lang/StringBuilder.java,append
5ee5cae8-643a-4262-92ab-52232c3ec69d,66a50078-13ab-4c91-b773-85494ce9b61e,c8d57b39-8b52-4429-865c-75047e5cf330,->,5ee5cae8-643a-4262-92ab-52232c3ec69d,java/lang/StringBuilder.java,toString
5ee5cae8-643a-4262-92ab-52232c3ec69d,66a50078-13ab-4c91-b773-85494ce9b61e,c8d57b39-8b52-4429-865c-75047e5cf330,->,5ee5cae8-643a-4262-92ab-52232c3ec69d,org/bukkit/command/CommandSender.java,sendMessage
5ee5cae8-643a-4262-92ab-52232c3ec69d,66a50078-13ab-4c91-b773-85494ce9b61e,c8d57b39-8b52-4429-865c-75047e5cf330,->,5ee5cae8-643a-4262-92ab-52232c3ec69d,java/lang/String.java,equalsIgnoreCase
5ee5cae8-643a-4262-92ab-52232c3ec69d,66a50078-13ab-4c91-b773-85494ce9b61e,c8d57b39-8b52-4429-865c-75047e5cf330,->,5ee5cae8-643a-4262-92ab-52232c3ec69d,java/lang/StringBuilder.java,append
5ee5cae8-643a-4262-92ab-52232c3ec69d,66a50078-13ab-4c91-b773-85494ce9b61e,c8d57b39-8b52-4429-865c-75047e5cf330,->,5ee5cae8-643a-4262-92ab-52232c3ec69d,java/lang/StringBuilder.java,append
5ee5cae8-643a-4262-92ab-52232c3ec69d,66a50078-13ab-4c91-b773-85494ce9b61e,c8d57b39-8b52-4429-865c-75047e5cf330,->,5ee5cae8-643a-4262-92ab-52232c3ec69d,java/lang/StringBuilder.java,toString
5ee5cae8-643a-4262-92ab-52232c3ec69d,66a50078-13ab-4c91-b773-85494ce9b61e,c8d57b39-8b52-4429-865c-75047e5cf330,->,5ee5cae8-643a-4262-92ab-52232c3ec69d,org/bukkit/command/CommandSender.java,sendMessage
5ee5cae8-643a-4262-92ab-52232c3ec69d,66a50078-13ab-4c91-b773-85494ce9b61e,c8d57b39-8b52-4429-865c-75047e5cf330,->,5ee5cae8-643a-4262-92ab-52232c3ec69d,java/lang/StringBuilder.java,append
5ee5cae8-643a-4262-92ab-52232c3ec69d,66a50078-13ab-4c91-b773-85494ce9b61e,c8d57b39-8b52-4429-865c-75047e5cf330,->,5ee5cae8-643a-4262-92ab-52232c3ec69d,java/lang/StringBuilder.java,append
5ee5cae8-643a-4262-92ab-52232c3ec69d,66a50078-13ab-4c91-b773-85494ce9b61e,c8d57b39-8b52-4429-865c-75047e5cf330,->,5ee5cae8-643a-4262-92ab-52232c3ec69d,java/lang/StringBuilder.java,toString
5ee5cae8-643a-4262-92ab-52232c3ec69d,66a50078-13ab-4c91-b773-85494ce9b61e,c8d57b39-8b52-4429-865c-75047e5cf330,->,5ee5cae8-643a-4262-92ab-52232c3ec69d,org/bukkit/command/CommandSender.java,sendMessage
5ee5cae8-643a-4262-92ab-52232c3ec69d,66a50078-13ab-4c91-b773-85494ce9b61e,c8d57b39-8b52-4429-865c-75047e5cf330,->,5ee5cae8-643a-4262-92ab-52232c3ec69d,java/lang/String.java,equalsIgnoreCase
5ee5cae8-643a-4262-92ab-52232c3ec69d,66a50078-13ab-4c91-b773-85494ce9b61e,c8d57b39-8b52-4429-865c-75047e5cf330,->,5ee5cae8-643a-4262-92ab-52232c3ec69d,java/lang/StringBuilder.java,append
5ee5cae8-643a-4262-92ab-52232c3ec69d,66a50078-13ab-4c91-b773-85494ce9b61e,c8d57b39-8b52-4429-865c-75047e5cf330,->,5ee5cae8-643a-4262-92ab-52232c3ec69d,java/lang/StringBuilder.java,append
5ee5cae8-643a-4262-92ab-52232c3ec69d,66a50078-13ab-4c91-b773-85494ce9b61e,c8d57b39-8b52-4429-865c-75047e5cf330,->,5ee5cae8-643a-4262-92ab-52232c3ec69d,java/util/HashMap.java,keySet
5ee5cae8-643a-4262-92ab-52232c3ec69d,66a50078-13ab-4c91-b773-85494ce9b61e,c8d57b39-8b52-4429-865c-75047e5cf330,->,5ee5cae8-643a-4262-92ab-52232c3ec69d,java/util/Set.java,toArray
5ee5cae8-643a-4262-92ab-52232c3ec69d,66a50078-13ab-4c91-b773-85494ce9b61e,c8d57b39-8b52-4429-865c-75047e5cf330,->,5ee5cae8-643a-4262-92ab-52232c3ec69d,java/util/Arrays.java,toString
5ee5cae8-643a-4262-92ab-52232c3ec69d,66a50078-13ab-4c91-b773-85494ce9b61e,c8d57b39-8b52-4429-865c-75047e5cf330,->,5ee5cae8-643a-4262-92ab-52232c3ec69d,java/lang/String.java,replace
5ee5cae8-643a-4262-92ab-52232c3ec69d,66a50078-13ab-4c91-b773-85494ce9b61e,c8d57b39-8b52-4429-865c-75047e5cf330,->,5ee5cae8-643a-4262-92ab-52232c3ec69d,java/lang/String.java,replace
5ee5cae8-643a-4262-92ab-52232c3ec69d,66a50078-13ab-4c91-b773-85494ce9b61e,c8d57b39-8b52-4429-865c-75047e5cf330,->,5ee5cae8-643a-4262-92ab-52232c3ec69d,java/lang/StringBuilder.java,append
5ee5cae8-643a-4262-92ab-52232c3ec69d,66a50078-13ab-4c91-b773-85494ce9b61e,c8d57b39-8b52-4429-865c-75047e5cf330,->,5ee5cae8-643a-4262-92ab-52232c3ec69d,java/lang/StringBuilder.java,toString
5ee5cae8-643a-4262-92ab-52232c3ec69d,66a50078-13ab-4c91-b773-85494ce9b61e,c8d57b39-8b52-4429-865c-75047e5cf330,->,5ee5cae8-643a-4262-92ab-52232c3ec69d,org/bukkit/command/CommandSender.java,sendMessage
5ee5cae8-643a-4262-92ab-52232c3ec69d,66a50078-13ab-4c91-b773-85494ce9b61e,c8d57b39-8b52-4429-865c-75047e5cf330,->,5ee5cae8-643a-4262-92ab-52232c3ec69d,java/lang/String.java,toLowerCase
5ee5cae8-643a-4262-92ab-52232c3ec69d,66a50078-13ab-4c91-b773-85494ce9b61e,c8d57b39-8b52-4429-865c-75047e5cf330,->,5ee5cae8-643a-4262-92ab-52232c3ec69d,java/util/HashMap.java,containsKey
5ee5cae8-643a-4262-92ab-52232c3ec69d,66a50078-13ab-4c91-b773-85494ce9b61e,c8d57b39-8b52-4429-865c-75047e5cf330,->,5ee5cae8-643a-4262-92ab-52232c3ec69d,66a50078-13ab-4c91-b773-85494ce9b61e,689f18e9-0749-48fc-910f-efa05ba40109
5ee5cae8-643a-4262-92ab-52232c3ec69d,66a50078-13ab-4c91-b773-85494ce9b61e,c8d57b39-8b52-4429-865c-75047e5cf330,->,5ee5cae8-643a-4262-92ab-52232c3ec69d,java/lang/StringBuilder.java,append
5ee5cae8-643a-4262-92ab-52232c3ec69d,66a50078-13ab-4c91-b773-85494ce9b61e,c8d57b39-8b52-4429-865c-75047e5cf330,->,5ee5cae8-643a-4262-92ab-52232c3ec69d,java/lang/StringBuilder.java,append
5ee5cae8-643a-4262-92ab-52232c3ec69d,66a50078-13ab-4c91-b773-85494ce9b61e,c8d57b39-8b52-4429-865c-75047e5cf330,->,5ee5cae8-643a-4262-92ab-52232c3ec69d,java/lang/StringBuilder.java,toString
5ee5cae8-643a-4262-92ab-52232c3ec69d,66a50078-13ab-4c91-b773-85494ce9b61e,c8d57b39-8b52-4429-865c-75047e5cf330,->,5ee5cae8-643a-4262-92ab-52232c3ec69d,org/bukkit/command/CommandSender.java,sendMessage
5ee5cae8-643a-4262-92ab-52232c3ec69d,66a50078-13ab-4c91-b773-85494ce9b61e,c8d57b39-8b52-4429-865c-75047e5cf330,->,5ee5cae8-643a-4262-92ab-52232c3ec69d,66a50078-13ab-4c91-b773-85494ce9b61e,f61e030a-666d-4132-ac9c-eb367ec82844
5ee5cae8-643a-4262-92ab-52232c3ec69d,66a50078-13ab-4c91-b773-85494ce9b61e,c8d57b39-8b52-4429-865c-75047e5cf330,->,5ee5cae8-643a-4262-92ab-52232c3ec69d,java/lang/StringBuilder.java,append
5ee5cae8-643a-4262-92ab-52232c3ec69d,66a50078-13ab-4c91-b773-85494ce9b61e,c8d57b39-8b52-4429-865c-75047e5cf330,->,5ee5cae8-643a-4262-92ab-52232c3ec69d,java/lang/StringBuilder.java,append
5ee5cae8-643a-4262-92ab-52232c3ec69d,66a50078-13ab-4c91-b773-85494ce9b61e,c8d57b39-8b52-4429-865c-75047e5cf330,->,5ee5cae8-643a-4262-92ab-52232c3ec69d,java/lang/String.java,toLowerCase
5ee5cae8-643a-4262-92ab-52232c3ec69d,66a50078-13ab-4c91-b773-85494ce9b61e,c8d57b39-8b52-4429-865c-75047e5cf330,->,5ee5cae8-643a-4262-92ab-52232c3ec69d,java/lang/StringBuilder.java,append
5ee5cae8-643a-4262-92ab-52232c3ec69d,66a50078-13ab-4c91-b773-85494ce9b61e,c8d57b39-8b52-4429-865c-75047e5cf330,->,5ee5cae8-643a-4262-92ab-52232c3ec69d,java/lang/StringBuilder.java,append
5ee5cae8-643a-4262-92ab-52232c3ec69d,66a50078-13ab-4c91-b773-85494ce9b61e,c8d57b39-8b52-4429-865c-75047e5cf330,->,5ee5cae8-643a-4262-92ab-52232c3ec69d,java/lang/StringBuilder.java,toString
5ee5cae8-643a-4262-92ab-52232c3ec69d,66a50078-13ab-4c91-b773-85494ce9b61e,c8d57b39-8b52-4429-865c-75047e5cf330,->,5ee5cae8-643a-4262-92ab-52232c3ec69d,org/bukkit/command/CommandSender.java,sendMessage
5ee5cae8-643a-4262-92ab-52232c3ec69d,66a50078-13ab-4c91-b773-85494ce9b61e,c8d57b39-8b52-4429-865c-75047e5cf330,->,5ee5cae8-643a-4262-92ab-52232c3ec69d,java/lang/StringBuilder.java,append
5ee5cae8-643a-4262-92ab-52232c3ec69d,66a50078-13ab-4c91-b773-85494ce9b61e,c8d57b39-8b52-4429-865c-75047e5cf330,->,5ee5cae8-643a-4262-92ab-52232c3ec69d,java/lang/StringBuilder.java,append
5ee5cae8-643a-4262-92ab-52232c3ec69d,66a50078-13ab-4c91-b773-85494ce9b61e,c8d57b39-8b52-4429-865c-75047e5cf330,->,5ee5cae8-643a-4262-92ab-52232c3ec69d,java/util/HashMap.java,keySet
5ee5cae8-643a-4262-92ab-52232c3ec69d,66a50078-13ab-4c91-b773-85494ce9b61e,c8d57b39-8b52-4429-865c-75047e5cf330,->,5ee5cae8-643a-4262-92ab-52232c3ec69d,java/util/Set.java,toArray
5ee5cae8-643a-4262-92ab-52232c3ec69d,66a50078-13ab-4c91-b773-85494ce9b61e,c8d57b39-8b52-4429-865c-75047e5cf330,->,5ee5cae8-643a-4262-92ab-52232c3ec69d,java/util/Arrays.java,toString
5ee5cae8-643a-4262-92ab-52232c3ec69d,66a50078-13ab-4c91-b773-85494ce9b61e,c8d57b39-8b52-4429-865c-75047e5cf330,->,5ee5cae8-643a-4262-92ab-52232c3ec69d,java/lang/String.java,replace
5ee5cae8-643a-4262-92ab-52232c3ec69d,66a50078-13ab-4c91-b773-85494ce9b61e,c8d57b39-8b52-4429-865c-75047e5cf330,->,5ee5cae8-643a-4262-92ab-52232c3ec69d,java/lang/String.java,replace
5ee5cae8-643a-4262-92ab-52232c3ec69d,66a50078-13ab-4c91-b773-85494ce9b61e,c8d57b39-8b52-4429-865c-75047e5cf330,->,5ee5cae8-643a-4262-92ab-52232c3ec69d,java/lang/StringBuilder.java,append
5ee5cae8-643a-4262-92ab-52232c3ec69d,66a50078-13ab-4c91-b773-85494ce9b61e,c8d57b39-8b52-4429-865c-75047e5cf330,->,5ee5cae8-643a-4262-92ab-52232c3ec69d,java/lang/StringBuilder.java,toString
5ee5cae8-643a-4262-92ab-52232c3ec69d,66a50078-13ab-4c91-b773-85494ce9b61e,c8d57b39-8b52-4429-865c-75047e5cf330,->,5ee5cae8-643a-4262-92ab-52232c3ec69d,org/bukkit/command/CommandSender.java,sendMessage
5ee5cae8-643a-4262-92ab-52232c3ec69d,66a50078-13ab-4c91-b773-85494ce9b61e,c8d57b39-8b52-4429-865c-75047e5cf330,->,5ee5cae8-643a-4262-92ab-52232c3ec69d,66a50078-13ab-4c91-b773-85494ce9b61e,5b3668de-513b-45ee-80ce-55123ebbfcf3
5ee5cae8-643a-4262-92ab-52232c3ec69d,66a50078-13ab-4c91-b773-85494ce9b61e,c8d57b39-8b52-4429-865c-75047e5cf330,->,5ee5cae8-643a-4262-92ab-52232c3ec69d,66a50078-13ab-4c91-b773-85494ce9b61e,47175d25-f066-4ab0-ad6d-8629e7107a71
5ee5cae8-643a-4262-92ab-52232c3ec69d,66a50078-13ab-4c91-b773-85494ce9b61e,c8d57b39-8b52-4429-865c-75047e5cf330,->,5ee5cae8-643a-4262-92ab-52232c3ec69d,java/lang/String.java,toLowerCase
5ee5cae8-643a-4262-92ab-52232c3ec69d,66a50078-13ab-4c91-b773-85494ce9b61e,c8d57b39-8b52-4429-865c-75047e5cf330,->,5ee5cae8-643a-4262-92ab-52232c3ec69d,66a50078-13ab-4c91-b773-85494ce9b61e,2451d485-f107-422f-9b8c-85c82fdc85e9
5ee5cae8-643a-4262-92ab-52232c3ec69d,66a50078-13ab-4c91-b773-85494ce9b61e,c8d57b39-8b52-4429-865c-75047e5cf330,->,5ee5cae8-643a-4262-92ab-52232c3ec69d,java/lang/StringBuilder.java,append
5ee5cae8-643a-4262-92ab-52232c3ec69d,66a50078-13ab-4c91-b773-85494ce9b61e,c8d57b39-8b52-4429-865c-75047e5cf330,->,5ee5cae8-643a-4262-92ab-52232c3ec69d,java/lang/StringBuilder.java,append
5ee5cae8-643a-4262-92ab-52232c3ec69d,66a50078-13ab-4c91-b773-85494ce9b61e,c8d57b39-8b52-4429-865c-75047e5cf330,->,5ee5cae8-643a-4262-92ab-52232c3ec69d,java/lang/String.java,toLowerCase
5ee5cae8-643a-4262-92ab-52232c3ec69d,66a50078-13ab-4c91-b773-85494ce9b61e,c8d57b39-8b52-4429-865c-75047e5cf330,->,5ee5cae8-643a-4262-92ab-52232c3ec69d,java/lang/StringBuilder.java,append
5ee5cae8-643a-4262-92ab-52232c3ec69d,66a50078-13ab-4c91-b773-85494ce9b61e,c8d57b39-8b52-4429-865c-75047e5cf330,->,5ee5cae8-643a-4262-92ab-52232c3ec69d,java/lang/StringBuilder.java,append
5ee5cae8-643a-4262-92ab-52232c3ec69d,66a50078-13ab-4c91-b773-85494ce9b61e,c8d57b39-8b52-4429-865c-75047e5cf330,->,5ee5cae8-643a-4262-92ab-52232c3ec69d,java/lang/StringBuilder.java,toString
5ee5cae8-643a-4262-92ab-52232c3ec69d,66a50078-13ab-4c91-b773-85494ce9b61e,c8d57b39-8b52-4429-865c-75047e5cf330,->,5ee5cae8-643a-4262-92ab-52232c3ec69d,org/bukkit/command/CommandSender.java,sendMessage
5ee5cae8-643a-4262-92ab-52232c3ec69d,66a50078-13ab-4c91-b773-85494ce9b61e,c8d57b39-8b52-4429-865c-75047e5cf330,->,5ee5cae8-643a-4262-92ab-52232c3ec69d,java/lang/StringBuilder.java,append
5ee5cae8-643a-4262-92ab-52232c3ec69d,66a50078-13ab-4c91-b773-85494ce9b61e,c8d57b39-8b52-4429-865c-75047e5cf330,->,5ee5cae8-643a-4262-92ab-52232c3ec69d,java/lang/StringBuilder.java,append
5ee5cae8-643a-4262-92ab-52232c3ec69d,66a50078-13ab-4c91-b773-85494ce9b61e,c8d57b39-8b52-4429-865c-75047e5cf330,->,5ee5cae8-643a-4262-92ab-52232c3ec69d,java/lang/StringBuilder.java,toString
5ee5cae8-643a-4262-92ab-52232c3ec69d,66a50078-13ab-4c91-b773-85494ce9b61e,c8d57b39-8b52-4429-865c-75047e5cf330,->,5ee5cae8-643a-4262-92ab-52232c3ec69d,org/bukkit/command/CommandSender.java,sendMessage
5ee5cae8-643a-4262-92ab-52232c3ec69d,66a50078-13ab-4c91-b773-85494ce9b61e,c8d57b39-8b52-4429-865c-75047e5cf330,->,5ee5cae8-643a-4262-92ab-52232c3ec69d,java/lang/String.java,equalsIgnoreCase
5ee5cae8-643a-4262-92ab-52232c3ec69d,66a50078-13ab-4c91-b773-85494ce9b61e,c8d57b39-8b52-4429-865c-75047e5cf330,->,5ee5cae8-643a-4262-92ab-52232c3ec69d,org/bukkit/command/Command.java,getPermission
5ee5cae8-643a-4262-92ab-52232c3ec69d,66a50078-13ab-4c91-b773-85494ce9b61e,c8d57b39-8b52-4429-865c-75047e5cf330,->,5ee5cae8-643a-4262-92ab-52232c3ec69d,java/lang/StringBuilder.java,append
5ee5cae8-643a-4262-92ab-52232c3ec69d,66a50078-13ab-4c91-b773-85494ce9b61e,c8d57b39-8b52-4429-865c-75047e5cf330,->,5ee5cae8-643a-4262-92ab-52232c3ec69d,java/lang/StringBuilder.java,append
5ee5cae8-643a-4262-92ab-52232c3ec69d,66a50078-13ab-4c91-b773-85494ce9b61e,c8d57b39-8b52-4429-865c-75047e5cf330,->,5ee5cae8-643a-4262-92ab-52232c3ec69d,java/lang/StringBuilder.java,toString
5ee5cae8-643a-4262-92ab-52232c3ec69d,66a50078-13ab-4c91-b773-85494ce9b61e,c8d57b39-8b52-4429-865c-75047e5cf330,->,5ee5cae8-643a-4262-92ab-52232c3ec69d,org/bukkit/entity/Player.java,hasPermission
5ee5cae8-643a-4262-92ab-52232c3ec69d,66a50078-13ab-4c91-b773-85494ce9b61e,c8d57b39-8b52-4429-865c-75047e5cf330,->,5ee5cae8-643a-4262-92ab-52232c3ec69d,java/lang/StringBuilder.java,append
5ee5cae8-643a-4262-92ab-52232c3ec69d,66a50078-13ab-4c91-b773-85494ce9b61e,c8d57b39-8b52-4429-865c-75047e5cf330,->,5ee5cae8-643a-4262-92ab-52232c3ec69d,java/lang/StringBuilder.java,append
5ee5cae8-643a-4262-92ab-52232c3ec69d,66a50078-13ab-4c91-b773-85494ce9b61e,c8d57b39-8b52-4429-865c-75047e5cf330,->,5ee5cae8-643a-4262-92ab-52232c3ec69d,java/lang/StringBuilder.java,append
5ee5cae8-643a-4262-92ab-52232c3ec69d,66a50078-13ab-4c91-b773-85494ce9b61e,c8d57b39-8b52-4429-865c-75047e5cf330,->,5ee5cae8-643a-4262-92ab-52232c3ec69d,java/lang/StringBuilder.java,append
5ee5cae8-643a-4262-92ab-52232c3ec69d,66a50078-13ab-4c91-b773-85494ce9b61e,c8d57b39-8b52-4429-865c-75047e5cf330,->,5ee5cae8-643a-4262-92ab-52232c3ec69d,java/lang/StringBuilder.java,append
5ee5cae8-643a-4262-92ab-52232c3ec69d,66a50078-13ab-4c91-b773-85494ce9b61e,c8d57b39-8b52-4429-865c-75047e5cf330,->,5ee5cae8-643a-4262-92ab-52232c3ec69d,java/lang/StringBuilder.java,append
5ee5cae8-643a-4262-92ab-52232c3ec69d,66a50078-13ab-4c91-b773-85494ce9b61e,c8d57b39-8b52-4429-865c-75047e5cf330,->,5ee5cae8-643a-4262-92ab-52232c3ec69d,java/lang/StringBuilder.java,append
5ee5cae8-643a-4262-92ab-52232c3ec69d,66a50078-13ab-4c91-b773-85494ce9b61e,c8d57b39-8b52-4429-865c-75047e5cf330,->,5ee5cae8-643a-4262-92ab-52232c3ec69d,java/lang/StringBuilder.java,append
5ee5cae8-643a-4262-92ab-52232c3ec69d,66a50078-13ab-4c91-b773-85494ce9b61e,c8d57b39-8b52-4429-865c-75047e5cf330,->,5ee5cae8-643a-4262-92ab-52232c3ec69d,java/lang/StringBuilder.java,toString
5ee5cae8-643a-4262-92ab-52232c3ec69d,66a50078-13ab-4c91-b773-85494ce9b61e,c8d57b39-8b52-4429-865c-75047e5cf330,->,5ee5cae8-643a-4262-92ab-52232c3ec69d,java/lang/StringBuilder.java,append
5ee5cae8-643a-4262-92ab-52232c3ec69d,66a50078-13ab-4c91-b773-85494ce9b61e,c8d57b39-8b52-4429-865c-75047e5cf330,->,5ee5cae8-643a-4262-92ab-52232c3ec69d,java/lang/StringBuilder.java,append
5ee5cae8-643a-4262-92ab-52232c3ec69d,66a50078-13ab-4c91-b773-85494ce9b61e,c8d57b39-8b52-4429-865c-75047e5cf330,->,5ee5cae8-643a-4262-92ab-52232c3ec69d,java/lang/StringBuilder.java,append
5ee5cae8-643a-4262-92ab-52232c3ec69d,66a50078-13ab-4c91-b773-85494ce9b61e,c8d57b39-8b52-4429-865c-75047e5cf330,->,5ee5cae8-643a-4262-92ab-52232c3ec69d,java/lang/StringBuilder.java,append
5ee5cae8-643a-4262-92ab-52232c3ec69d,66a50078-13ab-4c91-b773-85494ce9b61e,c8d57b39-8b52-4429-865c-75047e5cf330,->,5ee5cae8-643a-4262-92ab-52232c3ec69d,java/lang/StringBuilder.java,append
5ee5cae8-643a-4262-92ab-52232c3ec69d,66a50078-13ab-4c91-b773-85494ce9b61e,c8d57b39-8b52-4429-865c-75047e5cf330,->,5ee5cae8-643a-4262-92ab-52232c3ec69d,java/lang/StringBuilder.java,append
5ee5cae8-643a-4262-92ab-52232c3ec69d,66a50078-13ab-4c91-b773-85494ce9b61e,c8d57b39-8b52-4429-865c-75047e5cf330,->,5ee5cae8-643a-4262-92ab-52232c3ec69d,java/lang/StringBuilder.java,toString
5ee5cae8-643a-4262-92ab-52232c3ec69d,66a50078-13ab-4c91-b773-85494ce9b61e,c8d57b39-8b52-4429-865c-75047e5cf330,->,5ee5cae8-643a-4262-92ab-52232c3ec69d,java/lang/StringBuilder.java,append
5ee5cae8-643a-4262-92ab-52232c3ec69d,66a50078-13ab-4c91-b773-85494ce9b61e,c8d57b39-8b52-4429-865c-75047e5cf330,->,5ee5cae8-643a-4262-92ab-52232c3ec69d,java/lang/StringBuilder.java,append
5ee5cae8-643a-4262-92ab-52232c3ec69d,66a50078-13ab-4c91-b773-85494ce9b61e,c8d57b39-8b52-4429-865c-75047e5cf330,->,5ee5cae8-643a-4262-92ab-52232c3ec69d,java/lang/StringBuilder.java,append
5ee5cae8-643a-4262-92ab-52232c3ec69d,66a50078-13ab-4c91-b773-85494ce9b61e,c8d57b39-8b52-4429-865c-75047e5cf330,->,5ee5cae8-643a-4262-92ab-52232c3ec69d,java/lang/StringBuilder.java,append
5ee5cae8-643a-4262-92ab-52232c3ec69d,66a50078-13ab-4c91-b773-85494ce9b61e,c8d57b39-8b52-4429-865c-75047e5cf330,->,5ee5cae8-643a-4262-92ab-52232c3ec69d,java/lang/StringBuilder.java,append
5ee5cae8-643a-4262-92ab-52232c3ec69d,66a50078-13ab-4c91-b773-85494ce9b61e,c8d57b39-8b52-4429-865c-75047e5cf330,->,5ee5cae8-643a-4262-92ab-52232c3ec69d,java/lang/StringBuilder.java,append
5ee5cae8-643a-4262-92ab-52232c3ec69d,66a50078-13ab-4c91-b773-85494ce9b61e,c8d57b39-8b52-4429-865c-75047e5cf330,->,5ee5cae8-643a-4262-92ab-52232c3ec69d,java/lang/StringBuilder.java,toString
5ee5cae8-643a-4262-92ab-52232c3ec69d,66a50078-13ab-4c91-b773-85494ce9b61e,c8d57b39-8b52-4429-865c-75047e5cf330,->,5ee5cae8-643a-4262-92ab-52232c3ec69d,java/lang/String.java,equalsIgnoreCase
5ee5cae8-643a-4262-92ab-52232c3ec69d,66a50078-13ab-4c91-b773-85494ce9b61e,c8d57b39-8b52-4429-865c-75047e5cf330,->,5ee5cae8-643a-4262-92ab-52232c3ec69d,java/lang/String.java,replace
5ee5cae8-643a-4262-92ab-52232c3ec69d,66a50078-13ab-4c91-b773-85494ce9b61e,c8d57b39-8b52-4429-865c-75047e5cf330,->,5ee5cae8-643a-4262-92ab-52232c3ec69d,org/bukkit/entity/Player.java,sendMessage
5ee5cae8-643a-4262-92ab-52232c3ec69d,66a50078-13ab-4c91-b773-85494ce9b61e,c8d57b39-8b52-4429-865c-75047e5cf330,->,5ee5cae8-643a-4262-92ab-52232c3ec69d,05555cf1-eb0d-40db-9bc6-73acfcaeb8cf,3f32d582-087e-40e1-8062-4a32d7f0cc45
5ee5cae8-643a-4262-92ab-52232c3ec69d,66a50078-13ab-4c91-b773-85494ce9b61e,c8d57b39-8b52-4429-865c-75047e5cf330,->,5ee5cae8-643a-4262-92ab-52232c3ec69d,java/util/ArrayList.java,iterator
5ee5cae8-643a-4262-92ab-52232c3ec69d,66a50078-13ab-4c91-b773-85494ce9b61e,c8d57b39-8b52-4429-865c-75047e5cf330,->,5ee5cae8-643a-4262-92ab-52232c3ec69d,java/util/Iterator.java,hasNext
5ee5cae8-643a-4262-92ab-52232c3ec69d,66a50078-13ab-4c91-b773-85494ce9b61e,c8d57b39-8b52-4429-865c-75047e5cf330,->,5ee5cae8-643a-4262-92ab-52232c3ec69d,java/util/Iterator.java,next
5ee5cae8-643a-4262-92ab-52232c3ec69d,66a50078-13ab-4c91-b773-85494ce9b61e,c8d57b39-8b52-4429-865c-75047e5cf330,->,5ee5cae8-643a-4262-92ab-52232c3ec69d,05555cf1-eb0d-40db-9bc6-73acfcaeb8cf,2903a372-d66f-404e-b90f-5c2dad6140f3
5ee5cae8-643a-4262-92ab-52232c3ec69d,66a50078-13ab-4c91-b773-85494ce9b61e,c8d57b39-8b52-4429-865c-75047e5cf330,->,5ee5cae8-643a-4262-92ab-52232c3ec69d,05555cf1-eb0d-40db-9bc6-73acfcaeb8cf,8d66ecd6-4004-4cb5-ada6-3bc27790cd85
5ee5cae8-643a-4262-92ab-52232c3ec69d,66a50078-13ab-4c91-b773-85494ce9b61e,c8d57b39-8b52-4429-865c-75047e5cf330,->,5ee5cae8-643a-4262-92ab-52232c3ec69d,java/lang/StringBuilder.java,append
5ee5cae8-643a-4262-92ab-52232c3ec69d,66a50078-13ab-4c91-b773-85494ce9b61e,c8d57b39-8b52-4429-865c-75047e5cf330,->,5ee5cae8-643a-4262-92ab-52232c3ec69d,java/lang/StringBuilder.java,append
5ee5cae8-643a-4262-92ab-52232c3ec69d,66a50078-13ab-4c91-b773-85494ce9b61e,c8d57b39-8b52-4429-865c-75047e5cf330,->,5ee5cae8-643a-4262-92ab-52232c3ec69d,java/lang/StringBuilder.java,toString
5ee5cae8-643a-4262-92ab-52232c3ec69d,66a50078-13ab-4c91-b773-85494ce9b61e,c8d57b39-8b52-4429-865c-75047e5cf330,->,5ee5cae8-643a-4262-92ab-52232c3ec69d,java/lang/String.java,replace
5ee5cae8-643a-4262-92ab-52232c3ec69d,66a50078-13ab-4c91-b773-85494ce9b61e,c8d57b39-8b52-4429-865c-75047e5cf330,->,5ee5cae8-643a-4262-92ab-52232c3ec69d,java/lang/String.java,replace
5ee5cae8-643a-4262-92ab-52232c3ec69d,66a50078-13ab-4c91-b773-85494ce9b61e,c8d57b39-8b52-4429-865c-75047e5cf330,->,5ee5cae8-643a-4262-92ab-52232c3ec69d,java/lang/StringBuilder.java,append
5ee5cae8-643a-4262-92ab-52232c3ec69d,66a50078-13ab-4c91-b773-85494ce9b61e,c8d57b39-8b52-4429-865c-75047e5cf330,->,5ee5cae8-643a-4262-92ab-52232c3ec69d,java/lang/StringBuilder.java,append
5ee5cae8-643a-4262-92ab-52232c3ec69d,66a50078-13ab-4c91-b773-85494ce9b61e,c8d57b39-8b52-4429-865c-75047e5cf330,->,5ee5cae8-643a-4262-92ab-52232c3ec69d,java/lang/StringBuilder.java,toString
5ee5cae8-643a-4262-92ab-52232c3ec69d,66a50078-13ab-4c91-b773-85494ce9b61e,c8d57b39-8b52-4429-865c-75047e5cf330,->,5ee5cae8-643a-4262-92ab-52232c3ec69d,java/lang/String.java,replace
5ee5cae8-643a-4262-92ab-52232c3ec69d,66a50078-13ab-4c91-b773-85494ce9b61e,c8d57b39-8b52-4429-865c-75047e5cf330,->,5ee5cae8-643a-4262-92ab-52232c3ec69d,org/bukkit/entity/Player.java,sendMessage
5ee5cae8-643a-4262-92ab-52232c3ec69d,66a50078-13ab-4c91-b773-85494ce9b61e,c8d57b39-8b52-4429-865c-75047e5cf330,->,5ee5cae8-643a-4262-92ab-52232c3ec69d,org/bukkit/entity/Player.java,sendMessage
5ee5cae8-643a-4262-92ab-52232c3ec69d,66a50078-13ab-4c91-b773-85494ce9b61e,c8d57b39-8b52-4429-865c-75047e5cf330,->,5ee5cae8-643a-4262-92ab-52232c3ec69d,java/lang/String.java,equalsIgnoreCase
5ee5cae8-643a-4262-92ab-52232c3ec69d,66a50078-13ab-4c91-b773-85494ce9b61e,c8d57b39-8b52-4429-865c-75047e5cf330,->,5ee5cae8-643a-4262-92ab-52232c3ec69d,java/lang/String.java,replace
5ee5cae8-643a-4262-92ab-52232c3ec69d,66a50078-13ab-4c91-b773-85494ce9b61e,c8d57b39-8b52-4429-865c-75047e5cf330,->,5ee5cae8-643a-4262-92ab-52232c3ec69d,org/bukkit/entity/Player.java,sendMessage
5ee5cae8-643a-4262-92ab-52232c3ec69d,66a50078-13ab-4c91-b773-85494ce9b61e,c8d57b39-8b52-4429-865c-75047e5cf330,->,5ee5cae8-643a-4262-92ab-52232c3ec69d,05555cf1-eb0d-40db-9bc6-73acfcaeb8cf,2e6f6b63-b21a-418f-8d40-fc2852b41b49
5ee5cae8-643a-4262-92ab-52232c3ec69d,66a50078-13ab-4c91-b773-85494ce9b61e,c8d57b39-8b52-4429-865c-75047e5cf330,->,5ee5cae8-643a-4262-92ab-52232c3ec69d,java/util/ArrayList.java,iterator
5ee5cae8-643a-4262-92ab-52232c3ec69d,66a50078-13ab-4c91-b773-85494ce9b61e,c8d57b39-8b52-4429-865c-75047e5cf330,->,5ee5cae8-643a-4262-92ab-52232c3ec69d,java/util/Iterator.java,hasNext
5ee5cae8-643a-4262-92ab-52232c3ec69d,66a50078-13ab-4c91-b773-85494ce9b61e,c8d57b39-8b52-4429-865c-75047e5cf330,->,5ee5cae8-643a-4262-92ab-52232c3ec69d,java/util/Iterator.java,next
5ee5cae8-643a-4262-92ab-52232c3ec69d,66a50078-13ab-4c91-b773-85494ce9b61e,c8d57b39-8b52-4429-865c-75047e5cf330,->,5ee5cae8-643a-4262-92ab-52232c3ec69d,05555cf1-eb0d-40db-9bc6-73acfcaeb8cf,2903a372-d66f-404e-b90f-5c2dad6140f3
5ee5cae8-643a-4262-92ab-52232c3ec69d,66a50078-13ab-4c91-b773-85494ce9b61e,c8d57b39-8b52-4429-865c-75047e5cf330,->,5ee5cae8-643a-4262-92ab-52232c3ec69d,05555cf1-eb0d-40db-9bc6-73acfcaeb8cf,2d7cebce-290e-455a-8475-c9baca4a021c
5ee5cae8-643a-4262-92ab-52232c3ec69d,66a50078-13ab-4c91-b773-85494ce9b61e,c8d57b39-8b52-4429-865c-75047e5cf330,->,5ee5cae8-643a-4262-92ab-52232c3ec69d,java/lang/StringBuilder.java,append
5ee5cae8-643a-4262-92ab-52232c3ec69d,66a50078-13ab-4c91-b773-85494ce9b61e,c8d57b39-8b52-4429-865c-75047e5cf330,->,5ee5cae8-643a-4262-92ab-52232c3ec69d,java/lang/StringBuilder.java,append
5ee5cae8-643a-4262-92ab-52232c3ec69d,66a50078-13ab-4c91-b773-85494ce9b61e,c8d57b39-8b52-4429-865c-75047e5cf330,->,5ee5cae8-643a-4262-92ab-52232c3ec69d,java/lang/StringBuilder.java,toString
5ee5cae8-643a-4262-92ab-52232c3ec69d,66a50078-13ab-4c91-b773-85494ce9b61e,c8d57b39-8b52-4429-865c-75047e5cf330,->,5ee5cae8-643a-4262-92ab-52232c3ec69d,java/lang/String.java,replace
5ee5cae8-643a-4262-92ab-52232c3ec69d,66a50078-13ab-4c91-b773-85494ce9b61e,c8d57b39-8b52-4429-865c-75047e5cf330,->,5ee5cae8-643a-4262-92ab-52232c3ec69d,java/lang/String.java,replace
5ee5cae8-643a-4262-92ab-52232c3ec69d,66a50078-13ab-4c91-b773-85494ce9b61e,c8d57b39-8b52-4429-865c-75047e5cf330,->,5ee5cae8-643a-4262-92ab-52232c3ec69d,java/lang/StringBuilder.java,append
5ee5cae8-643a-4262-92ab-52232c3ec69d,66a50078-13ab-4c91-b773-85494ce9b61e,c8d57b39-8b52-4429-865c-75047e5cf330,->,5ee5cae8-643a-4262-92ab-52232c3ec69d,java/lang/StringBuilder.java,append
5ee5cae8-643a-4262-92ab-52232c3ec69d,66a50078-13ab-4c91-b773-85494ce9b61e,c8d57b39-8b52-4429-865c-75047e5cf330,->,5ee5cae8-643a-4262-92ab-52232c3ec69d,java/lang/StringBuilder.java,toString
5ee5cae8-643a-4262-92ab-52232c3ec69d,66a50078-13ab-4c91-b773-85494ce9b61e,c8d57b39-8b52-4429-865c-75047e5cf330,->,5ee5cae8-643a-4262-92ab-52232c3ec69d,java/lang/String.java,replace
5ee5cae8-643a-4262-92ab-52232c3ec69d,66a50078-13ab-4c91-b773-85494ce9b61e,c8d57b39-8b52-4429-865c-75047e5cf330,->,5ee5cae8-643a-4262-92ab-52232c3ec69d,org/bukkit/entity/Player.java,sendMessage
5ee5cae8-643a-4262-92ab-52232c3ec69d,66a50078-13ab-4c91-b773-85494ce9b61e,c8d57b39-8b52-4429-865c-75047e5cf330,->,5ee5cae8-643a-4262-92ab-52232c3ec69d,org/bukkit/entity/Player.java,sendMessage
5ee5cae8-643a-4262-92ab-52232c3ec69d,66a50078-13ab-4c91-b773-85494ce9b61e,c8d57b39-8b52-4429-865c-75047e5cf330,->,5ee5cae8-643a-4262-92ab-52232c3ec69d,java/lang/String.java,replace
5ee5cae8-643a-4262-92ab-52232c3ec69d,66a50078-13ab-4c91-b773-85494ce9b61e,c8d57b39-8b52-4429-865c-75047e5cf330,->,5ee5cae8-643a-4262-92ab-52232c3ec69d,org/bukkit/entity/Player.java,sendMessage
5ee5cae8-643a-4262-92ab-52232c3ec69d,66a50078-13ab-4c91-b773-85494ce9b61e,c8d57b39-8b52-4429-865c-75047e5cf330,->,5ee5cae8-643a-4262-92ab-52232c3ec69d,05555cf1-eb0d-40db-9bc6-73acfcaeb8cf,3f32d582-087e-40e1-8062-4a32d7f0cc45
5ee5cae8-643a-4262-92ab-52232c3ec69d,66a50078-13ab-4c91-b773-85494ce9b61e,c8d57b39-8b52-4429-865c-75047e5cf330,->,5ee5cae8-643a-4262-92ab-52232c3ec69d,java/util/ArrayList.java,iterator
5ee5cae8-643a-4262-92ab-52232c3ec69d,66a50078-13ab-4c91-b773-85494ce9b61e,c8d57b39-8b52-4429-865c-75047e5cf330,->,5ee5cae8-643a-4262-92ab-52232c3ec69d,java/util/Iterator.java,hasNext
5ee5cae8-643a-4262-92ab-52232c3ec69d,66a50078-13ab-4c91-b773-85494ce9b61e,c8d57b39-8b52-4429-865c-75047e5cf330,->,5ee5cae8-643a-4262-92ab-52232c3ec69d,java/util/Iterator.java,next
5ee5cae8-643a-4262-92ab-52232c3ec69d,66a50078-13ab-4c91-b773-85494ce9b61e,c8d57b39-8b52-4429-865c-75047e5cf330,->,5ee5cae8-643a-4262-92ab-52232c3ec69d,05555cf1-eb0d-40db-9bc6-73acfcaeb8cf,2903a372-d66f-404e-b90f-5c2dad6140f3
5ee5cae8-643a-4262-92ab-52232c3ec69d,66a50078-13ab-4c91-b773-85494ce9b61e,c8d57b39-8b52-4429-865c-75047e5cf330,->,5ee5cae8-643a-4262-92ab-52232c3ec69d,05555cf1-eb0d-40db-9bc6-73acfcaeb8cf,8d66ecd6-4004-4cb5-ada6-3bc27790cd85
5ee5cae8-643a-4262-92ab-52232c3ec69d,66a50078-13ab-4c91-b773-85494ce9b61e,c8d57b39-8b52-4429-865c-75047e5cf330,->,5ee5cae8-643a-4262-92ab-52232c3ec69d,java/lang/StringBuilder.java,append
5ee5cae8-643a-4262-92ab-52232c3ec69d,66a50078-13ab-4c91-b773-85494ce9b61e,c8d57b39-8b52-4429-865c-75047e5cf330,->,5ee5cae8-643a-4262-92ab-52232c3ec69d,java/lang/StringBuilder.java,append
5ee5cae8-643a-4262-92ab-52232c3ec69d,66a50078-13ab-4c91-b773-85494ce9b61e,c8d57b39-8b52-4429-865c-75047e5cf330,->,5ee5cae8-643a-4262-92ab-52232c3ec69d,java/lang/StringBuilder.java,toString
5ee5cae8-643a-4262-92ab-52232c3ec69d,66a50078-13ab-4c91-b773-85494ce9b61e,c8d57b39-8b52-4429-865c-75047e5cf330,->,5ee5cae8-643a-4262-92ab-52232c3ec69d,java/lang/String.java,replace
5ee5cae8-643a-4262-92ab-52232c3ec69d,66a50078-13ab-4c91-b773-85494ce9b61e,c8d57b39-8b52-4429-865c-75047e5cf330,->,5ee5cae8-643a-4262-92ab-52232c3ec69d,java/lang/String.java,replace
5ee5cae8-643a-4262-92ab-52232c3ec69d,66a50078-13ab-4c91-b773-85494ce9b61e,c8d57b39-8b52-4429-865c-75047e5cf330,->,5ee5cae8-643a-4262-92ab-52232c3ec69d,java/lang/StringBuilder.java,append
5ee5cae8-643a-4262-92ab-52232c3ec69d,66a50078-13ab-4c91-b773-85494ce9b61e,c8d57b39-8b52-4429-865c-75047e5cf330,->,5ee5cae8-643a-4262-92ab-52232c3ec69d,java/lang/StringBuilder.java,append
5ee5cae8-643a-4262-92ab-52232c3ec69d,66a50078-13ab-4c91-b773-85494ce9b61e,c8d57b39-8b52-4429-865c-75047e5cf330,->,5ee5cae8-643a-4262-92ab-52232c3ec69d,java/lang/StringBuilder.java,toString
5ee5cae8-643a-4262-92ab-52232c3ec69d,66a50078-13ab-4c91-b773-85494ce9b61e,c8d57b39-8b52-4429-865c-75047e5cf330,->,5ee5cae8-643a-4262-92ab-52232c3ec69d,java/lang/String.java,replace
5ee5cae8-643a-4262-92ab-52232c3ec69d,66a50078-13ab-4c91-b773-85494ce9b61e,c8d57b39-8b52-4429-865c-75047e5cf330,->,5ee5cae8-643a-4262-92ab-52232c3ec69d,org/bukkit/entity/Player.java,sendMessage
5ee5cae8-643a-4262-92ab-52232c3ec69d,66a50078-13ab-4c91-b773-85494ce9b61e,c8d57b39-8b52-4429-865c-75047e5cf330,->,5ee5cae8-643a-4262-92ab-52232c3ec69d,org/bukkit/entity/Player.java,sendMessage
5ee5cae8-643a-4262-92ab-52232c3ec69d,66a50078-13ab-4c91-b773-85494ce9b61e,c8d57b39-8b52-4429-865c-75047e5cf330,->,5ee5cae8-643a-4262-92ab-52232c3ec69d,java/lang/StringBuilder.java,append
5ee5cae8-643a-4262-92ab-52232c3ec69d,66a50078-13ab-4c91-b773-85494ce9b61e,c8d57b39-8b52-4429-865c-75047e5cf330,->,5ee5cae8-643a-4262-92ab-52232c3ec69d,java/lang/StringBuilder.java,append
5ee5cae8-643a-4262-92ab-52232c3ec69d,66a50078-13ab-4c91-b773-85494ce9b61e,c8d57b39-8b52-4429-865c-75047e5cf330,->,5ee5cae8-643a-4262-92ab-52232c3ec69d,java/lang/StringBuilder.java,toString
5ee5cae8-643a-4262-92ab-52232c3ec69d,66a50078-13ab-4c91-b773-85494ce9b61e,c8d57b39-8b52-4429-865c-75047e5cf330,->,5ee5cae8-643a-4262-92ab-52232c3ec69d,org/bukkit/entity/Player.java,sendMessage
5ee5cae8-643a-4262-92ab-52232c3ec69d,66a50078-13ab-4c91-b773-85494ce9b61e,c8d57b39-8b52-4429-865c-75047e5cf330,->,5ee5cae8-643a-4262-92ab-52232c3ec69d,java/lang/StringBuilder.java,append
5ee5cae8-643a-4262-92ab-52232c3ec69d,66a50078-13ab-4c91-b773-85494ce9b61e,c8d57b39-8b52-4429-865c-75047e5cf330,->,5ee5cae8-643a-4262-92ab-52232c3ec69d,java/lang/StringBuilder.java,append
5ee5cae8-643a-4262-92ab-52232c3ec69d,66a50078-13ab-4c91-b773-85494ce9b61e,c8d57b39-8b52-4429-865c-75047e5cf330,->,5ee5cae8-643a-4262-92ab-52232c3ec69d,java/lang/StringBuilder.java,toString
5ee5cae8-643a-4262-92ab-52232c3ec69d,66a50078-13ab-4c91-b773-85494ce9b61e,c8d57b39-8b52-4429-865c-75047e5cf330,->,5ee5cae8-643a-4262-92ab-52232c3ec69d,org/bukkit/entity/Player.java,sendMessage
5ee5cae8-643a-4262-92ab-52232c3ec69d,66a50078-13ab-4c91-b773-85494ce9b61e,c8d57b39-8b52-4429-865c-75047e5cf330,->,5ee5cae8-643a-4262-92ab-52232c3ec69d,java/lang/String.java,equalsIgnoreCase
5ee5cae8-643a-4262-92ab-52232c3ec69d,66a50078-13ab-4c91-b773-85494ce9b61e,c8d57b39-8b52-4429-865c-75047e5cf330,->,5ee5cae8-643a-4262-92ab-52232c3ec69d,java/lang/StringBuilder.java,append
5ee5cae8-643a-4262-92ab-52232c3ec69d,66a50078-13ab-4c91-b773-85494ce9b61e,c8d57b39-8b52-4429-865c-75047e5cf330,->,5ee5cae8-643a-4262-92ab-52232c3ec69d,java/lang/StringBuilder.java,append
5ee5cae8-643a-4262-92ab-52232c3ec69d,66a50078-13ab-4c91-b773-85494ce9b61e,c8d57b39-8b52-4429-865c-75047e5cf330,->,5ee5cae8-643a-4262-92ab-52232c3ec69d,java/lang/StringBuilder.java,append
5ee5cae8-643a-4262-92ab-52232c3ec69d,66a50078-13ab-4c91-b773-85494ce9b61e,c8d57b39-8b52-4429-865c-75047e5cf330,->,5ee5cae8-643a-4262-92ab-52232c3ec69d,java/lang/StringBuilder.java,append
5ee5cae8-643a-4262-92ab-52232c3ec69d,66a50078-13ab-4c91-b773-85494ce9b61e,c8d57b39-8b52-4429-865c-75047e5cf330,->,5ee5cae8-643a-4262-92ab-52232c3ec69d,java/lang/StringBuilder.java,append
5ee5cae8-643a-4262-92ab-52232c3ec69d,66a50078-13ab-4c91-b773-85494ce9b61e,c8d57b39-8b52-4429-865c-75047e5cf330,->,5ee5cae8-643a-4262-92ab-52232c3ec69d,java/lang/StringBuilder.java,append
5ee5cae8-643a-4262-92ab-52232c3ec69d,66a50078-13ab-4c91-b773-85494ce9b61e,c8d57b39-8b52-4429-865c-75047e5cf330,->,5ee5cae8-643a-4262-92ab-52232c3ec69d,java/lang/StringBuilder.java,toString
5ee5cae8-643a-4262-92ab-52232c3ec69d,66a50078-13ab-4c91-b773-85494ce9b61e,c8d57b39-8b52-4429-865c-75047e5cf330,->,5ee5cae8-643a-4262-92ab-52232c3ec69d,java/lang/StringBuilder.java,append
5ee5cae8-643a-4262-92ab-52232c3ec69d,66a50078-13ab-4c91-b773-85494ce9b61e,c8d57b39-8b52-4429-865c-75047e5cf330,->,5ee5cae8-643a-4262-92ab-52232c3ec69d,java/lang/StringBuilder.java,append
5ee5cae8-643a-4262-92ab-52232c3ec69d,66a50078-13ab-4c91-b773-85494ce9b61e,c8d57b39-8b52-4429-865c-75047e5cf330,->,5ee5cae8-643a-4262-92ab-52232c3ec69d,java/lang/StringBuilder.java,append
5ee5cae8-643a-4262-92ab-52232c3ec69d,66a50078-13ab-4c91-b773-85494ce9b61e,c8d57b39-8b52-4429-865c-75047e5cf330,->,5ee5cae8-643a-4262-92ab-52232c3ec69d,java/lang/StringBuilder.java,append
5ee5cae8-643a-4262-92ab-52232c3ec69d,66a50078-13ab-4c91-b773-85494ce9b61e,c8d57b39-8b52-4429-865c-75047e5cf330,->,5ee5cae8-643a-4262-92ab-52232c3ec69d,java/lang/StringBuilder.java,append
5ee5cae8-643a-4262-92ab-52232c3ec69d,66a50078-13ab-4c91-b773-85494ce9b61e,c8d57b39-8b52-4429-865c-75047e5cf330,->,5ee5cae8-643a-4262-92ab-52232c3ec69d,java/lang/StringBuilder.java,append
5ee5cae8-643a-4262-92ab-52232c3ec69d,66a50078-13ab-4c91-b773-85494ce9b61e,c8d57b39-8b52-4429-865c-75047e5cf330,->,5ee5cae8-643a-4262-92ab-52232c3ec69d,java/lang/StringBuilder.java,toString
5ee5cae8-643a-4262-92ab-52232c3ec69d,66a50078-13ab-4c91-b773-85494ce9b61e,c8d57b39-8b52-4429-865c-75047e5cf330,->,5ee5cae8-643a-4262-92ab-52232c3ec69d,java/lang/StringBuilder.java,append
5ee5cae8-643a-4262-92ab-52232c3ec69d,66a50078-13ab-4c91-b773-85494ce9b61e,c8d57b39-8b52-4429-865c-75047e5cf330,->,5ee5cae8-643a-4262-92ab-52232c3ec69d,java/lang/StringBuilder.java,append
5ee5cae8-643a-4262-92ab-52232c3ec69d,66a50078-13ab-4c91-b773-85494ce9b61e,c8d57b39-8b52-4429-865c-75047e5cf330,->,5ee5cae8-643a-4262-92ab-52232c3ec69d,java/lang/StringBuilder.java,append
5ee5cae8-643a-4262-92ab-52232c3ec69d,66a50078-13ab-4c91-b773-85494ce9b61e,c8d57b39-8b52-4429-865c-75047e5cf330,->,5ee5cae8-643a-4262-92ab-52232c3ec69d,java/lang/StringBuilder.java,append
5ee5cae8-643a-4262-92ab-52232c3ec69d,66a50078-13ab-4c91-b773-85494ce9b61e,c8d57b39-8b52-4429-865c-75047e5cf330,->,5ee5cae8-643a-4262-92ab-52232c3ec69d,java/lang/StringBuilder.java,append
5ee5cae8-643a-4262-92ab-52232c3ec69d,66a50078-13ab-4c91-b773-85494ce9b61e,c8d57b39-8b52-4429-865c-75047e5cf330,->,5ee5cae8-643a-4262-92ab-52232c3ec69d,java/lang/StringBuilder.java,append
5ee5cae8-643a-4262-92ab-52232c3ec69d,66a50078-13ab-4c91-b773-85494ce9b61e,c8d57b39-8b52-4429-865c-75047e5cf330,->,5ee5cae8-643a-4262-92ab-52232c3ec69d,java/lang/StringBuilder.java,toString
5ee5cae8-643a-4262-92ab-52232c3ec69d,66a50078-13ab-4c91-b773-85494ce9b61e,c8d57b39-8b52-4429-865c-75047e5cf330,->,5ee5cae8-643a-4262-92ab-52232c3ec69d,05555cf1-eb0d-40db-9bc6-73acfcaeb8cf,2903a372-d66f-404e-b90f-5c2dad6140f3
5ee5cae8-643a-4262-92ab-52232c3ec69d,66a50078-13ab-4c91-b773-85494ce9b61e,c8d57b39-8b52-4429-865c-75047e5cf330,->,5ee5cae8-643a-4262-92ab-52232c3ec69d,05555cf1-eb0d-40db-9bc6-73acfcaeb8cf,8d66ecd6-4004-4cb5-ada6-3bc27790cd85
5ee5cae8-643a-4262-92ab-52232c3ec69d,66a50078-13ab-4c91-b773-85494ce9b61e,c8d57b39-8b52-4429-865c-75047e5cf330,->,5ee5cae8-643a-4262-92ab-52232c3ec69d,05555cf1-eb0d-40db-9bc6-73acfcaeb8cf,2d7cebce-290e-455a-8475-c9baca4a021c
5ee5cae8-643a-4262-92ab-52232c3ec69d,66a50078-13ab-4c91-b773-85494ce9b61e,c8d57b39-8b52-4429-865c-75047e5cf330,->,5ee5cae8-643a-4262-92ab-52232c3ec69d,05555cf1-eb0d-40db-9bc6-73acfcaeb8cf,affc6bff-8fd7-49df-9b8b-922c78ad5b60
5ee5cae8-643a-4262-92ab-52232c3ec69d,66a50078-13ab-4c91-b773-85494ce9b61e,c8d57b39-8b52-4429-865c-75047e5cf330,->,5ee5cae8-643a-4262-92ab-52232c3ec69d,66a50078-13ab-4c91-b773-85494ce9b61e,8d695553-7499-4d5c-bbf4-c41fa49120a1
5ee5cae8-643a-4262-92ab-52232c3ec69d,66a50078-13ab-4c91-b773-85494ce9b61e,c8d57b39-8b52-4429-865c-75047e5cf330,->,5ee5cae8-643a-4262-92ab-52232c3ec69d,java/lang/String.java,replace
5ee5cae8-643a-4262-92ab-52232c3ec69d,66a50078-13ab-4c91-b773-85494ce9b61e,c8d57b39-8b52-4429-865c-75047e5cf330,->,5ee5cae8-643a-4262-92ab-52232c3ec69d,org/bukkit/entity/Player.java,sendMessage
5ee5cae8-643a-4262-92ab-52232c3ec69d,66a50078-13ab-4c91-b773-85494ce9b61e,c8d57b39-8b52-4429-865c-75047e5cf330,->,5ee5cae8-643a-4262-92ab-52232c3ec69d,java/lang/String.java,replace
5ee5cae8-643a-4262-92ab-52232c3ec69d,66a50078-13ab-4c91-b773-85494ce9b61e,c8d57b39-8b52-4429-865c-75047e5cf330,->,5ee5cae8-643a-4262-92ab-52232c3ec69d,java/lang/StringBuilder.java,append
5ee5cae8-643a-4262-92ab-52232c3ec69d,66a50078-13ab-4c91-b773-85494ce9b61e,c8d57b39-8b52-4429-865c-75047e5cf330,->,5ee5cae8-643a-4262-92ab-52232c3ec69d,java/lang/StringBuilder.java,append
5ee5cae8-643a-4262-92ab-52232c3ec69d,66a50078-13ab-4c91-b773-85494ce9b61e,c8d57b39-8b52-4429-865c-75047e5cf330,->,5ee5cae8-643a-4262-92ab-52232c3ec69d,java/lang/StringBuilder.java,toString
5ee5cae8-643a-4262-92ab-52232c3ec69d,66a50078-13ab-4c91-b773-85494ce9b61e,c8d57b39-8b52-4429-865c-75047e5cf330,->,5ee5cae8-643a-4262-92ab-52232c3ec69d,java/lang/String.java,replace
5ee5cae8-643a-4262-92ab-52232c3ec69d,66a50078-13ab-4c91-b773-85494ce9b61e,c8d57b39-8b52-4429-865c-75047e5cf330,->,5ee5cae8-643a-4262-92ab-52232c3ec69d,org/bukkit/entity/Player.java,sendMessage
5ee5cae8-643a-4262-92ab-52232c3ec69d,66a50078-13ab-4c91-b773-85494ce9b61e,c8d57b39-8b52-4429-865c-75047e5cf330,->,5ee5cae8-643a-4262-92ab-52232c3ec69d,java/lang/String.java,replace
5ee5cae8-643a-4262-92ab-52232c3ec69d,66a50078-13ab-4c91-b773-85494ce9b61e,c8d57b39-8b52-4429-865c-75047e5cf330,->,5ee5cae8-643a-4262-92ab-52232c3ec69d,java/lang/StringBuilder.java,append
5ee5cae8-643a-4262-92ab-52232c3ec69d,66a50078-13ab-4c91-b773-85494ce9b61e,c8d57b39-8b52-4429-865c-75047e5cf330,->,5ee5cae8-643a-4262-92ab-52232c3ec69d,java/lang/StringBuilder.java,append
5ee5cae8-643a-4262-92ab-52232c3ec69d,66a50078-13ab-4c91-b773-85494ce9b61e,c8d57b39-8b52-4429-865c-75047e5cf330,->,5ee5cae8-643a-4262-92ab-52232c3ec69d,java/lang/StringBuilder.java,toString
5ee5cae8-643a-4262-92ab-52232c3ec69d,66a50078-13ab-4c91-b773-85494ce9b61e,c8d57b39-8b52-4429-865c-75047e5cf330,->,5ee5cae8-643a-4262-92ab-52232c3ec69d,java/lang/String.java,replace
5ee5cae8-643a-4262-92ab-52232c3ec69d,66a50078-13ab-4c91-b773-85494ce9b61e,c8d57b39-8b52-4429-865c-75047e5cf330,->,5ee5cae8-643a-4262-92ab-52232c3ec69d,org/bukkit/entity/Player.java,sendMessage
5ee5cae8-643a-4262-92ab-52232c3ec69d,66a50078-13ab-4c91-b773-85494ce9b61e,c8d57b39-8b52-4429-865c-75047e5cf330,->,5ee5cae8-643a-4262-92ab-52232c3ec69d,java/lang/String.java,replace
5ee5cae8-643a-4262-92ab-52232c3ec69d,66a50078-13ab-4c91-b773-85494ce9b61e,c8d57b39-8b52-4429-865c-75047e5cf330,->,5ee5cae8-643a-4262-92ab-52232c3ec69d,java/lang/StringBuilder.java,append
5ee5cae8-643a-4262-92ab-52232c3ec69d,66a50078-13ab-4c91-b773-85494ce9b61e,c8d57b39-8b52-4429-865c-75047e5cf330,->,5ee5cae8-643a-4262-92ab-52232c3ec69d,java/lang/StringBuilder.java,append
5ee5cae8-643a-4262-92ab-52232c3ec69d,66a50078-13ab-4c91-b773-85494ce9b61e,c8d57b39-8b52-4429-865c-75047e5cf330,->,5ee5cae8-643a-4262-92ab-52232c3ec69d,java/lang/StringBuilder.java,toString
5ee5cae8-643a-4262-92ab-52232c3ec69d,66a50078-13ab-4c91-b773-85494ce9b61e,c8d57b39-8b52-4429-865c-75047e5cf330,->,5ee5cae8-643a-4262-92ab-52232c3ec69d,java/lang/String.java,replace
5ee5cae8-643a-4262-92ab-52232c3ec69d,66a50078-13ab-4c91-b773-85494ce9b61e,c8d57b39-8b52-4429-865c-75047e5cf330,->,5ee5cae8-643a-4262-92ab-52232c3ec69d,org/bukkit/entity/Player.java,sendMessage
5ee5cae8-643a-4262-92ab-52232c3ec69d,66a50078-13ab-4c91-b773-85494ce9b61e,c8d57b39-8b52-4429-865c-75047e5cf330,->,5ee5cae8-643a-4262-92ab-52232c3ec69d,java/lang/String.java,replace
5ee5cae8-643a-4262-92ab-52232c3ec69d,66a50078-13ab-4c91-b773-85494ce9b61e,c8d57b39-8b52-4429-865c-75047e5cf330,->,5ee5cae8-643a-4262-92ab-52232c3ec69d,java/lang/StringBuilder.java,append
5ee5cae8-643a-4262-92ab-52232c3ec69d,66a50078-13ab-4c91-b773-85494ce9b61e,c8d57b39-8b52-4429-865c-75047e5cf330,->,5ee5cae8-643a-4262-92ab-52232c3ec69d,java/lang/StringBuilder.java,append
5ee5cae8-643a-4262-92ab-52232c3ec69d,66a50078-13ab-4c91-b773-85494ce9b61e,c8d57b39-8b52-4429-865c-75047e5cf330,->,5ee5cae8-643a-4262-92ab-52232c3ec69d,java/lang/StringBuilder.java,toString
5ee5cae8-643a-4262-92ab-52232c3ec69d,66a50078-13ab-4c91-b773-85494ce9b61e,c8d57b39-8b52-4429-865c-75047e5cf330,->,5ee5cae8-643a-4262-92ab-52232c3ec69d,java/lang/String.java,replace
5ee5cae8-643a-4262-92ab-52232c3ec69d,66a50078-13ab-4c91-b773-85494ce9b61e,c8d57b39-8b52-4429-865c-75047e5cf330,->,5ee5cae8-643a-4262-92ab-52232c3ec69d,org/bukkit/entity/Player.java,sendMessage
5ee5cae8-643a-4262-92ab-52232c3ec69d,66a50078-13ab-4c91-b773-85494ce9b61e,c8d57b39-8b52-4429-865c-75047e5cf330,->,5ee5cae8-643a-4262-92ab-52232c3ec69d,org/bukkit/entity/Player.java,sendMessage
5ee5cae8-643a-4262-92ab-52232c3ec69d,66a50078-13ab-4c91-b773-85494ce9b61e,c8d57b39-8b52-4429-865c-75047e5cf330,->,5ee5cae8-643a-4262-92ab-52232c3ec69d,java/lang/StringBuilder.java,append
5ee5cae8-643a-4262-92ab-52232c3ec69d,66a50078-13ab-4c91-b773-85494ce9b61e,c8d57b39-8b52-4429-865c-75047e5cf330,->,5ee5cae8-643a-4262-92ab-52232c3ec69d,java/lang/StringBuilder.java,append
5ee5cae8-643a-4262-92ab-52232c3ec69d,66a50078-13ab-4c91-b773-85494ce9b61e,c8d57b39-8b52-4429-865c-75047e5cf330,->,5ee5cae8-643a-4262-92ab-52232c3ec69d,java/lang/StringBuilder.java,append
5ee5cae8-643a-4262-92ab-52232c3ec69d,66a50078-13ab-4c91-b773-85494ce9b61e,c8d57b39-8b52-4429-865c-75047e5cf330,->,5ee5cae8-643a-4262-92ab-52232c3ec69d,java/lang/StringBuilder.java,append
5ee5cae8-643a-4262-92ab-52232c3ec69d,66a50078-13ab-4c91-b773-85494ce9b61e,c8d57b39-8b52-4429-865c-75047e5cf330,->,5ee5cae8-643a-4262-92ab-52232c3ec69d,java/lang/StringBuilder.java,toString
5ee5cae8-643a-4262-92ab-52232c3ec69d,66a50078-13ab-4c91-b773-85494ce9b61e,c8d57b39-8b52-4429-865c-75047e5cf330,->,5ee5cae8-643a-4262-92ab-52232c3ec69d,org/bukkit/entity/Player.java,sendMessage
5ee5cae8-643a-4262-92ab-52232c3ec69d,66a50078-13ab-4c91-b773-85494ce9b61e,c8d57b39-8b52-4429-865c-75047e5cf330,->,5ee5cae8-643a-4262-92ab-52232c3ec69d,org/bukkit/entity/Player.java,getName
5ee5cae8-643a-4262-92ab-52232c3ec69d,66a50078-13ab-4c91-b773-85494ce9b61e,c8d57b39-8b52-4429-865c-75047e5cf330,->,5ee5cae8-643a-4262-92ab-52232c3ec69d,05555cf1-eb0d-40db-9bc6-73acfcaeb8cf,2903a372-d66f-404e-b90f-5c2dad6140f3
5ee5cae8-643a-4262-92ab-52232c3ec69d,66a50078-13ab-4c91-b773-85494ce9b61e,c8d57b39-8b52-4429-865c-75047e5cf330,->,5ee5cae8-643a-4262-92ab-52232c3ec69d,05555cf1-eb0d-40db-9bc6-73acfcaeb8cf,8d66ecd6-4004-4cb5-ada6-3bc27790cd85
5ee5cae8-643a-4262-92ab-52232c3ec69d,66a50078-13ab-4c91-b773-85494ce9b61e,c8d57b39-8b52-4429-865c-75047e5cf330,->,5ee5cae8-643a-4262-92ab-52232c3ec69d,05555cf1-eb0d-40db-9bc6-73acfcaeb8cf,2d7cebce-290e-455a-8475-c9baca4a021c
5ee5cae8-643a-4262-92ab-52232c3ec69d,66a50078-13ab-4c91-b773-85494ce9b61e,c8d57b39-8b52-4429-865c-75047e5cf330,->,5ee5cae8-643a-4262-92ab-52232c3ec69d,05555cf1-eb0d-40db-9bc6-73acfcaeb8cf,affc6bff-8fd7-49df-9b8b-922c78ad5b60
5ee5cae8-643a-4262-92ab-52232c3ec69d,66a50078-13ab-4c91-b773-85494ce9b61e,c8d57b39-8b52-4429-865c-75047e5cf330,->,5ee5cae8-643a-4262-92ab-52232c3ec69d,66a50078-13ab-4c91-b773-85494ce9b61e,8d695553-7499-4d5c-bbf4-c41fa49120a1
5ee5cae8-643a-4262-92ab-52232c3ec69d,66a50078-13ab-4c91-b773-85494ce9b61e,c8d57b39-8b52-4429-865c-75047e5cf330,->,5ee5cae8-643a-4262-92ab-52232c3ec69d,org/bukkit/entity/Player.java,getName
5ee5cae8-643a-4262-92ab-52232c3ec69d,66a50078-13ab-4c91-b773-85494ce9b61e,c8d57b39-8b52-4429-865c-75047e5cf330,->,5ee5cae8-643a-4262-92ab-52232c3ec69d,java/lang/String.java,replace
5ee5cae8-643a-4262-92ab-52232c3ec69d,66a50078-13ab-4c91-b773-85494ce9b61e,c8d57b39-8b52-4429-865c-75047e5cf330,->,5ee5cae8-643a-4262-92ab-52232c3ec69d,org/bukkit/entity/Player.java,sendMessage
5ee5cae8-643a-4262-92ab-52232c3ec69d,66a50078-13ab-4c91-b773-85494ce9b61e,c8d57b39-8b52-4429-865c-75047e5cf330,->,5ee5cae8-643a-4262-92ab-52232c3ec69d,java/lang/String.java,replace
5ee5cae8-643a-4262-92ab-52232c3ec69d,66a50078-13ab-4c91-b773-85494ce9b61e,c8d57b39-8b52-4429-865c-75047e5cf330,->,5ee5cae8-643a-4262-92ab-52232c3ec69d,java/lang/StringBuilder.java,append
5ee5cae8-643a-4262-92ab-52232c3ec69d,66a50078-13ab-4c91-b773-85494ce9b61e,c8d57b39-8b52-4429-865c-75047e5cf330,->,5ee5cae8-643a-4262-92ab-52232c3ec69d,java/lang/StringBuilder.java,append
5ee5cae8-643a-4262-92ab-52232c3ec69d,66a50078-13ab-4c91-b773-85494ce9b61e,c8d57b39-8b52-4429-865c-75047e5cf330,->,5ee5cae8-643a-4262-92ab-52232c3ec69d,java/lang/StringBuilder.java,toString
5ee5cae8-643a-4262-92ab-52232c3ec69d,66a50078-13ab-4c91-b773-85494ce9b61e,c8d57b39-8b52-4429-865c-75047e5cf330,->,5ee5cae8-643a-4262-92ab-52232c3ec69d,java/lang/String.java,replace
5ee5cae8-643a-4262-92ab-52232c3ec69d,66a50078-13ab-4c91-b773-85494ce9b61e,c8d57b39-8b52-4429-865c-75047e5cf330,->,5ee5cae8-643a-4262-92ab-52232c3ec69d,org/bukkit/entity/Player.java,sendMessage
5ee5cae8-643a-4262-92ab-52232c3ec69d,66a50078-13ab-4c91-b773-85494ce9b61e,c8d57b39-8b52-4429-865c-75047e5cf330,->,5ee5cae8-643a-4262-92ab-52232c3ec69d,java/lang/String.java,replace
5ee5cae8-643a-4262-92ab-52232c3ec69d,66a50078-13ab-4c91-b773-85494ce9b61e,c8d57b39-8b52-4429-865c-75047e5cf330,->,5ee5cae8-643a-4262-92ab-52232c3ec69d,java/lang/StringBuilder.java,append
5ee5cae8-643a-4262-92ab-52232c3ec69d,66a50078-13ab-4c91-b773-85494ce9b61e,c8d57b39-8b52-4429-865c-75047e5cf330,->,5ee5cae8-643a-4262-92ab-52232c3ec69d,java/lang/StringBuilder.java,append
5ee5cae8-643a-4262-92ab-52232c3ec69d,66a50078-13ab-4c91-b773-85494ce9b61e,c8d57b39-8b52-4429-865c-75047e5cf330,->,5ee5cae8-643a-4262-92ab-52232c3ec69d,java/lang/StringBuilder.java,toString
5ee5cae8-643a-4262-92ab-52232c3ec69d,66a50078-13ab-4c91-b773-85494ce9b61e,c8d57b39-8b52-4429-865c-75047e5cf330,->,5ee5cae8-643a-4262-92ab-52232c3ec69d,java/lang/String.java,replace
5ee5cae8-643a-4262-92ab-52232c3ec69d,66a50078-13ab-4c91-b773-85494ce9b61e,c8d57b39-8b52-4429-865c-75047e5cf330,->,5ee5cae8-643a-4262-92ab-52232c3ec69d,org/bukkit/entity/Player.java,sendMessage
5ee5cae8-643a-4262-92ab-52232c3ec69d,66a50078-13ab-4c91-b773-85494ce9b61e,c8d57b39-8b52-4429-865c-75047e5cf330,->,5ee5cae8-643a-4262-92ab-52232c3ec69d,java/lang/String.java,replace
5ee5cae8-643a-4262-92ab-52232c3ec69d,66a50078-13ab-4c91-b773-85494ce9b61e,c8d57b39-8b52-4429-865c-75047e5cf330,->,5ee5cae8-643a-4262-92ab-52232c3ec69d,java/lang/StringBuilder.java,append
5ee5cae8-643a-4262-92ab-52232c3ec69d,66a50078-13ab-4c91-b773-85494ce9b61e,c8d57b39-8b52-4429-865c-75047e5cf330,->,5ee5cae8-643a-4262-92ab-52232c3ec69d,java/lang/StringBuilder.java,append
5ee5cae8-643a-4262-92ab-52232c3ec69d,66a50078-13ab-4c91-b773-85494ce9b61e,c8d57b39-8b52-4429-865c-75047e5cf330,->,5ee5cae8-643a-4262-92ab-52232c3ec69d,java/lang/StringBuilder.java,toString
5ee5cae8-643a-4262-92ab-52232c3ec69d,66a50078-13ab-4c91-b773-85494ce9b61e,c8d57b39-8b52-4429-865c-75047e5cf330,->,5ee5cae8-643a-4262-92ab-52232c3ec69d,java/lang/String.java,replace
5ee5cae8-643a-4262-92ab-52232c3ec69d,66a50078-13ab-4c91-b773-85494ce9b61e,c8d57b39-8b52-4429-865c-75047e5cf330,->,5ee5cae8-643a-4262-92ab-52232c3ec69d,org/bukkit/entity/Player.java,sendMessage
5ee5cae8-643a-4262-92ab-52232c3ec69d,66a50078-13ab-4c91-b773-85494ce9b61e,c8d57b39-8b52-4429-865c-75047e5cf330,->,5ee5cae8-643a-4262-92ab-52232c3ec69d,java/lang/String.java,replace
5ee5cae8-643a-4262-92ab-52232c3ec69d,66a50078-13ab-4c91-b773-85494ce9b61e,c8d57b39-8b52-4429-865c-75047e5cf330,->,5ee5cae8-643a-4262-92ab-52232c3ec69d,java/lang/StringBuilder.java,append
5ee5cae8-643a-4262-92ab-52232c3ec69d,66a50078-13ab-4c91-b773-85494ce9b61e,c8d57b39-8b52-4429-865c-75047e5cf330,->,5ee5cae8-643a-4262-92ab-52232c3ec69d,java/lang/StringBuilder.java,append
5ee5cae8-643a-4262-92ab-52232c3ec69d,66a50078-13ab-4c91-b773-85494ce9b61e,c8d57b39-8b52-4429-865c-75047e5cf330,->,5ee5cae8-643a-4262-92ab-52232c3ec69d,java/lang/StringBuilder.java,toString
5ee5cae8-643a-4262-92ab-52232c3ec69d,66a50078-13ab-4c91-b773-85494ce9b61e,c8d57b39-8b52-4429-865c-75047e5cf330,->,5ee5cae8-643a-4262-92ab-52232c3ec69d,java/lang/String.java,replace
5ee5cae8-643a-4262-92ab-52232c3ec69d,66a50078-13ab-4c91-b773-85494ce9b61e,c8d57b39-8b52-4429-865c-75047e5cf330,->,5ee5cae8-643a-4262-92ab-52232c3ec69d,org/bukkit/entity/Player.java,sendMessage
5ee5cae8-643a-4262-92ab-52232c3ec69d,66a50078-13ab-4c91-b773-85494ce9b61e,c8d57b39-8b52-4429-865c-75047e5cf330,->,5ee5cae8-643a-4262-92ab-52232c3ec69d,org/bukkit/entity/Player.java,sendMessage
5ee5cae8-643a-4262-92ab-52232c3ec69d,66a50078-13ab-4c91-b773-85494ce9b61e,c8d57b39-8b52-4429-865c-75047e5cf330,->,5ee5cae8-643a-4262-92ab-52232c3ec69d,66a50078-13ab-4c91-b773-85494ce9b61e,802186db-15dd-4125-a0a3-60711402ff5b
5ee5cae8-643a-4262-92ab-52232c3ec69d,66a50078-13ab-4c91-b773-85494ce9b61e,c8d57b39-8b52-4429-865c-75047e5cf330,->,5ee5cae8-643a-4262-92ab-52232c3ec69d,org/bukkit/entity/Player.java,openInventory
5ee5cae8-643a-4262-92ab-52232c3ec69d,66a50078-13ab-4c91-b773-85494ce9b61e,c8d57b39-8b52-4429-865c-75047e5cf330,->,5ee5cae8-643a-4262-92ab-52232c3ec69d,org/bukkit/command/CommandSender.java,sendMessage
5ee5cae8-643a-4262-92ab-52232c3ec69d,66a50078-13ab-4c91-b773-85494ce9b61e,c8d57b39-8b52-4429-865c-75047e5cf330,->,5ee5cae8-643a-4262-92ab-52232c3ec69d,java/lang/StringBuilder.java,append
5ee5cae8-643a-4262-92ab-52232c3ec69d,66a50078-13ab-4c91-b773-85494ce9b61e,c8d57b39-8b52-4429-865c-75047e5cf330,->,5ee5cae8-643a-4262-92ab-52232c3ec69d,java/lang/StringBuilder.java,append
5ee5cae8-643a-4262-92ab-52232c3ec69d,66a50078-13ab-4c91-b773-85494ce9b61e,c8d57b39-8b52-4429-865c-75047e5cf330,->,5ee5cae8-643a-4262-92ab-52232c3ec69d,java/lang/StringBuilder.java,append
5ee5cae8-643a-4262-92ab-52232c3ec69d,66a50078-13ab-4c91-b773-85494ce9b61e,c8d57b39-8b52-4429-865c-75047e5cf330,->,5ee5cae8-643a-4262-92ab-52232c3ec69d,java/lang/StringBuilder.java,append
5ee5cae8-643a-4262-92ab-52232c3ec69d,66a50078-13ab-4c91-b773-85494ce9b61e,c8d57b39-8b52-4429-865c-75047e5cf330,->,5ee5cae8-643a-4262-92ab-52232c3ec69d,java/lang/StringBuilder.java,append
5ee5cae8-643a-4262-92ab-52232c3ec69d,66a50078-13ab-4c91-b773-85494ce9b61e,c8d57b39-8b52-4429-865c-75047e5cf330,->,5ee5cae8-643a-4262-92ab-52232c3ec69d,java/lang/StringBuilder.java,append
5ee5cae8-643a-4262-92ab-52232c3ec69d,66a50078-13ab-4c91-b773-85494ce9b61e,c8d57b39-8b52-4429-865c-75047e5cf330,->,5ee5cae8-643a-4262-92ab-52232c3ec69d,java/lang/StringBuilder.java,toString
5ee5cae8-643a-4262-92ab-52232c3ec69d,66a50078-13ab-4c91-b773-85494ce9b61e,c8d57b39-8b52-4429-865c-75047e5cf330,->,5ee5cae8-643a-4262-92ab-52232c3ec69d,org/bukkit/command/CommandSender.java,sendMessage
5ee5cae8-643a-4262-92ab-52232c3ec69d,66a50078-13ab-4c91-b773-85494ce9b61e,c8d57b39-8b52-4429-865c-75047e5cf330,->,5ee5cae8-643a-4262-92ab-52232c3ec69d,java/lang/StringBuilder.java,append
5ee5cae8-643a-4262-92ab-52232c3ec69d,66a50078-13ab-4c91-b773-85494ce9b61e,c8d57b39-8b52-4429-865c-75047e5cf330,->,5ee5cae8-643a-4262-92ab-52232c3ec69d,java/lang/StringBuilder.java,append
5ee5cae8-643a-4262-92ab-52232c3ec69d,66a50078-13ab-4c91-b773-85494ce9b61e,c8d57b39-8b52-4429-865c-75047e5cf330,->,5ee5cae8-643a-4262-92ab-52232c3ec69d,java/lang/StringBuilder.java,append
5ee5cae8-643a-4262-92ab-52232c3ec69d,66a50078-13ab-4c91-b773-85494ce9b61e,c8d57b39-8b52-4429-865c-75047e5cf330,->,5ee5cae8-643a-4262-92ab-52232c3ec69d,java/lang/StringBuilder.java,append
5ee5cae8-643a-4262-92ab-52232c3ec69d,66a50078-13ab-4c91-b773-85494ce9b61e,c8d57b39-8b52-4429-865c-75047e5cf330,->,5ee5cae8-643a-4262-92ab-52232c3ec69d,java/lang/StringBuilder.java,append
5ee5cae8-643a-4262-92ab-52232c3ec69d,66a50078-13ab-4c91-b773-85494ce9b61e,c8d57b39-8b52-4429-865c-75047e5cf330,->,5ee5cae8-643a-4262-92ab-52232c3ec69d,java/lang/StringBuilder.java,append
5ee5cae8-643a-4262-92ab-52232c3ec69d,66a50078-13ab-4c91-b773-85494ce9b61e,c8d57b39-8b52-4429-865c-75047e5cf330,->,5ee5cae8-643a-4262-92ab-52232c3ec69d,java/lang/StringBuilder.java,toString
5ee5cae8-643a-4262-92ab-52232c3ec69d,66a50078-13ab-4c91-b773-85494ce9b61e,c8d57b39-8b52-4429-865c-75047e5cf330,->,5ee5cae8-643a-4262-92ab-52232c3ec69d,org/bukkit/command/CommandSender.java,sendMessage
5ee5cae8-643a-4262-92ab-52232c3ec69d,66a50078-13ab-4c91-b773-85494ce9b61e,c8d57b39-8b52-4429-865c-75047e5cf330,->,5ee5cae8-643a-4262-92ab-52232c3ec69d,java/lang/StringBuilder.java,append
5ee5cae8-643a-4262-92ab-52232c3ec69d,66a50078-13ab-4c91-b773-85494ce9b61e,c8d57b39-8b52-4429-865c-75047e5cf330,->,5ee5cae8-643a-4262-92ab-52232c3ec69d,java/lang/StringBuilder.java,append
5ee5cae8-643a-4262-92ab-52232c3ec69d,66a50078-13ab-4c91-b773-85494ce9b61e,c8d57b39-8b52-4429-865c-75047e5cf330,->,5ee5cae8-643a-4262-92ab-52232c3ec69d,java/lang/StringBuilder.java,append
5ee5cae8-643a-4262-92ab-52232c3ec69d,66a50078-13ab-4c91-b773-85494ce9b61e,c8d57b39-8b52-4429-865c-75047e5cf330,->,5ee5cae8-643a-4262-92ab-52232c3ec69d,java/lang/StringBuilder.java,append
5ee5cae8-643a-4262-92ab-52232c3ec69d,66a50078-13ab-4c91-b773-85494ce9b61e,c8d57b39-8b52-4429-865c-75047e5cf330,->,5ee5cae8-643a-4262-92ab-52232c3ec69d,java/lang/StringBuilder.java,append
5ee5cae8-643a-4262-92ab-52232c3ec69d,66a50078-13ab-4c91-b773-85494ce9b61e,c8d57b39-8b52-4429-865c-75047e5cf330,->,5ee5cae8-643a-4262-92ab-52232c3ec69d,java/lang/StringBuilder.java,append
5ee5cae8-643a-4262-92ab-52232c3ec69d,66a50078-13ab-4c91-b773-85494ce9b61e,c8d57b39-8b52-4429-865c-75047e5cf330,->,5ee5cae8-643a-4262-92ab-52232c3ec69d,java/lang/StringBuilder.java,toString
5ee5cae8-643a-4262-92ab-52232c3ec69d,66a50078-13ab-4c91-b773-85494ce9b61e,c8d57b39-8b52-4429-865c-75047e5cf330,->,5ee5cae8-643a-4262-92ab-52232c3ec69d,org/bukkit/command/CommandSender.java,sendMessage
5ee5cae8-643a-4262-92ab-52232c3ec69d,66a50078-13ab-4c91-b773-85494ce9b61e,c8d57b39-8b52-4429-865c-75047e5cf330,->,5ee5cae8-643a-4262-92ab-52232c3ec69d,java/lang/StringBuilder.java,append
5ee5cae8-643a-4262-92ab-52232c3ec69d,66a50078-13ab-4c91-b773-85494ce9b61e,c8d57b39-8b52-4429-865c-75047e5cf330,->,5ee5cae8-643a-4262-92ab-52232c3ec69d,java/lang/StringBuilder.java,append
5ee5cae8-643a-4262-92ab-52232c3ec69d,66a50078-13ab-4c91-b773-85494ce9b61e,c8d57b39-8b52-4429-865c-75047e5cf330,->,5ee5cae8-643a-4262-92ab-52232c3ec69d,java/lang/StringBuilder.java,append
5ee5cae8-643a-4262-92ab-52232c3ec69d,66a50078-13ab-4c91-b773-85494ce9b61e,c8d57b39-8b52-4429-865c-75047e5cf330,->,5ee5cae8-643a-4262-92ab-52232c3ec69d,java/lang/StringBuilder.java,append
5ee5cae8-643a-4262-92ab-52232c3ec69d,66a50078-13ab-4c91-b773-85494ce9b61e,c8d57b39-8b52-4429-865c-75047e5cf330,->,5ee5cae8-643a-4262-92ab-52232c3ec69d,java/lang/StringBuilder.java,append
5ee5cae8-643a-4262-92ab-52232c3ec69d,66a50078-13ab-4c91-b773-85494ce9b61e,c8d57b39-8b52-4429-865c-75047e5cf330,->,5ee5cae8-643a-4262-92ab-52232c3ec69d,java/lang/StringBuilder.java,append
5ee5cae8-643a-4262-92ab-52232c3ec69d,66a50078-13ab-4c91-b773-85494ce9b61e,c8d57b39-8b52-4429-865c-75047e5cf330,->,5ee5cae8-643a-4262-92ab-52232c3ec69d,java/lang/StringBuilder.java,toString
5ee5cae8-643a-4262-92ab-52232c3ec69d,66a50078-13ab-4c91-b773-85494ce9b61e,c8d57b39-8b52-4429-865c-75047e5cf330,->,5ee5cae8-643a-4262-92ab-52232c3ec69d,org/bukkit/command/CommandSender.java,sendMessage
5ee5cae8-643a-4262-92ab-52232c3ec69d,66a50078-13ab-4c91-b773-85494ce9b61e,c8d57b39-8b52-4429-865c-75047e5cf330,->,5ee5cae8-643a-4262-92ab-52232c3ec69d,java/lang/StringBuilder.java,append
5ee5cae8-643a-4262-92ab-52232c3ec69d,66a50078-13ab-4c91-b773-85494ce9b61e,c8d57b39-8b52-4429-865c-75047e5cf330,->,5ee5cae8-643a-4262-92ab-52232c3ec69d,java/lang/StringBuilder.java,append
5ee5cae8-643a-4262-92ab-52232c3ec69d,66a50078-13ab-4c91-b773-85494ce9b61e,c8d57b39-8b52-4429-865c-75047e5cf330,->,5ee5cae8-643a-4262-92ab-52232c3ec69d,java/lang/StringBuilder.java,append
5ee5cae8-643a-4262-92ab-52232c3ec69d,66a50078-13ab-4c91-b773-85494ce9b61e,c8d57b39-8b52-4429-865c-75047e5cf330,->,5ee5cae8-643a-4262-92ab-52232c3ec69d,java/lang/StringBuilder.java,append
5ee5cae8-643a-4262-92ab-52232c3ec69d,66a50078-13ab-4c91-b773-85494ce9b61e,c8d57b39-8b52-4429-865c-75047e5cf330,->,5ee5cae8-643a-4262-92ab-52232c3ec69d,java/lang/StringBuilder.java,append
5ee5cae8-643a-4262-92ab-52232c3ec69d,66a50078-13ab-4c91-b773-85494ce9b61e,c8d57b39-8b52-4429-865c-75047e5cf330,->,5ee5cae8-643a-4262-92ab-52232c3ec69d,java/lang/StringBuilder.java,append
5ee5cae8-643a-4262-92ab-52232c3ec69d,66a50078-13ab-4c91-b773-85494ce9b61e,c8d57b39-8b52-4429-865c-75047e5cf330,->,5ee5cae8-643a-4262-92ab-52232c3ec69d,java/lang/StringBuilder.java,toString
5ee5cae8-643a-4262-92ab-52232c3ec69d,66a50078-13ab-4c91-b773-85494ce9b61e,c8d57b39-8b52-4429-865c-75047e5cf330,->,5ee5cae8-643a-4262-92ab-52232c3ec69d,org/bukkit/command/CommandSender.java,sendMessage
5ee5cae8-643a-4262-92ab-52232c3ec69d,66a50078-13ab-4c91-b773-85494ce9b61e,c8d57b39-8b52-4429-865c-75047e5cf330,->,5ee5cae8-643a-4262-92ab-52232c3ec69d,java/lang/StringBuilder.java,append
5ee5cae8-643a-4262-92ab-52232c3ec69d,66a50078-13ab-4c91-b773-85494ce9b61e,c8d57b39-8b52-4429-865c-75047e5cf330,->,5ee5cae8-643a-4262-92ab-52232c3ec69d,java/lang/StringBuilder.java,append
5ee5cae8-643a-4262-92ab-52232c3ec69d,66a50078-13ab-4c91-b773-85494ce9b61e,c8d57b39-8b52-4429-865c-75047e5cf330,->,5ee5cae8-643a-4262-92ab-52232c3ec69d,java/lang/StringBuilder.java,append
5ee5cae8-643a-4262-92ab-52232c3ec69d,66a50078-13ab-4c91-b773-85494ce9b61e,c8d57b39-8b52-4429-865c-75047e5cf330,->,5ee5cae8-643a-4262-92ab-52232c3ec69d,java/lang/StringBuilder.java,append
5ee5cae8-643a-4262-92ab-52232c3ec69d,66a50078-13ab-4c91-b773-85494ce9b61e,c8d57b39-8b52-4429-865c-75047e5cf330,->,5ee5cae8-643a-4262-92ab-52232c3ec69d,java/lang/StringBuilder.java,append
5ee5cae8-643a-4262-92ab-52232c3ec69d,66a50078-13ab-4c91-b773-85494ce9b61e,c8d57b39-8b52-4429-865c-75047e5cf330,->,5ee5cae8-643a-4262-92ab-52232c3ec69d,java/lang/StringBuilder.java,append
5ee5cae8-643a-4262-92ab-52232c3ec69d,66a50078-13ab-4c91-b773-85494ce9b61e,c8d57b39-8b52-4429-865c-75047e5cf330,->,5ee5cae8-643a-4262-92ab-52232c3ec69d,java/lang/StringBuilder.java,toString
5ee5cae8-643a-4262-92ab-52232c3ec69d,66a50078-13ab-4c91-b773-85494ce9b61e,c8d57b39-8b52-4429-865c-75047e5cf330,->,5ee5cae8-643a-4262-92ab-52232c3ec69d,org/bukkit/command/CommandSender.java,sendMessage
5ee5cae8-643a-4262-92ab-52232c3ec69d,66a50078-13ab-4c91-b773-85494ce9b61e,c8d57b39-8b52-4429-865c-75047e5cf330,->,5ee5cae8-643a-4262-92ab-52232c3ec69d,java/lang/StringBuilder.java,append
5ee5cae8-643a-4262-92ab-52232c3ec69d,66a50078-13ab-4c91-b773-85494ce9b61e,c8d57b39-8b52-4429-865c-75047e5cf330,->,5ee5cae8-643a-4262-92ab-52232c3ec69d,java/lang/StringBuilder.java,append
5ee5cae8-643a-4262-92ab-52232c3ec69d,66a50078-13ab-4c91-b773-85494ce9b61e,c8d57b39-8b52-4429-865c-75047e5cf330,->,5ee5cae8-643a-4262-92ab-52232c3ec69d,java/lang/StringBuilder.java,append
5ee5cae8-643a-4262-92ab-52232c3ec69d,66a50078-13ab-4c91-b773-85494ce9b61e,c8d57b39-8b52-4429-865c-75047e5cf330,->,5ee5cae8-643a-4262-92ab-52232c3ec69d,java/lang/StringBuilder.java,append
5ee5cae8-643a-4262-92ab-52232c3ec69d,66a50078-13ab-4c91-b773-85494ce9b61e,c8d57b39-8b52-4429-865c-75047e5cf330,->,5ee5cae8-643a-4262-92ab-52232c3ec69d,java/lang/StringBuilder.java,append
5ee5cae8-643a-4262-92ab-52232c3ec69d,66a50078-13ab-4c91-b773-85494ce9b61e,c8d57b39-8b52-4429-865c-75047e5cf330,->,5ee5cae8-643a-4262-92ab-52232c3ec69d,java/lang/StringBuilder.java,append
5ee5cae8-643a-4262-92ab-52232c3ec69d,66a50078-13ab-4c91-b773-85494ce9b61e,c8d57b39-8b52-4429-865c-75047e5cf330,->,5ee5cae8-643a-4262-92ab-52232c3ec69d,java/lang/StringBuilder.java,toString
5ee5cae8-643a-4262-92ab-52232c3ec69d,66a50078-13ab-4c91-b773-85494ce9b61e,c8d57b39-8b52-4429-865c-75047e5cf330,->,5ee5cae8-643a-4262-92ab-52232c3ec69d,org/bukkit/command/CommandSender.java,sendMessage
5ee5cae8-643a-4262-92ab-52232c3ec69d,66a50078-13ab-4c91-b773-85494ce9b61e,c8d57b39-8b52-4429-865c-75047e5cf330,->,5ee5cae8-643a-4262-92ab-52232c3ec69d,java/lang/StringBuilder.java,append
5ee5cae8-643a-4262-92ab-52232c3ec69d,66a50078-13ab-4c91-b773-85494ce9b61e,c8d57b39-8b52-4429-865c-75047e5cf330,->,5ee5cae8-643a-4262-92ab-52232c3ec69d,java/lang/StringBuilder.java,append
5ee5cae8-643a-4262-92ab-52232c3ec69d,66a50078-13ab-4c91-b773-85494ce9b61e,c8d57b39-8b52-4429-865c-75047e5cf330,->,5ee5cae8-643a-4262-92ab-52232c3ec69d,java/lang/StringBuilder.java,append
5ee5cae8-643a-4262-92ab-52232c3ec69d,66a50078-13ab-4c91-b773-85494ce9b61e,c8d57b39-8b52-4429-865c-75047e5cf330,->,5ee5cae8-643a-4262-92ab-52232c3ec69d,java/lang/StringBuilder.java,append
5ee5cae8-643a-4262-92ab-52232c3ec69d,66a50078-13ab-4c91-b773-85494ce9b61e,c8d57b39-8b52-4429-865c-75047e5cf330,->,5ee5cae8-643a-4262-92ab-52232c3ec69d,java/lang/StringBuilder.java,append
5ee5cae8-643a-4262-92ab-52232c3ec69d,66a50078-13ab-4c91-b773-85494ce9b61e,c8d57b39-8b52-4429-865c-75047e5cf330,->,5ee5cae8-643a-4262-92ab-52232c3ec69d,java/lang/StringBuilder.java,append
5ee5cae8-643a-4262-92ab-52232c3ec69d,66a50078-13ab-4c91-b773-85494ce9b61e,c8d57b39-8b52-4429-865c-75047e5cf330,->,5ee5cae8-643a-4262-92ab-52232c3ec69d,java/lang/StringBuilder.java,toString
5ee5cae8-643a-4262-92ab-52232c3ec69d,66a50078-13ab-4c91-b773-85494ce9b61e,c8d57b39-8b52-4429-865c-75047e5cf330,->,5ee5cae8-643a-4262-92ab-52232c3ec69d,org/bukkit/command/CommandSender.java,sendMessage
5ee5cae8-643a-4262-92ab-52232c3ec69d,66a50078-13ab-4c91-b773-85494ce9b61e,802186db-15dd-4125-a0a3-60711402ff5b,->,5ee5cae8-643a-4262-92ab-52232c3ec69d,com/division/freeforall/core/FreeForAll.java,getServer
5ee5cae8-643a-4262-92ab-52232c3ec69d,66a50078-13ab-4c91-b773-85494ce9b61e,802186db-15dd-4125-a0a3-60711402ff5b,->,5ee5cae8-643a-4262-92ab-52232c3ec69d,java/util/HashMap.java,size
5ee5cae8-643a-4262-92ab-52232c3ec69d,66a50078-13ab-4c91-b773-85494ce9b61e,802186db-15dd-4125-a0a3-60711402ff5b,->,5ee5cae8-643a-4262-92ab-52232c3ec69d,java/lang/Math.java,floor
5ee5cae8-643a-4262-92ab-52232c3ec69d,66a50078-13ab-4c91-b773-85494ce9b61e,802186db-15dd-4125-a0a3-60711402ff5b,->,5ee5cae8-643a-4262-92ab-52232c3ec69d,java/util/HashMap.java,size
5ee5cae8-643a-4262-92ab-52232c3ec69d,66a50078-13ab-4c91-b773-85494ce9b61e,802186db-15dd-4125-a0a3-60711402ff5b,->,5ee5cae8-643a-4262-92ab-52232c3ec69d,org/bukkit/Server.java,createInventory
5ee5cae8-643a-4262-92ab-52232c3ec69d,66a50078-13ab-4c91-b773-85494ce9b61e,802186db-15dd-4125-a0a3-60711402ff5b,->,5ee5cae8-643a-4262-92ab-52232c3ec69d,org/bukkit/inventory/ItemStack.java,getItemMeta
5ee5cae8-643a-4262-92ab-52232c3ec69d,66a50078-13ab-4c91-b773-85494ce9b61e,802186db-15dd-4125-a0a3-60711402ff5b,->,5ee5cae8-643a-4262-92ab-52232c3ec69d,java/util/HashMap.java,keySet
5ee5cae8-643a-4262-92ab-52232c3ec69d,66a50078-13ab-4c91-b773-85494ce9b61e,802186db-15dd-4125-a0a3-60711402ff5b,->,5ee5cae8-643a-4262-92ab-52232c3ec69d,java/util/Set.java,iterator
5ee5cae8-643a-4262-92ab-52232c3ec69d,66a50078-13ab-4c91-b773-85494ce9b61e,802186db-15dd-4125-a0a3-60711402ff5b,->,5ee5cae8-643a-4262-92ab-52232c3ec69d,java/util/Iterator.java,hasNext
5ee5cae8-643a-4262-92ab-52232c3ec69d,66a50078-13ab-4c91-b773-85494ce9b61e,802186db-15dd-4125-a0a3-60711402ff5b,->,5ee5cae8-643a-4262-92ab-52232c3ec69d,java/util/Iterator.java,next
5ee5cae8-643a-4262-92ab-52232c3ec69d,66a50078-13ab-4c91-b773-85494ce9b61e,802186db-15dd-4125-a0a3-60711402ff5b,->,5ee5cae8-643a-4262-92ab-52232c3ec69d,java/util/List.java,clear
5ee5cae8-643a-4262-92ab-52232c3ec69d,66a50078-13ab-4c91-b773-85494ce9b61e,802186db-15dd-4125-a0a3-60711402ff5b,->,5ee5cae8-643a-4262-92ab-52232c3ec69d,java/lang/StringBuilder.java,append
5ee5cae8-643a-4262-92ab-52232c3ec69d,66a50078-13ab-4c91-b773-85494ce9b61e,802186db-15dd-4125-a0a3-60711402ff5b,->,5ee5cae8-643a-4262-92ab-52232c3ec69d,java/lang/StringBuilder.java,append
5ee5cae8-643a-4262-92ab-52232c3ec69d,66a50078-13ab-4c91-b773-85494ce9b61e,802186db-15dd-4125-a0a3-60711402ff5b,->,5ee5cae8-643a-4262-92ab-52232c3ec69d,java/lang/StringBuilder.java,append
5ee5cae8-643a-4262-92ab-52232c3ec69d,66a50078-13ab-4c91-b773-85494ce9b61e,802186db-15dd-4125-a0a3-60711402ff5b,->,5ee5cae8-643a-4262-92ab-52232c3ec69d,java/lang/StringBuilder.java,append
5ee5cae8-643a-4262-92ab-52232c3ec69d,66a50078-13ab-4c91-b773-85494ce9b61e,802186db-15dd-4125-a0a3-60711402ff5b,->,5ee5cae8-643a-4262-92ab-52232c3ec69d,java/lang/StringBuilder.java,toString
5ee5cae8-643a-4262-92ab-52232c3ec69d,66a50078-13ab-4c91-b773-85494ce9b61e,802186db-15dd-4125-a0a3-60711402ff5b,->,5ee5cae8-643a-4262-92ab-52232c3ec69d,java/util/List.java,add
5ee5cae8-643a-4262-92ab-52232c3ec69d,66a50078-13ab-4c91-b773-85494ce9b61e,802186db-15dd-4125-a0a3-60711402ff5b,->,5ee5cae8-643a-4262-92ab-52232c3ec69d,org/bukkit/inventory/meta/ItemMeta.java,setDisplayName
5ee5cae8-643a-4262-92ab-52232c3ec69d,66a50078-13ab-4c91-b773-85494ce9b61e,802186db-15dd-4125-a0a3-60711402ff5b,->,5ee5cae8-643a-4262-92ab-52232c3ec69d,org/bukkit/inventory/meta/ItemMeta.java,setLore
5ee5cae8-643a-4262-92ab-52232c3ec69d,66a50078-13ab-4c91-b773-85494ce9b61e,802186db-15dd-4125-a0a3-60711402ff5b,->,5ee5cae8-643a-4262-92ab-52232c3ec69d,org/bukkit/inventory/ItemStack.java,setItemMeta
5ee5cae8-643a-4262-92ab-52232c3ec69d,66a50078-13ab-4c91-b773-85494ce9b61e,802186db-15dd-4125-a0a3-60711402ff5b,->,5ee5cae8-643a-4262-92ab-52232c3ec69d,org/bukkit/inventory/Inventory.java,addItem
5ee5cae8-643a-4262-92ab-52232c3ec69d,66a50078-13ab-4c91-b773-85494ce9b61e,a91bde9c-0500-476d-8f90-b31ffbf8baa0,->,5ee5cae8-643a-4262-92ab-52232c3ec69d,66a50078-13ab-4c91-b773-85494ce9b61e,b9e42b3e-bf35-42de-848d-88109d98e4d7
5ee5cae8-643a-4262-92ab-52232c3ec69d,66a50078-13ab-4c91-b773-85494ce9b61e,a91bde9c-0500-476d-8f90-b31ffbf8baa0,->,5ee5cae8-643a-4262-92ab-52232c3ec69d,com/division/freeforall/core/FreeForAll.java,getServer
5ee5cae8-643a-4262-92ab-52232c3ec69d,66a50078-13ab-4c91-b773-85494ce9b61e,a91bde9c-0500-476d-8f90-b31ffbf8baa0,->,5ee5cae8-643a-4262-92ab-52232c3ec69d,org/bukkit/Server.java,getScheduler
5ee5cae8-643a-4262-92ab-52232c3ec69d,66a50078-13ab-4c91-b773-85494ce9b61e,a91bde9c-0500-476d-8f90-b31ffbf8baa0,->,5ee5cae8-643a-4262-92ab-52232c3ec69d,66a50078-13ab-4c91-b773-85494ce9b61e,b9e42b3e-bf35-42de-848d-88109d98e4d7
5ee5cae8-643a-4262-92ab-52232c3ec69d,66a50078-13ab-4c91-b773-85494ce9b61e,a91bde9c-0500-476d-8f90-b31ffbf8baa0,->,5ee5cae8-643a-4262-92ab-52232c3ec69d,750bce1e-ca15-4143-a7d0-5d96c3b7083b,5d302541-953d-4714-ae46-01ebc9153ce7
5ee5cae8-643a-4262-92ab-52232c3ec69d,66a50078-13ab-4c91-b773-85494ce9b61e,a91bde9c-0500-476d-8f90-b31ffbf8baa0,->,5ee5cae8-643a-4262-92ab-52232c3ec69d,org/bukkit/scheduler/BukkitScheduler.java,cancelTask
5ee5cae8-643a-4262-92ab-52232c3ec69d,66a50078-13ab-4c91-b773-85494ce9b61e,a91bde9c-0500-476d-8f90-b31ffbf8baa0,->,5ee5cae8-643a-4262-92ab-52232c3ec69d,java/util/HashMap.java,get
5ee5cae8-643a-4262-92ab-52232c3ec69d,66a50078-13ab-4c91-b773-85494ce9b61e,a91bde9c-0500-476d-8f90-b31ffbf8baa0,->,5ee5cae8-643a-4262-92ab-52232c3ec69d,f9d0189c-feb7-4d80-b419-917ceb822446,e4fbc100-a935-493d-b07d-271a714c1ac2
5ee5cae8-643a-4262-92ab-52232c3ec69d,66a50078-13ab-4c91-b773-85494ce9b61e,a91bde9c-0500-476d-8f90-b31ffbf8baa0,->,5ee5cae8-643a-4262-92ab-52232c3ec69d,750bce1e-ca15-4143-a7d0-5d96c3b7083b,b4b55875-043b-41ab-8fc4-aed8fbc6f3dc
5ee5cae8-643a-4262-92ab-52232c3ec69d,66a50078-13ab-4c91-b773-85494ce9b61e,b9e42b3e-bf35-42de-848d-88109d98e4d7,->,5ee5cae8-643a-4262-92ab-52232c3ec69d,java/util/HashMap.java,get
5ee5cae8-643a-4262-92ab-52232c3ec69d,66a50078-13ab-4c91-b773-85494ce9b61e,b9e42b3e-bf35-42de-848d-88109d98e4d7,->,5ee5cae8-643a-4262-92ab-52232c3ec69d,f9d0189c-feb7-4d80-b419-917ceb822446,1c4dcfb6-4354-4c20-a37e-398a55e9a4b3
5ee5cae8-643a-4262-92ab-52232c3ec69d,66a50078-13ab-4c91-b773-85494ce9b61e,bad8f9da-0962-4ca4-bd7b-205f32d8b2f9,->,5ee5cae8-643a-4262-92ab-52232c3ec69d,java/util/HashMap.java,get
5ee5cae8-643a-4262-92ab-52232c3ec69d,66a50078-13ab-4c91-b773-85494ce9b61e,bad8f9da-0962-4ca4-bd7b-205f32d8b2f9,->,5ee5cae8-643a-4262-92ab-52232c3ec69d,f9d0189c-feb7-4d80-b419-917ceb822446,3eb38ce4-4f19-44c6-b82e-4e44ead05d67
5ee5cae8-643a-4262-92ab-52232c3ec69d,66a50078-13ab-4c91-b773-85494ce9b61e,65ad6182-cfbc-4d91-b564-b11fa20bb910,->,5ee5cae8-643a-4262-92ab-52232c3ec69d,java/util/HashMap.java,containsKey
5ee5cae8-643a-4262-92ab-52232c3ec69d,66a50078-13ab-4c91-b773-85494ce9b61e,65ad6182-cfbc-4d91-b564-b11fa20bb910,->,5ee5cae8-643a-4262-92ab-52232c3ec69d,java/util/HashMap.java,get
5ee5cae8-643a-4262-92ab-52232c3ec69d,66a50078-13ab-4c91-b773-85494ce9b61e,65ad6182-cfbc-4d91-b564-b11fa20bb910,->,5ee5cae8-643a-4262-92ab-52232c3ec69d,f9d0189c-feb7-4d80-b419-917ceb822446,09ce441b-a2ee-4fcd-b3ed-caf5ebfb1903
5ee5cae8-643a-4262-92ab-52232c3ec69d,66a50078-13ab-4c91-b773-85494ce9b61e,f61e030a-666d-4132-ac9c-eb367ec82844,->,5ee5cae8-643a-4262-92ab-52232c3ec69d,7556065c-1e04-4291-ba97-f6c0a3f30e19,e5a01c81-7540-4bc9-a163-7ca13d21a119
5ee5cae8-643a-4262-92ab-52232c3ec69d,66a50078-13ab-4c91-b773-85494ce9b61e,225cb146-8a96-48dc-9f3f-671a55735d2e,->,5ee5cae8-643a-4262-92ab-52232c3ec69d,7556065c-1e04-4291-ba97-f6c0a3f30e19,e5a01c81-7540-4bc9-a163-7ca13d21a119
5ee5cae8-643a-4262-92ab-52232c3ec69d,66a50078-13ab-4c91-b773-85494ce9b61e,225cb146-8a96-48dc-9f3f-671a55735d2e,->,5ee5cae8-643a-4262-92ab-52232c3ec69d,java/util/ArrayList.java,size
5ee5cae8-643a-4262-92ab-52232c3ec69d,66a50078-13ab-4c91-b773-85494ce9b61e,225cb146-8a96-48dc-9f3f-671a55735d2e,->,5ee5cae8-643a-4262-92ab-52232c3ec69d,org/bukkit/entity/Player.java,closeInventory
5ee5cae8-643a-4262-92ab-52232c3ec69d,66a50078-13ab-4c91-b773-85494ce9b61e,225cb146-8a96-48dc-9f3f-671a55735d2e,->,5ee5cae8-643a-4262-92ab-52232c3ec69d,java/util/ArrayList.java,size
5ee5cae8-643a-4262-92ab-52232c3ec69d,66a50078-13ab-4c91-b773-85494ce9b61e,225cb146-8a96-48dc-9f3f-671a55735d2e,->,5ee5cae8-643a-4262-92ab-52232c3ec69d,java/util/Random.java,nextInt
5ee5cae8-643a-4262-92ab-52232c3ec69d,66a50078-13ab-4c91-b773-85494ce9b61e,225cb146-8a96-48dc-9f3f-671a55735d2e,->,5ee5cae8-643a-4262-92ab-52232c3ec69d,java/util/ArrayList.java,get
5ee5cae8-643a-4262-92ab-52232c3ec69d,66a50078-13ab-4c91-b773-85494ce9b61e,225cb146-8a96-48dc-9f3f-671a55735d2e,->,5ee5cae8-643a-4262-92ab-52232c3ec69d,org/bukkit/entity/Player.java,teleport
5ee5cae8-643a-4262-92ab-52232c3ec69d,66a50078-13ab-4c91-b773-85494ce9b61e,225cb146-8a96-48dc-9f3f-671a55735d2e,->,5ee5cae8-643a-4262-92ab-52232c3ec69d,java/lang/StringBuilder.java,append
5ee5cae8-643a-4262-92ab-52232c3ec69d,66a50078-13ab-4c91-b773-85494ce9b61e,225cb146-8a96-48dc-9f3f-671a55735d2e,->,5ee5cae8-643a-4262-92ab-52232c3ec69d,java/lang/StringBuilder.java,append
5ee5cae8-643a-4262-92ab-52232c3ec69d,66a50078-13ab-4c91-b773-85494ce9b61e,225cb146-8a96-48dc-9f3f-671a55735d2e,->,5ee5cae8-643a-4262-92ab-52232c3ec69d,java/lang/StringBuilder.java,toString
5ee5cae8-643a-4262-92ab-52232c3ec69d,66a50078-13ab-4c91-b773-85494ce9b61e,225cb146-8a96-48dc-9f3f-671a55735d2e,->,5ee5cae8-643a-4262-92ab-52232c3ec69d,org/bukkit/entity/Player.java,sendMessage
5ee5cae8-643a-4262-92ab-52232c3ec69d,66a50078-13ab-4c91-b773-85494ce9b61e,5b3668de-513b-45ee-80ce-55123ebbfcf3,->,5ee5cae8-643a-4262-92ab-52232c3ec69d,org/bukkit/entity/Player.java,getName
5ee5cae8-643a-4262-92ab-52232c3ec69d,66a50078-13ab-4c91-b773-85494ce9b61e,5b3668de-513b-45ee-80ce-55123ebbfcf3,->,5ee5cae8-643a-4262-92ab-52232c3ec69d,java/util/HashMap.java,containsKey
5ee5cae8-643a-4262-92ab-52232c3ec69d,66a50078-13ab-4c91-b773-85494ce9b61e,2451d485-f107-422f-9b8c-85c82fdc85e9,->,5ee5cae8-643a-4262-92ab-52232c3ec69d,org/bukkit/entity/Player.java,getName
5ee5cae8-643a-4262-92ab-52232c3ec69d,66a50078-13ab-4c91-b773-85494ce9b61e,2451d485-f107-422f-9b8c-85c82fdc85e9,->,5ee5cae8-643a-4262-92ab-52232c3ec69d,java/lang/StringBuilder.java,append
5ee5cae8-643a-4262-92ab-52232c3ec69d,66a50078-13ab-4c91-b773-85494ce9b61e,2451d485-f107-422f-9b8c-85c82fdc85e9,->,5ee5cae8-643a-4262-92ab-52232c3ec69d,java/lang/StringBuilder.java,append
5ee5cae8-643a-4262-92ab-52232c3ec69d,66a50078-13ab-4c91-b773-85494ce9b61e,2451d485-f107-422f-9b8c-85c82fdc85e9,->,5ee5cae8-643a-4262-92ab-52232c3ec69d,java/lang/System.java,currentTimeMillis
5ee5cae8-643a-4262-92ab-52232c3ec69d,66a50078-13ab-4c91-b773-85494ce9b61e,2451d485-f107-422f-9b8c-85c82fdc85e9,->,5ee5cae8-643a-4262-92ab-52232c3ec69d,java/lang/StringBuilder.java,append
5ee5cae8-643a-4262-92ab-52232c3ec69d,66a50078-13ab-4c91-b773-85494ce9b61e,2451d485-f107-422f-9b8c-85c82fdc85e9,->,5ee5cae8-643a-4262-92ab-52232c3ec69d,java/lang/StringBuilder.java,toString
5ee5cae8-643a-4262-92ab-52232c3ec69d,66a50078-13ab-4c91-b773-85494ce9b61e,2451d485-f107-422f-9b8c-85c82fdc85e9,->,5ee5cae8-643a-4262-92ab-52232c3ec69d,java/util/HashMap.java,put
5ee5cae8-643a-4262-92ab-52232c3ec69d,66a50078-13ab-4c91-b773-85494ce9b61e,47175d25-f066-4ab0-ad6d-8629e7107a71,->,5ee5cae8-643a-4262-92ab-52232c3ec69d,org/bukkit/entity/Player.java,getName
5ee5cae8-643a-4262-92ab-52232c3ec69d,66a50078-13ab-4c91-b773-85494ce9b61e,47175d25-f066-4ab0-ad6d-8629e7107a71,->,5ee5cae8-643a-4262-92ab-52232c3ec69d,java/util/HashMap.java,remove
5ee5cae8-643a-4262-92ab-52232c3ec69d,66a50078-13ab-4c91-b773-85494ce9b61e,d39d1410-ab78-4551-b17c-0fd2abc991ee,->,5ee5cae8-643a-4262-92ab-52232c3ec69d,com/division/freeforall/core/FreeForAll.java,getServer
5ee5cae8-643a-4262-92ab-52232c3ec69d,66a50078-13ab-4c91-b773-85494ce9b61e,d39d1410-ab78-4551-b17c-0fd2abc991ee,->,5ee5cae8-643a-4262-92ab-52232c3ec69d,org/bukkit/Server.java,getPluginManager
5ee5cae8-643a-4262-92ab-52232c3ec69d,66a50078-13ab-4c91-b773-85494ce9b61e,d39d1410-ab78-4551-b17c-0fd2abc991ee,->,5ee5cae8-643a-4262-92ab-52232c3ec69d,org/bukkit/plugin/PluginManager.java,getPlugin
5ee5cae8-643a-4262-92ab-52232c3ec69d,66a50078-13ab-4c91-b773-85494ce9b61e,d39d1410-ab78-4551-b17c-0fd2abc991ee,->,5ee5cae8-643a-4262-92ab-52232c3ec69d,com/division/freeforall/core/FreeForAll.java,getServer
5ee5cae8-643a-4262-92ab-52232c3ec69d,66a50078-13ab-4c91-b773-85494ce9b61e,d39d1410-ab78-4551-b17c-0fd2abc991ee,->,5ee5cae8-643a-4262-92ab-52232c3ec69d,org/bukkit/Server.java,getServicesManager
5ee5cae8-643a-4262-92ab-52232c3ec69d,66a50078-13ab-4c91-b773-85494ce9b61e,d39d1410-ab78-4551-b17c-0fd2abc991ee,->,5ee5cae8-643a-4262-92ab-52232c3ec69d,org/bukkit/plugin/ServicesManager.java,getRegistration
5ee5cae8-643a-4262-92ab-52232c3ec69d,66a50078-13ab-4c91-b773-85494ce9b61e,d39d1410-ab78-4551-b17c-0fd2abc991ee,->,5ee5cae8-643a-4262-92ab-52232c3ec69d,org/bukkit/plugin/RegisteredServiceProvider.java,getProvider
5ee5cae8-643a-4262-92ab-52232c3ec69d,66a50078-13ab-4c91-b773-85494ce9b61e,8d695553-7499-4d5c-bbf4-c41fa49120a1,->,5ee5cae8-643a-4262-92ab-52232c3ec69d,java/text/DecimalFormat.java,format
5ee5cae8-643a-4262-92ab-52232c3ec69d,66a50078-13ab-4c91-b773-85494ce9b61e,8d695553-7499-4d5c-bbf4-c41fa49120a1,->,5ee5cae8-643a-4262-92ab-52232c3ec69d,java/lang/Double.java,valueOf
5ee5cae8-643a-4262-92ab-52232c3ec69d,66a50078-13ab-4c91-b773-85494ce9b61e,8d695553-7499-4d5c-bbf4-c41fa49120a1,->,5ee5cae8-643a-4262-92ab-52232c3ec69d,java/lang/Double.java,doubleValue
5ee5cae8-643a-4262-92ab-52232c3ec69d,66a50078-13ab-4c91-b773-85494ce9b61e,689f18e9-0749-48fc-910f-efa05ba40109,->,5ee5cae8-643a-4262-92ab-52232c3ec69d,org/bukkit/entity/Player.java,getWorld
5ee5cae8-643a-4262-92ab-52232c3ec69d,66a50078-13ab-4c91-b773-85494ce9b61e,689f18e9-0749-48fc-910f-efa05ba40109,->,5ee5cae8-643a-4262-92ab-52232c3ec69d,org/bukkit/entity/Player.java,getLocation
5ee5cae8-643a-4262-92ab-52232c3ec69d,66a50078-13ab-4c91-b773-85494ce9b61e,689f18e9-0749-48fc-910f-efa05ba40109,->,5ee5cae8-643a-4262-92ab-52232c3ec69d,org/bukkit/Location.java,toVector
5ee5cae8-643a-4262-92ab-52232c3ec69d,66a50078-13ab-4c91-b773-85494ce9b61e,689f18e9-0749-48fc-910f-efa05ba40109,->,5ee5cae8-643a-4262-92ab-52232c3ec69d,66a50078-13ab-4c91-b773-85494ce9b61e,8c4170d5-cdf6-4f2e-9932-61995594bfdd
5ee5cae8-643a-4262-92ab-52232c3ec69d,66a50078-13ab-4c91-b773-85494ce9b61e,8c4170d5-cdf6-4f2e-9932-61995594bfdd,->,5ee5cae8-643a-4262-92ab-52232c3ec69d,66a50078-13ab-4c91-b773-85494ce9b61e,d4ca4a7d-913f-4a30-a79a-dc994f156ed1
5ee5cae8-643a-4262-92ab-52232c3ec69d,66a50078-13ab-4c91-b773-85494ce9b61e,8c4170d5-cdf6-4f2e-9932-61995594bfdd,->,5ee5cae8-643a-4262-92ab-52232c3ec69d,java/util/HashMap.java,values
5ee5cae8-643a-4262-92ab-52232c3ec69d,66a50078-13ab-4c91-b773-85494ce9b61e,8c4170d5-cdf6-4f2e-9932-61995594bfdd,->,5ee5cae8-643a-4262-92ab-52232c3ec69d,java/util/Collection.java,iterator
5ee5cae8-643a-4262-92ab-52232c3ec69d,66a50078-13ab-4c91-b773-85494ce9b61e,8c4170d5-cdf6-4f2e-9932-61995594bfdd,->,5ee5cae8-643a-4262-92ab-52232c3ec69d,java/util/Iterator.java,hasNext
5ee5cae8-643a-4262-92ab-52232c3ec69d,66a50078-13ab-4c91-b773-85494ce9b61e,8c4170d5-cdf6-4f2e-9932-61995594bfdd,->,5ee5cae8-643a-4262-92ab-52232c3ec69d,java/util/Iterator.java,next
5ee5cae8-643a-4262-92ab-52232c3ec69d,66a50078-13ab-4c91-b773-85494ce9b61e,8c4170d5-cdf6-4f2e-9932-61995594bfdd,->,5ee5cae8-643a-4262-92ab-52232c3ec69d,f9d0189c-feb7-4d80-b419-917ceb822446,3eb38ce4-4f19-44c6-b82e-4e44ead05d67
5ee5cae8-643a-4262-92ab-52232c3ec69d,66a50078-13ab-4c91-b773-85494ce9b61e,8c4170d5-cdf6-4f2e-9932-61995594bfdd,->,5ee5cae8-643a-4262-92ab-52232c3ec69d,4b5581fd-046b-4cf3-a1fa-e508fa091de7,2cd008ad-d0b7-45bd-a31c-826699425954
5ee5cae8-643a-4262-92ab-52232c3ec69d,66a50078-13ab-4c91-b773-85494ce9b61e,846b984a-d916-42d8-9ba5-d15348fc8d2f,->,5ee5cae8-643a-4262-92ab-52232c3ec69d,java/util/HashMap.java,get
5ee5cae8-643a-4262-92ab-52232c3ec69d,66a50078-13ab-4c91-b773-85494ce9b61e,80607e8a-173a-425c-9995-7c36cc3e0421,->,5ee5cae8-643a-4262-92ab-52232c3ec69d,java/util/HashMap.java,containsKey
5ee5cae8-643a-4262-92ab-52232c3ec69d,com/division/freeforall/core/FreeForAll.java,access$100,->,5ee5cae8-643a-4262-92ab-52232c3ec69d,66a50078-13ab-4c91-b773-85494ce9b61e,225cb146-8a96-48dc-9f3f-671a55735d2e
5ee5cae8-643a-4262-92ab-52232c3ec69d,com/division/freeforall/core/FreeForAll$Queue.java,run,->,5ee5cae8-643a-4262-92ab-52232c3ec69d,com/division/freeforall/core/FreeForAll.java,access$000
5ee5cae8-643a-4262-92ab-52232c3ec69d,com/division/freeforall/core/FreeForAll$Queue.java,run,->,5ee5cae8-643a-4262-92ab-52232c3ec69d,java/util/HashMap.java,keySet
5ee5cae8-643a-4262-92ab-52232c3ec69d,com/division/freeforall/core/FreeForAll$Queue.java,run,->,5ee5cae8-643a-4262-92ab-52232c3ec69d,java/util/Set.java,iterator
5ee5cae8-643a-4262-92ab-52232c3ec69d,com/division/freeforall/core/FreeForAll$Queue.java,run,->,5ee5cae8-643a-4262-92ab-52232c3ec69d,java/util/Iterator.java,hasNext
5ee5cae8-643a-4262-92ab-52232c3ec69d,com/division/freeforall/core/FreeForAll$Queue.java,run,->,5ee5cae8-643a-4262-92ab-52232c3ec69d,java/util/Iterator.java,next
5ee5cae8-643a-4262-92ab-52232c3ec69d,com/division/freeforall/core/FreeForAll$Queue.java,run,->,5ee5cae8-643a-4262-92ab-52232c3ec69d,com/division/freeforall/core/FreeForAll.java,access$000
5ee5cae8-643a-4262-92ab-52232c3ec69d,com/division/freeforall/core/FreeForAll$Queue.java,run,->,5ee5cae8-643a-4262-92ab-52232c3ec69d,java/util/HashMap.java,get
5ee5cae8-643a-4262-92ab-52232c3ec69d,com/division/freeforall/core/FreeForAll$Queue.java,run,->,5ee5cae8-643a-4262-92ab-52232c3ec69d,java/lang/String.java,split
5ee5cae8-643a-4262-92ab-52232c3ec69d,com/division/freeforall/core/FreeForAll$Queue.java,run,->,5ee5cae8-643a-4262-92ab-52232c3ec69d,java/lang/Long.java,parseLong
5ee5cae8-643a-4262-92ab-52232c3ec69d,com/division/freeforall/core/FreeForAll$Queue.java,run,->,5ee5cae8-643a-4262-92ab-52232c3ec69d,java/lang/System.java,currentTimeMillis
5ee5cae8-643a-4262-92ab-52232c3ec69d,com/division/freeforall/core/FreeForAll$Queue.java,run,->,5ee5cae8-643a-4262-92ab-52232c3ec69d,com/division/freeforall/core/FreeForAll.java,access$000
5ee5cae8-643a-4262-92ab-52232c3ec69d,com/division/freeforall/core/FreeForAll$Queue.java,run,->,5ee5cae8-643a-4262-92ab-52232c3ec69d,java/util/HashMap.java,remove
5ee5cae8-643a-4262-92ab-52232c3ec69d,com/division/freeforall/core/FreeForAll$Queue.java,run,->,5ee5cae8-643a-4262-92ab-52232c3ec69d,com/division/freeforall/core/FreeForAll.java,getServer
5ee5cae8-643a-4262-92ab-52232c3ec69d,com/division/freeforall/core/FreeForAll$Queue.java,run,->,5ee5cae8-643a-4262-92ab-52232c3ec69d,org/bukkit/Server.java,getPlayer
5ee5cae8-643a-4262-92ab-52232c3ec69d,com/division/freeforall/core/FreeForAll$Queue.java,run,->,5ee5cae8-643a-4262-92ab-52232c3ec69d,com/division/freeforall/core/FreeForAll.java,access$100
5ee5cae8-643a-4262-92ab-52232c3ec69d,1f4dd95c-5f56-4a02-8e62-7a399a8fe84c,8734cd34-bb97-4748-8430-d0d7360dfb25,->,5ee5cae8-643a-4262-92ab-52232c3ec69d,org/bukkit/entity/Player.java,getInventory
5ee5cae8-643a-4262-92ab-52232c3ec69d,1f4dd95c-5f56-4a02-8e62-7a399a8fe84c,8734cd34-bb97-4748-8430-d0d7360dfb25,->,5ee5cae8-643a-4262-92ab-52232c3ec69d,org/bukkit/inventory/PlayerInventory.java,clear
5ee5cae8-643a-4262-92ab-52232c3ec69d,1f4dd95c-5f56-4a02-8e62-7a399a8fe84c,8734cd34-bb97-4748-8430-d0d7360dfb25,->,5ee5cae8-643a-4262-92ab-52232c3ec69d,org/bukkit/entity/Player.java,getInventory
5ee5cae8-643a-4262-92ab-52232c3ec69d,1f4dd95c-5f56-4a02-8e62-7a399a8fe84c,8734cd34-bb97-4748-8430-d0d7360dfb25,->,5ee5cae8-643a-4262-92ab-52232c3ec69d,org/bukkit/inventory/PlayerInventory.java,setBoots
5ee5cae8-643a-4262-92ab-52232c3ec69d,1f4dd95c-5f56-4a02-8e62-7a399a8fe84c,8734cd34-bb97-4748-8430-d0d7360dfb25,->,5ee5cae8-643a-4262-92ab-52232c3ec69d,org/bukkit/entity/Player.java,getInventory
5ee5cae8-643a-4262-92ab-52232c3ec69d,1f4dd95c-5f56-4a02-8e62-7a399a8fe84c,8734cd34-bb97-4748-8430-d0d7360dfb25,->,5ee5cae8-643a-4262-92ab-52232c3ec69d,org/bukkit/inventory/PlayerInventory.java,setHelmet
5ee5cae8-643a-4262-92ab-52232c3ec69d,1f4dd95c-5f56-4a02-8e62-7a399a8fe84c,8734cd34-bb97-4748-8430-d0d7360dfb25,->,5ee5cae8-643a-4262-92ab-52232c3ec69d,org/bukkit/entity/Player.java,getInventory
5ee5cae8-643a-4262-92ab-52232c3ec69d,1f4dd95c-5f56-4a02-8e62-7a399a8fe84c,8734cd34-bb97-4748-8430-d0d7360dfb25,->,5ee5cae8-643a-4262-92ab-52232c3ec69d,org/bukkit/inventory/PlayerInventory.java,setChestplate
5ee5cae8-643a-4262-92ab-52232c3ec69d,1f4dd95c-5f56-4a02-8e62-7a399a8fe84c,8734cd34-bb97-4748-8430-d0d7360dfb25,->,5ee5cae8-643a-4262-92ab-52232c3ec69d,org/bukkit/entity/Player.java,getInventory
5ee5cae8-643a-4262-92ab-52232c3ec69d,1f4dd95c-5f56-4a02-8e62-7a399a8fe84c,8734cd34-bb97-4748-8430-d0d7360dfb25,->,5ee5cae8-643a-4262-92ab-52232c3ec69d,org/bukkit/inventory/PlayerInventory.java,setLeggings
5ee5cae8-643a-4262-92ab-52232c3ec69d,1f4dd95c-5f56-4a02-8e62-7a399a8fe84c,8734cd34-bb97-4748-8430-d0d7360dfb25,->,5ee5cae8-643a-4262-92ab-52232c3ec69d,org/bukkit/inventory/ItemStack.java,getTypeId
5ee5cae8-643a-4262-92ab-52232c3ec69d,1f4dd95c-5f56-4a02-8e62-7a399a8fe84c,8734cd34-bb97-4748-8430-d0d7360dfb25,->,5ee5cae8-643a-4262-92ab-52232c3ec69d,org/bukkit/entity/Player.java,getInventory
5ee5cae8-643a-4262-92ab-52232c3ec69d,1f4dd95c-5f56-4a02-8e62-7a399a8fe84c,8734cd34-bb97-4748-8430-d0d7360dfb25,->,5ee5cae8-643a-4262-92ab-52232c3ec69d,org/bukkit/inventory/PlayerInventory.java,addItem
5ee5cae8-643a-4262-92ab-52232c3ec69d,1f4dd95c-5f56-4a02-8e62-7a399a8fe84c,8734cd34-bb97-4748-8430-d0d7360dfb25,->,5ee5cae8-643a-4262-92ab-52232c3ec69d,org/bukkit/entity/Player.java,hasPotionEffect
5ee5cae8-643a-4262-92ab-52232c3ec69d,1f4dd95c-5f56-4a02-8e62-7a399a8fe84c,8734cd34-bb97-4748-8430-d0d7360dfb25,->,5ee5cae8-643a-4262-92ab-52232c3ec69d,org/bukkit/entity/Player.java,removePotionEffect
5ee5cae8-643a-4262-92ab-52232c3ec69d,1f4dd95c-5f56-4a02-8e62-7a399a8fe84c,ffb08d34-649b-4f0c-81b9-cb6d7bf22016,->,5ee5cae8-643a-4262-92ab-52232c3ec69d,org/bukkit/entity/Player.java,getName
5ee5cae8-643a-4262-92ab-52232c3ec69d,1f4dd95c-5f56-4a02-8e62-7a399a8fe84c,ffb08d34-649b-4f0c-81b9-cb6d7bf22016,->,5ee5cae8-643a-4262-92ab-52232c3ec69d,java/util/List.java,contains
5ee5cae8-643a-4262-92ab-52232c3ec69d,1f4dd95c-5f56-4a02-8e62-7a399a8fe84c,ffb08d34-649b-4f0c-81b9-cb6d7bf22016,->,5ee5cae8-643a-4262-92ab-52232c3ec69d,org/bukkit/entity/Player.java,getName
5ee5cae8-643a-4262-92ab-52232c3ec69d,1f4dd95c-5f56-4a02-8e62-7a399a8fe84c,ffb08d34-649b-4f0c-81b9-cb6d7bf22016,->,5ee5cae8-643a-4262-92ab-52232c3ec69d,java/util/List.java,add
5ee5cae8-643a-4262-92ab-52232c3ec69d,1f4dd95c-5f56-4a02-8e62-7a399a8fe84c,42690f1d-90e6-4547-bcd0-cebe45b172d7,->,5ee5cae8-643a-4262-92ab-52232c3ec69d,java/lang/Integer.java,valueOf
5ee5cae8-643a-4262-92ab-52232c3ec69d,1f4dd95c-5f56-4a02-8e62-7a399a8fe84c,42690f1d-90e6-4547-bcd0-cebe45b172d7,->,5ee5cae8-643a-4262-92ab-52232c3ec69d,java/util/List.java,add
5ee5cae8-643a-4262-92ab-52232c3ec69d,1f4dd95c-5f56-4a02-8e62-7a399a8fe84c,b1dd968c-4f91-4585-a310-0fd60d23366d,->,5ee5cae8-643a-4262-92ab-52232c3ec69d,java/lang/Integer.java,valueOf
5ee5cae8-643a-4262-92ab-52232c3ec69d,1f4dd95c-5f56-4a02-8e62-7a399a8fe84c,b1dd968c-4f91-4585-a310-0fd60d23366d,->,5ee5cae8-643a-4262-92ab-52232c3ec69d,java/util/List.java,contains
5ee5cae8-643a-4262-92ab-52232c3ec69d,1f4dd95c-5f56-4a02-8e62-7a399a8fe84c,e3669232-da64-4f06-b424-639b9ca09813,->,5ee5cae8-643a-4262-92ab-52232c3ec69d,java/util/List.java,clear
5ee5cae8-643a-4262-92ab-52232c3ec69d,com/division/freeforall/listeners/FFAPlayerListener.java,onPlayerInteract,->,5ee5cae8-643a-4262-92ab-52232c3ec69d,org/bukkit/event/player/PlayerInteractEvent.java,getPlayer
5ee5cae8-643a-4262-92ab-52232c3ec69d,com/division/freeforall/listeners/FFAPlayerListener.java,onPlayerInteract,->,5ee5cae8-643a-4262-92ab-52232c3ec69d,org/bukkit/entity/Player.java,hasPermission
5ee5cae8-643a-4262-92ab-52232c3ec69d,com/division/freeforall/listeners/FFAPlayerListener.java,onPlayerInteract,->,5ee5cae8-643a-4262-92ab-52232c3ec69d,org/bukkit/event/player/PlayerInteractEvent.java,hasBlock
5ee5cae8-643a-4262-92ab-52232c3ec69d,com/division/freeforall/listeners/FFAPlayerListener.java,onPlayerInteract,->,5ee5cae8-643a-4262-92ab-52232c3ec69d,org/bukkit/event/player/PlayerInteractEvent.java,getClickedBlock
5ee5cae8-643a-4262-92ab-52232c3ec69d,com/division/freeforall/listeners/FFAPlayerListener.java,onPlayerInteract,->,5ee5cae8-643a-4262-92ab-52232c3ec69d,org/bukkit/event/player/PlayerInteractEvent.java,getItem
5ee5cae8-643a-4262-92ab-52232c3ec69d,com/division/freeforall/listeners/FFAPlayerListener.java,onPlayerInteract,->,5ee5cae8-643a-4262-92ab-52232c3ec69d,org/bukkit/inventory/ItemStack.java,getType
5ee5cae8-643a-4262-92ab-52232c3ec69d,com/division/freeforall/listeners/FFAPlayerListener.java,onPlayerInteract,->,5ee5cae8-643a-4262-92ab-52232c3ec69d,org/bukkit/Material.java,equals
5ee5cae8-643a-4262-92ab-52232c3ec69d,com/division/freeforall/listeners/FFAPlayerListener.java,onPlayerInteract,->,5ee5cae8-643a-4262-92ab-52232c3ec69d,org/bukkit/event/player/PlayerInteractEvent.java,getAction
5ee5cae8-643a-4262-92ab-52232c3ec69d,com/division/freeforall/listeners/FFAPlayerListener.java,onPlayerInteract,->,5ee5cae8-643a-4262-92ab-52232c3ec69d,c5e8277c-a2fb-4fb3-9366-b16154a903cd,"54dbbc46-f200-46b2-8f75-c2cf61f9419d,5469fb69-ac49-4d91-b1d6-8762506c3c4b"
5ee5cae8-643a-4262-92ab-52232c3ec69d,com/division/freeforall/listeners/FFAPlayerListener.java,onPlayerInteract,->,5ee5cae8-643a-4262-92ab-52232c3ec69d,bb4a85df-1ffd-4558-bf54-b8f0603f02f6,50f7ac07-1e99-44a7-aaba-a40e7ed5943b
5ee5cae8-643a-4262-92ab-52232c3ec69d,com/division/freeforall/listeners/FFAPlayerListener.java,onPlayerInteract,->,5ee5cae8-643a-4262-92ab-52232c3ec69d,org/bukkit/event/player/PlayerInteractEvent.java,getPlayer
5ee5cae8-643a-4262-92ab-52232c3ec69d,com/division/freeforall/listeners/FFAPlayerListener.java,onPlayerInteract,->,5ee5cae8-643a-4262-92ab-52232c3ec69d,java/lang/StringBuilder.java,append
5ee5cae8-643a-4262-92ab-52232c3ec69d,com/division/freeforall/listeners/FFAPlayerListener.java,onPlayerInteract,->,5ee5cae8-643a-4262-92ab-52232c3ec69d,java/lang/StringBuilder.java,append
5ee5cae8-643a-4262-92ab-52232c3ec69d,com/division/freeforall/listeners/FFAPlayerListener.java,onPlayerInteract,->,5ee5cae8-643a-4262-92ab-52232c3ec69d,c5e8277c-a2fb-4fb3-9366-b16154a903cd,"54dbbc46-f200-46b2-8f75-c2cf61f9419d,5469fb69-ac49-4d91-b1d6-8762506c3c4b"
5ee5cae8-643a-4262-92ab-52232c3ec69d,com/division/freeforall/listeners/FFAPlayerListener.java,onPlayerInteract,->,5ee5cae8-643a-4262-92ab-52232c3ec69d,java/lang/StringBuilder.java,append
5ee5cae8-643a-4262-92ab-52232c3ec69d,com/division/freeforall/listeners/FFAPlayerListener.java,onPlayerInteract,->,5ee5cae8-643a-4262-92ab-52232c3ec69d,java/lang/StringBuilder.java,toString
5ee5cae8-643a-4262-92ab-52232c3ec69d,com/division/freeforall/listeners/FFAPlayerListener.java,onPlayerInteract,->,5ee5cae8-643a-4262-92ab-52232c3ec69d,org/bukkit/entity/Player.java,sendMessage
5ee5cae8-643a-4262-92ab-52232c3ec69d,com/division/freeforall/listeners/FFAPlayerListener.java,onPlayerInteract,->,5ee5cae8-643a-4262-92ab-52232c3ec69d,org/bukkit/event/player/PlayerInteractEvent.java,setCancelled
5ee5cae8-643a-4262-92ab-52232c3ec69d,com/division/freeforall/listeners/FFAPlayerListener.java,onPlayerInteract,->,5ee5cae8-643a-4262-92ab-52232c3ec69d,org/bukkit/event/player/PlayerInteractEvent.java,getAction
5ee5cae8-643a-4262-92ab-52232c3ec69d,com/division/freeforall/listeners/FFAPlayerListener.java,onPlayerInteract,->,5ee5cae8-643a-4262-92ab-52232c3ec69d,c5e8277c-a2fb-4fb3-9366-b16154a903cd,"54dbbc46-f200-46b2-8f75-c2cf61f9419d,5469fb69-ac49-4d91-b1d6-8762506c3c4b"
5ee5cae8-643a-4262-92ab-52232c3ec69d,com/division/freeforall/listeners/FFAPlayerListener.java,onPlayerInteract,->,5ee5cae8-643a-4262-92ab-52232c3ec69d,bb4a85df-1ffd-4558-bf54-b8f0603f02f6,c3d24730-c3e9-4a37-9e10-0c97d45aa676
5ee5cae8-643a-4262-92ab-52232c3ec69d,com/division/freeforall/listeners/FFAPlayerListener.java,onPlayerInteract,->,5ee5cae8-643a-4262-92ab-52232c3ec69d,org/bukkit/event/player/PlayerInteractEvent.java,getPlayer
5ee5cae8-643a-4262-92ab-52232c3ec69d,com/division/freeforall/listeners/FFAPlayerListener.java,onPlayerInteract,->,5ee5cae8-643a-4262-92ab-52232c3ec69d,java/lang/StringBuilder.java,append
5ee5cae8-643a-4262-92ab-52232c3ec69d,com/division/freeforall/listeners/FFAPlayerListener.java,onPlayerInteract,->,5ee5cae8-643a-4262-92ab-52232c3ec69d,java/lang/StringBuilder.java,append
5ee5cae8-643a-4262-92ab-52232c3ec69d,com/division/freeforall/listeners/FFAPlayerListener.java,onPlayerInteract,->,5ee5cae8-643a-4262-92ab-52232c3ec69d,c5e8277c-a2fb-4fb3-9366-b16154a903cd,"54dbbc46-f200-46b2-8f75-c2cf61f9419d,5469fb69-ac49-4d91-b1d6-8762506c3c4b"
5ee5cae8-643a-4262-92ab-52232c3ec69d,com/division/freeforall/listeners/FFAPlayerListener.java,onPlayerInteract,->,5ee5cae8-643a-4262-92ab-52232c3ec69d,java/lang/StringBuilder.java,append
5ee5cae8-643a-4262-92ab-52232c3ec69d,com/division/freeforall/listeners/FFAPlayerListener.java,onPlayerInteract,->,5ee5cae8-643a-4262-92ab-52232c3ec69d,java/lang/StringBuilder.java,toString
5ee5cae8-643a-4262-92ab-52232c3ec69d,com/division/freeforall/listeners/FFAPlayerListener.java,onPlayerInteract,->,5ee5cae8-643a-4262-92ab-52232c3ec69d,org/bukkit/entity/Player.java,sendMessage
5ee5cae8-643a-4262-92ab-52232c3ec69d,com/division/freeforall/listeners/FFAPlayerListener.java,onPlayerInteract,->,5ee5cae8-643a-4262-92ab-52232c3ec69d,org/bukkit/event/player/PlayerInteractEvent.java,setCancelled
5ee5cae8-643a-4262-92ab-52232c3ec69d,com/division/freeforall/listeners/FFAPlayerListener.java,onPlayerMoveEvent,->,5ee5cae8-643a-4262-92ab-52232c3ec69d,org/bukkit/event/player/PlayerMoveEvent.java,isCancelled
5ee5cae8-643a-4262-92ab-52232c3ec69d,com/division/freeforall/listeners/FFAPlayerListener.java,onPlayerMoveEvent,->,5ee5cae8-643a-4262-92ab-52232c3ec69d,org/bukkit/event/player/PlayerMoveEvent.java,getFrom
5ee5cae8-643a-4262-92ab-52232c3ec69d,com/division/freeforall/listeners/FFAPlayerListener.java,onPlayerMoveEvent,->,5ee5cae8-643a-4262-92ab-52232c3ec69d,org/bukkit/event/player/PlayerMoveEvent.java,getTo
5ee5cae8-643a-4262-92ab-52232c3ec69d,com/division/freeforall/listeners/FFAPlayerListener.java,onPlayerMoveEvent,->,5ee5cae8-643a-4262-92ab-52232c3ec69d,org/bukkit/Location.java,getBlockX
5ee5cae8-643a-4262-92ab-52232c3ec69d,com/division/freeforall/listeners/FFAPlayerListener.java,onPlayerMoveEvent,->,5ee5cae8-643a-4262-92ab-52232c3ec69d,org/bukkit/Location.java,getBlockX
5ee5cae8-643a-4262-92ab-52232c3ec69d,com/division/freeforall/listeners/FFAPlayerListener.java,onPlayerMoveEvent,->,5ee5cae8-643a-4262-92ab-52232c3ec69d,org/bukkit/Location.java,getBlockY
5ee5cae8-643a-4262-92ab-52232c3ec69d,com/division/freeforall/listeners/FFAPlayerListener.java,onPlayerMoveEvent,->,5ee5cae8-643a-4262-92ab-52232c3ec69d,org/bukkit/Location.java,getBlockY
5ee5cae8-643a-4262-92ab-52232c3ec69d,com/division/freeforall/listeners/FFAPlayerListener.java,onPlayerMoveEvent,->,5ee5cae8-643a-4262-92ab-52232c3ec69d,org/bukkit/Location.java,getBlockZ
5ee5cae8-643a-4262-92ab-52232c3ec69d,com/division/freeforall/listeners/FFAPlayerListener.java,onPlayerMoveEvent,->,5ee5cae8-643a-4262-92ab-52232c3ec69d,org/bukkit/Location.java,getBlockZ
5ee5cae8-643a-4262-92ab-52232c3ec69d,com/division/freeforall/listeners/FFAPlayerListener.java,onPlayerMoveEvent,->,5ee5cae8-643a-4262-92ab-52232c3ec69d,org/bukkit/event/player/PlayerMoveEvent.java,getPlayer
5ee5cae8-643a-4262-92ab-52232c3ec69d,com/division/freeforall/listeners/FFAPlayerListener.java,onPlayerMoveEvent,->,5ee5cae8-643a-4262-92ab-52232c3ec69d,66a50078-13ab-4c91-b773-85494ce9b61e,5b3668de-513b-45ee-80ce-55123ebbfcf3
5ee5cae8-643a-4262-92ab-52232c3ec69d,com/division/freeforall/listeners/FFAPlayerListener.java,onPlayerMoveEvent,->,5ee5cae8-643a-4262-92ab-52232c3ec69d,66a50078-13ab-4c91-b773-85494ce9b61e,47175d25-f066-4ab0-ad6d-8629e7107a71
5ee5cae8-643a-4262-92ab-52232c3ec69d,com/division/freeforall/listeners/FFAPlayerListener.java,onPlayerMoveEvent,->,5ee5cae8-643a-4262-92ab-52232c3ec69d,java/lang/StringBuilder.java,append
5ee5cae8-643a-4262-92ab-52232c3ec69d,com/division/freeforall/listeners/FFAPlayerListener.java,onPlayerMoveEvent,->,5ee5cae8-643a-4262-92ab-52232c3ec69d,java/lang/StringBuilder.java,append
5ee5cae8-643a-4262-92ab-52232c3ec69d,com/division/freeforall/listeners/FFAPlayerListener.java,onPlayerMoveEvent,->,5ee5cae8-643a-4262-92ab-52232c3ec69d,java/lang/StringBuilder.java,toString
5ee5cae8-643a-4262-92ab-52232c3ec69d,com/division/freeforall/listeners/FFAPlayerListener.java,onPlayerMoveEvent,->,5ee5cae8-643a-4262-92ab-52232c3ec69d,org/bukkit/entity/Player.java,sendMessage
5ee5cae8-643a-4262-92ab-52232c3ec69d,com/division/freeforall/listeners/FFAPlayerListener.java,onPlayerMoveEvent,->,5ee5cae8-643a-4262-92ab-52232c3ec69d,66a50078-13ab-4c91-b773-85494ce9b61e,d4ca4a7d-913f-4a30-a79a-dc994f156ed1
5ee5cae8-643a-4262-92ab-52232c3ec69d,com/division/freeforall/listeners/FFAPlayerListener.java,onPlayerMoveEvent,->,5ee5cae8-643a-4262-92ab-52232c3ec69d,java/util/HashMap.java,values
5ee5cae8-643a-4262-92ab-52232c3ec69d,com/division/freeforall/listeners/FFAPlayerListener.java,onPlayerMoveEvent,->,5ee5cae8-643a-4262-92ab-52232c3ec69d,java/util/Collection.java,iterator
5ee5cae8-643a-4262-92ab-52232c3ec69d,com/division/freeforall/listeners/FFAPlayerListener.java,onPlayerMoveEvent,->,5ee5cae8-643a-4262-92ab-52232c3ec69d,java/util/Iterator.java,hasNext
5ee5cae8-643a-4262-92ab-52232c3ec69d,com/division/freeforall/listeners/FFAPlayerListener.java,onPlayerMoveEvent,->,5ee5cae8-643a-4262-92ab-52232c3ec69d,java/util/Iterator.java,next
5ee5cae8-643a-4262-92ab-52232c3ec69d,com/division/freeforall/listeners/FFAPlayerListener.java,onPlayerMoveEvent,->,5ee5cae8-643a-4262-92ab-52232c3ec69d,f9d0189c-feb7-4d80-b419-917ceb822446,3eb38ce4-4f19-44c6-b82e-4e44ead05d67
5ee5cae8-643a-4262-92ab-52232c3ec69d,com/division/freeforall/listeners/FFAPlayerListener.java,onPlayerMoveEvent,->,5ee5cae8-643a-4262-92ab-52232c3ec69d,f9d0189c-feb7-4d80-b419-917ceb822446,1c4dcfb6-4354-4c20-a37e-398a55e9a4b3
5ee5cae8-643a-4262-92ab-52232c3ec69d,com/division/freeforall/listeners/FFAPlayerListener.java,onPlayerMoveEvent,->,5ee5cae8-643a-4262-92ab-52232c3ec69d,c5e8277c-a2fb-4fb3-9366-b16154a903cd,"54dbbc46-f200-46b2-8f75-c2cf61f9419d,5469fb69-ac49-4d91-b1d6-8762506c3c4b"
5ee5cae8-643a-4262-92ab-52232c3ec69d,com/division/freeforall/listeners/FFAPlayerListener.java,onPlayerMoveEvent,->,5ee5cae8-643a-4262-92ab-52232c3ec69d,c5e8277c-a2fb-4fb3-9366-b16154a903cd,"54dbbc46-f200-46b2-8f75-c2cf61f9419d,5469fb69-ac49-4d91-b1d6-8762506c3c4b"
5ee5cae8-643a-4262-92ab-52232c3ec69d,com/division/freeforall/listeners/FFAPlayerListener.java,onPlayerMoveEvent,->,5ee5cae8-643a-4262-92ab-52232c3ec69d,org/bukkit/entity/Player.java,getWorld
5ee5cae8-643a-4262-92ab-52232c3ec69d,com/division/freeforall/listeners/FFAPlayerListener.java,onPlayerMoveEvent,->,5ee5cae8-643a-4262-92ab-52232c3ec69d,4b5581fd-046b-4cf3-a1fa-e508fa091de7,2cd008ad-d0b7-45bd-a31c-826699425954
5ee5cae8-643a-4262-92ab-52232c3ec69d,com/division/freeforall/listeners/FFAPlayerListener.java,onPlayerMoveEvent,->,5ee5cae8-643a-4262-92ab-52232c3ec69d,com/division/freeforall/regions/HealRegion.java,contains
5ee5cae8-643a-4262-92ab-52232c3ec69d,com/division/freeforall/listeners/FFAPlayerListener.java,onPlayerMoveEvent,->,5ee5cae8-643a-4262-92ab-52232c3ec69d,com/division/freeforall/regions/HealRegion.java,contains
5ee5cae8-643a-4262-92ab-52232c3ec69d,com/division/freeforall/listeners/FFAPlayerListener.java,onPlayerMoveEvent,->,5ee5cae8-643a-4262-92ab-52232c3ec69d,java/lang/StringBuilder.java,append
5ee5cae8-643a-4262-92ab-52232c3ec69d,com/division/freeforall/listeners/FFAPlayerListener.java,onPlayerMoveEvent,->,5ee5cae8-643a-4262-92ab-52232c3ec69d,java/lang/StringBuilder.java,append
5ee5cae8-643a-4262-92ab-52232c3ec69d,com/division/freeforall/listeners/FFAPlayerListener.java,onPlayerMoveEvent,->,5ee5cae8-643a-4262-92ab-52232c3ec69d,java/lang/StringBuilder.java,toString
5ee5cae8-643a-4262-92ab-52232c3ec69d,com/division/freeforall/listeners/FFAPlayerListener.java,onPlayerMoveEvent,->,5ee5cae8-643a-4262-92ab-52232c3ec69d,org/bukkit/entity/Player.java,sendMessage
5ee5cae8-643a-4262-92ab-52232c3ec69d,com/division/freeforall/listeners/FFAPlayerListener.java,onPlayerMoveEvent,->,5ee5cae8-643a-4262-92ab-52232c3ec69d,com/division/freeforall/regions/HealRegion.java,contains
5ee5cae8-643a-4262-92ab-52232c3ec69d,com/division/freeforall/listeners/FFAPlayerListener.java,onPlayerMoveEvent,->,5ee5cae8-643a-4262-92ab-52232c3ec69d,com/division/freeforall/regions/HealRegion.java,contains
5ee5cae8-643a-4262-92ab-52232c3ec69d,com/division/freeforall/listeners/FFAPlayerListener.java,onPlayerMoveEvent,->,5ee5cae8-643a-4262-92ab-52232c3ec69d,java/lang/StringBuilder.java,append
5ee5cae8-643a-4262-92ab-52232c3ec69d,com/division/freeforall/listeners/FFAPlayerListener.java,onPlayerMoveEvent,->,5ee5cae8-643a-4262-92ab-52232c3ec69d,java/lang/StringBuilder.java,append
5ee5cae8-643a-4262-92ab-52232c3ec69d,com/division/freeforall/listeners/FFAPlayerListener.java,onPlayerMoveEvent,->,5ee5cae8-643a-4262-92ab-52232c3ec69d,java/lang/StringBuilder.java,toString
5ee5cae8-643a-4262-92ab-52232c3ec69d,com/division/freeforall/listeners/FFAPlayerListener.java,onPlayerMoveEvent,->,5ee5cae8-643a-4262-92ab-52232c3ec69d,org/bukkit/entity/Player.java,sendMessage
5ee5cae8-643a-4262-92ab-52232c3ec69d,com/division/freeforall/listeners/FFAPlayerListener.java,onPlayerMoveEvent,->,5ee5cae8-643a-4262-92ab-52232c3ec69d,4b5581fd-046b-4cf3-a1fa-e508fa091de7,2cd008ad-d0b7-45bd-a31c-826699425954
5ee5cae8-643a-4262-92ab-52232c3ec69d,com/division/freeforall/listeners/FFAPlayerListener.java,onPlayerMoveEvent,->,5ee5cae8-643a-4262-92ab-52232c3ec69d,4b5581fd-046b-4cf3-a1fa-e508fa091de7,2cd008ad-d0b7-45bd-a31c-826699425954
5ee5cae8-643a-4262-92ab-52232c3ec69d,com/division/freeforall/listeners/FFAPlayerListener.java,onPlayerMoveEvent,->,5ee5cae8-643a-4262-92ab-52232c3ec69d,66a50078-13ab-4c91-b773-85494ce9b61e,a0722926-cc9f-48cf-a8d6-851d01a9ff24
5ee5cae8-643a-4262-92ab-52232c3ec69d,com/division/freeforall/listeners/FFAPlayerListener.java,onPlayerMoveEvent,->,5ee5cae8-643a-4262-92ab-52232c3ec69d,com/division/freeforall/core/FreeForAll.java,getServer
5ee5cae8-643a-4262-92ab-52232c3ec69d,com/division/freeforall/listeners/FFAPlayerListener.java,onPlayerMoveEvent,->,5ee5cae8-643a-4262-92ab-52232c3ec69d,org/bukkit/Server.java,getPluginManager
5ee5cae8-643a-4262-92ab-52232c3ec69d,com/division/freeforall/listeners/FFAPlayerListener.java,onPlayerMoveEvent,->,5ee5cae8-643a-4262-92ab-52232c3ec69d,org/bukkit/plugin/PluginManager.java,callEvent
5ee5cae8-643a-4262-92ab-52232c3ec69d,com/division/freeforall/listeners/FFAPlayerListener.java,onPlayerMoveEvent,->,5ee5cae8-643a-4262-92ab-52232c3ec69d,4b5581fd-046b-4cf3-a1fa-e508fa091de7,2cd008ad-d0b7-45bd-a31c-826699425954
5ee5cae8-643a-4262-92ab-52232c3ec69d,com/division/freeforall/listeners/FFAPlayerListener.java,onPlayerMoveEvent,->,5ee5cae8-643a-4262-92ab-52232c3ec69d,4b5581fd-046b-4cf3-a1fa-e508fa091de7,2cd008ad-d0b7-45bd-a31c-826699425954
5ee5cae8-643a-4262-92ab-52232c3ec69d,com/division/freeforall/listeners/FFAPlayerListener.java,onPlayerMoveEvent,->,5ee5cae8-643a-4262-92ab-52232c3ec69d,66a50078-13ab-4c91-b773-85494ce9b61e,a0722926-cc9f-48cf-a8d6-851d01a9ff24
5ee5cae8-643a-4262-92ab-52232c3ec69d,com/division/freeforall/listeners/FFAPlayerListener.java,onPlayerMoveEvent,->,5ee5cae8-643a-4262-92ab-52232c3ec69d,com/division/freeforall/core/FreeForAll.java,getServer
5ee5cae8-643a-4262-92ab-52232c3ec69d,com/division/freeforall/listeners/FFAPlayerListener.java,onPlayerMoveEvent,->,5ee5cae8-643a-4262-92ab-52232c3ec69d,org/bukkit/Server.java,getPluginManager
5ee5cae8-643a-4262-92ab-52232c3ec69d,com/division/freeforall/listeners/FFAPlayerListener.java,onPlayerMoveEvent,->,5ee5cae8-643a-4262-92ab-52232c3ec69d,org/bukkit/plugin/PluginManager.java,callEvent
5ee5cae8-643a-4262-92ab-52232c3ec69d,com/division/freeforall/listeners/FFAPlayerListener.java,onPlayerCommandPreProcess,->,5ee5cae8-643a-4262-92ab-52232c3ec69d,org/bukkit/event/player/PlayerCommandPreprocessEvent.java,getMessage
5ee5cae8-643a-4262-92ab-52232c3ec69d,com/division/freeforall/listeners/FFAPlayerListener.java,onPlayerCommandPreProcess,->,5ee5cae8-643a-4262-92ab-52232c3ec69d,java/lang/String.java,length
5ee5cae8-643a-4262-92ab-52232c3ec69d,com/division/freeforall/listeners/FFAPlayerListener.java,onPlayerCommandPreProcess,->,5ee5cae8-643a-4262-92ab-52232c3ec69d,org/bukkit/event/player/PlayerCommandPreprocessEvent.java,getPlayer
5ee5cae8-643a-4262-92ab-52232c3ec69d,com/division/freeforall/listeners/FFAPlayerListener.java,onPlayerCommandPreProcess,->,5ee5cae8-643a-4262-92ab-52232c3ec69d,org/bukkit/entity/Player.java,hasPermission
5ee5cae8-643a-4262-92ab-52232c3ec69d,com/division/freeforall/listeners/FFAPlayerListener.java,onPlayerCommandPreProcess,->,5ee5cae8-643a-4262-92ab-52232c3ec69d,org/bukkit/event/player/PlayerCommandPreprocessEvent.java,getMessage
5ee5cae8-643a-4262-92ab-52232c3ec69d,com/division/freeforall/listeners/FFAPlayerListener.java,onPlayerCommandPreProcess,->,5ee5cae8-643a-4262-92ab-52232c3ec69d,java/lang/String.java,subSequence
5ee5cae8-643a-4262-92ab-52232c3ec69d,com/division/freeforall/listeners/FFAPlayerListener.java,onPlayerCommandPreProcess,->,5ee5cae8-643a-4262-92ab-52232c3ec69d,java/lang/Object.java,equals
5ee5cae8-643a-4262-92ab-52232c3ec69d,com/division/freeforall/listeners/FFAPlayerListener.java,onPlayerCommandPreProcess,->,5ee5cae8-643a-4262-92ab-52232c3ec69d,org/bukkit/event/player/PlayerCommandPreprocessEvent.java,getPlayer
5ee5cae8-643a-4262-92ab-52232c3ec69d,com/division/freeforall/listeners/FFAPlayerListener.java,onPlayerCommandPreProcess,->,5ee5cae8-643a-4262-92ab-52232c3ec69d,org/bukkit/entity/Player.java,getWorld
5ee5cae8-643a-4262-92ab-52232c3ec69d,com/division/freeforall/listeners/FFAPlayerListener.java,onPlayerCommandPreProcess,->,5ee5cae8-643a-4262-92ab-52232c3ec69d,org/bukkit/event/player/PlayerCommandPreprocessEvent.java,getPlayer
5ee5cae8-643a-4262-92ab-52232c3ec69d,com/division/freeforall/listeners/FFAPlayerListener.java,onPlayerCommandPreProcess,->,5ee5cae8-643a-4262-92ab-52232c3ec69d,org/bukkit/entity/Player.java,getLocation
5ee5cae8-643a-4262-92ab-52232c3ec69d,com/division/freeforall/listeners/FFAPlayerListener.java,onPlayerCommandPreProcess,->,5ee5cae8-643a-4262-92ab-52232c3ec69d,c5e8277c-a2fb-4fb3-9366-b16154a903cd,"54dbbc46-f200-46b2-8f75-c2cf61f9419d,5469fb69-ac49-4d91-b1d6-8762506c3c4b"
5ee5cae8-643a-4262-92ab-52232c3ec69d,com/division/freeforall/listeners/FFAPlayerListener.java,onPlayerCommandPreProcess,->,5ee5cae8-643a-4262-92ab-52232c3ec69d,com/division/freeforall/listeners/FFAPlayerListener.java,isInArena
5ee5cae8-643a-4262-92ab-52232c3ec69d,com/division/freeforall/listeners/FFAPlayerListener.java,onPlayerCommandPreProcess,->,5ee5cae8-643a-4262-92ab-52232c3ec69d,org/bukkit/event/player/PlayerCommandPreprocessEvent.java,setCancelled
5ee5cae8-643a-4262-92ab-52232c3ec69d,com/division/freeforall/listeners/FFAPlayerListener.java,onPlayerCommandPreProcess,->,5ee5cae8-643a-4262-92ab-52232c3ec69d,org/bukkit/event/player/PlayerCommandPreprocessEvent.java,getPlayer
5ee5cae8-643a-4262-92ab-52232c3ec69d,com/division/freeforall/listeners/FFAPlayerListener.java,onPlayerCommandPreProcess,->,5ee5cae8-643a-4262-92ab-52232c3ec69d,java/lang/StringBuilder.java,append
5ee5cae8-643a-4262-92ab-52232c3ec69d,com/division/freeforall/listeners/FFAPlayerListener.java,onPlayerCommandPreProcess,->,5ee5cae8-643a-4262-92ab-52232c3ec69d,java/lang/StringBuilder.java,append
5ee5cae8-643a-4262-92ab-52232c3ec69d,com/division/freeforall/listeners/FFAPlayerListener.java,onPlayerCommandPreProcess,->,5ee5cae8-643a-4262-92ab-52232c3ec69d,java/lang/StringBuilder.java,toString
5ee5cae8-643a-4262-92ab-52232c3ec69d,com/division/freeforall/listeners/FFAPlayerListener.java,onPlayerCommandPreProcess,->,5ee5cae8-643a-4262-92ab-52232c3ec69d,org/bukkit/entity/Player.java,sendMessage
5ee5cae8-643a-4262-92ab-52232c3ec69d,com/division/freeforall/listeners/FFAPlayerListener.java,onPlayerDeath,->,5ee5cae8-643a-4262-92ab-52232c3ec69d,org/bukkit/event/entity/PlayerDeathEvent.java,getEntity
5ee5cae8-643a-4262-92ab-52232c3ec69d,com/division/freeforall/listeners/FFAPlayerListener.java,onPlayerDeath,->,5ee5cae8-643a-4262-92ab-52232c3ec69d,org/bukkit/entity/Player.java,getWorld
5ee5cae8-643a-4262-92ab-52232c3ec69d,com/division/freeforall/listeners/FFAPlayerListener.java,onPlayerDeath,->,5ee5cae8-643a-4262-92ab-52232c3ec69d,org/bukkit/entity/Player.java,getLocation
5ee5cae8-643a-4262-92ab-52232c3ec69d,com/division/freeforall/listeners/FFAPlayerListener.java,onPlayerDeath,->,5ee5cae8-643a-4262-92ab-52232c3ec69d,c5e8277c-a2fb-4fb3-9366-b16154a903cd,"54dbbc46-f200-46b2-8f75-c2cf61f9419d,5469fb69-ac49-4d91-b1d6-8762506c3c4b"
5ee5cae8-643a-4262-92ab-52232c3ec69d,com/division/freeforall/listeners/FFAPlayerListener.java,onPlayerDeath,->,5ee5cae8-643a-4262-92ab-52232c3ec69d,com/division/freeforall/listeners/FFAPlayerListener.java,isInArena
5ee5cae8-643a-4262-92ab-52232c3ec69d,com/division/freeforall/listeners/FFAPlayerListener.java,onPlayerDeath,->,5ee5cae8-643a-4262-92ab-52232c3ec69d,org/bukkit/event/entity/PlayerDeathEvent.java,getDrops
5ee5cae8-643a-4262-92ab-52232c3ec69d,com/division/freeforall/listeners/FFAPlayerListener.java,onPlayerDeath,->,5ee5cae8-643a-4262-92ab-52232c3ec69d,java/util/List.java,clear
5ee5cae8-643a-4262-92ab-52232c3ec69d,com/division/freeforall/listeners/FFAPlayerListener.java,onPlayerDeath,->,5ee5cae8-643a-4262-92ab-52232c3ec69d,org/bukkit/entity/Player.java,getLastDamageCause
5ee5cae8-643a-4262-92ab-52232c3ec69d,com/division/freeforall/listeners/FFAPlayerListener.java,onPlayerDeath,->,5ee5cae8-643a-4262-92ab-52232c3ec69d,org/bukkit/event/entity/EntityDamageByEntityEvent.java,getDamager
5ee5cae8-643a-4262-92ab-52232c3ec69d,com/division/freeforall/listeners/FFAPlayerListener.java,onPlayerDeath,->,5ee5cae8-643a-4262-92ab-52232c3ec69d,org/bukkit/entity/Player.java,getKiller
5ee5cae8-643a-4262-92ab-52232c3ec69d,com/division/freeforall/listeners/FFAPlayerListener.java,onPlayerDeath,->,5ee5cae8-643a-4262-92ab-52232c3ec69d,com/division/freeforall/core/FreeForAll.java,getServer
5ee5cae8-643a-4262-92ab-52232c3ec69d,com/division/freeforall/listeners/FFAPlayerListener.java,onPlayerDeath,->,5ee5cae8-643a-4262-92ab-52232c3ec69d,org/bukkit/Server.java,getPluginManager
5ee5cae8-643a-4262-92ab-52232c3ec69d,com/division/freeforall/listeners/FFAPlayerListener.java,onPlayerDeath,->,5ee5cae8-643a-4262-92ab-52232c3ec69d,org/bukkit/event/entity/EntityDamageByEntityEvent.java,getDamager
5ee5cae8-643a-4262-92ab-52232c3ec69d,com/division/freeforall/listeners/FFAPlayerListener.java,onPlayerDeath,->,5ee5cae8-643a-4262-92ab-52232c3ec69d,org/bukkit/event/entity/EntityDamageByEntityEvent.java,getDamager
5ee5cae8-643a-4262-92ab-52232c3ec69d,com/division/freeforall/listeners/FFAPlayerListener.java,onPlayerDeath,->,5ee5cae8-643a-4262-92ab-52232c3ec69d,org/bukkit/entity/Player.java,getKiller
5ee5cae8-643a-4262-92ab-52232c3ec69d,com/division/freeforall/listeners/FFAPlayerListener.java,onPlayerDeath,->,5ee5cae8-643a-4262-92ab-52232c3ec69d,org/bukkit/plugin/PluginManager.java,callEvent
5ee5cae8-643a-4262-92ab-52232c3ec69d,com/division/freeforall/listeners/FFAPlayerListener.java,onPlayerDeath,->,5ee5cae8-643a-4262-92ab-52232c3ec69d,com/division/freeforall/core/FreeForAll.java,getServer
5ee5cae8-643a-4262-92ab-52232c3ec69d,com/division/freeforall/listeners/FFAPlayerListener.java,onPlayerDeath,->,5ee5cae8-643a-4262-92ab-52232c3ec69d,org/bukkit/Server.java,getPluginManager
5ee5cae8-643a-4262-92ab-52232c3ec69d,com/division/freeforall/listeners/FFAPlayerListener.java,onPlayerDeath,->,5ee5cae8-643a-4262-92ab-52232c3ec69d,org/bukkit/plugin/PluginManager.java,callEvent
5ee5cae8-643a-4262-92ab-52232c3ec69d,com/division/freeforall/listeners/FFAPlayerListener.java,onPlayerDeath,->,5ee5cae8-643a-4262-92ab-52232c3ec69d,com/division/freeforall/core/FreeForAll.java,getServer
5ee5cae8-643a-4262-92ab-52232c3ec69d,com/division/freeforall/listeners/FFAPlayerListener.java,onPlayerDeath,->,5ee5cae8-643a-4262-92ab-52232c3ec69d,org/bukkit/Server.java,getPluginManager
5ee5cae8-643a-4262-92ab-52232c3ec69d,com/division/freeforall/listeners/FFAPlayerListener.java,onPlayerDeath,->,5ee5cae8-643a-4262-92ab-52232c3ec69d,org/bukkit/plugin/PluginManager.java,callEvent
5ee5cae8-643a-4262-92ab-52232c3ec69d,com/division/freeforall/listeners/FFAPlayerListener.java,drag,->,5ee5cae8-643a-4262-92ab-52232c3ec69d,org/bukkit/event/inventory/InventoryDragEvent.java,getInventory
5ee5cae8-643a-4262-92ab-52232c3ec69d,com/division/freeforall/listeners/FFAPlayerListener.java,drag,->,5ee5cae8-643a-4262-92ab-52232c3ec69d,org/bukkit/inventory/Inventory.java,getName
5ee5cae8-643a-4262-92ab-52232c3ec69d,com/division/freeforall/listeners/FFAPlayerListener.java,drag,->,5ee5cae8-643a-4262-92ab-52232c3ec69d,java/lang/String.java,equals
5ee5cae8-643a-4262-92ab-52232c3ec69d,com/division/freeforall/listeners/FFAPlayerListener.java,inventoryClick,->,5ee5cae8-643a-4262-92ab-52232c3ec69d,org/bukkit/event/inventory/InventoryClickEvent.java,getInventory
5ee5cae8-643a-4262-92ab-52232c3ec69d,com/division/freeforall/listeners/FFAPlayerListener.java,inventoryClick,->,5ee5cae8-643a-4262-92ab-52232c3ec69d,org/bukkit/inventory/Inventory.java,getName
5ee5cae8-643a-4262-92ab-52232c3ec69d,com/division/freeforall/listeners/FFAPlayerListener.java,inventoryClick,->,5ee5cae8-643a-4262-92ab-52232c3ec69d,java/lang/String.java,equals
5ee5cae8-643a-4262-92ab-52232c3ec69d,com/division/freeforall/listeners/FFAPlayerListener.java,inventoryClick,->,5ee5cae8-643a-4262-92ab-52232c3ec69d,org/bukkit/event/inventory/InventoryClickEvent.java,setCancelled
5ee5cae8-643a-4262-92ab-52232c3ec69d,com/division/freeforall/listeners/FFAPlayerListener.java,inventoryClick,->,5ee5cae8-643a-4262-92ab-52232c3ec69d,org/bukkit/event/inventory/InventoryClickEvent.java,isShiftClick
5ee5cae8-643a-4262-92ab-52232c3ec69d,com/division/freeforall/listeners/FFAPlayerListener.java,inventoryClick,->,5ee5cae8-643a-4262-92ab-52232c3ec69d,org/bukkit/event/inventory/InventoryClickEvent.java,getCurrentItem
5ee5cae8-643a-4262-92ab-52232c3ec69d,com/division/freeforall/listeners/FFAPlayerListener.java,inventoryClick,->,5ee5cae8-643a-4262-92ab-52232c3ec69d,org/bukkit/event/inventory/InventoryClickEvent.java,getCurrentItem
5ee5cae8-643a-4262-92ab-52232c3ec69d,com/division/freeforall/listeners/FFAPlayerListener.java,inventoryClick,->,5ee5cae8-643a-4262-92ab-52232c3ec69d,org/bukkit/inventory/ItemStack.java,getType
5ee5cae8-643a-4262-92ab-52232c3ec69d,com/division/freeforall/listeners/FFAPlayerListener.java,inventoryClick,->,5ee5cae8-643a-4262-92ab-52232c3ec69d,org/bukkit/Material.java,equals
5ee5cae8-643a-4262-92ab-52232c3ec69d,com/division/freeforall/listeners/FFAPlayerListener.java,inventoryClick,->,5ee5cae8-643a-4262-92ab-52232c3ec69d,org/bukkit/event/inventory/InventoryClickEvent.java,getCurrentItem
5ee5cae8-643a-4262-92ab-52232c3ec69d,com/division/freeforall/listeners/FFAPlayerListener.java,inventoryClick,->,5ee5cae8-643a-4262-92ab-52232c3ec69d,org/bukkit/inventory/ItemStack.java,hasItemMeta
5ee5cae8-643a-4262-92ab-52232c3ec69d,com/division/freeforall/listeners/FFAPlayerListener.java,inventoryClick,->,5ee5cae8-643a-4262-92ab-52232c3ec69d,org/bukkit/event/inventory/InventoryClickEvent.java,getCurrentItem
5ee5cae8-643a-4262-92ab-52232c3ec69d,com/division/freeforall/listeners/FFAPlayerListener.java,inventoryClick,->,5ee5cae8-643a-4262-92ab-52232c3ec69d,org/bukkit/inventory/ItemStack.java,getItemMeta
5ee5cae8-643a-4262-92ab-52232c3ec69d,com/division/freeforall/listeners/FFAPlayerListener.java,inventoryClick,->,5ee5cae8-643a-4262-92ab-52232c3ec69d,org/bukkit/inventory/meta/ItemMeta.java,hasDisplayName
5ee5cae8-643a-4262-92ab-52232c3ec69d,com/division/freeforall/listeners/FFAPlayerListener.java,inventoryClick,->,5ee5cae8-643a-4262-92ab-52232c3ec69d,org/bukkit/event/inventory/InventoryClickEvent.java,getCurrentItem
5ee5cae8-643a-4262-92ab-52232c3ec69d,com/division/freeforall/listeners/FFAPlayerListener.java,inventoryClick,->,5ee5cae8-643a-4262-92ab-52232c3ec69d,org/bukkit/inventory/ItemStack.java,getItemMeta
5ee5cae8-643a-4262-92ab-52232c3ec69d,com/division/freeforall/listeners/FFAPlayerListener.java,inventoryClick,->,5ee5cae8-643a-4262-92ab-52232c3ec69d,org/bukkit/inventory/meta/ItemMeta.java,getDisplayName
5ee5cae8-643a-4262-92ab-52232c3ec69d,com/division/freeforall/listeners/FFAPlayerListener.java,inventoryClick,->,5ee5cae8-643a-4262-92ab-52232c3ec69d,66a50078-13ab-4c91-b773-85494ce9b61e,80607e8a-173a-425c-9995-7c36cc3e0421
5ee5cae8-643a-4262-92ab-52232c3ec69d,com/division/freeforall/listeners/FFAPlayerListener.java,inventoryClick,->,5ee5cae8-643a-4262-92ab-52232c3ec69d,com/division/freeforall/core/FreeForAll.java,getServer
5ee5cae8-643a-4262-92ab-52232c3ec69d,com/division/freeforall/listeners/FFAPlayerListener.java,inventoryClick,->,5ee5cae8-643a-4262-92ab-52232c3ec69d,org/bukkit/event/inventory/InventoryClickEvent.java,getWhoClicked
5ee5cae8-643a-4262-92ab-52232c3ec69d,com/division/freeforall/listeners/FFAPlayerListener.java,inventoryClick,->,5ee5cae8-643a-4262-92ab-52232c3ec69d,java/lang/StringBuilder.java,append
5ee5cae8-643a-4262-92ab-52232c3ec69d,com/division/freeforall/listeners/FFAPlayerListener.java,inventoryClick,->,5ee5cae8-643a-4262-92ab-52232c3ec69d,java/lang/StringBuilder.java,append
5ee5cae8-643a-4262-92ab-52232c3ec69d,com/division/freeforall/listeners/FFAPlayerListener.java,inventoryClick,->,5ee5cae8-643a-4262-92ab-52232c3ec69d,java/lang/StringBuilder.java,toString
5ee5cae8-643a-4262-92ab-52232c3ec69d,com/division/freeforall/listeners/FFAPlayerListener.java,inventoryClick,->,5ee5cae8-643a-4262-92ab-52232c3ec69d,org/bukkit/Server.java,dispatchCommand
5ee5cae8-643a-4262-92ab-52232c3ec69d,com/division/freeforall/listeners/FFAPlayerListener.java,inventoryClick,->,5ee5cae8-643a-4262-92ab-52232c3ec69d,com/division/freeforall/listeners/FFAPlayerListener$1.java,runTask
5ee5cae8-643a-4262-92ab-52232c3ec69d,com/division/freeforall/listeners/FFAPlayerListener.java,onPlayerDrop,->,5ee5cae8-643a-4262-92ab-52232c3ec69d,org/bukkit/event/player/PlayerDropItemEvent.java,getPlayer
5ee5cae8-643a-4262-92ab-52232c3ec69d,com/division/freeforall/listeners/FFAPlayerListener.java,onPlayerDrop,->,5ee5cae8-643a-4262-92ab-52232c3ec69d,org/bukkit/entity/Player.java,getWorld
5ee5cae8-643a-4262-92ab-52232c3ec69d,com/division/freeforall/listeners/FFAPlayerListener.java,onPlayerDrop,->,5ee5cae8-643a-4262-92ab-52232c3ec69d,org/bukkit/event/player/PlayerDropItemEvent.java,getPlayer
5ee5cae8-643a-4262-92ab-52232c3ec69d,com/division/freeforall/listeners/FFAPlayerListener.java,onPlayerDrop,->,5ee5cae8-643a-4262-92ab-52232c3ec69d,org/bukkit/entity/Player.java,getLocation
5ee5cae8-643a-4262-92ab-52232c3ec69d,com/division/freeforall/listeners/FFAPlayerListener.java,onPlayerDrop,->,5ee5cae8-643a-4262-92ab-52232c3ec69d,c5e8277c-a2fb-4fb3-9366-b16154a903cd,"54dbbc46-f200-46b2-8f75-c2cf61f9419d,5469fb69-ac49-4d91-b1d6-8762506c3c4b"
5ee5cae8-643a-4262-92ab-52232c3ec69d,com/division/freeforall/listeners/FFAPlayerListener.java,onPlayerDrop,->,5ee5cae8-643a-4262-92ab-52232c3ec69d,com/division/freeforall/listeners/FFAPlayerListener.java,isInArena
5ee5cae8-643a-4262-92ab-52232c3ec69d,com/division/freeforall/listeners/FFAPlayerListener.java,onPlayerDrop,->,5ee5cae8-643a-4262-92ab-52232c3ec69d,org/bukkit/event/player/PlayerDropItemEvent.java,setCancelled
5ee5cae8-643a-4262-92ab-52232c3ec69d,com/division/freeforall/listeners/FFAPlayerListener.java,onPlayerDrop,->,5ee5cae8-643a-4262-92ab-52232c3ec69d,org/bukkit/event/player/PlayerDropItemEvent.java,getItemDrop
5ee5cae8-643a-4262-92ab-52232c3ec69d,com/division/freeforall/listeners/FFAPlayerListener.java,onPlayerDrop,->,5ee5cae8-643a-4262-92ab-52232c3ec69d,org/bukkit/entity/Item.java,remove
5ee5cae8-643a-4262-92ab-52232c3ec69d,com/division/freeforall/listeners/FFAPlayerListener.java,onPlayerDrop,->,5ee5cae8-643a-4262-92ab-52232c3ec69d,org/bukkit/event/player/PlayerDropItemEvent.java,getPlayer
5ee5cae8-643a-4262-92ab-52232c3ec69d,com/division/freeforall/listeners/FFAPlayerListener.java,onPlayerDrop,->,5ee5cae8-643a-4262-92ab-52232c3ec69d,org/bukkit/entity/Player.java,updateInventory
5ee5cae8-643a-4262-92ab-52232c3ec69d,com/division/freeforall/listeners/FFAPlayerListener.java,onPlayerDrop,->,5ee5cae8-643a-4262-92ab-52232c3ec69d,org/bukkit/event/player/PlayerDropItemEvent.java,getPlayer
5ee5cae8-643a-4262-92ab-52232c3ec69d,com/division/freeforall/listeners/FFAPlayerListener.java,onPlayerDrop,->,5ee5cae8-643a-4262-92ab-52232c3ec69d,java/lang/StringBuilder.java,append
5ee5cae8-643a-4262-92ab-52232c3ec69d,com/division/freeforall/listeners/FFAPlayerListener.java,onPlayerDrop,->,5ee5cae8-643a-4262-92ab-52232c3ec69d,java/lang/StringBuilder.java,append
5ee5cae8-643a-4262-92ab-52232c3ec69d,com/division/freeforall/listeners/FFAPlayerListener.java,onPlayerDrop,->,5ee5cae8-643a-4262-92ab-52232c3ec69d,java/lang/StringBuilder.java,toString
5ee5cae8-643a-4262-92ab-52232c3ec69d,com/division/freeforall/listeners/FFAPlayerListener.java,onPlayerDrop,->,5ee5cae8-643a-4262-92ab-52232c3ec69d,org/bukkit/entity/Player.java,sendMessage
5ee5cae8-643a-4262-92ab-52232c3ec69d,com/division/freeforall/listeners/FFAPlayerListener.java,onPlayerBreak,->,5ee5cae8-643a-4262-92ab-52232c3ec69d,org/bukkit/event/block/BlockBreakEvent.java,getPlayer
5ee5cae8-643a-4262-92ab-52232c3ec69d,com/division/freeforall/listeners/FFAPlayerListener.java,onPlayerBreak,->,5ee5cae8-643a-4262-92ab-52232c3ec69d,org/bukkit/entity/Player.java,hasPermission
5ee5cae8-643a-4262-92ab-52232c3ec69d,com/division/freeforall/listeners/FFAPlayerListener.java,onPlayerBreak,->,5ee5cae8-643a-4262-92ab-52232c3ec69d,org/bukkit/event/block/BlockBreakEvent.java,getPlayer
5ee5cae8-643a-4262-92ab-52232c3ec69d,com/division/freeforall/listeners/FFAPlayerListener.java,onPlayerBreak,->,5ee5cae8-643a-4262-92ab-52232c3ec69d,org/bukkit/entity/Player.java,getItemInHand
5ee5cae8-643a-4262-92ab-52232c3ec69d,com/division/freeforall/listeners/FFAPlayerListener.java,onPlayerBreak,->,5ee5cae8-643a-4262-92ab-52232c3ec69d,org/bukkit/inventory/ItemStack.java,getType
5ee5cae8-643a-4262-92ab-52232c3ec69d,com/division/freeforall/listeners/FFAPlayerListener.java,onPlayerBreak,->,5ee5cae8-643a-4262-92ab-52232c3ec69d,org/bukkit/event/block/BlockBreakEvent.java,setCancelled
5ee5cae8-643a-4262-92ab-52232c3ec69d,com/division/freeforall/listeners/FFAPlayerListener.java,onPlayerRespawn,->,5ee5cae8-643a-4262-92ab-52232c3ec69d,org/bukkit/event/player/PlayerRespawnEvent.java,getPlayer
5ee5cae8-643a-4262-92ab-52232c3ec69d,com/division/freeforall/listeners/FFAPlayerListener.java,onPlayerRespawn,->,5ee5cae8-643a-4262-92ab-52232c3ec69d,org/bukkit/entity/Player.java,getWorld
5ee5cae8-643a-4262-92ab-52232c3ec69d,com/division/freeforall/listeners/FFAPlayerListener.java,onPlayerRespawn,->,5ee5cae8-643a-4262-92ab-52232c3ec69d,org/bukkit/event/player/PlayerRespawnEvent.java,getRespawnLocation
5ee5cae8-643a-4262-92ab-52232c3ec69d,com/division/freeforall/listeners/FFAPlayerListener.java,onPlayerRespawn,->,5ee5cae8-643a-4262-92ab-52232c3ec69d,c5e8277c-a2fb-4fb3-9366-b16154a903cd,"54dbbc46-f200-46b2-8f75-c2cf61f9419d,5469fb69-ac49-4d91-b1d6-8762506c3c4b"
5ee5cae8-643a-4262-92ab-52232c3ec69d,com/division/freeforall/listeners/FFAPlayerListener.java,onPlayerRespawn,->,5ee5cae8-643a-4262-92ab-52232c3ec69d,com/division/freeforall/listeners/FFAPlayerListener.java,isInArena
5ee5cae8-643a-4262-92ab-52232c3ec69d,com/division/freeforall/listeners/FFAPlayerListener.java,onPlayerRespawn,->,5ee5cae8-643a-4262-92ab-52232c3ec69d,com/division/freeforall/core/FreeForAll.java,getServer
5ee5cae8-643a-4262-92ab-52232c3ec69d,com/division/freeforall/listeners/FFAPlayerListener.java,onPlayerRespawn,->,5ee5cae8-643a-4262-92ab-52232c3ec69d,org/bukkit/Server.java,getPluginManager
5ee5cae8-643a-4262-92ab-52232c3ec69d,com/division/freeforall/listeners/FFAPlayerListener.java,onPlayerRespawn,->,5ee5cae8-643a-4262-92ab-52232c3ec69d,org/bukkit/plugin/PluginManager.java,callEvent
5ee5cae8-643a-4262-92ab-52232c3ec69d,com/division/freeforall/listeners/FFAPlayerListener.java,onPlayerRespawn,->,5ee5cae8-643a-4262-92ab-52232c3ec69d,com/division/freeforall/core/FreeForAll.java,getServer
5ee5cae8-643a-4262-92ab-52232c3ec69d,com/division/freeforall/listeners/FFAPlayerListener.java,onPlayerRespawn,->,5ee5cae8-643a-4262-92ab-52232c3ec69d,org/bukkit/Server.java,getPluginManager
5ee5cae8-643a-4262-92ab-52232c3ec69d,com/division/freeforall/listeners/FFAPlayerListener.java,onPlayerRespawn,->,5ee5cae8-643a-4262-92ab-52232c3ec69d,org/bukkit/plugin/PluginManager.java,callEvent
5ee5cae8-643a-4262-92ab-52232c3ec69d,com/division/freeforall/listeners/FFAPlayerListener.java,onPlayerTeleport,->,5ee5cae8-643a-4262-92ab-52232c3ec69d,org/bukkit/event/player/PlayerTeleportEvent.java,isCancelled
5ee5cae8-643a-4262-92ab-52232c3ec69d,com/division/freeforall/listeners/FFAPlayerListener.java,onPlayerTeleport,->,5ee5cae8-643a-4262-92ab-52232c3ec69d,org/bukkit/event/player/PlayerTeleportEvent.java,getPlayer
5ee5cae8-643a-4262-92ab-52232c3ec69d,com/division/freeforall/listeners/FFAPlayerListener.java,onPlayerTeleport,->,5ee5cae8-643a-4262-92ab-52232c3ec69d,org/bukkit/event/player/PlayerTeleportEvent.java,getTo
5ee5cae8-643a-4262-92ab-52232c3ec69d,com/division/freeforall/listeners/FFAPlayerListener.java,onPlayerTeleport,->,5ee5cae8-643a-4262-92ab-52232c3ec69d,org/bukkit/Location.java,getWorld
5ee5cae8-643a-4262-92ab-52232c3ec69d,com/division/freeforall/listeners/FFAPlayerListener.java,onPlayerTeleport,->,5ee5cae8-643a-4262-92ab-52232c3ec69d,org/bukkit/event/player/PlayerTeleportEvent.java,getTo
5ee5cae8-643a-4262-92ab-52232c3ec69d,com/division/freeforall/listeners/FFAPlayerListener.java,onPlayerTeleport,->,5ee5cae8-643a-4262-92ab-52232c3ec69d,c5e8277c-a2fb-4fb3-9366-b16154a903cd,"54dbbc46-f200-46b2-8f75-c2cf61f9419d,5469fb69-ac49-4d91-b1d6-8762506c3c4b"
5ee5cae8-643a-4262-92ab-52232c3ec69d,com/division/freeforall/listeners/FFAPlayerListener.java,onPlayerTeleport,->,5ee5cae8-643a-4262-92ab-52232c3ec69d,org/bukkit/event/player/PlayerTeleportEvent.java,getPlayer
5ee5cae8-643a-4262-92ab-52232c3ec69d,com/division/freeforall/listeners/FFAPlayerListener.java,onPlayerTeleport,->,5ee5cae8-643a-4262-92ab-52232c3ec69d,org/bukkit/entity/Player.java,getLocation
5ee5cae8-643a-4262-92ab-52232c3ec69d,com/division/freeforall/listeners/FFAPlayerListener.java,onPlayerTeleport,->,5ee5cae8-643a-4262-92ab-52232c3ec69d,c5e8277c-a2fb-4fb3-9366-b16154a903cd,"54dbbc46-f200-46b2-8f75-c2cf61f9419d,5469fb69-ac49-4d91-b1d6-8762506c3c4b"
5ee5cae8-643a-4262-92ab-52232c3ec69d,com/division/freeforall/listeners/FFAPlayerListener.java,onPlayerTeleport,->,5ee5cae8-643a-4262-92ab-52232c3ec69d,com/division/freeforall/listeners/FFAPlayerListener.java,isInArena
5ee5cae8-643a-4262-92ab-52232c3ec69d,com/division/freeforall/listeners/FFAPlayerListener.java,onPlayerTeleport,->,5ee5cae8-643a-4262-92ab-52232c3ec69d,org/bukkit/event/player/PlayerTeleportEvent.java,setCancelled
5ee5cae8-643a-4262-92ab-52232c3ec69d,com/division/freeforall/listeners/FFAPlayerListener.java,onPlayerTeleport,->,5ee5cae8-643a-4262-92ab-52232c3ec69d,com/division/freeforall/listeners/FFAPlayerListener.java,isInArena
5ee5cae8-643a-4262-92ab-52232c3ec69d,com/division/freeforall/listeners/FFAPlayerListener.java,onPlayerTeleport,->,5ee5cae8-643a-4262-92ab-52232c3ec69d,com/division/freeforall/core/FreeForAll.java,getServer
5ee5cae8-643a-4262-92ab-52232c3ec69d,com/division/freeforall/listeners/FFAPlayerListener.java,onPlayerTeleport,->,5ee5cae8-643a-4262-92ab-52232c3ec69d,org/bukkit/Server.java,getPluginManager
5ee5cae8-643a-4262-92ab-52232c3ec69d,com/division/freeforall/listeners/FFAPlayerListener.java,onPlayerTeleport,->,5ee5cae8-643a-4262-92ab-52232c3ec69d,org/bukkit/plugin/PluginManager.java,callEvent
5ee5cae8-643a-4262-92ab-52232c3ec69d,com/division/freeforall/listeners/FFAPlayerListener.java,onPlayerTeleport,->,5ee5cae8-643a-4262-92ab-52232c3ec69d,com/division/freeforall/listeners/FFAPlayerListener.java,isInArena
5ee5cae8-643a-4262-92ab-52232c3ec69d,com/division/freeforall/listeners/FFAPlayerListener.java,onPlayerTeleport,->,5ee5cae8-643a-4262-92ab-52232c3ec69d,com/division/freeforall/core/FreeForAll.java,getServer
5ee5cae8-643a-4262-92ab-52232c3ec69d,com/division/freeforall/listeners/FFAPlayerListener.java,onPlayerTeleport,->,5ee5cae8-643a-4262-92ab-52232c3ec69d,org/bukkit/Server.java,getPluginManager
5ee5cae8-643a-4262-92ab-52232c3ec69d,com/division/freeforall/listeners/FFAPlayerListener.java,onPlayerTeleport,->,5ee5cae8-643a-4262-92ab-52232c3ec69d,org/bukkit/plugin/PluginManager.java,callEvent
5ee5cae8-643a-4262-92ab-52232c3ec69d,com/division/freeforall/listeners/FFAPlayerListener.java,onPlayerKick,->,5ee5cae8-643a-4262-92ab-52232c3ec69d,org/bukkit/event/player/PlayerKickEvent.java,getPlayer
5ee5cae8-643a-4262-92ab-52232c3ec69d,com/division/freeforall/listeners/FFAPlayerListener.java,onPlayerKick,->,5ee5cae8-643a-4262-92ab-52232c3ec69d,org/bukkit/entity/Player.java,getWorld
5ee5cae8-643a-4262-92ab-52232c3ec69d,com/division/freeforall/listeners/FFAPlayerListener.java,onPlayerKick,->,5ee5cae8-643a-4262-92ab-52232c3ec69d,org/bukkit/entity/Player.java,getLocation
5ee5cae8-643a-4262-92ab-52232c3ec69d,com/division/freeforall/listeners/FFAPlayerListener.java,onPlayerKick,->,5ee5cae8-643a-4262-92ab-52232c3ec69d,c5e8277c-a2fb-4fb3-9366-b16154a903cd,"54dbbc46-f200-46b2-8f75-c2cf61f9419d,5469fb69-ac49-4d91-b1d6-8762506c3c4b"
5ee5cae8-643a-4262-92ab-52232c3ec69d,com/division/freeforall/listeners/FFAPlayerListener.java,onPlayerKick,->,5ee5cae8-643a-4262-92ab-52232c3ec69d,com/division/freeforall/listeners/FFAPlayerListener.java,isInArena
5ee5cae8-643a-4262-92ab-52232c3ec69d,com/division/freeforall/listeners/FFAPlayerListener.java,onPlayerKick,->,5ee5cae8-643a-4262-92ab-52232c3ec69d,com/division/freeforall/core/FreeForAll.java,getServer
5ee5cae8-643a-4262-92ab-52232c3ec69d,com/division/freeforall/listeners/FFAPlayerListener.java,onPlayerKick,->,5ee5cae8-643a-4262-92ab-52232c3ec69d,org/bukkit/Server.java,getPluginManager
5ee5cae8-643a-4262-92ab-52232c3ec69d,com/division/freeforall/listeners/FFAPlayerListener.java,onPlayerKick,->,5ee5cae8-643a-4262-92ab-52232c3ec69d,org/bukkit/plugin/PluginManager.java,callEvent
5ee5cae8-643a-4262-92ab-52232c3ec69d,com/division/freeforall/listeners/FFAPlayerListener.java,onPlayerQuit,->,5ee5cae8-643a-4262-92ab-52232c3ec69d,org/bukkit/event/player/PlayerQuitEvent.java,getPlayer
5ee5cae8-643a-4262-92ab-52232c3ec69d,com/division/freeforall/listeners/FFAPlayerListener.java,onPlayerQuit,->,5ee5cae8-643a-4262-92ab-52232c3ec69d,org/bukkit/entity/Player.java,getWorld
5ee5cae8-643a-4262-92ab-52232c3ec69d,com/division/freeforall/listeners/FFAPlayerListener.java,onPlayerQuit,->,5ee5cae8-643a-4262-92ab-52232c3ec69d,org/bukkit/entity/Player.java,getLocation
5ee5cae8-643a-4262-92ab-52232c3ec69d,com/division/freeforall/listeners/FFAPlayerListener.java,onPlayerQuit,->,5ee5cae8-643a-4262-92ab-52232c3ec69d,c5e8277c-a2fb-4fb3-9366-b16154a903cd,"54dbbc46-f200-46b2-8f75-c2cf61f9419d,5469fb69-ac49-4d91-b1d6-8762506c3c4b"
5ee5cae8-643a-4262-92ab-52232c3ec69d,com/division/freeforall/listeners/FFAPlayerListener.java,onPlayerQuit,->,5ee5cae8-643a-4262-92ab-52232c3ec69d,66a50078-13ab-4c91-b773-85494ce9b61e,5b3668de-513b-45ee-80ce-55123ebbfcf3
5ee5cae8-643a-4262-92ab-52232c3ec69d,com/division/freeforall/listeners/FFAPlayerListener.java,onPlayerQuit,->,5ee5cae8-643a-4262-92ab-52232c3ec69d,66a50078-13ab-4c91-b773-85494ce9b61e,47175d25-f066-4ab0-ad6d-8629e7107a71
5ee5cae8-643a-4262-92ab-52232c3ec69d,com/division/freeforall/listeners/FFAPlayerListener.java,onPlayerQuit,->,5ee5cae8-643a-4262-92ab-52232c3ec69d,java/lang/StringBuilder.java,append
5ee5cae8-643a-4262-92ab-52232c3ec69d,com/division/freeforall/listeners/FFAPlayerListener.java,onPlayerQuit,->,5ee5cae8-643a-4262-92ab-52232c3ec69d,java/lang/StringBuilder.java,append
5ee5cae8-643a-4262-92ab-52232c3ec69d,com/division/freeforall/listeners/FFAPlayerListener.java,onPlayerQuit,->,5ee5cae8-643a-4262-92ab-52232c3ec69d,java/lang/StringBuilder.java,toString
5ee5cae8-643a-4262-92ab-52232c3ec69d,com/division/freeforall/listeners/FFAPlayerListener.java,onPlayerQuit,->,5ee5cae8-643a-4262-92ab-52232c3ec69d,org/bukkit/entity/Player.java,sendMessage
5ee5cae8-643a-4262-92ab-52232c3ec69d,com/division/freeforall/listeners/FFAPlayerListener.java,onPlayerQuit,->,5ee5cae8-643a-4262-92ab-52232c3ec69d,com/division/freeforall/listeners/FFAPlayerListener.java,isInArena
5ee5cae8-643a-4262-92ab-52232c3ec69d,com/division/freeforall/listeners/FFAPlayerListener.java,onPlayerQuit,->,5ee5cae8-643a-4262-92ab-52232c3ec69d,com/division/freeforall/core/FreeForAll.java,getServer
5ee5cae8-643a-4262-92ab-52232c3ec69d,com/division/freeforall/listeners/FFAPlayerListener.java,onPlayerQuit,->,5ee5cae8-643a-4262-92ab-52232c3ec69d,org/bukkit/Server.java,getPluginManager
5ee5cae8-643a-4262-92ab-52232c3ec69d,com/division/freeforall/listeners/FFAPlayerListener.java,onPlayerQuit,->,5ee5cae8-643a-4262-92ab-52232c3ec69d,org/bukkit/plugin/PluginManager.java,callEvent
5ee5cae8-643a-4262-92ab-52232c3ec69d,com/division/freeforall/listeners/FFAPlayerListener.java,onEntityDamage,->,5ee5cae8-643a-4262-92ab-52232c3ec69d,org/bukkit/event/entity/EntityDamageEvent.java,isCancelled
5ee5cae8-643a-4262-92ab-52232c3ec69d,com/division/freeforall/listeners/FFAPlayerListener.java,onEntityDamage,->,5ee5cae8-643a-4262-92ab-52232c3ec69d,org/bukkit/event/entity/EntityDamageEvent.java,getEntity
5ee5cae8-643a-4262-92ab-52232c3ec69d,com/division/freeforall/listeners/FFAPlayerListener.java,onEntityDamage,->,5ee5cae8-643a-4262-92ab-52232c3ec69d,org/bukkit/event/entity/EntityDamageEvent.java,getEntity
5ee5cae8-643a-4262-92ab-52232c3ec69d,com/division/freeforall/listeners/FFAPlayerListener.java,onEntityDamage,->,5ee5cae8-643a-4262-92ab-52232c3ec69d,66a50078-13ab-4c91-b773-85494ce9b61e,5b3668de-513b-45ee-80ce-55123ebbfcf3
5ee5cae8-643a-4262-92ab-52232c3ec69d,com/division/freeforall/listeners/FFAPlayerListener.java,onEntityDamage,->,5ee5cae8-643a-4262-92ab-52232c3ec69d,66a50078-13ab-4c91-b773-85494ce9b61e,47175d25-f066-4ab0-ad6d-8629e7107a71
5ee5cae8-643a-4262-92ab-52232c3ec69d,com/division/freeforall/listeners/FFAPlayerListener.java,onEntityDamage,->,5ee5cae8-643a-4262-92ab-52232c3ec69d,java/lang/StringBuilder.java,append
5ee5cae8-643a-4262-92ab-52232c3ec69d,com/division/freeforall/listeners/FFAPlayerListener.java,onEntityDamage,->,5ee5cae8-643a-4262-92ab-52232c3ec69d,java/lang/StringBuilder.java,append
5ee5cae8-643a-4262-92ab-52232c3ec69d,com/division/freeforall/listeners/FFAPlayerListener.java,onEntityDamage,->,5ee5cae8-643a-4262-92ab-52232c3ec69d,java/lang/StringBuilder.java,toString
5ee5cae8-643a-4262-92ab-52232c3ec69d,com/division/freeforall/listeners/FFAPlayerListener.java,onEntityDamage,->,5ee5cae8-643a-4262-92ab-52232c3ec69d,org/bukkit/entity/Player.java,sendMessage
5ee5cae8-643a-4262-92ab-52232c3ec69d,com/division/freeforall/listeners/FFAPlayerListener.java,onEntityDamage,->,5ee5cae8-643a-4262-92ab-52232c3ec69d,org/bukkit/entity/Player.java,getLocation
5ee5cae8-643a-4262-92ab-52232c3ec69d,com/division/freeforall/listeners/FFAPlayerListener.java,onEntityDamage,->,5ee5cae8-643a-4262-92ab-52232c3ec69d,org/bukkit/entity/Player.java,getWorld
5ee5cae8-643a-4262-92ab-52232c3ec69d,com/division/freeforall/listeners/FFAPlayerListener.java,onEntityDamage,->,5ee5cae8-643a-4262-92ab-52232c3ec69d,c5e8277c-a2fb-4fb3-9366-b16154a903cd,"54dbbc46-f200-46b2-8f75-c2cf61f9419d,5469fb69-ac49-4d91-b1d6-8762506c3c4b"
5ee5cae8-643a-4262-92ab-52232c3ec69d,com/division/freeforall/listeners/FFAPlayerListener.java,onEntityDamage,->,5ee5cae8-643a-4262-92ab-52232c3ec69d,com/division/freeforall/listeners/FFAPlayerListener.java,isInArena
5ee5cae8-643a-4262-92ab-52232c3ec69d,com/division/freeforall/listeners/FFAPlayerListener.java,onEntityDamage,->,5ee5cae8-643a-4262-92ab-52232c3ec69d,com/division/freeforall/core/FreeForAll.java,getServer
5ee5cae8-643a-4262-92ab-52232c3ec69d,com/division/freeforall/listeners/FFAPlayerListener.java,onEntityDamage,->,5ee5cae8-643a-4262-92ab-52232c3ec69d,org/bukkit/Server.java,getPluginManager
5ee5cae8-643a-4262-92ab-52232c3ec69d,com/division/freeforall/listeners/FFAPlayerListener.java,onEntityDamage,->,5ee5cae8-643a-4262-92ab-52232c3ec69d,org/bukkit/event/entity/EntityDamageByEntityEvent.java,getDamager
5ee5cae8-643a-4262-92ab-52232c3ec69d,com/division/freeforall/listeners/FFAPlayerListener.java,onEntityDamage,->,5ee5cae8-643a-4262-92ab-52232c3ec69d,org/bukkit/event/entity/EntityDamageEvent.java,getCause
5ee5cae8-643a-4262-92ab-52232c3ec69d,com/division/freeforall/listeners/FFAPlayerListener.java,onEntityDamage,->,5ee5cae8-643a-4262-92ab-52232c3ec69d,org/bukkit/plugin/PluginManager.java,callEvent
5ee5cae8-643a-4262-92ab-52232c3ec69d,com/division/freeforall/listeners/FFAPlayerListener.java,onEntityDamage,->,5ee5cae8-643a-4262-92ab-52232c3ec69d,com/division/freeforall/core/FreeForAll.java,getServer
5ee5cae8-643a-4262-92ab-52232c3ec69d,com/division/freeforall/listeners/FFAPlayerListener.java,onEntityDamage,->,5ee5cae8-643a-4262-92ab-52232c3ec69d,org/bukkit/Server.java,getPluginManager
5ee5cae8-643a-4262-92ab-52232c3ec69d,com/division/freeforall/listeners/FFAPlayerListener.java,onEntityDamage,->,5ee5cae8-643a-4262-92ab-52232c3ec69d,org/bukkit/event/entity/EntityDamageEvent.java,getCause
5ee5cae8-643a-4262-92ab-52232c3ec69d,com/division/freeforall/listeners/FFAPlayerListener.java,onEntityDamage,->,5ee5cae8-643a-4262-92ab-52232c3ec69d,org/bukkit/plugin/PluginManager.java,callEvent
5ee5cae8-643a-4262-92ab-52232c3ec69d,com/division/freeforall/listeners/FFAPlayerListener.java,onPlayerJoin,->,5ee5cae8-643a-4262-92ab-52232c3ec69d,66a50078-13ab-4c91-b773-85494ce9b61e,a0722926-cc9f-48cf-a8d6-851d01a9ff24
5ee5cae8-643a-4262-92ab-52232c3ec69d,com/division/freeforall/listeners/FFAPlayerListener.java,onPlayerJoin,->,5ee5cae8-643a-4262-92ab-52232c3ec69d,66a50078-13ab-4c91-b773-85494ce9b61e,bd7c9edb-05fd-4f11-9e68-614136352638
5ee5cae8-643a-4262-92ab-52232c3ec69d,com/division/freeforall/listeners/FFAPlayerListener.java,onPlayerJoin,->,5ee5cae8-643a-4262-92ab-52232c3ec69d,66a50078-13ab-4c91-b773-85494ce9b61e,0dab8271-97ab-41ef-831a-92459a53c972
5ee5cae8-643a-4262-92ab-52232c3ec69d,com/division/freeforall/listeners/FFAPlayerListener.java,onPlayerJoin,->,5ee5cae8-643a-4262-92ab-52232c3ec69d,org/bukkit/event/player/PlayerJoinEvent.java,getPlayer
5ee5cae8-643a-4262-92ab-52232c3ec69d,com/division/freeforall/listeners/FFAPlayerListener.java,onPlayerJoin,->,5ee5cae8-643a-4262-92ab-52232c3ec69d,org/bukkit/entity/Player.java,getName
5ee5cae8-643a-4262-92ab-52232c3ec69d,com/division/freeforall/listeners/FFAPlayerListener.java,onPlayerJoin,->,5ee5cae8-643a-4262-92ab-52232c3ec69d,05555cf1-eb0d-40db-9bc6-73acfcaeb8cf,f7469c41-ac74-446b-8c58-b22c84c3e120
5ee5cae8-643a-4262-92ab-52232c3ec69d,com/division/freeforall/listeners/FFAPlayerListener.java,onPlayerJoin,->,5ee5cae8-643a-4262-92ab-52232c3ec69d,org/bukkit/event/player/PlayerJoinEvent.java,getPlayer
5ee5cae8-643a-4262-92ab-52232c3ec69d,com/division/freeforall/listeners/FFAPlayerListener.java,onPlayerJoin,->,5ee5cae8-643a-4262-92ab-52232c3ec69d,org/bukkit/entity/Player.java,getWorld
5ee5cae8-643a-4262-92ab-52232c3ec69d,com/division/freeforall/listeners/FFAPlayerListener.java,onPlayerJoin,->,5ee5cae8-643a-4262-92ab-52232c3ec69d,org/bukkit/entity/Player.java,getLocation
5ee5cae8-643a-4262-92ab-52232c3ec69d,com/division/freeforall/listeners/FFAPlayerListener.java,onPlayerJoin,->,5ee5cae8-643a-4262-92ab-52232c3ec69d,c5e8277c-a2fb-4fb3-9366-b16154a903cd,"54dbbc46-f200-46b2-8f75-c2cf61f9419d,5469fb69-ac49-4d91-b1d6-8762506c3c4b"
5ee5cae8-643a-4262-92ab-52232c3ec69d,com/division/freeforall/listeners/FFAPlayerListener.java,onPlayerJoin,->,5ee5cae8-643a-4262-92ab-52232c3ec69d,com/division/freeforall/listeners/FFAPlayerListener.java,isInArena
5ee5cae8-643a-4262-92ab-52232c3ec69d,com/division/freeforall/listeners/FFAPlayerListener.java,onPlayerJoin,->,5ee5cae8-643a-4262-92ab-52232c3ec69d,com/division/freeforall/core/FreeForAll.java,getServer
5ee5cae8-643a-4262-92ab-52232c3ec69d,com/division/freeforall/listeners/FFAPlayerListener.java,onPlayerJoin,->,5ee5cae8-643a-4262-92ab-52232c3ec69d,org/bukkit/Server.java,getPluginManager
5ee5cae8-643a-4262-92ab-52232c3ec69d,com/division/freeforall/listeners/FFAPlayerListener.java,onPlayerJoin,->,5ee5cae8-643a-4262-92ab-52232c3ec69d,org/bukkit/plugin/PluginManager.java,callEvent
5ee5cae8-643a-4262-92ab-52232c3ec69d,com/division/freeforall/listeners/FFAPlayerListener.java,onPlayerJoin,->,5ee5cae8-643a-4262-92ab-52232c3ec69d,com/division/freeforall/listeners/FFAPlayerListener.java,isInArena
5ee5cae8-643a-4262-92ab-52232c3ec69d,com/division/freeforall/listeners/FFAPlayerListener.java,onPlayerJoin,->,5ee5cae8-643a-4262-92ab-52232c3ec69d,com/division/freeforall/core/FreeForAll.java,getServer
5ee5cae8-643a-4262-92ab-52232c3ec69d,com/division/freeforall/listeners/FFAPlayerListener.java,onPlayerJoin,->,5ee5cae8-643a-4262-92ab-52232c3ec69d,org/bukkit/Server.java,getPluginManager
5ee5cae8-643a-4262-92ab-52232c3ec69d,com/division/freeforall/listeners/FFAPlayerListener.java,onPlayerJoin,->,5ee5cae8-643a-4262-92ab-52232c3ec69d,org/bukkit/plugin/PluginManager.java,callEvent
5ee5cae8-643a-4262-92ab-52232c3ec69d,com/division/freeforall/listeners/FFAPlayerListener.java,isInArena,->,5ee5cae8-643a-4262-92ab-52232c3ec69d,66a50078-13ab-4c91-b773-85494ce9b61e,8c4170d5-cdf6-4f2e-9932-61995594bfdd
5ee5cae8-643a-4262-92ab-52232c3ec69d,com/division/freeforall/listeners/FFAPlayerListener$1.java,run,->,5ee5cae8-643a-4262-92ab-52232c3ec69d,org/bukkit/event/inventory/InventoryClickEvent.java,getWhoClicked
5ee5cae8-643a-4262-92ab-52232c3ec69d,com/division/freeforall/listeners/FFAPlayerListener$1.java,run,->,5ee5cae8-643a-4262-92ab-52232c3ec69d,org/bukkit/entity/HumanEntity.java,closeInventory
5ee5cae8-643a-4262-92ab-52232c3ec69d,44f092a8-67ec-4a22-a92e-e353cc2bc5c8,1ea6ff3c-b15a-4e9c-a830-05258fca80b6,->,5ee5cae8-643a-4262-92ab-52232c3ec69d,66a50078-13ab-4c91-b773-85494ce9b61e,2418b7df-e6c0-4dce-af4b-83647db9cd08
5ee5cae8-643a-4262-92ab-52232c3ec69d,44f092a8-67ec-4a22-a92e-e353cc2bc5c8,1ea6ff3c-b15a-4e9c-a830-05258fca80b6,->,5ee5cae8-643a-4262-92ab-52232c3ec69d,7556065c-1e04-4291-ba97-f6c0a3f30e19,fa28c050-5c85-4ead-ae1c-6cf57ce4c933
5ee5cae8-643a-4262-92ab-52232c3ec69d,44f092a8-67ec-4a22-a92e-e353cc2bc5c8,1ea6ff3c-b15a-4e9c-a830-05258fca80b6,->,5ee5cae8-643a-4262-92ab-52232c3ec69d,7556065c-1e04-4291-ba97-f6c0a3f30e19,c1e261b4-f061-4467-b0c1-de50bb32c75a
5ee5cae8-643a-4262-92ab-52232c3ec69d,44f092a8-67ec-4a22-a92e-e353cc2bc5c8,1ea6ff3c-b15a-4e9c-a830-05258fca80b6,->,5ee5cae8-643a-4262-92ab-52232c3ec69d,7556065c-1e04-4291-ba97-f6c0a3f30e19,d7238aa1-771f-4bc1-843e-27f7729fe376
5ee5cae8-643a-4262-92ab-52232c3ec69d,44f092a8-67ec-4a22-a92e-e353cc2bc5c8,1ea6ff3c-b15a-4e9c-a830-05258fca80b6,->,5ee5cae8-643a-4262-92ab-52232c3ec69d,7556065c-1e04-4291-ba97-f6c0a3f30e19,e44e479d-c9bd-4fba-b81c-deb1e8ab5f55
5ee5cae8-643a-4262-92ab-52232c3ec69d,44f092a8-67ec-4a22-a92e-e353cc2bc5c8,1ea6ff3c-b15a-4e9c-a830-05258fca80b6,->,5ee5cae8-643a-4262-92ab-52232c3ec69d,7556065c-1e04-4291-ba97-f6c0a3f30e19,6e929b4c-59e6-4f85-8a58-c42af32a4e74
5ee5cae8-643a-4262-92ab-52232c3ec69d,44f092a8-67ec-4a22-a92e-e353cc2bc5c8,1ea6ff3c-b15a-4e9c-a830-05258fca80b6,->,5ee5cae8-643a-4262-92ab-52232c3ec69d,java/lang/Class.java,forName
5ee5cae8-643a-4262-92ab-52232c3ec69d,44f092a8-67ec-4a22-a92e-e353cc2bc5c8,1ea6ff3c-b15a-4e9c-a830-05258fca80b6,->,5ee5cae8-643a-4262-92ab-52232c3ec69d,com/division/freeforall/core/FreeForAll.java,getLogger
5ee5cae8-643a-4262-92ab-52232c3ec69d,44f092a8-67ec-4a22-a92e-e353cc2bc5c8,1ea6ff3c-b15a-4e9c-a830-05258fca80b6,->,5ee5cae8-643a-4262-92ab-52232c3ec69d,java/util/logging/Logger.java,info
5ee5cae8-643a-4262-92ab-52232c3ec69d,44f092a8-67ec-4a22-a92e-e353cc2bc5c8,1ea6ff3c-b15a-4e9c-a830-05258fca80b6,->,5ee5cae8-643a-4262-92ab-52232c3ec69d,java/lang/StringBuilder.java,append
5ee5cae8-643a-4262-92ab-52232c3ec69d,44f092a8-67ec-4a22-a92e-e353cc2bc5c8,1ea6ff3c-b15a-4e9c-a830-05258fca80b6,->,5ee5cae8-643a-4262-92ab-52232c3ec69d,java/lang/StringBuilder.java,append
5ee5cae8-643a-4262-92ab-52232c3ec69d,44f092a8-67ec-4a22-a92e-e353cc2bc5c8,1ea6ff3c-b15a-4e9c-a830-05258fca80b6,->,5ee5cae8-643a-4262-92ab-52232c3ec69d,java/lang/StringBuilder.java,append
5ee5cae8-643a-4262-92ab-52232c3ec69d,44f092a8-67ec-4a22-a92e-e353cc2bc5c8,1ea6ff3c-b15a-4e9c-a830-05258fca80b6,->,5ee5cae8-643a-4262-92ab-52232c3ec69d,java/lang/StringBuilder.java,append
5ee5cae8-643a-4262-92ab-52232c3ec69d,44f092a8-67ec-4a22-a92e-e353cc2bc5c8,1ea6ff3c-b15a-4e9c-a830-05258fca80b6,->,5ee5cae8-643a-4262-92ab-52232c3ec69d,java/lang/StringBuilder.java,append
5ee5cae8-643a-4262-92ab-52232c3ec69d,44f092a8-67ec-4a22-a92e-e353cc2bc5c8,1ea6ff3c-b15a-4e9c-a830-05258fca80b6,->,5ee5cae8-643a-4262-92ab-52232c3ec69d,java/lang/StringBuilder.java,append
5ee5cae8-643a-4262-92ab-52232c3ec69d,44f092a8-67ec-4a22-a92e-e353cc2bc5c8,1ea6ff3c-b15a-4e9c-a830-05258fca80b6,->,5ee5cae8-643a-4262-92ab-52232c3ec69d,java/lang/StringBuilder.java,toString
5ee5cae8-643a-4262-92ab-52232c3ec69d,44f092a8-67ec-4a22-a92e-e353cc2bc5c8,1ea6ff3c-b15a-4e9c-a830-05258fca80b6,->,5ee5cae8-643a-4262-92ab-52232c3ec69d,java/sql/DriverManager.java,getConnection
5ee5cae8-643a-4262-92ab-52232c3ec69d,44f092a8-67ec-4a22-a92e-e353cc2bc5c8,1ea6ff3c-b15a-4e9c-a830-05258fca80b6,->,5ee5cae8-643a-4262-92ab-52232c3ec69d,com/division/freeforall/core/FreeForAll.java,getLogger
5ee5cae8-643a-4262-92ab-52232c3ec69d,44f092a8-67ec-4a22-a92e-e353cc2bc5c8,1ea6ff3c-b15a-4e9c-a830-05258fca80b6,->,5ee5cae8-643a-4262-92ab-52232c3ec69d,java/util/logging/Logger.java,info
5ee5cae8-643a-4262-92ab-52232c3ec69d,44f092a8-67ec-4a22-a92e-e353cc2bc5c8,1ea6ff3c-b15a-4e9c-a830-05258fca80b6,->,5ee5cae8-643a-4262-92ab-52232c3ec69d,44f092a8-67ec-4a22-a92e-e353cc2bc5c8,708802ae-24b4-4231-8334-00b789777c67
5ee5cae8-643a-4262-92ab-52232c3ec69d,44f092a8-67ec-4a22-a92e-e353cc2bc5c8,708802ae-24b4-4231-8334-00b789777c67,->,5ee5cae8-643a-4262-92ab-52232c3ec69d,java/sql/Connection.java,createStatement
5ee5cae8-643a-4262-92ab-52232c3ec69d,44f092a8-67ec-4a22-a92e-e353cc2bc5c8,708802ae-24b4-4231-8334-00b789777c67,->,5ee5cae8-643a-4262-92ab-52232c3ec69d,java/sql/Statement.java,executeUpdate
5ee5cae8-643a-4262-92ab-52232c3ec69d,44f092a8-67ec-4a22-a92e-e353cc2bc5c8,708802ae-24b4-4231-8334-00b789777c67,->,5ee5cae8-643a-4262-92ab-52232c3ec69d,java/sql/Statement.java,close
5ee5cae8-643a-4262-92ab-52232c3ec69d,44f092a8-67ec-4a22-a92e-e353cc2bc5c8,708802ae-24b4-4231-8334-00b789777c67,->,5ee5cae8-643a-4262-92ab-52232c3ec69d,java/sql/Statement.java,close
5ee5cae8-643a-4262-92ab-52232c3ec69d,585a4fab-2fff-493c-8941-b14face7f54b,3552c339-7d09-408a-97d3-6efb8792b070,->,5ee5cae8-643a-4262-92ab-52232c3ec69d,java/sql/Connection.java,prepareStatement
5ee5cae8-643a-4262-92ab-52232c3ec69d,585a4fab-2fff-493c-8941-b14face7f54b,3552c339-7d09-408a-97d3-6efb8792b070,->,5ee5cae8-643a-4262-92ab-52232c3ec69d,java/sql/PreparedStatement.java,setString
5ee5cae8-643a-4262-92ab-52232c3ec69d,585a4fab-2fff-493c-8941-b14face7f54b,3552c339-7d09-408a-97d3-6efb8792b070,->,5ee5cae8-643a-4262-92ab-52232c3ec69d,java/sql/PreparedStatement.java,executeQuery
5ee5cae8-643a-4262-92ab-52232c3ec69d,585a4fab-2fff-493c-8941-b14face7f54b,3552c339-7d09-408a-97d3-6efb8792b070,->,5ee5cae8-643a-4262-92ab-52232c3ec69d,java/sql/ResultSet.java,next
5ee5cae8-643a-4262-92ab-52232c3ec69d,585a4fab-2fff-493c-8941-b14face7f54b,3552c339-7d09-408a-97d3-6efb8792b070,->,5ee5cae8-643a-4262-92ab-52232c3ec69d,java/sql/ResultSet.java,getInt
5ee5cae8-643a-4262-92ab-52232c3ec69d,585a4fab-2fff-493c-8941-b14face7f54b,3552c339-7d09-408a-97d3-6efb8792b070,->,5ee5cae8-643a-4262-92ab-52232c3ec69d,java/sql/ResultSet.java,getInt
5ee5cae8-643a-4262-92ab-52232c3ec69d,585a4fab-2fff-493c-8941-b14face7f54b,3552c339-7d09-408a-97d3-6efb8792b070,->,5ee5cae8-643a-4262-92ab-52232c3ec69d,java/sql/PreparedStatement.java,close
5ee5cae8-643a-4262-92ab-52232c3ec69d,585a4fab-2fff-493c-8941-b14face7f54b,3552c339-7d09-408a-97d3-6efb8792b070,->,5ee5cae8-643a-4262-92ab-52232c3ec69d,java/sql/ResultSet.java,close
5ee5cae8-643a-4262-92ab-52232c3ec69d,585a4fab-2fff-493c-8941-b14face7f54b,3552c339-7d09-408a-97d3-6efb8792b070,->,5ee5cae8-643a-4262-92ab-52232c3ec69d,java/sql/PreparedStatement.java,close
5ee5cae8-643a-4262-92ab-52232c3ec69d,585a4fab-2fff-493c-8941-b14face7f54b,3552c339-7d09-408a-97d3-6efb8792b070,->,5ee5cae8-643a-4262-92ab-52232c3ec69d,java/sql/ResultSet.java,close
5ee5cae8-643a-4262-92ab-52232c3ec69d,585a4fab-2fff-493c-8941-b14face7f54b,3552c339-7d09-408a-97d3-6efb8792b070,->,5ee5cae8-643a-4262-92ab-52232c3ec69d,java/sql/PreparedStatement.java,close
5ee5cae8-643a-4262-92ab-52232c3ec69d,585a4fab-2fff-493c-8941-b14face7f54b,3552c339-7d09-408a-97d3-6efb8792b070,->,5ee5cae8-643a-4262-92ab-52232c3ec69d,java/sql/ResultSet.java,close
5ee5cae8-643a-4262-92ab-52232c3ec69d,585a4fab-2fff-493c-8941-b14face7f54b,3552c339-7d09-408a-97d3-6efb8792b070,->,5ee5cae8-643a-4262-92ab-52232c3ec69d,java/sql/PreparedStatement.java,close
5ee5cae8-643a-4262-92ab-52232c3ec69d,585a4fab-2fff-493c-8941-b14face7f54b,3552c339-7d09-408a-97d3-6efb8792b070,->,5ee5cae8-643a-4262-92ab-52232c3ec69d,java/sql/ResultSet.java,close
5ee5cae8-643a-4262-92ab-52232c3ec69d,585a4fab-2fff-493c-8941-b14face7f54b,313561d0-3c05-46a1-9b4f-ddef8abb6660,->,5ee5cae8-643a-4262-92ab-52232c3ec69d,java/sql/Connection.java,prepareStatement
5ee5cae8-643a-4262-92ab-52232c3ec69d,585a4fab-2fff-493c-8941-b14face7f54b,313561d0-3c05-46a1-9b4f-ddef8abb6660,->,5ee5cae8-643a-4262-92ab-52232c3ec69d,java/sql/PreparedStatement.java,setInt
5ee5cae8-643a-4262-92ab-52232c3ec69d,585a4fab-2fff-493c-8941-b14face7f54b,313561d0-3c05-46a1-9b4f-ddef8abb6660,->,5ee5cae8-643a-4262-92ab-52232c3ec69d,java/sql/PreparedStatement.java,executeQuery
5ee5cae8-643a-4262-92ab-52232c3ec69d,585a4fab-2fff-493c-8941-b14face7f54b,313561d0-3c05-46a1-9b4f-ddef8abb6660,->,5ee5cae8-643a-4262-92ab-52232c3ec69d,java/sql/ResultSet.java,next
5ee5cae8-643a-4262-92ab-52232c3ec69d,585a4fab-2fff-493c-8941-b14face7f54b,313561d0-3c05-46a1-9b4f-ddef8abb6660,->,5ee5cae8-643a-4262-92ab-52232c3ec69d,java/sql/ResultSet.java,getInt
5ee5cae8-643a-4262-92ab-52232c3ec69d,585a4fab-2fff-493c-8941-b14face7f54b,313561d0-3c05-46a1-9b4f-ddef8abb6660,->,5ee5cae8-643a-4262-92ab-52232c3ec69d,java/sql/PreparedStatement.java,close
5ee5cae8-643a-4262-92ab-52232c3ec69d,585a4fab-2fff-493c-8941-b14face7f54b,313561d0-3c05-46a1-9b4f-ddef8abb6660,->,5ee5cae8-643a-4262-92ab-52232c3ec69d,java/sql/ResultSet.java,close
5ee5cae8-643a-4262-92ab-52232c3ec69d,585a4fab-2fff-493c-8941-b14face7f54b,313561d0-3c05-46a1-9b4f-ddef8abb6660,->,5ee5cae8-643a-4262-92ab-52232c3ec69d,java/sql/PreparedStatement.java,close
5ee5cae8-643a-4262-92ab-52232c3ec69d,585a4fab-2fff-493c-8941-b14face7f54b,313561d0-3c05-46a1-9b4f-ddef8abb6660,->,5ee5cae8-643a-4262-92ab-52232c3ec69d,java/sql/ResultSet.java,close
5ee5cae8-643a-4262-92ab-52232c3ec69d,585a4fab-2fff-493c-8941-b14face7f54b,313561d0-3c05-46a1-9b4f-ddef8abb6660,->,5ee5cae8-643a-4262-92ab-52232c3ec69d,java/sql/PreparedStatement.java,close
5ee5cae8-643a-4262-92ab-52232c3ec69d,585a4fab-2fff-493c-8941-b14face7f54b,313561d0-3c05-46a1-9b4f-ddef8abb6660,->,5ee5cae8-643a-4262-92ab-52232c3ec69d,java/sql/ResultSet.java,close
5ee5cae8-643a-4262-92ab-52232c3ec69d,585a4fab-2fff-493c-8941-b14face7f54b,313561d0-3c05-46a1-9b4f-ddef8abb6660,->,5ee5cae8-643a-4262-92ab-52232c3ec69d,java/sql/PreparedStatement.java,close
5ee5cae8-643a-4262-92ab-52232c3ec69d,585a4fab-2fff-493c-8941-b14face7f54b,313561d0-3c05-46a1-9b4f-ddef8abb6660,->,5ee5cae8-643a-4262-92ab-52232c3ec69d,java/sql/ResultSet.java,close
5ee5cae8-643a-4262-92ab-52232c3ec69d,585a4fab-2fff-493c-8941-b14face7f54b,c1a713a1-0494-4d21-b0ad-bc1955a48a7d,->,5ee5cae8-643a-4262-92ab-52232c3ec69d,java/sql/Connection.java,prepareStatement
5ee5cae8-643a-4262-92ab-52232c3ec69d,585a4fab-2fff-493c-8941-b14face7f54b,c1a713a1-0494-4d21-b0ad-bc1955a48a7d,->,5ee5cae8-643a-4262-92ab-52232c3ec69d,java/sql/PreparedStatement.java,setInt
5ee5cae8-643a-4262-92ab-52232c3ec69d,585a4fab-2fff-493c-8941-b14face7f54b,c1a713a1-0494-4d21-b0ad-bc1955a48a7d,->,5ee5cae8-643a-4262-92ab-52232c3ec69d,java/sql/PreparedStatement.java,executeQuery
5ee5cae8-643a-4262-92ab-52232c3ec69d,585a4fab-2fff-493c-8941-b14face7f54b,c1a713a1-0494-4d21-b0ad-bc1955a48a7d,->,5ee5cae8-643a-4262-92ab-52232c3ec69d,java/sql/ResultSet.java,next
5ee5cae8-643a-4262-92ab-52232c3ec69d,585a4fab-2fff-493c-8941-b14face7f54b,c1a713a1-0494-4d21-b0ad-bc1955a48a7d,->,5ee5cae8-643a-4262-92ab-52232c3ec69d,java/sql/ResultSet.java,getInt
5ee5cae8-643a-4262-92ab-52232c3ec69d,585a4fab-2fff-493c-8941-b14face7f54b,c1a713a1-0494-4d21-b0ad-bc1955a48a7d,->,5ee5cae8-643a-4262-92ab-52232c3ec69d,java/sql/PreparedStatement.java,close
5ee5cae8-643a-4262-92ab-52232c3ec69d,585a4fab-2fff-493c-8941-b14face7f54b,c1a713a1-0494-4d21-b0ad-bc1955a48a7d,->,5ee5cae8-643a-4262-92ab-52232c3ec69d,java/sql/ResultSet.java,close
5ee5cae8-643a-4262-92ab-52232c3ec69d,585a4fab-2fff-493c-8941-b14face7f54b,c1a713a1-0494-4d21-b0ad-bc1955a48a7d,->,5ee5cae8-643a-4262-92ab-52232c3ec69d,java/sql/PreparedStatement.java,close
5ee5cae8-643a-4262-92ab-52232c3ec69d,585a4fab-2fff-493c-8941-b14face7f54b,c1a713a1-0494-4d21-b0ad-bc1955a48a7d,->,5ee5cae8-643a-4262-92ab-52232c3ec69d,java/sql/ResultSet.java,close
5ee5cae8-643a-4262-92ab-52232c3ec69d,585a4fab-2fff-493c-8941-b14face7f54b,c1a713a1-0494-4d21-b0ad-bc1955a48a7d,->,5ee5cae8-643a-4262-92ab-52232c3ec69d,java/sql/PreparedStatement.java,close
5ee5cae8-643a-4262-92ab-52232c3ec69d,585a4fab-2fff-493c-8941-b14face7f54b,c1a713a1-0494-4d21-b0ad-bc1955a48a7d,->,5ee5cae8-643a-4262-92ab-52232c3ec69d,java/sql/ResultSet.java,close
5ee5cae8-643a-4262-92ab-52232c3ec69d,585a4fab-2fff-493c-8941-b14face7f54b,c1a713a1-0494-4d21-b0ad-bc1955a48a7d,->,5ee5cae8-643a-4262-92ab-52232c3ec69d,java/sql/PreparedStatement.java,close
5ee5cae8-643a-4262-92ab-52232c3ec69d,585a4fab-2fff-493c-8941-b14face7f54b,c1a713a1-0494-4d21-b0ad-bc1955a48a7d,->,5ee5cae8-643a-4262-92ab-52232c3ec69d,java/sql/ResultSet.java,close
5ee5cae8-643a-4262-92ab-52232c3ec69d,585a4fab-2fff-493c-8941-b14face7f54b,5343b3d5-c94d-4cc6-8e9b-c91a57beb0be,->,5ee5cae8-643a-4262-92ab-52232c3ec69d,java/sql/Connection.java,prepareStatement
5ee5cae8-643a-4262-92ab-52232c3ec69d,585a4fab-2fff-493c-8941-b14face7f54b,5343b3d5-c94d-4cc6-8e9b-c91a57beb0be,->,5ee5cae8-643a-4262-92ab-52232c3ec69d,java/sql/PreparedStatement.java,setInt
5ee5cae8-643a-4262-92ab-52232c3ec69d,585a4fab-2fff-493c-8941-b14face7f54b,5343b3d5-c94d-4cc6-8e9b-c91a57beb0be,->,5ee5cae8-643a-4262-92ab-52232c3ec69d,java/sql/PreparedStatement.java,executeQuery
5ee5cae8-643a-4262-92ab-52232c3ec69d,585a4fab-2fff-493c-8941-b14face7f54b,5343b3d5-c94d-4cc6-8e9b-c91a57beb0be,->,5ee5cae8-643a-4262-92ab-52232c3ec69d,java/sql/ResultSet.java,next
5ee5cae8-643a-4262-92ab-52232c3ec69d,585a4fab-2fff-493c-8941-b14face7f54b,5343b3d5-c94d-4cc6-8e9b-c91a57beb0be,->,5ee5cae8-643a-4262-92ab-52232c3ec69d,java/sql/ResultSet.java,getInt
5ee5cae8-643a-4262-92ab-52232c3ec69d,585a4fab-2fff-493c-8941-b14face7f54b,5343b3d5-c94d-4cc6-8e9b-c91a57beb0be,->,5ee5cae8-643a-4262-92ab-52232c3ec69d,java/sql/PreparedStatement.java,close
5ee5cae8-643a-4262-92ab-52232c3ec69d,585a4fab-2fff-493c-8941-b14face7f54b,5343b3d5-c94d-4cc6-8e9b-c91a57beb0be,->,5ee5cae8-643a-4262-92ab-52232c3ec69d,java/sql/ResultSet.java,close
5ee5cae8-643a-4262-92ab-52232c3ec69d,585a4fab-2fff-493c-8941-b14face7f54b,5343b3d5-c94d-4cc6-8e9b-c91a57beb0be,->,5ee5cae8-643a-4262-92ab-52232c3ec69d,java/sql/PreparedStatement.java,close
5ee5cae8-643a-4262-92ab-52232c3ec69d,585a4fab-2fff-493c-8941-b14face7f54b,5343b3d5-c94d-4cc6-8e9b-c91a57beb0be,->,5ee5cae8-643a-4262-92ab-52232c3ec69d,java/sql/ResultSet.java,close
5ee5cae8-643a-4262-92ab-52232c3ec69d,585a4fab-2fff-493c-8941-b14face7f54b,5343b3d5-c94d-4cc6-8e9b-c91a57beb0be,->,5ee5cae8-643a-4262-92ab-52232c3ec69d,java/sql/PreparedStatement.java,close
5ee5cae8-643a-4262-92ab-52232c3ec69d,585a4fab-2fff-493c-8941-b14face7f54b,5343b3d5-c94d-4cc6-8e9b-c91a57beb0be,->,5ee5cae8-643a-4262-92ab-52232c3ec69d,java/sql/ResultSet.java,close
5ee5cae8-643a-4262-92ab-52232c3ec69d,585a4fab-2fff-493c-8941-b14face7f54b,5343b3d5-c94d-4cc6-8e9b-c91a57beb0be,->,5ee5cae8-643a-4262-92ab-52232c3ec69d,java/sql/PreparedStatement.java,close
5ee5cae8-643a-4262-92ab-52232c3ec69d,585a4fab-2fff-493c-8941-b14face7f54b,5343b3d5-c94d-4cc6-8e9b-c91a57beb0be,->,5ee5cae8-643a-4262-92ab-52232c3ec69d,java/sql/ResultSet.java,close
5ee5cae8-643a-4262-92ab-52232c3ec69d,585a4fab-2fff-493c-8941-b14face7f54b,682ab2d7-986e-489e-91e3-c48762749b38,->,5ee5cae8-643a-4262-92ab-52232c3ec69d,java/sql/Connection.java,prepareStatement
5ee5cae8-643a-4262-92ab-52232c3ec69d,585a4fab-2fff-493c-8941-b14face7f54b,682ab2d7-986e-489e-91e3-c48762749b38,->,5ee5cae8-643a-4262-92ab-52232c3ec69d,java/sql/PreparedStatement.java,setInt
5ee5cae8-643a-4262-92ab-52232c3ec69d,585a4fab-2fff-493c-8941-b14face7f54b,682ab2d7-986e-489e-91e3-c48762749b38,->,5ee5cae8-643a-4262-92ab-52232c3ec69d,java/sql/PreparedStatement.java,executeQuery
5ee5cae8-643a-4262-92ab-52232c3ec69d,585a4fab-2fff-493c-8941-b14face7f54b,682ab2d7-986e-489e-91e3-c48762749b38,->,5ee5cae8-643a-4262-92ab-52232c3ec69d,java/sql/ResultSet.java,next
5ee5cae8-643a-4262-92ab-52232c3ec69d,585a4fab-2fff-493c-8941-b14face7f54b,682ab2d7-986e-489e-91e3-c48762749b38,->,5ee5cae8-643a-4262-92ab-52232c3ec69d,java/sql/ResultSet.java,getInt
5ee5cae8-643a-4262-92ab-52232c3ec69d,585a4fab-2fff-493c-8941-b14face7f54b,682ab2d7-986e-489e-91e3-c48762749b38,->,5ee5cae8-643a-4262-92ab-52232c3ec69d,java/sql/PreparedStatement.java,close
5ee5cae8-643a-4262-92ab-52232c3ec69d,585a4fab-2fff-493c-8941-b14face7f54b,682ab2d7-986e-489e-91e3-c48762749b38,->,5ee5cae8-643a-4262-92ab-52232c3ec69d,java/sql/ResultSet.java,close
5ee5cae8-643a-4262-92ab-52232c3ec69d,585a4fab-2fff-493c-8941-b14face7f54b,682ab2d7-986e-489e-91e3-c48762749b38,->,5ee5cae8-643a-4262-92ab-52232c3ec69d,java/sql/PreparedStatement.java,close
5ee5cae8-643a-4262-92ab-52232c3ec69d,585a4fab-2fff-493c-8941-b14face7f54b,682ab2d7-986e-489e-91e3-c48762749b38,->,5ee5cae8-643a-4262-92ab-52232c3ec69d,java/sql/ResultSet.java,close
5ee5cae8-643a-4262-92ab-52232c3ec69d,585a4fab-2fff-493c-8941-b14face7f54b,682ab2d7-986e-489e-91e3-c48762749b38,->,5ee5cae8-643a-4262-92ab-52232c3ec69d,java/sql/PreparedStatement.java,close
5ee5cae8-643a-4262-92ab-52232c3ec69d,585a4fab-2fff-493c-8941-b14face7f54b,682ab2d7-986e-489e-91e3-c48762749b38,->,5ee5cae8-643a-4262-92ab-52232c3ec69d,java/sql/ResultSet.java,close
5ee5cae8-643a-4262-92ab-52232c3ec69d,585a4fab-2fff-493c-8941-b14face7f54b,682ab2d7-986e-489e-91e3-c48762749b38,->,5ee5cae8-643a-4262-92ab-52232c3ec69d,java/sql/PreparedStatement.java,close
5ee5cae8-643a-4262-92ab-52232c3ec69d,585a4fab-2fff-493c-8941-b14face7f54b,682ab2d7-986e-489e-91e3-c48762749b38,->,5ee5cae8-643a-4262-92ab-52232c3ec69d,java/sql/ResultSet.java,close
5ee5cae8-643a-4262-92ab-52232c3ec69d,585a4fab-2fff-493c-8941-b14face7f54b,268f2b11-5021-495c-8649-31a60c239362,->,5ee5cae8-643a-4262-92ab-52232c3ec69d,java/sql/Connection.java,prepareStatement
5ee5cae8-643a-4262-92ab-52232c3ec69d,585a4fab-2fff-493c-8941-b14face7f54b,268f2b11-5021-495c-8649-31a60c239362,->,5ee5cae8-643a-4262-92ab-52232c3ec69d,java/sql/PreparedStatement.java,executeQuery
5ee5cae8-643a-4262-92ab-52232c3ec69d,585a4fab-2fff-493c-8941-b14face7f54b,268f2b11-5021-495c-8649-31a60c239362,->,5ee5cae8-643a-4262-92ab-52232c3ec69d,java/sql/ResultSet.java,next
5ee5cae8-643a-4262-92ab-52232c3ec69d,585a4fab-2fff-493c-8941-b14face7f54b,268f2b11-5021-495c-8649-31a60c239362,->,5ee5cae8-643a-4262-92ab-52232c3ec69d,java/sql/ResultSet.java,getString
5ee5cae8-643a-4262-92ab-52232c3ec69d,585a4fab-2fff-493c-8941-b14face7f54b,268f2b11-5021-495c-8649-31a60c239362,->,5ee5cae8-643a-4262-92ab-52232c3ec69d,java/lang/String.java,equals
5ee5cae8-643a-4262-92ab-52232c3ec69d,585a4fab-2fff-493c-8941-b14face7f54b,268f2b11-5021-495c-8649-31a60c239362,->,5ee5cae8-643a-4262-92ab-52232c3ec69d,java/sql/ResultSet.java,getString
5ee5cae8-643a-4262-92ab-52232c3ec69d,585a4fab-2fff-493c-8941-b14face7f54b,268f2b11-5021-495c-8649-31a60c239362,->,5ee5cae8-643a-4262-92ab-52232c3ec69d,java/util/ArrayList.java,add
5ee5cae8-643a-4262-92ab-52232c3ec69d,585a4fab-2fff-493c-8941-b14face7f54b,268f2b11-5021-495c-8649-31a60c239362,->,5ee5cae8-643a-4262-92ab-52232c3ec69d,java/sql/PreparedStatement.java,close
5ee5cae8-643a-4262-92ab-52232c3ec69d,585a4fab-2fff-493c-8941-b14face7f54b,268f2b11-5021-495c-8649-31a60c239362,->,5ee5cae8-643a-4262-92ab-52232c3ec69d,java/sql/ResultSet.java,close
5ee5cae8-643a-4262-92ab-52232c3ec69d,585a4fab-2fff-493c-8941-b14face7f54b,268f2b11-5021-495c-8649-31a60c239362,->,5ee5cae8-643a-4262-92ab-52232c3ec69d,java/sql/PreparedStatement.java,close
5ee5cae8-643a-4262-92ab-52232c3ec69d,585a4fab-2fff-493c-8941-b14face7f54b,268f2b11-5021-495c-8649-31a60c239362,->,5ee5cae8-643a-4262-92ab-52232c3ec69d,java/sql/ResultSet.java,close
5ee5cae8-643a-4262-92ab-52232c3ec69d,585a4fab-2fff-493c-8941-b14face7f54b,268f2b11-5021-495c-8649-31a60c239362,->,5ee5cae8-643a-4262-92ab-52232c3ec69d,java/sql/PreparedStatement.java,close
5ee5cae8-643a-4262-92ab-52232c3ec69d,585a4fab-2fff-493c-8941-b14face7f54b,268f2b11-5021-495c-8649-31a60c239362,->,5ee5cae8-643a-4262-92ab-52232c3ec69d,java/sql/ResultSet.java,close
5ee5cae8-643a-4262-92ab-52232c3ec69d,585a4fab-2fff-493c-8941-b14face7f54b,7a35c2ed-3cc5-4398-86c7-e5dace2fc528,->,5ee5cae8-643a-4262-92ab-52232c3ec69d,java/sql/Connection.java,prepareStatement
5ee5cae8-643a-4262-92ab-52232c3ec69d,585a4fab-2fff-493c-8941-b14face7f54b,7a35c2ed-3cc5-4398-86c7-e5dace2fc528,->,5ee5cae8-643a-4262-92ab-52232c3ec69d,java/sql/PreparedStatement.java,executeQuery
5ee5cae8-643a-4262-92ab-52232c3ec69d,585a4fab-2fff-493c-8941-b14face7f54b,7a35c2ed-3cc5-4398-86c7-e5dace2fc528,->,5ee5cae8-643a-4262-92ab-52232c3ec69d,java/sql/ResultSet.java,next
5ee5cae8-643a-4262-92ab-52232c3ec69d,585a4fab-2fff-493c-8941-b14face7f54b,7a35c2ed-3cc5-4398-86c7-e5dace2fc528,->,5ee5cae8-643a-4262-92ab-52232c3ec69d,java/sql/ResultSet.java,getString
5ee5cae8-643a-4262-92ab-52232c3ec69d,585a4fab-2fff-493c-8941-b14face7f54b,7a35c2ed-3cc5-4398-86c7-e5dace2fc528,->,5ee5cae8-643a-4262-92ab-52232c3ec69d,java/lang/String.java,equals
5ee5cae8-643a-4262-92ab-52232c3ec69d,585a4fab-2fff-493c-8941-b14face7f54b,7a35c2ed-3cc5-4398-86c7-e5dace2fc528,->,5ee5cae8-643a-4262-92ab-52232c3ec69d,java/sql/ResultSet.java,getString
5ee5cae8-643a-4262-92ab-52232c3ec69d,585a4fab-2fff-493c-8941-b14face7f54b,7a35c2ed-3cc5-4398-86c7-e5dace2fc528,->,5ee5cae8-643a-4262-92ab-52232c3ec69d,java/util/ArrayList.java,add
5ee5cae8-643a-4262-92ab-52232c3ec69d,585a4fab-2fff-493c-8941-b14face7f54b,7a35c2ed-3cc5-4398-86c7-e5dace2fc528,->,5ee5cae8-643a-4262-92ab-52232c3ec69d,java/sql/PreparedStatement.java,close
5ee5cae8-643a-4262-92ab-52232c3ec69d,585a4fab-2fff-493c-8941-b14face7f54b,7a35c2ed-3cc5-4398-86c7-e5dace2fc528,->,5ee5cae8-643a-4262-92ab-52232c3ec69d,java/sql/ResultSet.java,close
5ee5cae8-643a-4262-92ab-52232c3ec69d,585a4fab-2fff-493c-8941-b14face7f54b,7a35c2ed-3cc5-4398-86c7-e5dace2fc528,->,5ee5cae8-643a-4262-92ab-52232c3ec69d,java/sql/PreparedStatement.java,close
5ee5cae8-643a-4262-92ab-52232c3ec69d,585a4fab-2fff-493c-8941-b14face7f54b,7a35c2ed-3cc5-4398-86c7-e5dace2fc528,->,5ee5cae8-643a-4262-92ab-52232c3ec69d,java/sql/ResultSet.java,close
5ee5cae8-643a-4262-92ab-52232c3ec69d,585a4fab-2fff-493c-8941-b14face7f54b,7a35c2ed-3cc5-4398-86c7-e5dace2fc528,->,5ee5cae8-643a-4262-92ab-52232c3ec69d,java/sql/PreparedStatement.java,close
5ee5cae8-643a-4262-92ab-52232c3ec69d,585a4fab-2fff-493c-8941-b14face7f54b,7a35c2ed-3cc5-4398-86c7-e5dace2fc528,->,5ee5cae8-643a-4262-92ab-52232c3ec69d,java/sql/ResultSet.java,close
5ee5cae8-643a-4262-92ab-52232c3ec69d,585a4fab-2fff-493c-8941-b14face7f54b,695b4b59-defe-4e9e-8776-274555dc1bea,->,5ee5cae8-643a-4262-92ab-52232c3ec69d,585a4fab-2fff-493c-8941-b14face7f54b,3552c339-7d09-408a-97d3-6efb8792b070
5ee5cae8-643a-4262-92ab-52232c3ec69d,585a4fab-2fff-493c-8941-b14face7f54b,695b4b59-defe-4e9e-8776-274555dc1bea,->,5ee5cae8-643a-4262-92ab-52232c3ec69d,java/sql/Connection.java,prepareStatement
5ee5cae8-643a-4262-92ab-52232c3ec69d,585a4fab-2fff-493c-8941-b14face7f54b,695b4b59-defe-4e9e-8776-274555dc1bea,->,5ee5cae8-643a-4262-92ab-52232c3ec69d,java/sql/PreparedStatement.java,setString
5ee5cae8-643a-4262-92ab-52232c3ec69d,585a4fab-2fff-493c-8941-b14face7f54b,695b4b59-defe-4e9e-8776-274555dc1bea,->,5ee5cae8-643a-4262-92ab-52232c3ec69d,java/sql/PreparedStatement.java,executeUpdate
5ee5cae8-643a-4262-92ab-52232c3ec69d,585a4fab-2fff-493c-8941-b14face7f54b,695b4b59-defe-4e9e-8776-274555dc1bea,->,5ee5cae8-643a-4262-92ab-52232c3ec69d,java/sql/PreparedStatement.java,close
5ee5cae8-643a-4262-92ab-52232c3ec69d,585a4fab-2fff-493c-8941-b14face7f54b,695b4b59-defe-4e9e-8776-274555dc1bea,->,5ee5cae8-643a-4262-92ab-52232c3ec69d,java/sql/PreparedStatement.java,close
5ee5cae8-643a-4262-92ab-52232c3ec69d,585a4fab-2fff-493c-8941-b14face7f54b,695b4b59-defe-4e9e-8776-274555dc1bea,->,5ee5cae8-643a-4262-92ab-52232c3ec69d,java/sql/PreparedStatement.java,close
5ee5cae8-643a-4262-92ab-52232c3ec69d,585a4fab-2fff-493c-8941-b14face7f54b,5b149ec0-5372-4ee4-a2f3-c6bd86a1d642,->,5ee5cae8-643a-4262-92ab-52232c3ec69d,585a4fab-2fff-493c-8941-b14face7f54b,3552c339-7d09-408a-97d3-6efb8792b070
5ee5cae8-643a-4262-92ab-52232c3ec69d,585a4fab-2fff-493c-8941-b14face7f54b,5b149ec0-5372-4ee4-a2f3-c6bd86a1d642,->,5ee5cae8-643a-4262-92ab-52232c3ec69d,585a4fab-2fff-493c-8941-b14face7f54b,313561d0-3c05-46a1-9b4f-ddef8abb6660
5ee5cae8-643a-4262-92ab-52232c3ec69d,585a4fab-2fff-493c-8941-b14face7f54b,5b149ec0-5372-4ee4-a2f3-c6bd86a1d642,->,5ee5cae8-643a-4262-92ab-52232c3ec69d,java/sql/Connection.java,prepareStatement
5ee5cae8-643a-4262-92ab-52232c3ec69d,585a4fab-2fff-493c-8941-b14face7f54b,5b149ec0-5372-4ee4-a2f3-c6bd86a1d642,->,5ee5cae8-643a-4262-92ab-52232c3ec69d,java/sql/PreparedStatement.java,setInt
5ee5cae8-643a-4262-92ab-52232c3ec69d,585a4fab-2fff-493c-8941-b14face7f54b,5b149ec0-5372-4ee4-a2f3-c6bd86a1d642,->,5ee5cae8-643a-4262-92ab-52232c3ec69d,java/sql/PreparedStatement.java,setInt
5ee5cae8-643a-4262-92ab-52232c3ec69d,585a4fab-2fff-493c-8941-b14face7f54b,5b149ec0-5372-4ee4-a2f3-c6bd86a1d642,->,5ee5cae8-643a-4262-92ab-52232c3ec69d,java/sql/PreparedStatement.java,executeUpdate
5ee5cae8-643a-4262-92ab-52232c3ec69d,585a4fab-2fff-493c-8941-b14face7f54b,5b149ec0-5372-4ee4-a2f3-c6bd86a1d642,->,5ee5cae8-643a-4262-92ab-52232c3ec69d,java/sql/PreparedStatement.java,close
5ee5cae8-643a-4262-92ab-52232c3ec69d,585a4fab-2fff-493c-8941-b14face7f54b,5b149ec0-5372-4ee4-a2f3-c6bd86a1d642,->,5ee5cae8-643a-4262-92ab-52232c3ec69d,java/sql/PreparedStatement.java,close
5ee5cae8-643a-4262-92ab-52232c3ec69d,585a4fab-2fff-493c-8941-b14face7f54b,5b149ec0-5372-4ee4-a2f3-c6bd86a1d642,->,5ee5cae8-643a-4262-92ab-52232c3ec69d,java/sql/PreparedStatement.java,close
5ee5cae8-643a-4262-92ab-52232c3ec69d,585a4fab-2fff-493c-8941-b14face7f54b,ca4ce2dd-49f8-40ec-877f-77bada7323fb,->,5ee5cae8-643a-4262-92ab-52232c3ec69d,585a4fab-2fff-493c-8941-b14face7f54b,3552c339-7d09-408a-97d3-6efb8792b070
5ee5cae8-643a-4262-92ab-52232c3ec69d,585a4fab-2fff-493c-8941-b14face7f54b,ca4ce2dd-49f8-40ec-877f-77bada7323fb,->,5ee5cae8-643a-4262-92ab-52232c3ec69d,585a4fab-2fff-493c-8941-b14face7f54b,c1a713a1-0494-4d21-b0ad-bc1955a48a7d
5ee5cae8-643a-4262-92ab-52232c3ec69d,585a4fab-2fff-493c-8941-b14face7f54b,ca4ce2dd-49f8-40ec-877f-77bada7323fb,->,5ee5cae8-643a-4262-92ab-52232c3ec69d,java/sql/Connection.java,prepareStatement
5ee5cae8-643a-4262-92ab-52232c3ec69d,585a4fab-2fff-493c-8941-b14face7f54b,ca4ce2dd-49f8-40ec-877f-77bada7323fb,->,5ee5cae8-643a-4262-92ab-52232c3ec69d,java/sql/PreparedStatement.java,setInt
5ee5cae8-643a-4262-92ab-52232c3ec69d,585a4fab-2fff-493c-8941-b14face7f54b,ca4ce2dd-49f8-40ec-877f-77bada7323fb,->,5ee5cae8-643a-4262-92ab-52232c3ec69d,java/sql/PreparedStatement.java,setInt
5ee5cae8-643a-4262-92ab-52232c3ec69d,585a4fab-2fff-493c-8941-b14face7f54b,ca4ce2dd-49f8-40ec-877f-77bada7323fb,->,5ee5cae8-643a-4262-92ab-52232c3ec69d,java/sql/PreparedStatement.java,executeUpdate
5ee5cae8-643a-4262-92ab-52232c3ec69d,585a4fab-2fff-493c-8941-b14face7f54b,ca4ce2dd-49f8-40ec-877f-77bada7323fb,->,5ee5cae8-643a-4262-92ab-52232c3ec69d,java/sql/PreparedStatement.java,close
5ee5cae8-643a-4262-92ab-52232c3ec69d,585a4fab-2fff-493c-8941-b14face7f54b,ca4ce2dd-49f8-40ec-877f-77bada7323fb,->,5ee5cae8-643a-4262-92ab-52232c3ec69d,java/sql/PreparedStatement.java,close
5ee5cae8-643a-4262-92ab-52232c3ec69d,585a4fab-2fff-493c-8941-b14face7f54b,ca4ce2dd-49f8-40ec-877f-77bada7323fb,->,5ee5cae8-643a-4262-92ab-52232c3ec69d,java/sql/PreparedStatement.java,close
5ee5cae8-643a-4262-92ab-52232c3ec69d,585a4fab-2fff-493c-8941-b14face7f54b,d9549edc-f57f-4456-b6aa-4b1f16a8d437,->,5ee5cae8-643a-4262-92ab-52232c3ec69d,585a4fab-2fff-493c-8941-b14face7f54b,3552c339-7d09-408a-97d3-6efb8792b070
5ee5cae8-643a-4262-92ab-52232c3ec69d,585a4fab-2fff-493c-8941-b14face7f54b,d9549edc-f57f-4456-b6aa-4b1f16a8d437,->,5ee5cae8-643a-4262-92ab-52232c3ec69d,585a4fab-2fff-493c-8941-b14face7f54b,5343b3d5-c94d-4cc6-8e9b-c91a57beb0be
5ee5cae8-643a-4262-92ab-52232c3ec69d,585a4fab-2fff-493c-8941-b14face7f54b,d9549edc-f57f-4456-b6aa-4b1f16a8d437,->,5ee5cae8-643a-4262-92ab-52232c3ec69d,java/sql/Connection.java,prepareStatement
5ee5cae8-643a-4262-92ab-52232c3ec69d,585a4fab-2fff-493c-8941-b14face7f54b,d9549edc-f57f-4456-b6aa-4b1f16a8d437,->,5ee5cae8-643a-4262-92ab-52232c3ec69d,java/sql/PreparedStatement.java,setInt
5ee5cae8-643a-4262-92ab-52232c3ec69d,585a4fab-2fff-493c-8941-b14face7f54b,d9549edc-f57f-4456-b6aa-4b1f16a8d437,->,5ee5cae8-643a-4262-92ab-52232c3ec69d,java/sql/PreparedStatement.java,setInt
5ee5cae8-643a-4262-92ab-52232c3ec69d,585a4fab-2fff-493c-8941-b14face7f54b,d9549edc-f57f-4456-b6aa-4b1f16a8d437,->,5ee5cae8-643a-4262-92ab-52232c3ec69d,java/sql/PreparedStatement.java,executeUpdate
5ee5cae8-643a-4262-92ab-52232c3ec69d,585a4fab-2fff-493c-8941-b14face7f54b,d9549edc-f57f-4456-b6aa-4b1f16a8d437,->,5ee5cae8-643a-4262-92ab-52232c3ec69d,java/sql/PreparedStatement.java,close
5ee5cae8-643a-4262-92ab-52232c3ec69d,585a4fab-2fff-493c-8941-b14face7f54b,d9549edc-f57f-4456-b6aa-4b1f16a8d437,->,5ee5cae8-643a-4262-92ab-52232c3ec69d,java/sql/PreparedStatement.java,close
5ee5cae8-643a-4262-92ab-52232c3ec69d,585a4fab-2fff-493c-8941-b14face7f54b,d9549edc-f57f-4456-b6aa-4b1f16a8d437,->,5ee5cae8-643a-4262-92ab-52232c3ec69d,java/sql/PreparedStatement.java,close
5ee5cae8-643a-4262-92ab-52232c3ec69d,585a4fab-2fff-493c-8941-b14face7f54b,545a87b7-1fe6-4b5b-9b3c-f255432f798f,->,5ee5cae8-643a-4262-92ab-52232c3ec69d,585a4fab-2fff-493c-8941-b14face7f54b,3552c339-7d09-408a-97d3-6efb8792b070
5ee5cae8-643a-4262-92ab-52232c3ec69d,585a4fab-2fff-493c-8941-b14face7f54b,545a87b7-1fe6-4b5b-9b3c-f255432f798f,->,5ee5cae8-643a-4262-92ab-52232c3ec69d,585a4fab-2fff-493c-8941-b14face7f54b,682ab2d7-986e-489e-91e3-c48762749b38
5ee5cae8-643a-4262-92ab-52232c3ec69d,585a4fab-2fff-493c-8941-b14face7f54b,545a87b7-1fe6-4b5b-9b3c-f255432f798f,->,5ee5cae8-643a-4262-92ab-52232c3ec69d,java/sql/Connection.java,prepareStatement
5ee5cae8-643a-4262-92ab-52232c3ec69d,585a4fab-2fff-493c-8941-b14face7f54b,545a87b7-1fe6-4b5b-9b3c-f255432f798f,->,5ee5cae8-643a-4262-92ab-52232c3ec69d,java/sql/PreparedStatement.java,setInt
5ee5cae8-643a-4262-92ab-52232c3ec69d,585a4fab-2fff-493c-8941-b14face7f54b,545a87b7-1fe6-4b5b-9b3c-f255432f798f,->,5ee5cae8-643a-4262-92ab-52232c3ec69d,java/sql/PreparedStatement.java,setInt
5ee5cae8-643a-4262-92ab-52232c3ec69d,585a4fab-2fff-493c-8941-b14face7f54b,545a87b7-1fe6-4b5b-9b3c-f255432f798f,->,5ee5cae8-643a-4262-92ab-52232c3ec69d,java/sql/PreparedStatement.java,executeUpdate
5ee5cae8-643a-4262-92ab-52232c3ec69d,585a4fab-2fff-493c-8941-b14face7f54b,545a87b7-1fe6-4b5b-9b3c-f255432f798f,->,5ee5cae8-643a-4262-92ab-52232c3ec69d,java/sql/PreparedStatement.java,close
5ee5cae8-643a-4262-92ab-52232c3ec69d,585a4fab-2fff-493c-8941-b14face7f54b,545a87b7-1fe6-4b5b-9b3c-f255432f798f,->,5ee5cae8-643a-4262-92ab-52232c3ec69d,java/sql/PreparedStatement.java,close
5ee5cae8-643a-4262-92ab-52232c3ec69d,585a4fab-2fff-493c-8941-b14face7f54b,545a87b7-1fe6-4b5b-9b3c-f255432f798f,->,5ee5cae8-643a-4262-92ab-52232c3ec69d,java/sql/PreparedStatement.java,close
