caller_project_id,caller_class_id,caller_method_id,CALL_DIRECTION,callee_project_id,callee_class_id,callee_method_id
67366ab5-4121-477e-a26c-d2501b464c4e,775aa628-c512-4684-9c0c-1bea28eb421f,6e0e6097-cedd-4d95-988f-48a2aed09e1e,->,67366ab5-4121-477e-a26c-d2501b464c4e,java/net/ServerSocket.java,accept
67366ab5-4121-477e-a26c-d2501b464c4e,775aa628-c512-4684-9c0c-1bea28eb421f,6e0e6097-cedd-4d95-988f-48a2aed09e1e,->,67366ab5-4121-477e-a26c-d2501b464c4e,java/lang/StringBuilder.java,append
67366ab5-4121-477e-a26c-d2501b464c4e,775aa628-c512-4684-9c0c-1bea28eb421f,6e0e6097-cedd-4d95-988f-48a2aed09e1e,->,67366ab5-4121-477e-a26c-d2501b464c4e,java/lang/StringBuilder.java,append
67366ab5-4121-477e-a26c-d2501b464c4e,775aa628-c512-4684-9c0c-1bea28eb421f,6e0e6097-cedd-4d95-988f-48a2aed09e1e,->,67366ab5-4121-477e-a26c-d2501b464c4e,java/lang/StringBuilder.java,append
67366ab5-4121-477e-a26c-d2501b464c4e,775aa628-c512-4684-9c0c-1bea28eb421f,6e0e6097-cedd-4d95-988f-48a2aed09e1e,->,67366ab5-4121-477e-a26c-d2501b464c4e,java/lang/StringBuilder.java,toString
67366ab5-4121-477e-a26c-d2501b464c4e,775aa628-c512-4684-9c0c-1bea28eb421f,6e0e6097-cedd-4d95-988f-48a2aed09e1e,->,67366ab5-4121-477e-a26c-d2501b464c4e,java/io/PrintStream.java,println
67366ab5-4121-477e-a26c-d2501b464c4e,775aa628-c512-4684-9c0c-1bea28eb421f,6e0e6097-cedd-4d95-988f-48a2aed09e1e,->,67366ab5-4121-477e-a26c-d2501b464c4e,java/util/LinkedList.java,iterator
67366ab5-4121-477e-a26c-d2501b464c4e,775aa628-c512-4684-9c0c-1bea28eb421f,6e0e6097-cedd-4d95-988f-48a2aed09e1e,->,67366ab5-4121-477e-a26c-d2501b464c4e,java/util/Iterator.java,hasNext
67366ab5-4121-477e-a26c-d2501b464c4e,775aa628-c512-4684-9c0c-1bea28eb421f,6e0e6097-cedd-4d95-988f-48a2aed09e1e,->,67366ab5-4121-477e-a26c-d2501b464c4e,java/util/Iterator.java,next
67366ab5-4121-477e-a26c-d2501b464c4e,775aa628-c512-4684-9c0c-1bea28eb421f,6e0e6097-cedd-4d95-988f-48a2aed09e1e,->,67366ab5-4121-477e-a26c-d2501b464c4e,CommLayer/StreamThread.java,addObserver
67366ab5-4121-477e-a26c-d2501b464c4e,775aa628-c512-4684-9c0c-1bea28eb421f,6e0e6097-cedd-4d95-988f-48a2aed09e1e,->,67366ab5-4121-477e-a26c-d2501b464c4e,java/util/LinkedList.java,add
67366ab5-4121-477e-a26c-d2501b464c4e,775aa628-c512-4684-9c0c-1bea28eb421f,6e0e6097-cedd-4d95-988f-48a2aed09e1e,->,67366ab5-4121-477e-a26c-d2501b464c4e,java/lang/Thread.java,start
67366ab5-4121-477e-a26c-d2501b464c4e,775aa628-c512-4684-9c0c-1bea28eb421f,6e0e6097-cedd-4d95-988f-48a2aed09e1e,->,67366ab5-4121-477e-a26c-d2501b464c4e,java/io/IOException.java,printStackTrace
67366ab5-4121-477e-a26c-d2501b464c4e,775aa628-c512-4684-9c0c-1bea28eb421f,82cda9fa-b25c-4b6b-b71a-b6e73a845c1c,->,67366ab5-4121-477e-a26c-d2501b464c4e,java/util/LinkedList.java,add
67366ab5-4121-477e-a26c-d2501b464c4e,775aa628-c512-4684-9c0c-1bea28eb421f,82cda9fa-b25c-4b6b-b71a-b6e73a845c1c,->,67366ab5-4121-477e-a26c-d2501b464c4e,java/util/LinkedList.java,iterator
67366ab5-4121-477e-a26c-d2501b464c4e,775aa628-c512-4684-9c0c-1bea28eb421f,82cda9fa-b25c-4b6b-b71a-b6e73a845c1c,->,67366ab5-4121-477e-a26c-d2501b464c4e,java/util/Iterator.java,hasNext
67366ab5-4121-477e-a26c-d2501b464c4e,775aa628-c512-4684-9c0c-1bea28eb421f,82cda9fa-b25c-4b6b-b71a-b6e73a845c1c,->,67366ab5-4121-477e-a26c-d2501b464c4e,java/util/Iterator.java,next
67366ab5-4121-477e-a26c-d2501b464c4e,775aa628-c512-4684-9c0c-1bea28eb421f,82cda9fa-b25c-4b6b-b71a-b6e73a845c1c,->,67366ab5-4121-477e-a26c-d2501b464c4e,CommLayer/StreamThread.java,addObserver
67366ab5-4121-477e-a26c-d2501b464c4e,775aa628-c512-4684-9c0c-1bea28eb421f,6f665b8c-2b58-46b3-805f-c1b9e7c68a7c,->,67366ab5-4121-477e-a26c-d2501b464c4e,java/util/LinkedList.java,iterator
67366ab5-4121-477e-a26c-d2501b464c4e,775aa628-c512-4684-9c0c-1bea28eb421f,6f665b8c-2b58-46b3-805f-c1b9e7c68a7c,->,67366ab5-4121-477e-a26c-d2501b464c4e,java/util/Iterator.java,hasNext
67366ab5-4121-477e-a26c-d2501b464c4e,775aa628-c512-4684-9c0c-1bea28eb421f,6f665b8c-2b58-46b3-805f-c1b9e7c68a7c,->,67366ab5-4121-477e-a26c-d2501b464c4e,java/util/Iterator.java,next
67366ab5-4121-477e-a26c-d2501b464c4e,775aa628-c512-4684-9c0c-1bea28eb421f,6f665b8c-2b58-46b3-805f-c1b9e7c68a7c,->,67366ab5-4121-477e-a26c-d2501b464c4e,a492821a-1ea4-423e-a07e-d1f54be0f732,c5b3dd0d-5e12-44ad-91f9-f73db28438fb
67366ab5-4121-477e-a26c-d2501b464c4e,775aa628-c512-4684-9c0c-1bea28eb421f,6f665b8c-2b58-46b3-805f-c1b9e7c68a7c,->,67366ab5-4121-477e-a26c-d2501b464c4e,java/net/ServerSocket.java,close
67366ab5-4121-477e-a26c-d2501b464c4e,775aa628-c512-4684-9c0c-1bea28eb421f,6f665b8c-2b58-46b3-805f-c1b9e7c68a7c,->,67366ab5-4121-477e-a26c-d2501b464c4e,java/io/IOException.java,printStackTrace
67366ab5-4121-477e-a26c-d2501b464c4e,4fa51dba-e91a-4b97-9858-08e4cb7ab21d,435d454d-4329-4af9-a25b-9e4588bc3102,->,67366ab5-4121-477e-a26c-d2501b464c4e,java/lang/StringBuilder.java,append
67366ab5-4121-477e-a26c-d2501b464c4e,4fa51dba-e91a-4b97-9858-08e4cb7ab21d,435d454d-4329-4af9-a25b-9e4588bc3102,->,67366ab5-4121-477e-a26c-d2501b464c4e,CommLayer/Messages/AvalancheMessages$Message.java,getMessageType
67366ab5-4121-477e-a26c-d2501b464c4e,4fa51dba-e91a-4b97-9858-08e4cb7ab21d,435d454d-4329-4af9-a25b-9e4588bc3102,->,67366ab5-4121-477e-a26c-d2501b464c4e,java/lang/StringBuilder.java,append
67366ab5-4121-477e-a26c-d2501b464c4e,4fa51dba-e91a-4b97-9858-08e4cb7ab21d,435d454d-4329-4af9-a25b-9e4588bc3102,->,67366ab5-4121-477e-a26c-d2501b464c4e,java/lang/StringBuilder.java,toString
67366ab5-4121-477e-a26c-d2501b464c4e,4fa51dba-e91a-4b97-9858-08e4cb7ab21d,435d454d-4329-4af9-a25b-9e4588bc3102,->,67366ab5-4121-477e-a26c-d2501b464c4e,java/io/PrintStream.java,println
67366ab5-4121-477e-a26c-d2501b464c4e,4fa51dba-e91a-4b97-9858-08e4cb7ab21d,435d454d-4329-4af9-a25b-9e4588bc3102,->,67366ab5-4121-477e-a26c-d2501b464c4e,CommLayer/Messages/AvalancheMessages$Message.java,newBuilder
67366ab5-4121-477e-a26c-d2501b464c4e,4fa51dba-e91a-4b97-9858-08e4cb7ab21d,435d454d-4329-4af9-a25b-9e4588bc3102,->,67366ab5-4121-477e-a26c-d2501b464c4e,CommLayer/Messages/AvalancheMessages$Message$Builder.java,mergeFrom
67366ab5-4121-477e-a26c-d2501b464c4e,4fa51dba-e91a-4b97-9858-08e4cb7ab21d,435d454d-4329-4af9-a25b-9e4588bc3102,->,67366ab5-4121-477e-a26c-d2501b464c4e,a492821a-1ea4-423e-a07e-d1f54be0f732,245e4e44-cf37-4d76-9cfe-068ca2de02db
67366ab5-4121-477e-a26c-d2501b464c4e,4fa51dba-e91a-4b97-9858-08e4cb7ab21d,435d454d-4329-4af9-a25b-9e4588bc3102,->,67366ab5-4121-477e-a26c-d2501b464c4e,a492821a-1ea4-423e-a07e-d1f54be0f732,c5b3dd0d-5e12-44ad-91f9-f73db28438fb
67366ab5-4121-477e-a26c-d2501b464c4e,4fa51dba-e91a-4b97-9858-08e4cb7ab21d,435d454d-4329-4af9-a25b-9e4588bc3102,->,67366ab5-4121-477e-a26c-d2501b464c4e,java/io/PrintStream.java,println
67366ab5-4121-477e-a26c-d2501b464c4e,b568f2f0-a628-47c6-be5a-c9610ea031b1,f1c99b01-118b-41d5-9724-e700a387d981,->,67366ab5-4121-477e-a26c-d2501b464c4e,java/lang/StringBuilder.java,append
67366ab5-4121-477e-a26c-d2501b464c4e,b568f2f0-a628-47c6-be5a-c9610ea031b1,f1c99b01-118b-41d5-9724-e700a387d981,->,67366ab5-4121-477e-a26c-d2501b464c4e,CommLayer/Messages/AvalancheMessages$Message.java,getMessageType
67366ab5-4121-477e-a26c-d2501b464c4e,b568f2f0-a628-47c6-be5a-c9610ea031b1,f1c99b01-118b-41d5-9724-e700a387d981,->,67366ab5-4121-477e-a26c-d2501b464c4e,java/lang/StringBuilder.java,append
67366ab5-4121-477e-a26c-d2501b464c4e,b568f2f0-a628-47c6-be5a-c9610ea031b1,f1c99b01-118b-41d5-9724-e700a387d981,->,67366ab5-4121-477e-a26c-d2501b464c4e,java/lang/StringBuilder.java,toString
67366ab5-4121-477e-a26c-d2501b464c4e,b568f2f0-a628-47c6-be5a-c9610ea031b1,f1c99b01-118b-41d5-9724-e700a387d981,->,67366ab5-4121-477e-a26c-d2501b464c4e,java/io/PrintStream.java,println
67366ab5-4121-477e-a26c-d2501b464c4e,8e94185b-ecc6-46c6-8344-391d5c95f4fa,5786edba-6138-4780-931e-e95298c487c2,->,67366ab5-4121-477e-a26c-d2501b464c4e,2ad5ceba-170a-46b2-ab66-da5b1ce959ba,b6e743a5-d90f-466e-8bc8-e39adfb690e0
67366ab5-4121-477e-a26c-d2501b464c4e,8e94185b-ecc6-46c6-8344-391d5c95f4fa,5786edba-6138-4780-931e-e95298c487c2,->,67366ab5-4121-477e-a26c-d2501b464c4e,CommLayer/Messages/AvalancheMessages$Message.java,getSenderId
67366ab5-4121-477e-a26c-d2501b464c4e,8e94185b-ecc6-46c6-8344-391d5c95f4fa,5786edba-6138-4780-931e-e95298c487c2,->,67366ab5-4121-477e-a26c-d2501b464c4e,java/util/concurrent/ConcurrentHashMap.java,get
67366ab5-4121-477e-a26c-d2501b464c4e,8e94185b-ecc6-46c6-8344-391d5c95f4fa,5786edba-6138-4780-931e-e95298c487c2,->,67366ab5-4121-477e-a26c-d2501b464c4e,java/util/Timer.java,cancel
67366ab5-4121-477e-a26c-d2501b464c4e,8e94185b-ecc6-46c6-8344-391d5c95f4fa,5786edba-6138-4780-931e-e95298c487c2,->,67366ab5-4121-477e-a26c-d2501b464c4e,java/lang/Class.java,newInstance
67366ab5-4121-477e-a26c-d2501b464c4e,8e94185b-ecc6-46c6-8344-391d5c95f4fa,5786edba-6138-4780-931e-e95298c487c2,->,67366ab5-4121-477e-a26c-d2501b464c4e,java/util/Timer.java,schedule
67366ab5-4121-477e-a26c-d2501b464c4e,8e94185b-ecc6-46c6-8344-391d5c95f4fa,5786edba-6138-4780-931e-e95298c487c2,->,67366ab5-4121-477e-a26c-d2501b464c4e,java/lang/InstantiationException.java,printStackTrace
67366ab5-4121-477e-a26c-d2501b464c4e,8e94185b-ecc6-46c6-8344-391d5c95f4fa,5786edba-6138-4780-931e-e95298c487c2,->,67366ab5-4121-477e-a26c-d2501b464c4e,java/lang/IllegalAccessException.java,printStackTrace
67366ab5-4121-477e-a26c-d2501b464c4e,8e94185b-ecc6-46c6-8344-391d5c95f4fa,5786edba-6138-4780-931e-e95298c487c2,->,67366ab5-4121-477e-a26c-d2501b464c4e,java/util/concurrent/ConcurrentHashMap.java,put
67366ab5-4121-477e-a26c-d2501b464c4e,8e94185b-ecc6-46c6-8344-391d5c95f4fa,5786edba-6138-4780-931e-e95298c487c2,->,67366ab5-4121-477e-a26c-d2501b464c4e,2ad5ceba-170a-46b2-ab66-da5b1ce959ba,b6e743a5-d90f-466e-8bc8-e39adfb690e0
67366ab5-4121-477e-a26c-d2501b464c4e,8e94185b-ecc6-46c6-8344-391d5c95f4fa,5786edba-6138-4780-931e-e95298c487c2,->,67366ab5-4121-477e-a26c-d2501b464c4e,CommLayer/Messages/AvalancheMessages$Message.java,getSenderId
67366ab5-4121-477e-a26c-d2501b464c4e,8e94185b-ecc6-46c6-8344-391d5c95f4fa,5786edba-6138-4780-931e-e95298c487c2,->,67366ab5-4121-477e-a26c-d2501b464c4e,java/util/concurrent/ConcurrentHashMap.java,get
67366ab5-4121-477e-a26c-d2501b464c4e,8e94185b-ecc6-46c6-8344-391d5c95f4fa,5786edba-6138-4780-931e-e95298c487c2,->,67366ab5-4121-477e-a26c-d2501b464c4e,java/util/Timer.java,cancel
67366ab5-4121-477e-a26c-d2501b464c4e,CommLayer/Messages/AvalancheMessages$Message$DataManagerMessage$DataRegMessage.java,getDescriptor,->,67366ab5-4121-477e-a26c-d2501b464c4e,CommLayer/Messages/AvalancheMessages.java,access$8400
67366ab5-4121-477e-a26c-d2501b464c4e,CommLayer/Messages/AvalancheMessages$Message$DataManagerMessage$DataRegMessage.java,internalGetFieldAccessorTable,->,67366ab5-4121-477e-a26c-d2501b464c4e,CommLayer/Messages/AvalancheMessages.java,access$8500
67366ab5-4121-477e-a26c-d2501b464c4e,CommLayer/Messages/AvalancheMessages$Message$DataManagerMessage$DataRegMessage.java,internalGetFieldAccessorTable,->,67366ab5-4121-477e-a26c-d2501b464c4e,com/google/protobuf/GeneratedMessage$FieldAccessorTable.java,ensureFieldAccessorsInitialized
67366ab5-4121-477e-a26c-d2501b464c4e,CommLayer/Messages/AvalancheMessages$Message$DataManagerMessage$DataRegMessage.java,getTaskId,->,67366ab5-4121-477e-a26c-d2501b464c4e,com/google/protobuf/ByteString.java,toStringUtf8
67366ab5-4121-477e-a26c-d2501b464c4e,CommLayer/Messages/AvalancheMessages$Message$DataManagerMessage$DataRegMessage.java,getTaskId,->,67366ab5-4121-477e-a26c-d2501b464c4e,com/google/protobuf/ByteString.java,isValidUtf8
67366ab5-4121-477e-a26c-d2501b464c4e,CommLayer/Messages/AvalancheMessages$Message$DataManagerMessage$DataRegMessage.java,getTaskIdBytes,->,67366ab5-4121-477e-a26c-d2501b464c4e,com/google/protobuf/ByteString.java,copyFromUtf8
67366ab5-4121-477e-a26c-d2501b464c4e,CommLayer/Messages/AvalancheMessages$Message$DataManagerMessage$DataRegMessage.java,initFields,->,67366ab5-4121-477e-a26c-d2501b464c4e,CommLayer/Messages/AvalancheMessages$Message$Location.java,getDefaultInstance
67366ab5-4121-477e-a26c-d2501b464c4e,CommLayer/Messages/AvalancheMessages$Message$DataManagerMessage$DataRegMessage.java,initFields,->,67366ab5-4121-477e-a26c-d2501b464c4e,CommLayer/Messages/AvalancheMessages$Message$Location.java,getDefaultInstance
67366ab5-4121-477e-a26c-d2501b464c4e,CommLayer/Messages/AvalancheMessages$Message$DataManagerMessage$DataRegMessage.java,writeTo,->,67366ab5-4121-477e-a26c-d2501b464c4e,CommLayer/Messages/AvalancheMessages$Message$DataManagerMessage$DataRegMessage.java,getSerializedSize
67366ab5-4121-477e-a26c-d2501b464c4e,CommLayer/Messages/AvalancheMessages$Message$DataManagerMessage$DataRegMessage.java,writeTo,->,67366ab5-4121-477e-a26c-d2501b464c4e,com/google/protobuf/CodedOutputStream.java,writeMessage
67366ab5-4121-477e-a26c-d2501b464c4e,CommLayer/Messages/AvalancheMessages$Message$DataManagerMessage$DataRegMessage.java,writeTo,->,67366ab5-4121-477e-a26c-d2501b464c4e,com/google/protobuf/CodedOutputStream.java,writeMessage
67366ab5-4121-477e-a26c-d2501b464c4e,CommLayer/Messages/AvalancheMessages$Message$DataManagerMessage$DataRegMessage.java,writeTo,->,67366ab5-4121-477e-a26c-d2501b464c4e,CommLayer/Messages/AvalancheMessages$Message$DataManagerMessage$DataRegMessage.java,getTaskIdBytes
67366ab5-4121-477e-a26c-d2501b464c4e,CommLayer/Messages/AvalancheMessages$Message$DataManagerMessage$DataRegMessage.java,writeTo,->,67366ab5-4121-477e-a26c-d2501b464c4e,com/google/protobuf/CodedOutputStream.java,writeBytes
67366ab5-4121-477e-a26c-d2501b464c4e,CommLayer/Messages/AvalancheMessages$Message$DataManagerMessage$DataRegMessage.java,writeTo,->,67366ab5-4121-477e-a26c-d2501b464c4e,CommLayer/Messages/AvalancheMessages$Message$DataManagerMessage$DataRegMessage.java,getUnknownFields
67366ab5-4121-477e-a26c-d2501b464c4e,CommLayer/Messages/AvalancheMessages$Message$DataManagerMessage$DataRegMessage.java,writeTo,->,67366ab5-4121-477e-a26c-d2501b464c4e,com/google/protobuf/UnknownFieldSet.java,writeTo
67366ab5-4121-477e-a26c-d2501b464c4e,CommLayer/Messages/AvalancheMessages$Message$DataManagerMessage$DataRegMessage.java,getSerializedSize,->,67366ab5-4121-477e-a26c-d2501b464c4e,com/google/protobuf/CodedOutputStream.java,computeMessageSize
67366ab5-4121-477e-a26c-d2501b464c4e,CommLayer/Messages/AvalancheMessages$Message$DataManagerMessage$DataRegMessage.java,getSerializedSize,->,67366ab5-4121-477e-a26c-d2501b464c4e,com/google/protobuf/CodedOutputStream.java,computeMessageSize
67366ab5-4121-477e-a26c-d2501b464c4e,CommLayer/Messages/AvalancheMessages$Message$DataManagerMessage$DataRegMessage.java,getSerializedSize,->,67366ab5-4121-477e-a26c-d2501b464c4e,CommLayer/Messages/AvalancheMessages$Message$DataManagerMessage$DataRegMessage.java,getTaskIdBytes
67366ab5-4121-477e-a26c-d2501b464c4e,CommLayer/Messages/AvalancheMessages$Message$DataManagerMessage$DataRegMessage.java,getSerializedSize,->,67366ab5-4121-477e-a26c-d2501b464c4e,com/google/protobuf/CodedOutputStream.java,computeBytesSize
67366ab5-4121-477e-a26c-d2501b464c4e,CommLayer/Messages/AvalancheMessages$Message$DataManagerMessage$DataRegMessage.java,getSerializedSize,->,67366ab5-4121-477e-a26c-d2501b464c4e,CommLayer/Messages/AvalancheMessages$Message$DataManagerMessage$DataRegMessage.java,getUnknownFields
67366ab5-4121-477e-a26c-d2501b464c4e,CommLayer/Messages/AvalancheMessages$Message$DataManagerMessage$DataRegMessage.java,getSerializedSize,->,67366ab5-4121-477e-a26c-d2501b464c4e,com/google/protobuf/UnknownFieldSet.java,getSerializedSize
67366ab5-4121-477e-a26c-d2501b464c4e,CommLayer/Messages/AvalancheMessages$Message$DataManagerMessage$DataRegMessage.java,writeReplace,->,67366ab5-4121-477e-a26c-d2501b464c4e,com/google/protobuf/GeneratedMessage.java,writeReplace
67366ab5-4121-477e-a26c-d2501b464c4e,CommLayer/Messages/AvalancheMessages$Message$DataManagerMessage$DataRegMessage.java,parseFrom,->,67366ab5-4121-477e-a26c-d2501b464c4e,com/google/protobuf/Parser.java,parseFrom
67366ab5-4121-477e-a26c-d2501b464c4e,CommLayer/Messages/AvalancheMessages$Message$DataManagerMessage$DataRegMessage.java,parseFrom,->,67366ab5-4121-477e-a26c-d2501b464c4e,com/google/protobuf/Parser.java,parseFrom
67366ab5-4121-477e-a26c-d2501b464c4e,CommLayer/Messages/AvalancheMessages$Message$DataManagerMessage$DataRegMessage.java,parseFrom,->,67366ab5-4121-477e-a26c-d2501b464c4e,com/google/protobuf/Parser.java,parseFrom
67366ab5-4121-477e-a26c-d2501b464c4e,CommLayer/Messages/AvalancheMessages$Message$DataManagerMessage$DataRegMessage.java,parseFrom,->,67366ab5-4121-477e-a26c-d2501b464c4e,com/google/protobuf/Parser.java,parseFrom
67366ab5-4121-477e-a26c-d2501b464c4e,CommLayer/Messages/AvalancheMessages$Message$DataManagerMessage$DataRegMessage.java,parseFrom,->,67366ab5-4121-477e-a26c-d2501b464c4e,com/google/protobuf/Parser.java,parseFrom
67366ab5-4121-477e-a26c-d2501b464c4e,CommLayer/Messages/AvalancheMessages$Message$DataManagerMessage$DataRegMessage.java,parseFrom,->,67366ab5-4121-477e-a26c-d2501b464c4e,com/google/protobuf/Parser.java,parseFrom
67366ab5-4121-477e-a26c-d2501b464c4e,CommLayer/Messages/AvalancheMessages$Message$DataManagerMessage$DataRegMessage.java,parseDelimitedFrom,->,67366ab5-4121-477e-a26c-d2501b464c4e,com/google/protobuf/Parser.java,parseDelimitedFrom
67366ab5-4121-477e-a26c-d2501b464c4e,CommLayer/Messages/AvalancheMessages$Message$DataManagerMessage$DataRegMessage.java,parseDelimitedFrom,->,67366ab5-4121-477e-a26c-d2501b464c4e,com/google/protobuf/Parser.java,parseDelimitedFrom
67366ab5-4121-477e-a26c-d2501b464c4e,CommLayer/Messages/AvalancheMessages$Message$DataManagerMessage$DataRegMessage.java,parseFrom,->,67366ab5-4121-477e-a26c-d2501b464c4e,com/google/protobuf/Parser.java,parseFrom
67366ab5-4121-477e-a26c-d2501b464c4e,CommLayer/Messages/AvalancheMessages$Message$DataManagerMessage$DataRegMessage.java,parseFrom,->,67366ab5-4121-477e-a26c-d2501b464c4e,com/google/protobuf/Parser.java,parseFrom
67366ab5-4121-477e-a26c-d2501b464c4e,CommLayer/Messages/AvalancheMessages$Message$DataManagerMessage$DataRegMessage.java,newBuilder,->,67366ab5-4121-477e-a26c-d2501b464c4e,CommLayer/Messages/AvalancheMessages$Message$DataManagerMessage$DataRegMessage$Builder.java,access$8700
67366ab5-4121-477e-a26c-d2501b464c4e,CommLayer/Messages/AvalancheMessages$Message$DataManagerMessage$DataRegMessage.java,newBuilderForType,->,67366ab5-4121-477e-a26c-d2501b464c4e,CommLayer/Messages/AvalancheMessages$Message$DataManagerMessage$DataRegMessage.java,newBuilder
67366ab5-4121-477e-a26c-d2501b464c4e,CommLayer/Messages/AvalancheMessages$Message$DataManagerMessage$DataRegMessage.java,newBuilder,->,67366ab5-4121-477e-a26c-d2501b464c4e,CommLayer/Messages/AvalancheMessages$Message$DataManagerMessage$DataRegMessage.java,newBuilder
67366ab5-4121-477e-a26c-d2501b464c4e,CommLayer/Messages/AvalancheMessages$Message$DataManagerMessage$DataRegMessage.java,newBuilder,->,67366ab5-4121-477e-a26c-d2501b464c4e,CommLayer/Messages/AvalancheMessages$Message$DataManagerMessage$DataRegMessage$Builder.java,mergeFrom
67366ab5-4121-477e-a26c-d2501b464c4e,CommLayer/Messages/AvalancheMessages$Message$DataManagerMessage$DataRegMessage.java,toBuilder,->,67366ab5-4121-477e-a26c-d2501b464c4e,CommLayer/Messages/AvalancheMessages$Message$DataManagerMessage$DataRegMessage.java,newBuilder
67366ab5-4121-477e-a26c-d2501b464c4e,CommLayer/Messages/AvalancheMessages$Message$DataManagerMessage$DataRegMessage.java,newBuilderForType,->,67366ab5-4121-477e-a26c-d2501b464c4e,CommLayer/Messages/AvalancheMessages$Message$DataManagerMessage$DataRegMessage.java,newBuilderForType
67366ab5-4121-477e-a26c-d2501b464c4e,CommLayer/Messages/AvalancheMessages$Message$DataManagerMessage$DataRegMessage.java,toBuilder,->,67366ab5-4121-477e-a26c-d2501b464c4e,CommLayer/Messages/AvalancheMessages$Message$DataManagerMessage$DataRegMessage.java,toBuilder
67366ab5-4121-477e-a26c-d2501b464c4e,CommLayer/Messages/AvalancheMessages$Message$DataManagerMessage$DataRegMessage.java,newBuilderForType,->,67366ab5-4121-477e-a26c-d2501b464c4e,CommLayer/Messages/AvalancheMessages$Message$DataManagerMessage$DataRegMessage.java,newBuilderForType
67366ab5-4121-477e-a26c-d2501b464c4e,CommLayer/Messages/AvalancheMessages$Message$DataManagerMessage$DataRegMessage.java,toBuilder,->,67366ab5-4121-477e-a26c-d2501b464c4e,CommLayer/Messages/AvalancheMessages$Message$DataManagerMessage$DataRegMessage.java,toBuilder
67366ab5-4121-477e-a26c-d2501b464c4e,CommLayer/Messages/AvalancheMessages$Message$DataManagerMessage$DataRegMessage.java,newBuilderForType,->,67366ab5-4121-477e-a26c-d2501b464c4e,CommLayer/Messages/AvalancheMessages$Message$DataManagerMessage$DataRegMessage.java,newBuilderForType
67366ab5-4121-477e-a26c-d2501b464c4e,CommLayer/Messages/AvalancheMessages$Message$DataManagerMessage$DataRegMessage.java,getDefaultInstanceForType,->,67366ab5-4121-477e-a26c-d2501b464c4e,CommLayer/Messages/AvalancheMessages$Message$DataManagerMessage$DataRegMessage.java,getDefaultInstanceForType
67366ab5-4121-477e-a26c-d2501b464c4e,CommLayer/Messages/AvalancheMessages$Message$DataManagerMessage$DataRegMessage.java,getDefaultInstanceForType,->,67366ab5-4121-477e-a26c-d2501b464c4e,CommLayer/Messages/AvalancheMessages$Message$DataManagerMessage$DataRegMessage.java,getDefaultInstanceForType
67366ab5-4121-477e-a26c-d2501b464c4e,CommLayer/Messages/AvalancheMessages$Message$DataManagerMessage$DataRegMessage.java,<clinit>,->,67366ab5-4121-477e-a26c-d2501b464c4e,CommLayer/Messages/AvalancheMessages$Message$DataManagerMessage$DataRegMessage.java,initFields
67366ab5-4121-477e-a26c-d2501b464c4e,CommLayer/Messages/AvalancheMessages$Message$TopologyMessage.java,getDescriptor,->,67366ab5-4121-477e-a26c-d2501b464c4e,CommLayer/Messages/AvalancheMessages.java,access$15500
67366ab5-4121-477e-a26c-d2501b464c4e,CommLayer/Messages/AvalancheMessages$Message$TopologyMessage.java,internalGetFieldAccessorTable,->,67366ab5-4121-477e-a26c-d2501b464c4e,CommLayer/Messages/AvalancheMessages.java,access$15600
67366ab5-4121-477e-a26c-d2501b464c4e,CommLayer/Messages/AvalancheMessages$Message$TopologyMessage.java,internalGetFieldAccessorTable,->,67366ab5-4121-477e-a26c-d2501b464c4e,com/google/protobuf/GeneratedMessage$FieldAccessorTable.java,ensureFieldAccessorsInitialized
67366ab5-4121-477e-a26c-d2501b464c4e,CommLayer/Messages/AvalancheMessages$Message$TopologyMessage.java,getNamespace,->,67366ab5-4121-477e-a26c-d2501b464c4e,com/google/protobuf/ByteString.java,toStringUtf8
67366ab5-4121-477e-a26c-d2501b464c4e,CommLayer/Messages/AvalancheMessages$Message$TopologyMessage.java,getNamespace,->,67366ab5-4121-477e-a26c-d2501b464c4e,com/google/protobuf/ByteString.java,isValidUtf8
67366ab5-4121-477e-a26c-d2501b464c4e,CommLayer/Messages/AvalancheMessages$Message$TopologyMessage.java,getNamespaceBytes,->,67366ab5-4121-477e-a26c-d2501b464c4e,com/google/protobuf/ByteString.java,copyFromUtf8
67366ab5-4121-477e-a26c-d2501b464c4e,CommLayer/Messages/AvalancheMessages$Message$TopologyMessage.java,getMachinesCount,->,67366ab5-4121-477e-a26c-d2501b464c4e,com/google/protobuf/LazyStringList.java,size
67366ab5-4121-477e-a26c-d2501b464c4e,CommLayer/Messages/AvalancheMessages$Message$TopologyMessage.java,getMachines,->,67366ab5-4121-477e-a26c-d2501b464c4e,com/google/protobuf/LazyStringList.java,get
67366ab5-4121-477e-a26c-d2501b464c4e,CommLayer/Messages/AvalancheMessages$Message$TopologyMessage.java,getMachinesBytes,->,67366ab5-4121-477e-a26c-d2501b464c4e,com/google/protobuf/LazyStringList.java,getByteString
67366ab5-4121-477e-a26c-d2501b464c4e,CommLayer/Messages/AvalancheMessages$Message$TopologyMessage.java,getBuildernodesCount,->,67366ab5-4121-477e-a26c-d2501b464c4e,java/util/List.java,size
67366ab5-4121-477e-a26c-d2501b464c4e,CommLayer/Messages/AvalancheMessages$Message$TopologyMessage.java,getBuildernodes,->,67366ab5-4121-477e-a26c-d2501b464c4e,java/util/List.java,get
67366ab5-4121-477e-a26c-d2501b464c4e,CommLayer/Messages/AvalancheMessages$Message$TopologyMessage.java,getBuildernodesOrBuilder,->,67366ab5-4121-477e-a26c-d2501b464c4e,java/util/List.java,get
67366ab5-4121-477e-a26c-d2501b464c4e,CommLayer/Messages/AvalancheMessages$Message$TopologyMessage.java,getNodesCount,->,67366ab5-4121-477e-a26c-d2501b464c4e,java/util/List.java,size
67366ab5-4121-477e-a26c-d2501b464c4e,CommLayer/Messages/AvalancheMessages$Message$TopologyMessage.java,getNodes,->,67366ab5-4121-477e-a26c-d2501b464c4e,java/util/List.java,get
67366ab5-4121-477e-a26c-d2501b464c4e,CommLayer/Messages/AvalancheMessages$Message$TopologyMessage.java,getNodesOrBuilder,->,67366ab5-4121-477e-a26c-d2501b464c4e,java/util/List.java,get
67366ab5-4121-477e-a26c-d2501b464c4e,CommLayer/Messages/AvalancheMessages$Message$TopologyMessage.java,initFields,->,67366ab5-4121-477e-a26c-d2501b464c4e,java/util/Collections.java,emptyList
67366ab5-4121-477e-a26c-d2501b464c4e,CommLayer/Messages/AvalancheMessages$Message$TopologyMessage.java,initFields,->,67366ab5-4121-477e-a26c-d2501b464c4e,java/util/Collections.java,emptyList
67366ab5-4121-477e-a26c-d2501b464c4e,CommLayer/Messages/AvalancheMessages$Message$TopologyMessage.java,writeTo,->,67366ab5-4121-477e-a26c-d2501b464c4e,CommLayer/Messages/AvalancheMessages$Message$TopologyMessage.java,getSerializedSize
67366ab5-4121-477e-a26c-d2501b464c4e,CommLayer/Messages/AvalancheMessages$Message$TopologyMessage.java,writeTo,->,67366ab5-4121-477e-a26c-d2501b464c4e,CommLayer/Messages/AvalancheMessages$Message$TopologyMessage.java,getNamespaceBytes
67366ab5-4121-477e-a26c-d2501b464c4e,CommLayer/Messages/AvalancheMessages$Message$TopologyMessage.java,writeTo,->,67366ab5-4121-477e-a26c-d2501b464c4e,com/google/protobuf/CodedOutputStream.java,writeBytes
67366ab5-4121-477e-a26c-d2501b464c4e,CommLayer/Messages/AvalancheMessages$Message$TopologyMessage.java,writeTo,->,67366ab5-4121-477e-a26c-d2501b464c4e,com/google/protobuf/LazyStringList.java,size
67366ab5-4121-477e-a26c-d2501b464c4e,CommLayer/Messages/AvalancheMessages$Message$TopologyMessage.java,writeTo,->,67366ab5-4121-477e-a26c-d2501b464c4e,com/google/protobuf/LazyStringList.java,getByteString
67366ab5-4121-477e-a26c-d2501b464c4e,CommLayer/Messages/AvalancheMessages$Message$TopologyMessage.java,writeTo,->,67366ab5-4121-477e-a26c-d2501b464c4e,com/google/protobuf/CodedOutputStream.java,writeBytes
67366ab5-4121-477e-a26c-d2501b464c4e,CommLayer/Messages/AvalancheMessages$Message$TopologyMessage.java,writeTo,->,67366ab5-4121-477e-a26c-d2501b464c4e,java/util/List.java,size
67366ab5-4121-477e-a26c-d2501b464c4e,CommLayer/Messages/AvalancheMessages$Message$TopologyMessage.java,writeTo,->,67366ab5-4121-477e-a26c-d2501b464c4e,java/util/List.java,get
67366ab5-4121-477e-a26c-d2501b464c4e,CommLayer/Messages/AvalancheMessages$Message$TopologyMessage.java,writeTo,->,67366ab5-4121-477e-a26c-d2501b464c4e,com/google/protobuf/CodedOutputStream.java,writeMessage
67366ab5-4121-477e-a26c-d2501b464c4e,CommLayer/Messages/AvalancheMessages$Message$TopologyMessage.java,writeTo,->,67366ab5-4121-477e-a26c-d2501b464c4e,java/util/List.java,size
67366ab5-4121-477e-a26c-d2501b464c4e,CommLayer/Messages/AvalancheMessages$Message$TopologyMessage.java,writeTo,->,67366ab5-4121-477e-a26c-d2501b464c4e,java/util/List.java,get
67366ab5-4121-477e-a26c-d2501b464c4e,CommLayer/Messages/AvalancheMessages$Message$TopologyMessage.java,writeTo,->,67366ab5-4121-477e-a26c-d2501b464c4e,com/google/protobuf/CodedOutputStream.java,writeMessage
67366ab5-4121-477e-a26c-d2501b464c4e,CommLayer/Messages/AvalancheMessages$Message$TopologyMessage.java,writeTo,->,67366ab5-4121-477e-a26c-d2501b464c4e,CommLayer/Messages/AvalancheMessages$Message$TopologyMessage.java,getUnknownFields
67366ab5-4121-477e-a26c-d2501b464c4e,CommLayer/Messages/AvalancheMessages$Message$TopologyMessage.java,writeTo,->,67366ab5-4121-477e-a26c-d2501b464c4e,com/google/protobuf/UnknownFieldSet.java,writeTo
67366ab5-4121-477e-a26c-d2501b464c4e,CommLayer/Messages/AvalancheMessages$Message$TopologyMessage.java,getSerializedSize,->,67366ab5-4121-477e-a26c-d2501b464c4e,CommLayer/Messages/AvalancheMessages$Message$TopologyMessage.java,getNamespaceBytes
67366ab5-4121-477e-a26c-d2501b464c4e,CommLayer/Messages/AvalancheMessages$Message$TopologyMessage.java,getSerializedSize,->,67366ab5-4121-477e-a26c-d2501b464c4e,com/google/protobuf/CodedOutputStream.java,computeBytesSize
67366ab5-4121-477e-a26c-d2501b464c4e,CommLayer/Messages/AvalancheMessages$Message$TopologyMessage.java,getSerializedSize,->,67366ab5-4121-477e-a26c-d2501b464c4e,com/google/protobuf/LazyStringList.java,size
67366ab5-4121-477e-a26c-d2501b464c4e,CommLayer/Messages/AvalancheMessages$Message$TopologyMessage.java,getSerializedSize,->,67366ab5-4121-477e-a26c-d2501b464c4e,com/google/protobuf/LazyStringList.java,getByteString
67366ab5-4121-477e-a26c-d2501b464c4e,CommLayer/Messages/AvalancheMessages$Message$TopologyMessage.java,getSerializedSize,->,67366ab5-4121-477e-a26c-d2501b464c4e,com/google/protobuf/CodedOutputStream.java,computeBytesSizeNoTag
67366ab5-4121-477e-a26c-d2501b464c4e,CommLayer/Messages/AvalancheMessages$Message$TopologyMessage.java,getSerializedSize,->,67366ab5-4121-477e-a26c-d2501b464c4e,CommLayer/Messages/AvalancheMessages$Message$TopologyMessage.java,getMachinesList
67366ab5-4121-477e-a26c-d2501b464c4e,CommLayer/Messages/AvalancheMessages$Message$TopologyMessage.java,getSerializedSize,->,67366ab5-4121-477e-a26c-d2501b464c4e,java/util/List.java,size
67366ab5-4121-477e-a26c-d2501b464c4e,CommLayer/Messages/AvalancheMessages$Message$TopologyMessage.java,getSerializedSize,->,67366ab5-4121-477e-a26c-d2501b464c4e,java/util/List.java,size
67366ab5-4121-477e-a26c-d2501b464c4e,CommLayer/Messages/AvalancheMessages$Message$TopologyMessage.java,getSerializedSize,->,67366ab5-4121-477e-a26c-d2501b464c4e,java/util/List.java,get
67366ab5-4121-477e-a26c-d2501b464c4e,CommLayer/Messages/AvalancheMessages$Message$TopologyMessage.java,getSerializedSize,->,67366ab5-4121-477e-a26c-d2501b464c4e,com/google/protobuf/CodedOutputStream.java,computeMessageSize
67366ab5-4121-477e-a26c-d2501b464c4e,CommLayer/Messages/AvalancheMessages$Message$TopologyMessage.java,getSerializedSize,->,67366ab5-4121-477e-a26c-d2501b464c4e,java/util/List.java,size
67366ab5-4121-477e-a26c-d2501b464c4e,CommLayer/Messages/AvalancheMessages$Message$TopologyMessage.java,getSerializedSize,->,67366ab5-4121-477e-a26c-d2501b464c4e,java/util/List.java,get
67366ab5-4121-477e-a26c-d2501b464c4e,CommLayer/Messages/AvalancheMessages$Message$TopologyMessage.java,getSerializedSize,->,67366ab5-4121-477e-a26c-d2501b464c4e,com/google/protobuf/CodedOutputStream.java,computeMessageSize
67366ab5-4121-477e-a26c-d2501b464c4e,CommLayer/Messages/AvalancheMessages$Message$TopologyMessage.java,getSerializedSize,->,67366ab5-4121-477e-a26c-d2501b464c4e,CommLayer/Messages/AvalancheMessages$Message$TopologyMessage.java,getUnknownFields
67366ab5-4121-477e-a26c-d2501b464c4e,CommLayer/Messages/AvalancheMessages$Message$TopologyMessage.java,getSerializedSize,->,67366ab5-4121-477e-a26c-d2501b464c4e,com/google/protobuf/UnknownFieldSet.java,getSerializedSize
67366ab5-4121-477e-a26c-d2501b464c4e,CommLayer/Messages/AvalancheMessages$Message$TopologyMessage.java,writeReplace,->,67366ab5-4121-477e-a26c-d2501b464c4e,com/google/protobuf/GeneratedMessage.java,writeReplace
67366ab5-4121-477e-a26c-d2501b464c4e,CommLayer/Messages/AvalancheMessages$Message$TopologyMessage.java,parseFrom,->,67366ab5-4121-477e-a26c-d2501b464c4e,com/google/protobuf/Parser.java,parseFrom
67366ab5-4121-477e-a26c-d2501b464c4e,CommLayer/Messages/AvalancheMessages$Message$TopologyMessage.java,parseFrom,->,67366ab5-4121-477e-a26c-d2501b464c4e,com/google/protobuf/Parser.java,parseFrom
67366ab5-4121-477e-a26c-d2501b464c4e,CommLayer/Messages/AvalancheMessages$Message$TopologyMessage.java,parseFrom,->,67366ab5-4121-477e-a26c-d2501b464c4e,com/google/protobuf/Parser.java,parseFrom
67366ab5-4121-477e-a26c-d2501b464c4e,CommLayer/Messages/AvalancheMessages$Message$TopologyMessage.java,parseFrom,->,67366ab5-4121-477e-a26c-d2501b464c4e,com/google/protobuf/Parser.java,parseFrom
67366ab5-4121-477e-a26c-d2501b464c4e,CommLayer/Messages/AvalancheMessages$Message$TopologyMessage.java,parseFrom,->,67366ab5-4121-477e-a26c-d2501b464c4e,com/google/protobuf/Parser.java,parseFrom
67366ab5-4121-477e-a26c-d2501b464c4e,CommLayer/Messages/AvalancheMessages$Message$TopologyMessage.java,parseFrom,->,67366ab5-4121-477e-a26c-d2501b464c4e,com/google/protobuf/Parser.java,parseFrom
67366ab5-4121-477e-a26c-d2501b464c4e,CommLayer/Messages/AvalancheMessages$Message$TopologyMessage.java,parseDelimitedFrom,->,67366ab5-4121-477e-a26c-d2501b464c4e,com/google/protobuf/Parser.java,parseDelimitedFrom
67366ab5-4121-477e-a26c-d2501b464c4e,CommLayer/Messages/AvalancheMessages$Message$TopologyMessage.java,parseDelimitedFrom,->,67366ab5-4121-477e-a26c-d2501b464c4e,com/google/protobuf/Parser.java,parseDelimitedFrom
67366ab5-4121-477e-a26c-d2501b464c4e,CommLayer/Messages/AvalancheMessages$Message$TopologyMessage.java,parseFrom,->,67366ab5-4121-477e-a26c-d2501b464c4e,com/google/protobuf/Parser.java,parseFrom
67366ab5-4121-477e-a26c-d2501b464c4e,CommLayer/Messages/AvalancheMessages$Message$TopologyMessage.java,parseFrom,->,67366ab5-4121-477e-a26c-d2501b464c4e,com/google/protobuf/Parser.java,parseFrom
67366ab5-4121-477e-a26c-d2501b464c4e,CommLayer/Messages/AvalancheMessages$Message$TopologyMessage.java,newBuilder,->,67366ab5-4121-477e-a26c-d2501b464c4e,CommLayer/Messages/AvalancheMessages$Message$TopologyMessage$Builder.java,access$17800
67366ab5-4121-477e-a26c-d2501b464c4e,CommLayer/Messages/AvalancheMessages$Message$TopologyMessage.java,newBuilderForType,->,67366ab5-4121-477e-a26c-d2501b464c4e,CommLayer/Messages/AvalancheMessages$Message$TopologyMessage.java,newBuilder
67366ab5-4121-477e-a26c-d2501b464c4e,CommLayer/Messages/AvalancheMessages$Message$TopologyMessage.java,newBuilder,->,67366ab5-4121-477e-a26c-d2501b464c4e,CommLayer/Messages/AvalancheMessages$Message$TopologyMessage.java,newBuilder
67366ab5-4121-477e-a26c-d2501b464c4e,CommLayer/Messages/AvalancheMessages$Message$TopologyMessage.java,newBuilder,->,67366ab5-4121-477e-a26c-d2501b464c4e,CommLayer/Messages/AvalancheMessages$Message$TopologyMessage$Builder.java,mergeFrom
67366ab5-4121-477e-a26c-d2501b464c4e,CommLayer/Messages/AvalancheMessages$Message$TopologyMessage.java,toBuilder,->,67366ab5-4121-477e-a26c-d2501b464c4e,CommLayer/Messages/AvalancheMessages$Message$TopologyMessage.java,newBuilder
67366ab5-4121-477e-a26c-d2501b464c4e,CommLayer/Messages/AvalancheMessages$Message$TopologyMessage.java,newBuilderForType,->,67366ab5-4121-477e-a26c-d2501b464c4e,CommLayer/Messages/AvalancheMessages$Message$TopologyMessage.java,newBuilderForType
67366ab5-4121-477e-a26c-d2501b464c4e,CommLayer/Messages/AvalancheMessages$Message$TopologyMessage.java,toBuilder,->,67366ab5-4121-477e-a26c-d2501b464c4e,CommLayer/Messages/AvalancheMessages$Message$TopologyMessage.java,toBuilder
67366ab5-4121-477e-a26c-d2501b464c4e,CommLayer/Messages/AvalancheMessages$Message$TopologyMessage.java,newBuilderForType,->,67366ab5-4121-477e-a26c-d2501b464c4e,CommLayer/Messages/AvalancheMessages$Message$TopologyMessage.java,newBuilderForType
67366ab5-4121-477e-a26c-d2501b464c4e,CommLayer/Messages/AvalancheMessages$Message$TopologyMessage.java,toBuilder,->,67366ab5-4121-477e-a26c-d2501b464c4e,CommLayer/Messages/AvalancheMessages$Message$TopologyMessage.java,toBuilder
67366ab5-4121-477e-a26c-d2501b464c4e,CommLayer/Messages/AvalancheMessages$Message$TopologyMessage.java,newBuilderForType,->,67366ab5-4121-477e-a26c-d2501b464c4e,CommLayer/Messages/AvalancheMessages$Message$TopologyMessage.java,newBuilderForType
67366ab5-4121-477e-a26c-d2501b464c4e,CommLayer/Messages/AvalancheMessages$Message$TopologyMessage.java,getDefaultInstanceForType,->,67366ab5-4121-477e-a26c-d2501b464c4e,CommLayer/Messages/AvalancheMessages$Message$TopologyMessage.java,getDefaultInstanceForType
67366ab5-4121-477e-a26c-d2501b464c4e,CommLayer/Messages/AvalancheMessages$Message$TopologyMessage.java,getDefaultInstanceForType,->,67366ab5-4121-477e-a26c-d2501b464c4e,CommLayer/Messages/AvalancheMessages$Message$TopologyMessage.java,getDefaultInstanceForType
67366ab5-4121-477e-a26c-d2501b464c4e,CommLayer/Messages/AvalancheMessages$Message$TopologyMessage.java,<clinit>,->,67366ab5-4121-477e-a26c-d2501b464c4e,CommLayer/Messages/AvalancheMessages$Message$TopologyMessage.java,initFields
67366ab5-4121-477e-a26c-d2501b464c4e,CommLayer/Messages/AvalancheMessages$Message$HeartBeatMessage.java,getDescriptor,->,67366ab5-4121-477e-a26c-d2501b464c4e,CommLayer/Messages/AvalancheMessages.java,access$18900
67366ab5-4121-477e-a26c-d2501b464c4e,CommLayer/Messages/AvalancheMessages$Message$HeartBeatMessage.java,internalGetFieldAccessorTable,->,67366ab5-4121-477e-a26c-d2501b464c4e,CommLayer/Messages/AvalancheMessages.java,access$19000
67366ab5-4121-477e-a26c-d2501b464c4e,CommLayer/Messages/AvalancheMessages$Message$HeartBeatMessage.java,internalGetFieldAccessorTable,->,67366ab5-4121-477e-a26c-d2501b464c4e,com/google/protobuf/GeneratedMessage$FieldAccessorTable.java,ensureFieldAccessorsInitialized
67366ab5-4121-477e-a26c-d2501b464c4e,CommLayer/Messages/AvalancheMessages$Message$HeartBeatMessage.java,writeTo,->,67366ab5-4121-477e-a26c-d2501b464c4e,CommLayer/Messages/AvalancheMessages$Message$HeartBeatMessage.java,getSerializedSize
67366ab5-4121-477e-a26c-d2501b464c4e,CommLayer/Messages/AvalancheMessages$Message$HeartBeatMessage.java,writeTo,->,67366ab5-4121-477e-a26c-d2501b464c4e,com/google/protobuf/CodedOutputStream.java,writeInt64
67366ab5-4121-477e-a26c-d2501b464c4e,CommLayer/Messages/AvalancheMessages$Message$HeartBeatMessage.java,writeTo,->,67366ab5-4121-477e-a26c-d2501b464c4e,CommLayer/Messages/AvalancheMessages$Message$HeartBeatMessage.java,getUnknownFields
67366ab5-4121-477e-a26c-d2501b464c4e,CommLayer/Messages/AvalancheMessages$Message$HeartBeatMessage.java,writeTo,->,67366ab5-4121-477e-a26c-d2501b464c4e,com/google/protobuf/UnknownFieldSet.java,writeTo
67366ab5-4121-477e-a26c-d2501b464c4e,CommLayer/Messages/AvalancheMessages$Message$HeartBeatMessage.java,getSerializedSize,->,67366ab5-4121-477e-a26c-d2501b464c4e,com/google/protobuf/CodedOutputStream.java,computeInt64Size
67366ab5-4121-477e-a26c-d2501b464c4e,CommLayer/Messages/AvalancheMessages$Message$HeartBeatMessage.java,getSerializedSize,->,67366ab5-4121-477e-a26c-d2501b464c4e,CommLayer/Messages/AvalancheMessages$Message$HeartBeatMessage.java,getUnknownFields
67366ab5-4121-477e-a26c-d2501b464c4e,CommLayer/Messages/AvalancheMessages$Message$HeartBeatMessage.java,getSerializedSize,->,67366ab5-4121-477e-a26c-d2501b464c4e,com/google/protobuf/UnknownFieldSet.java,getSerializedSize
67366ab5-4121-477e-a26c-d2501b464c4e,CommLayer/Messages/AvalancheMessages$Message$HeartBeatMessage.java,writeReplace,->,67366ab5-4121-477e-a26c-d2501b464c4e,com/google/protobuf/GeneratedMessage.java,writeReplace
67366ab5-4121-477e-a26c-d2501b464c4e,CommLayer/Messages/AvalancheMessages$Message$HeartBeatMessage.java,parseFrom,->,67366ab5-4121-477e-a26c-d2501b464c4e,com/google/protobuf/Parser.java,parseFrom
67366ab5-4121-477e-a26c-d2501b464c4e,CommLayer/Messages/AvalancheMessages$Message$HeartBeatMessage.java,parseFrom,->,67366ab5-4121-477e-a26c-d2501b464c4e,com/google/protobuf/Parser.java,parseFrom
67366ab5-4121-477e-a26c-d2501b464c4e,CommLayer/Messages/AvalancheMessages$Message$HeartBeatMessage.java,parseFrom,->,67366ab5-4121-477e-a26c-d2501b464c4e,com/google/protobuf/Parser.java,parseFrom
67366ab5-4121-477e-a26c-d2501b464c4e,CommLayer/Messages/AvalancheMessages$Message$HeartBeatMessage.java,parseFrom,->,67366ab5-4121-477e-a26c-d2501b464c4e,com/google/protobuf/Parser.java,parseFrom
67366ab5-4121-477e-a26c-d2501b464c4e,CommLayer/Messages/AvalancheMessages$Message$HeartBeatMessage.java,parseFrom,->,67366ab5-4121-477e-a26c-d2501b464c4e,com/google/protobuf/Parser.java,parseFrom
67366ab5-4121-477e-a26c-d2501b464c4e,CommLayer/Messages/AvalancheMessages$Message$HeartBeatMessage.java,parseFrom,->,67366ab5-4121-477e-a26c-d2501b464c4e,com/google/protobuf/Parser.java,parseFrom
67366ab5-4121-477e-a26c-d2501b464c4e,CommLayer/Messages/AvalancheMessages$Message$HeartBeatMessage.java,parseDelimitedFrom,->,67366ab5-4121-477e-a26c-d2501b464c4e,com/google/protobuf/Parser.java,parseDelimitedFrom
67366ab5-4121-477e-a26c-d2501b464c4e,CommLayer/Messages/AvalancheMessages$Message$HeartBeatMessage.java,parseDelimitedFrom,->,67366ab5-4121-477e-a26c-d2501b464c4e,com/google/protobuf/Parser.java,parseDelimitedFrom
67366ab5-4121-477e-a26c-d2501b464c4e,CommLayer/Messages/AvalancheMessages$Message$HeartBeatMessage.java,parseFrom,->,67366ab5-4121-477e-a26c-d2501b464c4e,com/google/protobuf/Parser.java,parseFrom
67366ab5-4121-477e-a26c-d2501b464c4e,CommLayer/Messages/AvalancheMessages$Message$HeartBeatMessage.java,parseFrom,->,67366ab5-4121-477e-a26c-d2501b464c4e,com/google/protobuf/Parser.java,parseFrom
67366ab5-4121-477e-a26c-d2501b464c4e,CommLayer/Messages/AvalancheMessages$Message$HeartBeatMessage.java,newBuilder,->,67366ab5-4121-477e-a26c-d2501b464c4e,CommLayer/Messages/AvalancheMessages$Message$HeartBeatMessage$Builder.java,access$19200
67366ab5-4121-477e-a26c-d2501b464c4e,CommLayer/Messages/AvalancheMessages$Message$HeartBeatMessage.java,newBuilderForType,->,67366ab5-4121-477e-a26c-d2501b464c4e,CommLayer/Messages/AvalancheMessages$Message$HeartBeatMessage.java,newBuilder
67366ab5-4121-477e-a26c-d2501b464c4e,CommLayer/Messages/AvalancheMessages$Message$HeartBeatMessage.java,newBuilder,->,67366ab5-4121-477e-a26c-d2501b464c4e,CommLayer/Messages/AvalancheMessages$Message$HeartBeatMessage.java,newBuilder
67366ab5-4121-477e-a26c-d2501b464c4e,CommLayer/Messages/AvalancheMessages$Message$HeartBeatMessage.java,newBuilder,->,67366ab5-4121-477e-a26c-d2501b464c4e,CommLayer/Messages/AvalancheMessages$Message$HeartBeatMessage$Builder.java,mergeFrom
67366ab5-4121-477e-a26c-d2501b464c4e,CommLayer/Messages/AvalancheMessages$Message$HeartBeatMessage.java,toBuilder,->,67366ab5-4121-477e-a26c-d2501b464c4e,CommLayer/Messages/AvalancheMessages$Message$HeartBeatMessage.java,newBuilder
67366ab5-4121-477e-a26c-d2501b464c4e,CommLayer/Messages/AvalancheMessages$Message$HeartBeatMessage.java,newBuilderForType,->,67366ab5-4121-477e-a26c-d2501b464c4e,CommLayer/Messages/AvalancheMessages$Message$HeartBeatMessage.java,newBuilderForType
67366ab5-4121-477e-a26c-d2501b464c4e,CommLayer/Messages/AvalancheMessages$Message$HeartBeatMessage.java,toBuilder,->,67366ab5-4121-477e-a26c-d2501b464c4e,CommLayer/Messages/AvalancheMessages$Message$HeartBeatMessage.java,toBuilder
67366ab5-4121-477e-a26c-d2501b464c4e,CommLayer/Messages/AvalancheMessages$Message$HeartBeatMessage.java,newBuilderForType,->,67366ab5-4121-477e-a26c-d2501b464c4e,CommLayer/Messages/AvalancheMessages$Message$HeartBeatMessage.java,newBuilderForType
67366ab5-4121-477e-a26c-d2501b464c4e,CommLayer/Messages/AvalancheMessages$Message$HeartBeatMessage.java,toBuilder,->,67366ab5-4121-477e-a26c-d2501b464c4e,CommLayer/Messages/AvalancheMessages$Message$HeartBeatMessage.java,toBuilder
67366ab5-4121-477e-a26c-d2501b464c4e,CommLayer/Messages/AvalancheMessages$Message$HeartBeatMessage.java,newBuilderForType,->,67366ab5-4121-477e-a26c-d2501b464c4e,CommLayer/Messages/AvalancheMessages$Message$HeartBeatMessage.java,newBuilderForType
67366ab5-4121-477e-a26c-d2501b464c4e,CommLayer/Messages/AvalancheMessages$Message$HeartBeatMessage.java,getDefaultInstanceForType,->,67366ab5-4121-477e-a26c-d2501b464c4e,CommLayer/Messages/AvalancheMessages$Message$HeartBeatMessage.java,getDefaultInstanceForType
67366ab5-4121-477e-a26c-d2501b464c4e,CommLayer/Messages/AvalancheMessages$Message$HeartBeatMessage.java,getDefaultInstanceForType,->,67366ab5-4121-477e-a26c-d2501b464c4e,CommLayer/Messages/AvalancheMessages$Message$HeartBeatMessage.java,getDefaultInstanceForType
67366ab5-4121-477e-a26c-d2501b464c4e,CommLayer/Messages/AvalancheMessages$Message$HeartBeatMessage.java,<clinit>,->,67366ab5-4121-477e-a26c-d2501b464c4e,CommLayer/Messages/AvalancheMessages$Message$HeartBeatMessage.java,initFields
67366ab5-4121-477e-a26c-d2501b464c4e,CommLayer/Messages/AvalancheMessages$Message$TaskSetStateMessage$1.java,parsePartialFrom,->,67366ab5-4121-477e-a26c-d2501b464c4e,CommLayer/Messages/AvalancheMessages$Message$TaskSetStateMessage$1.java,parsePartialFrom
67366ab5-4121-477e-a26c-d2501b464c4e,CommLayer/Messages/AvalancheMessages$Message$TaskSetStateMessage.java,getDescriptor,->,67366ab5-4121-477e-a26c-d2501b464c4e,CommLayer/Messages/AvalancheMessages.java,access$3500
67366ab5-4121-477e-a26c-d2501b464c4e,CommLayer/Messages/AvalancheMessages$Message$TaskSetStateMessage.java,internalGetFieldAccessorTable,->,67366ab5-4121-477e-a26c-d2501b464c4e,CommLayer/Messages/AvalancheMessages.java,access$3600
67366ab5-4121-477e-a26c-d2501b464c4e,CommLayer/Messages/AvalancheMessages$Message$TaskSetStateMessage.java,internalGetFieldAccessorTable,->,67366ab5-4121-477e-a26c-d2501b464c4e,com/google/protobuf/GeneratedMessage$FieldAccessorTable.java,ensureFieldAccessorsInitialized
67366ab5-4121-477e-a26c-d2501b464c4e,CommLayer/Messages/AvalancheMessages$Message$TaskSetStateMessage.java,getId,->,67366ab5-4121-477e-a26c-d2501b464c4e,com/google/protobuf/ByteString.java,toStringUtf8
67366ab5-4121-477e-a26c-d2501b464c4e,CommLayer/Messages/AvalancheMessages$Message$TaskSetStateMessage.java,getId,->,67366ab5-4121-477e-a26c-d2501b464c4e,com/google/protobuf/ByteString.java,isValidUtf8
67366ab5-4121-477e-a26c-d2501b464c4e,CommLayer/Messages/AvalancheMessages$Message$TaskSetStateMessage.java,getIdBytes,->,67366ab5-4121-477e-a26c-d2501b464c4e,com/google/protobuf/ByteString.java,copyFromUtf8
67366ab5-4121-477e-a26c-d2501b464c4e,CommLayer/Messages/AvalancheMessages$Message$TaskSetStateMessage.java,writeTo,->,67366ab5-4121-477e-a26c-d2501b464c4e,CommLayer/Messages/AvalancheMessages$Message$TaskSetStateMessage.java,getSerializedSize
67366ab5-4121-477e-a26c-d2501b464c4e,CommLayer/Messages/AvalancheMessages$Message$TaskSetStateMessage.java,writeTo,->,67366ab5-4121-477e-a26c-d2501b464c4e,CommLayer/Messages/AvalancheMessages$Message$TaskSetStateMessage.java,getIdBytes
67366ab5-4121-477e-a26c-d2501b464c4e,CommLayer/Messages/AvalancheMessages$Message$TaskSetStateMessage.java,writeTo,->,67366ab5-4121-477e-a26c-d2501b464c4e,com/google/protobuf/CodedOutputStream.java,writeBytes
67366ab5-4121-477e-a26c-d2501b464c4e,CommLayer/Messages/AvalancheMessages$Message$TaskSetStateMessage.java,writeTo,->,67366ab5-4121-477e-a26c-d2501b464c4e,CommLayer/Messages/AvalancheMessages$Message$TaskSetStateMessage$State.java,getNumber
67366ab5-4121-477e-a26c-d2501b464c4e,CommLayer/Messages/AvalancheMessages$Message$TaskSetStateMessage.java,writeTo,->,67366ab5-4121-477e-a26c-d2501b464c4e,com/google/protobuf/CodedOutputStream.java,writeEnum
67366ab5-4121-477e-a26c-d2501b464c4e,CommLayer/Messages/AvalancheMessages$Message$TaskSetStateMessage.java,writeTo,->,67366ab5-4121-477e-a26c-d2501b464c4e,CommLayer/Messages/AvalancheMessages$Message$TaskSetStateMessage.java,getUnknownFields
67366ab5-4121-477e-a26c-d2501b464c4e,CommLayer/Messages/AvalancheMessages$Message$TaskSetStateMessage.java,writeTo,->,67366ab5-4121-477e-a26c-d2501b464c4e,com/google/protobuf/UnknownFieldSet.java,writeTo
67366ab5-4121-477e-a26c-d2501b464c4e,CommLayer/Messages/AvalancheMessages$Message$TaskSetStateMessage.java,getSerializedSize,->,67366ab5-4121-477e-a26c-d2501b464c4e,CommLayer/Messages/AvalancheMessages$Message$TaskSetStateMessage.java,getIdBytes
67366ab5-4121-477e-a26c-d2501b464c4e,CommLayer/Messages/AvalancheMessages$Message$TaskSetStateMessage.java,getSerializedSize,->,67366ab5-4121-477e-a26c-d2501b464c4e,com/google/protobuf/CodedOutputStream.java,computeBytesSize
67366ab5-4121-477e-a26c-d2501b464c4e,CommLayer/Messages/AvalancheMessages$Message$TaskSetStateMessage.java,getSerializedSize,->,67366ab5-4121-477e-a26c-d2501b464c4e,CommLayer/Messages/AvalancheMessages$Message$TaskSetStateMessage$State.java,getNumber
67366ab5-4121-477e-a26c-d2501b464c4e,CommLayer/Messages/AvalancheMessages$Message$TaskSetStateMessage.java,getSerializedSize,->,67366ab5-4121-477e-a26c-d2501b464c4e,com/google/protobuf/CodedOutputStream.java,computeEnumSize
67366ab5-4121-477e-a26c-d2501b464c4e,CommLayer/Messages/AvalancheMessages$Message$TaskSetStateMessage.java,getSerializedSize,->,67366ab5-4121-477e-a26c-d2501b464c4e,CommLayer/Messages/AvalancheMessages$Message$TaskSetStateMessage.java,getUnknownFields
67366ab5-4121-477e-a26c-d2501b464c4e,CommLayer/Messages/AvalancheMessages$Message$TaskSetStateMessage.java,getSerializedSize,->,67366ab5-4121-477e-a26c-d2501b464c4e,com/google/protobuf/UnknownFieldSet.java,getSerializedSize
67366ab5-4121-477e-a26c-d2501b464c4e,CommLayer/Messages/AvalancheMessages$Message$TaskSetStateMessage.java,writeReplace,->,67366ab5-4121-477e-a26c-d2501b464c4e,com/google/protobuf/GeneratedMessage.java,writeReplace
67366ab5-4121-477e-a26c-d2501b464c4e,CommLayer/Messages/AvalancheMessages$Message$TaskSetStateMessage.java,parseFrom,->,67366ab5-4121-477e-a26c-d2501b464c4e,com/google/protobuf/Parser.java,parseFrom
67366ab5-4121-477e-a26c-d2501b464c4e,CommLayer/Messages/AvalancheMessages$Message$TaskSetStateMessage.java,parseFrom,->,67366ab5-4121-477e-a26c-d2501b464c4e,com/google/protobuf/Parser.java,parseFrom
67366ab5-4121-477e-a26c-d2501b464c4e,CommLayer/Messages/AvalancheMessages$Message$TaskSetStateMessage.java,parseFrom,->,67366ab5-4121-477e-a26c-d2501b464c4e,com/google/protobuf/Parser.java,parseFrom
67366ab5-4121-477e-a26c-d2501b464c4e,CommLayer/Messages/AvalancheMessages$Message$TaskSetStateMessage.java,parseFrom,->,67366ab5-4121-477e-a26c-d2501b464c4e,com/google/protobuf/Parser.java,parseFrom
67366ab5-4121-477e-a26c-d2501b464c4e,CommLayer/Messages/AvalancheMessages$Message$TaskSetStateMessage.java,parseFrom,->,67366ab5-4121-477e-a26c-d2501b464c4e,com/google/protobuf/Parser.java,parseFrom
67366ab5-4121-477e-a26c-d2501b464c4e,CommLayer/Messages/AvalancheMessages$Message$TaskSetStateMessage.java,parseFrom,->,67366ab5-4121-477e-a26c-d2501b464c4e,com/google/protobuf/Parser.java,parseFrom
67366ab5-4121-477e-a26c-d2501b464c4e,CommLayer/Messages/AvalancheMessages$Message$TaskSetStateMessage.java,parseDelimitedFrom,->,67366ab5-4121-477e-a26c-d2501b464c4e,com/google/protobuf/Parser.java,parseDelimitedFrom
67366ab5-4121-477e-a26c-d2501b464c4e,CommLayer/Messages/AvalancheMessages$Message$TaskSetStateMessage.java,parseDelimitedFrom,->,67366ab5-4121-477e-a26c-d2501b464c4e,com/google/protobuf/Parser.java,parseDelimitedFrom
67366ab5-4121-477e-a26c-d2501b464c4e,CommLayer/Messages/AvalancheMessages$Message$TaskSetStateMessage.java,parseFrom,->,67366ab5-4121-477e-a26c-d2501b464c4e,com/google/protobuf/Parser.java,parseFrom
67366ab5-4121-477e-a26c-d2501b464c4e,CommLayer/Messages/AvalancheMessages$Message$TaskSetStateMessage.java,parseFrom,->,67366ab5-4121-477e-a26c-d2501b464c4e,com/google/protobuf/Parser.java,parseFrom
67366ab5-4121-477e-a26c-d2501b464c4e,CommLayer/Messages/AvalancheMessages$Message$TaskSetStateMessage.java,newBuilder,->,67366ab5-4121-477e-a26c-d2501b464c4e,CommLayer/Messages/AvalancheMessages$Message$TaskSetStateMessage$Builder.java,access$3800
67366ab5-4121-477e-a26c-d2501b464c4e,CommLayer/Messages/AvalancheMessages$Message$TaskSetStateMessage.java,newBuilderForType,->,67366ab5-4121-477e-a26c-d2501b464c4e,CommLayer/Messages/AvalancheMessages$Message$TaskSetStateMessage.java,newBuilder
67366ab5-4121-477e-a26c-d2501b464c4e,CommLayer/Messages/AvalancheMessages$Message$TaskSetStateMessage.java,newBuilder,->,67366ab5-4121-477e-a26c-d2501b464c4e,CommLayer/Messages/AvalancheMessages$Message$TaskSetStateMessage.java,newBuilder
67366ab5-4121-477e-a26c-d2501b464c4e,CommLayer/Messages/AvalancheMessages$Message$TaskSetStateMessage.java,newBuilder,->,67366ab5-4121-477e-a26c-d2501b464c4e,CommLayer/Messages/AvalancheMessages$Message$TaskSetStateMessage$Builder.java,mergeFrom
67366ab5-4121-477e-a26c-d2501b464c4e,CommLayer/Messages/AvalancheMessages$Message$TaskSetStateMessage.java,toBuilder,->,67366ab5-4121-477e-a26c-d2501b464c4e,CommLayer/Messages/AvalancheMessages$Message$TaskSetStateMessage.java,newBuilder
67366ab5-4121-477e-a26c-d2501b464c4e,CommLayer/Messages/AvalancheMessages$Message$TaskSetStateMessage.java,newBuilderForType,->,67366ab5-4121-477e-a26c-d2501b464c4e,CommLayer/Messages/AvalancheMessages$Message$TaskSetStateMessage.java,newBuilderForType
67366ab5-4121-477e-a26c-d2501b464c4e,CommLayer/Messages/AvalancheMessages$Message$TaskSetStateMessage.java,toBuilder,->,67366ab5-4121-477e-a26c-d2501b464c4e,CommLayer/Messages/AvalancheMessages$Message$TaskSetStateMessage.java,toBuilder
67366ab5-4121-477e-a26c-d2501b464c4e,CommLayer/Messages/AvalancheMessages$Message$TaskSetStateMessage.java,newBuilderForType,->,67366ab5-4121-477e-a26c-d2501b464c4e,CommLayer/Messages/AvalancheMessages$Message$TaskSetStateMessage.java,newBuilderForType
67366ab5-4121-477e-a26c-d2501b464c4e,CommLayer/Messages/AvalancheMessages$Message$TaskSetStateMessage.java,toBuilder,->,67366ab5-4121-477e-a26c-d2501b464c4e,CommLayer/Messages/AvalancheMessages$Message$TaskSetStateMessage.java,toBuilder
67366ab5-4121-477e-a26c-d2501b464c4e,CommLayer/Messages/AvalancheMessages$Message$TaskSetStateMessage.java,newBuilderForType,->,67366ab5-4121-477e-a26c-d2501b464c4e,CommLayer/Messages/AvalancheMessages$Message$TaskSetStateMessage.java,newBuilderForType
67366ab5-4121-477e-a26c-d2501b464c4e,CommLayer/Messages/AvalancheMessages$Message$TaskSetStateMessage.java,getDefaultInstanceForType,->,67366ab5-4121-477e-a26c-d2501b464c4e,CommLayer/Messages/AvalancheMessages$Message$TaskSetStateMessage.java,getDefaultInstanceForType
67366ab5-4121-477e-a26c-d2501b464c4e,CommLayer/Messages/AvalancheMessages$Message$TaskSetStateMessage.java,getDefaultInstanceForType,->,67366ab5-4121-477e-a26c-d2501b464c4e,CommLayer/Messages/AvalancheMessages$Message$TaskSetStateMessage.java,getDefaultInstanceForType
67366ab5-4121-477e-a26c-d2501b464c4e,CommLayer/Messages/AvalancheMessages$Message$TaskSetStateMessage.java,<clinit>,->,67366ab5-4121-477e-a26c-d2501b464c4e,CommLayer/Messages/AvalancheMessages$Message$TaskSetStateMessage.java,initFields
67366ab5-4121-477e-a26c-d2501b464c4e,CommLayer/Messages/AvalancheMessages$Message$DataManagerMessage$DataCopyRequestMessage.java,getDescriptor,->,67366ab5-4121-477e-a26c-d2501b464c4e,CommLayer/Messages/AvalancheMessages.java,access$11500
67366ab5-4121-477e-a26c-d2501b464c4e,CommLayer/Messages/AvalancheMessages$Message$DataManagerMessage$DataCopyRequestMessage.java,internalGetFieldAccessorTable,->,67366ab5-4121-477e-a26c-d2501b464c4e,CommLayer/Messages/AvalancheMessages.java,access$11600
67366ab5-4121-477e-a26c-d2501b464c4e,CommLayer/Messages/AvalancheMessages$Message$DataManagerMessage$DataCopyRequestMessage.java,internalGetFieldAccessorTable,->,67366ab5-4121-477e-a26c-d2501b464c4e,com/google/protobuf/GeneratedMessage$FieldAccessorTable.java,ensureFieldAccessorsInitialized
67366ab5-4121-477e-a26c-d2501b464c4e,CommLayer/Messages/AvalancheMessages$Message$DataManagerMessage$DataCopyRequestMessage.java,getTaskId,->,67366ab5-4121-477e-a26c-d2501b464c4e,com/google/protobuf/ByteString.java,toStringUtf8
67366ab5-4121-477e-a26c-d2501b464c4e,CommLayer/Messages/AvalancheMessages$Message$DataManagerMessage$DataCopyRequestMessage.java,getTaskId,->,67366ab5-4121-477e-a26c-d2501b464c4e,com/google/protobuf/ByteString.java,isValidUtf8
67366ab5-4121-477e-a26c-d2501b464c4e,CommLayer/Messages/AvalancheMessages$Message$DataManagerMessage$DataCopyRequestMessage.java,getTaskIdBytes,->,67366ab5-4121-477e-a26c-d2501b464c4e,com/google/protobuf/ByteString.java,copyFromUtf8
67366ab5-4121-477e-a26c-d2501b464c4e,CommLayer/Messages/AvalancheMessages$Message$DataManagerMessage$DataCopyRequestMessage.java,initFields,->,67366ab5-4121-477e-a26c-d2501b464c4e,CommLayer/Messages/AvalancheMessages$Message$Location.java,getDefaultInstance
67366ab5-4121-477e-a26c-d2501b464c4e,CommLayer/Messages/AvalancheMessages$Message$DataManagerMessage$DataCopyRequestMessage.java,writeTo,->,67366ab5-4121-477e-a26c-d2501b464c4e,CommLayer/Messages/AvalancheMessages$Message$DataManagerMessage$DataCopyRequestMessage.java,getSerializedSize
67366ab5-4121-477e-a26c-d2501b464c4e,CommLayer/Messages/AvalancheMessages$Message$DataManagerMessage$DataCopyRequestMessage.java,writeTo,->,67366ab5-4121-477e-a26c-d2501b464c4e,com/google/protobuf/CodedOutputStream.java,writeMessage
67366ab5-4121-477e-a26c-d2501b464c4e,CommLayer/Messages/AvalancheMessages$Message$DataManagerMessage$DataCopyRequestMessage.java,writeTo,->,67366ab5-4121-477e-a26c-d2501b464c4e,CommLayer/Messages/AvalancheMessages$Message$DataManagerMessage$DataCopyRequestMessage.java,getTaskIdBytes
67366ab5-4121-477e-a26c-d2501b464c4e,CommLayer/Messages/AvalancheMessages$Message$DataManagerMessage$DataCopyRequestMessage.java,writeTo,->,67366ab5-4121-477e-a26c-d2501b464c4e,com/google/protobuf/CodedOutputStream.java,writeBytes
67366ab5-4121-477e-a26c-d2501b464c4e,CommLayer/Messages/AvalancheMessages$Message$DataManagerMessage$DataCopyRequestMessage.java,writeTo,->,67366ab5-4121-477e-a26c-d2501b464c4e,CommLayer/Messages/AvalancheMessages$Message$DataManagerMessage$DataCopyRequestMessage.java,getUnknownFields
67366ab5-4121-477e-a26c-d2501b464c4e,CommLayer/Messages/AvalancheMessages$Message$DataManagerMessage$DataCopyRequestMessage.java,writeTo,->,67366ab5-4121-477e-a26c-d2501b464c4e,com/google/protobuf/UnknownFieldSet.java,writeTo
67366ab5-4121-477e-a26c-d2501b464c4e,CommLayer/Messages/AvalancheMessages$Message$DataManagerMessage$DataCopyRequestMessage.java,getSerializedSize,->,67366ab5-4121-477e-a26c-d2501b464c4e,com/google/protobuf/CodedOutputStream.java,computeMessageSize
67366ab5-4121-477e-a26c-d2501b464c4e,CommLayer/Messages/AvalancheMessages$Message$DataManagerMessage$DataCopyRequestMessage.java,getSerializedSize,->,67366ab5-4121-477e-a26c-d2501b464c4e,CommLayer/Messages/AvalancheMessages$Message$DataManagerMessage$DataCopyRequestMessage.java,getTaskIdBytes
67366ab5-4121-477e-a26c-d2501b464c4e,CommLayer/Messages/AvalancheMessages$Message$DataManagerMessage$DataCopyRequestMessage.java,getSerializedSize,->,67366ab5-4121-477e-a26c-d2501b464c4e,com/google/protobuf/CodedOutputStream.java,computeBytesSize
67366ab5-4121-477e-a26c-d2501b464c4e,CommLayer/Messages/AvalancheMessages$Message$DataManagerMessage$DataCopyRequestMessage.java,getSerializedSize,->,67366ab5-4121-477e-a26c-d2501b464c4e,CommLayer/Messages/AvalancheMessages$Message$DataManagerMessage$DataCopyRequestMessage.java,getUnknownFields
67366ab5-4121-477e-a26c-d2501b464c4e,CommLayer/Messages/AvalancheMessages$Message$DataManagerMessage$DataCopyRequestMessage.java,getSerializedSize,->,67366ab5-4121-477e-a26c-d2501b464c4e,com/google/protobuf/UnknownFieldSet.java,getSerializedSize
67366ab5-4121-477e-a26c-d2501b464c4e,CommLayer/Messages/AvalancheMessages$Message$DataManagerMessage$DataCopyRequestMessage.java,writeReplace,->,67366ab5-4121-477e-a26c-d2501b464c4e,com/google/protobuf/GeneratedMessage.java,writeReplace
67366ab5-4121-477e-a26c-d2501b464c4e,CommLayer/Messages/AvalancheMessages$Message$DataManagerMessage$DataCopyRequestMessage.java,parseFrom,->,67366ab5-4121-477e-a26c-d2501b464c4e,com/google/protobuf/Parser.java,parseFrom
67366ab5-4121-477e-a26c-d2501b464c4e,CommLayer/Messages/AvalancheMessages$Message$DataManagerMessage$DataCopyRequestMessage.java,parseFrom,->,67366ab5-4121-477e-a26c-d2501b464c4e,com/google/protobuf/Parser.java,parseFrom
67366ab5-4121-477e-a26c-d2501b464c4e,CommLayer/Messages/AvalancheMessages$Message$DataManagerMessage$DataCopyRequestMessage.java,parseFrom,->,67366ab5-4121-477e-a26c-d2501b464c4e,com/google/protobuf/Parser.java,parseFrom
67366ab5-4121-477e-a26c-d2501b464c4e,CommLayer/Messages/AvalancheMessages$Message$DataManagerMessage$DataCopyRequestMessage.java,parseFrom,->,67366ab5-4121-477e-a26c-d2501b464c4e,com/google/protobuf/Parser.java,parseFrom
67366ab5-4121-477e-a26c-d2501b464c4e,CommLayer/Messages/AvalancheMessages$Message$DataManagerMessage$DataCopyRequestMessage.java,parseFrom,->,67366ab5-4121-477e-a26c-d2501b464c4e,com/google/protobuf/Parser.java,parseFrom
67366ab5-4121-477e-a26c-d2501b464c4e,CommLayer/Messages/AvalancheMessages$Message$DataManagerMessage$DataCopyRequestMessage.java,parseFrom,->,67366ab5-4121-477e-a26c-d2501b464c4e,com/google/protobuf/Parser.java,parseFrom
67366ab5-4121-477e-a26c-d2501b464c4e,CommLayer/Messages/AvalancheMessages$Message$DataManagerMessage$DataCopyRequestMessage.java,parseDelimitedFrom,->,67366ab5-4121-477e-a26c-d2501b464c4e,com/google/protobuf/Parser.java,parseDelimitedFrom
67366ab5-4121-477e-a26c-d2501b464c4e,CommLayer/Messages/AvalancheMessages$Message$DataManagerMessage$DataCopyRequestMessage.java,parseDelimitedFrom,->,67366ab5-4121-477e-a26c-d2501b464c4e,com/google/protobuf/Parser.java,parseDelimitedFrom
67366ab5-4121-477e-a26c-d2501b464c4e,CommLayer/Messages/AvalancheMessages$Message$DataManagerMessage$DataCopyRequestMessage.java,parseFrom,->,67366ab5-4121-477e-a26c-d2501b464c4e,com/google/protobuf/Parser.java,parseFrom
67366ab5-4121-477e-a26c-d2501b464c4e,CommLayer/Messages/AvalancheMessages$Message$DataManagerMessage$DataCopyRequestMessage.java,parseFrom,->,67366ab5-4121-477e-a26c-d2501b464c4e,com/google/protobuf/Parser.java,parseFrom
67366ab5-4121-477e-a26c-d2501b464c4e,CommLayer/Messages/AvalancheMessages$Message$DataManagerMessage$DataCopyRequestMessage.java,newBuilder,->,67366ab5-4121-477e-a26c-d2501b464c4e,CommLayer/Messages/AvalancheMessages$Message$DataManagerMessage$DataCopyRequestMessage$Builder.java,access$11800
67366ab5-4121-477e-a26c-d2501b464c4e,CommLayer/Messages/AvalancheMessages$Message$DataManagerMessage$DataCopyRequestMessage.java,newBuilderForType,->,67366ab5-4121-477e-a26c-d2501b464c4e,CommLayer/Messages/AvalancheMessages$Message$DataManagerMessage$DataCopyRequestMessage.java,newBuilder
67366ab5-4121-477e-a26c-d2501b464c4e,CommLayer/Messages/AvalancheMessages$Message$DataManagerMessage$DataCopyRequestMessage.java,newBuilder,->,67366ab5-4121-477e-a26c-d2501b464c4e,CommLayer/Messages/AvalancheMessages$Message$DataManagerMessage$DataCopyRequestMessage.java,newBuilder
67366ab5-4121-477e-a26c-d2501b464c4e,CommLayer/Messages/AvalancheMessages$Message$DataManagerMessage$DataCopyRequestMessage.java,newBuilder,->,67366ab5-4121-477e-a26c-d2501b464c4e,CommLayer/Messages/AvalancheMessages$Message$DataManagerMessage$DataCopyRequestMessage$Builder.java,mergeFrom
67366ab5-4121-477e-a26c-d2501b464c4e,CommLayer/Messages/AvalancheMessages$Message$DataManagerMessage$DataCopyRequestMessage.java,toBuilder,->,67366ab5-4121-477e-a26c-d2501b464c4e,CommLayer/Messages/AvalancheMessages$Message$DataManagerMessage$DataCopyRequestMessage.java,newBuilder
67366ab5-4121-477e-a26c-d2501b464c4e,CommLayer/Messages/AvalancheMessages$Message$DataManagerMessage$DataCopyRequestMessage.java,newBuilderForType,->,67366ab5-4121-477e-a26c-d2501b464c4e,CommLayer/Messages/AvalancheMessages$Message$DataManagerMessage$DataCopyRequestMessage.java,newBuilderForType
67366ab5-4121-477e-a26c-d2501b464c4e,CommLayer/Messages/AvalancheMessages$Message$DataManagerMessage$DataCopyRequestMessage.java,toBuilder,->,67366ab5-4121-477e-a26c-d2501b464c4e,CommLayer/Messages/AvalancheMessages$Message$DataManagerMessage$DataCopyRequestMessage.java,toBuilder
67366ab5-4121-477e-a26c-d2501b464c4e,CommLayer/Messages/AvalancheMessages$Message$DataManagerMessage$DataCopyRequestMessage.java,newBuilderForType,->,67366ab5-4121-477e-a26c-d2501b464c4e,CommLayer/Messages/AvalancheMessages$Message$DataManagerMessage$DataCopyRequestMessage.java,newBuilderForType
67366ab5-4121-477e-a26c-d2501b464c4e,CommLayer/Messages/AvalancheMessages$Message$DataManagerMessage$DataCopyRequestMessage.java,toBuilder,->,67366ab5-4121-477e-a26c-d2501b464c4e,CommLayer/Messages/AvalancheMessages$Message$DataManagerMessage$DataCopyRequestMessage.java,toBuilder
67366ab5-4121-477e-a26c-d2501b464c4e,CommLayer/Messages/AvalancheMessages$Message$DataManagerMessage$DataCopyRequestMessage.java,newBuilderForType,->,67366ab5-4121-477e-a26c-d2501b464c4e,CommLayer/Messages/AvalancheMessages$Message$DataManagerMessage$DataCopyRequestMessage.java,newBuilderForType
67366ab5-4121-477e-a26c-d2501b464c4e,CommLayer/Messages/AvalancheMessages$Message$DataManagerMessage$DataCopyRequestMessage.java,getDefaultInstanceForType,->,67366ab5-4121-477e-a26c-d2501b464c4e,CommLayer/Messages/AvalancheMessages$Message$DataManagerMessage$DataCopyRequestMessage.java,getDefaultInstanceForType
67366ab5-4121-477e-a26c-d2501b464c4e,CommLayer/Messages/AvalancheMessages$Message$DataManagerMessage$DataCopyRequestMessage.java,getDefaultInstanceForType,->,67366ab5-4121-477e-a26c-d2501b464c4e,CommLayer/Messages/AvalancheMessages$Message$DataManagerMessage$DataCopyRequestMessage.java,getDefaultInstanceForType
67366ab5-4121-477e-a26c-d2501b464c4e,CommLayer/Messages/AvalancheMessages$Message$DataManagerMessage$DataCopyRequestMessage.java,<clinit>,->,67366ab5-4121-477e-a26c-d2501b464c4e,CommLayer/Messages/AvalancheMessages$Message$DataManagerMessage$DataCopyRequestMessage.java,initFields
67366ab5-4121-477e-a26c-d2501b464c4e,CommLayer/Messages/AvalancheMessages$Message$DataHandlerMessage.java,getDescriptor,->,67366ab5-4121-477e-a26c-d2501b464c4e,CommLayer/Messages/AvalancheMessages.java,access$4500
67366ab5-4121-477e-a26c-d2501b464c4e,CommLayer/Messages/AvalancheMessages$Message$DataHandlerMessage.java,internalGetFieldAccessorTable,->,67366ab5-4121-477e-a26c-d2501b464c4e,CommLayer/Messages/AvalancheMessages.java,access$4600
67366ab5-4121-477e-a26c-d2501b464c4e,CommLayer/Messages/AvalancheMessages$Message$DataHandlerMessage.java,internalGetFieldAccessorTable,->,67366ab5-4121-477e-a26c-d2501b464c4e,com/google/protobuf/GeneratedMessage$FieldAccessorTable.java,ensureFieldAccessorsInitialized
67366ab5-4121-477e-a26c-d2501b464c4e,CommLayer/Messages/AvalancheMessages$Message$DataHandlerMessage.java,getTaskId,->,67366ab5-4121-477e-a26c-d2501b464c4e,com/google/protobuf/ByteString.java,toStringUtf8
67366ab5-4121-477e-a26c-d2501b464c4e,CommLayer/Messages/AvalancheMessages$Message$DataHandlerMessage.java,getTaskId,->,67366ab5-4121-477e-a26c-d2501b464c4e,com/google/protobuf/ByteString.java,isValidUtf8
67366ab5-4121-477e-a26c-d2501b464c4e,CommLayer/Messages/AvalancheMessages$Message$DataHandlerMessage.java,getTaskIdBytes,->,67366ab5-4121-477e-a26c-d2501b464c4e,com/google/protobuf/ByteString.java,copyFromUtf8
67366ab5-4121-477e-a26c-d2501b464c4e,CommLayer/Messages/AvalancheMessages$Message$DataHandlerMessage.java,getDataPayLoadCount,->,67366ab5-4121-477e-a26c-d2501b464c4e,java/util/List.java,size
67366ab5-4121-477e-a26c-d2501b464c4e,CommLayer/Messages/AvalancheMessages$Message$DataHandlerMessage.java,getDataPayLoad,->,67366ab5-4121-477e-a26c-d2501b464c4e,java/util/List.java,get
67366ab5-4121-477e-a26c-d2501b464c4e,CommLayer/Messages/AvalancheMessages$Message$DataHandlerMessage.java,getDataPayLoadOrBuilder,->,67366ab5-4121-477e-a26c-d2501b464c4e,java/util/List.java,get
67366ab5-4121-477e-a26c-d2501b464c4e,CommLayer/Messages/AvalancheMessages$Message$DataHandlerMessage.java,initFields,->,67366ab5-4121-477e-a26c-d2501b464c4e,java/util/Collections.java,emptyList
67366ab5-4121-477e-a26c-d2501b464c4e,CommLayer/Messages/AvalancheMessages$Message$DataHandlerMessage.java,initFields,->,67366ab5-4121-477e-a26c-d2501b464c4e,CommLayer/Messages/AvalancheMessages$Message$DataHandlerMessage$MetaData.java,getDefaultInstance
67366ab5-4121-477e-a26c-d2501b464c4e,CommLayer/Messages/AvalancheMessages$Message$DataHandlerMessage.java,writeTo,->,67366ab5-4121-477e-a26c-d2501b464c4e,CommLayer/Messages/AvalancheMessages$Message$DataHandlerMessage.java,getSerializedSize
67366ab5-4121-477e-a26c-d2501b464c4e,CommLayer/Messages/AvalancheMessages$Message$DataHandlerMessage.java,writeTo,->,67366ab5-4121-477e-a26c-d2501b464c4e,CommLayer/Messages/AvalancheMessages$Message$DataHandlerMessage$Type.java,getNumber
67366ab5-4121-477e-a26c-d2501b464c4e,CommLayer/Messages/AvalancheMessages$Message$DataHandlerMessage.java,writeTo,->,67366ab5-4121-477e-a26c-d2501b464c4e,com/google/protobuf/CodedOutputStream.java,writeEnum
67366ab5-4121-477e-a26c-d2501b464c4e,CommLayer/Messages/AvalancheMessages$Message$DataHandlerMessage.java,writeTo,->,67366ab5-4121-477e-a26c-d2501b464c4e,CommLayer/Messages/AvalancheMessages$Message$DataHandlerMessage.java,getTaskIdBytes
67366ab5-4121-477e-a26c-d2501b464c4e,CommLayer/Messages/AvalancheMessages$Message$DataHandlerMessage.java,writeTo,->,67366ab5-4121-477e-a26c-d2501b464c4e,com/google/protobuf/CodedOutputStream.java,writeBytes
67366ab5-4121-477e-a26c-d2501b464c4e,CommLayer/Messages/AvalancheMessages$Message$DataHandlerMessage.java,writeTo,->,67366ab5-4121-477e-a26c-d2501b464c4e,java/util/List.java,size
67366ab5-4121-477e-a26c-d2501b464c4e,CommLayer/Messages/AvalancheMessages$Message$DataHandlerMessage.java,writeTo,->,67366ab5-4121-477e-a26c-d2501b464c4e,java/util/List.java,get
67366ab5-4121-477e-a26c-d2501b464c4e,CommLayer/Messages/AvalancheMessages$Message$DataHandlerMessage.java,writeTo,->,67366ab5-4121-477e-a26c-d2501b464c4e,com/google/protobuf/CodedOutputStream.java,writeMessage
67366ab5-4121-477e-a26c-d2501b464c4e,CommLayer/Messages/AvalancheMessages$Message$DataHandlerMessage.java,writeTo,->,67366ab5-4121-477e-a26c-d2501b464c4e,com/google/protobuf/CodedOutputStream.java,writeInt32
67366ab5-4121-477e-a26c-d2501b464c4e,CommLayer/Messages/AvalancheMessages$Message$DataHandlerMessage.java,writeTo,->,67366ab5-4121-477e-a26c-d2501b464c4e,com/google/protobuf/CodedOutputStream.java,writeInt32
67366ab5-4121-477e-a26c-d2501b464c4e,CommLayer/Messages/AvalancheMessages$Message$DataHandlerMessage.java,writeTo,->,67366ab5-4121-477e-a26c-d2501b464c4e,com/google/protobuf/CodedOutputStream.java,writeMessage
67366ab5-4121-477e-a26c-d2501b464c4e,CommLayer/Messages/AvalancheMessages$Message$DataHandlerMessage.java,writeTo,->,67366ab5-4121-477e-a26c-d2501b464c4e,CommLayer/Messages/AvalancheMessages$Message$DataHandlerMessage.java,getUnknownFields
67366ab5-4121-477e-a26c-d2501b464c4e,CommLayer/Messages/AvalancheMessages$Message$DataHandlerMessage.java,writeTo,->,67366ab5-4121-477e-a26c-d2501b464c4e,com/google/protobuf/UnknownFieldSet.java,writeTo
67366ab5-4121-477e-a26c-d2501b464c4e,CommLayer/Messages/AvalancheMessages$Message$DataHandlerMessage.java,getSerializedSize,->,67366ab5-4121-477e-a26c-d2501b464c4e,CommLayer/Messages/AvalancheMessages$Message$DataHandlerMessage$Type.java,getNumber
67366ab5-4121-477e-a26c-d2501b464c4e,CommLayer/Messages/AvalancheMessages$Message$DataHandlerMessage.java,getSerializedSize,->,67366ab5-4121-477e-a26c-d2501b464c4e,com/google/protobuf/CodedOutputStream.java,computeEnumSize
67366ab5-4121-477e-a26c-d2501b464c4e,CommLayer/Messages/AvalancheMessages$Message$DataHandlerMessage.java,getSerializedSize,->,67366ab5-4121-477e-a26c-d2501b464c4e,CommLayer/Messages/AvalancheMessages$Message$DataHandlerMessage.java,getTaskIdBytes
67366ab5-4121-477e-a26c-d2501b464c4e,CommLayer/Messages/AvalancheMessages$Message$DataHandlerMessage.java,getSerializedSize,->,67366ab5-4121-477e-a26c-d2501b464c4e,com/google/protobuf/CodedOutputStream.java,computeBytesSize
67366ab5-4121-477e-a26c-d2501b464c4e,CommLayer/Messages/AvalancheMessages$Message$DataHandlerMessage.java,getSerializedSize,->,67366ab5-4121-477e-a26c-d2501b464c4e,java/util/List.java,size
67366ab5-4121-477e-a26c-d2501b464c4e,CommLayer/Messages/AvalancheMessages$Message$DataHandlerMessage.java,getSerializedSize,->,67366ab5-4121-477e-a26c-d2501b464c4e,java/util/List.java,get
67366ab5-4121-477e-a26c-d2501b464c4e,CommLayer/Messages/AvalancheMessages$Message$DataHandlerMessage.java,getSerializedSize,->,67366ab5-4121-477e-a26c-d2501b464c4e,com/google/protobuf/CodedOutputStream.java,computeMessageSize
67366ab5-4121-477e-a26c-d2501b464c4e,CommLayer/Messages/AvalancheMessages$Message$DataHandlerMessage.java,getSerializedSize,->,67366ab5-4121-477e-a26c-d2501b464c4e,com/google/protobuf/CodedOutputStream.java,computeInt32Size
67366ab5-4121-477e-a26c-d2501b464c4e,CommLayer/Messages/AvalancheMessages$Message$DataHandlerMessage.java,getSerializedSize,->,67366ab5-4121-477e-a26c-d2501b464c4e,com/google/protobuf/CodedOutputStream.java,computeInt32Size
67366ab5-4121-477e-a26c-d2501b464c4e,CommLayer/Messages/AvalancheMessages$Message$DataHandlerMessage.java,getSerializedSize,->,67366ab5-4121-477e-a26c-d2501b464c4e,com/google/protobuf/CodedOutputStream.java,computeMessageSize
67366ab5-4121-477e-a26c-d2501b464c4e,CommLayer/Messages/AvalancheMessages$Message$DataHandlerMessage.java,getSerializedSize,->,67366ab5-4121-477e-a26c-d2501b464c4e,CommLayer/Messages/AvalancheMessages$Message$DataHandlerMessage.java,getUnknownFields
67366ab5-4121-477e-a26c-d2501b464c4e,CommLayer/Messages/AvalancheMessages$Message$DataHandlerMessage.java,getSerializedSize,->,67366ab5-4121-477e-a26c-d2501b464c4e,com/google/protobuf/UnknownFieldSet.java,getSerializedSize
67366ab5-4121-477e-a26c-d2501b464c4e,CommLayer/Messages/AvalancheMessages$Message$DataHandlerMessage.java,writeReplace,->,67366ab5-4121-477e-a26c-d2501b464c4e,com/google/protobuf/GeneratedMessage.java,writeReplace
67366ab5-4121-477e-a26c-d2501b464c4e,CommLayer/Messages/AvalancheMessages$Message$DataHandlerMessage.java,parseFrom,->,67366ab5-4121-477e-a26c-d2501b464c4e,com/google/protobuf/Parser.java,parseFrom
67366ab5-4121-477e-a26c-d2501b464c4e,CommLayer/Messages/AvalancheMessages$Message$DataHandlerMessage.java,parseFrom,->,67366ab5-4121-477e-a26c-d2501b464c4e,com/google/protobuf/Parser.java,parseFrom
67366ab5-4121-477e-a26c-d2501b464c4e,CommLayer/Messages/AvalancheMessages$Message$DataHandlerMessage.java,parseFrom,->,67366ab5-4121-477e-a26c-d2501b464c4e,com/google/protobuf/Parser.java,parseFrom
67366ab5-4121-477e-a26c-d2501b464c4e,CommLayer/Messages/AvalancheMessages$Message$DataHandlerMessage.java,parseFrom,->,67366ab5-4121-477e-a26c-d2501b464c4e,com/google/protobuf/Parser.java,parseFrom
67366ab5-4121-477e-a26c-d2501b464c4e,CommLayer/Messages/AvalancheMessages$Message$DataHandlerMessage.java,parseFrom,->,67366ab5-4121-477e-a26c-d2501b464c4e,com/google/protobuf/Parser.java,parseFrom
67366ab5-4121-477e-a26c-d2501b464c4e,CommLayer/Messages/AvalancheMessages$Message$DataHandlerMessage.java,parseFrom,->,67366ab5-4121-477e-a26c-d2501b464c4e,com/google/protobuf/Parser.java,parseFrom
67366ab5-4121-477e-a26c-d2501b464c4e,CommLayer/Messages/AvalancheMessages$Message$DataHandlerMessage.java,parseDelimitedFrom,->,67366ab5-4121-477e-a26c-d2501b464c4e,com/google/protobuf/Parser.java,parseDelimitedFrom
67366ab5-4121-477e-a26c-d2501b464c4e,CommLayer/Messages/AvalancheMessages$Message$DataHandlerMessage.java,parseDelimitedFrom,->,67366ab5-4121-477e-a26c-d2501b464c4e,com/google/protobuf/Parser.java,parseDelimitedFrom
67366ab5-4121-477e-a26c-d2501b464c4e,CommLayer/Messages/AvalancheMessages$Message$DataHandlerMessage.java,parseFrom,->,67366ab5-4121-477e-a26c-d2501b464c4e,com/google/protobuf/Parser.java,parseFrom
67366ab5-4121-477e-a26c-d2501b464c4e,CommLayer/Messages/AvalancheMessages$Message$DataHandlerMessage.java,parseFrom,->,67366ab5-4121-477e-a26c-d2501b464c4e,com/google/protobuf/Parser.java,parseFrom
67366ab5-4121-477e-a26c-d2501b464c4e,CommLayer/Messages/AvalancheMessages$Message$DataHandlerMessage.java,newBuilder,->,67366ab5-4121-477e-a26c-d2501b464c4e,CommLayer/Messages/AvalancheMessages$Message$DataHandlerMessage$Builder.java,access$5900
67366ab5-4121-477e-a26c-d2501b464c4e,CommLayer/Messages/AvalancheMessages$Message$DataHandlerMessage.java,newBuilderForType,->,67366ab5-4121-477e-a26c-d2501b464c4e,CommLayer/Messages/AvalancheMessages$Message$DataHandlerMessage.java,newBuilder
67366ab5-4121-477e-a26c-d2501b464c4e,CommLayer/Messages/AvalancheMessages$Message$DataHandlerMessage.java,newBuilder,->,67366ab5-4121-477e-a26c-d2501b464c4e,CommLayer/Messages/AvalancheMessages$Message$DataHandlerMessage.java,newBuilder
67366ab5-4121-477e-a26c-d2501b464c4e,CommLayer/Messages/AvalancheMessages$Message$DataHandlerMessage.java,newBuilder,->,67366ab5-4121-477e-a26c-d2501b464c4e,CommLayer/Messages/AvalancheMessages$Message$DataHandlerMessage$Builder.java,mergeFrom
67366ab5-4121-477e-a26c-d2501b464c4e,CommLayer/Messages/AvalancheMessages$Message$DataHandlerMessage.java,toBuilder,->,67366ab5-4121-477e-a26c-d2501b464c4e,CommLayer/Messages/AvalancheMessages$Message$DataHandlerMessage.java,newBuilder
67366ab5-4121-477e-a26c-d2501b464c4e,CommLayer/Messages/AvalancheMessages$Message$DataHandlerMessage.java,newBuilderForType,->,67366ab5-4121-477e-a26c-d2501b464c4e,CommLayer/Messages/AvalancheMessages$Message$DataHandlerMessage.java,newBuilderForType
67366ab5-4121-477e-a26c-d2501b464c4e,CommLayer/Messages/AvalancheMessages$Message$DataHandlerMessage.java,toBuilder,->,67366ab5-4121-477e-a26c-d2501b464c4e,CommLayer/Messages/AvalancheMessages$Message$DataHandlerMessage.java,toBuilder
67366ab5-4121-477e-a26c-d2501b464c4e,CommLayer/Messages/AvalancheMessages$Message$DataHandlerMessage.java,newBuilderForType,->,67366ab5-4121-477e-a26c-d2501b464c4e,CommLayer/Messages/AvalancheMessages$Message$DataHandlerMessage.java,newBuilderForType
67366ab5-4121-477e-a26c-d2501b464c4e,CommLayer/Messages/AvalancheMessages$Message$DataHandlerMessage.java,toBuilder,->,67366ab5-4121-477e-a26c-d2501b464c4e,CommLayer/Messages/AvalancheMessages$Message$DataHandlerMessage.java,toBuilder
67366ab5-4121-477e-a26c-d2501b464c4e,CommLayer/Messages/AvalancheMessages$Message$DataHandlerMessage.java,newBuilderForType,->,67366ab5-4121-477e-a26c-d2501b464c4e,CommLayer/Messages/AvalancheMessages$Message$DataHandlerMessage.java,newBuilderForType
67366ab5-4121-477e-a26c-d2501b464c4e,CommLayer/Messages/AvalancheMessages$Message$DataHandlerMessage.java,getDefaultInstanceForType,->,67366ab5-4121-477e-a26c-d2501b464c4e,CommLayer/Messages/AvalancheMessages$Message$DataHandlerMessage.java,getDefaultInstanceForType
67366ab5-4121-477e-a26c-d2501b464c4e,CommLayer/Messages/AvalancheMessages$Message$DataHandlerMessage.java,getDefaultInstanceForType,->,67366ab5-4121-477e-a26c-d2501b464c4e,CommLayer/Messages/AvalancheMessages$Message$DataHandlerMessage.java,getDefaultInstanceForType
67366ab5-4121-477e-a26c-d2501b464c4e,CommLayer/Messages/AvalancheMessages$Message$DataHandlerMessage.java,<clinit>,->,67366ab5-4121-477e-a26c-d2501b464c4e,CommLayer/Messages/AvalancheMessages$Message$DataHandlerMessage.java,initFields
67366ab5-4121-477e-a26c-d2501b464c4e,CommLayer/Messages/AvalancheMessages$Message$TopologyMessage$BuilderNode.java,getDescriptor,->,67366ab5-4121-477e-a26c-d2501b464c4e,CommLayer/Messages/AvalancheMessages.java,access$16800
67366ab5-4121-477e-a26c-d2501b464c4e,CommLayer/Messages/AvalancheMessages$Message$TopologyMessage$BuilderNode.java,internalGetFieldAccessorTable,->,67366ab5-4121-477e-a26c-d2501b464c4e,CommLayer/Messages/AvalancheMessages.java,access$16900
67366ab5-4121-477e-a26c-d2501b464c4e,CommLayer/Messages/AvalancheMessages$Message$TopologyMessage$BuilderNode.java,internalGetFieldAccessorTable,->,67366ab5-4121-477e-a26c-d2501b464c4e,com/google/protobuf/GeneratedMessage$FieldAccessorTable.java,ensureFieldAccessorsInitialized
67366ab5-4121-477e-a26c-d2501b464c4e,CommLayer/Messages/AvalancheMessages$Message$TopologyMessage$BuilderNode.java,getId,->,67366ab5-4121-477e-a26c-d2501b464c4e,com/google/protobuf/ByteString.java,toStringUtf8
67366ab5-4121-477e-a26c-d2501b464c4e,CommLayer/Messages/AvalancheMessages$Message$TopologyMessage$BuilderNode.java,getId,->,67366ab5-4121-477e-a26c-d2501b464c4e,com/google/protobuf/ByteString.java,isValidUtf8
67366ab5-4121-477e-a26c-d2501b464c4e,CommLayer/Messages/AvalancheMessages$Message$TopologyMessage$BuilderNode.java,getIdBytes,->,67366ab5-4121-477e-a26c-d2501b464c4e,com/google/protobuf/ByteString.java,copyFromUtf8
67366ab5-4121-477e-a26c-d2501b464c4e,CommLayer/Messages/AvalancheMessages$Message$TopologyMessage$BuilderNode.java,getPath,->,67366ab5-4121-477e-a26c-d2501b464c4e,com/google/protobuf/ByteString.java,toStringUtf8
67366ab5-4121-477e-a26c-d2501b464c4e,CommLayer/Messages/AvalancheMessages$Message$TopologyMessage$BuilderNode.java,getPath,->,67366ab5-4121-477e-a26c-d2501b464c4e,com/google/protobuf/ByteString.java,isValidUtf8
67366ab5-4121-477e-a26c-d2501b464c4e,CommLayer/Messages/AvalancheMessages$Message$TopologyMessage$BuilderNode.java,getPathBytes,->,67366ab5-4121-477e-a26c-d2501b464c4e,com/google/protobuf/ByteString.java,copyFromUtf8
67366ab5-4121-477e-a26c-d2501b464c4e,CommLayer/Messages/AvalancheMessages$Message$TopologyMessage$BuilderNode.java,writeTo,->,67366ab5-4121-477e-a26c-d2501b464c4e,CommLayer/Messages/AvalancheMessages$Message$TopologyMessage$BuilderNode.java,getSerializedSize
67366ab5-4121-477e-a26c-d2501b464c4e,CommLayer/Messages/AvalancheMessages$Message$TopologyMessage$BuilderNode.java,writeTo,->,67366ab5-4121-477e-a26c-d2501b464c4e,CommLayer/Messages/AvalancheMessages$Message$TopologyMessage$BuilderNode.java,getIdBytes
67366ab5-4121-477e-a26c-d2501b464c4e,CommLayer/Messages/AvalancheMessages$Message$TopologyMessage$BuilderNode.java,writeTo,->,67366ab5-4121-477e-a26c-d2501b464c4e,com/google/protobuf/CodedOutputStream.java,writeBytes
67366ab5-4121-477e-a26c-d2501b464c4e,CommLayer/Messages/AvalancheMessages$Message$TopologyMessage$BuilderNode.java,writeTo,->,67366ab5-4121-477e-a26c-d2501b464c4e,CommLayer/Messages/AvalancheMessages$Message$TopologyMessage$BuilderNode.java,getPathBytes
67366ab5-4121-477e-a26c-d2501b464c4e,CommLayer/Messages/AvalancheMessages$Message$TopologyMessage$BuilderNode.java,writeTo,->,67366ab5-4121-477e-a26c-d2501b464c4e,com/google/protobuf/CodedOutputStream.java,writeBytes
67366ab5-4121-477e-a26c-d2501b464c4e,CommLayer/Messages/AvalancheMessages$Message$TopologyMessage$BuilderNode.java,writeTo,->,67366ab5-4121-477e-a26c-d2501b464c4e,CommLayer/Messages/AvalancheMessages$Message$TopologyMessage$BuilderNode.java,getUnknownFields
67366ab5-4121-477e-a26c-d2501b464c4e,CommLayer/Messages/AvalancheMessages$Message$TopologyMessage$BuilderNode.java,writeTo,->,67366ab5-4121-477e-a26c-d2501b464c4e,com/google/protobuf/UnknownFieldSet.java,writeTo
67366ab5-4121-477e-a26c-d2501b464c4e,CommLayer/Messages/AvalancheMessages$Message$TopologyMessage$BuilderNode.java,getSerializedSize,->,67366ab5-4121-477e-a26c-d2501b464c4e,CommLayer/Messages/AvalancheMessages$Message$TopologyMessage$BuilderNode.java,getIdBytes
67366ab5-4121-477e-a26c-d2501b464c4e,CommLayer/Messages/AvalancheMessages$Message$TopologyMessage$BuilderNode.java,getSerializedSize,->,67366ab5-4121-477e-a26c-d2501b464c4e,com/google/protobuf/CodedOutputStream.java,computeBytesSize
67366ab5-4121-477e-a26c-d2501b464c4e,CommLayer/Messages/AvalancheMessages$Message$TopologyMessage$BuilderNode.java,getSerializedSize,->,67366ab5-4121-477e-a26c-d2501b464c4e,CommLayer/Messages/AvalancheMessages$Message$TopologyMessage$BuilderNode.java,getPathBytes
67366ab5-4121-477e-a26c-d2501b464c4e,CommLayer/Messages/AvalancheMessages$Message$TopologyMessage$BuilderNode.java,getSerializedSize,->,67366ab5-4121-477e-a26c-d2501b464c4e,com/google/protobuf/CodedOutputStream.java,computeBytesSize
67366ab5-4121-477e-a26c-d2501b464c4e,CommLayer/Messages/AvalancheMessages$Message$TopologyMessage$BuilderNode.java,getSerializedSize,->,67366ab5-4121-477e-a26c-d2501b464c4e,CommLayer/Messages/AvalancheMessages$Message$TopologyMessage$BuilderNode.java,getUnknownFields
67366ab5-4121-477e-a26c-d2501b464c4e,CommLayer/Messages/AvalancheMessages$Message$TopologyMessage$BuilderNode.java,getSerializedSize,->,67366ab5-4121-477e-a26c-d2501b464c4e,com/google/protobuf/UnknownFieldSet.java,getSerializedSize
67366ab5-4121-477e-a26c-d2501b464c4e,CommLayer/Messages/AvalancheMessages$Message$TopologyMessage$BuilderNode.java,writeReplace,->,67366ab5-4121-477e-a26c-d2501b464c4e,com/google/protobuf/GeneratedMessage.java,writeReplace
67366ab5-4121-477e-a26c-d2501b464c4e,CommLayer/Messages/AvalancheMessages$Message$TopologyMessage$BuilderNode.java,parseFrom,->,67366ab5-4121-477e-a26c-d2501b464c4e,com/google/protobuf/Parser.java,parseFrom
67366ab5-4121-477e-a26c-d2501b464c4e,CommLayer/Messages/AvalancheMessages$Message$TopologyMessage$BuilderNode.java,parseFrom,->,67366ab5-4121-477e-a26c-d2501b464c4e,com/google/protobuf/Parser.java,parseFrom
67366ab5-4121-477e-a26c-d2501b464c4e,CommLayer/Messages/AvalancheMessages$Message$TopologyMessage$BuilderNode.java,parseFrom,->,67366ab5-4121-477e-a26c-d2501b464c4e,com/google/protobuf/Parser.java,parseFrom
67366ab5-4121-477e-a26c-d2501b464c4e,CommLayer/Messages/AvalancheMessages$Message$TopologyMessage$BuilderNode.java,parseFrom,->,67366ab5-4121-477e-a26c-d2501b464c4e,com/google/protobuf/Parser.java,parseFrom
67366ab5-4121-477e-a26c-d2501b464c4e,CommLayer/Messages/AvalancheMessages$Message$TopologyMessage$BuilderNode.java,parseFrom,->,67366ab5-4121-477e-a26c-d2501b464c4e,com/google/protobuf/Parser.java,parseFrom
67366ab5-4121-477e-a26c-d2501b464c4e,CommLayer/Messages/AvalancheMessages$Message$TopologyMessage$BuilderNode.java,parseFrom,->,67366ab5-4121-477e-a26c-d2501b464c4e,com/google/protobuf/Parser.java,parseFrom
67366ab5-4121-477e-a26c-d2501b464c4e,CommLayer/Messages/AvalancheMessages$Message$TopologyMessage$BuilderNode.java,parseDelimitedFrom,->,67366ab5-4121-477e-a26c-d2501b464c4e,com/google/protobuf/Parser.java,parseDelimitedFrom
67366ab5-4121-477e-a26c-d2501b464c4e,CommLayer/Messages/AvalancheMessages$Message$TopologyMessage$BuilderNode.java,parseDelimitedFrom,->,67366ab5-4121-477e-a26c-d2501b464c4e,com/google/protobuf/Parser.java,parseDelimitedFrom
67366ab5-4121-477e-a26c-d2501b464c4e,CommLayer/Messages/AvalancheMessages$Message$TopologyMessage$BuilderNode.java,parseFrom,->,67366ab5-4121-477e-a26c-d2501b464c4e,com/google/protobuf/Parser.java,parseFrom
67366ab5-4121-477e-a26c-d2501b464c4e,CommLayer/Messages/AvalancheMessages$Message$TopologyMessage$BuilderNode.java,parseFrom,->,67366ab5-4121-477e-a26c-d2501b464c4e,com/google/protobuf/Parser.java,parseFrom
67366ab5-4121-477e-a26c-d2501b464c4e,CommLayer/Messages/AvalancheMessages$Message$TopologyMessage$BuilderNode.java,newBuilder,->,67366ab5-4121-477e-a26c-d2501b464c4e,CommLayer/Messages/AvalancheMessages$Message$TopologyMessage$BuilderNode$Builder.java,access$17100
67366ab5-4121-477e-a26c-d2501b464c4e,CommLayer/Messages/AvalancheMessages$Message$TopologyMessage$BuilderNode.java,newBuilderForType,->,67366ab5-4121-477e-a26c-d2501b464c4e,CommLayer/Messages/AvalancheMessages$Message$TopologyMessage$BuilderNode.java,newBuilder
67366ab5-4121-477e-a26c-d2501b464c4e,CommLayer/Messages/AvalancheMessages$Message$TopologyMessage$BuilderNode.java,newBuilder,->,67366ab5-4121-477e-a26c-d2501b464c4e,CommLayer/Messages/AvalancheMessages$Message$TopologyMessage$BuilderNode.java,newBuilder
67366ab5-4121-477e-a26c-d2501b464c4e,CommLayer/Messages/AvalancheMessages$Message$TopologyMessage$BuilderNode.java,newBuilder,->,67366ab5-4121-477e-a26c-d2501b464c4e,CommLayer/Messages/AvalancheMessages$Message$TopologyMessage$BuilderNode$Builder.java,mergeFrom
67366ab5-4121-477e-a26c-d2501b464c4e,CommLayer/Messages/AvalancheMessages$Message$TopologyMessage$BuilderNode.java,toBuilder,->,67366ab5-4121-477e-a26c-d2501b464c4e,CommLayer/Messages/AvalancheMessages$Message$TopologyMessage$BuilderNode.java,newBuilder
67366ab5-4121-477e-a26c-d2501b464c4e,CommLayer/Messages/AvalancheMessages$Message$TopologyMessage$BuilderNode.java,newBuilderForType,->,67366ab5-4121-477e-a26c-d2501b464c4e,CommLayer/Messages/AvalancheMessages$Message$TopologyMessage$BuilderNode.java,newBuilderForType
67366ab5-4121-477e-a26c-d2501b464c4e,CommLayer/Messages/AvalancheMessages$Message$TopologyMessage$BuilderNode.java,toBuilder,->,67366ab5-4121-477e-a26c-d2501b464c4e,CommLayer/Messages/AvalancheMessages$Message$TopologyMessage$BuilderNode.java,toBuilder
67366ab5-4121-477e-a26c-d2501b464c4e,CommLayer/Messages/AvalancheMessages$Message$TopologyMessage$BuilderNode.java,newBuilderForType,->,67366ab5-4121-477e-a26c-d2501b464c4e,CommLayer/Messages/AvalancheMessages$Message$TopologyMessage$BuilderNode.java,newBuilderForType
67366ab5-4121-477e-a26c-d2501b464c4e,CommLayer/Messages/AvalancheMessages$Message$TopologyMessage$BuilderNode.java,toBuilder,->,67366ab5-4121-477e-a26c-d2501b464c4e,CommLayer/Messages/AvalancheMessages$Message$TopologyMessage$BuilderNode.java,toBuilder
67366ab5-4121-477e-a26c-d2501b464c4e,CommLayer/Messages/AvalancheMessages$Message$TopologyMessage$BuilderNode.java,newBuilderForType,->,67366ab5-4121-477e-a26c-d2501b464c4e,CommLayer/Messages/AvalancheMessages$Message$TopologyMessage$BuilderNode.java,newBuilderForType
67366ab5-4121-477e-a26c-d2501b464c4e,CommLayer/Messages/AvalancheMessages$Message$TopologyMessage$BuilderNode.java,getDefaultInstanceForType,->,67366ab5-4121-477e-a26c-d2501b464c4e,CommLayer/Messages/AvalancheMessages$Message$TopologyMessage$BuilderNode.java,getDefaultInstanceForType
67366ab5-4121-477e-a26c-d2501b464c4e,CommLayer/Messages/AvalancheMessages$Message$TopologyMessage$BuilderNode.java,getDefaultInstanceForType,->,67366ab5-4121-477e-a26c-d2501b464c4e,CommLayer/Messages/AvalancheMessages$Message$TopologyMessage$BuilderNode.java,getDefaultInstanceForType
67366ab5-4121-477e-a26c-d2501b464c4e,CommLayer/Messages/AvalancheMessages$Message$TopologyMessage$BuilderNode.java,<clinit>,->,67366ab5-4121-477e-a26c-d2501b464c4e,CommLayer/Messages/AvalancheMessages$Message$TopologyMessage$BuilderNode.java,initFields
67366ab5-4121-477e-a26c-d2501b464c4e,CommLayer/Messages/AvalancheMessages$Message$DataManagerMessage$DataSourceResponseMessage$Builder.java,getDescriptor,->,67366ab5-4121-477e-a26c-d2501b464c4e,CommLayer/Messages/AvalancheMessages.java,access$10400
67366ab5-4121-477e-a26c-d2501b464c4e,CommLayer/Messages/AvalancheMessages$Message$DataManagerMessage$DataSourceResponseMessage$Builder.java,internalGetFieldAccessorTable,->,67366ab5-4121-477e-a26c-d2501b464c4e,CommLayer/Messages/AvalancheMessages.java,access$10500
67366ab5-4121-477e-a26c-d2501b464c4e,CommLayer/Messages/AvalancheMessages$Message$DataManagerMessage$DataSourceResponseMessage$Builder.java,internalGetFieldAccessorTable,->,67366ab5-4121-477e-a26c-d2501b464c4e,com/google/protobuf/GeneratedMessage$FieldAccessorTable.java,ensureFieldAccessorsInitialized
67366ab5-4121-477e-a26c-d2501b464c4e,CommLayer/Messages/AvalancheMessages$Message$DataManagerMessage$DataSourceResponseMessage$Builder.java,maybeForceBuilderInitialization,->,67366ab5-4121-477e-a26c-d2501b464c4e,CommLayer/Messages/AvalancheMessages$Message$DataManagerMessage$DataSourceResponseMessage.java,access$10900
67366ab5-4121-477e-a26c-d2501b464c4e,CommLayer/Messages/AvalancheMessages$Message$DataManagerMessage$DataSourceResponseMessage$Builder.java,maybeForceBuilderInitialization,->,67366ab5-4121-477e-a26c-d2501b464c4e,CommLayer/Messages/AvalancheMessages$Message$DataManagerMessage$DataSourceResponseMessage$Builder.java,getDataSourceFieldBuilder
67366ab5-4121-477e-a26c-d2501b464c4e,CommLayer/Messages/AvalancheMessages$Message$DataManagerMessage$DataSourceResponseMessage$Builder.java,clear,->,67366ab5-4121-477e-a26c-d2501b464c4e,com/google/protobuf/GeneratedMessage$Builder.java,clear
67366ab5-4121-477e-a26c-d2501b464c4e,CommLayer/Messages/AvalancheMessages$Message$DataManagerMessage$DataSourceResponseMessage$Builder.java,clear,->,67366ab5-4121-477e-a26c-d2501b464c4e,java/util/Collections.java,emptyList
67366ab5-4121-477e-a26c-d2501b464c4e,CommLayer/Messages/AvalancheMessages$Message$DataManagerMessage$DataSourceResponseMessage$Builder.java,clear,->,67366ab5-4121-477e-a26c-d2501b464c4e,com/google/protobuf/RepeatedFieldBuilder.java,clear
67366ab5-4121-477e-a26c-d2501b464c4e,CommLayer/Messages/AvalancheMessages$Message$DataManagerMessage$DataSourceResponseMessage$Builder.java,clone,->,67366ab5-4121-477e-a26c-d2501b464c4e,CommLayer/Messages/AvalancheMessages$Message$DataManagerMessage$DataSourceResponseMessage$Builder.java,create
67366ab5-4121-477e-a26c-d2501b464c4e,CommLayer/Messages/AvalancheMessages$Message$DataManagerMessage$DataSourceResponseMessage$Builder.java,clone,->,67366ab5-4121-477e-a26c-d2501b464c4e,CommLayer/Messages/AvalancheMessages$Message$DataManagerMessage$DataSourceResponseMessage$Builder.java,buildPartial
67366ab5-4121-477e-a26c-d2501b464c4e,CommLayer/Messages/AvalancheMessages$Message$DataManagerMessage$DataSourceResponseMessage$Builder.java,clone,->,67366ab5-4121-477e-a26c-d2501b464c4e,CommLayer/Messages/AvalancheMessages$Message$DataManagerMessage$DataSourceResponseMessage$Builder.java,mergeFrom
67366ab5-4121-477e-a26c-d2501b464c4e,CommLayer/Messages/AvalancheMessages$Message$DataManagerMessage$DataSourceResponseMessage$Builder.java,getDescriptorForType,->,67366ab5-4121-477e-a26c-d2501b464c4e,CommLayer/Messages/AvalancheMessages.java,access$10400
67366ab5-4121-477e-a26c-d2501b464c4e,CommLayer/Messages/AvalancheMessages$Message$DataManagerMessage$DataSourceResponseMessage$Builder.java,getDefaultInstanceForType,->,67366ab5-4121-477e-a26c-d2501b464c4e,CommLayer/Messages/AvalancheMessages$Message$DataManagerMessage$DataSourceResponseMessage.java,getDefaultInstance
67366ab5-4121-477e-a26c-d2501b464c4e,CommLayer/Messages/AvalancheMessages$Message$DataManagerMessage$DataSourceResponseMessage$Builder.java,build,->,67366ab5-4121-477e-a26c-d2501b464c4e,CommLayer/Messages/AvalancheMessages$Message$DataManagerMessage$DataSourceResponseMessage$Builder.java,buildPartial
67366ab5-4121-477e-a26c-d2501b464c4e,CommLayer/Messages/AvalancheMessages$Message$DataManagerMessage$DataSourceResponseMessage$Builder.java,build,->,67366ab5-4121-477e-a26c-d2501b464c4e,CommLayer/Messages/AvalancheMessages$Message$DataManagerMessage$DataSourceResponseMessage.java,isInitialized
67366ab5-4121-477e-a26c-d2501b464c4e,CommLayer/Messages/AvalancheMessages$Message$DataManagerMessage$DataSourceResponseMessage$Builder.java,build,->,67366ab5-4121-477e-a26c-d2501b464c4e,CommLayer/Messages/AvalancheMessages$Message$DataManagerMessage$DataSourceResponseMessage$Builder.java,newUninitializedMessageException
67366ab5-4121-477e-a26c-d2501b464c4e,CommLayer/Messages/AvalancheMessages$Message$DataManagerMessage$DataSourceResponseMessage$Builder.java,buildPartial,->,67366ab5-4121-477e-a26c-d2501b464c4e,CommLayer/Messages/AvalancheMessages$Message$DataManagerMessage$DataSourceResponseMessage.java,access$11102
67366ab5-4121-477e-a26c-d2501b464c4e,CommLayer/Messages/AvalancheMessages$Message$DataManagerMessage$DataSourceResponseMessage$Builder.java,buildPartial,->,67366ab5-4121-477e-a26c-d2501b464c4e,java/util/Collections.java,unmodifiableList
67366ab5-4121-477e-a26c-d2501b464c4e,CommLayer/Messages/AvalancheMessages$Message$DataManagerMessage$DataSourceResponseMessage$Builder.java,buildPartial,->,67366ab5-4121-477e-a26c-d2501b464c4e,CommLayer/Messages/AvalancheMessages$Message$DataManagerMessage$DataSourceResponseMessage.java,access$11202
67366ab5-4121-477e-a26c-d2501b464c4e,CommLayer/Messages/AvalancheMessages$Message$DataManagerMessage$DataSourceResponseMessage$Builder.java,buildPartial,->,67366ab5-4121-477e-a26c-d2501b464c4e,com/google/protobuf/RepeatedFieldBuilder.java,build
67366ab5-4121-477e-a26c-d2501b464c4e,CommLayer/Messages/AvalancheMessages$Message$DataManagerMessage$DataSourceResponseMessage$Builder.java,buildPartial,->,67366ab5-4121-477e-a26c-d2501b464c4e,CommLayer/Messages/AvalancheMessages$Message$DataManagerMessage$DataSourceResponseMessage.java,access$11202
67366ab5-4121-477e-a26c-d2501b464c4e,CommLayer/Messages/AvalancheMessages$Message$DataManagerMessage$DataSourceResponseMessage$Builder.java,buildPartial,->,67366ab5-4121-477e-a26c-d2501b464c4e,CommLayer/Messages/AvalancheMessages$Message$DataManagerMessage$DataSourceResponseMessage.java,access$11302
67366ab5-4121-477e-a26c-d2501b464c4e,CommLayer/Messages/AvalancheMessages$Message$DataManagerMessage$DataSourceResponseMessage$Builder.java,buildPartial,->,67366ab5-4121-477e-a26c-d2501b464c4e,CommLayer/Messages/AvalancheMessages$Message$DataManagerMessage$DataSourceResponseMessage$Builder.java,onBuilt
67366ab5-4121-477e-a26c-d2501b464c4e,CommLayer/Messages/AvalancheMessages$Message$DataManagerMessage$DataSourceResponseMessage$Builder.java,mergeFrom,->,67366ab5-4121-477e-a26c-d2501b464c4e,CommLayer/Messages/AvalancheMessages$Message$DataManagerMessage$DataSourceResponseMessage$Builder.java,mergeFrom
67366ab5-4121-477e-a26c-d2501b464c4e,CommLayer/Messages/AvalancheMessages$Message$DataManagerMessage$DataSourceResponseMessage$Builder.java,mergeFrom,->,67366ab5-4121-477e-a26c-d2501b464c4e,com/google/protobuf/GeneratedMessage$Builder.java,mergeFrom
67366ab5-4121-477e-a26c-d2501b464c4e,CommLayer/Messages/AvalancheMessages$Message$DataManagerMessage$DataSourceResponseMessage$Builder.java,mergeFrom,->,67366ab5-4121-477e-a26c-d2501b464c4e,CommLayer/Messages/AvalancheMessages$Message$DataManagerMessage$DataSourceResponseMessage.java,getDefaultInstance
67366ab5-4121-477e-a26c-d2501b464c4e,CommLayer/Messages/AvalancheMessages$Message$DataManagerMessage$DataSourceResponseMessage$Builder.java,mergeFrom,->,67366ab5-4121-477e-a26c-d2501b464c4e,CommLayer/Messages/AvalancheMessages$Message$DataManagerMessage$DataSourceResponseMessage.java,hasTaskId
67366ab5-4121-477e-a26c-d2501b464c4e,CommLayer/Messages/AvalancheMessages$Message$DataManagerMessage$DataSourceResponseMessage$Builder.java,mergeFrom,->,67366ab5-4121-477e-a26c-d2501b464c4e,CommLayer/Messages/AvalancheMessages$Message$DataManagerMessage$DataSourceResponseMessage.java,access$11100
67366ab5-4121-477e-a26c-d2501b464c4e,CommLayer/Messages/AvalancheMessages$Message$DataManagerMessage$DataSourceResponseMessage$Builder.java,mergeFrom,->,67366ab5-4121-477e-a26c-d2501b464c4e,CommLayer/Messages/AvalancheMessages$Message$DataManagerMessage$DataSourceResponseMessage$Builder.java,onChanged
67366ab5-4121-477e-a26c-d2501b464c4e,CommLayer/Messages/AvalancheMessages$Message$DataManagerMessage$DataSourceResponseMessage$Builder.java,mergeFrom,->,67366ab5-4121-477e-a26c-d2501b464c4e,CommLayer/Messages/AvalancheMessages$Message$DataManagerMessage$DataSourceResponseMessage.java,access$11200
67366ab5-4121-477e-a26c-d2501b464c4e,CommLayer/Messages/AvalancheMessages$Message$DataManagerMessage$DataSourceResponseMessage$Builder.java,mergeFrom,->,67366ab5-4121-477e-a26c-d2501b464c4e,java/util/List.java,isEmpty
67366ab5-4121-477e-a26c-d2501b464c4e,CommLayer/Messages/AvalancheMessages$Message$DataManagerMessage$DataSourceResponseMessage$Builder.java,mergeFrom,->,67366ab5-4121-477e-a26c-d2501b464c4e,java/util/List.java,isEmpty
67366ab5-4121-477e-a26c-d2501b464c4e,CommLayer/Messages/AvalancheMessages$Message$DataManagerMessage$DataSourceResponseMessage$Builder.java,mergeFrom,->,67366ab5-4121-477e-a26c-d2501b464c4e,CommLayer/Messages/AvalancheMessages$Message$DataManagerMessage$DataSourceResponseMessage.java,access$11200
67366ab5-4121-477e-a26c-d2501b464c4e,CommLayer/Messages/AvalancheMessages$Message$DataManagerMessage$DataSourceResponseMessage$Builder.java,mergeFrom,->,67366ab5-4121-477e-a26c-d2501b464c4e,CommLayer/Messages/AvalancheMessages$Message$DataManagerMessage$DataSourceResponseMessage$Builder.java,ensureDataSourceIsMutable
67366ab5-4121-477e-a26c-d2501b464c4e,CommLayer/Messages/AvalancheMessages$Message$DataManagerMessage$DataSourceResponseMessage$Builder.java,mergeFrom,->,67366ab5-4121-477e-a26c-d2501b464c4e,CommLayer/Messages/AvalancheMessages$Message$DataManagerMessage$DataSourceResponseMessage.java,access$11200
67366ab5-4121-477e-a26c-d2501b464c4e,CommLayer/Messages/AvalancheMessages$Message$DataManagerMessage$DataSourceResponseMessage$Builder.java,mergeFrom,->,67366ab5-4121-477e-a26c-d2501b464c4e,java/util/List.java,addAll
67366ab5-4121-477e-a26c-d2501b464c4e,CommLayer/Messages/AvalancheMessages$Message$DataManagerMessage$DataSourceResponseMessage$Builder.java,mergeFrom,->,67366ab5-4121-477e-a26c-d2501b464c4e,CommLayer/Messages/AvalancheMessages$Message$DataManagerMessage$DataSourceResponseMessage$Builder.java,onChanged
67366ab5-4121-477e-a26c-d2501b464c4e,CommLayer/Messages/AvalancheMessages$Message$DataManagerMessage$DataSourceResponseMessage$Builder.java,mergeFrom,->,67366ab5-4121-477e-a26c-d2501b464c4e,CommLayer/Messages/AvalancheMessages$Message$DataManagerMessage$DataSourceResponseMessage.java,access$11200
67366ab5-4121-477e-a26c-d2501b464c4e,CommLayer/Messages/AvalancheMessages$Message$DataManagerMessage$DataSourceResponseMessage$Builder.java,mergeFrom,->,67366ab5-4121-477e-a26c-d2501b464c4e,java/util/List.java,isEmpty
67366ab5-4121-477e-a26c-d2501b464c4e,CommLayer/Messages/AvalancheMessages$Message$DataManagerMessage$DataSourceResponseMessage$Builder.java,mergeFrom,->,67366ab5-4121-477e-a26c-d2501b464c4e,com/google/protobuf/RepeatedFieldBuilder.java,isEmpty
67366ab5-4121-477e-a26c-d2501b464c4e,CommLayer/Messages/AvalancheMessages$Message$DataManagerMessage$DataSourceResponseMessage$Builder.java,mergeFrom,->,67366ab5-4121-477e-a26c-d2501b464c4e,com/google/protobuf/RepeatedFieldBuilder.java,dispose
67366ab5-4121-477e-a26c-d2501b464c4e,CommLayer/Messages/AvalancheMessages$Message$DataManagerMessage$DataSourceResponseMessage$Builder.java,mergeFrom,->,67366ab5-4121-477e-a26c-d2501b464c4e,CommLayer/Messages/AvalancheMessages$Message$DataManagerMessage$DataSourceResponseMessage.java,access$11200
67366ab5-4121-477e-a26c-d2501b464c4e,CommLayer/Messages/AvalancheMessages$Message$DataManagerMessage$DataSourceResponseMessage$Builder.java,mergeFrom,->,67366ab5-4121-477e-a26c-d2501b464c4e,CommLayer/Messages/AvalancheMessages$Message$DataManagerMessage$DataSourceResponseMessage.java,access$11400
67366ab5-4121-477e-a26c-d2501b464c4e,CommLayer/Messages/AvalancheMessages$Message$DataManagerMessage$DataSourceResponseMessage$Builder.java,mergeFrom,->,67366ab5-4121-477e-a26c-d2501b464c4e,CommLayer/Messages/AvalancheMessages$Message$DataManagerMessage$DataSourceResponseMessage$Builder.java,getDataSourceFieldBuilder
67366ab5-4121-477e-a26c-d2501b464c4e,CommLayer/Messages/AvalancheMessages$Message$DataManagerMessage$DataSourceResponseMessage$Builder.java,mergeFrom,->,67366ab5-4121-477e-a26c-d2501b464c4e,CommLayer/Messages/AvalancheMessages$Message$DataManagerMessage$DataSourceResponseMessage.java,access$11200
67366ab5-4121-477e-a26c-d2501b464c4e,CommLayer/Messages/AvalancheMessages$Message$DataManagerMessage$DataSourceResponseMessage$Builder.java,mergeFrom,->,67366ab5-4121-477e-a26c-d2501b464c4e,com/google/protobuf/RepeatedFieldBuilder.java,addAllMessages
67366ab5-4121-477e-a26c-d2501b464c4e,CommLayer/Messages/AvalancheMessages$Message$DataManagerMessage$DataSourceResponseMessage$Builder.java,mergeFrom,->,67366ab5-4121-477e-a26c-d2501b464c4e,CommLayer/Messages/AvalancheMessages$Message$DataManagerMessage$DataSourceResponseMessage.java,getUnknownFields
67366ab5-4121-477e-a26c-d2501b464c4e,CommLayer/Messages/AvalancheMessages$Message$DataManagerMessage$DataSourceResponseMessage$Builder.java,mergeFrom,->,67366ab5-4121-477e-a26c-d2501b464c4e,CommLayer/Messages/AvalancheMessages$Message$DataManagerMessage$DataSourceResponseMessage$Builder.java,mergeUnknownFields
67366ab5-4121-477e-a26c-d2501b464c4e,CommLayer/Messages/AvalancheMessages$Message$DataManagerMessage$DataSourceResponseMessage$Builder.java,mergeFrom,->,67366ab5-4121-477e-a26c-d2501b464c4e,com/google/protobuf/Parser.java,parsePartialFrom
67366ab5-4121-477e-a26c-d2501b464c4e,CommLayer/Messages/AvalancheMessages$Message$DataManagerMessage$DataSourceResponseMessage$Builder.java,mergeFrom,->,67366ab5-4121-477e-a26c-d2501b464c4e,CommLayer/Messages/AvalancheMessages$Message$DataManagerMessage$DataSourceResponseMessage$Builder.java,mergeFrom
67366ab5-4121-477e-a26c-d2501b464c4e,CommLayer/Messages/AvalancheMessages$Message$DataManagerMessage$DataSourceResponseMessage$Builder.java,mergeFrom,->,67366ab5-4121-477e-a26c-d2501b464c4e,com/google/protobuf/InvalidProtocolBufferException.java,getUnfinishedMessage
67366ab5-4121-477e-a26c-d2501b464c4e,CommLayer/Messages/AvalancheMessages$Message$DataManagerMessage$DataSourceResponseMessage$Builder.java,mergeFrom,->,67366ab5-4121-477e-a26c-d2501b464c4e,CommLayer/Messages/AvalancheMessages$Message$DataManagerMessage$DataSourceResponseMessage$Builder.java,mergeFrom
67366ab5-4121-477e-a26c-d2501b464c4e,CommLayer/Messages/AvalancheMessages$Message$DataManagerMessage$DataSourceResponseMessage$Builder.java,getTaskId,->,67366ab5-4121-477e-a26c-d2501b464c4e,com/google/protobuf/ByteString.java,toStringUtf8
67366ab5-4121-477e-a26c-d2501b464c4e,CommLayer/Messages/AvalancheMessages$Message$DataManagerMessage$DataSourceResponseMessage$Builder.java,getTaskIdBytes,->,67366ab5-4121-477e-a26c-d2501b464c4e,com/google/protobuf/ByteString.java,copyFromUtf8
67366ab5-4121-477e-a26c-d2501b464c4e,CommLayer/Messages/AvalancheMessages$Message$DataManagerMessage$DataSourceResponseMessage$Builder.java,setTaskId,->,67366ab5-4121-477e-a26c-d2501b464c4e,CommLayer/Messages/AvalancheMessages$Message$DataManagerMessage$DataSourceResponseMessage$Builder.java,onChanged
67366ab5-4121-477e-a26c-d2501b464c4e,CommLayer/Messages/AvalancheMessages$Message$DataManagerMessage$DataSourceResponseMessage$Builder.java,clearTaskId,->,67366ab5-4121-477e-a26c-d2501b464c4e,CommLayer/Messages/AvalancheMessages$Message$DataManagerMessage$DataSourceResponseMessage.java,getDefaultInstance
67366ab5-4121-477e-a26c-d2501b464c4e,CommLayer/Messages/AvalancheMessages$Message$DataManagerMessage$DataSourceResponseMessage$Builder.java,clearTaskId,->,67366ab5-4121-477e-a26c-d2501b464c4e,CommLayer/Messages/AvalancheMessages$Message$DataManagerMessage$DataSourceResponseMessage.java,getTaskId
67366ab5-4121-477e-a26c-d2501b464c4e,CommLayer/Messages/AvalancheMessages$Message$DataManagerMessage$DataSourceResponseMessage$Builder.java,clearTaskId,->,67366ab5-4121-477e-a26c-d2501b464c4e,CommLayer/Messages/AvalancheMessages$Message$DataManagerMessage$DataSourceResponseMessage$Builder.java,onChanged
67366ab5-4121-477e-a26c-d2501b464c4e,CommLayer/Messages/AvalancheMessages$Message$DataManagerMessage$DataSourceResponseMessage$Builder.java,setTaskIdBytes,->,67366ab5-4121-477e-a26c-d2501b464c4e,CommLayer/Messages/AvalancheMessages$Message$DataManagerMessage$DataSourceResponseMessage$Builder.java,onChanged
67366ab5-4121-477e-a26c-d2501b464c4e,CommLayer/Messages/AvalancheMessages$Message$DataManagerMessage$DataSourceResponseMessage$Builder.java,getDataSourceList,->,67366ab5-4121-477e-a26c-d2501b464c4e,java/util/Collections.java,unmodifiableList
67366ab5-4121-477e-a26c-d2501b464c4e,CommLayer/Messages/AvalancheMessages$Message$DataManagerMessage$DataSourceResponseMessage$Builder.java,getDataSourceList,->,67366ab5-4121-477e-a26c-d2501b464c4e,com/google/protobuf/RepeatedFieldBuilder.java,getMessageList
67366ab5-4121-477e-a26c-d2501b464c4e,CommLayer/Messages/AvalancheMessages$Message$DataManagerMessage$DataSourceResponseMessage$Builder.java,getDataSourceCount,->,67366ab5-4121-477e-a26c-d2501b464c4e,java/util/List.java,size
67366ab5-4121-477e-a26c-d2501b464c4e,CommLayer/Messages/AvalancheMessages$Message$DataManagerMessage$DataSourceResponseMessage$Builder.java,getDataSourceCount,->,67366ab5-4121-477e-a26c-d2501b464c4e,com/google/protobuf/RepeatedFieldBuilder.java,getCount
67366ab5-4121-477e-a26c-d2501b464c4e,CommLayer/Messages/AvalancheMessages$Message$DataManagerMessage$DataSourceResponseMessage$Builder.java,getDataSource,->,67366ab5-4121-477e-a26c-d2501b464c4e,java/util/List.java,get
67366ab5-4121-477e-a26c-d2501b464c4e,CommLayer/Messages/AvalancheMessages$Message$DataManagerMessage$DataSourceResponseMessage$Builder.java,getDataSource,->,67366ab5-4121-477e-a26c-d2501b464c4e,com/google/protobuf/RepeatedFieldBuilder.java,getMessage
67366ab5-4121-477e-a26c-d2501b464c4e,CommLayer/Messages/AvalancheMessages$Message$DataManagerMessage$DataSourceResponseMessage$Builder.java,setDataSource,->,67366ab5-4121-477e-a26c-d2501b464c4e,CommLayer/Messages/AvalancheMessages$Message$DataManagerMessage$DataSourceResponseMessage$Builder.java,ensureDataSourceIsMutable
67366ab5-4121-477e-a26c-d2501b464c4e,CommLayer/Messages/AvalancheMessages$Message$DataManagerMessage$DataSourceResponseMessage$Builder.java,setDataSource,->,67366ab5-4121-477e-a26c-d2501b464c4e,java/util/List.java,set
67366ab5-4121-477e-a26c-d2501b464c4e,CommLayer/Messages/AvalancheMessages$Message$DataManagerMessage$DataSourceResponseMessage$Builder.java,setDataSource,->,67366ab5-4121-477e-a26c-d2501b464c4e,CommLayer/Messages/AvalancheMessages$Message$DataManagerMessage$DataSourceResponseMessage$Builder.java,onChanged
67366ab5-4121-477e-a26c-d2501b464c4e,CommLayer/Messages/AvalancheMessages$Message$DataManagerMessage$DataSourceResponseMessage$Builder.java,setDataSource,->,67366ab5-4121-477e-a26c-d2501b464c4e,com/google/protobuf/RepeatedFieldBuilder.java,setMessage
67366ab5-4121-477e-a26c-d2501b464c4e,CommLayer/Messages/AvalancheMessages$Message$DataManagerMessage$DataSourceResponseMessage$Builder.java,setDataSource,->,67366ab5-4121-477e-a26c-d2501b464c4e,CommLayer/Messages/AvalancheMessages$Message$DataManagerMessage$DataSourceResponseMessage$Builder.java,ensureDataSourceIsMutable
67366ab5-4121-477e-a26c-d2501b464c4e,CommLayer/Messages/AvalancheMessages$Message$DataManagerMessage$DataSourceResponseMessage$Builder.java,setDataSource,->,67366ab5-4121-477e-a26c-d2501b464c4e,CommLayer/Messages/AvalancheMessages$Message$Location$Builder.java,build
67366ab5-4121-477e-a26c-d2501b464c4e,CommLayer/Messages/AvalancheMessages$Message$DataManagerMessage$DataSourceResponseMessage$Builder.java,setDataSource,->,67366ab5-4121-477e-a26c-d2501b464c4e,java/util/List.java,set
67366ab5-4121-477e-a26c-d2501b464c4e,CommLayer/Messages/AvalancheMessages$Message$DataManagerMessage$DataSourceResponseMessage$Builder.java,setDataSource,->,67366ab5-4121-477e-a26c-d2501b464c4e,CommLayer/Messages/AvalancheMessages$Message$DataManagerMessage$DataSourceResponseMessage$Builder.java,onChanged
67366ab5-4121-477e-a26c-d2501b464c4e,CommLayer/Messages/AvalancheMessages$Message$DataManagerMessage$DataSourceResponseMessage$Builder.java,setDataSource,->,67366ab5-4121-477e-a26c-d2501b464c4e,CommLayer/Messages/AvalancheMessages$Message$Location$Builder.java,build
67366ab5-4121-477e-a26c-d2501b464c4e,CommLayer/Messages/AvalancheMessages$Message$DataManagerMessage$DataSourceResponseMessage$Builder.java,setDataSource,->,67366ab5-4121-477e-a26c-d2501b464c4e,com/google/protobuf/RepeatedFieldBuilder.java,setMessage
67366ab5-4121-477e-a26c-d2501b464c4e,CommLayer/Messages/AvalancheMessages$Message$DataManagerMessage$DataSourceResponseMessage$Builder.java,addDataSource,->,67366ab5-4121-477e-a26c-d2501b464c4e,CommLayer/Messages/AvalancheMessages$Message$DataManagerMessage$DataSourceResponseMessage$Builder.java,ensureDataSourceIsMutable
67366ab5-4121-477e-a26c-d2501b464c4e,CommLayer/Messages/AvalancheMessages$Message$DataManagerMessage$DataSourceResponseMessage$Builder.java,addDataSource,->,67366ab5-4121-477e-a26c-d2501b464c4e,java/util/List.java,add
67366ab5-4121-477e-a26c-d2501b464c4e,CommLayer/Messages/AvalancheMessages$Message$DataManagerMessage$DataSourceResponseMessage$Builder.java,addDataSource,->,67366ab5-4121-477e-a26c-d2501b464c4e,CommLayer/Messages/AvalancheMessages$Message$DataManagerMessage$DataSourceResponseMessage$Builder.java,onChanged
67366ab5-4121-477e-a26c-d2501b464c4e,CommLayer/Messages/AvalancheMessages$Message$DataManagerMessage$DataSourceResponseMessage$Builder.java,addDataSource,->,67366ab5-4121-477e-a26c-d2501b464c4e,com/google/protobuf/RepeatedFieldBuilder.java,addMessage
67366ab5-4121-477e-a26c-d2501b464c4e,CommLayer/Messages/AvalancheMessages$Message$DataManagerMessage$DataSourceResponseMessage$Builder.java,addDataSource,->,67366ab5-4121-477e-a26c-d2501b464c4e,CommLayer/Messages/AvalancheMessages$Message$DataManagerMessage$DataSourceResponseMessage$Builder.java,ensureDataSourceIsMutable
67366ab5-4121-477e-a26c-d2501b464c4e,CommLayer/Messages/AvalancheMessages$Message$DataManagerMessage$DataSourceResponseMessage$Builder.java,addDataSource,->,67366ab5-4121-477e-a26c-d2501b464c4e,java/util/List.java,add
67366ab5-4121-477e-a26c-d2501b464c4e,CommLayer/Messages/AvalancheMessages$Message$DataManagerMessage$DataSourceResponseMessage$Builder.java,addDataSource,->,67366ab5-4121-477e-a26c-d2501b464c4e,CommLayer/Messages/AvalancheMessages$Message$DataManagerMessage$DataSourceResponseMessage$Builder.java,onChanged
67366ab5-4121-477e-a26c-d2501b464c4e,CommLayer/Messages/AvalancheMessages$Message$DataManagerMessage$DataSourceResponseMessage$Builder.java,addDataSource,->,67366ab5-4121-477e-a26c-d2501b464c4e,com/google/protobuf/RepeatedFieldBuilder.java,addMessage
67366ab5-4121-477e-a26c-d2501b464c4e,CommLayer/Messages/AvalancheMessages$Message$DataManagerMessage$DataSourceResponseMessage$Builder.java,addDataSource,->,67366ab5-4121-477e-a26c-d2501b464c4e,CommLayer/Messages/AvalancheMessages$Message$DataManagerMessage$DataSourceResponseMessage$Builder.java,ensureDataSourceIsMutable
67366ab5-4121-477e-a26c-d2501b464c4e,CommLayer/Messages/AvalancheMessages$Message$DataManagerMessage$DataSourceResponseMessage$Builder.java,addDataSource,->,67366ab5-4121-477e-a26c-d2501b464c4e,CommLayer/Messages/AvalancheMessages$Message$Location$Builder.java,build
67366ab5-4121-477e-a26c-d2501b464c4e,CommLayer/Messages/AvalancheMessages$Message$DataManagerMessage$DataSourceResponseMessage$Builder.java,addDataSource,->,67366ab5-4121-477e-a26c-d2501b464c4e,java/util/List.java,add
67366ab5-4121-477e-a26c-d2501b464c4e,CommLayer/Messages/AvalancheMessages$Message$DataManagerMessage$DataSourceResponseMessage$Builder.java,addDataSource,->,67366ab5-4121-477e-a26c-d2501b464c4e,CommLayer/Messages/AvalancheMessages$Message$DataManagerMessage$DataSourceResponseMessage$Builder.java,onChanged
67366ab5-4121-477e-a26c-d2501b464c4e,CommLayer/Messages/AvalancheMessages$Message$DataManagerMessage$DataSourceResponseMessage$Builder.java,addDataSource,->,67366ab5-4121-477e-a26c-d2501b464c4e,CommLayer/Messages/AvalancheMessages$Message$Location$Builder.java,build
67366ab5-4121-477e-a26c-d2501b464c4e,CommLayer/Messages/AvalancheMessages$Message$DataManagerMessage$DataSourceResponseMessage$Builder.java,addDataSource,->,67366ab5-4121-477e-a26c-d2501b464c4e,com/google/protobuf/RepeatedFieldBuilder.java,addMessage
67366ab5-4121-477e-a26c-d2501b464c4e,CommLayer/Messages/AvalancheMessages$Message$DataManagerMessage$DataSourceResponseMessage$Builder.java,addDataSource,->,67366ab5-4121-477e-a26c-d2501b464c4e,CommLayer/Messages/AvalancheMessages$Message$DataManagerMessage$DataSourceResponseMessage$Builder.java,ensureDataSourceIsMutable
67366ab5-4121-477e-a26c-d2501b464c4e,CommLayer/Messages/AvalancheMessages$Message$DataManagerMessage$DataSourceResponseMessage$Builder.java,addDataSource,->,67366ab5-4121-477e-a26c-d2501b464c4e,CommLayer/Messages/AvalancheMessages$Message$Location$Builder.java,build
67366ab5-4121-477e-a26c-d2501b464c4e,CommLayer/Messages/AvalancheMessages$Message$DataManagerMessage$DataSourceResponseMessage$Builder.java,addDataSource,->,67366ab5-4121-477e-a26c-d2501b464c4e,java/util/List.java,add
67366ab5-4121-477e-a26c-d2501b464c4e,CommLayer/Messages/AvalancheMessages$Message$DataManagerMessage$DataSourceResponseMessage$Builder.java,addDataSource,->,67366ab5-4121-477e-a26c-d2501b464c4e,CommLayer/Messages/AvalancheMessages$Message$DataManagerMessage$DataSourceResponseMessage$Builder.java,onChanged
67366ab5-4121-477e-a26c-d2501b464c4e,CommLayer/Messages/AvalancheMessages$Message$DataManagerMessage$DataSourceResponseMessage$Builder.java,addDataSource,->,67366ab5-4121-477e-a26c-d2501b464c4e,CommLayer/Messages/AvalancheMessages$Message$Location$Builder.java,build
67366ab5-4121-477e-a26c-d2501b464c4e,CommLayer/Messages/AvalancheMessages$Message$DataManagerMessage$DataSourceResponseMessage$Builder.java,addDataSource,->,67366ab5-4121-477e-a26c-d2501b464c4e,com/google/protobuf/RepeatedFieldBuilder.java,addMessage
67366ab5-4121-477e-a26c-d2501b464c4e,CommLayer/Messages/AvalancheMessages$Message$DataManagerMessage$DataSourceResponseMessage$Builder.java,addAllDataSource,->,67366ab5-4121-477e-a26c-d2501b464c4e,CommLayer/Messages/AvalancheMessages$Message$DataManagerMessage$DataSourceResponseMessage$Builder.java,ensureDataSourceIsMutable
67366ab5-4121-477e-a26c-d2501b464c4e,CommLayer/Messages/AvalancheMessages$Message$DataManagerMessage$DataSourceResponseMessage$Builder.java,addAllDataSource,->,67366ab5-4121-477e-a26c-d2501b464c4e,com/google/protobuf/GeneratedMessage$Builder.java,addAll
67366ab5-4121-477e-a26c-d2501b464c4e,CommLayer/Messages/AvalancheMessages$Message$DataManagerMessage$DataSourceResponseMessage$Builder.java,addAllDataSource,->,67366ab5-4121-477e-a26c-d2501b464c4e,CommLayer/Messages/AvalancheMessages$Message$DataManagerMessage$DataSourceResponseMessage$Builder.java,onChanged
67366ab5-4121-477e-a26c-d2501b464c4e,CommLayer/Messages/AvalancheMessages$Message$DataManagerMessage$DataSourceResponseMessage$Builder.java,addAllDataSource,->,67366ab5-4121-477e-a26c-d2501b464c4e,com/google/protobuf/RepeatedFieldBuilder.java,addAllMessages
67366ab5-4121-477e-a26c-d2501b464c4e,CommLayer/Messages/AvalancheMessages$Message$DataManagerMessage$DataSourceResponseMessage$Builder.java,clearDataSource,->,67366ab5-4121-477e-a26c-d2501b464c4e,java/util/Collections.java,emptyList
67366ab5-4121-477e-a26c-d2501b464c4e,CommLayer/Messages/AvalancheMessages$Message$DataManagerMessage$DataSourceResponseMessage$Builder.java,clearDataSource,->,67366ab5-4121-477e-a26c-d2501b464c4e,CommLayer/Messages/AvalancheMessages$Message$DataManagerMessage$DataSourceResponseMessage$Builder.java,onChanged
67366ab5-4121-477e-a26c-d2501b464c4e,CommLayer/Messages/AvalancheMessages$Message$DataManagerMessage$DataSourceResponseMessage$Builder.java,clearDataSource,->,67366ab5-4121-477e-a26c-d2501b464c4e,com/google/protobuf/RepeatedFieldBuilder.java,clear
67366ab5-4121-477e-a26c-d2501b464c4e,CommLayer/Messages/AvalancheMessages$Message$DataManagerMessage$DataSourceResponseMessage$Builder.java,removeDataSource,->,67366ab5-4121-477e-a26c-d2501b464c4e,CommLayer/Messages/AvalancheMessages$Message$DataManagerMessage$DataSourceResponseMessage$Builder.java,ensureDataSourceIsMutable
67366ab5-4121-477e-a26c-d2501b464c4e,CommLayer/Messages/AvalancheMessages$Message$DataManagerMessage$DataSourceResponseMessage$Builder.java,removeDataSource,->,67366ab5-4121-477e-a26c-d2501b464c4e,java/util/List.java,remove
67366ab5-4121-477e-a26c-d2501b464c4e,CommLayer/Messages/AvalancheMessages$Message$DataManagerMessage$DataSourceResponseMessage$Builder.java,removeDataSource,->,67366ab5-4121-477e-a26c-d2501b464c4e,CommLayer/Messages/AvalancheMessages$Message$DataManagerMessage$DataSourceResponseMessage$Builder.java,onChanged
67366ab5-4121-477e-a26c-d2501b464c4e,CommLayer/Messages/AvalancheMessages$Message$DataManagerMessage$DataSourceResponseMessage$Builder.java,removeDataSource,->,67366ab5-4121-477e-a26c-d2501b464c4e,com/google/protobuf/RepeatedFieldBuilder.java,remove
67366ab5-4121-477e-a26c-d2501b464c4e,CommLayer/Messages/AvalancheMessages$Message$DataManagerMessage$DataSourceResponseMessage$Builder.java,getDataSourceBuilder,->,67366ab5-4121-477e-a26c-d2501b464c4e,CommLayer/Messages/AvalancheMessages$Message$DataManagerMessage$DataSourceResponseMessage$Builder.java,getDataSourceFieldBuilder
67366ab5-4121-477e-a26c-d2501b464c4e,CommLayer/Messages/AvalancheMessages$Message$DataManagerMessage$DataSourceResponseMessage$Builder.java,getDataSourceBuilder,->,67366ab5-4121-477e-a26c-d2501b464c4e,com/google/protobuf/RepeatedFieldBuilder.java,getBuilder
67366ab5-4121-477e-a26c-d2501b464c4e,CommLayer/Messages/AvalancheMessages$Message$DataManagerMessage$DataSourceResponseMessage$Builder.java,getDataSourceOrBuilder,->,67366ab5-4121-477e-a26c-d2501b464c4e,java/util/List.java,get
67366ab5-4121-477e-a26c-d2501b464c4e,CommLayer/Messages/AvalancheMessages$Message$DataManagerMessage$DataSourceResponseMessage$Builder.java,getDataSourceOrBuilder,->,67366ab5-4121-477e-a26c-d2501b464c4e,com/google/protobuf/RepeatedFieldBuilder.java,getMessageOrBuilder
67366ab5-4121-477e-a26c-d2501b464c4e,CommLayer/Messages/AvalancheMessages$Message$DataManagerMessage$DataSourceResponseMessage$Builder.java,getDataSourceOrBuilderList,->,67366ab5-4121-477e-a26c-d2501b464c4e,com/google/protobuf/RepeatedFieldBuilder.java,getMessageOrBuilderList
67366ab5-4121-477e-a26c-d2501b464c4e,CommLayer/Messages/AvalancheMessages$Message$DataManagerMessage$DataSourceResponseMessage$Builder.java,getDataSourceOrBuilderList,->,67366ab5-4121-477e-a26c-d2501b464c4e,java/util/Collections.java,unmodifiableList
67366ab5-4121-477e-a26c-d2501b464c4e,CommLayer/Messages/AvalancheMessages$Message$DataManagerMessage$DataSourceResponseMessage$Builder.java,addDataSourceBuilder,->,67366ab5-4121-477e-a26c-d2501b464c4e,CommLayer/Messages/AvalancheMessages$Message$DataManagerMessage$DataSourceResponseMessage$Builder.java,getDataSourceFieldBuilder
67366ab5-4121-477e-a26c-d2501b464c4e,CommLayer/Messages/AvalancheMessages$Message$DataManagerMessage$DataSourceResponseMessage$Builder.java,addDataSourceBuilder,->,67366ab5-4121-477e-a26c-d2501b464c4e,CommLayer/Messages/AvalancheMessages$Message$Location.java,getDefaultInstance
67366ab5-4121-477e-a26c-d2501b464c4e,CommLayer/Messages/AvalancheMessages$Message$DataManagerMessage$DataSourceResponseMessage$Builder.java,addDataSourceBuilder,->,67366ab5-4121-477e-a26c-d2501b464c4e,com/google/protobuf/RepeatedFieldBuilder.java,addBuilder
67366ab5-4121-477e-a26c-d2501b464c4e,CommLayer/Messages/AvalancheMessages$Message$DataManagerMessage$DataSourceResponseMessage$Builder.java,addDataSourceBuilder,->,67366ab5-4121-477e-a26c-d2501b464c4e,CommLayer/Messages/AvalancheMessages$Message$DataManagerMessage$DataSourceResponseMessage$Builder.java,getDataSourceFieldBuilder
67366ab5-4121-477e-a26c-d2501b464c4e,CommLayer/Messages/AvalancheMessages$Message$DataManagerMessage$DataSourceResponseMessage$Builder.java,addDataSourceBuilder,->,67366ab5-4121-477e-a26c-d2501b464c4e,CommLayer/Messages/AvalancheMessages$Message$Location.java,getDefaultInstance
67366ab5-4121-477e-a26c-d2501b464c4e,CommLayer/Messages/AvalancheMessages$Message$DataManagerMessage$DataSourceResponseMessage$Builder.java,addDataSourceBuilder,->,67366ab5-4121-477e-a26c-d2501b464c4e,com/google/protobuf/RepeatedFieldBuilder.java,addBuilder
67366ab5-4121-477e-a26c-d2501b464c4e,CommLayer/Messages/AvalancheMessages$Message$DataManagerMessage$DataSourceResponseMessage$Builder.java,getDataSourceBuilderList,->,67366ab5-4121-477e-a26c-d2501b464c4e,CommLayer/Messages/AvalancheMessages$Message$DataManagerMessage$DataSourceResponseMessage$Builder.java,getDataSourceFieldBuilder
67366ab5-4121-477e-a26c-d2501b464c4e,CommLayer/Messages/AvalancheMessages$Message$DataManagerMessage$DataSourceResponseMessage$Builder.java,getDataSourceBuilderList,->,67366ab5-4121-477e-a26c-d2501b464c4e,com/google/protobuf/RepeatedFieldBuilder.java,getBuilderList
67366ab5-4121-477e-a26c-d2501b464c4e,CommLayer/Messages/AvalancheMessages$Message$DataManagerMessage$DataSourceResponseMessage$Builder.java,getDataSourceFieldBuilder,->,67366ab5-4121-477e-a26c-d2501b464c4e,CommLayer/Messages/AvalancheMessages$Message$DataManagerMessage$DataSourceResponseMessage$Builder.java,getParentForChildren
67366ab5-4121-477e-a26c-d2501b464c4e,CommLayer/Messages/AvalancheMessages$Message$DataManagerMessage$DataSourceResponseMessage$Builder.java,getDataSourceFieldBuilder,->,67366ab5-4121-477e-a26c-d2501b464c4e,CommLayer/Messages/AvalancheMessages$Message$DataManagerMessage$DataSourceResponseMessage$Builder.java,isClean
67366ab5-4121-477e-a26c-d2501b464c4e,CommLayer/Messages/AvalancheMessages$Message$DataManagerMessage$DataSourceResponseMessage$Builder.java,clear,->,67366ab5-4121-477e-a26c-d2501b464c4e,CommLayer/Messages/AvalancheMessages$Message$DataManagerMessage$DataSourceResponseMessage$Builder.java,clear
67366ab5-4121-477e-a26c-d2501b464c4e,CommLayer/Messages/AvalancheMessages$Message$DataManagerMessage$DataSourceResponseMessage$Builder.java,clone,->,67366ab5-4121-477e-a26c-d2501b464c4e,CommLayer/Messages/AvalancheMessages$Message$DataManagerMessage$DataSourceResponseMessage$Builder.java,clone
67366ab5-4121-477e-a26c-d2501b464c4e,CommLayer/Messages/AvalancheMessages$Message$DataManagerMessage$DataSourceResponseMessage$Builder.java,mergeFrom,->,67366ab5-4121-477e-a26c-d2501b464c4e,CommLayer/Messages/AvalancheMessages$Message$DataManagerMessage$DataSourceResponseMessage$Builder.java,mergeFrom
67366ab5-4121-477e-a26c-d2501b464c4e,CommLayer/Messages/AvalancheMessages$Message$DataManagerMessage$DataSourceResponseMessage$Builder.java,mergeFrom,->,67366ab5-4121-477e-a26c-d2501b464c4e,CommLayer/Messages/AvalancheMessages$Message$DataManagerMessage$DataSourceResponseMessage$Builder.java,mergeFrom
67366ab5-4121-477e-a26c-d2501b464c4e,CommLayer/Messages/AvalancheMessages$Message$DataManagerMessage$DataSourceResponseMessage$Builder.java,clear,->,67366ab5-4121-477e-a26c-d2501b464c4e,CommLayer/Messages/AvalancheMessages$Message$DataManagerMessage$DataSourceResponseMessage$Builder.java,clear
67366ab5-4121-477e-a26c-d2501b464c4e,CommLayer/Messages/AvalancheMessages$Message$DataManagerMessage$DataSourceResponseMessage$Builder.java,clone,->,67366ab5-4121-477e-a26c-d2501b464c4e,CommLayer/Messages/AvalancheMessages$Message$DataManagerMessage$DataSourceResponseMessage$Builder.java,clone
67366ab5-4121-477e-a26c-d2501b464c4e,CommLayer/Messages/AvalancheMessages$Message$DataManagerMessage$DataSourceResponseMessage$Builder.java,mergeFrom,->,67366ab5-4121-477e-a26c-d2501b464c4e,CommLayer/Messages/AvalancheMessages$Message$DataManagerMessage$DataSourceResponseMessage$Builder.java,mergeFrom
67366ab5-4121-477e-a26c-d2501b464c4e,CommLayer/Messages/AvalancheMessages$Message$DataManagerMessage$DataSourceResponseMessage$Builder.java,clone,->,67366ab5-4121-477e-a26c-d2501b464c4e,CommLayer/Messages/AvalancheMessages$Message$DataManagerMessage$DataSourceResponseMessage$Builder.java,clone
67366ab5-4121-477e-a26c-d2501b464c4e,CommLayer/Messages/AvalancheMessages$Message$DataManagerMessage$DataSourceResponseMessage$Builder.java,buildPartial,->,67366ab5-4121-477e-a26c-d2501b464c4e,CommLayer/Messages/AvalancheMessages$Message$DataManagerMessage$DataSourceResponseMessage$Builder.java,buildPartial
67366ab5-4121-477e-a26c-d2501b464c4e,CommLayer/Messages/AvalancheMessages$Message$DataManagerMessage$DataSourceResponseMessage$Builder.java,build,->,67366ab5-4121-477e-a26c-d2501b464c4e,CommLayer/Messages/AvalancheMessages$Message$DataManagerMessage$DataSourceResponseMessage$Builder.java,build
67366ab5-4121-477e-a26c-d2501b464c4e,CommLayer/Messages/AvalancheMessages$Message$DataManagerMessage$DataSourceResponseMessage$Builder.java,mergeFrom,->,67366ab5-4121-477e-a26c-d2501b464c4e,CommLayer/Messages/AvalancheMessages$Message$DataManagerMessage$DataSourceResponseMessage$Builder.java,mergeFrom
67366ab5-4121-477e-a26c-d2501b464c4e,CommLayer/Messages/AvalancheMessages$Message$DataManagerMessage$DataSourceResponseMessage$Builder.java,clear,->,67366ab5-4121-477e-a26c-d2501b464c4e,CommLayer/Messages/AvalancheMessages$Message$DataManagerMessage$DataSourceResponseMessage$Builder.java,clear
67366ab5-4121-477e-a26c-d2501b464c4e,CommLayer/Messages/AvalancheMessages$Message$DataManagerMessage$DataSourceResponseMessage$Builder.java,mergeFrom,->,67366ab5-4121-477e-a26c-d2501b464c4e,CommLayer/Messages/AvalancheMessages$Message$DataManagerMessage$DataSourceResponseMessage$Builder.java,mergeFrom
67366ab5-4121-477e-a26c-d2501b464c4e,CommLayer/Messages/AvalancheMessages$Message$DataManagerMessage$DataSourceResponseMessage$Builder.java,clone,->,67366ab5-4121-477e-a26c-d2501b464c4e,CommLayer/Messages/AvalancheMessages$Message$DataManagerMessage$DataSourceResponseMessage$Builder.java,clone
67366ab5-4121-477e-a26c-d2501b464c4e,CommLayer/Messages/AvalancheMessages$Message$DataManagerMessage$DataSourceResponseMessage$Builder.java,buildPartial,->,67366ab5-4121-477e-a26c-d2501b464c4e,CommLayer/Messages/AvalancheMessages$Message$DataManagerMessage$DataSourceResponseMessage$Builder.java,buildPartial
67366ab5-4121-477e-a26c-d2501b464c4e,CommLayer/Messages/AvalancheMessages$Message$DataManagerMessage$DataSourceResponseMessage$Builder.java,build,->,67366ab5-4121-477e-a26c-d2501b464c4e,CommLayer/Messages/AvalancheMessages$Message$DataManagerMessage$DataSourceResponseMessage$Builder.java,build
67366ab5-4121-477e-a26c-d2501b464c4e,CommLayer/Messages/AvalancheMessages$Message$DataManagerMessage$DataSourceResponseMessage$Builder.java,clear,->,67366ab5-4121-477e-a26c-d2501b464c4e,CommLayer/Messages/AvalancheMessages$Message$DataManagerMessage$DataSourceResponseMessage$Builder.java,clear
67366ab5-4121-477e-a26c-d2501b464c4e,CommLayer/Messages/AvalancheMessages$Message$DataManagerMessage$DataSourceResponseMessage$Builder.java,getDefaultInstanceForType,->,67366ab5-4121-477e-a26c-d2501b464c4e,CommLayer/Messages/AvalancheMessages$Message$DataManagerMessage$DataSourceResponseMessage$Builder.java,getDefaultInstanceForType
67366ab5-4121-477e-a26c-d2501b464c4e,CommLayer/Messages/AvalancheMessages$Message$DataManagerMessage$DataSourceResponseMessage$Builder.java,getDefaultInstanceForType,->,67366ab5-4121-477e-a26c-d2501b464c4e,CommLayer/Messages/AvalancheMessages$Message$DataManagerMessage$DataSourceResponseMessage$Builder.java,getDefaultInstanceForType
67366ab5-4121-477e-a26c-d2501b464c4e,CommLayer/Messages/AvalancheMessages$Message$DataManagerMessage$DataSourceResponseMessage$Builder.java,mergeFrom,->,67366ab5-4121-477e-a26c-d2501b464c4e,CommLayer/Messages/AvalancheMessages$Message$DataManagerMessage$DataSourceResponseMessage$Builder.java,mergeFrom
67366ab5-4121-477e-a26c-d2501b464c4e,CommLayer/Messages/AvalancheMessages$Message$DataManagerMessage$DataSourceResponseMessage$Builder.java,clone,->,67366ab5-4121-477e-a26c-d2501b464c4e,CommLayer/Messages/AvalancheMessages$Message$DataManagerMessage$DataSourceResponseMessage$Builder.java,clone
67366ab5-4121-477e-a26c-d2501b464c4e,CommLayer/Messages/AvalancheMessages$Message$DataManagerMessage$DataSourceResponseMessage$Builder.java,clone,->,67366ab5-4121-477e-a26c-d2501b464c4e,CommLayer/Messages/AvalancheMessages$Message$DataManagerMessage$DataSourceResponseMessage$Builder.java,clone
67366ab5-4121-477e-a26c-d2501b464c4e,CommLayer/Messages/AvalancheMessages$Message$DataManagerMessage$DataSourceResponseMessage$Builder.java,access$10700,->,67366ab5-4121-477e-a26c-d2501b464c4e,CommLayer/Messages/AvalancheMessages$Message$DataManagerMessage$DataSourceResponseMessage$Builder.java,create
67366ab5-4121-477e-a26c-d2501b464c4e,CommLayer/Messages/AvalancheMessages$Message$TaskSetStateMessage$Builder.java,getDescriptor,->,67366ab5-4121-477e-a26c-d2501b464c4e,CommLayer/Messages/AvalancheMessages.java,access$3500
67366ab5-4121-477e-a26c-d2501b464c4e,CommLayer/Messages/AvalancheMessages$Message$TaskSetStateMessage$Builder.java,internalGetFieldAccessorTable,->,67366ab5-4121-477e-a26c-d2501b464c4e,CommLayer/Messages/AvalancheMessages.java,access$3600
67366ab5-4121-477e-a26c-d2501b464c4e,CommLayer/Messages/AvalancheMessages$Message$TaskSetStateMessage$Builder.java,internalGetFieldAccessorTable,->,67366ab5-4121-477e-a26c-d2501b464c4e,com/google/protobuf/GeneratedMessage$FieldAccessorTable.java,ensureFieldAccessorsInitialized
67366ab5-4121-477e-a26c-d2501b464c4e,CommLayer/Messages/AvalancheMessages$Message$TaskSetStateMessage$Builder.java,maybeForceBuilderInitialization,->,67366ab5-4121-477e-a26c-d2501b464c4e,CommLayer/Messages/AvalancheMessages$Message$TaskSetStateMessage.java,access$4000
67366ab5-4121-477e-a26c-d2501b464c4e,CommLayer/Messages/AvalancheMessages$Message$TaskSetStateMessage$Builder.java,clear,->,67366ab5-4121-477e-a26c-d2501b464c4e,com/google/protobuf/GeneratedMessage$Builder.java,clear
67366ab5-4121-477e-a26c-d2501b464c4e,CommLayer/Messages/AvalancheMessages$Message$TaskSetStateMessage$Builder.java,clone,->,67366ab5-4121-477e-a26c-d2501b464c4e,CommLayer/Messages/AvalancheMessages$Message$TaskSetStateMessage$Builder.java,create
67366ab5-4121-477e-a26c-d2501b464c4e,CommLayer/Messages/AvalancheMessages$Message$TaskSetStateMessage$Builder.java,clone,->,67366ab5-4121-477e-a26c-d2501b464c4e,CommLayer/Messages/AvalancheMessages$Message$TaskSetStateMessage$Builder.java,buildPartial
67366ab5-4121-477e-a26c-d2501b464c4e,CommLayer/Messages/AvalancheMessages$Message$TaskSetStateMessage$Builder.java,clone,->,67366ab5-4121-477e-a26c-d2501b464c4e,CommLayer/Messages/AvalancheMessages$Message$TaskSetStateMessage$Builder.java,mergeFrom
67366ab5-4121-477e-a26c-d2501b464c4e,CommLayer/Messages/AvalancheMessages$Message$TaskSetStateMessage$Builder.java,getDescriptorForType,->,67366ab5-4121-477e-a26c-d2501b464c4e,CommLayer/Messages/AvalancheMessages.java,access$3500
67366ab5-4121-477e-a26c-d2501b464c4e,CommLayer/Messages/AvalancheMessages$Message$TaskSetStateMessage$Builder.java,getDefaultInstanceForType,->,67366ab5-4121-477e-a26c-d2501b464c4e,CommLayer/Messages/AvalancheMessages$Message$TaskSetStateMessage.java,getDefaultInstance
67366ab5-4121-477e-a26c-d2501b464c4e,CommLayer/Messages/AvalancheMessages$Message$TaskSetStateMessage$Builder.java,build,->,67366ab5-4121-477e-a26c-d2501b464c4e,CommLayer/Messages/AvalancheMessages$Message$TaskSetStateMessage$Builder.java,buildPartial
67366ab5-4121-477e-a26c-d2501b464c4e,CommLayer/Messages/AvalancheMessages$Message$TaskSetStateMessage$Builder.java,build,->,67366ab5-4121-477e-a26c-d2501b464c4e,CommLayer/Messages/AvalancheMessages$Message$TaskSetStateMessage.java,isInitialized
67366ab5-4121-477e-a26c-d2501b464c4e,CommLayer/Messages/AvalancheMessages$Message$TaskSetStateMessage$Builder.java,build,->,67366ab5-4121-477e-a26c-d2501b464c4e,CommLayer/Messages/AvalancheMessages$Message$TaskSetStateMessage$Builder.java,newUninitializedMessageException
67366ab5-4121-477e-a26c-d2501b464c4e,CommLayer/Messages/AvalancheMessages$Message$TaskSetStateMessage$Builder.java,buildPartial,->,67366ab5-4121-477e-a26c-d2501b464c4e,CommLayer/Messages/AvalancheMessages$Message$TaskSetStateMessage.java,access$4202
67366ab5-4121-477e-a26c-d2501b464c4e,CommLayer/Messages/AvalancheMessages$Message$TaskSetStateMessage$Builder.java,buildPartial,->,67366ab5-4121-477e-a26c-d2501b464c4e,CommLayer/Messages/AvalancheMessages$Message$TaskSetStateMessage.java,access$4302
67366ab5-4121-477e-a26c-d2501b464c4e,CommLayer/Messages/AvalancheMessages$Message$TaskSetStateMessage$Builder.java,buildPartial,->,67366ab5-4121-477e-a26c-d2501b464c4e,CommLayer/Messages/AvalancheMessages$Message$TaskSetStateMessage.java,access$4402
67366ab5-4121-477e-a26c-d2501b464c4e,CommLayer/Messages/AvalancheMessages$Message$TaskSetStateMessage$Builder.java,buildPartial,->,67366ab5-4121-477e-a26c-d2501b464c4e,CommLayer/Messages/AvalancheMessages$Message$TaskSetStateMessage$Builder.java,onBuilt
67366ab5-4121-477e-a26c-d2501b464c4e,CommLayer/Messages/AvalancheMessages$Message$TaskSetStateMessage$Builder.java,mergeFrom,->,67366ab5-4121-477e-a26c-d2501b464c4e,CommLayer/Messages/AvalancheMessages$Message$TaskSetStateMessage$Builder.java,mergeFrom
67366ab5-4121-477e-a26c-d2501b464c4e,CommLayer/Messages/AvalancheMessages$Message$TaskSetStateMessage$Builder.java,mergeFrom,->,67366ab5-4121-477e-a26c-d2501b464c4e,com/google/protobuf/GeneratedMessage$Builder.java,mergeFrom
67366ab5-4121-477e-a26c-d2501b464c4e,CommLayer/Messages/AvalancheMessages$Message$TaskSetStateMessage$Builder.java,mergeFrom,->,67366ab5-4121-477e-a26c-d2501b464c4e,CommLayer/Messages/AvalancheMessages$Message$TaskSetStateMessage.java,getDefaultInstance
67366ab5-4121-477e-a26c-d2501b464c4e,CommLayer/Messages/AvalancheMessages$Message$TaskSetStateMessage$Builder.java,mergeFrom,->,67366ab5-4121-477e-a26c-d2501b464c4e,CommLayer/Messages/AvalancheMessages$Message$TaskSetStateMessage.java,hasId
67366ab5-4121-477e-a26c-d2501b464c4e,CommLayer/Messages/AvalancheMessages$Message$TaskSetStateMessage$Builder.java,mergeFrom,->,67366ab5-4121-477e-a26c-d2501b464c4e,CommLayer/Messages/AvalancheMessages$Message$TaskSetStateMessage.java,access$4200
67366ab5-4121-477e-a26c-d2501b464c4e,CommLayer/Messages/AvalancheMessages$Message$TaskSetStateMessage$Builder.java,mergeFrom,->,67366ab5-4121-477e-a26c-d2501b464c4e,CommLayer/Messages/AvalancheMessages$Message$TaskSetStateMessage$Builder.java,onChanged
67366ab5-4121-477e-a26c-d2501b464c4e,CommLayer/Messages/AvalancheMessages$Message$TaskSetStateMessage$Builder.java,mergeFrom,->,67366ab5-4121-477e-a26c-d2501b464c4e,CommLayer/Messages/AvalancheMessages$Message$TaskSetStateMessage.java,hasState
67366ab5-4121-477e-a26c-d2501b464c4e,CommLayer/Messages/AvalancheMessages$Message$TaskSetStateMessage$Builder.java,mergeFrom,->,67366ab5-4121-477e-a26c-d2501b464c4e,CommLayer/Messages/AvalancheMessages$Message$TaskSetStateMessage.java,getState
67366ab5-4121-477e-a26c-d2501b464c4e,CommLayer/Messages/AvalancheMessages$Message$TaskSetStateMessage$Builder.java,mergeFrom,->,67366ab5-4121-477e-a26c-d2501b464c4e,CommLayer/Messages/AvalancheMessages$Message$TaskSetStateMessage$Builder.java,setState
67366ab5-4121-477e-a26c-d2501b464c4e,CommLayer/Messages/AvalancheMessages$Message$TaskSetStateMessage$Builder.java,mergeFrom,->,67366ab5-4121-477e-a26c-d2501b464c4e,CommLayer/Messages/AvalancheMessages$Message$TaskSetStateMessage.java,getUnknownFields
67366ab5-4121-477e-a26c-d2501b464c4e,CommLayer/Messages/AvalancheMessages$Message$TaskSetStateMessage$Builder.java,mergeFrom,->,67366ab5-4121-477e-a26c-d2501b464c4e,CommLayer/Messages/AvalancheMessages$Message$TaskSetStateMessage$Builder.java,mergeUnknownFields
67366ab5-4121-477e-a26c-d2501b464c4e,CommLayer/Messages/AvalancheMessages$Message$TaskSetStateMessage$Builder.java,mergeFrom,->,67366ab5-4121-477e-a26c-d2501b464c4e,com/google/protobuf/Parser.java,parsePartialFrom
67366ab5-4121-477e-a26c-d2501b464c4e,CommLayer/Messages/AvalancheMessages$Message$TaskSetStateMessage$Builder.java,mergeFrom,->,67366ab5-4121-477e-a26c-d2501b464c4e,CommLayer/Messages/AvalancheMessages$Message$TaskSetStateMessage$Builder.java,mergeFrom
67366ab5-4121-477e-a26c-d2501b464c4e,CommLayer/Messages/AvalancheMessages$Message$TaskSetStateMessage$Builder.java,mergeFrom,->,67366ab5-4121-477e-a26c-d2501b464c4e,com/google/protobuf/InvalidProtocolBufferException.java,getUnfinishedMessage
67366ab5-4121-477e-a26c-d2501b464c4e,CommLayer/Messages/AvalancheMessages$Message$TaskSetStateMessage$Builder.java,mergeFrom,->,67366ab5-4121-477e-a26c-d2501b464c4e,CommLayer/Messages/AvalancheMessages$Message$TaskSetStateMessage$Builder.java,mergeFrom
67366ab5-4121-477e-a26c-d2501b464c4e,CommLayer/Messages/AvalancheMessages$Message$TaskSetStateMessage$Builder.java,getId,->,67366ab5-4121-477e-a26c-d2501b464c4e,com/google/protobuf/ByteString.java,toStringUtf8
67366ab5-4121-477e-a26c-d2501b464c4e,CommLayer/Messages/AvalancheMessages$Message$TaskSetStateMessage$Builder.java,getIdBytes,->,67366ab5-4121-477e-a26c-d2501b464c4e,com/google/protobuf/ByteString.java,copyFromUtf8
67366ab5-4121-477e-a26c-d2501b464c4e,CommLayer/Messages/AvalancheMessages$Message$TaskSetStateMessage$Builder.java,setId,->,67366ab5-4121-477e-a26c-d2501b464c4e,CommLayer/Messages/AvalancheMessages$Message$TaskSetStateMessage$Builder.java,onChanged
67366ab5-4121-477e-a26c-d2501b464c4e,CommLayer/Messages/AvalancheMessages$Message$TaskSetStateMessage$Builder.java,clearId,->,67366ab5-4121-477e-a26c-d2501b464c4e,CommLayer/Messages/AvalancheMessages$Message$TaskSetStateMessage.java,getDefaultInstance
67366ab5-4121-477e-a26c-d2501b464c4e,CommLayer/Messages/AvalancheMessages$Message$TaskSetStateMessage$Builder.java,clearId,->,67366ab5-4121-477e-a26c-d2501b464c4e,CommLayer/Messages/AvalancheMessages$Message$TaskSetStateMessage.java,getId
67366ab5-4121-477e-a26c-d2501b464c4e,CommLayer/Messages/AvalancheMessages$Message$TaskSetStateMessage$Builder.java,clearId,->,67366ab5-4121-477e-a26c-d2501b464c4e,CommLayer/Messages/AvalancheMessages$Message$TaskSetStateMessage$Builder.java,onChanged
67366ab5-4121-477e-a26c-d2501b464c4e,CommLayer/Messages/AvalancheMessages$Message$TaskSetStateMessage$Builder.java,setIdBytes,->,67366ab5-4121-477e-a26c-d2501b464c4e,CommLayer/Messages/AvalancheMessages$Message$TaskSetStateMessage$Builder.java,onChanged
67366ab5-4121-477e-a26c-d2501b464c4e,CommLayer/Messages/AvalancheMessages$Message$TaskSetStateMessage$Builder.java,setState,->,67366ab5-4121-477e-a26c-d2501b464c4e,CommLayer/Messages/AvalancheMessages$Message$TaskSetStateMessage$Builder.java,onChanged
67366ab5-4121-477e-a26c-d2501b464c4e,CommLayer/Messages/AvalancheMessages$Message$TaskSetStateMessage$Builder.java,clearState,->,67366ab5-4121-477e-a26c-d2501b464c4e,CommLayer/Messages/AvalancheMessages$Message$TaskSetStateMessage$Builder.java,onChanged
67366ab5-4121-477e-a26c-d2501b464c4e,CommLayer/Messages/AvalancheMessages$Message$TaskSetStateMessage$Builder.java,clear,->,67366ab5-4121-477e-a26c-d2501b464c4e,CommLayer/Messages/AvalancheMessages$Message$TaskSetStateMessage$Builder.java,clear
67366ab5-4121-477e-a26c-d2501b464c4e,CommLayer/Messages/AvalancheMessages$Message$TaskSetStateMessage$Builder.java,clone,->,67366ab5-4121-477e-a26c-d2501b464c4e,CommLayer/Messages/AvalancheMessages$Message$TaskSetStateMessage$Builder.java,clone
67366ab5-4121-477e-a26c-d2501b464c4e,CommLayer/Messages/AvalancheMessages$Message$TaskSetStateMessage$Builder.java,mergeFrom,->,67366ab5-4121-477e-a26c-d2501b464c4e,CommLayer/Messages/AvalancheMessages$Message$TaskSetStateMessage$Builder.java,mergeFrom
67366ab5-4121-477e-a26c-d2501b464c4e,CommLayer/Messages/AvalancheMessages$Message$TaskSetStateMessage$Builder.java,mergeFrom,->,67366ab5-4121-477e-a26c-d2501b464c4e,CommLayer/Messages/AvalancheMessages$Message$TaskSetStateMessage$Builder.java,mergeFrom
67366ab5-4121-477e-a26c-d2501b464c4e,CommLayer/Messages/AvalancheMessages$Message$TaskSetStateMessage$Builder.java,clear,->,67366ab5-4121-477e-a26c-d2501b464c4e,CommLayer/Messages/AvalancheMessages$Message$TaskSetStateMessage$Builder.java,clear
67366ab5-4121-477e-a26c-d2501b464c4e,CommLayer/Messages/AvalancheMessages$Message$TaskSetStateMessage$Builder.java,clone,->,67366ab5-4121-477e-a26c-d2501b464c4e,CommLayer/Messages/AvalancheMessages$Message$TaskSetStateMessage$Builder.java,clone
67366ab5-4121-477e-a26c-d2501b464c4e,CommLayer/Messages/AvalancheMessages$Message$TaskSetStateMessage$Builder.java,mergeFrom,->,67366ab5-4121-477e-a26c-d2501b464c4e,CommLayer/Messages/AvalancheMessages$Message$TaskSetStateMessage$Builder.java,mergeFrom
67366ab5-4121-477e-a26c-d2501b464c4e,CommLayer/Messages/AvalancheMessages$Message$TaskSetStateMessage$Builder.java,clone,->,67366ab5-4121-477e-a26c-d2501b464c4e,CommLayer/Messages/AvalancheMessages$Message$TaskSetStateMessage$Builder.java,clone
67366ab5-4121-477e-a26c-d2501b464c4e,CommLayer/Messages/AvalancheMessages$Message$TaskSetStateMessage$Builder.java,buildPartial,->,67366ab5-4121-477e-a26c-d2501b464c4e,CommLayer/Messages/AvalancheMessages$Message$TaskSetStateMessage$Builder.java,buildPartial
67366ab5-4121-477e-a26c-d2501b464c4e,CommLayer/Messages/AvalancheMessages$Message$TaskSetStateMessage$Builder.java,build,->,67366ab5-4121-477e-a26c-d2501b464c4e,CommLayer/Messages/AvalancheMessages$Message$TaskSetStateMessage$Builder.java,build
67366ab5-4121-477e-a26c-d2501b464c4e,CommLayer/Messages/AvalancheMessages$Message$TaskSetStateMessage$Builder.java,mergeFrom,->,67366ab5-4121-477e-a26c-d2501b464c4e,CommLayer/Messages/AvalancheMessages$Message$TaskSetStateMessage$Builder.java,mergeFrom
67366ab5-4121-477e-a26c-d2501b464c4e,CommLayer/Messages/AvalancheMessages$Message$TaskSetStateMessage$Builder.java,clear,->,67366ab5-4121-477e-a26c-d2501b464c4e,CommLayer/Messages/AvalancheMessages$Message$TaskSetStateMessage$Builder.java,clear
67366ab5-4121-477e-a26c-d2501b464c4e,CommLayer/Messages/AvalancheMessages$Message$TaskSetStateMessage$Builder.java,mergeFrom,->,67366ab5-4121-477e-a26c-d2501b464c4e,CommLayer/Messages/AvalancheMessages$Message$TaskSetStateMessage$Builder.java,mergeFrom
67366ab5-4121-477e-a26c-d2501b464c4e,CommLayer/Messages/AvalancheMessages$Message$TaskSetStateMessage$Builder.java,clone,->,67366ab5-4121-477e-a26c-d2501b464c4e,CommLayer/Messages/AvalancheMessages$Message$TaskSetStateMessage$Builder.java,clone
67366ab5-4121-477e-a26c-d2501b464c4e,CommLayer/Messages/AvalancheMessages$Message$TaskSetStateMessage$Builder.java,buildPartial,->,67366ab5-4121-477e-a26c-d2501b464c4e,CommLayer/Messages/AvalancheMessages$Message$TaskSetStateMessage$Builder.java,buildPartial
67366ab5-4121-477e-a26c-d2501b464c4e,CommLayer/Messages/AvalancheMessages$Message$TaskSetStateMessage$Builder.java,build,->,67366ab5-4121-477e-a26c-d2501b464c4e,CommLayer/Messages/AvalancheMessages$Message$TaskSetStateMessage$Builder.java,build
67366ab5-4121-477e-a26c-d2501b464c4e,CommLayer/Messages/AvalancheMessages$Message$TaskSetStateMessage$Builder.java,clear,->,67366ab5-4121-477e-a26c-d2501b464c4e,CommLayer/Messages/AvalancheMessages$Message$TaskSetStateMessage$Builder.java,clear
67366ab5-4121-477e-a26c-d2501b464c4e,CommLayer/Messages/AvalancheMessages$Message$TaskSetStateMessage$Builder.java,getDefaultInstanceForType,->,67366ab5-4121-477e-a26c-d2501b464c4e,CommLayer/Messages/AvalancheMessages$Message$TaskSetStateMessage$Builder.java,getDefaultInstanceForType
67366ab5-4121-477e-a26c-d2501b464c4e,CommLayer/Messages/AvalancheMessages$Message$TaskSetStateMessage$Builder.java,getDefaultInstanceForType,->,67366ab5-4121-477e-a26c-d2501b464c4e,CommLayer/Messages/AvalancheMessages$Message$TaskSetStateMessage$Builder.java,getDefaultInstanceForType
67366ab5-4121-477e-a26c-d2501b464c4e,CommLayer/Messages/AvalancheMessages$Message$TaskSetStateMessage$Builder.java,mergeFrom,->,67366ab5-4121-477e-a26c-d2501b464c4e,CommLayer/Messages/AvalancheMessages$Message$TaskSetStateMessage$Builder.java,mergeFrom
67366ab5-4121-477e-a26c-d2501b464c4e,CommLayer/Messages/AvalancheMessages$Message$TaskSetStateMessage$Builder.java,clone,->,67366ab5-4121-477e-a26c-d2501b464c4e,CommLayer/Messages/AvalancheMessages$Message$TaskSetStateMessage$Builder.java,clone
67366ab5-4121-477e-a26c-d2501b464c4e,CommLayer/Messages/AvalancheMessages$Message$TaskSetStateMessage$Builder.java,clone,->,67366ab5-4121-477e-a26c-d2501b464c4e,CommLayer/Messages/AvalancheMessages$Message$TaskSetStateMessage$Builder.java,clone
67366ab5-4121-477e-a26c-d2501b464c4e,CommLayer/Messages/AvalancheMessages$Message$TaskSetStateMessage$Builder.java,access$3800,->,67366ab5-4121-477e-a26c-d2501b464c4e,CommLayer/Messages/AvalancheMessages$Message$TaskSetStateMessage$Builder.java,create
67366ab5-4121-477e-a26c-d2501b464c4e,CommLayer/Messages/AvalancheMessages$Message$DataManagerMessage$DataCopyRequestMessage$1.java,parsePartialFrom,->,67366ab5-4121-477e-a26c-d2501b464c4e,CommLayer/Messages/AvalancheMessages$Message$DataManagerMessage$DataCopyRequestMessage$1.java,parsePartialFrom
67366ab5-4121-477e-a26c-d2501b464c4e,CommLayer/Messages/AvalancheMessages$Message$DataManagerMessage.java,getDescriptor,->,67366ab5-4121-477e-a26c-d2501b464c4e,CommLayer/Messages/AvalancheMessages.java,access$8100
67366ab5-4121-477e-a26c-d2501b464c4e,CommLayer/Messages/AvalancheMessages$Message$DataManagerMessage.java,internalGetFieldAccessorTable,->,67366ab5-4121-477e-a26c-d2501b464c4e,CommLayer/Messages/AvalancheMessages.java,access$8200
67366ab5-4121-477e-a26c-d2501b464c4e,CommLayer/Messages/AvalancheMessages$Message$DataManagerMessage.java,internalGetFieldAccessorTable,->,67366ab5-4121-477e-a26c-d2501b464c4e,com/google/protobuf/GeneratedMessage$FieldAccessorTable.java,ensureFieldAccessorsInitialized
67366ab5-4121-477e-a26c-d2501b464c4e,CommLayer/Messages/AvalancheMessages$Message$DataManagerMessage.java,initFields,->,67366ab5-4121-477e-a26c-d2501b464c4e,CommLayer/Messages/AvalancheMessages$Message$DataManagerMessage$DataRegMessage.java,getDefaultInstance
67366ab5-4121-477e-a26c-d2501b464c4e,CommLayer/Messages/AvalancheMessages$Message$DataManagerMessage.java,initFields,->,67366ab5-4121-477e-a26c-d2501b464c4e,CommLayer/Messages/AvalancheMessages$Message$DataManagerMessage$DataSourceRequestMessage.java,getDefaultInstance
67366ab5-4121-477e-a26c-d2501b464c4e,CommLayer/Messages/AvalancheMessages$Message$DataManagerMessage.java,initFields,->,67366ab5-4121-477e-a26c-d2501b464c4e,CommLayer/Messages/AvalancheMessages$Message$DataManagerMessage$DataSourceResponseMessage.java,getDefaultInstance
67366ab5-4121-477e-a26c-d2501b464c4e,CommLayer/Messages/AvalancheMessages$Message$DataManagerMessage.java,initFields,->,67366ab5-4121-477e-a26c-d2501b464c4e,CommLayer/Messages/AvalancheMessages$Message$DataManagerMessage$DataCopyRequestMessage.java,getDefaultInstance
67366ab5-4121-477e-a26c-d2501b464c4e,CommLayer/Messages/AvalancheMessages$Message$DataManagerMessage.java,initFields,->,67366ab5-4121-477e-a26c-d2501b464c4e,CommLayer/Messages/AvalancheMessages$Message$DataManagerMessage$DataCopyResponseMessage.java,getDefaultInstance
67366ab5-4121-477e-a26c-d2501b464c4e,CommLayer/Messages/AvalancheMessages$Message$DataManagerMessage.java,writeTo,->,67366ab5-4121-477e-a26c-d2501b464c4e,CommLayer/Messages/AvalancheMessages$Message$DataManagerMessage.java,getSerializedSize
67366ab5-4121-477e-a26c-d2501b464c4e,CommLayer/Messages/AvalancheMessages$Message$DataManagerMessage.java,writeTo,->,67366ab5-4121-477e-a26c-d2501b464c4e,CommLayer/Messages/AvalancheMessages$Message$DataManagerMessage$Type.java,getNumber
67366ab5-4121-477e-a26c-d2501b464c4e,CommLayer/Messages/AvalancheMessages$Message$DataManagerMessage.java,writeTo,->,67366ab5-4121-477e-a26c-d2501b464c4e,com/google/protobuf/CodedOutputStream.java,writeEnum
67366ab5-4121-477e-a26c-d2501b464c4e,CommLayer/Messages/AvalancheMessages$Message$DataManagerMessage.java,writeTo,->,67366ab5-4121-477e-a26c-d2501b464c4e,com/google/protobuf/CodedOutputStream.java,writeMessage
67366ab5-4121-477e-a26c-d2501b464c4e,CommLayer/Messages/AvalancheMessages$Message$DataManagerMessage.java,writeTo,->,67366ab5-4121-477e-a26c-d2501b464c4e,com/google/protobuf/CodedOutputStream.java,writeMessage
67366ab5-4121-477e-a26c-d2501b464c4e,CommLayer/Messages/AvalancheMessages$Message$DataManagerMessage.java,writeTo,->,67366ab5-4121-477e-a26c-d2501b464c4e,com/google/protobuf/CodedOutputStream.java,writeMessage
67366ab5-4121-477e-a26c-d2501b464c4e,CommLayer/Messages/AvalancheMessages$Message$DataManagerMessage.java,writeTo,->,67366ab5-4121-477e-a26c-d2501b464c4e,com/google/protobuf/CodedOutputStream.java,writeMessage
67366ab5-4121-477e-a26c-d2501b464c4e,CommLayer/Messages/AvalancheMessages$Message$DataManagerMessage.java,writeTo,->,67366ab5-4121-477e-a26c-d2501b464c4e,com/google/protobuf/CodedOutputStream.java,writeMessage
67366ab5-4121-477e-a26c-d2501b464c4e,CommLayer/Messages/AvalancheMessages$Message$DataManagerMessage.java,writeTo,->,67366ab5-4121-477e-a26c-d2501b464c4e,CommLayer/Messages/AvalancheMessages$Message$DataManagerMessage.java,getUnknownFields
67366ab5-4121-477e-a26c-d2501b464c4e,CommLayer/Messages/AvalancheMessages$Message$DataManagerMessage.java,writeTo,->,67366ab5-4121-477e-a26c-d2501b464c4e,com/google/protobuf/UnknownFieldSet.java,writeTo
67366ab5-4121-477e-a26c-d2501b464c4e,CommLayer/Messages/AvalancheMessages$Message$DataManagerMessage.java,getSerializedSize,->,67366ab5-4121-477e-a26c-d2501b464c4e,CommLayer/Messages/AvalancheMessages$Message$DataManagerMessage$Type.java,getNumber
67366ab5-4121-477e-a26c-d2501b464c4e,CommLayer/Messages/AvalancheMessages$Message$DataManagerMessage.java,getSerializedSize,->,67366ab5-4121-477e-a26c-d2501b464c4e,com/google/protobuf/CodedOutputStream.java,computeEnumSize
67366ab5-4121-477e-a26c-d2501b464c4e,CommLayer/Messages/AvalancheMessages$Message$DataManagerMessage.java,getSerializedSize,->,67366ab5-4121-477e-a26c-d2501b464c4e,com/google/protobuf/CodedOutputStream.java,computeMessageSize
67366ab5-4121-477e-a26c-d2501b464c4e,CommLayer/Messages/AvalancheMessages$Message$DataManagerMessage.java,getSerializedSize,->,67366ab5-4121-477e-a26c-d2501b464c4e,com/google/protobuf/CodedOutputStream.java,computeMessageSize
67366ab5-4121-477e-a26c-d2501b464c4e,CommLayer/Messages/AvalancheMessages$Message$DataManagerMessage.java,getSerializedSize,->,67366ab5-4121-477e-a26c-d2501b464c4e,com/google/protobuf/CodedOutputStream.java,computeMessageSize
67366ab5-4121-477e-a26c-d2501b464c4e,CommLayer/Messages/AvalancheMessages$Message$DataManagerMessage.java,getSerializedSize,->,67366ab5-4121-477e-a26c-d2501b464c4e,com/google/protobuf/CodedOutputStream.java,computeMessageSize
67366ab5-4121-477e-a26c-d2501b464c4e,CommLayer/Messages/AvalancheMessages$Message$DataManagerMessage.java,getSerializedSize,->,67366ab5-4121-477e-a26c-d2501b464c4e,com/google/protobuf/CodedOutputStream.java,computeMessageSize
67366ab5-4121-477e-a26c-d2501b464c4e,CommLayer/Messages/AvalancheMessages$Message$DataManagerMessage.java,getSerializedSize,->,67366ab5-4121-477e-a26c-d2501b464c4e,CommLayer/Messages/AvalancheMessages$Message$DataManagerMessage.java,getUnknownFields
67366ab5-4121-477e-a26c-d2501b464c4e,CommLayer/Messages/AvalancheMessages$Message$DataManagerMessage.java,getSerializedSize,->,67366ab5-4121-477e-a26c-d2501b464c4e,com/google/protobuf/UnknownFieldSet.java,getSerializedSize
67366ab5-4121-477e-a26c-d2501b464c4e,CommLayer/Messages/AvalancheMessages$Message$DataManagerMessage.java,writeReplace,->,67366ab5-4121-477e-a26c-d2501b464c4e,com/google/protobuf/GeneratedMessage.java,writeReplace
67366ab5-4121-477e-a26c-d2501b464c4e,CommLayer/Messages/AvalancheMessages$Message$DataManagerMessage.java,parseFrom,->,67366ab5-4121-477e-a26c-d2501b464c4e,com/google/protobuf/Parser.java,parseFrom
67366ab5-4121-477e-a26c-d2501b464c4e,CommLayer/Messages/AvalancheMessages$Message$DataManagerMessage.java,parseFrom,->,67366ab5-4121-477e-a26c-d2501b464c4e,com/google/protobuf/Parser.java,parseFrom
67366ab5-4121-477e-a26c-d2501b464c4e,CommLayer/Messages/AvalancheMessages$Message$DataManagerMessage.java,parseFrom,->,67366ab5-4121-477e-a26c-d2501b464c4e,com/google/protobuf/Parser.java,parseFrom
67366ab5-4121-477e-a26c-d2501b464c4e,CommLayer/Messages/AvalancheMessages$Message$DataManagerMessage.java,parseFrom,->,67366ab5-4121-477e-a26c-d2501b464c4e,com/google/protobuf/Parser.java,parseFrom
67366ab5-4121-477e-a26c-d2501b464c4e,CommLayer/Messages/AvalancheMessages$Message$DataManagerMessage.java,parseFrom,->,67366ab5-4121-477e-a26c-d2501b464c4e,com/google/protobuf/Parser.java,parseFrom
67366ab5-4121-477e-a26c-d2501b464c4e,CommLayer/Messages/AvalancheMessages$Message$DataManagerMessage.java,parseFrom,->,67366ab5-4121-477e-a26c-d2501b464c4e,com/google/protobuf/Parser.java,parseFrom
67366ab5-4121-477e-a26c-d2501b464c4e,CommLayer/Messages/AvalancheMessages$Message$DataManagerMessage.java,parseDelimitedFrom,->,67366ab5-4121-477e-a26c-d2501b464c4e,com/google/protobuf/Parser.java,parseDelimitedFrom
67366ab5-4121-477e-a26c-d2501b464c4e,CommLayer/Messages/AvalancheMessages$Message$DataManagerMessage.java,parseDelimitedFrom,->,67366ab5-4121-477e-a26c-d2501b464c4e,com/google/protobuf/Parser.java,parseDelimitedFrom
67366ab5-4121-477e-a26c-d2501b464c4e,CommLayer/Messages/AvalancheMessages$Message$DataManagerMessage.java,parseFrom,->,67366ab5-4121-477e-a26c-d2501b464c4e,com/google/protobuf/Parser.java,parseFrom
67366ab5-4121-477e-a26c-d2501b464c4e,CommLayer/Messages/AvalancheMessages$Message$DataManagerMessage.java,parseFrom,->,67366ab5-4121-477e-a26c-d2501b464c4e,com/google/protobuf/Parser.java,parseFrom
67366ab5-4121-477e-a26c-d2501b464c4e,CommLayer/Messages/AvalancheMessages$Message$DataManagerMessage.java,newBuilder,->,67366ab5-4121-477e-a26c-d2501b464c4e,CommLayer/Messages/AvalancheMessages$Message$DataManagerMessage$Builder.java,access$14400
67366ab5-4121-477e-a26c-d2501b464c4e,CommLayer/Messages/AvalancheMessages$Message$DataManagerMessage.java,newBuilderForType,->,67366ab5-4121-477e-a26c-d2501b464c4e,CommLayer/Messages/AvalancheMessages$Message$DataManagerMessage.java,newBuilder
67366ab5-4121-477e-a26c-d2501b464c4e,CommLayer/Messages/AvalancheMessages$Message$DataManagerMessage.java,newBuilder,->,67366ab5-4121-477e-a26c-d2501b464c4e,CommLayer/Messages/AvalancheMessages$Message$DataManagerMessage.java,newBuilder
67366ab5-4121-477e-a26c-d2501b464c4e,CommLayer/Messages/AvalancheMessages$Message$DataManagerMessage.java,newBuilder,->,67366ab5-4121-477e-a26c-d2501b464c4e,CommLayer/Messages/AvalancheMessages$Message$DataManagerMessage$Builder.java,mergeFrom
67366ab5-4121-477e-a26c-d2501b464c4e,CommLayer/Messages/AvalancheMessages$Message$DataManagerMessage.java,toBuilder,->,67366ab5-4121-477e-a26c-d2501b464c4e,CommLayer/Messages/AvalancheMessages$Message$DataManagerMessage.java,newBuilder
67366ab5-4121-477e-a26c-d2501b464c4e,CommLayer/Messages/AvalancheMessages$Message$DataManagerMessage.java,newBuilderForType,->,67366ab5-4121-477e-a26c-d2501b464c4e,CommLayer/Messages/AvalancheMessages$Message$DataManagerMessage.java,newBuilderForType
67366ab5-4121-477e-a26c-d2501b464c4e,CommLayer/Messages/AvalancheMessages$Message$DataManagerMessage.java,toBuilder,->,67366ab5-4121-477e-a26c-d2501b464c4e,CommLayer/Messages/AvalancheMessages$Message$DataManagerMessage.java,toBuilder
67366ab5-4121-477e-a26c-d2501b464c4e,CommLayer/Messages/AvalancheMessages$Message$DataManagerMessage.java,newBuilderForType,->,67366ab5-4121-477e-a26c-d2501b464c4e,CommLayer/Messages/AvalancheMessages$Message$DataManagerMessage.java,newBuilderForType
67366ab5-4121-477e-a26c-d2501b464c4e,CommLayer/Messages/AvalancheMessages$Message$DataManagerMessage.java,toBuilder,->,67366ab5-4121-477e-a26c-d2501b464c4e,CommLayer/Messages/AvalancheMessages$Message$DataManagerMessage.java,toBuilder
67366ab5-4121-477e-a26c-d2501b464c4e,CommLayer/Messages/AvalancheMessages$Message$DataManagerMessage.java,newBuilderForType,->,67366ab5-4121-477e-a26c-d2501b464c4e,CommLayer/Messages/AvalancheMessages$Message$DataManagerMessage.java,newBuilderForType
67366ab5-4121-477e-a26c-d2501b464c4e,CommLayer/Messages/AvalancheMessages$Message$DataManagerMessage.java,getDefaultInstanceForType,->,67366ab5-4121-477e-a26c-d2501b464c4e,CommLayer/Messages/AvalancheMessages$Message$DataManagerMessage.java,getDefaultInstanceForType
67366ab5-4121-477e-a26c-d2501b464c4e,CommLayer/Messages/AvalancheMessages$Message$DataManagerMessage.java,getDefaultInstanceForType,->,67366ab5-4121-477e-a26c-d2501b464c4e,CommLayer/Messages/AvalancheMessages$Message$DataManagerMessage.java,getDefaultInstanceForType
67366ab5-4121-477e-a26c-d2501b464c4e,CommLayer/Messages/AvalancheMessages$Message$DataManagerMessage.java,<clinit>,->,67366ab5-4121-477e-a26c-d2501b464c4e,CommLayer/Messages/AvalancheMessages$Message$DataManagerMessage.java,initFields
67366ab5-4121-477e-a26c-d2501b464c4e,CommLayer/Messages/AvalancheMessages$Message$DataManagerMessage$Type$1.java,findValueByNumber,->,67366ab5-4121-477e-a26c-d2501b464c4e,CommLayer/Messages/AvalancheMessages$Message$DataManagerMessage$Type.java,valueOf
67366ab5-4121-477e-a26c-d2501b464c4e,CommLayer/Messages/AvalancheMessages$Message$DataManagerMessage$Type$1.java,findValueByNumber,->,67366ab5-4121-477e-a26c-d2501b464c4e,CommLayer/Messages/AvalancheMessages$Message$DataManagerMessage$Type$1.java,findValueByNumber
67366ab5-4121-477e-a26c-d2501b464c4e,CommLayer/Messages/AvalancheMessages$Message$MessageType.java,values,->,67366ab5-4121-477e-a26c-d2501b464c4e,CommLayer/Messages/AvalancheMessages$Message$MessageType.java,clone
67366ab5-4121-477e-a26c-d2501b464c4e,CommLayer/Messages/AvalancheMessages$Message$MessageType.java,valueOf,->,67366ab5-4121-477e-a26c-d2501b464c4e,java/lang/Enum.java,valueOf
67366ab5-4121-477e-a26c-d2501b464c4e,CommLayer/Messages/AvalancheMessages$Message$MessageType.java,getValueDescriptor,->,67366ab5-4121-477e-a26c-d2501b464c4e,CommLayer/Messages/AvalancheMessages$Message$MessageType.java,getDescriptor
67366ab5-4121-477e-a26c-d2501b464c4e,CommLayer/Messages/AvalancheMessages$Message$MessageType.java,getValueDescriptor,->,67366ab5-4121-477e-a26c-d2501b464c4e,com/google/protobuf/Descriptors$EnumDescriptor.java,getValues
67366ab5-4121-477e-a26c-d2501b464c4e,CommLayer/Messages/AvalancheMessages$Message$MessageType.java,getValueDescriptor,->,67366ab5-4121-477e-a26c-d2501b464c4e,java/util/List.java,get
67366ab5-4121-477e-a26c-d2501b464c4e,CommLayer/Messages/AvalancheMessages$Message$MessageType.java,getDescriptorForType,->,67366ab5-4121-477e-a26c-d2501b464c4e,CommLayer/Messages/AvalancheMessages$Message$MessageType.java,getDescriptor
67366ab5-4121-477e-a26c-d2501b464c4e,CommLayer/Messages/AvalancheMessages$Message$MessageType.java,getDescriptor,->,67366ab5-4121-477e-a26c-d2501b464c4e,CommLayer/Messages/AvalancheMessages$Message.java,getDescriptor
67366ab5-4121-477e-a26c-d2501b464c4e,CommLayer/Messages/AvalancheMessages$Message$MessageType.java,getDescriptor,->,67366ab5-4121-477e-a26c-d2501b464c4e,com/google/protobuf/Descriptors$Descriptor.java,getEnumTypes
67366ab5-4121-477e-a26c-d2501b464c4e,CommLayer/Messages/AvalancheMessages$Message$MessageType.java,getDescriptor,->,67366ab5-4121-477e-a26c-d2501b464c4e,java/util/List.java,get
67366ab5-4121-477e-a26c-d2501b464c4e,CommLayer/Messages/AvalancheMessages$Message$MessageType.java,valueOf,->,67366ab5-4121-477e-a26c-d2501b464c4e,com/google/protobuf/Descriptors$EnumValueDescriptor.java,getType
67366ab5-4121-477e-a26c-d2501b464c4e,CommLayer/Messages/AvalancheMessages$Message$MessageType.java,valueOf,->,67366ab5-4121-477e-a26c-d2501b464c4e,CommLayer/Messages/AvalancheMessages$Message$MessageType.java,getDescriptor
67366ab5-4121-477e-a26c-d2501b464c4e,CommLayer/Messages/AvalancheMessages$Message$MessageType.java,valueOf,->,67366ab5-4121-477e-a26c-d2501b464c4e,com/google/protobuf/Descriptors$EnumValueDescriptor.java,getIndex
67366ab5-4121-477e-a26c-d2501b464c4e,CommLayer/Messages/AvalancheMessages$Message$MessageType.java,<clinit>,->,67366ab5-4121-477e-a26c-d2501b464c4e,CommLayer/Messages/AvalancheMessages$Message$MessageType.java,values
67366ab5-4121-477e-a26c-d2501b464c4e,CommLayer/Messages/AvalancheMessages$Message$TopologyMessage$1.java,parsePartialFrom,->,67366ab5-4121-477e-a26c-d2501b464c4e,CommLayer/Messages/AvalancheMessages$Message$TopologyMessage$1.java,parsePartialFrom
67366ab5-4121-477e-a26c-d2501b464c4e,CommLayer/Messages/AvalancheMessages$Message$DataHandlerMessage$Type$1.java,findValueByNumber,->,67366ab5-4121-477e-a26c-d2501b464c4e,CommLayer/Messages/AvalancheMessages$Message$DataHandlerMessage$Type.java,valueOf
67366ab5-4121-477e-a26c-d2501b464c4e,CommLayer/Messages/AvalancheMessages$Message$DataHandlerMessage$Type$1.java,findValueByNumber,->,67366ab5-4121-477e-a26c-d2501b464c4e,CommLayer/Messages/AvalancheMessages$Message$DataHandlerMessage$Type$1.java,findValueByNumber
67366ab5-4121-477e-a26c-d2501b464c4e,CommLayer/Messages/AvalancheMessages$Message$TopologyMessage$Node$Builder.java,getDescriptor,->,67366ab5-4121-477e-a26c-d2501b464c4e,CommLayer/Messages/AvalancheMessages.java,access$15800
67366ab5-4121-477e-a26c-d2501b464c4e,CommLayer/Messages/AvalancheMessages$Message$TopologyMessage$Node$Builder.java,internalGetFieldAccessorTable,->,67366ab5-4121-477e-a26c-d2501b464c4e,CommLayer/Messages/AvalancheMessages.java,access$15900
67366ab5-4121-477e-a26c-d2501b464c4e,CommLayer/Messages/AvalancheMessages$Message$TopologyMessage$Node$Builder.java,internalGetFieldAccessorTable,->,67366ab5-4121-477e-a26c-d2501b464c4e,com/google/protobuf/GeneratedMessage$FieldAccessorTable.java,ensureFieldAccessorsInitialized
67366ab5-4121-477e-a26c-d2501b464c4e,CommLayer/Messages/AvalancheMessages$Message$TopologyMessage$Node$Builder.java,maybeForceBuilderInitialization,->,67366ab5-4121-477e-a26c-d2501b464c4e,CommLayer/Messages/AvalancheMessages$Message$TopologyMessage$Node.java,access$16300
67366ab5-4121-477e-a26c-d2501b464c4e,CommLayer/Messages/AvalancheMessages$Message$TopologyMessage$Node$Builder.java,clear,->,67366ab5-4121-477e-a26c-d2501b464c4e,com/google/protobuf/GeneratedMessage$Builder.java,clear
67366ab5-4121-477e-a26c-d2501b464c4e,CommLayer/Messages/AvalancheMessages$Message$TopologyMessage$Node$Builder.java,clone,->,67366ab5-4121-477e-a26c-d2501b464c4e,CommLayer/Messages/AvalancheMessages$Message$TopologyMessage$Node$Builder.java,create
67366ab5-4121-477e-a26c-d2501b464c4e,CommLayer/Messages/AvalancheMessages$Message$TopologyMessage$Node$Builder.java,clone,->,67366ab5-4121-477e-a26c-d2501b464c4e,CommLayer/Messages/AvalancheMessages$Message$TopologyMessage$Node$Builder.java,buildPartial
67366ab5-4121-477e-a26c-d2501b464c4e,CommLayer/Messages/AvalancheMessages$Message$TopologyMessage$Node$Builder.java,clone,->,67366ab5-4121-477e-a26c-d2501b464c4e,CommLayer/Messages/AvalancheMessages$Message$TopologyMessage$Node$Builder.java,mergeFrom
67366ab5-4121-477e-a26c-d2501b464c4e,CommLayer/Messages/AvalancheMessages$Message$TopologyMessage$Node$Builder.java,getDescriptorForType,->,67366ab5-4121-477e-a26c-d2501b464c4e,CommLayer/Messages/AvalancheMessages.java,access$15800
67366ab5-4121-477e-a26c-d2501b464c4e,CommLayer/Messages/AvalancheMessages$Message$TopologyMessage$Node$Builder.java,getDefaultInstanceForType,->,67366ab5-4121-477e-a26c-d2501b464c4e,CommLayer/Messages/AvalancheMessages$Message$TopologyMessage$Node.java,getDefaultInstance
67366ab5-4121-477e-a26c-d2501b464c4e,CommLayer/Messages/AvalancheMessages$Message$TopologyMessage$Node$Builder.java,build,->,67366ab5-4121-477e-a26c-d2501b464c4e,CommLayer/Messages/AvalancheMessages$Message$TopologyMessage$Node$Builder.java,buildPartial
67366ab5-4121-477e-a26c-d2501b464c4e,CommLayer/Messages/AvalancheMessages$Message$TopologyMessage$Node$Builder.java,build,->,67366ab5-4121-477e-a26c-d2501b464c4e,CommLayer/Messages/AvalancheMessages$Message$TopologyMessage$Node.java,isInitialized
67366ab5-4121-477e-a26c-d2501b464c4e,CommLayer/Messages/AvalancheMessages$Message$TopologyMessage$Node$Builder.java,build,->,67366ab5-4121-477e-a26c-d2501b464c4e,CommLayer/Messages/AvalancheMessages$Message$TopologyMessage$Node$Builder.java,newUninitializedMessageException
67366ab5-4121-477e-a26c-d2501b464c4e,CommLayer/Messages/AvalancheMessages$Message$TopologyMessage$Node$Builder.java,buildPartial,->,67366ab5-4121-477e-a26c-d2501b464c4e,CommLayer/Messages/AvalancheMessages$Message$TopologyMessage$Node.java,access$16502
67366ab5-4121-477e-a26c-d2501b464c4e,CommLayer/Messages/AvalancheMessages$Message$TopologyMessage$Node$Builder.java,buildPartial,->,67366ab5-4121-477e-a26c-d2501b464c4e,CommLayer/Messages/AvalancheMessages$Message$TopologyMessage$Node.java,access$16602
67366ab5-4121-477e-a26c-d2501b464c4e,CommLayer/Messages/AvalancheMessages$Message$TopologyMessage$Node$Builder.java,buildPartial,->,67366ab5-4121-477e-a26c-d2501b464c4e,CommLayer/Messages/AvalancheMessages$Message$TopologyMessage$Node.java,access$16702
67366ab5-4121-477e-a26c-d2501b464c4e,CommLayer/Messages/AvalancheMessages$Message$TopologyMessage$Node$Builder.java,buildPartial,->,67366ab5-4121-477e-a26c-d2501b464c4e,CommLayer/Messages/AvalancheMessages$Message$TopologyMessage$Node$Builder.java,onBuilt
67366ab5-4121-477e-a26c-d2501b464c4e,CommLayer/Messages/AvalancheMessages$Message$TopologyMessage$Node$Builder.java,mergeFrom,->,67366ab5-4121-477e-a26c-d2501b464c4e,CommLayer/Messages/AvalancheMessages$Message$TopologyMessage$Node$Builder.java,mergeFrom
67366ab5-4121-477e-a26c-d2501b464c4e,CommLayer/Messages/AvalancheMessages$Message$TopologyMessage$Node$Builder.java,mergeFrom,->,67366ab5-4121-477e-a26c-d2501b464c4e,com/google/protobuf/GeneratedMessage$Builder.java,mergeFrom
67366ab5-4121-477e-a26c-d2501b464c4e,CommLayer/Messages/AvalancheMessages$Message$TopologyMessage$Node$Builder.java,mergeFrom,->,67366ab5-4121-477e-a26c-d2501b464c4e,CommLayer/Messages/AvalancheMessages$Message$TopologyMessage$Node.java,getDefaultInstance
67366ab5-4121-477e-a26c-d2501b464c4e,CommLayer/Messages/AvalancheMessages$Message$TopologyMessage$Node$Builder.java,mergeFrom,->,67366ab5-4121-477e-a26c-d2501b464c4e,CommLayer/Messages/AvalancheMessages$Message$TopologyMessage$Node.java,hasName
67366ab5-4121-477e-a26c-d2501b464c4e,CommLayer/Messages/AvalancheMessages$Message$TopologyMessage$Node$Builder.java,mergeFrom,->,67366ab5-4121-477e-a26c-d2501b464c4e,CommLayer/Messages/AvalancheMessages$Message$TopologyMessage$Node.java,access$16500
67366ab5-4121-477e-a26c-d2501b464c4e,CommLayer/Messages/AvalancheMessages$Message$TopologyMessage$Node$Builder.java,mergeFrom,->,67366ab5-4121-477e-a26c-d2501b464c4e,CommLayer/Messages/AvalancheMessages$Message$TopologyMessage$Node$Builder.java,onChanged
67366ab5-4121-477e-a26c-d2501b464c4e,CommLayer/Messages/AvalancheMessages$Message$TopologyMessage$Node$Builder.java,mergeFrom,->,67366ab5-4121-477e-a26c-d2501b464c4e,CommLayer/Messages/AvalancheMessages$Message$TopologyMessage$Node.java,access$16600
67366ab5-4121-477e-a26c-d2501b464c4e,CommLayer/Messages/AvalancheMessages$Message$TopologyMessage$Node$Builder.java,mergeFrom,->,67366ab5-4121-477e-a26c-d2501b464c4e,com/google/protobuf/LazyStringList.java,isEmpty
67366ab5-4121-477e-a26c-d2501b464c4e,CommLayer/Messages/AvalancheMessages$Message$TopologyMessage$Node$Builder.java,mergeFrom,->,67366ab5-4121-477e-a26c-d2501b464c4e,com/google/protobuf/LazyStringList.java,isEmpty
67366ab5-4121-477e-a26c-d2501b464c4e,CommLayer/Messages/AvalancheMessages$Message$TopologyMessage$Node$Builder.java,mergeFrom,->,67366ab5-4121-477e-a26c-d2501b464c4e,CommLayer/Messages/AvalancheMessages$Message$TopologyMessage$Node.java,access$16600
67366ab5-4121-477e-a26c-d2501b464c4e,CommLayer/Messages/AvalancheMessages$Message$TopologyMessage$Node$Builder.java,mergeFrom,->,67366ab5-4121-477e-a26c-d2501b464c4e,CommLayer/Messages/AvalancheMessages$Message$TopologyMessage$Node$Builder.java,ensureInputsIsMutable
67366ab5-4121-477e-a26c-d2501b464c4e,CommLayer/Messages/AvalancheMessages$Message$TopologyMessage$Node$Builder.java,mergeFrom,->,67366ab5-4121-477e-a26c-d2501b464c4e,CommLayer/Messages/AvalancheMessages$Message$TopologyMessage$Node.java,access$16600
67366ab5-4121-477e-a26c-d2501b464c4e,CommLayer/Messages/AvalancheMessages$Message$TopologyMessage$Node$Builder.java,mergeFrom,->,67366ab5-4121-477e-a26c-d2501b464c4e,com/google/protobuf/LazyStringList.java,addAll
67366ab5-4121-477e-a26c-d2501b464c4e,CommLayer/Messages/AvalancheMessages$Message$TopologyMessage$Node$Builder.java,mergeFrom,->,67366ab5-4121-477e-a26c-d2501b464c4e,CommLayer/Messages/AvalancheMessages$Message$TopologyMessage$Node$Builder.java,onChanged
67366ab5-4121-477e-a26c-d2501b464c4e,CommLayer/Messages/AvalancheMessages$Message$TopologyMessage$Node$Builder.java,mergeFrom,->,67366ab5-4121-477e-a26c-d2501b464c4e,CommLayer/Messages/AvalancheMessages$Message$TopologyMessage$Node.java,getUnknownFields
67366ab5-4121-477e-a26c-d2501b464c4e,CommLayer/Messages/AvalancheMessages$Message$TopologyMessage$Node$Builder.java,mergeFrom,->,67366ab5-4121-477e-a26c-d2501b464c4e,CommLayer/Messages/AvalancheMessages$Message$TopologyMessage$Node$Builder.java,mergeUnknownFields
67366ab5-4121-477e-a26c-d2501b464c4e,CommLayer/Messages/AvalancheMessages$Message$TopologyMessage$Node$Builder.java,mergeFrom,->,67366ab5-4121-477e-a26c-d2501b464c4e,com/google/protobuf/Parser.java,parsePartialFrom
67366ab5-4121-477e-a26c-d2501b464c4e,CommLayer/Messages/AvalancheMessages$Message$TopologyMessage$Node$Builder.java,mergeFrom,->,67366ab5-4121-477e-a26c-d2501b464c4e,CommLayer/Messages/AvalancheMessages$Message$TopologyMessage$Node$Builder.java,mergeFrom
67366ab5-4121-477e-a26c-d2501b464c4e,CommLayer/Messages/AvalancheMessages$Message$TopologyMessage$Node$Builder.java,mergeFrom,->,67366ab5-4121-477e-a26c-d2501b464c4e,com/google/protobuf/InvalidProtocolBufferException.java,getUnfinishedMessage
67366ab5-4121-477e-a26c-d2501b464c4e,CommLayer/Messages/AvalancheMessages$Message$TopologyMessage$Node$Builder.java,mergeFrom,->,67366ab5-4121-477e-a26c-d2501b464c4e,CommLayer/Messages/AvalancheMessages$Message$TopologyMessage$Node$Builder.java,mergeFrom
67366ab5-4121-477e-a26c-d2501b464c4e,CommLayer/Messages/AvalancheMessages$Message$TopologyMessage$Node$Builder.java,getName,->,67366ab5-4121-477e-a26c-d2501b464c4e,com/google/protobuf/ByteString.java,toStringUtf8
67366ab5-4121-477e-a26c-d2501b464c4e,CommLayer/Messages/AvalancheMessages$Message$TopologyMessage$Node$Builder.java,getNameBytes,->,67366ab5-4121-477e-a26c-d2501b464c4e,com/google/protobuf/ByteString.java,copyFromUtf8
67366ab5-4121-477e-a26c-d2501b464c4e,CommLayer/Messages/AvalancheMessages$Message$TopologyMessage$Node$Builder.java,setName,->,67366ab5-4121-477e-a26c-d2501b464c4e,CommLayer/Messages/AvalancheMessages$Message$TopologyMessage$Node$Builder.java,onChanged
67366ab5-4121-477e-a26c-d2501b464c4e,CommLayer/Messages/AvalancheMessages$Message$TopologyMessage$Node$Builder.java,clearName,->,67366ab5-4121-477e-a26c-d2501b464c4e,CommLayer/Messages/AvalancheMessages$Message$TopologyMessage$Node.java,getDefaultInstance
67366ab5-4121-477e-a26c-d2501b464c4e,CommLayer/Messages/AvalancheMessages$Message$TopologyMessage$Node$Builder.java,clearName,->,67366ab5-4121-477e-a26c-d2501b464c4e,CommLayer/Messages/AvalancheMessages$Message$TopologyMessage$Node.java,getName
67366ab5-4121-477e-a26c-d2501b464c4e,CommLayer/Messages/AvalancheMessages$Message$TopologyMessage$Node$Builder.java,clearName,->,67366ab5-4121-477e-a26c-d2501b464c4e,CommLayer/Messages/AvalancheMessages$Message$TopologyMessage$Node$Builder.java,onChanged
67366ab5-4121-477e-a26c-d2501b464c4e,CommLayer/Messages/AvalancheMessages$Message$TopologyMessage$Node$Builder.java,setNameBytes,->,67366ab5-4121-477e-a26c-d2501b464c4e,CommLayer/Messages/AvalancheMessages$Message$TopologyMessage$Node$Builder.java,onChanged
67366ab5-4121-477e-a26c-d2501b464c4e,CommLayer/Messages/AvalancheMessages$Message$TopologyMessage$Node$Builder.java,getInputsList,->,67366ab5-4121-477e-a26c-d2501b464c4e,java/util/Collections.java,unmodifiableList
67366ab5-4121-477e-a26c-d2501b464c4e,CommLayer/Messages/AvalancheMessages$Message$TopologyMessage$Node$Builder.java,getInputsCount,->,67366ab5-4121-477e-a26c-d2501b464c4e,com/google/protobuf/LazyStringList.java,size
67366ab5-4121-477e-a26c-d2501b464c4e,CommLayer/Messages/AvalancheMessages$Message$TopologyMessage$Node$Builder.java,getInputs,->,67366ab5-4121-477e-a26c-d2501b464c4e,com/google/protobuf/LazyStringList.java,get
67366ab5-4121-477e-a26c-d2501b464c4e,CommLayer/Messages/AvalancheMessages$Message$TopologyMessage$Node$Builder.java,getInputsBytes,->,67366ab5-4121-477e-a26c-d2501b464c4e,com/google/protobuf/LazyStringList.java,getByteString
67366ab5-4121-477e-a26c-d2501b464c4e,CommLayer/Messages/AvalancheMessages$Message$TopologyMessage$Node$Builder.java,setInputs,->,67366ab5-4121-477e-a26c-d2501b464c4e,CommLayer/Messages/AvalancheMessages$Message$TopologyMessage$Node$Builder.java,ensureInputsIsMutable
67366ab5-4121-477e-a26c-d2501b464c4e,CommLayer/Messages/AvalancheMessages$Message$TopologyMessage$Node$Builder.java,setInputs,->,67366ab5-4121-477e-a26c-d2501b464c4e,com/google/protobuf/LazyStringList.java,set
67366ab5-4121-477e-a26c-d2501b464c4e,CommLayer/Messages/AvalancheMessages$Message$TopologyMessage$Node$Builder.java,setInputs,->,67366ab5-4121-477e-a26c-d2501b464c4e,CommLayer/Messages/AvalancheMessages$Message$TopologyMessage$Node$Builder.java,onChanged
67366ab5-4121-477e-a26c-d2501b464c4e,CommLayer/Messages/AvalancheMessages$Message$TopologyMessage$Node$Builder.java,addInputs,->,67366ab5-4121-477e-a26c-d2501b464c4e,CommLayer/Messages/AvalancheMessages$Message$TopologyMessage$Node$Builder.java,ensureInputsIsMutable
67366ab5-4121-477e-a26c-d2501b464c4e,CommLayer/Messages/AvalancheMessages$Message$TopologyMessage$Node$Builder.java,addInputs,->,67366ab5-4121-477e-a26c-d2501b464c4e,com/google/protobuf/LazyStringList.java,add
67366ab5-4121-477e-a26c-d2501b464c4e,CommLayer/Messages/AvalancheMessages$Message$TopologyMessage$Node$Builder.java,addInputs,->,67366ab5-4121-477e-a26c-d2501b464c4e,CommLayer/Messages/AvalancheMessages$Message$TopologyMessage$Node$Builder.java,onChanged
67366ab5-4121-477e-a26c-d2501b464c4e,CommLayer/Messages/AvalancheMessages$Message$TopologyMessage$Node$Builder.java,addAllInputs,->,67366ab5-4121-477e-a26c-d2501b464c4e,CommLayer/Messages/AvalancheMessages$Message$TopologyMessage$Node$Builder.java,ensureInputsIsMutable
67366ab5-4121-477e-a26c-d2501b464c4e,CommLayer/Messages/AvalancheMessages$Message$TopologyMessage$Node$Builder.java,addAllInputs,->,67366ab5-4121-477e-a26c-d2501b464c4e,com/google/protobuf/GeneratedMessage$Builder.java,addAll
67366ab5-4121-477e-a26c-d2501b464c4e,CommLayer/Messages/AvalancheMessages$Message$TopologyMessage$Node$Builder.java,addAllInputs,->,67366ab5-4121-477e-a26c-d2501b464c4e,CommLayer/Messages/AvalancheMessages$Message$TopologyMessage$Node$Builder.java,onChanged
67366ab5-4121-477e-a26c-d2501b464c4e,CommLayer/Messages/AvalancheMessages$Message$TopologyMessage$Node$Builder.java,clearInputs,->,67366ab5-4121-477e-a26c-d2501b464c4e,CommLayer/Messages/AvalancheMessages$Message$TopologyMessage$Node$Builder.java,onChanged
67366ab5-4121-477e-a26c-d2501b464c4e,CommLayer/Messages/AvalancheMessages$Message$TopologyMessage$Node$Builder.java,addInputsBytes,->,67366ab5-4121-477e-a26c-d2501b464c4e,CommLayer/Messages/AvalancheMessages$Message$TopologyMessage$Node$Builder.java,ensureInputsIsMutable
67366ab5-4121-477e-a26c-d2501b464c4e,CommLayer/Messages/AvalancheMessages$Message$TopologyMessage$Node$Builder.java,addInputsBytes,->,67366ab5-4121-477e-a26c-d2501b464c4e,com/google/protobuf/LazyStringList.java,add
67366ab5-4121-477e-a26c-d2501b464c4e,CommLayer/Messages/AvalancheMessages$Message$TopologyMessage$Node$Builder.java,addInputsBytes,->,67366ab5-4121-477e-a26c-d2501b464c4e,CommLayer/Messages/AvalancheMessages$Message$TopologyMessage$Node$Builder.java,onChanged
67366ab5-4121-477e-a26c-d2501b464c4e,CommLayer/Messages/AvalancheMessages$Message$TopologyMessage$Node$Builder.java,clear,->,67366ab5-4121-477e-a26c-d2501b464c4e,CommLayer/Messages/AvalancheMessages$Message$TopologyMessage$Node$Builder.java,clear
67366ab5-4121-477e-a26c-d2501b464c4e,CommLayer/Messages/AvalancheMessages$Message$TopologyMessage$Node$Builder.java,clone,->,67366ab5-4121-477e-a26c-d2501b464c4e,CommLayer/Messages/AvalancheMessages$Message$TopologyMessage$Node$Builder.java,clone
67366ab5-4121-477e-a26c-d2501b464c4e,CommLayer/Messages/AvalancheMessages$Message$TopologyMessage$Node$Builder.java,mergeFrom,->,67366ab5-4121-477e-a26c-d2501b464c4e,CommLayer/Messages/AvalancheMessages$Message$TopologyMessage$Node$Builder.java,mergeFrom
67366ab5-4121-477e-a26c-d2501b464c4e,CommLayer/Messages/AvalancheMessages$Message$TopologyMessage$Node$Builder.java,mergeFrom,->,67366ab5-4121-477e-a26c-d2501b464c4e,CommLayer/Messages/AvalancheMessages$Message$TopologyMessage$Node$Builder.java,mergeFrom
67366ab5-4121-477e-a26c-d2501b464c4e,CommLayer/Messages/AvalancheMessages$Message$TopologyMessage$Node$Builder.java,clear,->,67366ab5-4121-477e-a26c-d2501b464c4e,CommLayer/Messages/AvalancheMessages$Message$TopologyMessage$Node$Builder.java,clear
67366ab5-4121-477e-a26c-d2501b464c4e,CommLayer/Messages/AvalancheMessages$Message$TopologyMessage$Node$Builder.java,clone,->,67366ab5-4121-477e-a26c-d2501b464c4e,CommLayer/Messages/AvalancheMessages$Message$TopologyMessage$Node$Builder.java,clone
67366ab5-4121-477e-a26c-d2501b464c4e,CommLayer/Messages/AvalancheMessages$Message$TopologyMessage$Node$Builder.java,mergeFrom,->,67366ab5-4121-477e-a26c-d2501b464c4e,CommLayer/Messages/AvalancheMessages$Message$TopologyMessage$Node$Builder.java,mergeFrom
67366ab5-4121-477e-a26c-d2501b464c4e,CommLayer/Messages/AvalancheMessages$Message$TopologyMessage$Node$Builder.java,clone,->,67366ab5-4121-477e-a26c-d2501b464c4e,CommLayer/Messages/AvalancheMessages$Message$TopologyMessage$Node$Builder.java,clone
67366ab5-4121-477e-a26c-d2501b464c4e,CommLayer/Messages/AvalancheMessages$Message$TopologyMessage$Node$Builder.java,buildPartial,->,67366ab5-4121-477e-a26c-d2501b464c4e,CommLayer/Messages/AvalancheMessages$Message$TopologyMessage$Node$Builder.java,buildPartial
67366ab5-4121-477e-a26c-d2501b464c4e,CommLayer/Messages/AvalancheMessages$Message$TopologyMessage$Node$Builder.java,build,->,67366ab5-4121-477e-a26c-d2501b464c4e,CommLayer/Messages/AvalancheMessages$Message$TopologyMessage$Node$Builder.java,build
67366ab5-4121-477e-a26c-d2501b464c4e,CommLayer/Messages/AvalancheMessages$Message$TopologyMessage$Node$Builder.java,mergeFrom,->,67366ab5-4121-477e-a26c-d2501b464c4e,CommLayer/Messages/AvalancheMessages$Message$TopologyMessage$Node$Builder.java,mergeFrom
67366ab5-4121-477e-a26c-d2501b464c4e,CommLayer/Messages/AvalancheMessages$Message$TopologyMessage$Node$Builder.java,clear,->,67366ab5-4121-477e-a26c-d2501b464c4e,CommLayer/Messages/AvalancheMessages$Message$TopologyMessage$Node$Builder.java,clear
67366ab5-4121-477e-a26c-d2501b464c4e,CommLayer/Messages/AvalancheMessages$Message$TopologyMessage$Node$Builder.java,mergeFrom,->,67366ab5-4121-477e-a26c-d2501b464c4e,CommLayer/Messages/AvalancheMessages$Message$TopologyMessage$Node$Builder.java,mergeFrom
67366ab5-4121-477e-a26c-d2501b464c4e,CommLayer/Messages/AvalancheMessages$Message$TopologyMessage$Node$Builder.java,clone,->,67366ab5-4121-477e-a26c-d2501b464c4e,CommLayer/Messages/AvalancheMessages$Message$TopologyMessage$Node$Builder.java,clone
67366ab5-4121-477e-a26c-d2501b464c4e,CommLayer/Messages/AvalancheMessages$Message$TopologyMessage$Node$Builder.java,buildPartial,->,67366ab5-4121-477e-a26c-d2501b464c4e,CommLayer/Messages/AvalancheMessages$Message$TopologyMessage$Node$Builder.java,buildPartial
67366ab5-4121-477e-a26c-d2501b464c4e,CommLayer/Messages/AvalancheMessages$Message$TopologyMessage$Node$Builder.java,build,->,67366ab5-4121-477e-a26c-d2501b464c4e,CommLayer/Messages/AvalancheMessages$Message$TopologyMessage$Node$Builder.java,build
67366ab5-4121-477e-a26c-d2501b464c4e,CommLayer/Messages/AvalancheMessages$Message$TopologyMessage$Node$Builder.java,clear,->,67366ab5-4121-477e-a26c-d2501b464c4e,CommLayer/Messages/AvalancheMessages$Message$TopologyMessage$Node$Builder.java,clear
67366ab5-4121-477e-a26c-d2501b464c4e,CommLayer/Messages/AvalancheMessages$Message$TopologyMessage$Node$Builder.java,getDefaultInstanceForType,->,67366ab5-4121-477e-a26c-d2501b464c4e,CommLayer/Messages/AvalancheMessages$Message$TopologyMessage$Node$Builder.java,getDefaultInstanceForType
67366ab5-4121-477e-a26c-d2501b464c4e,CommLayer/Messages/AvalancheMessages$Message$TopologyMessage$Node$Builder.java,getDefaultInstanceForType,->,67366ab5-4121-477e-a26c-d2501b464c4e,CommLayer/Messages/AvalancheMessages$Message$TopologyMessage$Node$Builder.java,getDefaultInstanceForType
67366ab5-4121-477e-a26c-d2501b464c4e,CommLayer/Messages/AvalancheMessages$Message$TopologyMessage$Node$Builder.java,mergeFrom,->,67366ab5-4121-477e-a26c-d2501b464c4e,CommLayer/Messages/AvalancheMessages$Message$TopologyMessage$Node$Builder.java,mergeFrom
67366ab5-4121-477e-a26c-d2501b464c4e,CommLayer/Messages/AvalancheMessages$Message$TopologyMessage$Node$Builder.java,clone,->,67366ab5-4121-477e-a26c-d2501b464c4e,CommLayer/Messages/AvalancheMessages$Message$TopologyMessage$Node$Builder.java,clone
67366ab5-4121-477e-a26c-d2501b464c4e,CommLayer/Messages/AvalancheMessages$Message$TopologyMessage$Node$Builder.java,clone,->,67366ab5-4121-477e-a26c-d2501b464c4e,CommLayer/Messages/AvalancheMessages$Message$TopologyMessage$Node$Builder.java,clone
67366ab5-4121-477e-a26c-d2501b464c4e,CommLayer/Messages/AvalancheMessages$Message$TopologyMessage$Node$Builder.java,access$16100,->,67366ab5-4121-477e-a26c-d2501b464c4e,CommLayer/Messages/AvalancheMessages$Message$TopologyMessage$Node$Builder.java,create
67366ab5-4121-477e-a26c-d2501b464c4e,CommLayer/Messages/AvalancheMessages$Message$DataManagerMessage$DataSourceResponseMessage$1.java,parsePartialFrom,->,67366ab5-4121-477e-a26c-d2501b464c4e,CommLayer/Messages/AvalancheMessages$Message$DataManagerMessage$DataSourceResponseMessage$1.java,parsePartialFrom
67366ab5-4121-477e-a26c-d2501b464c4e,CommLayer/Messages/AvalancheMessages$Message$TaskInitMessage$1.java,parsePartialFrom,->,67366ab5-4121-477e-a26c-d2501b464c4e,CommLayer/Messages/AvalancheMessages$Message$TaskInitMessage$1.java,parsePartialFrom
67366ab5-4121-477e-a26c-d2501b464c4e,CommLayer/Messages/AvalancheMessages$Message$DataManagerMessage$DataCopyCompleteMessage.java,getDescriptor,->,67366ab5-4121-477e-a26c-d2501b464c4e,CommLayer/Messages/AvalancheMessages.java,access$13400
67366ab5-4121-477e-a26c-d2501b464c4e,CommLayer/Messages/AvalancheMessages$Message$DataManagerMessage$DataCopyCompleteMessage.java,internalGetFieldAccessorTable,->,67366ab5-4121-477e-a26c-d2501b464c4e,CommLayer/Messages/AvalancheMessages.java,access$13500
67366ab5-4121-477e-a26c-d2501b464c4e,CommLayer/Messages/AvalancheMessages$Message$DataManagerMessage$DataCopyCompleteMessage.java,internalGetFieldAccessorTable,->,67366ab5-4121-477e-a26c-d2501b464c4e,com/google/protobuf/GeneratedMessage$FieldAccessorTable.java,ensureFieldAccessorsInitialized
67366ab5-4121-477e-a26c-d2501b464c4e,CommLayer/Messages/AvalancheMessages$Message$DataManagerMessage$DataCopyCompleteMessage.java,getTaskId,->,67366ab5-4121-477e-a26c-d2501b464c4e,com/google/protobuf/ByteString.java,toStringUtf8
67366ab5-4121-477e-a26c-d2501b464c4e,CommLayer/Messages/AvalancheMessages$Message$DataManagerMessage$DataCopyCompleteMessage.java,getTaskId,->,67366ab5-4121-477e-a26c-d2501b464c4e,com/google/protobuf/ByteString.java,isValidUtf8
67366ab5-4121-477e-a26c-d2501b464c4e,CommLayer/Messages/AvalancheMessages$Message$DataManagerMessage$DataCopyCompleteMessage.java,getTaskIdBytes,->,67366ab5-4121-477e-a26c-d2501b464c4e,com/google/protobuf/ByteString.java,copyFromUtf8
67366ab5-4121-477e-a26c-d2501b464c4e,CommLayer/Messages/AvalancheMessages$Message$DataManagerMessage$DataCopyCompleteMessage.java,initFields,->,67366ab5-4121-477e-a26c-d2501b464c4e,CommLayer/Messages/AvalancheMessages$Message$Location.java,getDefaultInstance
67366ab5-4121-477e-a26c-d2501b464c4e,CommLayer/Messages/AvalancheMessages$Message$DataManagerMessage$DataCopyCompleteMessage.java,writeTo,->,67366ab5-4121-477e-a26c-d2501b464c4e,CommLayer/Messages/AvalancheMessages$Message$DataManagerMessage$DataCopyCompleteMessage.java,getSerializedSize
67366ab5-4121-477e-a26c-d2501b464c4e,CommLayer/Messages/AvalancheMessages$Message$DataManagerMessage$DataCopyCompleteMessage.java,writeTo,->,67366ab5-4121-477e-a26c-d2501b464c4e,CommLayer/Messages/AvalancheMessages$Message$DataManagerMessage$DataCopyCompleteMessage.java,getTaskIdBytes
67366ab5-4121-477e-a26c-d2501b464c4e,CommLayer/Messages/AvalancheMessages$Message$DataManagerMessage$DataCopyCompleteMessage.java,writeTo,->,67366ab5-4121-477e-a26c-d2501b464c4e,com/google/protobuf/CodedOutputStream.java,writeBytes
67366ab5-4121-477e-a26c-d2501b464c4e,CommLayer/Messages/AvalancheMessages$Message$DataManagerMessage$DataCopyCompleteMessage.java,writeTo,->,67366ab5-4121-477e-a26c-d2501b464c4e,com/google/protobuf/CodedOutputStream.java,writeMessage
67366ab5-4121-477e-a26c-d2501b464c4e,CommLayer/Messages/AvalancheMessages$Message$DataManagerMessage$DataCopyCompleteMessage.java,writeTo,->,67366ab5-4121-477e-a26c-d2501b464c4e,CommLayer/Messages/AvalancheMessages$Message$DataManagerMessage$DataCopyCompleteMessage.java,getUnknownFields
67366ab5-4121-477e-a26c-d2501b464c4e,CommLayer/Messages/AvalancheMessages$Message$DataManagerMessage$DataCopyCompleteMessage.java,writeTo,->,67366ab5-4121-477e-a26c-d2501b464c4e,com/google/protobuf/UnknownFieldSet.java,writeTo
67366ab5-4121-477e-a26c-d2501b464c4e,CommLayer/Messages/AvalancheMessages$Message$DataManagerMessage$DataCopyCompleteMessage.java,getSerializedSize,->,67366ab5-4121-477e-a26c-d2501b464c4e,CommLayer/Messages/AvalancheMessages$Message$DataManagerMessage$DataCopyCompleteMessage.java,getTaskIdBytes
67366ab5-4121-477e-a26c-d2501b464c4e,CommLayer/Messages/AvalancheMessages$Message$DataManagerMessage$DataCopyCompleteMessage.java,getSerializedSize,->,67366ab5-4121-477e-a26c-d2501b464c4e,com/google/protobuf/CodedOutputStream.java,computeBytesSize
67366ab5-4121-477e-a26c-d2501b464c4e,CommLayer/Messages/AvalancheMessages$Message$DataManagerMessage$DataCopyCompleteMessage.java,getSerializedSize,->,67366ab5-4121-477e-a26c-d2501b464c4e,com/google/protobuf/CodedOutputStream.java,computeMessageSize
67366ab5-4121-477e-a26c-d2501b464c4e,CommLayer/Messages/AvalancheMessages$Message$DataManagerMessage$DataCopyCompleteMessage.java,getSerializedSize,->,67366ab5-4121-477e-a26c-d2501b464c4e,CommLayer/Messages/AvalancheMessages$Message$DataManagerMessage$DataCopyCompleteMessage.java,getUnknownFields
67366ab5-4121-477e-a26c-d2501b464c4e,CommLayer/Messages/AvalancheMessages$Message$DataManagerMessage$DataCopyCompleteMessage.java,getSerializedSize,->,67366ab5-4121-477e-a26c-d2501b464c4e,com/google/protobuf/UnknownFieldSet.java,getSerializedSize
67366ab5-4121-477e-a26c-d2501b464c4e,CommLayer/Messages/AvalancheMessages$Message$DataManagerMessage$DataCopyCompleteMessage.java,writeReplace,->,67366ab5-4121-477e-a26c-d2501b464c4e,com/google/protobuf/GeneratedMessage.java,writeReplace
67366ab5-4121-477e-a26c-d2501b464c4e,CommLayer/Messages/AvalancheMessages$Message$DataManagerMessage$DataCopyCompleteMessage.java,parseFrom,->,67366ab5-4121-477e-a26c-d2501b464c4e,com/google/protobuf/Parser.java,parseFrom
67366ab5-4121-477e-a26c-d2501b464c4e,CommLayer/Messages/AvalancheMessages$Message$DataManagerMessage$DataCopyCompleteMessage.java,parseFrom,->,67366ab5-4121-477e-a26c-d2501b464c4e,com/google/protobuf/Parser.java,parseFrom
67366ab5-4121-477e-a26c-d2501b464c4e,CommLayer/Messages/AvalancheMessages$Message$DataManagerMessage$DataCopyCompleteMessage.java,parseFrom,->,67366ab5-4121-477e-a26c-d2501b464c4e,com/google/protobuf/Parser.java,parseFrom
67366ab5-4121-477e-a26c-d2501b464c4e,CommLayer/Messages/AvalancheMessages$Message$DataManagerMessage$DataCopyCompleteMessage.java,parseFrom,->,67366ab5-4121-477e-a26c-d2501b464c4e,com/google/protobuf/Parser.java,parseFrom
67366ab5-4121-477e-a26c-d2501b464c4e,CommLayer/Messages/AvalancheMessages$Message$DataManagerMessage$DataCopyCompleteMessage.java,parseFrom,->,67366ab5-4121-477e-a26c-d2501b464c4e,com/google/protobuf/Parser.java,parseFrom
67366ab5-4121-477e-a26c-d2501b464c4e,CommLayer/Messages/AvalancheMessages$Message$DataManagerMessage$DataCopyCompleteMessage.java,parseFrom,->,67366ab5-4121-477e-a26c-d2501b464c4e,com/google/protobuf/Parser.java,parseFrom
67366ab5-4121-477e-a26c-d2501b464c4e,CommLayer/Messages/AvalancheMessages$Message$DataManagerMessage$DataCopyCompleteMessage.java,parseDelimitedFrom,->,67366ab5-4121-477e-a26c-d2501b464c4e,com/google/protobuf/Parser.java,parseDelimitedFrom
67366ab5-4121-477e-a26c-d2501b464c4e,CommLayer/Messages/AvalancheMessages$Message$DataManagerMessage$DataCopyCompleteMessage.java,parseDelimitedFrom,->,67366ab5-4121-477e-a26c-d2501b464c4e,com/google/protobuf/Parser.java,parseDelimitedFrom
67366ab5-4121-477e-a26c-d2501b464c4e,CommLayer/Messages/AvalancheMessages$Message$DataManagerMessage$DataCopyCompleteMessage.java,parseFrom,->,67366ab5-4121-477e-a26c-d2501b464c4e,com/google/protobuf/Parser.java,parseFrom
67366ab5-4121-477e-a26c-d2501b464c4e,CommLayer/Messages/AvalancheMessages$Message$DataManagerMessage$DataCopyCompleteMessage.java,parseFrom,->,67366ab5-4121-477e-a26c-d2501b464c4e,com/google/protobuf/Parser.java,parseFrom
67366ab5-4121-477e-a26c-d2501b464c4e,CommLayer/Messages/AvalancheMessages$Message$DataManagerMessage$DataCopyCompleteMessage.java,newBuilder,->,67366ab5-4121-477e-a26c-d2501b464c4e,CommLayer/Messages/AvalancheMessages$Message$DataManagerMessage$DataCopyCompleteMessage$Builder.java,access$13700
67366ab5-4121-477e-a26c-d2501b464c4e,CommLayer/Messages/AvalancheMessages$Message$DataManagerMessage$DataCopyCompleteMessage.java,newBuilderForType,->,67366ab5-4121-477e-a26c-d2501b464c4e,CommLayer/Messages/AvalancheMessages$Message$DataManagerMessage$DataCopyCompleteMessage.java,newBuilder
67366ab5-4121-477e-a26c-d2501b464c4e,CommLayer/Messages/AvalancheMessages$Message$DataManagerMessage$DataCopyCompleteMessage.java,newBuilder,->,67366ab5-4121-477e-a26c-d2501b464c4e,CommLayer/Messages/AvalancheMessages$Message$DataManagerMessage$DataCopyCompleteMessage.java,newBuilder
67366ab5-4121-477e-a26c-d2501b464c4e,CommLayer/Messages/AvalancheMessages$Message$DataManagerMessage$DataCopyCompleteMessage.java,newBuilder,->,67366ab5-4121-477e-a26c-d2501b464c4e,CommLayer/Messages/AvalancheMessages$Message$DataManagerMessage$DataCopyCompleteMessage$Builder.java,mergeFrom
67366ab5-4121-477e-a26c-d2501b464c4e,CommLayer/Messages/AvalancheMessages$Message$DataManagerMessage$DataCopyCompleteMessage.java,toBuilder,->,67366ab5-4121-477e-a26c-d2501b464c4e,CommLayer/Messages/AvalancheMessages$Message$DataManagerMessage$DataCopyCompleteMessage.java,newBuilder
67366ab5-4121-477e-a26c-d2501b464c4e,CommLayer/Messages/AvalancheMessages$Message$DataManagerMessage$DataCopyCompleteMessage.java,newBuilderForType,->,67366ab5-4121-477e-a26c-d2501b464c4e,CommLayer/Messages/AvalancheMessages$Message$DataManagerMessage$DataCopyCompleteMessage.java,newBuilderForType
67366ab5-4121-477e-a26c-d2501b464c4e,CommLayer/Messages/AvalancheMessages$Message$DataManagerMessage$DataCopyCompleteMessage.java,toBuilder,->,67366ab5-4121-477e-a26c-d2501b464c4e,CommLayer/Messages/AvalancheMessages$Message$DataManagerMessage$DataCopyCompleteMessage.java,toBuilder
67366ab5-4121-477e-a26c-d2501b464c4e,CommLayer/Messages/AvalancheMessages$Message$DataManagerMessage$DataCopyCompleteMessage.java,newBuilderForType,->,67366ab5-4121-477e-a26c-d2501b464c4e,CommLayer/Messages/AvalancheMessages$Message$DataManagerMessage$DataCopyCompleteMessage.java,newBuilderForType
67366ab5-4121-477e-a26c-d2501b464c4e,CommLayer/Messages/AvalancheMessages$Message$DataManagerMessage$DataCopyCompleteMessage.java,toBuilder,->,67366ab5-4121-477e-a26c-d2501b464c4e,CommLayer/Messages/AvalancheMessages$Message$DataManagerMessage$DataCopyCompleteMessage.java,toBuilder
67366ab5-4121-477e-a26c-d2501b464c4e,CommLayer/Messages/AvalancheMessages$Message$DataManagerMessage$DataCopyCompleteMessage.java,newBuilderForType,->,67366ab5-4121-477e-a26c-d2501b464c4e,CommLayer/Messages/AvalancheMessages$Message$DataManagerMessage$DataCopyCompleteMessage.java,newBuilderForType
67366ab5-4121-477e-a26c-d2501b464c4e,CommLayer/Messages/AvalancheMessages$Message$DataManagerMessage$DataCopyCompleteMessage.java,getDefaultInstanceForType,->,67366ab5-4121-477e-a26c-d2501b464c4e,CommLayer/Messages/AvalancheMessages$Message$DataManagerMessage$DataCopyCompleteMessage.java,getDefaultInstanceForType
67366ab5-4121-477e-a26c-d2501b464c4e,CommLayer/Messages/AvalancheMessages$Message$DataManagerMessage$DataCopyCompleteMessage.java,getDefaultInstanceForType,->,67366ab5-4121-477e-a26c-d2501b464c4e,CommLayer/Messages/AvalancheMessages$Message$DataManagerMessage$DataCopyCompleteMessage.java,getDefaultInstanceForType
67366ab5-4121-477e-a26c-d2501b464c4e,CommLayer/Messages/AvalancheMessages$Message$DataManagerMessage$DataCopyCompleteMessage.java,<clinit>,->,67366ab5-4121-477e-a26c-d2501b464c4e,CommLayer/Messages/AvalancheMessages$Message$DataManagerMessage$DataCopyCompleteMessage.java,initFields
67366ab5-4121-477e-a26c-d2501b464c4e,CommLayer/Messages/AvalancheMessages$Message$DataManagerMessage$DataCopyCompleteMessage$Builder.java,getDescriptor,->,67366ab5-4121-477e-a26c-d2501b464c4e,CommLayer/Messages/AvalancheMessages.java,access$13400
67366ab5-4121-477e-a26c-d2501b464c4e,CommLayer/Messages/AvalancheMessages$Message$DataManagerMessage$DataCopyCompleteMessage$Builder.java,internalGetFieldAccessorTable,->,67366ab5-4121-477e-a26c-d2501b464c4e,CommLayer/Messages/AvalancheMessages.java,access$13500
67366ab5-4121-477e-a26c-d2501b464c4e,CommLayer/Messages/AvalancheMessages$Message$DataManagerMessage$DataCopyCompleteMessage$Builder.java,internalGetFieldAccessorTable,->,67366ab5-4121-477e-a26c-d2501b464c4e,com/google/protobuf/GeneratedMessage$FieldAccessorTable.java,ensureFieldAccessorsInitialized
67366ab5-4121-477e-a26c-d2501b464c4e,CommLayer/Messages/AvalancheMessages$Message$DataManagerMessage$DataCopyCompleteMessage$Builder.java,maybeForceBuilderInitialization,->,67366ab5-4121-477e-a26c-d2501b464c4e,CommLayer/Messages/AvalancheMessages$Message$DataManagerMessage$DataCopyCompleteMessage.java,access$13900
67366ab5-4121-477e-a26c-d2501b464c4e,CommLayer/Messages/AvalancheMessages$Message$DataManagerMessage$DataCopyCompleteMessage$Builder.java,maybeForceBuilderInitialization,->,67366ab5-4121-477e-a26c-d2501b464c4e,CommLayer/Messages/AvalancheMessages$Message$DataManagerMessage$DataCopyCompleteMessage$Builder.java,getDataHandlerServiceLocationFieldBuilder
67366ab5-4121-477e-a26c-d2501b464c4e,CommLayer/Messages/AvalancheMessages$Message$DataManagerMessage$DataCopyCompleteMessage$Builder.java,clear,->,67366ab5-4121-477e-a26c-d2501b464c4e,com/google/protobuf/GeneratedMessage$Builder.java,clear
67366ab5-4121-477e-a26c-d2501b464c4e,CommLayer/Messages/AvalancheMessages$Message$DataManagerMessage$DataCopyCompleteMessage$Builder.java,clear,->,67366ab5-4121-477e-a26c-d2501b464c4e,CommLayer/Messages/AvalancheMessages$Message$Location.java,getDefaultInstance
67366ab5-4121-477e-a26c-d2501b464c4e,CommLayer/Messages/AvalancheMessages$Message$DataManagerMessage$DataCopyCompleteMessage$Builder.java,clear,->,67366ab5-4121-477e-a26c-d2501b464c4e,com/google/protobuf/SingleFieldBuilder.java,clear
67366ab5-4121-477e-a26c-d2501b464c4e,CommLayer/Messages/AvalancheMessages$Message$DataManagerMessage$DataCopyCompleteMessage$Builder.java,clone,->,67366ab5-4121-477e-a26c-d2501b464c4e,CommLayer/Messages/AvalancheMessages$Message$DataManagerMessage$DataCopyCompleteMessage$Builder.java,create
67366ab5-4121-477e-a26c-d2501b464c4e,CommLayer/Messages/AvalancheMessages$Message$DataManagerMessage$DataCopyCompleteMessage$Builder.java,clone,->,67366ab5-4121-477e-a26c-d2501b464c4e,CommLayer/Messages/AvalancheMessages$Message$DataManagerMessage$DataCopyCompleteMessage$Builder.java,buildPartial
67366ab5-4121-477e-a26c-d2501b464c4e,CommLayer/Messages/AvalancheMessages$Message$DataManagerMessage$DataCopyCompleteMessage$Builder.java,clone,->,67366ab5-4121-477e-a26c-d2501b464c4e,CommLayer/Messages/AvalancheMessages$Message$DataManagerMessage$DataCopyCompleteMessage$Builder.java,mergeFrom
67366ab5-4121-477e-a26c-d2501b464c4e,CommLayer/Messages/AvalancheMessages$Message$DataManagerMessage$DataCopyCompleteMessage$Builder.java,getDescriptorForType,->,67366ab5-4121-477e-a26c-d2501b464c4e,CommLayer/Messages/AvalancheMessages.java,access$13400
67366ab5-4121-477e-a26c-d2501b464c4e,CommLayer/Messages/AvalancheMessages$Message$DataManagerMessage$DataCopyCompleteMessage$Builder.java,getDefaultInstanceForType,->,67366ab5-4121-477e-a26c-d2501b464c4e,CommLayer/Messages/AvalancheMessages$Message$DataManagerMessage$DataCopyCompleteMessage.java,getDefaultInstance
67366ab5-4121-477e-a26c-d2501b464c4e,CommLayer/Messages/AvalancheMessages$Message$DataManagerMessage$DataCopyCompleteMessage$Builder.java,build,->,67366ab5-4121-477e-a26c-d2501b464c4e,CommLayer/Messages/AvalancheMessages$Message$DataManagerMessage$DataCopyCompleteMessage$Builder.java,buildPartial
67366ab5-4121-477e-a26c-d2501b464c4e,CommLayer/Messages/AvalancheMessages$Message$DataManagerMessage$DataCopyCompleteMessage$Builder.java,build,->,67366ab5-4121-477e-a26c-d2501b464c4e,CommLayer/Messages/AvalancheMessages$Message$DataManagerMessage$DataCopyCompleteMessage.java,isInitialized
67366ab5-4121-477e-a26c-d2501b464c4e,CommLayer/Messages/AvalancheMessages$Message$DataManagerMessage$DataCopyCompleteMessage$Builder.java,build,->,67366ab5-4121-477e-a26c-d2501b464c4e,CommLayer/Messages/AvalancheMessages$Message$DataManagerMessage$DataCopyCompleteMessage$Builder.java,newUninitializedMessageException
67366ab5-4121-477e-a26c-d2501b464c4e,CommLayer/Messages/AvalancheMessages$Message$DataManagerMessage$DataCopyCompleteMessage$Builder.java,buildPartial,->,67366ab5-4121-477e-a26c-d2501b464c4e,CommLayer/Messages/AvalancheMessages$Message$DataManagerMessage$DataCopyCompleteMessage.java,access$14102
67366ab5-4121-477e-a26c-d2501b464c4e,CommLayer/Messages/AvalancheMessages$Message$DataManagerMessage$DataCopyCompleteMessage$Builder.java,buildPartial,->,67366ab5-4121-477e-a26c-d2501b464c4e,CommLayer/Messages/AvalancheMessages$Message$DataManagerMessage$DataCopyCompleteMessage.java,access$14202
67366ab5-4121-477e-a26c-d2501b464c4e,CommLayer/Messages/AvalancheMessages$Message$DataManagerMessage$DataCopyCompleteMessage$Builder.java,buildPartial,->,67366ab5-4121-477e-a26c-d2501b464c4e,com/google/protobuf/SingleFieldBuilder.java,build
67366ab5-4121-477e-a26c-d2501b464c4e,CommLayer/Messages/AvalancheMessages$Message$DataManagerMessage$DataCopyCompleteMessage$Builder.java,buildPartial,->,67366ab5-4121-477e-a26c-d2501b464c4e,CommLayer/Messages/AvalancheMessages$Message$DataManagerMessage$DataCopyCompleteMessage.java,access$14202
67366ab5-4121-477e-a26c-d2501b464c4e,CommLayer/Messages/AvalancheMessages$Message$DataManagerMessage$DataCopyCompleteMessage$Builder.java,buildPartial,->,67366ab5-4121-477e-a26c-d2501b464c4e,CommLayer/Messages/AvalancheMessages$Message$DataManagerMessage$DataCopyCompleteMessage.java,access$14302
67366ab5-4121-477e-a26c-d2501b464c4e,CommLayer/Messages/AvalancheMessages$Message$DataManagerMessage$DataCopyCompleteMessage$Builder.java,buildPartial,->,67366ab5-4121-477e-a26c-d2501b464c4e,CommLayer/Messages/AvalancheMessages$Message$DataManagerMessage$DataCopyCompleteMessage$Builder.java,onBuilt
67366ab5-4121-477e-a26c-d2501b464c4e,CommLayer/Messages/AvalancheMessages$Message$DataManagerMessage$DataCopyCompleteMessage$Builder.java,mergeFrom,->,67366ab5-4121-477e-a26c-d2501b464c4e,CommLayer/Messages/AvalancheMessages$Message$DataManagerMessage$DataCopyCompleteMessage$Builder.java,mergeFrom
67366ab5-4121-477e-a26c-d2501b464c4e,CommLayer/Messages/AvalancheMessages$Message$DataManagerMessage$DataCopyCompleteMessage$Builder.java,mergeFrom,->,67366ab5-4121-477e-a26c-d2501b464c4e,com/google/protobuf/GeneratedMessage$Builder.java,mergeFrom
67366ab5-4121-477e-a26c-d2501b464c4e,CommLayer/Messages/AvalancheMessages$Message$DataManagerMessage$DataCopyCompleteMessage$Builder.java,mergeFrom,->,67366ab5-4121-477e-a26c-d2501b464c4e,CommLayer/Messages/AvalancheMessages$Message$DataManagerMessage$DataCopyCompleteMessage.java,getDefaultInstance
67366ab5-4121-477e-a26c-d2501b464c4e,CommLayer/Messages/AvalancheMessages$Message$DataManagerMessage$DataCopyCompleteMessage$Builder.java,mergeFrom,->,67366ab5-4121-477e-a26c-d2501b464c4e,CommLayer/Messages/AvalancheMessages$Message$DataManagerMessage$DataCopyCompleteMessage.java,hasTaskId
67366ab5-4121-477e-a26c-d2501b464c4e,CommLayer/Messages/AvalancheMessages$Message$DataManagerMessage$DataCopyCompleteMessage$Builder.java,mergeFrom,->,67366ab5-4121-477e-a26c-d2501b464c4e,CommLayer/Messages/AvalancheMessages$Message$DataManagerMessage$DataCopyCompleteMessage.java,access$14100
67366ab5-4121-477e-a26c-d2501b464c4e,CommLayer/Messages/AvalancheMessages$Message$DataManagerMessage$DataCopyCompleteMessage$Builder.java,mergeFrom,->,67366ab5-4121-477e-a26c-d2501b464c4e,CommLayer/Messages/AvalancheMessages$Message$DataManagerMessage$DataCopyCompleteMessage$Builder.java,onChanged
67366ab5-4121-477e-a26c-d2501b464c4e,CommLayer/Messages/AvalancheMessages$Message$DataManagerMessage$DataCopyCompleteMessage$Builder.java,mergeFrom,->,67366ab5-4121-477e-a26c-d2501b464c4e,CommLayer/Messages/AvalancheMessages$Message$DataManagerMessage$DataCopyCompleteMessage.java,hasDataHandlerServiceLocation
67366ab5-4121-477e-a26c-d2501b464c4e,CommLayer/Messages/AvalancheMessages$Message$DataManagerMessage$DataCopyCompleteMessage$Builder.java,mergeFrom,->,67366ab5-4121-477e-a26c-d2501b464c4e,CommLayer/Messages/AvalancheMessages$Message$DataManagerMessage$DataCopyCompleteMessage.java,getDataHandlerServiceLocation
67366ab5-4121-477e-a26c-d2501b464c4e,CommLayer/Messages/AvalancheMessages$Message$DataManagerMessage$DataCopyCompleteMessage$Builder.java,mergeFrom,->,67366ab5-4121-477e-a26c-d2501b464c4e,CommLayer/Messages/AvalancheMessages$Message$DataManagerMessage$DataCopyCompleteMessage$Builder.java,mergeDataHandlerServiceLocation
67366ab5-4121-477e-a26c-d2501b464c4e,CommLayer/Messages/AvalancheMessages$Message$DataManagerMessage$DataCopyCompleteMessage$Builder.java,mergeFrom,->,67366ab5-4121-477e-a26c-d2501b464c4e,CommLayer/Messages/AvalancheMessages$Message$DataManagerMessage$DataCopyCompleteMessage.java,getUnknownFields
67366ab5-4121-477e-a26c-d2501b464c4e,CommLayer/Messages/AvalancheMessages$Message$DataManagerMessage$DataCopyCompleteMessage$Builder.java,mergeFrom,->,67366ab5-4121-477e-a26c-d2501b464c4e,CommLayer/Messages/AvalancheMessages$Message$DataManagerMessage$DataCopyCompleteMessage$Builder.java,mergeUnknownFields
67366ab5-4121-477e-a26c-d2501b464c4e,CommLayer/Messages/AvalancheMessages$Message$DataManagerMessage$DataCopyCompleteMessage$Builder.java,mergeFrom,->,67366ab5-4121-477e-a26c-d2501b464c4e,com/google/protobuf/Parser.java,parsePartialFrom
67366ab5-4121-477e-a26c-d2501b464c4e,CommLayer/Messages/AvalancheMessages$Message$DataManagerMessage$DataCopyCompleteMessage$Builder.java,mergeFrom,->,67366ab5-4121-477e-a26c-d2501b464c4e,CommLayer/Messages/AvalancheMessages$Message$DataManagerMessage$DataCopyCompleteMessage$Builder.java,mergeFrom
67366ab5-4121-477e-a26c-d2501b464c4e,CommLayer/Messages/AvalancheMessages$Message$DataManagerMessage$DataCopyCompleteMessage$Builder.java,mergeFrom,->,67366ab5-4121-477e-a26c-d2501b464c4e,com/google/protobuf/InvalidProtocolBufferException.java,getUnfinishedMessage
67366ab5-4121-477e-a26c-d2501b464c4e,CommLayer/Messages/AvalancheMessages$Message$DataManagerMessage$DataCopyCompleteMessage$Builder.java,mergeFrom,->,67366ab5-4121-477e-a26c-d2501b464c4e,CommLayer/Messages/AvalancheMessages$Message$DataManagerMessage$DataCopyCompleteMessage$Builder.java,mergeFrom
67366ab5-4121-477e-a26c-d2501b464c4e,CommLayer/Messages/AvalancheMessages$Message$DataManagerMessage$DataCopyCompleteMessage$Builder.java,getTaskId,->,67366ab5-4121-477e-a26c-d2501b464c4e,com/google/protobuf/ByteString.java,toStringUtf8
67366ab5-4121-477e-a26c-d2501b464c4e,CommLayer/Messages/AvalancheMessages$Message$DataManagerMessage$DataCopyCompleteMessage$Builder.java,getTaskIdBytes,->,67366ab5-4121-477e-a26c-d2501b464c4e,com/google/protobuf/ByteString.java,copyFromUtf8
67366ab5-4121-477e-a26c-d2501b464c4e,CommLayer/Messages/AvalancheMessages$Message$DataManagerMessage$DataCopyCompleteMessage$Builder.java,setTaskId,->,67366ab5-4121-477e-a26c-d2501b464c4e,CommLayer/Messages/AvalancheMessages$Message$DataManagerMessage$DataCopyCompleteMessage$Builder.java,onChanged
67366ab5-4121-477e-a26c-d2501b464c4e,CommLayer/Messages/AvalancheMessages$Message$DataManagerMessage$DataCopyCompleteMessage$Builder.java,clearTaskId,->,67366ab5-4121-477e-a26c-d2501b464c4e,CommLayer/Messages/AvalancheMessages$Message$DataManagerMessage$DataCopyCompleteMessage.java,getDefaultInstance
67366ab5-4121-477e-a26c-d2501b464c4e,CommLayer/Messages/AvalancheMessages$Message$DataManagerMessage$DataCopyCompleteMessage$Builder.java,clearTaskId,->,67366ab5-4121-477e-a26c-d2501b464c4e,CommLayer/Messages/AvalancheMessages$Message$DataManagerMessage$DataCopyCompleteMessage.java,getTaskId
67366ab5-4121-477e-a26c-d2501b464c4e,CommLayer/Messages/AvalancheMessages$Message$DataManagerMessage$DataCopyCompleteMessage$Builder.java,clearTaskId,->,67366ab5-4121-477e-a26c-d2501b464c4e,CommLayer/Messages/AvalancheMessages$Message$DataManagerMessage$DataCopyCompleteMessage$Builder.java,onChanged
67366ab5-4121-477e-a26c-d2501b464c4e,CommLayer/Messages/AvalancheMessages$Message$DataManagerMessage$DataCopyCompleteMessage$Builder.java,setTaskIdBytes,->,67366ab5-4121-477e-a26c-d2501b464c4e,CommLayer/Messages/AvalancheMessages$Message$DataManagerMessage$DataCopyCompleteMessage$Builder.java,onChanged
67366ab5-4121-477e-a26c-d2501b464c4e,CommLayer/Messages/AvalancheMessages$Message$DataManagerMessage$DataCopyCompleteMessage$Builder.java,getDataHandlerServiceLocation,->,67366ab5-4121-477e-a26c-d2501b464c4e,com/google/protobuf/SingleFieldBuilder.java,getMessage
67366ab5-4121-477e-a26c-d2501b464c4e,CommLayer/Messages/AvalancheMessages$Message$DataManagerMessage$DataCopyCompleteMessage$Builder.java,setDataHandlerServiceLocation,->,67366ab5-4121-477e-a26c-d2501b464c4e,CommLayer/Messages/AvalancheMessages$Message$DataManagerMessage$DataCopyCompleteMessage$Builder.java,onChanged
67366ab5-4121-477e-a26c-d2501b464c4e,CommLayer/Messages/AvalancheMessages$Message$DataManagerMessage$DataCopyCompleteMessage$Builder.java,setDataHandlerServiceLocation,->,67366ab5-4121-477e-a26c-d2501b464c4e,com/google/protobuf/SingleFieldBuilder.java,setMessage
67366ab5-4121-477e-a26c-d2501b464c4e,CommLayer/Messages/AvalancheMessages$Message$DataManagerMessage$DataCopyCompleteMessage$Builder.java,setDataHandlerServiceLocation,->,67366ab5-4121-477e-a26c-d2501b464c4e,CommLayer/Messages/AvalancheMessages$Message$Location$Builder.java,build
67366ab5-4121-477e-a26c-d2501b464c4e,CommLayer/Messages/AvalancheMessages$Message$DataManagerMessage$DataCopyCompleteMessage$Builder.java,setDataHandlerServiceLocation,->,67366ab5-4121-477e-a26c-d2501b464c4e,CommLayer/Messages/AvalancheMessages$Message$DataManagerMessage$DataCopyCompleteMessage$Builder.java,onChanged
67366ab5-4121-477e-a26c-d2501b464c4e,CommLayer/Messages/AvalancheMessages$Message$DataManagerMessage$DataCopyCompleteMessage$Builder.java,setDataHandlerServiceLocation,->,67366ab5-4121-477e-a26c-d2501b464c4e,CommLayer/Messages/AvalancheMessages$Message$Location$Builder.java,build
67366ab5-4121-477e-a26c-d2501b464c4e,CommLayer/Messages/AvalancheMessages$Message$DataManagerMessage$DataCopyCompleteMessage$Builder.java,setDataHandlerServiceLocation,->,67366ab5-4121-477e-a26c-d2501b464c4e,com/google/protobuf/SingleFieldBuilder.java,setMessage
67366ab5-4121-477e-a26c-d2501b464c4e,CommLayer/Messages/AvalancheMessages$Message$DataManagerMessage$DataCopyCompleteMessage$Builder.java,mergeDataHandlerServiceLocation,->,67366ab5-4121-477e-a26c-d2501b464c4e,CommLayer/Messages/AvalancheMessages$Message$Location.java,getDefaultInstance
67366ab5-4121-477e-a26c-d2501b464c4e,CommLayer/Messages/AvalancheMessages$Message$DataManagerMessage$DataCopyCompleteMessage$Builder.java,mergeDataHandlerServiceLocation,->,67366ab5-4121-477e-a26c-d2501b464c4e,CommLayer/Messages/AvalancheMessages$Message$Location.java,newBuilder
67366ab5-4121-477e-a26c-d2501b464c4e,CommLayer/Messages/AvalancheMessages$Message$DataManagerMessage$DataCopyCompleteMessage$Builder.java,mergeDataHandlerServiceLocation,->,67366ab5-4121-477e-a26c-d2501b464c4e,CommLayer/Messages/AvalancheMessages$Message$Location$Builder.java,mergeFrom
67366ab5-4121-477e-a26c-d2501b464c4e,CommLayer/Messages/AvalancheMessages$Message$DataManagerMessage$DataCopyCompleteMessage$Builder.java,mergeDataHandlerServiceLocation,->,67366ab5-4121-477e-a26c-d2501b464c4e,CommLayer/Messages/AvalancheMessages$Message$Location$Builder.java,buildPartial
67366ab5-4121-477e-a26c-d2501b464c4e,CommLayer/Messages/AvalancheMessages$Message$DataManagerMessage$DataCopyCompleteMessage$Builder.java,mergeDataHandlerServiceLocation,->,67366ab5-4121-477e-a26c-d2501b464c4e,CommLayer/Messages/AvalancheMessages$Message$DataManagerMessage$DataCopyCompleteMessage$Builder.java,onChanged
67366ab5-4121-477e-a26c-d2501b464c4e,CommLayer/Messages/AvalancheMessages$Message$DataManagerMessage$DataCopyCompleteMessage$Builder.java,mergeDataHandlerServiceLocation,->,67366ab5-4121-477e-a26c-d2501b464c4e,com/google/protobuf/SingleFieldBuilder.java,mergeFrom
67366ab5-4121-477e-a26c-d2501b464c4e,CommLayer/Messages/AvalancheMessages$Message$DataManagerMessage$DataCopyCompleteMessage$Builder.java,clearDataHandlerServiceLocation,->,67366ab5-4121-477e-a26c-d2501b464c4e,CommLayer/Messages/AvalancheMessages$Message$Location.java,getDefaultInstance
67366ab5-4121-477e-a26c-d2501b464c4e,CommLayer/Messages/AvalancheMessages$Message$DataManagerMessage$DataCopyCompleteMessage$Builder.java,clearDataHandlerServiceLocation,->,67366ab5-4121-477e-a26c-d2501b464c4e,CommLayer/Messages/AvalancheMessages$Message$DataManagerMessage$DataCopyCompleteMessage$Builder.java,onChanged
67366ab5-4121-477e-a26c-d2501b464c4e,CommLayer/Messages/AvalancheMessages$Message$DataManagerMessage$DataCopyCompleteMessage$Builder.java,clearDataHandlerServiceLocation,->,67366ab5-4121-477e-a26c-d2501b464c4e,com/google/protobuf/SingleFieldBuilder.java,clear
67366ab5-4121-477e-a26c-d2501b464c4e,CommLayer/Messages/AvalancheMessages$Message$DataManagerMessage$DataCopyCompleteMessage$Builder.java,getDataHandlerServiceLocationBuilder,->,67366ab5-4121-477e-a26c-d2501b464c4e,CommLayer/Messages/AvalancheMessages$Message$DataManagerMessage$DataCopyCompleteMessage$Builder.java,onChanged
67366ab5-4121-477e-a26c-d2501b464c4e,CommLayer/Messages/AvalancheMessages$Message$DataManagerMessage$DataCopyCompleteMessage$Builder.java,getDataHandlerServiceLocationBuilder,->,67366ab5-4121-477e-a26c-d2501b464c4e,CommLayer/Messages/AvalancheMessages$Message$DataManagerMessage$DataCopyCompleteMessage$Builder.java,getDataHandlerServiceLocationFieldBuilder
67366ab5-4121-477e-a26c-d2501b464c4e,CommLayer/Messages/AvalancheMessages$Message$DataManagerMessage$DataCopyCompleteMessage$Builder.java,getDataHandlerServiceLocationBuilder,->,67366ab5-4121-477e-a26c-d2501b464c4e,com/google/protobuf/SingleFieldBuilder.java,getBuilder
67366ab5-4121-477e-a26c-d2501b464c4e,CommLayer/Messages/AvalancheMessages$Message$DataManagerMessage$DataCopyCompleteMessage$Builder.java,getDataHandlerServiceLocationOrBuilder,->,67366ab5-4121-477e-a26c-d2501b464c4e,com/google/protobuf/SingleFieldBuilder.java,getMessageOrBuilder
67366ab5-4121-477e-a26c-d2501b464c4e,CommLayer/Messages/AvalancheMessages$Message$DataManagerMessage$DataCopyCompleteMessage$Builder.java,getDataHandlerServiceLocationFieldBuilder,->,67366ab5-4121-477e-a26c-d2501b464c4e,CommLayer/Messages/AvalancheMessages$Message$DataManagerMessage$DataCopyCompleteMessage$Builder.java,getParentForChildren
67366ab5-4121-477e-a26c-d2501b464c4e,CommLayer/Messages/AvalancheMessages$Message$DataManagerMessage$DataCopyCompleteMessage$Builder.java,getDataHandlerServiceLocationFieldBuilder,->,67366ab5-4121-477e-a26c-d2501b464c4e,CommLayer/Messages/AvalancheMessages$Message$DataManagerMessage$DataCopyCompleteMessage$Builder.java,isClean
67366ab5-4121-477e-a26c-d2501b464c4e,CommLayer/Messages/AvalancheMessages$Message$DataManagerMessage$DataCopyCompleteMessage$Builder.java,clear,->,67366ab5-4121-477e-a26c-d2501b464c4e,CommLayer/Messages/AvalancheMessages$Message$DataManagerMessage$DataCopyCompleteMessage$Builder.java,clear
67366ab5-4121-477e-a26c-d2501b464c4e,CommLayer/Messages/AvalancheMessages$Message$DataManagerMessage$DataCopyCompleteMessage$Builder.java,clone,->,67366ab5-4121-477e-a26c-d2501b464c4e,CommLayer/Messages/AvalancheMessages$Message$DataManagerMessage$DataCopyCompleteMessage$Builder.java,clone
67366ab5-4121-477e-a26c-d2501b464c4e,CommLayer/Messages/AvalancheMessages$Message$DataManagerMessage$DataCopyCompleteMessage$Builder.java,mergeFrom,->,67366ab5-4121-477e-a26c-d2501b464c4e,CommLayer/Messages/AvalancheMessages$Message$DataManagerMessage$DataCopyCompleteMessage$Builder.java,mergeFrom
67366ab5-4121-477e-a26c-d2501b464c4e,CommLayer/Messages/AvalancheMessages$Message$DataManagerMessage$DataCopyCompleteMessage$Builder.java,mergeFrom,->,67366ab5-4121-477e-a26c-d2501b464c4e,CommLayer/Messages/AvalancheMessages$Message$DataManagerMessage$DataCopyCompleteMessage$Builder.java,mergeFrom
67366ab5-4121-477e-a26c-d2501b464c4e,CommLayer/Messages/AvalancheMessages$Message$DataManagerMessage$DataCopyCompleteMessage$Builder.java,clear,->,67366ab5-4121-477e-a26c-d2501b464c4e,CommLayer/Messages/AvalancheMessages$Message$DataManagerMessage$DataCopyCompleteMessage$Builder.java,clear
67366ab5-4121-477e-a26c-d2501b464c4e,CommLayer/Messages/AvalancheMessages$Message$DataManagerMessage$DataCopyCompleteMessage$Builder.java,clone,->,67366ab5-4121-477e-a26c-d2501b464c4e,CommLayer/Messages/AvalancheMessages$Message$DataManagerMessage$DataCopyCompleteMessage$Builder.java,clone
67366ab5-4121-477e-a26c-d2501b464c4e,CommLayer/Messages/AvalancheMessages$Message$DataManagerMessage$DataCopyCompleteMessage$Builder.java,mergeFrom,->,67366ab5-4121-477e-a26c-d2501b464c4e,CommLayer/Messages/AvalancheMessages$Message$DataManagerMessage$DataCopyCompleteMessage$Builder.java,mergeFrom
67366ab5-4121-477e-a26c-d2501b464c4e,CommLayer/Messages/AvalancheMessages$Message$DataManagerMessage$DataCopyCompleteMessage$Builder.java,clone,->,67366ab5-4121-477e-a26c-d2501b464c4e,CommLayer/Messages/AvalancheMessages$Message$DataManagerMessage$DataCopyCompleteMessage$Builder.java,clone
67366ab5-4121-477e-a26c-d2501b464c4e,CommLayer/Messages/AvalancheMessages$Message$DataManagerMessage$DataCopyCompleteMessage$Builder.java,buildPartial,->,67366ab5-4121-477e-a26c-d2501b464c4e,CommLayer/Messages/AvalancheMessages$Message$DataManagerMessage$DataCopyCompleteMessage$Builder.java,buildPartial
67366ab5-4121-477e-a26c-d2501b464c4e,CommLayer/Messages/AvalancheMessages$Message$DataManagerMessage$DataCopyCompleteMessage$Builder.java,build,->,67366ab5-4121-477e-a26c-d2501b464c4e,CommLayer/Messages/AvalancheMessages$Message$DataManagerMessage$DataCopyCompleteMessage$Builder.java,build
67366ab5-4121-477e-a26c-d2501b464c4e,CommLayer/Messages/AvalancheMessages$Message$DataManagerMessage$DataCopyCompleteMessage$Builder.java,mergeFrom,->,67366ab5-4121-477e-a26c-d2501b464c4e,CommLayer/Messages/AvalancheMessages$Message$DataManagerMessage$DataCopyCompleteMessage$Builder.java,mergeFrom
67366ab5-4121-477e-a26c-d2501b464c4e,CommLayer/Messages/AvalancheMessages$Message$DataManagerMessage$DataCopyCompleteMessage$Builder.java,clear,->,67366ab5-4121-477e-a26c-d2501b464c4e,CommLayer/Messages/AvalancheMessages$Message$DataManagerMessage$DataCopyCompleteMessage$Builder.java,clear
67366ab5-4121-477e-a26c-d2501b464c4e,CommLayer/Messages/AvalancheMessages$Message$DataManagerMessage$DataCopyCompleteMessage$Builder.java,mergeFrom,->,67366ab5-4121-477e-a26c-d2501b464c4e,CommLayer/Messages/AvalancheMessages$Message$DataManagerMessage$DataCopyCompleteMessage$Builder.java,mergeFrom
67366ab5-4121-477e-a26c-d2501b464c4e,CommLayer/Messages/AvalancheMessages$Message$DataManagerMessage$DataCopyCompleteMessage$Builder.java,clone,->,67366ab5-4121-477e-a26c-d2501b464c4e,CommLayer/Messages/AvalancheMessages$Message$DataManagerMessage$DataCopyCompleteMessage$Builder.java,clone
67366ab5-4121-477e-a26c-d2501b464c4e,CommLayer/Messages/AvalancheMessages$Message$DataManagerMessage$DataCopyCompleteMessage$Builder.java,buildPartial,->,67366ab5-4121-477e-a26c-d2501b464c4e,CommLayer/Messages/AvalancheMessages$Message$DataManagerMessage$DataCopyCompleteMessage$Builder.java,buildPartial
67366ab5-4121-477e-a26c-d2501b464c4e,CommLayer/Messages/AvalancheMessages$Message$DataManagerMessage$DataCopyCompleteMessage$Builder.java,build,->,67366ab5-4121-477e-a26c-d2501b464c4e,CommLayer/Messages/AvalancheMessages$Message$DataManagerMessage$DataCopyCompleteMessage$Builder.java,build
67366ab5-4121-477e-a26c-d2501b464c4e,CommLayer/Messages/AvalancheMessages$Message$DataManagerMessage$DataCopyCompleteMessage$Builder.java,clear,->,67366ab5-4121-477e-a26c-d2501b464c4e,CommLayer/Messages/AvalancheMessages$Message$DataManagerMessage$DataCopyCompleteMessage$Builder.java,clear
67366ab5-4121-477e-a26c-d2501b464c4e,CommLayer/Messages/AvalancheMessages$Message$DataManagerMessage$DataCopyCompleteMessage$Builder.java,getDefaultInstanceForType,->,67366ab5-4121-477e-a26c-d2501b464c4e,CommLayer/Messages/AvalancheMessages$Message$DataManagerMessage$DataCopyCompleteMessage$Builder.java,getDefaultInstanceForType
67366ab5-4121-477e-a26c-d2501b464c4e,CommLayer/Messages/AvalancheMessages$Message$DataManagerMessage$DataCopyCompleteMessage$Builder.java,getDefaultInstanceForType,->,67366ab5-4121-477e-a26c-d2501b464c4e,CommLayer/Messages/AvalancheMessages$Message$DataManagerMessage$DataCopyCompleteMessage$Builder.java,getDefaultInstanceForType
67366ab5-4121-477e-a26c-d2501b464c4e,CommLayer/Messages/AvalancheMessages$Message$DataManagerMessage$DataCopyCompleteMessage$Builder.java,mergeFrom,->,67366ab5-4121-477e-a26c-d2501b464c4e,CommLayer/Messages/AvalancheMessages$Message$DataManagerMessage$DataCopyCompleteMessage$Builder.java,mergeFrom
67366ab5-4121-477e-a26c-d2501b464c4e,CommLayer/Messages/AvalancheMessages$Message$DataManagerMessage$DataCopyCompleteMessage$Builder.java,clone,->,67366ab5-4121-477e-a26c-d2501b464c4e,CommLayer/Messages/AvalancheMessages$Message$DataManagerMessage$DataCopyCompleteMessage$Builder.java,clone
67366ab5-4121-477e-a26c-d2501b464c4e,CommLayer/Messages/AvalancheMessages$Message$DataManagerMessage$DataCopyCompleteMessage$Builder.java,clone,->,67366ab5-4121-477e-a26c-d2501b464c4e,CommLayer/Messages/AvalancheMessages$Message$DataManagerMessage$DataCopyCompleteMessage$Builder.java,clone
67366ab5-4121-477e-a26c-d2501b464c4e,CommLayer/Messages/AvalancheMessages$Message$DataManagerMessage$DataCopyCompleteMessage$Builder.java,access$13700,->,67366ab5-4121-477e-a26c-d2501b464c4e,CommLayer/Messages/AvalancheMessages$Message$DataManagerMessage$DataCopyCompleteMessage$Builder.java,create
67366ab5-4121-477e-a26c-d2501b464c4e,CommLayer/Messages/AvalancheMessages$Message$TopologyStatusMessage$Builder.java,getDescriptor,->,67366ab5-4121-477e-a26c-d2501b464c4e,CommLayer/Messages/AvalancheMessages.java,access$19800
67366ab5-4121-477e-a26c-d2501b464c4e,CommLayer/Messages/AvalancheMessages$Message$TopologyStatusMessage$Builder.java,internalGetFieldAccessorTable,->,67366ab5-4121-477e-a26c-d2501b464c4e,CommLayer/Messages/AvalancheMessages.java,access$19900
67366ab5-4121-477e-a26c-d2501b464c4e,CommLayer/Messages/AvalancheMessages$Message$TopologyStatusMessage$Builder.java,internalGetFieldAccessorTable,->,67366ab5-4121-477e-a26c-d2501b464c4e,com/google/protobuf/GeneratedMessage$FieldAccessorTable.java,ensureFieldAccessorsInitialized
67366ab5-4121-477e-a26c-d2501b464c4e,CommLayer/Messages/AvalancheMessages$Message$TopologyStatusMessage$Builder.java,maybeForceBuilderInitialization,->,67366ab5-4121-477e-a26c-d2501b464c4e,CommLayer/Messages/AvalancheMessages$Message$TopologyStatusMessage.java,access$20300
67366ab5-4121-477e-a26c-d2501b464c4e,CommLayer/Messages/AvalancheMessages$Message$TopologyStatusMessage$Builder.java,maybeForceBuilderInitialization,->,67366ab5-4121-477e-a26c-d2501b464c4e,CommLayer/Messages/AvalancheMessages$Message$TopologyStatusMessage$Builder.java,getTaskStatusesFieldBuilder
67366ab5-4121-477e-a26c-d2501b464c4e,CommLayer/Messages/AvalancheMessages$Message$TopologyStatusMessage$Builder.java,clear,->,67366ab5-4121-477e-a26c-d2501b464c4e,com/google/protobuf/GeneratedMessage$Builder.java,clear
67366ab5-4121-477e-a26c-d2501b464c4e,CommLayer/Messages/AvalancheMessages$Message$TopologyStatusMessage$Builder.java,clear,->,67366ab5-4121-477e-a26c-d2501b464c4e,java/util/Collections.java,emptyList
67366ab5-4121-477e-a26c-d2501b464c4e,CommLayer/Messages/AvalancheMessages$Message$TopologyStatusMessage$Builder.java,clear,->,67366ab5-4121-477e-a26c-d2501b464c4e,com/google/protobuf/RepeatedFieldBuilder.java,clear
67366ab5-4121-477e-a26c-d2501b464c4e,CommLayer/Messages/AvalancheMessages$Message$TopologyStatusMessage$Builder.java,clone,->,67366ab5-4121-477e-a26c-d2501b464c4e,CommLayer/Messages/AvalancheMessages$Message$TopologyStatusMessage$Builder.java,create
67366ab5-4121-477e-a26c-d2501b464c4e,CommLayer/Messages/AvalancheMessages$Message$TopologyStatusMessage$Builder.java,clone,->,67366ab5-4121-477e-a26c-d2501b464c4e,CommLayer/Messages/AvalancheMessages$Message$TopologyStatusMessage$Builder.java,buildPartial
67366ab5-4121-477e-a26c-d2501b464c4e,CommLayer/Messages/AvalancheMessages$Message$TopologyStatusMessage$Builder.java,clone,->,67366ab5-4121-477e-a26c-d2501b464c4e,CommLayer/Messages/AvalancheMessages$Message$TopologyStatusMessage$Builder.java,mergeFrom
67366ab5-4121-477e-a26c-d2501b464c4e,CommLayer/Messages/AvalancheMessages$Message$TopologyStatusMessage$Builder.java,getDescriptorForType,->,67366ab5-4121-477e-a26c-d2501b464c4e,CommLayer/Messages/AvalancheMessages.java,access$19800
67366ab5-4121-477e-a26c-d2501b464c4e,CommLayer/Messages/AvalancheMessages$Message$TopologyStatusMessage$Builder.java,getDefaultInstanceForType,->,67366ab5-4121-477e-a26c-d2501b464c4e,CommLayer/Messages/AvalancheMessages$Message$TopologyStatusMessage.java,getDefaultInstance
67366ab5-4121-477e-a26c-d2501b464c4e,CommLayer/Messages/AvalancheMessages$Message$TopologyStatusMessage$Builder.java,build,->,67366ab5-4121-477e-a26c-d2501b464c4e,CommLayer/Messages/AvalancheMessages$Message$TopologyStatusMessage$Builder.java,buildPartial
67366ab5-4121-477e-a26c-d2501b464c4e,CommLayer/Messages/AvalancheMessages$Message$TopologyStatusMessage$Builder.java,build,->,67366ab5-4121-477e-a26c-d2501b464c4e,CommLayer/Messages/AvalancheMessages$Message$TopologyStatusMessage.java,isInitialized
67366ab5-4121-477e-a26c-d2501b464c4e,CommLayer/Messages/AvalancheMessages$Message$TopologyStatusMessage$Builder.java,build,->,67366ab5-4121-477e-a26c-d2501b464c4e,CommLayer/Messages/AvalancheMessages$Message$TopologyStatusMessage$Builder.java,newUninitializedMessageException
67366ab5-4121-477e-a26c-d2501b464c4e,CommLayer/Messages/AvalancheMessages$Message$TopologyStatusMessage$Builder.java,buildPartial,->,67366ab5-4121-477e-a26c-d2501b464c4e,java/util/Collections.java,unmodifiableList
67366ab5-4121-477e-a26c-d2501b464c4e,CommLayer/Messages/AvalancheMessages$Message$TopologyStatusMessage$Builder.java,buildPartial,->,67366ab5-4121-477e-a26c-d2501b464c4e,CommLayer/Messages/AvalancheMessages$Message$TopologyStatusMessage.java,access$20502
67366ab5-4121-477e-a26c-d2501b464c4e,CommLayer/Messages/AvalancheMessages$Message$TopologyStatusMessage$Builder.java,buildPartial,->,67366ab5-4121-477e-a26c-d2501b464c4e,com/google/protobuf/RepeatedFieldBuilder.java,build
67366ab5-4121-477e-a26c-d2501b464c4e,CommLayer/Messages/AvalancheMessages$Message$TopologyStatusMessage$Builder.java,buildPartial,->,67366ab5-4121-477e-a26c-d2501b464c4e,CommLayer/Messages/AvalancheMessages$Message$TopologyStatusMessage.java,access$20502
67366ab5-4121-477e-a26c-d2501b464c4e,CommLayer/Messages/AvalancheMessages$Message$TopologyStatusMessage$Builder.java,buildPartial,->,67366ab5-4121-477e-a26c-d2501b464c4e,CommLayer/Messages/AvalancheMessages$Message$TopologyStatusMessage$Builder.java,onBuilt
67366ab5-4121-477e-a26c-d2501b464c4e,CommLayer/Messages/AvalancheMessages$Message$TopologyStatusMessage$Builder.java,mergeFrom,->,67366ab5-4121-477e-a26c-d2501b464c4e,CommLayer/Messages/AvalancheMessages$Message$TopologyStatusMessage$Builder.java,mergeFrom
67366ab5-4121-477e-a26c-d2501b464c4e,CommLayer/Messages/AvalancheMessages$Message$TopologyStatusMessage$Builder.java,mergeFrom,->,67366ab5-4121-477e-a26c-d2501b464c4e,com/google/protobuf/GeneratedMessage$Builder.java,mergeFrom
67366ab5-4121-477e-a26c-d2501b464c4e,CommLayer/Messages/AvalancheMessages$Message$TopologyStatusMessage$Builder.java,mergeFrom,->,67366ab5-4121-477e-a26c-d2501b464c4e,CommLayer/Messages/AvalancheMessages$Message$TopologyStatusMessage.java,getDefaultInstance
67366ab5-4121-477e-a26c-d2501b464c4e,CommLayer/Messages/AvalancheMessages$Message$TopologyStatusMessage$Builder.java,mergeFrom,->,67366ab5-4121-477e-a26c-d2501b464c4e,CommLayer/Messages/AvalancheMessages$Message$TopologyStatusMessage.java,access$20500
67366ab5-4121-477e-a26c-d2501b464c4e,CommLayer/Messages/AvalancheMessages$Message$TopologyStatusMessage$Builder.java,mergeFrom,->,67366ab5-4121-477e-a26c-d2501b464c4e,java/util/List.java,isEmpty
67366ab5-4121-477e-a26c-d2501b464c4e,CommLayer/Messages/AvalancheMessages$Message$TopologyStatusMessage$Builder.java,mergeFrom,->,67366ab5-4121-477e-a26c-d2501b464c4e,java/util/List.java,isEmpty
67366ab5-4121-477e-a26c-d2501b464c4e,CommLayer/Messages/AvalancheMessages$Message$TopologyStatusMessage$Builder.java,mergeFrom,->,67366ab5-4121-477e-a26c-d2501b464c4e,CommLayer/Messages/AvalancheMessages$Message$TopologyStatusMessage.java,access$20500
67366ab5-4121-477e-a26c-d2501b464c4e,CommLayer/Messages/AvalancheMessages$Message$TopologyStatusMessage$Builder.java,mergeFrom,->,67366ab5-4121-477e-a26c-d2501b464c4e,CommLayer/Messages/AvalancheMessages$Message$TopologyStatusMessage$Builder.java,ensureTaskStatusesIsMutable
67366ab5-4121-477e-a26c-d2501b464c4e,CommLayer/Messages/AvalancheMessages$Message$TopologyStatusMessage$Builder.java,mergeFrom,->,67366ab5-4121-477e-a26c-d2501b464c4e,CommLayer/Messages/AvalancheMessages$Message$TopologyStatusMessage.java,access$20500
67366ab5-4121-477e-a26c-d2501b464c4e,CommLayer/Messages/AvalancheMessages$Message$TopologyStatusMessage$Builder.java,mergeFrom,->,67366ab5-4121-477e-a26c-d2501b464c4e,java/util/List.java,addAll
67366ab5-4121-477e-a26c-d2501b464c4e,CommLayer/Messages/AvalancheMessages$Message$TopologyStatusMessage$Builder.java,mergeFrom,->,67366ab5-4121-477e-a26c-d2501b464c4e,CommLayer/Messages/AvalancheMessages$Message$TopologyStatusMessage$Builder.java,onChanged
67366ab5-4121-477e-a26c-d2501b464c4e,CommLayer/Messages/AvalancheMessages$Message$TopologyStatusMessage$Builder.java,mergeFrom,->,67366ab5-4121-477e-a26c-d2501b464c4e,CommLayer/Messages/AvalancheMessages$Message$TopologyStatusMessage.java,access$20500
67366ab5-4121-477e-a26c-d2501b464c4e,CommLayer/Messages/AvalancheMessages$Message$TopologyStatusMessage$Builder.java,mergeFrom,->,67366ab5-4121-477e-a26c-d2501b464c4e,java/util/List.java,isEmpty
67366ab5-4121-477e-a26c-d2501b464c4e,CommLayer/Messages/AvalancheMessages$Message$TopologyStatusMessage$Builder.java,mergeFrom,->,67366ab5-4121-477e-a26c-d2501b464c4e,com/google/protobuf/RepeatedFieldBuilder.java,isEmpty
67366ab5-4121-477e-a26c-d2501b464c4e,CommLayer/Messages/AvalancheMessages$Message$TopologyStatusMessage$Builder.java,mergeFrom,->,67366ab5-4121-477e-a26c-d2501b464c4e,com/google/protobuf/RepeatedFieldBuilder.java,dispose
67366ab5-4121-477e-a26c-d2501b464c4e,CommLayer/Messages/AvalancheMessages$Message$TopologyStatusMessage$Builder.java,mergeFrom,->,67366ab5-4121-477e-a26c-d2501b464c4e,CommLayer/Messages/AvalancheMessages$Message$TopologyStatusMessage.java,access$20500
67366ab5-4121-477e-a26c-d2501b464c4e,CommLayer/Messages/AvalancheMessages$Message$TopologyStatusMessage$Builder.java,mergeFrom,->,67366ab5-4121-477e-a26c-d2501b464c4e,CommLayer/Messages/AvalancheMessages$Message$TopologyStatusMessage.java,access$20600
67366ab5-4121-477e-a26c-d2501b464c4e,CommLayer/Messages/AvalancheMessages$Message$TopologyStatusMessage$Builder.java,mergeFrom,->,67366ab5-4121-477e-a26c-d2501b464c4e,CommLayer/Messages/AvalancheMessages$Message$TopologyStatusMessage$Builder.java,getTaskStatusesFieldBuilder
67366ab5-4121-477e-a26c-d2501b464c4e,CommLayer/Messages/AvalancheMessages$Message$TopologyStatusMessage$Builder.java,mergeFrom,->,67366ab5-4121-477e-a26c-d2501b464c4e,CommLayer/Messages/AvalancheMessages$Message$TopologyStatusMessage.java,access$20500
67366ab5-4121-477e-a26c-d2501b464c4e,CommLayer/Messages/AvalancheMessages$Message$TopologyStatusMessage$Builder.java,mergeFrom,->,67366ab5-4121-477e-a26c-d2501b464c4e,com/google/protobuf/RepeatedFieldBuilder.java,addAllMessages
67366ab5-4121-477e-a26c-d2501b464c4e,CommLayer/Messages/AvalancheMessages$Message$TopologyStatusMessage$Builder.java,mergeFrom,->,67366ab5-4121-477e-a26c-d2501b464c4e,CommLayer/Messages/AvalancheMessages$Message$TopologyStatusMessage.java,getUnknownFields
67366ab5-4121-477e-a26c-d2501b464c4e,CommLayer/Messages/AvalancheMessages$Message$TopologyStatusMessage$Builder.java,mergeFrom,->,67366ab5-4121-477e-a26c-d2501b464c4e,CommLayer/Messages/AvalancheMessages$Message$TopologyStatusMessage$Builder.java,mergeUnknownFields
67366ab5-4121-477e-a26c-d2501b464c4e,CommLayer/Messages/AvalancheMessages$Message$TopologyStatusMessage$Builder.java,mergeFrom,->,67366ab5-4121-477e-a26c-d2501b464c4e,com/google/protobuf/Parser.java,parsePartialFrom
67366ab5-4121-477e-a26c-d2501b464c4e,CommLayer/Messages/AvalancheMessages$Message$TopologyStatusMessage$Builder.java,mergeFrom,->,67366ab5-4121-477e-a26c-d2501b464c4e,CommLayer/Messages/AvalancheMessages$Message$TopologyStatusMessage$Builder.java,mergeFrom
67366ab5-4121-477e-a26c-d2501b464c4e,CommLayer/Messages/AvalancheMessages$Message$TopologyStatusMessage$Builder.java,mergeFrom,->,67366ab5-4121-477e-a26c-d2501b464c4e,com/google/protobuf/InvalidProtocolBufferException.java,getUnfinishedMessage
67366ab5-4121-477e-a26c-d2501b464c4e,CommLayer/Messages/AvalancheMessages$Message$TopologyStatusMessage$Builder.java,mergeFrom,->,67366ab5-4121-477e-a26c-d2501b464c4e,CommLayer/Messages/AvalancheMessages$Message$TopologyStatusMessage$Builder.java,mergeFrom
67366ab5-4121-477e-a26c-d2501b464c4e,CommLayer/Messages/AvalancheMessages$Message$TopologyStatusMessage$Builder.java,getTaskStatusesList,->,67366ab5-4121-477e-a26c-d2501b464c4e,java/util/Collections.java,unmodifiableList
67366ab5-4121-477e-a26c-d2501b464c4e,CommLayer/Messages/AvalancheMessages$Message$TopologyStatusMessage$Builder.java,getTaskStatusesList,->,67366ab5-4121-477e-a26c-d2501b464c4e,com/google/protobuf/RepeatedFieldBuilder.java,getMessageList
67366ab5-4121-477e-a26c-d2501b464c4e,CommLayer/Messages/AvalancheMessages$Message$TopologyStatusMessage$Builder.java,getTaskStatusesCount,->,67366ab5-4121-477e-a26c-d2501b464c4e,java/util/List.java,size
67366ab5-4121-477e-a26c-d2501b464c4e,CommLayer/Messages/AvalancheMessages$Message$TopologyStatusMessage$Builder.java,getTaskStatusesCount,->,67366ab5-4121-477e-a26c-d2501b464c4e,com/google/protobuf/RepeatedFieldBuilder.java,getCount
67366ab5-4121-477e-a26c-d2501b464c4e,CommLayer/Messages/AvalancheMessages$Message$TopologyStatusMessage$Builder.java,getTaskStatuses,->,67366ab5-4121-477e-a26c-d2501b464c4e,java/util/List.java,get
67366ab5-4121-477e-a26c-d2501b464c4e,CommLayer/Messages/AvalancheMessages$Message$TopologyStatusMessage$Builder.java,getTaskStatuses,->,67366ab5-4121-477e-a26c-d2501b464c4e,com/google/protobuf/RepeatedFieldBuilder.java,getMessage
67366ab5-4121-477e-a26c-d2501b464c4e,CommLayer/Messages/AvalancheMessages$Message$TopologyStatusMessage$Builder.java,setTaskStatuses,->,67366ab5-4121-477e-a26c-d2501b464c4e,CommLayer/Messages/AvalancheMessages$Message$TopologyStatusMessage$Builder.java,ensureTaskStatusesIsMutable
67366ab5-4121-477e-a26c-d2501b464c4e,CommLayer/Messages/AvalancheMessages$Message$TopologyStatusMessage$Builder.java,setTaskStatuses,->,67366ab5-4121-477e-a26c-d2501b464c4e,java/util/List.java,set
67366ab5-4121-477e-a26c-d2501b464c4e,CommLayer/Messages/AvalancheMessages$Message$TopologyStatusMessage$Builder.java,setTaskStatuses,->,67366ab5-4121-477e-a26c-d2501b464c4e,CommLayer/Messages/AvalancheMessages$Message$TopologyStatusMessage$Builder.java,onChanged
67366ab5-4121-477e-a26c-d2501b464c4e,CommLayer/Messages/AvalancheMessages$Message$TopologyStatusMessage$Builder.java,setTaskStatuses,->,67366ab5-4121-477e-a26c-d2501b464c4e,com/google/protobuf/RepeatedFieldBuilder.java,setMessage
67366ab5-4121-477e-a26c-d2501b464c4e,CommLayer/Messages/AvalancheMessages$Message$TopologyStatusMessage$Builder.java,setTaskStatuses,->,67366ab5-4121-477e-a26c-d2501b464c4e,CommLayer/Messages/AvalancheMessages$Message$TopologyStatusMessage$Builder.java,ensureTaskStatusesIsMutable
67366ab5-4121-477e-a26c-d2501b464c4e,CommLayer/Messages/AvalancheMessages$Message$TopologyStatusMessage$Builder.java,setTaskStatuses,->,67366ab5-4121-477e-a26c-d2501b464c4e,CommLayer/Messages/AvalancheMessages$Message$TaskStatusMessage$Builder.java,build
67366ab5-4121-477e-a26c-d2501b464c4e,CommLayer/Messages/AvalancheMessages$Message$TopologyStatusMessage$Builder.java,setTaskStatuses,->,67366ab5-4121-477e-a26c-d2501b464c4e,java/util/List.java,set
67366ab5-4121-477e-a26c-d2501b464c4e,CommLayer/Messages/AvalancheMessages$Message$TopologyStatusMessage$Builder.java,setTaskStatuses,->,67366ab5-4121-477e-a26c-d2501b464c4e,CommLayer/Messages/AvalancheMessages$Message$TopologyStatusMessage$Builder.java,onChanged
67366ab5-4121-477e-a26c-d2501b464c4e,CommLayer/Messages/AvalancheMessages$Message$TopologyStatusMessage$Builder.java,setTaskStatuses,->,67366ab5-4121-477e-a26c-d2501b464c4e,CommLayer/Messages/AvalancheMessages$Message$TaskStatusMessage$Builder.java,build
67366ab5-4121-477e-a26c-d2501b464c4e,CommLayer/Messages/AvalancheMessages$Message$TopologyStatusMessage$Builder.java,setTaskStatuses,->,67366ab5-4121-477e-a26c-d2501b464c4e,com/google/protobuf/RepeatedFieldBuilder.java,setMessage
67366ab5-4121-477e-a26c-d2501b464c4e,CommLayer/Messages/AvalancheMessages$Message$TopologyStatusMessage$Builder.java,addTaskStatuses,->,67366ab5-4121-477e-a26c-d2501b464c4e,CommLayer/Messages/AvalancheMessages$Message$TopologyStatusMessage$Builder.java,ensureTaskStatusesIsMutable
67366ab5-4121-477e-a26c-d2501b464c4e,CommLayer/Messages/AvalancheMessages$Message$TopologyStatusMessage$Builder.java,addTaskStatuses,->,67366ab5-4121-477e-a26c-d2501b464c4e,java/util/List.java,add
67366ab5-4121-477e-a26c-d2501b464c4e,CommLayer/Messages/AvalancheMessages$Message$TopologyStatusMessage$Builder.java,addTaskStatuses,->,67366ab5-4121-477e-a26c-d2501b464c4e,CommLayer/Messages/AvalancheMessages$Message$TopologyStatusMessage$Builder.java,onChanged
67366ab5-4121-477e-a26c-d2501b464c4e,CommLayer/Messages/AvalancheMessages$Message$TopologyStatusMessage$Builder.java,addTaskStatuses,->,67366ab5-4121-477e-a26c-d2501b464c4e,com/google/protobuf/RepeatedFieldBuilder.java,addMessage
67366ab5-4121-477e-a26c-d2501b464c4e,CommLayer/Messages/AvalancheMessages$Message$TopologyStatusMessage$Builder.java,addTaskStatuses,->,67366ab5-4121-477e-a26c-d2501b464c4e,CommLayer/Messages/AvalancheMessages$Message$TopologyStatusMessage$Builder.java,ensureTaskStatusesIsMutable
67366ab5-4121-477e-a26c-d2501b464c4e,CommLayer/Messages/AvalancheMessages$Message$TopologyStatusMessage$Builder.java,addTaskStatuses,->,67366ab5-4121-477e-a26c-d2501b464c4e,java/util/List.java,add
67366ab5-4121-477e-a26c-d2501b464c4e,CommLayer/Messages/AvalancheMessages$Message$TopologyStatusMessage$Builder.java,addTaskStatuses,->,67366ab5-4121-477e-a26c-d2501b464c4e,CommLayer/Messages/AvalancheMessages$Message$TopologyStatusMessage$Builder.java,onChanged
67366ab5-4121-477e-a26c-d2501b464c4e,CommLayer/Messages/AvalancheMessages$Message$TopologyStatusMessage$Builder.java,addTaskStatuses,->,67366ab5-4121-477e-a26c-d2501b464c4e,com/google/protobuf/RepeatedFieldBuilder.java,addMessage
67366ab5-4121-477e-a26c-d2501b464c4e,CommLayer/Messages/AvalancheMessages$Message$TopologyStatusMessage$Builder.java,addTaskStatuses,->,67366ab5-4121-477e-a26c-d2501b464c4e,CommLayer/Messages/AvalancheMessages$Message$TopologyStatusMessage$Builder.java,ensureTaskStatusesIsMutable
67366ab5-4121-477e-a26c-d2501b464c4e,CommLayer/Messages/AvalancheMessages$Message$TopologyStatusMessage$Builder.java,addTaskStatuses,->,67366ab5-4121-477e-a26c-d2501b464c4e,CommLayer/Messages/AvalancheMessages$Message$TaskStatusMessage$Builder.java,build
67366ab5-4121-477e-a26c-d2501b464c4e,CommLayer/Messages/AvalancheMessages$Message$TopologyStatusMessage$Builder.java,addTaskStatuses,->,67366ab5-4121-477e-a26c-d2501b464c4e,java/util/List.java,add
67366ab5-4121-477e-a26c-d2501b464c4e,CommLayer/Messages/AvalancheMessages$Message$TopologyStatusMessage$Builder.java,addTaskStatuses,->,67366ab5-4121-477e-a26c-d2501b464c4e,CommLayer/Messages/AvalancheMessages$Message$TopologyStatusMessage$Builder.java,onChanged
67366ab5-4121-477e-a26c-d2501b464c4e,CommLayer/Messages/AvalancheMessages$Message$TopologyStatusMessage$Builder.java,addTaskStatuses,->,67366ab5-4121-477e-a26c-d2501b464c4e,CommLayer/Messages/AvalancheMessages$Message$TaskStatusMessage$Builder.java,build
67366ab5-4121-477e-a26c-d2501b464c4e,CommLayer/Messages/AvalancheMessages$Message$TopologyStatusMessage$Builder.java,addTaskStatuses,->,67366ab5-4121-477e-a26c-d2501b464c4e,com/google/protobuf/RepeatedFieldBuilder.java,addMessage
67366ab5-4121-477e-a26c-d2501b464c4e,CommLayer/Messages/AvalancheMessages$Message$TopologyStatusMessage$Builder.java,addTaskStatuses,->,67366ab5-4121-477e-a26c-d2501b464c4e,CommLayer/Messages/AvalancheMessages$Message$TopologyStatusMessage$Builder.java,ensureTaskStatusesIsMutable
67366ab5-4121-477e-a26c-d2501b464c4e,CommLayer/Messages/AvalancheMessages$Message$TopologyStatusMessage$Builder.java,addTaskStatuses,->,67366ab5-4121-477e-a26c-d2501b464c4e,CommLayer/Messages/AvalancheMessages$Message$TaskStatusMessage$Builder.java,build
67366ab5-4121-477e-a26c-d2501b464c4e,CommLayer/Messages/AvalancheMessages$Message$TopologyStatusMessage$Builder.java,addTaskStatuses,->,67366ab5-4121-477e-a26c-d2501b464c4e,java/util/List.java,add
67366ab5-4121-477e-a26c-d2501b464c4e,CommLayer/Messages/AvalancheMessages$Message$TopologyStatusMessage$Builder.java,addTaskStatuses,->,67366ab5-4121-477e-a26c-d2501b464c4e,CommLayer/Messages/AvalancheMessages$Message$TopologyStatusMessage$Builder.java,onChanged
67366ab5-4121-477e-a26c-d2501b464c4e,CommLayer/Messages/AvalancheMessages$Message$TopologyStatusMessage$Builder.java,addTaskStatuses,->,67366ab5-4121-477e-a26c-d2501b464c4e,CommLayer/Messages/AvalancheMessages$Message$TaskStatusMessage$Builder.java,build
67366ab5-4121-477e-a26c-d2501b464c4e,CommLayer/Messages/AvalancheMessages$Message$TopologyStatusMessage$Builder.java,addTaskStatuses,->,67366ab5-4121-477e-a26c-d2501b464c4e,com/google/protobuf/RepeatedFieldBuilder.java,addMessage
67366ab5-4121-477e-a26c-d2501b464c4e,CommLayer/Messages/AvalancheMessages$Message$TopologyStatusMessage$Builder.java,addAllTaskStatuses,->,67366ab5-4121-477e-a26c-d2501b464c4e,CommLayer/Messages/AvalancheMessages$Message$TopologyStatusMessage$Builder.java,ensureTaskStatusesIsMutable
67366ab5-4121-477e-a26c-d2501b464c4e,CommLayer/Messages/AvalancheMessages$Message$TopologyStatusMessage$Builder.java,addAllTaskStatuses,->,67366ab5-4121-477e-a26c-d2501b464c4e,com/google/protobuf/GeneratedMessage$Builder.java,addAll
67366ab5-4121-477e-a26c-d2501b464c4e,CommLayer/Messages/AvalancheMessages$Message$TopologyStatusMessage$Builder.java,addAllTaskStatuses,->,67366ab5-4121-477e-a26c-d2501b464c4e,CommLayer/Messages/AvalancheMessages$Message$TopologyStatusMessage$Builder.java,onChanged
67366ab5-4121-477e-a26c-d2501b464c4e,CommLayer/Messages/AvalancheMessages$Message$TopologyStatusMessage$Builder.java,addAllTaskStatuses,->,67366ab5-4121-477e-a26c-d2501b464c4e,com/google/protobuf/RepeatedFieldBuilder.java,addAllMessages
67366ab5-4121-477e-a26c-d2501b464c4e,CommLayer/Messages/AvalancheMessages$Message$TopologyStatusMessage$Builder.java,clearTaskStatuses,->,67366ab5-4121-477e-a26c-d2501b464c4e,java/util/Collections.java,emptyList
67366ab5-4121-477e-a26c-d2501b464c4e,CommLayer/Messages/AvalancheMessages$Message$TopologyStatusMessage$Builder.java,clearTaskStatuses,->,67366ab5-4121-477e-a26c-d2501b464c4e,CommLayer/Messages/AvalancheMessages$Message$TopologyStatusMessage$Builder.java,onChanged
67366ab5-4121-477e-a26c-d2501b464c4e,CommLayer/Messages/AvalancheMessages$Message$TopologyStatusMessage$Builder.java,clearTaskStatuses,->,67366ab5-4121-477e-a26c-d2501b464c4e,com/google/protobuf/RepeatedFieldBuilder.java,clear
67366ab5-4121-477e-a26c-d2501b464c4e,CommLayer/Messages/AvalancheMessages$Message$TopologyStatusMessage$Builder.java,removeTaskStatuses,->,67366ab5-4121-477e-a26c-d2501b464c4e,CommLayer/Messages/AvalancheMessages$Message$TopologyStatusMessage$Builder.java,ensureTaskStatusesIsMutable
67366ab5-4121-477e-a26c-d2501b464c4e,CommLayer/Messages/AvalancheMessages$Message$TopologyStatusMessage$Builder.java,removeTaskStatuses,->,67366ab5-4121-477e-a26c-d2501b464c4e,java/util/List.java,remove
67366ab5-4121-477e-a26c-d2501b464c4e,CommLayer/Messages/AvalancheMessages$Message$TopologyStatusMessage$Builder.java,removeTaskStatuses,->,67366ab5-4121-477e-a26c-d2501b464c4e,CommLayer/Messages/AvalancheMessages$Message$TopologyStatusMessage$Builder.java,onChanged
67366ab5-4121-477e-a26c-d2501b464c4e,CommLayer/Messages/AvalancheMessages$Message$TopologyStatusMessage$Builder.java,removeTaskStatuses,->,67366ab5-4121-477e-a26c-d2501b464c4e,com/google/protobuf/RepeatedFieldBuilder.java,remove
67366ab5-4121-477e-a26c-d2501b464c4e,CommLayer/Messages/AvalancheMessages$Message$TopologyStatusMessage$Builder.java,getTaskStatusesBuilder,->,67366ab5-4121-477e-a26c-d2501b464c4e,CommLayer/Messages/AvalancheMessages$Message$TopologyStatusMessage$Builder.java,getTaskStatusesFieldBuilder
67366ab5-4121-477e-a26c-d2501b464c4e,CommLayer/Messages/AvalancheMessages$Message$TopologyStatusMessage$Builder.java,getTaskStatusesBuilder,->,67366ab5-4121-477e-a26c-d2501b464c4e,com/google/protobuf/RepeatedFieldBuilder.java,getBuilder
67366ab5-4121-477e-a26c-d2501b464c4e,CommLayer/Messages/AvalancheMessages$Message$TopologyStatusMessage$Builder.java,getTaskStatusesOrBuilder,->,67366ab5-4121-477e-a26c-d2501b464c4e,java/util/List.java,get
67366ab5-4121-477e-a26c-d2501b464c4e,CommLayer/Messages/AvalancheMessages$Message$TopologyStatusMessage$Builder.java,getTaskStatusesOrBuilder,->,67366ab5-4121-477e-a26c-d2501b464c4e,com/google/protobuf/RepeatedFieldBuilder.java,getMessageOrBuilder
67366ab5-4121-477e-a26c-d2501b464c4e,CommLayer/Messages/AvalancheMessages$Message$TopologyStatusMessage$Builder.java,getTaskStatusesOrBuilderList,->,67366ab5-4121-477e-a26c-d2501b464c4e,com/google/protobuf/RepeatedFieldBuilder.java,getMessageOrBuilderList
67366ab5-4121-477e-a26c-d2501b464c4e,CommLayer/Messages/AvalancheMessages$Message$TopologyStatusMessage$Builder.java,getTaskStatusesOrBuilderList,->,67366ab5-4121-477e-a26c-d2501b464c4e,java/util/Collections.java,unmodifiableList
67366ab5-4121-477e-a26c-d2501b464c4e,CommLayer/Messages/AvalancheMessages$Message$TopologyStatusMessage$Builder.java,addTaskStatusesBuilder,->,67366ab5-4121-477e-a26c-d2501b464c4e,CommLayer/Messages/AvalancheMessages$Message$TopologyStatusMessage$Builder.java,getTaskStatusesFieldBuilder
67366ab5-4121-477e-a26c-d2501b464c4e,CommLayer/Messages/AvalancheMessages$Message$TopologyStatusMessage$Builder.java,addTaskStatusesBuilder,->,67366ab5-4121-477e-a26c-d2501b464c4e,CommLayer/Messages/AvalancheMessages$Message$TaskStatusMessage.java,getDefaultInstance
67366ab5-4121-477e-a26c-d2501b464c4e,CommLayer/Messages/AvalancheMessages$Message$TopologyStatusMessage$Builder.java,addTaskStatusesBuilder,->,67366ab5-4121-477e-a26c-d2501b464c4e,com/google/protobuf/RepeatedFieldBuilder.java,addBuilder
67366ab5-4121-477e-a26c-d2501b464c4e,CommLayer/Messages/AvalancheMessages$Message$TopologyStatusMessage$Builder.java,addTaskStatusesBuilder,->,67366ab5-4121-477e-a26c-d2501b464c4e,CommLayer/Messages/AvalancheMessages$Message$TopologyStatusMessage$Builder.java,getTaskStatusesFieldBuilder
67366ab5-4121-477e-a26c-d2501b464c4e,CommLayer/Messages/AvalancheMessages$Message$TopologyStatusMessage$Builder.java,addTaskStatusesBuilder,->,67366ab5-4121-477e-a26c-d2501b464c4e,CommLayer/Messages/AvalancheMessages$Message$TaskStatusMessage.java,getDefaultInstance
67366ab5-4121-477e-a26c-d2501b464c4e,CommLayer/Messages/AvalancheMessages$Message$TopologyStatusMessage$Builder.java,addTaskStatusesBuilder,->,67366ab5-4121-477e-a26c-d2501b464c4e,com/google/protobuf/RepeatedFieldBuilder.java,addBuilder
67366ab5-4121-477e-a26c-d2501b464c4e,CommLayer/Messages/AvalancheMessages$Message$TopologyStatusMessage$Builder.java,getTaskStatusesBuilderList,->,67366ab5-4121-477e-a26c-d2501b464c4e,CommLayer/Messages/AvalancheMessages$Message$TopologyStatusMessage$Builder.java,getTaskStatusesFieldBuilder
67366ab5-4121-477e-a26c-d2501b464c4e,CommLayer/Messages/AvalancheMessages$Message$TopologyStatusMessage$Builder.java,getTaskStatusesBuilderList,->,67366ab5-4121-477e-a26c-d2501b464c4e,com/google/protobuf/RepeatedFieldBuilder.java,getBuilderList
67366ab5-4121-477e-a26c-d2501b464c4e,CommLayer/Messages/AvalancheMessages$Message$TopologyStatusMessage$Builder.java,getTaskStatusesFieldBuilder,->,67366ab5-4121-477e-a26c-d2501b464c4e,CommLayer/Messages/AvalancheMessages$Message$TopologyStatusMessage$Builder.java,getParentForChildren
67366ab5-4121-477e-a26c-d2501b464c4e,CommLayer/Messages/AvalancheMessages$Message$TopologyStatusMessage$Builder.java,getTaskStatusesFieldBuilder,->,67366ab5-4121-477e-a26c-d2501b464c4e,CommLayer/Messages/AvalancheMessages$Message$TopologyStatusMessage$Builder.java,isClean
67366ab5-4121-477e-a26c-d2501b464c4e,CommLayer/Messages/AvalancheMessages$Message$TopologyStatusMessage$Builder.java,clear,->,67366ab5-4121-477e-a26c-d2501b464c4e,CommLayer/Messages/AvalancheMessages$Message$TopologyStatusMessage$Builder.java,clear
67366ab5-4121-477e-a26c-d2501b464c4e,CommLayer/Messages/AvalancheMessages$Message$TopologyStatusMessage$Builder.java,clone,->,67366ab5-4121-477e-a26c-d2501b464c4e,CommLayer/Messages/AvalancheMessages$Message$TopologyStatusMessage$Builder.java,clone
67366ab5-4121-477e-a26c-d2501b464c4e,CommLayer/Messages/AvalancheMessages$Message$TopologyStatusMessage$Builder.java,mergeFrom,->,67366ab5-4121-477e-a26c-d2501b464c4e,CommLayer/Messages/AvalancheMessages$Message$TopologyStatusMessage$Builder.java,mergeFrom
67366ab5-4121-477e-a26c-d2501b464c4e,CommLayer/Messages/AvalancheMessages$Message$TopologyStatusMessage$Builder.java,mergeFrom,->,67366ab5-4121-477e-a26c-d2501b464c4e,CommLayer/Messages/AvalancheMessages$Message$TopologyStatusMessage$Builder.java,mergeFrom
67366ab5-4121-477e-a26c-d2501b464c4e,CommLayer/Messages/AvalancheMessages$Message$TopologyStatusMessage$Builder.java,clear,->,67366ab5-4121-477e-a26c-d2501b464c4e,CommLayer/Messages/AvalancheMessages$Message$TopologyStatusMessage$Builder.java,clear
67366ab5-4121-477e-a26c-d2501b464c4e,CommLayer/Messages/AvalancheMessages$Message$TopologyStatusMessage$Builder.java,clone,->,67366ab5-4121-477e-a26c-d2501b464c4e,CommLayer/Messages/AvalancheMessages$Message$TopologyStatusMessage$Builder.java,clone
67366ab5-4121-477e-a26c-d2501b464c4e,CommLayer/Messages/AvalancheMessages$Message$TopologyStatusMessage$Builder.java,mergeFrom,->,67366ab5-4121-477e-a26c-d2501b464c4e,CommLayer/Messages/AvalancheMessages$Message$TopologyStatusMessage$Builder.java,mergeFrom
67366ab5-4121-477e-a26c-d2501b464c4e,CommLayer/Messages/AvalancheMessages$Message$TopologyStatusMessage$Builder.java,clone,->,67366ab5-4121-477e-a26c-d2501b464c4e,CommLayer/Messages/AvalancheMessages$Message$TopologyStatusMessage$Builder.java,clone
67366ab5-4121-477e-a26c-d2501b464c4e,CommLayer/Messages/AvalancheMessages$Message$TopologyStatusMessage$Builder.java,buildPartial,->,67366ab5-4121-477e-a26c-d2501b464c4e,CommLayer/Messages/AvalancheMessages$Message$TopologyStatusMessage$Builder.java,buildPartial
67366ab5-4121-477e-a26c-d2501b464c4e,CommLayer/Messages/AvalancheMessages$Message$TopologyStatusMessage$Builder.java,build,->,67366ab5-4121-477e-a26c-d2501b464c4e,CommLayer/Messages/AvalancheMessages$Message$TopologyStatusMessage$Builder.java,build
67366ab5-4121-477e-a26c-d2501b464c4e,CommLayer/Messages/AvalancheMessages$Message$TopologyStatusMessage$Builder.java,mergeFrom,->,67366ab5-4121-477e-a26c-d2501b464c4e,CommLayer/Messages/AvalancheMessages$Message$TopologyStatusMessage$Builder.java,mergeFrom
67366ab5-4121-477e-a26c-d2501b464c4e,CommLayer/Messages/AvalancheMessages$Message$TopologyStatusMessage$Builder.java,clear,->,67366ab5-4121-477e-a26c-d2501b464c4e,CommLayer/Messages/AvalancheMessages$Message$TopologyStatusMessage$Builder.java,clear
67366ab5-4121-477e-a26c-d2501b464c4e,CommLayer/Messages/AvalancheMessages$Message$TopologyStatusMessage$Builder.java,mergeFrom,->,67366ab5-4121-477e-a26c-d2501b464c4e,CommLayer/Messages/AvalancheMessages$Message$TopologyStatusMessage$Builder.java,mergeFrom
67366ab5-4121-477e-a26c-d2501b464c4e,CommLayer/Messages/AvalancheMessages$Message$TopologyStatusMessage$Builder.java,clone,->,67366ab5-4121-477e-a26c-d2501b464c4e,CommLayer/Messages/AvalancheMessages$Message$TopologyStatusMessage$Builder.java,clone
67366ab5-4121-477e-a26c-d2501b464c4e,CommLayer/Messages/AvalancheMessages$Message$TopologyStatusMessage$Builder.java,buildPartial,->,67366ab5-4121-477e-a26c-d2501b464c4e,CommLayer/Messages/AvalancheMessages$Message$TopologyStatusMessage$Builder.java,buildPartial
67366ab5-4121-477e-a26c-d2501b464c4e,CommLayer/Messages/AvalancheMessages$Message$TopologyStatusMessage$Builder.java,build,->,67366ab5-4121-477e-a26c-d2501b464c4e,CommLayer/Messages/AvalancheMessages$Message$TopologyStatusMessage$Builder.java,build
67366ab5-4121-477e-a26c-d2501b464c4e,CommLayer/Messages/AvalancheMessages$Message$TopologyStatusMessage$Builder.java,clear,->,67366ab5-4121-477e-a26c-d2501b464c4e,CommLayer/Messages/AvalancheMessages$Message$TopologyStatusMessage$Builder.java,clear
67366ab5-4121-477e-a26c-d2501b464c4e,CommLayer/Messages/AvalancheMessages$Message$TopologyStatusMessage$Builder.java,getDefaultInstanceForType,->,67366ab5-4121-477e-a26c-d2501b464c4e,CommLayer/Messages/AvalancheMessages$Message$TopologyStatusMessage$Builder.java,getDefaultInstanceForType
67366ab5-4121-477e-a26c-d2501b464c4e,CommLayer/Messages/AvalancheMessages$Message$TopologyStatusMessage$Builder.java,getDefaultInstanceForType,->,67366ab5-4121-477e-a26c-d2501b464c4e,CommLayer/Messages/AvalancheMessages$Message$TopologyStatusMessage$Builder.java,getDefaultInstanceForType
67366ab5-4121-477e-a26c-d2501b464c4e,CommLayer/Messages/AvalancheMessages$Message$TopologyStatusMessage$Builder.java,mergeFrom,->,67366ab5-4121-477e-a26c-d2501b464c4e,CommLayer/Messages/AvalancheMessages$Message$TopologyStatusMessage$Builder.java,mergeFrom
67366ab5-4121-477e-a26c-d2501b464c4e,CommLayer/Messages/AvalancheMessages$Message$TopologyStatusMessage$Builder.java,clone,->,67366ab5-4121-477e-a26c-d2501b464c4e,CommLayer/Messages/AvalancheMessages$Message$TopologyStatusMessage$Builder.java,clone
67366ab5-4121-477e-a26c-d2501b464c4e,CommLayer/Messages/AvalancheMessages$Message$TopologyStatusMessage$Builder.java,clone,->,67366ab5-4121-477e-a26c-d2501b464c4e,CommLayer/Messages/AvalancheMessages$Message$TopologyStatusMessage$Builder.java,clone
67366ab5-4121-477e-a26c-d2501b464c4e,CommLayer/Messages/AvalancheMessages$Message$TopologyStatusMessage$Builder.java,access$20100,->,67366ab5-4121-477e-a26c-d2501b464c4e,CommLayer/Messages/AvalancheMessages$Message$TopologyStatusMessage$Builder.java,create
67366ab5-4121-477e-a26c-d2501b464c4e,CommLayer/Messages/AvalancheMessages$Message$TopologyStatusMessage.java,getDescriptor,->,67366ab5-4121-477e-a26c-d2501b464c4e,CommLayer/Messages/AvalancheMessages.java,access$19800
67366ab5-4121-477e-a26c-d2501b464c4e,CommLayer/Messages/AvalancheMessages$Message$TopologyStatusMessage.java,internalGetFieldAccessorTable,->,67366ab5-4121-477e-a26c-d2501b464c4e,CommLayer/Messages/AvalancheMessages.java,access$19900
67366ab5-4121-477e-a26c-d2501b464c4e,CommLayer/Messages/AvalancheMessages$Message$TopologyStatusMessage.java,internalGetFieldAccessorTable,->,67366ab5-4121-477e-a26c-d2501b464c4e,com/google/protobuf/GeneratedMessage$FieldAccessorTable.java,ensureFieldAccessorsInitialized
67366ab5-4121-477e-a26c-d2501b464c4e,CommLayer/Messages/AvalancheMessages$Message$TopologyStatusMessage.java,getTaskStatusesCount,->,67366ab5-4121-477e-a26c-d2501b464c4e,java/util/List.java,size
67366ab5-4121-477e-a26c-d2501b464c4e,CommLayer/Messages/AvalancheMessages$Message$TopologyStatusMessage.java,getTaskStatuses,->,67366ab5-4121-477e-a26c-d2501b464c4e,java/util/List.java,get
67366ab5-4121-477e-a26c-d2501b464c4e,CommLayer/Messages/AvalancheMessages$Message$TopologyStatusMessage.java,getTaskStatusesOrBuilder,->,67366ab5-4121-477e-a26c-d2501b464c4e,java/util/List.java,get
67366ab5-4121-477e-a26c-d2501b464c4e,CommLayer/Messages/AvalancheMessages$Message$TopologyStatusMessage.java,initFields,->,67366ab5-4121-477e-a26c-d2501b464c4e,java/util/Collections.java,emptyList
67366ab5-4121-477e-a26c-d2501b464c4e,CommLayer/Messages/AvalancheMessages$Message$TopologyStatusMessage.java,writeTo,->,67366ab5-4121-477e-a26c-d2501b464c4e,CommLayer/Messages/AvalancheMessages$Message$TopologyStatusMessage.java,getSerializedSize
67366ab5-4121-477e-a26c-d2501b464c4e,CommLayer/Messages/AvalancheMessages$Message$TopologyStatusMessage.java,writeTo,->,67366ab5-4121-477e-a26c-d2501b464c4e,java/util/List.java,size
67366ab5-4121-477e-a26c-d2501b464c4e,CommLayer/Messages/AvalancheMessages$Message$TopologyStatusMessage.java,writeTo,->,67366ab5-4121-477e-a26c-d2501b464c4e,java/util/List.java,get
67366ab5-4121-477e-a26c-d2501b464c4e,CommLayer/Messages/AvalancheMessages$Message$TopologyStatusMessage.java,writeTo,->,67366ab5-4121-477e-a26c-d2501b464c4e,com/google/protobuf/CodedOutputStream.java,writeMessage
67366ab5-4121-477e-a26c-d2501b464c4e,CommLayer/Messages/AvalancheMessages$Message$TopologyStatusMessage.java,writeTo,->,67366ab5-4121-477e-a26c-d2501b464c4e,CommLayer/Messages/AvalancheMessages$Message$TopologyStatusMessage.java,getUnknownFields
67366ab5-4121-477e-a26c-d2501b464c4e,CommLayer/Messages/AvalancheMessages$Message$TopologyStatusMessage.java,writeTo,->,67366ab5-4121-477e-a26c-d2501b464c4e,com/google/protobuf/UnknownFieldSet.java,writeTo
67366ab5-4121-477e-a26c-d2501b464c4e,CommLayer/Messages/AvalancheMessages$Message$TopologyStatusMessage.java,getSerializedSize,->,67366ab5-4121-477e-a26c-d2501b464c4e,java/util/List.java,size
67366ab5-4121-477e-a26c-d2501b464c4e,CommLayer/Messages/AvalancheMessages$Message$TopologyStatusMessage.java,getSerializedSize,->,67366ab5-4121-477e-a26c-d2501b464c4e,java/util/List.java,get
67366ab5-4121-477e-a26c-d2501b464c4e,CommLayer/Messages/AvalancheMessages$Message$TopologyStatusMessage.java,getSerializedSize,->,67366ab5-4121-477e-a26c-d2501b464c4e,com/google/protobuf/CodedOutputStream.java,computeMessageSize
67366ab5-4121-477e-a26c-d2501b464c4e,CommLayer/Messages/AvalancheMessages$Message$TopologyStatusMessage.java,getSerializedSize,->,67366ab5-4121-477e-a26c-d2501b464c4e,CommLayer/Messages/AvalancheMessages$Message$TopologyStatusMessage.java,getUnknownFields
67366ab5-4121-477e-a26c-d2501b464c4e,CommLayer/Messages/AvalancheMessages$Message$TopologyStatusMessage.java,getSerializedSize,->,67366ab5-4121-477e-a26c-d2501b464c4e,com/google/protobuf/UnknownFieldSet.java,getSerializedSize
67366ab5-4121-477e-a26c-d2501b464c4e,CommLayer/Messages/AvalancheMessages$Message$TopologyStatusMessage.java,writeReplace,->,67366ab5-4121-477e-a26c-d2501b464c4e,com/google/protobuf/GeneratedMessage.java,writeReplace
67366ab5-4121-477e-a26c-d2501b464c4e,CommLayer/Messages/AvalancheMessages$Message$TopologyStatusMessage.java,parseFrom,->,67366ab5-4121-477e-a26c-d2501b464c4e,com/google/protobuf/Parser.java,parseFrom
67366ab5-4121-477e-a26c-d2501b464c4e,CommLayer/Messages/AvalancheMessages$Message$TopologyStatusMessage.java,parseFrom,->,67366ab5-4121-477e-a26c-d2501b464c4e,com/google/protobuf/Parser.java,parseFrom
67366ab5-4121-477e-a26c-d2501b464c4e,CommLayer/Messages/AvalancheMessages$Message$TopologyStatusMessage.java,parseFrom,->,67366ab5-4121-477e-a26c-d2501b464c4e,com/google/protobuf/Parser.java,parseFrom
67366ab5-4121-477e-a26c-d2501b464c4e,CommLayer/Messages/AvalancheMessages$Message$TopologyStatusMessage.java,parseFrom,->,67366ab5-4121-477e-a26c-d2501b464c4e,com/google/protobuf/Parser.java,parseFrom
67366ab5-4121-477e-a26c-d2501b464c4e,CommLayer/Messages/AvalancheMessages$Message$TopologyStatusMessage.java,parseFrom,->,67366ab5-4121-477e-a26c-d2501b464c4e,com/google/protobuf/Parser.java,parseFrom
67366ab5-4121-477e-a26c-d2501b464c4e,CommLayer/Messages/AvalancheMessages$Message$TopologyStatusMessage.java,parseFrom,->,67366ab5-4121-477e-a26c-d2501b464c4e,com/google/protobuf/Parser.java,parseFrom
67366ab5-4121-477e-a26c-d2501b464c4e,CommLayer/Messages/AvalancheMessages$Message$TopologyStatusMessage.java,parseDelimitedFrom,->,67366ab5-4121-477e-a26c-d2501b464c4e,com/google/protobuf/Parser.java,parseDelimitedFrom
67366ab5-4121-477e-a26c-d2501b464c4e,CommLayer/Messages/AvalancheMessages$Message$TopologyStatusMessage.java,parseDelimitedFrom,->,67366ab5-4121-477e-a26c-d2501b464c4e,com/google/protobuf/Parser.java,parseDelimitedFrom
67366ab5-4121-477e-a26c-d2501b464c4e,CommLayer/Messages/AvalancheMessages$Message$TopologyStatusMessage.java,parseFrom,->,67366ab5-4121-477e-a26c-d2501b464c4e,com/google/protobuf/Parser.java,parseFrom
67366ab5-4121-477e-a26c-d2501b464c4e,CommLayer/Messages/AvalancheMessages$Message$TopologyStatusMessage.java,parseFrom,->,67366ab5-4121-477e-a26c-d2501b464c4e,com/google/protobuf/Parser.java,parseFrom
67366ab5-4121-477e-a26c-d2501b464c4e,CommLayer/Messages/AvalancheMessages$Message$TopologyStatusMessage.java,newBuilder,->,67366ab5-4121-477e-a26c-d2501b464c4e,CommLayer/Messages/AvalancheMessages$Message$TopologyStatusMessage$Builder.java,access$20100
67366ab5-4121-477e-a26c-d2501b464c4e,CommLayer/Messages/AvalancheMessages$Message$TopologyStatusMessage.java,newBuilderForType,->,67366ab5-4121-477e-a26c-d2501b464c4e,CommLayer/Messages/AvalancheMessages$Message$TopologyStatusMessage.java,newBuilder
67366ab5-4121-477e-a26c-d2501b464c4e,CommLayer/Messages/AvalancheMessages$Message$TopologyStatusMessage.java,newBuilder,->,67366ab5-4121-477e-a26c-d2501b464c4e,CommLayer/Messages/AvalancheMessages$Message$TopologyStatusMessage.java,newBuilder
67366ab5-4121-477e-a26c-d2501b464c4e,CommLayer/Messages/AvalancheMessages$Message$TopologyStatusMessage.java,newBuilder,->,67366ab5-4121-477e-a26c-d2501b464c4e,CommLayer/Messages/AvalancheMessages$Message$TopologyStatusMessage$Builder.java,mergeFrom
67366ab5-4121-477e-a26c-d2501b464c4e,CommLayer/Messages/AvalancheMessages$Message$TopologyStatusMessage.java,toBuilder,->,67366ab5-4121-477e-a26c-d2501b464c4e,CommLayer/Messages/AvalancheMessages$Message$TopologyStatusMessage.java,newBuilder
67366ab5-4121-477e-a26c-d2501b464c4e,CommLayer/Messages/AvalancheMessages$Message$TopologyStatusMessage.java,newBuilderForType,->,67366ab5-4121-477e-a26c-d2501b464c4e,CommLayer/Messages/AvalancheMessages$Message$TopologyStatusMessage.java,newBuilderForType
67366ab5-4121-477e-a26c-d2501b464c4e,CommLayer/Messages/AvalancheMessages$Message$TopologyStatusMessage.java,toBuilder,->,67366ab5-4121-477e-a26c-d2501b464c4e,CommLayer/Messages/AvalancheMessages$Message$TopologyStatusMessage.java,toBuilder
67366ab5-4121-477e-a26c-d2501b464c4e,CommLayer/Messages/AvalancheMessages$Message$TopologyStatusMessage.java,newBuilderForType,->,67366ab5-4121-477e-a26c-d2501b464c4e,CommLayer/Messages/AvalancheMessages$Message$TopologyStatusMessage.java,newBuilderForType
67366ab5-4121-477e-a26c-d2501b464c4e,CommLayer/Messages/AvalancheMessages$Message$TopologyStatusMessage.java,toBuilder,->,67366ab5-4121-477e-a26c-d2501b464c4e,CommLayer/Messages/AvalancheMessages$Message$TopologyStatusMessage.java,toBuilder
67366ab5-4121-477e-a26c-d2501b464c4e,CommLayer/Messages/AvalancheMessages$Message$TopologyStatusMessage.java,newBuilderForType,->,67366ab5-4121-477e-a26c-d2501b464c4e,CommLayer/Messages/AvalancheMessages$Message$TopologyStatusMessage.java,newBuilderForType
67366ab5-4121-477e-a26c-d2501b464c4e,CommLayer/Messages/AvalancheMessages$Message$TopologyStatusMessage.java,getDefaultInstanceForType,->,67366ab5-4121-477e-a26c-d2501b464c4e,CommLayer/Messages/AvalancheMessages$Message$TopologyStatusMessage.java,getDefaultInstanceForType
67366ab5-4121-477e-a26c-d2501b464c4e,CommLayer/Messages/AvalancheMessages$Message$TopologyStatusMessage.java,getDefaultInstanceForType,->,67366ab5-4121-477e-a26c-d2501b464c4e,CommLayer/Messages/AvalancheMessages$Message$TopologyStatusMessage.java,getDefaultInstanceForType
67366ab5-4121-477e-a26c-d2501b464c4e,CommLayer/Messages/AvalancheMessages$Message$TopologyStatusMessage.java,<clinit>,->,67366ab5-4121-477e-a26c-d2501b464c4e,CommLayer/Messages/AvalancheMessages$Message$TopologyStatusMessage.java,initFields
67366ab5-4121-477e-a26c-d2501b464c4e,CommLayer/Messages/AvalancheMessages$Message$DataPair.java,getDescriptor,->,67366ab5-4121-477e-a26c-d2501b464c4e,CommLayer/Messages/AvalancheMessages.java,access$7100
67366ab5-4121-477e-a26c-d2501b464c4e,CommLayer/Messages/AvalancheMessages$Message$DataPair.java,internalGetFieldAccessorTable,->,67366ab5-4121-477e-a26c-d2501b464c4e,CommLayer/Messages/AvalancheMessages.java,access$7200
67366ab5-4121-477e-a26c-d2501b464c4e,CommLayer/Messages/AvalancheMessages$Message$DataPair.java,internalGetFieldAccessorTable,->,67366ab5-4121-477e-a26c-d2501b464c4e,com/google/protobuf/GeneratedMessage$FieldAccessorTable.java,ensureFieldAccessorsInitialized
67366ab5-4121-477e-a26c-d2501b464c4e,CommLayer/Messages/AvalancheMessages$Message$DataPair.java,getKey,->,67366ab5-4121-477e-a26c-d2501b464c4e,com/google/protobuf/ByteString.java,toStringUtf8
67366ab5-4121-477e-a26c-d2501b464c4e,CommLayer/Messages/AvalancheMessages$Message$DataPair.java,getKey,->,67366ab5-4121-477e-a26c-d2501b464c4e,com/google/protobuf/ByteString.java,isValidUtf8
67366ab5-4121-477e-a26c-d2501b464c4e,CommLayer/Messages/AvalancheMessages$Message$DataPair.java,getKeyBytes,->,67366ab5-4121-477e-a26c-d2501b464c4e,com/google/protobuf/ByteString.java,copyFromUtf8
67366ab5-4121-477e-a26c-d2501b464c4e,CommLayer/Messages/AvalancheMessages$Message$DataPair.java,getValue,->,67366ab5-4121-477e-a26c-d2501b464c4e,com/google/protobuf/ByteString.java,toStringUtf8
67366ab5-4121-477e-a26c-d2501b464c4e,CommLayer/Messages/AvalancheMessages$Message$DataPair.java,getValue,->,67366ab5-4121-477e-a26c-d2501b464c4e,com/google/protobuf/ByteString.java,isValidUtf8
67366ab5-4121-477e-a26c-d2501b464c4e,CommLayer/Messages/AvalancheMessages$Message$DataPair.java,getValueBytes,->,67366ab5-4121-477e-a26c-d2501b464c4e,com/google/protobuf/ByteString.java,copyFromUtf8
67366ab5-4121-477e-a26c-d2501b464c4e,CommLayer/Messages/AvalancheMessages$Message$DataPair.java,writeTo,->,67366ab5-4121-477e-a26c-d2501b464c4e,CommLayer/Messages/AvalancheMessages$Message$DataPair.java,getSerializedSize
67366ab5-4121-477e-a26c-d2501b464c4e,CommLayer/Messages/AvalancheMessages$Message$DataPair.java,writeTo,->,67366ab5-4121-477e-a26c-d2501b464c4e,CommLayer/Messages/AvalancheMessages$Message$DataPair.java,getKeyBytes
67366ab5-4121-477e-a26c-d2501b464c4e,CommLayer/Messages/AvalancheMessages$Message$DataPair.java,writeTo,->,67366ab5-4121-477e-a26c-d2501b464c4e,com/google/protobuf/CodedOutputStream.java,writeBytes
67366ab5-4121-477e-a26c-d2501b464c4e,CommLayer/Messages/AvalancheMessages$Message$DataPair.java,writeTo,->,67366ab5-4121-477e-a26c-d2501b464c4e,CommLayer/Messages/AvalancheMessages$Message$DataPair.java,getValueBytes
67366ab5-4121-477e-a26c-d2501b464c4e,CommLayer/Messages/AvalancheMessages$Message$DataPair.java,writeTo,->,67366ab5-4121-477e-a26c-d2501b464c4e,com/google/protobuf/CodedOutputStream.java,writeBytes
67366ab5-4121-477e-a26c-d2501b464c4e,CommLayer/Messages/AvalancheMessages$Message$DataPair.java,writeTo,->,67366ab5-4121-477e-a26c-d2501b464c4e,CommLayer/Messages/AvalancheMessages$Message$DataPair.java,getUnknownFields
67366ab5-4121-477e-a26c-d2501b464c4e,CommLayer/Messages/AvalancheMessages$Message$DataPair.java,writeTo,->,67366ab5-4121-477e-a26c-d2501b464c4e,com/google/protobuf/UnknownFieldSet.java,writeTo
67366ab5-4121-477e-a26c-d2501b464c4e,CommLayer/Messages/AvalancheMessages$Message$DataPair.java,getSerializedSize,->,67366ab5-4121-477e-a26c-d2501b464c4e,CommLayer/Messages/AvalancheMessages$Message$DataPair.java,getKeyBytes
67366ab5-4121-477e-a26c-d2501b464c4e,CommLayer/Messages/AvalancheMessages$Message$DataPair.java,getSerializedSize,->,67366ab5-4121-477e-a26c-d2501b464c4e,com/google/protobuf/CodedOutputStream.java,computeBytesSize
67366ab5-4121-477e-a26c-d2501b464c4e,CommLayer/Messages/AvalancheMessages$Message$DataPair.java,getSerializedSize,->,67366ab5-4121-477e-a26c-d2501b464c4e,CommLayer/Messages/AvalancheMessages$Message$DataPair.java,getValueBytes
67366ab5-4121-477e-a26c-d2501b464c4e,CommLayer/Messages/AvalancheMessages$Message$DataPair.java,getSerializedSize,->,67366ab5-4121-477e-a26c-d2501b464c4e,com/google/protobuf/CodedOutputStream.java,computeBytesSize
67366ab5-4121-477e-a26c-d2501b464c4e,CommLayer/Messages/AvalancheMessages$Message$DataPair.java,getSerializedSize,->,67366ab5-4121-477e-a26c-d2501b464c4e,CommLayer/Messages/AvalancheMessages$Message$DataPair.java,getUnknownFields
67366ab5-4121-477e-a26c-d2501b464c4e,CommLayer/Messages/AvalancheMessages$Message$DataPair.java,getSerializedSize,->,67366ab5-4121-477e-a26c-d2501b464c4e,com/google/protobuf/UnknownFieldSet.java,getSerializedSize
67366ab5-4121-477e-a26c-d2501b464c4e,CommLayer/Messages/AvalancheMessages$Message$DataPair.java,writeReplace,->,67366ab5-4121-477e-a26c-d2501b464c4e,com/google/protobuf/GeneratedMessage.java,writeReplace
67366ab5-4121-477e-a26c-d2501b464c4e,CommLayer/Messages/AvalancheMessages$Message$DataPair.java,parseFrom,->,67366ab5-4121-477e-a26c-d2501b464c4e,com/google/protobuf/Parser.java,parseFrom
67366ab5-4121-477e-a26c-d2501b464c4e,CommLayer/Messages/AvalancheMessages$Message$DataPair.java,parseFrom,->,67366ab5-4121-477e-a26c-d2501b464c4e,com/google/protobuf/Parser.java,parseFrom
67366ab5-4121-477e-a26c-d2501b464c4e,CommLayer/Messages/AvalancheMessages$Message$DataPair.java,parseFrom,->,67366ab5-4121-477e-a26c-d2501b464c4e,com/google/protobuf/Parser.java,parseFrom
67366ab5-4121-477e-a26c-d2501b464c4e,CommLayer/Messages/AvalancheMessages$Message$DataPair.java,parseFrom,->,67366ab5-4121-477e-a26c-d2501b464c4e,com/google/protobuf/Parser.java,parseFrom
67366ab5-4121-477e-a26c-d2501b464c4e,CommLayer/Messages/AvalancheMessages$Message$DataPair.java,parseFrom,->,67366ab5-4121-477e-a26c-d2501b464c4e,com/google/protobuf/Parser.java,parseFrom
67366ab5-4121-477e-a26c-d2501b464c4e,CommLayer/Messages/AvalancheMessages$Message$DataPair.java,parseFrom,->,67366ab5-4121-477e-a26c-d2501b464c4e,com/google/protobuf/Parser.java,parseFrom
67366ab5-4121-477e-a26c-d2501b464c4e,CommLayer/Messages/AvalancheMessages$Message$DataPair.java,parseDelimitedFrom,->,67366ab5-4121-477e-a26c-d2501b464c4e,com/google/protobuf/Parser.java,parseDelimitedFrom
67366ab5-4121-477e-a26c-d2501b464c4e,CommLayer/Messages/AvalancheMessages$Message$DataPair.java,parseDelimitedFrom,->,67366ab5-4121-477e-a26c-d2501b464c4e,com/google/protobuf/Parser.java,parseDelimitedFrom
67366ab5-4121-477e-a26c-d2501b464c4e,CommLayer/Messages/AvalancheMessages$Message$DataPair.java,parseFrom,->,67366ab5-4121-477e-a26c-d2501b464c4e,com/google/protobuf/Parser.java,parseFrom
67366ab5-4121-477e-a26c-d2501b464c4e,CommLayer/Messages/AvalancheMessages$Message$DataPair.java,parseFrom,->,67366ab5-4121-477e-a26c-d2501b464c4e,com/google/protobuf/Parser.java,parseFrom
67366ab5-4121-477e-a26c-d2501b464c4e,CommLayer/Messages/AvalancheMessages$Message$DataPair.java,newBuilder,->,67366ab5-4121-477e-a26c-d2501b464c4e,CommLayer/Messages/AvalancheMessages$Message$DataPair$Builder.java,access$7400
67366ab5-4121-477e-a26c-d2501b464c4e,CommLayer/Messages/AvalancheMessages$Message$DataPair.java,newBuilderForType,->,67366ab5-4121-477e-a26c-d2501b464c4e,CommLayer/Messages/AvalancheMessages$Message$DataPair.java,newBuilder
67366ab5-4121-477e-a26c-d2501b464c4e,CommLayer/Messages/AvalancheMessages$Message$DataPair.java,newBuilder,->,67366ab5-4121-477e-a26c-d2501b464c4e,CommLayer/Messages/AvalancheMessages$Message$DataPair.java,newBuilder
67366ab5-4121-477e-a26c-d2501b464c4e,CommLayer/Messages/AvalancheMessages$Message$DataPair.java,newBuilder,->,67366ab5-4121-477e-a26c-d2501b464c4e,CommLayer/Messages/AvalancheMessages$Message$DataPair$Builder.java,mergeFrom
67366ab5-4121-477e-a26c-d2501b464c4e,CommLayer/Messages/AvalancheMessages$Message$DataPair.java,toBuilder,->,67366ab5-4121-477e-a26c-d2501b464c4e,CommLayer/Messages/AvalancheMessages$Message$DataPair.java,newBuilder
67366ab5-4121-477e-a26c-d2501b464c4e,CommLayer/Messages/AvalancheMessages$Message$DataPair.java,newBuilderForType,->,67366ab5-4121-477e-a26c-d2501b464c4e,CommLayer/Messages/AvalancheMessages$Message$DataPair.java,newBuilderForType
67366ab5-4121-477e-a26c-d2501b464c4e,CommLayer/Messages/AvalancheMessages$Message$DataPair.java,toBuilder,->,67366ab5-4121-477e-a26c-d2501b464c4e,CommLayer/Messages/AvalancheMessages$Message$DataPair.java,toBuilder
67366ab5-4121-477e-a26c-d2501b464c4e,CommLayer/Messages/AvalancheMessages$Message$DataPair.java,newBuilderForType,->,67366ab5-4121-477e-a26c-d2501b464c4e,CommLayer/Messages/AvalancheMessages$Message$DataPair.java,newBuilderForType
67366ab5-4121-477e-a26c-d2501b464c4e,CommLayer/Messages/AvalancheMessages$Message$DataPair.java,toBuilder,->,67366ab5-4121-477e-a26c-d2501b464c4e,CommLayer/Messages/AvalancheMessages$Message$DataPair.java,toBuilder
67366ab5-4121-477e-a26c-d2501b464c4e,CommLayer/Messages/AvalancheMessages$Message$DataPair.java,newBuilderForType,->,67366ab5-4121-477e-a26c-d2501b464c4e,CommLayer/Messages/AvalancheMessages$Message$DataPair.java,newBuilderForType
67366ab5-4121-477e-a26c-d2501b464c4e,CommLayer/Messages/AvalancheMessages$Message$DataPair.java,getDefaultInstanceForType,->,67366ab5-4121-477e-a26c-d2501b464c4e,CommLayer/Messages/AvalancheMessages$Message$DataPair.java,getDefaultInstanceForType
67366ab5-4121-477e-a26c-d2501b464c4e,CommLayer/Messages/AvalancheMessages$Message$DataPair.java,getDefaultInstanceForType,->,67366ab5-4121-477e-a26c-d2501b464c4e,CommLayer/Messages/AvalancheMessages$Message$DataPair.java,getDefaultInstanceForType
67366ab5-4121-477e-a26c-d2501b464c4e,CommLayer/Messages/AvalancheMessages$Message$DataPair.java,<clinit>,->,67366ab5-4121-477e-a26c-d2501b464c4e,CommLayer/Messages/AvalancheMessages$Message$DataPair.java,initFields
67366ab5-4121-477e-a26c-d2501b464c4e,CommLayer/Messages/AvalancheMessages$Message$TaskStatusMessage$Status$1.java,findValueByNumber,->,67366ab5-4121-477e-a26c-d2501b464c4e,CommLayer/Messages/AvalancheMessages$Message$TaskStatusMessage$Status.java,valueOf
67366ab5-4121-477e-a26c-d2501b464c4e,CommLayer/Messages/AvalancheMessages$Message$TaskStatusMessage$Status$1.java,findValueByNumber,->,67366ab5-4121-477e-a26c-d2501b464c4e,CommLayer/Messages/AvalancheMessages$Message$TaskStatusMessage$Status$1.java,findValueByNumber
67366ab5-4121-477e-a26c-d2501b464c4e,CommLayer/Messages/AvalancheMessages$Message$DataManagerMessage$DataRegMessage$Builder.java,getDescriptor,->,67366ab5-4121-477e-a26c-d2501b464c4e,CommLayer/Messages/AvalancheMessages.java,access$8400
67366ab5-4121-477e-a26c-d2501b464c4e,CommLayer/Messages/AvalancheMessages$Message$DataManagerMessage$DataRegMessage$Builder.java,internalGetFieldAccessorTable,->,67366ab5-4121-477e-a26c-d2501b464c4e,CommLayer/Messages/AvalancheMessages.java,access$8500
67366ab5-4121-477e-a26c-d2501b464c4e,CommLayer/Messages/AvalancheMessages$Message$DataManagerMessage$DataRegMessage$Builder.java,internalGetFieldAccessorTable,->,67366ab5-4121-477e-a26c-d2501b464c4e,com/google/protobuf/GeneratedMessage$FieldAccessorTable.java,ensureFieldAccessorsInitialized
67366ab5-4121-477e-a26c-d2501b464c4e,CommLayer/Messages/AvalancheMessages$Message$DataManagerMessage$DataRegMessage$Builder.java,maybeForceBuilderInitialization,->,67366ab5-4121-477e-a26c-d2501b464c4e,CommLayer/Messages/AvalancheMessages$Message$DataManagerMessage$DataRegMessage.java,access$8900
67366ab5-4121-477e-a26c-d2501b464c4e,CommLayer/Messages/AvalancheMessages$Message$DataManagerMessage$DataRegMessage$Builder.java,maybeForceBuilderInitialization,->,67366ab5-4121-477e-a26c-d2501b464c4e,CommLayer/Messages/AvalancheMessages$Message$DataManagerMessage$DataRegMessage$Builder.java,getTaskInitServiceLocationFieldBuilder
67366ab5-4121-477e-a26c-d2501b464c4e,CommLayer/Messages/AvalancheMessages$Message$DataManagerMessage$DataRegMessage$Builder.java,maybeForceBuilderInitialization,->,67366ab5-4121-477e-a26c-d2501b464c4e,CommLayer/Messages/AvalancheMessages$Message$DataManagerMessage$DataRegMessage$Builder.java,getDataHandlerServiceLocationFieldBuilder
67366ab5-4121-477e-a26c-d2501b464c4e,CommLayer/Messages/AvalancheMessages$Message$DataManagerMessage$DataRegMessage$Builder.java,clear,->,67366ab5-4121-477e-a26c-d2501b464c4e,com/google/protobuf/GeneratedMessage$Builder.java,clear
67366ab5-4121-477e-a26c-d2501b464c4e,CommLayer/Messages/AvalancheMessages$Message$DataManagerMessage$DataRegMessage$Builder.java,clear,->,67366ab5-4121-477e-a26c-d2501b464c4e,CommLayer/Messages/AvalancheMessages$Message$Location.java,getDefaultInstance
67366ab5-4121-477e-a26c-d2501b464c4e,CommLayer/Messages/AvalancheMessages$Message$DataManagerMessage$DataRegMessage$Builder.java,clear,->,67366ab5-4121-477e-a26c-d2501b464c4e,com/google/protobuf/SingleFieldBuilder.java,clear
67366ab5-4121-477e-a26c-d2501b464c4e,CommLayer/Messages/AvalancheMessages$Message$DataManagerMessage$DataRegMessage$Builder.java,clear,->,67366ab5-4121-477e-a26c-d2501b464c4e,CommLayer/Messages/AvalancheMessages$Message$Location.java,getDefaultInstance
67366ab5-4121-477e-a26c-d2501b464c4e,CommLayer/Messages/AvalancheMessages$Message$DataManagerMessage$DataRegMessage$Builder.java,clear,->,67366ab5-4121-477e-a26c-d2501b464c4e,com/google/protobuf/SingleFieldBuilder.java,clear
67366ab5-4121-477e-a26c-d2501b464c4e,CommLayer/Messages/AvalancheMessages$Message$DataManagerMessage$DataRegMessage$Builder.java,clone,->,67366ab5-4121-477e-a26c-d2501b464c4e,CommLayer/Messages/AvalancheMessages$Message$DataManagerMessage$DataRegMessage$Builder.java,create
67366ab5-4121-477e-a26c-d2501b464c4e,CommLayer/Messages/AvalancheMessages$Message$DataManagerMessage$DataRegMessage$Builder.java,clone,->,67366ab5-4121-477e-a26c-d2501b464c4e,CommLayer/Messages/AvalancheMessages$Message$DataManagerMessage$DataRegMessage$Builder.java,buildPartial
67366ab5-4121-477e-a26c-d2501b464c4e,CommLayer/Messages/AvalancheMessages$Message$DataManagerMessage$DataRegMessage$Builder.java,clone,->,67366ab5-4121-477e-a26c-d2501b464c4e,CommLayer/Messages/AvalancheMessages$Message$DataManagerMessage$DataRegMessage$Builder.java,mergeFrom
67366ab5-4121-477e-a26c-d2501b464c4e,CommLayer/Messages/AvalancheMessages$Message$DataManagerMessage$DataRegMessage$Builder.java,getDescriptorForType,->,67366ab5-4121-477e-a26c-d2501b464c4e,CommLayer/Messages/AvalancheMessages.java,access$8400
67366ab5-4121-477e-a26c-d2501b464c4e,CommLayer/Messages/AvalancheMessages$Message$DataManagerMessage$DataRegMessage$Builder.java,getDefaultInstanceForType,->,67366ab5-4121-477e-a26c-d2501b464c4e,CommLayer/Messages/AvalancheMessages$Message$DataManagerMessage$DataRegMessage.java,getDefaultInstance
67366ab5-4121-477e-a26c-d2501b464c4e,CommLayer/Messages/AvalancheMessages$Message$DataManagerMessage$DataRegMessage$Builder.java,build,->,67366ab5-4121-477e-a26c-d2501b464c4e,CommLayer/Messages/AvalancheMessages$Message$DataManagerMessage$DataRegMessage$Builder.java,buildPartial
67366ab5-4121-477e-a26c-d2501b464c4e,CommLayer/Messages/AvalancheMessages$Message$DataManagerMessage$DataRegMessage$Builder.java,build,->,67366ab5-4121-477e-a26c-d2501b464c4e,CommLayer/Messages/AvalancheMessages$Message$DataManagerMessage$DataRegMessage.java,isInitialized
67366ab5-4121-477e-a26c-d2501b464c4e,CommLayer/Messages/AvalancheMessages$Message$DataManagerMessage$DataRegMessage$Builder.java,build,->,67366ab5-4121-477e-a26c-d2501b464c4e,CommLayer/Messages/AvalancheMessages$Message$DataManagerMessage$DataRegMessage$Builder.java,newUninitializedMessageException
67366ab5-4121-477e-a26c-d2501b464c4e,CommLayer/Messages/AvalancheMessages$Message$DataManagerMessage$DataRegMessage$Builder.java,buildPartial,->,67366ab5-4121-477e-a26c-d2501b464c4e,CommLayer/Messages/AvalancheMessages$Message$DataManagerMessage$DataRegMessage.java,access$9102
67366ab5-4121-477e-a26c-d2501b464c4e,CommLayer/Messages/AvalancheMessages$Message$DataManagerMessage$DataRegMessage$Builder.java,buildPartial,->,67366ab5-4121-477e-a26c-d2501b464c4e,com/google/protobuf/SingleFieldBuilder.java,build
67366ab5-4121-477e-a26c-d2501b464c4e,CommLayer/Messages/AvalancheMessages$Message$DataManagerMessage$DataRegMessage$Builder.java,buildPartial,->,67366ab5-4121-477e-a26c-d2501b464c4e,CommLayer/Messages/AvalancheMessages$Message$DataManagerMessage$DataRegMessage.java,access$9102
67366ab5-4121-477e-a26c-d2501b464c4e,CommLayer/Messages/AvalancheMessages$Message$DataManagerMessage$DataRegMessage$Builder.java,buildPartial,->,67366ab5-4121-477e-a26c-d2501b464c4e,CommLayer/Messages/AvalancheMessages$Message$DataManagerMessage$DataRegMessage.java,access$9202
67366ab5-4121-477e-a26c-d2501b464c4e,CommLayer/Messages/AvalancheMessages$Message$DataManagerMessage$DataRegMessage$Builder.java,buildPartial,->,67366ab5-4121-477e-a26c-d2501b464c4e,com/google/protobuf/SingleFieldBuilder.java,build
67366ab5-4121-477e-a26c-d2501b464c4e,CommLayer/Messages/AvalancheMessages$Message$DataManagerMessage$DataRegMessage$Builder.java,buildPartial,->,67366ab5-4121-477e-a26c-d2501b464c4e,CommLayer/Messages/AvalancheMessages$Message$DataManagerMessage$DataRegMessage.java,access$9202
67366ab5-4121-477e-a26c-d2501b464c4e,CommLayer/Messages/AvalancheMessages$Message$DataManagerMessage$DataRegMessage$Builder.java,buildPartial,->,67366ab5-4121-477e-a26c-d2501b464c4e,CommLayer/Messages/AvalancheMessages$Message$DataManagerMessage$DataRegMessage.java,access$9302
67366ab5-4121-477e-a26c-d2501b464c4e,CommLayer/Messages/AvalancheMessages$Message$DataManagerMessage$DataRegMessage$Builder.java,buildPartial,->,67366ab5-4121-477e-a26c-d2501b464c4e,CommLayer/Messages/AvalancheMessages$Message$DataManagerMessage$DataRegMessage.java,access$9402
67366ab5-4121-477e-a26c-d2501b464c4e,CommLayer/Messages/AvalancheMessages$Message$DataManagerMessage$DataRegMessage$Builder.java,buildPartial,->,67366ab5-4121-477e-a26c-d2501b464c4e,CommLayer/Messages/AvalancheMessages$Message$DataManagerMessage$DataRegMessage$Builder.java,onBuilt
67366ab5-4121-477e-a26c-d2501b464c4e,CommLayer/Messages/AvalancheMessages$Message$DataManagerMessage$DataRegMessage$Builder.java,mergeFrom,->,67366ab5-4121-477e-a26c-d2501b464c4e,CommLayer/Messages/AvalancheMessages$Message$DataManagerMessage$DataRegMessage$Builder.java,mergeFrom
67366ab5-4121-477e-a26c-d2501b464c4e,CommLayer/Messages/AvalancheMessages$Message$DataManagerMessage$DataRegMessage$Builder.java,mergeFrom,->,67366ab5-4121-477e-a26c-d2501b464c4e,com/google/protobuf/GeneratedMessage$Builder.java,mergeFrom
67366ab5-4121-477e-a26c-d2501b464c4e,CommLayer/Messages/AvalancheMessages$Message$DataManagerMessage$DataRegMessage$Builder.java,mergeFrom,->,67366ab5-4121-477e-a26c-d2501b464c4e,CommLayer/Messages/AvalancheMessages$Message$DataManagerMessage$DataRegMessage.java,getDefaultInstance
67366ab5-4121-477e-a26c-d2501b464c4e,CommLayer/Messages/AvalancheMessages$Message$DataManagerMessage$DataRegMessage$Builder.java,mergeFrom,->,67366ab5-4121-477e-a26c-d2501b464c4e,CommLayer/Messages/AvalancheMessages$Message$DataManagerMessage$DataRegMessage.java,hasTaskInitServiceLocation
67366ab5-4121-477e-a26c-d2501b464c4e,CommLayer/Messages/AvalancheMessages$Message$DataManagerMessage$DataRegMessage$Builder.java,mergeFrom,->,67366ab5-4121-477e-a26c-d2501b464c4e,CommLayer/Messages/AvalancheMessages$Message$DataManagerMessage$DataRegMessage.java,getTaskInitServiceLocation
67366ab5-4121-477e-a26c-d2501b464c4e,CommLayer/Messages/AvalancheMessages$Message$DataManagerMessage$DataRegMessage$Builder.java,mergeFrom,->,67366ab5-4121-477e-a26c-d2501b464c4e,CommLayer/Messages/AvalancheMessages$Message$DataManagerMessage$DataRegMessage$Builder.java,mergeTaskInitServiceLocation
67366ab5-4121-477e-a26c-d2501b464c4e,CommLayer/Messages/AvalancheMessages$Message$DataManagerMessage$DataRegMessage$Builder.java,mergeFrom,->,67366ab5-4121-477e-a26c-d2501b464c4e,CommLayer/Messages/AvalancheMessages$Message$DataManagerMessage$DataRegMessage.java,hasDataHandlerServiceLocation
67366ab5-4121-477e-a26c-d2501b464c4e,CommLayer/Messages/AvalancheMessages$Message$DataManagerMessage$DataRegMessage$Builder.java,mergeFrom,->,67366ab5-4121-477e-a26c-d2501b464c4e,CommLayer/Messages/AvalancheMessages$Message$DataManagerMessage$DataRegMessage.java,getDataHandlerServiceLocation
67366ab5-4121-477e-a26c-d2501b464c4e,CommLayer/Messages/AvalancheMessages$Message$DataManagerMessage$DataRegMessage$Builder.java,mergeFrom,->,67366ab5-4121-477e-a26c-d2501b464c4e,CommLayer/Messages/AvalancheMessages$Message$DataManagerMessage$DataRegMessage$Builder.java,mergeDataHandlerServiceLocation
67366ab5-4121-477e-a26c-d2501b464c4e,CommLayer/Messages/AvalancheMessages$Message$DataManagerMessage$DataRegMessage$Builder.java,mergeFrom,->,67366ab5-4121-477e-a26c-d2501b464c4e,CommLayer/Messages/AvalancheMessages$Message$DataManagerMessage$DataRegMessage.java,hasTaskId
67366ab5-4121-477e-a26c-d2501b464c4e,CommLayer/Messages/AvalancheMessages$Message$DataManagerMessage$DataRegMessage$Builder.java,mergeFrom,->,67366ab5-4121-477e-a26c-d2501b464c4e,CommLayer/Messages/AvalancheMessages$Message$DataManagerMessage$DataRegMessage.java,access$9300
67366ab5-4121-477e-a26c-d2501b464c4e,CommLayer/Messages/AvalancheMessages$Message$DataManagerMessage$DataRegMessage$Builder.java,mergeFrom,->,67366ab5-4121-477e-a26c-d2501b464c4e,CommLayer/Messages/AvalancheMessages$Message$DataManagerMessage$DataRegMessage$Builder.java,onChanged
67366ab5-4121-477e-a26c-d2501b464c4e,CommLayer/Messages/AvalancheMessages$Message$DataManagerMessage$DataRegMessage$Builder.java,mergeFrom,->,67366ab5-4121-477e-a26c-d2501b464c4e,CommLayer/Messages/AvalancheMessages$Message$DataManagerMessage$DataRegMessage.java,getUnknownFields
67366ab5-4121-477e-a26c-d2501b464c4e,CommLayer/Messages/AvalancheMessages$Message$DataManagerMessage$DataRegMessage$Builder.java,mergeFrom,->,67366ab5-4121-477e-a26c-d2501b464c4e,CommLayer/Messages/AvalancheMessages$Message$DataManagerMessage$DataRegMessage$Builder.java,mergeUnknownFields
67366ab5-4121-477e-a26c-d2501b464c4e,CommLayer/Messages/AvalancheMessages$Message$DataManagerMessage$DataRegMessage$Builder.java,mergeFrom,->,67366ab5-4121-477e-a26c-d2501b464c4e,com/google/protobuf/Parser.java,parsePartialFrom
67366ab5-4121-477e-a26c-d2501b464c4e,CommLayer/Messages/AvalancheMessages$Message$DataManagerMessage$DataRegMessage$Builder.java,mergeFrom,->,67366ab5-4121-477e-a26c-d2501b464c4e,CommLayer/Messages/AvalancheMessages$Message$DataManagerMessage$DataRegMessage$Builder.java,mergeFrom
67366ab5-4121-477e-a26c-d2501b464c4e,CommLayer/Messages/AvalancheMessages$Message$DataManagerMessage$DataRegMessage$Builder.java,mergeFrom,->,67366ab5-4121-477e-a26c-d2501b464c4e,com/google/protobuf/InvalidProtocolBufferException.java,getUnfinishedMessage
67366ab5-4121-477e-a26c-d2501b464c4e,CommLayer/Messages/AvalancheMessages$Message$DataManagerMessage$DataRegMessage$Builder.java,mergeFrom,->,67366ab5-4121-477e-a26c-d2501b464c4e,CommLayer/Messages/AvalancheMessages$Message$DataManagerMessage$DataRegMessage$Builder.java,mergeFrom
67366ab5-4121-477e-a26c-d2501b464c4e,CommLayer/Messages/AvalancheMessages$Message$DataManagerMessage$DataRegMessage$Builder.java,getTaskInitServiceLocation,->,67366ab5-4121-477e-a26c-d2501b464c4e,com/google/protobuf/SingleFieldBuilder.java,getMessage
67366ab5-4121-477e-a26c-d2501b464c4e,CommLayer/Messages/AvalancheMessages$Message$DataManagerMessage$DataRegMessage$Builder.java,setTaskInitServiceLocation,->,67366ab5-4121-477e-a26c-d2501b464c4e,CommLayer/Messages/AvalancheMessages$Message$DataManagerMessage$DataRegMessage$Builder.java,onChanged
67366ab5-4121-477e-a26c-d2501b464c4e,CommLayer/Messages/AvalancheMessages$Message$DataManagerMessage$DataRegMessage$Builder.java,setTaskInitServiceLocation,->,67366ab5-4121-477e-a26c-d2501b464c4e,com/google/protobuf/SingleFieldBuilder.java,setMessage
67366ab5-4121-477e-a26c-d2501b464c4e,CommLayer/Messages/AvalancheMessages$Message$DataManagerMessage$DataRegMessage$Builder.java,setTaskInitServiceLocation,->,67366ab5-4121-477e-a26c-d2501b464c4e,CommLayer/Messages/AvalancheMessages$Message$Location$Builder.java,build
67366ab5-4121-477e-a26c-d2501b464c4e,CommLayer/Messages/AvalancheMessages$Message$DataManagerMessage$DataRegMessage$Builder.java,setTaskInitServiceLocation,->,67366ab5-4121-477e-a26c-d2501b464c4e,CommLayer/Messages/AvalancheMessages$Message$DataManagerMessage$DataRegMessage$Builder.java,onChanged
67366ab5-4121-477e-a26c-d2501b464c4e,CommLayer/Messages/AvalancheMessages$Message$DataManagerMessage$DataRegMessage$Builder.java,setTaskInitServiceLocation,->,67366ab5-4121-477e-a26c-d2501b464c4e,CommLayer/Messages/AvalancheMessages$Message$Location$Builder.java,build
67366ab5-4121-477e-a26c-d2501b464c4e,CommLayer/Messages/AvalancheMessages$Message$DataManagerMessage$DataRegMessage$Builder.java,setTaskInitServiceLocation,->,67366ab5-4121-477e-a26c-d2501b464c4e,com/google/protobuf/SingleFieldBuilder.java,setMessage
67366ab5-4121-477e-a26c-d2501b464c4e,CommLayer/Messages/AvalancheMessages$Message$DataManagerMessage$DataRegMessage$Builder.java,mergeTaskInitServiceLocation,->,67366ab5-4121-477e-a26c-d2501b464c4e,CommLayer/Messages/AvalancheMessages$Message$Location.java,getDefaultInstance
67366ab5-4121-477e-a26c-d2501b464c4e,CommLayer/Messages/AvalancheMessages$Message$DataManagerMessage$DataRegMessage$Builder.java,mergeTaskInitServiceLocation,->,67366ab5-4121-477e-a26c-d2501b464c4e,CommLayer/Messages/AvalancheMessages$Message$Location.java,newBuilder
67366ab5-4121-477e-a26c-d2501b464c4e,CommLayer/Messages/AvalancheMessages$Message$DataManagerMessage$DataRegMessage$Builder.java,mergeTaskInitServiceLocation,->,67366ab5-4121-477e-a26c-d2501b464c4e,CommLayer/Messages/AvalancheMessages$Message$Location$Builder.java,mergeFrom
67366ab5-4121-477e-a26c-d2501b464c4e,CommLayer/Messages/AvalancheMessages$Message$DataManagerMessage$DataRegMessage$Builder.java,mergeTaskInitServiceLocation,->,67366ab5-4121-477e-a26c-d2501b464c4e,CommLayer/Messages/AvalancheMessages$Message$Location$Builder.java,buildPartial
67366ab5-4121-477e-a26c-d2501b464c4e,CommLayer/Messages/AvalancheMessages$Message$DataManagerMessage$DataRegMessage$Builder.java,mergeTaskInitServiceLocation,->,67366ab5-4121-477e-a26c-d2501b464c4e,CommLayer/Messages/AvalancheMessages$Message$DataManagerMessage$DataRegMessage$Builder.java,onChanged
67366ab5-4121-477e-a26c-d2501b464c4e,CommLayer/Messages/AvalancheMessages$Message$DataManagerMessage$DataRegMessage$Builder.java,mergeTaskInitServiceLocation,->,67366ab5-4121-477e-a26c-d2501b464c4e,com/google/protobuf/SingleFieldBuilder.java,mergeFrom
67366ab5-4121-477e-a26c-d2501b464c4e,CommLayer/Messages/AvalancheMessages$Message$DataManagerMessage$DataRegMessage$Builder.java,clearTaskInitServiceLocation,->,67366ab5-4121-477e-a26c-d2501b464c4e,CommLayer/Messages/AvalancheMessages$Message$Location.java,getDefaultInstance
67366ab5-4121-477e-a26c-d2501b464c4e,CommLayer/Messages/AvalancheMessages$Message$DataManagerMessage$DataRegMessage$Builder.java,clearTaskInitServiceLocation,->,67366ab5-4121-477e-a26c-d2501b464c4e,CommLayer/Messages/AvalancheMessages$Message$DataManagerMessage$DataRegMessage$Builder.java,onChanged
67366ab5-4121-477e-a26c-d2501b464c4e,CommLayer/Messages/AvalancheMessages$Message$DataManagerMessage$DataRegMessage$Builder.java,clearTaskInitServiceLocation,->,67366ab5-4121-477e-a26c-d2501b464c4e,com/google/protobuf/SingleFieldBuilder.java,clear
67366ab5-4121-477e-a26c-d2501b464c4e,CommLayer/Messages/AvalancheMessages$Message$DataManagerMessage$DataRegMessage$Builder.java,getTaskInitServiceLocationBuilder,->,67366ab5-4121-477e-a26c-d2501b464c4e,CommLayer/Messages/AvalancheMessages$Message$DataManagerMessage$DataRegMessage$Builder.java,onChanged
67366ab5-4121-477e-a26c-d2501b464c4e,CommLayer/Messages/AvalancheMessages$Message$DataManagerMessage$DataRegMessage$Builder.java,getTaskInitServiceLocationBuilder,->,67366ab5-4121-477e-a26c-d2501b464c4e,CommLayer/Messages/AvalancheMessages$Message$DataManagerMessage$DataRegMessage$Builder.java,getTaskInitServiceLocationFieldBuilder
67366ab5-4121-477e-a26c-d2501b464c4e,CommLayer/Messages/AvalancheMessages$Message$DataManagerMessage$DataRegMessage$Builder.java,getTaskInitServiceLocationBuilder,->,67366ab5-4121-477e-a26c-d2501b464c4e,com/google/protobuf/SingleFieldBuilder.java,getBuilder
67366ab5-4121-477e-a26c-d2501b464c4e,CommLayer/Messages/AvalancheMessages$Message$DataManagerMessage$DataRegMessage$Builder.java,getTaskInitServiceLocationOrBuilder,->,67366ab5-4121-477e-a26c-d2501b464c4e,com/google/protobuf/SingleFieldBuilder.java,getMessageOrBuilder
67366ab5-4121-477e-a26c-d2501b464c4e,CommLayer/Messages/AvalancheMessages$Message$DataManagerMessage$DataRegMessage$Builder.java,getTaskInitServiceLocationFieldBuilder,->,67366ab5-4121-477e-a26c-d2501b464c4e,CommLayer/Messages/AvalancheMessages$Message$DataManagerMessage$DataRegMessage$Builder.java,getParentForChildren
67366ab5-4121-477e-a26c-d2501b464c4e,CommLayer/Messages/AvalancheMessages$Message$DataManagerMessage$DataRegMessage$Builder.java,getTaskInitServiceLocationFieldBuilder,->,67366ab5-4121-477e-a26c-d2501b464c4e,CommLayer/Messages/AvalancheMessages$Message$DataManagerMessage$DataRegMessage$Builder.java,isClean
67366ab5-4121-477e-a26c-d2501b464c4e,CommLayer/Messages/AvalancheMessages$Message$DataManagerMessage$DataRegMessage$Builder.java,getDataHandlerServiceLocation,->,67366ab5-4121-477e-a26c-d2501b464c4e,com/google/protobuf/SingleFieldBuilder.java,getMessage
67366ab5-4121-477e-a26c-d2501b464c4e,CommLayer/Messages/AvalancheMessages$Message$DataManagerMessage$DataRegMessage$Builder.java,setDataHandlerServiceLocation,->,67366ab5-4121-477e-a26c-d2501b464c4e,CommLayer/Messages/AvalancheMessages$Message$DataManagerMessage$DataRegMessage$Builder.java,onChanged
67366ab5-4121-477e-a26c-d2501b464c4e,CommLayer/Messages/AvalancheMessages$Message$DataManagerMessage$DataRegMessage$Builder.java,setDataHandlerServiceLocation,->,67366ab5-4121-477e-a26c-d2501b464c4e,com/google/protobuf/SingleFieldBuilder.java,setMessage
67366ab5-4121-477e-a26c-d2501b464c4e,CommLayer/Messages/AvalancheMessages$Message$DataManagerMessage$DataRegMessage$Builder.java,setDataHandlerServiceLocation,->,67366ab5-4121-477e-a26c-d2501b464c4e,CommLayer/Messages/AvalancheMessages$Message$Location$Builder.java,build
67366ab5-4121-477e-a26c-d2501b464c4e,CommLayer/Messages/AvalancheMessages$Message$DataManagerMessage$DataRegMessage$Builder.java,setDataHandlerServiceLocation,->,67366ab5-4121-477e-a26c-d2501b464c4e,CommLayer/Messages/AvalancheMessages$Message$DataManagerMessage$DataRegMessage$Builder.java,onChanged
67366ab5-4121-477e-a26c-d2501b464c4e,CommLayer/Messages/AvalancheMessages$Message$DataManagerMessage$DataRegMessage$Builder.java,setDataHandlerServiceLocation,->,67366ab5-4121-477e-a26c-d2501b464c4e,CommLayer/Messages/AvalancheMessages$Message$Location$Builder.java,build
67366ab5-4121-477e-a26c-d2501b464c4e,CommLayer/Messages/AvalancheMessages$Message$DataManagerMessage$DataRegMessage$Builder.java,setDataHandlerServiceLocation,->,67366ab5-4121-477e-a26c-d2501b464c4e,com/google/protobuf/SingleFieldBuilder.java,setMessage
67366ab5-4121-477e-a26c-d2501b464c4e,CommLayer/Messages/AvalancheMessages$Message$DataManagerMessage$DataRegMessage$Builder.java,mergeDataHandlerServiceLocation,->,67366ab5-4121-477e-a26c-d2501b464c4e,CommLayer/Messages/AvalancheMessages$Message$Location.java,getDefaultInstance
67366ab5-4121-477e-a26c-d2501b464c4e,CommLayer/Messages/AvalancheMessages$Message$DataManagerMessage$DataRegMessage$Builder.java,mergeDataHandlerServiceLocation,->,67366ab5-4121-477e-a26c-d2501b464c4e,CommLayer/Messages/AvalancheMessages$Message$Location.java,newBuilder
67366ab5-4121-477e-a26c-d2501b464c4e,CommLayer/Messages/AvalancheMessages$Message$DataManagerMessage$DataRegMessage$Builder.java,mergeDataHandlerServiceLocation,->,67366ab5-4121-477e-a26c-d2501b464c4e,CommLayer/Messages/AvalancheMessages$Message$Location$Builder.java,mergeFrom
67366ab5-4121-477e-a26c-d2501b464c4e,CommLayer/Messages/AvalancheMessages$Message$DataManagerMessage$DataRegMessage$Builder.java,mergeDataHandlerServiceLocation,->,67366ab5-4121-477e-a26c-d2501b464c4e,CommLayer/Messages/AvalancheMessages$Message$Location$Builder.java,buildPartial
67366ab5-4121-477e-a26c-d2501b464c4e,CommLayer/Messages/AvalancheMessages$Message$DataManagerMessage$DataRegMessage$Builder.java,mergeDataHandlerServiceLocation,->,67366ab5-4121-477e-a26c-d2501b464c4e,CommLayer/Messages/AvalancheMessages$Message$DataManagerMessage$DataRegMessage$Builder.java,onChanged
67366ab5-4121-477e-a26c-d2501b464c4e,CommLayer/Messages/AvalancheMessages$Message$DataManagerMessage$DataRegMessage$Builder.java,mergeDataHandlerServiceLocation,->,67366ab5-4121-477e-a26c-d2501b464c4e,com/google/protobuf/SingleFieldBuilder.java,mergeFrom
67366ab5-4121-477e-a26c-d2501b464c4e,CommLayer/Messages/AvalancheMessages$Message$DataManagerMessage$DataRegMessage$Builder.java,clearDataHandlerServiceLocation,->,67366ab5-4121-477e-a26c-d2501b464c4e,CommLayer/Messages/AvalancheMessages$Message$Location.java,getDefaultInstance
67366ab5-4121-477e-a26c-d2501b464c4e,CommLayer/Messages/AvalancheMessages$Message$DataManagerMessage$DataRegMessage$Builder.java,clearDataHandlerServiceLocation,->,67366ab5-4121-477e-a26c-d2501b464c4e,CommLayer/Messages/AvalancheMessages$Message$DataManagerMessage$DataRegMessage$Builder.java,onChanged
67366ab5-4121-477e-a26c-d2501b464c4e,CommLayer/Messages/AvalancheMessages$Message$DataManagerMessage$DataRegMessage$Builder.java,clearDataHandlerServiceLocation,->,67366ab5-4121-477e-a26c-d2501b464c4e,com/google/protobuf/SingleFieldBuilder.java,clear
67366ab5-4121-477e-a26c-d2501b464c4e,CommLayer/Messages/AvalancheMessages$Message$DataManagerMessage$DataRegMessage$Builder.java,getDataHandlerServiceLocationBuilder,->,67366ab5-4121-477e-a26c-d2501b464c4e,CommLayer/Messages/AvalancheMessages$Message$DataManagerMessage$DataRegMessage$Builder.java,onChanged
67366ab5-4121-477e-a26c-d2501b464c4e,CommLayer/Messages/AvalancheMessages$Message$DataManagerMessage$DataRegMessage$Builder.java,getDataHandlerServiceLocationBuilder,->,67366ab5-4121-477e-a26c-d2501b464c4e,CommLayer/Messages/AvalancheMessages$Message$DataManagerMessage$DataRegMessage$Builder.java,getDataHandlerServiceLocationFieldBuilder
67366ab5-4121-477e-a26c-d2501b464c4e,CommLayer/Messages/AvalancheMessages$Message$DataManagerMessage$DataRegMessage$Builder.java,getDataHandlerServiceLocationBuilder,->,67366ab5-4121-477e-a26c-d2501b464c4e,com/google/protobuf/SingleFieldBuilder.java,getBuilder
67366ab5-4121-477e-a26c-d2501b464c4e,CommLayer/Messages/AvalancheMessages$Message$DataManagerMessage$DataRegMessage$Builder.java,getDataHandlerServiceLocationOrBuilder,->,67366ab5-4121-477e-a26c-d2501b464c4e,com/google/protobuf/SingleFieldBuilder.java,getMessageOrBuilder
67366ab5-4121-477e-a26c-d2501b464c4e,CommLayer/Messages/AvalancheMessages$Message$DataManagerMessage$DataRegMessage$Builder.java,getDataHandlerServiceLocationFieldBuilder,->,67366ab5-4121-477e-a26c-d2501b464c4e,CommLayer/Messages/AvalancheMessages$Message$DataManagerMessage$DataRegMessage$Builder.java,getParentForChildren
67366ab5-4121-477e-a26c-d2501b464c4e,CommLayer/Messages/AvalancheMessages$Message$DataManagerMessage$DataRegMessage$Builder.java,getDataHandlerServiceLocationFieldBuilder,->,67366ab5-4121-477e-a26c-d2501b464c4e,CommLayer/Messages/AvalancheMessages$Message$DataManagerMessage$DataRegMessage$Builder.java,isClean
67366ab5-4121-477e-a26c-d2501b464c4e,CommLayer/Messages/AvalancheMessages$Message$DataManagerMessage$DataRegMessage$Builder.java,getTaskId,->,67366ab5-4121-477e-a26c-d2501b464c4e,com/google/protobuf/ByteString.java,toStringUtf8
67366ab5-4121-477e-a26c-d2501b464c4e,CommLayer/Messages/AvalancheMessages$Message$DataManagerMessage$DataRegMessage$Builder.java,getTaskIdBytes,->,67366ab5-4121-477e-a26c-d2501b464c4e,com/google/protobuf/ByteString.java,copyFromUtf8
67366ab5-4121-477e-a26c-d2501b464c4e,CommLayer/Messages/AvalancheMessages$Message$DataManagerMessage$DataRegMessage$Builder.java,setTaskId,->,67366ab5-4121-477e-a26c-d2501b464c4e,CommLayer/Messages/AvalancheMessages$Message$DataManagerMessage$DataRegMessage$Builder.java,onChanged
67366ab5-4121-477e-a26c-d2501b464c4e,CommLayer/Messages/AvalancheMessages$Message$DataManagerMessage$DataRegMessage$Builder.java,clearTaskId,->,67366ab5-4121-477e-a26c-d2501b464c4e,CommLayer/Messages/AvalancheMessages$Message$DataManagerMessage$DataRegMessage.java,getDefaultInstance
67366ab5-4121-477e-a26c-d2501b464c4e,CommLayer/Messages/AvalancheMessages$Message$DataManagerMessage$DataRegMessage$Builder.java,clearTaskId,->,67366ab5-4121-477e-a26c-d2501b464c4e,CommLayer/Messages/AvalancheMessages$Message$DataManagerMessage$DataRegMessage.java,getTaskId
67366ab5-4121-477e-a26c-d2501b464c4e,CommLayer/Messages/AvalancheMessages$Message$DataManagerMessage$DataRegMessage$Builder.java,clearTaskId,->,67366ab5-4121-477e-a26c-d2501b464c4e,CommLayer/Messages/AvalancheMessages$Message$DataManagerMessage$DataRegMessage$Builder.java,onChanged
67366ab5-4121-477e-a26c-d2501b464c4e,CommLayer/Messages/AvalancheMessages$Message$DataManagerMessage$DataRegMessage$Builder.java,setTaskIdBytes,->,67366ab5-4121-477e-a26c-d2501b464c4e,CommLayer/Messages/AvalancheMessages$Message$DataManagerMessage$DataRegMessage$Builder.java,onChanged
67366ab5-4121-477e-a26c-d2501b464c4e,CommLayer/Messages/AvalancheMessages$Message$DataManagerMessage$DataRegMessage$Builder.java,clear,->,67366ab5-4121-477e-a26c-d2501b464c4e,CommLayer/Messages/AvalancheMessages$Message$DataManagerMessage$DataRegMessage$Builder.java,clear
67366ab5-4121-477e-a26c-d2501b464c4e,CommLayer/Messages/AvalancheMessages$Message$DataManagerMessage$DataRegMessage$Builder.java,clone,->,67366ab5-4121-477e-a26c-d2501b464c4e,CommLayer/Messages/AvalancheMessages$Message$DataManagerMessage$DataRegMessage$Builder.java,clone
67366ab5-4121-477e-a26c-d2501b464c4e,CommLayer/Messages/AvalancheMessages$Message$DataManagerMessage$DataRegMessage$Builder.java,mergeFrom,->,67366ab5-4121-477e-a26c-d2501b464c4e,CommLayer/Messages/AvalancheMessages$Message$DataManagerMessage$DataRegMessage$Builder.java,mergeFrom
67366ab5-4121-477e-a26c-d2501b464c4e,CommLayer/Messages/AvalancheMessages$Message$DataManagerMessage$DataRegMessage$Builder.java,mergeFrom,->,67366ab5-4121-477e-a26c-d2501b464c4e,CommLayer/Messages/AvalancheMessages$Message$DataManagerMessage$DataRegMessage$Builder.java,mergeFrom
67366ab5-4121-477e-a26c-d2501b464c4e,CommLayer/Messages/AvalancheMessages$Message$DataManagerMessage$DataRegMessage$Builder.java,clear,->,67366ab5-4121-477e-a26c-d2501b464c4e,CommLayer/Messages/AvalancheMessages$Message$DataManagerMessage$DataRegMessage$Builder.java,clear
67366ab5-4121-477e-a26c-d2501b464c4e,CommLayer/Messages/AvalancheMessages$Message$DataManagerMessage$DataRegMessage$Builder.java,clone,->,67366ab5-4121-477e-a26c-d2501b464c4e,CommLayer/Messages/AvalancheMessages$Message$DataManagerMessage$DataRegMessage$Builder.java,clone
67366ab5-4121-477e-a26c-d2501b464c4e,CommLayer/Messages/AvalancheMessages$Message$DataManagerMessage$DataRegMessage$Builder.java,mergeFrom,->,67366ab5-4121-477e-a26c-d2501b464c4e,CommLayer/Messages/AvalancheMessages$Message$DataManagerMessage$DataRegMessage$Builder.java,mergeFrom
67366ab5-4121-477e-a26c-d2501b464c4e,CommLayer/Messages/AvalancheMessages$Message$DataManagerMessage$DataRegMessage$Builder.java,clone,->,67366ab5-4121-477e-a26c-d2501b464c4e,CommLayer/Messages/AvalancheMessages$Message$DataManagerMessage$DataRegMessage$Builder.java,clone
67366ab5-4121-477e-a26c-d2501b464c4e,CommLayer/Messages/AvalancheMessages$Message$DataManagerMessage$DataRegMessage$Builder.java,buildPartial,->,67366ab5-4121-477e-a26c-d2501b464c4e,CommLayer/Messages/AvalancheMessages$Message$DataManagerMessage$DataRegMessage$Builder.java,buildPartial
67366ab5-4121-477e-a26c-d2501b464c4e,CommLayer/Messages/AvalancheMessages$Message$DataManagerMessage$DataRegMessage$Builder.java,build,->,67366ab5-4121-477e-a26c-d2501b464c4e,CommLayer/Messages/AvalancheMessages$Message$DataManagerMessage$DataRegMessage$Builder.java,build
67366ab5-4121-477e-a26c-d2501b464c4e,CommLayer/Messages/AvalancheMessages$Message$DataManagerMessage$DataRegMessage$Builder.java,mergeFrom,->,67366ab5-4121-477e-a26c-d2501b464c4e,CommLayer/Messages/AvalancheMessages$Message$DataManagerMessage$DataRegMessage$Builder.java,mergeFrom
67366ab5-4121-477e-a26c-d2501b464c4e,CommLayer/Messages/AvalancheMessages$Message$DataManagerMessage$DataRegMessage$Builder.java,clear,->,67366ab5-4121-477e-a26c-d2501b464c4e,CommLayer/Messages/AvalancheMessages$Message$DataManagerMessage$DataRegMessage$Builder.java,clear
67366ab5-4121-477e-a26c-d2501b464c4e,CommLayer/Messages/AvalancheMessages$Message$DataManagerMessage$DataRegMessage$Builder.java,mergeFrom,->,67366ab5-4121-477e-a26c-d2501b464c4e,CommLayer/Messages/AvalancheMessages$Message$DataManagerMessage$DataRegMessage$Builder.java,mergeFrom
67366ab5-4121-477e-a26c-d2501b464c4e,CommLayer/Messages/AvalancheMessages$Message$DataManagerMessage$DataRegMessage$Builder.java,clone,->,67366ab5-4121-477e-a26c-d2501b464c4e,CommLayer/Messages/AvalancheMessages$Message$DataManagerMessage$DataRegMessage$Builder.java,clone
67366ab5-4121-477e-a26c-d2501b464c4e,CommLayer/Messages/AvalancheMessages$Message$DataManagerMessage$DataRegMessage$Builder.java,buildPartial,->,67366ab5-4121-477e-a26c-d2501b464c4e,CommLayer/Messages/AvalancheMessages$Message$DataManagerMessage$DataRegMessage$Builder.java,buildPartial
67366ab5-4121-477e-a26c-d2501b464c4e,CommLayer/Messages/AvalancheMessages$Message$DataManagerMessage$DataRegMessage$Builder.java,build,->,67366ab5-4121-477e-a26c-d2501b464c4e,CommLayer/Messages/AvalancheMessages$Message$DataManagerMessage$DataRegMessage$Builder.java,build
67366ab5-4121-477e-a26c-d2501b464c4e,CommLayer/Messages/AvalancheMessages$Message$DataManagerMessage$DataRegMessage$Builder.java,clear,->,67366ab5-4121-477e-a26c-d2501b464c4e,CommLayer/Messages/AvalancheMessages$Message$DataManagerMessage$DataRegMessage$Builder.java,clear
67366ab5-4121-477e-a26c-d2501b464c4e,CommLayer/Messages/AvalancheMessages$Message$DataManagerMessage$DataRegMessage$Builder.java,getDefaultInstanceForType,->,67366ab5-4121-477e-a26c-d2501b464c4e,CommLayer/Messages/AvalancheMessages$Message$DataManagerMessage$DataRegMessage$Builder.java,getDefaultInstanceForType
67366ab5-4121-477e-a26c-d2501b464c4e,CommLayer/Messages/AvalancheMessages$Message$DataManagerMessage$DataRegMessage$Builder.java,getDefaultInstanceForType,->,67366ab5-4121-477e-a26c-d2501b464c4e,CommLayer/Messages/AvalancheMessages$Message$DataManagerMessage$DataRegMessage$Builder.java,getDefaultInstanceForType
67366ab5-4121-477e-a26c-d2501b464c4e,CommLayer/Messages/AvalancheMessages$Message$DataManagerMessage$DataRegMessage$Builder.java,mergeFrom,->,67366ab5-4121-477e-a26c-d2501b464c4e,CommLayer/Messages/AvalancheMessages$Message$DataManagerMessage$DataRegMessage$Builder.java,mergeFrom
67366ab5-4121-477e-a26c-d2501b464c4e,CommLayer/Messages/AvalancheMessages$Message$DataManagerMessage$DataRegMessage$Builder.java,clone,->,67366ab5-4121-477e-a26c-d2501b464c4e,CommLayer/Messages/AvalancheMessages$Message$DataManagerMessage$DataRegMessage$Builder.java,clone
67366ab5-4121-477e-a26c-d2501b464c4e,CommLayer/Messages/AvalancheMessages$Message$DataManagerMessage$DataRegMessage$Builder.java,clone,->,67366ab5-4121-477e-a26c-d2501b464c4e,CommLayer/Messages/AvalancheMessages$Message$DataManagerMessage$DataRegMessage$Builder.java,clone
67366ab5-4121-477e-a26c-d2501b464c4e,CommLayer/Messages/AvalancheMessages$Message$DataManagerMessage$DataRegMessage$Builder.java,access$8700,->,67366ab5-4121-477e-a26c-d2501b464c4e,CommLayer/Messages/AvalancheMessages$Message$DataManagerMessage$DataRegMessage$Builder.java,create
67366ab5-4121-477e-a26c-d2501b464c4e,CommLayer/Messages/AvalancheMessages$Message$Location$1.java,parsePartialFrom,->,67366ab5-4121-477e-a26c-d2501b464c4e,CommLayer/Messages/AvalancheMessages$Message$Location$1.java,parsePartialFrom
67366ab5-4121-477e-a26c-d2501b464c4e,CommLayer/Messages/AvalancheMessages$Message$DataManagerMessage$DataSourceRequestMessage.java,getDescriptor,->,67366ab5-4121-477e-a26c-d2501b464c4e,CommLayer/Messages/AvalancheMessages.java,access$9500
67366ab5-4121-477e-a26c-d2501b464c4e,CommLayer/Messages/AvalancheMessages$Message$DataManagerMessage$DataSourceRequestMessage.java,internalGetFieldAccessorTable,->,67366ab5-4121-477e-a26c-d2501b464c4e,CommLayer/Messages/AvalancheMessages.java,access$9600
67366ab5-4121-477e-a26c-d2501b464c4e,CommLayer/Messages/AvalancheMessages$Message$DataManagerMessage$DataSourceRequestMessage.java,internalGetFieldAccessorTable,->,67366ab5-4121-477e-a26c-d2501b464c4e,com/google/protobuf/GeneratedMessage$FieldAccessorTable.java,ensureFieldAccessorsInitialized
67366ab5-4121-477e-a26c-d2501b464c4e,CommLayer/Messages/AvalancheMessages$Message$DataManagerMessage$DataSourceRequestMessage.java,getTaskId,->,67366ab5-4121-477e-a26c-d2501b464c4e,com/google/protobuf/ByteString.java,toStringUtf8
67366ab5-4121-477e-a26c-d2501b464c4e,CommLayer/Messages/AvalancheMessages$Message$DataManagerMessage$DataSourceRequestMessage.java,getTaskId,->,67366ab5-4121-477e-a26c-d2501b464c4e,com/google/protobuf/ByteString.java,isValidUtf8
67366ab5-4121-477e-a26c-d2501b464c4e,CommLayer/Messages/AvalancheMessages$Message$DataManagerMessage$DataSourceRequestMessage.java,getTaskIdBytes,->,67366ab5-4121-477e-a26c-d2501b464c4e,com/google/protobuf/ByteString.java,copyFromUtf8
67366ab5-4121-477e-a26c-d2501b464c4e,CommLayer/Messages/AvalancheMessages$Message$DataManagerMessage$DataSourceRequestMessage.java,writeTo,->,67366ab5-4121-477e-a26c-d2501b464c4e,CommLayer/Messages/AvalancheMessages$Message$DataManagerMessage$DataSourceRequestMessage.java,getSerializedSize
67366ab5-4121-477e-a26c-d2501b464c4e,CommLayer/Messages/AvalancheMessages$Message$DataManagerMessage$DataSourceRequestMessage.java,writeTo,->,67366ab5-4121-477e-a26c-d2501b464c4e,CommLayer/Messages/AvalancheMessages$Message$DataManagerMessage$DataSourceRequestMessage.java,getTaskIdBytes
67366ab5-4121-477e-a26c-d2501b464c4e,CommLayer/Messages/AvalancheMessages$Message$DataManagerMessage$DataSourceRequestMessage.java,writeTo,->,67366ab5-4121-477e-a26c-d2501b464c4e,com/google/protobuf/CodedOutputStream.java,writeBytes
67366ab5-4121-477e-a26c-d2501b464c4e,CommLayer/Messages/AvalancheMessages$Message$DataManagerMessage$DataSourceRequestMessage.java,writeTo,->,67366ab5-4121-477e-a26c-d2501b464c4e,CommLayer/Messages/AvalancheMessages$Message$DataManagerMessage$DataSourceRequestMessage.java,getUnknownFields
67366ab5-4121-477e-a26c-d2501b464c4e,CommLayer/Messages/AvalancheMessages$Message$DataManagerMessage$DataSourceRequestMessage.java,writeTo,->,67366ab5-4121-477e-a26c-d2501b464c4e,com/google/protobuf/UnknownFieldSet.java,writeTo
67366ab5-4121-477e-a26c-d2501b464c4e,CommLayer/Messages/AvalancheMessages$Message$DataManagerMessage$DataSourceRequestMessage.java,getSerializedSize,->,67366ab5-4121-477e-a26c-d2501b464c4e,CommLayer/Messages/AvalancheMessages$Message$DataManagerMessage$DataSourceRequestMessage.java,getTaskIdBytes
67366ab5-4121-477e-a26c-d2501b464c4e,CommLayer/Messages/AvalancheMessages$Message$DataManagerMessage$DataSourceRequestMessage.java,getSerializedSize,->,67366ab5-4121-477e-a26c-d2501b464c4e,com/google/protobuf/CodedOutputStream.java,computeBytesSize
67366ab5-4121-477e-a26c-d2501b464c4e,CommLayer/Messages/AvalancheMessages$Message$DataManagerMessage$DataSourceRequestMessage.java,getSerializedSize,->,67366ab5-4121-477e-a26c-d2501b464c4e,CommLayer/Messages/AvalancheMessages$Message$DataManagerMessage$DataSourceRequestMessage.java,getUnknownFields
67366ab5-4121-477e-a26c-d2501b464c4e,CommLayer/Messages/AvalancheMessages$Message$DataManagerMessage$DataSourceRequestMessage.java,getSerializedSize,->,67366ab5-4121-477e-a26c-d2501b464c4e,com/google/protobuf/UnknownFieldSet.java,getSerializedSize
67366ab5-4121-477e-a26c-d2501b464c4e,CommLayer/Messages/AvalancheMessages$Message$DataManagerMessage$DataSourceRequestMessage.java,writeReplace,->,67366ab5-4121-477e-a26c-d2501b464c4e,com/google/protobuf/GeneratedMessage.java,writeReplace
67366ab5-4121-477e-a26c-d2501b464c4e,CommLayer/Messages/AvalancheMessages$Message$DataManagerMessage$DataSourceRequestMessage.java,parseFrom,->,67366ab5-4121-477e-a26c-d2501b464c4e,com/google/protobuf/Parser.java,parseFrom
67366ab5-4121-477e-a26c-d2501b464c4e,CommLayer/Messages/AvalancheMessages$Message$DataManagerMessage$DataSourceRequestMessage.java,parseFrom,->,67366ab5-4121-477e-a26c-d2501b464c4e,com/google/protobuf/Parser.java,parseFrom
67366ab5-4121-477e-a26c-d2501b464c4e,CommLayer/Messages/AvalancheMessages$Message$DataManagerMessage$DataSourceRequestMessage.java,parseFrom,->,67366ab5-4121-477e-a26c-d2501b464c4e,com/google/protobuf/Parser.java,parseFrom
67366ab5-4121-477e-a26c-d2501b464c4e,CommLayer/Messages/AvalancheMessages$Message$DataManagerMessage$DataSourceRequestMessage.java,parseFrom,->,67366ab5-4121-477e-a26c-d2501b464c4e,com/google/protobuf/Parser.java,parseFrom
67366ab5-4121-477e-a26c-d2501b464c4e,CommLayer/Messages/AvalancheMessages$Message$DataManagerMessage$DataSourceRequestMessage.java,parseFrom,->,67366ab5-4121-477e-a26c-d2501b464c4e,com/google/protobuf/Parser.java,parseFrom
67366ab5-4121-477e-a26c-d2501b464c4e,CommLayer/Messages/AvalancheMessages$Message$DataManagerMessage$DataSourceRequestMessage.java,parseFrom,->,67366ab5-4121-477e-a26c-d2501b464c4e,com/google/protobuf/Parser.java,parseFrom
67366ab5-4121-477e-a26c-d2501b464c4e,CommLayer/Messages/AvalancheMessages$Message$DataManagerMessage$DataSourceRequestMessage.java,parseDelimitedFrom,->,67366ab5-4121-477e-a26c-d2501b464c4e,com/google/protobuf/Parser.java,parseDelimitedFrom
67366ab5-4121-477e-a26c-d2501b464c4e,CommLayer/Messages/AvalancheMessages$Message$DataManagerMessage$DataSourceRequestMessage.java,parseDelimitedFrom,->,67366ab5-4121-477e-a26c-d2501b464c4e,com/google/protobuf/Parser.java,parseDelimitedFrom
67366ab5-4121-477e-a26c-d2501b464c4e,CommLayer/Messages/AvalancheMessages$Message$DataManagerMessage$DataSourceRequestMessage.java,parseFrom,->,67366ab5-4121-477e-a26c-d2501b464c4e,com/google/protobuf/Parser.java,parseFrom
67366ab5-4121-477e-a26c-d2501b464c4e,CommLayer/Messages/AvalancheMessages$Message$DataManagerMessage$DataSourceRequestMessage.java,parseFrom,->,67366ab5-4121-477e-a26c-d2501b464c4e,com/google/protobuf/Parser.java,parseFrom
67366ab5-4121-477e-a26c-d2501b464c4e,CommLayer/Messages/AvalancheMessages$Message$DataManagerMessage$DataSourceRequestMessage.java,newBuilder,->,67366ab5-4121-477e-a26c-d2501b464c4e,CommLayer/Messages/AvalancheMessages$Message$DataManagerMessage$DataSourceRequestMessage$Builder.java,access$9800
67366ab5-4121-477e-a26c-d2501b464c4e,CommLayer/Messages/AvalancheMessages$Message$DataManagerMessage$DataSourceRequestMessage.java,newBuilderForType,->,67366ab5-4121-477e-a26c-d2501b464c4e,CommLayer/Messages/AvalancheMessages$Message$DataManagerMessage$DataSourceRequestMessage.java,newBuilder
67366ab5-4121-477e-a26c-d2501b464c4e,CommLayer/Messages/AvalancheMessages$Message$DataManagerMessage$DataSourceRequestMessage.java,newBuilder,->,67366ab5-4121-477e-a26c-d2501b464c4e,CommLayer/Messages/AvalancheMessages$Message$DataManagerMessage$DataSourceRequestMessage.java,newBuilder
67366ab5-4121-477e-a26c-d2501b464c4e,CommLayer/Messages/AvalancheMessages$Message$DataManagerMessage$DataSourceRequestMessage.java,newBuilder,->,67366ab5-4121-477e-a26c-d2501b464c4e,CommLayer/Messages/AvalancheMessages$Message$DataManagerMessage$DataSourceRequestMessage$Builder.java,mergeFrom
67366ab5-4121-477e-a26c-d2501b464c4e,CommLayer/Messages/AvalancheMessages$Message$DataManagerMessage$DataSourceRequestMessage.java,toBuilder,->,67366ab5-4121-477e-a26c-d2501b464c4e,CommLayer/Messages/AvalancheMessages$Message$DataManagerMessage$DataSourceRequestMessage.java,newBuilder
67366ab5-4121-477e-a26c-d2501b464c4e,CommLayer/Messages/AvalancheMessages$Message$DataManagerMessage$DataSourceRequestMessage.java,newBuilderForType,->,67366ab5-4121-477e-a26c-d2501b464c4e,CommLayer/Messages/AvalancheMessages$Message$DataManagerMessage$DataSourceRequestMessage.java,newBuilderForType
67366ab5-4121-477e-a26c-d2501b464c4e,CommLayer/Messages/AvalancheMessages$Message$DataManagerMessage$DataSourceRequestMessage.java,toBuilder,->,67366ab5-4121-477e-a26c-d2501b464c4e,CommLayer/Messages/AvalancheMessages$Message$DataManagerMessage$DataSourceRequestMessage.java,toBuilder
67366ab5-4121-477e-a26c-d2501b464c4e,CommLayer/Messages/AvalancheMessages$Message$DataManagerMessage$DataSourceRequestMessage.java,newBuilderForType,->,67366ab5-4121-477e-a26c-d2501b464c4e,CommLayer/Messages/AvalancheMessages$Message$DataManagerMessage$DataSourceRequestMessage.java,newBuilderForType
67366ab5-4121-477e-a26c-d2501b464c4e,CommLayer/Messages/AvalancheMessages$Message$DataManagerMessage$DataSourceRequestMessage.java,toBuilder,->,67366ab5-4121-477e-a26c-d2501b464c4e,CommLayer/Messages/AvalancheMessages$Message$DataManagerMessage$DataSourceRequestMessage.java,toBuilder
67366ab5-4121-477e-a26c-d2501b464c4e,CommLayer/Messages/AvalancheMessages$Message$DataManagerMessage$DataSourceRequestMessage.java,newBuilderForType,->,67366ab5-4121-477e-a26c-d2501b464c4e,CommLayer/Messages/AvalancheMessages$Message$DataManagerMessage$DataSourceRequestMessage.java,newBuilderForType
67366ab5-4121-477e-a26c-d2501b464c4e,CommLayer/Messages/AvalancheMessages$Message$DataManagerMessage$DataSourceRequestMessage.java,getDefaultInstanceForType,->,67366ab5-4121-477e-a26c-d2501b464c4e,CommLayer/Messages/AvalancheMessages$Message$DataManagerMessage$DataSourceRequestMessage.java,getDefaultInstanceForType
67366ab5-4121-477e-a26c-d2501b464c4e,CommLayer/Messages/AvalancheMessages$Message$DataManagerMessage$DataSourceRequestMessage.java,getDefaultInstanceForType,->,67366ab5-4121-477e-a26c-d2501b464c4e,CommLayer/Messages/AvalancheMessages$Message$DataManagerMessage$DataSourceRequestMessage.java,getDefaultInstanceForType
67366ab5-4121-477e-a26c-d2501b464c4e,CommLayer/Messages/AvalancheMessages$Message$DataManagerMessage$DataSourceRequestMessage.java,<clinit>,->,67366ab5-4121-477e-a26c-d2501b464c4e,CommLayer/Messages/AvalancheMessages$Message$DataManagerMessage$DataSourceRequestMessage.java,initFields
67366ab5-4121-477e-a26c-d2501b464c4e,CommLayer/Messages/AvalancheMessages$Message$HeartBeatMessage$Builder.java,getDescriptor,->,67366ab5-4121-477e-a26c-d2501b464c4e,CommLayer/Messages/AvalancheMessages.java,access$18900
67366ab5-4121-477e-a26c-d2501b464c4e,CommLayer/Messages/AvalancheMessages$Message$HeartBeatMessage$Builder.java,internalGetFieldAccessorTable,->,67366ab5-4121-477e-a26c-d2501b464c4e,CommLayer/Messages/AvalancheMessages.java,access$19000
67366ab5-4121-477e-a26c-d2501b464c4e,CommLayer/Messages/AvalancheMessages$Message$HeartBeatMessage$Builder.java,internalGetFieldAccessorTable,->,67366ab5-4121-477e-a26c-d2501b464c4e,com/google/protobuf/GeneratedMessage$FieldAccessorTable.java,ensureFieldAccessorsInitialized
67366ab5-4121-477e-a26c-d2501b464c4e,CommLayer/Messages/AvalancheMessages$Message$HeartBeatMessage$Builder.java,maybeForceBuilderInitialization,->,67366ab5-4121-477e-a26c-d2501b464c4e,CommLayer/Messages/AvalancheMessages$Message$HeartBeatMessage.java,access$19400
67366ab5-4121-477e-a26c-d2501b464c4e,CommLayer/Messages/AvalancheMessages$Message$HeartBeatMessage$Builder.java,clear,->,67366ab5-4121-477e-a26c-d2501b464c4e,com/google/protobuf/GeneratedMessage$Builder.java,clear
67366ab5-4121-477e-a26c-d2501b464c4e,CommLayer/Messages/AvalancheMessages$Message$HeartBeatMessage$Builder.java,clone,->,67366ab5-4121-477e-a26c-d2501b464c4e,CommLayer/Messages/AvalancheMessages$Message$HeartBeatMessage$Builder.java,create
67366ab5-4121-477e-a26c-d2501b464c4e,CommLayer/Messages/AvalancheMessages$Message$HeartBeatMessage$Builder.java,clone,->,67366ab5-4121-477e-a26c-d2501b464c4e,CommLayer/Messages/AvalancheMessages$Message$HeartBeatMessage$Builder.java,buildPartial
67366ab5-4121-477e-a26c-d2501b464c4e,CommLayer/Messages/AvalancheMessages$Message$HeartBeatMessage$Builder.java,clone,->,67366ab5-4121-477e-a26c-d2501b464c4e,CommLayer/Messages/AvalancheMessages$Message$HeartBeatMessage$Builder.java,mergeFrom
67366ab5-4121-477e-a26c-d2501b464c4e,CommLayer/Messages/AvalancheMessages$Message$HeartBeatMessage$Builder.java,getDescriptorForType,->,67366ab5-4121-477e-a26c-d2501b464c4e,CommLayer/Messages/AvalancheMessages.java,access$18900
67366ab5-4121-477e-a26c-d2501b464c4e,CommLayer/Messages/AvalancheMessages$Message$HeartBeatMessage$Builder.java,getDefaultInstanceForType,->,67366ab5-4121-477e-a26c-d2501b464c4e,CommLayer/Messages/AvalancheMessages$Message$HeartBeatMessage.java,getDefaultInstance
67366ab5-4121-477e-a26c-d2501b464c4e,CommLayer/Messages/AvalancheMessages$Message$HeartBeatMessage$Builder.java,build,->,67366ab5-4121-477e-a26c-d2501b464c4e,CommLayer/Messages/AvalancheMessages$Message$HeartBeatMessage$Builder.java,buildPartial
67366ab5-4121-477e-a26c-d2501b464c4e,CommLayer/Messages/AvalancheMessages$Message$HeartBeatMessage$Builder.java,build,->,67366ab5-4121-477e-a26c-d2501b464c4e,CommLayer/Messages/AvalancheMessages$Message$HeartBeatMessage.java,isInitialized
67366ab5-4121-477e-a26c-d2501b464c4e,CommLayer/Messages/AvalancheMessages$Message$HeartBeatMessage$Builder.java,build,->,67366ab5-4121-477e-a26c-d2501b464c4e,CommLayer/Messages/AvalancheMessages$Message$HeartBeatMessage$Builder.java,newUninitializedMessageException
67366ab5-4121-477e-a26c-d2501b464c4e,CommLayer/Messages/AvalancheMessages$Message$HeartBeatMessage$Builder.java,buildPartial,->,67366ab5-4121-477e-a26c-d2501b464c4e,CommLayer/Messages/AvalancheMessages$Message$HeartBeatMessage.java,access$19602
67366ab5-4121-477e-a26c-d2501b464c4e,CommLayer/Messages/AvalancheMessages$Message$HeartBeatMessage$Builder.java,buildPartial,->,67366ab5-4121-477e-a26c-d2501b464c4e,CommLayer/Messages/AvalancheMessages$Message$HeartBeatMessage.java,access$19702
67366ab5-4121-477e-a26c-d2501b464c4e,CommLayer/Messages/AvalancheMessages$Message$HeartBeatMessage$Builder.java,buildPartial,->,67366ab5-4121-477e-a26c-d2501b464c4e,CommLayer/Messages/AvalancheMessages$Message$HeartBeatMessage$Builder.java,onBuilt
67366ab5-4121-477e-a26c-d2501b464c4e,CommLayer/Messages/AvalancheMessages$Message$HeartBeatMessage$Builder.java,mergeFrom,->,67366ab5-4121-477e-a26c-d2501b464c4e,CommLayer/Messages/AvalancheMessages$Message$HeartBeatMessage$Builder.java,mergeFrom
67366ab5-4121-477e-a26c-d2501b464c4e,CommLayer/Messages/AvalancheMessages$Message$HeartBeatMessage$Builder.java,mergeFrom,->,67366ab5-4121-477e-a26c-d2501b464c4e,com/google/protobuf/GeneratedMessage$Builder.java,mergeFrom
67366ab5-4121-477e-a26c-d2501b464c4e,CommLayer/Messages/AvalancheMessages$Message$HeartBeatMessage$Builder.java,mergeFrom,->,67366ab5-4121-477e-a26c-d2501b464c4e,CommLayer/Messages/AvalancheMessages$Message$HeartBeatMessage.java,getDefaultInstance
67366ab5-4121-477e-a26c-d2501b464c4e,CommLayer/Messages/AvalancheMessages$Message$HeartBeatMessage$Builder.java,mergeFrom,->,67366ab5-4121-477e-a26c-d2501b464c4e,CommLayer/Messages/AvalancheMessages$Message$HeartBeatMessage.java,hasBeatInterval
67366ab5-4121-477e-a26c-d2501b464c4e,CommLayer/Messages/AvalancheMessages$Message$HeartBeatMessage$Builder.java,mergeFrom,->,67366ab5-4121-477e-a26c-d2501b464c4e,CommLayer/Messages/AvalancheMessages$Message$HeartBeatMessage.java,getBeatInterval
67366ab5-4121-477e-a26c-d2501b464c4e,CommLayer/Messages/AvalancheMessages$Message$HeartBeatMessage$Builder.java,mergeFrom,->,67366ab5-4121-477e-a26c-d2501b464c4e,CommLayer/Messages/AvalancheMessages$Message$HeartBeatMessage$Builder.java,setBeatInterval
67366ab5-4121-477e-a26c-d2501b464c4e,CommLayer/Messages/AvalancheMessages$Message$HeartBeatMessage$Builder.java,mergeFrom,->,67366ab5-4121-477e-a26c-d2501b464c4e,CommLayer/Messages/AvalancheMessages$Message$HeartBeatMessage.java,getUnknownFields
67366ab5-4121-477e-a26c-d2501b464c4e,CommLayer/Messages/AvalancheMessages$Message$HeartBeatMessage$Builder.java,mergeFrom,->,67366ab5-4121-477e-a26c-d2501b464c4e,CommLayer/Messages/AvalancheMessages$Message$HeartBeatMessage$Builder.java,mergeUnknownFields
67366ab5-4121-477e-a26c-d2501b464c4e,CommLayer/Messages/AvalancheMessages$Message$HeartBeatMessage$Builder.java,mergeFrom,->,67366ab5-4121-477e-a26c-d2501b464c4e,com/google/protobuf/Parser.java,parsePartialFrom
67366ab5-4121-477e-a26c-d2501b464c4e,CommLayer/Messages/AvalancheMessages$Message$HeartBeatMessage$Builder.java,mergeFrom,->,67366ab5-4121-477e-a26c-d2501b464c4e,CommLayer/Messages/AvalancheMessages$Message$HeartBeatMessage$Builder.java,mergeFrom
67366ab5-4121-477e-a26c-d2501b464c4e,CommLayer/Messages/AvalancheMessages$Message$HeartBeatMessage$Builder.java,mergeFrom,->,67366ab5-4121-477e-a26c-d2501b464c4e,com/google/protobuf/InvalidProtocolBufferException.java,getUnfinishedMessage
67366ab5-4121-477e-a26c-d2501b464c4e,CommLayer/Messages/AvalancheMessages$Message$HeartBeatMessage$Builder.java,mergeFrom,->,67366ab5-4121-477e-a26c-d2501b464c4e,CommLayer/Messages/AvalancheMessages$Message$HeartBeatMessage$Builder.java,mergeFrom
67366ab5-4121-477e-a26c-d2501b464c4e,CommLayer/Messages/AvalancheMessages$Message$HeartBeatMessage$Builder.java,setBeatInterval,->,67366ab5-4121-477e-a26c-d2501b464c4e,CommLayer/Messages/AvalancheMessages$Message$HeartBeatMessage$Builder.java,onChanged
67366ab5-4121-477e-a26c-d2501b464c4e,CommLayer/Messages/AvalancheMessages$Message$HeartBeatMessage$Builder.java,clearBeatInterval,->,67366ab5-4121-477e-a26c-d2501b464c4e,CommLayer/Messages/AvalancheMessages$Message$HeartBeatMessage$Builder.java,onChanged
67366ab5-4121-477e-a26c-d2501b464c4e,CommLayer/Messages/AvalancheMessages$Message$HeartBeatMessage$Builder.java,clear,->,67366ab5-4121-477e-a26c-d2501b464c4e,CommLayer/Messages/AvalancheMessages$Message$HeartBeatMessage$Builder.java,clear
67366ab5-4121-477e-a26c-d2501b464c4e,CommLayer/Messages/AvalancheMessages$Message$HeartBeatMessage$Builder.java,clone,->,67366ab5-4121-477e-a26c-d2501b464c4e,CommLayer/Messages/AvalancheMessages$Message$HeartBeatMessage$Builder.java,clone
67366ab5-4121-477e-a26c-d2501b464c4e,CommLayer/Messages/AvalancheMessages$Message$HeartBeatMessage$Builder.java,mergeFrom,->,67366ab5-4121-477e-a26c-d2501b464c4e,CommLayer/Messages/AvalancheMessages$Message$HeartBeatMessage$Builder.java,mergeFrom
67366ab5-4121-477e-a26c-d2501b464c4e,CommLayer/Messages/AvalancheMessages$Message$HeartBeatMessage$Builder.java,mergeFrom,->,67366ab5-4121-477e-a26c-d2501b464c4e,CommLayer/Messages/AvalancheMessages$Message$HeartBeatMessage$Builder.java,mergeFrom
67366ab5-4121-477e-a26c-d2501b464c4e,CommLayer/Messages/AvalancheMessages$Message$HeartBeatMessage$Builder.java,clear,->,67366ab5-4121-477e-a26c-d2501b464c4e,CommLayer/Messages/AvalancheMessages$Message$HeartBeatMessage$Builder.java,clear
67366ab5-4121-477e-a26c-d2501b464c4e,CommLayer/Messages/AvalancheMessages$Message$HeartBeatMessage$Builder.java,clone,->,67366ab5-4121-477e-a26c-d2501b464c4e,CommLayer/Messages/AvalancheMessages$Message$HeartBeatMessage$Builder.java,clone
67366ab5-4121-477e-a26c-d2501b464c4e,CommLayer/Messages/AvalancheMessages$Message$HeartBeatMessage$Builder.java,mergeFrom,->,67366ab5-4121-477e-a26c-d2501b464c4e,CommLayer/Messages/AvalancheMessages$Message$HeartBeatMessage$Builder.java,mergeFrom
67366ab5-4121-477e-a26c-d2501b464c4e,CommLayer/Messages/AvalancheMessages$Message$HeartBeatMessage$Builder.java,clone,->,67366ab5-4121-477e-a26c-d2501b464c4e,CommLayer/Messages/AvalancheMessages$Message$HeartBeatMessage$Builder.java,clone
67366ab5-4121-477e-a26c-d2501b464c4e,CommLayer/Messages/AvalancheMessages$Message$HeartBeatMessage$Builder.java,buildPartial,->,67366ab5-4121-477e-a26c-d2501b464c4e,CommLayer/Messages/AvalancheMessages$Message$HeartBeatMessage$Builder.java,buildPartial
67366ab5-4121-477e-a26c-d2501b464c4e,CommLayer/Messages/AvalancheMessages$Message$HeartBeatMessage$Builder.java,build,->,67366ab5-4121-477e-a26c-d2501b464c4e,CommLayer/Messages/AvalancheMessages$Message$HeartBeatMessage$Builder.java,build
67366ab5-4121-477e-a26c-d2501b464c4e,CommLayer/Messages/AvalancheMessages$Message$HeartBeatMessage$Builder.java,mergeFrom,->,67366ab5-4121-477e-a26c-d2501b464c4e,CommLayer/Messages/AvalancheMessages$Message$HeartBeatMessage$Builder.java,mergeFrom
67366ab5-4121-477e-a26c-d2501b464c4e,CommLayer/Messages/AvalancheMessages$Message$HeartBeatMessage$Builder.java,clear,->,67366ab5-4121-477e-a26c-d2501b464c4e,CommLayer/Messages/AvalancheMessages$Message$HeartBeatMessage$Builder.java,clear
67366ab5-4121-477e-a26c-d2501b464c4e,CommLayer/Messages/AvalancheMessages$Message$HeartBeatMessage$Builder.java,mergeFrom,->,67366ab5-4121-477e-a26c-d2501b464c4e,CommLayer/Messages/AvalancheMessages$Message$HeartBeatMessage$Builder.java,mergeFrom
67366ab5-4121-477e-a26c-d2501b464c4e,CommLayer/Messages/AvalancheMessages$Message$HeartBeatMessage$Builder.java,clone,->,67366ab5-4121-477e-a26c-d2501b464c4e,CommLayer/Messages/AvalancheMessages$Message$HeartBeatMessage$Builder.java,clone
67366ab5-4121-477e-a26c-d2501b464c4e,CommLayer/Messages/AvalancheMessages$Message$HeartBeatMessage$Builder.java,buildPartial,->,67366ab5-4121-477e-a26c-d2501b464c4e,CommLayer/Messages/AvalancheMessages$Message$HeartBeatMessage$Builder.java,buildPartial
67366ab5-4121-477e-a26c-d2501b464c4e,CommLayer/Messages/AvalancheMessages$Message$HeartBeatMessage$Builder.java,build,->,67366ab5-4121-477e-a26c-d2501b464c4e,CommLayer/Messages/AvalancheMessages$Message$HeartBeatMessage$Builder.java,build
67366ab5-4121-477e-a26c-d2501b464c4e,CommLayer/Messages/AvalancheMessages$Message$HeartBeatMessage$Builder.java,clear,->,67366ab5-4121-477e-a26c-d2501b464c4e,CommLayer/Messages/AvalancheMessages$Message$HeartBeatMessage$Builder.java,clear
67366ab5-4121-477e-a26c-d2501b464c4e,CommLayer/Messages/AvalancheMessages$Message$HeartBeatMessage$Builder.java,getDefaultInstanceForType,->,67366ab5-4121-477e-a26c-d2501b464c4e,CommLayer/Messages/AvalancheMessages$Message$HeartBeatMessage$Builder.java,getDefaultInstanceForType
67366ab5-4121-477e-a26c-d2501b464c4e,CommLayer/Messages/AvalancheMessages$Message$HeartBeatMessage$Builder.java,getDefaultInstanceForType,->,67366ab5-4121-477e-a26c-d2501b464c4e,CommLayer/Messages/AvalancheMessages$Message$HeartBeatMessage$Builder.java,getDefaultInstanceForType
67366ab5-4121-477e-a26c-d2501b464c4e,CommLayer/Messages/AvalancheMessages$Message$HeartBeatMessage$Builder.java,mergeFrom,->,67366ab5-4121-477e-a26c-d2501b464c4e,CommLayer/Messages/AvalancheMessages$Message$HeartBeatMessage$Builder.java,mergeFrom
67366ab5-4121-477e-a26c-d2501b464c4e,CommLayer/Messages/AvalancheMessages$Message$HeartBeatMessage$Builder.java,clone,->,67366ab5-4121-477e-a26c-d2501b464c4e,CommLayer/Messages/AvalancheMessages$Message$HeartBeatMessage$Builder.java,clone
67366ab5-4121-477e-a26c-d2501b464c4e,CommLayer/Messages/AvalancheMessages$Message$HeartBeatMessage$Builder.java,clone,->,67366ab5-4121-477e-a26c-d2501b464c4e,CommLayer/Messages/AvalancheMessages$Message$HeartBeatMessage$Builder.java,clone
67366ab5-4121-477e-a26c-d2501b464c4e,CommLayer/Messages/AvalancheMessages$Message$HeartBeatMessage$Builder.java,access$19200,->,67366ab5-4121-477e-a26c-d2501b464c4e,CommLayer/Messages/AvalancheMessages$Message$HeartBeatMessage$Builder.java,create
67366ab5-4121-477e-a26c-d2501b464c4e,CommLayer/Messages/AvalancheMessages$Message$HeartBeatMessage$1.java,parsePartialFrom,->,67366ab5-4121-477e-a26c-d2501b464c4e,CommLayer/Messages/AvalancheMessages$Message$HeartBeatMessage$1.java,parsePartialFrom
67366ab5-4121-477e-a26c-d2501b464c4e,CommLayer/Messages/AvalancheMessages$Message$DataHandlerMessage$MetaData$1.java,parsePartialFrom,->,67366ab5-4121-477e-a26c-d2501b464c4e,CommLayer/Messages/AvalancheMessages$Message$DataHandlerMessage$MetaData$1.java,parsePartialFrom
67366ab5-4121-477e-a26c-d2501b464c4e,CommLayer/Messages/AvalancheMessages$Message$TaskStatusMessage$1.java,parsePartialFrom,->,67366ab5-4121-477e-a26c-d2501b464c4e,CommLayer/Messages/AvalancheMessages$Message$TaskStatusMessage$1.java,parsePartialFrom
67366ab5-4121-477e-a26c-d2501b464c4e,CommLayer/Messages/AvalancheMessages$Message$TopologyMessage$BuilderNode$Builder.java,getDescriptor,->,67366ab5-4121-477e-a26c-d2501b464c4e,CommLayer/Messages/AvalancheMessages.java,access$16800
67366ab5-4121-477e-a26c-d2501b464c4e,CommLayer/Messages/AvalancheMessages$Message$TopologyMessage$BuilderNode$Builder.java,internalGetFieldAccessorTable,->,67366ab5-4121-477e-a26c-d2501b464c4e,CommLayer/Messages/AvalancheMessages.java,access$16900
67366ab5-4121-477e-a26c-d2501b464c4e,CommLayer/Messages/AvalancheMessages$Message$TopologyMessage$BuilderNode$Builder.java,internalGetFieldAccessorTable,->,67366ab5-4121-477e-a26c-d2501b464c4e,com/google/protobuf/GeneratedMessage$FieldAccessorTable.java,ensureFieldAccessorsInitialized
67366ab5-4121-477e-a26c-d2501b464c4e,CommLayer/Messages/AvalancheMessages$Message$TopologyMessage$BuilderNode$Builder.java,maybeForceBuilderInitialization,->,67366ab5-4121-477e-a26c-d2501b464c4e,CommLayer/Messages/AvalancheMessages$Message$TopologyMessage$BuilderNode.java,access$17300
67366ab5-4121-477e-a26c-d2501b464c4e,CommLayer/Messages/AvalancheMessages$Message$TopologyMessage$BuilderNode$Builder.java,clear,->,67366ab5-4121-477e-a26c-d2501b464c4e,com/google/protobuf/GeneratedMessage$Builder.java,clear
67366ab5-4121-477e-a26c-d2501b464c4e,CommLayer/Messages/AvalancheMessages$Message$TopologyMessage$BuilderNode$Builder.java,clone,->,67366ab5-4121-477e-a26c-d2501b464c4e,CommLayer/Messages/AvalancheMessages$Message$TopologyMessage$BuilderNode$Builder.java,create
67366ab5-4121-477e-a26c-d2501b464c4e,CommLayer/Messages/AvalancheMessages$Message$TopologyMessage$BuilderNode$Builder.java,clone,->,67366ab5-4121-477e-a26c-d2501b464c4e,CommLayer/Messages/AvalancheMessages$Message$TopologyMessage$BuilderNode$Builder.java,buildPartial
67366ab5-4121-477e-a26c-d2501b464c4e,CommLayer/Messages/AvalancheMessages$Message$TopologyMessage$BuilderNode$Builder.java,clone,->,67366ab5-4121-477e-a26c-d2501b464c4e,CommLayer/Messages/AvalancheMessages$Message$TopologyMessage$BuilderNode$Builder.java,mergeFrom
67366ab5-4121-477e-a26c-d2501b464c4e,CommLayer/Messages/AvalancheMessages$Message$TopologyMessage$BuilderNode$Builder.java,getDescriptorForType,->,67366ab5-4121-477e-a26c-d2501b464c4e,CommLayer/Messages/AvalancheMessages.java,access$16800
67366ab5-4121-477e-a26c-d2501b464c4e,CommLayer/Messages/AvalancheMessages$Message$TopologyMessage$BuilderNode$Builder.java,getDefaultInstanceForType,->,67366ab5-4121-477e-a26c-d2501b464c4e,CommLayer/Messages/AvalancheMessages$Message$TopologyMessage$BuilderNode.java,getDefaultInstance
67366ab5-4121-477e-a26c-d2501b464c4e,CommLayer/Messages/AvalancheMessages$Message$TopologyMessage$BuilderNode$Builder.java,build,->,67366ab5-4121-477e-a26c-d2501b464c4e,CommLayer/Messages/AvalancheMessages$Message$TopologyMessage$BuilderNode$Builder.java,buildPartial
67366ab5-4121-477e-a26c-d2501b464c4e,CommLayer/Messages/AvalancheMessages$Message$TopologyMessage$BuilderNode$Builder.java,build,->,67366ab5-4121-477e-a26c-d2501b464c4e,CommLayer/Messages/AvalancheMessages$Message$TopologyMessage$BuilderNode.java,isInitialized
67366ab5-4121-477e-a26c-d2501b464c4e,CommLayer/Messages/AvalancheMessages$Message$TopologyMessage$BuilderNode$Builder.java,build,->,67366ab5-4121-477e-a26c-d2501b464c4e,CommLayer/Messages/AvalancheMessages$Message$TopologyMessage$BuilderNode$Builder.java,newUninitializedMessageException
67366ab5-4121-477e-a26c-d2501b464c4e,CommLayer/Messages/AvalancheMessages$Message$TopologyMessage$BuilderNode$Builder.java,buildPartial,->,67366ab5-4121-477e-a26c-d2501b464c4e,CommLayer/Messages/AvalancheMessages$Message$TopologyMessage$BuilderNode.java,access$17502
67366ab5-4121-477e-a26c-d2501b464c4e,CommLayer/Messages/AvalancheMessages$Message$TopologyMessage$BuilderNode$Builder.java,buildPartial,->,67366ab5-4121-477e-a26c-d2501b464c4e,CommLayer/Messages/AvalancheMessages$Message$TopologyMessage$BuilderNode.java,access$17602
67366ab5-4121-477e-a26c-d2501b464c4e,CommLayer/Messages/AvalancheMessages$Message$TopologyMessage$BuilderNode$Builder.java,buildPartial,->,67366ab5-4121-477e-a26c-d2501b464c4e,CommLayer/Messages/AvalancheMessages$Message$TopologyMessage$BuilderNode.java,access$17702
67366ab5-4121-477e-a26c-d2501b464c4e,CommLayer/Messages/AvalancheMessages$Message$TopologyMessage$BuilderNode$Builder.java,buildPartial,->,67366ab5-4121-477e-a26c-d2501b464c4e,CommLayer/Messages/AvalancheMessages$Message$TopologyMessage$BuilderNode$Builder.java,onBuilt
67366ab5-4121-477e-a26c-d2501b464c4e,CommLayer/Messages/AvalancheMessages$Message$TopologyMessage$BuilderNode$Builder.java,mergeFrom,->,67366ab5-4121-477e-a26c-d2501b464c4e,CommLayer/Messages/AvalancheMessages$Message$TopologyMessage$BuilderNode$Builder.java,mergeFrom
67366ab5-4121-477e-a26c-d2501b464c4e,CommLayer/Messages/AvalancheMessages$Message$TopologyMessage$BuilderNode$Builder.java,mergeFrom,->,67366ab5-4121-477e-a26c-d2501b464c4e,com/google/protobuf/GeneratedMessage$Builder.java,mergeFrom
67366ab5-4121-477e-a26c-d2501b464c4e,CommLayer/Messages/AvalancheMessages$Message$TopologyMessage$BuilderNode$Builder.java,mergeFrom,->,67366ab5-4121-477e-a26c-d2501b464c4e,CommLayer/Messages/AvalancheMessages$Message$TopologyMessage$BuilderNode.java,getDefaultInstance
67366ab5-4121-477e-a26c-d2501b464c4e,CommLayer/Messages/AvalancheMessages$Message$TopologyMessage$BuilderNode$Builder.java,mergeFrom,->,67366ab5-4121-477e-a26c-d2501b464c4e,CommLayer/Messages/AvalancheMessages$Message$TopologyMessage$BuilderNode.java,hasId
67366ab5-4121-477e-a26c-d2501b464c4e,CommLayer/Messages/AvalancheMessages$Message$TopologyMessage$BuilderNode$Builder.java,mergeFrom,->,67366ab5-4121-477e-a26c-d2501b464c4e,CommLayer/Messages/AvalancheMessages$Message$TopologyMessage$BuilderNode.java,access$17500
67366ab5-4121-477e-a26c-d2501b464c4e,CommLayer/Messages/AvalancheMessages$Message$TopologyMessage$BuilderNode$Builder.java,mergeFrom,->,67366ab5-4121-477e-a26c-d2501b464c4e,CommLayer/Messages/AvalancheMessages$Message$TopologyMessage$BuilderNode$Builder.java,onChanged
67366ab5-4121-477e-a26c-d2501b464c4e,CommLayer/Messages/AvalancheMessages$Message$TopologyMessage$BuilderNode$Builder.java,mergeFrom,->,67366ab5-4121-477e-a26c-d2501b464c4e,CommLayer/Messages/AvalancheMessages$Message$TopologyMessage$BuilderNode.java,hasPath
67366ab5-4121-477e-a26c-d2501b464c4e,CommLayer/Messages/AvalancheMessages$Message$TopologyMessage$BuilderNode$Builder.java,mergeFrom,->,67366ab5-4121-477e-a26c-d2501b464c4e,CommLayer/Messages/AvalancheMessages$Message$TopologyMessage$BuilderNode.java,access$17600
67366ab5-4121-477e-a26c-d2501b464c4e,CommLayer/Messages/AvalancheMessages$Message$TopologyMessage$BuilderNode$Builder.java,mergeFrom,->,67366ab5-4121-477e-a26c-d2501b464c4e,CommLayer/Messages/AvalancheMessages$Message$TopologyMessage$BuilderNode$Builder.java,onChanged
67366ab5-4121-477e-a26c-d2501b464c4e,CommLayer/Messages/AvalancheMessages$Message$TopologyMessage$BuilderNode$Builder.java,mergeFrom,->,67366ab5-4121-477e-a26c-d2501b464c4e,CommLayer/Messages/AvalancheMessages$Message$TopologyMessage$BuilderNode.java,getUnknownFields
67366ab5-4121-477e-a26c-d2501b464c4e,CommLayer/Messages/AvalancheMessages$Message$TopologyMessage$BuilderNode$Builder.java,mergeFrom,->,67366ab5-4121-477e-a26c-d2501b464c4e,CommLayer/Messages/AvalancheMessages$Message$TopologyMessage$BuilderNode$Builder.java,mergeUnknownFields
67366ab5-4121-477e-a26c-d2501b464c4e,CommLayer/Messages/AvalancheMessages$Message$TopologyMessage$BuilderNode$Builder.java,mergeFrom,->,67366ab5-4121-477e-a26c-d2501b464c4e,com/google/protobuf/Parser.java,parsePartialFrom
67366ab5-4121-477e-a26c-d2501b464c4e,CommLayer/Messages/AvalancheMessages$Message$TopologyMessage$BuilderNode$Builder.java,mergeFrom,->,67366ab5-4121-477e-a26c-d2501b464c4e,CommLayer/Messages/AvalancheMessages$Message$TopologyMessage$BuilderNode$Builder.java,mergeFrom
67366ab5-4121-477e-a26c-d2501b464c4e,CommLayer/Messages/AvalancheMessages$Message$TopologyMessage$BuilderNode$Builder.java,mergeFrom,->,67366ab5-4121-477e-a26c-d2501b464c4e,com/google/protobuf/InvalidProtocolBufferException.java,getUnfinishedMessage
67366ab5-4121-477e-a26c-d2501b464c4e,CommLayer/Messages/AvalancheMessages$Message$TopologyMessage$BuilderNode$Builder.java,mergeFrom,->,67366ab5-4121-477e-a26c-d2501b464c4e,CommLayer/Messages/AvalancheMessages$Message$TopologyMessage$BuilderNode$Builder.java,mergeFrom
67366ab5-4121-477e-a26c-d2501b464c4e,CommLayer/Messages/AvalancheMessages$Message$TopologyMessage$BuilderNode$Builder.java,getId,->,67366ab5-4121-477e-a26c-d2501b464c4e,com/google/protobuf/ByteString.java,toStringUtf8
67366ab5-4121-477e-a26c-d2501b464c4e,CommLayer/Messages/AvalancheMessages$Message$TopologyMessage$BuilderNode$Builder.java,getIdBytes,->,67366ab5-4121-477e-a26c-d2501b464c4e,com/google/protobuf/ByteString.java,copyFromUtf8
67366ab5-4121-477e-a26c-d2501b464c4e,CommLayer/Messages/AvalancheMessages$Message$TopologyMessage$BuilderNode$Builder.java,setId,->,67366ab5-4121-477e-a26c-d2501b464c4e,CommLayer/Messages/AvalancheMessages$Message$TopologyMessage$BuilderNode$Builder.java,onChanged
67366ab5-4121-477e-a26c-d2501b464c4e,CommLayer/Messages/AvalancheMessages$Message$TopologyMessage$BuilderNode$Builder.java,clearId,->,67366ab5-4121-477e-a26c-d2501b464c4e,CommLayer/Messages/AvalancheMessages$Message$TopologyMessage$BuilderNode.java,getDefaultInstance
67366ab5-4121-477e-a26c-d2501b464c4e,CommLayer/Messages/AvalancheMessages$Message$TopologyMessage$BuilderNode$Builder.java,clearId,->,67366ab5-4121-477e-a26c-d2501b464c4e,CommLayer/Messages/AvalancheMessages$Message$TopologyMessage$BuilderNode.java,getId
67366ab5-4121-477e-a26c-d2501b464c4e,CommLayer/Messages/AvalancheMessages$Message$TopologyMessage$BuilderNode$Builder.java,clearId,->,67366ab5-4121-477e-a26c-d2501b464c4e,CommLayer/Messages/AvalancheMessages$Message$TopologyMessage$BuilderNode$Builder.java,onChanged
67366ab5-4121-477e-a26c-d2501b464c4e,CommLayer/Messages/AvalancheMessages$Message$TopologyMessage$BuilderNode$Builder.java,setIdBytes,->,67366ab5-4121-477e-a26c-d2501b464c4e,CommLayer/Messages/AvalancheMessages$Message$TopologyMessage$BuilderNode$Builder.java,onChanged
67366ab5-4121-477e-a26c-d2501b464c4e,CommLayer/Messages/AvalancheMessages$Message$TopologyMessage$BuilderNode$Builder.java,getPath,->,67366ab5-4121-477e-a26c-d2501b464c4e,com/google/protobuf/ByteString.java,toStringUtf8
67366ab5-4121-477e-a26c-d2501b464c4e,CommLayer/Messages/AvalancheMessages$Message$TopologyMessage$BuilderNode$Builder.java,getPathBytes,->,67366ab5-4121-477e-a26c-d2501b464c4e,com/google/protobuf/ByteString.java,copyFromUtf8
67366ab5-4121-477e-a26c-d2501b464c4e,CommLayer/Messages/AvalancheMessages$Message$TopologyMessage$BuilderNode$Builder.java,setPath,->,67366ab5-4121-477e-a26c-d2501b464c4e,CommLayer/Messages/AvalancheMessages$Message$TopologyMessage$BuilderNode$Builder.java,onChanged
67366ab5-4121-477e-a26c-d2501b464c4e,CommLayer/Messages/AvalancheMessages$Message$TopologyMessage$BuilderNode$Builder.java,clearPath,->,67366ab5-4121-477e-a26c-d2501b464c4e,CommLayer/Messages/AvalancheMessages$Message$TopologyMessage$BuilderNode.java,getDefaultInstance
67366ab5-4121-477e-a26c-d2501b464c4e,CommLayer/Messages/AvalancheMessages$Message$TopologyMessage$BuilderNode$Builder.java,clearPath,->,67366ab5-4121-477e-a26c-d2501b464c4e,CommLayer/Messages/AvalancheMessages$Message$TopologyMessage$BuilderNode.java,getPath
67366ab5-4121-477e-a26c-d2501b464c4e,CommLayer/Messages/AvalancheMessages$Message$TopologyMessage$BuilderNode$Builder.java,clearPath,->,67366ab5-4121-477e-a26c-d2501b464c4e,CommLayer/Messages/AvalancheMessages$Message$TopologyMessage$BuilderNode$Builder.java,onChanged
67366ab5-4121-477e-a26c-d2501b464c4e,CommLayer/Messages/AvalancheMessages$Message$TopologyMessage$BuilderNode$Builder.java,setPathBytes,->,67366ab5-4121-477e-a26c-d2501b464c4e,CommLayer/Messages/AvalancheMessages$Message$TopologyMessage$BuilderNode$Builder.java,onChanged
67366ab5-4121-477e-a26c-d2501b464c4e,CommLayer/Messages/AvalancheMessages$Message$TopologyMessage$BuilderNode$Builder.java,clear,->,67366ab5-4121-477e-a26c-d2501b464c4e,CommLayer/Messages/AvalancheMessages$Message$TopologyMessage$BuilderNode$Builder.java,clear
67366ab5-4121-477e-a26c-d2501b464c4e,CommLayer/Messages/AvalancheMessages$Message$TopologyMessage$BuilderNode$Builder.java,clone,->,67366ab5-4121-477e-a26c-d2501b464c4e,CommLayer/Messages/AvalancheMessages$Message$TopologyMessage$BuilderNode$Builder.java,clone
67366ab5-4121-477e-a26c-d2501b464c4e,CommLayer/Messages/AvalancheMessages$Message$TopologyMessage$BuilderNode$Builder.java,mergeFrom,->,67366ab5-4121-477e-a26c-d2501b464c4e,CommLayer/Messages/AvalancheMessages$Message$TopologyMessage$BuilderNode$Builder.java,mergeFrom
67366ab5-4121-477e-a26c-d2501b464c4e,CommLayer/Messages/AvalancheMessages$Message$TopologyMessage$BuilderNode$Builder.java,mergeFrom,->,67366ab5-4121-477e-a26c-d2501b464c4e,CommLayer/Messages/AvalancheMessages$Message$TopologyMessage$BuilderNode$Builder.java,mergeFrom
67366ab5-4121-477e-a26c-d2501b464c4e,CommLayer/Messages/AvalancheMessages$Message$TopologyMessage$BuilderNode$Builder.java,clear,->,67366ab5-4121-477e-a26c-d2501b464c4e,CommLayer/Messages/AvalancheMessages$Message$TopologyMessage$BuilderNode$Builder.java,clear
67366ab5-4121-477e-a26c-d2501b464c4e,CommLayer/Messages/AvalancheMessages$Message$TopologyMessage$BuilderNode$Builder.java,clone,->,67366ab5-4121-477e-a26c-d2501b464c4e,CommLayer/Messages/AvalancheMessages$Message$TopologyMessage$BuilderNode$Builder.java,clone
67366ab5-4121-477e-a26c-d2501b464c4e,CommLayer/Messages/AvalancheMessages$Message$TopologyMessage$BuilderNode$Builder.java,mergeFrom,->,67366ab5-4121-477e-a26c-d2501b464c4e,CommLayer/Messages/AvalancheMessages$Message$TopologyMessage$BuilderNode$Builder.java,mergeFrom
67366ab5-4121-477e-a26c-d2501b464c4e,CommLayer/Messages/AvalancheMessages$Message$TopologyMessage$BuilderNode$Builder.java,clone,->,67366ab5-4121-477e-a26c-d2501b464c4e,CommLayer/Messages/AvalancheMessages$Message$TopologyMessage$BuilderNode$Builder.java,clone
67366ab5-4121-477e-a26c-d2501b464c4e,CommLayer/Messages/AvalancheMessages$Message$TopologyMessage$BuilderNode$Builder.java,buildPartial,->,67366ab5-4121-477e-a26c-d2501b464c4e,CommLayer/Messages/AvalancheMessages$Message$TopologyMessage$BuilderNode$Builder.java,buildPartial
67366ab5-4121-477e-a26c-d2501b464c4e,CommLayer/Messages/AvalancheMessages$Message$TopologyMessage$BuilderNode$Builder.java,build,->,67366ab5-4121-477e-a26c-d2501b464c4e,CommLayer/Messages/AvalancheMessages$Message$TopologyMessage$BuilderNode$Builder.java,build
67366ab5-4121-477e-a26c-d2501b464c4e,CommLayer/Messages/AvalancheMessages$Message$TopologyMessage$BuilderNode$Builder.java,mergeFrom,->,67366ab5-4121-477e-a26c-d2501b464c4e,CommLayer/Messages/AvalancheMessages$Message$TopologyMessage$BuilderNode$Builder.java,mergeFrom
67366ab5-4121-477e-a26c-d2501b464c4e,CommLayer/Messages/AvalancheMessages$Message$TopologyMessage$BuilderNode$Builder.java,clear,->,67366ab5-4121-477e-a26c-d2501b464c4e,CommLayer/Messages/AvalancheMessages$Message$TopologyMessage$BuilderNode$Builder.java,clear
67366ab5-4121-477e-a26c-d2501b464c4e,CommLayer/Messages/AvalancheMessages$Message$TopologyMessage$BuilderNode$Builder.java,mergeFrom,->,67366ab5-4121-477e-a26c-d2501b464c4e,CommLayer/Messages/AvalancheMessages$Message$TopologyMessage$BuilderNode$Builder.java,mergeFrom
67366ab5-4121-477e-a26c-d2501b464c4e,CommLayer/Messages/AvalancheMessages$Message$TopologyMessage$BuilderNode$Builder.java,clone,->,67366ab5-4121-477e-a26c-d2501b464c4e,CommLayer/Messages/AvalancheMessages$Message$TopologyMessage$BuilderNode$Builder.java,clone
67366ab5-4121-477e-a26c-d2501b464c4e,CommLayer/Messages/AvalancheMessages$Message$TopologyMessage$BuilderNode$Builder.java,buildPartial,->,67366ab5-4121-477e-a26c-d2501b464c4e,CommLayer/Messages/AvalancheMessages$Message$TopologyMessage$BuilderNode$Builder.java,buildPartial
67366ab5-4121-477e-a26c-d2501b464c4e,CommLayer/Messages/AvalancheMessages$Message$TopologyMessage$BuilderNode$Builder.java,build,->,67366ab5-4121-477e-a26c-d2501b464c4e,CommLayer/Messages/AvalancheMessages$Message$TopologyMessage$BuilderNode$Builder.java,build
67366ab5-4121-477e-a26c-d2501b464c4e,CommLayer/Messages/AvalancheMessages$Message$TopologyMessage$BuilderNode$Builder.java,clear,->,67366ab5-4121-477e-a26c-d2501b464c4e,CommLayer/Messages/AvalancheMessages$Message$TopologyMessage$BuilderNode$Builder.java,clear
67366ab5-4121-477e-a26c-d2501b464c4e,CommLayer/Messages/AvalancheMessages$Message$TopologyMessage$BuilderNode$Builder.java,getDefaultInstanceForType,->,67366ab5-4121-477e-a26c-d2501b464c4e,CommLayer/Messages/AvalancheMessages$Message$TopologyMessage$BuilderNode$Builder.java,getDefaultInstanceForType
67366ab5-4121-477e-a26c-d2501b464c4e,CommLayer/Messages/AvalancheMessages$Message$TopologyMessage$BuilderNode$Builder.java,getDefaultInstanceForType,->,67366ab5-4121-477e-a26c-d2501b464c4e,CommLayer/Messages/AvalancheMessages$Message$TopologyMessage$BuilderNode$Builder.java,getDefaultInstanceForType
67366ab5-4121-477e-a26c-d2501b464c4e,CommLayer/Messages/AvalancheMessages$Message$TopologyMessage$BuilderNode$Builder.java,mergeFrom,->,67366ab5-4121-477e-a26c-d2501b464c4e,CommLayer/Messages/AvalancheMessages$Message$TopologyMessage$BuilderNode$Builder.java,mergeFrom
67366ab5-4121-477e-a26c-d2501b464c4e,CommLayer/Messages/AvalancheMessages$Message$TopologyMessage$BuilderNode$Builder.java,clone,->,67366ab5-4121-477e-a26c-d2501b464c4e,CommLayer/Messages/AvalancheMessages$Message$TopologyMessage$BuilderNode$Builder.java,clone
67366ab5-4121-477e-a26c-d2501b464c4e,CommLayer/Messages/AvalancheMessages$Message$TopologyMessage$BuilderNode$Builder.java,clone,->,67366ab5-4121-477e-a26c-d2501b464c4e,CommLayer/Messages/AvalancheMessages$Message$TopologyMessage$BuilderNode$Builder.java,clone
67366ab5-4121-477e-a26c-d2501b464c4e,CommLayer/Messages/AvalancheMessages$Message$TopologyMessage$BuilderNode$Builder.java,access$17100,->,67366ab5-4121-477e-a26c-d2501b464c4e,CommLayer/Messages/AvalancheMessages$Message$TopologyMessage$BuilderNode$Builder.java,create
67366ab5-4121-477e-a26c-d2501b464c4e,CommLayer/Messages/AvalancheMessages$1.java,assignDescriptors,->,67366ab5-4121-477e-a26c-d2501b464c4e,CommLayer/Messages/AvalancheMessages.java,access$22202
67366ab5-4121-477e-a26c-d2501b464c4e,CommLayer/Messages/AvalancheMessages$1.java,assignDescriptors,->,67366ab5-4121-477e-a26c-d2501b464c4e,f9a993c4-4542-4860-b9c9-3bf2d9c9a02b,"49864deb-7d36-4aee-b5db-e081337a482c,27ae0996-77aa-433b-9326-58e0e1488877,42d0e410-55bb-4924-b560-48e8df9c9af5,f39ec504-0433-423e-b336-b2fe2f7aa2a1,dcf6bdb3-eaae-44d6-9f06-9653a9104d89,f39675ef-b26a-45f8-ad94-9b1bb9f89766,93572109-f2be-4e26-ae6f-59090920ca8b,4a4c0371-0d26-4ac8-af3c-815968960775,12146d0c-4584-4b53-ad9e-d00cd4e3daa9,bf4aa7b5-9e01-4c55-bd68-e6903782bbeb,75d24312-677b-4e9f-b5b3-cb1aae70cecc,d3fdd6aa-12ad-4845-afc3-40b7bf891a00,4e41e43f-77e3-4620-ba0a-952cca0c268a,887cf5f9-1607-4144-bd94-ae327f2a01e5,7aae2ad4-9d12-4ffb-bed6-b54b62a76729,a714bed6-54e2-4211-b2a4-313ec2c3b9fc,26d2a43a-d841-48fe-8062-9f2c064a5b50,fbd66671-f628-4f56-a61a-2fec43ae1d0a,06937dbb-b9f9-485d-ac7d-0072c54b669a,7ebea060-bfcc-410d-9724-02a4ec249ba1,44a03078-b107-41f9-a2b1-4746e83ef5a7,5e29d2aa-8a28-46fa-be96-86848abf684b,49d88c72-c031-4840-82ab-dd70c0b9f234,796b0e20-bd36-4825-96a4-495186fa8a49,0b13c9e3-949c-4e8a-b76b-f7ad33255a36,469cdcb6-9c63-45e3-a074-c3d8d7f691be,4c6b031a-3b33-4ecb-8002-b71f7dc47b80,b8aa1343-0c74-4866-80cc-e83525d63568,2ac18f87-2bed-4519-b114-37cfefe50b39,3d93b021-5284-45e9-88af-10baec08197a,e702cbd5-0fac-4ffa-8e59-7eaf341be310,6b7f0a55-730c-4bac-8ce7-2b5ff191d7b1,2e15e1e7-d0c2-460a-823a-a79deabe574e,56bdd4bb-57bf-46a5-95da-40920597860f,1bb57cb1-1909-41dc-89de-2c6f94fc2db6,866c51a1-306c-4aa2-8a23-22d7075ad98b,b4e1a124-900a-4e15-936c-cfacae395189,5d470405-67ff-4620-88bf-139f4921ab62,7d0f4e7d-7d11-4e6d-b6ba-9b0110341647,14345201-89b8-494b-aba8-d0a45f686d62,c6b5d2b7-823c-4f06-ac43-97b126a4f3e3,896e7f44-33ab-4b5e-8b13-89b9c20cceb9,15ce2f92-6417-413d-a081-ab4f64ad251f,e512973c-6404-439d-b516-12191b819bfa,e205e84d-3d3e-43d2-90c9-00fc7d74c85e,d9b96278-6526-4691-9d38-9d4b903725c4,257c64cd-39b6-41ae-85a9-58c17d33ad42"
67366ab5-4121-477e-a26c-d2501b464c4e,CommLayer/Messages/AvalancheMessages$1.java,assignDescriptors,->,67366ab5-4121-477e-a26c-d2501b464c4e,com/google/protobuf/Descriptors$FileDescriptor.java,getMessageTypes
67366ab5-4121-477e-a26c-d2501b464c4e,CommLayer/Messages/AvalancheMessages$1.java,assignDescriptors,->,67366ab5-4121-477e-a26c-d2501b464c4e,java/util/List.java,get
67366ab5-4121-477e-a26c-d2501b464c4e,CommLayer/Messages/AvalancheMessages$1.java,assignDescriptors,->,67366ab5-4121-477e-a26c-d2501b464c4e,CommLayer/Messages/AvalancheMessages.java,access$002
67366ab5-4121-477e-a26c-d2501b464c4e,CommLayer/Messages/AvalancheMessages$1.java,assignDescriptors,->,67366ab5-4121-477e-a26c-d2501b464c4e,CommLayer/Messages/AvalancheMessages.java,access$000
67366ab5-4121-477e-a26c-d2501b464c4e,CommLayer/Messages/AvalancheMessages$1.java,assignDescriptors,->,67366ab5-4121-477e-a26c-d2501b464c4e,CommLayer/Messages/AvalancheMessages.java,access$102
67366ab5-4121-477e-a26c-d2501b464c4e,CommLayer/Messages/AvalancheMessages$1.java,assignDescriptors,->,67366ab5-4121-477e-a26c-d2501b464c4e,CommLayer/Messages/AvalancheMessages.java,access$000
67366ab5-4121-477e-a26c-d2501b464c4e,CommLayer/Messages/AvalancheMessages$1.java,assignDescriptors,->,67366ab5-4121-477e-a26c-d2501b464c4e,com/google/protobuf/Descriptors$Descriptor.java,getNestedTypes
67366ab5-4121-477e-a26c-d2501b464c4e,CommLayer/Messages/AvalancheMessages$1.java,assignDescriptors,->,67366ab5-4121-477e-a26c-d2501b464c4e,java/util/List.java,get
67366ab5-4121-477e-a26c-d2501b464c4e,CommLayer/Messages/AvalancheMessages$1.java,assignDescriptors,->,67366ab5-4121-477e-a26c-d2501b464c4e,CommLayer/Messages/AvalancheMessages.java,access$302
67366ab5-4121-477e-a26c-d2501b464c4e,CommLayer/Messages/AvalancheMessages$1.java,assignDescriptors,->,67366ab5-4121-477e-a26c-d2501b464c4e,CommLayer/Messages/AvalancheMessages.java,access$300
67366ab5-4121-477e-a26c-d2501b464c4e,CommLayer/Messages/AvalancheMessages$1.java,assignDescriptors,->,67366ab5-4121-477e-a26c-d2501b464c4e,CommLayer/Messages/AvalancheMessages.java,access$402
67366ab5-4121-477e-a26c-d2501b464c4e,CommLayer/Messages/AvalancheMessages$1.java,assignDescriptors,->,67366ab5-4121-477e-a26c-d2501b464c4e,CommLayer/Messages/AvalancheMessages.java,access$000
67366ab5-4121-477e-a26c-d2501b464c4e,CommLayer/Messages/AvalancheMessages$1.java,assignDescriptors,->,67366ab5-4121-477e-a26c-d2501b464c4e,com/google/protobuf/Descriptors$Descriptor.java,getNestedTypes
67366ab5-4121-477e-a26c-d2501b464c4e,CommLayer/Messages/AvalancheMessages$1.java,assignDescriptors,->,67366ab5-4121-477e-a26c-d2501b464c4e,java/util/List.java,get
67366ab5-4121-477e-a26c-d2501b464c4e,CommLayer/Messages/AvalancheMessages$1.java,assignDescriptors,->,67366ab5-4121-477e-a26c-d2501b464c4e,CommLayer/Messages/AvalancheMessages.java,access$1302
67366ab5-4121-477e-a26c-d2501b464c4e,CommLayer/Messages/AvalancheMessages$1.java,assignDescriptors,->,67366ab5-4121-477e-a26c-d2501b464c4e,CommLayer/Messages/AvalancheMessages.java,access$1300
67366ab5-4121-477e-a26c-d2501b464c4e,CommLayer/Messages/AvalancheMessages$1.java,assignDescriptors,->,67366ab5-4121-477e-a26c-d2501b464c4e,CommLayer/Messages/AvalancheMessages.java,access$1402
67366ab5-4121-477e-a26c-d2501b464c4e,CommLayer/Messages/AvalancheMessages$1.java,assignDescriptors,->,67366ab5-4121-477e-a26c-d2501b464c4e,CommLayer/Messages/AvalancheMessages.java,access$000
67366ab5-4121-477e-a26c-d2501b464c4e,CommLayer/Messages/AvalancheMessages$1.java,assignDescriptors,->,67366ab5-4121-477e-a26c-d2501b464c4e,com/google/protobuf/Descriptors$Descriptor.java,getNestedTypes
67366ab5-4121-477e-a26c-d2501b464c4e,CommLayer/Messages/AvalancheMessages$1.java,assignDescriptors,->,67366ab5-4121-477e-a26c-d2501b464c4e,java/util/List.java,get
67366ab5-4121-477e-a26c-d2501b464c4e,CommLayer/Messages/AvalancheMessages$1.java,assignDescriptors,->,67366ab5-4121-477e-a26c-d2501b464c4e,CommLayer/Messages/AvalancheMessages.java,access$2502
67366ab5-4121-477e-a26c-d2501b464c4e,CommLayer/Messages/AvalancheMessages$1.java,assignDescriptors,->,67366ab5-4121-477e-a26c-d2501b464c4e,CommLayer/Messages/AvalancheMessages.java,access$2500
67366ab5-4121-477e-a26c-d2501b464c4e,CommLayer/Messages/AvalancheMessages$1.java,assignDescriptors,->,67366ab5-4121-477e-a26c-d2501b464c4e,CommLayer/Messages/AvalancheMessages.java,access$2602
67366ab5-4121-477e-a26c-d2501b464c4e,CommLayer/Messages/AvalancheMessages$1.java,assignDescriptors,->,67366ab5-4121-477e-a26c-d2501b464c4e,CommLayer/Messages/AvalancheMessages.java,access$000
67366ab5-4121-477e-a26c-d2501b464c4e,CommLayer/Messages/AvalancheMessages$1.java,assignDescriptors,->,67366ab5-4121-477e-a26c-d2501b464c4e,com/google/protobuf/Descriptors$Descriptor.java,getNestedTypes
67366ab5-4121-477e-a26c-d2501b464c4e,CommLayer/Messages/AvalancheMessages$1.java,assignDescriptors,->,67366ab5-4121-477e-a26c-d2501b464c4e,java/util/List.java,get
67366ab5-4121-477e-a26c-d2501b464c4e,CommLayer/Messages/AvalancheMessages$1.java,assignDescriptors,->,67366ab5-4121-477e-a26c-d2501b464c4e,CommLayer/Messages/AvalancheMessages.java,access$3502
67366ab5-4121-477e-a26c-d2501b464c4e,CommLayer/Messages/AvalancheMessages$1.java,assignDescriptors,->,67366ab5-4121-477e-a26c-d2501b464c4e,CommLayer/Messages/AvalancheMessages.java,access$3500
67366ab5-4121-477e-a26c-d2501b464c4e,CommLayer/Messages/AvalancheMessages$1.java,assignDescriptors,->,67366ab5-4121-477e-a26c-d2501b464c4e,CommLayer/Messages/AvalancheMessages.java,access$3602
67366ab5-4121-477e-a26c-d2501b464c4e,CommLayer/Messages/AvalancheMessages$1.java,assignDescriptors,->,67366ab5-4121-477e-a26c-d2501b464c4e,CommLayer/Messages/AvalancheMessages.java,access$000
67366ab5-4121-477e-a26c-d2501b464c4e,CommLayer/Messages/AvalancheMessages$1.java,assignDescriptors,->,67366ab5-4121-477e-a26c-d2501b464c4e,com/google/protobuf/Descriptors$Descriptor.java,getNestedTypes
67366ab5-4121-477e-a26c-d2501b464c4e,CommLayer/Messages/AvalancheMessages$1.java,assignDescriptors,->,67366ab5-4121-477e-a26c-d2501b464c4e,java/util/List.java,get
67366ab5-4121-477e-a26c-d2501b464c4e,CommLayer/Messages/AvalancheMessages$1.java,assignDescriptors,->,67366ab5-4121-477e-a26c-d2501b464c4e,CommLayer/Messages/AvalancheMessages.java,access$4502
67366ab5-4121-477e-a26c-d2501b464c4e,CommLayer/Messages/AvalancheMessages$1.java,assignDescriptors,->,67366ab5-4121-477e-a26c-d2501b464c4e,CommLayer/Messages/AvalancheMessages.java,access$4500
67366ab5-4121-477e-a26c-d2501b464c4e,CommLayer/Messages/AvalancheMessages$1.java,assignDescriptors,->,67366ab5-4121-477e-a26c-d2501b464c4e,CommLayer/Messages/AvalancheMessages.java,access$4602
67366ab5-4121-477e-a26c-d2501b464c4e,CommLayer/Messages/AvalancheMessages$1.java,assignDescriptors,->,67366ab5-4121-477e-a26c-d2501b464c4e,CommLayer/Messages/AvalancheMessages.java,access$4500
67366ab5-4121-477e-a26c-d2501b464c4e,CommLayer/Messages/AvalancheMessages$1.java,assignDescriptors,->,67366ab5-4121-477e-a26c-d2501b464c4e,com/google/protobuf/Descriptors$Descriptor.java,getNestedTypes
67366ab5-4121-477e-a26c-d2501b464c4e,CommLayer/Messages/AvalancheMessages$1.java,assignDescriptors,->,67366ab5-4121-477e-a26c-d2501b464c4e,java/util/List.java,get
67366ab5-4121-477e-a26c-d2501b464c4e,CommLayer/Messages/AvalancheMessages$1.java,assignDescriptors,->,67366ab5-4121-477e-a26c-d2501b464c4e,CommLayer/Messages/AvalancheMessages.java,access$4802
67366ab5-4121-477e-a26c-d2501b464c4e,CommLayer/Messages/AvalancheMessages$1.java,assignDescriptors,->,67366ab5-4121-477e-a26c-d2501b464c4e,CommLayer/Messages/AvalancheMessages.java,access$4800
67366ab5-4121-477e-a26c-d2501b464c4e,CommLayer/Messages/AvalancheMessages$1.java,assignDescriptors,->,67366ab5-4121-477e-a26c-d2501b464c4e,CommLayer/Messages/AvalancheMessages.java,access$4902
67366ab5-4121-477e-a26c-d2501b464c4e,CommLayer/Messages/AvalancheMessages$1.java,assignDescriptors,->,67366ab5-4121-477e-a26c-d2501b464c4e,CommLayer/Messages/AvalancheMessages.java,access$000
67366ab5-4121-477e-a26c-d2501b464c4e,CommLayer/Messages/AvalancheMessages$1.java,assignDescriptors,->,67366ab5-4121-477e-a26c-d2501b464c4e,com/google/protobuf/Descriptors$Descriptor.java,getNestedTypes
67366ab5-4121-477e-a26c-d2501b464c4e,CommLayer/Messages/AvalancheMessages$1.java,assignDescriptors,->,67366ab5-4121-477e-a26c-d2501b464c4e,java/util/List.java,get
67366ab5-4121-477e-a26c-d2501b464c4e,CommLayer/Messages/AvalancheMessages$1.java,assignDescriptors,->,67366ab5-4121-477e-a26c-d2501b464c4e,CommLayer/Messages/AvalancheMessages.java,access$7102
67366ab5-4121-477e-a26c-d2501b464c4e,CommLayer/Messages/AvalancheMessages$1.java,assignDescriptors,->,67366ab5-4121-477e-a26c-d2501b464c4e,CommLayer/Messages/AvalancheMessages.java,access$7100
67366ab5-4121-477e-a26c-d2501b464c4e,CommLayer/Messages/AvalancheMessages$1.java,assignDescriptors,->,67366ab5-4121-477e-a26c-d2501b464c4e,CommLayer/Messages/AvalancheMessages.java,access$7202
67366ab5-4121-477e-a26c-d2501b464c4e,CommLayer/Messages/AvalancheMessages$1.java,assignDescriptors,->,67366ab5-4121-477e-a26c-d2501b464c4e,CommLayer/Messages/AvalancheMessages.java,access$000
67366ab5-4121-477e-a26c-d2501b464c4e,CommLayer/Messages/AvalancheMessages$1.java,assignDescriptors,->,67366ab5-4121-477e-a26c-d2501b464c4e,com/google/protobuf/Descriptors$Descriptor.java,getNestedTypes
67366ab5-4121-477e-a26c-d2501b464c4e,CommLayer/Messages/AvalancheMessages$1.java,assignDescriptors,->,67366ab5-4121-477e-a26c-d2501b464c4e,java/util/List.java,get
67366ab5-4121-477e-a26c-d2501b464c4e,CommLayer/Messages/AvalancheMessages$1.java,assignDescriptors,->,67366ab5-4121-477e-a26c-d2501b464c4e,CommLayer/Messages/AvalancheMessages.java,access$8102
67366ab5-4121-477e-a26c-d2501b464c4e,CommLayer/Messages/AvalancheMessages$1.java,assignDescriptors,->,67366ab5-4121-477e-a26c-d2501b464c4e,CommLayer/Messages/AvalancheMessages.java,access$8100
67366ab5-4121-477e-a26c-d2501b464c4e,CommLayer/Messages/AvalancheMessages$1.java,assignDescriptors,->,67366ab5-4121-477e-a26c-d2501b464c4e,CommLayer/Messages/AvalancheMessages.java,access$8202
67366ab5-4121-477e-a26c-d2501b464c4e,CommLayer/Messages/AvalancheMessages$1.java,assignDescriptors,->,67366ab5-4121-477e-a26c-d2501b464c4e,CommLayer/Messages/AvalancheMessages.java,access$8100
67366ab5-4121-477e-a26c-d2501b464c4e,CommLayer/Messages/AvalancheMessages$1.java,assignDescriptors,->,67366ab5-4121-477e-a26c-d2501b464c4e,com/google/protobuf/Descriptors$Descriptor.java,getNestedTypes
67366ab5-4121-477e-a26c-d2501b464c4e,CommLayer/Messages/AvalancheMessages$1.java,assignDescriptors,->,67366ab5-4121-477e-a26c-d2501b464c4e,java/util/List.java,get
67366ab5-4121-477e-a26c-d2501b464c4e,CommLayer/Messages/AvalancheMessages$1.java,assignDescriptors,->,67366ab5-4121-477e-a26c-d2501b464c4e,CommLayer/Messages/AvalancheMessages.java,access$8402
67366ab5-4121-477e-a26c-d2501b464c4e,CommLayer/Messages/AvalancheMessages$1.java,assignDescriptors,->,67366ab5-4121-477e-a26c-d2501b464c4e,CommLayer/Messages/AvalancheMessages.java,access$8400
67366ab5-4121-477e-a26c-d2501b464c4e,CommLayer/Messages/AvalancheMessages$1.java,assignDescriptors,->,67366ab5-4121-477e-a26c-d2501b464c4e,CommLayer/Messages/AvalancheMessages.java,access$8502
67366ab5-4121-477e-a26c-d2501b464c4e,CommLayer/Messages/AvalancheMessages$1.java,assignDescriptors,->,67366ab5-4121-477e-a26c-d2501b464c4e,CommLayer/Messages/AvalancheMessages.java,access$8100
67366ab5-4121-477e-a26c-d2501b464c4e,CommLayer/Messages/AvalancheMessages$1.java,assignDescriptors,->,67366ab5-4121-477e-a26c-d2501b464c4e,com/google/protobuf/Descriptors$Descriptor.java,getNestedTypes
67366ab5-4121-477e-a26c-d2501b464c4e,CommLayer/Messages/AvalancheMessages$1.java,assignDescriptors,->,67366ab5-4121-477e-a26c-d2501b464c4e,java/util/List.java,get
67366ab5-4121-477e-a26c-d2501b464c4e,CommLayer/Messages/AvalancheMessages$1.java,assignDescriptors,->,67366ab5-4121-477e-a26c-d2501b464c4e,CommLayer/Messages/AvalancheMessages.java,access$9502
67366ab5-4121-477e-a26c-d2501b464c4e,CommLayer/Messages/AvalancheMessages$1.java,assignDescriptors,->,67366ab5-4121-477e-a26c-d2501b464c4e,CommLayer/Messages/AvalancheMessages.java,access$9500
67366ab5-4121-477e-a26c-d2501b464c4e,CommLayer/Messages/AvalancheMessages$1.java,assignDescriptors,->,67366ab5-4121-477e-a26c-d2501b464c4e,CommLayer/Messages/AvalancheMessages.java,access$9602
67366ab5-4121-477e-a26c-d2501b464c4e,CommLayer/Messages/AvalancheMessages$1.java,assignDescriptors,->,67366ab5-4121-477e-a26c-d2501b464c4e,CommLayer/Messages/AvalancheMessages.java,access$8100
67366ab5-4121-477e-a26c-d2501b464c4e,CommLayer/Messages/AvalancheMessages$1.java,assignDescriptors,->,67366ab5-4121-477e-a26c-d2501b464c4e,com/google/protobuf/Descriptors$Descriptor.java,getNestedTypes
67366ab5-4121-477e-a26c-d2501b464c4e,CommLayer/Messages/AvalancheMessages$1.java,assignDescriptors,->,67366ab5-4121-477e-a26c-d2501b464c4e,java/util/List.java,get
67366ab5-4121-477e-a26c-d2501b464c4e,CommLayer/Messages/AvalancheMessages$1.java,assignDescriptors,->,67366ab5-4121-477e-a26c-d2501b464c4e,CommLayer/Messages/AvalancheMessages.java,access$10402
67366ab5-4121-477e-a26c-d2501b464c4e,CommLayer/Messages/AvalancheMessages$1.java,assignDescriptors,->,67366ab5-4121-477e-a26c-d2501b464c4e,CommLayer/Messages/AvalancheMessages.java,access$10400
67366ab5-4121-477e-a26c-d2501b464c4e,CommLayer/Messages/AvalancheMessages$1.java,assignDescriptors,->,67366ab5-4121-477e-a26c-d2501b464c4e,CommLayer/Messages/AvalancheMessages.java,access$10502
67366ab5-4121-477e-a26c-d2501b464c4e,CommLayer/Messages/AvalancheMessages$1.java,assignDescriptors,->,67366ab5-4121-477e-a26c-d2501b464c4e,CommLayer/Messages/AvalancheMessages.java,access$8100
67366ab5-4121-477e-a26c-d2501b464c4e,CommLayer/Messages/AvalancheMessages$1.java,assignDescriptors,->,67366ab5-4121-477e-a26c-d2501b464c4e,com/google/protobuf/Descriptors$Descriptor.java,getNestedTypes
67366ab5-4121-477e-a26c-d2501b464c4e,CommLayer/Messages/AvalancheMessages$1.java,assignDescriptors,->,67366ab5-4121-477e-a26c-d2501b464c4e,java/util/List.java,get
67366ab5-4121-477e-a26c-d2501b464c4e,CommLayer/Messages/AvalancheMessages$1.java,assignDescriptors,->,67366ab5-4121-477e-a26c-d2501b464c4e,CommLayer/Messages/AvalancheMessages.java,access$11502
67366ab5-4121-477e-a26c-d2501b464c4e,CommLayer/Messages/AvalancheMessages$1.java,assignDescriptors,->,67366ab5-4121-477e-a26c-d2501b464c4e,CommLayer/Messages/AvalancheMessages.java,access$11500
67366ab5-4121-477e-a26c-d2501b464c4e,CommLayer/Messages/AvalancheMessages$1.java,assignDescriptors,->,67366ab5-4121-477e-a26c-d2501b464c4e,CommLayer/Messages/AvalancheMessages.java,access$11602
67366ab5-4121-477e-a26c-d2501b464c4e,CommLayer/Messages/AvalancheMessages$1.java,assignDescriptors,->,67366ab5-4121-477e-a26c-d2501b464c4e,CommLayer/Messages/AvalancheMessages.java,access$8100
67366ab5-4121-477e-a26c-d2501b464c4e,CommLayer/Messages/AvalancheMessages$1.java,assignDescriptors,->,67366ab5-4121-477e-a26c-d2501b464c4e,com/google/protobuf/Descriptors$Descriptor.java,getNestedTypes
67366ab5-4121-477e-a26c-d2501b464c4e,CommLayer/Messages/AvalancheMessages$1.java,assignDescriptors,->,67366ab5-4121-477e-a26c-d2501b464c4e,java/util/List.java,get
67366ab5-4121-477e-a26c-d2501b464c4e,CommLayer/Messages/AvalancheMessages$1.java,assignDescriptors,->,67366ab5-4121-477e-a26c-d2501b464c4e,CommLayer/Messages/AvalancheMessages.java,access$12502
67366ab5-4121-477e-a26c-d2501b464c4e,CommLayer/Messages/AvalancheMessages$1.java,assignDescriptors,->,67366ab5-4121-477e-a26c-d2501b464c4e,CommLayer/Messages/AvalancheMessages.java,access$12500
67366ab5-4121-477e-a26c-d2501b464c4e,CommLayer/Messages/AvalancheMessages$1.java,assignDescriptors,->,67366ab5-4121-477e-a26c-d2501b464c4e,CommLayer/Messages/AvalancheMessages.java,access$12602
67366ab5-4121-477e-a26c-d2501b464c4e,CommLayer/Messages/AvalancheMessages$1.java,assignDescriptors,->,67366ab5-4121-477e-a26c-d2501b464c4e,CommLayer/Messages/AvalancheMessages.java,access$8100
67366ab5-4121-477e-a26c-d2501b464c4e,CommLayer/Messages/AvalancheMessages$1.java,assignDescriptors,->,67366ab5-4121-477e-a26c-d2501b464c4e,com/google/protobuf/Descriptors$Descriptor.java,getNestedTypes
67366ab5-4121-477e-a26c-d2501b464c4e,CommLayer/Messages/AvalancheMessages$1.java,assignDescriptors,->,67366ab5-4121-477e-a26c-d2501b464c4e,java/util/List.java,get
67366ab5-4121-477e-a26c-d2501b464c4e,CommLayer/Messages/AvalancheMessages$1.java,assignDescriptors,->,67366ab5-4121-477e-a26c-d2501b464c4e,CommLayer/Messages/AvalancheMessages.java,access$13402
67366ab5-4121-477e-a26c-d2501b464c4e,CommLayer/Messages/AvalancheMessages$1.java,assignDescriptors,->,67366ab5-4121-477e-a26c-d2501b464c4e,CommLayer/Messages/AvalancheMessages.java,access$13400
67366ab5-4121-477e-a26c-d2501b464c4e,CommLayer/Messages/AvalancheMessages$1.java,assignDescriptors,->,67366ab5-4121-477e-a26c-d2501b464c4e,CommLayer/Messages/AvalancheMessages.java,access$13502
67366ab5-4121-477e-a26c-d2501b464c4e,CommLayer/Messages/AvalancheMessages$1.java,assignDescriptors,->,67366ab5-4121-477e-a26c-d2501b464c4e,CommLayer/Messages/AvalancheMessages.java,access$000
67366ab5-4121-477e-a26c-d2501b464c4e,CommLayer/Messages/AvalancheMessages$1.java,assignDescriptors,->,67366ab5-4121-477e-a26c-d2501b464c4e,com/google/protobuf/Descriptors$Descriptor.java,getNestedTypes
67366ab5-4121-477e-a26c-d2501b464c4e,CommLayer/Messages/AvalancheMessages$1.java,assignDescriptors,->,67366ab5-4121-477e-a26c-d2501b464c4e,java/util/List.java,get
67366ab5-4121-477e-a26c-d2501b464c4e,CommLayer/Messages/AvalancheMessages$1.java,assignDescriptors,->,67366ab5-4121-477e-a26c-d2501b464c4e,CommLayer/Messages/AvalancheMessages.java,access$15502
67366ab5-4121-477e-a26c-d2501b464c4e,CommLayer/Messages/AvalancheMessages$1.java,assignDescriptors,->,67366ab5-4121-477e-a26c-d2501b464c4e,CommLayer/Messages/AvalancheMessages.java,access$15500
67366ab5-4121-477e-a26c-d2501b464c4e,CommLayer/Messages/AvalancheMessages$1.java,assignDescriptors,->,67366ab5-4121-477e-a26c-d2501b464c4e,CommLayer/Messages/AvalancheMessages.java,access$15602
67366ab5-4121-477e-a26c-d2501b464c4e,CommLayer/Messages/AvalancheMessages$1.java,assignDescriptors,->,67366ab5-4121-477e-a26c-d2501b464c4e,CommLayer/Messages/AvalancheMessages.java,access$15500
67366ab5-4121-477e-a26c-d2501b464c4e,CommLayer/Messages/AvalancheMessages$1.java,assignDescriptors,->,67366ab5-4121-477e-a26c-d2501b464c4e,com/google/protobuf/Descriptors$Descriptor.java,getNestedTypes
67366ab5-4121-477e-a26c-d2501b464c4e,CommLayer/Messages/AvalancheMessages$1.java,assignDescriptors,->,67366ab5-4121-477e-a26c-d2501b464c4e,java/util/List.java,get
67366ab5-4121-477e-a26c-d2501b464c4e,CommLayer/Messages/AvalancheMessages$1.java,assignDescriptors,->,67366ab5-4121-477e-a26c-d2501b464c4e,CommLayer/Messages/AvalancheMessages.java,access$15802
67366ab5-4121-477e-a26c-d2501b464c4e,CommLayer/Messages/AvalancheMessages$1.java,assignDescriptors,->,67366ab5-4121-477e-a26c-d2501b464c4e,CommLayer/Messages/AvalancheMessages.java,access$15800
67366ab5-4121-477e-a26c-d2501b464c4e,CommLayer/Messages/AvalancheMessages$1.java,assignDescriptors,->,67366ab5-4121-477e-a26c-d2501b464c4e,CommLayer/Messages/AvalancheMessages.java,access$15902
67366ab5-4121-477e-a26c-d2501b464c4e,CommLayer/Messages/AvalancheMessages$1.java,assignDescriptors,->,67366ab5-4121-477e-a26c-d2501b464c4e,CommLayer/Messages/AvalancheMessages.java,access$15500
67366ab5-4121-477e-a26c-d2501b464c4e,CommLayer/Messages/AvalancheMessages$1.java,assignDescriptors,->,67366ab5-4121-477e-a26c-d2501b464c4e,com/google/protobuf/Descriptors$Descriptor.java,getNestedTypes
67366ab5-4121-477e-a26c-d2501b464c4e,CommLayer/Messages/AvalancheMessages$1.java,assignDescriptors,->,67366ab5-4121-477e-a26c-d2501b464c4e,java/util/List.java,get
67366ab5-4121-477e-a26c-d2501b464c4e,CommLayer/Messages/AvalancheMessages$1.java,assignDescriptors,->,67366ab5-4121-477e-a26c-d2501b464c4e,CommLayer/Messages/AvalancheMessages.java,access$16802
67366ab5-4121-477e-a26c-d2501b464c4e,CommLayer/Messages/AvalancheMessages$1.java,assignDescriptors,->,67366ab5-4121-477e-a26c-d2501b464c4e,CommLayer/Messages/AvalancheMessages.java,access$16800
67366ab5-4121-477e-a26c-d2501b464c4e,CommLayer/Messages/AvalancheMessages$1.java,assignDescriptors,->,67366ab5-4121-477e-a26c-d2501b464c4e,CommLayer/Messages/AvalancheMessages.java,access$16902
67366ab5-4121-477e-a26c-d2501b464c4e,CommLayer/Messages/AvalancheMessages$1.java,assignDescriptors,->,67366ab5-4121-477e-a26c-d2501b464c4e,CommLayer/Messages/AvalancheMessages.java,access$000
67366ab5-4121-477e-a26c-d2501b464c4e,CommLayer/Messages/AvalancheMessages$1.java,assignDescriptors,->,67366ab5-4121-477e-a26c-d2501b464c4e,com/google/protobuf/Descriptors$Descriptor.java,getNestedTypes
67366ab5-4121-477e-a26c-d2501b464c4e,CommLayer/Messages/AvalancheMessages$1.java,assignDescriptors,->,67366ab5-4121-477e-a26c-d2501b464c4e,java/util/List.java,get
67366ab5-4121-477e-a26c-d2501b464c4e,CommLayer/Messages/AvalancheMessages$1.java,assignDescriptors,->,67366ab5-4121-477e-a26c-d2501b464c4e,CommLayer/Messages/AvalancheMessages.java,access$18902
67366ab5-4121-477e-a26c-d2501b464c4e,CommLayer/Messages/AvalancheMessages$1.java,assignDescriptors,->,67366ab5-4121-477e-a26c-d2501b464c4e,CommLayer/Messages/AvalancheMessages.java,access$18900
67366ab5-4121-477e-a26c-d2501b464c4e,CommLayer/Messages/AvalancheMessages$1.java,assignDescriptors,->,67366ab5-4121-477e-a26c-d2501b464c4e,CommLayer/Messages/AvalancheMessages.java,access$19002
67366ab5-4121-477e-a26c-d2501b464c4e,CommLayer/Messages/AvalancheMessages$1.java,assignDescriptors,->,67366ab5-4121-477e-a26c-d2501b464c4e,CommLayer/Messages/AvalancheMessages.java,access$000
67366ab5-4121-477e-a26c-d2501b464c4e,CommLayer/Messages/AvalancheMessages$1.java,assignDescriptors,->,67366ab5-4121-477e-a26c-d2501b464c4e,com/google/protobuf/Descriptors$Descriptor.java,getNestedTypes
67366ab5-4121-477e-a26c-d2501b464c4e,CommLayer/Messages/AvalancheMessages$1.java,assignDescriptors,->,67366ab5-4121-477e-a26c-d2501b464c4e,java/util/List.java,get
67366ab5-4121-477e-a26c-d2501b464c4e,CommLayer/Messages/AvalancheMessages$1.java,assignDescriptors,->,67366ab5-4121-477e-a26c-d2501b464c4e,CommLayer/Messages/AvalancheMessages.java,access$19802
67366ab5-4121-477e-a26c-d2501b464c4e,CommLayer/Messages/AvalancheMessages$1.java,assignDescriptors,->,67366ab5-4121-477e-a26c-d2501b464c4e,CommLayer/Messages/AvalancheMessages.java,access$19800
67366ab5-4121-477e-a26c-d2501b464c4e,CommLayer/Messages/AvalancheMessages$1.java,assignDescriptors,->,67366ab5-4121-477e-a26c-d2501b464c4e,CommLayer/Messages/AvalancheMessages.java,access$19902
67366ab5-4121-477e-a26c-d2501b464c4e,CommLayer/Messages/AvalancheMessages$Message$DataManagerMessage$DataCopyResponseMessage$Builder.java,getDescriptor,->,67366ab5-4121-477e-a26c-d2501b464c4e,CommLayer/Messages/AvalancheMessages.java,access$12500
67366ab5-4121-477e-a26c-d2501b464c4e,CommLayer/Messages/AvalancheMessages$Message$DataManagerMessage$DataCopyResponseMessage$Builder.java,internalGetFieldAccessorTable,->,67366ab5-4121-477e-a26c-d2501b464c4e,CommLayer/Messages/AvalancheMessages.java,access$12600
67366ab5-4121-477e-a26c-d2501b464c4e,CommLayer/Messages/AvalancheMessages$Message$DataManagerMessage$DataCopyResponseMessage$Builder.java,internalGetFieldAccessorTable,->,67366ab5-4121-477e-a26c-d2501b464c4e,com/google/protobuf/GeneratedMessage$FieldAccessorTable.java,ensureFieldAccessorsInitialized
67366ab5-4121-477e-a26c-d2501b464c4e,CommLayer/Messages/AvalancheMessages$Message$DataManagerMessage$DataCopyResponseMessage$Builder.java,maybeForceBuilderInitialization,->,67366ab5-4121-477e-a26c-d2501b464c4e,CommLayer/Messages/AvalancheMessages$Message$DataManagerMessage$DataCopyResponseMessage.java,access$13000
67366ab5-4121-477e-a26c-d2501b464c4e,CommLayer/Messages/AvalancheMessages$Message$DataManagerMessage$DataCopyResponseMessage$Builder.java,clear,->,67366ab5-4121-477e-a26c-d2501b464c4e,com/google/protobuf/GeneratedMessage$Builder.java,clear
67366ab5-4121-477e-a26c-d2501b464c4e,CommLayer/Messages/AvalancheMessages$Message$DataManagerMessage$DataCopyResponseMessage$Builder.java,clone,->,67366ab5-4121-477e-a26c-d2501b464c4e,CommLayer/Messages/AvalancheMessages$Message$DataManagerMessage$DataCopyResponseMessage$Builder.java,create
67366ab5-4121-477e-a26c-d2501b464c4e,CommLayer/Messages/AvalancheMessages$Message$DataManagerMessage$DataCopyResponseMessage$Builder.java,clone,->,67366ab5-4121-477e-a26c-d2501b464c4e,CommLayer/Messages/AvalancheMessages$Message$DataManagerMessage$DataCopyResponseMessage$Builder.java,buildPartial
67366ab5-4121-477e-a26c-d2501b464c4e,CommLayer/Messages/AvalancheMessages$Message$DataManagerMessage$DataCopyResponseMessage$Builder.java,clone,->,67366ab5-4121-477e-a26c-d2501b464c4e,CommLayer/Messages/AvalancheMessages$Message$DataManagerMessage$DataCopyResponseMessage$Builder.java,mergeFrom
67366ab5-4121-477e-a26c-d2501b464c4e,CommLayer/Messages/AvalancheMessages$Message$DataManagerMessage$DataCopyResponseMessage$Builder.java,getDescriptorForType,->,67366ab5-4121-477e-a26c-d2501b464c4e,CommLayer/Messages/AvalancheMessages.java,access$12500
67366ab5-4121-477e-a26c-d2501b464c4e,CommLayer/Messages/AvalancheMessages$Message$DataManagerMessage$DataCopyResponseMessage$Builder.java,getDefaultInstanceForType,->,67366ab5-4121-477e-a26c-d2501b464c4e,CommLayer/Messages/AvalancheMessages$Message$DataManagerMessage$DataCopyResponseMessage.java,getDefaultInstance
67366ab5-4121-477e-a26c-d2501b464c4e,CommLayer/Messages/AvalancheMessages$Message$DataManagerMessage$DataCopyResponseMessage$Builder.java,build,->,67366ab5-4121-477e-a26c-d2501b464c4e,CommLayer/Messages/AvalancheMessages$Message$DataManagerMessage$DataCopyResponseMessage$Builder.java,buildPartial
67366ab5-4121-477e-a26c-d2501b464c4e,CommLayer/Messages/AvalancheMessages$Message$DataManagerMessage$DataCopyResponseMessage$Builder.java,build,->,67366ab5-4121-477e-a26c-d2501b464c4e,CommLayer/Messages/AvalancheMessages$Message$DataManagerMessage$DataCopyResponseMessage.java,isInitialized
67366ab5-4121-477e-a26c-d2501b464c4e,CommLayer/Messages/AvalancheMessages$Message$DataManagerMessage$DataCopyResponseMessage$Builder.java,build,->,67366ab5-4121-477e-a26c-d2501b464c4e,CommLayer/Messages/AvalancheMessages$Message$DataManagerMessage$DataCopyResponseMessage$Builder.java,newUninitializedMessageException
67366ab5-4121-477e-a26c-d2501b464c4e,CommLayer/Messages/AvalancheMessages$Message$DataManagerMessage$DataCopyResponseMessage$Builder.java,buildPartial,->,67366ab5-4121-477e-a26c-d2501b464c4e,CommLayer/Messages/AvalancheMessages$Message$DataManagerMessage$DataCopyResponseMessage.java,access$13202
67366ab5-4121-477e-a26c-d2501b464c4e,CommLayer/Messages/AvalancheMessages$Message$DataManagerMessage$DataCopyResponseMessage$Builder.java,buildPartial,->,67366ab5-4121-477e-a26c-d2501b464c4e,CommLayer/Messages/AvalancheMessages$Message$DataManagerMessage$DataCopyResponseMessage.java,access$13302
67366ab5-4121-477e-a26c-d2501b464c4e,CommLayer/Messages/AvalancheMessages$Message$DataManagerMessage$DataCopyResponseMessage$Builder.java,buildPartial,->,67366ab5-4121-477e-a26c-d2501b464c4e,CommLayer/Messages/AvalancheMessages$Message$DataManagerMessage$DataCopyResponseMessage$Builder.java,onBuilt
67366ab5-4121-477e-a26c-d2501b464c4e,CommLayer/Messages/AvalancheMessages$Message$DataManagerMessage$DataCopyResponseMessage$Builder.java,mergeFrom,->,67366ab5-4121-477e-a26c-d2501b464c4e,CommLayer/Messages/AvalancheMessages$Message$DataManagerMessage$DataCopyResponseMessage$Builder.java,mergeFrom
67366ab5-4121-477e-a26c-d2501b464c4e,CommLayer/Messages/AvalancheMessages$Message$DataManagerMessage$DataCopyResponseMessage$Builder.java,mergeFrom,->,67366ab5-4121-477e-a26c-d2501b464c4e,com/google/protobuf/GeneratedMessage$Builder.java,mergeFrom
67366ab5-4121-477e-a26c-d2501b464c4e,CommLayer/Messages/AvalancheMessages$Message$DataManagerMessage$DataCopyResponseMessage$Builder.java,mergeFrom,->,67366ab5-4121-477e-a26c-d2501b464c4e,CommLayer/Messages/AvalancheMessages$Message$DataManagerMessage$DataCopyResponseMessage.java,getDefaultInstance
67366ab5-4121-477e-a26c-d2501b464c4e,CommLayer/Messages/AvalancheMessages$Message$DataManagerMessage$DataCopyResponseMessage$Builder.java,mergeFrom,->,67366ab5-4121-477e-a26c-d2501b464c4e,CommLayer/Messages/AvalancheMessages$Message$DataManagerMessage$DataCopyResponseMessage.java,hasTaskId
67366ab5-4121-477e-a26c-d2501b464c4e,CommLayer/Messages/AvalancheMessages$Message$DataManagerMessage$DataCopyResponseMessage$Builder.java,mergeFrom,->,67366ab5-4121-477e-a26c-d2501b464c4e,CommLayer/Messages/AvalancheMessages$Message$DataManagerMessage$DataCopyResponseMessage.java,access$13200
67366ab5-4121-477e-a26c-d2501b464c4e,CommLayer/Messages/AvalancheMessages$Message$DataManagerMessage$DataCopyResponseMessage$Builder.java,mergeFrom,->,67366ab5-4121-477e-a26c-d2501b464c4e,CommLayer/Messages/AvalancheMessages$Message$DataManagerMessage$DataCopyResponseMessage$Builder.java,onChanged
67366ab5-4121-477e-a26c-d2501b464c4e,CommLayer/Messages/AvalancheMessages$Message$DataManagerMessage$DataCopyResponseMessage$Builder.java,mergeFrom,->,67366ab5-4121-477e-a26c-d2501b464c4e,CommLayer/Messages/AvalancheMessages$Message$DataManagerMessage$DataCopyResponseMessage.java,getUnknownFields
67366ab5-4121-477e-a26c-d2501b464c4e,CommLayer/Messages/AvalancheMessages$Message$DataManagerMessage$DataCopyResponseMessage$Builder.java,mergeFrom,->,67366ab5-4121-477e-a26c-d2501b464c4e,CommLayer/Messages/AvalancheMessages$Message$DataManagerMessage$DataCopyResponseMessage$Builder.java,mergeUnknownFields
67366ab5-4121-477e-a26c-d2501b464c4e,CommLayer/Messages/AvalancheMessages$Message$DataManagerMessage$DataCopyResponseMessage$Builder.java,mergeFrom,->,67366ab5-4121-477e-a26c-d2501b464c4e,com/google/protobuf/Parser.java,parsePartialFrom
67366ab5-4121-477e-a26c-d2501b464c4e,CommLayer/Messages/AvalancheMessages$Message$DataManagerMessage$DataCopyResponseMessage$Builder.java,mergeFrom,->,67366ab5-4121-477e-a26c-d2501b464c4e,CommLayer/Messages/AvalancheMessages$Message$DataManagerMessage$DataCopyResponseMessage$Builder.java,mergeFrom
67366ab5-4121-477e-a26c-d2501b464c4e,CommLayer/Messages/AvalancheMessages$Message$DataManagerMessage$DataCopyResponseMessage$Builder.java,mergeFrom,->,67366ab5-4121-477e-a26c-d2501b464c4e,com/google/protobuf/InvalidProtocolBufferException.java,getUnfinishedMessage
67366ab5-4121-477e-a26c-d2501b464c4e,CommLayer/Messages/AvalancheMessages$Message$DataManagerMessage$DataCopyResponseMessage$Builder.java,mergeFrom,->,67366ab5-4121-477e-a26c-d2501b464c4e,CommLayer/Messages/AvalancheMessages$Message$DataManagerMessage$DataCopyResponseMessage$Builder.java,mergeFrom
67366ab5-4121-477e-a26c-d2501b464c4e,CommLayer/Messages/AvalancheMessages$Message$DataManagerMessage$DataCopyResponseMessage$Builder.java,getTaskId,->,67366ab5-4121-477e-a26c-d2501b464c4e,com/google/protobuf/ByteString.java,toStringUtf8
67366ab5-4121-477e-a26c-d2501b464c4e,CommLayer/Messages/AvalancheMessages$Message$DataManagerMessage$DataCopyResponseMessage$Builder.java,getTaskIdBytes,->,67366ab5-4121-477e-a26c-d2501b464c4e,com/google/protobuf/ByteString.java,copyFromUtf8
67366ab5-4121-477e-a26c-d2501b464c4e,CommLayer/Messages/AvalancheMessages$Message$DataManagerMessage$DataCopyResponseMessage$Builder.java,setTaskId,->,67366ab5-4121-477e-a26c-d2501b464c4e,CommLayer/Messages/AvalancheMessages$Message$DataManagerMessage$DataCopyResponseMessage$Builder.java,onChanged
67366ab5-4121-477e-a26c-d2501b464c4e,CommLayer/Messages/AvalancheMessages$Message$DataManagerMessage$DataCopyResponseMessage$Builder.java,clearTaskId,->,67366ab5-4121-477e-a26c-d2501b464c4e,CommLayer/Messages/AvalancheMessages$Message$DataManagerMessage$DataCopyResponseMessage.java,getDefaultInstance
67366ab5-4121-477e-a26c-d2501b464c4e,CommLayer/Messages/AvalancheMessages$Message$DataManagerMessage$DataCopyResponseMessage$Builder.java,clearTaskId,->,67366ab5-4121-477e-a26c-d2501b464c4e,CommLayer/Messages/AvalancheMessages$Message$DataManagerMessage$DataCopyResponseMessage.java,getTaskId
67366ab5-4121-477e-a26c-d2501b464c4e,CommLayer/Messages/AvalancheMessages$Message$DataManagerMessage$DataCopyResponseMessage$Builder.java,clearTaskId,->,67366ab5-4121-477e-a26c-d2501b464c4e,CommLayer/Messages/AvalancheMessages$Message$DataManagerMessage$DataCopyResponseMessage$Builder.java,onChanged
67366ab5-4121-477e-a26c-d2501b464c4e,CommLayer/Messages/AvalancheMessages$Message$DataManagerMessage$DataCopyResponseMessage$Builder.java,setTaskIdBytes,->,67366ab5-4121-477e-a26c-d2501b464c4e,CommLayer/Messages/AvalancheMessages$Message$DataManagerMessage$DataCopyResponseMessage$Builder.java,onChanged
67366ab5-4121-477e-a26c-d2501b464c4e,CommLayer/Messages/AvalancheMessages$Message$DataManagerMessage$DataCopyResponseMessage$Builder.java,clear,->,67366ab5-4121-477e-a26c-d2501b464c4e,CommLayer/Messages/AvalancheMessages$Message$DataManagerMessage$DataCopyResponseMessage$Builder.java,clear
67366ab5-4121-477e-a26c-d2501b464c4e,CommLayer/Messages/AvalancheMessages$Message$DataManagerMessage$DataCopyResponseMessage$Builder.java,clone,->,67366ab5-4121-477e-a26c-d2501b464c4e,CommLayer/Messages/AvalancheMessages$Message$DataManagerMessage$DataCopyResponseMessage$Builder.java,clone
67366ab5-4121-477e-a26c-d2501b464c4e,CommLayer/Messages/AvalancheMessages$Message$DataManagerMessage$DataCopyResponseMessage$Builder.java,mergeFrom,->,67366ab5-4121-477e-a26c-d2501b464c4e,CommLayer/Messages/AvalancheMessages$Message$DataManagerMessage$DataCopyResponseMessage$Builder.java,mergeFrom
67366ab5-4121-477e-a26c-d2501b464c4e,CommLayer/Messages/AvalancheMessages$Message$DataManagerMessage$DataCopyResponseMessage$Builder.java,mergeFrom,->,67366ab5-4121-477e-a26c-d2501b464c4e,CommLayer/Messages/AvalancheMessages$Message$DataManagerMessage$DataCopyResponseMessage$Builder.java,mergeFrom
67366ab5-4121-477e-a26c-d2501b464c4e,CommLayer/Messages/AvalancheMessages$Message$DataManagerMessage$DataCopyResponseMessage$Builder.java,clear,->,67366ab5-4121-477e-a26c-d2501b464c4e,CommLayer/Messages/AvalancheMessages$Message$DataManagerMessage$DataCopyResponseMessage$Builder.java,clear
67366ab5-4121-477e-a26c-d2501b464c4e,CommLayer/Messages/AvalancheMessages$Message$DataManagerMessage$DataCopyResponseMessage$Builder.java,clone,->,67366ab5-4121-477e-a26c-d2501b464c4e,CommLayer/Messages/AvalancheMessages$Message$DataManagerMessage$DataCopyResponseMessage$Builder.java,clone
67366ab5-4121-477e-a26c-d2501b464c4e,CommLayer/Messages/AvalancheMessages$Message$DataManagerMessage$DataCopyResponseMessage$Builder.java,mergeFrom,->,67366ab5-4121-477e-a26c-d2501b464c4e,CommLayer/Messages/AvalancheMessages$Message$DataManagerMessage$DataCopyResponseMessage$Builder.java,mergeFrom
67366ab5-4121-477e-a26c-d2501b464c4e,CommLayer/Messages/AvalancheMessages$Message$DataManagerMessage$DataCopyResponseMessage$Builder.java,clone,->,67366ab5-4121-477e-a26c-d2501b464c4e,CommLayer/Messages/AvalancheMessages$Message$DataManagerMessage$DataCopyResponseMessage$Builder.java,clone
67366ab5-4121-477e-a26c-d2501b464c4e,CommLayer/Messages/AvalancheMessages$Message$DataManagerMessage$DataCopyResponseMessage$Builder.java,buildPartial,->,67366ab5-4121-477e-a26c-d2501b464c4e,CommLayer/Messages/AvalancheMessages$Message$DataManagerMessage$DataCopyResponseMessage$Builder.java,buildPartial
67366ab5-4121-477e-a26c-d2501b464c4e,CommLayer/Messages/AvalancheMessages$Message$DataManagerMessage$DataCopyResponseMessage$Builder.java,build,->,67366ab5-4121-477e-a26c-d2501b464c4e,CommLayer/Messages/AvalancheMessages$Message$DataManagerMessage$DataCopyResponseMessage$Builder.java,build
67366ab5-4121-477e-a26c-d2501b464c4e,CommLayer/Messages/AvalancheMessages$Message$DataManagerMessage$DataCopyResponseMessage$Builder.java,mergeFrom,->,67366ab5-4121-477e-a26c-d2501b464c4e,CommLayer/Messages/AvalancheMessages$Message$DataManagerMessage$DataCopyResponseMessage$Builder.java,mergeFrom
67366ab5-4121-477e-a26c-d2501b464c4e,CommLayer/Messages/AvalancheMessages$Message$DataManagerMessage$DataCopyResponseMessage$Builder.java,clear,->,67366ab5-4121-477e-a26c-d2501b464c4e,CommLayer/Messages/AvalancheMessages$Message$DataManagerMessage$DataCopyResponseMessage$Builder.java,clear
67366ab5-4121-477e-a26c-d2501b464c4e,CommLayer/Messages/AvalancheMessages$Message$DataManagerMessage$DataCopyResponseMessage$Builder.java,mergeFrom,->,67366ab5-4121-477e-a26c-d2501b464c4e,CommLayer/Messages/AvalancheMessages$Message$DataManagerMessage$DataCopyResponseMessage$Builder.java,mergeFrom
67366ab5-4121-477e-a26c-d2501b464c4e,CommLayer/Messages/AvalancheMessages$Message$DataManagerMessage$DataCopyResponseMessage$Builder.java,clone,->,67366ab5-4121-477e-a26c-d2501b464c4e,CommLayer/Messages/AvalancheMessages$Message$DataManagerMessage$DataCopyResponseMessage$Builder.java,clone
67366ab5-4121-477e-a26c-d2501b464c4e,CommLayer/Messages/AvalancheMessages$Message$DataManagerMessage$DataCopyResponseMessage$Builder.java,buildPartial,->,67366ab5-4121-477e-a26c-d2501b464c4e,CommLayer/Messages/AvalancheMessages$Message$DataManagerMessage$DataCopyResponseMessage$Builder.java,buildPartial
67366ab5-4121-477e-a26c-d2501b464c4e,CommLayer/Messages/AvalancheMessages$Message$DataManagerMessage$DataCopyResponseMessage$Builder.java,build,->,67366ab5-4121-477e-a26c-d2501b464c4e,CommLayer/Messages/AvalancheMessages$Message$DataManagerMessage$DataCopyResponseMessage$Builder.java,build
67366ab5-4121-477e-a26c-d2501b464c4e,CommLayer/Messages/AvalancheMessages$Message$DataManagerMessage$DataCopyResponseMessage$Builder.java,clear,->,67366ab5-4121-477e-a26c-d2501b464c4e,CommLayer/Messages/AvalancheMessages$Message$DataManagerMessage$DataCopyResponseMessage$Builder.java,clear
67366ab5-4121-477e-a26c-d2501b464c4e,CommLayer/Messages/AvalancheMessages$Message$DataManagerMessage$DataCopyResponseMessage$Builder.java,getDefaultInstanceForType,->,67366ab5-4121-477e-a26c-d2501b464c4e,CommLayer/Messages/AvalancheMessages$Message$DataManagerMessage$DataCopyResponseMessage$Builder.java,getDefaultInstanceForType
67366ab5-4121-477e-a26c-d2501b464c4e,CommLayer/Messages/AvalancheMessages$Message$DataManagerMessage$DataCopyResponseMessage$Builder.java,getDefaultInstanceForType,->,67366ab5-4121-477e-a26c-d2501b464c4e,CommLayer/Messages/AvalancheMessages$Message$DataManagerMessage$DataCopyResponseMessage$Builder.java,getDefaultInstanceForType
67366ab5-4121-477e-a26c-d2501b464c4e,CommLayer/Messages/AvalancheMessages$Message$DataManagerMessage$DataCopyResponseMessage$Builder.java,mergeFrom,->,67366ab5-4121-477e-a26c-d2501b464c4e,CommLayer/Messages/AvalancheMessages$Message$DataManagerMessage$DataCopyResponseMessage$Builder.java,mergeFrom
67366ab5-4121-477e-a26c-d2501b464c4e,CommLayer/Messages/AvalancheMessages$Message$DataManagerMessage$DataCopyResponseMessage$Builder.java,clone,->,67366ab5-4121-477e-a26c-d2501b464c4e,CommLayer/Messages/AvalancheMessages$Message$DataManagerMessage$DataCopyResponseMessage$Builder.java,clone
67366ab5-4121-477e-a26c-d2501b464c4e,CommLayer/Messages/AvalancheMessages$Message$DataManagerMessage$DataCopyResponseMessage$Builder.java,clone,->,67366ab5-4121-477e-a26c-d2501b464c4e,CommLayer/Messages/AvalancheMessages$Message$DataManagerMessage$DataCopyResponseMessage$Builder.java,clone
67366ab5-4121-477e-a26c-d2501b464c4e,CommLayer/Messages/AvalancheMessages$Message$DataManagerMessage$DataCopyResponseMessage$Builder.java,access$12800,->,67366ab5-4121-477e-a26c-d2501b464c4e,CommLayer/Messages/AvalancheMessages$Message$DataManagerMessage$DataCopyResponseMessage$Builder.java,create
67366ab5-4121-477e-a26c-d2501b464c4e,CommLayer/Messages/AvalancheMessages$Message$DataHandlerMessage$Builder.java,getDescriptor,->,67366ab5-4121-477e-a26c-d2501b464c4e,CommLayer/Messages/AvalancheMessages.java,access$4500
67366ab5-4121-477e-a26c-d2501b464c4e,CommLayer/Messages/AvalancheMessages$Message$DataHandlerMessage$Builder.java,internalGetFieldAccessorTable,->,67366ab5-4121-477e-a26c-d2501b464c4e,CommLayer/Messages/AvalancheMessages.java,access$4600
67366ab5-4121-477e-a26c-d2501b464c4e,CommLayer/Messages/AvalancheMessages$Message$DataHandlerMessage$Builder.java,internalGetFieldAccessorTable,->,67366ab5-4121-477e-a26c-d2501b464c4e,com/google/protobuf/GeneratedMessage$FieldAccessorTable.java,ensureFieldAccessorsInitialized
67366ab5-4121-477e-a26c-d2501b464c4e,CommLayer/Messages/AvalancheMessages$Message$DataHandlerMessage$Builder.java,maybeForceBuilderInitialization,->,67366ab5-4121-477e-a26c-d2501b464c4e,CommLayer/Messages/AvalancheMessages$Message$DataHandlerMessage.java,access$6100
67366ab5-4121-477e-a26c-d2501b464c4e,CommLayer/Messages/AvalancheMessages$Message$DataHandlerMessage$Builder.java,maybeForceBuilderInitialization,->,67366ab5-4121-477e-a26c-d2501b464c4e,CommLayer/Messages/AvalancheMessages$Message$DataHandlerMessage$Builder.java,getDataPayLoadFieldBuilder
67366ab5-4121-477e-a26c-d2501b464c4e,CommLayer/Messages/AvalancheMessages$Message$DataHandlerMessage$Builder.java,maybeForceBuilderInitialization,->,67366ab5-4121-477e-a26c-d2501b464c4e,CommLayer/Messages/AvalancheMessages$Message$DataHandlerMessage$Builder.java,getMetaDataFieldBuilder
67366ab5-4121-477e-a26c-d2501b464c4e,CommLayer/Messages/AvalancheMessages$Message$DataHandlerMessage$Builder.java,clear,->,67366ab5-4121-477e-a26c-d2501b464c4e,com/google/protobuf/GeneratedMessage$Builder.java,clear
67366ab5-4121-477e-a26c-d2501b464c4e,CommLayer/Messages/AvalancheMessages$Message$DataHandlerMessage$Builder.java,clear,->,67366ab5-4121-477e-a26c-d2501b464c4e,java/util/Collections.java,emptyList
67366ab5-4121-477e-a26c-d2501b464c4e,CommLayer/Messages/AvalancheMessages$Message$DataHandlerMessage$Builder.java,clear,->,67366ab5-4121-477e-a26c-d2501b464c4e,com/google/protobuf/RepeatedFieldBuilder.java,clear
67366ab5-4121-477e-a26c-d2501b464c4e,CommLayer/Messages/AvalancheMessages$Message$DataHandlerMessage$Builder.java,clear,->,67366ab5-4121-477e-a26c-d2501b464c4e,CommLayer/Messages/AvalancheMessages$Message$DataHandlerMessage$MetaData.java,getDefaultInstance
67366ab5-4121-477e-a26c-d2501b464c4e,CommLayer/Messages/AvalancheMessages$Message$DataHandlerMessage$Builder.java,clear,->,67366ab5-4121-477e-a26c-d2501b464c4e,com/google/protobuf/SingleFieldBuilder.java,clear
67366ab5-4121-477e-a26c-d2501b464c4e,CommLayer/Messages/AvalancheMessages$Message$DataHandlerMessage$Builder.java,clone,->,67366ab5-4121-477e-a26c-d2501b464c4e,CommLayer/Messages/AvalancheMessages$Message$DataHandlerMessage$Builder.java,create
67366ab5-4121-477e-a26c-d2501b464c4e,CommLayer/Messages/AvalancheMessages$Message$DataHandlerMessage$Builder.java,clone,->,67366ab5-4121-477e-a26c-d2501b464c4e,CommLayer/Messages/AvalancheMessages$Message$DataHandlerMessage$Builder.java,buildPartial
67366ab5-4121-477e-a26c-d2501b464c4e,CommLayer/Messages/AvalancheMessages$Message$DataHandlerMessage$Builder.java,clone,->,67366ab5-4121-477e-a26c-d2501b464c4e,CommLayer/Messages/AvalancheMessages$Message$DataHandlerMessage$Builder.java,mergeFrom
67366ab5-4121-477e-a26c-d2501b464c4e,CommLayer/Messages/AvalancheMessages$Message$DataHandlerMessage$Builder.java,getDescriptorForType,->,67366ab5-4121-477e-a26c-d2501b464c4e,CommLayer/Messages/AvalancheMessages.java,access$4500
67366ab5-4121-477e-a26c-d2501b464c4e,CommLayer/Messages/AvalancheMessages$Message$DataHandlerMessage$Builder.java,getDefaultInstanceForType,->,67366ab5-4121-477e-a26c-d2501b464c4e,CommLayer/Messages/AvalancheMessages$Message$DataHandlerMessage.java,getDefaultInstance
67366ab5-4121-477e-a26c-d2501b464c4e,CommLayer/Messages/AvalancheMessages$Message$DataHandlerMessage$Builder.java,build,->,67366ab5-4121-477e-a26c-d2501b464c4e,CommLayer/Messages/AvalancheMessages$Message$DataHandlerMessage$Builder.java,buildPartial
67366ab5-4121-477e-a26c-d2501b464c4e,CommLayer/Messages/AvalancheMessages$Message$DataHandlerMessage$Builder.java,build,->,67366ab5-4121-477e-a26c-d2501b464c4e,CommLayer/Messages/AvalancheMessages$Message$DataHandlerMessage.java,isInitialized
67366ab5-4121-477e-a26c-d2501b464c4e,CommLayer/Messages/AvalancheMessages$Message$DataHandlerMessage$Builder.java,build,->,67366ab5-4121-477e-a26c-d2501b464c4e,CommLayer/Messages/AvalancheMessages$Message$DataHandlerMessage$Builder.java,newUninitializedMessageException
67366ab5-4121-477e-a26c-d2501b464c4e,CommLayer/Messages/AvalancheMessages$Message$DataHandlerMessage$Builder.java,buildPartial,->,67366ab5-4121-477e-a26c-d2501b464c4e,CommLayer/Messages/AvalancheMessages$Message$DataHandlerMessage.java,access$6302
67366ab5-4121-477e-a26c-d2501b464c4e,CommLayer/Messages/AvalancheMessages$Message$DataHandlerMessage$Builder.java,buildPartial,->,67366ab5-4121-477e-a26c-d2501b464c4e,CommLayer/Messages/AvalancheMessages$Message$DataHandlerMessage.java,access$6402
67366ab5-4121-477e-a26c-d2501b464c4e,CommLayer/Messages/AvalancheMessages$Message$DataHandlerMessage$Builder.java,buildPartial,->,67366ab5-4121-477e-a26c-d2501b464c4e,java/util/Collections.java,unmodifiableList
67366ab5-4121-477e-a26c-d2501b464c4e,CommLayer/Messages/AvalancheMessages$Message$DataHandlerMessage$Builder.java,buildPartial,->,67366ab5-4121-477e-a26c-d2501b464c4e,CommLayer/Messages/AvalancheMessages$Message$DataHandlerMessage.java,access$6502
67366ab5-4121-477e-a26c-d2501b464c4e,CommLayer/Messages/AvalancheMessages$Message$DataHandlerMessage$Builder.java,buildPartial,->,67366ab5-4121-477e-a26c-d2501b464c4e,com/google/protobuf/RepeatedFieldBuilder.java,build
67366ab5-4121-477e-a26c-d2501b464c4e,CommLayer/Messages/AvalancheMessages$Message$DataHandlerMessage$Builder.java,buildPartial,->,67366ab5-4121-477e-a26c-d2501b464c4e,CommLayer/Messages/AvalancheMessages$Message$DataHandlerMessage.java,access$6502
67366ab5-4121-477e-a26c-d2501b464c4e,CommLayer/Messages/AvalancheMessages$Message$DataHandlerMessage$Builder.java,buildPartial,->,67366ab5-4121-477e-a26c-d2501b464c4e,CommLayer/Messages/AvalancheMessages$Message$DataHandlerMessage.java,access$6602
67366ab5-4121-477e-a26c-d2501b464c4e,CommLayer/Messages/AvalancheMessages$Message$DataHandlerMessage$Builder.java,buildPartial,->,67366ab5-4121-477e-a26c-d2501b464c4e,CommLayer/Messages/AvalancheMessages$Message$DataHandlerMessage.java,access$6702
67366ab5-4121-477e-a26c-d2501b464c4e,CommLayer/Messages/AvalancheMessages$Message$DataHandlerMessage$Builder.java,buildPartial,->,67366ab5-4121-477e-a26c-d2501b464c4e,CommLayer/Messages/AvalancheMessages$Message$DataHandlerMessage.java,access$6802
67366ab5-4121-477e-a26c-d2501b464c4e,CommLayer/Messages/AvalancheMessages$Message$DataHandlerMessage$Builder.java,buildPartial,->,67366ab5-4121-477e-a26c-d2501b464c4e,com/google/protobuf/SingleFieldBuilder.java,build
67366ab5-4121-477e-a26c-d2501b464c4e,CommLayer/Messages/AvalancheMessages$Message$DataHandlerMessage$Builder.java,buildPartial,->,67366ab5-4121-477e-a26c-d2501b464c4e,CommLayer/Messages/AvalancheMessages$Message$DataHandlerMessage.java,access$6802
67366ab5-4121-477e-a26c-d2501b464c4e,CommLayer/Messages/AvalancheMessages$Message$DataHandlerMessage$Builder.java,buildPartial,->,67366ab5-4121-477e-a26c-d2501b464c4e,CommLayer/Messages/AvalancheMessages$Message$DataHandlerMessage.java,access$6902
67366ab5-4121-477e-a26c-d2501b464c4e,CommLayer/Messages/AvalancheMessages$Message$DataHandlerMessage$Builder.java,buildPartial,->,67366ab5-4121-477e-a26c-d2501b464c4e,CommLayer/Messages/AvalancheMessages$Message$DataHandlerMessage$Builder.java,onBuilt
67366ab5-4121-477e-a26c-d2501b464c4e,CommLayer/Messages/AvalancheMessages$Message$DataHandlerMessage$Builder.java,mergeFrom,->,67366ab5-4121-477e-a26c-d2501b464c4e,CommLayer/Messages/AvalancheMessages$Message$DataHandlerMessage$Builder.java,mergeFrom
67366ab5-4121-477e-a26c-d2501b464c4e,CommLayer/Messages/AvalancheMessages$Message$DataHandlerMessage$Builder.java,mergeFrom,->,67366ab5-4121-477e-a26c-d2501b464c4e,com/google/protobuf/GeneratedMessage$Builder.java,mergeFrom
67366ab5-4121-477e-a26c-d2501b464c4e,CommLayer/Messages/AvalancheMessages$Message$DataHandlerMessage$Builder.java,mergeFrom,->,67366ab5-4121-477e-a26c-d2501b464c4e,CommLayer/Messages/AvalancheMessages$Message$DataHandlerMessage.java,getDefaultInstance
67366ab5-4121-477e-a26c-d2501b464c4e,CommLayer/Messages/AvalancheMessages$Message$DataHandlerMessage$Builder.java,mergeFrom,->,67366ab5-4121-477e-a26c-d2501b464c4e,CommLayer/Messages/AvalancheMessages$Message$DataHandlerMessage.java,hasType
67366ab5-4121-477e-a26c-d2501b464c4e,CommLayer/Messages/AvalancheMessages$Message$DataHandlerMessage$Builder.java,mergeFrom,->,67366ab5-4121-477e-a26c-d2501b464c4e,CommLayer/Messages/AvalancheMessages$Message$DataHandlerMessage.java,getType
67366ab5-4121-477e-a26c-d2501b464c4e,CommLayer/Messages/AvalancheMessages$Message$DataHandlerMessage$Builder.java,mergeFrom,->,67366ab5-4121-477e-a26c-d2501b464c4e,CommLayer/Messages/AvalancheMessages$Message$DataHandlerMessage$Builder.java,setType
67366ab5-4121-477e-a26c-d2501b464c4e,CommLayer/Messages/AvalancheMessages$Message$DataHandlerMessage$Builder.java,mergeFrom,->,67366ab5-4121-477e-a26c-d2501b464c4e,CommLayer/Messages/AvalancheMessages$Message$DataHandlerMessage.java,hasTaskId
67366ab5-4121-477e-a26c-d2501b464c4e,CommLayer/Messages/AvalancheMessages$Message$DataHandlerMessage$Builder.java,mergeFrom,->,67366ab5-4121-477e-a26c-d2501b464c4e,CommLayer/Messages/AvalancheMessages$Message$DataHandlerMessage.java,access$6400
67366ab5-4121-477e-a26c-d2501b464c4e,CommLayer/Messages/AvalancheMessages$Message$DataHandlerMessage$Builder.java,mergeFrom,->,67366ab5-4121-477e-a26c-d2501b464c4e,CommLayer/Messages/AvalancheMessages$Message$DataHandlerMessage$Builder.java,onChanged
67366ab5-4121-477e-a26c-d2501b464c4e,CommLayer/Messages/AvalancheMessages$Message$DataHandlerMessage$Builder.java,mergeFrom,->,67366ab5-4121-477e-a26c-d2501b464c4e,CommLayer/Messages/AvalancheMessages$Message$DataHandlerMessage.java,access$6500
67366ab5-4121-477e-a26c-d2501b464c4e,CommLayer/Messages/AvalancheMessages$Message$DataHandlerMessage$Builder.java,mergeFrom,->,67366ab5-4121-477e-a26c-d2501b464c4e,java/util/List.java,isEmpty
67366ab5-4121-477e-a26c-d2501b464c4e,CommLayer/Messages/AvalancheMessages$Message$DataHandlerMessage$Builder.java,mergeFrom,->,67366ab5-4121-477e-a26c-d2501b464c4e,java/util/List.java,isEmpty
67366ab5-4121-477e-a26c-d2501b464c4e,CommLayer/Messages/AvalancheMessages$Message$DataHandlerMessage$Builder.java,mergeFrom,->,67366ab5-4121-477e-a26c-d2501b464c4e,CommLayer/Messages/AvalancheMessages$Message$DataHandlerMessage.java,access$6500
67366ab5-4121-477e-a26c-d2501b464c4e,CommLayer/Messages/AvalancheMessages$Message$DataHandlerMessage$Builder.java,mergeFrom,->,67366ab5-4121-477e-a26c-d2501b464c4e,CommLayer/Messages/AvalancheMessages$Message$DataHandlerMessage$Builder.java,ensureDataPayLoadIsMutable
67366ab5-4121-477e-a26c-d2501b464c4e,CommLayer/Messages/AvalancheMessages$Message$DataHandlerMessage$Builder.java,mergeFrom,->,67366ab5-4121-477e-a26c-d2501b464c4e,CommLayer/Messages/AvalancheMessages$Message$DataHandlerMessage.java,access$6500
67366ab5-4121-477e-a26c-d2501b464c4e,CommLayer/Messages/AvalancheMessages$Message$DataHandlerMessage$Builder.java,mergeFrom,->,67366ab5-4121-477e-a26c-d2501b464c4e,java/util/List.java,addAll
67366ab5-4121-477e-a26c-d2501b464c4e,CommLayer/Messages/AvalancheMessages$Message$DataHandlerMessage$Builder.java,mergeFrom,->,67366ab5-4121-477e-a26c-d2501b464c4e,CommLayer/Messages/AvalancheMessages$Message$DataHandlerMessage$Builder.java,onChanged
67366ab5-4121-477e-a26c-d2501b464c4e,CommLayer/Messages/AvalancheMessages$Message$DataHandlerMessage$Builder.java,mergeFrom,->,67366ab5-4121-477e-a26c-d2501b464c4e,CommLayer/Messages/AvalancheMessages$Message$DataHandlerMessage.java,access$6500
67366ab5-4121-477e-a26c-d2501b464c4e,CommLayer/Messages/AvalancheMessages$Message$DataHandlerMessage$Builder.java,mergeFrom,->,67366ab5-4121-477e-a26c-d2501b464c4e,java/util/List.java,isEmpty
67366ab5-4121-477e-a26c-d2501b464c4e,CommLayer/Messages/AvalancheMessages$Message$DataHandlerMessage$Builder.java,mergeFrom,->,67366ab5-4121-477e-a26c-d2501b464c4e,com/google/protobuf/RepeatedFieldBuilder.java,isEmpty
67366ab5-4121-477e-a26c-d2501b464c4e,CommLayer/Messages/AvalancheMessages$Message$DataHandlerMessage$Builder.java,mergeFrom,->,67366ab5-4121-477e-a26c-d2501b464c4e,com/google/protobuf/RepeatedFieldBuilder.java,dispose
67366ab5-4121-477e-a26c-d2501b464c4e,CommLayer/Messages/AvalancheMessages$Message$DataHandlerMessage$Builder.java,mergeFrom,->,67366ab5-4121-477e-a26c-d2501b464c4e,CommLayer/Messages/AvalancheMessages$Message$DataHandlerMessage.java,access$6500
67366ab5-4121-477e-a26c-d2501b464c4e,CommLayer/Messages/AvalancheMessages$Message$DataHandlerMessage$Builder.java,mergeFrom,->,67366ab5-4121-477e-a26c-d2501b464c4e,CommLayer/Messages/AvalancheMessages$Message$DataHandlerMessage.java,access$7000
67366ab5-4121-477e-a26c-d2501b464c4e,CommLayer/Messages/AvalancheMessages$Message$DataHandlerMessage$Builder.java,mergeFrom,->,67366ab5-4121-477e-a26c-d2501b464c4e,CommLayer/Messages/AvalancheMessages$Message$DataHandlerMessage$Builder.java,getDataPayLoadFieldBuilder
67366ab5-4121-477e-a26c-d2501b464c4e,CommLayer/Messages/AvalancheMessages$Message$DataHandlerMessage$Builder.java,mergeFrom,->,67366ab5-4121-477e-a26c-d2501b464c4e,CommLayer/Messages/AvalancheMessages$Message$DataHandlerMessage.java,access$6500
67366ab5-4121-477e-a26c-d2501b464c4e,CommLayer/Messages/AvalancheMessages$Message$DataHandlerMessage$Builder.java,mergeFrom,->,67366ab5-4121-477e-a26c-d2501b464c4e,com/google/protobuf/RepeatedFieldBuilder.java,addAllMessages
67366ab5-4121-477e-a26c-d2501b464c4e,CommLayer/Messages/AvalancheMessages$Message$DataHandlerMessage$Builder.java,mergeFrom,->,67366ab5-4121-477e-a26c-d2501b464c4e,CommLayer/Messages/AvalancheMessages$Message$DataHandlerMessage.java,hasReadMinRange
67366ab5-4121-477e-a26c-d2501b464c4e,CommLayer/Messages/AvalancheMessages$Message$DataHandlerMessage$Builder.java,mergeFrom,->,67366ab5-4121-477e-a26c-d2501b464c4e,CommLayer/Messages/AvalancheMessages$Message$DataHandlerMessage.java,getReadMinRange
67366ab5-4121-477e-a26c-d2501b464c4e,CommLayer/Messages/AvalancheMessages$Message$DataHandlerMessage$Builder.java,mergeFrom,->,67366ab5-4121-477e-a26c-d2501b464c4e,CommLayer/Messages/AvalancheMessages$Message$DataHandlerMessage$Builder.java,setReadMinRange
67366ab5-4121-477e-a26c-d2501b464c4e,CommLayer/Messages/AvalancheMessages$Message$DataHandlerMessage$Builder.java,mergeFrom,->,67366ab5-4121-477e-a26c-d2501b464c4e,CommLayer/Messages/AvalancheMessages$Message$DataHandlerMessage.java,hasReadMaxRange
67366ab5-4121-477e-a26c-d2501b464c4e,CommLayer/Messages/AvalancheMessages$Message$DataHandlerMessage$Builder.java,mergeFrom,->,67366ab5-4121-477e-a26c-d2501b464c4e,CommLayer/Messages/AvalancheMessages$Message$DataHandlerMessage.java,getReadMaxRange
67366ab5-4121-477e-a26c-d2501b464c4e,CommLayer/Messages/AvalancheMessages$Message$DataHandlerMessage$Builder.java,mergeFrom,->,67366ab5-4121-477e-a26c-d2501b464c4e,CommLayer/Messages/AvalancheMessages$Message$DataHandlerMessage$Builder.java,setReadMaxRange
67366ab5-4121-477e-a26c-d2501b464c4e,CommLayer/Messages/AvalancheMessages$Message$DataHandlerMessage$Builder.java,mergeFrom,->,67366ab5-4121-477e-a26c-d2501b464c4e,CommLayer/Messages/AvalancheMessages$Message$DataHandlerMessage.java,hasMetaData
67366ab5-4121-477e-a26c-d2501b464c4e,CommLayer/Messages/AvalancheMessages$Message$DataHandlerMessage$Builder.java,mergeFrom,->,67366ab5-4121-477e-a26c-d2501b464c4e,CommLayer/Messages/AvalancheMessages$Message$DataHandlerMessage.java,getMetaData
67366ab5-4121-477e-a26c-d2501b464c4e,CommLayer/Messages/AvalancheMessages$Message$DataHandlerMessage$Builder.java,mergeFrom,->,67366ab5-4121-477e-a26c-d2501b464c4e,CommLayer/Messages/AvalancheMessages$Message$DataHandlerMessage$Builder.java,mergeMetaData
67366ab5-4121-477e-a26c-d2501b464c4e,CommLayer/Messages/AvalancheMessages$Message$DataHandlerMessage$Builder.java,mergeFrom,->,67366ab5-4121-477e-a26c-d2501b464c4e,CommLayer/Messages/AvalancheMessages$Message$DataHandlerMessage.java,getUnknownFields
67366ab5-4121-477e-a26c-d2501b464c4e,CommLayer/Messages/AvalancheMessages$Message$DataHandlerMessage$Builder.java,mergeFrom,->,67366ab5-4121-477e-a26c-d2501b464c4e,CommLayer/Messages/AvalancheMessages$Message$DataHandlerMessage$Builder.java,mergeUnknownFields
67366ab5-4121-477e-a26c-d2501b464c4e,CommLayer/Messages/AvalancheMessages$Message$DataHandlerMessage$Builder.java,mergeFrom,->,67366ab5-4121-477e-a26c-d2501b464c4e,com/google/protobuf/Parser.java,parsePartialFrom
67366ab5-4121-477e-a26c-d2501b464c4e,CommLayer/Messages/AvalancheMessages$Message$DataHandlerMessage$Builder.java,mergeFrom,->,67366ab5-4121-477e-a26c-d2501b464c4e,CommLayer/Messages/AvalancheMessages$Message$DataHandlerMessage$Builder.java,mergeFrom
67366ab5-4121-477e-a26c-d2501b464c4e,CommLayer/Messages/AvalancheMessages$Message$DataHandlerMessage$Builder.java,mergeFrom,->,67366ab5-4121-477e-a26c-d2501b464c4e,com/google/protobuf/InvalidProtocolBufferException.java,getUnfinishedMessage
67366ab5-4121-477e-a26c-d2501b464c4e,CommLayer/Messages/AvalancheMessages$Message$DataHandlerMessage$Builder.java,mergeFrom,->,67366ab5-4121-477e-a26c-d2501b464c4e,CommLayer/Messages/AvalancheMessages$Message$DataHandlerMessage$Builder.java,mergeFrom
67366ab5-4121-477e-a26c-d2501b464c4e,CommLayer/Messages/AvalancheMessages$Message$DataHandlerMessage$Builder.java,setType,->,67366ab5-4121-477e-a26c-d2501b464c4e,CommLayer/Messages/AvalancheMessages$Message$DataHandlerMessage$Builder.java,onChanged
67366ab5-4121-477e-a26c-d2501b464c4e,CommLayer/Messages/AvalancheMessages$Message$DataHandlerMessage$Builder.java,clearType,->,67366ab5-4121-477e-a26c-d2501b464c4e,CommLayer/Messages/AvalancheMessages$Message$DataHandlerMessage$Builder.java,onChanged
67366ab5-4121-477e-a26c-d2501b464c4e,CommLayer/Messages/AvalancheMessages$Message$DataHandlerMessage$Builder.java,getTaskId,->,67366ab5-4121-477e-a26c-d2501b464c4e,com/google/protobuf/ByteString.java,toStringUtf8
67366ab5-4121-477e-a26c-d2501b464c4e,CommLayer/Messages/AvalancheMessages$Message$DataHandlerMessage$Builder.java,getTaskIdBytes,->,67366ab5-4121-477e-a26c-d2501b464c4e,com/google/protobuf/ByteString.java,copyFromUtf8
67366ab5-4121-477e-a26c-d2501b464c4e,CommLayer/Messages/AvalancheMessages$Message$DataHandlerMessage$Builder.java,setTaskId,->,67366ab5-4121-477e-a26c-d2501b464c4e,CommLayer/Messages/AvalancheMessages$Message$DataHandlerMessage$Builder.java,onChanged
67366ab5-4121-477e-a26c-d2501b464c4e,CommLayer/Messages/AvalancheMessages$Message$DataHandlerMessage$Builder.java,clearTaskId,->,67366ab5-4121-477e-a26c-d2501b464c4e,CommLayer/Messages/AvalancheMessages$Message$DataHandlerMessage.java,getDefaultInstance
67366ab5-4121-477e-a26c-d2501b464c4e,CommLayer/Messages/AvalancheMessages$Message$DataHandlerMessage$Builder.java,clearTaskId,->,67366ab5-4121-477e-a26c-d2501b464c4e,CommLayer/Messages/AvalancheMessages$Message$DataHandlerMessage.java,getTaskId
67366ab5-4121-477e-a26c-d2501b464c4e,CommLayer/Messages/AvalancheMessages$Message$DataHandlerMessage$Builder.java,clearTaskId,->,67366ab5-4121-477e-a26c-d2501b464c4e,CommLayer/Messages/AvalancheMessages$Message$DataHandlerMessage$Builder.java,onChanged
67366ab5-4121-477e-a26c-d2501b464c4e,CommLayer/Messages/AvalancheMessages$Message$DataHandlerMessage$Builder.java,setTaskIdBytes,->,67366ab5-4121-477e-a26c-d2501b464c4e,CommLayer/Messages/AvalancheMessages$Message$DataHandlerMessage$Builder.java,onChanged
67366ab5-4121-477e-a26c-d2501b464c4e,CommLayer/Messages/AvalancheMessages$Message$DataHandlerMessage$Builder.java,getDataPayLoadList,->,67366ab5-4121-477e-a26c-d2501b464c4e,java/util/Collections.java,unmodifiableList
67366ab5-4121-477e-a26c-d2501b464c4e,CommLayer/Messages/AvalancheMessages$Message$DataHandlerMessage$Builder.java,getDataPayLoadList,->,67366ab5-4121-477e-a26c-d2501b464c4e,com/google/protobuf/RepeatedFieldBuilder.java,getMessageList
67366ab5-4121-477e-a26c-d2501b464c4e,CommLayer/Messages/AvalancheMessages$Message$DataHandlerMessage$Builder.java,getDataPayLoadCount,->,67366ab5-4121-477e-a26c-d2501b464c4e,java/util/List.java,size
67366ab5-4121-477e-a26c-d2501b464c4e,CommLayer/Messages/AvalancheMessages$Message$DataHandlerMessage$Builder.java,getDataPayLoadCount,->,67366ab5-4121-477e-a26c-d2501b464c4e,com/google/protobuf/RepeatedFieldBuilder.java,getCount
67366ab5-4121-477e-a26c-d2501b464c4e,CommLayer/Messages/AvalancheMessages$Message$DataHandlerMessage$Builder.java,getDataPayLoad,->,67366ab5-4121-477e-a26c-d2501b464c4e,java/util/List.java,get
67366ab5-4121-477e-a26c-d2501b464c4e,CommLayer/Messages/AvalancheMessages$Message$DataHandlerMessage$Builder.java,getDataPayLoad,->,67366ab5-4121-477e-a26c-d2501b464c4e,com/google/protobuf/RepeatedFieldBuilder.java,getMessage
67366ab5-4121-477e-a26c-d2501b464c4e,CommLayer/Messages/AvalancheMessages$Message$DataHandlerMessage$Builder.java,setDataPayLoad,->,67366ab5-4121-477e-a26c-d2501b464c4e,CommLayer/Messages/AvalancheMessages$Message$DataHandlerMessage$Builder.java,ensureDataPayLoadIsMutable
67366ab5-4121-477e-a26c-d2501b464c4e,CommLayer/Messages/AvalancheMessages$Message$DataHandlerMessage$Builder.java,setDataPayLoad,->,67366ab5-4121-477e-a26c-d2501b464c4e,java/util/List.java,set
67366ab5-4121-477e-a26c-d2501b464c4e,CommLayer/Messages/AvalancheMessages$Message$DataHandlerMessage$Builder.java,setDataPayLoad,->,67366ab5-4121-477e-a26c-d2501b464c4e,CommLayer/Messages/AvalancheMessages$Message$DataHandlerMessage$Builder.java,onChanged
67366ab5-4121-477e-a26c-d2501b464c4e,CommLayer/Messages/AvalancheMessages$Message$DataHandlerMessage$Builder.java,setDataPayLoad,->,67366ab5-4121-477e-a26c-d2501b464c4e,com/google/protobuf/RepeatedFieldBuilder.java,setMessage
67366ab5-4121-477e-a26c-d2501b464c4e,CommLayer/Messages/AvalancheMessages$Message$DataHandlerMessage$Builder.java,setDataPayLoad,->,67366ab5-4121-477e-a26c-d2501b464c4e,CommLayer/Messages/AvalancheMessages$Message$DataHandlerMessage$Builder.java,ensureDataPayLoadIsMutable
67366ab5-4121-477e-a26c-d2501b464c4e,CommLayer/Messages/AvalancheMessages$Message$DataHandlerMessage$Builder.java,setDataPayLoad,->,67366ab5-4121-477e-a26c-d2501b464c4e,CommLayer/Messages/AvalancheMessages$Message$DataPair$Builder.java,build
67366ab5-4121-477e-a26c-d2501b464c4e,CommLayer/Messages/AvalancheMessages$Message$DataHandlerMessage$Builder.java,setDataPayLoad,->,67366ab5-4121-477e-a26c-d2501b464c4e,java/util/List.java,set
67366ab5-4121-477e-a26c-d2501b464c4e,CommLayer/Messages/AvalancheMessages$Message$DataHandlerMessage$Builder.java,setDataPayLoad,->,67366ab5-4121-477e-a26c-d2501b464c4e,CommLayer/Messages/AvalancheMessages$Message$DataHandlerMessage$Builder.java,onChanged
67366ab5-4121-477e-a26c-d2501b464c4e,CommLayer/Messages/AvalancheMessages$Message$DataHandlerMessage$Builder.java,setDataPayLoad,->,67366ab5-4121-477e-a26c-d2501b464c4e,CommLayer/Messages/AvalancheMessages$Message$DataPair$Builder.java,build
67366ab5-4121-477e-a26c-d2501b464c4e,CommLayer/Messages/AvalancheMessages$Message$DataHandlerMessage$Builder.java,setDataPayLoad,->,67366ab5-4121-477e-a26c-d2501b464c4e,com/google/protobuf/RepeatedFieldBuilder.java,setMessage
67366ab5-4121-477e-a26c-d2501b464c4e,CommLayer/Messages/AvalancheMessages$Message$DataHandlerMessage$Builder.java,addDataPayLoad,->,67366ab5-4121-477e-a26c-d2501b464c4e,CommLayer/Messages/AvalancheMessages$Message$DataHandlerMessage$Builder.java,ensureDataPayLoadIsMutable
67366ab5-4121-477e-a26c-d2501b464c4e,CommLayer/Messages/AvalancheMessages$Message$DataHandlerMessage$Builder.java,addDataPayLoad,->,67366ab5-4121-477e-a26c-d2501b464c4e,java/util/List.java,add
67366ab5-4121-477e-a26c-d2501b464c4e,CommLayer/Messages/AvalancheMessages$Message$DataHandlerMessage$Builder.java,addDataPayLoad,->,67366ab5-4121-477e-a26c-d2501b464c4e,CommLayer/Messages/AvalancheMessages$Message$DataHandlerMessage$Builder.java,onChanged
67366ab5-4121-477e-a26c-d2501b464c4e,CommLayer/Messages/AvalancheMessages$Message$DataHandlerMessage$Builder.java,addDataPayLoad,->,67366ab5-4121-477e-a26c-d2501b464c4e,com/google/protobuf/RepeatedFieldBuilder.java,addMessage
67366ab5-4121-477e-a26c-d2501b464c4e,CommLayer/Messages/AvalancheMessages$Message$DataHandlerMessage$Builder.java,addDataPayLoad,->,67366ab5-4121-477e-a26c-d2501b464c4e,CommLayer/Messages/AvalancheMessages$Message$DataHandlerMessage$Builder.java,ensureDataPayLoadIsMutable
67366ab5-4121-477e-a26c-d2501b464c4e,CommLayer/Messages/AvalancheMessages$Message$DataHandlerMessage$Builder.java,addDataPayLoad,->,67366ab5-4121-477e-a26c-d2501b464c4e,java/util/List.java,add
67366ab5-4121-477e-a26c-d2501b464c4e,CommLayer/Messages/AvalancheMessages$Message$DataHandlerMessage$Builder.java,addDataPayLoad,->,67366ab5-4121-477e-a26c-d2501b464c4e,CommLayer/Messages/AvalancheMessages$Message$DataHandlerMessage$Builder.java,onChanged
67366ab5-4121-477e-a26c-d2501b464c4e,CommLayer/Messages/AvalancheMessages$Message$DataHandlerMessage$Builder.java,addDataPayLoad,->,67366ab5-4121-477e-a26c-d2501b464c4e,com/google/protobuf/RepeatedFieldBuilder.java,addMessage
67366ab5-4121-477e-a26c-d2501b464c4e,CommLayer/Messages/AvalancheMessages$Message$DataHandlerMessage$Builder.java,addDataPayLoad,->,67366ab5-4121-477e-a26c-d2501b464c4e,CommLayer/Messages/AvalancheMessages$Message$DataHandlerMessage$Builder.java,ensureDataPayLoadIsMutable
67366ab5-4121-477e-a26c-d2501b464c4e,CommLayer/Messages/AvalancheMessages$Message$DataHandlerMessage$Builder.java,addDataPayLoad,->,67366ab5-4121-477e-a26c-d2501b464c4e,CommLayer/Messages/AvalancheMessages$Message$DataPair$Builder.java,build
67366ab5-4121-477e-a26c-d2501b464c4e,CommLayer/Messages/AvalancheMessages$Message$DataHandlerMessage$Builder.java,addDataPayLoad,->,67366ab5-4121-477e-a26c-d2501b464c4e,java/util/List.java,add
67366ab5-4121-477e-a26c-d2501b464c4e,CommLayer/Messages/AvalancheMessages$Message$DataHandlerMessage$Builder.java,addDataPayLoad,->,67366ab5-4121-477e-a26c-d2501b464c4e,CommLayer/Messages/AvalancheMessages$Message$DataHandlerMessage$Builder.java,onChanged
67366ab5-4121-477e-a26c-d2501b464c4e,CommLayer/Messages/AvalancheMessages$Message$DataHandlerMessage$Builder.java,addDataPayLoad,->,67366ab5-4121-477e-a26c-d2501b464c4e,CommLayer/Messages/AvalancheMessages$Message$DataPair$Builder.java,build
67366ab5-4121-477e-a26c-d2501b464c4e,CommLayer/Messages/AvalancheMessages$Message$DataHandlerMessage$Builder.java,addDataPayLoad,->,67366ab5-4121-477e-a26c-d2501b464c4e,com/google/protobuf/RepeatedFieldBuilder.java,addMessage
67366ab5-4121-477e-a26c-d2501b464c4e,CommLayer/Messages/AvalancheMessages$Message$DataHandlerMessage$Builder.java,addDataPayLoad,->,67366ab5-4121-477e-a26c-d2501b464c4e,CommLayer/Messages/AvalancheMessages$Message$DataHandlerMessage$Builder.java,ensureDataPayLoadIsMutable
67366ab5-4121-477e-a26c-d2501b464c4e,CommLayer/Messages/AvalancheMessages$Message$DataHandlerMessage$Builder.java,addDataPayLoad,->,67366ab5-4121-477e-a26c-d2501b464c4e,CommLayer/Messages/AvalancheMessages$Message$DataPair$Builder.java,build
67366ab5-4121-477e-a26c-d2501b464c4e,CommLayer/Messages/AvalancheMessages$Message$DataHandlerMessage$Builder.java,addDataPayLoad,->,67366ab5-4121-477e-a26c-d2501b464c4e,java/util/List.java,add
67366ab5-4121-477e-a26c-d2501b464c4e,CommLayer/Messages/AvalancheMessages$Message$DataHandlerMessage$Builder.java,addDataPayLoad,->,67366ab5-4121-477e-a26c-d2501b464c4e,CommLayer/Messages/AvalancheMessages$Message$DataHandlerMessage$Builder.java,onChanged
67366ab5-4121-477e-a26c-d2501b464c4e,CommLayer/Messages/AvalancheMessages$Message$DataHandlerMessage$Builder.java,addDataPayLoad,->,67366ab5-4121-477e-a26c-d2501b464c4e,CommLayer/Messages/AvalancheMessages$Message$DataPair$Builder.java,build
67366ab5-4121-477e-a26c-d2501b464c4e,CommLayer/Messages/AvalancheMessages$Message$DataHandlerMessage$Builder.java,addDataPayLoad,->,67366ab5-4121-477e-a26c-d2501b464c4e,com/google/protobuf/RepeatedFieldBuilder.java,addMessage
67366ab5-4121-477e-a26c-d2501b464c4e,CommLayer/Messages/AvalancheMessages$Message$DataHandlerMessage$Builder.java,addAllDataPayLoad,->,67366ab5-4121-477e-a26c-d2501b464c4e,CommLayer/Messages/AvalancheMessages$Message$DataHandlerMessage$Builder.java,ensureDataPayLoadIsMutable
67366ab5-4121-477e-a26c-d2501b464c4e,CommLayer/Messages/AvalancheMessages$Message$DataHandlerMessage$Builder.java,addAllDataPayLoad,->,67366ab5-4121-477e-a26c-d2501b464c4e,com/google/protobuf/GeneratedMessage$Builder.java,addAll
67366ab5-4121-477e-a26c-d2501b464c4e,CommLayer/Messages/AvalancheMessages$Message$DataHandlerMessage$Builder.java,addAllDataPayLoad,->,67366ab5-4121-477e-a26c-d2501b464c4e,CommLayer/Messages/AvalancheMessages$Message$DataHandlerMessage$Builder.java,onChanged
67366ab5-4121-477e-a26c-d2501b464c4e,CommLayer/Messages/AvalancheMessages$Message$DataHandlerMessage$Builder.java,addAllDataPayLoad,->,67366ab5-4121-477e-a26c-d2501b464c4e,com/google/protobuf/RepeatedFieldBuilder.java,addAllMessages
67366ab5-4121-477e-a26c-d2501b464c4e,CommLayer/Messages/AvalancheMessages$Message$DataHandlerMessage$Builder.java,clearDataPayLoad,->,67366ab5-4121-477e-a26c-d2501b464c4e,java/util/Collections.java,emptyList
67366ab5-4121-477e-a26c-d2501b464c4e,CommLayer/Messages/AvalancheMessages$Message$DataHandlerMessage$Builder.java,clearDataPayLoad,->,67366ab5-4121-477e-a26c-d2501b464c4e,CommLayer/Messages/AvalancheMessages$Message$DataHandlerMessage$Builder.java,onChanged
67366ab5-4121-477e-a26c-d2501b464c4e,CommLayer/Messages/AvalancheMessages$Message$DataHandlerMessage$Builder.java,clearDataPayLoad,->,67366ab5-4121-477e-a26c-d2501b464c4e,com/google/protobuf/RepeatedFieldBuilder.java,clear
67366ab5-4121-477e-a26c-d2501b464c4e,CommLayer/Messages/AvalancheMessages$Message$DataHandlerMessage$Builder.java,removeDataPayLoad,->,67366ab5-4121-477e-a26c-d2501b464c4e,CommLayer/Messages/AvalancheMessages$Message$DataHandlerMessage$Builder.java,ensureDataPayLoadIsMutable
67366ab5-4121-477e-a26c-d2501b464c4e,CommLayer/Messages/AvalancheMessages$Message$DataHandlerMessage$Builder.java,removeDataPayLoad,->,67366ab5-4121-477e-a26c-d2501b464c4e,java/util/List.java,remove
67366ab5-4121-477e-a26c-d2501b464c4e,CommLayer/Messages/AvalancheMessages$Message$DataHandlerMessage$Builder.java,removeDataPayLoad,->,67366ab5-4121-477e-a26c-d2501b464c4e,CommLayer/Messages/AvalancheMessages$Message$DataHandlerMessage$Builder.java,onChanged
67366ab5-4121-477e-a26c-d2501b464c4e,CommLayer/Messages/AvalancheMessages$Message$DataHandlerMessage$Builder.java,removeDataPayLoad,->,67366ab5-4121-477e-a26c-d2501b464c4e,com/google/protobuf/RepeatedFieldBuilder.java,remove
67366ab5-4121-477e-a26c-d2501b464c4e,CommLayer/Messages/AvalancheMessages$Message$DataHandlerMessage$Builder.java,getDataPayLoadBuilder,->,67366ab5-4121-477e-a26c-d2501b464c4e,CommLayer/Messages/AvalancheMessages$Message$DataHandlerMessage$Builder.java,getDataPayLoadFieldBuilder
67366ab5-4121-477e-a26c-d2501b464c4e,CommLayer/Messages/AvalancheMessages$Message$DataHandlerMessage$Builder.java,getDataPayLoadBuilder,->,67366ab5-4121-477e-a26c-d2501b464c4e,com/google/protobuf/RepeatedFieldBuilder.java,getBuilder
67366ab5-4121-477e-a26c-d2501b464c4e,CommLayer/Messages/AvalancheMessages$Message$DataHandlerMessage$Builder.java,getDataPayLoadOrBuilder,->,67366ab5-4121-477e-a26c-d2501b464c4e,java/util/List.java,get
67366ab5-4121-477e-a26c-d2501b464c4e,CommLayer/Messages/AvalancheMessages$Message$DataHandlerMessage$Builder.java,getDataPayLoadOrBuilder,->,67366ab5-4121-477e-a26c-d2501b464c4e,com/google/protobuf/RepeatedFieldBuilder.java,getMessageOrBuilder
67366ab5-4121-477e-a26c-d2501b464c4e,CommLayer/Messages/AvalancheMessages$Message$DataHandlerMessage$Builder.java,getDataPayLoadOrBuilderList,->,67366ab5-4121-477e-a26c-d2501b464c4e,com/google/protobuf/RepeatedFieldBuilder.java,getMessageOrBuilderList
67366ab5-4121-477e-a26c-d2501b464c4e,CommLayer/Messages/AvalancheMessages$Message$DataHandlerMessage$Builder.java,getDataPayLoadOrBuilderList,->,67366ab5-4121-477e-a26c-d2501b464c4e,java/util/Collections.java,unmodifiableList
67366ab5-4121-477e-a26c-d2501b464c4e,CommLayer/Messages/AvalancheMessages$Message$DataHandlerMessage$Builder.java,addDataPayLoadBuilder,->,67366ab5-4121-477e-a26c-d2501b464c4e,CommLayer/Messages/AvalancheMessages$Message$DataHandlerMessage$Builder.java,getDataPayLoadFieldBuilder
67366ab5-4121-477e-a26c-d2501b464c4e,CommLayer/Messages/AvalancheMessages$Message$DataHandlerMessage$Builder.java,addDataPayLoadBuilder,->,67366ab5-4121-477e-a26c-d2501b464c4e,CommLayer/Messages/AvalancheMessages$Message$DataPair.java,getDefaultInstance
67366ab5-4121-477e-a26c-d2501b464c4e,CommLayer/Messages/AvalancheMessages$Message$DataHandlerMessage$Builder.java,addDataPayLoadBuilder,->,67366ab5-4121-477e-a26c-d2501b464c4e,com/google/protobuf/RepeatedFieldBuilder.java,addBuilder
67366ab5-4121-477e-a26c-d2501b464c4e,CommLayer/Messages/AvalancheMessages$Message$DataHandlerMessage$Builder.java,addDataPayLoadBuilder,->,67366ab5-4121-477e-a26c-d2501b464c4e,CommLayer/Messages/AvalancheMessages$Message$DataHandlerMessage$Builder.java,getDataPayLoadFieldBuilder
67366ab5-4121-477e-a26c-d2501b464c4e,CommLayer/Messages/AvalancheMessages$Message$DataHandlerMessage$Builder.java,addDataPayLoadBuilder,->,67366ab5-4121-477e-a26c-d2501b464c4e,CommLayer/Messages/AvalancheMessages$Message$DataPair.java,getDefaultInstance
67366ab5-4121-477e-a26c-d2501b464c4e,CommLayer/Messages/AvalancheMessages$Message$DataHandlerMessage$Builder.java,addDataPayLoadBuilder,->,67366ab5-4121-477e-a26c-d2501b464c4e,com/google/protobuf/RepeatedFieldBuilder.java,addBuilder
67366ab5-4121-477e-a26c-d2501b464c4e,CommLayer/Messages/AvalancheMessages$Message$DataHandlerMessage$Builder.java,getDataPayLoadBuilderList,->,67366ab5-4121-477e-a26c-d2501b464c4e,CommLayer/Messages/AvalancheMessages$Message$DataHandlerMessage$Builder.java,getDataPayLoadFieldBuilder
67366ab5-4121-477e-a26c-d2501b464c4e,CommLayer/Messages/AvalancheMessages$Message$DataHandlerMessage$Builder.java,getDataPayLoadBuilderList,->,67366ab5-4121-477e-a26c-d2501b464c4e,com/google/protobuf/RepeatedFieldBuilder.java,getBuilderList
67366ab5-4121-477e-a26c-d2501b464c4e,CommLayer/Messages/AvalancheMessages$Message$DataHandlerMessage$Builder.java,getDataPayLoadFieldBuilder,->,67366ab5-4121-477e-a26c-d2501b464c4e,CommLayer/Messages/AvalancheMessages$Message$DataHandlerMessage$Builder.java,getParentForChildren
67366ab5-4121-477e-a26c-d2501b464c4e,CommLayer/Messages/AvalancheMessages$Message$DataHandlerMessage$Builder.java,getDataPayLoadFieldBuilder,->,67366ab5-4121-477e-a26c-d2501b464c4e,CommLayer/Messages/AvalancheMessages$Message$DataHandlerMessage$Builder.java,isClean
67366ab5-4121-477e-a26c-d2501b464c4e,CommLayer/Messages/AvalancheMessages$Message$DataHandlerMessage$Builder.java,setReadMinRange,->,67366ab5-4121-477e-a26c-d2501b464c4e,CommLayer/Messages/AvalancheMessages$Message$DataHandlerMessage$Builder.java,onChanged
67366ab5-4121-477e-a26c-d2501b464c4e,CommLayer/Messages/AvalancheMessages$Message$DataHandlerMessage$Builder.java,clearReadMinRange,->,67366ab5-4121-477e-a26c-d2501b464c4e,CommLayer/Messages/AvalancheMessages$Message$DataHandlerMessage$Builder.java,onChanged
67366ab5-4121-477e-a26c-d2501b464c4e,CommLayer/Messages/AvalancheMessages$Message$DataHandlerMessage$Builder.java,setReadMaxRange,->,67366ab5-4121-477e-a26c-d2501b464c4e,CommLayer/Messages/AvalancheMessages$Message$DataHandlerMessage$Builder.java,onChanged
67366ab5-4121-477e-a26c-d2501b464c4e,CommLayer/Messages/AvalancheMessages$Message$DataHandlerMessage$Builder.java,clearReadMaxRange,->,67366ab5-4121-477e-a26c-d2501b464c4e,CommLayer/Messages/AvalancheMessages$Message$DataHandlerMessage$Builder.java,onChanged
67366ab5-4121-477e-a26c-d2501b464c4e,CommLayer/Messages/AvalancheMessages$Message$DataHandlerMessage$Builder.java,getMetaData,->,67366ab5-4121-477e-a26c-d2501b464c4e,com/google/protobuf/SingleFieldBuilder.java,getMessage
67366ab5-4121-477e-a26c-d2501b464c4e,CommLayer/Messages/AvalancheMessages$Message$DataHandlerMessage$Builder.java,setMetaData,->,67366ab5-4121-477e-a26c-d2501b464c4e,CommLayer/Messages/AvalancheMessages$Message$DataHandlerMessage$Builder.java,onChanged
67366ab5-4121-477e-a26c-d2501b464c4e,CommLayer/Messages/AvalancheMessages$Message$DataHandlerMessage$Builder.java,setMetaData,->,67366ab5-4121-477e-a26c-d2501b464c4e,com/google/protobuf/SingleFieldBuilder.java,setMessage
67366ab5-4121-477e-a26c-d2501b464c4e,CommLayer/Messages/AvalancheMessages$Message$DataHandlerMessage$Builder.java,setMetaData,->,67366ab5-4121-477e-a26c-d2501b464c4e,CommLayer/Messages/AvalancheMessages$Message$DataHandlerMessage$MetaData$Builder.java,build
67366ab5-4121-477e-a26c-d2501b464c4e,CommLayer/Messages/AvalancheMessages$Message$DataHandlerMessage$Builder.java,setMetaData,->,67366ab5-4121-477e-a26c-d2501b464c4e,CommLayer/Messages/AvalancheMessages$Message$DataHandlerMessage$Builder.java,onChanged
67366ab5-4121-477e-a26c-d2501b464c4e,CommLayer/Messages/AvalancheMessages$Message$DataHandlerMessage$Builder.java,setMetaData,->,67366ab5-4121-477e-a26c-d2501b464c4e,CommLayer/Messages/AvalancheMessages$Message$DataHandlerMessage$MetaData$Builder.java,build
67366ab5-4121-477e-a26c-d2501b464c4e,CommLayer/Messages/AvalancheMessages$Message$DataHandlerMessage$Builder.java,setMetaData,->,67366ab5-4121-477e-a26c-d2501b464c4e,com/google/protobuf/SingleFieldBuilder.java,setMessage
67366ab5-4121-477e-a26c-d2501b464c4e,CommLayer/Messages/AvalancheMessages$Message$DataHandlerMessage$Builder.java,mergeMetaData,->,67366ab5-4121-477e-a26c-d2501b464c4e,CommLayer/Messages/AvalancheMessages$Message$DataHandlerMessage$MetaData.java,getDefaultInstance
67366ab5-4121-477e-a26c-d2501b464c4e,CommLayer/Messages/AvalancheMessages$Message$DataHandlerMessage$Builder.java,mergeMetaData,->,67366ab5-4121-477e-a26c-d2501b464c4e,CommLayer/Messages/AvalancheMessages$Message$DataHandlerMessage$MetaData.java,newBuilder
67366ab5-4121-477e-a26c-d2501b464c4e,CommLayer/Messages/AvalancheMessages$Message$DataHandlerMessage$Builder.java,mergeMetaData,->,67366ab5-4121-477e-a26c-d2501b464c4e,CommLayer/Messages/AvalancheMessages$Message$DataHandlerMessage$MetaData$Builder.java,mergeFrom
67366ab5-4121-477e-a26c-d2501b464c4e,CommLayer/Messages/AvalancheMessages$Message$DataHandlerMessage$Builder.java,mergeMetaData,->,67366ab5-4121-477e-a26c-d2501b464c4e,CommLayer/Messages/AvalancheMessages$Message$DataHandlerMessage$MetaData$Builder.java,buildPartial
67366ab5-4121-477e-a26c-d2501b464c4e,CommLayer/Messages/AvalancheMessages$Message$DataHandlerMessage$Builder.java,mergeMetaData,->,67366ab5-4121-477e-a26c-d2501b464c4e,CommLayer/Messages/AvalancheMessages$Message$DataHandlerMessage$Builder.java,onChanged
67366ab5-4121-477e-a26c-d2501b464c4e,CommLayer/Messages/AvalancheMessages$Message$DataHandlerMessage$Builder.java,mergeMetaData,->,67366ab5-4121-477e-a26c-d2501b464c4e,com/google/protobuf/SingleFieldBuilder.java,mergeFrom
67366ab5-4121-477e-a26c-d2501b464c4e,CommLayer/Messages/AvalancheMessages$Message$DataHandlerMessage$Builder.java,clearMetaData,->,67366ab5-4121-477e-a26c-d2501b464c4e,CommLayer/Messages/AvalancheMessages$Message$DataHandlerMessage$MetaData.java,getDefaultInstance
67366ab5-4121-477e-a26c-d2501b464c4e,CommLayer/Messages/AvalancheMessages$Message$DataHandlerMessage$Builder.java,clearMetaData,->,67366ab5-4121-477e-a26c-d2501b464c4e,CommLayer/Messages/AvalancheMessages$Message$DataHandlerMessage$Builder.java,onChanged
67366ab5-4121-477e-a26c-d2501b464c4e,CommLayer/Messages/AvalancheMessages$Message$DataHandlerMessage$Builder.java,clearMetaData,->,67366ab5-4121-477e-a26c-d2501b464c4e,com/google/protobuf/SingleFieldBuilder.java,clear
67366ab5-4121-477e-a26c-d2501b464c4e,CommLayer/Messages/AvalancheMessages$Message$DataHandlerMessage$Builder.java,getMetaDataBuilder,->,67366ab5-4121-477e-a26c-d2501b464c4e,CommLayer/Messages/AvalancheMessages$Message$DataHandlerMessage$Builder.java,onChanged
67366ab5-4121-477e-a26c-d2501b464c4e,CommLayer/Messages/AvalancheMessages$Message$DataHandlerMessage$Builder.java,getMetaDataBuilder,->,67366ab5-4121-477e-a26c-d2501b464c4e,CommLayer/Messages/AvalancheMessages$Message$DataHandlerMessage$Builder.java,getMetaDataFieldBuilder
67366ab5-4121-477e-a26c-d2501b464c4e,CommLayer/Messages/AvalancheMessages$Message$DataHandlerMessage$Builder.java,getMetaDataBuilder,->,67366ab5-4121-477e-a26c-d2501b464c4e,com/google/protobuf/SingleFieldBuilder.java,getBuilder
67366ab5-4121-477e-a26c-d2501b464c4e,CommLayer/Messages/AvalancheMessages$Message$DataHandlerMessage$Builder.java,getMetaDataOrBuilder,->,67366ab5-4121-477e-a26c-d2501b464c4e,com/google/protobuf/SingleFieldBuilder.java,getMessageOrBuilder
67366ab5-4121-477e-a26c-d2501b464c4e,CommLayer/Messages/AvalancheMessages$Message$DataHandlerMessage$Builder.java,getMetaDataFieldBuilder,->,67366ab5-4121-477e-a26c-d2501b464c4e,CommLayer/Messages/AvalancheMessages$Message$DataHandlerMessage$Builder.java,getParentForChildren
67366ab5-4121-477e-a26c-d2501b464c4e,CommLayer/Messages/AvalancheMessages$Message$DataHandlerMessage$Builder.java,getMetaDataFieldBuilder,->,67366ab5-4121-477e-a26c-d2501b464c4e,CommLayer/Messages/AvalancheMessages$Message$DataHandlerMessage$Builder.java,isClean
67366ab5-4121-477e-a26c-d2501b464c4e,CommLayer/Messages/AvalancheMessages$Message$DataHandlerMessage$Builder.java,clear,->,67366ab5-4121-477e-a26c-d2501b464c4e,CommLayer/Messages/AvalancheMessages$Message$DataHandlerMessage$Builder.java,clear
67366ab5-4121-477e-a26c-d2501b464c4e,CommLayer/Messages/AvalancheMessages$Message$DataHandlerMessage$Builder.java,clone,->,67366ab5-4121-477e-a26c-d2501b464c4e,CommLayer/Messages/AvalancheMessages$Message$DataHandlerMessage$Builder.java,clone
67366ab5-4121-477e-a26c-d2501b464c4e,CommLayer/Messages/AvalancheMessages$Message$DataHandlerMessage$Builder.java,mergeFrom,->,67366ab5-4121-477e-a26c-d2501b464c4e,CommLayer/Messages/AvalancheMessages$Message$DataHandlerMessage$Builder.java,mergeFrom
67366ab5-4121-477e-a26c-d2501b464c4e,CommLayer/Messages/AvalancheMessages$Message$DataHandlerMessage$Builder.java,mergeFrom,->,67366ab5-4121-477e-a26c-d2501b464c4e,CommLayer/Messages/AvalancheMessages$Message$DataHandlerMessage$Builder.java,mergeFrom
67366ab5-4121-477e-a26c-d2501b464c4e,CommLayer/Messages/AvalancheMessages$Message$DataHandlerMessage$Builder.java,clear,->,67366ab5-4121-477e-a26c-d2501b464c4e,CommLayer/Messages/AvalancheMessages$Message$DataHandlerMessage$Builder.java,clear
67366ab5-4121-477e-a26c-d2501b464c4e,CommLayer/Messages/AvalancheMessages$Message$DataHandlerMessage$Builder.java,clone,->,67366ab5-4121-477e-a26c-d2501b464c4e,CommLayer/Messages/AvalancheMessages$Message$DataHandlerMessage$Builder.java,clone
67366ab5-4121-477e-a26c-d2501b464c4e,CommLayer/Messages/AvalancheMessages$Message$DataHandlerMessage$Builder.java,mergeFrom,->,67366ab5-4121-477e-a26c-d2501b464c4e,CommLayer/Messages/AvalancheMessages$Message$DataHandlerMessage$Builder.java,mergeFrom
67366ab5-4121-477e-a26c-d2501b464c4e,CommLayer/Messages/AvalancheMessages$Message$DataHandlerMessage$Builder.java,clone,->,67366ab5-4121-477e-a26c-d2501b464c4e,CommLayer/Messages/AvalancheMessages$Message$DataHandlerMessage$Builder.java,clone
67366ab5-4121-477e-a26c-d2501b464c4e,CommLayer/Messages/AvalancheMessages$Message$DataHandlerMessage$Builder.java,buildPartial,->,67366ab5-4121-477e-a26c-d2501b464c4e,CommLayer/Messages/AvalancheMessages$Message$DataHandlerMessage$Builder.java,buildPartial
67366ab5-4121-477e-a26c-d2501b464c4e,CommLayer/Messages/AvalancheMessages$Message$DataHandlerMessage$Builder.java,build,->,67366ab5-4121-477e-a26c-d2501b464c4e,CommLayer/Messages/AvalancheMessages$Message$DataHandlerMessage$Builder.java,build
67366ab5-4121-477e-a26c-d2501b464c4e,CommLayer/Messages/AvalancheMessages$Message$DataHandlerMessage$Builder.java,mergeFrom,->,67366ab5-4121-477e-a26c-d2501b464c4e,CommLayer/Messages/AvalancheMessages$Message$DataHandlerMessage$Builder.java,mergeFrom
67366ab5-4121-477e-a26c-d2501b464c4e,CommLayer/Messages/AvalancheMessages$Message$DataHandlerMessage$Builder.java,clear,->,67366ab5-4121-477e-a26c-d2501b464c4e,CommLayer/Messages/AvalancheMessages$Message$DataHandlerMessage$Builder.java,clear
67366ab5-4121-477e-a26c-d2501b464c4e,CommLayer/Messages/AvalancheMessages$Message$DataHandlerMessage$Builder.java,mergeFrom,->,67366ab5-4121-477e-a26c-d2501b464c4e,CommLayer/Messages/AvalancheMessages$Message$DataHandlerMessage$Builder.java,mergeFrom
67366ab5-4121-477e-a26c-d2501b464c4e,CommLayer/Messages/AvalancheMessages$Message$DataHandlerMessage$Builder.java,clone,->,67366ab5-4121-477e-a26c-d2501b464c4e,CommLayer/Messages/AvalancheMessages$Message$DataHandlerMessage$Builder.java,clone
67366ab5-4121-477e-a26c-d2501b464c4e,CommLayer/Messages/AvalancheMessages$Message$DataHandlerMessage$Builder.java,buildPartial,->,67366ab5-4121-477e-a26c-d2501b464c4e,CommLayer/Messages/AvalancheMessages$Message$DataHandlerMessage$Builder.java,buildPartial
67366ab5-4121-477e-a26c-d2501b464c4e,CommLayer/Messages/AvalancheMessages$Message$DataHandlerMessage$Builder.java,build,->,67366ab5-4121-477e-a26c-d2501b464c4e,CommLayer/Messages/AvalancheMessages$Message$DataHandlerMessage$Builder.java,build
67366ab5-4121-477e-a26c-d2501b464c4e,CommLayer/Messages/AvalancheMessages$Message$DataHandlerMessage$Builder.java,clear,->,67366ab5-4121-477e-a26c-d2501b464c4e,CommLayer/Messages/AvalancheMessages$Message$DataHandlerMessage$Builder.java,clear
67366ab5-4121-477e-a26c-d2501b464c4e,CommLayer/Messages/AvalancheMessages$Message$DataHandlerMessage$Builder.java,getDefaultInstanceForType,->,67366ab5-4121-477e-a26c-d2501b464c4e,CommLayer/Messages/AvalancheMessages$Message$DataHandlerMessage$Builder.java,getDefaultInstanceForType
67366ab5-4121-477e-a26c-d2501b464c4e,CommLayer/Messages/AvalancheMessages$Message$DataHandlerMessage$Builder.java,getDefaultInstanceForType,->,67366ab5-4121-477e-a26c-d2501b464c4e,CommLayer/Messages/AvalancheMessages$Message$DataHandlerMessage$Builder.java,getDefaultInstanceForType
67366ab5-4121-477e-a26c-d2501b464c4e,CommLayer/Messages/AvalancheMessages$Message$DataHandlerMessage$Builder.java,mergeFrom,->,67366ab5-4121-477e-a26c-d2501b464c4e,CommLayer/Messages/AvalancheMessages$Message$DataHandlerMessage$Builder.java,mergeFrom
67366ab5-4121-477e-a26c-d2501b464c4e,CommLayer/Messages/AvalancheMessages$Message$DataHandlerMessage$Builder.java,clone,->,67366ab5-4121-477e-a26c-d2501b464c4e,CommLayer/Messages/AvalancheMessages$Message$DataHandlerMessage$Builder.java,clone
67366ab5-4121-477e-a26c-d2501b464c4e,CommLayer/Messages/AvalancheMessages$Message$DataHandlerMessage$Builder.java,clone,->,67366ab5-4121-477e-a26c-d2501b464c4e,CommLayer/Messages/AvalancheMessages$Message$DataHandlerMessage$Builder.java,clone
67366ab5-4121-477e-a26c-d2501b464c4e,CommLayer/Messages/AvalancheMessages$Message$DataHandlerMessage$Builder.java,access$5900,->,67366ab5-4121-477e-a26c-d2501b464c4e,CommLayer/Messages/AvalancheMessages$Message$DataHandlerMessage$Builder.java,create
67366ab5-4121-477e-a26c-d2501b464c4e,CommLayer/Messages/AvalancheMessages$Message$DataManagerMessage$DataSourceRequestMessage$Builder.java,getDescriptor,->,67366ab5-4121-477e-a26c-d2501b464c4e,CommLayer/Messages/AvalancheMessages.java,access$9500
67366ab5-4121-477e-a26c-d2501b464c4e,CommLayer/Messages/AvalancheMessages$Message$DataManagerMessage$DataSourceRequestMessage$Builder.java,internalGetFieldAccessorTable,->,67366ab5-4121-477e-a26c-d2501b464c4e,CommLayer/Messages/AvalancheMessages.java,access$9600
67366ab5-4121-477e-a26c-d2501b464c4e,CommLayer/Messages/AvalancheMessages$Message$DataManagerMessage$DataSourceRequestMessage$Builder.java,internalGetFieldAccessorTable,->,67366ab5-4121-477e-a26c-d2501b464c4e,com/google/protobuf/GeneratedMessage$FieldAccessorTable.java,ensureFieldAccessorsInitialized
67366ab5-4121-477e-a26c-d2501b464c4e,CommLayer/Messages/AvalancheMessages$Message$DataManagerMessage$DataSourceRequestMessage$Builder.java,maybeForceBuilderInitialization,->,67366ab5-4121-477e-a26c-d2501b464c4e,CommLayer/Messages/AvalancheMessages$Message$DataManagerMessage$DataSourceRequestMessage.java,access$10000
67366ab5-4121-477e-a26c-d2501b464c4e,CommLayer/Messages/AvalancheMessages$Message$DataManagerMessage$DataSourceRequestMessage$Builder.java,clear,->,67366ab5-4121-477e-a26c-d2501b464c4e,com/google/protobuf/GeneratedMessage$Builder.java,clear
67366ab5-4121-477e-a26c-d2501b464c4e,CommLayer/Messages/AvalancheMessages$Message$DataManagerMessage$DataSourceRequestMessage$Builder.java,clone,->,67366ab5-4121-477e-a26c-d2501b464c4e,CommLayer/Messages/AvalancheMessages$Message$DataManagerMessage$DataSourceRequestMessage$Builder.java,create
67366ab5-4121-477e-a26c-d2501b464c4e,CommLayer/Messages/AvalancheMessages$Message$DataManagerMessage$DataSourceRequestMessage$Builder.java,clone,->,67366ab5-4121-477e-a26c-d2501b464c4e,CommLayer/Messages/AvalancheMessages$Message$DataManagerMessage$DataSourceRequestMessage$Builder.java,buildPartial
67366ab5-4121-477e-a26c-d2501b464c4e,CommLayer/Messages/AvalancheMessages$Message$DataManagerMessage$DataSourceRequestMessage$Builder.java,clone,->,67366ab5-4121-477e-a26c-d2501b464c4e,CommLayer/Messages/AvalancheMessages$Message$DataManagerMessage$DataSourceRequestMessage$Builder.java,mergeFrom
67366ab5-4121-477e-a26c-d2501b464c4e,CommLayer/Messages/AvalancheMessages$Message$DataManagerMessage$DataSourceRequestMessage$Builder.java,getDescriptorForType,->,67366ab5-4121-477e-a26c-d2501b464c4e,CommLayer/Messages/AvalancheMessages.java,access$9500
67366ab5-4121-477e-a26c-d2501b464c4e,CommLayer/Messages/AvalancheMessages$Message$DataManagerMessage$DataSourceRequestMessage$Builder.java,getDefaultInstanceForType,->,67366ab5-4121-477e-a26c-d2501b464c4e,CommLayer/Messages/AvalancheMessages$Message$DataManagerMessage$DataSourceRequestMessage.java,getDefaultInstance
67366ab5-4121-477e-a26c-d2501b464c4e,CommLayer/Messages/AvalancheMessages$Message$DataManagerMessage$DataSourceRequestMessage$Builder.java,build,->,67366ab5-4121-477e-a26c-d2501b464c4e,CommLayer/Messages/AvalancheMessages$Message$DataManagerMessage$DataSourceRequestMessage$Builder.java,buildPartial
67366ab5-4121-477e-a26c-d2501b464c4e,CommLayer/Messages/AvalancheMessages$Message$DataManagerMessage$DataSourceRequestMessage$Builder.java,build,->,67366ab5-4121-477e-a26c-d2501b464c4e,CommLayer/Messages/AvalancheMessages$Message$DataManagerMessage$DataSourceRequestMessage.java,isInitialized
67366ab5-4121-477e-a26c-d2501b464c4e,CommLayer/Messages/AvalancheMessages$Message$DataManagerMessage$DataSourceRequestMessage$Builder.java,build,->,67366ab5-4121-477e-a26c-d2501b464c4e,CommLayer/Messages/AvalancheMessages$Message$DataManagerMessage$DataSourceRequestMessage$Builder.java,newUninitializedMessageException
67366ab5-4121-477e-a26c-d2501b464c4e,CommLayer/Messages/AvalancheMessages$Message$DataManagerMessage$DataSourceRequestMessage$Builder.java,buildPartial,->,67366ab5-4121-477e-a26c-d2501b464c4e,CommLayer/Messages/AvalancheMessages$Message$DataManagerMessage$DataSourceRequestMessage.java,access$10202
67366ab5-4121-477e-a26c-d2501b464c4e,CommLayer/Messages/AvalancheMessages$Message$DataManagerMessage$DataSourceRequestMessage$Builder.java,buildPartial,->,67366ab5-4121-477e-a26c-d2501b464c4e,CommLayer/Messages/AvalancheMessages$Message$DataManagerMessage$DataSourceRequestMessage.java,access$10302
67366ab5-4121-477e-a26c-d2501b464c4e,CommLayer/Messages/AvalancheMessages$Message$DataManagerMessage$DataSourceRequestMessage$Builder.java,buildPartial,->,67366ab5-4121-477e-a26c-d2501b464c4e,CommLayer/Messages/AvalancheMessages$Message$DataManagerMessage$DataSourceRequestMessage$Builder.java,onBuilt
67366ab5-4121-477e-a26c-d2501b464c4e,CommLayer/Messages/AvalancheMessages$Message$DataManagerMessage$DataSourceRequestMessage$Builder.java,mergeFrom,->,67366ab5-4121-477e-a26c-d2501b464c4e,CommLayer/Messages/AvalancheMessages$Message$DataManagerMessage$DataSourceRequestMessage$Builder.java,mergeFrom
67366ab5-4121-477e-a26c-d2501b464c4e,CommLayer/Messages/AvalancheMessages$Message$DataManagerMessage$DataSourceRequestMessage$Builder.java,mergeFrom,->,67366ab5-4121-477e-a26c-d2501b464c4e,com/google/protobuf/GeneratedMessage$Builder.java,mergeFrom
67366ab5-4121-477e-a26c-d2501b464c4e,CommLayer/Messages/AvalancheMessages$Message$DataManagerMessage$DataSourceRequestMessage$Builder.java,mergeFrom,->,67366ab5-4121-477e-a26c-d2501b464c4e,CommLayer/Messages/AvalancheMessages$Message$DataManagerMessage$DataSourceRequestMessage.java,getDefaultInstance
67366ab5-4121-477e-a26c-d2501b464c4e,CommLayer/Messages/AvalancheMessages$Message$DataManagerMessage$DataSourceRequestMessage$Builder.java,mergeFrom,->,67366ab5-4121-477e-a26c-d2501b464c4e,CommLayer/Messages/AvalancheMessages$Message$DataManagerMessage$DataSourceRequestMessage.java,hasTaskId
67366ab5-4121-477e-a26c-d2501b464c4e,CommLayer/Messages/AvalancheMessages$Message$DataManagerMessage$DataSourceRequestMessage$Builder.java,mergeFrom,->,67366ab5-4121-477e-a26c-d2501b464c4e,CommLayer/Messages/AvalancheMessages$Message$DataManagerMessage$DataSourceRequestMessage.java,access$10200
67366ab5-4121-477e-a26c-d2501b464c4e,CommLayer/Messages/AvalancheMessages$Message$DataManagerMessage$DataSourceRequestMessage$Builder.java,mergeFrom,->,67366ab5-4121-477e-a26c-d2501b464c4e,CommLayer/Messages/AvalancheMessages$Message$DataManagerMessage$DataSourceRequestMessage$Builder.java,onChanged
67366ab5-4121-477e-a26c-d2501b464c4e,CommLayer/Messages/AvalancheMessages$Message$DataManagerMessage$DataSourceRequestMessage$Builder.java,mergeFrom,->,67366ab5-4121-477e-a26c-d2501b464c4e,CommLayer/Messages/AvalancheMessages$Message$DataManagerMessage$DataSourceRequestMessage.java,getUnknownFields
67366ab5-4121-477e-a26c-d2501b464c4e,CommLayer/Messages/AvalancheMessages$Message$DataManagerMessage$DataSourceRequestMessage$Builder.java,mergeFrom,->,67366ab5-4121-477e-a26c-d2501b464c4e,CommLayer/Messages/AvalancheMessages$Message$DataManagerMessage$DataSourceRequestMessage$Builder.java,mergeUnknownFields
67366ab5-4121-477e-a26c-d2501b464c4e,CommLayer/Messages/AvalancheMessages$Message$DataManagerMessage$DataSourceRequestMessage$Builder.java,mergeFrom,->,67366ab5-4121-477e-a26c-d2501b464c4e,com/google/protobuf/Parser.java,parsePartialFrom
67366ab5-4121-477e-a26c-d2501b464c4e,CommLayer/Messages/AvalancheMessages$Message$DataManagerMessage$DataSourceRequestMessage$Builder.java,mergeFrom,->,67366ab5-4121-477e-a26c-d2501b464c4e,CommLayer/Messages/AvalancheMessages$Message$DataManagerMessage$DataSourceRequestMessage$Builder.java,mergeFrom
67366ab5-4121-477e-a26c-d2501b464c4e,CommLayer/Messages/AvalancheMessages$Message$DataManagerMessage$DataSourceRequestMessage$Builder.java,mergeFrom,->,67366ab5-4121-477e-a26c-d2501b464c4e,com/google/protobuf/InvalidProtocolBufferException.java,getUnfinishedMessage
67366ab5-4121-477e-a26c-d2501b464c4e,CommLayer/Messages/AvalancheMessages$Message$DataManagerMessage$DataSourceRequestMessage$Builder.java,mergeFrom,->,67366ab5-4121-477e-a26c-d2501b464c4e,CommLayer/Messages/AvalancheMessages$Message$DataManagerMessage$DataSourceRequestMessage$Builder.java,mergeFrom
67366ab5-4121-477e-a26c-d2501b464c4e,CommLayer/Messages/AvalancheMessages$Message$DataManagerMessage$DataSourceRequestMessage$Builder.java,getTaskId,->,67366ab5-4121-477e-a26c-d2501b464c4e,com/google/protobuf/ByteString.java,toStringUtf8
67366ab5-4121-477e-a26c-d2501b464c4e,CommLayer/Messages/AvalancheMessages$Message$DataManagerMessage$DataSourceRequestMessage$Builder.java,getTaskIdBytes,->,67366ab5-4121-477e-a26c-d2501b464c4e,com/google/protobuf/ByteString.java,copyFromUtf8
67366ab5-4121-477e-a26c-d2501b464c4e,CommLayer/Messages/AvalancheMessages$Message$DataManagerMessage$DataSourceRequestMessage$Builder.java,setTaskId,->,67366ab5-4121-477e-a26c-d2501b464c4e,CommLayer/Messages/AvalancheMessages$Message$DataManagerMessage$DataSourceRequestMessage$Builder.java,onChanged
67366ab5-4121-477e-a26c-d2501b464c4e,CommLayer/Messages/AvalancheMessages$Message$DataManagerMessage$DataSourceRequestMessage$Builder.java,clearTaskId,->,67366ab5-4121-477e-a26c-d2501b464c4e,CommLayer/Messages/AvalancheMessages$Message$DataManagerMessage$DataSourceRequestMessage.java,getDefaultInstance
67366ab5-4121-477e-a26c-d2501b464c4e,CommLayer/Messages/AvalancheMessages$Message$DataManagerMessage$DataSourceRequestMessage$Builder.java,clearTaskId,->,67366ab5-4121-477e-a26c-d2501b464c4e,CommLayer/Messages/AvalancheMessages$Message$DataManagerMessage$DataSourceRequestMessage.java,getTaskId
67366ab5-4121-477e-a26c-d2501b464c4e,CommLayer/Messages/AvalancheMessages$Message$DataManagerMessage$DataSourceRequestMessage$Builder.java,clearTaskId,->,67366ab5-4121-477e-a26c-d2501b464c4e,CommLayer/Messages/AvalancheMessages$Message$DataManagerMessage$DataSourceRequestMessage$Builder.java,onChanged
67366ab5-4121-477e-a26c-d2501b464c4e,CommLayer/Messages/AvalancheMessages$Message$DataManagerMessage$DataSourceRequestMessage$Builder.java,setTaskIdBytes,->,67366ab5-4121-477e-a26c-d2501b464c4e,CommLayer/Messages/AvalancheMessages$Message$DataManagerMessage$DataSourceRequestMessage$Builder.java,onChanged
67366ab5-4121-477e-a26c-d2501b464c4e,CommLayer/Messages/AvalancheMessages$Message$DataManagerMessage$DataSourceRequestMessage$Builder.java,clear,->,67366ab5-4121-477e-a26c-d2501b464c4e,CommLayer/Messages/AvalancheMessages$Message$DataManagerMessage$DataSourceRequestMessage$Builder.java,clear
67366ab5-4121-477e-a26c-d2501b464c4e,CommLayer/Messages/AvalancheMessages$Message$DataManagerMessage$DataSourceRequestMessage$Builder.java,clone,->,67366ab5-4121-477e-a26c-d2501b464c4e,CommLayer/Messages/AvalancheMessages$Message$DataManagerMessage$DataSourceRequestMessage$Builder.java,clone
67366ab5-4121-477e-a26c-d2501b464c4e,CommLayer/Messages/AvalancheMessages$Message$DataManagerMessage$DataSourceRequestMessage$Builder.java,mergeFrom,->,67366ab5-4121-477e-a26c-d2501b464c4e,CommLayer/Messages/AvalancheMessages$Message$DataManagerMessage$DataSourceRequestMessage$Builder.java,mergeFrom
67366ab5-4121-477e-a26c-d2501b464c4e,CommLayer/Messages/AvalancheMessages$Message$DataManagerMessage$DataSourceRequestMessage$Builder.java,mergeFrom,->,67366ab5-4121-477e-a26c-d2501b464c4e,CommLayer/Messages/AvalancheMessages$Message$DataManagerMessage$DataSourceRequestMessage$Builder.java,mergeFrom
67366ab5-4121-477e-a26c-d2501b464c4e,CommLayer/Messages/AvalancheMessages$Message$DataManagerMessage$DataSourceRequestMessage$Builder.java,clear,->,67366ab5-4121-477e-a26c-d2501b464c4e,CommLayer/Messages/AvalancheMessages$Message$DataManagerMessage$DataSourceRequestMessage$Builder.java,clear
67366ab5-4121-477e-a26c-d2501b464c4e,CommLayer/Messages/AvalancheMessages$Message$DataManagerMessage$DataSourceRequestMessage$Builder.java,clone,->,67366ab5-4121-477e-a26c-d2501b464c4e,CommLayer/Messages/AvalancheMessages$Message$DataManagerMessage$DataSourceRequestMessage$Builder.java,clone
67366ab5-4121-477e-a26c-d2501b464c4e,CommLayer/Messages/AvalancheMessages$Message$DataManagerMessage$DataSourceRequestMessage$Builder.java,mergeFrom,->,67366ab5-4121-477e-a26c-d2501b464c4e,CommLayer/Messages/AvalancheMessages$Message$DataManagerMessage$DataSourceRequestMessage$Builder.java,mergeFrom
67366ab5-4121-477e-a26c-d2501b464c4e,CommLayer/Messages/AvalancheMessages$Message$DataManagerMessage$DataSourceRequestMessage$Builder.java,clone,->,67366ab5-4121-477e-a26c-d2501b464c4e,CommLayer/Messages/AvalancheMessages$Message$DataManagerMessage$DataSourceRequestMessage$Builder.java,clone
67366ab5-4121-477e-a26c-d2501b464c4e,CommLayer/Messages/AvalancheMessages$Message$DataManagerMessage$DataSourceRequestMessage$Builder.java,buildPartial,->,67366ab5-4121-477e-a26c-d2501b464c4e,CommLayer/Messages/AvalancheMessages$Message$DataManagerMessage$DataSourceRequestMessage$Builder.java,buildPartial
67366ab5-4121-477e-a26c-d2501b464c4e,CommLayer/Messages/AvalancheMessages$Message$DataManagerMessage$DataSourceRequestMessage$Builder.java,build,->,67366ab5-4121-477e-a26c-d2501b464c4e,CommLayer/Messages/AvalancheMessages$Message$DataManagerMessage$DataSourceRequestMessage$Builder.java,build
67366ab5-4121-477e-a26c-d2501b464c4e,CommLayer/Messages/AvalancheMessages$Message$DataManagerMessage$DataSourceRequestMessage$Builder.java,mergeFrom,->,67366ab5-4121-477e-a26c-d2501b464c4e,CommLayer/Messages/AvalancheMessages$Message$DataManagerMessage$DataSourceRequestMessage$Builder.java,mergeFrom
67366ab5-4121-477e-a26c-d2501b464c4e,CommLayer/Messages/AvalancheMessages$Message$DataManagerMessage$DataSourceRequestMessage$Builder.java,clear,->,67366ab5-4121-477e-a26c-d2501b464c4e,CommLayer/Messages/AvalancheMessages$Message$DataManagerMessage$DataSourceRequestMessage$Builder.java,clear
67366ab5-4121-477e-a26c-d2501b464c4e,CommLayer/Messages/AvalancheMessages$Message$DataManagerMessage$DataSourceRequestMessage$Builder.java,mergeFrom,->,67366ab5-4121-477e-a26c-d2501b464c4e,CommLayer/Messages/AvalancheMessages$Message$DataManagerMessage$DataSourceRequestMessage$Builder.java,mergeFrom
67366ab5-4121-477e-a26c-d2501b464c4e,CommLayer/Messages/AvalancheMessages$Message$DataManagerMessage$DataSourceRequestMessage$Builder.java,clone,->,67366ab5-4121-477e-a26c-d2501b464c4e,CommLayer/Messages/AvalancheMessages$Message$DataManagerMessage$DataSourceRequestMessage$Builder.java,clone
67366ab5-4121-477e-a26c-d2501b464c4e,CommLayer/Messages/AvalancheMessages$Message$DataManagerMessage$DataSourceRequestMessage$Builder.java,buildPartial,->,67366ab5-4121-477e-a26c-d2501b464c4e,CommLayer/Messages/AvalancheMessages$Message$DataManagerMessage$DataSourceRequestMessage$Builder.java,buildPartial
67366ab5-4121-477e-a26c-d2501b464c4e,CommLayer/Messages/AvalancheMessages$Message$DataManagerMessage$DataSourceRequestMessage$Builder.java,build,->,67366ab5-4121-477e-a26c-d2501b464c4e,CommLayer/Messages/AvalancheMessages$Message$DataManagerMessage$DataSourceRequestMessage$Builder.java,build
67366ab5-4121-477e-a26c-d2501b464c4e,CommLayer/Messages/AvalancheMessages$Message$DataManagerMessage$DataSourceRequestMessage$Builder.java,clear,->,67366ab5-4121-477e-a26c-d2501b464c4e,CommLayer/Messages/AvalancheMessages$Message$DataManagerMessage$DataSourceRequestMessage$Builder.java,clear
67366ab5-4121-477e-a26c-d2501b464c4e,CommLayer/Messages/AvalancheMessages$Message$DataManagerMessage$DataSourceRequestMessage$Builder.java,getDefaultInstanceForType,->,67366ab5-4121-477e-a26c-d2501b464c4e,CommLayer/Messages/AvalancheMessages$Message$DataManagerMessage$DataSourceRequestMessage$Builder.java,getDefaultInstanceForType
67366ab5-4121-477e-a26c-d2501b464c4e,CommLayer/Messages/AvalancheMessages$Message$DataManagerMessage$DataSourceRequestMessage$Builder.java,getDefaultInstanceForType,->,67366ab5-4121-477e-a26c-d2501b464c4e,CommLayer/Messages/AvalancheMessages$Message$DataManagerMessage$DataSourceRequestMessage$Builder.java,getDefaultInstanceForType
67366ab5-4121-477e-a26c-d2501b464c4e,CommLayer/Messages/AvalancheMessages$Message$DataManagerMessage$DataSourceRequestMessage$Builder.java,mergeFrom,->,67366ab5-4121-477e-a26c-d2501b464c4e,CommLayer/Messages/AvalancheMessages$Message$DataManagerMessage$DataSourceRequestMessage$Builder.java,mergeFrom
67366ab5-4121-477e-a26c-d2501b464c4e,CommLayer/Messages/AvalancheMessages$Message$DataManagerMessage$DataSourceRequestMessage$Builder.java,clone,->,67366ab5-4121-477e-a26c-d2501b464c4e,CommLayer/Messages/AvalancheMessages$Message$DataManagerMessage$DataSourceRequestMessage$Builder.java,clone
67366ab5-4121-477e-a26c-d2501b464c4e,CommLayer/Messages/AvalancheMessages$Message$DataManagerMessage$DataSourceRequestMessage$Builder.java,clone,->,67366ab5-4121-477e-a26c-d2501b464c4e,CommLayer/Messages/AvalancheMessages$Message$DataManagerMessage$DataSourceRequestMessage$Builder.java,clone
67366ab5-4121-477e-a26c-d2501b464c4e,CommLayer/Messages/AvalancheMessages$Message$DataManagerMessage$DataSourceRequestMessage$Builder.java,access$9800,->,67366ab5-4121-477e-a26c-d2501b464c4e,CommLayer/Messages/AvalancheMessages$Message$DataManagerMessage$DataSourceRequestMessage$Builder.java,create
67366ab5-4121-477e-a26c-d2501b464c4e,CommLayer/Messages/AvalancheMessages$Message$TopologyStatusMessage$1.java,parsePartialFrom,->,67366ab5-4121-477e-a26c-d2501b464c4e,CommLayer/Messages/AvalancheMessages$Message$TopologyStatusMessage$1.java,parsePartialFrom
67366ab5-4121-477e-a26c-d2501b464c4e,2ad5ceba-170a-46b2-ab66-da5b1ce959ba,6521ff53-67d4-423b-b108-1a20fda74f7d,->,67366ab5-4121-477e-a26c-d2501b464c4e,CommLayer/Messages/AvalancheMessages$Message.java,newBuilder
67366ab5-4121-477e-a26c-d2501b464c4e,2ad5ceba-170a-46b2-ab66-da5b1ce959ba,6521ff53-67d4-423b-b108-1a20fda74f7d,->,67366ab5-4121-477e-a26c-d2501b464c4e,CommLayer/Messages/AvalancheMessages$Message$Builder.java,setMessageType
67366ab5-4121-477e-a26c-d2501b464c4e,2ad5ceba-170a-46b2-ab66-da5b1ce959ba,6521ff53-67d4-423b-b108-1a20fda74f7d,->,67366ab5-4121-477e-a26c-d2501b464c4e,CommLayer/Messages/AvalancheMessages$Message$TaskStatusMessage.java,newBuilder
67366ab5-4121-477e-a26c-d2501b464c4e,2ad5ceba-170a-46b2-ab66-da5b1ce959ba,6521ff53-67d4-423b-b108-1a20fda74f7d,->,67366ab5-4121-477e-a26c-d2501b464c4e,CommLayer/Messages/AvalancheMessages$Message$TaskStatusMessage$Builder.java,setId
67366ab5-4121-477e-a26c-d2501b464c4e,2ad5ceba-170a-46b2-ab66-da5b1ce959ba,6521ff53-67d4-423b-b108-1a20fda74f7d,->,67366ab5-4121-477e-a26c-d2501b464c4e,Core/Status$State.java,toString
67366ab5-4121-477e-a26c-d2501b464c4e,2ad5ceba-170a-46b2-ab66-da5b1ce959ba,6521ff53-67d4-423b-b108-1a20fda74f7d,->,67366ab5-4121-477e-a26c-d2501b464c4e,CommLayer/Messages/AvalancheMessages$Message$TaskStatusMessage$Status.java,valueOf
67366ab5-4121-477e-a26c-d2501b464c4e,2ad5ceba-170a-46b2-ab66-da5b1ce959ba,6521ff53-67d4-423b-b108-1a20fda74f7d,->,67366ab5-4121-477e-a26c-d2501b464c4e,CommLayer/Messages/AvalancheMessages$Message$TaskStatusMessage$Builder.java,setStatus
67366ab5-4121-477e-a26c-d2501b464c4e,2ad5ceba-170a-46b2-ab66-da5b1ce959ba,6521ff53-67d4-423b-b108-1a20fda74f7d,->,67366ab5-4121-477e-a26c-d2501b464c4e,CommLayer/Messages/AvalancheMessages$Message$Builder.java,setTaskStatusMessage
67366ab5-4121-477e-a26c-d2501b464c4e,2ad5ceba-170a-46b2-ab66-da5b1ce959ba,1d634544-47a8-4faa-ada3-04a0d18039a1,->,67366ab5-4121-477e-a26c-d2501b464c4e,CommLayer/Messages/AvalancheMessages$Message.java,newBuilder
67366ab5-4121-477e-a26c-d2501b464c4e,2ad5ceba-170a-46b2-ab66-da5b1ce959ba,1d634544-47a8-4faa-ada3-04a0d18039a1,->,67366ab5-4121-477e-a26c-d2501b464c4e,CommLayer/Messages/AvalancheMessages$Message$Builder.java,setMessageType
67366ab5-4121-477e-a26c-d2501b464c4e,2ad5ceba-170a-46b2-ab66-da5b1ce959ba,1d634544-47a8-4faa-ada3-04a0d18039a1,->,67366ab5-4121-477e-a26c-d2501b464c4e,CommLayer/Messages/AvalancheMessages$Message$TaskInitMessage.java,newBuilder
67366ab5-4121-477e-a26c-d2501b464c4e,2ad5ceba-170a-46b2-ab66-da5b1ce959ba,1d634544-47a8-4faa-ada3-04a0d18039a1,->,67366ab5-4121-477e-a26c-d2501b464c4e,CommLayer/Messages/AvalancheMessages$Message$TaskInitMessage$Builder.java,setType
67366ab5-4121-477e-a26c-d2501b464c4e,2ad5ceba-170a-46b2-ab66-da5b1ce959ba,1d634544-47a8-4faa-ada3-04a0d18039a1,->,67366ab5-4121-477e-a26c-d2501b464c4e,CommLayer/Messages/AvalancheMessages$Message$TaskInitMessage$Builder.java,setId
67366ab5-4121-477e-a26c-d2501b464c4e,2ad5ceba-170a-46b2-ab66-da5b1ce959ba,1d634544-47a8-4faa-ada3-04a0d18039a1,->,67366ab5-4121-477e-a26c-d2501b464c4e,CommLayer/Messages/AvalancheMessages$Message$TaskInitMessage$Builder.java,addDataSource
67366ab5-4121-477e-a26c-d2501b464c4e,2ad5ceba-170a-46b2-ab66-da5b1ce959ba,1d634544-47a8-4faa-ada3-04a0d18039a1,->,67366ab5-4121-477e-a26c-d2501b464c4e,CommLayer/Messages/AvalancheMessages$Message$Builder.java,setTaskInitMessage
67366ab5-4121-477e-a26c-d2501b464c4e,2ad5ceba-170a-46b2-ab66-da5b1ce959ba,f6eb6c10-c1d9-4f8a-b376-996d55d8108c,->,67366ab5-4121-477e-a26c-d2501b464c4e,CommLayer/Messages/AvalancheMessages$Message.java,newBuilder
67366ab5-4121-477e-a26c-d2501b464c4e,2ad5ceba-170a-46b2-ab66-da5b1ce959ba,f6eb6c10-c1d9-4f8a-b376-996d55d8108c,->,67366ab5-4121-477e-a26c-d2501b464c4e,CommLayer/Messages/AvalancheMessages$Message$Builder.java,setMessageType
67366ab5-4121-477e-a26c-d2501b464c4e,2ad5ceba-170a-46b2-ab66-da5b1ce959ba,f6eb6c10-c1d9-4f8a-b376-996d55d8108c,->,67366ab5-4121-477e-a26c-d2501b464c4e,CommLayer/Messages/AvalancheMessages$Message$TaskInitMessage.java,newBuilder
67366ab5-4121-477e-a26c-d2501b464c4e,2ad5ceba-170a-46b2-ab66-da5b1ce959ba,f6eb6c10-c1d9-4f8a-b376-996d55d8108c,->,67366ab5-4121-477e-a26c-d2501b464c4e,CommLayer/Messages/AvalancheMessages$Message$TaskInitMessage$Builder.java,setType
67366ab5-4121-477e-a26c-d2501b464c4e,2ad5ceba-170a-46b2-ab66-da5b1ce959ba,f6eb6c10-c1d9-4f8a-b376-996d55d8108c,->,67366ab5-4121-477e-a26c-d2501b464c4e,CommLayer/Messages/AvalancheMessages$Message$TaskInitMessage$Builder.java,setId
67366ab5-4121-477e-a26c-d2501b464c4e,2ad5ceba-170a-46b2-ab66-da5b1ce959ba,f6eb6c10-c1d9-4f8a-b376-996d55d8108c,->,67366ab5-4121-477e-a26c-d2501b464c4e,CommLayer/Messages/AvalancheMessages$Message$TaskInitMessage$Builder.java,addAllDataSource
67366ab5-4121-477e-a26c-d2501b464c4e,2ad5ceba-170a-46b2-ab66-da5b1ce959ba,f6eb6c10-c1d9-4f8a-b376-996d55d8108c,->,67366ab5-4121-477e-a26c-d2501b464c4e,CommLayer/Messages/AvalancheMessages$Message$Builder.java,setTaskInitMessage
67366ab5-4121-477e-a26c-d2501b464c4e,2ad5ceba-170a-46b2-ab66-da5b1ce959ba,ee4c2309-6269-42fe-bfa1-39f64865732a,->,67366ab5-4121-477e-a26c-d2501b464c4e,CommLayer/Messages/AvalancheMessages$Message.java,newBuilder
67366ab5-4121-477e-a26c-d2501b464c4e,2ad5ceba-170a-46b2-ab66-da5b1ce959ba,ee4c2309-6269-42fe-bfa1-39f64865732a,->,67366ab5-4121-477e-a26c-d2501b464c4e,CommLayer/Messages/AvalancheMessages$Message$Builder.java,setMessageType
67366ab5-4121-477e-a26c-d2501b464c4e,2ad5ceba-170a-46b2-ab66-da5b1ce959ba,ee4c2309-6269-42fe-bfa1-39f64865732a,->,67366ab5-4121-477e-a26c-d2501b464c4e,CommLayer/Messages/AvalancheMessages$Message$TaskInitMessage.java,newBuilder
67366ab5-4121-477e-a26c-d2501b464c4e,2ad5ceba-170a-46b2-ab66-da5b1ce959ba,ee4c2309-6269-42fe-bfa1-39f64865732a,->,67366ab5-4121-477e-a26c-d2501b464c4e,CommLayer/Messages/AvalancheMessages$Message$TaskInitMessage$Builder.java,setId
67366ab5-4121-477e-a26c-d2501b464c4e,2ad5ceba-170a-46b2-ab66-da5b1ce959ba,ee4c2309-6269-42fe-bfa1-39f64865732a,->,67366ab5-4121-477e-a26c-d2501b464c4e,CommLayer/Messages/AvalancheMessages$Message$TaskInitMessage$Builder.java,setType
67366ab5-4121-477e-a26c-d2501b464c4e,2ad5ceba-170a-46b2-ab66-da5b1ce959ba,ee4c2309-6269-42fe-bfa1-39f64865732a,->,67366ab5-4121-477e-a26c-d2501b464c4e,CommLayer/Messages/AvalancheMessages$Message$Location.java,newBuilder
67366ab5-4121-477e-a26c-d2501b464c4e,2ad5ceba-170a-46b2-ab66-da5b1ce959ba,ee4c2309-6269-42fe-bfa1-39f64865732a,->,67366ab5-4121-477e-a26c-d2501b464c4e,CommLayer/Messages/AvalancheMessages$Message$Location$Builder.java,setHost
67366ab5-4121-477e-a26c-d2501b464c4e,2ad5ceba-170a-46b2-ab66-da5b1ce959ba,ee4c2309-6269-42fe-bfa1-39f64865732a,->,67366ab5-4121-477e-a26c-d2501b464c4e,CommLayer/Messages/AvalancheMessages$Message$Location$Builder.java,setPort
67366ab5-4121-477e-a26c-d2501b464c4e,2ad5ceba-170a-46b2-ab66-da5b1ce959ba,ee4c2309-6269-42fe-bfa1-39f64865732a,->,67366ab5-4121-477e-a26c-d2501b464c4e,CommLayer/Messages/AvalancheMessages$Message$TaskInitMessage$Builder.java,setCopyDestination
67366ab5-4121-477e-a26c-d2501b464c4e,2ad5ceba-170a-46b2-ab66-da5b1ce959ba,ee4c2309-6269-42fe-bfa1-39f64865732a,->,67366ab5-4121-477e-a26c-d2501b464c4e,CommLayer/Messages/AvalancheMessages$Message$Builder.java,setTaskInitMessage
67366ab5-4121-477e-a26c-d2501b464c4e,2ad5ceba-170a-46b2-ab66-da5b1ce959ba,699adf6d-a20a-415f-91ae-c27a9ba272d4,->,67366ab5-4121-477e-a26c-d2501b464c4e,CommLayer/Messages/AvalancheMessages$Message.java,newBuilder
67366ab5-4121-477e-a26c-d2501b464c4e,2ad5ceba-170a-46b2-ab66-da5b1ce959ba,699adf6d-a20a-415f-91ae-c27a9ba272d4,->,67366ab5-4121-477e-a26c-d2501b464c4e,CommLayer/Messages/AvalancheMessages$Message$Builder.java,setMessageType
67366ab5-4121-477e-a26c-d2501b464c4e,2ad5ceba-170a-46b2-ab66-da5b1ce959ba,db9eff1c-3f9d-4b82-80d8-23b6bc0d6e1f,->,67366ab5-4121-477e-a26c-d2501b464c4e,CommLayer/Messages/AvalancheMessages$Message.java,newBuilder
67366ab5-4121-477e-a26c-d2501b464c4e,2ad5ceba-170a-46b2-ab66-da5b1ce959ba,db9eff1c-3f9d-4b82-80d8-23b6bc0d6e1f,->,67366ab5-4121-477e-a26c-d2501b464c4e,CommLayer/Messages/AvalancheMessages$Message$Builder.java,setMessageType
67366ab5-4121-477e-a26c-d2501b464c4e,2ad5ceba-170a-46b2-ab66-da5b1ce959ba,db9eff1c-3f9d-4b82-80d8-23b6bc0d6e1f,->,67366ab5-4121-477e-a26c-d2501b464c4e,CommLayer/Messages/AvalancheMessages$Message$TaskSetStateMessage.java,newBuilder
67366ab5-4121-477e-a26c-d2501b464c4e,2ad5ceba-170a-46b2-ab66-da5b1ce959ba,db9eff1c-3f9d-4b82-80d8-23b6bc0d6e1f,->,67366ab5-4121-477e-a26c-d2501b464c4e,CommLayer/Messages/AvalancheMessages$Message$TaskSetStateMessage$Builder.java,setId
67366ab5-4121-477e-a26c-d2501b464c4e,2ad5ceba-170a-46b2-ab66-da5b1ce959ba,db9eff1c-3f9d-4b82-80d8-23b6bc0d6e1f,->,67366ab5-4121-477e-a26c-d2501b464c4e,CommLayer/Messages/AvalancheMessages$Message$TaskSetStateMessage$Builder.java,setState
67366ab5-4121-477e-a26c-d2501b464c4e,2ad5ceba-170a-46b2-ab66-da5b1ce959ba,db9eff1c-3f9d-4b82-80d8-23b6bc0d6e1f,->,67366ab5-4121-477e-a26c-d2501b464c4e,CommLayer/Messages/AvalancheMessages$Message$Builder.java,setTaskSetStateMessage
67366ab5-4121-477e-a26c-d2501b464c4e,2ad5ceba-170a-46b2-ab66-da5b1ce959ba,b6e743a5-d90f-466e-8bc8-e39adfb690e0,->,67366ab5-4121-477e-a26c-d2501b464c4e,CommLayer/Messages/AvalancheMessages$Message.java,getMessageType
67366ab5-4121-477e-a26c-d2501b464c4e,2ad5ceba-170a-46b2-ab66-da5b1ce959ba,badd9f05-a7d4-42dd-96ab-0cbb19d74a2b,->,67366ab5-4121-477e-a26c-d2501b464c4e,CommLayer/Messages/AvalancheMessages$Message.java,newBuilder
67366ab5-4121-477e-a26c-d2501b464c4e,2ad5ceba-170a-46b2-ab66-da5b1ce959ba,badd9f05-a7d4-42dd-96ab-0cbb19d74a2b,->,67366ab5-4121-477e-a26c-d2501b464c4e,CommLayer/Messages/AvalancheMessages$Message$Builder.java,setMessageType
67366ab5-4121-477e-a26c-d2501b464c4e,2ad5ceba-170a-46b2-ab66-da5b1ce959ba,badd9f05-a7d4-42dd-96ab-0cbb19d74a2b,->,67366ab5-4121-477e-a26c-d2501b464c4e,CommLayer/Messages/AvalancheMessages$Message$DataHandlerMessage.java,newBuilder
67366ab5-4121-477e-a26c-d2501b464c4e,2ad5ceba-170a-46b2-ab66-da5b1ce959ba,badd9f05-a7d4-42dd-96ab-0cbb19d74a2b,->,67366ab5-4121-477e-a26c-d2501b464c4e,CommLayer/Messages/AvalancheMessages$Message$DataHandlerMessage$Builder.java,setType
67366ab5-4121-477e-a26c-d2501b464c4e,2ad5ceba-170a-46b2-ab66-da5b1ce959ba,badd9f05-a7d4-42dd-96ab-0cbb19d74a2b,->,67366ab5-4121-477e-a26c-d2501b464c4e,CommLayer/Messages/AvalancheMessages$Message$DataHandlerMessage$Builder.java,setTaskId
67366ab5-4121-477e-a26c-d2501b464c4e,2ad5ceba-170a-46b2-ab66-da5b1ce959ba,badd9f05-a7d4-42dd-96ab-0cbb19d74a2b,->,67366ab5-4121-477e-a26c-d2501b464c4e,CommLayer/Messages/AvalancheMessages$Message$DataHandlerMessage$Builder.java,addAllDataPayLoad
67366ab5-4121-477e-a26c-d2501b464c4e,2ad5ceba-170a-46b2-ab66-da5b1ce959ba,badd9f05-a7d4-42dd-96ab-0cbb19d74a2b,->,67366ab5-4121-477e-a26c-d2501b464c4e,CommLayer/Messages/AvalancheMessages$Message$DataHandlerMessage$Builder.java,setMetaData
67366ab5-4121-477e-a26c-d2501b464c4e,2ad5ceba-170a-46b2-ab66-da5b1ce959ba,badd9f05-a7d4-42dd-96ab-0cbb19d74a2b,->,67366ab5-4121-477e-a26c-d2501b464c4e,CommLayer/Messages/AvalancheMessages$Message$Builder.java,setDataHandlerMessage
67366ab5-4121-477e-a26c-d2501b464c4e,2ad5ceba-170a-46b2-ab66-da5b1ce959ba,6f7ebf8f-41f6-43e6-bab7-9992380cc943,->,67366ab5-4121-477e-a26c-d2501b464c4e,CommLayer/Messages/AvalancheMessages$Message.java,newBuilder
67366ab5-4121-477e-a26c-d2501b464c4e,2ad5ceba-170a-46b2-ab66-da5b1ce959ba,6f7ebf8f-41f6-43e6-bab7-9992380cc943,->,67366ab5-4121-477e-a26c-d2501b464c4e,CommLayer/Messages/AvalancheMessages$Message$Builder.java,setMessageType
67366ab5-4121-477e-a26c-d2501b464c4e,2ad5ceba-170a-46b2-ab66-da5b1ce959ba,6f7ebf8f-41f6-43e6-bab7-9992380cc943,->,67366ab5-4121-477e-a26c-d2501b464c4e,CommLayer/Messages/AvalancheMessages$Message$DataHandlerMessage.java,newBuilder
67366ab5-4121-477e-a26c-d2501b464c4e,2ad5ceba-170a-46b2-ab66-da5b1ce959ba,6f7ebf8f-41f6-43e6-bab7-9992380cc943,->,67366ab5-4121-477e-a26c-d2501b464c4e,CommLayer/Messages/AvalancheMessages$Message$DataHandlerMessage$Builder.java,setType
67366ab5-4121-477e-a26c-d2501b464c4e,2ad5ceba-170a-46b2-ab66-da5b1ce959ba,6f7ebf8f-41f6-43e6-bab7-9992380cc943,->,67366ab5-4121-477e-a26c-d2501b464c4e,CommLayer/Messages/AvalancheMessages$Message$DataHandlerMessage$Builder.java,setTaskId
67366ab5-4121-477e-a26c-d2501b464c4e,2ad5ceba-170a-46b2-ab66-da5b1ce959ba,6f7ebf8f-41f6-43e6-bab7-9992380cc943,->,67366ab5-4121-477e-a26c-d2501b464c4e,CommLayer/Messages/AvalancheMessages$Message$DataHandlerMessage$Builder.java,setReadMinRange
67366ab5-4121-477e-a26c-d2501b464c4e,2ad5ceba-170a-46b2-ab66-da5b1ce959ba,6f7ebf8f-41f6-43e6-bab7-9992380cc943,->,67366ab5-4121-477e-a26c-d2501b464c4e,CommLayer/Messages/AvalancheMessages$Message$DataHandlerMessage$Builder.java,setReadMaxRange
67366ab5-4121-477e-a26c-d2501b464c4e,2ad5ceba-170a-46b2-ab66-da5b1ce959ba,6f7ebf8f-41f6-43e6-bab7-9992380cc943,->,67366ab5-4121-477e-a26c-d2501b464c4e,CommLayer/Messages/AvalancheMessages$Message$Builder.java,setDataHandlerMessage
67366ab5-4121-477e-a26c-d2501b464c4e,2ad5ceba-170a-46b2-ab66-da5b1ce959ba,9da23ec0-5899-4907-b3b8-edd87b30d269,->,67366ab5-4121-477e-a26c-d2501b464c4e,CommLayer/Messages/AvalancheMessages$Message.java,newBuilder
67366ab5-4121-477e-a26c-d2501b464c4e,2ad5ceba-170a-46b2-ab66-da5b1ce959ba,9da23ec0-5899-4907-b3b8-edd87b30d269,->,67366ab5-4121-477e-a26c-d2501b464c4e,CommLayer/Messages/AvalancheMessages$Message$Builder.java,setMessageType
67366ab5-4121-477e-a26c-d2501b464c4e,2ad5ceba-170a-46b2-ab66-da5b1ce959ba,9da23ec0-5899-4907-b3b8-edd87b30d269,->,67366ab5-4121-477e-a26c-d2501b464c4e,CommLayer/Messages/AvalancheMessages$Message$DataHandlerMessage.java,newBuilder
67366ab5-4121-477e-a26c-d2501b464c4e,2ad5ceba-170a-46b2-ab66-da5b1ce959ba,9da23ec0-5899-4907-b3b8-edd87b30d269,->,67366ab5-4121-477e-a26c-d2501b464c4e,CommLayer/Messages/AvalancheMessages$Message$DataHandlerMessage$Builder.java,setType
67366ab5-4121-477e-a26c-d2501b464c4e,2ad5ceba-170a-46b2-ab66-da5b1ce959ba,9da23ec0-5899-4907-b3b8-edd87b30d269,->,67366ab5-4121-477e-a26c-d2501b464c4e,CommLayer/Messages/AvalancheMessages$Message$DataHandlerMessage$MetaData.java,newBuilder
67366ab5-4121-477e-a26c-d2501b464c4e,2ad5ceba-170a-46b2-ab66-da5b1ce959ba,9da23ec0-5899-4907-b3b8-edd87b30d269,->,67366ab5-4121-477e-a26c-d2501b464c4e,CommLayer/Messages/AvalancheMessages$Message$DataHandlerMessage$MetaData$Builder.java,addAllDataPair
67366ab5-4121-477e-a26c-d2501b464c4e,2ad5ceba-170a-46b2-ab66-da5b1ce959ba,9da23ec0-5899-4907-b3b8-edd87b30d269,->,67366ab5-4121-477e-a26c-d2501b464c4e,CommLayer/Messages/AvalancheMessages$Message$DataHandlerMessage$MetaData$Builder.java,setIsComplete
67366ab5-4121-477e-a26c-d2501b464c4e,2ad5ceba-170a-46b2-ab66-da5b1ce959ba,9da23ec0-5899-4907-b3b8-edd87b30d269,->,67366ab5-4121-477e-a26c-d2501b464c4e,CommLayer/Messages/AvalancheMessages$Message$DataHandlerMessage$Builder.java,setMetaData
67366ab5-4121-477e-a26c-d2501b464c4e,2ad5ceba-170a-46b2-ab66-da5b1ce959ba,9da23ec0-5899-4907-b3b8-edd87b30d269,->,67366ab5-4121-477e-a26c-d2501b464c4e,CommLayer/Messages/AvalancheMessages$Message$DataHandlerMessage$Builder.java,setTaskId
67366ab5-4121-477e-a26c-d2501b464c4e,2ad5ceba-170a-46b2-ab66-da5b1ce959ba,9da23ec0-5899-4907-b3b8-edd87b30d269,->,67366ab5-4121-477e-a26c-d2501b464c4e,CommLayer/Messages/AvalancheMessages$Message$DataHandlerMessage$Builder.java,addAllDataPayLoad
67366ab5-4121-477e-a26c-d2501b464c4e,2ad5ceba-170a-46b2-ab66-da5b1ce959ba,9da23ec0-5899-4907-b3b8-edd87b30d269,->,67366ab5-4121-477e-a26c-d2501b464c4e,CommLayer/Messages/AvalancheMessages$Message$Builder.java,setDataHandlerMessage
67366ab5-4121-477e-a26c-d2501b464c4e,2ad5ceba-170a-46b2-ab66-da5b1ce959ba,127e43a4-ca28-4d1b-8f3f-9f325bf3b2cf,->,67366ab5-4121-477e-a26c-d2501b464c4e,CommLayer/Messages/AvalancheMessages$Message.java,newBuilder
67366ab5-4121-477e-a26c-d2501b464c4e,2ad5ceba-170a-46b2-ab66-da5b1ce959ba,127e43a4-ca28-4d1b-8f3f-9f325bf3b2cf,->,67366ab5-4121-477e-a26c-d2501b464c4e,CommLayer/Messages/AvalancheMessages$Message$Builder.java,setMessageType
67366ab5-4121-477e-a26c-d2501b464c4e,2ad5ceba-170a-46b2-ab66-da5b1ce959ba,127e43a4-ca28-4d1b-8f3f-9f325bf3b2cf,->,67366ab5-4121-477e-a26c-d2501b464c4e,CommLayer/Messages/AvalancheMessages$Message$DataManagerMessage.java,newBuilder
67366ab5-4121-477e-a26c-d2501b464c4e,2ad5ceba-170a-46b2-ab66-da5b1ce959ba,127e43a4-ca28-4d1b-8f3f-9f325bf3b2cf,->,67366ab5-4121-477e-a26c-d2501b464c4e,CommLayer/Messages/AvalancheMessages$Message$DataManagerMessage$Builder.java,setType
67366ab5-4121-477e-a26c-d2501b464c4e,2ad5ceba-170a-46b2-ab66-da5b1ce959ba,127e43a4-ca28-4d1b-8f3f-9f325bf3b2cf,->,67366ab5-4121-477e-a26c-d2501b464c4e,CommLayer/Messages/AvalancheMessages$Message$DataManagerMessage$DataRegMessage.java,newBuilder
67366ab5-4121-477e-a26c-d2501b464c4e,2ad5ceba-170a-46b2-ab66-da5b1ce959ba,127e43a4-ca28-4d1b-8f3f-9f325bf3b2cf,->,67366ab5-4121-477e-a26c-d2501b464c4e,CommLayer/Messages/AvalancheMessages$Message$DataManagerMessage$DataRegMessage$Builder.java,setTaskId
67366ab5-4121-477e-a26c-d2501b464c4e,2ad5ceba-170a-46b2-ab66-da5b1ce959ba,127e43a4-ca28-4d1b-8f3f-9f325bf3b2cf,->,67366ab5-4121-477e-a26c-d2501b464c4e,CommLayer/Messages/AvalancheMessages$Message$Location.java,newBuilder
67366ab5-4121-477e-a26c-d2501b464c4e,2ad5ceba-170a-46b2-ab66-da5b1ce959ba,127e43a4-ca28-4d1b-8f3f-9f325bf3b2cf,->,67366ab5-4121-477e-a26c-d2501b464c4e,CommLayer/Messages/AvalancheMessages$Message$Location$Builder.java,setHost
67366ab5-4121-477e-a26c-d2501b464c4e,2ad5ceba-170a-46b2-ab66-da5b1ce959ba,127e43a4-ca28-4d1b-8f3f-9f325bf3b2cf,->,67366ab5-4121-477e-a26c-d2501b464c4e,CommLayer/Messages/AvalancheMessages$Message$Location$Builder.java,setPort
67366ab5-4121-477e-a26c-d2501b464c4e,2ad5ceba-170a-46b2-ab66-da5b1ce959ba,127e43a4-ca28-4d1b-8f3f-9f325bf3b2cf,->,67366ab5-4121-477e-a26c-d2501b464c4e,CommLayer/Messages/AvalancheMessages$Message$DataManagerMessage$DataRegMessage$Builder.java,setTaskInitServiceLocation
67366ab5-4121-477e-a26c-d2501b464c4e,2ad5ceba-170a-46b2-ab66-da5b1ce959ba,127e43a4-ca28-4d1b-8f3f-9f325bf3b2cf,->,67366ab5-4121-477e-a26c-d2501b464c4e,CommLayer/Messages/AvalancheMessages$Message$Location.java,newBuilder
67366ab5-4121-477e-a26c-d2501b464c4e,2ad5ceba-170a-46b2-ab66-da5b1ce959ba,127e43a4-ca28-4d1b-8f3f-9f325bf3b2cf,->,67366ab5-4121-477e-a26c-d2501b464c4e,CommLayer/Messages/AvalancheMessages$Message$Location$Builder.java,setHost
67366ab5-4121-477e-a26c-d2501b464c4e,2ad5ceba-170a-46b2-ab66-da5b1ce959ba,127e43a4-ca28-4d1b-8f3f-9f325bf3b2cf,->,67366ab5-4121-477e-a26c-d2501b464c4e,CommLayer/Messages/AvalancheMessages$Message$Location$Builder.java,setPort
67366ab5-4121-477e-a26c-d2501b464c4e,2ad5ceba-170a-46b2-ab66-da5b1ce959ba,127e43a4-ca28-4d1b-8f3f-9f325bf3b2cf,->,67366ab5-4121-477e-a26c-d2501b464c4e,CommLayer/Messages/AvalancheMessages$Message$DataManagerMessage$DataRegMessage$Builder.java,setDataHandlerServiceLocation
67366ab5-4121-477e-a26c-d2501b464c4e,2ad5ceba-170a-46b2-ab66-da5b1ce959ba,127e43a4-ca28-4d1b-8f3f-9f325bf3b2cf,->,67366ab5-4121-477e-a26c-d2501b464c4e,CommLayer/Messages/AvalancheMessages$Message$DataManagerMessage$Builder.java,setDataRegMessage
67366ab5-4121-477e-a26c-d2501b464c4e,2ad5ceba-170a-46b2-ab66-da5b1ce959ba,127e43a4-ca28-4d1b-8f3f-9f325bf3b2cf,->,67366ab5-4121-477e-a26c-d2501b464c4e,CommLayer/Messages/AvalancheMessages$Message$Builder.java,setDataManagerMessage
67366ab5-4121-477e-a26c-d2501b464c4e,2ad5ceba-170a-46b2-ab66-da5b1ce959ba,1e69638e-c777-4263-9efe-0111072c7d2b,->,67366ab5-4121-477e-a26c-d2501b464c4e,CommLayer/Messages/AvalancheMessages$Message.java,newBuilder
67366ab5-4121-477e-a26c-d2501b464c4e,2ad5ceba-170a-46b2-ab66-da5b1ce959ba,1e69638e-c777-4263-9efe-0111072c7d2b,->,67366ab5-4121-477e-a26c-d2501b464c4e,CommLayer/Messages/AvalancheMessages$Message$Builder.java,setMessageType
67366ab5-4121-477e-a26c-d2501b464c4e,2ad5ceba-170a-46b2-ab66-da5b1ce959ba,1e69638e-c777-4263-9efe-0111072c7d2b,->,67366ab5-4121-477e-a26c-d2501b464c4e,CommLayer/Messages/AvalancheMessages$Message$DataManagerMessage.java,newBuilder
67366ab5-4121-477e-a26c-d2501b464c4e,2ad5ceba-170a-46b2-ab66-da5b1ce959ba,1e69638e-c777-4263-9efe-0111072c7d2b,->,67366ab5-4121-477e-a26c-d2501b464c4e,CommLayer/Messages/AvalancheMessages$Message$DataManagerMessage$Builder.java,setType
67366ab5-4121-477e-a26c-d2501b464c4e,2ad5ceba-170a-46b2-ab66-da5b1ce959ba,1e69638e-c777-4263-9efe-0111072c7d2b,->,67366ab5-4121-477e-a26c-d2501b464c4e,CommLayer/Messages/AvalancheMessages$Message$DataManagerMessage$DataSourceRequestMessage.java,newBuilder
67366ab5-4121-477e-a26c-d2501b464c4e,2ad5ceba-170a-46b2-ab66-da5b1ce959ba,1e69638e-c777-4263-9efe-0111072c7d2b,->,67366ab5-4121-477e-a26c-d2501b464c4e,CommLayer/Messages/AvalancheMessages$Message$DataManagerMessage$DataSourceRequestMessage$Builder.java,setTaskId
67366ab5-4121-477e-a26c-d2501b464c4e,2ad5ceba-170a-46b2-ab66-da5b1ce959ba,1e69638e-c777-4263-9efe-0111072c7d2b,->,67366ab5-4121-477e-a26c-d2501b464c4e,CommLayer/Messages/AvalancheMessages$Message$DataManagerMessage$Builder.java,setDataSourceRequestMessage
67366ab5-4121-477e-a26c-d2501b464c4e,2ad5ceba-170a-46b2-ab66-da5b1ce959ba,1e69638e-c777-4263-9efe-0111072c7d2b,->,67366ab5-4121-477e-a26c-d2501b464c4e,CommLayer/Messages/AvalancheMessages$Message$Builder.java,setDataManagerMessage
67366ab5-4121-477e-a26c-d2501b464c4e,2ad5ceba-170a-46b2-ab66-da5b1ce959ba,6e9f5741-7d4e-4035-a776-3ecb73b9dfe7,->,67366ab5-4121-477e-a26c-d2501b464c4e,CommLayer/Messages/AvalancheMessages$Message.java,newBuilder
67366ab5-4121-477e-a26c-d2501b464c4e,2ad5ceba-170a-46b2-ab66-da5b1ce959ba,6e9f5741-7d4e-4035-a776-3ecb73b9dfe7,->,67366ab5-4121-477e-a26c-d2501b464c4e,CommLayer/Messages/AvalancheMessages$Message$Builder.java,setMessageType
67366ab5-4121-477e-a26c-d2501b464c4e,2ad5ceba-170a-46b2-ab66-da5b1ce959ba,6e9f5741-7d4e-4035-a776-3ecb73b9dfe7,->,67366ab5-4121-477e-a26c-d2501b464c4e,CommLayer/Messages/AvalancheMessages$Message$DataManagerMessage.java,newBuilder
67366ab5-4121-477e-a26c-d2501b464c4e,2ad5ceba-170a-46b2-ab66-da5b1ce959ba,6e9f5741-7d4e-4035-a776-3ecb73b9dfe7,->,67366ab5-4121-477e-a26c-d2501b464c4e,CommLayer/Messages/AvalancheMessages$Message$DataManagerMessage$Builder.java,setType
67366ab5-4121-477e-a26c-d2501b464c4e,2ad5ceba-170a-46b2-ab66-da5b1ce959ba,6e9f5741-7d4e-4035-a776-3ecb73b9dfe7,->,67366ab5-4121-477e-a26c-d2501b464c4e,CommLayer/Messages/AvalancheMessages$Message$DataManagerMessage$DataSourceResponseMessage.java,newBuilder
67366ab5-4121-477e-a26c-d2501b464c4e,2ad5ceba-170a-46b2-ab66-da5b1ce959ba,6e9f5741-7d4e-4035-a776-3ecb73b9dfe7,->,67366ab5-4121-477e-a26c-d2501b464c4e,CommLayer/Messages/AvalancheMessages$Message$DataManagerMessage$DataSourceResponseMessage$Builder.java,setTaskId
67366ab5-4121-477e-a26c-d2501b464c4e,2ad5ceba-170a-46b2-ab66-da5b1ce959ba,6e9f5741-7d4e-4035-a776-3ecb73b9dfe7,->,67366ab5-4121-477e-a26c-d2501b464c4e,CommLayer/Messages/AvalancheMessages$Message$DataManagerMessage$DataSourceResponseMessage$Builder.java,addAllDataSource
67366ab5-4121-477e-a26c-d2501b464c4e,2ad5ceba-170a-46b2-ab66-da5b1ce959ba,6e9f5741-7d4e-4035-a776-3ecb73b9dfe7,->,67366ab5-4121-477e-a26c-d2501b464c4e,CommLayer/Messages/AvalancheMessages$Message$DataManagerMessage$Builder.java,setDataSourceResponseMessage
67366ab5-4121-477e-a26c-d2501b464c4e,2ad5ceba-170a-46b2-ab66-da5b1ce959ba,6e9f5741-7d4e-4035-a776-3ecb73b9dfe7,->,67366ab5-4121-477e-a26c-d2501b464c4e,CommLayer/Messages/AvalancheMessages$Message$Builder.java,setDataManagerMessage
67366ab5-4121-477e-a26c-d2501b464c4e,2ad5ceba-170a-46b2-ab66-da5b1ce959ba,bdadde1b-be71-460a-a134-b0d463f4c219,->,67366ab5-4121-477e-a26c-d2501b464c4e,CommLayer/Messages/AvalancheMessages$Message.java,newBuilder
67366ab5-4121-477e-a26c-d2501b464c4e,2ad5ceba-170a-46b2-ab66-da5b1ce959ba,bdadde1b-be71-460a-a134-b0d463f4c219,->,67366ab5-4121-477e-a26c-d2501b464c4e,CommLayer/Messages/AvalancheMessages$Message$Builder.java,setMessageType
67366ab5-4121-477e-a26c-d2501b464c4e,2ad5ceba-170a-46b2-ab66-da5b1ce959ba,bdadde1b-be71-460a-a134-b0d463f4c219,->,67366ab5-4121-477e-a26c-d2501b464c4e,CommLayer/Messages/AvalancheMessages$Message$DataManagerMessage.java,newBuilder
67366ab5-4121-477e-a26c-d2501b464c4e,2ad5ceba-170a-46b2-ab66-da5b1ce959ba,bdadde1b-be71-460a-a134-b0d463f4c219,->,67366ab5-4121-477e-a26c-d2501b464c4e,CommLayer/Messages/AvalancheMessages$Message$DataManagerMessage$Builder.java,setType
67366ab5-4121-477e-a26c-d2501b464c4e,2ad5ceba-170a-46b2-ab66-da5b1ce959ba,bdadde1b-be71-460a-a134-b0d463f4c219,->,67366ab5-4121-477e-a26c-d2501b464c4e,CommLayer/Messages/AvalancheMessages$Message$DataManagerMessage$DataCopyRequestMessage.java,newBuilder
67366ab5-4121-477e-a26c-d2501b464c4e,2ad5ceba-170a-46b2-ab66-da5b1ce959ba,bdadde1b-be71-460a-a134-b0d463f4c219,->,67366ab5-4121-477e-a26c-d2501b464c4e,CommLayer/Messages/AvalancheMessages$Message$DataManagerMessage$DataCopyRequestMessage$Builder.java,setTaskId
67366ab5-4121-477e-a26c-d2501b464c4e,2ad5ceba-170a-46b2-ab66-da5b1ce959ba,bdadde1b-be71-460a-a134-b0d463f4c219,->,67366ab5-4121-477e-a26c-d2501b464c4e,CommLayer/Messages/AvalancheMessages$Message$Location.java,newBuilder
67366ab5-4121-477e-a26c-d2501b464c4e,2ad5ceba-170a-46b2-ab66-da5b1ce959ba,bdadde1b-be71-460a-a134-b0d463f4c219,->,67366ab5-4121-477e-a26c-d2501b464c4e,CommLayer/Messages/AvalancheMessages$Message$Location$Builder.java,setHost
67366ab5-4121-477e-a26c-d2501b464c4e,2ad5ceba-170a-46b2-ab66-da5b1ce959ba,bdadde1b-be71-460a-a134-b0d463f4c219,->,67366ab5-4121-477e-a26c-d2501b464c4e,CommLayer/Messages/AvalancheMessages$Message$Location$Builder.java,setPort
67366ab5-4121-477e-a26c-d2501b464c4e,2ad5ceba-170a-46b2-ab66-da5b1ce959ba,bdadde1b-be71-460a-a134-b0d463f4c219,->,67366ab5-4121-477e-a26c-d2501b464c4e,CommLayer/Messages/AvalancheMessages$Message$DataManagerMessage$DataCopyRequestMessage$Builder.java,setDataHandlerServiceLocation
67366ab5-4121-477e-a26c-d2501b464c4e,2ad5ceba-170a-46b2-ab66-da5b1ce959ba,bdadde1b-be71-460a-a134-b0d463f4c219,->,67366ab5-4121-477e-a26c-d2501b464c4e,CommLayer/Messages/AvalancheMessages$Message$DataManagerMessage$Builder.java,setDataCopyRequestMessage
67366ab5-4121-477e-a26c-d2501b464c4e,2ad5ceba-170a-46b2-ab66-da5b1ce959ba,bdadde1b-be71-460a-a134-b0d463f4c219,->,67366ab5-4121-477e-a26c-d2501b464c4e,CommLayer/Messages/AvalancheMessages$Message$Builder.java,setDataManagerMessage
67366ab5-4121-477e-a26c-d2501b464c4e,2ad5ceba-170a-46b2-ab66-da5b1ce959ba,97bc843d-2353-47b5-bde8-b42dd0d6d654,->,67366ab5-4121-477e-a26c-d2501b464c4e,CommLayer/Messages/AvalancheMessages$Message.java,newBuilder
67366ab5-4121-477e-a26c-d2501b464c4e,2ad5ceba-170a-46b2-ab66-da5b1ce959ba,97bc843d-2353-47b5-bde8-b42dd0d6d654,->,67366ab5-4121-477e-a26c-d2501b464c4e,CommLayer/Messages/AvalancheMessages$Message$Builder.java,setMessageType
67366ab5-4121-477e-a26c-d2501b464c4e,2ad5ceba-170a-46b2-ab66-da5b1ce959ba,97bc843d-2353-47b5-bde8-b42dd0d6d654,->,67366ab5-4121-477e-a26c-d2501b464c4e,CommLayer/Messages/AvalancheMessages$Message$DataManagerMessage.java,newBuilder
67366ab5-4121-477e-a26c-d2501b464c4e,2ad5ceba-170a-46b2-ab66-da5b1ce959ba,97bc843d-2353-47b5-bde8-b42dd0d6d654,->,67366ab5-4121-477e-a26c-d2501b464c4e,CommLayer/Messages/AvalancheMessages$Message$DataManagerMessage$Builder.java,setType
67366ab5-4121-477e-a26c-d2501b464c4e,2ad5ceba-170a-46b2-ab66-da5b1ce959ba,97bc843d-2353-47b5-bde8-b42dd0d6d654,->,67366ab5-4121-477e-a26c-d2501b464c4e,CommLayer/Messages/AvalancheMessages$Message$DataManagerMessage$DataCopyResponseMessage.java,newBuilder
67366ab5-4121-477e-a26c-d2501b464c4e,2ad5ceba-170a-46b2-ab66-da5b1ce959ba,97bc843d-2353-47b5-bde8-b42dd0d6d654,->,67366ab5-4121-477e-a26c-d2501b464c4e,CommLayer/Messages/AvalancheMessages$Message$DataManagerMessage$DataCopyResponseMessage$Builder.java,setTaskId
67366ab5-4121-477e-a26c-d2501b464c4e,2ad5ceba-170a-46b2-ab66-da5b1ce959ba,97bc843d-2353-47b5-bde8-b42dd0d6d654,->,67366ab5-4121-477e-a26c-d2501b464c4e,CommLayer/Messages/AvalancheMessages$Message$DataManagerMessage$Builder.java,setDataCopyResponseMessage
67366ab5-4121-477e-a26c-d2501b464c4e,2ad5ceba-170a-46b2-ab66-da5b1ce959ba,97bc843d-2353-47b5-bde8-b42dd0d6d654,->,67366ab5-4121-477e-a26c-d2501b464c4e,CommLayer/Messages/AvalancheMessages$Message$Builder.java,setDataManagerMessage
67366ab5-4121-477e-a26c-d2501b464c4e,2ad5ceba-170a-46b2-ab66-da5b1ce959ba,c3663ae8-4755-419a-b1ae-6f1600b57e37,->,67366ab5-4121-477e-a26c-d2501b464c4e,CommLayer/Messages/AvalancheMessages$Message.java,newBuilder
67366ab5-4121-477e-a26c-d2501b464c4e,2ad5ceba-170a-46b2-ab66-da5b1ce959ba,c3663ae8-4755-419a-b1ae-6f1600b57e37,->,67366ab5-4121-477e-a26c-d2501b464c4e,CommLayer/Messages/AvalancheMessages$Message$Builder.java,setMessageType
67366ab5-4121-477e-a26c-d2501b464c4e,2ad5ceba-170a-46b2-ab66-da5b1ce959ba,c3663ae8-4755-419a-b1ae-6f1600b57e37,->,67366ab5-4121-477e-a26c-d2501b464c4e,CommLayer/Messages/AvalancheMessages$Message$HeartBeatMessage.java,newBuilder
67366ab5-4121-477e-a26c-d2501b464c4e,2ad5ceba-170a-46b2-ab66-da5b1ce959ba,c3663ae8-4755-419a-b1ae-6f1600b57e37,->,67366ab5-4121-477e-a26c-d2501b464c4e,CommLayer/Messages/AvalancheMessages$Message$HeartBeatMessage$Builder.java,setBeatInterval
67366ab5-4121-477e-a26c-d2501b464c4e,2ad5ceba-170a-46b2-ab66-da5b1ce959ba,c3663ae8-4755-419a-b1ae-6f1600b57e37,->,67366ab5-4121-477e-a26c-d2501b464c4e,CommLayer/Messages/AvalancheMessages$Message$Builder.java,setHeartBeatMessage
67366ab5-4121-477e-a26c-d2501b464c4e,2ad5ceba-170a-46b2-ab66-da5b1ce959ba,cb683c58-1ae0-4b0f-b36c-f932684216ad,->,67366ab5-4121-477e-a26c-d2501b464c4e,CommLayer/Messages/AvalancheMessages$Message.java,newBuilder
67366ab5-4121-477e-a26c-d2501b464c4e,2ad5ceba-170a-46b2-ab66-da5b1ce959ba,cb683c58-1ae0-4b0f-b36c-f932684216ad,->,67366ab5-4121-477e-a26c-d2501b464c4e,CommLayer/Messages/AvalancheMessages$Message$Builder.java,setMessageType
67366ab5-4121-477e-a26c-d2501b464c4e,2ad5ceba-170a-46b2-ab66-da5b1ce959ba,cb683c58-1ae0-4b0f-b36c-f932684216ad,->,67366ab5-4121-477e-a26c-d2501b464c4e,CommLayer/Messages/AvalancheMessages$Message$TopologyStatusMessage.java,newBuilder
67366ab5-4121-477e-a26c-d2501b464c4e,2ad5ceba-170a-46b2-ab66-da5b1ce959ba,cb683c58-1ae0-4b0f-b36c-f932684216ad,->,67366ab5-4121-477e-a26c-d2501b464c4e,CommLayer/Messages/AvalancheMessages$Message$TopologyStatusMessage$Builder.java,addAllTaskStatuses
67366ab5-4121-477e-a26c-d2501b464c4e,2ad5ceba-170a-46b2-ab66-da5b1ce959ba,cb683c58-1ae0-4b0f-b36c-f932684216ad,->,67366ab5-4121-477e-a26c-d2501b464c4e,CommLayer/Messages/AvalancheMessages$Message$Builder.java,setTopologyStatusMessage
67366ab5-4121-477e-a26c-d2501b464c4e,CommLayer/Messages/AvalancheMessages$Message$DataHandlerMessage$MetaData.java,getDescriptor,->,67366ab5-4121-477e-a26c-d2501b464c4e,CommLayer/Messages/AvalancheMessages.java,access$4800
67366ab5-4121-477e-a26c-d2501b464c4e,CommLayer/Messages/AvalancheMessages$Message$DataHandlerMessage$MetaData.java,internalGetFieldAccessorTable,->,67366ab5-4121-477e-a26c-d2501b464c4e,CommLayer/Messages/AvalancheMessages.java,access$4900
67366ab5-4121-477e-a26c-d2501b464c4e,CommLayer/Messages/AvalancheMessages$Message$DataHandlerMessage$MetaData.java,internalGetFieldAccessorTable,->,67366ab5-4121-477e-a26c-d2501b464c4e,com/google/protobuf/GeneratedMessage$FieldAccessorTable.java,ensureFieldAccessorsInitialized
67366ab5-4121-477e-a26c-d2501b464c4e,CommLayer/Messages/AvalancheMessages$Message$DataHandlerMessage$MetaData.java,getDataPairCount,->,67366ab5-4121-477e-a26c-d2501b464c4e,java/util/List.java,size
67366ab5-4121-477e-a26c-d2501b464c4e,CommLayer/Messages/AvalancheMessages$Message$DataHandlerMessage$MetaData.java,getDataPair,->,67366ab5-4121-477e-a26c-d2501b464c4e,java/util/List.java,get
67366ab5-4121-477e-a26c-d2501b464c4e,CommLayer/Messages/AvalancheMessages$Message$DataHandlerMessage$MetaData.java,getDataPairOrBuilder,->,67366ab5-4121-477e-a26c-d2501b464c4e,java/util/List.java,get
67366ab5-4121-477e-a26c-d2501b464c4e,CommLayer/Messages/AvalancheMessages$Message$DataHandlerMessage$MetaData.java,initFields,->,67366ab5-4121-477e-a26c-d2501b464c4e,java/util/Collections.java,emptyList
67366ab5-4121-477e-a26c-d2501b464c4e,CommLayer/Messages/AvalancheMessages$Message$DataHandlerMessage$MetaData.java,writeTo,->,67366ab5-4121-477e-a26c-d2501b464c4e,CommLayer/Messages/AvalancheMessages$Message$DataHandlerMessage$MetaData.java,getSerializedSize
67366ab5-4121-477e-a26c-d2501b464c4e,CommLayer/Messages/AvalancheMessages$Message$DataHandlerMessage$MetaData.java,writeTo,->,67366ab5-4121-477e-a26c-d2501b464c4e,java/util/List.java,size
67366ab5-4121-477e-a26c-d2501b464c4e,CommLayer/Messages/AvalancheMessages$Message$DataHandlerMessage$MetaData.java,writeTo,->,67366ab5-4121-477e-a26c-d2501b464c4e,java/util/List.java,get
67366ab5-4121-477e-a26c-d2501b464c4e,CommLayer/Messages/AvalancheMessages$Message$DataHandlerMessage$MetaData.java,writeTo,->,67366ab5-4121-477e-a26c-d2501b464c4e,com/google/protobuf/CodedOutputStream.java,writeMessage
67366ab5-4121-477e-a26c-d2501b464c4e,CommLayer/Messages/AvalancheMessages$Message$DataHandlerMessage$MetaData.java,writeTo,->,67366ab5-4121-477e-a26c-d2501b464c4e,com/google/protobuf/CodedOutputStream.java,writeBool
67366ab5-4121-477e-a26c-d2501b464c4e,CommLayer/Messages/AvalancheMessages$Message$DataHandlerMessage$MetaData.java,writeTo,->,67366ab5-4121-477e-a26c-d2501b464c4e,CommLayer/Messages/AvalancheMessages$Message$DataHandlerMessage$MetaData.java,getUnknownFields
67366ab5-4121-477e-a26c-d2501b464c4e,CommLayer/Messages/AvalancheMessages$Message$DataHandlerMessage$MetaData.java,writeTo,->,67366ab5-4121-477e-a26c-d2501b464c4e,com/google/protobuf/UnknownFieldSet.java,writeTo
67366ab5-4121-477e-a26c-d2501b464c4e,CommLayer/Messages/AvalancheMessages$Message$DataHandlerMessage$MetaData.java,getSerializedSize,->,67366ab5-4121-477e-a26c-d2501b464c4e,java/util/List.java,size
67366ab5-4121-477e-a26c-d2501b464c4e,CommLayer/Messages/AvalancheMessages$Message$DataHandlerMessage$MetaData.java,getSerializedSize,->,67366ab5-4121-477e-a26c-d2501b464c4e,java/util/List.java,get
67366ab5-4121-477e-a26c-d2501b464c4e,CommLayer/Messages/AvalancheMessages$Message$DataHandlerMessage$MetaData.java,getSerializedSize,->,67366ab5-4121-477e-a26c-d2501b464c4e,com/google/protobuf/CodedOutputStream.java,computeMessageSize
67366ab5-4121-477e-a26c-d2501b464c4e,CommLayer/Messages/AvalancheMessages$Message$DataHandlerMessage$MetaData.java,getSerializedSize,->,67366ab5-4121-477e-a26c-d2501b464c4e,com/google/protobuf/CodedOutputStream.java,computeBoolSize
67366ab5-4121-477e-a26c-d2501b464c4e,CommLayer/Messages/AvalancheMessages$Message$DataHandlerMessage$MetaData.java,getSerializedSize,->,67366ab5-4121-477e-a26c-d2501b464c4e,CommLayer/Messages/AvalancheMessages$Message$DataHandlerMessage$MetaData.java,getUnknownFields
67366ab5-4121-477e-a26c-d2501b464c4e,CommLayer/Messages/AvalancheMessages$Message$DataHandlerMessage$MetaData.java,getSerializedSize,->,67366ab5-4121-477e-a26c-d2501b464c4e,com/google/protobuf/UnknownFieldSet.java,getSerializedSize
67366ab5-4121-477e-a26c-d2501b464c4e,CommLayer/Messages/AvalancheMessages$Message$DataHandlerMessage$MetaData.java,writeReplace,->,67366ab5-4121-477e-a26c-d2501b464c4e,com/google/protobuf/GeneratedMessage.java,writeReplace
67366ab5-4121-477e-a26c-d2501b464c4e,CommLayer/Messages/AvalancheMessages$Message$DataHandlerMessage$MetaData.java,parseFrom,->,67366ab5-4121-477e-a26c-d2501b464c4e,com/google/protobuf/Parser.java,parseFrom
67366ab5-4121-477e-a26c-d2501b464c4e,CommLayer/Messages/AvalancheMessages$Message$DataHandlerMessage$MetaData.java,parseFrom,->,67366ab5-4121-477e-a26c-d2501b464c4e,com/google/protobuf/Parser.java,parseFrom
67366ab5-4121-477e-a26c-d2501b464c4e,CommLayer/Messages/AvalancheMessages$Message$DataHandlerMessage$MetaData.java,parseFrom,->,67366ab5-4121-477e-a26c-d2501b464c4e,com/google/protobuf/Parser.java,parseFrom
67366ab5-4121-477e-a26c-d2501b464c4e,CommLayer/Messages/AvalancheMessages$Message$DataHandlerMessage$MetaData.java,parseFrom,->,67366ab5-4121-477e-a26c-d2501b464c4e,com/google/protobuf/Parser.java,parseFrom
67366ab5-4121-477e-a26c-d2501b464c4e,CommLayer/Messages/AvalancheMessages$Message$DataHandlerMessage$MetaData.java,parseFrom,->,67366ab5-4121-477e-a26c-d2501b464c4e,com/google/protobuf/Parser.java,parseFrom
67366ab5-4121-477e-a26c-d2501b464c4e,CommLayer/Messages/AvalancheMessages$Message$DataHandlerMessage$MetaData.java,parseFrom,->,67366ab5-4121-477e-a26c-d2501b464c4e,com/google/protobuf/Parser.java,parseFrom
67366ab5-4121-477e-a26c-d2501b464c4e,CommLayer/Messages/AvalancheMessages$Message$DataHandlerMessage$MetaData.java,parseDelimitedFrom,->,67366ab5-4121-477e-a26c-d2501b464c4e,com/google/protobuf/Parser.java,parseDelimitedFrom
67366ab5-4121-477e-a26c-d2501b464c4e,CommLayer/Messages/AvalancheMessages$Message$DataHandlerMessage$MetaData.java,parseDelimitedFrom,->,67366ab5-4121-477e-a26c-d2501b464c4e,com/google/protobuf/Parser.java,parseDelimitedFrom
67366ab5-4121-477e-a26c-d2501b464c4e,CommLayer/Messages/AvalancheMessages$Message$DataHandlerMessage$MetaData.java,parseFrom,->,67366ab5-4121-477e-a26c-d2501b464c4e,com/google/protobuf/Parser.java,parseFrom
67366ab5-4121-477e-a26c-d2501b464c4e,CommLayer/Messages/AvalancheMessages$Message$DataHandlerMessage$MetaData.java,parseFrom,->,67366ab5-4121-477e-a26c-d2501b464c4e,com/google/protobuf/Parser.java,parseFrom
67366ab5-4121-477e-a26c-d2501b464c4e,CommLayer/Messages/AvalancheMessages$Message$DataHandlerMessage$MetaData.java,newBuilder,->,67366ab5-4121-477e-a26c-d2501b464c4e,CommLayer/Messages/AvalancheMessages$Message$DataHandlerMessage$MetaData$Builder.java,access$5100
67366ab5-4121-477e-a26c-d2501b464c4e,CommLayer/Messages/AvalancheMessages$Message$DataHandlerMessage$MetaData.java,newBuilderForType,->,67366ab5-4121-477e-a26c-d2501b464c4e,CommLayer/Messages/AvalancheMessages$Message$DataHandlerMessage$MetaData.java,newBuilder
67366ab5-4121-477e-a26c-d2501b464c4e,CommLayer/Messages/AvalancheMessages$Message$DataHandlerMessage$MetaData.java,newBuilder,->,67366ab5-4121-477e-a26c-d2501b464c4e,CommLayer/Messages/AvalancheMessages$Message$DataHandlerMessage$MetaData.java,newBuilder
67366ab5-4121-477e-a26c-d2501b464c4e,CommLayer/Messages/AvalancheMessages$Message$DataHandlerMessage$MetaData.java,newBuilder,->,67366ab5-4121-477e-a26c-d2501b464c4e,CommLayer/Messages/AvalancheMessages$Message$DataHandlerMessage$MetaData$Builder.java,mergeFrom
67366ab5-4121-477e-a26c-d2501b464c4e,CommLayer/Messages/AvalancheMessages$Message$DataHandlerMessage$MetaData.java,toBuilder,->,67366ab5-4121-477e-a26c-d2501b464c4e,CommLayer/Messages/AvalancheMessages$Message$DataHandlerMessage$MetaData.java,newBuilder
67366ab5-4121-477e-a26c-d2501b464c4e,CommLayer/Messages/AvalancheMessages$Message$DataHandlerMessage$MetaData.java,newBuilderForType,->,67366ab5-4121-477e-a26c-d2501b464c4e,CommLayer/Messages/AvalancheMessages$Message$DataHandlerMessage$MetaData.java,newBuilderForType
67366ab5-4121-477e-a26c-d2501b464c4e,CommLayer/Messages/AvalancheMessages$Message$DataHandlerMessage$MetaData.java,toBuilder,->,67366ab5-4121-477e-a26c-d2501b464c4e,CommLayer/Messages/AvalancheMessages$Message$DataHandlerMessage$MetaData.java,toBuilder
67366ab5-4121-477e-a26c-d2501b464c4e,CommLayer/Messages/AvalancheMessages$Message$DataHandlerMessage$MetaData.java,newBuilderForType,->,67366ab5-4121-477e-a26c-d2501b464c4e,CommLayer/Messages/AvalancheMessages$Message$DataHandlerMessage$MetaData.java,newBuilderForType
67366ab5-4121-477e-a26c-d2501b464c4e,CommLayer/Messages/AvalancheMessages$Message$DataHandlerMessage$MetaData.java,toBuilder,->,67366ab5-4121-477e-a26c-d2501b464c4e,CommLayer/Messages/AvalancheMessages$Message$DataHandlerMessage$MetaData.java,toBuilder
67366ab5-4121-477e-a26c-d2501b464c4e,CommLayer/Messages/AvalancheMessages$Message$DataHandlerMessage$MetaData.java,newBuilderForType,->,67366ab5-4121-477e-a26c-d2501b464c4e,CommLayer/Messages/AvalancheMessages$Message$DataHandlerMessage$MetaData.java,newBuilderForType
67366ab5-4121-477e-a26c-d2501b464c4e,CommLayer/Messages/AvalancheMessages$Message$DataHandlerMessage$MetaData.java,getDefaultInstanceForType,->,67366ab5-4121-477e-a26c-d2501b464c4e,CommLayer/Messages/AvalancheMessages$Message$DataHandlerMessage$MetaData.java,getDefaultInstanceForType
67366ab5-4121-477e-a26c-d2501b464c4e,CommLayer/Messages/AvalancheMessages$Message$DataHandlerMessage$MetaData.java,getDefaultInstanceForType,->,67366ab5-4121-477e-a26c-d2501b464c4e,CommLayer/Messages/AvalancheMessages$Message$DataHandlerMessage$MetaData.java,getDefaultInstanceForType
67366ab5-4121-477e-a26c-d2501b464c4e,CommLayer/Messages/AvalancheMessages$Message$DataHandlerMessage$MetaData.java,<clinit>,->,67366ab5-4121-477e-a26c-d2501b464c4e,CommLayer/Messages/AvalancheMessages$Message$DataHandlerMessage$MetaData.java,initFields
67366ab5-4121-477e-a26c-d2501b464c4e,CommLayer/Messages/AvalancheMessages$Message$Location.java,getDescriptor,->,67366ab5-4121-477e-a26c-d2501b464c4e,CommLayer/Messages/AvalancheMessages.java,access$300
67366ab5-4121-477e-a26c-d2501b464c4e,CommLayer/Messages/AvalancheMessages$Message$Location.java,internalGetFieldAccessorTable,->,67366ab5-4121-477e-a26c-d2501b464c4e,CommLayer/Messages/AvalancheMessages.java,access$400
67366ab5-4121-477e-a26c-d2501b464c4e,CommLayer/Messages/AvalancheMessages$Message$Location.java,internalGetFieldAccessorTable,->,67366ab5-4121-477e-a26c-d2501b464c4e,com/google/protobuf/GeneratedMessage$FieldAccessorTable.java,ensureFieldAccessorsInitialized
67366ab5-4121-477e-a26c-d2501b464c4e,CommLayer/Messages/AvalancheMessages$Message$Location.java,getHost,->,67366ab5-4121-477e-a26c-d2501b464c4e,com/google/protobuf/ByteString.java,toStringUtf8
67366ab5-4121-477e-a26c-d2501b464c4e,CommLayer/Messages/AvalancheMessages$Message$Location.java,getHost,->,67366ab5-4121-477e-a26c-d2501b464c4e,com/google/protobuf/ByteString.java,isValidUtf8
67366ab5-4121-477e-a26c-d2501b464c4e,CommLayer/Messages/AvalancheMessages$Message$Location.java,getHostBytes,->,67366ab5-4121-477e-a26c-d2501b464c4e,com/google/protobuf/ByteString.java,copyFromUtf8
67366ab5-4121-477e-a26c-d2501b464c4e,CommLayer/Messages/AvalancheMessages$Message$Location.java,writeTo,->,67366ab5-4121-477e-a26c-d2501b464c4e,CommLayer/Messages/AvalancheMessages$Message$Location.java,getSerializedSize
67366ab5-4121-477e-a26c-d2501b464c4e,CommLayer/Messages/AvalancheMessages$Message$Location.java,writeTo,->,67366ab5-4121-477e-a26c-d2501b464c4e,CommLayer/Messages/AvalancheMessages$Message$Location.java,getHostBytes
67366ab5-4121-477e-a26c-d2501b464c4e,CommLayer/Messages/AvalancheMessages$Message$Location.java,writeTo,->,67366ab5-4121-477e-a26c-d2501b464c4e,com/google/protobuf/CodedOutputStream.java,writeBytes
67366ab5-4121-477e-a26c-d2501b464c4e,CommLayer/Messages/AvalancheMessages$Message$Location.java,writeTo,->,67366ab5-4121-477e-a26c-d2501b464c4e,com/google/protobuf/CodedOutputStream.java,writeInt32
67366ab5-4121-477e-a26c-d2501b464c4e,CommLayer/Messages/AvalancheMessages$Message$Location.java,writeTo,->,67366ab5-4121-477e-a26c-d2501b464c4e,CommLayer/Messages/AvalancheMessages$Message$Location.java,getUnknownFields
67366ab5-4121-477e-a26c-d2501b464c4e,CommLayer/Messages/AvalancheMessages$Message$Location.java,writeTo,->,67366ab5-4121-477e-a26c-d2501b464c4e,com/google/protobuf/UnknownFieldSet.java,writeTo
67366ab5-4121-477e-a26c-d2501b464c4e,CommLayer/Messages/AvalancheMessages$Message$Location.java,getSerializedSize,->,67366ab5-4121-477e-a26c-d2501b464c4e,CommLayer/Messages/AvalancheMessages$Message$Location.java,getHostBytes
67366ab5-4121-477e-a26c-d2501b464c4e,CommLayer/Messages/AvalancheMessages$Message$Location.java,getSerializedSize,->,67366ab5-4121-477e-a26c-d2501b464c4e,com/google/protobuf/CodedOutputStream.java,computeBytesSize
67366ab5-4121-477e-a26c-d2501b464c4e,CommLayer/Messages/AvalancheMessages$Message$Location.java,getSerializedSize,->,67366ab5-4121-477e-a26c-d2501b464c4e,com/google/protobuf/CodedOutputStream.java,computeInt32Size
67366ab5-4121-477e-a26c-d2501b464c4e,CommLayer/Messages/AvalancheMessages$Message$Location.java,getSerializedSize,->,67366ab5-4121-477e-a26c-d2501b464c4e,CommLayer/Messages/AvalancheMessages$Message$Location.java,getUnknownFields
67366ab5-4121-477e-a26c-d2501b464c4e,CommLayer/Messages/AvalancheMessages$Message$Location.java,getSerializedSize,->,67366ab5-4121-477e-a26c-d2501b464c4e,com/google/protobuf/UnknownFieldSet.java,getSerializedSize
67366ab5-4121-477e-a26c-d2501b464c4e,CommLayer/Messages/AvalancheMessages$Message$Location.java,writeReplace,->,67366ab5-4121-477e-a26c-d2501b464c4e,com/google/protobuf/GeneratedMessage.java,writeReplace
67366ab5-4121-477e-a26c-d2501b464c4e,CommLayer/Messages/AvalancheMessages$Message$Location.java,parseFrom,->,67366ab5-4121-477e-a26c-d2501b464c4e,com/google/protobuf/Parser.java,parseFrom
67366ab5-4121-477e-a26c-d2501b464c4e,CommLayer/Messages/AvalancheMessages$Message$Location.java,parseFrom,->,67366ab5-4121-477e-a26c-d2501b464c4e,com/google/protobuf/Parser.java,parseFrom
67366ab5-4121-477e-a26c-d2501b464c4e,CommLayer/Messages/AvalancheMessages$Message$Location.java,parseFrom,->,67366ab5-4121-477e-a26c-d2501b464c4e,com/google/protobuf/Parser.java,parseFrom
67366ab5-4121-477e-a26c-d2501b464c4e,CommLayer/Messages/AvalancheMessages$Message$Location.java,parseFrom,->,67366ab5-4121-477e-a26c-d2501b464c4e,com/google/protobuf/Parser.java,parseFrom
67366ab5-4121-477e-a26c-d2501b464c4e,CommLayer/Messages/AvalancheMessages$Message$Location.java,parseFrom,->,67366ab5-4121-477e-a26c-d2501b464c4e,com/google/protobuf/Parser.java,parseFrom
67366ab5-4121-477e-a26c-d2501b464c4e,CommLayer/Messages/AvalancheMessages$Message$Location.java,parseFrom,->,67366ab5-4121-477e-a26c-d2501b464c4e,com/google/protobuf/Parser.java,parseFrom
67366ab5-4121-477e-a26c-d2501b464c4e,CommLayer/Messages/AvalancheMessages$Message$Location.java,parseDelimitedFrom,->,67366ab5-4121-477e-a26c-d2501b464c4e,com/google/protobuf/Parser.java,parseDelimitedFrom
67366ab5-4121-477e-a26c-d2501b464c4e,CommLayer/Messages/AvalancheMessages$Message$Location.java,parseDelimitedFrom,->,67366ab5-4121-477e-a26c-d2501b464c4e,com/google/protobuf/Parser.java,parseDelimitedFrom
67366ab5-4121-477e-a26c-d2501b464c4e,CommLayer/Messages/AvalancheMessages$Message$Location.java,parseFrom,->,67366ab5-4121-477e-a26c-d2501b464c4e,com/google/protobuf/Parser.java,parseFrom
67366ab5-4121-477e-a26c-d2501b464c4e,CommLayer/Messages/AvalancheMessages$Message$Location.java,parseFrom,->,67366ab5-4121-477e-a26c-d2501b464c4e,com/google/protobuf/Parser.java,parseFrom
67366ab5-4121-477e-a26c-d2501b464c4e,CommLayer/Messages/AvalancheMessages$Message$Location.java,newBuilder,->,67366ab5-4121-477e-a26c-d2501b464c4e,CommLayer/Messages/AvalancheMessages$Message$Location$Builder.java,access$600
67366ab5-4121-477e-a26c-d2501b464c4e,CommLayer/Messages/AvalancheMessages$Message$Location.java,newBuilderForType,->,67366ab5-4121-477e-a26c-d2501b464c4e,CommLayer/Messages/AvalancheMessages$Message$Location.java,newBuilder
67366ab5-4121-477e-a26c-d2501b464c4e,CommLayer/Messages/AvalancheMessages$Message$Location.java,newBuilder,->,67366ab5-4121-477e-a26c-d2501b464c4e,CommLayer/Messages/AvalancheMessages$Message$Location.java,newBuilder
67366ab5-4121-477e-a26c-d2501b464c4e,CommLayer/Messages/AvalancheMessages$Message$Location.java,newBuilder,->,67366ab5-4121-477e-a26c-d2501b464c4e,CommLayer/Messages/AvalancheMessages$Message$Location$Builder.java,mergeFrom
67366ab5-4121-477e-a26c-d2501b464c4e,CommLayer/Messages/AvalancheMessages$Message$Location.java,toBuilder,->,67366ab5-4121-477e-a26c-d2501b464c4e,CommLayer/Messages/AvalancheMessages$Message$Location.java,newBuilder
67366ab5-4121-477e-a26c-d2501b464c4e,CommLayer/Messages/AvalancheMessages$Message$Location.java,newBuilderForType,->,67366ab5-4121-477e-a26c-d2501b464c4e,CommLayer/Messages/AvalancheMessages$Message$Location.java,newBuilderForType
67366ab5-4121-477e-a26c-d2501b464c4e,CommLayer/Messages/AvalancheMessages$Message$Location.java,toBuilder,->,67366ab5-4121-477e-a26c-d2501b464c4e,CommLayer/Messages/AvalancheMessages$Message$Location.java,toBuilder
67366ab5-4121-477e-a26c-d2501b464c4e,CommLayer/Messages/AvalancheMessages$Message$Location.java,newBuilderForType,->,67366ab5-4121-477e-a26c-d2501b464c4e,CommLayer/Messages/AvalancheMessages$Message$Location.java,newBuilderForType
67366ab5-4121-477e-a26c-d2501b464c4e,CommLayer/Messages/AvalancheMessages$Message$Location.java,toBuilder,->,67366ab5-4121-477e-a26c-d2501b464c4e,CommLayer/Messages/AvalancheMessages$Message$Location.java,toBuilder
67366ab5-4121-477e-a26c-d2501b464c4e,CommLayer/Messages/AvalancheMessages$Message$Location.java,newBuilderForType,->,67366ab5-4121-477e-a26c-d2501b464c4e,CommLayer/Messages/AvalancheMessages$Message$Location.java,newBuilderForType
67366ab5-4121-477e-a26c-d2501b464c4e,CommLayer/Messages/AvalancheMessages$Message$Location.java,getDefaultInstanceForType,->,67366ab5-4121-477e-a26c-d2501b464c4e,CommLayer/Messages/AvalancheMessages$Message$Location.java,getDefaultInstanceForType
67366ab5-4121-477e-a26c-d2501b464c4e,CommLayer/Messages/AvalancheMessages$Message$Location.java,getDefaultInstanceForType,->,67366ab5-4121-477e-a26c-d2501b464c4e,CommLayer/Messages/AvalancheMessages$Message$Location.java,getDefaultInstanceForType
67366ab5-4121-477e-a26c-d2501b464c4e,CommLayer/Messages/AvalancheMessages$Message$Location.java,<clinit>,->,67366ab5-4121-477e-a26c-d2501b464c4e,CommLayer/Messages/AvalancheMessages$Message$Location.java,initFields
67366ab5-4121-477e-a26c-d2501b464c4e,CommLayer/Messages/AvalancheMessages$Message$DataManagerMessage$1.java,parsePartialFrom,->,67366ab5-4121-477e-a26c-d2501b464c4e,CommLayer/Messages/AvalancheMessages$Message$DataManagerMessage$1.java,parsePartialFrom
67366ab5-4121-477e-a26c-d2501b464c4e,CommLayer/Messages/AvalancheMessages$Message$DataManagerMessage$Builder.java,getDescriptor,->,67366ab5-4121-477e-a26c-d2501b464c4e,CommLayer/Messages/AvalancheMessages.java,access$8100
67366ab5-4121-477e-a26c-d2501b464c4e,CommLayer/Messages/AvalancheMessages$Message$DataManagerMessage$Builder.java,internalGetFieldAccessorTable,->,67366ab5-4121-477e-a26c-d2501b464c4e,CommLayer/Messages/AvalancheMessages.java,access$8200
67366ab5-4121-477e-a26c-d2501b464c4e,CommLayer/Messages/AvalancheMessages$Message$DataManagerMessage$Builder.java,internalGetFieldAccessorTable,->,67366ab5-4121-477e-a26c-d2501b464c4e,com/google/protobuf/GeneratedMessage$FieldAccessorTable.java,ensureFieldAccessorsInitialized
67366ab5-4121-477e-a26c-d2501b464c4e,CommLayer/Messages/AvalancheMessages$Message$DataManagerMessage$Builder.java,maybeForceBuilderInitialization,->,67366ab5-4121-477e-a26c-d2501b464c4e,CommLayer/Messages/AvalancheMessages$Message$DataManagerMessage.java,access$14600
67366ab5-4121-477e-a26c-d2501b464c4e,CommLayer/Messages/AvalancheMessages$Message$DataManagerMessage$Builder.java,maybeForceBuilderInitialization,->,67366ab5-4121-477e-a26c-d2501b464c4e,CommLayer/Messages/AvalancheMessages$Message$DataManagerMessage$Builder.java,getDataRegMessageFieldBuilder
67366ab5-4121-477e-a26c-d2501b464c4e,CommLayer/Messages/AvalancheMessages$Message$DataManagerMessage$Builder.java,maybeForceBuilderInitialization,->,67366ab5-4121-477e-a26c-d2501b464c4e,CommLayer/Messages/AvalancheMessages$Message$DataManagerMessage$Builder.java,getDataSourceRequestMessageFieldBuilder
67366ab5-4121-477e-a26c-d2501b464c4e,CommLayer/Messages/AvalancheMessages$Message$DataManagerMessage$Builder.java,maybeForceBuilderInitialization,->,67366ab5-4121-477e-a26c-d2501b464c4e,CommLayer/Messages/AvalancheMessages$Message$DataManagerMessage$Builder.java,getDataSourceResponseMessageFieldBuilder
67366ab5-4121-477e-a26c-d2501b464c4e,CommLayer/Messages/AvalancheMessages$Message$DataManagerMessage$Builder.java,maybeForceBuilderInitialization,->,67366ab5-4121-477e-a26c-d2501b464c4e,CommLayer/Messages/AvalancheMessages$Message$DataManagerMessage$Builder.java,getDataCopyRequestMessageFieldBuilder
67366ab5-4121-477e-a26c-d2501b464c4e,CommLayer/Messages/AvalancheMessages$Message$DataManagerMessage$Builder.java,maybeForceBuilderInitialization,->,67366ab5-4121-477e-a26c-d2501b464c4e,CommLayer/Messages/AvalancheMessages$Message$DataManagerMessage$Builder.java,getDataCopyResponseMessageFieldBuilder
67366ab5-4121-477e-a26c-d2501b464c4e,CommLayer/Messages/AvalancheMessages$Message$DataManagerMessage$Builder.java,clear,->,67366ab5-4121-477e-a26c-d2501b464c4e,com/google/protobuf/GeneratedMessage$Builder.java,clear
67366ab5-4121-477e-a26c-d2501b464c4e,CommLayer/Messages/AvalancheMessages$Message$DataManagerMessage$Builder.java,clear,->,67366ab5-4121-477e-a26c-d2501b464c4e,CommLayer/Messages/AvalancheMessages$Message$DataManagerMessage$DataRegMessage.java,getDefaultInstance
67366ab5-4121-477e-a26c-d2501b464c4e,CommLayer/Messages/AvalancheMessages$Message$DataManagerMessage$Builder.java,clear,->,67366ab5-4121-477e-a26c-d2501b464c4e,com/google/protobuf/SingleFieldBuilder.java,clear
67366ab5-4121-477e-a26c-d2501b464c4e,CommLayer/Messages/AvalancheMessages$Message$DataManagerMessage$Builder.java,clear,->,67366ab5-4121-477e-a26c-d2501b464c4e,CommLayer/Messages/AvalancheMessages$Message$DataManagerMessage$DataSourceRequestMessage.java,getDefaultInstance
67366ab5-4121-477e-a26c-d2501b464c4e,CommLayer/Messages/AvalancheMessages$Message$DataManagerMessage$Builder.java,clear,->,67366ab5-4121-477e-a26c-d2501b464c4e,com/google/protobuf/SingleFieldBuilder.java,clear
67366ab5-4121-477e-a26c-d2501b464c4e,CommLayer/Messages/AvalancheMessages$Message$DataManagerMessage$Builder.java,clear,->,67366ab5-4121-477e-a26c-d2501b464c4e,CommLayer/Messages/AvalancheMessages$Message$DataManagerMessage$DataSourceResponseMessage.java,getDefaultInstance
67366ab5-4121-477e-a26c-d2501b464c4e,CommLayer/Messages/AvalancheMessages$Message$DataManagerMessage$Builder.java,clear,->,67366ab5-4121-477e-a26c-d2501b464c4e,com/google/protobuf/SingleFieldBuilder.java,clear
67366ab5-4121-477e-a26c-d2501b464c4e,CommLayer/Messages/AvalancheMessages$Message$DataManagerMessage$Builder.java,clear,->,67366ab5-4121-477e-a26c-d2501b464c4e,CommLayer/Messages/AvalancheMessages$Message$DataManagerMessage$DataCopyRequestMessage.java,getDefaultInstance
67366ab5-4121-477e-a26c-d2501b464c4e,CommLayer/Messages/AvalancheMessages$Message$DataManagerMessage$Builder.java,clear,->,67366ab5-4121-477e-a26c-d2501b464c4e,com/google/protobuf/SingleFieldBuilder.java,clear
67366ab5-4121-477e-a26c-d2501b464c4e,CommLayer/Messages/AvalancheMessages$Message$DataManagerMessage$Builder.java,clear,->,67366ab5-4121-477e-a26c-d2501b464c4e,CommLayer/Messages/AvalancheMessages$Message$DataManagerMessage$DataCopyResponseMessage.java,getDefaultInstance
67366ab5-4121-477e-a26c-d2501b464c4e,CommLayer/Messages/AvalancheMessages$Message$DataManagerMessage$Builder.java,clear,->,67366ab5-4121-477e-a26c-d2501b464c4e,com/google/protobuf/SingleFieldBuilder.java,clear
67366ab5-4121-477e-a26c-d2501b464c4e,CommLayer/Messages/AvalancheMessages$Message$DataManagerMessage$Builder.java,clone,->,67366ab5-4121-477e-a26c-d2501b464c4e,CommLayer/Messages/AvalancheMessages$Message$DataManagerMessage$Builder.java,create
67366ab5-4121-477e-a26c-d2501b464c4e,CommLayer/Messages/AvalancheMessages$Message$DataManagerMessage$Builder.java,clone,->,67366ab5-4121-477e-a26c-d2501b464c4e,CommLayer/Messages/AvalancheMessages$Message$DataManagerMessage$Builder.java,buildPartial
67366ab5-4121-477e-a26c-d2501b464c4e,CommLayer/Messages/AvalancheMessages$Message$DataManagerMessage$Builder.java,clone,->,67366ab5-4121-477e-a26c-d2501b464c4e,CommLayer/Messages/AvalancheMessages$Message$DataManagerMessage$Builder.java,mergeFrom
67366ab5-4121-477e-a26c-d2501b464c4e,CommLayer/Messages/AvalancheMessages$Message$DataManagerMessage$Builder.java,getDescriptorForType,->,67366ab5-4121-477e-a26c-d2501b464c4e,CommLayer/Messages/AvalancheMessages.java,access$8100
67366ab5-4121-477e-a26c-d2501b464c4e,CommLayer/Messages/AvalancheMessages$Message$DataManagerMessage$Builder.java,getDefaultInstanceForType,->,67366ab5-4121-477e-a26c-d2501b464c4e,CommLayer/Messages/AvalancheMessages$Message$DataManagerMessage.java,getDefaultInstance
67366ab5-4121-477e-a26c-d2501b464c4e,CommLayer/Messages/AvalancheMessages$Message$DataManagerMessage$Builder.java,build,->,67366ab5-4121-477e-a26c-d2501b464c4e,CommLayer/Messages/AvalancheMessages$Message$DataManagerMessage$Builder.java,buildPartial
67366ab5-4121-477e-a26c-d2501b464c4e,CommLayer/Messages/AvalancheMessages$Message$DataManagerMessage$Builder.java,build,->,67366ab5-4121-477e-a26c-d2501b464c4e,CommLayer/Messages/AvalancheMessages$Message$DataManagerMessage.java,isInitialized
67366ab5-4121-477e-a26c-d2501b464c4e,CommLayer/Messages/AvalancheMessages$Message$DataManagerMessage$Builder.java,build,->,67366ab5-4121-477e-a26c-d2501b464c4e,CommLayer/Messages/AvalancheMessages$Message$DataManagerMessage$Builder.java,newUninitializedMessageException
67366ab5-4121-477e-a26c-d2501b464c4e,CommLayer/Messages/AvalancheMessages$Message$DataManagerMessage$Builder.java,buildPartial,->,67366ab5-4121-477e-a26c-d2501b464c4e,CommLayer/Messages/AvalancheMessages$Message$DataManagerMessage.java,access$14802
67366ab5-4121-477e-a26c-d2501b464c4e,CommLayer/Messages/AvalancheMessages$Message$DataManagerMessage$Builder.java,buildPartial,->,67366ab5-4121-477e-a26c-d2501b464c4e,CommLayer/Messages/AvalancheMessages$Message$DataManagerMessage.java,access$14902
67366ab5-4121-477e-a26c-d2501b464c4e,CommLayer/Messages/AvalancheMessages$Message$DataManagerMessage$Builder.java,buildPartial,->,67366ab5-4121-477e-a26c-d2501b464c4e,com/google/protobuf/SingleFieldBuilder.java,build
67366ab5-4121-477e-a26c-d2501b464c4e,CommLayer/Messages/AvalancheMessages$Message$DataManagerMessage$Builder.java,buildPartial,->,67366ab5-4121-477e-a26c-d2501b464c4e,CommLayer/Messages/AvalancheMessages$Message$DataManagerMessage.java,access$14902
67366ab5-4121-477e-a26c-d2501b464c4e,CommLayer/Messages/AvalancheMessages$Message$DataManagerMessage$Builder.java,buildPartial,->,67366ab5-4121-477e-a26c-d2501b464c4e,CommLayer/Messages/AvalancheMessages$Message$DataManagerMessage.java,access$15002
67366ab5-4121-477e-a26c-d2501b464c4e,CommLayer/Messages/AvalancheMessages$Message$DataManagerMessage$Builder.java,buildPartial,->,67366ab5-4121-477e-a26c-d2501b464c4e,com/google/protobuf/SingleFieldBuilder.java,build
67366ab5-4121-477e-a26c-d2501b464c4e,CommLayer/Messages/AvalancheMessages$Message$DataManagerMessage$Builder.java,buildPartial,->,67366ab5-4121-477e-a26c-d2501b464c4e,CommLayer/Messages/AvalancheMessages$Message$DataManagerMessage.java,access$15002
67366ab5-4121-477e-a26c-d2501b464c4e,CommLayer/Messages/AvalancheMessages$Message$DataManagerMessage$Builder.java,buildPartial,->,67366ab5-4121-477e-a26c-d2501b464c4e,CommLayer/Messages/AvalancheMessages$Message$DataManagerMessage.java,access$15102
67366ab5-4121-477e-a26c-d2501b464c4e,CommLayer/Messages/AvalancheMessages$Message$DataManagerMessage$Builder.java,buildPartial,->,67366ab5-4121-477e-a26c-d2501b464c4e,com/google/protobuf/SingleFieldBuilder.java,build
67366ab5-4121-477e-a26c-d2501b464c4e,CommLayer/Messages/AvalancheMessages$Message$DataManagerMessage$Builder.java,buildPartial,->,67366ab5-4121-477e-a26c-d2501b464c4e,CommLayer/Messages/AvalancheMessages$Message$DataManagerMessage.java,access$15102
67366ab5-4121-477e-a26c-d2501b464c4e,CommLayer/Messages/AvalancheMessages$Message$DataManagerMessage$Builder.java,buildPartial,->,67366ab5-4121-477e-a26c-d2501b464c4e,CommLayer/Messages/AvalancheMessages$Message$DataManagerMessage.java,access$15202
67366ab5-4121-477e-a26c-d2501b464c4e,CommLayer/Messages/AvalancheMessages$Message$DataManagerMessage$Builder.java,buildPartial,->,67366ab5-4121-477e-a26c-d2501b464c4e,com/google/protobuf/SingleFieldBuilder.java,build
67366ab5-4121-477e-a26c-d2501b464c4e,CommLayer/Messages/AvalancheMessages$Message$DataManagerMessage$Builder.java,buildPartial,->,67366ab5-4121-477e-a26c-d2501b464c4e,CommLayer/Messages/AvalancheMessages$Message$DataManagerMessage.java,access$15202
67366ab5-4121-477e-a26c-d2501b464c4e,CommLayer/Messages/AvalancheMessages$Message$DataManagerMessage$Builder.java,buildPartial,->,67366ab5-4121-477e-a26c-d2501b464c4e,CommLayer/Messages/AvalancheMessages$Message$DataManagerMessage.java,access$15302
67366ab5-4121-477e-a26c-d2501b464c4e,CommLayer/Messages/AvalancheMessages$Message$DataManagerMessage$Builder.java,buildPartial,->,67366ab5-4121-477e-a26c-d2501b464c4e,com/google/protobuf/SingleFieldBuilder.java,build
67366ab5-4121-477e-a26c-d2501b464c4e,CommLayer/Messages/AvalancheMessages$Message$DataManagerMessage$Builder.java,buildPartial,->,67366ab5-4121-477e-a26c-d2501b464c4e,CommLayer/Messages/AvalancheMessages$Message$DataManagerMessage.java,access$15302
67366ab5-4121-477e-a26c-d2501b464c4e,CommLayer/Messages/AvalancheMessages$Message$DataManagerMessage$Builder.java,buildPartial,->,67366ab5-4121-477e-a26c-d2501b464c4e,CommLayer/Messages/AvalancheMessages$Message$DataManagerMessage.java,access$15402
67366ab5-4121-477e-a26c-d2501b464c4e,CommLayer/Messages/AvalancheMessages$Message$DataManagerMessage$Builder.java,buildPartial,->,67366ab5-4121-477e-a26c-d2501b464c4e,CommLayer/Messages/AvalancheMessages$Message$DataManagerMessage$Builder.java,onBuilt
67366ab5-4121-477e-a26c-d2501b464c4e,CommLayer/Messages/AvalancheMessages$Message$DataManagerMessage$Builder.java,mergeFrom,->,67366ab5-4121-477e-a26c-d2501b464c4e,CommLayer/Messages/AvalancheMessages$Message$DataManagerMessage$Builder.java,mergeFrom
67366ab5-4121-477e-a26c-d2501b464c4e,CommLayer/Messages/AvalancheMessages$Message$DataManagerMessage$Builder.java,mergeFrom,->,67366ab5-4121-477e-a26c-d2501b464c4e,com/google/protobuf/GeneratedMessage$Builder.java,mergeFrom
67366ab5-4121-477e-a26c-d2501b464c4e,CommLayer/Messages/AvalancheMessages$Message$DataManagerMessage$Builder.java,mergeFrom,->,67366ab5-4121-477e-a26c-d2501b464c4e,CommLayer/Messages/AvalancheMessages$Message$DataManagerMessage.java,getDefaultInstance
67366ab5-4121-477e-a26c-d2501b464c4e,CommLayer/Messages/AvalancheMessages$Message$DataManagerMessage$Builder.java,mergeFrom,->,67366ab5-4121-477e-a26c-d2501b464c4e,CommLayer/Messages/AvalancheMessages$Message$DataManagerMessage.java,hasType
67366ab5-4121-477e-a26c-d2501b464c4e,CommLayer/Messages/AvalancheMessages$Message$DataManagerMessage$Builder.java,mergeFrom,->,67366ab5-4121-477e-a26c-d2501b464c4e,CommLayer/Messages/AvalancheMessages$Message$DataManagerMessage.java,getType
67366ab5-4121-477e-a26c-d2501b464c4e,CommLayer/Messages/AvalancheMessages$Message$DataManagerMessage$Builder.java,mergeFrom,->,67366ab5-4121-477e-a26c-d2501b464c4e,CommLayer/Messages/AvalancheMessages$Message$DataManagerMessage$Builder.java,setType
67366ab5-4121-477e-a26c-d2501b464c4e,CommLayer/Messages/AvalancheMessages$Message$DataManagerMessage$Builder.java,mergeFrom,->,67366ab5-4121-477e-a26c-d2501b464c4e,CommLayer/Messages/AvalancheMessages$Message$DataManagerMessage.java,hasDataRegMessage
67366ab5-4121-477e-a26c-d2501b464c4e,CommLayer/Messages/AvalancheMessages$Message$DataManagerMessage$Builder.java,mergeFrom,->,67366ab5-4121-477e-a26c-d2501b464c4e,CommLayer/Messages/AvalancheMessages$Message$DataManagerMessage.java,getDataRegMessage
67366ab5-4121-477e-a26c-d2501b464c4e,CommLayer/Messages/AvalancheMessages$Message$DataManagerMessage$Builder.java,mergeFrom,->,67366ab5-4121-477e-a26c-d2501b464c4e,CommLayer/Messages/AvalancheMessages$Message$DataManagerMessage$Builder.java,mergeDataRegMessage
67366ab5-4121-477e-a26c-d2501b464c4e,CommLayer/Messages/AvalancheMessages$Message$DataManagerMessage$Builder.java,mergeFrom,->,67366ab5-4121-477e-a26c-d2501b464c4e,CommLayer/Messages/AvalancheMessages$Message$DataManagerMessage.java,hasDataSourceRequestMessage
67366ab5-4121-477e-a26c-d2501b464c4e,CommLayer/Messages/AvalancheMessages$Message$DataManagerMessage$Builder.java,mergeFrom,->,67366ab5-4121-477e-a26c-d2501b464c4e,CommLayer/Messages/AvalancheMessages$Message$DataManagerMessage.java,getDataSourceRequestMessage
67366ab5-4121-477e-a26c-d2501b464c4e,CommLayer/Messages/AvalancheMessages$Message$DataManagerMessage$Builder.java,mergeFrom,->,67366ab5-4121-477e-a26c-d2501b464c4e,CommLayer/Messages/AvalancheMessages$Message$DataManagerMessage$Builder.java,mergeDataSourceRequestMessage
67366ab5-4121-477e-a26c-d2501b464c4e,CommLayer/Messages/AvalancheMessages$Message$DataManagerMessage$Builder.java,mergeFrom,->,67366ab5-4121-477e-a26c-d2501b464c4e,CommLayer/Messages/AvalancheMessages$Message$DataManagerMessage.java,hasDataSourceResponseMessage
67366ab5-4121-477e-a26c-d2501b464c4e,CommLayer/Messages/AvalancheMessages$Message$DataManagerMessage$Builder.java,mergeFrom,->,67366ab5-4121-477e-a26c-d2501b464c4e,CommLayer/Messages/AvalancheMessages$Message$DataManagerMessage.java,getDataSourceResponseMessage
67366ab5-4121-477e-a26c-d2501b464c4e,CommLayer/Messages/AvalancheMessages$Message$DataManagerMessage$Builder.java,mergeFrom,->,67366ab5-4121-477e-a26c-d2501b464c4e,CommLayer/Messages/AvalancheMessages$Message$DataManagerMessage$Builder.java,mergeDataSourceResponseMessage
67366ab5-4121-477e-a26c-d2501b464c4e,CommLayer/Messages/AvalancheMessages$Message$DataManagerMessage$Builder.java,mergeFrom,->,67366ab5-4121-477e-a26c-d2501b464c4e,CommLayer/Messages/AvalancheMessages$Message$DataManagerMessage.java,hasDataCopyRequestMessage
67366ab5-4121-477e-a26c-d2501b464c4e,CommLayer/Messages/AvalancheMessages$Message$DataManagerMessage$Builder.java,mergeFrom,->,67366ab5-4121-477e-a26c-d2501b464c4e,CommLayer/Messages/AvalancheMessages$Message$DataManagerMessage.java,getDataCopyRequestMessage
67366ab5-4121-477e-a26c-d2501b464c4e,CommLayer/Messages/AvalancheMessages$Message$DataManagerMessage$Builder.java,mergeFrom,->,67366ab5-4121-477e-a26c-d2501b464c4e,CommLayer/Messages/AvalancheMessages$Message$DataManagerMessage$Builder.java,mergeDataCopyRequestMessage
67366ab5-4121-477e-a26c-d2501b464c4e,CommLayer/Messages/AvalancheMessages$Message$DataManagerMessage$Builder.java,mergeFrom,->,67366ab5-4121-477e-a26c-d2501b464c4e,CommLayer/Messages/AvalancheMessages$Message$DataManagerMessage.java,hasDataCopyResponseMessage
67366ab5-4121-477e-a26c-d2501b464c4e,CommLayer/Messages/AvalancheMessages$Message$DataManagerMessage$Builder.java,mergeFrom,->,67366ab5-4121-477e-a26c-d2501b464c4e,CommLayer/Messages/AvalancheMessages$Message$DataManagerMessage.java,getDataCopyResponseMessage
67366ab5-4121-477e-a26c-d2501b464c4e,CommLayer/Messages/AvalancheMessages$Message$DataManagerMessage$Builder.java,mergeFrom,->,67366ab5-4121-477e-a26c-d2501b464c4e,CommLayer/Messages/AvalancheMessages$Message$DataManagerMessage$Builder.java,mergeDataCopyResponseMessage
67366ab5-4121-477e-a26c-d2501b464c4e,CommLayer/Messages/AvalancheMessages$Message$DataManagerMessage$Builder.java,mergeFrom,->,67366ab5-4121-477e-a26c-d2501b464c4e,CommLayer/Messages/AvalancheMessages$Message$DataManagerMessage.java,getUnknownFields
67366ab5-4121-477e-a26c-d2501b464c4e,CommLayer/Messages/AvalancheMessages$Message$DataManagerMessage$Builder.java,mergeFrom,->,67366ab5-4121-477e-a26c-d2501b464c4e,CommLayer/Messages/AvalancheMessages$Message$DataManagerMessage$Builder.java,mergeUnknownFields
67366ab5-4121-477e-a26c-d2501b464c4e,CommLayer/Messages/AvalancheMessages$Message$DataManagerMessage$Builder.java,mergeFrom,->,67366ab5-4121-477e-a26c-d2501b464c4e,com/google/protobuf/Parser.java,parsePartialFrom
67366ab5-4121-477e-a26c-d2501b464c4e,CommLayer/Messages/AvalancheMessages$Message$DataManagerMessage$Builder.java,mergeFrom,->,67366ab5-4121-477e-a26c-d2501b464c4e,CommLayer/Messages/AvalancheMessages$Message$DataManagerMessage$Builder.java,mergeFrom
67366ab5-4121-477e-a26c-d2501b464c4e,CommLayer/Messages/AvalancheMessages$Message$DataManagerMessage$Builder.java,mergeFrom,->,67366ab5-4121-477e-a26c-d2501b464c4e,com/google/protobuf/InvalidProtocolBufferException.java,getUnfinishedMessage
67366ab5-4121-477e-a26c-d2501b464c4e,CommLayer/Messages/AvalancheMessages$Message$DataManagerMessage$Builder.java,mergeFrom,->,67366ab5-4121-477e-a26c-d2501b464c4e,CommLayer/Messages/AvalancheMessages$Message$DataManagerMessage$Builder.java,mergeFrom
67366ab5-4121-477e-a26c-d2501b464c4e,CommLayer/Messages/AvalancheMessages$Message$DataManagerMessage$Builder.java,setType,->,67366ab5-4121-477e-a26c-d2501b464c4e,CommLayer/Messages/AvalancheMessages$Message$DataManagerMessage$Builder.java,onChanged
67366ab5-4121-477e-a26c-d2501b464c4e,CommLayer/Messages/AvalancheMessages$Message$DataManagerMessage$Builder.java,clearType,->,67366ab5-4121-477e-a26c-d2501b464c4e,CommLayer/Messages/AvalancheMessages$Message$DataManagerMessage$Builder.java,onChanged
67366ab5-4121-477e-a26c-d2501b464c4e,CommLayer/Messages/AvalancheMessages$Message$DataManagerMessage$Builder.java,getDataRegMessage,->,67366ab5-4121-477e-a26c-d2501b464c4e,com/google/protobuf/SingleFieldBuilder.java,getMessage
67366ab5-4121-477e-a26c-d2501b464c4e,CommLayer/Messages/AvalancheMessages$Message$DataManagerMessage$Builder.java,setDataRegMessage,->,67366ab5-4121-477e-a26c-d2501b464c4e,CommLayer/Messages/AvalancheMessages$Message$DataManagerMessage$Builder.java,onChanged
67366ab5-4121-477e-a26c-d2501b464c4e,CommLayer/Messages/AvalancheMessages$Message$DataManagerMessage$Builder.java,setDataRegMessage,->,67366ab5-4121-477e-a26c-d2501b464c4e,com/google/protobuf/SingleFieldBuilder.java,setMessage
67366ab5-4121-477e-a26c-d2501b464c4e,CommLayer/Messages/AvalancheMessages$Message$DataManagerMessage$Builder.java,setDataRegMessage,->,67366ab5-4121-477e-a26c-d2501b464c4e,CommLayer/Messages/AvalancheMessages$Message$DataManagerMessage$DataRegMessage$Builder.java,build
67366ab5-4121-477e-a26c-d2501b464c4e,CommLayer/Messages/AvalancheMessages$Message$DataManagerMessage$Builder.java,setDataRegMessage,->,67366ab5-4121-477e-a26c-d2501b464c4e,CommLayer/Messages/AvalancheMessages$Message$DataManagerMessage$Builder.java,onChanged
67366ab5-4121-477e-a26c-d2501b464c4e,CommLayer/Messages/AvalancheMessages$Message$DataManagerMessage$Builder.java,setDataRegMessage,->,67366ab5-4121-477e-a26c-d2501b464c4e,CommLayer/Messages/AvalancheMessages$Message$DataManagerMessage$DataRegMessage$Builder.java,build
67366ab5-4121-477e-a26c-d2501b464c4e,CommLayer/Messages/AvalancheMessages$Message$DataManagerMessage$Builder.java,setDataRegMessage,->,67366ab5-4121-477e-a26c-d2501b464c4e,com/google/protobuf/SingleFieldBuilder.java,setMessage
67366ab5-4121-477e-a26c-d2501b464c4e,CommLayer/Messages/AvalancheMessages$Message$DataManagerMessage$Builder.java,mergeDataRegMessage,->,67366ab5-4121-477e-a26c-d2501b464c4e,CommLayer/Messages/AvalancheMessages$Message$DataManagerMessage$DataRegMessage.java,getDefaultInstance
67366ab5-4121-477e-a26c-d2501b464c4e,CommLayer/Messages/AvalancheMessages$Message$DataManagerMessage$Builder.java,mergeDataRegMessage,->,67366ab5-4121-477e-a26c-d2501b464c4e,CommLayer/Messages/AvalancheMessages$Message$DataManagerMessage$DataRegMessage.java,newBuilder
67366ab5-4121-477e-a26c-d2501b464c4e,CommLayer/Messages/AvalancheMessages$Message$DataManagerMessage$Builder.java,mergeDataRegMessage,->,67366ab5-4121-477e-a26c-d2501b464c4e,CommLayer/Messages/AvalancheMessages$Message$DataManagerMessage$DataRegMessage$Builder.java,mergeFrom
67366ab5-4121-477e-a26c-d2501b464c4e,CommLayer/Messages/AvalancheMessages$Message$DataManagerMessage$Builder.java,mergeDataRegMessage,->,67366ab5-4121-477e-a26c-d2501b464c4e,CommLayer/Messages/AvalancheMessages$Message$DataManagerMessage$DataRegMessage$Builder.java,buildPartial
67366ab5-4121-477e-a26c-d2501b464c4e,CommLayer/Messages/AvalancheMessages$Message$DataManagerMessage$Builder.java,mergeDataRegMessage,->,67366ab5-4121-477e-a26c-d2501b464c4e,CommLayer/Messages/AvalancheMessages$Message$DataManagerMessage$Builder.java,onChanged
67366ab5-4121-477e-a26c-d2501b464c4e,CommLayer/Messages/AvalancheMessages$Message$DataManagerMessage$Builder.java,mergeDataRegMessage,->,67366ab5-4121-477e-a26c-d2501b464c4e,com/google/protobuf/SingleFieldBuilder.java,mergeFrom
67366ab5-4121-477e-a26c-d2501b464c4e,CommLayer/Messages/AvalancheMessages$Message$DataManagerMessage$Builder.java,clearDataRegMessage,->,67366ab5-4121-477e-a26c-d2501b464c4e,CommLayer/Messages/AvalancheMessages$Message$DataManagerMessage$DataRegMessage.java,getDefaultInstance
67366ab5-4121-477e-a26c-d2501b464c4e,CommLayer/Messages/AvalancheMessages$Message$DataManagerMessage$Builder.java,clearDataRegMessage,->,67366ab5-4121-477e-a26c-d2501b464c4e,CommLayer/Messages/AvalancheMessages$Message$DataManagerMessage$Builder.java,onChanged
67366ab5-4121-477e-a26c-d2501b464c4e,CommLayer/Messages/AvalancheMessages$Message$DataManagerMessage$Builder.java,clearDataRegMessage,->,67366ab5-4121-477e-a26c-d2501b464c4e,com/google/protobuf/SingleFieldBuilder.java,clear
67366ab5-4121-477e-a26c-d2501b464c4e,CommLayer/Messages/AvalancheMessages$Message$DataManagerMessage$Builder.java,getDataRegMessageBuilder,->,67366ab5-4121-477e-a26c-d2501b464c4e,CommLayer/Messages/AvalancheMessages$Message$DataManagerMessage$Builder.java,onChanged
67366ab5-4121-477e-a26c-d2501b464c4e,CommLayer/Messages/AvalancheMessages$Message$DataManagerMessage$Builder.java,getDataRegMessageBuilder,->,67366ab5-4121-477e-a26c-d2501b464c4e,CommLayer/Messages/AvalancheMessages$Message$DataManagerMessage$Builder.java,getDataRegMessageFieldBuilder
67366ab5-4121-477e-a26c-d2501b464c4e,CommLayer/Messages/AvalancheMessages$Message$DataManagerMessage$Builder.java,getDataRegMessageBuilder,->,67366ab5-4121-477e-a26c-d2501b464c4e,com/google/protobuf/SingleFieldBuilder.java,getBuilder
67366ab5-4121-477e-a26c-d2501b464c4e,CommLayer/Messages/AvalancheMessages$Message$DataManagerMessage$Builder.java,getDataRegMessageOrBuilder,->,67366ab5-4121-477e-a26c-d2501b464c4e,com/google/protobuf/SingleFieldBuilder.java,getMessageOrBuilder
67366ab5-4121-477e-a26c-d2501b464c4e,CommLayer/Messages/AvalancheMessages$Message$DataManagerMessage$Builder.java,getDataRegMessageFieldBuilder,->,67366ab5-4121-477e-a26c-d2501b464c4e,CommLayer/Messages/AvalancheMessages$Message$DataManagerMessage$Builder.java,getParentForChildren
67366ab5-4121-477e-a26c-d2501b464c4e,CommLayer/Messages/AvalancheMessages$Message$DataManagerMessage$Builder.java,getDataRegMessageFieldBuilder,->,67366ab5-4121-477e-a26c-d2501b464c4e,CommLayer/Messages/AvalancheMessages$Message$DataManagerMessage$Builder.java,isClean
67366ab5-4121-477e-a26c-d2501b464c4e,CommLayer/Messages/AvalancheMessages$Message$DataManagerMessage$Builder.java,getDataSourceRequestMessage,->,67366ab5-4121-477e-a26c-d2501b464c4e,com/google/protobuf/SingleFieldBuilder.java,getMessage
67366ab5-4121-477e-a26c-d2501b464c4e,CommLayer/Messages/AvalancheMessages$Message$DataManagerMessage$Builder.java,setDataSourceRequestMessage,->,67366ab5-4121-477e-a26c-d2501b464c4e,CommLayer/Messages/AvalancheMessages$Message$DataManagerMessage$Builder.java,onChanged
67366ab5-4121-477e-a26c-d2501b464c4e,CommLayer/Messages/AvalancheMessages$Message$DataManagerMessage$Builder.java,setDataSourceRequestMessage,->,67366ab5-4121-477e-a26c-d2501b464c4e,com/google/protobuf/SingleFieldBuilder.java,setMessage
67366ab5-4121-477e-a26c-d2501b464c4e,CommLayer/Messages/AvalancheMessages$Message$DataManagerMessage$Builder.java,setDataSourceRequestMessage,->,67366ab5-4121-477e-a26c-d2501b464c4e,CommLayer/Messages/AvalancheMessages$Message$DataManagerMessage$DataSourceRequestMessage$Builder.java,build
67366ab5-4121-477e-a26c-d2501b464c4e,CommLayer/Messages/AvalancheMessages$Message$DataManagerMessage$Builder.java,setDataSourceRequestMessage,->,67366ab5-4121-477e-a26c-d2501b464c4e,CommLayer/Messages/AvalancheMessages$Message$DataManagerMessage$Builder.java,onChanged
67366ab5-4121-477e-a26c-d2501b464c4e,CommLayer/Messages/AvalancheMessages$Message$DataManagerMessage$Builder.java,setDataSourceRequestMessage,->,67366ab5-4121-477e-a26c-d2501b464c4e,CommLayer/Messages/AvalancheMessages$Message$DataManagerMessage$DataSourceRequestMessage$Builder.java,build
67366ab5-4121-477e-a26c-d2501b464c4e,CommLayer/Messages/AvalancheMessages$Message$DataManagerMessage$Builder.java,setDataSourceRequestMessage,->,67366ab5-4121-477e-a26c-d2501b464c4e,com/google/protobuf/SingleFieldBuilder.java,setMessage
67366ab5-4121-477e-a26c-d2501b464c4e,CommLayer/Messages/AvalancheMessages$Message$DataManagerMessage$Builder.java,mergeDataSourceRequestMessage,->,67366ab5-4121-477e-a26c-d2501b464c4e,CommLayer/Messages/AvalancheMessages$Message$DataManagerMessage$DataSourceRequestMessage.java,getDefaultInstance
67366ab5-4121-477e-a26c-d2501b464c4e,CommLayer/Messages/AvalancheMessages$Message$DataManagerMessage$Builder.java,mergeDataSourceRequestMessage,->,67366ab5-4121-477e-a26c-d2501b464c4e,CommLayer/Messages/AvalancheMessages$Message$DataManagerMessage$DataSourceRequestMessage.java,newBuilder
67366ab5-4121-477e-a26c-d2501b464c4e,CommLayer/Messages/AvalancheMessages$Message$DataManagerMessage$Builder.java,mergeDataSourceRequestMessage,->,67366ab5-4121-477e-a26c-d2501b464c4e,CommLayer/Messages/AvalancheMessages$Message$DataManagerMessage$DataSourceRequestMessage$Builder.java,mergeFrom
67366ab5-4121-477e-a26c-d2501b464c4e,CommLayer/Messages/AvalancheMessages$Message$DataManagerMessage$Builder.java,mergeDataSourceRequestMessage,->,67366ab5-4121-477e-a26c-d2501b464c4e,CommLayer/Messages/AvalancheMessages$Message$DataManagerMessage$DataSourceRequestMessage$Builder.java,buildPartial
67366ab5-4121-477e-a26c-d2501b464c4e,CommLayer/Messages/AvalancheMessages$Message$DataManagerMessage$Builder.java,mergeDataSourceRequestMessage,->,67366ab5-4121-477e-a26c-d2501b464c4e,CommLayer/Messages/AvalancheMessages$Message$DataManagerMessage$Builder.java,onChanged
67366ab5-4121-477e-a26c-d2501b464c4e,CommLayer/Messages/AvalancheMessages$Message$DataManagerMessage$Builder.java,mergeDataSourceRequestMessage,->,67366ab5-4121-477e-a26c-d2501b464c4e,com/google/protobuf/SingleFieldBuilder.java,mergeFrom
67366ab5-4121-477e-a26c-d2501b464c4e,CommLayer/Messages/AvalancheMessages$Message$DataManagerMessage$Builder.java,clearDataSourceRequestMessage,->,67366ab5-4121-477e-a26c-d2501b464c4e,CommLayer/Messages/AvalancheMessages$Message$DataManagerMessage$DataSourceRequestMessage.java,getDefaultInstance
67366ab5-4121-477e-a26c-d2501b464c4e,CommLayer/Messages/AvalancheMessages$Message$DataManagerMessage$Builder.java,clearDataSourceRequestMessage,->,67366ab5-4121-477e-a26c-d2501b464c4e,CommLayer/Messages/AvalancheMessages$Message$DataManagerMessage$Builder.java,onChanged
67366ab5-4121-477e-a26c-d2501b464c4e,CommLayer/Messages/AvalancheMessages$Message$DataManagerMessage$Builder.java,clearDataSourceRequestMessage,->,67366ab5-4121-477e-a26c-d2501b464c4e,com/google/protobuf/SingleFieldBuilder.java,clear
67366ab5-4121-477e-a26c-d2501b464c4e,CommLayer/Messages/AvalancheMessages$Message$DataManagerMessage$Builder.java,getDataSourceRequestMessageBuilder,->,67366ab5-4121-477e-a26c-d2501b464c4e,CommLayer/Messages/AvalancheMessages$Message$DataManagerMessage$Builder.java,onChanged
67366ab5-4121-477e-a26c-d2501b464c4e,CommLayer/Messages/AvalancheMessages$Message$DataManagerMessage$Builder.java,getDataSourceRequestMessageBuilder,->,67366ab5-4121-477e-a26c-d2501b464c4e,CommLayer/Messages/AvalancheMessages$Message$DataManagerMessage$Builder.java,getDataSourceRequestMessageFieldBuilder
67366ab5-4121-477e-a26c-d2501b464c4e,CommLayer/Messages/AvalancheMessages$Message$DataManagerMessage$Builder.java,getDataSourceRequestMessageBuilder,->,67366ab5-4121-477e-a26c-d2501b464c4e,com/google/protobuf/SingleFieldBuilder.java,getBuilder
67366ab5-4121-477e-a26c-d2501b464c4e,CommLayer/Messages/AvalancheMessages$Message$DataManagerMessage$Builder.java,getDataSourceRequestMessageOrBuilder,->,67366ab5-4121-477e-a26c-d2501b464c4e,com/google/protobuf/SingleFieldBuilder.java,getMessageOrBuilder
67366ab5-4121-477e-a26c-d2501b464c4e,CommLayer/Messages/AvalancheMessages$Message$DataManagerMessage$Builder.java,getDataSourceRequestMessageFieldBuilder,->,67366ab5-4121-477e-a26c-d2501b464c4e,CommLayer/Messages/AvalancheMessages$Message$DataManagerMessage$Builder.java,getParentForChildren
67366ab5-4121-477e-a26c-d2501b464c4e,CommLayer/Messages/AvalancheMessages$Message$DataManagerMessage$Builder.java,getDataSourceRequestMessageFieldBuilder,->,67366ab5-4121-477e-a26c-d2501b464c4e,CommLayer/Messages/AvalancheMessages$Message$DataManagerMessage$Builder.java,isClean
67366ab5-4121-477e-a26c-d2501b464c4e,CommLayer/Messages/AvalancheMessages$Message$DataManagerMessage$Builder.java,getDataSourceResponseMessage,->,67366ab5-4121-477e-a26c-d2501b464c4e,com/google/protobuf/SingleFieldBuilder.java,getMessage
67366ab5-4121-477e-a26c-d2501b464c4e,CommLayer/Messages/AvalancheMessages$Message$DataManagerMessage$Builder.java,setDataSourceResponseMessage,->,67366ab5-4121-477e-a26c-d2501b464c4e,CommLayer/Messages/AvalancheMessages$Message$DataManagerMessage$Builder.java,onChanged
67366ab5-4121-477e-a26c-d2501b464c4e,CommLayer/Messages/AvalancheMessages$Message$DataManagerMessage$Builder.java,setDataSourceResponseMessage,->,67366ab5-4121-477e-a26c-d2501b464c4e,com/google/protobuf/SingleFieldBuilder.java,setMessage
67366ab5-4121-477e-a26c-d2501b464c4e,CommLayer/Messages/AvalancheMessages$Message$DataManagerMessage$Builder.java,setDataSourceResponseMessage,->,67366ab5-4121-477e-a26c-d2501b464c4e,CommLayer/Messages/AvalancheMessages$Message$DataManagerMessage$DataSourceResponseMessage$Builder.java,build
67366ab5-4121-477e-a26c-d2501b464c4e,CommLayer/Messages/AvalancheMessages$Message$DataManagerMessage$Builder.java,setDataSourceResponseMessage,->,67366ab5-4121-477e-a26c-d2501b464c4e,CommLayer/Messages/AvalancheMessages$Message$DataManagerMessage$Builder.java,onChanged
67366ab5-4121-477e-a26c-d2501b464c4e,CommLayer/Messages/AvalancheMessages$Message$DataManagerMessage$Builder.java,setDataSourceResponseMessage,->,67366ab5-4121-477e-a26c-d2501b464c4e,CommLayer/Messages/AvalancheMessages$Message$DataManagerMessage$DataSourceResponseMessage$Builder.java,build
67366ab5-4121-477e-a26c-d2501b464c4e,CommLayer/Messages/AvalancheMessages$Message$DataManagerMessage$Builder.java,setDataSourceResponseMessage,->,67366ab5-4121-477e-a26c-d2501b464c4e,com/google/protobuf/SingleFieldBuilder.java,setMessage
67366ab5-4121-477e-a26c-d2501b464c4e,CommLayer/Messages/AvalancheMessages$Message$DataManagerMessage$Builder.java,mergeDataSourceResponseMessage,->,67366ab5-4121-477e-a26c-d2501b464c4e,CommLayer/Messages/AvalancheMessages$Message$DataManagerMessage$DataSourceResponseMessage.java,getDefaultInstance
67366ab5-4121-477e-a26c-d2501b464c4e,CommLayer/Messages/AvalancheMessages$Message$DataManagerMessage$Builder.java,mergeDataSourceResponseMessage,->,67366ab5-4121-477e-a26c-d2501b464c4e,CommLayer/Messages/AvalancheMessages$Message$DataManagerMessage$DataSourceResponseMessage.java,newBuilder
67366ab5-4121-477e-a26c-d2501b464c4e,CommLayer/Messages/AvalancheMessages$Message$DataManagerMessage$Builder.java,mergeDataSourceResponseMessage,->,67366ab5-4121-477e-a26c-d2501b464c4e,CommLayer/Messages/AvalancheMessages$Message$DataManagerMessage$DataSourceResponseMessage$Builder.java,mergeFrom
67366ab5-4121-477e-a26c-d2501b464c4e,CommLayer/Messages/AvalancheMessages$Message$DataManagerMessage$Builder.java,mergeDataSourceResponseMessage,->,67366ab5-4121-477e-a26c-d2501b464c4e,CommLayer/Messages/AvalancheMessages$Message$DataManagerMessage$DataSourceResponseMessage$Builder.java,buildPartial
67366ab5-4121-477e-a26c-d2501b464c4e,CommLayer/Messages/AvalancheMessages$Message$DataManagerMessage$Builder.java,mergeDataSourceResponseMessage,->,67366ab5-4121-477e-a26c-d2501b464c4e,CommLayer/Messages/AvalancheMessages$Message$DataManagerMessage$Builder.java,onChanged
67366ab5-4121-477e-a26c-d2501b464c4e,CommLayer/Messages/AvalancheMessages$Message$DataManagerMessage$Builder.java,mergeDataSourceResponseMessage,->,67366ab5-4121-477e-a26c-d2501b464c4e,com/google/protobuf/SingleFieldBuilder.java,mergeFrom
67366ab5-4121-477e-a26c-d2501b464c4e,CommLayer/Messages/AvalancheMessages$Message$DataManagerMessage$Builder.java,clearDataSourceResponseMessage,->,67366ab5-4121-477e-a26c-d2501b464c4e,CommLayer/Messages/AvalancheMessages$Message$DataManagerMessage$DataSourceResponseMessage.java,getDefaultInstance
67366ab5-4121-477e-a26c-d2501b464c4e,CommLayer/Messages/AvalancheMessages$Message$DataManagerMessage$Builder.java,clearDataSourceResponseMessage,->,67366ab5-4121-477e-a26c-d2501b464c4e,CommLayer/Messages/AvalancheMessages$Message$DataManagerMessage$Builder.java,onChanged
67366ab5-4121-477e-a26c-d2501b464c4e,CommLayer/Messages/AvalancheMessages$Message$DataManagerMessage$Builder.java,clearDataSourceResponseMessage,->,67366ab5-4121-477e-a26c-d2501b464c4e,com/google/protobuf/SingleFieldBuilder.java,clear
67366ab5-4121-477e-a26c-d2501b464c4e,CommLayer/Messages/AvalancheMessages$Message$DataManagerMessage$Builder.java,getDataSourceResponseMessageBuilder,->,67366ab5-4121-477e-a26c-d2501b464c4e,CommLayer/Messages/AvalancheMessages$Message$DataManagerMessage$Builder.java,onChanged
67366ab5-4121-477e-a26c-d2501b464c4e,CommLayer/Messages/AvalancheMessages$Message$DataManagerMessage$Builder.java,getDataSourceResponseMessageBuilder,->,67366ab5-4121-477e-a26c-d2501b464c4e,CommLayer/Messages/AvalancheMessages$Message$DataManagerMessage$Builder.java,getDataSourceResponseMessageFieldBuilder
67366ab5-4121-477e-a26c-d2501b464c4e,CommLayer/Messages/AvalancheMessages$Message$DataManagerMessage$Builder.java,getDataSourceResponseMessageBuilder,->,67366ab5-4121-477e-a26c-d2501b464c4e,com/google/protobuf/SingleFieldBuilder.java,getBuilder
67366ab5-4121-477e-a26c-d2501b464c4e,CommLayer/Messages/AvalancheMessages$Message$DataManagerMessage$Builder.java,getDataSourceResponseMessageOrBuilder,->,67366ab5-4121-477e-a26c-d2501b464c4e,com/google/protobuf/SingleFieldBuilder.java,getMessageOrBuilder
67366ab5-4121-477e-a26c-d2501b464c4e,CommLayer/Messages/AvalancheMessages$Message$DataManagerMessage$Builder.java,getDataSourceResponseMessageFieldBuilder,->,67366ab5-4121-477e-a26c-d2501b464c4e,CommLayer/Messages/AvalancheMessages$Message$DataManagerMessage$Builder.java,getParentForChildren
67366ab5-4121-477e-a26c-d2501b464c4e,CommLayer/Messages/AvalancheMessages$Message$DataManagerMessage$Builder.java,getDataSourceResponseMessageFieldBuilder,->,67366ab5-4121-477e-a26c-d2501b464c4e,CommLayer/Messages/AvalancheMessages$Message$DataManagerMessage$Builder.java,isClean
67366ab5-4121-477e-a26c-d2501b464c4e,CommLayer/Messages/AvalancheMessages$Message$DataManagerMessage$Builder.java,getDataCopyRequestMessage,->,67366ab5-4121-477e-a26c-d2501b464c4e,com/google/protobuf/SingleFieldBuilder.java,getMessage
67366ab5-4121-477e-a26c-d2501b464c4e,CommLayer/Messages/AvalancheMessages$Message$DataManagerMessage$Builder.java,setDataCopyRequestMessage,->,67366ab5-4121-477e-a26c-d2501b464c4e,CommLayer/Messages/AvalancheMessages$Message$DataManagerMessage$Builder.java,onChanged
67366ab5-4121-477e-a26c-d2501b464c4e,CommLayer/Messages/AvalancheMessages$Message$DataManagerMessage$Builder.java,setDataCopyRequestMessage,->,67366ab5-4121-477e-a26c-d2501b464c4e,com/google/protobuf/SingleFieldBuilder.java,setMessage
67366ab5-4121-477e-a26c-d2501b464c4e,CommLayer/Messages/AvalancheMessages$Message$DataManagerMessage$Builder.java,setDataCopyRequestMessage,->,67366ab5-4121-477e-a26c-d2501b464c4e,CommLayer/Messages/AvalancheMessages$Message$DataManagerMessage$DataCopyRequestMessage$Builder.java,build
67366ab5-4121-477e-a26c-d2501b464c4e,CommLayer/Messages/AvalancheMessages$Message$DataManagerMessage$Builder.java,setDataCopyRequestMessage,->,67366ab5-4121-477e-a26c-d2501b464c4e,CommLayer/Messages/AvalancheMessages$Message$DataManagerMessage$Builder.java,onChanged
67366ab5-4121-477e-a26c-d2501b464c4e,CommLayer/Messages/AvalancheMessages$Message$DataManagerMessage$Builder.java,setDataCopyRequestMessage,->,67366ab5-4121-477e-a26c-d2501b464c4e,CommLayer/Messages/AvalancheMessages$Message$DataManagerMessage$DataCopyRequestMessage$Builder.java,build
67366ab5-4121-477e-a26c-d2501b464c4e,CommLayer/Messages/AvalancheMessages$Message$DataManagerMessage$Builder.java,setDataCopyRequestMessage,->,67366ab5-4121-477e-a26c-d2501b464c4e,com/google/protobuf/SingleFieldBuilder.java,setMessage
67366ab5-4121-477e-a26c-d2501b464c4e,CommLayer/Messages/AvalancheMessages$Message$DataManagerMessage$Builder.java,mergeDataCopyRequestMessage,->,67366ab5-4121-477e-a26c-d2501b464c4e,CommLayer/Messages/AvalancheMessages$Message$DataManagerMessage$DataCopyRequestMessage.java,getDefaultInstance
67366ab5-4121-477e-a26c-d2501b464c4e,CommLayer/Messages/AvalancheMessages$Message$DataManagerMessage$Builder.java,mergeDataCopyRequestMessage,->,67366ab5-4121-477e-a26c-d2501b464c4e,CommLayer/Messages/AvalancheMessages$Message$DataManagerMessage$DataCopyRequestMessage.java,newBuilder
67366ab5-4121-477e-a26c-d2501b464c4e,CommLayer/Messages/AvalancheMessages$Message$DataManagerMessage$Builder.java,mergeDataCopyRequestMessage,->,67366ab5-4121-477e-a26c-d2501b464c4e,CommLayer/Messages/AvalancheMessages$Message$DataManagerMessage$DataCopyRequestMessage$Builder.java,mergeFrom
67366ab5-4121-477e-a26c-d2501b464c4e,CommLayer/Messages/AvalancheMessages$Message$DataManagerMessage$Builder.java,mergeDataCopyRequestMessage,->,67366ab5-4121-477e-a26c-d2501b464c4e,CommLayer/Messages/AvalancheMessages$Message$DataManagerMessage$DataCopyRequestMessage$Builder.java,buildPartial
67366ab5-4121-477e-a26c-d2501b464c4e,CommLayer/Messages/AvalancheMessages$Message$DataManagerMessage$Builder.java,mergeDataCopyRequestMessage,->,67366ab5-4121-477e-a26c-d2501b464c4e,CommLayer/Messages/AvalancheMessages$Message$DataManagerMessage$Builder.java,onChanged
67366ab5-4121-477e-a26c-d2501b464c4e,CommLayer/Messages/AvalancheMessages$Message$DataManagerMessage$Builder.java,mergeDataCopyRequestMessage,->,67366ab5-4121-477e-a26c-d2501b464c4e,com/google/protobuf/SingleFieldBuilder.java,mergeFrom
67366ab5-4121-477e-a26c-d2501b464c4e,CommLayer/Messages/AvalancheMessages$Message$DataManagerMessage$Builder.java,clearDataCopyRequestMessage,->,67366ab5-4121-477e-a26c-d2501b464c4e,CommLayer/Messages/AvalancheMessages$Message$DataManagerMessage$DataCopyRequestMessage.java,getDefaultInstance
67366ab5-4121-477e-a26c-d2501b464c4e,CommLayer/Messages/AvalancheMessages$Message$DataManagerMessage$Builder.java,clearDataCopyRequestMessage,->,67366ab5-4121-477e-a26c-d2501b464c4e,CommLayer/Messages/AvalancheMessages$Message$DataManagerMessage$Builder.java,onChanged
67366ab5-4121-477e-a26c-d2501b464c4e,CommLayer/Messages/AvalancheMessages$Message$DataManagerMessage$Builder.java,clearDataCopyRequestMessage,->,67366ab5-4121-477e-a26c-d2501b464c4e,com/google/protobuf/SingleFieldBuilder.java,clear
67366ab5-4121-477e-a26c-d2501b464c4e,CommLayer/Messages/AvalancheMessages$Message$DataManagerMessage$Builder.java,getDataCopyRequestMessageBuilder,->,67366ab5-4121-477e-a26c-d2501b464c4e,CommLayer/Messages/AvalancheMessages$Message$DataManagerMessage$Builder.java,onChanged
67366ab5-4121-477e-a26c-d2501b464c4e,CommLayer/Messages/AvalancheMessages$Message$DataManagerMessage$Builder.java,getDataCopyRequestMessageBuilder,->,67366ab5-4121-477e-a26c-d2501b464c4e,CommLayer/Messages/AvalancheMessages$Message$DataManagerMessage$Builder.java,getDataCopyRequestMessageFieldBuilder
67366ab5-4121-477e-a26c-d2501b464c4e,CommLayer/Messages/AvalancheMessages$Message$DataManagerMessage$Builder.java,getDataCopyRequestMessageBuilder,->,67366ab5-4121-477e-a26c-d2501b464c4e,com/google/protobuf/SingleFieldBuilder.java,getBuilder
67366ab5-4121-477e-a26c-d2501b464c4e,CommLayer/Messages/AvalancheMessages$Message$DataManagerMessage$Builder.java,getDataCopyRequestMessageOrBuilder,->,67366ab5-4121-477e-a26c-d2501b464c4e,com/google/protobuf/SingleFieldBuilder.java,getMessageOrBuilder
67366ab5-4121-477e-a26c-d2501b464c4e,CommLayer/Messages/AvalancheMessages$Message$DataManagerMessage$Builder.java,getDataCopyRequestMessageFieldBuilder,->,67366ab5-4121-477e-a26c-d2501b464c4e,CommLayer/Messages/AvalancheMessages$Message$DataManagerMessage$Builder.java,getParentForChildren
67366ab5-4121-477e-a26c-d2501b464c4e,CommLayer/Messages/AvalancheMessages$Message$DataManagerMessage$Builder.java,getDataCopyRequestMessageFieldBuilder,->,67366ab5-4121-477e-a26c-d2501b464c4e,CommLayer/Messages/AvalancheMessages$Message$DataManagerMessage$Builder.java,isClean
67366ab5-4121-477e-a26c-d2501b464c4e,CommLayer/Messages/AvalancheMessages$Message$DataManagerMessage$Builder.java,getDataCopyResponseMessage,->,67366ab5-4121-477e-a26c-d2501b464c4e,com/google/protobuf/SingleFieldBuilder.java,getMessage
67366ab5-4121-477e-a26c-d2501b464c4e,CommLayer/Messages/AvalancheMessages$Message$DataManagerMessage$Builder.java,setDataCopyResponseMessage,->,67366ab5-4121-477e-a26c-d2501b464c4e,CommLayer/Messages/AvalancheMessages$Message$DataManagerMessage$Builder.java,onChanged
67366ab5-4121-477e-a26c-d2501b464c4e,CommLayer/Messages/AvalancheMessages$Message$DataManagerMessage$Builder.java,setDataCopyResponseMessage,->,67366ab5-4121-477e-a26c-d2501b464c4e,com/google/protobuf/SingleFieldBuilder.java,setMessage
67366ab5-4121-477e-a26c-d2501b464c4e,CommLayer/Messages/AvalancheMessages$Message$DataManagerMessage$Builder.java,setDataCopyResponseMessage,->,67366ab5-4121-477e-a26c-d2501b464c4e,CommLayer/Messages/AvalancheMessages$Message$DataManagerMessage$DataCopyResponseMessage$Builder.java,build
67366ab5-4121-477e-a26c-d2501b464c4e,CommLayer/Messages/AvalancheMessages$Message$DataManagerMessage$Builder.java,setDataCopyResponseMessage,->,67366ab5-4121-477e-a26c-d2501b464c4e,CommLayer/Messages/AvalancheMessages$Message$DataManagerMessage$Builder.java,onChanged
67366ab5-4121-477e-a26c-d2501b464c4e,CommLayer/Messages/AvalancheMessages$Message$DataManagerMessage$Builder.java,setDataCopyResponseMessage,->,67366ab5-4121-477e-a26c-d2501b464c4e,CommLayer/Messages/AvalancheMessages$Message$DataManagerMessage$DataCopyResponseMessage$Builder.java,build
67366ab5-4121-477e-a26c-d2501b464c4e,CommLayer/Messages/AvalancheMessages$Message$DataManagerMessage$Builder.java,setDataCopyResponseMessage,->,67366ab5-4121-477e-a26c-d2501b464c4e,com/google/protobuf/SingleFieldBuilder.java,setMessage
67366ab5-4121-477e-a26c-d2501b464c4e,CommLayer/Messages/AvalancheMessages$Message$DataManagerMessage$Builder.java,mergeDataCopyResponseMessage,->,67366ab5-4121-477e-a26c-d2501b464c4e,CommLayer/Messages/AvalancheMessages$Message$DataManagerMessage$DataCopyResponseMessage.java,getDefaultInstance
67366ab5-4121-477e-a26c-d2501b464c4e,CommLayer/Messages/AvalancheMessages$Message$DataManagerMessage$Builder.java,mergeDataCopyResponseMessage,->,67366ab5-4121-477e-a26c-d2501b464c4e,CommLayer/Messages/AvalancheMessages$Message$DataManagerMessage$DataCopyResponseMessage.java,newBuilder
67366ab5-4121-477e-a26c-d2501b464c4e,CommLayer/Messages/AvalancheMessages$Message$DataManagerMessage$Builder.java,mergeDataCopyResponseMessage,->,67366ab5-4121-477e-a26c-d2501b464c4e,CommLayer/Messages/AvalancheMessages$Message$DataManagerMessage$DataCopyResponseMessage$Builder.java,mergeFrom
67366ab5-4121-477e-a26c-d2501b464c4e,CommLayer/Messages/AvalancheMessages$Message$DataManagerMessage$Builder.java,mergeDataCopyResponseMessage,->,67366ab5-4121-477e-a26c-d2501b464c4e,CommLayer/Messages/AvalancheMessages$Message$DataManagerMessage$DataCopyResponseMessage$Builder.java,buildPartial
67366ab5-4121-477e-a26c-d2501b464c4e,CommLayer/Messages/AvalancheMessages$Message$DataManagerMessage$Builder.java,mergeDataCopyResponseMessage,->,67366ab5-4121-477e-a26c-d2501b464c4e,CommLayer/Messages/AvalancheMessages$Message$DataManagerMessage$Builder.java,onChanged
67366ab5-4121-477e-a26c-d2501b464c4e,CommLayer/Messages/AvalancheMessages$Message$DataManagerMessage$Builder.java,mergeDataCopyResponseMessage,->,67366ab5-4121-477e-a26c-d2501b464c4e,com/google/protobuf/SingleFieldBuilder.java,mergeFrom
67366ab5-4121-477e-a26c-d2501b464c4e,CommLayer/Messages/AvalancheMessages$Message$DataManagerMessage$Builder.java,clearDataCopyResponseMessage,->,67366ab5-4121-477e-a26c-d2501b464c4e,CommLayer/Messages/AvalancheMessages$Message$DataManagerMessage$DataCopyResponseMessage.java,getDefaultInstance
67366ab5-4121-477e-a26c-d2501b464c4e,CommLayer/Messages/AvalancheMessages$Message$DataManagerMessage$Builder.java,clearDataCopyResponseMessage,->,67366ab5-4121-477e-a26c-d2501b464c4e,CommLayer/Messages/AvalancheMessages$Message$DataManagerMessage$Builder.java,onChanged
67366ab5-4121-477e-a26c-d2501b464c4e,CommLayer/Messages/AvalancheMessages$Message$DataManagerMessage$Builder.java,clearDataCopyResponseMessage,->,67366ab5-4121-477e-a26c-d2501b464c4e,com/google/protobuf/SingleFieldBuilder.java,clear
67366ab5-4121-477e-a26c-d2501b464c4e,CommLayer/Messages/AvalancheMessages$Message$DataManagerMessage$Builder.java,getDataCopyResponseMessageBuilder,->,67366ab5-4121-477e-a26c-d2501b464c4e,CommLayer/Messages/AvalancheMessages$Message$DataManagerMessage$Builder.java,onChanged
67366ab5-4121-477e-a26c-d2501b464c4e,CommLayer/Messages/AvalancheMessages$Message$DataManagerMessage$Builder.java,getDataCopyResponseMessageBuilder,->,67366ab5-4121-477e-a26c-d2501b464c4e,CommLayer/Messages/AvalancheMessages$Message$DataManagerMessage$Builder.java,getDataCopyResponseMessageFieldBuilder
67366ab5-4121-477e-a26c-d2501b464c4e,CommLayer/Messages/AvalancheMessages$Message$DataManagerMessage$Builder.java,getDataCopyResponseMessageBuilder,->,67366ab5-4121-477e-a26c-d2501b464c4e,com/google/protobuf/SingleFieldBuilder.java,getBuilder
67366ab5-4121-477e-a26c-d2501b464c4e,CommLayer/Messages/AvalancheMessages$Message$DataManagerMessage$Builder.java,getDataCopyResponseMessageOrBuilder,->,67366ab5-4121-477e-a26c-d2501b464c4e,com/google/protobuf/SingleFieldBuilder.java,getMessageOrBuilder
67366ab5-4121-477e-a26c-d2501b464c4e,CommLayer/Messages/AvalancheMessages$Message$DataManagerMessage$Builder.java,getDataCopyResponseMessageFieldBuilder,->,67366ab5-4121-477e-a26c-d2501b464c4e,CommLayer/Messages/AvalancheMessages$Message$DataManagerMessage$Builder.java,getParentForChildren
67366ab5-4121-477e-a26c-d2501b464c4e,CommLayer/Messages/AvalancheMessages$Message$DataManagerMessage$Builder.java,getDataCopyResponseMessageFieldBuilder,->,67366ab5-4121-477e-a26c-d2501b464c4e,CommLayer/Messages/AvalancheMessages$Message$DataManagerMessage$Builder.java,isClean
67366ab5-4121-477e-a26c-d2501b464c4e,CommLayer/Messages/AvalancheMessages$Message$DataManagerMessage$Builder.java,clear,->,67366ab5-4121-477e-a26c-d2501b464c4e,CommLayer/Messages/AvalancheMessages$Message$DataManagerMessage$Builder.java,clear
67366ab5-4121-477e-a26c-d2501b464c4e,CommLayer/Messages/AvalancheMessages$Message$DataManagerMessage$Builder.java,clone,->,67366ab5-4121-477e-a26c-d2501b464c4e,CommLayer/Messages/AvalancheMessages$Message$DataManagerMessage$Builder.java,clone
67366ab5-4121-477e-a26c-d2501b464c4e,CommLayer/Messages/AvalancheMessages$Message$DataManagerMessage$Builder.java,mergeFrom,->,67366ab5-4121-477e-a26c-d2501b464c4e,CommLayer/Messages/AvalancheMessages$Message$DataManagerMessage$Builder.java,mergeFrom
67366ab5-4121-477e-a26c-d2501b464c4e,CommLayer/Messages/AvalancheMessages$Message$DataManagerMessage$Builder.java,mergeFrom,->,67366ab5-4121-477e-a26c-d2501b464c4e,CommLayer/Messages/AvalancheMessages$Message$DataManagerMessage$Builder.java,mergeFrom
67366ab5-4121-477e-a26c-d2501b464c4e,CommLayer/Messages/AvalancheMessages$Message$DataManagerMessage$Builder.java,clear,->,67366ab5-4121-477e-a26c-d2501b464c4e,CommLayer/Messages/AvalancheMessages$Message$DataManagerMessage$Builder.java,clear
67366ab5-4121-477e-a26c-d2501b464c4e,CommLayer/Messages/AvalancheMessages$Message$DataManagerMessage$Builder.java,clone,->,67366ab5-4121-477e-a26c-d2501b464c4e,CommLayer/Messages/AvalancheMessages$Message$DataManagerMessage$Builder.java,clone
67366ab5-4121-477e-a26c-d2501b464c4e,CommLayer/Messages/AvalancheMessages$Message$DataManagerMessage$Builder.java,mergeFrom,->,67366ab5-4121-477e-a26c-d2501b464c4e,CommLayer/Messages/AvalancheMessages$Message$DataManagerMessage$Builder.java,mergeFrom
67366ab5-4121-477e-a26c-d2501b464c4e,CommLayer/Messages/AvalancheMessages$Message$DataManagerMessage$Builder.java,clone,->,67366ab5-4121-477e-a26c-d2501b464c4e,CommLayer/Messages/AvalancheMessages$Message$DataManagerMessage$Builder.java,clone
67366ab5-4121-477e-a26c-d2501b464c4e,CommLayer/Messages/AvalancheMessages$Message$DataManagerMessage$Builder.java,buildPartial,->,67366ab5-4121-477e-a26c-d2501b464c4e,CommLayer/Messages/AvalancheMessages$Message$DataManagerMessage$Builder.java,buildPartial
67366ab5-4121-477e-a26c-d2501b464c4e,CommLayer/Messages/AvalancheMessages$Message$DataManagerMessage$Builder.java,build,->,67366ab5-4121-477e-a26c-d2501b464c4e,CommLayer/Messages/AvalancheMessages$Message$DataManagerMessage$Builder.java,build
67366ab5-4121-477e-a26c-d2501b464c4e,CommLayer/Messages/AvalancheMessages$Message$DataManagerMessage$Builder.java,mergeFrom,->,67366ab5-4121-477e-a26c-d2501b464c4e,CommLayer/Messages/AvalancheMessages$Message$DataManagerMessage$Builder.java,mergeFrom
67366ab5-4121-477e-a26c-d2501b464c4e,CommLayer/Messages/AvalancheMessages$Message$DataManagerMessage$Builder.java,clear,->,67366ab5-4121-477e-a26c-d2501b464c4e,CommLayer/Messages/AvalancheMessages$Message$DataManagerMessage$Builder.java,clear
67366ab5-4121-477e-a26c-d2501b464c4e,CommLayer/Messages/AvalancheMessages$Message$DataManagerMessage$Builder.java,mergeFrom,->,67366ab5-4121-477e-a26c-d2501b464c4e,CommLayer/Messages/AvalancheMessages$Message$DataManagerMessage$Builder.java,mergeFrom
67366ab5-4121-477e-a26c-d2501b464c4e,CommLayer/Messages/AvalancheMessages$Message$DataManagerMessage$Builder.java,clone,->,67366ab5-4121-477e-a26c-d2501b464c4e,CommLayer/Messages/AvalancheMessages$Message$DataManagerMessage$Builder.java,clone
67366ab5-4121-477e-a26c-d2501b464c4e,CommLayer/Messages/AvalancheMessages$Message$DataManagerMessage$Builder.java,buildPartial,->,67366ab5-4121-477e-a26c-d2501b464c4e,CommLayer/Messages/AvalancheMessages$Message$DataManagerMessage$Builder.java,buildPartial
67366ab5-4121-477e-a26c-d2501b464c4e,CommLayer/Messages/AvalancheMessages$Message$DataManagerMessage$Builder.java,build,->,67366ab5-4121-477e-a26c-d2501b464c4e,CommLayer/Messages/AvalancheMessages$Message$DataManagerMessage$Builder.java,build
67366ab5-4121-477e-a26c-d2501b464c4e,CommLayer/Messages/AvalancheMessages$Message$DataManagerMessage$Builder.java,clear,->,67366ab5-4121-477e-a26c-d2501b464c4e,CommLayer/Messages/AvalancheMessages$Message$DataManagerMessage$Builder.java,clear
67366ab5-4121-477e-a26c-d2501b464c4e,CommLayer/Messages/AvalancheMessages$Message$DataManagerMessage$Builder.java,getDefaultInstanceForType,->,67366ab5-4121-477e-a26c-d2501b464c4e,CommLayer/Messages/AvalancheMessages$Message$DataManagerMessage$Builder.java,getDefaultInstanceForType
67366ab5-4121-477e-a26c-d2501b464c4e,CommLayer/Messages/AvalancheMessages$Message$DataManagerMessage$Builder.java,getDefaultInstanceForType,->,67366ab5-4121-477e-a26c-d2501b464c4e,CommLayer/Messages/AvalancheMessages$Message$DataManagerMessage$Builder.java,getDefaultInstanceForType
67366ab5-4121-477e-a26c-d2501b464c4e,CommLayer/Messages/AvalancheMessages$Message$DataManagerMessage$Builder.java,mergeFrom,->,67366ab5-4121-477e-a26c-d2501b464c4e,CommLayer/Messages/AvalancheMessages$Message$DataManagerMessage$Builder.java,mergeFrom
67366ab5-4121-477e-a26c-d2501b464c4e,CommLayer/Messages/AvalancheMessages$Message$DataManagerMessage$Builder.java,clone,->,67366ab5-4121-477e-a26c-d2501b464c4e,CommLayer/Messages/AvalancheMessages$Message$DataManagerMessage$Builder.java,clone
67366ab5-4121-477e-a26c-d2501b464c4e,CommLayer/Messages/AvalancheMessages$Message$DataManagerMessage$Builder.java,clone,->,67366ab5-4121-477e-a26c-d2501b464c4e,CommLayer/Messages/AvalancheMessages$Message$DataManagerMessage$Builder.java,clone
67366ab5-4121-477e-a26c-d2501b464c4e,CommLayer/Messages/AvalancheMessages$Message$DataManagerMessage$Builder.java,access$14400,->,67366ab5-4121-477e-a26c-d2501b464c4e,CommLayer/Messages/AvalancheMessages$Message$DataManagerMessage$Builder.java,create
67366ab5-4121-477e-a26c-d2501b464c4e,CommLayer/Messages/AvalancheMessages$Message$TaskSetStateMessage$State$1.java,findValueByNumber,->,67366ab5-4121-477e-a26c-d2501b464c4e,CommLayer/Messages/AvalancheMessages$Message$TaskSetStateMessage$State.java,valueOf
67366ab5-4121-477e-a26c-d2501b464c4e,CommLayer/Messages/AvalancheMessages$Message$TaskSetStateMessage$State$1.java,findValueByNumber,->,67366ab5-4121-477e-a26c-d2501b464c4e,CommLayer/Messages/AvalancheMessages$Message$TaskSetStateMessage$State$1.java,findValueByNumber
67366ab5-4121-477e-a26c-d2501b464c4e,CommLayer/Messages/AvalancheMessages.java,<clinit>,->,67366ab5-4121-477e-a26c-d2501b464c4e,com/google/protobuf/Descriptors$FileDescriptor.java,internalBuildGeneratedFileFrom
67366ab5-4121-477e-a26c-d2501b464c4e,CommLayer/Messages/AvalancheMessages$Message$DataHandlerMessage$1.java,parsePartialFrom,->,67366ab5-4121-477e-a26c-d2501b464c4e,CommLayer/Messages/AvalancheMessages$Message$DataHandlerMessage$1.java,parsePartialFrom
67366ab5-4121-477e-a26c-d2501b464c4e,CommLayer/Messages/AvalancheMessages$Message$TaskInitMessage$TaskType.java,values,->,67366ab5-4121-477e-a26c-d2501b464c4e,CommLayer/Messages/AvalancheMessages$Message$TaskInitMessage$TaskType.java,clone
67366ab5-4121-477e-a26c-d2501b464c4e,CommLayer/Messages/AvalancheMessages$Message$TaskInitMessage$TaskType.java,valueOf,->,67366ab5-4121-477e-a26c-d2501b464c4e,java/lang/Enum.java,valueOf
67366ab5-4121-477e-a26c-d2501b464c4e,CommLayer/Messages/AvalancheMessages$Message$TaskInitMessage$TaskType.java,getValueDescriptor,->,67366ab5-4121-477e-a26c-d2501b464c4e,CommLayer/Messages/AvalancheMessages$Message$TaskInitMessage$TaskType.java,getDescriptor
67366ab5-4121-477e-a26c-d2501b464c4e,CommLayer/Messages/AvalancheMessages$Message$TaskInitMessage$TaskType.java,getValueDescriptor,->,67366ab5-4121-477e-a26c-d2501b464c4e,com/google/protobuf/Descriptors$EnumDescriptor.java,getValues
67366ab5-4121-477e-a26c-d2501b464c4e,CommLayer/Messages/AvalancheMessages$Message$TaskInitMessage$TaskType.java,getValueDescriptor,->,67366ab5-4121-477e-a26c-d2501b464c4e,java/util/List.java,get
67366ab5-4121-477e-a26c-d2501b464c4e,CommLayer/Messages/AvalancheMessages$Message$TaskInitMessage$TaskType.java,getDescriptorForType,->,67366ab5-4121-477e-a26c-d2501b464c4e,CommLayer/Messages/AvalancheMessages$Message$TaskInitMessage$TaskType.java,getDescriptor
67366ab5-4121-477e-a26c-d2501b464c4e,CommLayer/Messages/AvalancheMessages$Message$TaskInitMessage$TaskType.java,getDescriptor,->,67366ab5-4121-477e-a26c-d2501b464c4e,CommLayer/Messages/AvalancheMessages$Message$TaskInitMessage.java,getDescriptor
67366ab5-4121-477e-a26c-d2501b464c4e,CommLayer/Messages/AvalancheMessages$Message$TaskInitMessage$TaskType.java,getDescriptor,->,67366ab5-4121-477e-a26c-d2501b464c4e,com/google/protobuf/Descriptors$Descriptor.java,getEnumTypes
67366ab5-4121-477e-a26c-d2501b464c4e,CommLayer/Messages/AvalancheMessages$Message$TaskInitMessage$TaskType.java,getDescriptor,->,67366ab5-4121-477e-a26c-d2501b464c4e,java/util/List.java,get
67366ab5-4121-477e-a26c-d2501b464c4e,CommLayer/Messages/AvalancheMessages$Message$TaskInitMessage$TaskType.java,valueOf,->,67366ab5-4121-477e-a26c-d2501b464c4e,com/google/protobuf/Descriptors$EnumValueDescriptor.java,getType
67366ab5-4121-477e-a26c-d2501b464c4e,CommLayer/Messages/AvalancheMessages$Message$TaskInitMessage$TaskType.java,valueOf,->,67366ab5-4121-477e-a26c-d2501b464c4e,CommLayer/Messages/AvalancheMessages$Message$TaskInitMessage$TaskType.java,getDescriptor
67366ab5-4121-477e-a26c-d2501b464c4e,CommLayer/Messages/AvalancheMessages$Message$TaskInitMessage$TaskType.java,valueOf,->,67366ab5-4121-477e-a26c-d2501b464c4e,com/google/protobuf/Descriptors$EnumValueDescriptor.java,getIndex
67366ab5-4121-477e-a26c-d2501b464c4e,CommLayer/Messages/AvalancheMessages$Message$TaskInitMessage$TaskType.java,<clinit>,->,67366ab5-4121-477e-a26c-d2501b464c4e,CommLayer/Messages/AvalancheMessages$Message$TaskInitMessage$TaskType.java,values
67366ab5-4121-477e-a26c-d2501b464c4e,CommLayer/Messages/AvalancheMessages$Message$DataHandlerMessage$Type.java,values,->,67366ab5-4121-477e-a26c-d2501b464c4e,CommLayer/Messages/AvalancheMessages$Message$DataHandlerMessage$Type.java,clone
67366ab5-4121-477e-a26c-d2501b464c4e,CommLayer/Messages/AvalancheMessages$Message$DataHandlerMessage$Type.java,valueOf,->,67366ab5-4121-477e-a26c-d2501b464c4e,java/lang/Enum.java,valueOf
67366ab5-4121-477e-a26c-d2501b464c4e,CommLayer/Messages/AvalancheMessages$Message$DataHandlerMessage$Type.java,getValueDescriptor,->,67366ab5-4121-477e-a26c-d2501b464c4e,CommLayer/Messages/AvalancheMessages$Message$DataHandlerMessage$Type.java,getDescriptor
67366ab5-4121-477e-a26c-d2501b464c4e,CommLayer/Messages/AvalancheMessages$Message$DataHandlerMessage$Type.java,getValueDescriptor,->,67366ab5-4121-477e-a26c-d2501b464c4e,com/google/protobuf/Descriptors$EnumDescriptor.java,getValues
67366ab5-4121-477e-a26c-d2501b464c4e,CommLayer/Messages/AvalancheMessages$Message$DataHandlerMessage$Type.java,getValueDescriptor,->,67366ab5-4121-477e-a26c-d2501b464c4e,java/util/List.java,get
67366ab5-4121-477e-a26c-d2501b464c4e,CommLayer/Messages/AvalancheMessages$Message$DataHandlerMessage$Type.java,getDescriptorForType,->,67366ab5-4121-477e-a26c-d2501b464c4e,CommLayer/Messages/AvalancheMessages$Message$DataHandlerMessage$Type.java,getDescriptor
67366ab5-4121-477e-a26c-d2501b464c4e,CommLayer/Messages/AvalancheMessages$Message$DataHandlerMessage$Type.java,getDescriptor,->,67366ab5-4121-477e-a26c-d2501b464c4e,CommLayer/Messages/AvalancheMessages$Message$DataHandlerMessage.java,getDescriptor
67366ab5-4121-477e-a26c-d2501b464c4e,CommLayer/Messages/AvalancheMessages$Message$DataHandlerMessage$Type.java,getDescriptor,->,67366ab5-4121-477e-a26c-d2501b464c4e,com/google/protobuf/Descriptors$Descriptor.java,getEnumTypes
67366ab5-4121-477e-a26c-d2501b464c4e,CommLayer/Messages/AvalancheMessages$Message$DataHandlerMessage$Type.java,getDescriptor,->,67366ab5-4121-477e-a26c-d2501b464c4e,java/util/List.java,get
67366ab5-4121-477e-a26c-d2501b464c4e,CommLayer/Messages/AvalancheMessages$Message$DataHandlerMessage$Type.java,valueOf,->,67366ab5-4121-477e-a26c-d2501b464c4e,com/google/protobuf/Descriptors$EnumValueDescriptor.java,getType
67366ab5-4121-477e-a26c-d2501b464c4e,CommLayer/Messages/AvalancheMessages$Message$DataHandlerMessage$Type.java,valueOf,->,67366ab5-4121-477e-a26c-d2501b464c4e,CommLayer/Messages/AvalancheMessages$Message$DataHandlerMessage$Type.java,getDescriptor
67366ab5-4121-477e-a26c-d2501b464c4e,CommLayer/Messages/AvalancheMessages$Message$DataHandlerMessage$Type.java,valueOf,->,67366ab5-4121-477e-a26c-d2501b464c4e,com/google/protobuf/Descriptors$EnumValueDescriptor.java,getIndex
67366ab5-4121-477e-a26c-d2501b464c4e,CommLayer/Messages/AvalancheMessages$Message$DataHandlerMessage$Type.java,<clinit>,->,67366ab5-4121-477e-a26c-d2501b464c4e,CommLayer/Messages/AvalancheMessages$Message$DataHandlerMessage$Type.java,values
67366ab5-4121-477e-a26c-d2501b464c4e,CommLayer/Messages/AvalancheMessages$Message$MessageType$1.java,findValueByNumber,->,67366ab5-4121-477e-a26c-d2501b464c4e,CommLayer/Messages/AvalancheMessages$Message$MessageType.java,valueOf
67366ab5-4121-477e-a26c-d2501b464c4e,CommLayer/Messages/AvalancheMessages$Message$MessageType$1.java,findValueByNumber,->,67366ab5-4121-477e-a26c-d2501b464c4e,CommLayer/Messages/AvalancheMessages$Message$MessageType$1.java,findValueByNumber
67366ab5-4121-477e-a26c-d2501b464c4e,CommLayer/Messages/AvalancheMessages$Message$TopologyMessage$BuilderNode$1.java,parsePartialFrom,->,67366ab5-4121-477e-a26c-d2501b464c4e,CommLayer/Messages/AvalancheMessages$Message$TopologyMessage$BuilderNode$1.java,parsePartialFrom
67366ab5-4121-477e-a26c-d2501b464c4e,CommLayer/Messages/AvalancheMessages$Message$TaskInitMessage$TaskType$1.java,findValueByNumber,->,67366ab5-4121-477e-a26c-d2501b464c4e,CommLayer/Messages/AvalancheMessages$Message$TaskInitMessage$TaskType.java,valueOf
67366ab5-4121-477e-a26c-d2501b464c4e,CommLayer/Messages/AvalancheMessages$Message$TaskInitMessage$TaskType$1.java,findValueByNumber,->,67366ab5-4121-477e-a26c-d2501b464c4e,CommLayer/Messages/AvalancheMessages$Message$TaskInitMessage$TaskType$1.java,findValueByNumber
67366ab5-4121-477e-a26c-d2501b464c4e,CommLayer/Messages/AvalancheMessages$Message$TaskSetStateMessage$State.java,values,->,67366ab5-4121-477e-a26c-d2501b464c4e,CommLayer/Messages/AvalancheMessages$Message$TaskSetStateMessage$State.java,clone
67366ab5-4121-477e-a26c-d2501b464c4e,CommLayer/Messages/AvalancheMessages$Message$TaskSetStateMessage$State.java,valueOf,->,67366ab5-4121-477e-a26c-d2501b464c4e,java/lang/Enum.java,valueOf
67366ab5-4121-477e-a26c-d2501b464c4e,CommLayer/Messages/AvalancheMessages$Message$TaskSetStateMessage$State.java,getValueDescriptor,->,67366ab5-4121-477e-a26c-d2501b464c4e,CommLayer/Messages/AvalancheMessages$Message$TaskSetStateMessage$State.java,getDescriptor
67366ab5-4121-477e-a26c-d2501b464c4e,CommLayer/Messages/AvalancheMessages$Message$TaskSetStateMessage$State.java,getValueDescriptor,->,67366ab5-4121-477e-a26c-d2501b464c4e,com/google/protobuf/Descriptors$EnumDescriptor.java,getValues
67366ab5-4121-477e-a26c-d2501b464c4e,CommLayer/Messages/AvalancheMessages$Message$TaskSetStateMessage$State.java,getValueDescriptor,->,67366ab5-4121-477e-a26c-d2501b464c4e,java/util/List.java,get
67366ab5-4121-477e-a26c-d2501b464c4e,CommLayer/Messages/AvalancheMessages$Message$TaskSetStateMessage$State.java,getDescriptorForType,->,67366ab5-4121-477e-a26c-d2501b464c4e,CommLayer/Messages/AvalancheMessages$Message$TaskSetStateMessage$State.java,getDescriptor
67366ab5-4121-477e-a26c-d2501b464c4e,CommLayer/Messages/AvalancheMessages$Message$TaskSetStateMessage$State.java,getDescriptor,->,67366ab5-4121-477e-a26c-d2501b464c4e,CommLayer/Messages/AvalancheMessages$Message$TaskSetStateMessage.java,getDescriptor
67366ab5-4121-477e-a26c-d2501b464c4e,CommLayer/Messages/AvalancheMessages$Message$TaskSetStateMessage$State.java,getDescriptor,->,67366ab5-4121-477e-a26c-d2501b464c4e,com/google/protobuf/Descriptors$Descriptor.java,getEnumTypes
67366ab5-4121-477e-a26c-d2501b464c4e,CommLayer/Messages/AvalancheMessages$Message$TaskSetStateMessage$State.java,getDescriptor,->,67366ab5-4121-477e-a26c-d2501b464c4e,java/util/List.java,get
67366ab5-4121-477e-a26c-d2501b464c4e,CommLayer/Messages/AvalancheMessages$Message$TaskSetStateMessage$State.java,valueOf,->,67366ab5-4121-477e-a26c-d2501b464c4e,com/google/protobuf/Descriptors$EnumValueDescriptor.java,getType
67366ab5-4121-477e-a26c-d2501b464c4e,CommLayer/Messages/AvalancheMessages$Message$TaskSetStateMessage$State.java,valueOf,->,67366ab5-4121-477e-a26c-d2501b464c4e,CommLayer/Messages/AvalancheMessages$Message$TaskSetStateMessage$State.java,getDescriptor
67366ab5-4121-477e-a26c-d2501b464c4e,CommLayer/Messages/AvalancheMessages$Message$TaskSetStateMessage$State.java,valueOf,->,67366ab5-4121-477e-a26c-d2501b464c4e,com/google/protobuf/Descriptors$EnumValueDescriptor.java,getIndex
67366ab5-4121-477e-a26c-d2501b464c4e,CommLayer/Messages/AvalancheMessages$Message$TaskSetStateMessage$State.java,<clinit>,->,67366ab5-4121-477e-a26c-d2501b464c4e,CommLayer/Messages/AvalancheMessages$Message$TaskSetStateMessage$State.java,values
67366ab5-4121-477e-a26c-d2501b464c4e,CommLayer/Messages/AvalancheMessages$Message$DataManagerMessage$Type.java,values,->,67366ab5-4121-477e-a26c-d2501b464c4e,CommLayer/Messages/AvalancheMessages$Message$DataManagerMessage$Type.java,clone
67366ab5-4121-477e-a26c-d2501b464c4e,CommLayer/Messages/AvalancheMessages$Message$DataManagerMessage$Type.java,valueOf,->,67366ab5-4121-477e-a26c-d2501b464c4e,java/lang/Enum.java,valueOf
67366ab5-4121-477e-a26c-d2501b464c4e,CommLayer/Messages/AvalancheMessages$Message$DataManagerMessage$Type.java,getValueDescriptor,->,67366ab5-4121-477e-a26c-d2501b464c4e,CommLayer/Messages/AvalancheMessages$Message$DataManagerMessage$Type.java,getDescriptor
67366ab5-4121-477e-a26c-d2501b464c4e,CommLayer/Messages/AvalancheMessages$Message$DataManagerMessage$Type.java,getValueDescriptor,->,67366ab5-4121-477e-a26c-d2501b464c4e,com/google/protobuf/Descriptors$EnumDescriptor.java,getValues
67366ab5-4121-477e-a26c-d2501b464c4e,CommLayer/Messages/AvalancheMessages$Message$DataManagerMessage$Type.java,getValueDescriptor,->,67366ab5-4121-477e-a26c-d2501b464c4e,java/util/List.java,get
67366ab5-4121-477e-a26c-d2501b464c4e,CommLayer/Messages/AvalancheMessages$Message$DataManagerMessage$Type.java,getDescriptorForType,->,67366ab5-4121-477e-a26c-d2501b464c4e,CommLayer/Messages/AvalancheMessages$Message$DataManagerMessage$Type.java,getDescriptor
67366ab5-4121-477e-a26c-d2501b464c4e,CommLayer/Messages/AvalancheMessages$Message$DataManagerMessage$Type.java,getDescriptor,->,67366ab5-4121-477e-a26c-d2501b464c4e,CommLayer/Messages/AvalancheMessages$Message$DataManagerMessage.java,getDescriptor
67366ab5-4121-477e-a26c-d2501b464c4e,CommLayer/Messages/AvalancheMessages$Message$DataManagerMessage$Type.java,getDescriptor,->,67366ab5-4121-477e-a26c-d2501b464c4e,com/google/protobuf/Descriptors$Descriptor.java,getEnumTypes
67366ab5-4121-477e-a26c-d2501b464c4e,CommLayer/Messages/AvalancheMessages$Message$DataManagerMessage$Type.java,getDescriptor,->,67366ab5-4121-477e-a26c-d2501b464c4e,java/util/List.java,get
67366ab5-4121-477e-a26c-d2501b464c4e,CommLayer/Messages/AvalancheMessages$Message$DataManagerMessage$Type.java,valueOf,->,67366ab5-4121-477e-a26c-d2501b464c4e,com/google/protobuf/Descriptors$EnumValueDescriptor.java,getType
67366ab5-4121-477e-a26c-d2501b464c4e,CommLayer/Messages/AvalancheMessages$Message$DataManagerMessage$Type.java,valueOf,->,67366ab5-4121-477e-a26c-d2501b464c4e,CommLayer/Messages/AvalancheMessages$Message$DataManagerMessage$Type.java,getDescriptor
67366ab5-4121-477e-a26c-d2501b464c4e,CommLayer/Messages/AvalancheMessages$Message$DataManagerMessage$Type.java,valueOf,->,67366ab5-4121-477e-a26c-d2501b464c4e,com/google/protobuf/Descriptors$EnumValueDescriptor.java,getIndex
67366ab5-4121-477e-a26c-d2501b464c4e,CommLayer/Messages/AvalancheMessages$Message$DataManagerMessage$Type.java,<clinit>,->,67366ab5-4121-477e-a26c-d2501b464c4e,CommLayer/Messages/AvalancheMessages$Message$DataManagerMessage$Type.java,values
67366ab5-4121-477e-a26c-d2501b464c4e,CommLayer/Messages/AvalancheMessages$Message$TaskStatusMessage$Builder.java,getDescriptor,->,67366ab5-4121-477e-a26c-d2501b464c4e,CommLayer/Messages/AvalancheMessages.java,access$2500
67366ab5-4121-477e-a26c-d2501b464c4e,CommLayer/Messages/AvalancheMessages$Message$TaskStatusMessage$Builder.java,internalGetFieldAccessorTable,->,67366ab5-4121-477e-a26c-d2501b464c4e,CommLayer/Messages/AvalancheMessages.java,access$2600
67366ab5-4121-477e-a26c-d2501b464c4e,CommLayer/Messages/AvalancheMessages$Message$TaskStatusMessage$Builder.java,internalGetFieldAccessorTable,->,67366ab5-4121-477e-a26c-d2501b464c4e,com/google/protobuf/GeneratedMessage$FieldAccessorTable.java,ensureFieldAccessorsInitialized
67366ab5-4121-477e-a26c-d2501b464c4e,CommLayer/Messages/AvalancheMessages$Message$TaskStatusMessage$Builder.java,maybeForceBuilderInitialization,->,67366ab5-4121-477e-a26c-d2501b464c4e,CommLayer/Messages/AvalancheMessages$Message$TaskStatusMessage.java,access$3000
67366ab5-4121-477e-a26c-d2501b464c4e,CommLayer/Messages/AvalancheMessages$Message$TaskStatusMessage$Builder.java,clear,->,67366ab5-4121-477e-a26c-d2501b464c4e,com/google/protobuf/GeneratedMessage$Builder.java,clear
67366ab5-4121-477e-a26c-d2501b464c4e,CommLayer/Messages/AvalancheMessages$Message$TaskStatusMessage$Builder.java,clone,->,67366ab5-4121-477e-a26c-d2501b464c4e,CommLayer/Messages/AvalancheMessages$Message$TaskStatusMessage$Builder.java,create
67366ab5-4121-477e-a26c-d2501b464c4e,CommLayer/Messages/AvalancheMessages$Message$TaskStatusMessage$Builder.java,clone,->,67366ab5-4121-477e-a26c-d2501b464c4e,CommLayer/Messages/AvalancheMessages$Message$TaskStatusMessage$Builder.java,buildPartial
67366ab5-4121-477e-a26c-d2501b464c4e,CommLayer/Messages/AvalancheMessages$Message$TaskStatusMessage$Builder.java,clone,->,67366ab5-4121-477e-a26c-d2501b464c4e,CommLayer/Messages/AvalancheMessages$Message$TaskStatusMessage$Builder.java,mergeFrom
67366ab5-4121-477e-a26c-d2501b464c4e,CommLayer/Messages/AvalancheMessages$Message$TaskStatusMessage$Builder.java,getDescriptorForType,->,67366ab5-4121-477e-a26c-d2501b464c4e,CommLayer/Messages/AvalancheMessages.java,access$2500
67366ab5-4121-477e-a26c-d2501b464c4e,CommLayer/Messages/AvalancheMessages$Message$TaskStatusMessage$Builder.java,getDefaultInstanceForType,->,67366ab5-4121-477e-a26c-d2501b464c4e,CommLayer/Messages/AvalancheMessages$Message$TaskStatusMessage.java,getDefaultInstance
67366ab5-4121-477e-a26c-d2501b464c4e,CommLayer/Messages/AvalancheMessages$Message$TaskStatusMessage$Builder.java,build,->,67366ab5-4121-477e-a26c-d2501b464c4e,CommLayer/Messages/AvalancheMessages$Message$TaskStatusMessage$Builder.java,buildPartial
67366ab5-4121-477e-a26c-d2501b464c4e,CommLayer/Messages/AvalancheMessages$Message$TaskStatusMessage$Builder.java,build,->,67366ab5-4121-477e-a26c-d2501b464c4e,CommLayer/Messages/AvalancheMessages$Message$TaskStatusMessage.java,isInitialized
67366ab5-4121-477e-a26c-d2501b464c4e,CommLayer/Messages/AvalancheMessages$Message$TaskStatusMessage$Builder.java,build,->,67366ab5-4121-477e-a26c-d2501b464c4e,CommLayer/Messages/AvalancheMessages$Message$TaskStatusMessage$Builder.java,newUninitializedMessageException
67366ab5-4121-477e-a26c-d2501b464c4e,CommLayer/Messages/AvalancheMessages$Message$TaskStatusMessage$Builder.java,buildPartial,->,67366ab5-4121-477e-a26c-d2501b464c4e,CommLayer/Messages/AvalancheMessages$Message$TaskStatusMessage.java,access$3202
67366ab5-4121-477e-a26c-d2501b464c4e,CommLayer/Messages/AvalancheMessages$Message$TaskStatusMessage$Builder.java,buildPartial,->,67366ab5-4121-477e-a26c-d2501b464c4e,CommLayer/Messages/AvalancheMessages$Message$TaskStatusMessage.java,access$3302
67366ab5-4121-477e-a26c-d2501b464c4e,CommLayer/Messages/AvalancheMessages$Message$TaskStatusMessage$Builder.java,buildPartial,->,67366ab5-4121-477e-a26c-d2501b464c4e,CommLayer/Messages/AvalancheMessages$Message$TaskStatusMessage.java,access$3402
67366ab5-4121-477e-a26c-d2501b464c4e,CommLayer/Messages/AvalancheMessages$Message$TaskStatusMessage$Builder.java,buildPartial,->,67366ab5-4121-477e-a26c-d2501b464c4e,CommLayer/Messages/AvalancheMessages$Message$TaskStatusMessage$Builder.java,onBuilt
67366ab5-4121-477e-a26c-d2501b464c4e,CommLayer/Messages/AvalancheMessages$Message$TaskStatusMessage$Builder.java,mergeFrom,->,67366ab5-4121-477e-a26c-d2501b464c4e,CommLayer/Messages/AvalancheMessages$Message$TaskStatusMessage$Builder.java,mergeFrom
67366ab5-4121-477e-a26c-d2501b464c4e,CommLayer/Messages/AvalancheMessages$Message$TaskStatusMessage$Builder.java,mergeFrom,->,67366ab5-4121-477e-a26c-d2501b464c4e,com/google/protobuf/GeneratedMessage$Builder.java,mergeFrom
67366ab5-4121-477e-a26c-d2501b464c4e,CommLayer/Messages/AvalancheMessages$Message$TaskStatusMessage$Builder.java,mergeFrom,->,67366ab5-4121-477e-a26c-d2501b464c4e,CommLayer/Messages/AvalancheMessages$Message$TaskStatusMessage.java,getDefaultInstance
67366ab5-4121-477e-a26c-d2501b464c4e,CommLayer/Messages/AvalancheMessages$Message$TaskStatusMessage$Builder.java,mergeFrom,->,67366ab5-4121-477e-a26c-d2501b464c4e,CommLayer/Messages/AvalancheMessages$Message$TaskStatusMessage.java,hasId
67366ab5-4121-477e-a26c-d2501b464c4e,CommLayer/Messages/AvalancheMessages$Message$TaskStatusMessage$Builder.java,mergeFrom,->,67366ab5-4121-477e-a26c-d2501b464c4e,CommLayer/Messages/AvalancheMessages$Message$TaskStatusMessage.java,access$3200
67366ab5-4121-477e-a26c-d2501b464c4e,CommLayer/Messages/AvalancheMessages$Message$TaskStatusMessage$Builder.java,mergeFrom,->,67366ab5-4121-477e-a26c-d2501b464c4e,CommLayer/Messages/AvalancheMessages$Message$TaskStatusMessage$Builder.java,onChanged
67366ab5-4121-477e-a26c-d2501b464c4e,CommLayer/Messages/AvalancheMessages$Message$TaskStatusMessage$Builder.java,mergeFrom,->,67366ab5-4121-477e-a26c-d2501b464c4e,CommLayer/Messages/AvalancheMessages$Message$TaskStatusMessage.java,hasStatus
67366ab5-4121-477e-a26c-d2501b464c4e,CommLayer/Messages/AvalancheMessages$Message$TaskStatusMessage$Builder.java,mergeFrom,->,67366ab5-4121-477e-a26c-d2501b464c4e,CommLayer/Messages/AvalancheMessages$Message$TaskStatusMessage.java,getStatus
67366ab5-4121-477e-a26c-d2501b464c4e,CommLayer/Messages/AvalancheMessages$Message$TaskStatusMessage$Builder.java,mergeFrom,->,67366ab5-4121-477e-a26c-d2501b464c4e,CommLayer/Messages/AvalancheMessages$Message$TaskStatusMessage$Builder.java,setStatus
67366ab5-4121-477e-a26c-d2501b464c4e,CommLayer/Messages/AvalancheMessages$Message$TaskStatusMessage$Builder.java,mergeFrom,->,67366ab5-4121-477e-a26c-d2501b464c4e,CommLayer/Messages/AvalancheMessages$Message$TaskStatusMessage.java,getUnknownFields
67366ab5-4121-477e-a26c-d2501b464c4e,CommLayer/Messages/AvalancheMessages$Message$TaskStatusMessage$Builder.java,mergeFrom,->,67366ab5-4121-477e-a26c-d2501b464c4e,CommLayer/Messages/AvalancheMessages$Message$TaskStatusMessage$Builder.java,mergeUnknownFields
67366ab5-4121-477e-a26c-d2501b464c4e,CommLayer/Messages/AvalancheMessages$Message$TaskStatusMessage$Builder.java,mergeFrom,->,67366ab5-4121-477e-a26c-d2501b464c4e,com/google/protobuf/Parser.java,parsePartialFrom
67366ab5-4121-477e-a26c-d2501b464c4e,CommLayer/Messages/AvalancheMessages$Message$TaskStatusMessage$Builder.java,mergeFrom,->,67366ab5-4121-477e-a26c-d2501b464c4e,CommLayer/Messages/AvalancheMessages$Message$TaskStatusMessage$Builder.java,mergeFrom
67366ab5-4121-477e-a26c-d2501b464c4e,CommLayer/Messages/AvalancheMessages$Message$TaskStatusMessage$Builder.java,mergeFrom,->,67366ab5-4121-477e-a26c-d2501b464c4e,com/google/protobuf/InvalidProtocolBufferException.java,getUnfinishedMessage
67366ab5-4121-477e-a26c-d2501b464c4e,CommLayer/Messages/AvalancheMessages$Message$TaskStatusMessage$Builder.java,mergeFrom,->,67366ab5-4121-477e-a26c-d2501b464c4e,CommLayer/Messages/AvalancheMessages$Message$TaskStatusMessage$Builder.java,mergeFrom
67366ab5-4121-477e-a26c-d2501b464c4e,CommLayer/Messages/AvalancheMessages$Message$TaskStatusMessage$Builder.java,getId,->,67366ab5-4121-477e-a26c-d2501b464c4e,com/google/protobuf/ByteString.java,toStringUtf8
67366ab5-4121-477e-a26c-d2501b464c4e,CommLayer/Messages/AvalancheMessages$Message$TaskStatusMessage$Builder.java,getIdBytes,->,67366ab5-4121-477e-a26c-d2501b464c4e,com/google/protobuf/ByteString.java,copyFromUtf8
67366ab5-4121-477e-a26c-d2501b464c4e,CommLayer/Messages/AvalancheMessages$Message$TaskStatusMessage$Builder.java,setId,->,67366ab5-4121-477e-a26c-d2501b464c4e,CommLayer/Messages/AvalancheMessages$Message$TaskStatusMessage$Builder.java,onChanged
67366ab5-4121-477e-a26c-d2501b464c4e,CommLayer/Messages/AvalancheMessages$Message$TaskStatusMessage$Builder.java,clearId,->,67366ab5-4121-477e-a26c-d2501b464c4e,CommLayer/Messages/AvalancheMessages$Message$TaskStatusMessage.java,getDefaultInstance
67366ab5-4121-477e-a26c-d2501b464c4e,CommLayer/Messages/AvalancheMessages$Message$TaskStatusMessage$Builder.java,clearId,->,67366ab5-4121-477e-a26c-d2501b464c4e,CommLayer/Messages/AvalancheMessages$Message$TaskStatusMessage.java,getId
67366ab5-4121-477e-a26c-d2501b464c4e,CommLayer/Messages/AvalancheMessages$Message$TaskStatusMessage$Builder.java,clearId,->,67366ab5-4121-477e-a26c-d2501b464c4e,CommLayer/Messages/AvalancheMessages$Message$TaskStatusMessage$Builder.java,onChanged
67366ab5-4121-477e-a26c-d2501b464c4e,CommLayer/Messages/AvalancheMessages$Message$TaskStatusMessage$Builder.java,setIdBytes,->,67366ab5-4121-477e-a26c-d2501b464c4e,CommLayer/Messages/AvalancheMessages$Message$TaskStatusMessage$Builder.java,onChanged
67366ab5-4121-477e-a26c-d2501b464c4e,CommLayer/Messages/AvalancheMessages$Message$TaskStatusMessage$Builder.java,setStatus,->,67366ab5-4121-477e-a26c-d2501b464c4e,CommLayer/Messages/AvalancheMessages$Message$TaskStatusMessage$Builder.java,onChanged
67366ab5-4121-477e-a26c-d2501b464c4e,CommLayer/Messages/AvalancheMessages$Message$TaskStatusMessage$Builder.java,clearStatus,->,67366ab5-4121-477e-a26c-d2501b464c4e,CommLayer/Messages/AvalancheMessages$Message$TaskStatusMessage$Builder.java,onChanged
67366ab5-4121-477e-a26c-d2501b464c4e,CommLayer/Messages/AvalancheMessages$Message$TaskStatusMessage$Builder.java,clear,->,67366ab5-4121-477e-a26c-d2501b464c4e,CommLayer/Messages/AvalancheMessages$Message$TaskStatusMessage$Builder.java,clear
67366ab5-4121-477e-a26c-d2501b464c4e,CommLayer/Messages/AvalancheMessages$Message$TaskStatusMessage$Builder.java,clone,->,67366ab5-4121-477e-a26c-d2501b464c4e,CommLayer/Messages/AvalancheMessages$Message$TaskStatusMessage$Builder.java,clone
67366ab5-4121-477e-a26c-d2501b464c4e,CommLayer/Messages/AvalancheMessages$Message$TaskStatusMessage$Builder.java,mergeFrom,->,67366ab5-4121-477e-a26c-d2501b464c4e,CommLayer/Messages/AvalancheMessages$Message$TaskStatusMessage$Builder.java,mergeFrom
67366ab5-4121-477e-a26c-d2501b464c4e,CommLayer/Messages/AvalancheMessages$Message$TaskStatusMessage$Builder.java,mergeFrom,->,67366ab5-4121-477e-a26c-d2501b464c4e,CommLayer/Messages/AvalancheMessages$Message$TaskStatusMessage$Builder.java,mergeFrom
67366ab5-4121-477e-a26c-d2501b464c4e,CommLayer/Messages/AvalancheMessages$Message$TaskStatusMessage$Builder.java,clear,->,67366ab5-4121-477e-a26c-d2501b464c4e,CommLayer/Messages/AvalancheMessages$Message$TaskStatusMessage$Builder.java,clear
67366ab5-4121-477e-a26c-d2501b464c4e,CommLayer/Messages/AvalancheMessages$Message$TaskStatusMessage$Builder.java,clone,->,67366ab5-4121-477e-a26c-d2501b464c4e,CommLayer/Messages/AvalancheMessages$Message$TaskStatusMessage$Builder.java,clone
67366ab5-4121-477e-a26c-d2501b464c4e,CommLayer/Messages/AvalancheMessages$Message$TaskStatusMessage$Builder.java,mergeFrom,->,67366ab5-4121-477e-a26c-d2501b464c4e,CommLayer/Messages/AvalancheMessages$Message$TaskStatusMessage$Builder.java,mergeFrom
67366ab5-4121-477e-a26c-d2501b464c4e,CommLayer/Messages/AvalancheMessages$Message$TaskStatusMessage$Builder.java,clone,->,67366ab5-4121-477e-a26c-d2501b464c4e,CommLayer/Messages/AvalancheMessages$Message$TaskStatusMessage$Builder.java,clone
67366ab5-4121-477e-a26c-d2501b464c4e,CommLayer/Messages/AvalancheMessages$Message$TaskStatusMessage$Builder.java,buildPartial,->,67366ab5-4121-477e-a26c-d2501b464c4e,CommLayer/Messages/AvalancheMessages$Message$TaskStatusMessage$Builder.java,buildPartial
67366ab5-4121-477e-a26c-d2501b464c4e,CommLayer/Messages/AvalancheMessages$Message$TaskStatusMessage$Builder.java,build,->,67366ab5-4121-477e-a26c-d2501b464c4e,CommLayer/Messages/AvalancheMessages$Message$TaskStatusMessage$Builder.java,build
67366ab5-4121-477e-a26c-d2501b464c4e,CommLayer/Messages/AvalancheMessages$Message$TaskStatusMessage$Builder.java,mergeFrom,->,67366ab5-4121-477e-a26c-d2501b464c4e,CommLayer/Messages/AvalancheMessages$Message$TaskStatusMessage$Builder.java,mergeFrom
67366ab5-4121-477e-a26c-d2501b464c4e,CommLayer/Messages/AvalancheMessages$Message$TaskStatusMessage$Builder.java,clear,->,67366ab5-4121-477e-a26c-d2501b464c4e,CommLayer/Messages/AvalancheMessages$Message$TaskStatusMessage$Builder.java,clear
67366ab5-4121-477e-a26c-d2501b464c4e,CommLayer/Messages/AvalancheMessages$Message$TaskStatusMessage$Builder.java,mergeFrom,->,67366ab5-4121-477e-a26c-d2501b464c4e,CommLayer/Messages/AvalancheMessages$Message$TaskStatusMessage$Builder.java,mergeFrom
67366ab5-4121-477e-a26c-d2501b464c4e,CommLayer/Messages/AvalancheMessages$Message$TaskStatusMessage$Builder.java,clone,->,67366ab5-4121-477e-a26c-d2501b464c4e,CommLayer/Messages/AvalancheMessages$Message$TaskStatusMessage$Builder.java,clone
67366ab5-4121-477e-a26c-d2501b464c4e,CommLayer/Messages/AvalancheMessages$Message$TaskStatusMessage$Builder.java,buildPartial,->,67366ab5-4121-477e-a26c-d2501b464c4e,CommLayer/Messages/AvalancheMessages$Message$TaskStatusMessage$Builder.java,buildPartial
67366ab5-4121-477e-a26c-d2501b464c4e,CommLayer/Messages/AvalancheMessages$Message$TaskStatusMessage$Builder.java,build,->,67366ab5-4121-477e-a26c-d2501b464c4e,CommLayer/Messages/AvalancheMessages$Message$TaskStatusMessage$Builder.java,build
67366ab5-4121-477e-a26c-d2501b464c4e,CommLayer/Messages/AvalancheMessages$Message$TaskStatusMessage$Builder.java,clear,->,67366ab5-4121-477e-a26c-d2501b464c4e,CommLayer/Messages/AvalancheMessages$Message$TaskStatusMessage$Builder.java,clear
67366ab5-4121-477e-a26c-d2501b464c4e,CommLayer/Messages/AvalancheMessages$Message$TaskStatusMessage$Builder.java,getDefaultInstanceForType,->,67366ab5-4121-477e-a26c-d2501b464c4e,CommLayer/Messages/AvalancheMessages$Message$TaskStatusMessage$Builder.java,getDefaultInstanceForType
67366ab5-4121-477e-a26c-d2501b464c4e,CommLayer/Messages/AvalancheMessages$Message$TaskStatusMessage$Builder.java,getDefaultInstanceForType,->,67366ab5-4121-477e-a26c-d2501b464c4e,CommLayer/Messages/AvalancheMessages$Message$TaskStatusMessage$Builder.java,getDefaultInstanceForType
67366ab5-4121-477e-a26c-d2501b464c4e,CommLayer/Messages/AvalancheMessages$Message$TaskStatusMessage$Builder.java,mergeFrom,->,67366ab5-4121-477e-a26c-d2501b464c4e,CommLayer/Messages/AvalancheMessages$Message$TaskStatusMessage$Builder.java,mergeFrom
67366ab5-4121-477e-a26c-d2501b464c4e,CommLayer/Messages/AvalancheMessages$Message$TaskStatusMessage$Builder.java,clone,->,67366ab5-4121-477e-a26c-d2501b464c4e,CommLayer/Messages/AvalancheMessages$Message$TaskStatusMessage$Builder.java,clone
67366ab5-4121-477e-a26c-d2501b464c4e,CommLayer/Messages/AvalancheMessages$Message$TaskStatusMessage$Builder.java,clone,->,67366ab5-4121-477e-a26c-d2501b464c4e,CommLayer/Messages/AvalancheMessages$Message$TaskStatusMessage$Builder.java,clone
67366ab5-4121-477e-a26c-d2501b464c4e,CommLayer/Messages/AvalancheMessages$Message$TaskStatusMessage$Builder.java,access$2800,->,67366ab5-4121-477e-a26c-d2501b464c4e,CommLayer/Messages/AvalancheMessages$Message$TaskStatusMessage$Builder.java,create
67366ab5-4121-477e-a26c-d2501b464c4e,CommLayer/Messages/AvalancheMessages$Message$TopologyMessage$Node.java,getDescriptor,->,67366ab5-4121-477e-a26c-d2501b464c4e,CommLayer/Messages/AvalancheMessages.java,access$15800
67366ab5-4121-477e-a26c-d2501b464c4e,CommLayer/Messages/AvalancheMessages$Message$TopologyMessage$Node.java,internalGetFieldAccessorTable,->,67366ab5-4121-477e-a26c-d2501b464c4e,CommLayer/Messages/AvalancheMessages.java,access$15900
67366ab5-4121-477e-a26c-d2501b464c4e,CommLayer/Messages/AvalancheMessages$Message$TopologyMessage$Node.java,internalGetFieldAccessorTable,->,67366ab5-4121-477e-a26c-d2501b464c4e,com/google/protobuf/GeneratedMessage$FieldAccessorTable.java,ensureFieldAccessorsInitialized
67366ab5-4121-477e-a26c-d2501b464c4e,CommLayer/Messages/AvalancheMessages$Message$TopologyMessage$Node.java,getName,->,67366ab5-4121-477e-a26c-d2501b464c4e,com/google/protobuf/ByteString.java,toStringUtf8
67366ab5-4121-477e-a26c-d2501b464c4e,CommLayer/Messages/AvalancheMessages$Message$TopologyMessage$Node.java,getName,->,67366ab5-4121-477e-a26c-d2501b464c4e,com/google/protobuf/ByteString.java,isValidUtf8
67366ab5-4121-477e-a26c-d2501b464c4e,CommLayer/Messages/AvalancheMessages$Message$TopologyMessage$Node.java,getNameBytes,->,67366ab5-4121-477e-a26c-d2501b464c4e,com/google/protobuf/ByteString.java,copyFromUtf8
67366ab5-4121-477e-a26c-d2501b464c4e,CommLayer/Messages/AvalancheMessages$Message$TopologyMessage$Node.java,getInputsCount,->,67366ab5-4121-477e-a26c-d2501b464c4e,com/google/protobuf/LazyStringList.java,size
67366ab5-4121-477e-a26c-d2501b464c4e,CommLayer/Messages/AvalancheMessages$Message$TopologyMessage$Node.java,getInputs,->,67366ab5-4121-477e-a26c-d2501b464c4e,com/google/protobuf/LazyStringList.java,get
67366ab5-4121-477e-a26c-d2501b464c4e,CommLayer/Messages/AvalancheMessages$Message$TopologyMessage$Node.java,getInputsBytes,->,67366ab5-4121-477e-a26c-d2501b464c4e,com/google/protobuf/LazyStringList.java,getByteString
67366ab5-4121-477e-a26c-d2501b464c4e,CommLayer/Messages/AvalancheMessages$Message$TopologyMessage$Node.java,writeTo,->,67366ab5-4121-477e-a26c-d2501b464c4e,CommLayer/Messages/AvalancheMessages$Message$TopologyMessage$Node.java,getSerializedSize
67366ab5-4121-477e-a26c-d2501b464c4e,CommLayer/Messages/AvalancheMessages$Message$TopologyMessage$Node.java,writeTo,->,67366ab5-4121-477e-a26c-d2501b464c4e,CommLayer/Messages/AvalancheMessages$Message$TopologyMessage$Node.java,getNameBytes
67366ab5-4121-477e-a26c-d2501b464c4e,CommLayer/Messages/AvalancheMessages$Message$TopologyMessage$Node.java,writeTo,->,67366ab5-4121-477e-a26c-d2501b464c4e,com/google/protobuf/CodedOutputStream.java,writeBytes
67366ab5-4121-477e-a26c-d2501b464c4e,CommLayer/Messages/AvalancheMessages$Message$TopologyMessage$Node.java,writeTo,->,67366ab5-4121-477e-a26c-d2501b464c4e,com/google/protobuf/LazyStringList.java,size
67366ab5-4121-477e-a26c-d2501b464c4e,CommLayer/Messages/AvalancheMessages$Message$TopologyMessage$Node.java,writeTo,->,67366ab5-4121-477e-a26c-d2501b464c4e,com/google/protobuf/LazyStringList.java,getByteString
67366ab5-4121-477e-a26c-d2501b464c4e,CommLayer/Messages/AvalancheMessages$Message$TopologyMessage$Node.java,writeTo,->,67366ab5-4121-477e-a26c-d2501b464c4e,com/google/protobuf/CodedOutputStream.java,writeBytes
67366ab5-4121-477e-a26c-d2501b464c4e,CommLayer/Messages/AvalancheMessages$Message$TopologyMessage$Node.java,writeTo,->,67366ab5-4121-477e-a26c-d2501b464c4e,CommLayer/Messages/AvalancheMessages$Message$TopologyMessage$Node.java,getUnknownFields
67366ab5-4121-477e-a26c-d2501b464c4e,CommLayer/Messages/AvalancheMessages$Message$TopologyMessage$Node.java,writeTo,->,67366ab5-4121-477e-a26c-d2501b464c4e,com/google/protobuf/UnknownFieldSet.java,writeTo
67366ab5-4121-477e-a26c-d2501b464c4e,CommLayer/Messages/AvalancheMessages$Message$TopologyMessage$Node.java,getSerializedSize,->,67366ab5-4121-477e-a26c-d2501b464c4e,CommLayer/Messages/AvalancheMessages$Message$TopologyMessage$Node.java,getNameBytes
67366ab5-4121-477e-a26c-d2501b464c4e,CommLayer/Messages/AvalancheMessages$Message$TopologyMessage$Node.java,getSerializedSize,->,67366ab5-4121-477e-a26c-d2501b464c4e,com/google/protobuf/CodedOutputStream.java,computeBytesSize
67366ab5-4121-477e-a26c-d2501b464c4e,CommLayer/Messages/AvalancheMessages$Message$TopologyMessage$Node.java,getSerializedSize,->,67366ab5-4121-477e-a26c-d2501b464c4e,com/google/protobuf/LazyStringList.java,size
67366ab5-4121-477e-a26c-d2501b464c4e,CommLayer/Messages/AvalancheMessages$Message$TopologyMessage$Node.java,getSerializedSize,->,67366ab5-4121-477e-a26c-d2501b464c4e,com/google/protobuf/LazyStringList.java,getByteString
67366ab5-4121-477e-a26c-d2501b464c4e,CommLayer/Messages/AvalancheMessages$Message$TopologyMessage$Node.java,getSerializedSize,->,67366ab5-4121-477e-a26c-d2501b464c4e,com/google/protobuf/CodedOutputStream.java,computeBytesSizeNoTag
67366ab5-4121-477e-a26c-d2501b464c4e,CommLayer/Messages/AvalancheMessages$Message$TopologyMessage$Node.java,getSerializedSize,->,67366ab5-4121-477e-a26c-d2501b464c4e,CommLayer/Messages/AvalancheMessages$Message$TopologyMessage$Node.java,getInputsList
67366ab5-4121-477e-a26c-d2501b464c4e,CommLayer/Messages/AvalancheMessages$Message$TopologyMessage$Node.java,getSerializedSize,->,67366ab5-4121-477e-a26c-d2501b464c4e,java/util/List.java,size
67366ab5-4121-477e-a26c-d2501b464c4e,CommLayer/Messages/AvalancheMessages$Message$TopologyMessage$Node.java,getSerializedSize,->,67366ab5-4121-477e-a26c-d2501b464c4e,CommLayer/Messages/AvalancheMessages$Message$TopologyMessage$Node.java,getUnknownFields
67366ab5-4121-477e-a26c-d2501b464c4e,CommLayer/Messages/AvalancheMessages$Message$TopologyMessage$Node.java,getSerializedSize,->,67366ab5-4121-477e-a26c-d2501b464c4e,com/google/protobuf/UnknownFieldSet.java,getSerializedSize
67366ab5-4121-477e-a26c-d2501b464c4e,CommLayer/Messages/AvalancheMessages$Message$TopologyMessage$Node.java,writeReplace,->,67366ab5-4121-477e-a26c-d2501b464c4e,com/google/protobuf/GeneratedMessage.java,writeReplace
67366ab5-4121-477e-a26c-d2501b464c4e,CommLayer/Messages/AvalancheMessages$Message$TopologyMessage$Node.java,parseFrom,->,67366ab5-4121-477e-a26c-d2501b464c4e,com/google/protobuf/Parser.java,parseFrom
67366ab5-4121-477e-a26c-d2501b464c4e,CommLayer/Messages/AvalancheMessages$Message$TopologyMessage$Node.java,parseFrom,->,67366ab5-4121-477e-a26c-d2501b464c4e,com/google/protobuf/Parser.java,parseFrom
67366ab5-4121-477e-a26c-d2501b464c4e,CommLayer/Messages/AvalancheMessages$Message$TopologyMessage$Node.java,parseFrom,->,67366ab5-4121-477e-a26c-d2501b464c4e,com/google/protobuf/Parser.java,parseFrom
67366ab5-4121-477e-a26c-d2501b464c4e,CommLayer/Messages/AvalancheMessages$Message$TopologyMessage$Node.java,parseFrom,->,67366ab5-4121-477e-a26c-d2501b464c4e,com/google/protobuf/Parser.java,parseFrom
67366ab5-4121-477e-a26c-d2501b464c4e,CommLayer/Messages/AvalancheMessages$Message$TopologyMessage$Node.java,parseFrom,->,67366ab5-4121-477e-a26c-d2501b464c4e,com/google/protobuf/Parser.java,parseFrom
67366ab5-4121-477e-a26c-d2501b464c4e,CommLayer/Messages/AvalancheMessages$Message$TopologyMessage$Node.java,parseFrom,->,67366ab5-4121-477e-a26c-d2501b464c4e,com/google/protobuf/Parser.java,parseFrom
67366ab5-4121-477e-a26c-d2501b464c4e,CommLayer/Messages/AvalancheMessages$Message$TopologyMessage$Node.java,parseDelimitedFrom,->,67366ab5-4121-477e-a26c-d2501b464c4e,com/google/protobuf/Parser.java,parseDelimitedFrom
67366ab5-4121-477e-a26c-d2501b464c4e,CommLayer/Messages/AvalancheMessages$Message$TopologyMessage$Node.java,parseDelimitedFrom,->,67366ab5-4121-477e-a26c-d2501b464c4e,com/google/protobuf/Parser.java,parseDelimitedFrom
67366ab5-4121-477e-a26c-d2501b464c4e,CommLayer/Messages/AvalancheMessages$Message$TopologyMessage$Node.java,parseFrom,->,67366ab5-4121-477e-a26c-d2501b464c4e,com/google/protobuf/Parser.java,parseFrom
67366ab5-4121-477e-a26c-d2501b464c4e,CommLayer/Messages/AvalancheMessages$Message$TopologyMessage$Node.java,parseFrom,->,67366ab5-4121-477e-a26c-d2501b464c4e,com/google/protobuf/Parser.java,parseFrom
67366ab5-4121-477e-a26c-d2501b464c4e,CommLayer/Messages/AvalancheMessages$Message$TopologyMessage$Node.java,newBuilder,->,67366ab5-4121-477e-a26c-d2501b464c4e,CommLayer/Messages/AvalancheMessages$Message$TopologyMessage$Node$Builder.java,access$16100
67366ab5-4121-477e-a26c-d2501b464c4e,CommLayer/Messages/AvalancheMessages$Message$TopologyMessage$Node.java,newBuilderForType,->,67366ab5-4121-477e-a26c-d2501b464c4e,CommLayer/Messages/AvalancheMessages$Message$TopologyMessage$Node.java,newBuilder
67366ab5-4121-477e-a26c-d2501b464c4e,CommLayer/Messages/AvalancheMessages$Message$TopologyMessage$Node.java,newBuilder,->,67366ab5-4121-477e-a26c-d2501b464c4e,CommLayer/Messages/AvalancheMessages$Message$TopologyMessage$Node.java,newBuilder
67366ab5-4121-477e-a26c-d2501b464c4e,CommLayer/Messages/AvalancheMessages$Message$TopologyMessage$Node.java,newBuilder,->,67366ab5-4121-477e-a26c-d2501b464c4e,CommLayer/Messages/AvalancheMessages$Message$TopologyMessage$Node$Builder.java,mergeFrom
67366ab5-4121-477e-a26c-d2501b464c4e,CommLayer/Messages/AvalancheMessages$Message$TopologyMessage$Node.java,toBuilder,->,67366ab5-4121-477e-a26c-d2501b464c4e,CommLayer/Messages/AvalancheMessages$Message$TopologyMessage$Node.java,newBuilder
67366ab5-4121-477e-a26c-d2501b464c4e,CommLayer/Messages/AvalancheMessages$Message$TopologyMessage$Node.java,newBuilderForType,->,67366ab5-4121-477e-a26c-d2501b464c4e,CommLayer/Messages/AvalancheMessages$Message$TopologyMessage$Node.java,newBuilderForType
67366ab5-4121-477e-a26c-d2501b464c4e,CommLayer/Messages/AvalancheMessages$Message$TopologyMessage$Node.java,toBuilder,->,67366ab5-4121-477e-a26c-d2501b464c4e,CommLayer/Messages/AvalancheMessages$Message$TopologyMessage$Node.java,toBuilder
67366ab5-4121-477e-a26c-d2501b464c4e,CommLayer/Messages/AvalancheMessages$Message$TopologyMessage$Node.java,newBuilderForType,->,67366ab5-4121-477e-a26c-d2501b464c4e,CommLayer/Messages/AvalancheMessages$Message$TopologyMessage$Node.java,newBuilderForType
67366ab5-4121-477e-a26c-d2501b464c4e,CommLayer/Messages/AvalancheMessages$Message$TopologyMessage$Node.java,toBuilder,->,67366ab5-4121-477e-a26c-d2501b464c4e,CommLayer/Messages/AvalancheMessages$Message$TopologyMessage$Node.java,toBuilder
67366ab5-4121-477e-a26c-d2501b464c4e,CommLayer/Messages/AvalancheMessages$Message$TopologyMessage$Node.java,newBuilderForType,->,67366ab5-4121-477e-a26c-d2501b464c4e,CommLayer/Messages/AvalancheMessages$Message$TopologyMessage$Node.java,newBuilderForType
67366ab5-4121-477e-a26c-d2501b464c4e,CommLayer/Messages/AvalancheMessages$Message$TopologyMessage$Node.java,getDefaultInstanceForType,->,67366ab5-4121-477e-a26c-d2501b464c4e,CommLayer/Messages/AvalancheMessages$Message$TopologyMessage$Node.java,getDefaultInstanceForType
67366ab5-4121-477e-a26c-d2501b464c4e,CommLayer/Messages/AvalancheMessages$Message$TopologyMessage$Node.java,getDefaultInstanceForType,->,67366ab5-4121-477e-a26c-d2501b464c4e,CommLayer/Messages/AvalancheMessages$Message$TopologyMessage$Node.java,getDefaultInstanceForType
67366ab5-4121-477e-a26c-d2501b464c4e,CommLayer/Messages/AvalancheMessages$Message$TopologyMessage$Node.java,<clinit>,->,67366ab5-4121-477e-a26c-d2501b464c4e,CommLayer/Messages/AvalancheMessages$Message$TopologyMessage$Node.java,initFields
67366ab5-4121-477e-a26c-d2501b464c4e,CommLayer/Messages/AvalancheMessages$Message$DataManagerMessage$DataCopyResponseMessage$1.java,parsePartialFrom,->,67366ab5-4121-477e-a26c-d2501b464c4e,CommLayer/Messages/AvalancheMessages$Message$DataManagerMessage$DataCopyResponseMessage$1.java,parsePartialFrom
67366ab5-4121-477e-a26c-d2501b464c4e,CommLayer/Messages/AvalancheMessages$Message$TaskStatusMessage.java,getDescriptor,->,67366ab5-4121-477e-a26c-d2501b464c4e,CommLayer/Messages/AvalancheMessages.java,access$2500
67366ab5-4121-477e-a26c-d2501b464c4e,CommLayer/Messages/AvalancheMessages$Message$TaskStatusMessage.java,internalGetFieldAccessorTable,->,67366ab5-4121-477e-a26c-d2501b464c4e,CommLayer/Messages/AvalancheMessages.java,access$2600
67366ab5-4121-477e-a26c-d2501b464c4e,CommLayer/Messages/AvalancheMessages$Message$TaskStatusMessage.java,internalGetFieldAccessorTable,->,67366ab5-4121-477e-a26c-d2501b464c4e,com/google/protobuf/GeneratedMessage$FieldAccessorTable.java,ensureFieldAccessorsInitialized
67366ab5-4121-477e-a26c-d2501b464c4e,CommLayer/Messages/AvalancheMessages$Message$TaskStatusMessage.java,getId,->,67366ab5-4121-477e-a26c-d2501b464c4e,com/google/protobuf/ByteString.java,toStringUtf8
67366ab5-4121-477e-a26c-d2501b464c4e,CommLayer/Messages/AvalancheMessages$Message$TaskStatusMessage.java,getId,->,67366ab5-4121-477e-a26c-d2501b464c4e,com/google/protobuf/ByteString.java,isValidUtf8
67366ab5-4121-477e-a26c-d2501b464c4e,CommLayer/Messages/AvalancheMessages$Message$TaskStatusMessage.java,getIdBytes,->,67366ab5-4121-477e-a26c-d2501b464c4e,com/google/protobuf/ByteString.java,copyFromUtf8
67366ab5-4121-477e-a26c-d2501b464c4e,CommLayer/Messages/AvalancheMessages$Message$TaskStatusMessage.java,writeTo,->,67366ab5-4121-477e-a26c-d2501b464c4e,CommLayer/Messages/AvalancheMessages$Message$TaskStatusMessage.java,getSerializedSize
67366ab5-4121-477e-a26c-d2501b464c4e,CommLayer/Messages/AvalancheMessages$Message$TaskStatusMessage.java,writeTo,->,67366ab5-4121-477e-a26c-d2501b464c4e,CommLayer/Messages/AvalancheMessages$Message$TaskStatusMessage.java,getIdBytes
67366ab5-4121-477e-a26c-d2501b464c4e,CommLayer/Messages/AvalancheMessages$Message$TaskStatusMessage.java,writeTo,->,67366ab5-4121-477e-a26c-d2501b464c4e,com/google/protobuf/CodedOutputStream.java,writeBytes
67366ab5-4121-477e-a26c-d2501b464c4e,CommLayer/Messages/AvalancheMessages$Message$TaskStatusMessage.java,writeTo,->,67366ab5-4121-477e-a26c-d2501b464c4e,CommLayer/Messages/AvalancheMessages$Message$TaskStatusMessage$Status.java,getNumber
67366ab5-4121-477e-a26c-d2501b464c4e,CommLayer/Messages/AvalancheMessages$Message$TaskStatusMessage.java,writeTo,->,67366ab5-4121-477e-a26c-d2501b464c4e,com/google/protobuf/CodedOutputStream.java,writeEnum
67366ab5-4121-477e-a26c-d2501b464c4e,CommLayer/Messages/AvalancheMessages$Message$TaskStatusMessage.java,writeTo,->,67366ab5-4121-477e-a26c-d2501b464c4e,CommLayer/Messages/AvalancheMessages$Message$TaskStatusMessage.java,getUnknownFields
67366ab5-4121-477e-a26c-d2501b464c4e,CommLayer/Messages/AvalancheMessages$Message$TaskStatusMessage.java,writeTo,->,67366ab5-4121-477e-a26c-d2501b464c4e,com/google/protobuf/UnknownFieldSet.java,writeTo
67366ab5-4121-477e-a26c-d2501b464c4e,CommLayer/Messages/AvalancheMessages$Message$TaskStatusMessage.java,getSerializedSize,->,67366ab5-4121-477e-a26c-d2501b464c4e,CommLayer/Messages/AvalancheMessages$Message$TaskStatusMessage.java,getIdBytes
67366ab5-4121-477e-a26c-d2501b464c4e,CommLayer/Messages/AvalancheMessages$Message$TaskStatusMessage.java,getSerializedSize,->,67366ab5-4121-477e-a26c-d2501b464c4e,com/google/protobuf/CodedOutputStream.java,computeBytesSize
67366ab5-4121-477e-a26c-d2501b464c4e,CommLayer/Messages/AvalancheMessages$Message$TaskStatusMessage.java,getSerializedSize,->,67366ab5-4121-477e-a26c-d2501b464c4e,CommLayer/Messages/AvalancheMessages$Message$TaskStatusMessage$Status.java,getNumber
67366ab5-4121-477e-a26c-d2501b464c4e,CommLayer/Messages/AvalancheMessages$Message$TaskStatusMessage.java,getSerializedSize,->,67366ab5-4121-477e-a26c-d2501b464c4e,com/google/protobuf/CodedOutputStream.java,computeEnumSize
67366ab5-4121-477e-a26c-d2501b464c4e,CommLayer/Messages/AvalancheMessages$Message$TaskStatusMessage.java,getSerializedSize,->,67366ab5-4121-477e-a26c-d2501b464c4e,CommLayer/Messages/AvalancheMessages$Message$TaskStatusMessage.java,getUnknownFields
67366ab5-4121-477e-a26c-d2501b464c4e,CommLayer/Messages/AvalancheMessages$Message$TaskStatusMessage.java,getSerializedSize,->,67366ab5-4121-477e-a26c-d2501b464c4e,com/google/protobuf/UnknownFieldSet.java,getSerializedSize
67366ab5-4121-477e-a26c-d2501b464c4e,CommLayer/Messages/AvalancheMessages$Message$TaskStatusMessage.java,writeReplace,->,67366ab5-4121-477e-a26c-d2501b464c4e,com/google/protobuf/GeneratedMessage.java,writeReplace
67366ab5-4121-477e-a26c-d2501b464c4e,CommLayer/Messages/AvalancheMessages$Message$TaskStatusMessage.java,parseFrom,->,67366ab5-4121-477e-a26c-d2501b464c4e,com/google/protobuf/Parser.java,parseFrom
67366ab5-4121-477e-a26c-d2501b464c4e,CommLayer/Messages/AvalancheMessages$Message$TaskStatusMessage.java,parseFrom,->,67366ab5-4121-477e-a26c-d2501b464c4e,com/google/protobuf/Parser.java,parseFrom
67366ab5-4121-477e-a26c-d2501b464c4e,CommLayer/Messages/AvalancheMessages$Message$TaskStatusMessage.java,parseFrom,->,67366ab5-4121-477e-a26c-d2501b464c4e,com/google/protobuf/Parser.java,parseFrom
67366ab5-4121-477e-a26c-d2501b464c4e,CommLayer/Messages/AvalancheMessages$Message$TaskStatusMessage.java,parseFrom,->,67366ab5-4121-477e-a26c-d2501b464c4e,com/google/protobuf/Parser.java,parseFrom
67366ab5-4121-477e-a26c-d2501b464c4e,CommLayer/Messages/AvalancheMessages$Message$TaskStatusMessage.java,parseFrom,->,67366ab5-4121-477e-a26c-d2501b464c4e,com/google/protobuf/Parser.java,parseFrom
67366ab5-4121-477e-a26c-d2501b464c4e,CommLayer/Messages/AvalancheMessages$Message$TaskStatusMessage.java,parseFrom,->,67366ab5-4121-477e-a26c-d2501b464c4e,com/google/protobuf/Parser.java,parseFrom
67366ab5-4121-477e-a26c-d2501b464c4e,CommLayer/Messages/AvalancheMessages$Message$TaskStatusMessage.java,parseDelimitedFrom,->,67366ab5-4121-477e-a26c-d2501b464c4e,com/google/protobuf/Parser.java,parseDelimitedFrom
67366ab5-4121-477e-a26c-d2501b464c4e,CommLayer/Messages/AvalancheMessages$Message$TaskStatusMessage.java,parseDelimitedFrom,->,67366ab5-4121-477e-a26c-d2501b464c4e,com/google/protobuf/Parser.java,parseDelimitedFrom
67366ab5-4121-477e-a26c-d2501b464c4e,CommLayer/Messages/AvalancheMessages$Message$TaskStatusMessage.java,parseFrom,->,67366ab5-4121-477e-a26c-d2501b464c4e,com/google/protobuf/Parser.java,parseFrom
67366ab5-4121-477e-a26c-d2501b464c4e,CommLayer/Messages/AvalancheMessages$Message$TaskStatusMessage.java,parseFrom,->,67366ab5-4121-477e-a26c-d2501b464c4e,com/google/protobuf/Parser.java,parseFrom
67366ab5-4121-477e-a26c-d2501b464c4e,CommLayer/Messages/AvalancheMessages$Message$TaskStatusMessage.java,newBuilder,->,67366ab5-4121-477e-a26c-d2501b464c4e,CommLayer/Messages/AvalancheMessages$Message$TaskStatusMessage$Builder.java,access$2800
67366ab5-4121-477e-a26c-d2501b464c4e,CommLayer/Messages/AvalancheMessages$Message$TaskStatusMessage.java,newBuilderForType,->,67366ab5-4121-477e-a26c-d2501b464c4e,CommLayer/Messages/AvalancheMessages$Message$TaskStatusMessage.java,newBuilder
67366ab5-4121-477e-a26c-d2501b464c4e,CommLayer/Messages/AvalancheMessages$Message$TaskStatusMessage.java,newBuilder,->,67366ab5-4121-477e-a26c-d2501b464c4e,CommLayer/Messages/AvalancheMessages$Message$TaskStatusMessage.java,newBuilder
67366ab5-4121-477e-a26c-d2501b464c4e,CommLayer/Messages/AvalancheMessages$Message$TaskStatusMessage.java,newBuilder,->,67366ab5-4121-477e-a26c-d2501b464c4e,CommLayer/Messages/AvalancheMessages$Message$TaskStatusMessage$Builder.java,mergeFrom
67366ab5-4121-477e-a26c-d2501b464c4e,CommLayer/Messages/AvalancheMessages$Message$TaskStatusMessage.java,toBuilder,->,67366ab5-4121-477e-a26c-d2501b464c4e,CommLayer/Messages/AvalancheMessages$Message$TaskStatusMessage.java,newBuilder
67366ab5-4121-477e-a26c-d2501b464c4e,CommLayer/Messages/AvalancheMessages$Message$TaskStatusMessage.java,newBuilderForType,->,67366ab5-4121-477e-a26c-d2501b464c4e,CommLayer/Messages/AvalancheMessages$Message$TaskStatusMessage.java,newBuilderForType
67366ab5-4121-477e-a26c-d2501b464c4e,CommLayer/Messages/AvalancheMessages$Message$TaskStatusMessage.java,toBuilder,->,67366ab5-4121-477e-a26c-d2501b464c4e,CommLayer/Messages/AvalancheMessages$Message$TaskStatusMessage.java,toBuilder
67366ab5-4121-477e-a26c-d2501b464c4e,CommLayer/Messages/AvalancheMessages$Message$TaskStatusMessage.java,newBuilderForType,->,67366ab5-4121-477e-a26c-d2501b464c4e,CommLayer/Messages/AvalancheMessages$Message$TaskStatusMessage.java,newBuilderForType
67366ab5-4121-477e-a26c-d2501b464c4e,CommLayer/Messages/AvalancheMessages$Message$TaskStatusMessage.java,toBuilder,->,67366ab5-4121-477e-a26c-d2501b464c4e,CommLayer/Messages/AvalancheMessages$Message$TaskStatusMessage.java,toBuilder
67366ab5-4121-477e-a26c-d2501b464c4e,CommLayer/Messages/AvalancheMessages$Message$TaskStatusMessage.java,newBuilderForType,->,67366ab5-4121-477e-a26c-d2501b464c4e,CommLayer/Messages/AvalancheMessages$Message$TaskStatusMessage.java,newBuilderForType
67366ab5-4121-477e-a26c-d2501b464c4e,CommLayer/Messages/AvalancheMessages$Message$TaskStatusMessage.java,getDefaultInstanceForType,->,67366ab5-4121-477e-a26c-d2501b464c4e,CommLayer/Messages/AvalancheMessages$Message$TaskStatusMessage.java,getDefaultInstanceForType
67366ab5-4121-477e-a26c-d2501b464c4e,CommLayer/Messages/AvalancheMessages$Message$TaskStatusMessage.java,getDefaultInstanceForType,->,67366ab5-4121-477e-a26c-d2501b464c4e,CommLayer/Messages/AvalancheMessages$Message$TaskStatusMessage.java,getDefaultInstanceForType
67366ab5-4121-477e-a26c-d2501b464c4e,CommLayer/Messages/AvalancheMessages$Message$TaskStatusMessage.java,<clinit>,->,67366ab5-4121-477e-a26c-d2501b464c4e,CommLayer/Messages/AvalancheMessages$Message$TaskStatusMessage.java,initFields
67366ab5-4121-477e-a26c-d2501b464c4e,CommLayer/Messages/AvalancheMessages$Message$DataManagerMessage$DataCopyCompleteMessage$1.java,parsePartialFrom,->,67366ab5-4121-477e-a26c-d2501b464c4e,CommLayer/Messages/AvalancheMessages$Message$DataManagerMessage$DataCopyCompleteMessage$1.java,parsePartialFrom
67366ab5-4121-477e-a26c-d2501b464c4e,CommLayer/Messages/AvalancheMessages$Message$DataPair$1.java,parsePartialFrom,->,67366ab5-4121-477e-a26c-d2501b464c4e,CommLayer/Messages/AvalancheMessages$Message$DataPair$1.java,parsePartialFrom
67366ab5-4121-477e-a26c-d2501b464c4e,CommLayer/Messages/AvalancheMessages$Message$DataManagerMessage$DataRegMessage$1.java,parsePartialFrom,->,67366ab5-4121-477e-a26c-d2501b464c4e,CommLayer/Messages/AvalancheMessages$Message$DataManagerMessage$DataRegMessage$1.java,parsePartialFrom
67366ab5-4121-477e-a26c-d2501b464c4e,CommLayer/Messages/AvalancheMessages$Message$DataPair$Builder.java,getDescriptor,->,67366ab5-4121-477e-a26c-d2501b464c4e,CommLayer/Messages/AvalancheMessages.java,access$7100
67366ab5-4121-477e-a26c-d2501b464c4e,CommLayer/Messages/AvalancheMessages$Message$DataPair$Builder.java,internalGetFieldAccessorTable,->,67366ab5-4121-477e-a26c-d2501b464c4e,CommLayer/Messages/AvalancheMessages.java,access$7200
67366ab5-4121-477e-a26c-d2501b464c4e,CommLayer/Messages/AvalancheMessages$Message$DataPair$Builder.java,internalGetFieldAccessorTable,->,67366ab5-4121-477e-a26c-d2501b464c4e,com/google/protobuf/GeneratedMessage$FieldAccessorTable.java,ensureFieldAccessorsInitialized
67366ab5-4121-477e-a26c-d2501b464c4e,CommLayer/Messages/AvalancheMessages$Message$DataPair$Builder.java,maybeForceBuilderInitialization,->,67366ab5-4121-477e-a26c-d2501b464c4e,CommLayer/Messages/AvalancheMessages$Message$DataPair.java,access$7600
67366ab5-4121-477e-a26c-d2501b464c4e,CommLayer/Messages/AvalancheMessages$Message$DataPair$Builder.java,clear,->,67366ab5-4121-477e-a26c-d2501b464c4e,com/google/protobuf/GeneratedMessage$Builder.java,clear
67366ab5-4121-477e-a26c-d2501b464c4e,CommLayer/Messages/AvalancheMessages$Message$DataPair$Builder.java,clone,->,67366ab5-4121-477e-a26c-d2501b464c4e,CommLayer/Messages/AvalancheMessages$Message$DataPair$Builder.java,create
67366ab5-4121-477e-a26c-d2501b464c4e,CommLayer/Messages/AvalancheMessages$Message$DataPair$Builder.java,clone,->,67366ab5-4121-477e-a26c-d2501b464c4e,CommLayer/Messages/AvalancheMessages$Message$DataPair$Builder.java,buildPartial
67366ab5-4121-477e-a26c-d2501b464c4e,CommLayer/Messages/AvalancheMessages$Message$DataPair$Builder.java,clone,->,67366ab5-4121-477e-a26c-d2501b464c4e,CommLayer/Messages/AvalancheMessages$Message$DataPair$Builder.java,mergeFrom
67366ab5-4121-477e-a26c-d2501b464c4e,CommLayer/Messages/AvalancheMessages$Message$DataPair$Builder.java,getDescriptorForType,->,67366ab5-4121-477e-a26c-d2501b464c4e,CommLayer/Messages/AvalancheMessages.java,access$7100
67366ab5-4121-477e-a26c-d2501b464c4e,CommLayer/Messages/AvalancheMessages$Message$DataPair$Builder.java,getDefaultInstanceForType,->,67366ab5-4121-477e-a26c-d2501b464c4e,CommLayer/Messages/AvalancheMessages$Message$DataPair.java,getDefaultInstance
67366ab5-4121-477e-a26c-d2501b464c4e,CommLayer/Messages/AvalancheMessages$Message$DataPair$Builder.java,build,->,67366ab5-4121-477e-a26c-d2501b464c4e,CommLayer/Messages/AvalancheMessages$Message$DataPair$Builder.java,buildPartial
67366ab5-4121-477e-a26c-d2501b464c4e,CommLayer/Messages/AvalancheMessages$Message$DataPair$Builder.java,build,->,67366ab5-4121-477e-a26c-d2501b464c4e,CommLayer/Messages/AvalancheMessages$Message$DataPair.java,isInitialized
67366ab5-4121-477e-a26c-d2501b464c4e,CommLayer/Messages/AvalancheMessages$Message$DataPair$Builder.java,build,->,67366ab5-4121-477e-a26c-d2501b464c4e,CommLayer/Messages/AvalancheMessages$Message$DataPair$Builder.java,newUninitializedMessageException
67366ab5-4121-477e-a26c-d2501b464c4e,CommLayer/Messages/AvalancheMessages$Message$DataPair$Builder.java,buildPartial,->,67366ab5-4121-477e-a26c-d2501b464c4e,CommLayer/Messages/AvalancheMessages$Message$DataPair.java,access$7802
67366ab5-4121-477e-a26c-d2501b464c4e,CommLayer/Messages/AvalancheMessages$Message$DataPair$Builder.java,buildPartial,->,67366ab5-4121-477e-a26c-d2501b464c4e,CommLayer/Messages/AvalancheMessages$Message$DataPair.java,access$7902
67366ab5-4121-477e-a26c-d2501b464c4e,CommLayer/Messages/AvalancheMessages$Message$DataPair$Builder.java,buildPartial,->,67366ab5-4121-477e-a26c-d2501b464c4e,CommLayer/Messages/AvalancheMessages$Message$DataPair.java,access$8002
67366ab5-4121-477e-a26c-d2501b464c4e,CommLayer/Messages/AvalancheMessages$Message$DataPair$Builder.java,buildPartial,->,67366ab5-4121-477e-a26c-d2501b464c4e,CommLayer/Messages/AvalancheMessages$Message$DataPair$Builder.java,onBuilt
67366ab5-4121-477e-a26c-d2501b464c4e,CommLayer/Messages/AvalancheMessages$Message$DataPair$Builder.java,mergeFrom,->,67366ab5-4121-477e-a26c-d2501b464c4e,CommLayer/Messages/AvalancheMessages$Message$DataPair$Builder.java,mergeFrom
67366ab5-4121-477e-a26c-d2501b464c4e,CommLayer/Messages/AvalancheMessages$Message$DataPair$Builder.java,mergeFrom,->,67366ab5-4121-477e-a26c-d2501b464c4e,com/google/protobuf/GeneratedMessage$Builder.java,mergeFrom
67366ab5-4121-477e-a26c-d2501b464c4e,CommLayer/Messages/AvalancheMessages$Message$DataPair$Builder.java,mergeFrom,->,67366ab5-4121-477e-a26c-d2501b464c4e,CommLayer/Messages/AvalancheMessages$Message$DataPair.java,getDefaultInstance
67366ab5-4121-477e-a26c-d2501b464c4e,CommLayer/Messages/AvalancheMessages$Message$DataPair$Builder.java,mergeFrom,->,67366ab5-4121-477e-a26c-d2501b464c4e,CommLayer/Messages/AvalancheMessages$Message$DataPair.java,hasKey
67366ab5-4121-477e-a26c-d2501b464c4e,CommLayer/Messages/AvalancheMessages$Message$DataPair$Builder.java,mergeFrom,->,67366ab5-4121-477e-a26c-d2501b464c4e,CommLayer/Messages/AvalancheMessages$Message$DataPair.java,access$7800
67366ab5-4121-477e-a26c-d2501b464c4e,CommLayer/Messages/AvalancheMessages$Message$DataPair$Builder.java,mergeFrom,->,67366ab5-4121-477e-a26c-d2501b464c4e,CommLayer/Messages/AvalancheMessages$Message$DataPair$Builder.java,onChanged
67366ab5-4121-477e-a26c-d2501b464c4e,CommLayer/Messages/AvalancheMessages$Message$DataPair$Builder.java,mergeFrom,->,67366ab5-4121-477e-a26c-d2501b464c4e,CommLayer/Messages/AvalancheMessages$Message$DataPair.java,hasValue
67366ab5-4121-477e-a26c-d2501b464c4e,CommLayer/Messages/AvalancheMessages$Message$DataPair$Builder.java,mergeFrom,->,67366ab5-4121-477e-a26c-d2501b464c4e,CommLayer/Messages/AvalancheMessages$Message$DataPair.java,access$7900
67366ab5-4121-477e-a26c-d2501b464c4e,CommLayer/Messages/AvalancheMessages$Message$DataPair$Builder.java,mergeFrom,->,67366ab5-4121-477e-a26c-d2501b464c4e,CommLayer/Messages/AvalancheMessages$Message$DataPair$Builder.java,onChanged
67366ab5-4121-477e-a26c-d2501b464c4e,CommLayer/Messages/AvalancheMessages$Message$DataPair$Builder.java,mergeFrom,->,67366ab5-4121-477e-a26c-d2501b464c4e,CommLayer/Messages/AvalancheMessages$Message$DataPair.java,getUnknownFields
67366ab5-4121-477e-a26c-d2501b464c4e,CommLayer/Messages/AvalancheMessages$Message$DataPair$Builder.java,mergeFrom,->,67366ab5-4121-477e-a26c-d2501b464c4e,CommLayer/Messages/AvalancheMessages$Message$DataPair$Builder.java,mergeUnknownFields
67366ab5-4121-477e-a26c-d2501b464c4e,CommLayer/Messages/AvalancheMessages$Message$DataPair$Builder.java,mergeFrom,->,67366ab5-4121-477e-a26c-d2501b464c4e,com/google/protobuf/Parser.java,parsePartialFrom
67366ab5-4121-477e-a26c-d2501b464c4e,CommLayer/Messages/AvalancheMessages$Message$DataPair$Builder.java,mergeFrom,->,67366ab5-4121-477e-a26c-d2501b464c4e,CommLayer/Messages/AvalancheMessages$Message$DataPair$Builder.java,mergeFrom
67366ab5-4121-477e-a26c-d2501b464c4e,CommLayer/Messages/AvalancheMessages$Message$DataPair$Builder.java,mergeFrom,->,67366ab5-4121-477e-a26c-d2501b464c4e,com/google/protobuf/InvalidProtocolBufferException.java,getUnfinishedMessage
67366ab5-4121-477e-a26c-d2501b464c4e,CommLayer/Messages/AvalancheMessages$Message$DataPair$Builder.java,mergeFrom,->,67366ab5-4121-477e-a26c-d2501b464c4e,CommLayer/Messages/AvalancheMessages$Message$DataPair$Builder.java,mergeFrom
67366ab5-4121-477e-a26c-d2501b464c4e,CommLayer/Messages/AvalancheMessages$Message$DataPair$Builder.java,getKey,->,67366ab5-4121-477e-a26c-d2501b464c4e,com/google/protobuf/ByteString.java,toStringUtf8
67366ab5-4121-477e-a26c-d2501b464c4e,CommLayer/Messages/AvalancheMessages$Message$DataPair$Builder.java,getKeyBytes,->,67366ab5-4121-477e-a26c-d2501b464c4e,com/google/protobuf/ByteString.java,copyFromUtf8
67366ab5-4121-477e-a26c-d2501b464c4e,CommLayer/Messages/AvalancheMessages$Message$DataPair$Builder.java,setKey,->,67366ab5-4121-477e-a26c-d2501b464c4e,CommLayer/Messages/AvalancheMessages$Message$DataPair$Builder.java,onChanged
67366ab5-4121-477e-a26c-d2501b464c4e,CommLayer/Messages/AvalancheMessages$Message$DataPair$Builder.java,clearKey,->,67366ab5-4121-477e-a26c-d2501b464c4e,CommLayer/Messages/AvalancheMessages$Message$DataPair.java,getDefaultInstance
67366ab5-4121-477e-a26c-d2501b464c4e,CommLayer/Messages/AvalancheMessages$Message$DataPair$Builder.java,clearKey,->,67366ab5-4121-477e-a26c-d2501b464c4e,CommLayer/Messages/AvalancheMessages$Message$DataPair.java,getKey
67366ab5-4121-477e-a26c-d2501b464c4e,CommLayer/Messages/AvalancheMessages$Message$DataPair$Builder.java,clearKey,->,67366ab5-4121-477e-a26c-d2501b464c4e,CommLayer/Messages/AvalancheMessages$Message$DataPair$Builder.java,onChanged
67366ab5-4121-477e-a26c-d2501b464c4e,CommLayer/Messages/AvalancheMessages$Message$DataPair$Builder.java,setKeyBytes,->,67366ab5-4121-477e-a26c-d2501b464c4e,CommLayer/Messages/AvalancheMessages$Message$DataPair$Builder.java,onChanged
67366ab5-4121-477e-a26c-d2501b464c4e,CommLayer/Messages/AvalancheMessages$Message$DataPair$Builder.java,getValue,->,67366ab5-4121-477e-a26c-d2501b464c4e,com/google/protobuf/ByteString.java,toStringUtf8
67366ab5-4121-477e-a26c-d2501b464c4e,CommLayer/Messages/AvalancheMessages$Message$DataPair$Builder.java,getValueBytes,->,67366ab5-4121-477e-a26c-d2501b464c4e,com/google/protobuf/ByteString.java,copyFromUtf8
67366ab5-4121-477e-a26c-d2501b464c4e,CommLayer/Messages/AvalancheMessages$Message$DataPair$Builder.java,setValue,->,67366ab5-4121-477e-a26c-d2501b464c4e,CommLayer/Messages/AvalancheMessages$Message$DataPair$Builder.java,onChanged
67366ab5-4121-477e-a26c-d2501b464c4e,CommLayer/Messages/AvalancheMessages$Message$DataPair$Builder.java,clearValue,->,67366ab5-4121-477e-a26c-d2501b464c4e,CommLayer/Messages/AvalancheMessages$Message$DataPair.java,getDefaultInstance
67366ab5-4121-477e-a26c-d2501b464c4e,CommLayer/Messages/AvalancheMessages$Message$DataPair$Builder.java,clearValue,->,67366ab5-4121-477e-a26c-d2501b464c4e,CommLayer/Messages/AvalancheMessages$Message$DataPair.java,getValue
67366ab5-4121-477e-a26c-d2501b464c4e,CommLayer/Messages/AvalancheMessages$Message$DataPair$Builder.java,clearValue,->,67366ab5-4121-477e-a26c-d2501b464c4e,CommLayer/Messages/AvalancheMessages$Message$DataPair$Builder.java,onChanged
67366ab5-4121-477e-a26c-d2501b464c4e,CommLayer/Messages/AvalancheMessages$Message$DataPair$Builder.java,setValueBytes,->,67366ab5-4121-477e-a26c-d2501b464c4e,CommLayer/Messages/AvalancheMessages$Message$DataPair$Builder.java,onChanged
67366ab5-4121-477e-a26c-d2501b464c4e,CommLayer/Messages/AvalancheMessages$Message$DataPair$Builder.java,clear,->,67366ab5-4121-477e-a26c-d2501b464c4e,CommLayer/Messages/AvalancheMessages$Message$DataPair$Builder.java,clear
67366ab5-4121-477e-a26c-d2501b464c4e,CommLayer/Messages/AvalancheMessages$Message$DataPair$Builder.java,clone,->,67366ab5-4121-477e-a26c-d2501b464c4e,CommLayer/Messages/AvalancheMessages$Message$DataPair$Builder.java,clone
67366ab5-4121-477e-a26c-d2501b464c4e,CommLayer/Messages/AvalancheMessages$Message$DataPair$Builder.java,mergeFrom,->,67366ab5-4121-477e-a26c-d2501b464c4e,CommLayer/Messages/AvalancheMessages$Message$DataPair$Builder.java,mergeFrom
67366ab5-4121-477e-a26c-d2501b464c4e,CommLayer/Messages/AvalancheMessages$Message$DataPair$Builder.java,mergeFrom,->,67366ab5-4121-477e-a26c-d2501b464c4e,CommLayer/Messages/AvalancheMessages$Message$DataPair$Builder.java,mergeFrom
67366ab5-4121-477e-a26c-d2501b464c4e,CommLayer/Messages/AvalancheMessages$Message$DataPair$Builder.java,clear,->,67366ab5-4121-477e-a26c-d2501b464c4e,CommLayer/Messages/AvalancheMessages$Message$DataPair$Builder.java,clear
67366ab5-4121-477e-a26c-d2501b464c4e,CommLayer/Messages/AvalancheMessages$Message$DataPair$Builder.java,clone,->,67366ab5-4121-477e-a26c-d2501b464c4e,CommLayer/Messages/AvalancheMessages$Message$DataPair$Builder.java,clone
67366ab5-4121-477e-a26c-d2501b464c4e,CommLayer/Messages/AvalancheMessages$Message$DataPair$Builder.java,mergeFrom,->,67366ab5-4121-477e-a26c-d2501b464c4e,CommLayer/Messages/AvalancheMessages$Message$DataPair$Builder.java,mergeFrom
67366ab5-4121-477e-a26c-d2501b464c4e,CommLayer/Messages/AvalancheMessages$Message$DataPair$Builder.java,clone,->,67366ab5-4121-477e-a26c-d2501b464c4e,CommLayer/Messages/AvalancheMessages$Message$DataPair$Builder.java,clone
67366ab5-4121-477e-a26c-d2501b464c4e,CommLayer/Messages/AvalancheMessages$Message$DataPair$Builder.java,buildPartial,->,67366ab5-4121-477e-a26c-d2501b464c4e,CommLayer/Messages/AvalancheMessages$Message$DataPair$Builder.java,buildPartial
67366ab5-4121-477e-a26c-d2501b464c4e,CommLayer/Messages/AvalancheMessages$Message$DataPair$Builder.java,build,->,67366ab5-4121-477e-a26c-d2501b464c4e,CommLayer/Messages/AvalancheMessages$Message$DataPair$Builder.java,build
67366ab5-4121-477e-a26c-d2501b464c4e,CommLayer/Messages/AvalancheMessages$Message$DataPair$Builder.java,mergeFrom,->,67366ab5-4121-477e-a26c-d2501b464c4e,CommLayer/Messages/AvalancheMessages$Message$DataPair$Builder.java,mergeFrom
67366ab5-4121-477e-a26c-d2501b464c4e,CommLayer/Messages/AvalancheMessages$Message$DataPair$Builder.java,clear,->,67366ab5-4121-477e-a26c-d2501b464c4e,CommLayer/Messages/AvalancheMessages$Message$DataPair$Builder.java,clear
67366ab5-4121-477e-a26c-d2501b464c4e,CommLayer/Messages/AvalancheMessages$Message$DataPair$Builder.java,mergeFrom,->,67366ab5-4121-477e-a26c-d2501b464c4e,CommLayer/Messages/AvalancheMessages$Message$DataPair$Builder.java,mergeFrom
67366ab5-4121-477e-a26c-d2501b464c4e,CommLayer/Messages/AvalancheMessages$Message$DataPair$Builder.java,clone,->,67366ab5-4121-477e-a26c-d2501b464c4e,CommLayer/Messages/AvalancheMessages$Message$DataPair$Builder.java,clone
67366ab5-4121-477e-a26c-d2501b464c4e,CommLayer/Messages/AvalancheMessages$Message$DataPair$Builder.java,buildPartial,->,67366ab5-4121-477e-a26c-d2501b464c4e,CommLayer/Messages/AvalancheMessages$Message$DataPair$Builder.java,buildPartial
67366ab5-4121-477e-a26c-d2501b464c4e,CommLayer/Messages/AvalancheMessages$Message$DataPair$Builder.java,build,->,67366ab5-4121-477e-a26c-d2501b464c4e,CommLayer/Messages/AvalancheMessages$Message$DataPair$Builder.java,build
67366ab5-4121-477e-a26c-d2501b464c4e,CommLayer/Messages/AvalancheMessages$Message$DataPair$Builder.java,clear,->,67366ab5-4121-477e-a26c-d2501b464c4e,CommLayer/Messages/AvalancheMessages$Message$DataPair$Builder.java,clear
67366ab5-4121-477e-a26c-d2501b464c4e,CommLayer/Messages/AvalancheMessages$Message$DataPair$Builder.java,getDefaultInstanceForType,->,67366ab5-4121-477e-a26c-d2501b464c4e,CommLayer/Messages/AvalancheMessages$Message$DataPair$Builder.java,getDefaultInstanceForType
67366ab5-4121-477e-a26c-d2501b464c4e,CommLayer/Messages/AvalancheMessages$Message$DataPair$Builder.java,getDefaultInstanceForType,->,67366ab5-4121-477e-a26c-d2501b464c4e,CommLayer/Messages/AvalancheMessages$Message$DataPair$Builder.java,getDefaultInstanceForType
67366ab5-4121-477e-a26c-d2501b464c4e,CommLayer/Messages/AvalancheMessages$Message$DataPair$Builder.java,mergeFrom,->,67366ab5-4121-477e-a26c-d2501b464c4e,CommLayer/Messages/AvalancheMessages$Message$DataPair$Builder.java,mergeFrom
67366ab5-4121-477e-a26c-d2501b464c4e,CommLayer/Messages/AvalancheMessages$Message$DataPair$Builder.java,clone,->,67366ab5-4121-477e-a26c-d2501b464c4e,CommLayer/Messages/AvalancheMessages$Message$DataPair$Builder.java,clone
67366ab5-4121-477e-a26c-d2501b464c4e,CommLayer/Messages/AvalancheMessages$Message$DataPair$Builder.java,clone,->,67366ab5-4121-477e-a26c-d2501b464c4e,CommLayer/Messages/AvalancheMessages$Message$DataPair$Builder.java,clone
67366ab5-4121-477e-a26c-d2501b464c4e,CommLayer/Messages/AvalancheMessages$Message$DataPair$Builder.java,access$7400,->,67366ab5-4121-477e-a26c-d2501b464c4e,CommLayer/Messages/AvalancheMessages$Message$DataPair$Builder.java,create
67366ab5-4121-477e-a26c-d2501b464c4e,CommLayer/Messages/AvalancheMessages$Message$Location$Builder.java,getDescriptor,->,67366ab5-4121-477e-a26c-d2501b464c4e,CommLayer/Messages/AvalancheMessages.java,access$300
67366ab5-4121-477e-a26c-d2501b464c4e,CommLayer/Messages/AvalancheMessages$Message$Location$Builder.java,internalGetFieldAccessorTable,->,67366ab5-4121-477e-a26c-d2501b464c4e,CommLayer/Messages/AvalancheMessages.java,access$400
67366ab5-4121-477e-a26c-d2501b464c4e,CommLayer/Messages/AvalancheMessages$Message$Location$Builder.java,internalGetFieldAccessorTable,->,67366ab5-4121-477e-a26c-d2501b464c4e,com/google/protobuf/GeneratedMessage$FieldAccessorTable.java,ensureFieldAccessorsInitialized
67366ab5-4121-477e-a26c-d2501b464c4e,CommLayer/Messages/AvalancheMessages$Message$Location$Builder.java,maybeForceBuilderInitialization,->,67366ab5-4121-477e-a26c-d2501b464c4e,CommLayer/Messages/AvalancheMessages$Message$Location.java,access$800
67366ab5-4121-477e-a26c-d2501b464c4e,CommLayer/Messages/AvalancheMessages$Message$Location$Builder.java,clear,->,67366ab5-4121-477e-a26c-d2501b464c4e,com/google/protobuf/GeneratedMessage$Builder.java,clear
67366ab5-4121-477e-a26c-d2501b464c4e,CommLayer/Messages/AvalancheMessages$Message$Location$Builder.java,clone,->,67366ab5-4121-477e-a26c-d2501b464c4e,CommLayer/Messages/AvalancheMessages$Message$Location$Builder.java,create
67366ab5-4121-477e-a26c-d2501b464c4e,CommLayer/Messages/AvalancheMessages$Message$Location$Builder.java,clone,->,67366ab5-4121-477e-a26c-d2501b464c4e,CommLayer/Messages/AvalancheMessages$Message$Location$Builder.java,buildPartial
67366ab5-4121-477e-a26c-d2501b464c4e,CommLayer/Messages/AvalancheMessages$Message$Location$Builder.java,clone,->,67366ab5-4121-477e-a26c-d2501b464c4e,CommLayer/Messages/AvalancheMessages$Message$Location$Builder.java,mergeFrom
67366ab5-4121-477e-a26c-d2501b464c4e,CommLayer/Messages/AvalancheMessages$Message$Location$Builder.java,getDescriptorForType,->,67366ab5-4121-477e-a26c-d2501b464c4e,CommLayer/Messages/AvalancheMessages.java,access$300
67366ab5-4121-477e-a26c-d2501b464c4e,CommLayer/Messages/AvalancheMessages$Message$Location$Builder.java,getDefaultInstanceForType,->,67366ab5-4121-477e-a26c-d2501b464c4e,CommLayer/Messages/AvalancheMessages$Message$Location.java,getDefaultInstance
67366ab5-4121-477e-a26c-d2501b464c4e,CommLayer/Messages/AvalancheMessages$Message$Location$Builder.java,build,->,67366ab5-4121-477e-a26c-d2501b464c4e,CommLayer/Messages/AvalancheMessages$Message$Location$Builder.java,buildPartial
67366ab5-4121-477e-a26c-d2501b464c4e,CommLayer/Messages/AvalancheMessages$Message$Location$Builder.java,build,->,67366ab5-4121-477e-a26c-d2501b464c4e,CommLayer/Messages/AvalancheMessages$Message$Location.java,isInitialized
67366ab5-4121-477e-a26c-d2501b464c4e,CommLayer/Messages/AvalancheMessages$Message$Location$Builder.java,build,->,67366ab5-4121-477e-a26c-d2501b464c4e,CommLayer/Messages/AvalancheMessages$Message$Location$Builder.java,newUninitializedMessageException
67366ab5-4121-477e-a26c-d2501b464c4e,CommLayer/Messages/AvalancheMessages$Message$Location$Builder.java,buildPartial,->,67366ab5-4121-477e-a26c-d2501b464c4e,CommLayer/Messages/AvalancheMessages$Message$Location.java,access$1002
67366ab5-4121-477e-a26c-d2501b464c4e,CommLayer/Messages/AvalancheMessages$Message$Location$Builder.java,buildPartial,->,67366ab5-4121-477e-a26c-d2501b464c4e,CommLayer/Messages/AvalancheMessages$Message$Location.java,access$1102
67366ab5-4121-477e-a26c-d2501b464c4e,CommLayer/Messages/AvalancheMessages$Message$Location$Builder.java,buildPartial,->,67366ab5-4121-477e-a26c-d2501b464c4e,CommLayer/Messages/AvalancheMessages$Message$Location.java,access$1202
67366ab5-4121-477e-a26c-d2501b464c4e,CommLayer/Messages/AvalancheMessages$Message$Location$Builder.java,buildPartial,->,67366ab5-4121-477e-a26c-d2501b464c4e,CommLayer/Messages/AvalancheMessages$Message$Location$Builder.java,onBuilt
67366ab5-4121-477e-a26c-d2501b464c4e,CommLayer/Messages/AvalancheMessages$Message$Location$Builder.java,mergeFrom,->,67366ab5-4121-477e-a26c-d2501b464c4e,CommLayer/Messages/AvalancheMessages$Message$Location$Builder.java,mergeFrom
67366ab5-4121-477e-a26c-d2501b464c4e,CommLayer/Messages/AvalancheMessages$Message$Location$Builder.java,mergeFrom,->,67366ab5-4121-477e-a26c-d2501b464c4e,com/google/protobuf/GeneratedMessage$Builder.java,mergeFrom
67366ab5-4121-477e-a26c-d2501b464c4e,CommLayer/Messages/AvalancheMessages$Message$Location$Builder.java,mergeFrom,->,67366ab5-4121-477e-a26c-d2501b464c4e,CommLayer/Messages/AvalancheMessages$Message$Location.java,getDefaultInstance
67366ab5-4121-477e-a26c-d2501b464c4e,CommLayer/Messages/AvalancheMessages$Message$Location$Builder.java,mergeFrom,->,67366ab5-4121-477e-a26c-d2501b464c4e,CommLayer/Messages/AvalancheMessages$Message$Location.java,hasHost
67366ab5-4121-477e-a26c-d2501b464c4e,CommLayer/Messages/AvalancheMessages$Message$Location$Builder.java,mergeFrom,->,67366ab5-4121-477e-a26c-d2501b464c4e,CommLayer/Messages/AvalancheMessages$Message$Location.java,access$1000
67366ab5-4121-477e-a26c-d2501b464c4e,CommLayer/Messages/AvalancheMessages$Message$Location$Builder.java,mergeFrom,->,67366ab5-4121-477e-a26c-d2501b464c4e,CommLayer/Messages/AvalancheMessages$Message$Location$Builder.java,onChanged
67366ab5-4121-477e-a26c-d2501b464c4e,CommLayer/Messages/AvalancheMessages$Message$Location$Builder.java,mergeFrom,->,67366ab5-4121-477e-a26c-d2501b464c4e,CommLayer/Messages/AvalancheMessages$Message$Location.java,hasPort
67366ab5-4121-477e-a26c-d2501b464c4e,CommLayer/Messages/AvalancheMessages$Message$Location$Builder.java,mergeFrom,->,67366ab5-4121-477e-a26c-d2501b464c4e,CommLayer/Messages/AvalancheMessages$Message$Location.java,getPort
67366ab5-4121-477e-a26c-d2501b464c4e,CommLayer/Messages/AvalancheMessages$Message$Location$Builder.java,mergeFrom,->,67366ab5-4121-477e-a26c-d2501b464c4e,CommLayer/Messages/AvalancheMessages$Message$Location$Builder.java,setPort
67366ab5-4121-477e-a26c-d2501b464c4e,CommLayer/Messages/AvalancheMessages$Message$Location$Builder.java,mergeFrom,->,67366ab5-4121-477e-a26c-d2501b464c4e,CommLayer/Messages/AvalancheMessages$Message$Location.java,getUnknownFields
67366ab5-4121-477e-a26c-d2501b464c4e,CommLayer/Messages/AvalancheMessages$Message$Location$Builder.java,mergeFrom,->,67366ab5-4121-477e-a26c-d2501b464c4e,CommLayer/Messages/AvalancheMessages$Message$Location$Builder.java,mergeUnknownFields
67366ab5-4121-477e-a26c-d2501b464c4e,CommLayer/Messages/AvalancheMessages$Message$Location$Builder.java,mergeFrom,->,67366ab5-4121-477e-a26c-d2501b464c4e,com/google/protobuf/Parser.java,parsePartialFrom
67366ab5-4121-477e-a26c-d2501b464c4e,CommLayer/Messages/AvalancheMessages$Message$Location$Builder.java,mergeFrom,->,67366ab5-4121-477e-a26c-d2501b464c4e,CommLayer/Messages/AvalancheMessages$Message$Location$Builder.java,mergeFrom
67366ab5-4121-477e-a26c-d2501b464c4e,CommLayer/Messages/AvalancheMessages$Message$Location$Builder.java,mergeFrom,->,67366ab5-4121-477e-a26c-d2501b464c4e,com/google/protobuf/InvalidProtocolBufferException.java,getUnfinishedMessage
67366ab5-4121-477e-a26c-d2501b464c4e,CommLayer/Messages/AvalancheMessages$Message$Location$Builder.java,mergeFrom,->,67366ab5-4121-477e-a26c-d2501b464c4e,CommLayer/Messages/AvalancheMessages$Message$Location$Builder.java,mergeFrom
67366ab5-4121-477e-a26c-d2501b464c4e,CommLayer/Messages/AvalancheMessages$Message$Location$Builder.java,getHost,->,67366ab5-4121-477e-a26c-d2501b464c4e,com/google/protobuf/ByteString.java,toStringUtf8
67366ab5-4121-477e-a26c-d2501b464c4e,CommLayer/Messages/AvalancheMessages$Message$Location$Builder.java,getHostBytes,->,67366ab5-4121-477e-a26c-d2501b464c4e,com/google/protobuf/ByteString.java,copyFromUtf8
67366ab5-4121-477e-a26c-d2501b464c4e,CommLayer/Messages/AvalancheMessages$Message$Location$Builder.java,setHost,->,67366ab5-4121-477e-a26c-d2501b464c4e,CommLayer/Messages/AvalancheMessages$Message$Location$Builder.java,onChanged
67366ab5-4121-477e-a26c-d2501b464c4e,CommLayer/Messages/AvalancheMessages$Message$Location$Builder.java,clearHost,->,67366ab5-4121-477e-a26c-d2501b464c4e,CommLayer/Messages/AvalancheMessages$Message$Location.java,getDefaultInstance
67366ab5-4121-477e-a26c-d2501b464c4e,CommLayer/Messages/AvalancheMessages$Message$Location$Builder.java,clearHost,->,67366ab5-4121-477e-a26c-d2501b464c4e,CommLayer/Messages/AvalancheMessages$Message$Location.java,getHost
67366ab5-4121-477e-a26c-d2501b464c4e,CommLayer/Messages/AvalancheMessages$Message$Location$Builder.java,clearHost,->,67366ab5-4121-477e-a26c-d2501b464c4e,CommLayer/Messages/AvalancheMessages$Message$Location$Builder.java,onChanged
67366ab5-4121-477e-a26c-d2501b464c4e,CommLayer/Messages/AvalancheMessages$Message$Location$Builder.java,setHostBytes,->,67366ab5-4121-477e-a26c-d2501b464c4e,CommLayer/Messages/AvalancheMessages$Message$Location$Builder.java,onChanged
67366ab5-4121-477e-a26c-d2501b464c4e,CommLayer/Messages/AvalancheMessages$Message$Location$Builder.java,setPort,->,67366ab5-4121-477e-a26c-d2501b464c4e,CommLayer/Messages/AvalancheMessages$Message$Location$Builder.java,onChanged
67366ab5-4121-477e-a26c-d2501b464c4e,CommLayer/Messages/AvalancheMessages$Message$Location$Builder.java,clearPort,->,67366ab5-4121-477e-a26c-d2501b464c4e,CommLayer/Messages/AvalancheMessages$Message$Location$Builder.java,onChanged
67366ab5-4121-477e-a26c-d2501b464c4e,CommLayer/Messages/AvalancheMessages$Message$Location$Builder.java,clear,->,67366ab5-4121-477e-a26c-d2501b464c4e,CommLayer/Messages/AvalancheMessages$Message$Location$Builder.java,clear
67366ab5-4121-477e-a26c-d2501b464c4e,CommLayer/Messages/AvalancheMessages$Message$Location$Builder.java,clone,->,67366ab5-4121-477e-a26c-d2501b464c4e,CommLayer/Messages/AvalancheMessages$Message$Location$Builder.java,clone
67366ab5-4121-477e-a26c-d2501b464c4e,CommLayer/Messages/AvalancheMessages$Message$Location$Builder.java,mergeFrom,->,67366ab5-4121-477e-a26c-d2501b464c4e,CommLayer/Messages/AvalancheMessages$Message$Location$Builder.java,mergeFrom
67366ab5-4121-477e-a26c-d2501b464c4e,CommLayer/Messages/AvalancheMessages$Message$Location$Builder.java,mergeFrom,->,67366ab5-4121-477e-a26c-d2501b464c4e,CommLayer/Messages/AvalancheMessages$Message$Location$Builder.java,mergeFrom
67366ab5-4121-477e-a26c-d2501b464c4e,CommLayer/Messages/AvalancheMessages$Message$Location$Builder.java,clear,->,67366ab5-4121-477e-a26c-d2501b464c4e,CommLayer/Messages/AvalancheMessages$Message$Location$Builder.java,clear
67366ab5-4121-477e-a26c-d2501b464c4e,CommLayer/Messages/AvalancheMessages$Message$Location$Builder.java,clone,->,67366ab5-4121-477e-a26c-d2501b464c4e,CommLayer/Messages/AvalancheMessages$Message$Location$Builder.java,clone
67366ab5-4121-477e-a26c-d2501b464c4e,CommLayer/Messages/AvalancheMessages$Message$Location$Builder.java,mergeFrom,->,67366ab5-4121-477e-a26c-d2501b464c4e,CommLayer/Messages/AvalancheMessages$Message$Location$Builder.java,mergeFrom
67366ab5-4121-477e-a26c-d2501b464c4e,CommLayer/Messages/AvalancheMessages$Message$Location$Builder.java,clone,->,67366ab5-4121-477e-a26c-d2501b464c4e,CommLayer/Messages/AvalancheMessages$Message$Location$Builder.java,clone
67366ab5-4121-477e-a26c-d2501b464c4e,CommLayer/Messages/AvalancheMessages$Message$Location$Builder.java,buildPartial,->,67366ab5-4121-477e-a26c-d2501b464c4e,CommLayer/Messages/AvalancheMessages$Message$Location$Builder.java,buildPartial
67366ab5-4121-477e-a26c-d2501b464c4e,CommLayer/Messages/AvalancheMessages$Message$Location$Builder.java,build,->,67366ab5-4121-477e-a26c-d2501b464c4e,CommLayer/Messages/AvalancheMessages$Message$Location$Builder.java,build
67366ab5-4121-477e-a26c-d2501b464c4e,CommLayer/Messages/AvalancheMessages$Message$Location$Builder.java,mergeFrom,->,67366ab5-4121-477e-a26c-d2501b464c4e,CommLayer/Messages/AvalancheMessages$Message$Location$Builder.java,mergeFrom
67366ab5-4121-477e-a26c-d2501b464c4e,CommLayer/Messages/AvalancheMessages$Message$Location$Builder.java,clear,->,67366ab5-4121-477e-a26c-d2501b464c4e,CommLayer/Messages/AvalancheMessages$Message$Location$Builder.java,clear
67366ab5-4121-477e-a26c-d2501b464c4e,CommLayer/Messages/AvalancheMessages$Message$Location$Builder.java,mergeFrom,->,67366ab5-4121-477e-a26c-d2501b464c4e,CommLayer/Messages/AvalancheMessages$Message$Location$Builder.java,mergeFrom
67366ab5-4121-477e-a26c-d2501b464c4e,CommLayer/Messages/AvalancheMessages$Message$Location$Builder.java,clone,->,67366ab5-4121-477e-a26c-d2501b464c4e,CommLayer/Messages/AvalancheMessages$Message$Location$Builder.java,clone
67366ab5-4121-477e-a26c-d2501b464c4e,CommLayer/Messages/AvalancheMessages$Message$Location$Builder.java,buildPartial,->,67366ab5-4121-477e-a26c-d2501b464c4e,CommLayer/Messages/AvalancheMessages$Message$Location$Builder.java,buildPartial
67366ab5-4121-477e-a26c-d2501b464c4e,CommLayer/Messages/AvalancheMessages$Message$Location$Builder.java,build,->,67366ab5-4121-477e-a26c-d2501b464c4e,CommLayer/Messages/AvalancheMessages$Message$Location$Builder.java,build
67366ab5-4121-477e-a26c-d2501b464c4e,CommLayer/Messages/AvalancheMessages$Message$Location$Builder.java,clear,->,67366ab5-4121-477e-a26c-d2501b464c4e,CommLayer/Messages/AvalancheMessages$Message$Location$Builder.java,clear
67366ab5-4121-477e-a26c-d2501b464c4e,CommLayer/Messages/AvalancheMessages$Message$Location$Builder.java,getDefaultInstanceForType,->,67366ab5-4121-477e-a26c-d2501b464c4e,CommLayer/Messages/AvalancheMessages$Message$Location$Builder.java,getDefaultInstanceForType
67366ab5-4121-477e-a26c-d2501b464c4e,CommLayer/Messages/AvalancheMessages$Message$Location$Builder.java,getDefaultInstanceForType,->,67366ab5-4121-477e-a26c-d2501b464c4e,CommLayer/Messages/AvalancheMessages$Message$Location$Builder.java,getDefaultInstanceForType
67366ab5-4121-477e-a26c-d2501b464c4e,CommLayer/Messages/AvalancheMessages$Message$Location$Builder.java,mergeFrom,->,67366ab5-4121-477e-a26c-d2501b464c4e,CommLayer/Messages/AvalancheMessages$Message$Location$Builder.java,mergeFrom
67366ab5-4121-477e-a26c-d2501b464c4e,CommLayer/Messages/AvalancheMessages$Message$Location$Builder.java,clone,->,67366ab5-4121-477e-a26c-d2501b464c4e,CommLayer/Messages/AvalancheMessages$Message$Location$Builder.java,clone
67366ab5-4121-477e-a26c-d2501b464c4e,CommLayer/Messages/AvalancheMessages$Message$Location$Builder.java,clone,->,67366ab5-4121-477e-a26c-d2501b464c4e,CommLayer/Messages/AvalancheMessages$Message$Location$Builder.java,clone
67366ab5-4121-477e-a26c-d2501b464c4e,CommLayer/Messages/AvalancheMessages$Message$Location$Builder.java,access$600,->,67366ab5-4121-477e-a26c-d2501b464c4e,CommLayer/Messages/AvalancheMessages$Message$Location$Builder.java,create
67366ab5-4121-477e-a26c-d2501b464c4e,CommLayer/Messages/AvalancheMessages$Message.java,getDescriptor,->,67366ab5-4121-477e-a26c-d2501b464c4e,CommLayer/Messages/AvalancheMessages.java,access$000
67366ab5-4121-477e-a26c-d2501b464c4e,CommLayer/Messages/AvalancheMessages$Message.java,internalGetFieldAccessorTable,->,67366ab5-4121-477e-a26c-d2501b464c4e,CommLayer/Messages/AvalancheMessages.java,access$100
67366ab5-4121-477e-a26c-d2501b464c4e,CommLayer/Messages/AvalancheMessages$Message.java,internalGetFieldAccessorTable,->,67366ab5-4121-477e-a26c-d2501b464c4e,com/google/protobuf/GeneratedMessage$FieldAccessorTable.java,ensureFieldAccessorsInitialized
67366ab5-4121-477e-a26c-d2501b464c4e,CommLayer/Messages/AvalancheMessages$Message.java,getSenderId,->,67366ab5-4121-477e-a26c-d2501b464c4e,com/google/protobuf/ByteString.java,toStringUtf8
67366ab5-4121-477e-a26c-d2501b464c4e,CommLayer/Messages/AvalancheMessages$Message.java,getSenderId,->,67366ab5-4121-477e-a26c-d2501b464c4e,com/google/protobuf/ByteString.java,isValidUtf8
67366ab5-4121-477e-a26c-d2501b464c4e,CommLayer/Messages/AvalancheMessages$Message.java,getSenderIdBytes,->,67366ab5-4121-477e-a26c-d2501b464c4e,com/google/protobuf/ByteString.java,copyFromUtf8
67366ab5-4121-477e-a26c-d2501b464c4e,CommLayer/Messages/AvalancheMessages$Message.java,initFields,->,67366ab5-4121-477e-a26c-d2501b464c4e,CommLayer/Messages/AvalancheMessages$Message$TaskInitMessage.java,getDefaultInstance
67366ab5-4121-477e-a26c-d2501b464c4e,CommLayer/Messages/AvalancheMessages$Message.java,initFields,->,67366ab5-4121-477e-a26c-d2501b464c4e,CommLayer/Messages/AvalancheMessages$Message$TaskStatusMessage.java,getDefaultInstance
67366ab5-4121-477e-a26c-d2501b464c4e,CommLayer/Messages/AvalancheMessages$Message.java,initFields,->,67366ab5-4121-477e-a26c-d2501b464c4e,CommLayer/Messages/AvalancheMessages$Message$TaskSetStateMessage.java,getDefaultInstance
67366ab5-4121-477e-a26c-d2501b464c4e,CommLayer/Messages/AvalancheMessages$Message.java,initFields,->,67366ab5-4121-477e-a26c-d2501b464c4e,CommLayer/Messages/AvalancheMessages$Message$DataHandlerMessage.java,getDefaultInstance
67366ab5-4121-477e-a26c-d2501b464c4e,CommLayer/Messages/AvalancheMessages$Message.java,initFields,->,67366ab5-4121-477e-a26c-d2501b464c4e,CommLayer/Messages/AvalancheMessages$Message$DataManagerMessage.java,getDefaultInstance
67366ab5-4121-477e-a26c-d2501b464c4e,CommLayer/Messages/AvalancheMessages$Message.java,initFields,->,67366ab5-4121-477e-a26c-d2501b464c4e,CommLayer/Messages/AvalancheMessages$Message$TopologyMessage.java,getDefaultInstance
67366ab5-4121-477e-a26c-d2501b464c4e,CommLayer/Messages/AvalancheMessages$Message.java,initFields,->,67366ab5-4121-477e-a26c-d2501b464c4e,CommLayer/Messages/AvalancheMessages$Message$HeartBeatMessage.java,getDefaultInstance
67366ab5-4121-477e-a26c-d2501b464c4e,CommLayer/Messages/AvalancheMessages$Message.java,initFields,->,67366ab5-4121-477e-a26c-d2501b464c4e,CommLayer/Messages/AvalancheMessages$Message$TopologyStatusMessage.java,getDefaultInstance
67366ab5-4121-477e-a26c-d2501b464c4e,CommLayer/Messages/AvalancheMessages$Message.java,writeTo,->,67366ab5-4121-477e-a26c-d2501b464c4e,CommLayer/Messages/AvalancheMessages$Message.java,getSerializedSize
67366ab5-4121-477e-a26c-d2501b464c4e,CommLayer/Messages/AvalancheMessages$Message.java,writeTo,->,67366ab5-4121-477e-a26c-d2501b464c4e,CommLayer/Messages/AvalancheMessages$Message.java,getSenderIdBytes
67366ab5-4121-477e-a26c-d2501b464c4e,CommLayer/Messages/AvalancheMessages$Message.java,writeTo,->,67366ab5-4121-477e-a26c-d2501b464c4e,com/google/protobuf/CodedOutputStream.java,writeBytes
67366ab5-4121-477e-a26c-d2501b464c4e,CommLayer/Messages/AvalancheMessages$Message.java,writeTo,->,67366ab5-4121-477e-a26c-d2501b464c4e,CommLayer/Messages/AvalancheMessages$Message$MessageType.java,getNumber
67366ab5-4121-477e-a26c-d2501b464c4e,CommLayer/Messages/AvalancheMessages$Message.java,writeTo,->,67366ab5-4121-477e-a26c-d2501b464c4e,com/google/protobuf/CodedOutputStream.java,writeEnum
67366ab5-4121-477e-a26c-d2501b464c4e,CommLayer/Messages/AvalancheMessages$Message.java,writeTo,->,67366ab5-4121-477e-a26c-d2501b464c4e,com/google/protobuf/CodedOutputStream.java,writeMessage
67366ab5-4121-477e-a26c-d2501b464c4e,CommLayer/Messages/AvalancheMessages$Message.java,writeTo,->,67366ab5-4121-477e-a26c-d2501b464c4e,com/google/protobuf/CodedOutputStream.java,writeMessage
67366ab5-4121-477e-a26c-d2501b464c4e,CommLayer/Messages/AvalancheMessages$Message.java,writeTo,->,67366ab5-4121-477e-a26c-d2501b464c4e,com/google/protobuf/CodedOutputStream.java,writeMessage
67366ab5-4121-477e-a26c-d2501b464c4e,CommLayer/Messages/AvalancheMessages$Message.java,writeTo,->,67366ab5-4121-477e-a26c-d2501b464c4e,com/google/protobuf/CodedOutputStream.java,writeMessage
67366ab5-4121-477e-a26c-d2501b464c4e,CommLayer/Messages/AvalancheMessages$Message.java,writeTo,->,67366ab5-4121-477e-a26c-d2501b464c4e,com/google/protobuf/CodedOutputStream.java,writeMessage
67366ab5-4121-477e-a26c-d2501b464c4e,CommLayer/Messages/AvalancheMessages$Message.java,writeTo,->,67366ab5-4121-477e-a26c-d2501b464c4e,com/google/protobuf/CodedOutputStream.java,writeMessage
67366ab5-4121-477e-a26c-d2501b464c4e,CommLayer/Messages/AvalancheMessages$Message.java,writeTo,->,67366ab5-4121-477e-a26c-d2501b464c4e,com/google/protobuf/CodedOutputStream.java,writeMessage
67366ab5-4121-477e-a26c-d2501b464c4e,CommLayer/Messages/AvalancheMessages$Message.java,writeTo,->,67366ab5-4121-477e-a26c-d2501b464c4e,com/google/protobuf/CodedOutputStream.java,writeMessage
67366ab5-4121-477e-a26c-d2501b464c4e,CommLayer/Messages/AvalancheMessages$Message.java,writeTo,->,67366ab5-4121-477e-a26c-d2501b464c4e,CommLayer/Messages/AvalancheMessages$Message.java,getUnknownFields
67366ab5-4121-477e-a26c-d2501b464c4e,CommLayer/Messages/AvalancheMessages$Message.java,writeTo,->,67366ab5-4121-477e-a26c-d2501b464c4e,com/google/protobuf/UnknownFieldSet.java,writeTo
67366ab5-4121-477e-a26c-d2501b464c4e,CommLayer/Messages/AvalancheMessages$Message.java,getSerializedSize,->,67366ab5-4121-477e-a26c-d2501b464c4e,CommLayer/Messages/AvalancheMessages$Message.java,getSenderIdBytes
67366ab5-4121-477e-a26c-d2501b464c4e,CommLayer/Messages/AvalancheMessages$Message.java,getSerializedSize,->,67366ab5-4121-477e-a26c-d2501b464c4e,com/google/protobuf/CodedOutputStream.java,computeBytesSize
67366ab5-4121-477e-a26c-d2501b464c4e,CommLayer/Messages/AvalancheMessages$Message.java,getSerializedSize,->,67366ab5-4121-477e-a26c-d2501b464c4e,CommLayer/Messages/AvalancheMessages$Message$MessageType.java,getNumber
67366ab5-4121-477e-a26c-d2501b464c4e,CommLayer/Messages/AvalancheMessages$Message.java,getSerializedSize,->,67366ab5-4121-477e-a26c-d2501b464c4e,com/google/protobuf/CodedOutputStream.java,computeEnumSize
67366ab5-4121-477e-a26c-d2501b464c4e,CommLayer/Messages/AvalancheMessages$Message.java,getSerializedSize,->,67366ab5-4121-477e-a26c-d2501b464c4e,com/google/protobuf/CodedOutputStream.java,computeMessageSize
67366ab5-4121-477e-a26c-d2501b464c4e,CommLayer/Messages/AvalancheMessages$Message.java,getSerializedSize,->,67366ab5-4121-477e-a26c-d2501b464c4e,com/google/protobuf/CodedOutputStream.java,computeMessageSize
67366ab5-4121-477e-a26c-d2501b464c4e,CommLayer/Messages/AvalancheMessages$Message.java,getSerializedSize,->,67366ab5-4121-477e-a26c-d2501b464c4e,com/google/protobuf/CodedOutputStream.java,computeMessageSize
67366ab5-4121-477e-a26c-d2501b464c4e,CommLayer/Messages/AvalancheMessages$Message.java,getSerializedSize,->,67366ab5-4121-477e-a26c-d2501b464c4e,com/google/protobuf/CodedOutputStream.java,computeMessageSize
67366ab5-4121-477e-a26c-d2501b464c4e,CommLayer/Messages/AvalancheMessages$Message.java,getSerializedSize,->,67366ab5-4121-477e-a26c-d2501b464c4e,com/google/protobuf/CodedOutputStream.java,computeMessageSize
67366ab5-4121-477e-a26c-d2501b464c4e,CommLayer/Messages/AvalancheMessages$Message.java,getSerializedSize,->,67366ab5-4121-477e-a26c-d2501b464c4e,com/google/protobuf/CodedOutputStream.java,computeMessageSize
67366ab5-4121-477e-a26c-d2501b464c4e,CommLayer/Messages/AvalancheMessages$Message.java,getSerializedSize,->,67366ab5-4121-477e-a26c-d2501b464c4e,com/google/protobuf/CodedOutputStream.java,computeMessageSize
67366ab5-4121-477e-a26c-d2501b464c4e,CommLayer/Messages/AvalancheMessages$Message.java,getSerializedSize,->,67366ab5-4121-477e-a26c-d2501b464c4e,com/google/protobuf/CodedOutputStream.java,computeMessageSize
67366ab5-4121-477e-a26c-d2501b464c4e,CommLayer/Messages/AvalancheMessages$Message.java,getSerializedSize,->,67366ab5-4121-477e-a26c-d2501b464c4e,CommLayer/Messages/AvalancheMessages$Message.java,getUnknownFields
67366ab5-4121-477e-a26c-d2501b464c4e,CommLayer/Messages/AvalancheMessages$Message.java,getSerializedSize,->,67366ab5-4121-477e-a26c-d2501b464c4e,com/google/protobuf/UnknownFieldSet.java,getSerializedSize
67366ab5-4121-477e-a26c-d2501b464c4e,CommLayer/Messages/AvalancheMessages$Message.java,writeReplace,->,67366ab5-4121-477e-a26c-d2501b464c4e,com/google/protobuf/GeneratedMessage.java,writeReplace
67366ab5-4121-477e-a26c-d2501b464c4e,CommLayer/Messages/AvalancheMessages$Message.java,parseFrom,->,67366ab5-4121-477e-a26c-d2501b464c4e,com/google/protobuf/Parser.java,parseFrom
67366ab5-4121-477e-a26c-d2501b464c4e,CommLayer/Messages/AvalancheMessages$Message.java,parseFrom,->,67366ab5-4121-477e-a26c-d2501b464c4e,com/google/protobuf/Parser.java,parseFrom
67366ab5-4121-477e-a26c-d2501b464c4e,CommLayer/Messages/AvalancheMessages$Message.java,parseFrom,->,67366ab5-4121-477e-a26c-d2501b464c4e,com/google/protobuf/Parser.java,parseFrom
67366ab5-4121-477e-a26c-d2501b464c4e,CommLayer/Messages/AvalancheMessages$Message.java,parseFrom,->,67366ab5-4121-477e-a26c-d2501b464c4e,com/google/protobuf/Parser.java,parseFrom
67366ab5-4121-477e-a26c-d2501b464c4e,CommLayer/Messages/AvalancheMessages$Message.java,parseFrom,->,67366ab5-4121-477e-a26c-d2501b464c4e,com/google/protobuf/Parser.java,parseFrom
67366ab5-4121-477e-a26c-d2501b464c4e,CommLayer/Messages/AvalancheMessages$Message.java,parseFrom,->,67366ab5-4121-477e-a26c-d2501b464c4e,com/google/protobuf/Parser.java,parseFrom
67366ab5-4121-477e-a26c-d2501b464c4e,CommLayer/Messages/AvalancheMessages$Message.java,parseDelimitedFrom,->,67366ab5-4121-477e-a26c-d2501b464c4e,com/google/protobuf/Parser.java,parseDelimitedFrom
67366ab5-4121-477e-a26c-d2501b464c4e,CommLayer/Messages/AvalancheMessages$Message.java,parseDelimitedFrom,->,67366ab5-4121-477e-a26c-d2501b464c4e,com/google/protobuf/Parser.java,parseDelimitedFrom
67366ab5-4121-477e-a26c-d2501b464c4e,CommLayer/Messages/AvalancheMessages$Message.java,parseFrom,->,67366ab5-4121-477e-a26c-d2501b464c4e,com/google/protobuf/Parser.java,parseFrom
67366ab5-4121-477e-a26c-d2501b464c4e,CommLayer/Messages/AvalancheMessages$Message.java,parseFrom,->,67366ab5-4121-477e-a26c-d2501b464c4e,com/google/protobuf/Parser.java,parseFrom
67366ab5-4121-477e-a26c-d2501b464c4e,CommLayer/Messages/AvalancheMessages$Message.java,newBuilder,->,67366ab5-4121-477e-a26c-d2501b464c4e,CommLayer/Messages/AvalancheMessages$Message$Builder.java,access$20700
67366ab5-4121-477e-a26c-d2501b464c4e,CommLayer/Messages/AvalancheMessages$Message.java,newBuilderForType,->,67366ab5-4121-477e-a26c-d2501b464c4e,CommLayer/Messages/AvalancheMessages$Message.java,newBuilder
67366ab5-4121-477e-a26c-d2501b464c4e,CommLayer/Messages/AvalancheMessages$Message.java,newBuilder,->,67366ab5-4121-477e-a26c-d2501b464c4e,CommLayer/Messages/AvalancheMessages$Message.java,newBuilder
67366ab5-4121-477e-a26c-d2501b464c4e,CommLayer/Messages/AvalancheMessages$Message.java,newBuilder,->,67366ab5-4121-477e-a26c-d2501b464c4e,CommLayer/Messages/AvalancheMessages$Message$Builder.java,mergeFrom
67366ab5-4121-477e-a26c-d2501b464c4e,CommLayer/Messages/AvalancheMessages$Message.java,toBuilder,->,67366ab5-4121-477e-a26c-d2501b464c4e,CommLayer/Messages/AvalancheMessages$Message.java,newBuilder
67366ab5-4121-477e-a26c-d2501b464c4e,CommLayer/Messages/AvalancheMessages$Message.java,newBuilderForType,->,67366ab5-4121-477e-a26c-d2501b464c4e,CommLayer/Messages/AvalancheMessages$Message.java,newBuilderForType
67366ab5-4121-477e-a26c-d2501b464c4e,CommLayer/Messages/AvalancheMessages$Message.java,toBuilder,->,67366ab5-4121-477e-a26c-d2501b464c4e,CommLayer/Messages/AvalancheMessages$Message.java,toBuilder
67366ab5-4121-477e-a26c-d2501b464c4e,CommLayer/Messages/AvalancheMessages$Message.java,newBuilderForType,->,67366ab5-4121-477e-a26c-d2501b464c4e,CommLayer/Messages/AvalancheMessages$Message.java,newBuilderForType
67366ab5-4121-477e-a26c-d2501b464c4e,CommLayer/Messages/AvalancheMessages$Message.java,toBuilder,->,67366ab5-4121-477e-a26c-d2501b464c4e,CommLayer/Messages/AvalancheMessages$Message.java,toBuilder
67366ab5-4121-477e-a26c-d2501b464c4e,CommLayer/Messages/AvalancheMessages$Message.java,newBuilderForType,->,67366ab5-4121-477e-a26c-d2501b464c4e,CommLayer/Messages/AvalancheMessages$Message.java,newBuilderForType
67366ab5-4121-477e-a26c-d2501b464c4e,CommLayer/Messages/AvalancheMessages$Message.java,getDefaultInstanceForType,->,67366ab5-4121-477e-a26c-d2501b464c4e,CommLayer/Messages/AvalancheMessages$Message.java,getDefaultInstanceForType
67366ab5-4121-477e-a26c-d2501b464c4e,CommLayer/Messages/AvalancheMessages$Message.java,getDefaultInstanceForType,->,67366ab5-4121-477e-a26c-d2501b464c4e,CommLayer/Messages/AvalancheMessages$Message.java,getDefaultInstanceForType
67366ab5-4121-477e-a26c-d2501b464c4e,CommLayer/Messages/AvalancheMessages$Message.java,<clinit>,->,67366ab5-4121-477e-a26c-d2501b464c4e,CommLayer/Messages/AvalancheMessages$Message.java,initFields
67366ab5-4121-477e-a26c-d2501b464c4e,CommLayer/Messages/AvalancheMessages$Message$TaskInitMessage.java,getDescriptor,->,67366ab5-4121-477e-a26c-d2501b464c4e,CommLayer/Messages/AvalancheMessages.java,access$1300
67366ab5-4121-477e-a26c-d2501b464c4e,CommLayer/Messages/AvalancheMessages$Message$TaskInitMessage.java,internalGetFieldAccessorTable,->,67366ab5-4121-477e-a26c-d2501b464c4e,CommLayer/Messages/AvalancheMessages.java,access$1400
67366ab5-4121-477e-a26c-d2501b464c4e,CommLayer/Messages/AvalancheMessages$Message$TaskInitMessage.java,internalGetFieldAccessorTable,->,67366ab5-4121-477e-a26c-d2501b464c4e,com/google/protobuf/GeneratedMessage$FieldAccessorTable.java,ensureFieldAccessorsInitialized
67366ab5-4121-477e-a26c-d2501b464c4e,CommLayer/Messages/AvalancheMessages$Message$TaskInitMessage.java,getId,->,67366ab5-4121-477e-a26c-d2501b464c4e,com/google/protobuf/ByteString.java,toStringUtf8
67366ab5-4121-477e-a26c-d2501b464c4e,CommLayer/Messages/AvalancheMessages$Message$TaskInitMessage.java,getId,->,67366ab5-4121-477e-a26c-d2501b464c4e,com/google/protobuf/ByteString.java,isValidUtf8
67366ab5-4121-477e-a26c-d2501b464c4e,CommLayer/Messages/AvalancheMessages$Message$TaskInitMessage.java,getIdBytes,->,67366ab5-4121-477e-a26c-d2501b464c4e,com/google/protobuf/ByteString.java,copyFromUtf8
67366ab5-4121-477e-a26c-d2501b464c4e,CommLayer/Messages/AvalancheMessages$Message$TaskInitMessage.java,getDataSourceCount,->,67366ab5-4121-477e-a26c-d2501b464c4e,com/google/protobuf/LazyStringList.java,size
67366ab5-4121-477e-a26c-d2501b464c4e,CommLayer/Messages/AvalancheMessages$Message$TaskInitMessage.java,getDataSource,->,67366ab5-4121-477e-a26c-d2501b464c4e,com/google/protobuf/LazyStringList.java,get
67366ab5-4121-477e-a26c-d2501b464c4e,CommLayer/Messages/AvalancheMessages$Message$TaskInitMessage.java,getDataSourceBytes,->,67366ab5-4121-477e-a26c-d2501b464c4e,com/google/protobuf/LazyStringList.java,getByteString
67366ab5-4121-477e-a26c-d2501b464c4e,CommLayer/Messages/AvalancheMessages$Message$TaskInitMessage.java,initFields,->,67366ab5-4121-477e-a26c-d2501b464c4e,CommLayer/Messages/AvalancheMessages$Message$Location.java,getDefaultInstance
67366ab5-4121-477e-a26c-d2501b464c4e,CommLayer/Messages/AvalancheMessages$Message$TaskInitMessage.java,writeTo,->,67366ab5-4121-477e-a26c-d2501b464c4e,CommLayer/Messages/AvalancheMessages$Message$TaskInitMessage.java,getSerializedSize
67366ab5-4121-477e-a26c-d2501b464c4e,CommLayer/Messages/AvalancheMessages$Message$TaskInitMessage.java,writeTo,->,67366ab5-4121-477e-a26c-d2501b464c4e,CommLayer/Messages/AvalancheMessages$Message$TaskInitMessage$TaskType.java,getNumber
67366ab5-4121-477e-a26c-d2501b464c4e,CommLayer/Messages/AvalancheMessages$Message$TaskInitMessage.java,writeTo,->,67366ab5-4121-477e-a26c-d2501b464c4e,com/google/protobuf/CodedOutputStream.java,writeEnum
67366ab5-4121-477e-a26c-d2501b464c4e,CommLayer/Messages/AvalancheMessages$Message$TaskInitMessage.java,writeTo,->,67366ab5-4121-477e-a26c-d2501b464c4e,CommLayer/Messages/AvalancheMessages$Message$TaskInitMessage.java,getIdBytes
67366ab5-4121-477e-a26c-d2501b464c4e,CommLayer/Messages/AvalancheMessages$Message$TaskInitMessage.java,writeTo,->,67366ab5-4121-477e-a26c-d2501b464c4e,com/google/protobuf/CodedOutputStream.java,writeBytes
67366ab5-4121-477e-a26c-d2501b464c4e,CommLayer/Messages/AvalancheMessages$Message$TaskInitMessage.java,writeTo,->,67366ab5-4121-477e-a26c-d2501b464c4e,com/google/protobuf/LazyStringList.java,size
67366ab5-4121-477e-a26c-d2501b464c4e,CommLayer/Messages/AvalancheMessages$Message$TaskInitMessage.java,writeTo,->,67366ab5-4121-477e-a26c-d2501b464c4e,com/google/protobuf/LazyStringList.java,getByteString
67366ab5-4121-477e-a26c-d2501b464c4e,CommLayer/Messages/AvalancheMessages$Message$TaskInitMessage.java,writeTo,->,67366ab5-4121-477e-a26c-d2501b464c4e,com/google/protobuf/CodedOutputStream.java,writeBytes
67366ab5-4121-477e-a26c-d2501b464c4e,CommLayer/Messages/AvalancheMessages$Message$TaskInitMessage.java,writeTo,->,67366ab5-4121-477e-a26c-d2501b464c4e,com/google/protobuf/CodedOutputStream.java,writeMessage
67366ab5-4121-477e-a26c-d2501b464c4e,CommLayer/Messages/AvalancheMessages$Message$TaskInitMessage.java,writeTo,->,67366ab5-4121-477e-a26c-d2501b464c4e,CommLayer/Messages/AvalancheMessages$Message$TaskInitMessage.java,getUnknownFields
67366ab5-4121-477e-a26c-d2501b464c4e,CommLayer/Messages/AvalancheMessages$Message$TaskInitMessage.java,writeTo,->,67366ab5-4121-477e-a26c-d2501b464c4e,com/google/protobuf/UnknownFieldSet.java,writeTo
67366ab5-4121-477e-a26c-d2501b464c4e,CommLayer/Messages/AvalancheMessages$Message$TaskInitMessage.java,getSerializedSize,->,67366ab5-4121-477e-a26c-d2501b464c4e,CommLayer/Messages/AvalancheMessages$Message$TaskInitMessage$TaskType.java,getNumber
67366ab5-4121-477e-a26c-d2501b464c4e,CommLayer/Messages/AvalancheMessages$Message$TaskInitMessage.java,getSerializedSize,->,67366ab5-4121-477e-a26c-d2501b464c4e,com/google/protobuf/CodedOutputStream.java,computeEnumSize
67366ab5-4121-477e-a26c-d2501b464c4e,CommLayer/Messages/AvalancheMessages$Message$TaskInitMessage.java,getSerializedSize,->,67366ab5-4121-477e-a26c-d2501b464c4e,CommLayer/Messages/AvalancheMessages$Message$TaskInitMessage.java,getIdBytes
67366ab5-4121-477e-a26c-d2501b464c4e,CommLayer/Messages/AvalancheMessages$Message$TaskInitMessage.java,getSerializedSize,->,67366ab5-4121-477e-a26c-d2501b464c4e,com/google/protobuf/CodedOutputStream.java,computeBytesSize
67366ab5-4121-477e-a26c-d2501b464c4e,CommLayer/Messages/AvalancheMessages$Message$TaskInitMessage.java,getSerializedSize,->,67366ab5-4121-477e-a26c-d2501b464c4e,com/google/protobuf/LazyStringList.java,size
67366ab5-4121-477e-a26c-d2501b464c4e,CommLayer/Messages/AvalancheMessages$Message$TaskInitMessage.java,getSerializedSize,->,67366ab5-4121-477e-a26c-d2501b464c4e,com/google/protobuf/LazyStringList.java,getByteString
67366ab5-4121-477e-a26c-d2501b464c4e,CommLayer/Messages/AvalancheMessages$Message$TaskInitMessage.java,getSerializedSize,->,67366ab5-4121-477e-a26c-d2501b464c4e,com/google/protobuf/CodedOutputStream.java,computeBytesSizeNoTag
67366ab5-4121-477e-a26c-d2501b464c4e,CommLayer/Messages/AvalancheMessages$Message$TaskInitMessage.java,getSerializedSize,->,67366ab5-4121-477e-a26c-d2501b464c4e,CommLayer/Messages/AvalancheMessages$Message$TaskInitMessage.java,getDataSourceList
67366ab5-4121-477e-a26c-d2501b464c4e,CommLayer/Messages/AvalancheMessages$Message$TaskInitMessage.java,getSerializedSize,->,67366ab5-4121-477e-a26c-d2501b464c4e,java/util/List.java,size
67366ab5-4121-477e-a26c-d2501b464c4e,CommLayer/Messages/AvalancheMessages$Message$TaskInitMessage.java,getSerializedSize,->,67366ab5-4121-477e-a26c-d2501b464c4e,com/google/protobuf/CodedOutputStream.java,computeMessageSize
67366ab5-4121-477e-a26c-d2501b464c4e,CommLayer/Messages/AvalancheMessages$Message$TaskInitMessage.java,getSerializedSize,->,67366ab5-4121-477e-a26c-d2501b464c4e,CommLayer/Messages/AvalancheMessages$Message$TaskInitMessage.java,getUnknownFields
67366ab5-4121-477e-a26c-d2501b464c4e,CommLayer/Messages/AvalancheMessages$Message$TaskInitMessage.java,getSerializedSize,->,67366ab5-4121-477e-a26c-d2501b464c4e,com/google/protobuf/UnknownFieldSet.java,getSerializedSize
67366ab5-4121-477e-a26c-d2501b464c4e,CommLayer/Messages/AvalancheMessages$Message$TaskInitMessage.java,writeReplace,->,67366ab5-4121-477e-a26c-d2501b464c4e,com/google/protobuf/GeneratedMessage.java,writeReplace
67366ab5-4121-477e-a26c-d2501b464c4e,CommLayer/Messages/AvalancheMessages$Message$TaskInitMessage.java,parseFrom,->,67366ab5-4121-477e-a26c-d2501b464c4e,com/google/protobuf/Parser.java,parseFrom
67366ab5-4121-477e-a26c-d2501b464c4e,CommLayer/Messages/AvalancheMessages$Message$TaskInitMessage.java,parseFrom,->,67366ab5-4121-477e-a26c-d2501b464c4e,com/google/protobuf/Parser.java,parseFrom
67366ab5-4121-477e-a26c-d2501b464c4e,CommLayer/Messages/AvalancheMessages$Message$TaskInitMessage.java,parseFrom,->,67366ab5-4121-477e-a26c-d2501b464c4e,com/google/protobuf/Parser.java,parseFrom
67366ab5-4121-477e-a26c-d2501b464c4e,CommLayer/Messages/AvalancheMessages$Message$TaskInitMessage.java,parseFrom,->,67366ab5-4121-477e-a26c-d2501b464c4e,com/google/protobuf/Parser.java,parseFrom
67366ab5-4121-477e-a26c-d2501b464c4e,CommLayer/Messages/AvalancheMessages$Message$TaskInitMessage.java,parseFrom,->,67366ab5-4121-477e-a26c-d2501b464c4e,com/google/protobuf/Parser.java,parseFrom
67366ab5-4121-477e-a26c-d2501b464c4e,CommLayer/Messages/AvalancheMessages$Message$TaskInitMessage.java,parseFrom,->,67366ab5-4121-477e-a26c-d2501b464c4e,com/google/protobuf/Parser.java,parseFrom
67366ab5-4121-477e-a26c-d2501b464c4e,CommLayer/Messages/AvalancheMessages$Message$TaskInitMessage.java,parseDelimitedFrom,->,67366ab5-4121-477e-a26c-d2501b464c4e,com/google/protobuf/Parser.java,parseDelimitedFrom
67366ab5-4121-477e-a26c-d2501b464c4e,CommLayer/Messages/AvalancheMessages$Message$TaskInitMessage.java,parseDelimitedFrom,->,67366ab5-4121-477e-a26c-d2501b464c4e,com/google/protobuf/Parser.java,parseDelimitedFrom
67366ab5-4121-477e-a26c-d2501b464c4e,CommLayer/Messages/AvalancheMessages$Message$TaskInitMessage.java,parseFrom,->,67366ab5-4121-477e-a26c-d2501b464c4e,com/google/protobuf/Parser.java,parseFrom
67366ab5-4121-477e-a26c-d2501b464c4e,CommLayer/Messages/AvalancheMessages$Message$TaskInitMessage.java,parseFrom,->,67366ab5-4121-477e-a26c-d2501b464c4e,com/google/protobuf/Parser.java,parseFrom
67366ab5-4121-477e-a26c-d2501b464c4e,CommLayer/Messages/AvalancheMessages$Message$TaskInitMessage.java,newBuilder,->,67366ab5-4121-477e-a26c-d2501b464c4e,CommLayer/Messages/AvalancheMessages$Message$TaskInitMessage$Builder.java,access$1600
67366ab5-4121-477e-a26c-d2501b464c4e,CommLayer/Messages/AvalancheMessages$Message$TaskInitMessage.java,newBuilderForType,->,67366ab5-4121-477e-a26c-d2501b464c4e,CommLayer/Messages/AvalancheMessages$Message$TaskInitMessage.java,newBuilder
67366ab5-4121-477e-a26c-d2501b464c4e,CommLayer/Messages/AvalancheMessages$Message$TaskInitMessage.java,newBuilder,->,67366ab5-4121-477e-a26c-d2501b464c4e,CommLayer/Messages/AvalancheMessages$Message$TaskInitMessage.java,newBuilder
67366ab5-4121-477e-a26c-d2501b464c4e,CommLayer/Messages/AvalancheMessages$Message$TaskInitMessage.java,newBuilder,->,67366ab5-4121-477e-a26c-d2501b464c4e,CommLayer/Messages/AvalancheMessages$Message$TaskInitMessage$Builder.java,mergeFrom
67366ab5-4121-477e-a26c-d2501b464c4e,CommLayer/Messages/AvalancheMessages$Message$TaskInitMessage.java,toBuilder,->,67366ab5-4121-477e-a26c-d2501b464c4e,CommLayer/Messages/AvalancheMessages$Message$TaskInitMessage.java,newBuilder
67366ab5-4121-477e-a26c-d2501b464c4e,CommLayer/Messages/AvalancheMessages$Message$TaskInitMessage.java,newBuilderForType,->,67366ab5-4121-477e-a26c-d2501b464c4e,CommLayer/Messages/AvalancheMessages$Message$TaskInitMessage.java,newBuilderForType
67366ab5-4121-477e-a26c-d2501b464c4e,CommLayer/Messages/AvalancheMessages$Message$TaskInitMessage.java,toBuilder,->,67366ab5-4121-477e-a26c-d2501b464c4e,CommLayer/Messages/AvalancheMessages$Message$TaskInitMessage.java,toBuilder
67366ab5-4121-477e-a26c-d2501b464c4e,CommLayer/Messages/AvalancheMessages$Message$TaskInitMessage.java,newBuilderForType,->,67366ab5-4121-477e-a26c-d2501b464c4e,CommLayer/Messages/AvalancheMessages$Message$TaskInitMessage.java,newBuilderForType
67366ab5-4121-477e-a26c-d2501b464c4e,CommLayer/Messages/AvalancheMessages$Message$TaskInitMessage.java,toBuilder,->,67366ab5-4121-477e-a26c-d2501b464c4e,CommLayer/Messages/AvalancheMessages$Message$TaskInitMessage.java,toBuilder
67366ab5-4121-477e-a26c-d2501b464c4e,CommLayer/Messages/AvalancheMessages$Message$TaskInitMessage.java,newBuilderForType,->,67366ab5-4121-477e-a26c-d2501b464c4e,CommLayer/Messages/AvalancheMessages$Message$TaskInitMessage.java,newBuilderForType
67366ab5-4121-477e-a26c-d2501b464c4e,CommLayer/Messages/AvalancheMessages$Message$TaskInitMessage.java,getDefaultInstanceForType,->,67366ab5-4121-477e-a26c-d2501b464c4e,CommLayer/Messages/AvalancheMessages$Message$TaskInitMessage.java,getDefaultInstanceForType
67366ab5-4121-477e-a26c-d2501b464c4e,CommLayer/Messages/AvalancheMessages$Message$TaskInitMessage.java,getDefaultInstanceForType,->,67366ab5-4121-477e-a26c-d2501b464c4e,CommLayer/Messages/AvalancheMessages$Message$TaskInitMessage.java,getDefaultInstanceForType
67366ab5-4121-477e-a26c-d2501b464c4e,CommLayer/Messages/AvalancheMessages$Message$TaskInitMessage.java,<clinit>,->,67366ab5-4121-477e-a26c-d2501b464c4e,CommLayer/Messages/AvalancheMessages$Message$TaskInitMessage.java,initFields
67366ab5-4121-477e-a26c-d2501b464c4e,CommLayer/Messages/AvalancheMessages$Message$TaskStatusMessage$Status.java,values,->,67366ab5-4121-477e-a26c-d2501b464c4e,CommLayer/Messages/AvalancheMessages$Message$TaskStatusMessage$Status.java,clone
67366ab5-4121-477e-a26c-d2501b464c4e,CommLayer/Messages/AvalancheMessages$Message$TaskStatusMessage$Status.java,valueOf,->,67366ab5-4121-477e-a26c-d2501b464c4e,java/lang/Enum.java,valueOf
67366ab5-4121-477e-a26c-d2501b464c4e,CommLayer/Messages/AvalancheMessages$Message$TaskStatusMessage$Status.java,getValueDescriptor,->,67366ab5-4121-477e-a26c-d2501b464c4e,CommLayer/Messages/AvalancheMessages$Message$TaskStatusMessage$Status.java,getDescriptor
67366ab5-4121-477e-a26c-d2501b464c4e,CommLayer/Messages/AvalancheMessages$Message$TaskStatusMessage$Status.java,getValueDescriptor,->,67366ab5-4121-477e-a26c-d2501b464c4e,com/google/protobuf/Descriptors$EnumDescriptor.java,getValues
67366ab5-4121-477e-a26c-d2501b464c4e,CommLayer/Messages/AvalancheMessages$Message$TaskStatusMessage$Status.java,getValueDescriptor,->,67366ab5-4121-477e-a26c-d2501b464c4e,java/util/List.java,get
67366ab5-4121-477e-a26c-d2501b464c4e,CommLayer/Messages/AvalancheMessages$Message$TaskStatusMessage$Status.java,getDescriptorForType,->,67366ab5-4121-477e-a26c-d2501b464c4e,CommLayer/Messages/AvalancheMessages$Message$TaskStatusMessage$Status.java,getDescriptor
67366ab5-4121-477e-a26c-d2501b464c4e,CommLayer/Messages/AvalancheMessages$Message$TaskStatusMessage$Status.java,getDescriptor,->,67366ab5-4121-477e-a26c-d2501b464c4e,CommLayer/Messages/AvalancheMessages$Message$TaskStatusMessage.java,getDescriptor
67366ab5-4121-477e-a26c-d2501b464c4e,CommLayer/Messages/AvalancheMessages$Message$TaskStatusMessage$Status.java,getDescriptor,->,67366ab5-4121-477e-a26c-d2501b464c4e,com/google/protobuf/Descriptors$Descriptor.java,getEnumTypes
67366ab5-4121-477e-a26c-d2501b464c4e,CommLayer/Messages/AvalancheMessages$Message$TaskStatusMessage$Status.java,getDescriptor,->,67366ab5-4121-477e-a26c-d2501b464c4e,java/util/List.java,get
67366ab5-4121-477e-a26c-d2501b464c4e,CommLayer/Messages/AvalancheMessages$Message$TaskStatusMessage$Status.java,valueOf,->,67366ab5-4121-477e-a26c-d2501b464c4e,com/google/protobuf/Descriptors$EnumValueDescriptor.java,getType
67366ab5-4121-477e-a26c-d2501b464c4e,CommLayer/Messages/AvalancheMessages$Message$TaskStatusMessage$Status.java,valueOf,->,67366ab5-4121-477e-a26c-d2501b464c4e,CommLayer/Messages/AvalancheMessages$Message$TaskStatusMessage$Status.java,getDescriptor
67366ab5-4121-477e-a26c-d2501b464c4e,CommLayer/Messages/AvalancheMessages$Message$TaskStatusMessage$Status.java,valueOf,->,67366ab5-4121-477e-a26c-d2501b464c4e,com/google/protobuf/Descriptors$EnumValueDescriptor.java,getIndex
67366ab5-4121-477e-a26c-d2501b464c4e,CommLayer/Messages/AvalancheMessages$Message$TaskStatusMessage$Status.java,<clinit>,->,67366ab5-4121-477e-a26c-d2501b464c4e,CommLayer/Messages/AvalancheMessages$Message$TaskStatusMessage$Status.java,values
67366ab5-4121-477e-a26c-d2501b464c4e,CommLayer/Messages/AvalancheMessages$Message$DataManagerMessage$DataSourceResponseMessage.java,getDescriptor,->,67366ab5-4121-477e-a26c-d2501b464c4e,CommLayer/Messages/AvalancheMessages.java,access$10400
67366ab5-4121-477e-a26c-d2501b464c4e,CommLayer/Messages/AvalancheMessages$Message$DataManagerMessage$DataSourceResponseMessage.java,internalGetFieldAccessorTable,->,67366ab5-4121-477e-a26c-d2501b464c4e,CommLayer/Messages/AvalancheMessages.java,access$10500
67366ab5-4121-477e-a26c-d2501b464c4e,CommLayer/Messages/AvalancheMessages$Message$DataManagerMessage$DataSourceResponseMessage.java,internalGetFieldAccessorTable,->,67366ab5-4121-477e-a26c-d2501b464c4e,com/google/protobuf/GeneratedMessage$FieldAccessorTable.java,ensureFieldAccessorsInitialized
67366ab5-4121-477e-a26c-d2501b464c4e,CommLayer/Messages/AvalancheMessages$Message$DataManagerMessage$DataSourceResponseMessage.java,getTaskId,->,67366ab5-4121-477e-a26c-d2501b464c4e,com/google/protobuf/ByteString.java,toStringUtf8
67366ab5-4121-477e-a26c-d2501b464c4e,CommLayer/Messages/AvalancheMessages$Message$DataManagerMessage$DataSourceResponseMessage.java,getTaskId,->,67366ab5-4121-477e-a26c-d2501b464c4e,com/google/protobuf/ByteString.java,isValidUtf8
67366ab5-4121-477e-a26c-d2501b464c4e,CommLayer/Messages/AvalancheMessages$Message$DataManagerMessage$DataSourceResponseMessage.java,getTaskIdBytes,->,67366ab5-4121-477e-a26c-d2501b464c4e,com/google/protobuf/ByteString.java,copyFromUtf8
67366ab5-4121-477e-a26c-d2501b464c4e,CommLayer/Messages/AvalancheMessages$Message$DataManagerMessage$DataSourceResponseMessage.java,getDataSourceCount,->,67366ab5-4121-477e-a26c-d2501b464c4e,java/util/List.java,size
67366ab5-4121-477e-a26c-d2501b464c4e,CommLayer/Messages/AvalancheMessages$Message$DataManagerMessage$DataSourceResponseMessage.java,getDataSource,->,67366ab5-4121-477e-a26c-d2501b464c4e,java/util/List.java,get
67366ab5-4121-477e-a26c-d2501b464c4e,CommLayer/Messages/AvalancheMessages$Message$DataManagerMessage$DataSourceResponseMessage.java,getDataSourceOrBuilder,->,67366ab5-4121-477e-a26c-d2501b464c4e,java/util/List.java,get
67366ab5-4121-477e-a26c-d2501b464c4e,CommLayer/Messages/AvalancheMessages$Message$DataManagerMessage$DataSourceResponseMessage.java,initFields,->,67366ab5-4121-477e-a26c-d2501b464c4e,java/util/Collections.java,emptyList
67366ab5-4121-477e-a26c-d2501b464c4e,CommLayer/Messages/AvalancheMessages$Message$DataManagerMessage$DataSourceResponseMessage.java,writeTo,->,67366ab5-4121-477e-a26c-d2501b464c4e,CommLayer/Messages/AvalancheMessages$Message$DataManagerMessage$DataSourceResponseMessage.java,getSerializedSize
67366ab5-4121-477e-a26c-d2501b464c4e,CommLayer/Messages/AvalancheMessages$Message$DataManagerMessage$DataSourceResponseMessage.java,writeTo,->,67366ab5-4121-477e-a26c-d2501b464c4e,CommLayer/Messages/AvalancheMessages$Message$DataManagerMessage$DataSourceResponseMessage.java,getTaskIdBytes
67366ab5-4121-477e-a26c-d2501b464c4e,CommLayer/Messages/AvalancheMessages$Message$DataManagerMessage$DataSourceResponseMessage.java,writeTo,->,67366ab5-4121-477e-a26c-d2501b464c4e,com/google/protobuf/CodedOutputStream.java,writeBytes
67366ab5-4121-477e-a26c-d2501b464c4e,CommLayer/Messages/AvalancheMessages$Message$DataManagerMessage$DataSourceResponseMessage.java,writeTo,->,67366ab5-4121-477e-a26c-d2501b464c4e,java/util/List.java,size
67366ab5-4121-477e-a26c-d2501b464c4e,CommLayer/Messages/AvalancheMessages$Message$DataManagerMessage$DataSourceResponseMessage.java,writeTo,->,67366ab5-4121-477e-a26c-d2501b464c4e,java/util/List.java,get
67366ab5-4121-477e-a26c-d2501b464c4e,CommLayer/Messages/AvalancheMessages$Message$DataManagerMessage$DataSourceResponseMessage.java,writeTo,->,67366ab5-4121-477e-a26c-d2501b464c4e,com/google/protobuf/CodedOutputStream.java,writeMessage
67366ab5-4121-477e-a26c-d2501b464c4e,CommLayer/Messages/AvalancheMessages$Message$DataManagerMessage$DataSourceResponseMessage.java,writeTo,->,67366ab5-4121-477e-a26c-d2501b464c4e,CommLayer/Messages/AvalancheMessages$Message$DataManagerMessage$DataSourceResponseMessage.java,getUnknownFields
67366ab5-4121-477e-a26c-d2501b464c4e,CommLayer/Messages/AvalancheMessages$Message$DataManagerMessage$DataSourceResponseMessage.java,writeTo,->,67366ab5-4121-477e-a26c-d2501b464c4e,com/google/protobuf/UnknownFieldSet.java,writeTo
67366ab5-4121-477e-a26c-d2501b464c4e,CommLayer/Messages/AvalancheMessages$Message$DataManagerMessage$DataSourceResponseMessage.java,getSerializedSize,->,67366ab5-4121-477e-a26c-d2501b464c4e,CommLayer/Messages/AvalancheMessages$Message$DataManagerMessage$DataSourceResponseMessage.java,getTaskIdBytes
67366ab5-4121-477e-a26c-d2501b464c4e,CommLayer/Messages/AvalancheMessages$Message$DataManagerMessage$DataSourceResponseMessage.java,getSerializedSize,->,67366ab5-4121-477e-a26c-d2501b464c4e,com/google/protobuf/CodedOutputStream.java,computeBytesSize
67366ab5-4121-477e-a26c-d2501b464c4e,CommLayer/Messages/AvalancheMessages$Message$DataManagerMessage$DataSourceResponseMessage.java,getSerializedSize,->,67366ab5-4121-477e-a26c-d2501b464c4e,java/util/List.java,size
67366ab5-4121-477e-a26c-d2501b464c4e,CommLayer/Messages/AvalancheMessages$Message$DataManagerMessage$DataSourceResponseMessage.java,getSerializedSize,->,67366ab5-4121-477e-a26c-d2501b464c4e,java/util/List.java,get
67366ab5-4121-477e-a26c-d2501b464c4e,CommLayer/Messages/AvalancheMessages$Message$DataManagerMessage$DataSourceResponseMessage.java,getSerializedSize,->,67366ab5-4121-477e-a26c-d2501b464c4e,com/google/protobuf/CodedOutputStream.java,computeMessageSize
67366ab5-4121-477e-a26c-d2501b464c4e,CommLayer/Messages/AvalancheMessages$Message$DataManagerMessage$DataSourceResponseMessage.java,getSerializedSize,->,67366ab5-4121-477e-a26c-d2501b464c4e,CommLayer/Messages/AvalancheMessages$Message$DataManagerMessage$DataSourceResponseMessage.java,getUnknownFields
67366ab5-4121-477e-a26c-d2501b464c4e,CommLayer/Messages/AvalancheMessages$Message$DataManagerMessage$DataSourceResponseMessage.java,getSerializedSize,->,67366ab5-4121-477e-a26c-d2501b464c4e,com/google/protobuf/UnknownFieldSet.java,getSerializedSize
67366ab5-4121-477e-a26c-d2501b464c4e,CommLayer/Messages/AvalancheMessages$Message$DataManagerMessage$DataSourceResponseMessage.java,writeReplace,->,67366ab5-4121-477e-a26c-d2501b464c4e,com/google/protobuf/GeneratedMessage.java,writeReplace
67366ab5-4121-477e-a26c-d2501b464c4e,CommLayer/Messages/AvalancheMessages$Message$DataManagerMessage$DataSourceResponseMessage.java,parseFrom,->,67366ab5-4121-477e-a26c-d2501b464c4e,com/google/protobuf/Parser.java,parseFrom
67366ab5-4121-477e-a26c-d2501b464c4e,CommLayer/Messages/AvalancheMessages$Message$DataManagerMessage$DataSourceResponseMessage.java,parseFrom,->,67366ab5-4121-477e-a26c-d2501b464c4e,com/google/protobuf/Parser.java,parseFrom
67366ab5-4121-477e-a26c-d2501b464c4e,CommLayer/Messages/AvalancheMessages$Message$DataManagerMessage$DataSourceResponseMessage.java,parseFrom,->,67366ab5-4121-477e-a26c-d2501b464c4e,com/google/protobuf/Parser.java,parseFrom
67366ab5-4121-477e-a26c-d2501b464c4e,CommLayer/Messages/AvalancheMessages$Message$DataManagerMessage$DataSourceResponseMessage.java,parseFrom,->,67366ab5-4121-477e-a26c-d2501b464c4e,com/google/protobuf/Parser.java,parseFrom
67366ab5-4121-477e-a26c-d2501b464c4e,CommLayer/Messages/AvalancheMessages$Message$DataManagerMessage$DataSourceResponseMessage.java,parseFrom,->,67366ab5-4121-477e-a26c-d2501b464c4e,com/google/protobuf/Parser.java,parseFrom
67366ab5-4121-477e-a26c-d2501b464c4e,CommLayer/Messages/AvalancheMessages$Message$DataManagerMessage$DataSourceResponseMessage.java,parseFrom,->,67366ab5-4121-477e-a26c-d2501b464c4e,com/google/protobuf/Parser.java,parseFrom
67366ab5-4121-477e-a26c-d2501b464c4e,CommLayer/Messages/AvalancheMessages$Message$DataManagerMessage$DataSourceResponseMessage.java,parseDelimitedFrom,->,67366ab5-4121-477e-a26c-d2501b464c4e,com/google/protobuf/Parser.java,parseDelimitedFrom
67366ab5-4121-477e-a26c-d2501b464c4e,CommLayer/Messages/AvalancheMessages$Message$DataManagerMessage$DataSourceResponseMessage.java,parseDelimitedFrom,->,67366ab5-4121-477e-a26c-d2501b464c4e,com/google/protobuf/Parser.java,parseDelimitedFrom
67366ab5-4121-477e-a26c-d2501b464c4e,CommLayer/Messages/AvalancheMessages$Message$DataManagerMessage$DataSourceResponseMessage.java,parseFrom,->,67366ab5-4121-477e-a26c-d2501b464c4e,com/google/protobuf/Parser.java,parseFrom
67366ab5-4121-477e-a26c-d2501b464c4e,CommLayer/Messages/AvalancheMessages$Message$DataManagerMessage$DataSourceResponseMessage.java,parseFrom,->,67366ab5-4121-477e-a26c-d2501b464c4e,com/google/protobuf/Parser.java,parseFrom
67366ab5-4121-477e-a26c-d2501b464c4e,CommLayer/Messages/AvalancheMessages$Message$DataManagerMessage$DataSourceResponseMessage.java,newBuilder,->,67366ab5-4121-477e-a26c-d2501b464c4e,CommLayer/Messages/AvalancheMessages$Message$DataManagerMessage$DataSourceResponseMessage$Builder.java,access$10700
67366ab5-4121-477e-a26c-d2501b464c4e,CommLayer/Messages/AvalancheMessages$Message$DataManagerMessage$DataSourceResponseMessage.java,newBuilderForType,->,67366ab5-4121-477e-a26c-d2501b464c4e,CommLayer/Messages/AvalancheMessages$Message$DataManagerMessage$DataSourceResponseMessage.java,newBuilder
67366ab5-4121-477e-a26c-d2501b464c4e,CommLayer/Messages/AvalancheMessages$Message$DataManagerMessage$DataSourceResponseMessage.java,newBuilder,->,67366ab5-4121-477e-a26c-d2501b464c4e,CommLayer/Messages/AvalancheMessages$Message$DataManagerMessage$DataSourceResponseMessage.java,newBuilder
67366ab5-4121-477e-a26c-d2501b464c4e,CommLayer/Messages/AvalancheMessages$Message$DataManagerMessage$DataSourceResponseMessage.java,newBuilder,->,67366ab5-4121-477e-a26c-d2501b464c4e,CommLayer/Messages/AvalancheMessages$Message$DataManagerMessage$DataSourceResponseMessage$Builder.java,mergeFrom
67366ab5-4121-477e-a26c-d2501b464c4e,CommLayer/Messages/AvalancheMessages$Message$DataManagerMessage$DataSourceResponseMessage.java,toBuilder,->,67366ab5-4121-477e-a26c-d2501b464c4e,CommLayer/Messages/AvalancheMessages$Message$DataManagerMessage$DataSourceResponseMessage.java,newBuilder
67366ab5-4121-477e-a26c-d2501b464c4e,CommLayer/Messages/AvalancheMessages$Message$DataManagerMessage$DataSourceResponseMessage.java,newBuilderForType,->,67366ab5-4121-477e-a26c-d2501b464c4e,CommLayer/Messages/AvalancheMessages$Message$DataManagerMessage$DataSourceResponseMessage.java,newBuilderForType
67366ab5-4121-477e-a26c-d2501b464c4e,CommLayer/Messages/AvalancheMessages$Message$DataManagerMessage$DataSourceResponseMessage.java,toBuilder,->,67366ab5-4121-477e-a26c-d2501b464c4e,CommLayer/Messages/AvalancheMessages$Message$DataManagerMessage$DataSourceResponseMessage.java,toBuilder
67366ab5-4121-477e-a26c-d2501b464c4e,CommLayer/Messages/AvalancheMessages$Message$DataManagerMessage$DataSourceResponseMessage.java,newBuilderForType,->,67366ab5-4121-477e-a26c-d2501b464c4e,CommLayer/Messages/AvalancheMessages$Message$DataManagerMessage$DataSourceResponseMessage.java,newBuilderForType
67366ab5-4121-477e-a26c-d2501b464c4e,CommLayer/Messages/AvalancheMessages$Message$DataManagerMessage$DataSourceResponseMessage.java,toBuilder,->,67366ab5-4121-477e-a26c-d2501b464c4e,CommLayer/Messages/AvalancheMessages$Message$DataManagerMessage$DataSourceResponseMessage.java,toBuilder
67366ab5-4121-477e-a26c-d2501b464c4e,CommLayer/Messages/AvalancheMessages$Message$DataManagerMessage$DataSourceResponseMessage.java,newBuilderForType,->,67366ab5-4121-477e-a26c-d2501b464c4e,CommLayer/Messages/AvalancheMessages$Message$DataManagerMessage$DataSourceResponseMessage.java,newBuilderForType
67366ab5-4121-477e-a26c-d2501b464c4e,CommLayer/Messages/AvalancheMessages$Message$DataManagerMessage$DataSourceResponseMessage.java,getDefaultInstanceForType,->,67366ab5-4121-477e-a26c-d2501b464c4e,CommLayer/Messages/AvalancheMessages$Message$DataManagerMessage$DataSourceResponseMessage.java,getDefaultInstanceForType
67366ab5-4121-477e-a26c-d2501b464c4e,CommLayer/Messages/AvalancheMessages$Message$DataManagerMessage$DataSourceResponseMessage.java,getDefaultInstanceForType,->,67366ab5-4121-477e-a26c-d2501b464c4e,CommLayer/Messages/AvalancheMessages$Message$DataManagerMessage$DataSourceResponseMessage.java,getDefaultInstanceForType
67366ab5-4121-477e-a26c-d2501b464c4e,CommLayer/Messages/AvalancheMessages$Message$DataManagerMessage$DataSourceResponseMessage.java,<clinit>,->,67366ab5-4121-477e-a26c-d2501b464c4e,CommLayer/Messages/AvalancheMessages$Message$DataManagerMessage$DataSourceResponseMessage.java,initFields
67366ab5-4121-477e-a26c-d2501b464c4e,CommLayer/Messages/AvalancheMessages$Message$TaskInitMessage$Builder.java,getDescriptor,->,67366ab5-4121-477e-a26c-d2501b464c4e,CommLayer/Messages/AvalancheMessages.java,access$1300
67366ab5-4121-477e-a26c-d2501b464c4e,CommLayer/Messages/AvalancheMessages$Message$TaskInitMessage$Builder.java,internalGetFieldAccessorTable,->,67366ab5-4121-477e-a26c-d2501b464c4e,CommLayer/Messages/AvalancheMessages.java,access$1400
67366ab5-4121-477e-a26c-d2501b464c4e,CommLayer/Messages/AvalancheMessages$Message$TaskInitMessage$Builder.java,internalGetFieldAccessorTable,->,67366ab5-4121-477e-a26c-d2501b464c4e,com/google/protobuf/GeneratedMessage$FieldAccessorTable.java,ensureFieldAccessorsInitialized
67366ab5-4121-477e-a26c-d2501b464c4e,CommLayer/Messages/AvalancheMessages$Message$TaskInitMessage$Builder.java,maybeForceBuilderInitialization,->,67366ab5-4121-477e-a26c-d2501b464c4e,CommLayer/Messages/AvalancheMessages$Message$TaskInitMessage.java,access$1800
67366ab5-4121-477e-a26c-d2501b464c4e,CommLayer/Messages/AvalancheMessages$Message$TaskInitMessage$Builder.java,maybeForceBuilderInitialization,->,67366ab5-4121-477e-a26c-d2501b464c4e,CommLayer/Messages/AvalancheMessages$Message$TaskInitMessage$Builder.java,getCopyDestinationFieldBuilder
67366ab5-4121-477e-a26c-d2501b464c4e,CommLayer/Messages/AvalancheMessages$Message$TaskInitMessage$Builder.java,clear,->,67366ab5-4121-477e-a26c-d2501b464c4e,com/google/protobuf/GeneratedMessage$Builder.java,clear
67366ab5-4121-477e-a26c-d2501b464c4e,CommLayer/Messages/AvalancheMessages$Message$TaskInitMessage$Builder.java,clear,->,67366ab5-4121-477e-a26c-d2501b464c4e,CommLayer/Messages/AvalancheMessages$Message$Location.java,getDefaultInstance
67366ab5-4121-477e-a26c-d2501b464c4e,CommLayer/Messages/AvalancheMessages$Message$TaskInitMessage$Builder.java,clear,->,67366ab5-4121-477e-a26c-d2501b464c4e,com/google/protobuf/SingleFieldBuilder.java,clear
67366ab5-4121-477e-a26c-d2501b464c4e,CommLayer/Messages/AvalancheMessages$Message$TaskInitMessage$Builder.java,clone,->,67366ab5-4121-477e-a26c-d2501b464c4e,CommLayer/Messages/AvalancheMessages$Message$TaskInitMessage$Builder.java,create
67366ab5-4121-477e-a26c-d2501b464c4e,CommLayer/Messages/AvalancheMessages$Message$TaskInitMessage$Builder.java,clone,->,67366ab5-4121-477e-a26c-d2501b464c4e,CommLayer/Messages/AvalancheMessages$Message$TaskInitMessage$Builder.java,buildPartial
67366ab5-4121-477e-a26c-d2501b464c4e,CommLayer/Messages/AvalancheMessages$Message$TaskInitMessage$Builder.java,clone,->,67366ab5-4121-477e-a26c-d2501b464c4e,CommLayer/Messages/AvalancheMessages$Message$TaskInitMessage$Builder.java,mergeFrom
67366ab5-4121-477e-a26c-d2501b464c4e,CommLayer/Messages/AvalancheMessages$Message$TaskInitMessage$Builder.java,getDescriptorForType,->,67366ab5-4121-477e-a26c-d2501b464c4e,CommLayer/Messages/AvalancheMessages.java,access$1300
67366ab5-4121-477e-a26c-d2501b464c4e,CommLayer/Messages/AvalancheMessages$Message$TaskInitMessage$Builder.java,getDefaultInstanceForType,->,67366ab5-4121-477e-a26c-d2501b464c4e,CommLayer/Messages/AvalancheMessages$Message$TaskInitMessage.java,getDefaultInstance
67366ab5-4121-477e-a26c-d2501b464c4e,CommLayer/Messages/AvalancheMessages$Message$TaskInitMessage$Builder.java,build,->,67366ab5-4121-477e-a26c-d2501b464c4e,CommLayer/Messages/AvalancheMessages$Message$TaskInitMessage$Builder.java,buildPartial
67366ab5-4121-477e-a26c-d2501b464c4e,CommLayer/Messages/AvalancheMessages$Message$TaskInitMessage$Builder.java,build,->,67366ab5-4121-477e-a26c-d2501b464c4e,CommLayer/Messages/AvalancheMessages$Message$TaskInitMessage.java,isInitialized
67366ab5-4121-477e-a26c-d2501b464c4e,CommLayer/Messages/AvalancheMessages$Message$TaskInitMessage$Builder.java,build,->,67366ab5-4121-477e-a26c-d2501b464c4e,CommLayer/Messages/AvalancheMessages$Message$TaskInitMessage$Builder.java,newUninitializedMessageException
67366ab5-4121-477e-a26c-d2501b464c4e,CommLayer/Messages/AvalancheMessages$Message$TaskInitMessage$Builder.java,buildPartial,->,67366ab5-4121-477e-a26c-d2501b464c4e,CommLayer/Messages/AvalancheMessages$Message$TaskInitMessage.java,access$2002
67366ab5-4121-477e-a26c-d2501b464c4e,CommLayer/Messages/AvalancheMessages$Message$TaskInitMessage$Builder.java,buildPartial,->,67366ab5-4121-477e-a26c-d2501b464c4e,CommLayer/Messages/AvalancheMessages$Message$TaskInitMessage.java,access$2102
67366ab5-4121-477e-a26c-d2501b464c4e,CommLayer/Messages/AvalancheMessages$Message$TaskInitMessage$Builder.java,buildPartial,->,67366ab5-4121-477e-a26c-d2501b464c4e,CommLayer/Messages/AvalancheMessages$Message$TaskInitMessage.java,access$2202
67366ab5-4121-477e-a26c-d2501b464c4e,CommLayer/Messages/AvalancheMessages$Message$TaskInitMessage$Builder.java,buildPartial,->,67366ab5-4121-477e-a26c-d2501b464c4e,CommLayer/Messages/AvalancheMessages$Message$TaskInitMessage.java,access$2302
67366ab5-4121-477e-a26c-d2501b464c4e,CommLayer/Messages/AvalancheMessages$Message$TaskInitMessage$Builder.java,buildPartial,->,67366ab5-4121-477e-a26c-d2501b464c4e,com/google/protobuf/SingleFieldBuilder.java,build
67366ab5-4121-477e-a26c-d2501b464c4e,CommLayer/Messages/AvalancheMessages$Message$TaskInitMessage$Builder.java,buildPartial,->,67366ab5-4121-477e-a26c-d2501b464c4e,CommLayer/Messages/AvalancheMessages$Message$TaskInitMessage.java,access$2302
67366ab5-4121-477e-a26c-d2501b464c4e,CommLayer/Messages/AvalancheMessages$Message$TaskInitMessage$Builder.java,buildPartial,->,67366ab5-4121-477e-a26c-d2501b464c4e,CommLayer/Messages/AvalancheMessages$Message$TaskInitMessage.java,access$2402
67366ab5-4121-477e-a26c-d2501b464c4e,CommLayer/Messages/AvalancheMessages$Message$TaskInitMessage$Builder.java,buildPartial,->,67366ab5-4121-477e-a26c-d2501b464c4e,CommLayer/Messages/AvalancheMessages$Message$TaskInitMessage$Builder.java,onBuilt
67366ab5-4121-477e-a26c-d2501b464c4e,CommLayer/Messages/AvalancheMessages$Message$TaskInitMessage$Builder.java,mergeFrom,->,67366ab5-4121-477e-a26c-d2501b464c4e,CommLayer/Messages/AvalancheMessages$Message$TaskInitMessage$Builder.java,mergeFrom
67366ab5-4121-477e-a26c-d2501b464c4e,CommLayer/Messages/AvalancheMessages$Message$TaskInitMessage$Builder.java,mergeFrom,->,67366ab5-4121-477e-a26c-d2501b464c4e,com/google/protobuf/GeneratedMessage$Builder.java,mergeFrom
67366ab5-4121-477e-a26c-d2501b464c4e,CommLayer/Messages/AvalancheMessages$Message$TaskInitMessage$Builder.java,mergeFrom,->,67366ab5-4121-477e-a26c-d2501b464c4e,CommLayer/Messages/AvalancheMessages$Message$TaskInitMessage.java,getDefaultInstance
67366ab5-4121-477e-a26c-d2501b464c4e,CommLayer/Messages/AvalancheMessages$Message$TaskInitMessage$Builder.java,mergeFrom,->,67366ab5-4121-477e-a26c-d2501b464c4e,CommLayer/Messages/AvalancheMessages$Message$TaskInitMessage.java,hasType
67366ab5-4121-477e-a26c-d2501b464c4e,CommLayer/Messages/AvalancheMessages$Message$TaskInitMessage$Builder.java,mergeFrom,->,67366ab5-4121-477e-a26c-d2501b464c4e,CommLayer/Messages/AvalancheMessages$Message$TaskInitMessage.java,getType
67366ab5-4121-477e-a26c-d2501b464c4e,CommLayer/Messages/AvalancheMessages$Message$TaskInitMessage$Builder.java,mergeFrom,->,67366ab5-4121-477e-a26c-d2501b464c4e,CommLayer/Messages/AvalancheMessages$Message$TaskInitMessage$Builder.java,setType
67366ab5-4121-477e-a26c-d2501b464c4e,CommLayer/Messages/AvalancheMessages$Message$TaskInitMessage$Builder.java,mergeFrom,->,67366ab5-4121-477e-a26c-d2501b464c4e,CommLayer/Messages/AvalancheMessages$Message$TaskInitMessage.java,hasId
67366ab5-4121-477e-a26c-d2501b464c4e,CommLayer/Messages/AvalancheMessages$Message$TaskInitMessage$Builder.java,mergeFrom,->,67366ab5-4121-477e-a26c-d2501b464c4e,CommLayer/Messages/AvalancheMessages$Message$TaskInitMessage.java,access$2100
67366ab5-4121-477e-a26c-d2501b464c4e,CommLayer/Messages/AvalancheMessages$Message$TaskInitMessage$Builder.java,mergeFrom,->,67366ab5-4121-477e-a26c-d2501b464c4e,CommLayer/Messages/AvalancheMessages$Message$TaskInitMessage$Builder.java,onChanged
67366ab5-4121-477e-a26c-d2501b464c4e,CommLayer/Messages/AvalancheMessages$Message$TaskInitMessage$Builder.java,mergeFrom,->,67366ab5-4121-477e-a26c-d2501b464c4e,CommLayer/Messages/AvalancheMessages$Message$TaskInitMessage.java,access$2200
67366ab5-4121-477e-a26c-d2501b464c4e,CommLayer/Messages/AvalancheMessages$Message$TaskInitMessage$Builder.java,mergeFrom,->,67366ab5-4121-477e-a26c-d2501b464c4e,com/google/protobuf/LazyStringList.java,isEmpty
67366ab5-4121-477e-a26c-d2501b464c4e,CommLayer/Messages/AvalancheMessages$Message$TaskInitMessage$Builder.java,mergeFrom,->,67366ab5-4121-477e-a26c-d2501b464c4e,com/google/protobuf/LazyStringList.java,isEmpty
67366ab5-4121-477e-a26c-d2501b464c4e,CommLayer/Messages/AvalancheMessages$Message$TaskInitMessage$Builder.java,mergeFrom,->,67366ab5-4121-477e-a26c-d2501b464c4e,CommLayer/Messages/AvalancheMessages$Message$TaskInitMessage.java,access$2200
67366ab5-4121-477e-a26c-d2501b464c4e,CommLayer/Messages/AvalancheMessages$Message$TaskInitMessage$Builder.java,mergeFrom,->,67366ab5-4121-477e-a26c-d2501b464c4e,CommLayer/Messages/AvalancheMessages$Message$TaskInitMessage$Builder.java,ensureDataSourceIsMutable
67366ab5-4121-477e-a26c-d2501b464c4e,CommLayer/Messages/AvalancheMessages$Message$TaskInitMessage$Builder.java,mergeFrom,->,67366ab5-4121-477e-a26c-d2501b464c4e,CommLayer/Messages/AvalancheMessages$Message$TaskInitMessage.java,access$2200
67366ab5-4121-477e-a26c-d2501b464c4e,CommLayer/Messages/AvalancheMessages$Message$TaskInitMessage$Builder.java,mergeFrom,->,67366ab5-4121-477e-a26c-d2501b464c4e,com/google/protobuf/LazyStringList.java,addAll
67366ab5-4121-477e-a26c-d2501b464c4e,CommLayer/Messages/AvalancheMessages$Message$TaskInitMessage$Builder.java,mergeFrom,->,67366ab5-4121-477e-a26c-d2501b464c4e,CommLayer/Messages/AvalancheMessages$Message$TaskInitMessage$Builder.java,onChanged
67366ab5-4121-477e-a26c-d2501b464c4e,CommLayer/Messages/AvalancheMessages$Message$TaskInitMessage$Builder.java,mergeFrom,->,67366ab5-4121-477e-a26c-d2501b464c4e,CommLayer/Messages/AvalancheMessages$Message$TaskInitMessage.java,hasCopyDestination
67366ab5-4121-477e-a26c-d2501b464c4e,CommLayer/Messages/AvalancheMessages$Message$TaskInitMessage$Builder.java,mergeFrom,->,67366ab5-4121-477e-a26c-d2501b464c4e,CommLayer/Messages/AvalancheMessages$Message$TaskInitMessage.java,getCopyDestination
67366ab5-4121-477e-a26c-d2501b464c4e,CommLayer/Messages/AvalancheMessages$Message$TaskInitMessage$Builder.java,mergeFrom,->,67366ab5-4121-477e-a26c-d2501b464c4e,CommLayer/Messages/AvalancheMessages$Message$TaskInitMessage$Builder.java,mergeCopyDestination
67366ab5-4121-477e-a26c-d2501b464c4e,CommLayer/Messages/AvalancheMessages$Message$TaskInitMessage$Builder.java,mergeFrom,->,67366ab5-4121-477e-a26c-d2501b464c4e,CommLayer/Messages/AvalancheMessages$Message$TaskInitMessage.java,getUnknownFields
67366ab5-4121-477e-a26c-d2501b464c4e,CommLayer/Messages/AvalancheMessages$Message$TaskInitMessage$Builder.java,mergeFrom,->,67366ab5-4121-477e-a26c-d2501b464c4e,CommLayer/Messages/AvalancheMessages$Message$TaskInitMessage$Builder.java,mergeUnknownFields
67366ab5-4121-477e-a26c-d2501b464c4e,CommLayer/Messages/AvalancheMessages$Message$TaskInitMessage$Builder.java,mergeFrom,->,67366ab5-4121-477e-a26c-d2501b464c4e,com/google/protobuf/Parser.java,parsePartialFrom
67366ab5-4121-477e-a26c-d2501b464c4e,CommLayer/Messages/AvalancheMessages$Message$TaskInitMessage$Builder.java,mergeFrom,->,67366ab5-4121-477e-a26c-d2501b464c4e,CommLayer/Messages/AvalancheMessages$Message$TaskInitMessage$Builder.java,mergeFrom
67366ab5-4121-477e-a26c-d2501b464c4e,CommLayer/Messages/AvalancheMessages$Message$TaskInitMessage$Builder.java,mergeFrom,->,67366ab5-4121-477e-a26c-d2501b464c4e,com/google/protobuf/InvalidProtocolBufferException.java,getUnfinishedMessage
67366ab5-4121-477e-a26c-d2501b464c4e,CommLayer/Messages/AvalancheMessages$Message$TaskInitMessage$Builder.java,mergeFrom,->,67366ab5-4121-477e-a26c-d2501b464c4e,CommLayer/Messages/AvalancheMessages$Message$TaskInitMessage$Builder.java,mergeFrom
67366ab5-4121-477e-a26c-d2501b464c4e,CommLayer/Messages/AvalancheMessages$Message$TaskInitMessage$Builder.java,setType,->,67366ab5-4121-477e-a26c-d2501b464c4e,CommLayer/Messages/AvalancheMessages$Message$TaskInitMessage$Builder.java,onChanged
67366ab5-4121-477e-a26c-d2501b464c4e,CommLayer/Messages/AvalancheMessages$Message$TaskInitMessage$Builder.java,clearType,->,67366ab5-4121-477e-a26c-d2501b464c4e,CommLayer/Messages/AvalancheMessages$Message$TaskInitMessage$Builder.java,onChanged
67366ab5-4121-477e-a26c-d2501b464c4e,CommLayer/Messages/AvalancheMessages$Message$TaskInitMessage$Builder.java,getId,->,67366ab5-4121-477e-a26c-d2501b464c4e,com/google/protobuf/ByteString.java,toStringUtf8
67366ab5-4121-477e-a26c-d2501b464c4e,CommLayer/Messages/AvalancheMessages$Message$TaskInitMessage$Builder.java,getIdBytes,->,67366ab5-4121-477e-a26c-d2501b464c4e,com/google/protobuf/ByteString.java,copyFromUtf8
67366ab5-4121-477e-a26c-d2501b464c4e,CommLayer/Messages/AvalancheMessages$Message$TaskInitMessage$Builder.java,setId,->,67366ab5-4121-477e-a26c-d2501b464c4e,CommLayer/Messages/AvalancheMessages$Message$TaskInitMessage$Builder.java,onChanged
67366ab5-4121-477e-a26c-d2501b464c4e,CommLayer/Messages/AvalancheMessages$Message$TaskInitMessage$Builder.java,clearId,->,67366ab5-4121-477e-a26c-d2501b464c4e,CommLayer/Messages/AvalancheMessages$Message$TaskInitMessage.java,getDefaultInstance
67366ab5-4121-477e-a26c-d2501b464c4e,CommLayer/Messages/AvalancheMessages$Message$TaskInitMessage$Builder.java,clearId,->,67366ab5-4121-477e-a26c-d2501b464c4e,CommLayer/Messages/AvalancheMessages$Message$TaskInitMessage.java,getId
67366ab5-4121-477e-a26c-d2501b464c4e,CommLayer/Messages/AvalancheMessages$Message$TaskInitMessage$Builder.java,clearId,->,67366ab5-4121-477e-a26c-d2501b464c4e,CommLayer/Messages/AvalancheMessages$Message$TaskInitMessage$Builder.java,onChanged
67366ab5-4121-477e-a26c-d2501b464c4e,CommLayer/Messages/AvalancheMessages$Message$TaskInitMessage$Builder.java,setIdBytes,->,67366ab5-4121-477e-a26c-d2501b464c4e,CommLayer/Messages/AvalancheMessages$Message$TaskInitMessage$Builder.java,onChanged
67366ab5-4121-477e-a26c-d2501b464c4e,CommLayer/Messages/AvalancheMessages$Message$TaskInitMessage$Builder.java,getDataSourceList,->,67366ab5-4121-477e-a26c-d2501b464c4e,java/util/Collections.java,unmodifiableList
67366ab5-4121-477e-a26c-d2501b464c4e,CommLayer/Messages/AvalancheMessages$Message$TaskInitMessage$Builder.java,getDataSourceCount,->,67366ab5-4121-477e-a26c-d2501b464c4e,com/google/protobuf/LazyStringList.java,size
67366ab5-4121-477e-a26c-d2501b464c4e,CommLayer/Messages/AvalancheMessages$Message$TaskInitMessage$Builder.java,getDataSource,->,67366ab5-4121-477e-a26c-d2501b464c4e,com/google/protobuf/LazyStringList.java,get
67366ab5-4121-477e-a26c-d2501b464c4e,CommLayer/Messages/AvalancheMessages$Message$TaskInitMessage$Builder.java,getDataSourceBytes,->,67366ab5-4121-477e-a26c-d2501b464c4e,com/google/protobuf/LazyStringList.java,getByteString
67366ab5-4121-477e-a26c-d2501b464c4e,CommLayer/Messages/AvalancheMessages$Message$TaskInitMessage$Builder.java,setDataSource,->,67366ab5-4121-477e-a26c-d2501b464c4e,CommLayer/Messages/AvalancheMessages$Message$TaskInitMessage$Builder.java,ensureDataSourceIsMutable
67366ab5-4121-477e-a26c-d2501b464c4e,CommLayer/Messages/AvalancheMessages$Message$TaskInitMessage$Builder.java,setDataSource,->,67366ab5-4121-477e-a26c-d2501b464c4e,com/google/protobuf/LazyStringList.java,set
67366ab5-4121-477e-a26c-d2501b464c4e,CommLayer/Messages/AvalancheMessages$Message$TaskInitMessage$Builder.java,setDataSource,->,67366ab5-4121-477e-a26c-d2501b464c4e,CommLayer/Messages/AvalancheMessages$Message$TaskInitMessage$Builder.java,onChanged
67366ab5-4121-477e-a26c-d2501b464c4e,CommLayer/Messages/AvalancheMessages$Message$TaskInitMessage$Builder.java,addDataSource,->,67366ab5-4121-477e-a26c-d2501b464c4e,CommLayer/Messages/AvalancheMessages$Message$TaskInitMessage$Builder.java,ensureDataSourceIsMutable
67366ab5-4121-477e-a26c-d2501b464c4e,CommLayer/Messages/AvalancheMessages$Message$TaskInitMessage$Builder.java,addDataSource,->,67366ab5-4121-477e-a26c-d2501b464c4e,com/google/protobuf/LazyStringList.java,add
67366ab5-4121-477e-a26c-d2501b464c4e,CommLayer/Messages/AvalancheMessages$Message$TaskInitMessage$Builder.java,addDataSource,->,67366ab5-4121-477e-a26c-d2501b464c4e,CommLayer/Messages/AvalancheMessages$Message$TaskInitMessage$Builder.java,onChanged
67366ab5-4121-477e-a26c-d2501b464c4e,CommLayer/Messages/AvalancheMessages$Message$TaskInitMessage$Builder.java,addAllDataSource,->,67366ab5-4121-477e-a26c-d2501b464c4e,CommLayer/Messages/AvalancheMessages$Message$TaskInitMessage$Builder.java,ensureDataSourceIsMutable
67366ab5-4121-477e-a26c-d2501b464c4e,CommLayer/Messages/AvalancheMessages$Message$TaskInitMessage$Builder.java,addAllDataSource,->,67366ab5-4121-477e-a26c-d2501b464c4e,com/google/protobuf/GeneratedMessage$Builder.java,addAll
67366ab5-4121-477e-a26c-d2501b464c4e,CommLayer/Messages/AvalancheMessages$Message$TaskInitMessage$Builder.java,addAllDataSource,->,67366ab5-4121-477e-a26c-d2501b464c4e,CommLayer/Messages/AvalancheMessages$Message$TaskInitMessage$Builder.java,onChanged
67366ab5-4121-477e-a26c-d2501b464c4e,CommLayer/Messages/AvalancheMessages$Message$TaskInitMessage$Builder.java,clearDataSource,->,67366ab5-4121-477e-a26c-d2501b464c4e,CommLayer/Messages/AvalancheMessages$Message$TaskInitMessage$Builder.java,onChanged
67366ab5-4121-477e-a26c-d2501b464c4e,CommLayer/Messages/AvalancheMessages$Message$TaskInitMessage$Builder.java,addDataSourceBytes,->,67366ab5-4121-477e-a26c-d2501b464c4e,CommLayer/Messages/AvalancheMessages$Message$TaskInitMessage$Builder.java,ensureDataSourceIsMutable
67366ab5-4121-477e-a26c-d2501b464c4e,CommLayer/Messages/AvalancheMessages$Message$TaskInitMessage$Builder.java,addDataSourceBytes,->,67366ab5-4121-477e-a26c-d2501b464c4e,com/google/protobuf/LazyStringList.java,add
67366ab5-4121-477e-a26c-d2501b464c4e,CommLayer/Messages/AvalancheMessages$Message$TaskInitMessage$Builder.java,addDataSourceBytes,->,67366ab5-4121-477e-a26c-d2501b464c4e,CommLayer/Messages/AvalancheMessages$Message$TaskInitMessage$Builder.java,onChanged
67366ab5-4121-477e-a26c-d2501b464c4e,CommLayer/Messages/AvalancheMessages$Message$TaskInitMessage$Builder.java,getCopyDestination,->,67366ab5-4121-477e-a26c-d2501b464c4e,com/google/protobuf/SingleFieldBuilder.java,getMessage
67366ab5-4121-477e-a26c-d2501b464c4e,CommLayer/Messages/AvalancheMessages$Message$TaskInitMessage$Builder.java,setCopyDestination,->,67366ab5-4121-477e-a26c-d2501b464c4e,CommLayer/Messages/AvalancheMessages$Message$TaskInitMessage$Builder.java,onChanged
67366ab5-4121-477e-a26c-d2501b464c4e,CommLayer/Messages/AvalancheMessages$Message$TaskInitMessage$Builder.java,setCopyDestination,->,67366ab5-4121-477e-a26c-d2501b464c4e,com/google/protobuf/SingleFieldBuilder.java,setMessage
67366ab5-4121-477e-a26c-d2501b464c4e,CommLayer/Messages/AvalancheMessages$Message$TaskInitMessage$Builder.java,setCopyDestination,->,67366ab5-4121-477e-a26c-d2501b464c4e,CommLayer/Messages/AvalancheMessages$Message$Location$Builder.java,build
67366ab5-4121-477e-a26c-d2501b464c4e,CommLayer/Messages/AvalancheMessages$Message$TaskInitMessage$Builder.java,setCopyDestination,->,67366ab5-4121-477e-a26c-d2501b464c4e,CommLayer/Messages/AvalancheMessages$Message$TaskInitMessage$Builder.java,onChanged
67366ab5-4121-477e-a26c-d2501b464c4e,CommLayer/Messages/AvalancheMessages$Message$TaskInitMessage$Builder.java,setCopyDestination,->,67366ab5-4121-477e-a26c-d2501b464c4e,CommLayer/Messages/AvalancheMessages$Message$Location$Builder.java,build
67366ab5-4121-477e-a26c-d2501b464c4e,CommLayer/Messages/AvalancheMessages$Message$TaskInitMessage$Builder.java,setCopyDestination,->,67366ab5-4121-477e-a26c-d2501b464c4e,com/google/protobuf/SingleFieldBuilder.java,setMessage
67366ab5-4121-477e-a26c-d2501b464c4e,CommLayer/Messages/AvalancheMessages$Message$TaskInitMessage$Builder.java,mergeCopyDestination,->,67366ab5-4121-477e-a26c-d2501b464c4e,CommLayer/Messages/AvalancheMessages$Message$Location.java,getDefaultInstance
67366ab5-4121-477e-a26c-d2501b464c4e,CommLayer/Messages/AvalancheMessages$Message$TaskInitMessage$Builder.java,mergeCopyDestination,->,67366ab5-4121-477e-a26c-d2501b464c4e,CommLayer/Messages/AvalancheMessages$Message$Location.java,newBuilder
67366ab5-4121-477e-a26c-d2501b464c4e,CommLayer/Messages/AvalancheMessages$Message$TaskInitMessage$Builder.java,mergeCopyDestination,->,67366ab5-4121-477e-a26c-d2501b464c4e,CommLayer/Messages/AvalancheMessages$Message$Location$Builder.java,mergeFrom
67366ab5-4121-477e-a26c-d2501b464c4e,CommLayer/Messages/AvalancheMessages$Message$TaskInitMessage$Builder.java,mergeCopyDestination,->,67366ab5-4121-477e-a26c-d2501b464c4e,CommLayer/Messages/AvalancheMessages$Message$Location$Builder.java,buildPartial
67366ab5-4121-477e-a26c-d2501b464c4e,CommLayer/Messages/AvalancheMessages$Message$TaskInitMessage$Builder.java,mergeCopyDestination,->,67366ab5-4121-477e-a26c-d2501b464c4e,CommLayer/Messages/AvalancheMessages$Message$TaskInitMessage$Builder.java,onChanged
67366ab5-4121-477e-a26c-d2501b464c4e,CommLayer/Messages/AvalancheMessages$Message$TaskInitMessage$Builder.java,mergeCopyDestination,->,67366ab5-4121-477e-a26c-d2501b464c4e,com/google/protobuf/SingleFieldBuilder.java,mergeFrom
67366ab5-4121-477e-a26c-d2501b464c4e,CommLayer/Messages/AvalancheMessages$Message$TaskInitMessage$Builder.java,clearCopyDestination,->,67366ab5-4121-477e-a26c-d2501b464c4e,CommLayer/Messages/AvalancheMessages$Message$Location.java,getDefaultInstance
67366ab5-4121-477e-a26c-d2501b464c4e,CommLayer/Messages/AvalancheMessages$Message$TaskInitMessage$Builder.java,clearCopyDestination,->,67366ab5-4121-477e-a26c-d2501b464c4e,CommLayer/Messages/AvalancheMessages$Message$TaskInitMessage$Builder.java,onChanged
67366ab5-4121-477e-a26c-d2501b464c4e,CommLayer/Messages/AvalancheMessages$Message$TaskInitMessage$Builder.java,clearCopyDestination,->,67366ab5-4121-477e-a26c-d2501b464c4e,com/google/protobuf/SingleFieldBuilder.java,clear
67366ab5-4121-477e-a26c-d2501b464c4e,CommLayer/Messages/AvalancheMessages$Message$TaskInitMessage$Builder.java,getCopyDestinationBuilder,->,67366ab5-4121-477e-a26c-d2501b464c4e,CommLayer/Messages/AvalancheMessages$Message$TaskInitMessage$Builder.java,onChanged
67366ab5-4121-477e-a26c-d2501b464c4e,CommLayer/Messages/AvalancheMessages$Message$TaskInitMessage$Builder.java,getCopyDestinationBuilder,->,67366ab5-4121-477e-a26c-d2501b464c4e,CommLayer/Messages/AvalancheMessages$Message$TaskInitMessage$Builder.java,getCopyDestinationFieldBuilder
67366ab5-4121-477e-a26c-d2501b464c4e,CommLayer/Messages/AvalancheMessages$Message$TaskInitMessage$Builder.java,getCopyDestinationBuilder,->,67366ab5-4121-477e-a26c-d2501b464c4e,com/google/protobuf/SingleFieldBuilder.java,getBuilder
67366ab5-4121-477e-a26c-d2501b464c4e,CommLayer/Messages/AvalancheMessages$Message$TaskInitMessage$Builder.java,getCopyDestinationOrBuilder,->,67366ab5-4121-477e-a26c-d2501b464c4e,com/google/protobuf/SingleFieldBuilder.java,getMessageOrBuilder
67366ab5-4121-477e-a26c-d2501b464c4e,CommLayer/Messages/AvalancheMessages$Message$TaskInitMessage$Builder.java,getCopyDestinationFieldBuilder,->,67366ab5-4121-477e-a26c-d2501b464c4e,CommLayer/Messages/AvalancheMessages$Message$TaskInitMessage$Builder.java,getParentForChildren
67366ab5-4121-477e-a26c-d2501b464c4e,CommLayer/Messages/AvalancheMessages$Message$TaskInitMessage$Builder.java,getCopyDestinationFieldBuilder,->,67366ab5-4121-477e-a26c-d2501b464c4e,CommLayer/Messages/AvalancheMessages$Message$TaskInitMessage$Builder.java,isClean
67366ab5-4121-477e-a26c-d2501b464c4e,CommLayer/Messages/AvalancheMessages$Message$TaskInitMessage$Builder.java,clear,->,67366ab5-4121-477e-a26c-d2501b464c4e,CommLayer/Messages/AvalancheMessages$Message$TaskInitMessage$Builder.java,clear
67366ab5-4121-477e-a26c-d2501b464c4e,CommLayer/Messages/AvalancheMessages$Message$TaskInitMessage$Builder.java,clone,->,67366ab5-4121-477e-a26c-d2501b464c4e,CommLayer/Messages/AvalancheMessages$Message$TaskInitMessage$Builder.java,clone
67366ab5-4121-477e-a26c-d2501b464c4e,CommLayer/Messages/AvalancheMessages$Message$TaskInitMessage$Builder.java,mergeFrom,->,67366ab5-4121-477e-a26c-d2501b464c4e,CommLayer/Messages/AvalancheMessages$Message$TaskInitMessage$Builder.java,mergeFrom
67366ab5-4121-477e-a26c-d2501b464c4e,CommLayer/Messages/AvalancheMessages$Message$TaskInitMessage$Builder.java,mergeFrom,->,67366ab5-4121-477e-a26c-d2501b464c4e,CommLayer/Messages/AvalancheMessages$Message$TaskInitMessage$Builder.java,mergeFrom
67366ab5-4121-477e-a26c-d2501b464c4e,CommLayer/Messages/AvalancheMessages$Message$TaskInitMessage$Builder.java,clear,->,67366ab5-4121-477e-a26c-d2501b464c4e,CommLayer/Messages/AvalancheMessages$Message$TaskInitMessage$Builder.java,clear
67366ab5-4121-477e-a26c-d2501b464c4e,CommLayer/Messages/AvalancheMessages$Message$TaskInitMessage$Builder.java,clone,->,67366ab5-4121-477e-a26c-d2501b464c4e,CommLayer/Messages/AvalancheMessages$Message$TaskInitMessage$Builder.java,clone
67366ab5-4121-477e-a26c-d2501b464c4e,CommLayer/Messages/AvalancheMessages$Message$TaskInitMessage$Builder.java,mergeFrom,->,67366ab5-4121-477e-a26c-d2501b464c4e,CommLayer/Messages/AvalancheMessages$Message$TaskInitMessage$Builder.java,mergeFrom
67366ab5-4121-477e-a26c-d2501b464c4e,CommLayer/Messages/AvalancheMessages$Message$TaskInitMessage$Builder.java,clone,->,67366ab5-4121-477e-a26c-d2501b464c4e,CommLayer/Messages/AvalancheMessages$Message$TaskInitMessage$Builder.java,clone
67366ab5-4121-477e-a26c-d2501b464c4e,CommLayer/Messages/AvalancheMessages$Message$TaskInitMessage$Builder.java,buildPartial,->,67366ab5-4121-477e-a26c-d2501b464c4e,CommLayer/Messages/AvalancheMessages$Message$TaskInitMessage$Builder.java,buildPartial
67366ab5-4121-477e-a26c-d2501b464c4e,CommLayer/Messages/AvalancheMessages$Message$TaskInitMessage$Builder.java,build,->,67366ab5-4121-477e-a26c-d2501b464c4e,CommLayer/Messages/AvalancheMessages$Message$TaskInitMessage$Builder.java,build
67366ab5-4121-477e-a26c-d2501b464c4e,CommLayer/Messages/AvalancheMessages$Message$TaskInitMessage$Builder.java,mergeFrom,->,67366ab5-4121-477e-a26c-d2501b464c4e,CommLayer/Messages/AvalancheMessages$Message$TaskInitMessage$Builder.java,mergeFrom
67366ab5-4121-477e-a26c-d2501b464c4e,CommLayer/Messages/AvalancheMessages$Message$TaskInitMessage$Builder.java,clear,->,67366ab5-4121-477e-a26c-d2501b464c4e,CommLayer/Messages/AvalancheMessages$Message$TaskInitMessage$Builder.java,clear
67366ab5-4121-477e-a26c-d2501b464c4e,CommLayer/Messages/AvalancheMessages$Message$TaskInitMessage$Builder.java,mergeFrom,->,67366ab5-4121-477e-a26c-d2501b464c4e,CommLayer/Messages/AvalancheMessages$Message$TaskInitMessage$Builder.java,mergeFrom
67366ab5-4121-477e-a26c-d2501b464c4e,CommLayer/Messages/AvalancheMessages$Message$TaskInitMessage$Builder.java,clone,->,67366ab5-4121-477e-a26c-d2501b464c4e,CommLayer/Messages/AvalancheMessages$Message$TaskInitMessage$Builder.java,clone
67366ab5-4121-477e-a26c-d2501b464c4e,CommLayer/Messages/AvalancheMessages$Message$TaskInitMessage$Builder.java,buildPartial,->,67366ab5-4121-477e-a26c-d2501b464c4e,CommLayer/Messages/AvalancheMessages$Message$TaskInitMessage$Builder.java,buildPartial
67366ab5-4121-477e-a26c-d2501b464c4e,CommLayer/Messages/AvalancheMessages$Message$TaskInitMessage$Builder.java,build,->,67366ab5-4121-477e-a26c-d2501b464c4e,CommLayer/Messages/AvalancheMessages$Message$TaskInitMessage$Builder.java,build
67366ab5-4121-477e-a26c-d2501b464c4e,CommLayer/Messages/AvalancheMessages$Message$TaskInitMessage$Builder.java,clear,->,67366ab5-4121-477e-a26c-d2501b464c4e,CommLayer/Messages/AvalancheMessages$Message$TaskInitMessage$Builder.java,clear
67366ab5-4121-477e-a26c-d2501b464c4e,CommLayer/Messages/AvalancheMessages$Message$TaskInitMessage$Builder.java,getDefaultInstanceForType,->,67366ab5-4121-477e-a26c-d2501b464c4e,CommLayer/Messages/AvalancheMessages$Message$TaskInitMessage$Builder.java,getDefaultInstanceForType
67366ab5-4121-477e-a26c-d2501b464c4e,CommLayer/Messages/AvalancheMessages$Message$TaskInitMessage$Builder.java,getDefaultInstanceForType,->,67366ab5-4121-477e-a26c-d2501b464c4e,CommLayer/Messages/AvalancheMessages$Message$TaskInitMessage$Builder.java,getDefaultInstanceForType
67366ab5-4121-477e-a26c-d2501b464c4e,CommLayer/Messages/AvalancheMessages$Message$TaskInitMessage$Builder.java,mergeFrom,->,67366ab5-4121-477e-a26c-d2501b464c4e,CommLayer/Messages/AvalancheMessages$Message$TaskInitMessage$Builder.java,mergeFrom
67366ab5-4121-477e-a26c-d2501b464c4e,CommLayer/Messages/AvalancheMessages$Message$TaskInitMessage$Builder.java,clone,->,67366ab5-4121-477e-a26c-d2501b464c4e,CommLayer/Messages/AvalancheMessages$Message$TaskInitMessage$Builder.java,clone
67366ab5-4121-477e-a26c-d2501b464c4e,CommLayer/Messages/AvalancheMessages$Message$TaskInitMessage$Builder.java,clone,->,67366ab5-4121-477e-a26c-d2501b464c4e,CommLayer/Messages/AvalancheMessages$Message$TaskInitMessage$Builder.java,clone
67366ab5-4121-477e-a26c-d2501b464c4e,CommLayer/Messages/AvalancheMessages$Message$TaskInitMessage$Builder.java,access$1600,->,67366ab5-4121-477e-a26c-d2501b464c4e,CommLayer/Messages/AvalancheMessages$Message$TaskInitMessage$Builder.java,create
67366ab5-4121-477e-a26c-d2501b464c4e,CommLayer/Messages/AvalancheMessages$Message$TopologyMessage$Builder.java,getDescriptor,->,67366ab5-4121-477e-a26c-d2501b464c4e,CommLayer/Messages/AvalancheMessages.java,access$15500
67366ab5-4121-477e-a26c-d2501b464c4e,CommLayer/Messages/AvalancheMessages$Message$TopologyMessage$Builder.java,internalGetFieldAccessorTable,->,67366ab5-4121-477e-a26c-d2501b464c4e,CommLayer/Messages/AvalancheMessages.java,access$15600
67366ab5-4121-477e-a26c-d2501b464c4e,CommLayer/Messages/AvalancheMessages$Message$TopologyMessage$Builder.java,internalGetFieldAccessorTable,->,67366ab5-4121-477e-a26c-d2501b464c4e,com/google/protobuf/GeneratedMessage$FieldAccessorTable.java,ensureFieldAccessorsInitialized
67366ab5-4121-477e-a26c-d2501b464c4e,CommLayer/Messages/AvalancheMessages$Message$TopologyMessage$Builder.java,maybeForceBuilderInitialization,->,67366ab5-4121-477e-a26c-d2501b464c4e,CommLayer/Messages/AvalancheMessages$Message$TopologyMessage.java,access$18000
67366ab5-4121-477e-a26c-d2501b464c4e,CommLayer/Messages/AvalancheMessages$Message$TopologyMessage$Builder.java,maybeForceBuilderInitialization,->,67366ab5-4121-477e-a26c-d2501b464c4e,CommLayer/Messages/AvalancheMessages$Message$TopologyMessage$Builder.java,getBuildernodesFieldBuilder
67366ab5-4121-477e-a26c-d2501b464c4e,CommLayer/Messages/AvalancheMessages$Message$TopologyMessage$Builder.java,maybeForceBuilderInitialization,->,67366ab5-4121-477e-a26c-d2501b464c4e,CommLayer/Messages/AvalancheMessages$Message$TopologyMessage$Builder.java,getNodesFieldBuilder
67366ab5-4121-477e-a26c-d2501b464c4e,CommLayer/Messages/AvalancheMessages$Message$TopologyMessage$Builder.java,clear,->,67366ab5-4121-477e-a26c-d2501b464c4e,com/google/protobuf/GeneratedMessage$Builder.java,clear
67366ab5-4121-477e-a26c-d2501b464c4e,CommLayer/Messages/AvalancheMessages$Message$TopologyMessage$Builder.java,clear,->,67366ab5-4121-477e-a26c-d2501b464c4e,java/util/Collections.java,emptyList
67366ab5-4121-477e-a26c-d2501b464c4e,CommLayer/Messages/AvalancheMessages$Message$TopologyMessage$Builder.java,clear,->,67366ab5-4121-477e-a26c-d2501b464c4e,com/google/protobuf/RepeatedFieldBuilder.java,clear
67366ab5-4121-477e-a26c-d2501b464c4e,CommLayer/Messages/AvalancheMessages$Message$TopologyMessage$Builder.java,clear,->,67366ab5-4121-477e-a26c-d2501b464c4e,java/util/Collections.java,emptyList
67366ab5-4121-477e-a26c-d2501b464c4e,CommLayer/Messages/AvalancheMessages$Message$TopologyMessage$Builder.java,clear,->,67366ab5-4121-477e-a26c-d2501b464c4e,com/google/protobuf/RepeatedFieldBuilder.java,clear
67366ab5-4121-477e-a26c-d2501b464c4e,CommLayer/Messages/AvalancheMessages$Message$TopologyMessage$Builder.java,clone,->,67366ab5-4121-477e-a26c-d2501b464c4e,CommLayer/Messages/AvalancheMessages$Message$TopologyMessage$Builder.java,create
67366ab5-4121-477e-a26c-d2501b464c4e,CommLayer/Messages/AvalancheMessages$Message$TopologyMessage$Builder.java,clone,->,67366ab5-4121-477e-a26c-d2501b464c4e,CommLayer/Messages/AvalancheMessages$Message$TopologyMessage$Builder.java,buildPartial
67366ab5-4121-477e-a26c-d2501b464c4e,CommLayer/Messages/AvalancheMessages$Message$TopologyMessage$Builder.java,clone,->,67366ab5-4121-477e-a26c-d2501b464c4e,CommLayer/Messages/AvalancheMessages$Message$TopologyMessage$Builder.java,mergeFrom
67366ab5-4121-477e-a26c-d2501b464c4e,CommLayer/Messages/AvalancheMessages$Message$TopologyMessage$Builder.java,getDescriptorForType,->,67366ab5-4121-477e-a26c-d2501b464c4e,CommLayer/Messages/AvalancheMessages.java,access$15500
67366ab5-4121-477e-a26c-d2501b464c4e,CommLayer/Messages/AvalancheMessages$Message$TopologyMessage$Builder.java,getDefaultInstanceForType,->,67366ab5-4121-477e-a26c-d2501b464c4e,CommLayer/Messages/AvalancheMessages$Message$TopologyMessage.java,getDefaultInstance
67366ab5-4121-477e-a26c-d2501b464c4e,CommLayer/Messages/AvalancheMessages$Message$TopologyMessage$Builder.java,build,->,67366ab5-4121-477e-a26c-d2501b464c4e,CommLayer/Messages/AvalancheMessages$Message$TopologyMessage$Builder.java,buildPartial
67366ab5-4121-477e-a26c-d2501b464c4e,CommLayer/Messages/AvalancheMessages$Message$TopologyMessage$Builder.java,build,->,67366ab5-4121-477e-a26c-d2501b464c4e,CommLayer/Messages/AvalancheMessages$Message$TopologyMessage.java,isInitialized
67366ab5-4121-477e-a26c-d2501b464c4e,CommLayer/Messages/AvalancheMessages$Message$TopologyMessage$Builder.java,build,->,67366ab5-4121-477e-a26c-d2501b464c4e,CommLayer/Messages/AvalancheMessages$Message$TopologyMessage$Builder.java,newUninitializedMessageException
67366ab5-4121-477e-a26c-d2501b464c4e,CommLayer/Messages/AvalancheMessages$Message$TopologyMessage$Builder.java,buildPartial,->,67366ab5-4121-477e-a26c-d2501b464c4e,CommLayer/Messages/AvalancheMessages$Message$TopologyMessage.java,access$18202
67366ab5-4121-477e-a26c-d2501b464c4e,CommLayer/Messages/AvalancheMessages$Message$TopologyMessage$Builder.java,buildPartial,->,67366ab5-4121-477e-a26c-d2501b464c4e,CommLayer/Messages/AvalancheMessages$Message$TopologyMessage.java,access$18302
67366ab5-4121-477e-a26c-d2501b464c4e,CommLayer/Messages/AvalancheMessages$Message$TopologyMessage$Builder.java,buildPartial,->,67366ab5-4121-477e-a26c-d2501b464c4e,java/util/Collections.java,unmodifiableList
67366ab5-4121-477e-a26c-d2501b464c4e,CommLayer/Messages/AvalancheMessages$Message$TopologyMessage$Builder.java,buildPartial,->,67366ab5-4121-477e-a26c-d2501b464c4e,CommLayer/Messages/AvalancheMessages$Message$TopologyMessage.java,access$18402
67366ab5-4121-477e-a26c-d2501b464c4e,CommLayer/Messages/AvalancheMessages$Message$TopologyMessage$Builder.java,buildPartial,->,67366ab5-4121-477e-a26c-d2501b464c4e,com/google/protobuf/RepeatedFieldBuilder.java,build
67366ab5-4121-477e-a26c-d2501b464c4e,CommLayer/Messages/AvalancheMessages$Message$TopologyMessage$Builder.java,buildPartial,->,67366ab5-4121-477e-a26c-d2501b464c4e,CommLayer/Messages/AvalancheMessages$Message$TopologyMessage.java,access$18402
67366ab5-4121-477e-a26c-d2501b464c4e,CommLayer/Messages/AvalancheMessages$Message$TopologyMessage$Builder.java,buildPartial,->,67366ab5-4121-477e-a26c-d2501b464c4e,java/util/Collections.java,unmodifiableList
67366ab5-4121-477e-a26c-d2501b464c4e,CommLayer/Messages/AvalancheMessages$Message$TopologyMessage$Builder.java,buildPartial,->,67366ab5-4121-477e-a26c-d2501b464c4e,CommLayer/Messages/AvalancheMessages$Message$TopologyMessage.java,access$18502
67366ab5-4121-477e-a26c-d2501b464c4e,CommLayer/Messages/AvalancheMessages$Message$TopologyMessage$Builder.java,buildPartial,->,67366ab5-4121-477e-a26c-d2501b464c4e,com/google/protobuf/RepeatedFieldBuilder.java,build
67366ab5-4121-477e-a26c-d2501b464c4e,CommLayer/Messages/AvalancheMessages$Message$TopologyMessage$Builder.java,buildPartial,->,67366ab5-4121-477e-a26c-d2501b464c4e,CommLayer/Messages/AvalancheMessages$Message$TopologyMessage.java,access$18502
67366ab5-4121-477e-a26c-d2501b464c4e,CommLayer/Messages/AvalancheMessages$Message$TopologyMessage$Builder.java,buildPartial,->,67366ab5-4121-477e-a26c-d2501b464c4e,CommLayer/Messages/AvalancheMessages$Message$TopologyMessage.java,access$18602
67366ab5-4121-477e-a26c-d2501b464c4e,CommLayer/Messages/AvalancheMessages$Message$TopologyMessage$Builder.java,buildPartial,->,67366ab5-4121-477e-a26c-d2501b464c4e,CommLayer/Messages/AvalancheMessages$Message$TopologyMessage$Builder.java,onBuilt
67366ab5-4121-477e-a26c-d2501b464c4e,CommLayer/Messages/AvalancheMessages$Message$TopologyMessage$Builder.java,mergeFrom,->,67366ab5-4121-477e-a26c-d2501b464c4e,CommLayer/Messages/AvalancheMessages$Message$TopologyMessage$Builder.java,mergeFrom
67366ab5-4121-477e-a26c-d2501b464c4e,CommLayer/Messages/AvalancheMessages$Message$TopologyMessage$Builder.java,mergeFrom,->,67366ab5-4121-477e-a26c-d2501b464c4e,com/google/protobuf/GeneratedMessage$Builder.java,mergeFrom
67366ab5-4121-477e-a26c-d2501b464c4e,CommLayer/Messages/AvalancheMessages$Message$TopologyMessage$Builder.java,mergeFrom,->,67366ab5-4121-477e-a26c-d2501b464c4e,CommLayer/Messages/AvalancheMessages$Message$TopologyMessage.java,getDefaultInstance
67366ab5-4121-477e-a26c-d2501b464c4e,CommLayer/Messages/AvalancheMessages$Message$TopologyMessage$Builder.java,mergeFrom,->,67366ab5-4121-477e-a26c-d2501b464c4e,CommLayer/Messages/AvalancheMessages$Message$TopologyMessage.java,hasNamespace
67366ab5-4121-477e-a26c-d2501b464c4e,CommLayer/Messages/AvalancheMessages$Message$TopologyMessage$Builder.java,mergeFrom,->,67366ab5-4121-477e-a26c-d2501b464c4e,CommLayer/Messages/AvalancheMessages$Message$TopologyMessage.java,access$18200
67366ab5-4121-477e-a26c-d2501b464c4e,CommLayer/Messages/AvalancheMessages$Message$TopologyMessage$Builder.java,mergeFrom,->,67366ab5-4121-477e-a26c-d2501b464c4e,CommLayer/Messages/AvalancheMessages$Message$TopologyMessage$Builder.java,onChanged
67366ab5-4121-477e-a26c-d2501b464c4e,CommLayer/Messages/AvalancheMessages$Message$TopologyMessage$Builder.java,mergeFrom,->,67366ab5-4121-477e-a26c-d2501b464c4e,CommLayer/Messages/AvalancheMessages$Message$TopologyMessage.java,access$18300
67366ab5-4121-477e-a26c-d2501b464c4e,CommLayer/Messages/AvalancheMessages$Message$TopologyMessage$Builder.java,mergeFrom,->,67366ab5-4121-477e-a26c-d2501b464c4e,com/google/protobuf/LazyStringList.java,isEmpty
67366ab5-4121-477e-a26c-d2501b464c4e,CommLayer/Messages/AvalancheMessages$Message$TopologyMessage$Builder.java,mergeFrom,->,67366ab5-4121-477e-a26c-d2501b464c4e,com/google/protobuf/LazyStringList.java,isEmpty
67366ab5-4121-477e-a26c-d2501b464c4e,CommLayer/Messages/AvalancheMessages$Message$TopologyMessage$Builder.java,mergeFrom,->,67366ab5-4121-477e-a26c-d2501b464c4e,CommLayer/Messages/AvalancheMessages$Message$TopologyMessage.java,access$18300
67366ab5-4121-477e-a26c-d2501b464c4e,CommLayer/Messages/AvalancheMessages$Message$TopologyMessage$Builder.java,mergeFrom,->,67366ab5-4121-477e-a26c-d2501b464c4e,CommLayer/Messages/AvalancheMessages$Message$TopologyMessage$Builder.java,ensureMachinesIsMutable
67366ab5-4121-477e-a26c-d2501b464c4e,CommLayer/Messages/AvalancheMessages$Message$TopologyMessage$Builder.java,mergeFrom,->,67366ab5-4121-477e-a26c-d2501b464c4e,CommLayer/Messages/AvalancheMessages$Message$TopologyMessage.java,access$18300
67366ab5-4121-477e-a26c-d2501b464c4e,CommLayer/Messages/AvalancheMessages$Message$TopologyMessage$Builder.java,mergeFrom,->,67366ab5-4121-477e-a26c-d2501b464c4e,com/google/protobuf/LazyStringList.java,addAll
67366ab5-4121-477e-a26c-d2501b464c4e,CommLayer/Messages/AvalancheMessages$Message$TopologyMessage$Builder.java,mergeFrom,->,67366ab5-4121-477e-a26c-d2501b464c4e,CommLayer/Messages/AvalancheMessages$Message$TopologyMessage$Builder.java,onChanged
67366ab5-4121-477e-a26c-d2501b464c4e,CommLayer/Messages/AvalancheMessages$Message$TopologyMessage$Builder.java,mergeFrom,->,67366ab5-4121-477e-a26c-d2501b464c4e,CommLayer/Messages/AvalancheMessages$Message$TopologyMessage.java,access$18400
67366ab5-4121-477e-a26c-d2501b464c4e,CommLayer/Messages/AvalancheMessages$Message$TopologyMessage$Builder.java,mergeFrom,->,67366ab5-4121-477e-a26c-d2501b464c4e,java/util/List.java,isEmpty
67366ab5-4121-477e-a26c-d2501b464c4e,CommLayer/Messages/AvalancheMessages$Message$TopologyMessage$Builder.java,mergeFrom,->,67366ab5-4121-477e-a26c-d2501b464c4e,java/util/List.java,isEmpty
67366ab5-4121-477e-a26c-d2501b464c4e,CommLayer/Messages/AvalancheMessages$Message$TopologyMessage$Builder.java,mergeFrom,->,67366ab5-4121-477e-a26c-d2501b464c4e,CommLayer/Messages/AvalancheMessages$Message$TopologyMessage.java,access$18400
67366ab5-4121-477e-a26c-d2501b464c4e,CommLayer/Messages/AvalancheMessages$Message$TopologyMessage$Builder.java,mergeFrom,->,67366ab5-4121-477e-a26c-d2501b464c4e,CommLayer/Messages/AvalancheMessages$Message$TopologyMessage$Builder.java,ensureBuildernodesIsMutable
67366ab5-4121-477e-a26c-d2501b464c4e,CommLayer/Messages/AvalancheMessages$Message$TopologyMessage$Builder.java,mergeFrom,->,67366ab5-4121-477e-a26c-d2501b464c4e,CommLayer/Messages/AvalancheMessages$Message$TopologyMessage.java,access$18400
67366ab5-4121-477e-a26c-d2501b464c4e,CommLayer/Messages/AvalancheMessages$Message$TopologyMessage$Builder.java,mergeFrom,->,67366ab5-4121-477e-a26c-d2501b464c4e,java/util/List.java,addAll
67366ab5-4121-477e-a26c-d2501b464c4e,CommLayer/Messages/AvalancheMessages$Message$TopologyMessage$Builder.java,mergeFrom,->,67366ab5-4121-477e-a26c-d2501b464c4e,CommLayer/Messages/AvalancheMessages$Message$TopologyMessage$Builder.java,onChanged
67366ab5-4121-477e-a26c-d2501b464c4e,CommLayer/Messages/AvalancheMessages$Message$TopologyMessage$Builder.java,mergeFrom,->,67366ab5-4121-477e-a26c-d2501b464c4e,CommLayer/Messages/AvalancheMessages$Message$TopologyMessage.java,access$18400
67366ab5-4121-477e-a26c-d2501b464c4e,CommLayer/Messages/AvalancheMessages$Message$TopologyMessage$Builder.java,mergeFrom,->,67366ab5-4121-477e-a26c-d2501b464c4e,java/util/List.java,isEmpty
67366ab5-4121-477e-a26c-d2501b464c4e,CommLayer/Messages/AvalancheMessages$Message$TopologyMessage$Builder.java,mergeFrom,->,67366ab5-4121-477e-a26c-d2501b464c4e,com/google/protobuf/RepeatedFieldBuilder.java,isEmpty
67366ab5-4121-477e-a26c-d2501b464c4e,CommLayer/Messages/AvalancheMessages$Message$TopologyMessage$Builder.java,mergeFrom,->,67366ab5-4121-477e-a26c-d2501b464c4e,com/google/protobuf/RepeatedFieldBuilder.java,dispose
67366ab5-4121-477e-a26c-d2501b464c4e,CommLayer/Messages/AvalancheMessages$Message$TopologyMessage$Builder.java,mergeFrom,->,67366ab5-4121-477e-a26c-d2501b464c4e,CommLayer/Messages/AvalancheMessages$Message$TopologyMessage.java,access$18400
67366ab5-4121-477e-a26c-d2501b464c4e,CommLayer/Messages/AvalancheMessages$Message$TopologyMessage$Builder.java,mergeFrom,->,67366ab5-4121-477e-a26c-d2501b464c4e,CommLayer/Messages/AvalancheMessages$Message$TopologyMessage.java,access$18700
67366ab5-4121-477e-a26c-d2501b464c4e,CommLayer/Messages/AvalancheMessages$Message$TopologyMessage$Builder.java,mergeFrom,->,67366ab5-4121-477e-a26c-d2501b464c4e,CommLayer/Messages/AvalancheMessages$Message$TopologyMessage$Builder.java,getBuildernodesFieldBuilder
67366ab5-4121-477e-a26c-d2501b464c4e,CommLayer/Messages/AvalancheMessages$Message$TopologyMessage$Builder.java,mergeFrom,->,67366ab5-4121-477e-a26c-d2501b464c4e,CommLayer/Messages/AvalancheMessages$Message$TopologyMessage.java,access$18400
67366ab5-4121-477e-a26c-d2501b464c4e,CommLayer/Messages/AvalancheMessages$Message$TopologyMessage$Builder.java,mergeFrom,->,67366ab5-4121-477e-a26c-d2501b464c4e,com/google/protobuf/RepeatedFieldBuilder.java,addAllMessages
67366ab5-4121-477e-a26c-d2501b464c4e,CommLayer/Messages/AvalancheMessages$Message$TopologyMessage$Builder.java,mergeFrom,->,67366ab5-4121-477e-a26c-d2501b464c4e,CommLayer/Messages/AvalancheMessages$Message$TopologyMessage.java,access$18500
67366ab5-4121-477e-a26c-d2501b464c4e,CommLayer/Messages/AvalancheMessages$Message$TopologyMessage$Builder.java,mergeFrom,->,67366ab5-4121-477e-a26c-d2501b464c4e,java/util/List.java,isEmpty
67366ab5-4121-477e-a26c-d2501b464c4e,CommLayer/Messages/AvalancheMessages$Message$TopologyMessage$Builder.java,mergeFrom,->,67366ab5-4121-477e-a26c-d2501b464c4e,java/util/List.java,isEmpty
67366ab5-4121-477e-a26c-d2501b464c4e,CommLayer/Messages/AvalancheMessages$Message$TopologyMessage$Builder.java,mergeFrom,->,67366ab5-4121-477e-a26c-d2501b464c4e,CommLayer/Messages/AvalancheMessages$Message$TopologyMessage.java,access$18500
67366ab5-4121-477e-a26c-d2501b464c4e,CommLayer/Messages/AvalancheMessages$Message$TopologyMessage$Builder.java,mergeFrom,->,67366ab5-4121-477e-a26c-d2501b464c4e,CommLayer/Messages/AvalancheMessages$Message$TopologyMessage$Builder.java,ensureNodesIsMutable
67366ab5-4121-477e-a26c-d2501b464c4e,CommLayer/Messages/AvalancheMessages$Message$TopologyMessage$Builder.java,mergeFrom,->,67366ab5-4121-477e-a26c-d2501b464c4e,CommLayer/Messages/AvalancheMessages$Message$TopologyMessage.java,access$18500
67366ab5-4121-477e-a26c-d2501b464c4e,CommLayer/Messages/AvalancheMessages$Message$TopologyMessage$Builder.java,mergeFrom,->,67366ab5-4121-477e-a26c-d2501b464c4e,java/util/List.java,addAll
67366ab5-4121-477e-a26c-d2501b464c4e,CommLayer/Messages/AvalancheMessages$Message$TopologyMessage$Builder.java,mergeFrom,->,67366ab5-4121-477e-a26c-d2501b464c4e,CommLayer/Messages/AvalancheMessages$Message$TopologyMessage$Builder.java,onChanged
67366ab5-4121-477e-a26c-d2501b464c4e,CommLayer/Messages/AvalancheMessages$Message$TopologyMessage$Builder.java,mergeFrom,->,67366ab5-4121-477e-a26c-d2501b464c4e,CommLayer/Messages/AvalancheMessages$Message$TopologyMessage.java,access$18500
67366ab5-4121-477e-a26c-d2501b464c4e,CommLayer/Messages/AvalancheMessages$Message$TopologyMessage$Builder.java,mergeFrom,->,67366ab5-4121-477e-a26c-d2501b464c4e,java/util/List.java,isEmpty
67366ab5-4121-477e-a26c-d2501b464c4e,CommLayer/Messages/AvalancheMessages$Message$TopologyMessage$Builder.java,mergeFrom,->,67366ab5-4121-477e-a26c-d2501b464c4e,com/google/protobuf/RepeatedFieldBuilder.java,isEmpty
67366ab5-4121-477e-a26c-d2501b464c4e,CommLayer/Messages/AvalancheMessages$Message$TopologyMessage$Builder.java,mergeFrom,->,67366ab5-4121-477e-a26c-d2501b464c4e,com/google/protobuf/RepeatedFieldBuilder.java,dispose
67366ab5-4121-477e-a26c-d2501b464c4e,CommLayer/Messages/AvalancheMessages$Message$TopologyMessage$Builder.java,mergeFrom,->,67366ab5-4121-477e-a26c-d2501b464c4e,CommLayer/Messages/AvalancheMessages$Message$TopologyMessage.java,access$18500
67366ab5-4121-477e-a26c-d2501b464c4e,CommLayer/Messages/AvalancheMessages$Message$TopologyMessage$Builder.java,mergeFrom,->,67366ab5-4121-477e-a26c-d2501b464c4e,CommLayer/Messages/AvalancheMessages$Message$TopologyMessage.java,access$18800
67366ab5-4121-477e-a26c-d2501b464c4e,CommLayer/Messages/AvalancheMessages$Message$TopologyMessage$Builder.java,mergeFrom,->,67366ab5-4121-477e-a26c-d2501b464c4e,CommLayer/Messages/AvalancheMessages$Message$TopologyMessage$Builder.java,getNodesFieldBuilder
67366ab5-4121-477e-a26c-d2501b464c4e,CommLayer/Messages/AvalancheMessages$Message$TopologyMessage$Builder.java,mergeFrom,->,67366ab5-4121-477e-a26c-d2501b464c4e,CommLayer/Messages/AvalancheMessages$Message$TopologyMessage.java,access$18500
67366ab5-4121-477e-a26c-d2501b464c4e,CommLayer/Messages/AvalancheMessages$Message$TopologyMessage$Builder.java,mergeFrom,->,67366ab5-4121-477e-a26c-d2501b464c4e,com/google/protobuf/RepeatedFieldBuilder.java,addAllMessages
67366ab5-4121-477e-a26c-d2501b464c4e,CommLayer/Messages/AvalancheMessages$Message$TopologyMessage$Builder.java,mergeFrom,->,67366ab5-4121-477e-a26c-d2501b464c4e,CommLayer/Messages/AvalancheMessages$Message$TopologyMessage.java,getUnknownFields
67366ab5-4121-477e-a26c-d2501b464c4e,CommLayer/Messages/AvalancheMessages$Message$TopologyMessage$Builder.java,mergeFrom,->,67366ab5-4121-477e-a26c-d2501b464c4e,CommLayer/Messages/AvalancheMessages$Message$TopologyMessage$Builder.java,mergeUnknownFields
67366ab5-4121-477e-a26c-d2501b464c4e,CommLayer/Messages/AvalancheMessages$Message$TopologyMessage$Builder.java,mergeFrom,->,67366ab5-4121-477e-a26c-d2501b464c4e,com/google/protobuf/Parser.java,parsePartialFrom
67366ab5-4121-477e-a26c-d2501b464c4e,CommLayer/Messages/AvalancheMessages$Message$TopologyMessage$Builder.java,mergeFrom,->,67366ab5-4121-477e-a26c-d2501b464c4e,CommLayer/Messages/AvalancheMessages$Message$TopologyMessage$Builder.java,mergeFrom
67366ab5-4121-477e-a26c-d2501b464c4e,CommLayer/Messages/AvalancheMessages$Message$TopologyMessage$Builder.java,mergeFrom,->,67366ab5-4121-477e-a26c-d2501b464c4e,com/google/protobuf/InvalidProtocolBufferException.java,getUnfinishedMessage
67366ab5-4121-477e-a26c-d2501b464c4e,CommLayer/Messages/AvalancheMessages$Message$TopologyMessage$Builder.java,mergeFrom,->,67366ab5-4121-477e-a26c-d2501b464c4e,CommLayer/Messages/AvalancheMessages$Message$TopologyMessage$Builder.java,mergeFrom
67366ab5-4121-477e-a26c-d2501b464c4e,CommLayer/Messages/AvalancheMessages$Message$TopologyMessage$Builder.java,getNamespace,->,67366ab5-4121-477e-a26c-d2501b464c4e,com/google/protobuf/ByteString.java,toStringUtf8
67366ab5-4121-477e-a26c-d2501b464c4e,CommLayer/Messages/AvalancheMessages$Message$TopologyMessage$Builder.java,getNamespaceBytes,->,67366ab5-4121-477e-a26c-d2501b464c4e,com/google/protobuf/ByteString.java,copyFromUtf8
67366ab5-4121-477e-a26c-d2501b464c4e,CommLayer/Messages/AvalancheMessages$Message$TopologyMessage$Builder.java,setNamespace,->,67366ab5-4121-477e-a26c-d2501b464c4e,CommLayer/Messages/AvalancheMessages$Message$TopologyMessage$Builder.java,onChanged
67366ab5-4121-477e-a26c-d2501b464c4e,CommLayer/Messages/AvalancheMessages$Message$TopologyMessage$Builder.java,clearNamespace,->,67366ab5-4121-477e-a26c-d2501b464c4e,CommLayer/Messages/AvalancheMessages$Message$TopologyMessage.java,getDefaultInstance
67366ab5-4121-477e-a26c-d2501b464c4e,CommLayer/Messages/AvalancheMessages$Message$TopologyMessage$Builder.java,clearNamespace,->,67366ab5-4121-477e-a26c-d2501b464c4e,CommLayer/Messages/AvalancheMessages$Message$TopologyMessage.java,getNamespace
67366ab5-4121-477e-a26c-d2501b464c4e,CommLayer/Messages/AvalancheMessages$Message$TopologyMessage$Builder.java,clearNamespace,->,67366ab5-4121-477e-a26c-d2501b464c4e,CommLayer/Messages/AvalancheMessages$Message$TopologyMessage$Builder.java,onChanged
67366ab5-4121-477e-a26c-d2501b464c4e,CommLayer/Messages/AvalancheMessages$Message$TopologyMessage$Builder.java,setNamespaceBytes,->,67366ab5-4121-477e-a26c-d2501b464c4e,CommLayer/Messages/AvalancheMessages$Message$TopologyMessage$Builder.java,onChanged
67366ab5-4121-477e-a26c-d2501b464c4e,CommLayer/Messages/AvalancheMessages$Message$TopologyMessage$Builder.java,getMachinesList,->,67366ab5-4121-477e-a26c-d2501b464c4e,java/util/Collections.java,unmodifiableList
67366ab5-4121-477e-a26c-d2501b464c4e,CommLayer/Messages/AvalancheMessages$Message$TopologyMessage$Builder.java,getMachinesCount,->,67366ab5-4121-477e-a26c-d2501b464c4e,com/google/protobuf/LazyStringList.java,size
67366ab5-4121-477e-a26c-d2501b464c4e,CommLayer/Messages/AvalancheMessages$Message$TopologyMessage$Builder.java,getMachines,->,67366ab5-4121-477e-a26c-d2501b464c4e,com/google/protobuf/LazyStringList.java,get
67366ab5-4121-477e-a26c-d2501b464c4e,CommLayer/Messages/AvalancheMessages$Message$TopologyMessage$Builder.java,getMachinesBytes,->,67366ab5-4121-477e-a26c-d2501b464c4e,com/google/protobuf/LazyStringList.java,getByteString
67366ab5-4121-477e-a26c-d2501b464c4e,CommLayer/Messages/AvalancheMessages$Message$TopologyMessage$Builder.java,setMachines,->,67366ab5-4121-477e-a26c-d2501b464c4e,CommLayer/Messages/AvalancheMessages$Message$TopologyMessage$Builder.java,ensureMachinesIsMutable
67366ab5-4121-477e-a26c-d2501b464c4e,CommLayer/Messages/AvalancheMessages$Message$TopologyMessage$Builder.java,setMachines,->,67366ab5-4121-477e-a26c-d2501b464c4e,com/google/protobuf/LazyStringList.java,set
67366ab5-4121-477e-a26c-d2501b464c4e,CommLayer/Messages/AvalancheMessages$Message$TopologyMessage$Builder.java,setMachines,->,67366ab5-4121-477e-a26c-d2501b464c4e,CommLayer/Messages/AvalancheMessages$Message$TopologyMessage$Builder.java,onChanged
67366ab5-4121-477e-a26c-d2501b464c4e,CommLayer/Messages/AvalancheMessages$Message$TopologyMessage$Builder.java,addMachines,->,67366ab5-4121-477e-a26c-d2501b464c4e,CommLayer/Messages/AvalancheMessages$Message$TopologyMessage$Builder.java,ensureMachinesIsMutable
67366ab5-4121-477e-a26c-d2501b464c4e,CommLayer/Messages/AvalancheMessages$Message$TopologyMessage$Builder.java,addMachines,->,67366ab5-4121-477e-a26c-d2501b464c4e,com/google/protobuf/LazyStringList.java,add
67366ab5-4121-477e-a26c-d2501b464c4e,CommLayer/Messages/AvalancheMessages$Message$TopologyMessage$Builder.java,addMachines,->,67366ab5-4121-477e-a26c-d2501b464c4e,CommLayer/Messages/AvalancheMessages$Message$TopologyMessage$Builder.java,onChanged
67366ab5-4121-477e-a26c-d2501b464c4e,CommLayer/Messages/AvalancheMessages$Message$TopologyMessage$Builder.java,addAllMachines,->,67366ab5-4121-477e-a26c-d2501b464c4e,CommLayer/Messages/AvalancheMessages$Message$TopologyMessage$Builder.java,ensureMachinesIsMutable
67366ab5-4121-477e-a26c-d2501b464c4e,CommLayer/Messages/AvalancheMessages$Message$TopologyMessage$Builder.java,addAllMachines,->,67366ab5-4121-477e-a26c-d2501b464c4e,com/google/protobuf/GeneratedMessage$Builder.java,addAll
67366ab5-4121-477e-a26c-d2501b464c4e,CommLayer/Messages/AvalancheMessages$Message$TopologyMessage$Builder.java,addAllMachines,->,67366ab5-4121-477e-a26c-d2501b464c4e,CommLayer/Messages/AvalancheMessages$Message$TopologyMessage$Builder.java,onChanged
67366ab5-4121-477e-a26c-d2501b464c4e,CommLayer/Messages/AvalancheMessages$Message$TopologyMessage$Builder.java,clearMachines,->,67366ab5-4121-477e-a26c-d2501b464c4e,CommLayer/Messages/AvalancheMessages$Message$TopologyMessage$Builder.java,onChanged
67366ab5-4121-477e-a26c-d2501b464c4e,CommLayer/Messages/AvalancheMessages$Message$TopologyMessage$Builder.java,addMachinesBytes,->,67366ab5-4121-477e-a26c-d2501b464c4e,CommLayer/Messages/AvalancheMessages$Message$TopologyMessage$Builder.java,ensureMachinesIsMutable
67366ab5-4121-477e-a26c-d2501b464c4e,CommLayer/Messages/AvalancheMessages$Message$TopologyMessage$Builder.java,addMachinesBytes,->,67366ab5-4121-477e-a26c-d2501b464c4e,com/google/protobuf/LazyStringList.java,add
67366ab5-4121-477e-a26c-d2501b464c4e,CommLayer/Messages/AvalancheMessages$Message$TopologyMessage$Builder.java,addMachinesBytes,->,67366ab5-4121-477e-a26c-d2501b464c4e,CommLayer/Messages/AvalancheMessages$Message$TopologyMessage$Builder.java,onChanged
67366ab5-4121-477e-a26c-d2501b464c4e,CommLayer/Messages/AvalancheMessages$Message$TopologyMessage$Builder.java,getBuildernodesList,->,67366ab5-4121-477e-a26c-d2501b464c4e,java/util/Collections.java,unmodifiableList
67366ab5-4121-477e-a26c-d2501b464c4e,CommLayer/Messages/AvalancheMessages$Message$TopologyMessage$Builder.java,getBuildernodesList,->,67366ab5-4121-477e-a26c-d2501b464c4e,com/google/protobuf/RepeatedFieldBuilder.java,getMessageList
67366ab5-4121-477e-a26c-d2501b464c4e,CommLayer/Messages/AvalancheMessages$Message$TopologyMessage$Builder.java,getBuildernodesCount,->,67366ab5-4121-477e-a26c-d2501b464c4e,java/util/List.java,size
67366ab5-4121-477e-a26c-d2501b464c4e,CommLayer/Messages/AvalancheMessages$Message$TopologyMessage$Builder.java,getBuildernodesCount,->,67366ab5-4121-477e-a26c-d2501b464c4e,com/google/protobuf/RepeatedFieldBuilder.java,getCount
67366ab5-4121-477e-a26c-d2501b464c4e,CommLayer/Messages/AvalancheMessages$Message$TopologyMessage$Builder.java,getBuildernodes,->,67366ab5-4121-477e-a26c-d2501b464c4e,java/util/List.java,get
67366ab5-4121-477e-a26c-d2501b464c4e,CommLayer/Messages/AvalancheMessages$Message$TopologyMessage$Builder.java,getBuildernodes,->,67366ab5-4121-477e-a26c-d2501b464c4e,com/google/protobuf/RepeatedFieldBuilder.java,getMessage
67366ab5-4121-477e-a26c-d2501b464c4e,CommLayer/Messages/AvalancheMessages$Message$TopologyMessage$Builder.java,setBuildernodes,->,67366ab5-4121-477e-a26c-d2501b464c4e,CommLayer/Messages/AvalancheMessages$Message$TopologyMessage$Builder.java,ensureBuildernodesIsMutable
67366ab5-4121-477e-a26c-d2501b464c4e,CommLayer/Messages/AvalancheMessages$Message$TopologyMessage$Builder.java,setBuildernodes,->,67366ab5-4121-477e-a26c-d2501b464c4e,java/util/List.java,set
67366ab5-4121-477e-a26c-d2501b464c4e,CommLayer/Messages/AvalancheMessages$Message$TopologyMessage$Builder.java,setBuildernodes,->,67366ab5-4121-477e-a26c-d2501b464c4e,CommLayer/Messages/AvalancheMessages$Message$TopologyMessage$Builder.java,onChanged
67366ab5-4121-477e-a26c-d2501b464c4e,CommLayer/Messages/AvalancheMessages$Message$TopologyMessage$Builder.java,setBuildernodes,->,67366ab5-4121-477e-a26c-d2501b464c4e,com/google/protobuf/RepeatedFieldBuilder.java,setMessage
67366ab5-4121-477e-a26c-d2501b464c4e,CommLayer/Messages/AvalancheMessages$Message$TopologyMessage$Builder.java,setBuildernodes,->,67366ab5-4121-477e-a26c-d2501b464c4e,CommLayer/Messages/AvalancheMessages$Message$TopologyMessage$Builder.java,ensureBuildernodesIsMutable
67366ab5-4121-477e-a26c-d2501b464c4e,CommLayer/Messages/AvalancheMessages$Message$TopologyMessage$Builder.java,setBuildernodes,->,67366ab5-4121-477e-a26c-d2501b464c4e,CommLayer/Messages/AvalancheMessages$Message$TopologyMessage$BuilderNode$Builder.java,build
67366ab5-4121-477e-a26c-d2501b464c4e,CommLayer/Messages/AvalancheMessages$Message$TopologyMessage$Builder.java,setBuildernodes,->,67366ab5-4121-477e-a26c-d2501b464c4e,java/util/List.java,set
67366ab5-4121-477e-a26c-d2501b464c4e,CommLayer/Messages/AvalancheMessages$Message$TopologyMessage$Builder.java,setBuildernodes,->,67366ab5-4121-477e-a26c-d2501b464c4e,CommLayer/Messages/AvalancheMessages$Message$TopologyMessage$Builder.java,onChanged
67366ab5-4121-477e-a26c-d2501b464c4e,CommLayer/Messages/AvalancheMessages$Message$TopologyMessage$Builder.java,setBuildernodes,->,67366ab5-4121-477e-a26c-d2501b464c4e,CommLayer/Messages/AvalancheMessages$Message$TopologyMessage$BuilderNode$Builder.java,build
67366ab5-4121-477e-a26c-d2501b464c4e,CommLayer/Messages/AvalancheMessages$Message$TopologyMessage$Builder.java,setBuildernodes,->,67366ab5-4121-477e-a26c-d2501b464c4e,com/google/protobuf/RepeatedFieldBuilder.java,setMessage
67366ab5-4121-477e-a26c-d2501b464c4e,CommLayer/Messages/AvalancheMessages$Message$TopologyMessage$Builder.java,addBuildernodes,->,67366ab5-4121-477e-a26c-d2501b464c4e,CommLayer/Messages/AvalancheMessages$Message$TopologyMessage$Builder.java,ensureBuildernodesIsMutable
67366ab5-4121-477e-a26c-d2501b464c4e,CommLayer/Messages/AvalancheMessages$Message$TopologyMessage$Builder.java,addBuildernodes,->,67366ab5-4121-477e-a26c-d2501b464c4e,java/util/List.java,add
67366ab5-4121-477e-a26c-d2501b464c4e,CommLayer/Messages/AvalancheMessages$Message$TopologyMessage$Builder.java,addBuildernodes,->,67366ab5-4121-477e-a26c-d2501b464c4e,CommLayer/Messages/AvalancheMessages$Message$TopologyMessage$Builder.java,onChanged
67366ab5-4121-477e-a26c-d2501b464c4e,CommLayer/Messages/AvalancheMessages$Message$TopologyMessage$Builder.java,addBuildernodes,->,67366ab5-4121-477e-a26c-d2501b464c4e,com/google/protobuf/RepeatedFieldBuilder.java,addMessage
67366ab5-4121-477e-a26c-d2501b464c4e,CommLayer/Messages/AvalancheMessages$Message$TopologyMessage$Builder.java,addBuildernodes,->,67366ab5-4121-477e-a26c-d2501b464c4e,CommLayer/Messages/AvalancheMessages$Message$TopologyMessage$Builder.java,ensureBuildernodesIsMutable
67366ab5-4121-477e-a26c-d2501b464c4e,CommLayer/Messages/AvalancheMessages$Message$TopologyMessage$Builder.java,addBuildernodes,->,67366ab5-4121-477e-a26c-d2501b464c4e,java/util/List.java,add
67366ab5-4121-477e-a26c-d2501b464c4e,CommLayer/Messages/AvalancheMessages$Message$TopologyMessage$Builder.java,addBuildernodes,->,67366ab5-4121-477e-a26c-d2501b464c4e,CommLayer/Messages/AvalancheMessages$Message$TopologyMessage$Builder.java,onChanged
67366ab5-4121-477e-a26c-d2501b464c4e,CommLayer/Messages/AvalancheMessages$Message$TopologyMessage$Builder.java,addBuildernodes,->,67366ab5-4121-477e-a26c-d2501b464c4e,com/google/protobuf/RepeatedFieldBuilder.java,addMessage
67366ab5-4121-477e-a26c-d2501b464c4e,CommLayer/Messages/AvalancheMessages$Message$TopologyMessage$Builder.java,addBuildernodes,->,67366ab5-4121-477e-a26c-d2501b464c4e,CommLayer/Messages/AvalancheMessages$Message$TopologyMessage$Builder.java,ensureBuildernodesIsMutable
67366ab5-4121-477e-a26c-d2501b464c4e,CommLayer/Messages/AvalancheMessages$Message$TopologyMessage$Builder.java,addBuildernodes,->,67366ab5-4121-477e-a26c-d2501b464c4e,CommLayer/Messages/AvalancheMessages$Message$TopologyMessage$BuilderNode$Builder.java,build
67366ab5-4121-477e-a26c-d2501b464c4e,CommLayer/Messages/AvalancheMessages$Message$TopologyMessage$Builder.java,addBuildernodes,->,67366ab5-4121-477e-a26c-d2501b464c4e,java/util/List.java,add
67366ab5-4121-477e-a26c-d2501b464c4e,CommLayer/Messages/AvalancheMessages$Message$TopologyMessage$Builder.java,addBuildernodes,->,67366ab5-4121-477e-a26c-d2501b464c4e,CommLayer/Messages/AvalancheMessages$Message$TopologyMessage$Builder.java,onChanged
67366ab5-4121-477e-a26c-d2501b464c4e,CommLayer/Messages/AvalancheMessages$Message$TopologyMessage$Builder.java,addBuildernodes,->,67366ab5-4121-477e-a26c-d2501b464c4e,CommLayer/Messages/AvalancheMessages$Message$TopologyMessage$BuilderNode$Builder.java,build
67366ab5-4121-477e-a26c-d2501b464c4e,CommLayer/Messages/AvalancheMessages$Message$TopologyMessage$Builder.java,addBuildernodes,->,67366ab5-4121-477e-a26c-d2501b464c4e,com/google/protobuf/RepeatedFieldBuilder.java,addMessage
67366ab5-4121-477e-a26c-d2501b464c4e,CommLayer/Messages/AvalancheMessages$Message$TopologyMessage$Builder.java,addBuildernodes,->,67366ab5-4121-477e-a26c-d2501b464c4e,CommLayer/Messages/AvalancheMessages$Message$TopologyMessage$Builder.java,ensureBuildernodesIsMutable
67366ab5-4121-477e-a26c-d2501b464c4e,CommLayer/Messages/AvalancheMessages$Message$TopologyMessage$Builder.java,addBuildernodes,->,67366ab5-4121-477e-a26c-d2501b464c4e,CommLayer/Messages/AvalancheMessages$Message$TopologyMessage$BuilderNode$Builder.java,build
67366ab5-4121-477e-a26c-d2501b464c4e,CommLayer/Messages/AvalancheMessages$Message$TopologyMessage$Builder.java,addBuildernodes,->,67366ab5-4121-477e-a26c-d2501b464c4e,java/util/List.java,add
67366ab5-4121-477e-a26c-d2501b464c4e,CommLayer/Messages/AvalancheMessages$Message$TopologyMessage$Builder.java,addBuildernodes,->,67366ab5-4121-477e-a26c-d2501b464c4e,CommLayer/Messages/AvalancheMessages$Message$TopologyMessage$Builder.java,onChanged
67366ab5-4121-477e-a26c-d2501b464c4e,CommLayer/Messages/AvalancheMessages$Message$TopologyMessage$Builder.java,addBuildernodes,->,67366ab5-4121-477e-a26c-d2501b464c4e,CommLayer/Messages/AvalancheMessages$Message$TopologyMessage$BuilderNode$Builder.java,build
67366ab5-4121-477e-a26c-d2501b464c4e,CommLayer/Messages/AvalancheMessages$Message$TopologyMessage$Builder.java,addBuildernodes,->,67366ab5-4121-477e-a26c-d2501b464c4e,com/google/protobuf/RepeatedFieldBuilder.java,addMessage
67366ab5-4121-477e-a26c-d2501b464c4e,CommLayer/Messages/AvalancheMessages$Message$TopologyMessage$Builder.java,addAllBuildernodes,->,67366ab5-4121-477e-a26c-d2501b464c4e,CommLayer/Messages/AvalancheMessages$Message$TopologyMessage$Builder.java,ensureBuildernodesIsMutable
67366ab5-4121-477e-a26c-d2501b464c4e,CommLayer/Messages/AvalancheMessages$Message$TopologyMessage$Builder.java,addAllBuildernodes,->,67366ab5-4121-477e-a26c-d2501b464c4e,com/google/protobuf/GeneratedMessage$Builder.java,addAll
67366ab5-4121-477e-a26c-d2501b464c4e,CommLayer/Messages/AvalancheMessages$Message$TopologyMessage$Builder.java,addAllBuildernodes,->,67366ab5-4121-477e-a26c-d2501b464c4e,CommLayer/Messages/AvalancheMessages$Message$TopologyMessage$Builder.java,onChanged
67366ab5-4121-477e-a26c-d2501b464c4e,CommLayer/Messages/AvalancheMessages$Message$TopologyMessage$Builder.java,addAllBuildernodes,->,67366ab5-4121-477e-a26c-d2501b464c4e,com/google/protobuf/RepeatedFieldBuilder.java,addAllMessages
67366ab5-4121-477e-a26c-d2501b464c4e,CommLayer/Messages/AvalancheMessages$Message$TopologyMessage$Builder.java,clearBuildernodes,->,67366ab5-4121-477e-a26c-d2501b464c4e,java/util/Collections.java,emptyList
67366ab5-4121-477e-a26c-d2501b464c4e,CommLayer/Messages/AvalancheMessages$Message$TopologyMessage$Builder.java,clearBuildernodes,->,67366ab5-4121-477e-a26c-d2501b464c4e,CommLayer/Messages/AvalancheMessages$Message$TopologyMessage$Builder.java,onChanged
67366ab5-4121-477e-a26c-d2501b464c4e,CommLayer/Messages/AvalancheMessages$Message$TopologyMessage$Builder.java,clearBuildernodes,->,67366ab5-4121-477e-a26c-d2501b464c4e,com/google/protobuf/RepeatedFieldBuilder.java,clear
67366ab5-4121-477e-a26c-d2501b464c4e,CommLayer/Messages/AvalancheMessages$Message$TopologyMessage$Builder.java,removeBuildernodes,->,67366ab5-4121-477e-a26c-d2501b464c4e,CommLayer/Messages/AvalancheMessages$Message$TopologyMessage$Builder.java,ensureBuildernodesIsMutable
67366ab5-4121-477e-a26c-d2501b464c4e,CommLayer/Messages/AvalancheMessages$Message$TopologyMessage$Builder.java,removeBuildernodes,->,67366ab5-4121-477e-a26c-d2501b464c4e,java/util/List.java,remove
67366ab5-4121-477e-a26c-d2501b464c4e,CommLayer/Messages/AvalancheMessages$Message$TopologyMessage$Builder.java,removeBuildernodes,->,67366ab5-4121-477e-a26c-d2501b464c4e,CommLayer/Messages/AvalancheMessages$Message$TopologyMessage$Builder.java,onChanged
67366ab5-4121-477e-a26c-d2501b464c4e,CommLayer/Messages/AvalancheMessages$Message$TopologyMessage$Builder.java,removeBuildernodes,->,67366ab5-4121-477e-a26c-d2501b464c4e,com/google/protobuf/RepeatedFieldBuilder.java,remove
67366ab5-4121-477e-a26c-d2501b464c4e,CommLayer/Messages/AvalancheMessages$Message$TopologyMessage$Builder.java,getBuildernodesBuilder,->,67366ab5-4121-477e-a26c-d2501b464c4e,CommLayer/Messages/AvalancheMessages$Message$TopologyMessage$Builder.java,getBuildernodesFieldBuilder
67366ab5-4121-477e-a26c-d2501b464c4e,CommLayer/Messages/AvalancheMessages$Message$TopologyMessage$Builder.java,getBuildernodesBuilder,->,67366ab5-4121-477e-a26c-d2501b464c4e,com/google/protobuf/RepeatedFieldBuilder.java,getBuilder
67366ab5-4121-477e-a26c-d2501b464c4e,CommLayer/Messages/AvalancheMessages$Message$TopologyMessage$Builder.java,getBuildernodesOrBuilder,->,67366ab5-4121-477e-a26c-d2501b464c4e,java/util/List.java,get
67366ab5-4121-477e-a26c-d2501b464c4e,CommLayer/Messages/AvalancheMessages$Message$TopologyMessage$Builder.java,getBuildernodesOrBuilder,->,67366ab5-4121-477e-a26c-d2501b464c4e,com/google/protobuf/RepeatedFieldBuilder.java,getMessageOrBuilder
67366ab5-4121-477e-a26c-d2501b464c4e,CommLayer/Messages/AvalancheMessages$Message$TopologyMessage$Builder.java,getBuildernodesOrBuilderList,->,67366ab5-4121-477e-a26c-d2501b464c4e,com/google/protobuf/RepeatedFieldBuilder.java,getMessageOrBuilderList
67366ab5-4121-477e-a26c-d2501b464c4e,CommLayer/Messages/AvalancheMessages$Message$TopologyMessage$Builder.java,getBuildernodesOrBuilderList,->,67366ab5-4121-477e-a26c-d2501b464c4e,java/util/Collections.java,unmodifiableList
67366ab5-4121-477e-a26c-d2501b464c4e,CommLayer/Messages/AvalancheMessages$Message$TopologyMessage$Builder.java,addBuildernodesBuilder,->,67366ab5-4121-477e-a26c-d2501b464c4e,CommLayer/Messages/AvalancheMessages$Message$TopologyMessage$Builder.java,getBuildernodesFieldBuilder
67366ab5-4121-477e-a26c-d2501b464c4e,CommLayer/Messages/AvalancheMessages$Message$TopologyMessage$Builder.java,addBuildernodesBuilder,->,67366ab5-4121-477e-a26c-d2501b464c4e,CommLayer/Messages/AvalancheMessages$Message$TopologyMessage$BuilderNode.java,getDefaultInstance
67366ab5-4121-477e-a26c-d2501b464c4e,CommLayer/Messages/AvalancheMessages$Message$TopologyMessage$Builder.java,addBuildernodesBuilder,->,67366ab5-4121-477e-a26c-d2501b464c4e,com/google/protobuf/RepeatedFieldBuilder.java,addBuilder
67366ab5-4121-477e-a26c-d2501b464c4e,CommLayer/Messages/AvalancheMessages$Message$TopologyMessage$Builder.java,addBuildernodesBuilder,->,67366ab5-4121-477e-a26c-d2501b464c4e,CommLayer/Messages/AvalancheMessages$Message$TopologyMessage$Builder.java,getBuildernodesFieldBuilder
67366ab5-4121-477e-a26c-d2501b464c4e,CommLayer/Messages/AvalancheMessages$Message$TopologyMessage$Builder.java,addBuildernodesBuilder,->,67366ab5-4121-477e-a26c-d2501b464c4e,CommLayer/Messages/AvalancheMessages$Message$TopologyMessage$BuilderNode.java,getDefaultInstance
67366ab5-4121-477e-a26c-d2501b464c4e,CommLayer/Messages/AvalancheMessages$Message$TopologyMessage$Builder.java,addBuildernodesBuilder,->,67366ab5-4121-477e-a26c-d2501b464c4e,com/google/protobuf/RepeatedFieldBuilder.java,addBuilder
67366ab5-4121-477e-a26c-d2501b464c4e,CommLayer/Messages/AvalancheMessages$Message$TopologyMessage$Builder.java,getBuildernodesBuilderList,->,67366ab5-4121-477e-a26c-d2501b464c4e,CommLayer/Messages/AvalancheMessages$Message$TopologyMessage$Builder.java,getBuildernodesFieldBuilder
67366ab5-4121-477e-a26c-d2501b464c4e,CommLayer/Messages/AvalancheMessages$Message$TopologyMessage$Builder.java,getBuildernodesBuilderList,->,67366ab5-4121-477e-a26c-d2501b464c4e,com/google/protobuf/RepeatedFieldBuilder.java,getBuilderList
67366ab5-4121-477e-a26c-d2501b464c4e,CommLayer/Messages/AvalancheMessages$Message$TopologyMessage$Builder.java,getBuildernodesFieldBuilder,->,67366ab5-4121-477e-a26c-d2501b464c4e,CommLayer/Messages/AvalancheMessages$Message$TopologyMessage$Builder.java,getParentForChildren
67366ab5-4121-477e-a26c-d2501b464c4e,CommLayer/Messages/AvalancheMessages$Message$TopologyMessage$Builder.java,getBuildernodesFieldBuilder,->,67366ab5-4121-477e-a26c-d2501b464c4e,CommLayer/Messages/AvalancheMessages$Message$TopologyMessage$Builder.java,isClean
67366ab5-4121-477e-a26c-d2501b464c4e,CommLayer/Messages/AvalancheMessages$Message$TopologyMessage$Builder.java,getNodesList,->,67366ab5-4121-477e-a26c-d2501b464c4e,java/util/Collections.java,unmodifiableList
67366ab5-4121-477e-a26c-d2501b464c4e,CommLayer/Messages/AvalancheMessages$Message$TopologyMessage$Builder.java,getNodesList,->,67366ab5-4121-477e-a26c-d2501b464c4e,com/google/protobuf/RepeatedFieldBuilder.java,getMessageList
67366ab5-4121-477e-a26c-d2501b464c4e,CommLayer/Messages/AvalancheMessages$Message$TopologyMessage$Builder.java,getNodesCount,->,67366ab5-4121-477e-a26c-d2501b464c4e,java/util/List.java,size
67366ab5-4121-477e-a26c-d2501b464c4e,CommLayer/Messages/AvalancheMessages$Message$TopologyMessage$Builder.java,getNodesCount,->,67366ab5-4121-477e-a26c-d2501b464c4e,com/google/protobuf/RepeatedFieldBuilder.java,getCount
67366ab5-4121-477e-a26c-d2501b464c4e,CommLayer/Messages/AvalancheMessages$Message$TopologyMessage$Builder.java,getNodes,->,67366ab5-4121-477e-a26c-d2501b464c4e,java/util/List.java,get
67366ab5-4121-477e-a26c-d2501b464c4e,CommLayer/Messages/AvalancheMessages$Message$TopologyMessage$Builder.java,getNodes,->,67366ab5-4121-477e-a26c-d2501b464c4e,com/google/protobuf/RepeatedFieldBuilder.java,getMessage
67366ab5-4121-477e-a26c-d2501b464c4e,CommLayer/Messages/AvalancheMessages$Message$TopologyMessage$Builder.java,setNodes,->,67366ab5-4121-477e-a26c-d2501b464c4e,CommLayer/Messages/AvalancheMessages$Message$TopologyMessage$Builder.java,ensureNodesIsMutable
67366ab5-4121-477e-a26c-d2501b464c4e,CommLayer/Messages/AvalancheMessages$Message$TopologyMessage$Builder.java,setNodes,->,67366ab5-4121-477e-a26c-d2501b464c4e,java/util/List.java,set
67366ab5-4121-477e-a26c-d2501b464c4e,CommLayer/Messages/AvalancheMessages$Message$TopologyMessage$Builder.java,setNodes,->,67366ab5-4121-477e-a26c-d2501b464c4e,CommLayer/Messages/AvalancheMessages$Message$TopologyMessage$Builder.java,onChanged
67366ab5-4121-477e-a26c-d2501b464c4e,CommLayer/Messages/AvalancheMessages$Message$TopologyMessage$Builder.java,setNodes,->,67366ab5-4121-477e-a26c-d2501b464c4e,com/google/protobuf/RepeatedFieldBuilder.java,setMessage
67366ab5-4121-477e-a26c-d2501b464c4e,CommLayer/Messages/AvalancheMessages$Message$TopologyMessage$Builder.java,setNodes,->,67366ab5-4121-477e-a26c-d2501b464c4e,CommLayer/Messages/AvalancheMessages$Message$TopologyMessage$Builder.java,ensureNodesIsMutable
67366ab5-4121-477e-a26c-d2501b464c4e,CommLayer/Messages/AvalancheMessages$Message$TopologyMessage$Builder.java,setNodes,->,67366ab5-4121-477e-a26c-d2501b464c4e,CommLayer/Messages/AvalancheMessages$Message$TopologyMessage$Node$Builder.java,build
67366ab5-4121-477e-a26c-d2501b464c4e,CommLayer/Messages/AvalancheMessages$Message$TopologyMessage$Builder.java,setNodes,->,67366ab5-4121-477e-a26c-d2501b464c4e,java/util/List.java,set
67366ab5-4121-477e-a26c-d2501b464c4e,CommLayer/Messages/AvalancheMessages$Message$TopologyMessage$Builder.java,setNodes,->,67366ab5-4121-477e-a26c-d2501b464c4e,CommLayer/Messages/AvalancheMessages$Message$TopologyMessage$Builder.java,onChanged
67366ab5-4121-477e-a26c-d2501b464c4e,CommLayer/Messages/AvalancheMessages$Message$TopologyMessage$Builder.java,setNodes,->,67366ab5-4121-477e-a26c-d2501b464c4e,CommLayer/Messages/AvalancheMessages$Message$TopologyMessage$Node$Builder.java,build
67366ab5-4121-477e-a26c-d2501b464c4e,CommLayer/Messages/AvalancheMessages$Message$TopologyMessage$Builder.java,setNodes,->,67366ab5-4121-477e-a26c-d2501b464c4e,com/google/protobuf/RepeatedFieldBuilder.java,setMessage
67366ab5-4121-477e-a26c-d2501b464c4e,CommLayer/Messages/AvalancheMessages$Message$TopologyMessage$Builder.java,addNodes,->,67366ab5-4121-477e-a26c-d2501b464c4e,CommLayer/Messages/AvalancheMessages$Message$TopologyMessage$Builder.java,ensureNodesIsMutable
67366ab5-4121-477e-a26c-d2501b464c4e,CommLayer/Messages/AvalancheMessages$Message$TopologyMessage$Builder.java,addNodes,->,67366ab5-4121-477e-a26c-d2501b464c4e,java/util/List.java,add
67366ab5-4121-477e-a26c-d2501b464c4e,CommLayer/Messages/AvalancheMessages$Message$TopologyMessage$Builder.java,addNodes,->,67366ab5-4121-477e-a26c-d2501b464c4e,CommLayer/Messages/AvalancheMessages$Message$TopologyMessage$Builder.java,onChanged
67366ab5-4121-477e-a26c-d2501b464c4e,CommLayer/Messages/AvalancheMessages$Message$TopologyMessage$Builder.java,addNodes,->,67366ab5-4121-477e-a26c-d2501b464c4e,com/google/protobuf/RepeatedFieldBuilder.java,addMessage
67366ab5-4121-477e-a26c-d2501b464c4e,CommLayer/Messages/AvalancheMessages$Message$TopologyMessage$Builder.java,addNodes,->,67366ab5-4121-477e-a26c-d2501b464c4e,CommLayer/Messages/AvalancheMessages$Message$TopologyMessage$Builder.java,ensureNodesIsMutable
67366ab5-4121-477e-a26c-d2501b464c4e,CommLayer/Messages/AvalancheMessages$Message$TopologyMessage$Builder.java,addNodes,->,67366ab5-4121-477e-a26c-d2501b464c4e,java/util/List.java,add
67366ab5-4121-477e-a26c-d2501b464c4e,CommLayer/Messages/AvalancheMessages$Message$TopologyMessage$Builder.java,addNodes,->,67366ab5-4121-477e-a26c-d2501b464c4e,CommLayer/Messages/AvalancheMessages$Message$TopologyMessage$Builder.java,onChanged
67366ab5-4121-477e-a26c-d2501b464c4e,CommLayer/Messages/AvalancheMessages$Message$TopologyMessage$Builder.java,addNodes,->,67366ab5-4121-477e-a26c-d2501b464c4e,com/google/protobuf/RepeatedFieldBuilder.java,addMessage
67366ab5-4121-477e-a26c-d2501b464c4e,CommLayer/Messages/AvalancheMessages$Message$TopologyMessage$Builder.java,addNodes,->,67366ab5-4121-477e-a26c-d2501b464c4e,CommLayer/Messages/AvalancheMessages$Message$TopologyMessage$Builder.java,ensureNodesIsMutable
67366ab5-4121-477e-a26c-d2501b464c4e,CommLayer/Messages/AvalancheMessages$Message$TopologyMessage$Builder.java,addNodes,->,67366ab5-4121-477e-a26c-d2501b464c4e,CommLayer/Messages/AvalancheMessages$Message$TopologyMessage$Node$Builder.java,build
67366ab5-4121-477e-a26c-d2501b464c4e,CommLayer/Messages/AvalancheMessages$Message$TopologyMessage$Builder.java,addNodes,->,67366ab5-4121-477e-a26c-d2501b464c4e,java/util/List.java,add
67366ab5-4121-477e-a26c-d2501b464c4e,CommLayer/Messages/AvalancheMessages$Message$TopologyMessage$Builder.java,addNodes,->,67366ab5-4121-477e-a26c-d2501b464c4e,CommLayer/Messages/AvalancheMessages$Message$TopologyMessage$Builder.java,onChanged
67366ab5-4121-477e-a26c-d2501b464c4e,CommLayer/Messages/AvalancheMessages$Message$TopologyMessage$Builder.java,addNodes,->,67366ab5-4121-477e-a26c-d2501b464c4e,CommLayer/Messages/AvalancheMessages$Message$TopologyMessage$Node$Builder.java,build
67366ab5-4121-477e-a26c-d2501b464c4e,CommLayer/Messages/AvalancheMessages$Message$TopologyMessage$Builder.java,addNodes,->,67366ab5-4121-477e-a26c-d2501b464c4e,com/google/protobuf/RepeatedFieldBuilder.java,addMessage
67366ab5-4121-477e-a26c-d2501b464c4e,CommLayer/Messages/AvalancheMessages$Message$TopologyMessage$Builder.java,addNodes,->,67366ab5-4121-477e-a26c-d2501b464c4e,CommLayer/Messages/AvalancheMessages$Message$TopologyMessage$Builder.java,ensureNodesIsMutable
67366ab5-4121-477e-a26c-d2501b464c4e,CommLayer/Messages/AvalancheMessages$Message$TopologyMessage$Builder.java,addNodes,->,67366ab5-4121-477e-a26c-d2501b464c4e,CommLayer/Messages/AvalancheMessages$Message$TopologyMessage$Node$Builder.java,build
67366ab5-4121-477e-a26c-d2501b464c4e,CommLayer/Messages/AvalancheMessages$Message$TopologyMessage$Builder.java,addNodes,->,67366ab5-4121-477e-a26c-d2501b464c4e,java/util/List.java,add
67366ab5-4121-477e-a26c-d2501b464c4e,CommLayer/Messages/AvalancheMessages$Message$TopologyMessage$Builder.java,addNodes,->,67366ab5-4121-477e-a26c-d2501b464c4e,CommLayer/Messages/AvalancheMessages$Message$TopologyMessage$Builder.java,onChanged
67366ab5-4121-477e-a26c-d2501b464c4e,CommLayer/Messages/AvalancheMessages$Message$TopologyMessage$Builder.java,addNodes,->,67366ab5-4121-477e-a26c-d2501b464c4e,CommLayer/Messages/AvalancheMessages$Message$TopologyMessage$Node$Builder.java,build
67366ab5-4121-477e-a26c-d2501b464c4e,CommLayer/Messages/AvalancheMessages$Message$TopologyMessage$Builder.java,addNodes,->,67366ab5-4121-477e-a26c-d2501b464c4e,com/google/protobuf/RepeatedFieldBuilder.java,addMessage
67366ab5-4121-477e-a26c-d2501b464c4e,CommLayer/Messages/AvalancheMessages$Message$TopologyMessage$Builder.java,addAllNodes,->,67366ab5-4121-477e-a26c-d2501b464c4e,CommLayer/Messages/AvalancheMessages$Message$TopologyMessage$Builder.java,ensureNodesIsMutable
67366ab5-4121-477e-a26c-d2501b464c4e,CommLayer/Messages/AvalancheMessages$Message$TopologyMessage$Builder.java,addAllNodes,->,67366ab5-4121-477e-a26c-d2501b464c4e,com/google/protobuf/GeneratedMessage$Builder.java,addAll
67366ab5-4121-477e-a26c-d2501b464c4e,CommLayer/Messages/AvalancheMessages$Message$TopologyMessage$Builder.java,addAllNodes,->,67366ab5-4121-477e-a26c-d2501b464c4e,CommLayer/Messages/AvalancheMessages$Message$TopologyMessage$Builder.java,onChanged
67366ab5-4121-477e-a26c-d2501b464c4e,CommLayer/Messages/AvalancheMessages$Message$TopologyMessage$Builder.java,addAllNodes,->,67366ab5-4121-477e-a26c-d2501b464c4e,com/google/protobuf/RepeatedFieldBuilder.java,addAllMessages
67366ab5-4121-477e-a26c-d2501b464c4e,CommLayer/Messages/AvalancheMessages$Message$TopologyMessage$Builder.java,clearNodes,->,67366ab5-4121-477e-a26c-d2501b464c4e,java/util/Collections.java,emptyList
67366ab5-4121-477e-a26c-d2501b464c4e,CommLayer/Messages/AvalancheMessages$Message$TopologyMessage$Builder.java,clearNodes,->,67366ab5-4121-477e-a26c-d2501b464c4e,CommLayer/Messages/AvalancheMessages$Message$TopologyMessage$Builder.java,onChanged
67366ab5-4121-477e-a26c-d2501b464c4e,CommLayer/Messages/AvalancheMessages$Message$TopologyMessage$Builder.java,clearNodes,->,67366ab5-4121-477e-a26c-d2501b464c4e,com/google/protobuf/RepeatedFieldBuilder.java,clear
67366ab5-4121-477e-a26c-d2501b464c4e,CommLayer/Messages/AvalancheMessages$Message$TopologyMessage$Builder.java,removeNodes,->,67366ab5-4121-477e-a26c-d2501b464c4e,CommLayer/Messages/AvalancheMessages$Message$TopologyMessage$Builder.java,ensureNodesIsMutable
67366ab5-4121-477e-a26c-d2501b464c4e,CommLayer/Messages/AvalancheMessages$Message$TopologyMessage$Builder.java,removeNodes,->,67366ab5-4121-477e-a26c-d2501b464c4e,java/util/List.java,remove
67366ab5-4121-477e-a26c-d2501b464c4e,CommLayer/Messages/AvalancheMessages$Message$TopologyMessage$Builder.java,removeNodes,->,67366ab5-4121-477e-a26c-d2501b464c4e,CommLayer/Messages/AvalancheMessages$Message$TopologyMessage$Builder.java,onChanged
67366ab5-4121-477e-a26c-d2501b464c4e,CommLayer/Messages/AvalancheMessages$Message$TopologyMessage$Builder.java,removeNodes,->,67366ab5-4121-477e-a26c-d2501b464c4e,com/google/protobuf/RepeatedFieldBuilder.java,remove
67366ab5-4121-477e-a26c-d2501b464c4e,CommLayer/Messages/AvalancheMessages$Message$TopologyMessage$Builder.java,getNodesBuilder,->,67366ab5-4121-477e-a26c-d2501b464c4e,CommLayer/Messages/AvalancheMessages$Message$TopologyMessage$Builder.java,getNodesFieldBuilder
67366ab5-4121-477e-a26c-d2501b464c4e,CommLayer/Messages/AvalancheMessages$Message$TopologyMessage$Builder.java,getNodesBuilder,->,67366ab5-4121-477e-a26c-d2501b464c4e,com/google/protobuf/RepeatedFieldBuilder.java,getBuilder
67366ab5-4121-477e-a26c-d2501b464c4e,CommLayer/Messages/AvalancheMessages$Message$TopologyMessage$Builder.java,getNodesOrBuilder,->,67366ab5-4121-477e-a26c-d2501b464c4e,java/util/List.java,get
67366ab5-4121-477e-a26c-d2501b464c4e,CommLayer/Messages/AvalancheMessages$Message$TopologyMessage$Builder.java,getNodesOrBuilder,->,67366ab5-4121-477e-a26c-d2501b464c4e,com/google/protobuf/RepeatedFieldBuilder.java,getMessageOrBuilder
67366ab5-4121-477e-a26c-d2501b464c4e,CommLayer/Messages/AvalancheMessages$Message$TopologyMessage$Builder.java,getNodesOrBuilderList,->,67366ab5-4121-477e-a26c-d2501b464c4e,com/google/protobuf/RepeatedFieldBuilder.java,getMessageOrBuilderList
67366ab5-4121-477e-a26c-d2501b464c4e,CommLayer/Messages/AvalancheMessages$Message$TopologyMessage$Builder.java,getNodesOrBuilderList,->,67366ab5-4121-477e-a26c-d2501b464c4e,java/util/Collections.java,unmodifiableList
67366ab5-4121-477e-a26c-d2501b464c4e,CommLayer/Messages/AvalancheMessages$Message$TopologyMessage$Builder.java,addNodesBuilder,->,67366ab5-4121-477e-a26c-d2501b464c4e,CommLayer/Messages/AvalancheMessages$Message$TopologyMessage$Builder.java,getNodesFieldBuilder
67366ab5-4121-477e-a26c-d2501b464c4e,CommLayer/Messages/AvalancheMessages$Message$TopologyMessage$Builder.java,addNodesBuilder,->,67366ab5-4121-477e-a26c-d2501b464c4e,CommLayer/Messages/AvalancheMessages$Message$TopologyMessage$Node.java,getDefaultInstance
67366ab5-4121-477e-a26c-d2501b464c4e,CommLayer/Messages/AvalancheMessages$Message$TopologyMessage$Builder.java,addNodesBuilder,->,67366ab5-4121-477e-a26c-d2501b464c4e,com/google/protobuf/RepeatedFieldBuilder.java,addBuilder
67366ab5-4121-477e-a26c-d2501b464c4e,CommLayer/Messages/AvalancheMessages$Message$TopologyMessage$Builder.java,addNodesBuilder,->,67366ab5-4121-477e-a26c-d2501b464c4e,CommLayer/Messages/AvalancheMessages$Message$TopologyMessage$Builder.java,getNodesFieldBuilder
67366ab5-4121-477e-a26c-d2501b464c4e,CommLayer/Messages/AvalancheMessages$Message$TopologyMessage$Builder.java,addNodesBuilder,->,67366ab5-4121-477e-a26c-d2501b464c4e,CommLayer/Messages/AvalancheMessages$Message$TopologyMessage$Node.java,getDefaultInstance
67366ab5-4121-477e-a26c-d2501b464c4e,CommLayer/Messages/AvalancheMessages$Message$TopologyMessage$Builder.java,addNodesBuilder,->,67366ab5-4121-477e-a26c-d2501b464c4e,com/google/protobuf/RepeatedFieldBuilder.java,addBuilder
67366ab5-4121-477e-a26c-d2501b464c4e,CommLayer/Messages/AvalancheMessages$Message$TopologyMessage$Builder.java,getNodesBuilderList,->,67366ab5-4121-477e-a26c-d2501b464c4e,CommLayer/Messages/AvalancheMessages$Message$TopologyMessage$Builder.java,getNodesFieldBuilder
67366ab5-4121-477e-a26c-d2501b464c4e,CommLayer/Messages/AvalancheMessages$Message$TopologyMessage$Builder.java,getNodesBuilderList,->,67366ab5-4121-477e-a26c-d2501b464c4e,com/google/protobuf/RepeatedFieldBuilder.java,getBuilderList
67366ab5-4121-477e-a26c-d2501b464c4e,CommLayer/Messages/AvalancheMessages$Message$TopologyMessage$Builder.java,getNodesFieldBuilder,->,67366ab5-4121-477e-a26c-d2501b464c4e,CommLayer/Messages/AvalancheMessages$Message$TopologyMessage$Builder.java,getParentForChildren
67366ab5-4121-477e-a26c-d2501b464c4e,CommLayer/Messages/AvalancheMessages$Message$TopologyMessage$Builder.java,getNodesFieldBuilder,->,67366ab5-4121-477e-a26c-d2501b464c4e,CommLayer/Messages/AvalancheMessages$Message$TopologyMessage$Builder.java,isClean
67366ab5-4121-477e-a26c-d2501b464c4e,CommLayer/Messages/AvalancheMessages$Message$TopologyMessage$Builder.java,clear,->,67366ab5-4121-477e-a26c-d2501b464c4e,CommLayer/Messages/AvalancheMessages$Message$TopologyMessage$Builder.java,clear
67366ab5-4121-477e-a26c-d2501b464c4e,CommLayer/Messages/AvalancheMessages$Message$TopologyMessage$Builder.java,clone,->,67366ab5-4121-477e-a26c-d2501b464c4e,CommLayer/Messages/AvalancheMessages$Message$TopologyMessage$Builder.java,clone
67366ab5-4121-477e-a26c-d2501b464c4e,CommLayer/Messages/AvalancheMessages$Message$TopologyMessage$Builder.java,mergeFrom,->,67366ab5-4121-477e-a26c-d2501b464c4e,CommLayer/Messages/AvalancheMessages$Message$TopologyMessage$Builder.java,mergeFrom
67366ab5-4121-477e-a26c-d2501b464c4e,CommLayer/Messages/AvalancheMessages$Message$TopologyMessage$Builder.java,mergeFrom,->,67366ab5-4121-477e-a26c-d2501b464c4e,CommLayer/Messages/AvalancheMessages$Message$TopologyMessage$Builder.java,mergeFrom
67366ab5-4121-477e-a26c-d2501b464c4e,CommLayer/Messages/AvalancheMessages$Message$TopologyMessage$Builder.java,clear,->,67366ab5-4121-477e-a26c-d2501b464c4e,CommLayer/Messages/AvalancheMessages$Message$TopologyMessage$Builder.java,clear
67366ab5-4121-477e-a26c-d2501b464c4e,CommLayer/Messages/AvalancheMessages$Message$TopologyMessage$Builder.java,clone,->,67366ab5-4121-477e-a26c-d2501b464c4e,CommLayer/Messages/AvalancheMessages$Message$TopologyMessage$Builder.java,clone
67366ab5-4121-477e-a26c-d2501b464c4e,CommLayer/Messages/AvalancheMessages$Message$TopologyMessage$Builder.java,mergeFrom,->,67366ab5-4121-477e-a26c-d2501b464c4e,CommLayer/Messages/AvalancheMessages$Message$TopologyMessage$Builder.java,mergeFrom
67366ab5-4121-477e-a26c-d2501b464c4e,CommLayer/Messages/AvalancheMessages$Message$TopologyMessage$Builder.java,clone,->,67366ab5-4121-477e-a26c-d2501b464c4e,CommLayer/Messages/AvalancheMessages$Message$TopologyMessage$Builder.java,clone
67366ab5-4121-477e-a26c-d2501b464c4e,CommLayer/Messages/AvalancheMessages$Message$TopologyMessage$Builder.java,buildPartial,->,67366ab5-4121-477e-a26c-d2501b464c4e,CommLayer/Messages/AvalancheMessages$Message$TopologyMessage$Builder.java,buildPartial
67366ab5-4121-477e-a26c-d2501b464c4e,CommLayer/Messages/AvalancheMessages$Message$TopologyMessage$Builder.java,build,->,67366ab5-4121-477e-a26c-d2501b464c4e,CommLayer/Messages/AvalancheMessages$Message$TopologyMessage$Builder.java,build
67366ab5-4121-477e-a26c-d2501b464c4e,CommLayer/Messages/AvalancheMessages$Message$TopologyMessage$Builder.java,mergeFrom,->,67366ab5-4121-477e-a26c-d2501b464c4e,CommLayer/Messages/AvalancheMessages$Message$TopologyMessage$Builder.java,mergeFrom
67366ab5-4121-477e-a26c-d2501b464c4e,CommLayer/Messages/AvalancheMessages$Message$TopologyMessage$Builder.java,clear,->,67366ab5-4121-477e-a26c-d2501b464c4e,CommLayer/Messages/AvalancheMessages$Message$TopologyMessage$Builder.java,clear
67366ab5-4121-477e-a26c-d2501b464c4e,CommLayer/Messages/AvalancheMessages$Message$TopologyMessage$Builder.java,mergeFrom,->,67366ab5-4121-477e-a26c-d2501b464c4e,CommLayer/Messages/AvalancheMessages$Message$TopologyMessage$Builder.java,mergeFrom
67366ab5-4121-477e-a26c-d2501b464c4e,CommLayer/Messages/AvalancheMessages$Message$TopologyMessage$Builder.java,clone,->,67366ab5-4121-477e-a26c-d2501b464c4e,CommLayer/Messages/AvalancheMessages$Message$TopologyMessage$Builder.java,clone
67366ab5-4121-477e-a26c-d2501b464c4e,CommLayer/Messages/AvalancheMessages$Message$TopologyMessage$Builder.java,buildPartial,->,67366ab5-4121-477e-a26c-d2501b464c4e,CommLayer/Messages/AvalancheMessages$Message$TopologyMessage$Builder.java,buildPartial
67366ab5-4121-477e-a26c-d2501b464c4e,CommLayer/Messages/AvalancheMessages$Message$TopologyMessage$Builder.java,build,->,67366ab5-4121-477e-a26c-d2501b464c4e,CommLayer/Messages/AvalancheMessages$Message$TopologyMessage$Builder.java,build
67366ab5-4121-477e-a26c-d2501b464c4e,CommLayer/Messages/AvalancheMessages$Message$TopologyMessage$Builder.java,clear,->,67366ab5-4121-477e-a26c-d2501b464c4e,CommLayer/Messages/AvalancheMessages$Message$TopologyMessage$Builder.java,clear
67366ab5-4121-477e-a26c-d2501b464c4e,CommLayer/Messages/AvalancheMessages$Message$TopologyMessage$Builder.java,getDefaultInstanceForType,->,67366ab5-4121-477e-a26c-d2501b464c4e,CommLayer/Messages/AvalancheMessages$Message$TopologyMessage$Builder.java,getDefaultInstanceForType
67366ab5-4121-477e-a26c-d2501b464c4e,CommLayer/Messages/AvalancheMessages$Message$TopologyMessage$Builder.java,getDefaultInstanceForType,->,67366ab5-4121-477e-a26c-d2501b464c4e,CommLayer/Messages/AvalancheMessages$Message$TopologyMessage$Builder.java,getDefaultInstanceForType
67366ab5-4121-477e-a26c-d2501b464c4e,CommLayer/Messages/AvalancheMessages$Message$TopologyMessage$Builder.java,mergeFrom,->,67366ab5-4121-477e-a26c-d2501b464c4e,CommLayer/Messages/AvalancheMessages$Message$TopologyMessage$Builder.java,mergeFrom
67366ab5-4121-477e-a26c-d2501b464c4e,CommLayer/Messages/AvalancheMessages$Message$TopologyMessage$Builder.java,clone,->,67366ab5-4121-477e-a26c-d2501b464c4e,CommLayer/Messages/AvalancheMessages$Message$TopologyMessage$Builder.java,clone
67366ab5-4121-477e-a26c-d2501b464c4e,CommLayer/Messages/AvalancheMessages$Message$TopologyMessage$Builder.java,clone,->,67366ab5-4121-477e-a26c-d2501b464c4e,CommLayer/Messages/AvalancheMessages$Message$TopologyMessage$Builder.java,clone
67366ab5-4121-477e-a26c-d2501b464c4e,CommLayer/Messages/AvalancheMessages$Message$TopologyMessage$Builder.java,access$17800,->,67366ab5-4121-477e-a26c-d2501b464c4e,CommLayer/Messages/AvalancheMessages$Message$TopologyMessage$Builder.java,create
67366ab5-4121-477e-a26c-d2501b464c4e,CommLayer/Messages/AvalancheMessages$Message$DataManagerMessage$DataCopyRequestMessage$Builder.java,getDescriptor,->,67366ab5-4121-477e-a26c-d2501b464c4e,CommLayer/Messages/AvalancheMessages.java,access$11500
67366ab5-4121-477e-a26c-d2501b464c4e,CommLayer/Messages/AvalancheMessages$Message$DataManagerMessage$DataCopyRequestMessage$Builder.java,internalGetFieldAccessorTable,->,67366ab5-4121-477e-a26c-d2501b464c4e,CommLayer/Messages/AvalancheMessages.java,access$11600
67366ab5-4121-477e-a26c-d2501b464c4e,CommLayer/Messages/AvalancheMessages$Message$DataManagerMessage$DataCopyRequestMessage$Builder.java,internalGetFieldAccessorTable,->,67366ab5-4121-477e-a26c-d2501b464c4e,com/google/protobuf/GeneratedMessage$FieldAccessorTable.java,ensureFieldAccessorsInitialized
67366ab5-4121-477e-a26c-d2501b464c4e,CommLayer/Messages/AvalancheMessages$Message$DataManagerMessage$DataCopyRequestMessage$Builder.java,maybeForceBuilderInitialization,->,67366ab5-4121-477e-a26c-d2501b464c4e,CommLayer/Messages/AvalancheMessages$Message$DataManagerMessage$DataCopyRequestMessage.java,access$12000
67366ab5-4121-477e-a26c-d2501b464c4e,CommLayer/Messages/AvalancheMessages$Message$DataManagerMessage$DataCopyRequestMessage$Builder.java,maybeForceBuilderInitialization,->,67366ab5-4121-477e-a26c-d2501b464c4e,CommLayer/Messages/AvalancheMessages$Message$DataManagerMessage$DataCopyRequestMessage$Builder.java,getDataHandlerServiceLocationFieldBuilder
67366ab5-4121-477e-a26c-d2501b464c4e,CommLayer/Messages/AvalancheMessages$Message$DataManagerMessage$DataCopyRequestMessage$Builder.java,clear,->,67366ab5-4121-477e-a26c-d2501b464c4e,com/google/protobuf/GeneratedMessage$Builder.java,clear
67366ab5-4121-477e-a26c-d2501b464c4e,CommLayer/Messages/AvalancheMessages$Message$DataManagerMessage$DataCopyRequestMessage$Builder.java,clear,->,67366ab5-4121-477e-a26c-d2501b464c4e,CommLayer/Messages/AvalancheMessages$Message$Location.java,getDefaultInstance
67366ab5-4121-477e-a26c-d2501b464c4e,CommLayer/Messages/AvalancheMessages$Message$DataManagerMessage$DataCopyRequestMessage$Builder.java,clear,->,67366ab5-4121-477e-a26c-d2501b464c4e,com/google/protobuf/SingleFieldBuilder.java,clear
67366ab5-4121-477e-a26c-d2501b464c4e,CommLayer/Messages/AvalancheMessages$Message$DataManagerMessage$DataCopyRequestMessage$Builder.java,clone,->,67366ab5-4121-477e-a26c-d2501b464c4e,CommLayer/Messages/AvalancheMessages$Message$DataManagerMessage$DataCopyRequestMessage$Builder.java,create
67366ab5-4121-477e-a26c-d2501b464c4e,CommLayer/Messages/AvalancheMessages$Message$DataManagerMessage$DataCopyRequestMessage$Builder.java,clone,->,67366ab5-4121-477e-a26c-d2501b464c4e,CommLayer/Messages/AvalancheMessages$Message$DataManagerMessage$DataCopyRequestMessage$Builder.java,buildPartial
67366ab5-4121-477e-a26c-d2501b464c4e,CommLayer/Messages/AvalancheMessages$Message$DataManagerMessage$DataCopyRequestMessage$Builder.java,clone,->,67366ab5-4121-477e-a26c-d2501b464c4e,CommLayer/Messages/AvalancheMessages$Message$DataManagerMessage$DataCopyRequestMessage$Builder.java,mergeFrom
67366ab5-4121-477e-a26c-d2501b464c4e,CommLayer/Messages/AvalancheMessages$Message$DataManagerMessage$DataCopyRequestMessage$Builder.java,getDescriptorForType,->,67366ab5-4121-477e-a26c-d2501b464c4e,CommLayer/Messages/AvalancheMessages.java,access$11500
67366ab5-4121-477e-a26c-d2501b464c4e,CommLayer/Messages/AvalancheMessages$Message$DataManagerMessage$DataCopyRequestMessage$Builder.java,getDefaultInstanceForType,->,67366ab5-4121-477e-a26c-d2501b464c4e,CommLayer/Messages/AvalancheMessages$Message$DataManagerMessage$DataCopyRequestMessage.java,getDefaultInstance
67366ab5-4121-477e-a26c-d2501b464c4e,CommLayer/Messages/AvalancheMessages$Message$DataManagerMessage$DataCopyRequestMessage$Builder.java,build,->,67366ab5-4121-477e-a26c-d2501b464c4e,CommLayer/Messages/AvalancheMessages$Message$DataManagerMessage$DataCopyRequestMessage$Builder.java,buildPartial
67366ab5-4121-477e-a26c-d2501b464c4e,CommLayer/Messages/AvalancheMessages$Message$DataManagerMessage$DataCopyRequestMessage$Builder.java,build,->,67366ab5-4121-477e-a26c-d2501b464c4e,CommLayer/Messages/AvalancheMessages$Message$DataManagerMessage$DataCopyRequestMessage.java,isInitialized
67366ab5-4121-477e-a26c-d2501b464c4e,CommLayer/Messages/AvalancheMessages$Message$DataManagerMessage$DataCopyRequestMessage$Builder.java,build,->,67366ab5-4121-477e-a26c-d2501b464c4e,CommLayer/Messages/AvalancheMessages$Message$DataManagerMessage$DataCopyRequestMessage$Builder.java,newUninitializedMessageException
67366ab5-4121-477e-a26c-d2501b464c4e,CommLayer/Messages/AvalancheMessages$Message$DataManagerMessage$DataCopyRequestMessage$Builder.java,buildPartial,->,67366ab5-4121-477e-a26c-d2501b464c4e,CommLayer/Messages/AvalancheMessages$Message$DataManagerMessage$DataCopyRequestMessage.java,access$12202
67366ab5-4121-477e-a26c-d2501b464c4e,CommLayer/Messages/AvalancheMessages$Message$DataManagerMessage$DataCopyRequestMessage$Builder.java,buildPartial,->,67366ab5-4121-477e-a26c-d2501b464c4e,com/google/protobuf/SingleFieldBuilder.java,build
67366ab5-4121-477e-a26c-d2501b464c4e,CommLayer/Messages/AvalancheMessages$Message$DataManagerMessage$DataCopyRequestMessage$Builder.java,buildPartial,->,67366ab5-4121-477e-a26c-d2501b464c4e,CommLayer/Messages/AvalancheMessages$Message$DataManagerMessage$DataCopyRequestMessage.java,access$12202
67366ab5-4121-477e-a26c-d2501b464c4e,CommLayer/Messages/AvalancheMessages$Message$DataManagerMessage$DataCopyRequestMessage$Builder.java,buildPartial,->,67366ab5-4121-477e-a26c-d2501b464c4e,CommLayer/Messages/AvalancheMessages$Message$DataManagerMessage$DataCopyRequestMessage.java,access$12302
67366ab5-4121-477e-a26c-d2501b464c4e,CommLayer/Messages/AvalancheMessages$Message$DataManagerMessage$DataCopyRequestMessage$Builder.java,buildPartial,->,67366ab5-4121-477e-a26c-d2501b464c4e,CommLayer/Messages/AvalancheMessages$Message$DataManagerMessage$DataCopyRequestMessage.java,access$12402
67366ab5-4121-477e-a26c-d2501b464c4e,CommLayer/Messages/AvalancheMessages$Message$DataManagerMessage$DataCopyRequestMessage$Builder.java,buildPartial,->,67366ab5-4121-477e-a26c-d2501b464c4e,CommLayer/Messages/AvalancheMessages$Message$DataManagerMessage$DataCopyRequestMessage$Builder.java,onBuilt
67366ab5-4121-477e-a26c-d2501b464c4e,CommLayer/Messages/AvalancheMessages$Message$DataManagerMessage$DataCopyRequestMessage$Builder.java,mergeFrom,->,67366ab5-4121-477e-a26c-d2501b464c4e,CommLayer/Messages/AvalancheMessages$Message$DataManagerMessage$DataCopyRequestMessage$Builder.java,mergeFrom
67366ab5-4121-477e-a26c-d2501b464c4e,CommLayer/Messages/AvalancheMessages$Message$DataManagerMessage$DataCopyRequestMessage$Builder.java,mergeFrom,->,67366ab5-4121-477e-a26c-d2501b464c4e,com/google/protobuf/GeneratedMessage$Builder.java,mergeFrom
67366ab5-4121-477e-a26c-d2501b464c4e,CommLayer/Messages/AvalancheMessages$Message$DataManagerMessage$DataCopyRequestMessage$Builder.java,mergeFrom,->,67366ab5-4121-477e-a26c-d2501b464c4e,CommLayer/Messages/AvalancheMessages$Message$DataManagerMessage$DataCopyRequestMessage.java,getDefaultInstance
67366ab5-4121-477e-a26c-d2501b464c4e,CommLayer/Messages/AvalancheMessages$Message$DataManagerMessage$DataCopyRequestMessage$Builder.java,mergeFrom,->,67366ab5-4121-477e-a26c-d2501b464c4e,CommLayer/Messages/AvalancheMessages$Message$DataManagerMessage$DataCopyRequestMessage.java,hasDataHandlerServiceLocation
67366ab5-4121-477e-a26c-d2501b464c4e,CommLayer/Messages/AvalancheMessages$Message$DataManagerMessage$DataCopyRequestMessage$Builder.java,mergeFrom,->,67366ab5-4121-477e-a26c-d2501b464c4e,CommLayer/Messages/AvalancheMessages$Message$DataManagerMessage$DataCopyRequestMessage.java,getDataHandlerServiceLocation
67366ab5-4121-477e-a26c-d2501b464c4e,CommLayer/Messages/AvalancheMessages$Message$DataManagerMessage$DataCopyRequestMessage$Builder.java,mergeFrom,->,67366ab5-4121-477e-a26c-d2501b464c4e,CommLayer/Messages/AvalancheMessages$Message$DataManagerMessage$DataCopyRequestMessage$Builder.java,mergeDataHandlerServiceLocation
67366ab5-4121-477e-a26c-d2501b464c4e,CommLayer/Messages/AvalancheMessages$Message$DataManagerMessage$DataCopyRequestMessage$Builder.java,mergeFrom,->,67366ab5-4121-477e-a26c-d2501b464c4e,CommLayer/Messages/AvalancheMessages$Message$DataManagerMessage$DataCopyRequestMessage.java,hasTaskId
67366ab5-4121-477e-a26c-d2501b464c4e,CommLayer/Messages/AvalancheMessages$Message$DataManagerMessage$DataCopyRequestMessage$Builder.java,mergeFrom,->,67366ab5-4121-477e-a26c-d2501b464c4e,CommLayer/Messages/AvalancheMessages$Message$DataManagerMessage$DataCopyRequestMessage.java,access$12300
67366ab5-4121-477e-a26c-d2501b464c4e,CommLayer/Messages/AvalancheMessages$Message$DataManagerMessage$DataCopyRequestMessage$Builder.java,mergeFrom,->,67366ab5-4121-477e-a26c-d2501b464c4e,CommLayer/Messages/AvalancheMessages$Message$DataManagerMessage$DataCopyRequestMessage$Builder.java,onChanged
67366ab5-4121-477e-a26c-d2501b464c4e,CommLayer/Messages/AvalancheMessages$Message$DataManagerMessage$DataCopyRequestMessage$Builder.java,mergeFrom,->,67366ab5-4121-477e-a26c-d2501b464c4e,CommLayer/Messages/AvalancheMessages$Message$DataManagerMessage$DataCopyRequestMessage.java,getUnknownFields
67366ab5-4121-477e-a26c-d2501b464c4e,CommLayer/Messages/AvalancheMessages$Message$DataManagerMessage$DataCopyRequestMessage$Builder.java,mergeFrom,->,67366ab5-4121-477e-a26c-d2501b464c4e,CommLayer/Messages/AvalancheMessages$Message$DataManagerMessage$DataCopyRequestMessage$Builder.java,mergeUnknownFields
67366ab5-4121-477e-a26c-d2501b464c4e,CommLayer/Messages/AvalancheMessages$Message$DataManagerMessage$DataCopyRequestMessage$Builder.java,mergeFrom,->,67366ab5-4121-477e-a26c-d2501b464c4e,com/google/protobuf/Parser.java,parsePartialFrom
67366ab5-4121-477e-a26c-d2501b464c4e,CommLayer/Messages/AvalancheMessages$Message$DataManagerMessage$DataCopyRequestMessage$Builder.java,mergeFrom,->,67366ab5-4121-477e-a26c-d2501b464c4e,CommLayer/Messages/AvalancheMessages$Message$DataManagerMessage$DataCopyRequestMessage$Builder.java,mergeFrom
67366ab5-4121-477e-a26c-d2501b464c4e,CommLayer/Messages/AvalancheMessages$Message$DataManagerMessage$DataCopyRequestMessage$Builder.java,mergeFrom,->,67366ab5-4121-477e-a26c-d2501b464c4e,com/google/protobuf/InvalidProtocolBufferException.java,getUnfinishedMessage
67366ab5-4121-477e-a26c-d2501b464c4e,CommLayer/Messages/AvalancheMessages$Message$DataManagerMessage$DataCopyRequestMessage$Builder.java,mergeFrom,->,67366ab5-4121-477e-a26c-d2501b464c4e,CommLayer/Messages/AvalancheMessages$Message$DataManagerMessage$DataCopyRequestMessage$Builder.java,mergeFrom
67366ab5-4121-477e-a26c-d2501b464c4e,CommLayer/Messages/AvalancheMessages$Message$DataManagerMessage$DataCopyRequestMessage$Builder.java,getDataHandlerServiceLocation,->,67366ab5-4121-477e-a26c-d2501b464c4e,com/google/protobuf/SingleFieldBuilder.java,getMessage
67366ab5-4121-477e-a26c-d2501b464c4e,CommLayer/Messages/AvalancheMessages$Message$DataManagerMessage$DataCopyRequestMessage$Builder.java,setDataHandlerServiceLocation,->,67366ab5-4121-477e-a26c-d2501b464c4e,CommLayer/Messages/AvalancheMessages$Message$DataManagerMessage$DataCopyRequestMessage$Builder.java,onChanged
67366ab5-4121-477e-a26c-d2501b464c4e,CommLayer/Messages/AvalancheMessages$Message$DataManagerMessage$DataCopyRequestMessage$Builder.java,setDataHandlerServiceLocation,->,67366ab5-4121-477e-a26c-d2501b464c4e,com/google/protobuf/SingleFieldBuilder.java,setMessage
67366ab5-4121-477e-a26c-d2501b464c4e,CommLayer/Messages/AvalancheMessages$Message$DataManagerMessage$DataCopyRequestMessage$Builder.java,setDataHandlerServiceLocation,->,67366ab5-4121-477e-a26c-d2501b464c4e,CommLayer/Messages/AvalancheMessages$Message$Location$Builder.java,build
67366ab5-4121-477e-a26c-d2501b464c4e,CommLayer/Messages/AvalancheMessages$Message$DataManagerMessage$DataCopyRequestMessage$Builder.java,setDataHandlerServiceLocation,->,67366ab5-4121-477e-a26c-d2501b464c4e,CommLayer/Messages/AvalancheMessages$Message$DataManagerMessage$DataCopyRequestMessage$Builder.java,onChanged
67366ab5-4121-477e-a26c-d2501b464c4e,CommLayer/Messages/AvalancheMessages$Message$DataManagerMessage$DataCopyRequestMessage$Builder.java,setDataHandlerServiceLocation,->,67366ab5-4121-477e-a26c-d2501b464c4e,CommLayer/Messages/AvalancheMessages$Message$Location$Builder.java,build
67366ab5-4121-477e-a26c-d2501b464c4e,CommLayer/Messages/AvalancheMessages$Message$DataManagerMessage$DataCopyRequestMessage$Builder.java,setDataHandlerServiceLocation,->,67366ab5-4121-477e-a26c-d2501b464c4e,com/google/protobuf/SingleFieldBuilder.java,setMessage
67366ab5-4121-477e-a26c-d2501b464c4e,CommLayer/Messages/AvalancheMessages$Message$DataManagerMessage$DataCopyRequestMessage$Builder.java,mergeDataHandlerServiceLocation,->,67366ab5-4121-477e-a26c-d2501b464c4e,CommLayer/Messages/AvalancheMessages$Message$Location.java,getDefaultInstance
67366ab5-4121-477e-a26c-d2501b464c4e,CommLayer/Messages/AvalancheMessages$Message$DataManagerMessage$DataCopyRequestMessage$Builder.java,mergeDataHandlerServiceLocation,->,67366ab5-4121-477e-a26c-d2501b464c4e,CommLayer/Messages/AvalancheMessages$Message$Location.java,newBuilder
67366ab5-4121-477e-a26c-d2501b464c4e,CommLayer/Messages/AvalancheMessages$Message$DataManagerMessage$DataCopyRequestMessage$Builder.java,mergeDataHandlerServiceLocation,->,67366ab5-4121-477e-a26c-d2501b464c4e,CommLayer/Messages/AvalancheMessages$Message$Location$Builder.java,mergeFrom
67366ab5-4121-477e-a26c-d2501b464c4e,CommLayer/Messages/AvalancheMessages$Message$DataManagerMessage$DataCopyRequestMessage$Builder.java,mergeDataHandlerServiceLocation,->,67366ab5-4121-477e-a26c-d2501b464c4e,CommLayer/Messages/AvalancheMessages$Message$Location$Builder.java,buildPartial
67366ab5-4121-477e-a26c-d2501b464c4e,CommLayer/Messages/AvalancheMessages$Message$DataManagerMessage$DataCopyRequestMessage$Builder.java,mergeDataHandlerServiceLocation,->,67366ab5-4121-477e-a26c-d2501b464c4e,CommLayer/Messages/AvalancheMessages$Message$DataManagerMessage$DataCopyRequestMessage$Builder.java,onChanged
67366ab5-4121-477e-a26c-d2501b464c4e,CommLayer/Messages/AvalancheMessages$Message$DataManagerMessage$DataCopyRequestMessage$Builder.java,mergeDataHandlerServiceLocation,->,67366ab5-4121-477e-a26c-d2501b464c4e,com/google/protobuf/SingleFieldBuilder.java,mergeFrom
67366ab5-4121-477e-a26c-d2501b464c4e,CommLayer/Messages/AvalancheMessages$Message$DataManagerMessage$DataCopyRequestMessage$Builder.java,clearDataHandlerServiceLocation,->,67366ab5-4121-477e-a26c-d2501b464c4e,CommLayer/Messages/AvalancheMessages$Message$Location.java,getDefaultInstance
67366ab5-4121-477e-a26c-d2501b464c4e,CommLayer/Messages/AvalancheMessages$Message$DataManagerMessage$DataCopyRequestMessage$Builder.java,clearDataHandlerServiceLocation,->,67366ab5-4121-477e-a26c-d2501b464c4e,CommLayer/Messages/AvalancheMessages$Message$DataManagerMessage$DataCopyRequestMessage$Builder.java,onChanged
67366ab5-4121-477e-a26c-d2501b464c4e,CommLayer/Messages/AvalancheMessages$Message$DataManagerMessage$DataCopyRequestMessage$Builder.java,clearDataHandlerServiceLocation,->,67366ab5-4121-477e-a26c-d2501b464c4e,com/google/protobuf/SingleFieldBuilder.java,clear
67366ab5-4121-477e-a26c-d2501b464c4e,CommLayer/Messages/AvalancheMessages$Message$DataManagerMessage$DataCopyRequestMessage$Builder.java,getDataHandlerServiceLocationBuilder,->,67366ab5-4121-477e-a26c-d2501b464c4e,CommLayer/Messages/AvalancheMessages$Message$DataManagerMessage$DataCopyRequestMessage$Builder.java,onChanged
67366ab5-4121-477e-a26c-d2501b464c4e,CommLayer/Messages/AvalancheMessages$Message$DataManagerMessage$DataCopyRequestMessage$Builder.java,getDataHandlerServiceLocationBuilder,->,67366ab5-4121-477e-a26c-d2501b464c4e,CommLayer/Messages/AvalancheMessages$Message$DataManagerMessage$DataCopyRequestMessage$Builder.java,getDataHandlerServiceLocationFieldBuilder
67366ab5-4121-477e-a26c-d2501b464c4e,CommLayer/Messages/AvalancheMessages$Message$DataManagerMessage$DataCopyRequestMessage$Builder.java,getDataHandlerServiceLocationBuilder,->,67366ab5-4121-477e-a26c-d2501b464c4e,com/google/protobuf/SingleFieldBuilder.java,getBuilder
67366ab5-4121-477e-a26c-d2501b464c4e,CommLayer/Messages/AvalancheMessages$Message$DataManagerMessage$DataCopyRequestMessage$Builder.java,getDataHandlerServiceLocationOrBuilder,->,67366ab5-4121-477e-a26c-d2501b464c4e,com/google/protobuf/SingleFieldBuilder.java,getMessageOrBuilder
67366ab5-4121-477e-a26c-d2501b464c4e,CommLayer/Messages/AvalancheMessages$Message$DataManagerMessage$DataCopyRequestMessage$Builder.java,getDataHandlerServiceLocationFieldBuilder,->,67366ab5-4121-477e-a26c-d2501b464c4e,CommLayer/Messages/AvalancheMessages$Message$DataManagerMessage$DataCopyRequestMessage$Builder.java,getParentForChildren
67366ab5-4121-477e-a26c-d2501b464c4e,CommLayer/Messages/AvalancheMessages$Message$DataManagerMessage$DataCopyRequestMessage$Builder.java,getDataHandlerServiceLocationFieldBuilder,->,67366ab5-4121-477e-a26c-d2501b464c4e,CommLayer/Messages/AvalancheMessages$Message$DataManagerMessage$DataCopyRequestMessage$Builder.java,isClean
67366ab5-4121-477e-a26c-d2501b464c4e,CommLayer/Messages/AvalancheMessages$Message$DataManagerMessage$DataCopyRequestMessage$Builder.java,getTaskId,->,67366ab5-4121-477e-a26c-d2501b464c4e,com/google/protobuf/ByteString.java,toStringUtf8
67366ab5-4121-477e-a26c-d2501b464c4e,CommLayer/Messages/AvalancheMessages$Message$DataManagerMessage$DataCopyRequestMessage$Builder.java,getTaskIdBytes,->,67366ab5-4121-477e-a26c-d2501b464c4e,com/google/protobuf/ByteString.java,copyFromUtf8
67366ab5-4121-477e-a26c-d2501b464c4e,CommLayer/Messages/AvalancheMessages$Message$DataManagerMessage$DataCopyRequestMessage$Builder.java,setTaskId,->,67366ab5-4121-477e-a26c-d2501b464c4e,CommLayer/Messages/AvalancheMessages$Message$DataManagerMessage$DataCopyRequestMessage$Builder.java,onChanged
67366ab5-4121-477e-a26c-d2501b464c4e,CommLayer/Messages/AvalancheMessages$Message$DataManagerMessage$DataCopyRequestMessage$Builder.java,clearTaskId,->,67366ab5-4121-477e-a26c-d2501b464c4e,CommLayer/Messages/AvalancheMessages$Message$DataManagerMessage$DataCopyRequestMessage.java,getDefaultInstance
67366ab5-4121-477e-a26c-d2501b464c4e,CommLayer/Messages/AvalancheMessages$Message$DataManagerMessage$DataCopyRequestMessage$Builder.java,clearTaskId,->,67366ab5-4121-477e-a26c-d2501b464c4e,CommLayer/Messages/AvalancheMessages$Message$DataManagerMessage$DataCopyRequestMessage.java,getTaskId
67366ab5-4121-477e-a26c-d2501b464c4e,CommLayer/Messages/AvalancheMessages$Message$DataManagerMessage$DataCopyRequestMessage$Builder.java,clearTaskId,->,67366ab5-4121-477e-a26c-d2501b464c4e,CommLayer/Messages/AvalancheMessages$Message$DataManagerMessage$DataCopyRequestMessage$Builder.java,onChanged
67366ab5-4121-477e-a26c-d2501b464c4e,CommLayer/Messages/AvalancheMessages$Message$DataManagerMessage$DataCopyRequestMessage$Builder.java,setTaskIdBytes,->,67366ab5-4121-477e-a26c-d2501b464c4e,CommLayer/Messages/AvalancheMessages$Message$DataManagerMessage$DataCopyRequestMessage$Builder.java,onChanged
67366ab5-4121-477e-a26c-d2501b464c4e,CommLayer/Messages/AvalancheMessages$Message$DataManagerMessage$DataCopyRequestMessage$Builder.java,clear,->,67366ab5-4121-477e-a26c-d2501b464c4e,CommLayer/Messages/AvalancheMessages$Message$DataManagerMessage$DataCopyRequestMessage$Builder.java,clear
67366ab5-4121-477e-a26c-d2501b464c4e,CommLayer/Messages/AvalancheMessages$Message$DataManagerMessage$DataCopyRequestMessage$Builder.java,clone,->,67366ab5-4121-477e-a26c-d2501b464c4e,CommLayer/Messages/AvalancheMessages$Message$DataManagerMessage$DataCopyRequestMessage$Builder.java,clone
67366ab5-4121-477e-a26c-d2501b464c4e,CommLayer/Messages/AvalancheMessages$Message$DataManagerMessage$DataCopyRequestMessage$Builder.java,mergeFrom,->,67366ab5-4121-477e-a26c-d2501b464c4e,CommLayer/Messages/AvalancheMessages$Message$DataManagerMessage$DataCopyRequestMessage$Builder.java,mergeFrom
67366ab5-4121-477e-a26c-d2501b464c4e,CommLayer/Messages/AvalancheMessages$Message$DataManagerMessage$DataCopyRequestMessage$Builder.java,mergeFrom,->,67366ab5-4121-477e-a26c-d2501b464c4e,CommLayer/Messages/AvalancheMessages$Message$DataManagerMessage$DataCopyRequestMessage$Builder.java,mergeFrom
67366ab5-4121-477e-a26c-d2501b464c4e,CommLayer/Messages/AvalancheMessages$Message$DataManagerMessage$DataCopyRequestMessage$Builder.java,clear,->,67366ab5-4121-477e-a26c-d2501b464c4e,CommLayer/Messages/AvalancheMessages$Message$DataManagerMessage$DataCopyRequestMessage$Builder.java,clear
67366ab5-4121-477e-a26c-d2501b464c4e,CommLayer/Messages/AvalancheMessages$Message$DataManagerMessage$DataCopyRequestMessage$Builder.java,clone,->,67366ab5-4121-477e-a26c-d2501b464c4e,CommLayer/Messages/AvalancheMessages$Message$DataManagerMessage$DataCopyRequestMessage$Builder.java,clone
67366ab5-4121-477e-a26c-d2501b464c4e,CommLayer/Messages/AvalancheMessages$Message$DataManagerMessage$DataCopyRequestMessage$Builder.java,mergeFrom,->,67366ab5-4121-477e-a26c-d2501b464c4e,CommLayer/Messages/AvalancheMessages$Message$DataManagerMessage$DataCopyRequestMessage$Builder.java,mergeFrom
67366ab5-4121-477e-a26c-d2501b464c4e,CommLayer/Messages/AvalancheMessages$Message$DataManagerMessage$DataCopyRequestMessage$Builder.java,clone,->,67366ab5-4121-477e-a26c-d2501b464c4e,CommLayer/Messages/AvalancheMessages$Message$DataManagerMessage$DataCopyRequestMessage$Builder.java,clone
67366ab5-4121-477e-a26c-d2501b464c4e,CommLayer/Messages/AvalancheMessages$Message$DataManagerMessage$DataCopyRequestMessage$Builder.java,buildPartial,->,67366ab5-4121-477e-a26c-d2501b464c4e,CommLayer/Messages/AvalancheMessages$Message$DataManagerMessage$DataCopyRequestMessage$Builder.java,buildPartial
67366ab5-4121-477e-a26c-d2501b464c4e,CommLayer/Messages/AvalancheMessages$Message$DataManagerMessage$DataCopyRequestMessage$Builder.java,build,->,67366ab5-4121-477e-a26c-d2501b464c4e,CommLayer/Messages/AvalancheMessages$Message$DataManagerMessage$DataCopyRequestMessage$Builder.java,build
67366ab5-4121-477e-a26c-d2501b464c4e,CommLayer/Messages/AvalancheMessages$Message$DataManagerMessage$DataCopyRequestMessage$Builder.java,mergeFrom,->,67366ab5-4121-477e-a26c-d2501b464c4e,CommLayer/Messages/AvalancheMessages$Message$DataManagerMessage$DataCopyRequestMessage$Builder.java,mergeFrom
67366ab5-4121-477e-a26c-d2501b464c4e,CommLayer/Messages/AvalancheMessages$Message$DataManagerMessage$DataCopyRequestMessage$Builder.java,clear,->,67366ab5-4121-477e-a26c-d2501b464c4e,CommLayer/Messages/AvalancheMessages$Message$DataManagerMessage$DataCopyRequestMessage$Builder.java,clear
67366ab5-4121-477e-a26c-d2501b464c4e,CommLayer/Messages/AvalancheMessages$Message$DataManagerMessage$DataCopyRequestMessage$Builder.java,mergeFrom,->,67366ab5-4121-477e-a26c-d2501b464c4e,CommLayer/Messages/AvalancheMessages$Message$DataManagerMessage$DataCopyRequestMessage$Builder.java,mergeFrom
67366ab5-4121-477e-a26c-d2501b464c4e,CommLayer/Messages/AvalancheMessages$Message$DataManagerMessage$DataCopyRequestMessage$Builder.java,clone,->,67366ab5-4121-477e-a26c-d2501b464c4e,CommLayer/Messages/AvalancheMessages$Message$DataManagerMessage$DataCopyRequestMessage$Builder.java,clone
67366ab5-4121-477e-a26c-d2501b464c4e,CommLayer/Messages/AvalancheMessages$Message$DataManagerMessage$DataCopyRequestMessage$Builder.java,buildPartial,->,67366ab5-4121-477e-a26c-d2501b464c4e,CommLayer/Messages/AvalancheMessages$Message$DataManagerMessage$DataCopyRequestMessage$Builder.java,buildPartial
67366ab5-4121-477e-a26c-d2501b464c4e,CommLayer/Messages/AvalancheMessages$Message$DataManagerMessage$DataCopyRequestMessage$Builder.java,build,->,67366ab5-4121-477e-a26c-d2501b464c4e,CommLayer/Messages/AvalancheMessages$Message$DataManagerMessage$DataCopyRequestMessage$Builder.java,build
67366ab5-4121-477e-a26c-d2501b464c4e,CommLayer/Messages/AvalancheMessages$Message$DataManagerMessage$DataCopyRequestMessage$Builder.java,clear,->,67366ab5-4121-477e-a26c-d2501b464c4e,CommLayer/Messages/AvalancheMessages$Message$DataManagerMessage$DataCopyRequestMessage$Builder.java,clear
67366ab5-4121-477e-a26c-d2501b464c4e,CommLayer/Messages/AvalancheMessages$Message$DataManagerMessage$DataCopyRequestMessage$Builder.java,getDefaultInstanceForType,->,67366ab5-4121-477e-a26c-d2501b464c4e,CommLayer/Messages/AvalancheMessages$Message$DataManagerMessage$DataCopyRequestMessage$Builder.java,getDefaultInstanceForType
67366ab5-4121-477e-a26c-d2501b464c4e,CommLayer/Messages/AvalancheMessages$Message$DataManagerMessage$DataCopyRequestMessage$Builder.java,getDefaultInstanceForType,->,67366ab5-4121-477e-a26c-d2501b464c4e,CommLayer/Messages/AvalancheMessages$Message$DataManagerMessage$DataCopyRequestMessage$Builder.java,getDefaultInstanceForType
67366ab5-4121-477e-a26c-d2501b464c4e,CommLayer/Messages/AvalancheMessages$Message$DataManagerMessage$DataCopyRequestMessage$Builder.java,mergeFrom,->,67366ab5-4121-477e-a26c-d2501b464c4e,CommLayer/Messages/AvalancheMessages$Message$DataManagerMessage$DataCopyRequestMessage$Builder.java,mergeFrom
67366ab5-4121-477e-a26c-d2501b464c4e,CommLayer/Messages/AvalancheMessages$Message$DataManagerMessage$DataCopyRequestMessage$Builder.java,clone,->,67366ab5-4121-477e-a26c-d2501b464c4e,CommLayer/Messages/AvalancheMessages$Message$DataManagerMessage$DataCopyRequestMessage$Builder.java,clone
67366ab5-4121-477e-a26c-d2501b464c4e,CommLayer/Messages/AvalancheMessages$Message$DataManagerMessage$DataCopyRequestMessage$Builder.java,clone,->,67366ab5-4121-477e-a26c-d2501b464c4e,CommLayer/Messages/AvalancheMessages$Message$DataManagerMessage$DataCopyRequestMessage$Builder.java,clone
67366ab5-4121-477e-a26c-d2501b464c4e,CommLayer/Messages/AvalancheMessages$Message$DataManagerMessage$DataCopyRequestMessage$Builder.java,access$11800,->,67366ab5-4121-477e-a26c-d2501b464c4e,CommLayer/Messages/AvalancheMessages$Message$DataManagerMessage$DataCopyRequestMessage$Builder.java,create
67366ab5-4121-477e-a26c-d2501b464c4e,CommLayer/Messages/AvalancheMessages$Message$DataManagerMessage$DataCopyResponseMessage.java,getDescriptor,->,67366ab5-4121-477e-a26c-d2501b464c4e,CommLayer/Messages/AvalancheMessages.java,access$12500
67366ab5-4121-477e-a26c-d2501b464c4e,CommLayer/Messages/AvalancheMessages$Message$DataManagerMessage$DataCopyResponseMessage.java,internalGetFieldAccessorTable,->,67366ab5-4121-477e-a26c-d2501b464c4e,CommLayer/Messages/AvalancheMessages.java,access$12600
67366ab5-4121-477e-a26c-d2501b464c4e,CommLayer/Messages/AvalancheMessages$Message$DataManagerMessage$DataCopyResponseMessage.java,internalGetFieldAccessorTable,->,67366ab5-4121-477e-a26c-d2501b464c4e,com/google/protobuf/GeneratedMessage$FieldAccessorTable.java,ensureFieldAccessorsInitialized
67366ab5-4121-477e-a26c-d2501b464c4e,CommLayer/Messages/AvalancheMessages$Message$DataManagerMessage$DataCopyResponseMessage.java,getTaskId,->,67366ab5-4121-477e-a26c-d2501b464c4e,com/google/protobuf/ByteString.java,toStringUtf8
67366ab5-4121-477e-a26c-d2501b464c4e,CommLayer/Messages/AvalancheMessages$Message$DataManagerMessage$DataCopyResponseMessage.java,getTaskId,->,67366ab5-4121-477e-a26c-d2501b464c4e,com/google/protobuf/ByteString.java,isValidUtf8
67366ab5-4121-477e-a26c-d2501b464c4e,CommLayer/Messages/AvalancheMessages$Message$DataManagerMessage$DataCopyResponseMessage.java,getTaskIdBytes,->,67366ab5-4121-477e-a26c-d2501b464c4e,com/google/protobuf/ByteString.java,copyFromUtf8
67366ab5-4121-477e-a26c-d2501b464c4e,CommLayer/Messages/AvalancheMessages$Message$DataManagerMessage$DataCopyResponseMessage.java,writeTo,->,67366ab5-4121-477e-a26c-d2501b464c4e,CommLayer/Messages/AvalancheMessages$Message$DataManagerMessage$DataCopyResponseMessage.java,getSerializedSize
67366ab5-4121-477e-a26c-d2501b464c4e,CommLayer/Messages/AvalancheMessages$Message$DataManagerMessage$DataCopyResponseMessage.java,writeTo,->,67366ab5-4121-477e-a26c-d2501b464c4e,CommLayer/Messages/AvalancheMessages$Message$DataManagerMessage$DataCopyResponseMessage.java,getTaskIdBytes
67366ab5-4121-477e-a26c-d2501b464c4e,CommLayer/Messages/AvalancheMessages$Message$DataManagerMessage$DataCopyResponseMessage.java,writeTo,->,67366ab5-4121-477e-a26c-d2501b464c4e,com/google/protobuf/CodedOutputStream.java,writeBytes
67366ab5-4121-477e-a26c-d2501b464c4e,CommLayer/Messages/AvalancheMessages$Message$DataManagerMessage$DataCopyResponseMessage.java,writeTo,->,67366ab5-4121-477e-a26c-d2501b464c4e,CommLayer/Messages/AvalancheMessages$Message$DataManagerMessage$DataCopyResponseMessage.java,getUnknownFields
67366ab5-4121-477e-a26c-d2501b464c4e,CommLayer/Messages/AvalancheMessages$Message$DataManagerMessage$DataCopyResponseMessage.java,writeTo,->,67366ab5-4121-477e-a26c-d2501b464c4e,com/google/protobuf/UnknownFieldSet.java,writeTo
67366ab5-4121-477e-a26c-d2501b464c4e,CommLayer/Messages/AvalancheMessages$Message$DataManagerMessage$DataCopyResponseMessage.java,getSerializedSize,->,67366ab5-4121-477e-a26c-d2501b464c4e,CommLayer/Messages/AvalancheMessages$Message$DataManagerMessage$DataCopyResponseMessage.java,getTaskIdBytes
67366ab5-4121-477e-a26c-d2501b464c4e,CommLayer/Messages/AvalancheMessages$Message$DataManagerMessage$DataCopyResponseMessage.java,getSerializedSize,->,67366ab5-4121-477e-a26c-d2501b464c4e,com/google/protobuf/CodedOutputStream.java,computeBytesSize
67366ab5-4121-477e-a26c-d2501b464c4e,CommLayer/Messages/AvalancheMessages$Message$DataManagerMessage$DataCopyResponseMessage.java,getSerializedSize,->,67366ab5-4121-477e-a26c-d2501b464c4e,CommLayer/Messages/AvalancheMessages$Message$DataManagerMessage$DataCopyResponseMessage.java,getUnknownFields
67366ab5-4121-477e-a26c-d2501b464c4e,CommLayer/Messages/AvalancheMessages$Message$DataManagerMessage$DataCopyResponseMessage.java,getSerializedSize,->,67366ab5-4121-477e-a26c-d2501b464c4e,com/google/protobuf/UnknownFieldSet.java,getSerializedSize
67366ab5-4121-477e-a26c-d2501b464c4e,CommLayer/Messages/AvalancheMessages$Message$DataManagerMessage$DataCopyResponseMessage.java,writeReplace,->,67366ab5-4121-477e-a26c-d2501b464c4e,com/google/protobuf/GeneratedMessage.java,writeReplace
67366ab5-4121-477e-a26c-d2501b464c4e,CommLayer/Messages/AvalancheMessages$Message$DataManagerMessage$DataCopyResponseMessage.java,parseFrom,->,67366ab5-4121-477e-a26c-d2501b464c4e,com/google/protobuf/Parser.java,parseFrom
67366ab5-4121-477e-a26c-d2501b464c4e,CommLayer/Messages/AvalancheMessages$Message$DataManagerMessage$DataCopyResponseMessage.java,parseFrom,->,67366ab5-4121-477e-a26c-d2501b464c4e,com/google/protobuf/Parser.java,parseFrom
67366ab5-4121-477e-a26c-d2501b464c4e,CommLayer/Messages/AvalancheMessages$Message$DataManagerMessage$DataCopyResponseMessage.java,parseFrom,->,67366ab5-4121-477e-a26c-d2501b464c4e,com/google/protobuf/Parser.java,parseFrom
67366ab5-4121-477e-a26c-d2501b464c4e,CommLayer/Messages/AvalancheMessages$Message$DataManagerMessage$DataCopyResponseMessage.java,parseFrom,->,67366ab5-4121-477e-a26c-d2501b464c4e,com/google/protobuf/Parser.java,parseFrom
67366ab5-4121-477e-a26c-d2501b464c4e,CommLayer/Messages/AvalancheMessages$Message$DataManagerMessage$DataCopyResponseMessage.java,parseFrom,->,67366ab5-4121-477e-a26c-d2501b464c4e,com/google/protobuf/Parser.java,parseFrom
67366ab5-4121-477e-a26c-d2501b464c4e,CommLayer/Messages/AvalancheMessages$Message$DataManagerMessage$DataCopyResponseMessage.java,parseFrom,->,67366ab5-4121-477e-a26c-d2501b464c4e,com/google/protobuf/Parser.java,parseFrom
67366ab5-4121-477e-a26c-d2501b464c4e,CommLayer/Messages/AvalancheMessages$Message$DataManagerMessage$DataCopyResponseMessage.java,parseDelimitedFrom,->,67366ab5-4121-477e-a26c-d2501b464c4e,com/google/protobuf/Parser.java,parseDelimitedFrom
67366ab5-4121-477e-a26c-d2501b464c4e,CommLayer/Messages/AvalancheMessages$Message$DataManagerMessage$DataCopyResponseMessage.java,parseDelimitedFrom,->,67366ab5-4121-477e-a26c-d2501b464c4e,com/google/protobuf/Parser.java,parseDelimitedFrom
67366ab5-4121-477e-a26c-d2501b464c4e,CommLayer/Messages/AvalancheMessages$Message$DataManagerMessage$DataCopyResponseMessage.java,parseFrom,->,67366ab5-4121-477e-a26c-d2501b464c4e,com/google/protobuf/Parser.java,parseFrom
67366ab5-4121-477e-a26c-d2501b464c4e,CommLayer/Messages/AvalancheMessages$Message$DataManagerMessage$DataCopyResponseMessage.java,parseFrom,->,67366ab5-4121-477e-a26c-d2501b464c4e,com/google/protobuf/Parser.java,parseFrom
67366ab5-4121-477e-a26c-d2501b464c4e,CommLayer/Messages/AvalancheMessages$Message$DataManagerMessage$DataCopyResponseMessage.java,newBuilder,->,67366ab5-4121-477e-a26c-d2501b464c4e,CommLayer/Messages/AvalancheMessages$Message$DataManagerMessage$DataCopyResponseMessage$Builder.java,access$12800
67366ab5-4121-477e-a26c-d2501b464c4e,CommLayer/Messages/AvalancheMessages$Message$DataManagerMessage$DataCopyResponseMessage.java,newBuilderForType,->,67366ab5-4121-477e-a26c-d2501b464c4e,CommLayer/Messages/AvalancheMessages$Message$DataManagerMessage$DataCopyResponseMessage.java,newBuilder
67366ab5-4121-477e-a26c-d2501b464c4e,CommLayer/Messages/AvalancheMessages$Message$DataManagerMessage$DataCopyResponseMessage.java,newBuilder,->,67366ab5-4121-477e-a26c-d2501b464c4e,CommLayer/Messages/AvalancheMessages$Message$DataManagerMessage$DataCopyResponseMessage.java,newBuilder
67366ab5-4121-477e-a26c-d2501b464c4e,CommLayer/Messages/AvalancheMessages$Message$DataManagerMessage$DataCopyResponseMessage.java,newBuilder,->,67366ab5-4121-477e-a26c-d2501b464c4e,CommLayer/Messages/AvalancheMessages$Message$DataManagerMessage$DataCopyResponseMessage$Builder.java,mergeFrom
67366ab5-4121-477e-a26c-d2501b464c4e,CommLayer/Messages/AvalancheMessages$Message$DataManagerMessage$DataCopyResponseMessage.java,toBuilder,->,67366ab5-4121-477e-a26c-d2501b464c4e,CommLayer/Messages/AvalancheMessages$Message$DataManagerMessage$DataCopyResponseMessage.java,newBuilder
67366ab5-4121-477e-a26c-d2501b464c4e,CommLayer/Messages/AvalancheMessages$Message$DataManagerMessage$DataCopyResponseMessage.java,newBuilderForType,->,67366ab5-4121-477e-a26c-d2501b464c4e,CommLayer/Messages/AvalancheMessages$Message$DataManagerMessage$DataCopyResponseMessage.java,newBuilderForType
67366ab5-4121-477e-a26c-d2501b464c4e,CommLayer/Messages/AvalancheMessages$Message$DataManagerMessage$DataCopyResponseMessage.java,toBuilder,->,67366ab5-4121-477e-a26c-d2501b464c4e,CommLayer/Messages/AvalancheMessages$Message$DataManagerMessage$DataCopyResponseMessage.java,toBuilder
67366ab5-4121-477e-a26c-d2501b464c4e,CommLayer/Messages/AvalancheMessages$Message$DataManagerMessage$DataCopyResponseMessage.java,newBuilderForType,->,67366ab5-4121-477e-a26c-d2501b464c4e,CommLayer/Messages/AvalancheMessages$Message$DataManagerMessage$DataCopyResponseMessage.java,newBuilderForType
67366ab5-4121-477e-a26c-d2501b464c4e,CommLayer/Messages/AvalancheMessages$Message$DataManagerMessage$DataCopyResponseMessage.java,toBuilder,->,67366ab5-4121-477e-a26c-d2501b464c4e,CommLayer/Messages/AvalancheMessages$Message$DataManagerMessage$DataCopyResponseMessage.java,toBuilder
67366ab5-4121-477e-a26c-d2501b464c4e,CommLayer/Messages/AvalancheMessages$Message$DataManagerMessage$DataCopyResponseMessage.java,newBuilderForType,->,67366ab5-4121-477e-a26c-d2501b464c4e,CommLayer/Messages/AvalancheMessages$Message$DataManagerMessage$DataCopyResponseMessage.java,newBuilderForType
67366ab5-4121-477e-a26c-d2501b464c4e,CommLayer/Messages/AvalancheMessages$Message$DataManagerMessage$DataCopyResponseMessage.java,getDefaultInstanceForType,->,67366ab5-4121-477e-a26c-d2501b464c4e,CommLayer/Messages/AvalancheMessages$Message$DataManagerMessage$DataCopyResponseMessage.java,getDefaultInstanceForType
67366ab5-4121-477e-a26c-d2501b464c4e,CommLayer/Messages/AvalancheMessages$Message$DataManagerMessage$DataCopyResponseMessage.java,getDefaultInstanceForType,->,67366ab5-4121-477e-a26c-d2501b464c4e,CommLayer/Messages/AvalancheMessages$Message$DataManagerMessage$DataCopyResponseMessage.java,getDefaultInstanceForType
67366ab5-4121-477e-a26c-d2501b464c4e,CommLayer/Messages/AvalancheMessages$Message$DataManagerMessage$DataCopyResponseMessage.java,<clinit>,->,67366ab5-4121-477e-a26c-d2501b464c4e,CommLayer/Messages/AvalancheMessages$Message$DataManagerMessage$DataCopyResponseMessage.java,initFields
67366ab5-4121-477e-a26c-d2501b464c4e,CommLayer/Messages/AvalancheMessages$Message$Builder.java,getDescriptor,->,67366ab5-4121-477e-a26c-d2501b464c4e,CommLayer/Messages/AvalancheMessages.java,access$000
67366ab5-4121-477e-a26c-d2501b464c4e,CommLayer/Messages/AvalancheMessages$Message$Builder.java,internalGetFieldAccessorTable,->,67366ab5-4121-477e-a26c-d2501b464c4e,CommLayer/Messages/AvalancheMessages.java,access$100
67366ab5-4121-477e-a26c-d2501b464c4e,CommLayer/Messages/AvalancheMessages$Message$Builder.java,internalGetFieldAccessorTable,->,67366ab5-4121-477e-a26c-d2501b464c4e,com/google/protobuf/GeneratedMessage$FieldAccessorTable.java,ensureFieldAccessorsInitialized
67366ab5-4121-477e-a26c-d2501b464c4e,CommLayer/Messages/AvalancheMessages$Message$Builder.java,maybeForceBuilderInitialization,->,67366ab5-4121-477e-a26c-d2501b464c4e,CommLayer/Messages/AvalancheMessages$Message.java,access$20900
67366ab5-4121-477e-a26c-d2501b464c4e,CommLayer/Messages/AvalancheMessages$Message$Builder.java,maybeForceBuilderInitialization,->,67366ab5-4121-477e-a26c-d2501b464c4e,CommLayer/Messages/AvalancheMessages$Message$Builder.java,getTaskInitMessageFieldBuilder
67366ab5-4121-477e-a26c-d2501b464c4e,CommLayer/Messages/AvalancheMessages$Message$Builder.java,maybeForceBuilderInitialization,->,67366ab5-4121-477e-a26c-d2501b464c4e,CommLayer/Messages/AvalancheMessages$Message$Builder.java,getTaskStatusMessageFieldBuilder
67366ab5-4121-477e-a26c-d2501b464c4e,CommLayer/Messages/AvalancheMessages$Message$Builder.java,maybeForceBuilderInitialization,->,67366ab5-4121-477e-a26c-d2501b464c4e,CommLayer/Messages/AvalancheMessages$Message$Builder.java,getTaskSetStateMessageFieldBuilder
67366ab5-4121-477e-a26c-d2501b464c4e,CommLayer/Messages/AvalancheMessages$Message$Builder.java,maybeForceBuilderInitialization,->,67366ab5-4121-477e-a26c-d2501b464c4e,CommLayer/Messages/AvalancheMessages$Message$Builder.java,getDataHandlerMessageFieldBuilder
67366ab5-4121-477e-a26c-d2501b464c4e,CommLayer/Messages/AvalancheMessages$Message$Builder.java,maybeForceBuilderInitialization,->,67366ab5-4121-477e-a26c-d2501b464c4e,CommLayer/Messages/AvalancheMessages$Message$Builder.java,getDataManagerMessageFieldBuilder
67366ab5-4121-477e-a26c-d2501b464c4e,CommLayer/Messages/AvalancheMessages$Message$Builder.java,maybeForceBuilderInitialization,->,67366ab5-4121-477e-a26c-d2501b464c4e,CommLayer/Messages/AvalancheMessages$Message$Builder.java,getTopologyMessageFieldBuilder
67366ab5-4121-477e-a26c-d2501b464c4e,CommLayer/Messages/AvalancheMessages$Message$Builder.java,maybeForceBuilderInitialization,->,67366ab5-4121-477e-a26c-d2501b464c4e,CommLayer/Messages/AvalancheMessages$Message$Builder.java,getHeartBeatMessageFieldBuilder
67366ab5-4121-477e-a26c-d2501b464c4e,CommLayer/Messages/AvalancheMessages$Message$Builder.java,maybeForceBuilderInitialization,->,67366ab5-4121-477e-a26c-d2501b464c4e,CommLayer/Messages/AvalancheMessages$Message$Builder.java,getTopologyStatusMessageFieldBuilder
67366ab5-4121-477e-a26c-d2501b464c4e,CommLayer/Messages/AvalancheMessages$Message$Builder.java,clear,->,67366ab5-4121-477e-a26c-d2501b464c4e,com/google/protobuf/GeneratedMessage$Builder.java,clear
67366ab5-4121-477e-a26c-d2501b464c4e,CommLayer/Messages/AvalancheMessages$Message$Builder.java,clear,->,67366ab5-4121-477e-a26c-d2501b464c4e,CommLayer/Messages/AvalancheMessages$Message$TaskInitMessage.java,getDefaultInstance
67366ab5-4121-477e-a26c-d2501b464c4e,CommLayer/Messages/AvalancheMessages$Message$Builder.java,clear,->,67366ab5-4121-477e-a26c-d2501b464c4e,com/google/protobuf/SingleFieldBuilder.java,clear
67366ab5-4121-477e-a26c-d2501b464c4e,CommLayer/Messages/AvalancheMessages$Message$Builder.java,clear,->,67366ab5-4121-477e-a26c-d2501b464c4e,CommLayer/Messages/AvalancheMessages$Message$TaskStatusMessage.java,getDefaultInstance
67366ab5-4121-477e-a26c-d2501b464c4e,CommLayer/Messages/AvalancheMessages$Message$Builder.java,clear,->,67366ab5-4121-477e-a26c-d2501b464c4e,com/google/protobuf/SingleFieldBuilder.java,clear
67366ab5-4121-477e-a26c-d2501b464c4e,CommLayer/Messages/AvalancheMessages$Message$Builder.java,clear,->,67366ab5-4121-477e-a26c-d2501b464c4e,CommLayer/Messages/AvalancheMessages$Message$TaskSetStateMessage.java,getDefaultInstance
67366ab5-4121-477e-a26c-d2501b464c4e,CommLayer/Messages/AvalancheMessages$Message$Builder.java,clear,->,67366ab5-4121-477e-a26c-d2501b464c4e,com/google/protobuf/SingleFieldBuilder.java,clear
67366ab5-4121-477e-a26c-d2501b464c4e,CommLayer/Messages/AvalancheMessages$Message$Builder.java,clear,->,67366ab5-4121-477e-a26c-d2501b464c4e,CommLayer/Messages/AvalancheMessages$Message$DataHandlerMessage.java,getDefaultInstance
67366ab5-4121-477e-a26c-d2501b464c4e,CommLayer/Messages/AvalancheMessages$Message$Builder.java,clear,->,67366ab5-4121-477e-a26c-d2501b464c4e,com/google/protobuf/SingleFieldBuilder.java,clear
67366ab5-4121-477e-a26c-d2501b464c4e,CommLayer/Messages/AvalancheMessages$Message$Builder.java,clear,->,67366ab5-4121-477e-a26c-d2501b464c4e,CommLayer/Messages/AvalancheMessages$Message$DataManagerMessage.java,getDefaultInstance
67366ab5-4121-477e-a26c-d2501b464c4e,CommLayer/Messages/AvalancheMessages$Message$Builder.java,clear,->,67366ab5-4121-477e-a26c-d2501b464c4e,com/google/protobuf/SingleFieldBuilder.java,clear
67366ab5-4121-477e-a26c-d2501b464c4e,CommLayer/Messages/AvalancheMessages$Message$Builder.java,clear,->,67366ab5-4121-477e-a26c-d2501b464c4e,CommLayer/Messages/AvalancheMessages$Message$TopologyMessage.java,getDefaultInstance
67366ab5-4121-477e-a26c-d2501b464c4e,CommLayer/Messages/AvalancheMessages$Message$Builder.java,clear,->,67366ab5-4121-477e-a26c-d2501b464c4e,com/google/protobuf/SingleFieldBuilder.java,clear
67366ab5-4121-477e-a26c-d2501b464c4e,CommLayer/Messages/AvalancheMessages$Message$Builder.java,clear,->,67366ab5-4121-477e-a26c-d2501b464c4e,CommLayer/Messages/AvalancheMessages$Message$HeartBeatMessage.java,getDefaultInstance
67366ab5-4121-477e-a26c-d2501b464c4e,CommLayer/Messages/AvalancheMessages$Message$Builder.java,clear,->,67366ab5-4121-477e-a26c-d2501b464c4e,com/google/protobuf/SingleFieldBuilder.java,clear
67366ab5-4121-477e-a26c-d2501b464c4e,CommLayer/Messages/AvalancheMessages$Message$Builder.java,clear,->,67366ab5-4121-477e-a26c-d2501b464c4e,CommLayer/Messages/AvalancheMessages$Message$TopologyStatusMessage.java,getDefaultInstance
67366ab5-4121-477e-a26c-d2501b464c4e,CommLayer/Messages/AvalancheMessages$Message$Builder.java,clear,->,67366ab5-4121-477e-a26c-d2501b464c4e,com/google/protobuf/SingleFieldBuilder.java,clear
67366ab5-4121-477e-a26c-d2501b464c4e,CommLayer/Messages/AvalancheMessages$Message$Builder.java,clone,->,67366ab5-4121-477e-a26c-d2501b464c4e,CommLayer/Messages/AvalancheMessages$Message$Builder.java,create
67366ab5-4121-477e-a26c-d2501b464c4e,CommLayer/Messages/AvalancheMessages$Message$Builder.java,clone,->,67366ab5-4121-477e-a26c-d2501b464c4e,CommLayer/Messages/AvalancheMessages$Message$Builder.java,buildPartial
67366ab5-4121-477e-a26c-d2501b464c4e,CommLayer/Messages/AvalancheMessages$Message$Builder.java,clone,->,67366ab5-4121-477e-a26c-d2501b464c4e,CommLayer/Messages/AvalancheMessages$Message$Builder.java,mergeFrom
67366ab5-4121-477e-a26c-d2501b464c4e,CommLayer/Messages/AvalancheMessages$Message$Builder.java,getDescriptorForType,->,67366ab5-4121-477e-a26c-d2501b464c4e,CommLayer/Messages/AvalancheMessages.java,access$000
67366ab5-4121-477e-a26c-d2501b464c4e,CommLayer/Messages/AvalancheMessages$Message$Builder.java,getDefaultInstanceForType,->,67366ab5-4121-477e-a26c-d2501b464c4e,CommLayer/Messages/AvalancheMessages$Message.java,getDefaultInstance
67366ab5-4121-477e-a26c-d2501b464c4e,CommLayer/Messages/AvalancheMessages$Message$Builder.java,build,->,67366ab5-4121-477e-a26c-d2501b464c4e,CommLayer/Messages/AvalancheMessages$Message$Builder.java,buildPartial
67366ab5-4121-477e-a26c-d2501b464c4e,CommLayer/Messages/AvalancheMessages$Message$Builder.java,build,->,67366ab5-4121-477e-a26c-d2501b464c4e,CommLayer/Messages/AvalancheMessages$Message.java,isInitialized
67366ab5-4121-477e-a26c-d2501b464c4e,CommLayer/Messages/AvalancheMessages$Message$Builder.java,build,->,67366ab5-4121-477e-a26c-d2501b464c4e,CommLayer/Messages/AvalancheMessages$Message$Builder.java,newUninitializedMessageException
67366ab5-4121-477e-a26c-d2501b464c4e,CommLayer/Messages/AvalancheMessages$Message$Builder.java,buildPartial,->,67366ab5-4121-477e-a26c-d2501b464c4e,CommLayer/Messages/AvalancheMessages$Message.java,access$21102
67366ab5-4121-477e-a26c-d2501b464c4e,CommLayer/Messages/AvalancheMessages$Message$Builder.java,buildPartial,->,67366ab5-4121-477e-a26c-d2501b464c4e,CommLayer/Messages/AvalancheMessages$Message.java,access$21202
67366ab5-4121-477e-a26c-d2501b464c4e,CommLayer/Messages/AvalancheMessages$Message$Builder.java,buildPartial,->,67366ab5-4121-477e-a26c-d2501b464c4e,CommLayer/Messages/AvalancheMessages$Message.java,access$21302
67366ab5-4121-477e-a26c-d2501b464c4e,CommLayer/Messages/AvalancheMessages$Message$Builder.java,buildPartial,->,67366ab5-4121-477e-a26c-d2501b464c4e,com/google/protobuf/SingleFieldBuilder.java,build
67366ab5-4121-477e-a26c-d2501b464c4e,CommLayer/Messages/AvalancheMessages$Message$Builder.java,buildPartial,->,67366ab5-4121-477e-a26c-d2501b464c4e,CommLayer/Messages/AvalancheMessages$Message.java,access$21302
67366ab5-4121-477e-a26c-d2501b464c4e,CommLayer/Messages/AvalancheMessages$Message$Builder.java,buildPartial,->,67366ab5-4121-477e-a26c-d2501b464c4e,CommLayer/Messages/AvalancheMessages$Message.java,access$21402
67366ab5-4121-477e-a26c-d2501b464c4e,CommLayer/Messages/AvalancheMessages$Message$Builder.java,buildPartial,->,67366ab5-4121-477e-a26c-d2501b464c4e,com/google/protobuf/SingleFieldBuilder.java,build
67366ab5-4121-477e-a26c-d2501b464c4e,CommLayer/Messages/AvalancheMessages$Message$Builder.java,buildPartial,->,67366ab5-4121-477e-a26c-d2501b464c4e,CommLayer/Messages/AvalancheMessages$Message.java,access$21402
67366ab5-4121-477e-a26c-d2501b464c4e,CommLayer/Messages/AvalancheMessages$Message$Builder.java,buildPartial,->,67366ab5-4121-477e-a26c-d2501b464c4e,CommLayer/Messages/AvalancheMessages$Message.java,access$21502
67366ab5-4121-477e-a26c-d2501b464c4e,CommLayer/Messages/AvalancheMessages$Message$Builder.java,buildPartial,->,67366ab5-4121-477e-a26c-d2501b464c4e,com/google/protobuf/SingleFieldBuilder.java,build
67366ab5-4121-477e-a26c-d2501b464c4e,CommLayer/Messages/AvalancheMessages$Message$Builder.java,buildPartial,->,67366ab5-4121-477e-a26c-d2501b464c4e,CommLayer/Messages/AvalancheMessages$Message.java,access$21502
67366ab5-4121-477e-a26c-d2501b464c4e,CommLayer/Messages/AvalancheMessages$Message$Builder.java,buildPartial,->,67366ab5-4121-477e-a26c-d2501b464c4e,CommLayer/Messages/AvalancheMessages$Message.java,access$21602
67366ab5-4121-477e-a26c-d2501b464c4e,CommLayer/Messages/AvalancheMessages$Message$Builder.java,buildPartial,->,67366ab5-4121-477e-a26c-d2501b464c4e,com/google/protobuf/SingleFieldBuilder.java,build
67366ab5-4121-477e-a26c-d2501b464c4e,CommLayer/Messages/AvalancheMessages$Message$Builder.java,buildPartial,->,67366ab5-4121-477e-a26c-d2501b464c4e,CommLayer/Messages/AvalancheMessages$Message.java,access$21602
67366ab5-4121-477e-a26c-d2501b464c4e,CommLayer/Messages/AvalancheMessages$Message$Builder.java,buildPartial,->,67366ab5-4121-477e-a26c-d2501b464c4e,CommLayer/Messages/AvalancheMessages$Message.java,access$21702
67366ab5-4121-477e-a26c-d2501b464c4e,CommLayer/Messages/AvalancheMessages$Message$Builder.java,buildPartial,->,67366ab5-4121-477e-a26c-d2501b464c4e,com/google/protobuf/SingleFieldBuilder.java,build
67366ab5-4121-477e-a26c-d2501b464c4e,CommLayer/Messages/AvalancheMessages$Message$Builder.java,buildPartial,->,67366ab5-4121-477e-a26c-d2501b464c4e,CommLayer/Messages/AvalancheMessages$Message.java,access$21702
67366ab5-4121-477e-a26c-d2501b464c4e,CommLayer/Messages/AvalancheMessages$Message$Builder.java,buildPartial,->,67366ab5-4121-477e-a26c-d2501b464c4e,CommLayer/Messages/AvalancheMessages$Message.java,access$21802
67366ab5-4121-477e-a26c-d2501b464c4e,CommLayer/Messages/AvalancheMessages$Message$Builder.java,buildPartial,->,67366ab5-4121-477e-a26c-d2501b464c4e,com/google/protobuf/SingleFieldBuilder.java,build
67366ab5-4121-477e-a26c-d2501b464c4e,CommLayer/Messages/AvalancheMessages$Message$Builder.java,buildPartial,->,67366ab5-4121-477e-a26c-d2501b464c4e,CommLayer/Messages/AvalancheMessages$Message.java,access$21802
67366ab5-4121-477e-a26c-d2501b464c4e,CommLayer/Messages/AvalancheMessages$Message$Builder.java,buildPartial,->,67366ab5-4121-477e-a26c-d2501b464c4e,CommLayer/Messages/AvalancheMessages$Message.java,access$21902
67366ab5-4121-477e-a26c-d2501b464c4e,CommLayer/Messages/AvalancheMessages$Message$Builder.java,buildPartial,->,67366ab5-4121-477e-a26c-d2501b464c4e,com/google/protobuf/SingleFieldBuilder.java,build
67366ab5-4121-477e-a26c-d2501b464c4e,CommLayer/Messages/AvalancheMessages$Message$Builder.java,buildPartial,->,67366ab5-4121-477e-a26c-d2501b464c4e,CommLayer/Messages/AvalancheMessages$Message.java,access$21902
67366ab5-4121-477e-a26c-d2501b464c4e,CommLayer/Messages/AvalancheMessages$Message$Builder.java,buildPartial,->,67366ab5-4121-477e-a26c-d2501b464c4e,CommLayer/Messages/AvalancheMessages$Message.java,access$22002
67366ab5-4121-477e-a26c-d2501b464c4e,CommLayer/Messages/AvalancheMessages$Message$Builder.java,buildPartial,->,67366ab5-4121-477e-a26c-d2501b464c4e,com/google/protobuf/SingleFieldBuilder.java,build
67366ab5-4121-477e-a26c-d2501b464c4e,CommLayer/Messages/AvalancheMessages$Message$Builder.java,buildPartial,->,67366ab5-4121-477e-a26c-d2501b464c4e,CommLayer/Messages/AvalancheMessages$Message.java,access$22002
67366ab5-4121-477e-a26c-d2501b464c4e,CommLayer/Messages/AvalancheMessages$Message$Builder.java,buildPartial,->,67366ab5-4121-477e-a26c-d2501b464c4e,CommLayer/Messages/AvalancheMessages$Message.java,access$22102
67366ab5-4121-477e-a26c-d2501b464c4e,CommLayer/Messages/AvalancheMessages$Message$Builder.java,buildPartial,->,67366ab5-4121-477e-a26c-d2501b464c4e,CommLayer/Messages/AvalancheMessages$Message$Builder.java,onBuilt
67366ab5-4121-477e-a26c-d2501b464c4e,CommLayer/Messages/AvalancheMessages$Message$Builder.java,mergeFrom,->,67366ab5-4121-477e-a26c-d2501b464c4e,CommLayer/Messages/AvalancheMessages$Message$Builder.java,mergeFrom
67366ab5-4121-477e-a26c-d2501b464c4e,CommLayer/Messages/AvalancheMessages$Message$Builder.java,mergeFrom,->,67366ab5-4121-477e-a26c-d2501b464c4e,com/google/protobuf/GeneratedMessage$Builder.java,mergeFrom
67366ab5-4121-477e-a26c-d2501b464c4e,CommLayer/Messages/AvalancheMessages$Message$Builder.java,mergeFrom,->,67366ab5-4121-477e-a26c-d2501b464c4e,CommLayer/Messages/AvalancheMessages$Message.java,getDefaultInstance
67366ab5-4121-477e-a26c-d2501b464c4e,CommLayer/Messages/AvalancheMessages$Message$Builder.java,mergeFrom,->,67366ab5-4121-477e-a26c-d2501b464c4e,CommLayer/Messages/AvalancheMessages$Message.java,hasSenderId
67366ab5-4121-477e-a26c-d2501b464c4e,CommLayer/Messages/AvalancheMessages$Message$Builder.java,mergeFrom,->,67366ab5-4121-477e-a26c-d2501b464c4e,CommLayer/Messages/AvalancheMessages$Message.java,access$21100
67366ab5-4121-477e-a26c-d2501b464c4e,CommLayer/Messages/AvalancheMessages$Message$Builder.java,mergeFrom,->,67366ab5-4121-477e-a26c-d2501b464c4e,CommLayer/Messages/AvalancheMessages$Message$Builder.java,onChanged
67366ab5-4121-477e-a26c-d2501b464c4e,CommLayer/Messages/AvalancheMessages$Message$Builder.java,mergeFrom,->,67366ab5-4121-477e-a26c-d2501b464c4e,CommLayer/Messages/AvalancheMessages$Message.java,hasMessageType
67366ab5-4121-477e-a26c-d2501b464c4e,CommLayer/Messages/AvalancheMessages$Message$Builder.java,mergeFrom,->,67366ab5-4121-477e-a26c-d2501b464c4e,CommLayer/Messages/AvalancheMessages$Message.java,getMessageType
67366ab5-4121-477e-a26c-d2501b464c4e,CommLayer/Messages/AvalancheMessages$Message$Builder.java,mergeFrom,->,67366ab5-4121-477e-a26c-d2501b464c4e,CommLayer/Messages/AvalancheMessages$Message$Builder.java,setMessageType
67366ab5-4121-477e-a26c-d2501b464c4e,CommLayer/Messages/AvalancheMessages$Message$Builder.java,mergeFrom,->,67366ab5-4121-477e-a26c-d2501b464c4e,CommLayer/Messages/AvalancheMessages$Message.java,hasTaskInitMessage
67366ab5-4121-477e-a26c-d2501b464c4e,CommLayer/Messages/AvalancheMessages$Message$Builder.java,mergeFrom,->,67366ab5-4121-477e-a26c-d2501b464c4e,CommLayer/Messages/AvalancheMessages$Message.java,getTaskInitMessage
67366ab5-4121-477e-a26c-d2501b464c4e,CommLayer/Messages/AvalancheMessages$Message$Builder.java,mergeFrom,->,67366ab5-4121-477e-a26c-d2501b464c4e,CommLayer/Messages/AvalancheMessages$Message$Builder.java,mergeTaskInitMessage
67366ab5-4121-477e-a26c-d2501b464c4e,CommLayer/Messages/AvalancheMessages$Message$Builder.java,mergeFrom,->,67366ab5-4121-477e-a26c-d2501b464c4e,CommLayer/Messages/AvalancheMessages$Message.java,hasTaskStatusMessage
67366ab5-4121-477e-a26c-d2501b464c4e,CommLayer/Messages/AvalancheMessages$Message$Builder.java,mergeFrom,->,67366ab5-4121-477e-a26c-d2501b464c4e,CommLayer/Messages/AvalancheMessages$Message.java,getTaskStatusMessage
67366ab5-4121-477e-a26c-d2501b464c4e,CommLayer/Messages/AvalancheMessages$Message$Builder.java,mergeFrom,->,67366ab5-4121-477e-a26c-d2501b464c4e,CommLayer/Messages/AvalancheMessages$Message$Builder.java,mergeTaskStatusMessage
67366ab5-4121-477e-a26c-d2501b464c4e,CommLayer/Messages/AvalancheMessages$Message$Builder.java,mergeFrom,->,67366ab5-4121-477e-a26c-d2501b464c4e,CommLayer/Messages/AvalancheMessages$Message.java,hasTaskSetStateMessage
67366ab5-4121-477e-a26c-d2501b464c4e,CommLayer/Messages/AvalancheMessages$Message$Builder.java,mergeFrom,->,67366ab5-4121-477e-a26c-d2501b464c4e,CommLayer/Messages/AvalancheMessages$Message.java,getTaskSetStateMessage
67366ab5-4121-477e-a26c-d2501b464c4e,CommLayer/Messages/AvalancheMessages$Message$Builder.java,mergeFrom,->,67366ab5-4121-477e-a26c-d2501b464c4e,CommLayer/Messages/AvalancheMessages$Message$Builder.java,mergeTaskSetStateMessage
67366ab5-4121-477e-a26c-d2501b464c4e,CommLayer/Messages/AvalancheMessages$Message$Builder.java,mergeFrom,->,67366ab5-4121-477e-a26c-d2501b464c4e,CommLayer/Messages/AvalancheMessages$Message.java,hasDataHandlerMessage
67366ab5-4121-477e-a26c-d2501b464c4e,CommLayer/Messages/AvalancheMessages$Message$Builder.java,mergeFrom,->,67366ab5-4121-477e-a26c-d2501b464c4e,CommLayer/Messages/AvalancheMessages$Message.java,getDataHandlerMessage
67366ab5-4121-477e-a26c-d2501b464c4e,CommLayer/Messages/AvalancheMessages$Message$Builder.java,mergeFrom,->,67366ab5-4121-477e-a26c-d2501b464c4e,CommLayer/Messages/AvalancheMessages$Message$Builder.java,mergeDataHandlerMessage
67366ab5-4121-477e-a26c-d2501b464c4e,CommLayer/Messages/AvalancheMessages$Message$Builder.java,mergeFrom,->,67366ab5-4121-477e-a26c-d2501b464c4e,CommLayer/Messages/AvalancheMessages$Message.java,hasDataManagerMessage
67366ab5-4121-477e-a26c-d2501b464c4e,CommLayer/Messages/AvalancheMessages$Message$Builder.java,mergeFrom,->,67366ab5-4121-477e-a26c-d2501b464c4e,CommLayer/Messages/AvalancheMessages$Message.java,getDataManagerMessage
67366ab5-4121-477e-a26c-d2501b464c4e,CommLayer/Messages/AvalancheMessages$Message$Builder.java,mergeFrom,->,67366ab5-4121-477e-a26c-d2501b464c4e,CommLayer/Messages/AvalancheMessages$Message$Builder.java,mergeDataManagerMessage
67366ab5-4121-477e-a26c-d2501b464c4e,CommLayer/Messages/AvalancheMessages$Message$Builder.java,mergeFrom,->,67366ab5-4121-477e-a26c-d2501b464c4e,CommLayer/Messages/AvalancheMessages$Message.java,hasTopologyMessage
67366ab5-4121-477e-a26c-d2501b464c4e,CommLayer/Messages/AvalancheMessages$Message$Builder.java,mergeFrom,->,67366ab5-4121-477e-a26c-d2501b464c4e,CommLayer/Messages/AvalancheMessages$Message.java,getTopologyMessage
67366ab5-4121-477e-a26c-d2501b464c4e,CommLayer/Messages/AvalancheMessages$Message$Builder.java,mergeFrom,->,67366ab5-4121-477e-a26c-d2501b464c4e,CommLayer/Messages/AvalancheMessages$Message$Builder.java,mergeTopologyMessage
67366ab5-4121-477e-a26c-d2501b464c4e,CommLayer/Messages/AvalancheMessages$Message$Builder.java,mergeFrom,->,67366ab5-4121-477e-a26c-d2501b464c4e,CommLayer/Messages/AvalancheMessages$Message.java,hasHeartBeatMessage
67366ab5-4121-477e-a26c-d2501b464c4e,CommLayer/Messages/AvalancheMessages$Message$Builder.java,mergeFrom,->,67366ab5-4121-477e-a26c-d2501b464c4e,CommLayer/Messages/AvalancheMessages$Message.java,getHeartBeatMessage
67366ab5-4121-477e-a26c-d2501b464c4e,CommLayer/Messages/AvalancheMessages$Message$Builder.java,mergeFrom,->,67366ab5-4121-477e-a26c-d2501b464c4e,CommLayer/Messages/AvalancheMessages$Message$Builder.java,mergeHeartBeatMessage
67366ab5-4121-477e-a26c-d2501b464c4e,CommLayer/Messages/AvalancheMessages$Message$Builder.java,mergeFrom,->,67366ab5-4121-477e-a26c-d2501b464c4e,CommLayer/Messages/AvalancheMessages$Message.java,hasTopologyStatusMessage
67366ab5-4121-477e-a26c-d2501b464c4e,CommLayer/Messages/AvalancheMessages$Message$Builder.java,mergeFrom,->,67366ab5-4121-477e-a26c-d2501b464c4e,CommLayer/Messages/AvalancheMessages$Message.java,getTopologyStatusMessage
67366ab5-4121-477e-a26c-d2501b464c4e,CommLayer/Messages/AvalancheMessages$Message$Builder.java,mergeFrom,->,67366ab5-4121-477e-a26c-d2501b464c4e,CommLayer/Messages/AvalancheMessages$Message$Builder.java,mergeTopologyStatusMessage
67366ab5-4121-477e-a26c-d2501b464c4e,CommLayer/Messages/AvalancheMessages$Message$Builder.java,mergeFrom,->,67366ab5-4121-477e-a26c-d2501b464c4e,CommLayer/Messages/AvalancheMessages$Message.java,getUnknownFields
67366ab5-4121-477e-a26c-d2501b464c4e,CommLayer/Messages/AvalancheMessages$Message$Builder.java,mergeFrom,->,67366ab5-4121-477e-a26c-d2501b464c4e,CommLayer/Messages/AvalancheMessages$Message$Builder.java,mergeUnknownFields
67366ab5-4121-477e-a26c-d2501b464c4e,CommLayer/Messages/AvalancheMessages$Message$Builder.java,mergeFrom,->,67366ab5-4121-477e-a26c-d2501b464c4e,com/google/protobuf/Parser.java,parsePartialFrom
67366ab5-4121-477e-a26c-d2501b464c4e,CommLayer/Messages/AvalancheMessages$Message$Builder.java,mergeFrom,->,67366ab5-4121-477e-a26c-d2501b464c4e,CommLayer/Messages/AvalancheMessages$Message$Builder.java,mergeFrom
67366ab5-4121-477e-a26c-d2501b464c4e,CommLayer/Messages/AvalancheMessages$Message$Builder.java,mergeFrom,->,67366ab5-4121-477e-a26c-d2501b464c4e,com/google/protobuf/InvalidProtocolBufferException.java,getUnfinishedMessage
67366ab5-4121-477e-a26c-d2501b464c4e,CommLayer/Messages/AvalancheMessages$Message$Builder.java,mergeFrom,->,67366ab5-4121-477e-a26c-d2501b464c4e,CommLayer/Messages/AvalancheMessages$Message$Builder.java,mergeFrom
67366ab5-4121-477e-a26c-d2501b464c4e,CommLayer/Messages/AvalancheMessages$Message$Builder.java,getSenderId,->,67366ab5-4121-477e-a26c-d2501b464c4e,com/google/protobuf/ByteString.java,toStringUtf8
67366ab5-4121-477e-a26c-d2501b464c4e,CommLayer/Messages/AvalancheMessages$Message$Builder.java,getSenderIdBytes,->,67366ab5-4121-477e-a26c-d2501b464c4e,com/google/protobuf/ByteString.java,copyFromUtf8
67366ab5-4121-477e-a26c-d2501b464c4e,CommLayer/Messages/AvalancheMessages$Message$Builder.java,setSenderId,->,67366ab5-4121-477e-a26c-d2501b464c4e,CommLayer/Messages/AvalancheMessages$Message$Builder.java,onChanged
67366ab5-4121-477e-a26c-d2501b464c4e,CommLayer/Messages/AvalancheMessages$Message$Builder.java,clearSenderId,->,67366ab5-4121-477e-a26c-d2501b464c4e,CommLayer/Messages/AvalancheMessages$Message.java,getDefaultInstance
67366ab5-4121-477e-a26c-d2501b464c4e,CommLayer/Messages/AvalancheMessages$Message$Builder.java,clearSenderId,->,67366ab5-4121-477e-a26c-d2501b464c4e,CommLayer/Messages/AvalancheMessages$Message.java,getSenderId
67366ab5-4121-477e-a26c-d2501b464c4e,CommLayer/Messages/AvalancheMessages$Message$Builder.java,clearSenderId,->,67366ab5-4121-477e-a26c-d2501b464c4e,CommLayer/Messages/AvalancheMessages$Message$Builder.java,onChanged
67366ab5-4121-477e-a26c-d2501b464c4e,CommLayer/Messages/AvalancheMessages$Message$Builder.java,setSenderIdBytes,->,67366ab5-4121-477e-a26c-d2501b464c4e,CommLayer/Messages/AvalancheMessages$Message$Builder.java,onChanged
67366ab5-4121-477e-a26c-d2501b464c4e,CommLayer/Messages/AvalancheMessages$Message$Builder.java,setMessageType,->,67366ab5-4121-477e-a26c-d2501b464c4e,CommLayer/Messages/AvalancheMessages$Message$Builder.java,onChanged
67366ab5-4121-477e-a26c-d2501b464c4e,CommLayer/Messages/AvalancheMessages$Message$Builder.java,clearMessageType,->,67366ab5-4121-477e-a26c-d2501b464c4e,CommLayer/Messages/AvalancheMessages$Message$Builder.java,onChanged
67366ab5-4121-477e-a26c-d2501b464c4e,CommLayer/Messages/AvalancheMessages$Message$Builder.java,getTaskInitMessage,->,67366ab5-4121-477e-a26c-d2501b464c4e,com/google/protobuf/SingleFieldBuilder.java,getMessage
67366ab5-4121-477e-a26c-d2501b464c4e,CommLayer/Messages/AvalancheMessages$Message$Builder.java,setTaskInitMessage,->,67366ab5-4121-477e-a26c-d2501b464c4e,CommLayer/Messages/AvalancheMessages$Message$Builder.java,onChanged
67366ab5-4121-477e-a26c-d2501b464c4e,CommLayer/Messages/AvalancheMessages$Message$Builder.java,setTaskInitMessage,->,67366ab5-4121-477e-a26c-d2501b464c4e,com/google/protobuf/SingleFieldBuilder.java,setMessage
67366ab5-4121-477e-a26c-d2501b464c4e,CommLayer/Messages/AvalancheMessages$Message$Builder.java,setTaskInitMessage,->,67366ab5-4121-477e-a26c-d2501b464c4e,CommLayer/Messages/AvalancheMessages$Message$TaskInitMessage$Builder.java,build
67366ab5-4121-477e-a26c-d2501b464c4e,CommLayer/Messages/AvalancheMessages$Message$Builder.java,setTaskInitMessage,->,67366ab5-4121-477e-a26c-d2501b464c4e,CommLayer/Messages/AvalancheMessages$Message$Builder.java,onChanged
67366ab5-4121-477e-a26c-d2501b464c4e,CommLayer/Messages/AvalancheMessages$Message$Builder.java,setTaskInitMessage,->,67366ab5-4121-477e-a26c-d2501b464c4e,CommLayer/Messages/AvalancheMessages$Message$TaskInitMessage$Builder.java,build
67366ab5-4121-477e-a26c-d2501b464c4e,CommLayer/Messages/AvalancheMessages$Message$Builder.java,setTaskInitMessage,->,67366ab5-4121-477e-a26c-d2501b464c4e,com/google/protobuf/SingleFieldBuilder.java,setMessage
67366ab5-4121-477e-a26c-d2501b464c4e,CommLayer/Messages/AvalancheMessages$Message$Builder.java,mergeTaskInitMessage,->,67366ab5-4121-477e-a26c-d2501b464c4e,CommLayer/Messages/AvalancheMessages$Message$TaskInitMessage.java,getDefaultInstance
67366ab5-4121-477e-a26c-d2501b464c4e,CommLayer/Messages/AvalancheMessages$Message$Builder.java,mergeTaskInitMessage,->,67366ab5-4121-477e-a26c-d2501b464c4e,CommLayer/Messages/AvalancheMessages$Message$TaskInitMessage.java,newBuilder
67366ab5-4121-477e-a26c-d2501b464c4e,CommLayer/Messages/AvalancheMessages$Message$Builder.java,mergeTaskInitMessage,->,67366ab5-4121-477e-a26c-d2501b464c4e,CommLayer/Messages/AvalancheMessages$Message$TaskInitMessage$Builder.java,mergeFrom
67366ab5-4121-477e-a26c-d2501b464c4e,CommLayer/Messages/AvalancheMessages$Message$Builder.java,mergeTaskInitMessage,->,67366ab5-4121-477e-a26c-d2501b464c4e,CommLayer/Messages/AvalancheMessages$Message$TaskInitMessage$Builder.java,buildPartial
67366ab5-4121-477e-a26c-d2501b464c4e,CommLayer/Messages/AvalancheMessages$Message$Builder.java,mergeTaskInitMessage,->,67366ab5-4121-477e-a26c-d2501b464c4e,CommLayer/Messages/AvalancheMessages$Message$Builder.java,onChanged
67366ab5-4121-477e-a26c-d2501b464c4e,CommLayer/Messages/AvalancheMessages$Message$Builder.java,mergeTaskInitMessage,->,67366ab5-4121-477e-a26c-d2501b464c4e,com/google/protobuf/SingleFieldBuilder.java,mergeFrom
67366ab5-4121-477e-a26c-d2501b464c4e,CommLayer/Messages/AvalancheMessages$Message$Builder.java,clearTaskInitMessage,->,67366ab5-4121-477e-a26c-d2501b464c4e,CommLayer/Messages/AvalancheMessages$Message$TaskInitMessage.java,getDefaultInstance
67366ab5-4121-477e-a26c-d2501b464c4e,CommLayer/Messages/AvalancheMessages$Message$Builder.java,clearTaskInitMessage,->,67366ab5-4121-477e-a26c-d2501b464c4e,CommLayer/Messages/AvalancheMessages$Message$Builder.java,onChanged
67366ab5-4121-477e-a26c-d2501b464c4e,CommLayer/Messages/AvalancheMessages$Message$Builder.java,clearTaskInitMessage,->,67366ab5-4121-477e-a26c-d2501b464c4e,com/google/protobuf/SingleFieldBuilder.java,clear
67366ab5-4121-477e-a26c-d2501b464c4e,CommLayer/Messages/AvalancheMessages$Message$Builder.java,getTaskInitMessageBuilder,->,67366ab5-4121-477e-a26c-d2501b464c4e,CommLayer/Messages/AvalancheMessages$Message$Builder.java,onChanged
67366ab5-4121-477e-a26c-d2501b464c4e,CommLayer/Messages/AvalancheMessages$Message$Builder.java,getTaskInitMessageBuilder,->,67366ab5-4121-477e-a26c-d2501b464c4e,CommLayer/Messages/AvalancheMessages$Message$Builder.java,getTaskInitMessageFieldBuilder
67366ab5-4121-477e-a26c-d2501b464c4e,CommLayer/Messages/AvalancheMessages$Message$Builder.java,getTaskInitMessageBuilder,->,67366ab5-4121-477e-a26c-d2501b464c4e,com/google/protobuf/SingleFieldBuilder.java,getBuilder
67366ab5-4121-477e-a26c-d2501b464c4e,CommLayer/Messages/AvalancheMessages$Message$Builder.java,getTaskInitMessageOrBuilder,->,67366ab5-4121-477e-a26c-d2501b464c4e,com/google/protobuf/SingleFieldBuilder.java,getMessageOrBuilder
67366ab5-4121-477e-a26c-d2501b464c4e,CommLayer/Messages/AvalancheMessages$Message$Builder.java,getTaskInitMessageFieldBuilder,->,67366ab5-4121-477e-a26c-d2501b464c4e,CommLayer/Messages/AvalancheMessages$Message$Builder.java,getParentForChildren
67366ab5-4121-477e-a26c-d2501b464c4e,CommLayer/Messages/AvalancheMessages$Message$Builder.java,getTaskInitMessageFieldBuilder,->,67366ab5-4121-477e-a26c-d2501b464c4e,CommLayer/Messages/AvalancheMessages$Message$Builder.java,isClean
67366ab5-4121-477e-a26c-d2501b464c4e,CommLayer/Messages/AvalancheMessages$Message$Builder.java,getTaskStatusMessage,->,67366ab5-4121-477e-a26c-d2501b464c4e,com/google/protobuf/SingleFieldBuilder.java,getMessage
67366ab5-4121-477e-a26c-d2501b464c4e,CommLayer/Messages/AvalancheMessages$Message$Builder.java,setTaskStatusMessage,->,67366ab5-4121-477e-a26c-d2501b464c4e,CommLayer/Messages/AvalancheMessages$Message$Builder.java,onChanged
67366ab5-4121-477e-a26c-d2501b464c4e,CommLayer/Messages/AvalancheMessages$Message$Builder.java,setTaskStatusMessage,->,67366ab5-4121-477e-a26c-d2501b464c4e,com/google/protobuf/SingleFieldBuilder.java,setMessage
67366ab5-4121-477e-a26c-d2501b464c4e,CommLayer/Messages/AvalancheMessages$Message$Builder.java,setTaskStatusMessage,->,67366ab5-4121-477e-a26c-d2501b464c4e,CommLayer/Messages/AvalancheMessages$Message$TaskStatusMessage$Builder.java,build
67366ab5-4121-477e-a26c-d2501b464c4e,CommLayer/Messages/AvalancheMessages$Message$Builder.java,setTaskStatusMessage,->,67366ab5-4121-477e-a26c-d2501b464c4e,CommLayer/Messages/AvalancheMessages$Message$Builder.java,onChanged
67366ab5-4121-477e-a26c-d2501b464c4e,CommLayer/Messages/AvalancheMessages$Message$Builder.java,setTaskStatusMessage,->,67366ab5-4121-477e-a26c-d2501b464c4e,CommLayer/Messages/AvalancheMessages$Message$TaskStatusMessage$Builder.java,build
67366ab5-4121-477e-a26c-d2501b464c4e,CommLayer/Messages/AvalancheMessages$Message$Builder.java,setTaskStatusMessage,->,67366ab5-4121-477e-a26c-d2501b464c4e,com/google/protobuf/SingleFieldBuilder.java,setMessage
67366ab5-4121-477e-a26c-d2501b464c4e,CommLayer/Messages/AvalancheMessages$Message$Builder.java,mergeTaskStatusMessage,->,67366ab5-4121-477e-a26c-d2501b464c4e,CommLayer/Messages/AvalancheMessages$Message$TaskStatusMessage.java,getDefaultInstance
67366ab5-4121-477e-a26c-d2501b464c4e,CommLayer/Messages/AvalancheMessages$Message$Builder.java,mergeTaskStatusMessage,->,67366ab5-4121-477e-a26c-d2501b464c4e,CommLayer/Messages/AvalancheMessages$Message$TaskStatusMessage.java,newBuilder
67366ab5-4121-477e-a26c-d2501b464c4e,CommLayer/Messages/AvalancheMessages$Message$Builder.java,mergeTaskStatusMessage,->,67366ab5-4121-477e-a26c-d2501b464c4e,CommLayer/Messages/AvalancheMessages$Message$TaskStatusMessage$Builder.java,mergeFrom
67366ab5-4121-477e-a26c-d2501b464c4e,CommLayer/Messages/AvalancheMessages$Message$Builder.java,mergeTaskStatusMessage,->,67366ab5-4121-477e-a26c-d2501b464c4e,CommLayer/Messages/AvalancheMessages$Message$TaskStatusMessage$Builder.java,buildPartial
67366ab5-4121-477e-a26c-d2501b464c4e,CommLayer/Messages/AvalancheMessages$Message$Builder.java,mergeTaskStatusMessage,->,67366ab5-4121-477e-a26c-d2501b464c4e,CommLayer/Messages/AvalancheMessages$Message$Builder.java,onChanged
67366ab5-4121-477e-a26c-d2501b464c4e,CommLayer/Messages/AvalancheMessages$Message$Builder.java,mergeTaskStatusMessage,->,67366ab5-4121-477e-a26c-d2501b464c4e,com/google/protobuf/SingleFieldBuilder.java,mergeFrom
67366ab5-4121-477e-a26c-d2501b464c4e,CommLayer/Messages/AvalancheMessages$Message$Builder.java,clearTaskStatusMessage,->,67366ab5-4121-477e-a26c-d2501b464c4e,CommLayer/Messages/AvalancheMessages$Message$TaskStatusMessage.java,getDefaultInstance
67366ab5-4121-477e-a26c-d2501b464c4e,CommLayer/Messages/AvalancheMessages$Message$Builder.java,clearTaskStatusMessage,->,67366ab5-4121-477e-a26c-d2501b464c4e,CommLayer/Messages/AvalancheMessages$Message$Builder.java,onChanged
67366ab5-4121-477e-a26c-d2501b464c4e,CommLayer/Messages/AvalancheMessages$Message$Builder.java,clearTaskStatusMessage,->,67366ab5-4121-477e-a26c-d2501b464c4e,com/google/protobuf/SingleFieldBuilder.java,clear
67366ab5-4121-477e-a26c-d2501b464c4e,CommLayer/Messages/AvalancheMessages$Message$Builder.java,getTaskStatusMessageBuilder,->,67366ab5-4121-477e-a26c-d2501b464c4e,CommLayer/Messages/AvalancheMessages$Message$Builder.java,onChanged
67366ab5-4121-477e-a26c-d2501b464c4e,CommLayer/Messages/AvalancheMessages$Message$Builder.java,getTaskStatusMessageBuilder,->,67366ab5-4121-477e-a26c-d2501b464c4e,CommLayer/Messages/AvalancheMessages$Message$Builder.java,getTaskStatusMessageFieldBuilder
67366ab5-4121-477e-a26c-d2501b464c4e,CommLayer/Messages/AvalancheMessages$Message$Builder.java,getTaskStatusMessageBuilder,->,67366ab5-4121-477e-a26c-d2501b464c4e,com/google/protobuf/SingleFieldBuilder.java,getBuilder
67366ab5-4121-477e-a26c-d2501b464c4e,CommLayer/Messages/AvalancheMessages$Message$Builder.java,getTaskStatusMessageOrBuilder,->,67366ab5-4121-477e-a26c-d2501b464c4e,com/google/protobuf/SingleFieldBuilder.java,getMessageOrBuilder
67366ab5-4121-477e-a26c-d2501b464c4e,CommLayer/Messages/AvalancheMessages$Message$Builder.java,getTaskStatusMessageFieldBuilder,->,67366ab5-4121-477e-a26c-d2501b464c4e,CommLayer/Messages/AvalancheMessages$Message$Builder.java,getParentForChildren
67366ab5-4121-477e-a26c-d2501b464c4e,CommLayer/Messages/AvalancheMessages$Message$Builder.java,getTaskStatusMessageFieldBuilder,->,67366ab5-4121-477e-a26c-d2501b464c4e,CommLayer/Messages/AvalancheMessages$Message$Builder.java,isClean
67366ab5-4121-477e-a26c-d2501b464c4e,CommLayer/Messages/AvalancheMessages$Message$Builder.java,getTaskSetStateMessage,->,67366ab5-4121-477e-a26c-d2501b464c4e,com/google/protobuf/SingleFieldBuilder.java,getMessage
67366ab5-4121-477e-a26c-d2501b464c4e,CommLayer/Messages/AvalancheMessages$Message$Builder.java,setTaskSetStateMessage,->,67366ab5-4121-477e-a26c-d2501b464c4e,CommLayer/Messages/AvalancheMessages$Message$Builder.java,onChanged
67366ab5-4121-477e-a26c-d2501b464c4e,CommLayer/Messages/AvalancheMessages$Message$Builder.java,setTaskSetStateMessage,->,67366ab5-4121-477e-a26c-d2501b464c4e,com/google/protobuf/SingleFieldBuilder.java,setMessage
67366ab5-4121-477e-a26c-d2501b464c4e,CommLayer/Messages/AvalancheMessages$Message$Builder.java,setTaskSetStateMessage,->,67366ab5-4121-477e-a26c-d2501b464c4e,CommLayer/Messages/AvalancheMessages$Message$TaskSetStateMessage$Builder.java,build
67366ab5-4121-477e-a26c-d2501b464c4e,CommLayer/Messages/AvalancheMessages$Message$Builder.java,setTaskSetStateMessage,->,67366ab5-4121-477e-a26c-d2501b464c4e,CommLayer/Messages/AvalancheMessages$Message$Builder.java,onChanged
67366ab5-4121-477e-a26c-d2501b464c4e,CommLayer/Messages/AvalancheMessages$Message$Builder.java,setTaskSetStateMessage,->,67366ab5-4121-477e-a26c-d2501b464c4e,CommLayer/Messages/AvalancheMessages$Message$TaskSetStateMessage$Builder.java,build
67366ab5-4121-477e-a26c-d2501b464c4e,CommLayer/Messages/AvalancheMessages$Message$Builder.java,setTaskSetStateMessage,->,67366ab5-4121-477e-a26c-d2501b464c4e,com/google/protobuf/SingleFieldBuilder.java,setMessage
67366ab5-4121-477e-a26c-d2501b464c4e,CommLayer/Messages/AvalancheMessages$Message$Builder.java,mergeTaskSetStateMessage,->,67366ab5-4121-477e-a26c-d2501b464c4e,CommLayer/Messages/AvalancheMessages$Message$TaskSetStateMessage.java,getDefaultInstance
67366ab5-4121-477e-a26c-d2501b464c4e,CommLayer/Messages/AvalancheMessages$Message$Builder.java,mergeTaskSetStateMessage,->,67366ab5-4121-477e-a26c-d2501b464c4e,CommLayer/Messages/AvalancheMessages$Message$TaskSetStateMessage.java,newBuilder
67366ab5-4121-477e-a26c-d2501b464c4e,CommLayer/Messages/AvalancheMessages$Message$Builder.java,mergeTaskSetStateMessage,->,67366ab5-4121-477e-a26c-d2501b464c4e,CommLayer/Messages/AvalancheMessages$Message$TaskSetStateMessage$Builder.java,mergeFrom
67366ab5-4121-477e-a26c-d2501b464c4e,CommLayer/Messages/AvalancheMessages$Message$Builder.java,mergeTaskSetStateMessage,->,67366ab5-4121-477e-a26c-d2501b464c4e,CommLayer/Messages/AvalancheMessages$Message$TaskSetStateMessage$Builder.java,buildPartial
67366ab5-4121-477e-a26c-d2501b464c4e,CommLayer/Messages/AvalancheMessages$Message$Builder.java,mergeTaskSetStateMessage,->,67366ab5-4121-477e-a26c-d2501b464c4e,CommLayer/Messages/AvalancheMessages$Message$Builder.java,onChanged
67366ab5-4121-477e-a26c-d2501b464c4e,CommLayer/Messages/AvalancheMessages$Message$Builder.java,mergeTaskSetStateMessage,->,67366ab5-4121-477e-a26c-d2501b464c4e,com/google/protobuf/SingleFieldBuilder.java,mergeFrom
67366ab5-4121-477e-a26c-d2501b464c4e,CommLayer/Messages/AvalancheMessages$Message$Builder.java,clearTaskSetStateMessage,->,67366ab5-4121-477e-a26c-d2501b464c4e,CommLayer/Messages/AvalancheMessages$Message$TaskSetStateMessage.java,getDefaultInstance
67366ab5-4121-477e-a26c-d2501b464c4e,CommLayer/Messages/AvalancheMessages$Message$Builder.java,clearTaskSetStateMessage,->,67366ab5-4121-477e-a26c-d2501b464c4e,CommLayer/Messages/AvalancheMessages$Message$Builder.java,onChanged
67366ab5-4121-477e-a26c-d2501b464c4e,CommLayer/Messages/AvalancheMessages$Message$Builder.java,clearTaskSetStateMessage,->,67366ab5-4121-477e-a26c-d2501b464c4e,com/google/protobuf/SingleFieldBuilder.java,clear
67366ab5-4121-477e-a26c-d2501b464c4e,CommLayer/Messages/AvalancheMessages$Message$Builder.java,getTaskSetStateMessageBuilder,->,67366ab5-4121-477e-a26c-d2501b464c4e,CommLayer/Messages/AvalancheMessages$Message$Builder.java,onChanged
67366ab5-4121-477e-a26c-d2501b464c4e,CommLayer/Messages/AvalancheMessages$Message$Builder.java,getTaskSetStateMessageBuilder,->,67366ab5-4121-477e-a26c-d2501b464c4e,CommLayer/Messages/AvalancheMessages$Message$Builder.java,getTaskSetStateMessageFieldBuilder
67366ab5-4121-477e-a26c-d2501b464c4e,CommLayer/Messages/AvalancheMessages$Message$Builder.java,getTaskSetStateMessageBuilder,->,67366ab5-4121-477e-a26c-d2501b464c4e,com/google/protobuf/SingleFieldBuilder.java,getBuilder
67366ab5-4121-477e-a26c-d2501b464c4e,CommLayer/Messages/AvalancheMessages$Message$Builder.java,getTaskSetStateMessageOrBuilder,->,67366ab5-4121-477e-a26c-d2501b464c4e,com/google/protobuf/SingleFieldBuilder.java,getMessageOrBuilder
67366ab5-4121-477e-a26c-d2501b464c4e,CommLayer/Messages/AvalancheMessages$Message$Builder.java,getTaskSetStateMessageFieldBuilder,->,67366ab5-4121-477e-a26c-d2501b464c4e,CommLayer/Messages/AvalancheMessages$Message$Builder.java,getParentForChildren
67366ab5-4121-477e-a26c-d2501b464c4e,CommLayer/Messages/AvalancheMessages$Message$Builder.java,getTaskSetStateMessageFieldBuilder,->,67366ab5-4121-477e-a26c-d2501b464c4e,CommLayer/Messages/AvalancheMessages$Message$Builder.java,isClean
67366ab5-4121-477e-a26c-d2501b464c4e,CommLayer/Messages/AvalancheMessages$Message$Builder.java,getDataHandlerMessage,->,67366ab5-4121-477e-a26c-d2501b464c4e,com/google/protobuf/SingleFieldBuilder.java,getMessage
67366ab5-4121-477e-a26c-d2501b464c4e,CommLayer/Messages/AvalancheMessages$Message$Builder.java,setDataHandlerMessage,->,67366ab5-4121-477e-a26c-d2501b464c4e,CommLayer/Messages/AvalancheMessages$Message$Builder.java,onChanged
67366ab5-4121-477e-a26c-d2501b464c4e,CommLayer/Messages/AvalancheMessages$Message$Builder.java,setDataHandlerMessage,->,67366ab5-4121-477e-a26c-d2501b464c4e,com/google/protobuf/SingleFieldBuilder.java,setMessage
67366ab5-4121-477e-a26c-d2501b464c4e,CommLayer/Messages/AvalancheMessages$Message$Builder.java,setDataHandlerMessage,->,67366ab5-4121-477e-a26c-d2501b464c4e,CommLayer/Messages/AvalancheMessages$Message$DataHandlerMessage$Builder.java,build
67366ab5-4121-477e-a26c-d2501b464c4e,CommLayer/Messages/AvalancheMessages$Message$Builder.java,setDataHandlerMessage,->,67366ab5-4121-477e-a26c-d2501b464c4e,CommLayer/Messages/AvalancheMessages$Message$Builder.java,onChanged
67366ab5-4121-477e-a26c-d2501b464c4e,CommLayer/Messages/AvalancheMessages$Message$Builder.java,setDataHandlerMessage,->,67366ab5-4121-477e-a26c-d2501b464c4e,CommLayer/Messages/AvalancheMessages$Message$DataHandlerMessage$Builder.java,build
67366ab5-4121-477e-a26c-d2501b464c4e,CommLayer/Messages/AvalancheMessages$Message$Builder.java,setDataHandlerMessage,->,67366ab5-4121-477e-a26c-d2501b464c4e,com/google/protobuf/SingleFieldBuilder.java,setMessage
67366ab5-4121-477e-a26c-d2501b464c4e,CommLayer/Messages/AvalancheMessages$Message$Builder.java,mergeDataHandlerMessage,->,67366ab5-4121-477e-a26c-d2501b464c4e,CommLayer/Messages/AvalancheMessages$Message$DataHandlerMessage.java,getDefaultInstance
67366ab5-4121-477e-a26c-d2501b464c4e,CommLayer/Messages/AvalancheMessages$Message$Builder.java,mergeDataHandlerMessage,->,67366ab5-4121-477e-a26c-d2501b464c4e,CommLayer/Messages/AvalancheMessages$Message$DataHandlerMessage.java,newBuilder
67366ab5-4121-477e-a26c-d2501b464c4e,CommLayer/Messages/AvalancheMessages$Message$Builder.java,mergeDataHandlerMessage,->,67366ab5-4121-477e-a26c-d2501b464c4e,CommLayer/Messages/AvalancheMessages$Message$DataHandlerMessage$Builder.java,mergeFrom
67366ab5-4121-477e-a26c-d2501b464c4e,CommLayer/Messages/AvalancheMessages$Message$Builder.java,mergeDataHandlerMessage,->,67366ab5-4121-477e-a26c-d2501b464c4e,CommLayer/Messages/AvalancheMessages$Message$DataHandlerMessage$Builder.java,buildPartial
67366ab5-4121-477e-a26c-d2501b464c4e,CommLayer/Messages/AvalancheMessages$Message$Builder.java,mergeDataHandlerMessage,->,67366ab5-4121-477e-a26c-d2501b464c4e,CommLayer/Messages/AvalancheMessages$Message$Builder.java,onChanged
67366ab5-4121-477e-a26c-d2501b464c4e,CommLayer/Messages/AvalancheMessages$Message$Builder.java,mergeDataHandlerMessage,->,67366ab5-4121-477e-a26c-d2501b464c4e,com/google/protobuf/SingleFieldBuilder.java,mergeFrom
67366ab5-4121-477e-a26c-d2501b464c4e,CommLayer/Messages/AvalancheMessages$Message$Builder.java,clearDataHandlerMessage,->,67366ab5-4121-477e-a26c-d2501b464c4e,CommLayer/Messages/AvalancheMessages$Message$DataHandlerMessage.java,getDefaultInstance
67366ab5-4121-477e-a26c-d2501b464c4e,CommLayer/Messages/AvalancheMessages$Message$Builder.java,clearDataHandlerMessage,->,67366ab5-4121-477e-a26c-d2501b464c4e,CommLayer/Messages/AvalancheMessages$Message$Builder.java,onChanged
67366ab5-4121-477e-a26c-d2501b464c4e,CommLayer/Messages/AvalancheMessages$Message$Builder.java,clearDataHandlerMessage,->,67366ab5-4121-477e-a26c-d2501b464c4e,com/google/protobuf/SingleFieldBuilder.java,clear
67366ab5-4121-477e-a26c-d2501b464c4e,CommLayer/Messages/AvalancheMessages$Message$Builder.java,getDataHandlerMessageBuilder,->,67366ab5-4121-477e-a26c-d2501b464c4e,CommLayer/Messages/AvalancheMessages$Message$Builder.java,onChanged
67366ab5-4121-477e-a26c-d2501b464c4e,CommLayer/Messages/AvalancheMessages$Message$Builder.java,getDataHandlerMessageBuilder,->,67366ab5-4121-477e-a26c-d2501b464c4e,CommLayer/Messages/AvalancheMessages$Message$Builder.java,getDataHandlerMessageFieldBuilder
67366ab5-4121-477e-a26c-d2501b464c4e,CommLayer/Messages/AvalancheMessages$Message$Builder.java,getDataHandlerMessageBuilder,->,67366ab5-4121-477e-a26c-d2501b464c4e,com/google/protobuf/SingleFieldBuilder.java,getBuilder
67366ab5-4121-477e-a26c-d2501b464c4e,CommLayer/Messages/AvalancheMessages$Message$Builder.java,getDataHandlerMessageOrBuilder,->,67366ab5-4121-477e-a26c-d2501b464c4e,com/google/protobuf/SingleFieldBuilder.java,getMessageOrBuilder
67366ab5-4121-477e-a26c-d2501b464c4e,CommLayer/Messages/AvalancheMessages$Message$Builder.java,getDataHandlerMessageFieldBuilder,->,67366ab5-4121-477e-a26c-d2501b464c4e,CommLayer/Messages/AvalancheMessages$Message$Builder.java,getParentForChildren
67366ab5-4121-477e-a26c-d2501b464c4e,CommLayer/Messages/AvalancheMessages$Message$Builder.java,getDataHandlerMessageFieldBuilder,->,67366ab5-4121-477e-a26c-d2501b464c4e,CommLayer/Messages/AvalancheMessages$Message$Builder.java,isClean
67366ab5-4121-477e-a26c-d2501b464c4e,CommLayer/Messages/AvalancheMessages$Message$Builder.java,getDataManagerMessage,->,67366ab5-4121-477e-a26c-d2501b464c4e,com/google/protobuf/SingleFieldBuilder.java,getMessage
67366ab5-4121-477e-a26c-d2501b464c4e,CommLayer/Messages/AvalancheMessages$Message$Builder.java,setDataManagerMessage,->,67366ab5-4121-477e-a26c-d2501b464c4e,CommLayer/Messages/AvalancheMessages$Message$Builder.java,onChanged
67366ab5-4121-477e-a26c-d2501b464c4e,CommLayer/Messages/AvalancheMessages$Message$Builder.java,setDataManagerMessage,->,67366ab5-4121-477e-a26c-d2501b464c4e,com/google/protobuf/SingleFieldBuilder.java,setMessage
67366ab5-4121-477e-a26c-d2501b464c4e,CommLayer/Messages/AvalancheMessages$Message$Builder.java,setDataManagerMessage,->,67366ab5-4121-477e-a26c-d2501b464c4e,CommLayer/Messages/AvalancheMessages$Message$DataManagerMessage$Builder.java,build
67366ab5-4121-477e-a26c-d2501b464c4e,CommLayer/Messages/AvalancheMessages$Message$Builder.java,setDataManagerMessage,->,67366ab5-4121-477e-a26c-d2501b464c4e,CommLayer/Messages/AvalancheMessages$Message$Builder.java,onChanged
67366ab5-4121-477e-a26c-d2501b464c4e,CommLayer/Messages/AvalancheMessages$Message$Builder.java,setDataManagerMessage,->,67366ab5-4121-477e-a26c-d2501b464c4e,CommLayer/Messages/AvalancheMessages$Message$DataManagerMessage$Builder.java,build
67366ab5-4121-477e-a26c-d2501b464c4e,CommLayer/Messages/AvalancheMessages$Message$Builder.java,setDataManagerMessage,->,67366ab5-4121-477e-a26c-d2501b464c4e,com/google/protobuf/SingleFieldBuilder.java,setMessage
67366ab5-4121-477e-a26c-d2501b464c4e,CommLayer/Messages/AvalancheMessages$Message$Builder.java,mergeDataManagerMessage,->,67366ab5-4121-477e-a26c-d2501b464c4e,CommLayer/Messages/AvalancheMessages$Message$DataManagerMessage.java,getDefaultInstance
67366ab5-4121-477e-a26c-d2501b464c4e,CommLayer/Messages/AvalancheMessages$Message$Builder.java,mergeDataManagerMessage,->,67366ab5-4121-477e-a26c-d2501b464c4e,CommLayer/Messages/AvalancheMessages$Message$DataManagerMessage.java,newBuilder
67366ab5-4121-477e-a26c-d2501b464c4e,CommLayer/Messages/AvalancheMessages$Message$Builder.java,mergeDataManagerMessage,->,67366ab5-4121-477e-a26c-d2501b464c4e,CommLayer/Messages/AvalancheMessages$Message$DataManagerMessage$Builder.java,mergeFrom
67366ab5-4121-477e-a26c-d2501b464c4e,CommLayer/Messages/AvalancheMessages$Message$Builder.java,mergeDataManagerMessage,->,67366ab5-4121-477e-a26c-d2501b464c4e,CommLayer/Messages/AvalancheMessages$Message$DataManagerMessage$Builder.java,buildPartial
67366ab5-4121-477e-a26c-d2501b464c4e,CommLayer/Messages/AvalancheMessages$Message$Builder.java,mergeDataManagerMessage,->,67366ab5-4121-477e-a26c-d2501b464c4e,CommLayer/Messages/AvalancheMessages$Message$Builder.java,onChanged
67366ab5-4121-477e-a26c-d2501b464c4e,CommLayer/Messages/AvalancheMessages$Message$Builder.java,mergeDataManagerMessage,->,67366ab5-4121-477e-a26c-d2501b464c4e,com/google/protobuf/SingleFieldBuilder.java,mergeFrom
67366ab5-4121-477e-a26c-d2501b464c4e,CommLayer/Messages/AvalancheMessages$Message$Builder.java,clearDataManagerMessage,->,67366ab5-4121-477e-a26c-d2501b464c4e,CommLayer/Messages/AvalancheMessages$Message$DataManagerMessage.java,getDefaultInstance
67366ab5-4121-477e-a26c-d2501b464c4e,CommLayer/Messages/AvalancheMessages$Message$Builder.java,clearDataManagerMessage,->,67366ab5-4121-477e-a26c-d2501b464c4e,CommLayer/Messages/AvalancheMessages$Message$Builder.java,onChanged
67366ab5-4121-477e-a26c-d2501b464c4e,CommLayer/Messages/AvalancheMessages$Message$Builder.java,clearDataManagerMessage,->,67366ab5-4121-477e-a26c-d2501b464c4e,com/google/protobuf/SingleFieldBuilder.java,clear
67366ab5-4121-477e-a26c-d2501b464c4e,CommLayer/Messages/AvalancheMessages$Message$Builder.java,getDataManagerMessageBuilder,->,67366ab5-4121-477e-a26c-d2501b464c4e,CommLayer/Messages/AvalancheMessages$Message$Builder.java,onChanged
67366ab5-4121-477e-a26c-d2501b464c4e,CommLayer/Messages/AvalancheMessages$Message$Builder.java,getDataManagerMessageBuilder,->,67366ab5-4121-477e-a26c-d2501b464c4e,CommLayer/Messages/AvalancheMessages$Message$Builder.java,getDataManagerMessageFieldBuilder
67366ab5-4121-477e-a26c-d2501b464c4e,CommLayer/Messages/AvalancheMessages$Message$Builder.java,getDataManagerMessageBuilder,->,67366ab5-4121-477e-a26c-d2501b464c4e,com/google/protobuf/SingleFieldBuilder.java,getBuilder
67366ab5-4121-477e-a26c-d2501b464c4e,CommLayer/Messages/AvalancheMessages$Message$Builder.java,getDataManagerMessageOrBuilder,->,67366ab5-4121-477e-a26c-d2501b464c4e,com/google/protobuf/SingleFieldBuilder.java,getMessageOrBuilder
67366ab5-4121-477e-a26c-d2501b464c4e,CommLayer/Messages/AvalancheMessages$Message$Builder.java,getDataManagerMessageFieldBuilder,->,67366ab5-4121-477e-a26c-d2501b464c4e,CommLayer/Messages/AvalancheMessages$Message$Builder.java,getParentForChildren
67366ab5-4121-477e-a26c-d2501b464c4e,CommLayer/Messages/AvalancheMessages$Message$Builder.java,getDataManagerMessageFieldBuilder,->,67366ab5-4121-477e-a26c-d2501b464c4e,CommLayer/Messages/AvalancheMessages$Message$Builder.java,isClean
67366ab5-4121-477e-a26c-d2501b464c4e,CommLayer/Messages/AvalancheMessages$Message$Builder.java,getTopologyMessage,->,67366ab5-4121-477e-a26c-d2501b464c4e,com/google/protobuf/SingleFieldBuilder.java,getMessage
67366ab5-4121-477e-a26c-d2501b464c4e,CommLayer/Messages/AvalancheMessages$Message$Builder.java,setTopologyMessage,->,67366ab5-4121-477e-a26c-d2501b464c4e,CommLayer/Messages/AvalancheMessages$Message$Builder.java,onChanged
67366ab5-4121-477e-a26c-d2501b464c4e,CommLayer/Messages/AvalancheMessages$Message$Builder.java,setTopologyMessage,->,67366ab5-4121-477e-a26c-d2501b464c4e,com/google/protobuf/SingleFieldBuilder.java,setMessage
67366ab5-4121-477e-a26c-d2501b464c4e,CommLayer/Messages/AvalancheMessages$Message$Builder.java,setTopologyMessage,->,67366ab5-4121-477e-a26c-d2501b464c4e,CommLayer/Messages/AvalancheMessages$Message$TopologyMessage$Builder.java,build
67366ab5-4121-477e-a26c-d2501b464c4e,CommLayer/Messages/AvalancheMessages$Message$Builder.java,setTopologyMessage,->,67366ab5-4121-477e-a26c-d2501b464c4e,CommLayer/Messages/AvalancheMessages$Message$Builder.java,onChanged
67366ab5-4121-477e-a26c-d2501b464c4e,CommLayer/Messages/AvalancheMessages$Message$Builder.java,setTopologyMessage,->,67366ab5-4121-477e-a26c-d2501b464c4e,CommLayer/Messages/AvalancheMessages$Message$TopologyMessage$Builder.java,build
67366ab5-4121-477e-a26c-d2501b464c4e,CommLayer/Messages/AvalancheMessages$Message$Builder.java,setTopologyMessage,->,67366ab5-4121-477e-a26c-d2501b464c4e,com/google/protobuf/SingleFieldBuilder.java,setMessage
67366ab5-4121-477e-a26c-d2501b464c4e,CommLayer/Messages/AvalancheMessages$Message$Builder.java,mergeTopologyMessage,->,67366ab5-4121-477e-a26c-d2501b464c4e,CommLayer/Messages/AvalancheMessages$Message$TopologyMessage.java,getDefaultInstance
67366ab5-4121-477e-a26c-d2501b464c4e,CommLayer/Messages/AvalancheMessages$Message$Builder.java,mergeTopologyMessage,->,67366ab5-4121-477e-a26c-d2501b464c4e,CommLayer/Messages/AvalancheMessages$Message$TopologyMessage.java,newBuilder
67366ab5-4121-477e-a26c-d2501b464c4e,CommLayer/Messages/AvalancheMessages$Message$Builder.java,mergeTopologyMessage,->,67366ab5-4121-477e-a26c-d2501b464c4e,CommLayer/Messages/AvalancheMessages$Message$TopologyMessage$Builder.java,mergeFrom
67366ab5-4121-477e-a26c-d2501b464c4e,CommLayer/Messages/AvalancheMessages$Message$Builder.java,mergeTopologyMessage,->,67366ab5-4121-477e-a26c-d2501b464c4e,CommLayer/Messages/AvalancheMessages$Message$TopologyMessage$Builder.java,buildPartial
67366ab5-4121-477e-a26c-d2501b464c4e,CommLayer/Messages/AvalancheMessages$Message$Builder.java,mergeTopologyMessage,->,67366ab5-4121-477e-a26c-d2501b464c4e,CommLayer/Messages/AvalancheMessages$Message$Builder.java,onChanged
67366ab5-4121-477e-a26c-d2501b464c4e,CommLayer/Messages/AvalancheMessages$Message$Builder.java,mergeTopologyMessage,->,67366ab5-4121-477e-a26c-d2501b464c4e,com/google/protobuf/SingleFieldBuilder.java,mergeFrom
67366ab5-4121-477e-a26c-d2501b464c4e,CommLayer/Messages/AvalancheMessages$Message$Builder.java,clearTopologyMessage,->,67366ab5-4121-477e-a26c-d2501b464c4e,CommLayer/Messages/AvalancheMessages$Message$TopologyMessage.java,getDefaultInstance
67366ab5-4121-477e-a26c-d2501b464c4e,CommLayer/Messages/AvalancheMessages$Message$Builder.java,clearTopologyMessage,->,67366ab5-4121-477e-a26c-d2501b464c4e,CommLayer/Messages/AvalancheMessages$Message$Builder.java,onChanged
67366ab5-4121-477e-a26c-d2501b464c4e,CommLayer/Messages/AvalancheMessages$Message$Builder.java,clearTopologyMessage,->,67366ab5-4121-477e-a26c-d2501b464c4e,com/google/protobuf/SingleFieldBuilder.java,clear
67366ab5-4121-477e-a26c-d2501b464c4e,CommLayer/Messages/AvalancheMessages$Message$Builder.java,getTopologyMessageBuilder,->,67366ab5-4121-477e-a26c-d2501b464c4e,CommLayer/Messages/AvalancheMessages$Message$Builder.java,onChanged
67366ab5-4121-477e-a26c-d2501b464c4e,CommLayer/Messages/AvalancheMessages$Message$Builder.java,getTopologyMessageBuilder,->,67366ab5-4121-477e-a26c-d2501b464c4e,CommLayer/Messages/AvalancheMessages$Message$Builder.java,getTopologyMessageFieldBuilder
67366ab5-4121-477e-a26c-d2501b464c4e,CommLayer/Messages/AvalancheMessages$Message$Builder.java,getTopologyMessageBuilder,->,67366ab5-4121-477e-a26c-d2501b464c4e,com/google/protobuf/SingleFieldBuilder.java,getBuilder
67366ab5-4121-477e-a26c-d2501b464c4e,CommLayer/Messages/AvalancheMessages$Message$Builder.java,getTopologyMessageOrBuilder,->,67366ab5-4121-477e-a26c-d2501b464c4e,com/google/protobuf/SingleFieldBuilder.java,getMessageOrBuilder
67366ab5-4121-477e-a26c-d2501b464c4e,CommLayer/Messages/AvalancheMessages$Message$Builder.java,getTopologyMessageFieldBuilder,->,67366ab5-4121-477e-a26c-d2501b464c4e,CommLayer/Messages/AvalancheMessages$Message$Builder.java,getParentForChildren
67366ab5-4121-477e-a26c-d2501b464c4e,CommLayer/Messages/AvalancheMessages$Message$Builder.java,getTopologyMessageFieldBuilder,->,67366ab5-4121-477e-a26c-d2501b464c4e,CommLayer/Messages/AvalancheMessages$Message$Builder.java,isClean
67366ab5-4121-477e-a26c-d2501b464c4e,CommLayer/Messages/AvalancheMessages$Message$Builder.java,getHeartBeatMessage,->,67366ab5-4121-477e-a26c-d2501b464c4e,com/google/protobuf/SingleFieldBuilder.java,getMessage
67366ab5-4121-477e-a26c-d2501b464c4e,CommLayer/Messages/AvalancheMessages$Message$Builder.java,setHeartBeatMessage,->,67366ab5-4121-477e-a26c-d2501b464c4e,CommLayer/Messages/AvalancheMessages$Message$Builder.java,onChanged
67366ab5-4121-477e-a26c-d2501b464c4e,CommLayer/Messages/AvalancheMessages$Message$Builder.java,setHeartBeatMessage,->,67366ab5-4121-477e-a26c-d2501b464c4e,com/google/protobuf/SingleFieldBuilder.java,setMessage
67366ab5-4121-477e-a26c-d2501b464c4e,CommLayer/Messages/AvalancheMessages$Message$Builder.java,setHeartBeatMessage,->,67366ab5-4121-477e-a26c-d2501b464c4e,CommLayer/Messages/AvalancheMessages$Message$HeartBeatMessage$Builder.java,build
67366ab5-4121-477e-a26c-d2501b464c4e,CommLayer/Messages/AvalancheMessages$Message$Builder.java,setHeartBeatMessage,->,67366ab5-4121-477e-a26c-d2501b464c4e,CommLayer/Messages/AvalancheMessages$Message$Builder.java,onChanged
67366ab5-4121-477e-a26c-d2501b464c4e,CommLayer/Messages/AvalancheMessages$Message$Builder.java,setHeartBeatMessage,->,67366ab5-4121-477e-a26c-d2501b464c4e,CommLayer/Messages/AvalancheMessages$Message$HeartBeatMessage$Builder.java,build
67366ab5-4121-477e-a26c-d2501b464c4e,CommLayer/Messages/AvalancheMessages$Message$Builder.java,setHeartBeatMessage,->,67366ab5-4121-477e-a26c-d2501b464c4e,com/google/protobuf/SingleFieldBuilder.java,setMessage
67366ab5-4121-477e-a26c-d2501b464c4e,CommLayer/Messages/AvalancheMessages$Message$Builder.java,mergeHeartBeatMessage,->,67366ab5-4121-477e-a26c-d2501b464c4e,CommLayer/Messages/AvalancheMessages$Message$HeartBeatMessage.java,getDefaultInstance
67366ab5-4121-477e-a26c-d2501b464c4e,CommLayer/Messages/AvalancheMessages$Message$Builder.java,mergeHeartBeatMessage,->,67366ab5-4121-477e-a26c-d2501b464c4e,CommLayer/Messages/AvalancheMessages$Message$HeartBeatMessage.java,newBuilder
67366ab5-4121-477e-a26c-d2501b464c4e,CommLayer/Messages/AvalancheMessages$Message$Builder.java,mergeHeartBeatMessage,->,67366ab5-4121-477e-a26c-d2501b464c4e,CommLayer/Messages/AvalancheMessages$Message$HeartBeatMessage$Builder.java,mergeFrom
67366ab5-4121-477e-a26c-d2501b464c4e,CommLayer/Messages/AvalancheMessages$Message$Builder.java,mergeHeartBeatMessage,->,67366ab5-4121-477e-a26c-d2501b464c4e,CommLayer/Messages/AvalancheMessages$Message$HeartBeatMessage$Builder.java,buildPartial
67366ab5-4121-477e-a26c-d2501b464c4e,CommLayer/Messages/AvalancheMessages$Message$Builder.java,mergeHeartBeatMessage,->,67366ab5-4121-477e-a26c-d2501b464c4e,CommLayer/Messages/AvalancheMessages$Message$Builder.java,onChanged
67366ab5-4121-477e-a26c-d2501b464c4e,CommLayer/Messages/AvalancheMessages$Message$Builder.java,mergeHeartBeatMessage,->,67366ab5-4121-477e-a26c-d2501b464c4e,com/google/protobuf/SingleFieldBuilder.java,mergeFrom
67366ab5-4121-477e-a26c-d2501b464c4e,CommLayer/Messages/AvalancheMessages$Message$Builder.java,clearHeartBeatMessage,->,67366ab5-4121-477e-a26c-d2501b464c4e,CommLayer/Messages/AvalancheMessages$Message$HeartBeatMessage.java,getDefaultInstance
67366ab5-4121-477e-a26c-d2501b464c4e,CommLayer/Messages/AvalancheMessages$Message$Builder.java,clearHeartBeatMessage,->,67366ab5-4121-477e-a26c-d2501b464c4e,CommLayer/Messages/AvalancheMessages$Message$Builder.java,onChanged
67366ab5-4121-477e-a26c-d2501b464c4e,CommLayer/Messages/AvalancheMessages$Message$Builder.java,clearHeartBeatMessage,->,67366ab5-4121-477e-a26c-d2501b464c4e,com/google/protobuf/SingleFieldBuilder.java,clear
67366ab5-4121-477e-a26c-d2501b464c4e,CommLayer/Messages/AvalancheMessages$Message$Builder.java,getHeartBeatMessageBuilder,->,67366ab5-4121-477e-a26c-d2501b464c4e,CommLayer/Messages/AvalancheMessages$Message$Builder.java,onChanged
67366ab5-4121-477e-a26c-d2501b464c4e,CommLayer/Messages/AvalancheMessages$Message$Builder.java,getHeartBeatMessageBuilder,->,67366ab5-4121-477e-a26c-d2501b464c4e,CommLayer/Messages/AvalancheMessages$Message$Builder.java,getHeartBeatMessageFieldBuilder
67366ab5-4121-477e-a26c-d2501b464c4e,CommLayer/Messages/AvalancheMessages$Message$Builder.java,getHeartBeatMessageBuilder,->,67366ab5-4121-477e-a26c-d2501b464c4e,com/google/protobuf/SingleFieldBuilder.java,getBuilder
67366ab5-4121-477e-a26c-d2501b464c4e,CommLayer/Messages/AvalancheMessages$Message$Builder.java,getHeartBeatMessageOrBuilder,->,67366ab5-4121-477e-a26c-d2501b464c4e,com/google/protobuf/SingleFieldBuilder.java,getMessageOrBuilder
67366ab5-4121-477e-a26c-d2501b464c4e,CommLayer/Messages/AvalancheMessages$Message$Builder.java,getHeartBeatMessageFieldBuilder,->,67366ab5-4121-477e-a26c-d2501b464c4e,CommLayer/Messages/AvalancheMessages$Message$Builder.java,getParentForChildren
67366ab5-4121-477e-a26c-d2501b464c4e,CommLayer/Messages/AvalancheMessages$Message$Builder.java,getHeartBeatMessageFieldBuilder,->,67366ab5-4121-477e-a26c-d2501b464c4e,CommLayer/Messages/AvalancheMessages$Message$Builder.java,isClean
67366ab5-4121-477e-a26c-d2501b464c4e,CommLayer/Messages/AvalancheMessages$Message$Builder.java,getTopologyStatusMessage,->,67366ab5-4121-477e-a26c-d2501b464c4e,com/google/protobuf/SingleFieldBuilder.java,getMessage
67366ab5-4121-477e-a26c-d2501b464c4e,CommLayer/Messages/AvalancheMessages$Message$Builder.java,setTopologyStatusMessage,->,67366ab5-4121-477e-a26c-d2501b464c4e,CommLayer/Messages/AvalancheMessages$Message$Builder.java,onChanged
67366ab5-4121-477e-a26c-d2501b464c4e,CommLayer/Messages/AvalancheMessages$Message$Builder.java,setTopologyStatusMessage,->,67366ab5-4121-477e-a26c-d2501b464c4e,com/google/protobuf/SingleFieldBuilder.java,setMessage
67366ab5-4121-477e-a26c-d2501b464c4e,CommLayer/Messages/AvalancheMessages$Message$Builder.java,setTopologyStatusMessage,->,67366ab5-4121-477e-a26c-d2501b464c4e,CommLayer/Messages/AvalancheMessages$Message$TopologyStatusMessage$Builder.java,build
67366ab5-4121-477e-a26c-d2501b464c4e,CommLayer/Messages/AvalancheMessages$Message$Builder.java,setTopologyStatusMessage,->,67366ab5-4121-477e-a26c-d2501b464c4e,CommLayer/Messages/AvalancheMessages$Message$Builder.java,onChanged
67366ab5-4121-477e-a26c-d2501b464c4e,CommLayer/Messages/AvalancheMessages$Message$Builder.java,setTopologyStatusMessage,->,67366ab5-4121-477e-a26c-d2501b464c4e,CommLayer/Messages/AvalancheMessages$Message$TopologyStatusMessage$Builder.java,build
67366ab5-4121-477e-a26c-d2501b464c4e,CommLayer/Messages/AvalancheMessages$Message$Builder.java,setTopologyStatusMessage,->,67366ab5-4121-477e-a26c-d2501b464c4e,com/google/protobuf/SingleFieldBuilder.java,setMessage
67366ab5-4121-477e-a26c-d2501b464c4e,CommLayer/Messages/AvalancheMessages$Message$Builder.java,mergeTopologyStatusMessage,->,67366ab5-4121-477e-a26c-d2501b464c4e,CommLayer/Messages/AvalancheMessages$Message$TopologyStatusMessage.java,getDefaultInstance
67366ab5-4121-477e-a26c-d2501b464c4e,CommLayer/Messages/AvalancheMessages$Message$Builder.java,mergeTopologyStatusMessage,->,67366ab5-4121-477e-a26c-d2501b464c4e,CommLayer/Messages/AvalancheMessages$Message$TopologyStatusMessage.java,newBuilder
67366ab5-4121-477e-a26c-d2501b464c4e,CommLayer/Messages/AvalancheMessages$Message$Builder.java,mergeTopologyStatusMessage,->,67366ab5-4121-477e-a26c-d2501b464c4e,CommLayer/Messages/AvalancheMessages$Message$TopologyStatusMessage$Builder.java,mergeFrom
67366ab5-4121-477e-a26c-d2501b464c4e,CommLayer/Messages/AvalancheMessages$Message$Builder.java,mergeTopologyStatusMessage,->,67366ab5-4121-477e-a26c-d2501b464c4e,CommLayer/Messages/AvalancheMessages$Message$TopologyStatusMessage$Builder.java,buildPartial
67366ab5-4121-477e-a26c-d2501b464c4e,CommLayer/Messages/AvalancheMessages$Message$Builder.java,mergeTopologyStatusMessage,->,67366ab5-4121-477e-a26c-d2501b464c4e,CommLayer/Messages/AvalancheMessages$Message$Builder.java,onChanged
67366ab5-4121-477e-a26c-d2501b464c4e,CommLayer/Messages/AvalancheMessages$Message$Builder.java,mergeTopologyStatusMessage,->,67366ab5-4121-477e-a26c-d2501b464c4e,com/google/protobuf/SingleFieldBuilder.java,mergeFrom
67366ab5-4121-477e-a26c-d2501b464c4e,CommLayer/Messages/AvalancheMessages$Message$Builder.java,clearTopologyStatusMessage,->,67366ab5-4121-477e-a26c-d2501b464c4e,CommLayer/Messages/AvalancheMessages$Message$TopologyStatusMessage.java,getDefaultInstance
67366ab5-4121-477e-a26c-d2501b464c4e,CommLayer/Messages/AvalancheMessages$Message$Builder.java,clearTopologyStatusMessage,->,67366ab5-4121-477e-a26c-d2501b464c4e,CommLayer/Messages/AvalancheMessages$Message$Builder.java,onChanged
67366ab5-4121-477e-a26c-d2501b464c4e,CommLayer/Messages/AvalancheMessages$Message$Builder.java,clearTopologyStatusMessage,->,67366ab5-4121-477e-a26c-d2501b464c4e,com/google/protobuf/SingleFieldBuilder.java,clear
67366ab5-4121-477e-a26c-d2501b464c4e,CommLayer/Messages/AvalancheMessages$Message$Builder.java,getTopologyStatusMessageBuilder,->,67366ab5-4121-477e-a26c-d2501b464c4e,CommLayer/Messages/AvalancheMessages$Message$Builder.java,onChanged
67366ab5-4121-477e-a26c-d2501b464c4e,CommLayer/Messages/AvalancheMessages$Message$Builder.java,getTopologyStatusMessageBuilder,->,67366ab5-4121-477e-a26c-d2501b464c4e,CommLayer/Messages/AvalancheMessages$Message$Builder.java,getTopologyStatusMessageFieldBuilder
67366ab5-4121-477e-a26c-d2501b464c4e,CommLayer/Messages/AvalancheMessages$Message$Builder.java,getTopologyStatusMessageBuilder,->,67366ab5-4121-477e-a26c-d2501b464c4e,com/google/protobuf/SingleFieldBuilder.java,getBuilder
67366ab5-4121-477e-a26c-d2501b464c4e,CommLayer/Messages/AvalancheMessages$Message$Builder.java,getTopologyStatusMessageOrBuilder,->,67366ab5-4121-477e-a26c-d2501b464c4e,com/google/protobuf/SingleFieldBuilder.java,getMessageOrBuilder
67366ab5-4121-477e-a26c-d2501b464c4e,CommLayer/Messages/AvalancheMessages$Message$Builder.java,getTopologyStatusMessageFieldBuilder,->,67366ab5-4121-477e-a26c-d2501b464c4e,CommLayer/Messages/AvalancheMessages$Message$Builder.java,getParentForChildren
67366ab5-4121-477e-a26c-d2501b464c4e,CommLayer/Messages/AvalancheMessages$Message$Builder.java,getTopologyStatusMessageFieldBuilder,->,67366ab5-4121-477e-a26c-d2501b464c4e,CommLayer/Messages/AvalancheMessages$Message$Builder.java,isClean
67366ab5-4121-477e-a26c-d2501b464c4e,CommLayer/Messages/AvalancheMessages$Message$Builder.java,clear,->,67366ab5-4121-477e-a26c-d2501b464c4e,CommLayer/Messages/AvalancheMessages$Message$Builder.java,clear
67366ab5-4121-477e-a26c-d2501b464c4e,CommLayer/Messages/AvalancheMessages$Message$Builder.java,clone,->,67366ab5-4121-477e-a26c-d2501b464c4e,CommLayer/Messages/AvalancheMessages$Message$Builder.java,clone
67366ab5-4121-477e-a26c-d2501b464c4e,CommLayer/Messages/AvalancheMessages$Message$Builder.java,mergeFrom,->,67366ab5-4121-477e-a26c-d2501b464c4e,CommLayer/Messages/AvalancheMessages$Message$Builder.java,mergeFrom
67366ab5-4121-477e-a26c-d2501b464c4e,CommLayer/Messages/AvalancheMessages$Message$Builder.java,mergeFrom,->,67366ab5-4121-477e-a26c-d2501b464c4e,CommLayer/Messages/AvalancheMessages$Message$Builder.java,mergeFrom
67366ab5-4121-477e-a26c-d2501b464c4e,CommLayer/Messages/AvalancheMessages$Message$Builder.java,clear,->,67366ab5-4121-477e-a26c-d2501b464c4e,CommLayer/Messages/AvalancheMessages$Message$Builder.java,clear
67366ab5-4121-477e-a26c-d2501b464c4e,CommLayer/Messages/AvalancheMessages$Message$Builder.java,clone,->,67366ab5-4121-477e-a26c-d2501b464c4e,CommLayer/Messages/AvalancheMessages$Message$Builder.java,clone
67366ab5-4121-477e-a26c-d2501b464c4e,CommLayer/Messages/AvalancheMessages$Message$Builder.java,mergeFrom,->,67366ab5-4121-477e-a26c-d2501b464c4e,CommLayer/Messages/AvalancheMessages$Message$Builder.java,mergeFrom
67366ab5-4121-477e-a26c-d2501b464c4e,CommLayer/Messages/AvalancheMessages$Message$Builder.java,clone,->,67366ab5-4121-477e-a26c-d2501b464c4e,CommLayer/Messages/AvalancheMessages$Message$Builder.java,clone
67366ab5-4121-477e-a26c-d2501b464c4e,CommLayer/Messages/AvalancheMessages$Message$Builder.java,buildPartial,->,67366ab5-4121-477e-a26c-d2501b464c4e,CommLayer/Messages/AvalancheMessages$Message$Builder.java,buildPartial
67366ab5-4121-477e-a26c-d2501b464c4e,CommLayer/Messages/AvalancheMessages$Message$Builder.java,build,->,67366ab5-4121-477e-a26c-d2501b464c4e,CommLayer/Messages/AvalancheMessages$Message$Builder.java,build
67366ab5-4121-477e-a26c-d2501b464c4e,CommLayer/Messages/AvalancheMessages$Message$Builder.java,mergeFrom,->,67366ab5-4121-477e-a26c-d2501b464c4e,CommLayer/Messages/AvalancheMessages$Message$Builder.java,mergeFrom
67366ab5-4121-477e-a26c-d2501b464c4e,CommLayer/Messages/AvalancheMessages$Message$Builder.java,clear,->,67366ab5-4121-477e-a26c-d2501b464c4e,CommLayer/Messages/AvalancheMessages$Message$Builder.java,clear
67366ab5-4121-477e-a26c-d2501b464c4e,CommLayer/Messages/AvalancheMessages$Message$Builder.java,mergeFrom,->,67366ab5-4121-477e-a26c-d2501b464c4e,CommLayer/Messages/AvalancheMessages$Message$Builder.java,mergeFrom
67366ab5-4121-477e-a26c-d2501b464c4e,CommLayer/Messages/AvalancheMessages$Message$Builder.java,clone,->,67366ab5-4121-477e-a26c-d2501b464c4e,CommLayer/Messages/AvalancheMessages$Message$Builder.java,clone
67366ab5-4121-477e-a26c-d2501b464c4e,CommLayer/Messages/AvalancheMessages$Message$Builder.java,buildPartial,->,67366ab5-4121-477e-a26c-d2501b464c4e,CommLayer/Messages/AvalancheMessages$Message$Builder.java,buildPartial
67366ab5-4121-477e-a26c-d2501b464c4e,CommLayer/Messages/AvalancheMessages$Message$Builder.java,build,->,67366ab5-4121-477e-a26c-d2501b464c4e,CommLayer/Messages/AvalancheMessages$Message$Builder.java,build
67366ab5-4121-477e-a26c-d2501b464c4e,CommLayer/Messages/AvalancheMessages$Message$Builder.java,clear,->,67366ab5-4121-477e-a26c-d2501b464c4e,CommLayer/Messages/AvalancheMessages$Message$Builder.java,clear
67366ab5-4121-477e-a26c-d2501b464c4e,CommLayer/Messages/AvalancheMessages$Message$Builder.java,getDefaultInstanceForType,->,67366ab5-4121-477e-a26c-d2501b464c4e,CommLayer/Messages/AvalancheMessages$Message$Builder.java,getDefaultInstanceForType
67366ab5-4121-477e-a26c-d2501b464c4e,CommLayer/Messages/AvalancheMessages$Message$Builder.java,getDefaultInstanceForType,->,67366ab5-4121-477e-a26c-d2501b464c4e,CommLayer/Messages/AvalancheMessages$Message$Builder.java,getDefaultInstanceForType
67366ab5-4121-477e-a26c-d2501b464c4e,CommLayer/Messages/AvalancheMessages$Message$Builder.java,mergeFrom,->,67366ab5-4121-477e-a26c-d2501b464c4e,CommLayer/Messages/AvalancheMessages$Message$Builder.java,mergeFrom
67366ab5-4121-477e-a26c-d2501b464c4e,CommLayer/Messages/AvalancheMessages$Message$Builder.java,clone,->,67366ab5-4121-477e-a26c-d2501b464c4e,CommLayer/Messages/AvalancheMessages$Message$Builder.java,clone
67366ab5-4121-477e-a26c-d2501b464c4e,CommLayer/Messages/AvalancheMessages$Message$Builder.java,clone,->,67366ab5-4121-477e-a26c-d2501b464c4e,CommLayer/Messages/AvalancheMessages$Message$Builder.java,clone
67366ab5-4121-477e-a26c-d2501b464c4e,CommLayer/Messages/AvalancheMessages$Message$Builder.java,access$20700,->,67366ab5-4121-477e-a26c-d2501b464c4e,CommLayer/Messages/AvalancheMessages$Message$Builder.java,create
67366ab5-4121-477e-a26c-d2501b464c4e,CommLayer/Messages/AvalancheMessages$Message$DataHandlerMessage$MetaData$Builder.java,getDescriptor,->,67366ab5-4121-477e-a26c-d2501b464c4e,CommLayer/Messages/AvalancheMessages.java,access$4800
67366ab5-4121-477e-a26c-d2501b464c4e,CommLayer/Messages/AvalancheMessages$Message$DataHandlerMessage$MetaData$Builder.java,internalGetFieldAccessorTable,->,67366ab5-4121-477e-a26c-d2501b464c4e,CommLayer/Messages/AvalancheMessages.java,access$4900
67366ab5-4121-477e-a26c-d2501b464c4e,CommLayer/Messages/AvalancheMessages$Message$DataHandlerMessage$MetaData$Builder.java,internalGetFieldAccessorTable,->,67366ab5-4121-477e-a26c-d2501b464c4e,com/google/protobuf/GeneratedMessage$FieldAccessorTable.java,ensureFieldAccessorsInitialized
67366ab5-4121-477e-a26c-d2501b464c4e,CommLayer/Messages/AvalancheMessages$Message$DataHandlerMessage$MetaData$Builder.java,maybeForceBuilderInitialization,->,67366ab5-4121-477e-a26c-d2501b464c4e,CommLayer/Messages/AvalancheMessages$Message$DataHandlerMessage$MetaData.java,access$5300
67366ab5-4121-477e-a26c-d2501b464c4e,CommLayer/Messages/AvalancheMessages$Message$DataHandlerMessage$MetaData$Builder.java,maybeForceBuilderInitialization,->,67366ab5-4121-477e-a26c-d2501b464c4e,CommLayer/Messages/AvalancheMessages$Message$DataHandlerMessage$MetaData$Builder.java,getDataPairFieldBuilder
67366ab5-4121-477e-a26c-d2501b464c4e,CommLayer/Messages/AvalancheMessages$Message$DataHandlerMessage$MetaData$Builder.java,clear,->,67366ab5-4121-477e-a26c-d2501b464c4e,com/google/protobuf/GeneratedMessage$Builder.java,clear
67366ab5-4121-477e-a26c-d2501b464c4e,CommLayer/Messages/AvalancheMessages$Message$DataHandlerMessage$MetaData$Builder.java,clear,->,67366ab5-4121-477e-a26c-d2501b464c4e,java/util/Collections.java,emptyList
67366ab5-4121-477e-a26c-d2501b464c4e,CommLayer/Messages/AvalancheMessages$Message$DataHandlerMessage$MetaData$Builder.java,clear,->,67366ab5-4121-477e-a26c-d2501b464c4e,com/google/protobuf/RepeatedFieldBuilder.java,clear
67366ab5-4121-477e-a26c-d2501b464c4e,CommLayer/Messages/AvalancheMessages$Message$DataHandlerMessage$MetaData$Builder.java,clone,->,67366ab5-4121-477e-a26c-d2501b464c4e,CommLayer/Messages/AvalancheMessages$Message$DataHandlerMessage$MetaData$Builder.java,create
67366ab5-4121-477e-a26c-d2501b464c4e,CommLayer/Messages/AvalancheMessages$Message$DataHandlerMessage$MetaData$Builder.java,clone,->,67366ab5-4121-477e-a26c-d2501b464c4e,CommLayer/Messages/AvalancheMessages$Message$DataHandlerMessage$MetaData$Builder.java,buildPartial
67366ab5-4121-477e-a26c-d2501b464c4e,CommLayer/Messages/AvalancheMessages$Message$DataHandlerMessage$MetaData$Builder.java,clone,->,67366ab5-4121-477e-a26c-d2501b464c4e,CommLayer/Messages/AvalancheMessages$Message$DataHandlerMessage$MetaData$Builder.java,mergeFrom
67366ab5-4121-477e-a26c-d2501b464c4e,CommLayer/Messages/AvalancheMessages$Message$DataHandlerMessage$MetaData$Builder.java,getDescriptorForType,->,67366ab5-4121-477e-a26c-d2501b464c4e,CommLayer/Messages/AvalancheMessages.java,access$4800
67366ab5-4121-477e-a26c-d2501b464c4e,CommLayer/Messages/AvalancheMessages$Message$DataHandlerMessage$MetaData$Builder.java,getDefaultInstanceForType,->,67366ab5-4121-477e-a26c-d2501b464c4e,CommLayer/Messages/AvalancheMessages$Message$DataHandlerMessage$MetaData.java,getDefaultInstance
67366ab5-4121-477e-a26c-d2501b464c4e,CommLayer/Messages/AvalancheMessages$Message$DataHandlerMessage$MetaData$Builder.java,build,->,67366ab5-4121-477e-a26c-d2501b464c4e,CommLayer/Messages/AvalancheMessages$Message$DataHandlerMessage$MetaData$Builder.java,buildPartial
67366ab5-4121-477e-a26c-d2501b464c4e,CommLayer/Messages/AvalancheMessages$Message$DataHandlerMessage$MetaData$Builder.java,build,->,67366ab5-4121-477e-a26c-d2501b464c4e,CommLayer/Messages/AvalancheMessages$Message$DataHandlerMessage$MetaData.java,isInitialized
67366ab5-4121-477e-a26c-d2501b464c4e,CommLayer/Messages/AvalancheMessages$Message$DataHandlerMessage$MetaData$Builder.java,build,->,67366ab5-4121-477e-a26c-d2501b464c4e,CommLayer/Messages/AvalancheMessages$Message$DataHandlerMessage$MetaData$Builder.java,newUninitializedMessageException
67366ab5-4121-477e-a26c-d2501b464c4e,CommLayer/Messages/AvalancheMessages$Message$DataHandlerMessage$MetaData$Builder.java,buildPartial,->,67366ab5-4121-477e-a26c-d2501b464c4e,java/util/Collections.java,unmodifiableList
67366ab5-4121-477e-a26c-d2501b464c4e,CommLayer/Messages/AvalancheMessages$Message$DataHandlerMessage$MetaData$Builder.java,buildPartial,->,67366ab5-4121-477e-a26c-d2501b464c4e,CommLayer/Messages/AvalancheMessages$Message$DataHandlerMessage$MetaData.java,access$5502
67366ab5-4121-477e-a26c-d2501b464c4e,CommLayer/Messages/AvalancheMessages$Message$DataHandlerMessage$MetaData$Builder.java,buildPartial,->,67366ab5-4121-477e-a26c-d2501b464c4e,com/google/protobuf/RepeatedFieldBuilder.java,build
67366ab5-4121-477e-a26c-d2501b464c4e,CommLayer/Messages/AvalancheMessages$Message$DataHandlerMessage$MetaData$Builder.java,buildPartial,->,67366ab5-4121-477e-a26c-d2501b464c4e,CommLayer/Messages/AvalancheMessages$Message$DataHandlerMessage$MetaData.java,access$5502
67366ab5-4121-477e-a26c-d2501b464c4e,CommLayer/Messages/AvalancheMessages$Message$DataHandlerMessage$MetaData$Builder.java,buildPartial,->,67366ab5-4121-477e-a26c-d2501b464c4e,CommLayer/Messages/AvalancheMessages$Message$DataHandlerMessage$MetaData.java,access$5602
67366ab5-4121-477e-a26c-d2501b464c4e,CommLayer/Messages/AvalancheMessages$Message$DataHandlerMessage$MetaData$Builder.java,buildPartial,->,67366ab5-4121-477e-a26c-d2501b464c4e,CommLayer/Messages/AvalancheMessages$Message$DataHandlerMessage$MetaData.java,access$5702
67366ab5-4121-477e-a26c-d2501b464c4e,CommLayer/Messages/AvalancheMessages$Message$DataHandlerMessage$MetaData$Builder.java,buildPartial,->,67366ab5-4121-477e-a26c-d2501b464c4e,CommLayer/Messages/AvalancheMessages$Message$DataHandlerMessage$MetaData$Builder.java,onBuilt
67366ab5-4121-477e-a26c-d2501b464c4e,CommLayer/Messages/AvalancheMessages$Message$DataHandlerMessage$MetaData$Builder.java,mergeFrom,->,67366ab5-4121-477e-a26c-d2501b464c4e,CommLayer/Messages/AvalancheMessages$Message$DataHandlerMessage$MetaData$Builder.java,mergeFrom
67366ab5-4121-477e-a26c-d2501b464c4e,CommLayer/Messages/AvalancheMessages$Message$DataHandlerMessage$MetaData$Builder.java,mergeFrom,->,67366ab5-4121-477e-a26c-d2501b464c4e,com/google/protobuf/GeneratedMessage$Builder.java,mergeFrom
67366ab5-4121-477e-a26c-d2501b464c4e,CommLayer/Messages/AvalancheMessages$Message$DataHandlerMessage$MetaData$Builder.java,mergeFrom,->,67366ab5-4121-477e-a26c-d2501b464c4e,CommLayer/Messages/AvalancheMessages$Message$DataHandlerMessage$MetaData.java,getDefaultInstance
67366ab5-4121-477e-a26c-d2501b464c4e,CommLayer/Messages/AvalancheMessages$Message$DataHandlerMessage$MetaData$Builder.java,mergeFrom,->,67366ab5-4121-477e-a26c-d2501b464c4e,CommLayer/Messages/AvalancheMessages$Message$DataHandlerMessage$MetaData.java,access$5500
67366ab5-4121-477e-a26c-d2501b464c4e,CommLayer/Messages/AvalancheMessages$Message$DataHandlerMessage$MetaData$Builder.java,mergeFrom,->,67366ab5-4121-477e-a26c-d2501b464c4e,java/util/List.java,isEmpty
67366ab5-4121-477e-a26c-d2501b464c4e,CommLayer/Messages/AvalancheMessages$Message$DataHandlerMessage$MetaData$Builder.java,mergeFrom,->,67366ab5-4121-477e-a26c-d2501b464c4e,java/util/List.java,isEmpty
67366ab5-4121-477e-a26c-d2501b464c4e,CommLayer/Messages/AvalancheMessages$Message$DataHandlerMessage$MetaData$Builder.java,mergeFrom,->,67366ab5-4121-477e-a26c-d2501b464c4e,CommLayer/Messages/AvalancheMessages$Message$DataHandlerMessage$MetaData.java,access$5500
67366ab5-4121-477e-a26c-d2501b464c4e,CommLayer/Messages/AvalancheMessages$Message$DataHandlerMessage$MetaData$Builder.java,mergeFrom,->,67366ab5-4121-477e-a26c-d2501b464c4e,CommLayer/Messages/AvalancheMessages$Message$DataHandlerMessage$MetaData$Builder.java,ensureDataPairIsMutable
67366ab5-4121-477e-a26c-d2501b464c4e,CommLayer/Messages/AvalancheMessages$Message$DataHandlerMessage$MetaData$Builder.java,mergeFrom,->,67366ab5-4121-477e-a26c-d2501b464c4e,CommLayer/Messages/AvalancheMessages$Message$DataHandlerMessage$MetaData.java,access$5500
67366ab5-4121-477e-a26c-d2501b464c4e,CommLayer/Messages/AvalancheMessages$Message$DataHandlerMessage$MetaData$Builder.java,mergeFrom,->,67366ab5-4121-477e-a26c-d2501b464c4e,java/util/List.java,addAll
67366ab5-4121-477e-a26c-d2501b464c4e,CommLayer/Messages/AvalancheMessages$Message$DataHandlerMessage$MetaData$Builder.java,mergeFrom,->,67366ab5-4121-477e-a26c-d2501b464c4e,CommLayer/Messages/AvalancheMessages$Message$DataHandlerMessage$MetaData$Builder.java,onChanged
67366ab5-4121-477e-a26c-d2501b464c4e,CommLayer/Messages/AvalancheMessages$Message$DataHandlerMessage$MetaData$Builder.java,mergeFrom,->,67366ab5-4121-477e-a26c-d2501b464c4e,CommLayer/Messages/AvalancheMessages$Message$DataHandlerMessage$MetaData.java,access$5500
67366ab5-4121-477e-a26c-d2501b464c4e,CommLayer/Messages/AvalancheMessages$Message$DataHandlerMessage$MetaData$Builder.java,mergeFrom,->,67366ab5-4121-477e-a26c-d2501b464c4e,java/util/List.java,isEmpty
67366ab5-4121-477e-a26c-d2501b464c4e,CommLayer/Messages/AvalancheMessages$Message$DataHandlerMessage$MetaData$Builder.java,mergeFrom,->,67366ab5-4121-477e-a26c-d2501b464c4e,com/google/protobuf/RepeatedFieldBuilder.java,isEmpty
67366ab5-4121-477e-a26c-d2501b464c4e,CommLayer/Messages/AvalancheMessages$Message$DataHandlerMessage$MetaData$Builder.java,mergeFrom,->,67366ab5-4121-477e-a26c-d2501b464c4e,com/google/protobuf/RepeatedFieldBuilder.java,dispose
67366ab5-4121-477e-a26c-d2501b464c4e,CommLayer/Messages/AvalancheMessages$Message$DataHandlerMessage$MetaData$Builder.java,mergeFrom,->,67366ab5-4121-477e-a26c-d2501b464c4e,CommLayer/Messages/AvalancheMessages$Message$DataHandlerMessage$MetaData.java,access$5500
67366ab5-4121-477e-a26c-d2501b464c4e,CommLayer/Messages/AvalancheMessages$Message$DataHandlerMessage$MetaData$Builder.java,mergeFrom,->,67366ab5-4121-477e-a26c-d2501b464c4e,CommLayer/Messages/AvalancheMessages$Message$DataHandlerMessage$MetaData.java,access$5800
67366ab5-4121-477e-a26c-d2501b464c4e,CommLayer/Messages/AvalancheMessages$Message$DataHandlerMessage$MetaData$Builder.java,mergeFrom,->,67366ab5-4121-477e-a26c-d2501b464c4e,CommLayer/Messages/AvalancheMessages$Message$DataHandlerMessage$MetaData$Builder.java,getDataPairFieldBuilder
67366ab5-4121-477e-a26c-d2501b464c4e,CommLayer/Messages/AvalancheMessages$Message$DataHandlerMessage$MetaData$Builder.java,mergeFrom,->,67366ab5-4121-477e-a26c-d2501b464c4e,CommLayer/Messages/AvalancheMessages$Message$DataHandlerMessage$MetaData.java,access$5500
67366ab5-4121-477e-a26c-d2501b464c4e,CommLayer/Messages/AvalancheMessages$Message$DataHandlerMessage$MetaData$Builder.java,mergeFrom,->,67366ab5-4121-477e-a26c-d2501b464c4e,com/google/protobuf/RepeatedFieldBuilder.java,addAllMessages
67366ab5-4121-477e-a26c-d2501b464c4e,CommLayer/Messages/AvalancheMessages$Message$DataHandlerMessage$MetaData$Builder.java,mergeFrom,->,67366ab5-4121-477e-a26c-d2501b464c4e,CommLayer/Messages/AvalancheMessages$Message$DataHandlerMessage$MetaData.java,hasIsComplete
67366ab5-4121-477e-a26c-d2501b464c4e,CommLayer/Messages/AvalancheMessages$Message$DataHandlerMessage$MetaData$Builder.java,mergeFrom,->,67366ab5-4121-477e-a26c-d2501b464c4e,CommLayer/Messages/AvalancheMessages$Message$DataHandlerMessage$MetaData.java,getIsComplete
67366ab5-4121-477e-a26c-d2501b464c4e,CommLayer/Messages/AvalancheMessages$Message$DataHandlerMessage$MetaData$Builder.java,mergeFrom,->,67366ab5-4121-477e-a26c-d2501b464c4e,CommLayer/Messages/AvalancheMessages$Message$DataHandlerMessage$MetaData$Builder.java,setIsComplete
67366ab5-4121-477e-a26c-d2501b464c4e,CommLayer/Messages/AvalancheMessages$Message$DataHandlerMessage$MetaData$Builder.java,mergeFrom,->,67366ab5-4121-477e-a26c-d2501b464c4e,CommLayer/Messages/AvalancheMessages$Message$DataHandlerMessage$MetaData.java,getUnknownFields
67366ab5-4121-477e-a26c-d2501b464c4e,CommLayer/Messages/AvalancheMessages$Message$DataHandlerMessage$MetaData$Builder.java,mergeFrom,->,67366ab5-4121-477e-a26c-d2501b464c4e,CommLayer/Messages/AvalancheMessages$Message$DataHandlerMessage$MetaData$Builder.java,mergeUnknownFields
67366ab5-4121-477e-a26c-d2501b464c4e,CommLayer/Messages/AvalancheMessages$Message$DataHandlerMessage$MetaData$Builder.java,mergeFrom,->,67366ab5-4121-477e-a26c-d2501b464c4e,com/google/protobuf/Parser.java,parsePartialFrom
67366ab5-4121-477e-a26c-d2501b464c4e,CommLayer/Messages/AvalancheMessages$Message$DataHandlerMessage$MetaData$Builder.java,mergeFrom,->,67366ab5-4121-477e-a26c-d2501b464c4e,CommLayer/Messages/AvalancheMessages$Message$DataHandlerMessage$MetaData$Builder.java,mergeFrom
67366ab5-4121-477e-a26c-d2501b464c4e,CommLayer/Messages/AvalancheMessages$Message$DataHandlerMessage$MetaData$Builder.java,mergeFrom,->,67366ab5-4121-477e-a26c-d2501b464c4e,com/google/protobuf/InvalidProtocolBufferException.java,getUnfinishedMessage
67366ab5-4121-477e-a26c-d2501b464c4e,CommLayer/Messages/AvalancheMessages$Message$DataHandlerMessage$MetaData$Builder.java,mergeFrom,->,67366ab5-4121-477e-a26c-d2501b464c4e,CommLayer/Messages/AvalancheMessages$Message$DataHandlerMessage$MetaData$Builder.java,mergeFrom
67366ab5-4121-477e-a26c-d2501b464c4e,CommLayer/Messages/AvalancheMessages$Message$DataHandlerMessage$MetaData$Builder.java,getDataPairList,->,67366ab5-4121-477e-a26c-d2501b464c4e,java/util/Collections.java,unmodifiableList
67366ab5-4121-477e-a26c-d2501b464c4e,CommLayer/Messages/AvalancheMessages$Message$DataHandlerMessage$MetaData$Builder.java,getDataPairList,->,67366ab5-4121-477e-a26c-d2501b464c4e,com/google/protobuf/RepeatedFieldBuilder.java,getMessageList
67366ab5-4121-477e-a26c-d2501b464c4e,CommLayer/Messages/AvalancheMessages$Message$DataHandlerMessage$MetaData$Builder.java,getDataPairCount,->,67366ab5-4121-477e-a26c-d2501b464c4e,java/util/List.java,size
67366ab5-4121-477e-a26c-d2501b464c4e,CommLayer/Messages/AvalancheMessages$Message$DataHandlerMessage$MetaData$Builder.java,getDataPairCount,->,67366ab5-4121-477e-a26c-d2501b464c4e,com/google/protobuf/RepeatedFieldBuilder.java,getCount
67366ab5-4121-477e-a26c-d2501b464c4e,CommLayer/Messages/AvalancheMessages$Message$DataHandlerMessage$MetaData$Builder.java,getDataPair,->,67366ab5-4121-477e-a26c-d2501b464c4e,java/util/List.java,get
67366ab5-4121-477e-a26c-d2501b464c4e,CommLayer/Messages/AvalancheMessages$Message$DataHandlerMessage$MetaData$Builder.java,getDataPair,->,67366ab5-4121-477e-a26c-d2501b464c4e,com/google/protobuf/RepeatedFieldBuilder.java,getMessage
67366ab5-4121-477e-a26c-d2501b464c4e,CommLayer/Messages/AvalancheMessages$Message$DataHandlerMessage$MetaData$Builder.java,setDataPair,->,67366ab5-4121-477e-a26c-d2501b464c4e,CommLayer/Messages/AvalancheMessages$Message$DataHandlerMessage$MetaData$Builder.java,ensureDataPairIsMutable
67366ab5-4121-477e-a26c-d2501b464c4e,CommLayer/Messages/AvalancheMessages$Message$DataHandlerMessage$MetaData$Builder.java,setDataPair,->,67366ab5-4121-477e-a26c-d2501b464c4e,java/util/List.java,set
67366ab5-4121-477e-a26c-d2501b464c4e,CommLayer/Messages/AvalancheMessages$Message$DataHandlerMessage$MetaData$Builder.java,setDataPair,->,67366ab5-4121-477e-a26c-d2501b464c4e,CommLayer/Messages/AvalancheMessages$Message$DataHandlerMessage$MetaData$Builder.java,onChanged
67366ab5-4121-477e-a26c-d2501b464c4e,CommLayer/Messages/AvalancheMessages$Message$DataHandlerMessage$MetaData$Builder.java,setDataPair,->,67366ab5-4121-477e-a26c-d2501b464c4e,com/google/protobuf/RepeatedFieldBuilder.java,setMessage
67366ab5-4121-477e-a26c-d2501b464c4e,CommLayer/Messages/AvalancheMessages$Message$DataHandlerMessage$MetaData$Builder.java,setDataPair,->,67366ab5-4121-477e-a26c-d2501b464c4e,CommLayer/Messages/AvalancheMessages$Message$DataHandlerMessage$MetaData$Builder.java,ensureDataPairIsMutable
67366ab5-4121-477e-a26c-d2501b464c4e,CommLayer/Messages/AvalancheMessages$Message$DataHandlerMessage$MetaData$Builder.java,setDataPair,->,67366ab5-4121-477e-a26c-d2501b464c4e,CommLayer/Messages/AvalancheMessages$Message$DataPair$Builder.java,build
67366ab5-4121-477e-a26c-d2501b464c4e,CommLayer/Messages/AvalancheMessages$Message$DataHandlerMessage$MetaData$Builder.java,setDataPair,->,67366ab5-4121-477e-a26c-d2501b464c4e,java/util/List.java,set
67366ab5-4121-477e-a26c-d2501b464c4e,CommLayer/Messages/AvalancheMessages$Message$DataHandlerMessage$MetaData$Builder.java,setDataPair,->,67366ab5-4121-477e-a26c-d2501b464c4e,CommLayer/Messages/AvalancheMessages$Message$DataHandlerMessage$MetaData$Builder.java,onChanged
67366ab5-4121-477e-a26c-d2501b464c4e,CommLayer/Messages/AvalancheMessages$Message$DataHandlerMessage$MetaData$Builder.java,setDataPair,->,67366ab5-4121-477e-a26c-d2501b464c4e,CommLayer/Messages/AvalancheMessages$Message$DataPair$Builder.java,build
67366ab5-4121-477e-a26c-d2501b464c4e,CommLayer/Messages/AvalancheMessages$Message$DataHandlerMessage$MetaData$Builder.java,setDataPair,->,67366ab5-4121-477e-a26c-d2501b464c4e,com/google/protobuf/RepeatedFieldBuilder.java,setMessage
67366ab5-4121-477e-a26c-d2501b464c4e,CommLayer/Messages/AvalancheMessages$Message$DataHandlerMessage$MetaData$Builder.java,addDataPair,->,67366ab5-4121-477e-a26c-d2501b464c4e,CommLayer/Messages/AvalancheMessages$Message$DataHandlerMessage$MetaData$Builder.java,ensureDataPairIsMutable
67366ab5-4121-477e-a26c-d2501b464c4e,CommLayer/Messages/AvalancheMessages$Message$DataHandlerMessage$MetaData$Builder.java,addDataPair,->,67366ab5-4121-477e-a26c-d2501b464c4e,java/util/List.java,add
67366ab5-4121-477e-a26c-d2501b464c4e,CommLayer/Messages/AvalancheMessages$Message$DataHandlerMessage$MetaData$Builder.java,addDataPair,->,67366ab5-4121-477e-a26c-d2501b464c4e,CommLayer/Messages/AvalancheMessages$Message$DataHandlerMessage$MetaData$Builder.java,onChanged
67366ab5-4121-477e-a26c-d2501b464c4e,CommLayer/Messages/AvalancheMessages$Message$DataHandlerMessage$MetaData$Builder.java,addDataPair,->,67366ab5-4121-477e-a26c-d2501b464c4e,com/google/protobuf/RepeatedFieldBuilder.java,addMessage
67366ab5-4121-477e-a26c-d2501b464c4e,CommLayer/Messages/AvalancheMessages$Message$DataHandlerMessage$MetaData$Builder.java,addDataPair,->,67366ab5-4121-477e-a26c-d2501b464c4e,CommLayer/Messages/AvalancheMessages$Message$DataHandlerMessage$MetaData$Builder.java,ensureDataPairIsMutable
67366ab5-4121-477e-a26c-d2501b464c4e,CommLayer/Messages/AvalancheMessages$Message$DataHandlerMessage$MetaData$Builder.java,addDataPair,->,67366ab5-4121-477e-a26c-d2501b464c4e,java/util/List.java,add
67366ab5-4121-477e-a26c-d2501b464c4e,CommLayer/Messages/AvalancheMessages$Message$DataHandlerMessage$MetaData$Builder.java,addDataPair,->,67366ab5-4121-477e-a26c-d2501b464c4e,CommLayer/Messages/AvalancheMessages$Message$DataHandlerMessage$MetaData$Builder.java,onChanged
67366ab5-4121-477e-a26c-d2501b464c4e,CommLayer/Messages/AvalancheMessages$Message$DataHandlerMessage$MetaData$Builder.java,addDataPair,->,67366ab5-4121-477e-a26c-d2501b464c4e,com/google/protobuf/RepeatedFieldBuilder.java,addMessage
67366ab5-4121-477e-a26c-d2501b464c4e,CommLayer/Messages/AvalancheMessages$Message$DataHandlerMessage$MetaData$Builder.java,addDataPair,->,67366ab5-4121-477e-a26c-d2501b464c4e,CommLayer/Messages/AvalancheMessages$Message$DataHandlerMessage$MetaData$Builder.java,ensureDataPairIsMutable
67366ab5-4121-477e-a26c-d2501b464c4e,CommLayer/Messages/AvalancheMessages$Message$DataHandlerMessage$MetaData$Builder.java,addDataPair,->,67366ab5-4121-477e-a26c-d2501b464c4e,CommLayer/Messages/AvalancheMessages$Message$DataPair$Builder.java,build
67366ab5-4121-477e-a26c-d2501b464c4e,CommLayer/Messages/AvalancheMessages$Message$DataHandlerMessage$MetaData$Builder.java,addDataPair,->,67366ab5-4121-477e-a26c-d2501b464c4e,java/util/List.java,add
67366ab5-4121-477e-a26c-d2501b464c4e,CommLayer/Messages/AvalancheMessages$Message$DataHandlerMessage$MetaData$Builder.java,addDataPair,->,67366ab5-4121-477e-a26c-d2501b464c4e,CommLayer/Messages/AvalancheMessages$Message$DataHandlerMessage$MetaData$Builder.java,onChanged
67366ab5-4121-477e-a26c-d2501b464c4e,CommLayer/Messages/AvalancheMessages$Message$DataHandlerMessage$MetaData$Builder.java,addDataPair,->,67366ab5-4121-477e-a26c-d2501b464c4e,CommLayer/Messages/AvalancheMessages$Message$DataPair$Builder.java,build
67366ab5-4121-477e-a26c-d2501b464c4e,CommLayer/Messages/AvalancheMessages$Message$DataHandlerMessage$MetaData$Builder.java,addDataPair,->,67366ab5-4121-477e-a26c-d2501b464c4e,com/google/protobuf/RepeatedFieldBuilder.java,addMessage
67366ab5-4121-477e-a26c-d2501b464c4e,CommLayer/Messages/AvalancheMessages$Message$DataHandlerMessage$MetaData$Builder.java,addDataPair,->,67366ab5-4121-477e-a26c-d2501b464c4e,CommLayer/Messages/AvalancheMessages$Message$DataHandlerMessage$MetaData$Builder.java,ensureDataPairIsMutable
67366ab5-4121-477e-a26c-d2501b464c4e,CommLayer/Messages/AvalancheMessages$Message$DataHandlerMessage$MetaData$Builder.java,addDataPair,->,67366ab5-4121-477e-a26c-d2501b464c4e,CommLayer/Messages/AvalancheMessages$Message$DataPair$Builder.java,build
67366ab5-4121-477e-a26c-d2501b464c4e,CommLayer/Messages/AvalancheMessages$Message$DataHandlerMessage$MetaData$Builder.java,addDataPair,->,67366ab5-4121-477e-a26c-d2501b464c4e,java/util/List.java,add
67366ab5-4121-477e-a26c-d2501b464c4e,CommLayer/Messages/AvalancheMessages$Message$DataHandlerMessage$MetaData$Builder.java,addDataPair,->,67366ab5-4121-477e-a26c-d2501b464c4e,CommLayer/Messages/AvalancheMessages$Message$DataHandlerMessage$MetaData$Builder.java,onChanged
67366ab5-4121-477e-a26c-d2501b464c4e,CommLayer/Messages/AvalancheMessages$Message$DataHandlerMessage$MetaData$Builder.java,addDataPair,->,67366ab5-4121-477e-a26c-d2501b464c4e,CommLayer/Messages/AvalancheMessages$Message$DataPair$Builder.java,build
67366ab5-4121-477e-a26c-d2501b464c4e,CommLayer/Messages/AvalancheMessages$Message$DataHandlerMessage$MetaData$Builder.java,addDataPair,->,67366ab5-4121-477e-a26c-d2501b464c4e,com/google/protobuf/RepeatedFieldBuilder.java,addMessage
67366ab5-4121-477e-a26c-d2501b464c4e,CommLayer/Messages/AvalancheMessages$Message$DataHandlerMessage$MetaData$Builder.java,addAllDataPair,->,67366ab5-4121-477e-a26c-d2501b464c4e,CommLayer/Messages/AvalancheMessages$Message$DataHandlerMessage$MetaData$Builder.java,ensureDataPairIsMutable
67366ab5-4121-477e-a26c-d2501b464c4e,CommLayer/Messages/AvalancheMessages$Message$DataHandlerMessage$MetaData$Builder.java,addAllDataPair,->,67366ab5-4121-477e-a26c-d2501b464c4e,com/google/protobuf/GeneratedMessage$Builder.java,addAll
67366ab5-4121-477e-a26c-d2501b464c4e,CommLayer/Messages/AvalancheMessages$Message$DataHandlerMessage$MetaData$Builder.java,addAllDataPair,->,67366ab5-4121-477e-a26c-d2501b464c4e,CommLayer/Messages/AvalancheMessages$Message$DataHandlerMessage$MetaData$Builder.java,onChanged
67366ab5-4121-477e-a26c-d2501b464c4e,CommLayer/Messages/AvalancheMessages$Message$DataHandlerMessage$MetaData$Builder.java,addAllDataPair,->,67366ab5-4121-477e-a26c-d2501b464c4e,com/google/protobuf/RepeatedFieldBuilder.java,addAllMessages
67366ab5-4121-477e-a26c-d2501b464c4e,CommLayer/Messages/AvalancheMessages$Message$DataHandlerMessage$MetaData$Builder.java,clearDataPair,->,67366ab5-4121-477e-a26c-d2501b464c4e,java/util/Collections.java,emptyList
67366ab5-4121-477e-a26c-d2501b464c4e,CommLayer/Messages/AvalancheMessages$Message$DataHandlerMessage$MetaData$Builder.java,clearDataPair,->,67366ab5-4121-477e-a26c-d2501b464c4e,CommLayer/Messages/AvalancheMessages$Message$DataHandlerMessage$MetaData$Builder.java,onChanged
67366ab5-4121-477e-a26c-d2501b464c4e,CommLayer/Messages/AvalancheMessages$Message$DataHandlerMessage$MetaData$Builder.java,clearDataPair,->,67366ab5-4121-477e-a26c-d2501b464c4e,com/google/protobuf/RepeatedFieldBuilder.java,clear
67366ab5-4121-477e-a26c-d2501b464c4e,CommLayer/Messages/AvalancheMessages$Message$DataHandlerMessage$MetaData$Builder.java,removeDataPair,->,67366ab5-4121-477e-a26c-d2501b464c4e,CommLayer/Messages/AvalancheMessages$Message$DataHandlerMessage$MetaData$Builder.java,ensureDataPairIsMutable
67366ab5-4121-477e-a26c-d2501b464c4e,CommLayer/Messages/AvalancheMessages$Message$DataHandlerMessage$MetaData$Builder.java,removeDataPair,->,67366ab5-4121-477e-a26c-d2501b464c4e,java/util/List.java,remove
67366ab5-4121-477e-a26c-d2501b464c4e,CommLayer/Messages/AvalancheMessages$Message$DataHandlerMessage$MetaData$Builder.java,removeDataPair,->,67366ab5-4121-477e-a26c-d2501b464c4e,CommLayer/Messages/AvalancheMessages$Message$DataHandlerMessage$MetaData$Builder.java,onChanged
67366ab5-4121-477e-a26c-d2501b464c4e,CommLayer/Messages/AvalancheMessages$Message$DataHandlerMessage$MetaData$Builder.java,removeDataPair,->,67366ab5-4121-477e-a26c-d2501b464c4e,com/google/protobuf/RepeatedFieldBuilder.java,remove
67366ab5-4121-477e-a26c-d2501b464c4e,CommLayer/Messages/AvalancheMessages$Message$DataHandlerMessage$MetaData$Builder.java,getDataPairBuilder,->,67366ab5-4121-477e-a26c-d2501b464c4e,CommLayer/Messages/AvalancheMessages$Message$DataHandlerMessage$MetaData$Builder.java,getDataPairFieldBuilder
67366ab5-4121-477e-a26c-d2501b464c4e,CommLayer/Messages/AvalancheMessages$Message$DataHandlerMessage$MetaData$Builder.java,getDataPairBuilder,->,67366ab5-4121-477e-a26c-d2501b464c4e,com/google/protobuf/RepeatedFieldBuilder.java,getBuilder
67366ab5-4121-477e-a26c-d2501b464c4e,CommLayer/Messages/AvalancheMessages$Message$DataHandlerMessage$MetaData$Builder.java,getDataPairOrBuilder,->,67366ab5-4121-477e-a26c-d2501b464c4e,java/util/List.java,get
67366ab5-4121-477e-a26c-d2501b464c4e,CommLayer/Messages/AvalancheMessages$Message$DataHandlerMessage$MetaData$Builder.java,getDataPairOrBuilder,->,67366ab5-4121-477e-a26c-d2501b464c4e,com/google/protobuf/RepeatedFieldBuilder.java,getMessageOrBuilder
67366ab5-4121-477e-a26c-d2501b464c4e,CommLayer/Messages/AvalancheMessages$Message$DataHandlerMessage$MetaData$Builder.java,getDataPairOrBuilderList,->,67366ab5-4121-477e-a26c-d2501b464c4e,com/google/protobuf/RepeatedFieldBuilder.java,getMessageOrBuilderList
67366ab5-4121-477e-a26c-d2501b464c4e,CommLayer/Messages/AvalancheMessages$Message$DataHandlerMessage$MetaData$Builder.java,getDataPairOrBuilderList,->,67366ab5-4121-477e-a26c-d2501b464c4e,java/util/Collections.java,unmodifiableList
67366ab5-4121-477e-a26c-d2501b464c4e,CommLayer/Messages/AvalancheMessages$Message$DataHandlerMessage$MetaData$Builder.java,addDataPairBuilder,->,67366ab5-4121-477e-a26c-d2501b464c4e,CommLayer/Messages/AvalancheMessages$Message$DataHandlerMessage$MetaData$Builder.java,getDataPairFieldBuilder
67366ab5-4121-477e-a26c-d2501b464c4e,CommLayer/Messages/AvalancheMessages$Message$DataHandlerMessage$MetaData$Builder.java,addDataPairBuilder,->,67366ab5-4121-477e-a26c-d2501b464c4e,CommLayer/Messages/AvalancheMessages$Message$DataPair.java,getDefaultInstance
67366ab5-4121-477e-a26c-d2501b464c4e,CommLayer/Messages/AvalancheMessages$Message$DataHandlerMessage$MetaData$Builder.java,addDataPairBuilder,->,67366ab5-4121-477e-a26c-d2501b464c4e,com/google/protobuf/RepeatedFieldBuilder.java,addBuilder
67366ab5-4121-477e-a26c-d2501b464c4e,CommLayer/Messages/AvalancheMessages$Message$DataHandlerMessage$MetaData$Builder.java,addDataPairBuilder,->,67366ab5-4121-477e-a26c-d2501b464c4e,CommLayer/Messages/AvalancheMessages$Message$DataHandlerMessage$MetaData$Builder.java,getDataPairFieldBuilder
67366ab5-4121-477e-a26c-d2501b464c4e,CommLayer/Messages/AvalancheMessages$Message$DataHandlerMessage$MetaData$Builder.java,addDataPairBuilder,->,67366ab5-4121-477e-a26c-d2501b464c4e,CommLayer/Messages/AvalancheMessages$Message$DataPair.java,getDefaultInstance
67366ab5-4121-477e-a26c-d2501b464c4e,CommLayer/Messages/AvalancheMessages$Message$DataHandlerMessage$MetaData$Builder.java,addDataPairBuilder,->,67366ab5-4121-477e-a26c-d2501b464c4e,com/google/protobuf/RepeatedFieldBuilder.java,addBuilder
67366ab5-4121-477e-a26c-d2501b464c4e,CommLayer/Messages/AvalancheMessages$Message$DataHandlerMessage$MetaData$Builder.java,getDataPairBuilderList,->,67366ab5-4121-477e-a26c-d2501b464c4e,CommLayer/Messages/AvalancheMessages$Message$DataHandlerMessage$MetaData$Builder.java,getDataPairFieldBuilder
67366ab5-4121-477e-a26c-d2501b464c4e,CommLayer/Messages/AvalancheMessages$Message$DataHandlerMessage$MetaData$Builder.java,getDataPairBuilderList,->,67366ab5-4121-477e-a26c-d2501b464c4e,com/google/protobuf/RepeatedFieldBuilder.java,getBuilderList
67366ab5-4121-477e-a26c-d2501b464c4e,CommLayer/Messages/AvalancheMessages$Message$DataHandlerMessage$MetaData$Builder.java,getDataPairFieldBuilder,->,67366ab5-4121-477e-a26c-d2501b464c4e,CommLayer/Messages/AvalancheMessages$Message$DataHandlerMessage$MetaData$Builder.java,getParentForChildren
67366ab5-4121-477e-a26c-d2501b464c4e,CommLayer/Messages/AvalancheMessages$Message$DataHandlerMessage$MetaData$Builder.java,getDataPairFieldBuilder,->,67366ab5-4121-477e-a26c-d2501b464c4e,CommLayer/Messages/AvalancheMessages$Message$DataHandlerMessage$MetaData$Builder.java,isClean
67366ab5-4121-477e-a26c-d2501b464c4e,CommLayer/Messages/AvalancheMessages$Message$DataHandlerMessage$MetaData$Builder.java,setIsComplete,->,67366ab5-4121-477e-a26c-d2501b464c4e,CommLayer/Messages/AvalancheMessages$Message$DataHandlerMessage$MetaData$Builder.java,onChanged
67366ab5-4121-477e-a26c-d2501b464c4e,CommLayer/Messages/AvalancheMessages$Message$DataHandlerMessage$MetaData$Builder.java,clearIsComplete,->,67366ab5-4121-477e-a26c-d2501b464c4e,CommLayer/Messages/AvalancheMessages$Message$DataHandlerMessage$MetaData$Builder.java,onChanged
67366ab5-4121-477e-a26c-d2501b464c4e,CommLayer/Messages/AvalancheMessages$Message$DataHandlerMessage$MetaData$Builder.java,clear,->,67366ab5-4121-477e-a26c-d2501b464c4e,CommLayer/Messages/AvalancheMessages$Message$DataHandlerMessage$MetaData$Builder.java,clear
67366ab5-4121-477e-a26c-d2501b464c4e,CommLayer/Messages/AvalancheMessages$Message$DataHandlerMessage$MetaData$Builder.java,clone,->,67366ab5-4121-477e-a26c-d2501b464c4e,CommLayer/Messages/AvalancheMessages$Message$DataHandlerMessage$MetaData$Builder.java,clone
67366ab5-4121-477e-a26c-d2501b464c4e,CommLayer/Messages/AvalancheMessages$Message$DataHandlerMessage$MetaData$Builder.java,mergeFrom,->,67366ab5-4121-477e-a26c-d2501b464c4e,CommLayer/Messages/AvalancheMessages$Message$DataHandlerMessage$MetaData$Builder.java,mergeFrom
67366ab5-4121-477e-a26c-d2501b464c4e,CommLayer/Messages/AvalancheMessages$Message$DataHandlerMessage$MetaData$Builder.java,mergeFrom,->,67366ab5-4121-477e-a26c-d2501b464c4e,CommLayer/Messages/AvalancheMessages$Message$DataHandlerMessage$MetaData$Builder.java,mergeFrom
67366ab5-4121-477e-a26c-d2501b464c4e,CommLayer/Messages/AvalancheMessages$Message$DataHandlerMessage$MetaData$Builder.java,clear,->,67366ab5-4121-477e-a26c-d2501b464c4e,CommLayer/Messages/AvalancheMessages$Message$DataHandlerMessage$MetaData$Builder.java,clear
67366ab5-4121-477e-a26c-d2501b464c4e,CommLayer/Messages/AvalancheMessages$Message$DataHandlerMessage$MetaData$Builder.java,clone,->,67366ab5-4121-477e-a26c-d2501b464c4e,CommLayer/Messages/AvalancheMessages$Message$DataHandlerMessage$MetaData$Builder.java,clone
67366ab5-4121-477e-a26c-d2501b464c4e,CommLayer/Messages/AvalancheMessages$Message$DataHandlerMessage$MetaData$Builder.java,mergeFrom,->,67366ab5-4121-477e-a26c-d2501b464c4e,CommLayer/Messages/AvalancheMessages$Message$DataHandlerMessage$MetaData$Builder.java,mergeFrom
67366ab5-4121-477e-a26c-d2501b464c4e,CommLayer/Messages/AvalancheMessages$Message$DataHandlerMessage$MetaData$Builder.java,clone,->,67366ab5-4121-477e-a26c-d2501b464c4e,CommLayer/Messages/AvalancheMessages$Message$DataHandlerMessage$MetaData$Builder.java,clone
67366ab5-4121-477e-a26c-d2501b464c4e,CommLayer/Messages/AvalancheMessages$Message$DataHandlerMessage$MetaData$Builder.java,buildPartial,->,67366ab5-4121-477e-a26c-d2501b464c4e,CommLayer/Messages/AvalancheMessages$Message$DataHandlerMessage$MetaData$Builder.java,buildPartial
67366ab5-4121-477e-a26c-d2501b464c4e,CommLayer/Messages/AvalancheMessages$Message$DataHandlerMessage$MetaData$Builder.java,build,->,67366ab5-4121-477e-a26c-d2501b464c4e,CommLayer/Messages/AvalancheMessages$Message$DataHandlerMessage$MetaData$Builder.java,build
67366ab5-4121-477e-a26c-d2501b464c4e,CommLayer/Messages/AvalancheMessages$Message$DataHandlerMessage$MetaData$Builder.java,mergeFrom,->,67366ab5-4121-477e-a26c-d2501b464c4e,CommLayer/Messages/AvalancheMessages$Message$DataHandlerMessage$MetaData$Builder.java,mergeFrom
67366ab5-4121-477e-a26c-d2501b464c4e,CommLayer/Messages/AvalancheMessages$Message$DataHandlerMessage$MetaData$Builder.java,clear,->,67366ab5-4121-477e-a26c-d2501b464c4e,CommLayer/Messages/AvalancheMessages$Message$DataHandlerMessage$MetaData$Builder.java,clear
67366ab5-4121-477e-a26c-d2501b464c4e,CommLayer/Messages/AvalancheMessages$Message$DataHandlerMessage$MetaData$Builder.java,mergeFrom,->,67366ab5-4121-477e-a26c-d2501b464c4e,CommLayer/Messages/AvalancheMessages$Message$DataHandlerMessage$MetaData$Builder.java,mergeFrom
67366ab5-4121-477e-a26c-d2501b464c4e,CommLayer/Messages/AvalancheMessages$Message$DataHandlerMessage$MetaData$Builder.java,clone,->,67366ab5-4121-477e-a26c-d2501b464c4e,CommLayer/Messages/AvalancheMessages$Message$DataHandlerMessage$MetaData$Builder.java,clone
67366ab5-4121-477e-a26c-d2501b464c4e,CommLayer/Messages/AvalancheMessages$Message$DataHandlerMessage$MetaData$Builder.java,buildPartial,->,67366ab5-4121-477e-a26c-d2501b464c4e,CommLayer/Messages/AvalancheMessages$Message$DataHandlerMessage$MetaData$Builder.java,buildPartial
67366ab5-4121-477e-a26c-d2501b464c4e,CommLayer/Messages/AvalancheMessages$Message$DataHandlerMessage$MetaData$Builder.java,build,->,67366ab5-4121-477e-a26c-d2501b464c4e,CommLayer/Messages/AvalancheMessages$Message$DataHandlerMessage$MetaData$Builder.java,build
67366ab5-4121-477e-a26c-d2501b464c4e,CommLayer/Messages/AvalancheMessages$Message$DataHandlerMessage$MetaData$Builder.java,clear,->,67366ab5-4121-477e-a26c-d2501b464c4e,CommLayer/Messages/AvalancheMessages$Message$DataHandlerMessage$MetaData$Builder.java,clear
67366ab5-4121-477e-a26c-d2501b464c4e,CommLayer/Messages/AvalancheMessages$Message$DataHandlerMessage$MetaData$Builder.java,getDefaultInstanceForType,->,67366ab5-4121-477e-a26c-d2501b464c4e,CommLayer/Messages/AvalancheMessages$Message$DataHandlerMessage$MetaData$Builder.java,getDefaultInstanceForType
67366ab5-4121-477e-a26c-d2501b464c4e,CommLayer/Messages/AvalancheMessages$Message$DataHandlerMessage$MetaData$Builder.java,getDefaultInstanceForType,->,67366ab5-4121-477e-a26c-d2501b464c4e,CommLayer/Messages/AvalancheMessages$Message$DataHandlerMessage$MetaData$Builder.java,getDefaultInstanceForType
67366ab5-4121-477e-a26c-d2501b464c4e,CommLayer/Messages/AvalancheMessages$Message$DataHandlerMessage$MetaData$Builder.java,mergeFrom,->,67366ab5-4121-477e-a26c-d2501b464c4e,CommLayer/Messages/AvalancheMessages$Message$DataHandlerMessage$MetaData$Builder.java,mergeFrom
67366ab5-4121-477e-a26c-d2501b464c4e,CommLayer/Messages/AvalancheMessages$Message$DataHandlerMessage$MetaData$Builder.java,clone,->,67366ab5-4121-477e-a26c-d2501b464c4e,CommLayer/Messages/AvalancheMessages$Message$DataHandlerMessage$MetaData$Builder.java,clone
67366ab5-4121-477e-a26c-d2501b464c4e,CommLayer/Messages/AvalancheMessages$Message$DataHandlerMessage$MetaData$Builder.java,clone,->,67366ab5-4121-477e-a26c-d2501b464c4e,CommLayer/Messages/AvalancheMessages$Message$DataHandlerMessage$MetaData$Builder.java,clone
67366ab5-4121-477e-a26c-d2501b464c4e,CommLayer/Messages/AvalancheMessages$Message$DataHandlerMessage$MetaData$Builder.java,access$5100,->,67366ab5-4121-477e-a26c-d2501b464c4e,CommLayer/Messages/AvalancheMessages$Message$DataHandlerMessage$MetaData$Builder.java,create
67366ab5-4121-477e-a26c-d2501b464c4e,CommLayer/Messages/AvalancheMessages$Message$DataManagerMessage$DataSourceRequestMessage$1.java,parsePartialFrom,->,67366ab5-4121-477e-a26c-d2501b464c4e,CommLayer/Messages/AvalancheMessages$Message$DataManagerMessage$DataSourceRequestMessage$1.java,parsePartialFrom
67366ab5-4121-477e-a26c-d2501b464c4e,CommLayer/Messages/AvalancheMessages$Message$TopologyMessage$Node$1.java,parsePartialFrom,->,67366ab5-4121-477e-a26c-d2501b464c4e,CommLayer/Messages/AvalancheMessages$Message$TopologyMessage$Node$1.java,parsePartialFrom
67366ab5-4121-477e-a26c-d2501b464c4e,CommLayer/Messages/AvalancheMessages$Message$1.java,parsePartialFrom,->,67366ab5-4121-477e-a26c-d2501b464c4e,CommLayer/Messages/AvalancheMessages$Message$1.java,parsePartialFrom
67366ab5-4121-477e-a26c-d2501b464c4e,CommLayer/HeartBeatGenerator$HeartBeatTask.java,run,->,67366ab5-4121-477e-a26c-d2501b464c4e,2ad5ceba-170a-46b2-ab66-da5b1ce959ba,c3663ae8-4755-419a-b1ae-6f1600b57e37
67366ab5-4121-477e-a26c-d2501b464c4e,CommLayer/HeartBeatGenerator$HeartBeatTask.java,run,->,67366ab5-4121-477e-a26c-d2501b464c4e,98d0f80c-62ce-4870-90b2-a205eee83476,d5689140-0bba-49c5-8efa-74f684250ba4
67366ab5-4121-477e-a26c-d2501b464c4e,a492821a-1ea4-423e-a07e-d1f54be0f732,86d2a8a3-4843-4fba-a4e0-a3a772c77c95,->,67366ab5-4121-477e-a26c-d2501b464c4e,CommLayer/Messages/AvalancheMessages$Message.java,parseDelimitedFrom
67366ab5-4121-477e-a26c-d2501b464c4e,a492821a-1ea4-423e-a07e-d1f54be0f732,86d2a8a3-4843-4fba-a4e0-a3a772c77c95,->,67366ab5-4121-477e-a26c-d2501b464c4e,CommLayer/StreamThread.java,setChanged
67366ab5-4121-477e-a26c-d2501b464c4e,a492821a-1ea4-423e-a07e-d1f54be0f732,86d2a8a3-4843-4fba-a4e0-a3a772c77c95,->,67366ab5-4121-477e-a26c-d2501b464c4e,CommLayer/StreamThread.java,notifyObservers
67366ab5-4121-477e-a26c-d2501b464c4e,a492821a-1ea4-423e-a07e-d1f54be0f732,86d2a8a3-4843-4fba-a4e0-a3a772c77c95,->,67366ab5-4121-477e-a26c-d2501b464c4e,CommLayer/Messages/AvalancheMessages$Message.java,getMessageType
67366ab5-4121-477e-a26c-d2501b464c4e,a492821a-1ea4-423e-a07e-d1f54be0f732,86d2a8a3-4843-4fba-a4e0-a3a772c77c95,->,67366ab5-4121-477e-a26c-d2501b464c4e,java/lang/StringBuilder.java,append
67366ab5-4121-477e-a26c-d2501b464c4e,a492821a-1ea4-423e-a07e-d1f54be0f732,86d2a8a3-4843-4fba-a4e0-a3a772c77c95,->,67366ab5-4121-477e-a26c-d2501b464c4e,java/lang/StringBuilder.java,append
67366ab5-4121-477e-a26c-d2501b464c4e,a492821a-1ea4-423e-a07e-d1f54be0f732,86d2a8a3-4843-4fba-a4e0-a3a772c77c95,->,67366ab5-4121-477e-a26c-d2501b464c4e,java/lang/StringBuilder.java,append
67366ab5-4121-477e-a26c-d2501b464c4e,a492821a-1ea4-423e-a07e-d1f54be0f732,86d2a8a3-4843-4fba-a4e0-a3a772c77c95,->,67366ab5-4121-477e-a26c-d2501b464c4e,java/lang/StringBuilder.java,append
67366ab5-4121-477e-a26c-d2501b464c4e,a492821a-1ea4-423e-a07e-d1f54be0f732,86d2a8a3-4843-4fba-a4e0-a3a772c77c95,->,67366ab5-4121-477e-a26c-d2501b464c4e,java/lang/StringBuilder.java,toString
67366ab5-4121-477e-a26c-d2501b464c4e,a492821a-1ea4-423e-a07e-d1f54be0f732,86d2a8a3-4843-4fba-a4e0-a3a772c77c95,->,67366ab5-4121-477e-a26c-d2501b464c4e,java/io/PrintStream.java,println
67366ab5-4121-477e-a26c-d2501b464c4e,a492821a-1ea4-423e-a07e-d1f54be0f732,86d2a8a3-4843-4fba-a4e0-a3a772c77c95,->,67366ab5-4121-477e-a26c-d2501b464c4e,CommLayer/Messages/AvalancheMessages$Message.java,getMessageType
67366ab5-4121-477e-a26c-d2501b464c4e,a492821a-1ea4-423e-a07e-d1f54be0f732,86d2a8a3-4843-4fba-a4e0-a3a772c77c95,->,67366ab5-4121-477e-a26c-d2501b464c4e,java/lang/StringBuilder.java,append
67366ab5-4121-477e-a26c-d2501b464c4e,a492821a-1ea4-423e-a07e-d1f54be0f732,86d2a8a3-4843-4fba-a4e0-a3a772c77c95,->,67366ab5-4121-477e-a26c-d2501b464c4e,java/lang/StringBuilder.java,append
67366ab5-4121-477e-a26c-d2501b464c4e,a492821a-1ea4-423e-a07e-d1f54be0f732,86d2a8a3-4843-4fba-a4e0-a3a772c77c95,->,67366ab5-4121-477e-a26c-d2501b464c4e,java/lang/StringBuilder.java,append
67366ab5-4121-477e-a26c-d2501b464c4e,a492821a-1ea4-423e-a07e-d1f54be0f732,86d2a8a3-4843-4fba-a4e0-a3a772c77c95,->,67366ab5-4121-477e-a26c-d2501b464c4e,java/lang/StringBuilder.java,toString
67366ab5-4121-477e-a26c-d2501b464c4e,a492821a-1ea4-423e-a07e-d1f54be0f732,86d2a8a3-4843-4fba-a4e0-a3a772c77c95,->,67366ab5-4121-477e-a26c-d2501b464c4e,java/io/PrintStream.java,println
67366ab5-4121-477e-a26c-d2501b464c4e,a492821a-1ea4-423e-a07e-d1f54be0f732,86d2a8a3-4843-4fba-a4e0-a3a772c77c95,->,67366ab5-4121-477e-a26c-d2501b464c4e,java/io/InputStream.java,close
67366ab5-4121-477e-a26c-d2501b464c4e,a492821a-1ea4-423e-a07e-d1f54be0f732,86d2a8a3-4843-4fba-a4e0-a3a772c77c95,->,67366ab5-4121-477e-a26c-d2501b464c4e,java/net/Socket.java,close
67366ab5-4121-477e-a26c-d2501b464c4e,a492821a-1ea4-423e-a07e-d1f54be0f732,86d2a8a3-4843-4fba-a4e0-a3a772c77c95,->,67366ab5-4121-477e-a26c-d2501b464c4e,java/io/IOException.java,printStackTrace
67366ab5-4121-477e-a26c-d2501b464c4e,a492821a-1ea4-423e-a07e-d1f54be0f732,245e4e44-cf37-4d76-9cfe-068ca2de02db,->,67366ab5-4121-477e-a26c-d2501b464c4e,CommLayer/Messages/AvalancheMessages$Message$Builder.java,setSenderId
67366ab5-4121-477e-a26c-d2501b464c4e,a492821a-1ea4-423e-a07e-d1f54be0f732,245e4e44-cf37-4d76-9cfe-068ca2de02db,->,67366ab5-4121-477e-a26c-d2501b464c4e,CommLayer/Messages/AvalancheMessages$Message$Builder.java,build
67366ab5-4121-477e-a26c-d2501b464c4e,a492821a-1ea4-423e-a07e-d1f54be0f732,245e4e44-cf37-4d76-9cfe-068ca2de02db,->,67366ab5-4121-477e-a26c-d2501b464c4e,CommLayer/Messages/AvalancheMessages$Message.java,writeDelimitedTo
67366ab5-4121-477e-a26c-d2501b464c4e,a492821a-1ea4-423e-a07e-d1f54be0f732,245e4e44-cf37-4d76-9cfe-068ca2de02db,->,67366ab5-4121-477e-a26c-d2501b464c4e,CommLayer/Messages/AvalancheMessages$Message.java,getMessageType
67366ab5-4121-477e-a26c-d2501b464c4e,a492821a-1ea4-423e-a07e-d1f54be0f732,245e4e44-cf37-4d76-9cfe-068ca2de02db,->,67366ab5-4121-477e-a26c-d2501b464c4e,java/lang/StringBuilder.java,append
67366ab5-4121-477e-a26c-d2501b464c4e,a492821a-1ea4-423e-a07e-d1f54be0f732,245e4e44-cf37-4d76-9cfe-068ca2de02db,->,67366ab5-4121-477e-a26c-d2501b464c4e,java/lang/StringBuilder.java,append
67366ab5-4121-477e-a26c-d2501b464c4e,a492821a-1ea4-423e-a07e-d1f54be0f732,245e4e44-cf37-4d76-9cfe-068ca2de02db,->,67366ab5-4121-477e-a26c-d2501b464c4e,java/lang/StringBuilder.java,append
67366ab5-4121-477e-a26c-d2501b464c4e,a492821a-1ea4-423e-a07e-d1f54be0f732,245e4e44-cf37-4d76-9cfe-068ca2de02db,->,67366ab5-4121-477e-a26c-d2501b464c4e,java/lang/StringBuilder.java,append
67366ab5-4121-477e-a26c-d2501b464c4e,a492821a-1ea4-423e-a07e-d1f54be0f732,245e4e44-cf37-4d76-9cfe-068ca2de02db,->,67366ab5-4121-477e-a26c-d2501b464c4e,java/lang/StringBuilder.java,toString
67366ab5-4121-477e-a26c-d2501b464c4e,a492821a-1ea4-423e-a07e-d1f54be0f732,245e4e44-cf37-4d76-9cfe-068ca2de02db,->,67366ab5-4121-477e-a26c-d2501b464c4e,java/io/PrintStream.java,println
67366ab5-4121-477e-a26c-d2501b464c4e,a492821a-1ea4-423e-a07e-d1f54be0f732,245e4e44-cf37-4d76-9cfe-068ca2de02db,->,67366ab5-4121-477e-a26c-d2501b464c4e,java/io/IOException.java,printStackTrace
67366ab5-4121-477e-a26c-d2501b464c4e,a492821a-1ea4-423e-a07e-d1f54be0f732,c5b3dd0d-5e12-44ad-91f9-f73db28438fb,->,67366ab5-4121-477e-a26c-d2501b464c4e,2ad5ceba-170a-46b2-ab66-da5b1ce959ba,699adf6d-a20a-415f-91ae-c27a9ba272d4
67366ab5-4121-477e-a26c-d2501b464c4e,a492821a-1ea4-423e-a07e-d1f54be0f732,c5b3dd0d-5e12-44ad-91f9-f73db28438fb,->,67366ab5-4121-477e-a26c-d2501b464c4e,CommLayer/Messages/AvalancheMessages$Message$Builder.java,setSenderId
67366ab5-4121-477e-a26c-d2501b464c4e,a492821a-1ea4-423e-a07e-d1f54be0f732,c5b3dd0d-5e12-44ad-91f9-f73db28438fb,->,67366ab5-4121-477e-a26c-d2501b464c4e,CommLayer/Messages/AvalancheMessages$Message$Builder.java,build
67366ab5-4121-477e-a26c-d2501b464c4e,a492821a-1ea4-423e-a07e-d1f54be0f732,c5b3dd0d-5e12-44ad-91f9-f73db28438fb,->,67366ab5-4121-477e-a26c-d2501b464c4e,CommLayer/Messages/AvalancheMessages$Message.java,writeDelimitedTo
67366ab5-4121-477e-a26c-d2501b464c4e,a492821a-1ea4-423e-a07e-d1f54be0f732,c5b3dd0d-5e12-44ad-91f9-f73db28438fb,->,67366ab5-4121-477e-a26c-d2501b464c4e,java/io/OutputStream.java,flush
67366ab5-4121-477e-a26c-d2501b464c4e,a492821a-1ea4-423e-a07e-d1f54be0f732,c5b3dd0d-5e12-44ad-91f9-f73db28438fb,->,67366ab5-4121-477e-a26c-d2501b464c4e,java/io/OutputStream.java,close
67366ab5-4121-477e-a26c-d2501b464c4e,a492821a-1ea4-423e-a07e-d1f54be0f732,c5b3dd0d-5e12-44ad-91f9-f73db28438fb,->,67366ab5-4121-477e-a26c-d2501b464c4e,java/io/IOException.java,printStackTrace
67366ab5-4121-477e-a26c-d2501b464c4e,98d0f80c-62ce-4870-90b2-a205eee83476,9ff0b8e7-0ee4-499f-98cf-17741b18f231,->,67366ab5-4121-477e-a26c-d2501b464c4e,java/lang/Thread.java,start
67366ab5-4121-477e-a26c-d2501b464c4e,98d0f80c-62ce-4870-90b2-a205eee83476,9ff0b8e7-0ee4-499f-98cf-17741b18f231,->,67366ab5-4121-477e-a26c-d2501b464c4e,java/io/IOException.java,printStackTrace
67366ab5-4121-477e-a26c-d2501b464c4e,98d0f80c-62ce-4870-90b2-a205eee83476,d5689140-0bba-49c5-8efa-74f684250ba4,->,67366ab5-4121-477e-a26c-d2501b464c4e,a492821a-1ea4-423e-a07e-d1f54be0f732,245e4e44-cf37-4d76-9cfe-068ca2de02db
67366ab5-4121-477e-a26c-d2501b464c4e,98d0f80c-62ce-4870-90b2-a205eee83476,ca8ecea9-4297-437c-9b8a-78850d41cf58,->,67366ab5-4121-477e-a26c-d2501b464c4e,CommLayer/StreamThread.java,addObserver
67366ab5-4121-477e-a26c-d2501b464c4e,98d0f80c-62ce-4870-90b2-a205eee83476,34127776-924f-4d3b-872f-935c03cb9b5e,->,67366ab5-4121-477e-a26c-d2501b464c4e,a492821a-1ea4-423e-a07e-d1f54be0f732,c5b3dd0d-5e12-44ad-91f9-f73db28438fb
67366ab5-4121-477e-a26c-d2501b464c4e,1a8252f4-170f-482d-93fc-e70302a59f70,600297b2-fc8d-4b80-b967-2b199cbe4f3d,->,67366ab5-4121-477e-a26c-d2501b464c4e,java/util/Timer.java,cancel
67366ab5-4121-477e-a26c-d2501b464c4e,Core/Status$State.java,values,->,67366ab5-4121-477e-a26c-d2501b464c4e,Core/Status$State.java,clone
67366ab5-4121-477e-a26c-d2501b464c4e,Core/Status$State.java,valueOf,->,67366ab5-4121-477e-a26c-d2501b464c4e,java/lang/Enum.java,valueOf
67366ab5-4121-477e-a26c-d2501b464c4e,e864e2c9-34c6-4336-992f-ac0ef90ef68d,6bc4329a-62bf-4d89-9cd3-b6771f3bec14,->,67366ab5-4121-477e-a26c-d2501b464c4e,ad9645e9-13a0-480a-b03e-65d5a6599f26,f1f802ba-f153-4550-a369-e7fa678e9358
67366ab5-4121-477e-a26c-d2501b464c4e,e864e2c9-34c6-4336-992f-ac0ef90ef68d,6bc4329a-62bf-4d89-9cd3-b6771f3bec14,->,67366ab5-4121-477e-a26c-d2501b464c4e,ad9645e9-13a0-480a-b03e-65d5a6599f26,563b6e32-c21d-4e42-bf52-69b8954634a5
67366ab5-4121-477e-a26c-d2501b464c4e,e864e2c9-34c6-4336-992f-ac0ef90ef68d,6bc4329a-62bf-4d89-9cd3-b6771f3bec14,->,67366ab5-4121-477e-a26c-d2501b464c4e,java/net/Socket.java,getOutputStream
67366ab5-4121-477e-a26c-d2501b464c4e,e864e2c9-34c6-4336-992f-ac0ef90ef68d,6bc4329a-62bf-4d89-9cd3-b6771f3bec14,->,67366ab5-4121-477e-a26c-d2501b464c4e,java/util/LinkedList.java,add
67366ab5-4121-477e-a26c-d2501b464c4e,e864e2c9-34c6-4336-992f-ac0ef90ef68d,6bc4329a-62bf-4d89-9cd3-b6771f3bec14,->,67366ab5-4121-477e-a26c-d2501b464c4e,java/util/LinkedList.java,add
67366ab5-4121-477e-a26c-d2501b464c4e,e864e2c9-34c6-4336-992f-ac0ef90ef68d,6bc4329a-62bf-4d89-9cd3-b6771f3bec14,->,67366ab5-4121-477e-a26c-d2501b464c4e,2ad5ceba-170a-46b2-ab66-da5b1ce959ba,f6eb6c10-c1d9-4f8a-b376-996d55d8108c
67366ab5-4121-477e-a26c-d2501b464c4e,e864e2c9-34c6-4336-992f-ac0ef90ef68d,6bc4329a-62bf-4d89-9cd3-b6771f3bec14,->,67366ab5-4121-477e-a26c-d2501b464c4e,CommLayer/Messages/AvalancheMessages$Message$Builder.java,build
67366ab5-4121-477e-a26c-d2501b464c4e,e864e2c9-34c6-4336-992f-ac0ef90ef68d,6bc4329a-62bf-4d89-9cd3-b6771f3bec14,->,67366ab5-4121-477e-a26c-d2501b464c4e,CommLayer/Messages/AvalancheMessages$Message.java,writeDelimitedTo
67366ab5-4121-477e-a26c-d2501b464c4e,e864e2c9-34c6-4336-992f-ac0ef90ef68d,6bc4329a-62bf-4d89-9cd3-b6771f3bec14,->,67366ab5-4121-477e-a26c-d2501b464c4e,java/io/PrintStream.java,println
67366ab5-4121-477e-a26c-d2501b464c4e,e864e2c9-34c6-4336-992f-ac0ef90ef68d,6bc4329a-62bf-4d89-9cd3-b6771f3bec14,->,67366ab5-4121-477e-a26c-d2501b464c4e,java/io/BufferedReader.java,readLine
67366ab5-4121-477e-a26c-d2501b464c4e,e864e2c9-34c6-4336-992f-ac0ef90ef68d,6bc4329a-62bf-4d89-9cd3-b6771f3bec14,->,67366ab5-4121-477e-a26c-d2501b464c4e,java/io/IOException.java,printStackTrace
67366ab5-4121-477e-a26c-d2501b464c4e,e864e2c9-34c6-4336-992f-ac0ef90ef68d,6bc4329a-62bf-4d89-9cd3-b6771f3bec14,->,67366ab5-4121-477e-a26c-d2501b464c4e,2ad5ceba-170a-46b2-ab66-da5b1ce959ba,1d634544-47a8-4faa-ada3-04a0d18039a1
67366ab5-4121-477e-a26c-d2501b464c4e,e864e2c9-34c6-4336-992f-ac0ef90ef68d,6bc4329a-62bf-4d89-9cd3-b6771f3bec14,->,67366ab5-4121-477e-a26c-d2501b464c4e,CommLayer/Messages/AvalancheMessages$Message$Builder.java,build
67366ab5-4121-477e-a26c-d2501b464c4e,e864e2c9-34c6-4336-992f-ac0ef90ef68d,6bc4329a-62bf-4d89-9cd3-b6771f3bec14,->,67366ab5-4121-477e-a26c-d2501b464c4e,2ad5ceba-170a-46b2-ab66-da5b1ce959ba,1d634544-47a8-4faa-ada3-04a0d18039a1
67366ab5-4121-477e-a26c-d2501b464c4e,e864e2c9-34c6-4336-992f-ac0ef90ef68d,6bc4329a-62bf-4d89-9cd3-b6771f3bec14,->,67366ab5-4121-477e-a26c-d2501b464c4e,CommLayer/Messages/AvalancheMessages$Message$Builder.java,build
67366ab5-4121-477e-a26c-d2501b464c4e,e864e2c9-34c6-4336-992f-ac0ef90ef68d,6bc4329a-62bf-4d89-9cd3-b6771f3bec14,->,67366ab5-4121-477e-a26c-d2501b464c4e,CommLayer/Messages/AvalancheMessages$Message.java,writeDelimitedTo
67366ab5-4121-477e-a26c-d2501b464c4e,e864e2c9-34c6-4336-992f-ac0ef90ef68d,6bc4329a-62bf-4d89-9cd3-b6771f3bec14,->,67366ab5-4121-477e-a26c-d2501b464c4e,CommLayer/Messages/AvalancheMessages$Message.java,writeDelimitedTo
67366ab5-4121-477e-a26c-d2501b464c4e,e864e2c9-34c6-4336-992f-ac0ef90ef68d,6bc4329a-62bf-4d89-9cd3-b6771f3bec14,->,67366ab5-4121-477e-a26c-d2501b464c4e,java/io/PrintStream.java,println
67366ab5-4121-477e-a26c-d2501b464c4e,e864e2c9-34c6-4336-992f-ac0ef90ef68d,6bc4329a-62bf-4d89-9cd3-b6771f3bec14,->,67366ab5-4121-477e-a26c-d2501b464c4e,java/io/BufferedReader.java,readLine
67366ab5-4121-477e-a26c-d2501b464c4e,e864e2c9-34c6-4336-992f-ac0ef90ef68d,6bc4329a-62bf-4d89-9cd3-b6771f3bec14,->,67366ab5-4121-477e-a26c-d2501b464c4e,java/io/IOException.java,printStackTrace
67366ab5-4121-477e-a26c-d2501b464c4e,e864e2c9-34c6-4336-992f-ac0ef90ef68d,6bc4329a-62bf-4d89-9cd3-b6771f3bec14,->,67366ab5-4121-477e-a26c-d2501b464c4e,ad9645e9-13a0-480a-b03e-65d5a6599f26,563b6e32-c21d-4e42-bf52-69b8954634a5
67366ab5-4121-477e-a26c-d2501b464c4e,e864e2c9-34c6-4336-992f-ac0ef90ef68d,6bc4329a-62bf-4d89-9cd3-b6771f3bec14,->,67366ab5-4121-477e-a26c-d2501b464c4e,java/net/Socket.java,getOutputStream
67366ab5-4121-477e-a26c-d2501b464c4e,e864e2c9-34c6-4336-992f-ac0ef90ef68d,6bc4329a-62bf-4d89-9cd3-b6771f3bec14,->,67366ab5-4121-477e-a26c-d2501b464c4e,java/net/Socket.java,getInputStream
67366ab5-4121-477e-a26c-d2501b464c4e,e864e2c9-34c6-4336-992f-ac0ef90ef68d,6bc4329a-62bf-4d89-9cd3-b6771f3bec14,->,67366ab5-4121-477e-a26c-d2501b464c4e,2ad5ceba-170a-46b2-ab66-da5b1ce959ba,6f7ebf8f-41f6-43e6-bab7-9992380cc943
67366ab5-4121-477e-a26c-d2501b464c4e,e864e2c9-34c6-4336-992f-ac0ef90ef68d,6bc4329a-62bf-4d89-9cd3-b6771f3bec14,->,67366ab5-4121-477e-a26c-d2501b464c4e,CommLayer/Messages/AvalancheMessages$Message$Builder.java,build
67366ab5-4121-477e-a26c-d2501b464c4e,e864e2c9-34c6-4336-992f-ac0ef90ef68d,6bc4329a-62bf-4d89-9cd3-b6771f3bec14,->,67366ab5-4121-477e-a26c-d2501b464c4e,CommLayer/Messages/AvalancheMessages$Message.java,writeDelimitedTo
67366ab5-4121-477e-a26c-d2501b464c4e,e864e2c9-34c6-4336-992f-ac0ef90ef68d,6bc4329a-62bf-4d89-9cd3-b6771f3bec14,->,67366ab5-4121-477e-a26c-d2501b464c4e,CommLayer/Messages/AvalancheMessages$Message.java,parseDelimitedFrom
67366ab5-4121-477e-a26c-d2501b464c4e,e864e2c9-34c6-4336-992f-ac0ef90ef68d,6bc4329a-62bf-4d89-9cd3-b6771f3bec14,->,67366ab5-4121-477e-a26c-d2501b464c4e,java/lang/StringBuilder.java,append
67366ab5-4121-477e-a26c-d2501b464c4e,e864e2c9-34c6-4336-992f-ac0ef90ef68d,6bc4329a-62bf-4d89-9cd3-b6771f3bec14,->,67366ab5-4121-477e-a26c-d2501b464c4e,CommLayer/Messages/AvalancheMessages$Message.java,getMessageType
67366ab5-4121-477e-a26c-d2501b464c4e,e864e2c9-34c6-4336-992f-ac0ef90ef68d,6bc4329a-62bf-4d89-9cd3-b6771f3bec14,->,67366ab5-4121-477e-a26c-d2501b464c4e,java/lang/StringBuilder.java,append
67366ab5-4121-477e-a26c-d2501b464c4e,e864e2c9-34c6-4336-992f-ac0ef90ef68d,6bc4329a-62bf-4d89-9cd3-b6771f3bec14,->,67366ab5-4121-477e-a26c-d2501b464c4e,java/lang/StringBuilder.java,toString
67366ab5-4121-477e-a26c-d2501b464c4e,e864e2c9-34c6-4336-992f-ac0ef90ef68d,6bc4329a-62bf-4d89-9cd3-b6771f3bec14,->,67366ab5-4121-477e-a26c-d2501b464c4e,java/io/PrintStream.java,println
67366ab5-4121-477e-a26c-d2501b464c4e,e864e2c9-34c6-4336-992f-ac0ef90ef68d,6bc4329a-62bf-4d89-9cd3-b6771f3bec14,->,67366ab5-4121-477e-a26c-d2501b464c4e,CommLayer/Messages/AvalancheMessages$Message.java,getDataHandlerMessage
67366ab5-4121-477e-a26c-d2501b464c4e,e864e2c9-34c6-4336-992f-ac0ef90ef68d,6bc4329a-62bf-4d89-9cd3-b6771f3bec14,->,67366ab5-4121-477e-a26c-d2501b464c4e,CommLayer/Messages/AvalancheMessages$Message$DataHandlerMessage.java,getType
67366ab5-4121-477e-a26c-d2501b464c4e,e864e2c9-34c6-4336-992f-ac0ef90ef68d,6bc4329a-62bf-4d89-9cd3-b6771f3bec14,->,67366ab5-4121-477e-a26c-d2501b464c4e,java/io/PrintStream.java,println
67366ab5-4121-477e-a26c-d2501b464c4e,e864e2c9-34c6-4336-992f-ac0ef90ef68d,6bc4329a-62bf-4d89-9cd3-b6771f3bec14,->,67366ab5-4121-477e-a26c-d2501b464c4e,CommLayer/Messages/AvalancheMessages$Message$DataHandlerMessage.java,getType
67366ab5-4121-477e-a26c-d2501b464c4e,e864e2c9-34c6-4336-992f-ac0ef90ef68d,6bc4329a-62bf-4d89-9cd3-b6771f3bec14,->,67366ab5-4121-477e-a26c-d2501b464c4e,CommLayer/Messages/AvalancheMessages$Message$DataHandlerMessage.java,getDataPayLoadList
67366ab5-4121-477e-a26c-d2501b464c4e,e864e2c9-34c6-4336-992f-ac0ef90ef68d,6bc4329a-62bf-4d89-9cd3-b6771f3bec14,->,67366ab5-4121-477e-a26c-d2501b464c4e,java/io/PrintStream.java,println
67366ab5-4121-477e-a26c-d2501b464c4e,e864e2c9-34c6-4336-992f-ac0ef90ef68d,6bc4329a-62bf-4d89-9cd3-b6771f3bec14,->,67366ab5-4121-477e-a26c-d2501b464c4e,2ad5ceba-170a-46b2-ab66-da5b1ce959ba,699adf6d-a20a-415f-91ae-c27a9ba272d4
67366ab5-4121-477e-a26c-d2501b464c4e,e864e2c9-34c6-4336-992f-ac0ef90ef68d,6bc4329a-62bf-4d89-9cd3-b6771f3bec14,->,67366ab5-4121-477e-a26c-d2501b464c4e,CommLayer/Messages/AvalancheMessages$Message$Builder.java,build
67366ab5-4121-477e-a26c-d2501b464c4e,e864e2c9-34c6-4336-992f-ac0ef90ef68d,6bc4329a-62bf-4d89-9cd3-b6771f3bec14,->,67366ab5-4121-477e-a26c-d2501b464c4e,CommLayer/Messages/AvalancheMessages$Message.java,writeDelimitedTo
67366ab5-4121-477e-a26c-d2501b464c4e,e864e2c9-34c6-4336-992f-ac0ef90ef68d,6bc4329a-62bf-4d89-9cd3-b6771f3bec14,->,67366ab5-4121-477e-a26c-d2501b464c4e,java/io/OutputStream.java,flush
67366ab5-4121-477e-a26c-d2501b464c4e,e864e2c9-34c6-4336-992f-ac0ef90ef68d,6bc4329a-62bf-4d89-9cd3-b6771f3bec14,->,67366ab5-4121-477e-a26c-d2501b464c4e,java/io/OutputStream.java,close
67366ab5-4121-477e-a26c-d2501b464c4e,d7db08b1-b467-4202-8a0d-13c444111810,69f132cc-5076-41b6-9cc8-e8ca978e9265,->,67366ab5-4121-477e-a26c-d2501b464c4e,ad9645e9-13a0-480a-b03e-65d5a6599f26,f1f802ba-f153-4550-a369-e7fa678e9358
67366ab5-4121-477e-a26c-d2501b464c4e,d7db08b1-b467-4202-8a0d-13c444111810,69f132cc-5076-41b6-9cc8-e8ca978e9265,->,67366ab5-4121-477e-a26c-d2501b464c4e,ad9645e9-13a0-480a-b03e-65d5a6599f26,563b6e32-c21d-4e42-bf52-69b8954634a5
67366ab5-4121-477e-a26c-d2501b464c4e,d7db08b1-b467-4202-8a0d-13c444111810,69f132cc-5076-41b6-9cc8-e8ca978e9265,->,67366ab5-4121-477e-a26c-d2501b464c4e,java/net/Socket.java,getOutputStream
67366ab5-4121-477e-a26c-d2501b464c4e,d7db08b1-b467-4202-8a0d-13c444111810,69f132cc-5076-41b6-9cc8-e8ca978e9265,->,67366ab5-4121-477e-a26c-d2501b464c4e,java/util/LinkedList.java,add
67366ab5-4121-477e-a26c-d2501b464c4e,d7db08b1-b467-4202-8a0d-13c444111810,69f132cc-5076-41b6-9cc8-e8ca978e9265,->,67366ab5-4121-477e-a26c-d2501b464c4e,java/util/LinkedList.java,add
67366ab5-4121-477e-a26c-d2501b464c4e,d7db08b1-b467-4202-8a0d-13c444111810,69f132cc-5076-41b6-9cc8-e8ca978e9265,->,67366ab5-4121-477e-a26c-d2501b464c4e,2ad5ceba-170a-46b2-ab66-da5b1ce959ba,f6eb6c10-c1d9-4f8a-b376-996d55d8108c
67366ab5-4121-477e-a26c-d2501b464c4e,d7db08b1-b467-4202-8a0d-13c444111810,69f132cc-5076-41b6-9cc8-e8ca978e9265,->,67366ab5-4121-477e-a26c-d2501b464c4e,CommLayer/Messages/AvalancheMessages$Message$Builder.java,build
67366ab5-4121-477e-a26c-d2501b464c4e,d7db08b1-b467-4202-8a0d-13c444111810,69f132cc-5076-41b6-9cc8-e8ca978e9265,->,67366ab5-4121-477e-a26c-d2501b464c4e,CommLayer/Messages/AvalancheMessages$Message.java,writeDelimitedTo
67366ab5-4121-477e-a26c-d2501b464c4e,d7db08b1-b467-4202-8a0d-13c444111810,69f132cc-5076-41b6-9cc8-e8ca978e9265,->,67366ab5-4121-477e-a26c-d2501b464c4e,java/util/LinkedList.java,add
67366ab5-4121-477e-a26c-d2501b464c4e,d7db08b1-b467-4202-8a0d-13c444111810,69f132cc-5076-41b6-9cc8-e8ca978e9265,->,67366ab5-4121-477e-a26c-d2501b464c4e,java/util/LinkedList.java,add
67366ab5-4121-477e-a26c-d2501b464c4e,d7db08b1-b467-4202-8a0d-13c444111810,69f132cc-5076-41b6-9cc8-e8ca978e9265,->,67366ab5-4121-477e-a26c-d2501b464c4e,2ad5ceba-170a-46b2-ab66-da5b1ce959ba,f6eb6c10-c1d9-4f8a-b376-996d55d8108c
67366ab5-4121-477e-a26c-d2501b464c4e,d7db08b1-b467-4202-8a0d-13c444111810,69f132cc-5076-41b6-9cc8-e8ca978e9265,->,67366ab5-4121-477e-a26c-d2501b464c4e,CommLayer/Messages/AvalancheMessages$Message$Builder.java,build
67366ab5-4121-477e-a26c-d2501b464c4e,d7db08b1-b467-4202-8a0d-13c444111810,69f132cc-5076-41b6-9cc8-e8ca978e9265,->,67366ab5-4121-477e-a26c-d2501b464c4e,CommLayer/Messages/AvalancheMessages$Message.java,writeDelimitedTo
67366ab5-4121-477e-a26c-d2501b464c4e,d7db08b1-b467-4202-8a0d-13c444111810,69f132cc-5076-41b6-9cc8-e8ca978e9265,->,67366ab5-4121-477e-a26c-d2501b464c4e,java/util/LinkedList.java,add
67366ab5-4121-477e-a26c-d2501b464c4e,d7db08b1-b467-4202-8a0d-13c444111810,69f132cc-5076-41b6-9cc8-e8ca978e9265,->,67366ab5-4121-477e-a26c-d2501b464c4e,java/util/LinkedList.java,add
67366ab5-4121-477e-a26c-d2501b464c4e,d7db08b1-b467-4202-8a0d-13c444111810,69f132cc-5076-41b6-9cc8-e8ca978e9265,->,67366ab5-4121-477e-a26c-d2501b464c4e,2ad5ceba-170a-46b2-ab66-da5b1ce959ba,f6eb6c10-c1d9-4f8a-b376-996d55d8108c
67366ab5-4121-477e-a26c-d2501b464c4e,d7db08b1-b467-4202-8a0d-13c444111810,69f132cc-5076-41b6-9cc8-e8ca978e9265,->,67366ab5-4121-477e-a26c-d2501b464c4e,CommLayer/Messages/AvalancheMessages$Message$Builder.java,build
67366ab5-4121-477e-a26c-d2501b464c4e,d7db08b1-b467-4202-8a0d-13c444111810,69f132cc-5076-41b6-9cc8-e8ca978e9265,->,67366ab5-4121-477e-a26c-d2501b464c4e,CommLayer/Messages/AvalancheMessages$Message.java,writeDelimitedTo
67366ab5-4121-477e-a26c-d2501b464c4e,d7db08b1-b467-4202-8a0d-13c444111810,69f132cc-5076-41b6-9cc8-e8ca978e9265,->,67366ab5-4121-477e-a26c-d2501b464c4e,java/io/PrintStream.java,println
67366ab5-4121-477e-a26c-d2501b464c4e,d7db08b1-b467-4202-8a0d-13c444111810,69f132cc-5076-41b6-9cc8-e8ca978e9265,->,67366ab5-4121-477e-a26c-d2501b464c4e,java/io/BufferedReader.java,readLine
67366ab5-4121-477e-a26c-d2501b464c4e,d7db08b1-b467-4202-8a0d-13c444111810,69f132cc-5076-41b6-9cc8-e8ca978e9265,->,67366ab5-4121-477e-a26c-d2501b464c4e,java/io/IOException.java,printStackTrace
67366ab5-4121-477e-a26c-d2501b464c4e,d7db08b1-b467-4202-8a0d-13c444111810,69f132cc-5076-41b6-9cc8-e8ca978e9265,->,67366ab5-4121-477e-a26c-d2501b464c4e,2ad5ceba-170a-46b2-ab66-da5b1ce959ba,1d634544-47a8-4faa-ada3-04a0d18039a1
67366ab5-4121-477e-a26c-d2501b464c4e,d7db08b1-b467-4202-8a0d-13c444111810,69f132cc-5076-41b6-9cc8-e8ca978e9265,->,67366ab5-4121-477e-a26c-d2501b464c4e,CommLayer/Messages/AvalancheMessages$Message$Builder.java,build
67366ab5-4121-477e-a26c-d2501b464c4e,d7db08b1-b467-4202-8a0d-13c444111810,69f132cc-5076-41b6-9cc8-e8ca978e9265,->,67366ab5-4121-477e-a26c-d2501b464c4e,2ad5ceba-170a-46b2-ab66-da5b1ce959ba,1d634544-47a8-4faa-ada3-04a0d18039a1
67366ab5-4121-477e-a26c-d2501b464c4e,d7db08b1-b467-4202-8a0d-13c444111810,69f132cc-5076-41b6-9cc8-e8ca978e9265,->,67366ab5-4121-477e-a26c-d2501b464c4e,CommLayer/Messages/AvalancheMessages$Message$Builder.java,build
67366ab5-4121-477e-a26c-d2501b464c4e,d7db08b1-b467-4202-8a0d-13c444111810,69f132cc-5076-41b6-9cc8-e8ca978e9265,->,67366ab5-4121-477e-a26c-d2501b464c4e,2ad5ceba-170a-46b2-ab66-da5b1ce959ba,1d634544-47a8-4faa-ada3-04a0d18039a1
67366ab5-4121-477e-a26c-d2501b464c4e,d7db08b1-b467-4202-8a0d-13c444111810,69f132cc-5076-41b6-9cc8-e8ca978e9265,->,67366ab5-4121-477e-a26c-d2501b464c4e,CommLayer/Messages/AvalancheMessages$Message$Builder.java,build
67366ab5-4121-477e-a26c-d2501b464c4e,d7db08b1-b467-4202-8a0d-13c444111810,69f132cc-5076-41b6-9cc8-e8ca978e9265,->,67366ab5-4121-477e-a26c-d2501b464c4e,2ad5ceba-170a-46b2-ab66-da5b1ce959ba,1d634544-47a8-4faa-ada3-04a0d18039a1
67366ab5-4121-477e-a26c-d2501b464c4e,d7db08b1-b467-4202-8a0d-13c444111810,69f132cc-5076-41b6-9cc8-e8ca978e9265,->,67366ab5-4121-477e-a26c-d2501b464c4e,CommLayer/Messages/AvalancheMessages$Message$Builder.java,build
67366ab5-4121-477e-a26c-d2501b464c4e,d7db08b1-b467-4202-8a0d-13c444111810,69f132cc-5076-41b6-9cc8-e8ca978e9265,->,67366ab5-4121-477e-a26c-d2501b464c4e,CommLayer/Messages/AvalancheMessages$Message.java,writeDelimitedTo
67366ab5-4121-477e-a26c-d2501b464c4e,d7db08b1-b467-4202-8a0d-13c444111810,69f132cc-5076-41b6-9cc8-e8ca978e9265,->,67366ab5-4121-477e-a26c-d2501b464c4e,CommLayer/Messages/AvalancheMessages$Message.java,writeDelimitedTo
67366ab5-4121-477e-a26c-d2501b464c4e,d7db08b1-b467-4202-8a0d-13c444111810,69f132cc-5076-41b6-9cc8-e8ca978e9265,->,67366ab5-4121-477e-a26c-d2501b464c4e,CommLayer/Messages/AvalancheMessages$Message.java,writeDelimitedTo
67366ab5-4121-477e-a26c-d2501b464c4e,d7db08b1-b467-4202-8a0d-13c444111810,69f132cc-5076-41b6-9cc8-e8ca978e9265,->,67366ab5-4121-477e-a26c-d2501b464c4e,CommLayer/Messages/AvalancheMessages$Message.java,writeDelimitedTo
67366ab5-4121-477e-a26c-d2501b464c4e,d7db08b1-b467-4202-8a0d-13c444111810,69f132cc-5076-41b6-9cc8-e8ca978e9265,->,67366ab5-4121-477e-a26c-d2501b464c4e,2ad5ceba-170a-46b2-ab66-da5b1ce959ba,699adf6d-a20a-415f-91ae-c27a9ba272d4
67366ab5-4121-477e-a26c-d2501b464c4e,d7db08b1-b467-4202-8a0d-13c444111810,69f132cc-5076-41b6-9cc8-e8ca978e9265,->,67366ab5-4121-477e-a26c-d2501b464c4e,CommLayer/Messages/AvalancheMessages$Message$Builder.java,build
67366ab5-4121-477e-a26c-d2501b464c4e,d7db08b1-b467-4202-8a0d-13c444111810,69f132cc-5076-41b6-9cc8-e8ca978e9265,->,67366ab5-4121-477e-a26c-d2501b464c4e,CommLayer/Messages/AvalancheMessages$Message.java,writeDelimitedTo
67366ab5-4121-477e-a26c-d2501b464c4e,d7db08b1-b467-4202-8a0d-13c444111810,69f132cc-5076-41b6-9cc8-e8ca978e9265,->,67366ab5-4121-477e-a26c-d2501b464c4e,java/io/OutputStream.java,flush
67366ab5-4121-477e-a26c-d2501b464c4e,d7db08b1-b467-4202-8a0d-13c444111810,69f132cc-5076-41b6-9cc8-e8ca978e9265,->,67366ab5-4121-477e-a26c-d2501b464c4e,java/io/OutputStream.java,close
67366ab5-4121-477e-a26c-d2501b464c4e,5a23b637-4049-4dfd-a406-09232ea85055,7e139b82-44f4-468e-8cbd-14d8ef74b2b3,->,67366ab5-4121-477e-a26c-d2501b464c4e,ad9645e9-13a0-480a-b03e-65d5a6599f26,f1f802ba-f153-4550-a369-e7fa678e9358
67366ab5-4121-477e-a26c-d2501b464c4e,5a23b637-4049-4dfd-a406-09232ea85055,7e139b82-44f4-468e-8cbd-14d8ef74b2b3,->,67366ab5-4121-477e-a26c-d2501b464c4e,ad9645e9-13a0-480a-b03e-65d5a6599f26,563b6e32-c21d-4e42-bf52-69b8954634a5
67366ab5-4121-477e-a26c-d2501b464c4e,5a23b637-4049-4dfd-a406-09232ea85055,7e139b82-44f4-468e-8cbd-14d8ef74b2b3,->,67366ab5-4121-477e-a26c-d2501b464c4e,java/net/Socket.java,getOutputStream
67366ab5-4121-477e-a26c-d2501b464c4e,5a23b637-4049-4dfd-a406-09232ea85055,7e139b82-44f4-468e-8cbd-14d8ef74b2b3,->,67366ab5-4121-477e-a26c-d2501b464c4e,2ad5ceba-170a-46b2-ab66-da5b1ce959ba,1d634544-47a8-4faa-ada3-04a0d18039a1
67366ab5-4121-477e-a26c-d2501b464c4e,5a23b637-4049-4dfd-a406-09232ea85055,7e139b82-44f4-468e-8cbd-14d8ef74b2b3,->,67366ab5-4121-477e-a26c-d2501b464c4e,CommLayer/Messages/AvalancheMessages$Message$Builder.java,build
67366ab5-4121-477e-a26c-d2501b464c4e,5a23b637-4049-4dfd-a406-09232ea85055,7e139b82-44f4-468e-8cbd-14d8ef74b2b3,->,67366ab5-4121-477e-a26c-d2501b464c4e,CommLayer/Messages/AvalancheMessages$Message.java,writeDelimitedTo
67366ab5-4121-477e-a26c-d2501b464c4e,5a23b637-4049-4dfd-a406-09232ea85055,7e139b82-44f4-468e-8cbd-14d8ef74b2b3,->,67366ab5-4121-477e-a26c-d2501b464c4e,2ad5ceba-170a-46b2-ab66-da5b1ce959ba,699adf6d-a20a-415f-91ae-c27a9ba272d4
67366ab5-4121-477e-a26c-d2501b464c4e,5a23b637-4049-4dfd-a406-09232ea85055,7e139b82-44f4-468e-8cbd-14d8ef74b2b3,->,67366ab5-4121-477e-a26c-d2501b464c4e,CommLayer/Messages/AvalancheMessages$Message$Builder.java,build
67366ab5-4121-477e-a26c-d2501b464c4e,5a23b637-4049-4dfd-a406-09232ea85055,7e139b82-44f4-468e-8cbd-14d8ef74b2b3,->,67366ab5-4121-477e-a26c-d2501b464c4e,CommLayer/Messages/AvalancheMessages$Message.java,writeDelimitedTo
67366ab5-4121-477e-a26c-d2501b464c4e,5a23b637-4049-4dfd-a406-09232ea85055,7e139b82-44f4-468e-8cbd-14d8ef74b2b3,->,67366ab5-4121-477e-a26c-d2501b464c4e,java/io/OutputStream.java,flush
67366ab5-4121-477e-a26c-d2501b464c4e,5a23b637-4049-4dfd-a406-09232ea85055,7e139b82-44f4-468e-8cbd-14d8ef74b2b3,->,67366ab5-4121-477e-a26c-d2501b464c4e,java/io/OutputStream.java,close
67366ab5-4121-477e-a26c-d2501b464c4e,5a23b637-4049-4dfd-a406-09232ea85055,7e139b82-44f4-468e-8cbd-14d8ef74b2b3,->,67366ab5-4121-477e-a26c-d2501b464c4e,ad9645e9-13a0-480a-b03e-65d5a6599f26,563b6e32-c21d-4e42-bf52-69b8954634a5
67366ab5-4121-477e-a26c-d2501b464c4e,5a23b637-4049-4dfd-a406-09232ea85055,7e139b82-44f4-468e-8cbd-14d8ef74b2b3,->,67366ab5-4121-477e-a26c-d2501b464c4e,java/net/Socket.java,getOutputStream
67366ab5-4121-477e-a26c-d2501b464c4e,5a23b637-4049-4dfd-a406-09232ea85055,7e139b82-44f4-468e-8cbd-14d8ef74b2b3,->,67366ab5-4121-477e-a26c-d2501b464c4e,java/net/Socket.java,getInputStream
67366ab5-4121-477e-a26c-d2501b464c4e,5a23b637-4049-4dfd-a406-09232ea85055,7e139b82-44f4-468e-8cbd-14d8ef74b2b3,->,67366ab5-4121-477e-a26c-d2501b464c4e,java/io/PrintStream.java,println
67366ab5-4121-477e-a26c-d2501b464c4e,5a23b637-4049-4dfd-a406-09232ea85055,7e139b82-44f4-468e-8cbd-14d8ef74b2b3,->,67366ab5-4121-477e-a26c-d2501b464c4e,java/io/BufferedReader.java,readLine
67366ab5-4121-477e-a26c-d2501b464c4e,5a23b637-4049-4dfd-a406-09232ea85055,7e139b82-44f4-468e-8cbd-14d8ef74b2b3,->,67366ab5-4121-477e-a26c-d2501b464c4e,java/io/IOException.java,printStackTrace
67366ab5-4121-477e-a26c-d2501b464c4e,5a23b637-4049-4dfd-a406-09232ea85055,7e139b82-44f4-468e-8cbd-14d8ef74b2b3,->,67366ab5-4121-477e-a26c-d2501b464c4e,2ad5ceba-170a-46b2-ab66-da5b1ce959ba,6f7ebf8f-41f6-43e6-bab7-9992380cc943
67366ab5-4121-477e-a26c-d2501b464c4e,5a23b637-4049-4dfd-a406-09232ea85055,7e139b82-44f4-468e-8cbd-14d8ef74b2b3,->,67366ab5-4121-477e-a26c-d2501b464c4e,CommLayer/Messages/AvalancheMessages$Message$Builder.java,build
67366ab5-4121-477e-a26c-d2501b464c4e,5a23b637-4049-4dfd-a406-09232ea85055,7e139b82-44f4-468e-8cbd-14d8ef74b2b3,->,67366ab5-4121-477e-a26c-d2501b464c4e,CommLayer/Messages/AvalancheMessages$Message.java,writeDelimitedTo
67366ab5-4121-477e-a26c-d2501b464c4e,5a23b637-4049-4dfd-a406-09232ea85055,7e139b82-44f4-468e-8cbd-14d8ef74b2b3,->,67366ab5-4121-477e-a26c-d2501b464c4e,CommLayer/Messages/AvalancheMessages$Message.java,parseDelimitedFrom
67366ab5-4121-477e-a26c-d2501b464c4e,5a23b637-4049-4dfd-a406-09232ea85055,7e139b82-44f4-468e-8cbd-14d8ef74b2b3,->,67366ab5-4121-477e-a26c-d2501b464c4e,java/lang/StringBuilder.java,append
67366ab5-4121-477e-a26c-d2501b464c4e,5a23b637-4049-4dfd-a406-09232ea85055,7e139b82-44f4-468e-8cbd-14d8ef74b2b3,->,67366ab5-4121-477e-a26c-d2501b464c4e,CommLayer/Messages/AvalancheMessages$Message.java,getMessageType
67366ab5-4121-477e-a26c-d2501b464c4e,5a23b637-4049-4dfd-a406-09232ea85055,7e139b82-44f4-468e-8cbd-14d8ef74b2b3,->,67366ab5-4121-477e-a26c-d2501b464c4e,java/lang/StringBuilder.java,append
67366ab5-4121-477e-a26c-d2501b464c4e,5a23b637-4049-4dfd-a406-09232ea85055,7e139b82-44f4-468e-8cbd-14d8ef74b2b3,->,67366ab5-4121-477e-a26c-d2501b464c4e,java/lang/StringBuilder.java,toString
67366ab5-4121-477e-a26c-d2501b464c4e,5a23b637-4049-4dfd-a406-09232ea85055,7e139b82-44f4-468e-8cbd-14d8ef74b2b3,->,67366ab5-4121-477e-a26c-d2501b464c4e,java/io/PrintStream.java,println
67366ab5-4121-477e-a26c-d2501b464c4e,5a23b637-4049-4dfd-a406-09232ea85055,7e139b82-44f4-468e-8cbd-14d8ef74b2b3,->,67366ab5-4121-477e-a26c-d2501b464c4e,CommLayer/Messages/AvalancheMessages$Message.java,getDataHandlerMessage
67366ab5-4121-477e-a26c-d2501b464c4e,5a23b637-4049-4dfd-a406-09232ea85055,7e139b82-44f4-468e-8cbd-14d8ef74b2b3,->,67366ab5-4121-477e-a26c-d2501b464c4e,CommLayer/Messages/AvalancheMessages$Message$DataHandlerMessage.java,getType
67366ab5-4121-477e-a26c-d2501b464c4e,5a23b637-4049-4dfd-a406-09232ea85055,7e139b82-44f4-468e-8cbd-14d8ef74b2b3,->,67366ab5-4121-477e-a26c-d2501b464c4e,CommLayer/Messages/AvalancheMessages$Message$DataHandlerMessage.java,getDataPayLoadList
67366ab5-4121-477e-a26c-d2501b464c4e,5a23b637-4049-4dfd-a406-09232ea85055,7e139b82-44f4-468e-8cbd-14d8ef74b2b3,->,67366ab5-4121-477e-a26c-d2501b464c4e,java/io/PrintStream.java,println
67366ab5-4121-477e-a26c-d2501b464c4e,26d00e7a-6a3f-48f2-816e-2a2fe10bf1f0,d9bb5a64-5074-488f-bfc1-96b1aea00c49,->,67366ab5-4121-477e-a26c-d2501b464c4e,2ad5ceba-170a-46b2-ab66-da5b1ce959ba,b6e743a5-d90f-466e-8bc8-e39adfb690e0
67366ab5-4121-477e-a26c-d2501b464c4e,26d00e7a-6a3f-48f2-816e-2a2fe10bf1f0,d9bb5a64-5074-488f-bfc1-96b1aea00c49,->,67366ab5-4121-477e-a26c-d2501b464c4e,CommLayer/Messages/AvalancheMessages$Message.java,getTaskStatusMessage
67366ab5-4121-477e-a26c-d2501b464c4e,26d00e7a-6a3f-48f2-816e-2a2fe10bf1f0,d9bb5a64-5074-488f-bfc1-96b1aea00c49,->,67366ab5-4121-477e-a26c-d2501b464c4e,CommLayer/Messages/AvalancheMessages$Message$TaskStatusMessage.java,getStatus
67366ab5-4121-477e-a26c-d2501b464c4e,26d00e7a-6a3f-48f2-816e-2a2fe10bf1f0,d9bb5a64-5074-488f-bfc1-96b1aea00c49,->,67366ab5-4121-477e-a26c-d2501b464c4e,CommLayer/Messages/AvalancheMessages$Message.java,getTaskStatusMessage
67366ab5-4121-477e-a26c-d2501b464c4e,26d00e7a-6a3f-48f2-816e-2a2fe10bf1f0,d9bb5a64-5074-488f-bfc1-96b1aea00c49,->,67366ab5-4121-477e-a26c-d2501b464c4e,CommLayer/Messages/AvalancheMessages$Message$TaskStatusMessage.java,getId
67366ab5-4121-477e-a26c-d2501b464c4e,26d00e7a-6a3f-48f2-816e-2a2fe10bf1f0,d9bb5a64-5074-488f-bfc1-96b1aea00c49,->,67366ab5-4121-477e-a26c-d2501b464c4e,2ad5ceba-170a-46b2-ab66-da5b1ce959ba,db9eff1c-3f9d-4b82-80d8-23b6bc0d6e1f
67366ab5-4121-477e-a26c-d2501b464c4e,26d00e7a-6a3f-48f2-816e-2a2fe10bf1f0,d9bb5a64-5074-488f-bfc1-96b1aea00c49,->,67366ab5-4121-477e-a26c-d2501b464c4e,a492821a-1ea4-423e-a07e-d1f54be0f732,245e4e44-cf37-4d76-9cfe-068ca2de02db
67366ab5-4121-477e-a26c-d2501b464c4e,26d00e7a-6a3f-48f2-816e-2a2fe10bf1f0,d9bb5a64-5074-488f-bfc1-96b1aea00c49,->,67366ab5-4121-477e-a26c-d2501b464c4e,java/lang/Thread.java,sleep
67366ab5-4121-477e-a26c-d2501b464c4e,26d00e7a-6a3f-48f2-816e-2a2fe10bf1f0,d9bb5a64-5074-488f-bfc1-96b1aea00c49,->,67366ab5-4121-477e-a26c-d2501b464c4e,java/lang/InterruptedException.java,printStackTrace
67366ab5-4121-477e-a26c-d2501b464c4e,26d00e7a-6a3f-48f2-816e-2a2fe10bf1f0,d9bb5a64-5074-488f-bfc1-96b1aea00c49,->,67366ab5-4121-477e-a26c-d2501b464c4e,CommLayer/Messages/AvalancheMessages$Message$TaskStatusMessage.java,getStatus
67366ab5-4121-477e-a26c-d2501b464c4e,26d00e7a-6a3f-48f2-816e-2a2fe10bf1f0,d9bb5a64-5074-488f-bfc1-96b1aea00c49,->,67366ab5-4121-477e-a26c-d2501b464c4e,CommLayer/Messages/AvalancheMessages$Message.java,getTaskStatusMessage
67366ab5-4121-477e-a26c-d2501b464c4e,26d00e7a-6a3f-48f2-816e-2a2fe10bf1f0,d9bb5a64-5074-488f-bfc1-96b1aea00c49,->,67366ab5-4121-477e-a26c-d2501b464c4e,CommLayer/Messages/AvalancheMessages$Message$TaskStatusMessage.java,getId
67366ab5-4121-477e-a26c-d2501b464c4e,26d00e7a-6a3f-48f2-816e-2a2fe10bf1f0,d9bb5a64-5074-488f-bfc1-96b1aea00c49,->,67366ab5-4121-477e-a26c-d2501b464c4e,2ad5ceba-170a-46b2-ab66-da5b1ce959ba,db9eff1c-3f9d-4b82-80d8-23b6bc0d6e1f
67366ab5-4121-477e-a26c-d2501b464c4e,26d00e7a-6a3f-48f2-816e-2a2fe10bf1f0,d9bb5a64-5074-488f-bfc1-96b1aea00c49,->,67366ab5-4121-477e-a26c-d2501b464c4e,a492821a-1ea4-423e-a07e-d1f54be0f732,245e4e44-cf37-4d76-9cfe-068ca2de02db
67366ab5-4121-477e-a26c-d2501b464c4e,26d00e7a-6a3f-48f2-816e-2a2fe10bf1f0,d9bb5a64-5074-488f-bfc1-96b1aea00c49,->,67366ab5-4121-477e-a26c-d2501b464c4e,java/io/PrintStream.java,println
67366ab5-4121-477e-a26c-d2501b464c4e,26d00e7a-6a3f-48f2-816e-2a2fe10bf1f0,d9bb5a64-5074-488f-bfc1-96b1aea00c49,->,67366ab5-4121-477e-a26c-d2501b464c4e,java/io/BufferedReader.java,readLine
67366ab5-4121-477e-a26c-d2501b464c4e,26d00e7a-6a3f-48f2-816e-2a2fe10bf1f0,d9bb5a64-5074-488f-bfc1-96b1aea00c49,->,67366ab5-4121-477e-a26c-d2501b464c4e,java/io/IOException.java,printStackTrace
67366ab5-4121-477e-a26c-d2501b464c4e,26d00e7a-6a3f-48f2-816e-2a2fe10bf1f0,d9bb5a64-5074-488f-bfc1-96b1aea00c49,->,67366ab5-4121-477e-a26c-d2501b464c4e,CommLayer/Messages/AvalancheMessages$Message.java,getTaskStatusMessage
67366ab5-4121-477e-a26c-d2501b464c4e,26d00e7a-6a3f-48f2-816e-2a2fe10bf1f0,d9bb5a64-5074-488f-bfc1-96b1aea00c49,->,67366ab5-4121-477e-a26c-d2501b464c4e,CommLayer/Messages/AvalancheMessages$Message$TaskStatusMessage.java,getId
67366ab5-4121-477e-a26c-d2501b464c4e,26d00e7a-6a3f-48f2-816e-2a2fe10bf1f0,d9bb5a64-5074-488f-bfc1-96b1aea00c49,->,67366ab5-4121-477e-a26c-d2501b464c4e,2ad5ceba-170a-46b2-ab66-da5b1ce959ba,db9eff1c-3f9d-4b82-80d8-23b6bc0d6e1f
67366ab5-4121-477e-a26c-d2501b464c4e,26d00e7a-6a3f-48f2-816e-2a2fe10bf1f0,d9bb5a64-5074-488f-bfc1-96b1aea00c49,->,67366ab5-4121-477e-a26c-d2501b464c4e,a492821a-1ea4-423e-a07e-d1f54be0f732,245e4e44-cf37-4d76-9cfe-068ca2de02db
67366ab5-4121-477e-a26c-d2501b464c4e,3b00bfc5-7383-4ca4-8c4a-dae9a73b2b63,5abff218-f233-4033-84ee-7707e4e503a9,->,67366ab5-4121-477e-a26c-d2501b464c4e,java/io/PrintStream.java,println
67366ab5-4121-477e-a26c-d2501b464c4e,21e06f2f-8b30-4cb1-a542-2601705429df,b1f266c0-eef4-4429-82bb-ef7674455587,->,67366ab5-4121-477e-a26c-d2501b464c4e,2ad5ceba-170a-46b2-ab66-da5b1ce959ba,b6e743a5-d90f-466e-8bc8-e39adfb690e0
67366ab5-4121-477e-a26c-d2501b464c4e,21e06f2f-8b30-4cb1-a542-2601705429df,b1f266c0-eef4-4429-82bb-ef7674455587,->,67366ab5-4121-477e-a26c-d2501b464c4e,CommLayer/Messages/AvalancheMessages$Message.java,getTaskStatusMessage
67366ab5-4121-477e-a26c-d2501b464c4e,21e06f2f-8b30-4cb1-a542-2601705429df,b1f266c0-eef4-4429-82bb-ef7674455587,->,67366ab5-4121-477e-a26c-d2501b464c4e,java/lang/StringBuilder.java,append
67366ab5-4121-477e-a26c-d2501b464c4e,21e06f2f-8b30-4cb1-a542-2601705429df,b1f266c0-eef4-4429-82bb-ef7674455587,->,67366ab5-4121-477e-a26c-d2501b464c4e,java/lang/StringBuilder.java,append
67366ab5-4121-477e-a26c-d2501b464c4e,21e06f2f-8b30-4cb1-a542-2601705429df,b1f266c0-eef4-4429-82bb-ef7674455587,->,67366ab5-4121-477e-a26c-d2501b464c4e,java/lang/StringBuilder.java,append
67366ab5-4121-477e-a26c-d2501b464c4e,21e06f2f-8b30-4cb1-a542-2601705429df,b1f266c0-eef4-4429-82bb-ef7674455587,->,67366ab5-4121-477e-a26c-d2501b464c4e,CommLayer/Messages/AvalancheMessages$Message$TaskStatusMessage.java,getStatus
67366ab5-4121-477e-a26c-d2501b464c4e,21e06f2f-8b30-4cb1-a542-2601705429df,b1f266c0-eef4-4429-82bb-ef7674455587,->,67366ab5-4121-477e-a26c-d2501b464c4e,java/lang/StringBuilder.java,append
67366ab5-4121-477e-a26c-d2501b464c4e,21e06f2f-8b30-4cb1-a542-2601705429df,b1f266c0-eef4-4429-82bb-ef7674455587,->,67366ab5-4121-477e-a26c-d2501b464c4e,java/lang/StringBuilder.java,toString
67366ab5-4121-477e-a26c-d2501b464c4e,21e06f2f-8b30-4cb1-a542-2601705429df,b1f266c0-eef4-4429-82bb-ef7674455587,->,67366ab5-4121-477e-a26c-d2501b464c4e,java/io/PrintStream.java,println
67366ab5-4121-477e-a26c-d2501b464c4e,21e06f2f-8b30-4cb1-a542-2601705429df,b1f266c0-eef4-4429-82bb-ef7674455587,->,67366ab5-4121-477e-a26c-d2501b464c4e,CommLayer/Messages/AvalancheMessages$Message$TaskStatusMessage.java,getStatus
67366ab5-4121-477e-a26c-d2501b464c4e,21e06f2f-8b30-4cb1-a542-2601705429df,b1f266c0-eef4-4429-82bb-ef7674455587,->,67366ab5-4121-477e-a26c-d2501b464c4e,java/io/PrintStream.java,println
67366ab5-4121-477e-a26c-d2501b464c4e,21e06f2f-8b30-4cb1-a542-2601705429df,b1f266c0-eef4-4429-82bb-ef7674455587,->,67366ab5-4121-477e-a26c-d2501b464c4e,java/io/BufferedReader.java,readLine
67366ab5-4121-477e-a26c-d2501b464c4e,21e06f2f-8b30-4cb1-a542-2601705429df,b1f266c0-eef4-4429-82bb-ef7674455587,->,67366ab5-4121-477e-a26c-d2501b464c4e,java/io/IOException.java,printStackTrace
67366ab5-4121-477e-a26c-d2501b464c4e,21e06f2f-8b30-4cb1-a542-2601705429df,b1f266c0-eef4-4429-82bb-ef7674455587,->,67366ab5-4121-477e-a26c-d2501b464c4e,CommLayer/Messages/AvalancheMessages$Message.java,getTaskStatusMessage
67366ab5-4121-477e-a26c-d2501b464c4e,21e06f2f-8b30-4cb1-a542-2601705429df,b1f266c0-eef4-4429-82bb-ef7674455587,->,67366ab5-4121-477e-a26c-d2501b464c4e,CommLayer/Messages/AvalancheMessages$Message$TaskStatusMessage.java,getId
67366ab5-4121-477e-a26c-d2501b464c4e,21e06f2f-8b30-4cb1-a542-2601705429df,b1f266c0-eef4-4429-82bb-ef7674455587,->,67366ab5-4121-477e-a26c-d2501b464c4e,2ad5ceba-170a-46b2-ab66-da5b1ce959ba,db9eff1c-3f9d-4b82-80d8-23b6bc0d6e1f
67366ab5-4121-477e-a26c-d2501b464c4e,21e06f2f-8b30-4cb1-a542-2601705429df,b1f266c0-eef4-4429-82bb-ef7674455587,->,67366ab5-4121-477e-a26c-d2501b464c4e,a492821a-1ea4-423e-a07e-d1f54be0f732,245e4e44-cf37-4d76-9cfe-068ca2de02db
67366ab5-4121-477e-a26c-d2501b464c4e,21e06f2f-8b30-4cb1-a542-2601705429df,b1f266c0-eef4-4429-82bb-ef7674455587,->,67366ab5-4121-477e-a26c-d2501b464c4e,2ad5ceba-170a-46b2-ab66-da5b1ce959ba,b6e743a5-d90f-466e-8bc8-e39adfb690e0
67366ab5-4121-477e-a26c-d2501b464c4e,21e06f2f-8b30-4cb1-a542-2601705429df,b1f266c0-eef4-4429-82bb-ef7674455587,->,67366ab5-4121-477e-a26c-d2501b464c4e,java/io/PrintStream.java,println
67366ab5-4121-477e-a26c-d2501b464c4e,2d30288c-5dbf-463a-b66d-12aa29cff6b4,72af702f-77de-4f68-9525-a1b6d37f05a8,->,67366ab5-4121-477e-a26c-d2501b464c4e,ad9645e9-13a0-480a-b03e-65d5a6599f26,f1f802ba-f153-4550-a369-e7fa678e9358
67366ab5-4121-477e-a26c-d2501b464c4e,2d30288c-5dbf-463a-b66d-12aa29cff6b4,72af702f-77de-4f68-9525-a1b6d37f05a8,->,67366ab5-4121-477e-a26c-d2501b464c4e,ad9645e9-13a0-480a-b03e-65d5a6599f26,f1f802ba-f153-4550-a369-e7fa678e9358
67366ab5-4121-477e-a26c-d2501b464c4e,2d30288c-5dbf-463a-b66d-12aa29cff6b4,72af702f-77de-4f68-9525-a1b6d37f05a8,->,67366ab5-4121-477e-a26c-d2501b464c4e,ad9645e9-13a0-480a-b03e-65d5a6599f26,563b6e32-c21d-4e42-bf52-69b8954634a5
67366ab5-4121-477e-a26c-d2501b464c4e,2d30288c-5dbf-463a-b66d-12aa29cff6b4,72af702f-77de-4f68-9525-a1b6d37f05a8,->,67366ab5-4121-477e-a26c-d2501b464c4e,ad9645e9-13a0-480a-b03e-65d5a6599f26,563b6e32-c21d-4e42-bf52-69b8954634a5
67366ab5-4121-477e-a26c-d2501b464c4e,2d30288c-5dbf-463a-b66d-12aa29cff6b4,72af702f-77de-4f68-9525-a1b6d37f05a8,->,67366ab5-4121-477e-a26c-d2501b464c4e,ad9645e9-13a0-480a-b03e-65d5a6599f26,563b6e32-c21d-4e42-bf52-69b8954634a5
67366ab5-4121-477e-a26c-d2501b464c4e,2d30288c-5dbf-463a-b66d-12aa29cff6b4,72af702f-77de-4f68-9525-a1b6d37f05a8,->,67366ab5-4121-477e-a26c-d2501b464c4e,ad9645e9-13a0-480a-b03e-65d5a6599f26,563b6e32-c21d-4e42-bf52-69b8954634a5
67366ab5-4121-477e-a26c-d2501b464c4e,2d30288c-5dbf-463a-b66d-12aa29cff6b4,4db3343e-8666-4f12-a69e-c13a615856fd,->,67366ab5-4121-477e-a26c-d2501b464c4e,CommLayer/Messages/AvalancheMessages$Message$TaskInitMessage.java,getType
67366ab5-4121-477e-a26c-d2501b464c4e,2d30288c-5dbf-463a-b66d-12aa29cff6b4,4db3343e-8666-4f12-a69e-c13a615856fd,->,67366ab5-4121-477e-a26c-d2501b464c4e,CommLayer/Messages/AvalancheMessages$Message$TaskInitMessage.java,getId
67366ab5-4121-477e-a26c-d2501b464c4e,2d30288c-5dbf-463a-b66d-12aa29cff6b4,4db3343e-8666-4f12-a69e-c13a615856fd,->,67366ab5-4121-477e-a26c-d2501b464c4e,CommLayer/Messages/AvalancheMessages$Message$TaskInitMessage.java,getDataSourceCount
67366ab5-4121-477e-a26c-d2501b464c4e,2d30288c-5dbf-463a-b66d-12aa29cff6b4,4db3343e-8666-4f12-a69e-c13a615856fd,->,67366ab5-4121-477e-a26c-d2501b464c4e,java/lang/StringBuilder.java,append
67366ab5-4121-477e-a26c-d2501b464c4e,2d30288c-5dbf-463a-b66d-12aa29cff6b4,4db3343e-8666-4f12-a69e-c13a615856fd,->,67366ab5-4121-477e-a26c-d2501b464c4e,CommLayer/Messages/AvalancheMessages$Message$TaskInitMessage.java,getId
67366ab5-4121-477e-a26c-d2501b464c4e,2d30288c-5dbf-463a-b66d-12aa29cff6b4,4db3343e-8666-4f12-a69e-c13a615856fd,->,67366ab5-4121-477e-a26c-d2501b464c4e,java/lang/StringBuilder.java,append
67366ab5-4121-477e-a26c-d2501b464c4e,2d30288c-5dbf-463a-b66d-12aa29cff6b4,4db3343e-8666-4f12-a69e-c13a615856fd,->,67366ab5-4121-477e-a26c-d2501b464c4e,java/lang/StringBuilder.java,toString
67366ab5-4121-477e-a26c-d2501b464c4e,2d30288c-5dbf-463a-b66d-12aa29cff6b4,4db3343e-8666-4f12-a69e-c13a615856fd,->,67366ab5-4121-477e-a26c-d2501b464c4e,java/lang/StringBuilder.java,append
67366ab5-4121-477e-a26c-d2501b464c4e,2d30288c-5dbf-463a-b66d-12aa29cff6b4,4db3343e-8666-4f12-a69e-c13a615856fd,->,67366ab5-4121-477e-a26c-d2501b464c4e,CommLayer/Messages/AvalancheMessages$Message$TaskInitMessage.java,getId
67366ab5-4121-477e-a26c-d2501b464c4e,2d30288c-5dbf-463a-b66d-12aa29cff6b4,4db3343e-8666-4f12-a69e-c13a615856fd,->,67366ab5-4121-477e-a26c-d2501b464c4e,java/lang/StringBuilder.java,append
67366ab5-4121-477e-a26c-d2501b464c4e,2d30288c-5dbf-463a-b66d-12aa29cff6b4,4db3343e-8666-4f12-a69e-c13a615856fd,->,67366ab5-4121-477e-a26c-d2501b464c4e,java/lang/StringBuilder.java,toString
67366ab5-4121-477e-a26c-d2501b464c4e,2d30288c-5dbf-463a-b66d-12aa29cff6b4,4db3343e-8666-4f12-a69e-c13a615856fd,->,67366ab5-4121-477e-a26c-d2501b464c4e,java/lang/StringBuilder.java,append
67366ab5-4121-477e-a26c-d2501b464c4e,2d30288c-5dbf-463a-b66d-12aa29cff6b4,4db3343e-8666-4f12-a69e-c13a615856fd,->,67366ab5-4121-477e-a26c-d2501b464c4e,CommLayer/Messages/AvalancheMessages$Message$TaskInitMessage.java,getId
67366ab5-4121-477e-a26c-d2501b464c4e,2d30288c-5dbf-463a-b66d-12aa29cff6b4,4db3343e-8666-4f12-a69e-c13a615856fd,->,67366ab5-4121-477e-a26c-d2501b464c4e,java/lang/StringBuilder.java,append
67366ab5-4121-477e-a26c-d2501b464c4e,2d30288c-5dbf-463a-b66d-12aa29cff6b4,4db3343e-8666-4f12-a69e-c13a615856fd,->,67366ab5-4121-477e-a26c-d2501b464c4e,java/lang/StringBuilder.java,toString
67366ab5-4121-477e-a26c-d2501b464c4e,2d30288c-5dbf-463a-b66d-12aa29cff6b4,4db3343e-8666-4f12-a69e-c13a615856fd,->,67366ab5-4121-477e-a26c-d2501b464c4e,98d0f80c-62ce-4870-90b2-a205eee83476,ca8ecea9-4297-437c-9b8a-78850d41cf58
67366ab5-4121-477e-a26c-d2501b464c4e,2d30288c-5dbf-463a-b66d-12aa29cff6b4,4db3343e-8666-4f12-a69e-c13a615856fd,->,67366ab5-4121-477e-a26c-d2501b464c4e,98d0f80c-62ce-4870-90b2-a205eee83476,ca8ecea9-4297-437c-9b8a-78850d41cf58
67366ab5-4121-477e-a26c-d2501b464c4e,2d30288c-5dbf-463a-b66d-12aa29cff6b4,4db3343e-8666-4f12-a69e-c13a615856fd,->,67366ab5-4121-477e-a26c-d2501b464c4e,CommLayer/Messages/AvalancheMessages$Message$TaskInitMessage.java,getId
67366ab5-4121-477e-a26c-d2501b464c4e,2d30288c-5dbf-463a-b66d-12aa29cff6b4,4db3343e-8666-4f12-a69e-c13a615856fd,->,67366ab5-4121-477e-a26c-d2501b464c4e,CommLayer/Messages/AvalancheMessages$Message$TaskInitMessage.java,getDataSource
67366ab5-4121-477e-a26c-d2501b464c4e,2d30288c-5dbf-463a-b66d-12aa29cff6b4,4db3343e-8666-4f12-a69e-c13a615856fd,->,67366ab5-4121-477e-a26c-d2501b464c4e,d8798f7d-5588-4ce7-9ca9-569bd9528db9,f9e4bf57-0781-4da0-ba14-750824bed12d
67366ab5-4121-477e-a26c-d2501b464c4e,2d30288c-5dbf-463a-b66d-12aa29cff6b4,4db3343e-8666-4f12-a69e-c13a615856fd,->,67366ab5-4121-477e-a26c-d2501b464c4e,java/lang/Thread.java,start
67366ab5-4121-477e-a26c-d2501b464c4e,2d30288c-5dbf-463a-b66d-12aa29cff6b4,4db3343e-8666-4f12-a69e-c13a615856fd,->,67366ab5-4121-477e-a26c-d2501b464c4e,CommLayer/Messages/AvalancheMessages$Message$TaskInitMessage.java,getType
67366ab5-4121-477e-a26c-d2501b464c4e,2d30288c-5dbf-463a-b66d-12aa29cff6b4,4db3343e-8666-4f12-a69e-c13a615856fd,->,67366ab5-4121-477e-a26c-d2501b464c4e,CommLayer/Messages/AvalancheMessages$Message$TaskInitMessage.java,getId
67366ab5-4121-477e-a26c-d2501b464c4e,2d30288c-5dbf-463a-b66d-12aa29cff6b4,4db3343e-8666-4f12-a69e-c13a615856fd,->,67366ab5-4121-477e-a26c-d2501b464c4e,CommLayer/Messages/AvalancheMessages$Message$TaskInitMessage.java,getCopyDestination
67366ab5-4121-477e-a26c-d2501b464c4e,2d30288c-5dbf-463a-b66d-12aa29cff6b4,4db3343e-8666-4f12-a69e-c13a615856fd,->,67366ab5-4121-477e-a26c-d2501b464c4e,CommLayer/Messages/AvalancheMessages$Message$TaskInitMessage.java,getCopyDestination
67366ab5-4121-477e-a26c-d2501b464c4e,2d30288c-5dbf-463a-b66d-12aa29cff6b4,4db3343e-8666-4f12-a69e-c13a615856fd,->,67366ab5-4121-477e-a26c-d2501b464c4e,CommLayer/Messages/AvalancheMessages$Message$Location.java,getHost
67366ab5-4121-477e-a26c-d2501b464c4e,2d30288c-5dbf-463a-b66d-12aa29cff6b4,4db3343e-8666-4f12-a69e-c13a615856fd,->,67366ab5-4121-477e-a26c-d2501b464c4e,CommLayer/Messages/AvalancheMessages$Message$Location.java,getPort
67366ab5-4121-477e-a26c-d2501b464c4e,2d30288c-5dbf-463a-b66d-12aa29cff6b4,4db3343e-8666-4f12-a69e-c13a615856fd,->,67366ab5-4121-477e-a26c-d2501b464c4e,CommLayer/Messages/AvalancheMessages$Message$TaskInitMessage.java,getId
67366ab5-4121-477e-a26c-d2501b464c4e,2d30288c-5dbf-463a-b66d-12aa29cff6b4,4db3343e-8666-4f12-a69e-c13a615856fd,->,67366ab5-4121-477e-a26c-d2501b464c4e,47a26205-4f55-41c3-9b72-20eecdb9f2e9,155ab8ad-4c5c-41f6-988b-ba18b9600b0a
67366ab5-4121-477e-a26c-d2501b464c4e,2d30288c-5dbf-463a-b66d-12aa29cff6b4,4db3343e-8666-4f12-a69e-c13a615856fd,->,67366ab5-4121-477e-a26c-d2501b464c4e,98d0f80c-62ce-4870-90b2-a205eee83476,ca8ecea9-4297-437c-9b8a-78850d41cf58
67366ab5-4121-477e-a26c-d2501b464c4e,2d30288c-5dbf-463a-b66d-12aa29cff6b4,4db3343e-8666-4f12-a69e-c13a615856fd,->,67366ab5-4121-477e-a26c-d2501b464c4e,98d0f80c-62ce-4870-90b2-a205eee83476,ca8ecea9-4297-437c-9b8a-78850d41cf58
67366ab5-4121-477e-a26c-d2501b464c4e,2d30288c-5dbf-463a-b66d-12aa29cff6b4,4db3343e-8666-4f12-a69e-c13a615856fd,->,67366ab5-4121-477e-a26c-d2501b464c4e,98d0f80c-62ce-4870-90b2-a205eee83476,ca8ecea9-4297-437c-9b8a-78850d41cf58
67366ab5-4121-477e-a26c-d2501b464c4e,2d30288c-5dbf-463a-b66d-12aa29cff6b4,4db3343e-8666-4f12-a69e-c13a615856fd,->,67366ab5-4121-477e-a26c-d2501b464c4e,java/lang/Thread.java,start
67366ab5-4121-477e-a26c-d2501b464c4e,2d30288c-5dbf-463a-b66d-12aa29cff6b4,4db3343e-8666-4f12-a69e-c13a615856fd,->,67366ab5-4121-477e-a26c-d2501b464c4e,CommLayer/Messages/AvalancheMessages$Message$TaskInitMessage.java,getType
67366ab5-4121-477e-a26c-d2501b464c4e,2d30288c-5dbf-463a-b66d-12aa29cff6b4,4db3343e-8666-4f12-a69e-c13a615856fd,->,67366ab5-4121-477e-a26c-d2501b464c4e,CommLayer/Messages/AvalancheMessages$Message$TaskInitMessage.java,getId
67366ab5-4121-477e-a26c-d2501b464c4e,2d30288c-5dbf-463a-b66d-12aa29cff6b4,4db3343e-8666-4f12-a69e-c13a615856fd,->,67366ab5-4121-477e-a26c-d2501b464c4e,CommLayer/Messages/AvalancheMessages$Message$TaskInitMessage.java,getDataSourceCount
67366ab5-4121-477e-a26c-d2501b464c4e,2d30288c-5dbf-463a-b66d-12aa29cff6b4,4db3343e-8666-4f12-a69e-c13a615856fd,->,67366ab5-4121-477e-a26c-d2501b464c4e,java/lang/StringBuilder.java,append
67366ab5-4121-477e-a26c-d2501b464c4e,2d30288c-5dbf-463a-b66d-12aa29cff6b4,4db3343e-8666-4f12-a69e-c13a615856fd,->,67366ab5-4121-477e-a26c-d2501b464c4e,CommLayer/Messages/AvalancheMessages$Message$TaskInitMessage.java,getId
67366ab5-4121-477e-a26c-d2501b464c4e,2d30288c-5dbf-463a-b66d-12aa29cff6b4,4db3343e-8666-4f12-a69e-c13a615856fd,->,67366ab5-4121-477e-a26c-d2501b464c4e,java/lang/StringBuilder.java,append
67366ab5-4121-477e-a26c-d2501b464c4e,2d30288c-5dbf-463a-b66d-12aa29cff6b4,4db3343e-8666-4f12-a69e-c13a615856fd,->,67366ab5-4121-477e-a26c-d2501b464c4e,java/lang/StringBuilder.java,toString
67366ab5-4121-477e-a26c-d2501b464c4e,2d30288c-5dbf-463a-b66d-12aa29cff6b4,4db3343e-8666-4f12-a69e-c13a615856fd,->,67366ab5-4121-477e-a26c-d2501b464c4e,java/lang/StringBuilder.java,append
67366ab5-4121-477e-a26c-d2501b464c4e,2d30288c-5dbf-463a-b66d-12aa29cff6b4,4db3343e-8666-4f12-a69e-c13a615856fd,->,67366ab5-4121-477e-a26c-d2501b464c4e,CommLayer/Messages/AvalancheMessages$Message$TaskInitMessage.java,getId
67366ab5-4121-477e-a26c-d2501b464c4e,2d30288c-5dbf-463a-b66d-12aa29cff6b4,4db3343e-8666-4f12-a69e-c13a615856fd,->,67366ab5-4121-477e-a26c-d2501b464c4e,java/lang/StringBuilder.java,append
67366ab5-4121-477e-a26c-d2501b464c4e,2d30288c-5dbf-463a-b66d-12aa29cff6b4,4db3343e-8666-4f12-a69e-c13a615856fd,->,67366ab5-4121-477e-a26c-d2501b464c4e,java/lang/StringBuilder.java,toString
67366ab5-4121-477e-a26c-d2501b464c4e,2d30288c-5dbf-463a-b66d-12aa29cff6b4,4db3343e-8666-4f12-a69e-c13a615856fd,->,67366ab5-4121-477e-a26c-d2501b464c4e,java/lang/StringBuilder.java,append
67366ab5-4121-477e-a26c-d2501b464c4e,2d30288c-5dbf-463a-b66d-12aa29cff6b4,4db3343e-8666-4f12-a69e-c13a615856fd,->,67366ab5-4121-477e-a26c-d2501b464c4e,CommLayer/Messages/AvalancheMessages$Message$TaskInitMessage.java,getId
67366ab5-4121-477e-a26c-d2501b464c4e,2d30288c-5dbf-463a-b66d-12aa29cff6b4,4db3343e-8666-4f12-a69e-c13a615856fd,->,67366ab5-4121-477e-a26c-d2501b464c4e,java/lang/StringBuilder.java,append
67366ab5-4121-477e-a26c-d2501b464c4e,2d30288c-5dbf-463a-b66d-12aa29cff6b4,4db3343e-8666-4f12-a69e-c13a615856fd,->,67366ab5-4121-477e-a26c-d2501b464c4e,java/lang/StringBuilder.java,toString
67366ab5-4121-477e-a26c-d2501b464c4e,2d30288c-5dbf-463a-b66d-12aa29cff6b4,4db3343e-8666-4f12-a69e-c13a615856fd,->,67366ab5-4121-477e-a26c-d2501b464c4e,java/lang/StringBuilder.java,append
67366ab5-4121-477e-a26c-d2501b464c4e,2d30288c-5dbf-463a-b66d-12aa29cff6b4,4db3343e-8666-4f12-a69e-c13a615856fd,->,67366ab5-4121-477e-a26c-d2501b464c4e,CommLayer/Messages/AvalancheMessages$Message$TaskInitMessage.java,getId
67366ab5-4121-477e-a26c-d2501b464c4e,2d30288c-5dbf-463a-b66d-12aa29cff6b4,4db3343e-8666-4f12-a69e-c13a615856fd,->,67366ab5-4121-477e-a26c-d2501b464c4e,java/lang/StringBuilder.java,append
67366ab5-4121-477e-a26c-d2501b464c4e,2d30288c-5dbf-463a-b66d-12aa29cff6b4,4db3343e-8666-4f12-a69e-c13a615856fd,->,67366ab5-4121-477e-a26c-d2501b464c4e,java/lang/StringBuilder.java,toString
67366ab5-4121-477e-a26c-d2501b464c4e,2d30288c-5dbf-463a-b66d-12aa29cff6b4,4db3343e-8666-4f12-a69e-c13a615856fd,->,67366ab5-4121-477e-a26c-d2501b464c4e,98d0f80c-62ce-4870-90b2-a205eee83476,ca8ecea9-4297-437c-9b8a-78850d41cf58
67366ab5-4121-477e-a26c-d2501b464c4e,2d30288c-5dbf-463a-b66d-12aa29cff6b4,4db3343e-8666-4f12-a69e-c13a615856fd,->,67366ab5-4121-477e-a26c-d2501b464c4e,98d0f80c-62ce-4870-90b2-a205eee83476,ca8ecea9-4297-437c-9b8a-78850d41cf58
67366ab5-4121-477e-a26c-d2501b464c4e,2d30288c-5dbf-463a-b66d-12aa29cff6b4,4db3343e-8666-4f12-a69e-c13a615856fd,->,67366ab5-4121-477e-a26c-d2501b464c4e,98d0f80c-62ce-4870-90b2-a205eee83476,ca8ecea9-4297-437c-9b8a-78850d41cf58
67366ab5-4121-477e-a26c-d2501b464c4e,2d30288c-5dbf-463a-b66d-12aa29cff6b4,4db3343e-8666-4f12-a69e-c13a615856fd,->,67366ab5-4121-477e-a26c-d2501b464c4e,CommLayer/Messages/AvalancheMessages$Message$TaskInitMessage.java,getId
67366ab5-4121-477e-a26c-d2501b464c4e,2d30288c-5dbf-463a-b66d-12aa29cff6b4,4db3343e-8666-4f12-a69e-c13a615856fd,->,67366ab5-4121-477e-a26c-d2501b464c4e,CommLayer/Messages/AvalancheMessages$Message$TaskInitMessage.java,getDataSourceList
67366ab5-4121-477e-a26c-d2501b464c4e,2d30288c-5dbf-463a-b66d-12aa29cff6b4,4db3343e-8666-4f12-a69e-c13a615856fd,->,67366ab5-4121-477e-a26c-d2501b464c4e,d3dd899f-ee84-4442-8550-8a6c6f76c60d,4d547fbf-fa4e-41cd-9ab9-4c985777f7f4
67366ab5-4121-477e-a26c-d2501b464c4e,2d30288c-5dbf-463a-b66d-12aa29cff6b4,4db3343e-8666-4f12-a69e-c13a615856fd,->,67366ab5-4121-477e-a26c-d2501b464c4e,java/lang/Thread.java,start
67366ab5-4121-477e-a26c-d2501b464c4e,2d30288c-5dbf-463a-b66d-12aa29cff6b4,733b1164-09ca-43e7-9b37-a488700f1a50,->,67366ab5-4121-477e-a26c-d2501b464c4e,2ad5ceba-170a-46b2-ab66-da5b1ce959ba,b6e743a5-d90f-466e-8bc8-e39adfb690e0
67366ab5-4121-477e-a26c-d2501b464c4e,2d30288c-5dbf-463a-b66d-12aa29cff6b4,733b1164-09ca-43e7-9b37-a488700f1a50,->,67366ab5-4121-477e-a26c-d2501b464c4e,CommLayer/Messages/AvalancheMessages$Message.java,getTaskInitMessage
67366ab5-4121-477e-a26c-d2501b464c4e,2d30288c-5dbf-463a-b66d-12aa29cff6b4,733b1164-09ca-43e7-9b37-a488700f1a50,->,67366ab5-4121-477e-a26c-d2501b464c4e,2d30288c-5dbf-463a-b66d-12aa29cff6b4,4db3343e-8666-4f12-a69e-c13a615856fd
67366ab5-4121-477e-a26c-d2501b464c4e,2d30288c-5dbf-463a-b66d-12aa29cff6b4,733b1164-09ca-43e7-9b37-a488700f1a50,->,67366ab5-4121-477e-a26c-d2501b464c4e,java/io/PrintStream.java,println
67366ab5-4121-477e-a26c-d2501b464c4e,2d30288c-5dbf-463a-b66d-12aa29cff6b4,dbe30016-9a6d-4b51-ac7e-74c96dbc0240,->,67366ab5-4121-477e-a26c-d2501b464c4e,java/io/IOException.java,printStackTrace
67366ab5-4121-477e-a26c-d2501b464c4e,0a47b630-461e-4142-a2fb-c3319d360944,2ad1d01a-8ddb-4e89-8a60-45990641aecf,->,67366ab5-4121-477e-a26c-d2501b464c4e,java/lang/StringBuilder.java,append
67366ab5-4121-477e-a26c-d2501b464c4e,0a47b630-461e-4142-a2fb-c3319d360944,2ad1d01a-8ddb-4e89-8a60-45990641aecf,->,67366ab5-4121-477e-a26c-d2501b464c4e,java/lang/StringBuilder.java,append
67366ab5-4121-477e-a26c-d2501b464c4e,0a47b630-461e-4142-a2fb-c3319d360944,2ad1d01a-8ddb-4e89-8a60-45990641aecf,->,67366ab5-4121-477e-a26c-d2501b464c4e,java/lang/StringBuilder.java,append
67366ab5-4121-477e-a26c-d2501b464c4e,0a47b630-461e-4142-a2fb-c3319d360944,2ad1d01a-8ddb-4e89-8a60-45990641aecf,->,67366ab5-4121-477e-a26c-d2501b464c4e,java/lang/StringBuilder.java,append
67366ab5-4121-477e-a26c-d2501b464c4e,0a47b630-461e-4142-a2fb-c3319d360944,2ad1d01a-8ddb-4e89-8a60-45990641aecf,->,67366ab5-4121-477e-a26c-d2501b464c4e,java/lang/StringBuilder.java,toString
67366ab5-4121-477e-a26c-d2501b464c4e,83696cdc-ed3a-4e3f-b8f3-9e0e34f87b70,7004bbed-fe09-49f5-91ef-cb12cfac5479,->,67366ab5-4121-477e-a26c-d2501b464c4e,java/util/List.java,size
67366ab5-4121-477e-a26c-d2501b464c4e,83696cdc-ed3a-4e3f-b8f3-9e0e34f87b70,7004bbed-fe09-49f5-91ef-cb12cfac5479,->,67366ab5-4121-477e-a26c-d2501b464c4e,java/util/List.java,size
67366ab5-4121-477e-a26c-d2501b464c4e,83696cdc-ed3a-4e3f-b8f3-9e0e34f87b70,7004bbed-fe09-49f5-91ef-cb12cfac5479,->,67366ab5-4121-477e-a26c-d2501b464c4e,java/util/List.java,get
67366ab5-4121-477e-a26c-d2501b464c4e,83696cdc-ed3a-4e3f-b8f3-9e0e34f87b70,7004bbed-fe09-49f5-91ef-cb12cfac5479,->,67366ab5-4121-477e-a26c-d2501b464c4e,CommLayer/Messages/AvalancheMessages$Message$DataPair.java,getKey
67366ab5-4121-477e-a26c-d2501b464c4e,83696cdc-ed3a-4e3f-b8f3-9e0e34f87b70,7004bbed-fe09-49f5-91ef-cb12cfac5479,->,67366ab5-4121-477e-a26c-d2501b464c4e,java/util/List.java,get
67366ab5-4121-477e-a26c-d2501b464c4e,83696cdc-ed3a-4e3f-b8f3-9e0e34f87b70,7004bbed-fe09-49f5-91ef-cb12cfac5479,->,67366ab5-4121-477e-a26c-d2501b464c4e,CommLayer/Messages/AvalancheMessages$Message$DataPair.java,getKey
67366ab5-4121-477e-a26c-d2501b464c4e,83696cdc-ed3a-4e3f-b8f3-9e0e34f87b70,7004bbed-fe09-49f5-91ef-cb12cfac5479,->,67366ab5-4121-477e-a26c-d2501b464c4e,java/lang/String.java,compareTo
67366ab5-4121-477e-a26c-d2501b464c4e,83696cdc-ed3a-4e3f-b8f3-9e0e34f87b70,7004bbed-fe09-49f5-91ef-cb12cfac5479,->,67366ab5-4121-477e-a26c-d2501b464c4e,CommLayer/Messages/AvalancheMessages$Message$DataPair.java,newBuilder
67366ab5-4121-477e-a26c-d2501b464c4e,83696cdc-ed3a-4e3f-b8f3-9e0e34f87b70,7004bbed-fe09-49f5-91ef-cb12cfac5479,->,67366ab5-4121-477e-a26c-d2501b464c4e,java/util/List.java,get
67366ab5-4121-477e-a26c-d2501b464c4e,83696cdc-ed3a-4e3f-b8f3-9e0e34f87b70,7004bbed-fe09-49f5-91ef-cb12cfac5479,->,67366ab5-4121-477e-a26c-d2501b464c4e,CommLayer/Messages/AvalancheMessages$Message$DataPair.java,getKey
67366ab5-4121-477e-a26c-d2501b464c4e,83696cdc-ed3a-4e3f-b8f3-9e0e34f87b70,7004bbed-fe09-49f5-91ef-cb12cfac5479,->,67366ab5-4121-477e-a26c-d2501b464c4e,CommLayer/Messages/AvalancheMessages$Message$DataPair$Builder.java,setKey
67366ab5-4121-477e-a26c-d2501b464c4e,83696cdc-ed3a-4e3f-b8f3-9e0e34f87b70,7004bbed-fe09-49f5-91ef-cb12cfac5479,->,67366ab5-4121-477e-a26c-d2501b464c4e,java/util/List.java,get
67366ab5-4121-477e-a26c-d2501b464c4e,83696cdc-ed3a-4e3f-b8f3-9e0e34f87b70,7004bbed-fe09-49f5-91ef-cb12cfac5479,->,67366ab5-4121-477e-a26c-d2501b464c4e,CommLayer/Messages/AvalancheMessages$Message$DataPair.java,getValue
67366ab5-4121-477e-a26c-d2501b464c4e,83696cdc-ed3a-4e3f-b8f3-9e0e34f87b70,7004bbed-fe09-49f5-91ef-cb12cfac5479,->,67366ab5-4121-477e-a26c-d2501b464c4e,java/lang/Integer.java,parseInt
67366ab5-4121-477e-a26c-d2501b464c4e,83696cdc-ed3a-4e3f-b8f3-9e0e34f87b70,7004bbed-fe09-49f5-91ef-cb12cfac5479,->,67366ab5-4121-477e-a26c-d2501b464c4e,java/util/List.java,get
67366ab5-4121-477e-a26c-d2501b464c4e,83696cdc-ed3a-4e3f-b8f3-9e0e34f87b70,7004bbed-fe09-49f5-91ef-cb12cfac5479,->,67366ab5-4121-477e-a26c-d2501b464c4e,CommLayer/Messages/AvalancheMessages$Message$DataPair.java,getValue
67366ab5-4121-477e-a26c-d2501b464c4e,83696cdc-ed3a-4e3f-b8f3-9e0e34f87b70,7004bbed-fe09-49f5-91ef-cb12cfac5479,->,67366ab5-4121-477e-a26c-d2501b464c4e,java/lang/Integer.java,parseInt
67366ab5-4121-477e-a26c-d2501b464c4e,83696cdc-ed3a-4e3f-b8f3-9e0e34f87b70,7004bbed-fe09-49f5-91ef-cb12cfac5479,->,67366ab5-4121-477e-a26c-d2501b464c4e,java/lang/String.java,valueOf
67366ab5-4121-477e-a26c-d2501b464c4e,83696cdc-ed3a-4e3f-b8f3-9e0e34f87b70,7004bbed-fe09-49f5-91ef-cb12cfac5479,->,67366ab5-4121-477e-a26c-d2501b464c4e,CommLayer/Messages/AvalancheMessages$Message$DataPair$Builder.java,setValue
67366ab5-4121-477e-a26c-d2501b464c4e,83696cdc-ed3a-4e3f-b8f3-9e0e34f87b70,7004bbed-fe09-49f5-91ef-cb12cfac5479,->,67366ab5-4121-477e-a26c-d2501b464c4e,CommLayer/Messages/AvalancheMessages$Message$DataPair$Builder.java,build
67366ab5-4121-477e-a26c-d2501b464c4e,83696cdc-ed3a-4e3f-b8f3-9e0e34f87b70,7004bbed-fe09-49f5-91ef-cb12cfac5479,->,67366ab5-4121-477e-a26c-d2501b464c4e,java/util/List.java,add
67366ab5-4121-477e-a26c-d2501b464c4e,83696cdc-ed3a-4e3f-b8f3-9e0e34f87b70,7004bbed-fe09-49f5-91ef-cb12cfac5479,->,67366ab5-4121-477e-a26c-d2501b464c4e,java/util/List.java,get
67366ab5-4121-477e-a26c-d2501b464c4e,83696cdc-ed3a-4e3f-b8f3-9e0e34f87b70,7004bbed-fe09-49f5-91ef-cb12cfac5479,->,67366ab5-4121-477e-a26c-d2501b464c4e,java/util/List.java,add
67366ab5-4121-477e-a26c-d2501b464c4e,83696cdc-ed3a-4e3f-b8f3-9e0e34f87b70,7004bbed-fe09-49f5-91ef-cb12cfac5479,->,67366ab5-4121-477e-a26c-d2501b464c4e,java/util/List.java,get
67366ab5-4121-477e-a26c-d2501b464c4e,83696cdc-ed3a-4e3f-b8f3-9e0e34f87b70,7004bbed-fe09-49f5-91ef-cb12cfac5479,->,67366ab5-4121-477e-a26c-d2501b464c4e,java/util/List.java,add
67366ab5-4121-477e-a26c-d2501b464c4e,83696cdc-ed3a-4e3f-b8f3-9e0e34f87b70,7004bbed-fe09-49f5-91ef-cb12cfac5479,->,67366ab5-4121-477e-a26c-d2501b464c4e,java/util/List.java,size
67366ab5-4121-477e-a26c-d2501b464c4e,83696cdc-ed3a-4e3f-b8f3-9e0e34f87b70,7004bbed-fe09-49f5-91ef-cb12cfac5479,->,67366ab5-4121-477e-a26c-d2501b464c4e,java/util/List.java,subList
67366ab5-4121-477e-a26c-d2501b464c4e,83696cdc-ed3a-4e3f-b8f3-9e0e34f87b70,7004bbed-fe09-49f5-91ef-cb12cfac5479,->,67366ab5-4121-477e-a26c-d2501b464c4e,java/util/List.java,addAll
67366ab5-4121-477e-a26c-d2501b464c4e,83696cdc-ed3a-4e3f-b8f3-9e0e34f87b70,7004bbed-fe09-49f5-91ef-cb12cfac5479,->,67366ab5-4121-477e-a26c-d2501b464c4e,java/util/List.java,size
67366ab5-4121-477e-a26c-d2501b464c4e,83696cdc-ed3a-4e3f-b8f3-9e0e34f87b70,7004bbed-fe09-49f5-91ef-cb12cfac5479,->,67366ab5-4121-477e-a26c-d2501b464c4e,java/util/List.java,subList
67366ab5-4121-477e-a26c-d2501b464c4e,83696cdc-ed3a-4e3f-b8f3-9e0e34f87b70,7004bbed-fe09-49f5-91ef-cb12cfac5479,->,67366ab5-4121-477e-a26c-d2501b464c4e,java/util/List.java,addAll
67366ab5-4121-477e-a26c-d2501b464c4e,11e1d9d2-b382-444a-bca2-1aa259360575,ee8f4f1d-e208-4384-8338-d555a3375afc,->,67366ab5-4121-477e-a26c-d2501b464c4e,java/util/LinkedList.java,iterator
67366ab5-4121-477e-a26c-d2501b464c4e,11e1d9d2-b382-444a-bca2-1aa259360575,ee8f4f1d-e208-4384-8338-d555a3375afc,->,67366ab5-4121-477e-a26c-d2501b464c4e,java/util/Iterator.java,hasNext
67366ab5-4121-477e-a26c-d2501b464c4e,11e1d9d2-b382-444a-bca2-1aa259360575,ee8f4f1d-e208-4384-8338-d555a3375afc,->,67366ab5-4121-477e-a26c-d2501b464c4e,java/util/Iterator.java,next
67366ab5-4121-477e-a26c-d2501b464c4e,11e1d9d2-b382-444a-bca2-1aa259360575,ee8f4f1d-e208-4384-8338-d555a3375afc,->,67366ab5-4121-477e-a26c-d2501b464c4e,java/lang/String.java,split
67366ab5-4121-477e-a26c-d2501b464c4e,11e1d9d2-b382-444a-bca2-1aa259360575,ee8f4f1d-e208-4384-8338-d555a3375afc,->,67366ab5-4121-477e-a26c-d2501b464c4e,java/util/HashMap.java,containsKey
67366ab5-4121-477e-a26c-d2501b464c4e,11e1d9d2-b382-444a-bca2-1aa259360575,ee8f4f1d-e208-4384-8338-d555a3375afc,->,67366ab5-4121-477e-a26c-d2501b464c4e,java/util/HashMap.java,get
67366ab5-4121-477e-a26c-d2501b464c4e,11e1d9d2-b382-444a-bca2-1aa259360575,ee8f4f1d-e208-4384-8338-d555a3375afc,->,67366ab5-4121-477e-a26c-d2501b464c4e,java/lang/Integer.java,intValue
67366ab5-4121-477e-a26c-d2501b464c4e,11e1d9d2-b382-444a-bca2-1aa259360575,ee8f4f1d-e208-4384-8338-d555a3375afc,->,67366ab5-4121-477e-a26c-d2501b464c4e,java/util/HashMap.java,put
67366ab5-4121-477e-a26c-d2501b464c4e,11e1d9d2-b382-444a-bca2-1aa259360575,ee8f4f1d-e208-4384-8338-d555a3375afc,->,67366ab5-4121-477e-a26c-d2501b464c4e,java/util/HashMap.java,put
67366ab5-4121-477e-a26c-d2501b464c4e,11e1d9d2-b382-444a-bca2-1aa259360575,c3b05b3f-1886-46a2-a462-3c73bc7935c0,->,67366ab5-4121-477e-a26c-d2501b464c4e,java/util/HashMap.java,entrySet
67366ab5-4121-477e-a26c-d2501b464c4e,11e1d9d2-b382-444a-bca2-1aa259360575,c3b05b3f-1886-46a2-a462-3c73bc7935c0,->,67366ab5-4121-477e-a26c-d2501b464c4e,java/util/Set.java,iterator
67366ab5-4121-477e-a26c-d2501b464c4e,11e1d9d2-b382-444a-bca2-1aa259360575,c3b05b3f-1886-46a2-a462-3c73bc7935c0,->,67366ab5-4121-477e-a26c-d2501b464c4e,java/util/Iterator.java,hasNext
67366ab5-4121-477e-a26c-d2501b464c4e,11e1d9d2-b382-444a-bca2-1aa259360575,c3b05b3f-1886-46a2-a462-3c73bc7935c0,->,67366ab5-4121-477e-a26c-d2501b464c4e,java/util/Iterator.java,next
67366ab5-4121-477e-a26c-d2501b464c4e,11e1d9d2-b382-444a-bca2-1aa259360575,c3b05b3f-1886-46a2-a462-3c73bc7935c0,->,67366ab5-4121-477e-a26c-d2501b464c4e,11e1d9d2-b382-444a-bca2-1aa259360575,a1c7f47e-92c2-40b0-b5e7-440b37a0a6af
67366ab5-4121-477e-a26c-d2501b464c4e,11e1d9d2-b382-444a-bca2-1aa259360575,c3b05b3f-1886-46a2-a462-3c73bc7935c0,->,67366ab5-4121-477e-a26c-d2501b464c4e,java/util/List.java,add
67366ab5-4121-477e-a26c-d2501b464c4e,11e1d9d2-b382-444a-bca2-1aa259360575,a1c7f47e-92c2-40b0-b5e7-440b37a0a6af,->,67366ab5-4121-477e-a26c-d2501b464c4e,CommLayer/Messages/AvalancheMessages$Message$DataPair.java,newBuilder
67366ab5-4121-477e-a26c-d2501b464c4e,11e1d9d2-b382-444a-bca2-1aa259360575,a1c7f47e-92c2-40b0-b5e7-440b37a0a6af,->,67366ab5-4121-477e-a26c-d2501b464c4e,java/util/Map$Entry.java,getKey
67366ab5-4121-477e-a26c-d2501b464c4e,11e1d9d2-b382-444a-bca2-1aa259360575,a1c7f47e-92c2-40b0-b5e7-440b37a0a6af,->,67366ab5-4121-477e-a26c-d2501b464c4e,CommLayer/Messages/AvalancheMessages$Message$DataPair$Builder.java,setKey
67366ab5-4121-477e-a26c-d2501b464c4e,11e1d9d2-b382-444a-bca2-1aa259360575,a1c7f47e-92c2-40b0-b5e7-440b37a0a6af,->,67366ab5-4121-477e-a26c-d2501b464c4e,java/util/Map$Entry.java,getValue
67366ab5-4121-477e-a26c-d2501b464c4e,11e1d9d2-b382-444a-bca2-1aa259360575,a1c7f47e-92c2-40b0-b5e7-440b37a0a6af,->,67366ab5-4121-477e-a26c-d2501b464c4e,java/lang/String.java,valueOf
67366ab5-4121-477e-a26c-d2501b464c4e,11e1d9d2-b382-444a-bca2-1aa259360575,a1c7f47e-92c2-40b0-b5e7-440b37a0a6af,->,67366ab5-4121-477e-a26c-d2501b464c4e,CommLayer/Messages/AvalancheMessages$Message$DataPair$Builder.java,setValue
67366ab5-4121-477e-a26c-d2501b464c4e,11e1d9d2-b382-444a-bca2-1aa259360575,a1c7f47e-92c2-40b0-b5e7-440b37a0a6af,->,67366ab5-4121-477e-a26c-d2501b464c4e,CommLayer/Messages/AvalancheMessages$Message$DataPair$Builder.java,build
67366ab5-4121-477e-a26c-d2501b464c4e,11e1d9d2-b382-444a-bca2-1aa259360575,9a8f6d4f-f908-4518-bef7-16fe75e82cd1,->,67366ab5-4121-477e-a26c-d2501b464c4e,java/util/List.java,iterator
67366ab5-4121-477e-a26c-d2501b464c4e,11e1d9d2-b382-444a-bca2-1aa259360575,9a8f6d4f-f908-4518-bef7-16fe75e82cd1,->,67366ab5-4121-477e-a26c-d2501b464c4e,java/util/Iterator.java,hasNext
67366ab5-4121-477e-a26c-d2501b464c4e,11e1d9d2-b382-444a-bca2-1aa259360575,9a8f6d4f-f908-4518-bef7-16fe75e82cd1,->,67366ab5-4121-477e-a26c-d2501b464c4e,java/util/Iterator.java,next
67366ab5-4121-477e-a26c-d2501b464c4e,11e1d9d2-b382-444a-bca2-1aa259360575,9a8f6d4f-f908-4518-bef7-16fe75e82cd1,->,67366ab5-4121-477e-a26c-d2501b464c4e,CommLayer/Messages/AvalancheMessages$Message$DataPair.java,getKey
67366ab5-4121-477e-a26c-d2501b464c4e,11e1d9d2-b382-444a-bca2-1aa259360575,9a8f6d4f-f908-4518-bef7-16fe75e82cd1,->,67366ab5-4121-477e-a26c-d2501b464c4e,CommLayer/Messages/AvalancheMessages$Message$DataPair.java,getValue
67366ab5-4121-477e-a26c-d2501b464c4e,11e1d9d2-b382-444a-bca2-1aa259360575,9a8f6d4f-f908-4518-bef7-16fe75e82cd1,->,67366ab5-4121-477e-a26c-d2501b464c4e,java/lang/Integer.java,parseInt
67366ab5-4121-477e-a26c-d2501b464c4e,11e1d9d2-b382-444a-bca2-1aa259360575,9a8f6d4f-f908-4518-bef7-16fe75e82cd1,->,67366ab5-4121-477e-a26c-d2501b464c4e,java/lang/Integer.java,valueOf
67366ab5-4121-477e-a26c-d2501b464c4e,11e1d9d2-b382-444a-bca2-1aa259360575,9a8f6d4f-f908-4518-bef7-16fe75e82cd1,->,67366ab5-4121-477e-a26c-d2501b464c4e,java/util/HashMap.java,put
67366ab5-4121-477e-a26c-d2501b464c4e,Core/Impl/MergeTaskImpl$MetaDataType.java,values,->,67366ab5-4121-477e-a26c-d2501b464c4e,Core/Impl/MergeTaskImpl$MetaDataType.java,clone
67366ab5-4121-477e-a26c-d2501b464c4e,Core/Impl/MergeTaskImpl$MetaDataType.java,valueOf,->,67366ab5-4121-477e-a26c-d2501b464c4e,java/lang/Enum.java,valueOf
67366ab5-4121-477e-a26c-d2501b464c4e,744c251b-0add-46bb-b640-91fabe96e227,dd94f8b1-20ea-436e-b732-4678a3002f5a,->,67366ab5-4121-477e-a26c-d2501b464c4e,java/lang/StringBuilder.java,append
67366ab5-4121-477e-a26c-d2501b464c4e,744c251b-0add-46bb-b640-91fabe96e227,dd94f8b1-20ea-436e-b732-4678a3002f5a,->,67366ab5-4121-477e-a26c-d2501b464c4e,java/lang/StringBuilder.java,append
67366ab5-4121-477e-a26c-d2501b464c4e,744c251b-0add-46bb-b640-91fabe96e227,dd94f8b1-20ea-436e-b732-4678a3002f5a,->,67366ab5-4121-477e-a26c-d2501b464c4e,java/lang/StringBuilder.java,toString
67366ab5-4121-477e-a26c-d2501b464c4e,744c251b-0add-46bb-b640-91fabe96e227,dd94f8b1-20ea-436e-b732-4678a3002f5a,->,67366ab5-4121-477e-a26c-d2501b464c4e,java/io/FileNotFoundException.java,printStackTrace
67366ab5-4121-477e-a26c-d2501b464c4e,744c251b-0add-46bb-b640-91fabe96e227,dd94f8b1-20ea-436e-b732-4678a3002f5a,->,67366ab5-4121-477e-a26c-d2501b464c4e,744c251b-0add-46bb-b640-91fabe96e227,423c3af5-4fa4-459f-84d0-57cb79a6f555
67366ab5-4121-477e-a26c-d2501b464c4e,744c251b-0add-46bb-b640-91fabe96e227,dd94f8b1-20ea-436e-b732-4678a3002f5a,->,67366ab5-4121-477e-a26c-d2501b464c4e,744c251b-0add-46bb-b640-91fabe96e227,423c3af5-4fa4-459f-84d0-57cb79a6f555
67366ab5-4121-477e-a26c-d2501b464c4e,744c251b-0add-46bb-b640-91fabe96e227,f2fb3640-fef0-407d-b3aa-96f910bbd8ce,->,67366ab5-4121-477e-a26c-d2501b464c4e,java/io/BufferedReader.java,readLine
67366ab5-4121-477e-a26c-d2501b464c4e,744c251b-0add-46bb-b640-91fabe96e227,f2fb3640-fef0-407d-b3aa-96f910bbd8ce,->,67366ab5-4121-477e-a26c-d2501b464c4e,java/io/BufferedReader.java,readLine
67366ab5-4121-477e-a26c-d2501b464c4e,744c251b-0add-46bb-b640-91fabe96e227,f2fb3640-fef0-407d-b3aa-96f910bbd8ce,->,67366ab5-4121-477e-a26c-d2501b464c4e,java/util/LinkedList.java,add
67366ab5-4121-477e-a26c-d2501b464c4e,744c251b-0add-46bb-b640-91fabe96e227,f2fb3640-fef0-407d-b3aa-96f910bbd8ce,->,67366ab5-4121-477e-a26c-d2501b464c4e,java/io/BufferedReader.java,close
67366ab5-4121-477e-a26c-d2501b464c4e,744c251b-0add-46bb-b640-91fabe96e227,"075b3ca4-5556-4e08-97ca-aa823704969b,54e16401-bae3-49f0-a0aa-c0856e37f9cf",->,67366ab5-4121-477e-a26c-d2501b464c4e,0a47b630-461e-4142-a2fb-c3319d360944,7dd06933-9e5f-432b-9787-d630aae456e0
67366ab5-4121-477e-a26c-d2501b464c4e,744c251b-0add-46bb-b640-91fabe96e227,"075b3ca4-5556-4e08-97ca-aa823704969b,54e16401-bae3-49f0-a0aa-c0856e37f9cf",->,67366ab5-4121-477e-a26c-d2501b464c4e,java/lang/Thread.java,sleep
67366ab5-4121-477e-a26c-d2501b464c4e,744c251b-0add-46bb-b640-91fabe96e227,"075b3ca4-5556-4e08-97ca-aa823704969b,54e16401-bae3-49f0-a0aa-c0856e37f9cf",->,67366ab5-4121-477e-a26c-d2501b464c4e,java/lang/InterruptedException.java,printStackTrace
67366ab5-4121-477e-a26c-d2501b464c4e,744c251b-0add-46bb-b640-91fabe96e227,"075b3ca4-5556-4e08-97ca-aa823704969b,54e16401-bae3-49f0-a0aa-c0856e37f9cf",->,67366ab5-4121-477e-a26c-d2501b464c4e,Core/Impl/BuilderTaskImpl$1.java,start
67366ab5-4121-477e-a26c-d2501b464c4e,744c251b-0add-46bb-b640-91fabe96e227,"075b3ca4-5556-4e08-97ca-aa823704969b,54e16401-bae3-49f0-a0aa-c0856e37f9cf",->,67366ab5-4121-477e-a26c-d2501b464c4e,java/io/BufferedReader.java,readLine
67366ab5-4121-477e-a26c-d2501b464c4e,744c251b-0add-46bb-b640-91fabe96e227,"075b3ca4-5556-4e08-97ca-aa823704969b,54e16401-bae3-49f0-a0aa-c0856e37f9cf",->,67366ab5-4121-477e-a26c-d2501b464c4e,java/lang/String.java,equals
67366ab5-4121-477e-a26c-d2501b464c4e,744c251b-0add-46bb-b640-91fabe96e227,"075b3ca4-5556-4e08-97ca-aa823704969b,54e16401-bae3-49f0-a0aa-c0856e37f9cf",->,67366ab5-4121-477e-a26c-d2501b464c4e,java/io/BufferedReader.java,readLine
67366ab5-4121-477e-a26c-d2501b464c4e,744c251b-0add-46bb-b640-91fabe96e227,"075b3ca4-5556-4e08-97ca-aa823704969b,54e16401-bae3-49f0-a0aa-c0856e37f9cf",->,67366ab5-4121-477e-a26c-d2501b464c4e,java/lang/StringBuilder.java,append
67366ab5-4121-477e-a26c-d2501b464c4e,744c251b-0add-46bb-b640-91fabe96e227,"075b3ca4-5556-4e08-97ca-aa823704969b,54e16401-bae3-49f0-a0aa-c0856e37f9cf",->,67366ab5-4121-477e-a26c-d2501b464c4e,java/lang/StringBuilder.java,append
67366ab5-4121-477e-a26c-d2501b464c4e,744c251b-0add-46bb-b640-91fabe96e227,"075b3ca4-5556-4e08-97ca-aa823704969b,54e16401-bae3-49f0-a0aa-c0856e37f9cf",->,67366ab5-4121-477e-a26c-d2501b464c4e,java/lang/StringBuilder.java,append
67366ab5-4121-477e-a26c-d2501b464c4e,744c251b-0add-46bb-b640-91fabe96e227,"075b3ca4-5556-4e08-97ca-aa823704969b,54e16401-bae3-49f0-a0aa-c0856e37f9cf",->,67366ab5-4121-477e-a26c-d2501b464c4e,java/lang/StringBuilder.java,toString
67366ab5-4121-477e-a26c-d2501b464c4e,744c251b-0add-46bb-b640-91fabe96e227,"075b3ca4-5556-4e08-97ca-aa823704969b,54e16401-bae3-49f0-a0aa-c0856e37f9cf",->,67366ab5-4121-477e-a26c-d2501b464c4e,744c251b-0add-46bb-b640-91fabe96e227,f2fb3640-fef0-407d-b3aa-96f910bbd8ce
67366ab5-4121-477e-a26c-d2501b464c4e,744c251b-0add-46bb-b640-91fabe96e227,"075b3ca4-5556-4e08-97ca-aa823704969b,54e16401-bae3-49f0-a0aa-c0856e37f9cf",->,67366ab5-4121-477e-a26c-d2501b464c4e,java/util/LinkedList.java,size
67366ab5-4121-477e-a26c-d2501b464c4e,744c251b-0add-46bb-b640-91fabe96e227,"075b3ca4-5556-4e08-97ca-aa823704969b,54e16401-bae3-49f0-a0aa-c0856e37f9cf",->,67366ab5-4121-477e-a26c-d2501b464c4e,Core/Impl/BuilderTaskImpl.java,userFunction
67366ab5-4121-477e-a26c-d2501b464c4e,744c251b-0add-46bb-b640-91fabe96e227,"075b3ca4-5556-4e08-97ca-aa823704969b,54e16401-bae3-49f0-a0aa-c0856e37f9cf",->,67366ab5-4121-477e-a26c-d2501b464c4e,Core/Impl/BuilderTaskImpl.java,userFunction
67366ab5-4121-477e-a26c-d2501b464c4e,744c251b-0add-46bb-b640-91fabe96e227,"075b3ca4-5556-4e08-97ca-aa823704969b,54e16401-bae3-49f0-a0aa-c0856e37f9cf",->,67366ab5-4121-477e-a26c-d2501b464c4e,744c251b-0add-46bb-b640-91fabe96e227,42882c3c-99a0-42ae-97f9-98868f9e7ed6
67366ab5-4121-477e-a26c-d2501b464c4e,744c251b-0add-46bb-b640-91fabe96e227,"075b3ca4-5556-4e08-97ca-aa823704969b,54e16401-bae3-49f0-a0aa-c0856e37f9cf",->,67366ab5-4121-477e-a26c-d2501b464c4e,744c251b-0add-46bb-b640-91fabe96e227,423c3af5-4fa4-459f-84d0-57cb79a6f555
67366ab5-4121-477e-a26c-d2501b464c4e,744c251b-0add-46bb-b640-91fabe96e227,"075b3ca4-5556-4e08-97ca-aa823704969b,54e16401-bae3-49f0-a0aa-c0856e37f9cf",->,67366ab5-4121-477e-a26c-d2501b464c4e,java/lang/Thread.java,sleep
67366ab5-4121-477e-a26c-d2501b464c4e,744c251b-0add-46bb-b640-91fabe96e227,"075b3ca4-5556-4e08-97ca-aa823704969b,54e16401-bae3-49f0-a0aa-c0856e37f9cf",->,67366ab5-4121-477e-a26c-d2501b464c4e,java/io/BufferedReader.java,readLine
67366ab5-4121-477e-a26c-d2501b464c4e,744c251b-0add-46bb-b640-91fabe96e227,"075b3ca4-5556-4e08-97ca-aa823704969b,54e16401-bae3-49f0-a0aa-c0856e37f9cf",->,67366ab5-4121-477e-a26c-d2501b464c4e,java/io/FileNotFoundException.java,printStackTrace
67366ab5-4121-477e-a26c-d2501b464c4e,744c251b-0add-46bb-b640-91fabe96e227,"075b3ca4-5556-4e08-97ca-aa823704969b,54e16401-bae3-49f0-a0aa-c0856e37f9cf",->,67366ab5-4121-477e-a26c-d2501b464c4e,java/io/IOException.java,printStackTrace
67366ab5-4121-477e-a26c-d2501b464c4e,744c251b-0add-46bb-b640-91fabe96e227,"075b3ca4-5556-4e08-97ca-aa823704969b,54e16401-bae3-49f0-a0aa-c0856e37f9cf",->,67366ab5-4121-477e-a26c-d2501b464c4e,java/lang/InterruptedException.java,printStackTrace
67366ab5-4121-477e-a26c-d2501b464c4e,744c251b-0add-46bb-b640-91fabe96e227,"075b3ca4-5556-4e08-97ca-aa823704969b,54e16401-bae3-49f0-a0aa-c0856e37f9cf",->,67366ab5-4121-477e-a26c-d2501b464c4e,Core/Impl/BuilderTaskImpl.java,userFunction
67366ab5-4121-477e-a26c-d2501b464c4e,744c251b-0add-46bb-b640-91fabe96e227,"075b3ca4-5556-4e08-97ca-aa823704969b,54e16401-bae3-49f0-a0aa-c0856e37f9cf",->,67366ab5-4121-477e-a26c-d2501b464c4e,744c251b-0add-46bb-b640-91fabe96e227,42882c3c-99a0-42ae-97f9-98868f9e7ed6
67366ab5-4121-477e-a26c-d2501b464c4e,744c251b-0add-46bb-b640-91fabe96e227,"075b3ca4-5556-4e08-97ca-aa823704969b,54e16401-bae3-49f0-a0aa-c0856e37f9cf",->,67366ab5-4121-477e-a26c-d2501b464c4e,744c251b-0add-46bb-b640-91fabe96e227,423c3af5-4fa4-459f-84d0-57cb79a6f555
67366ab5-4121-477e-a26c-d2501b464c4e,744c251b-0add-46bb-b640-91fabe96e227,"075b3ca4-5556-4e08-97ca-aa823704969b,54e16401-bae3-49f0-a0aa-c0856e37f9cf",->,67366ab5-4121-477e-a26c-d2501b464c4e,98d0f80c-62ce-4870-90b2-a205eee83476,34127776-924f-4d3b-872f-935c03cb9b5e
67366ab5-4121-477e-a26c-d2501b464c4e,744c251b-0add-46bb-b640-91fabe96e227,423c3af5-4fa4-459f-84d0-57cb79a6f555,->,67366ab5-4121-477e-a26c-d2501b464c4e,0a47b630-461e-4142-a2fb-c3319d360944,1d2d1b0a-ec6e-4a10-987b-438138b6a234
67366ab5-4121-477e-a26c-d2501b464c4e,744c251b-0add-46bb-b640-91fabe96e227,423c3af5-4fa4-459f-84d0-57cb79a6f555,->,67366ab5-4121-477e-a26c-d2501b464c4e,0a47b630-461e-4142-a2fb-c3319d360944,7b54e99e-0469-4ded-b7f6-bca5f9b3b806
67366ab5-4121-477e-a26c-d2501b464c4e,744c251b-0add-46bb-b640-91fabe96e227,423c3af5-4fa4-459f-84d0-57cb79a6f555,->,67366ab5-4121-477e-a26c-d2501b464c4e,0a47b630-461e-4142-a2fb-c3319d360944,7dd06933-9e5f-432b-9787-d630aae456e0
67366ab5-4121-477e-a26c-d2501b464c4e,744c251b-0add-46bb-b640-91fabe96e227,423c3af5-4fa4-459f-84d0-57cb79a6f555,->,67366ab5-4121-477e-a26c-d2501b464c4e,2ad5ceba-170a-46b2-ab66-da5b1ce959ba,6521ff53-67d4-423b-b108-1a20fda74f7d
67366ab5-4121-477e-a26c-d2501b464c4e,744c251b-0add-46bb-b640-91fabe96e227,423c3af5-4fa4-459f-84d0-57cb79a6f555,->,67366ab5-4121-477e-a26c-d2501b464c4e,98d0f80c-62ce-4870-90b2-a205eee83476,d5689140-0bba-49c5-8efa-74f684250ba4
67366ab5-4121-477e-a26c-d2501b464c4e,744c251b-0add-46bb-b640-91fabe96e227,b0c01a38-5574-4ca3-a613-d5432e036e0a,->,67366ab5-4121-477e-a26c-d2501b464c4e,2ad5ceba-170a-46b2-ab66-da5b1ce959ba,b6e743a5-d90f-466e-8bc8-e39adfb690e0
67366ab5-4121-477e-a26c-d2501b464c4e,744c251b-0add-46bb-b640-91fabe96e227,b0c01a38-5574-4ca3-a613-d5432e036e0a,->,67366ab5-4121-477e-a26c-d2501b464c4e,CommLayer/Messages/AvalancheMessages$Message.java,getTaskSetStateMessage
67366ab5-4121-477e-a26c-d2501b464c4e,744c251b-0add-46bb-b640-91fabe96e227,b0c01a38-5574-4ca3-a613-d5432e036e0a,->,67366ab5-4121-477e-a26c-d2501b464c4e,CommLayer/Messages/AvalancheMessages$Message$TaskSetStateMessage.java,getState
67366ab5-4121-477e-a26c-d2501b464c4e,744c251b-0add-46bb-b640-91fabe96e227,b0c01a38-5574-4ca3-a613-d5432e036e0a,->,67366ab5-4121-477e-a26c-d2501b464c4e,0a47b630-461e-4142-a2fb-c3319d360944,7dd06933-9e5f-432b-9787-d630aae456e0
67366ab5-4121-477e-a26c-d2501b464c4e,744c251b-0add-46bb-b640-91fabe96e227,b0c01a38-5574-4ca3-a613-d5432e036e0a,->,67366ab5-4121-477e-a26c-d2501b464c4e,2ad5ceba-170a-46b2-ab66-da5b1ce959ba,6f7ebf8f-41f6-43e6-bab7-9992380cc943
67366ab5-4121-477e-a26c-d2501b464c4e,744c251b-0add-46bb-b640-91fabe96e227,b0c01a38-5574-4ca3-a613-d5432e036e0a,->,67366ab5-4121-477e-a26c-d2501b464c4e,98d0f80c-62ce-4870-90b2-a205eee83476,d5689140-0bba-49c5-8efa-74f684250ba4
67366ab5-4121-477e-a26c-d2501b464c4e,744c251b-0add-46bb-b640-91fabe96e227,b0c01a38-5574-4ca3-a613-d5432e036e0a,->,67366ab5-4121-477e-a26c-d2501b464c4e,744c251b-0add-46bb-b640-91fabe96e227,423c3af5-4fa4-459f-84d0-57cb79a6f555
67366ab5-4121-477e-a26c-d2501b464c4e,744c251b-0add-46bb-b640-91fabe96e227,b0c01a38-5574-4ca3-a613-d5432e036e0a,->,67366ab5-4121-477e-a26c-d2501b464c4e,CommLayer/Messages/AvalancheMessages$Message.java,getTaskSetStateMessage
67366ab5-4121-477e-a26c-d2501b464c4e,744c251b-0add-46bb-b640-91fabe96e227,b0c01a38-5574-4ca3-a613-d5432e036e0a,->,67366ab5-4121-477e-a26c-d2501b464c4e,CommLayer/Messages/AvalancheMessages$Message$TaskSetStateMessage.java,getState
67366ab5-4121-477e-a26c-d2501b464c4e,744c251b-0add-46bb-b640-91fabe96e227,b0c01a38-5574-4ca3-a613-d5432e036e0a,->,67366ab5-4121-477e-a26c-d2501b464c4e,0a47b630-461e-4142-a2fb-c3319d360944,7dd06933-9e5f-432b-9787-d630aae456e0
67366ab5-4121-477e-a26c-d2501b464c4e,744c251b-0add-46bb-b640-91fabe96e227,b0c01a38-5574-4ca3-a613-d5432e036e0a,->,67366ab5-4121-477e-a26c-d2501b464c4e,CommLayer/Messages/AvalancheMessages$Message.java,getTaskSetStateMessage
67366ab5-4121-477e-a26c-d2501b464c4e,744c251b-0add-46bb-b640-91fabe96e227,b0c01a38-5574-4ca3-a613-d5432e036e0a,->,67366ab5-4121-477e-a26c-d2501b464c4e,CommLayer/Messages/AvalancheMessages$Message$TaskSetStateMessage.java,getState
67366ab5-4121-477e-a26c-d2501b464c4e,744c251b-0add-46bb-b640-91fabe96e227,b0c01a38-5574-4ca3-a613-d5432e036e0a,->,67366ab5-4121-477e-a26c-d2501b464c4e,0a47b630-461e-4142-a2fb-c3319d360944,7dd06933-9e5f-432b-9787-d630aae456e0
67366ab5-4121-477e-a26c-d2501b464c4e,744c251b-0add-46bb-b640-91fabe96e227,b0c01a38-5574-4ca3-a613-d5432e036e0a,->,67366ab5-4121-477e-a26c-d2501b464c4e,744c251b-0add-46bb-b640-91fabe96e227,423c3af5-4fa4-459f-84d0-57cb79a6f555
67366ab5-4121-477e-a26c-d2501b464c4e,744c251b-0add-46bb-b640-91fabe96e227,b0c01a38-5574-4ca3-a613-d5432e036e0a,->,67366ab5-4121-477e-a26c-d2501b464c4e,2ad5ceba-170a-46b2-ab66-da5b1ce959ba,6f7ebf8f-41f6-43e6-bab7-9992380cc943
67366ab5-4121-477e-a26c-d2501b464c4e,744c251b-0add-46bb-b640-91fabe96e227,b0c01a38-5574-4ca3-a613-d5432e036e0a,->,67366ab5-4121-477e-a26c-d2501b464c4e,98d0f80c-62ce-4870-90b2-a205eee83476,d5689140-0bba-49c5-8efa-74f684250ba4
67366ab5-4121-477e-a26c-d2501b464c4e,744c251b-0add-46bb-b640-91fabe96e227,b0c01a38-5574-4ca3-a613-d5432e036e0a,->,67366ab5-4121-477e-a26c-d2501b464c4e,2ad5ceba-170a-46b2-ab66-da5b1ce959ba,b6e743a5-d90f-466e-8bc8-e39adfb690e0
67366ab5-4121-477e-a26c-d2501b464c4e,744c251b-0add-46bb-b640-91fabe96e227,b0c01a38-5574-4ca3-a613-d5432e036e0a,->,67366ab5-4121-477e-a26c-d2501b464c4e,CommLayer/Messages/AvalancheMessages$Message.java,getDataHandlerMessage
67366ab5-4121-477e-a26c-d2501b464c4e,744c251b-0add-46bb-b640-91fabe96e227,b0c01a38-5574-4ca3-a613-d5432e036e0a,->,67366ab5-4121-477e-a26c-d2501b464c4e,CommLayer/Messages/AvalancheMessages$Message$DataHandlerMessage.java,getType
67366ab5-4121-477e-a26c-d2501b464c4e,744c251b-0add-46bb-b640-91fabe96e227,b0c01a38-5574-4ca3-a613-d5432e036e0a,->,67366ab5-4121-477e-a26c-d2501b464c4e,CommLayer/Messages/AvalancheMessages$Message$DataHandlerMessage.java,getTaskId
67366ab5-4121-477e-a26c-d2501b464c4e,744c251b-0add-46bb-b640-91fabe96e227,b0c01a38-5574-4ca3-a613-d5432e036e0a,->,67366ab5-4121-477e-a26c-d2501b464c4e,java/lang/String.java,equals
67366ab5-4121-477e-a26c-d2501b464c4e,744c251b-0add-46bb-b640-91fabe96e227,b0c01a38-5574-4ca3-a613-d5432e036e0a,->,67366ab5-4121-477e-a26c-d2501b464c4e,CommLayer/Messages/AvalancheMessages$Message$DataHandlerMessage.java,getMetaData
67366ab5-4121-477e-a26c-d2501b464c4e,744c251b-0add-46bb-b640-91fabe96e227,b0c01a38-5574-4ca3-a613-d5432e036e0a,->,67366ab5-4121-477e-a26c-d2501b464c4e,CommLayer/Messages/AvalancheMessages$Message$DataHandlerMessage$MetaData.java,getDataPairList
67366ab5-4121-477e-a26c-d2501b464c4e,744c251b-0add-46bb-b640-91fabe96e227,b0c01a38-5574-4ca3-a613-d5432e036e0a,->,67366ab5-4121-477e-a26c-d2501b464c4e,java/util/List.java,iterator
67366ab5-4121-477e-a26c-d2501b464c4e,744c251b-0add-46bb-b640-91fabe96e227,b0c01a38-5574-4ca3-a613-d5432e036e0a,->,67366ab5-4121-477e-a26c-d2501b464c4e,java/util/Iterator.java,hasNext
67366ab5-4121-477e-a26c-d2501b464c4e,744c251b-0add-46bb-b640-91fabe96e227,b0c01a38-5574-4ca3-a613-d5432e036e0a,->,67366ab5-4121-477e-a26c-d2501b464c4e,java/util/Iterator.java,next
67366ab5-4121-477e-a26c-d2501b464c4e,744c251b-0add-46bb-b640-91fabe96e227,b0c01a38-5574-4ca3-a613-d5432e036e0a,->,67366ab5-4121-477e-a26c-d2501b464c4e,CommLayer/Messages/AvalancheMessages$Message$DataPair.java,getKey
67366ab5-4121-477e-a26c-d2501b464c4e,744c251b-0add-46bb-b640-91fabe96e227,b0c01a38-5574-4ca3-a613-d5432e036e0a,->,67366ab5-4121-477e-a26c-d2501b464c4e,Core/Impl/BuilderTaskImpl$MetaDataType.java,toString
67366ab5-4121-477e-a26c-d2501b464c4e,744c251b-0add-46bb-b640-91fabe96e227,b0c01a38-5574-4ca3-a613-d5432e036e0a,->,67366ab5-4121-477e-a26c-d2501b464c4e,java/lang/String.java,equals
67366ab5-4121-477e-a26c-d2501b464c4e,744c251b-0add-46bb-b640-91fabe96e227,b0c01a38-5574-4ca3-a613-d5432e036e0a,->,67366ab5-4121-477e-a26c-d2501b464c4e,CommLayer/Messages/AvalancheMessages$Message$DataPair.java,getValue
67366ab5-4121-477e-a26c-d2501b464c4e,744c251b-0add-46bb-b640-91fabe96e227,b0c01a38-5574-4ca3-a613-d5432e036e0a,->,67366ab5-4121-477e-a26c-d2501b464c4e,java/lang/Integer.java,parseInt
67366ab5-4121-477e-a26c-d2501b464c4e,744c251b-0add-46bb-b640-91fabe96e227,b0c01a38-5574-4ca3-a613-d5432e036e0a,->,67366ab5-4121-477e-a26c-d2501b464c4e,CommLayer/Messages/AvalancheMessages$Message$DataPair.java,getKey
67366ab5-4121-477e-a26c-d2501b464c4e,744c251b-0add-46bb-b640-91fabe96e227,b0c01a38-5574-4ca3-a613-d5432e036e0a,->,67366ab5-4121-477e-a26c-d2501b464c4e,Core/Impl/BuilderTaskImpl$MetaDataType.java,toString
67366ab5-4121-477e-a26c-d2501b464c4e,744c251b-0add-46bb-b640-91fabe96e227,b0c01a38-5574-4ca3-a613-d5432e036e0a,->,67366ab5-4121-477e-a26c-d2501b464c4e,java/lang/String.java,equals
67366ab5-4121-477e-a26c-d2501b464c4e,744c251b-0add-46bb-b640-91fabe96e227,b0c01a38-5574-4ca3-a613-d5432e036e0a,->,67366ab5-4121-477e-a26c-d2501b464c4e,CommLayer/Messages/AvalancheMessages$Message$DataPair.java,getValue
67366ab5-4121-477e-a26c-d2501b464c4e,744c251b-0add-46bb-b640-91fabe96e227,b0c01a38-5574-4ca3-a613-d5432e036e0a,->,67366ab5-4121-477e-a26c-d2501b464c4e,java/lang/Integer.java,parseInt
67366ab5-4121-477e-a26c-d2501b464c4e,744c251b-0add-46bb-b640-91fabe96e227,b0c01a38-5574-4ca3-a613-d5432e036e0a,->,67366ab5-4121-477e-a26c-d2501b464c4e,java/io/BufferedReader.java,readLine
67366ab5-4121-477e-a26c-d2501b464c4e,744c251b-0add-46bb-b640-91fabe96e227,b0c01a38-5574-4ca3-a613-d5432e036e0a,->,67366ab5-4121-477e-a26c-d2501b464c4e,java/io/IOException.java,printStackTrace
67366ab5-4121-477e-a26c-d2501b464c4e,744c251b-0add-46bb-b640-91fabe96e227,b0c01a38-5574-4ca3-a613-d5432e036e0a,->,67366ab5-4121-477e-a26c-d2501b464c4e,CommLayer/Messages/AvalancheMessages$Message$DataHandlerMessage.java,getDataPayLoadList
67366ab5-4121-477e-a26c-d2501b464c4e,744c251b-0add-46bb-b640-91fabe96e227,b0c01a38-5574-4ca3-a613-d5432e036e0a,->,67366ab5-4121-477e-a26c-d2501b464c4e,Core/Impl/BuilderTaskImpl.java,convertProtoBufToMap
67366ab5-4121-477e-a26c-d2501b464c4e,744c251b-0add-46bb-b640-91fabe96e227,b0c01a38-5574-4ca3-a613-d5432e036e0a,->,67366ab5-4121-477e-a26c-d2501b464c4e,java/util/HashMap.java,putAll
67366ab5-4121-477e-a26c-d2501b464c4e,744c251b-0add-46bb-b640-91fabe96e227,b0c01a38-5574-4ca3-a613-d5432e036e0a,->,67366ab5-4121-477e-a26c-d2501b464c4e,744c251b-0add-46bb-b640-91fabe96e227,423c3af5-4fa4-459f-84d0-57cb79a6f555
67366ab5-4121-477e-a26c-d2501b464c4e,744c251b-0add-46bb-b640-91fabe96e227,b0c01a38-5574-4ca3-a613-d5432e036e0a,->,67366ab5-4121-477e-a26c-d2501b464c4e,java/lang/StringBuilder.java,append
67366ab5-4121-477e-a26c-d2501b464c4e,744c251b-0add-46bb-b640-91fabe96e227,b0c01a38-5574-4ca3-a613-d5432e036e0a,->,67366ab5-4121-477e-a26c-d2501b464c4e,java/lang/StringBuilder.java,append
67366ab5-4121-477e-a26c-d2501b464c4e,744c251b-0add-46bb-b640-91fabe96e227,b0c01a38-5574-4ca3-a613-d5432e036e0a,->,67366ab5-4121-477e-a26c-d2501b464c4e,java/lang/StringBuilder.java,append
67366ab5-4121-477e-a26c-d2501b464c4e,744c251b-0add-46bb-b640-91fabe96e227,b0c01a38-5574-4ca3-a613-d5432e036e0a,->,67366ab5-4121-477e-a26c-d2501b464c4e,java/lang/StringBuilder.java,toString
67366ab5-4121-477e-a26c-d2501b464c4e,744c251b-0add-46bb-b640-91fabe96e227,b0c01a38-5574-4ca3-a613-d5432e036e0a,->,67366ab5-4121-477e-a26c-d2501b464c4e,java/io/PrintStream.java,println
67366ab5-4121-477e-a26c-d2501b464c4e,744c251b-0add-46bb-b640-91fabe96e227,42882c3c-99a0-42ae-97f9-98868f9e7ed6,->,67366ab5-4121-477e-a26c-d2501b464c4e,744c251b-0add-46bb-b640-91fabe96e227,0ceb7bfc-dfc0-47e3-a255-8d603717f148
67366ab5-4121-477e-a26c-d2501b464c4e,744c251b-0add-46bb-b640-91fabe96e227,42882c3c-99a0-42ae-97f9-98868f9e7ed6,->,67366ab5-4121-477e-a26c-d2501b464c4e,Core/Impl/BuilderTaskImpl.java,convertMapToProtoBuf
67366ab5-4121-477e-a26c-d2501b464c4e,744c251b-0add-46bb-b640-91fabe96e227,42882c3c-99a0-42ae-97f9-98868f9e7ed6,->,67366ab5-4121-477e-a26c-d2501b464c4e,2ad5ceba-170a-46b2-ab66-da5b1ce959ba,9da23ec0-5899-4907-b3b8-edd87b30d269
67366ab5-4121-477e-a26c-d2501b464c4e,744c251b-0add-46bb-b640-91fabe96e227,42882c3c-99a0-42ae-97f9-98868f9e7ed6,->,67366ab5-4121-477e-a26c-d2501b464c4e,98d0f80c-62ce-4870-90b2-a205eee83476,d5689140-0bba-49c5-8efa-74f684250ba4
67366ab5-4121-477e-a26c-d2501b464c4e,744c251b-0add-46bb-b640-91fabe96e227,0ceb7bfc-dfc0-47e3-a255-8d603717f148,->,67366ab5-4121-477e-a26c-d2501b464c4e,CommLayer/Messages/AvalancheMessages$Message$DataPair.java,newBuilder
67366ab5-4121-477e-a26c-d2501b464c4e,744c251b-0add-46bb-b640-91fabe96e227,0ceb7bfc-dfc0-47e3-a255-8d603717f148,->,67366ab5-4121-477e-a26c-d2501b464c4e,Core/Impl/BuilderTaskImpl$MetaDataType.java,toString
67366ab5-4121-477e-a26c-d2501b464c4e,744c251b-0add-46bb-b640-91fabe96e227,0ceb7bfc-dfc0-47e3-a255-8d603717f148,->,67366ab5-4121-477e-a26c-d2501b464c4e,CommLayer/Messages/AvalancheMessages$Message$DataPair$Builder.java,setKey
67366ab5-4121-477e-a26c-d2501b464c4e,744c251b-0add-46bb-b640-91fabe96e227,0ceb7bfc-dfc0-47e3-a255-8d603717f148,->,67366ab5-4121-477e-a26c-d2501b464c4e,java/lang/String.java,valueOf
67366ab5-4121-477e-a26c-d2501b464c4e,744c251b-0add-46bb-b640-91fabe96e227,0ceb7bfc-dfc0-47e3-a255-8d603717f148,->,67366ab5-4121-477e-a26c-d2501b464c4e,CommLayer/Messages/AvalancheMessages$Message$DataPair$Builder.java,setValue
67366ab5-4121-477e-a26c-d2501b464c4e,744c251b-0add-46bb-b640-91fabe96e227,0ceb7bfc-dfc0-47e3-a255-8d603717f148,->,67366ab5-4121-477e-a26c-d2501b464c4e,CommLayer/Messages/AvalancheMessages$Message$DataPair$Builder.java,build
67366ab5-4121-477e-a26c-d2501b464c4e,744c251b-0add-46bb-b640-91fabe96e227,0ceb7bfc-dfc0-47e3-a255-8d603717f148,->,67366ab5-4121-477e-a26c-d2501b464c4e,java/util/List.java,add
67366ab5-4121-477e-a26c-d2501b464c4e,744c251b-0add-46bb-b640-91fabe96e227,0ceb7bfc-dfc0-47e3-a255-8d603717f148,->,67366ab5-4121-477e-a26c-d2501b464c4e,CommLayer/Messages/AvalancheMessages$Message$DataPair.java,newBuilder
67366ab5-4121-477e-a26c-d2501b464c4e,744c251b-0add-46bb-b640-91fabe96e227,0ceb7bfc-dfc0-47e3-a255-8d603717f148,->,67366ab5-4121-477e-a26c-d2501b464c4e,Core/Impl/BuilderTaskImpl$MetaDataType.java,toString
67366ab5-4121-477e-a26c-d2501b464c4e,744c251b-0add-46bb-b640-91fabe96e227,0ceb7bfc-dfc0-47e3-a255-8d603717f148,->,67366ab5-4121-477e-a26c-d2501b464c4e,CommLayer/Messages/AvalancheMessages$Message$DataPair$Builder.java,setKey
67366ab5-4121-477e-a26c-d2501b464c4e,744c251b-0add-46bb-b640-91fabe96e227,0ceb7bfc-dfc0-47e3-a255-8d603717f148,->,67366ab5-4121-477e-a26c-d2501b464c4e,java/lang/String.java,valueOf
67366ab5-4121-477e-a26c-d2501b464c4e,744c251b-0add-46bb-b640-91fabe96e227,0ceb7bfc-dfc0-47e3-a255-8d603717f148,->,67366ab5-4121-477e-a26c-d2501b464c4e,CommLayer/Messages/AvalancheMessages$Message$DataPair$Builder.java,setValue
67366ab5-4121-477e-a26c-d2501b464c4e,744c251b-0add-46bb-b640-91fabe96e227,0ceb7bfc-dfc0-47e3-a255-8d603717f148,->,67366ab5-4121-477e-a26c-d2501b464c4e,CommLayer/Messages/AvalancheMessages$Message$DataPair$Builder.java,build
67366ab5-4121-477e-a26c-d2501b464c4e,744c251b-0add-46bb-b640-91fabe96e227,0ceb7bfc-dfc0-47e3-a255-8d603717f148,->,67366ab5-4121-477e-a26c-d2501b464c4e,java/util/List.java,add
67366ab5-4121-477e-a26c-d2501b464c4e,c5bab487-cf1a-4f0b-b506-22a07cbe348e,147c37bc-40aa-48de-8bfb-ed3c0de9c278,->,67366ab5-4121-477e-a26c-d2501b464c4e,java/util/List.java,addAll
67366ab5-4121-477e-a26c-d2501b464c4e,c5bab487-cf1a-4f0b-b506-22a07cbe348e,147c37bc-40aa-48de-8bfb-ed3c0de9c278,->,67366ab5-4121-477e-a26c-d2501b464c4e,c5bab487-cf1a-4f0b-b506-22a07cbe348e,29b7f344-c87b-446b-9534-a60c0f8b0a36
67366ab5-4121-477e-a26c-d2501b464c4e,c5bab487-cf1a-4f0b-b506-22a07cbe348e,147c37bc-40aa-48de-8bfb-ed3c0de9c278,->,67366ab5-4121-477e-a26c-d2501b464c4e,c5bab487-cf1a-4f0b-b506-22a07cbe348e,41a601ee-61ec-4389-b498-517bb4bbeae1
67366ab5-4121-477e-a26c-d2501b464c4e,c5bab487-cf1a-4f0b-b506-22a07cbe348e,41a601ee-61ec-4389-b498-517bb4bbeae1,->,67366ab5-4121-477e-a26c-d2501b464c4e,java/util/List.java,iterator
67366ab5-4121-477e-a26c-d2501b464c4e,c5bab487-cf1a-4f0b-b506-22a07cbe348e,41a601ee-61ec-4389-b498-517bb4bbeae1,->,67366ab5-4121-477e-a26c-d2501b464c4e,java/util/Iterator.java,hasNext
67366ab5-4121-477e-a26c-d2501b464c4e,c5bab487-cf1a-4f0b-b506-22a07cbe348e,41a601ee-61ec-4389-b498-517bb4bbeae1,->,67366ab5-4121-477e-a26c-d2501b464c4e,java/util/Iterator.java,next
67366ab5-4121-477e-a26c-d2501b464c4e,c5bab487-cf1a-4f0b-b506-22a07cbe348e,41a601ee-61ec-4389-b498-517bb4bbeae1,->,67366ab5-4121-477e-a26c-d2501b464c4e,98d0f80c-62ce-4870-90b2-a205eee83476,1c39b5f4-eb69-4b55-8efe-24c50289dcaa
67366ab5-4121-477e-a26c-d2501b464c4e,c5bab487-cf1a-4f0b-b506-22a07cbe348e,41a601ee-61ec-4389-b498-517bb4bbeae1,->,67366ab5-4121-477e-a26c-d2501b464c4e,98d0f80c-62ce-4870-90b2-a205eee83476,45901955-30cd-4ff4-80af-4561216f0059
67366ab5-4121-477e-a26c-d2501b464c4e,c5bab487-cf1a-4f0b-b506-22a07cbe348e,41a601ee-61ec-4389-b498-517bb4bbeae1,->,67366ab5-4121-477e-a26c-d2501b464c4e,2ad5ceba-170a-46b2-ab66-da5b1ce959ba,bdadde1b-be71-460a-a134-b0d463f4c219
67366ab5-4121-477e-a26c-d2501b464c4e,c5bab487-cf1a-4f0b-b506-22a07cbe348e,41a601ee-61ec-4389-b498-517bb4bbeae1,->,67366ab5-4121-477e-a26c-d2501b464c4e,98d0f80c-62ce-4870-90b2-a205eee83476,d5689140-0bba-49c5-8efa-74f684250ba4
67366ab5-4121-477e-a26c-d2501b464c4e,c5bab487-cf1a-4f0b-b506-22a07cbe348e,29b7f344-c87b-446b-9534-a60c0f8b0a36,->,67366ab5-4121-477e-a26c-d2501b464c4e,0a47b630-461e-4142-a2fb-c3319d360944,1d2d1b0a-ec6e-4a10-987b-438138b6a234
67366ab5-4121-477e-a26c-d2501b464c4e,c5bab487-cf1a-4f0b-b506-22a07cbe348e,29b7f344-c87b-446b-9534-a60c0f8b0a36,->,67366ab5-4121-477e-a26c-d2501b464c4e,0a47b630-461e-4142-a2fb-c3319d360944,7b54e99e-0469-4ded-b7f6-bca5f9b3b806
67366ab5-4121-477e-a26c-d2501b464c4e,c5bab487-cf1a-4f0b-b506-22a07cbe348e,29b7f344-c87b-446b-9534-a60c0f8b0a36,->,67366ab5-4121-477e-a26c-d2501b464c4e,0a47b630-461e-4142-a2fb-c3319d360944,7dd06933-9e5f-432b-9787-d630aae456e0
67366ab5-4121-477e-a26c-d2501b464c4e,c5bab487-cf1a-4f0b-b506-22a07cbe348e,29b7f344-c87b-446b-9534-a60c0f8b0a36,->,67366ab5-4121-477e-a26c-d2501b464c4e,2ad5ceba-170a-46b2-ab66-da5b1ce959ba,6521ff53-67d4-423b-b108-1a20fda74f7d
67366ab5-4121-477e-a26c-d2501b464c4e,c5bab487-cf1a-4f0b-b506-22a07cbe348e,29b7f344-c87b-446b-9534-a60c0f8b0a36,->,67366ab5-4121-477e-a26c-d2501b464c4e,98d0f80c-62ce-4870-90b2-a205eee83476,d5689140-0bba-49c5-8efa-74f684250ba4
67366ab5-4121-477e-a26c-d2501b464c4e,c5bab487-cf1a-4f0b-b506-22a07cbe348e,dc3074b3-8a71-4255-82f9-50b7cd06347c,->,67366ab5-4121-477e-a26c-d2501b464c4e,2ad5ceba-170a-46b2-ab66-da5b1ce959ba,b6e743a5-d90f-466e-8bc8-e39adfb690e0
67366ab5-4121-477e-a26c-d2501b464c4e,c5bab487-cf1a-4f0b-b506-22a07cbe348e,dc3074b3-8a71-4255-82f9-50b7cd06347c,->,67366ab5-4121-477e-a26c-d2501b464c4e,CommLayer/Messages/AvalancheMessages$Message.java,getTaskSetStateMessage
67366ab5-4121-477e-a26c-d2501b464c4e,c5bab487-cf1a-4f0b-b506-22a07cbe348e,dc3074b3-8a71-4255-82f9-50b7cd06347c,->,67366ab5-4121-477e-a26c-d2501b464c4e,CommLayer/Messages/AvalancheMessages$Message$TaskSetStateMessage.java,getState
67366ab5-4121-477e-a26c-d2501b464c4e,c5bab487-cf1a-4f0b-b506-22a07cbe348e,dc3074b3-8a71-4255-82f9-50b7cd06347c,->,67366ab5-4121-477e-a26c-d2501b464c4e,0a47b630-461e-4142-a2fb-c3319d360944,7dd06933-9e5f-432b-9787-d630aae456e0
67366ab5-4121-477e-a26c-d2501b464c4e,c5bab487-cf1a-4f0b-b506-22a07cbe348e,dc3074b3-8a71-4255-82f9-50b7cd06347c,->,67366ab5-4121-477e-a26c-d2501b464c4e,2ad5ceba-170a-46b2-ab66-da5b1ce959ba,6f7ebf8f-41f6-43e6-bab7-9992380cc943
67366ab5-4121-477e-a26c-d2501b464c4e,c5bab487-cf1a-4f0b-b506-22a07cbe348e,dc3074b3-8a71-4255-82f9-50b7cd06347c,->,67366ab5-4121-477e-a26c-d2501b464c4e,98d0f80c-62ce-4870-90b2-a205eee83476,d5689140-0bba-49c5-8efa-74f684250ba4
67366ab5-4121-477e-a26c-d2501b464c4e,c5bab487-cf1a-4f0b-b506-22a07cbe348e,dc3074b3-8a71-4255-82f9-50b7cd06347c,->,67366ab5-4121-477e-a26c-d2501b464c4e,c5bab487-cf1a-4f0b-b506-22a07cbe348e,29b7f344-c87b-446b-9534-a60c0f8b0a36
67366ab5-4121-477e-a26c-d2501b464c4e,c5bab487-cf1a-4f0b-b506-22a07cbe348e,dc3074b3-8a71-4255-82f9-50b7cd06347c,->,67366ab5-4121-477e-a26c-d2501b464c4e,CommLayer/Messages/AvalancheMessages$Message.java,getTaskSetStateMessage
67366ab5-4121-477e-a26c-d2501b464c4e,c5bab487-cf1a-4f0b-b506-22a07cbe348e,dc3074b3-8a71-4255-82f9-50b7cd06347c,->,67366ab5-4121-477e-a26c-d2501b464c4e,CommLayer/Messages/AvalancheMessages$Message$TaskSetStateMessage.java,getState
67366ab5-4121-477e-a26c-d2501b464c4e,c5bab487-cf1a-4f0b-b506-22a07cbe348e,dc3074b3-8a71-4255-82f9-50b7cd06347c,->,67366ab5-4121-477e-a26c-d2501b464c4e,0a47b630-461e-4142-a2fb-c3319d360944,7dd06933-9e5f-432b-9787-d630aae456e0
67366ab5-4121-477e-a26c-d2501b464c4e,c5bab487-cf1a-4f0b-b506-22a07cbe348e,dc3074b3-8a71-4255-82f9-50b7cd06347c,->,67366ab5-4121-477e-a26c-d2501b464c4e,CommLayer/Messages/AvalancheMessages$Message.java,getTaskSetStateMessage
67366ab5-4121-477e-a26c-d2501b464c4e,c5bab487-cf1a-4f0b-b506-22a07cbe348e,dc3074b3-8a71-4255-82f9-50b7cd06347c,->,67366ab5-4121-477e-a26c-d2501b464c4e,CommLayer/Messages/AvalancheMessages$Message$TaskSetStateMessage.java,getState
67366ab5-4121-477e-a26c-d2501b464c4e,c5bab487-cf1a-4f0b-b506-22a07cbe348e,dc3074b3-8a71-4255-82f9-50b7cd06347c,->,67366ab5-4121-477e-a26c-d2501b464c4e,0a47b630-461e-4142-a2fb-c3319d360944,7dd06933-9e5f-432b-9787-d630aae456e0
67366ab5-4121-477e-a26c-d2501b464c4e,c5bab487-cf1a-4f0b-b506-22a07cbe348e,dc3074b3-8a71-4255-82f9-50b7cd06347c,->,67366ab5-4121-477e-a26c-d2501b464c4e,2ad5ceba-170a-46b2-ab66-da5b1ce959ba,6f7ebf8f-41f6-43e6-bab7-9992380cc943
67366ab5-4121-477e-a26c-d2501b464c4e,c5bab487-cf1a-4f0b-b506-22a07cbe348e,dc3074b3-8a71-4255-82f9-50b7cd06347c,->,67366ab5-4121-477e-a26c-d2501b464c4e,98d0f80c-62ce-4870-90b2-a205eee83476,d5689140-0bba-49c5-8efa-74f684250ba4
67366ab5-4121-477e-a26c-d2501b464c4e,c5bab487-cf1a-4f0b-b506-22a07cbe348e,dc3074b3-8a71-4255-82f9-50b7cd06347c,->,67366ab5-4121-477e-a26c-d2501b464c4e,2ad5ceba-170a-46b2-ab66-da5b1ce959ba,b6e743a5-d90f-466e-8bc8-e39adfb690e0
67366ab5-4121-477e-a26c-d2501b464c4e,c5bab487-cf1a-4f0b-b506-22a07cbe348e,dc3074b3-8a71-4255-82f9-50b7cd06347c,->,67366ab5-4121-477e-a26c-d2501b464c4e,CommLayer/Messages/AvalancheMessages$Message.java,getDataManagerMessage
67366ab5-4121-477e-a26c-d2501b464c4e,c5bab487-cf1a-4f0b-b506-22a07cbe348e,dc3074b3-8a71-4255-82f9-50b7cd06347c,->,67366ab5-4121-477e-a26c-d2501b464c4e,CommLayer/Messages/AvalancheMessages$Message$DataManagerMessage.java,getType
67366ab5-4121-477e-a26c-d2501b464c4e,c5bab487-cf1a-4f0b-b506-22a07cbe348e,dc3074b3-8a71-4255-82f9-50b7cd06347c,->,67366ab5-4121-477e-a26c-d2501b464c4e,CommLayer/Messages/AvalancheMessages$Message$DataManagerMessage.java,getDataCopyResponseMessage
67366ab5-4121-477e-a26c-d2501b464c4e,c5bab487-cf1a-4f0b-b506-22a07cbe348e,dc3074b3-8a71-4255-82f9-50b7cd06347c,->,67366ab5-4121-477e-a26c-d2501b464c4e,CommLayer/Messages/AvalancheMessages$Message$DataManagerMessage$DataCopyResponseMessage.java,getTaskId
67366ab5-4121-477e-a26c-d2501b464c4e,c5bab487-cf1a-4f0b-b506-22a07cbe348e,dc3074b3-8a71-4255-82f9-50b7cd06347c,->,67366ab5-4121-477e-a26c-d2501b464c4e,java/util/concurrent/BlockingQueue.java,add
67366ab5-4121-477e-a26c-d2501b464c4e,c5bab487-cf1a-4f0b-b506-22a07cbe348e,dc3074b3-8a71-4255-82f9-50b7cd06347c,->,67366ab5-4121-477e-a26c-d2501b464c4e,CommLayer/Messages/AvalancheMessages$Message$DataManagerMessage.java,getDataCopyResponseMessage
67366ab5-4121-477e-a26c-d2501b464c4e,c5bab487-cf1a-4f0b-b506-22a07cbe348e,dc3074b3-8a71-4255-82f9-50b7cd06347c,->,67366ab5-4121-477e-a26c-d2501b464c4e,CommLayer/Messages/AvalancheMessages$Message$DataManagerMessage$DataCopyResponseMessage.java,getTaskId
67366ab5-4121-477e-a26c-d2501b464c4e,c5bab487-cf1a-4f0b-b506-22a07cbe348e,dc3074b3-8a71-4255-82f9-50b7cd06347c,->,67366ab5-4121-477e-a26c-d2501b464c4e,java/util/List.java,remove
67366ab5-4121-477e-a26c-d2501b464c4e,c5bab487-cf1a-4f0b-b506-22a07cbe348e,dc3074b3-8a71-4255-82f9-50b7cd06347c,->,67366ab5-4121-477e-a26c-d2501b464c4e,java/util/List.java,size
67366ab5-4121-477e-a26c-d2501b464c4e,c5bab487-cf1a-4f0b-b506-22a07cbe348e,dc3074b3-8a71-4255-82f9-50b7cd06347c,->,67366ab5-4121-477e-a26c-d2501b464c4e,c5bab487-cf1a-4f0b-b506-22a07cbe348e,29b7f344-c87b-446b-9534-a60c0f8b0a36
67366ab5-4121-477e-a26c-d2501b464c4e,c5bab487-cf1a-4f0b-b506-22a07cbe348e,dc3074b3-8a71-4255-82f9-50b7cd06347c,->,67366ab5-4121-477e-a26c-d2501b464c4e,2ad5ceba-170a-46b2-ab66-da5b1ce959ba,b6e743a5-d90f-466e-8bc8-e39adfb690e0
67366ab5-4121-477e-a26c-d2501b464c4e,c5bab487-cf1a-4f0b-b506-22a07cbe348e,dc3074b3-8a71-4255-82f9-50b7cd06347c,->,67366ab5-4121-477e-a26c-d2501b464c4e,CommLayer/Messages/AvalancheMessages$Message.java,getDataHandlerMessage
67366ab5-4121-477e-a26c-d2501b464c4e,c5bab487-cf1a-4f0b-b506-22a07cbe348e,dc3074b3-8a71-4255-82f9-50b7cd06347c,->,67366ab5-4121-477e-a26c-d2501b464c4e,CommLayer/Messages/AvalancheMessages$Message$DataHandlerMessage.java,getType
67366ab5-4121-477e-a26c-d2501b464c4e,c5bab487-cf1a-4f0b-b506-22a07cbe348e,dc3074b3-8a71-4255-82f9-50b7cd06347c,->,67366ab5-4121-477e-a26c-d2501b464c4e,CommLayer/Messages/AvalancheMessages$Message$DataHandlerMessage.java,getTaskId
67366ab5-4121-477e-a26c-d2501b464c4e,c5bab487-cf1a-4f0b-b506-22a07cbe348e,dc3074b3-8a71-4255-82f9-50b7cd06347c,->,67366ab5-4121-477e-a26c-d2501b464c4e,java/lang/String.java,equals
67366ab5-4121-477e-a26c-d2501b464c4e,c5bab487-cf1a-4f0b-b506-22a07cbe348e,dc3074b3-8a71-4255-82f9-50b7cd06347c,->,67366ab5-4121-477e-a26c-d2501b464c4e,CommLayer/Messages/AvalancheMessages$Message$DataHandlerMessage.java,getDataPayLoadList
67366ab5-4121-477e-a26c-d2501b464c4e,c5bab487-cf1a-4f0b-b506-22a07cbe348e,dc3074b3-8a71-4255-82f9-50b7cd06347c,->,67366ab5-4121-477e-a26c-d2501b464c4e,java/util/List.java,addAll
67366ab5-4121-477e-a26c-d2501b464c4e,c5bab487-cf1a-4f0b-b506-22a07cbe348e,dc3074b3-8a71-4255-82f9-50b7cd06347c,->,67366ab5-4121-477e-a26c-d2501b464c4e,CommLayer/Messages/AvalancheMessages$Message$DataHandlerMessage.java,getMetaData
67366ab5-4121-477e-a26c-d2501b464c4e,c5bab487-cf1a-4f0b-b506-22a07cbe348e,dc3074b3-8a71-4255-82f9-50b7cd06347c,->,67366ab5-4121-477e-a26c-d2501b464c4e,CommLayer/Messages/AvalancheMessages$Message$DataHandlerMessage$MetaData.java,getDataPairList
67366ab5-4121-477e-a26c-d2501b464c4e,c5bab487-cf1a-4f0b-b506-22a07cbe348e,dc3074b3-8a71-4255-82f9-50b7cd06347c,->,67366ab5-4121-477e-a26c-d2501b464c4e,java/util/List.java,iterator
67366ab5-4121-477e-a26c-d2501b464c4e,c5bab487-cf1a-4f0b-b506-22a07cbe348e,dc3074b3-8a71-4255-82f9-50b7cd06347c,->,67366ab5-4121-477e-a26c-d2501b464c4e,java/util/Iterator.java,hasNext
67366ab5-4121-477e-a26c-d2501b464c4e,c5bab487-cf1a-4f0b-b506-22a07cbe348e,dc3074b3-8a71-4255-82f9-50b7cd06347c,->,67366ab5-4121-477e-a26c-d2501b464c4e,java/util/Iterator.java,next
67366ab5-4121-477e-a26c-d2501b464c4e,c5bab487-cf1a-4f0b-b506-22a07cbe348e,dc3074b3-8a71-4255-82f9-50b7cd06347c,->,67366ab5-4121-477e-a26c-d2501b464c4e,CommLayer/Messages/AvalancheMessages$Message$DataPair.java,getKey
67366ab5-4121-477e-a26c-d2501b464c4e,c5bab487-cf1a-4f0b-b506-22a07cbe348e,dc3074b3-8a71-4255-82f9-50b7cd06347c,->,67366ab5-4121-477e-a26c-d2501b464c4e,Core/Impl/MergeTaskImpl$MetaDataType.java,toString
67366ab5-4121-477e-a26c-d2501b464c4e,c5bab487-cf1a-4f0b-b506-22a07cbe348e,dc3074b3-8a71-4255-82f9-50b7cd06347c,->,67366ab5-4121-477e-a26c-d2501b464c4e,java/lang/String.java,equals
67366ab5-4121-477e-a26c-d2501b464c4e,c5bab487-cf1a-4f0b-b506-22a07cbe348e,dc3074b3-8a71-4255-82f9-50b7cd06347c,->,67366ab5-4121-477e-a26c-d2501b464c4e,CommLayer/Messages/AvalancheMessages$Message$DataPair.java,getValue
67366ab5-4121-477e-a26c-d2501b464c4e,c5bab487-cf1a-4f0b-b506-22a07cbe348e,dc3074b3-8a71-4255-82f9-50b7cd06347c,->,67366ab5-4121-477e-a26c-d2501b464c4e,java/lang/Integer.java,parseInt
67366ab5-4121-477e-a26c-d2501b464c4e,c5bab487-cf1a-4f0b-b506-22a07cbe348e,dc3074b3-8a71-4255-82f9-50b7cd06347c,->,67366ab5-4121-477e-a26c-d2501b464c4e,CommLayer/Messages/AvalancheMessages$Message$DataPair.java,getKey
67366ab5-4121-477e-a26c-d2501b464c4e,c5bab487-cf1a-4f0b-b506-22a07cbe348e,dc3074b3-8a71-4255-82f9-50b7cd06347c,->,67366ab5-4121-477e-a26c-d2501b464c4e,Core/Impl/MergeTaskImpl$MetaDataType.java,toString
67366ab5-4121-477e-a26c-d2501b464c4e,c5bab487-cf1a-4f0b-b506-22a07cbe348e,dc3074b3-8a71-4255-82f9-50b7cd06347c,->,67366ab5-4121-477e-a26c-d2501b464c4e,java/lang/String.java,equals
67366ab5-4121-477e-a26c-d2501b464c4e,c5bab487-cf1a-4f0b-b506-22a07cbe348e,dc3074b3-8a71-4255-82f9-50b7cd06347c,->,67366ab5-4121-477e-a26c-d2501b464c4e,CommLayer/Messages/AvalancheMessages$Message$DataPair.java,getValue
67366ab5-4121-477e-a26c-d2501b464c4e,c5bab487-cf1a-4f0b-b506-22a07cbe348e,dc3074b3-8a71-4255-82f9-50b7cd06347c,->,67366ab5-4121-477e-a26c-d2501b464c4e,CommLayer/Messages/AvalancheMessages$Message$DataPair.java,getKey
67366ab5-4121-477e-a26c-d2501b464c4e,c5bab487-cf1a-4f0b-b506-22a07cbe348e,dc3074b3-8a71-4255-82f9-50b7cd06347c,->,67366ab5-4121-477e-a26c-d2501b464c4e,java/lang/String.java,length
67366ab5-4121-477e-a26c-d2501b464c4e,c5bab487-cf1a-4f0b-b506-22a07cbe348e,dc3074b3-8a71-4255-82f9-50b7cd06347c,->,67366ab5-4121-477e-a26c-d2501b464c4e,Core/Impl/MergeTaskImpl$MetaDataType.java,toString
67366ab5-4121-477e-a26c-d2501b464c4e,c5bab487-cf1a-4f0b-b506-22a07cbe348e,dc3074b3-8a71-4255-82f9-50b7cd06347c,->,67366ab5-4121-477e-a26c-d2501b464c4e,java/lang/String.java,length
67366ab5-4121-477e-a26c-d2501b464c4e,c5bab487-cf1a-4f0b-b506-22a07cbe348e,dc3074b3-8a71-4255-82f9-50b7cd06347c,->,67366ab5-4121-477e-a26c-d2501b464c4e,CommLayer/Messages/AvalancheMessages$Message$DataPair.java,getKey
67366ab5-4121-477e-a26c-d2501b464c4e,c5bab487-cf1a-4f0b-b506-22a07cbe348e,dc3074b3-8a71-4255-82f9-50b7cd06347c,->,67366ab5-4121-477e-a26c-d2501b464c4e,Core/Impl/MergeTaskImpl$MetaDataType.java,toString
67366ab5-4121-477e-a26c-d2501b464c4e,c5bab487-cf1a-4f0b-b506-22a07cbe348e,dc3074b3-8a71-4255-82f9-50b7cd06347c,->,67366ab5-4121-477e-a26c-d2501b464c4e,java/lang/String.java,length
67366ab5-4121-477e-a26c-d2501b464c4e,c5bab487-cf1a-4f0b-b506-22a07cbe348e,dc3074b3-8a71-4255-82f9-50b7cd06347c,->,67366ab5-4121-477e-a26c-d2501b464c4e,java/lang/String.java,substring
67366ab5-4121-477e-a26c-d2501b464c4e,c5bab487-cf1a-4f0b-b506-22a07cbe348e,dc3074b3-8a71-4255-82f9-50b7cd06347c,->,67366ab5-4121-477e-a26c-d2501b464c4e,Core/Impl/MergeTaskImpl$MetaDataType.java,toString
67366ab5-4121-477e-a26c-d2501b464c4e,c5bab487-cf1a-4f0b-b506-22a07cbe348e,dc3074b3-8a71-4255-82f9-50b7cd06347c,->,67366ab5-4121-477e-a26c-d2501b464c4e,java/lang/String.java,equals
67366ab5-4121-477e-a26c-d2501b464c4e,c5bab487-cf1a-4f0b-b506-22a07cbe348e,dc3074b3-8a71-4255-82f9-50b7cd06347c,->,67366ab5-4121-477e-a26c-d2501b464c4e,CommLayer/Messages/AvalancheMessages$Message$DataPair.java,getValue
67366ab5-4121-477e-a26c-d2501b464c4e,c5bab487-cf1a-4f0b-b506-22a07cbe348e,dc3074b3-8a71-4255-82f9-50b7cd06347c,->,67366ab5-4121-477e-a26c-d2501b464c4e,java/util/concurrent/BlockingQueue.java,remove
67366ab5-4121-477e-a26c-d2501b464c4e,c5bab487-cf1a-4f0b-b506-22a07cbe348e,dc3074b3-8a71-4255-82f9-50b7cd06347c,->,67366ab5-4121-477e-a26c-d2501b464c4e,CommLayer/Messages/AvalancheMessages$Message$DataPair.java,getValue
67366ab5-4121-477e-a26c-d2501b464c4e,c5bab487-cf1a-4f0b-b506-22a07cbe348e,dc3074b3-8a71-4255-82f9-50b7cd06347c,->,67366ab5-4121-477e-a26c-d2501b464c4e,java/util/concurrent/BlockingQueue.java,add
67366ab5-4121-477e-a26c-d2501b464c4e,c5bab487-cf1a-4f0b-b506-22a07cbe348e,dc3074b3-8a71-4255-82f9-50b7cd06347c,->,67366ab5-4121-477e-a26c-d2501b464c4e,c5bab487-cf1a-4f0b-b506-22a07cbe348e,78fd5698-8527-4f35-850a-249385671dad
67366ab5-4121-477e-a26c-d2501b464c4e,c5bab487-cf1a-4f0b-b506-22a07cbe348e,dc3074b3-8a71-4255-82f9-50b7cd06347c,->,67366ab5-4121-477e-a26c-d2501b464c4e,c5bab487-cf1a-4f0b-b506-22a07cbe348e,29b7f344-c87b-446b-9534-a60c0f8b0a36
67366ab5-4121-477e-a26c-d2501b464c4e,c5bab487-cf1a-4f0b-b506-22a07cbe348e,dc3074b3-8a71-4255-82f9-50b7cd06347c,->,67366ab5-4121-477e-a26c-d2501b464c4e,CommLayer/Messages/AvalancheMessages$Message$DataHandlerMessage.java,getType
67366ab5-4121-477e-a26c-d2501b464c4e,c5bab487-cf1a-4f0b-b506-22a07cbe348e,dc3074b3-8a71-4255-82f9-50b7cd06347c,->,67366ab5-4121-477e-a26c-d2501b464c4e,CommLayer/Messages/AvalancheMessages$Message$DataHandlerMessage.java,getDataPayLoadCount
67366ab5-4121-477e-a26c-d2501b464c4e,c5bab487-cf1a-4f0b-b506-22a07cbe348e,dc3074b3-8a71-4255-82f9-50b7cd06347c,->,67366ab5-4121-477e-a26c-d2501b464c4e,CommLayer/Messages/AvalancheMessages$Message$DataHandlerMessage.java,getTaskId
67366ab5-4121-477e-a26c-d2501b464c4e,c5bab487-cf1a-4f0b-b506-22a07cbe348e,dc3074b3-8a71-4255-82f9-50b7cd06347c,->,67366ab5-4121-477e-a26c-d2501b464c4e,java/util/concurrent/BlockingQueue.java,remove
67366ab5-4121-477e-a26c-d2501b464c4e,c5bab487-cf1a-4f0b-b506-22a07cbe348e,dc3074b3-8a71-4255-82f9-50b7cd06347c,->,67366ab5-4121-477e-a26c-d2501b464c4e,CommLayer/Messages/AvalancheMessages$Message$DataHandlerMessage.java,getTaskId
67366ab5-4121-477e-a26c-d2501b464c4e,c5bab487-cf1a-4f0b-b506-22a07cbe348e,dc3074b3-8a71-4255-82f9-50b7cd06347c,->,67366ab5-4121-477e-a26c-d2501b464c4e,java/util/concurrent/BlockingQueue.java,add
67366ab5-4121-477e-a26c-d2501b464c4e,c5bab487-cf1a-4f0b-b506-22a07cbe348e,dc3074b3-8a71-4255-82f9-50b7cd06347c,->,67366ab5-4121-477e-a26c-d2501b464c4e,c5bab487-cf1a-4f0b-b506-22a07cbe348e,78fd5698-8527-4f35-850a-249385671dad
67366ab5-4121-477e-a26c-d2501b464c4e,c5bab487-cf1a-4f0b-b506-22a07cbe348e,dc3074b3-8a71-4255-82f9-50b7cd06347c,->,67366ab5-4121-477e-a26c-d2501b464c4e,CommLayer/Messages/AvalancheMessages$Message$DataHandlerMessage.java,getDataPayLoadList
67366ab5-4121-477e-a26c-d2501b464c4e,c5bab487-cf1a-4f0b-b506-22a07cbe348e,dc3074b3-8a71-4255-82f9-50b7cd06347c,->,67366ab5-4121-477e-a26c-d2501b464c4e,CommLayer/Messages/AvalancheMessages$Message$DataHandlerMessage.java,getTaskId
67366ab5-4121-477e-a26c-d2501b464c4e,c5bab487-cf1a-4f0b-b506-22a07cbe348e,dc3074b3-8a71-4255-82f9-50b7cd06347c,->,67366ab5-4121-477e-a26c-d2501b464c4e,java/lang/StringBuilder.java,append
67366ab5-4121-477e-a26c-d2501b464c4e,c5bab487-cf1a-4f0b-b506-22a07cbe348e,dc3074b3-8a71-4255-82f9-50b7cd06347c,->,67366ab5-4121-477e-a26c-d2501b464c4e,java/lang/StringBuilder.java,append
67366ab5-4121-477e-a26c-d2501b464c4e,c5bab487-cf1a-4f0b-b506-22a07cbe348e,dc3074b3-8a71-4255-82f9-50b7cd06347c,->,67366ab5-4121-477e-a26c-d2501b464c4e,java/lang/StringBuilder.java,append
67366ab5-4121-477e-a26c-d2501b464c4e,c5bab487-cf1a-4f0b-b506-22a07cbe348e,dc3074b3-8a71-4255-82f9-50b7cd06347c,->,67366ab5-4121-477e-a26c-d2501b464c4e,java/lang/StringBuilder.java,toString
67366ab5-4121-477e-a26c-d2501b464c4e,c5bab487-cf1a-4f0b-b506-22a07cbe348e,dc3074b3-8a71-4255-82f9-50b7cd06347c,->,67366ab5-4121-477e-a26c-d2501b464c4e,java/io/PrintStream.java,println
67366ab5-4121-477e-a26c-d2501b464c4e,c5bab487-cf1a-4f0b-b506-22a07cbe348e,"2aa82da8-9a15-4312-8803-b3bf23eeac92,c46f959a-4f91-4cf4-8372-1469c513200f",->,67366ab5-4121-477e-a26c-d2501b464c4e,0a47b630-461e-4142-a2fb-c3319d360944,7dd06933-9e5f-432b-9787-d630aae456e0
67366ab5-4121-477e-a26c-d2501b464c4e,c5bab487-cf1a-4f0b-b506-22a07cbe348e,"2aa82da8-9a15-4312-8803-b3bf23eeac92,c46f959a-4f91-4cf4-8372-1469c513200f",->,67366ab5-4121-477e-a26c-d2501b464c4e,java/lang/Thread.java,sleep
67366ab5-4121-477e-a26c-d2501b464c4e,c5bab487-cf1a-4f0b-b506-22a07cbe348e,"2aa82da8-9a15-4312-8803-b3bf23eeac92,c46f959a-4f91-4cf4-8372-1469c513200f",->,67366ab5-4121-477e-a26c-d2501b464c4e,java/lang/InterruptedException.java,printStackTrace
67366ab5-4121-477e-a26c-d2501b464c4e,c5bab487-cf1a-4f0b-b506-22a07cbe348e,"2aa82da8-9a15-4312-8803-b3bf23eeac92,c46f959a-4f91-4cf4-8372-1469c513200f",->,67366ab5-4121-477e-a26c-d2501b464c4e,Core/Impl/MergeTaskImpl$1.java,start
67366ab5-4121-477e-a26c-d2501b464c4e,c5bab487-cf1a-4f0b-b506-22a07cbe348e,"2aa82da8-9a15-4312-8803-b3bf23eeac92,c46f959a-4f91-4cf4-8372-1469c513200f",->,67366ab5-4121-477e-a26c-d2501b464c4e,c5bab487-cf1a-4f0b-b506-22a07cbe348e,78fd5698-8527-4f35-850a-249385671dad
67366ab5-4121-477e-a26c-d2501b464c4e,c5bab487-cf1a-4f0b-b506-22a07cbe348e,"2aa82da8-9a15-4312-8803-b3bf23eeac92,c46f959a-4f91-4cf4-8372-1469c513200f",->,67366ab5-4121-477e-a26c-d2501b464c4e,java/util/concurrent/BlockingQueue.java,size
67366ab5-4121-477e-a26c-d2501b464c4e,c5bab487-cf1a-4f0b-b506-22a07cbe348e,"2aa82da8-9a15-4312-8803-b3bf23eeac92,c46f959a-4f91-4cf4-8372-1469c513200f",->,67366ab5-4121-477e-a26c-d2501b464c4e,java/util/List.java,size
67366ab5-4121-477e-a26c-d2501b464c4e,c5bab487-cf1a-4f0b-b506-22a07cbe348e,"2aa82da8-9a15-4312-8803-b3bf23eeac92,c46f959a-4f91-4cf4-8372-1469c513200f",->,67366ab5-4121-477e-a26c-d2501b464c4e,java/util/List.java,size
67366ab5-4121-477e-a26c-d2501b464c4e,c5bab487-cf1a-4f0b-b506-22a07cbe348e,"2aa82da8-9a15-4312-8803-b3bf23eeac92,c46f959a-4f91-4cf4-8372-1469c513200f",->,67366ab5-4121-477e-a26c-d2501b464c4e,Core/Impl/MergeTaskImpl.java,userFunction
67366ab5-4121-477e-a26c-d2501b464c4e,c5bab487-cf1a-4f0b-b506-22a07cbe348e,"2aa82da8-9a15-4312-8803-b3bf23eeac92,c46f959a-4f91-4cf4-8372-1469c513200f",->,67366ab5-4121-477e-a26c-d2501b464c4e,java/util/List.java,size
67366ab5-4121-477e-a26c-d2501b464c4e,c5bab487-cf1a-4f0b-b506-22a07cbe348e,"2aa82da8-9a15-4312-8803-b3bf23eeac92,c46f959a-4f91-4cf4-8372-1469c513200f",->,67366ab5-4121-477e-a26c-d2501b464c4e,c5bab487-cf1a-4f0b-b506-22a07cbe348e,78fd5698-8527-4f35-850a-249385671dad
67366ab5-4121-477e-a26c-d2501b464c4e,c5bab487-cf1a-4f0b-b506-22a07cbe348e,"2aa82da8-9a15-4312-8803-b3bf23eeac92,c46f959a-4f91-4cf4-8372-1469c513200f",->,67366ab5-4121-477e-a26c-d2501b464c4e,java/lang/Thread.java,sleep
67366ab5-4121-477e-a26c-d2501b464c4e,c5bab487-cf1a-4f0b-b506-22a07cbe348e,"2aa82da8-9a15-4312-8803-b3bf23eeac92,c46f959a-4f91-4cf4-8372-1469c513200f",->,67366ab5-4121-477e-a26c-d2501b464c4e,java/lang/InterruptedException.java,printStackTrace
67366ab5-4121-477e-a26c-d2501b464c4e,c5bab487-cf1a-4f0b-b506-22a07cbe348e,"2aa82da8-9a15-4312-8803-b3bf23eeac92,c46f959a-4f91-4cf4-8372-1469c513200f",->,67366ab5-4121-477e-a26c-d2501b464c4e,c5bab487-cf1a-4f0b-b506-22a07cbe348e,aa7798d9-ec99-4229-bd83-cd1fed6fcf61
67366ab5-4121-477e-a26c-d2501b464c4e,c5bab487-cf1a-4f0b-b506-22a07cbe348e,"2aa82da8-9a15-4312-8803-b3bf23eeac92,c46f959a-4f91-4cf4-8372-1469c513200f",->,67366ab5-4121-477e-a26c-d2501b464c4e,2ad5ceba-170a-46b2-ab66-da5b1ce959ba,9da23ec0-5899-4907-b3b8-edd87b30d269
67366ab5-4121-477e-a26c-d2501b464c4e,c5bab487-cf1a-4f0b-b506-22a07cbe348e,"2aa82da8-9a15-4312-8803-b3bf23eeac92,c46f959a-4f91-4cf4-8372-1469c513200f",->,67366ab5-4121-477e-a26c-d2501b464c4e,98d0f80c-62ce-4870-90b2-a205eee83476,d5689140-0bba-49c5-8efa-74f684250ba4
67366ab5-4121-477e-a26c-d2501b464c4e,c5bab487-cf1a-4f0b-b506-22a07cbe348e,"2aa82da8-9a15-4312-8803-b3bf23eeac92,c46f959a-4f91-4cf4-8372-1469c513200f",->,67366ab5-4121-477e-a26c-d2501b464c4e,c5bab487-cf1a-4f0b-b506-22a07cbe348e,29b7f344-c87b-446b-9534-a60c0f8b0a36
67366ab5-4121-477e-a26c-d2501b464c4e,c5bab487-cf1a-4f0b-b506-22a07cbe348e,"2aa82da8-9a15-4312-8803-b3bf23eeac92,c46f959a-4f91-4cf4-8372-1469c513200f",->,67366ab5-4121-477e-a26c-d2501b464c4e,java/lang/Thread.java,sleep
67366ab5-4121-477e-a26c-d2501b464c4e,c5bab487-cf1a-4f0b-b506-22a07cbe348e,"2aa82da8-9a15-4312-8803-b3bf23eeac92,c46f959a-4f91-4cf4-8372-1469c513200f",->,67366ab5-4121-477e-a26c-d2501b464c4e,java/lang/InterruptedException.java,printStackTrace
67366ab5-4121-477e-a26c-d2501b464c4e,c5bab487-cf1a-4f0b-b506-22a07cbe348e,"2aa82da8-9a15-4312-8803-b3bf23eeac92,c46f959a-4f91-4cf4-8372-1469c513200f",->,67366ab5-4121-477e-a26c-d2501b464c4e,c5bab487-cf1a-4f0b-b506-22a07cbe348e,78fd5698-8527-4f35-850a-249385671dad
67366ab5-4121-477e-a26c-d2501b464c4e,c5bab487-cf1a-4f0b-b506-22a07cbe348e,"2aa82da8-9a15-4312-8803-b3bf23eeac92,c46f959a-4f91-4cf4-8372-1469c513200f",->,67366ab5-4121-477e-a26c-d2501b464c4e,c5bab487-cf1a-4f0b-b506-22a07cbe348e,aa7798d9-ec99-4229-bd83-cd1fed6fcf61
67366ab5-4121-477e-a26c-d2501b464c4e,c5bab487-cf1a-4f0b-b506-22a07cbe348e,"2aa82da8-9a15-4312-8803-b3bf23eeac92,c46f959a-4f91-4cf4-8372-1469c513200f",->,67366ab5-4121-477e-a26c-d2501b464c4e,2ad5ceba-170a-46b2-ab66-da5b1ce959ba,9da23ec0-5899-4907-b3b8-edd87b30d269
67366ab5-4121-477e-a26c-d2501b464c4e,c5bab487-cf1a-4f0b-b506-22a07cbe348e,"2aa82da8-9a15-4312-8803-b3bf23eeac92,c46f959a-4f91-4cf4-8372-1469c513200f",->,67366ab5-4121-477e-a26c-d2501b464c4e,98d0f80c-62ce-4870-90b2-a205eee83476,d5689140-0bba-49c5-8efa-74f684250ba4
67366ab5-4121-477e-a26c-d2501b464c4e,c5bab487-cf1a-4f0b-b506-22a07cbe348e,"2aa82da8-9a15-4312-8803-b3bf23eeac92,c46f959a-4f91-4cf4-8372-1469c513200f",->,67366ab5-4121-477e-a26c-d2501b464c4e,c5bab487-cf1a-4f0b-b506-22a07cbe348e,29b7f344-c87b-446b-9534-a60c0f8b0a36
67366ab5-4121-477e-a26c-d2501b464c4e,c5bab487-cf1a-4f0b-b506-22a07cbe348e,"2aa82da8-9a15-4312-8803-b3bf23eeac92,c46f959a-4f91-4cf4-8372-1469c513200f",->,67366ab5-4121-477e-a26c-d2501b464c4e,98d0f80c-62ce-4870-90b2-a205eee83476,34127776-924f-4d3b-872f-935c03cb9b5e
67366ab5-4121-477e-a26c-d2501b464c4e,c5bab487-cf1a-4f0b-b506-22a07cbe348e,78fd5698-8527-4f35-850a-249385671dad,->,67366ab5-4121-477e-a26c-d2501b464c4e,java/util/concurrent/BlockingQueue.java,peek
67366ab5-4121-477e-a26c-d2501b464c4e,c5bab487-cf1a-4f0b-b506-22a07cbe348e,78fd5698-8527-4f35-850a-249385671dad,->,67366ab5-4121-477e-a26c-d2501b464c4e,2ad5ceba-170a-46b2-ab66-da5b1ce959ba,6f7ebf8f-41f6-43e6-bab7-9992380cc943
67366ab5-4121-477e-a26c-d2501b464c4e,c5bab487-cf1a-4f0b-b506-22a07cbe348e,78fd5698-8527-4f35-850a-249385671dad,->,67366ab5-4121-477e-a26c-d2501b464c4e,98d0f80c-62ce-4870-90b2-a205eee83476,d5689140-0bba-49c5-8efa-74f684250ba4
67366ab5-4121-477e-a26c-d2501b464c4e,c5bab487-cf1a-4f0b-b506-22a07cbe348e,aa7798d9-ec99-4229-bd83-cd1fed6fcf61,->,67366ab5-4121-477e-a26c-d2501b464c4e,java/util/concurrent/BlockingQueue.java,iterator
67366ab5-4121-477e-a26c-d2501b464c4e,c5bab487-cf1a-4f0b-b506-22a07cbe348e,aa7798d9-ec99-4229-bd83-cd1fed6fcf61,->,67366ab5-4121-477e-a26c-d2501b464c4e,java/util/Iterator.java,hasNext
67366ab5-4121-477e-a26c-d2501b464c4e,c5bab487-cf1a-4f0b-b506-22a07cbe348e,aa7798d9-ec99-4229-bd83-cd1fed6fcf61,->,67366ab5-4121-477e-a26c-d2501b464c4e,java/util/Iterator.java,next
67366ab5-4121-477e-a26c-d2501b464c4e,c5bab487-cf1a-4f0b-b506-22a07cbe348e,aa7798d9-ec99-4229-bd83-cd1fed6fcf61,->,67366ab5-4121-477e-a26c-d2501b464c4e,CommLayer/Messages/AvalancheMessages$Message$DataPair.java,newBuilder
67366ab5-4121-477e-a26c-d2501b464c4e,c5bab487-cf1a-4f0b-b506-22a07cbe348e,aa7798d9-ec99-4229-bd83-cd1fed6fcf61,->,67366ab5-4121-477e-a26c-d2501b464c4e,Core/Impl/MergeTaskImpl$MetaDataType.java,toString
67366ab5-4121-477e-a26c-d2501b464c4e,c5bab487-cf1a-4f0b-b506-22a07cbe348e,aa7798d9-ec99-4229-bd83-cd1fed6fcf61,->,67366ab5-4121-477e-a26c-d2501b464c4e,java/lang/StringBuilder.java,append
67366ab5-4121-477e-a26c-d2501b464c4e,c5bab487-cf1a-4f0b-b506-22a07cbe348e,aa7798d9-ec99-4229-bd83-cd1fed6fcf61,->,67366ab5-4121-477e-a26c-d2501b464c4e,java/lang/StringBuilder.java,append
67366ab5-4121-477e-a26c-d2501b464c4e,c5bab487-cf1a-4f0b-b506-22a07cbe348e,aa7798d9-ec99-4229-bd83-cd1fed6fcf61,->,67366ab5-4121-477e-a26c-d2501b464c4e,java/lang/StringBuilder.java,toString
67366ab5-4121-477e-a26c-d2501b464c4e,c5bab487-cf1a-4f0b-b506-22a07cbe348e,aa7798d9-ec99-4229-bd83-cd1fed6fcf61,->,67366ab5-4121-477e-a26c-d2501b464c4e,CommLayer/Messages/AvalancheMessages$Message$DataPair$Builder.java,setKey
67366ab5-4121-477e-a26c-d2501b464c4e,c5bab487-cf1a-4f0b-b506-22a07cbe348e,aa7798d9-ec99-4229-bd83-cd1fed6fcf61,->,67366ab5-4121-477e-a26c-d2501b464c4e,CommLayer/Messages/AvalancheMessages$Message$DataPair$Builder.java,setValue
67366ab5-4121-477e-a26c-d2501b464c4e,c5bab487-cf1a-4f0b-b506-22a07cbe348e,aa7798d9-ec99-4229-bd83-cd1fed6fcf61,->,67366ab5-4121-477e-a26c-d2501b464c4e,CommLayer/Messages/AvalancheMessages$Message$DataPair$Builder.java,build
67366ab5-4121-477e-a26c-d2501b464c4e,c5bab487-cf1a-4f0b-b506-22a07cbe348e,aa7798d9-ec99-4229-bd83-cd1fed6fcf61,->,67366ab5-4121-477e-a26c-d2501b464c4e,java/util/List.java,add
67366ab5-4121-477e-a26c-d2501b464c4e,c5bab487-cf1a-4f0b-b506-22a07cbe348e,aa7798d9-ec99-4229-bd83-cd1fed6fcf61,->,67366ab5-4121-477e-a26c-d2501b464c4e,CommLayer/Messages/AvalancheMessages$Message$DataPair.java,newBuilder
67366ab5-4121-477e-a26c-d2501b464c4e,c5bab487-cf1a-4f0b-b506-22a07cbe348e,aa7798d9-ec99-4229-bd83-cd1fed6fcf61,->,67366ab5-4121-477e-a26c-d2501b464c4e,Core/Impl/MergeTaskImpl$MetaDataType.java,toString
67366ab5-4121-477e-a26c-d2501b464c4e,c5bab487-cf1a-4f0b-b506-22a07cbe348e,aa7798d9-ec99-4229-bd83-cd1fed6fcf61,->,67366ab5-4121-477e-a26c-d2501b464c4e,CommLayer/Messages/AvalancheMessages$Message$DataPair$Builder.java,setKey
67366ab5-4121-477e-a26c-d2501b464c4e,c5bab487-cf1a-4f0b-b506-22a07cbe348e,aa7798d9-ec99-4229-bd83-cd1fed6fcf61,->,67366ab5-4121-477e-a26c-d2501b464c4e,CommLayer/Messages/AvalancheMessages$Message$DataPair$Builder.java,setValue
67366ab5-4121-477e-a26c-d2501b464c4e,c5bab487-cf1a-4f0b-b506-22a07cbe348e,aa7798d9-ec99-4229-bd83-cd1fed6fcf61,->,67366ab5-4121-477e-a26c-d2501b464c4e,CommLayer/Messages/AvalancheMessages$Message$DataPair$Builder.java,build
67366ab5-4121-477e-a26c-d2501b464c4e,c5bab487-cf1a-4f0b-b506-22a07cbe348e,aa7798d9-ec99-4229-bd83-cd1fed6fcf61,->,67366ab5-4121-477e-a26c-d2501b464c4e,java/util/List.java,add
67366ab5-4121-477e-a26c-d2501b464c4e,c5bab487-cf1a-4f0b-b506-22a07cbe348e,aa7798d9-ec99-4229-bd83-cd1fed6fcf61,->,67366ab5-4121-477e-a26c-d2501b464c4e,CommLayer/Messages/AvalancheMessages$Message$DataPair.java,newBuilder
67366ab5-4121-477e-a26c-d2501b464c4e,c5bab487-cf1a-4f0b-b506-22a07cbe348e,aa7798d9-ec99-4229-bd83-cd1fed6fcf61,->,67366ab5-4121-477e-a26c-d2501b464c4e,Core/Impl/MergeTaskImpl$MetaDataType.java,toString
67366ab5-4121-477e-a26c-d2501b464c4e,c5bab487-cf1a-4f0b-b506-22a07cbe348e,aa7798d9-ec99-4229-bd83-cd1fed6fcf61,->,67366ab5-4121-477e-a26c-d2501b464c4e,CommLayer/Messages/AvalancheMessages$Message$DataPair$Builder.java,setKey
67366ab5-4121-477e-a26c-d2501b464c4e,c5bab487-cf1a-4f0b-b506-22a07cbe348e,aa7798d9-ec99-4229-bd83-cd1fed6fcf61,->,67366ab5-4121-477e-a26c-d2501b464c4e,java/lang/String.java,valueOf
67366ab5-4121-477e-a26c-d2501b464c4e,c5bab487-cf1a-4f0b-b506-22a07cbe348e,aa7798d9-ec99-4229-bd83-cd1fed6fcf61,->,67366ab5-4121-477e-a26c-d2501b464c4e,CommLayer/Messages/AvalancheMessages$Message$DataPair$Builder.java,setValue
67366ab5-4121-477e-a26c-d2501b464c4e,c5bab487-cf1a-4f0b-b506-22a07cbe348e,aa7798d9-ec99-4229-bd83-cd1fed6fcf61,->,67366ab5-4121-477e-a26c-d2501b464c4e,CommLayer/Messages/AvalancheMessages$Message$DataPair$Builder.java,build
67366ab5-4121-477e-a26c-d2501b464c4e,c5bab487-cf1a-4f0b-b506-22a07cbe348e,aa7798d9-ec99-4229-bd83-cd1fed6fcf61,->,67366ab5-4121-477e-a26c-d2501b464c4e,java/util/List.java,add
67366ab5-4121-477e-a26c-d2501b464c4e,Core/Impl/MergeTaskImpl.java,access$400,->,67366ab5-4121-477e-a26c-d2501b464c4e,c5bab487-cf1a-4f0b-b506-22a07cbe348e,aa7798d9-ec99-4229-bd83-cd1fed6fcf61
67366ab5-4121-477e-a26c-d2501b464c4e,Core/Impl/BuilderTaskImpl$MetaDataType.java,values,->,67366ab5-4121-477e-a26c-d2501b464c4e,Core/Impl/BuilderTaskImpl$MetaDataType.java,clone
67366ab5-4121-477e-a26c-d2501b464c4e,Core/Impl/BuilderTaskImpl$MetaDataType.java,valueOf,->,67366ab5-4121-477e-a26c-d2501b464c4e,java/lang/Enum.java,valueOf
67366ab5-4121-477e-a26c-d2501b464c4e,Core/Impl/BuilderTaskImpl$1.java,run,->,67366ab5-4121-477e-a26c-d2501b464c4e,Core/Impl/BuilderTaskImpl.java,access$000
67366ab5-4121-477e-a26c-d2501b464c4e,Core/Impl/BuilderTaskImpl$1.java,run,->,67366ab5-4121-477e-a26c-d2501b464c4e,0a47b630-461e-4142-a2fb-c3319d360944,7dd06933-9e5f-432b-9787-d630aae456e0
67366ab5-4121-477e-a26c-d2501b464c4e,Core/Impl/BuilderTaskImpl$1.java,run,->,67366ab5-4121-477e-a26c-d2501b464c4e,java/lang/Thread.java,sleep
67366ab5-4121-477e-a26c-d2501b464c4e,Core/Impl/BuilderTaskImpl$1.java,run,->,67366ab5-4121-477e-a26c-d2501b464c4e,java/lang/InterruptedException.java,printStackTrace
67366ab5-4121-477e-a26c-d2501b464c4e,Core/Impl/BuilderTaskImpl$1.java,run,->,67366ab5-4121-477e-a26c-d2501b464c4e,Core/Impl/BuilderTaskImpl.java,access$100
67366ab5-4121-477e-a26c-d2501b464c4e,Core/Impl/BuilderTaskImpl$1.java,run,->,67366ab5-4121-477e-a26c-d2501b464c4e,Core/Impl/BuilderTaskImpl.java,access$200
67366ab5-4121-477e-a26c-d2501b464c4e,Core/Impl/BuilderTaskImpl$1.java,run,->,67366ab5-4121-477e-a26c-d2501b464c4e,744c251b-0add-46bb-b640-91fabe96e227,42882c3c-99a0-42ae-97f9-98868f9e7ed6
67366ab5-4121-477e-a26c-d2501b464c4e,Core/Impl/MergeTaskImpl$1.java,run,->,67366ab5-4121-477e-a26c-d2501b464c4e,Core/Impl/MergeTaskImpl.java,access$000
67366ab5-4121-477e-a26c-d2501b464c4e,Core/Impl/MergeTaskImpl$1.java,run,->,67366ab5-4121-477e-a26c-d2501b464c4e,0a47b630-461e-4142-a2fb-c3319d360944,7dd06933-9e5f-432b-9787-d630aae456e0
67366ab5-4121-477e-a26c-d2501b464c4e,Core/Impl/MergeTaskImpl$1.java,run,->,67366ab5-4121-477e-a26c-d2501b464c4e,java/lang/Thread.java,sleep
67366ab5-4121-477e-a26c-d2501b464c4e,Core/Impl/MergeTaskImpl$1.java,run,->,67366ab5-4121-477e-a26c-d2501b464c4e,java/lang/InterruptedException.java,printStackTrace
67366ab5-4121-477e-a26c-d2501b464c4e,Core/Impl/MergeTaskImpl$1.java,run,->,67366ab5-4121-477e-a26c-d2501b464c4e,Core/Impl/MergeTaskImpl.java,access$100
67366ab5-4121-477e-a26c-d2501b464c4e,Core/Impl/MergeTaskImpl$1.java,run,->,67366ab5-4121-477e-a26c-d2501b464c4e,Core/Impl/MergeTaskImpl.java,access$200
67366ab5-4121-477e-a26c-d2501b464c4e,Core/Impl/MergeTaskImpl$1.java,run,->,67366ab5-4121-477e-a26c-d2501b464c4e,Core/Impl/MergeTaskImpl.java,access$500
67366ab5-4121-477e-a26c-d2501b464c4e,Core/Impl/MergeTaskImpl$1.java,run,->,67366ab5-4121-477e-a26c-d2501b464c4e,Core/Impl/MergeTaskImpl.java,access$300
67366ab5-4121-477e-a26c-d2501b464c4e,Core/Impl/MergeTaskImpl$1.java,run,->,67366ab5-4121-477e-a26c-d2501b464c4e,Core/Impl/MergeTaskImpl.java,access$200
67366ab5-4121-477e-a26c-d2501b464c4e,Core/Impl/MergeTaskImpl$1.java,run,->,67366ab5-4121-477e-a26c-d2501b464c4e,Core/Impl/MergeTaskImpl.java,access$400
67366ab5-4121-477e-a26c-d2501b464c4e,Core/Impl/MergeTaskImpl$1.java,run,->,67366ab5-4121-477e-a26c-d2501b464c4e,2ad5ceba-170a-46b2-ab66-da5b1ce959ba,9da23ec0-5899-4907-b3b8-edd87b30d269
67366ab5-4121-477e-a26c-d2501b464c4e,Core/Impl/MergeTaskImpl$1.java,run,->,67366ab5-4121-477e-a26c-d2501b464c4e,98d0f80c-62ce-4870-90b2-a205eee83476,d5689140-0bba-49c5-8efa-74f684250ba4
67366ab5-4121-477e-a26c-d2501b464c4e,ad751f32-f65d-4aba-b193-213a46d6fcef,d29377e0-8839-4e0c-8429-78eeebb9c1b5,->,67366ab5-4121-477e-a26c-d2501b464c4e,ad751f32-f65d-4aba-b193-213a46d6fcef,df410cdf-7a75-487b-8704-89b262c3bc53
67366ab5-4121-477e-a26c-d2501b464c4e,ad751f32-f65d-4aba-b193-213a46d6fcef,d29377e0-8839-4e0c-8429-78eeebb9c1b5,->,67366ab5-4121-477e-a26c-d2501b464c4e,2ad5ceba-170a-46b2-ab66-da5b1ce959ba,6f7ebf8f-41f6-43e6-bab7-9992380cc943
67366ab5-4121-477e-a26c-d2501b464c4e,ad751f32-f65d-4aba-b193-213a46d6fcef,d29377e0-8839-4e0c-8429-78eeebb9c1b5,->,67366ab5-4121-477e-a26c-d2501b464c4e,98d0f80c-62ce-4870-90b2-a205eee83476,d5689140-0bba-49c5-8efa-74f684250ba4
67366ab5-4121-477e-a26c-d2501b464c4e,ad751f32-f65d-4aba-b193-213a46d6fcef,6943dd11-9fcd-4dea-a7e8-b9bb31225d35,->,67366ab5-4121-477e-a26c-d2501b464c4e,2ad5ceba-170a-46b2-ab66-da5b1ce959ba,9da23ec0-5899-4907-b3b8-edd87b30d269
67366ab5-4121-477e-a26c-d2501b464c4e,ad751f32-f65d-4aba-b193-213a46d6fcef,6943dd11-9fcd-4dea-a7e8-b9bb31225d35,->,67366ab5-4121-477e-a26c-d2501b464c4e,98d0f80c-62ce-4870-90b2-a205eee83476,d5689140-0bba-49c5-8efa-74f684250ba4
67366ab5-4121-477e-a26c-d2501b464c4e,ad751f32-f65d-4aba-b193-213a46d6fcef,6943dd11-9fcd-4dea-a7e8-b9bb31225d35,->,67366ab5-4121-477e-a26c-d2501b464c4e,ad751f32-f65d-4aba-b193-213a46d6fcef,df410cdf-7a75-487b-8704-89b262c3bc53
67366ab5-4121-477e-a26c-d2501b464c4e,ad751f32-f65d-4aba-b193-213a46d6fcef,df410cdf-7a75-487b-8704-89b262c3bc53,->,67366ab5-4121-477e-a26c-d2501b464c4e,0a47b630-461e-4142-a2fb-c3319d360944,1d2d1b0a-ec6e-4a10-987b-438138b6a234
67366ab5-4121-477e-a26c-d2501b464c4e,ad751f32-f65d-4aba-b193-213a46d6fcef,df410cdf-7a75-487b-8704-89b262c3bc53,->,67366ab5-4121-477e-a26c-d2501b464c4e,0a47b630-461e-4142-a2fb-c3319d360944,7b54e99e-0469-4ded-b7f6-bca5f9b3b806
67366ab5-4121-477e-a26c-d2501b464c4e,ad751f32-f65d-4aba-b193-213a46d6fcef,df410cdf-7a75-487b-8704-89b262c3bc53,->,67366ab5-4121-477e-a26c-d2501b464c4e,0a47b630-461e-4142-a2fb-c3319d360944,7dd06933-9e5f-432b-9787-d630aae456e0
67366ab5-4121-477e-a26c-d2501b464c4e,ad751f32-f65d-4aba-b193-213a46d6fcef,df410cdf-7a75-487b-8704-89b262c3bc53,->,67366ab5-4121-477e-a26c-d2501b464c4e,2ad5ceba-170a-46b2-ab66-da5b1ce959ba,6521ff53-67d4-423b-b108-1a20fda74f7d
67366ab5-4121-477e-a26c-d2501b464c4e,ad751f32-f65d-4aba-b193-213a46d6fcef,df410cdf-7a75-487b-8704-89b262c3bc53,->,67366ab5-4121-477e-a26c-d2501b464c4e,98d0f80c-62ce-4870-90b2-a205eee83476,d5689140-0bba-49c5-8efa-74f684250ba4
67366ab5-4121-477e-a26c-d2501b464c4e,ad751f32-f65d-4aba-b193-213a46d6fcef,897e46e7-81f6-4005-952a-fc4e33c851f0,->,67366ab5-4121-477e-a26c-d2501b464c4e,2ad5ceba-170a-46b2-ab66-da5b1ce959ba,b6e743a5-d90f-466e-8bc8-e39adfb690e0
67366ab5-4121-477e-a26c-d2501b464c4e,ad751f32-f65d-4aba-b193-213a46d6fcef,897e46e7-81f6-4005-952a-fc4e33c851f0,->,67366ab5-4121-477e-a26c-d2501b464c4e,CommLayer/Messages/AvalancheMessages$Message.java,getDataHandlerMessage
67366ab5-4121-477e-a26c-d2501b464c4e,ad751f32-f65d-4aba-b193-213a46d6fcef,897e46e7-81f6-4005-952a-fc4e33c851f0,->,67366ab5-4121-477e-a26c-d2501b464c4e,CommLayer/Messages/AvalancheMessages$Message$DataHandlerMessage.java,getType
67366ab5-4121-477e-a26c-d2501b464c4e,ad751f32-f65d-4aba-b193-213a46d6fcef,897e46e7-81f6-4005-952a-fc4e33c851f0,->,67366ab5-4121-477e-a26c-d2501b464c4e,CommLayer/Messages/AvalancheMessages$Message$DataHandlerMessage.java,getDataPayLoadList
67366ab5-4121-477e-a26c-d2501b464c4e,ad751f32-f65d-4aba-b193-213a46d6fcef,897e46e7-81f6-4005-952a-fc4e33c851f0,->,67366ab5-4121-477e-a26c-d2501b464c4e,ad751f32-f65d-4aba-b193-213a46d6fcef,df410cdf-7a75-487b-8704-89b262c3bc53
67366ab5-4121-477e-a26c-d2501b464c4e,ad751f32-f65d-4aba-b193-213a46d6fcef,897e46e7-81f6-4005-952a-fc4e33c851f0,->,67366ab5-4121-477e-a26c-d2501b464c4e,ad751f32-f65d-4aba-b193-213a46d6fcef,df410cdf-7a75-487b-8704-89b262c3bc53
67366ab5-4121-477e-a26c-d2501b464c4e,ad751f32-f65d-4aba-b193-213a46d6fcef,897e46e7-81f6-4005-952a-fc4e33c851f0,->,67366ab5-4121-477e-a26c-d2501b464c4e,java/lang/StringBuilder.java,append
67366ab5-4121-477e-a26c-d2501b464c4e,ad751f32-f65d-4aba-b193-213a46d6fcef,897e46e7-81f6-4005-952a-fc4e33c851f0,->,67366ab5-4121-477e-a26c-d2501b464c4e,java/lang/StringBuilder.java,append
67366ab5-4121-477e-a26c-d2501b464c4e,ad751f32-f65d-4aba-b193-213a46d6fcef,897e46e7-81f6-4005-952a-fc4e33c851f0,->,67366ab5-4121-477e-a26c-d2501b464c4e,java/lang/StringBuilder.java,append
67366ab5-4121-477e-a26c-d2501b464c4e,ad751f32-f65d-4aba-b193-213a46d6fcef,897e46e7-81f6-4005-952a-fc4e33c851f0,->,67366ab5-4121-477e-a26c-d2501b464c4e,java/lang/StringBuilder.java,toString
67366ab5-4121-477e-a26c-d2501b464c4e,ad751f32-f65d-4aba-b193-213a46d6fcef,897e46e7-81f6-4005-952a-fc4e33c851f0,->,67366ab5-4121-477e-a26c-d2501b464c4e,java/io/PrintStream.java,println
67366ab5-4121-477e-a26c-d2501b464c4e,44ca0b71-f29c-4964-8bc8-aaf621e99ae6,cd1e7728-778e-44ee-9d94-a2252b200981,->,67366ab5-4121-477e-a26c-d2501b464c4e,java/lang/String.java,compareTo
67366ab5-4121-477e-a26c-d2501b464c4e,44ca0b71-f29c-4964-8bc8-aaf621e99ae6,cd1e7728-778e-44ee-9d94-a2252b200981,->,67366ab5-4121-477e-a26c-d2501b464c4e,java/io/PrintStream.java,println
67366ab5-4121-477e-a26c-d2501b464c4e,ce805165-8c7f-4d94-aa2f-1fd46c978a8d,afb2843c-6612-4927-afeb-a9592d0b2e92,->,67366ab5-4121-477e-a26c-d2501b464c4e,ad9645e9-13a0-480a-b03e-65d5a6599f26,f1f802ba-f153-4550-a369-e7fa678e9358
67366ab5-4121-477e-a26c-d2501b464c4e,ce805165-8c7f-4d94-aa2f-1fd46c978a8d,afb2843c-6612-4927-afeb-a9592d0b2e92,->,67366ab5-4121-477e-a26c-d2501b464c4e,ad9645e9-13a0-480a-b03e-65d5a6599f26,563b6e32-c21d-4e42-bf52-69b8954634a5
67366ab5-4121-477e-a26c-d2501b464c4e,ce805165-8c7f-4d94-aa2f-1fd46c978a8d,afb2843c-6612-4927-afeb-a9592d0b2e92,->,67366ab5-4121-477e-a26c-d2501b464c4e,java/net/Socket.java,getOutputStream
67366ab5-4121-477e-a26c-d2501b464c4e,ce805165-8c7f-4d94-aa2f-1fd46c978a8d,afb2843c-6612-4927-afeb-a9592d0b2e92,->,67366ab5-4121-477e-a26c-d2501b464c4e,java/net/Socket.java,getInputStream
67366ab5-4121-477e-a26c-d2501b464c4e,ce805165-8c7f-4d94-aa2f-1fd46c978a8d,afb2843c-6612-4927-afeb-a9592d0b2e92,->,67366ab5-4121-477e-a26c-d2501b464c4e,ad9645e9-13a0-480a-b03e-65d5a6599f26,f1f802ba-f153-4550-a369-e7fa678e9358
67366ab5-4121-477e-a26c-d2501b464c4e,ce805165-8c7f-4d94-aa2f-1fd46c978a8d,afb2843c-6612-4927-afeb-a9592d0b2e92,->,67366ab5-4121-477e-a26c-d2501b464c4e,ad9645e9-13a0-480a-b03e-65d5a6599f26,563b6e32-c21d-4e42-bf52-69b8954634a5
67366ab5-4121-477e-a26c-d2501b464c4e,ce805165-8c7f-4d94-aa2f-1fd46c978a8d,afb2843c-6612-4927-afeb-a9592d0b2e92,->,67366ab5-4121-477e-a26c-d2501b464c4e,2ad5ceba-170a-46b2-ab66-da5b1ce959ba,bdadde1b-be71-460a-a134-b0d463f4c219
67366ab5-4121-477e-a26c-d2501b464c4e,ce805165-8c7f-4d94-aa2f-1fd46c978a8d,afb2843c-6612-4927-afeb-a9592d0b2e92,->,67366ab5-4121-477e-a26c-d2501b464c4e,CommLayer/Messages/AvalancheMessages$Message$Builder.java,build
67366ab5-4121-477e-a26c-d2501b464c4e,ce805165-8c7f-4d94-aa2f-1fd46c978a8d,afb2843c-6612-4927-afeb-a9592d0b2e92,->,67366ab5-4121-477e-a26c-d2501b464c4e,CommLayer/Messages/AvalancheMessages$Message.java,writeDelimitedTo
67366ab5-4121-477e-a26c-d2501b464c4e,ce805165-8c7f-4d94-aa2f-1fd46c978a8d,afb2843c-6612-4927-afeb-a9592d0b2e92,->,67366ab5-4121-477e-a26c-d2501b464c4e,CommLayer/Messages/AvalancheMessages$Message.java,parseDelimitedFrom
67366ab5-4121-477e-a26c-d2501b464c4e,ce805165-8c7f-4d94-aa2f-1fd46c978a8d,afb2843c-6612-4927-afeb-a9592d0b2e92,->,67366ab5-4121-477e-a26c-d2501b464c4e,java/lang/StringBuilder.java,append
67366ab5-4121-477e-a26c-d2501b464c4e,ce805165-8c7f-4d94-aa2f-1fd46c978a8d,afb2843c-6612-4927-afeb-a9592d0b2e92,->,67366ab5-4121-477e-a26c-d2501b464c4e,CommLayer/Messages/AvalancheMessages$Message.java,getMessageType
67366ab5-4121-477e-a26c-d2501b464c4e,ce805165-8c7f-4d94-aa2f-1fd46c978a8d,afb2843c-6612-4927-afeb-a9592d0b2e92,->,67366ab5-4121-477e-a26c-d2501b464c4e,java/lang/StringBuilder.java,append
67366ab5-4121-477e-a26c-d2501b464c4e,ce805165-8c7f-4d94-aa2f-1fd46c978a8d,afb2843c-6612-4927-afeb-a9592d0b2e92,->,67366ab5-4121-477e-a26c-d2501b464c4e,java/lang/StringBuilder.java,toString
67366ab5-4121-477e-a26c-d2501b464c4e,ce805165-8c7f-4d94-aa2f-1fd46c978a8d,afb2843c-6612-4927-afeb-a9592d0b2e92,->,67366ab5-4121-477e-a26c-d2501b464c4e,java/io/PrintStream.java,println
67366ab5-4121-477e-a26c-d2501b464c4e,ce805165-8c7f-4d94-aa2f-1fd46c978a8d,afb2843c-6612-4927-afeb-a9592d0b2e92,->,67366ab5-4121-477e-a26c-d2501b464c4e,2ad5ceba-170a-46b2-ab66-da5b1ce959ba,699adf6d-a20a-415f-91ae-c27a9ba272d4
67366ab5-4121-477e-a26c-d2501b464c4e,ce805165-8c7f-4d94-aa2f-1fd46c978a8d,afb2843c-6612-4927-afeb-a9592d0b2e92,->,67366ab5-4121-477e-a26c-d2501b464c4e,CommLayer/Messages/AvalancheMessages$Message$Builder.java,build
67366ab5-4121-477e-a26c-d2501b464c4e,ce805165-8c7f-4d94-aa2f-1fd46c978a8d,afb2843c-6612-4927-afeb-a9592d0b2e92,->,67366ab5-4121-477e-a26c-d2501b464c4e,CommLayer/Messages/AvalancheMessages$Message.java,writeDelimitedTo
67366ab5-4121-477e-a26c-d2501b464c4e,ce805165-8c7f-4d94-aa2f-1fd46c978a8d,afb2843c-6612-4927-afeb-a9592d0b2e92,->,67366ab5-4121-477e-a26c-d2501b464c4e,java/io/OutputStream.java,flush
67366ab5-4121-477e-a26c-d2501b464c4e,ce805165-8c7f-4d94-aa2f-1fd46c978a8d,afb2843c-6612-4927-afeb-a9592d0b2e92,->,67366ab5-4121-477e-a26c-d2501b464c4e,java/io/OutputStream.java,close
67366ab5-4121-477e-a26c-d2501b464c4e,eb334414-c81e-413a-a7b8-2ef2e78a0908,e575af58-22fa-4c95-b989-f5953c3b1cdb,->,67366ab5-4121-477e-a26c-d2501b464c4e,ad9645e9-13a0-480a-b03e-65d5a6599f26,f1f802ba-f153-4550-a369-e7fa678e9358
67366ab5-4121-477e-a26c-d2501b464c4e,eb334414-c81e-413a-a7b8-2ef2e78a0908,e575af58-22fa-4c95-b989-f5953c3b1cdb,->,67366ab5-4121-477e-a26c-d2501b464c4e,java/io/PrintWriter.java,print
67366ab5-4121-477e-a26c-d2501b464c4e,eb334414-c81e-413a-a7b8-2ef2e78a0908,e575af58-22fa-4c95-b989-f5953c3b1cdb,->,67366ab5-4121-477e-a26c-d2501b464c4e,java/io/PrintWriter.java,close
67366ab5-4121-477e-a26c-d2501b464c4e,eb334414-c81e-413a-a7b8-2ef2e78a0908,e575af58-22fa-4c95-b989-f5953c3b1cdb,->,67366ab5-4121-477e-a26c-d2501b464c4e,ad9645e9-13a0-480a-b03e-65d5a6599f26,f1f802ba-f153-4550-a369-e7fa678e9358
67366ab5-4121-477e-a26c-d2501b464c4e,eb334414-c81e-413a-a7b8-2ef2e78a0908,e575af58-22fa-4c95-b989-f5953c3b1cdb,->,67366ab5-4121-477e-a26c-d2501b464c4e,ad9645e9-13a0-480a-b03e-65d5a6599f26,563b6e32-c21d-4e42-bf52-69b8954634a5
67366ab5-4121-477e-a26c-d2501b464c4e,eb334414-c81e-413a-a7b8-2ef2e78a0908,e575af58-22fa-4c95-b989-f5953c3b1cdb,->,67366ab5-4121-477e-a26c-d2501b464c4e,java/net/Socket.java,getOutputStream
67366ab5-4121-477e-a26c-d2501b464c4e,eb334414-c81e-413a-a7b8-2ef2e78a0908,e575af58-22fa-4c95-b989-f5953c3b1cdb,->,67366ab5-4121-477e-a26c-d2501b464c4e,java/net/Socket.java,getInputStream
67366ab5-4121-477e-a26c-d2501b464c4e,eb334414-c81e-413a-a7b8-2ef2e78a0908,e575af58-22fa-4c95-b989-f5953c3b1cdb,->,67366ab5-4121-477e-a26c-d2501b464c4e,2ad5ceba-170a-46b2-ab66-da5b1ce959ba,6f7ebf8f-41f6-43e6-bab7-9992380cc943
67366ab5-4121-477e-a26c-d2501b464c4e,eb334414-c81e-413a-a7b8-2ef2e78a0908,e575af58-22fa-4c95-b989-f5953c3b1cdb,->,67366ab5-4121-477e-a26c-d2501b464c4e,CommLayer/Messages/AvalancheMessages$Message$Builder.java,build
67366ab5-4121-477e-a26c-d2501b464c4e,eb334414-c81e-413a-a7b8-2ef2e78a0908,e575af58-22fa-4c95-b989-f5953c3b1cdb,->,67366ab5-4121-477e-a26c-d2501b464c4e,CommLayer/Messages/AvalancheMessages$Message.java,writeDelimitedTo
67366ab5-4121-477e-a26c-d2501b464c4e,eb334414-c81e-413a-a7b8-2ef2e78a0908,e575af58-22fa-4c95-b989-f5953c3b1cdb,->,67366ab5-4121-477e-a26c-d2501b464c4e,CommLayer/Messages/AvalancheMessages$Message.java,parseDelimitedFrom
67366ab5-4121-477e-a26c-d2501b464c4e,eb334414-c81e-413a-a7b8-2ef2e78a0908,e575af58-22fa-4c95-b989-f5953c3b1cdb,->,67366ab5-4121-477e-a26c-d2501b464c4e,java/lang/StringBuilder.java,append
67366ab5-4121-477e-a26c-d2501b464c4e,eb334414-c81e-413a-a7b8-2ef2e78a0908,e575af58-22fa-4c95-b989-f5953c3b1cdb,->,67366ab5-4121-477e-a26c-d2501b464c4e,CommLayer/Messages/AvalancheMessages$Message.java,getMessageType
67366ab5-4121-477e-a26c-d2501b464c4e,eb334414-c81e-413a-a7b8-2ef2e78a0908,e575af58-22fa-4c95-b989-f5953c3b1cdb,->,67366ab5-4121-477e-a26c-d2501b464c4e,java/lang/StringBuilder.java,append
67366ab5-4121-477e-a26c-d2501b464c4e,eb334414-c81e-413a-a7b8-2ef2e78a0908,e575af58-22fa-4c95-b989-f5953c3b1cdb,->,67366ab5-4121-477e-a26c-d2501b464c4e,java/lang/StringBuilder.java,toString
67366ab5-4121-477e-a26c-d2501b464c4e,eb334414-c81e-413a-a7b8-2ef2e78a0908,e575af58-22fa-4c95-b989-f5953c3b1cdb,->,67366ab5-4121-477e-a26c-d2501b464c4e,java/io/PrintStream.java,println
67366ab5-4121-477e-a26c-d2501b464c4e,eb334414-c81e-413a-a7b8-2ef2e78a0908,e575af58-22fa-4c95-b989-f5953c3b1cdb,->,67366ab5-4121-477e-a26c-d2501b464c4e,CommLayer/Messages/AvalancheMessages$Message.java,getDataHandlerMessage
67366ab5-4121-477e-a26c-d2501b464c4e,eb334414-c81e-413a-a7b8-2ef2e78a0908,e575af58-22fa-4c95-b989-f5953c3b1cdb,->,67366ab5-4121-477e-a26c-d2501b464c4e,CommLayer/Messages/AvalancheMessages$Message$DataHandlerMessage.java,getType
67366ab5-4121-477e-a26c-d2501b464c4e,eb334414-c81e-413a-a7b8-2ef2e78a0908,e575af58-22fa-4c95-b989-f5953c3b1cdb,->,67366ab5-4121-477e-a26c-d2501b464c4e,CommLayer/Messages/AvalancheMessages$Message$DataHandlerMessage.java,getDataPayLoadList
67366ab5-4121-477e-a26c-d2501b464c4e,eb334414-c81e-413a-a7b8-2ef2e78a0908,e575af58-22fa-4c95-b989-f5953c3b1cdb,->,67366ab5-4121-477e-a26c-d2501b464c4e,java/io/PrintStream.java,println
67366ab5-4121-477e-a26c-d2501b464c4e,eb334414-c81e-413a-a7b8-2ef2e78a0908,e575af58-22fa-4c95-b989-f5953c3b1cdb,->,67366ab5-4121-477e-a26c-d2501b464c4e,CommLayer/Messages/AvalancheMessages$Message$DataHandlerMessage.java,getDataPayLoadList
67366ab5-4121-477e-a26c-d2501b464c4e,eb334414-c81e-413a-a7b8-2ef2e78a0908,e575af58-22fa-4c95-b989-f5953c3b1cdb,->,67366ab5-4121-477e-a26c-d2501b464c4e,java/io/PrintWriter.java,println
67366ab5-4121-477e-a26c-d2501b464c4e,eb334414-c81e-413a-a7b8-2ef2e78a0908,e575af58-22fa-4c95-b989-f5953c3b1cdb,->,67366ab5-4121-477e-a26c-d2501b464c4e,java/io/PrintWriter.java,flush
67366ab5-4121-477e-a26c-d2501b464c4e,eb334414-c81e-413a-a7b8-2ef2e78a0908,e575af58-22fa-4c95-b989-f5953c3b1cdb,->,67366ab5-4121-477e-a26c-d2501b464c4e,java/io/PrintWriter.java,close
67366ab5-4121-477e-a26c-d2501b464c4e,eb334414-c81e-413a-a7b8-2ef2e78a0908,e575af58-22fa-4c95-b989-f5953c3b1cdb,->,67366ab5-4121-477e-a26c-d2501b464c4e,2ad5ceba-170a-46b2-ab66-da5b1ce959ba,699adf6d-a20a-415f-91ae-c27a9ba272d4
67366ab5-4121-477e-a26c-d2501b464c4e,eb334414-c81e-413a-a7b8-2ef2e78a0908,e575af58-22fa-4c95-b989-f5953c3b1cdb,->,67366ab5-4121-477e-a26c-d2501b464c4e,CommLayer/Messages/AvalancheMessages$Message$Builder.java,build
67366ab5-4121-477e-a26c-d2501b464c4e,eb334414-c81e-413a-a7b8-2ef2e78a0908,e575af58-22fa-4c95-b989-f5953c3b1cdb,->,67366ab5-4121-477e-a26c-d2501b464c4e,CommLayer/Messages/AvalancheMessages$Message.java,writeDelimitedTo
67366ab5-4121-477e-a26c-d2501b464c4e,eb334414-c81e-413a-a7b8-2ef2e78a0908,e575af58-22fa-4c95-b989-f5953c3b1cdb,->,67366ab5-4121-477e-a26c-d2501b464c4e,java/io/OutputStream.java,flush
67366ab5-4121-477e-a26c-d2501b464c4e,eb334414-c81e-413a-a7b8-2ef2e78a0908,e575af58-22fa-4c95-b989-f5953c3b1cdb,->,67366ab5-4121-477e-a26c-d2501b464c4e,java/io/OutputStream.java,close
67366ab5-4121-477e-a26c-d2501b464c4e,f33a53ba-b699-4d8d-b225-1be95480cf9d,7e2228a7-881a-4cd4-b347-cd32bbfa67dd,->,67366ab5-4121-477e-a26c-d2501b464c4e,ad9645e9-13a0-480a-b03e-65d5a6599f26,f1f802ba-f153-4550-a369-e7fa678e9358
67366ab5-4121-477e-a26c-d2501b464c4e,f33a53ba-b699-4d8d-b225-1be95480cf9d,7e2228a7-881a-4cd4-b347-cd32bbfa67dd,->,67366ab5-4121-477e-a26c-d2501b464c4e,ad9645e9-13a0-480a-b03e-65d5a6599f26,f1f802ba-f153-4550-a369-e7fa678e9358
67366ab5-4121-477e-a26c-d2501b464c4e,f33a53ba-b699-4d8d-b225-1be95480cf9d,7e2228a7-881a-4cd4-b347-cd32bbfa67dd,->,67366ab5-4121-477e-a26c-d2501b464c4e,ad9645e9-13a0-480a-b03e-65d5a6599f26,563b6e32-c21d-4e42-bf52-69b8954634a5
67366ab5-4121-477e-a26c-d2501b464c4e,f33a53ba-b699-4d8d-b225-1be95480cf9d,7e2228a7-881a-4cd4-b347-cd32bbfa67dd,->,67366ab5-4121-477e-a26c-d2501b464c4e,java/net/Socket.java,getOutputStream
67366ab5-4121-477e-a26c-d2501b464c4e,f33a53ba-b699-4d8d-b225-1be95480cf9d,7e2228a7-881a-4cd4-b347-cd32bbfa67dd,->,67366ab5-4121-477e-a26c-d2501b464c4e,java/net/Socket.java,getInputStream
67366ab5-4121-477e-a26c-d2501b464c4e,f33a53ba-b699-4d8d-b225-1be95480cf9d,7e2228a7-881a-4cd4-b347-cd32bbfa67dd,->,67366ab5-4121-477e-a26c-d2501b464c4e,2ad5ceba-170a-46b2-ab66-da5b1ce959ba,127e43a4-ca28-4d1b-8f3f-9f325bf3b2cf
67366ab5-4121-477e-a26c-d2501b464c4e,f33a53ba-b699-4d8d-b225-1be95480cf9d,7e2228a7-881a-4cd4-b347-cd32bbfa67dd,->,67366ab5-4121-477e-a26c-d2501b464c4e,CommLayer/Messages/AvalancheMessages$Message$Builder.java,build
67366ab5-4121-477e-a26c-d2501b464c4e,f33a53ba-b699-4d8d-b225-1be95480cf9d,7e2228a7-881a-4cd4-b347-cd32bbfa67dd,->,67366ab5-4121-477e-a26c-d2501b464c4e,CommLayer/Messages/AvalancheMessages$Message.java,writeDelimitedTo
67366ab5-4121-477e-a26c-d2501b464c4e,f33a53ba-b699-4d8d-b225-1be95480cf9d,7e2228a7-881a-4cd4-b347-cd32bbfa67dd,->,67366ab5-4121-477e-a26c-d2501b464c4e,2ad5ceba-170a-46b2-ab66-da5b1ce959ba,127e43a4-ca28-4d1b-8f3f-9f325bf3b2cf
67366ab5-4121-477e-a26c-d2501b464c4e,f33a53ba-b699-4d8d-b225-1be95480cf9d,7e2228a7-881a-4cd4-b347-cd32bbfa67dd,->,67366ab5-4121-477e-a26c-d2501b464c4e,CommLayer/Messages/AvalancheMessages$Message$Builder.java,build
67366ab5-4121-477e-a26c-d2501b464c4e,f33a53ba-b699-4d8d-b225-1be95480cf9d,7e2228a7-881a-4cd4-b347-cd32bbfa67dd,->,67366ab5-4121-477e-a26c-d2501b464c4e,CommLayer/Messages/AvalancheMessages$Message.java,writeDelimitedTo
67366ab5-4121-477e-a26c-d2501b464c4e,f33a53ba-b699-4d8d-b225-1be95480cf9d,7e2228a7-881a-4cd4-b347-cd32bbfa67dd,->,67366ab5-4121-477e-a26c-d2501b464c4e,2ad5ceba-170a-46b2-ab66-da5b1ce959ba,1e69638e-c777-4263-9efe-0111072c7d2b
67366ab5-4121-477e-a26c-d2501b464c4e,f33a53ba-b699-4d8d-b225-1be95480cf9d,7e2228a7-881a-4cd4-b347-cd32bbfa67dd,->,67366ab5-4121-477e-a26c-d2501b464c4e,CommLayer/Messages/AvalancheMessages$Message$Builder.java,build
67366ab5-4121-477e-a26c-d2501b464c4e,f33a53ba-b699-4d8d-b225-1be95480cf9d,7e2228a7-881a-4cd4-b347-cd32bbfa67dd,->,67366ab5-4121-477e-a26c-d2501b464c4e,CommLayer/Messages/AvalancheMessages$Message.java,writeDelimitedTo
67366ab5-4121-477e-a26c-d2501b464c4e,f33a53ba-b699-4d8d-b225-1be95480cf9d,7e2228a7-881a-4cd4-b347-cd32bbfa67dd,->,67366ab5-4121-477e-a26c-d2501b464c4e,CommLayer/Messages/AvalancheMessages$Message.java,parseDelimitedFrom
67366ab5-4121-477e-a26c-d2501b464c4e,f33a53ba-b699-4d8d-b225-1be95480cf9d,7e2228a7-881a-4cd4-b347-cd32bbfa67dd,->,67366ab5-4121-477e-a26c-d2501b464c4e,f33a53ba-b699-4d8d-b225-1be95480cf9d,038f6634-7992-4887-9fe6-557aff376153
67366ab5-4121-477e-a26c-d2501b464c4e,f33a53ba-b699-4d8d-b225-1be95480cf9d,7e2228a7-881a-4cd4-b347-cd32bbfa67dd,->,67366ab5-4121-477e-a26c-d2501b464c4e,2ad5ceba-170a-46b2-ab66-da5b1ce959ba,1e69638e-c777-4263-9efe-0111072c7d2b
67366ab5-4121-477e-a26c-d2501b464c4e,f33a53ba-b699-4d8d-b225-1be95480cf9d,7e2228a7-881a-4cd4-b347-cd32bbfa67dd,->,67366ab5-4121-477e-a26c-d2501b464c4e,CommLayer/Messages/AvalancheMessages$Message$Builder.java,build
67366ab5-4121-477e-a26c-d2501b464c4e,f33a53ba-b699-4d8d-b225-1be95480cf9d,7e2228a7-881a-4cd4-b347-cd32bbfa67dd,->,67366ab5-4121-477e-a26c-d2501b464c4e,CommLayer/Messages/AvalancheMessages$Message.java,writeDelimitedTo
67366ab5-4121-477e-a26c-d2501b464c4e,f33a53ba-b699-4d8d-b225-1be95480cf9d,7e2228a7-881a-4cd4-b347-cd32bbfa67dd,->,67366ab5-4121-477e-a26c-d2501b464c4e,CommLayer/Messages/AvalancheMessages$Message.java,parseDelimitedFrom
67366ab5-4121-477e-a26c-d2501b464c4e,f33a53ba-b699-4d8d-b225-1be95480cf9d,7e2228a7-881a-4cd4-b347-cd32bbfa67dd,->,67366ab5-4121-477e-a26c-d2501b464c4e,f33a53ba-b699-4d8d-b225-1be95480cf9d,038f6634-7992-4887-9fe6-557aff376153
67366ab5-4121-477e-a26c-d2501b464c4e,f33a53ba-b699-4d8d-b225-1be95480cf9d,7e2228a7-881a-4cd4-b347-cd32bbfa67dd,->,67366ab5-4121-477e-a26c-d2501b464c4e,2ad5ceba-170a-46b2-ab66-da5b1ce959ba,699adf6d-a20a-415f-91ae-c27a9ba272d4
67366ab5-4121-477e-a26c-d2501b464c4e,f33a53ba-b699-4d8d-b225-1be95480cf9d,7e2228a7-881a-4cd4-b347-cd32bbfa67dd,->,67366ab5-4121-477e-a26c-d2501b464c4e,CommLayer/Messages/AvalancheMessages$Message$Builder.java,build
67366ab5-4121-477e-a26c-d2501b464c4e,f33a53ba-b699-4d8d-b225-1be95480cf9d,7e2228a7-881a-4cd4-b347-cd32bbfa67dd,->,67366ab5-4121-477e-a26c-d2501b464c4e,CommLayer/Messages/AvalancheMessages$Message.java,writeDelimitedTo
67366ab5-4121-477e-a26c-d2501b464c4e,f33a53ba-b699-4d8d-b225-1be95480cf9d,7e2228a7-881a-4cd4-b347-cd32bbfa67dd,->,67366ab5-4121-477e-a26c-d2501b464c4e,java/net/Socket.java,close
67366ab5-4121-477e-a26c-d2501b464c4e,f33a53ba-b699-4d8d-b225-1be95480cf9d,7e2228a7-881a-4cd4-b347-cd32bbfa67dd,->,67366ab5-4121-477e-a26c-d2501b464c4e,java/io/IOException.java,printStackTrace
67366ab5-4121-477e-a26c-d2501b464c4e,f33a53ba-b699-4d8d-b225-1be95480cf9d,038f6634-7992-4887-9fe6-557aff376153,->,67366ab5-4121-477e-a26c-d2501b464c4e,CommLayer/Messages/AvalancheMessages$Message.java,getDataManagerMessage
67366ab5-4121-477e-a26c-d2501b464c4e,f33a53ba-b699-4d8d-b225-1be95480cf9d,038f6634-7992-4887-9fe6-557aff376153,->,67366ab5-4121-477e-a26c-d2501b464c4e,CommLayer/Messages/AvalancheMessages$Message$DataManagerMessage.java,getType
67366ab5-4121-477e-a26c-d2501b464c4e,f33a53ba-b699-4d8d-b225-1be95480cf9d,038f6634-7992-4887-9fe6-557aff376153,->,67366ab5-4121-477e-a26c-d2501b464c4e,CommLayer/Messages/AvalancheMessages$Message$DataManagerMessage.java,getDataSourceResponseMessage
67366ab5-4121-477e-a26c-d2501b464c4e,f33a53ba-b699-4d8d-b225-1be95480cf9d,038f6634-7992-4887-9fe6-557aff376153,->,67366ab5-4121-477e-a26c-d2501b464c4e,java/lang/StringBuilder.java,append
67366ab5-4121-477e-a26c-d2501b464c4e,f33a53ba-b699-4d8d-b225-1be95480cf9d,038f6634-7992-4887-9fe6-557aff376153,->,67366ab5-4121-477e-a26c-d2501b464c4e,CommLayer/Messages/AvalancheMessages$Message$DataManagerMessage$DataSourceResponseMessage.java,getTaskId
67366ab5-4121-477e-a26c-d2501b464c4e,f33a53ba-b699-4d8d-b225-1be95480cf9d,038f6634-7992-4887-9fe6-557aff376153,->,67366ab5-4121-477e-a26c-d2501b464c4e,java/lang/StringBuilder.java,append
67366ab5-4121-477e-a26c-d2501b464c4e,f33a53ba-b699-4d8d-b225-1be95480cf9d,038f6634-7992-4887-9fe6-557aff376153,->,67366ab5-4121-477e-a26c-d2501b464c4e,java/lang/StringBuilder.java,toString
67366ab5-4121-477e-a26c-d2501b464c4e,f33a53ba-b699-4d8d-b225-1be95480cf9d,038f6634-7992-4887-9fe6-557aff376153,->,67366ab5-4121-477e-a26c-d2501b464c4e,java/io/PrintStream.java,println
67366ab5-4121-477e-a26c-d2501b464c4e,f33a53ba-b699-4d8d-b225-1be95480cf9d,038f6634-7992-4887-9fe6-557aff376153,->,67366ab5-4121-477e-a26c-d2501b464c4e,CommLayer/Messages/AvalancheMessages$Message$DataManagerMessage$DataSourceResponseMessage.java,getDataSourceList
67366ab5-4121-477e-a26c-d2501b464c4e,f33a53ba-b699-4d8d-b225-1be95480cf9d,038f6634-7992-4887-9fe6-557aff376153,->,67366ab5-4121-477e-a26c-d2501b464c4e,java/util/List.java,iterator
67366ab5-4121-477e-a26c-d2501b464c4e,f33a53ba-b699-4d8d-b225-1be95480cf9d,038f6634-7992-4887-9fe6-557aff376153,->,67366ab5-4121-477e-a26c-d2501b464c4e,java/util/Iterator.java,hasNext
67366ab5-4121-477e-a26c-d2501b464c4e,f33a53ba-b699-4d8d-b225-1be95480cf9d,038f6634-7992-4887-9fe6-557aff376153,->,67366ab5-4121-477e-a26c-d2501b464c4e,java/util/Iterator.java,next
67366ab5-4121-477e-a26c-d2501b464c4e,f33a53ba-b699-4d8d-b225-1be95480cf9d,038f6634-7992-4887-9fe6-557aff376153,->,67366ab5-4121-477e-a26c-d2501b464c4e,java/lang/StringBuilder.java,append
67366ab5-4121-477e-a26c-d2501b464c4e,f33a53ba-b699-4d8d-b225-1be95480cf9d,038f6634-7992-4887-9fe6-557aff376153,->,67366ab5-4121-477e-a26c-d2501b464c4e,CommLayer/Messages/AvalancheMessages$Message$DataManagerMessage$DataSourceResponseMessage.java,getTaskId
67366ab5-4121-477e-a26c-d2501b464c4e,f33a53ba-b699-4d8d-b225-1be95480cf9d,038f6634-7992-4887-9fe6-557aff376153,->,67366ab5-4121-477e-a26c-d2501b464c4e,java/lang/StringBuilder.java,append
67366ab5-4121-477e-a26c-d2501b464c4e,f33a53ba-b699-4d8d-b225-1be95480cf9d,038f6634-7992-4887-9fe6-557aff376153,->,67366ab5-4121-477e-a26c-d2501b464c4e,java/lang/StringBuilder.java,append
67366ab5-4121-477e-a26c-d2501b464c4e,f33a53ba-b699-4d8d-b225-1be95480cf9d,038f6634-7992-4887-9fe6-557aff376153,->,67366ab5-4121-477e-a26c-d2501b464c4e,CommLayer/Messages/AvalancheMessages$Message$Location.java,getHost
67366ab5-4121-477e-a26c-d2501b464c4e,f33a53ba-b699-4d8d-b225-1be95480cf9d,038f6634-7992-4887-9fe6-557aff376153,->,67366ab5-4121-477e-a26c-d2501b464c4e,java/lang/StringBuilder.java,append
67366ab5-4121-477e-a26c-d2501b464c4e,f33a53ba-b699-4d8d-b225-1be95480cf9d,038f6634-7992-4887-9fe6-557aff376153,->,67366ab5-4121-477e-a26c-d2501b464c4e,java/lang/StringBuilder.java,append
67366ab5-4121-477e-a26c-d2501b464c4e,f33a53ba-b699-4d8d-b225-1be95480cf9d,038f6634-7992-4887-9fe6-557aff376153,->,67366ab5-4121-477e-a26c-d2501b464c4e,CommLayer/Messages/AvalancheMessages$Message$Location.java,getPort
67366ab5-4121-477e-a26c-d2501b464c4e,f33a53ba-b699-4d8d-b225-1be95480cf9d,038f6634-7992-4887-9fe6-557aff376153,->,67366ab5-4121-477e-a26c-d2501b464c4e,java/lang/StringBuilder.java,append
67366ab5-4121-477e-a26c-d2501b464c4e,f33a53ba-b699-4d8d-b225-1be95480cf9d,038f6634-7992-4887-9fe6-557aff376153,->,67366ab5-4121-477e-a26c-d2501b464c4e,java/lang/StringBuilder.java,toString
67366ab5-4121-477e-a26c-d2501b464c4e,f33a53ba-b699-4d8d-b225-1be95480cf9d,038f6634-7992-4887-9fe6-557aff376153,->,67366ab5-4121-477e-a26c-d2501b464c4e,java/io/PrintStream.java,println
67366ab5-4121-477e-a26c-d2501b464c4e,49f0d4a4-7c4e-4299-9a45-f7f6483e9d53,f90eec2a-ce51-4b7b-86e8-00349b88e69e,->,67366ab5-4121-477e-a26c-d2501b464c4e,ad9645e9-13a0-480a-b03e-65d5a6599f26,f1f802ba-f153-4550-a369-e7fa678e9358
67366ab5-4121-477e-a26c-d2501b464c4e,49f0d4a4-7c4e-4299-9a45-f7f6483e9d53,f90eec2a-ce51-4b7b-86e8-00349b88e69e,->,67366ab5-4121-477e-a26c-d2501b464c4e,ad9645e9-13a0-480a-b03e-65d5a6599f26,563b6e32-c21d-4e42-bf52-69b8954634a5
67366ab5-4121-477e-a26c-d2501b464c4e,49f0d4a4-7c4e-4299-9a45-f7f6483e9d53,f90eec2a-ce51-4b7b-86e8-00349b88e69e,->,67366ab5-4121-477e-a26c-d2501b464c4e,java/net/Socket.java,getOutputStream
67366ab5-4121-477e-a26c-d2501b464c4e,49f0d4a4-7c4e-4299-9a45-f7f6483e9d53,f90eec2a-ce51-4b7b-86e8-00349b88e69e,->,67366ab5-4121-477e-a26c-d2501b464c4e,java/net/Socket.java,getInputStream
67366ab5-4121-477e-a26c-d2501b464c4e,49f0d4a4-7c4e-4299-9a45-f7f6483e9d53,f90eec2a-ce51-4b7b-86e8-00349b88e69e,->,67366ab5-4121-477e-a26c-d2501b464c4e,CommLayer/Messages/AvalancheMessages$Message$DataPair.java,newBuilder
67366ab5-4121-477e-a26c-d2501b464c4e,49f0d4a4-7c4e-4299-9a45-f7f6483e9d53,f90eec2a-ce51-4b7b-86e8-00349b88e69e,->,67366ab5-4121-477e-a26c-d2501b464c4e,CommLayer/Messages/AvalancheMessages$Message$DataPair$Builder.java,setKey
67366ab5-4121-477e-a26c-d2501b464c4e,49f0d4a4-7c4e-4299-9a45-f7f6483e9d53,f90eec2a-ce51-4b7b-86e8-00349b88e69e,->,67366ab5-4121-477e-a26c-d2501b464c4e,CommLayer/Messages/AvalancheMessages$Message$DataPair$Builder.java,setValue
67366ab5-4121-477e-a26c-d2501b464c4e,49f0d4a4-7c4e-4299-9a45-f7f6483e9d53,f90eec2a-ce51-4b7b-86e8-00349b88e69e,->,67366ab5-4121-477e-a26c-d2501b464c4e,CommLayer/Messages/AvalancheMessages$Message$DataPair$Builder.java,build
67366ab5-4121-477e-a26c-d2501b464c4e,49f0d4a4-7c4e-4299-9a45-f7f6483e9d53,f90eec2a-ce51-4b7b-86e8-00349b88e69e,->,67366ab5-4121-477e-a26c-d2501b464c4e,java/util/List.java,add
67366ab5-4121-477e-a26c-d2501b464c4e,49f0d4a4-7c4e-4299-9a45-f7f6483e9d53,f90eec2a-ce51-4b7b-86e8-00349b88e69e,->,67366ab5-4121-477e-a26c-d2501b464c4e,CommLayer/Messages/AvalancheMessages$Message$DataPair$Builder.java,setKey
67366ab5-4121-477e-a26c-d2501b464c4e,49f0d4a4-7c4e-4299-9a45-f7f6483e9d53,f90eec2a-ce51-4b7b-86e8-00349b88e69e,->,67366ab5-4121-477e-a26c-d2501b464c4e,CommLayer/Messages/AvalancheMessages$Message$DataPair$Builder.java,setValue
67366ab5-4121-477e-a26c-d2501b464c4e,49f0d4a4-7c4e-4299-9a45-f7f6483e9d53,f90eec2a-ce51-4b7b-86e8-00349b88e69e,->,67366ab5-4121-477e-a26c-d2501b464c4e,CommLayer/Messages/AvalancheMessages$Message$DataPair$Builder.java,build
67366ab5-4121-477e-a26c-d2501b464c4e,49f0d4a4-7c4e-4299-9a45-f7f6483e9d53,f90eec2a-ce51-4b7b-86e8-00349b88e69e,->,67366ab5-4121-477e-a26c-d2501b464c4e,java/util/List.java,add
67366ab5-4121-477e-a26c-d2501b464c4e,49f0d4a4-7c4e-4299-9a45-f7f6483e9d53,f90eec2a-ce51-4b7b-86e8-00349b88e69e,->,67366ab5-4121-477e-a26c-d2501b464c4e,CommLayer/Messages/AvalancheMessages$Message$DataPair$Builder.java,setKey
67366ab5-4121-477e-a26c-d2501b464c4e,49f0d4a4-7c4e-4299-9a45-f7f6483e9d53,f90eec2a-ce51-4b7b-86e8-00349b88e69e,->,67366ab5-4121-477e-a26c-d2501b464c4e,CommLayer/Messages/AvalancheMessages$Message$DataPair$Builder.java,setValue
67366ab5-4121-477e-a26c-d2501b464c4e,49f0d4a4-7c4e-4299-9a45-f7f6483e9d53,f90eec2a-ce51-4b7b-86e8-00349b88e69e,->,67366ab5-4121-477e-a26c-d2501b464c4e,CommLayer/Messages/AvalancheMessages$Message$DataPair$Builder.java,build
67366ab5-4121-477e-a26c-d2501b464c4e,49f0d4a4-7c4e-4299-9a45-f7f6483e9d53,f90eec2a-ce51-4b7b-86e8-00349b88e69e,->,67366ab5-4121-477e-a26c-d2501b464c4e,java/util/List.java,add
67366ab5-4121-477e-a26c-d2501b464c4e,49f0d4a4-7c4e-4299-9a45-f7f6483e9d53,f90eec2a-ce51-4b7b-86e8-00349b88e69e,->,67366ab5-4121-477e-a26c-d2501b464c4e,49f0d4a4-7c4e-4299-9a45-f7f6483e9d53,1372a2c8-b363-46cf-9034-0aeced9b7336
67366ab5-4121-477e-a26c-d2501b464c4e,49f0d4a4-7c4e-4299-9a45-f7f6483e9d53,f90eec2a-ce51-4b7b-86e8-00349b88e69e,->,67366ab5-4121-477e-a26c-d2501b464c4e,2ad5ceba-170a-46b2-ab66-da5b1ce959ba,9da23ec0-5899-4907-b3b8-edd87b30d269
67366ab5-4121-477e-a26c-d2501b464c4e,49f0d4a4-7c4e-4299-9a45-f7f6483e9d53,f90eec2a-ce51-4b7b-86e8-00349b88e69e,->,67366ab5-4121-477e-a26c-d2501b464c4e,CommLayer/Messages/AvalancheMessages$Message$Builder.java,build
67366ab5-4121-477e-a26c-d2501b464c4e,49f0d4a4-7c4e-4299-9a45-f7f6483e9d53,f90eec2a-ce51-4b7b-86e8-00349b88e69e,->,67366ab5-4121-477e-a26c-d2501b464c4e,CommLayer/Messages/AvalancheMessages$Message.java,writeDelimitedTo
67366ab5-4121-477e-a26c-d2501b464c4e,49f0d4a4-7c4e-4299-9a45-f7f6483e9d53,f90eec2a-ce51-4b7b-86e8-00349b88e69e,->,67366ab5-4121-477e-a26c-d2501b464c4e,2ad5ceba-170a-46b2-ab66-da5b1ce959ba,6f7ebf8f-41f6-43e6-bab7-9992380cc943
67366ab5-4121-477e-a26c-d2501b464c4e,49f0d4a4-7c4e-4299-9a45-f7f6483e9d53,f90eec2a-ce51-4b7b-86e8-00349b88e69e,->,67366ab5-4121-477e-a26c-d2501b464c4e,CommLayer/Messages/AvalancheMessages$Message$Builder.java,build
67366ab5-4121-477e-a26c-d2501b464c4e,49f0d4a4-7c4e-4299-9a45-f7f6483e9d53,f90eec2a-ce51-4b7b-86e8-00349b88e69e,->,67366ab5-4121-477e-a26c-d2501b464c4e,CommLayer/Messages/AvalancheMessages$Message.java,writeDelimitedTo
67366ab5-4121-477e-a26c-d2501b464c4e,49f0d4a4-7c4e-4299-9a45-f7f6483e9d53,f90eec2a-ce51-4b7b-86e8-00349b88e69e,->,67366ab5-4121-477e-a26c-d2501b464c4e,CommLayer/Messages/AvalancheMessages$Message.java,parseDelimitedFrom
67366ab5-4121-477e-a26c-d2501b464c4e,49f0d4a4-7c4e-4299-9a45-f7f6483e9d53,f90eec2a-ce51-4b7b-86e8-00349b88e69e,->,67366ab5-4121-477e-a26c-d2501b464c4e,java/lang/StringBuilder.java,append
67366ab5-4121-477e-a26c-d2501b464c4e,49f0d4a4-7c4e-4299-9a45-f7f6483e9d53,f90eec2a-ce51-4b7b-86e8-00349b88e69e,->,67366ab5-4121-477e-a26c-d2501b464c4e,CommLayer/Messages/AvalancheMessages$Message.java,getMessageType
67366ab5-4121-477e-a26c-d2501b464c4e,49f0d4a4-7c4e-4299-9a45-f7f6483e9d53,f90eec2a-ce51-4b7b-86e8-00349b88e69e,->,67366ab5-4121-477e-a26c-d2501b464c4e,java/lang/StringBuilder.java,append
67366ab5-4121-477e-a26c-d2501b464c4e,49f0d4a4-7c4e-4299-9a45-f7f6483e9d53,f90eec2a-ce51-4b7b-86e8-00349b88e69e,->,67366ab5-4121-477e-a26c-d2501b464c4e,java/lang/StringBuilder.java,toString
67366ab5-4121-477e-a26c-d2501b464c4e,49f0d4a4-7c4e-4299-9a45-f7f6483e9d53,f90eec2a-ce51-4b7b-86e8-00349b88e69e,->,67366ab5-4121-477e-a26c-d2501b464c4e,java/io/PrintStream.java,println
67366ab5-4121-477e-a26c-d2501b464c4e,49f0d4a4-7c4e-4299-9a45-f7f6483e9d53,f90eec2a-ce51-4b7b-86e8-00349b88e69e,->,67366ab5-4121-477e-a26c-d2501b464c4e,CommLayer/Messages/AvalancheMessages$Message.java,getDataHandlerMessage
67366ab5-4121-477e-a26c-d2501b464c4e,49f0d4a4-7c4e-4299-9a45-f7f6483e9d53,f90eec2a-ce51-4b7b-86e8-00349b88e69e,->,67366ab5-4121-477e-a26c-d2501b464c4e,CommLayer/Messages/AvalancheMessages$Message$DataHandlerMessage.java,getType
67366ab5-4121-477e-a26c-d2501b464c4e,49f0d4a4-7c4e-4299-9a45-f7f6483e9d53,f90eec2a-ce51-4b7b-86e8-00349b88e69e,->,67366ab5-4121-477e-a26c-d2501b464c4e,CommLayer/Messages/AvalancheMessages$Message$DataHandlerMessage.java,getDataPayLoadList
67366ab5-4121-477e-a26c-d2501b464c4e,49f0d4a4-7c4e-4299-9a45-f7f6483e9d53,f90eec2a-ce51-4b7b-86e8-00349b88e69e,->,67366ab5-4121-477e-a26c-d2501b464c4e,java/io/PrintStream.java,println
67366ab5-4121-477e-a26c-d2501b464c4e,49f0d4a4-7c4e-4299-9a45-f7f6483e9d53,f90eec2a-ce51-4b7b-86e8-00349b88e69e,->,67366ab5-4121-477e-a26c-d2501b464c4e,2ad5ceba-170a-46b2-ab66-da5b1ce959ba,6f7ebf8f-41f6-43e6-bab7-9992380cc943
67366ab5-4121-477e-a26c-d2501b464c4e,49f0d4a4-7c4e-4299-9a45-f7f6483e9d53,f90eec2a-ce51-4b7b-86e8-00349b88e69e,->,67366ab5-4121-477e-a26c-d2501b464c4e,CommLayer/Messages/AvalancheMessages$Message$Builder.java,build
67366ab5-4121-477e-a26c-d2501b464c4e,49f0d4a4-7c4e-4299-9a45-f7f6483e9d53,f90eec2a-ce51-4b7b-86e8-00349b88e69e,->,67366ab5-4121-477e-a26c-d2501b464c4e,CommLayer/Messages/AvalancheMessages$Message.java,writeDelimitedTo
67366ab5-4121-477e-a26c-d2501b464c4e,49f0d4a4-7c4e-4299-9a45-f7f6483e9d53,f90eec2a-ce51-4b7b-86e8-00349b88e69e,->,67366ab5-4121-477e-a26c-d2501b464c4e,CommLayer/Messages/AvalancheMessages$Message.java,parseDelimitedFrom
67366ab5-4121-477e-a26c-d2501b464c4e,49f0d4a4-7c4e-4299-9a45-f7f6483e9d53,f90eec2a-ce51-4b7b-86e8-00349b88e69e,->,67366ab5-4121-477e-a26c-d2501b464c4e,java/lang/StringBuilder.java,append
67366ab5-4121-477e-a26c-d2501b464c4e,49f0d4a4-7c4e-4299-9a45-f7f6483e9d53,f90eec2a-ce51-4b7b-86e8-00349b88e69e,->,67366ab5-4121-477e-a26c-d2501b464c4e,CommLayer/Messages/AvalancheMessages$Message.java,getMessageType
67366ab5-4121-477e-a26c-d2501b464c4e,49f0d4a4-7c4e-4299-9a45-f7f6483e9d53,f90eec2a-ce51-4b7b-86e8-00349b88e69e,->,67366ab5-4121-477e-a26c-d2501b464c4e,java/lang/StringBuilder.java,append
67366ab5-4121-477e-a26c-d2501b464c4e,49f0d4a4-7c4e-4299-9a45-f7f6483e9d53,f90eec2a-ce51-4b7b-86e8-00349b88e69e,->,67366ab5-4121-477e-a26c-d2501b464c4e,java/lang/StringBuilder.java,toString
67366ab5-4121-477e-a26c-d2501b464c4e,49f0d4a4-7c4e-4299-9a45-f7f6483e9d53,f90eec2a-ce51-4b7b-86e8-00349b88e69e,->,67366ab5-4121-477e-a26c-d2501b464c4e,java/io/PrintStream.java,println
67366ab5-4121-477e-a26c-d2501b464c4e,49f0d4a4-7c4e-4299-9a45-f7f6483e9d53,f90eec2a-ce51-4b7b-86e8-00349b88e69e,->,67366ab5-4121-477e-a26c-d2501b464c4e,CommLayer/Messages/AvalancheMessages$Message.java,getDataHandlerMessage
67366ab5-4121-477e-a26c-d2501b464c4e,49f0d4a4-7c4e-4299-9a45-f7f6483e9d53,f90eec2a-ce51-4b7b-86e8-00349b88e69e,->,67366ab5-4121-477e-a26c-d2501b464c4e,CommLayer/Messages/AvalancheMessages$Message$DataHandlerMessage.java,getType
67366ab5-4121-477e-a26c-d2501b464c4e,49f0d4a4-7c4e-4299-9a45-f7f6483e9d53,f90eec2a-ce51-4b7b-86e8-00349b88e69e,->,67366ab5-4121-477e-a26c-d2501b464c4e,CommLayer/Messages/AvalancheMessages$Message$DataHandlerMessage.java,getDataPayLoadList
67366ab5-4121-477e-a26c-d2501b464c4e,49f0d4a4-7c4e-4299-9a45-f7f6483e9d53,f90eec2a-ce51-4b7b-86e8-00349b88e69e,->,67366ab5-4121-477e-a26c-d2501b464c4e,java/io/PrintStream.java,println
67366ab5-4121-477e-a26c-d2501b464c4e,49f0d4a4-7c4e-4299-9a45-f7f6483e9d53,f90eec2a-ce51-4b7b-86e8-00349b88e69e,->,67366ab5-4121-477e-a26c-d2501b464c4e,2ad5ceba-170a-46b2-ab66-da5b1ce959ba,699adf6d-a20a-415f-91ae-c27a9ba272d4
67366ab5-4121-477e-a26c-d2501b464c4e,49f0d4a4-7c4e-4299-9a45-f7f6483e9d53,f90eec2a-ce51-4b7b-86e8-00349b88e69e,->,67366ab5-4121-477e-a26c-d2501b464c4e,CommLayer/Messages/AvalancheMessages$Message$Builder.java,build
67366ab5-4121-477e-a26c-d2501b464c4e,49f0d4a4-7c4e-4299-9a45-f7f6483e9d53,f90eec2a-ce51-4b7b-86e8-00349b88e69e,->,67366ab5-4121-477e-a26c-d2501b464c4e,CommLayer/Messages/AvalancheMessages$Message.java,writeDelimitedTo
67366ab5-4121-477e-a26c-d2501b464c4e,49f0d4a4-7c4e-4299-9a45-f7f6483e9d53,f90eec2a-ce51-4b7b-86e8-00349b88e69e,->,67366ab5-4121-477e-a26c-d2501b464c4e,java/net/Socket.java,close
67366ab5-4121-477e-a26c-d2501b464c4e,49f0d4a4-7c4e-4299-9a45-f7f6483e9d53,f90eec2a-ce51-4b7b-86e8-00349b88e69e,->,67366ab5-4121-477e-a26c-d2501b464c4e,java/io/IOException.java,printStackTrace
67366ab5-4121-477e-a26c-d2501b464c4e,49f0d4a4-7c4e-4299-9a45-f7f6483e9d53,1372a2c8-b363-46cf-9034-0aeced9b7336,->,67366ab5-4121-477e-a26c-d2501b464c4e,CommLayer/Messages/AvalancheMessages$Message$DataPair.java,newBuilder
67366ab5-4121-477e-a26c-d2501b464c4e,49f0d4a4-7c4e-4299-9a45-f7f6483e9d53,1372a2c8-b363-46cf-9034-0aeced9b7336,->,67366ab5-4121-477e-a26c-d2501b464c4e,CommLayer/Messages/AvalancheMessages$Message$DataPair$Builder.java,setKey
67366ab5-4121-477e-a26c-d2501b464c4e,49f0d4a4-7c4e-4299-9a45-f7f6483e9d53,1372a2c8-b363-46cf-9034-0aeced9b7336,->,67366ab5-4121-477e-a26c-d2501b464c4e,CommLayer/Messages/AvalancheMessages$Message$DataPair$Builder.java,setValue
67366ab5-4121-477e-a26c-d2501b464c4e,49f0d4a4-7c4e-4299-9a45-f7f6483e9d53,1372a2c8-b363-46cf-9034-0aeced9b7336,->,67366ab5-4121-477e-a26c-d2501b464c4e,CommLayer/Messages/AvalancheMessages$Message$DataPair$Builder.java,build
67366ab5-4121-477e-a26c-d2501b464c4e,49f0d4a4-7c4e-4299-9a45-f7f6483e9d53,1372a2c8-b363-46cf-9034-0aeced9b7336,->,67366ab5-4121-477e-a26c-d2501b464c4e,java/util/List.java,add
67366ab5-4121-477e-a26c-d2501b464c4e,49f0d4a4-7c4e-4299-9a45-f7f6483e9d53,1372a2c8-b363-46cf-9034-0aeced9b7336,->,67366ab5-4121-477e-a26c-d2501b464c4e,CommLayer/Messages/AvalancheMessages$Message$DataPair.java,newBuilder
67366ab5-4121-477e-a26c-d2501b464c4e,49f0d4a4-7c4e-4299-9a45-f7f6483e9d53,1372a2c8-b363-46cf-9034-0aeced9b7336,->,67366ab5-4121-477e-a26c-d2501b464c4e,CommLayer/Messages/AvalancheMessages$Message$DataPair$Builder.java,setKey
67366ab5-4121-477e-a26c-d2501b464c4e,49f0d4a4-7c4e-4299-9a45-f7f6483e9d53,1372a2c8-b363-46cf-9034-0aeced9b7336,->,67366ab5-4121-477e-a26c-d2501b464c4e,CommLayer/Messages/AvalancheMessages$Message$DataPair$Builder.java,setValue
67366ab5-4121-477e-a26c-d2501b464c4e,49f0d4a4-7c4e-4299-9a45-f7f6483e9d53,1372a2c8-b363-46cf-9034-0aeced9b7336,->,67366ab5-4121-477e-a26c-d2501b464c4e,CommLayer/Messages/AvalancheMessages$Message$DataPair$Builder.java,build
67366ab5-4121-477e-a26c-d2501b464c4e,49f0d4a4-7c4e-4299-9a45-f7f6483e9d53,1372a2c8-b363-46cf-9034-0aeced9b7336,->,67366ab5-4121-477e-a26c-d2501b464c4e,java/util/List.java,add
67366ab5-4121-477e-a26c-d2501b464c4e,25149750-54c6-4c5a-b8e3-bd31ac3e0aed,223971ae-1238-4271-aa7c-a8df9418dbdf,->,67366ab5-4121-477e-a26c-d2501b464c4e,ad9645e9-13a0-480a-b03e-65d5a6599f26,f1f802ba-f153-4550-a369-e7fa678e9358
67366ab5-4121-477e-a26c-d2501b464c4e,25149750-54c6-4c5a-b8e3-bd31ac3e0aed,223971ae-1238-4271-aa7c-a8df9418dbdf,->,67366ab5-4121-477e-a26c-d2501b464c4e,ad9645e9-13a0-480a-b03e-65d5a6599f26,563b6e32-c21d-4e42-bf52-69b8954634a5
67366ab5-4121-477e-a26c-d2501b464c4e,25149750-54c6-4c5a-b8e3-bd31ac3e0aed,223971ae-1238-4271-aa7c-a8df9418dbdf,->,67366ab5-4121-477e-a26c-d2501b464c4e,ad9645e9-13a0-480a-b03e-65d5a6599f26,563b6e32-c21d-4e42-bf52-69b8954634a5
67366ab5-4121-477e-a26c-d2501b464c4e,25149750-54c6-4c5a-b8e3-bd31ac3e0aed,223971ae-1238-4271-aa7c-a8df9418dbdf,->,67366ab5-4121-477e-a26c-d2501b464c4e,ad9645e9-13a0-480a-b03e-65d5a6599f26,563b6e32-c21d-4e42-bf52-69b8954634a5
67366ab5-4121-477e-a26c-d2501b464c4e,25149750-54c6-4c5a-b8e3-bd31ac3e0aed,223971ae-1238-4271-aa7c-a8df9418dbdf,->,67366ab5-4121-477e-a26c-d2501b464c4e,ad9645e9-13a0-480a-b03e-65d5a6599f26,f1f802ba-f153-4550-a369-e7fa678e9358
67366ab5-4121-477e-a26c-d2501b464c4e,25149750-54c6-4c5a-b8e3-bd31ac3e0aed,223971ae-1238-4271-aa7c-a8df9418dbdf,->,67366ab5-4121-477e-a26c-d2501b464c4e,ad9645e9-13a0-480a-b03e-65d5a6599f26,563b6e32-c21d-4e42-bf52-69b8954634a5
67366ab5-4121-477e-a26c-d2501b464c4e,25149750-54c6-4c5a-b8e3-bd31ac3e0aed,b6c02f86-67c5-4904-a8c9-3d810134bcba,->,67366ab5-4121-477e-a26c-d2501b464c4e,2ad5ceba-170a-46b2-ab66-da5b1ce959ba,b6e743a5-d90f-466e-8bc8-e39adfb690e0
67366ab5-4121-477e-a26c-d2501b464c4e,25149750-54c6-4c5a-b8e3-bd31ac3e0aed,b6c02f86-67c5-4904-a8c9-3d810134bcba,->,67366ab5-4121-477e-a26c-d2501b464c4e,CommLayer/Messages/AvalancheMessages$Message.java,getDataHandlerMessage
67366ab5-4121-477e-a26c-d2501b464c4e,25149750-54c6-4c5a-b8e3-bd31ac3e0aed,b6c02f86-67c5-4904-a8c9-3d810134bcba,->,67366ab5-4121-477e-a26c-d2501b464c4e,CommLayer/Messages/AvalancheMessages$Message$DataHandlerMessage.java,getType
67366ab5-4121-477e-a26c-d2501b464c4e,25149750-54c6-4c5a-b8e3-bd31ac3e0aed,b6c02f86-67c5-4904-a8c9-3d810134bcba,->,67366ab5-4121-477e-a26c-d2501b464c4e,CommLayer/Messages/AvalancheMessages$Message$DataHandlerMessage$MetaData.java,newBuilder
67366ab5-4121-477e-a26c-d2501b464c4e,25149750-54c6-4c5a-b8e3-bd31ac3e0aed,b6c02f86-67c5-4904-a8c9-3d810134bcba,->,67366ab5-4121-477e-a26c-d2501b464c4e,CommLayer/Messages/AvalancheMessages$Message$DataHandlerMessage.java,getTaskId
67366ab5-4121-477e-a26c-d2501b464c4e,25149750-54c6-4c5a-b8e3-bd31ac3e0aed,b6c02f86-67c5-4904-a8c9-3d810134bcba,->,67366ab5-4121-477e-a26c-d2501b464c4e,CommLayer/Messages/AvalancheMessages$Message$DataHandlerMessage.java,getTaskId
67366ab5-4121-477e-a26c-d2501b464c4e,25149750-54c6-4c5a-b8e3-bd31ac3e0aed,b6c02f86-67c5-4904-a8c9-3d810134bcba,->,67366ab5-4121-477e-a26c-d2501b464c4e,CommLayer/Messages/AvalancheMessages$Message$DataHandlerMessage.java,getReadMinRange
67366ab5-4121-477e-a26c-d2501b464c4e,25149750-54c6-4c5a-b8e3-bd31ac3e0aed,b6c02f86-67c5-4904-a8c9-3d810134bcba,->,67366ab5-4121-477e-a26c-d2501b464c4e,CommLayer/Messages/AvalancheMessages$Message$DataHandlerMessage.java,getReadMaxRange
67366ab5-4121-477e-a26c-d2501b464c4e,25149750-54c6-4c5a-b8e3-bd31ac3e0aed,b6c02f86-67c5-4904-a8c9-3d810134bcba,->,67366ab5-4121-477e-a26c-d2501b464c4e,b0f9a576-5ac7-494d-a4b2-1e985dca3946,9a4563a8-a4de-4a2a-9297-d469d7b61c1a
67366ab5-4121-477e-a26c-d2501b464c4e,25149750-54c6-4c5a-b8e3-bd31ac3e0aed,b6c02f86-67c5-4904-a8c9-3d810134bcba,->,67366ab5-4121-477e-a26c-d2501b464c4e,CommLayer/Messages/AvalancheMessages$Message$DataHandlerMessage$MetaData$Builder.java,build
67366ab5-4121-477e-a26c-d2501b464c4e,25149750-54c6-4c5a-b8e3-bd31ac3e0aed,b6c02f86-67c5-4904-a8c9-3d810134bcba,->,67366ab5-4121-477e-a26c-d2501b464c4e,2ad5ceba-170a-46b2-ab66-da5b1ce959ba,badd9f05-a7d4-42dd-96ab-0cbb19d74a2b
67366ab5-4121-477e-a26c-d2501b464c4e,25149750-54c6-4c5a-b8e3-bd31ac3e0aed,b6c02f86-67c5-4904-a8c9-3d810134bcba,->,67366ab5-4121-477e-a26c-d2501b464c4e,a492821a-1ea4-423e-a07e-d1f54be0f732,245e4e44-cf37-4d76-9cfe-068ca2de02db
67366ab5-4121-477e-a26c-d2501b464c4e,25149750-54c6-4c5a-b8e3-bd31ac3e0aed,b6c02f86-67c5-4904-a8c9-3d810134bcba,->,67366ab5-4121-477e-a26c-d2501b464c4e,CommLayer/Messages/AvalancheMessages$Message$DataHandlerMessage.java,getType
67366ab5-4121-477e-a26c-d2501b464c4e,25149750-54c6-4c5a-b8e3-bd31ac3e0aed,b6c02f86-67c5-4904-a8c9-3d810134bcba,->,67366ab5-4121-477e-a26c-d2501b464c4e,CommLayer/Messages/AvalancheMessages$Message$DataHandlerMessage.java,getDataPayLoadList
67366ab5-4121-477e-a26c-d2501b464c4e,25149750-54c6-4c5a-b8e3-bd31ac3e0aed,b6c02f86-67c5-4904-a8c9-3d810134bcba,->,67366ab5-4121-477e-a26c-d2501b464c4e,CommLayer/Messages/AvalancheMessages$Message$DataHandlerMessage.java,getTaskId
67366ab5-4121-477e-a26c-d2501b464c4e,25149750-54c6-4c5a-b8e3-bd31ac3e0aed,b6c02f86-67c5-4904-a8c9-3d810134bcba,->,67366ab5-4121-477e-a26c-d2501b464c4e,CommLayer/Messages/AvalancheMessages$Message$DataHandlerMessage.java,getMetaData
67366ab5-4121-477e-a26c-d2501b464c4e,25149750-54c6-4c5a-b8e3-bd31ac3e0aed,b6c02f86-67c5-4904-a8c9-3d810134bcba,->,67366ab5-4121-477e-a26c-d2501b464c4e,CommLayer/Messages/AvalancheMessages$Message$DataHandlerMessage$MetaData.java,getDataPairList
67366ab5-4121-477e-a26c-d2501b464c4e,25149750-54c6-4c5a-b8e3-bd31ac3e0aed,b6c02f86-67c5-4904-a8c9-3d810134bcba,->,67366ab5-4121-477e-a26c-d2501b464c4e,b0f9a576-5ac7-494d-a4b2-1e985dca3946,3faf1b6f-c66c-4d21-a096-581fb11930d7
67366ab5-4121-477e-a26c-d2501b464c4e,25149750-54c6-4c5a-b8e3-bd31ac3e0aed,b6c02f86-67c5-4904-a8c9-3d810134bcba,->,67366ab5-4121-477e-a26c-d2501b464c4e,CommLayer/Messages/AvalancheMessages$Message$DataHandlerMessage.java,getMetaData
67366ab5-4121-477e-a26c-d2501b464c4e,25149750-54c6-4c5a-b8e3-bd31ac3e0aed,b6c02f86-67c5-4904-a8c9-3d810134bcba,->,67366ab5-4121-477e-a26c-d2501b464c4e,CommLayer/Messages/AvalancheMessages$Message$DataHandlerMessage$MetaData.java,getIsComplete
67366ab5-4121-477e-a26c-d2501b464c4e,25149750-54c6-4c5a-b8e3-bd31ac3e0aed,b6c02f86-67c5-4904-a8c9-3d810134bcba,->,67366ab5-4121-477e-a26c-d2501b464c4e,CommLayer/Messages/AvalancheMessages$Message$DataHandlerMessage.java,getTaskId
67366ab5-4121-477e-a26c-d2501b464c4e,25149750-54c6-4c5a-b8e3-bd31ac3e0aed,b6c02f86-67c5-4904-a8c9-3d810134bcba,->,67366ab5-4121-477e-a26c-d2501b464c4e,2ad5ceba-170a-46b2-ab66-da5b1ce959ba,127e43a4-ca28-4d1b-8f3f-9f325bf3b2cf
67366ab5-4121-477e-a26c-d2501b464c4e,25149750-54c6-4c5a-b8e3-bd31ac3e0aed,b6c02f86-67c5-4904-a8c9-3d810134bcba,->,67366ab5-4121-477e-a26c-d2501b464c4e,98d0f80c-62ce-4870-90b2-a205eee83476,d5689140-0bba-49c5-8efa-74f684250ba4
67366ab5-4121-477e-a26c-d2501b464c4e,d7f16605-8f39-4caf-bc6b-a24dfb6a31f4,0c6a21bb-e5c7-4eaf-af35-19d2fed16e1c,->,67366ab5-4121-477e-a26c-d2501b464c4e,java/util/concurrent/ConcurrentHashMap.java,containsKey
67366ab5-4121-477e-a26c-d2501b464c4e,d7f16605-8f39-4caf-bc6b-a24dfb6a31f4,0c6a21bb-e5c7-4eaf-af35-19d2fed16e1c,->,67366ab5-4121-477e-a26c-d2501b464c4e,java/util/concurrent/ConcurrentHashMap.java,get
67366ab5-4121-477e-a26c-d2501b464c4e,d7f16605-8f39-4caf-bc6b-a24dfb6a31f4,0c6a21bb-e5c7-4eaf-af35-19d2fed16e1c,->,67366ab5-4121-477e-a26c-d2501b464c4e,java/util/LinkedList.java,add
67366ab5-4121-477e-a26c-d2501b464c4e,d7f16605-8f39-4caf-bc6b-a24dfb6a31f4,0c6a21bb-e5c7-4eaf-af35-19d2fed16e1c,->,67366ab5-4121-477e-a26c-d2501b464c4e,java/util/LinkedList.java,add
67366ab5-4121-477e-a26c-d2501b464c4e,d7f16605-8f39-4caf-bc6b-a24dfb6a31f4,0c6a21bb-e5c7-4eaf-af35-19d2fed16e1c,->,67366ab5-4121-477e-a26c-d2501b464c4e,java/util/concurrent/ConcurrentHashMap.java,put
67366ab5-4121-477e-a26c-d2501b464c4e,d7f16605-8f39-4caf-bc6b-a24dfb6a31f4,201b19ea-b916-4f99-b565-618eaa4911d6,->,67366ab5-4121-477e-a26c-d2501b464c4e,java/util/concurrent/ConcurrentHashMap.java,remove
67366ab5-4121-477e-a26c-d2501b464c4e,d7f16605-8f39-4caf-bc6b-a24dfb6a31f4,d86b88f6-c1e4-4ce9-a1a1-abd3774d3706,->,67366ab5-4121-477e-a26c-d2501b464c4e,2ad5ceba-170a-46b2-ab66-da5b1ce959ba,b6e743a5-d90f-466e-8bc8-e39adfb690e0
67366ab5-4121-477e-a26c-d2501b464c4e,d7f16605-8f39-4caf-bc6b-a24dfb6a31f4,d86b88f6-c1e4-4ce9-a1a1-abd3774d3706,->,67366ab5-4121-477e-a26c-d2501b464c4e,CommLayer/Messages/AvalancheMessages$Message.java,getDataManagerMessage
67366ab5-4121-477e-a26c-d2501b464c4e,d7f16605-8f39-4caf-bc6b-a24dfb6a31f4,d86b88f6-c1e4-4ce9-a1a1-abd3774d3706,->,67366ab5-4121-477e-a26c-d2501b464c4e,CommLayer/Messages/AvalancheMessages$Message$DataManagerMessage.java,getType
67366ab5-4121-477e-a26c-d2501b464c4e,d7f16605-8f39-4caf-bc6b-a24dfb6a31f4,d86b88f6-c1e4-4ce9-a1a1-abd3774d3706,->,67366ab5-4121-477e-a26c-d2501b464c4e,CommLayer/Messages/AvalancheMessages$Message$DataManagerMessage.java,getDataRegMessage
67366ab5-4121-477e-a26c-d2501b464c4e,d7f16605-8f39-4caf-bc6b-a24dfb6a31f4,d86b88f6-c1e4-4ce9-a1a1-abd3774d3706,->,67366ab5-4121-477e-a26c-d2501b464c4e,CommLayer/Messages/AvalancheMessages$Message$DataManagerMessage$DataRegMessage.java,getTaskId
67366ab5-4121-477e-a26c-d2501b464c4e,d7f16605-8f39-4caf-bc6b-a24dfb6a31f4,d86b88f6-c1e4-4ce9-a1a1-abd3774d3706,->,67366ab5-4121-477e-a26c-d2501b464c4e,CommLayer/Messages/AvalancheMessages$Message$DataManagerMessage$DataRegMessage.java,getTaskInitServiceLocation
67366ab5-4121-477e-a26c-d2501b464c4e,d7f16605-8f39-4caf-bc6b-a24dfb6a31f4,d86b88f6-c1e4-4ce9-a1a1-abd3774d3706,->,67366ab5-4121-477e-a26c-d2501b464c4e,CommLayer/Messages/AvalancheMessages$Message$DataManagerMessage$DataRegMessage.java,getDataHandlerServiceLocation
67366ab5-4121-477e-a26c-d2501b464c4e,d7f16605-8f39-4caf-bc6b-a24dfb6a31f4,d86b88f6-c1e4-4ce9-a1a1-abd3774d3706,->,67366ab5-4121-477e-a26c-d2501b464c4e,f42f031f-be83-4c45-92ca-5f879ba9ecb0,c0c3631d-8eed-4341-91b7-48a7317a3d9a
67366ab5-4121-477e-a26c-d2501b464c4e,d7f16605-8f39-4caf-bc6b-a24dfb6a31f4,d86b88f6-c1e4-4ce9-a1a1-abd3774d3706,->,67366ab5-4121-477e-a26c-d2501b464c4e,CommLayer/Messages/AvalancheMessages$Message$DataManagerMessage$DataRegMessage.java,getTaskId
67366ab5-4121-477e-a26c-d2501b464c4e,d7f16605-8f39-4caf-bc6b-a24dfb6a31f4,d86b88f6-c1e4-4ce9-a1a1-abd3774d3706,->,67366ab5-4121-477e-a26c-d2501b464c4e,CommLayer/Messages/AvalancheMessages$Message$DataManagerMessage$DataRegMessage.java,getDataHandlerServiceLocation
67366ab5-4121-477e-a26c-d2501b464c4e,d7f16605-8f39-4caf-bc6b-a24dfb6a31f4,d86b88f6-c1e4-4ce9-a1a1-abd3774d3706,->,67366ab5-4121-477e-a26c-d2501b464c4e,cf8dab7a-0979-4aa3-892e-63e00f61bcf7,450d05f9-2c4b-4e99-b917-820145b8499b
67366ab5-4121-477e-a26c-d2501b464c4e,d7f16605-8f39-4caf-bc6b-a24dfb6a31f4,d86b88f6-c1e4-4ce9-a1a1-abd3774d3706,->,67366ab5-4121-477e-a26c-d2501b464c4e,CommLayer/Messages/AvalancheMessages$Message$DataManagerMessage.java,getType
67366ab5-4121-477e-a26c-d2501b464c4e,d7f16605-8f39-4caf-bc6b-a24dfb6a31f4,d86b88f6-c1e4-4ce9-a1a1-abd3774d3706,->,67366ab5-4121-477e-a26c-d2501b464c4e,CommLayer/Messages/AvalancheMessages$Message$DataManagerMessage.java,getDataSourceRequestMessage
67366ab5-4121-477e-a26c-d2501b464c4e,d7f16605-8f39-4caf-bc6b-a24dfb6a31f4,d86b88f6-c1e4-4ce9-a1a1-abd3774d3706,->,67366ab5-4121-477e-a26c-d2501b464c4e,CommLayer/Messages/AvalancheMessages$Message$DataManagerMessage$DataSourceRequestMessage.java,getTaskId
67366ab5-4121-477e-a26c-d2501b464c4e,d7f16605-8f39-4caf-bc6b-a24dfb6a31f4,d86b88f6-c1e4-4ce9-a1a1-abd3774d3706,->,67366ab5-4121-477e-a26c-d2501b464c4e,f42f031f-be83-4c45-92ca-5f879ba9ecb0,6dc563f1-8890-4f11-b102-e122b9a0922a
67366ab5-4121-477e-a26c-d2501b464c4e,d7f16605-8f39-4caf-bc6b-a24dfb6a31f4,d86b88f6-c1e4-4ce9-a1a1-abd3774d3706,->,67366ab5-4121-477e-a26c-d2501b464c4e,2ad5ceba-170a-46b2-ab66-da5b1ce959ba,6e9f5741-7d4e-4035-a776-3ecb73b9dfe7
67366ab5-4121-477e-a26c-d2501b464c4e,d7f16605-8f39-4caf-bc6b-a24dfb6a31f4,d86b88f6-c1e4-4ce9-a1a1-abd3774d3706,->,67366ab5-4121-477e-a26c-d2501b464c4e,a492821a-1ea4-423e-a07e-d1f54be0f732,245e4e44-cf37-4d76-9cfe-068ca2de02db
67366ab5-4121-477e-a26c-d2501b464c4e,d7f16605-8f39-4caf-bc6b-a24dfb6a31f4,d86b88f6-c1e4-4ce9-a1a1-abd3774d3706,->,67366ab5-4121-477e-a26c-d2501b464c4e,CommLayer/Messages/AvalancheMessages$Message$DataManagerMessage.java,getType
67366ab5-4121-477e-a26c-d2501b464c4e,d7f16605-8f39-4caf-bc6b-a24dfb6a31f4,d86b88f6-c1e4-4ce9-a1a1-abd3774d3706,->,67366ab5-4121-477e-a26c-d2501b464c4e,CommLayer/Messages/AvalancheMessages$Message$DataManagerMessage.java,getDataCopyRequestMessage
67366ab5-4121-477e-a26c-d2501b464c4e,d7f16605-8f39-4caf-bc6b-a24dfb6a31f4,d86b88f6-c1e4-4ce9-a1a1-abd3774d3706,->,67366ab5-4121-477e-a26c-d2501b464c4e,CommLayer/Messages/AvalancheMessages$Message$DataManagerMessage$DataCopyRequestMessage.java,getTaskId
67366ab5-4121-477e-a26c-d2501b464c4e,d7f16605-8f39-4caf-bc6b-a24dfb6a31f4,d86b88f6-c1e4-4ce9-a1a1-abd3774d3706,->,67366ab5-4121-477e-a26c-d2501b464c4e,CommLayer/Messages/AvalancheMessages$Message$DataManagerMessage$DataCopyRequestMessage.java,getDataHandlerServiceLocation
67366ab5-4121-477e-a26c-d2501b464c4e,d7f16605-8f39-4caf-bc6b-a24dfb6a31f4,d86b88f6-c1e4-4ce9-a1a1-abd3774d3706,->,67366ab5-4121-477e-a26c-d2501b464c4e,d7f16605-8f39-4caf-bc6b-a24dfb6a31f4,0c6a21bb-e5c7-4eaf-af35-19d2fed16e1c
67366ab5-4121-477e-a26c-d2501b464c4e,d7f16605-8f39-4caf-bc6b-a24dfb6a31f4,d86b88f6-c1e4-4ce9-a1a1-abd3774d3706,->,67366ab5-4121-477e-a26c-d2501b464c4e,cf8dab7a-0979-4aa3-892e-63e00f61bcf7,e9debd69-a84d-40b9-82df-5929e6bd9c0d
67366ab5-4121-477e-a26c-d2501b464c4e,d7f16605-8f39-4caf-bc6b-a24dfb6a31f4,d86b88f6-c1e4-4ce9-a1a1-abd3774d3706,->,67366ab5-4121-477e-a26c-d2501b464c4e,d7f16605-8f39-4caf-bc6b-a24dfb6a31f4,201b19ea-b916-4f99-b565-618eaa4911d6
67366ab5-4121-477e-a26c-d2501b464c4e,d7f16605-8f39-4caf-bc6b-a24dfb6a31f4,d86b88f6-c1e4-4ce9-a1a1-abd3774d3706,->,67366ab5-4121-477e-a26c-d2501b464c4e,java/util/LinkedList.java,iterator
67366ab5-4121-477e-a26c-d2501b464c4e,d7f16605-8f39-4caf-bc6b-a24dfb6a31f4,d86b88f6-c1e4-4ce9-a1a1-abd3774d3706,->,67366ab5-4121-477e-a26c-d2501b464c4e,java/util/Iterator.java,hasNext
67366ab5-4121-477e-a26c-d2501b464c4e,d7f16605-8f39-4caf-bc6b-a24dfb6a31f4,d86b88f6-c1e4-4ce9-a1a1-abd3774d3706,->,67366ab5-4121-477e-a26c-d2501b464c4e,java/util/Iterator.java,next
67366ab5-4121-477e-a26c-d2501b464c4e,d7f16605-8f39-4caf-bc6b-a24dfb6a31f4,d86b88f6-c1e4-4ce9-a1a1-abd3774d3706,->,67366ab5-4121-477e-a26c-d2501b464c4e,06a97297-c23f-4588-a586-30de0ed7b3ea,5f8fb1a5-1fad-4e0f-962b-f5819b7735dc
67366ab5-4121-477e-a26c-d2501b464c4e,d7f16605-8f39-4caf-bc6b-a24dfb6a31f4,d86b88f6-c1e4-4ce9-a1a1-abd3774d3706,->,67366ab5-4121-477e-a26c-d2501b464c4e,2ad5ceba-170a-46b2-ab66-da5b1ce959ba,97bc843d-2353-47b5-bde8-b42dd0d6d654
67366ab5-4121-477e-a26c-d2501b464c4e,d7f16605-8f39-4caf-bc6b-a24dfb6a31f4,d86b88f6-c1e4-4ce9-a1a1-abd3774d3706,->,67366ab5-4121-477e-a26c-d2501b464c4e,a492821a-1ea4-423e-a07e-d1f54be0f732,245e4e44-cf37-4d76-9cfe-068ca2de02db
67366ab5-4121-477e-a26c-d2501b464c4e,d7f16605-8f39-4caf-bc6b-a24dfb6a31f4,d86b88f6-c1e4-4ce9-a1a1-abd3774d3706,->,67366ab5-4121-477e-a26c-d2501b464c4e,2ad5ceba-170a-46b2-ab66-da5b1ce959ba,b6e743a5-d90f-466e-8bc8-e39adfb690e0
67366ab5-4121-477e-a26c-d2501b464c4e,d7f16605-8f39-4caf-bc6b-a24dfb6a31f4,d86b88f6-c1e4-4ce9-a1a1-abd3774d3706,->,67366ab5-4121-477e-a26c-d2501b464c4e,java/io/PrintStream.java,println
67366ab5-4121-477e-a26c-d2501b464c4e,2abbf839-7aba-4740-b68b-b458829f121e,6a075806-3ebb-495a-ba99-a73271be7e28,->,67366ab5-4121-477e-a26c-d2501b464c4e,org/iq80/leveldb/Options.java,createIfMissing
67366ab5-4121-477e-a26c-d2501b464c4e,2abbf839-7aba-4740-b68b-b458829f121e,6a075806-3ebb-495a-ba99-a73271be7e28,->,67366ab5-4121-477e-a26c-d2501b464c4e,org/fusesource/leveldbjni/JniDBFactory.java,open
67366ab5-4121-477e-a26c-d2501b464c4e,8f58f0fe-65a0-453c-9dd9-1d6d89ea4a16,7968056a-de13-40b3-bd9d-fdb43cedd290,->,67366ab5-4121-477e-a26c-d2501b464c4e,java/io/ObjectOutputStream.java,writeObject
67366ab5-4121-477e-a26c-d2501b464c4e,8f58f0fe-65a0-453c-9dd9-1d6d89ea4a16,7968056a-de13-40b3-bd9d-fdb43cedd290,->,67366ab5-4121-477e-a26c-d2501b464c4e,java/io/ByteArrayOutputStream.java,toByteArray
67366ab5-4121-477e-a26c-d2501b464c4e,8f58f0fe-65a0-453c-9dd9-1d6d89ea4a16,b2525e6e-a46e-435d-8848-ef4b32da23d9,->,67366ab5-4121-477e-a26c-d2501b464c4e,java/io/ObjectInputStream.java,readObject
67366ab5-4121-477e-a26c-d2501b464c4e,cf8dab7a-0979-4aa3-892e-63e00f61bcf7,12ad97ea-c04b-42ff-bb6d-f836c719fda5,->,67366ab5-4121-477e-a26c-d2501b464c4e,java/util/LinkedList.java,contains
67366ab5-4121-477e-a26c-d2501b464c4e,cf8dab7a-0979-4aa3-892e-63e00f61bcf7,12ad97ea-c04b-42ff-bb6d-f836c719fda5,->,67366ab5-4121-477e-a26c-d2501b464c4e,java/util/LinkedList.java,add
67366ab5-4121-477e-a26c-d2501b464c4e,cf8dab7a-0979-4aa3-892e-63e00f61bcf7,aa230cec-7d57-42d9-a5c3-cee09ecb47e5,->,67366ab5-4121-477e-a26c-d2501b464c4e,java/util/LinkedList.java,contains
67366ab5-4121-477e-a26c-d2501b464c4e,cf8dab7a-0979-4aa3-892e-63e00f61bcf7,aa230cec-7d57-42d9-a5c3-cee09ecb47e5,->,67366ab5-4121-477e-a26c-d2501b464c4e,java/lang/StringBuilder.java,append
67366ab5-4121-477e-a26c-d2501b464c4e,cf8dab7a-0979-4aa3-892e-63e00f61bcf7,aa230cec-7d57-42d9-a5c3-cee09ecb47e5,->,67366ab5-4121-477e-a26c-d2501b464c4e,06a97297-c23f-4588-a586-30de0ed7b3ea,5f8fb1a5-1fad-4e0f-962b-f5819b7735dc
67366ab5-4121-477e-a26c-d2501b464c4e,cf8dab7a-0979-4aa3-892e-63e00f61bcf7,aa230cec-7d57-42d9-a5c3-cee09ecb47e5,->,67366ab5-4121-477e-a26c-d2501b464c4e,java/lang/StringBuilder.java,append
67366ab5-4121-477e-a26c-d2501b464c4e,cf8dab7a-0979-4aa3-892e-63e00f61bcf7,aa230cec-7d57-42d9-a5c3-cee09ecb47e5,->,67366ab5-4121-477e-a26c-d2501b464c4e,java/lang/StringBuilder.java,append
67366ab5-4121-477e-a26c-d2501b464c4e,cf8dab7a-0979-4aa3-892e-63e00f61bcf7,aa230cec-7d57-42d9-a5c3-cee09ecb47e5,->,67366ab5-4121-477e-a26c-d2501b464c4e,java/lang/StringBuilder.java,toString
67366ab5-4121-477e-a26c-d2501b464c4e,cf8dab7a-0979-4aa3-892e-63e00f61bcf7,aa230cec-7d57-42d9-a5c3-cee09ecb47e5,->,67366ab5-4121-477e-a26c-d2501b464c4e,java/io/PrintStream.java,println
67366ab5-4121-477e-a26c-d2501b464c4e,cf8dab7a-0979-4aa3-892e-63e00f61bcf7,aa230cec-7d57-42d9-a5c3-cee09ecb47e5,->,67366ab5-4121-477e-a26c-d2501b464c4e,java/util/LinkedList.java,contains
67366ab5-4121-477e-a26c-d2501b464c4e,cf8dab7a-0979-4aa3-892e-63e00f61bcf7,aa230cec-7d57-42d9-a5c3-cee09ecb47e5,->,67366ab5-4121-477e-a26c-d2501b464c4e,java/util/LinkedList.java,remove
67366ab5-4121-477e-a26c-d2501b464c4e,cf8dab7a-0979-4aa3-892e-63e00f61bcf7,aa230cec-7d57-42d9-a5c3-cee09ecb47e5,->,67366ab5-4121-477e-a26c-d2501b464c4e,java/util/LinkedList.java,add
67366ab5-4121-477e-a26c-d2501b464c4e,cf8dab7a-0979-4aa3-892e-63e00f61bcf7,a1f66368-9aed-4b3b-876b-7046ed74c361,->,67366ab5-4121-477e-a26c-d2501b464c4e,java/util/LinkedList.java,iterator
67366ab5-4121-477e-a26c-d2501b464c4e,cf8dab7a-0979-4aa3-892e-63e00f61bcf7,a1f66368-9aed-4b3b-876b-7046ed74c361,->,67366ab5-4121-477e-a26c-d2501b464c4e,java/util/Iterator.java,hasNext
67366ab5-4121-477e-a26c-d2501b464c4e,cf8dab7a-0979-4aa3-892e-63e00f61bcf7,a1f66368-9aed-4b3b-876b-7046ed74c361,->,67366ab5-4121-477e-a26c-d2501b464c4e,java/util/Iterator.java,next
67366ab5-4121-477e-a26c-d2501b464c4e,cf8dab7a-0979-4aa3-892e-63e00f61bcf7,a1f66368-9aed-4b3b-876b-7046ed74c361,->,67366ab5-4121-477e-a26c-d2501b464c4e,06a97297-c23f-4588-a586-30de0ed7b3ea,5f8fb1a5-1fad-4e0f-962b-f5819b7735dc
67366ab5-4121-477e-a26c-d2501b464c4e,cf8dab7a-0979-4aa3-892e-63e00f61bcf7,a1f66368-9aed-4b3b-876b-7046ed74c361,->,67366ab5-4121-477e-a26c-d2501b464c4e,java/lang/String.java,equals
67366ab5-4121-477e-a26c-d2501b464c4e,cf8dab7a-0979-4aa3-892e-63e00f61bcf7,a1f66368-9aed-4b3b-876b-7046ed74c361,->,67366ab5-4121-477e-a26c-d2501b464c4e,java/util/LinkedList.java,add
67366ab5-4121-477e-a26c-d2501b464c4e,cf8dab7a-0979-4aa3-892e-63e00f61bcf7,a1f66368-9aed-4b3b-876b-7046ed74c361,->,67366ab5-4121-477e-a26c-d2501b464c4e,java/util/LinkedList.java,iterator
67366ab5-4121-477e-a26c-d2501b464c4e,cf8dab7a-0979-4aa3-892e-63e00f61bcf7,a1f66368-9aed-4b3b-876b-7046ed74c361,->,67366ab5-4121-477e-a26c-d2501b464c4e,java/util/Iterator.java,hasNext
67366ab5-4121-477e-a26c-d2501b464c4e,cf8dab7a-0979-4aa3-892e-63e00f61bcf7,a1f66368-9aed-4b3b-876b-7046ed74c361,->,67366ab5-4121-477e-a26c-d2501b464c4e,java/util/Iterator.java,next
67366ab5-4121-477e-a26c-d2501b464c4e,cf8dab7a-0979-4aa3-892e-63e00f61bcf7,a1f66368-9aed-4b3b-876b-7046ed74c361,->,67366ab5-4121-477e-a26c-d2501b464c4e,cf8dab7a-0979-4aa3-892e-63e00f61bcf7,aa230cec-7d57-42d9-a5c3-cee09ecb47e5
67366ab5-4121-477e-a26c-d2501b464c4e,cf8dab7a-0979-4aa3-892e-63e00f61bcf7,3324d38a-f11c-4ee6-8a37-51623d48f882,->,67366ab5-4121-477e-a26c-d2501b464c4e,java/lang/StringBuilder.java,append
67366ab5-4121-477e-a26c-d2501b464c4e,cf8dab7a-0979-4aa3-892e-63e00f61bcf7,3324d38a-f11c-4ee6-8a37-51623d48f882,->,67366ab5-4121-477e-a26c-d2501b464c4e,06a97297-c23f-4588-a586-30de0ed7b3ea,5f8fb1a5-1fad-4e0f-962b-f5819b7735dc
67366ab5-4121-477e-a26c-d2501b464c4e,cf8dab7a-0979-4aa3-892e-63e00f61bcf7,3324d38a-f11c-4ee6-8a37-51623d48f882,->,67366ab5-4121-477e-a26c-d2501b464c4e,java/lang/StringBuilder.java,append
67366ab5-4121-477e-a26c-d2501b464c4e,cf8dab7a-0979-4aa3-892e-63e00f61bcf7,3324d38a-f11c-4ee6-8a37-51623d48f882,->,67366ab5-4121-477e-a26c-d2501b464c4e,java/lang/StringBuilder.java,append
67366ab5-4121-477e-a26c-d2501b464c4e,cf8dab7a-0979-4aa3-892e-63e00f61bcf7,3324d38a-f11c-4ee6-8a37-51623d48f882,->,67366ab5-4121-477e-a26c-d2501b464c4e,java/lang/StringBuilder.java,toString
67366ab5-4121-477e-a26c-d2501b464c4e,cf8dab7a-0979-4aa3-892e-63e00f61bcf7,3324d38a-f11c-4ee6-8a37-51623d48f882,->,67366ab5-4121-477e-a26c-d2501b464c4e,java/io/PrintStream.java,println
67366ab5-4121-477e-a26c-d2501b464c4e,cf8dab7a-0979-4aa3-892e-63e00f61bcf7,3324d38a-f11c-4ee6-8a37-51623d48f882,->,67366ab5-4121-477e-a26c-d2501b464c4e,java/util/LinkedList.java,contains
67366ab5-4121-477e-a26c-d2501b464c4e,cf8dab7a-0979-4aa3-892e-63e00f61bcf7,3324d38a-f11c-4ee6-8a37-51623d48f882,->,67366ab5-4121-477e-a26c-d2501b464c4e,java/util/LinkedList.java,remove
67366ab5-4121-477e-a26c-d2501b464c4e,cf8dab7a-0979-4aa3-892e-63e00f61bcf7,3324d38a-f11c-4ee6-8a37-51623d48f882,->,67366ab5-4121-477e-a26c-d2501b464c4e,java/util/LinkedList.java,add
67366ab5-4121-477e-a26c-d2501b464c4e,cf8dab7a-0979-4aa3-892e-63e00f61bcf7,9e9e284a-a347-4847-a0b2-3338a4df9763,->,67366ab5-4121-477e-a26c-d2501b464c4e,java/util/LinkedList.java,iterator
67366ab5-4121-477e-a26c-d2501b464c4e,cf8dab7a-0979-4aa3-892e-63e00f61bcf7,9e9e284a-a347-4847-a0b2-3338a4df9763,->,67366ab5-4121-477e-a26c-d2501b464c4e,java/util/Iterator.java,hasNext
67366ab5-4121-477e-a26c-d2501b464c4e,cf8dab7a-0979-4aa3-892e-63e00f61bcf7,9e9e284a-a347-4847-a0b2-3338a4df9763,->,67366ab5-4121-477e-a26c-d2501b464c4e,java/util/Iterator.java,next
67366ab5-4121-477e-a26c-d2501b464c4e,cf8dab7a-0979-4aa3-892e-63e00f61bcf7,9e9e284a-a347-4847-a0b2-3338a4df9763,->,67366ab5-4121-477e-a26c-d2501b464c4e,java/util/LinkedList.java,contains
67366ab5-4121-477e-a26c-d2501b464c4e,cf8dab7a-0979-4aa3-892e-63e00f61bcf7,9e9e284a-a347-4847-a0b2-3338a4df9763,->,67366ab5-4121-477e-a26c-d2501b464c4e,java/lang/StringBuilder.java,append
67366ab5-4121-477e-a26c-d2501b464c4e,cf8dab7a-0979-4aa3-892e-63e00f61bcf7,9e9e284a-a347-4847-a0b2-3338a4df9763,->,67366ab5-4121-477e-a26c-d2501b464c4e,06a97297-c23f-4588-a586-30de0ed7b3ea,5f8fb1a5-1fad-4e0f-962b-f5819b7735dc
67366ab5-4121-477e-a26c-d2501b464c4e,cf8dab7a-0979-4aa3-892e-63e00f61bcf7,9e9e284a-a347-4847-a0b2-3338a4df9763,->,67366ab5-4121-477e-a26c-d2501b464c4e,java/lang/StringBuilder.java,append
67366ab5-4121-477e-a26c-d2501b464c4e,cf8dab7a-0979-4aa3-892e-63e00f61bcf7,9e9e284a-a347-4847-a0b2-3338a4df9763,->,67366ab5-4121-477e-a26c-d2501b464c4e,java/lang/StringBuilder.java,append
67366ab5-4121-477e-a26c-d2501b464c4e,cf8dab7a-0979-4aa3-892e-63e00f61bcf7,9e9e284a-a347-4847-a0b2-3338a4df9763,->,67366ab5-4121-477e-a26c-d2501b464c4e,java/lang/StringBuilder.java,toString
67366ab5-4121-477e-a26c-d2501b464c4e,cf8dab7a-0979-4aa3-892e-63e00f61bcf7,9e9e284a-a347-4847-a0b2-3338a4df9763,->,67366ab5-4121-477e-a26c-d2501b464c4e,java/io/PrintStream.java,println
67366ab5-4121-477e-a26c-d2501b464c4e,cf8dab7a-0979-4aa3-892e-63e00f61bcf7,9e9e284a-a347-4847-a0b2-3338a4df9763,->,67366ab5-4121-477e-a26c-d2501b464c4e,java/util/LinkedList.java,remove
67366ab5-4121-477e-a26c-d2501b464c4e,cf8dab7a-0979-4aa3-892e-63e00f61bcf7,9e9e284a-a347-4847-a0b2-3338a4df9763,->,67366ab5-4121-477e-a26c-d2501b464c4e,DataLayer/Impl/DataScheduler.java,setChanged
67366ab5-4121-477e-a26c-d2501b464c4e,cf8dab7a-0979-4aa3-892e-63e00f61bcf7,9e9e284a-a347-4847-a0b2-3338a4df9763,->,67366ab5-4121-477e-a26c-d2501b464c4e,DataLayer/Impl/DataScheduler.java,notifyObservers
67366ab5-4121-477e-a26c-d2501b464c4e,cf8dab7a-0979-4aa3-892e-63e00f61bcf7,e9debd69-a84d-40b9-82df-5929e6bd9c0d,->,67366ab5-4121-477e-a26c-d2501b464c4e,cf8dab7a-0979-4aa3-892e-63e00f61bcf7,12ad97ea-c04b-42ff-bb6d-f836c719fda5
67366ab5-4121-477e-a26c-d2501b464c4e,cf8dab7a-0979-4aa3-892e-63e00f61bcf7,e9debd69-a84d-40b9-82df-5929e6bd9c0d,->,67366ab5-4121-477e-a26c-d2501b464c4e,06a97297-c23f-4588-a586-30de0ed7b3ea,5f8fb1a5-1fad-4e0f-962b-f5819b7735dc
67366ab5-4121-477e-a26c-d2501b464c4e,cf8dab7a-0979-4aa3-892e-63e00f61bcf7,e9debd69-a84d-40b9-82df-5929e6bd9c0d,->,67366ab5-4121-477e-a26c-d2501b464c4e,f42f031f-be83-4c45-92ca-5f879ba9ecb0,6dc563f1-8890-4f11-b102-e122b9a0922a
67366ab5-4121-477e-a26c-d2501b464c4e,cf8dab7a-0979-4aa3-892e-63e00f61bcf7,e9debd69-a84d-40b9-82df-5929e6bd9c0d,->,67366ab5-4121-477e-a26c-d2501b464c4e,06a97297-c23f-4588-a586-30de0ed7b3ea,5f8fb1a5-1fad-4e0f-962b-f5819b7735dc
67366ab5-4121-477e-a26c-d2501b464c4e,cf8dab7a-0979-4aa3-892e-63e00f61bcf7,e9debd69-a84d-40b9-82df-5929e6bd9c0d,->,67366ab5-4121-477e-a26c-d2501b464c4e,f42f031f-be83-4c45-92ca-5f879ba9ecb0,6dc563f1-8890-4f11-b102-e122b9a0922a
67366ab5-4121-477e-a26c-d2501b464c4e,cf8dab7a-0979-4aa3-892e-63e00f61bcf7,e9debd69-a84d-40b9-82df-5929e6bd9c0d,->,67366ab5-4121-477e-a26c-d2501b464c4e,06a97297-c23f-4588-a586-30de0ed7b3ea,4fef037a-f77b-4387-90d5-8697305f288e
67366ab5-4121-477e-a26c-d2501b464c4e,cf8dab7a-0979-4aa3-892e-63e00f61bcf7,e9debd69-a84d-40b9-82df-5929e6bd9c0d,->,67366ab5-4121-477e-a26c-d2501b464c4e,java/util/LinkedList.java,contains
67366ab5-4121-477e-a26c-d2501b464c4e,cf8dab7a-0979-4aa3-892e-63e00f61bcf7,e9debd69-a84d-40b9-82df-5929e6bd9c0d,->,67366ab5-4121-477e-a26c-d2501b464c4e,java/io/PrintStream.java,println
67366ab5-4121-477e-a26c-d2501b464c4e,cf8dab7a-0979-4aa3-892e-63e00f61bcf7,e9debd69-a84d-40b9-82df-5929e6bd9c0d,->,67366ab5-4121-477e-a26c-d2501b464c4e,cf8dab7a-0979-4aa3-892e-63e00f61bcf7,9e9e284a-a347-4847-a0b2-3338a4df9763
67366ab5-4121-477e-a26c-d2501b464c4e,cf8dab7a-0979-4aa3-892e-63e00f61bcf7,e9debd69-a84d-40b9-82df-5929e6bd9c0d,->,67366ab5-4121-477e-a26c-d2501b464c4e,06a97297-c23f-4588-a586-30de0ed7b3ea,5f8fb1a5-1fad-4e0f-962b-f5819b7735dc
67366ab5-4121-477e-a26c-d2501b464c4e,cf8dab7a-0979-4aa3-892e-63e00f61bcf7,e9debd69-a84d-40b9-82df-5929e6bd9c0d,->,67366ab5-4121-477e-a26c-d2501b464c4e,f42f031f-be83-4c45-92ca-5f879ba9ecb0,7d8754aa-441c-43cb-ba78-cf5c2c25024c
67366ab5-4121-477e-a26c-d2501b464c4e,cf8dab7a-0979-4aa3-892e-63e00f61bcf7,e9debd69-a84d-40b9-82df-5929e6bd9c0d,->,67366ab5-4121-477e-a26c-d2501b464c4e,java/util/LinkedList.java,size
67366ab5-4121-477e-a26c-d2501b464c4e,cf8dab7a-0979-4aa3-892e-63e00f61bcf7,e9debd69-a84d-40b9-82df-5929e6bd9c0d,->,67366ab5-4121-477e-a26c-d2501b464c4e,cf8dab7a-0979-4aa3-892e-63e00f61bcf7,aa230cec-7d57-42d9-a5c3-cee09ecb47e5
67366ab5-4121-477e-a26c-d2501b464c4e,cf8dab7a-0979-4aa3-892e-63e00f61bcf7,450d05f9-2c4b-4e99-b917-820145b8499b,->,67366ab5-4121-477e-a26c-d2501b464c4e,java/lang/StringBuilder.java,append
67366ab5-4121-477e-a26c-d2501b464c4e,cf8dab7a-0979-4aa3-892e-63e00f61bcf7,450d05f9-2c4b-4e99-b917-820145b8499b,->,67366ab5-4121-477e-a26c-d2501b464c4e,java/lang/StringBuilder.java,append
67366ab5-4121-477e-a26c-d2501b464c4e,cf8dab7a-0979-4aa3-892e-63e00f61bcf7,450d05f9-2c4b-4e99-b917-820145b8499b,->,67366ab5-4121-477e-a26c-d2501b464c4e,java/lang/StringBuilder.java,toString
67366ab5-4121-477e-a26c-d2501b464c4e,cf8dab7a-0979-4aa3-892e-63e00f61bcf7,450d05f9-2c4b-4e99-b917-820145b8499b,->,67366ab5-4121-477e-a26c-d2501b464c4e,java/io/PrintStream.java,println
67366ab5-4121-477e-a26c-d2501b464c4e,cf8dab7a-0979-4aa3-892e-63e00f61bcf7,450d05f9-2c4b-4e99-b917-820145b8499b,->,67366ab5-4121-477e-a26c-d2501b464c4e,cf8dab7a-0979-4aa3-892e-63e00f61bcf7,a1f66368-9aed-4b3b-876b-7046ed74c361
67366ab5-4121-477e-a26c-d2501b464c4e,cf8dab7a-0979-4aa3-892e-63e00f61bcf7,450d05f9-2c4b-4e99-b917-820145b8499b,->,67366ab5-4121-477e-a26c-d2501b464c4e,cf8dab7a-0979-4aa3-892e-63e00f61bcf7,9e9e284a-a347-4847-a0b2-3338a4df9763
67366ab5-4121-477e-a26c-d2501b464c4e,cf8dab7a-0979-4aa3-892e-63e00f61bcf7,cab2186e-6843-43ea-9f31-009d339ecc58,->,67366ab5-4121-477e-a26c-d2501b464c4e,java/util/LinkedList.java,size
67366ab5-4121-477e-a26c-d2501b464c4e,cf8dab7a-0979-4aa3-892e-63e00f61bcf7,cab2186e-6843-43ea-9f31-009d339ecc58,->,67366ab5-4121-477e-a26c-d2501b464c4e,java/util/LinkedList.java,getFirst
67366ab5-4121-477e-a26c-d2501b464c4e,cf8dab7a-0979-4aa3-892e-63e00f61bcf7,cab2186e-6843-43ea-9f31-009d339ecc58,->,67366ab5-4121-477e-a26c-d2501b464c4e,cf8dab7a-0979-4aa3-892e-63e00f61bcf7,3324d38a-f11c-4ee6-8a37-51623d48f882
67366ab5-4121-477e-a26c-d2501b464c4e,cf8dab7a-0979-4aa3-892e-63e00f61bcf7,b5920d5c-a8f6-4be1-9559-f54e3e18d051,->,67366ab5-4121-477e-a26c-d2501b464c4e,java/lang/Thread.java,currentThread
67366ab5-4121-477e-a26c-d2501b464c4e,cf8dab7a-0979-4aa3-892e-63e00f61bcf7,b5920d5c-a8f6-4be1-9559-f54e3e18d051,->,67366ab5-4121-477e-a26c-d2501b464c4e,java/lang/Thread.java,isInterrupted
67366ab5-4121-477e-a26c-d2501b464c4e,cf8dab7a-0979-4aa3-892e-63e00f61bcf7,b5920d5c-a8f6-4be1-9559-f54e3e18d051,->,67366ab5-4121-477e-a26c-d2501b464c4e,java/util/LinkedList.java,size
67366ab5-4121-477e-a26c-d2501b464c4e,cf8dab7a-0979-4aa3-892e-63e00f61bcf7,b5920d5c-a8f6-4be1-9559-f54e3e18d051,->,67366ab5-4121-477e-a26c-d2501b464c4e,java/lang/Thread.java,sleep
67366ab5-4121-477e-a26c-d2501b464c4e,cf8dab7a-0979-4aa3-892e-63e00f61bcf7,b5920d5c-a8f6-4be1-9559-f54e3e18d051,->,67366ab5-4121-477e-a26c-d2501b464c4e,java/lang/InterruptedException.java,printStackTrace
67366ab5-4121-477e-a26c-d2501b464c4e,cf8dab7a-0979-4aa3-892e-63e00f61bcf7,b5920d5c-a8f6-4be1-9559-f54e3e18d051,->,67366ab5-4121-477e-a26c-d2501b464c4e,java/util/LinkedList.java,size
67366ab5-4121-477e-a26c-d2501b464c4e,cf8dab7a-0979-4aa3-892e-63e00f61bcf7,b5920d5c-a8f6-4be1-9559-f54e3e18d051,->,67366ab5-4121-477e-a26c-d2501b464c4e,cf8dab7a-0979-4aa3-892e-63e00f61bcf7,cab2186e-6843-43ea-9f31-009d339ecc58
67366ab5-4121-477e-a26c-d2501b464c4e,cf8dab7a-0979-4aa3-892e-63e00f61bcf7,b5920d5c-a8f6-4be1-9559-f54e3e18d051,->,67366ab5-4121-477e-a26c-d2501b464c4e,cf8dab7a-0979-4aa3-892e-63e00f61bcf7,5781913c-ead1-4828-9723-5b03258c417f
67366ab5-4121-477e-a26c-d2501b464c4e,cf8dab7a-0979-4aa3-892e-63e00f61bcf7,b5920d5c-a8f6-4be1-9559-f54e3e18d051,->,67366ab5-4121-477e-a26c-d2501b464c4e,java/io/IOException.java,printStackTrace
67366ab5-4121-477e-a26c-d2501b464c4e,cf8dab7a-0979-4aa3-892e-63e00f61bcf7,b5920d5c-a8f6-4be1-9559-f54e3e18d051,->,67366ab5-4121-477e-a26c-d2501b464c4e,java/lang/Thread.java,sleep
67366ab5-4121-477e-a26c-d2501b464c4e,cf8dab7a-0979-4aa3-892e-63e00f61bcf7,b5920d5c-a8f6-4be1-9559-f54e3e18d051,->,67366ab5-4121-477e-a26c-d2501b464c4e,java/lang/InterruptedException.java,printStackTrace
67366ab5-4121-477e-a26c-d2501b464c4e,cf8dab7a-0979-4aa3-892e-63e00f61bcf7,5781913c-ead1-4828-9723-5b03258c417f,->,67366ab5-4121-477e-a26c-d2501b464c4e,java/lang/StringBuilder.java,append
67366ab5-4121-477e-a26c-d2501b464c4e,cf8dab7a-0979-4aa3-892e-63e00f61bcf7,5781913c-ead1-4828-9723-5b03258c417f,->,67366ab5-4121-477e-a26c-d2501b464c4e,06a97297-c23f-4588-a586-30de0ed7b3ea,5f8fb1a5-1fad-4e0f-962b-f5819b7735dc
67366ab5-4121-477e-a26c-d2501b464c4e,cf8dab7a-0979-4aa3-892e-63e00f61bcf7,5781913c-ead1-4828-9723-5b03258c417f,->,67366ab5-4121-477e-a26c-d2501b464c4e,java/lang/StringBuilder.java,append
67366ab5-4121-477e-a26c-d2501b464c4e,cf8dab7a-0979-4aa3-892e-63e00f61bcf7,5781913c-ead1-4828-9723-5b03258c417f,->,67366ab5-4121-477e-a26c-d2501b464c4e,java/lang/StringBuilder.java,toString
67366ab5-4121-477e-a26c-d2501b464c4e,cf8dab7a-0979-4aa3-892e-63e00f61bcf7,5781913c-ead1-4828-9723-5b03258c417f,->,67366ab5-4121-477e-a26c-d2501b464c4e,java/io/PrintStream.java,println
67366ab5-4121-477e-a26c-d2501b464c4e,cf8dab7a-0979-4aa3-892e-63e00f61bcf7,5781913c-ead1-4828-9723-5b03258c417f,->,67366ab5-4121-477e-a26c-d2501b464c4e,06a97297-c23f-4588-a586-30de0ed7b3ea,5f8fb1a5-1fad-4e0f-962b-f5819b7735dc
67366ab5-4121-477e-a26c-d2501b464c4e,cf8dab7a-0979-4aa3-892e-63e00f61bcf7,5781913c-ead1-4828-9723-5b03258c417f,->,67366ab5-4121-477e-a26c-d2501b464c4e,f42f031f-be83-4c45-92ca-5f879ba9ecb0,7d8754aa-441c-43cb-ba78-cf5c2c25024c
67366ab5-4121-477e-a26c-d2501b464c4e,cf8dab7a-0979-4aa3-892e-63e00f61bcf7,5781913c-ead1-4828-9723-5b03258c417f,->,67366ab5-4121-477e-a26c-d2501b464c4e,java/util/LinkedList.java,get
67366ab5-4121-477e-a26c-d2501b464c4e,cf8dab7a-0979-4aa3-892e-63e00f61bcf7,5781913c-ead1-4828-9723-5b03258c417f,->,67366ab5-4121-477e-a26c-d2501b464c4e,CommLayer/Messages/AvalancheMessages$Message$Location.java,getHost
67366ab5-4121-477e-a26c-d2501b464c4e,cf8dab7a-0979-4aa3-892e-63e00f61bcf7,5781913c-ead1-4828-9723-5b03258c417f,->,67366ab5-4121-477e-a26c-d2501b464c4e,CommLayer/Messages/AvalancheMessages$Message$Location.java,getPort
67366ab5-4121-477e-a26c-d2501b464c4e,cf8dab7a-0979-4aa3-892e-63e00f61bcf7,5781913c-ead1-4828-9723-5b03258c417f,->,67366ab5-4121-477e-a26c-d2501b464c4e,java/net/Socket.java,getOutputStream
67366ab5-4121-477e-a26c-d2501b464c4e,cf8dab7a-0979-4aa3-892e-63e00f61bcf7,5781913c-ead1-4828-9723-5b03258c417f,->,67366ab5-4121-477e-a26c-d2501b464c4e,06a97297-c23f-4588-a586-30de0ed7b3ea,4fef037a-f77b-4387-90d5-8697305f288e
67366ab5-4121-477e-a26c-d2501b464c4e,cf8dab7a-0979-4aa3-892e-63e00f61bcf7,5781913c-ead1-4828-9723-5b03258c417f,->,67366ab5-4121-477e-a26c-d2501b464c4e,06a97297-c23f-4588-a586-30de0ed7b3ea,5f8fb1a5-1fad-4e0f-962b-f5819b7735dc
67366ab5-4121-477e-a26c-d2501b464c4e,cf8dab7a-0979-4aa3-892e-63e00f61bcf7,5781913c-ead1-4828-9723-5b03258c417f,->,67366ab5-4121-477e-a26c-d2501b464c4e,CommLayer/Messages/AvalancheMessages$Message$Location.java,getHost
67366ab5-4121-477e-a26c-d2501b464c4e,cf8dab7a-0979-4aa3-892e-63e00f61bcf7,5781913c-ead1-4828-9723-5b03258c417f,->,67366ab5-4121-477e-a26c-d2501b464c4e,CommLayer/Messages/AvalancheMessages$Message$Location.java,getPort
67366ab5-4121-477e-a26c-d2501b464c4e,cf8dab7a-0979-4aa3-892e-63e00f61bcf7,5781913c-ead1-4828-9723-5b03258c417f,->,67366ab5-4121-477e-a26c-d2501b464c4e,2ad5ceba-170a-46b2-ab66-da5b1ce959ba,ee4c2309-6269-42fe-bfa1-39f64865732a
67366ab5-4121-477e-a26c-d2501b464c4e,cf8dab7a-0979-4aa3-892e-63e00f61bcf7,5781913c-ead1-4828-9723-5b03258c417f,->,67366ab5-4121-477e-a26c-d2501b464c4e,CommLayer/Messages/AvalancheMessages$Message$Builder.java,build
67366ab5-4121-477e-a26c-d2501b464c4e,cf8dab7a-0979-4aa3-892e-63e00f61bcf7,5781913c-ead1-4828-9723-5b03258c417f,->,67366ab5-4121-477e-a26c-d2501b464c4e,CommLayer/Messages/AvalancheMessages$Message.java,writeDelimitedTo
67366ab5-4121-477e-a26c-d2501b464c4e,cf8dab7a-0979-4aa3-892e-63e00f61bcf7,5781913c-ead1-4828-9723-5b03258c417f,->,67366ab5-4121-477e-a26c-d2501b464c4e,2ad5ceba-170a-46b2-ab66-da5b1ce959ba,699adf6d-a20a-415f-91ae-c27a9ba272d4
67366ab5-4121-477e-a26c-d2501b464c4e,cf8dab7a-0979-4aa3-892e-63e00f61bcf7,5781913c-ead1-4828-9723-5b03258c417f,->,67366ab5-4121-477e-a26c-d2501b464c4e,CommLayer/Messages/AvalancheMessages$Message$Builder.java,build
67366ab5-4121-477e-a26c-d2501b464c4e,cf8dab7a-0979-4aa3-892e-63e00f61bcf7,5781913c-ead1-4828-9723-5b03258c417f,->,67366ab5-4121-477e-a26c-d2501b464c4e,CommLayer/Messages/AvalancheMessages$Message.java,writeDelimitedTo
67366ab5-4121-477e-a26c-d2501b464c4e,f42f031f-be83-4c45-92ca-5f879ba9ecb0,f09adefc-4e45-4be7-9b6f-eed9baa34c80,->,67366ab5-4121-477e-a26c-d2501b464c4e,java/io/File.java,exists
67366ab5-4121-477e-a26c-d2501b464c4e,f42f031f-be83-4c45-92ca-5f879ba9ecb0,f09adefc-4e45-4be7-9b6f-eed9baa34c80,->,67366ab5-4121-477e-a26c-d2501b464c4e,java/io/ObjectInputStream.java,readObject
67366ab5-4121-477e-a26c-d2501b464c4e,f42f031f-be83-4c45-92ca-5f879ba9ecb0,f09adefc-4e45-4be7-9b6f-eed9baa34c80,->,67366ab5-4121-477e-a26c-d2501b464c4e,java/io/ObjectInputStream.java,readObject
67366ab5-4121-477e-a26c-d2501b464c4e,f42f031f-be83-4c45-92ca-5f879ba9ecb0,f09adefc-4e45-4be7-9b6f-eed9baa34c80,->,67366ab5-4121-477e-a26c-d2501b464c4e,java/io/FileNotFoundException.java,printStackTrace
67366ab5-4121-477e-a26c-d2501b464c4e,f42f031f-be83-4c45-92ca-5f879ba9ecb0,f09adefc-4e45-4be7-9b6f-eed9baa34c80,->,67366ab5-4121-477e-a26c-d2501b464c4e,java/lang/ClassNotFoundException.java,printStackTrace
67366ab5-4121-477e-a26c-d2501b464c4e,f42f031f-be83-4c45-92ca-5f879ba9ecb0,f09adefc-4e45-4be7-9b6f-eed9baa34c80,->,67366ab5-4121-477e-a26c-d2501b464c4e,java/io/IOException.java,printStackTrace
67366ab5-4121-477e-a26c-d2501b464c4e,f42f031f-be83-4c45-92ca-5f879ba9ecb0,46a7d789-a291-4560-996c-a37d63fd2009,->,67366ab5-4121-477e-a26c-d2501b464c4e,java/io/ObjectOutputStream.java,writeObject
67366ab5-4121-477e-a26c-d2501b464c4e,f42f031f-be83-4c45-92ca-5f879ba9ecb0,46a7d789-a291-4560-996c-a37d63fd2009,->,67366ab5-4121-477e-a26c-d2501b464c4e,java/io/ObjectOutputStream.java,writeObject
67366ab5-4121-477e-a26c-d2501b464c4e,f42f031f-be83-4c45-92ca-5f879ba9ecb0,46a7d789-a291-4560-996c-a37d63fd2009,->,67366ab5-4121-477e-a26c-d2501b464c4e,java/io/ObjectOutputStream.java,flush
67366ab5-4121-477e-a26c-d2501b464c4e,f42f031f-be83-4c45-92ca-5f879ba9ecb0,46a7d789-a291-4560-996c-a37d63fd2009,->,67366ab5-4121-477e-a26c-d2501b464c4e,java/io/ObjectOutputStream.java,close
67366ab5-4121-477e-a26c-d2501b464c4e,f42f031f-be83-4c45-92ca-5f879ba9ecb0,46a7d789-a291-4560-996c-a37d63fd2009,->,67366ab5-4121-477e-a26c-d2501b464c4e,java/io/IOException.java,printStackTrace
67366ab5-4121-477e-a26c-d2501b464c4e,f42f031f-be83-4c45-92ca-5f879ba9ecb0,c0c3631d-8eed-4341-91b7-48a7317a3d9a,->,67366ab5-4121-477e-a26c-d2501b464c4e,java/util/concurrent/ConcurrentHashMap.java,containsKey
67366ab5-4121-477e-a26c-d2501b464c4e,f42f031f-be83-4c45-92ca-5f879ba9ecb0,c0c3631d-8eed-4341-91b7-48a7317a3d9a,->,67366ab5-4121-477e-a26c-d2501b464c4e,java/util/concurrent/ConcurrentHashMap.java,containsKey
67366ab5-4121-477e-a26c-d2501b464c4e,f42f031f-be83-4c45-92ca-5f879ba9ecb0,c0c3631d-8eed-4341-91b7-48a7317a3d9a,->,67366ab5-4121-477e-a26c-d2501b464c4e,java/util/concurrent/ConcurrentHashMap.java,get
67366ab5-4121-477e-a26c-d2501b464c4e,f42f031f-be83-4c45-92ca-5f879ba9ecb0,c0c3631d-8eed-4341-91b7-48a7317a3d9a,->,67366ab5-4121-477e-a26c-d2501b464c4e,java/util/LinkedList.java,add
67366ab5-4121-477e-a26c-d2501b464c4e,f42f031f-be83-4c45-92ca-5f879ba9ecb0,c0c3631d-8eed-4341-91b7-48a7317a3d9a,->,67366ab5-4121-477e-a26c-d2501b464c4e,java/util/concurrent/ConcurrentHashMap.java,get
67366ab5-4121-477e-a26c-d2501b464c4e,f42f031f-be83-4c45-92ca-5f879ba9ecb0,c0c3631d-8eed-4341-91b7-48a7317a3d9a,->,67366ab5-4121-477e-a26c-d2501b464c4e,java/util/LinkedList.java,add
67366ab5-4121-477e-a26c-d2501b464c4e,f42f031f-be83-4c45-92ca-5f879ba9ecb0,c0c3631d-8eed-4341-91b7-48a7317a3d9a,->,67366ab5-4121-477e-a26c-d2501b464c4e,java/util/concurrent/ConcurrentHashMap.java,containsKey
67366ab5-4121-477e-a26c-d2501b464c4e,f42f031f-be83-4c45-92ca-5f879ba9ecb0,c0c3631d-8eed-4341-91b7-48a7317a3d9a,->,67366ab5-4121-477e-a26c-d2501b464c4e,java/util/concurrent/ConcurrentHashMap.java,containsKey
67366ab5-4121-477e-a26c-d2501b464c4e,f42f031f-be83-4c45-92ca-5f879ba9ecb0,c0c3631d-8eed-4341-91b7-48a7317a3d9a,->,67366ab5-4121-477e-a26c-d2501b464c4e,java/util/LinkedList.java,add
67366ab5-4121-477e-a26c-d2501b464c4e,f42f031f-be83-4c45-92ca-5f879ba9ecb0,c0c3631d-8eed-4341-91b7-48a7317a3d9a,->,67366ab5-4121-477e-a26c-d2501b464c4e,java/util/LinkedList.java,add
67366ab5-4121-477e-a26c-d2501b464c4e,f42f031f-be83-4c45-92ca-5f879ba9ecb0,c0c3631d-8eed-4341-91b7-48a7317a3d9a,->,67366ab5-4121-477e-a26c-d2501b464c4e,java/util/concurrent/ConcurrentHashMap.java,put
67366ab5-4121-477e-a26c-d2501b464c4e,f42f031f-be83-4c45-92ca-5f879ba9ecb0,c0c3631d-8eed-4341-91b7-48a7317a3d9a,->,67366ab5-4121-477e-a26c-d2501b464c4e,java/util/concurrent/ConcurrentHashMap.java,put
67366ab5-4121-477e-a26c-d2501b464c4e,f42f031f-be83-4c45-92ca-5f879ba9ecb0,c0c3631d-8eed-4341-91b7-48a7317a3d9a,->,67366ab5-4121-477e-a26c-d2501b464c4e,f42f031f-be83-4c45-92ca-5f879ba9ecb0,46a7d789-a291-4560-996c-a37d63fd2009
67366ab5-4121-477e-a26c-d2501b464c4e,f42f031f-be83-4c45-92ca-5f879ba9ecb0,7d8754aa-441c-43cb-ba78-cf5c2c25024c,->,67366ab5-4121-477e-a26c-d2501b464c4e,java/util/concurrent/ConcurrentHashMap.java,containsKey
67366ab5-4121-477e-a26c-d2501b464c4e,f42f031f-be83-4c45-92ca-5f879ba9ecb0,7d8754aa-441c-43cb-ba78-cf5c2c25024c,->,67366ab5-4121-477e-a26c-d2501b464c4e,java/util/concurrent/ConcurrentHashMap.java,get
67366ab5-4121-477e-a26c-d2501b464c4e,f42f031f-be83-4c45-92ca-5f879ba9ecb0,6dc563f1-8890-4f11-b102-e122b9a0922a,->,67366ab5-4121-477e-a26c-d2501b464c4e,java/util/concurrent/ConcurrentHashMap.java,containsKey
67366ab5-4121-477e-a26c-d2501b464c4e,f42f031f-be83-4c45-92ca-5f879ba9ecb0,6dc563f1-8890-4f11-b102-e122b9a0922a,->,67366ab5-4121-477e-a26c-d2501b464c4e,java/util/concurrent/ConcurrentHashMap.java,get
67366ab5-4121-477e-a26c-d2501b464c4e,880e5e06-c73e-4472-866b-a4a55df34ea8,5082a57f-9a5f-4323-886f-e709046a4903,->,67366ab5-4121-477e-a26c-d2501b464c4e,java/io/File.java,exists
67366ab5-4121-477e-a26c-d2501b464c4e,880e5e06-c73e-4472-866b-a4a55df34ea8,5082a57f-9a5f-4323-886f-e709046a4903,->,67366ab5-4121-477e-a26c-d2501b464c4e,java/io/ObjectInputStream.java,readObject
67366ab5-4121-477e-a26c-d2501b464c4e,880e5e06-c73e-4472-866b-a4a55df34ea8,5082a57f-9a5f-4323-886f-e709046a4903,->,67366ab5-4121-477e-a26c-d2501b464c4e,java/io/FileNotFoundException.java,printStackTrace
67366ab5-4121-477e-a26c-d2501b464c4e,880e5e06-c73e-4472-866b-a4a55df34ea8,5082a57f-9a5f-4323-886f-e709046a4903,->,67366ab5-4121-477e-a26c-d2501b464c4e,java/lang/ClassNotFoundException.java,printStackTrace
67366ab5-4121-477e-a26c-d2501b464c4e,880e5e06-c73e-4472-866b-a4a55df34ea8,5082a57f-9a5f-4323-886f-e709046a4903,->,67366ab5-4121-477e-a26c-d2501b464c4e,java/io/IOException.java,printStackTrace
67366ab5-4121-477e-a26c-d2501b464c4e,880e5e06-c73e-4472-866b-a4a55df34ea8,d0ed32be-1c79-420e-9501-d1443f055d12,->,67366ab5-4121-477e-a26c-d2501b464c4e,java/io/ObjectOutputStream.java,writeObject
67366ab5-4121-477e-a26c-d2501b464c4e,880e5e06-c73e-4472-866b-a4a55df34ea8,d0ed32be-1c79-420e-9501-d1443f055d12,->,67366ab5-4121-477e-a26c-d2501b464c4e,java/io/ObjectOutputStream.java,flush
67366ab5-4121-477e-a26c-d2501b464c4e,880e5e06-c73e-4472-866b-a4a55df34ea8,d0ed32be-1c79-420e-9501-d1443f055d12,->,67366ab5-4121-477e-a26c-d2501b464c4e,java/io/ObjectOutputStream.java,close
67366ab5-4121-477e-a26c-d2501b464c4e,880e5e06-c73e-4472-866b-a4a55df34ea8,d0ed32be-1c79-420e-9501-d1443f055d12,->,67366ab5-4121-477e-a26c-d2501b464c4e,java/io/IOException.java,printStackTrace
67366ab5-4121-477e-a26c-d2501b464c4e,880e5e06-c73e-4472-866b-a4a55df34ea8,ccb70811-8f8d-40d7-86f3-59809d036812,->,67366ab5-4121-477e-a26c-d2501b464c4e,java/nio/ByteBuffer.java,allocate
67366ab5-4121-477e-a26c-d2501b464c4e,880e5e06-c73e-4472-866b-a4a55df34ea8,ccb70811-8f8d-40d7-86f3-59809d036812,->,67366ab5-4121-477e-a26c-d2501b464c4e,java/nio/ByteBuffer.java,putInt
67366ab5-4121-477e-a26c-d2501b464c4e,880e5e06-c73e-4472-866b-a4a55df34ea8,ccb70811-8f8d-40d7-86f3-59809d036812,->,67366ab5-4121-477e-a26c-d2501b464c4e,java/nio/ByteBuffer.java,array
67366ab5-4121-477e-a26c-d2501b464c4e,880e5e06-c73e-4472-866b-a4a55df34ea8,ccb70811-8f8d-40d7-86f3-59809d036812,->,67366ab5-4121-477e-a26c-d2501b464c4e,java/util/HashMap.java,put
67366ab5-4121-477e-a26c-d2501b464c4e,880e5e06-c73e-4472-866b-a4a55df34ea8,ccb70811-8f8d-40d7-86f3-59809d036812,->,67366ab5-4121-477e-a26c-d2501b464c4e,880e5e06-c73e-4472-866b-a4a55df34ea8,d0ed32be-1c79-420e-9501-d1443f055d12
67366ab5-4121-477e-a26c-d2501b464c4e,880e5e06-c73e-4472-866b-a4a55df34ea8,91ca77fb-bfb2-4e73-a48b-3b8053f42e53,->,67366ab5-4121-477e-a26c-d2501b464c4e,java/util/HashMap.java,containsKey
67366ab5-4121-477e-a26c-d2501b464c4e,880e5e06-c73e-4472-866b-a4a55df34ea8,91ca77fb-bfb2-4e73-a48b-3b8053f42e53,->,67366ab5-4121-477e-a26c-d2501b464c4e,880e5e06-c73e-4472-866b-a4a55df34ea8,ccb70811-8f8d-40d7-86f3-59809d036812
67366ab5-4121-477e-a26c-d2501b464c4e,880e5e06-c73e-4472-866b-a4a55df34ea8,91ca77fb-bfb2-4e73-a48b-3b8053f42e53,->,67366ab5-4121-477e-a26c-d2501b464c4e,org/iq80/leveldb/DB.java,createWriteBatch
67366ab5-4121-477e-a26c-d2501b464c4e,880e5e06-c73e-4472-866b-a4a55df34ea8,91ca77fb-bfb2-4e73-a48b-3b8053f42e53,->,67366ab5-4121-477e-a26c-d2501b464c4e,880e5e06-c73e-4472-866b-a4a55df34ea8,f9fd628e-b444-4991-a8e5-52288b339fc1
67366ab5-4121-477e-a26c-d2501b464c4e,880e5e06-c73e-4472-866b-a4a55df34ea8,91ca77fb-bfb2-4e73-a48b-3b8053f42e53,->,67366ab5-4121-477e-a26c-d2501b464c4e,java/util/List.java,size
67366ab5-4121-477e-a26c-d2501b464c4e,880e5e06-c73e-4472-866b-a4a55df34ea8,91ca77fb-bfb2-4e73-a48b-3b8053f42e53,->,67366ab5-4121-477e-a26c-d2501b464c4e,java/lang/String.java,valueOf
67366ab5-4121-477e-a26c-d2501b464c4e,880e5e06-c73e-4472-866b-a4a55df34ea8,91ca77fb-bfb2-4e73-a48b-3b8053f42e53,->,67366ab5-4121-477e-a26c-d2501b464c4e,java/lang/String.java,getBytes
67366ab5-4121-477e-a26c-d2501b464c4e,880e5e06-c73e-4472-866b-a4a55df34ea8,91ca77fb-bfb2-4e73-a48b-3b8053f42e53,->,67366ab5-4121-477e-a26c-d2501b464c4e,org/iq80/leveldb/WriteBatch.java,put
67366ab5-4121-477e-a26c-d2501b464c4e,880e5e06-c73e-4472-866b-a4a55df34ea8,91ca77fb-bfb2-4e73-a48b-3b8053f42e53,->,67366ab5-4121-477e-a26c-d2501b464c4e,java/util/List.java,iterator
67366ab5-4121-477e-a26c-d2501b464c4e,880e5e06-c73e-4472-866b-a4a55df34ea8,91ca77fb-bfb2-4e73-a48b-3b8053f42e53,->,67366ab5-4121-477e-a26c-d2501b464c4e,java/util/Iterator.java,hasNext
67366ab5-4121-477e-a26c-d2501b464c4e,880e5e06-c73e-4472-866b-a4a55df34ea8,91ca77fb-bfb2-4e73-a48b-3b8053f42e53,->,67366ab5-4121-477e-a26c-d2501b464c4e,java/util/Iterator.java,next
67366ab5-4121-477e-a26c-d2501b464c4e,880e5e06-c73e-4472-866b-a4a55df34ea8,91ca77fb-bfb2-4e73-a48b-3b8053f42e53,->,67366ab5-4121-477e-a26c-d2501b464c4e,CommLayer/Messages/AvalancheMessages$Message$DataPair.java,getKey
67366ab5-4121-477e-a26c-d2501b464c4e,880e5e06-c73e-4472-866b-a4a55df34ea8,91ca77fb-bfb2-4e73-a48b-3b8053f42e53,->,67366ab5-4121-477e-a26c-d2501b464c4e,880e5e06-c73e-4472-866b-a4a55df34ea8,f9fd628e-b444-4991-a8e5-52288b339fc1
67366ab5-4121-477e-a26c-d2501b464c4e,880e5e06-c73e-4472-866b-a4a55df34ea8,91ca77fb-bfb2-4e73-a48b-3b8053f42e53,->,67366ab5-4121-477e-a26c-d2501b464c4e,CommLayer/Messages/AvalancheMessages$Message$DataPair.java,getValue
67366ab5-4121-477e-a26c-d2501b464c4e,880e5e06-c73e-4472-866b-a4a55df34ea8,91ca77fb-bfb2-4e73-a48b-3b8053f42e53,->,67366ab5-4121-477e-a26c-d2501b464c4e,java/lang/String.java,getBytes
67366ab5-4121-477e-a26c-d2501b464c4e,880e5e06-c73e-4472-866b-a4a55df34ea8,91ca77fb-bfb2-4e73-a48b-3b8053f42e53,->,67366ab5-4121-477e-a26c-d2501b464c4e,org/iq80/leveldb/WriteBatch.java,put
67366ab5-4121-477e-a26c-d2501b464c4e,880e5e06-c73e-4472-866b-a4a55df34ea8,91ca77fb-bfb2-4e73-a48b-3b8053f42e53,->,67366ab5-4121-477e-a26c-d2501b464c4e,java/util/List.java,iterator
67366ab5-4121-477e-a26c-d2501b464c4e,880e5e06-c73e-4472-866b-a4a55df34ea8,91ca77fb-bfb2-4e73-a48b-3b8053f42e53,->,67366ab5-4121-477e-a26c-d2501b464c4e,java/util/Iterator.java,hasNext
67366ab5-4121-477e-a26c-d2501b464c4e,880e5e06-c73e-4472-866b-a4a55df34ea8,91ca77fb-bfb2-4e73-a48b-3b8053f42e53,->,67366ab5-4121-477e-a26c-d2501b464c4e,java/util/Iterator.java,next
67366ab5-4121-477e-a26c-d2501b464c4e,880e5e06-c73e-4472-866b-a4a55df34ea8,91ca77fb-bfb2-4e73-a48b-3b8053f42e53,->,67366ab5-4121-477e-a26c-d2501b464c4e,CommLayer/Messages/AvalancheMessages$Message$DataPair.java,getKey
67366ab5-4121-477e-a26c-d2501b464c4e,880e5e06-c73e-4472-866b-a4a55df34ea8,91ca77fb-bfb2-4e73-a48b-3b8053f42e53,->,67366ab5-4121-477e-a26c-d2501b464c4e,880e5e06-c73e-4472-866b-a4a55df34ea8,f9fd628e-b444-4991-a8e5-52288b339fc1
67366ab5-4121-477e-a26c-d2501b464c4e,880e5e06-c73e-4472-866b-a4a55df34ea8,91ca77fb-bfb2-4e73-a48b-3b8053f42e53,->,67366ab5-4121-477e-a26c-d2501b464c4e,CommLayer/Messages/AvalancheMessages$Message$DataPair.java,getValue
67366ab5-4121-477e-a26c-d2501b464c4e,880e5e06-c73e-4472-866b-a4a55df34ea8,91ca77fb-bfb2-4e73-a48b-3b8053f42e53,->,67366ab5-4121-477e-a26c-d2501b464c4e,java/lang/String.java,getBytes
67366ab5-4121-477e-a26c-d2501b464c4e,880e5e06-c73e-4472-866b-a4a55df34ea8,91ca77fb-bfb2-4e73-a48b-3b8053f42e53,->,67366ab5-4121-477e-a26c-d2501b464c4e,org/iq80/leveldb/WriteBatch.java,put
67366ab5-4121-477e-a26c-d2501b464c4e,880e5e06-c73e-4472-866b-a4a55df34ea8,91ca77fb-bfb2-4e73-a48b-3b8053f42e53,->,67366ab5-4121-477e-a26c-d2501b464c4e,org/iq80/leveldb/DB.java,write
67366ab5-4121-477e-a26c-d2501b464c4e,880e5e06-c73e-4472-866b-a4a55df34ea8,91ca77fb-bfb2-4e73-a48b-3b8053f42e53,->,67366ab5-4121-477e-a26c-d2501b464c4e,org/iq80/leveldb/WriteBatch.java,close
67366ab5-4121-477e-a26c-d2501b464c4e,880e5e06-c73e-4472-866b-a4a55df34ea8,91ca77fb-bfb2-4e73-a48b-3b8053f42e53,->,67366ab5-4121-477e-a26c-d2501b464c4e,java/io/IOException.java,printStackTrace
67366ab5-4121-477e-a26c-d2501b464c4e,880e5e06-c73e-4472-866b-a4a55df34ea8,ad299345-c146-41f8-9558-a088a34d412a,->,67366ab5-4121-477e-a26c-d2501b464c4e,java/util/HashMap.java,containsKey
67366ab5-4121-477e-a26c-d2501b464c4e,880e5e06-c73e-4472-866b-a4a55df34ea8,ad299345-c146-41f8-9558-a088a34d412a,->,67366ab5-4121-477e-a26c-d2501b464c4e,org/iq80/leveldb/DB.java,iterator
67366ab5-4121-477e-a26c-d2501b464c4e,880e5e06-c73e-4472-866b-a4a55df34ea8,ad299345-c146-41f8-9558-a088a34d412a,->,67366ab5-4121-477e-a26c-d2501b464c4e,java/util/HashMap.java,get
67366ab5-4121-477e-a26c-d2501b464c4e,880e5e06-c73e-4472-866b-a4a55df34ea8,ad299345-c146-41f8-9558-a088a34d412a,->,67366ab5-4121-477e-a26c-d2501b464c4e,org/iq80/leveldb/DBIterator.java,seek
67366ab5-4121-477e-a26c-d2501b464c4e,880e5e06-c73e-4472-866b-a4a55df34ea8,ad299345-c146-41f8-9558-a088a34d412a,->,67366ab5-4121-477e-a26c-d2501b464c4e,org/iq80/leveldb/DBIterator.java,hasNext
67366ab5-4121-477e-a26c-d2501b464c4e,880e5e06-c73e-4472-866b-a4a55df34ea8,ad299345-c146-41f8-9558-a088a34d412a,->,67366ab5-4121-477e-a26c-d2501b464c4e,org/iq80/leveldb/DBIterator.java,peekNext
67366ab5-4121-477e-a26c-d2501b464c4e,880e5e06-c73e-4472-866b-a4a55df34ea8,ad299345-c146-41f8-9558-a088a34d412a,->,67366ab5-4121-477e-a26c-d2501b464c4e,java/util/Map$Entry.java,getKey
67366ab5-4121-477e-a26c-d2501b464c4e,880e5e06-c73e-4472-866b-a4a55df34ea8,ad299345-c146-41f8-9558-a088a34d412a,->,67366ab5-4121-477e-a26c-d2501b464c4e,880e5e06-c73e-4472-866b-a4a55df34ea8,fbc9f96d-80f0-4079-9721-6b0de8968426
67366ab5-4121-477e-a26c-d2501b464c4e,880e5e06-c73e-4472-866b-a4a55df34ea8,ad299345-c146-41f8-9558-a088a34d412a,->,67366ab5-4121-477e-a26c-d2501b464c4e,org/iq80/leveldb/DBIterator.java,peekNext
67366ab5-4121-477e-a26c-d2501b464c4e,880e5e06-c73e-4472-866b-a4a55df34ea8,ad299345-c146-41f8-9558-a088a34d412a,->,67366ab5-4121-477e-a26c-d2501b464c4e,java/util/Map$Entry.java,getKey
67366ab5-4121-477e-a26c-d2501b464c4e,880e5e06-c73e-4472-866b-a4a55df34ea8,ad299345-c146-41f8-9558-a088a34d412a,->,67366ab5-4121-477e-a26c-d2501b464c4e,880e5e06-c73e-4472-866b-a4a55df34ea8,cce82e15-5460-4cfa-a58f-00b5752f12b1
67366ab5-4121-477e-a26c-d2501b464c4e,880e5e06-c73e-4472-866b-a4a55df34ea8,ad299345-c146-41f8-9558-a088a34d412a,->,67366ab5-4121-477e-a26c-d2501b464c4e,java/lang/String.java,equals
67366ab5-4121-477e-a26c-d2501b464c4e,880e5e06-c73e-4472-866b-a4a55df34ea8,ad299345-c146-41f8-9558-a088a34d412a,->,67366ab5-4121-477e-a26c-d2501b464c4e,java/util/Map$Entry.java,getValue
67366ab5-4121-477e-a26c-d2501b464c4e,880e5e06-c73e-4472-866b-a4a55df34ea8,ad299345-c146-41f8-9558-a088a34d412a,->,67366ab5-4121-477e-a26c-d2501b464c4e,java/lang/Integer.java,parseInt
67366ab5-4121-477e-a26c-d2501b464c4e,880e5e06-c73e-4472-866b-a4a55df34ea8,ad299345-c146-41f8-9558-a088a34d412a,->,67366ab5-4121-477e-a26c-d2501b464c4e,CommLayer/Messages/AvalancheMessages$Message$DataPair.java,newBuilder
67366ab5-4121-477e-a26c-d2501b464c4e,880e5e06-c73e-4472-866b-a4a55df34ea8,ad299345-c146-41f8-9558-a088a34d412a,->,67366ab5-4121-477e-a26c-d2501b464c4e,CommLayer/Messages/AvalancheMessages$Message$DataPair$Builder.java,setKey
67366ab5-4121-477e-a26c-d2501b464c4e,880e5e06-c73e-4472-866b-a4a55df34ea8,ad299345-c146-41f8-9558-a088a34d412a,->,67366ab5-4121-477e-a26c-d2501b464c4e,java/util/Map$Entry.java,getValue
67366ab5-4121-477e-a26c-d2501b464c4e,880e5e06-c73e-4472-866b-a4a55df34ea8,ad299345-c146-41f8-9558-a088a34d412a,->,67366ab5-4121-477e-a26c-d2501b464c4e,CommLayer/Messages/AvalancheMessages$Message$DataPair$Builder.java,setValue
67366ab5-4121-477e-a26c-d2501b464c4e,880e5e06-c73e-4472-866b-a4a55df34ea8,ad299345-c146-41f8-9558-a088a34d412a,->,67366ab5-4121-477e-a26c-d2501b464c4e,CommLayer/Messages/AvalancheMessages$Message$DataHandlerMessage$MetaData$Builder.java,addDataPair
67366ab5-4121-477e-a26c-d2501b464c4e,880e5e06-c73e-4472-866b-a4a55df34ea8,ad299345-c146-41f8-9558-a088a34d412a,->,67366ab5-4121-477e-a26c-d2501b464c4e,org/iq80/leveldb/DBIterator.java,next
67366ab5-4121-477e-a26c-d2501b464c4e,880e5e06-c73e-4472-866b-a4a55df34ea8,ad299345-c146-41f8-9558-a088a34d412a,->,67366ab5-4121-477e-a26c-d2501b464c4e,org/iq80/leveldb/DBIterator.java,prev
67366ab5-4121-477e-a26c-d2501b464c4e,880e5e06-c73e-4472-866b-a4a55df34ea8,ad299345-c146-41f8-9558-a088a34d412a,->,67366ab5-4121-477e-a26c-d2501b464c4e,org/iq80/leveldb/DBIterator.java,hasNext
67366ab5-4121-477e-a26c-d2501b464c4e,880e5e06-c73e-4472-866b-a4a55df34ea8,ad299345-c146-41f8-9558-a088a34d412a,->,67366ab5-4121-477e-a26c-d2501b464c4e,org/iq80/leveldb/DBIterator.java,next
67366ab5-4121-477e-a26c-d2501b464c4e,880e5e06-c73e-4472-866b-a4a55df34ea8,ad299345-c146-41f8-9558-a088a34d412a,->,67366ab5-4121-477e-a26c-d2501b464c4e,org/iq80/leveldb/DBIterator.java,next
67366ab5-4121-477e-a26c-d2501b464c4e,880e5e06-c73e-4472-866b-a4a55df34ea8,ad299345-c146-41f8-9558-a088a34d412a,->,67366ab5-4121-477e-a26c-d2501b464c4e,CommLayer/Messages/AvalancheMessages$Message$DataPair.java,newBuilder
67366ab5-4121-477e-a26c-d2501b464c4e,880e5e06-c73e-4472-866b-a4a55df34ea8,ad299345-c146-41f8-9558-a088a34d412a,->,67366ab5-4121-477e-a26c-d2501b464c4e,org/iq80/leveldb/DBIterator.java,peekNext
67366ab5-4121-477e-a26c-d2501b464c4e,880e5e06-c73e-4472-866b-a4a55df34ea8,ad299345-c146-41f8-9558-a088a34d412a,->,67366ab5-4121-477e-a26c-d2501b464c4e,java/util/Map$Entry.java,getValue
67366ab5-4121-477e-a26c-d2501b464c4e,880e5e06-c73e-4472-866b-a4a55df34ea8,ad299345-c146-41f8-9558-a088a34d412a,->,67366ab5-4121-477e-a26c-d2501b464c4e,CommLayer/Messages/AvalancheMessages$Message$DataPair$Builder.java,setValue
67366ab5-4121-477e-a26c-d2501b464c4e,880e5e06-c73e-4472-866b-a4a55df34ea8,ad299345-c146-41f8-9558-a088a34d412a,->,67366ab5-4121-477e-a26c-d2501b464c4e,org/iq80/leveldb/DBIterator.java,peekNext
67366ab5-4121-477e-a26c-d2501b464c4e,880e5e06-c73e-4472-866b-a4a55df34ea8,ad299345-c146-41f8-9558-a088a34d412a,->,67366ab5-4121-477e-a26c-d2501b464c4e,java/util/Map$Entry.java,getKey
67366ab5-4121-477e-a26c-d2501b464c4e,880e5e06-c73e-4472-866b-a4a55df34ea8,ad299345-c146-41f8-9558-a088a34d412a,->,67366ab5-4121-477e-a26c-d2501b464c4e,880e5e06-c73e-4472-866b-a4a55df34ea8,cce82e15-5460-4cfa-a58f-00b5752f12b1
67366ab5-4121-477e-a26c-d2501b464c4e,880e5e06-c73e-4472-866b-a4a55df34ea8,ad299345-c146-41f8-9558-a088a34d412a,->,67366ab5-4121-477e-a26c-d2501b464c4e,CommLayer/Messages/AvalancheMessages$Message$DataPair$Builder.java,setKey
67366ab5-4121-477e-a26c-d2501b464c4e,880e5e06-c73e-4472-866b-a4a55df34ea8,ad299345-c146-41f8-9558-a088a34d412a,->,67366ab5-4121-477e-a26c-d2501b464c4e,CommLayer/Messages/AvalancheMessages$Message$DataPair$Builder.java,build
67366ab5-4121-477e-a26c-d2501b464c4e,880e5e06-c73e-4472-866b-a4a55df34ea8,ad299345-c146-41f8-9558-a088a34d412a,->,67366ab5-4121-477e-a26c-d2501b464c4e,java/util/List.java,add
67366ab5-4121-477e-a26c-d2501b464c4e,880e5e06-c73e-4472-866b-a4a55df34ea8,ad299345-c146-41f8-9558-a088a34d412a,->,67366ab5-4121-477e-a26c-d2501b464c4e,org/iq80/leveldb/DBIterator.java,next
67366ab5-4121-477e-a26c-d2501b464c4e,880e5e06-c73e-4472-866b-a4a55df34ea8,ad299345-c146-41f8-9558-a088a34d412a,->,67366ab5-4121-477e-a26c-d2501b464c4e,org/iq80/leveldb/DBIterator.java,close
67366ab5-4121-477e-a26c-d2501b464c4e,880e5e06-c73e-4472-866b-a4a55df34ea8,ad299345-c146-41f8-9558-a088a34d412a,->,67366ab5-4121-477e-a26c-d2501b464c4e,java/io/IOException.java,printStackTrace
67366ab5-4121-477e-a26c-d2501b464c4e,880e5e06-c73e-4472-866b-a4a55df34ea8,f9fd628e-b444-4991-a8e5-52288b339fc1,->,67366ab5-4121-477e-a26c-d2501b464c4e,java/util/HashMap.java,get
67366ab5-4121-477e-a26c-d2501b464c4e,880e5e06-c73e-4472-866b-a4a55df34ea8,f9fd628e-b444-4991-a8e5-52288b339fc1,->,67366ab5-4121-477e-a26c-d2501b464c4e,org/apache/commons/lang/ArrayUtils.java,add
67366ab5-4121-477e-a26c-d2501b464c4e,880e5e06-c73e-4472-866b-a4a55df34ea8,f9fd628e-b444-4991-a8e5-52288b339fc1,->,67366ab5-4121-477e-a26c-d2501b464c4e,java/lang/String.java,getBytes
67366ab5-4121-477e-a26c-d2501b464c4e,880e5e06-c73e-4472-866b-a4a55df34ea8,f9fd628e-b444-4991-a8e5-52288b339fc1,->,67366ab5-4121-477e-a26c-d2501b464c4e,org/apache/commons/lang/ArrayUtils.java,addAll
67366ab5-4121-477e-a26c-d2501b464c4e,880e5e06-c73e-4472-866b-a4a55df34ea8,cce82e15-5460-4cfa-a58f-00b5752f12b1,->,67366ab5-4121-477e-a26c-d2501b464c4e,java/util/HashMap.java,get
67366ab5-4121-477e-a26c-d2501b464c4e,880e5e06-c73e-4472-866b-a4a55df34ea8,cce82e15-5460-4cfa-a58f-00b5752f12b1,->,67366ab5-4121-477e-a26c-d2501b464c4e,java/util/Arrays.java,copyOfRange
67366ab5-4121-477e-a26c-d2501b464c4e,06a97297-c23f-4588-a586-30de0ed7b3ea,d22e1437-3b5e-42da-88da-fc04f9135d08,->,67366ab5-4121-477e-a26c-d2501b464c4e,06a97297-c23f-4588-a586-30de0ed7b3ea,5f8fb1a5-1fad-4e0f-962b-f5819b7735dc
67366ab5-4121-477e-a26c-d2501b464c4e,06a97297-c23f-4588-a586-30de0ed7b3ea,d22e1437-3b5e-42da-88da-fc04f9135d08,->,67366ab5-4121-477e-a26c-d2501b464c4e,java/lang/String.java,equals
67366ab5-4121-477e-a26c-d2501b464c4e,06a97297-c23f-4588-a586-30de0ed7b3ea,d22e1437-3b5e-42da-88da-fc04f9135d08,->,67366ab5-4121-477e-a26c-d2501b464c4e,06a97297-c23f-4588-a586-30de0ed7b3ea,4fef037a-f77b-4387-90d5-8697305f288e
67366ab5-4121-477e-a26c-d2501b464c4e,06a97297-c23f-4588-a586-30de0ed7b3ea,d22e1437-3b5e-42da-88da-fc04f9135d08,->,67366ab5-4121-477e-a26c-d2501b464c4e,CommLayer/Messages/AvalancheMessages$Message$Location.java,equals
67366ab5-4121-477e-a26c-d2501b464c4e,06a97297-c23f-4588-a586-30de0ed7b3ea,fadf067e-9e4c-4321-9733-31748bab22ec,->,67366ab5-4121-477e-a26c-d2501b464c4e,06a97297-c23f-4588-a586-30de0ed7b3ea,01bdf6e1-23ca-4718-bd9f-db2715b1826d
67366ab5-4121-477e-a26c-d2501b464c4e,06a97297-c23f-4588-a586-30de0ed7b3ea,fadf067e-9e4c-4321-9733-31748bab22ec,->,67366ab5-4121-477e-a26c-d2501b464c4e,java/lang/String.java,hashCode
67366ab5-4121-477e-a26c-d2501b464c4e,06a97297-c23f-4588-a586-30de0ed7b3ea,01bdf6e1-23ca-4718-bd9f-db2715b1826d,->,67366ab5-4121-477e-a26c-d2501b464c4e,java/lang/StringBuilder.java,append
67366ab5-4121-477e-a26c-d2501b464c4e,06a97297-c23f-4588-a586-30de0ed7b3ea,01bdf6e1-23ca-4718-bd9f-db2715b1826d,->,67366ab5-4121-477e-a26c-d2501b464c4e,java/lang/StringBuilder.java,append
67366ab5-4121-477e-a26c-d2501b464c4e,06a97297-c23f-4588-a586-30de0ed7b3ea,01bdf6e1-23ca-4718-bd9f-db2715b1826d,->,67366ab5-4121-477e-a26c-d2501b464c4e,java/lang/StringBuilder.java,append
67366ab5-4121-477e-a26c-d2501b464c4e,06a97297-c23f-4588-a586-30de0ed7b3ea,01bdf6e1-23ca-4718-bd9f-db2715b1826d,->,67366ab5-4121-477e-a26c-d2501b464c4e,CommLayer/Messages/AvalancheMessages$Message$Location.java,getHost
67366ab5-4121-477e-a26c-d2501b464c4e,06a97297-c23f-4588-a586-30de0ed7b3ea,01bdf6e1-23ca-4718-bd9f-db2715b1826d,->,67366ab5-4121-477e-a26c-d2501b464c4e,java/lang/StringBuilder.java,append
67366ab5-4121-477e-a26c-d2501b464c4e,06a97297-c23f-4588-a586-30de0ed7b3ea,01bdf6e1-23ca-4718-bd9f-db2715b1826d,->,67366ab5-4121-477e-a26c-d2501b464c4e,java/lang/StringBuilder.java,append
67366ab5-4121-477e-a26c-d2501b464c4e,06a97297-c23f-4588-a586-30de0ed7b3ea,01bdf6e1-23ca-4718-bd9f-db2715b1826d,->,67366ab5-4121-477e-a26c-d2501b464c4e,CommLayer/Messages/AvalancheMessages$Message$Location.java,getPort
67366ab5-4121-477e-a26c-d2501b464c4e,06a97297-c23f-4588-a586-30de0ed7b3ea,01bdf6e1-23ca-4718-bd9f-db2715b1826d,->,67366ab5-4121-477e-a26c-d2501b464c4e,java/lang/StringBuilder.java,append
67366ab5-4121-477e-a26c-d2501b464c4e,06a97297-c23f-4588-a586-30de0ed7b3ea,01bdf6e1-23ca-4718-bd9f-db2715b1826d,->,67366ab5-4121-477e-a26c-d2501b464c4e,java/lang/StringBuilder.java,toString
67366ab5-4121-477e-a26c-d2501b464c4e,SchedLayer/Centre/GlobalStatus.java,values,->,67366ab5-4121-477e-a26c-d2501b464c4e,SchedLayer/Centre/GlobalStatus.java,clone
67366ab5-4121-477e-a26c-d2501b464c4e,SchedLayer/Centre/GlobalStatus.java,valueOf,->,67366ab5-4121-477e-a26c-d2501b464c4e,java/lang/Enum.java,valueOf
67366ab5-4121-477e-a26c-d2501b464c4e,30fcc130-4611-4fde-bb12-fc166f81ce60,103de276-fa1e-4faa-bd37-04b4d6e2eb36,->,67366ab5-4121-477e-a26c-d2501b464c4e,2ad5ceba-170a-46b2-ab66-da5b1ce959ba,b6e743a5-d90f-466e-8bc8-e39adfb690e0
67366ab5-4121-477e-a26c-d2501b464c4e,30fcc130-4611-4fde-bb12-fc166f81ce60,103de276-fa1e-4faa-bd37-04b4d6e2eb36,->,67366ab5-4121-477e-a26c-d2501b464c4e,java/lang/StringBuilder.java,append
67366ab5-4121-477e-a26c-d2501b464c4e,30fcc130-4611-4fde-bb12-fc166f81ce60,103de276-fa1e-4faa-bd37-04b4d6e2eb36,->,67366ab5-4121-477e-a26c-d2501b464c4e,CommLayer/Messages/AvalancheMessages$Message.java,getMessageType
67366ab5-4121-477e-a26c-d2501b464c4e,30fcc130-4611-4fde-bb12-fc166f81ce60,103de276-fa1e-4faa-bd37-04b4d6e2eb36,->,67366ab5-4121-477e-a26c-d2501b464c4e,java/lang/StringBuilder.java,append
67366ab5-4121-477e-a26c-d2501b464c4e,30fcc130-4611-4fde-bb12-fc166f81ce60,103de276-fa1e-4faa-bd37-04b4d6e2eb36,->,67366ab5-4121-477e-a26c-d2501b464c4e,java/lang/StringBuilder.java,toString
67366ab5-4121-477e-a26c-d2501b464c4e,30fcc130-4611-4fde-bb12-fc166f81ce60,103de276-fa1e-4faa-bd37-04b4d6e2eb36,->,67366ab5-4121-477e-a26c-d2501b464c4e,java/io/PrintStream.java,println
67366ab5-4121-477e-a26c-d2501b464c4e,30fcc130-4611-4fde-bb12-fc166f81ce60,103de276-fa1e-4faa-bd37-04b4d6e2eb36,->,67366ab5-4121-477e-a26c-d2501b464c4e,java/io/PrintStream.java,println
67366ab5-4121-477e-a26c-d2501b464c4e,30fcc130-4611-4fde-bb12-fc166f81ce60,103de276-fa1e-4faa-bd37-04b4d6e2eb36,->,67366ab5-4121-477e-a26c-d2501b464c4e,CommLayer/Messages/AvalancheMessages$Message.java,getTopologyMessage
67366ab5-4121-477e-a26c-d2501b464c4e,30fcc130-4611-4fde-bb12-fc166f81ce60,103de276-fa1e-4faa-bd37-04b4d6e2eb36,->,67366ab5-4121-477e-a26c-d2501b464c4e,daf0c716-fbf2-47ab-8286-da104316e3a1,99ff296e-a0c9-4e86-8a76-f8bda35893da
67366ab5-4121-477e-a26c-d2501b464c4e,30fcc130-4611-4fde-bb12-fc166f81ce60,103de276-fa1e-4faa-bd37-04b4d6e2eb36,->,67366ab5-4121-477e-a26c-d2501b464c4e,ea8d4be9-28d8-4e22-9f16-0bd01e0de410,1e9544bc-b1d1-4bcf-8c31-4dc8a9e1dd52
67366ab5-4121-477e-a26c-d2501b464c4e,30fcc130-4611-4fde-bb12-fc166f81ce60,103de276-fa1e-4faa-bd37-04b4d6e2eb36,->,67366ab5-4121-477e-a26c-d2501b464c4e,2ad5ceba-170a-46b2-ab66-da5b1ce959ba,b6e743a5-d90f-466e-8bc8-e39adfb690e0
67366ab5-4121-477e-a26c-d2501b464c4e,30fcc130-4611-4fde-bb12-fc166f81ce60,103de276-fa1e-4faa-bd37-04b4d6e2eb36,->,67366ab5-4121-477e-a26c-d2501b464c4e,java/lang/StringBuilder.java,append
67366ab5-4121-477e-a26c-d2501b464c4e,30fcc130-4611-4fde-bb12-fc166f81ce60,103de276-fa1e-4faa-bd37-04b4d6e2eb36,->,67366ab5-4121-477e-a26c-d2501b464c4e,CommLayer/Messages/AvalancheMessages$Message.java,getMessageType
67366ab5-4121-477e-a26c-d2501b464c4e,30fcc130-4611-4fde-bb12-fc166f81ce60,103de276-fa1e-4faa-bd37-04b4d6e2eb36,->,67366ab5-4121-477e-a26c-d2501b464c4e,java/lang/StringBuilder.java,append
67366ab5-4121-477e-a26c-d2501b464c4e,30fcc130-4611-4fde-bb12-fc166f81ce60,103de276-fa1e-4faa-bd37-04b4d6e2eb36,->,67366ab5-4121-477e-a26c-d2501b464c4e,java/lang/StringBuilder.java,toString
67366ab5-4121-477e-a26c-d2501b464c4e,30fcc130-4611-4fde-bb12-fc166f81ce60,103de276-fa1e-4faa-bd37-04b4d6e2eb36,->,67366ab5-4121-477e-a26c-d2501b464c4e,java/io/PrintStream.java,println
67366ab5-4121-477e-a26c-d2501b464c4e,30fcc130-4611-4fde-bb12-fc166f81ce60,103de276-fa1e-4faa-bd37-04b4d6e2eb36,->,67366ab5-4121-477e-a26c-d2501b464c4e,java/lang/StringBuilder.java,append
67366ab5-4121-477e-a26c-d2501b464c4e,30fcc130-4611-4fde-bb12-fc166f81ce60,103de276-fa1e-4faa-bd37-04b4d6e2eb36,->,67366ab5-4121-477e-a26c-d2501b464c4e,CommLayer/Messages/AvalancheMessages$Message.java,getTaskStatusMessage
67366ab5-4121-477e-a26c-d2501b464c4e,30fcc130-4611-4fde-bb12-fc166f81ce60,103de276-fa1e-4faa-bd37-04b4d6e2eb36,->,67366ab5-4121-477e-a26c-d2501b464c4e,CommLayer/Messages/AvalancheMessages$Message$TaskStatusMessage.java,getId
67366ab5-4121-477e-a26c-d2501b464c4e,30fcc130-4611-4fde-bb12-fc166f81ce60,103de276-fa1e-4faa-bd37-04b4d6e2eb36,->,67366ab5-4121-477e-a26c-d2501b464c4e,java/lang/StringBuilder.java,append
67366ab5-4121-477e-a26c-d2501b464c4e,30fcc130-4611-4fde-bb12-fc166f81ce60,103de276-fa1e-4faa-bd37-04b4d6e2eb36,->,67366ab5-4121-477e-a26c-d2501b464c4e,java/lang/StringBuilder.java,append
67366ab5-4121-477e-a26c-d2501b464c4e,30fcc130-4611-4fde-bb12-fc166f81ce60,103de276-fa1e-4faa-bd37-04b4d6e2eb36,->,67366ab5-4121-477e-a26c-d2501b464c4e,java/lang/StringBuilder.java,toString
67366ab5-4121-477e-a26c-d2501b464c4e,30fcc130-4611-4fde-bb12-fc166f81ce60,103de276-fa1e-4faa-bd37-04b4d6e2eb36,->,67366ab5-4121-477e-a26c-d2501b464c4e,java/io/PrintStream.java,println
67366ab5-4121-477e-a26c-d2501b464c4e,30fcc130-4611-4fde-bb12-fc166f81ce60,103de276-fa1e-4faa-bd37-04b4d6e2eb36,->,67366ab5-4121-477e-a26c-d2501b464c4e,ea8d4be9-28d8-4e22-9f16-0bd01e0de410,768b022d-5901-4785-ab1c-3f5e0140f940
67366ab5-4121-477e-a26c-d2501b464c4e,30fcc130-4611-4fde-bb12-fc166f81ce60,103de276-fa1e-4faa-bd37-04b4d6e2eb36,->,67366ab5-4121-477e-a26c-d2501b464c4e,java/io/PrintStream.java,println
67366ab5-4121-477e-a26c-d2501b464c4e,ea8d4be9-28d8-4e22-9f16-0bd01e0de410,5f39c86e-9777-490b-9095-56522c0ef2ee,->,67366ab5-4121-477e-a26c-d2501b464c4e,java/util/concurrent/ConcurrentHashMap.java,put
67366ab5-4121-477e-a26c-d2501b464c4e,ea8d4be9-28d8-4e22-9f16-0bd01e0de410,5f39c86e-9777-490b-9095-56522c0ef2ee,->,67366ab5-4121-477e-a26c-d2501b464c4e,java/util/concurrent/ConcurrentHashMap.java,keySet
67366ab5-4121-477e-a26c-d2501b464c4e,ea8d4be9-28d8-4e22-9f16-0bd01e0de410,5f39c86e-9777-490b-9095-56522c0ef2ee,->,67366ab5-4121-477e-a26c-d2501b464c4e,java/util/concurrent/ConcurrentHashMap$KeySetView.java,iterator
67366ab5-4121-477e-a26c-d2501b464c4e,ea8d4be9-28d8-4e22-9f16-0bd01e0de410,5f39c86e-9777-490b-9095-56522c0ef2ee,->,67366ab5-4121-477e-a26c-d2501b464c4e,java/util/Iterator.java,hasNext
67366ab5-4121-477e-a26c-d2501b464c4e,ea8d4be9-28d8-4e22-9f16-0bd01e0de410,5f39c86e-9777-490b-9095-56522c0ef2ee,->,67366ab5-4121-477e-a26c-d2501b464c4e,java/util/Iterator.java,next
67366ab5-4121-477e-a26c-d2501b464c4e,ea8d4be9-28d8-4e22-9f16-0bd01e0de410,5f39c86e-9777-490b-9095-56522c0ef2ee,->,67366ab5-4121-477e-a26c-d2501b464c4e,java/util/concurrent/ConcurrentHashMap.java,get
67366ab5-4121-477e-a26c-d2501b464c4e,ea8d4be9-28d8-4e22-9f16-0bd01e0de410,5f39c86e-9777-490b-9095-56522c0ef2ee,->,67366ab5-4121-477e-a26c-d2501b464c4e,java/util/concurrent/ConcurrentLinkedQueue.java,iterator
67366ab5-4121-477e-a26c-d2501b464c4e,ea8d4be9-28d8-4e22-9f16-0bd01e0de410,5f39c86e-9777-490b-9095-56522c0ef2ee,->,67366ab5-4121-477e-a26c-d2501b464c4e,java/util/Iterator.java,hasNext
67366ab5-4121-477e-a26c-d2501b464c4e,ea8d4be9-28d8-4e22-9f16-0bd01e0de410,5f39c86e-9777-490b-9095-56522c0ef2ee,->,67366ab5-4121-477e-a26c-d2501b464c4e,java/util/Iterator.java,next
67366ab5-4121-477e-a26c-d2501b464c4e,ea8d4be9-28d8-4e22-9f16-0bd01e0de410,5f39c86e-9777-490b-9095-56522c0ef2ee,->,67366ab5-4121-477e-a26c-d2501b464c4e,java/lang/String.java,equals
67366ab5-4121-477e-a26c-d2501b464c4e,ea8d4be9-28d8-4e22-9f16-0bd01e0de410,5f39c86e-9777-490b-9095-56522c0ef2ee,->,67366ab5-4121-477e-a26c-d2501b464c4e,java/util/concurrent/ConcurrentHashMap.java,get
67366ab5-4121-477e-a26c-d2501b464c4e,ea8d4be9-28d8-4e22-9f16-0bd01e0de410,5f39c86e-9777-490b-9095-56522c0ef2ee,->,67366ab5-4121-477e-a26c-d2501b464c4e,java/util/concurrent/ConcurrentLinkedQueue.java,remove
67366ab5-4121-477e-a26c-d2501b464c4e,ea8d4be9-28d8-4e22-9f16-0bd01e0de410,800a9c43-b0e0-4444-8904-775b952a4065,->,67366ab5-4121-477e-a26c-d2501b464c4e,java/util/HashMap.java,get
67366ab5-4121-477e-a26c-d2501b464c4e,ea8d4be9-28d8-4e22-9f16-0bd01e0de410,800a9c43-b0e0-4444-8904-775b952a4065,->,67366ab5-4121-477e-a26c-d2501b464c4e,java/util/LinkedList.java,iterator
67366ab5-4121-477e-a26c-d2501b464c4e,ea8d4be9-28d8-4e22-9f16-0bd01e0de410,800a9c43-b0e0-4444-8904-775b952a4065,->,67366ab5-4121-477e-a26c-d2501b464c4e,java/util/Iterator.java,hasNext
67366ab5-4121-477e-a26c-d2501b464c4e,ea8d4be9-28d8-4e22-9f16-0bd01e0de410,800a9c43-b0e0-4444-8904-775b952a4065,->,67366ab5-4121-477e-a26c-d2501b464c4e,java/util/Iterator.java,next
67366ab5-4121-477e-a26c-d2501b464c4e,ea8d4be9-28d8-4e22-9f16-0bd01e0de410,800a9c43-b0e0-4444-8904-775b952a4065,->,67366ab5-4121-477e-a26c-d2501b464c4e,java/util/concurrent/ConcurrentHashMap.java,get
67366ab5-4121-477e-a26c-d2501b464c4e,ea8d4be9-28d8-4e22-9f16-0bd01e0de410,2a7814c0-81ef-45d3-a45f-8a4a524faf0e,->,67366ab5-4121-477e-a26c-d2501b464c4e,java/util/concurrent/ConcurrentHashMap.java,keySet
67366ab5-4121-477e-a26c-d2501b464c4e,ea8d4be9-28d8-4e22-9f16-0bd01e0de410,2a7814c0-81ef-45d3-a45f-8a4a524faf0e,->,67366ab5-4121-477e-a26c-d2501b464c4e,java/util/concurrent/ConcurrentHashMap$KeySetView.java,iterator
67366ab5-4121-477e-a26c-d2501b464c4e,ea8d4be9-28d8-4e22-9f16-0bd01e0de410,2a7814c0-81ef-45d3-a45f-8a4a524faf0e,->,67366ab5-4121-477e-a26c-d2501b464c4e,java/util/Iterator.java,hasNext
67366ab5-4121-477e-a26c-d2501b464c4e,ea8d4be9-28d8-4e22-9f16-0bd01e0de410,2a7814c0-81ef-45d3-a45f-8a4a524faf0e,->,67366ab5-4121-477e-a26c-d2501b464c4e,java/util/Iterator.java,next
67366ab5-4121-477e-a26c-d2501b464c4e,ea8d4be9-28d8-4e22-9f16-0bd01e0de410,2a7814c0-81ef-45d3-a45f-8a4a524faf0e,->,67366ab5-4121-477e-a26c-d2501b464c4e,java/util/concurrent/ConcurrentHashMap.java,get
67366ab5-4121-477e-a26c-d2501b464c4e,ea8d4be9-28d8-4e22-9f16-0bd01e0de410,4d5f61c8-b391-4e01-8cd7-74a6ea87a8bf,->,67366ab5-4121-477e-a26c-d2501b464c4e,java/util/HashMap.java,get
67366ab5-4121-477e-a26c-d2501b464c4e,ea8d4be9-28d8-4e22-9f16-0bd01e0de410,4d5f61c8-b391-4e01-8cd7-74a6ea87a8bf,->,67366ab5-4121-477e-a26c-d2501b464c4e,java/util/LinkedList.java,getFirst
67366ab5-4121-477e-a26c-d2501b464c4e,ea8d4be9-28d8-4e22-9f16-0bd01e0de410,b0a7a1b0-057f-45fe-bdbf-78d69375c3d7,->,67366ab5-4121-477e-a26c-d2501b464c4e,java/util/concurrent/ConcurrentHashMap.java,get
67366ab5-4121-477e-a26c-d2501b464c4e,ea8d4be9-28d8-4e22-9f16-0bd01e0de410,b0a7a1b0-057f-45fe-bdbf-78d69375c3d7,->,67366ab5-4121-477e-a26c-d2501b464c4e,java/util/concurrent/ConcurrentLinkedQueue.java,add
67366ab5-4121-477e-a26c-d2501b464c4e,ea8d4be9-28d8-4e22-9f16-0bd01e0de410,b0a7a1b0-057f-45fe-bdbf-78d69375c3d7,->,67366ab5-4121-477e-a26c-d2501b464c4e,java/util/concurrent/ConcurrentHashMap.java,put
67366ab5-4121-477e-a26c-d2501b464c4e,ea8d4be9-28d8-4e22-9f16-0bd01e0de410,b0a7a1b0-057f-45fe-bdbf-78d69375c3d7,->,67366ab5-4121-477e-a26c-d2501b464c4e,java/util/HashMap.java,containsKey
67366ab5-4121-477e-a26c-d2501b464c4e,ea8d4be9-28d8-4e22-9f16-0bd01e0de410,b0a7a1b0-057f-45fe-bdbf-78d69375c3d7,->,67366ab5-4121-477e-a26c-d2501b464c4e,java/util/HashMap.java,get
67366ab5-4121-477e-a26c-d2501b464c4e,ea8d4be9-28d8-4e22-9f16-0bd01e0de410,b0a7a1b0-057f-45fe-bdbf-78d69375c3d7,->,67366ab5-4121-477e-a26c-d2501b464c4e,2ad5ceba-170a-46b2-ab66-da5b1ce959ba,1d634544-47a8-4faa-ada3-04a0d18039a1
67366ab5-4121-477e-a26c-d2501b464c4e,ea8d4be9-28d8-4e22-9f16-0bd01e0de410,b0a7a1b0-057f-45fe-bdbf-78d69375c3d7,->,67366ab5-4121-477e-a26c-d2501b464c4e,java/util/HashMap.java,get
67366ab5-4121-477e-a26c-d2501b464c4e,ea8d4be9-28d8-4e22-9f16-0bd01e0de410,b0a7a1b0-057f-45fe-bdbf-78d69375c3d7,->,67366ab5-4121-477e-a26c-d2501b464c4e,2ad5ceba-170a-46b2-ab66-da5b1ce959ba,f6eb6c10-c1d9-4f8a-b376-996d55d8108c
67366ab5-4121-477e-a26c-d2501b464c4e,ea8d4be9-28d8-4e22-9f16-0bd01e0de410,b0a7a1b0-057f-45fe-bdbf-78d69375c3d7,->,67366ab5-4121-477e-a26c-d2501b464c4e,98d0f80c-62ce-4870-90b2-a205eee83476,d5689140-0bba-49c5-8efa-74f684250ba4
67366ab5-4121-477e-a26c-d2501b464c4e,ea8d4be9-28d8-4e22-9f16-0bd01e0de410,b0a7a1b0-057f-45fe-bdbf-78d69375c3d7,->,67366ab5-4121-477e-a26c-d2501b464c4e,98d0f80c-62ce-4870-90b2-a205eee83476,34127776-924f-4d3b-872f-935c03cb9b5e
67366ab5-4121-477e-a26c-d2501b464c4e,ea8d4be9-28d8-4e22-9f16-0bd01e0de410,768b022d-5901-4785-ab1c-3f5e0140f940,->,67366ab5-4121-477e-a26c-d2501b464c4e,CommLayer/Messages/AvalancheMessages$Message.java,getTaskStatusMessage
67366ab5-4121-477e-a26c-d2501b464c4e,ea8d4be9-28d8-4e22-9f16-0bd01e0de410,768b022d-5901-4785-ab1c-3f5e0140f940,->,67366ab5-4121-477e-a26c-d2501b464c4e,CommLayer/Messages/AvalancheMessages$Message$TaskStatusMessage.java,getId
67366ab5-4121-477e-a26c-d2501b464c4e,ea8d4be9-28d8-4e22-9f16-0bd01e0de410,768b022d-5901-4785-ab1c-3f5e0140f940,->,67366ab5-4121-477e-a26c-d2501b464c4e,CommLayer/Messages/AvalancheMessages$Message$TaskStatusMessage.java,getStatus
67366ab5-4121-477e-a26c-d2501b464c4e,ea8d4be9-28d8-4e22-9f16-0bd01e0de410,768b022d-5901-4785-ab1c-3f5e0140f940,->,67366ab5-4121-477e-a26c-d2501b464c4e,java/lang/StringBuilder.java,append
67366ab5-4121-477e-a26c-d2501b464c4e,ea8d4be9-28d8-4e22-9f16-0bd01e0de410,768b022d-5901-4785-ab1c-3f5e0140f940,->,67366ab5-4121-477e-a26c-d2501b464c4e,java/lang/StringBuilder.java,append
67366ab5-4121-477e-a26c-d2501b464c4e,ea8d4be9-28d8-4e22-9f16-0bd01e0de410,768b022d-5901-4785-ab1c-3f5e0140f940,->,67366ab5-4121-477e-a26c-d2501b464c4e,java/lang/StringBuilder.java,append
67366ab5-4121-477e-a26c-d2501b464c4e,ea8d4be9-28d8-4e22-9f16-0bd01e0de410,768b022d-5901-4785-ab1c-3f5e0140f940,->,67366ab5-4121-477e-a26c-d2501b464c4e,java/lang/StringBuilder.java,append
67366ab5-4121-477e-a26c-d2501b464c4e,ea8d4be9-28d8-4e22-9f16-0bd01e0de410,768b022d-5901-4785-ab1c-3f5e0140f940,->,67366ab5-4121-477e-a26c-d2501b464c4e,java/lang/StringBuilder.java,toString
67366ab5-4121-477e-a26c-d2501b464c4e,ea8d4be9-28d8-4e22-9f16-0bd01e0de410,768b022d-5901-4785-ab1c-3f5e0140f940,->,67366ab5-4121-477e-a26c-d2501b464c4e,java/io/PrintStream.java,println
67366ab5-4121-477e-a26c-d2501b464c4e,ea8d4be9-28d8-4e22-9f16-0bd01e0de410,768b022d-5901-4785-ab1c-3f5e0140f940,->,67366ab5-4121-477e-a26c-d2501b464c4e,CommLayer/Messages/AvalancheMessages$Message$TaskStatusMessage$Status.java,equals
67366ab5-4121-477e-a26c-d2501b464c4e,ea8d4be9-28d8-4e22-9f16-0bd01e0de410,768b022d-5901-4785-ab1c-3f5e0140f940,->,67366ab5-4121-477e-a26c-d2501b464c4e,ea8d4be9-28d8-4e22-9f16-0bd01e0de410,5f39c86e-9777-490b-9095-56522c0ef2ee
67366ab5-4121-477e-a26c-d2501b464c4e,ea8d4be9-28d8-4e22-9f16-0bd01e0de410,768b022d-5901-4785-ab1c-3f5e0140f940,->,67366ab5-4121-477e-a26c-d2501b464c4e,ea8d4be9-28d8-4e22-9f16-0bd01e0de410,2a7814c0-81ef-45d3-a45f-8a4a524faf0e
67366ab5-4121-477e-a26c-d2501b464c4e,ea8d4be9-28d8-4e22-9f16-0bd01e0de410,768b022d-5901-4785-ab1c-3f5e0140f940,->,67366ab5-4121-477e-a26c-d2501b464c4e,java/lang/StringBuilder.java,append
67366ab5-4121-477e-a26c-d2501b464c4e,ea8d4be9-28d8-4e22-9f16-0bd01e0de410,768b022d-5901-4785-ab1c-3f5e0140f940,->,67366ab5-4121-477e-a26c-d2501b464c4e,java/lang/StringBuilder.java,append
67366ab5-4121-477e-a26c-d2501b464c4e,ea8d4be9-28d8-4e22-9f16-0bd01e0de410,768b022d-5901-4785-ab1c-3f5e0140f940,->,67366ab5-4121-477e-a26c-d2501b464c4e,java/lang/StringBuilder.java,toString
67366ab5-4121-477e-a26c-d2501b464c4e,ea8d4be9-28d8-4e22-9f16-0bd01e0de410,768b022d-5901-4785-ab1c-3f5e0140f940,->,67366ab5-4121-477e-a26c-d2501b464c4e,java/io/PrintStream.java,println
67366ab5-4121-477e-a26c-d2501b464c4e,ea8d4be9-28d8-4e22-9f16-0bd01e0de410,768b022d-5901-4785-ab1c-3f5e0140f940,->,67366ab5-4121-477e-a26c-d2501b464c4e,java/lang/String.java,isEmpty
67366ab5-4121-477e-a26c-d2501b464c4e,ea8d4be9-28d8-4e22-9f16-0bd01e0de410,768b022d-5901-4785-ab1c-3f5e0140f940,->,67366ab5-4121-477e-a26c-d2501b464c4e,ea8d4be9-28d8-4e22-9f16-0bd01e0de410,4d5f61c8-b391-4e01-8cd7-74a6ea87a8bf
67366ab5-4121-477e-a26c-d2501b464c4e,ea8d4be9-28d8-4e22-9f16-0bd01e0de410,768b022d-5901-4785-ab1c-3f5e0140f940,->,67366ab5-4121-477e-a26c-d2501b464c4e,java/lang/String.java,isEmpty
67366ab5-4121-477e-a26c-d2501b464c4e,ea8d4be9-28d8-4e22-9f16-0bd01e0de410,768b022d-5901-4785-ab1c-3f5e0140f940,->,67366ab5-4121-477e-a26c-d2501b464c4e,ea8d4be9-28d8-4e22-9f16-0bd01e0de410,b0a7a1b0-057f-45fe-bdbf-78d69375c3d7
67366ab5-4121-477e-a26c-d2501b464c4e,ea8d4be9-28d8-4e22-9f16-0bd01e0de410,768b022d-5901-4785-ab1c-3f5e0140f940,->,67366ab5-4121-477e-a26c-d2501b464c4e,ea8d4be9-28d8-4e22-9f16-0bd01e0de410,2a7814c0-81ef-45d3-a45f-8a4a524faf0e
67366ab5-4121-477e-a26c-d2501b464c4e,ea8d4be9-28d8-4e22-9f16-0bd01e0de410,1e9544bc-b1d1-4bcf-8c31-4dc8a9e1dd52,->,67366ab5-4121-477e-a26c-d2501b464c4e,ea8d4be9-28d8-4e22-9f16-0bd01e0de410,2a7814c0-81ef-45d3-a45f-8a4a524faf0e
67366ab5-4121-477e-a26c-d2501b464c4e,ea8d4be9-28d8-4e22-9f16-0bd01e0de410,1e9544bc-b1d1-4bcf-8c31-4dc8a9e1dd52,->,67366ab5-4121-477e-a26c-d2501b464c4e,java/io/PrintStream.java,println
67366ab5-4121-477e-a26c-d2501b464c4e,ea8d4be9-28d8-4e22-9f16-0bd01e0de410,1e9544bc-b1d1-4bcf-8c31-4dc8a9e1dd52,->,67366ab5-4121-477e-a26c-d2501b464c4e,java/lang/String.java,isEmpty
67366ab5-4121-477e-a26c-d2501b464c4e,ea8d4be9-28d8-4e22-9f16-0bd01e0de410,1e9544bc-b1d1-4bcf-8c31-4dc8a9e1dd52,->,67366ab5-4121-477e-a26c-d2501b464c4e,java/lang/StringBuilder.java,append
67366ab5-4121-477e-a26c-d2501b464c4e,ea8d4be9-28d8-4e22-9f16-0bd01e0de410,1e9544bc-b1d1-4bcf-8c31-4dc8a9e1dd52,->,67366ab5-4121-477e-a26c-d2501b464c4e,java/lang/StringBuilder.java,append
67366ab5-4121-477e-a26c-d2501b464c4e,ea8d4be9-28d8-4e22-9f16-0bd01e0de410,1e9544bc-b1d1-4bcf-8c31-4dc8a9e1dd52,->,67366ab5-4121-477e-a26c-d2501b464c4e,java/lang/StringBuilder.java,toString
67366ab5-4121-477e-a26c-d2501b464c4e,ea8d4be9-28d8-4e22-9f16-0bd01e0de410,1e9544bc-b1d1-4bcf-8c31-4dc8a9e1dd52,->,67366ab5-4121-477e-a26c-d2501b464c4e,java/io/PrintStream.java,println
67366ab5-4121-477e-a26c-d2501b464c4e,ea8d4be9-28d8-4e22-9f16-0bd01e0de410,1e9544bc-b1d1-4bcf-8c31-4dc8a9e1dd52,->,67366ab5-4121-477e-a26c-d2501b464c4e,ea8d4be9-28d8-4e22-9f16-0bd01e0de410,4d5f61c8-b391-4e01-8cd7-74a6ea87a8bf
67366ab5-4121-477e-a26c-d2501b464c4e,ea8d4be9-28d8-4e22-9f16-0bd01e0de410,1e9544bc-b1d1-4bcf-8c31-4dc8a9e1dd52,->,67366ab5-4121-477e-a26c-d2501b464c4e,java/lang/String.java,isEmpty
67366ab5-4121-477e-a26c-d2501b464c4e,ea8d4be9-28d8-4e22-9f16-0bd01e0de410,1e9544bc-b1d1-4bcf-8c31-4dc8a9e1dd52,->,67366ab5-4121-477e-a26c-d2501b464c4e,ea8d4be9-28d8-4e22-9f16-0bd01e0de410,b0a7a1b0-057f-45fe-bdbf-78d69375c3d7
67366ab5-4121-477e-a26c-d2501b464c4e,ea8d4be9-28d8-4e22-9f16-0bd01e0de410,1e9544bc-b1d1-4bcf-8c31-4dc8a9e1dd52,->,67366ab5-4121-477e-a26c-d2501b464c4e,ea8d4be9-28d8-4e22-9f16-0bd01e0de410,2a7814c0-81ef-45d3-a45f-8a4a524faf0e
67366ab5-4121-477e-a26c-d2501b464c4e,ea8d4be9-28d8-4e22-9f16-0bd01e0de410,1e9544bc-b1d1-4bcf-8c31-4dc8a9e1dd52,->,67366ab5-4121-477e-a26c-d2501b464c4e,java/io/PrintStream.java,println
67366ab5-4121-477e-a26c-d2501b464c4e,276a938a-5201-4c35-b903-1213cea2221f,4acf056b-ee17-4bef-a823-40a561d2a06c,->,67366ab5-4121-477e-a26c-d2501b464c4e,2ad5ceba-170a-46b2-ab66-da5b1ce959ba,b6e743a5-d90f-466e-8bc8-e39adfb690e0
67366ab5-4121-477e-a26c-d2501b464c4e,276a938a-5201-4c35-b903-1213cea2221f,4acf056b-ee17-4bef-a823-40a561d2a06c,->,67366ab5-4121-477e-a26c-d2501b464c4e,java/io/PrintStream.java,println
67366ab5-4121-477e-a26c-d2501b464c4e,276a938a-5201-4c35-b903-1213cea2221f,4acf056b-ee17-4bef-a823-40a561d2a06c,->,67366ab5-4121-477e-a26c-d2501b464c4e,CommLayer/Messages/AvalancheMessages$Message.java,getTaskStatusMessage
67366ab5-4121-477e-a26c-d2501b464c4e,276a938a-5201-4c35-b903-1213cea2221f,4acf056b-ee17-4bef-a823-40a561d2a06c,->,67366ab5-4121-477e-a26c-d2501b464c4e,java/lang/StringBuilder.java,append
67366ab5-4121-477e-a26c-d2501b464c4e,276a938a-5201-4c35-b903-1213cea2221f,4acf056b-ee17-4bef-a823-40a561d2a06c,->,67366ab5-4121-477e-a26c-d2501b464c4e,CommLayer/Messages/AvalancheMessages$Message$TaskStatusMessage.java,getId
67366ab5-4121-477e-a26c-d2501b464c4e,276a938a-5201-4c35-b903-1213cea2221f,4acf056b-ee17-4bef-a823-40a561d2a06c,->,67366ab5-4121-477e-a26c-d2501b464c4e,java/lang/StringBuilder.java,append
67366ab5-4121-477e-a26c-d2501b464c4e,276a938a-5201-4c35-b903-1213cea2221f,4acf056b-ee17-4bef-a823-40a561d2a06c,->,67366ab5-4121-477e-a26c-d2501b464c4e,java/lang/StringBuilder.java,append
67366ab5-4121-477e-a26c-d2501b464c4e,276a938a-5201-4c35-b903-1213cea2221f,4acf056b-ee17-4bef-a823-40a561d2a06c,->,67366ab5-4121-477e-a26c-d2501b464c4e,CommLayer/Messages/AvalancheMessages$Message$TaskStatusMessage.java,getStatus
67366ab5-4121-477e-a26c-d2501b464c4e,276a938a-5201-4c35-b903-1213cea2221f,4acf056b-ee17-4bef-a823-40a561d2a06c,->,67366ab5-4121-477e-a26c-d2501b464c4e,java/lang/StringBuilder.java,append
67366ab5-4121-477e-a26c-d2501b464c4e,276a938a-5201-4c35-b903-1213cea2221f,4acf056b-ee17-4bef-a823-40a561d2a06c,->,67366ab5-4121-477e-a26c-d2501b464c4e,java/lang/StringBuilder.java,toString
67366ab5-4121-477e-a26c-d2501b464c4e,276a938a-5201-4c35-b903-1213cea2221f,4acf056b-ee17-4bef-a823-40a561d2a06c,->,67366ab5-4121-477e-a26c-d2501b464c4e,java/io/PrintStream.java,println
67366ab5-4121-477e-a26c-d2501b464c4e,276a938a-5201-4c35-b903-1213cea2221f,4acf056b-ee17-4bef-a823-40a561d2a06c,->,67366ab5-4121-477e-a26c-d2501b464c4e,CommLayer/Messages/AvalancheMessages$Message$TaskStatusMessage.java,getId
67366ab5-4121-477e-a26c-d2501b464c4e,276a938a-5201-4c35-b903-1213cea2221f,4acf056b-ee17-4bef-a823-40a561d2a06c,->,67366ab5-4121-477e-a26c-d2501b464c4e,java/util/concurrent/ConcurrentHashMap.java,put
67366ab5-4121-477e-a26c-d2501b464c4e,276a938a-5201-4c35-b903-1213cea2221f,4acf056b-ee17-4bef-a823-40a561d2a06c,->,67366ab5-4121-477e-a26c-d2501b464c4e,CommLayer/Messages/AvalancheMessages$Message$TaskStatusMessage.java,getId
67366ab5-4121-477e-a26c-d2501b464c4e,276a938a-5201-4c35-b903-1213cea2221f,4acf056b-ee17-4bef-a823-40a561d2a06c,->,67366ab5-4121-477e-a26c-d2501b464c4e,CommLayer/Messages/AvalancheMessages$Message$TaskStatusMessage.java,getStatus
67366ab5-4121-477e-a26c-d2501b464c4e,276a938a-5201-4c35-b903-1213cea2221f,4acf056b-ee17-4bef-a823-40a561d2a06c,->,67366ab5-4121-477e-a26c-d2501b464c4e,5696e4d8-dcf4-43c1-9736-a6ef35d49b5f,e4efc5aa-af25-4fad-8212-a58b3058bb4b
67366ab5-4121-477e-a26c-d2501b464c4e,276a938a-5201-4c35-b903-1213cea2221f,4acf056b-ee17-4bef-a823-40a561d2a06c,->,67366ab5-4121-477e-a26c-d2501b464c4e,5696e4d8-dcf4-43c1-9736-a6ef35d49b5f,3e641a90-febe-459c-b4aa-01ee16ba6a84
67366ab5-4121-477e-a26c-d2501b464c4e,276a938a-5201-4c35-b903-1213cea2221f,4acf056b-ee17-4bef-a823-40a561d2a06c,->,67366ab5-4121-477e-a26c-d2501b464c4e,5696e4d8-dcf4-43c1-9736-a6ef35d49b5f,7a120900-540d-4f32-8302-aeb95ecab89c
67366ab5-4121-477e-a26c-d2501b464c4e,276a938a-5201-4c35-b903-1213cea2221f,4acf056b-ee17-4bef-a823-40a561d2a06c,->,67366ab5-4121-477e-a26c-d2501b464c4e,java/lang/StringBuilder.java,append
67366ab5-4121-477e-a26c-d2501b464c4e,276a938a-5201-4c35-b903-1213cea2221f,4acf056b-ee17-4bef-a823-40a561d2a06c,->,67366ab5-4121-477e-a26c-d2501b464c4e,java/lang/StringBuilder.java,append
67366ab5-4121-477e-a26c-d2501b464c4e,276a938a-5201-4c35-b903-1213cea2221f,4acf056b-ee17-4bef-a823-40a561d2a06c,->,67366ab5-4121-477e-a26c-d2501b464c4e,java/lang/StringBuilder.java,append
67366ab5-4121-477e-a26c-d2501b464c4e,276a938a-5201-4c35-b903-1213cea2221f,4acf056b-ee17-4bef-a823-40a561d2a06c,->,67366ab5-4121-477e-a26c-d2501b464c4e,java/lang/StringBuilder.java,toString
67366ab5-4121-477e-a26c-d2501b464c4e,276a938a-5201-4c35-b903-1213cea2221f,4acf056b-ee17-4bef-a823-40a561d2a06c,->,67366ab5-4121-477e-a26c-d2501b464c4e,java/io/PrintStream.java,println
67366ab5-4121-477e-a26c-d2501b464c4e,276a938a-5201-4c35-b903-1213cea2221f,4acf056b-ee17-4bef-a823-40a561d2a06c,->,67366ab5-4121-477e-a26c-d2501b464c4e,java/util/concurrent/ConcurrentHashMap.java,get
67366ab5-4121-477e-a26c-d2501b464c4e,276a938a-5201-4c35-b903-1213cea2221f,4acf056b-ee17-4bef-a823-40a561d2a06c,->,67366ab5-4121-477e-a26c-d2501b464c4e,2ad5ceba-170a-46b2-ab66-da5b1ce959ba,db9eff1c-3f9d-4b82-80d8-23b6bc0d6e1f
67366ab5-4121-477e-a26c-d2501b464c4e,276a938a-5201-4c35-b903-1213cea2221f,4acf056b-ee17-4bef-a823-40a561d2a06c,->,67366ab5-4121-477e-a26c-d2501b464c4e,a492821a-1ea4-423e-a07e-d1f54be0f732,245e4e44-cf37-4d76-9cfe-068ca2de02db
67366ab5-4121-477e-a26c-d2501b464c4e,276a938a-5201-4c35-b903-1213cea2221f,4acf056b-ee17-4bef-a823-40a561d2a06c,->,67366ab5-4121-477e-a26c-d2501b464c4e,java/io/PrintStream.java,println
67366ab5-4121-477e-a26c-d2501b464c4e,5696e4d8-dcf4-43c1-9736-a6ef35d49b5f,e4efc5aa-af25-4fad-8212-a58b3058bb4b,->,67366ab5-4121-477e-a26c-d2501b464c4e,java/util/concurrent/ConcurrentHashMap.java,put
67366ab5-4121-477e-a26c-d2501b464c4e,5696e4d8-dcf4-43c1-9736-a6ef35d49b5f,e4efc5aa-af25-4fad-8212-a58b3058bb4b,->,67366ab5-4121-477e-a26c-d2501b464c4e,java/util/concurrent/ConcurrentHashMap.java,remove
67366ab5-4121-477e-a26c-d2501b464c4e,5696e4d8-dcf4-43c1-9736-a6ef35d49b5f,e4efc5aa-af25-4fad-8212-a58b3058bb4b,->,67366ab5-4121-477e-a26c-d2501b464c4e,java/util/concurrent/ConcurrentLinkedQueue.java,add
67366ab5-4121-477e-a26c-d2501b464c4e,5696e4d8-dcf4-43c1-9736-a6ef35d49b5f,e4efc5aa-af25-4fad-8212-a58b3058bb4b,->,67366ab5-4121-477e-a26c-d2501b464c4e,java/lang/StringBuilder.java,append
67366ab5-4121-477e-a26c-d2501b464c4e,5696e4d8-dcf4-43c1-9736-a6ef35d49b5f,e4efc5aa-af25-4fad-8212-a58b3058bb4b,->,67366ab5-4121-477e-a26c-d2501b464c4e,CommLayer/Messages/AvalancheMessages$Message.java,getTaskStatusMessage
67366ab5-4121-477e-a26c-d2501b464c4e,5696e4d8-dcf4-43c1-9736-a6ef35d49b5f,e4efc5aa-af25-4fad-8212-a58b3058bb4b,->,67366ab5-4121-477e-a26c-d2501b464c4e,CommLayer/Messages/AvalancheMessages$Message$TaskStatusMessage.java,getId
67366ab5-4121-477e-a26c-d2501b464c4e,5696e4d8-dcf4-43c1-9736-a6ef35d49b5f,e4efc5aa-af25-4fad-8212-a58b3058bb4b,->,67366ab5-4121-477e-a26c-d2501b464c4e,java/lang/StringBuilder.java,append
67366ab5-4121-477e-a26c-d2501b464c4e,5696e4d8-dcf4-43c1-9736-a6ef35d49b5f,e4efc5aa-af25-4fad-8212-a58b3058bb4b,->,67366ab5-4121-477e-a26c-d2501b464c4e,java/lang/StringBuilder.java,append
67366ab5-4121-477e-a26c-d2501b464c4e,5696e4d8-dcf4-43c1-9736-a6ef35d49b5f,e4efc5aa-af25-4fad-8212-a58b3058bb4b,->,67366ab5-4121-477e-a26c-d2501b464c4e,java/lang/StringBuilder.java,toString
67366ab5-4121-477e-a26c-d2501b464c4e,5696e4d8-dcf4-43c1-9736-a6ef35d49b5f,e4efc5aa-af25-4fad-8212-a58b3058bb4b,->,67366ab5-4121-477e-a26c-d2501b464c4e,java/io/PrintStream.java,println
67366ab5-4121-477e-a26c-d2501b464c4e,5696e4d8-dcf4-43c1-9736-a6ef35d49b5f,e4efc5aa-af25-4fad-8212-a58b3058bb4b,->,67366ab5-4121-477e-a26c-d2501b464c4e,5696e4d8-dcf4-43c1-9736-a6ef35d49b5f,a930e092-9b4d-4165-97b6-ccd3d69bcaed
67366ab5-4121-477e-a26c-d2501b464c4e,5696e4d8-dcf4-43c1-9736-a6ef35d49b5f,e4efc5aa-af25-4fad-8212-a58b3058bb4b,->,67366ab5-4121-477e-a26c-d2501b464c4e,5696e4d8-dcf4-43c1-9736-a6ef35d49b5f,8573338e-9cb5-44dc-9e91-86759dd78332
67366ab5-4121-477e-a26c-d2501b464c4e,5696e4d8-dcf4-43c1-9736-a6ef35d49b5f,e4efc5aa-af25-4fad-8212-a58b3058bb4b,->,67366ab5-4121-477e-a26c-d2501b464c4e,5696e4d8-dcf4-43c1-9736-a6ef35d49b5f,83fc146f-fc8f-4c99-a9e0-bb451abd34a7
67366ab5-4121-477e-a26c-d2501b464c4e,5696e4d8-dcf4-43c1-9736-a6ef35d49b5f,e4efc5aa-af25-4fad-8212-a58b3058bb4b,->,67366ab5-4121-477e-a26c-d2501b464c4e,5696e4d8-dcf4-43c1-9736-a6ef35d49b5f,83fc146f-fc8f-4c99-a9e0-bb451abd34a7
67366ab5-4121-477e-a26c-d2501b464c4e,5696e4d8-dcf4-43c1-9736-a6ef35d49b5f,83fc146f-fc8f-4c99-a9e0-bb451abd34a7,->,67366ab5-4121-477e-a26c-d2501b464c4e,java/util/concurrent/ConcurrentHashMap.java,keySet
67366ab5-4121-477e-a26c-d2501b464c4e,5696e4d8-dcf4-43c1-9736-a6ef35d49b5f,83fc146f-fc8f-4c99-a9e0-bb451abd34a7,->,67366ab5-4121-477e-a26c-d2501b464c4e,java/util/concurrent/ConcurrentHashMap$KeySetView.java,iterator
67366ab5-4121-477e-a26c-d2501b464c4e,5696e4d8-dcf4-43c1-9736-a6ef35d49b5f,83fc146f-fc8f-4c99-a9e0-bb451abd34a7,->,67366ab5-4121-477e-a26c-d2501b464c4e,java/util/Iterator.java,hasNext
67366ab5-4121-477e-a26c-d2501b464c4e,5696e4d8-dcf4-43c1-9736-a6ef35d49b5f,83fc146f-fc8f-4c99-a9e0-bb451abd34a7,->,67366ab5-4121-477e-a26c-d2501b464c4e,java/util/Iterator.java,next
67366ab5-4121-477e-a26c-d2501b464c4e,5696e4d8-dcf4-43c1-9736-a6ef35d49b5f,83fc146f-fc8f-4c99-a9e0-bb451abd34a7,->,67366ab5-4121-477e-a26c-d2501b464c4e,java/util/concurrent/ConcurrentHashMap.java,get
67366ab5-4121-477e-a26c-d2501b464c4e,5696e4d8-dcf4-43c1-9736-a6ef35d49b5f,83fc146f-fc8f-4c99-a9e0-bb451abd34a7,->,67366ab5-4121-477e-a26c-d2501b464c4e,CommLayer/Messages/AvalancheMessages$Message$TaskStatusMessage$Status.java,equals
67366ab5-4121-477e-a26c-d2501b464c4e,5696e4d8-dcf4-43c1-9736-a6ef35d49b5f,83fc146f-fc8f-4c99-a9e0-bb451abd34a7,->,67366ab5-4121-477e-a26c-d2501b464c4e,java/util/concurrent/ConcurrentLinkedQueue.java,add
67366ab5-4121-477e-a26c-d2501b464c4e,5696e4d8-dcf4-43c1-9736-a6ef35d49b5f,3e641a90-febe-459c-b4aa-01ee16ba6a84,->,67366ab5-4121-477e-a26c-d2501b464c4e,java/util/concurrent/ConcurrentLinkedQueue.java,size
67366ab5-4121-477e-a26c-d2501b464c4e,5696e4d8-dcf4-43c1-9736-a6ef35d49b5f,3e641a90-febe-459c-b4aa-01ee16ba6a84,->,67366ab5-4121-477e-a26c-d2501b464c4e,java/util/concurrent/ConcurrentLinkedQueue.java,size
67366ab5-4121-477e-a26c-d2501b464c4e,5696e4d8-dcf4-43c1-9736-a6ef35d49b5f,7a120900-540d-4f32-8302-aeb95ecab89c,->,67366ab5-4121-477e-a26c-d2501b464c4e,java/util/concurrent/ConcurrentLinkedQueue.java,iterator
67366ab5-4121-477e-a26c-d2501b464c4e,5696e4d8-dcf4-43c1-9736-a6ef35d49b5f,7a120900-540d-4f32-8302-aeb95ecab89c,->,67366ab5-4121-477e-a26c-d2501b464c4e,java/util/Iterator.java,next
67366ab5-4121-477e-a26c-d2501b464c4e,5696e4d8-dcf4-43c1-9736-a6ef35d49b5f,a930e092-9b4d-4165-97b6-ccd3d69bcaed,->,67366ab5-4121-477e-a26c-d2501b464c4e,CommLayer/Messages/AvalancheMessages$Message.java,newBuilder
67366ab5-4121-477e-a26c-d2501b464c4e,5696e4d8-dcf4-43c1-9736-a6ef35d49b5f,a930e092-9b4d-4165-97b6-ccd3d69bcaed,->,67366ab5-4121-477e-a26c-d2501b464c4e,CommLayer/Messages/AvalancheMessages$Message$Builder.java,mergeFrom
67366ab5-4121-477e-a26c-d2501b464c4e,5696e4d8-dcf4-43c1-9736-a6ef35d49b5f,a930e092-9b4d-4165-97b6-ccd3d69bcaed,->,67366ab5-4121-477e-a26c-d2501b464c4e,98d0f80c-62ce-4870-90b2-a205eee83476,d5689140-0bba-49c5-8efa-74f684250ba4
67366ab5-4121-477e-a26c-d2501b464c4e,5696e4d8-dcf4-43c1-9736-a6ef35d49b5f,a930e092-9b4d-4165-97b6-ccd3d69bcaed,->,67366ab5-4121-477e-a26c-d2501b464c4e,98d0f80c-62ce-4870-90b2-a205eee83476,34127776-924f-4d3b-872f-935c03cb9b5e
67366ab5-4121-477e-a26c-d2501b464c4e,5696e4d8-dcf4-43c1-9736-a6ef35d49b5f,8573338e-9cb5-44dc-9e91-86759dd78332,->,67366ab5-4121-477e-a26c-d2501b464c4e,CommLayer/Messages/AvalancheMessages$Message.java,newBuilder
67366ab5-4121-477e-a26c-d2501b464c4e,5696e4d8-dcf4-43c1-9736-a6ef35d49b5f,8573338e-9cb5-44dc-9e91-86759dd78332,->,67366ab5-4121-477e-a26c-d2501b464c4e,CommLayer/Messages/AvalancheMessages$Message$Builder.java,mergeFrom
67366ab5-4121-477e-a26c-d2501b464c4e,5696e4d8-dcf4-43c1-9736-a6ef35d49b5f,8573338e-9cb5-44dc-9e91-86759dd78332,->,67366ab5-4121-477e-a26c-d2501b464c4e,98d0f80c-62ce-4870-90b2-a205eee83476,d5689140-0bba-49c5-8efa-74f684250ba4
67366ab5-4121-477e-a26c-d2501b464c4e,5696e4d8-dcf4-43c1-9736-a6ef35d49b5f,8573338e-9cb5-44dc-9e91-86759dd78332,->,67366ab5-4121-477e-a26c-d2501b464c4e,98d0f80c-62ce-4870-90b2-a205eee83476,34127776-924f-4d3b-872f-935c03cb9b5e
67366ab5-4121-477e-a26c-d2501b464c4e,73a614ad-bd0f-4d46-9ca0-a36fa52a76ab,a988559d-6557-4d95-a3a7-0d47923a12d5,->,67366ab5-4121-477e-a26c-d2501b464c4e,2ad5ceba-170a-46b2-ab66-da5b1ce959ba,b6e743a5-d90f-466e-8bc8-e39adfb690e0
67366ab5-4121-477e-a26c-d2501b464c4e,73a614ad-bd0f-4d46-9ca0-a36fa52a76ab,a988559d-6557-4d95-a3a7-0d47923a12d5,->,67366ab5-4121-477e-a26c-d2501b464c4e,java/util/concurrent/ConcurrentHashMap.java,values
67366ab5-4121-477e-a26c-d2501b464c4e,73a614ad-bd0f-4d46-9ca0-a36fa52a76ab,a988559d-6557-4d95-a3a7-0d47923a12d5,->,67366ab5-4121-477e-a26c-d2501b464c4e,2ad5ceba-170a-46b2-ab66-da5b1ce959ba,cb683c58-1ae0-4b0f-b36c-f932684216ad
67366ab5-4121-477e-a26c-d2501b464c4e,73a614ad-bd0f-4d46-9ca0-a36fa52a76ab,a988559d-6557-4d95-a3a7-0d47923a12d5,->,67366ab5-4121-477e-a26c-d2501b464c4e,a492821a-1ea4-423e-a07e-d1f54be0f732,245e4e44-cf37-4d76-9cfe-068ca2de02db
67366ab5-4121-477e-a26c-d2501b464c4e,73a614ad-bd0f-4d46-9ca0-a36fa52a76ab,a988559d-6557-4d95-a3a7-0d47923a12d5,->,67366ab5-4121-477e-a26c-d2501b464c4e,2ad5ceba-170a-46b2-ab66-da5b1ce959ba,b6e743a5-d90f-466e-8bc8-e39adfb690e0
67366ab5-4121-477e-a26c-d2501b464c4e,73a614ad-bd0f-4d46-9ca0-a36fa52a76ab,a988559d-6557-4d95-a3a7-0d47923a12d5,->,67366ab5-4121-477e-a26c-d2501b464c4e,java/lang/StringBuilder.java,append
67366ab5-4121-477e-a26c-d2501b464c4e,73a614ad-bd0f-4d46-9ca0-a36fa52a76ab,a988559d-6557-4d95-a3a7-0d47923a12d5,->,67366ab5-4121-477e-a26c-d2501b464c4e,CommLayer/Messages/AvalancheMessages$Message.java,getMessageType
67366ab5-4121-477e-a26c-d2501b464c4e,73a614ad-bd0f-4d46-9ca0-a36fa52a76ab,a988559d-6557-4d95-a3a7-0d47923a12d5,->,67366ab5-4121-477e-a26c-d2501b464c4e,java/lang/StringBuilder.java,append
67366ab5-4121-477e-a26c-d2501b464c4e,73a614ad-bd0f-4d46-9ca0-a36fa52a76ab,a988559d-6557-4d95-a3a7-0d47923a12d5,->,67366ab5-4121-477e-a26c-d2501b464c4e,java/lang/StringBuilder.java,toString
67366ab5-4121-477e-a26c-d2501b464c4e,73a614ad-bd0f-4d46-9ca0-a36fa52a76ab,a988559d-6557-4d95-a3a7-0d47923a12d5,->,67366ab5-4121-477e-a26c-d2501b464c4e,java/io/PrintStream.java,println
67366ab5-4121-477e-a26c-d2501b464c4e,73a614ad-bd0f-4d46-9ca0-a36fa52a76ab,a988559d-6557-4d95-a3a7-0d47923a12d5,->,67366ab5-4121-477e-a26c-d2501b464c4e,java/lang/StringBuilder.java,append
67366ab5-4121-477e-a26c-d2501b464c4e,73a614ad-bd0f-4d46-9ca0-a36fa52a76ab,a988559d-6557-4d95-a3a7-0d47923a12d5,->,67366ab5-4121-477e-a26c-d2501b464c4e,CommLayer/Messages/AvalancheMessages$Message.java,getTaskStatusMessage
67366ab5-4121-477e-a26c-d2501b464c4e,73a614ad-bd0f-4d46-9ca0-a36fa52a76ab,a988559d-6557-4d95-a3a7-0d47923a12d5,->,67366ab5-4121-477e-a26c-d2501b464c4e,CommLayer/Messages/AvalancheMessages$Message$TaskStatusMessage.java,getId
67366ab5-4121-477e-a26c-d2501b464c4e,73a614ad-bd0f-4d46-9ca0-a36fa52a76ab,a988559d-6557-4d95-a3a7-0d47923a12d5,->,67366ab5-4121-477e-a26c-d2501b464c4e,java/lang/StringBuilder.java,append
67366ab5-4121-477e-a26c-d2501b464c4e,73a614ad-bd0f-4d46-9ca0-a36fa52a76ab,a988559d-6557-4d95-a3a7-0d47923a12d5,->,67366ab5-4121-477e-a26c-d2501b464c4e,java/lang/StringBuilder.java,toString
67366ab5-4121-477e-a26c-d2501b464c4e,73a614ad-bd0f-4d46-9ca0-a36fa52a76ab,a988559d-6557-4d95-a3a7-0d47923a12d5,->,67366ab5-4121-477e-a26c-d2501b464c4e,java/io/PrintStream.java,println
67366ab5-4121-477e-a26c-d2501b464c4e,73a614ad-bd0f-4d46-9ca0-a36fa52a76ab,a988559d-6557-4d95-a3a7-0d47923a12d5,->,67366ab5-4121-477e-a26c-d2501b464c4e,CommLayer/Messages/AvalancheMessages$Message.java,getTaskStatusMessage
67366ab5-4121-477e-a26c-d2501b464c4e,73a614ad-bd0f-4d46-9ca0-a36fa52a76ab,a988559d-6557-4d95-a3a7-0d47923a12d5,->,67366ab5-4121-477e-a26c-d2501b464c4e,CommLayer/Messages/AvalancheMessages$Message$TaskStatusMessage.java,getId
67366ab5-4121-477e-a26c-d2501b464c4e,73a614ad-bd0f-4d46-9ca0-a36fa52a76ab,a988559d-6557-4d95-a3a7-0d47923a12d5,->,67366ab5-4121-477e-a26c-d2501b464c4e,CommLayer/Messages/AvalancheMessages$Message.java,getTaskStatusMessage
67366ab5-4121-477e-a26c-d2501b464c4e,73a614ad-bd0f-4d46-9ca0-a36fa52a76ab,a988559d-6557-4d95-a3a7-0d47923a12d5,->,67366ab5-4121-477e-a26c-d2501b464c4e,java/util/concurrent/ConcurrentHashMap.java,put
67366ab5-4121-477e-a26c-d2501b464c4e,73a614ad-bd0f-4d46-9ca0-a36fa52a76ab,a988559d-6557-4d95-a3a7-0d47923a12d5,->,67366ab5-4121-477e-a26c-d2501b464c4e,java/io/PrintStream.java,println
67366ab5-4121-477e-a26c-d2501b464c4e,0f5d2799-dd55-420a-b93a-85ab9a5e90f3,2d5bd384-4606-41e3-9ee9-ef4bf9309563,->,67366ab5-4121-477e-a26c-d2501b464c4e,java/lang/StringBuilder.java,append
67366ab5-4121-477e-a26c-d2501b464c4e,0f5d2799-dd55-420a-b93a-85ab9a5e90f3,2d5bd384-4606-41e3-9ee9-ef4bf9309563,->,67366ab5-4121-477e-a26c-d2501b464c4e,CommLayer/Messages/AvalancheMessages$Message.java,getMessageType
67366ab5-4121-477e-a26c-d2501b464c4e,0f5d2799-dd55-420a-b93a-85ab9a5e90f3,2d5bd384-4606-41e3-9ee9-ef4bf9309563,->,67366ab5-4121-477e-a26c-d2501b464c4e,java/lang/StringBuilder.java,append
67366ab5-4121-477e-a26c-d2501b464c4e,0f5d2799-dd55-420a-b93a-85ab9a5e90f3,2d5bd384-4606-41e3-9ee9-ef4bf9309563,->,67366ab5-4121-477e-a26c-d2501b464c4e,java/lang/StringBuilder.java,toString
67366ab5-4121-477e-a26c-d2501b464c4e,0f5d2799-dd55-420a-b93a-85ab9a5e90f3,2d5bd384-4606-41e3-9ee9-ef4bf9309563,->,67366ab5-4121-477e-a26c-d2501b464c4e,java/io/PrintStream.java,println
67366ab5-4121-477e-a26c-d2501b464c4e,0f5d2799-dd55-420a-b93a-85ab9a5e90f3,2d5bd384-4606-41e3-9ee9-ef4bf9309563,->,67366ab5-4121-477e-a26c-d2501b464c4e,2ad5ceba-170a-46b2-ab66-da5b1ce959ba,b6e743a5-d90f-466e-8bc8-e39adfb690e0
67366ab5-4121-477e-a26c-d2501b464c4e,0f5d2799-dd55-420a-b93a-85ab9a5e90f3,2d5bd384-4606-41e3-9ee9-ef4bf9309563,->,67366ab5-4121-477e-a26c-d2501b464c4e,java/lang/StringBuilder.java,append
67366ab5-4121-477e-a26c-d2501b464c4e,0f5d2799-dd55-420a-b93a-85ab9a5e90f3,2d5bd384-4606-41e3-9ee9-ef4bf9309563,->,67366ab5-4121-477e-a26c-d2501b464c4e,CommLayer/Messages/AvalancheMessages$Message.java,getTopologyStatusMessage
67366ab5-4121-477e-a26c-d2501b464c4e,0f5d2799-dd55-420a-b93a-85ab9a5e90f3,2d5bd384-4606-41e3-9ee9-ef4bf9309563,->,67366ab5-4121-477e-a26c-d2501b464c4e,CommLayer/Messages/AvalancheMessages$Message$TopologyStatusMessage.java,getTaskStatusesList
67366ab5-4121-477e-a26c-d2501b464c4e,0f5d2799-dd55-420a-b93a-85ab9a5e90f3,2d5bd384-4606-41e3-9ee9-ef4bf9309563,->,67366ab5-4121-477e-a26c-d2501b464c4e,java/lang/StringBuilder.java,append
67366ab5-4121-477e-a26c-d2501b464c4e,0f5d2799-dd55-420a-b93a-85ab9a5e90f3,2d5bd384-4606-41e3-9ee9-ef4bf9309563,->,67366ab5-4121-477e-a26c-d2501b464c4e,java/lang/StringBuilder.java,toString
67366ab5-4121-477e-a26c-d2501b464c4e,0f5d2799-dd55-420a-b93a-85ab9a5e90f3,2d5bd384-4606-41e3-9ee9-ef4bf9309563,->,67366ab5-4121-477e-a26c-d2501b464c4e,java/io/PrintStream.java,println
67366ab5-4121-477e-a26c-d2501b464c4e,0f5d2799-dd55-420a-b93a-85ab9a5e90f3,2d5bd384-4606-41e3-9ee9-ef4bf9309563,->,67366ab5-4121-477e-a26c-d2501b464c4e,CommLayer/Messages/AvalancheMessages$Message.java,getTopologyStatusMessage
67366ab5-4121-477e-a26c-d2501b464c4e,0f5d2799-dd55-420a-b93a-85ab9a5e90f3,2d5bd384-4606-41e3-9ee9-ef4bf9309563,->,67366ab5-4121-477e-a26c-d2501b464c4e,CommLayer/Messages/AvalancheMessages$Message$TopologyStatusMessage.java,getTaskStatusesList
67366ab5-4121-477e-a26c-d2501b464c4e,0f5d2799-dd55-420a-b93a-85ab9a5e90f3,2d5bd384-4606-41e3-9ee9-ef4bf9309563,->,67366ab5-4121-477e-a26c-d2501b464c4e,java/util/List.java,iterator
67366ab5-4121-477e-a26c-d2501b464c4e,0f5d2799-dd55-420a-b93a-85ab9a5e90f3,2d5bd384-4606-41e3-9ee9-ef4bf9309563,->,67366ab5-4121-477e-a26c-d2501b464c4e,java/util/Iterator.java,hasNext
67366ab5-4121-477e-a26c-d2501b464c4e,0f5d2799-dd55-420a-b93a-85ab9a5e90f3,2d5bd384-4606-41e3-9ee9-ef4bf9309563,->,67366ab5-4121-477e-a26c-d2501b464c4e,java/util/Iterator.java,next
67366ab5-4121-477e-a26c-d2501b464c4e,0f5d2799-dd55-420a-b93a-85ab9a5e90f3,2d5bd384-4606-41e3-9ee9-ef4bf9309563,->,67366ab5-4121-477e-a26c-d2501b464c4e,CommLayer/Messages/AvalancheMessages$Message$TaskStatusMessage.java,getId
67366ab5-4121-477e-a26c-d2501b464c4e,0f5d2799-dd55-420a-b93a-85ab9a5e90f3,2d5bd384-4606-41e3-9ee9-ef4bf9309563,->,67366ab5-4121-477e-a26c-d2501b464c4e,java/util/concurrent/ConcurrentHashMap.java,put
67366ab5-4121-477e-a26c-d2501b464c4e,0f5d2799-dd55-420a-b93a-85ab9a5e90f3,2d5bd384-4606-41e3-9ee9-ef4bf9309563,->,67366ab5-4121-477e-a26c-d2501b464c4e,java/io/PrintStream.java,println
67366ab5-4121-477e-a26c-d2501b464c4e,0f5d2799-dd55-420a-b93a-85ab9a5e90f3,8689234a-292c-4524-bcb3-de98c7ce566e,->,67366ab5-4121-477e-a26c-d2501b464c4e,ad9645e9-13a0-480a-b03e-65d5a6599f26,f1f802ba-f153-4550-a369-e7fa678e9358
67366ab5-4121-477e-a26c-d2501b464c4e,0f5d2799-dd55-420a-b93a-85ab9a5e90f3,8689234a-292c-4524-bcb3-de98c7ce566e,->,67366ab5-4121-477e-a26c-d2501b464c4e,ad9645e9-13a0-480a-b03e-65d5a6599f26,f1f802ba-f153-4550-a369-e7fa678e9358
67366ab5-4121-477e-a26c-d2501b464c4e,0f5d2799-dd55-420a-b93a-85ab9a5e90f3,8689234a-292c-4524-bcb3-de98c7ce566e,->,67366ab5-4121-477e-a26c-d2501b464c4e,ad9645e9-13a0-480a-b03e-65d5a6599f26,f1f802ba-f153-4550-a369-e7fa678e9358
67366ab5-4121-477e-a26c-d2501b464c4e,0f5d2799-dd55-420a-b93a-85ab9a5e90f3,8689234a-292c-4524-bcb3-de98c7ce566e,->,67366ab5-4121-477e-a26c-d2501b464c4e,ad9645e9-13a0-480a-b03e-65d5a6599f26,f1f802ba-f153-4550-a369-e7fa678e9358
67366ab5-4121-477e-a26c-d2501b464c4e,0f5d2799-dd55-420a-b93a-85ab9a5e90f3,8689234a-292c-4524-bcb3-de98c7ce566e,->,67366ab5-4121-477e-a26c-d2501b464c4e,ad9645e9-13a0-480a-b03e-65d5a6599f26,563b6e32-c21d-4e42-bf52-69b8954634a5
67366ab5-4121-477e-a26c-d2501b464c4e,0f5d2799-dd55-420a-b93a-85ab9a5e90f3,8689234a-292c-4524-bcb3-de98c7ce566e,->,67366ab5-4121-477e-a26c-d2501b464c4e,java/lang/Integer.java,valueOf
67366ab5-4121-477e-a26c-d2501b464c4e,0f5d2799-dd55-420a-b93a-85ab9a5e90f3,8689234a-292c-4524-bcb3-de98c7ce566e,->,67366ab5-4121-477e-a26c-d2501b464c4e,ad9645e9-13a0-480a-b03e-65d5a6599f26,563b6e32-c21d-4e42-bf52-69b8954634a5
67366ab5-4121-477e-a26c-d2501b464c4e,0f5d2799-dd55-420a-b93a-85ab9a5e90f3,8689234a-292c-4524-bcb3-de98c7ce566e,->,67366ab5-4121-477e-a26c-d2501b464c4e,java/lang/Integer.java,valueOf
67366ab5-4121-477e-a26c-d2501b464c4e,0f5d2799-dd55-420a-b93a-85ab9a5e90f3,8689234a-292c-4524-bcb3-de98c7ce566e,->,67366ab5-4121-477e-a26c-d2501b464c4e,ad9645e9-13a0-480a-b03e-65d5a6599f26,f1f802ba-f153-4550-a369-e7fa678e9358
67366ab5-4121-477e-a26c-d2501b464c4e,0f5d2799-dd55-420a-b93a-85ab9a5e90f3,8689234a-292c-4524-bcb3-de98c7ce566e,->,67366ab5-4121-477e-a26c-d2501b464c4e,ad9645e9-13a0-480a-b03e-65d5a6599f26,563b6e32-c21d-4e42-bf52-69b8954634a5
67366ab5-4121-477e-a26c-d2501b464c4e,0f5d2799-dd55-420a-b93a-85ab9a5e90f3,8689234a-292c-4524-bcb3-de98c7ce566e,->,67366ab5-4121-477e-a26c-d2501b464c4e,ad9645e9-13a0-480a-b03e-65d5a6599f26,f1f802ba-f153-4550-a369-e7fa678e9358
67366ab5-4121-477e-a26c-d2501b464c4e,0f5d2799-dd55-420a-b93a-85ab9a5e90f3,1a249182-0774-41e8-9f01-c96ffd4ebbf7,->,67366ab5-4121-477e-a26c-d2501b464c4e,java/io/PrintWriter.java,println
67366ab5-4121-477e-a26c-d2501b464c4e,0f5d2799-dd55-420a-b93a-85ab9a5e90f3,1a249182-0774-41e8-9f01-c96ffd4ebbf7,->,67366ab5-4121-477e-a26c-d2501b464c4e,java/io/PrintStream.java,println
67366ab5-4121-477e-a26c-d2501b464c4e,0f5d2799-dd55-420a-b93a-85ab9a5e90f3,1a249182-0774-41e8-9f01-c96ffd4ebbf7,->,67366ab5-4121-477e-a26c-d2501b464c4e,java/util/concurrent/ConcurrentHashMap.java,keySet
67366ab5-4121-477e-a26c-d2501b464c4e,0f5d2799-dd55-420a-b93a-85ab9a5e90f3,1a249182-0774-41e8-9f01-c96ffd4ebbf7,->,67366ab5-4121-477e-a26c-d2501b464c4e,java/util/concurrent/ConcurrentHashMap$KeySetView.java,iterator
67366ab5-4121-477e-a26c-d2501b464c4e,0f5d2799-dd55-420a-b93a-85ab9a5e90f3,1a249182-0774-41e8-9f01-c96ffd4ebbf7,->,67366ab5-4121-477e-a26c-d2501b464c4e,java/util/Iterator.java,hasNext
67366ab5-4121-477e-a26c-d2501b464c4e,0f5d2799-dd55-420a-b93a-85ab9a5e90f3,1a249182-0774-41e8-9f01-c96ffd4ebbf7,->,67366ab5-4121-477e-a26c-d2501b464c4e,java/util/Iterator.java,next
67366ab5-4121-477e-a26c-d2501b464c4e,0f5d2799-dd55-420a-b93a-85ab9a5e90f3,1a249182-0774-41e8-9f01-c96ffd4ebbf7,->,67366ab5-4121-477e-a26c-d2501b464c4e,java/util/concurrent/ConcurrentHashMap.java,get
67366ab5-4121-477e-a26c-d2501b464c4e,0f5d2799-dd55-420a-b93a-85ab9a5e90f3,1a249182-0774-41e8-9f01-c96ffd4ebbf7,->,67366ab5-4121-477e-a26c-d2501b464c4e,CommLayer/Messages/AvalancheMessages$Message$TaskStatusMessage.java,getStatus
67366ab5-4121-477e-a26c-d2501b464c4e,0f5d2799-dd55-420a-b93a-85ab9a5e90f3,1a249182-0774-41e8-9f01-c96ffd4ebbf7,->,67366ab5-4121-477e-a26c-d2501b464c4e,CommLayer/Messages/AvalancheMessages$Message$TaskStatusMessage.java,getStatus
67366ab5-4121-477e-a26c-d2501b464c4e,0f5d2799-dd55-420a-b93a-85ab9a5e90f3,1a249182-0774-41e8-9f01-c96ffd4ebbf7,->,67366ab5-4121-477e-a26c-d2501b464c4e,java/lang/StringBuilder.java,append
67366ab5-4121-477e-a26c-d2501b464c4e,0f5d2799-dd55-420a-b93a-85ab9a5e90f3,1a249182-0774-41e8-9f01-c96ffd4ebbf7,->,67366ab5-4121-477e-a26c-d2501b464c4e,java/lang/StringBuilder.java,append
67366ab5-4121-477e-a26c-d2501b464c4e,0f5d2799-dd55-420a-b93a-85ab9a5e90f3,1a249182-0774-41e8-9f01-c96ffd4ebbf7,->,67366ab5-4121-477e-a26c-d2501b464c4e,java/lang/StringBuilder.java,append
67366ab5-4121-477e-a26c-d2501b464c4e,0f5d2799-dd55-420a-b93a-85ab9a5e90f3,1a249182-0774-41e8-9f01-c96ffd4ebbf7,->,67366ab5-4121-477e-a26c-d2501b464c4e,java/lang/StringBuilder.java,toString
67366ab5-4121-477e-a26c-d2501b464c4e,0f5d2799-dd55-420a-b93a-85ab9a5e90f3,1a249182-0774-41e8-9f01-c96ffd4ebbf7,->,67366ab5-4121-477e-a26c-d2501b464c4e,java/io/PrintWriter.java,println
67366ab5-4121-477e-a26c-d2501b464c4e,0f5d2799-dd55-420a-b93a-85ab9a5e90f3,1a249182-0774-41e8-9f01-c96ffd4ebbf7,->,67366ab5-4121-477e-a26c-d2501b464c4e,java/io/PrintWriter.java,close
67366ab5-4121-477e-a26c-d2501b464c4e,0f5d2799-dd55-420a-b93a-85ab9a5e90f3,1a249182-0774-41e8-9f01-c96ffd4ebbf7,->,67366ab5-4121-477e-a26c-d2501b464c4e,java/io/PrintStream.java,println
67366ab5-4121-477e-a26c-d2501b464c4e,82eb7712-f9d0-4c3c-8c3b-59726ed32613,1e864176-0130-4f2d-8ced-2ce902e7d309,->,67366ab5-4121-477e-a26c-d2501b464c4e,java/io/BufferedReader.java,readLine
67366ab5-4121-477e-a26c-d2501b464c4e,82eb7712-f9d0-4c3c-8c3b-59726ed32613,1e864176-0130-4f2d-8ced-2ce902e7d309,->,67366ab5-4121-477e-a26c-d2501b464c4e,java/lang/String.java,split
67366ab5-4121-477e-a26c-d2501b464c4e,82eb7712-f9d0-4c3c-8c3b-59726ed32613,1e864176-0130-4f2d-8ced-2ce902e7d309,->,67366ab5-4121-477e-a26c-d2501b464c4e,java/util/HashMap.java,put
67366ab5-4121-477e-a26c-d2501b464c4e,82eb7712-f9d0-4c3c-8c3b-59726ed32613,1e864176-0130-4f2d-8ced-2ce902e7d309,->,67366ab5-4121-477e-a26c-d2501b464c4e,java/util/HashMap.java,put
67366ab5-4121-477e-a26c-d2501b464c4e,82eb7712-f9d0-4c3c-8c3b-59726ed32613,1e864176-0130-4f2d-8ced-2ce902e7d309,->,67366ab5-4121-477e-a26c-d2501b464c4e,java/util/HashMap.java,get
67366ab5-4121-477e-a26c-d2501b464c4e,82eb7712-f9d0-4c3c-8c3b-59726ed32613,1e864176-0130-4f2d-8ced-2ce902e7d309,->,67366ab5-4121-477e-a26c-d2501b464c4e,java/util/LinkedList.java,add
67366ab5-4121-477e-a26c-d2501b464c4e,82eb7712-f9d0-4c3c-8c3b-59726ed32613,1e864176-0130-4f2d-8ced-2ce902e7d309,->,67366ab5-4121-477e-a26c-d2501b464c4e,java/io/BufferedReader.java,readLine
67366ab5-4121-477e-a26c-d2501b464c4e,82eb7712-f9d0-4c3c-8c3b-59726ed32613,1e864176-0130-4f2d-8ced-2ce902e7d309,->,67366ab5-4121-477e-a26c-d2501b464c4e,java/io/BufferedReader.java,close
67366ab5-4121-477e-a26c-d2501b464c4e,82eb7712-f9d0-4c3c-8c3b-59726ed32613,1e864176-0130-4f2d-8ced-2ce902e7d309,->,67366ab5-4121-477e-a26c-d2501b464c4e,java/io/BufferedReader.java,close
67366ab5-4121-477e-a26c-d2501b464c4e,82eb7712-f9d0-4c3c-8c3b-59726ed32613,1e864176-0130-4f2d-8ced-2ce902e7d309,->,67366ab5-4121-477e-a26c-d2501b464c4e,java/io/PrintStream.java,println
67366ab5-4121-477e-a26c-d2501b464c4e,82eb7712-f9d0-4c3c-8c3b-59726ed32613,6a93e849-3ea4-4de8-b719-4f3a9f501804,->,67366ab5-4121-477e-a26c-d2501b464c4e,java/util/HashMap.java,keySet
67366ab5-4121-477e-a26c-d2501b464c4e,82eb7712-f9d0-4c3c-8c3b-59726ed32613,6a93e849-3ea4-4de8-b719-4f3a9f501804,->,67366ab5-4121-477e-a26c-d2501b464c4e,java/util/Set.java,iterator
67366ab5-4121-477e-a26c-d2501b464c4e,82eb7712-f9d0-4c3c-8c3b-59726ed32613,6a93e849-3ea4-4de8-b719-4f3a9f501804,->,67366ab5-4121-477e-a26c-d2501b464c4e,java/util/Iterator.java,hasNext
67366ab5-4121-477e-a26c-d2501b464c4e,82eb7712-f9d0-4c3c-8c3b-59726ed32613,6a93e849-3ea4-4de8-b719-4f3a9f501804,->,67366ab5-4121-477e-a26c-d2501b464c4e,java/util/Iterator.java,next
67366ab5-4121-477e-a26c-d2501b464c4e,82eb7712-f9d0-4c3c-8c3b-59726ed32613,6a93e849-3ea4-4de8-b719-4f3a9f501804,->,67366ab5-4121-477e-a26c-d2501b464c4e,java/lang/Boolean.java,valueOf
67366ab5-4121-477e-a26c-d2501b464c4e,82eb7712-f9d0-4c3c-8c3b-59726ed32613,6a93e849-3ea4-4de8-b719-4f3a9f501804,->,67366ab5-4121-477e-a26c-d2501b464c4e,java/util/HashMap.java,put
67366ab5-4121-477e-a26c-d2501b464c4e,82eb7712-f9d0-4c3c-8c3b-59726ed32613,6a93e849-3ea4-4de8-b719-4f3a9f501804,->,67366ab5-4121-477e-a26c-d2501b464c4e,java/util/HashMap.java,keySet
67366ab5-4121-477e-a26c-d2501b464c4e,82eb7712-f9d0-4c3c-8c3b-59726ed32613,6a93e849-3ea4-4de8-b719-4f3a9f501804,->,67366ab5-4121-477e-a26c-d2501b464c4e,java/util/Set.java,iterator
67366ab5-4121-477e-a26c-d2501b464c4e,82eb7712-f9d0-4c3c-8c3b-59726ed32613,6a93e849-3ea4-4de8-b719-4f3a9f501804,->,67366ab5-4121-477e-a26c-d2501b464c4e,java/util/Iterator.java,hasNext
67366ab5-4121-477e-a26c-d2501b464c4e,82eb7712-f9d0-4c3c-8c3b-59726ed32613,6a93e849-3ea4-4de8-b719-4f3a9f501804,->,67366ab5-4121-477e-a26c-d2501b464c4e,java/util/Iterator.java,next
67366ab5-4121-477e-a26c-d2501b464c4e,82eb7712-f9d0-4c3c-8c3b-59726ed32613,6a93e849-3ea4-4de8-b719-4f3a9f501804,->,67366ab5-4121-477e-a26c-d2501b464c4e,java/util/HashMap.java,get
67366ab5-4121-477e-a26c-d2501b464c4e,82eb7712-f9d0-4c3c-8c3b-59726ed32613,6a93e849-3ea4-4de8-b719-4f3a9f501804,->,67366ab5-4121-477e-a26c-d2501b464c4e,java/util/LinkedList.java,iterator
67366ab5-4121-477e-a26c-d2501b464c4e,82eb7712-f9d0-4c3c-8c3b-59726ed32613,6a93e849-3ea4-4de8-b719-4f3a9f501804,->,67366ab5-4121-477e-a26c-d2501b464c4e,java/util/Iterator.java,hasNext
67366ab5-4121-477e-a26c-d2501b464c4e,82eb7712-f9d0-4c3c-8c3b-59726ed32613,6a93e849-3ea4-4de8-b719-4f3a9f501804,->,67366ab5-4121-477e-a26c-d2501b464c4e,java/util/Iterator.java,next
67366ab5-4121-477e-a26c-d2501b464c4e,82eb7712-f9d0-4c3c-8c3b-59726ed32613,6a93e849-3ea4-4de8-b719-4f3a9f501804,->,67366ab5-4121-477e-a26c-d2501b464c4e,java/lang/Boolean.java,valueOf
67366ab5-4121-477e-a26c-d2501b464c4e,82eb7712-f9d0-4c3c-8c3b-59726ed32613,6a93e849-3ea4-4de8-b719-4f3a9f501804,->,67366ab5-4121-477e-a26c-d2501b464c4e,java/util/HashMap.java,put
67366ab5-4121-477e-a26c-d2501b464c4e,82eb7712-f9d0-4c3c-8c3b-59726ed32613,6a93e849-3ea4-4de8-b719-4f3a9f501804,->,67366ab5-4121-477e-a26c-d2501b464c4e,java/util/HashMap.java,keySet
67366ab5-4121-477e-a26c-d2501b464c4e,82eb7712-f9d0-4c3c-8c3b-59726ed32613,6a93e849-3ea4-4de8-b719-4f3a9f501804,->,67366ab5-4121-477e-a26c-d2501b464c4e,java/util/Set.java,iterator
67366ab5-4121-477e-a26c-d2501b464c4e,82eb7712-f9d0-4c3c-8c3b-59726ed32613,6a93e849-3ea4-4de8-b719-4f3a9f501804,->,67366ab5-4121-477e-a26c-d2501b464c4e,java/util/Iterator.java,hasNext
67366ab5-4121-477e-a26c-d2501b464c4e,82eb7712-f9d0-4c3c-8c3b-59726ed32613,6a93e849-3ea4-4de8-b719-4f3a9f501804,->,67366ab5-4121-477e-a26c-d2501b464c4e,java/util/Iterator.java,next
67366ab5-4121-477e-a26c-d2501b464c4e,82eb7712-f9d0-4c3c-8c3b-59726ed32613,6a93e849-3ea4-4de8-b719-4f3a9f501804,->,67366ab5-4121-477e-a26c-d2501b464c4e,java/util/HashMap.java,get
67366ab5-4121-477e-a26c-d2501b464c4e,82eb7712-f9d0-4c3c-8c3b-59726ed32613,6a93e849-3ea4-4de8-b719-4f3a9f501804,->,67366ab5-4121-477e-a26c-d2501b464c4e,java/lang/Boolean.java,booleanValue
67366ab5-4121-477e-a26c-d2501b464c4e,82eb7712-f9d0-4c3c-8c3b-59726ed32613,e2e6cb03-1e6b-43c7-9e3b-abd2fd88f652,->,67366ab5-4121-477e-a26c-d2501b464c4e,java/util/LinkedList.java,iterator
67366ab5-4121-477e-a26c-d2501b464c4e,82eb7712-f9d0-4c3c-8c3b-59726ed32613,e2e6cb03-1e6b-43c7-9e3b-abd2fd88f652,->,67366ab5-4121-477e-a26c-d2501b464c4e,java/util/Iterator.java,hasNext
67366ab5-4121-477e-a26c-d2501b464c4e,82eb7712-f9d0-4c3c-8c3b-59726ed32613,e2e6cb03-1e6b-43c7-9e3b-abd2fd88f652,->,67366ab5-4121-477e-a26c-d2501b464c4e,java/util/Iterator.java,next
67366ab5-4121-477e-a26c-d2501b464c4e,82eb7712-f9d0-4c3c-8c3b-59726ed32613,e2e6cb03-1e6b-43c7-9e3b-abd2fd88f652,->,67366ab5-4121-477e-a26c-d2501b464c4e,java/util/HashMap.java,get
67366ab5-4121-477e-a26c-d2501b464c4e,82eb7712-f9d0-4c3c-8c3b-59726ed32613,e2e6cb03-1e6b-43c7-9e3b-abd2fd88f652,->,67366ab5-4121-477e-a26c-d2501b464c4e,java/util/LinkedList.java,iterator
67366ab5-4121-477e-a26c-d2501b464c4e,82eb7712-f9d0-4c3c-8c3b-59726ed32613,e2e6cb03-1e6b-43c7-9e3b-abd2fd88f652,->,67366ab5-4121-477e-a26c-d2501b464c4e,java/util/Iterator.java,hasNext
67366ab5-4121-477e-a26c-d2501b464c4e,82eb7712-f9d0-4c3c-8c3b-59726ed32613,e2e6cb03-1e6b-43c7-9e3b-abd2fd88f652,->,67366ab5-4121-477e-a26c-d2501b464c4e,java/util/Iterator.java,next
67366ab5-4121-477e-a26c-d2501b464c4e,82eb7712-f9d0-4c3c-8c3b-59726ed32613,e2e6cb03-1e6b-43c7-9e3b-abd2fd88f652,->,67366ab5-4121-477e-a26c-d2501b464c4e,java/util/LinkedList.java,add
67366ab5-4121-477e-a26c-d2501b464c4e,daf0c716-fbf2-47ab-8286-da104316e3a1,deb07946-a0a3-4b70-84d4-2f4d35fbb3c9,->,67366ab5-4121-477e-a26c-d2501b464c4e,java/lang/StringBuilder.java,append
67366ab5-4121-477e-a26c-d2501b464c4e,daf0c716-fbf2-47ab-8286-da104316e3a1,deb07946-a0a3-4b70-84d4-2f4d35fbb3c9,->,67366ab5-4121-477e-a26c-d2501b464c4e,java/lang/StringBuilder.java,append
67366ab5-4121-477e-a26c-d2501b464c4e,daf0c716-fbf2-47ab-8286-da104316e3a1,deb07946-a0a3-4b70-84d4-2f4d35fbb3c9,->,67366ab5-4121-477e-a26c-d2501b464c4e,java/lang/StringBuilder.java,append
67366ab5-4121-477e-a26c-d2501b464c4e,daf0c716-fbf2-47ab-8286-da104316e3a1,deb07946-a0a3-4b70-84d4-2f4d35fbb3c9,->,67366ab5-4121-477e-a26c-d2501b464c4e,java/lang/StringBuilder.java,append
67366ab5-4121-477e-a26c-d2501b464c4e,daf0c716-fbf2-47ab-8286-da104316e3a1,deb07946-a0a3-4b70-84d4-2f4d35fbb3c9,->,67366ab5-4121-477e-a26c-d2501b464c4e,java/lang/StringBuilder.java,toString
67366ab5-4121-477e-a26c-d2501b464c4e,daf0c716-fbf2-47ab-8286-da104316e3a1,deb07946-a0a3-4b70-84d4-2f4d35fbb3c9,->,67366ab5-4121-477e-a26c-d2501b464c4e,java/io/PrintStream.java,println
67366ab5-4121-477e-a26c-d2501b464c4e,daf0c716-fbf2-47ab-8286-da104316e3a1,deb07946-a0a3-4b70-84d4-2f4d35fbb3c9,->,67366ab5-4121-477e-a26c-d2501b464c4e,java/util/LinkedList.java,size
67366ab5-4121-477e-a26c-d2501b464c4e,daf0c716-fbf2-47ab-8286-da104316e3a1,deb07946-a0a3-4b70-84d4-2f4d35fbb3c9,->,67366ab5-4121-477e-a26c-d2501b464c4e,java/util/LinkedList.java,size
67366ab5-4121-477e-a26c-d2501b464c4e,daf0c716-fbf2-47ab-8286-da104316e3a1,deb07946-a0a3-4b70-84d4-2f4d35fbb3c9,->,67366ab5-4121-477e-a26c-d2501b464c4e,java/util/LinkedList.java,size
67366ab5-4121-477e-a26c-d2501b464c4e,daf0c716-fbf2-47ab-8286-da104316e3a1,deb07946-a0a3-4b70-84d4-2f4d35fbb3c9,->,67366ab5-4121-477e-a26c-d2501b464c4e,java/util/LinkedList.java,size
67366ab5-4121-477e-a26c-d2501b464c4e,daf0c716-fbf2-47ab-8286-da104316e3a1,deb07946-a0a3-4b70-84d4-2f4d35fbb3c9,->,67366ab5-4121-477e-a26c-d2501b464c4e,java/util/LinkedList.java,get
67366ab5-4121-477e-a26c-d2501b464c4e,daf0c716-fbf2-47ab-8286-da104316e3a1,deb07946-a0a3-4b70-84d4-2f4d35fbb3c9,->,67366ab5-4121-477e-a26c-d2501b464c4e,java/util/HashMap.java,get
67366ab5-4121-477e-a26c-d2501b464c4e,daf0c716-fbf2-47ab-8286-da104316e3a1,deb07946-a0a3-4b70-84d4-2f4d35fbb3c9,->,67366ab5-4121-477e-a26c-d2501b464c4e,java/util/LinkedList.java,get
67366ab5-4121-477e-a26c-d2501b464c4e,daf0c716-fbf2-47ab-8286-da104316e3a1,deb07946-a0a3-4b70-84d4-2f4d35fbb3c9,->,67366ab5-4121-477e-a26c-d2501b464c4e,java/util/LinkedList.java,add
67366ab5-4121-477e-a26c-d2501b464c4e,daf0c716-fbf2-47ab-8286-da104316e3a1,deb07946-a0a3-4b70-84d4-2f4d35fbb3c9,->,67366ab5-4121-477e-a26c-d2501b464c4e,java/util/LinkedList.java,size
67366ab5-4121-477e-a26c-d2501b464c4e,daf0c716-fbf2-47ab-8286-da104316e3a1,deb07946-a0a3-4b70-84d4-2f4d35fbb3c9,->,67366ab5-4121-477e-a26c-d2501b464c4e,java/util/LinkedList.java,get
67366ab5-4121-477e-a26c-d2501b464c4e,daf0c716-fbf2-47ab-8286-da104316e3a1,deb07946-a0a3-4b70-84d4-2f4d35fbb3c9,->,67366ab5-4121-477e-a26c-d2501b464c4e,java/util/HashMap.java,get
67366ab5-4121-477e-a26c-d2501b464c4e,daf0c716-fbf2-47ab-8286-da104316e3a1,deb07946-a0a3-4b70-84d4-2f4d35fbb3c9,->,67366ab5-4121-477e-a26c-d2501b464c4e,java/util/LinkedList.java,size
67366ab5-4121-477e-a26c-d2501b464c4e,daf0c716-fbf2-47ab-8286-da104316e3a1,deb07946-a0a3-4b70-84d4-2f4d35fbb3c9,->,67366ab5-4121-477e-a26c-d2501b464c4e,java/util/LinkedList.java,get
67366ab5-4121-477e-a26c-d2501b464c4e,daf0c716-fbf2-47ab-8286-da104316e3a1,deb07946-a0a3-4b70-84d4-2f4d35fbb3c9,->,67366ab5-4121-477e-a26c-d2501b464c4e,java/util/LinkedList.java,add
67366ab5-4121-477e-a26c-d2501b464c4e,daf0c716-fbf2-47ab-8286-da104316e3a1,01189359-4557-4962-85ba-41f060662210,->,67366ab5-4121-477e-a26c-d2501b464c4e,82eb7712-f9d0-4c3c-8c3b-59726ed32613,ab17c65c-238e-4c87-baca-2dd7859a93c7
67366ab5-4121-477e-a26c-d2501b464c4e,daf0c716-fbf2-47ab-8286-da104316e3a1,01189359-4557-4962-85ba-41f060662210,->,67366ab5-4121-477e-a26c-d2501b464c4e,java/util/HashMap.java,keySet
67366ab5-4121-477e-a26c-d2501b464c4e,daf0c716-fbf2-47ab-8286-da104316e3a1,01189359-4557-4962-85ba-41f060662210,->,67366ab5-4121-477e-a26c-d2501b464c4e,java/util/Set.java,iterator
67366ab5-4121-477e-a26c-d2501b464c4e,daf0c716-fbf2-47ab-8286-da104316e3a1,01189359-4557-4962-85ba-41f060662210,->,67366ab5-4121-477e-a26c-d2501b464c4e,java/util/Iterator.java,hasNext
67366ab5-4121-477e-a26c-d2501b464c4e,daf0c716-fbf2-47ab-8286-da104316e3a1,01189359-4557-4962-85ba-41f060662210,->,67366ab5-4121-477e-a26c-d2501b464c4e,java/util/Iterator.java,next
67366ab5-4121-477e-a26c-d2501b464c4e,daf0c716-fbf2-47ab-8286-da104316e3a1,01189359-4557-4962-85ba-41f060662210,->,67366ab5-4121-477e-a26c-d2501b464c4e,java/util/HashMap.java,put
67366ab5-4121-477e-a26c-d2501b464c4e,daf0c716-fbf2-47ab-8286-da104316e3a1,01189359-4557-4962-85ba-41f060662210,->,67366ab5-4121-477e-a26c-d2501b464c4e,79c1b54b-6c34-4b2c-874a-729a695d2faa,daba46a6-caf7-445f-9f0b-af9e61075dc2
67366ab5-4121-477e-a26c-d2501b464c4e,daf0c716-fbf2-47ab-8286-da104316e3a1,01189359-4557-4962-85ba-41f060662210,->,67366ab5-4121-477e-a26c-d2501b464c4e,java/util/HashSet.java,iterator
67366ab5-4121-477e-a26c-d2501b464c4e,daf0c716-fbf2-47ab-8286-da104316e3a1,01189359-4557-4962-85ba-41f060662210,->,67366ab5-4121-477e-a26c-d2501b464c4e,java/util/Iterator.java,hasNext
67366ab5-4121-477e-a26c-d2501b464c4e,daf0c716-fbf2-47ab-8286-da104316e3a1,01189359-4557-4962-85ba-41f060662210,->,67366ab5-4121-477e-a26c-d2501b464c4e,java/util/Iterator.java,next
67366ab5-4121-477e-a26c-d2501b464c4e,daf0c716-fbf2-47ab-8286-da104316e3a1,01189359-4557-4962-85ba-41f060662210,->,67366ab5-4121-477e-a26c-d2501b464c4e,java/util/LinkedList.java,add
67366ab5-4121-477e-a26c-d2501b464c4e,daf0c716-fbf2-47ab-8286-da104316e3a1,01189359-4557-4962-85ba-41f060662210,->,67366ab5-4121-477e-a26c-d2501b464c4e,java/lang/StringBuilder.java,append
67366ab5-4121-477e-a26c-d2501b464c4e,daf0c716-fbf2-47ab-8286-da104316e3a1,01189359-4557-4962-85ba-41f060662210,->,67366ab5-4121-477e-a26c-d2501b464c4e,79c1b54b-6c34-4b2c-874a-729a695d2faa,daba46a6-caf7-445f-9f0b-af9e61075dc2
67366ab5-4121-477e-a26c-d2501b464c4e,daf0c716-fbf2-47ab-8286-da104316e3a1,01189359-4557-4962-85ba-41f060662210,->,67366ab5-4121-477e-a26c-d2501b464c4e,java/lang/StringBuilder.java,append
67366ab5-4121-477e-a26c-d2501b464c4e,daf0c716-fbf2-47ab-8286-da104316e3a1,01189359-4557-4962-85ba-41f060662210,->,67366ab5-4121-477e-a26c-d2501b464c4e,java/lang/StringBuilder.java,append
67366ab5-4121-477e-a26c-d2501b464c4e,daf0c716-fbf2-47ab-8286-da104316e3a1,01189359-4557-4962-85ba-41f060662210,->,67366ab5-4121-477e-a26c-d2501b464c4e,java/lang/StringBuilder.java,append
67366ab5-4121-477e-a26c-d2501b464c4e,daf0c716-fbf2-47ab-8286-da104316e3a1,01189359-4557-4962-85ba-41f060662210,->,67366ab5-4121-477e-a26c-d2501b464c4e,java/lang/StringBuilder.java,toString
67366ab5-4121-477e-a26c-d2501b464c4e,daf0c716-fbf2-47ab-8286-da104316e3a1,01189359-4557-4962-85ba-41f060662210,->,67366ab5-4121-477e-a26c-d2501b464c4e,java/io/PrintStream.java,println
67366ab5-4121-477e-a26c-d2501b464c4e,daf0c716-fbf2-47ab-8286-da104316e3a1,01189359-4557-4962-85ba-41f060662210,->,67366ab5-4121-477e-a26c-d2501b464c4e,82eb7712-f9d0-4c3c-8c3b-59726ed32613,6a93e849-3ea4-4de8-b719-4f3a9f501804
67366ab5-4121-477e-a26c-d2501b464c4e,daf0c716-fbf2-47ab-8286-da104316e3a1,01189359-4557-4962-85ba-41f060662210,->,67366ab5-4121-477e-a26c-d2501b464c4e,java/util/LinkedList.java,add
67366ab5-4121-477e-a26c-d2501b464c4e,daf0c716-fbf2-47ab-8286-da104316e3a1,01189359-4557-4962-85ba-41f060662210,->,67366ab5-4121-477e-a26c-d2501b464c4e,daf0c716-fbf2-47ab-8286-da104316e3a1,deb07946-a0a3-4b70-84d4-2f4d35fbb3c9
67366ab5-4121-477e-a26c-d2501b464c4e,daf0c716-fbf2-47ab-8286-da104316e3a1,01189359-4557-4962-85ba-41f060662210,->,67366ab5-4121-477e-a26c-d2501b464c4e,java/lang/StringBuilder.java,append
67366ab5-4121-477e-a26c-d2501b464c4e,daf0c716-fbf2-47ab-8286-da104316e3a1,01189359-4557-4962-85ba-41f060662210,->,67366ab5-4121-477e-a26c-d2501b464c4e,82eb7712-f9d0-4c3c-8c3b-59726ed32613,6a93e849-3ea4-4de8-b719-4f3a9f501804
67366ab5-4121-477e-a26c-d2501b464c4e,daf0c716-fbf2-47ab-8286-da104316e3a1,01189359-4557-4962-85ba-41f060662210,->,67366ab5-4121-477e-a26c-d2501b464c4e,java/util/HashMap.java,get
67366ab5-4121-477e-a26c-d2501b464c4e,daf0c716-fbf2-47ab-8286-da104316e3a1,01189359-4557-4962-85ba-41f060662210,->,67366ab5-4121-477e-a26c-d2501b464c4e,java/lang/StringBuilder.java,append
67366ab5-4121-477e-a26c-d2501b464c4e,daf0c716-fbf2-47ab-8286-da104316e3a1,01189359-4557-4962-85ba-41f060662210,->,67366ab5-4121-477e-a26c-d2501b464c4e,java/lang/StringBuilder.java,toString
67366ab5-4121-477e-a26c-d2501b464c4e,daf0c716-fbf2-47ab-8286-da104316e3a1,01189359-4557-4962-85ba-41f060662210,->,67366ab5-4121-477e-a26c-d2501b464c4e,java/io/PrintStream.java,println
67366ab5-4121-477e-a26c-d2501b464c4e,daf0c716-fbf2-47ab-8286-da104316e3a1,01189359-4557-4962-85ba-41f060662210,->,67366ab5-4121-477e-a26c-d2501b464c4e,java/util/LinkedList.java,isEmpty
67366ab5-4121-477e-a26c-d2501b464c4e,daf0c716-fbf2-47ab-8286-da104316e3a1,01189359-4557-4962-85ba-41f060662210,->,67366ab5-4121-477e-a26c-d2501b464c4e,82eb7712-f9d0-4c3c-8c3b-59726ed32613,6ad7123f-a971-443f-9393-b5d44a8e9392
67366ab5-4121-477e-a26c-d2501b464c4e,daf0c716-fbf2-47ab-8286-da104316e3a1,01189359-4557-4962-85ba-41f060662210,->,67366ab5-4121-477e-a26c-d2501b464c4e,java/util/LinkedList.java,getFirst
67366ab5-4121-477e-a26c-d2501b464c4e,daf0c716-fbf2-47ab-8286-da104316e3a1,01189359-4557-4962-85ba-41f060662210,->,67366ab5-4121-477e-a26c-d2501b464c4e,java/util/HashMap.java,containsKey
67366ab5-4121-477e-a26c-d2501b464c4e,daf0c716-fbf2-47ab-8286-da104316e3a1,01189359-4557-4962-85ba-41f060662210,->,67366ab5-4121-477e-a26c-d2501b464c4e,java/util/LinkedList.java,iterator
67366ab5-4121-477e-a26c-d2501b464c4e,daf0c716-fbf2-47ab-8286-da104316e3a1,01189359-4557-4962-85ba-41f060662210,->,67366ab5-4121-477e-a26c-d2501b464c4e,java/util/Iterator.java,hasNext
67366ab5-4121-477e-a26c-d2501b464c4e,daf0c716-fbf2-47ab-8286-da104316e3a1,01189359-4557-4962-85ba-41f060662210,->,67366ab5-4121-477e-a26c-d2501b464c4e,java/util/Iterator.java,next
67366ab5-4121-477e-a26c-d2501b464c4e,daf0c716-fbf2-47ab-8286-da104316e3a1,01189359-4557-4962-85ba-41f060662210,->,67366ab5-4121-477e-a26c-d2501b464c4e,java/util/HashMap.java,get
67366ab5-4121-477e-a26c-d2501b464c4e,daf0c716-fbf2-47ab-8286-da104316e3a1,01189359-4557-4962-85ba-41f060662210,->,67366ab5-4121-477e-a26c-d2501b464c4e,82eb7712-f9d0-4c3c-8c3b-59726ed32613,ab17c65c-238e-4c87-baca-2dd7859a93c7
67366ab5-4121-477e-a26c-d2501b464c4e,daf0c716-fbf2-47ab-8286-da104316e3a1,01189359-4557-4962-85ba-41f060662210,->,67366ab5-4121-477e-a26c-d2501b464c4e,java/util/HashMap.java,get
67366ab5-4121-477e-a26c-d2501b464c4e,daf0c716-fbf2-47ab-8286-da104316e3a1,01189359-4557-4962-85ba-41f060662210,->,67366ab5-4121-477e-a26c-d2501b464c4e,daf0c716-fbf2-47ab-8286-da104316e3a1,deb07946-a0a3-4b70-84d4-2f4d35fbb3c9
67366ab5-4121-477e-a26c-d2501b464c4e,daf0c716-fbf2-47ab-8286-da104316e3a1,01189359-4557-4962-85ba-41f060662210,->,67366ab5-4121-477e-a26c-d2501b464c4e,82eb7712-f9d0-4c3c-8c3b-59726ed32613,e2e6cb03-1e6b-43c7-9e3b-abd2fd88f652
67366ab5-4121-477e-a26c-d2501b464c4e,daf0c716-fbf2-47ab-8286-da104316e3a1,ea6947c1-3a5a-4551-8e4f-4b9afec2077b,->,67366ab5-4121-477e-a26c-d2501b464c4e,CommLayer/Messages/AvalancheMessages$Message.java,newBuilder
67366ab5-4121-477e-a26c-d2501b464c4e,daf0c716-fbf2-47ab-8286-da104316e3a1,ea6947c1-3a5a-4551-8e4f-4b9afec2077b,->,67366ab5-4121-477e-a26c-d2501b464c4e,CommLayer/Messages/AvalancheMessages$Message$Builder.java,setMessageType
67366ab5-4121-477e-a26c-d2501b464c4e,daf0c716-fbf2-47ab-8286-da104316e3a1,ea6947c1-3a5a-4551-8e4f-4b9afec2077b,->,67366ab5-4121-477e-a26c-d2501b464c4e,CommLayer/Messages/AvalancheMessages$Message$TopologyMessage.java,newBuilder
67366ab5-4121-477e-a26c-d2501b464c4e,daf0c716-fbf2-47ab-8286-da104316e3a1,ea6947c1-3a5a-4551-8e4f-4b9afec2077b,->,67366ab5-4121-477e-a26c-d2501b464c4e,CommLayer/Messages/AvalancheMessages$Message$TopologyMessage$Builder.java,setNamespace
67366ab5-4121-477e-a26c-d2501b464c4e,daf0c716-fbf2-47ab-8286-da104316e3a1,ea6947c1-3a5a-4551-8e4f-4b9afec2077b,->,67366ab5-4121-477e-a26c-d2501b464c4e,79c1b54b-6c34-4b2c-874a-729a695d2faa,daba46a6-caf7-445f-9f0b-af9e61075dc2
67366ab5-4121-477e-a26c-d2501b464c4e,daf0c716-fbf2-47ab-8286-da104316e3a1,ea6947c1-3a5a-4551-8e4f-4b9afec2077b,->,67366ab5-4121-477e-a26c-d2501b464c4e,CommLayer/Messages/AvalancheMessages$Message$TopologyMessage$Builder.java,addAllMachines
67366ab5-4121-477e-a26c-d2501b464c4e,daf0c716-fbf2-47ab-8286-da104316e3a1,ea6947c1-3a5a-4551-8e4f-4b9afec2077b,->,67366ab5-4121-477e-a26c-d2501b464c4e,82eb7712-f9d0-4c3c-8c3b-59726ed32613,6ad7123f-a971-443f-9393-b5d44a8e9392
67366ab5-4121-477e-a26c-d2501b464c4e,daf0c716-fbf2-47ab-8286-da104316e3a1,ea6947c1-3a5a-4551-8e4f-4b9afec2077b,->,67366ab5-4121-477e-a26c-d2501b464c4e,java/util/HashMap.java,keySet
67366ab5-4121-477e-a26c-d2501b464c4e,daf0c716-fbf2-47ab-8286-da104316e3a1,ea6947c1-3a5a-4551-8e4f-4b9afec2077b,->,67366ab5-4121-477e-a26c-d2501b464c4e,java/util/Set.java,iterator
67366ab5-4121-477e-a26c-d2501b464c4e,daf0c716-fbf2-47ab-8286-da104316e3a1,ea6947c1-3a5a-4551-8e4f-4b9afec2077b,->,67366ab5-4121-477e-a26c-d2501b464c4e,java/util/Iterator.java,hasNext
67366ab5-4121-477e-a26c-d2501b464c4e,daf0c716-fbf2-47ab-8286-da104316e3a1,ea6947c1-3a5a-4551-8e4f-4b9afec2077b,->,67366ab5-4121-477e-a26c-d2501b464c4e,java/util/Iterator.java,next
67366ab5-4121-477e-a26c-d2501b464c4e,daf0c716-fbf2-47ab-8286-da104316e3a1,ea6947c1-3a5a-4551-8e4f-4b9afec2077b,->,67366ab5-4121-477e-a26c-d2501b464c4e,CommLayer/Messages/AvalancheMessages$Message$TopologyMessage$BuilderNode.java,newBuilder
67366ab5-4121-477e-a26c-d2501b464c4e,daf0c716-fbf2-47ab-8286-da104316e3a1,ea6947c1-3a5a-4551-8e4f-4b9afec2077b,->,67366ab5-4121-477e-a26c-d2501b464c4e,CommLayer/Messages/AvalancheMessages$Message$TopologyMessage$BuilderNode$Builder.java,setId
67366ab5-4121-477e-a26c-d2501b464c4e,daf0c716-fbf2-47ab-8286-da104316e3a1,ea6947c1-3a5a-4551-8e4f-4b9afec2077b,->,67366ab5-4121-477e-a26c-d2501b464c4e,82eb7712-f9d0-4c3c-8c3b-59726ed32613,6ad7123f-a971-443f-9393-b5d44a8e9392
67366ab5-4121-477e-a26c-d2501b464c4e,daf0c716-fbf2-47ab-8286-da104316e3a1,ea6947c1-3a5a-4551-8e4f-4b9afec2077b,->,67366ab5-4121-477e-a26c-d2501b464c4e,java/util/HashMap.java,get
67366ab5-4121-477e-a26c-d2501b464c4e,daf0c716-fbf2-47ab-8286-da104316e3a1,ea6947c1-3a5a-4551-8e4f-4b9afec2077b,->,67366ab5-4121-477e-a26c-d2501b464c4e,CommLayer/Messages/AvalancheMessages$Message$TopologyMessage$BuilderNode$Builder.java,setPath
67366ab5-4121-477e-a26c-d2501b464c4e,daf0c716-fbf2-47ab-8286-da104316e3a1,ea6947c1-3a5a-4551-8e4f-4b9afec2077b,->,67366ab5-4121-477e-a26c-d2501b464c4e,CommLayer/Messages/AvalancheMessages$Message$TopologyMessage$Builder.java,addBuildernodes
67366ab5-4121-477e-a26c-d2501b464c4e,daf0c716-fbf2-47ab-8286-da104316e3a1,ea6947c1-3a5a-4551-8e4f-4b9afec2077b,->,67366ab5-4121-477e-a26c-d2501b464c4e,82eb7712-f9d0-4c3c-8c3b-59726ed32613,ab17c65c-238e-4c87-baca-2dd7859a93c7
67366ab5-4121-477e-a26c-d2501b464c4e,daf0c716-fbf2-47ab-8286-da104316e3a1,ea6947c1-3a5a-4551-8e4f-4b9afec2077b,->,67366ab5-4121-477e-a26c-d2501b464c4e,java/util/HashMap.java,keySet
67366ab5-4121-477e-a26c-d2501b464c4e,daf0c716-fbf2-47ab-8286-da104316e3a1,ea6947c1-3a5a-4551-8e4f-4b9afec2077b,->,67366ab5-4121-477e-a26c-d2501b464c4e,java/util/Set.java,iterator
67366ab5-4121-477e-a26c-d2501b464c4e,daf0c716-fbf2-47ab-8286-da104316e3a1,ea6947c1-3a5a-4551-8e4f-4b9afec2077b,->,67366ab5-4121-477e-a26c-d2501b464c4e,java/util/Iterator.java,hasNext
67366ab5-4121-477e-a26c-d2501b464c4e,daf0c716-fbf2-47ab-8286-da104316e3a1,ea6947c1-3a5a-4551-8e4f-4b9afec2077b,->,67366ab5-4121-477e-a26c-d2501b464c4e,java/util/Iterator.java,next
67366ab5-4121-477e-a26c-d2501b464c4e,daf0c716-fbf2-47ab-8286-da104316e3a1,ea6947c1-3a5a-4551-8e4f-4b9afec2077b,->,67366ab5-4121-477e-a26c-d2501b464c4e,CommLayer/Messages/AvalancheMessages$Message$TopologyMessage$Node.java,newBuilder
67366ab5-4121-477e-a26c-d2501b464c4e,daf0c716-fbf2-47ab-8286-da104316e3a1,ea6947c1-3a5a-4551-8e4f-4b9afec2077b,->,67366ab5-4121-477e-a26c-d2501b464c4e,CommLayer/Messages/AvalancheMessages$Message$TopologyMessage$Node$Builder.java,setName
67366ab5-4121-477e-a26c-d2501b464c4e,daf0c716-fbf2-47ab-8286-da104316e3a1,ea6947c1-3a5a-4551-8e4f-4b9afec2077b,->,67366ab5-4121-477e-a26c-d2501b464c4e,82eb7712-f9d0-4c3c-8c3b-59726ed32613,ab17c65c-238e-4c87-baca-2dd7859a93c7
67366ab5-4121-477e-a26c-d2501b464c4e,daf0c716-fbf2-47ab-8286-da104316e3a1,ea6947c1-3a5a-4551-8e4f-4b9afec2077b,->,67366ab5-4121-477e-a26c-d2501b464c4e,java/util/HashMap.java,get
67366ab5-4121-477e-a26c-d2501b464c4e,daf0c716-fbf2-47ab-8286-da104316e3a1,ea6947c1-3a5a-4551-8e4f-4b9afec2077b,->,67366ab5-4121-477e-a26c-d2501b464c4e,CommLayer/Messages/AvalancheMessages$Message$TopologyMessage$Node$Builder.java,addAllInputs
67366ab5-4121-477e-a26c-d2501b464c4e,daf0c716-fbf2-47ab-8286-da104316e3a1,ea6947c1-3a5a-4551-8e4f-4b9afec2077b,->,67366ab5-4121-477e-a26c-d2501b464c4e,CommLayer/Messages/AvalancheMessages$Message$TopologyMessage$Builder.java,addNodes
67366ab5-4121-477e-a26c-d2501b464c4e,daf0c716-fbf2-47ab-8286-da104316e3a1,ea6947c1-3a5a-4551-8e4f-4b9afec2077b,->,67366ab5-4121-477e-a26c-d2501b464c4e,CommLayer/Messages/AvalancheMessages$Message$Builder.java,setTopologyMessage
67366ab5-4121-477e-a26c-d2501b464c4e,daf0c716-fbf2-47ab-8286-da104316e3a1,99ff296e-a0c9-4e86-8a76-f8bda35893da,->,67366ab5-4121-477e-a26c-d2501b464c4e,CommLayer/Messages/AvalancheMessages$Message$TopologyMessage.java,getNamespace
67366ab5-4121-477e-a26c-d2501b464c4e,daf0c716-fbf2-47ab-8286-da104316e3a1,99ff296e-a0c9-4e86-8a76-f8bda35893da,->,67366ab5-4121-477e-a26c-d2501b464c4e,java/lang/StringBuilder.java,append
67366ab5-4121-477e-a26c-d2501b464c4e,daf0c716-fbf2-47ab-8286-da104316e3a1,99ff296e-a0c9-4e86-8a76-f8bda35893da,->,67366ab5-4121-477e-a26c-d2501b464c4e,java/lang/StringBuilder.java,append
67366ab5-4121-477e-a26c-d2501b464c4e,daf0c716-fbf2-47ab-8286-da104316e3a1,99ff296e-a0c9-4e86-8a76-f8bda35893da,->,67366ab5-4121-477e-a26c-d2501b464c4e,java/lang/StringBuilder.java,toString
67366ab5-4121-477e-a26c-d2501b464c4e,daf0c716-fbf2-47ab-8286-da104316e3a1,99ff296e-a0c9-4e86-8a76-f8bda35893da,->,67366ab5-4121-477e-a26c-d2501b464c4e,java/io/PrintStream.java,println
67366ab5-4121-477e-a26c-d2501b464c4e,daf0c716-fbf2-47ab-8286-da104316e3a1,99ff296e-a0c9-4e86-8a76-f8bda35893da,->,67366ab5-4121-477e-a26c-d2501b464c4e,java/lang/StringBuilder.java,append
67366ab5-4121-477e-a26c-d2501b464c4e,daf0c716-fbf2-47ab-8286-da104316e3a1,99ff296e-a0c9-4e86-8a76-f8bda35893da,->,67366ab5-4121-477e-a26c-d2501b464c4e,CommLayer/Messages/AvalancheMessages$Message$TopologyMessage.java,getMachinesList
67366ab5-4121-477e-a26c-d2501b464c4e,daf0c716-fbf2-47ab-8286-da104316e3a1,99ff296e-a0c9-4e86-8a76-f8bda35893da,->,67366ab5-4121-477e-a26c-d2501b464c4e,java/lang/StringBuilder.java,append
67366ab5-4121-477e-a26c-d2501b464c4e,daf0c716-fbf2-47ab-8286-da104316e3a1,99ff296e-a0c9-4e86-8a76-f8bda35893da,->,67366ab5-4121-477e-a26c-d2501b464c4e,java/lang/StringBuilder.java,toString
67366ab5-4121-477e-a26c-d2501b464c4e,daf0c716-fbf2-47ab-8286-da104316e3a1,99ff296e-a0c9-4e86-8a76-f8bda35893da,->,67366ab5-4121-477e-a26c-d2501b464c4e,java/io/PrintStream.java,println
67366ab5-4121-477e-a26c-d2501b464c4e,daf0c716-fbf2-47ab-8286-da104316e3a1,99ff296e-a0c9-4e86-8a76-f8bda35893da,->,67366ab5-4121-477e-a26c-d2501b464c4e,CommLayer/Messages/AvalancheMessages$Message$TopologyMessage.java,getMachinesList
67366ab5-4121-477e-a26c-d2501b464c4e,daf0c716-fbf2-47ab-8286-da104316e3a1,99ff296e-a0c9-4e86-8a76-f8bda35893da,->,67366ab5-4121-477e-a26c-d2501b464c4e,java/util/List.java,iterator
67366ab5-4121-477e-a26c-d2501b464c4e,daf0c716-fbf2-47ab-8286-da104316e3a1,99ff296e-a0c9-4e86-8a76-f8bda35893da,->,67366ab5-4121-477e-a26c-d2501b464c4e,java/util/Iterator.java,hasNext
67366ab5-4121-477e-a26c-d2501b464c4e,daf0c716-fbf2-47ab-8286-da104316e3a1,99ff296e-a0c9-4e86-8a76-f8bda35893da,->,67366ab5-4121-477e-a26c-d2501b464c4e,java/util/Iterator.java,next
67366ab5-4121-477e-a26c-d2501b464c4e,daf0c716-fbf2-47ab-8286-da104316e3a1,99ff296e-a0c9-4e86-8a76-f8bda35893da,->,67366ab5-4121-477e-a26c-d2501b464c4e,java/util/HashSet.java,add
67366ab5-4121-477e-a26c-d2501b464c4e,daf0c716-fbf2-47ab-8286-da104316e3a1,99ff296e-a0c9-4e86-8a76-f8bda35893da,->,67366ab5-4121-477e-a26c-d2501b464c4e,CommLayer/Messages/AvalancheMessages$Message$TopologyMessage.java,getBuildernodesList
67366ab5-4121-477e-a26c-d2501b464c4e,daf0c716-fbf2-47ab-8286-da104316e3a1,99ff296e-a0c9-4e86-8a76-f8bda35893da,->,67366ab5-4121-477e-a26c-d2501b464c4e,java/util/List.java,iterator
67366ab5-4121-477e-a26c-d2501b464c4e,daf0c716-fbf2-47ab-8286-da104316e3a1,99ff296e-a0c9-4e86-8a76-f8bda35893da,->,67366ab5-4121-477e-a26c-d2501b464c4e,java/util/Iterator.java,hasNext
67366ab5-4121-477e-a26c-d2501b464c4e,daf0c716-fbf2-47ab-8286-da104316e3a1,99ff296e-a0c9-4e86-8a76-f8bda35893da,->,67366ab5-4121-477e-a26c-d2501b464c4e,java/util/Iterator.java,next
67366ab5-4121-477e-a26c-d2501b464c4e,daf0c716-fbf2-47ab-8286-da104316e3a1,99ff296e-a0c9-4e86-8a76-f8bda35893da,->,67366ab5-4121-477e-a26c-d2501b464c4e,CommLayer/Messages/AvalancheMessages$Message$TopologyMessage$BuilderNode.java,getId
67366ab5-4121-477e-a26c-d2501b464c4e,daf0c716-fbf2-47ab-8286-da104316e3a1,99ff296e-a0c9-4e86-8a76-f8bda35893da,->,67366ab5-4121-477e-a26c-d2501b464c4e,CommLayer/Messages/AvalancheMessages$Message$TopologyMessage$BuilderNode.java,getPath
67366ab5-4121-477e-a26c-d2501b464c4e,daf0c716-fbf2-47ab-8286-da104316e3a1,99ff296e-a0c9-4e86-8a76-f8bda35893da,->,67366ab5-4121-477e-a26c-d2501b464c4e,java/util/HashMap.java,put
67366ab5-4121-477e-a26c-d2501b464c4e,daf0c716-fbf2-47ab-8286-da104316e3a1,99ff296e-a0c9-4e86-8a76-f8bda35893da,->,67366ab5-4121-477e-a26c-d2501b464c4e,CommLayer/Messages/AvalancheMessages$Message$TopologyMessage.java,getNodesList
67366ab5-4121-477e-a26c-d2501b464c4e,daf0c716-fbf2-47ab-8286-da104316e3a1,99ff296e-a0c9-4e86-8a76-f8bda35893da,->,67366ab5-4121-477e-a26c-d2501b464c4e,java/util/List.java,iterator
67366ab5-4121-477e-a26c-d2501b464c4e,daf0c716-fbf2-47ab-8286-da104316e3a1,99ff296e-a0c9-4e86-8a76-f8bda35893da,->,67366ab5-4121-477e-a26c-d2501b464c4e,java/util/Iterator.java,hasNext
67366ab5-4121-477e-a26c-d2501b464c4e,daf0c716-fbf2-47ab-8286-da104316e3a1,99ff296e-a0c9-4e86-8a76-f8bda35893da,->,67366ab5-4121-477e-a26c-d2501b464c4e,java/util/Iterator.java,next
67366ab5-4121-477e-a26c-d2501b464c4e,daf0c716-fbf2-47ab-8286-da104316e3a1,99ff296e-a0c9-4e86-8a76-f8bda35893da,->,67366ab5-4121-477e-a26c-d2501b464c4e,CommLayer/Messages/AvalancheMessages$Message$TopologyMessage$Node.java,getName
67366ab5-4121-477e-a26c-d2501b464c4e,daf0c716-fbf2-47ab-8286-da104316e3a1,99ff296e-a0c9-4e86-8a76-f8bda35893da,->,67366ab5-4121-477e-a26c-d2501b464c4e,CommLayer/Messages/AvalancheMessages$Message$TopologyMessage$Node.java,getInputsList
67366ab5-4121-477e-a26c-d2501b464c4e,daf0c716-fbf2-47ab-8286-da104316e3a1,99ff296e-a0c9-4e86-8a76-f8bda35893da,->,67366ab5-4121-477e-a26c-d2501b464c4e,java/util/HashMap.java,put
67366ab5-4121-477e-a26c-d2501b464c4e,79c1b54b-6c34-4b2c-874a-729a695d2faa,ff62613f-16a9-445b-af72-cb2809bb1ddb,->,67366ab5-4121-477e-a26c-d2501b464c4e,java/io/BufferedReader.java,readLine
67366ab5-4121-477e-a26c-d2501b464c4e,79c1b54b-6c34-4b2c-874a-729a695d2faa,ff62613f-16a9-445b-af72-cb2809bb1ddb,->,67366ab5-4121-477e-a26c-d2501b464c4e,java/util/HashSet.java,add
67366ab5-4121-477e-a26c-d2501b464c4e,79c1b54b-6c34-4b2c-874a-729a695d2faa,ff62613f-16a9-445b-af72-cb2809bb1ddb,->,67366ab5-4121-477e-a26c-d2501b464c4e,java/io/BufferedReader.java,readLine
67366ab5-4121-477e-a26c-d2501b464c4e,79c1b54b-6c34-4b2c-874a-729a695d2faa,ff62613f-16a9-445b-af72-cb2809bb1ddb,->,67366ab5-4121-477e-a26c-d2501b464c4e,java/io/BufferedReader.java,close
67366ab5-4121-477e-a26c-d2501b464c4e,79c1b54b-6c34-4b2c-874a-729a695d2faa,ff62613f-16a9-445b-af72-cb2809bb1ddb,->,67366ab5-4121-477e-a26c-d2501b464c4e,java/io/BufferedReader.java,close
67366ab5-4121-477e-a26c-d2501b464c4e,79c1b54b-6c34-4b2c-874a-729a695d2faa,ff62613f-16a9-445b-af72-cb2809bb1ddb,->,67366ab5-4121-477e-a26c-d2501b464c4e,java/io/PrintStream.java,println
67366ab5-4121-477e-a26c-d2501b464c4e,ad9645e9-13a0-480a-b03e-65d5a6599f26,563b6e32-c21d-4e42-bf52-69b8954634a5,->,67366ab5-4121-477e-a26c-d2501b464c4e,ad9645e9-13a0-480a-b03e-65d5a6599f26,f1f802ba-f153-4550-a369-e7fa678e9358
67366ab5-4121-477e-a26c-d2501b464c4e,ad9645e9-13a0-480a-b03e-65d5a6599f26,563b6e32-c21d-4e42-bf52-69b8954634a5,->,67366ab5-4121-477e-a26c-d2501b464c4e,java/lang/Integer.java,parseInt
67366ab5-4121-477e-a26c-d2501b464c4e,ad9645e9-13a0-480a-b03e-65d5a6599f26,f1f802ba-f153-4550-a369-e7fa678e9358,->,67366ab5-4121-477e-a26c-d2501b464c4e,java/util/Properties.java,load
67366ab5-4121-477e-a26c-d2501b464c4e,ad9645e9-13a0-480a-b03e-65d5a6599f26,f1f802ba-f153-4550-a369-e7fa678e9358,->,67366ab5-4121-477e-a26c-d2501b464c4e,java/util/Properties.java,getProperty
67366ab5-4121-477e-a26c-d2501b464c4e,ad9645e9-13a0-480a-b03e-65d5a6599f26,f1f802ba-f153-4550-a369-e7fa678e9358,->,67366ab5-4121-477e-a26c-d2501b464c4e,java/io/FileNotFoundException.java,printStackTrace
67366ab5-4121-477e-a26c-d2501b464c4e,ad9645e9-13a0-480a-b03e-65d5a6599f26,f1f802ba-f153-4550-a369-e7fa678e9358,->,67366ab5-4121-477e-a26c-d2501b464c4e,java/io/IOException.java,printStackTrace
