caller_project_id,caller_class_id,caller_method_id,CALL_DIRECTION,callee_project_id,callee_class_id,callee_method_id
7e9b4e6e-9612-471f-bb5d-7bf5f882a67d,c41e543d-ff38-4e4e-93f6-35bfc114c2bb,4103df72-fda3-4006-aa01-a01c2702a43f,->,7e9b4e6e-9612-471f-bb5d-7bf5f882a67d,006d49f0-9af7-41c4-b208-273ab1cc60d1,9ddcb124-184e-4164-937d-add132a1be6c
7e9b4e6e-9612-471f-bb5d-7bf5f882a67d,c41e543d-ff38-4e4e-93f6-35bfc114c2bb,4103df72-fda3-4006-aa01-a01c2702a43f,->,7e9b4e6e-9612-471f-bb5d-7bf5f882a67d,006d49f0-9af7-41c4-b208-273ab1cc60d1,3a949f89-9b04-4fa6-ae5d-9b2b5629ccbe
7e9b4e6e-9612-471f-bb5d-7bf5f882a67d,c41e543d-ff38-4e4e-93f6-35bfc114c2bb,4103df72-fda3-4006-aa01-a01c2702a43f,->,7e9b4e6e-9612-471f-bb5d-7bf5f882a67d,006d49f0-9af7-41c4-b208-273ab1cc60d1,0a3c5a69-8709-475d-8b13-1628a278ca54
7e9b4e6e-9612-471f-bb5d-7bf5f882a67d,c41e543d-ff38-4e4e-93f6-35bfc114c2bb,4103df72-fda3-4006-aa01-a01c2702a43f,->,7e9b4e6e-9612-471f-bb5d-7bf5f882a67d,006d49f0-9af7-41c4-b208-273ab1cc60d1,44124ca5-3b60-4587-b977-057df18ac927
7e9b4e6e-9612-471f-bb5d-7bf5f882a67d,d2cb5899-a5a4-4a9c-95dc-1dba45db432e,ca14b6b5-e720-4a55-ba17-237e6a47e5b3,->,7e9b4e6e-9612-471f-bb5d-7bf5f882a67d,javax/xml/parsers/DocumentBuilder.java,parse
7e9b4e6e-9612-471f-bb5d-7bf5f882a67d,d2cb5899-a5a4-4a9c-95dc-1dba45db432e,ca14b6b5-e720-4a55-ba17-237e6a47e5b3,->,7e9b4e6e-9612-471f-bb5d-7bf5f882a67d,org/w3c/dom/Document.java,getDocumentElement
7e9b4e6e-9612-471f-bb5d-7bf5f882a67d,d2cb5899-a5a4-4a9c-95dc-1dba45db432e,b4b67323-b4dc-4ef0-9780-ba06cf6bb354,->,7e9b4e6e-9612-471f-bb5d-7bf5f882a67d,javax/xml/transform/TransformerFactory.java,newInstance
7e9b4e6e-9612-471f-bb5d-7bf5f882a67d,d2cb5899-a5a4-4a9c-95dc-1dba45db432e,b4b67323-b4dc-4ef0-9780-ba06cf6bb354,->,7e9b4e6e-9612-471f-bb5d-7bf5f882a67d,javax/xml/transform/TransformerFactory.java,newTransformer
7e9b4e6e-9612-471f-bb5d-7bf5f882a67d,d2cb5899-a5a4-4a9c-95dc-1dba45db432e,b4b67323-b4dc-4ef0-9780-ba06cf6bb354,->,7e9b4e6e-9612-471f-bb5d-7bf5f882a67d,javax/xml/transform/Transformer.java,setOutputProperty
7e9b4e6e-9612-471f-bb5d-7bf5f882a67d,d2cb5899-a5a4-4a9c-95dc-1dba45db432e,b4b67323-b4dc-4ef0-9780-ba06cf6bb354,->,7e9b4e6e-9612-471f-bb5d-7bf5f882a67d,javax/xml/transform/Transformer.java,transform
7e9b4e6e-9612-471f-bb5d-7bf5f882a67d,d2cb5899-a5a4-4a9c-95dc-1dba45db432e,7367f903-ed80-4dfa-b28e-8eeeee8333ed,->,7e9b4e6e-9612-471f-bb5d-7bf5f882a67d,javax/xml/parsers/DocumentBuilder.java,newDocument
7e9b4e6e-9612-471f-bb5d-7bf5f882a67d,d2cb5899-a5a4-4a9c-95dc-1dba45db432e,7367f903-ed80-4dfa-b28e-8eeeee8333ed,->,7e9b4e6e-9612-471f-bb5d-7bf5f882a67d,org/w3c/dom/Document.java,createElement
7e9b4e6e-9612-471f-bb5d-7bf5f882a67d,d2cb5899-a5a4-4a9c-95dc-1dba45db432e,7367f903-ed80-4dfa-b28e-8eeeee8333ed,->,7e9b4e6e-9612-471f-bb5d-7bf5f882a67d,org/w3c/dom/Document.java,appendChild
7e9b4e6e-9612-471f-bb5d-7bf5f882a67d,d2cb5899-a5a4-4a9c-95dc-1dba45db432e,"4b02b8b5-81f8-467b-ba25-c2a2dcea93b4,38686452-39d4-4a34-a1a8-df63cca73443",->,7e9b4e6e-9612-471f-bb5d-7bf5f882a67d,org/w3c/dom/Document.java,createElement
7e9b4e6e-9612-471f-bb5d-7bf5f882a67d,d2cb5899-a5a4-4a9c-95dc-1dba45db432e,"4b02b8b5-81f8-467b-ba25-c2a2dcea93b4,38686452-39d4-4a34-a1a8-df63cca73443",->,7e9b4e6e-9612-471f-bb5d-7bf5f882a67d,org/w3c/dom/Element.java,appendChild
7e9b4e6e-9612-471f-bb5d-7bf5f882a67d,d2cb5899-a5a4-4a9c-95dc-1dba45db432e,81b603da-0833-4f0e-b972-3150b1bf8465,->,7e9b4e6e-9612-471f-bb5d-7bf5f882a67d,d2cb5899-a5a4-4a9c-95dc-1dba45db432e,"4b02b8b5-81f8-467b-ba25-c2a2dcea93b4,38686452-39d4-4a34-a1a8-df63cca73443"
7e9b4e6e-9612-471f-bb5d-7bf5f882a67d,d2cb5899-a5a4-4a9c-95dc-1dba45db432e,81b603da-0833-4f0e-b972-3150b1bf8465,->,7e9b4e6e-9612-471f-bb5d-7bf5f882a67d,org/w3c/dom/Element.java,setTextContent
7e9b4e6e-9612-471f-bb5d-7bf5f882a67d,d2cb5899-a5a4-4a9c-95dc-1dba45db432e,77b54f01-8bcf-4a17-9246-9a04fb824f08,->,7e9b4e6e-9612-471f-bb5d-7bf5f882a67d,d2cb5899-a5a4-4a9c-95dc-1dba45db432e,"4b02b8b5-81f8-467b-ba25-c2a2dcea93b4,38686452-39d4-4a34-a1a8-df63cca73443"
7e9b4e6e-9612-471f-bb5d-7bf5f882a67d,d2cb5899-a5a4-4a9c-95dc-1dba45db432e,"4b02b8b5-81f8-467b-ba25-c2a2dcea93b4,38686452-39d4-4a34-a1a8-df63cca73443",->,7e9b4e6e-9612-471f-bb5d-7bf5f882a67d,d2cb5899-a5a4-4a9c-95dc-1dba45db432e,81b603da-0833-4f0e-b972-3150b1bf8465
7e9b4e6e-9612-471f-bb5d-7bf5f882a67d,d2cb5899-a5a4-4a9c-95dc-1dba45db432e,19b0a7f8-2a81-485a-9285-0ac9c083a3a3,->,7e9b4e6e-9612-471f-bb5d-7bf5f882a67d,org/w3c/dom/Document.java,createAttribute
7e9b4e6e-9612-471f-bb5d-7bf5f882a67d,d2cb5899-a5a4-4a9c-95dc-1dba45db432e,19b0a7f8-2a81-485a-9285-0ac9c083a3a3,->,7e9b4e6e-9612-471f-bb5d-7bf5f882a67d,org/w3c/dom/Attr.java,setValue
7e9b4e6e-9612-471f-bb5d-7bf5f882a67d,d2cb5899-a5a4-4a9c-95dc-1dba45db432e,19b0a7f8-2a81-485a-9285-0ac9c083a3a3,->,7e9b4e6e-9612-471f-bb5d-7bf5f882a67d,org/w3c/dom/Element.java,appendChild
7e9b4e6e-9612-471f-bb5d-7bf5f882a67d,d2cb5899-a5a4-4a9c-95dc-1dba45db432e,"7f1e3b7e-fedd-4b92-93f7-7ec276d5cbaf,846910d5-f84b-427e-8eba-c3d1ed500acf",->,7e9b4e6e-9612-471f-bb5d-7bf5f882a67d,java/lang/StringBuilder.java,append
7e9b4e6e-9612-471f-bb5d-7bf5f882a67d,d2cb5899-a5a4-4a9c-95dc-1dba45db432e,"7f1e3b7e-fedd-4b92-93f7-7ec276d5cbaf,846910d5-f84b-427e-8eba-c3d1ed500acf",->,7e9b4e6e-9612-471f-bb5d-7bf5f882a67d,java/lang/StringBuilder.java,append
7e9b4e6e-9612-471f-bb5d-7bf5f882a67d,d2cb5899-a5a4-4a9c-95dc-1dba45db432e,"7f1e3b7e-fedd-4b92-93f7-7ec276d5cbaf,846910d5-f84b-427e-8eba-c3d1ed500acf",->,7e9b4e6e-9612-471f-bb5d-7bf5f882a67d,java/lang/StringBuilder.java,toString
7e9b4e6e-9612-471f-bb5d-7bf5f882a67d,d2cb5899-a5a4-4a9c-95dc-1dba45db432e,"7f1e3b7e-fedd-4b92-93f7-7ec276d5cbaf,846910d5-f84b-427e-8eba-c3d1ed500acf",->,7e9b4e6e-9612-471f-bb5d-7bf5f882a67d,javax/xml/xpath/XPath.java,evaluate
7e9b4e6e-9612-471f-bb5d-7bf5f882a67d,d2cb5899-a5a4-4a9c-95dc-1dba45db432e,071b457b-274a-4f41-b279-6bcf2e52bc4c,->,7e9b4e6e-9612-471f-bb5d-7bf5f882a67d,javax/xml/xpath/XPath.java,evaluate
7e9b4e6e-9612-471f-bb5d-7bf5f882a67d,d2cb5899-a5a4-4a9c-95dc-1dba45db432e,071b457b-274a-4f41-b279-6bcf2e52bc4c,->,7e9b4e6e-9612-471f-bb5d-7bf5f882a67d,org/w3c/dom/Node.java,setTextContent
7e9b4e6e-9612-471f-bb5d-7bf5f882a67d,d2cb5899-a5a4-4a9c-95dc-1dba45db432e,"7f1e3b7e-fedd-4b92-93f7-7ec276d5cbaf,846910d5-f84b-427e-8eba-c3d1ed500acf",->,7e9b4e6e-9612-471f-bb5d-7bf5f882a67d,org/w3c/dom/Node.java,getTextContent
7e9b4e6e-9612-471f-bb5d-7bf5f882a67d,d2cb5899-a5a4-4a9c-95dc-1dba45db432e,9fc7b8c3-c98e-421b-b8f3-4e96728053ac,->,7e9b4e6e-9612-471f-bb5d-7bf5f882a67d,d2cb5899-a5a4-4a9c-95dc-1dba45db432e,becf9a35-8592-440c-9ccf-167d505cb6c5
7e9b4e6e-9612-471f-bb5d-7bf5f882a67d,d2cb5899-a5a4-4a9c-95dc-1dba45db432e,9fc7b8c3-c98e-421b-b8f3-4e96728053ac,->,7e9b4e6e-9612-471f-bb5d-7bf5f882a67d,java/util/List.java,get
7e9b4e6e-9612-471f-bb5d-7bf5f882a67d,d2cb5899-a5a4-4a9c-95dc-1dba45db432e,67f7cf94-1d62-46b1-9dbf-be8f0c433a87,->,7e9b4e6e-9612-471f-bb5d-7bf5f882a67d,d2cb5899-a5a4-4a9c-95dc-1dba45db432e,becf9a35-8592-440c-9ccf-167d505cb6c5
7e9b4e6e-9612-471f-bb5d-7bf5f882a67d,d2cb5899-a5a4-4a9c-95dc-1dba45db432e,67f7cf94-1d62-46b1-9dbf-be8f0c433a87,->,7e9b4e6e-9612-471f-bb5d-7bf5f882a67d,java/util/List.java,get
7e9b4e6e-9612-471f-bb5d-7bf5f882a67d,d2cb5899-a5a4-4a9c-95dc-1dba45db432e,becf9a35-8592-440c-9ccf-167d505cb6c5,->,7e9b4e6e-9612-471f-bb5d-7bf5f882a67d,org/w3c/dom/Node.java,getChildNodes
7e9b4e6e-9612-471f-bb5d-7bf5f882a67d,d2cb5899-a5a4-4a9c-95dc-1dba45db432e,becf9a35-8592-440c-9ccf-167d505cb6c5,->,7e9b4e6e-9612-471f-bb5d-7bf5f882a67d,org/w3c/dom/NodeList.java,getLength
7e9b4e6e-9612-471f-bb5d-7bf5f882a67d,d2cb5899-a5a4-4a9c-95dc-1dba45db432e,becf9a35-8592-440c-9ccf-167d505cb6c5,->,7e9b4e6e-9612-471f-bb5d-7bf5f882a67d,org/w3c/dom/NodeList.java,item
7e9b4e6e-9612-471f-bb5d-7bf5f882a67d,d2cb5899-a5a4-4a9c-95dc-1dba45db432e,becf9a35-8592-440c-9ccf-167d505cb6c5,->,7e9b4e6e-9612-471f-bb5d-7bf5f882a67d,org/w3c/dom/Node.java,getNodeType
7e9b4e6e-9612-471f-bb5d-7bf5f882a67d,d2cb5899-a5a4-4a9c-95dc-1dba45db432e,becf9a35-8592-440c-9ccf-167d505cb6c5,->,7e9b4e6e-9612-471f-bb5d-7bf5f882a67d,java/util/List.java,add
7e9b4e6e-9612-471f-bb5d-7bf5f882a67d,d2cb5899-a5a4-4a9c-95dc-1dba45db432e,ff4ebeaf-23db-40ad-9d04-2eb9050b1ec2,->,7e9b4e6e-9612-471f-bb5d-7bf5f882a67d,org/w3c/dom/Node.java,getAttributes
7e9b4e6e-9612-471f-bb5d-7bf5f882a67d,d2cb5899-a5a4-4a9c-95dc-1dba45db432e,ff4ebeaf-23db-40ad-9d04-2eb9050b1ec2,->,7e9b4e6e-9612-471f-bb5d-7bf5f882a67d,org/w3c/dom/NamedNodeMap.java,getNamedItem
7e9b4e6e-9612-471f-bb5d-7bf5f882a67d,d2cb5899-a5a4-4a9c-95dc-1dba45db432e,ff4ebeaf-23db-40ad-9d04-2eb9050b1ec2,->,7e9b4e6e-9612-471f-bb5d-7bf5f882a67d,org/w3c/dom/Node.java,getNodeValue
7e9b4e6e-9612-471f-bb5d-7bf5f882a67d,ddadb3d7-cb92-488c-9529-5233bfbf43f6,a3ae0288-76b0-4f9b-afce-09f6b916176b,->,7e9b4e6e-9612-471f-bb5d-7bf5f882a67d,java/lang/StringBuilder.java,append
7e9b4e6e-9612-471f-bb5d-7bf5f882a67d,ddadb3d7-cb92-488c-9529-5233bfbf43f6,a3ae0288-76b0-4f9b-afce-09f6b916176b,->,7e9b4e6e-9612-471f-bb5d-7bf5f882a67d,java/lang/StringBuilder.java,append
7e9b4e6e-9612-471f-bb5d-7bf5f882a67d,ddadb3d7-cb92-488c-9529-5233bfbf43f6,a3ae0288-76b0-4f9b-afce-09f6b916176b,->,7e9b4e6e-9612-471f-bb5d-7bf5f882a67d,java/lang/StringBuilder.java,toString
7e9b4e6e-9612-471f-bb5d-7bf5f882a67d,ddadb3d7-cb92-488c-9529-5233bfbf43f6,a3ae0288-76b0-4f9b-afce-09f6b916176b,->,7e9b4e6e-9612-471f-bb5d-7bf5f882a67d,org/semanticweb/owlapi/model/IRI.java,create
7e9b4e6e-9612-471f-bb5d-7bf5f882a67d,ddadb3d7-cb92-488c-9529-5233bfbf43f6,a3ae0288-76b0-4f9b-afce-09f6b916176b,->,7e9b4e6e-9612-471f-bb5d-7bf5f882a67d,org/semanticweb/owlapi/model/OWLOntologyManager.java,createOntology
7e9b4e6e-9612-471f-bb5d-7bf5f882a67d,ddadb3d7-cb92-488c-9529-5233bfbf43f6,a3ae0288-76b0-4f9b-afce-09f6b916176b,->,7e9b4e6e-9612-471f-bb5d-7bf5f882a67d,ddadb3d7-cb92-488c-9529-5233bfbf43f6,8fcf76a4-cd2e-41e5-bc57-e818aef7c7e2
7e9b4e6e-9612-471f-bb5d-7bf5f882a67d,ddadb3d7-cb92-488c-9529-5233bfbf43f6,a3ae0288-76b0-4f9b-afce-09f6b916176b,->,7e9b4e6e-9612-471f-bb5d-7bf5f882a67d,ddadb3d7-cb92-488c-9529-5233bfbf43f6,8fcf76a4-cd2e-41e5-bc57-e818aef7c7e2
7e9b4e6e-9612-471f-bb5d-7bf5f882a67d,ddadb3d7-cb92-488c-9529-5233bfbf43f6,a3ae0288-76b0-4f9b-afce-09f6b916176b,->,7e9b4e6e-9612-471f-bb5d-7bf5f882a67d,ddadb3d7-cb92-488c-9529-5233bfbf43f6,e5bd4ff2-1c6e-437f-87c3-6367175e6281
7e9b4e6e-9612-471f-bb5d-7bf5f882a67d,ddadb3d7-cb92-488c-9529-5233bfbf43f6,a3ae0288-76b0-4f9b-afce-09f6b916176b,->,7e9b4e6e-9612-471f-bb5d-7bf5f882a67d,ddadb3d7-cb92-488c-9529-5233bfbf43f6,e5bd4ff2-1c6e-437f-87c3-6367175e6281
7e9b4e6e-9612-471f-bb5d-7bf5f882a67d,ddadb3d7-cb92-488c-9529-5233bfbf43f6,a3ae0288-76b0-4f9b-afce-09f6b916176b,->,7e9b4e6e-9612-471f-bb5d-7bf5f882a67d,ddadb3d7-cb92-488c-9529-5233bfbf43f6,e5bd4ff2-1c6e-437f-87c3-6367175e6281
7e9b4e6e-9612-471f-bb5d-7bf5f882a67d,ddadb3d7-cb92-488c-9529-5233bfbf43f6,a3ae0288-76b0-4f9b-afce-09f6b916176b,->,7e9b4e6e-9612-471f-bb5d-7bf5f882a67d,ddadb3d7-cb92-488c-9529-5233bfbf43f6,e5bd4ff2-1c6e-437f-87c3-6367175e6281
7e9b4e6e-9612-471f-bb5d-7bf5f882a67d,ddadb3d7-cb92-488c-9529-5233bfbf43f6,a3ae0288-76b0-4f9b-afce-09f6b916176b,->,7e9b4e6e-9612-471f-bb5d-7bf5f882a67d,ddadb3d7-cb92-488c-9529-5233bfbf43f6,e5bd4ff2-1c6e-437f-87c3-6367175e6281
7e9b4e6e-9612-471f-bb5d-7bf5f882a67d,ddadb3d7-cb92-488c-9529-5233bfbf43f6,a3ae0288-76b0-4f9b-afce-09f6b916176b,->,7e9b4e6e-9612-471f-bb5d-7bf5f882a67d,ddadb3d7-cb92-488c-9529-5233bfbf43f6,e5bd4ff2-1c6e-437f-87c3-6367175e6281
7e9b4e6e-9612-471f-bb5d-7bf5f882a67d,ddadb3d7-cb92-488c-9529-5233bfbf43f6,a3ae0288-76b0-4f9b-afce-09f6b916176b,->,7e9b4e6e-9612-471f-bb5d-7bf5f882a67d,ddadb3d7-cb92-488c-9529-5233bfbf43f6,e5bd4ff2-1c6e-437f-87c3-6367175e6281
7e9b4e6e-9612-471f-bb5d-7bf5f882a67d,ddadb3d7-cb92-488c-9529-5233bfbf43f6,a3ae0288-76b0-4f9b-afce-09f6b916176b,->,7e9b4e6e-9612-471f-bb5d-7bf5f882a67d,ddadb3d7-cb92-488c-9529-5233bfbf43f6,2f6e9654-a09b-41cd-9c82-a6471e3b5e51
7e9b4e6e-9612-471f-bb5d-7bf5f882a67d,ddadb3d7-cb92-488c-9529-5233bfbf43f6,a3ae0288-76b0-4f9b-afce-09f6b916176b,->,7e9b4e6e-9612-471f-bb5d-7bf5f882a67d,ddadb3d7-cb92-488c-9529-5233bfbf43f6,2f6e9654-a09b-41cd-9c82-a6471e3b5e51
7e9b4e6e-9612-471f-bb5d-7bf5f882a67d,ddadb3d7-cb92-488c-9529-5233bfbf43f6,a3ae0288-76b0-4f9b-afce-09f6b916176b,->,7e9b4e6e-9612-471f-bb5d-7bf5f882a67d,ddadb3d7-cb92-488c-9529-5233bfbf43f6,a9e50653-ce06-4454-861f-ea1eb2f66bc5
7e9b4e6e-9612-471f-bb5d-7bf5f882a67d,ddadb3d7-cb92-488c-9529-5233bfbf43f6,a3ae0288-76b0-4f9b-afce-09f6b916176b,->,7e9b4e6e-9612-471f-bb5d-7bf5f882a67d,ddadb3d7-cb92-488c-9529-5233bfbf43f6,9f499f1c-0e93-4a56-8901-38c7d6d5b891
7e9b4e6e-9612-471f-bb5d-7bf5f882a67d,ddadb3d7-cb92-488c-9529-5233bfbf43f6,a3ae0288-76b0-4f9b-afce-09f6b916176b,->,7e9b4e6e-9612-471f-bb5d-7bf5f882a67d,ddadb3d7-cb92-488c-9529-5233bfbf43f6,24f57df2-75bc-4c61-be13-46765f9d649e
7e9b4e6e-9612-471f-bb5d-7bf5f882a67d,ddadb3d7-cb92-488c-9529-5233bfbf43f6,a3ae0288-76b0-4f9b-afce-09f6b916176b,->,7e9b4e6e-9612-471f-bb5d-7bf5f882a67d,ddadb3d7-cb92-488c-9529-5233bfbf43f6,e44fe244-5929-4306-92fd-090a1a5d3579
7e9b4e6e-9612-471f-bb5d-7bf5f882a67d,ddadb3d7-cb92-488c-9529-5233bfbf43f6,a3ae0288-76b0-4f9b-afce-09f6b916176b,->,7e9b4e6e-9612-471f-bb5d-7bf5f882a67d,ddadb3d7-cb92-488c-9529-5233bfbf43f6,a9e50653-ce06-4454-861f-ea1eb2f66bc5
7e9b4e6e-9612-471f-bb5d-7bf5f882a67d,ddadb3d7-cb92-488c-9529-5233bfbf43f6,a3ae0288-76b0-4f9b-afce-09f6b916176b,->,7e9b4e6e-9612-471f-bb5d-7bf5f882a67d,ddadb3d7-cb92-488c-9529-5233bfbf43f6,2511b301-253e-4757-a8a9-52371a65cc75
7e9b4e6e-9612-471f-bb5d-7bf5f882a67d,ddadb3d7-cb92-488c-9529-5233bfbf43f6,a3ae0288-76b0-4f9b-afce-09f6b916176b,->,7e9b4e6e-9612-471f-bb5d-7bf5f882a67d,ddadb3d7-cb92-488c-9529-5233bfbf43f6,24f57df2-75bc-4c61-be13-46765f9d649e
7e9b4e6e-9612-471f-bb5d-7bf5f882a67d,ddadb3d7-cb92-488c-9529-5233bfbf43f6,a3ae0288-76b0-4f9b-afce-09f6b916176b,->,7e9b4e6e-9612-471f-bb5d-7bf5f882a67d,ddadb3d7-cb92-488c-9529-5233bfbf43f6,e44fe244-5929-4306-92fd-090a1a5d3579
7e9b4e6e-9612-471f-bb5d-7bf5f882a67d,ddadb3d7-cb92-488c-9529-5233bfbf43f6,a3ae0288-76b0-4f9b-afce-09f6b916176b,->,7e9b4e6e-9612-471f-bb5d-7bf5f882a67d,ddadb3d7-cb92-488c-9529-5233bfbf43f6,f5fb8a55-48e9-4300-80f1-9f0c31dd3c18
7e9b4e6e-9612-471f-bb5d-7bf5f882a67d,ddadb3d7-cb92-488c-9529-5233bfbf43f6,a3ae0288-76b0-4f9b-afce-09f6b916176b,->,7e9b4e6e-9612-471f-bb5d-7bf5f882a67d,ddadb3d7-cb92-488c-9529-5233bfbf43f6,a9e50653-ce06-4454-861f-ea1eb2f66bc5
7e9b4e6e-9612-471f-bb5d-7bf5f882a67d,ddadb3d7-cb92-488c-9529-5233bfbf43f6,a3ae0288-76b0-4f9b-afce-09f6b916176b,->,7e9b4e6e-9612-471f-bb5d-7bf5f882a67d,ddadb3d7-cb92-488c-9529-5233bfbf43f6,24f57df2-75bc-4c61-be13-46765f9d649e
7e9b4e6e-9612-471f-bb5d-7bf5f882a67d,ddadb3d7-cb92-488c-9529-5233bfbf43f6,a3ae0288-76b0-4f9b-afce-09f6b916176b,->,7e9b4e6e-9612-471f-bb5d-7bf5f882a67d,ddadb3d7-cb92-488c-9529-5233bfbf43f6,e44fe244-5929-4306-92fd-090a1a5d3579
7e9b4e6e-9612-471f-bb5d-7bf5f882a67d,ddadb3d7-cb92-488c-9529-5233bfbf43f6,a3ae0288-76b0-4f9b-afce-09f6b916176b,->,7e9b4e6e-9612-471f-bb5d-7bf5f882a67d,ddadb3d7-cb92-488c-9529-5233bfbf43f6,a9e50653-ce06-4454-861f-ea1eb2f66bc5
7e9b4e6e-9612-471f-bb5d-7bf5f882a67d,ddadb3d7-cb92-488c-9529-5233bfbf43f6,a3ae0288-76b0-4f9b-afce-09f6b916176b,->,7e9b4e6e-9612-471f-bb5d-7bf5f882a67d,ddadb3d7-cb92-488c-9529-5233bfbf43f6,24f57df2-75bc-4c61-be13-46765f9d649e
7e9b4e6e-9612-471f-bb5d-7bf5f882a67d,ddadb3d7-cb92-488c-9529-5233bfbf43f6,a3ae0288-76b0-4f9b-afce-09f6b916176b,->,7e9b4e6e-9612-471f-bb5d-7bf5f882a67d,ddadb3d7-cb92-488c-9529-5233bfbf43f6,e44fe244-5929-4306-92fd-090a1a5d3579
7e9b4e6e-9612-471f-bb5d-7bf5f882a67d,ddadb3d7-cb92-488c-9529-5233bfbf43f6,a3ae0288-76b0-4f9b-afce-09f6b916176b,->,7e9b4e6e-9612-471f-bb5d-7bf5f882a67d,ddadb3d7-cb92-488c-9529-5233bfbf43f6,2511b301-253e-4757-a8a9-52371a65cc75
7e9b4e6e-9612-471f-bb5d-7bf5f882a67d,ddadb3d7-cb92-488c-9529-5233bfbf43f6,a3ae0288-76b0-4f9b-afce-09f6b916176b,->,7e9b4e6e-9612-471f-bb5d-7bf5f882a67d,ddadb3d7-cb92-488c-9529-5233bfbf43f6,a9e50653-ce06-4454-861f-ea1eb2f66bc5
7e9b4e6e-9612-471f-bb5d-7bf5f882a67d,ddadb3d7-cb92-488c-9529-5233bfbf43f6,a3ae0288-76b0-4f9b-afce-09f6b916176b,->,7e9b4e6e-9612-471f-bb5d-7bf5f882a67d,ddadb3d7-cb92-488c-9529-5233bfbf43f6,c7138940-f7c0-4b06-954b-5bfeeb189a45
7e9b4e6e-9612-471f-bb5d-7bf5f882a67d,ddadb3d7-cb92-488c-9529-5233bfbf43f6,a3ae0288-76b0-4f9b-afce-09f6b916176b,->,7e9b4e6e-9612-471f-bb5d-7bf5f882a67d,ddadb3d7-cb92-488c-9529-5233bfbf43f6,df7736d4-5bf5-4c91-a31d-1da081ce52ab
7e9b4e6e-9612-471f-bb5d-7bf5f882a67d,ddadb3d7-cb92-488c-9529-5233bfbf43f6,a3ae0288-76b0-4f9b-afce-09f6b916176b,->,7e9b4e6e-9612-471f-bb5d-7bf5f882a67d,ddadb3d7-cb92-488c-9529-5233bfbf43f6,a9e50653-ce06-4454-861f-ea1eb2f66bc5
7e9b4e6e-9612-471f-bb5d-7bf5f882a67d,ddadb3d7-cb92-488c-9529-5233bfbf43f6,a3ae0288-76b0-4f9b-afce-09f6b916176b,->,7e9b4e6e-9612-471f-bb5d-7bf5f882a67d,ddadb3d7-cb92-488c-9529-5233bfbf43f6,c7138940-f7c0-4b06-954b-5bfeeb189a45
7e9b4e6e-9612-471f-bb5d-7bf5f882a67d,ddadb3d7-cb92-488c-9529-5233bfbf43f6,a3ae0288-76b0-4f9b-afce-09f6b916176b,->,7e9b4e6e-9612-471f-bb5d-7bf5f882a67d,ddadb3d7-cb92-488c-9529-5233bfbf43f6,a9e50653-ce06-4454-861f-ea1eb2f66bc5
7e9b4e6e-9612-471f-bb5d-7bf5f882a67d,ddadb3d7-cb92-488c-9529-5233bfbf43f6,a3ae0288-76b0-4f9b-afce-09f6b916176b,->,7e9b4e6e-9612-471f-bb5d-7bf5f882a67d,ddadb3d7-cb92-488c-9529-5233bfbf43f6,c7138940-f7c0-4b06-954b-5bfeeb189a45
7e9b4e6e-9612-471f-bb5d-7bf5f882a67d,ddadb3d7-cb92-488c-9529-5233bfbf43f6,a3ae0288-76b0-4f9b-afce-09f6b916176b,->,7e9b4e6e-9612-471f-bb5d-7bf5f882a67d,ddadb3d7-cb92-488c-9529-5233bfbf43f6,2511b301-253e-4757-a8a9-52371a65cc75
7e9b4e6e-9612-471f-bb5d-7bf5f882a67d,ddadb3d7-cb92-488c-9529-5233bfbf43f6,a3ae0288-76b0-4f9b-afce-09f6b916176b,->,7e9b4e6e-9612-471f-bb5d-7bf5f882a67d,ddadb3d7-cb92-488c-9529-5233bfbf43f6,47df8eaf-6489-4b0a-80c4-7c7594047f8c
7e9b4e6e-9612-471f-bb5d-7bf5f882a67d,ddadb3d7-cb92-488c-9529-5233bfbf43f6,a3ae0288-76b0-4f9b-afce-09f6b916176b,->,7e9b4e6e-9612-471f-bb5d-7bf5f882a67d,ddadb3d7-cb92-488c-9529-5233bfbf43f6,47df8eaf-6489-4b0a-80c4-7c7594047f8c
7e9b4e6e-9612-471f-bb5d-7bf5f882a67d,ddadb3d7-cb92-488c-9529-5233bfbf43f6,a3ae0288-76b0-4f9b-afce-09f6b916176b,->,7e9b4e6e-9612-471f-bb5d-7bf5f882a67d,ddadb3d7-cb92-488c-9529-5233bfbf43f6,47df8eaf-6489-4b0a-80c4-7c7594047f8c
7e9b4e6e-9612-471f-bb5d-7bf5f882a67d,ddadb3d7-cb92-488c-9529-5233bfbf43f6,a3ae0288-76b0-4f9b-afce-09f6b916176b,->,7e9b4e6e-9612-471f-bb5d-7bf5f882a67d,ddadb3d7-cb92-488c-9529-5233bfbf43f6,82cd6e0a-a5dd-433c-974c-f28459285395
7e9b4e6e-9612-471f-bb5d-7bf5f882a67d,ddadb3d7-cb92-488c-9529-5233bfbf43f6,82cd6e0a-a5dd-433c-974c-f28459285395,->,7e9b4e6e-9612-471f-bb5d-7bf5f882a67d,org/semanticweb/owlapi/model/OWLOntologyManager.java,saveOntology
7e9b4e6e-9612-471f-bb5d-7bf5f882a67d,ddadb3d7-cb92-488c-9529-5233bfbf43f6,8fcf76a4-cd2e-41e5-bc57-e818aef7c7e2,->,7e9b4e6e-9612-471f-bb5d-7bf5f882a67d,ddadb3d7-cb92-488c-9529-5233bfbf43f6,40d987ca-5972-4786-b127-214ad6725b35
7e9b4e6e-9612-471f-bb5d-7bf5f882a67d,ddadb3d7-cb92-488c-9529-5233bfbf43f6,8fcf76a4-cd2e-41e5-bc57-e818aef7c7e2,->,7e9b4e6e-9612-471f-bb5d-7bf5f882a67d,org/semanticweb/owlapi/model/OWLDataFactory.java,getOWLDeclarationAxiom
7e9b4e6e-9612-471f-bb5d-7bf5f882a67d,ddadb3d7-cb92-488c-9529-5233bfbf43f6,8fcf76a4-cd2e-41e5-bc57-e818aef7c7e2,->,7e9b4e6e-9612-471f-bb5d-7bf5f882a67d,ddadb3d7-cb92-488c-9529-5233bfbf43f6,7619556c-e28a-4d66-8b72-d56d576d8e5e
7e9b4e6e-9612-471f-bb5d-7bf5f882a67d,ddadb3d7-cb92-488c-9529-5233bfbf43f6,e5bd4ff2-1c6e-437f-87c3-6367175e6281,->,7e9b4e6e-9612-471f-bb5d-7bf5f882a67d,ddadb3d7-cb92-488c-9529-5233bfbf43f6,40d987ca-5972-4786-b127-214ad6725b35
7e9b4e6e-9612-471f-bb5d-7bf5f882a67d,ddadb3d7-cb92-488c-9529-5233bfbf43f6,e5bd4ff2-1c6e-437f-87c3-6367175e6281,->,7e9b4e6e-9612-471f-bb5d-7bf5f882a67d,org/semanticweb/owlapi/model/OWLDataFactory.java,getOWLSubClassOfAxiom
7e9b4e6e-9612-471f-bb5d-7bf5f882a67d,ddadb3d7-cb92-488c-9529-5233bfbf43f6,e5bd4ff2-1c6e-437f-87c3-6367175e6281,->,7e9b4e6e-9612-471f-bb5d-7bf5f882a67d,ddadb3d7-cb92-488c-9529-5233bfbf43f6,7619556c-e28a-4d66-8b72-d56d576d8e5e
7e9b4e6e-9612-471f-bb5d-7bf5f882a67d,ddadb3d7-cb92-488c-9529-5233bfbf43f6,40d987ca-5972-4786-b127-214ad6725b35,->,7e9b4e6e-9612-471f-bb5d-7bf5f882a67d,java/lang/StringBuilder.java,append
7e9b4e6e-9612-471f-bb5d-7bf5f882a67d,ddadb3d7-cb92-488c-9529-5233bfbf43f6,40d987ca-5972-4786-b127-214ad6725b35,->,7e9b4e6e-9612-471f-bb5d-7bf5f882a67d,java/lang/StringBuilder.java,append
7e9b4e6e-9612-471f-bb5d-7bf5f882a67d,ddadb3d7-cb92-488c-9529-5233bfbf43f6,40d987ca-5972-4786-b127-214ad6725b35,->,7e9b4e6e-9612-471f-bb5d-7bf5f882a67d,java/lang/StringBuilder.java,toString
7e9b4e6e-9612-471f-bb5d-7bf5f882a67d,ddadb3d7-cb92-488c-9529-5233bfbf43f6,40d987ca-5972-4786-b127-214ad6725b35,->,7e9b4e6e-9612-471f-bb5d-7bf5f882a67d,org/semanticweb/owlapi/model/OWLDataFactory.java,getOWLClass
7e9b4e6e-9612-471f-bb5d-7bf5f882a67d,ddadb3d7-cb92-488c-9529-5233bfbf43f6,2f6e9654-a09b-41cd-9c82-a6471e3b5e51,->,7e9b4e6e-9612-471f-bb5d-7bf5f882a67d,org/semanticweb/owlapi/vocab/OWL2Datatype.java,getIRI
7e9b4e6e-9612-471f-bb5d-7bf5f882a67d,ddadb3d7-cb92-488c-9529-5233bfbf43f6,2f6e9654-a09b-41cd-9c82-a6471e3b5e51,->,7e9b4e6e-9612-471f-bb5d-7bf5f882a67d,org/semanticweb/owlapi/model/OWLDataFactory.java,getOWLDatatype
7e9b4e6e-9612-471f-bb5d-7bf5f882a67d,ddadb3d7-cb92-488c-9529-5233bfbf43f6,2f6e9654-a09b-41cd-9c82-a6471e3b5e51,->,7e9b4e6e-9612-471f-bb5d-7bf5f882a67d,ddadb3d7-cb92-488c-9529-5233bfbf43f6,0faa9c6e-cfcb-4195-a280-fb900e82f51c
7e9b4e6e-9612-471f-bb5d-7bf5f882a67d,ddadb3d7-cb92-488c-9529-5233bfbf43f6,0faa9c6e-cfcb-4195-a280-fb900e82f51c,->,7e9b4e6e-9612-471f-bb5d-7bf5f882a67d,ddadb3d7-cb92-488c-9529-5233bfbf43f6,296036fc-c6cb-4547-a49e-f4907ad7d354
7e9b4e6e-9612-471f-bb5d-7bf5f882a67d,ddadb3d7-cb92-488c-9529-5233bfbf43f6,0faa9c6e-cfcb-4195-a280-fb900e82f51c,->,7e9b4e6e-9612-471f-bb5d-7bf5f882a67d,org/semanticweb/owlapi/model/OWLDataFactory.java,getOWLDataPropertyDomainAxiom
7e9b4e6e-9612-471f-bb5d-7bf5f882a67d,ddadb3d7-cb92-488c-9529-5233bfbf43f6,0faa9c6e-cfcb-4195-a280-fb900e82f51c,->,7e9b4e6e-9612-471f-bb5d-7bf5f882a67d,ddadb3d7-cb92-488c-9529-5233bfbf43f6,7619556c-e28a-4d66-8b72-d56d576d8e5e
7e9b4e6e-9612-471f-bb5d-7bf5f882a67d,ddadb3d7-cb92-488c-9529-5233bfbf43f6,0faa9c6e-cfcb-4195-a280-fb900e82f51c,->,7e9b4e6e-9612-471f-bb5d-7bf5f882a67d,org/semanticweb/owlapi/model/OWLDataFactory.java,getOWLDataMinCardinality
7e9b4e6e-9612-471f-bb5d-7bf5f882a67d,ddadb3d7-cb92-488c-9529-5233bfbf43f6,0faa9c6e-cfcb-4195-a280-fb900e82f51c,->,7e9b4e6e-9612-471f-bb5d-7bf5f882a67d,org/semanticweb/owlapi/model/OWLDataFactory.java,getOWLDataMaxCardinality
7e9b4e6e-9612-471f-bb5d-7bf5f882a67d,ddadb3d7-cb92-488c-9529-5233bfbf43f6,0faa9c6e-cfcb-4195-a280-fb900e82f51c,->,7e9b4e6e-9612-471f-bb5d-7bf5f882a67d,org/semanticweb/owlapi/model/OWLDataFactory.java,getOWLObjectIntersectionOf
7e9b4e6e-9612-471f-bb5d-7bf5f882a67d,ddadb3d7-cb92-488c-9529-5233bfbf43f6,0faa9c6e-cfcb-4195-a280-fb900e82f51c,->,7e9b4e6e-9612-471f-bb5d-7bf5f882a67d,org/semanticweb/owlapi/model/OWLDataFactory.java,getOWLSubClassOfAxiom
7e9b4e6e-9612-471f-bb5d-7bf5f882a67d,ddadb3d7-cb92-488c-9529-5233bfbf43f6,0faa9c6e-cfcb-4195-a280-fb900e82f51c,->,7e9b4e6e-9612-471f-bb5d-7bf5f882a67d,ddadb3d7-cb92-488c-9529-5233bfbf43f6,7619556c-e28a-4d66-8b72-d56d576d8e5e
7e9b4e6e-9612-471f-bb5d-7bf5f882a67d,ddadb3d7-cb92-488c-9529-5233bfbf43f6,0faa9c6e-cfcb-4195-a280-fb900e82f51c,->,7e9b4e6e-9612-471f-bb5d-7bf5f882a67d,org/semanticweb/owlapi/model/OWLDataFactory.java,getOWLSubClassOfAxiom
7e9b4e6e-9612-471f-bb5d-7bf5f882a67d,ddadb3d7-cb92-488c-9529-5233bfbf43f6,0faa9c6e-cfcb-4195-a280-fb900e82f51c,->,7e9b4e6e-9612-471f-bb5d-7bf5f882a67d,ddadb3d7-cb92-488c-9529-5233bfbf43f6,7619556c-e28a-4d66-8b72-d56d576d8e5e
7e9b4e6e-9612-471f-bb5d-7bf5f882a67d,ddadb3d7-cb92-488c-9529-5233bfbf43f6,0faa9c6e-cfcb-4195-a280-fb900e82f51c,->,7e9b4e6e-9612-471f-bb5d-7bf5f882a67d,org/semanticweb/owlapi/model/OWLDataFactory.java,getOWLDataPropertyRangeAxiom
7e9b4e6e-9612-471f-bb5d-7bf5f882a67d,ddadb3d7-cb92-488c-9529-5233bfbf43f6,0faa9c6e-cfcb-4195-a280-fb900e82f51c,->,7e9b4e6e-9612-471f-bb5d-7bf5f882a67d,ddadb3d7-cb92-488c-9529-5233bfbf43f6,7619556c-e28a-4d66-8b72-d56d576d8e5e
7e9b4e6e-9612-471f-bb5d-7bf5f882a67d,ddadb3d7-cb92-488c-9529-5233bfbf43f6,0faa9c6e-cfcb-4195-a280-fb900e82f51c,->,7e9b4e6e-9612-471f-bb5d-7bf5f882a67d,org/semanticweb/owlapi/model/OWLDataFactory.java,getOWLFunctionalDataPropertyAxiom
7e9b4e6e-9612-471f-bb5d-7bf5f882a67d,ddadb3d7-cb92-488c-9529-5233bfbf43f6,0faa9c6e-cfcb-4195-a280-fb900e82f51c,->,7e9b4e6e-9612-471f-bb5d-7bf5f882a67d,ddadb3d7-cb92-488c-9529-5233bfbf43f6,7619556c-e28a-4d66-8b72-d56d576d8e5e
7e9b4e6e-9612-471f-bb5d-7bf5f882a67d,ddadb3d7-cb92-488c-9529-5233bfbf43f6,296036fc-c6cb-4547-a49e-f4907ad7d354,->,7e9b4e6e-9612-471f-bb5d-7bf5f882a67d,java/lang/StringBuilder.java,append
7e9b4e6e-9612-471f-bb5d-7bf5f882a67d,ddadb3d7-cb92-488c-9529-5233bfbf43f6,296036fc-c6cb-4547-a49e-f4907ad7d354,->,7e9b4e6e-9612-471f-bb5d-7bf5f882a67d,java/lang/StringBuilder.java,append
7e9b4e6e-9612-471f-bb5d-7bf5f882a67d,ddadb3d7-cb92-488c-9529-5233bfbf43f6,296036fc-c6cb-4547-a49e-f4907ad7d354,->,7e9b4e6e-9612-471f-bb5d-7bf5f882a67d,java/lang/StringBuilder.java,toString
7e9b4e6e-9612-471f-bb5d-7bf5f882a67d,ddadb3d7-cb92-488c-9529-5233bfbf43f6,296036fc-c6cb-4547-a49e-f4907ad7d354,->,7e9b4e6e-9612-471f-bb5d-7bf5f882a67d,org/semanticweb/owlapi/model/OWLDataFactory.java,getOWLDataProperty
7e9b4e6e-9612-471f-bb5d-7bf5f882a67d,ddadb3d7-cb92-488c-9529-5233bfbf43f6,a9e50653-ce06-4454-861f-ea1eb2f66bc5,->,7e9b4e6e-9612-471f-bb5d-7bf5f882a67d,ddadb3d7-cb92-488c-9529-5233bfbf43f6,7edc10b3-57d4-43f0-a50b-79dba92e9c99
7e9b4e6e-9612-471f-bb5d-7bf5f882a67d,ddadb3d7-cb92-488c-9529-5233bfbf43f6,a9e50653-ce06-4454-861f-ea1eb2f66bc5,->,7e9b4e6e-9612-471f-bb5d-7bf5f882a67d,org/semanticweb/owlapi/model/OWLDataFactory.java,getOWLObjectPropertyDomainAxiom
7e9b4e6e-9612-471f-bb5d-7bf5f882a67d,ddadb3d7-cb92-488c-9529-5233bfbf43f6,a9e50653-ce06-4454-861f-ea1eb2f66bc5,->,7e9b4e6e-9612-471f-bb5d-7bf5f882a67d,ddadb3d7-cb92-488c-9529-5233bfbf43f6,7619556c-e28a-4d66-8b72-d56d576d8e5e
7e9b4e6e-9612-471f-bb5d-7bf5f882a67d,ddadb3d7-cb92-488c-9529-5233bfbf43f6,a9e50653-ce06-4454-861f-ea1eb2f66bc5,->,7e9b4e6e-9612-471f-bb5d-7bf5f882a67d,org/semanticweb/owlapi/model/OWLDataFactory.java,getOWLObjectMinCardinality
7e9b4e6e-9612-471f-bb5d-7bf5f882a67d,ddadb3d7-cb92-488c-9529-5233bfbf43f6,a9e50653-ce06-4454-861f-ea1eb2f66bc5,->,7e9b4e6e-9612-471f-bb5d-7bf5f882a67d,org/semanticweb/owlapi/model/OWLDataFactory.java,getOWLObjectMaxCardinality
7e9b4e6e-9612-471f-bb5d-7bf5f882a67d,ddadb3d7-cb92-488c-9529-5233bfbf43f6,a9e50653-ce06-4454-861f-ea1eb2f66bc5,->,7e9b4e6e-9612-471f-bb5d-7bf5f882a67d,org/semanticweb/owlapi/model/OWLDataFactory.java,getOWLObjectIntersectionOf
7e9b4e6e-9612-471f-bb5d-7bf5f882a67d,ddadb3d7-cb92-488c-9529-5233bfbf43f6,a9e50653-ce06-4454-861f-ea1eb2f66bc5,->,7e9b4e6e-9612-471f-bb5d-7bf5f882a67d,org/semanticweb/owlapi/model/OWLDataFactory.java,getOWLSubClassOfAxiom
7e9b4e6e-9612-471f-bb5d-7bf5f882a67d,ddadb3d7-cb92-488c-9529-5233bfbf43f6,a9e50653-ce06-4454-861f-ea1eb2f66bc5,->,7e9b4e6e-9612-471f-bb5d-7bf5f882a67d,ddadb3d7-cb92-488c-9529-5233bfbf43f6,7619556c-e28a-4d66-8b72-d56d576d8e5e
7e9b4e6e-9612-471f-bb5d-7bf5f882a67d,ddadb3d7-cb92-488c-9529-5233bfbf43f6,a9e50653-ce06-4454-861f-ea1eb2f66bc5,->,7e9b4e6e-9612-471f-bb5d-7bf5f882a67d,org/semanticweb/owlapi/model/OWLDataFactory.java,getOWLSubClassOfAxiom
7e9b4e6e-9612-471f-bb5d-7bf5f882a67d,ddadb3d7-cb92-488c-9529-5233bfbf43f6,a9e50653-ce06-4454-861f-ea1eb2f66bc5,->,7e9b4e6e-9612-471f-bb5d-7bf5f882a67d,ddadb3d7-cb92-488c-9529-5233bfbf43f6,7619556c-e28a-4d66-8b72-d56d576d8e5e
7e9b4e6e-9612-471f-bb5d-7bf5f882a67d,ddadb3d7-cb92-488c-9529-5233bfbf43f6,a9e50653-ce06-4454-861f-ea1eb2f66bc5,->,7e9b4e6e-9612-471f-bb5d-7bf5f882a67d,org/semanticweb/owlapi/model/OWLDataFactory.java,getOWLObjectPropertyRangeAxiom
7e9b4e6e-9612-471f-bb5d-7bf5f882a67d,ddadb3d7-cb92-488c-9529-5233bfbf43f6,a9e50653-ce06-4454-861f-ea1eb2f66bc5,->,7e9b4e6e-9612-471f-bb5d-7bf5f882a67d,ddadb3d7-cb92-488c-9529-5233bfbf43f6,7619556c-e28a-4d66-8b72-d56d576d8e5e
7e9b4e6e-9612-471f-bb5d-7bf5f882a67d,ddadb3d7-cb92-488c-9529-5233bfbf43f6,7edc10b3-57d4-43f0-a50b-79dba92e9c99,->,7e9b4e6e-9612-471f-bb5d-7bf5f882a67d,java/lang/StringBuilder.java,append
7e9b4e6e-9612-471f-bb5d-7bf5f882a67d,ddadb3d7-cb92-488c-9529-5233bfbf43f6,7edc10b3-57d4-43f0-a50b-79dba92e9c99,->,7e9b4e6e-9612-471f-bb5d-7bf5f882a67d,java/lang/StringBuilder.java,append
7e9b4e6e-9612-471f-bb5d-7bf5f882a67d,ddadb3d7-cb92-488c-9529-5233bfbf43f6,7edc10b3-57d4-43f0-a50b-79dba92e9c99,->,7e9b4e6e-9612-471f-bb5d-7bf5f882a67d,java/lang/StringBuilder.java,toString
7e9b4e6e-9612-471f-bb5d-7bf5f882a67d,ddadb3d7-cb92-488c-9529-5233bfbf43f6,7edc10b3-57d4-43f0-a50b-79dba92e9c99,->,7e9b4e6e-9612-471f-bb5d-7bf5f882a67d,org/semanticweb/owlapi/model/OWLDataFactory.java,getOWLObjectProperty
7e9b4e6e-9612-471f-bb5d-7bf5f882a67d,ddadb3d7-cb92-488c-9529-5233bfbf43f6,2511b301-253e-4757-a8a9-52371a65cc75,->,7e9b4e6e-9612-471f-bb5d-7bf5f882a67d,org/semanticweb/owlapi/model/OWLDataFactory.java,getOWLInverseObjectPropertiesAxiom
7e9b4e6e-9612-471f-bb5d-7bf5f882a67d,ddadb3d7-cb92-488c-9529-5233bfbf43f6,2511b301-253e-4757-a8a9-52371a65cc75,->,7e9b4e6e-9612-471f-bb5d-7bf5f882a67d,ddadb3d7-cb92-488c-9529-5233bfbf43f6,7619556c-e28a-4d66-8b72-d56d576d8e5e
7e9b4e6e-9612-471f-bb5d-7bf5f882a67d,ddadb3d7-cb92-488c-9529-5233bfbf43f6,9f499f1c-0e93-4a56-8901-38c7d6d5b891,->,7e9b4e6e-9612-471f-bb5d-7bf5f882a67d,org/semanticweb/owlapi/model/OWLDataFactory.java,getOWLFunctionalObjectPropertyAxiom
7e9b4e6e-9612-471f-bb5d-7bf5f882a67d,ddadb3d7-cb92-488c-9529-5233bfbf43f6,9f499f1c-0e93-4a56-8901-38c7d6d5b891,->,7e9b4e6e-9612-471f-bb5d-7bf5f882a67d,ddadb3d7-cb92-488c-9529-5233bfbf43f6,7619556c-e28a-4d66-8b72-d56d576d8e5e
7e9b4e6e-9612-471f-bb5d-7bf5f882a67d,ddadb3d7-cb92-488c-9529-5233bfbf43f6,f5fb8a55-48e9-4300-80f1-9f0c31dd3c18,->,7e9b4e6e-9612-471f-bb5d-7bf5f882a67d,org/semanticweb/owlapi/model/OWLDataFactory.java,getOWLInverseFunctionalObjectPropertyAxiom
7e9b4e6e-9612-471f-bb5d-7bf5f882a67d,ddadb3d7-cb92-488c-9529-5233bfbf43f6,f5fb8a55-48e9-4300-80f1-9f0c31dd3c18,->,7e9b4e6e-9612-471f-bb5d-7bf5f882a67d,ddadb3d7-cb92-488c-9529-5233bfbf43f6,7619556c-e28a-4d66-8b72-d56d576d8e5e
7e9b4e6e-9612-471f-bb5d-7bf5f882a67d,ddadb3d7-cb92-488c-9529-5233bfbf43f6,c7138940-f7c0-4b06-954b-5bfeeb189a45,->,7e9b4e6e-9612-471f-bb5d-7bf5f882a67d,org/semanticweb/owlapi/model/OWLDataFactory.java,getOWLTransitiveObjectPropertyAxiom
7e9b4e6e-9612-471f-bb5d-7bf5f882a67d,ddadb3d7-cb92-488c-9529-5233bfbf43f6,c7138940-f7c0-4b06-954b-5bfeeb189a45,->,7e9b4e6e-9612-471f-bb5d-7bf5f882a67d,ddadb3d7-cb92-488c-9529-5233bfbf43f6,7619556c-e28a-4d66-8b72-d56d576d8e5e
7e9b4e6e-9612-471f-bb5d-7bf5f882a67d,ddadb3d7-cb92-488c-9529-5233bfbf43f6,df7736d4-5bf5-4c91-a31d-1da081ce52ab,->,7e9b4e6e-9612-471f-bb5d-7bf5f882a67d,org/semanticweb/owlapi/model/OWLDataFactory.java,getOWLSymmetricObjectPropertyAxiom
7e9b4e6e-9612-471f-bb5d-7bf5f882a67d,ddadb3d7-cb92-488c-9529-5233bfbf43f6,df7736d4-5bf5-4c91-a31d-1da081ce52ab,->,7e9b4e6e-9612-471f-bb5d-7bf5f882a67d,ddadb3d7-cb92-488c-9529-5233bfbf43f6,7619556c-e28a-4d66-8b72-d56d576d8e5e
7e9b4e6e-9612-471f-bb5d-7bf5f882a67d,ddadb3d7-cb92-488c-9529-5233bfbf43f6,24f57df2-75bc-4c61-be13-46765f9d649e,->,7e9b4e6e-9612-471f-bb5d-7bf5f882a67d,org/semanticweb/owlapi/model/OWLDataFactory.java,getOWLAsymmetricObjectPropertyAxiom
7e9b4e6e-9612-471f-bb5d-7bf5f882a67d,ddadb3d7-cb92-488c-9529-5233bfbf43f6,24f57df2-75bc-4c61-be13-46765f9d649e,->,7e9b4e6e-9612-471f-bb5d-7bf5f882a67d,ddadb3d7-cb92-488c-9529-5233bfbf43f6,7619556c-e28a-4d66-8b72-d56d576d8e5e
7e9b4e6e-9612-471f-bb5d-7bf5f882a67d,ddadb3d7-cb92-488c-9529-5233bfbf43f6,e44fe244-5929-4306-92fd-090a1a5d3579,->,7e9b4e6e-9612-471f-bb5d-7bf5f882a67d,org/semanticweb/owlapi/model/OWLDataFactory.java,getOWLIrreflexiveObjectPropertyAxiom
7e9b4e6e-9612-471f-bb5d-7bf5f882a67d,ddadb3d7-cb92-488c-9529-5233bfbf43f6,e44fe244-5929-4306-92fd-090a1a5d3579,->,7e9b4e6e-9612-471f-bb5d-7bf5f882a67d,ddadb3d7-cb92-488c-9529-5233bfbf43f6,7619556c-e28a-4d66-8b72-d56d576d8e5e
7e9b4e6e-9612-471f-bb5d-7bf5f882a67d,ddadb3d7-cb92-488c-9529-5233bfbf43f6,47df8eaf-6489-4b0a-80c4-7c7594047f8c,->,7e9b4e6e-9612-471f-bb5d-7bf5f882a67d,ddadb3d7-cb92-488c-9529-5233bfbf43f6,1c754f06-3752-46c1-9dd7-7aa7076351bf
7e9b4e6e-9612-471f-bb5d-7bf5f882a67d,ddadb3d7-cb92-488c-9529-5233bfbf43f6,47df8eaf-6489-4b0a-80c4-7c7594047f8c,->,7e9b4e6e-9612-471f-bb5d-7bf5f882a67d,org/semanticweb/owlapi/model/OWLDataFactory.java,getOWLClassAssertionAxiom
7e9b4e6e-9612-471f-bb5d-7bf5f882a67d,ddadb3d7-cb92-488c-9529-5233bfbf43f6,47df8eaf-6489-4b0a-80c4-7c7594047f8c,->,7e9b4e6e-9612-471f-bb5d-7bf5f882a67d,ddadb3d7-cb92-488c-9529-5233bfbf43f6,7619556c-e28a-4d66-8b72-d56d576d8e5e
7e9b4e6e-9612-471f-bb5d-7bf5f882a67d,ddadb3d7-cb92-488c-9529-5233bfbf43f6,1c754f06-3752-46c1-9dd7-7aa7076351bf,->,7e9b4e6e-9612-471f-bb5d-7bf5f882a67d,java/lang/StringBuilder.java,append
7e9b4e6e-9612-471f-bb5d-7bf5f882a67d,ddadb3d7-cb92-488c-9529-5233bfbf43f6,1c754f06-3752-46c1-9dd7-7aa7076351bf,->,7e9b4e6e-9612-471f-bb5d-7bf5f882a67d,java/lang/StringBuilder.java,append
7e9b4e6e-9612-471f-bb5d-7bf5f882a67d,ddadb3d7-cb92-488c-9529-5233bfbf43f6,1c754f06-3752-46c1-9dd7-7aa7076351bf,->,7e9b4e6e-9612-471f-bb5d-7bf5f882a67d,java/lang/StringBuilder.java,toString
7e9b4e6e-9612-471f-bb5d-7bf5f882a67d,ddadb3d7-cb92-488c-9529-5233bfbf43f6,1c754f06-3752-46c1-9dd7-7aa7076351bf,->,7e9b4e6e-9612-471f-bb5d-7bf5f882a67d,org/semanticweb/owlapi/model/OWLDataFactory.java,getOWLNamedIndividual
7e9b4e6e-9612-471f-bb5d-7bf5f882a67d,ddadb3d7-cb92-488c-9529-5233bfbf43f6,d0811182-61f2-4a4c-9afe-0c08aecf77e1,->,7e9b4e6e-9612-471f-bb5d-7bf5f882a67d,org/semanticweb/owlapi/model/OWLDataFactory.java,getOWLDataPropertyAssertionAxiom
7e9b4e6e-9612-471f-bb5d-7bf5f882a67d,ddadb3d7-cb92-488c-9529-5233bfbf43f6,d0811182-61f2-4a4c-9afe-0c08aecf77e1,->,7e9b4e6e-9612-471f-bb5d-7bf5f882a67d,ddadb3d7-cb92-488c-9529-5233bfbf43f6,7619556c-e28a-4d66-8b72-d56d576d8e5e
7e9b4e6e-9612-471f-bb5d-7bf5f882a67d,ddadb3d7-cb92-488c-9529-5233bfbf43f6,16427067-f9f8-4f77-97f4-3de3be6f5c11,->,7e9b4e6e-9612-471f-bb5d-7bf5f882a67d,org/semanticweb/owlapi/model/OWLDataFactory.java,getOWLObjectPropertyAssertionAxiom
7e9b4e6e-9612-471f-bb5d-7bf5f882a67d,ddadb3d7-cb92-488c-9529-5233bfbf43f6,16427067-f9f8-4f77-97f4-3de3be6f5c11,->,7e9b4e6e-9612-471f-bb5d-7bf5f882a67d,ddadb3d7-cb92-488c-9529-5233bfbf43f6,7619556c-e28a-4d66-8b72-d56d576d8e5e
7e9b4e6e-9612-471f-bb5d-7bf5f882a67d,ddadb3d7-cb92-488c-9529-5233bfbf43f6,7619556c-e28a-4d66-8b72-d56d576d8e5e,->,7e9b4e6e-9612-471f-bb5d-7bf5f882a67d,org/semanticweb/owlapi/model/OWLOntologyManager.java,addAxiom
7e9b4e6e-9612-471f-bb5d-7bf5f882a67d,956d6eaf-284b-45b0-984d-1e0085ed7846,2cb7411c-6d2d-451d-bff5-e6611775f2fb,->,7e9b4e6e-9612-471f-bb5d-7bf5f882a67d,java/io/File.java,exists
7e9b4e6e-9612-471f-bb5d-7bf5f882a67d,956d6eaf-284b-45b0-984d-1e0085ed7846,2cb7411c-6d2d-451d-bff5-e6611775f2fb,->,7e9b4e6e-9612-471f-bb5d-7bf5f882a67d,java/io/File.java,mkdir
7e9b4e6e-9612-471f-bb5d-7bf5f882a67d,956d6eaf-284b-45b0-984d-1e0085ed7846,2cb7411c-6d2d-451d-bff5-e6611775f2fb,->,7e9b4e6e-9612-471f-bb5d-7bf5f882a67d,java/lang/StringBuilder.java,append
7e9b4e6e-9612-471f-bb5d-7bf5f882a67d,956d6eaf-284b-45b0-984d-1e0085ed7846,2cb7411c-6d2d-451d-bff5-e6611775f2fb,->,7e9b4e6e-9612-471f-bb5d-7bf5f882a67d,java/io/File.java,getName
7e9b4e6e-9612-471f-bb5d-7bf5f882a67d,956d6eaf-284b-45b0-984d-1e0085ed7846,2cb7411c-6d2d-451d-bff5-e6611775f2fb,->,7e9b4e6e-9612-471f-bb5d-7bf5f882a67d,java/lang/StringBuilder.java,append
7e9b4e6e-9612-471f-bb5d-7bf5f882a67d,956d6eaf-284b-45b0-984d-1e0085ed7846,2cb7411c-6d2d-451d-bff5-e6611775f2fb,->,7e9b4e6e-9612-471f-bb5d-7bf5f882a67d,java/lang/StringBuilder.java,toString
7e9b4e6e-9612-471f-bb5d-7bf5f882a67d,956d6eaf-284b-45b0-984d-1e0085ed7846,2cb7411c-6d2d-451d-bff5-e6611775f2fb,->,7e9b4e6e-9612-471f-bb5d-7bf5f882a67d,java/io/File.java,listFiles
7e9b4e6e-9612-471f-bb5d-7bf5f882a67d,956d6eaf-284b-45b0-984d-1e0085ed7846,2cb7411c-6d2d-451d-bff5-e6611775f2fb,->,7e9b4e6e-9612-471f-bb5d-7bf5f882a67d,java/util/Map.java,clear
7e9b4e6e-9612-471f-bb5d-7bf5f882a67d,956d6eaf-284b-45b0-984d-1e0085ed7846,2cb7411c-6d2d-451d-bff5-e6611775f2fb,->,7e9b4e6e-9612-471f-bb5d-7bf5f882a67d,java/io/File.java,getName
7e9b4e6e-9612-471f-bb5d-7bf5f882a67d,956d6eaf-284b-45b0-984d-1e0085ed7846,2cb7411c-6d2d-451d-bff5-e6611775f2fb,->,7e9b4e6e-9612-471f-bb5d-7bf5f882a67d,java/lang/Integer.java,parseInt
7e9b4e6e-9612-471f-bb5d-7bf5f882a67d,956d6eaf-284b-45b0-984d-1e0085ed7846,2cb7411c-6d2d-451d-bff5-e6611775f2fb,->,7e9b4e6e-9612-471f-bb5d-7bf5f882a67d,java/lang/String.java,valueOf
7e9b4e6e-9612-471f-bb5d-7bf5f882a67d,956d6eaf-284b-45b0-984d-1e0085ed7846,2cb7411c-6d2d-451d-bff5-e6611775f2fb,->,7e9b4e6e-9612-471f-bb5d-7bf5f882a67d,956d6eaf-284b-45b0-984d-1e0085ed7846,c91b6ed8-36ec-42c4-83ec-3eabe8aad313
7e9b4e6e-9612-471f-bb5d-7bf5f882a67d,956d6eaf-284b-45b0-984d-1e0085ed7846,c91b6ed8-36ec-42c4-83ec-3eabe8aad313,->,7e9b4e6e-9612-471f-bb5d-7bf5f882a67d,java/lang/String.java,hashCode
7e9b4e6e-9612-471f-bb5d-7bf5f882a67d,956d6eaf-284b-45b0-984d-1e0085ed7846,c91b6ed8-36ec-42c4-83ec-3eabe8aad313,->,7e9b4e6e-9612-471f-bb5d-7bf5f882a67d,java/lang/String.java,equals
7e9b4e6e-9612-471f-bb5d-7bf5f882a67d,956d6eaf-284b-45b0-984d-1e0085ed7846,c91b6ed8-36ec-42c4-83ec-3eabe8aad313,->,7e9b4e6e-9612-471f-bb5d-7bf5f882a67d,java/lang/String.java,equals
7e9b4e6e-9612-471f-bb5d-7bf5f882a67d,956d6eaf-284b-45b0-984d-1e0085ed7846,c91b6ed8-36ec-42c4-83ec-3eabe8aad313,->,7e9b4e6e-9612-471f-bb5d-7bf5f882a67d,java/util/Map.java,put
7e9b4e6e-9612-471f-bb5d-7bf5f882a67d,956d6eaf-284b-45b0-984d-1e0085ed7846,c91b6ed8-36ec-42c4-83ec-3eabe8aad313,->,7e9b4e6e-9612-471f-bb5d-7bf5f882a67d,java/util/Map.java,put
7e9b4e6e-9612-471f-bb5d-7bf5f882a67d,956d6eaf-284b-45b0-984d-1e0085ed7846,c91b6ed8-36ec-42c4-83ec-3eabe8aad313,->,7e9b4e6e-9612-471f-bb5d-7bf5f882a67d,java/lang/StringBuilder.java,append
7e9b4e6e-9612-471f-bb5d-7bf5f882a67d,956d6eaf-284b-45b0-984d-1e0085ed7846,c91b6ed8-36ec-42c4-83ec-3eabe8aad313,->,7e9b4e6e-9612-471f-bb5d-7bf5f882a67d,java/lang/StringBuilder.java,append
7e9b4e6e-9612-471f-bb5d-7bf5f882a67d,956d6eaf-284b-45b0-984d-1e0085ed7846,c91b6ed8-36ec-42c4-83ec-3eabe8aad313,->,7e9b4e6e-9612-471f-bb5d-7bf5f882a67d,java/lang/StringBuilder.java,append
7e9b4e6e-9612-471f-bb5d-7bf5f882a67d,956d6eaf-284b-45b0-984d-1e0085ed7846,c91b6ed8-36ec-42c4-83ec-3eabe8aad313,->,7e9b4e6e-9612-471f-bb5d-7bf5f882a67d,java/lang/StringBuilder.java,append
7e9b4e6e-9612-471f-bb5d-7bf5f882a67d,956d6eaf-284b-45b0-984d-1e0085ed7846,c91b6ed8-36ec-42c4-83ec-3eabe8aad313,->,7e9b4e6e-9612-471f-bb5d-7bf5f882a67d,java/lang/StringBuilder.java,toString
7e9b4e6e-9612-471f-bb5d-7bf5f882a67d,956d6eaf-284b-45b0-984d-1e0085ed7846,c91b6ed8-36ec-42c4-83ec-3eabe8aad313,->,7e9b4e6e-9612-471f-bb5d-7bf5f882a67d,94756f21-88c6-4938-ae54-c91cd3d598c6,0585470b-3bf6-4345-b900-3215fcd4cbdf
7e9b4e6e-9612-471f-bb5d-7bf5f882a67d,956d6eaf-284b-45b0-984d-1e0085ed7846,c91b6ed8-36ec-42c4-83ec-3eabe8aad313,->,7e9b4e6e-9612-471f-bb5d-7bf5f882a67d,94756f21-88c6-4938-ae54-c91cd3d598c6,6acbff74-35a1-4171-bda8-1a87a9c18d0a
7e9b4e6e-9612-471f-bb5d-7bf5f882a67d,956d6eaf-284b-45b0-984d-1e0085ed7846,09e7a008-ee46-4de7-be3f-ce1e49d54f5c,->,7e9b4e6e-9612-471f-bb5d-7bf5f882a67d,java/lang/String.java,valueOf
7e9b4e6e-9612-471f-bb5d-7bf5f882a67d,956d6eaf-284b-45b0-984d-1e0085ed7846,088220a9-7e86-47b1-b4fd-fe8fc92a31ff,->,7e9b4e6e-9612-471f-bb5d-7bf5f882a67d,java/util/Map.java,containsKey
7e9b4e6e-9612-471f-bb5d-7bf5f882a67d,956d6eaf-284b-45b0-984d-1e0085ed7846,088220a9-7e86-47b1-b4fd-fe8fc92a31ff,->,7e9b4e6e-9612-471f-bb5d-7bf5f882a67d,java/lang/StringBuilder.java,append
7e9b4e6e-9612-471f-bb5d-7bf5f882a67d,956d6eaf-284b-45b0-984d-1e0085ed7846,088220a9-7e86-47b1-b4fd-fe8fc92a31ff,->,7e9b4e6e-9612-471f-bb5d-7bf5f882a67d,java/lang/StringBuilder.java,append
7e9b4e6e-9612-471f-bb5d-7bf5f882a67d,956d6eaf-284b-45b0-984d-1e0085ed7846,088220a9-7e86-47b1-b4fd-fe8fc92a31ff,->,7e9b4e6e-9612-471f-bb5d-7bf5f882a67d,java/lang/StringBuilder.java,append
7e9b4e6e-9612-471f-bb5d-7bf5f882a67d,956d6eaf-284b-45b0-984d-1e0085ed7846,088220a9-7e86-47b1-b4fd-fe8fc92a31ff,->,7e9b4e6e-9612-471f-bb5d-7bf5f882a67d,java/lang/StringBuilder.java,toString
7e9b4e6e-9612-471f-bb5d-7bf5f882a67d,956d6eaf-284b-45b0-984d-1e0085ed7846,088220a9-7e86-47b1-b4fd-fe8fc92a31ff,->,7e9b4e6e-9612-471f-bb5d-7bf5f882a67d,java/util/Map.java,get
7e9b4e6e-9612-471f-bb5d-7bf5f882a67d,956d6eaf-284b-45b0-984d-1e0085ed7846,088220a9-7e86-47b1-b4fd-fe8fc92a31ff,->,7e9b4e6e-9612-471f-bb5d-7bf5f882a67d,a7cc5aea-1e4e-4b4f-a9cc-1c895fd5bbd1,eeb8e723-a701-4824-bd2e-281f76a33581
7e9b4e6e-9612-471f-bb5d-7bf5f882a67d,956d6eaf-284b-45b0-984d-1e0085ed7846,088220a9-7e86-47b1-b4fd-fe8fc92a31ff,->,7e9b4e6e-9612-471f-bb5d-7bf5f882a67d,java/lang/String.java,hashCode
7e9b4e6e-9612-471f-bb5d-7bf5f882a67d,956d6eaf-284b-45b0-984d-1e0085ed7846,088220a9-7e86-47b1-b4fd-fe8fc92a31ff,->,7e9b4e6e-9612-471f-bb5d-7bf5f882a67d,java/lang/String.java,equals
7e9b4e6e-9612-471f-bb5d-7bf5f882a67d,956d6eaf-284b-45b0-984d-1e0085ed7846,088220a9-7e86-47b1-b4fd-fe8fc92a31ff,->,7e9b4e6e-9612-471f-bb5d-7bf5f882a67d,java/lang/String.java,equals
7e9b4e6e-9612-471f-bb5d-7bf5f882a67d,956d6eaf-284b-45b0-984d-1e0085ed7846,088220a9-7e86-47b1-b4fd-fe8fc92a31ff,->,7e9b4e6e-9612-471f-bb5d-7bf5f882a67d,f4429e80-16c7-4bbc-8a86-c6ea418ce42d,ad7514cf-84de-4c8e-b7b8-8fb2889cd6cf
7e9b4e6e-9612-471f-bb5d-7bf5f882a67d,956d6eaf-284b-45b0-984d-1e0085ed7846,088220a9-7e86-47b1-b4fd-fe8fc92a31ff,->,7e9b4e6e-9612-471f-bb5d-7bf5f882a67d,java/lang/StringBuilder.java,append
7e9b4e6e-9612-471f-bb5d-7bf5f882a67d,956d6eaf-284b-45b0-984d-1e0085ed7846,088220a9-7e86-47b1-b4fd-fe8fc92a31ff,->,7e9b4e6e-9612-471f-bb5d-7bf5f882a67d,java/lang/StringBuilder.java,append
7e9b4e6e-9612-471f-bb5d-7bf5f882a67d,956d6eaf-284b-45b0-984d-1e0085ed7846,088220a9-7e86-47b1-b4fd-fe8fc92a31ff,->,7e9b4e6e-9612-471f-bb5d-7bf5f882a67d,java/lang/StringBuilder.java,toString
7e9b4e6e-9612-471f-bb5d-7bf5f882a67d,956d6eaf-284b-45b0-984d-1e0085ed7846,088220a9-7e86-47b1-b4fd-fe8fc92a31ff,->,7e9b4e6e-9612-471f-bb5d-7bf5f882a67d,java/lang/StringBuilder.java,append
7e9b4e6e-9612-471f-bb5d-7bf5f882a67d,956d6eaf-284b-45b0-984d-1e0085ed7846,088220a9-7e86-47b1-b4fd-fe8fc92a31ff,->,7e9b4e6e-9612-471f-bb5d-7bf5f882a67d,java/lang/StringBuilder.java,append
7e9b4e6e-9612-471f-bb5d-7bf5f882a67d,956d6eaf-284b-45b0-984d-1e0085ed7846,088220a9-7e86-47b1-b4fd-fe8fc92a31ff,->,7e9b4e6e-9612-471f-bb5d-7bf5f882a67d,java/lang/StringBuilder.java,toString
7e9b4e6e-9612-471f-bb5d-7bf5f882a67d,956d6eaf-284b-45b0-984d-1e0085ed7846,088220a9-7e86-47b1-b4fd-fe8fc92a31ff,->,7e9b4e6e-9612-471f-bb5d-7bf5f882a67d,java/io/File.java,toURI
7e9b4e6e-9612-471f-bb5d-7bf5f882a67d,956d6eaf-284b-45b0-984d-1e0085ed7846,088220a9-7e86-47b1-b4fd-fe8fc92a31ff,->,7e9b4e6e-9612-471f-bb5d-7bf5f882a67d,java/util/Deque.java,push
7e9b4e6e-9612-471f-bb5d-7bf5f882a67d,956d6eaf-284b-45b0-984d-1e0085ed7846,088220a9-7e86-47b1-b4fd-fe8fc92a31ff,->,7e9b4e6e-9612-471f-bb5d-7bf5f882a67d,java/util/Deque.java,isEmpty
7e9b4e6e-9612-471f-bb5d-7bf5f882a67d,956d6eaf-284b-45b0-984d-1e0085ed7846,088220a9-7e86-47b1-b4fd-fe8fc92a31ff,->,7e9b4e6e-9612-471f-bb5d-7bf5f882a67d,java/util/Deque.java,pop
7e9b4e6e-9612-471f-bb5d-7bf5f882a67d,956d6eaf-284b-45b0-984d-1e0085ed7846,088220a9-7e86-47b1-b4fd-fe8fc92a31ff,->,7e9b4e6e-9612-471f-bb5d-7bf5f882a67d,java/io/File.java,listFiles
7e9b4e6e-9612-471f-bb5d-7bf5f882a67d,956d6eaf-284b-45b0-984d-1e0085ed7846,088220a9-7e86-47b1-b4fd-fe8fc92a31ff,->,7e9b4e6e-9612-471f-bb5d-7bf5f882a67d,java/io/File.java,toURI
7e9b4e6e-9612-471f-bb5d-7bf5f882a67d,956d6eaf-284b-45b0-984d-1e0085ed7846,088220a9-7e86-47b1-b4fd-fe8fc92a31ff,->,7e9b4e6e-9612-471f-bb5d-7bf5f882a67d,java/net/URI.java,relativize
7e9b4e6e-9612-471f-bb5d-7bf5f882a67d,956d6eaf-284b-45b0-984d-1e0085ed7846,088220a9-7e86-47b1-b4fd-fe8fc92a31ff,->,7e9b4e6e-9612-471f-bb5d-7bf5f882a67d,java/net/URI.java,getPath
7e9b4e6e-9612-471f-bb5d-7bf5f882a67d,956d6eaf-284b-45b0-984d-1e0085ed7846,088220a9-7e86-47b1-b4fd-fe8fc92a31ff,->,7e9b4e6e-9612-471f-bb5d-7bf5f882a67d,java/io/File.java,isDirectory
7e9b4e6e-9612-471f-bb5d-7bf5f882a67d,956d6eaf-284b-45b0-984d-1e0085ed7846,088220a9-7e86-47b1-b4fd-fe8fc92a31ff,->,7e9b4e6e-9612-471f-bb5d-7bf5f882a67d,java/util/Deque.java,push
7e9b4e6e-9612-471f-bb5d-7bf5f882a67d,956d6eaf-284b-45b0-984d-1e0085ed7846,088220a9-7e86-47b1-b4fd-fe8fc92a31ff,->,7e9b4e6e-9612-471f-bb5d-7bf5f882a67d,java/lang/String.java,endsWith
7e9b4e6e-9612-471f-bb5d-7bf5f882a67d,956d6eaf-284b-45b0-984d-1e0085ed7846,088220a9-7e86-47b1-b4fd-fe8fc92a31ff,->,7e9b4e6e-9612-471f-bb5d-7bf5f882a67d,java/lang/StringBuilder.java,append
7e9b4e6e-9612-471f-bb5d-7bf5f882a67d,956d6eaf-284b-45b0-984d-1e0085ed7846,088220a9-7e86-47b1-b4fd-fe8fc92a31ff,->,7e9b4e6e-9612-471f-bb5d-7bf5f882a67d,java/lang/StringBuilder.java,append
7e9b4e6e-9612-471f-bb5d-7bf5f882a67d,956d6eaf-284b-45b0-984d-1e0085ed7846,088220a9-7e86-47b1-b4fd-fe8fc92a31ff,->,7e9b4e6e-9612-471f-bb5d-7bf5f882a67d,java/lang/StringBuilder.java,toString
7e9b4e6e-9612-471f-bb5d-7bf5f882a67d,956d6eaf-284b-45b0-984d-1e0085ed7846,088220a9-7e86-47b1-b4fd-fe8fc92a31ff,->,7e9b4e6e-9612-471f-bb5d-7bf5f882a67d,java/util/zip/ZipOutputStream.java,putNextEntry
7e9b4e6e-9612-471f-bb5d-7bf5f882a67d,956d6eaf-284b-45b0-984d-1e0085ed7846,088220a9-7e86-47b1-b4fd-fe8fc92a31ff,->,7e9b4e6e-9612-471f-bb5d-7bf5f882a67d,java/util/zip/ZipOutputStream.java,putNextEntry
7e9b4e6e-9612-471f-bb5d-7bf5f882a67d,956d6eaf-284b-45b0-984d-1e0085ed7846,088220a9-7e86-47b1-b4fd-fe8fc92a31ff,->,7e9b4e6e-9612-471f-bb5d-7bf5f882a67d,java/io/InputStream.java,read
7e9b4e6e-9612-471f-bb5d-7bf5f882a67d,956d6eaf-284b-45b0-984d-1e0085ed7846,088220a9-7e86-47b1-b4fd-fe8fc92a31ff,->,7e9b4e6e-9612-471f-bb5d-7bf5f882a67d,java/util/zip/ZipOutputStream.java,write
7e9b4e6e-9612-471f-bb5d-7bf5f882a67d,956d6eaf-284b-45b0-984d-1e0085ed7846,088220a9-7e86-47b1-b4fd-fe8fc92a31ff,->,7e9b4e6e-9612-471f-bb5d-7bf5f882a67d,java/io/InputStream.java,close
7e9b4e6e-9612-471f-bb5d-7bf5f882a67d,956d6eaf-284b-45b0-984d-1e0085ed7846,088220a9-7e86-47b1-b4fd-fe8fc92a31ff,->,7e9b4e6e-9612-471f-bb5d-7bf5f882a67d,java/lang/Throwable.java,addSuppressed
7e9b4e6e-9612-471f-bb5d-7bf5f882a67d,956d6eaf-284b-45b0-984d-1e0085ed7846,088220a9-7e86-47b1-b4fd-fe8fc92a31ff,->,7e9b4e6e-9612-471f-bb5d-7bf5f882a67d,java/io/InputStream.java,close
7e9b4e6e-9612-471f-bb5d-7bf5f882a67d,956d6eaf-284b-45b0-984d-1e0085ed7846,088220a9-7e86-47b1-b4fd-fe8fc92a31ff,->,7e9b4e6e-9612-471f-bb5d-7bf5f882a67d,java/io/InputStream.java,close
7e9b4e6e-9612-471f-bb5d-7bf5f882a67d,956d6eaf-284b-45b0-984d-1e0085ed7846,088220a9-7e86-47b1-b4fd-fe8fc92a31ff,->,7e9b4e6e-9612-471f-bb5d-7bf5f882a67d,java/lang/Throwable.java,addSuppressed
7e9b4e6e-9612-471f-bb5d-7bf5f882a67d,956d6eaf-284b-45b0-984d-1e0085ed7846,088220a9-7e86-47b1-b4fd-fe8fc92a31ff,->,7e9b4e6e-9612-471f-bb5d-7bf5f882a67d,java/io/InputStream.java,close
7e9b4e6e-9612-471f-bb5d-7bf5f882a67d,956d6eaf-284b-45b0-984d-1e0085ed7846,088220a9-7e86-47b1-b4fd-fe8fc92a31ff,->,7e9b4e6e-9612-471f-bb5d-7bf5f882a67d,java/util/zip/ZipOutputStream.java,closeEntry
7e9b4e6e-9612-471f-bb5d-7bf5f882a67d,956d6eaf-284b-45b0-984d-1e0085ed7846,088220a9-7e86-47b1-b4fd-fe8fc92a31ff,->,7e9b4e6e-9612-471f-bb5d-7bf5f882a67d,java/lang/StringBuilder.java,append
7e9b4e6e-9612-471f-bb5d-7bf5f882a67d,956d6eaf-284b-45b0-984d-1e0085ed7846,088220a9-7e86-47b1-b4fd-fe8fc92a31ff,->,7e9b4e6e-9612-471f-bb5d-7bf5f882a67d,java/lang/StringBuilder.java,append
7e9b4e6e-9612-471f-bb5d-7bf5f882a67d,956d6eaf-284b-45b0-984d-1e0085ed7846,088220a9-7e86-47b1-b4fd-fe8fc92a31ff,->,7e9b4e6e-9612-471f-bb5d-7bf5f882a67d,java/lang/StringBuilder.java,append
7e9b4e6e-9612-471f-bb5d-7bf5f882a67d,956d6eaf-284b-45b0-984d-1e0085ed7846,088220a9-7e86-47b1-b4fd-fe8fc92a31ff,->,7e9b4e6e-9612-471f-bb5d-7bf5f882a67d,java/lang/StringBuilder.java,toString
7e9b4e6e-9612-471f-bb5d-7bf5f882a67d,956d6eaf-284b-45b0-984d-1e0085ed7846,088220a9-7e86-47b1-b4fd-fe8fc92a31ff,->,7e9b4e6e-9612-471f-bb5d-7bf5f882a67d,94756f21-88c6-4938-ae54-c91cd3d598c6,0585470b-3bf6-4345-b900-3215fcd4cbdf
7e9b4e6e-9612-471f-bb5d-7bf5f882a67d,956d6eaf-284b-45b0-984d-1e0085ed7846,088220a9-7e86-47b1-b4fd-fe8fc92a31ff,->,7e9b4e6e-9612-471f-bb5d-7bf5f882a67d,java/io/Closeable.java,close
7e9b4e6e-9612-471f-bb5d-7bf5f882a67d,956d6eaf-284b-45b0-984d-1e0085ed7846,088220a9-7e86-47b1-b4fd-fe8fc92a31ff,->,7e9b4e6e-9612-471f-bb5d-7bf5f882a67d,java/io/Closeable.java,close
7e9b4e6e-9612-471f-bb5d-7bf5f882a67d,956d6eaf-284b-45b0-984d-1e0085ed7846,e8678ea9-017a-4d99-8269-267c0b98452e,->,7e9b4e6e-9612-471f-bb5d-7bf5f882a67d,java/lang/String.java,valueOf
7e9b4e6e-9612-471f-bb5d-7bf5f882a67d,956d6eaf-284b-45b0-984d-1e0085ed7846,e8678ea9-017a-4d99-8269-267c0b98452e,->,7e9b4e6e-9612-471f-bb5d-7bf5f882a67d,java/io/File.java,exists
7e9b4e6e-9612-471f-bb5d-7bf5f882a67d,956d6eaf-284b-45b0-984d-1e0085ed7846,e8678ea9-017a-4d99-8269-267c0b98452e,->,7e9b4e6e-9612-471f-bb5d-7bf5f882a67d,java/io/File.java,mkdir
7e9b4e6e-9612-471f-bb5d-7bf5f882a67d,956d6eaf-284b-45b0-984d-1e0085ed7846,e8678ea9-017a-4d99-8269-267c0b98452e,->,7e9b4e6e-9612-471f-bb5d-7bf5f882a67d,java/lang/StringBuilder.java,append
7e9b4e6e-9612-471f-bb5d-7bf5f882a67d,956d6eaf-284b-45b0-984d-1e0085ed7846,e8678ea9-017a-4d99-8269-267c0b98452e,->,7e9b4e6e-9612-471f-bb5d-7bf5f882a67d,java/lang/StringBuilder.java,append
7e9b4e6e-9612-471f-bb5d-7bf5f882a67d,956d6eaf-284b-45b0-984d-1e0085ed7846,e8678ea9-017a-4d99-8269-267c0b98452e,->,7e9b4e6e-9612-471f-bb5d-7bf5f882a67d,java/lang/StringBuilder.java,toString
7e9b4e6e-9612-471f-bb5d-7bf5f882a67d,956d6eaf-284b-45b0-984d-1e0085ed7846,e8678ea9-017a-4d99-8269-267c0b98452e,->,7e9b4e6e-9612-471f-bb5d-7bf5f882a67d,006d49f0-9af7-41c4-b208-273ab1cc60d1,9ddcb124-184e-4164-937d-add132a1be6c
7e9b4e6e-9612-471f-bb5d-7bf5f882a67d,956d6eaf-284b-45b0-984d-1e0085ed7846,e8678ea9-017a-4d99-8269-267c0b98452e,->,7e9b4e6e-9612-471f-bb5d-7bf5f882a67d,006d49f0-9af7-41c4-b208-273ab1cc60d1,48d1c5bc-c910-460b-a2e7-a9516c1969f8
7e9b4e6e-9612-471f-bb5d-7bf5f882a67d,956d6eaf-284b-45b0-984d-1e0085ed7846,e8678ea9-017a-4d99-8269-267c0b98452e,->,7e9b4e6e-9612-471f-bb5d-7bf5f882a67d,java/util/zip/ZipFile.java,entries
7e9b4e6e-9612-471f-bb5d-7bf5f882a67d,956d6eaf-284b-45b0-984d-1e0085ed7846,e8678ea9-017a-4d99-8269-267c0b98452e,->,7e9b4e6e-9612-471f-bb5d-7bf5f882a67d,java/util/Enumeration.java,hasMoreElements
7e9b4e6e-9612-471f-bb5d-7bf5f882a67d,956d6eaf-284b-45b0-984d-1e0085ed7846,e8678ea9-017a-4d99-8269-267c0b98452e,->,7e9b4e6e-9612-471f-bb5d-7bf5f882a67d,java/util/Enumeration.java,nextElement
7e9b4e6e-9612-471f-bb5d-7bf5f882a67d,956d6eaf-284b-45b0-984d-1e0085ed7846,e8678ea9-017a-4d99-8269-267c0b98452e,->,7e9b4e6e-9612-471f-bb5d-7bf5f882a67d,java/util/zip/ZipEntry.java,isDirectory
7e9b4e6e-9612-471f-bb5d-7bf5f882a67d,956d6eaf-284b-45b0-984d-1e0085ed7846,e8678ea9-017a-4d99-8269-267c0b98452e,->,7e9b4e6e-9612-471f-bb5d-7bf5f882a67d,java/util/zip/ZipEntry.java,getName
7e9b4e6e-9612-471f-bb5d-7bf5f882a67d,956d6eaf-284b-45b0-984d-1e0085ed7846,e8678ea9-017a-4d99-8269-267c0b98452e,->,7e9b4e6e-9612-471f-bb5d-7bf5f882a67d,java/io/File.java,mkdir
7e9b4e6e-9612-471f-bb5d-7bf5f882a67d,956d6eaf-284b-45b0-984d-1e0085ed7846,e8678ea9-017a-4d99-8269-267c0b98452e,->,7e9b4e6e-9612-471f-bb5d-7bf5f882a67d,java/lang/StringBuilder.java,append
7e9b4e6e-9612-471f-bb5d-7bf5f882a67d,956d6eaf-284b-45b0-984d-1e0085ed7846,e8678ea9-017a-4d99-8269-267c0b98452e,->,7e9b4e6e-9612-471f-bb5d-7bf5f882a67d,java/util/zip/ZipEntry.java,getName
7e9b4e6e-9612-471f-bb5d-7bf5f882a67d,956d6eaf-284b-45b0-984d-1e0085ed7846,e8678ea9-017a-4d99-8269-267c0b98452e,->,7e9b4e6e-9612-471f-bb5d-7bf5f882a67d,java/lang/StringBuilder.java,append
7e9b4e6e-9612-471f-bb5d-7bf5f882a67d,956d6eaf-284b-45b0-984d-1e0085ed7846,e8678ea9-017a-4d99-8269-267c0b98452e,->,7e9b4e6e-9612-471f-bb5d-7bf5f882a67d,java/lang/StringBuilder.java,toString
7e9b4e6e-9612-471f-bb5d-7bf5f882a67d,956d6eaf-284b-45b0-984d-1e0085ed7846,e8678ea9-017a-4d99-8269-267c0b98452e,->,7e9b4e6e-9612-471f-bb5d-7bf5f882a67d,java/util/LinkedList.java,add
7e9b4e6e-9612-471f-bb5d-7bf5f882a67d,956d6eaf-284b-45b0-984d-1e0085ed7846,e8678ea9-017a-4d99-8269-267c0b98452e,->,7e9b4e6e-9612-471f-bb5d-7bf5f882a67d,java/util/LinkedList.java,iterator
7e9b4e6e-9612-471f-bb5d-7bf5f882a67d,956d6eaf-284b-45b0-984d-1e0085ed7846,e8678ea9-017a-4d99-8269-267c0b98452e,->,7e9b4e6e-9612-471f-bb5d-7bf5f882a67d,java/util/Iterator.java,hasNext
7e9b4e6e-9612-471f-bb5d-7bf5f882a67d,956d6eaf-284b-45b0-984d-1e0085ed7846,e8678ea9-017a-4d99-8269-267c0b98452e,->,7e9b4e6e-9612-471f-bb5d-7bf5f882a67d,java/util/Iterator.java,next
7e9b4e6e-9612-471f-bb5d-7bf5f882a67d,956d6eaf-284b-45b0-984d-1e0085ed7846,e8678ea9-017a-4d99-8269-267c0b98452e,->,7e9b4e6e-9612-471f-bb5d-7bf5f882a67d,java/util/zip/ZipFile.java,getInputStream
7e9b4e6e-9612-471f-bb5d-7bf5f882a67d,956d6eaf-284b-45b0-984d-1e0085ed7846,e8678ea9-017a-4d99-8269-267c0b98452e,->,7e9b4e6e-9612-471f-bb5d-7bf5f882a67d,java/util/zip/ZipEntry.java,getName
7e9b4e6e-9612-471f-bb5d-7bf5f882a67d,956d6eaf-284b-45b0-984d-1e0085ed7846,e8678ea9-017a-4d99-8269-267c0b98452e,->,7e9b4e6e-9612-471f-bb5d-7bf5f882a67d,java/io/InputStream.java,read
7e9b4e6e-9612-471f-bb5d-7bf5f882a67d,956d6eaf-284b-45b0-984d-1e0085ed7846,e8678ea9-017a-4d99-8269-267c0b98452e,->,7e9b4e6e-9612-471f-bb5d-7bf5f882a67d,java/io/OutputStream.java,write
7e9b4e6e-9612-471f-bb5d-7bf5f882a67d,956d6eaf-284b-45b0-984d-1e0085ed7846,e8678ea9-017a-4d99-8269-267c0b98452e,->,7e9b4e6e-9612-471f-bb5d-7bf5f882a67d,java/io/OutputStream.java,close
7e9b4e6e-9612-471f-bb5d-7bf5f882a67d,956d6eaf-284b-45b0-984d-1e0085ed7846,e8678ea9-017a-4d99-8269-267c0b98452e,->,7e9b4e6e-9612-471f-bb5d-7bf5f882a67d,java/lang/Throwable.java,addSuppressed
7e9b4e6e-9612-471f-bb5d-7bf5f882a67d,956d6eaf-284b-45b0-984d-1e0085ed7846,e8678ea9-017a-4d99-8269-267c0b98452e,->,7e9b4e6e-9612-471f-bb5d-7bf5f882a67d,java/io/OutputStream.java,close
7e9b4e6e-9612-471f-bb5d-7bf5f882a67d,956d6eaf-284b-45b0-984d-1e0085ed7846,e8678ea9-017a-4d99-8269-267c0b98452e,->,7e9b4e6e-9612-471f-bb5d-7bf5f882a67d,java/io/OutputStream.java,close
7e9b4e6e-9612-471f-bb5d-7bf5f882a67d,956d6eaf-284b-45b0-984d-1e0085ed7846,e8678ea9-017a-4d99-8269-267c0b98452e,->,7e9b4e6e-9612-471f-bb5d-7bf5f882a67d,java/lang/Throwable.java,addSuppressed
7e9b4e6e-9612-471f-bb5d-7bf5f882a67d,956d6eaf-284b-45b0-984d-1e0085ed7846,e8678ea9-017a-4d99-8269-267c0b98452e,->,7e9b4e6e-9612-471f-bb5d-7bf5f882a67d,java/io/OutputStream.java,close
7e9b4e6e-9612-471f-bb5d-7bf5f882a67d,956d6eaf-284b-45b0-984d-1e0085ed7846,e8678ea9-017a-4d99-8269-267c0b98452e,->,7e9b4e6e-9612-471f-bb5d-7bf5f882a67d,java/io/InputStream.java,close
7e9b4e6e-9612-471f-bb5d-7bf5f882a67d,956d6eaf-284b-45b0-984d-1e0085ed7846,e8678ea9-017a-4d99-8269-267c0b98452e,->,7e9b4e6e-9612-471f-bb5d-7bf5f882a67d,java/lang/Throwable.java,addSuppressed
7e9b4e6e-9612-471f-bb5d-7bf5f882a67d,956d6eaf-284b-45b0-984d-1e0085ed7846,e8678ea9-017a-4d99-8269-267c0b98452e,->,7e9b4e6e-9612-471f-bb5d-7bf5f882a67d,java/io/InputStream.java,close
7e9b4e6e-9612-471f-bb5d-7bf5f882a67d,956d6eaf-284b-45b0-984d-1e0085ed7846,e8678ea9-017a-4d99-8269-267c0b98452e,->,7e9b4e6e-9612-471f-bb5d-7bf5f882a67d,java/io/InputStream.java,close
7e9b4e6e-9612-471f-bb5d-7bf5f882a67d,956d6eaf-284b-45b0-984d-1e0085ed7846,e8678ea9-017a-4d99-8269-267c0b98452e,->,7e9b4e6e-9612-471f-bb5d-7bf5f882a67d,java/lang/Throwable.java,addSuppressed
7e9b4e6e-9612-471f-bb5d-7bf5f882a67d,956d6eaf-284b-45b0-984d-1e0085ed7846,e8678ea9-017a-4d99-8269-267c0b98452e,->,7e9b4e6e-9612-471f-bb5d-7bf5f882a67d,java/io/InputStream.java,close
7e9b4e6e-9612-471f-bb5d-7bf5f882a67d,956d6eaf-284b-45b0-984d-1e0085ed7846,e8678ea9-017a-4d99-8269-267c0b98452e,->,7e9b4e6e-9612-471f-bb5d-7bf5f882a67d,956d6eaf-284b-45b0-984d-1e0085ed7846,c91b6ed8-36ec-42c4-83ec-3eabe8aad313
7e9b4e6e-9612-471f-bb5d-7bf5f882a67d,956d6eaf-284b-45b0-984d-1e0085ed7846,e8678ea9-017a-4d99-8269-267c0b98452e,->,7e9b4e6e-9612-471f-bb5d-7bf5f882a67d,java/util/zip/ZipFile.java,close
7e9b4e6e-9612-471f-bb5d-7bf5f882a67d,956d6eaf-284b-45b0-984d-1e0085ed7846,e8678ea9-017a-4d99-8269-267c0b98452e,->,7e9b4e6e-9612-471f-bb5d-7bf5f882a67d,java/lang/Throwable.java,addSuppressed
7e9b4e6e-9612-471f-bb5d-7bf5f882a67d,956d6eaf-284b-45b0-984d-1e0085ed7846,e8678ea9-017a-4d99-8269-267c0b98452e,->,7e9b4e6e-9612-471f-bb5d-7bf5f882a67d,java/util/zip/ZipFile.java,close
7e9b4e6e-9612-471f-bb5d-7bf5f882a67d,956d6eaf-284b-45b0-984d-1e0085ed7846,e8678ea9-017a-4d99-8269-267c0b98452e,->,7e9b4e6e-9612-471f-bb5d-7bf5f882a67d,java/util/zip/ZipFile.java,close
7e9b4e6e-9612-471f-bb5d-7bf5f882a67d,956d6eaf-284b-45b0-984d-1e0085ed7846,e8678ea9-017a-4d99-8269-267c0b98452e,->,7e9b4e6e-9612-471f-bb5d-7bf5f882a67d,java/lang/Throwable.java,addSuppressed
7e9b4e6e-9612-471f-bb5d-7bf5f882a67d,956d6eaf-284b-45b0-984d-1e0085ed7846,e8678ea9-017a-4d99-8269-267c0b98452e,->,7e9b4e6e-9612-471f-bb5d-7bf5f882a67d,java/util/zip/ZipFile.java,close
7e9b4e6e-9612-471f-bb5d-7bf5f882a67d,956d6eaf-284b-45b0-984d-1e0085ed7846,aaa0e5db-ea4d-4086-bc42-8b4d0179f156,->,7e9b4e6e-9612-471f-bb5d-7bf5f882a67d,java/util/Map.java,keySet
7e9b4e6e-9612-471f-bb5d-7bf5f882a67d,956d6eaf-284b-45b0-984d-1e0085ed7846,aaa0e5db-ea4d-4086-bc42-8b4d0179f156,->,7e9b4e6e-9612-471f-bb5d-7bf5f882a67d,java/util/Set.java,iterator
7e9b4e6e-9612-471f-bb5d-7bf5f882a67d,956d6eaf-284b-45b0-984d-1e0085ed7846,aaa0e5db-ea4d-4086-bc42-8b4d0179f156,->,7e9b4e6e-9612-471f-bb5d-7bf5f882a67d,java/util/Iterator.java,hasNext
7e9b4e6e-9612-471f-bb5d-7bf5f882a67d,956d6eaf-284b-45b0-984d-1e0085ed7846,aaa0e5db-ea4d-4086-bc42-8b4d0179f156,->,7e9b4e6e-9612-471f-bb5d-7bf5f882a67d,java/util/Iterator.java,next
7e9b4e6e-9612-471f-bb5d-7bf5f882a67d,956d6eaf-284b-45b0-984d-1e0085ed7846,aaa0e5db-ea4d-4086-bc42-8b4d0179f156,->,7e9b4e6e-9612-471f-bb5d-7bf5f882a67d,java/util/Map.java,get
7e9b4e6e-9612-471f-bb5d-7bf5f882a67d,956d6eaf-284b-45b0-984d-1e0085ed7846,aaa0e5db-ea4d-4086-bc42-8b4d0179f156,->,7e9b4e6e-9612-471f-bb5d-7bf5f882a67d,a7cc5aea-1e4e-4b4f-a9cc-1c895fd5bbd1,9644c990-c10e-4e03-9bc6-935c8bacab17
7e9b4e6e-9612-471f-bb5d-7bf5f882a67d,956d6eaf-284b-45b0-984d-1e0085ed7846,aaa0e5db-ea4d-4086-bc42-8b4d0179f156,->,7e9b4e6e-9612-471f-bb5d-7bf5f882a67d,java/util/Map.java,clear
7e9b4e6e-9612-471f-bb5d-7bf5f882a67d,9c0b0c05-ff34-42a9-a072-d026caae22d4,c387307a-3cce-4b63-9a7a-b024bbbc012b,->,7e9b4e6e-9612-471f-bb5d-7bf5f882a67d,956d6eaf-284b-45b0-984d-1e0085ed7846,2cb7411c-6d2d-451d-bff5-e6611775f2fb
7e9b4e6e-9612-471f-bb5d-7bf5f882a67d,9c0b0c05-ff34-42a9-a072-d026caae22d4,b2fcae98-481f-4569-85f3-13bd0b7d2018,->,7e9b4e6e-9612-471f-bb5d-7bf5f882a67d,pober/artipers/service/workers/IoWorkerInputs.java,getNextId
7e9b4e6e-9612-471f-bb5d-7bf5f882a67d,9c0b0c05-ff34-42a9-a072-d026caae22d4,b2fcae98-481f-4569-85f3-13bd0b7d2018,->,7e9b4e6e-9612-471f-bb5d-7bf5f882a67d,pober/artipers/service/workers/IoWorkerInputs.java,fromBinary
7e9b4e6e-9612-471f-bb5d-7bf5f882a67d,9c0b0c05-ff34-42a9-a072-d026caae22d4,b2fcae98-481f-4569-85f3-13bd0b7d2018,->,7e9b4e6e-9612-471f-bb5d-7bf5f882a67d,java/lang/String.java,valueOf
7e9b4e6e-9612-471f-bb5d-7bf5f882a67d,9c0b0c05-ff34-42a9-a072-d026caae22d4,b2fcae98-481f-4569-85f3-13bd0b7d2018,->,7e9b4e6e-9612-471f-bb5d-7bf5f882a67d,java/util/Map.java,put
7e9b4e6e-9612-471f-bb5d-7bf5f882a67d,9c0b0c05-ff34-42a9-a072-d026caae22d4,b2fcae98-481f-4569-85f3-13bd0b7d2018,->,7e9b4e6e-9612-471f-bb5d-7bf5f882a67d,94756f21-88c6-4938-ae54-c91cd3d598c6,6acbff74-35a1-4171-bda8-1a87a9c18d0a
7e9b4e6e-9612-471f-bb5d-7bf5f882a67d,9c0b0c05-ff34-42a9-a072-d026caae22d4,7e70470f-5199-4f63-bbeb-2511d7b04805,->,7e9b4e6e-9612-471f-bb5d-7bf5f882a67d,java/util/Map.java,values
7e9b4e6e-9612-471f-bb5d-7bf5f882a67d,9c0b0c05-ff34-42a9-a072-d026caae22d4,7e70470f-5199-4f63-bbeb-2511d7b04805,->,7e9b4e6e-9612-471f-bb5d-7bf5f882a67d,java/util/Collection.java,iterator
7e9b4e6e-9612-471f-bb5d-7bf5f882a67d,9c0b0c05-ff34-42a9-a072-d026caae22d4,7e70470f-5199-4f63-bbeb-2511d7b04805,->,7e9b4e6e-9612-471f-bb5d-7bf5f882a67d,java/util/Iterator.java,hasNext
7e9b4e6e-9612-471f-bb5d-7bf5f882a67d,9c0b0c05-ff34-42a9-a072-d026caae22d4,7e70470f-5199-4f63-bbeb-2511d7b04805,->,7e9b4e6e-9612-471f-bb5d-7bf5f882a67d,java/util/Iterator.java,next
7e9b4e6e-9612-471f-bb5d-7bf5f882a67d,9c0b0c05-ff34-42a9-a072-d026caae22d4,7e70470f-5199-4f63-bbeb-2511d7b04805,->,7e9b4e6e-9612-471f-bb5d-7bf5f882a67d,java/util/List.java,add
7e9b4e6e-9612-471f-bb5d-7bf5f882a67d,9c0b0c05-ff34-42a9-a072-d026caae22d4,ff4a97c2-e28b-4d75-a292-8c234e996479,->,7e9b4e6e-9612-471f-bb5d-7bf5f882a67d,java/util/Map.java,get
7e9b4e6e-9612-471f-bb5d-7bf5f882a67d,pober/artipers/service/workers/IoWorker$1.java,accept,->,7e9b4e6e-9612-471f-bb5d-7bf5f882a67d,java/io/File.java,isDirectory
7e9b4e6e-9612-471f-bb5d-7bf5f882a67d,37a7d1d3-97a9-4af8-bcdd-6e37d1655948,9924913f-1cae-4f7f-af25-c2c793db63ac,->,7e9b4e6e-9612-471f-bb5d-7bf5f882a67d,956d6eaf-284b-45b0-984d-1e0085ed7846,2cb7411c-6d2d-451d-bff5-e6611775f2fb
7e9b4e6e-9612-471f-bb5d-7bf5f882a67d,37a7d1d3-97a9-4af8-bcdd-6e37d1655948,9ba34ed9-e16a-4161-9a54-afba602cca53,->,7e9b4e6e-9612-471f-bb5d-7bf5f882a67d,java/util/Map.java,values
7e9b4e6e-9612-471f-bb5d-7bf5f882a67d,37a7d1d3-97a9-4af8-bcdd-6e37d1655948,9ba34ed9-e16a-4161-9a54-afba602cca53,->,7e9b4e6e-9612-471f-bb5d-7bf5f882a67d,java/util/Collection.java,iterator
7e9b4e6e-9612-471f-bb5d-7bf5f882a67d,37a7d1d3-97a9-4af8-bcdd-6e37d1655948,9ba34ed9-e16a-4161-9a54-afba602cca53,->,7e9b4e6e-9612-471f-bb5d-7bf5f882a67d,java/util/Iterator.java,hasNext
7e9b4e6e-9612-471f-bb5d-7bf5f882a67d,37a7d1d3-97a9-4af8-bcdd-6e37d1655948,9ba34ed9-e16a-4161-9a54-afba602cca53,->,7e9b4e6e-9612-471f-bb5d-7bf5f882a67d,java/util/Iterator.java,next
7e9b4e6e-9612-471f-bb5d-7bf5f882a67d,37a7d1d3-97a9-4af8-bcdd-6e37d1655948,9ba34ed9-e16a-4161-9a54-afba602cca53,->,7e9b4e6e-9612-471f-bb5d-7bf5f882a67d,f4429e80-16c7-4bbc-8a86-c6ea418ce42d,93936ab1-7cde-4ddb-9ffd-34b9abccf90e
7e9b4e6e-9612-471f-bb5d-7bf5f882a67d,37a7d1d3-97a9-4af8-bcdd-6e37d1655948,cc955e98-11de-4849-aac6-73632d27975b,->,7e9b4e6e-9612-471f-bb5d-7bf5f882a67d,java/util/Map.java,values
7e9b4e6e-9612-471f-bb5d-7bf5f882a67d,37a7d1d3-97a9-4af8-bcdd-6e37d1655948,cc955e98-11de-4849-aac6-73632d27975b,->,7e9b4e6e-9612-471f-bb5d-7bf5f882a67d,java/util/Collection.java,iterator
7e9b4e6e-9612-471f-bb5d-7bf5f882a67d,37a7d1d3-97a9-4af8-bcdd-6e37d1655948,cc955e98-11de-4849-aac6-73632d27975b,->,7e9b4e6e-9612-471f-bb5d-7bf5f882a67d,java/util/Iterator.java,hasNext
7e9b4e6e-9612-471f-bb5d-7bf5f882a67d,37a7d1d3-97a9-4af8-bcdd-6e37d1655948,cc955e98-11de-4849-aac6-73632d27975b,->,7e9b4e6e-9612-471f-bb5d-7bf5f882a67d,java/util/Iterator.java,next
7e9b4e6e-9612-471f-bb5d-7bf5f882a67d,37a7d1d3-97a9-4af8-bcdd-6e37d1655948,cc955e98-11de-4849-aac6-73632d27975b,->,7e9b4e6e-9612-471f-bb5d-7bf5f882a67d,f4429e80-16c7-4bbc-8a86-c6ea418ce42d,395e9ae7-8e08-4aa1-b48d-ec3ce20ad53b
7e9b4e6e-9612-471f-bb5d-7bf5f882a67d,37a7d1d3-97a9-4af8-bcdd-6e37d1655948,3dfccd3d-f975-437d-90ab-27110b877cd8,->,7e9b4e6e-9612-471f-bb5d-7bf5f882a67d,pober/artipers/service/workers/IoWorkerModels.java,getNextId
7e9b4e6e-9612-471f-bb5d-7bf5f882a67d,37a7d1d3-97a9-4af8-bcdd-6e37d1655948,3dfccd3d-f975-437d-90ab-27110b877cd8,->,7e9b4e6e-9612-471f-bb5d-7bf5f882a67d,java/util/Map.java,put
7e9b4e6e-9612-471f-bb5d-7bf5f882a67d,37a7d1d3-97a9-4af8-bcdd-6e37d1655948,3dfccd3d-f975-437d-90ab-27110b877cd8,->,7e9b4e6e-9612-471f-bb5d-7bf5f882a67d,94756f21-88c6-4938-ae54-c91cd3d598c6,6acbff74-35a1-4171-bda8-1a87a9c18d0a
7e9b4e6e-9612-471f-bb5d-7bf5f882a67d,37a7d1d3-97a9-4af8-bcdd-6e37d1655948,d32b024d-a596-4e2d-af07-7f8c1d4681ce,->,7e9b4e6e-9612-471f-bb5d-7bf5f882a67d,pober/artipers/service/workers/IoWorkerModels.java,getNextId
7e9b4e6e-9612-471f-bb5d-7bf5f882a67d,37a7d1d3-97a9-4af8-bcdd-6e37d1655948,d32b024d-a596-4e2d-af07-7f8c1d4681ce,->,7e9b4e6e-9612-471f-bb5d-7bf5f882a67d,pober/artipers/service/workers/IoWorkerModels.java,fromBinary
7e9b4e6e-9612-471f-bb5d-7bf5f882a67d,37a7d1d3-97a9-4af8-bcdd-6e37d1655948,d32b024d-a596-4e2d-af07-7f8c1d4681ce,->,7e9b4e6e-9612-471f-bb5d-7bf5f882a67d,java/lang/String.java,valueOf
7e9b4e6e-9612-471f-bb5d-7bf5f882a67d,37a7d1d3-97a9-4af8-bcdd-6e37d1655948,d32b024d-a596-4e2d-af07-7f8c1d4681ce,->,7e9b4e6e-9612-471f-bb5d-7bf5f882a67d,java/util/Map.java,put
7e9b4e6e-9612-471f-bb5d-7bf5f882a67d,37a7d1d3-97a9-4af8-bcdd-6e37d1655948,d32b024d-a596-4e2d-af07-7f8c1d4681ce,->,7e9b4e6e-9612-471f-bb5d-7bf5f882a67d,94756f21-88c6-4938-ae54-c91cd3d598c6,6acbff74-35a1-4171-bda8-1a87a9c18d0a
7e9b4e6e-9612-471f-bb5d-7bf5f882a67d,37a7d1d3-97a9-4af8-bcdd-6e37d1655948,768f76a9-a8df-40cf-9de2-260d7bf2cc70,->,7e9b4e6e-9612-471f-bb5d-7bf5f882a67d,java/util/Map.java,values
7e9b4e6e-9612-471f-bb5d-7bf5f882a67d,37a7d1d3-97a9-4af8-bcdd-6e37d1655948,768f76a9-a8df-40cf-9de2-260d7bf2cc70,->,7e9b4e6e-9612-471f-bb5d-7bf5f882a67d,java/util/Collection.java,iterator
7e9b4e6e-9612-471f-bb5d-7bf5f882a67d,37a7d1d3-97a9-4af8-bcdd-6e37d1655948,768f76a9-a8df-40cf-9de2-260d7bf2cc70,->,7e9b4e6e-9612-471f-bb5d-7bf5f882a67d,java/util/Iterator.java,hasNext
7e9b4e6e-9612-471f-bb5d-7bf5f882a67d,37a7d1d3-97a9-4af8-bcdd-6e37d1655948,768f76a9-a8df-40cf-9de2-260d7bf2cc70,->,7e9b4e6e-9612-471f-bb5d-7bf5f882a67d,java/util/Iterator.java,next
7e9b4e6e-9612-471f-bb5d-7bf5f882a67d,37a7d1d3-97a9-4af8-bcdd-6e37d1655948,768f76a9-a8df-40cf-9de2-260d7bf2cc70,->,7e9b4e6e-9612-471f-bb5d-7bf5f882a67d,java/util/List.java,add
7e9b4e6e-9612-471f-bb5d-7bf5f882a67d,37a7d1d3-97a9-4af8-bcdd-6e37d1655948,c70f1471-a422-4a66-b530-c90b9d25a9b6,->,7e9b4e6e-9612-471f-bb5d-7bf5f882a67d,java/util/Map.java,containsKey
7e9b4e6e-9612-471f-bb5d-7bf5f882a67d,37a7d1d3-97a9-4af8-bcdd-6e37d1655948,c70f1471-a422-4a66-b530-c90b9d25a9b6,->,7e9b4e6e-9612-471f-bb5d-7bf5f882a67d,java/util/Map.java,get
7e9b4e6e-9612-471f-bb5d-7bf5f882a67d,37a7d1d3-97a9-4af8-bcdd-6e37d1655948,c70f1471-a422-4a66-b530-c90b9d25a9b6,->,7e9b4e6e-9612-471f-bb5d-7bf5f882a67d,f4429e80-16c7-4bbc-8a86-c6ea418ce42d,22519fdb-ffc3-4031-b682-e7fb8dcf1ac1
7e9b4e6e-9612-471f-bb5d-7bf5f882a67d,37a7d1d3-97a9-4af8-bcdd-6e37d1655948,322f81df-cadf-47c0-8d34-1d8d3706072d,->,7e9b4e6e-9612-471f-bb5d-7bf5f882a67d,java/util/Map.java,containsKey
7e9b4e6e-9612-471f-bb5d-7bf5f882a67d,37a7d1d3-97a9-4af8-bcdd-6e37d1655948,322f81df-cadf-47c0-8d34-1d8d3706072d,->,7e9b4e6e-9612-471f-bb5d-7bf5f882a67d,java/util/Map.java,get
7e9b4e6e-9612-471f-bb5d-7bf5f882a67d,37a7d1d3-97a9-4af8-bcdd-6e37d1655948,322f81df-cadf-47c0-8d34-1d8d3706072d,->,7e9b4e6e-9612-471f-bb5d-7bf5f882a67d,a7cc5aea-1e4e-4b4f-a9cc-1c895fd5bbd1,9644c990-c10e-4e03-9bc6-935c8bacab17
7e9b4e6e-9612-471f-bb5d-7bf5f882a67d,37a7d1d3-97a9-4af8-bcdd-6e37d1655948,322f81df-cadf-47c0-8d34-1d8d3706072d,->,7e9b4e6e-9612-471f-bb5d-7bf5f882a67d,java/util/Map.java,remove
7e9b4e6e-9612-471f-bb5d-7bf5f882a67d,37a7d1d3-97a9-4af8-bcdd-6e37d1655948,c4b519fb-2436-47a2-9d84-2613155abbbf,->,7e9b4e6e-9612-471f-bb5d-7bf5f882a67d,java/util/Map.java,get
7e9b4e6e-9612-471f-bb5d-7bf5f882a67d,37a7d1d3-97a9-4af8-bcdd-6e37d1655948,c4b519fb-2436-47a2-9d84-2613155abbbf,->,7e9b4e6e-9612-471f-bb5d-7bf5f882a67d,java/lang/StringBuilder.java,append
7e9b4e6e-9612-471f-bb5d-7bf5f882a67d,37a7d1d3-97a9-4af8-bcdd-6e37d1655948,c4b519fb-2436-47a2-9d84-2613155abbbf,->,7e9b4e6e-9612-471f-bb5d-7bf5f882a67d,java/lang/StringBuilder.java,append
7e9b4e6e-9612-471f-bb5d-7bf5f882a67d,37a7d1d3-97a9-4af8-bcdd-6e37d1655948,c4b519fb-2436-47a2-9d84-2613155abbbf,->,7e9b4e6e-9612-471f-bb5d-7bf5f882a67d,java/lang/StringBuilder.java,append
7e9b4e6e-9612-471f-bb5d-7bf5f882a67d,37a7d1d3-97a9-4af8-bcdd-6e37d1655948,c4b519fb-2436-47a2-9d84-2613155abbbf,->,7e9b4e6e-9612-471f-bb5d-7bf5f882a67d,java/lang/StringBuilder.java,toString
7e9b4e6e-9612-471f-bb5d-7bf5f882a67d,37a7d1d3-97a9-4af8-bcdd-6e37d1655948,c4b519fb-2436-47a2-9d84-2613155abbbf,->,7e9b4e6e-9612-471f-bb5d-7bf5f882a67d,f4429e80-16c7-4bbc-8a86-c6ea418ce42d,ecc02835-178b-4a88-b0b7-947bc2d47ddc
7e9b4e6e-9612-471f-bb5d-7bf5f882a67d,006d49f0-9af7-41c4-b208-273ab1cc60d1,f7597641-a8cf-460d-a97c-53d8b3404c2d,->,7e9b4e6e-9612-471f-bb5d-7bf5f882a67d,94756f21-88c6-4938-ae54-c91cd3d598c6,0585470b-3bf6-4345-b900-3215fcd4cbdf
7e9b4e6e-9612-471f-bb5d-7bf5f882a67d,006d49f0-9af7-41c4-b208-273ab1cc60d1,f7597641-a8cf-460d-a97c-53d8b3404c2d,->,7e9b4e6e-9612-471f-bb5d-7bf5f882a67d,006d49f0-9af7-41c4-b208-273ab1cc60d1,f421d0ae-6dbc-4fef-ae9a-0231193a41a0
7e9b4e6e-9612-471f-bb5d-7bf5f882a67d,006d49f0-9af7-41c4-b208-273ab1cc60d1,f7597641-a8cf-460d-a97c-53d8b3404c2d,->,7e9b4e6e-9612-471f-bb5d-7bf5f882a67d,94756f21-88c6-4938-ae54-c91cd3d598c6,0585470b-3bf6-4345-b900-3215fcd4cbdf
7e9b4e6e-9612-471f-bb5d-7bf5f882a67d,006d49f0-9af7-41c4-b208-273ab1cc60d1,1c5ae063-e1c1-4a10-8b17-c52bfd01c178,->,7e9b4e6e-9612-471f-bb5d-7bf5f882a67d,94756f21-88c6-4938-ae54-c91cd3d598c6,0585470b-3bf6-4345-b900-3215fcd4cbdf
7e9b4e6e-9612-471f-bb5d-7bf5f882a67d,006d49f0-9af7-41c4-b208-273ab1cc60d1,1c5ae063-e1c1-4a10-8b17-c52bfd01c178,->,7e9b4e6e-9612-471f-bb5d-7bf5f882a67d,37a7d1d3-97a9-4af8-bcdd-6e37d1655948,cc955e98-11de-4849-aac6-73632d27975b
7e9b4e6e-9612-471f-bb5d-7bf5f882a67d,006d49f0-9af7-41c4-b208-273ab1cc60d1,557ff86a-3a5a-4019-99bb-644344ebc371,->,7e9b4e6e-9612-471f-bb5d-7bf5f882a67d,94756f21-88c6-4938-ae54-c91cd3d598c6,0585470b-3bf6-4345-b900-3215fcd4cbdf
7e9b4e6e-9612-471f-bb5d-7bf5f882a67d,006d49f0-9af7-41c4-b208-273ab1cc60d1,557ff86a-3a5a-4019-99bb-644344ebc371,->,7e9b4e6e-9612-471f-bb5d-7bf5f882a67d,pober/artipers/service/workers/IoWorkerModels.java,close
7e9b4e6e-9612-471f-bb5d-7bf5f882a67d,006d49f0-9af7-41c4-b208-273ab1cc60d1,557ff86a-3a5a-4019-99bb-644344ebc371,->,7e9b4e6e-9612-471f-bb5d-7bf5f882a67d,pober/artipers/service/workers/IoWorkerInputs.java,close
7e9b4e6e-9612-471f-bb5d-7bf5f882a67d,006d49f0-9af7-41c4-b208-273ab1cc60d1,557ff86a-3a5a-4019-99bb-644344ebc371,->,7e9b4e6e-9612-471f-bb5d-7bf5f882a67d,94756f21-88c6-4938-ae54-c91cd3d598c6,6acbff74-35a1-4171-bda8-1a87a9c18d0a
7e9b4e6e-9612-471f-bb5d-7bf5f882a67d,006d49f0-9af7-41c4-b208-273ab1cc60d1,0be98dd9-e6e6-4211-af9b-e3bf21583e5f,->,7e9b4e6e-9612-471f-bb5d-7bf5f882a67d,006d49f0-9af7-41c4-b208-273ab1cc60d1,557ff86a-3a5a-4019-99bb-644344ebc371
7e9b4e6e-9612-471f-bb5d-7bf5f882a67d,006d49f0-9af7-41c4-b208-273ab1cc60d1,0be98dd9-e6e6-4211-af9b-e3bf21583e5f,->,7e9b4e6e-9612-471f-bb5d-7bf5f882a67d,94756f21-88c6-4938-ae54-c91cd3d598c6,0585470b-3bf6-4345-b900-3215fcd4cbdf
7e9b4e6e-9612-471f-bb5d-7bf5f882a67d,006d49f0-9af7-41c4-b208-273ab1cc60d1,0be98dd9-e6e6-4211-af9b-e3bf21583e5f,->,7e9b4e6e-9612-471f-bb5d-7bf5f882a67d,006d49f0-9af7-41c4-b208-273ab1cc60d1,48d1c5bc-c910-460b-a2e7-a9516c1969f8
7e9b4e6e-9612-471f-bb5d-7bf5f882a67d,006d49f0-9af7-41c4-b208-273ab1cc60d1,0be98dd9-e6e6-4211-af9b-e3bf21583e5f,->,7e9b4e6e-9612-471f-bb5d-7bf5f882a67d,006d49f0-9af7-41c4-b208-273ab1cc60d1,48d1c5bc-c910-460b-a2e7-a9516c1969f8
7e9b4e6e-9612-471f-bb5d-7bf5f882a67d,006d49f0-9af7-41c4-b208-273ab1cc60d1,f421d0ae-6dbc-4fef-ae9a-0231193a41a0,->,7e9b4e6e-9612-471f-bb5d-7bf5f882a67d,java/io/File.java,exists
7e9b4e6e-9612-471f-bb5d-7bf5f882a67d,006d49f0-9af7-41c4-b208-273ab1cc60d1,f421d0ae-6dbc-4fef-ae9a-0231193a41a0,->,7e9b4e6e-9612-471f-bb5d-7bf5f882a67d,java/io/File.java,mkdir
7e9b4e6e-9612-471f-bb5d-7bf5f882a67d,006d49f0-9af7-41c4-b208-273ab1cc60d1,f421d0ae-6dbc-4fef-ae9a-0231193a41a0,->,7e9b4e6e-9612-471f-bb5d-7bf5f882a67d,java/lang/StringBuilder.java,append
7e9b4e6e-9612-471f-bb5d-7bf5f882a67d,006d49f0-9af7-41c4-b208-273ab1cc60d1,f421d0ae-6dbc-4fef-ae9a-0231193a41a0,->,7e9b4e6e-9612-471f-bb5d-7bf5f882a67d,java/io/File.java,getName
7e9b4e6e-9612-471f-bb5d-7bf5f882a67d,006d49f0-9af7-41c4-b208-273ab1cc60d1,f421d0ae-6dbc-4fef-ae9a-0231193a41a0,->,7e9b4e6e-9612-471f-bb5d-7bf5f882a67d,java/lang/StringBuilder.java,append
7e9b4e6e-9612-471f-bb5d-7bf5f882a67d,006d49f0-9af7-41c4-b208-273ab1cc60d1,f421d0ae-6dbc-4fef-ae9a-0231193a41a0,->,7e9b4e6e-9612-471f-bb5d-7bf5f882a67d,java/lang/StringBuilder.java,toString
7e9b4e6e-9612-471f-bb5d-7bf5f882a67d,006d49f0-9af7-41c4-b208-273ab1cc60d1,f421d0ae-6dbc-4fef-ae9a-0231193a41a0,->,7e9b4e6e-9612-471f-bb5d-7bf5f882a67d,java/io/File.java,exists
7e9b4e6e-9612-471f-bb5d-7bf5f882a67d,006d49f0-9af7-41c4-b208-273ab1cc60d1,f421d0ae-6dbc-4fef-ae9a-0231193a41a0,->,7e9b4e6e-9612-471f-bb5d-7bf5f882a67d,java/io/File.java,mkdir
7e9b4e6e-9612-471f-bb5d-7bf5f882a67d,006d49f0-9af7-41c4-b208-273ab1cc60d1,f421d0ae-6dbc-4fef-ae9a-0231193a41a0,->,7e9b4e6e-9612-471f-bb5d-7bf5f882a67d,java/lang/StringBuilder.java,append
7e9b4e6e-9612-471f-bb5d-7bf5f882a67d,006d49f0-9af7-41c4-b208-273ab1cc60d1,f421d0ae-6dbc-4fef-ae9a-0231193a41a0,->,7e9b4e6e-9612-471f-bb5d-7bf5f882a67d,java/io/File.java,getName
7e9b4e6e-9612-471f-bb5d-7bf5f882a67d,006d49f0-9af7-41c4-b208-273ab1cc60d1,f421d0ae-6dbc-4fef-ae9a-0231193a41a0,->,7e9b4e6e-9612-471f-bb5d-7bf5f882a67d,java/lang/StringBuilder.java,append
7e9b4e6e-9612-471f-bb5d-7bf5f882a67d,006d49f0-9af7-41c4-b208-273ab1cc60d1,f421d0ae-6dbc-4fef-ae9a-0231193a41a0,->,7e9b4e6e-9612-471f-bb5d-7bf5f882a67d,java/lang/StringBuilder.java,toString
7e9b4e6e-9612-471f-bb5d-7bf5f882a67d,006d49f0-9af7-41c4-b208-273ab1cc60d1,f421d0ae-6dbc-4fef-ae9a-0231193a41a0,->,7e9b4e6e-9612-471f-bb5d-7bf5f882a67d,006d49f0-9af7-41c4-b208-273ab1cc60d1,48d1c5bc-c910-460b-a2e7-a9516c1969f8
7e9b4e6e-9612-471f-bb5d-7bf5f882a67d,006d49f0-9af7-41c4-b208-273ab1cc60d1,f421d0ae-6dbc-4fef-ae9a-0231193a41a0,->,7e9b4e6e-9612-471f-bb5d-7bf5f882a67d,37a7d1d3-97a9-4af8-bcdd-6e37d1655948,9924913f-1cae-4f7f-af25-c2c793db63ac
7e9b4e6e-9612-471f-bb5d-7bf5f882a67d,006d49f0-9af7-41c4-b208-273ab1cc60d1,f421d0ae-6dbc-4fef-ae9a-0231193a41a0,->,7e9b4e6e-9612-471f-bb5d-7bf5f882a67d,9c0b0c05-ff34-42a9-a072-d026caae22d4,c387307a-3cce-4b63-9a7a-b024bbbc012b
7e9b4e6e-9612-471f-bb5d-7bf5f882a67d,006d49f0-9af7-41c4-b208-273ab1cc60d1,f421d0ae-6dbc-4fef-ae9a-0231193a41a0,->,7e9b4e6e-9612-471f-bb5d-7bf5f882a67d,94756f21-88c6-4938-ae54-c91cd3d598c6,0585470b-3bf6-4345-b900-3215fcd4cbdf
7e9b4e6e-9612-471f-bb5d-7bf5f882a67d,006d49f0-9af7-41c4-b208-273ab1cc60d1,f421d0ae-6dbc-4fef-ae9a-0231193a41a0,->,7e9b4e6e-9612-471f-bb5d-7bf5f882a67d,94756f21-88c6-4938-ae54-c91cd3d598c6,6acbff74-35a1-4171-bda8-1a87a9c18d0a
7e9b4e6e-9612-471f-bb5d-7bf5f882a67d,006d49f0-9af7-41c4-b208-273ab1cc60d1,99b27c90-9f49-4f45-8352-10f23f4a8119,->,7e9b4e6e-9612-471f-bb5d-7bf5f882a67d,37a7d1d3-97a9-4af8-bcdd-6e37d1655948,768f76a9-a8df-40cf-9de2-260d7bf2cc70
7e9b4e6e-9612-471f-bb5d-7bf5f882a67d,006d49f0-9af7-41c4-b208-273ab1cc60d1,99b27c90-9f49-4f45-8352-10f23f4a8119,->,7e9b4e6e-9612-471f-bb5d-7bf5f882a67d,java/util/List.java,toArray
7e9b4e6e-9612-471f-bb5d-7bf5f882a67d,006d49f0-9af7-41c4-b208-273ab1cc60d1,3a949f89-9b04-4fa6-ae5d-9b2b5629ccbe,->,7e9b4e6e-9612-471f-bb5d-7bf5f882a67d,java/lang/StringBuilder.java,append
7e9b4e6e-9612-471f-bb5d-7bf5f882a67d,006d49f0-9af7-41c4-b208-273ab1cc60d1,3a949f89-9b04-4fa6-ae5d-9b2b5629ccbe,->,7e9b4e6e-9612-471f-bb5d-7bf5f882a67d,java/lang/StringBuilder.java,append
7e9b4e6e-9612-471f-bb5d-7bf5f882a67d,006d49f0-9af7-41c4-b208-273ab1cc60d1,3a949f89-9b04-4fa6-ae5d-9b2b5629ccbe,->,7e9b4e6e-9612-471f-bb5d-7bf5f882a67d,java/lang/StringBuilder.java,append
7e9b4e6e-9612-471f-bb5d-7bf5f882a67d,006d49f0-9af7-41c4-b208-273ab1cc60d1,3a949f89-9b04-4fa6-ae5d-9b2b5629ccbe,->,7e9b4e6e-9612-471f-bb5d-7bf5f882a67d,java/lang/StringBuilder.java,toString
7e9b4e6e-9612-471f-bb5d-7bf5f882a67d,006d49f0-9af7-41c4-b208-273ab1cc60d1,3a949f89-9b04-4fa6-ae5d-9b2b5629ccbe,->,7e9b4e6e-9612-471f-bb5d-7bf5f882a67d,94756f21-88c6-4938-ae54-c91cd3d598c6,0585470b-3bf6-4345-b900-3215fcd4cbdf
7e9b4e6e-9612-471f-bb5d-7bf5f882a67d,006d49f0-9af7-41c4-b208-273ab1cc60d1,3a949f89-9b04-4fa6-ae5d-9b2b5629ccbe,->,7e9b4e6e-9612-471f-bb5d-7bf5f882a67d,37a7d1d3-97a9-4af8-bcdd-6e37d1655948,3dfccd3d-f975-437d-90ab-27110b877cd8
7e9b4e6e-9612-471f-bb5d-7bf5f882a67d,006d49f0-9af7-41c4-b208-273ab1cc60d1,a6253f71-43bb-43f5-92f9-658b017cb411,->,7e9b4e6e-9612-471f-bb5d-7bf5f882a67d,java/lang/StringBuilder.java,append
7e9b4e6e-9612-471f-bb5d-7bf5f882a67d,006d49f0-9af7-41c4-b208-273ab1cc60d1,a6253f71-43bb-43f5-92f9-658b017cb411,->,7e9b4e6e-9612-471f-bb5d-7bf5f882a67d,java/io/File.java,getName
7e9b4e6e-9612-471f-bb5d-7bf5f882a67d,006d49f0-9af7-41c4-b208-273ab1cc60d1,a6253f71-43bb-43f5-92f9-658b017cb411,->,7e9b4e6e-9612-471f-bb5d-7bf5f882a67d,java/lang/StringBuilder.java,append
7e9b4e6e-9612-471f-bb5d-7bf5f882a67d,006d49f0-9af7-41c4-b208-273ab1cc60d1,a6253f71-43bb-43f5-92f9-658b017cb411,->,7e9b4e6e-9612-471f-bb5d-7bf5f882a67d,java/lang/StringBuilder.java,toString
7e9b4e6e-9612-471f-bb5d-7bf5f882a67d,006d49f0-9af7-41c4-b208-273ab1cc60d1,a6253f71-43bb-43f5-92f9-658b017cb411,->,7e9b4e6e-9612-471f-bb5d-7bf5f882a67d,94756f21-88c6-4938-ae54-c91cd3d598c6,0585470b-3bf6-4345-b900-3215fcd4cbdf
7e9b4e6e-9612-471f-bb5d-7bf5f882a67d,006d49f0-9af7-41c4-b208-273ab1cc60d1,a6253f71-43bb-43f5-92f9-658b017cb411,->,7e9b4e6e-9612-471f-bb5d-7bf5f882a67d,37a7d1d3-97a9-4af8-bcdd-6e37d1655948,d32b024d-a596-4e2d-af07-7f8c1d4681ce
7e9b4e6e-9612-471f-bb5d-7bf5f882a67d,006d49f0-9af7-41c4-b208-273ab1cc60d1,30e4073e-c860-4cce-a68e-faddaa26bb3a,->,7e9b4e6e-9612-471f-bb5d-7bf5f882a67d,37a7d1d3-97a9-4af8-bcdd-6e37d1655948,c70f1471-a422-4a66-b530-c90b9d25a9b6
7e9b4e6e-9612-471f-bb5d-7bf5f882a67d,006d49f0-9af7-41c4-b208-273ab1cc60d1,35b5cd0c-0ae4-4265-acf6-f6749e59dbc3,->,7e9b4e6e-9612-471f-bb5d-7bf5f882a67d,pober/artipers/service/workers/IoWorkerModels.java,toBinary
7e9b4e6e-9612-471f-bb5d-7bf5f882a67d,006d49f0-9af7-41c4-b208-273ab1cc60d1,35b5cd0c-0ae4-4265-acf6-f6749e59dbc3,->,7e9b4e6e-9612-471f-bb5d-7bf5f882a67d,java/lang/StringBuilder.java,append
7e9b4e6e-9612-471f-bb5d-7bf5f882a67d,006d49f0-9af7-41c4-b208-273ab1cc60d1,35b5cd0c-0ae4-4265-acf6-f6749e59dbc3,->,7e9b4e6e-9612-471f-bb5d-7bf5f882a67d,java/lang/StringBuilder.java,append
7e9b4e6e-9612-471f-bb5d-7bf5f882a67d,006d49f0-9af7-41c4-b208-273ab1cc60d1,35b5cd0c-0ae4-4265-acf6-f6749e59dbc3,->,7e9b4e6e-9612-471f-bb5d-7bf5f882a67d,java/lang/StringBuilder.java,toString
7e9b4e6e-9612-471f-bb5d-7bf5f882a67d,006d49f0-9af7-41c4-b208-273ab1cc60d1,35b5cd0c-0ae4-4265-acf6-f6749e59dbc3,->,7e9b4e6e-9612-471f-bb5d-7bf5f882a67d,94756f21-88c6-4938-ae54-c91cd3d598c6,6acbff74-35a1-4171-bda8-1a87a9c18d0a
7e9b4e6e-9612-471f-bb5d-7bf5f882a67d,006d49f0-9af7-41c4-b208-273ab1cc60d1,2f4ee4c3-c082-4ad2-8cdc-241c7ac564ad,->,7e9b4e6e-9612-471f-bb5d-7bf5f882a67d,37a7d1d3-97a9-4af8-bcdd-6e37d1655948,322f81df-cadf-47c0-8d34-1d8d3706072d
7e9b4e6e-9612-471f-bb5d-7bf5f882a67d,006d49f0-9af7-41c4-b208-273ab1cc60d1,2f4ee4c3-c082-4ad2-8cdc-241c7ac564ad,->,7e9b4e6e-9612-471f-bb5d-7bf5f882a67d,java/lang/StringBuilder.java,append
7e9b4e6e-9612-471f-bb5d-7bf5f882a67d,006d49f0-9af7-41c4-b208-273ab1cc60d1,2f4ee4c3-c082-4ad2-8cdc-241c7ac564ad,->,7e9b4e6e-9612-471f-bb5d-7bf5f882a67d,java/lang/StringBuilder.java,append
7e9b4e6e-9612-471f-bb5d-7bf5f882a67d,006d49f0-9af7-41c4-b208-273ab1cc60d1,2f4ee4c3-c082-4ad2-8cdc-241c7ac564ad,->,7e9b4e6e-9612-471f-bb5d-7bf5f882a67d,java/lang/StringBuilder.java,toString
7e9b4e6e-9612-471f-bb5d-7bf5f882a67d,006d49f0-9af7-41c4-b208-273ab1cc60d1,2f4ee4c3-c082-4ad2-8cdc-241c7ac564ad,->,7e9b4e6e-9612-471f-bb5d-7bf5f882a67d,94756f21-88c6-4938-ae54-c91cd3d598c6,0585470b-3bf6-4345-b900-3215fcd4cbdf
7e9b4e6e-9612-471f-bb5d-7bf5f882a67d,006d49f0-9af7-41c4-b208-273ab1cc60d1,2f4ee4c3-c082-4ad2-8cdc-241c7ac564ad,->,7e9b4e6e-9612-471f-bb5d-7bf5f882a67d,java/lang/StringBuilder.java,append
7e9b4e6e-9612-471f-bb5d-7bf5f882a67d,006d49f0-9af7-41c4-b208-273ab1cc60d1,2f4ee4c3-c082-4ad2-8cdc-241c7ac564ad,->,7e9b4e6e-9612-471f-bb5d-7bf5f882a67d,java/lang/StringBuilder.java,append
7e9b4e6e-9612-471f-bb5d-7bf5f882a67d,006d49f0-9af7-41c4-b208-273ab1cc60d1,2f4ee4c3-c082-4ad2-8cdc-241c7ac564ad,->,7e9b4e6e-9612-471f-bb5d-7bf5f882a67d,java/lang/StringBuilder.java,toString
7e9b4e6e-9612-471f-bb5d-7bf5f882a67d,006d49f0-9af7-41c4-b208-273ab1cc60d1,2f4ee4c3-c082-4ad2-8cdc-241c7ac564ad,->,7e9b4e6e-9612-471f-bb5d-7bf5f882a67d,94756f21-88c6-4938-ae54-c91cd3d598c6,6acbff74-35a1-4171-bda8-1a87a9c18d0a
7e9b4e6e-9612-471f-bb5d-7bf5f882a67d,006d49f0-9af7-41c4-b208-273ab1cc60d1,ee73fa5e-738a-4c56-ad94-ed9ba7806050,->,7e9b4e6e-9612-471f-bb5d-7bf5f882a67d,9c0b0c05-ff34-42a9-a072-d026caae22d4,7e70470f-5199-4f63-bbeb-2511d7b04805
7e9b4e6e-9612-471f-bb5d-7bf5f882a67d,006d49f0-9af7-41c4-b208-273ab1cc60d1,ee73fa5e-738a-4c56-ad94-ed9ba7806050,->,7e9b4e6e-9612-471f-bb5d-7bf5f882a67d,java/util/List.java,toArray
7e9b4e6e-9612-471f-bb5d-7bf5f882a67d,006d49f0-9af7-41c4-b208-273ab1cc60d1,0a3c5a69-8709-475d-8b13-1628a278ca54,->,7e9b4e6e-9612-471f-bb5d-7bf5f882a67d,java/lang/StringBuilder.java,append
7e9b4e6e-9612-471f-bb5d-7bf5f882a67d,006d49f0-9af7-41c4-b208-273ab1cc60d1,0a3c5a69-8709-475d-8b13-1628a278ca54,->,7e9b4e6e-9612-471f-bb5d-7bf5f882a67d,java/io/File.java,getName
7e9b4e6e-9612-471f-bb5d-7bf5f882a67d,006d49f0-9af7-41c4-b208-273ab1cc60d1,0a3c5a69-8709-475d-8b13-1628a278ca54,->,7e9b4e6e-9612-471f-bb5d-7bf5f882a67d,java/lang/StringBuilder.java,append
7e9b4e6e-9612-471f-bb5d-7bf5f882a67d,006d49f0-9af7-41c4-b208-273ab1cc60d1,0a3c5a69-8709-475d-8b13-1628a278ca54,->,7e9b4e6e-9612-471f-bb5d-7bf5f882a67d,java/lang/StringBuilder.java,toString
7e9b4e6e-9612-471f-bb5d-7bf5f882a67d,006d49f0-9af7-41c4-b208-273ab1cc60d1,0a3c5a69-8709-475d-8b13-1628a278ca54,->,7e9b4e6e-9612-471f-bb5d-7bf5f882a67d,94756f21-88c6-4938-ae54-c91cd3d598c6,0585470b-3bf6-4345-b900-3215fcd4cbdf
7e9b4e6e-9612-471f-bb5d-7bf5f882a67d,006d49f0-9af7-41c4-b208-273ab1cc60d1,0a3c5a69-8709-475d-8b13-1628a278ca54,->,7e9b4e6e-9612-471f-bb5d-7bf5f882a67d,9c0b0c05-ff34-42a9-a072-d026caae22d4,b2fcae98-481f-4569-85f3-13bd0b7d2018
7e9b4e6e-9612-471f-bb5d-7bf5f882a67d,006d49f0-9af7-41c4-b208-273ab1cc60d1,1a25b626-4d51-411e-9e1f-5d8bbe64232f,->,7e9b4e6e-9612-471f-bb5d-7bf5f882a67d,pober/artipers/service/workers/IoWorkerInputs.java,toBinary
7e9b4e6e-9612-471f-bb5d-7bf5f882a67d,006d49f0-9af7-41c4-b208-273ab1cc60d1,1a25b626-4d51-411e-9e1f-5d8bbe64232f,->,7e9b4e6e-9612-471f-bb5d-7bf5f882a67d,java/lang/StringBuilder.java,append
7e9b4e6e-9612-471f-bb5d-7bf5f882a67d,006d49f0-9af7-41c4-b208-273ab1cc60d1,1a25b626-4d51-411e-9e1f-5d8bbe64232f,->,7e9b4e6e-9612-471f-bb5d-7bf5f882a67d,java/lang/StringBuilder.java,append
7e9b4e6e-9612-471f-bb5d-7bf5f882a67d,006d49f0-9af7-41c4-b208-273ab1cc60d1,1a25b626-4d51-411e-9e1f-5d8bbe64232f,->,7e9b4e6e-9612-471f-bb5d-7bf5f882a67d,java/lang/StringBuilder.java,toString
7e9b4e6e-9612-471f-bb5d-7bf5f882a67d,006d49f0-9af7-41c4-b208-273ab1cc60d1,1a25b626-4d51-411e-9e1f-5d8bbe64232f,->,7e9b4e6e-9612-471f-bb5d-7bf5f882a67d,94756f21-88c6-4938-ae54-c91cd3d598c6,6acbff74-35a1-4171-bda8-1a87a9c18d0a
7e9b4e6e-9612-471f-bb5d-7bf5f882a67d,006d49f0-9af7-41c4-b208-273ab1cc60d1,44124ca5-3b60-4587-b977-057df18ac927,->,7e9b4e6e-9612-471f-bb5d-7bf5f882a67d,9c0b0c05-ff34-42a9-a072-d026caae22d4,ff4a97c2-e28b-4d75-a292-8c234e996479
7e9b4e6e-9612-471f-bb5d-7bf5f882a67d,006d49f0-9af7-41c4-b208-273ab1cc60d1,44124ca5-3b60-4587-b977-057df18ac927,->,7e9b4e6e-9612-471f-bb5d-7bf5f882a67d,java/lang/StringBuilder.java,append
7e9b4e6e-9612-471f-bb5d-7bf5f882a67d,006d49f0-9af7-41c4-b208-273ab1cc60d1,44124ca5-3b60-4587-b977-057df18ac927,->,7e9b4e6e-9612-471f-bb5d-7bf5f882a67d,java/lang/StringBuilder.java,append
7e9b4e6e-9612-471f-bb5d-7bf5f882a67d,006d49f0-9af7-41c4-b208-273ab1cc60d1,44124ca5-3b60-4587-b977-057df18ac927,->,7e9b4e6e-9612-471f-bb5d-7bf5f882a67d,java/lang/StringBuilder.java,append
7e9b4e6e-9612-471f-bb5d-7bf5f882a67d,006d49f0-9af7-41c4-b208-273ab1cc60d1,44124ca5-3b60-4587-b977-057df18ac927,->,7e9b4e6e-9612-471f-bb5d-7bf5f882a67d,java/lang/StringBuilder.java,toString
7e9b4e6e-9612-471f-bb5d-7bf5f882a67d,006d49f0-9af7-41c4-b208-273ab1cc60d1,44124ca5-3b60-4587-b977-057df18ac927,->,7e9b4e6e-9612-471f-bb5d-7bf5f882a67d,37a7d1d3-97a9-4af8-bcdd-6e37d1655948,c4b519fb-2436-47a2-9d84-2613155abbbf
7e9b4e6e-9612-471f-bb5d-7bf5f882a67d,006d49f0-9af7-41c4-b208-273ab1cc60d1,44124ca5-3b60-4587-b977-057df18ac927,->,7e9b4e6e-9612-471f-bb5d-7bf5f882a67d,94756f21-88c6-4938-ae54-c91cd3d598c6,6acbff74-35a1-4171-bda8-1a87a9c18d0a
7e9b4e6e-9612-471f-bb5d-7bf5f882a67d,006d49f0-9af7-41c4-b208-273ab1cc60d1,48d1c5bc-c910-460b-a2e7-a9516c1969f8,->,7e9b4e6e-9612-471f-bb5d-7bf5f882a67d,java/io/File.java,isDirectory
7e9b4e6e-9612-471f-bb5d-7bf5f882a67d,006d49f0-9af7-41c4-b208-273ab1cc60d1,48d1c5bc-c910-460b-a2e7-a9516c1969f8,->,7e9b4e6e-9612-471f-bb5d-7bf5f882a67d,java/io/File.java,exists
7e9b4e6e-9612-471f-bb5d-7bf5f882a67d,006d49f0-9af7-41c4-b208-273ab1cc60d1,48d1c5bc-c910-460b-a2e7-a9516c1969f8,->,7e9b4e6e-9612-471f-bb5d-7bf5f882a67d,java/io/File.java,listFiles
7e9b4e6e-9612-471f-bb5d-7bf5f882a67d,006d49f0-9af7-41c4-b208-273ab1cc60d1,48d1c5bc-c910-460b-a2e7-a9516c1969f8,->,7e9b4e6e-9612-471f-bb5d-7bf5f882a67d,java/io/File.java,isDirectory
7e9b4e6e-9612-471f-bb5d-7bf5f882a67d,006d49f0-9af7-41c4-b208-273ab1cc60d1,48d1c5bc-c910-460b-a2e7-a9516c1969f8,->,7e9b4e6e-9612-471f-bb5d-7bf5f882a67d,006d49f0-9af7-41c4-b208-273ab1cc60d1,48d1c5bc-c910-460b-a2e7-a9516c1969f8
7e9b4e6e-9612-471f-bb5d-7bf5f882a67d,006d49f0-9af7-41c4-b208-273ab1cc60d1,48d1c5bc-c910-460b-a2e7-a9516c1969f8,->,7e9b4e6e-9612-471f-bb5d-7bf5f882a67d,java/io/File.java,delete
7e9b4e6e-9612-471f-bb5d-7bf5f882a67d,006d49f0-9af7-41c4-b208-273ab1cc60d1,48d1c5bc-c910-460b-a2e7-a9516c1969f8,->,7e9b4e6e-9612-471f-bb5d-7bf5f882a67d,java/lang/StringBuilder.java,append
7e9b4e6e-9612-471f-bb5d-7bf5f882a67d,006d49f0-9af7-41c4-b208-273ab1cc60d1,48d1c5bc-c910-460b-a2e7-a9516c1969f8,->,7e9b4e6e-9612-471f-bb5d-7bf5f882a67d,java/io/File.java,getName
7e9b4e6e-9612-471f-bb5d-7bf5f882a67d,006d49f0-9af7-41c4-b208-273ab1cc60d1,48d1c5bc-c910-460b-a2e7-a9516c1969f8,->,7e9b4e6e-9612-471f-bb5d-7bf5f882a67d,java/lang/StringBuilder.java,append
7e9b4e6e-9612-471f-bb5d-7bf5f882a67d,006d49f0-9af7-41c4-b208-273ab1cc60d1,48d1c5bc-c910-460b-a2e7-a9516c1969f8,->,7e9b4e6e-9612-471f-bb5d-7bf5f882a67d,java/lang/StringBuilder.java,append
7e9b4e6e-9612-471f-bb5d-7bf5f882a67d,006d49f0-9af7-41c4-b208-273ab1cc60d1,48d1c5bc-c910-460b-a2e7-a9516c1969f8,->,7e9b4e6e-9612-471f-bb5d-7bf5f882a67d,java/lang/StringBuilder.java,toString
7e9b4e6e-9612-471f-bb5d-7bf5f882a67d,006d49f0-9af7-41c4-b208-273ab1cc60d1,48d1c5bc-c910-460b-a2e7-a9516c1969f8,->,7e9b4e6e-9612-471f-bb5d-7bf5f882a67d,java/io/File.java,delete
7e9b4e6e-9612-471f-bb5d-7bf5f882a67d,006d49f0-9af7-41c4-b208-273ab1cc60d1,48d1c5bc-c910-460b-a2e7-a9516c1969f8,->,7e9b4e6e-9612-471f-bb5d-7bf5f882a67d,java/lang/StringBuilder.java,append
7e9b4e6e-9612-471f-bb5d-7bf5f882a67d,006d49f0-9af7-41c4-b208-273ab1cc60d1,48d1c5bc-c910-460b-a2e7-a9516c1969f8,->,7e9b4e6e-9612-471f-bb5d-7bf5f882a67d,java/io/File.java,getName
7e9b4e6e-9612-471f-bb5d-7bf5f882a67d,006d49f0-9af7-41c4-b208-273ab1cc60d1,48d1c5bc-c910-460b-a2e7-a9516c1969f8,->,7e9b4e6e-9612-471f-bb5d-7bf5f882a67d,java/lang/StringBuilder.java,append
7e9b4e6e-9612-471f-bb5d-7bf5f882a67d,006d49f0-9af7-41c4-b208-273ab1cc60d1,48d1c5bc-c910-460b-a2e7-a9516c1969f8,->,7e9b4e6e-9612-471f-bb5d-7bf5f882a67d,java/lang/StringBuilder.java,append
7e9b4e6e-9612-471f-bb5d-7bf5f882a67d,006d49f0-9af7-41c4-b208-273ab1cc60d1,48d1c5bc-c910-460b-a2e7-a9516c1969f8,->,7e9b4e6e-9612-471f-bb5d-7bf5f882a67d,java/lang/StringBuilder.java,toString
7e9b4e6e-9612-471f-bb5d-7bf5f882a67d,006d49f0-9af7-41c4-b208-273ab1cc60d1,48d1c5bc-c910-460b-a2e7-a9516c1969f8,->,7e9b4e6e-9612-471f-bb5d-7bf5f882a67d,java/lang/StringBuilder.java,append
7e9b4e6e-9612-471f-bb5d-7bf5f882a67d,006d49f0-9af7-41c4-b208-273ab1cc60d1,48d1c5bc-c910-460b-a2e7-a9516c1969f8,->,7e9b4e6e-9612-471f-bb5d-7bf5f882a67d,java/io/File.java,getName
7e9b4e6e-9612-471f-bb5d-7bf5f882a67d,006d49f0-9af7-41c4-b208-273ab1cc60d1,48d1c5bc-c910-460b-a2e7-a9516c1969f8,->,7e9b4e6e-9612-471f-bb5d-7bf5f882a67d,java/lang/StringBuilder.java,append
7e9b4e6e-9612-471f-bb5d-7bf5f882a67d,006d49f0-9af7-41c4-b208-273ab1cc60d1,48d1c5bc-c910-460b-a2e7-a9516c1969f8,->,7e9b4e6e-9612-471f-bb5d-7bf5f882a67d,java/lang/StringBuilder.java,toString
7e9b4e6e-9612-471f-bb5d-7bf5f882a67d,006d49f0-9af7-41c4-b208-273ab1cc60d1,48d1c5bc-c910-460b-a2e7-a9516c1969f8,->,7e9b4e6e-9612-471f-bb5d-7bf5f882a67d,94756f21-88c6-4938-ae54-c91cd3d598c6,6acbff74-35a1-4171-bda8-1a87a9c18d0a
7e9b4e6e-9612-471f-bb5d-7bf5f882a67d,94756f21-88c6-4938-ae54-c91cd3d598c6,af6be5dc-c65f-46d7-83bb-d65608ab9998,->,7e9b4e6e-9612-471f-bb5d-7bf5f882a67d,java/lang/String.java,valueOf
7e9b4e6e-9612-471f-bb5d-7bf5f882a67d,94756f21-88c6-4938-ae54-c91cd3d598c6,0585470b-3bf6-4345-b900-3215fcd4cbdf,->,7e9b4e6e-9612-471f-bb5d-7bf5f882a67d,java/text/DateFormat.java,format
7e9b4e6e-9612-471f-bb5d-7bf5f882a67d,94756f21-88c6-4938-ae54-c91cd3d598c6,0585470b-3bf6-4345-b900-3215fcd4cbdf,->,7e9b4e6e-9612-471f-bb5d-7bf5f882a67d,94756f21-88c6-4938-ae54-c91cd3d598c6,24272209-f161-42e2-a50a-cfe276c566e9
7e9b4e6e-9612-471f-bb5d-7bf5f882a67d,94756f21-88c6-4938-ae54-c91cd3d598c6,0585470b-3bf6-4345-b900-3215fcd4cbdf,->,7e9b4e6e-9612-471f-bb5d-7bf5f882a67d,java/lang/String.java,format
7e9b4e6e-9612-471f-bb5d-7bf5f882a67d,94756f21-88c6-4938-ae54-c91cd3d598c6,0585470b-3bf6-4345-b900-3215fcd4cbdf,->,7e9b4e6e-9612-471f-bb5d-7bf5f882a67d,java/lang/String.java,concat
7e9b4e6e-9612-471f-bb5d-7bf5f882a67d,94756f21-88c6-4938-ae54-c91cd3d598c6,0585470b-3bf6-4345-b900-3215fcd4cbdf,->,7e9b4e6e-9612-471f-bb5d-7bf5f882a67d,java/io/PrintWriter.java,println
7e9b4e6e-9612-471f-bb5d-7bf5f882a67d,94756f21-88c6-4938-ae54-c91cd3d598c6,0585470b-3bf6-4345-b900-3215fcd4cbdf,->,7e9b4e6e-9612-471f-bb5d-7bf5f882a67d,java/io/PrintWriter.java,flush
7e9b4e6e-9612-471f-bb5d-7bf5f882a67d,94756f21-88c6-4938-ae54-c91cd3d598c6,0585470b-3bf6-4345-b900-3215fcd4cbdf,->,7e9b4e6e-9612-471f-bb5d-7bf5f882a67d,java/io/PrintStream.java,println
7e9b4e6e-9612-471f-bb5d-7bf5f882a67d,94756f21-88c6-4938-ae54-c91cd3d598c6,0585470b-3bf6-4345-b900-3215fcd4cbdf,->,7e9b4e6e-9612-471f-bb5d-7bf5f882a67d,java/lang/String.java,concat
7e9b4e6e-9612-471f-bb5d-7bf5f882a67d,94756f21-88c6-4938-ae54-c91cd3d598c6,6acbff74-35a1-4171-bda8-1a87a9c18d0a,->,7e9b4e6e-9612-471f-bb5d-7bf5f882a67d,java/lang/Exception.java,getMessage
7e9b4e6e-9612-471f-bb5d-7bf5f882a67d,94756f21-88c6-4938-ae54-c91cd3d598c6,6acbff74-35a1-4171-bda8-1a87a9c18d0a,->,7e9b4e6e-9612-471f-bb5d-7bf5f882a67d,java/lang/String.java,format
7e9b4e6e-9612-471f-bb5d-7bf5f882a67d,94756f21-88c6-4938-ae54-c91cd3d598c6,6acbff74-35a1-4171-bda8-1a87a9c18d0a,->,7e9b4e6e-9612-471f-bb5d-7bf5f882a67d,java/text/DateFormat.java,format
7e9b4e6e-9612-471f-bb5d-7bf5f882a67d,94756f21-88c6-4938-ae54-c91cd3d598c6,6acbff74-35a1-4171-bda8-1a87a9c18d0a,->,7e9b4e6e-9612-471f-bb5d-7bf5f882a67d,94756f21-88c6-4938-ae54-c91cd3d598c6,24272209-f161-42e2-a50a-cfe276c566e9
7e9b4e6e-9612-471f-bb5d-7bf5f882a67d,94756f21-88c6-4938-ae54-c91cd3d598c6,6acbff74-35a1-4171-bda8-1a87a9c18d0a,->,7e9b4e6e-9612-471f-bb5d-7bf5f882a67d,java/lang/String.java,format
7e9b4e6e-9612-471f-bb5d-7bf5f882a67d,94756f21-88c6-4938-ae54-c91cd3d598c6,6acbff74-35a1-4171-bda8-1a87a9c18d0a,->,7e9b4e6e-9612-471f-bb5d-7bf5f882a67d,java/lang/Exception.java,getStackTrace
7e9b4e6e-9612-471f-bb5d-7bf5f882a67d,94756f21-88c6-4938-ae54-c91cd3d598c6,6acbff74-35a1-4171-bda8-1a87a9c18d0a,->,7e9b4e6e-9612-471f-bb5d-7bf5f882a67d,java/lang/StackTraceElement.java,toString
7e9b4e6e-9612-471f-bb5d-7bf5f882a67d,94756f21-88c6-4938-ae54-c91cd3d598c6,6acbff74-35a1-4171-bda8-1a87a9c18d0a,->,7e9b4e6e-9612-471f-bb5d-7bf5f882a67d,94756f21-88c6-4938-ae54-c91cd3d598c6,24272209-f161-42e2-a50a-cfe276c566e9
7e9b4e6e-9612-471f-bb5d-7bf5f882a67d,94756f21-88c6-4938-ae54-c91cd3d598c6,6acbff74-35a1-4171-bda8-1a87a9c18d0a,->,7e9b4e6e-9612-471f-bb5d-7bf5f882a67d,java/lang/String.java,format
7e9b4e6e-9612-471f-bb5d-7bf5f882a67d,94756f21-88c6-4938-ae54-c91cd3d598c6,6acbff74-35a1-4171-bda8-1a87a9c18d0a,->,7e9b4e6e-9612-471f-bb5d-7bf5f882a67d,java/lang/String.java,concat
7e9b4e6e-9612-471f-bb5d-7bf5f882a67d,94756f21-88c6-4938-ae54-c91cd3d598c6,6acbff74-35a1-4171-bda8-1a87a9c18d0a,->,7e9b4e6e-9612-471f-bb5d-7bf5f882a67d,java/io/PrintWriter.java,println
7e9b4e6e-9612-471f-bb5d-7bf5f882a67d,94756f21-88c6-4938-ae54-c91cd3d598c6,6acbff74-35a1-4171-bda8-1a87a9c18d0a,->,7e9b4e6e-9612-471f-bb5d-7bf5f882a67d,java/io/PrintWriter.java,flush
7e9b4e6e-9612-471f-bb5d-7bf5f882a67d,94756f21-88c6-4938-ae54-c91cd3d598c6,6acbff74-35a1-4171-bda8-1a87a9c18d0a,->,7e9b4e6e-9612-471f-bb5d-7bf5f882a67d,java/lang/Exception.java,printStackTrace
7e9b4e6e-9612-471f-bb5d-7bf5f882a67d,94756f21-88c6-4938-ae54-c91cd3d598c6,6acbff74-35a1-4171-bda8-1a87a9c18d0a,->,7e9b4e6e-9612-471f-bb5d-7bf5f882a67d,java/io/PrintStream.java,println
7e9b4e6e-9612-471f-bb5d-7bf5f882a67d,94756f21-88c6-4938-ae54-c91cd3d598c6,6acbff74-35a1-4171-bda8-1a87a9c18d0a,->,7e9b4e6e-9612-471f-bb5d-7bf5f882a67d,java/io/PrintStream.java,println
7e9b4e6e-9612-471f-bb5d-7bf5f882a67d,94756f21-88c6-4938-ae54-c91cd3d598c6,6acbff74-35a1-4171-bda8-1a87a9c18d0a,->,7e9b4e6e-9612-471f-bb5d-7bf5f882a67d,java/lang/Exception.java,printStackTrace
7e9b4e6e-9612-471f-bb5d-7bf5f882a67d,94756f21-88c6-4938-ae54-c91cd3d598c6,6acbff74-35a1-4171-bda8-1a87a9c18d0a,->,7e9b4e6e-9612-471f-bb5d-7bf5f882a67d,java/lang/String.java,concat
7e9b4e6e-9612-471f-bb5d-7bf5f882a67d,94756f21-88c6-4938-ae54-c91cd3d598c6,24272209-f161-42e2-a50a-cfe276c566e9,->,7e9b4e6e-9612-471f-bb5d-7bf5f882a67d,java/lang/StringBuilder.java,append
7e9b4e6e-9612-471f-bb5d-7bf5f882a67d,94756f21-88c6-4938-ae54-c91cd3d598c6,24272209-f161-42e2-a50a-cfe276c566e9,->,7e9b4e6e-9612-471f-bb5d-7bf5f882a67d,java/lang/String.java,split
7e9b4e6e-9612-471f-bb5d-7bf5f882a67d,94756f21-88c6-4938-ae54-c91cd3d598c6,24272209-f161-42e2-a50a-cfe276c566e9,->,7e9b4e6e-9612-471f-bb5d-7bf5f882a67d,java/lang/StringBuilder.java,append
7e9b4e6e-9612-471f-bb5d-7bf5f882a67d,94756f21-88c6-4938-ae54-c91cd3d598c6,24272209-f161-42e2-a50a-cfe276c566e9,->,7e9b4e6e-9612-471f-bb5d-7bf5f882a67d,java/lang/StringBuilder.java,append
7e9b4e6e-9612-471f-bb5d-7bf5f882a67d,94756f21-88c6-4938-ae54-c91cd3d598c6,24272209-f161-42e2-a50a-cfe276c566e9,->,7e9b4e6e-9612-471f-bb5d-7bf5f882a67d,java/lang/StringBuilder.java,toString
7e9b4e6e-9612-471f-bb5d-7bf5f882a67d,pober/artipers/service/Logger.java,<clinit>,->,7e9b4e6e-9612-471f-bb5d-7bf5f882a67d,94756f21-88c6-4938-ae54-c91cd3d598c6,6acbff74-35a1-4171-bda8-1a87a9c18d0a
7e9b4e6e-9612-471f-bb5d-7bf5f882a67d,7b85d3dd-8c88-4828-9fc6-0ed37487654d,0a1c6898-af68-4373-b76d-fa22aef31e9c,->,7e9b4e6e-9612-471f-bb5d-7bf5f882a67d,d2cb5899-a5a4-4a9c-95dc-1dba45db432e,ca14b6b5-e720-4a55-ba17-237e6a47e5b3
7e9b4e6e-9612-471f-bb5d-7bf5f882a67d,7b85d3dd-8c88-4828-9fc6-0ed37487654d,0a1c6898-af68-4373-b76d-fa22aef31e9c,->,7e9b4e6e-9612-471f-bb5d-7bf5f882a67d,d2cb5899-a5a4-4a9c-95dc-1dba45db432e,"7f1e3b7e-fedd-4b92-93f7-7ec276d5cbaf,846910d5-f84b-427e-8eba-c3d1ed500acf"
7e9b4e6e-9612-471f-bb5d-7bf5f882a67d,7b85d3dd-8c88-4828-9fc6-0ed37487654d,0a1c6898-af68-4373-b76d-fa22aef31e9c,->,7e9b4e6e-9612-471f-bb5d-7bf5f882a67d,d2cb5899-a5a4-4a9c-95dc-1dba45db432e,86a99977-eaf5-4f15-b73e-3af1fee81de1
7e9b4e6e-9612-471f-bb5d-7bf5f882a67d,7b85d3dd-8c88-4828-9fc6-0ed37487654d,0a1c6898-af68-4373-b76d-fa22aef31e9c,->,7e9b4e6e-9612-471f-bb5d-7bf5f882a67d,d2cb5899-a5a4-4a9c-95dc-1dba45db432e,67f7cf94-1d62-46b1-9dbf-be8f0c433a87
7e9b4e6e-9612-471f-bb5d-7bf5f882a67d,7b85d3dd-8c88-4828-9fc6-0ed37487654d,0a1c6898-af68-4373-b76d-fa22aef31e9c,->,7e9b4e6e-9612-471f-bb5d-7bf5f882a67d,7b85d3dd-8c88-4828-9fc6-0ed37487654d,502ca8bc-c78d-4baa-aab9-b215c0d69c21
7e9b4e6e-9612-471f-bb5d-7bf5f882a67d,7b85d3dd-8c88-4828-9fc6-0ed37487654d,0a1c6898-af68-4373-b76d-fa22aef31e9c,->,7e9b4e6e-9612-471f-bb5d-7bf5f882a67d,java/lang/StringBuilder.java,append
7e9b4e6e-9612-471f-bb5d-7bf5f882a67d,7b85d3dd-8c88-4828-9fc6-0ed37487654d,0a1c6898-af68-4373-b76d-fa22aef31e9c,->,7e9b4e6e-9612-471f-bb5d-7bf5f882a67d,java/lang/StringBuilder.java,append
7e9b4e6e-9612-471f-bb5d-7bf5f882a67d,7b85d3dd-8c88-4828-9fc6-0ed37487654d,0a1c6898-af68-4373-b76d-fa22aef31e9c,->,7e9b4e6e-9612-471f-bb5d-7bf5f882a67d,java/lang/StringBuilder.java,toString
7e9b4e6e-9612-471f-bb5d-7bf5f882a67d,7b85d3dd-8c88-4828-9fc6-0ed37487654d,502ca8bc-c78d-4baa-aab9-b215c0d69c21,->,7e9b4e6e-9612-471f-bb5d-7bf5f882a67d,org/w3c/dom/Node.java,getNodeName
7e9b4e6e-9612-471f-bb5d-7bf5f882a67d,7b85d3dd-8c88-4828-9fc6-0ed37487654d,502ca8bc-c78d-4baa-aab9-b215c0d69c21,->,7e9b4e6e-9612-471f-bb5d-7bf5f882a67d,java/lang/String.java,equals
7e9b4e6e-9612-471f-bb5d-7bf5f882a67d,7b85d3dd-8c88-4828-9fc6-0ed37487654d,502ca8bc-c78d-4baa-aab9-b215c0d69c21,->,7e9b4e6e-9612-471f-bb5d-7bf5f882a67d,java/lang/String.java,equals
7e9b4e6e-9612-471f-bb5d-7bf5f882a67d,7b85d3dd-8c88-4828-9fc6-0ed37487654d,502ca8bc-c78d-4baa-aab9-b215c0d69c21,->,7e9b4e6e-9612-471f-bb5d-7bf5f882a67d,java/lang/StringBuilder.java,append
7e9b4e6e-9612-471f-bb5d-7bf5f882a67d,7b85d3dd-8c88-4828-9fc6-0ed37487654d,502ca8bc-c78d-4baa-aab9-b215c0d69c21,->,7e9b4e6e-9612-471f-bb5d-7bf5f882a67d,java/lang/StringBuilder.java,append
7e9b4e6e-9612-471f-bb5d-7bf5f882a67d,7b85d3dd-8c88-4828-9fc6-0ed37487654d,502ca8bc-c78d-4baa-aab9-b215c0d69c21,->,7e9b4e6e-9612-471f-bb5d-7bf5f882a67d,java/lang/StringBuilder.java,toString
7e9b4e6e-9612-471f-bb5d-7bf5f882a67d,7b85d3dd-8c88-4828-9fc6-0ed37487654d,502ca8bc-c78d-4baa-aab9-b215c0d69c21,->,7e9b4e6e-9612-471f-bb5d-7bf5f882a67d,d2cb5899-a5a4-4a9c-95dc-1dba45db432e,becf9a35-8592-440c-9ccf-167d505cb6c5
7e9b4e6e-9612-471f-bb5d-7bf5f882a67d,7b85d3dd-8c88-4828-9fc6-0ed37487654d,502ca8bc-c78d-4baa-aab9-b215c0d69c21,->,7e9b4e6e-9612-471f-bb5d-7bf5f882a67d,java/util/List.java,iterator
7e9b4e6e-9612-471f-bb5d-7bf5f882a67d,7b85d3dd-8c88-4828-9fc6-0ed37487654d,502ca8bc-c78d-4baa-aab9-b215c0d69c21,->,7e9b4e6e-9612-471f-bb5d-7bf5f882a67d,java/util/Iterator.java,hasNext
7e9b4e6e-9612-471f-bb5d-7bf5f882a67d,7b85d3dd-8c88-4828-9fc6-0ed37487654d,502ca8bc-c78d-4baa-aab9-b215c0d69c21,->,7e9b4e6e-9612-471f-bb5d-7bf5f882a67d,java/util/Iterator.java,next
7e9b4e6e-9612-471f-bb5d-7bf5f882a67d,7b85d3dd-8c88-4828-9fc6-0ed37487654d,502ca8bc-c78d-4baa-aab9-b215c0d69c21,->,7e9b4e6e-9612-471f-bb5d-7bf5f882a67d,org/w3c/dom/Node.java,getNodeName
7e9b4e6e-9612-471f-bb5d-7bf5f882a67d,7b85d3dd-8c88-4828-9fc6-0ed37487654d,502ca8bc-c78d-4baa-aab9-b215c0d69c21,->,7e9b4e6e-9612-471f-bb5d-7bf5f882a67d,java/lang/String.java,equals
7e9b4e6e-9612-471f-bb5d-7bf5f882a67d,7b85d3dd-8c88-4828-9fc6-0ed37487654d,502ca8bc-c78d-4baa-aab9-b215c0d69c21,->,7e9b4e6e-9612-471f-bb5d-7bf5f882a67d,java/lang/StringBuilder.java,append
7e9b4e6e-9612-471f-bb5d-7bf5f882a67d,7b85d3dd-8c88-4828-9fc6-0ed37487654d,502ca8bc-c78d-4baa-aab9-b215c0d69c21,->,7e9b4e6e-9612-471f-bb5d-7bf5f882a67d,org/w3c/dom/Node.java,getNodeName
7e9b4e6e-9612-471f-bb5d-7bf5f882a67d,7b85d3dd-8c88-4828-9fc6-0ed37487654d,502ca8bc-c78d-4baa-aab9-b215c0d69c21,->,7e9b4e6e-9612-471f-bb5d-7bf5f882a67d,java/lang/StringBuilder.java,append
7e9b4e6e-9612-471f-bb5d-7bf5f882a67d,7b85d3dd-8c88-4828-9fc6-0ed37487654d,502ca8bc-c78d-4baa-aab9-b215c0d69c21,->,7e9b4e6e-9612-471f-bb5d-7bf5f882a67d,java/lang/StringBuilder.java,toString
7e9b4e6e-9612-471f-bb5d-7bf5f882a67d,7b85d3dd-8c88-4828-9fc6-0ed37487654d,502ca8bc-c78d-4baa-aab9-b215c0d69c21,->,7e9b4e6e-9612-471f-bb5d-7bf5f882a67d,d2cb5899-a5a4-4a9c-95dc-1dba45db432e,ff4ebeaf-23db-40ad-9d04-2eb9050b1ec2
7e9b4e6e-9612-471f-bb5d-7bf5f882a67d,7b85d3dd-8c88-4828-9fc6-0ed37487654d,502ca8bc-c78d-4baa-aab9-b215c0d69c21,->,7e9b4e6e-9612-471f-bb5d-7bf5f882a67d,java/lang/String.java,hashCode
7e9b4e6e-9612-471f-bb5d-7bf5f882a67d,7b85d3dd-8c88-4828-9fc6-0ed37487654d,502ca8bc-c78d-4baa-aab9-b215c0d69c21,->,7e9b4e6e-9612-471f-bb5d-7bf5f882a67d,java/lang/String.java,equals
7e9b4e6e-9612-471f-bb5d-7bf5f882a67d,7b85d3dd-8c88-4828-9fc6-0ed37487654d,502ca8bc-c78d-4baa-aab9-b215c0d69c21,->,7e9b4e6e-9612-471f-bb5d-7bf5f882a67d,java/lang/String.java,equals
7e9b4e6e-9612-471f-bb5d-7bf5f882a67d,7b85d3dd-8c88-4828-9fc6-0ed37487654d,502ca8bc-c78d-4baa-aab9-b215c0d69c21,->,7e9b4e6e-9612-471f-bb5d-7bf5f882a67d,java/lang/String.java,equals
7e9b4e6e-9612-471f-bb5d-7bf5f882a67d,7b85d3dd-8c88-4828-9fc6-0ed37487654d,502ca8bc-c78d-4baa-aab9-b215c0d69c21,->,7e9b4e6e-9612-471f-bb5d-7bf5f882a67d,java/lang/String.java,equals
7e9b4e6e-9612-471f-bb5d-7bf5f882a67d,7b85d3dd-8c88-4828-9fc6-0ed37487654d,502ca8bc-c78d-4baa-aab9-b215c0d69c21,->,7e9b4e6e-9612-471f-bb5d-7bf5f882a67d,d2cb5899-a5a4-4a9c-95dc-1dba45db432e,9fc7b8c3-c98e-421b-b8f3-4e96728053ac
7e9b4e6e-9612-471f-bb5d-7bf5f882a67d,7b85d3dd-8c88-4828-9fc6-0ed37487654d,502ca8bc-c78d-4baa-aab9-b215c0d69c21,->,7e9b4e6e-9612-471f-bb5d-7bf5f882a67d,7b85d3dd-8c88-4828-9fc6-0ed37487654d,502ca8bc-c78d-4baa-aab9-b215c0d69c21
7e9b4e6e-9612-471f-bb5d-7bf5f882a67d,7b85d3dd-8c88-4828-9fc6-0ed37487654d,502ca8bc-c78d-4baa-aab9-b215c0d69c21,->,7e9b4e6e-9612-471f-bb5d-7bf5f882a67d,d2cb5899-a5a4-4a9c-95dc-1dba45db432e,"7f1e3b7e-fedd-4b92-93f7-7ec276d5cbaf,846910d5-f84b-427e-8eba-c3d1ed500acf"
7e9b4e6e-9612-471f-bb5d-7bf5f882a67d,7b85d3dd-8c88-4828-9fc6-0ed37487654d,502ca8bc-c78d-4baa-aab9-b215c0d69c21,->,7e9b4e6e-9612-471f-bb5d-7bf5f882a67d,java/util/List.java,add
7e9b4e6e-9612-471f-bb5d-7bf5f882a67d,7b85d3dd-8c88-4828-9fc6-0ed37487654d,502ca8bc-c78d-4baa-aab9-b215c0d69c21,->,7e9b4e6e-9612-471f-bb5d-7bf5f882a67d,d2cb5899-a5a4-4a9c-95dc-1dba45db432e,"7f1e3b7e-fedd-4b92-93f7-7ec276d5cbaf,846910d5-f84b-427e-8eba-c3d1ed500acf"
7e9b4e6e-9612-471f-bb5d-7bf5f882a67d,7b85d3dd-8c88-4828-9fc6-0ed37487654d,502ca8bc-c78d-4baa-aab9-b215c0d69c21,->,7e9b4e6e-9612-471f-bb5d-7bf5f882a67d,java/util/List.java,add
7e9b4e6e-9612-471f-bb5d-7bf5f882a67d,7b85d3dd-8c88-4828-9fc6-0ed37487654d,502ca8bc-c78d-4baa-aab9-b215c0d69c21,->,7e9b4e6e-9612-471f-bb5d-7bf5f882a67d,d2cb5899-a5a4-4a9c-95dc-1dba45db432e,"7f1e3b7e-fedd-4b92-93f7-7ec276d5cbaf,846910d5-f84b-427e-8eba-c3d1ed500acf"
7e9b4e6e-9612-471f-bb5d-7bf5f882a67d,7b85d3dd-8c88-4828-9fc6-0ed37487654d,502ca8bc-c78d-4baa-aab9-b215c0d69c21,->,7e9b4e6e-9612-471f-bb5d-7bf5f882a67d,java/util/List.java,add
7e9b4e6e-9612-471f-bb5d-7bf5f882a67d,7b85d3dd-8c88-4828-9fc6-0ed37487654d,502ca8bc-c78d-4baa-aab9-b215c0d69c21,->,7e9b4e6e-9612-471f-bb5d-7bf5f882a67d,8ed9fd7a-318d-4ba4-a8bf-9043c05dbe43,ecf731b4-a4ba-4352-8430-abb4140a1a4c
7e9b4e6e-9612-471f-bb5d-7bf5f882a67d,7b85d3dd-8c88-4828-9fc6-0ed37487654d,502ca8bc-c78d-4baa-aab9-b215c0d69c21,->,7e9b4e6e-9612-471f-bb5d-7bf5f882a67d,java/util/List.java,add
7e9b4e6e-9612-471f-bb5d-7bf5f882a67d,7b85d3dd-8c88-4828-9fc6-0ed37487654d,769aeb14-2a6e-4e8b-a27f-be756954ff82,->,7e9b4e6e-9612-471f-bb5d-7bf5f882a67d,java/util/List.java,size
7e9b4e6e-9612-471f-bb5d-7bf5f882a67d,7b85d3dd-8c88-4828-9fc6-0ed37487654d,769aeb14-2a6e-4e8b-a27f-be756954ff82,->,7e9b4e6e-9612-471f-bb5d-7bf5f882a67d,java/lang/String.java,valueOf
7e9b4e6e-9612-471f-bb5d-7bf5f882a67d,8ed9fd7a-318d-4ba4-a8bf-9043c05dbe43,ecf731b4-a4ba-4352-8430-abb4140a1a4c,->,7e9b4e6e-9612-471f-bb5d-7bf5f882a67d,java/util/List.java,add
7e9b4e6e-9612-471f-bb5d-7bf5f882a67d,f4429e80-16c7-4bbc-8a86-c6ea418ce42d,23e01068-bd1b-48d7-8d74-71fb99e8f4eb,->,7e9b4e6e-9612-471f-bb5d-7bf5f882a67d,d2cb5899-a5a4-4a9c-95dc-1dba45db432e,ca14b6b5-e720-4a55-ba17-237e6a47e5b3
7e9b4e6e-9612-471f-bb5d-7bf5f882a67d,f4429e80-16c7-4bbc-8a86-c6ea418ce42d,23e01068-bd1b-48d7-8d74-71fb99e8f4eb,->,7e9b4e6e-9612-471f-bb5d-7bf5f882a67d,d2cb5899-a5a4-4a9c-95dc-1dba45db432e,"7f1e3b7e-fedd-4b92-93f7-7ec276d5cbaf,846910d5-f84b-427e-8eba-c3d1ed500acf"
7e9b4e6e-9612-471f-bb5d-7bf5f882a67d,f4429e80-16c7-4bbc-8a86-c6ea418ce42d,23e01068-bd1b-48d7-8d74-71fb99e8f4eb,->,7e9b4e6e-9612-471f-bb5d-7bf5f882a67d,d2cb5899-a5a4-4a9c-95dc-1dba45db432e,"7f1e3b7e-fedd-4b92-93f7-7ec276d5cbaf,846910d5-f84b-427e-8eba-c3d1ed500acf"
7e9b4e6e-9612-471f-bb5d-7bf5f882a67d,f4429e80-16c7-4bbc-8a86-c6ea418ce42d,23e01068-bd1b-48d7-8d74-71fb99e8f4eb,->,7e9b4e6e-9612-471f-bb5d-7bf5f882a67d,d2cb5899-a5a4-4a9c-95dc-1dba45db432e,"7f1e3b7e-fedd-4b92-93f7-7ec276d5cbaf,846910d5-f84b-427e-8eba-c3d1ed500acf"
7e9b4e6e-9612-471f-bb5d-7bf5f882a67d,f4429e80-16c7-4bbc-8a86-c6ea418ce42d,23e01068-bd1b-48d7-8d74-71fb99e8f4eb,->,7e9b4e6e-9612-471f-bb5d-7bf5f882a67d,d2cb5899-a5a4-4a9c-95dc-1dba45db432e,"7f1e3b7e-fedd-4b92-93f7-7ec276d5cbaf,846910d5-f84b-427e-8eba-c3d1ed500acf"
7e9b4e6e-9612-471f-bb5d-7bf5f882a67d,f4429e80-16c7-4bbc-8a86-c6ea418ce42d,23e01068-bd1b-48d7-8d74-71fb99e8f4eb,->,7e9b4e6e-9612-471f-bb5d-7bf5f882a67d,d2cb5899-a5a4-4a9c-95dc-1dba45db432e,"7f1e3b7e-fedd-4b92-93f7-7ec276d5cbaf,846910d5-f84b-427e-8eba-c3d1ed500acf"
7e9b4e6e-9612-471f-bb5d-7bf5f882a67d,f4429e80-16c7-4bbc-8a86-c6ea418ce42d,23e01068-bd1b-48d7-8d74-71fb99e8f4eb,->,7e9b4e6e-9612-471f-bb5d-7bf5f882a67d,d2cb5899-a5a4-4a9c-95dc-1dba45db432e,"7f1e3b7e-fedd-4b92-93f7-7ec276d5cbaf,846910d5-f84b-427e-8eba-c3d1ed500acf"
7e9b4e6e-9612-471f-bb5d-7bf5f882a67d,f4429e80-16c7-4bbc-8a86-c6ea418ce42d,23e01068-bd1b-48d7-8d74-71fb99e8f4eb,->,7e9b4e6e-9612-471f-bb5d-7bf5f882a67d,java/lang/Integer.java,parseInt
7e9b4e6e-9612-471f-bb5d-7bf5f882a67d,f4429e80-16c7-4bbc-8a86-c6ea418ce42d,23e01068-bd1b-48d7-8d74-71fb99e8f4eb,->,7e9b4e6e-9612-471f-bb5d-7bf5f882a67d,java/lang/StringBuilder.java,append
7e9b4e6e-9612-471f-bb5d-7bf5f882a67d,f4429e80-16c7-4bbc-8a86-c6ea418ce42d,23e01068-bd1b-48d7-8d74-71fb99e8f4eb,->,7e9b4e6e-9612-471f-bb5d-7bf5f882a67d,java/lang/StringBuilder.java,append
7e9b4e6e-9612-471f-bb5d-7bf5f882a67d,f4429e80-16c7-4bbc-8a86-c6ea418ce42d,23e01068-bd1b-48d7-8d74-71fb99e8f4eb,->,7e9b4e6e-9612-471f-bb5d-7bf5f882a67d,java/lang/StringBuilder.java,toString
7e9b4e6e-9612-471f-bb5d-7bf5f882a67d,f4429e80-16c7-4bbc-8a86-c6ea418ce42d,08ca744f-e63a-4d42-a747-3dcdd5663b60,->,7e9b4e6e-9612-471f-bb5d-7bf5f882a67d,java/io/File.java,createNewFile
7e9b4e6e-9612-471f-bb5d-7bf5f882a67d,f4429e80-16c7-4bbc-8a86-c6ea418ce42d,08ca744f-e63a-4d42-a747-3dcdd5663b60,->,7e9b4e6e-9612-471f-bb5d-7bf5f882a67d,d2cb5899-a5a4-4a9c-95dc-1dba45db432e,7367f903-ed80-4dfa-b28e-8eeeee8333ed
7e9b4e6e-9612-471f-bb5d-7bf5f882a67d,f4429e80-16c7-4bbc-8a86-c6ea418ce42d,08ca744f-e63a-4d42-a747-3dcdd5663b60,->,7e9b4e6e-9612-471f-bb5d-7bf5f882a67d,d2cb5899-a5a4-4a9c-95dc-1dba45db432e,"4b02b8b5-81f8-467b-ba25-c2a2dcea93b4,38686452-39d4-4a34-a1a8-df63cca73443"
7e9b4e6e-9612-471f-bb5d-7bf5f882a67d,f4429e80-16c7-4bbc-8a86-c6ea418ce42d,08ca744f-e63a-4d42-a747-3dcdd5663b60,->,7e9b4e6e-9612-471f-bb5d-7bf5f882a67d,d2cb5899-a5a4-4a9c-95dc-1dba45db432e,"4b02b8b5-81f8-467b-ba25-c2a2dcea93b4,38686452-39d4-4a34-a1a8-df63cca73443"
7e9b4e6e-9612-471f-bb5d-7bf5f882a67d,f4429e80-16c7-4bbc-8a86-c6ea418ce42d,08ca744f-e63a-4d42-a747-3dcdd5663b60,->,7e9b4e6e-9612-471f-bb5d-7bf5f882a67d,d2cb5899-a5a4-4a9c-95dc-1dba45db432e,"4b02b8b5-81f8-467b-ba25-c2a2dcea93b4,38686452-39d4-4a34-a1a8-df63cca73443"
7e9b4e6e-9612-471f-bb5d-7bf5f882a67d,f4429e80-16c7-4bbc-8a86-c6ea418ce42d,08ca744f-e63a-4d42-a747-3dcdd5663b60,->,7e9b4e6e-9612-471f-bb5d-7bf5f882a67d,ddadb3d7-cb92-488c-9529-5233bfbf43f6,a3ae0288-76b0-4f9b-afce-09f6b916176b
7e9b4e6e-9612-471f-bb5d-7bf5f882a67d,f4429e80-16c7-4bbc-8a86-c6ea418ce42d,08ca744f-e63a-4d42-a747-3dcdd5663b60,->,7e9b4e6e-9612-471f-bb5d-7bf5f882a67d,d2cb5899-a5a4-4a9c-95dc-1dba45db432e,"4b02b8b5-81f8-467b-ba25-c2a2dcea93b4,38686452-39d4-4a34-a1a8-df63cca73443"
7e9b4e6e-9612-471f-bb5d-7bf5f882a67d,f4429e80-16c7-4bbc-8a86-c6ea418ce42d,08ca744f-e63a-4d42-a747-3dcdd5663b60,->,7e9b4e6e-9612-471f-bb5d-7bf5f882a67d,java/io/File.java,exists
7e9b4e6e-9612-471f-bb5d-7bf5f882a67d,f4429e80-16c7-4bbc-8a86-c6ea418ce42d,08ca744f-e63a-4d42-a747-3dcdd5663b60,->,7e9b4e6e-9612-471f-bb5d-7bf5f882a67d,java/io/File.java,mkdir
7e9b4e6e-9612-471f-bb5d-7bf5f882a67d,f4429e80-16c7-4bbc-8a86-c6ea418ce42d,08ca744f-e63a-4d42-a747-3dcdd5663b60,->,7e9b4e6e-9612-471f-bb5d-7bf5f882a67d,java/lang/StringBuilder.java,append
7e9b4e6e-9612-471f-bb5d-7bf5f882a67d,f4429e80-16c7-4bbc-8a86-c6ea418ce42d,08ca744f-e63a-4d42-a747-3dcdd5663b60,->,7e9b4e6e-9612-471f-bb5d-7bf5f882a67d,java/lang/StringBuilder.java,append
7e9b4e6e-9612-471f-bb5d-7bf5f882a67d,f4429e80-16c7-4bbc-8a86-c6ea418ce42d,08ca744f-e63a-4d42-a747-3dcdd5663b60,->,7e9b4e6e-9612-471f-bb5d-7bf5f882a67d,java/lang/StringBuilder.java,toString
7e9b4e6e-9612-471f-bb5d-7bf5f882a67d,f4429e80-16c7-4bbc-8a86-c6ea418ce42d,08ca744f-e63a-4d42-a747-3dcdd5663b60,->,7e9b4e6e-9612-471f-bb5d-7bf5f882a67d,d2cb5899-a5a4-4a9c-95dc-1dba45db432e,"4b02b8b5-81f8-467b-ba25-c2a2dcea93b4,38686452-39d4-4a34-a1a8-df63cca73443"
7e9b4e6e-9612-471f-bb5d-7bf5f882a67d,f4429e80-16c7-4bbc-8a86-c6ea418ce42d,08ca744f-e63a-4d42-a747-3dcdd5663b60,->,7e9b4e6e-9612-471f-bb5d-7bf5f882a67d,java/lang/String.java,valueOf
7e9b4e6e-9612-471f-bb5d-7bf5f882a67d,f4429e80-16c7-4bbc-8a86-c6ea418ce42d,08ca744f-e63a-4d42-a747-3dcdd5663b60,->,7e9b4e6e-9612-471f-bb5d-7bf5f882a67d,d2cb5899-a5a4-4a9c-95dc-1dba45db432e,"4b02b8b5-81f8-467b-ba25-c2a2dcea93b4,38686452-39d4-4a34-a1a8-df63cca73443"
7e9b4e6e-9612-471f-bb5d-7bf5f882a67d,f4429e80-16c7-4bbc-8a86-c6ea418ce42d,08ca744f-e63a-4d42-a747-3dcdd5663b60,->,7e9b4e6e-9612-471f-bb5d-7bf5f882a67d,d2cb5899-a5a4-4a9c-95dc-1dba45db432e,b4b67323-b4dc-4ef0-9780-ba06cf6bb354
7e9b4e6e-9612-471f-bb5d-7bf5f882a67d,f4429e80-16c7-4bbc-8a86-c6ea418ce42d,93936ab1-7cde-4ddb-9ffd-34b9abccf90e,->,7e9b4e6e-9612-471f-bb5d-7bf5f882a67d,0ea368af-b0d8-4a63-9f9e-8e60b7f7cdb2,3e8c49aa-7b42-4311-8a25-5bf384adfa7a
7e9b4e6e-9612-471f-bb5d-7bf5f882a67d,f4429e80-16c7-4bbc-8a86-c6ea418ce42d,395e9ae7-8e08-4aa1-b48d-ec3ce20ad53b,->,7e9b4e6e-9612-471f-bb5d-7bf5f882a67d,0ea368af-b0d8-4a63-9f9e-8e60b7f7cdb2,d24d5c5f-16a3-4afd-8690-344770c42a35
7e9b4e6e-9612-471f-bb5d-7bf5f882a67d,f4429e80-16c7-4bbc-8a86-c6ea418ce42d,ecc02835-178b-4a88-b0b7-947bc2d47ddc,->,7e9b4e6e-9612-471f-bb5d-7bf5f882a67d,java/lang/StringBuilder.java,append
7e9b4e6e-9612-471f-bb5d-7bf5f882a67d,f4429e80-16c7-4bbc-8a86-c6ea418ce42d,ecc02835-178b-4a88-b0b7-947bc2d47ddc,->,7e9b4e6e-9612-471f-bb5d-7bf5f882a67d,java/lang/StringBuilder.java,append
7e9b4e6e-9612-471f-bb5d-7bf5f882a67d,f4429e80-16c7-4bbc-8a86-c6ea418ce42d,ecc02835-178b-4a88-b0b7-947bc2d47ddc,->,7e9b4e6e-9612-471f-bb5d-7bf5f882a67d,java/lang/StringBuilder.java,toString
7e9b4e6e-9612-471f-bb5d-7bf5f882a67d,f4429e80-16c7-4bbc-8a86-c6ea418ce42d,ecc02835-178b-4a88-b0b7-947bc2d47ddc,->,7e9b4e6e-9612-471f-bb5d-7bf5f882a67d,java/lang/StringBuilder.java,append
7e9b4e6e-9612-471f-bb5d-7bf5f882a67d,f4429e80-16c7-4bbc-8a86-c6ea418ce42d,ecc02835-178b-4a88-b0b7-947bc2d47ddc,->,7e9b4e6e-9612-471f-bb5d-7bf5f882a67d,pober/artipers/service/objects/IoObjectInput.java,getId
7e9b4e6e-9612-471f-bb5d-7bf5f882a67d,f4429e80-16c7-4bbc-8a86-c6ea418ce42d,ecc02835-178b-4a88-b0b7-947bc2d47ddc,->,7e9b4e6e-9612-471f-bb5d-7bf5f882a67d,java/lang/StringBuilder.java,append
7e9b4e6e-9612-471f-bb5d-7bf5f882a67d,f4429e80-16c7-4bbc-8a86-c6ea418ce42d,ecc02835-178b-4a88-b0b7-947bc2d47ddc,->,7e9b4e6e-9612-471f-bb5d-7bf5f882a67d,java/lang/StringBuilder.java,toString
7e9b4e6e-9612-471f-bb5d-7bf5f882a67d,f4429e80-16c7-4bbc-8a86-c6ea418ce42d,ecc02835-178b-4a88-b0b7-947bc2d47ddc,->,7e9b4e6e-9612-471f-bb5d-7bf5f882a67d,94756f21-88c6-4938-ae54-c91cd3d598c6,0585470b-3bf6-4345-b900-3215fcd4cbdf
7e9b4e6e-9612-471f-bb5d-7bf5f882a67d,f4429e80-16c7-4bbc-8a86-c6ea418ce42d,ecc02835-178b-4a88-b0b7-947bc2d47ddc,->,7e9b4e6e-9612-471f-bb5d-7bf5f882a67d,7b85d3dd-8c88-4828-9fc6-0ed37487654d,55a8270f-2cdb-4e81-81b2-3695ecff9fcb
7e9b4e6e-9612-471f-bb5d-7bf5f882a67d,f4429e80-16c7-4bbc-8a86-c6ea418ce42d,ecc02835-178b-4a88-b0b7-947bc2d47ddc,->,7e9b4e6e-9612-471f-bb5d-7bf5f882a67d,java/util/List.java,iterator
7e9b4e6e-9612-471f-bb5d-7bf5f882a67d,f4429e80-16c7-4bbc-8a86-c6ea418ce42d,ecc02835-178b-4a88-b0b7-947bc2d47ddc,->,7e9b4e6e-9612-471f-bb5d-7bf5f882a67d,java/util/Iterator.java,hasNext
7e9b4e6e-9612-471f-bb5d-7bf5f882a67d,f4429e80-16c7-4bbc-8a86-c6ea418ce42d,ecc02835-178b-4a88-b0b7-947bc2d47ddc,->,7e9b4e6e-9612-471f-bb5d-7bf5f882a67d,java/util/Iterator.java,next
7e9b4e6e-9612-471f-bb5d-7bf5f882a67d,f4429e80-16c7-4bbc-8a86-c6ea418ce42d,ecc02835-178b-4a88-b0b7-947bc2d47ddc,->,7e9b4e6e-9612-471f-bb5d-7bf5f882a67d,java/lang/StringBuilder.java,append
7e9b4e6e-9612-471f-bb5d-7bf5f882a67d,f4429e80-16c7-4bbc-8a86-c6ea418ce42d,ecc02835-178b-4a88-b0b7-947bc2d47ddc,->,7e9b4e6e-9612-471f-bb5d-7bf5f882a67d,f4429e80-16c7-4bbc-8a86-c6ea418ce42d,f06fd6d5-5c4e-41ee-8300-f483fac3a9e2
7e9b4e6e-9612-471f-bb5d-7bf5f882a67d,f4429e80-16c7-4bbc-8a86-c6ea418ce42d,ecc02835-178b-4a88-b0b7-947bc2d47ddc,->,7e9b4e6e-9612-471f-bb5d-7bf5f882a67d,java/lang/StringBuilder.java,append
7e9b4e6e-9612-471f-bb5d-7bf5f882a67d,f4429e80-16c7-4bbc-8a86-c6ea418ce42d,ecc02835-178b-4a88-b0b7-947bc2d47ddc,->,7e9b4e6e-9612-471f-bb5d-7bf5f882a67d,java/lang/StringBuilder.java,toString
7e9b4e6e-9612-471f-bb5d-7bf5f882a67d,f4429e80-16c7-4bbc-8a86-c6ea418ce42d,ecc02835-178b-4a88-b0b7-947bc2d47ddc,->,7e9b4e6e-9612-471f-bb5d-7bf5f882a67d,pober/artipers/service/objects/MemoryNode.java,getType
7e9b4e6e-9612-471f-bb5d-7bf5f882a67d,f4429e80-16c7-4bbc-8a86-c6ea418ce42d,ecc02835-178b-4a88-b0b7-947bc2d47ddc,->,7e9b4e6e-9612-471f-bb5d-7bf5f882a67d,java/lang/String.java,hashCode
7e9b4e6e-9612-471f-bb5d-7bf5f882a67d,f4429e80-16c7-4bbc-8a86-c6ea418ce42d,ecc02835-178b-4a88-b0b7-947bc2d47ddc,->,7e9b4e6e-9612-471f-bb5d-7bf5f882a67d,java/lang/String.java,equals
7e9b4e6e-9612-471f-bb5d-7bf5f882a67d,f4429e80-16c7-4bbc-8a86-c6ea418ce42d,ecc02835-178b-4a88-b0b7-947bc2d47ddc,->,7e9b4e6e-9612-471f-bb5d-7bf5f882a67d,java/lang/String.java,equals
7e9b4e6e-9612-471f-bb5d-7bf5f882a67d,f4429e80-16c7-4bbc-8a86-c6ea418ce42d,ecc02835-178b-4a88-b0b7-947bc2d47ddc,->,7e9b4e6e-9612-471f-bb5d-7bf5f882a67d,dc838ee9-9df8-444b-bec3-741f2cc9b62b,71a9fdc7-7f55-4932-b8a3-e05e46665768
7e9b4e6e-9612-471f-bb5d-7bf5f882a67d,f4429e80-16c7-4bbc-8a86-c6ea418ce42d,ecc02835-178b-4a88-b0b7-947bc2d47ddc,->,7e9b4e6e-9612-471f-bb5d-7bf5f882a67d,437256bf-c67e-440b-a018-d728ca91013c,02481337-9759-4851-9004-579274f78855
7e9b4e6e-9612-471f-bb5d-7bf5f882a67d,f4429e80-16c7-4bbc-8a86-c6ea418ce42d,ecc02835-178b-4a88-b0b7-947bc2d47ddc,->,7e9b4e6e-9612-471f-bb5d-7bf5f882a67d,pober/artipers/service/objects/MemoryNode.java,setId
7e9b4e6e-9612-471f-bb5d-7bf5f882a67d,f4429e80-16c7-4bbc-8a86-c6ea418ce42d,ecc02835-178b-4a88-b0b7-947bc2d47ddc,->,7e9b4e6e-9612-471f-bb5d-7bf5f882a67d,7b85d3dd-8c88-4828-9fc6-0ed37487654d,bad500f0-ba11-4f74-af6b-025a5ea7d41c
7e9b4e6e-9612-471f-bb5d-7bf5f882a67d,f4429e80-16c7-4bbc-8a86-c6ea418ce42d,ecc02835-178b-4a88-b0b7-947bc2d47ddc,->,7e9b4e6e-9612-471f-bb5d-7bf5f882a67d,java/util/List.java,iterator
7e9b4e6e-9612-471f-bb5d-7bf5f882a67d,f4429e80-16c7-4bbc-8a86-c6ea418ce42d,ecc02835-178b-4a88-b0b7-947bc2d47ddc,->,7e9b4e6e-9612-471f-bb5d-7bf5f882a67d,java/util/Iterator.java,hasNext
7e9b4e6e-9612-471f-bb5d-7bf5f882a67d,f4429e80-16c7-4bbc-8a86-c6ea418ce42d,ecc02835-178b-4a88-b0b7-947bc2d47ddc,->,7e9b4e6e-9612-471f-bb5d-7bf5f882a67d,java/util/Iterator.java,next
7e9b4e6e-9612-471f-bb5d-7bf5f882a67d,f4429e80-16c7-4bbc-8a86-c6ea418ce42d,ecc02835-178b-4a88-b0b7-947bc2d47ddc,->,7e9b4e6e-9612-471f-bb5d-7bf5f882a67d,java/lang/StringBuilder.java,append
7e9b4e6e-9612-471f-bb5d-7bf5f882a67d,f4429e80-16c7-4bbc-8a86-c6ea418ce42d,ecc02835-178b-4a88-b0b7-947bc2d47ddc,->,7e9b4e6e-9612-471f-bb5d-7bf5f882a67d,f4429e80-16c7-4bbc-8a86-c6ea418ce42d,f06fd6d5-5c4e-41ee-8300-f483fac3a9e2
7e9b4e6e-9612-471f-bb5d-7bf5f882a67d,f4429e80-16c7-4bbc-8a86-c6ea418ce42d,ecc02835-178b-4a88-b0b7-947bc2d47ddc,->,7e9b4e6e-9612-471f-bb5d-7bf5f882a67d,java/lang/StringBuilder.java,append
7e9b4e6e-9612-471f-bb5d-7bf5f882a67d,f4429e80-16c7-4bbc-8a86-c6ea418ce42d,ecc02835-178b-4a88-b0b7-947bc2d47ddc,->,7e9b4e6e-9612-471f-bb5d-7bf5f882a67d,java/lang/StringBuilder.java,toString
7e9b4e6e-9612-471f-bb5d-7bf5f882a67d,f4429e80-16c7-4bbc-8a86-c6ea418ce42d,ecc02835-178b-4a88-b0b7-947bc2d47ddc,->,7e9b4e6e-9612-471f-bb5d-7bf5f882a67d,pober/artipers/service/objects/MemoryLink.java,setId
7e9b4e6e-9612-471f-bb5d-7bf5f882a67d,f4429e80-16c7-4bbc-8a86-c6ea418ce42d,ecc02835-178b-4a88-b0b7-947bc2d47ddc,->,7e9b4e6e-9612-471f-bb5d-7bf5f882a67d,0ea368af-b0d8-4a63-9f9e-8e60b7f7cdb2,5239a294-ce43-437f-87f5-f95bd7beef25
7e9b4e6e-9612-471f-bb5d-7bf5f882a67d,f4429e80-16c7-4bbc-8a86-c6ea418ce42d,f06fd6d5-5c4e-41ee-8300-f483fac3a9e2,->,7e9b4e6e-9612-471f-bb5d-7bf5f882a67d,java/lang/String.java,valueOf
7e9b4e6e-9612-471f-bb5d-7bf5f882a67d,f4429e80-16c7-4bbc-8a86-c6ea418ce42d,f06fd6d5-5c4e-41ee-8300-f483fac3a9e2,->,7e9b4e6e-9612-471f-bb5d-7bf5f882a67d,d2cb5899-a5a4-4a9c-95dc-1dba45db432e,071b457b-274a-4f41-b279-6bcf2e52bc4c
7e9b4e6e-9612-471f-bb5d-7bf5f882a67d,f4429e80-16c7-4bbc-8a86-c6ea418ce42d,f06fd6d5-5c4e-41ee-8300-f483fac3a9e2,->,7e9b4e6e-9612-471f-bb5d-7bf5f882a67d,d2cb5899-a5a4-4a9c-95dc-1dba45db432e,b4b67323-b4dc-4ef0-9780-ba06cf6bb354
7e9b4e6e-9612-471f-bb5d-7bf5f882a67d,f4429e80-16c7-4bbc-8a86-c6ea418ce42d,28245f55-19b2-469f-8a12-a12b5bd19784,->,7e9b4e6e-9612-471f-bb5d-7bf5f882a67d,a7cc5aea-1e4e-4b4f-a9cc-1c895fd5bbd1,9644c990-c10e-4e03-9bc6-935c8bacab17
7e9b4e6e-9612-471f-bb5d-7bf5f882a67d,f4429e80-16c7-4bbc-8a86-c6ea418ce42d,28245f55-19b2-469f-8a12-a12b5bd19784,->,7e9b4e6e-9612-471f-bb5d-7bf5f882a67d,0ea368af-b0d8-4a63-9f9e-8e60b7f7cdb2,555c72e7-01f7-4295-89d4-58a41e7fa499
7e9b4e6e-9612-471f-bb5d-7bf5f882a67d,f4429e80-16c7-4bbc-8a86-c6ea418ce42d,b3b217ac-67e9-42c7-8074-187d2b395436,->,7e9b4e6e-9612-471f-bb5d-7bf5f882a67d,pober/artipers/service/objects/MemoryNode.java,getId
7e9b4e6e-9612-471f-bb5d-7bf5f882a67d,f4429e80-16c7-4bbc-8a86-c6ea418ce42d,b3b217ac-67e9-42c7-8074-187d2b395436,->,7e9b4e6e-9612-471f-bb5d-7bf5f882a67d,pober/artipers/service/objects/MemoryNode.java,getType
7e9b4e6e-9612-471f-bb5d-7bf5f882a67d,f4429e80-16c7-4bbc-8a86-c6ea418ce42d,b3b217ac-67e9-42c7-8074-187d2b395436,->,7e9b4e6e-9612-471f-bb5d-7bf5f882a67d,c4a45c01-020c-4517-ad95-d9309c01e322,cd4e6140-5f90-4ba0-986f-c2b222248d4c
7e9b4e6e-9612-471f-bb5d-7bf5f882a67d,f4429e80-16c7-4bbc-8a86-c6ea418ce42d,b3b217ac-67e9-42c7-8074-187d2b395436,->,7e9b4e6e-9612-471f-bb5d-7bf5f882a67d,java/lang/String.java,hashCode
7e9b4e6e-9612-471f-bb5d-7bf5f882a67d,f4429e80-16c7-4bbc-8a86-c6ea418ce42d,b3b217ac-67e9-42c7-8074-187d2b395436,->,7e9b4e6e-9612-471f-bb5d-7bf5f882a67d,java/lang/String.java,equals
7e9b4e6e-9612-471f-bb5d-7bf5f882a67d,f4429e80-16c7-4bbc-8a86-c6ea418ce42d,b3b217ac-67e9-42c7-8074-187d2b395436,->,7e9b4e6e-9612-471f-bb5d-7bf5f882a67d,java/lang/String.java,equals
7e9b4e6e-9612-471f-bb5d-7bf5f882a67d,f4429e80-16c7-4bbc-8a86-c6ea418ce42d,b3b217ac-67e9-42c7-8074-187d2b395436,->,7e9b4e6e-9612-471f-bb5d-7bf5f882a67d,ddadb3d7-cb92-488c-9529-5233bfbf43f6,40d987ca-5972-4786-b127-214ad6725b35
7e9b4e6e-9612-471f-bb5d-7bf5f882a67d,f4429e80-16c7-4bbc-8a86-c6ea418ce42d,b3b217ac-67e9-42c7-8074-187d2b395436,->,7e9b4e6e-9612-471f-bb5d-7bf5f882a67d,ddadb3d7-cb92-488c-9529-5233bfbf43f6,47df8eaf-6489-4b0a-80c4-7c7594047f8c
7e9b4e6e-9612-471f-bb5d-7bf5f882a67d,f4429e80-16c7-4bbc-8a86-c6ea418ce42d,b3b217ac-67e9-42c7-8074-187d2b395436,->,7e9b4e6e-9612-471f-bb5d-7bf5f882a67d,ddadb3d7-cb92-488c-9529-5233bfbf43f6,40d987ca-5972-4786-b127-214ad6725b35
7e9b4e6e-9612-471f-bb5d-7bf5f882a67d,f4429e80-16c7-4bbc-8a86-c6ea418ce42d,b3b217ac-67e9-42c7-8074-187d2b395436,->,7e9b4e6e-9612-471f-bb5d-7bf5f882a67d,ddadb3d7-cb92-488c-9529-5233bfbf43f6,47df8eaf-6489-4b0a-80c4-7c7594047f8c
7e9b4e6e-9612-471f-bb5d-7bf5f882a67d,f4429e80-16c7-4bbc-8a86-c6ea418ce42d,b3b217ac-67e9-42c7-8074-187d2b395436,->,7e9b4e6e-9612-471f-bb5d-7bf5f882a67d,ddadb3d7-cb92-488c-9529-5233bfbf43f6,40d987ca-5972-4786-b127-214ad6725b35
7e9b4e6e-9612-471f-bb5d-7bf5f882a67d,f4429e80-16c7-4bbc-8a86-c6ea418ce42d,b3b217ac-67e9-42c7-8074-187d2b395436,->,7e9b4e6e-9612-471f-bb5d-7bf5f882a67d,ddadb3d7-cb92-488c-9529-5233bfbf43f6,47df8eaf-6489-4b0a-80c4-7c7594047f8c
7e9b4e6e-9612-471f-bb5d-7bf5f882a67d,f4429e80-16c7-4bbc-8a86-c6ea418ce42d,b3b217ac-67e9-42c7-8074-187d2b395436,->,7e9b4e6e-9612-471f-bb5d-7bf5f882a67d,ddadb3d7-cb92-488c-9529-5233bfbf43f6,7edc10b3-57d4-43f0-a50b-79dba92e9c99
7e9b4e6e-9612-471f-bb5d-7bf5f882a67d,f4429e80-16c7-4bbc-8a86-c6ea418ce42d,b3b217ac-67e9-42c7-8074-187d2b395436,->,7e9b4e6e-9612-471f-bb5d-7bf5f882a67d,ddadb3d7-cb92-488c-9529-5233bfbf43f6,1c754f06-3752-46c1-9dd7-7aa7076351bf
7e9b4e6e-9612-471f-bb5d-7bf5f882a67d,f4429e80-16c7-4bbc-8a86-c6ea418ce42d,b3b217ac-67e9-42c7-8074-187d2b395436,->,7e9b4e6e-9612-471f-bb5d-7bf5f882a67d,ddadb3d7-cb92-488c-9529-5233bfbf43f6,16427067-f9f8-4f77-97f4-3de3be6f5c11
7e9b4e6e-9612-471f-bb5d-7bf5f882a67d,f4429e80-16c7-4bbc-8a86-c6ea418ce42d,b3b217ac-67e9-42c7-8074-187d2b395436,->,7e9b4e6e-9612-471f-bb5d-7bf5f882a67d,ddadb3d7-cb92-488c-9529-5233bfbf43f6,296036fc-c6cb-4547-a49e-f4907ad7d354
7e9b4e6e-9612-471f-bb5d-7bf5f882a67d,f4429e80-16c7-4bbc-8a86-c6ea418ce42d,b3b217ac-67e9-42c7-8074-187d2b395436,->,7e9b4e6e-9612-471f-bb5d-7bf5f882a67d,ddadb3d7-cb92-488c-9529-5233bfbf43f6,d0811182-61f2-4a4c-9afe-0c08aecf77e1
7e9b4e6e-9612-471f-bb5d-7bf5f882a67d,f4429e80-16c7-4bbc-8a86-c6ea418ce42d,b3b217ac-67e9-42c7-8074-187d2b395436,->,7e9b4e6e-9612-471f-bb5d-7bf5f882a67d,ddadb3d7-cb92-488c-9529-5233bfbf43f6,296036fc-c6cb-4547-a49e-f4907ad7d354
7e9b4e6e-9612-471f-bb5d-7bf5f882a67d,f4429e80-16c7-4bbc-8a86-c6ea418ce42d,b3b217ac-67e9-42c7-8074-187d2b395436,->,7e9b4e6e-9612-471f-bb5d-7bf5f882a67d,ddadb3d7-cb92-488c-9529-5233bfbf43f6,d0811182-61f2-4a4c-9afe-0c08aecf77e1
7e9b4e6e-9612-471f-bb5d-7bf5f882a67d,f4429e80-16c7-4bbc-8a86-c6ea418ce42d,b3b217ac-67e9-42c7-8074-187d2b395436,->,7e9b4e6e-9612-471f-bb5d-7bf5f882a67d,ddadb3d7-cb92-488c-9529-5233bfbf43f6,82cd6e0a-a5dd-433c-974c-f28459285395
7e9b4e6e-9612-471f-bb5d-7bf5f882a67d,f4429e80-16c7-4bbc-8a86-c6ea418ce42d,b3b217ac-67e9-42c7-8074-187d2b395436,->,7e9b4e6e-9612-471f-bb5d-7bf5f882a67d,java/lang/String.java,format
7e9b4e6e-9612-471f-bb5d-7bf5f882a67d,f4429e80-16c7-4bbc-8a86-c6ea418ce42d,b3b217ac-67e9-42c7-8074-187d2b395436,->,7e9b4e6e-9612-471f-bb5d-7bf5f882a67d,java/lang/StringBuilder.java,append
7e9b4e6e-9612-471f-bb5d-7bf5f882a67d,f4429e80-16c7-4bbc-8a86-c6ea418ce42d,b3b217ac-67e9-42c7-8074-187d2b395436,->,7e9b4e6e-9612-471f-bb5d-7bf5f882a67d,java/lang/StringBuilder.java,append
7e9b4e6e-9612-471f-bb5d-7bf5f882a67d,f4429e80-16c7-4bbc-8a86-c6ea418ce42d,b3b217ac-67e9-42c7-8074-187d2b395436,->,7e9b4e6e-9612-471f-bb5d-7bf5f882a67d,java/lang/StringBuilder.java,toString
7e9b4e6e-9612-471f-bb5d-7bf5f882a67d,f4429e80-16c7-4bbc-8a86-c6ea418ce42d,b3b217ac-67e9-42c7-8074-187d2b395436,->,7e9b4e6e-9612-471f-bb5d-7bf5f882a67d,94756f21-88c6-4938-ae54-c91cd3d598c6,0585470b-3bf6-4345-b900-3215fcd4cbdf
7e9b4e6e-9612-471f-bb5d-7bf5f882a67d,f4429e80-16c7-4bbc-8a86-c6ea418ce42d,4a9de3ed-fcca-4a39-a633-4e058210ddba,->,7e9b4e6e-9612-471f-bb5d-7bf5f882a67d,pober/artipers/service/objects/MemoryLink.java,getType
7e9b4e6e-9612-471f-bb5d-7bf5f882a67d,f4429e80-16c7-4bbc-8a86-c6ea418ce42d,4a9de3ed-fcca-4a39-a633-4e058210ddba,->,7e9b4e6e-9612-471f-bb5d-7bf5f882a67d,java/lang/String.java,hashCode
7e9b4e6e-9612-471f-bb5d-7bf5f882a67d,f4429e80-16c7-4bbc-8a86-c6ea418ce42d,4a9de3ed-fcca-4a39-a633-4e058210ddba,->,7e9b4e6e-9612-471f-bb5d-7bf5f882a67d,java/lang/String.java,equals
7e9b4e6e-9612-471f-bb5d-7bf5f882a67d,f4429e80-16c7-4bbc-8a86-c6ea418ce42d,4a9de3ed-fcca-4a39-a633-4e058210ddba,->,7e9b4e6e-9612-471f-bb5d-7bf5f882a67d,java/lang/String.java,equals
7e9b4e6e-9612-471f-bb5d-7bf5f882a67d,f4429e80-16c7-4bbc-8a86-c6ea418ce42d,4a9de3ed-fcca-4a39-a633-4e058210ddba,->,7e9b4e6e-9612-471f-bb5d-7bf5f882a67d,f4429e80-16c7-4bbc-8a86-c6ea418ce42d,df36af3d-2fb7-4073-b830-4f8f23e12986
7e9b4e6e-9612-471f-bb5d-7bf5f882a67d,f4429e80-16c7-4bbc-8a86-c6ea418ce42d,4a9de3ed-fcca-4a39-a633-4e058210ddba,->,7e9b4e6e-9612-471f-bb5d-7bf5f882a67d,f4429e80-16c7-4bbc-8a86-c6ea418ce42d,0ad87d94-73c7-426d-aba6-7363a874b2a1
7e9b4e6e-9612-471f-bb5d-7bf5f882a67d,f4429e80-16c7-4bbc-8a86-c6ea418ce42d,4a9de3ed-fcca-4a39-a633-4e058210ddba,->,7e9b4e6e-9612-471f-bb5d-7bf5f882a67d,java/lang/StringBuilder.java,append
7e9b4e6e-9612-471f-bb5d-7bf5f882a67d,f4429e80-16c7-4bbc-8a86-c6ea418ce42d,4a9de3ed-fcca-4a39-a633-4e058210ddba,->,7e9b4e6e-9612-471f-bb5d-7bf5f882a67d,pober/artipers/service/objects/MemoryLink.java,getType
7e9b4e6e-9612-471f-bb5d-7bf5f882a67d,f4429e80-16c7-4bbc-8a86-c6ea418ce42d,4a9de3ed-fcca-4a39-a633-4e058210ddba,->,7e9b4e6e-9612-471f-bb5d-7bf5f882a67d,java/lang/StringBuilder.java,append
7e9b4e6e-9612-471f-bb5d-7bf5f882a67d,f4429e80-16c7-4bbc-8a86-c6ea418ce42d,4a9de3ed-fcca-4a39-a633-4e058210ddba,->,7e9b4e6e-9612-471f-bb5d-7bf5f882a67d,java/lang/StringBuilder.java,toString
7e9b4e6e-9612-471f-bb5d-7bf5f882a67d,f4429e80-16c7-4bbc-8a86-c6ea418ce42d,4a9de3ed-fcca-4a39-a633-4e058210ddba,->,7e9b4e6e-9612-471f-bb5d-7bf5f882a67d,ddadb3d7-cb92-488c-9529-5233bfbf43f6,82cd6e0a-a5dd-433c-974c-f28459285395
7e9b4e6e-9612-471f-bb5d-7bf5f882a67d,f4429e80-16c7-4bbc-8a86-c6ea418ce42d,df36af3d-2fb7-4073-b830-4f8f23e12986,->,7e9b4e6e-9612-471f-bb5d-7bf5f882a67d,pober/artipers/service/objects/MemoryLink.java,getId
7e9b4e6e-9612-471f-bb5d-7bf5f882a67d,f4429e80-16c7-4bbc-8a86-c6ea418ce42d,df36af3d-2fb7-4073-b830-4f8f23e12986,->,7e9b4e6e-9612-471f-bb5d-7bf5f882a67d,ddadb3d7-cb92-488c-9529-5233bfbf43f6,40d987ca-5972-4786-b127-214ad6725b35
7e9b4e6e-9612-471f-bb5d-7bf5f882a67d,f4429e80-16c7-4bbc-8a86-c6ea418ce42d,df36af3d-2fb7-4073-b830-4f8f23e12986,->,7e9b4e6e-9612-471f-bb5d-7bf5f882a67d,ddadb3d7-cb92-488c-9529-5233bfbf43f6,47df8eaf-6489-4b0a-80c4-7c7594047f8c
7e9b4e6e-9612-471f-bb5d-7bf5f882a67d,f4429e80-16c7-4bbc-8a86-c6ea418ce42d,df36af3d-2fb7-4073-b830-4f8f23e12986,->,7e9b4e6e-9612-471f-bb5d-7bf5f882a67d,8ed9fd7a-318d-4ba4-a8bf-9043c05dbe43,2e386b80-e350-4b49-9553-482ea000ef52
7e9b4e6e-9612-471f-bb5d-7bf5f882a67d,f4429e80-16c7-4bbc-8a86-c6ea418ce42d,df36af3d-2fb7-4073-b830-4f8f23e12986,->,7e9b4e6e-9612-471f-bb5d-7bf5f882a67d,java/util/List.java,iterator
7e9b4e6e-9612-471f-bb5d-7bf5f882a67d,f4429e80-16c7-4bbc-8a86-c6ea418ce42d,df36af3d-2fb7-4073-b830-4f8f23e12986,->,7e9b4e6e-9612-471f-bb5d-7bf5f882a67d,java/util/Iterator.java,hasNext
7e9b4e6e-9612-471f-bb5d-7bf5f882a67d,f4429e80-16c7-4bbc-8a86-c6ea418ce42d,df36af3d-2fb7-4073-b830-4f8f23e12986,->,7e9b4e6e-9612-471f-bb5d-7bf5f882a67d,java/util/Iterator.java,next
7e9b4e6e-9612-471f-bb5d-7bf5f882a67d,f4429e80-16c7-4bbc-8a86-c6ea418ce42d,df36af3d-2fb7-4073-b830-4f8f23e12986,->,7e9b4e6e-9612-471f-bb5d-7bf5f882a67d,ddadb3d7-cb92-488c-9529-5233bfbf43f6,7edc10b3-57d4-43f0-a50b-79dba92e9c99
7e9b4e6e-9612-471f-bb5d-7bf5f882a67d,f4429e80-16c7-4bbc-8a86-c6ea418ce42d,df36af3d-2fb7-4073-b830-4f8f23e12986,->,7e9b4e6e-9612-471f-bb5d-7bf5f882a67d,07702857-6ca2-47a2-8b8b-643fe42e45f6,cd47c525-6604-4e91-8475-99943a011287
7e9b4e6e-9612-471f-bb5d-7bf5f882a67d,f4429e80-16c7-4bbc-8a86-c6ea418ce42d,df36af3d-2fb7-4073-b830-4f8f23e12986,->,7e9b4e6e-9612-471f-bb5d-7bf5f882a67d,ddadb3d7-cb92-488c-9529-5233bfbf43f6,1c754f06-3752-46c1-9dd7-7aa7076351bf
7e9b4e6e-9612-471f-bb5d-7bf5f882a67d,f4429e80-16c7-4bbc-8a86-c6ea418ce42d,df36af3d-2fb7-4073-b830-4f8f23e12986,->,7e9b4e6e-9612-471f-bb5d-7bf5f882a67d,ddadb3d7-cb92-488c-9529-5233bfbf43f6,16427067-f9f8-4f77-97f4-3de3be6f5c11
7e9b4e6e-9612-471f-bb5d-7bf5f882a67d,f4429e80-16c7-4bbc-8a86-c6ea418ce42d,df36af3d-2fb7-4073-b830-4f8f23e12986,->,7e9b4e6e-9612-471f-bb5d-7bf5f882a67d,java/util/List.java,size
7e9b4e6e-9612-471f-bb5d-7bf5f882a67d,f4429e80-16c7-4bbc-8a86-c6ea418ce42d,df36af3d-2fb7-4073-b830-4f8f23e12986,->,7e9b4e6e-9612-471f-bb5d-7bf5f882a67d,java/util/List.java,get
7e9b4e6e-9612-471f-bb5d-7bf5f882a67d,f4429e80-16c7-4bbc-8a86-c6ea418ce42d,df36af3d-2fb7-4073-b830-4f8f23e12986,->,7e9b4e6e-9612-471f-bb5d-7bf5f882a67d,java/util/List.java,get
7e9b4e6e-9612-471f-bb5d-7bf5f882a67d,f4429e80-16c7-4bbc-8a86-c6ea418ce42d,df36af3d-2fb7-4073-b830-4f8f23e12986,->,7e9b4e6e-9612-471f-bb5d-7bf5f882a67d,8ed9fd7a-318d-4ba4-a8bf-9043c05dbe43,2e386b80-e350-4b49-9553-482ea000ef52
7e9b4e6e-9612-471f-bb5d-7bf5f882a67d,f4429e80-16c7-4bbc-8a86-c6ea418ce42d,df36af3d-2fb7-4073-b830-4f8f23e12986,->,7e9b4e6e-9612-471f-bb5d-7bf5f882a67d,java/util/List.java,iterator
7e9b4e6e-9612-471f-bb5d-7bf5f882a67d,f4429e80-16c7-4bbc-8a86-c6ea418ce42d,df36af3d-2fb7-4073-b830-4f8f23e12986,->,7e9b4e6e-9612-471f-bb5d-7bf5f882a67d,java/util/Iterator.java,hasNext
7e9b4e6e-9612-471f-bb5d-7bf5f882a67d,f4429e80-16c7-4bbc-8a86-c6ea418ce42d,df36af3d-2fb7-4073-b830-4f8f23e12986,->,7e9b4e6e-9612-471f-bb5d-7bf5f882a67d,java/util/Iterator.java,next
7e9b4e6e-9612-471f-bb5d-7bf5f882a67d,f4429e80-16c7-4bbc-8a86-c6ea418ce42d,df36af3d-2fb7-4073-b830-4f8f23e12986,->,7e9b4e6e-9612-471f-bb5d-7bf5f882a67d,f4429e80-16c7-4bbc-8a86-c6ea418ce42d,69703371-46e8-4449-9309-fb8b9e22229a
7e9b4e6e-9612-471f-bb5d-7bf5f882a67d,f4429e80-16c7-4bbc-8a86-c6ea418ce42d,df36af3d-2fb7-4073-b830-4f8f23e12986,->,7e9b4e6e-9612-471f-bb5d-7bf5f882a67d,f4429e80-16c7-4bbc-8a86-c6ea418ce42d,69703371-46e8-4449-9309-fb8b9e22229a
7e9b4e6e-9612-471f-bb5d-7bf5f882a67d,f4429e80-16c7-4bbc-8a86-c6ea418ce42d,df36af3d-2fb7-4073-b830-4f8f23e12986,->,7e9b4e6e-9612-471f-bb5d-7bf5f882a67d,ddadb3d7-cb92-488c-9529-5233bfbf43f6,296036fc-c6cb-4547-a49e-f4907ad7d354
7e9b4e6e-9612-471f-bb5d-7bf5f882a67d,f4429e80-16c7-4bbc-8a86-c6ea418ce42d,df36af3d-2fb7-4073-b830-4f8f23e12986,->,7e9b4e6e-9612-471f-bb5d-7bf5f882a67d,ddadb3d7-cb92-488c-9529-5233bfbf43f6,d0811182-61f2-4a4c-9afe-0c08aecf77e1
7e9b4e6e-9612-471f-bb5d-7bf5f882a67d,f4429e80-16c7-4bbc-8a86-c6ea418ce42d,69703371-46e8-4449-9309-fb8b9e22229a,->,7e9b4e6e-9612-471f-bb5d-7bf5f882a67d,07702857-6ca2-47a2-8b8b-643fe42e45f6,cd47c525-6604-4e91-8475-99943a011287
7e9b4e6e-9612-471f-bb5d-7bf5f882a67d,f4429e80-16c7-4bbc-8a86-c6ea418ce42d,69703371-46e8-4449-9309-fb8b9e22229a,->,7e9b4e6e-9612-471f-bb5d-7bf5f882a67d,ddadb3d7-cb92-488c-9529-5233bfbf43f6,1c754f06-3752-46c1-9dd7-7aa7076351bf
7e9b4e6e-9612-471f-bb5d-7bf5f882a67d,f4429e80-16c7-4bbc-8a86-c6ea418ce42d,69703371-46e8-4449-9309-fb8b9e22229a,->,7e9b4e6e-9612-471f-bb5d-7bf5f882a67d,ddadb3d7-cb92-488c-9529-5233bfbf43f6,7edc10b3-57d4-43f0-a50b-79dba92e9c99
7e9b4e6e-9612-471f-bb5d-7bf5f882a67d,f4429e80-16c7-4bbc-8a86-c6ea418ce42d,69703371-46e8-4449-9309-fb8b9e22229a,->,7e9b4e6e-9612-471f-bb5d-7bf5f882a67d,8ed9fd7a-318d-4ba4-a8bf-9043c05dbe43,2e386b80-e350-4b49-9553-482ea000ef52
7e9b4e6e-9612-471f-bb5d-7bf5f882a67d,f4429e80-16c7-4bbc-8a86-c6ea418ce42d,69703371-46e8-4449-9309-fb8b9e22229a,->,7e9b4e6e-9612-471f-bb5d-7bf5f882a67d,java/util/List.java,iterator
7e9b4e6e-9612-471f-bb5d-7bf5f882a67d,f4429e80-16c7-4bbc-8a86-c6ea418ce42d,69703371-46e8-4449-9309-fb8b9e22229a,->,7e9b4e6e-9612-471f-bb5d-7bf5f882a67d,java/util/Iterator.java,hasNext
7e9b4e6e-9612-471f-bb5d-7bf5f882a67d,f4429e80-16c7-4bbc-8a86-c6ea418ce42d,69703371-46e8-4449-9309-fb8b9e22229a,->,7e9b4e6e-9612-471f-bb5d-7bf5f882a67d,java/util/Iterator.java,next
7e9b4e6e-9612-471f-bb5d-7bf5f882a67d,f4429e80-16c7-4bbc-8a86-c6ea418ce42d,69703371-46e8-4449-9309-fb8b9e22229a,->,7e9b4e6e-9612-471f-bb5d-7bf5f882a67d,07702857-6ca2-47a2-8b8b-643fe42e45f6,cd47c525-6604-4e91-8475-99943a011287
7e9b4e6e-9612-471f-bb5d-7bf5f882a67d,f4429e80-16c7-4bbc-8a86-c6ea418ce42d,69703371-46e8-4449-9309-fb8b9e22229a,->,7e9b4e6e-9612-471f-bb5d-7bf5f882a67d,ddadb3d7-cb92-488c-9529-5233bfbf43f6,1c754f06-3752-46c1-9dd7-7aa7076351bf
7e9b4e6e-9612-471f-bb5d-7bf5f882a67d,f4429e80-16c7-4bbc-8a86-c6ea418ce42d,69703371-46e8-4449-9309-fb8b9e22229a,->,7e9b4e6e-9612-471f-bb5d-7bf5f882a67d,ddadb3d7-cb92-488c-9529-5233bfbf43f6,16427067-f9f8-4f77-97f4-3de3be6f5c11
7e9b4e6e-9612-471f-bb5d-7bf5f882a67d,f4429e80-16c7-4bbc-8a86-c6ea418ce42d,69703371-46e8-4449-9309-fb8b9e22229a,->,7e9b4e6e-9612-471f-bb5d-7bf5f882a67d,07702857-6ca2-47a2-8b8b-643fe42e45f6,cd47c525-6604-4e91-8475-99943a011287
7e9b4e6e-9612-471f-bb5d-7bf5f882a67d,f4429e80-16c7-4bbc-8a86-c6ea418ce42d,69703371-46e8-4449-9309-fb8b9e22229a,->,7e9b4e6e-9612-471f-bb5d-7bf5f882a67d,ddadb3d7-cb92-488c-9529-5233bfbf43f6,1c754f06-3752-46c1-9dd7-7aa7076351bf
7e9b4e6e-9612-471f-bb5d-7bf5f882a67d,f4429e80-16c7-4bbc-8a86-c6ea418ce42d,69703371-46e8-4449-9309-fb8b9e22229a,->,7e9b4e6e-9612-471f-bb5d-7bf5f882a67d,ddadb3d7-cb92-488c-9529-5233bfbf43f6,16427067-f9f8-4f77-97f4-3de3be6f5c11
7e9b4e6e-9612-471f-bb5d-7bf5f882a67d,f4429e80-16c7-4bbc-8a86-c6ea418ce42d,0ad87d94-73c7-426d-aba6-7363a874b2a1,->,7e9b4e6e-9612-471f-bb5d-7bf5f882a67d,pober/artipers/service/objects/MemoryLink.java,getId
7e9b4e6e-9612-471f-bb5d-7bf5f882a67d,f4429e80-16c7-4bbc-8a86-c6ea418ce42d,0ad87d94-73c7-426d-aba6-7363a874b2a1,->,7e9b4e6e-9612-471f-bb5d-7bf5f882a67d,ddadb3d7-cb92-488c-9529-5233bfbf43f6,40d987ca-5972-4786-b127-214ad6725b35
7e9b4e6e-9612-471f-bb5d-7bf5f882a67d,f4429e80-16c7-4bbc-8a86-c6ea418ce42d,0ad87d94-73c7-426d-aba6-7363a874b2a1,->,7e9b4e6e-9612-471f-bb5d-7bf5f882a67d,ddadb3d7-cb92-488c-9529-5233bfbf43f6,47df8eaf-6489-4b0a-80c4-7c7594047f8c
7e9b4e6e-9612-471f-bb5d-7bf5f882a67d,f4429e80-16c7-4bbc-8a86-c6ea418ce42d,0ad87d94-73c7-426d-aba6-7363a874b2a1,->,7e9b4e6e-9612-471f-bb5d-7bf5f882a67d,8ed9fd7a-318d-4ba4-a8bf-9043c05dbe43,2e386b80-e350-4b49-9553-482ea000ef52
7e9b4e6e-9612-471f-bb5d-7bf5f882a67d,f4429e80-16c7-4bbc-8a86-c6ea418ce42d,0ad87d94-73c7-426d-aba6-7363a874b2a1,->,7e9b4e6e-9612-471f-bb5d-7bf5f882a67d,java/util/List.java,iterator
7e9b4e6e-9612-471f-bb5d-7bf5f882a67d,f4429e80-16c7-4bbc-8a86-c6ea418ce42d,0ad87d94-73c7-426d-aba6-7363a874b2a1,->,7e9b4e6e-9612-471f-bb5d-7bf5f882a67d,java/util/Iterator.java,hasNext
7e9b4e6e-9612-471f-bb5d-7bf5f882a67d,f4429e80-16c7-4bbc-8a86-c6ea418ce42d,0ad87d94-73c7-426d-aba6-7363a874b2a1,->,7e9b4e6e-9612-471f-bb5d-7bf5f882a67d,java/util/Iterator.java,next
7e9b4e6e-9612-471f-bb5d-7bf5f882a67d,f4429e80-16c7-4bbc-8a86-c6ea418ce42d,0ad87d94-73c7-426d-aba6-7363a874b2a1,->,7e9b4e6e-9612-471f-bb5d-7bf5f882a67d,ddadb3d7-cb92-488c-9529-5233bfbf43f6,7edc10b3-57d4-43f0-a50b-79dba92e9c99
7e9b4e6e-9612-471f-bb5d-7bf5f882a67d,f4429e80-16c7-4bbc-8a86-c6ea418ce42d,0ad87d94-73c7-426d-aba6-7363a874b2a1,->,7e9b4e6e-9612-471f-bb5d-7bf5f882a67d,07702857-6ca2-47a2-8b8b-643fe42e45f6,cd47c525-6604-4e91-8475-99943a011287
7e9b4e6e-9612-471f-bb5d-7bf5f882a67d,f4429e80-16c7-4bbc-8a86-c6ea418ce42d,0ad87d94-73c7-426d-aba6-7363a874b2a1,->,7e9b4e6e-9612-471f-bb5d-7bf5f882a67d,ddadb3d7-cb92-488c-9529-5233bfbf43f6,1c754f06-3752-46c1-9dd7-7aa7076351bf
7e9b4e6e-9612-471f-bb5d-7bf5f882a67d,f4429e80-16c7-4bbc-8a86-c6ea418ce42d,0ad87d94-73c7-426d-aba6-7363a874b2a1,->,7e9b4e6e-9612-471f-bb5d-7bf5f882a67d,ddadb3d7-cb92-488c-9529-5233bfbf43f6,16427067-f9f8-4f77-97f4-3de3be6f5c11
7e9b4e6e-9612-471f-bb5d-7bf5f882a67d,f4429e80-16c7-4bbc-8a86-c6ea418ce42d,0ad87d94-73c7-426d-aba6-7363a874b2a1,->,7e9b4e6e-9612-471f-bb5d-7bf5f882a67d,java/util/List.java,size
7e9b4e6e-9612-471f-bb5d-7bf5f882a67d,f4429e80-16c7-4bbc-8a86-c6ea418ce42d,0ad87d94-73c7-426d-aba6-7363a874b2a1,->,7e9b4e6e-9612-471f-bb5d-7bf5f882a67d,java/util/List.java,get
7e9b4e6e-9612-471f-bb5d-7bf5f882a67d,f4429e80-16c7-4bbc-8a86-c6ea418ce42d,0ad87d94-73c7-426d-aba6-7363a874b2a1,->,7e9b4e6e-9612-471f-bb5d-7bf5f882a67d,java/util/List.java,get
7e9b4e6e-9612-471f-bb5d-7bf5f882a67d,f4429e80-16c7-4bbc-8a86-c6ea418ce42d,0ad87d94-73c7-426d-aba6-7363a874b2a1,->,7e9b4e6e-9612-471f-bb5d-7bf5f882a67d,8ed9fd7a-318d-4ba4-a8bf-9043c05dbe43,2e386b80-e350-4b49-9553-482ea000ef52
7e9b4e6e-9612-471f-bb5d-7bf5f882a67d,f4429e80-16c7-4bbc-8a86-c6ea418ce42d,0ad87d94-73c7-426d-aba6-7363a874b2a1,->,7e9b4e6e-9612-471f-bb5d-7bf5f882a67d,java/util/List.java,iterator
7e9b4e6e-9612-471f-bb5d-7bf5f882a67d,f4429e80-16c7-4bbc-8a86-c6ea418ce42d,0ad87d94-73c7-426d-aba6-7363a874b2a1,->,7e9b4e6e-9612-471f-bb5d-7bf5f882a67d,java/util/Iterator.java,hasNext
7e9b4e6e-9612-471f-bb5d-7bf5f882a67d,f4429e80-16c7-4bbc-8a86-c6ea418ce42d,0ad87d94-73c7-426d-aba6-7363a874b2a1,->,7e9b4e6e-9612-471f-bb5d-7bf5f882a67d,java/util/Iterator.java,next
7e9b4e6e-9612-471f-bb5d-7bf5f882a67d,f4429e80-16c7-4bbc-8a86-c6ea418ce42d,0ad87d94-73c7-426d-aba6-7363a874b2a1,->,7e9b4e6e-9612-471f-bb5d-7bf5f882a67d,f4429e80-16c7-4bbc-8a86-c6ea418ce42d,2465b64b-f4e9-48ac-aca5-abe7b70e1316
7e9b4e6e-9612-471f-bb5d-7bf5f882a67d,f4429e80-16c7-4bbc-8a86-c6ea418ce42d,0ad87d94-73c7-426d-aba6-7363a874b2a1,->,7e9b4e6e-9612-471f-bb5d-7bf5f882a67d,f4429e80-16c7-4bbc-8a86-c6ea418ce42d,2465b64b-f4e9-48ac-aca5-abe7b70e1316
7e9b4e6e-9612-471f-bb5d-7bf5f882a67d,f4429e80-16c7-4bbc-8a86-c6ea418ce42d,0ad87d94-73c7-426d-aba6-7363a874b2a1,->,7e9b4e6e-9612-471f-bb5d-7bf5f882a67d,ddadb3d7-cb92-488c-9529-5233bfbf43f6,296036fc-c6cb-4547-a49e-f4907ad7d354
7e9b4e6e-9612-471f-bb5d-7bf5f882a67d,f4429e80-16c7-4bbc-8a86-c6ea418ce42d,0ad87d94-73c7-426d-aba6-7363a874b2a1,->,7e9b4e6e-9612-471f-bb5d-7bf5f882a67d,ddadb3d7-cb92-488c-9529-5233bfbf43f6,d0811182-61f2-4a4c-9afe-0c08aecf77e1
7e9b4e6e-9612-471f-bb5d-7bf5f882a67d,f4429e80-16c7-4bbc-8a86-c6ea418ce42d,2465b64b-f4e9-48ac-aca5-abe7b70e1316,->,7e9b4e6e-9612-471f-bb5d-7bf5f882a67d,07702857-6ca2-47a2-8b8b-643fe42e45f6,cd47c525-6604-4e91-8475-99943a011287
7e9b4e6e-9612-471f-bb5d-7bf5f882a67d,f4429e80-16c7-4bbc-8a86-c6ea418ce42d,2465b64b-f4e9-48ac-aca5-abe7b70e1316,->,7e9b4e6e-9612-471f-bb5d-7bf5f882a67d,ddadb3d7-cb92-488c-9529-5233bfbf43f6,1c754f06-3752-46c1-9dd7-7aa7076351bf
7e9b4e6e-9612-471f-bb5d-7bf5f882a67d,f4429e80-16c7-4bbc-8a86-c6ea418ce42d,2465b64b-f4e9-48ac-aca5-abe7b70e1316,->,7e9b4e6e-9612-471f-bb5d-7bf5f882a67d,ddadb3d7-cb92-488c-9529-5233bfbf43f6,7edc10b3-57d4-43f0-a50b-79dba92e9c99
7e9b4e6e-9612-471f-bb5d-7bf5f882a67d,f4429e80-16c7-4bbc-8a86-c6ea418ce42d,2465b64b-f4e9-48ac-aca5-abe7b70e1316,->,7e9b4e6e-9612-471f-bb5d-7bf5f882a67d,8ed9fd7a-318d-4ba4-a8bf-9043c05dbe43,2e386b80-e350-4b49-9553-482ea000ef52
7e9b4e6e-9612-471f-bb5d-7bf5f882a67d,f4429e80-16c7-4bbc-8a86-c6ea418ce42d,2465b64b-f4e9-48ac-aca5-abe7b70e1316,->,7e9b4e6e-9612-471f-bb5d-7bf5f882a67d,java/util/List.java,iterator
7e9b4e6e-9612-471f-bb5d-7bf5f882a67d,f4429e80-16c7-4bbc-8a86-c6ea418ce42d,2465b64b-f4e9-48ac-aca5-abe7b70e1316,->,7e9b4e6e-9612-471f-bb5d-7bf5f882a67d,java/util/Iterator.java,hasNext
7e9b4e6e-9612-471f-bb5d-7bf5f882a67d,f4429e80-16c7-4bbc-8a86-c6ea418ce42d,2465b64b-f4e9-48ac-aca5-abe7b70e1316,->,7e9b4e6e-9612-471f-bb5d-7bf5f882a67d,java/util/Iterator.java,next
7e9b4e6e-9612-471f-bb5d-7bf5f882a67d,f4429e80-16c7-4bbc-8a86-c6ea418ce42d,2465b64b-f4e9-48ac-aca5-abe7b70e1316,->,7e9b4e6e-9612-471f-bb5d-7bf5f882a67d,07702857-6ca2-47a2-8b8b-643fe42e45f6,cd47c525-6604-4e91-8475-99943a011287
7e9b4e6e-9612-471f-bb5d-7bf5f882a67d,f4429e80-16c7-4bbc-8a86-c6ea418ce42d,2465b64b-f4e9-48ac-aca5-abe7b70e1316,->,7e9b4e6e-9612-471f-bb5d-7bf5f882a67d,ddadb3d7-cb92-488c-9529-5233bfbf43f6,1c754f06-3752-46c1-9dd7-7aa7076351bf
7e9b4e6e-9612-471f-bb5d-7bf5f882a67d,f4429e80-16c7-4bbc-8a86-c6ea418ce42d,2465b64b-f4e9-48ac-aca5-abe7b70e1316,->,7e9b4e6e-9612-471f-bb5d-7bf5f882a67d,ddadb3d7-cb92-488c-9529-5233bfbf43f6,16427067-f9f8-4f77-97f4-3de3be6f5c11
7e9b4e6e-9612-471f-bb5d-7bf5f882a67d,f4429e80-16c7-4bbc-8a86-c6ea418ce42d,2465b64b-f4e9-48ac-aca5-abe7b70e1316,->,7e9b4e6e-9612-471f-bb5d-7bf5f882a67d,07702857-6ca2-47a2-8b8b-643fe42e45f6,cd47c525-6604-4e91-8475-99943a011287
7e9b4e6e-9612-471f-bb5d-7bf5f882a67d,f4429e80-16c7-4bbc-8a86-c6ea418ce42d,2465b64b-f4e9-48ac-aca5-abe7b70e1316,->,7e9b4e6e-9612-471f-bb5d-7bf5f882a67d,ddadb3d7-cb92-488c-9529-5233bfbf43f6,1c754f06-3752-46c1-9dd7-7aa7076351bf
7e9b4e6e-9612-471f-bb5d-7bf5f882a67d,f4429e80-16c7-4bbc-8a86-c6ea418ce42d,2465b64b-f4e9-48ac-aca5-abe7b70e1316,->,7e9b4e6e-9612-471f-bb5d-7bf5f882a67d,ddadb3d7-cb92-488c-9529-5233bfbf43f6,16427067-f9f8-4f77-97f4-3de3be6f5c11
7e9b4e6e-9612-471f-bb5d-7bf5f882a67d,f80c1b7c-109a-47d5-8b1b-0653b053d5cc,90b10f8a-1095-4d2c-99a9-68f32e541ba2,->,7e9b4e6e-9612-471f-bb5d-7bf5f882a67d,dc838ee9-9df8-444b-bec3-741f2cc9b62b,71a9fdc7-7f55-4932-b8a3-e05e46665768
7e9b4e6e-9612-471f-bb5d-7bf5f882a67d,f80c1b7c-109a-47d5-8b1b-0653b053d5cc,90b10f8a-1095-4d2c-99a9-68f32e541ba2,->,7e9b4e6e-9612-471f-bb5d-7bf5f882a67d,15df4330-b6c1-4a16-bcb4-1f8cd8cf6b06,00bd5c02-cca9-4dad-b571-638324fa77f0
7e9b4e6e-9612-471f-bb5d-7bf5f882a67d,f80c1b7c-109a-47d5-8b1b-0653b053d5cc,90b10f8a-1095-4d2c-99a9-68f32e541ba2,->,7e9b4e6e-9612-471f-bb5d-7bf5f882a67d,15df4330-b6c1-4a16-bcb4-1f8cd8cf6b06,d4c8bb4d-afd8-44c8-87f9-a3aef79d372d
7e9b4e6e-9612-471f-bb5d-7bf5f882a67d,f80c1b7c-109a-47d5-8b1b-0653b053d5cc,90b10f8a-1095-4d2c-99a9-68f32e541ba2,->,7e9b4e6e-9612-471f-bb5d-7bf5f882a67d,15df4330-b6c1-4a16-bcb4-1f8cd8cf6b06,78b19913-ca2d-4672-9638-e801a34e4505
7e9b4e6e-9612-471f-bb5d-7bf5f882a67d,f80c1b7c-109a-47d5-8b1b-0653b053d5cc,90b10f8a-1095-4d2c-99a9-68f32e541ba2,->,7e9b4e6e-9612-471f-bb5d-7bf5f882a67d,javax/imageio/ImageIO.java,read
7e9b4e6e-9612-471f-bb5d-7bf5f882a67d,f80c1b7c-109a-47d5-8b1b-0653b053d5cc,90b10f8a-1095-4d2c-99a9-68f32e541ba2,->,7e9b4e6e-9612-471f-bb5d-7bf5f882a67d,javax/imageio/ImageIO.java,write
7e9b4e6e-9612-471f-bb5d-7bf5f882a67d,f80c1b7c-109a-47d5-8b1b-0653b053d5cc,90b10f8a-1095-4d2c-99a9-68f32e541ba2,->,7e9b4e6e-9612-471f-bb5d-7bf5f882a67d,java/lang/StringBuilder.java,append
7e9b4e6e-9612-471f-bb5d-7bf5f882a67d,f80c1b7c-109a-47d5-8b1b-0653b053d5cc,90b10f8a-1095-4d2c-99a9-68f32e541ba2,->,7e9b4e6e-9612-471f-bb5d-7bf5f882a67d,java/lang/StringBuilder.java,append
7e9b4e6e-9612-471f-bb5d-7bf5f882a67d,f80c1b7c-109a-47d5-8b1b-0653b053d5cc,90b10f8a-1095-4d2c-99a9-68f32e541ba2,->,7e9b4e6e-9612-471f-bb5d-7bf5f882a67d,java/lang/StringBuilder.java,toString
7e9b4e6e-9612-471f-bb5d-7bf5f882a67d,f80c1b7c-109a-47d5-8b1b-0653b053d5cc,90b10f8a-1095-4d2c-99a9-68f32e541ba2,->,7e9b4e6e-9612-471f-bb5d-7bf5f882a67d,pober/artipers/service/objects/ImageNode.java,savePattern
7e9b4e6e-9612-471f-bb5d-7bf5f882a67d,dc838ee9-9df8-444b-bec3-741f2cc9b62b,71a9fdc7-7f55-4932-b8a3-e05e46665768,->,7e9b4e6e-9612-471f-bb5d-7bf5f882a67d,java/io/File.java,exists
7e9b4e6e-9612-471f-bb5d-7bf5f882a67d,dc838ee9-9df8-444b-bec3-741f2cc9b62b,71a9fdc7-7f55-4932-b8a3-e05e46665768,->,7e9b4e6e-9612-471f-bb5d-7bf5f882a67d,java/io/File.java,mkdir
7e9b4e6e-9612-471f-bb5d-7bf5f882a67d,dc838ee9-9df8-444b-bec3-741f2cc9b62b,71a9fdc7-7f55-4932-b8a3-e05e46665768,->,7e9b4e6e-9612-471f-bb5d-7bf5f882a67d,java/lang/StringBuilder.java,append
7e9b4e6e-9612-471f-bb5d-7bf5f882a67d,dc838ee9-9df8-444b-bec3-741f2cc9b62b,71a9fdc7-7f55-4932-b8a3-e05e46665768,->,7e9b4e6e-9612-471f-bb5d-7bf5f882a67d,java/lang/StringBuilder.java,append
7e9b4e6e-9612-471f-bb5d-7bf5f882a67d,dc838ee9-9df8-444b-bec3-741f2cc9b62b,71a9fdc7-7f55-4932-b8a3-e05e46665768,->,7e9b4e6e-9612-471f-bb5d-7bf5f882a67d,java/lang/StringBuilder.java,toString
7e9b4e6e-9612-471f-bb5d-7bf5f882a67d,dc838ee9-9df8-444b-bec3-741f2cc9b62b,c90b84a9-f039-482c-8eea-e7b93b868bc3,->,7e9b4e6e-9612-471f-bb5d-7bf5f882a67d,double.java,clone
7e9b4e6e-9612-471f-bb5d-7bf5f882a67d,dc838ee9-9df8-444b-bec3-741f2cc9b62b,8ff4290f-8cea-44e1-a33f-00c48bd53c52,->,7e9b4e6e-9612-471f-bb5d-7bf5f882a67d,java/lang/Math.java,pow
7e9b4e6e-9612-471f-bb5d-7bf5f882a67d,dc838ee9-9df8-444b-bec3-741f2cc9b62b,8ff4290f-8cea-44e1-a33f-00c48bd53c52,->,7e9b4e6e-9612-471f-bb5d-7bf5f882a67d,java/lang/Math.java,pow
7e9b4e6e-9612-471f-bb5d-7bf5f882a67d,dc838ee9-9df8-444b-bec3-741f2cc9b62b,8ff4290f-8cea-44e1-a33f-00c48bd53c52,->,7e9b4e6e-9612-471f-bb5d-7bf5f882a67d,java/lang/Math.java,sqrt
7e9b4e6e-9612-471f-bb5d-7bf5f882a67d,dc838ee9-9df8-444b-bec3-741f2cc9b62b,8ff4290f-8cea-44e1-a33f-00c48bd53c52,->,7e9b4e6e-9612-471f-bb5d-7bf5f882a67d,dc838ee9-9df8-444b-bec3-741f2cc9b62b,16abfcf2-9f96-4324-b816-815033f9f0ad
7e9b4e6e-9612-471f-bb5d-7bf5f882a67d,dc838ee9-9df8-444b-bec3-741f2cc9b62b,16abfcf2-9f96-4324-b816-815033f9f0ad,->,7e9b4e6e-9612-471f-bb5d-7bf5f882a67d,java/io/ObjectOutputStream.java,writeObject
7e9b4e6e-9612-471f-bb5d-7bf5f882a67d,dc838ee9-9df8-444b-bec3-741f2cc9b62b,16abfcf2-9f96-4324-b816-815033f9f0ad,->,7e9b4e6e-9612-471f-bb5d-7bf5f882a67d,java/io/ObjectOutputStream.java,flush
7e9b4e6e-9612-471f-bb5d-7bf5f882a67d,dc838ee9-9df8-444b-bec3-741f2cc9b62b,16abfcf2-9f96-4324-b816-815033f9f0ad,->,7e9b4e6e-9612-471f-bb5d-7bf5f882a67d,java/io/ObjectOutputStream.java,close
7e9b4e6e-9612-471f-bb5d-7bf5f882a67d,dc838ee9-9df8-444b-bec3-741f2cc9b62b,16abfcf2-9f96-4324-b816-815033f9f0ad,->,7e9b4e6e-9612-471f-bb5d-7bf5f882a67d,java/lang/Throwable.java,addSuppressed
7e9b4e6e-9612-471f-bb5d-7bf5f882a67d,dc838ee9-9df8-444b-bec3-741f2cc9b62b,16abfcf2-9f96-4324-b816-815033f9f0ad,->,7e9b4e6e-9612-471f-bb5d-7bf5f882a67d,java/io/ObjectOutputStream.java,close
7e9b4e6e-9612-471f-bb5d-7bf5f882a67d,dc838ee9-9df8-444b-bec3-741f2cc9b62b,16abfcf2-9f96-4324-b816-815033f9f0ad,->,7e9b4e6e-9612-471f-bb5d-7bf5f882a67d,java/io/ObjectOutputStream.java,close
7e9b4e6e-9612-471f-bb5d-7bf5f882a67d,dc838ee9-9df8-444b-bec3-741f2cc9b62b,16abfcf2-9f96-4324-b816-815033f9f0ad,->,7e9b4e6e-9612-471f-bb5d-7bf5f882a67d,java/lang/Throwable.java,addSuppressed
7e9b4e6e-9612-471f-bb5d-7bf5f882a67d,dc838ee9-9df8-444b-bec3-741f2cc9b62b,16abfcf2-9f96-4324-b816-815033f9f0ad,->,7e9b4e6e-9612-471f-bb5d-7bf5f882a67d,java/io/ObjectOutputStream.java,close
7e9b4e6e-9612-471f-bb5d-7bf5f882a67d,dc838ee9-9df8-444b-bec3-741f2cc9b62b,16abfcf2-9f96-4324-b816-815033f9f0ad,->,7e9b4e6e-9612-471f-bb5d-7bf5f882a67d,java/io/FileOutputStream.java,close
7e9b4e6e-9612-471f-bb5d-7bf5f882a67d,dc838ee9-9df8-444b-bec3-741f2cc9b62b,16abfcf2-9f96-4324-b816-815033f9f0ad,->,7e9b4e6e-9612-471f-bb5d-7bf5f882a67d,java/lang/Throwable.java,addSuppressed
7e9b4e6e-9612-471f-bb5d-7bf5f882a67d,dc838ee9-9df8-444b-bec3-741f2cc9b62b,16abfcf2-9f96-4324-b816-815033f9f0ad,->,7e9b4e6e-9612-471f-bb5d-7bf5f882a67d,java/io/FileOutputStream.java,close
7e9b4e6e-9612-471f-bb5d-7bf5f882a67d,dc838ee9-9df8-444b-bec3-741f2cc9b62b,16abfcf2-9f96-4324-b816-815033f9f0ad,->,7e9b4e6e-9612-471f-bb5d-7bf5f882a67d,java/io/FileOutputStream.java,close
7e9b4e6e-9612-471f-bb5d-7bf5f882a67d,dc838ee9-9df8-444b-bec3-741f2cc9b62b,16abfcf2-9f96-4324-b816-815033f9f0ad,->,7e9b4e6e-9612-471f-bb5d-7bf5f882a67d,java/lang/Throwable.java,addSuppressed
7e9b4e6e-9612-471f-bb5d-7bf5f882a67d,dc838ee9-9df8-444b-bec3-741f2cc9b62b,16abfcf2-9f96-4324-b816-815033f9f0ad,->,7e9b4e6e-9612-471f-bb5d-7bf5f882a67d,java/io/FileOutputStream.java,close
7e9b4e6e-9612-471f-bb5d-7bf5f882a67d,15df4330-b6c1-4a16-bcb4-1f8cd8cf6b06,f0d35eed-58ec-4aa9-b030-2a6e1bce4d3f,->,7e9b4e6e-9612-471f-bb5d-7bf5f882a67d,javax/sound/sampled/AudioSystem.java,getAudioInputStream
7e9b4e6e-9612-471f-bb5d-7bf5f882a67d,15df4330-b6c1-4a16-bcb4-1f8cd8cf6b06,f0d35eed-58ec-4aa9-b030-2a6e1bce4d3f,->,7e9b4e6e-9612-471f-bb5d-7bf5f882a67d,javax/sound/sampled/AudioInputStream.java,getFrameLength
7e9b4e6e-9612-471f-bb5d-7bf5f882a67d,15df4330-b6c1-4a16-bcb4-1f8cd8cf6b06,f0d35eed-58ec-4aa9-b030-2a6e1bce4d3f,->,7e9b4e6e-9612-471f-bb5d-7bf5f882a67d,javax/sound/sampled/AudioInputStream.java,read
7e9b4e6e-9612-471f-bb5d-7bf5f882a67d,15df4330-b6c1-4a16-bcb4-1f8cd8cf6b06,f0d35eed-58ec-4aa9-b030-2a6e1bce4d3f,->,7e9b4e6e-9612-471f-bb5d-7bf5f882a67d,java/lang/Math.java,abs
7e9b4e6e-9612-471f-bb5d-7bf5f882a67d,15df4330-b6c1-4a16-bcb4-1f8cd8cf6b06,f0d35eed-58ec-4aa9-b030-2a6e1bce4d3f,->,7e9b4e6e-9612-471f-bb5d-7bf5f882a67d,java/lang/Math.java,abs
7e9b4e6e-9612-471f-bb5d-7bf5f882a67d,15df4330-b6c1-4a16-bcb4-1f8cd8cf6b06,09aa2db0-d15d-4ff2-811b-27ec3af016ec,->,7e9b4e6e-9612-471f-bb5d-7bf5f882a67d,java/awt/image/BufferedImage.java,getGraphics
7e9b4e6e-9612-471f-bb5d-7bf5f882a67d,15df4330-b6c1-4a16-bcb4-1f8cd8cf6b06,09aa2db0-d15d-4ff2-811b-27ec3af016ec,->,7e9b4e6e-9612-471f-bb5d-7bf5f882a67d,java/awt/Graphics.java,setColor
7e9b4e6e-9612-471f-bb5d-7bf5f882a67d,15df4330-b6c1-4a16-bcb4-1f8cd8cf6b06,09aa2db0-d15d-4ff2-811b-27ec3af016ec,->,7e9b4e6e-9612-471f-bb5d-7bf5f882a67d,java/awt/Graphics.java,fillRect
7e9b4e6e-9612-471f-bb5d-7bf5f882a67d,15df4330-b6c1-4a16-bcb4-1f8cd8cf6b06,09aa2db0-d15d-4ff2-811b-27ec3af016ec,->,7e9b4e6e-9612-471f-bb5d-7bf5f882a67d,java/lang/Math.java,ceil
7e9b4e6e-9612-471f-bb5d-7bf5f882a67d,15df4330-b6c1-4a16-bcb4-1f8cd8cf6b06,09aa2db0-d15d-4ff2-811b-27ec3af016ec,->,7e9b4e6e-9612-471f-bb5d-7bf5f882a67d,java/lang/Math.java,abs
7e9b4e6e-9612-471f-bb5d-7bf5f882a67d,15df4330-b6c1-4a16-bcb4-1f8cd8cf6b06,09aa2db0-d15d-4ff2-811b-27ec3af016ec,->,7e9b4e6e-9612-471f-bb5d-7bf5f882a67d,java/lang/Math.java,sqrt
7e9b4e6e-9612-471f-bb5d-7bf5f882a67d,15df4330-b6c1-4a16-bcb4-1f8cd8cf6b06,09aa2db0-d15d-4ff2-811b-27ec3af016ec,->,7e9b4e6e-9612-471f-bb5d-7bf5f882a67d,java/awt/Graphics2D.java,setRenderingHint
7e9b4e6e-9612-471f-bb5d-7bf5f882a67d,15df4330-b6c1-4a16-bcb4-1f8cd8cf6b06,09aa2db0-d15d-4ff2-811b-27ec3af016ec,->,7e9b4e6e-9612-471f-bb5d-7bf5f882a67d,java/awt/Graphics.java,setColor
7e9b4e6e-9612-471f-bb5d-7bf5f882a67d,15df4330-b6c1-4a16-bcb4-1f8cd8cf6b06,09aa2db0-d15d-4ff2-811b-27ec3af016ec,->,7e9b4e6e-9612-471f-bb5d-7bf5f882a67d,java/awt/Graphics.java,drawPolyline
7e9b4e6e-9612-471f-bb5d-7bf5f882a67d,15df4330-b6c1-4a16-bcb4-1f8cd8cf6b06,09aa2db0-d15d-4ff2-811b-27ec3af016ec,->,7e9b4e6e-9612-471f-bb5d-7bf5f882a67d,java/awt/image/BufferedImage.java,getGraphics
7e9b4e6e-9612-471f-bb5d-7bf5f882a67d,15df4330-b6c1-4a16-bcb4-1f8cd8cf6b06,09aa2db0-d15d-4ff2-811b-27ec3af016ec,->,7e9b4e6e-9612-471f-bb5d-7bf5f882a67d,java/awt/Graphics2D.java,setRenderingHint
7e9b4e6e-9612-471f-bb5d-7bf5f882a67d,15df4330-b6c1-4a16-bcb4-1f8cd8cf6b06,09aa2db0-d15d-4ff2-811b-27ec3af016ec,->,7e9b4e6e-9612-471f-bb5d-7bf5f882a67d,java/awt/Graphics.java,drawImage
7e9b4e6e-9612-471f-bb5d-7bf5f882a67d,15df4330-b6c1-4a16-bcb4-1f8cd8cf6b06,00bd5c02-cca9-4dad-b571-638324fa77f0,->,7e9b4e6e-9612-471f-bb5d-7bf5f882a67d,javax/imageio/ImageIO.java,read
7e9b4e6e-9612-471f-bb5d-7bf5f882a67d,15df4330-b6c1-4a16-bcb4-1f8cd8cf6b06,00bd5c02-cca9-4dad-b571-638324fa77f0,->,7e9b4e6e-9612-471f-bb5d-7bf5f882a67d,java/awt/image/BufferedImage.java,getWidth
7e9b4e6e-9612-471f-bb5d-7bf5f882a67d,15df4330-b6c1-4a16-bcb4-1f8cd8cf6b06,00bd5c02-cca9-4dad-b571-638324fa77f0,->,7e9b4e6e-9612-471f-bb5d-7bf5f882a67d,java/awt/image/BufferedImage.java,getHeight
7e9b4e6e-9612-471f-bb5d-7bf5f882a67d,15df4330-b6c1-4a16-bcb4-1f8cd8cf6b06,00bd5c02-cca9-4dad-b571-638324fa77f0,->,7e9b4e6e-9612-471f-bb5d-7bf5f882a67d,java/awt/image/BufferedImage.java,getRGB
7e9b4e6e-9612-471f-bb5d-7bf5f882a67d,15df4330-b6c1-4a16-bcb4-1f8cd8cf6b06,00bd5c02-cca9-4dad-b571-638324fa77f0,->,7e9b4e6e-9612-471f-bb5d-7bf5f882a67d,java/lang/Math.java,abs
7e9b4e6e-9612-471f-bb5d-7bf5f882a67d,15df4330-b6c1-4a16-bcb4-1f8cd8cf6b06,00bd5c02-cca9-4dad-b571-638324fa77f0,->,7e9b4e6e-9612-471f-bb5d-7bf5f882a67d,java/lang/Math.java,abs
7e9b4e6e-9612-471f-bb5d-7bf5f882a67d,15df4330-b6c1-4a16-bcb4-1f8cd8cf6b06,78b19913-ca2d-4672-9638-e801a34e4505,->,7e9b4e6e-9612-471f-bb5d-7bf5f882a67d,15df4330-b6c1-4a16-bcb4-1f8cd8cf6b06,a03cea1f-09f5-43da-ab5a-8527d69082c0
7e9b4e6e-9612-471f-bb5d-7bf5f882a67d,15df4330-b6c1-4a16-bcb4-1f8cd8cf6b06,78b19913-ca2d-4672-9638-e801a34e4505,->,7e9b4e6e-9612-471f-bb5d-7bf5f882a67d,15df4330-b6c1-4a16-bcb4-1f8cd8cf6b06,a03cea1f-09f5-43da-ab5a-8527d69082c0
7e9b4e6e-9612-471f-bb5d-7bf5f882a67d,15df4330-b6c1-4a16-bcb4-1f8cd8cf6b06,78b19913-ca2d-4672-9638-e801a34e4505,->,7e9b4e6e-9612-471f-bb5d-7bf5f882a67d,java/util/Arrays.java,fill
7e9b4e6e-9612-471f-bb5d-7bf5f882a67d,15df4330-b6c1-4a16-bcb4-1f8cd8cf6b06,78b19913-ca2d-4672-9638-e801a34e4505,->,7e9b4e6e-9612-471f-bb5d-7bf5f882a67d,double.java,clone
7e9b4e6e-9612-471f-bb5d-7bf5f882a67d,15df4330-b6c1-4a16-bcb4-1f8cd8cf6b06,78b19913-ca2d-4672-9638-e801a34e4505,->,7e9b4e6e-9612-471f-bb5d-7bf5f882a67d,java/lang/Math.java,cos
7e9b4e6e-9612-471f-bb5d-7bf5f882a67d,15df4330-b6c1-4a16-bcb4-1f8cd8cf6b06,78b19913-ca2d-4672-9638-e801a34e4505,->,7e9b4e6e-9612-471f-bb5d-7bf5f882a67d,15df4330-b6c1-4a16-bcb4-1f8cd8cf6b06,2838cc95-824d-48ca-bee1-b6a5ea09de8d
7e9b4e6e-9612-471f-bb5d-7bf5f882a67d,15df4330-b6c1-4a16-bcb4-1f8cd8cf6b06,78b19913-ca2d-4672-9638-e801a34e4505,->,7e9b4e6e-9612-471f-bb5d-7bf5f882a67d,15df4330-b6c1-4a16-bcb4-1f8cd8cf6b06,a03cea1f-09f5-43da-ab5a-8527d69082c0
7e9b4e6e-9612-471f-bb5d-7bf5f882a67d,15df4330-b6c1-4a16-bcb4-1f8cd8cf6b06,2838cc95-824d-48ca-bee1-b6a5ea09de8d,->,7e9b4e6e-9612-471f-bb5d-7bf5f882a67d,15df4330-b6c1-4a16-bcb4-1f8cd8cf6b06,3af23d8b-21ee-4b8a-8c5c-3e11adcdc071
7e9b4e6e-9612-471f-bb5d-7bf5f882a67d,15df4330-b6c1-4a16-bcb4-1f8cd8cf6b06,2838cc95-824d-48ca-bee1-b6a5ea09de8d,->,7e9b4e6e-9612-471f-bb5d-7bf5f882a67d,java/lang/Math.java,sqrt
7e9b4e6e-9612-471f-bb5d-7bf5f882a67d,15df4330-b6c1-4a16-bcb4-1f8cd8cf6b06,2838cc95-824d-48ca-bee1-b6a5ea09de8d,->,7e9b4e6e-9612-471f-bb5d-7bf5f882a67d,java/lang/Math.java,atan
7e9b4e6e-9612-471f-bb5d-7bf5f882a67d,15df4330-b6c1-4a16-bcb4-1f8cd8cf6b06,3af23d8b-21ee-4b8a-8c5c-3e11adcdc071,->,7e9b4e6e-9612-471f-bb5d-7bf5f882a67d,java/lang/StringBuilder.java,append
7e9b4e6e-9612-471f-bb5d-7bf5f882a67d,15df4330-b6c1-4a16-bcb4-1f8cd8cf6b06,3af23d8b-21ee-4b8a-8c5c-3e11adcdc071,->,7e9b4e6e-9612-471f-bb5d-7bf5f882a67d,java/lang/StringBuilder.java,append
7e9b4e6e-9612-471f-bb5d-7bf5f882a67d,15df4330-b6c1-4a16-bcb4-1f8cd8cf6b06,3af23d8b-21ee-4b8a-8c5c-3e11adcdc071,->,7e9b4e6e-9612-471f-bb5d-7bf5f882a67d,java/lang/StringBuilder.java,append
7e9b4e6e-9612-471f-bb5d-7bf5f882a67d,15df4330-b6c1-4a16-bcb4-1f8cd8cf6b06,3af23d8b-21ee-4b8a-8c5c-3e11adcdc071,->,7e9b4e6e-9612-471f-bb5d-7bf5f882a67d,java/lang/StringBuilder.java,toString
7e9b4e6e-9612-471f-bb5d-7bf5f882a67d,15df4330-b6c1-4a16-bcb4-1f8cd8cf6b06,3af23d8b-21ee-4b8a-8c5c-3e11adcdc071,->,7e9b4e6e-9612-471f-bb5d-7bf5f882a67d,java/lang/StringBuilder.java,append
7e9b4e6e-9612-471f-bb5d-7bf5f882a67d,15df4330-b6c1-4a16-bcb4-1f8cd8cf6b06,3af23d8b-21ee-4b8a-8c5c-3e11adcdc071,->,7e9b4e6e-9612-471f-bb5d-7bf5f882a67d,java/lang/StringBuilder.java,append
7e9b4e6e-9612-471f-bb5d-7bf5f882a67d,15df4330-b6c1-4a16-bcb4-1f8cd8cf6b06,3af23d8b-21ee-4b8a-8c5c-3e11adcdc071,->,7e9b4e6e-9612-471f-bb5d-7bf5f882a67d,java/lang/StringBuilder.java,append
7e9b4e6e-9612-471f-bb5d-7bf5f882a67d,15df4330-b6c1-4a16-bcb4-1f8cd8cf6b06,3af23d8b-21ee-4b8a-8c5c-3e11adcdc071,->,7e9b4e6e-9612-471f-bb5d-7bf5f882a67d,java/lang/StringBuilder.java,append
7e9b4e6e-9612-471f-bb5d-7bf5f882a67d,15df4330-b6c1-4a16-bcb4-1f8cd8cf6b06,3af23d8b-21ee-4b8a-8c5c-3e11adcdc071,->,7e9b4e6e-9612-471f-bb5d-7bf5f882a67d,java/lang/StringBuilder.java,append
7e9b4e6e-9612-471f-bb5d-7bf5f882a67d,15df4330-b6c1-4a16-bcb4-1f8cd8cf6b06,3af23d8b-21ee-4b8a-8c5c-3e11adcdc071,->,7e9b4e6e-9612-471f-bb5d-7bf5f882a67d,java/lang/StringBuilder.java,toString
7e9b4e6e-9612-471f-bb5d-7bf5f882a67d,15df4330-b6c1-4a16-bcb4-1f8cd8cf6b06,3af23d8b-21ee-4b8a-8c5c-3e11adcdc071,->,7e9b4e6e-9612-471f-bb5d-7bf5f882a67d,java/lang/Math.java,sin
7e9b4e6e-9612-471f-bb5d-7bf5f882a67d,15df4330-b6c1-4a16-bcb4-1f8cd8cf6b06,3af23d8b-21ee-4b8a-8c5c-3e11adcdc071,->,7e9b4e6e-9612-471f-bb5d-7bf5f882a67d,java/lang/Math.java,sin
7e9b4e6e-9612-471f-bb5d-7bf5f882a67d,437256bf-c67e-440b-a018-d728ca91013c,02481337-9759-4851-9004-579274f78855,->,7e9b4e6e-9612-471f-bb5d-7bf5f882a67d,dc838ee9-9df8-444b-bec3-741f2cc9b62b,71a9fdc7-7f55-4932-b8a3-e05e46665768
7e9b4e6e-9612-471f-bb5d-7bf5f882a67d,437256bf-c67e-440b-a018-d728ca91013c,02481337-9759-4851-9004-579274f78855,->,7e9b4e6e-9612-471f-bb5d-7bf5f882a67d,15df4330-b6c1-4a16-bcb4-1f8cd8cf6b06,f0d35eed-58ec-4aa9-b030-2a6e1bce4d3f
7e9b4e6e-9612-471f-bb5d-7bf5f882a67d,437256bf-c67e-440b-a018-d728ca91013c,02481337-9759-4851-9004-579274f78855,->,7e9b4e6e-9612-471f-bb5d-7bf5f882a67d,15df4330-b6c1-4a16-bcb4-1f8cd8cf6b06,7cde651a-f3a5-4dbc-886f-e85a74893d3f
7e9b4e6e-9612-471f-bb5d-7bf5f882a67d,437256bf-c67e-440b-a018-d728ca91013c,02481337-9759-4851-9004-579274f78855,->,7e9b4e6e-9612-471f-bb5d-7bf5f882a67d,15df4330-b6c1-4a16-bcb4-1f8cd8cf6b06,78b19913-ca2d-4672-9638-e801a34e4505
7e9b4e6e-9612-471f-bb5d-7bf5f882a67d,437256bf-c67e-440b-a018-d728ca91013c,02481337-9759-4851-9004-579274f78855,->,7e9b4e6e-9612-471f-bb5d-7bf5f882a67d,15df4330-b6c1-4a16-bcb4-1f8cd8cf6b06,09aa2db0-d15d-4ff2-811b-27ec3af016ec
7e9b4e6e-9612-471f-bb5d-7bf5f882a67d,437256bf-c67e-440b-a018-d728ca91013c,02481337-9759-4851-9004-579274f78855,->,7e9b4e6e-9612-471f-bb5d-7bf5f882a67d,javax/imageio/ImageIO.java,write
7e9b4e6e-9612-471f-bb5d-7bf5f882a67d,437256bf-c67e-440b-a018-d728ca91013c,02481337-9759-4851-9004-579274f78855,->,7e9b4e6e-9612-471f-bb5d-7bf5f882a67d,java/lang/StringBuilder.java,append
7e9b4e6e-9612-471f-bb5d-7bf5f882a67d,437256bf-c67e-440b-a018-d728ca91013c,02481337-9759-4851-9004-579274f78855,->,7e9b4e6e-9612-471f-bb5d-7bf5f882a67d,java/lang/StringBuilder.java,append
7e9b4e6e-9612-471f-bb5d-7bf5f882a67d,437256bf-c67e-440b-a018-d728ca91013c,02481337-9759-4851-9004-579274f78855,->,7e9b4e6e-9612-471f-bb5d-7bf5f882a67d,java/lang/StringBuilder.java,toString
7e9b4e6e-9612-471f-bb5d-7bf5f882a67d,437256bf-c67e-440b-a018-d728ca91013c,02481337-9759-4851-9004-579274f78855,->,7e9b4e6e-9612-471f-bb5d-7bf5f882a67d,pober/artipers/service/objects/SoundNode.java,savePattern
7e9b4e6e-9612-471f-bb5d-7bf5f882a67d,fa7968d4-26a0-47b8-9649-e09a7b371d32,e5c4ee9b-19a7-499f-a205-d3eae607fa5c,->,7e9b4e6e-9612-471f-bb5d-7bf5f882a67d,006d49f0-9af7-41c4-b208-273ab1cc60d1,9ddcb124-184e-4164-937d-add132a1be6c
7e9b4e6e-9612-471f-bb5d-7bf5f882a67d,fa7968d4-26a0-47b8-9649-e09a7b371d32,e5c4ee9b-19a7-499f-a205-d3eae607fa5c,->,7e9b4e6e-9612-471f-bb5d-7bf5f882a67d,006d49f0-9af7-41c4-b208-273ab1cc60d1,d003c720-2edb-4be6-af96-a9b5273ec8fc
7e9b4e6e-9612-471f-bb5d-7bf5f882a67d,fa7968d4-26a0-47b8-9649-e09a7b371d32,e5c4ee9b-19a7-499f-a205-d3eae607fa5c,->,7e9b4e6e-9612-471f-bb5d-7bf5f882a67d,006d49f0-9af7-41c4-b208-273ab1cc60d1,9ddcb124-184e-4164-937d-add132a1be6c
7e9b4e6e-9612-471f-bb5d-7bf5f882a67d,fa7968d4-26a0-47b8-9649-e09a7b371d32,e5c4ee9b-19a7-499f-a205-d3eae607fa5c,->,7e9b4e6e-9612-471f-bb5d-7bf5f882a67d,006d49f0-9af7-41c4-b208-273ab1cc60d1,f7597641-a8cf-460d-a97c-53d8b3404c2d
7e9b4e6e-9612-471f-bb5d-7bf5f882a67d,fa7968d4-26a0-47b8-9649-e09a7b371d32,e5c4ee9b-19a7-499f-a205-d3eae607fa5c,->,7e9b4e6e-9612-471f-bb5d-7bf5f882a67d,006d49f0-9af7-41c4-b208-273ab1cc60d1,9ddcb124-184e-4164-937d-add132a1be6c
7e9b4e6e-9612-471f-bb5d-7bf5f882a67d,fa7968d4-26a0-47b8-9649-e09a7b371d32,e5c4ee9b-19a7-499f-a205-d3eae607fa5c,->,7e9b4e6e-9612-471f-bb5d-7bf5f882a67d,006d49f0-9af7-41c4-b208-273ab1cc60d1,1c5ae063-e1c1-4a10-8b17-c52bfd01c178
7e9b4e6e-9612-471f-bb5d-7bf5f882a67d,fa7968d4-26a0-47b8-9649-e09a7b371d32,1e52adb4-3fcb-44cf-82a4-7ddd7a20da87,->,7e9b4e6e-9612-471f-bb5d-7bf5f882a67d,006d49f0-9af7-41c4-b208-273ab1cc60d1,9ddcb124-184e-4164-937d-add132a1be6c
7e9b4e6e-9612-471f-bb5d-7bf5f882a67d,fa7968d4-26a0-47b8-9649-e09a7b371d32,1e52adb4-3fcb-44cf-82a4-7ddd7a20da87,->,7e9b4e6e-9612-471f-bb5d-7bf5f882a67d,006d49f0-9af7-41c4-b208-273ab1cc60d1,d003c720-2edb-4be6-af96-a9b5273ec8fc
7e9b4e6e-9612-471f-bb5d-7bf5f882a67d,fa7968d4-26a0-47b8-9649-e09a7b371d32,dcd6a19a-e633-4bdb-af7f-19f53a6903ab,->,7e9b4e6e-9612-471f-bb5d-7bf5f882a67d,006d49f0-9af7-41c4-b208-273ab1cc60d1,9ddcb124-184e-4164-937d-add132a1be6c
7e9b4e6e-9612-471f-bb5d-7bf5f882a67d,fa7968d4-26a0-47b8-9649-e09a7b371d32,dcd6a19a-e633-4bdb-af7f-19f53a6903ab,->,7e9b4e6e-9612-471f-bb5d-7bf5f882a67d,006d49f0-9af7-41c4-b208-273ab1cc60d1,d003c720-2edb-4be6-af96-a9b5273ec8fc
7e9b4e6e-9612-471f-bb5d-7bf5f882a67d,fa7968d4-26a0-47b8-9649-e09a7b371d32,ffd76688-7bad-4a98-b9cb-b86f3979d116,->,7e9b4e6e-9612-471f-bb5d-7bf5f882a67d,006d49f0-9af7-41c4-b208-273ab1cc60d1,9ddcb124-184e-4164-937d-add132a1be6c
7e9b4e6e-9612-471f-bb5d-7bf5f882a67d,fa7968d4-26a0-47b8-9649-e09a7b371d32,ffd76688-7bad-4a98-b9cb-b86f3979d116,->,7e9b4e6e-9612-471f-bb5d-7bf5f882a67d,006d49f0-9af7-41c4-b208-273ab1cc60d1,00a12321-1c46-4737-a979-f9409f63ead8
7e9b4e6e-9612-471f-bb5d-7bf5f882a67d,fa7968d4-26a0-47b8-9649-e09a7b371d32,ffd76688-7bad-4a98-b9cb-b86f3979d116,->,7e9b4e6e-9612-471f-bb5d-7bf5f882a67d,006d49f0-9af7-41c4-b208-273ab1cc60d1,9ddcb124-184e-4164-937d-add132a1be6c
7e9b4e6e-9612-471f-bb5d-7bf5f882a67d,fa7968d4-26a0-47b8-9649-e09a7b371d32,ffd76688-7bad-4a98-b9cb-b86f3979d116,->,7e9b4e6e-9612-471f-bb5d-7bf5f882a67d,006d49f0-9af7-41c4-b208-273ab1cc60d1,d003c720-2edb-4be6-af96-a9b5273ec8fc
7e9b4e6e-9612-471f-bb5d-7bf5f882a67d,fa7968d4-26a0-47b8-9649-e09a7b371d32,17fa9b9d-960e-42df-b4ec-68144d0fc193,->,7e9b4e6e-9612-471f-bb5d-7bf5f882a67d,006d49f0-9af7-41c4-b208-273ab1cc60d1,9ddcb124-184e-4164-937d-add132a1be6c
7e9b4e6e-9612-471f-bb5d-7bf5f882a67d,fa7968d4-26a0-47b8-9649-e09a7b371d32,17fa9b9d-960e-42df-b4ec-68144d0fc193,->,7e9b4e6e-9612-471f-bb5d-7bf5f882a67d,006d49f0-9af7-41c4-b208-273ab1cc60d1,557ff86a-3a5a-4019-99bb-644344ebc371
7e9b4e6e-9612-471f-bb5d-7bf5f882a67d,fa7968d4-26a0-47b8-9649-e09a7b371d32,29400a1c-120c-4224-b8af-e7cd05271eab,->,7e9b4e6e-9612-471f-bb5d-7bf5f882a67d,006d49f0-9af7-41c4-b208-273ab1cc60d1,9ddcb124-184e-4164-937d-add132a1be6c
7e9b4e6e-9612-471f-bb5d-7bf5f882a67d,fa7968d4-26a0-47b8-9649-e09a7b371d32,29400a1c-120c-4224-b8af-e7cd05271eab,->,7e9b4e6e-9612-471f-bb5d-7bf5f882a67d,006d49f0-9af7-41c4-b208-273ab1cc60d1,557ff86a-3a5a-4019-99bb-644344ebc371
7e9b4e6e-9612-471f-bb5d-7bf5f882a67d,fa7968d4-26a0-47b8-9649-e09a7b371d32,29400a1c-120c-4224-b8af-e7cd05271eab,->,7e9b4e6e-9612-471f-bb5d-7bf5f882a67d,006d49f0-9af7-41c4-b208-273ab1cc60d1,9ddcb124-184e-4164-937d-add132a1be6c
7e9b4e6e-9612-471f-bb5d-7bf5f882a67d,fa7968d4-26a0-47b8-9649-e09a7b371d32,29400a1c-120c-4224-b8af-e7cd05271eab,->,7e9b4e6e-9612-471f-bb5d-7bf5f882a67d,006d49f0-9af7-41c4-b208-273ab1cc60d1,f7597641-a8cf-460d-a97c-53d8b3404c2d
7e9b4e6e-9612-471f-bb5d-7bf5f882a67d,fa7968d4-26a0-47b8-9649-e09a7b371d32,fe3962e8-9eca-4048-aa5d-9ff89a053126,->,7e9b4e6e-9612-471f-bb5d-7bf5f882a67d,006d49f0-9af7-41c4-b208-273ab1cc60d1,9ddcb124-184e-4164-937d-add132a1be6c
7e9b4e6e-9612-471f-bb5d-7bf5f882a67d,fa7968d4-26a0-47b8-9649-e09a7b371d32,fe3962e8-9eca-4048-aa5d-9ff89a053126,->,7e9b4e6e-9612-471f-bb5d-7bf5f882a67d,006d49f0-9af7-41c4-b208-273ab1cc60d1,0be98dd9-e6e6-4211-af9b-e3bf21583e5f
7e9b4e6e-9612-471f-bb5d-7bf5f882a67d,fa7968d4-26a0-47b8-9649-e09a7b371d32,cfdce4c5-d9fe-4891-b1a6-7bd8ae90fd17,->,7e9b4e6e-9612-471f-bb5d-7bf5f882a67d,94756f21-88c6-4938-ae54-c91cd3d598c6,af6be5dc-c65f-46d7-83bb-d65608ab9998
7e9b4e6e-9612-471f-bb5d-7bf5f882a67d,fa7968d4-26a0-47b8-9649-e09a7b371d32,e995b6d7-778d-4d70-bde7-37c7d33105a2,->,7e9b4e6e-9612-471f-bb5d-7bf5f882a67d,94756f21-88c6-4938-ae54-c91cd3d598c6,fb90d526-ca4f-4de7-812e-295eee167bef
7e9b4e6e-9612-471f-bb5d-7bf5f882a67d,fa7968d4-26a0-47b8-9649-e09a7b371d32,683dc13e-43ee-4e4f-8041-82b17de5ff0c,->,7e9b4e6e-9612-471f-bb5d-7bf5f882a67d,94756f21-88c6-4938-ae54-c91cd3d598c6,bb233b87-eed0-47a9-917a-cbdeaa0e5b45
7e9b4e6e-9612-471f-bb5d-7bf5f882a67d,fa7968d4-26a0-47b8-9649-e09a7b371d32,683dc13e-43ee-4e4f-8041-82b17de5ff0c,->,7e9b4e6e-9612-471f-bb5d-7bf5f882a67d,javax/faces/context/FacesContext.java,getCurrentInstance
7e9b4e6e-9612-471f-bb5d-7bf5f882a67d,fa7968d4-26a0-47b8-9649-e09a7b371d32,683dc13e-43ee-4e4f-8041-82b17de5ff0c,->,7e9b4e6e-9612-471f-bb5d-7bf5f882a67d,fa7968d4-26a0-47b8-9649-e09a7b371d32,372bb9e3-7db7-4c07-b4f2-51261ea4e0e0
7e9b4e6e-9612-471f-bb5d-7bf5f882a67d,fa7968d4-26a0-47b8-9649-e09a7b371d32,683dc13e-43ee-4e4f-8041-82b17de5ff0c,->,7e9b4e6e-9612-471f-bb5d-7bf5f882a67d,94756f21-88c6-4938-ae54-c91cd3d598c6,6acbff74-35a1-4171-bda8-1a87a9c18d0a
7e9b4e6e-9612-471f-bb5d-7bf5f882a67d,fa7968d4-26a0-47b8-9649-e09a7b371d32,372bb9e3-7db7-4c07-b4f2-51261ea4e0e0,->,7e9b4e6e-9612-471f-bb5d-7bf5f882a67d,javax/faces/context/FacesContext.java,getExternalContext
7e9b4e6e-9612-471f-bb5d-7bf5f882a67d,fa7968d4-26a0-47b8-9649-e09a7b371d32,372bb9e3-7db7-4c07-b4f2-51261ea4e0e0,->,7e9b4e6e-9612-471f-bb5d-7bf5f882a67d,javax/faces/context/ExternalContext.java,getResponse
7e9b4e6e-9612-471f-bb5d-7bf5f882a67d,fa7968d4-26a0-47b8-9649-e09a7b371d32,372bb9e3-7db7-4c07-b4f2-51261ea4e0e0,->,7e9b4e6e-9612-471f-bb5d-7bf5f882a67d,javax/servlet/http/HttpServletResponse.java,reset
7e9b4e6e-9612-471f-bb5d-7bf5f882a67d,fa7968d4-26a0-47b8-9649-e09a7b371d32,372bb9e3-7db7-4c07-b4f2-51261ea4e0e0,->,7e9b4e6e-9612-471f-bb5d-7bf5f882a67d,javax/servlet/http/HttpServletResponse.java,getOutputStream
7e9b4e6e-9612-471f-bb5d-7bf5f882a67d,fa7968d4-26a0-47b8-9649-e09a7b371d32,372bb9e3-7db7-4c07-b4f2-51261ea4e0e0,->,7e9b4e6e-9612-471f-bb5d-7bf5f882a67d,javax/servlet/http/HttpServletResponse.java,setContentType
7e9b4e6e-9612-471f-bb5d-7bf5f882a67d,fa7968d4-26a0-47b8-9649-e09a7b371d32,372bb9e3-7db7-4c07-b4f2-51261ea4e0e0,->,7e9b4e6e-9612-471f-bb5d-7bf5f882a67d,java/lang/StringBuilder.java,append
7e9b4e6e-9612-471f-bb5d-7bf5f882a67d,fa7968d4-26a0-47b8-9649-e09a7b371d32,372bb9e3-7db7-4c07-b4f2-51261ea4e0e0,->,7e9b4e6e-9612-471f-bb5d-7bf5f882a67d,java/io/File.java,getName
7e9b4e6e-9612-471f-bb5d-7bf5f882a67d,fa7968d4-26a0-47b8-9649-e09a7b371d32,372bb9e3-7db7-4c07-b4f2-51261ea4e0e0,->,7e9b4e6e-9612-471f-bb5d-7bf5f882a67d,java/lang/StringBuilder.java,append
7e9b4e6e-9612-471f-bb5d-7bf5f882a67d,fa7968d4-26a0-47b8-9649-e09a7b371d32,372bb9e3-7db7-4c07-b4f2-51261ea4e0e0,->,7e9b4e6e-9612-471f-bb5d-7bf5f882a67d,java/lang/StringBuilder.java,toString
7e9b4e6e-9612-471f-bb5d-7bf5f882a67d,fa7968d4-26a0-47b8-9649-e09a7b371d32,372bb9e3-7db7-4c07-b4f2-51261ea4e0e0,->,7e9b4e6e-9612-471f-bb5d-7bf5f882a67d,javax/servlet/http/HttpServletResponse.java,addHeader
7e9b4e6e-9612-471f-bb5d-7bf5f882a67d,fa7968d4-26a0-47b8-9649-e09a7b371d32,372bb9e3-7db7-4c07-b4f2-51261ea4e0e0,->,7e9b4e6e-9612-471f-bb5d-7bf5f882a67d,java/io/File.java,length
7e9b4e6e-9612-471f-bb5d-7bf5f882a67d,fa7968d4-26a0-47b8-9649-e09a7b371d32,372bb9e3-7db7-4c07-b4f2-51261ea4e0e0,->,7e9b4e6e-9612-471f-bb5d-7bf5f882a67d,javax/servlet/http/HttpServletResponse.java,setContentLength
7e9b4e6e-9612-471f-bb5d-7bf5f882a67d,fa7968d4-26a0-47b8-9649-e09a7b371d32,372bb9e3-7db7-4c07-b4f2-51261ea4e0e0,->,7e9b4e6e-9612-471f-bb5d-7bf5f882a67d,java/io/InputStream.java,read
7e9b4e6e-9612-471f-bb5d-7bf5f882a67d,fa7968d4-26a0-47b8-9649-e09a7b371d32,372bb9e3-7db7-4c07-b4f2-51261ea4e0e0,->,7e9b4e6e-9612-471f-bb5d-7bf5f882a67d,javax/servlet/ServletOutputStream.java,write
7e9b4e6e-9612-471f-bb5d-7bf5f882a67d,fa7968d4-26a0-47b8-9649-e09a7b371d32,372bb9e3-7db7-4c07-b4f2-51261ea4e0e0,->,7e9b4e6e-9612-471f-bb5d-7bf5f882a67d,java/io/InputStream.java,close
7e9b4e6e-9612-471f-bb5d-7bf5f882a67d,fa7968d4-26a0-47b8-9649-e09a7b371d32,372bb9e3-7db7-4c07-b4f2-51261ea4e0e0,->,7e9b4e6e-9612-471f-bb5d-7bf5f882a67d,java/lang/Throwable.java,addSuppressed
7e9b4e6e-9612-471f-bb5d-7bf5f882a67d,fa7968d4-26a0-47b8-9649-e09a7b371d32,372bb9e3-7db7-4c07-b4f2-51261ea4e0e0,->,7e9b4e6e-9612-471f-bb5d-7bf5f882a67d,java/io/InputStream.java,close
7e9b4e6e-9612-471f-bb5d-7bf5f882a67d,fa7968d4-26a0-47b8-9649-e09a7b371d32,372bb9e3-7db7-4c07-b4f2-51261ea4e0e0,->,7e9b4e6e-9612-471f-bb5d-7bf5f882a67d,java/io/InputStream.java,close
7e9b4e6e-9612-471f-bb5d-7bf5f882a67d,fa7968d4-26a0-47b8-9649-e09a7b371d32,372bb9e3-7db7-4c07-b4f2-51261ea4e0e0,->,7e9b4e6e-9612-471f-bb5d-7bf5f882a67d,java/lang/Throwable.java,addSuppressed
7e9b4e6e-9612-471f-bb5d-7bf5f882a67d,fa7968d4-26a0-47b8-9649-e09a7b371d32,372bb9e3-7db7-4c07-b4f2-51261ea4e0e0,->,7e9b4e6e-9612-471f-bb5d-7bf5f882a67d,java/io/InputStream.java,close
7e9b4e6e-9612-471f-bb5d-7bf5f882a67d,fa7968d4-26a0-47b8-9649-e09a7b371d32,372bb9e3-7db7-4c07-b4f2-51261ea4e0e0,->,7e9b4e6e-9612-471f-bb5d-7bf5f882a67d,javax/servlet/ServletOutputStream.java,flush
7e9b4e6e-9612-471f-bb5d-7bf5f882a67d,fa7968d4-26a0-47b8-9649-e09a7b371d32,372bb9e3-7db7-4c07-b4f2-51261ea4e0e0,->,7e9b4e6e-9612-471f-bb5d-7bf5f882a67d,javax/servlet/ServletOutputStream.java,close
7e9b4e6e-9612-471f-bb5d-7bf5f882a67d,fa7968d4-26a0-47b8-9649-e09a7b371d32,372bb9e3-7db7-4c07-b4f2-51261ea4e0e0,->,7e9b4e6e-9612-471f-bb5d-7bf5f882a67d,javax/servlet/ServletOutputStream.java,flush
7e9b4e6e-9612-471f-bb5d-7bf5f882a67d,fa7968d4-26a0-47b8-9649-e09a7b371d32,372bb9e3-7db7-4c07-b4f2-51261ea4e0e0,->,7e9b4e6e-9612-471f-bb5d-7bf5f882a67d,javax/servlet/ServletOutputStream.java,close
7e9b4e6e-9612-471f-bb5d-7bf5f882a67d,fa7968d4-26a0-47b8-9649-e09a7b371d32,372bb9e3-7db7-4c07-b4f2-51261ea4e0e0,->,7e9b4e6e-9612-471f-bb5d-7bf5f882a67d,javax/faces/context/FacesContext.java,responseComplete
7e9b4e6e-9612-471f-bb5d-7bf5f882a67d,fa7968d4-26a0-47b8-9649-e09a7b371d32,cf2b1511-ee6d-4835-acdb-18c53c6af1fa,->,7e9b4e6e-9612-471f-bb5d-7bf5f882a67d,org/apache/myfaces/custom/fileupload/UploadedFile.java,getInputStream
7e9b4e6e-9612-471f-bb5d-7bf5f882a67d,fa7968d4-26a0-47b8-9649-e09a7b371d32,cf2b1511-ee6d-4835-acdb-18c53c6af1fa,->,7e9b4e6e-9612-471f-bb5d-7bf5f882a67d,org/apache/myfaces/custom/fileupload/UploadedFile.java,getName
7e9b4e6e-9612-471f-bb5d-7bf5f882a67d,fa7968d4-26a0-47b8-9649-e09a7b371d32,cf2b1511-ee6d-4835-acdb-18c53c6af1fa,->,7e9b4e6e-9612-471f-bb5d-7bf5f882a67d,java/io/InputStream.java,read
7e9b4e6e-9612-471f-bb5d-7bf5f882a67d,fa7968d4-26a0-47b8-9649-e09a7b371d32,cf2b1511-ee6d-4835-acdb-18c53c6af1fa,->,7e9b4e6e-9612-471f-bb5d-7bf5f882a67d,java/io/FileOutputStream.java,write
7e9b4e6e-9612-471f-bb5d-7bf5f882a67d,fa7968d4-26a0-47b8-9649-e09a7b371d32,cf2b1511-ee6d-4835-acdb-18c53c6af1fa,->,7e9b4e6e-9612-471f-bb5d-7bf5f882a67d,java/io/InputStream.java,close
7e9b4e6e-9612-471f-bb5d-7bf5f882a67d,fa7968d4-26a0-47b8-9649-e09a7b371d32,cf2b1511-ee6d-4835-acdb-18c53c6af1fa,->,7e9b4e6e-9612-471f-bb5d-7bf5f882a67d,java/lang/Throwable.java,addSuppressed
7e9b4e6e-9612-471f-bb5d-7bf5f882a67d,fa7968d4-26a0-47b8-9649-e09a7b371d32,cf2b1511-ee6d-4835-acdb-18c53c6af1fa,->,7e9b4e6e-9612-471f-bb5d-7bf5f882a67d,java/io/InputStream.java,close
7e9b4e6e-9612-471f-bb5d-7bf5f882a67d,fa7968d4-26a0-47b8-9649-e09a7b371d32,cf2b1511-ee6d-4835-acdb-18c53c6af1fa,->,7e9b4e6e-9612-471f-bb5d-7bf5f882a67d,java/io/FileOutputStream.java,flush
7e9b4e6e-9612-471f-bb5d-7bf5f882a67d,fa7968d4-26a0-47b8-9649-e09a7b371d32,cf2b1511-ee6d-4835-acdb-18c53c6af1fa,->,7e9b4e6e-9612-471f-bb5d-7bf5f882a67d,java/io/FileOutputStream.java,close
7e9b4e6e-9612-471f-bb5d-7bf5f882a67d,fa7968d4-26a0-47b8-9649-e09a7b371d32,cf2b1511-ee6d-4835-acdb-18c53c6af1fa,->,7e9b4e6e-9612-471f-bb5d-7bf5f882a67d,java/io/InputStream.java,close
7e9b4e6e-9612-471f-bb5d-7bf5f882a67d,fa7968d4-26a0-47b8-9649-e09a7b371d32,cf2b1511-ee6d-4835-acdb-18c53c6af1fa,->,7e9b4e6e-9612-471f-bb5d-7bf5f882a67d,java/lang/Throwable.java,addSuppressed
7e9b4e6e-9612-471f-bb5d-7bf5f882a67d,fa7968d4-26a0-47b8-9649-e09a7b371d32,cf2b1511-ee6d-4835-acdb-18c53c6af1fa,->,7e9b4e6e-9612-471f-bb5d-7bf5f882a67d,java/io/InputStream.java,close
7e9b4e6e-9612-471f-bb5d-7bf5f882a67d,fa7968d4-26a0-47b8-9649-e09a7b371d32,cf2b1511-ee6d-4835-acdb-18c53c6af1fa,->,7e9b4e6e-9612-471f-bb5d-7bf5f882a67d,java/io/FileOutputStream.java,flush
7e9b4e6e-9612-471f-bb5d-7bf5f882a67d,fa7968d4-26a0-47b8-9649-e09a7b371d32,cf2b1511-ee6d-4835-acdb-18c53c6af1fa,->,7e9b4e6e-9612-471f-bb5d-7bf5f882a67d,java/io/FileOutputStream.java,close
7e9b4e6e-9612-471f-bb5d-7bf5f882a67d,236f6847-4225-4221-9957-25c24463ff52,35c4fb47-a3e0-4999-9cda-f2f2021202c2,->,7e9b4e6e-9612-471f-bb5d-7bf5f882a67d,236f6847-4225-4221-9957-25c24463ff52,10797100-d3c3-4fa4-a01f-daa72b906edc
7e9b4e6e-9612-471f-bb5d-7bf5f882a67d,236f6847-4225-4221-9957-25c24463ff52,10797100-d3c3-4fa4-a01f-daa72b906edc,->,7e9b4e6e-9612-471f-bb5d-7bf5f882a67d,006d49f0-9af7-41c4-b208-273ab1cc60d1,9ddcb124-184e-4164-937d-add132a1be6c
7e9b4e6e-9612-471f-bb5d-7bf5f882a67d,236f6847-4225-4221-9957-25c24463ff52,10797100-d3c3-4fa4-a01f-daa72b906edc,->,7e9b4e6e-9612-471f-bb5d-7bf5f882a67d,006d49f0-9af7-41c4-b208-273ab1cc60d1,99b27c90-9f49-4f45-8352-10f23f4a8119
7e9b4e6e-9612-471f-bb5d-7bf5f882a67d,236f6847-4225-4221-9957-25c24463ff52,52e96786-ffc3-4325-bc0a-e05f6e8da187,->,7e9b4e6e-9612-471f-bb5d-7bf5f882a67d,pober/artipers/beans/ModelsBean.java,uploadFile
7e9b4e6e-9612-471f-bb5d-7bf5f882a67d,236f6847-4225-4221-9957-25c24463ff52,52e96786-ffc3-4325-bc0a-e05f6e8da187,->,7e9b4e6e-9612-471f-bb5d-7bf5f882a67d,006d49f0-9af7-41c4-b208-273ab1cc60d1,9ddcb124-184e-4164-937d-add132a1be6c
7e9b4e6e-9612-471f-bb5d-7bf5f882a67d,236f6847-4225-4221-9957-25c24463ff52,52e96786-ffc3-4325-bc0a-e05f6e8da187,->,7e9b4e6e-9612-471f-bb5d-7bf5f882a67d,006d49f0-9af7-41c4-b208-273ab1cc60d1,a6253f71-43bb-43f5-92f9-658b017cb411
7e9b4e6e-9612-471f-bb5d-7bf5f882a67d,236f6847-4225-4221-9957-25c24463ff52,52e96786-ffc3-4325-bc0a-e05f6e8da187,->,7e9b4e6e-9612-471f-bb5d-7bf5f882a67d,94756f21-88c6-4938-ae54-c91cd3d598c6,6acbff74-35a1-4171-bda8-1a87a9c18d0a
7e9b4e6e-9612-471f-bb5d-7bf5f882a67d,236f6847-4225-4221-9957-25c24463ff52,ac75d035-8144-4ab9-be26-7a0dba9b9a68,->,7e9b4e6e-9612-471f-bb5d-7bf5f882a67d,006d49f0-9af7-41c4-b208-273ab1cc60d1,9ddcb124-184e-4164-937d-add132a1be6c
7e9b4e6e-9612-471f-bb5d-7bf5f882a67d,236f6847-4225-4221-9957-25c24463ff52,ac75d035-8144-4ab9-be26-7a0dba9b9a68,->,7e9b4e6e-9612-471f-bb5d-7bf5f882a67d,006d49f0-9af7-41c4-b208-273ab1cc60d1,35b5cd0c-0ae4-4265-acf6-f6749e59dbc3
7e9b4e6e-9612-471f-bb5d-7bf5f882a67d,236f6847-4225-4221-9957-25c24463ff52,ac75d035-8144-4ab9-be26-7a0dba9b9a68,->,7e9b4e6e-9612-471f-bb5d-7bf5f882a67d,javax/faces/context/FacesContext.java,getCurrentInstance
7e9b4e6e-9612-471f-bb5d-7bf5f882a67d,236f6847-4225-4221-9957-25c24463ff52,ac75d035-8144-4ab9-be26-7a0dba9b9a68,->,7e9b4e6e-9612-471f-bb5d-7bf5f882a67d,pober/artipers/beans/ModelsBean.java,downloadFile
7e9b4e6e-9612-471f-bb5d-7bf5f882a67d,236f6847-4225-4221-9957-25c24463ff52,ac75d035-8144-4ab9-be26-7a0dba9b9a68,->,7e9b4e6e-9612-471f-bb5d-7bf5f882a67d,94756f21-88c6-4938-ae54-c91cd3d598c6,6acbff74-35a1-4171-bda8-1a87a9c18d0a
7e9b4e6e-9612-471f-bb5d-7bf5f882a67d,236f6847-4225-4221-9957-25c24463ff52,b444e478-835e-46c7-9447-fdb38940c1ae,->,7e9b4e6e-9612-471f-bb5d-7bf5f882a67d,006d49f0-9af7-41c4-b208-273ab1cc60d1,9ddcb124-184e-4164-937d-add132a1be6c
7e9b4e6e-9612-471f-bb5d-7bf5f882a67d,236f6847-4225-4221-9957-25c24463ff52,b444e478-835e-46c7-9447-fdb38940c1ae,->,7e9b4e6e-9612-471f-bb5d-7bf5f882a67d,006d49f0-9af7-41c4-b208-273ab1cc60d1,2f4ee4c3-c082-4ad2-8cdc-241c7ac564ad
7e9b4e6e-9612-471f-bb5d-7bf5f882a67d,182ff4c6-e016-498e-9795-52591854ed1d,3e384e72-87f7-4763-a6ad-2ac05be1b51d,->,7e9b4e6e-9612-471f-bb5d-7bf5f882a67d,182ff4c6-e016-498e-9795-52591854ed1d,c57fab61-8b06-40ea-a1bc-acb6f1c8d8d9
7e9b4e6e-9612-471f-bb5d-7bf5f882a67d,182ff4c6-e016-498e-9795-52591854ed1d,c57fab61-8b06-40ea-a1bc-acb6f1c8d8d9,->,7e9b4e6e-9612-471f-bb5d-7bf5f882a67d,006d49f0-9af7-41c4-b208-273ab1cc60d1,9ddcb124-184e-4164-937d-add132a1be6c
7e9b4e6e-9612-471f-bb5d-7bf5f882a67d,182ff4c6-e016-498e-9795-52591854ed1d,c57fab61-8b06-40ea-a1bc-acb6f1c8d8d9,->,7e9b4e6e-9612-471f-bb5d-7bf5f882a67d,006d49f0-9af7-41c4-b208-273ab1cc60d1,ee73fa5e-738a-4c56-ad94-ed9ba7806050
7e9b4e6e-9612-471f-bb5d-7bf5f882a67d,182ff4c6-e016-498e-9795-52591854ed1d,5d6c5b64-bbbe-4088-a3e7-61d673813a7a,->,7e9b4e6e-9612-471f-bb5d-7bf5f882a67d,pober/artipers/beans/InputsBean.java,uploadFile
7e9b4e6e-9612-471f-bb5d-7bf5f882a67d,182ff4c6-e016-498e-9795-52591854ed1d,5d6c5b64-bbbe-4088-a3e7-61d673813a7a,->,7e9b4e6e-9612-471f-bb5d-7bf5f882a67d,006d49f0-9af7-41c4-b208-273ab1cc60d1,9ddcb124-184e-4164-937d-add132a1be6c
7e9b4e6e-9612-471f-bb5d-7bf5f882a67d,182ff4c6-e016-498e-9795-52591854ed1d,5d6c5b64-bbbe-4088-a3e7-61d673813a7a,->,7e9b4e6e-9612-471f-bb5d-7bf5f882a67d,006d49f0-9af7-41c4-b208-273ab1cc60d1,0a3c5a69-8709-475d-8b13-1628a278ca54
7e9b4e6e-9612-471f-bb5d-7bf5f882a67d,182ff4c6-e016-498e-9795-52591854ed1d,5d6c5b64-bbbe-4088-a3e7-61d673813a7a,->,7e9b4e6e-9612-471f-bb5d-7bf5f882a67d,94756f21-88c6-4938-ae54-c91cd3d598c6,6acbff74-35a1-4171-bda8-1a87a9c18d0a
7e9b4e6e-9612-471f-bb5d-7bf5f882a67d,182ff4c6-e016-498e-9795-52591854ed1d,f8118dae-2fd3-4afb-b474-ac744860e34e,->,7e9b4e6e-9612-471f-bb5d-7bf5f882a67d,006d49f0-9af7-41c4-b208-273ab1cc60d1,9ddcb124-184e-4164-937d-add132a1be6c
7e9b4e6e-9612-471f-bb5d-7bf5f882a67d,182ff4c6-e016-498e-9795-52591854ed1d,f8118dae-2fd3-4afb-b474-ac744860e34e,->,7e9b4e6e-9612-471f-bb5d-7bf5f882a67d,006d49f0-9af7-41c4-b208-273ab1cc60d1,1a25b626-4d51-411e-9e1f-5d8bbe64232f
7e9b4e6e-9612-471f-bb5d-7bf5f882a67d,182ff4c6-e016-498e-9795-52591854ed1d,f8118dae-2fd3-4afb-b474-ac744860e34e,->,7e9b4e6e-9612-471f-bb5d-7bf5f882a67d,javax/faces/context/FacesContext.java,getCurrentInstance
7e9b4e6e-9612-471f-bb5d-7bf5f882a67d,182ff4c6-e016-498e-9795-52591854ed1d,f8118dae-2fd3-4afb-b474-ac744860e34e,->,7e9b4e6e-9612-471f-bb5d-7bf5f882a67d,pober/artipers/beans/InputsBean.java,downloadFile
7e9b4e6e-9612-471f-bb5d-7bf5f882a67d,182ff4c6-e016-498e-9795-52591854ed1d,f8118dae-2fd3-4afb-b474-ac744860e34e,->,7e9b4e6e-9612-471f-bb5d-7bf5f882a67d,94756f21-88c6-4938-ae54-c91cd3d598c6,6acbff74-35a1-4171-bda8-1a87a9c18d0a
7e9b4e6e-9612-471f-bb5d-7bf5f882a67d,9eca2aab-4701-403b-b7c8-385f83c3c2ec,2bf172bd-31c8-44d8-b268-5e2bcbb2f4f9,->,7e9b4e6e-9612-471f-bb5d-7bf5f882a67d,006d49f0-9af7-41c4-b208-273ab1cc60d1,9ddcb124-184e-4164-937d-add132a1be6c
7e9b4e6e-9612-471f-bb5d-7bf5f882a67d,9eca2aab-4701-403b-b7c8-385f83c3c2ec,2bf172bd-31c8-44d8-b268-5e2bcbb2f4f9,->,7e9b4e6e-9612-471f-bb5d-7bf5f882a67d,006d49f0-9af7-41c4-b208-273ab1cc60d1,30e4073e-c860-4cce-a68e-faddaa26bb3a
7e9b4e6e-9612-471f-bb5d-7bf5f882a67d,0ea368af-b0d8-4a63-9f9e-8e60b7f7cdb2,5239a294-ce43-437f-87f5-f95bd7beef25,->,7e9b4e6e-9612-471f-bb5d-7bf5f882a67d,java/util/List.java,iterator
7e9b4e6e-9612-471f-bb5d-7bf5f882a67d,0ea368af-b0d8-4a63-9f9e-8e60b7f7cdb2,5239a294-ce43-437f-87f5-f95bd7beef25,->,7e9b4e6e-9612-471f-bb5d-7bf5f882a67d,java/util/Iterator.java,hasNext
7e9b4e6e-9612-471f-bb5d-7bf5f882a67d,0ea368af-b0d8-4a63-9f9e-8e60b7f7cdb2,5239a294-ce43-437f-87f5-f95bd7beef25,->,7e9b4e6e-9612-471f-bb5d-7bf5f882a67d,java/util/Iterator.java,next
7e9b4e6e-9612-471f-bb5d-7bf5f882a67d,0ea368af-b0d8-4a63-9f9e-8e60b7f7cdb2,5239a294-ce43-437f-87f5-f95bd7beef25,->,7e9b4e6e-9612-471f-bb5d-7bf5f882a67d,e0cd46c2-95f4-44aa-8316-62b92a8a8b7c,e3b2f9af-d78d-46db-b4f3-3ea3db125740
7e9b4e6e-9612-471f-bb5d-7bf5f882a67d,0ea368af-b0d8-4a63-9f9e-8e60b7f7cdb2,5239a294-ce43-437f-87f5-f95bd7beef25,->,7e9b4e6e-9612-471f-bb5d-7bf5f882a67d,java/util/List.java,iterator
7e9b4e6e-9612-471f-bb5d-7bf5f882a67d,0ea368af-b0d8-4a63-9f9e-8e60b7f7cdb2,5239a294-ce43-437f-87f5-f95bd7beef25,->,7e9b4e6e-9612-471f-bb5d-7bf5f882a67d,java/util/Iterator.java,hasNext
7e9b4e6e-9612-471f-bb5d-7bf5f882a67d,0ea368af-b0d8-4a63-9f9e-8e60b7f7cdb2,5239a294-ce43-437f-87f5-f95bd7beef25,->,7e9b4e6e-9612-471f-bb5d-7bf5f882a67d,java/util/Iterator.java,next
7e9b4e6e-9612-471f-bb5d-7bf5f882a67d,0ea368af-b0d8-4a63-9f9e-8e60b7f7cdb2,5239a294-ce43-437f-87f5-f95bd7beef25,->,7e9b4e6e-9612-471f-bb5d-7bf5f882a67d,e0cd46c2-95f4-44aa-8316-62b92a8a8b7c,971a18e6-8c28-4334-bc54-f0de669d255e
