caller_project_id,caller_class_id,caller_method_id,CALL_DIRECTION,callee_project_id,callee_class_id,callee_method_id
7fde255b-22ad-43cf-9e25-dec56d3ae3a2,Acapulco.java,<clinit>,->,7fde255b-22ad-43cf-9e25-dec56d3ae3a2,java/lang/StringBuilder.java,append
7fde255b-22ad-43cf-9e25-dec56d3ae3a2,Acapulco.java,<clinit>,->,7fde255b-22ad-43cf-9e25-dec56d3ae3a2,java/lang/StringBuilder.java,append
7fde255b-22ad-43cf-9e25-dec56d3ae3a2,Acapulco.java,<clinit>,->,7fde255b-22ad-43cf-9e25-dec56d3ae3a2,java/lang/StringBuilder.java,append
7fde255b-22ad-43cf-9e25-dec56d3ae3a2,Acapulco.java,<clinit>,->,7fde255b-22ad-43cf-9e25-dec56d3ae3a2,java/lang/StringBuilder.java,append
7fde255b-22ad-43cf-9e25-dec56d3ae3a2,Acapulco.java,<clinit>,->,7fde255b-22ad-43cf-9e25-dec56d3ae3a2,java/lang/StringBuilder.java,append
7fde255b-22ad-43cf-9e25-dec56d3ae3a2,Acapulco.java,<clinit>,->,7fde255b-22ad-43cf-9e25-dec56d3ae3a2,java/lang/StringBuilder.java,append
7fde255b-22ad-43cf-9e25-dec56d3ae3a2,Acapulco.java,<clinit>,->,7fde255b-22ad-43cf-9e25-dec56d3ae3a2,java/lang/StringBuilder.java,append
7fde255b-22ad-43cf-9e25-dec56d3ae3a2,Acapulco.java,<clinit>,->,7fde255b-22ad-43cf-9e25-dec56d3ae3a2,java/lang/StringBuilder.java,append
7fde255b-22ad-43cf-9e25-dec56d3ae3a2,Acapulco.java,<clinit>,->,7fde255b-22ad-43cf-9e25-dec56d3ae3a2,java/lang/StringBuilder.java,append
7fde255b-22ad-43cf-9e25-dec56d3ae3a2,Acapulco.java,<clinit>,->,7fde255b-22ad-43cf-9e25-dec56d3ae3a2,java/lang/StringBuilder.java,append
7fde255b-22ad-43cf-9e25-dec56d3ae3a2,Acapulco.java,<clinit>,->,7fde255b-22ad-43cf-9e25-dec56d3ae3a2,java/lang/StringBuilder.java,append
7fde255b-22ad-43cf-9e25-dec56d3ae3a2,Acapulco.java,<clinit>,->,7fde255b-22ad-43cf-9e25-dec56d3ae3a2,java/lang/StringBuilder.java,append
7fde255b-22ad-43cf-9e25-dec56d3ae3a2,Acapulco.java,<clinit>,->,7fde255b-22ad-43cf-9e25-dec56d3ae3a2,java/lang/StringBuilder.java,append
7fde255b-22ad-43cf-9e25-dec56d3ae3a2,Acapulco.java,<clinit>,->,7fde255b-22ad-43cf-9e25-dec56d3ae3a2,java/lang/StringBuilder.java,append
7fde255b-22ad-43cf-9e25-dec56d3ae3a2,Acapulco.java,<clinit>,->,7fde255b-22ad-43cf-9e25-dec56d3ae3a2,java/lang/StringBuilder.java,append
7fde255b-22ad-43cf-9e25-dec56d3ae3a2,Acapulco.java,<clinit>,->,7fde255b-22ad-43cf-9e25-dec56d3ae3a2,java/lang/StringBuilder.java,append
7fde255b-22ad-43cf-9e25-dec56d3ae3a2,Acapulco.java,<clinit>,->,7fde255b-22ad-43cf-9e25-dec56d3ae3a2,java/lang/StringBuilder.java,append
7fde255b-22ad-43cf-9e25-dec56d3ae3a2,Acapulco.java,<clinit>,->,7fde255b-22ad-43cf-9e25-dec56d3ae3a2,java/lang/StringBuilder.java,append
7fde255b-22ad-43cf-9e25-dec56d3ae3a2,Acapulco.java,<clinit>,->,7fde255b-22ad-43cf-9e25-dec56d3ae3a2,java/lang/StringBuilder.java,append
7fde255b-22ad-43cf-9e25-dec56d3ae3a2,Acapulco.java,<clinit>,->,7fde255b-22ad-43cf-9e25-dec56d3ae3a2,java/lang/StringBuilder.java,append
7fde255b-22ad-43cf-9e25-dec56d3ae3a2,Acapulco.java,<clinit>,->,7fde255b-22ad-43cf-9e25-dec56d3ae3a2,java/lang/StringBuilder.java,append
7fde255b-22ad-43cf-9e25-dec56d3ae3a2,Acapulco.java,<clinit>,->,7fde255b-22ad-43cf-9e25-dec56d3ae3a2,java/lang/StringBuilder.java,toString
7fde255b-22ad-43cf-9e25-dec56d3ae3a2,ArgentinePomelo.java,<clinit>,->,7fde255b-22ad-43cf-9e25-dec56d3ae3a2,java/lang/StringBuilder.java,append
7fde255b-22ad-43cf-9e25-dec56d3ae3a2,ArgentinePomelo.java,<clinit>,->,7fde255b-22ad-43cf-9e25-dec56d3ae3a2,java/lang/StringBuilder.java,append
7fde255b-22ad-43cf-9e25-dec56d3ae3a2,ArgentinePomelo.java,<clinit>,->,7fde255b-22ad-43cf-9e25-dec56d3ae3a2,java/lang/StringBuilder.java,append
7fde255b-22ad-43cf-9e25-dec56d3ae3a2,ArgentinePomelo.java,<clinit>,->,7fde255b-22ad-43cf-9e25-dec56d3ae3a2,java/lang/StringBuilder.java,append
7fde255b-22ad-43cf-9e25-dec56d3ae3a2,ArgentinePomelo.java,<clinit>,->,7fde255b-22ad-43cf-9e25-dec56d3ae3a2,java/lang/StringBuilder.java,append
7fde255b-22ad-43cf-9e25-dec56d3ae3a2,ArgentinePomelo.java,<clinit>,->,7fde255b-22ad-43cf-9e25-dec56d3ae3a2,java/lang/StringBuilder.java,append
7fde255b-22ad-43cf-9e25-dec56d3ae3a2,ArgentinePomelo.java,<clinit>,->,7fde255b-22ad-43cf-9e25-dec56d3ae3a2,java/lang/StringBuilder.java,append
7fde255b-22ad-43cf-9e25-dec56d3ae3a2,ArgentinePomelo.java,<clinit>,->,7fde255b-22ad-43cf-9e25-dec56d3ae3a2,java/lang/StringBuilder.java,append
7fde255b-22ad-43cf-9e25-dec56d3ae3a2,ArgentinePomelo.java,<clinit>,->,7fde255b-22ad-43cf-9e25-dec56d3ae3a2,java/lang/StringBuilder.java,append
7fde255b-22ad-43cf-9e25-dec56d3ae3a2,ArgentinePomelo.java,<clinit>,->,7fde255b-22ad-43cf-9e25-dec56d3ae3a2,java/lang/StringBuilder.java,append
7fde255b-22ad-43cf-9e25-dec56d3ae3a2,ArgentinePomelo.java,<clinit>,->,7fde255b-22ad-43cf-9e25-dec56d3ae3a2,java/lang/StringBuilder.java,append
7fde255b-22ad-43cf-9e25-dec56d3ae3a2,ArgentinePomelo.java,<clinit>,->,7fde255b-22ad-43cf-9e25-dec56d3ae3a2,java/lang/StringBuilder.java,append
7fde255b-22ad-43cf-9e25-dec56d3ae3a2,ArgentinePomelo.java,<clinit>,->,7fde255b-22ad-43cf-9e25-dec56d3ae3a2,java/lang/StringBuilder.java,toString
7fde255b-22ad-43cf-9e25-dec56d3ae3a2,BacardiCocktail.java,<clinit>,->,7fde255b-22ad-43cf-9e25-dec56d3ae3a2,java/lang/StringBuilder.java,append
7fde255b-22ad-43cf-9e25-dec56d3ae3a2,BacardiCocktail.java,<clinit>,->,7fde255b-22ad-43cf-9e25-dec56d3ae3a2,java/lang/StringBuilder.java,append
7fde255b-22ad-43cf-9e25-dec56d3ae3a2,BacardiCocktail.java,<clinit>,->,7fde255b-22ad-43cf-9e25-dec56d3ae3a2,java/lang/StringBuilder.java,append
7fde255b-22ad-43cf-9e25-dec56d3ae3a2,BacardiCocktail.java,<clinit>,->,7fde255b-22ad-43cf-9e25-dec56d3ae3a2,java/lang/StringBuilder.java,append
7fde255b-22ad-43cf-9e25-dec56d3ae3a2,BacardiCocktail.java,<clinit>,->,7fde255b-22ad-43cf-9e25-dec56d3ae3a2,java/lang/StringBuilder.java,append
7fde255b-22ad-43cf-9e25-dec56d3ae3a2,BacardiCocktail.java,<clinit>,->,7fde255b-22ad-43cf-9e25-dec56d3ae3a2,java/lang/StringBuilder.java,append
7fde255b-22ad-43cf-9e25-dec56d3ae3a2,BacardiCocktail.java,<clinit>,->,7fde255b-22ad-43cf-9e25-dec56d3ae3a2,java/lang/StringBuilder.java,append
7fde255b-22ad-43cf-9e25-dec56d3ae3a2,BacardiCocktail.java,<clinit>,->,7fde255b-22ad-43cf-9e25-dec56d3ae3a2,java/lang/StringBuilder.java,append
7fde255b-22ad-43cf-9e25-dec56d3ae3a2,BacardiCocktail.java,<clinit>,->,7fde255b-22ad-43cf-9e25-dec56d3ae3a2,java/lang/StringBuilder.java,append
7fde255b-22ad-43cf-9e25-dec56d3ae3a2,BacardiCocktail.java,<clinit>,->,7fde255b-22ad-43cf-9e25-dec56d3ae3a2,java/lang/StringBuilder.java,append
7fde255b-22ad-43cf-9e25-dec56d3ae3a2,BacardiCocktail.java,<clinit>,->,7fde255b-22ad-43cf-9e25-dec56d3ae3a2,java/lang/StringBuilder.java,append
7fde255b-22ad-43cf-9e25-dec56d3ae3a2,BacardiCocktail.java,<clinit>,->,7fde255b-22ad-43cf-9e25-dec56d3ae3a2,java/lang/StringBuilder.java,append
7fde255b-22ad-43cf-9e25-dec56d3ae3a2,BacardiCocktail.java,<clinit>,->,7fde255b-22ad-43cf-9e25-dec56d3ae3a2,java/lang/StringBuilder.java,toString
7fde255b-22ad-43cf-9e25-dec56d3ae3a2,Batanga.java,<clinit>,->,7fde255b-22ad-43cf-9e25-dec56d3ae3a2,java/lang/StringBuilder.java,append
7fde255b-22ad-43cf-9e25-dec56d3ae3a2,Batanga.java,<clinit>,->,7fde255b-22ad-43cf-9e25-dec56d3ae3a2,java/lang/StringBuilder.java,append
7fde255b-22ad-43cf-9e25-dec56d3ae3a2,Batanga.java,<clinit>,->,7fde255b-22ad-43cf-9e25-dec56d3ae3a2,java/lang/StringBuilder.java,append
7fde255b-22ad-43cf-9e25-dec56d3ae3a2,Batanga.java,<clinit>,->,7fde255b-22ad-43cf-9e25-dec56d3ae3a2,java/lang/StringBuilder.java,append
7fde255b-22ad-43cf-9e25-dec56d3ae3a2,Batanga.java,<clinit>,->,7fde255b-22ad-43cf-9e25-dec56d3ae3a2,java/lang/StringBuilder.java,append
7fde255b-22ad-43cf-9e25-dec56d3ae3a2,Batanga.java,<clinit>,->,7fde255b-22ad-43cf-9e25-dec56d3ae3a2,java/lang/StringBuilder.java,append
7fde255b-22ad-43cf-9e25-dec56d3ae3a2,Batanga.java,<clinit>,->,7fde255b-22ad-43cf-9e25-dec56d3ae3a2,java/lang/StringBuilder.java,append
7fde255b-22ad-43cf-9e25-dec56d3ae3a2,Batanga.java,<clinit>,->,7fde255b-22ad-43cf-9e25-dec56d3ae3a2,java/lang/StringBuilder.java,append
7fde255b-22ad-43cf-9e25-dec56d3ae3a2,Batanga.java,<clinit>,->,7fde255b-22ad-43cf-9e25-dec56d3ae3a2,java/lang/StringBuilder.java,append
7fde255b-22ad-43cf-9e25-dec56d3ae3a2,Batanga.java,<clinit>,->,7fde255b-22ad-43cf-9e25-dec56d3ae3a2,java/lang/StringBuilder.java,append
7fde255b-22ad-43cf-9e25-dec56d3ae3a2,Batanga.java,<clinit>,->,7fde255b-22ad-43cf-9e25-dec56d3ae3a2,java/lang/StringBuilder.java,append
7fde255b-22ad-43cf-9e25-dec56d3ae3a2,Batanga.java,<clinit>,->,7fde255b-22ad-43cf-9e25-dec56d3ae3a2,java/lang/StringBuilder.java,append
7fde255b-22ad-43cf-9e25-dec56d3ae3a2,Batanga.java,<clinit>,->,7fde255b-22ad-43cf-9e25-dec56d3ae3a2,java/lang/StringBuilder.java,toString
7fde255b-22ad-43cf-9e25-dec56d3ae3a2,BayBreeze.java,<clinit>,->,7fde255b-22ad-43cf-9e25-dec56d3ae3a2,java/lang/StringBuilder.java,append
7fde255b-22ad-43cf-9e25-dec56d3ae3a2,BayBreeze.java,<clinit>,->,7fde255b-22ad-43cf-9e25-dec56d3ae3a2,java/lang/StringBuilder.java,append
7fde255b-22ad-43cf-9e25-dec56d3ae3a2,BayBreeze.java,<clinit>,->,7fde255b-22ad-43cf-9e25-dec56d3ae3a2,java/lang/StringBuilder.java,append
7fde255b-22ad-43cf-9e25-dec56d3ae3a2,BayBreeze.java,<clinit>,->,7fde255b-22ad-43cf-9e25-dec56d3ae3a2,java/lang/StringBuilder.java,append
7fde255b-22ad-43cf-9e25-dec56d3ae3a2,BayBreeze.java,<clinit>,->,7fde255b-22ad-43cf-9e25-dec56d3ae3a2,java/lang/StringBuilder.java,append
7fde255b-22ad-43cf-9e25-dec56d3ae3a2,BayBreeze.java,<clinit>,->,7fde255b-22ad-43cf-9e25-dec56d3ae3a2,java/lang/StringBuilder.java,append
7fde255b-22ad-43cf-9e25-dec56d3ae3a2,BayBreeze.java,<clinit>,->,7fde255b-22ad-43cf-9e25-dec56d3ae3a2,java/lang/StringBuilder.java,append
7fde255b-22ad-43cf-9e25-dec56d3ae3a2,BayBreeze.java,<clinit>,->,7fde255b-22ad-43cf-9e25-dec56d3ae3a2,java/lang/StringBuilder.java,append
7fde255b-22ad-43cf-9e25-dec56d3ae3a2,BayBreeze.java,<clinit>,->,7fde255b-22ad-43cf-9e25-dec56d3ae3a2,java/lang/StringBuilder.java,append
7fde255b-22ad-43cf-9e25-dec56d3ae3a2,BayBreeze.java,<clinit>,->,7fde255b-22ad-43cf-9e25-dec56d3ae3a2,java/lang/StringBuilder.java,append
7fde255b-22ad-43cf-9e25-dec56d3ae3a2,BayBreeze.java,<clinit>,->,7fde255b-22ad-43cf-9e25-dec56d3ae3a2,java/lang/StringBuilder.java,append
7fde255b-22ad-43cf-9e25-dec56d3ae3a2,BayBreeze.java,<clinit>,->,7fde255b-22ad-43cf-9e25-dec56d3ae3a2,java/lang/StringBuilder.java,append
7fde255b-22ad-43cf-9e25-dec56d3ae3a2,BayBreeze.java,<clinit>,->,7fde255b-22ad-43cf-9e25-dec56d3ae3a2,java/lang/StringBuilder.java,toString
7fde255b-22ad-43cf-9e25-dec56d3ae3a2,BlueArrow.java,<clinit>,->,7fde255b-22ad-43cf-9e25-dec56d3ae3a2,java/lang/StringBuilder.java,append
7fde255b-22ad-43cf-9e25-dec56d3ae3a2,BlueArrow.java,<clinit>,->,7fde255b-22ad-43cf-9e25-dec56d3ae3a2,java/lang/StringBuilder.java,append
7fde255b-22ad-43cf-9e25-dec56d3ae3a2,BlueArrow.java,<clinit>,->,7fde255b-22ad-43cf-9e25-dec56d3ae3a2,java/lang/StringBuilder.java,append
7fde255b-22ad-43cf-9e25-dec56d3ae3a2,BlueArrow.java,<clinit>,->,7fde255b-22ad-43cf-9e25-dec56d3ae3a2,java/lang/StringBuilder.java,append
7fde255b-22ad-43cf-9e25-dec56d3ae3a2,BlueArrow.java,<clinit>,->,7fde255b-22ad-43cf-9e25-dec56d3ae3a2,java/lang/StringBuilder.java,append
7fde255b-22ad-43cf-9e25-dec56d3ae3a2,BlueArrow.java,<clinit>,->,7fde255b-22ad-43cf-9e25-dec56d3ae3a2,java/lang/StringBuilder.java,append
7fde255b-22ad-43cf-9e25-dec56d3ae3a2,BlueArrow.java,<clinit>,->,7fde255b-22ad-43cf-9e25-dec56d3ae3a2,java/lang/StringBuilder.java,append
7fde255b-22ad-43cf-9e25-dec56d3ae3a2,BlueArrow.java,<clinit>,->,7fde255b-22ad-43cf-9e25-dec56d3ae3a2,java/lang/StringBuilder.java,append
7fde255b-22ad-43cf-9e25-dec56d3ae3a2,BlueArrow.java,<clinit>,->,7fde255b-22ad-43cf-9e25-dec56d3ae3a2,java/lang/StringBuilder.java,append
7fde255b-22ad-43cf-9e25-dec56d3ae3a2,BlueArrow.java,<clinit>,->,7fde255b-22ad-43cf-9e25-dec56d3ae3a2,java/lang/StringBuilder.java,append
7fde255b-22ad-43cf-9e25-dec56d3ae3a2,BlueArrow.java,<clinit>,->,7fde255b-22ad-43cf-9e25-dec56d3ae3a2,java/lang/StringBuilder.java,append
7fde255b-22ad-43cf-9e25-dec56d3ae3a2,BlueArrow.java,<clinit>,->,7fde255b-22ad-43cf-9e25-dec56d3ae3a2,java/lang/StringBuilder.java,append
7fde255b-22ad-43cf-9e25-dec56d3ae3a2,BlueArrow.java,<clinit>,->,7fde255b-22ad-43cf-9e25-dec56d3ae3a2,java/lang/StringBuilder.java,append
7fde255b-22ad-43cf-9e25-dec56d3ae3a2,BlueArrow.java,<clinit>,->,7fde255b-22ad-43cf-9e25-dec56d3ae3a2,java/lang/StringBuilder.java,append
7fde255b-22ad-43cf-9e25-dec56d3ae3a2,BlueArrow.java,<clinit>,->,7fde255b-22ad-43cf-9e25-dec56d3ae3a2,java/lang/StringBuilder.java,append
7fde255b-22ad-43cf-9e25-dec56d3ae3a2,BlueArrow.java,<clinit>,->,7fde255b-22ad-43cf-9e25-dec56d3ae3a2,java/lang/StringBuilder.java,toString
7fde255b-22ad-43cf-9e25-dec56d3ae3a2,BlueBell.java,<clinit>,->,7fde255b-22ad-43cf-9e25-dec56d3ae3a2,java/lang/StringBuilder.java,append
7fde255b-22ad-43cf-9e25-dec56d3ae3a2,BlueBell.java,<clinit>,->,7fde255b-22ad-43cf-9e25-dec56d3ae3a2,java/lang/StringBuilder.java,append
7fde255b-22ad-43cf-9e25-dec56d3ae3a2,BlueBell.java,<clinit>,->,7fde255b-22ad-43cf-9e25-dec56d3ae3a2,java/lang/StringBuilder.java,append
7fde255b-22ad-43cf-9e25-dec56d3ae3a2,BlueBell.java,<clinit>,->,7fde255b-22ad-43cf-9e25-dec56d3ae3a2,java/lang/StringBuilder.java,append
7fde255b-22ad-43cf-9e25-dec56d3ae3a2,BlueBell.java,<clinit>,->,7fde255b-22ad-43cf-9e25-dec56d3ae3a2,java/lang/StringBuilder.java,append
7fde255b-22ad-43cf-9e25-dec56d3ae3a2,BlueBell.java,<clinit>,->,7fde255b-22ad-43cf-9e25-dec56d3ae3a2,java/lang/StringBuilder.java,append
7fde255b-22ad-43cf-9e25-dec56d3ae3a2,BlueBell.java,<clinit>,->,7fde255b-22ad-43cf-9e25-dec56d3ae3a2,java/lang/StringBuilder.java,append
7fde255b-22ad-43cf-9e25-dec56d3ae3a2,BlueBell.java,<clinit>,->,7fde255b-22ad-43cf-9e25-dec56d3ae3a2,java/lang/StringBuilder.java,append
7fde255b-22ad-43cf-9e25-dec56d3ae3a2,BlueBell.java,<clinit>,->,7fde255b-22ad-43cf-9e25-dec56d3ae3a2,java/lang/StringBuilder.java,append
7fde255b-22ad-43cf-9e25-dec56d3ae3a2,BlueBell.java,<clinit>,->,7fde255b-22ad-43cf-9e25-dec56d3ae3a2,java/lang/StringBuilder.java,toString
7fde255b-22ad-43cf-9e25-dec56d3ae3a2,BlueDevil.java,<clinit>,->,7fde255b-22ad-43cf-9e25-dec56d3ae3a2,java/lang/StringBuilder.java,append
7fde255b-22ad-43cf-9e25-dec56d3ae3a2,BlueDevil.java,<clinit>,->,7fde255b-22ad-43cf-9e25-dec56d3ae3a2,java/lang/StringBuilder.java,append
7fde255b-22ad-43cf-9e25-dec56d3ae3a2,BlueDevil.java,<clinit>,->,7fde255b-22ad-43cf-9e25-dec56d3ae3a2,java/lang/StringBuilder.java,append
7fde255b-22ad-43cf-9e25-dec56d3ae3a2,BlueDevil.java,<clinit>,->,7fde255b-22ad-43cf-9e25-dec56d3ae3a2,java/lang/StringBuilder.java,append
7fde255b-22ad-43cf-9e25-dec56d3ae3a2,BlueDevil.java,<clinit>,->,7fde255b-22ad-43cf-9e25-dec56d3ae3a2,java/lang/StringBuilder.java,append
7fde255b-22ad-43cf-9e25-dec56d3ae3a2,BlueDevil.java,<clinit>,->,7fde255b-22ad-43cf-9e25-dec56d3ae3a2,java/lang/StringBuilder.java,append
7fde255b-22ad-43cf-9e25-dec56d3ae3a2,BlueDevil.java,<clinit>,->,7fde255b-22ad-43cf-9e25-dec56d3ae3a2,java/lang/StringBuilder.java,append
7fde255b-22ad-43cf-9e25-dec56d3ae3a2,BlueDevil.java,<clinit>,->,7fde255b-22ad-43cf-9e25-dec56d3ae3a2,java/lang/StringBuilder.java,append
7fde255b-22ad-43cf-9e25-dec56d3ae3a2,BlueDevil.java,<clinit>,->,7fde255b-22ad-43cf-9e25-dec56d3ae3a2,java/lang/StringBuilder.java,append
7fde255b-22ad-43cf-9e25-dec56d3ae3a2,BlueDevil.java,<clinit>,->,7fde255b-22ad-43cf-9e25-dec56d3ae3a2,java/lang/StringBuilder.java,append
7fde255b-22ad-43cf-9e25-dec56d3ae3a2,BlueDevil.java,<clinit>,->,7fde255b-22ad-43cf-9e25-dec56d3ae3a2,java/lang/StringBuilder.java,append
7fde255b-22ad-43cf-9e25-dec56d3ae3a2,BlueDevil.java,<clinit>,->,7fde255b-22ad-43cf-9e25-dec56d3ae3a2,java/lang/StringBuilder.java,append
7fde255b-22ad-43cf-9e25-dec56d3ae3a2,BlueDevil.java,<clinit>,->,7fde255b-22ad-43cf-9e25-dec56d3ae3a2,java/lang/StringBuilder.java,append
7fde255b-22ad-43cf-9e25-dec56d3ae3a2,BlueDevil.java,<clinit>,->,7fde255b-22ad-43cf-9e25-dec56d3ae3a2,java/lang/StringBuilder.java,append
7fde255b-22ad-43cf-9e25-dec56d3ae3a2,BlueDevil.java,<clinit>,->,7fde255b-22ad-43cf-9e25-dec56d3ae3a2,java/lang/StringBuilder.java,append
7fde255b-22ad-43cf-9e25-dec56d3ae3a2,BlueDevil.java,<clinit>,->,7fde255b-22ad-43cf-9e25-dec56d3ae3a2,java/lang/StringBuilder.java,toString
7fde255b-22ad-43cf-9e25-dec56d3ae3a2,BlueHawaii.java,<clinit>,->,7fde255b-22ad-43cf-9e25-dec56d3ae3a2,java/lang/StringBuilder.java,append
7fde255b-22ad-43cf-9e25-dec56d3ae3a2,BlueHawaii.java,<clinit>,->,7fde255b-22ad-43cf-9e25-dec56d3ae3a2,java/lang/StringBuilder.java,append
7fde255b-22ad-43cf-9e25-dec56d3ae3a2,BlueHawaii.java,<clinit>,->,7fde255b-22ad-43cf-9e25-dec56d3ae3a2,java/lang/StringBuilder.java,append
7fde255b-22ad-43cf-9e25-dec56d3ae3a2,BlueHawaii.java,<clinit>,->,7fde255b-22ad-43cf-9e25-dec56d3ae3a2,java/lang/StringBuilder.java,append
7fde255b-22ad-43cf-9e25-dec56d3ae3a2,BlueHawaii.java,<clinit>,->,7fde255b-22ad-43cf-9e25-dec56d3ae3a2,java/lang/StringBuilder.java,append
7fde255b-22ad-43cf-9e25-dec56d3ae3a2,BlueHawaii.java,<clinit>,->,7fde255b-22ad-43cf-9e25-dec56d3ae3a2,java/lang/StringBuilder.java,append
7fde255b-22ad-43cf-9e25-dec56d3ae3a2,BlueHawaii.java,<clinit>,->,7fde255b-22ad-43cf-9e25-dec56d3ae3a2,java/lang/StringBuilder.java,append
7fde255b-22ad-43cf-9e25-dec56d3ae3a2,BlueHawaii.java,<clinit>,->,7fde255b-22ad-43cf-9e25-dec56d3ae3a2,java/lang/StringBuilder.java,append
7fde255b-22ad-43cf-9e25-dec56d3ae3a2,BlueHawaii.java,<clinit>,->,7fde255b-22ad-43cf-9e25-dec56d3ae3a2,java/lang/StringBuilder.java,append
7fde255b-22ad-43cf-9e25-dec56d3ae3a2,BlueHawaii.java,<clinit>,->,7fde255b-22ad-43cf-9e25-dec56d3ae3a2,java/lang/StringBuilder.java,append
7fde255b-22ad-43cf-9e25-dec56d3ae3a2,BlueHawaii.java,<clinit>,->,7fde255b-22ad-43cf-9e25-dec56d3ae3a2,java/lang/StringBuilder.java,append
7fde255b-22ad-43cf-9e25-dec56d3ae3a2,BlueHawaii.java,<clinit>,->,7fde255b-22ad-43cf-9e25-dec56d3ae3a2,java/lang/StringBuilder.java,append
7fde255b-22ad-43cf-9e25-dec56d3ae3a2,BlueHawaii.java,<clinit>,->,7fde255b-22ad-43cf-9e25-dec56d3ae3a2,java/lang/StringBuilder.java,append
7fde255b-22ad-43cf-9e25-dec56d3ae3a2,BlueHawaii.java,<clinit>,->,7fde255b-22ad-43cf-9e25-dec56d3ae3a2,java/lang/StringBuilder.java,append
7fde255b-22ad-43cf-9e25-dec56d3ae3a2,BlueHawaii.java,<clinit>,->,7fde255b-22ad-43cf-9e25-dec56d3ae3a2,java/lang/StringBuilder.java,append
7fde255b-22ad-43cf-9e25-dec56d3ae3a2,BlueHawaii.java,<clinit>,->,7fde255b-22ad-43cf-9e25-dec56d3ae3a2,java/lang/StringBuilder.java,append
7fde255b-22ad-43cf-9e25-dec56d3ae3a2,BlueHawaii.java,<clinit>,->,7fde255b-22ad-43cf-9e25-dec56d3ae3a2,java/lang/StringBuilder.java,append
7fde255b-22ad-43cf-9e25-dec56d3ae3a2,BlueHawaii.java,<clinit>,->,7fde255b-22ad-43cf-9e25-dec56d3ae3a2,java/lang/StringBuilder.java,append
7fde255b-22ad-43cf-9e25-dec56d3ae3a2,BlueHawaii.java,<clinit>,->,7fde255b-22ad-43cf-9e25-dec56d3ae3a2,java/lang/StringBuilder.java,append
7fde255b-22ad-43cf-9e25-dec56d3ae3a2,BlueHawaii.java,<clinit>,->,7fde255b-22ad-43cf-9e25-dec56d3ae3a2,java/lang/StringBuilder.java,append
7fde255b-22ad-43cf-9e25-dec56d3ae3a2,BlueHawaii.java,<clinit>,->,7fde255b-22ad-43cf-9e25-dec56d3ae3a2,java/lang/StringBuilder.java,append
7fde255b-22ad-43cf-9e25-dec56d3ae3a2,BlueHawaii.java,<clinit>,->,7fde255b-22ad-43cf-9e25-dec56d3ae3a2,java/lang/StringBuilder.java,toString
7fde255b-22ad-43cf-9e25-dec56d3ae3a2,BluePassion.java,<clinit>,->,7fde255b-22ad-43cf-9e25-dec56d3ae3a2,java/lang/StringBuilder.java,append
7fde255b-22ad-43cf-9e25-dec56d3ae3a2,BluePassion.java,<clinit>,->,7fde255b-22ad-43cf-9e25-dec56d3ae3a2,java/lang/StringBuilder.java,append
7fde255b-22ad-43cf-9e25-dec56d3ae3a2,BluePassion.java,<clinit>,->,7fde255b-22ad-43cf-9e25-dec56d3ae3a2,java/lang/StringBuilder.java,append
7fde255b-22ad-43cf-9e25-dec56d3ae3a2,BluePassion.java,<clinit>,->,7fde255b-22ad-43cf-9e25-dec56d3ae3a2,java/lang/StringBuilder.java,append
7fde255b-22ad-43cf-9e25-dec56d3ae3a2,BluePassion.java,<clinit>,->,7fde255b-22ad-43cf-9e25-dec56d3ae3a2,java/lang/StringBuilder.java,append
7fde255b-22ad-43cf-9e25-dec56d3ae3a2,BluePassion.java,<clinit>,->,7fde255b-22ad-43cf-9e25-dec56d3ae3a2,java/lang/StringBuilder.java,append
7fde255b-22ad-43cf-9e25-dec56d3ae3a2,BluePassion.java,<clinit>,->,7fde255b-22ad-43cf-9e25-dec56d3ae3a2,java/lang/StringBuilder.java,append
7fde255b-22ad-43cf-9e25-dec56d3ae3a2,BluePassion.java,<clinit>,->,7fde255b-22ad-43cf-9e25-dec56d3ae3a2,java/lang/StringBuilder.java,append
7fde255b-22ad-43cf-9e25-dec56d3ae3a2,BluePassion.java,<clinit>,->,7fde255b-22ad-43cf-9e25-dec56d3ae3a2,java/lang/StringBuilder.java,append
7fde255b-22ad-43cf-9e25-dec56d3ae3a2,BluePassion.java,<clinit>,->,7fde255b-22ad-43cf-9e25-dec56d3ae3a2,java/lang/StringBuilder.java,append
7fde255b-22ad-43cf-9e25-dec56d3ae3a2,BluePassion.java,<clinit>,->,7fde255b-22ad-43cf-9e25-dec56d3ae3a2,java/lang/StringBuilder.java,append
7fde255b-22ad-43cf-9e25-dec56d3ae3a2,BluePassion.java,<clinit>,->,7fde255b-22ad-43cf-9e25-dec56d3ae3a2,java/lang/StringBuilder.java,append
7fde255b-22ad-43cf-9e25-dec56d3ae3a2,BluePassion.java,<clinit>,->,7fde255b-22ad-43cf-9e25-dec56d3ae3a2,java/lang/StringBuilder.java,append
7fde255b-22ad-43cf-9e25-dec56d3ae3a2,BluePassion.java,<clinit>,->,7fde255b-22ad-43cf-9e25-dec56d3ae3a2,java/lang/StringBuilder.java,append
7fde255b-22ad-43cf-9e25-dec56d3ae3a2,BluePassion.java,<clinit>,->,7fde255b-22ad-43cf-9e25-dec56d3ae3a2,java/lang/StringBuilder.java,append
7fde255b-22ad-43cf-9e25-dec56d3ae3a2,BluePassion.java,<clinit>,->,7fde255b-22ad-43cf-9e25-dec56d3ae3a2,java/lang/StringBuilder.java,toString
7fde255b-22ad-43cf-9e25-dec56d3ae3a2,BorderCrossing.java,<clinit>,->,7fde255b-22ad-43cf-9e25-dec56d3ae3a2,java/lang/StringBuilder.java,append
7fde255b-22ad-43cf-9e25-dec56d3ae3a2,BorderCrossing.java,<clinit>,->,7fde255b-22ad-43cf-9e25-dec56d3ae3a2,java/lang/StringBuilder.java,append
7fde255b-22ad-43cf-9e25-dec56d3ae3a2,BorderCrossing.java,<clinit>,->,7fde255b-22ad-43cf-9e25-dec56d3ae3a2,java/lang/StringBuilder.java,append
7fde255b-22ad-43cf-9e25-dec56d3ae3a2,BorderCrossing.java,<clinit>,->,7fde255b-22ad-43cf-9e25-dec56d3ae3a2,java/lang/StringBuilder.java,append
7fde255b-22ad-43cf-9e25-dec56d3ae3a2,BorderCrossing.java,<clinit>,->,7fde255b-22ad-43cf-9e25-dec56d3ae3a2,java/lang/StringBuilder.java,append
7fde255b-22ad-43cf-9e25-dec56d3ae3a2,BorderCrossing.java,<clinit>,->,7fde255b-22ad-43cf-9e25-dec56d3ae3a2,java/lang/StringBuilder.java,append
7fde255b-22ad-43cf-9e25-dec56d3ae3a2,BorderCrossing.java,<clinit>,->,7fde255b-22ad-43cf-9e25-dec56d3ae3a2,java/lang/StringBuilder.java,append
7fde255b-22ad-43cf-9e25-dec56d3ae3a2,BorderCrossing.java,<clinit>,->,7fde255b-22ad-43cf-9e25-dec56d3ae3a2,java/lang/StringBuilder.java,append
7fde255b-22ad-43cf-9e25-dec56d3ae3a2,BorderCrossing.java,<clinit>,->,7fde255b-22ad-43cf-9e25-dec56d3ae3a2,java/lang/StringBuilder.java,append
7fde255b-22ad-43cf-9e25-dec56d3ae3a2,BorderCrossing.java,<clinit>,->,7fde255b-22ad-43cf-9e25-dec56d3ae3a2,java/lang/StringBuilder.java,append
7fde255b-22ad-43cf-9e25-dec56d3ae3a2,BorderCrossing.java,<clinit>,->,7fde255b-22ad-43cf-9e25-dec56d3ae3a2,java/lang/StringBuilder.java,append
7fde255b-22ad-43cf-9e25-dec56d3ae3a2,BorderCrossing.java,<clinit>,->,7fde255b-22ad-43cf-9e25-dec56d3ae3a2,java/lang/StringBuilder.java,append
7fde255b-22ad-43cf-9e25-dec56d3ae3a2,BorderCrossing.java,<clinit>,->,7fde255b-22ad-43cf-9e25-dec56d3ae3a2,java/lang/StringBuilder.java,append
7fde255b-22ad-43cf-9e25-dec56d3ae3a2,BorderCrossing.java,<clinit>,->,7fde255b-22ad-43cf-9e25-dec56d3ae3a2,java/lang/StringBuilder.java,append
7fde255b-22ad-43cf-9e25-dec56d3ae3a2,BorderCrossing.java,<clinit>,->,7fde255b-22ad-43cf-9e25-dec56d3ae3a2,java/lang/StringBuilder.java,append
7fde255b-22ad-43cf-9e25-dec56d3ae3a2,BorderCrossing.java,<clinit>,->,7fde255b-22ad-43cf-9e25-dec56d3ae3a2,java/lang/StringBuilder.java,toString
7fde255b-22ad-43cf-9e25-dec56d3ae3a2,ButtonScroll$1.java,stateChanged,->,7fde255b-22ad-43cf-9e25-dec56d3ae3a2,javax/swing/JViewport.java,getViewPosition
7fde255b-22ad-43cf-9e25-dec56d3ae3a2,ButtonScroll$1.java,stateChanged,->,7fde255b-22ad-43cf-9e25-dec56d3ae3a2,ButtonScroll.java,enableButtons
7fde255b-22ad-43cf-9e25-dec56d3ae3a2,ButtonScroll$2.java,actionPerformed,->,7fde255b-22ad-43cf-9e25-dec56d3ae3a2,ButtonScroll.java,movePanel
7fde255b-22ad-43cf-9e25-dec56d3ae3a2,ButtonScroll$3.java,actionPerformed,->,7fde255b-22ad-43cf-9e25-dec56d3ae3a2,ButtonScroll.java,movePanel
7fde255b-22ad-43cf-9e25-dec56d3ae3a2,ButtonScroll$4.java,actionPerformed,->,7fde255b-22ad-43cf-9e25-dec56d3ae3a2,ButtonScroll.java,movePanel
7fde255b-22ad-43cf-9e25-dec56d3ae3a2,ButtonScroll$5.java,actionPerformed,->,7fde255b-22ad-43cf-9e25-dec56d3ae3a2,ButtonScroll.java,movePanel
7fde255b-22ad-43cf-9e25-dec56d3ae3a2,ButtonScroll$6.java,windowClosing,->,7fde255b-22ad-43cf-9e25-dec56d3ae3a2,java/lang/System.java,exit
7fde255b-22ad-43cf-9e25-dec56d3ae3a2,ButtonScroll.java,createButton,->,7fde255b-22ad-43cf-9e25-dec56d3ae3a2,java/lang/StringBuilder.java,append
7fde255b-22ad-43cf-9e25-dec56d3ae3a2,ButtonScroll.java,createButton,->,7fde255b-22ad-43cf-9e25-dec56d3ae3a2,java/lang/StringBuilder.java,append
7fde255b-22ad-43cf-9e25-dec56d3ae3a2,ButtonScroll.java,createButton,->,7fde255b-22ad-43cf-9e25-dec56d3ae3a2,java/lang/StringBuilder.java,toString
7fde255b-22ad-43cf-9e25-dec56d3ae3a2,ButtonScroll.java,createButton,->,7fde255b-22ad-43cf-9e25-dec56d3ae3a2,javax/swing/JButton.java,setToolTipText
7fde255b-22ad-43cf-9e25-dec56d3ae3a2,ButtonScroll.java,createButton,->,7fde255b-22ad-43cf-9e25-dec56d3ae3a2,javax/swing/JButton.java,setBorderPainted
7fde255b-22ad-43cf-9e25-dec56d3ae3a2,ButtonScroll.java,createButton,->,7fde255b-22ad-43cf-9e25-dec56d3ae3a2,javax/swing/JButton.java,setMargin
7fde255b-22ad-43cf-9e25-dec56d3ae3a2,ButtonScroll.java,createButton,->,7fde255b-22ad-43cf-9e25-dec56d3ae3a2,javax/swing/JButton.java,setContentAreaFilled
7fde255b-22ad-43cf-9e25-dec56d3ae3a2,ButtonScroll.java,createButton,->,7fde255b-22ad-43cf-9e25-dec56d3ae3a2,javax/swing/JButton.java,setMnemonic
7fde255b-22ad-43cf-9e25-dec56d3ae3a2,ButtonScroll.java,movePanel,->,7fde255b-22ad-43cf-9e25-dec56d3ae3a2,javax/swing/JViewport.java,getViewPosition
7fde255b-22ad-43cf-9e25-dec56d3ae3a2,ButtonScroll.java,movePanel,->,7fde255b-22ad-43cf-9e25-dec56d3ae3a2,java/lang/Math.java,max
7fde255b-22ad-43cf-9e25-dec56d3ae3a2,ButtonScroll.java,movePanel,->,7fde255b-22ad-43cf-9e25-dec56d3ae3a2,ButtonScroll.java,getMaxXExtent
7fde255b-22ad-43cf-9e25-dec56d3ae3a2,ButtonScroll.java,movePanel,->,7fde255b-22ad-43cf-9e25-dec56d3ae3a2,java/lang/Math.java,min
7fde255b-22ad-43cf-9e25-dec56d3ae3a2,ButtonScroll.java,movePanel,->,7fde255b-22ad-43cf-9e25-dec56d3ae3a2,java/lang/Math.java,max
7fde255b-22ad-43cf-9e25-dec56d3ae3a2,ButtonScroll.java,movePanel,->,7fde255b-22ad-43cf-9e25-dec56d3ae3a2,ButtonScroll.java,getMaxYExtent
7fde255b-22ad-43cf-9e25-dec56d3ae3a2,ButtonScroll.java,movePanel,->,7fde255b-22ad-43cf-9e25-dec56d3ae3a2,java/lang/Math.java,min
7fde255b-22ad-43cf-9e25-dec56d3ae3a2,ButtonScroll.java,movePanel,->,7fde255b-22ad-43cf-9e25-dec56d3ae3a2,javax/swing/JViewport.java,setViewPosition
7fde255b-22ad-43cf-9e25-dec56d3ae3a2,ButtonScroll.java,movePanel,->,7fde255b-22ad-43cf-9e25-dec56d3ae3a2,ButtonScroll.java,enableButtons
7fde255b-22ad-43cf-9e25-dec56d3ae3a2,ButtonScroll.java,enableButtons,->,7fde255b-22ad-43cf-9e25-dec56d3ae3a2,ButtonScroll.java,enableComponent
7fde255b-22ad-43cf-9e25-dec56d3ae3a2,ButtonScroll.java,enableButtons,->,7fde255b-22ad-43cf-9e25-dec56d3ae3a2,ButtonScroll.java,enableComponent
7fde255b-22ad-43cf-9e25-dec56d3ae3a2,ButtonScroll.java,enableButtons,->,7fde255b-22ad-43cf-9e25-dec56d3ae3a2,ButtonScroll.java,getMaxXExtent
7fde255b-22ad-43cf-9e25-dec56d3ae3a2,ButtonScroll.java,enableButtons,->,7fde255b-22ad-43cf-9e25-dec56d3ae3a2,ButtonScroll.java,enableComponent
7fde255b-22ad-43cf-9e25-dec56d3ae3a2,ButtonScroll.java,enableButtons,->,7fde255b-22ad-43cf-9e25-dec56d3ae3a2,ButtonScroll.java,enableComponent
7fde255b-22ad-43cf-9e25-dec56d3ae3a2,ButtonScroll.java,enableButtons,->,7fde255b-22ad-43cf-9e25-dec56d3ae3a2,ButtonScroll.java,enableComponent
7fde255b-22ad-43cf-9e25-dec56d3ae3a2,ButtonScroll.java,enableButtons,->,7fde255b-22ad-43cf-9e25-dec56d3ae3a2,ButtonScroll.java,enableComponent
7fde255b-22ad-43cf-9e25-dec56d3ae3a2,ButtonScroll.java,enableButtons,->,7fde255b-22ad-43cf-9e25-dec56d3ae3a2,ButtonScroll.java,getMaxYExtent
7fde255b-22ad-43cf-9e25-dec56d3ae3a2,ButtonScroll.java,enableButtons,->,7fde255b-22ad-43cf-9e25-dec56d3ae3a2,ButtonScroll.java,enableComponent
7fde255b-22ad-43cf-9e25-dec56d3ae3a2,ButtonScroll.java,enableButtons,->,7fde255b-22ad-43cf-9e25-dec56d3ae3a2,ButtonScroll.java,enableComponent
7fde255b-22ad-43cf-9e25-dec56d3ae3a2,ButtonScroll.java,enableComponent,->,7fde255b-22ad-43cf-9e25-dec56d3ae3a2,javax/swing/JComponent.java,isEnabled
7fde255b-22ad-43cf-9e25-dec56d3ae3a2,ButtonScroll.java,enableComponent,->,7fde255b-22ad-43cf-9e25-dec56d3ae3a2,javax/swing/JComponent.java,setEnabled
7fde255b-22ad-43cf-9e25-dec56d3ae3a2,ButtonScroll.java,getMaxXExtent,->,7fde255b-22ad-43cf-9e25-dec56d3ae3a2,javax/swing/JViewport.java,getView
7fde255b-22ad-43cf-9e25-dec56d3ae3a2,ButtonScroll.java,getMaxXExtent,->,7fde255b-22ad-43cf-9e25-dec56d3ae3a2,java/awt/Component.java,getWidth
7fde255b-22ad-43cf-9e25-dec56d3ae3a2,ButtonScroll.java,getMaxXExtent,->,7fde255b-22ad-43cf-9e25-dec56d3ae3a2,javax/swing/JViewport.java,getWidth
7fde255b-22ad-43cf-9e25-dec56d3ae3a2,ButtonScroll.java,getMaxYExtent,->,7fde255b-22ad-43cf-9e25-dec56d3ae3a2,javax/swing/JViewport.java,getView
7fde255b-22ad-43cf-9e25-dec56d3ae3a2,ButtonScroll.java,getMaxYExtent,->,7fde255b-22ad-43cf-9e25-dec56d3ae3a2,java/awt/Component.java,getHeight
7fde255b-22ad-43cf-9e25-dec56d3ae3a2,ButtonScroll.java,getMaxYExtent,->,7fde255b-22ad-43cf-9e25-dec56d3ae3a2,javax/swing/JViewport.java,getHeight
7fde255b-22ad-43cf-9e25-dec56d3ae3a2,Cadena.java,inicializarConexion,->,7fde255b-22ad-43cf-9e25-dec56d3ae3a2,gnu/io/CommPortIdentifier.java,getPortIdentifiers
7fde255b-22ad-43cf-9e25-dec56d3ae3a2,Cadena.java,inicializarConexion,->,7fde255b-22ad-43cf-9e25-dec56d3ae3a2,java/util/Enumeration.java,hasMoreElements
7fde255b-22ad-43cf-9e25-dec56d3ae3a2,Cadena.java,inicializarConexion,->,7fde255b-22ad-43cf-9e25-dec56d3ae3a2,java/util/Enumeration.java,nextElement
7fde255b-22ad-43cf-9e25-dec56d3ae3a2,Cadena.java,inicializarConexion,->,7fde255b-22ad-43cf-9e25-dec56d3ae3a2,gnu/io/CommPortIdentifier.java,getName
7fde255b-22ad-43cf-9e25-dec56d3ae3a2,Cadena.java,inicializarConexion,->,7fde255b-22ad-43cf-9e25-dec56d3ae3a2,java/lang/String.java,equals
7fde255b-22ad-43cf-9e25-dec56d3ae3a2,Cadena.java,inicializarConexion,->,7fde255b-22ad-43cf-9e25-dec56d3ae3a2,javax/swing/JOptionPane.java,showMessageDialog
7fde255b-22ad-43cf-9e25-dec56d3ae3a2,Cadena.java,inicializarConexion,->,7fde255b-22ad-43cf-9e25-dec56d3ae3a2,javax/swing/JOptionPane.java,showMessageDialog
7fde255b-22ad-43cf-9e25-dec56d3ae3a2,Cadena.java,inicializarConexion,->,7fde255b-22ad-43cf-9e25-dec56d3ae3a2,java/lang/Object.java,getClass
7fde255b-22ad-43cf-9e25-dec56d3ae3a2,Cadena.java,inicializarConexion,->,7fde255b-22ad-43cf-9e25-dec56d3ae3a2,java/lang/Class.java,getName
7fde255b-22ad-43cf-9e25-dec56d3ae3a2,Cadena.java,inicializarConexion,->,7fde255b-22ad-43cf-9e25-dec56d3ae3a2,gnu/io/CommPortIdentifier.java,open
7fde255b-22ad-43cf-9e25-dec56d3ae3a2,Cadena.java,inicializarConexion,->,7fde255b-22ad-43cf-9e25-dec56d3ae3a2,gnu/io/SerialPort.java,setSerialPortParams
7fde255b-22ad-43cf-9e25-dec56d3ae3a2,Cadena.java,inicializarConexion,->,7fde255b-22ad-43cf-9e25-dec56d3ae3a2,gnu/io/SerialPort.java,getOutputStream
7fde255b-22ad-43cf-9e25-dec56d3ae3a2,Cadena.java,inicializarConexion,->,7fde255b-22ad-43cf-9e25-dec56d3ae3a2,java/lang/Exception.java,toString
7fde255b-22ad-43cf-9e25-dec56d3ae3a2,Cadena.java,inicializarConexion,->,7fde255b-22ad-43cf-9e25-dec56d3ae3a2,java/io/PrintStream.java,println
7fde255b-22ad-43cf-9e25-dec56d3ae3a2,Cadena.java,enviarDatos,->,7fde255b-22ad-43cf-9e25-dec56d3ae3a2,javax/swing/JOptionPane.java,showMessageDialog
7fde255b-22ad-43cf-9e25-dec56d3ae3a2,Cadena.java,enviarDatos,->,7fde255b-22ad-43cf-9e25-dec56d3ae3a2,java/lang/String.java,getBytes
7fde255b-22ad-43cf-9e25-dec56d3ae3a2,Cadena.java,enviarDatos,->,7fde255b-22ad-43cf-9e25-dec56d3ae3a2,java/io/OutputStream.java,write
7fde255b-22ad-43cf-9e25-dec56d3ae3a2,Cadena.java,enviarDatos,->,7fde255b-22ad-43cf-9e25-dec56d3ae3a2,java/lang/Exception.java,toString
7fde255b-22ad-43cf-9e25-dec56d3ae3a2,Cadena.java,enviarDatos,->,7fde255b-22ad-43cf-9e25-dec56d3ae3a2,java/io/PrintStream.java,println
7fde255b-22ad-43cf-9e25-dec56d3ae3a2,Cadena.java,close,->,7fde255b-22ad-43cf-9e25-dec56d3ae3a2,gnu/io/SerialPort.java,removeEventListener
7fde255b-22ad-43cf-9e25-dec56d3ae3a2,Cadena.java,close,->,7fde255b-22ad-43cf-9e25-dec56d3ae3a2,gnu/io/SerialPort.java,close
7fde255b-22ad-43cf-9e25-dec56d3ae3a2,Caipirinha.java,<clinit>,->,7fde255b-22ad-43cf-9e25-dec56d3ae3a2,java/lang/StringBuilder.java,append
7fde255b-22ad-43cf-9e25-dec56d3ae3a2,Caipirinha.java,<clinit>,->,7fde255b-22ad-43cf-9e25-dec56d3ae3a2,java/lang/StringBuilder.java,append
7fde255b-22ad-43cf-9e25-dec56d3ae3a2,Caipirinha.java,<clinit>,->,7fde255b-22ad-43cf-9e25-dec56d3ae3a2,java/lang/StringBuilder.java,append
7fde255b-22ad-43cf-9e25-dec56d3ae3a2,Caipirinha.java,<clinit>,->,7fde255b-22ad-43cf-9e25-dec56d3ae3a2,java/lang/StringBuilder.java,append
7fde255b-22ad-43cf-9e25-dec56d3ae3a2,Caipirinha.java,<clinit>,->,7fde255b-22ad-43cf-9e25-dec56d3ae3a2,java/lang/StringBuilder.java,append
7fde255b-22ad-43cf-9e25-dec56d3ae3a2,Caipirinha.java,<clinit>,->,7fde255b-22ad-43cf-9e25-dec56d3ae3a2,java/lang/StringBuilder.java,append
7fde255b-22ad-43cf-9e25-dec56d3ae3a2,Caipirinha.java,<clinit>,->,7fde255b-22ad-43cf-9e25-dec56d3ae3a2,java/lang/StringBuilder.java,append
7fde255b-22ad-43cf-9e25-dec56d3ae3a2,Caipirinha.java,<clinit>,->,7fde255b-22ad-43cf-9e25-dec56d3ae3a2,java/lang/StringBuilder.java,toString
7fde255b-22ad-43cf-9e25-dec56d3ae3a2,CapeCod.java,<clinit>,->,7fde255b-22ad-43cf-9e25-dec56d3ae3a2,java/lang/StringBuilder.java,append
7fde255b-22ad-43cf-9e25-dec56d3ae3a2,CapeCod.java,<clinit>,->,7fde255b-22ad-43cf-9e25-dec56d3ae3a2,java/lang/StringBuilder.java,append
7fde255b-22ad-43cf-9e25-dec56d3ae3a2,CapeCod.java,<clinit>,->,7fde255b-22ad-43cf-9e25-dec56d3ae3a2,java/lang/StringBuilder.java,append
7fde255b-22ad-43cf-9e25-dec56d3ae3a2,CapeCod.java,<clinit>,->,7fde255b-22ad-43cf-9e25-dec56d3ae3a2,java/lang/StringBuilder.java,append
7fde255b-22ad-43cf-9e25-dec56d3ae3a2,CapeCod.java,<clinit>,->,7fde255b-22ad-43cf-9e25-dec56d3ae3a2,java/lang/StringBuilder.java,append
7fde255b-22ad-43cf-9e25-dec56d3ae3a2,CapeCod.java,<clinit>,->,7fde255b-22ad-43cf-9e25-dec56d3ae3a2,java/lang/StringBuilder.java,append
7fde255b-22ad-43cf-9e25-dec56d3ae3a2,CapeCod.java,<clinit>,->,7fde255b-22ad-43cf-9e25-dec56d3ae3a2,java/lang/StringBuilder.java,append
7fde255b-22ad-43cf-9e25-dec56d3ae3a2,CapeCod.java,<clinit>,->,7fde255b-22ad-43cf-9e25-dec56d3ae3a2,java/lang/StringBuilder.java,append
7fde255b-22ad-43cf-9e25-dec56d3ae3a2,CapeCod.java,<clinit>,->,7fde255b-22ad-43cf-9e25-dec56d3ae3a2,java/lang/StringBuilder.java,append
7fde255b-22ad-43cf-9e25-dec56d3ae3a2,CapeCod.java,<clinit>,->,7fde255b-22ad-43cf-9e25-dec56d3ae3a2,java/lang/StringBuilder.java,toString
7fde255b-22ad-43cf-9e25-dec56d3ae3a2,CityRickey.java,<clinit>,->,7fde255b-22ad-43cf-9e25-dec56d3ae3a2,java/lang/StringBuilder.java,append
7fde255b-22ad-43cf-9e25-dec56d3ae3a2,CityRickey.java,<clinit>,->,7fde255b-22ad-43cf-9e25-dec56d3ae3a2,java/lang/StringBuilder.java,append
7fde255b-22ad-43cf-9e25-dec56d3ae3a2,CityRickey.java,<clinit>,->,7fde255b-22ad-43cf-9e25-dec56d3ae3a2,java/lang/StringBuilder.java,append
7fde255b-22ad-43cf-9e25-dec56d3ae3a2,CityRickey.java,<clinit>,->,7fde255b-22ad-43cf-9e25-dec56d3ae3a2,java/lang/StringBuilder.java,append
7fde255b-22ad-43cf-9e25-dec56d3ae3a2,CityRickey.java,<clinit>,->,7fde255b-22ad-43cf-9e25-dec56d3ae3a2,java/lang/StringBuilder.java,append
7fde255b-22ad-43cf-9e25-dec56d3ae3a2,CityRickey.java,<clinit>,->,7fde255b-22ad-43cf-9e25-dec56d3ae3a2,java/lang/StringBuilder.java,append
7fde255b-22ad-43cf-9e25-dec56d3ae3a2,CityRickey.java,<clinit>,->,7fde255b-22ad-43cf-9e25-dec56d3ae3a2,java/lang/StringBuilder.java,append
7fde255b-22ad-43cf-9e25-dec56d3ae3a2,CityRickey.java,<clinit>,->,7fde255b-22ad-43cf-9e25-dec56d3ae3a2,java/lang/StringBuilder.java,append
7fde255b-22ad-43cf-9e25-dec56d3ae3a2,CityRickey.java,<clinit>,->,7fde255b-22ad-43cf-9e25-dec56d3ae3a2,java/lang/StringBuilder.java,append
7fde255b-22ad-43cf-9e25-dec56d3ae3a2,CityRickey.java,<clinit>,->,7fde255b-22ad-43cf-9e25-dec56d3ae3a2,java/lang/StringBuilder.java,append
7fde255b-22ad-43cf-9e25-dec56d3ae3a2,CityRickey.java,<clinit>,->,7fde255b-22ad-43cf-9e25-dec56d3ae3a2,java/lang/StringBuilder.java,append
7fde255b-22ad-43cf-9e25-dec56d3ae3a2,CityRickey.java,<clinit>,->,7fde255b-22ad-43cf-9e25-dec56d3ae3a2,java/lang/StringBuilder.java,append
7fde255b-22ad-43cf-9e25-dec56d3ae3a2,CityRickey.java,<clinit>,->,7fde255b-22ad-43cf-9e25-dec56d3ae3a2,java/lang/StringBuilder.java,append
7fde255b-22ad-43cf-9e25-dec56d3ae3a2,CityRickey.java,<clinit>,->,7fde255b-22ad-43cf-9e25-dec56d3ae3a2,java/lang/StringBuilder.java,append
7fde255b-22ad-43cf-9e25-dec56d3ae3a2,CityRickey.java,<clinit>,->,7fde255b-22ad-43cf-9e25-dec56d3ae3a2,java/lang/StringBuilder.java,append
7fde255b-22ad-43cf-9e25-dec56d3ae3a2,CityRickey.java,<clinit>,->,7fde255b-22ad-43cf-9e25-dec56d3ae3a2,java/lang/StringBuilder.java,append
7fde255b-22ad-43cf-9e25-dec56d3ae3a2,CityRickey.java,<clinit>,->,7fde255b-22ad-43cf-9e25-dec56d3ae3a2,java/lang/StringBuilder.java,append
7fde255b-22ad-43cf-9e25-dec56d3ae3a2,CityRickey.java,<clinit>,->,7fde255b-22ad-43cf-9e25-dec56d3ae3a2,java/lang/StringBuilder.java,append
7fde255b-22ad-43cf-9e25-dec56d3ae3a2,CityRickey.java,<clinit>,->,7fde255b-22ad-43cf-9e25-dec56d3ae3a2,java/lang/StringBuilder.java,toString
7fde255b-22ad-43cf-9e25-dec56d3ae3a2,CocktailDefault$1.java,actionPerformed,->,7fde255b-22ad-43cf-9e25-dec56d3ae3a2,java/awt/CardLayout.java,show
7fde255b-22ad-43cf-9e25-dec56d3ae3a2,CocktailDefault$2.java,actionPerformed,->,7fde255b-22ad-43cf-9e25-dec56d3ae3a2,java/awt/CardLayout.java,show
7fde255b-22ad-43cf-9e25-dec56d3ae3a2,CocktailDefault$3.java,actionPerformed,->,7fde255b-22ad-43cf-9e25-dec56d3ae3a2,java/awt/CardLayout.java,show
7fde255b-22ad-43cf-9e25-dec56d3ae3a2,CocktailGenerico$1.java,actionPerformed,->,7fde255b-22ad-43cf-9e25-dec56d3ae3a2,javax/swing/JPanel.java,getLayout
7fde255b-22ad-43cf-9e25-dec56d3ae3a2,CocktailGenerico$1.java,actionPerformed,->,7fde255b-22ad-43cf-9e25-dec56d3ae3a2,java/awt/CardLayout.java,show
7fde255b-22ad-43cf-9e25-dec56d3ae3a2,CocktailGenerico$1.java,actionPerformed,->,7fde255b-22ad-43cf-9e25-dec56d3ae3a2,javax/swing/SwingUtilities.java,getWindowAncestor
7fde255b-22ad-43cf-9e25-dec56d3ae3a2,CocktailGenerico$1.java,actionPerformed,->,7fde255b-22ad-43cf-9e25-dec56d3ae3a2,java/awt/Window.java,setBounds
7fde255b-22ad-43cf-9e25-dec56d3ae3a2,CocktailGenerico$2.java,actionPerformed,->,7fde255b-22ad-43cf-9e25-dec56d3ae3a2,javax/swing/JPanel.java,getLayout
7fde255b-22ad-43cf-9e25-dec56d3ae3a2,CocktailGenerico$2.java,actionPerformed,->,7fde255b-22ad-43cf-9e25-dec56d3ae3a2,java/awt/CardLayout.java,show
7fde255b-22ad-43cf-9e25-dec56d3ae3a2,CocktailGenerico$2.java,actionPerformed,->,7fde255b-22ad-43cf-9e25-dec56d3ae3a2,javax/swing/SwingUtilities.java,getWindowAncestor
7fde255b-22ad-43cf-9e25-dec56d3ae3a2,CocktailGenerico$2.java,actionPerformed,->,7fde255b-22ad-43cf-9e25-dec56d3ae3a2,java/awt/Window.java,setBounds
7fde255b-22ad-43cf-9e25-dec56d3ae3a2,CocktailGenerico$3.java,actionPerformed,->,7fde255b-22ad-43cf-9e25-dec56d3ae3a2,javax/swing/JPanel.java,getLayout
7fde255b-22ad-43cf-9e25-dec56d3ae3a2,CocktailGenerico$3.java,actionPerformed,->,7fde255b-22ad-43cf-9e25-dec56d3ae3a2,java/awt/CardLayout.java,show
7fde255b-22ad-43cf-9e25-dec56d3ae3a2,CocktailGenerico$3.java,actionPerformed,->,7fde255b-22ad-43cf-9e25-dec56d3ae3a2,javax/swing/SwingUtilities.java,getWindowAncestor
7fde255b-22ad-43cf-9e25-dec56d3ae3a2,CocktailGenerico$3.java,actionPerformed,->,7fde255b-22ad-43cf-9e25-dec56d3ae3a2,java/awt/Window.java,setBounds
7fde255b-22ad-43cf-9e25-dec56d3ae3a2,CocktailGenerico$4.java,actionPerformed,->,7fde255b-22ad-43cf-9e25-dec56d3ae3a2,java/awt/CardLayout.java,show
7fde255b-22ad-43cf-9e25-dec56d3ae3a2,CocktailGenerico$5.java,actionPerformed,->,7fde255b-22ad-43cf-9e25-dec56d3ae3a2,java/awt/CardLayout.java,show
7fde255b-22ad-43cf-9e25-dec56d3ae3a2,CocktailGenerico$6.java,actionPerformed,->,7fde255b-22ad-43cf-9e25-dec56d3ae3a2,java/awt/CardLayout.java,show
7fde255b-22ad-43cf-9e25-dec56d3ae3a2,Colores$1.java,actionPerformed,->,7fde255b-22ad-43cf-9e25-dec56d3ae3a2,javax/swing/JPanel.java,getLayout
7fde255b-22ad-43cf-9e25-dec56d3ae3a2,Colores$1.java,actionPerformed,->,7fde255b-22ad-43cf-9e25-dec56d3ae3a2,java/awt/CardLayout.java,show
7fde255b-22ad-43cf-9e25-dec56d3ae3a2,Colores$1.java,actionPerformed,->,7fde255b-22ad-43cf-9e25-dec56d3ae3a2,javax/swing/SwingUtilities.java,getWindowAncestor
7fde255b-22ad-43cf-9e25-dec56d3ae3a2,Colores$1.java,actionPerformed,->,7fde255b-22ad-43cf-9e25-dec56d3ae3a2,java/awt/Window.java,setSize
7fde255b-22ad-43cf-9e25-dec56d3ae3a2,Colores$2.java,actionPerformed,->,7fde255b-22ad-43cf-9e25-dec56d3ae3a2,javax/swing/JPanel.java,add
7fde255b-22ad-43cf-9e25-dec56d3ae3a2,Colores$2.java,actionPerformed,->,7fde255b-22ad-43cf-9e25-dec56d3ae3a2,java/awt/CardLayout.java,show
7fde255b-22ad-43cf-9e25-dec56d3ae3a2,Colores$2.java,actionPerformed,->,7fde255b-22ad-43cf-9e25-dec56d3ae3a2,javax/swing/SwingUtilities.java,getWindowAncestor
7fde255b-22ad-43cf-9e25-dec56d3ae3a2,Colores$2.java,actionPerformed,->,7fde255b-22ad-43cf-9e25-dec56d3ae3a2,java/awt/Window.java,setSize
7fde255b-22ad-43cf-9e25-dec56d3ae3a2,Colores$3.java,actionPerformed,->,7fde255b-22ad-43cf-9e25-dec56d3ae3a2,javax/swing/JPanel.java,add
7fde255b-22ad-43cf-9e25-dec56d3ae3a2,Colores$3.java,actionPerformed,->,7fde255b-22ad-43cf-9e25-dec56d3ae3a2,java/awt/CardLayout.java,show
7fde255b-22ad-43cf-9e25-dec56d3ae3a2,Colores$3.java,actionPerformed,->,7fde255b-22ad-43cf-9e25-dec56d3ae3a2,javax/swing/SwingUtilities.java,getWindowAncestor
7fde255b-22ad-43cf-9e25-dec56d3ae3a2,Colores$3.java,actionPerformed,->,7fde255b-22ad-43cf-9e25-dec56d3ae3a2,java/awt/Window.java,setSize
7fde255b-22ad-43cf-9e25-dec56d3ae3a2,Colores$4.java,actionPerformed,->,7fde255b-22ad-43cf-9e25-dec56d3ae3a2,javax/swing/JPanel.java,add
7fde255b-22ad-43cf-9e25-dec56d3ae3a2,Colores$4.java,actionPerformed,->,7fde255b-22ad-43cf-9e25-dec56d3ae3a2,java/awt/CardLayout.java,show
7fde255b-22ad-43cf-9e25-dec56d3ae3a2,Colores$4.java,actionPerformed,->,7fde255b-22ad-43cf-9e25-dec56d3ae3a2,javax/swing/SwingUtilities.java,getWindowAncestor
7fde255b-22ad-43cf-9e25-dec56d3ae3a2,Colores$4.java,actionPerformed,->,7fde255b-22ad-43cf-9e25-dec56d3ae3a2,java/awt/Window.java,setSize
7fde255b-22ad-43cf-9e25-dec56d3ae3a2,Colores$5.java,actionPerformed,->,7fde255b-22ad-43cf-9e25-dec56d3ae3a2,javax/swing/JPanel.java,add
7fde255b-22ad-43cf-9e25-dec56d3ae3a2,Colores$5.java,actionPerformed,->,7fde255b-22ad-43cf-9e25-dec56d3ae3a2,java/awt/CardLayout.java,show
7fde255b-22ad-43cf-9e25-dec56d3ae3a2,Colores$5.java,actionPerformed,->,7fde255b-22ad-43cf-9e25-dec56d3ae3a2,javax/swing/SwingUtilities.java,getWindowAncestor
7fde255b-22ad-43cf-9e25-dec56d3ae3a2,Colores$5.java,actionPerformed,->,7fde255b-22ad-43cf-9e25-dec56d3ae3a2,java/awt/Window.java,setSize
7fde255b-22ad-43cf-9e25-dec56d3ae3a2,Colores$6.java,actionPerformed,->,7fde255b-22ad-43cf-9e25-dec56d3ae3a2,javax/swing/JPanel.java,add
7fde255b-22ad-43cf-9e25-dec56d3ae3a2,Colores$6.java,actionPerformed,->,7fde255b-22ad-43cf-9e25-dec56d3ae3a2,java/awt/CardLayout.java,show
7fde255b-22ad-43cf-9e25-dec56d3ae3a2,Colores$6.java,actionPerformed,->,7fde255b-22ad-43cf-9e25-dec56d3ae3a2,javax/swing/SwingUtilities.java,getWindowAncestor
7fde255b-22ad-43cf-9e25-dec56d3ae3a2,Colores$6.java,actionPerformed,->,7fde255b-22ad-43cf-9e25-dec56d3ae3a2,java/awt/Window.java,setSize
7fde255b-22ad-43cf-9e25-dec56d3ae3a2,Configuracion$1.java,actionPerformed,->,7fde255b-22ad-43cf-9e25-dec56d3ae3a2,javax/swing/JPanel.java,getLayout
7fde255b-22ad-43cf-9e25-dec56d3ae3a2,Configuracion$1.java,actionPerformed,->,7fde255b-22ad-43cf-9e25-dec56d3ae3a2,java/awt/CardLayout.java,show
7fde255b-22ad-43cf-9e25-dec56d3ae3a2,Configuracion$1.java,actionPerformed,->,7fde255b-22ad-43cf-9e25-dec56d3ae3a2,javax/swing/SwingUtilities.java,getWindowAncestor
7fde255b-22ad-43cf-9e25-dec56d3ae3a2,Configuracion$1.java,actionPerformed,->,7fde255b-22ad-43cf-9e25-dec56d3ae3a2,java/awt/Window.java,setSize
7fde255b-22ad-43cf-9e25-dec56d3ae3a2,Configuracion$ComboItem.java,toString,->,7fde255b-22ad-43cf-9e25-dec56d3ae3a2,java/lang/Object.java,toString
7fde255b-22ad-43cf-9e25-dec56d3ae3a2,Configuracion$ComboRenderer.java,getListCellRendererComponent,->,7fde255b-22ad-43cf-9e25-dec56d3ae3a2,javax/swing/JList.java,getSelectionBackground
7fde255b-22ad-43cf-9e25-dec56d3ae3a2,Configuracion$ComboRenderer.java,getListCellRendererComponent,->,7fde255b-22ad-43cf-9e25-dec56d3ae3a2,Configuracion$ComboRenderer.java,setBackground
7fde255b-22ad-43cf-9e25-dec56d3ae3a2,Configuracion$ComboRenderer.java,getListCellRendererComponent,->,7fde255b-22ad-43cf-9e25-dec56d3ae3a2,javax/swing/JList.java,getSelectionForeground
7fde255b-22ad-43cf-9e25-dec56d3ae3a2,Configuracion$ComboRenderer.java,getListCellRendererComponent,->,7fde255b-22ad-43cf-9e25-dec56d3ae3a2,Configuracion$ComboRenderer.java,setForeground
7fde255b-22ad-43cf-9e25-dec56d3ae3a2,Configuracion$ComboRenderer.java,getListCellRendererComponent,->,7fde255b-22ad-43cf-9e25-dec56d3ae3a2,javax/swing/JList.java,getBackground
7fde255b-22ad-43cf-9e25-dec56d3ae3a2,Configuracion$ComboRenderer.java,getListCellRendererComponent,->,7fde255b-22ad-43cf-9e25-dec56d3ae3a2,Configuracion$ComboRenderer.java,setBackground
7fde255b-22ad-43cf-9e25-dec56d3ae3a2,Configuracion$ComboRenderer.java,getListCellRendererComponent,->,7fde255b-22ad-43cf-9e25-dec56d3ae3a2,javax/swing/JList.java,getForeground
7fde255b-22ad-43cf-9e25-dec56d3ae3a2,Configuracion$ComboRenderer.java,getListCellRendererComponent,->,7fde255b-22ad-43cf-9e25-dec56d3ae3a2,Configuracion$ComboRenderer.java,setForeground
7fde255b-22ad-43cf-9e25-dec56d3ae3a2,Configuracion$ComboRenderer.java,getListCellRendererComponent,->,7fde255b-22ad-43cf-9e25-dec56d3ae3a2,CanEnable.java,isEnabled
7fde255b-22ad-43cf-9e25-dec56d3ae3a2,Configuracion$ComboRenderer.java,getListCellRendererComponent,->,7fde255b-22ad-43cf-9e25-dec56d3ae3a2,javax/swing/JList.java,getBackground
7fde255b-22ad-43cf-9e25-dec56d3ae3a2,Configuracion$ComboRenderer.java,getListCellRendererComponent,->,7fde255b-22ad-43cf-9e25-dec56d3ae3a2,Configuracion$ComboRenderer.java,setBackground
7fde255b-22ad-43cf-9e25-dec56d3ae3a2,Configuracion$ComboRenderer.java,getListCellRendererComponent,->,7fde255b-22ad-43cf-9e25-dec56d3ae3a2,javax/swing/UIManager.java,getColor
7fde255b-22ad-43cf-9e25-dec56d3ae3a2,Configuracion$ComboRenderer.java,getListCellRendererComponent,->,7fde255b-22ad-43cf-9e25-dec56d3ae3a2,Configuracion$ComboRenderer.java,setForeground
7fde255b-22ad-43cf-9e25-dec56d3ae3a2,Configuracion$ComboRenderer.java,getListCellRendererComponent,->,7fde255b-22ad-43cf-9e25-dec56d3ae3a2,javax/swing/JList.java,getFont
7fde255b-22ad-43cf-9e25-dec56d3ae3a2,Configuracion$ComboRenderer.java,getListCellRendererComponent,->,7fde255b-22ad-43cf-9e25-dec56d3ae3a2,Configuracion$ComboRenderer.java,setFont
7fde255b-22ad-43cf-9e25-dec56d3ae3a2,Configuracion$ComboRenderer.java,getListCellRendererComponent,->,7fde255b-22ad-43cf-9e25-dec56d3ae3a2,java/lang/Object.java,toString
7fde255b-22ad-43cf-9e25-dec56d3ae3a2,Configuracion$ComboRenderer.java,getListCellRendererComponent,->,7fde255b-22ad-43cf-9e25-dec56d3ae3a2,Configuracion$ComboRenderer.java,setText
7fde255b-22ad-43cf-9e25-dec56d3ae3a2,Configuracion.java,actionPerformed,->,7fde255b-22ad-43cf-9e25-dec56d3ae3a2,java/awt/event/ActionEvent.java,getSource
7fde255b-22ad-43cf-9e25-dec56d3ae3a2,Configuracion.java,actionPerformed,->,7fde255b-22ad-43cf-9e25-dec56d3ae3a2,javax/swing/JTextField.java,isEnabled
7fde255b-22ad-43cf-9e25-dec56d3ae3a2,Configuracion.java,actionPerformed,->,7fde255b-22ad-43cf-9e25-dec56d3ae3a2,javax/swing/JTextField.java,getText
7fde255b-22ad-43cf-9e25-dec56d3ae3a2,Configuracion.java,actionPerformed,->,7fde255b-22ad-43cf-9e25-dec56d3ae3a2,javax/swing/JComboBox.java,isEnabled
7fde255b-22ad-43cf-9e25-dec56d3ae3a2,Configuracion.java,actionPerformed,->,7fde255b-22ad-43cf-9e25-dec56d3ae3a2,javax/swing/JComboBox.java,getSelectedItem
7fde255b-22ad-43cf-9e25-dec56d3ae3a2,Configuracion.java,actionPerformed,->,7fde255b-22ad-43cf-9e25-dec56d3ae3a2,java/lang/Object.java,toString
7fde255b-22ad-43cf-9e25-dec56d3ae3a2,Configuracion.java,actionPerformed,->,7fde255b-22ad-43cf-9e25-dec56d3ae3a2,Configuracion.java,writeTextFile
7fde255b-22ad-43cf-9e25-dec56d3ae3a2,Configuracion.java,actionPerformed,->,7fde255b-22ad-43cf-9e25-dec56d3ae3a2,Configuracion.java,readTextFile
7fde255b-22ad-43cf-9e25-dec56d3ae3a2,Configuracion.java,actionPerformed,->,7fde255b-22ad-43cf-9e25-dec56d3ae3a2,javax/swing/JLabel.java,setText
7fde255b-22ad-43cf-9e25-dec56d3ae3a2,Configuracion.java,actionPerformed,->,7fde255b-22ad-43cf-9e25-dec56d3ae3a2,java/awt/event/ActionEvent.java,getSource
7fde255b-22ad-43cf-9e25-dec56d3ae3a2,Configuracion.java,actionPerformed,->,7fde255b-22ad-43cf-9e25-dec56d3ae3a2,javax/swing/JTextField.java,setEnabled
7fde255b-22ad-43cf-9e25-dec56d3ae3a2,Configuracion.java,actionPerformed,->,7fde255b-22ad-43cf-9e25-dec56d3ae3a2,javax/swing/JComboBox.java,setEnabled
7fde255b-22ad-43cf-9e25-dec56d3ae3a2,Configuracion.java,actionPerformed,->,7fde255b-22ad-43cf-9e25-dec56d3ae3a2,java/awt/event/ActionEvent.java,getSource
7fde255b-22ad-43cf-9e25-dec56d3ae3a2,Configuracion.java,actionPerformed,->,7fde255b-22ad-43cf-9e25-dec56d3ae3a2,javax/swing/JTextField.java,setEnabled
7fde255b-22ad-43cf-9e25-dec56d3ae3a2,Configuracion.java,actionPerformed,->,7fde255b-22ad-43cf-9e25-dec56d3ae3a2,javax/swing/JComboBox.java,setEnabled
7fde255b-22ad-43cf-9e25-dec56d3ae3a2,Configuracion.java,actionPerformed,->,7fde255b-22ad-43cf-9e25-dec56d3ae3a2,java/awt/event/ActionEvent.java,getSource
7fde255b-22ad-43cf-9e25-dec56d3ae3a2,Configuracion.java,writeTextFile,->,7fde255b-22ad-43cf-9e25-dec56d3ae3a2,java/io/FileWriter.java,write
7fde255b-22ad-43cf-9e25-dec56d3ae3a2,Configuracion.java,writeTextFile,->,7fde255b-22ad-43cf-9e25-dec56d3ae3a2,javax/swing/JOptionPane.java,showMessageDialog
7fde255b-22ad-43cf-9e25-dec56d3ae3a2,Configuracion.java,writeTextFile,->,7fde255b-22ad-43cf-9e25-dec56d3ae3a2,java/io/FileWriter.java,close
7fde255b-22ad-43cf-9e25-dec56d3ae3a2,Configuracion.java,writeTextFile,->,7fde255b-22ad-43cf-9e25-dec56d3ae3a2,java/io/IOException.java,printStackTrace
7fde255b-22ad-43cf-9e25-dec56d3ae3a2,Configuracion.java,readTextFile,->,7fde255b-22ad-43cf-9e25-dec56d3ae3a2,java/io/BufferedReader.java,readLine
7fde255b-22ad-43cf-9e25-dec56d3ae3a2,Configuracion.java,readTextFile,->,7fde255b-22ad-43cf-9e25-dec56d3ae3a2,java/io/BufferedReader.java,readLine
7fde255b-22ad-43cf-9e25-dec56d3ae3a2,Configuracion.java,readTextFile,->,7fde255b-22ad-43cf-9e25-dec56d3ae3a2,java/io/BufferedReader.java,close
7fde255b-22ad-43cf-9e25-dec56d3ae3a2,Configuracion.java,readTextFile,->,7fde255b-22ad-43cf-9e25-dec56d3ae3a2,java/io/FileNotFoundException.java,printStackTrace
7fde255b-22ad-43cf-9e25-dec56d3ae3a2,Configuracion.java,readTextFile,->,7fde255b-22ad-43cf-9e25-dec56d3ae3a2,java/io/IOException.java,printStackTrace
7fde255b-22ad-43cf-9e25-dec56d3ae3a2,CoolBlue.java,<clinit>,->,7fde255b-22ad-43cf-9e25-dec56d3ae3a2,java/lang/StringBuilder.java,append
7fde255b-22ad-43cf-9e25-dec56d3ae3a2,CoolBlue.java,<clinit>,->,7fde255b-22ad-43cf-9e25-dec56d3ae3a2,java/lang/StringBuilder.java,append
7fde255b-22ad-43cf-9e25-dec56d3ae3a2,CoolBlue.java,<clinit>,->,7fde255b-22ad-43cf-9e25-dec56d3ae3a2,java/lang/StringBuilder.java,append
7fde255b-22ad-43cf-9e25-dec56d3ae3a2,CoolBlue.java,<clinit>,->,7fde255b-22ad-43cf-9e25-dec56d3ae3a2,java/lang/StringBuilder.java,append
7fde255b-22ad-43cf-9e25-dec56d3ae3a2,CoolBlue.java,<clinit>,->,7fde255b-22ad-43cf-9e25-dec56d3ae3a2,java/lang/StringBuilder.java,append
7fde255b-22ad-43cf-9e25-dec56d3ae3a2,CoolBlue.java,<clinit>,->,7fde255b-22ad-43cf-9e25-dec56d3ae3a2,java/lang/StringBuilder.java,append
7fde255b-22ad-43cf-9e25-dec56d3ae3a2,CoolBlue.java,<clinit>,->,7fde255b-22ad-43cf-9e25-dec56d3ae3a2,java/lang/StringBuilder.java,append
7fde255b-22ad-43cf-9e25-dec56d3ae3a2,CoolBlue.java,<clinit>,->,7fde255b-22ad-43cf-9e25-dec56d3ae3a2,java/lang/StringBuilder.java,append
7fde255b-22ad-43cf-9e25-dec56d3ae3a2,CoolBlue.java,<clinit>,->,7fde255b-22ad-43cf-9e25-dec56d3ae3a2,java/lang/StringBuilder.java,append
7fde255b-22ad-43cf-9e25-dec56d3ae3a2,CoolBlue.java,<clinit>,->,7fde255b-22ad-43cf-9e25-dec56d3ae3a2,java/lang/StringBuilder.java,append
7fde255b-22ad-43cf-9e25-dec56d3ae3a2,CoolBlue.java,<clinit>,->,7fde255b-22ad-43cf-9e25-dec56d3ae3a2,java/lang/StringBuilder.java,append
7fde255b-22ad-43cf-9e25-dec56d3ae3a2,CoolBlue.java,<clinit>,->,7fde255b-22ad-43cf-9e25-dec56d3ae3a2,java/lang/StringBuilder.java,append
7fde255b-22ad-43cf-9e25-dec56d3ae3a2,CoolBlue.java,<clinit>,->,7fde255b-22ad-43cf-9e25-dec56d3ae3a2,java/lang/StringBuilder.java,append
7fde255b-22ad-43cf-9e25-dec56d3ae3a2,CoolBlue.java,<clinit>,->,7fde255b-22ad-43cf-9e25-dec56d3ae3a2,java/lang/StringBuilder.java,append
7fde255b-22ad-43cf-9e25-dec56d3ae3a2,CoolBlue.java,<clinit>,->,7fde255b-22ad-43cf-9e25-dec56d3ae3a2,java/lang/StringBuilder.java,append
7fde255b-22ad-43cf-9e25-dec56d3ae3a2,CoolBlue.java,<clinit>,->,7fde255b-22ad-43cf-9e25-dec56d3ae3a2,java/lang/StringBuilder.java,append
7fde255b-22ad-43cf-9e25-dec56d3ae3a2,CoolBlue.java,<clinit>,->,7fde255b-22ad-43cf-9e25-dec56d3ae3a2,java/lang/StringBuilder.java,append
7fde255b-22ad-43cf-9e25-dec56d3ae3a2,CoolBlue.java,<clinit>,->,7fde255b-22ad-43cf-9e25-dec56d3ae3a2,java/lang/StringBuilder.java,append
7fde255b-22ad-43cf-9e25-dec56d3ae3a2,CoolBlue.java,<clinit>,->,7fde255b-22ad-43cf-9e25-dec56d3ae3a2,java/lang/StringBuilder.java,append
7fde255b-22ad-43cf-9e25-dec56d3ae3a2,CoolBlue.java,<clinit>,->,7fde255b-22ad-43cf-9e25-dec56d3ae3a2,java/lang/StringBuilder.java,append
7fde255b-22ad-43cf-9e25-dec56d3ae3a2,CoolBlue.java,<clinit>,->,7fde255b-22ad-43cf-9e25-dec56d3ae3a2,java/lang/StringBuilder.java,append
7fde255b-22ad-43cf-9e25-dec56d3ae3a2,CoolBlue.java,<clinit>,->,7fde255b-22ad-43cf-9e25-dec56d3ae3a2,java/lang/StringBuilder.java,toString
7fde255b-22ad-43cf-9e25-dec56d3ae3a2,CopyOfButtonScroll$1.java,stateChanged,->,7fde255b-22ad-43cf-9e25-dec56d3ae3a2,javax/swing/JViewport.java,getViewPosition
7fde255b-22ad-43cf-9e25-dec56d3ae3a2,CopyOfButtonScroll$1.java,stateChanged,->,7fde255b-22ad-43cf-9e25-dec56d3ae3a2,0306684c-3397-4c0a-8c1f-a3f097d2f40c,81abecd4-59db-443d-896f-c6c8b7335f7e
7fde255b-22ad-43cf-9e25-dec56d3ae3a2,CopyOfButtonScroll$2.java,actionPerformed,->,7fde255b-22ad-43cf-9e25-dec56d3ae3a2,0306684c-3397-4c0a-8c1f-a3f097d2f40c,443b4692-768c-4e2a-bdfd-f73845a3fa62
7fde255b-22ad-43cf-9e25-dec56d3ae3a2,CopyOfButtonScroll$3.java,actionPerformed,->,7fde255b-22ad-43cf-9e25-dec56d3ae3a2,0306684c-3397-4c0a-8c1f-a3f097d2f40c,443b4692-768c-4e2a-bdfd-f73845a3fa62
7fde255b-22ad-43cf-9e25-dec56d3ae3a2,CopyOfButtonScroll$4.java,actionPerformed,->,7fde255b-22ad-43cf-9e25-dec56d3ae3a2,0306684c-3397-4c0a-8c1f-a3f097d2f40c,443b4692-768c-4e2a-bdfd-f73845a3fa62
7fde255b-22ad-43cf-9e25-dec56d3ae3a2,CopyOfButtonScroll$5.java,actionPerformed,->,7fde255b-22ad-43cf-9e25-dec56d3ae3a2,0306684c-3397-4c0a-8c1f-a3f097d2f40c,443b4692-768c-4e2a-bdfd-f73845a3fa62
7fde255b-22ad-43cf-9e25-dec56d3ae3a2,CopyOfButtonScroll$6.java,windowClosing,->,7fde255b-22ad-43cf-9e25-dec56d3ae3a2,java/lang/System.java,exit
7fde255b-22ad-43cf-9e25-dec56d3ae3a2,0306684c-3397-4c0a-8c1f-a3f097d2f40c,a0e947e5-c37f-4acd-95a8-53c5681308dd,->,7fde255b-22ad-43cf-9e25-dec56d3ae3a2,java/lang/StringBuilder.java,append
7fde255b-22ad-43cf-9e25-dec56d3ae3a2,0306684c-3397-4c0a-8c1f-a3f097d2f40c,a0e947e5-c37f-4acd-95a8-53c5681308dd,->,7fde255b-22ad-43cf-9e25-dec56d3ae3a2,java/lang/StringBuilder.java,append
7fde255b-22ad-43cf-9e25-dec56d3ae3a2,0306684c-3397-4c0a-8c1f-a3f097d2f40c,a0e947e5-c37f-4acd-95a8-53c5681308dd,->,7fde255b-22ad-43cf-9e25-dec56d3ae3a2,java/lang/StringBuilder.java,toString
7fde255b-22ad-43cf-9e25-dec56d3ae3a2,0306684c-3397-4c0a-8c1f-a3f097d2f40c,a0e947e5-c37f-4acd-95a8-53c5681308dd,->,7fde255b-22ad-43cf-9e25-dec56d3ae3a2,javax/swing/JButton.java,setToolTipText
7fde255b-22ad-43cf-9e25-dec56d3ae3a2,0306684c-3397-4c0a-8c1f-a3f097d2f40c,a0e947e5-c37f-4acd-95a8-53c5681308dd,->,7fde255b-22ad-43cf-9e25-dec56d3ae3a2,javax/swing/JButton.java,setBorderPainted
7fde255b-22ad-43cf-9e25-dec56d3ae3a2,0306684c-3397-4c0a-8c1f-a3f097d2f40c,a0e947e5-c37f-4acd-95a8-53c5681308dd,->,7fde255b-22ad-43cf-9e25-dec56d3ae3a2,javax/swing/JButton.java,setMargin
7fde255b-22ad-43cf-9e25-dec56d3ae3a2,0306684c-3397-4c0a-8c1f-a3f097d2f40c,a0e947e5-c37f-4acd-95a8-53c5681308dd,->,7fde255b-22ad-43cf-9e25-dec56d3ae3a2,javax/swing/JButton.java,setContentAreaFilled
7fde255b-22ad-43cf-9e25-dec56d3ae3a2,0306684c-3397-4c0a-8c1f-a3f097d2f40c,a0e947e5-c37f-4acd-95a8-53c5681308dd,->,7fde255b-22ad-43cf-9e25-dec56d3ae3a2,javax/swing/JButton.java,setMnemonic
7fde255b-22ad-43cf-9e25-dec56d3ae3a2,0306684c-3397-4c0a-8c1f-a3f097d2f40c,443b4692-768c-4e2a-bdfd-f73845a3fa62,->,7fde255b-22ad-43cf-9e25-dec56d3ae3a2,javax/swing/JViewport.java,getViewPosition
7fde255b-22ad-43cf-9e25-dec56d3ae3a2,0306684c-3397-4c0a-8c1f-a3f097d2f40c,443b4692-768c-4e2a-bdfd-f73845a3fa62,->,7fde255b-22ad-43cf-9e25-dec56d3ae3a2,java/lang/StringBuilder.java,append
7fde255b-22ad-43cf-9e25-dec56d3ae3a2,0306684c-3397-4c0a-8c1f-a3f097d2f40c,443b4692-768c-4e2a-bdfd-f73845a3fa62,->,7fde255b-22ad-43cf-9e25-dec56d3ae3a2,java/lang/StringBuilder.java,append
7fde255b-22ad-43cf-9e25-dec56d3ae3a2,0306684c-3397-4c0a-8c1f-a3f097d2f40c,443b4692-768c-4e2a-bdfd-f73845a3fa62,->,7fde255b-22ad-43cf-9e25-dec56d3ae3a2,java/lang/StringBuilder.java,append
7fde255b-22ad-43cf-9e25-dec56d3ae3a2,0306684c-3397-4c0a-8c1f-a3f097d2f40c,443b4692-768c-4e2a-bdfd-f73845a3fa62,->,7fde255b-22ad-43cf-9e25-dec56d3ae3a2,java/lang/StringBuilder.java,toString
7fde255b-22ad-43cf-9e25-dec56d3ae3a2,0306684c-3397-4c0a-8c1f-a3f097d2f40c,443b4692-768c-4e2a-bdfd-f73845a3fa62,->,7fde255b-22ad-43cf-9e25-dec56d3ae3a2,java/io/PrintStream.java,println
7fde255b-22ad-43cf-9e25-dec56d3ae3a2,0306684c-3397-4c0a-8c1f-a3f097d2f40c,443b4692-768c-4e2a-bdfd-f73845a3fa62,->,7fde255b-22ad-43cf-9e25-dec56d3ae3a2,java/lang/Math.java,max
7fde255b-22ad-43cf-9e25-dec56d3ae3a2,0306684c-3397-4c0a-8c1f-a3f097d2f40c,443b4692-768c-4e2a-bdfd-f73845a3fa62,->,7fde255b-22ad-43cf-9e25-dec56d3ae3a2,0306684c-3397-4c0a-8c1f-a3f097d2f40c,15b10956-5507-4492-8717-5c7221459d72
7fde255b-22ad-43cf-9e25-dec56d3ae3a2,0306684c-3397-4c0a-8c1f-a3f097d2f40c,443b4692-768c-4e2a-bdfd-f73845a3fa62,->,7fde255b-22ad-43cf-9e25-dec56d3ae3a2,java/lang/Math.java,min
7fde255b-22ad-43cf-9e25-dec56d3ae3a2,0306684c-3397-4c0a-8c1f-a3f097d2f40c,443b4692-768c-4e2a-bdfd-f73845a3fa62,->,7fde255b-22ad-43cf-9e25-dec56d3ae3a2,java/lang/Math.java,max
7fde255b-22ad-43cf-9e25-dec56d3ae3a2,0306684c-3397-4c0a-8c1f-a3f097d2f40c,443b4692-768c-4e2a-bdfd-f73845a3fa62,->,7fde255b-22ad-43cf-9e25-dec56d3ae3a2,0306684c-3397-4c0a-8c1f-a3f097d2f40c,f67029fb-919f-4d71-8a2c-db4fd833a2f5
7fde255b-22ad-43cf-9e25-dec56d3ae3a2,0306684c-3397-4c0a-8c1f-a3f097d2f40c,443b4692-768c-4e2a-bdfd-f73845a3fa62,->,7fde255b-22ad-43cf-9e25-dec56d3ae3a2,java/lang/Math.java,min
7fde255b-22ad-43cf-9e25-dec56d3ae3a2,0306684c-3397-4c0a-8c1f-a3f097d2f40c,443b4692-768c-4e2a-bdfd-f73845a3fa62,->,7fde255b-22ad-43cf-9e25-dec56d3ae3a2,javax/swing/JViewport.java,setViewPosition
7fde255b-22ad-43cf-9e25-dec56d3ae3a2,0306684c-3397-4c0a-8c1f-a3f097d2f40c,443b4692-768c-4e2a-bdfd-f73845a3fa62,->,7fde255b-22ad-43cf-9e25-dec56d3ae3a2,0306684c-3397-4c0a-8c1f-a3f097d2f40c,81abecd4-59db-443d-896f-c6c8b7335f7e
7fde255b-22ad-43cf-9e25-dec56d3ae3a2,0306684c-3397-4c0a-8c1f-a3f097d2f40c,81abecd4-59db-443d-896f-c6c8b7335f7e,->,7fde255b-22ad-43cf-9e25-dec56d3ae3a2,0306684c-3397-4c0a-8c1f-a3f097d2f40c,60867725-b5b1-412a-8c19-5294777fdc4b
7fde255b-22ad-43cf-9e25-dec56d3ae3a2,0306684c-3397-4c0a-8c1f-a3f097d2f40c,81abecd4-59db-443d-896f-c6c8b7335f7e,->,7fde255b-22ad-43cf-9e25-dec56d3ae3a2,0306684c-3397-4c0a-8c1f-a3f097d2f40c,60867725-b5b1-412a-8c19-5294777fdc4b
7fde255b-22ad-43cf-9e25-dec56d3ae3a2,0306684c-3397-4c0a-8c1f-a3f097d2f40c,81abecd4-59db-443d-896f-c6c8b7335f7e,->,7fde255b-22ad-43cf-9e25-dec56d3ae3a2,0306684c-3397-4c0a-8c1f-a3f097d2f40c,15b10956-5507-4492-8717-5c7221459d72
7fde255b-22ad-43cf-9e25-dec56d3ae3a2,0306684c-3397-4c0a-8c1f-a3f097d2f40c,81abecd4-59db-443d-896f-c6c8b7335f7e,->,7fde255b-22ad-43cf-9e25-dec56d3ae3a2,0306684c-3397-4c0a-8c1f-a3f097d2f40c,60867725-b5b1-412a-8c19-5294777fdc4b
7fde255b-22ad-43cf-9e25-dec56d3ae3a2,0306684c-3397-4c0a-8c1f-a3f097d2f40c,81abecd4-59db-443d-896f-c6c8b7335f7e,->,7fde255b-22ad-43cf-9e25-dec56d3ae3a2,0306684c-3397-4c0a-8c1f-a3f097d2f40c,60867725-b5b1-412a-8c19-5294777fdc4b
7fde255b-22ad-43cf-9e25-dec56d3ae3a2,0306684c-3397-4c0a-8c1f-a3f097d2f40c,81abecd4-59db-443d-896f-c6c8b7335f7e,->,7fde255b-22ad-43cf-9e25-dec56d3ae3a2,0306684c-3397-4c0a-8c1f-a3f097d2f40c,60867725-b5b1-412a-8c19-5294777fdc4b
7fde255b-22ad-43cf-9e25-dec56d3ae3a2,0306684c-3397-4c0a-8c1f-a3f097d2f40c,81abecd4-59db-443d-896f-c6c8b7335f7e,->,7fde255b-22ad-43cf-9e25-dec56d3ae3a2,0306684c-3397-4c0a-8c1f-a3f097d2f40c,60867725-b5b1-412a-8c19-5294777fdc4b
7fde255b-22ad-43cf-9e25-dec56d3ae3a2,0306684c-3397-4c0a-8c1f-a3f097d2f40c,81abecd4-59db-443d-896f-c6c8b7335f7e,->,7fde255b-22ad-43cf-9e25-dec56d3ae3a2,0306684c-3397-4c0a-8c1f-a3f097d2f40c,f67029fb-919f-4d71-8a2c-db4fd833a2f5
7fde255b-22ad-43cf-9e25-dec56d3ae3a2,0306684c-3397-4c0a-8c1f-a3f097d2f40c,81abecd4-59db-443d-896f-c6c8b7335f7e,->,7fde255b-22ad-43cf-9e25-dec56d3ae3a2,0306684c-3397-4c0a-8c1f-a3f097d2f40c,60867725-b5b1-412a-8c19-5294777fdc4b
7fde255b-22ad-43cf-9e25-dec56d3ae3a2,0306684c-3397-4c0a-8c1f-a3f097d2f40c,81abecd4-59db-443d-896f-c6c8b7335f7e,->,7fde255b-22ad-43cf-9e25-dec56d3ae3a2,0306684c-3397-4c0a-8c1f-a3f097d2f40c,60867725-b5b1-412a-8c19-5294777fdc4b
7fde255b-22ad-43cf-9e25-dec56d3ae3a2,0306684c-3397-4c0a-8c1f-a3f097d2f40c,60867725-b5b1-412a-8c19-5294777fdc4b,->,7fde255b-22ad-43cf-9e25-dec56d3ae3a2,javax/swing/JComponent.java,isEnabled
7fde255b-22ad-43cf-9e25-dec56d3ae3a2,0306684c-3397-4c0a-8c1f-a3f097d2f40c,60867725-b5b1-412a-8c19-5294777fdc4b,->,7fde255b-22ad-43cf-9e25-dec56d3ae3a2,javax/swing/JComponent.java,setEnabled
7fde255b-22ad-43cf-9e25-dec56d3ae3a2,0306684c-3397-4c0a-8c1f-a3f097d2f40c,15b10956-5507-4492-8717-5c7221459d72,->,7fde255b-22ad-43cf-9e25-dec56d3ae3a2,javax/swing/JViewport.java,getView
7fde255b-22ad-43cf-9e25-dec56d3ae3a2,0306684c-3397-4c0a-8c1f-a3f097d2f40c,15b10956-5507-4492-8717-5c7221459d72,->,7fde255b-22ad-43cf-9e25-dec56d3ae3a2,java/awt/Component.java,getWidth
7fde255b-22ad-43cf-9e25-dec56d3ae3a2,0306684c-3397-4c0a-8c1f-a3f097d2f40c,15b10956-5507-4492-8717-5c7221459d72,->,7fde255b-22ad-43cf-9e25-dec56d3ae3a2,javax/swing/JViewport.java,getWidth
7fde255b-22ad-43cf-9e25-dec56d3ae3a2,0306684c-3397-4c0a-8c1f-a3f097d2f40c,f67029fb-919f-4d71-8a2c-db4fd833a2f5,->,7fde255b-22ad-43cf-9e25-dec56d3ae3a2,javax/swing/JViewport.java,getView
7fde255b-22ad-43cf-9e25-dec56d3ae3a2,0306684c-3397-4c0a-8c1f-a3f097d2f40c,f67029fb-919f-4d71-8a2c-db4fd833a2f5,->,7fde255b-22ad-43cf-9e25-dec56d3ae3a2,java/awt/Component.java,getHeight
7fde255b-22ad-43cf-9e25-dec56d3ae3a2,0306684c-3397-4c0a-8c1f-a3f097d2f40c,f67029fb-919f-4d71-8a2c-db4fd833a2f5,->,7fde255b-22ad-43cf-9e25-dec56d3ae3a2,javax/swing/JViewport.java,getHeight
7fde255b-22ad-43cf-9e25-dec56d3ae3a2,CopyOfCopyOfbackground$1.java,run,->,7fde255b-22ad-43cf-9e25-dec56d3ae3a2,CopyOfCopyOfbackground.java,setVisible
7fde255b-22ad-43cf-9e25-dec56d3ae3a2,CopyOfCopyOfbackground$1.java,run,->,7fde255b-22ad-43cf-9e25-dec56d3ae3a2,java/lang/Exception.java,printStackTrace
7fde255b-22ad-43cf-9e25-dec56d3ae3a2,CopyOfCopyOfbackground$2.java,actionPerformed,->,7fde255b-22ad-43cf-9e25-dec56d3ae3a2,d8e62090-e6f9-4109-8c77-707dd72c6c2e,"01804cd0-99a5-4d03-b2f2-e339ff6e7b5d,6985b003-fa9b-4777-82d5-356cb5e75b19"
7fde255b-22ad-43cf-9e25-dec56d3ae3a2,CopyOfCopyOfbackground$3.java,actionPerformed,->,7fde255b-22ad-43cf-9e25-dec56d3ae3a2,d8e62090-e6f9-4109-8c77-707dd72c6c2e,"01804cd0-99a5-4d03-b2f2-e339ff6e7b5d,6985b003-fa9b-4777-82d5-356cb5e75b19"
7fde255b-22ad-43cf-9e25-dec56d3ae3a2,d8e62090-e6f9-4109-8c77-707dd72c6c2e,6e99bc8e-b090-4d00-8623-03f5f92e2f23,->,7fde255b-22ad-43cf-9e25-dec56d3ae3a2,java/awt/EventQueue.java,invokeLater
7fde255b-22ad-43cf-9e25-dec56d3ae3a2,d8e62090-e6f9-4109-8c77-707dd72c6c2e,"01804cd0-99a5-4d03-b2f2-e339ff6e7b5d,6985b003-fa9b-4777-82d5-356cb5e75b19",->,7fde255b-22ad-43cf-9e25-dec56d3ae3a2,java/awt/Desktop.java,isDesktopSupported
7fde255b-22ad-43cf-9e25-dec56d3ae3a2,d8e62090-e6f9-4109-8c77-707dd72c6c2e,"01804cd0-99a5-4d03-b2f2-e339ff6e7b5d,6985b003-fa9b-4777-82d5-356cb5e75b19",->,7fde255b-22ad-43cf-9e25-dec56d3ae3a2,java/awt/Desktop.java,getDesktop
7fde255b-22ad-43cf-9e25-dec56d3ae3a2,d8e62090-e6f9-4109-8c77-707dd72c6c2e,"01804cd0-99a5-4d03-b2f2-e339ff6e7b5d,6985b003-fa9b-4777-82d5-356cb5e75b19",->,7fde255b-22ad-43cf-9e25-dec56d3ae3a2,java/awt/Desktop.java,isSupported
7fde255b-22ad-43cf-9e25-dec56d3ae3a2,d8e62090-e6f9-4109-8c77-707dd72c6c2e,"01804cd0-99a5-4d03-b2f2-e339ff6e7b5d,6985b003-fa9b-4777-82d5-356cb5e75b19",->,7fde255b-22ad-43cf-9e25-dec56d3ae3a2,java/awt/Desktop.java,browse
7fde255b-22ad-43cf-9e25-dec56d3ae3a2,d8e62090-e6f9-4109-8c77-707dd72c6c2e,"01804cd0-99a5-4d03-b2f2-e339ff6e7b5d,6985b003-fa9b-4777-82d5-356cb5e75b19",->,7fde255b-22ad-43cf-9e25-dec56d3ae3a2,java/lang/Exception.java,printStackTrace
7fde255b-22ad-43cf-9e25-dec56d3ae3a2,d8e62090-e6f9-4109-8c77-707dd72c6c2e,"01804cd0-99a5-4d03-b2f2-e339ff6e7b5d,6985b003-fa9b-4777-82d5-356cb5e75b19",->,7fde255b-22ad-43cf-9e25-dec56d3ae3a2,java/net/URL.java,toURI
7fde255b-22ad-43cf-9e25-dec56d3ae3a2,d8e62090-e6f9-4109-8c77-707dd72c6c2e,"01804cd0-99a5-4d03-b2f2-e339ff6e7b5d,6985b003-fa9b-4777-82d5-356cb5e75b19",->,7fde255b-22ad-43cf-9e25-dec56d3ae3a2,d8e62090-e6f9-4109-8c77-707dd72c6c2e,"01804cd0-99a5-4d03-b2f2-e339ff6e7b5d,6985b003-fa9b-4777-82d5-356cb5e75b19"
7fde255b-22ad-43cf-9e25-dec56d3ae3a2,d8e62090-e6f9-4109-8c77-707dd72c6c2e,"01804cd0-99a5-4d03-b2f2-e339ff6e7b5d,6985b003-fa9b-4777-82d5-356cb5e75b19",->,7fde255b-22ad-43cf-9e25-dec56d3ae3a2,java/net/URISyntaxException.java,printStackTrace
7fde255b-22ad-43cf-9e25-dec56d3ae3a2,CopyOfTipos$1.java,actionPerformed,->,7fde255b-22ad-43cf-9e25-dec56d3ae3a2,javax/swing/JPanel.java,getLayout
7fde255b-22ad-43cf-9e25-dec56d3ae3a2,CopyOfTipos$1.java,actionPerformed,->,7fde255b-22ad-43cf-9e25-dec56d3ae3a2,java/awt/CardLayout.java,show
7fde255b-22ad-43cf-9e25-dec56d3ae3a2,CopyOfTipos$1.java,actionPerformed,->,7fde255b-22ad-43cf-9e25-dec56d3ae3a2,javax/swing/SwingUtilities.java,getWindowAncestor
7fde255b-22ad-43cf-9e25-dec56d3ae3a2,CopyOfTipos$1.java,actionPerformed,->,7fde255b-22ad-43cf-9e25-dec56d3ae3a2,java/awt/Window.java,setSize
7fde255b-22ad-43cf-9e25-dec56d3ae3a2,CopyOfTipos$2.java,mouseEntered,->,7fde255b-22ad-43cf-9e25-dec56d3ae3a2,java/lang/Object.java,getClass
7fde255b-22ad-43cf-9e25-dec56d3ae3a2,CopyOfTipos$2.java,mouseEntered,->,7fde255b-22ad-43cf-9e25-dec56d3ae3a2,java/lang/Class.java,getResource
7fde255b-22ad-43cf-9e25-dec56d3ae3a2,CopyOfTipos$2.java,mouseEntered,->,7fde255b-22ad-43cf-9e25-dec56d3ae3a2,javax/swing/JButton.java,setIcon
7fde255b-22ad-43cf-9e25-dec56d3ae3a2,CopyOfTipos$2.java,mouseEntered,->,7fde255b-22ad-43cf-9e25-dec56d3ae3a2,java/lang/Object.java,getClass
7fde255b-22ad-43cf-9e25-dec56d3ae3a2,CopyOfTipos$2.java,mouseEntered,->,7fde255b-22ad-43cf-9e25-dec56d3ae3a2,java/lang/Class.java,getResource
7fde255b-22ad-43cf-9e25-dec56d3ae3a2,CopyOfTipos$2.java,mouseEntered,->,7fde255b-22ad-43cf-9e25-dec56d3ae3a2,javax/swing/JButton.java,setIcon
7fde255b-22ad-43cf-9e25-dec56d3ae3a2,CopyOfTipos$2.java,mouseExited,->,7fde255b-22ad-43cf-9e25-dec56d3ae3a2,java/lang/Object.java,getClass
7fde255b-22ad-43cf-9e25-dec56d3ae3a2,CopyOfTipos$2.java,mouseExited,->,7fde255b-22ad-43cf-9e25-dec56d3ae3a2,java/lang/Class.java,getResource
7fde255b-22ad-43cf-9e25-dec56d3ae3a2,CopyOfTipos$2.java,mouseExited,->,7fde255b-22ad-43cf-9e25-dec56d3ae3a2,javax/swing/JButton.java,setIcon
7fde255b-22ad-43cf-9e25-dec56d3ae3a2,CopyOfTipos$2.java,mouseExited,->,7fde255b-22ad-43cf-9e25-dec56d3ae3a2,java/lang/Object.java,getClass
7fde255b-22ad-43cf-9e25-dec56d3ae3a2,CopyOfTipos$2.java,mouseExited,->,7fde255b-22ad-43cf-9e25-dec56d3ae3a2,java/lang/Class.java,getResource
7fde255b-22ad-43cf-9e25-dec56d3ae3a2,CopyOfTipos$2.java,mouseExited,->,7fde255b-22ad-43cf-9e25-dec56d3ae3a2,javax/swing/JButton.java,setIcon
7fde255b-22ad-43cf-9e25-dec56d3ae3a2,CopyOfTipos$3.java,mouseEntered,->,7fde255b-22ad-43cf-9e25-dec56d3ae3a2,java/lang/Object.java,getClass
7fde255b-22ad-43cf-9e25-dec56d3ae3a2,CopyOfTipos$3.java,mouseEntered,->,7fde255b-22ad-43cf-9e25-dec56d3ae3a2,java/lang/Class.java,getResource
7fde255b-22ad-43cf-9e25-dec56d3ae3a2,CopyOfTipos$3.java,mouseEntered,->,7fde255b-22ad-43cf-9e25-dec56d3ae3a2,javax/swing/JButton.java,setIcon
7fde255b-22ad-43cf-9e25-dec56d3ae3a2,CopyOfTipos$3.java,mouseEntered,->,7fde255b-22ad-43cf-9e25-dec56d3ae3a2,java/lang/Object.java,getClass
7fde255b-22ad-43cf-9e25-dec56d3ae3a2,CopyOfTipos$3.java,mouseEntered,->,7fde255b-22ad-43cf-9e25-dec56d3ae3a2,java/lang/Class.java,getResource
7fde255b-22ad-43cf-9e25-dec56d3ae3a2,CopyOfTipos$3.java,mouseEntered,->,7fde255b-22ad-43cf-9e25-dec56d3ae3a2,javax/swing/JButton.java,setIcon
7fde255b-22ad-43cf-9e25-dec56d3ae3a2,CopyOfTipos$3.java,mouseExited,->,7fde255b-22ad-43cf-9e25-dec56d3ae3a2,java/lang/Object.java,getClass
7fde255b-22ad-43cf-9e25-dec56d3ae3a2,CopyOfTipos$3.java,mouseExited,->,7fde255b-22ad-43cf-9e25-dec56d3ae3a2,java/lang/Class.java,getResource
7fde255b-22ad-43cf-9e25-dec56d3ae3a2,CopyOfTipos$3.java,mouseExited,->,7fde255b-22ad-43cf-9e25-dec56d3ae3a2,javax/swing/JButton.java,setIcon
7fde255b-22ad-43cf-9e25-dec56d3ae3a2,CopyOfTipos$3.java,mouseExited,->,7fde255b-22ad-43cf-9e25-dec56d3ae3a2,java/lang/Object.java,getClass
7fde255b-22ad-43cf-9e25-dec56d3ae3a2,CopyOfTipos$3.java,mouseExited,->,7fde255b-22ad-43cf-9e25-dec56d3ae3a2,java/lang/Class.java,getResource
7fde255b-22ad-43cf-9e25-dec56d3ae3a2,CopyOfTipos$3.java,mouseExited,->,7fde255b-22ad-43cf-9e25-dec56d3ae3a2,javax/swing/JButton.java,setIcon
7fde255b-22ad-43cf-9e25-dec56d3ae3a2,CopyOfTipos$4.java,mouseEntered,->,7fde255b-22ad-43cf-9e25-dec56d3ae3a2,java/lang/Object.java,getClass
7fde255b-22ad-43cf-9e25-dec56d3ae3a2,CopyOfTipos$4.java,mouseEntered,->,7fde255b-22ad-43cf-9e25-dec56d3ae3a2,java/lang/Class.java,getResource
7fde255b-22ad-43cf-9e25-dec56d3ae3a2,CopyOfTipos$4.java,mouseEntered,->,7fde255b-22ad-43cf-9e25-dec56d3ae3a2,javax/swing/JButton.java,setIcon
7fde255b-22ad-43cf-9e25-dec56d3ae3a2,CopyOfTipos$4.java,mouseEntered,->,7fde255b-22ad-43cf-9e25-dec56d3ae3a2,java/lang/Object.java,getClass
7fde255b-22ad-43cf-9e25-dec56d3ae3a2,CopyOfTipos$4.java,mouseEntered,->,7fde255b-22ad-43cf-9e25-dec56d3ae3a2,java/lang/Class.java,getResource
7fde255b-22ad-43cf-9e25-dec56d3ae3a2,CopyOfTipos$4.java,mouseEntered,->,7fde255b-22ad-43cf-9e25-dec56d3ae3a2,javax/swing/JButton.java,setIcon
7fde255b-22ad-43cf-9e25-dec56d3ae3a2,CopyOfTipos$4.java,mouseEntered,->,7fde255b-22ad-43cf-9e25-dec56d3ae3a2,java/lang/Object.java,getClass
7fde255b-22ad-43cf-9e25-dec56d3ae3a2,CopyOfTipos$4.java,mouseEntered,->,7fde255b-22ad-43cf-9e25-dec56d3ae3a2,java/lang/Class.java,getResource
7fde255b-22ad-43cf-9e25-dec56d3ae3a2,CopyOfTipos$4.java,mouseEntered,->,7fde255b-22ad-43cf-9e25-dec56d3ae3a2,javax/swing/JButton.java,setIcon
7fde255b-22ad-43cf-9e25-dec56d3ae3a2,CopyOfTipos$4.java,mouseExited,->,7fde255b-22ad-43cf-9e25-dec56d3ae3a2,java/lang/Object.java,getClass
7fde255b-22ad-43cf-9e25-dec56d3ae3a2,CopyOfTipos$4.java,mouseExited,->,7fde255b-22ad-43cf-9e25-dec56d3ae3a2,java/lang/Class.java,getResource
7fde255b-22ad-43cf-9e25-dec56d3ae3a2,CopyOfTipos$4.java,mouseExited,->,7fde255b-22ad-43cf-9e25-dec56d3ae3a2,javax/swing/JButton.java,setIcon
7fde255b-22ad-43cf-9e25-dec56d3ae3a2,CopyOfTipos$4.java,mouseExited,->,7fde255b-22ad-43cf-9e25-dec56d3ae3a2,java/lang/Object.java,getClass
7fde255b-22ad-43cf-9e25-dec56d3ae3a2,CopyOfTipos$4.java,mouseExited,->,7fde255b-22ad-43cf-9e25-dec56d3ae3a2,java/lang/Class.java,getResource
7fde255b-22ad-43cf-9e25-dec56d3ae3a2,CopyOfTipos$4.java,mouseExited,->,7fde255b-22ad-43cf-9e25-dec56d3ae3a2,javax/swing/JButton.java,setIcon
7fde255b-22ad-43cf-9e25-dec56d3ae3a2,CopyOfTipos$4.java,mouseExited,->,7fde255b-22ad-43cf-9e25-dec56d3ae3a2,java/lang/Object.java,getClass
7fde255b-22ad-43cf-9e25-dec56d3ae3a2,CopyOfTipos$4.java,mouseExited,->,7fde255b-22ad-43cf-9e25-dec56d3ae3a2,java/lang/Class.java,getResource
7fde255b-22ad-43cf-9e25-dec56d3ae3a2,CopyOfTipos$4.java,mouseExited,->,7fde255b-22ad-43cf-9e25-dec56d3ae3a2,javax/swing/JButton.java,setIcon
7fde255b-22ad-43cf-9e25-dec56d3ae3a2,CopyOfTipos$5.java,mouseEntered,->,7fde255b-22ad-43cf-9e25-dec56d3ae3a2,java/lang/Object.java,getClass
7fde255b-22ad-43cf-9e25-dec56d3ae3a2,CopyOfTipos$5.java,mouseEntered,->,7fde255b-22ad-43cf-9e25-dec56d3ae3a2,java/lang/Class.java,getResource
7fde255b-22ad-43cf-9e25-dec56d3ae3a2,CopyOfTipos$5.java,mouseEntered,->,7fde255b-22ad-43cf-9e25-dec56d3ae3a2,javax/swing/JButton.java,setIcon
7fde255b-22ad-43cf-9e25-dec56d3ae3a2,CopyOfTipos$5.java,mouseEntered,->,7fde255b-22ad-43cf-9e25-dec56d3ae3a2,java/lang/Object.java,getClass
7fde255b-22ad-43cf-9e25-dec56d3ae3a2,CopyOfTipos$5.java,mouseEntered,->,7fde255b-22ad-43cf-9e25-dec56d3ae3a2,java/lang/Class.java,getResource
7fde255b-22ad-43cf-9e25-dec56d3ae3a2,CopyOfTipos$5.java,mouseEntered,->,7fde255b-22ad-43cf-9e25-dec56d3ae3a2,javax/swing/JButton.java,setIcon
7fde255b-22ad-43cf-9e25-dec56d3ae3a2,CopyOfTipos$5.java,mouseExited,->,7fde255b-22ad-43cf-9e25-dec56d3ae3a2,java/lang/Object.java,getClass
7fde255b-22ad-43cf-9e25-dec56d3ae3a2,CopyOfTipos$5.java,mouseExited,->,7fde255b-22ad-43cf-9e25-dec56d3ae3a2,java/lang/Class.java,getResource
7fde255b-22ad-43cf-9e25-dec56d3ae3a2,CopyOfTipos$5.java,mouseExited,->,7fde255b-22ad-43cf-9e25-dec56d3ae3a2,javax/swing/JButton.java,setIcon
7fde255b-22ad-43cf-9e25-dec56d3ae3a2,CopyOfTipos$5.java,mouseExited,->,7fde255b-22ad-43cf-9e25-dec56d3ae3a2,java/lang/Object.java,getClass
7fde255b-22ad-43cf-9e25-dec56d3ae3a2,CopyOfTipos$5.java,mouseExited,->,7fde255b-22ad-43cf-9e25-dec56d3ae3a2,java/lang/Class.java,getResource
7fde255b-22ad-43cf-9e25-dec56d3ae3a2,CopyOfTipos$5.java,mouseExited,->,7fde255b-22ad-43cf-9e25-dec56d3ae3a2,javax/swing/JButton.java,setIcon
7fde255b-22ad-43cf-9e25-dec56d3ae3a2,CopyOfTipos$6.java,actionPerformed,->,7fde255b-22ad-43cf-9e25-dec56d3ae3a2,javax/swing/JPanel.java,add
7fde255b-22ad-43cf-9e25-dec56d3ae3a2,CopyOfTipos$6.java,actionPerformed,->,7fde255b-22ad-43cf-9e25-dec56d3ae3a2,java/awt/CardLayout.java,show
7fde255b-22ad-43cf-9e25-dec56d3ae3a2,CopyOfTipos$7.java,actionPerformed,->,7fde255b-22ad-43cf-9e25-dec56d3ae3a2,javax/swing/JPanel.java,add
7fde255b-22ad-43cf-9e25-dec56d3ae3a2,CopyOfTipos$7.java,actionPerformed,->,7fde255b-22ad-43cf-9e25-dec56d3ae3a2,java/awt/CardLayout.java,show
7fde255b-22ad-43cf-9e25-dec56d3ae3a2,CopyOfTipos$8.java,actionPerformed,->,7fde255b-22ad-43cf-9e25-dec56d3ae3a2,javax/swing/JPanel.java,add
7fde255b-22ad-43cf-9e25-dec56d3ae3a2,CopyOfTipos$8.java,actionPerformed,->,7fde255b-22ad-43cf-9e25-dec56d3ae3a2,java/awt/CardLayout.java,show
7fde255b-22ad-43cf-9e25-dec56d3ae3a2,CopyOfTipos$9.java,actionPerformed,->,7fde255b-22ad-43cf-9e25-dec56d3ae3a2,javax/swing/JPanel.java,add
7fde255b-22ad-43cf-9e25-dec56d3ae3a2,CopyOfTipos$9.java,actionPerformed,->,7fde255b-22ad-43cf-9e25-dec56d3ae3a2,java/awt/CardLayout.java,show
7fde255b-22ad-43cf-9e25-dec56d3ae3a2,CopyOfTipos3$1.java,run,->,7fde255b-22ad-43cf-9e25-dec56d3ae3a2,CopyOfTipos3.java,setVisible
7fde255b-22ad-43cf-9e25-dec56d3ae3a2,CopyOfTipos3$1.java,run,->,7fde255b-22ad-43cf-9e25-dec56d3ae3a2,java/lang/Exception.java,printStackTrace
7fde255b-22ad-43cf-9e25-dec56d3ae3a2,CopyOfTipos3$2.java,actionPerformed,->,7fde255b-22ad-43cf-9e25-dec56d3ae3a2,javax/swing/JPanel.java,getLayout
7fde255b-22ad-43cf-9e25-dec56d3ae3a2,CopyOfTipos3$2.java,actionPerformed,->,7fde255b-22ad-43cf-9e25-dec56d3ae3a2,java/awt/CardLayout.java,show
7fde255b-22ad-43cf-9e25-dec56d3ae3a2,CopyOfTipos3$2.java,actionPerformed,->,7fde255b-22ad-43cf-9e25-dec56d3ae3a2,javax/swing/SwingUtilities.java,getWindowAncestor
7fde255b-22ad-43cf-9e25-dec56d3ae3a2,CopyOfTipos3$2.java,actionPerformed,->,7fde255b-22ad-43cf-9e25-dec56d3ae3a2,java/awt/Window.java,setSize
7fde255b-22ad-43cf-9e25-dec56d3ae3a2,CopyOfTipos3$3.java,mouseEntered,->,7fde255b-22ad-43cf-9e25-dec56d3ae3a2,java/lang/Object.java,getClass
7fde255b-22ad-43cf-9e25-dec56d3ae3a2,CopyOfTipos3$3.java,mouseEntered,->,7fde255b-22ad-43cf-9e25-dec56d3ae3a2,java/lang/Class.java,getResource
7fde255b-22ad-43cf-9e25-dec56d3ae3a2,CopyOfTipos3$3.java,mouseEntered,->,7fde255b-22ad-43cf-9e25-dec56d3ae3a2,javax/swing/JButton.java,setIcon
7fde255b-22ad-43cf-9e25-dec56d3ae3a2,CopyOfTipos3$3.java,mouseEntered,->,7fde255b-22ad-43cf-9e25-dec56d3ae3a2,java/lang/Object.java,getClass
7fde255b-22ad-43cf-9e25-dec56d3ae3a2,CopyOfTipos3$3.java,mouseEntered,->,7fde255b-22ad-43cf-9e25-dec56d3ae3a2,java/lang/Class.java,getResource
7fde255b-22ad-43cf-9e25-dec56d3ae3a2,CopyOfTipos3$3.java,mouseEntered,->,7fde255b-22ad-43cf-9e25-dec56d3ae3a2,javax/swing/JButton.java,setIcon
7fde255b-22ad-43cf-9e25-dec56d3ae3a2,CopyOfTipos3$3.java,mouseExited,->,7fde255b-22ad-43cf-9e25-dec56d3ae3a2,java/lang/Object.java,getClass
7fde255b-22ad-43cf-9e25-dec56d3ae3a2,CopyOfTipos3$3.java,mouseExited,->,7fde255b-22ad-43cf-9e25-dec56d3ae3a2,java/lang/Class.java,getResource
7fde255b-22ad-43cf-9e25-dec56d3ae3a2,CopyOfTipos3$3.java,mouseExited,->,7fde255b-22ad-43cf-9e25-dec56d3ae3a2,javax/swing/JButton.java,setIcon
7fde255b-22ad-43cf-9e25-dec56d3ae3a2,CopyOfTipos3$3.java,mouseExited,->,7fde255b-22ad-43cf-9e25-dec56d3ae3a2,java/lang/Object.java,getClass
7fde255b-22ad-43cf-9e25-dec56d3ae3a2,CopyOfTipos3$3.java,mouseExited,->,7fde255b-22ad-43cf-9e25-dec56d3ae3a2,java/lang/Class.java,getResource
7fde255b-22ad-43cf-9e25-dec56d3ae3a2,CopyOfTipos3$3.java,mouseExited,->,7fde255b-22ad-43cf-9e25-dec56d3ae3a2,javax/swing/JButton.java,setIcon
7fde255b-22ad-43cf-9e25-dec56d3ae3a2,CopyOfTipos3$4.java,mouseEntered,->,7fde255b-22ad-43cf-9e25-dec56d3ae3a2,java/lang/Object.java,getClass
7fde255b-22ad-43cf-9e25-dec56d3ae3a2,CopyOfTipos3$4.java,mouseEntered,->,7fde255b-22ad-43cf-9e25-dec56d3ae3a2,java/lang/Class.java,getResource
7fde255b-22ad-43cf-9e25-dec56d3ae3a2,CopyOfTipos3$4.java,mouseEntered,->,7fde255b-22ad-43cf-9e25-dec56d3ae3a2,javax/swing/JButton.java,setIcon
7fde255b-22ad-43cf-9e25-dec56d3ae3a2,CopyOfTipos3$4.java,mouseEntered,->,7fde255b-22ad-43cf-9e25-dec56d3ae3a2,java/lang/Object.java,getClass
7fde255b-22ad-43cf-9e25-dec56d3ae3a2,CopyOfTipos3$4.java,mouseEntered,->,7fde255b-22ad-43cf-9e25-dec56d3ae3a2,java/lang/Class.java,getResource
7fde255b-22ad-43cf-9e25-dec56d3ae3a2,CopyOfTipos3$4.java,mouseEntered,->,7fde255b-22ad-43cf-9e25-dec56d3ae3a2,javax/swing/JButton.java,setIcon
7fde255b-22ad-43cf-9e25-dec56d3ae3a2,CopyOfTipos3$4.java,mouseExited,->,7fde255b-22ad-43cf-9e25-dec56d3ae3a2,java/lang/Object.java,getClass
7fde255b-22ad-43cf-9e25-dec56d3ae3a2,CopyOfTipos3$4.java,mouseExited,->,7fde255b-22ad-43cf-9e25-dec56d3ae3a2,java/lang/Class.java,getResource
7fde255b-22ad-43cf-9e25-dec56d3ae3a2,CopyOfTipos3$4.java,mouseExited,->,7fde255b-22ad-43cf-9e25-dec56d3ae3a2,javax/swing/JButton.java,setIcon
7fde255b-22ad-43cf-9e25-dec56d3ae3a2,CopyOfTipos3$4.java,mouseExited,->,7fde255b-22ad-43cf-9e25-dec56d3ae3a2,java/lang/Object.java,getClass
7fde255b-22ad-43cf-9e25-dec56d3ae3a2,CopyOfTipos3$4.java,mouseExited,->,7fde255b-22ad-43cf-9e25-dec56d3ae3a2,java/lang/Class.java,getResource
7fde255b-22ad-43cf-9e25-dec56d3ae3a2,CopyOfTipos3$4.java,mouseExited,->,7fde255b-22ad-43cf-9e25-dec56d3ae3a2,javax/swing/JButton.java,setIcon
7fde255b-22ad-43cf-9e25-dec56d3ae3a2,CopyOfTipos3$5.java,mouseEntered,->,7fde255b-22ad-43cf-9e25-dec56d3ae3a2,java/lang/Object.java,getClass
7fde255b-22ad-43cf-9e25-dec56d3ae3a2,CopyOfTipos3$5.java,mouseEntered,->,7fde255b-22ad-43cf-9e25-dec56d3ae3a2,java/lang/Class.java,getResource
7fde255b-22ad-43cf-9e25-dec56d3ae3a2,CopyOfTipos3$5.java,mouseEntered,->,7fde255b-22ad-43cf-9e25-dec56d3ae3a2,javax/swing/JButton.java,setIcon
7fde255b-22ad-43cf-9e25-dec56d3ae3a2,CopyOfTipos3$5.java,mouseEntered,->,7fde255b-22ad-43cf-9e25-dec56d3ae3a2,java/lang/Object.java,getClass
7fde255b-22ad-43cf-9e25-dec56d3ae3a2,CopyOfTipos3$5.java,mouseEntered,->,7fde255b-22ad-43cf-9e25-dec56d3ae3a2,java/lang/Class.java,getResource
7fde255b-22ad-43cf-9e25-dec56d3ae3a2,CopyOfTipos3$5.java,mouseEntered,->,7fde255b-22ad-43cf-9e25-dec56d3ae3a2,javax/swing/JButton.java,setIcon
7fde255b-22ad-43cf-9e25-dec56d3ae3a2,CopyOfTipos3$5.java,mouseEntered,->,7fde255b-22ad-43cf-9e25-dec56d3ae3a2,java/lang/Object.java,getClass
7fde255b-22ad-43cf-9e25-dec56d3ae3a2,CopyOfTipos3$5.java,mouseEntered,->,7fde255b-22ad-43cf-9e25-dec56d3ae3a2,java/lang/Class.java,getResource
7fde255b-22ad-43cf-9e25-dec56d3ae3a2,CopyOfTipos3$5.java,mouseEntered,->,7fde255b-22ad-43cf-9e25-dec56d3ae3a2,javax/swing/JButton.java,setIcon
7fde255b-22ad-43cf-9e25-dec56d3ae3a2,CopyOfTipos3$5.java,mouseExited,->,7fde255b-22ad-43cf-9e25-dec56d3ae3a2,java/lang/Object.java,getClass
7fde255b-22ad-43cf-9e25-dec56d3ae3a2,CopyOfTipos3$5.java,mouseExited,->,7fde255b-22ad-43cf-9e25-dec56d3ae3a2,java/lang/Class.java,getResource
7fde255b-22ad-43cf-9e25-dec56d3ae3a2,CopyOfTipos3$5.java,mouseExited,->,7fde255b-22ad-43cf-9e25-dec56d3ae3a2,javax/swing/JButton.java,setIcon
7fde255b-22ad-43cf-9e25-dec56d3ae3a2,CopyOfTipos3$5.java,mouseExited,->,7fde255b-22ad-43cf-9e25-dec56d3ae3a2,java/lang/Object.java,getClass
7fde255b-22ad-43cf-9e25-dec56d3ae3a2,CopyOfTipos3$5.java,mouseExited,->,7fde255b-22ad-43cf-9e25-dec56d3ae3a2,java/lang/Class.java,getResource
7fde255b-22ad-43cf-9e25-dec56d3ae3a2,CopyOfTipos3$5.java,mouseExited,->,7fde255b-22ad-43cf-9e25-dec56d3ae3a2,javax/swing/JButton.java,setIcon
7fde255b-22ad-43cf-9e25-dec56d3ae3a2,CopyOfTipos3$5.java,mouseExited,->,7fde255b-22ad-43cf-9e25-dec56d3ae3a2,java/lang/Object.java,getClass
7fde255b-22ad-43cf-9e25-dec56d3ae3a2,CopyOfTipos3$5.java,mouseExited,->,7fde255b-22ad-43cf-9e25-dec56d3ae3a2,java/lang/Class.java,getResource
7fde255b-22ad-43cf-9e25-dec56d3ae3a2,CopyOfTipos3$5.java,mouseExited,->,7fde255b-22ad-43cf-9e25-dec56d3ae3a2,javax/swing/JButton.java,setIcon
7fde255b-22ad-43cf-9e25-dec56d3ae3a2,CopyOfTipos3$6.java,mouseEntered,->,7fde255b-22ad-43cf-9e25-dec56d3ae3a2,java/lang/Object.java,getClass
7fde255b-22ad-43cf-9e25-dec56d3ae3a2,CopyOfTipos3$6.java,mouseEntered,->,7fde255b-22ad-43cf-9e25-dec56d3ae3a2,java/lang/Class.java,getResource
7fde255b-22ad-43cf-9e25-dec56d3ae3a2,CopyOfTipos3$6.java,mouseEntered,->,7fde255b-22ad-43cf-9e25-dec56d3ae3a2,javax/swing/JButton.java,setIcon
7fde255b-22ad-43cf-9e25-dec56d3ae3a2,CopyOfTipos3$6.java,mouseEntered,->,7fde255b-22ad-43cf-9e25-dec56d3ae3a2,java/lang/Object.java,getClass
7fde255b-22ad-43cf-9e25-dec56d3ae3a2,CopyOfTipos3$6.java,mouseEntered,->,7fde255b-22ad-43cf-9e25-dec56d3ae3a2,java/lang/Class.java,getResource
7fde255b-22ad-43cf-9e25-dec56d3ae3a2,CopyOfTipos3$6.java,mouseEntered,->,7fde255b-22ad-43cf-9e25-dec56d3ae3a2,javax/swing/JButton.java,setIcon
7fde255b-22ad-43cf-9e25-dec56d3ae3a2,CopyOfTipos3$6.java,mouseExited,->,7fde255b-22ad-43cf-9e25-dec56d3ae3a2,java/lang/Object.java,getClass
7fde255b-22ad-43cf-9e25-dec56d3ae3a2,CopyOfTipos3$6.java,mouseExited,->,7fde255b-22ad-43cf-9e25-dec56d3ae3a2,java/lang/Class.java,getResource
7fde255b-22ad-43cf-9e25-dec56d3ae3a2,CopyOfTipos3$6.java,mouseExited,->,7fde255b-22ad-43cf-9e25-dec56d3ae3a2,javax/swing/JButton.java,setIcon
7fde255b-22ad-43cf-9e25-dec56d3ae3a2,CopyOfTipos3$6.java,mouseExited,->,7fde255b-22ad-43cf-9e25-dec56d3ae3a2,java/lang/Object.java,getClass
7fde255b-22ad-43cf-9e25-dec56d3ae3a2,CopyOfTipos3$6.java,mouseExited,->,7fde255b-22ad-43cf-9e25-dec56d3ae3a2,java/lang/Class.java,getResource
7fde255b-22ad-43cf-9e25-dec56d3ae3a2,CopyOfTipos3$6.java,mouseExited,->,7fde255b-22ad-43cf-9e25-dec56d3ae3a2,javax/swing/JButton.java,setIcon
7fde255b-22ad-43cf-9e25-dec56d3ae3a2,6afe0756-a1c1-4775-a16b-8b5493105450,31500286-7296-4ca8-818e-ed0219db9e14,->,7fde255b-22ad-43cf-9e25-dec56d3ae3a2,java/awt/EventQueue.java,invokeLater
7fde255b-22ad-43cf-9e25-dec56d3ae3a2,CopyOfbackground$1.java,run,->,7fde255b-22ad-43cf-9e25-dec56d3ae3a2,CopyOfbackground.java,setVisible
7fde255b-22ad-43cf-9e25-dec56d3ae3a2,CopyOfbackground$1.java,run,->,7fde255b-22ad-43cf-9e25-dec56d3ae3a2,java/lang/Exception.java,printStackTrace
7fde255b-22ad-43cf-9e25-dec56d3ae3a2,CopyOfbackground$2.java,actionPerformed,->,7fde255b-22ad-43cf-9e25-dec56d3ae3a2,CopyOfbackground.java,movePanel
7fde255b-22ad-43cf-9e25-dec56d3ae3a2,CopyOfbackground$3.java,actionPerformed,->,7fde255b-22ad-43cf-9e25-dec56d3ae3a2,CopyOfbackground.java,movePanel
7fde255b-22ad-43cf-9e25-dec56d3ae3a2,CopyOfbackground$4.java,stateChanged,->,7fde255b-22ad-43cf-9e25-dec56d3ae3a2,javax/swing/JViewport.java,getViewPosition
7fde255b-22ad-43cf-9e25-dec56d3ae3a2,CopyOfbackground$4.java,stateChanged,->,7fde255b-22ad-43cf-9e25-dec56d3ae3a2,CopyOfbackground.java,enableButtons
7fde255b-22ad-43cf-9e25-dec56d3ae3a2,CopyOfbackground.java,main,->,7fde255b-22ad-43cf-9e25-dec56d3ae3a2,java/awt/EventQueue.java,invokeLater
7fde255b-22ad-43cf-9e25-dec56d3ae3a2,CopyOfbackground.java,movePanel,->,7fde255b-22ad-43cf-9e25-dec56d3ae3a2,javax/swing/JViewport.java,getViewPosition
7fde255b-22ad-43cf-9e25-dec56d3ae3a2,CopyOfbackground.java,movePanel,->,7fde255b-22ad-43cf-9e25-dec56d3ae3a2,java/lang/Math.java,max
7fde255b-22ad-43cf-9e25-dec56d3ae3a2,CopyOfbackground.java,movePanel,->,7fde255b-22ad-43cf-9e25-dec56d3ae3a2,CopyOfbackground.java,getMaxXExtent
7fde255b-22ad-43cf-9e25-dec56d3ae3a2,CopyOfbackground.java,movePanel,->,7fde255b-22ad-43cf-9e25-dec56d3ae3a2,java/lang/Math.java,min
7fde255b-22ad-43cf-9e25-dec56d3ae3a2,CopyOfbackground.java,movePanel,->,7fde255b-22ad-43cf-9e25-dec56d3ae3a2,javax/swing/JViewport.java,setViewPosition
7fde255b-22ad-43cf-9e25-dec56d3ae3a2,CopyOfbackground.java,movePanel,->,7fde255b-22ad-43cf-9e25-dec56d3ae3a2,CopyOfbackground.java,enableButtons
7fde255b-22ad-43cf-9e25-dec56d3ae3a2,CopyOfbackground.java,enableButtons,->,7fde255b-22ad-43cf-9e25-dec56d3ae3a2,CopyOfbackground.java,enableComponent
7fde255b-22ad-43cf-9e25-dec56d3ae3a2,CopyOfbackground.java,enableButtons,->,7fde255b-22ad-43cf-9e25-dec56d3ae3a2,CopyOfbackground.java,enableComponent
7fde255b-22ad-43cf-9e25-dec56d3ae3a2,CopyOfbackground.java,enableButtons,->,7fde255b-22ad-43cf-9e25-dec56d3ae3a2,CopyOfbackground.java,getMaxXExtent
7fde255b-22ad-43cf-9e25-dec56d3ae3a2,CopyOfbackground.java,enableButtons,->,7fde255b-22ad-43cf-9e25-dec56d3ae3a2,CopyOfbackground.java,enableComponent
7fde255b-22ad-43cf-9e25-dec56d3ae3a2,CopyOfbackground.java,enableButtons,->,7fde255b-22ad-43cf-9e25-dec56d3ae3a2,CopyOfbackground.java,enableComponent
7fde255b-22ad-43cf-9e25-dec56d3ae3a2,CopyOfbackground.java,enableComponent,->,7fde255b-22ad-43cf-9e25-dec56d3ae3a2,javax/swing/JComponent.java,isEnabled
7fde255b-22ad-43cf-9e25-dec56d3ae3a2,CopyOfbackground.java,enableComponent,->,7fde255b-22ad-43cf-9e25-dec56d3ae3a2,javax/swing/JComponent.java,setEnabled
7fde255b-22ad-43cf-9e25-dec56d3ae3a2,CopyOfbackground.java,getMaxXExtent,->,7fde255b-22ad-43cf-9e25-dec56d3ae3a2,javax/swing/JViewport.java,getView
7fde255b-22ad-43cf-9e25-dec56d3ae3a2,CopyOfbackground.java,getMaxXExtent,->,7fde255b-22ad-43cf-9e25-dec56d3ae3a2,java/awt/Component.java,getWidth
7fde255b-22ad-43cf-9e25-dec56d3ae3a2,CopyOfbackground.java,getMaxXExtent,->,7fde255b-22ad-43cf-9e25-dec56d3ae3a2,javax/swing/JViewport.java,getWidth
7fde255b-22ad-43cf-9e25-dec56d3ae3a2,Cosmopolitan.java,<clinit>,->,7fde255b-22ad-43cf-9e25-dec56d3ae3a2,java/lang/StringBuilder.java,append
7fde255b-22ad-43cf-9e25-dec56d3ae3a2,Cosmopolitan.java,<clinit>,->,7fde255b-22ad-43cf-9e25-dec56d3ae3a2,java/lang/StringBuilder.java,append
7fde255b-22ad-43cf-9e25-dec56d3ae3a2,Cosmopolitan.java,<clinit>,->,7fde255b-22ad-43cf-9e25-dec56d3ae3a2,java/lang/StringBuilder.java,append
7fde255b-22ad-43cf-9e25-dec56d3ae3a2,Cosmopolitan.java,<clinit>,->,7fde255b-22ad-43cf-9e25-dec56d3ae3a2,java/lang/StringBuilder.java,append
7fde255b-22ad-43cf-9e25-dec56d3ae3a2,Cosmopolitan.java,<clinit>,->,7fde255b-22ad-43cf-9e25-dec56d3ae3a2,java/lang/StringBuilder.java,append
7fde255b-22ad-43cf-9e25-dec56d3ae3a2,Cosmopolitan.java,<clinit>,->,7fde255b-22ad-43cf-9e25-dec56d3ae3a2,java/lang/StringBuilder.java,append
7fde255b-22ad-43cf-9e25-dec56d3ae3a2,Cosmopolitan.java,<clinit>,->,7fde255b-22ad-43cf-9e25-dec56d3ae3a2,java/lang/StringBuilder.java,append
7fde255b-22ad-43cf-9e25-dec56d3ae3a2,Cosmopolitan.java,<clinit>,->,7fde255b-22ad-43cf-9e25-dec56d3ae3a2,java/lang/StringBuilder.java,append
7fde255b-22ad-43cf-9e25-dec56d3ae3a2,Cosmopolitan.java,<clinit>,->,7fde255b-22ad-43cf-9e25-dec56d3ae3a2,java/lang/StringBuilder.java,append
7fde255b-22ad-43cf-9e25-dec56d3ae3a2,Cosmopolitan.java,<clinit>,->,7fde255b-22ad-43cf-9e25-dec56d3ae3a2,java/lang/StringBuilder.java,append
7fde255b-22ad-43cf-9e25-dec56d3ae3a2,Cosmopolitan.java,<clinit>,->,7fde255b-22ad-43cf-9e25-dec56d3ae3a2,java/lang/StringBuilder.java,append
7fde255b-22ad-43cf-9e25-dec56d3ae3a2,Cosmopolitan.java,<clinit>,->,7fde255b-22ad-43cf-9e25-dec56d3ae3a2,java/lang/StringBuilder.java,append
7fde255b-22ad-43cf-9e25-dec56d3ae3a2,Cosmopolitan.java,<clinit>,->,7fde255b-22ad-43cf-9e25-dec56d3ae3a2,java/lang/StringBuilder.java,append
7fde255b-22ad-43cf-9e25-dec56d3ae3a2,Cosmopolitan.java,<clinit>,->,7fde255b-22ad-43cf-9e25-dec56d3ae3a2,java/lang/StringBuilder.java,append
7fde255b-22ad-43cf-9e25-dec56d3ae3a2,Cosmopolitan.java,<clinit>,->,7fde255b-22ad-43cf-9e25-dec56d3ae3a2,java/lang/StringBuilder.java,append
7fde255b-22ad-43cf-9e25-dec56d3ae3a2,Cosmopolitan.java,<clinit>,->,7fde255b-22ad-43cf-9e25-dec56d3ae3a2,java/lang/StringBuilder.java,toString
7fde255b-22ad-43cf-9e25-dec56d3ae3a2,CranberryLimeRum.java,<clinit>,->,7fde255b-22ad-43cf-9e25-dec56d3ae3a2,java/lang/StringBuilder.java,append
7fde255b-22ad-43cf-9e25-dec56d3ae3a2,CranberryLimeRum.java,<clinit>,->,7fde255b-22ad-43cf-9e25-dec56d3ae3a2,java/lang/StringBuilder.java,append
7fde255b-22ad-43cf-9e25-dec56d3ae3a2,CranberryLimeRum.java,<clinit>,->,7fde255b-22ad-43cf-9e25-dec56d3ae3a2,java/lang/StringBuilder.java,append
7fde255b-22ad-43cf-9e25-dec56d3ae3a2,CranberryLimeRum.java,<clinit>,->,7fde255b-22ad-43cf-9e25-dec56d3ae3a2,java/lang/StringBuilder.java,append
7fde255b-22ad-43cf-9e25-dec56d3ae3a2,CranberryLimeRum.java,<clinit>,->,7fde255b-22ad-43cf-9e25-dec56d3ae3a2,java/lang/StringBuilder.java,append
7fde255b-22ad-43cf-9e25-dec56d3ae3a2,CranberryLimeRum.java,<clinit>,->,7fde255b-22ad-43cf-9e25-dec56d3ae3a2,java/lang/StringBuilder.java,append
7fde255b-22ad-43cf-9e25-dec56d3ae3a2,CranberryLimeRum.java,<clinit>,->,7fde255b-22ad-43cf-9e25-dec56d3ae3a2,java/lang/StringBuilder.java,append
7fde255b-22ad-43cf-9e25-dec56d3ae3a2,CranberryLimeRum.java,<clinit>,->,7fde255b-22ad-43cf-9e25-dec56d3ae3a2,java/lang/StringBuilder.java,append
7fde255b-22ad-43cf-9e25-dec56d3ae3a2,CranberryLimeRum.java,<clinit>,->,7fde255b-22ad-43cf-9e25-dec56d3ae3a2,java/lang/StringBuilder.java,append
7fde255b-22ad-43cf-9e25-dec56d3ae3a2,CranberryLimeRum.java,<clinit>,->,7fde255b-22ad-43cf-9e25-dec56d3ae3a2,java/lang/StringBuilder.java,append
7fde255b-22ad-43cf-9e25-dec56d3ae3a2,CranberryLimeRum.java,<clinit>,->,7fde255b-22ad-43cf-9e25-dec56d3ae3a2,java/lang/StringBuilder.java,append
7fde255b-22ad-43cf-9e25-dec56d3ae3a2,CranberryLimeRum.java,<clinit>,->,7fde255b-22ad-43cf-9e25-dec56d3ae3a2,java/lang/StringBuilder.java,append
7fde255b-22ad-43cf-9e25-dec56d3ae3a2,CranberryLimeRum.java,<clinit>,->,7fde255b-22ad-43cf-9e25-dec56d3ae3a2,java/lang/StringBuilder.java,append
7fde255b-22ad-43cf-9e25-dec56d3ae3a2,CranberryLimeRum.java,<clinit>,->,7fde255b-22ad-43cf-9e25-dec56d3ae3a2,java/lang/StringBuilder.java,append
7fde255b-22ad-43cf-9e25-dec56d3ae3a2,CranberryLimeRum.java,<clinit>,->,7fde255b-22ad-43cf-9e25-dec56d3ae3a2,java/lang/StringBuilder.java,append
7fde255b-22ad-43cf-9e25-dec56d3ae3a2,CranberryLimeRum.java,<clinit>,->,7fde255b-22ad-43cf-9e25-dec56d3ae3a2,java/lang/StringBuilder.java,toString
7fde255b-22ad-43cf-9e25-dec56d3ae3a2,CubaLibre.java,<clinit>,->,7fde255b-22ad-43cf-9e25-dec56d3ae3a2,java/lang/StringBuilder.java,append
7fde255b-22ad-43cf-9e25-dec56d3ae3a2,CubaLibre.java,<clinit>,->,7fde255b-22ad-43cf-9e25-dec56d3ae3a2,java/lang/StringBuilder.java,append
7fde255b-22ad-43cf-9e25-dec56d3ae3a2,CubaLibre.java,<clinit>,->,7fde255b-22ad-43cf-9e25-dec56d3ae3a2,java/lang/StringBuilder.java,append
7fde255b-22ad-43cf-9e25-dec56d3ae3a2,CubaLibre.java,<clinit>,->,7fde255b-22ad-43cf-9e25-dec56d3ae3a2,java/lang/StringBuilder.java,append
7fde255b-22ad-43cf-9e25-dec56d3ae3a2,CubaLibre.java,<clinit>,->,7fde255b-22ad-43cf-9e25-dec56d3ae3a2,java/lang/StringBuilder.java,append
7fde255b-22ad-43cf-9e25-dec56d3ae3a2,CubaLibre.java,<clinit>,->,7fde255b-22ad-43cf-9e25-dec56d3ae3a2,java/lang/StringBuilder.java,append
7fde255b-22ad-43cf-9e25-dec56d3ae3a2,CubaLibre.java,<clinit>,->,7fde255b-22ad-43cf-9e25-dec56d3ae3a2,java/lang/StringBuilder.java,append
7fde255b-22ad-43cf-9e25-dec56d3ae3a2,CubaLibre.java,<clinit>,->,7fde255b-22ad-43cf-9e25-dec56d3ae3a2,java/lang/StringBuilder.java,append
7fde255b-22ad-43cf-9e25-dec56d3ae3a2,CubaLibre.java,<clinit>,->,7fde255b-22ad-43cf-9e25-dec56d3ae3a2,java/lang/StringBuilder.java,append
7fde255b-22ad-43cf-9e25-dec56d3ae3a2,CubaLibre.java,<clinit>,->,7fde255b-22ad-43cf-9e25-dec56d3ae3a2,java/lang/StringBuilder.java,append
7fde255b-22ad-43cf-9e25-dec56d3ae3a2,CubaLibre.java,<clinit>,->,7fde255b-22ad-43cf-9e25-dec56d3ae3a2,java/lang/StringBuilder.java,append
7fde255b-22ad-43cf-9e25-dec56d3ae3a2,CubaLibre.java,<clinit>,->,7fde255b-22ad-43cf-9e25-dec56d3ae3a2,java/lang/StringBuilder.java,append
7fde255b-22ad-43cf-9e25-dec56d3ae3a2,CubaLibre.java,<clinit>,->,7fde255b-22ad-43cf-9e25-dec56d3ae3a2,java/lang/StringBuilder.java,toString
7fde255b-22ad-43cf-9e25-dec56d3ae3a2,Daiquiri.java,<clinit>,->,7fde255b-22ad-43cf-9e25-dec56d3ae3a2,java/lang/StringBuilder.java,append
7fde255b-22ad-43cf-9e25-dec56d3ae3a2,Daiquiri.java,<clinit>,->,7fde255b-22ad-43cf-9e25-dec56d3ae3a2,java/lang/StringBuilder.java,append
7fde255b-22ad-43cf-9e25-dec56d3ae3a2,Daiquiri.java,<clinit>,->,7fde255b-22ad-43cf-9e25-dec56d3ae3a2,java/lang/StringBuilder.java,append
7fde255b-22ad-43cf-9e25-dec56d3ae3a2,Daiquiri.java,<clinit>,->,7fde255b-22ad-43cf-9e25-dec56d3ae3a2,java/lang/StringBuilder.java,append
7fde255b-22ad-43cf-9e25-dec56d3ae3a2,Daiquiri.java,<clinit>,->,7fde255b-22ad-43cf-9e25-dec56d3ae3a2,java/lang/StringBuilder.java,append
7fde255b-22ad-43cf-9e25-dec56d3ae3a2,Daiquiri.java,<clinit>,->,7fde255b-22ad-43cf-9e25-dec56d3ae3a2,java/lang/StringBuilder.java,append
7fde255b-22ad-43cf-9e25-dec56d3ae3a2,Daiquiri.java,<clinit>,->,7fde255b-22ad-43cf-9e25-dec56d3ae3a2,java/lang/StringBuilder.java,append
7fde255b-22ad-43cf-9e25-dec56d3ae3a2,Daiquiri.java,<clinit>,->,7fde255b-22ad-43cf-9e25-dec56d3ae3a2,java/lang/StringBuilder.java,append
7fde255b-22ad-43cf-9e25-dec56d3ae3a2,Daiquiri.java,<clinit>,->,7fde255b-22ad-43cf-9e25-dec56d3ae3a2,java/lang/StringBuilder.java,append
7fde255b-22ad-43cf-9e25-dec56d3ae3a2,Daiquiri.java,<clinit>,->,7fde255b-22ad-43cf-9e25-dec56d3ae3a2,java/lang/StringBuilder.java,append
7fde255b-22ad-43cf-9e25-dec56d3ae3a2,Daiquiri.java,<clinit>,->,7fde255b-22ad-43cf-9e25-dec56d3ae3a2,java/lang/StringBuilder.java,append
7fde255b-22ad-43cf-9e25-dec56d3ae3a2,Daiquiri.java,<clinit>,->,7fde255b-22ad-43cf-9e25-dec56d3ae3a2,java/lang/StringBuilder.java,append
7fde255b-22ad-43cf-9e25-dec56d3ae3a2,Daiquiri.java,<clinit>,->,7fde255b-22ad-43cf-9e25-dec56d3ae3a2,java/lang/StringBuilder.java,toString
7fde255b-22ad-43cf-9e25-dec56d3ae3a2,FloridaSunshine.java,<clinit>,->,7fde255b-22ad-43cf-9e25-dec56d3ae3a2,java/lang/StringBuilder.java,append
7fde255b-22ad-43cf-9e25-dec56d3ae3a2,FloridaSunshine.java,<clinit>,->,7fde255b-22ad-43cf-9e25-dec56d3ae3a2,java/lang/StringBuilder.java,append
7fde255b-22ad-43cf-9e25-dec56d3ae3a2,FloridaSunshine.java,<clinit>,->,7fde255b-22ad-43cf-9e25-dec56d3ae3a2,java/lang/StringBuilder.java,append
7fde255b-22ad-43cf-9e25-dec56d3ae3a2,FloridaSunshine.java,<clinit>,->,7fde255b-22ad-43cf-9e25-dec56d3ae3a2,java/lang/StringBuilder.java,append
7fde255b-22ad-43cf-9e25-dec56d3ae3a2,FloridaSunshine.java,<clinit>,->,7fde255b-22ad-43cf-9e25-dec56d3ae3a2,java/lang/StringBuilder.java,append
7fde255b-22ad-43cf-9e25-dec56d3ae3a2,FloridaSunshine.java,<clinit>,->,7fde255b-22ad-43cf-9e25-dec56d3ae3a2,java/lang/StringBuilder.java,append
7fde255b-22ad-43cf-9e25-dec56d3ae3a2,FloridaSunshine.java,<clinit>,->,7fde255b-22ad-43cf-9e25-dec56d3ae3a2,java/lang/StringBuilder.java,append
7fde255b-22ad-43cf-9e25-dec56d3ae3a2,FloridaSunshine.java,<clinit>,->,7fde255b-22ad-43cf-9e25-dec56d3ae3a2,java/lang/StringBuilder.java,append
7fde255b-22ad-43cf-9e25-dec56d3ae3a2,FloridaSunshine.java,<clinit>,->,7fde255b-22ad-43cf-9e25-dec56d3ae3a2,java/lang/StringBuilder.java,append
7fde255b-22ad-43cf-9e25-dec56d3ae3a2,FloridaSunshine.java,<clinit>,->,7fde255b-22ad-43cf-9e25-dec56d3ae3a2,java/lang/StringBuilder.java,append
7fde255b-22ad-43cf-9e25-dec56d3ae3a2,FloridaSunshine.java,<clinit>,->,7fde255b-22ad-43cf-9e25-dec56d3ae3a2,java/lang/StringBuilder.java,append
7fde255b-22ad-43cf-9e25-dec56d3ae3a2,FloridaSunshine.java,<clinit>,->,7fde255b-22ad-43cf-9e25-dec56d3ae3a2,java/lang/StringBuilder.java,append
7fde255b-22ad-43cf-9e25-dec56d3ae3a2,FloridaSunshine.java,<clinit>,->,7fde255b-22ad-43cf-9e25-dec56d3ae3a2,java/lang/StringBuilder.java,append
7fde255b-22ad-43cf-9e25-dec56d3ae3a2,FloridaSunshine.java,<clinit>,->,7fde255b-22ad-43cf-9e25-dec56d3ae3a2,java/lang/StringBuilder.java,append
7fde255b-22ad-43cf-9e25-dec56d3ae3a2,FloridaSunshine.java,<clinit>,->,7fde255b-22ad-43cf-9e25-dec56d3ae3a2,java/lang/StringBuilder.java,append
7fde255b-22ad-43cf-9e25-dec56d3ae3a2,FloridaSunshine.java,<clinit>,->,7fde255b-22ad-43cf-9e25-dec56d3ae3a2,java/lang/StringBuilder.java,toString
7fde255b-22ad-43cf-9e25-dec56d3ae3a2,Gimlet.java,<clinit>,->,7fde255b-22ad-43cf-9e25-dec56d3ae3a2,java/lang/StringBuilder.java,append
7fde255b-22ad-43cf-9e25-dec56d3ae3a2,Gimlet.java,<clinit>,->,7fde255b-22ad-43cf-9e25-dec56d3ae3a2,java/lang/StringBuilder.java,append
7fde255b-22ad-43cf-9e25-dec56d3ae3a2,Gimlet.java,<clinit>,->,7fde255b-22ad-43cf-9e25-dec56d3ae3a2,java/lang/StringBuilder.java,append
7fde255b-22ad-43cf-9e25-dec56d3ae3a2,Gimlet.java,<clinit>,->,7fde255b-22ad-43cf-9e25-dec56d3ae3a2,java/lang/StringBuilder.java,append
7fde255b-22ad-43cf-9e25-dec56d3ae3a2,Gimlet.java,<clinit>,->,7fde255b-22ad-43cf-9e25-dec56d3ae3a2,java/lang/StringBuilder.java,append
7fde255b-22ad-43cf-9e25-dec56d3ae3a2,Gimlet.java,<clinit>,->,7fde255b-22ad-43cf-9e25-dec56d3ae3a2,java/lang/StringBuilder.java,append
7fde255b-22ad-43cf-9e25-dec56d3ae3a2,Gimlet.java,<clinit>,->,7fde255b-22ad-43cf-9e25-dec56d3ae3a2,java/lang/StringBuilder.java,append
7fde255b-22ad-43cf-9e25-dec56d3ae3a2,Gimlet.java,<clinit>,->,7fde255b-22ad-43cf-9e25-dec56d3ae3a2,java/lang/StringBuilder.java,append
7fde255b-22ad-43cf-9e25-dec56d3ae3a2,Gimlet.java,<clinit>,->,7fde255b-22ad-43cf-9e25-dec56d3ae3a2,java/lang/StringBuilder.java,append
7fde255b-22ad-43cf-9e25-dec56d3ae3a2,Gimlet.java,<clinit>,->,7fde255b-22ad-43cf-9e25-dec56d3ae3a2,java/lang/StringBuilder.java,toString
7fde255b-22ad-43cf-9e25-dec56d3ae3a2,GinAndSin.java,<clinit>,->,7fde255b-22ad-43cf-9e25-dec56d3ae3a2,java/lang/StringBuilder.java,append
7fde255b-22ad-43cf-9e25-dec56d3ae3a2,GinAndSin.java,<clinit>,->,7fde255b-22ad-43cf-9e25-dec56d3ae3a2,java/lang/StringBuilder.java,append
7fde255b-22ad-43cf-9e25-dec56d3ae3a2,GinAndSin.java,<clinit>,->,7fde255b-22ad-43cf-9e25-dec56d3ae3a2,java/lang/StringBuilder.java,append
7fde255b-22ad-43cf-9e25-dec56d3ae3a2,GinAndSin.java,<clinit>,->,7fde255b-22ad-43cf-9e25-dec56d3ae3a2,java/lang/StringBuilder.java,append
7fde255b-22ad-43cf-9e25-dec56d3ae3a2,GinAndSin.java,<clinit>,->,7fde255b-22ad-43cf-9e25-dec56d3ae3a2,java/lang/StringBuilder.java,append
7fde255b-22ad-43cf-9e25-dec56d3ae3a2,GinAndSin.java,<clinit>,->,7fde255b-22ad-43cf-9e25-dec56d3ae3a2,java/lang/StringBuilder.java,append
7fde255b-22ad-43cf-9e25-dec56d3ae3a2,GinAndSin.java,<clinit>,->,7fde255b-22ad-43cf-9e25-dec56d3ae3a2,java/lang/StringBuilder.java,append
7fde255b-22ad-43cf-9e25-dec56d3ae3a2,GinAndSin.java,<clinit>,->,7fde255b-22ad-43cf-9e25-dec56d3ae3a2,java/lang/StringBuilder.java,append
7fde255b-22ad-43cf-9e25-dec56d3ae3a2,GinAndSin.java,<clinit>,->,7fde255b-22ad-43cf-9e25-dec56d3ae3a2,java/lang/StringBuilder.java,append
7fde255b-22ad-43cf-9e25-dec56d3ae3a2,GinAndSin.java,<clinit>,->,7fde255b-22ad-43cf-9e25-dec56d3ae3a2,java/lang/StringBuilder.java,append
7fde255b-22ad-43cf-9e25-dec56d3ae3a2,GinAndSin.java,<clinit>,->,7fde255b-22ad-43cf-9e25-dec56d3ae3a2,java/lang/StringBuilder.java,append
7fde255b-22ad-43cf-9e25-dec56d3ae3a2,GinAndSin.java,<clinit>,->,7fde255b-22ad-43cf-9e25-dec56d3ae3a2,java/lang/StringBuilder.java,append
7fde255b-22ad-43cf-9e25-dec56d3ae3a2,GinAndSin.java,<clinit>,->,7fde255b-22ad-43cf-9e25-dec56d3ae3a2,java/lang/StringBuilder.java,toString
7fde255b-22ad-43cf-9e25-dec56d3ae3a2,GinFizz.java,<clinit>,->,7fde255b-22ad-43cf-9e25-dec56d3ae3a2,java/lang/StringBuilder.java,append
7fde255b-22ad-43cf-9e25-dec56d3ae3a2,GinFizz.java,<clinit>,->,7fde255b-22ad-43cf-9e25-dec56d3ae3a2,java/lang/StringBuilder.java,append
7fde255b-22ad-43cf-9e25-dec56d3ae3a2,GinFizz.java,<clinit>,->,7fde255b-22ad-43cf-9e25-dec56d3ae3a2,java/lang/StringBuilder.java,append
7fde255b-22ad-43cf-9e25-dec56d3ae3a2,GinFizz.java,<clinit>,->,7fde255b-22ad-43cf-9e25-dec56d3ae3a2,java/lang/StringBuilder.java,append
7fde255b-22ad-43cf-9e25-dec56d3ae3a2,GinFizz.java,<clinit>,->,7fde255b-22ad-43cf-9e25-dec56d3ae3a2,java/lang/StringBuilder.java,append
7fde255b-22ad-43cf-9e25-dec56d3ae3a2,GinFizz.java,<clinit>,->,7fde255b-22ad-43cf-9e25-dec56d3ae3a2,java/lang/StringBuilder.java,append
7fde255b-22ad-43cf-9e25-dec56d3ae3a2,GinFizz.java,<clinit>,->,7fde255b-22ad-43cf-9e25-dec56d3ae3a2,java/lang/StringBuilder.java,append
7fde255b-22ad-43cf-9e25-dec56d3ae3a2,GinFizz.java,<clinit>,->,7fde255b-22ad-43cf-9e25-dec56d3ae3a2,java/lang/StringBuilder.java,append
7fde255b-22ad-43cf-9e25-dec56d3ae3a2,GinFizz.java,<clinit>,->,7fde255b-22ad-43cf-9e25-dec56d3ae3a2,java/lang/StringBuilder.java,append
7fde255b-22ad-43cf-9e25-dec56d3ae3a2,GinFizz.java,<clinit>,->,7fde255b-22ad-43cf-9e25-dec56d3ae3a2,java/lang/StringBuilder.java,append
7fde255b-22ad-43cf-9e25-dec56d3ae3a2,GinFizz.java,<clinit>,->,7fde255b-22ad-43cf-9e25-dec56d3ae3a2,java/lang/StringBuilder.java,append
7fde255b-22ad-43cf-9e25-dec56d3ae3a2,GinFizz.java,<clinit>,->,7fde255b-22ad-43cf-9e25-dec56d3ae3a2,java/lang/StringBuilder.java,append
7fde255b-22ad-43cf-9e25-dec56d3ae3a2,GinFizz.java,<clinit>,->,7fde255b-22ad-43cf-9e25-dec56d3ae3a2,java/lang/StringBuilder.java,append
7fde255b-22ad-43cf-9e25-dec56d3ae3a2,GinFizz.java,<clinit>,->,7fde255b-22ad-43cf-9e25-dec56d3ae3a2,java/lang/StringBuilder.java,append
7fde255b-22ad-43cf-9e25-dec56d3ae3a2,GinFizz.java,<clinit>,->,7fde255b-22ad-43cf-9e25-dec56d3ae3a2,java/lang/StringBuilder.java,append
7fde255b-22ad-43cf-9e25-dec56d3ae3a2,GinFizz.java,<clinit>,->,7fde255b-22ad-43cf-9e25-dec56d3ae3a2,java/lang/StringBuilder.java,toString
7fde255b-22ad-43cf-9e25-dec56d3ae3a2,Greyhound.java,<clinit>,->,7fde255b-22ad-43cf-9e25-dec56d3ae3a2,java/lang/StringBuilder.java,append
7fde255b-22ad-43cf-9e25-dec56d3ae3a2,Greyhound.java,<clinit>,->,7fde255b-22ad-43cf-9e25-dec56d3ae3a2,java/lang/StringBuilder.java,append
7fde255b-22ad-43cf-9e25-dec56d3ae3a2,Greyhound.java,<clinit>,->,7fde255b-22ad-43cf-9e25-dec56d3ae3a2,java/lang/StringBuilder.java,append
7fde255b-22ad-43cf-9e25-dec56d3ae3a2,Greyhound.java,<clinit>,->,7fde255b-22ad-43cf-9e25-dec56d3ae3a2,java/lang/StringBuilder.java,append
7fde255b-22ad-43cf-9e25-dec56d3ae3a2,Greyhound.java,<clinit>,->,7fde255b-22ad-43cf-9e25-dec56d3ae3a2,java/lang/StringBuilder.java,append
7fde255b-22ad-43cf-9e25-dec56d3ae3a2,Greyhound.java,<clinit>,->,7fde255b-22ad-43cf-9e25-dec56d3ae3a2,java/lang/StringBuilder.java,append
7fde255b-22ad-43cf-9e25-dec56d3ae3a2,Greyhound.java,<clinit>,->,7fde255b-22ad-43cf-9e25-dec56d3ae3a2,java/lang/StringBuilder.java,append
7fde255b-22ad-43cf-9e25-dec56d3ae3a2,Greyhound.java,<clinit>,->,7fde255b-22ad-43cf-9e25-dec56d3ae3a2,java/lang/StringBuilder.java,append
7fde255b-22ad-43cf-9e25-dec56d3ae3a2,Greyhound.java,<clinit>,->,7fde255b-22ad-43cf-9e25-dec56d3ae3a2,java/lang/StringBuilder.java,append
7fde255b-22ad-43cf-9e25-dec56d3ae3a2,Greyhound.java,<clinit>,->,7fde255b-22ad-43cf-9e25-dec56d3ae3a2,java/lang/StringBuilder.java,toString
7fde255b-22ad-43cf-9e25-dec56d3ae3a2,HawaiianVodka.java,<clinit>,->,7fde255b-22ad-43cf-9e25-dec56d3ae3a2,java/lang/StringBuilder.java,append
7fde255b-22ad-43cf-9e25-dec56d3ae3a2,HawaiianVodka.java,<clinit>,->,7fde255b-22ad-43cf-9e25-dec56d3ae3a2,java/lang/StringBuilder.java,append
7fde255b-22ad-43cf-9e25-dec56d3ae3a2,HawaiianVodka.java,<clinit>,->,7fde255b-22ad-43cf-9e25-dec56d3ae3a2,java/lang/StringBuilder.java,append
7fde255b-22ad-43cf-9e25-dec56d3ae3a2,HawaiianVodka.java,<clinit>,->,7fde255b-22ad-43cf-9e25-dec56d3ae3a2,java/lang/StringBuilder.java,append
7fde255b-22ad-43cf-9e25-dec56d3ae3a2,HawaiianVodka.java,<clinit>,->,7fde255b-22ad-43cf-9e25-dec56d3ae3a2,java/lang/StringBuilder.java,append
7fde255b-22ad-43cf-9e25-dec56d3ae3a2,HawaiianVodka.java,<clinit>,->,7fde255b-22ad-43cf-9e25-dec56d3ae3a2,java/lang/StringBuilder.java,append
7fde255b-22ad-43cf-9e25-dec56d3ae3a2,HawaiianVodka.java,<clinit>,->,7fde255b-22ad-43cf-9e25-dec56d3ae3a2,java/lang/StringBuilder.java,append
7fde255b-22ad-43cf-9e25-dec56d3ae3a2,HawaiianVodka.java,<clinit>,->,7fde255b-22ad-43cf-9e25-dec56d3ae3a2,java/lang/StringBuilder.java,append
7fde255b-22ad-43cf-9e25-dec56d3ae3a2,HawaiianVodka.java,<clinit>,->,7fde255b-22ad-43cf-9e25-dec56d3ae3a2,java/lang/StringBuilder.java,append
7fde255b-22ad-43cf-9e25-dec56d3ae3a2,HawaiianVodka.java,<clinit>,->,7fde255b-22ad-43cf-9e25-dec56d3ae3a2,java/lang/StringBuilder.java,append
7fde255b-22ad-43cf-9e25-dec56d3ae3a2,HawaiianVodka.java,<clinit>,->,7fde255b-22ad-43cf-9e25-dec56d3ae3a2,java/lang/StringBuilder.java,append
7fde255b-22ad-43cf-9e25-dec56d3ae3a2,HawaiianVodka.java,<clinit>,->,7fde255b-22ad-43cf-9e25-dec56d3ae3a2,java/lang/StringBuilder.java,append
7fde255b-22ad-43cf-9e25-dec56d3ae3a2,HawaiianVodka.java,<clinit>,->,7fde255b-22ad-43cf-9e25-dec56d3ae3a2,java/lang/StringBuilder.java,append
7fde255b-22ad-43cf-9e25-dec56d3ae3a2,HawaiianVodka.java,<clinit>,->,7fde255b-22ad-43cf-9e25-dec56d3ae3a2,java/lang/StringBuilder.java,append
7fde255b-22ad-43cf-9e25-dec56d3ae3a2,HawaiianVodka.java,<clinit>,->,7fde255b-22ad-43cf-9e25-dec56d3ae3a2,java/lang/StringBuilder.java,append
7fde255b-22ad-43cf-9e25-dec56d3ae3a2,HawaiianVodka.java,<clinit>,->,7fde255b-22ad-43cf-9e25-dec56d3ae3a2,java/lang/StringBuilder.java,append
7fde255b-22ad-43cf-9e25-dec56d3ae3a2,HawaiianVodka.java,<clinit>,->,7fde255b-22ad-43cf-9e25-dec56d3ae3a2,java/lang/StringBuilder.java,append
7fde255b-22ad-43cf-9e25-dec56d3ae3a2,HawaiianVodka.java,<clinit>,->,7fde255b-22ad-43cf-9e25-dec56d3ae3a2,java/lang/StringBuilder.java,append
7fde255b-22ad-43cf-9e25-dec56d3ae3a2,HawaiianVodka.java,<clinit>,->,7fde255b-22ad-43cf-9e25-dec56d3ae3a2,java/lang/StringBuilder.java,toString
7fde255b-22ad-43cf-9e25-dec56d3ae3a2,Icebreaker.java,<clinit>,->,7fde255b-22ad-43cf-9e25-dec56d3ae3a2,java/lang/StringBuilder.java,append
7fde255b-22ad-43cf-9e25-dec56d3ae3a2,Icebreaker.java,<clinit>,->,7fde255b-22ad-43cf-9e25-dec56d3ae3a2,java/lang/StringBuilder.java,append
7fde255b-22ad-43cf-9e25-dec56d3ae3a2,Icebreaker.java,<clinit>,->,7fde255b-22ad-43cf-9e25-dec56d3ae3a2,java/lang/StringBuilder.java,append
7fde255b-22ad-43cf-9e25-dec56d3ae3a2,Icebreaker.java,<clinit>,->,7fde255b-22ad-43cf-9e25-dec56d3ae3a2,java/lang/StringBuilder.java,append
7fde255b-22ad-43cf-9e25-dec56d3ae3a2,Icebreaker.java,<clinit>,->,7fde255b-22ad-43cf-9e25-dec56d3ae3a2,java/lang/StringBuilder.java,append
7fde255b-22ad-43cf-9e25-dec56d3ae3a2,Icebreaker.java,<clinit>,->,7fde255b-22ad-43cf-9e25-dec56d3ae3a2,java/lang/StringBuilder.java,append
7fde255b-22ad-43cf-9e25-dec56d3ae3a2,Icebreaker.java,<clinit>,->,7fde255b-22ad-43cf-9e25-dec56d3ae3a2,java/lang/StringBuilder.java,append
7fde255b-22ad-43cf-9e25-dec56d3ae3a2,Icebreaker.java,<clinit>,->,7fde255b-22ad-43cf-9e25-dec56d3ae3a2,java/lang/StringBuilder.java,append
7fde255b-22ad-43cf-9e25-dec56d3ae3a2,Icebreaker.java,<clinit>,->,7fde255b-22ad-43cf-9e25-dec56d3ae3a2,java/lang/StringBuilder.java,append
7fde255b-22ad-43cf-9e25-dec56d3ae3a2,Icebreaker.java,<clinit>,->,7fde255b-22ad-43cf-9e25-dec56d3ae3a2,java/lang/StringBuilder.java,append
7fde255b-22ad-43cf-9e25-dec56d3ae3a2,Icebreaker.java,<clinit>,->,7fde255b-22ad-43cf-9e25-dec56d3ae3a2,java/lang/StringBuilder.java,append
7fde255b-22ad-43cf-9e25-dec56d3ae3a2,Icebreaker.java,<clinit>,->,7fde255b-22ad-43cf-9e25-dec56d3ae3a2,java/lang/StringBuilder.java,append
7fde255b-22ad-43cf-9e25-dec56d3ae3a2,Icebreaker.java,<clinit>,->,7fde255b-22ad-43cf-9e25-dec56d3ae3a2,java/lang/StringBuilder.java,append
7fde255b-22ad-43cf-9e25-dec56d3ae3a2,Icebreaker.java,<clinit>,->,7fde255b-22ad-43cf-9e25-dec56d3ae3a2,java/lang/StringBuilder.java,append
7fde255b-22ad-43cf-9e25-dec56d3ae3a2,Icebreaker.java,<clinit>,->,7fde255b-22ad-43cf-9e25-dec56d3ae3a2,java/lang/StringBuilder.java,append
7fde255b-22ad-43cf-9e25-dec56d3ae3a2,Icebreaker.java,<clinit>,->,7fde255b-22ad-43cf-9e25-dec56d3ae3a2,java/lang/StringBuilder.java,toString
7fde255b-22ad-43cf-9e25-dec56d3ae3a2,Licores$1.java,actionPerformed,->,7fde255b-22ad-43cf-9e25-dec56d3ae3a2,javax/swing/JPanel.java,getLayout
7fde255b-22ad-43cf-9e25-dec56d3ae3a2,Licores$1.java,actionPerformed,->,7fde255b-22ad-43cf-9e25-dec56d3ae3a2,java/awt/CardLayout.java,show
7fde255b-22ad-43cf-9e25-dec56d3ae3a2,Licores$1.java,actionPerformed,->,7fde255b-22ad-43cf-9e25-dec56d3ae3a2,javax/swing/SwingUtilities.java,getWindowAncestor
7fde255b-22ad-43cf-9e25-dec56d3ae3a2,Licores$1.java,actionPerformed,->,7fde255b-22ad-43cf-9e25-dec56d3ae3a2,java/awt/Window.java,setSize
7fde255b-22ad-43cf-9e25-dec56d3ae3a2,Licores$2.java,actionPerformed,->,7fde255b-22ad-43cf-9e25-dec56d3ae3a2,javax/swing/JPanel.java,add
7fde255b-22ad-43cf-9e25-dec56d3ae3a2,Licores$2.java,actionPerformed,->,7fde255b-22ad-43cf-9e25-dec56d3ae3a2,java/awt/CardLayout.java,show
7fde255b-22ad-43cf-9e25-dec56d3ae3a2,Licores$2.java,actionPerformed,->,7fde255b-22ad-43cf-9e25-dec56d3ae3a2,javax/swing/SwingUtilities.java,getWindowAncestor
7fde255b-22ad-43cf-9e25-dec56d3ae3a2,Licores$2.java,actionPerformed,->,7fde255b-22ad-43cf-9e25-dec56d3ae3a2,java/awt/Window.java,setBounds
7fde255b-22ad-43cf-9e25-dec56d3ae3a2,Licores$3.java,actionPerformed,->,7fde255b-22ad-43cf-9e25-dec56d3ae3a2,javax/swing/JPanel.java,add
7fde255b-22ad-43cf-9e25-dec56d3ae3a2,Licores$3.java,actionPerformed,->,7fde255b-22ad-43cf-9e25-dec56d3ae3a2,java/awt/CardLayout.java,show
7fde255b-22ad-43cf-9e25-dec56d3ae3a2,Licores$3.java,actionPerformed,->,7fde255b-22ad-43cf-9e25-dec56d3ae3a2,javax/swing/SwingUtilities.java,getWindowAncestor
7fde255b-22ad-43cf-9e25-dec56d3ae3a2,Licores$3.java,actionPerformed,->,7fde255b-22ad-43cf-9e25-dec56d3ae3a2,java/awt/Window.java,setBounds
7fde255b-22ad-43cf-9e25-dec56d3ae3a2,Licores$4.java,actionPerformed,->,7fde255b-22ad-43cf-9e25-dec56d3ae3a2,javax/swing/JPanel.java,add
7fde255b-22ad-43cf-9e25-dec56d3ae3a2,Licores$4.java,actionPerformed,->,7fde255b-22ad-43cf-9e25-dec56d3ae3a2,java/awt/CardLayout.java,show
7fde255b-22ad-43cf-9e25-dec56d3ae3a2,Licores$4.java,actionPerformed,->,7fde255b-22ad-43cf-9e25-dec56d3ae3a2,javax/swing/SwingUtilities.java,getWindowAncestor
7fde255b-22ad-43cf-9e25-dec56d3ae3a2,Licores$4.java,actionPerformed,->,7fde255b-22ad-43cf-9e25-dec56d3ae3a2,java/awt/Window.java,setBounds
7fde255b-22ad-43cf-9e25-dec56d3ae3a2,Licores$5.java,actionPerformed,->,7fde255b-22ad-43cf-9e25-dec56d3ae3a2,javax/swing/JPanel.java,add
7fde255b-22ad-43cf-9e25-dec56d3ae3a2,Licores$5.java,actionPerformed,->,7fde255b-22ad-43cf-9e25-dec56d3ae3a2,java/awt/CardLayout.java,show
7fde255b-22ad-43cf-9e25-dec56d3ae3a2,Licores$5.java,actionPerformed,->,7fde255b-22ad-43cf-9e25-dec56d3ae3a2,javax/swing/SwingUtilities.java,getWindowAncestor
7fde255b-22ad-43cf-9e25-dec56d3ae3a2,Licores$5.java,actionPerformed,->,7fde255b-22ad-43cf-9e25-dec56d3ae3a2,java/awt/Window.java,setBounds
7fde255b-22ad-43cf-9e25-dec56d3ae3a2,Listado$1.java,actionPerformed,->,7fde255b-22ad-43cf-9e25-dec56d3ae3a2,javax/swing/JPanel.java,getLayout
7fde255b-22ad-43cf-9e25-dec56d3ae3a2,Listado$1.java,actionPerformed,->,7fde255b-22ad-43cf-9e25-dec56d3ae3a2,java/awt/CardLayout.java,show
7fde255b-22ad-43cf-9e25-dec56d3ae3a2,Listado$1.java,actionPerformed,->,7fde255b-22ad-43cf-9e25-dec56d3ae3a2,javax/swing/SwingUtilities.java,getWindowAncestor
7fde255b-22ad-43cf-9e25-dec56d3ae3a2,Listado$1.java,actionPerformed,->,7fde255b-22ad-43cf-9e25-dec56d3ae3a2,java/awt/Window.java,setSize
7fde255b-22ad-43cf-9e25-dec56d3ae3a2,Listado$2.java,actionPerformed,->,7fde255b-22ad-43cf-9e25-dec56d3ae3a2,Listado.java,access$000
7fde255b-22ad-43cf-9e25-dec56d3ae3a2,Listado.java,creaboton,->,7fde255b-22ad-43cf-9e25-dec56d3ae3a2,java/lang/Object.java,getClass
7fde255b-22ad-43cf-9e25-dec56d3ae3a2,Listado.java,creaboton,->,7fde255b-22ad-43cf-9e25-dec56d3ae3a2,java/lang/StringBuilder.java,append
7fde255b-22ad-43cf-9e25-dec56d3ae3a2,Listado.java,creaboton,->,7fde255b-22ad-43cf-9e25-dec56d3ae3a2,java/lang/StringBuilder.java,append
7fde255b-22ad-43cf-9e25-dec56d3ae3a2,Listado.java,creaboton,->,7fde255b-22ad-43cf-9e25-dec56d3ae3a2,java/lang/StringBuilder.java,toString
7fde255b-22ad-43cf-9e25-dec56d3ae3a2,Listado.java,creaboton,->,7fde255b-22ad-43cf-9e25-dec56d3ae3a2,java/lang/Class.java,getResource
7fde255b-22ad-43cf-9e25-dec56d3ae3a2,Listado.java,creaboton,->,7fde255b-22ad-43cf-9e25-dec56d3ae3a2,javax/swing/JButton.java,setIcon
7fde255b-22ad-43cf-9e25-dec56d3ae3a2,Listado.java,creaboton,->,7fde255b-22ad-43cf-9e25-dec56d3ae3a2,javax/swing/JButton.java,setOpaque
7fde255b-22ad-43cf-9e25-dec56d3ae3a2,Listado.java,creaboton,->,7fde255b-22ad-43cf-9e25-dec56d3ae3a2,javax/swing/JButton.java,setFocusable
7fde255b-22ad-43cf-9e25-dec56d3ae3a2,Listado.java,creaboton,->,7fde255b-22ad-43cf-9e25-dec56d3ae3a2,javax/swing/JButton.java,setFocusPainted
7fde255b-22ad-43cf-9e25-dec56d3ae3a2,Listado.java,creaboton,->,7fde255b-22ad-43cf-9e25-dec56d3ae3a2,javax/swing/JButton.java,setContentAreaFilled
7fde255b-22ad-43cf-9e25-dec56d3ae3a2,Listado.java,creaboton,->,7fde255b-22ad-43cf-9e25-dec56d3ae3a2,javax/swing/JButton.java,setBorderPainted
7fde255b-22ad-43cf-9e25-dec56d3ae3a2,Listado.java,creaboton,->,7fde255b-22ad-43cf-9e25-dec56d3ae3a2,javax/swing/JButton.java,setBorder
7fde255b-22ad-43cf-9e25-dec56d3ae3a2,Listado.java,creaboton,->,7fde255b-22ad-43cf-9e25-dec56d3ae3a2,javax/swing/JButton.java,setCursor
7fde255b-22ad-43cf-9e25-dec56d3ae3a2,Listado.java,creaboton,->,7fde255b-22ad-43cf-9e25-dec56d3ae3a2,javax/swing/JButton.java,setFont
7fde255b-22ad-43cf-9e25-dec56d3ae3a2,Listado.java,creaboton,->,7fde255b-22ad-43cf-9e25-dec56d3ae3a2,javax/swing/JButton.java,setOpaque
7fde255b-22ad-43cf-9e25-dec56d3ae3a2,Listado.java,creaboton,->,7fde255b-22ad-43cf-9e25-dec56d3ae3a2,javax/swing/JButton.java,setForeground
7fde255b-22ad-43cf-9e25-dec56d3ae3a2,Listado.java,creaboton,->,7fde255b-22ad-43cf-9e25-dec56d3ae3a2,javax/swing/JButton.java,setFocusable
7fde255b-22ad-43cf-9e25-dec56d3ae3a2,Listado.java,creaboton,->,7fde255b-22ad-43cf-9e25-dec56d3ae3a2,javax/swing/JButton.java,setFocusPainted
7fde255b-22ad-43cf-9e25-dec56d3ae3a2,Listado.java,creaboton,->,7fde255b-22ad-43cf-9e25-dec56d3ae3a2,javax/swing/JButton.java,setContentAreaFilled
7fde255b-22ad-43cf-9e25-dec56d3ae3a2,Listado.java,creaboton,->,7fde255b-22ad-43cf-9e25-dec56d3ae3a2,javax/swing/JButton.java,setBorderPainted
7fde255b-22ad-43cf-9e25-dec56d3ae3a2,Listado.java,creaboton,->,7fde255b-22ad-43cf-9e25-dec56d3ae3a2,javax/swing/JButton.java,setBorder
7fde255b-22ad-43cf-9e25-dec56d3ae3a2,Listado.java,creaboton,->,7fde255b-22ad-43cf-9e25-dec56d3ae3a2,javax/swing/JButton.java,setCursor
7fde255b-22ad-43cf-9e25-dec56d3ae3a2,Listado.java,creaboton,->,7fde255b-22ad-43cf-9e25-dec56d3ae3a2,javax/swing/JButton.java,addActionListener
7fde255b-22ad-43cf-9e25-dec56d3ae3a2,Listado.java,creaboton,->,7fde255b-22ad-43cf-9e25-dec56d3ae3a2,javax/swing/JButton.java,addActionListener
7fde255b-22ad-43cf-9e25-dec56d3ae3a2,Listado.java,abrircoctel,->,7fde255b-22ad-43cf-9e25-dec56d3ae3a2,javax/swing/JPanel.java,getLayout
7fde255b-22ad-43cf-9e25-dec56d3ae3a2,Listado.java,abrircoctel,->,7fde255b-22ad-43cf-9e25-dec56d3ae3a2,java/lang/Class.java,forName
7fde255b-22ad-43cf-9e25-dec56d3ae3a2,Listado.java,abrircoctel,->,7fde255b-22ad-43cf-9e25-dec56d3ae3a2,java/lang/Class.java,newInstance
7fde255b-22ad-43cf-9e25-dec56d3ae3a2,Listado.java,abrircoctel,->,7fde255b-22ad-43cf-9e25-dec56d3ae3a2,javax/swing/JPanel.java,add
7fde255b-22ad-43cf-9e25-dec56d3ae3a2,Listado.java,abrircoctel,->,7fde255b-22ad-43cf-9e25-dec56d3ae3a2,java/awt/CardLayout.java,show
7fde255b-22ad-43cf-9e25-dec56d3ae3a2,Listado.java,abrircoctel,->,7fde255b-22ad-43cf-9e25-dec56d3ae3a2,javax/swing/SwingUtilities.java,getWindowAncestor
7fde255b-22ad-43cf-9e25-dec56d3ae3a2,Listado.java,abrircoctel,->,7fde255b-22ad-43cf-9e25-dec56d3ae3a2,java/awt/Window.java,setBounds
7fde255b-22ad-43cf-9e25-dec56d3ae3a2,Listado.java,abrircoctel,->,7fde255b-22ad-43cf-9e25-dec56d3ae3a2,java/lang/ReflectiveOperationException.java,printStackTrace
7fde255b-22ad-43cf-9e25-dec56d3ae3a2,Listado.java,acapulco,->,7fde255b-22ad-43cf-9e25-dec56d3ae3a2,Listado.java,creaboton
7fde255b-22ad-43cf-9e25-dec56d3ae3a2,Listado.java,acapulco,->,7fde255b-22ad-43cf-9e25-dec56d3ae3a2,javax/swing/JPanel.java,add
7fde255b-22ad-43cf-9e25-dec56d3ae3a2,Listado.java,acapulco,->,7fde255b-22ad-43cf-9e25-dec56d3ae3a2,javax/swing/JPanel.java,add
7fde255b-22ad-43cf-9e25-dec56d3ae3a2,Listado.java,argentinepomelo,->,7fde255b-22ad-43cf-9e25-dec56d3ae3a2,Listado.java,creaboton
7fde255b-22ad-43cf-9e25-dec56d3ae3a2,Listado.java,argentinepomelo,->,7fde255b-22ad-43cf-9e25-dec56d3ae3a2,javax/swing/JPanel.java,add
7fde255b-22ad-43cf-9e25-dec56d3ae3a2,Listado.java,argentinepomelo,->,7fde255b-22ad-43cf-9e25-dec56d3ae3a2,javax/swing/JPanel.java,add
7fde255b-22ad-43cf-9e25-dec56d3ae3a2,Listado.java,bacardi,->,7fde255b-22ad-43cf-9e25-dec56d3ae3a2,Listado.java,creaboton
7fde255b-22ad-43cf-9e25-dec56d3ae3a2,Listado.java,bacardi,->,7fde255b-22ad-43cf-9e25-dec56d3ae3a2,javax/swing/JPanel.java,add
7fde255b-22ad-43cf-9e25-dec56d3ae3a2,Listado.java,bacardi,->,7fde255b-22ad-43cf-9e25-dec56d3ae3a2,javax/swing/JPanel.java,add
7fde255b-22ad-43cf-9e25-dec56d3ae3a2,Listado.java,batanga,->,7fde255b-22ad-43cf-9e25-dec56d3ae3a2,Listado.java,creaboton
7fde255b-22ad-43cf-9e25-dec56d3ae3a2,Listado.java,batanga,->,7fde255b-22ad-43cf-9e25-dec56d3ae3a2,javax/swing/JPanel.java,add
7fde255b-22ad-43cf-9e25-dec56d3ae3a2,Listado.java,batanga,->,7fde255b-22ad-43cf-9e25-dec56d3ae3a2,javax/swing/JPanel.java,add
7fde255b-22ad-43cf-9e25-dec56d3ae3a2,Listado.java,baybreeze,->,7fde255b-22ad-43cf-9e25-dec56d3ae3a2,Listado.java,creaboton
7fde255b-22ad-43cf-9e25-dec56d3ae3a2,Listado.java,baybreeze,->,7fde255b-22ad-43cf-9e25-dec56d3ae3a2,javax/swing/JPanel.java,add
7fde255b-22ad-43cf-9e25-dec56d3ae3a2,Listado.java,baybreeze,->,7fde255b-22ad-43cf-9e25-dec56d3ae3a2,javax/swing/JPanel.java,add
7fde255b-22ad-43cf-9e25-dec56d3ae3a2,Listado.java,bluearrow,->,7fde255b-22ad-43cf-9e25-dec56d3ae3a2,Listado.java,creaboton
7fde255b-22ad-43cf-9e25-dec56d3ae3a2,Listado.java,bluearrow,->,7fde255b-22ad-43cf-9e25-dec56d3ae3a2,javax/swing/JPanel.java,add
7fde255b-22ad-43cf-9e25-dec56d3ae3a2,Listado.java,bluearrow,->,7fde255b-22ad-43cf-9e25-dec56d3ae3a2,javax/swing/JPanel.java,add
7fde255b-22ad-43cf-9e25-dec56d3ae3a2,Listado.java,bluebell,->,7fde255b-22ad-43cf-9e25-dec56d3ae3a2,Listado.java,creaboton
7fde255b-22ad-43cf-9e25-dec56d3ae3a2,Listado.java,bluebell,->,7fde255b-22ad-43cf-9e25-dec56d3ae3a2,javax/swing/JPanel.java,add
7fde255b-22ad-43cf-9e25-dec56d3ae3a2,Listado.java,bluebell,->,7fde255b-22ad-43cf-9e25-dec56d3ae3a2,javax/swing/JPanel.java,add
7fde255b-22ad-43cf-9e25-dec56d3ae3a2,Listado.java,bluedevil,->,7fde255b-22ad-43cf-9e25-dec56d3ae3a2,Listado.java,creaboton
7fde255b-22ad-43cf-9e25-dec56d3ae3a2,Listado.java,bluedevil,->,7fde255b-22ad-43cf-9e25-dec56d3ae3a2,javax/swing/JPanel.java,add
7fde255b-22ad-43cf-9e25-dec56d3ae3a2,Listado.java,bluedevil,->,7fde255b-22ad-43cf-9e25-dec56d3ae3a2,javax/swing/JPanel.java,add
7fde255b-22ad-43cf-9e25-dec56d3ae3a2,Listado.java,bluehawaii,->,7fde255b-22ad-43cf-9e25-dec56d3ae3a2,Listado.java,creaboton
7fde255b-22ad-43cf-9e25-dec56d3ae3a2,Listado.java,bluehawaii,->,7fde255b-22ad-43cf-9e25-dec56d3ae3a2,javax/swing/JPanel.java,add
7fde255b-22ad-43cf-9e25-dec56d3ae3a2,Listado.java,bluehawaii,->,7fde255b-22ad-43cf-9e25-dec56d3ae3a2,javax/swing/JPanel.java,add
7fde255b-22ad-43cf-9e25-dec56d3ae3a2,Listado.java,bluepassion,->,7fde255b-22ad-43cf-9e25-dec56d3ae3a2,Listado.java,creaboton
7fde255b-22ad-43cf-9e25-dec56d3ae3a2,Listado.java,bluepassion,->,7fde255b-22ad-43cf-9e25-dec56d3ae3a2,javax/swing/JPanel.java,add
7fde255b-22ad-43cf-9e25-dec56d3ae3a2,Listado.java,bluepassion,->,7fde255b-22ad-43cf-9e25-dec56d3ae3a2,javax/swing/JPanel.java,add
7fde255b-22ad-43cf-9e25-dec56d3ae3a2,Listado.java,bordercrossing,->,7fde255b-22ad-43cf-9e25-dec56d3ae3a2,Listado.java,creaboton
7fde255b-22ad-43cf-9e25-dec56d3ae3a2,Listado.java,bordercrossing,->,7fde255b-22ad-43cf-9e25-dec56d3ae3a2,javax/swing/JPanel.java,add
7fde255b-22ad-43cf-9e25-dec56d3ae3a2,Listado.java,bordercrossing,->,7fde255b-22ad-43cf-9e25-dec56d3ae3a2,javax/swing/JPanel.java,add
7fde255b-22ad-43cf-9e25-dec56d3ae3a2,Listado.java,caipirinha,->,7fde255b-22ad-43cf-9e25-dec56d3ae3a2,Listado.java,creaboton
7fde255b-22ad-43cf-9e25-dec56d3ae3a2,Listado.java,caipirinha,->,7fde255b-22ad-43cf-9e25-dec56d3ae3a2,javax/swing/JPanel.java,add
7fde255b-22ad-43cf-9e25-dec56d3ae3a2,Listado.java,caipirinha,->,7fde255b-22ad-43cf-9e25-dec56d3ae3a2,javax/swing/JPanel.java,add
7fde255b-22ad-43cf-9e25-dec56d3ae3a2,Listado.java,capecod,->,7fde255b-22ad-43cf-9e25-dec56d3ae3a2,Listado.java,creaboton
7fde255b-22ad-43cf-9e25-dec56d3ae3a2,Listado.java,capecod,->,7fde255b-22ad-43cf-9e25-dec56d3ae3a2,javax/swing/JPanel.java,add
7fde255b-22ad-43cf-9e25-dec56d3ae3a2,Listado.java,capecod,->,7fde255b-22ad-43cf-9e25-dec56d3ae3a2,javax/swing/JPanel.java,add
7fde255b-22ad-43cf-9e25-dec56d3ae3a2,Listado.java,cityrickey,->,7fde255b-22ad-43cf-9e25-dec56d3ae3a2,Listado.java,creaboton
7fde255b-22ad-43cf-9e25-dec56d3ae3a2,Listado.java,cityrickey,->,7fde255b-22ad-43cf-9e25-dec56d3ae3a2,javax/swing/JPanel.java,add
7fde255b-22ad-43cf-9e25-dec56d3ae3a2,Listado.java,cityrickey,->,7fde255b-22ad-43cf-9e25-dec56d3ae3a2,javax/swing/JPanel.java,add
7fde255b-22ad-43cf-9e25-dec56d3ae3a2,Listado.java,coolblue,->,7fde255b-22ad-43cf-9e25-dec56d3ae3a2,Listado.java,creaboton
7fde255b-22ad-43cf-9e25-dec56d3ae3a2,Listado.java,coolblue,->,7fde255b-22ad-43cf-9e25-dec56d3ae3a2,javax/swing/JPanel.java,add
7fde255b-22ad-43cf-9e25-dec56d3ae3a2,Listado.java,coolblue,->,7fde255b-22ad-43cf-9e25-dec56d3ae3a2,javax/swing/JPanel.java,add
7fde255b-22ad-43cf-9e25-dec56d3ae3a2,Listado.java,cosmopolitan,->,7fde255b-22ad-43cf-9e25-dec56d3ae3a2,Listado.java,creaboton
7fde255b-22ad-43cf-9e25-dec56d3ae3a2,Listado.java,cosmopolitan,->,7fde255b-22ad-43cf-9e25-dec56d3ae3a2,javax/swing/JPanel.java,add
7fde255b-22ad-43cf-9e25-dec56d3ae3a2,Listado.java,cosmopolitan,->,7fde255b-22ad-43cf-9e25-dec56d3ae3a2,javax/swing/JPanel.java,add
7fde255b-22ad-43cf-9e25-dec56d3ae3a2,Listado.java,cranberrylimerum,->,7fde255b-22ad-43cf-9e25-dec56d3ae3a2,Listado.java,creaboton
7fde255b-22ad-43cf-9e25-dec56d3ae3a2,Listado.java,cranberrylimerum,->,7fde255b-22ad-43cf-9e25-dec56d3ae3a2,javax/swing/JPanel.java,add
7fde255b-22ad-43cf-9e25-dec56d3ae3a2,Listado.java,cranberrylimerum,->,7fde255b-22ad-43cf-9e25-dec56d3ae3a2,javax/swing/JPanel.java,add
7fde255b-22ad-43cf-9e25-dec56d3ae3a2,Listado.java,cubalibre,->,7fde255b-22ad-43cf-9e25-dec56d3ae3a2,Listado.java,creaboton
7fde255b-22ad-43cf-9e25-dec56d3ae3a2,Listado.java,cubalibre,->,7fde255b-22ad-43cf-9e25-dec56d3ae3a2,javax/swing/JPanel.java,add
7fde255b-22ad-43cf-9e25-dec56d3ae3a2,Listado.java,cubalibre,->,7fde255b-22ad-43cf-9e25-dec56d3ae3a2,javax/swing/JPanel.java,add
7fde255b-22ad-43cf-9e25-dec56d3ae3a2,Listado.java,daiquiri,->,7fde255b-22ad-43cf-9e25-dec56d3ae3a2,Listado.java,creaboton
7fde255b-22ad-43cf-9e25-dec56d3ae3a2,Listado.java,daiquiri,->,7fde255b-22ad-43cf-9e25-dec56d3ae3a2,javax/swing/JPanel.java,add
7fde255b-22ad-43cf-9e25-dec56d3ae3a2,Listado.java,daiquiri,->,7fde255b-22ad-43cf-9e25-dec56d3ae3a2,javax/swing/JPanel.java,add
7fde255b-22ad-43cf-9e25-dec56d3ae3a2,Listado.java,floridasunshine,->,7fde255b-22ad-43cf-9e25-dec56d3ae3a2,Listado.java,creaboton
7fde255b-22ad-43cf-9e25-dec56d3ae3a2,Listado.java,floridasunshine,->,7fde255b-22ad-43cf-9e25-dec56d3ae3a2,javax/swing/JPanel.java,add
7fde255b-22ad-43cf-9e25-dec56d3ae3a2,Listado.java,floridasunshine,->,7fde255b-22ad-43cf-9e25-dec56d3ae3a2,javax/swing/JPanel.java,add
7fde255b-22ad-43cf-9e25-dec56d3ae3a2,Listado.java,gimlet,->,7fde255b-22ad-43cf-9e25-dec56d3ae3a2,Listado.java,creaboton
7fde255b-22ad-43cf-9e25-dec56d3ae3a2,Listado.java,gimlet,->,7fde255b-22ad-43cf-9e25-dec56d3ae3a2,javax/swing/JPanel.java,add
7fde255b-22ad-43cf-9e25-dec56d3ae3a2,Listado.java,gimlet,->,7fde255b-22ad-43cf-9e25-dec56d3ae3a2,javax/swing/JPanel.java,add
7fde255b-22ad-43cf-9e25-dec56d3ae3a2,Listado.java,ginandsin,->,7fde255b-22ad-43cf-9e25-dec56d3ae3a2,Listado.java,creaboton
7fde255b-22ad-43cf-9e25-dec56d3ae3a2,Listado.java,ginandsin,->,7fde255b-22ad-43cf-9e25-dec56d3ae3a2,javax/swing/JPanel.java,add
7fde255b-22ad-43cf-9e25-dec56d3ae3a2,Listado.java,ginandsin,->,7fde255b-22ad-43cf-9e25-dec56d3ae3a2,javax/swing/JPanel.java,add
7fde255b-22ad-43cf-9e25-dec56d3ae3a2,Listado.java,ginfizz,->,7fde255b-22ad-43cf-9e25-dec56d3ae3a2,Listado.java,creaboton
7fde255b-22ad-43cf-9e25-dec56d3ae3a2,Listado.java,ginfizz,->,7fde255b-22ad-43cf-9e25-dec56d3ae3a2,javax/swing/JPanel.java,add
7fde255b-22ad-43cf-9e25-dec56d3ae3a2,Listado.java,ginfizz,->,7fde255b-22ad-43cf-9e25-dec56d3ae3a2,javax/swing/JPanel.java,add
7fde255b-22ad-43cf-9e25-dec56d3ae3a2,Listado.java,greyhound,->,7fde255b-22ad-43cf-9e25-dec56d3ae3a2,Listado.java,creaboton
7fde255b-22ad-43cf-9e25-dec56d3ae3a2,Listado.java,greyhound,->,7fde255b-22ad-43cf-9e25-dec56d3ae3a2,javax/swing/JPanel.java,add
7fde255b-22ad-43cf-9e25-dec56d3ae3a2,Listado.java,greyhound,->,7fde255b-22ad-43cf-9e25-dec56d3ae3a2,javax/swing/JPanel.java,add
7fde255b-22ad-43cf-9e25-dec56d3ae3a2,Listado.java,hawaiianvodka,->,7fde255b-22ad-43cf-9e25-dec56d3ae3a2,Listado.java,creaboton
7fde255b-22ad-43cf-9e25-dec56d3ae3a2,Listado.java,hawaiianvodka,->,7fde255b-22ad-43cf-9e25-dec56d3ae3a2,javax/swing/JPanel.java,add
7fde255b-22ad-43cf-9e25-dec56d3ae3a2,Listado.java,hawaiianvodka,->,7fde255b-22ad-43cf-9e25-dec56d3ae3a2,javax/swing/JPanel.java,add
7fde255b-22ad-43cf-9e25-dec56d3ae3a2,Listado.java,icebreaker,->,7fde255b-22ad-43cf-9e25-dec56d3ae3a2,Listado.java,creaboton
7fde255b-22ad-43cf-9e25-dec56d3ae3a2,Listado.java,icebreaker,->,7fde255b-22ad-43cf-9e25-dec56d3ae3a2,javax/swing/JPanel.java,add
7fde255b-22ad-43cf-9e25-dec56d3ae3a2,Listado.java,icebreaker,->,7fde255b-22ad-43cf-9e25-dec56d3ae3a2,javax/swing/JPanel.java,add
7fde255b-22ad-43cf-9e25-dec56d3ae3a2,Listado.java,johncollins,->,7fde255b-22ad-43cf-9e25-dec56d3ae3a2,Listado.java,creaboton
7fde255b-22ad-43cf-9e25-dec56d3ae3a2,Listado.java,johncollins,->,7fde255b-22ad-43cf-9e25-dec56d3ae3a2,javax/swing/JPanel.java,add
7fde255b-22ad-43cf-9e25-dec56d3ae3a2,Listado.java,johncollins,->,7fde255b-22ad-43cf-9e25-dec56d3ae3a2,javax/swing/JPanel.java,add
7fde255b-22ad-43cf-9e25-dec56d3ae3a2,Listado.java,lemondrop,->,7fde255b-22ad-43cf-9e25-dec56d3ae3a2,Listado.java,creaboton
7fde255b-22ad-43cf-9e25-dec56d3ae3a2,Listado.java,lemondrop,->,7fde255b-22ad-43cf-9e25-dec56d3ae3a2,javax/swing/JPanel.java,add
7fde255b-22ad-43cf-9e25-dec56d3ae3a2,Listado.java,lemondrop,->,7fde255b-22ad-43cf-9e25-dec56d3ae3a2,javax/swing/JPanel.java,add
7fde255b-22ad-43cf-9e25-dec56d3ae3a2,Listado.java,longislandicedtea,->,7fde255b-22ad-43cf-9e25-dec56d3ae3a2,Listado.java,creaboton
7fde255b-22ad-43cf-9e25-dec56d3ae3a2,Listado.java,longislandicedtea,->,7fde255b-22ad-43cf-9e25-dec56d3ae3a2,javax/swing/JPanel.java,add
7fde255b-22ad-43cf-9e25-dec56d3ae3a2,Listado.java,longislandicedtea,->,7fde255b-22ad-43cf-9e25-dec56d3ae3a2,javax/swing/JPanel.java,add
7fde255b-22ad-43cf-9e25-dec56d3ae3a2,Listado.java,maitailight,->,7fde255b-22ad-43cf-9e25-dec56d3ae3a2,Listado.java,creaboton
7fde255b-22ad-43cf-9e25-dec56d3ae3a2,Listado.java,maitailight,->,7fde255b-22ad-43cf-9e25-dec56d3ae3a2,javax/swing/JPanel.java,add
7fde255b-22ad-43cf-9e25-dec56d3ae3a2,Listado.java,maitailight,->,7fde255b-22ad-43cf-9e25-dec56d3ae3a2,javax/swing/JPanel.java,add
7fde255b-22ad-43cf-9e25-dec56d3ae3a2,Listado.java,margarita,->,7fde255b-22ad-43cf-9e25-dec56d3ae3a2,Listado.java,creaboton
7fde255b-22ad-43cf-9e25-dec56d3ae3a2,Listado.java,margarita,->,7fde255b-22ad-43cf-9e25-dec56d3ae3a2,javax/swing/JPanel.java,add
7fde255b-22ad-43cf-9e25-dec56d3ae3a2,Listado.java,margarita,->,7fde255b-22ad-43cf-9e25-dec56d3ae3a2,javax/swing/JPanel.java,add
7fde255b-22ad-43cf-9e25-dec56d3ae3a2,Listado.java,margaritablue,->,7fde255b-22ad-43cf-9e25-dec56d3ae3a2,Listado.java,creaboton
7fde255b-22ad-43cf-9e25-dec56d3ae3a2,Listado.java,margaritablue,->,7fde255b-22ad-43cf-9e25-dec56d3ae3a2,javax/swing/JPanel.java,add
7fde255b-22ad-43cf-9e25-dec56d3ae3a2,Listado.java,margaritablue,->,7fde255b-22ad-43cf-9e25-dec56d3ae3a2,javax/swing/JPanel.java,add
7fde255b-22ad-43cf-9e25-dec56d3ae3a2,Listado.java,mexicano,->,7fde255b-22ad-43cf-9e25-dec56d3ae3a2,Listado.java,creaboton
7fde255b-22ad-43cf-9e25-dec56d3ae3a2,Listado.java,mexicano,->,7fde255b-22ad-43cf-9e25-dec56d3ae3a2,javax/swing/JPanel.java,add
7fde255b-22ad-43cf-9e25-dec56d3ae3a2,Listado.java,mexicano,->,7fde255b-22ad-43cf-9e25-dec56d3ae3a2,javax/swing/JPanel.java,add
7fde255b-22ad-43cf-9e25-dec56d3ae3a2,Listado.java,mintjulepvodka,->,7fde255b-22ad-43cf-9e25-dec56d3ae3a2,Listado.java,creaboton
7fde255b-22ad-43cf-9e25-dec56d3ae3a2,Listado.java,mintjulepvodka,->,7fde255b-22ad-43cf-9e25-dec56d3ae3a2,javax/swing/JPanel.java,add
7fde255b-22ad-43cf-9e25-dec56d3ae3a2,Listado.java,mintjulepvodka,->,7fde255b-22ad-43cf-9e25-dec56d3ae3a2,javax/swing/JPanel.java,add
7fde255b-22ad-43cf-9e25-dec56d3ae3a2,Listado.java,mojito,->,7fde255b-22ad-43cf-9e25-dec56d3ae3a2,Listado.java,creaboton
7fde255b-22ad-43cf-9e25-dec56d3ae3a2,Listado.java,mojito,->,7fde255b-22ad-43cf-9e25-dec56d3ae3a2,javax/swing/JPanel.java,add
7fde255b-22ad-43cf-9e25-dec56d3ae3a2,Listado.java,mojito,->,7fde255b-22ad-43cf-9e25-dec56d3ae3a2,javax/swing/JPanel.java,add
7fde255b-22ad-43cf-9e25-dec56d3ae3a2,Listado.java,monkeygland,->,7fde255b-22ad-43cf-9e25-dec56d3ae3a2,Listado.java,creaboton
7fde255b-22ad-43cf-9e25-dec56d3ae3a2,Listado.java,monkeygland,->,7fde255b-22ad-43cf-9e25-dec56d3ae3a2,javax/swing/JPanel.java,add
7fde255b-22ad-43cf-9e25-dec56d3ae3a2,Listado.java,monkeygland,->,7fde255b-22ad-43cf-9e25-dec56d3ae3a2,javax/swing/JPanel.java,add
7fde255b-22ad-43cf-9e25-dec56d3ae3a2,Listado.java,pinkrum,->,7fde255b-22ad-43cf-9e25-dec56d3ae3a2,Listado.java,creaboton
7fde255b-22ad-43cf-9e25-dec56d3ae3a2,Listado.java,pinkrum,->,7fde255b-22ad-43cf-9e25-dec56d3ae3a2,javax/swing/JPanel.java,add
7fde255b-22ad-43cf-9e25-dec56d3ae3a2,Listado.java,pinkrum,->,7fde255b-22ad-43cf-9e25-dec56d3ae3a2,javax/swing/JPanel.java,add
7fde255b-22ad-43cf-9e25-dec56d3ae3a2,Listado.java,punchonthepier,->,7fde255b-22ad-43cf-9e25-dec56d3ae3a2,Listado.java,creaboton
7fde255b-22ad-43cf-9e25-dec56d3ae3a2,Listado.java,punchonthepier,->,7fde255b-22ad-43cf-9e25-dec56d3ae3a2,javax/swing/JPanel.java,add
7fde255b-22ad-43cf-9e25-dec56d3ae3a2,Listado.java,punchonthepier,->,7fde255b-22ad-43cf-9e25-dec56d3ae3a2,javax/swing/JPanel.java,add
7fde255b-22ad-43cf-9e25-dec56d3ae3a2,Listado.java,rickeycocktail,->,7fde255b-22ad-43cf-9e25-dec56d3ae3a2,Listado.java,creaboton
7fde255b-22ad-43cf-9e25-dec56d3ae3a2,Listado.java,rickeycocktail,->,7fde255b-22ad-43cf-9e25-dec56d3ae3a2,javax/swing/JPanel.java,add
7fde255b-22ad-43cf-9e25-dec56d3ae3a2,Listado.java,rickeycocktail,->,7fde255b-22ad-43cf-9e25-dec56d3ae3a2,javax/swing/JPanel.java,add
7fde255b-22ad-43cf-9e25-dec56d3ae3a2,Listado.java,saltydog,->,7fde255b-22ad-43cf-9e25-dec56d3ae3a2,Listado.java,creaboton
7fde255b-22ad-43cf-9e25-dec56d3ae3a2,Listado.java,saltydog,->,7fde255b-22ad-43cf-9e25-dec56d3ae3a2,javax/swing/JPanel.java,add
7fde255b-22ad-43cf-9e25-dec56d3ae3a2,Listado.java,saltydog,->,7fde255b-22ad-43cf-9e25-dec56d3ae3a2,javax/swing/JPanel.java,add
7fde255b-22ad-43cf-9e25-dec56d3ae3a2,Listado.java,screwdriver,->,7fde255b-22ad-43cf-9e25-dec56d3ae3a2,Listado.java,creaboton
7fde255b-22ad-43cf-9e25-dec56d3ae3a2,Listado.java,screwdriver,->,7fde255b-22ad-43cf-9e25-dec56d3ae3a2,javax/swing/JPanel.java,add
7fde255b-22ad-43cf-9e25-dec56d3ae3a2,Listado.java,screwdriver,->,7fde255b-22ad-43cf-9e25-dec56d3ae3a2,javax/swing/JPanel.java,add
7fde255b-22ad-43cf-9e25-dec56d3ae3a2,Listado.java,seabreeze,->,7fde255b-22ad-43cf-9e25-dec56d3ae3a2,Listado.java,creaboton
7fde255b-22ad-43cf-9e25-dec56d3ae3a2,Listado.java,seabreeze,->,7fde255b-22ad-43cf-9e25-dec56d3ae3a2,javax/swing/JPanel.java,add
7fde255b-22ad-43cf-9e25-dec56d3ae3a2,Listado.java,seabreeze,->,7fde255b-22ad-43cf-9e25-dec56d3ae3a2,javax/swing/JPanel.java,add
7fde255b-22ad-43cf-9e25-dec56d3ae3a2,Listado.java,southsidefizz,->,7fde255b-22ad-43cf-9e25-dec56d3ae3a2,Listado.java,creaboton
7fde255b-22ad-43cf-9e25-dec56d3ae3a2,Listado.java,southsidefizz,->,7fde255b-22ad-43cf-9e25-dec56d3ae3a2,javax/swing/JPanel.java,add
7fde255b-22ad-43cf-9e25-dec56d3ae3a2,Listado.java,southsidefizz,->,7fde255b-22ad-43cf-9e25-dec56d3ae3a2,javax/swing/JPanel.java,add
7fde255b-22ad-43cf-9e25-dec56d3ae3a2,Listado.java,splash,->,7fde255b-22ad-43cf-9e25-dec56d3ae3a2,Listado.java,creaboton
7fde255b-22ad-43cf-9e25-dec56d3ae3a2,Listado.java,splash,->,7fde255b-22ad-43cf-9e25-dec56d3ae3a2,javax/swing/JPanel.java,add
7fde255b-22ad-43cf-9e25-dec56d3ae3a2,Listado.java,splash,->,7fde255b-22ad-43cf-9e25-dec56d3ae3a2,javax/swing/JPanel.java,add
7fde255b-22ad-43cf-9e25-dec56d3ae3a2,Listado.java,springfling,->,7fde255b-22ad-43cf-9e25-dec56d3ae3a2,Listado.java,creaboton
7fde255b-22ad-43cf-9e25-dec56d3ae3a2,Listado.java,springfling,->,7fde255b-22ad-43cf-9e25-dec56d3ae3a2,javax/swing/JPanel.java,add
7fde255b-22ad-43cf-9e25-dec56d3ae3a2,Listado.java,springfling,->,7fde255b-22ad-43cf-9e25-dec56d3ae3a2,javax/swing/JPanel.java,add
7fde255b-22ad-43cf-9e25-dec56d3ae3a2,Listado.java,tequilasunrise,->,7fde255b-22ad-43cf-9e25-dec56d3ae3a2,Listado.java,creaboton
7fde255b-22ad-43cf-9e25-dec56d3ae3a2,Listado.java,tequilasunrise,->,7fde255b-22ad-43cf-9e25-dec56d3ae3a2,javax/swing/JPanel.java,add
7fde255b-22ad-43cf-9e25-dec56d3ae3a2,Listado.java,tequilasunrise,->,7fde255b-22ad-43cf-9e25-dec56d3ae3a2,javax/swing/JPanel.java,add
7fde255b-22ad-43cf-9e25-dec56d3ae3a2,Listado.java,tequilasunriseclassic,->,7fde255b-22ad-43cf-9e25-dec56d3ae3a2,Listado.java,creaboton
7fde255b-22ad-43cf-9e25-dec56d3ae3a2,Listado.java,tequilasunriseclassic,->,7fde255b-22ad-43cf-9e25-dec56d3ae3a2,javax/swing/JPanel.java,add
7fde255b-22ad-43cf-9e25-dec56d3ae3a2,Listado.java,tequilasunriseclassic,->,7fde255b-22ad-43cf-9e25-dec56d3ae3a2,javax/swing/JPanel.java,add
7fde255b-22ad-43cf-9e25-dec56d3ae3a2,Listado.java,tropicalstorm,->,7fde255b-22ad-43cf-9e25-dec56d3ae3a2,Listado.java,creaboton
7fde255b-22ad-43cf-9e25-dec56d3ae3a2,Listado.java,tropicalstorm,->,7fde255b-22ad-43cf-9e25-dec56d3ae3a2,javax/swing/JPanel.java,add
7fde255b-22ad-43cf-9e25-dec56d3ae3a2,Listado.java,tropicalstorm,->,7fde255b-22ad-43cf-9e25-dec56d3ae3a2,javax/swing/JPanel.java,add
7fde255b-22ad-43cf-9e25-dec56d3ae3a2,Listado.java,vivavilla,->,7fde255b-22ad-43cf-9e25-dec56d3ae3a2,Listado.java,creaboton
7fde255b-22ad-43cf-9e25-dec56d3ae3a2,Listado.java,vivavilla,->,7fde255b-22ad-43cf-9e25-dec56d3ae3a2,javax/swing/JPanel.java,add
7fde255b-22ad-43cf-9e25-dec56d3ae3a2,Listado.java,vivavilla,->,7fde255b-22ad-43cf-9e25-dec56d3ae3a2,javax/swing/JPanel.java,add
7fde255b-22ad-43cf-9e25-dec56d3ae3a2,Listado.java,whitelady,->,7fde255b-22ad-43cf-9e25-dec56d3ae3a2,Listado.java,creaboton
7fde255b-22ad-43cf-9e25-dec56d3ae3a2,Listado.java,whitelady,->,7fde255b-22ad-43cf-9e25-dec56d3ae3a2,javax/swing/JPanel.java,add
7fde255b-22ad-43cf-9e25-dec56d3ae3a2,Listado.java,whitelady,->,7fde255b-22ad-43cf-9e25-dec56d3ae3a2,javax/swing/JPanel.java,add
7fde255b-22ad-43cf-9e25-dec56d3ae3a2,Listado.java,access$000,->,7fde255b-22ad-43cf-9e25-dec56d3ae3a2,Listado.java,abrircoctel
7fde255b-22ad-43cf-9e25-dec56d3ae3a2,Margarita.java,<clinit>,->,7fde255b-22ad-43cf-9e25-dec56d3ae3a2,java/lang/StringBuilder.java,append
7fde255b-22ad-43cf-9e25-dec56d3ae3a2,Margarita.java,<clinit>,->,7fde255b-22ad-43cf-9e25-dec56d3ae3a2,java/lang/StringBuilder.java,append
7fde255b-22ad-43cf-9e25-dec56d3ae3a2,Margarita.java,<clinit>,->,7fde255b-22ad-43cf-9e25-dec56d3ae3a2,java/lang/StringBuilder.java,append
7fde255b-22ad-43cf-9e25-dec56d3ae3a2,Margarita.java,<clinit>,->,7fde255b-22ad-43cf-9e25-dec56d3ae3a2,java/lang/StringBuilder.java,append
7fde255b-22ad-43cf-9e25-dec56d3ae3a2,Margarita.java,<clinit>,->,7fde255b-22ad-43cf-9e25-dec56d3ae3a2,java/lang/StringBuilder.java,append
7fde255b-22ad-43cf-9e25-dec56d3ae3a2,Margarita.java,<clinit>,->,7fde255b-22ad-43cf-9e25-dec56d3ae3a2,java/lang/StringBuilder.java,append
7fde255b-22ad-43cf-9e25-dec56d3ae3a2,Margarita.java,<clinit>,->,7fde255b-22ad-43cf-9e25-dec56d3ae3a2,java/lang/StringBuilder.java,append
7fde255b-22ad-43cf-9e25-dec56d3ae3a2,Margarita.java,<clinit>,->,7fde255b-22ad-43cf-9e25-dec56d3ae3a2,java/lang/StringBuilder.java,append
7fde255b-22ad-43cf-9e25-dec56d3ae3a2,Margarita.java,<clinit>,->,7fde255b-22ad-43cf-9e25-dec56d3ae3a2,java/lang/StringBuilder.java,append
7fde255b-22ad-43cf-9e25-dec56d3ae3a2,Margarita.java,<clinit>,->,7fde255b-22ad-43cf-9e25-dec56d3ae3a2,java/lang/StringBuilder.java,append
7fde255b-22ad-43cf-9e25-dec56d3ae3a2,Margarita.java,<clinit>,->,7fde255b-22ad-43cf-9e25-dec56d3ae3a2,java/lang/StringBuilder.java,append
7fde255b-22ad-43cf-9e25-dec56d3ae3a2,Margarita.java,<clinit>,->,7fde255b-22ad-43cf-9e25-dec56d3ae3a2,java/lang/StringBuilder.java,append
7fde255b-22ad-43cf-9e25-dec56d3ae3a2,Margarita.java,<clinit>,->,7fde255b-22ad-43cf-9e25-dec56d3ae3a2,java/lang/StringBuilder.java,toString
7fde255b-22ad-43cf-9e25-dec56d3ae3a2,MenuPrincipal$1.java,actionPerformed,->,7fde255b-22ad-43cf-9e25-dec56d3ae3a2,javax/swing/JPanel.java,add
7fde255b-22ad-43cf-9e25-dec56d3ae3a2,MenuPrincipal$1.java,actionPerformed,->,7fde255b-22ad-43cf-9e25-dec56d3ae3a2,java/awt/CardLayout.java,show
7fde255b-22ad-43cf-9e25-dec56d3ae3a2,MenuPrincipal$1.java,actionPerformed,->,7fde255b-22ad-43cf-9e25-dec56d3ae3a2,javax/swing/SwingUtilities.java,getWindowAncestor
7fde255b-22ad-43cf-9e25-dec56d3ae3a2,MenuPrincipal$1.java,actionPerformed,->,7fde255b-22ad-43cf-9e25-dec56d3ae3a2,java/awt/Window.java,setSize
7fde255b-22ad-43cf-9e25-dec56d3ae3a2,MenuPrincipal$2.java,actionPerformed,->,7fde255b-22ad-43cf-9e25-dec56d3ae3a2,javax/swing/JPanel.java,add
7fde255b-22ad-43cf-9e25-dec56d3ae3a2,MenuPrincipal$2.java,actionPerformed,->,7fde255b-22ad-43cf-9e25-dec56d3ae3a2,java/awt/CardLayout.java,show
7fde255b-22ad-43cf-9e25-dec56d3ae3a2,MenuPrincipal$2.java,actionPerformed,->,7fde255b-22ad-43cf-9e25-dec56d3ae3a2,javax/swing/SwingUtilities.java,getWindowAncestor
7fde255b-22ad-43cf-9e25-dec56d3ae3a2,MenuPrincipal$2.java,actionPerformed,->,7fde255b-22ad-43cf-9e25-dec56d3ae3a2,java/awt/Window.java,setSize
7fde255b-22ad-43cf-9e25-dec56d3ae3a2,MenuPrincipal$3.java,actionPerformed,->,7fde255b-22ad-43cf-9e25-dec56d3ae3a2,javax/swing/JPanel.java,add
7fde255b-22ad-43cf-9e25-dec56d3ae3a2,MenuPrincipal$3.java,actionPerformed,->,7fde255b-22ad-43cf-9e25-dec56d3ae3a2,java/awt/CardLayout.java,show
7fde255b-22ad-43cf-9e25-dec56d3ae3a2,MenuPrincipal$3.java,actionPerformed,->,7fde255b-22ad-43cf-9e25-dec56d3ae3a2,javax/swing/SwingUtilities.java,getWindowAncestor
7fde255b-22ad-43cf-9e25-dec56d3ae3a2,MenuPrincipal$3.java,actionPerformed,->,7fde255b-22ad-43cf-9e25-dec56d3ae3a2,java/awt/Window.java,setSize
7fde255b-22ad-43cf-9e25-dec56d3ae3a2,MenuPrincipal$4.java,actionPerformed,->,7fde255b-22ad-43cf-9e25-dec56d3ae3a2,javax/swing/JPanel.java,add
7fde255b-22ad-43cf-9e25-dec56d3ae3a2,MenuPrincipal$4.java,actionPerformed,->,7fde255b-22ad-43cf-9e25-dec56d3ae3a2,java/awt/CardLayout.java,show
7fde255b-22ad-43cf-9e25-dec56d3ae3a2,MenuPrincipal$4.java,actionPerformed,->,7fde255b-22ad-43cf-9e25-dec56d3ae3a2,javax/swing/SwingUtilities.java,getWindowAncestor
7fde255b-22ad-43cf-9e25-dec56d3ae3a2,MenuPrincipal$4.java,actionPerformed,->,7fde255b-22ad-43cf-9e25-dec56d3ae3a2,java/awt/Window.java,setSize
7fde255b-22ad-43cf-9e25-dec56d3ae3a2,MenuPrincipal$5.java,actionPerformed,->,7fde255b-22ad-43cf-9e25-dec56d3ae3a2,javax/swing/JPanel.java,add
7fde255b-22ad-43cf-9e25-dec56d3ae3a2,MenuPrincipal$5.java,actionPerformed,->,7fde255b-22ad-43cf-9e25-dec56d3ae3a2,java/awt/CardLayout.java,show
7fde255b-22ad-43cf-9e25-dec56d3ae3a2,MenuPrincipal$5.java,actionPerformed,->,7fde255b-22ad-43cf-9e25-dec56d3ae3a2,javax/swing/SwingUtilities.java,getWindowAncestor
7fde255b-22ad-43cf-9e25-dec56d3ae3a2,MenuPrincipal$5.java,actionPerformed,->,7fde255b-22ad-43cf-9e25-dec56d3ae3a2,java/awt/Window.java,setSize
7fde255b-22ad-43cf-9e25-dec56d3ae3a2,MenuPrincipal$6.java,actionPerformed,->,7fde255b-22ad-43cf-9e25-dec56d3ae3a2,javax/swing/JPanel.java,add
7fde255b-22ad-43cf-9e25-dec56d3ae3a2,MenuPrincipal$6.java,actionPerformed,->,7fde255b-22ad-43cf-9e25-dec56d3ae3a2,java/awt/CardLayout.java,show
7fde255b-22ad-43cf-9e25-dec56d3ae3a2,MenuPrincipal$6.java,actionPerformed,->,7fde255b-22ad-43cf-9e25-dec56d3ae3a2,javax/swing/SwingUtilities.java,getWindowAncestor
7fde255b-22ad-43cf-9e25-dec56d3ae3a2,MenuPrincipal$6.java,actionPerformed,->,7fde255b-22ad-43cf-9e25-dec56d3ae3a2,java/awt/Window.java,setSize
7fde255b-22ad-43cf-9e25-dec56d3ae3a2,MenuPrincipal$7.java,actionPerformed,->,7fde255b-22ad-43cf-9e25-dec56d3ae3a2,5a09fbf6-d98d-4ad6-9c71-f468faaa878b,"1f76868f-bc1a-4dbe-adea-989800969548,137f93e4-4ada-486c-9c3b-e834b48ed33c"
7fde255b-22ad-43cf-9e25-dec56d3ae3a2,MenuPrincipal$8.java,actionPerformed,->,7fde255b-22ad-43cf-9e25-dec56d3ae3a2,5a09fbf6-d98d-4ad6-9c71-f468faaa878b,"1f76868f-bc1a-4dbe-adea-989800969548,137f93e4-4ada-486c-9c3b-e834b48ed33c"
7fde255b-22ad-43cf-9e25-dec56d3ae3a2,5a09fbf6-d98d-4ad6-9c71-f468faaa878b,"1f76868f-bc1a-4dbe-adea-989800969548,137f93e4-4ada-486c-9c3b-e834b48ed33c",->,7fde255b-22ad-43cf-9e25-dec56d3ae3a2,java/awt/Desktop.java,isDesktopSupported
7fde255b-22ad-43cf-9e25-dec56d3ae3a2,5a09fbf6-d98d-4ad6-9c71-f468faaa878b,"1f76868f-bc1a-4dbe-adea-989800969548,137f93e4-4ada-486c-9c3b-e834b48ed33c",->,7fde255b-22ad-43cf-9e25-dec56d3ae3a2,java/awt/Desktop.java,getDesktop
7fde255b-22ad-43cf-9e25-dec56d3ae3a2,5a09fbf6-d98d-4ad6-9c71-f468faaa878b,"1f76868f-bc1a-4dbe-adea-989800969548,137f93e4-4ada-486c-9c3b-e834b48ed33c",->,7fde255b-22ad-43cf-9e25-dec56d3ae3a2,java/awt/Desktop.java,isSupported
7fde255b-22ad-43cf-9e25-dec56d3ae3a2,5a09fbf6-d98d-4ad6-9c71-f468faaa878b,"1f76868f-bc1a-4dbe-adea-989800969548,137f93e4-4ada-486c-9c3b-e834b48ed33c",->,7fde255b-22ad-43cf-9e25-dec56d3ae3a2,java/awt/Desktop.java,browse
7fde255b-22ad-43cf-9e25-dec56d3ae3a2,5a09fbf6-d98d-4ad6-9c71-f468faaa878b,"1f76868f-bc1a-4dbe-adea-989800969548,137f93e4-4ada-486c-9c3b-e834b48ed33c",->,7fde255b-22ad-43cf-9e25-dec56d3ae3a2,java/lang/Exception.java,printStackTrace
7fde255b-22ad-43cf-9e25-dec56d3ae3a2,5a09fbf6-d98d-4ad6-9c71-f468faaa878b,"1f76868f-bc1a-4dbe-adea-989800969548,137f93e4-4ada-486c-9c3b-e834b48ed33c",->,7fde255b-22ad-43cf-9e25-dec56d3ae3a2,java/net/URL.java,toURI
7fde255b-22ad-43cf-9e25-dec56d3ae3a2,5a09fbf6-d98d-4ad6-9c71-f468faaa878b,"1f76868f-bc1a-4dbe-adea-989800969548,137f93e4-4ada-486c-9c3b-e834b48ed33c",->,7fde255b-22ad-43cf-9e25-dec56d3ae3a2,5a09fbf6-d98d-4ad6-9c71-f468faaa878b,"1f76868f-bc1a-4dbe-adea-989800969548,137f93e4-4ada-486c-9c3b-e834b48ed33c"
7fde255b-22ad-43cf-9e25-dec56d3ae3a2,5a09fbf6-d98d-4ad6-9c71-f468faaa878b,"1f76868f-bc1a-4dbe-adea-989800969548,137f93e4-4ada-486c-9c3b-e834b48ed33c",->,7fde255b-22ad-43cf-9e25-dec56d3ae3a2,java/net/URISyntaxException.java,printStackTrace
7fde255b-22ad-43cf-9e25-dec56d3ae3a2,Mojito.java,<clinit>,->,7fde255b-22ad-43cf-9e25-dec56d3ae3a2,java/lang/StringBuilder.java,append
7fde255b-22ad-43cf-9e25-dec56d3ae3a2,Mojito.java,<clinit>,->,7fde255b-22ad-43cf-9e25-dec56d3ae3a2,java/lang/StringBuilder.java,append
7fde255b-22ad-43cf-9e25-dec56d3ae3a2,Mojito.java,<clinit>,->,7fde255b-22ad-43cf-9e25-dec56d3ae3a2,java/lang/StringBuilder.java,append
7fde255b-22ad-43cf-9e25-dec56d3ae3a2,Mojito.java,<clinit>,->,7fde255b-22ad-43cf-9e25-dec56d3ae3a2,java/lang/StringBuilder.java,append
7fde255b-22ad-43cf-9e25-dec56d3ae3a2,Mojito.java,<clinit>,->,7fde255b-22ad-43cf-9e25-dec56d3ae3a2,java/lang/StringBuilder.java,append
7fde255b-22ad-43cf-9e25-dec56d3ae3a2,Mojito.java,<clinit>,->,7fde255b-22ad-43cf-9e25-dec56d3ae3a2,java/lang/StringBuilder.java,append
7fde255b-22ad-43cf-9e25-dec56d3ae3a2,Mojito.java,<clinit>,->,7fde255b-22ad-43cf-9e25-dec56d3ae3a2,java/lang/StringBuilder.java,append
7fde255b-22ad-43cf-9e25-dec56d3ae3a2,Mojito.java,<clinit>,->,7fde255b-22ad-43cf-9e25-dec56d3ae3a2,java/lang/StringBuilder.java,append
7fde255b-22ad-43cf-9e25-dec56d3ae3a2,Mojito.java,<clinit>,->,7fde255b-22ad-43cf-9e25-dec56d3ae3a2,java/lang/StringBuilder.java,append
7fde255b-22ad-43cf-9e25-dec56d3ae3a2,Mojito.java,<clinit>,->,7fde255b-22ad-43cf-9e25-dec56d3ae3a2,java/lang/StringBuilder.java,append
7fde255b-22ad-43cf-9e25-dec56d3ae3a2,Mojito.java,<clinit>,->,7fde255b-22ad-43cf-9e25-dec56d3ae3a2,java/lang/StringBuilder.java,append
7fde255b-22ad-43cf-9e25-dec56d3ae3a2,Mojito.java,<clinit>,->,7fde255b-22ad-43cf-9e25-dec56d3ae3a2,java/lang/StringBuilder.java,append
7fde255b-22ad-43cf-9e25-dec56d3ae3a2,Mojito.java,<clinit>,->,7fde255b-22ad-43cf-9e25-dec56d3ae3a2,java/lang/StringBuilder.java,append
7fde255b-22ad-43cf-9e25-dec56d3ae3a2,Mojito.java,<clinit>,->,7fde255b-22ad-43cf-9e25-dec56d3ae3a2,java/lang/StringBuilder.java,append
7fde255b-22ad-43cf-9e25-dec56d3ae3a2,Mojito.java,<clinit>,->,7fde255b-22ad-43cf-9e25-dec56d3ae3a2,java/lang/StringBuilder.java,append
7fde255b-22ad-43cf-9e25-dec56d3ae3a2,Mojito.java,<clinit>,->,7fde255b-22ad-43cf-9e25-dec56d3ae3a2,java/lang/StringBuilder.java,append
7fde255b-22ad-43cf-9e25-dec56d3ae3a2,Mojito.java,<clinit>,->,7fde255b-22ad-43cf-9e25-dec56d3ae3a2,java/lang/StringBuilder.java,toString
7fde255b-22ad-43cf-9e25-dec56d3ae3a2,fa245422-e006-4a4e-a5e7-a6099866eba1,657f9c60-73fc-4c99-9816-ef597e4efb19,->,7fde255b-22ad-43cf-9e25-dec56d3ae3a2,PanelImagen.java,getSize
7fde255b-22ad-43cf-9e25-dec56d3ae3a2,fa245422-e006-4a4e-a5e7-a6099866eba1,657f9c60-73fc-4c99-9816-ef597e4efb19,->,7fde255b-22ad-43cf-9e25-dec56d3ae3a2,java/lang/Object.java,getClass
7fde255b-22ad-43cf-9e25-dec56d3ae3a2,fa245422-e006-4a4e-a5e7-a6099866eba1,657f9c60-73fc-4c99-9816-ef597e4efb19,->,7fde255b-22ad-43cf-9e25-dec56d3ae3a2,java/lang/Class.java,getResource
7fde255b-22ad-43cf-9e25-dec56d3ae3a2,fa245422-e006-4a4e-a5e7-a6099866eba1,657f9c60-73fc-4c99-9816-ef597e4efb19,->,7fde255b-22ad-43cf-9e25-dec56d3ae3a2,javax/swing/ImageIcon.java,getImage
7fde255b-22ad-43cf-9e25-dec56d3ae3a2,fa245422-e006-4a4e-a5e7-a6099866eba1,657f9c60-73fc-4c99-9816-ef597e4efb19,->,7fde255b-22ad-43cf-9e25-dec56d3ae3a2,java/awt/Graphics.java,drawImage
7fde255b-22ad-43cf-9e25-dec56d3ae3a2,fa245422-e006-4a4e-a5e7-a6099866eba1,657f9c60-73fc-4c99-9816-ef597e4efb19,->,7fde255b-22ad-43cf-9e25-dec56d3ae3a2,PanelImagen.java,setOpaque
7fde255b-22ad-43cf-9e25-dec56d3ae3a2,fa245422-e006-4a4e-a5e7-a6099866eba1,657f9c60-73fc-4c99-9816-ef597e4efb19,->,7fde255b-22ad-43cf-9e25-dec56d3ae3a2,javax/swing/JPanel.java,paintComponent
7fde255b-22ad-43cf-9e25-dec56d3ae3a2,Tipos$1.java,actionPerformed,->,7fde255b-22ad-43cf-9e25-dec56d3ae3a2,javax/swing/JPanel.java,getLayout
7fde255b-22ad-43cf-9e25-dec56d3ae3a2,Tipos$1.java,actionPerformed,->,7fde255b-22ad-43cf-9e25-dec56d3ae3a2,java/awt/CardLayout.java,show
7fde255b-22ad-43cf-9e25-dec56d3ae3a2,Tipos$1.java,actionPerformed,->,7fde255b-22ad-43cf-9e25-dec56d3ae3a2,javax/swing/SwingUtilities.java,getWindowAncestor
7fde255b-22ad-43cf-9e25-dec56d3ae3a2,Tipos$1.java,actionPerformed,->,7fde255b-22ad-43cf-9e25-dec56d3ae3a2,java/awt/Window.java,setSize
7fde255b-22ad-43cf-9e25-dec56d3ae3a2,Tipos$2.java,mouseEntered,->,7fde255b-22ad-43cf-9e25-dec56d3ae3a2,java/lang/Object.java,getClass
7fde255b-22ad-43cf-9e25-dec56d3ae3a2,Tipos$2.java,mouseEntered,->,7fde255b-22ad-43cf-9e25-dec56d3ae3a2,java/lang/Class.java,getResource
7fde255b-22ad-43cf-9e25-dec56d3ae3a2,Tipos$2.java,mouseEntered,->,7fde255b-22ad-43cf-9e25-dec56d3ae3a2,javax/swing/JButton.java,setIcon
7fde255b-22ad-43cf-9e25-dec56d3ae3a2,Tipos$2.java,mouseEntered,->,7fde255b-22ad-43cf-9e25-dec56d3ae3a2,java/lang/Object.java,getClass
7fde255b-22ad-43cf-9e25-dec56d3ae3a2,Tipos$2.java,mouseEntered,->,7fde255b-22ad-43cf-9e25-dec56d3ae3a2,java/lang/Class.java,getResource
7fde255b-22ad-43cf-9e25-dec56d3ae3a2,Tipos$2.java,mouseEntered,->,7fde255b-22ad-43cf-9e25-dec56d3ae3a2,javax/swing/JButton.java,setIcon
7fde255b-22ad-43cf-9e25-dec56d3ae3a2,Tipos$2.java,mouseExited,->,7fde255b-22ad-43cf-9e25-dec56d3ae3a2,java/lang/Object.java,getClass
7fde255b-22ad-43cf-9e25-dec56d3ae3a2,Tipos$2.java,mouseExited,->,7fde255b-22ad-43cf-9e25-dec56d3ae3a2,java/lang/Class.java,getResource
7fde255b-22ad-43cf-9e25-dec56d3ae3a2,Tipos$2.java,mouseExited,->,7fde255b-22ad-43cf-9e25-dec56d3ae3a2,javax/swing/JButton.java,setIcon
7fde255b-22ad-43cf-9e25-dec56d3ae3a2,Tipos$2.java,mouseExited,->,7fde255b-22ad-43cf-9e25-dec56d3ae3a2,java/lang/Object.java,getClass
7fde255b-22ad-43cf-9e25-dec56d3ae3a2,Tipos$2.java,mouseExited,->,7fde255b-22ad-43cf-9e25-dec56d3ae3a2,java/lang/Class.java,getResource
7fde255b-22ad-43cf-9e25-dec56d3ae3a2,Tipos$2.java,mouseExited,->,7fde255b-22ad-43cf-9e25-dec56d3ae3a2,javax/swing/JButton.java,setIcon
7fde255b-22ad-43cf-9e25-dec56d3ae3a2,Tipos$3.java,mouseEntered,->,7fde255b-22ad-43cf-9e25-dec56d3ae3a2,java/lang/Object.java,getClass
7fde255b-22ad-43cf-9e25-dec56d3ae3a2,Tipos$3.java,mouseEntered,->,7fde255b-22ad-43cf-9e25-dec56d3ae3a2,java/lang/Class.java,getResource
7fde255b-22ad-43cf-9e25-dec56d3ae3a2,Tipos$3.java,mouseEntered,->,7fde255b-22ad-43cf-9e25-dec56d3ae3a2,javax/swing/JButton.java,setIcon
7fde255b-22ad-43cf-9e25-dec56d3ae3a2,Tipos$3.java,mouseEntered,->,7fde255b-22ad-43cf-9e25-dec56d3ae3a2,java/lang/Object.java,getClass
7fde255b-22ad-43cf-9e25-dec56d3ae3a2,Tipos$3.java,mouseEntered,->,7fde255b-22ad-43cf-9e25-dec56d3ae3a2,java/lang/Class.java,getResource
7fde255b-22ad-43cf-9e25-dec56d3ae3a2,Tipos$3.java,mouseEntered,->,7fde255b-22ad-43cf-9e25-dec56d3ae3a2,javax/swing/JButton.java,setIcon
7fde255b-22ad-43cf-9e25-dec56d3ae3a2,Tipos$3.java,mouseExited,->,7fde255b-22ad-43cf-9e25-dec56d3ae3a2,java/lang/Object.java,getClass
7fde255b-22ad-43cf-9e25-dec56d3ae3a2,Tipos$3.java,mouseExited,->,7fde255b-22ad-43cf-9e25-dec56d3ae3a2,java/lang/Class.java,getResource
7fde255b-22ad-43cf-9e25-dec56d3ae3a2,Tipos$3.java,mouseExited,->,7fde255b-22ad-43cf-9e25-dec56d3ae3a2,javax/swing/JButton.java,setIcon
7fde255b-22ad-43cf-9e25-dec56d3ae3a2,Tipos$3.java,mouseExited,->,7fde255b-22ad-43cf-9e25-dec56d3ae3a2,java/lang/Object.java,getClass
7fde255b-22ad-43cf-9e25-dec56d3ae3a2,Tipos$3.java,mouseExited,->,7fde255b-22ad-43cf-9e25-dec56d3ae3a2,java/lang/Class.java,getResource
7fde255b-22ad-43cf-9e25-dec56d3ae3a2,Tipos$3.java,mouseExited,->,7fde255b-22ad-43cf-9e25-dec56d3ae3a2,javax/swing/JButton.java,setIcon
7fde255b-22ad-43cf-9e25-dec56d3ae3a2,Tipos$4.java,mouseEntered,->,7fde255b-22ad-43cf-9e25-dec56d3ae3a2,java/lang/Object.java,getClass
7fde255b-22ad-43cf-9e25-dec56d3ae3a2,Tipos$4.java,mouseEntered,->,7fde255b-22ad-43cf-9e25-dec56d3ae3a2,java/lang/Class.java,getResource
7fde255b-22ad-43cf-9e25-dec56d3ae3a2,Tipos$4.java,mouseEntered,->,7fde255b-22ad-43cf-9e25-dec56d3ae3a2,javax/swing/JButton.java,setIcon
7fde255b-22ad-43cf-9e25-dec56d3ae3a2,Tipos$4.java,mouseEntered,->,7fde255b-22ad-43cf-9e25-dec56d3ae3a2,java/lang/Object.java,getClass
7fde255b-22ad-43cf-9e25-dec56d3ae3a2,Tipos$4.java,mouseEntered,->,7fde255b-22ad-43cf-9e25-dec56d3ae3a2,java/lang/Class.java,getResource
7fde255b-22ad-43cf-9e25-dec56d3ae3a2,Tipos$4.java,mouseEntered,->,7fde255b-22ad-43cf-9e25-dec56d3ae3a2,javax/swing/JButton.java,setIcon
7fde255b-22ad-43cf-9e25-dec56d3ae3a2,Tipos$4.java,mouseEntered,->,7fde255b-22ad-43cf-9e25-dec56d3ae3a2,java/lang/Object.java,getClass
7fde255b-22ad-43cf-9e25-dec56d3ae3a2,Tipos$4.java,mouseEntered,->,7fde255b-22ad-43cf-9e25-dec56d3ae3a2,java/lang/Class.java,getResource
7fde255b-22ad-43cf-9e25-dec56d3ae3a2,Tipos$4.java,mouseEntered,->,7fde255b-22ad-43cf-9e25-dec56d3ae3a2,javax/swing/JButton.java,setIcon
7fde255b-22ad-43cf-9e25-dec56d3ae3a2,Tipos$4.java,mouseExited,->,7fde255b-22ad-43cf-9e25-dec56d3ae3a2,java/lang/Object.java,getClass
7fde255b-22ad-43cf-9e25-dec56d3ae3a2,Tipos$4.java,mouseExited,->,7fde255b-22ad-43cf-9e25-dec56d3ae3a2,java/lang/Class.java,getResource
7fde255b-22ad-43cf-9e25-dec56d3ae3a2,Tipos$4.java,mouseExited,->,7fde255b-22ad-43cf-9e25-dec56d3ae3a2,javax/swing/JButton.java,setIcon
7fde255b-22ad-43cf-9e25-dec56d3ae3a2,Tipos$4.java,mouseExited,->,7fde255b-22ad-43cf-9e25-dec56d3ae3a2,java/lang/Object.java,getClass
7fde255b-22ad-43cf-9e25-dec56d3ae3a2,Tipos$4.java,mouseExited,->,7fde255b-22ad-43cf-9e25-dec56d3ae3a2,java/lang/Class.java,getResource
7fde255b-22ad-43cf-9e25-dec56d3ae3a2,Tipos$4.java,mouseExited,->,7fde255b-22ad-43cf-9e25-dec56d3ae3a2,javax/swing/JButton.java,setIcon
7fde255b-22ad-43cf-9e25-dec56d3ae3a2,Tipos$4.java,mouseExited,->,7fde255b-22ad-43cf-9e25-dec56d3ae3a2,java/lang/Object.java,getClass
7fde255b-22ad-43cf-9e25-dec56d3ae3a2,Tipos$4.java,mouseExited,->,7fde255b-22ad-43cf-9e25-dec56d3ae3a2,java/lang/Class.java,getResource
7fde255b-22ad-43cf-9e25-dec56d3ae3a2,Tipos$4.java,mouseExited,->,7fde255b-22ad-43cf-9e25-dec56d3ae3a2,javax/swing/JButton.java,setIcon
7fde255b-22ad-43cf-9e25-dec56d3ae3a2,Tipos$5.java,mouseEntered,->,7fde255b-22ad-43cf-9e25-dec56d3ae3a2,java/lang/Object.java,getClass
7fde255b-22ad-43cf-9e25-dec56d3ae3a2,Tipos$5.java,mouseEntered,->,7fde255b-22ad-43cf-9e25-dec56d3ae3a2,java/lang/Class.java,getResource
7fde255b-22ad-43cf-9e25-dec56d3ae3a2,Tipos$5.java,mouseEntered,->,7fde255b-22ad-43cf-9e25-dec56d3ae3a2,javax/swing/JButton.java,setIcon
7fde255b-22ad-43cf-9e25-dec56d3ae3a2,Tipos$5.java,mouseEntered,->,7fde255b-22ad-43cf-9e25-dec56d3ae3a2,java/lang/Object.java,getClass
7fde255b-22ad-43cf-9e25-dec56d3ae3a2,Tipos$5.java,mouseEntered,->,7fde255b-22ad-43cf-9e25-dec56d3ae3a2,java/lang/Class.java,getResource
7fde255b-22ad-43cf-9e25-dec56d3ae3a2,Tipos$5.java,mouseEntered,->,7fde255b-22ad-43cf-9e25-dec56d3ae3a2,javax/swing/JButton.java,setIcon
7fde255b-22ad-43cf-9e25-dec56d3ae3a2,Tipos$5.java,mouseExited,->,7fde255b-22ad-43cf-9e25-dec56d3ae3a2,java/lang/Object.java,getClass
7fde255b-22ad-43cf-9e25-dec56d3ae3a2,Tipos$5.java,mouseExited,->,7fde255b-22ad-43cf-9e25-dec56d3ae3a2,java/lang/Class.java,getResource
7fde255b-22ad-43cf-9e25-dec56d3ae3a2,Tipos$5.java,mouseExited,->,7fde255b-22ad-43cf-9e25-dec56d3ae3a2,javax/swing/JButton.java,setIcon
7fde255b-22ad-43cf-9e25-dec56d3ae3a2,Tipos$5.java,mouseExited,->,7fde255b-22ad-43cf-9e25-dec56d3ae3a2,java/lang/Object.java,getClass
7fde255b-22ad-43cf-9e25-dec56d3ae3a2,Tipos$5.java,mouseExited,->,7fde255b-22ad-43cf-9e25-dec56d3ae3a2,java/lang/Class.java,getResource
7fde255b-22ad-43cf-9e25-dec56d3ae3a2,Tipos$5.java,mouseExited,->,7fde255b-22ad-43cf-9e25-dec56d3ae3a2,javax/swing/JButton.java,setIcon
7fde255b-22ad-43cf-9e25-dec56d3ae3a2,Tipos$6.java,actionPerformed,->,7fde255b-22ad-43cf-9e25-dec56d3ae3a2,javax/swing/JPanel.java,add
7fde255b-22ad-43cf-9e25-dec56d3ae3a2,Tipos$6.java,actionPerformed,->,7fde255b-22ad-43cf-9e25-dec56d3ae3a2,java/awt/CardLayout.java,show
7fde255b-22ad-43cf-9e25-dec56d3ae3a2,Tipos$7.java,actionPerformed,->,7fde255b-22ad-43cf-9e25-dec56d3ae3a2,javax/swing/JPanel.java,add
7fde255b-22ad-43cf-9e25-dec56d3ae3a2,Tipos$7.java,actionPerformed,->,7fde255b-22ad-43cf-9e25-dec56d3ae3a2,java/awt/CardLayout.java,show
7fde255b-22ad-43cf-9e25-dec56d3ae3a2,Tipos$8.java,actionPerformed,->,7fde255b-22ad-43cf-9e25-dec56d3ae3a2,javax/swing/JPanel.java,add
7fde255b-22ad-43cf-9e25-dec56d3ae3a2,Tipos$8.java,actionPerformed,->,7fde255b-22ad-43cf-9e25-dec56d3ae3a2,java/awt/CardLayout.java,show
7fde255b-22ad-43cf-9e25-dec56d3ae3a2,Tipos$9.java,actionPerformed,->,7fde255b-22ad-43cf-9e25-dec56d3ae3a2,javax/swing/JPanel.java,add
7fde255b-22ad-43cf-9e25-dec56d3ae3a2,Tipos$9.java,actionPerformed,->,7fde255b-22ad-43cf-9e25-dec56d3ae3a2,java/awt/CardLayout.java,show
7fde255b-22ad-43cf-9e25-dec56d3ae3a2,Tipos3$1.java,run,->,7fde255b-22ad-43cf-9e25-dec56d3ae3a2,Tipos3.java,setVisible
7fde255b-22ad-43cf-9e25-dec56d3ae3a2,Tipos3$1.java,run,->,7fde255b-22ad-43cf-9e25-dec56d3ae3a2,java/lang/Exception.java,printStackTrace
7fde255b-22ad-43cf-9e25-dec56d3ae3a2,Tipos3$2.java,mouseEntered,->,7fde255b-22ad-43cf-9e25-dec56d3ae3a2,java/lang/Object.java,getClass
7fde255b-22ad-43cf-9e25-dec56d3ae3a2,Tipos3$2.java,mouseEntered,->,7fde255b-22ad-43cf-9e25-dec56d3ae3a2,java/lang/Class.java,getResource
7fde255b-22ad-43cf-9e25-dec56d3ae3a2,Tipos3$2.java,mouseEntered,->,7fde255b-22ad-43cf-9e25-dec56d3ae3a2,javax/swing/JButton.java,setIcon
7fde255b-22ad-43cf-9e25-dec56d3ae3a2,Tipos3$2.java,mouseEntered,->,7fde255b-22ad-43cf-9e25-dec56d3ae3a2,java/lang/Object.java,getClass
7fde255b-22ad-43cf-9e25-dec56d3ae3a2,Tipos3$2.java,mouseEntered,->,7fde255b-22ad-43cf-9e25-dec56d3ae3a2,java/lang/Class.java,getResource
7fde255b-22ad-43cf-9e25-dec56d3ae3a2,Tipos3$2.java,mouseEntered,->,7fde255b-22ad-43cf-9e25-dec56d3ae3a2,javax/swing/JButton.java,setIcon
7fde255b-22ad-43cf-9e25-dec56d3ae3a2,Tipos3$2.java,mouseExited,->,7fde255b-22ad-43cf-9e25-dec56d3ae3a2,java/lang/Object.java,getClass
7fde255b-22ad-43cf-9e25-dec56d3ae3a2,Tipos3$2.java,mouseExited,->,7fde255b-22ad-43cf-9e25-dec56d3ae3a2,java/lang/Class.java,getResource
7fde255b-22ad-43cf-9e25-dec56d3ae3a2,Tipos3$2.java,mouseExited,->,7fde255b-22ad-43cf-9e25-dec56d3ae3a2,javax/swing/JButton.java,setIcon
7fde255b-22ad-43cf-9e25-dec56d3ae3a2,Tipos3$2.java,mouseExited,->,7fde255b-22ad-43cf-9e25-dec56d3ae3a2,java/lang/Object.java,getClass
7fde255b-22ad-43cf-9e25-dec56d3ae3a2,Tipos3$2.java,mouseExited,->,7fde255b-22ad-43cf-9e25-dec56d3ae3a2,java/lang/Class.java,getResource
7fde255b-22ad-43cf-9e25-dec56d3ae3a2,Tipos3$2.java,mouseExited,->,7fde255b-22ad-43cf-9e25-dec56d3ae3a2,javax/swing/JButton.java,setIcon
7fde255b-22ad-43cf-9e25-dec56d3ae3a2,Tipos3$3.java,mouseEntered,->,7fde255b-22ad-43cf-9e25-dec56d3ae3a2,java/lang/Object.java,getClass
7fde255b-22ad-43cf-9e25-dec56d3ae3a2,Tipos3$3.java,mouseEntered,->,7fde255b-22ad-43cf-9e25-dec56d3ae3a2,java/lang/Class.java,getResource
7fde255b-22ad-43cf-9e25-dec56d3ae3a2,Tipos3$3.java,mouseEntered,->,7fde255b-22ad-43cf-9e25-dec56d3ae3a2,javax/swing/JButton.java,setIcon
7fde255b-22ad-43cf-9e25-dec56d3ae3a2,Tipos3$3.java,mouseEntered,->,7fde255b-22ad-43cf-9e25-dec56d3ae3a2,java/lang/Object.java,getClass
7fde255b-22ad-43cf-9e25-dec56d3ae3a2,Tipos3$3.java,mouseEntered,->,7fde255b-22ad-43cf-9e25-dec56d3ae3a2,java/lang/Class.java,getResource
7fde255b-22ad-43cf-9e25-dec56d3ae3a2,Tipos3$3.java,mouseEntered,->,7fde255b-22ad-43cf-9e25-dec56d3ae3a2,javax/swing/JButton.java,setIcon
7fde255b-22ad-43cf-9e25-dec56d3ae3a2,Tipos3$3.java,mouseExited,->,7fde255b-22ad-43cf-9e25-dec56d3ae3a2,java/lang/Object.java,getClass
7fde255b-22ad-43cf-9e25-dec56d3ae3a2,Tipos3$3.java,mouseExited,->,7fde255b-22ad-43cf-9e25-dec56d3ae3a2,java/lang/Class.java,getResource
7fde255b-22ad-43cf-9e25-dec56d3ae3a2,Tipos3$3.java,mouseExited,->,7fde255b-22ad-43cf-9e25-dec56d3ae3a2,javax/swing/JButton.java,setIcon
7fde255b-22ad-43cf-9e25-dec56d3ae3a2,Tipos3$3.java,mouseExited,->,7fde255b-22ad-43cf-9e25-dec56d3ae3a2,java/lang/Object.java,getClass
7fde255b-22ad-43cf-9e25-dec56d3ae3a2,Tipos3$3.java,mouseExited,->,7fde255b-22ad-43cf-9e25-dec56d3ae3a2,java/lang/Class.java,getResource
7fde255b-22ad-43cf-9e25-dec56d3ae3a2,Tipos3$3.java,mouseExited,->,7fde255b-22ad-43cf-9e25-dec56d3ae3a2,javax/swing/JButton.java,setIcon
7fde255b-22ad-43cf-9e25-dec56d3ae3a2,Tipos3$4.java,mouseEntered,->,7fde255b-22ad-43cf-9e25-dec56d3ae3a2,java/lang/Object.java,getClass
7fde255b-22ad-43cf-9e25-dec56d3ae3a2,Tipos3$4.java,mouseEntered,->,7fde255b-22ad-43cf-9e25-dec56d3ae3a2,java/lang/Class.java,getResource
7fde255b-22ad-43cf-9e25-dec56d3ae3a2,Tipos3$4.java,mouseEntered,->,7fde255b-22ad-43cf-9e25-dec56d3ae3a2,javax/swing/JButton.java,setIcon
7fde255b-22ad-43cf-9e25-dec56d3ae3a2,Tipos3$4.java,mouseEntered,->,7fde255b-22ad-43cf-9e25-dec56d3ae3a2,java/lang/Object.java,getClass
7fde255b-22ad-43cf-9e25-dec56d3ae3a2,Tipos3$4.java,mouseEntered,->,7fde255b-22ad-43cf-9e25-dec56d3ae3a2,java/lang/Class.java,getResource
7fde255b-22ad-43cf-9e25-dec56d3ae3a2,Tipos3$4.java,mouseEntered,->,7fde255b-22ad-43cf-9e25-dec56d3ae3a2,javax/swing/JButton.java,setIcon
7fde255b-22ad-43cf-9e25-dec56d3ae3a2,Tipos3$4.java,mouseEntered,->,7fde255b-22ad-43cf-9e25-dec56d3ae3a2,java/lang/Object.java,getClass
7fde255b-22ad-43cf-9e25-dec56d3ae3a2,Tipos3$4.java,mouseEntered,->,7fde255b-22ad-43cf-9e25-dec56d3ae3a2,java/lang/Class.java,getResource
7fde255b-22ad-43cf-9e25-dec56d3ae3a2,Tipos3$4.java,mouseEntered,->,7fde255b-22ad-43cf-9e25-dec56d3ae3a2,javax/swing/JButton.java,setIcon
7fde255b-22ad-43cf-9e25-dec56d3ae3a2,Tipos3$4.java,mouseExited,->,7fde255b-22ad-43cf-9e25-dec56d3ae3a2,java/lang/Object.java,getClass
7fde255b-22ad-43cf-9e25-dec56d3ae3a2,Tipos3$4.java,mouseExited,->,7fde255b-22ad-43cf-9e25-dec56d3ae3a2,java/lang/Class.java,getResource
7fde255b-22ad-43cf-9e25-dec56d3ae3a2,Tipos3$4.java,mouseExited,->,7fde255b-22ad-43cf-9e25-dec56d3ae3a2,javax/swing/JButton.java,setIcon
7fde255b-22ad-43cf-9e25-dec56d3ae3a2,Tipos3$4.java,mouseExited,->,7fde255b-22ad-43cf-9e25-dec56d3ae3a2,java/lang/Object.java,getClass
7fde255b-22ad-43cf-9e25-dec56d3ae3a2,Tipos3$4.java,mouseExited,->,7fde255b-22ad-43cf-9e25-dec56d3ae3a2,java/lang/Class.java,getResource
7fde255b-22ad-43cf-9e25-dec56d3ae3a2,Tipos3$4.java,mouseExited,->,7fde255b-22ad-43cf-9e25-dec56d3ae3a2,javax/swing/JButton.java,setIcon
7fde255b-22ad-43cf-9e25-dec56d3ae3a2,Tipos3$4.java,mouseExited,->,7fde255b-22ad-43cf-9e25-dec56d3ae3a2,java/lang/Object.java,getClass
7fde255b-22ad-43cf-9e25-dec56d3ae3a2,Tipos3$4.java,mouseExited,->,7fde255b-22ad-43cf-9e25-dec56d3ae3a2,java/lang/Class.java,getResource
7fde255b-22ad-43cf-9e25-dec56d3ae3a2,Tipos3$4.java,mouseExited,->,7fde255b-22ad-43cf-9e25-dec56d3ae3a2,javax/swing/JButton.java,setIcon
7fde255b-22ad-43cf-9e25-dec56d3ae3a2,Tipos3$5.java,mouseEntered,->,7fde255b-22ad-43cf-9e25-dec56d3ae3a2,java/lang/Object.java,getClass
7fde255b-22ad-43cf-9e25-dec56d3ae3a2,Tipos3$5.java,mouseEntered,->,7fde255b-22ad-43cf-9e25-dec56d3ae3a2,java/lang/Class.java,getResource
7fde255b-22ad-43cf-9e25-dec56d3ae3a2,Tipos3$5.java,mouseEntered,->,7fde255b-22ad-43cf-9e25-dec56d3ae3a2,javax/swing/JButton.java,setIcon
7fde255b-22ad-43cf-9e25-dec56d3ae3a2,Tipos3$5.java,mouseEntered,->,7fde255b-22ad-43cf-9e25-dec56d3ae3a2,java/lang/Object.java,getClass
7fde255b-22ad-43cf-9e25-dec56d3ae3a2,Tipos3$5.java,mouseEntered,->,7fde255b-22ad-43cf-9e25-dec56d3ae3a2,java/lang/Class.java,getResource
7fde255b-22ad-43cf-9e25-dec56d3ae3a2,Tipos3$5.java,mouseEntered,->,7fde255b-22ad-43cf-9e25-dec56d3ae3a2,javax/swing/JButton.java,setIcon
7fde255b-22ad-43cf-9e25-dec56d3ae3a2,Tipos3$5.java,mouseExited,->,7fde255b-22ad-43cf-9e25-dec56d3ae3a2,java/lang/Object.java,getClass
7fde255b-22ad-43cf-9e25-dec56d3ae3a2,Tipos3$5.java,mouseExited,->,7fde255b-22ad-43cf-9e25-dec56d3ae3a2,java/lang/Class.java,getResource
7fde255b-22ad-43cf-9e25-dec56d3ae3a2,Tipos3$5.java,mouseExited,->,7fde255b-22ad-43cf-9e25-dec56d3ae3a2,javax/swing/JButton.java,setIcon
7fde255b-22ad-43cf-9e25-dec56d3ae3a2,Tipos3$5.java,mouseExited,->,7fde255b-22ad-43cf-9e25-dec56d3ae3a2,java/lang/Object.java,getClass
7fde255b-22ad-43cf-9e25-dec56d3ae3a2,Tipos3$5.java,mouseExited,->,7fde255b-22ad-43cf-9e25-dec56d3ae3a2,java/lang/Class.java,getResource
7fde255b-22ad-43cf-9e25-dec56d3ae3a2,Tipos3$5.java,mouseExited,->,7fde255b-22ad-43cf-9e25-dec56d3ae3a2,javax/swing/JButton.java,setIcon
7fde255b-22ad-43cf-9e25-dec56d3ae3a2,Tipos3.java,main,->,7fde255b-22ad-43cf-9e25-dec56d3ae3a2,java/awt/EventQueue.java,invokeLater
7fde255b-22ad-43cf-9e25-dec56d3ae3a2,Todos$1.java,actionPerformed,->,7fde255b-22ad-43cf-9e25-dec56d3ae3a2,javax/swing/JPanel.java,getLayout
7fde255b-22ad-43cf-9e25-dec56d3ae3a2,Todos$1.java,actionPerformed,->,7fde255b-22ad-43cf-9e25-dec56d3ae3a2,java/awt/CardLayout.java,show
7fde255b-22ad-43cf-9e25-dec56d3ae3a2,Todos$1.java,actionPerformed,->,7fde255b-22ad-43cf-9e25-dec56d3ae3a2,javax/swing/SwingUtilities.java,getWindowAncestor
7fde255b-22ad-43cf-9e25-dec56d3ae3a2,Todos$1.java,actionPerformed,->,7fde255b-22ad-43cf-9e25-dec56d3ae3a2,java/awt/Window.java,setSize
7fde255b-22ad-43cf-9e25-dec56d3ae3a2,UrCocktail$1.java,run,->,7fde255b-22ad-43cf-9e25-dec56d3ae3a2,MenuPrincipal.java,setVisible
7fde255b-22ad-43cf-9e25-dec56d3ae3a2,UrCocktail$1.java,run,->,7fde255b-22ad-43cf-9e25-dec56d3ae3a2,java/lang/Exception.java,printStackTrace
7fde255b-22ad-43cf-9e25-dec56d3ae3a2,1d9cea41-ad21-41f8-9ea9-55c560f49ac6,4947b9a7-a0c8-44d0-8a7a-a839c28e788a,->,7fde255b-22ad-43cf-9e25-dec56d3ae3a2,java/awt/EventQueue.java,invokeLater
7fde255b-22ad-43cf-9e25-dec56d3ae3a2,VasoChampagne$1.java,actionPerformed,->,7fde255b-22ad-43cf-9e25-dec56d3ae3a2,javax/swing/JPanel.java,getLayout
7fde255b-22ad-43cf-9e25-dec56d3ae3a2,VasoChampagne$1.java,actionPerformed,->,7fde255b-22ad-43cf-9e25-dec56d3ae3a2,java/awt/CardLayout.java,show
7fde255b-22ad-43cf-9e25-dec56d3ae3a2,VasoCollins$1.java,actionPerformed,->,7fde255b-22ad-43cf-9e25-dec56d3ae3a2,javax/swing/JPanel.java,getLayout
7fde255b-22ad-43cf-9e25-dec56d3ae3a2,VasoCollins$1.java,actionPerformed,->,7fde255b-22ad-43cf-9e25-dec56d3ae3a2,java/awt/CardLayout.java,show
7fde255b-22ad-43cf-9e25-dec56d3ae3a2,VasoHighball$1.java,actionPerformed,->,7fde255b-22ad-43cf-9e25-dec56d3ae3a2,javax/swing/JPanel.java,getLayout
7fde255b-22ad-43cf-9e25-dec56d3ae3a2,VasoHighball$1.java,actionPerformed,->,7fde255b-22ad-43cf-9e25-dec56d3ae3a2,java/awt/CardLayout.java,show
7fde255b-22ad-43cf-9e25-dec56d3ae3a2,VasoHuracan$1.java,actionPerformed,->,7fde255b-22ad-43cf-9e25-dec56d3ae3a2,javax/swing/JPanel.java,getLayout
7fde255b-22ad-43cf-9e25-dec56d3ae3a2,VasoHuracan$1.java,actionPerformed,->,7fde255b-22ad-43cf-9e25-dec56d3ae3a2,java/awt/CardLayout.java,show
7fde255b-22ad-43cf-9e25-dec56d3ae3a2,VasoMargarita$1.java,actionPerformed,->,7fde255b-22ad-43cf-9e25-dec56d3ae3a2,javax/swing/JPanel.java,getLayout
7fde255b-22ad-43cf-9e25-dec56d3ae3a2,VasoMargarita$1.java,actionPerformed,->,7fde255b-22ad-43cf-9e25-dec56d3ae3a2,java/awt/CardLayout.java,show
7fde255b-22ad-43cf-9e25-dec56d3ae3a2,VasoMartini$1.java,actionPerformed,->,7fde255b-22ad-43cf-9e25-dec56d3ae3a2,javax/swing/JPanel.java,getLayout
7fde255b-22ad-43cf-9e25-dec56d3ae3a2,VasoMartini$1.java,actionPerformed,->,7fde255b-22ad-43cf-9e25-dec56d3ae3a2,java/awt/CardLayout.java,show
7fde255b-22ad-43cf-9e25-dec56d3ae3a2,VasoOldFashioned$1.java,actionPerformed,->,7fde255b-22ad-43cf-9e25-dec56d3ae3a2,javax/swing/JPanel.java,getLayout
7fde255b-22ad-43cf-9e25-dec56d3ae3a2,VasoOldFashioned$1.java,actionPerformed,->,7fde255b-22ad-43cf-9e25-dec56d3ae3a2,java/awt/CardLayout.java,show
7fde255b-22ad-43cf-9e25-dec56d3ae3a2,VasoPilsner$1.java,actionPerformed,->,7fde255b-22ad-43cf-9e25-dec56d3ae3a2,javax/swing/JPanel.java,getLayout
7fde255b-22ad-43cf-9e25-dec56d3ae3a2,VasoPilsner$1.java,actionPerformed,->,7fde255b-22ad-43cf-9e25-dec56d3ae3a2,java/awt/CardLayout.java,show
7fde255b-22ad-43cf-9e25-dec56d3ae3a2,VasoShot$1.java,actionPerformed,->,7fde255b-22ad-43cf-9e25-dec56d3ae3a2,javax/swing/JPanel.java,getLayout
7fde255b-22ad-43cf-9e25-dec56d3ae3a2,VasoShot$1.java,actionPerformed,->,7fde255b-22ad-43cf-9e25-dec56d3ae3a2,java/awt/CardLayout.java,show
7fde255b-22ad-43cf-9e25-dec56d3ae3a2,VasoVino$1.java,actionPerformed,->,7fde255b-22ad-43cf-9e25-dec56d3ae3a2,javax/swing/JPanel.java,getLayout
7fde255b-22ad-43cf-9e25-dec56d3ae3a2,VasoVino$1.java,actionPerformed,->,7fde255b-22ad-43cf-9e25-dec56d3ae3a2,java/awt/CardLayout.java,show
7fde255b-22ad-43cf-9e25-dec56d3ae3a2,VasoVino$2.java,actionPerformed,->,7fde255b-22ad-43cf-9e25-dec56d3ae3a2,javax/swing/JPanel.java,getLayout
7fde255b-22ad-43cf-9e25-dec56d3ae3a2,VasoVino$2.java,actionPerformed,->,7fde255b-22ad-43cf-9e25-dec56d3ae3a2,java/awt/CardLayout.java,show
7fde255b-22ad-43cf-9e25-dec56d3ae3a2,VasoVino$3.java,actionPerformed,->,7fde255b-22ad-43cf-9e25-dec56d3ae3a2,java/awt/CardLayout.java,show
7fde255b-22ad-43cf-9e25-dec56d3ae3a2,VasoVino$4.java,actionPerformed,->,7fde255b-22ad-43cf-9e25-dec56d3ae3a2,java/awt/CardLayout.java,show
7fde255b-22ad-43cf-9e25-dec56d3ae3a2,Vasos$1.java,actionPerformed,->,7fde255b-22ad-43cf-9e25-dec56d3ae3a2,javax/swing/JPanel.java,getLayout
7fde255b-22ad-43cf-9e25-dec56d3ae3a2,Vasos$1.java,actionPerformed,->,7fde255b-22ad-43cf-9e25-dec56d3ae3a2,java/awt/CardLayout.java,show
7fde255b-22ad-43cf-9e25-dec56d3ae3a2,Vasos$1.java,actionPerformed,->,7fde255b-22ad-43cf-9e25-dec56d3ae3a2,javax/swing/SwingUtilities.java,getWindowAncestor
7fde255b-22ad-43cf-9e25-dec56d3ae3a2,Vasos$1.java,actionPerformed,->,7fde255b-22ad-43cf-9e25-dec56d3ae3a2,java/awt/Window.java,setSize
7fde255b-22ad-43cf-9e25-dec56d3ae3a2,Vasos$10.java,actionPerformed,->,7fde255b-22ad-43cf-9e25-dec56d3ae3a2,javax/swing/JPanel.java,add
7fde255b-22ad-43cf-9e25-dec56d3ae3a2,Vasos$10.java,actionPerformed,->,7fde255b-22ad-43cf-9e25-dec56d3ae3a2,java/awt/CardLayout.java,show
7fde255b-22ad-43cf-9e25-dec56d3ae3a2,Vasos$11.java,actionPerformed,->,7fde255b-22ad-43cf-9e25-dec56d3ae3a2,javax/swing/JPanel.java,add
7fde255b-22ad-43cf-9e25-dec56d3ae3a2,Vasos$11.java,actionPerformed,->,7fde255b-22ad-43cf-9e25-dec56d3ae3a2,java/awt/CardLayout.java,show
7fde255b-22ad-43cf-9e25-dec56d3ae3a2,Vasos$2.java,actionPerformed,->,7fde255b-22ad-43cf-9e25-dec56d3ae3a2,javax/swing/JPanel.java,add
7fde255b-22ad-43cf-9e25-dec56d3ae3a2,Vasos$2.java,actionPerformed,->,7fde255b-22ad-43cf-9e25-dec56d3ae3a2,java/awt/CardLayout.java,show
7fde255b-22ad-43cf-9e25-dec56d3ae3a2,Vasos$3.java,actionPerformed,->,7fde255b-22ad-43cf-9e25-dec56d3ae3a2,javax/swing/JPanel.java,add
7fde255b-22ad-43cf-9e25-dec56d3ae3a2,Vasos$3.java,actionPerformed,->,7fde255b-22ad-43cf-9e25-dec56d3ae3a2,java/awt/CardLayout.java,show
7fde255b-22ad-43cf-9e25-dec56d3ae3a2,Vasos$4.java,actionPerformed,->,7fde255b-22ad-43cf-9e25-dec56d3ae3a2,javax/swing/JPanel.java,add
7fde255b-22ad-43cf-9e25-dec56d3ae3a2,Vasos$4.java,actionPerformed,->,7fde255b-22ad-43cf-9e25-dec56d3ae3a2,java/awt/CardLayout.java,show
7fde255b-22ad-43cf-9e25-dec56d3ae3a2,Vasos$5.java,actionPerformed,->,7fde255b-22ad-43cf-9e25-dec56d3ae3a2,javax/swing/JPanel.java,add
7fde255b-22ad-43cf-9e25-dec56d3ae3a2,Vasos$5.java,actionPerformed,->,7fde255b-22ad-43cf-9e25-dec56d3ae3a2,java/awt/CardLayout.java,show
7fde255b-22ad-43cf-9e25-dec56d3ae3a2,Vasos$6.java,actionPerformed,->,7fde255b-22ad-43cf-9e25-dec56d3ae3a2,javax/swing/JPanel.java,add
7fde255b-22ad-43cf-9e25-dec56d3ae3a2,Vasos$6.java,actionPerformed,->,7fde255b-22ad-43cf-9e25-dec56d3ae3a2,java/awt/CardLayout.java,show
7fde255b-22ad-43cf-9e25-dec56d3ae3a2,Vasos$7.java,actionPerformed,->,7fde255b-22ad-43cf-9e25-dec56d3ae3a2,javax/swing/JPanel.java,add
7fde255b-22ad-43cf-9e25-dec56d3ae3a2,Vasos$7.java,actionPerformed,->,7fde255b-22ad-43cf-9e25-dec56d3ae3a2,java/awt/CardLayout.java,show
7fde255b-22ad-43cf-9e25-dec56d3ae3a2,Vasos$8.java,actionPerformed,->,7fde255b-22ad-43cf-9e25-dec56d3ae3a2,javax/swing/JPanel.java,add
7fde255b-22ad-43cf-9e25-dec56d3ae3a2,Vasos$8.java,actionPerformed,->,7fde255b-22ad-43cf-9e25-dec56d3ae3a2,java/awt/CardLayout.java,show
7fde255b-22ad-43cf-9e25-dec56d3ae3a2,Vasos$9.java,actionPerformed,->,7fde255b-22ad-43cf-9e25-dec56d3ae3a2,javax/swing/JPanel.java,add
7fde255b-22ad-43cf-9e25-dec56d3ae3a2,Vasos$9.java,actionPerformed,->,7fde255b-22ad-43cf-9e25-dec56d3ae3a2,java/awt/CardLayout.java,show
7fde255b-22ad-43cf-9e25-dec56d3ae3a2,background$1.java,run,->,7fde255b-22ad-43cf-9e25-dec56d3ae3a2,background.java,setVisible
7fde255b-22ad-43cf-9e25-dec56d3ae3a2,background$1.java,run,->,7fde255b-22ad-43cf-9e25-dec56d3ae3a2,java/lang/Exception.java,printStackTrace
7fde255b-22ad-43cf-9e25-dec56d3ae3a2,background.java,main,->,7fde255b-22ad-43cf-9e25-dec56d3ae3a2,java/awt/EventQueue.java,invokeLater
