caller_project_id,caller_class_id,caller_method_id,CALL_DIRECTION,callee_project_id,callee_class_id,callee_method_id
944fb1c6-42c5-4551-bfd4-f1cff10122a2,1795faec-0ad1-4b99-8f88-fb713be77bf5,1b9c30af-9461-4789-b04d-568ff0907d5e,->,944fb1c6-42c5-4551-bfd4-f1cff10122a2,1795faec-0ad1-4b99-8f88-fb713be77bf5,0287886d-d35d-439c-93d1-d7168c692673
944fb1c6-42c5-4551-bfd4-f1cff10122a2,1795faec-0ad1-4b99-8f88-fb713be77bf5,0287886d-d35d-439c-93d1-d7168c692673,->,944fb1c6-42c5-4551-bfd4-f1cff10122a2,java/lang/String.java,charAt
944fb1c6-42c5-4551-bfd4-f1cff10122a2,1795faec-0ad1-4b99-8f88-fb713be77bf5,0287886d-d35d-439c-93d1-d7168c692673,->,944fb1c6-42c5-4551-bfd4-f1cff10122a2,5fedb915-2138-4cc7-82ed-4fbd4045e228,0f0c3418-41de-4616-9078-3e27db3f0fab
944fb1c6-42c5-4551-bfd4-f1cff10122a2,1795faec-0ad1-4b99-8f88-fb713be77bf5,0287886d-d35d-439c-93d1-d7168c692673,->,944fb1c6-42c5-4551-bfd4-f1cff10122a2,java/util/List.java,add
944fb1c6-42c5-4551-bfd4-f1cff10122a2,1795faec-0ad1-4b99-8f88-fb713be77bf5,0287886d-d35d-439c-93d1-d7168c692673,->,944fb1c6-42c5-4551-bfd4-f1cff10122a2,java/util/List.java,iterator
944fb1c6-42c5-4551-bfd4-f1cff10122a2,1795faec-0ad1-4b99-8f88-fb713be77bf5,0287886d-d35d-439c-93d1-d7168c692673,->,944fb1c6-42c5-4551-bfd4-f1cff10122a2,java/util/Iterator.java,hasNext
944fb1c6-42c5-4551-bfd4-f1cff10122a2,1795faec-0ad1-4b99-8f88-fb713be77bf5,0287886d-d35d-439c-93d1-d7168c692673,->,944fb1c6-42c5-4551-bfd4-f1cff10122a2,java/util/Iterator.java,next
944fb1c6-42c5-4551-bfd4-f1cff10122a2,1795faec-0ad1-4b99-8f88-fb713be77bf5,0287886d-d35d-439c-93d1-d7168c692673,->,944fb1c6-42c5-4551-bfd4-f1cff10122a2,1795faec-0ad1-4b99-8f88-fb713be77bf5,4fe4134c-9852-47e0-915b-c8a82eab3195
944fb1c6-42c5-4551-bfd4-f1cff10122a2,1795faec-0ad1-4b99-8f88-fb713be77bf5,4fe4134c-9852-47e0-915b-c8a82eab3195,->,944fb1c6-42c5-4551-bfd4-f1cff10122a2,381586ed-e255-41ba-9a48-20a50e1c38f5,12614c15-e2da-47e9-a7a1-789162af4910
944fb1c6-42c5-4551-bfd4-f1cff10122a2,1795faec-0ad1-4b99-8f88-fb713be77bf5,4fe4134c-9852-47e0-915b-c8a82eab3195,->,944fb1c6-42c5-4551-bfd4-f1cff10122a2,5fedb915-2138-4cc7-82ed-4fbd4045e228,ef385fb7-6a58-442f-84dd-a8c9a6e69c3e
944fb1c6-42c5-4551-bfd4-f1cff10122a2,1795faec-0ad1-4b99-8f88-fb713be77bf5,4fe4134c-9852-47e0-915b-c8a82eab3195,->,944fb1c6-42c5-4551-bfd4-f1cff10122a2,java/lang/String.java,charAt
944fb1c6-42c5-4551-bfd4-f1cff10122a2,1795faec-0ad1-4b99-8f88-fb713be77bf5,4fe4134c-9852-47e0-915b-c8a82eab3195,->,944fb1c6-42c5-4551-bfd4-f1cff10122a2,1795faec-0ad1-4b99-8f88-fb713be77bf5,3b833404-2261-4eed-9b44-1e3a3d63589b
944fb1c6-42c5-4551-bfd4-f1cff10122a2,1795faec-0ad1-4b99-8f88-fb713be77bf5,4fe4134c-9852-47e0-915b-c8a82eab3195,->,944fb1c6-42c5-4551-bfd4-f1cff10122a2,1795faec-0ad1-4b99-8f88-fb713be77bf5,25f4b716-48bf-4369-a316-28bdda94f137
944fb1c6-42c5-4551-bfd4-f1cff10122a2,1795faec-0ad1-4b99-8f88-fb713be77bf5,4fe4134c-9852-47e0-915b-c8a82eab3195,->,944fb1c6-42c5-4551-bfd4-f1cff10122a2,381586ed-e255-41ba-9a48-20a50e1c38f5,97886d42-02d8-4f55-91e2-0243e463c7a0
944fb1c6-42c5-4551-bfd4-f1cff10122a2,1795faec-0ad1-4b99-8f88-fb713be77bf5,4fe4134c-9852-47e0-915b-c8a82eab3195,->,944fb1c6-42c5-4551-bfd4-f1cff10122a2,381586ed-e255-41ba-9a48-20a50e1c38f5,8c3ff00a-6ca8-4718-8799-392f67643a93
944fb1c6-42c5-4551-bfd4-f1cff10122a2,1795faec-0ad1-4b99-8f88-fb713be77bf5,4fe4134c-9852-47e0-915b-c8a82eab3195,->,944fb1c6-42c5-4551-bfd4-f1cff10122a2,381586ed-e255-41ba-9a48-20a50e1c38f5,12614c15-e2da-47e9-a7a1-789162af4910
944fb1c6-42c5-4551-bfd4-f1cff10122a2,1795faec-0ad1-4b99-8f88-fb713be77bf5,4fe4134c-9852-47e0-915b-c8a82eab3195,->,944fb1c6-42c5-4551-bfd4-f1cff10122a2,5fedb915-2138-4cc7-82ed-4fbd4045e228,ef385fb7-6a58-442f-84dd-a8c9a6e69c3e
944fb1c6-42c5-4551-bfd4-f1cff10122a2,1795faec-0ad1-4b99-8f88-fb713be77bf5,4fe4134c-9852-47e0-915b-c8a82eab3195,->,944fb1c6-42c5-4551-bfd4-f1cff10122a2,java/lang/String.java,length
944fb1c6-42c5-4551-bfd4-f1cff10122a2,1795faec-0ad1-4b99-8f88-fb713be77bf5,4fe4134c-9852-47e0-915b-c8a82eab3195,->,944fb1c6-42c5-4551-bfd4-f1cff10122a2,java/lang/String.java,length
944fb1c6-42c5-4551-bfd4-f1cff10122a2,1795faec-0ad1-4b99-8f88-fb713be77bf5,4fe4134c-9852-47e0-915b-c8a82eab3195,->,944fb1c6-42c5-4551-bfd4-f1cff10122a2,java/lang/String.java,length
944fb1c6-42c5-4551-bfd4-f1cff10122a2,1795faec-0ad1-4b99-8f88-fb713be77bf5,4fe4134c-9852-47e0-915b-c8a82eab3195,->,944fb1c6-42c5-4551-bfd4-f1cff10122a2,java/lang/String.java,length
944fb1c6-42c5-4551-bfd4-f1cff10122a2,1795faec-0ad1-4b99-8f88-fb713be77bf5,4fe4134c-9852-47e0-915b-c8a82eab3195,->,944fb1c6-42c5-4551-bfd4-f1cff10122a2,381586ed-e255-41ba-9a48-20a50e1c38f5,97886d42-02d8-4f55-91e2-0243e463c7a0
944fb1c6-42c5-4551-bfd4-f1cff10122a2,1795faec-0ad1-4b99-8f88-fb713be77bf5,4fe4134c-9852-47e0-915b-c8a82eab3195,->,944fb1c6-42c5-4551-bfd4-f1cff10122a2,java/lang/String.java,length
944fb1c6-42c5-4551-bfd4-f1cff10122a2,1795faec-0ad1-4b99-8f88-fb713be77bf5,4fe4134c-9852-47e0-915b-c8a82eab3195,->,944fb1c6-42c5-4551-bfd4-f1cff10122a2,java/lang/String.java,length
944fb1c6-42c5-4551-bfd4-f1cff10122a2,1795faec-0ad1-4b99-8f88-fb713be77bf5,4fe4134c-9852-47e0-915b-c8a82eab3195,->,944fb1c6-42c5-4551-bfd4-f1cff10122a2,1795faec-0ad1-4b99-8f88-fb713be77bf5,25f4b716-48bf-4369-a316-28bdda94f137
944fb1c6-42c5-4551-bfd4-f1cff10122a2,1795faec-0ad1-4b99-8f88-fb713be77bf5,4fe4134c-9852-47e0-915b-c8a82eab3195,->,944fb1c6-42c5-4551-bfd4-f1cff10122a2,java/io/PrintStream.java,println
944fb1c6-42c5-4551-bfd4-f1cff10122a2,1795faec-0ad1-4b99-8f88-fb713be77bf5,3b833404-2261-4eed-9b44-1e3a3d63589b,->,944fb1c6-42c5-4551-bfd4-f1cff10122a2,java/util/List.java,iterator
944fb1c6-42c5-4551-bfd4-f1cff10122a2,1795faec-0ad1-4b99-8f88-fb713be77bf5,3b833404-2261-4eed-9b44-1e3a3d63589b,->,944fb1c6-42c5-4551-bfd4-f1cff10122a2,java/util/Iterator.java,hasNext
944fb1c6-42c5-4551-bfd4-f1cff10122a2,1795faec-0ad1-4b99-8f88-fb713be77bf5,3b833404-2261-4eed-9b44-1e3a3d63589b,->,944fb1c6-42c5-4551-bfd4-f1cff10122a2,java/util/Iterator.java,next
944fb1c6-42c5-4551-bfd4-f1cff10122a2,1795faec-0ad1-4b99-8f88-fb713be77bf5,3b833404-2261-4eed-9b44-1e3a3d63589b,->,944fb1c6-42c5-4551-bfd4-f1cff10122a2,5fedb915-2138-4cc7-82ed-4fbd4045e228,7f94696c-740f-435a-abc2-fdff0ffd1832
944fb1c6-42c5-4551-bfd4-f1cff10122a2,1795faec-0ad1-4b99-8f88-fb713be77bf5,3b833404-2261-4eed-9b44-1e3a3d63589b,->,944fb1c6-42c5-4551-bfd4-f1cff10122a2,5fedb915-2138-4cc7-82ed-4fbd4045e228,0f0c3418-41de-4616-9078-3e27db3f0fab
944fb1c6-42c5-4551-bfd4-f1cff10122a2,1795faec-0ad1-4b99-8f88-fb713be77bf5,fe48ba70-0fa5-4c9a-b136-3401a049838d,->,944fb1c6-42c5-4551-bfd4-f1cff10122a2,5fedb915-2138-4cc7-82ed-4fbd4045e228,6b5c52ab-05e8-467b-9a6e-1ca26b19b382
944fb1c6-42c5-4551-bfd4-f1cff10122a2,1795faec-0ad1-4b99-8f88-fb713be77bf5,25f4b716-48bf-4369-a316-28bdda94f137,->,944fb1c6-42c5-4551-bfd4-f1cff10122a2,5fedb915-2138-4cc7-82ed-4fbd4045e228,ef385fb7-6a58-442f-84dd-a8c9a6e69c3e
944fb1c6-42c5-4551-bfd4-f1cff10122a2,1795faec-0ad1-4b99-8f88-fb713be77bf5,0c0d79f9-e686-4c10-af5c-86315927a8bc,->,944fb1c6-42c5-4551-bfd4-f1cff10122a2,java/lang/StringBuilder.java,append
944fb1c6-42c5-4551-bfd4-f1cff10122a2,1795faec-0ad1-4b99-8f88-fb713be77bf5,0c0d79f9-e686-4c10-af5c-86315927a8bc,->,944fb1c6-42c5-4551-bfd4-f1cff10122a2,java/lang/StringBuilder.java,append
944fb1c6-42c5-4551-bfd4-f1cff10122a2,1795faec-0ad1-4b99-8f88-fb713be77bf5,0c0d79f9-e686-4c10-af5c-86315927a8bc,->,944fb1c6-42c5-4551-bfd4-f1cff10122a2,java/lang/StringBuilder.java,toString
944fb1c6-42c5-4551-bfd4-f1cff10122a2,1795faec-0ad1-4b99-8f88-fb713be77bf5,0c0d79f9-e686-4c10-af5c-86315927a8bc,->,944fb1c6-42c5-4551-bfd4-f1cff10122a2,java/lang/StringBuilder.java,append
944fb1c6-42c5-4551-bfd4-f1cff10122a2,1795faec-0ad1-4b99-8f88-fb713be77bf5,0c0d79f9-e686-4c10-af5c-86315927a8bc,->,944fb1c6-42c5-4551-bfd4-f1cff10122a2,java/lang/StringBuilder.java,append
944fb1c6-42c5-4551-bfd4-f1cff10122a2,1795faec-0ad1-4b99-8f88-fb713be77bf5,0c0d79f9-e686-4c10-af5c-86315927a8bc,->,944fb1c6-42c5-4551-bfd4-f1cff10122a2,java/lang/StringBuilder.java,toString
944fb1c6-42c5-4551-bfd4-f1cff10122a2,1795faec-0ad1-4b99-8f88-fb713be77bf5,0c0d79f9-e686-4c10-af5c-86315927a8bc,->,944fb1c6-42c5-4551-bfd4-f1cff10122a2,java/lang/StringBuilder.java,append
944fb1c6-42c5-4551-bfd4-f1cff10122a2,1795faec-0ad1-4b99-8f88-fb713be77bf5,0c0d79f9-e686-4c10-af5c-86315927a8bc,->,944fb1c6-42c5-4551-bfd4-f1cff10122a2,5fedb915-2138-4cc7-82ed-4fbd4045e228,0f0c3418-41de-4616-9078-3e27db3f0fab
944fb1c6-42c5-4551-bfd4-f1cff10122a2,1795faec-0ad1-4b99-8f88-fb713be77bf5,0c0d79f9-e686-4c10-af5c-86315927a8bc,->,944fb1c6-42c5-4551-bfd4-f1cff10122a2,java/lang/StringBuilder.java,append
944fb1c6-42c5-4551-bfd4-f1cff10122a2,1795faec-0ad1-4b99-8f88-fb713be77bf5,0c0d79f9-e686-4c10-af5c-86315927a8bc,->,944fb1c6-42c5-4551-bfd4-f1cff10122a2,java/lang/StringBuilder.java,append
944fb1c6-42c5-4551-bfd4-f1cff10122a2,1795faec-0ad1-4b99-8f88-fb713be77bf5,0c0d79f9-e686-4c10-af5c-86315927a8bc,->,944fb1c6-42c5-4551-bfd4-f1cff10122a2,java/lang/StringBuilder.java,toString
944fb1c6-42c5-4551-bfd4-f1cff10122a2,1795faec-0ad1-4b99-8f88-fb713be77bf5,0c0d79f9-e686-4c10-af5c-86315927a8bc,->,944fb1c6-42c5-4551-bfd4-f1cff10122a2,java/lang/StringBuilder.java,append
944fb1c6-42c5-4551-bfd4-f1cff10122a2,1795faec-0ad1-4b99-8f88-fb713be77bf5,0c0d79f9-e686-4c10-af5c-86315927a8bc,->,944fb1c6-42c5-4551-bfd4-f1cff10122a2,java/lang/StringBuilder.java,append
944fb1c6-42c5-4551-bfd4-f1cff10122a2,1795faec-0ad1-4b99-8f88-fb713be77bf5,0c0d79f9-e686-4c10-af5c-86315927a8bc,->,944fb1c6-42c5-4551-bfd4-f1cff10122a2,java/lang/StringBuilder.java,toString
944fb1c6-42c5-4551-bfd4-f1cff10122a2,1795faec-0ad1-4b99-8f88-fb713be77bf5,0c0d79f9-e686-4c10-af5c-86315927a8bc,->,944fb1c6-42c5-4551-bfd4-f1cff10122a2,java/lang/StringBuilder.java,append
944fb1c6-42c5-4551-bfd4-f1cff10122a2,1795faec-0ad1-4b99-8f88-fb713be77bf5,0c0d79f9-e686-4c10-af5c-86315927a8bc,->,944fb1c6-42c5-4551-bfd4-f1cff10122a2,java/lang/StringBuilder.java,append
944fb1c6-42c5-4551-bfd4-f1cff10122a2,1795faec-0ad1-4b99-8f88-fb713be77bf5,0c0d79f9-e686-4c10-af5c-86315927a8bc,->,944fb1c6-42c5-4551-bfd4-f1cff10122a2,java/lang/StringBuilder.java,toString
944fb1c6-42c5-4551-bfd4-f1cff10122a2,5fedb915-2138-4cc7-82ed-4fbd4045e228,47fb1d31-ae52-407e-9017-db5a68ca8ce6,->,944fb1c6-42c5-4551-bfd4-f1cff10122a2,java/lang/StringBuilder.java,append
944fb1c6-42c5-4551-bfd4-f1cff10122a2,5fedb915-2138-4cc7-82ed-4fbd4045e228,47fb1d31-ae52-407e-9017-db5a68ca8ce6,->,944fb1c6-42c5-4551-bfd4-f1cff10122a2,java/lang/StringBuilder.java,append
944fb1c6-42c5-4551-bfd4-f1cff10122a2,5fedb915-2138-4cc7-82ed-4fbd4045e228,47fb1d31-ae52-407e-9017-db5a68ca8ce6,->,944fb1c6-42c5-4551-bfd4-f1cff10122a2,java/lang/StringBuilder.java,append
944fb1c6-42c5-4551-bfd4-f1cff10122a2,5fedb915-2138-4cc7-82ed-4fbd4045e228,47fb1d31-ae52-407e-9017-db5a68ca8ce6,->,944fb1c6-42c5-4551-bfd4-f1cff10122a2,java/lang/StringBuilder.java,append
944fb1c6-42c5-4551-bfd4-f1cff10122a2,5fedb915-2138-4cc7-82ed-4fbd4045e228,47fb1d31-ae52-407e-9017-db5a68ca8ce6,->,944fb1c6-42c5-4551-bfd4-f1cff10122a2,java/lang/StringBuilder.java,toString
944fb1c6-42c5-4551-bfd4-f1cff10122a2,5fedb915-2138-4cc7-82ed-4fbd4045e228,47fb1d31-ae52-407e-9017-db5a68ca8ce6,->,944fb1c6-42c5-4551-bfd4-f1cff10122a2,java/util/List.java,iterator
944fb1c6-42c5-4551-bfd4-f1cff10122a2,5fedb915-2138-4cc7-82ed-4fbd4045e228,47fb1d31-ae52-407e-9017-db5a68ca8ce6,->,944fb1c6-42c5-4551-bfd4-f1cff10122a2,java/util/Iterator.java,hasNext
944fb1c6-42c5-4551-bfd4-f1cff10122a2,5fedb915-2138-4cc7-82ed-4fbd4045e228,47fb1d31-ae52-407e-9017-db5a68ca8ce6,->,944fb1c6-42c5-4551-bfd4-f1cff10122a2,java/lang/StringBuilder.java,append
944fb1c6-42c5-4551-bfd4-f1cff10122a2,5fedb915-2138-4cc7-82ed-4fbd4045e228,47fb1d31-ae52-407e-9017-db5a68ca8ce6,->,944fb1c6-42c5-4551-bfd4-f1cff10122a2,java/lang/StringBuilder.java,append
944fb1c6-42c5-4551-bfd4-f1cff10122a2,5fedb915-2138-4cc7-82ed-4fbd4045e228,47fb1d31-ae52-407e-9017-db5a68ca8ce6,->,944fb1c6-42c5-4551-bfd4-f1cff10122a2,java/util/Iterator.java,next
944fb1c6-42c5-4551-bfd4-f1cff10122a2,5fedb915-2138-4cc7-82ed-4fbd4045e228,47fb1d31-ae52-407e-9017-db5a68ca8ce6,->,944fb1c6-42c5-4551-bfd4-f1cff10122a2,5fedb915-2138-4cc7-82ed-4fbd4045e228,0f0c3418-41de-4616-9078-3e27db3f0fab
944fb1c6-42c5-4551-bfd4-f1cff10122a2,5fedb915-2138-4cc7-82ed-4fbd4045e228,47fb1d31-ae52-407e-9017-db5a68ca8ce6,->,944fb1c6-42c5-4551-bfd4-f1cff10122a2,java/lang/StringBuilder.java,append
944fb1c6-42c5-4551-bfd4-f1cff10122a2,5fedb915-2138-4cc7-82ed-4fbd4045e228,47fb1d31-ae52-407e-9017-db5a68ca8ce6,->,944fb1c6-42c5-4551-bfd4-f1cff10122a2,java/lang/StringBuilder.java,append
944fb1c6-42c5-4551-bfd4-f1cff10122a2,5fedb915-2138-4cc7-82ed-4fbd4045e228,47fb1d31-ae52-407e-9017-db5a68ca8ce6,->,944fb1c6-42c5-4551-bfd4-f1cff10122a2,java/lang/StringBuilder.java,toString
944fb1c6-42c5-4551-bfd4-f1cff10122a2,e03a297d-e9f6-4a15-80f8-45292bf2a06e,faf2c782-4ffe-4d35-8267-b234f8d693ab,->,944fb1c6-42c5-4551-bfd4-f1cff10122a2,java/io/PrintStream.java,println
944fb1c6-42c5-4551-bfd4-f1cff10122a2,e03a297d-e9f6-4a15-80f8-45292bf2a06e,faf2c782-4ffe-4d35-8267-b234f8d693ab,->,944fb1c6-42c5-4551-bfd4-f1cff10122a2,java/io/PrintStream.java,println
944fb1c6-42c5-4551-bfd4-f1cff10122a2,e03a297d-e9f6-4a15-80f8-45292bf2a06e,faf2c782-4ffe-4d35-8267-b234f8d693ab,->,944fb1c6-42c5-4551-bfd4-f1cff10122a2,java/io/PrintStream.java,println
944fb1c6-42c5-4551-bfd4-f1cff10122a2,e03a297d-e9f6-4a15-80f8-45292bf2a06e,faf2c782-4ffe-4d35-8267-b234f8d693ab,->,944fb1c6-42c5-4551-bfd4-f1cff10122a2,e03a297d-e9f6-4a15-80f8-45292bf2a06e,07d72839-ad8e-4382-a3bf-5b19d2d47262
944fb1c6-42c5-4551-bfd4-f1cff10122a2,e03a297d-e9f6-4a15-80f8-45292bf2a06e,faf2c782-4ffe-4d35-8267-b234f8d693ab,->,944fb1c6-42c5-4551-bfd4-f1cff10122a2,java/io/PrintStream.java,println
944fb1c6-42c5-4551-bfd4-f1cff10122a2,e03a297d-e9f6-4a15-80f8-45292bf2a06e,faf2c782-4ffe-4d35-8267-b234f8d693ab,->,944fb1c6-42c5-4551-bfd4-f1cff10122a2,java/lang/StringBuilder.java,append
944fb1c6-42c5-4551-bfd4-f1cff10122a2,e03a297d-e9f6-4a15-80f8-45292bf2a06e,faf2c782-4ffe-4d35-8267-b234f8d693ab,->,944fb1c6-42c5-4551-bfd4-f1cff10122a2,java/lang/StringBuilder.java,append
944fb1c6-42c5-4551-bfd4-f1cff10122a2,e03a297d-e9f6-4a15-80f8-45292bf2a06e,faf2c782-4ffe-4d35-8267-b234f8d693ab,->,944fb1c6-42c5-4551-bfd4-f1cff10122a2,java/lang/StringBuilder.java,append
944fb1c6-42c5-4551-bfd4-f1cff10122a2,e03a297d-e9f6-4a15-80f8-45292bf2a06e,faf2c782-4ffe-4d35-8267-b234f8d693ab,->,944fb1c6-42c5-4551-bfd4-f1cff10122a2,java/lang/StringBuilder.java,append
944fb1c6-42c5-4551-bfd4-f1cff10122a2,e03a297d-e9f6-4a15-80f8-45292bf2a06e,faf2c782-4ffe-4d35-8267-b234f8d693ab,->,944fb1c6-42c5-4551-bfd4-f1cff10122a2,java/lang/StringBuilder.java,append
944fb1c6-42c5-4551-bfd4-f1cff10122a2,e03a297d-e9f6-4a15-80f8-45292bf2a06e,faf2c782-4ffe-4d35-8267-b234f8d693ab,->,944fb1c6-42c5-4551-bfd4-f1cff10122a2,java/lang/StringBuilder.java,toString
944fb1c6-42c5-4551-bfd4-f1cff10122a2,e03a297d-e9f6-4a15-80f8-45292bf2a06e,faf2c782-4ffe-4d35-8267-b234f8d693ab,->,944fb1c6-42c5-4551-bfd4-f1cff10122a2,java/io/PrintStream.java,println
944fb1c6-42c5-4551-bfd4-f1cff10122a2,e03a297d-e9f6-4a15-80f8-45292bf2a06e,faf2c782-4ffe-4d35-8267-b234f8d693ab,->,944fb1c6-42c5-4551-bfd4-f1cff10122a2,java/io/PrintStream.java,println
944fb1c6-42c5-4551-bfd4-f1cff10122a2,e03a297d-e9f6-4a15-80f8-45292bf2a06e,faf2c782-4ffe-4d35-8267-b234f8d693ab,->,944fb1c6-42c5-4551-bfd4-f1cff10122a2,java/io/PrintStream.java,println
944fb1c6-42c5-4551-bfd4-f1cff10122a2,e03a297d-e9f6-4a15-80f8-45292bf2a06e,07d72839-ad8e-4382-a3bf-5b19d2d47262,->,944fb1c6-42c5-4551-bfd4-f1cff10122a2,java/util/ArrayList.java,size
944fb1c6-42c5-4551-bfd4-f1cff10122a2,e03a297d-e9f6-4a15-80f8-45292bf2a06e,07d72839-ad8e-4382-a3bf-5b19d2d47262,->,944fb1c6-42c5-4551-bfd4-f1cff10122a2,java/util/ArrayList.java,size
944fb1c6-42c5-4551-bfd4-f1cff10122a2,e03a297d-e9f6-4a15-80f8-45292bf2a06e,07d72839-ad8e-4382-a3bf-5b19d2d47262,->,944fb1c6-42c5-4551-bfd4-f1cff10122a2,java/io/PrintStream.java,print
944fb1c6-42c5-4551-bfd4-f1cff10122a2,e03a297d-e9f6-4a15-80f8-45292bf2a06e,07d72839-ad8e-4382-a3bf-5b19d2d47262,->,944fb1c6-42c5-4551-bfd4-f1cff10122a2,java/util/ArrayList.java,size
944fb1c6-42c5-4551-bfd4-f1cff10122a2,e03a297d-e9f6-4a15-80f8-45292bf2a06e,07d72839-ad8e-4382-a3bf-5b19d2d47262,->,944fb1c6-42c5-4551-bfd4-f1cff10122a2,java/util/ArrayList.java,get
944fb1c6-42c5-4551-bfd4-f1cff10122a2,e03a297d-e9f6-4a15-80f8-45292bf2a06e,07d72839-ad8e-4382-a3bf-5b19d2d47262,->,944fb1c6-42c5-4551-bfd4-f1cff10122a2,java/io/PrintStream.java,print
944fb1c6-42c5-4551-bfd4-f1cff10122a2,e03a297d-e9f6-4a15-80f8-45292bf2a06e,07d72839-ad8e-4382-a3bf-5b19d2d47262,->,944fb1c6-42c5-4551-bfd4-f1cff10122a2,java/util/ArrayList.java,get
944fb1c6-42c5-4551-bfd4-f1cff10122a2,e03a297d-e9f6-4a15-80f8-45292bf2a06e,07d72839-ad8e-4382-a3bf-5b19d2d47262,->,944fb1c6-42c5-4551-bfd4-f1cff10122a2,java/lang/String.java,length
944fb1c6-42c5-4551-bfd4-f1cff10122a2,e03a297d-e9f6-4a15-80f8-45292bf2a06e,07d72839-ad8e-4382-a3bf-5b19d2d47262,->,944fb1c6-42c5-4551-bfd4-f1cff10122a2,java/io/PrintStream.java,print
944fb1c6-42c5-4551-bfd4-f1cff10122a2,e03a297d-e9f6-4a15-80f8-45292bf2a06e,07d72839-ad8e-4382-a3bf-5b19d2d47262,->,944fb1c6-42c5-4551-bfd4-f1cff10122a2,java/io/PrintStream.java,print
944fb1c6-42c5-4551-bfd4-f1cff10122a2,e03a297d-e9f6-4a15-80f8-45292bf2a06e,07d72839-ad8e-4382-a3bf-5b19d2d47262,->,944fb1c6-42c5-4551-bfd4-f1cff10122a2,java/io/PrintStream.java,print
944fb1c6-42c5-4551-bfd4-f1cff10122a2,e03a297d-e9f6-4a15-80f8-45292bf2a06e,07d72839-ad8e-4382-a3bf-5b19d2d47262,->,944fb1c6-42c5-4551-bfd4-f1cff10122a2,java/io/PrintStream.java,print
944fb1c6-42c5-4551-bfd4-f1cff10122a2,e03a297d-e9f6-4a15-80f8-45292bf2a06e,07d72839-ad8e-4382-a3bf-5b19d2d47262,->,944fb1c6-42c5-4551-bfd4-f1cff10122a2,java/io/PrintStream.java,print
944fb1c6-42c5-4551-bfd4-f1cff10122a2,e03a297d-e9f6-4a15-80f8-45292bf2a06e,07d72839-ad8e-4382-a3bf-5b19d2d47262,->,944fb1c6-42c5-4551-bfd4-f1cff10122a2,java/util/ArrayList.java,size
944fb1c6-42c5-4551-bfd4-f1cff10122a2,e03a297d-e9f6-4a15-80f8-45292bf2a06e,07d72839-ad8e-4382-a3bf-5b19d2d47262,->,944fb1c6-42c5-4551-bfd4-f1cff10122a2,java/util/ArrayList.java,get
944fb1c6-42c5-4551-bfd4-f1cff10122a2,e03a297d-e9f6-4a15-80f8-45292bf2a06e,07d72839-ad8e-4382-a3bf-5b19d2d47262,->,944fb1c6-42c5-4551-bfd4-f1cff10122a2,java/io/PrintStream.java,print
944fb1c6-42c5-4551-bfd4-f1cff10122a2,e03a297d-e9f6-4a15-80f8-45292bf2a06e,07d72839-ad8e-4382-a3bf-5b19d2d47262,->,944fb1c6-42c5-4551-bfd4-f1cff10122a2,java/util/ArrayList.java,get
944fb1c6-42c5-4551-bfd4-f1cff10122a2,e03a297d-e9f6-4a15-80f8-45292bf2a06e,07d72839-ad8e-4382-a3bf-5b19d2d47262,->,944fb1c6-42c5-4551-bfd4-f1cff10122a2,java/lang/String.java,length
944fb1c6-42c5-4551-bfd4-f1cff10122a2,e03a297d-e9f6-4a15-80f8-45292bf2a06e,07d72839-ad8e-4382-a3bf-5b19d2d47262,->,944fb1c6-42c5-4551-bfd4-f1cff10122a2,java/io/PrintStream.java,print
944fb1c6-42c5-4551-bfd4-f1cff10122a2,e03a297d-e9f6-4a15-80f8-45292bf2a06e,07d72839-ad8e-4382-a3bf-5b19d2d47262,->,944fb1c6-42c5-4551-bfd4-f1cff10122a2,java/io/PrintStream.java,print
944fb1c6-42c5-4551-bfd4-f1cff10122a2,e03a297d-e9f6-4a15-80f8-45292bf2a06e,07d72839-ad8e-4382-a3bf-5b19d2d47262,->,944fb1c6-42c5-4551-bfd4-f1cff10122a2,java/io/PrintStream.java,println
944fb1c6-42c5-4551-bfd4-f1cff10122a2,e03a297d-e9f6-4a15-80f8-45292bf2a06e,351bd9f6-0e4e-485d-986a-f21704bd1b61,->,944fb1c6-42c5-4551-bfd4-f1cff10122a2,java/io/PrintStream.java,println
944fb1c6-42c5-4551-bfd4-f1cff10122a2,e03a297d-e9f6-4a15-80f8-45292bf2a06e,351bd9f6-0e4e-485d-986a-f21704bd1b61,->,944fb1c6-42c5-4551-bfd4-f1cff10122a2,java/io/PrintStream.java,println
944fb1c6-42c5-4551-bfd4-f1cff10122a2,e03a297d-e9f6-4a15-80f8-45292bf2a06e,f9a78ab0-4f5d-4351-bb4b-84d030581887,->,944fb1c6-42c5-4551-bfd4-f1cff10122a2,java/io/PrintStream.java,println
944fb1c6-42c5-4551-bfd4-f1cff10122a2,0a06d4ef-f3fe-4141-8a77-444a7b97d8fa,18bf63e1-ca6a-433c-8fe9-529a2810f196,->,944fb1c6-42c5-4551-bfd4-f1cff10122a2,8955ce71-2bae-4759-b229-5bf46daa6354,d55712c5-4d93-4097-a8af-569933fec7f4
944fb1c6-42c5-4551-bfd4-f1cff10122a2,0a06d4ef-f3fe-4141-8a77-444a7b97d8fa,18bf63e1-ca6a-433c-8fe9-529a2810f196,->,944fb1c6-42c5-4551-bfd4-f1cff10122a2,java/util/Iterator.java,hasNext
944fb1c6-42c5-4551-bfd4-f1cff10122a2,0a06d4ef-f3fe-4141-8a77-444a7b97d8fa,18bf63e1-ca6a-433c-8fe9-529a2810f196,->,944fb1c6-42c5-4551-bfd4-f1cff10122a2,java/util/Iterator.java,next
944fb1c6-42c5-4551-bfd4-f1cff10122a2,0a06d4ef-f3fe-4141-8a77-444a7b97d8fa,18bf63e1-ca6a-433c-8fe9-529a2810f196,->,944fb1c6-42c5-4551-bfd4-f1cff10122a2,java/util/ArrayList.java,size
944fb1c6-42c5-4551-bfd4-f1cff10122a2,0a06d4ef-f3fe-4141-8a77-444a7b97d8fa,18bf63e1-ca6a-433c-8fe9-529a2810f196,->,944fb1c6-42c5-4551-bfd4-f1cff10122a2,java/util/ArrayList.java,get
944fb1c6-42c5-4551-bfd4-f1cff10122a2,0a06d4ef-f3fe-4141-8a77-444a7b97d8fa,18bf63e1-ca6a-433c-8fe9-529a2810f196,->,944fb1c6-42c5-4551-bfd4-f1cff10122a2,java/lang/String.java,equals
944fb1c6-42c5-4551-bfd4-f1cff10122a2,0a06d4ef-f3fe-4141-8a77-444a7b97d8fa,18bf63e1-ca6a-433c-8fe9-529a2810f196,->,944fb1c6-42c5-4551-bfd4-f1cff10122a2,1795faec-0ad1-4b99-8f88-fb713be77bf5,1b9c30af-9461-4789-b04d-568ff0907d5e
944fb1c6-42c5-4551-bfd4-f1cff10122a2,0a06d4ef-f3fe-4141-8a77-444a7b97d8fa,18bf63e1-ca6a-433c-8fe9-529a2810f196,->,944fb1c6-42c5-4551-bfd4-f1cff10122a2,java/util/ArrayList.java,add
944fb1c6-42c5-4551-bfd4-f1cff10122a2,0a06d4ef-f3fe-4141-8a77-444a7b97d8fa,5552866f-defd-4a60-b313-1767879646e9,->,944fb1c6-42c5-4551-bfd4-f1cff10122a2,0a06d4ef-f3fe-4141-8a77-444a7b97d8fa,90f7362f-b591-45d0-b528-6b42c2c5e7b6
944fb1c6-42c5-4551-bfd4-f1cff10122a2,0a06d4ef-f3fe-4141-8a77-444a7b97d8fa,5552866f-defd-4a60-b313-1767879646e9,->,944fb1c6-42c5-4551-bfd4-f1cff10122a2,11391830-ea69-4fc0-a270-1b7de0252d9a,4c06fa09-b028-483f-9932-7e2f0f97bb24
944fb1c6-42c5-4551-bfd4-f1cff10122a2,0a06d4ef-f3fe-4141-8a77-444a7b97d8fa,5552866f-defd-4a60-b313-1767879646e9,->,944fb1c6-42c5-4551-bfd4-f1cff10122a2,1795faec-0ad1-4b99-8f88-fb713be77bf5,0c0d79f9-e686-4c10-af5c-86315927a8bc
944fb1c6-42c5-4551-bfd4-f1cff10122a2,0a06d4ef-f3fe-4141-8a77-444a7b97d8fa,5552866f-defd-4a60-b313-1767879646e9,->,944fb1c6-42c5-4551-bfd4-f1cff10122a2,11391830-ea69-4fc0-a270-1b7de0252d9a,a7faba2e-bc56-48e6-90e8-f14769b4d4bd
944fb1c6-42c5-4551-bfd4-f1cff10122a2,0a06d4ef-f3fe-4141-8a77-444a7b97d8fa,5552866f-defd-4a60-b313-1767879646e9,->,944fb1c6-42c5-4551-bfd4-f1cff10122a2,0a06d4ef-f3fe-4141-8a77-444a7b97d8fa,fa536bb2-9a54-4034-b80c-c213070bb443
944fb1c6-42c5-4551-bfd4-f1cff10122a2,0a06d4ef-f3fe-4141-8a77-444a7b97d8fa,5552866f-defd-4a60-b313-1767879646e9,->,944fb1c6-42c5-4551-bfd4-f1cff10122a2,0a06d4ef-f3fe-4141-8a77-444a7b97d8fa,aeb72562-0201-486e-b51d-6cb14c77113f
944fb1c6-42c5-4551-bfd4-f1cff10122a2,0a06d4ef-f3fe-4141-8a77-444a7b97d8fa,aeb72562-0201-486e-b51d-6cb14c77113f,->,944fb1c6-42c5-4551-bfd4-f1cff10122a2,0a06d4ef-f3fe-4141-8a77-444a7b97d8fa,18bf63e1-ca6a-433c-8fe9-529a2810f196
944fb1c6-42c5-4551-bfd4-f1cff10122a2,0a06d4ef-f3fe-4141-8a77-444a7b97d8fa,aeb72562-0201-486e-b51d-6cb14c77113f,->,944fb1c6-42c5-4551-bfd4-f1cff10122a2,java/util/ArrayList.java,size
944fb1c6-42c5-4551-bfd4-f1cff10122a2,0a06d4ef-f3fe-4141-8a77-444a7b97d8fa,aeb72562-0201-486e-b51d-6cb14c77113f,->,944fb1c6-42c5-4551-bfd4-f1cff10122a2,java/util/ArrayList.java,get
944fb1c6-42c5-4551-bfd4-f1cff10122a2,0a06d4ef-f3fe-4141-8a77-444a7b97d8fa,aeb72562-0201-486e-b51d-6cb14c77113f,->,944fb1c6-42c5-4551-bfd4-f1cff10122a2,java/lang/String.java,length
944fb1c6-42c5-4551-bfd4-f1cff10122a2,0a06d4ef-f3fe-4141-8a77-444a7b97d8fa,aeb72562-0201-486e-b51d-6cb14c77113f,->,944fb1c6-42c5-4551-bfd4-f1cff10122a2,1795faec-0ad1-4b99-8f88-fb713be77bf5,0c0d79f9-e686-4c10-af5c-86315927a8bc
944fb1c6-42c5-4551-bfd4-f1cff10122a2,0a06d4ef-f3fe-4141-8a77-444a7b97d8fa,aeb72562-0201-486e-b51d-6cb14c77113f,->,944fb1c6-42c5-4551-bfd4-f1cff10122a2,11391830-ea69-4fc0-a270-1b7de0252d9a,a7faba2e-bc56-48e6-90e8-f14769b4d4bd
944fb1c6-42c5-4551-bfd4-f1cff10122a2,0a06d4ef-f3fe-4141-8a77-444a7b97d8fa,fa536bb2-9a54-4034-b80c-c213070bb443,->,944fb1c6-42c5-4551-bfd4-f1cff10122a2,11391830-ea69-4fc0-a270-1b7de0252d9a,cf61a0f5-f21d-4c88-98a5-c3d965762353
944fb1c6-42c5-4551-bfd4-f1cff10122a2,0a06d4ef-f3fe-4141-8a77-444a7b97d8fa,fa536bb2-9a54-4034-b80c-c213070bb443,->,944fb1c6-42c5-4551-bfd4-f1cff10122a2,1675d4e2-b2fe-4ca2-b585-0f36899a9bfc,268c7a6f-2950-40c4-afee-9100fee58c7b
944fb1c6-42c5-4551-bfd4-f1cff10122a2,0a06d4ef-f3fe-4141-8a77-444a7b97d8fa,fa536bb2-9a54-4034-b80c-c213070bb443,->,944fb1c6-42c5-4551-bfd4-f1cff10122a2,java/lang/String.java,equals
944fb1c6-42c5-4551-bfd4-f1cff10122a2,0a06d4ef-f3fe-4141-8a77-444a7b97d8fa,fa536bb2-9a54-4034-b80c-c213070bb443,->,944fb1c6-42c5-4551-bfd4-f1cff10122a2,11391830-ea69-4fc0-a270-1b7de0252d9a,ae27216b-0288-4f88-883a-fb0c6933fca8
944fb1c6-42c5-4551-bfd4-f1cff10122a2,0a06d4ef-f3fe-4141-8a77-444a7b97d8fa,fa536bb2-9a54-4034-b80c-c213070bb443,->,944fb1c6-42c5-4551-bfd4-f1cff10122a2,java/lang/String.java,equals
944fb1c6-42c5-4551-bfd4-f1cff10122a2,0a06d4ef-f3fe-4141-8a77-444a7b97d8fa,fa536bb2-9a54-4034-b80c-c213070bb443,->,944fb1c6-42c5-4551-bfd4-f1cff10122a2,0a06d4ef-f3fe-4141-8a77-444a7b97d8fa,d8da92dd-fee8-45d1-bf11-bd7f947f7bc0
944fb1c6-42c5-4551-bfd4-f1cff10122a2,0a06d4ef-f3fe-4141-8a77-444a7b97d8fa,fa536bb2-9a54-4034-b80c-c213070bb443,->,944fb1c6-42c5-4551-bfd4-f1cff10122a2,8955ce71-2bae-4759-b229-5bf46daa6354,f7f5bb10-3758-4017-bfb7-0d8d51056194
944fb1c6-42c5-4551-bfd4-f1cff10122a2,0a06d4ef-f3fe-4141-8a77-444a7b97d8fa,fa536bb2-9a54-4034-b80c-c213070bb443,->,944fb1c6-42c5-4551-bfd4-f1cff10122a2,1795faec-0ad1-4b99-8f88-fb713be77bf5,1b9c30af-9461-4789-b04d-568ff0907d5e
944fb1c6-42c5-4551-bfd4-f1cff10122a2,0a06d4ef-f3fe-4141-8a77-444a7b97d8fa,fa536bb2-9a54-4034-b80c-c213070bb443,->,944fb1c6-42c5-4551-bfd4-f1cff10122a2,java/util/ArrayList.java,add
944fb1c6-42c5-4551-bfd4-f1cff10122a2,0a06d4ef-f3fe-4141-8a77-444a7b97d8fa,fa536bb2-9a54-4034-b80c-c213070bb443,->,944fb1c6-42c5-4551-bfd4-f1cff10122a2,java/lang/String.java,length
944fb1c6-42c5-4551-bfd4-f1cff10122a2,0a06d4ef-f3fe-4141-8a77-444a7b97d8fa,fa536bb2-9a54-4034-b80c-c213070bb443,->,944fb1c6-42c5-4551-bfd4-f1cff10122a2,1795faec-0ad1-4b99-8f88-fb713be77bf5,0c0d79f9-e686-4c10-af5c-86315927a8bc
944fb1c6-42c5-4551-bfd4-f1cff10122a2,0a06d4ef-f3fe-4141-8a77-444a7b97d8fa,fa536bb2-9a54-4034-b80c-c213070bb443,->,944fb1c6-42c5-4551-bfd4-f1cff10122a2,11391830-ea69-4fc0-a270-1b7de0252d9a,a7faba2e-bc56-48e6-90e8-f14769b4d4bd
944fb1c6-42c5-4551-bfd4-f1cff10122a2,0a06d4ef-f3fe-4141-8a77-444a7b97d8fa,fa536bb2-9a54-4034-b80c-c213070bb443,->,944fb1c6-42c5-4551-bfd4-f1cff10122a2,11391830-ea69-4fc0-a270-1b7de0252d9a,cf61a0f5-f21d-4c88-98a5-c3d965762353
944fb1c6-42c5-4551-bfd4-f1cff10122a2,0a06d4ef-f3fe-4141-8a77-444a7b97d8fa,fa536bb2-9a54-4034-b80c-c213070bb443,->,944fb1c6-42c5-4551-bfd4-f1cff10122a2,11391830-ea69-4fc0-a270-1b7de0252d9a,cf61a0f5-f21d-4c88-98a5-c3d965762353
944fb1c6-42c5-4551-bfd4-f1cff10122a2,0a06d4ef-f3fe-4141-8a77-444a7b97d8fa,fa536bb2-9a54-4034-b80c-c213070bb443,->,944fb1c6-42c5-4551-bfd4-f1cff10122a2,11391830-ea69-4fc0-a270-1b7de0252d9a,cf61a0f5-f21d-4c88-98a5-c3d965762353
944fb1c6-42c5-4551-bfd4-f1cff10122a2,0a06d4ef-f3fe-4141-8a77-444a7b97d8fa,d8da92dd-fee8-45d1-bf11-bd7f947f7bc0,->,944fb1c6-42c5-4551-bfd4-f1cff10122a2,java/lang/String.java,length
944fb1c6-42c5-4551-bfd4-f1cff10122a2,0a06d4ef-f3fe-4141-8a77-444a7b97d8fa,d8da92dd-fee8-45d1-bf11-bd7f947f7bc0,->,944fb1c6-42c5-4551-bfd4-f1cff10122a2,java/lang/String.java,length
944fb1c6-42c5-4551-bfd4-f1cff10122a2,0a06d4ef-f3fe-4141-8a77-444a7b97d8fa,d8da92dd-fee8-45d1-bf11-bd7f947f7bc0,->,944fb1c6-42c5-4551-bfd4-f1cff10122a2,java/lang/String.java,charAt
944fb1c6-42c5-4551-bfd4-f1cff10122a2,0a06d4ef-f3fe-4141-8a77-444a7b97d8fa,d8da92dd-fee8-45d1-bf11-bd7f947f7bc0,->,944fb1c6-42c5-4551-bfd4-f1cff10122a2,java/lang/Character.java,isLetter
944fb1c6-42c5-4551-bfd4-f1cff10122a2,0a06d4ef-f3fe-4141-8a77-444a7b97d8fa,d8da92dd-fee8-45d1-bf11-bd7f947f7bc0,->,944fb1c6-42c5-4551-bfd4-f1cff10122a2,java/util/ArrayList.java,size
944fb1c6-42c5-4551-bfd4-f1cff10122a2,0a06d4ef-f3fe-4141-8a77-444a7b97d8fa,d8da92dd-fee8-45d1-bf11-bd7f947f7bc0,->,944fb1c6-42c5-4551-bfd4-f1cff10122a2,java/util/ArrayList.java,get
944fb1c6-42c5-4551-bfd4-f1cff10122a2,0a06d4ef-f3fe-4141-8a77-444a7b97d8fa,d8da92dd-fee8-45d1-bf11-bd7f947f7bc0,->,944fb1c6-42c5-4551-bfd4-f1cff10122a2,java/lang/String.java,equals
944fb1c6-42c5-4551-bfd4-f1cff10122a2,0a06d4ef-f3fe-4141-8a77-444a7b97d8fa,90f7362f-b591-45d0-b528-6b42c2c5e7b6,->,944fb1c6-42c5-4551-bfd4-f1cff10122a2,java/util/Random.java,nextInt
944fb1c6-42c5-4551-bfd4-f1cff10122a2,0a06d4ef-f3fe-4141-8a77-444a7b97d8fa,90f7362f-b591-45d0-b528-6b42c2c5e7b6,->,944fb1c6-42c5-4551-bfd4-f1cff10122a2,java/lang/Character.java,valueOf
944fb1c6-42c5-4551-bfd4-f1cff10122a2,0a06d4ef-f3fe-4141-8a77-444a7b97d8fa,90f7362f-b591-45d0-b528-6b42c2c5e7b6,->,944fb1c6-42c5-4551-bfd4-f1cff10122a2,java/util/ArrayList.java,add
944fb1c6-42c5-4551-bfd4-f1cff10122a2,0a06d4ef-f3fe-4141-8a77-444a7b97d8fa,90f7362f-b591-45d0-b528-6b42c2c5e7b6,->,944fb1c6-42c5-4551-bfd4-f1cff10122a2,java/util/Collections.java,shuffle
944fb1c6-42c5-4551-bfd4-f1cff10122a2,0a06d4ef-f3fe-4141-8a77-444a7b97d8fa,90f7362f-b591-45d0-b528-6b42c2c5e7b6,->,944fb1c6-42c5-4551-bfd4-f1cff10122a2,java/util/ArrayList.java,get
944fb1c6-42c5-4551-bfd4-f1cff10122a2,0a06d4ef-f3fe-4141-8a77-444a7b97d8fa,90f7362f-b591-45d0-b528-6b42c2c5e7b6,->,944fb1c6-42c5-4551-bfd4-f1cff10122a2,java/lang/Character.java,charValue
944fb1c6-42c5-4551-bfd4-f1cff10122a2,0a06d4ef-f3fe-4141-8a77-444a7b97d8fa,90f7362f-b591-45d0-b528-6b42c2c5e7b6,->,944fb1c6-42c5-4551-bfd4-f1cff10122a2,1795faec-0ad1-4b99-8f88-fb713be77bf5,fe48ba70-0fa5-4c9a-b136-3401a049838d
944fb1c6-42c5-4551-bfd4-f1cff10122a2,GameDictionary$WordIterator.java,hasNext,->,944fb1c6-42c5-4551-bfd4-f1cff10122a2,GameDictionary.java,access$100
944fb1c6-42c5-4551-bfd4-f1cff10122a2,GameDictionary$WordIterator.java,next,->,944fb1c6-42c5-4551-bfd4-f1cff10122a2,GameDictionary.java,access$100
944fb1c6-42c5-4551-bfd4-f1cff10122a2,GameDictionary$WordIterator.java,next,->,944fb1c6-42c5-4551-bfd4-f1cff10122a2,GameDictionary.java,access$100
944fb1c6-42c5-4551-bfd4-f1cff10122a2,GameDictionary$WordIterator.java,next,->,944fb1c6-42c5-4551-bfd4-f1cff10122a2,GameDictionary$WordIterator.java,next
944fb1c6-42c5-4551-bfd4-f1cff10122a2,8955ce71-2bae-4759-b229-5bf46daa6354,f7f5bb10-3758-4017-bfb7-0d8d51056194,->,944fb1c6-42c5-4551-bfd4-f1cff10122a2,java/lang/String.java,length
944fb1c6-42c5-4551-bfd4-f1cff10122a2,8955ce71-2bae-4759-b229-5bf46daa6354,f7f5bb10-3758-4017-bfb7-0d8d51056194,->,944fb1c6-42c5-4551-bfd4-f1cff10122a2,java/lang/String.java,length
944fb1c6-42c5-4551-bfd4-f1cff10122a2,8955ce71-2bae-4759-b229-5bf46daa6354,f7f5bb10-3758-4017-bfb7-0d8d51056194,->,944fb1c6-42c5-4551-bfd4-f1cff10122a2,java/lang/String.java,equalsIgnoreCase
944fb1c6-42c5-4551-bfd4-f1cff10122a2,f4606f52-b1ae-494f-8c68-e58137bb8a24,5e43f63d-f455-413b-8268-2293bbcb7e24,->,944fb1c6-42c5-4551-bfd4-f1cff10122a2,0a06d4ef-f3fe-4141-8a77-444a7b97d8fa,5552866f-defd-4a60-b313-1767879646e9
944fb1c6-42c5-4551-bfd4-f1cff10122a2,1675d4e2-b2fe-4ca2-b585-0f36899a9bfc,268c7a6f-2950-40c4-afee-9100fee58c7b,->,944fb1c6-42c5-4551-bfd4-f1cff10122a2,java/util/Scanner.java,nextLine
944fb1c6-42c5-4551-bfd4-f1cff10122a2,1675d4e2-b2fe-4ca2-b585-0f36899a9bfc,268c7a6f-2950-40c4-afee-9100fee58c7b,->,944fb1c6-42c5-4551-bfd4-f1cff10122a2,java/io/PrintStream.java,println
944fb1c6-42c5-4551-bfd4-f1cff10122a2,1675d4e2-b2fe-4ca2-b585-0f36899a9bfc,268c7a6f-2950-40c4-afee-9100fee58c7b,->,944fb1c6-42c5-4551-bfd4-f1cff10122a2,java/lang/String.java,trim
944fb1c6-42c5-4551-bfd4-f1cff10122a2,1675d4e2-b2fe-4ca2-b585-0f36899a9bfc,268c7a6f-2950-40c4-afee-9100fee58c7b,->,944fb1c6-42c5-4551-bfd4-f1cff10122a2,java/lang/String.java,toUpperCase
944fb1c6-42c5-4551-bfd4-f1cff10122a2,6e9887fb-7c10-4c2c-8407-d3b54e136cea,ed183f15-783b-4c37-ab83-fc6ded4323ed,->,944fb1c6-42c5-4551-bfd4-f1cff10122a2,6e9887fb-7c10-4c2c-8407-d3b54e136cea,a0aee0ac-a5dc-454b-9716-9d271e483aee
944fb1c6-42c5-4551-bfd4-f1cff10122a2,6e9887fb-7c10-4c2c-8407-d3b54e136cea,ed183f15-783b-4c37-ab83-fc6ded4323ed,->,944fb1c6-42c5-4551-bfd4-f1cff10122a2,6e9887fb-7c10-4c2c-8407-d3b54e136cea,a44d4fb2-6399-4de8-99ac-d174de1a6010
944fb1c6-42c5-4551-bfd4-f1cff10122a2,6e9887fb-7c10-4c2c-8407-d3b54e136cea,b6424338-fa82-43d0-90b5-22c3b8984431,->,944fb1c6-42c5-4551-bfd4-f1cff10122a2,6e9887fb-7c10-4c2c-8407-d3b54e136cea,b7701e60-3316-4e56-a193-3145e408dd00
944fb1c6-42c5-4551-bfd4-f1cff10122a2,6e9887fb-7c10-4c2c-8407-d3b54e136cea,3036db5c-f96f-4084-821e-7c48352439ec,->,944fb1c6-42c5-4551-bfd4-f1cff10122a2,6e9887fb-7c10-4c2c-8407-d3b54e136cea,b7701e60-3316-4e56-a193-3145e408dd00
944fb1c6-42c5-4551-bfd4-f1cff10122a2,6e9887fb-7c10-4c2c-8407-d3b54e136cea,d8c49ed4-e183-4ea2-a861-4f4a95309086,->,944fb1c6-42c5-4551-bfd4-f1cff10122a2,java/lang/StringBuilder.java,append
944fb1c6-42c5-4551-bfd4-f1cff10122a2,6e9887fb-7c10-4c2c-8407-d3b54e136cea,d8c49ed4-e183-4ea2-a861-4f4a95309086,->,944fb1c6-42c5-4551-bfd4-f1cff10122a2,java/lang/Object.java,toString
944fb1c6-42c5-4551-bfd4-f1cff10122a2,6e9887fb-7c10-4c2c-8407-d3b54e136cea,d8c49ed4-e183-4ea2-a861-4f4a95309086,->,944fb1c6-42c5-4551-bfd4-f1cff10122a2,java/lang/StringBuilder.java,append
944fb1c6-42c5-4551-bfd4-f1cff10122a2,6e9887fb-7c10-4c2c-8407-d3b54e136cea,d8c49ed4-e183-4ea2-a861-4f4a95309086,->,944fb1c6-42c5-4551-bfd4-f1cff10122a2,java/lang/StringBuilder.java,append
944fb1c6-42c5-4551-bfd4-f1cff10122a2,6e9887fb-7c10-4c2c-8407-d3b54e136cea,d8c49ed4-e183-4ea2-a861-4f4a95309086,->,944fb1c6-42c5-4551-bfd4-f1cff10122a2,java/lang/StringBuilder.java,toString
944fb1c6-42c5-4551-bfd4-f1cff10122a2,8664c9b7-39e0-425e-b66c-11467a6892e3,a6cfb3cc-3815-42bc-9dfe-eb22fbedb69f,->,944fb1c6-42c5-4551-bfd4-f1cff10122a2,8664c9b7-39e0-425e-b66c-11467a6892e3,7550a1ac-7528-46f1-a527-a65ea604f58f
944fb1c6-42c5-4551-bfd4-f1cff10122a2,8664c9b7-39e0-425e-b66c-11467a6892e3,a6cfb3cc-3815-42bc-9dfe-eb22fbedb69f,->,944fb1c6-42c5-4551-bfd4-f1cff10122a2,a135a3b0-1e6f-40d4-8440-969a99b45581,ab1260a8-b62b-4899-beaf-76e4a4c2f494
944fb1c6-42c5-4551-bfd4-f1cff10122a2,8664c9b7-39e0-425e-b66c-11467a6892e3,ecc6b2db-903e-4a3e-a156-a6d023f39b4c,->,944fb1c6-42c5-4551-bfd4-f1cff10122a2,8664c9b7-39e0-425e-b66c-11467a6892e3,7550a1ac-7528-46f1-a527-a65ea604f58f
944fb1c6-42c5-4551-bfd4-f1cff10122a2,8664c9b7-39e0-425e-b66c-11467a6892e3,ecc6b2db-903e-4a3e-a156-a6d023f39b4c,->,944fb1c6-42c5-4551-bfd4-f1cff10122a2,a135a3b0-1e6f-40d4-8440-969a99b45581,e16895b0-bb01-49de-a637-7c574b1385dc
944fb1c6-42c5-4551-bfd4-f1cff10122a2,8664c9b7-39e0-425e-b66c-11467a6892e3,ecc6b2db-903e-4a3e-a156-a6d023f39b4c,->,944fb1c6-42c5-4551-bfd4-f1cff10122a2,a135a3b0-1e6f-40d4-8440-969a99b45581,06ef7030-21f4-4e62-8910-aa2c658d7427
944fb1c6-42c5-4551-bfd4-f1cff10122a2,8664c9b7-39e0-425e-b66c-11467a6892e3,ecc6b2db-903e-4a3e-a156-a6d023f39b4c,->,944fb1c6-42c5-4551-bfd4-f1cff10122a2,8664c9b7-39e0-425e-b66c-11467a6892e3,7550a1ac-7528-46f1-a527-a65ea604f58f
944fb1c6-42c5-4551-bfd4-f1cff10122a2,8664c9b7-39e0-425e-b66c-11467a6892e3,d5bb931e-cd62-4cef-8f39-772e4e439a22,->,944fb1c6-42c5-4551-bfd4-f1cff10122a2,8664c9b7-39e0-425e-b66c-11467a6892e3,7550a1ac-7528-46f1-a527-a65ea604f58f
944fb1c6-42c5-4551-bfd4-f1cff10122a2,8664c9b7-39e0-425e-b66c-11467a6892e3,d5bb931e-cd62-4cef-8f39-772e4e439a22,->,944fb1c6-42c5-4551-bfd4-f1cff10122a2,a135a3b0-1e6f-40d4-8440-969a99b45581,e16895b0-bb01-49de-a637-7c574b1385dc
944fb1c6-42c5-4551-bfd4-f1cff10122a2,8664c9b7-39e0-425e-b66c-11467a6892e3,172a5fe9-178e-4542-b094-08d1d912e654,->,944fb1c6-42c5-4551-bfd4-f1cff10122a2,java/lang/StringBuilder.java,append
944fb1c6-42c5-4551-bfd4-f1cff10122a2,8664c9b7-39e0-425e-b66c-11467a6892e3,172a5fe9-178e-4542-b094-08d1d912e654,->,944fb1c6-42c5-4551-bfd4-f1cff10122a2,a135a3b0-1e6f-40d4-8440-969a99b45581,e16895b0-bb01-49de-a637-7c574b1385dc
944fb1c6-42c5-4551-bfd4-f1cff10122a2,8664c9b7-39e0-425e-b66c-11467a6892e3,172a5fe9-178e-4542-b094-08d1d912e654,->,944fb1c6-42c5-4551-bfd4-f1cff10122a2,java/lang/Object.java,toString
944fb1c6-42c5-4551-bfd4-f1cff10122a2,8664c9b7-39e0-425e-b66c-11467a6892e3,172a5fe9-178e-4542-b094-08d1d912e654,->,944fb1c6-42c5-4551-bfd4-f1cff10122a2,java/lang/StringBuilder.java,append
944fb1c6-42c5-4551-bfd4-f1cff10122a2,8664c9b7-39e0-425e-b66c-11467a6892e3,172a5fe9-178e-4542-b094-08d1d912e654,->,944fb1c6-42c5-4551-bfd4-f1cff10122a2,java/lang/StringBuilder.java,append
944fb1c6-42c5-4551-bfd4-f1cff10122a2,8664c9b7-39e0-425e-b66c-11467a6892e3,172a5fe9-178e-4542-b094-08d1d912e654,->,944fb1c6-42c5-4551-bfd4-f1cff10122a2,java/lang/StringBuilder.java,toString
944fb1c6-42c5-4551-bfd4-f1cff10122a2,8664c9b7-39e0-425e-b66c-11467a6892e3,172a5fe9-178e-4542-b094-08d1d912e654,->,944fb1c6-42c5-4551-bfd4-f1cff10122a2,a135a3b0-1e6f-40d4-8440-969a99b45581,06ef7030-21f4-4e62-8910-aa2c658d7427
