caller_project_id,caller_class_id,caller_method_id,CALL_DIRECTION,callee_project_id,callee_class_id,callee_method_id
a1942dbd-0ae8-495c-b285-10cd223a7fc4,da581c27-11d9-44c8-8388-30b01d07df05,cc375179-fdbc-4281-95fd-63fb74911be8,->,a1942dbd-0ae8-495c-b285-10cd223a7fc4,7337d50b-4959-4f5f-ad1c-d388309e742f,8f0f1707-d607-4efe-8a63-0d3117ed5bf9
a1942dbd-0ae8-495c-b285-10cd223a7fc4,da581c27-11d9-44c8-8388-30b01d07df05,cc375179-fdbc-4281-95fd-63fb74911be8,->,a1942dbd-0ae8-495c-b285-10cd223a7fc4,bb701d0c-366f-4728-a5f2-2922eca4d6c6,d14ada9f-5567-4e78-bd3a-398899d4d954
a1942dbd-0ae8-495c-b285-10cd223a7fc4,da581c27-11d9-44c8-8388-30b01d07df05,cc375179-fdbc-4281-95fd-63fb74911be8,->,a1942dbd-0ae8-495c-b285-10cd223a7fc4,da581c27-11d9-44c8-8388-30b01d07df05,48ba920c-ee79-47c8-a6e1-6da8f0b4de65
a1942dbd-0ae8-495c-b285-10cd223a7fc4,da581c27-11d9-44c8-8388-30b01d07df05,cc375179-fdbc-4281-95fd-63fb74911be8,->,a1942dbd-0ae8-495c-b285-10cd223a7fc4,da581c27-11d9-44c8-8388-30b01d07df05,085b88c0-6f3f-45e1-8e5e-31e49c890731
a1942dbd-0ae8-495c-b285-10cd223a7fc4,da581c27-11d9-44c8-8388-30b01d07df05,cc375179-fdbc-4281-95fd-63fb74911be8,->,a1942dbd-0ae8-495c-b285-10cd223a7fc4,da581c27-11d9-44c8-8388-30b01d07df05,92807838-a4c5-4a17-b953-8c5b182e1474
a1942dbd-0ae8-495c-b285-10cd223a7fc4,da581c27-11d9-44c8-8388-30b01d07df05,92807838-a4c5-4a17-b953-8c5b182e1474,->,a1942dbd-0ae8-495c-b285-10cd223a7fc4,da581c27-11d9-44c8-8388-30b01d07df05,2aa9825e-87e9-4f45-845e-4af67bf26fa6
a1942dbd-0ae8-495c-b285-10cd223a7fc4,da581c27-11d9-44c8-8388-30b01d07df05,2aa9825e-87e9-4f45-845e-4af67bf26fa6,->,a1942dbd-0ae8-495c-b285-10cd223a7fc4,da581c27-11d9-44c8-8388-30b01d07df05,085b88c0-6f3f-45e1-8e5e-31e49c890731
a1942dbd-0ae8-495c-b285-10cd223a7fc4,da581c27-11d9-44c8-8388-30b01d07df05,2aa9825e-87e9-4f45-845e-4af67bf26fa6,->,a1942dbd-0ae8-495c-b285-10cd223a7fc4,ae3ab261-2de4-4649-bb3f-839257be1004,d2010b66-44e9-48b9-8f0e-49d326de624e
a1942dbd-0ae8-495c-b285-10cd223a7fc4,da581c27-11d9-44c8-8388-30b01d07df05,2aa9825e-87e9-4f45-845e-4af67bf26fa6,->,a1942dbd-0ae8-495c-b285-10cd223a7fc4,0ba9e5d4-c690-46cb-a5f2-1b94aa31b6c3,858360e5-7bcb-41c3-b3b3-7539c1d5c2bd
a1942dbd-0ae8-495c-b285-10cd223a7fc4,da581c27-11d9-44c8-8388-30b01d07df05,2aa9825e-87e9-4f45-845e-4af67bf26fa6,->,a1942dbd-0ae8-495c-b285-10cd223a7fc4,java/lang/System.java,arraycopy
a1942dbd-0ae8-495c-b285-10cd223a7fc4,da581c27-11d9-44c8-8388-30b01d07df05,2aa9825e-87e9-4f45-845e-4af67bf26fa6,->,a1942dbd-0ae8-495c-b285-10cd223a7fc4,java/lang/System.java,arraycopy
a1942dbd-0ae8-495c-b285-10cd223a7fc4,da581c27-11d9-44c8-8388-30b01d07df05,2aa9825e-87e9-4f45-845e-4af67bf26fa6,->,a1942dbd-0ae8-495c-b285-10cd223a7fc4,java/lang/System.java,arraycopy
a1942dbd-0ae8-495c-b285-10cd223a7fc4,da581c27-11d9-44c8-8388-30b01d07df05,573024b3-ca53-4231-9118-e4e778eca9a8,->,a1942dbd-0ae8-495c-b285-10cd223a7fc4,java/security/SecureRandom.java,nextBytes
a1942dbd-0ae8-495c-b285-10cd223a7fc4,da581c27-11d9-44c8-8388-30b01d07df05,573024b3-ca53-4231-9118-e4e778eca9a8,->,a1942dbd-0ae8-495c-b285-10cd223a7fc4,da581c27-11d9-44c8-8388-30b01d07df05,48ba920c-ee79-47c8-a6e1-6da8f0b4de65
a1942dbd-0ae8-495c-b285-10cd223a7fc4,da581c27-11d9-44c8-8388-30b01d07df05,085b88c0-6f3f-45e1-8e5e-31e49c890731,->,a1942dbd-0ae8-495c-b285-10cd223a7fc4,java/util/Arrays.java,copyOf
a1942dbd-0ae8-495c-b285-10cd223a7fc4,da581c27-11d9-44c8-8388-30b01d07df05,085b88c0-6f3f-45e1-8e5e-31e49c890731,->,a1942dbd-0ae8-495c-b285-10cd223a7fc4,java/lang/System.java,arraycopy
a1942dbd-0ae8-495c-b285-10cd223a7fc4,da581c27-11d9-44c8-8388-30b01d07df05,085b88c0-6f3f-45e1-8e5e-31e49c890731,->,a1942dbd-0ae8-495c-b285-10cd223a7fc4,java/lang/Math.java,floor
a1942dbd-0ae8-495c-b285-10cd223a7fc4,da581c27-11d9-44c8-8388-30b01d07df05,085b88c0-6f3f-45e1-8e5e-31e49c890731,->,a1942dbd-0ae8-495c-b285-10cd223a7fc4,java/lang/System.java,arraycopy
a1942dbd-0ae8-495c-b285-10cd223a7fc4,da581c27-11d9-44c8-8388-30b01d07df05,085b88c0-6f3f-45e1-8e5e-31e49c890731,->,a1942dbd-0ae8-495c-b285-10cd223a7fc4,ae3ab261-2de4-4649-bb3f-839257be1004,d2010b66-44e9-48b9-8f0e-49d326de624e
a1942dbd-0ae8-495c-b285-10cd223a7fc4,da581c27-11d9-44c8-8388-30b01d07df05,085b88c0-6f3f-45e1-8e5e-31e49c890731,->,a1942dbd-0ae8-495c-b285-10cd223a7fc4,0ba9e5d4-c690-46cb-a5f2-1b94aa31b6c3,858360e5-7bcb-41c3-b3b3-7539c1d5c2bd
a1942dbd-0ae8-495c-b285-10cd223a7fc4,da581c27-11d9-44c8-8388-30b01d07df05,085b88c0-6f3f-45e1-8e5e-31e49c890731,->,a1942dbd-0ae8-495c-b285-10cd223a7fc4,java/lang/System.java,arraycopy
a1942dbd-0ae8-495c-b285-10cd223a7fc4,da581c27-11d9-44c8-8388-30b01d07df05,085b88c0-6f3f-45e1-8e5e-31e49c890731,->,a1942dbd-0ae8-495c-b285-10cd223a7fc4,0ba9e5d4-c690-46cb-a5f2-1b94aa31b6c3,ebd651d5-b82d-450c-b8e6-12b33c618ae6
a1942dbd-0ae8-495c-b285-10cd223a7fc4,da581c27-11d9-44c8-8388-30b01d07df05,085b88c0-6f3f-45e1-8e5e-31e49c890731,->,a1942dbd-0ae8-495c-b285-10cd223a7fc4,java/lang/System.java,arraycopy
a1942dbd-0ae8-495c-b285-10cd223a7fc4,lambdaCrypto/Crypto.java,lambda$main$0,->,a1942dbd-0ae8-495c-b285-10cd223a7fc4,28df745e-3e89-45ab-893f-ff15face6345,5062ad60-8310-475b-a627-d74f2afca9df
a1942dbd-0ae8-495c-b285-10cd223a7fc4,92686e88-a6e8-4d65-aeec-56e8fd7d862f,e0275028-4f27-400f-91c7-f51aa7bc2f5b,->,a1942dbd-0ae8-495c-b285-10cd223a7fc4,java/lang/String.java,equals
a1942dbd-0ae8-495c-b285-10cd223a7fc4,92686e88-a6e8-4d65-aeec-56e8fd7d862f,e0275028-4f27-400f-91c7-f51aa7bc2f5b,->,a1942dbd-0ae8-495c-b285-10cd223a7fc4,92686e88-a6e8-4d65-aeec-56e8fd7d862f,afeeeb21-9d44-42b2-a450-f1577adcf86c
a1942dbd-0ae8-495c-b285-10cd223a7fc4,92686e88-a6e8-4d65-aeec-56e8fd7d862f,e0275028-4f27-400f-91c7-f51aa7bc2f5b,->,a1942dbd-0ae8-495c-b285-10cd223a7fc4,java/lang/System.java,exit
a1942dbd-0ae8-495c-b285-10cd223a7fc4,92686e88-a6e8-4d65-aeec-56e8fd7d862f,e0275028-4f27-400f-91c7-f51aa7bc2f5b,->,a1942dbd-0ae8-495c-b285-10cd223a7fc4,java/lang/String.java,equals
a1942dbd-0ae8-495c-b285-10cd223a7fc4,92686e88-a6e8-4d65-aeec-56e8fd7d862f,e0275028-4f27-400f-91c7-f51aa7bc2f5b,->,a1942dbd-0ae8-495c-b285-10cd223a7fc4,92686e88-a6e8-4d65-aeec-56e8fd7d862f,afeeeb21-9d44-42b2-a450-f1577adcf86c
a1942dbd-0ae8-495c-b285-10cd223a7fc4,92686e88-a6e8-4d65-aeec-56e8fd7d862f,e0275028-4f27-400f-91c7-f51aa7bc2f5b,->,a1942dbd-0ae8-495c-b285-10cd223a7fc4,java/lang/System.java,exit
a1942dbd-0ae8-495c-b285-10cd223a7fc4,92686e88-a6e8-4d65-aeec-56e8fd7d862f,e0275028-4f27-400f-91c7-f51aa7bc2f5b,->,a1942dbd-0ae8-495c-b285-10cd223a7fc4,java/lang/String.java,equals
a1942dbd-0ae8-495c-b285-10cd223a7fc4,92686e88-a6e8-4d65-aeec-56e8fd7d862f,e0275028-4f27-400f-91c7-f51aa7bc2f5b,->,a1942dbd-0ae8-495c-b285-10cd223a7fc4,92686e88-a6e8-4d65-aeec-56e8fd7d862f,5682466b-2e3d-407b-88cc-f77352ed6406
a1942dbd-0ae8-495c-b285-10cd223a7fc4,92686e88-a6e8-4d65-aeec-56e8fd7d862f,e0275028-4f27-400f-91c7-f51aa7bc2f5b,->,a1942dbd-0ae8-495c-b285-10cd223a7fc4,92686e88-a6e8-4d65-aeec-56e8fd7d862f,f83b9239-454b-403b-bd04-2af9bcd7ac7d
a1942dbd-0ae8-495c-b285-10cd223a7fc4,92686e88-a6e8-4d65-aeec-56e8fd7d862f,e0275028-4f27-400f-91c7-f51aa7bc2f5b,->,a1942dbd-0ae8-495c-b285-10cd223a7fc4,java/lang/System.java,exit
a1942dbd-0ae8-495c-b285-10cd223a7fc4,92686e88-a6e8-4d65-aeec-56e8fd7d862f,e0275028-4f27-400f-91c7-f51aa7bc2f5b,->,a1942dbd-0ae8-495c-b285-10cd223a7fc4,java/lang/String.java,equals
a1942dbd-0ae8-495c-b285-10cd223a7fc4,92686e88-a6e8-4d65-aeec-56e8fd7d862f,e0275028-4f27-400f-91c7-f51aa7bc2f5b,->,a1942dbd-0ae8-495c-b285-10cd223a7fc4,92686e88-a6e8-4d65-aeec-56e8fd7d862f,5682466b-2e3d-407b-88cc-f77352ed6406
a1942dbd-0ae8-495c-b285-10cd223a7fc4,92686e88-a6e8-4d65-aeec-56e8fd7d862f,e0275028-4f27-400f-91c7-f51aa7bc2f5b,->,a1942dbd-0ae8-495c-b285-10cd223a7fc4,92686e88-a6e8-4d65-aeec-56e8fd7d862f,f83b9239-454b-403b-bd04-2af9bcd7ac7d
a1942dbd-0ae8-495c-b285-10cd223a7fc4,92686e88-a6e8-4d65-aeec-56e8fd7d862f,e0275028-4f27-400f-91c7-f51aa7bc2f5b,->,a1942dbd-0ae8-495c-b285-10cd223a7fc4,java/lang/System.java,exit
a1942dbd-0ae8-495c-b285-10cd223a7fc4,92686e88-a6e8-4d65-aeec-56e8fd7d862f,e0275028-4f27-400f-91c7-f51aa7bc2f5b,->,a1942dbd-0ae8-495c-b285-10cd223a7fc4,java/lang/StringBuilder.java,append
a1942dbd-0ae8-495c-b285-10cd223a7fc4,92686e88-a6e8-4d65-aeec-56e8fd7d862f,e0275028-4f27-400f-91c7-f51aa7bc2f5b,->,a1942dbd-0ae8-495c-b285-10cd223a7fc4,java/lang/StringBuilder.java,append
a1942dbd-0ae8-495c-b285-10cd223a7fc4,92686e88-a6e8-4d65-aeec-56e8fd7d862f,e0275028-4f27-400f-91c7-f51aa7bc2f5b,->,a1942dbd-0ae8-495c-b285-10cd223a7fc4,java/lang/StringBuilder.java,toString
a1942dbd-0ae8-495c-b285-10cd223a7fc4,92686e88-a6e8-4d65-aeec-56e8fd7d862f,e0275028-4f27-400f-91c7-f51aa7bc2f5b,->,a1942dbd-0ae8-495c-b285-10cd223a7fc4,java/io/PrintStream.java,println
a1942dbd-0ae8-495c-b285-10cd223a7fc4,92686e88-a6e8-4d65-aeec-56e8fd7d862f,e0275028-4f27-400f-91c7-f51aa7bc2f5b,->,a1942dbd-0ae8-495c-b285-10cd223a7fc4,java/lang/System.java,exit
a1942dbd-0ae8-495c-b285-10cd223a7fc4,92686e88-a6e8-4d65-aeec-56e8fd7d862f,e0275028-4f27-400f-91c7-f51aa7bc2f5b,->,a1942dbd-0ae8-495c-b285-10cd223a7fc4,92686e88-a6e8-4d65-aeec-56e8fd7d862f,f83b9239-454b-403b-bd04-2af9bcd7ac7d
a1942dbd-0ae8-495c-b285-10cd223a7fc4,92686e88-a6e8-4d65-aeec-56e8fd7d862f,f83b9239-454b-403b-bd04-2af9bcd7ac7d,->,a1942dbd-0ae8-495c-b285-10cd223a7fc4,92686e88-a6e8-4d65-aeec-56e8fd7d862f,a1533d2c-9b89-4ddf-8783-bc948096c6b0
a1942dbd-0ae8-495c-b285-10cd223a7fc4,92686e88-a6e8-4d65-aeec-56e8fd7d862f,f83b9239-454b-403b-bd04-2af9bcd7ac7d,->,a1942dbd-0ae8-495c-b285-10cd223a7fc4,92686e88-a6e8-4d65-aeec-56e8fd7d862f,bd5baf8c-37af-4ea4-b421-71826ab9a704
a1942dbd-0ae8-495c-b285-10cd223a7fc4,92686e88-a6e8-4d65-aeec-56e8fd7d862f,f83b9239-454b-403b-bd04-2af9bcd7ac7d,->,a1942dbd-0ae8-495c-b285-10cd223a7fc4,92686e88-a6e8-4d65-aeec-56e8fd7d862f,8b0f40df-54d4-46c6-8ed9-32f6ca9e997e
a1942dbd-0ae8-495c-b285-10cd223a7fc4,92686e88-a6e8-4d65-aeec-56e8fd7d862f,f83b9239-454b-403b-bd04-2af9bcd7ac7d,->,a1942dbd-0ae8-495c-b285-10cd223a7fc4,92686e88-a6e8-4d65-aeec-56e8fd7d862f,"b7a88b8d-35bc-489b-9833-1916f17550b9,b951f753-3209-4cbb-a03a-3193ac2ec193"
a1942dbd-0ae8-495c-b285-10cd223a7fc4,92686e88-a6e8-4d65-aeec-56e8fd7d862f,f83b9239-454b-403b-bd04-2af9bcd7ac7d,->,a1942dbd-0ae8-495c-b285-10cd223a7fc4,92686e88-a6e8-4d65-aeec-56e8fd7d862f,8b0f40df-54d4-46c6-8ed9-32f6ca9e997e
a1942dbd-0ae8-495c-b285-10cd223a7fc4,92686e88-a6e8-4d65-aeec-56e8fd7d862f,f83b9239-454b-403b-bd04-2af9bcd7ac7d,->,a1942dbd-0ae8-495c-b285-10cd223a7fc4,92686e88-a6e8-4d65-aeec-56e8fd7d862f,bd5baf8c-37af-4ea4-b421-71826ab9a704
a1942dbd-0ae8-495c-b285-10cd223a7fc4,92686e88-a6e8-4d65-aeec-56e8fd7d862f,f83b9239-454b-403b-bd04-2af9bcd7ac7d,->,a1942dbd-0ae8-495c-b285-10cd223a7fc4,92686e88-a6e8-4d65-aeec-56e8fd7d862f,8b0f40df-54d4-46c6-8ed9-32f6ca9e997e
a1942dbd-0ae8-495c-b285-10cd223a7fc4,92686e88-a6e8-4d65-aeec-56e8fd7d862f,f83b9239-454b-403b-bd04-2af9bcd7ac7d,->,a1942dbd-0ae8-495c-b285-10cd223a7fc4,92686e88-a6e8-4d65-aeec-56e8fd7d862f,"b7a88b8d-35bc-489b-9833-1916f17550b9,b951f753-3209-4cbb-a03a-3193ac2ec193"
a1942dbd-0ae8-495c-b285-10cd223a7fc4,92686e88-a6e8-4d65-aeec-56e8fd7d862f,f83b9239-454b-403b-bd04-2af9bcd7ac7d,->,a1942dbd-0ae8-495c-b285-10cd223a7fc4,92686e88-a6e8-4d65-aeec-56e8fd7d862f,8b0f40df-54d4-46c6-8ed9-32f6ca9e997e
a1942dbd-0ae8-495c-b285-10cd223a7fc4,92686e88-a6e8-4d65-aeec-56e8fd7d862f,f83b9239-454b-403b-bd04-2af9bcd7ac7d,->,a1942dbd-0ae8-495c-b285-10cd223a7fc4,java/lang/Exception.java,printStackTrace
a1942dbd-0ae8-495c-b285-10cd223a7fc4,92686e88-a6e8-4d65-aeec-56e8fd7d862f,f83b9239-454b-403b-bd04-2af9bcd7ac7d,->,a1942dbd-0ae8-495c-b285-10cd223a7fc4,java/io/PrintStream.java,println
a1942dbd-0ae8-495c-b285-10cd223a7fc4,92686e88-a6e8-4d65-aeec-56e8fd7d862f,bd5baf8c-37af-4ea4-b421-71826ab9a704,->,a1942dbd-0ae8-495c-b285-10cd223a7fc4,92686e88-a6e8-4d65-aeec-56e8fd7d862f,7d2e0d02-6792-4b91-a0cc-93754962bba4
a1942dbd-0ae8-495c-b285-10cd223a7fc4,92686e88-a6e8-4d65-aeec-56e8fd7d862f,bd5baf8c-37af-4ea4-b421-71826ab9a704,->,a1942dbd-0ae8-495c-b285-10cd223a7fc4,92686e88-a6e8-4d65-aeec-56e8fd7d862f,4d74d825-49e7-4d0c-95f1-f144c6b3619f
a1942dbd-0ae8-495c-b285-10cd223a7fc4,92686e88-a6e8-4d65-aeec-56e8fd7d862f,bd5baf8c-37af-4ea4-b421-71826ab9a704,->,a1942dbd-0ae8-495c-b285-10cd223a7fc4,92686e88-a6e8-4d65-aeec-56e8fd7d862f,182c9a13-f09b-4ab2-b31e-4ab9682e336b
a1942dbd-0ae8-495c-b285-10cd223a7fc4,92686e88-a6e8-4d65-aeec-56e8fd7d862f,bd5baf8c-37af-4ea4-b421-71826ab9a704,->,a1942dbd-0ae8-495c-b285-10cd223a7fc4,da581c27-11d9-44c8-8388-30b01d07df05,573024b3-ca53-4231-9118-e4e778eca9a8
a1942dbd-0ae8-495c-b285-10cd223a7fc4,92686e88-a6e8-4d65-aeec-56e8fd7d862f,bd5baf8c-37af-4ea4-b421-71826ab9a704,->,a1942dbd-0ae8-495c-b285-10cd223a7fc4,92686e88-a6e8-4d65-aeec-56e8fd7d862f,c83b257e-e9d4-4c8e-9702-3810432d627a
a1942dbd-0ae8-495c-b285-10cd223a7fc4,92686e88-a6e8-4d65-aeec-56e8fd7d862f,"b7a88b8d-35bc-489b-9833-1916f17550b9,b951f753-3209-4cbb-a03a-3193ac2ec193",->,a1942dbd-0ae8-495c-b285-10cd223a7fc4,92686e88-a6e8-4d65-aeec-56e8fd7d862f,7d2e0d02-6792-4b91-a0cc-93754962bba4
a1942dbd-0ae8-495c-b285-10cd223a7fc4,92686e88-a6e8-4d65-aeec-56e8fd7d862f,"b7a88b8d-35bc-489b-9833-1916f17550b9,b951f753-3209-4cbb-a03a-3193ac2ec193",->,a1942dbd-0ae8-495c-b285-10cd223a7fc4,92686e88-a6e8-4d65-aeec-56e8fd7d862f,4d74d825-49e7-4d0c-95f1-f144c6b3619f
a1942dbd-0ae8-495c-b285-10cd223a7fc4,92686e88-a6e8-4d65-aeec-56e8fd7d862f,"b7a88b8d-35bc-489b-9833-1916f17550b9,b951f753-3209-4cbb-a03a-3193ac2ec193",->,a1942dbd-0ae8-495c-b285-10cd223a7fc4,92686e88-a6e8-4d65-aeec-56e8fd7d862f,182c9a13-f09b-4ab2-b31e-4ab9682e336b
a1942dbd-0ae8-495c-b285-10cd223a7fc4,92686e88-a6e8-4d65-aeec-56e8fd7d862f,"b7a88b8d-35bc-489b-9833-1916f17550b9,b951f753-3209-4cbb-a03a-3193ac2ec193",->,a1942dbd-0ae8-495c-b285-10cd223a7fc4,da581c27-11d9-44c8-8388-30b01d07df05,48ba920c-ee79-47c8-a6e1-6da8f0b4de65
a1942dbd-0ae8-495c-b285-10cd223a7fc4,92686e88-a6e8-4d65-aeec-56e8fd7d862f,"b7a88b8d-35bc-489b-9833-1916f17550b9,b951f753-3209-4cbb-a03a-3193ac2ec193",->,a1942dbd-0ae8-495c-b285-10cd223a7fc4,92686e88-a6e8-4d65-aeec-56e8fd7d862f,c83b257e-e9d4-4c8e-9702-3810432d627a
a1942dbd-0ae8-495c-b285-10cd223a7fc4,92686e88-a6e8-4d65-aeec-56e8fd7d862f,"b7a88b8d-35bc-489b-9833-1916f17550b9,b951f753-3209-4cbb-a03a-3193ac2ec193",->,a1942dbd-0ae8-495c-b285-10cd223a7fc4,92686e88-a6e8-4d65-aeec-56e8fd7d862f,4d74d825-49e7-4d0c-95f1-f144c6b3619f
a1942dbd-0ae8-495c-b285-10cd223a7fc4,92686e88-a6e8-4d65-aeec-56e8fd7d862f,"b7a88b8d-35bc-489b-9833-1916f17550b9,b951f753-3209-4cbb-a03a-3193ac2ec193",->,a1942dbd-0ae8-495c-b285-10cd223a7fc4,92686e88-a6e8-4d65-aeec-56e8fd7d862f,182c9a13-f09b-4ab2-b31e-4ab9682e336b
a1942dbd-0ae8-495c-b285-10cd223a7fc4,92686e88-a6e8-4d65-aeec-56e8fd7d862f,"b7a88b8d-35bc-489b-9833-1916f17550b9,b951f753-3209-4cbb-a03a-3193ac2ec193",->,a1942dbd-0ae8-495c-b285-10cd223a7fc4,da581c27-11d9-44c8-8388-30b01d07df05,48ba920c-ee79-47c8-a6e1-6da8f0b4de65
a1942dbd-0ae8-495c-b285-10cd223a7fc4,92686e88-a6e8-4d65-aeec-56e8fd7d862f,"b7a88b8d-35bc-489b-9833-1916f17550b9,b951f753-3209-4cbb-a03a-3193ac2ec193",->,a1942dbd-0ae8-495c-b285-10cd223a7fc4,92686e88-a6e8-4d65-aeec-56e8fd7d862f,c83b257e-e9d4-4c8e-9702-3810432d627a
a1942dbd-0ae8-495c-b285-10cd223a7fc4,92686e88-a6e8-4d65-aeec-56e8fd7d862f,4d74d825-49e7-4d0c-95f1-f144c6b3619f,->,a1942dbd-0ae8-495c-b285-10cd223a7fc4,java/lang/String.java,hashCode
a1942dbd-0ae8-495c-b285-10cd223a7fc4,92686e88-a6e8-4d65-aeec-56e8fd7d862f,4d74d825-49e7-4d0c-95f1-f144c6b3619f,->,a1942dbd-0ae8-495c-b285-10cd223a7fc4,java/lang/String.java,equals
a1942dbd-0ae8-495c-b285-10cd223a7fc4,92686e88-a6e8-4d65-aeec-56e8fd7d862f,4d74d825-49e7-4d0c-95f1-f144c6b3619f,->,a1942dbd-0ae8-495c-b285-10cd223a7fc4,java/lang/String.java,equals
a1942dbd-0ae8-495c-b285-10cd223a7fc4,92686e88-a6e8-4d65-aeec-56e8fd7d862f,4d74d825-49e7-4d0c-95f1-f144c6b3619f,->,a1942dbd-0ae8-495c-b285-10cd223a7fc4,ee8a229c-e88b-47ca-bcf2-28d3141a4b0f,2e575938-37dd-4b36-9250-21ae2c1d5639
a1942dbd-0ae8-495c-b285-10cd223a7fc4,92686e88-a6e8-4d65-aeec-56e8fd7d862f,4d74d825-49e7-4d0c-95f1-f144c6b3619f,->,a1942dbd-0ae8-495c-b285-10cd223a7fc4,ee8a229c-e88b-47ca-bcf2-28d3141a4b0f,2e575938-37dd-4b36-9250-21ae2c1d5639
a1942dbd-0ae8-495c-b285-10cd223a7fc4,92686e88-a6e8-4d65-aeec-56e8fd7d862f,182c9a13-f09b-4ab2-b31e-4ab9682e336b,->,a1942dbd-0ae8-495c-b285-10cd223a7fc4,da581c27-11d9-44c8-8388-30b01d07df05,12eb5be5-8a8f-4c42-8002-d0dbfa4a3d3a
a1942dbd-0ae8-495c-b285-10cd223a7fc4,92686e88-a6e8-4d65-aeec-56e8fd7d862f,182c9a13-f09b-4ab2-b31e-4ab9682e336b,->,a1942dbd-0ae8-495c-b285-10cd223a7fc4,java/lang/String.java,hashCode
a1942dbd-0ae8-495c-b285-10cd223a7fc4,92686e88-a6e8-4d65-aeec-56e8fd7d862f,182c9a13-f09b-4ab2-b31e-4ab9682e336b,->,a1942dbd-0ae8-495c-b285-10cd223a7fc4,java/lang/String.java,equals
a1942dbd-0ae8-495c-b285-10cd223a7fc4,92686e88-a6e8-4d65-aeec-56e8fd7d862f,182c9a13-f09b-4ab2-b31e-4ab9682e336b,->,a1942dbd-0ae8-495c-b285-10cd223a7fc4,java/lang/String.java,equals
a1942dbd-0ae8-495c-b285-10cd223a7fc4,92686e88-a6e8-4d65-aeec-56e8fd7d862f,182c9a13-f09b-4ab2-b31e-4ab9682e336b,->,a1942dbd-0ae8-495c-b285-10cd223a7fc4,28df745e-3e89-45ab-893f-ff15face6345,25f75343-af5f-4e3d-87a6-7d652c6716a4
a1942dbd-0ae8-495c-b285-10cd223a7fc4,92686e88-a6e8-4d65-aeec-56e8fd7d862f,182c9a13-f09b-4ab2-b31e-4ab9682e336b,->,a1942dbd-0ae8-495c-b285-10cd223a7fc4,28df745e-3e89-45ab-893f-ff15face6345,3828ab60-0b55-4180-8815-e9f8968f3fab
a1942dbd-0ae8-495c-b285-10cd223a7fc4,92686e88-a6e8-4d65-aeec-56e8fd7d862f,182c9a13-f09b-4ab2-b31e-4ab9682e336b,->,a1942dbd-0ae8-495c-b285-10cd223a7fc4,java/lang/String.java,hashCode
a1942dbd-0ae8-495c-b285-10cd223a7fc4,92686e88-a6e8-4d65-aeec-56e8fd7d862f,182c9a13-f09b-4ab2-b31e-4ab9682e336b,->,a1942dbd-0ae8-495c-b285-10cd223a7fc4,java/lang/String.java,equals
a1942dbd-0ae8-495c-b285-10cd223a7fc4,92686e88-a6e8-4d65-aeec-56e8fd7d862f,182c9a13-f09b-4ab2-b31e-4ab9682e336b,->,a1942dbd-0ae8-495c-b285-10cd223a7fc4,java/lang/String.java,equals
a1942dbd-0ae8-495c-b285-10cd223a7fc4,92686e88-a6e8-4d65-aeec-56e8fd7d862f,182c9a13-f09b-4ab2-b31e-4ab9682e336b,->,a1942dbd-0ae8-495c-b285-10cd223a7fc4,28df745e-3e89-45ab-893f-ff15face6345,25f75343-af5f-4e3d-87a6-7d652c6716a4
a1942dbd-0ae8-495c-b285-10cd223a7fc4,92686e88-a6e8-4d65-aeec-56e8fd7d862f,182c9a13-f09b-4ab2-b31e-4ab9682e336b,->,a1942dbd-0ae8-495c-b285-10cd223a7fc4,28df745e-3e89-45ab-893f-ff15face6345,4ac9da32-df36-440a-abb1-9a65339b8cfb
a1942dbd-0ae8-495c-b285-10cd223a7fc4,92686e88-a6e8-4d65-aeec-56e8fd7d862f,c83b257e-e9d4-4c8e-9702-3810432d627a,->,a1942dbd-0ae8-495c-b285-10cd223a7fc4,java/util/Arrays.java,copyOf
a1942dbd-0ae8-495c-b285-10cd223a7fc4,92686e88-a6e8-4d65-aeec-56e8fd7d862f,c83b257e-e9d4-4c8e-9702-3810432d627a,->,a1942dbd-0ae8-495c-b285-10cd223a7fc4,da581c27-11d9-44c8-8388-30b01d07df05,2aa9825e-87e9-4f45-845e-4af67bf26fa6
a1942dbd-0ae8-495c-b285-10cd223a7fc4,92686e88-a6e8-4d65-aeec-56e8fd7d862f,a1533d2c-9b89-4ddf-8783-bc948096c6b0,->,a1942dbd-0ae8-495c-b285-10cd223a7fc4,java/lang/StringBuilder.java,append
a1942dbd-0ae8-495c-b285-10cd223a7fc4,92686e88-a6e8-4d65-aeec-56e8fd7d862f,a1533d2c-9b89-4ddf-8783-bc948096c6b0,->,a1942dbd-0ae8-495c-b285-10cd223a7fc4,java/lang/StringBuilder.java,append
a1942dbd-0ae8-495c-b285-10cd223a7fc4,92686e88-a6e8-4d65-aeec-56e8fd7d862f,a1533d2c-9b89-4ddf-8783-bc948096c6b0,->,a1942dbd-0ae8-495c-b285-10cd223a7fc4,java/lang/StringBuilder.java,toString
a1942dbd-0ae8-495c-b285-10cd223a7fc4,92686e88-a6e8-4d65-aeec-56e8fd7d862f,a1533d2c-9b89-4ddf-8783-bc948096c6b0,->,a1942dbd-0ae8-495c-b285-10cd223a7fc4,java/lang/StringBuilder.java,append
a1942dbd-0ae8-495c-b285-10cd223a7fc4,92686e88-a6e8-4d65-aeec-56e8fd7d862f,a1533d2c-9b89-4ddf-8783-bc948096c6b0,->,a1942dbd-0ae8-495c-b285-10cd223a7fc4,java/lang/StringBuilder.java,append
a1942dbd-0ae8-495c-b285-10cd223a7fc4,92686e88-a6e8-4d65-aeec-56e8fd7d862f,a1533d2c-9b89-4ddf-8783-bc948096c6b0,->,a1942dbd-0ae8-495c-b285-10cd223a7fc4,java/lang/StringBuilder.java,toString
a1942dbd-0ae8-495c-b285-10cd223a7fc4,92686e88-a6e8-4d65-aeec-56e8fd7d862f,a1533d2c-9b89-4ddf-8783-bc948096c6b0,->,a1942dbd-0ae8-495c-b285-10cd223a7fc4,java/lang/StringBuilder.java,append
a1942dbd-0ae8-495c-b285-10cd223a7fc4,92686e88-a6e8-4d65-aeec-56e8fd7d862f,a1533d2c-9b89-4ddf-8783-bc948096c6b0,->,a1942dbd-0ae8-495c-b285-10cd223a7fc4,java/lang/StringBuilder.java,append
a1942dbd-0ae8-495c-b285-10cd223a7fc4,92686e88-a6e8-4d65-aeec-56e8fd7d862f,a1533d2c-9b89-4ddf-8783-bc948096c6b0,->,a1942dbd-0ae8-495c-b285-10cd223a7fc4,java/lang/StringBuilder.java,toString
a1942dbd-0ae8-495c-b285-10cd223a7fc4,92686e88-a6e8-4d65-aeec-56e8fd7d862f,a1533d2c-9b89-4ddf-8783-bc948096c6b0,->,a1942dbd-0ae8-495c-b285-10cd223a7fc4,java/lang/StringBuilder.java,append
a1942dbd-0ae8-495c-b285-10cd223a7fc4,92686e88-a6e8-4d65-aeec-56e8fd7d862f,a1533d2c-9b89-4ddf-8783-bc948096c6b0,->,a1942dbd-0ae8-495c-b285-10cd223a7fc4,java/lang/StringBuilder.java,append
a1942dbd-0ae8-495c-b285-10cd223a7fc4,92686e88-a6e8-4d65-aeec-56e8fd7d862f,a1533d2c-9b89-4ddf-8783-bc948096c6b0,->,a1942dbd-0ae8-495c-b285-10cd223a7fc4,java/lang/StringBuilder.java,toString
a1942dbd-0ae8-495c-b285-10cd223a7fc4,92686e88-a6e8-4d65-aeec-56e8fd7d862f,afeeeb21-9d44-42b2-a450-f1577adcf86c,->,a1942dbd-0ae8-495c-b285-10cd223a7fc4,java/util/Scanner.java,hasNextLine
a1942dbd-0ae8-495c-b285-10cd223a7fc4,92686e88-a6e8-4d65-aeec-56e8fd7d862f,afeeeb21-9d44-42b2-a450-f1577adcf86c,->,a1942dbd-0ae8-495c-b285-10cd223a7fc4,java/util/Scanner.java,nextLine
a1942dbd-0ae8-495c-b285-10cd223a7fc4,92686e88-a6e8-4d65-aeec-56e8fd7d862f,afeeeb21-9d44-42b2-a450-f1577adcf86c,->,a1942dbd-0ae8-495c-b285-10cd223a7fc4,java/io/PrintStream.java,println
a1942dbd-0ae8-495c-b285-10cd223a7fc4,92686e88-a6e8-4d65-aeec-56e8fd7d862f,afeeeb21-9d44-42b2-a450-f1577adcf86c,->,a1942dbd-0ae8-495c-b285-10cd223a7fc4,java/util/Scanner.java,close
a1942dbd-0ae8-495c-b285-10cd223a7fc4,92686e88-a6e8-4d65-aeec-56e8fd7d862f,afeeeb21-9d44-42b2-a450-f1577adcf86c,->,a1942dbd-0ae8-495c-b285-10cd223a7fc4,java/io/PrintStream.java,println
a1942dbd-0ae8-495c-b285-10cd223a7fc4,92686e88-a6e8-4d65-aeec-56e8fd7d862f,afeeeb21-9d44-42b2-a450-f1577adcf86c,->,a1942dbd-0ae8-495c-b285-10cd223a7fc4,java/io/FileNotFoundException.java,printStackTrace
a1942dbd-0ae8-495c-b285-10cd223a7fc4,92686e88-a6e8-4d65-aeec-56e8fd7d862f,7d2e0d02-6792-4b91-a0cc-93754962bba4,->,a1942dbd-0ae8-495c-b285-10cd223a7fc4,java/io/File.java,toPath
a1942dbd-0ae8-495c-b285-10cd223a7fc4,92686e88-a6e8-4d65-aeec-56e8fd7d862f,7d2e0d02-6792-4b91-a0cc-93754962bba4,->,a1942dbd-0ae8-495c-b285-10cd223a7fc4,java/nio/file/Files.java,readAllBytes
a1942dbd-0ae8-495c-b285-10cd223a7fc4,92686e88-a6e8-4d65-aeec-56e8fd7d862f,7d2e0d02-6792-4b91-a0cc-93754962bba4,->,a1942dbd-0ae8-495c-b285-10cd223a7fc4,java/io/IOException.java,printStackTrace
a1942dbd-0ae8-495c-b285-10cd223a7fc4,92686e88-a6e8-4d65-aeec-56e8fd7d862f,7d2e0d02-6792-4b91-a0cc-93754962bba4,->,a1942dbd-0ae8-495c-b285-10cd223a7fc4,java/io/PrintStream.java,println
a1942dbd-0ae8-495c-b285-10cd223a7fc4,92686e88-a6e8-4d65-aeec-56e8fd7d862f,8b0f40df-54d4-46c6-8ed9-32f6ca9e997e,->,a1942dbd-0ae8-495c-b285-10cd223a7fc4,java/io/PrintStream.java,println
a1942dbd-0ae8-495c-b285-10cd223a7fc4,92686e88-a6e8-4d65-aeec-56e8fd7d862f,8b0f40df-54d4-46c6-8ed9-32f6ca9e997e,->,a1942dbd-0ae8-495c-b285-10cd223a7fc4,java/io/BufferedOutputStream.java,write
a1942dbd-0ae8-495c-b285-10cd223a7fc4,92686e88-a6e8-4d65-aeec-56e8fd7d862f,8b0f40df-54d4-46c6-8ed9-32f6ca9e997e,->,a1942dbd-0ae8-495c-b285-10cd223a7fc4,java/io/BufferedOutputStream.java,close
a1942dbd-0ae8-495c-b285-10cd223a7fc4,92686e88-a6e8-4d65-aeec-56e8fd7d862f,8b0f40df-54d4-46c6-8ed9-32f6ca9e997e,->,a1942dbd-0ae8-495c-b285-10cd223a7fc4,java/lang/Exception.java,printStackTrace
a1942dbd-0ae8-495c-b285-10cd223a7fc4,92686e88-a6e8-4d65-aeec-56e8fd7d862f,8b0f40df-54d4-46c6-8ed9-32f6ca9e997e,->,a1942dbd-0ae8-495c-b285-10cd223a7fc4,java/io/PrintStream.java,println
a1942dbd-0ae8-495c-b285-10cd223a7fc4,lambdaCrypto/Demo.java,lambda$chooseCipher$0,->,a1942dbd-0ae8-495c-b285-10cd223a7fc4,java/security/MessageDigest.java,getInstance
a1942dbd-0ae8-495c-b285-10cd223a7fc4,lambdaCrypto/Demo.java,lambda$chooseCipher$0,->,a1942dbd-0ae8-495c-b285-10cd223a7fc4,java/security/NoSuchAlgorithmException.java,printStackTrace
a1942dbd-0ae8-495c-b285-10cd223a7fc4,lambdaCrypto/Demo.java,lambda$chooseCipher$0,->,a1942dbd-0ae8-495c-b285-10cd223a7fc4,java/security/MessageDigest.java,digest
a1942dbd-0ae8-495c-b285-10cd223a7fc4,ed693876-abda-4568-927d-4bcdc9ce6999,27dec977-cea5-4568-8026-66dfcc33b284,->,a1942dbd-0ae8-495c-b285-10cd223a7fc4,java/lang/String.java,getBytes
a1942dbd-0ae8-495c-b285-10cd223a7fc4,ed693876-abda-4568-927d-4bcdc9ce6999,27dec977-cea5-4568-8026-66dfcc33b284,->,a1942dbd-0ae8-495c-b285-10cd223a7fc4,5bb98425-cf29-4c3a-a598-04b6f0eb2450,9d86034a-f370-4362-843a-7aec655f1f9f
a1942dbd-0ae8-495c-b285-10cd223a7fc4,ed693876-abda-4568-927d-4bcdc9ce6999,27dec977-cea5-4568-8026-66dfcc33b284,->,a1942dbd-0ae8-495c-b285-10cd223a7fc4,java/io/PrintStream.java,println
a1942dbd-0ae8-495c-b285-10cd223a7fc4,ed693876-abda-4568-927d-4bcdc9ce6999,27dec977-cea5-4568-8026-66dfcc33b284,->,a1942dbd-0ae8-495c-b285-10cd223a7fc4,7337d50b-4959-4f5f-ad1c-d388309e742f,8f0f1707-d607-4efe-8a63-0d3117ed5bf9
a1942dbd-0ae8-495c-b285-10cd223a7fc4,ed693876-abda-4568-927d-4bcdc9ce6999,27dec977-cea5-4568-8026-66dfcc33b284,->,a1942dbd-0ae8-495c-b285-10cd223a7fc4,28df745e-3e89-45ab-893f-ff15face6345,25f75343-af5f-4e3d-87a6-7d652c6716a4
a1942dbd-0ae8-495c-b285-10cd223a7fc4,ed693876-abda-4568-927d-4bcdc9ce6999,27dec977-cea5-4568-8026-66dfcc33b284,->,a1942dbd-0ae8-495c-b285-10cd223a7fc4,da581c27-11d9-44c8-8388-30b01d07df05,48ba920c-ee79-47c8-a6e1-6da8f0b4de65
a1942dbd-0ae8-495c-b285-10cd223a7fc4,ed693876-abda-4568-927d-4bcdc9ce6999,27dec977-cea5-4568-8026-66dfcc33b284,->,a1942dbd-0ae8-495c-b285-10cd223a7fc4,da581c27-11d9-44c8-8388-30b01d07df05,2aa9825e-87e9-4f45-845e-4af67bf26fa6
a1942dbd-0ae8-495c-b285-10cd223a7fc4,ed693876-abda-4568-927d-4bcdc9ce6999,27dec977-cea5-4568-8026-66dfcc33b284,->,a1942dbd-0ae8-495c-b285-10cd223a7fc4,5bb98425-cf29-4c3a-a598-04b6f0eb2450,9d86034a-f370-4362-843a-7aec655f1f9f
a1942dbd-0ae8-495c-b285-10cd223a7fc4,ed693876-abda-4568-927d-4bcdc9ce6999,27dec977-cea5-4568-8026-66dfcc33b284,->,a1942dbd-0ae8-495c-b285-10cd223a7fc4,java/io/PrintStream.java,println
a1942dbd-0ae8-495c-b285-10cd223a7fc4,ed693876-abda-4568-927d-4bcdc9ce6999,27dec977-cea5-4568-8026-66dfcc33b284,->,a1942dbd-0ae8-495c-b285-10cd223a7fc4,java/io/PrintStream.java,println
a1942dbd-0ae8-495c-b285-10cd223a7fc4,ed693876-abda-4568-927d-4bcdc9ce6999,27dec977-cea5-4568-8026-66dfcc33b284,->,a1942dbd-0ae8-495c-b285-10cd223a7fc4,7337d50b-4959-4f5f-ad1c-d388309e742f,8f0f1707-d607-4efe-8a63-0d3117ed5bf9
a1942dbd-0ae8-495c-b285-10cd223a7fc4,ed693876-abda-4568-927d-4bcdc9ce6999,27dec977-cea5-4568-8026-66dfcc33b284,->,a1942dbd-0ae8-495c-b285-10cd223a7fc4,28df745e-3e89-45ab-893f-ff15face6345,25f75343-af5f-4e3d-87a6-7d652c6716a4
a1942dbd-0ae8-495c-b285-10cd223a7fc4,ed693876-abda-4568-927d-4bcdc9ce6999,27dec977-cea5-4568-8026-66dfcc33b284,->,a1942dbd-0ae8-495c-b285-10cd223a7fc4,da581c27-11d9-44c8-8388-30b01d07df05,48ba920c-ee79-47c8-a6e1-6da8f0b4de65
a1942dbd-0ae8-495c-b285-10cd223a7fc4,ed693876-abda-4568-927d-4bcdc9ce6999,27dec977-cea5-4568-8026-66dfcc33b284,->,a1942dbd-0ae8-495c-b285-10cd223a7fc4,da581c27-11d9-44c8-8388-30b01d07df05,2aa9825e-87e9-4f45-845e-4af67bf26fa6
a1942dbd-0ae8-495c-b285-10cd223a7fc4,ed693876-abda-4568-927d-4bcdc9ce6999,27dec977-cea5-4568-8026-66dfcc33b284,->,a1942dbd-0ae8-495c-b285-10cd223a7fc4,5bb98425-cf29-4c3a-a598-04b6f0eb2450,9d86034a-f370-4362-843a-7aec655f1f9f
a1942dbd-0ae8-495c-b285-10cd223a7fc4,ed693876-abda-4568-927d-4bcdc9ce6999,27dec977-cea5-4568-8026-66dfcc33b284,->,a1942dbd-0ae8-495c-b285-10cd223a7fc4,java/io/PrintStream.java,println
a1942dbd-0ae8-495c-b285-10cd223a7fc4,ed693876-abda-4568-927d-4bcdc9ce6999,27dec977-cea5-4568-8026-66dfcc33b284,->,a1942dbd-0ae8-495c-b285-10cd223a7fc4,java/io/PrintStream.java,println
a1942dbd-0ae8-495c-b285-10cd223a7fc4,lambdaCrypto/Demo$RunMode.java,values,->,a1942dbd-0ae8-495c-b285-10cd223a7fc4,lambdaCrypto/Demo$RunMode.java,clone
a1942dbd-0ae8-495c-b285-10cd223a7fc4,lambdaCrypto/Demo$RunMode.java,valueOf,->,a1942dbd-0ae8-495c-b285-10cd223a7fc4,java/lang/Enum.java,valueOf
a1942dbd-0ae8-495c-b285-10cd223a7fc4,7337d50b-4959-4f5f-ad1c-d388309e742f,8f0f1707-d607-4efe-8a63-0d3117ed5bf9,->,a1942dbd-0ae8-495c-b285-10cd223a7fc4,ee8a229c-e88b-47ca-bcf2-28d3141a4b0f,2e575938-37dd-4b36-9250-21ae2c1d5639
a1942dbd-0ae8-495c-b285-10cd223a7fc4,7337d50b-4959-4f5f-ad1c-d388309e742f,97ce8722-82fa-4051-8076-37db9532038b,->,a1942dbd-0ae8-495c-b285-10cd223a7fc4,java/security/MessageDigest.java,getInstance
a1942dbd-0ae8-495c-b285-10cd223a7fc4,7337d50b-4959-4f5f-ad1c-d388309e742f,97ce8722-82fa-4051-8076-37db9532038b,->,a1942dbd-0ae8-495c-b285-10cd223a7fc4,java/security/NoSuchAlgorithmException.java,printStackTrace
a1942dbd-0ae8-495c-b285-10cd223a7fc4,7337d50b-4959-4f5f-ad1c-d388309e742f,97ce8722-82fa-4051-8076-37db9532038b,->,a1942dbd-0ae8-495c-b285-10cd223a7fc4,java/security/MessageDigest.java,digest
a1942dbd-0ae8-495c-b285-10cd223a7fc4,7337d50b-4959-4f5f-ad1c-d388309e742f,f265cf72-df8e-42cb-a3c2-ca43d3f55df7,->,a1942dbd-0ae8-495c-b285-10cd223a7fc4,ee8a229c-e88b-47ca-bcf2-28d3141a4b0f,2e575938-37dd-4b36-9250-21ae2c1d5639
a1942dbd-0ae8-495c-b285-10cd223a7fc4,lambdaCrypto/Algorithms.java,lambda$getNullCipher$1,->,a1942dbd-0ae8-495c-b285-10cd223a7fc4,7337d50b-4959-4f5f-ad1c-d388309e742f,1ae7fc80-4aed-4f5b-bf7c-e1b3fbc9d33f
a1942dbd-0ae8-495c-b285-10cd223a7fc4,lambdaCrypto/Algorithms.java,lambda$getSHECipher$0,->,a1942dbd-0ae8-495c-b285-10cd223a7fc4,java/security/MessageDigest.java,getInstance
a1942dbd-0ae8-495c-b285-10cd223a7fc4,lambdaCrypto/Algorithms.java,lambda$getSHECipher$0,->,a1942dbd-0ae8-495c-b285-10cd223a7fc4,java/security/NoSuchAlgorithmException.java,printStackTrace
a1942dbd-0ae8-495c-b285-10cd223a7fc4,lambdaCrypto/Algorithms.java,lambda$getSHECipher$0,->,a1942dbd-0ae8-495c-b285-10cd223a7fc4,java/security/MessageDigest.java,digest
a1942dbd-0ae8-495c-b285-10cd223a7fc4,lambdaCrypto/Crypto$OpMode.java,values,->,a1942dbd-0ae8-495c-b285-10cd223a7fc4,lambdaCrypto/Crypto$OpMode.java,clone
a1942dbd-0ae8-495c-b285-10cd223a7fc4,lambdaCrypto/Crypto$OpMode.java,valueOf,->,a1942dbd-0ae8-495c-b285-10cd223a7fc4,java/lang/Enum.java,valueOf
a1942dbd-0ae8-495c-b285-10cd223a7fc4,28df745e-3e89-45ab-893f-ff15face6345,5062ad60-8310-475b-a627-d74f2afca9df,->,a1942dbd-0ae8-495c-b285-10cd223a7fc4,ee8a229c-e88b-47ca-bcf2-28d3141a4b0f,2e575938-37dd-4b36-9250-21ae2c1d5639
a1942dbd-0ae8-495c-b285-10cd223a7fc4,28df745e-3e89-45ab-893f-ff15face6345,5062ad60-8310-475b-a627-d74f2afca9df,->,a1942dbd-0ae8-495c-b285-10cd223a7fc4,5bb98425-cf29-4c3a-a598-04b6f0eb2450,8d1b837c-9872-4649-a901-0a92295619d8
a1942dbd-0ae8-495c-b285-10cd223a7fc4,28df745e-3e89-45ab-893f-ff15face6345,25f75343-af5f-4e3d-87a6-7d652c6716a4,->,a1942dbd-0ae8-495c-b285-10cd223a7fc4,ae3ab261-2de4-4649-bb3f-839257be1004,d2010b66-44e9-48b9-8f0e-49d326de624e
a1942dbd-0ae8-495c-b285-10cd223a7fc4,28df745e-3e89-45ab-893f-ff15face6345,8edbd8c7-d300-4828-a2f1-f42eea53126d,->,a1942dbd-0ae8-495c-b285-10cd223a7fc4,ee8a229c-e88b-47ca-bcf2-28d3141a4b0f,2e575938-37dd-4b36-9250-21ae2c1d5639
a1942dbd-0ae8-495c-b285-10cd223a7fc4,28df745e-3e89-45ab-893f-ff15face6345,37ec4fa6-81f9-49ed-bd9b-345bb47a4d50,->,a1942dbd-0ae8-495c-b285-10cd223a7fc4,5bb98425-cf29-4c3a-a598-04b6f0eb2450,8d1b837c-9872-4649-a901-0a92295619d8
a1942dbd-0ae8-495c-b285-10cd223a7fc4,28df745e-3e89-45ab-893f-ff15face6345,37ec4fa6-81f9-49ed-bd9b-345bb47a4d50,->,a1942dbd-0ae8-495c-b285-10cd223a7fc4,ee8a229c-e88b-47ca-bcf2-28d3141a4b0f,2e575938-37dd-4b36-9250-21ae2c1d5639
a1942dbd-0ae8-495c-b285-10cd223a7fc4,28df745e-3e89-45ab-893f-ff15face6345,ddff18ec-e221-481c-87dd-3f2dacbe67a3,->,a1942dbd-0ae8-495c-b285-10cd223a7fc4,ee8a229c-e88b-47ca-bcf2-28d3141a4b0f,2e575938-37dd-4b36-9250-21ae2c1d5639
a1942dbd-0ae8-495c-b285-10cd223a7fc4,28df745e-3e89-45ab-893f-ff15face6345,ddff18ec-e221-481c-87dd-3f2dacbe67a3,->,a1942dbd-0ae8-495c-b285-10cd223a7fc4,5bb98425-cf29-4c3a-a598-04b6f0eb2450,8d1b837c-9872-4649-a901-0a92295619d8
a1942dbd-0ae8-495c-b285-10cd223a7fc4,28df745e-3e89-45ab-893f-ff15face6345,3828ab60-0b55-4180-8815-e9f8968f3fab,->,a1942dbd-0ae8-495c-b285-10cd223a7fc4,ae3ab261-2de4-4649-bb3f-839257be1004,d2010b66-44e9-48b9-8f0e-49d326de624e
a1942dbd-0ae8-495c-b285-10cd223a7fc4,28df745e-3e89-45ab-893f-ff15face6345,4ac9da32-df36-440a-abb1-9a65339b8cfb,->,a1942dbd-0ae8-495c-b285-10cd223a7fc4,ae3ab261-2de4-4649-bb3f-839257be1004,d2010b66-44e9-48b9-8f0e-49d326de624e
a1942dbd-0ae8-495c-b285-10cd223a7fc4,lambdaCrypto/Modes.java,lambda$getCBCDecrypt$2,->,a1942dbd-0ae8-495c-b285-10cd223a7fc4,28df745e-3e89-45ab-893f-ff15face6345,ddff18ec-e221-481c-87dd-3f2dacbe67a3
a1942dbd-0ae8-495c-b285-10cd223a7fc4,lambdaCrypto/Modes.java,lambda$getCBCEncrypt$1,->,a1942dbd-0ae8-495c-b285-10cd223a7fc4,28df745e-3e89-45ab-893f-ff15face6345,37ec4fa6-81f9-49ed-bd9b-345bb47a4d50
a1942dbd-0ae8-495c-b285-10cd223a7fc4,lambdaCrypto/Modes.java,lambda$getOFB$0,->,a1942dbd-0ae8-495c-b285-10cd223a7fc4,28df745e-3e89-45ab-893f-ff15face6345,5062ad60-8310-475b-a627-d74f2afca9df
a1942dbd-0ae8-495c-b285-10cd223a7fc4,0ba9e5d4-c690-46cb-a5f2-1b94aa31b6c3,790ee016-9bfe-4b27-9099-1ea69958ed0a,->,a1942dbd-0ae8-495c-b285-10cd223a7fc4,java/lang/StringBuilder.java,append
a1942dbd-0ae8-495c-b285-10cd223a7fc4,0ba9e5d4-c690-46cb-a5f2-1b94aa31b6c3,790ee016-9bfe-4b27-9099-1ea69958ed0a,->,a1942dbd-0ae8-495c-b285-10cd223a7fc4,java/lang/StringBuilder.java,append
a1942dbd-0ae8-495c-b285-10cd223a7fc4,0ba9e5d4-c690-46cb-a5f2-1b94aa31b6c3,790ee016-9bfe-4b27-9099-1ea69958ed0a,->,a1942dbd-0ae8-495c-b285-10cd223a7fc4,java/lang/StringBuilder.java,append
a1942dbd-0ae8-495c-b285-10cd223a7fc4,0ba9e5d4-c690-46cb-a5f2-1b94aa31b6c3,790ee016-9bfe-4b27-9099-1ea69958ed0a,->,a1942dbd-0ae8-495c-b285-10cd223a7fc4,java/lang/StringBuilder.java,append
a1942dbd-0ae8-495c-b285-10cd223a7fc4,0ba9e5d4-c690-46cb-a5f2-1b94aa31b6c3,790ee016-9bfe-4b27-9099-1ea69958ed0a,->,a1942dbd-0ae8-495c-b285-10cd223a7fc4,java/lang/StringBuilder.java,append
a1942dbd-0ae8-495c-b285-10cd223a7fc4,0ba9e5d4-c690-46cb-a5f2-1b94aa31b6c3,790ee016-9bfe-4b27-9099-1ea69958ed0a,->,a1942dbd-0ae8-495c-b285-10cd223a7fc4,java/lang/StringBuilder.java,toString
a1942dbd-0ae8-495c-b285-10cd223a7fc4,3eca8eaa-0459-4e35-b129-a5a9849fc20b,f2b173d3-abe6-47a7-a2d3-410e74fcfa86,->,a1942dbd-0ae8-495c-b285-10cd223a7fc4,3eca8eaa-0459-4e35-b129-a5a9849fc20b,7d554abe-abab-4e62-b996-71c645c3ee49
a1942dbd-0ae8-495c-b285-10cd223a7fc4,3eca8eaa-0459-4e35-b129-a5a9849fc20b,f2b173d3-abe6-47a7-a2d3-410e74fcfa86,->,a1942dbd-0ae8-495c-b285-10cd223a7fc4,3eca8eaa-0459-4e35-b129-a5a9849fc20b,ad70d8bb-f998-4553-b84b-0f17367876c2
a1942dbd-0ae8-495c-b285-10cd223a7fc4,3eca8eaa-0459-4e35-b129-a5a9849fc20b,f2b173d3-abe6-47a7-a2d3-410e74fcfa86,->,a1942dbd-0ae8-495c-b285-10cd223a7fc4,java/io/PrintStream.java,println
a1942dbd-0ae8-495c-b285-10cd223a7fc4,3eca8eaa-0459-4e35-b129-a5a9849fc20b,f2b173d3-abe6-47a7-a2d3-410e74fcfa86,->,a1942dbd-0ae8-495c-b285-10cd223a7fc4,3eca8eaa-0459-4e35-b129-a5a9849fc20b,d2186267-f693-49f6-9a9d-61f8c3f1ad82
a1942dbd-0ae8-495c-b285-10cd223a7fc4,3eca8eaa-0459-4e35-b129-a5a9849fc20b,f2b173d3-abe6-47a7-a2d3-410e74fcfa86,->,a1942dbd-0ae8-495c-b285-10cd223a7fc4,3eca8eaa-0459-4e35-b129-a5a9849fc20b,aac80455-4376-403f-8a63-ce166f94d37f
a1942dbd-0ae8-495c-b285-10cd223a7fc4,3eca8eaa-0459-4e35-b129-a5a9849fc20b,f2b173d3-abe6-47a7-a2d3-410e74fcfa86,->,a1942dbd-0ae8-495c-b285-10cd223a7fc4,java/io/PrintStream.java,println
a1942dbd-0ae8-495c-b285-10cd223a7fc4,3eca8eaa-0459-4e35-b129-a5a9849fc20b,f2b173d3-abe6-47a7-a2d3-410e74fcfa86,->,a1942dbd-0ae8-495c-b285-10cd223a7fc4,3eca8eaa-0459-4e35-b129-a5a9849fc20b,ad70d8bb-f998-4553-b84b-0f17367876c2
a1942dbd-0ae8-495c-b285-10cd223a7fc4,3eca8eaa-0459-4e35-b129-a5a9849fc20b,f2b173d3-abe6-47a7-a2d3-410e74fcfa86,->,a1942dbd-0ae8-495c-b285-10cd223a7fc4,3eca8eaa-0459-4e35-b129-a5a9849fc20b,aac80455-4376-403f-8a63-ce166f94d37f
a1942dbd-0ae8-495c-b285-10cd223a7fc4,3eca8eaa-0459-4e35-b129-a5a9849fc20b,f2b173d3-abe6-47a7-a2d3-410e74fcfa86,->,a1942dbd-0ae8-495c-b285-10cd223a7fc4,java/io/PrintStream.java,println
a1942dbd-0ae8-495c-b285-10cd223a7fc4,3eca8eaa-0459-4e35-b129-a5a9849fc20b,f2b173d3-abe6-47a7-a2d3-410e74fcfa86,->,a1942dbd-0ae8-495c-b285-10cd223a7fc4,3eca8eaa-0459-4e35-b129-a5a9849fc20b,d2186267-f693-49f6-9a9d-61f8c3f1ad82
a1942dbd-0ae8-495c-b285-10cd223a7fc4,3eca8eaa-0459-4e35-b129-a5a9849fc20b,f2b173d3-abe6-47a7-a2d3-410e74fcfa86,->,a1942dbd-0ae8-495c-b285-10cd223a7fc4,3eca8eaa-0459-4e35-b129-a5a9849fc20b,aac80455-4376-403f-8a63-ce166f94d37f
a1942dbd-0ae8-495c-b285-10cd223a7fc4,3eca8eaa-0459-4e35-b129-a5a9849fc20b,f2b173d3-abe6-47a7-a2d3-410e74fcfa86,->,a1942dbd-0ae8-495c-b285-10cd223a7fc4,java/io/PrintStream.java,println
a1942dbd-0ae8-495c-b285-10cd223a7fc4,3eca8eaa-0459-4e35-b129-a5a9849fc20b,f2b173d3-abe6-47a7-a2d3-410e74fcfa86,->,a1942dbd-0ae8-495c-b285-10cd223a7fc4,3eca8eaa-0459-4e35-b129-a5a9849fc20b,ad70d8bb-f998-4553-b84b-0f17367876c2
a1942dbd-0ae8-495c-b285-10cd223a7fc4,3eca8eaa-0459-4e35-b129-a5a9849fc20b,f2b173d3-abe6-47a7-a2d3-410e74fcfa86,->,a1942dbd-0ae8-495c-b285-10cd223a7fc4,3eca8eaa-0459-4e35-b129-a5a9849fc20b,aac80455-4376-403f-8a63-ce166f94d37f
a1942dbd-0ae8-495c-b285-10cd223a7fc4,3eca8eaa-0459-4e35-b129-a5a9849fc20b,f2b173d3-abe6-47a7-a2d3-410e74fcfa86,->,a1942dbd-0ae8-495c-b285-10cd223a7fc4,java/io/PrintStream.java,println
a1942dbd-0ae8-495c-b285-10cd223a7fc4,3eca8eaa-0459-4e35-b129-a5a9849fc20b,f2b173d3-abe6-47a7-a2d3-410e74fcfa86,->,a1942dbd-0ae8-495c-b285-10cd223a7fc4,3eca8eaa-0459-4e35-b129-a5a9849fc20b,d2186267-f693-49f6-9a9d-61f8c3f1ad82
a1942dbd-0ae8-495c-b285-10cd223a7fc4,3eca8eaa-0459-4e35-b129-a5a9849fc20b,f2b173d3-abe6-47a7-a2d3-410e74fcfa86,->,a1942dbd-0ae8-495c-b285-10cd223a7fc4,3eca8eaa-0459-4e35-b129-a5a9849fc20b,aac80455-4376-403f-8a63-ce166f94d37f
a1942dbd-0ae8-495c-b285-10cd223a7fc4,3eca8eaa-0459-4e35-b129-a5a9849fc20b,f2b173d3-abe6-47a7-a2d3-410e74fcfa86,->,a1942dbd-0ae8-495c-b285-10cd223a7fc4,java/io/PrintStream.java,println
a1942dbd-0ae8-495c-b285-10cd223a7fc4,3eca8eaa-0459-4e35-b129-a5a9849fc20b,f2b173d3-abe6-47a7-a2d3-410e74fcfa86,->,a1942dbd-0ae8-495c-b285-10cd223a7fc4,3eca8eaa-0459-4e35-b129-a5a9849fc20b,e2b10e6d-69f0-4e4b-bf20-92e04ee2acd7
a1942dbd-0ae8-495c-b285-10cd223a7fc4,3eca8eaa-0459-4e35-b129-a5a9849fc20b,f2b173d3-abe6-47a7-a2d3-410e74fcfa86,->,a1942dbd-0ae8-495c-b285-10cd223a7fc4,3eca8eaa-0459-4e35-b129-a5a9849fc20b,aac80455-4376-403f-8a63-ce166f94d37f
a1942dbd-0ae8-495c-b285-10cd223a7fc4,3eca8eaa-0459-4e35-b129-a5a9849fc20b,f2b173d3-abe6-47a7-a2d3-410e74fcfa86,->,a1942dbd-0ae8-495c-b285-10cd223a7fc4,java/io/PrintStream.java,println
a1942dbd-0ae8-495c-b285-10cd223a7fc4,3eca8eaa-0459-4e35-b129-a5a9849fc20b,6ffef082-9287-401a-b148-48c68e017c41,->,a1942dbd-0ae8-495c-b285-10cd223a7fc4,3eca8eaa-0459-4e35-b129-a5a9849fc20b,ceb37bdb-0f9d-47d2-95c3-27b0f8dd7cea
a1942dbd-0ae8-495c-b285-10cd223a7fc4,3eca8eaa-0459-4e35-b129-a5a9849fc20b,6ffef082-9287-401a-b148-48c68e017c41,->,a1942dbd-0ae8-495c-b285-10cd223a7fc4,3eca8eaa-0459-4e35-b129-a5a9849fc20b,d9bfaa43-df89-4604-a142-41fe44a4b5d2
a1942dbd-0ae8-495c-b285-10cd223a7fc4,3eca8eaa-0459-4e35-b129-a5a9849fc20b,e2b10e6d-69f0-4e4b-bf20-92e04ee2acd7,->,a1942dbd-0ae8-495c-b285-10cd223a7fc4,3eca8eaa-0459-4e35-b129-a5a9849fc20b,ceb37bdb-0f9d-47d2-95c3-27b0f8dd7cea
a1942dbd-0ae8-495c-b285-10cd223a7fc4,3eca8eaa-0459-4e35-b129-a5a9849fc20b,e2b10e6d-69f0-4e4b-bf20-92e04ee2acd7,->,a1942dbd-0ae8-495c-b285-10cd223a7fc4,3eca8eaa-0459-4e35-b129-a5a9849fc20b,6ffef082-9287-401a-b148-48c68e017c41
a1942dbd-0ae8-495c-b285-10cd223a7fc4,3eca8eaa-0459-4e35-b129-a5a9849fc20b,ad70d8bb-f998-4553-b84b-0f17367876c2,->,a1942dbd-0ae8-495c-b285-10cd223a7fc4,3eca8eaa-0459-4e35-b129-a5a9849fc20b,190a1dca-c68a-4420-b8d9-74721bee4fbe
a1942dbd-0ae8-495c-b285-10cd223a7fc4,3eca8eaa-0459-4e35-b129-a5a9849fc20b,190a1dca-c68a-4420-b8d9-74721bee4fbe,->,a1942dbd-0ae8-495c-b285-10cd223a7fc4,3eca8eaa-0459-4e35-b129-a5a9849fc20b,402510a4-913d-4907-b402-b84abc712351
a1942dbd-0ae8-495c-b285-10cd223a7fc4,3eca8eaa-0459-4e35-b129-a5a9849fc20b,190a1dca-c68a-4420-b8d9-74721bee4fbe,->,a1942dbd-0ae8-495c-b285-10cd223a7fc4,3eca8eaa-0459-4e35-b129-a5a9849fc20b,ceb37bdb-0f9d-47d2-95c3-27b0f8dd7cea
a1942dbd-0ae8-495c-b285-10cd223a7fc4,3eca8eaa-0459-4e35-b129-a5a9849fc20b,190a1dca-c68a-4420-b8d9-74721bee4fbe,->,a1942dbd-0ae8-495c-b285-10cd223a7fc4,3eca8eaa-0459-4e35-b129-a5a9849fc20b,6ffef082-9287-401a-b148-48c68e017c41
a1942dbd-0ae8-495c-b285-10cd223a7fc4,3eca8eaa-0459-4e35-b129-a5a9849fc20b,190a1dca-c68a-4420-b8d9-74721bee4fbe,->,a1942dbd-0ae8-495c-b285-10cd223a7fc4,java/lang/System.java,arraycopy
a1942dbd-0ae8-495c-b285-10cd223a7fc4,3eca8eaa-0459-4e35-b129-a5a9849fc20b,190a1dca-c68a-4420-b8d9-74721bee4fbe,->,a1942dbd-0ae8-495c-b285-10cd223a7fc4,java/lang/System.java,arraycopy
a1942dbd-0ae8-495c-b285-10cd223a7fc4,3eca8eaa-0459-4e35-b129-a5a9849fc20b,190a1dca-c68a-4420-b8d9-74721bee4fbe,->,a1942dbd-0ae8-495c-b285-10cd223a7fc4,java/lang/System.java,arraycopy
a1942dbd-0ae8-495c-b285-10cd223a7fc4,3eca8eaa-0459-4e35-b129-a5a9849fc20b,d2186267-f693-49f6-9a9d-61f8c3f1ad82,->,a1942dbd-0ae8-495c-b285-10cd223a7fc4,3eca8eaa-0459-4e35-b129-a5a9849fc20b,d9bfaa43-df89-4604-a142-41fe44a4b5d2
a1942dbd-0ae8-495c-b285-10cd223a7fc4,3eca8eaa-0459-4e35-b129-a5a9849fc20b,d9bfaa43-df89-4604-a142-41fe44a4b5d2,->,a1942dbd-0ae8-495c-b285-10cd223a7fc4,3eca8eaa-0459-4e35-b129-a5a9849fc20b,ceb37bdb-0f9d-47d2-95c3-27b0f8dd7cea
a1942dbd-0ae8-495c-b285-10cd223a7fc4,3eca8eaa-0459-4e35-b129-a5a9849fc20b,d9bfaa43-df89-4604-a142-41fe44a4b5d2,->,a1942dbd-0ae8-495c-b285-10cd223a7fc4,3eca8eaa-0459-4e35-b129-a5a9849fc20b,ceb37bdb-0f9d-47d2-95c3-27b0f8dd7cea
a1942dbd-0ae8-495c-b285-10cd223a7fc4,3eca8eaa-0459-4e35-b129-a5a9849fc20b,d9bfaa43-df89-4604-a142-41fe44a4b5d2,->,a1942dbd-0ae8-495c-b285-10cd223a7fc4,3eca8eaa-0459-4e35-b129-a5a9849fc20b,402510a4-913d-4907-b402-b84abc712351
a1942dbd-0ae8-495c-b285-10cd223a7fc4,3eca8eaa-0459-4e35-b129-a5a9849fc20b,d9bfaa43-df89-4604-a142-41fe44a4b5d2,->,a1942dbd-0ae8-495c-b285-10cd223a7fc4,java/lang/System.java,arraycopy
a1942dbd-0ae8-495c-b285-10cd223a7fc4,3eca8eaa-0459-4e35-b129-a5a9849fc20b,d9bfaa43-df89-4604-a142-41fe44a4b5d2,->,a1942dbd-0ae8-495c-b285-10cd223a7fc4,3eca8eaa-0459-4e35-b129-a5a9849fc20b,402510a4-913d-4907-b402-b84abc712351
a1942dbd-0ae8-495c-b285-10cd223a7fc4,3eca8eaa-0459-4e35-b129-a5a9849fc20b,d9bfaa43-df89-4604-a142-41fe44a4b5d2,->,a1942dbd-0ae8-495c-b285-10cd223a7fc4,3eca8eaa-0459-4e35-b129-a5a9849fc20b,402510a4-913d-4907-b402-b84abc712351
a1942dbd-0ae8-495c-b285-10cd223a7fc4,3eca8eaa-0459-4e35-b129-a5a9849fc20b,d9bfaa43-df89-4604-a142-41fe44a4b5d2,->,a1942dbd-0ae8-495c-b285-10cd223a7fc4,java/lang/System.java,arraycopy
a1942dbd-0ae8-495c-b285-10cd223a7fc4,3eca8eaa-0459-4e35-b129-a5a9849fc20b,d9bfaa43-df89-4604-a142-41fe44a4b5d2,->,a1942dbd-0ae8-495c-b285-10cd223a7fc4,java/lang/System.java,arraycopy
a1942dbd-0ae8-495c-b285-10cd223a7fc4,3eca8eaa-0459-4e35-b129-a5a9849fc20b,aac80455-4376-403f-8a63-ce166f94d37f,->,a1942dbd-0ae8-495c-b285-10cd223a7fc4,java/lang/StringBuilder.java,append
a1942dbd-0ae8-495c-b285-10cd223a7fc4,3eca8eaa-0459-4e35-b129-a5a9849fc20b,aac80455-4376-403f-8a63-ce166f94d37f,->,a1942dbd-0ae8-495c-b285-10cd223a7fc4,java/lang/StringBuilder.java,append
a1942dbd-0ae8-495c-b285-10cd223a7fc4,3eca8eaa-0459-4e35-b129-a5a9849fc20b,aac80455-4376-403f-8a63-ce166f94d37f,->,a1942dbd-0ae8-495c-b285-10cd223a7fc4,java/lang/StringBuilder.java,append
a1942dbd-0ae8-495c-b285-10cd223a7fc4,3eca8eaa-0459-4e35-b129-a5a9849fc20b,aac80455-4376-403f-8a63-ce166f94d37f,->,a1942dbd-0ae8-495c-b285-10cd223a7fc4,java/lang/StringBuilder.java,append
a1942dbd-0ae8-495c-b285-10cd223a7fc4,3eca8eaa-0459-4e35-b129-a5a9849fc20b,aac80455-4376-403f-8a63-ce166f94d37f,->,a1942dbd-0ae8-495c-b285-10cd223a7fc4,java/lang/StringBuilder.java,append
a1942dbd-0ae8-495c-b285-10cd223a7fc4,3eca8eaa-0459-4e35-b129-a5a9849fc20b,aac80455-4376-403f-8a63-ce166f94d37f,->,a1942dbd-0ae8-495c-b285-10cd223a7fc4,5bb98425-cf29-4c3a-a598-04b6f0eb2450,9d86034a-f370-4362-843a-7aec655f1f9f
a1942dbd-0ae8-495c-b285-10cd223a7fc4,3eca8eaa-0459-4e35-b129-a5a9849fc20b,aac80455-4376-403f-8a63-ce166f94d37f,->,a1942dbd-0ae8-495c-b285-10cd223a7fc4,java/lang/StringBuilder.java,append
a1942dbd-0ae8-495c-b285-10cd223a7fc4,3eca8eaa-0459-4e35-b129-a5a9849fc20b,aac80455-4376-403f-8a63-ce166f94d37f,->,a1942dbd-0ae8-495c-b285-10cd223a7fc4,java/lang/StringBuilder.java,append
a1942dbd-0ae8-495c-b285-10cd223a7fc4,3eca8eaa-0459-4e35-b129-a5a9849fc20b,aac80455-4376-403f-8a63-ce166f94d37f,->,a1942dbd-0ae8-495c-b285-10cd223a7fc4,3eca8eaa-0459-4e35-b129-a5a9849fc20b,2a9e5f2f-d9f1-48ae-b174-5ba7a1547b8a
a1942dbd-0ae8-495c-b285-10cd223a7fc4,3eca8eaa-0459-4e35-b129-a5a9849fc20b,aac80455-4376-403f-8a63-ce166f94d37f,->,a1942dbd-0ae8-495c-b285-10cd223a7fc4,java/lang/StringBuilder.java,append
a1942dbd-0ae8-495c-b285-10cd223a7fc4,3eca8eaa-0459-4e35-b129-a5a9849fc20b,aac80455-4376-403f-8a63-ce166f94d37f,->,a1942dbd-0ae8-495c-b285-10cd223a7fc4,java/lang/StringBuilder.java,toString
a1942dbd-0ae8-495c-b285-10cd223a7fc4,3eca8eaa-0459-4e35-b129-a5a9849fc20b,2a9e5f2f-d9f1-48ae-b174-5ba7a1547b8a,->,a1942dbd-0ae8-495c-b285-10cd223a7fc4,java/lang/StringBuilder.java,append
a1942dbd-0ae8-495c-b285-10cd223a7fc4,3eca8eaa-0459-4e35-b129-a5a9849fc20b,2a9e5f2f-d9f1-48ae-b174-5ba7a1547b8a,->,a1942dbd-0ae8-495c-b285-10cd223a7fc4,java/lang/StringBuilder.java,append
a1942dbd-0ae8-495c-b285-10cd223a7fc4,3eca8eaa-0459-4e35-b129-a5a9849fc20b,2a9e5f2f-d9f1-48ae-b174-5ba7a1547b8a,->,a1942dbd-0ae8-495c-b285-10cd223a7fc4,java/lang/StringBuilder.java,append
a1942dbd-0ae8-495c-b285-10cd223a7fc4,3eca8eaa-0459-4e35-b129-a5a9849fc20b,2a9e5f2f-d9f1-48ae-b174-5ba7a1547b8a,->,a1942dbd-0ae8-495c-b285-10cd223a7fc4,3eca8eaa-0459-4e35-b129-a5a9849fc20b,402510a4-913d-4907-b402-b84abc712351
a1942dbd-0ae8-495c-b285-10cd223a7fc4,3eca8eaa-0459-4e35-b129-a5a9849fc20b,2a9e5f2f-d9f1-48ae-b174-5ba7a1547b8a,->,a1942dbd-0ae8-495c-b285-10cd223a7fc4,java/lang/StringBuilder.java,append
a1942dbd-0ae8-495c-b285-10cd223a7fc4,3eca8eaa-0459-4e35-b129-a5a9849fc20b,2a9e5f2f-d9f1-48ae-b174-5ba7a1547b8a,->,a1942dbd-0ae8-495c-b285-10cd223a7fc4,java/lang/StringBuilder.java,append
a1942dbd-0ae8-495c-b285-10cd223a7fc4,3eca8eaa-0459-4e35-b129-a5a9849fc20b,2a9e5f2f-d9f1-48ae-b174-5ba7a1547b8a,->,a1942dbd-0ae8-495c-b285-10cd223a7fc4,3eca8eaa-0459-4e35-b129-a5a9849fc20b,ceb37bdb-0f9d-47d2-95c3-27b0f8dd7cea
a1942dbd-0ae8-495c-b285-10cd223a7fc4,3eca8eaa-0459-4e35-b129-a5a9849fc20b,2a9e5f2f-d9f1-48ae-b174-5ba7a1547b8a,->,a1942dbd-0ae8-495c-b285-10cd223a7fc4,java/lang/StringBuilder.java,append
a1942dbd-0ae8-495c-b285-10cd223a7fc4,3eca8eaa-0459-4e35-b129-a5a9849fc20b,2a9e5f2f-d9f1-48ae-b174-5ba7a1547b8a,->,a1942dbd-0ae8-495c-b285-10cd223a7fc4,java/lang/StringBuilder.java,append
a1942dbd-0ae8-495c-b285-10cd223a7fc4,3eca8eaa-0459-4e35-b129-a5a9849fc20b,2a9e5f2f-d9f1-48ae-b174-5ba7a1547b8a,->,a1942dbd-0ae8-495c-b285-10cd223a7fc4,java/lang/StringBuilder.java,toString
a1942dbd-0ae8-495c-b285-10cd223a7fc4,3eca8eaa-0459-4e35-b129-a5a9849fc20b,2a9e5f2f-d9f1-48ae-b174-5ba7a1547b8a,->,a1942dbd-0ae8-495c-b285-10cd223a7fc4,java/lang/StringBuilder.java,append
a1942dbd-0ae8-495c-b285-10cd223a7fc4,3eca8eaa-0459-4e35-b129-a5a9849fc20b,2a9e5f2f-d9f1-48ae-b174-5ba7a1547b8a,->,a1942dbd-0ae8-495c-b285-10cd223a7fc4,java/util/Arrays.java,copyOfRange
a1942dbd-0ae8-495c-b285-10cd223a7fc4,3eca8eaa-0459-4e35-b129-a5a9849fc20b,2a9e5f2f-d9f1-48ae-b174-5ba7a1547b8a,->,a1942dbd-0ae8-495c-b285-10cd223a7fc4,5bb98425-cf29-4c3a-a598-04b6f0eb2450,9d86034a-f370-4362-843a-7aec655f1f9f
a1942dbd-0ae8-495c-b285-10cd223a7fc4,3eca8eaa-0459-4e35-b129-a5a9849fc20b,2a9e5f2f-d9f1-48ae-b174-5ba7a1547b8a,->,a1942dbd-0ae8-495c-b285-10cd223a7fc4,java/lang/StringBuilder.java,append
a1942dbd-0ae8-495c-b285-10cd223a7fc4,3eca8eaa-0459-4e35-b129-a5a9849fc20b,2a9e5f2f-d9f1-48ae-b174-5ba7a1547b8a,->,a1942dbd-0ae8-495c-b285-10cd223a7fc4,java/lang/StringBuilder.java,toString
a1942dbd-0ae8-495c-b285-10cd223a7fc4,3eca8eaa-0459-4e35-b129-a5a9849fc20b,2a9e5f2f-d9f1-48ae-b174-5ba7a1547b8a,->,a1942dbd-0ae8-495c-b285-10cd223a7fc4,java/lang/StringBuilder.java,append
a1942dbd-0ae8-495c-b285-10cd223a7fc4,3eca8eaa-0459-4e35-b129-a5a9849fc20b,2a9e5f2f-d9f1-48ae-b174-5ba7a1547b8a,->,a1942dbd-0ae8-495c-b285-10cd223a7fc4,java/util/Arrays.java,copyOfRange
a1942dbd-0ae8-495c-b285-10cd223a7fc4,3eca8eaa-0459-4e35-b129-a5a9849fc20b,2a9e5f2f-d9f1-48ae-b174-5ba7a1547b8a,->,a1942dbd-0ae8-495c-b285-10cd223a7fc4,5bb98425-cf29-4c3a-a598-04b6f0eb2450,9d86034a-f370-4362-843a-7aec655f1f9f
a1942dbd-0ae8-495c-b285-10cd223a7fc4,3eca8eaa-0459-4e35-b129-a5a9849fc20b,2a9e5f2f-d9f1-48ae-b174-5ba7a1547b8a,->,a1942dbd-0ae8-495c-b285-10cd223a7fc4,java/lang/StringBuilder.java,append
a1942dbd-0ae8-495c-b285-10cd223a7fc4,3eca8eaa-0459-4e35-b129-a5a9849fc20b,2a9e5f2f-d9f1-48ae-b174-5ba7a1547b8a,->,a1942dbd-0ae8-495c-b285-10cd223a7fc4,java/lang/StringBuilder.java,toString
a1942dbd-0ae8-495c-b285-10cd223a7fc4,3eca8eaa-0459-4e35-b129-a5a9849fc20b,2a9e5f2f-d9f1-48ae-b174-5ba7a1547b8a,->,a1942dbd-0ae8-495c-b285-10cd223a7fc4,java/lang/StringBuilder.java,append
a1942dbd-0ae8-495c-b285-10cd223a7fc4,3eca8eaa-0459-4e35-b129-a5a9849fc20b,2a9e5f2f-d9f1-48ae-b174-5ba7a1547b8a,->,a1942dbd-0ae8-495c-b285-10cd223a7fc4,java/util/Arrays.java,copyOfRange
a1942dbd-0ae8-495c-b285-10cd223a7fc4,3eca8eaa-0459-4e35-b129-a5a9849fc20b,2a9e5f2f-d9f1-48ae-b174-5ba7a1547b8a,->,a1942dbd-0ae8-495c-b285-10cd223a7fc4,5bb98425-cf29-4c3a-a598-04b6f0eb2450,9d86034a-f370-4362-843a-7aec655f1f9f
a1942dbd-0ae8-495c-b285-10cd223a7fc4,3eca8eaa-0459-4e35-b129-a5a9849fc20b,2a9e5f2f-d9f1-48ae-b174-5ba7a1547b8a,->,a1942dbd-0ae8-495c-b285-10cd223a7fc4,java/lang/StringBuilder.java,append
a1942dbd-0ae8-495c-b285-10cd223a7fc4,3eca8eaa-0459-4e35-b129-a5a9849fc20b,2a9e5f2f-d9f1-48ae-b174-5ba7a1547b8a,->,a1942dbd-0ae8-495c-b285-10cd223a7fc4,java/lang/StringBuilder.java,toString
a1942dbd-0ae8-495c-b285-10cd223a7fc4,3eca8eaa-0459-4e35-b129-a5a9849fc20b,2a9e5f2f-d9f1-48ae-b174-5ba7a1547b8a,->,a1942dbd-0ae8-495c-b285-10cd223a7fc4,java/lang/StringBuilder.java,append
a1942dbd-0ae8-495c-b285-10cd223a7fc4,3eca8eaa-0459-4e35-b129-a5a9849fc20b,2a9e5f2f-d9f1-48ae-b174-5ba7a1547b8a,->,a1942dbd-0ae8-495c-b285-10cd223a7fc4,java/lang/StringBuilder.java,append
a1942dbd-0ae8-495c-b285-10cd223a7fc4,3eca8eaa-0459-4e35-b129-a5a9849fc20b,2a9e5f2f-d9f1-48ae-b174-5ba7a1547b8a,->,a1942dbd-0ae8-495c-b285-10cd223a7fc4,java/lang/StringBuilder.java,toString
a1942dbd-0ae8-495c-b285-10cd223a7fc4,5bb98425-cf29-4c3a-a598-04b6f0eb2450,"335a30ea-23f1-4505-b717-2ad149a5c6cc,7f47e177-76f8-4560-909e-d46f2ce38a65",->,a1942dbd-0ae8-495c-b285-10cd223a7fc4,java/lang/Integer.java,intValue
a1942dbd-0ae8-495c-b285-10cd223a7fc4,5bb98425-cf29-4c3a-a598-04b6f0eb2450,"335a30ea-23f1-4505-b717-2ad149a5c6cc,7f47e177-76f8-4560-909e-d46f2ce38a65",->,a1942dbd-0ae8-495c-b285-10cd223a7fc4,java/lang/Long.java,longValue
a1942dbd-0ae8-495c-b285-10cd223a7fc4,5bb98425-cf29-4c3a-a598-04b6f0eb2450,87d0d594-c61f-430b-b549-2652ada72af2,->,a1942dbd-0ae8-495c-b285-10cd223a7fc4,java/lang/StringBuilder.java,append
a1942dbd-0ae8-495c-b285-10cd223a7fc4,5bb98425-cf29-4c3a-a598-04b6f0eb2450,87d0d594-c61f-430b-b549-2652ada72af2,->,a1942dbd-0ae8-495c-b285-10cd223a7fc4,java/lang/Runtime.java,totalMemory
a1942dbd-0ae8-495c-b285-10cd223a7fc4,5bb98425-cf29-4c3a-a598-04b6f0eb2450,87d0d594-c61f-430b-b549-2652ada72af2,->,a1942dbd-0ae8-495c-b285-10cd223a7fc4,java/lang/Runtime.java,freeMemory
a1942dbd-0ae8-495c-b285-10cd223a7fc4,5bb98425-cf29-4c3a-a598-04b6f0eb2450,87d0d594-c61f-430b-b549-2652ada72af2,->,a1942dbd-0ae8-495c-b285-10cd223a7fc4,java/lang/StringBuilder.java,append
a1942dbd-0ae8-495c-b285-10cd223a7fc4,5bb98425-cf29-4c3a-a598-04b6f0eb2450,87d0d594-c61f-430b-b549-2652ada72af2,->,a1942dbd-0ae8-495c-b285-10cd223a7fc4,java/lang/StringBuilder.java,toString
a1942dbd-0ae8-495c-b285-10cd223a7fc4,5bb98425-cf29-4c3a-a598-04b6f0eb2450,87d0d594-c61f-430b-b549-2652ada72af2,->,a1942dbd-0ae8-495c-b285-10cd223a7fc4,java/io/PrintStream.java,println
a1942dbd-0ae8-495c-b285-10cd223a7fc4,5bb98425-cf29-4c3a-a598-04b6f0eb2450,87d0d594-c61f-430b-b549-2652ada72af2,->,a1942dbd-0ae8-495c-b285-10cd223a7fc4,java/lang/StringBuilder.java,append
a1942dbd-0ae8-495c-b285-10cd223a7fc4,5bb98425-cf29-4c3a-a598-04b6f0eb2450,87d0d594-c61f-430b-b549-2652ada72af2,->,a1942dbd-0ae8-495c-b285-10cd223a7fc4,java/lang/Runtime.java,freeMemory
a1942dbd-0ae8-495c-b285-10cd223a7fc4,5bb98425-cf29-4c3a-a598-04b6f0eb2450,87d0d594-c61f-430b-b549-2652ada72af2,->,a1942dbd-0ae8-495c-b285-10cd223a7fc4,java/lang/StringBuilder.java,append
a1942dbd-0ae8-495c-b285-10cd223a7fc4,5bb98425-cf29-4c3a-a598-04b6f0eb2450,87d0d594-c61f-430b-b549-2652ada72af2,->,a1942dbd-0ae8-495c-b285-10cd223a7fc4,java/lang/StringBuilder.java,toString
a1942dbd-0ae8-495c-b285-10cd223a7fc4,5bb98425-cf29-4c3a-a598-04b6f0eb2450,87d0d594-c61f-430b-b549-2652ada72af2,->,a1942dbd-0ae8-495c-b285-10cd223a7fc4,java/io/PrintStream.java,println
a1942dbd-0ae8-495c-b285-10cd223a7fc4,5bb98425-cf29-4c3a-a598-04b6f0eb2450,87d0d594-c61f-430b-b549-2652ada72af2,->,a1942dbd-0ae8-495c-b285-10cd223a7fc4,java/lang/StringBuilder.java,append
a1942dbd-0ae8-495c-b285-10cd223a7fc4,5bb98425-cf29-4c3a-a598-04b6f0eb2450,87d0d594-c61f-430b-b549-2652ada72af2,->,a1942dbd-0ae8-495c-b285-10cd223a7fc4,java/lang/Runtime.java,totalMemory
a1942dbd-0ae8-495c-b285-10cd223a7fc4,5bb98425-cf29-4c3a-a598-04b6f0eb2450,87d0d594-c61f-430b-b549-2652ada72af2,->,a1942dbd-0ae8-495c-b285-10cd223a7fc4,java/lang/StringBuilder.java,append
a1942dbd-0ae8-495c-b285-10cd223a7fc4,5bb98425-cf29-4c3a-a598-04b6f0eb2450,87d0d594-c61f-430b-b549-2652ada72af2,->,a1942dbd-0ae8-495c-b285-10cd223a7fc4,java/lang/StringBuilder.java,toString
a1942dbd-0ae8-495c-b285-10cd223a7fc4,5bb98425-cf29-4c3a-a598-04b6f0eb2450,87d0d594-c61f-430b-b549-2652ada72af2,->,a1942dbd-0ae8-495c-b285-10cd223a7fc4,java/io/PrintStream.java,println
a1942dbd-0ae8-495c-b285-10cd223a7fc4,5bb98425-cf29-4c3a-a598-04b6f0eb2450,27c890bf-edad-4de0-8153-d958878127bd,->,a1942dbd-0ae8-495c-b285-10cd223a7fc4,javax/xml/bind/DatatypeConverter.java,printHexBinary
a1942dbd-0ae8-495c-b285-10cd223a7fc4,5bb98425-cf29-4c3a-a598-04b6f0eb2450,3e37c92b-b076-4585-bb37-3ceead20616a,->,a1942dbd-0ae8-495c-b285-10cd223a7fc4,java/io/ObjectOutputStream.java,writeObject
a1942dbd-0ae8-495c-b285-10cd223a7fc4,5bb98425-cf29-4c3a-a598-04b6f0eb2450,3e37c92b-b076-4585-bb37-3ceead20616a,->,a1942dbd-0ae8-495c-b285-10cd223a7fc4,java/io/ByteArrayOutputStream.java,toByteArray
a1942dbd-0ae8-495c-b285-10cd223a7fc4,5bb98425-cf29-4c3a-a598-04b6f0eb2450,3e37c92b-b076-4585-bb37-3ceead20616a,->,a1942dbd-0ae8-495c-b285-10cd223a7fc4,java/io/ObjectOutputStream.java,close
a1942dbd-0ae8-495c-b285-10cd223a7fc4,5bb98425-cf29-4c3a-a598-04b6f0eb2450,8d1b837c-9872-4649-a901-0a92295619d8,->,a1942dbd-0ae8-495c-b285-10cd223a7fc4,java/lang/System.java,arraycopy
a1942dbd-0ae8-495c-b285-10cd223a7fc4,5bb98425-cf29-4c3a-a598-04b6f0eb2450,8d1b837c-9872-4649-a901-0a92295619d8,->,a1942dbd-0ae8-495c-b285-10cd223a7fc4,java/lang/System.java,arraycopy
a1942dbd-0ae8-495c-b285-10cd223a7fc4,5bb98425-cf29-4c3a-a598-04b6f0eb2450,45294138-81f3-4fa4-8644-81f4e10c35c6,->,a1942dbd-0ae8-495c-b285-10cd223a7fc4,java/io/PrintStream.java,println
a1942dbd-0ae8-495c-b285-10cd223a7fc4,5bb98425-cf29-4c3a-a598-04b6f0eb2450,a6c26142-8992-435b-9eaa-263a309ee822,->,a1942dbd-0ae8-495c-b285-10cd223a7fc4,java/math/BigInteger.java,valueOf
a1942dbd-0ae8-495c-b285-10cd223a7fc4,5bb98425-cf29-4c3a-a598-04b6f0eb2450,a6c26142-8992-435b-9eaa-263a309ee822,->,a1942dbd-0ae8-495c-b285-10cd223a7fc4,java/math/BigInteger.java,valueOf
a1942dbd-0ae8-495c-b285-10cd223a7fc4,5bb98425-cf29-4c3a-a598-04b6f0eb2450,a6c26142-8992-435b-9eaa-263a309ee822,->,a1942dbd-0ae8-495c-b285-10cd223a7fc4,java/math/BigInteger.java,valueOf
a1942dbd-0ae8-495c-b285-10cd223a7fc4,5bb98425-cf29-4c3a-a598-04b6f0eb2450,a6c26142-8992-435b-9eaa-263a309ee822,->,a1942dbd-0ae8-495c-b285-10cd223a7fc4,java/math/BigInteger.java,modPow
a1942dbd-0ae8-495c-b285-10cd223a7fc4,5bb98425-cf29-4c3a-a598-04b6f0eb2450,a6c26142-8992-435b-9eaa-263a309ee822,->,a1942dbd-0ae8-495c-b285-10cd223a7fc4,java/math/BigInteger.java,longValue
a1942dbd-0ae8-495c-b285-10cd223a7fc4,util/Misc.java,<clinit>,->,a1942dbd-0ae8-495c-b285-10cd223a7fc4,java/lang/String.java,toCharArray
