caller_project_id,caller_class_id,caller_method_id,CALL_DIRECTION,callee_project_id,callee_class_id,callee_method_id
b082be08-b2bb-4294-9da4-b4e3e2ce4bf8,310e2f11-6510-4090-8a02-981709e51728,bd6d8298-ae52-4ec2-be93-517b8d98ffd4,->,b082be08-b2bb-4294-9da4-b4e3e2ce4bf8,java/sql/Statement.java,executeQuery
b082be08-b2bb-4294-9da4-b4e3e2ce4bf8,310e2f11-6510-4090-8a02-981709e51728,bd6d8298-ae52-4ec2-be93-517b8d98ffd4,->,b082be08-b2bb-4294-9da4-b4e3e2ce4bf8,java/sql/ResultSet.java,next
b082be08-b2bb-4294-9da4-b4e3e2ce4bf8,310e2f11-6510-4090-8a02-981709e51728,bd6d8298-ae52-4ec2-be93-517b8d98ffd4,->,b082be08-b2bb-4294-9da4-b4e3e2ce4bf8,java/sql/ResultSet.java,getString
b082be08-b2bb-4294-9da4-b4e3e2ce4bf8,310e2f11-6510-4090-8a02-981709e51728,bd6d8298-ae52-4ec2-be93-517b8d98ffd4,->,b082be08-b2bb-4294-9da4-b4e3e2ce4bf8,java/util/LinkedList.java,add
b082be08-b2bb-4294-9da4-b4e3e2ce4bf8,310e2f11-6510-4090-8a02-981709e51728,bd6d8298-ae52-4ec2-be93-517b8d98ffd4,->,b082be08-b2bb-4294-9da4-b4e3e2ce4bf8,java/sql/Statement.java,execute
b082be08-b2bb-4294-9da4-b4e3e2ce4bf8,310e2f11-6510-4090-8a02-981709e51728,bd6d8298-ae52-4ec2-be93-517b8d98ffd4,->,b082be08-b2bb-4294-9da4-b4e3e2ce4bf8,java/lang/Class.java,getName
b082be08-b2bb-4294-9da4-b4e3e2ce4bf8,310e2f11-6510-4090-8a02-981709e51728,bd6d8298-ae52-4ec2-be93-517b8d98ffd4,->,b082be08-b2bb-4294-9da4-b4e3e2ce4bf8,java/util/logging/Logger.java,getLogger
b082be08-b2bb-4294-9da4-b4e3e2ce4bf8,310e2f11-6510-4090-8a02-981709e51728,bd6d8298-ae52-4ec2-be93-517b8d98ffd4,->,b082be08-b2bb-4294-9da4-b4e3e2ce4bf8,java/util/logging/Logger.java,log
b082be08-b2bb-4294-9da4-b4e3e2ce4bf8,310e2f11-6510-4090-8a02-981709e51728,49b404a0-4cb9-423d-b44e-c364fd888219,->,b082be08-b2bb-4294-9da4-b4e3e2ce4bf8,java/lang/StringBuilder.java,append
b082be08-b2bb-4294-9da4-b4e3e2ce4bf8,310e2f11-6510-4090-8a02-981709e51728,49b404a0-4cb9-423d-b44e-c364fd888219,->,b082be08-b2bb-4294-9da4-b4e3e2ce4bf8,java/lang/StringBuilder.java,append
b082be08-b2bb-4294-9da4-b4e3e2ce4bf8,310e2f11-6510-4090-8a02-981709e51728,49b404a0-4cb9-423d-b44e-c364fd888219,->,b082be08-b2bb-4294-9da4-b4e3e2ce4bf8,java/lang/StringBuilder.java,toString
b082be08-b2bb-4294-9da4-b4e3e2ce4bf8,310e2f11-6510-4090-8a02-981709e51728,49b404a0-4cb9-423d-b44e-c364fd888219,->,b082be08-b2bb-4294-9da4-b4e3e2ce4bf8,java/sql/Statement.java,executeQuery
b082be08-b2bb-4294-9da4-b4e3e2ce4bf8,310e2f11-6510-4090-8a02-981709e51728,49b404a0-4cb9-423d-b44e-c364fd888219,->,b082be08-b2bb-4294-9da4-b4e3e2ce4bf8,java/sql/ResultSet.java,next
b082be08-b2bb-4294-9da4-b4e3e2ce4bf8,310e2f11-6510-4090-8a02-981709e51728,49b404a0-4cb9-423d-b44e-c364fd888219,->,b082be08-b2bb-4294-9da4-b4e3e2ce4bf8,java/sql/ResultSet.java,getString
b082be08-b2bb-4294-9da4-b4e3e2ce4bf8,310e2f11-6510-4090-8a02-981709e51728,49b404a0-4cb9-423d-b44e-c364fd888219,->,b082be08-b2bb-4294-9da4-b4e3e2ce4bf8,java/util/LinkedList.java,add
b082be08-b2bb-4294-9da4-b4e3e2ce4bf8,310e2f11-6510-4090-8a02-981709e51728,49b404a0-4cb9-423d-b44e-c364fd888219,->,b082be08-b2bb-4294-9da4-b4e3e2ce4bf8,java/sql/Statement.java,execute
b082be08-b2bb-4294-9da4-b4e3e2ce4bf8,310e2f11-6510-4090-8a02-981709e51728,49b404a0-4cb9-423d-b44e-c364fd888219,->,b082be08-b2bb-4294-9da4-b4e3e2ce4bf8,java/lang/Class.java,getName
b082be08-b2bb-4294-9da4-b4e3e2ce4bf8,310e2f11-6510-4090-8a02-981709e51728,49b404a0-4cb9-423d-b44e-c364fd888219,->,b082be08-b2bb-4294-9da4-b4e3e2ce4bf8,java/util/logging/Logger.java,getLogger
b082be08-b2bb-4294-9da4-b4e3e2ce4bf8,310e2f11-6510-4090-8a02-981709e51728,49b404a0-4cb9-423d-b44e-c364fd888219,->,b082be08-b2bb-4294-9da4-b4e3e2ce4bf8,java/util/logging/Logger.java,log
b082be08-b2bb-4294-9da4-b4e3e2ce4bf8,310e2f11-6510-4090-8a02-981709e51728,591e8536-d53f-4914-8c97-d8a17530f601,->,b082be08-b2bb-4294-9da4-b4e3e2ce4bf8,java/lang/StringBuilder.java,append
b082be08-b2bb-4294-9da4-b4e3e2ce4bf8,310e2f11-6510-4090-8a02-981709e51728,591e8536-d53f-4914-8c97-d8a17530f601,->,b082be08-b2bb-4294-9da4-b4e3e2ce4bf8,java/lang/StringBuilder.java,append
b082be08-b2bb-4294-9da4-b4e3e2ce4bf8,310e2f11-6510-4090-8a02-981709e51728,591e8536-d53f-4914-8c97-d8a17530f601,->,b082be08-b2bb-4294-9da4-b4e3e2ce4bf8,java/lang/StringBuilder.java,append
b082be08-b2bb-4294-9da4-b4e3e2ce4bf8,310e2f11-6510-4090-8a02-981709e51728,591e8536-d53f-4914-8c97-d8a17530f601,->,b082be08-b2bb-4294-9da4-b4e3e2ce4bf8,java/lang/StringBuilder.java,toString
b082be08-b2bb-4294-9da4-b4e3e2ce4bf8,310e2f11-6510-4090-8a02-981709e51728,591e8536-d53f-4914-8c97-d8a17530f601,->,b082be08-b2bb-4294-9da4-b4e3e2ce4bf8,java/sql/Statement.java,executeQuery
b082be08-b2bb-4294-9da4-b4e3e2ce4bf8,310e2f11-6510-4090-8a02-981709e51728,591e8536-d53f-4914-8c97-d8a17530f601,->,b082be08-b2bb-4294-9da4-b4e3e2ce4bf8,java/sql/ResultSet.java,next
b082be08-b2bb-4294-9da4-b4e3e2ce4bf8,310e2f11-6510-4090-8a02-981709e51728,591e8536-d53f-4914-8c97-d8a17530f601,->,b082be08-b2bb-4294-9da4-b4e3e2ce4bf8,java/sql/ResultSet.java,getString
b082be08-b2bb-4294-9da4-b4e3e2ce4bf8,310e2f11-6510-4090-8a02-981709e51728,591e8536-d53f-4914-8c97-d8a17530f601,->,b082be08-b2bb-4294-9da4-b4e3e2ce4bf8,java/sql/ResultSet.java,getInt
b082be08-b2bb-4294-9da4-b4e3e2ce4bf8,310e2f11-6510-4090-8a02-981709e51728,591e8536-d53f-4914-8c97-d8a17530f601,->,b082be08-b2bb-4294-9da4-b4e3e2ce4bf8,java/sql/ResultSet.java,getString
b082be08-b2bb-4294-9da4-b4e3e2ce4bf8,310e2f11-6510-4090-8a02-981709e51728,591e8536-d53f-4914-8c97-d8a17530f601,->,b082be08-b2bb-4294-9da4-b4e3e2ce4bf8,java/sql/Statement.java,execute
b082be08-b2bb-4294-9da4-b4e3e2ce4bf8,310e2f11-6510-4090-8a02-981709e51728,591e8536-d53f-4914-8c97-d8a17530f601,->,b082be08-b2bb-4294-9da4-b4e3e2ce4bf8,java/lang/Class.java,getName
b082be08-b2bb-4294-9da4-b4e3e2ce4bf8,310e2f11-6510-4090-8a02-981709e51728,591e8536-d53f-4914-8c97-d8a17530f601,->,b082be08-b2bb-4294-9da4-b4e3e2ce4bf8,java/util/logging/Logger.java,getLogger
b082be08-b2bb-4294-9da4-b4e3e2ce4bf8,310e2f11-6510-4090-8a02-981709e51728,591e8536-d53f-4914-8c97-d8a17530f601,->,b082be08-b2bb-4294-9da4-b4e3e2ce4bf8,java/util/logging/Logger.java,log
b082be08-b2bb-4294-9da4-b4e3e2ce4bf8,310e2f11-6510-4090-8a02-981709e51728,649f912d-e79c-41a9-95c1-84636dc2d5f7,->,b082be08-b2bb-4294-9da4-b4e3e2ce4bf8,java/sql/Statement.java,executeQuery
b082be08-b2bb-4294-9da4-b4e3e2ce4bf8,310e2f11-6510-4090-8a02-981709e51728,649f912d-e79c-41a9-95c1-84636dc2d5f7,->,b082be08-b2bb-4294-9da4-b4e3e2ce4bf8,java/sql/ResultSet.java,next
b082be08-b2bb-4294-9da4-b4e3e2ce4bf8,310e2f11-6510-4090-8a02-981709e51728,649f912d-e79c-41a9-95c1-84636dc2d5f7,->,b082be08-b2bb-4294-9da4-b4e3e2ce4bf8,java/sql/ResultSet.java,getString
b082be08-b2bb-4294-9da4-b4e3e2ce4bf8,310e2f11-6510-4090-8a02-981709e51728,649f912d-e79c-41a9-95c1-84636dc2d5f7,->,b082be08-b2bb-4294-9da4-b4e3e2ce4bf8,java/util/LinkedList.java,add
b082be08-b2bb-4294-9da4-b4e3e2ce4bf8,310e2f11-6510-4090-8a02-981709e51728,649f912d-e79c-41a9-95c1-84636dc2d5f7,->,b082be08-b2bb-4294-9da4-b4e3e2ce4bf8,java/sql/Statement.java,execute
b082be08-b2bb-4294-9da4-b4e3e2ce4bf8,310e2f11-6510-4090-8a02-981709e51728,649f912d-e79c-41a9-95c1-84636dc2d5f7,->,b082be08-b2bb-4294-9da4-b4e3e2ce4bf8,java/lang/Class.java,getName
b082be08-b2bb-4294-9da4-b4e3e2ce4bf8,310e2f11-6510-4090-8a02-981709e51728,649f912d-e79c-41a9-95c1-84636dc2d5f7,->,b082be08-b2bb-4294-9da4-b4e3e2ce4bf8,java/util/logging/Logger.java,getLogger
b082be08-b2bb-4294-9da4-b4e3e2ce4bf8,310e2f11-6510-4090-8a02-981709e51728,649f912d-e79c-41a9-95c1-84636dc2d5f7,->,b082be08-b2bb-4294-9da4-b4e3e2ce4bf8,java/util/logging/Logger.java,log
b082be08-b2bb-4294-9da4-b4e3e2ce4bf8,310e2f11-6510-4090-8a02-981709e51728,649f912d-e79c-41a9-95c1-84636dc2d5f7,->,b082be08-b2bb-4294-9da4-b4e3e2ce4bf8,java/util/LinkedList.java,contains
b082be08-b2bb-4294-9da4-b4e3e2ce4bf8,310e2f11-6510-4090-8a02-981709e51728,653543e4-619c-4256-b2a9-36c8bc5caf2f,->,b082be08-b2bb-4294-9da4-b4e3e2ce4bf8,java/lang/StringBuilder.java,append
b082be08-b2bb-4294-9da4-b4e3e2ce4bf8,310e2f11-6510-4090-8a02-981709e51728,653543e4-619c-4256-b2a9-36c8bc5caf2f,->,b082be08-b2bb-4294-9da4-b4e3e2ce4bf8,java/lang/StringBuilder.java,append
b082be08-b2bb-4294-9da4-b4e3e2ce4bf8,310e2f11-6510-4090-8a02-981709e51728,653543e4-619c-4256-b2a9-36c8bc5caf2f,->,b082be08-b2bb-4294-9da4-b4e3e2ce4bf8,java/lang/StringBuilder.java,append
b082be08-b2bb-4294-9da4-b4e3e2ce4bf8,310e2f11-6510-4090-8a02-981709e51728,653543e4-619c-4256-b2a9-36c8bc5caf2f,->,b082be08-b2bb-4294-9da4-b4e3e2ce4bf8,java/lang/StringBuilder.java,append
b082be08-b2bb-4294-9da4-b4e3e2ce4bf8,310e2f11-6510-4090-8a02-981709e51728,653543e4-619c-4256-b2a9-36c8bc5caf2f,->,b082be08-b2bb-4294-9da4-b4e3e2ce4bf8,java/lang/StringBuilder.java,append
b082be08-b2bb-4294-9da4-b4e3e2ce4bf8,310e2f11-6510-4090-8a02-981709e51728,653543e4-619c-4256-b2a9-36c8bc5caf2f,->,b082be08-b2bb-4294-9da4-b4e3e2ce4bf8,java/lang/StringBuilder.java,append
b082be08-b2bb-4294-9da4-b4e3e2ce4bf8,310e2f11-6510-4090-8a02-981709e51728,653543e4-619c-4256-b2a9-36c8bc5caf2f,->,b082be08-b2bb-4294-9da4-b4e3e2ce4bf8,java/lang/StringBuilder.java,append
b082be08-b2bb-4294-9da4-b4e3e2ce4bf8,310e2f11-6510-4090-8a02-981709e51728,653543e4-619c-4256-b2a9-36c8bc5caf2f,->,b082be08-b2bb-4294-9da4-b4e3e2ce4bf8,java/lang/StringBuilder.java,append
b082be08-b2bb-4294-9da4-b4e3e2ce4bf8,310e2f11-6510-4090-8a02-981709e51728,653543e4-619c-4256-b2a9-36c8bc5caf2f,->,b082be08-b2bb-4294-9da4-b4e3e2ce4bf8,java/lang/StringBuilder.java,append
b082be08-b2bb-4294-9da4-b4e3e2ce4bf8,310e2f11-6510-4090-8a02-981709e51728,653543e4-619c-4256-b2a9-36c8bc5caf2f,->,b082be08-b2bb-4294-9da4-b4e3e2ce4bf8,java/lang/StringBuilder.java,append
b082be08-b2bb-4294-9da4-b4e3e2ce4bf8,310e2f11-6510-4090-8a02-981709e51728,653543e4-619c-4256-b2a9-36c8bc5caf2f,->,b082be08-b2bb-4294-9da4-b4e3e2ce4bf8,java/lang/StringBuilder.java,toString
b082be08-b2bb-4294-9da4-b4e3e2ce4bf8,310e2f11-6510-4090-8a02-981709e51728,653543e4-619c-4256-b2a9-36c8bc5caf2f,->,b082be08-b2bb-4294-9da4-b4e3e2ce4bf8,java/sql/Statement.java,executeUpdate
b082be08-b2bb-4294-9da4-b4e3e2ce4bf8,310e2f11-6510-4090-8a02-981709e51728,653543e4-619c-4256-b2a9-36c8bc5caf2f,->,b082be08-b2bb-4294-9da4-b4e3e2ce4bf8,java/sql/Statement.java,execute
b082be08-b2bb-4294-9da4-b4e3e2ce4bf8,310e2f11-6510-4090-8a02-981709e51728,653543e4-619c-4256-b2a9-36c8bc5caf2f,->,b082be08-b2bb-4294-9da4-b4e3e2ce4bf8,java/lang/Class.java,getName
b082be08-b2bb-4294-9da4-b4e3e2ce4bf8,310e2f11-6510-4090-8a02-981709e51728,653543e4-619c-4256-b2a9-36c8bc5caf2f,->,b082be08-b2bb-4294-9da4-b4e3e2ce4bf8,java/util/logging/Logger.java,getLogger
b082be08-b2bb-4294-9da4-b4e3e2ce4bf8,310e2f11-6510-4090-8a02-981709e51728,653543e4-619c-4256-b2a9-36c8bc5caf2f,->,b082be08-b2bb-4294-9da4-b4e3e2ce4bf8,java/util/logging/Logger.java,log
b082be08-b2bb-4294-9da4-b4e3e2ce4bf8,4be56386-7098-48c1-b57d-f62e34e5af5b,0518ba98-47c5-48fb-812f-15cf6a2a094a,->,b082be08-b2bb-4294-9da4-b4e3e2ce4bf8,java/sql/Statement.java,close
b082be08-b2bb-4294-9da4-b4e3e2ce4bf8,4be56386-7098-48c1-b57d-f62e34e5af5b,0518ba98-47c5-48fb-812f-15cf6a2a094a,->,b082be08-b2bb-4294-9da4-b4e3e2ce4bf8,java/sql/Connection.java,close
b082be08-b2bb-4294-9da4-b4e3e2ce4bf8,4be56386-7098-48c1-b57d-f62e34e5af5b,0518ba98-47c5-48fb-812f-15cf6a2a094a,->,b082be08-b2bb-4294-9da4-b4e3e2ce4bf8,java/lang/Class.java,getName
b082be08-b2bb-4294-9da4-b4e3e2ce4bf8,4be56386-7098-48c1-b57d-f62e34e5af5b,0518ba98-47c5-48fb-812f-15cf6a2a094a,->,b082be08-b2bb-4294-9da4-b4e3e2ce4bf8,java/util/logging/Logger.java,getLogger
b082be08-b2bb-4294-9da4-b4e3e2ce4bf8,4be56386-7098-48c1-b57d-f62e34e5af5b,0518ba98-47c5-48fb-812f-15cf6a2a094a,->,b082be08-b2bb-4294-9da4-b4e3e2ce4bf8,java/util/logging/Logger.java,log
b082be08-b2bb-4294-9da4-b4e3e2ce4bf8,1da59ded-b6e5-42ea-a018-48832e30e356,9eb009a1-8c1a-4759-9d75-821ac250af10,->,b082be08-b2bb-4294-9da4-b4e3e2ce4bf8,310e2f11-6510-4090-8a02-981709e51728,649f912d-e79c-41a9-95c1-84636dc2d5f7
b082be08-b2bb-4294-9da4-b4e3e2ce4bf8,1da59ded-b6e5-42ea-a018-48832e30e356,25935ef4-a69c-4f7c-8d79-317317456e48,->,b082be08-b2bb-4294-9da4-b4e3e2ce4bf8,310e2f11-6510-4090-8a02-981709e51728,bd6d8298-ae52-4ec2-be93-517b8d98ffd4
b082be08-b2bb-4294-9da4-b4e3e2ce4bf8,1da59ded-b6e5-42ea-a018-48832e30e356,d3703370-716b-4dc1-8e17-6b3c3d2cfccf,->,b082be08-b2bb-4294-9da4-b4e3e2ce4bf8,310e2f11-6510-4090-8a02-981709e51728,49b404a0-4cb9-423d-b44e-c364fd888219
b082be08-b2bb-4294-9da4-b4e3e2ce4bf8,1da59ded-b6e5-42ea-a018-48832e30e356,bf7c07b6-9a7d-4356-8d7c-7f21bad2cc75,->,b082be08-b2bb-4294-9da4-b4e3e2ce4bf8,310e2f11-6510-4090-8a02-981709e51728,653543e4-619c-4256-b2a9-36c8bc5caf2f
b082be08-b2bb-4294-9da4-b4e3e2ce4bf8,1da59ded-b6e5-42ea-a018-48832e30e356,aee254b9-186e-4daa-9c98-e3d9d6108b10,->,b082be08-b2bb-4294-9da4-b4e3e2ce4bf8,310e2f11-6510-4090-8a02-981709e51728,591e8536-d53f-4914-8c97-d8a17530f601
b082be08-b2bb-4294-9da4-b4e3e2ce4bf8,6699ced0-b169-4841-b47c-b1e17c70e50d,68f3f892-d731-44b4-9f69-2fa4b81f357e,->,b082be08-b2bb-4294-9da4-b4e3e2ce4bf8,83c13f06-4f99-42f2-ba8d-73b31d821102,b41b063d-c729-42f2-8efb-7a8a53ae26b9
b082be08-b2bb-4294-9da4-b4e3e2ce4bf8,6699ced0-b169-4841-b47c-b1e17c70e50d,68f3f892-d731-44b4-9f69-2fa4b81f357e,->,b082be08-b2bb-4294-9da4-b4e3e2ce4bf8,javafx/scene/Scene.java,getStylesheets
b082be08-b2bb-4294-9da4-b4e3e2ce4bf8,6699ced0-b169-4841-b47c-b1e17c70e50d,68f3f892-d731-44b4-9f69-2fa4b81f357e,->,b082be08-b2bb-4294-9da4-b4e3e2ce4bf8,javafx/collections/ObservableList.java,add
b082be08-b2bb-4294-9da4-b4e3e2ce4bf8,6699ced0-b169-4841-b47c-b1e17c70e50d,68f3f892-d731-44b4-9f69-2fa4b81f357e,->,b082be08-b2bb-4294-9da4-b4e3e2ce4bf8,javafx/stage/Stage.java,setScene
b082be08-b2bb-4294-9da4-b4e3e2ce4bf8,6699ced0-b169-4841-b47c-b1e17c70e50d,1c206602-b4e1-43eb-a793-06853b13ff82,->,b082be08-b2bb-4294-9da4-b4e3e2ce4bf8,1f10a23f-6099-439d-861f-be3fe9dcdd53,8033943e-ee0e-4056-bfc7-edc6bbf237f2
b082be08-b2bb-4294-9da4-b4e3e2ce4bf8,6699ced0-b169-4841-b47c-b1e17c70e50d,1c206602-b4e1-43eb-a793-06853b13ff82,->,b082be08-b2bb-4294-9da4-b4e3e2ce4bf8,javafx/scene/Scene.java,getStylesheets
b082be08-b2bb-4294-9da4-b4e3e2ce4bf8,6699ced0-b169-4841-b47c-b1e17c70e50d,1c206602-b4e1-43eb-a793-06853b13ff82,->,b082be08-b2bb-4294-9da4-b4e3e2ce4bf8,javafx/collections/ObservableList.java,add
b082be08-b2bb-4294-9da4-b4e3e2ce4bf8,6699ced0-b169-4841-b47c-b1e17c70e50d,1c206602-b4e1-43eb-a793-06853b13ff82,->,b082be08-b2bb-4294-9da4-b4e3e2ce4bf8,javafx/stage/Stage.java,setScene
b082be08-b2bb-4294-9da4-b4e3e2ce4bf8,6699ced0-b169-4841-b47c-b1e17c70e50d,1c206602-b4e1-43eb-a793-06853b13ff82,->,b082be08-b2bb-4294-9da4-b4e3e2ce4bf8,javafx/stage/Stage.java,show
b082be08-b2bb-4294-9da4-b4e3e2ce4bf8,6699ced0-b169-4841-b47c-b1e17c70e50d,fd783af3-1250-4915-97cd-75d9ba1d4ca2,->,b082be08-b2bb-4294-9da4-b4e3e2ce4bf8,e0792c0b-474a-4d90-9110-5e57be89abbc,45b2a132-696e-408a-820b-bc19c8b08a26
b082be08-b2bb-4294-9da4-b4e3e2ce4bf8,6699ced0-b169-4841-b47c-b1e17c70e50d,fd783af3-1250-4915-97cd-75d9ba1d4ca2,->,b082be08-b2bb-4294-9da4-b4e3e2ce4bf8,javafx/scene/Scene.java,getStylesheets
b082be08-b2bb-4294-9da4-b4e3e2ce4bf8,6699ced0-b169-4841-b47c-b1e17c70e50d,fd783af3-1250-4915-97cd-75d9ba1d4ca2,->,b082be08-b2bb-4294-9da4-b4e3e2ce4bf8,javafx/collections/ObservableList.java,add
b082be08-b2bb-4294-9da4-b4e3e2ce4bf8,6699ced0-b169-4841-b47c-b1e17c70e50d,fd783af3-1250-4915-97cd-75d9ba1d4ca2,->,b082be08-b2bb-4294-9da4-b4e3e2ce4bf8,javafx/stage/Stage.java,setScene
b082be08-b2bb-4294-9da4-b4e3e2ce4bf8,6699ced0-b169-4841-b47c-b1e17c70e50d,fd783af3-1250-4915-97cd-75d9ba1d4ca2,->,b082be08-b2bb-4294-9da4-b4e3e2ce4bf8,javafx/stage/Stage.java,show
b082be08-b2bb-4294-9da4-b4e3e2ce4bf8,6699ced0-b169-4841-b47c-b1e17c70e50d,87577f8a-f683-4b58-9c5c-8ed3a0e6cd68,->,b082be08-b2bb-4294-9da4-b4e3e2ce4bf8,c8218d10-f3bc-4d1c-837a-15a4ab914091,5ca613ef-85b8-4aa0-a87c-d3ef8aad1c0b
b082be08-b2bb-4294-9da4-b4e3e2ce4bf8,6699ced0-b169-4841-b47c-b1e17c70e50d,87577f8a-f683-4b58-9c5c-8ed3a0e6cd68,->,b082be08-b2bb-4294-9da4-b4e3e2ce4bf8,c8218d10-f3bc-4d1c-837a-15a4ab914091,558ea99b-8303-4a2c-a6f5-54bbdc88a695
b082be08-b2bb-4294-9da4-b4e3e2ce4bf8,6699ced0-b169-4841-b47c-b1e17c70e50d,87577f8a-f683-4b58-9c5c-8ed3a0e6cd68,->,b082be08-b2bb-4294-9da4-b4e3e2ce4bf8,c8218d10-f3bc-4d1c-837a-15a4ab914091,6babc975-6d66-49ac-942b-202d9175c8c0
b082be08-b2bb-4294-9da4-b4e3e2ce4bf8,6699ced0-b169-4841-b47c-b1e17c70e50d,87577f8a-f683-4b58-9c5c-8ed3a0e6cd68,->,b082be08-b2bb-4294-9da4-b4e3e2ce4bf8,6699ced0-b169-4841-b47c-b1e17c70e50d,20d84896-6702-47e5-a943-0fa2a30cf7f6
b082be08-b2bb-4294-9da4-b4e3e2ce4bf8,6699ced0-b169-4841-b47c-b1e17c70e50d,87577f8a-f683-4b58-9c5c-8ed3a0e6cd68,->,b082be08-b2bb-4294-9da4-b4e3e2ce4bf8,eef00aad-ff88-4346-8e0a-9ddcd2e5d456,33f3ccd4-fe55-4dd8-b293-3915cc5192aa
b082be08-b2bb-4294-9da4-b4e3e2ce4bf8,6699ced0-b169-4841-b47c-b1e17c70e50d,87577f8a-f683-4b58-9c5c-8ed3a0e6cd68,->,b082be08-b2bb-4294-9da4-b4e3e2ce4bf8,javafx/scene/Scene.java,getStylesheets
b082be08-b2bb-4294-9da4-b4e3e2ce4bf8,6699ced0-b169-4841-b47c-b1e17c70e50d,87577f8a-f683-4b58-9c5c-8ed3a0e6cd68,->,b082be08-b2bb-4294-9da4-b4e3e2ce4bf8,javafx/collections/ObservableList.java,add
b082be08-b2bb-4294-9da4-b4e3e2ce4bf8,6699ced0-b169-4841-b47c-b1e17c70e50d,87577f8a-f683-4b58-9c5c-8ed3a0e6cd68,->,b082be08-b2bb-4294-9da4-b4e3e2ce4bf8,javafx/stage/Stage.java,setScene
b082be08-b2bb-4294-9da4-b4e3e2ce4bf8,6699ced0-b169-4841-b47c-b1e17c70e50d,87577f8a-f683-4b58-9c5c-8ed3a0e6cd68,->,b082be08-b2bb-4294-9da4-b4e3e2ce4bf8,javafx/stage/Stage.java,show
b082be08-b2bb-4294-9da4-b4e3e2ce4bf8,6699ced0-b169-4841-b47c-b1e17c70e50d,ed9ff4aa-9d4b-4d83-9159-293b5e8c64fa,->,b082be08-b2bb-4294-9da4-b4e3e2ce4bf8,1adb2a02-8fd1-4283-9a1a-9c26f0772808,0b45fc42-d8c2-47fa-a5e2-a5329764c4a3
b082be08-b2bb-4294-9da4-b4e3e2ce4bf8,6699ced0-b169-4841-b47c-b1e17c70e50d,ed9ff4aa-9d4b-4d83-9159-293b5e8c64fa,->,b082be08-b2bb-4294-9da4-b4e3e2ce4bf8,javafx/scene/Scene.java,getStylesheets
b082be08-b2bb-4294-9da4-b4e3e2ce4bf8,6699ced0-b169-4841-b47c-b1e17c70e50d,ed9ff4aa-9d4b-4d83-9159-293b5e8c64fa,->,b082be08-b2bb-4294-9da4-b4e3e2ce4bf8,javafx/collections/ObservableList.java,add
b082be08-b2bb-4294-9da4-b4e3e2ce4bf8,6699ced0-b169-4841-b47c-b1e17c70e50d,ed9ff4aa-9d4b-4d83-9159-293b5e8c64fa,->,b082be08-b2bb-4294-9da4-b4e3e2ce4bf8,javafx/stage/Stage.java,setScene
b082be08-b2bb-4294-9da4-b4e3e2ce4bf8,6699ced0-b169-4841-b47c-b1e17c70e50d,ed9ff4aa-9d4b-4d83-9159-293b5e8c64fa,->,b082be08-b2bb-4294-9da4-b4e3e2ce4bf8,javafx/stage/Stage.java,show
b082be08-b2bb-4294-9da4-b4e3e2ce4bf8,5003c506-4552-4120-90bd-f3b080410607,fbab0024-5c64-45a7-b565-5f7880af30b4,->,b082be08-b2bb-4294-9da4-b4e3e2ce4bf8,java/util/LinkedList.java,add
b082be08-b2bb-4294-9da4-b4e3e2ce4bf8,81ffa797-a09b-49d8-be6f-fd2078a812f9,8d3fc470-8b72-4591-8fc4-09f37ffa88c2,->,b082be08-b2bb-4294-9da4-b4e3e2ce4bf8,6699ced0-b169-4841-b47c-b1e17c70e50d,68f3f892-d731-44b4-9f69-2fa4b81f357e
b082be08-b2bb-4294-9da4-b4e3e2ce4bf8,81ffa797-a09b-49d8-be6f-fd2078a812f9,8d3fc470-8b72-4591-8fc4-09f37ffa88c2,->,b082be08-b2bb-4294-9da4-b4e3e2ce4bf8,javafx/stage/Stage.java,show
b082be08-b2bb-4294-9da4-b4e3e2ce4bf8,81ffa797-a09b-49d8-be6f-fd2078a812f9,d97454a0-c184-4815-9120-90ef356ee9a6,->,b082be08-b2bb-4294-9da4-b4e3e2ce4bf8,ControladorPrincipal/ProyectoBases.java,launch
b082be08-b2bb-4294-9da4-b4e3e2ce4bf8,Vista/PantallaPrincipal$1.java,handle,->,b082be08-b2bb-4294-9da4-b4e3e2ce4bf8,java/io/PrintStream.java,println
b082be08-b2bb-4294-9da4-b4e3e2ce4bf8,Vista/PantallaPrincipal$1.java,handle,->,b082be08-b2bb-4294-9da4-b4e3e2ce4bf8,Vista/PantallaPrincipal$1.java,handle
b082be08-b2bb-4294-9da4-b4e3e2ce4bf8,1f10a23f-6099-439d-861f-be3fe9dcdd53,8033943e-ee0e-4056-bfc7-edc6bbf237f2,->,b082be08-b2bb-4294-9da4-b4e3e2ce4bf8,javafx/scene/layout/GridPane.java,setAlignment
b082be08-b2bb-4294-9da4-b4e3e2ce4bf8,1f10a23f-6099-439d-861f-be3fe9dcdd53,8033943e-ee0e-4056-bfc7-edc6bbf237f2,->,b082be08-b2bb-4294-9da4-b4e3e2ce4bf8,javafx/scene/layout/GridPane.java,setHgap
b082be08-b2bb-4294-9da4-b4e3e2ce4bf8,1f10a23f-6099-439d-861f-be3fe9dcdd53,8033943e-ee0e-4056-bfc7-edc6bbf237f2,->,b082be08-b2bb-4294-9da4-b4e3e2ce4bf8,javafx/scene/layout/GridPane.java,setVgap
b082be08-b2bb-4294-9da4-b4e3e2ce4bf8,1f10a23f-6099-439d-861f-be3fe9dcdd53,8033943e-ee0e-4056-bfc7-edc6bbf237f2,->,b082be08-b2bb-4294-9da4-b4e3e2ce4bf8,javafx/scene/layout/GridPane.java,setPadding
b082be08-b2bb-4294-9da4-b4e3e2ce4bf8,1f10a23f-6099-439d-861f-be3fe9dcdd53,8033943e-ee0e-4056-bfc7-edc6bbf237f2,->,b082be08-b2bb-4294-9da4-b4e3e2ce4bf8,javafx/scene/layout/GridPane.java,add
b082be08-b2bb-4294-9da4-b4e3e2ce4bf8,1f10a23f-6099-439d-861f-be3fe9dcdd53,8033943e-ee0e-4056-bfc7-edc6bbf237f2,->,b082be08-b2bb-4294-9da4-b4e3e2ce4bf8,javafx/scene/layout/GridPane.java,add
b082be08-b2bb-4294-9da4-b4e3e2ce4bf8,1f10a23f-6099-439d-861f-be3fe9dcdd53,8033943e-ee0e-4056-bfc7-edc6bbf237f2,->,b082be08-b2bb-4294-9da4-b4e3e2ce4bf8,javafx/scene/layout/GridPane.java,add
b082be08-b2bb-4294-9da4-b4e3e2ce4bf8,1f10a23f-6099-439d-861f-be3fe9dcdd53,8033943e-ee0e-4056-bfc7-edc6bbf237f2,->,b082be08-b2bb-4294-9da4-b4e3e2ce4bf8,javafx/scene/layout/GridPane.java,add
b082be08-b2bb-4294-9da4-b4e3e2ce4bf8,1f10a23f-6099-439d-861f-be3fe9dcdd53,8033943e-ee0e-4056-bfc7-edc6bbf237f2,->,b082be08-b2bb-4294-9da4-b4e3e2ce4bf8,javafx/scene/layout/GridPane.java,add
b082be08-b2bb-4294-9da4-b4e3e2ce4bf8,1f10a23f-6099-439d-861f-be3fe9dcdd53,8033943e-ee0e-4056-bfc7-edc6bbf237f2,->,b082be08-b2bb-4294-9da4-b4e3e2ce4bf8,javafx/scene/control/Button.java,setOnAction
b082be08-b2bb-4294-9da4-b4e3e2ce4bf8,1f10a23f-6099-439d-861f-be3fe9dcdd53,8033943e-ee0e-4056-bfc7-edc6bbf237f2,->,b082be08-b2bb-4294-9da4-b4e3e2ce4bf8,javafx/scene/control/Button.java,setOnAction
b082be08-b2bb-4294-9da4-b4e3e2ce4bf8,1f10a23f-6099-439d-861f-be3fe9dcdd53,8033943e-ee0e-4056-bfc7-edc6bbf237f2,->,b082be08-b2bb-4294-9da4-b4e3e2ce4bf8,javafx/scene/layout/HBox.java,setAlignment
b082be08-b2bb-4294-9da4-b4e3e2ce4bf8,1f10a23f-6099-439d-861f-be3fe9dcdd53,8033943e-ee0e-4056-bfc7-edc6bbf237f2,->,b082be08-b2bb-4294-9da4-b4e3e2ce4bf8,javafx/scene/layout/HBox.java,getChildren
b082be08-b2bb-4294-9da4-b4e3e2ce4bf8,1f10a23f-6099-439d-861f-be3fe9dcdd53,8033943e-ee0e-4056-bfc7-edc6bbf237f2,->,b082be08-b2bb-4294-9da4-b4e3e2ce4bf8,javafx/collections/ObservableList.java,addAll
b082be08-b2bb-4294-9da4-b4e3e2ce4bf8,1f10a23f-6099-439d-861f-be3fe9dcdd53,8033943e-ee0e-4056-bfc7-edc6bbf237f2,->,b082be08-b2bb-4294-9da4-b4e3e2ce4bf8,javafx/scene/layout/GridPane.java,add
b082be08-b2bb-4294-9da4-b4e3e2ce4bf8,1f10a23f-6099-439d-861f-be3fe9dcdd53,8033943e-ee0e-4056-bfc7-edc6bbf237f2,->,b082be08-b2bb-4294-9da4-b4e3e2ce4bf8,javafx/scene/layout/BorderPane.java,setCenter
b082be08-b2bb-4294-9da4-b4e3e2ce4bf8,1f10a23f-6099-439d-861f-be3fe9dcdd53,8033943e-ee0e-4056-bfc7-edc6bbf237f2,->,b082be08-b2bb-4294-9da4-b4e3e2ce4bf8,616b0ee4-72a6-4f30-9a3d-fbb5096d63b5,7b01aa71-168e-4c8c-8b51-4c0806e0cf21
b082be08-b2bb-4294-9da4-b4e3e2ce4bf8,1f10a23f-6099-439d-861f-be3fe9dcdd53,8033943e-ee0e-4056-bfc7-edc6bbf237f2,->,b082be08-b2bb-4294-9da4-b4e3e2ce4bf8,javafx/scene/layout/BorderPane.java,setTop
b082be08-b2bb-4294-9da4-b4e3e2ce4bf8,83c13f06-4f99-42f2-ba8d-73b31d821102,b84561e2-4467-4670-a0e2-f9f0b270ff14,->,b082be08-b2bb-4294-9da4-b4e3e2ce4bf8,javafx/scene/control/Button.java,getStyleClass
b082be08-b2bb-4294-9da4-b4e3e2ce4bf8,83c13f06-4f99-42f2-ba8d-73b31d821102,b84561e2-4467-4670-a0e2-f9f0b270ff14,->,b082be08-b2bb-4294-9da4-b4e3e2ce4bf8,javafx/collections/ObservableList.java,add
b082be08-b2bb-4294-9da4-b4e3e2ce4bf8,83c13f06-4f99-42f2-ba8d-73b31d821102,b84561e2-4467-4670-a0e2-f9f0b270ff14,->,b082be08-b2bb-4294-9da4-b4e3e2ce4bf8,javafx/scene/control/Button.java,setPrefSize
b082be08-b2bb-4294-9da4-b4e3e2ce4bf8,83c13f06-4f99-42f2-ba8d-73b31d821102,b84561e2-4467-4670-a0e2-f9f0b270ff14,->,b082be08-b2bb-4294-9da4-b4e3e2ce4bf8,javafx/scene/control/Button.java,setOnAction
b082be08-b2bb-4294-9da4-b4e3e2ce4bf8,83c13f06-4f99-42f2-ba8d-73b31d821102,b84561e2-4467-4670-a0e2-f9f0b270ff14,->,b082be08-b2bb-4294-9da4-b4e3e2ce4bf8,javafx/scene/control/Button.java,getStyleClass
b082be08-b2bb-4294-9da4-b4e3e2ce4bf8,83c13f06-4f99-42f2-ba8d-73b31d821102,b84561e2-4467-4670-a0e2-f9f0b270ff14,->,b082be08-b2bb-4294-9da4-b4e3e2ce4bf8,javafx/collections/ObservableList.java,add
b082be08-b2bb-4294-9da4-b4e3e2ce4bf8,83c13f06-4f99-42f2-ba8d-73b31d821102,b84561e2-4467-4670-a0e2-f9f0b270ff14,->,b082be08-b2bb-4294-9da4-b4e3e2ce4bf8,javafx/scene/layout/HBox.java,setPadding
b082be08-b2bb-4294-9da4-b4e3e2ce4bf8,83c13f06-4f99-42f2-ba8d-73b31d821102,b84561e2-4467-4670-a0e2-f9f0b270ff14,->,b082be08-b2bb-4294-9da4-b4e3e2ce4bf8,javafx/scene/layout/HBox.java,setSpacing
b082be08-b2bb-4294-9da4-b4e3e2ce4bf8,83c13f06-4f99-42f2-ba8d-73b31d821102,b84561e2-4467-4670-a0e2-f9f0b270ff14,->,b082be08-b2bb-4294-9da4-b4e3e2ce4bf8,javafx/scene/layout/HBox.java,getChildren
b082be08-b2bb-4294-9da4-b4e3e2ce4bf8,83c13f06-4f99-42f2-ba8d-73b31d821102,b84561e2-4467-4670-a0e2-f9f0b270ff14,->,b082be08-b2bb-4294-9da4-b4e3e2ce4bf8,javafx/collections/ObservableList.java,addAll
b082be08-b2bb-4294-9da4-b4e3e2ce4bf8,83c13f06-4f99-42f2-ba8d-73b31d821102,b84561e2-4467-4670-a0e2-f9f0b270ff14,->,b082be08-b2bb-4294-9da4-b4e3e2ce4bf8,javafx/scene/layout/AnchorPane.java,getChildren
b082be08-b2bb-4294-9da4-b4e3e2ce4bf8,83c13f06-4f99-42f2-ba8d-73b31d821102,b84561e2-4467-4670-a0e2-f9f0b270ff14,->,b082be08-b2bb-4294-9da4-b4e3e2ce4bf8,javafx/collections/ObservableList.java,addAll
b082be08-b2bb-4294-9da4-b4e3e2ce4bf8,83c13f06-4f99-42f2-ba8d-73b31d821102,b84561e2-4467-4670-a0e2-f9f0b270ff14,->,b082be08-b2bb-4294-9da4-b4e3e2ce4bf8,java/lang/Double.java,valueOf
b082be08-b2bb-4294-9da4-b4e3e2ce4bf8,83c13f06-4f99-42f2-ba8d-73b31d821102,b84561e2-4467-4670-a0e2-f9f0b270ff14,->,b082be08-b2bb-4294-9da4-b4e3e2ce4bf8,javafx/scene/layout/AnchorPane.java,setBottomAnchor
b082be08-b2bb-4294-9da4-b4e3e2ce4bf8,83c13f06-4f99-42f2-ba8d-73b31d821102,b84561e2-4467-4670-a0e2-f9f0b270ff14,->,b082be08-b2bb-4294-9da4-b4e3e2ce4bf8,java/lang/Double.java,valueOf
b082be08-b2bb-4294-9da4-b4e3e2ce4bf8,83c13f06-4f99-42f2-ba8d-73b31d821102,b84561e2-4467-4670-a0e2-f9f0b270ff14,->,b082be08-b2bb-4294-9da4-b4e3e2ce4bf8,javafx/scene/layout/AnchorPane.java,setRightAnchor
b082be08-b2bb-4294-9da4-b4e3e2ce4bf8,83c13f06-4f99-42f2-ba8d-73b31d821102,7fd4d49d-bf02-43bb-917c-d396f7200765,->,b082be08-b2bb-4294-9da4-b4e3e2ce4bf8,javafx/scene/text/Font.java,loadFont
b082be08-b2bb-4294-9da4-b4e3e2ce4bf8,83c13f06-4f99-42f2-ba8d-73b31d821102,7fd4d49d-bf02-43bb-917c-d396f7200765,->,b082be08-b2bb-4294-9da4-b4e3e2ce4bf8,javafx/scene/text/Text.java,setFont
b082be08-b2bb-4294-9da4-b4e3e2ce4bf8,83c13f06-4f99-42f2-ba8d-73b31d821102,7fd4d49d-bf02-43bb-917c-d396f7200765,->,b082be08-b2bb-4294-9da4-b4e3e2ce4bf8,javafx/scene/text/Text.java,setFill
b082be08-b2bb-4294-9da4-b4e3e2ce4bf8,83c13f06-4f99-42f2-ba8d-73b31d821102,7fd4d49d-bf02-43bb-917c-d396f7200765,->,b082be08-b2bb-4294-9da4-b4e3e2ce4bf8,javafx/scene/effect/Blend.java,setMode
b082be08-b2bb-4294-9da4-b4e3e2ce4bf8,83c13f06-4f99-42f2-ba8d-73b31d821102,7fd4d49d-bf02-43bb-917c-d396f7200765,->,b082be08-b2bb-4294-9da4-b4e3e2ce4bf8,javafx/scene/paint/Color.java,rgb
b082be08-b2bb-4294-9da4-b4e3e2ce4bf8,83c13f06-4f99-42f2-ba8d-73b31d821102,7fd4d49d-bf02-43bb-917c-d396f7200765,->,b082be08-b2bb-4294-9da4-b4e3e2ce4bf8,javafx/scene/effect/DropShadow.java,setColor
b082be08-b2bb-4294-9da4-b4e3e2ce4bf8,83c13f06-4f99-42f2-ba8d-73b31d821102,7fd4d49d-bf02-43bb-917c-d396f7200765,->,b082be08-b2bb-4294-9da4-b4e3e2ce4bf8,javafx/scene/effect/DropShadow.java,setOffsetX
b082be08-b2bb-4294-9da4-b4e3e2ce4bf8,83c13f06-4f99-42f2-ba8d-73b31d821102,7fd4d49d-bf02-43bb-917c-d396f7200765,->,b082be08-b2bb-4294-9da4-b4e3e2ce4bf8,javafx/scene/effect/DropShadow.java,setOffsetY
b082be08-b2bb-4294-9da4-b4e3e2ce4bf8,83c13f06-4f99-42f2-ba8d-73b31d821102,7fd4d49d-bf02-43bb-917c-d396f7200765,->,b082be08-b2bb-4294-9da4-b4e3e2ce4bf8,javafx/scene/effect/DropShadow.java,setRadius
b082be08-b2bb-4294-9da4-b4e3e2ce4bf8,83c13f06-4f99-42f2-ba8d-73b31d821102,7fd4d49d-bf02-43bb-917c-d396f7200765,->,b082be08-b2bb-4294-9da4-b4e3e2ce4bf8,javafx/scene/effect/DropShadow.java,setSpread
b082be08-b2bb-4294-9da4-b4e3e2ce4bf8,83c13f06-4f99-42f2-ba8d-73b31d821102,7fd4d49d-bf02-43bb-917c-d396f7200765,->,b082be08-b2bb-4294-9da4-b4e3e2ce4bf8,javafx/scene/effect/Blend.java,setBottomInput
b082be08-b2bb-4294-9da4-b4e3e2ce4bf8,83c13f06-4f99-42f2-ba8d-73b31d821102,7fd4d49d-bf02-43bb-917c-d396f7200765,->,b082be08-b2bb-4294-9da4-b4e3e2ce4bf8,javafx/scene/paint/Color.java,web
b082be08-b2bb-4294-9da4-b4e3e2ce4bf8,83c13f06-4f99-42f2-ba8d-73b31d821102,7fd4d49d-bf02-43bb-917c-d396f7200765,->,b082be08-b2bb-4294-9da4-b4e3e2ce4bf8,javafx/scene/effect/DropShadow.java,setColor
b082be08-b2bb-4294-9da4-b4e3e2ce4bf8,83c13f06-4f99-42f2-ba8d-73b31d821102,7fd4d49d-bf02-43bb-917c-d396f7200765,->,b082be08-b2bb-4294-9da4-b4e3e2ce4bf8,javafx/scene/effect/DropShadow.java,setRadius
b082be08-b2bb-4294-9da4-b4e3e2ce4bf8,83c13f06-4f99-42f2-ba8d-73b31d821102,7fd4d49d-bf02-43bb-917c-d396f7200765,->,b082be08-b2bb-4294-9da4-b4e3e2ce4bf8,javafx/scene/effect/DropShadow.java,setSpread
b082be08-b2bb-4294-9da4-b4e3e2ce4bf8,83c13f06-4f99-42f2-ba8d-73b31d821102,7fd4d49d-bf02-43bb-917c-d396f7200765,->,b082be08-b2bb-4294-9da4-b4e3e2ce4bf8,javafx/scene/effect/Blend.java,setMode
b082be08-b2bb-4294-9da4-b4e3e2ce4bf8,83c13f06-4f99-42f2-ba8d-73b31d821102,7fd4d49d-bf02-43bb-917c-d396f7200765,->,b082be08-b2bb-4294-9da4-b4e3e2ce4bf8,javafx/scene/paint/Color.java,web
b082be08-b2bb-4294-9da4-b4e3e2ce4bf8,83c13f06-4f99-42f2-ba8d-73b31d821102,7fd4d49d-bf02-43bb-917c-d396f7200765,->,b082be08-b2bb-4294-9da4-b4e3e2ce4bf8,javafx/scene/effect/InnerShadow.java,setColor
b082be08-b2bb-4294-9da4-b4e3e2ce4bf8,83c13f06-4f99-42f2-ba8d-73b31d821102,7fd4d49d-bf02-43bb-917c-d396f7200765,->,b082be08-b2bb-4294-9da4-b4e3e2ce4bf8,javafx/scene/effect/InnerShadow.java,setRadius
b082be08-b2bb-4294-9da4-b4e3e2ce4bf8,83c13f06-4f99-42f2-ba8d-73b31d821102,7fd4d49d-bf02-43bb-917c-d396f7200765,->,b082be08-b2bb-4294-9da4-b4e3e2ce4bf8,javafx/scene/effect/InnerShadow.java,setChoke
b082be08-b2bb-4294-9da4-b4e3e2ce4bf8,83c13f06-4f99-42f2-ba8d-73b31d821102,7fd4d49d-bf02-43bb-917c-d396f7200765,->,b082be08-b2bb-4294-9da4-b4e3e2ce4bf8,javafx/scene/effect/Blend.java,setBottomInput
b082be08-b2bb-4294-9da4-b4e3e2ce4bf8,83c13f06-4f99-42f2-ba8d-73b31d821102,7fd4d49d-bf02-43bb-917c-d396f7200765,->,b082be08-b2bb-4294-9da4-b4e3e2ce4bf8,javafx/scene/paint/Color.java,web
b082be08-b2bb-4294-9da4-b4e3e2ce4bf8,83c13f06-4f99-42f2-ba8d-73b31d821102,7fd4d49d-bf02-43bb-917c-d396f7200765,->,b082be08-b2bb-4294-9da4-b4e3e2ce4bf8,javafx/scene/effect/InnerShadow.java,setColor
b082be08-b2bb-4294-9da4-b4e3e2ce4bf8,83c13f06-4f99-42f2-ba8d-73b31d821102,7fd4d49d-bf02-43bb-917c-d396f7200765,->,b082be08-b2bb-4294-9da4-b4e3e2ce4bf8,javafx/scene/effect/InnerShadow.java,setRadius
b082be08-b2bb-4294-9da4-b4e3e2ce4bf8,83c13f06-4f99-42f2-ba8d-73b31d821102,7fd4d49d-bf02-43bb-917c-d396f7200765,->,b082be08-b2bb-4294-9da4-b4e3e2ce4bf8,javafx/scene/effect/InnerShadow.java,setChoke
b082be08-b2bb-4294-9da4-b4e3e2ce4bf8,83c13f06-4f99-42f2-ba8d-73b31d821102,7fd4d49d-bf02-43bb-917c-d396f7200765,->,b082be08-b2bb-4294-9da4-b4e3e2ce4bf8,javafx/scene/effect/Blend.java,setTopInput
b082be08-b2bb-4294-9da4-b4e3e2ce4bf8,83c13f06-4f99-42f2-ba8d-73b31d821102,7fd4d49d-bf02-43bb-917c-d396f7200765,->,b082be08-b2bb-4294-9da4-b4e3e2ce4bf8,javafx/scene/effect/Blend.java,setMode
b082be08-b2bb-4294-9da4-b4e3e2ce4bf8,83c13f06-4f99-42f2-ba8d-73b31d821102,7fd4d49d-bf02-43bb-917c-d396f7200765,->,b082be08-b2bb-4294-9da4-b4e3e2ce4bf8,javafx/scene/effect/Blend.java,setBottomInput
b082be08-b2bb-4294-9da4-b4e3e2ce4bf8,83c13f06-4f99-42f2-ba8d-73b31d821102,7fd4d49d-bf02-43bb-917c-d396f7200765,->,b082be08-b2bb-4294-9da4-b4e3e2ce4bf8,javafx/scene/effect/Blend.java,setTopInput
b082be08-b2bb-4294-9da4-b4e3e2ce4bf8,83c13f06-4f99-42f2-ba8d-73b31d821102,7fd4d49d-bf02-43bb-917c-d396f7200765,->,b082be08-b2bb-4294-9da4-b4e3e2ce4bf8,javafx/scene/effect/Blend.java,setTopInput
b082be08-b2bb-4294-9da4-b4e3e2ce4bf8,83c13f06-4f99-42f2-ba8d-73b31d821102,7fd4d49d-bf02-43bb-917c-d396f7200765,->,b082be08-b2bb-4294-9da4-b4e3e2ce4bf8,javafx/scene/effect/Reflection.java,setInput
b082be08-b2bb-4294-9da4-b4e3e2ce4bf8,83c13f06-4f99-42f2-ba8d-73b31d821102,7fd4d49d-bf02-43bb-917c-d396f7200765,->,b082be08-b2bb-4294-9da4-b4e3e2ce4bf8,javafx/scene/effect/Reflection.java,setFraction
b082be08-b2bb-4294-9da4-b4e3e2ce4bf8,83c13f06-4f99-42f2-ba8d-73b31d821102,7fd4d49d-bf02-43bb-917c-d396f7200765,->,b082be08-b2bb-4294-9da4-b4e3e2ce4bf8,javafx/scene/text/Text.java,setEffect
b082be08-b2bb-4294-9da4-b4e3e2ce4bf8,616b0ee4-72a6-4f30-9a3d-fbb5096d63b5,7b01aa71-168e-4c8c-8b51-4c0806e0cf21,->,b082be08-b2bb-4294-9da4-b4e3e2ce4bf8,javafx/scene/text/Font.java,loadFont
b082be08-b2bb-4294-9da4-b4e3e2ce4bf8,616b0ee4-72a6-4f30-9a3d-fbb5096d63b5,7b01aa71-168e-4c8c-8b51-4c0806e0cf21,->,b082be08-b2bb-4294-9da4-b4e3e2ce4bf8,javafx/scene/text/Text.java,setFont
b082be08-b2bb-4294-9da4-b4e3e2ce4bf8,616b0ee4-72a6-4f30-9a3d-fbb5096d63b5,7b01aa71-168e-4c8c-8b51-4c0806e0cf21,->,b082be08-b2bb-4294-9da4-b4e3e2ce4bf8,javafx/scene/text/Text.java,setFill
b082be08-b2bb-4294-9da4-b4e3e2ce4bf8,616b0ee4-72a6-4f30-9a3d-fbb5096d63b5,7b01aa71-168e-4c8c-8b51-4c0806e0cf21,->,b082be08-b2bb-4294-9da4-b4e3e2ce4bf8,javafx/scene/text/Text.java,setEffect
b082be08-b2bb-4294-9da4-b4e3e2ce4bf8,e0792c0b-474a-4d90-9110-5e57be89abbc,45b2a132-696e-408a-820b-bc19c8b08a26,->,b082be08-b2bb-4294-9da4-b4e3e2ce4bf8,javafx/scene/layout/GridPane.java,setAlignment
b082be08-b2bb-4294-9da4-b4e3e2ce4bf8,e0792c0b-474a-4d90-9110-5e57be89abbc,45b2a132-696e-408a-820b-bc19c8b08a26,->,b082be08-b2bb-4294-9da4-b4e3e2ce4bf8,javafx/scene/layout/GridPane.java,setHgap
b082be08-b2bb-4294-9da4-b4e3e2ce4bf8,e0792c0b-474a-4d90-9110-5e57be89abbc,45b2a132-696e-408a-820b-bc19c8b08a26,->,b082be08-b2bb-4294-9da4-b4e3e2ce4bf8,javafx/scene/layout/GridPane.java,setVgap
b082be08-b2bb-4294-9da4-b4e3e2ce4bf8,e0792c0b-474a-4d90-9110-5e57be89abbc,45b2a132-696e-408a-820b-bc19c8b08a26,->,b082be08-b2bb-4294-9da4-b4e3e2ce4bf8,javafx/scene/layout/GridPane.java,setPadding
b082be08-b2bb-4294-9da4-b4e3e2ce4bf8,e0792c0b-474a-4d90-9110-5e57be89abbc,45b2a132-696e-408a-820b-bc19c8b08a26,->,b082be08-b2bb-4294-9da4-b4e3e2ce4bf8,javafx/scene/layout/GridPane.java,add
b082be08-b2bb-4294-9da4-b4e3e2ce4bf8,e0792c0b-474a-4d90-9110-5e57be89abbc,45b2a132-696e-408a-820b-bc19c8b08a26,->,b082be08-b2bb-4294-9da4-b4e3e2ce4bf8,javafx/scene/layout/GridPane.java,add
b082be08-b2bb-4294-9da4-b4e3e2ce4bf8,e0792c0b-474a-4d90-9110-5e57be89abbc,45b2a132-696e-408a-820b-bc19c8b08a26,->,b082be08-b2bb-4294-9da4-b4e3e2ce4bf8,javafx/scene/layout/GridPane.java,add
b082be08-b2bb-4294-9da4-b4e3e2ce4bf8,e0792c0b-474a-4d90-9110-5e57be89abbc,45b2a132-696e-408a-820b-bc19c8b08a26,->,b082be08-b2bb-4294-9da4-b4e3e2ce4bf8,javafx/scene/layout/GridPane.java,add
b082be08-b2bb-4294-9da4-b4e3e2ce4bf8,e0792c0b-474a-4d90-9110-5e57be89abbc,45b2a132-696e-408a-820b-bc19c8b08a26,->,b082be08-b2bb-4294-9da4-b4e3e2ce4bf8,javafx/scene/layout/GridPane.java,add
b082be08-b2bb-4294-9da4-b4e3e2ce4bf8,e0792c0b-474a-4d90-9110-5e57be89abbc,45b2a132-696e-408a-820b-bc19c8b08a26,->,b082be08-b2bb-4294-9da4-b4e3e2ce4bf8,javafx/scene/layout/GridPane.java,add
b082be08-b2bb-4294-9da4-b4e3e2ce4bf8,e0792c0b-474a-4d90-9110-5e57be89abbc,45b2a132-696e-408a-820b-bc19c8b08a26,->,b082be08-b2bb-4294-9da4-b4e3e2ce4bf8,javafx/scene/layout/GridPane.java,add
b082be08-b2bb-4294-9da4-b4e3e2ce4bf8,e0792c0b-474a-4d90-9110-5e57be89abbc,45b2a132-696e-408a-820b-bc19c8b08a26,->,b082be08-b2bb-4294-9da4-b4e3e2ce4bf8,javafx/scene/control/Button.java,setOnAction
b082be08-b2bb-4294-9da4-b4e3e2ce4bf8,e0792c0b-474a-4d90-9110-5e57be89abbc,45b2a132-696e-408a-820b-bc19c8b08a26,->,b082be08-b2bb-4294-9da4-b4e3e2ce4bf8,javafx/scene/control/Button.java,setOnAction
b082be08-b2bb-4294-9da4-b4e3e2ce4bf8,e0792c0b-474a-4d90-9110-5e57be89abbc,45b2a132-696e-408a-820b-bc19c8b08a26,->,b082be08-b2bb-4294-9da4-b4e3e2ce4bf8,javafx/scene/layout/HBox.java,setAlignment
b082be08-b2bb-4294-9da4-b4e3e2ce4bf8,e0792c0b-474a-4d90-9110-5e57be89abbc,45b2a132-696e-408a-820b-bc19c8b08a26,->,b082be08-b2bb-4294-9da4-b4e3e2ce4bf8,javafx/scene/layout/HBox.java,getChildren
b082be08-b2bb-4294-9da4-b4e3e2ce4bf8,e0792c0b-474a-4d90-9110-5e57be89abbc,45b2a132-696e-408a-820b-bc19c8b08a26,->,b082be08-b2bb-4294-9da4-b4e3e2ce4bf8,javafx/collections/ObservableList.java,addAll
b082be08-b2bb-4294-9da4-b4e3e2ce4bf8,e0792c0b-474a-4d90-9110-5e57be89abbc,45b2a132-696e-408a-820b-bc19c8b08a26,->,b082be08-b2bb-4294-9da4-b4e3e2ce4bf8,javafx/scene/layout/GridPane.java,add
b082be08-b2bb-4294-9da4-b4e3e2ce4bf8,e0792c0b-474a-4d90-9110-5e57be89abbc,45b2a132-696e-408a-820b-bc19c8b08a26,->,b082be08-b2bb-4294-9da4-b4e3e2ce4bf8,javafx/scene/layout/GridPane.java,setGridLinesVisible
b082be08-b2bb-4294-9da4-b4e3e2ce4bf8,e0792c0b-474a-4d90-9110-5e57be89abbc,45b2a132-696e-408a-820b-bc19c8b08a26,->,b082be08-b2bb-4294-9da4-b4e3e2ce4bf8,616b0ee4-72a6-4f30-9a3d-fbb5096d63b5,7b01aa71-168e-4c8c-8b51-4c0806e0cf21
b082be08-b2bb-4294-9da4-b4e3e2ce4bf8,e0792c0b-474a-4d90-9110-5e57be89abbc,45b2a132-696e-408a-820b-bc19c8b08a26,->,b082be08-b2bb-4294-9da4-b4e3e2ce4bf8,javafx/scene/layout/BorderPane.java,setTop
b082be08-b2bb-4294-9da4-b4e3e2ce4bf8,e0792c0b-474a-4d90-9110-5e57be89abbc,45b2a132-696e-408a-820b-bc19c8b08a26,->,b082be08-b2bb-4294-9da4-b4e3e2ce4bf8,javafx/scene/layout/BorderPane.java,setCenter
b082be08-b2bb-4294-9da4-b4e3e2ce4bf8,Vista/FormaPedido$3.java,handle,->,b082be08-b2bb-4294-9da4-b4e3e2ce4bf8,6699ced0-b169-4841-b47c-b1e17c70e50d,1c206602-b4e1-43eb-a793-06853b13ff82
b082be08-b2bb-4294-9da4-b4e3e2ce4bf8,Vista/FormaPedido$3.java,handle,->,b082be08-b2bb-4294-9da4-b4e3e2ce4bf8,Vista/FormaPedido$3.java,handle
b082be08-b2bb-4294-9da4-b4e3e2ce4bf8,Vista/IngresarUsuario$1.java,handle,->,b082be08-b2bb-4294-9da4-b4e3e2ce4bf8,javafx/scene/control/TextField.java,getText
b082be08-b2bb-4294-9da4-b4e3e2ce4bf8,Vista/IngresarUsuario$1.java,handle,->,b082be08-b2bb-4294-9da4-b4e3e2ce4bf8,1da59ded-b6e5-42ea-a018-48832e30e356,9eb009a1-8c1a-4759-9d75-821ac250af10
b082be08-b2bb-4294-9da4-b4e3e2ce4bf8,Vista/IngresarUsuario$1.java,handle,->,b082be08-b2bb-4294-9da4-b4e3e2ce4bf8,javafx/scene/control/TextField.java,getText
b082be08-b2bb-4294-9da4-b4e3e2ce4bf8,Vista/IngresarUsuario$1.java,handle,->,b082be08-b2bb-4294-9da4-b4e3e2ce4bf8,1da59ded-b6e5-42ea-a018-48832e30e356,aee254b9-186e-4daa-9c98-e3d9d6108b10
b082be08-b2bb-4294-9da4-b4e3e2ce4bf8,Vista/IngresarUsuario$1.java,handle,->,b082be08-b2bb-4294-9da4-b4e3e2ce4bf8,6699ced0-b169-4841-b47c-b1e17c70e50d,87577f8a-f683-4b58-9c5c-8ed3a0e6cd68
b082be08-b2bb-4294-9da4-b4e3e2ce4bf8,Vista/IngresarUsuario$1.java,handle,->,b082be08-b2bb-4294-9da4-b4e3e2ce4bf8,6699ced0-b169-4841-b47c-b1e17c70e50d,fd783af3-1250-4915-97cd-75d9ba1d4ca2
b082be08-b2bb-4294-9da4-b4e3e2ce4bf8,Vista/IngresarUsuario$1.java,handle,->,b082be08-b2bb-4294-9da4-b4e3e2ce4bf8,Vista/IngresarUsuario$1.java,handle
b082be08-b2bb-4294-9da4-b4e3e2ce4bf8,Vista/FormaRegistro$2.java,handle,->,b082be08-b2bb-4294-9da4-b4e3e2ce4bf8,6699ced0-b169-4841-b47c-b1e17c70e50d,1c206602-b4e1-43eb-a793-06853b13ff82
b082be08-b2bb-4294-9da4-b4e3e2ce4bf8,Vista/FormaRegistro$2.java,handle,->,b082be08-b2bb-4294-9da4-b4e3e2ce4bf8,Vista/FormaRegistro$2.java,handle
b082be08-b2bb-4294-9da4-b4e3e2ce4bf8,eef00aad-ff88-4346-8e0a-9ddcd2e5d456,33f3ccd4-fe55-4dd8-b293-3915cc5192aa,->,b082be08-b2bb-4294-9da4-b4e3e2ce4bf8,javafx/scene/layout/GridPane.java,setAlignment
b082be08-b2bb-4294-9da4-b4e3e2ce4bf8,eef00aad-ff88-4346-8e0a-9ddcd2e5d456,33f3ccd4-fe55-4dd8-b293-3915cc5192aa,->,b082be08-b2bb-4294-9da4-b4e3e2ce4bf8,javafx/scene/layout/GridPane.java,setHgap
b082be08-b2bb-4294-9da4-b4e3e2ce4bf8,eef00aad-ff88-4346-8e0a-9ddcd2e5d456,33f3ccd4-fe55-4dd8-b293-3915cc5192aa,->,b082be08-b2bb-4294-9da4-b4e3e2ce4bf8,javafx/scene/layout/GridPane.java,setVgap
b082be08-b2bb-4294-9da4-b4e3e2ce4bf8,eef00aad-ff88-4346-8e0a-9ddcd2e5d456,33f3ccd4-fe55-4dd8-b293-3915cc5192aa,->,b082be08-b2bb-4294-9da4-b4e3e2ce4bf8,javafx/scene/layout/GridPane.java,setPadding
b082be08-b2bb-4294-9da4-b4e3e2ce4bf8,eef00aad-ff88-4346-8e0a-9ddcd2e5d456,33f3ccd4-fe55-4dd8-b293-3915cc5192aa,->,b082be08-b2bb-4294-9da4-b4e3e2ce4bf8,javafx/scene/layout/GridPane.java,add
b082be08-b2bb-4294-9da4-b4e3e2ce4bf8,eef00aad-ff88-4346-8e0a-9ddcd2e5d456,33f3ccd4-fe55-4dd8-b293-3915cc5192aa,->,b082be08-b2bb-4294-9da4-b4e3e2ce4bf8,javafx/scene/layout/GridPane.java,add
b082be08-b2bb-4294-9da4-b4e3e2ce4bf8,eef00aad-ff88-4346-8e0a-9ddcd2e5d456,33f3ccd4-fe55-4dd8-b293-3915cc5192aa,->,b082be08-b2bb-4294-9da4-b4e3e2ce4bf8,c8218d10-f3bc-4d1c-837a-15a4ab914091,5ca613ef-85b8-4aa0-a87c-d3ef8aad1c0b
b082be08-b2bb-4294-9da4-b4e3e2ce4bf8,eef00aad-ff88-4346-8e0a-9ddcd2e5d456,33f3ccd4-fe55-4dd8-b293-3915cc5192aa,->,b082be08-b2bb-4294-9da4-b4e3e2ce4bf8,javafx/scene/layout/GridPane.java,add
b082be08-b2bb-4294-9da4-b4e3e2ce4bf8,eef00aad-ff88-4346-8e0a-9ddcd2e5d456,33f3ccd4-fe55-4dd8-b293-3915cc5192aa,->,b082be08-b2bb-4294-9da4-b4e3e2ce4bf8,javafx/scene/layout/GridPane.java,add
b082be08-b2bb-4294-9da4-b4e3e2ce4bf8,eef00aad-ff88-4346-8e0a-9ddcd2e5d456,33f3ccd4-fe55-4dd8-b293-3915cc5192aa,->,b082be08-b2bb-4294-9da4-b4e3e2ce4bf8,java/util/Date.java,toString
b082be08-b2bb-4294-9da4-b4e3e2ce4bf8,eef00aad-ff88-4346-8e0a-9ddcd2e5d456,33f3ccd4-fe55-4dd8-b293-3915cc5192aa,->,b082be08-b2bb-4294-9da4-b4e3e2ce4bf8,javafx/scene/layout/GridPane.java,add
b082be08-b2bb-4294-9da4-b4e3e2ce4bf8,eef00aad-ff88-4346-8e0a-9ddcd2e5d456,33f3ccd4-fe55-4dd8-b293-3915cc5192aa,->,b082be08-b2bb-4294-9da4-b4e3e2ce4bf8,javafx/scene/layout/GridPane.java,add
b082be08-b2bb-4294-9da4-b4e3e2ce4bf8,eef00aad-ff88-4346-8e0a-9ddcd2e5d456,33f3ccd4-fe55-4dd8-b293-3915cc5192aa,->,b082be08-b2bb-4294-9da4-b4e3e2ce4bf8,c8218d10-f3bc-4d1c-837a-15a4ab914091,6babc975-6d66-49ac-942b-202d9175c8c0
b082be08-b2bb-4294-9da4-b4e3e2ce4bf8,eef00aad-ff88-4346-8e0a-9ddcd2e5d456,33f3ccd4-fe55-4dd8-b293-3915cc5192aa,->,b082be08-b2bb-4294-9da4-b4e3e2ce4bf8,javafx/scene/layout/GridPane.java,add
b082be08-b2bb-4294-9da4-b4e3e2ce4bf8,eef00aad-ff88-4346-8e0a-9ddcd2e5d456,33f3ccd4-fe55-4dd8-b293-3915cc5192aa,->,b082be08-b2bb-4294-9da4-b4e3e2ce4bf8,javafx/scene/control/TextField.java,setPromptText
b082be08-b2bb-4294-9da4-b4e3e2ce4bf8,eef00aad-ff88-4346-8e0a-9ddcd2e5d456,33f3ccd4-fe55-4dd8-b293-3915cc5192aa,->,b082be08-b2bb-4294-9da4-b4e3e2ce4bf8,javafx/scene/layout/GridPane.java,add
b082be08-b2bb-4294-9da4-b4e3e2ce4bf8,eef00aad-ff88-4346-8e0a-9ddcd2e5d456,33f3ccd4-fe55-4dd8-b293-3915cc5192aa,->,b082be08-b2bb-4294-9da4-b4e3e2ce4bf8,javafx/scene/layout/GridPane.java,add
b082be08-b2bb-4294-9da4-b4e3e2ce4bf8,eef00aad-ff88-4346-8e0a-9ddcd2e5d456,33f3ccd4-fe55-4dd8-b293-3915cc5192aa,->,b082be08-b2bb-4294-9da4-b4e3e2ce4bf8,javafx/scene/layout/GridPane.java,add
b082be08-b2bb-4294-9da4-b4e3e2ce4bf8,eef00aad-ff88-4346-8e0a-9ddcd2e5d456,33f3ccd4-fe55-4dd8-b293-3915cc5192aa,->,b082be08-b2bb-4294-9da4-b4e3e2ce4bf8,javafx/scene/layout/GridPane.java,add
b082be08-b2bb-4294-9da4-b4e3e2ce4bf8,eef00aad-ff88-4346-8e0a-9ddcd2e5d456,33f3ccd4-fe55-4dd8-b293-3915cc5192aa,->,b082be08-b2bb-4294-9da4-b4e3e2ce4bf8,javafx/collections/FXCollections.java,observableArrayList
b082be08-b2bb-4294-9da4-b4e3e2ce4bf8,eef00aad-ff88-4346-8e0a-9ddcd2e5d456,33f3ccd4-fe55-4dd8-b293-3915cc5192aa,->,b082be08-b2bb-4294-9da4-b4e3e2ce4bf8,javafx/scene/control/ComboBox.java,setPromptText
b082be08-b2bb-4294-9da4-b4e3e2ce4bf8,eef00aad-ff88-4346-8e0a-9ddcd2e5d456,33f3ccd4-fe55-4dd8-b293-3915cc5192aa,->,b082be08-b2bb-4294-9da4-b4e3e2ce4bf8,javafx/scene/control/ComboBox.java,valueProperty
b082be08-b2bb-4294-9da4-b4e3e2ce4bf8,eef00aad-ff88-4346-8e0a-9ddcd2e5d456,33f3ccd4-fe55-4dd8-b293-3915cc5192aa,->,b082be08-b2bb-4294-9da4-b4e3e2ce4bf8,javafx/beans/property/ObjectProperty.java,addListener
b082be08-b2bb-4294-9da4-b4e3e2ce4bf8,eef00aad-ff88-4346-8e0a-9ddcd2e5d456,33f3ccd4-fe55-4dd8-b293-3915cc5192aa,->,b082be08-b2bb-4294-9da4-b4e3e2ce4bf8,javafx/scene/layout/GridPane.java,add
b082be08-b2bb-4294-9da4-b4e3e2ce4bf8,eef00aad-ff88-4346-8e0a-9ddcd2e5d456,33f3ccd4-fe55-4dd8-b293-3915cc5192aa,->,b082be08-b2bb-4294-9da4-b4e3e2ce4bf8,c8218d10-f3bc-4d1c-837a-15a4ab914091,5ca613ef-85b8-4aa0-a87c-d3ef8aad1c0b
b082be08-b2bb-4294-9da4-b4e3e2ce4bf8,eef00aad-ff88-4346-8e0a-9ddcd2e5d456,33f3ccd4-fe55-4dd8-b293-3915cc5192aa,->,b082be08-b2bb-4294-9da4-b4e3e2ce4bf8,java/util/Calendar.java,getInstance
b082be08-b2bb-4294-9da4-b4e3e2ce4bf8,eef00aad-ff88-4346-8e0a-9ddcd2e5d456,33f3ccd4-fe55-4dd8-b293-3915cc5192aa,->,b082be08-b2bb-4294-9da4-b4e3e2ce4bf8,javafx/scene/control/Button.java,setOnAction
b082be08-b2bb-4294-9da4-b4e3e2ce4bf8,eef00aad-ff88-4346-8e0a-9ddcd2e5d456,33f3ccd4-fe55-4dd8-b293-3915cc5192aa,->,b082be08-b2bb-4294-9da4-b4e3e2ce4bf8,javafx/scene/control/Button.java,setOnAction
b082be08-b2bb-4294-9da4-b4e3e2ce4bf8,eef00aad-ff88-4346-8e0a-9ddcd2e5d456,33f3ccd4-fe55-4dd8-b293-3915cc5192aa,->,b082be08-b2bb-4294-9da4-b4e3e2ce4bf8,javafx/scene/layout/HBox.java,setAlignment
b082be08-b2bb-4294-9da4-b4e3e2ce4bf8,eef00aad-ff88-4346-8e0a-9ddcd2e5d456,33f3ccd4-fe55-4dd8-b293-3915cc5192aa,->,b082be08-b2bb-4294-9da4-b4e3e2ce4bf8,javafx/scene/layout/HBox.java,getChildren
b082be08-b2bb-4294-9da4-b4e3e2ce4bf8,eef00aad-ff88-4346-8e0a-9ddcd2e5d456,33f3ccd4-fe55-4dd8-b293-3915cc5192aa,->,b082be08-b2bb-4294-9da4-b4e3e2ce4bf8,javafx/collections/ObservableList.java,addAll
b082be08-b2bb-4294-9da4-b4e3e2ce4bf8,eef00aad-ff88-4346-8e0a-9ddcd2e5d456,33f3ccd4-fe55-4dd8-b293-3915cc5192aa,->,b082be08-b2bb-4294-9da4-b4e3e2ce4bf8,javafx/scene/layout/GridPane.java,add
b082be08-b2bb-4294-9da4-b4e3e2ce4bf8,eef00aad-ff88-4346-8e0a-9ddcd2e5d456,33f3ccd4-fe55-4dd8-b293-3915cc5192aa,->,b082be08-b2bb-4294-9da4-b4e3e2ce4bf8,javafx/scene/layout/GridPane.java,setGridLinesVisible
b082be08-b2bb-4294-9da4-b4e3e2ce4bf8,eef00aad-ff88-4346-8e0a-9ddcd2e5d456,33f3ccd4-fe55-4dd8-b293-3915cc5192aa,->,b082be08-b2bb-4294-9da4-b4e3e2ce4bf8,616b0ee4-72a6-4f30-9a3d-fbb5096d63b5,7b01aa71-168e-4c8c-8b51-4c0806e0cf21
b082be08-b2bb-4294-9da4-b4e3e2ce4bf8,eef00aad-ff88-4346-8e0a-9ddcd2e5d456,33f3ccd4-fe55-4dd8-b293-3915cc5192aa,->,b082be08-b2bb-4294-9da4-b4e3e2ce4bf8,javafx/scene/layout/BorderPane.java,setTop
b082be08-b2bb-4294-9da4-b4e3e2ce4bf8,eef00aad-ff88-4346-8e0a-9ddcd2e5d456,33f3ccd4-fe55-4dd8-b293-3915cc5192aa,->,b082be08-b2bb-4294-9da4-b4e3e2ce4bf8,javafx/scene/layout/BorderPane.java,setCenter
b082be08-b2bb-4294-9da4-b4e3e2ce4bf8,Vista/FormaRegistro$1.java,handle,->,b082be08-b2bb-4294-9da4-b4e3e2ce4bf8,javafx/scene/control/TextField.java,getText
b082be08-b2bb-4294-9da4-b4e3e2ce4bf8,Vista/FormaRegistro$1.java,handle,->,b082be08-b2bb-4294-9da4-b4e3e2ce4bf8,javafx/scene/control/TextField.java,getText
b082be08-b2bb-4294-9da4-b4e3e2ce4bf8,Vista/FormaRegistro$1.java,handle,->,b082be08-b2bb-4294-9da4-b4e3e2ce4bf8,java/lang/Integer.java,parseInt
b082be08-b2bb-4294-9da4-b4e3e2ce4bf8,Vista/FormaRegistro$1.java,handle,->,b082be08-b2bb-4294-9da4-b4e3e2ce4bf8,javafx/scene/control/TextField.java,getText
b082be08-b2bb-4294-9da4-b4e3e2ce4bf8,Vista/FormaRegistro$1.java,handle,->,b082be08-b2bb-4294-9da4-b4e3e2ce4bf8,1da59ded-b6e5-42ea-a018-48832e30e356,bf7c07b6-9a7d-4356-8d7c-7f21bad2cc75
b082be08-b2bb-4294-9da4-b4e3e2ce4bf8,Vista/FormaRegistro$1.java,handle,->,b082be08-b2bb-4294-9da4-b4e3e2ce4bf8,6699ced0-b169-4841-b47c-b1e17c70e50d,87577f8a-f683-4b58-9c5c-8ed3a0e6cd68
b082be08-b2bb-4294-9da4-b4e3e2ce4bf8,Vista/FormaRegistro$1.java,handle,->,b082be08-b2bb-4294-9da4-b4e3e2ce4bf8,Vista/FormaRegistro$1.java,handle
b082be08-b2bb-4294-9da4-b4e3e2ce4bf8,1adb2a02-8fd1-4283-9a1a-9c26f0772808,0b45fc42-d8c2-47fa-a5e2-a5329764c4a3,->,b082be08-b2bb-4294-9da4-b4e3e2ce4bf8,javafx/scene/layout/GridPane.java,setAlignment
b082be08-b2bb-4294-9da4-b4e3e2ce4bf8,1adb2a02-8fd1-4283-9a1a-9c26f0772808,0b45fc42-d8c2-47fa-a5e2-a5329764c4a3,->,b082be08-b2bb-4294-9da4-b4e3e2ce4bf8,javafx/scene/layout/GridPane.java,setPadding
b082be08-b2bb-4294-9da4-b4e3e2ce4bf8,1adb2a02-8fd1-4283-9a1a-9c26f0772808,0b45fc42-d8c2-47fa-a5e2-a5329764c4a3,->,b082be08-b2bb-4294-9da4-b4e3e2ce4bf8,javafx/scene/layout/GridPane.java,setAlignment
b082be08-b2bb-4294-9da4-b4e3e2ce4bf8,1adb2a02-8fd1-4283-9a1a-9c26f0772808,0b45fc42-d8c2-47fa-a5e2-a5329764c4a3,->,b082be08-b2bb-4294-9da4-b4e3e2ce4bf8,javafx/scene/layout/GridPane.java,setPadding
b082be08-b2bb-4294-9da4-b4e3e2ce4bf8,1adb2a02-8fd1-4283-9a1a-9c26f0772808,0b45fc42-d8c2-47fa-a5e2-a5329764c4a3,->,b082be08-b2bb-4294-9da4-b4e3e2ce4bf8,javafx/scene/layout/GridPane.java,add
b082be08-b2bb-4294-9da4-b4e3e2ce4bf8,1adb2a02-8fd1-4283-9a1a-9c26f0772808,0b45fc42-d8c2-47fa-a5e2-a5329764c4a3,->,b082be08-b2bb-4294-9da4-b4e3e2ce4bf8,javafx/scene/layout/GridPane.java,add
b082be08-b2bb-4294-9da4-b4e3e2ce4bf8,1adb2a02-8fd1-4283-9a1a-9c26f0772808,0b45fc42-d8c2-47fa-a5e2-a5329764c4a3,->,b082be08-b2bb-4294-9da4-b4e3e2ce4bf8,javafx/scene/control/Button.java,setOnAction
b082be08-b2bb-4294-9da4-b4e3e2ce4bf8,1adb2a02-8fd1-4283-9a1a-9c26f0772808,0b45fc42-d8c2-47fa-a5e2-a5329764c4a3,->,b082be08-b2bb-4294-9da4-b4e3e2ce4bf8,javafx/scene/layout/GridPane.java,add
b082be08-b2bb-4294-9da4-b4e3e2ce4bf8,1adb2a02-8fd1-4283-9a1a-9c26f0772808,0b45fc42-d8c2-47fa-a5e2-a5329764c4a3,->,b082be08-b2bb-4294-9da4-b4e3e2ce4bf8,javafx/scene/layout/GridPane.java,add
b082be08-b2bb-4294-9da4-b4e3e2ce4bf8,1adb2a02-8fd1-4283-9a1a-9c26f0772808,0b45fc42-d8c2-47fa-a5e2-a5329764c4a3,->,b082be08-b2bb-4294-9da4-b4e3e2ce4bf8,javafx/scene/layout/GridPane.java,add
b082be08-b2bb-4294-9da4-b4e3e2ce4bf8,1adb2a02-8fd1-4283-9a1a-9c26f0772808,0b45fc42-d8c2-47fa-a5e2-a5329764c4a3,->,b082be08-b2bb-4294-9da4-b4e3e2ce4bf8,javafx/scene/layout/GridPane.java,add
b082be08-b2bb-4294-9da4-b4e3e2ce4bf8,1adb2a02-8fd1-4283-9a1a-9c26f0772808,0b45fc42-d8c2-47fa-a5e2-a5329764c4a3,->,b082be08-b2bb-4294-9da4-b4e3e2ce4bf8,5003c506-4552-4120-90bd-f3b080410607,b893228b-7f87-4dfd-b34c-667a86bc31a3
b082be08-b2bb-4294-9da4-b4e3e2ce4bf8,1adb2a02-8fd1-4283-9a1a-9c26f0772808,0b45fc42-d8c2-47fa-a5e2-a5329764c4a3,->,b082be08-b2bb-4294-9da4-b4e3e2ce4bf8,java/util/LinkedList.java,get
b082be08-b2bb-4294-9da4-b4e3e2ce4bf8,1adb2a02-8fd1-4283-9a1a-9c26f0772808,0b45fc42-d8c2-47fa-a5e2-a5329764c4a3,->,b082be08-b2bb-4294-9da4-b4e3e2ce4bf8,java/lang/StringBuilder.java,append
b082be08-b2bb-4294-9da4-b4e3e2ce4bf8,1adb2a02-8fd1-4283-9a1a-9c26f0772808,0b45fc42-d8c2-47fa-a5e2-a5329764c4a3,->,b082be08-b2bb-4294-9da4-b4e3e2ce4bf8,java/lang/StringBuilder.java,append
b082be08-b2bb-4294-9da4-b4e3e2ce4bf8,1adb2a02-8fd1-4283-9a1a-9c26f0772808,0b45fc42-d8c2-47fa-a5e2-a5329764c4a3,->,b082be08-b2bb-4294-9da4-b4e3e2ce4bf8,java/lang/StringBuilder.java,toString
b082be08-b2bb-4294-9da4-b4e3e2ce4bf8,1adb2a02-8fd1-4283-9a1a-9c26f0772808,0b45fc42-d8c2-47fa-a5e2-a5329764c4a3,->,b082be08-b2bb-4294-9da4-b4e3e2ce4bf8,javafx/scene/layout/GridPane.java,add
b082be08-b2bb-4294-9da4-b4e3e2ce4bf8,1adb2a02-8fd1-4283-9a1a-9c26f0772808,0b45fc42-d8c2-47fa-a5e2-a5329764c4a3,->,b082be08-b2bb-4294-9da4-b4e3e2ce4bf8,09e1c6e8-c0f3-42c0-ba85-9027f42c7cb8,5af5e6fe-6fd5-44e9-94f2-2b8a24e39f68
b082be08-b2bb-4294-9da4-b4e3e2ce4bf8,1adb2a02-8fd1-4283-9a1a-9c26f0772808,0b45fc42-d8c2-47fa-a5e2-a5329764c4a3,->,b082be08-b2bb-4294-9da4-b4e3e2ce4bf8,java/lang/StringBuilder.java,append
b082be08-b2bb-4294-9da4-b4e3e2ce4bf8,1adb2a02-8fd1-4283-9a1a-9c26f0772808,0b45fc42-d8c2-47fa-a5e2-a5329764c4a3,->,b082be08-b2bb-4294-9da4-b4e3e2ce4bf8,java/lang/StringBuilder.java,append
b082be08-b2bb-4294-9da4-b4e3e2ce4bf8,1adb2a02-8fd1-4283-9a1a-9c26f0772808,0b45fc42-d8c2-47fa-a5e2-a5329764c4a3,->,b082be08-b2bb-4294-9da4-b4e3e2ce4bf8,java/lang/StringBuilder.java,toString
b082be08-b2bb-4294-9da4-b4e3e2ce4bf8,1adb2a02-8fd1-4283-9a1a-9c26f0772808,0b45fc42-d8c2-47fa-a5e2-a5329764c4a3,->,b082be08-b2bb-4294-9da4-b4e3e2ce4bf8,javafx/scene/layout/GridPane.java,add
b082be08-b2bb-4294-9da4-b4e3e2ce4bf8,1adb2a02-8fd1-4283-9a1a-9c26f0772808,0b45fc42-d8c2-47fa-a5e2-a5329764c4a3,->,b082be08-b2bb-4294-9da4-b4e3e2ce4bf8,09e1c6e8-c0f3-42c0-ba85-9027f42c7cb8,203054e4-15c4-411a-8663-dd9bb1bfeb0b
b082be08-b2bb-4294-9da4-b4e3e2ce4bf8,1adb2a02-8fd1-4283-9a1a-9c26f0772808,0b45fc42-d8c2-47fa-a5e2-a5329764c4a3,->,b082be08-b2bb-4294-9da4-b4e3e2ce4bf8,java/lang/StringBuilder.java,append
b082be08-b2bb-4294-9da4-b4e3e2ce4bf8,1adb2a02-8fd1-4283-9a1a-9c26f0772808,0b45fc42-d8c2-47fa-a5e2-a5329764c4a3,->,b082be08-b2bb-4294-9da4-b4e3e2ce4bf8,java/lang/StringBuilder.java,append
b082be08-b2bb-4294-9da4-b4e3e2ce4bf8,1adb2a02-8fd1-4283-9a1a-9c26f0772808,0b45fc42-d8c2-47fa-a5e2-a5329764c4a3,->,b082be08-b2bb-4294-9da4-b4e3e2ce4bf8,java/lang/StringBuilder.java,toString
b082be08-b2bb-4294-9da4-b4e3e2ce4bf8,1adb2a02-8fd1-4283-9a1a-9c26f0772808,0b45fc42-d8c2-47fa-a5e2-a5329764c4a3,->,b082be08-b2bb-4294-9da4-b4e3e2ce4bf8,javafx/scene/layout/GridPane.java,add
b082be08-b2bb-4294-9da4-b4e3e2ce4bf8,1adb2a02-8fd1-4283-9a1a-9c26f0772808,0b45fc42-d8c2-47fa-a5e2-a5329764c4a3,->,b082be08-b2bb-4294-9da4-b4e3e2ce4bf8,javafx/scene/layout/VBox.java,getChildren
b082be08-b2bb-4294-9da4-b4e3e2ce4bf8,1adb2a02-8fd1-4283-9a1a-9c26f0772808,0b45fc42-d8c2-47fa-a5e2-a5329764c4a3,->,b082be08-b2bb-4294-9da4-b4e3e2ce4bf8,javafx/collections/ObservableList.java,addAll
b082be08-b2bb-4294-9da4-b4e3e2ce4bf8,1adb2a02-8fd1-4283-9a1a-9c26f0772808,0b45fc42-d8c2-47fa-a5e2-a5329764c4a3,->,b082be08-b2bb-4294-9da4-b4e3e2ce4bf8,616b0ee4-72a6-4f30-9a3d-fbb5096d63b5,7b01aa71-168e-4c8c-8b51-4c0806e0cf21
b082be08-b2bb-4294-9da4-b4e3e2ce4bf8,1adb2a02-8fd1-4283-9a1a-9c26f0772808,0b45fc42-d8c2-47fa-a5e2-a5329764c4a3,->,b082be08-b2bb-4294-9da4-b4e3e2ce4bf8,javafx/scene/layout/BorderPane.java,setTop
b082be08-b2bb-4294-9da4-b4e3e2ce4bf8,1adb2a02-8fd1-4283-9a1a-9c26f0772808,0b45fc42-d8c2-47fa-a5e2-a5329764c4a3,->,b082be08-b2bb-4294-9da4-b4e3e2ce4bf8,javafx/scene/layout/BorderPane.java,setCenter
b082be08-b2bb-4294-9da4-b4e3e2ce4bf8,Vista/PantallaPrincipal$2.java,handle,->,b082be08-b2bb-4294-9da4-b4e3e2ce4bf8,6699ced0-b169-4841-b47c-b1e17c70e50d,1c206602-b4e1-43eb-a793-06853b13ff82
b082be08-b2bb-4294-9da4-b4e3e2ce4bf8,Vista/PantallaPrincipal$2.java,handle,->,b082be08-b2bb-4294-9da4-b4e3e2ce4bf8,Vista/PantallaPrincipal$2.java,handle
b082be08-b2bb-4294-9da4-b4e3e2ce4bf8,Vista/IngresarUsuario$2.java,handle,->,b082be08-b2bb-4294-9da4-b4e3e2ce4bf8,6699ced0-b169-4841-b47c-b1e17c70e50d,68f3f892-d731-44b4-9f69-2fa4b81f357e
b082be08-b2bb-4294-9da4-b4e3e2ce4bf8,Vista/IngresarUsuario$2.java,handle,->,b082be08-b2bb-4294-9da4-b4e3e2ce4bf8,Vista/IngresarUsuario$2.java,handle
b082be08-b2bb-4294-9da4-b4e3e2ce4bf8,Vista/FormaPedido$2.java,handle,->,b082be08-b2bb-4294-9da4-b4e3e2ce4bf8,javafx/scene/control/TextField.java,getText
b082be08-b2bb-4294-9da4-b4e3e2ce4bf8,Vista/FormaPedido$2.java,handle,->,b082be08-b2bb-4294-9da4-b4e3e2ce4bf8,java/lang/Integer.java,parseInt
b082be08-b2bb-4294-9da4-b4e3e2ce4bf8,Vista/FormaPedido$2.java,handle,->,b082be08-b2bb-4294-9da4-b4e3e2ce4bf8,javafx/scene/control/TextField.java,getText
b082be08-b2bb-4294-9da4-b4e3e2ce4bf8,Vista/FormaPedido$2.java,handle,->,b082be08-b2bb-4294-9da4-b4e3e2ce4bf8,javafx/scene/control/TextField.java,getText
b082be08-b2bb-4294-9da4-b4e3e2ce4bf8,Vista/FormaPedido$2.java,handle,->,b082be08-b2bb-4294-9da4-b4e3e2ce4bf8,java/lang/String.java,equals
b082be08-b2bb-4294-9da4-b4e3e2ce4bf8,Vista/FormaPedido$2.java,handle,->,b082be08-b2bb-4294-9da4-b4e3e2ce4bf8,javafx/scene/control/TextField.java,getText
b082be08-b2bb-4294-9da4-b4e3e2ce4bf8,Vista/FormaPedido$2.java,handle,->,b082be08-b2bb-4294-9da4-b4e3e2ce4bf8,Vista/FormaPedido.java,access$102
b082be08-b2bb-4294-9da4-b4e3e2ce4bf8,Vista/FormaPedido$2.java,handle,->,b082be08-b2bb-4294-9da4-b4e3e2ce4bf8,Vista/FormaPedido.java,access$200
b082be08-b2bb-4294-9da4-b4e3e2ce4bf8,Vista/FormaPedido$2.java,handle,->,b082be08-b2bb-4294-9da4-b4e3e2ce4bf8,c8218d10-f3bc-4d1c-837a-15a4ab914091,6babc975-6d66-49ac-942b-202d9175c8c0
b082be08-b2bb-4294-9da4-b4e3e2ce4bf8,Vista/FormaPedido$2.java,handle,->,b082be08-b2bb-4294-9da4-b4e3e2ce4bf8,Vista/FormaPedido.java,access$102
b082be08-b2bb-4294-9da4-b4e3e2ce4bf8,Vista/FormaPedido$2.java,handle,->,b082be08-b2bb-4294-9da4-b4e3e2ce4bf8,Vista/FormaPedido.java,access$100
b082be08-b2bb-4294-9da4-b4e3e2ce4bf8,Vista/FormaPedido$2.java,handle,->,b082be08-b2bb-4294-9da4-b4e3e2ce4bf8,Vista/FormaPedido.java,access$000
b082be08-b2bb-4294-9da4-b4e3e2ce4bf8,Vista/FormaPedido$2.java,handle,->,b082be08-b2bb-4294-9da4-b4e3e2ce4bf8,Vista/FormaPedido.java,access$302
b082be08-b2bb-4294-9da4-b4e3e2ce4bf8,Vista/FormaPedido$2.java,handle,->,b082be08-b2bb-4294-9da4-b4e3e2ce4bf8,Vista/FormaPedido.java,access$300
b082be08-b2bb-4294-9da4-b4e3e2ce4bf8,Vista/FormaPedido$2.java,handle,->,b082be08-b2bb-4294-9da4-b4e3e2ce4bf8,6699ced0-b169-4841-b47c-b1e17c70e50d,ed9ff4aa-9d4b-4d83-9159-293b5e8c64fa
b082be08-b2bb-4294-9da4-b4e3e2ce4bf8,Vista/FormaPedido$2.java,handle,->,b082be08-b2bb-4294-9da4-b4e3e2ce4bf8,Vista/FormaPedido$2.java,handle
b082be08-b2bb-4294-9da4-b4e3e2ce4bf8,Vista/FormaAlimentos$1.java,handle,->,b082be08-b2bb-4294-9da4-b4e3e2ce4bf8,1adb2a02-8fd1-4283-9a1a-9c26f0772808,bf26b23d-12de-4780-95d8-3157a132c05c
b082be08-b2bb-4294-9da4-b4e3e2ce4bf8,Vista/FormaAlimentos$1.java,handle,->,b082be08-b2bb-4294-9da4-b4e3e2ce4bf8,Vista/FormaAlimentos$1.java,handle
b082be08-b2bb-4294-9da4-b4e3e2ce4bf8,Vista/FormaPedido$1.java,changed,->,b082be08-b2bb-4294-9da4-b4e3e2ce4bf8,Vista/FormaPedido.java,access$002
b082be08-b2bb-4294-9da4-b4e3e2ce4bf8,Vista/FormaPedido$1.java,changed,->,b082be08-b2bb-4294-9da4-b4e3e2ce4bf8,Vista/FormaPedido$1.java,changed
