caller_project_id,caller_class_id,caller_method_id,CALL_DIRECTION,callee_project_id,callee_class_id,callee_method_id
b514dd35-72b3-493a-a02a-c78c1a8365b9,fd2ad0cc-d86e-401d-bc9c-7045e6f050ec,3c9b7999-13a1-4fa6-bde5-8a307b0d9573,->,b514dd35-72b3-493a-a02a-c78c1a8365b9,org/eclipse/swt/widgets/Display.java,getCurrent
b514dd35-72b3-493a-a02a-c78c1a8365b9,fd2ad0cc-d86e-401d-bc9c-7045e6f050ec,3c9b7999-13a1-4fa6-bde5-8a307b0d9573,->,b514dd35-72b3-493a-a02a-c78c1a8365b9,org/eclipse/swt/widgets/Display.java,getSystemColor
b514dd35-72b3-493a-a02a-c78c1a8365b9,fd2ad0cc-d86e-401d-bc9c-7045e6f050ec,3c9b7999-13a1-4fa6-bde5-8a307b0d9573,->,b514dd35-72b3-493a-a02a-c78c1a8365b9,java/lang/String.java,equals
b514dd35-72b3-493a-a02a-c78c1a8365b9,fd2ad0cc-d86e-401d-bc9c-7045e6f050ec,3c9b7999-13a1-4fa6-bde5-8a307b0d9573,->,b514dd35-72b3-493a-a02a-c78c1a8365b9,java/lang/String.java,length
b514dd35-72b3-493a-a02a-c78c1a8365b9,fd2ad0cc-d86e-401d-bc9c-7045e6f050ec,3c9b7999-13a1-4fa6-bde5-8a307b0d9573,->,b514dd35-72b3-493a-a02a-c78c1a8365b9,java/lang/String.java,length
b514dd35-72b3-493a-a02a-c78c1a8365b9,fd2ad0cc-d86e-401d-bc9c-7045e6f050ec,3c9b7999-13a1-4fa6-bde5-8a307b0d9573,->,b514dd35-72b3-493a-a02a-c78c1a8365b9,java/lang/String.java,length
b514dd35-72b3-493a-a02a-c78c1a8365b9,fd2ad0cc-d86e-401d-bc9c-7045e6f050ec,3c9b7999-13a1-4fa6-bde5-8a307b0d9573,->,b514dd35-72b3-493a-a02a-c78c1a8365b9,java/lang/String.java,length
b514dd35-72b3-493a-a02a-c78c1a8365b9,fd2ad0cc-d86e-401d-bc9c-7045e6f050ec,3c9b7999-13a1-4fa6-bde5-8a307b0d9573,->,b514dd35-72b3-493a-a02a-c78c1a8365b9,java/lang/String.java,substring
b514dd35-72b3-493a-a02a-c78c1a8365b9,fd2ad0cc-d86e-401d-bc9c-7045e6f050ec,3c9b7999-13a1-4fa6-bde5-8a307b0d9573,->,b514dd35-72b3-493a-a02a-c78c1a8365b9,java/lang/String.java,equalsIgnoreCase
b514dd35-72b3-493a-a02a-c78c1a8365b9,fd2ad0cc-d86e-401d-bc9c-7045e6f050ec,3c9b7999-13a1-4fa6-bde5-8a307b0d9573,->,b514dd35-72b3-493a-a02a-c78c1a8365b9,java/lang/Integer.java,valueOf
b514dd35-72b3-493a-a02a-c78c1a8365b9,fd2ad0cc-d86e-401d-bc9c-7045e6f050ec,3c9b7999-13a1-4fa6-bde5-8a307b0d9573,->,b514dd35-72b3-493a-a02a-c78c1a8365b9,java/util/List.java,add
b514dd35-72b3-493a-a02a-c78c1a8365b9,fd2ad0cc-d86e-401d-bc9c-7045e6f050ec,3c9b7999-13a1-4fa6-bde5-8a307b0d9573,->,b514dd35-72b3-493a-a02a-c78c1a8365b9,java/lang/String.java,length
b514dd35-72b3-493a-a02a-c78c1a8365b9,fd2ad0cc-d86e-401d-bc9c-7045e6f050ec,3c9b7999-13a1-4fa6-bde5-8a307b0d9573,->,b514dd35-72b3-493a-a02a-c78c1a8365b9,java/lang/Integer.java,valueOf
b514dd35-72b3-493a-a02a-c78c1a8365b9,fd2ad0cc-d86e-401d-bc9c-7045e6f050ec,3c9b7999-13a1-4fa6-bde5-8a307b0d9573,->,b514dd35-72b3-493a-a02a-c78c1a8365b9,java/util/List.java,add
b514dd35-72b3-493a-a02a-c78c1a8365b9,fd2ad0cc-d86e-401d-bc9c-7045e6f050ec,3c9b7999-13a1-4fa6-bde5-8a307b0d9573,->,b514dd35-72b3-493a-a02a-c78c1a8365b9,java/util/List.java,size
b514dd35-72b3-493a-a02a-c78c1a8365b9,fd2ad0cc-d86e-401d-bc9c-7045e6f050ec,3c9b7999-13a1-4fa6-bde5-8a307b0d9573,->,b514dd35-72b3-493a-a02a-c78c1a8365b9,java/util/List.java,size
b514dd35-72b3-493a-a02a-c78c1a8365b9,fd2ad0cc-d86e-401d-bc9c-7045e6f050ec,3c9b7999-13a1-4fa6-bde5-8a307b0d9573,->,b514dd35-72b3-493a-a02a-c78c1a8365b9,java/lang/String.java,length
b514dd35-72b3-493a-a02a-c78c1a8365b9,fd2ad0cc-d86e-401d-bc9c-7045e6f050ec,3c9b7999-13a1-4fa6-bde5-8a307b0d9573,->,b514dd35-72b3-493a-a02a-c78c1a8365b9,java/util/List.java,get
b514dd35-72b3-493a-a02a-c78c1a8365b9,fd2ad0cc-d86e-401d-bc9c-7045e6f050ec,3c9b7999-13a1-4fa6-bde5-8a307b0d9573,->,b514dd35-72b3-493a-a02a-c78c1a8365b9,java/lang/Integer.java,intValue
b514dd35-72b3-493a-a02a-c78c1a8365b9,fd2ad0cc-d86e-401d-bc9c-7045e6f050ec,3c9b7999-13a1-4fa6-bde5-8a307b0d9573,->,b514dd35-72b3-493a-a02a-c78c1a8365b9,java/util/List.java,get
b514dd35-72b3-493a-a02a-c78c1a8365b9,fd2ad0cc-d86e-401d-bc9c-7045e6f050ec,3c9b7999-13a1-4fa6-bde5-8a307b0d9573,->,b514dd35-72b3-493a-a02a-c78c1a8365b9,java/lang/Integer.java,intValue
b514dd35-72b3-493a-a02a-c78c1a8365b9,fd2ad0cc-d86e-401d-bc9c-7045e6f050ec,3c9b7999-13a1-4fa6-bde5-8a307b0d9573,->,b514dd35-72b3-493a-a02a-c78c1a8365b9,java/util/List.java,get
b514dd35-72b3-493a-a02a-c78c1a8365b9,fd2ad0cc-d86e-401d-bc9c-7045e6f050ec,3c9b7999-13a1-4fa6-bde5-8a307b0d9573,->,b514dd35-72b3-493a-a02a-c78c1a8365b9,java/lang/Integer.java,intValue
b514dd35-72b3-493a-a02a-c78c1a8365b9,fd2ad0cc-d86e-401d-bc9c-7045e6f050ec,3c9b7999-13a1-4fa6-bde5-8a307b0d9573,->,b514dd35-72b3-493a-a02a-c78c1a8365b9,java/util/List.java,get
b514dd35-72b3-493a-a02a-c78c1a8365b9,fd2ad0cc-d86e-401d-bc9c-7045e6f050ec,3c9b7999-13a1-4fa6-bde5-8a307b0d9573,->,b514dd35-72b3-493a-a02a-c78c1a8365b9,java/lang/Integer.java,intValue
b514dd35-72b3-493a-a02a-c78c1a8365b9,fd2ad0cc-d86e-401d-bc9c-7045e6f050ec,3c9b7999-13a1-4fa6-bde5-8a307b0d9573,->,b514dd35-72b3-493a-a02a-c78c1a8365b9,java/util/List.java,get
b514dd35-72b3-493a-a02a-c78c1a8365b9,fd2ad0cc-d86e-401d-bc9c-7045e6f050ec,3c9b7999-13a1-4fa6-bde5-8a307b0d9573,->,b514dd35-72b3-493a-a02a-c78c1a8365b9,java/lang/Integer.java,intValue
b514dd35-72b3-493a-a02a-c78c1a8365b9,fd2ad0cc-d86e-401d-bc9c-7045e6f050ec,3c9b7999-13a1-4fa6-bde5-8a307b0d9573,->,b514dd35-72b3-493a-a02a-c78c1a8365b9,java/util/List.java,get
b514dd35-72b3-493a-a02a-c78c1a8365b9,fd2ad0cc-d86e-401d-bc9c-7045e6f050ec,3c9b7999-13a1-4fa6-bde5-8a307b0d9573,->,b514dd35-72b3-493a-a02a-c78c1a8365b9,java/lang/Integer.java,intValue
b514dd35-72b3-493a-a02a-c78c1a8365b9,fd2ad0cc-d86e-401d-bc9c-7045e6f050ec,3c9b7999-13a1-4fa6-bde5-8a307b0d9573,->,b514dd35-72b3-493a-a02a-c78c1a8365b9,java/util/List.java,get
b514dd35-72b3-493a-a02a-c78c1a8365b9,fd2ad0cc-d86e-401d-bc9c-7045e6f050ec,3c9b7999-13a1-4fa6-bde5-8a307b0d9573,->,b514dd35-72b3-493a-a02a-c78c1a8365b9,java/lang/Integer.java,intValue
b514dd35-72b3-493a-a02a-c78c1a8365b9,fd2ad0cc-d86e-401d-bc9c-7045e6f050ec,3c9b7999-13a1-4fa6-bde5-8a307b0d9573,->,b514dd35-72b3-493a-a02a-c78c1a8365b9,java/util/List.java,get
b514dd35-72b3-493a-a02a-c78c1a8365b9,fd2ad0cc-d86e-401d-bc9c-7045e6f050ec,3c9b7999-13a1-4fa6-bde5-8a307b0d9573,->,b514dd35-72b3-493a-a02a-c78c1a8365b9,java/lang/Integer.java,intValue
b514dd35-72b3-493a-a02a-c78c1a8365b9,fd2ad0cc-d86e-401d-bc9c-7045e6f050ec,3c9b7999-13a1-4fa6-bde5-8a307b0d9573,->,b514dd35-72b3-493a-a02a-c78c1a8365b9,java/util/List.java,add
b514dd35-72b3-493a-a02a-c78c1a8365b9,fd2ad0cc-d86e-401d-bc9c-7045e6f050ec,3c9b7999-13a1-4fa6-bde5-8a307b0d9573,->,b514dd35-72b3-493a-a02a-c78c1a8365b9,java/lang/System.java,arraycopy
b514dd35-72b3-493a-a02a-c78c1a8365b9,c7a6dd03-069a-4c39-91d5-d8cb3d2649e3,2b0ea9fa-bbce-4335-b715-fbf3f845b368,->,b514dd35-72b3-493a-a02a-c78c1a8365b9,java/lang/StringBuilder.java,append
b514dd35-72b3-493a-a02a-c78c1a8365b9,c7a6dd03-069a-4c39-91d5-d8cb3d2649e3,2b0ea9fa-bbce-4335-b715-fbf3f845b368,->,b514dd35-72b3-493a-a02a-c78c1a8365b9,java/lang/StringBuilder.java,append
b514dd35-72b3-493a-a02a-c78c1a8365b9,c7a6dd03-069a-4c39-91d5-d8cb3d2649e3,2b0ea9fa-bbce-4335-b715-fbf3f845b368,->,b514dd35-72b3-493a-a02a-c78c1a8365b9,java/lang/StringBuilder.java,append
b514dd35-72b3-493a-a02a-c78c1a8365b9,c7a6dd03-069a-4c39-91d5-d8cb3d2649e3,2b0ea9fa-bbce-4335-b715-fbf3f845b368,->,b514dd35-72b3-493a-a02a-c78c1a8365b9,java/lang/StringBuilder.java,toString
b514dd35-72b3-493a-a02a-c78c1a8365b9,c7a6dd03-069a-4c39-91d5-d8cb3d2649e3,2b0ea9fa-bbce-4335-b715-fbf3f845b368,->,b514dd35-72b3-493a-a02a-c78c1a8365b9,java/util/regex/Pattern.java,compile
b514dd35-72b3-493a-a02a-c78c1a8365b9,c7a6dd03-069a-4c39-91d5-d8cb3d2649e3,2b0ea9fa-bbce-4335-b715-fbf3f845b368,->,b514dd35-72b3-493a-a02a-c78c1a8365b9,java/util/regex/Pattern.java,compile
b514dd35-72b3-493a-a02a-c78c1a8365b9,c7a6dd03-069a-4c39-91d5-d8cb3d2649e3,9e298fcf-2404-4aa2-bcae-12dc2b91242f,->,b514dd35-72b3-493a-a02a-c78c1a8365b9,java/lang/String.java,length
b514dd35-72b3-493a-a02a-c78c1a8365b9,c7a6dd03-069a-4c39-91d5-d8cb3d2649e3,9e298fcf-2404-4aa2-bcae-12dc2b91242f,->,b514dd35-72b3-493a-a02a-c78c1a8365b9,b19ea652-d121-4cda-b965-84e19491907f,ab916b28-2613-472f-8e62-29b731093b57
b514dd35-72b3-493a-a02a-c78c1a8365b9,c7a6dd03-069a-4c39-91d5-d8cb3d2649e3,9e298fcf-2404-4aa2-bcae-12dc2b91242f,->,b514dd35-72b3-493a-a02a-c78c1a8365b9,java/util/ArrayList.java,iterator
b514dd35-72b3-493a-a02a-c78c1a8365b9,c7a6dd03-069a-4c39-91d5-d8cb3d2649e3,9e298fcf-2404-4aa2-bcae-12dc2b91242f,->,b514dd35-72b3-493a-a02a-c78c1a8365b9,java/util/Iterator.java,hasNext
b514dd35-72b3-493a-a02a-c78c1a8365b9,c7a6dd03-069a-4c39-91d5-d8cb3d2649e3,9e298fcf-2404-4aa2-bcae-12dc2b91242f,->,b514dd35-72b3-493a-a02a-c78c1a8365b9,java/util/Iterator.java,next
b514dd35-72b3-493a-a02a-c78c1a8365b9,c7a6dd03-069a-4c39-91d5-d8cb3d2649e3,9e298fcf-2404-4aa2-bcae-12dc2b91242f,->,b514dd35-72b3-493a-a02a-c78c1a8365b9,java/util/regex/Pattern.java,matcher
b514dd35-72b3-493a-a02a-c78c1a8365b9,c7a6dd03-069a-4c39-91d5-d8cb3d2649e3,9e298fcf-2404-4aa2-bcae-12dc2b91242f,->,b514dd35-72b3-493a-a02a-c78c1a8365b9,java/util/regex/Matcher.java,matches
b514dd35-72b3-493a-a02a-c78c1a8365b9,b19ea652-d121-4cda-b965-84e19491907f,5925771f-7469-4df3-9295-1e407210b37b,->,b514dd35-72b3-493a-a02a-c78c1a8365b9,java/util/List.java,add
b514dd35-72b3-493a-a02a-c78c1a8365b9,b19ea652-d121-4cda-b965-84e19491907f,80b9fb7d-a6fe-4bcb-8555-8597ca89c305,->,b514dd35-72b3-493a-a02a-c78c1a8365b9,java/util/ArrayList.java,size
b514dd35-72b3-493a-a02a-c78c1a8365b9,b19ea652-d121-4cda-b965-84e19491907f,80b9fb7d-a6fe-4bcb-8555-8597ca89c305,->,b514dd35-72b3-493a-a02a-c78c1a8365b9,java/util/ArrayList.java,toArray
b514dd35-72b3-493a-a02a-c78c1a8365b9,b19ea652-d121-4cda-b965-84e19491907f,da2c0dc7-cf93-4f20-b290-8ec93ab5f656,->,b514dd35-72b3-493a-a02a-c78c1a8365b9,java/util/ArrayList.java,get
b514dd35-72b3-493a-a02a-c78c1a8365b9,b19ea652-d121-4cda-b965-84e19491907f,da2c0dc7-cf93-4f20-b290-8ec93ab5f656,->,b514dd35-72b3-493a-a02a-c78c1a8365b9,java/lang/String.java,compareTo
b514dd35-72b3-493a-a02a-c78c1a8365b9,b19ea652-d121-4cda-b965-84e19491907f,da2c0dc7-cf93-4f20-b290-8ec93ab5f656,->,b514dd35-72b3-493a-a02a-c78c1a8365b9,java/util/ArrayList.java,set
b514dd35-72b3-493a-a02a-c78c1a8365b9,b19ea652-d121-4cda-b965-84e19491907f,da2c0dc7-cf93-4f20-b290-8ec93ab5f656,->,b514dd35-72b3-493a-a02a-c78c1a8365b9,7238afaf-633d-4cab-a0e5-fe910c0cd3d2,70542462-434b-4619-b4d2-fc191760ea7c
b514dd35-72b3-493a-a02a-c78c1a8365b9,b19ea652-d121-4cda-b965-84e19491907f,e4d0e371-780b-473a-b426-eb964223ef59,->,b514dd35-72b3-493a-a02a-c78c1a8365b9,java/util/ArrayList.java,size
b514dd35-72b3-493a-a02a-c78c1a8365b9,b19ea652-d121-4cda-b965-84e19491907f,e4d0e371-780b-473a-b426-eb964223ef59,->,b514dd35-72b3-493a-a02a-c78c1a8365b9,java/util/ArrayList.java,get
b514dd35-72b3-493a-a02a-c78c1a8365b9,b19ea652-d121-4cda-b965-84e19491907f,a4477806-7fc3-489b-a9e5-e863f0c5a5ce,->,b514dd35-72b3-493a-a02a-c78c1a8365b9,java/util/ArrayList.java,size
b514dd35-72b3-493a-a02a-c78c1a8365b9,b19ea652-d121-4cda-b965-84e19491907f,f06e66be-2f6e-4e0e-a07a-9f972da8e62c,->,b514dd35-72b3-493a-a02a-c78c1a8365b9,java/util/ArrayList.java,add
b514dd35-72b3-493a-a02a-c78c1a8365b9,b19ea652-d121-4cda-b965-84e19491907f,549cdfaf-242d-47bd-9158-69d0cdb61c3a,->,b514dd35-72b3-493a-a02a-c78c1a8365b9,java/util/ArrayList.java,remove
b514dd35-72b3-493a-a02a-c78c1a8365b9,b19ea652-d121-4cda-b965-84e19491907f,ce359f5c-b0c4-4b13-a890-8c5353d3b317,->,b514dd35-72b3-493a-a02a-c78c1a8365b9,java/util/ArrayList.java,get
b514dd35-72b3-493a-a02a-c78c1a8365b9,b19ea652-d121-4cda-b965-84e19491907f,ce359f5c-b0c4-4b13-a890-8c5353d3b317,->,b514dd35-72b3-493a-a02a-c78c1a8365b9,java/lang/String.java,substring
b514dd35-72b3-493a-a02a-c78c1a8365b9,b19ea652-d121-4cda-b965-84e19491907f,2869f763-a0e6-4658-ad13-ad0150265088,->,b514dd35-72b3-493a-a02a-c78c1a8365b9,java/util/ArrayList.java,iterator
b514dd35-72b3-493a-a02a-c78c1a8365b9,b19ea652-d121-4cda-b965-84e19491907f,2869f763-a0e6-4658-ad13-ad0150265088,->,b514dd35-72b3-493a-a02a-c78c1a8365b9,java/util/Iterator.java,hasNext
b514dd35-72b3-493a-a02a-c78c1a8365b9,b19ea652-d121-4cda-b965-84e19491907f,2869f763-a0e6-4658-ad13-ad0150265088,->,b514dd35-72b3-493a-a02a-c78c1a8365b9,java/util/Iterator.java,next
b514dd35-72b3-493a-a02a-c78c1a8365b9,b19ea652-d121-4cda-b965-84e19491907f,2869f763-a0e6-4658-ad13-ad0150265088,->,b514dd35-72b3-493a-a02a-c78c1a8365b9,java/lang/String.java,concat
b514dd35-72b3-493a-a02a-c78c1a8365b9,b19ea652-d121-4cda-b965-84e19491907f,2869f763-a0e6-4658-ad13-ad0150265088,->,b514dd35-72b3-493a-a02a-c78c1a8365b9,java/lang/String.java,concat
b514dd35-72b3-493a-a02a-c78c1a8365b9,b19ea652-d121-4cda-b965-84e19491907f,5e799a2f-f478-4137-9ce5-61958e0a6036,->,b514dd35-72b3-493a-a02a-c78c1a8365b9,java/util/ArrayList.java,hashCode
b514dd35-72b3-493a-a02a-c78c1a8365b9,8b6dd70d-ee22-4a13-b13e-45efe98b3257,d0ba4bf0-4db1-4461-8d94-770a3d47a66b,->,b514dd35-72b3-493a-a02a-c78c1a8365b9,8b6dd70d-ee22-4a13-b13e-45efe98b3257,1d8af17a-bc2b-40a4-93a3-1d41cb6ae719
b514dd35-72b3-493a-a02a-c78c1a8365b9,8b6dd70d-ee22-4a13-b13e-45efe98b3257,7a477ca4-4762-4ccf-bc03-264cf1b76ecd,->,b514dd35-72b3-493a-a02a-c78c1a8365b9,8b6dd70d-ee22-4a13-b13e-45efe98b3257,ca281fd8-b6da-4f2d-9e53-2c11471a46c5
b514dd35-72b3-493a-a02a-c78c1a8365b9,8b6dd70d-ee22-4a13-b13e-45efe98b3257,7a477ca4-4762-4ccf-bc03-264cf1b76ecd,->,b514dd35-72b3-493a-a02a-c78c1a8365b9,com/csvreader/CsvReader.java,setDelimiter
b514dd35-72b3-493a-a02a-c78c1a8365b9,8b6dd70d-ee22-4a13-b13e-45efe98b3257,7a477ca4-4762-4ccf-bc03-264cf1b76ecd,->,b514dd35-72b3-493a-a02a-c78c1a8365b9,8b6dd70d-ee22-4a13-b13e-45efe98b3257,f0f73f18-878f-47ba-99b2-4fdc195d721a
b514dd35-72b3-493a-a02a-c78c1a8365b9,8b6dd70d-ee22-4a13-b13e-45efe98b3257,7a477ca4-4762-4ccf-bc03-264cf1b76ecd,->,b514dd35-72b3-493a-a02a-c78c1a8365b9,com/csvreader/CsvReader.java,setComment
b514dd35-72b3-493a-a02a-c78c1a8365b9,8b6dd70d-ee22-4a13-b13e-45efe98b3257,7a477ca4-4762-4ccf-bc03-264cf1b76ecd,->,b514dd35-72b3-493a-a02a-c78c1a8365b9,com/csvreader/CsvReader.java,setUseComments
b514dd35-72b3-493a-a02a-c78c1a8365b9,8b6dd70d-ee22-4a13-b13e-45efe98b3257,7a477ca4-4762-4ccf-bc03-264cf1b76ecd,->,b514dd35-72b3-493a-a02a-c78c1a8365b9,8b6dd70d-ee22-4a13-b13e-45efe98b3257,10a1d299-f5a5-4303-94b4-9d0f3562d2bf
b514dd35-72b3-493a-a02a-c78c1a8365b9,8b6dd70d-ee22-4a13-b13e-45efe98b3257,7a477ca4-4762-4ccf-bc03-264cf1b76ecd,->,b514dd35-72b3-493a-a02a-c78c1a8365b9,com/csvreader/CsvReader.java,setTextQualifier
b514dd35-72b3-493a-a02a-c78c1a8365b9,8b6dd70d-ee22-4a13-b13e-45efe98b3257,7a477ca4-4762-4ccf-bc03-264cf1b76ecd,->,b514dd35-72b3-493a-a02a-c78c1a8365b9,com/csvreader/CsvReader.java,setUseTextQualifier
b514dd35-72b3-493a-a02a-c78c1a8365b9,8b6dd70d-ee22-4a13-b13e-45efe98b3257,1d8af17a-bc2b-40a4-93a3-1d41cb6ae719,->,b514dd35-72b3-493a-a02a-c78c1a8365b9,java/util/ArrayList.java,clear
b514dd35-72b3-493a-a02a-c78c1a8365b9,8b6dd70d-ee22-4a13-b13e-45efe98b3257,1d8af17a-bc2b-40a4-93a3-1d41cb6ae719,->,b514dd35-72b3-493a-a02a-c78c1a8365b9,8b6dd70d-ee22-4a13-b13e-45efe98b3257,7a477ca4-4762-4ccf-bc03-264cf1b76ecd
b514dd35-72b3-493a-a02a-c78c1a8365b9,8b6dd70d-ee22-4a13-b13e-45efe98b3257,1d8af17a-bc2b-40a4-93a3-1d41cb6ae719,->,b514dd35-72b3-493a-a02a-c78c1a8365b9,com/csvreader/CsvReader.java,skipLine
b514dd35-72b3-493a-a02a-c78c1a8365b9,8b6dd70d-ee22-4a13-b13e-45efe98b3257,1d8af17a-bc2b-40a4-93a3-1d41cb6ae719,->,b514dd35-72b3-493a-a02a-c78c1a8365b9,com/csvreader/CsvReader.java,readRecord
b514dd35-72b3-493a-a02a-c78c1a8365b9,8b6dd70d-ee22-4a13-b13e-45efe98b3257,1d8af17a-bc2b-40a4-93a3-1d41cb6ae719,->,b514dd35-72b3-493a-a02a-c78c1a8365b9,com/csvreader/CsvReader.java,getValues
b514dd35-72b3-493a-a02a-c78c1a8365b9,8b6dd70d-ee22-4a13-b13e-45efe98b3257,1d8af17a-bc2b-40a4-93a3-1d41cb6ae719,->,b514dd35-72b3-493a-a02a-c78c1a8365b9,8b6dd70d-ee22-4a13-b13e-45efe98b3257,f0f73f18-878f-47ba-99b2-4fdc195d721a
b514dd35-72b3-493a-a02a-c78c1a8365b9,8b6dd70d-ee22-4a13-b13e-45efe98b3257,1d8af17a-bc2b-40a4-93a3-1d41cb6ae719,->,b514dd35-72b3-493a-a02a-c78c1a8365b9,java/lang/String.java,valueOf
b514dd35-72b3-493a-a02a-c78c1a8365b9,8b6dd70d-ee22-4a13-b13e-45efe98b3257,1d8af17a-bc2b-40a4-93a3-1d41cb6ae719,->,b514dd35-72b3-493a-a02a-c78c1a8365b9,java/lang/String.java,startsWith
b514dd35-72b3-493a-a02a-c78c1a8365b9,8b6dd70d-ee22-4a13-b13e-45efe98b3257,1d8af17a-bc2b-40a4-93a3-1d41cb6ae719,->,b514dd35-72b3-493a-a02a-c78c1a8365b9,8b6dd70d-ee22-4a13-b13e-45efe98b3257,d19243ff-379b-498b-adbd-869667f0b0da
b514dd35-72b3-493a-a02a-c78c1a8365b9,8b6dd70d-ee22-4a13-b13e-45efe98b3257,1d8af17a-bc2b-40a4-93a3-1d41cb6ae719,->,b514dd35-72b3-493a-a02a-c78c1a8365b9,b19ea652-d121-4cda-b965-84e19491907f,3beb631b-7b7d-49e2-84ad-30c1c19dd70d
b514dd35-72b3-493a-a02a-c78c1a8365b9,8b6dd70d-ee22-4a13-b13e-45efe98b3257,1d8af17a-bc2b-40a4-93a3-1d41cb6ae719,->,b514dd35-72b3-493a-a02a-c78c1a8365b9,8b6dd70d-ee22-4a13-b13e-45efe98b3257,6cb98bc6-ea6f-4205-9cc7-3308291c5268
b514dd35-72b3-493a-a02a-c78c1a8365b9,8b6dd70d-ee22-4a13-b13e-45efe98b3257,1d8af17a-bc2b-40a4-93a3-1d41cb6ae719,->,b514dd35-72b3-493a-a02a-c78c1a8365b9,b19ea652-d121-4cda-b965-84e19491907f,92eecd47-9186-4467-82bf-04732d6cff56
b514dd35-72b3-493a-a02a-c78c1a8365b9,8b6dd70d-ee22-4a13-b13e-45efe98b3257,1d8af17a-bc2b-40a4-93a3-1d41cb6ae719,->,b514dd35-72b3-493a-a02a-c78c1a8365b9,java/util/ArrayList.java,add
b514dd35-72b3-493a-a02a-c78c1a8365b9,8b6dd70d-ee22-4a13-b13e-45efe98b3257,1d8af17a-bc2b-40a4-93a3-1d41cb6ae719,->,b514dd35-72b3-493a-a02a-c78c1a8365b9,8b6dd70d-ee22-4a13-b13e-45efe98b3257,d19243ff-379b-498b-adbd-869667f0b0da
b514dd35-72b3-493a-a02a-c78c1a8365b9,8b6dd70d-ee22-4a13-b13e-45efe98b3257,1d8af17a-bc2b-40a4-93a3-1d41cb6ae719,->,b514dd35-72b3-493a-a02a-c78c1a8365b9,8b6dd70d-ee22-4a13-b13e-45efe98b3257,6cb98bc6-ea6f-4205-9cc7-3308291c5268
b514dd35-72b3-493a-a02a-c78c1a8365b9,8b6dd70d-ee22-4a13-b13e-45efe98b3257,1d8af17a-bc2b-40a4-93a3-1d41cb6ae719,->,b514dd35-72b3-493a-a02a-c78c1a8365b9,com/csvreader/CsvReader.java,close
b514dd35-72b3-493a-a02a-c78c1a8365b9,8b6dd70d-ee22-4a13-b13e-45efe98b3257,1d8af17a-bc2b-40a4-93a3-1d41cb6ae719,->,b514dd35-72b3-493a-a02a-c78c1a8365b9,java/lang/StringBuilder.java,append
b514dd35-72b3-493a-a02a-c78c1a8365b9,8b6dd70d-ee22-4a13-b13e-45efe98b3257,1d8af17a-bc2b-40a4-93a3-1d41cb6ae719,->,b514dd35-72b3-493a-a02a-c78c1a8365b9,java/lang/StringBuilder.java,append
b514dd35-72b3-493a-a02a-c78c1a8365b9,8b6dd70d-ee22-4a13-b13e-45efe98b3257,1d8af17a-bc2b-40a4-93a3-1d41cb6ae719,->,b514dd35-72b3-493a-a02a-c78c1a8365b9,java/lang/StringBuilder.java,toString
b514dd35-72b3-493a-a02a-c78c1a8365b9,8b6dd70d-ee22-4a13-b13e-45efe98b3257,1d8af17a-bc2b-40a4-93a3-1d41cb6ae719,->,b514dd35-72b3-493a-a02a-c78c1a8365b9,java/io/PrintStream.java,println
b514dd35-72b3-493a-a02a-c78c1a8365b9,8b6dd70d-ee22-4a13-b13e-45efe98b3257,1d8af17a-bc2b-40a4-93a3-1d41cb6ae719,->,b514dd35-72b3-493a-a02a-c78c1a8365b9,java/lang/Exception.java,printStackTrace
b514dd35-72b3-493a-a02a-c78c1a8365b9,8b6dd70d-ee22-4a13-b13e-45efe98b3257,6cb98bc6-ea6f-4205-9cc7-3308291c5268,->,b514dd35-72b3-493a-a02a-c78c1a8365b9,java/util/ArrayList.java,clear
b514dd35-72b3-493a-a02a-c78c1a8365b9,8b6dd70d-ee22-4a13-b13e-45efe98b3257,6cb98bc6-ea6f-4205-9cc7-3308291c5268,->,b514dd35-72b3-493a-a02a-c78c1a8365b9,java/util/ArrayList.java,add
b514dd35-72b3-493a-a02a-c78c1a8365b9,8b6dd70d-ee22-4a13-b13e-45efe98b3257,6cb98bc6-ea6f-4205-9cc7-3308291c5268,->,b514dd35-72b3-493a-a02a-c78c1a8365b9,java/lang/StringBuilder.java,append
b514dd35-72b3-493a-a02a-c78c1a8365b9,8b6dd70d-ee22-4a13-b13e-45efe98b3257,6cb98bc6-ea6f-4205-9cc7-3308291c5268,->,b514dd35-72b3-493a-a02a-c78c1a8365b9,java/lang/StringBuilder.java,append
b514dd35-72b3-493a-a02a-c78c1a8365b9,8b6dd70d-ee22-4a13-b13e-45efe98b3257,6cb98bc6-ea6f-4205-9cc7-3308291c5268,->,b514dd35-72b3-493a-a02a-c78c1a8365b9,java/lang/StringBuilder.java,toString
b514dd35-72b3-493a-a02a-c78c1a8365b9,8b6dd70d-ee22-4a13-b13e-45efe98b3257,6cb98bc6-ea6f-4205-9cc7-3308291c5268,->,b514dd35-72b3-493a-a02a-c78c1a8365b9,java/util/ArrayList.java,add
b514dd35-72b3-493a-a02a-c78c1a8365b9,8b6dd70d-ee22-4a13-b13e-45efe98b3257,9dbb313f-e3a5-4278-a24b-bbab3e52a99b,->,b514dd35-72b3-493a-a02a-c78c1a8365b9,java/util/ArrayList.java,size
b514dd35-72b3-493a-a02a-c78c1a8365b9,8b6dd70d-ee22-4a13-b13e-45efe98b3257,9dbb313f-e3a5-4278-a24b-bbab3e52a99b,->,b514dd35-72b3-493a-a02a-c78c1a8365b9,java/util/ArrayList.java,toArray
b514dd35-72b3-493a-a02a-c78c1a8365b9,8b6dd70d-ee22-4a13-b13e-45efe98b3257,a9b73e91-5e31-4a14-89de-da3a215b3a61,->,b514dd35-72b3-493a-a02a-c78c1a8365b9,b19ea652-d121-4cda-b965-84e19491907f,5925771f-7469-4df3-9295-1e407210b37b
b514dd35-72b3-493a-a02a-c78c1a8365b9,8b6dd70d-ee22-4a13-b13e-45efe98b3257,a9b73e91-5e31-4a14-89de-da3a215b3a61,->,b514dd35-72b3-493a-a02a-c78c1a8365b9,8b6dd70d-ee22-4a13-b13e-45efe98b3257,71e66f10-df8e-41b6-9f49-d5a8eecb031b
b514dd35-72b3-493a-a02a-c78c1a8365b9,8b6dd70d-ee22-4a13-b13e-45efe98b3257,71e66f10-df8e-41b6-9f49-d5a8eecb031b,->,b514dd35-72b3-493a-a02a-c78c1a8365b9,java/util/ArrayList.java,add
b514dd35-72b3-493a-a02a-c78c1a8365b9,8b6dd70d-ee22-4a13-b13e-45efe98b3257,1a9ee105-9278-4dfa-b499-1bff4d06afec,->,b514dd35-72b3-493a-a02a-c78c1a8365b9,b19ea652-d121-4cda-b965-84e19491907f,5925771f-7469-4df3-9295-1e407210b37b
b514dd35-72b3-493a-a02a-c78c1a8365b9,8b6dd70d-ee22-4a13-b13e-45efe98b3257,1a9ee105-9278-4dfa-b499-1bff4d06afec,->,b514dd35-72b3-493a-a02a-c78c1a8365b9,8b6dd70d-ee22-4a13-b13e-45efe98b3257,88c6d605-7714-4410-949c-2a98ad889b71
b514dd35-72b3-493a-a02a-c78c1a8365b9,8b6dd70d-ee22-4a13-b13e-45efe98b3257,1a9ee105-9278-4dfa-b499-1bff4d06afec,->,b514dd35-72b3-493a-a02a-c78c1a8365b9,java/util/ArrayList.java,add
b514dd35-72b3-493a-a02a-c78c1a8365b9,8b6dd70d-ee22-4a13-b13e-45efe98b3257,1a9ee105-9278-4dfa-b499-1bff4d06afec,->,b514dd35-72b3-493a-a02a-c78c1a8365b9,8b6dd70d-ee22-4a13-b13e-45efe98b3257,71e66f10-df8e-41b6-9f49-d5a8eecb031b
b514dd35-72b3-493a-a02a-c78c1a8365b9,8b6dd70d-ee22-4a13-b13e-45efe98b3257,342eeee1-44e2-4b85-a459-5133ad9b39a0,->,b514dd35-72b3-493a-a02a-c78c1a8365b9,8b6dd70d-ee22-4a13-b13e-45efe98b3257,88c6d605-7714-4410-949c-2a98ad889b71
b514dd35-72b3-493a-a02a-c78c1a8365b9,8b6dd70d-ee22-4a13-b13e-45efe98b3257,342eeee1-44e2-4b85-a459-5133ad9b39a0,->,b514dd35-72b3-493a-a02a-c78c1a8365b9,java/util/ArrayList.java,add
b514dd35-72b3-493a-a02a-c78c1a8365b9,8b6dd70d-ee22-4a13-b13e-45efe98b3257,342eeee1-44e2-4b85-a459-5133ad9b39a0,->,b514dd35-72b3-493a-a02a-c78c1a8365b9,8b6dd70d-ee22-4a13-b13e-45efe98b3257,71e66f10-df8e-41b6-9f49-d5a8eecb031b
b514dd35-72b3-493a-a02a-c78c1a8365b9,8b6dd70d-ee22-4a13-b13e-45efe98b3257,88c6d605-7714-4410-949c-2a98ad889b71,->,b514dd35-72b3-493a-a02a-c78c1a8365b9,8b6dd70d-ee22-4a13-b13e-45efe98b3257,f9f9974a-b4b4-486e-8d13-a722eb8dde75
b514dd35-72b3-493a-a02a-c78c1a8365b9,8b6dd70d-ee22-4a13-b13e-45efe98b3257,88c6d605-7714-4410-949c-2a98ad889b71,->,b514dd35-72b3-493a-a02a-c78c1a8365b9,8b6dd70d-ee22-4a13-b13e-45efe98b3257,f69c1448-56cc-4548-958c-4e1537ddb748
b514dd35-72b3-493a-a02a-c78c1a8365b9,8b6dd70d-ee22-4a13-b13e-45efe98b3257,88c6d605-7714-4410-949c-2a98ad889b71,->,b514dd35-72b3-493a-a02a-c78c1a8365b9,b19ea652-d121-4cda-b965-84e19491907f,1b211c40-6564-4327-8ec5-de03bca406df
b514dd35-72b3-493a-a02a-c78c1a8365b9,8b6dd70d-ee22-4a13-b13e-45efe98b3257,f9f9974a-b4b4-486e-8d13-a722eb8dde75,->,b514dd35-72b3-493a-a02a-c78c1a8365b9,java/util/ArrayList.java,iterator
b514dd35-72b3-493a-a02a-c78c1a8365b9,8b6dd70d-ee22-4a13-b13e-45efe98b3257,f9f9974a-b4b4-486e-8d13-a722eb8dde75,->,b514dd35-72b3-493a-a02a-c78c1a8365b9,java/util/Iterator.java,hasNext
b514dd35-72b3-493a-a02a-c78c1a8365b9,8b6dd70d-ee22-4a13-b13e-45efe98b3257,f9f9974a-b4b4-486e-8d13-a722eb8dde75,->,b514dd35-72b3-493a-a02a-c78c1a8365b9,java/util/Iterator.java,next
b514dd35-72b3-493a-a02a-c78c1a8365b9,8b6dd70d-ee22-4a13-b13e-45efe98b3257,f9f9974a-b4b4-486e-8d13-a722eb8dde75,->,b514dd35-72b3-493a-a02a-c78c1a8365b9,b19ea652-d121-4cda-b965-84e19491907f,0a7df11a-2c80-41b5-a107-02234d280db3
b514dd35-72b3-493a-a02a-c78c1a8365b9,8b6dd70d-ee22-4a13-b13e-45efe98b3257,f9f9974a-b4b4-486e-8d13-a722eb8dde75,->,b514dd35-72b3-493a-a02a-c78c1a8365b9,java/util/ArrayList.java,add
b514dd35-72b3-493a-a02a-c78c1a8365b9,8b6dd70d-ee22-4a13-b13e-45efe98b3257,f9f9974a-b4b4-486e-8d13-a722eb8dde75,->,b514dd35-72b3-493a-a02a-c78c1a8365b9,b19ea652-d121-4cda-b965-84e19491907f,58463205-3b7b-4a76-8b35-5ca50cb8d791
b514dd35-72b3-493a-a02a-c78c1a8365b9,8b6dd70d-ee22-4a13-b13e-45efe98b3257,f9f9974a-b4b4-486e-8d13-a722eb8dde75,->,b514dd35-72b3-493a-a02a-c78c1a8365b9,java/util/ArrayList.java,add
b514dd35-72b3-493a-a02a-c78c1a8365b9,8b6dd70d-ee22-4a13-b13e-45efe98b3257,f9f9974a-b4b4-486e-8d13-a722eb8dde75,->,b514dd35-72b3-493a-a02a-c78c1a8365b9,java/util/ArrayList.java,toArray
b514dd35-72b3-493a-a02a-c78c1a8365b9,8b6dd70d-ee22-4a13-b13e-45efe98b3257,f69c1448-56cc-4548-958c-4e1537ddb748,->,b514dd35-72b3-493a-a02a-c78c1a8365b9,java/util/ArrayList.java,get
b514dd35-72b3-493a-a02a-c78c1a8365b9,8b6dd70d-ee22-4a13-b13e-45efe98b3257,b37e589b-6f78-48d4-b37d-420dbbd9952d,->,b514dd35-72b3-493a-a02a-c78c1a8365b9,java/util/ArrayList.java,iterator
b514dd35-72b3-493a-a02a-c78c1a8365b9,8b6dd70d-ee22-4a13-b13e-45efe98b3257,b37e589b-6f78-48d4-b37d-420dbbd9952d,->,b514dd35-72b3-493a-a02a-c78c1a8365b9,java/util/Iterator.java,hasNext
b514dd35-72b3-493a-a02a-c78c1a8365b9,8b6dd70d-ee22-4a13-b13e-45efe98b3257,b37e589b-6f78-48d4-b37d-420dbbd9952d,->,b514dd35-72b3-493a-a02a-c78c1a8365b9,java/util/Iterator.java,next
b514dd35-72b3-493a-a02a-c78c1a8365b9,8b6dd70d-ee22-4a13-b13e-45efe98b3257,b37e589b-6f78-48d4-b37d-420dbbd9952d,->,b514dd35-72b3-493a-a02a-c78c1a8365b9,61375ee0-c301-48c3-b003-45fe0e9d1fb5,3b141fe5-1fca-49a2-ab29-92a7999a1562
b514dd35-72b3-493a-a02a-c78c1a8365b9,8b6dd70d-ee22-4a13-b13e-45efe98b3257,"b1ef88cc-7655-4042-82a1-ed8df227a188,9f6228d6-01b1-4891-8509-e56390f4804a",->,b514dd35-72b3-493a-a02a-c78c1a8365b9,java/util/ArrayList.java,remove
b514dd35-72b3-493a-a02a-c78c1a8365b9,8b6dd70d-ee22-4a13-b13e-45efe98b3257,"b1ef88cc-7655-4042-82a1-ed8df227a188,9f6228d6-01b1-4891-8509-e56390f4804a",->,b514dd35-72b3-493a-a02a-c78c1a8365b9,java/util/ArrayList.java,remove
b514dd35-72b3-493a-a02a-c78c1a8365b9,8b6dd70d-ee22-4a13-b13e-45efe98b3257,01e5a2f8-ab80-49f1-af47-b7e746f388f5,->,b514dd35-72b3-493a-a02a-c78c1a8365b9,java/util/ArrayList.java,add
b514dd35-72b3-493a-a02a-c78c1a8365b9,8b6dd70d-ee22-4a13-b13e-45efe98b3257,01e5a2f8-ab80-49f1-af47-b7e746f388f5,->,b514dd35-72b3-493a-a02a-c78c1a8365b9,java/util/ArrayList.java,iterator
b514dd35-72b3-493a-a02a-c78c1a8365b9,8b6dd70d-ee22-4a13-b13e-45efe98b3257,01e5a2f8-ab80-49f1-af47-b7e746f388f5,->,b514dd35-72b3-493a-a02a-c78c1a8365b9,java/util/Iterator.java,hasNext
b514dd35-72b3-493a-a02a-c78c1a8365b9,8b6dd70d-ee22-4a13-b13e-45efe98b3257,01e5a2f8-ab80-49f1-af47-b7e746f388f5,->,b514dd35-72b3-493a-a02a-c78c1a8365b9,java/util/Iterator.java,next
b514dd35-72b3-493a-a02a-c78c1a8365b9,8b6dd70d-ee22-4a13-b13e-45efe98b3257,01e5a2f8-ab80-49f1-af47-b7e746f388f5,->,b514dd35-72b3-493a-a02a-c78c1a8365b9,b19ea652-d121-4cda-b965-84e19491907f,f06e66be-2f6e-4e0e-a07a-9f972da8e62c
b514dd35-72b3-493a-a02a-c78c1a8365b9,8b6dd70d-ee22-4a13-b13e-45efe98b3257,"4f3a270c-b220-424b-9d7a-ea41381d461c,f2321f18-7222-4ea4-aa74-07bcb6c23e07",->,b514dd35-72b3-493a-a02a-c78c1a8365b9,8b6dd70d-ee22-4a13-b13e-45efe98b3257,d19243ff-379b-498b-adbd-869667f0b0da
b514dd35-72b3-493a-a02a-c78c1a8365b9,8b6dd70d-ee22-4a13-b13e-45efe98b3257,"4f3a270c-b220-424b-9d7a-ea41381d461c,f2321f18-7222-4ea4-aa74-07bcb6c23e07",->,b514dd35-72b3-493a-a02a-c78c1a8365b9,java/util/ArrayList.java,remove
b514dd35-72b3-493a-a02a-c78c1a8365b9,8b6dd70d-ee22-4a13-b13e-45efe98b3257,"4f3a270c-b220-424b-9d7a-ea41381d461c,f2321f18-7222-4ea4-aa74-07bcb6c23e07",->,b514dd35-72b3-493a-a02a-c78c1a8365b9,java/util/ArrayList.java,iterator
b514dd35-72b3-493a-a02a-c78c1a8365b9,8b6dd70d-ee22-4a13-b13e-45efe98b3257,"4f3a270c-b220-424b-9d7a-ea41381d461c,f2321f18-7222-4ea4-aa74-07bcb6c23e07",->,b514dd35-72b3-493a-a02a-c78c1a8365b9,java/util/Iterator.java,hasNext
b514dd35-72b3-493a-a02a-c78c1a8365b9,8b6dd70d-ee22-4a13-b13e-45efe98b3257,"4f3a270c-b220-424b-9d7a-ea41381d461c,f2321f18-7222-4ea4-aa74-07bcb6c23e07",->,b514dd35-72b3-493a-a02a-c78c1a8365b9,java/util/Iterator.java,next
b514dd35-72b3-493a-a02a-c78c1a8365b9,8b6dd70d-ee22-4a13-b13e-45efe98b3257,"4f3a270c-b220-424b-9d7a-ea41381d461c,f2321f18-7222-4ea4-aa74-07bcb6c23e07",->,b514dd35-72b3-493a-a02a-c78c1a8365b9,b19ea652-d121-4cda-b965-84e19491907f,0a7df11a-2c80-41b5-a107-02234d280db3
b514dd35-72b3-493a-a02a-c78c1a8365b9,8b6dd70d-ee22-4a13-b13e-45efe98b3257,"4f3a270c-b220-424b-9d7a-ea41381d461c,f2321f18-7222-4ea4-aa74-07bcb6c23e07",->,b514dd35-72b3-493a-a02a-c78c1a8365b9,java/lang/StringBuilder.java,append
b514dd35-72b3-493a-a02a-c78c1a8365b9,8b6dd70d-ee22-4a13-b13e-45efe98b3257,"4f3a270c-b220-424b-9d7a-ea41381d461c,f2321f18-7222-4ea4-aa74-07bcb6c23e07",->,b514dd35-72b3-493a-a02a-c78c1a8365b9,java/lang/StringBuilder.java,append
b514dd35-72b3-493a-a02a-c78c1a8365b9,8b6dd70d-ee22-4a13-b13e-45efe98b3257,"4f3a270c-b220-424b-9d7a-ea41381d461c,f2321f18-7222-4ea4-aa74-07bcb6c23e07",->,b514dd35-72b3-493a-a02a-c78c1a8365b9,java/lang/StringBuilder.java,append
b514dd35-72b3-493a-a02a-c78c1a8365b9,8b6dd70d-ee22-4a13-b13e-45efe98b3257,"4f3a270c-b220-424b-9d7a-ea41381d461c,f2321f18-7222-4ea4-aa74-07bcb6c23e07",->,b514dd35-72b3-493a-a02a-c78c1a8365b9,java/lang/StringBuilder.java,append
b514dd35-72b3-493a-a02a-c78c1a8365b9,8b6dd70d-ee22-4a13-b13e-45efe98b3257,"4f3a270c-b220-424b-9d7a-ea41381d461c,f2321f18-7222-4ea4-aa74-07bcb6c23e07",->,b514dd35-72b3-493a-a02a-c78c1a8365b9,java/lang/StringBuilder.java,append
b514dd35-72b3-493a-a02a-c78c1a8365b9,8b6dd70d-ee22-4a13-b13e-45efe98b3257,"4f3a270c-b220-424b-9d7a-ea41381d461c,f2321f18-7222-4ea4-aa74-07bcb6c23e07",->,b514dd35-72b3-493a-a02a-c78c1a8365b9,java/lang/StringBuilder.java,toString
b514dd35-72b3-493a-a02a-c78c1a8365b9,8b6dd70d-ee22-4a13-b13e-45efe98b3257,"4f3a270c-b220-424b-9d7a-ea41381d461c,f2321f18-7222-4ea4-aa74-07bcb6c23e07",->,b514dd35-72b3-493a-a02a-c78c1a8365b9,java/io/PrintStream.java,println
b514dd35-72b3-493a-a02a-c78c1a8365b9,8b6dd70d-ee22-4a13-b13e-45efe98b3257,"4f3a270c-b220-424b-9d7a-ea41381d461c,f2321f18-7222-4ea4-aa74-07bcb6c23e07",->,b514dd35-72b3-493a-a02a-c78c1a8365b9,b19ea652-d121-4cda-b965-84e19491907f,549cdfaf-242d-47bd-9158-69d0cdb61c3a
b514dd35-72b3-493a-a02a-c78c1a8365b9,8b6dd70d-ee22-4a13-b13e-45efe98b3257,"4f3a270c-b220-424b-9d7a-ea41381d461c,f2321f18-7222-4ea4-aa74-07bcb6c23e07",->,b514dd35-72b3-493a-a02a-c78c1a8365b9,java/util/ArrayList.java,indexOf
b514dd35-72b3-493a-a02a-c78c1a8365b9,8b6dd70d-ee22-4a13-b13e-45efe98b3257,"4f3a270c-b220-424b-9d7a-ea41381d461c,f2321f18-7222-4ea4-aa74-07bcb6c23e07",->,b514dd35-72b3-493a-a02a-c78c1a8365b9,8b6dd70d-ee22-4a13-b13e-45efe98b3257,"4f3a270c-b220-424b-9d7a-ea41381d461c,f2321f18-7222-4ea4-aa74-07bcb6c23e07"
b514dd35-72b3-493a-a02a-c78c1a8365b9,8b6dd70d-ee22-4a13-b13e-45efe98b3257,efc167b9-22f3-4d2e-b5a6-3fb2167c9a9c,->,b514dd35-72b3-493a-a02a-c78c1a8365b9,java/util/ArrayList.java,remove
b514dd35-72b3-493a-a02a-c78c1a8365b9,8b6dd70d-ee22-4a13-b13e-45efe98b3257,231650a7-3787-4cb3-a841-f1668e650f13,->,b514dd35-72b3-493a-a02a-c78c1a8365b9,java/util/ArrayList.java,contains
b514dd35-72b3-493a-a02a-c78c1a8365b9,8b6dd70d-ee22-4a13-b13e-45efe98b3257,231650a7-3787-4cb3-a841-f1668e650f13,->,b514dd35-72b3-493a-a02a-c78c1a8365b9,java/util/ArrayList.java,add
b514dd35-72b3-493a-a02a-c78c1a8365b9,8b6dd70d-ee22-4a13-b13e-45efe98b3257,e0576372-11ad-49cf-881d-31f1d118683d,->,b514dd35-72b3-493a-a02a-c78c1a8365b9,8b6dd70d-ee22-4a13-b13e-45efe98b3257,ca281fd8-b6da-4f2d-9e53-2c11471a46c5
b514dd35-72b3-493a-a02a-c78c1a8365b9,8b6dd70d-ee22-4a13-b13e-45efe98b3257,e0576372-11ad-49cf-881d-31f1d118683d,->,b514dd35-72b3-493a-a02a-c78c1a8365b9,8b6dd70d-ee22-4a13-b13e-45efe98b3257,10a1d299-f5a5-4303-94b4-9d0f3562d2bf
b514dd35-72b3-493a-a02a-c78c1a8365b9,8b6dd70d-ee22-4a13-b13e-45efe98b3257,e0576372-11ad-49cf-881d-31f1d118683d,->,b514dd35-72b3-493a-a02a-c78c1a8365b9,com/csvreader/CsvWriter.java,setTextQualifier
b514dd35-72b3-493a-a02a-c78c1a8365b9,8b6dd70d-ee22-4a13-b13e-45efe98b3257,e0576372-11ad-49cf-881d-31f1d118683d,->,b514dd35-72b3-493a-a02a-c78c1a8365b9,8b6dd70d-ee22-4a13-b13e-45efe98b3257,2bfa9b9d-e21c-4b7e-8907-60a1f9c9eeaa
b514dd35-72b3-493a-a02a-c78c1a8365b9,8b6dd70d-ee22-4a13-b13e-45efe98b3257,e0576372-11ad-49cf-881d-31f1d118683d,->,b514dd35-72b3-493a-a02a-c78c1a8365b9,com/csvreader/CsvWriter.java,setForceQualifier
b514dd35-72b3-493a-a02a-c78c1a8365b9,8b6dd70d-ee22-4a13-b13e-45efe98b3257,e0576372-11ad-49cf-881d-31f1d118683d,->,b514dd35-72b3-493a-a02a-c78c1a8365b9,8b6dd70d-ee22-4a13-b13e-45efe98b3257,f0f73f18-878f-47ba-99b2-4fdc195d721a
b514dd35-72b3-493a-a02a-c78c1a8365b9,8b6dd70d-ee22-4a13-b13e-45efe98b3257,e0576372-11ad-49cf-881d-31f1d118683d,->,b514dd35-72b3-493a-a02a-c78c1a8365b9,com/csvreader/CsvWriter.java,setComment
b514dd35-72b3-493a-a02a-c78c1a8365b9,8b6dd70d-ee22-4a13-b13e-45efe98b3257,7572d097-7d64-4e7d-91c8-38310d9ce481,->,b514dd35-72b3-493a-a02a-c78c1a8365b9,8b6dd70d-ee22-4a13-b13e-45efe98b3257,e0576372-11ad-49cf-881d-31f1d118683d
b514dd35-72b3-493a-a02a-c78c1a8365b9,8b6dd70d-ee22-4a13-b13e-45efe98b3257,7572d097-7d64-4e7d-91c8-38310d9ce481,->,b514dd35-72b3-493a-a02a-c78c1a8365b9,java/util/ArrayList.java,iterator
b514dd35-72b3-493a-a02a-c78c1a8365b9,8b6dd70d-ee22-4a13-b13e-45efe98b3257,7572d097-7d64-4e7d-91c8-38310d9ce481,->,b514dd35-72b3-493a-a02a-c78c1a8365b9,java/util/Iterator.java,hasNext
b514dd35-72b3-493a-a02a-c78c1a8365b9,8b6dd70d-ee22-4a13-b13e-45efe98b3257,7572d097-7d64-4e7d-91c8-38310d9ce481,->,b514dd35-72b3-493a-a02a-c78c1a8365b9,java/util/Iterator.java,next
b514dd35-72b3-493a-a02a-c78c1a8365b9,8b6dd70d-ee22-4a13-b13e-45efe98b3257,7572d097-7d64-4e7d-91c8-38310d9ce481,->,b514dd35-72b3-493a-a02a-c78c1a8365b9,b19ea652-d121-4cda-b965-84e19491907f,0a7df11a-2c80-41b5-a107-02234d280db3
b514dd35-72b3-493a-a02a-c78c1a8365b9,8b6dd70d-ee22-4a13-b13e-45efe98b3257,7572d097-7d64-4e7d-91c8-38310d9ce481,->,b514dd35-72b3-493a-a02a-c78c1a8365b9,b19ea652-d121-4cda-b965-84e19491907f,ce359f5c-b0c4-4b13-a890-8c5353d3b317
b514dd35-72b3-493a-a02a-c78c1a8365b9,8b6dd70d-ee22-4a13-b13e-45efe98b3257,7572d097-7d64-4e7d-91c8-38310d9ce481,->,b514dd35-72b3-493a-a02a-c78c1a8365b9,com/csvreader/CsvWriter.java,writeComment
b514dd35-72b3-493a-a02a-c78c1a8365b9,8b6dd70d-ee22-4a13-b13e-45efe98b3257,7572d097-7d64-4e7d-91c8-38310d9ce481,->,b514dd35-72b3-493a-a02a-c78c1a8365b9,b19ea652-d121-4cda-b965-84e19491907f,80b9fb7d-a6fe-4bcb-8555-8597ca89c305
b514dd35-72b3-493a-a02a-c78c1a8365b9,8b6dd70d-ee22-4a13-b13e-45efe98b3257,7572d097-7d64-4e7d-91c8-38310d9ce481,->,b514dd35-72b3-493a-a02a-c78c1a8365b9,b19ea652-d121-4cda-b965-84e19491907f,80b9fb7d-a6fe-4bcb-8555-8597ca89c305
b514dd35-72b3-493a-a02a-c78c1a8365b9,8b6dd70d-ee22-4a13-b13e-45efe98b3257,7572d097-7d64-4e7d-91c8-38310d9ce481,->,b514dd35-72b3-493a-a02a-c78c1a8365b9,com/csvreader/CsvWriter.java,writeRecord
b514dd35-72b3-493a-a02a-c78c1a8365b9,8b6dd70d-ee22-4a13-b13e-45efe98b3257,7572d097-7d64-4e7d-91c8-38310d9ce481,->,b514dd35-72b3-493a-a02a-c78c1a8365b9,com/csvreader/CsvWriter.java,close
b514dd35-72b3-493a-a02a-c78c1a8365b9,8b6dd70d-ee22-4a13-b13e-45efe98b3257,7572d097-7d64-4e7d-91c8-38310d9ce481,->,b514dd35-72b3-493a-a02a-c78c1a8365b9,java/io/StringWriter.java,close
b514dd35-72b3-493a-a02a-c78c1a8365b9,8b6dd70d-ee22-4a13-b13e-45efe98b3257,7572d097-7d64-4e7d-91c8-38310d9ce481,->,b514dd35-72b3-493a-a02a-c78c1a8365b9,java/io/PrintStream.java,println
b514dd35-72b3-493a-a02a-c78c1a8365b9,8b6dd70d-ee22-4a13-b13e-45efe98b3257,7572d097-7d64-4e7d-91c8-38310d9ce481,->,b514dd35-72b3-493a-a02a-c78c1a8365b9,java/lang/Exception.java,printStackTrace
b514dd35-72b3-493a-a02a-c78c1a8365b9,8b6dd70d-ee22-4a13-b13e-45efe98b3257,7572d097-7d64-4e7d-91c8-38310d9ce481,->,b514dd35-72b3-493a-a02a-c78c1a8365b9,java/io/StringWriter.java,toString
b514dd35-72b3-493a-a02a-c78c1a8365b9,org/fhsolution/eclipse/plugins/csvedit/page/DeleteColumnPage$1.java,widgetSelected,->,b514dd35-72b3-493a-a02a-c78c1a8365b9,org/fhsolution/eclipse/plugins/csvedit/page/DeleteColumnPage.java,access$000
b514dd35-72b3-493a-a02a-c78c1a8365b9,org/fhsolution/eclipse/plugins/csvedit/page/DeleteColumnPage$1.java,widgetSelected,->,b514dd35-72b3-493a-a02a-c78c1a8365b9,java/util/ArrayList.java,clear
b514dd35-72b3-493a-a02a-c78c1a8365b9,org/fhsolution/eclipse/plugins/csvedit/page/DeleteColumnPage$1.java,widgetSelected,->,b514dd35-72b3-493a-a02a-c78c1a8365b9,org/fhsolution/eclipse/plugins/csvedit/page/DeleteColumnPage.java,access$000
b514dd35-72b3-493a-a02a-c78c1a8365b9,org/fhsolution/eclipse/plugins/csvedit/page/DeleteColumnPage$1.java,widgetSelected,->,b514dd35-72b3-493a-a02a-c78c1a8365b9,org/eclipse/swt/widgets/List.java,getSelection
b514dd35-72b3-493a-a02a-c78c1a8365b9,org/fhsolution/eclipse/plugins/csvedit/page/DeleteColumnPage$1.java,widgetSelected,->,b514dd35-72b3-493a-a02a-c78c1a8365b9,java/util/Arrays.java,asList
b514dd35-72b3-493a-a02a-c78c1a8365b9,org/fhsolution/eclipse/plugins/csvedit/page/DeleteColumnPage$1.java,widgetSelected,->,b514dd35-72b3-493a-a02a-c78c1a8365b9,java/util/ArrayList.java,addAll
b514dd35-72b3-493a-a02a-c78c1a8365b9,e4696e06-24ce-4f0b-a4a8-0cbeadf217c1,5df9ed88-2471-4d9d-b1e8-03c14f5a8f29,->,b514dd35-72b3-493a-a02a-c78c1a8365b9,org/eclipse/jface/dialogs/Dialog.java,createDialogArea
b514dd35-72b3-493a-a02a-c78c1a8365b9,e4696e06-24ce-4f0b-a4a8-0cbeadf217c1,5df9ed88-2471-4d9d-b1e8-03c14f5a8f29,->,b514dd35-72b3-493a-a02a-c78c1a8365b9,org/eclipse/swt/widgets/Composite.java,setLayout
b514dd35-72b3-493a-a02a-c78c1a8365b9,e4696e06-24ce-4f0b-a4a8-0cbeadf217c1,5df9ed88-2471-4d9d-b1e8-03c14f5a8f29,->,b514dd35-72b3-493a-a02a-c78c1a8365b9,org/eclipse/swt/widgets/Label.java,setLayoutData
b514dd35-72b3-493a-a02a-c78c1a8365b9,e4696e06-24ce-4f0b-a4a8-0cbeadf217c1,5df9ed88-2471-4d9d-b1e8-03c14f5a8f29,->,b514dd35-72b3-493a-a02a-c78c1a8365b9,org/eclipse/swt/widgets/Label.java,setText
b514dd35-72b3-493a-a02a-c78c1a8365b9,e4696e06-24ce-4f0b-a4a8-0cbeadf217c1,5df9ed88-2471-4d9d-b1e8-03c14f5a8f29,->,b514dd35-72b3-493a-a02a-c78c1a8365b9,org/eclipse/swt/widgets/Text.java,setLayoutData
b514dd35-72b3-493a-a02a-c78c1a8365b9,e4696e06-24ce-4f0b-a4a8-0cbeadf217c1,5df9ed88-2471-4d9d-b1e8-03c14f5a8f29,->,b514dd35-72b3-493a-a02a-c78c1a8365b9,org/eclipse/swt/widgets/Text.java,addModifyListener
b514dd35-72b3-493a-a02a-c78c1a8365b9,e4696e06-24ce-4f0b-a4a8-0cbeadf217c1,74f3a402-7abf-428d-87e9-f095a5983105,->,b514dd35-72b3-493a-a02a-c78c1a8365b9,java/util/ArrayList.java,size
b514dd35-72b3-493a-a02a-c78c1a8365b9,e4696e06-24ce-4f0b-a4a8-0cbeadf217c1,74f3a402-7abf-428d-87e9-f095a5983105,->,b514dd35-72b3-493a-a02a-c78c1a8365b9,java/util/ArrayList.java,toArray
b514dd35-72b3-493a-a02a-c78c1a8365b9,e4696e06-24ce-4f0b-a4a8-0cbeadf217c1,493500c5-b8b5-47bd-a5d8-f5ef53317749,->,b514dd35-72b3-493a-a02a-c78c1a8365b9,org/eclipse/jface/dialogs/Dialog.java,configureShell
b514dd35-72b3-493a-a02a-c78c1a8365b9,e4696e06-24ce-4f0b-a4a8-0cbeadf217c1,493500c5-b8b5-47bd-a5d8-f5ef53317749,->,b514dd35-72b3-493a-a02a-c78c1a8365b9,org/eclipse/swt/widgets/Shell.java,setText
b514dd35-72b3-493a-a02a-c78c1a8365b9,b53187de-f715-4a78-843a-9dfeb545064e,2f46e700-27b3-4eec-b190-ccc98d36e614,->,b514dd35-72b3-493a-a02a-c78c1a8365b9,org/eclipse/jface/dialogs/Dialog.java,createDialogArea
b514dd35-72b3-493a-a02a-c78c1a8365b9,b53187de-f715-4a78-843a-9dfeb545064e,2f46e700-27b3-4eec-b190-ccc98d36e614,->,b514dd35-72b3-493a-a02a-c78c1a8365b9,org/eclipse/swt/widgets/Composite.java,setLayout
b514dd35-72b3-493a-a02a-c78c1a8365b9,b53187de-f715-4a78-843a-9dfeb545064e,2f46e700-27b3-4eec-b190-ccc98d36e614,->,b514dd35-72b3-493a-a02a-c78c1a8365b9,org/eclipse/swt/widgets/Label.java,setLayoutData
b514dd35-72b3-493a-a02a-c78c1a8365b9,b53187de-f715-4a78-843a-9dfeb545064e,2f46e700-27b3-4eec-b190-ccc98d36e614,->,b514dd35-72b3-493a-a02a-c78c1a8365b9,org/eclipse/swt/widgets/Label.java,setText
b514dd35-72b3-493a-a02a-c78c1a8365b9,b53187de-f715-4a78-843a-9dfeb545064e,2f46e700-27b3-4eec-b190-ccc98d36e614,->,b514dd35-72b3-493a-a02a-c78c1a8365b9,org/eclipse/swt/widgets/Label.java,setLayoutData
b514dd35-72b3-493a-a02a-c78c1a8365b9,b53187de-f715-4a78-843a-9dfeb545064e,2f46e700-27b3-4eec-b190-ccc98d36e614,->,b514dd35-72b3-493a-a02a-c78c1a8365b9,org/eclipse/swt/widgets/Label.java,setText
b514dd35-72b3-493a-a02a-c78c1a8365b9,b53187de-f715-4a78-843a-9dfeb545064e,2f46e700-27b3-4eec-b190-ccc98d36e614,->,b514dd35-72b3-493a-a02a-c78c1a8365b9,org/eclipse/swt/widgets/List.java,setBounds
b514dd35-72b3-493a-a02a-c78c1a8365b9,b53187de-f715-4a78-843a-9dfeb545064e,2f46e700-27b3-4eec-b190-ccc98d36e614,->,b514dd35-72b3-493a-a02a-c78c1a8365b9,org/eclipse/swt/widgets/List.java,setItems
b514dd35-72b3-493a-a02a-c78c1a8365b9,b53187de-f715-4a78-843a-9dfeb545064e,2f46e700-27b3-4eec-b190-ccc98d36e614,->,b514dd35-72b3-493a-a02a-c78c1a8365b9,org/eclipse/swt/widgets/List.java,addSelectionListener
b514dd35-72b3-493a-a02a-c78c1a8365b9,b53187de-f715-4a78-843a-9dfeb545064e,de66c549-7fb8-4682-8986-2e800ba418a2,->,b514dd35-72b3-493a-a02a-c78c1a8365b9,java/util/ArrayList.java,size
b514dd35-72b3-493a-a02a-c78c1a8365b9,b53187de-f715-4a78-843a-9dfeb545064e,de66c549-7fb8-4682-8986-2e800ba418a2,->,b514dd35-72b3-493a-a02a-c78c1a8365b9,java/util/ArrayList.java,toArray
b514dd35-72b3-493a-a02a-c78c1a8365b9,b53187de-f715-4a78-843a-9dfeb545064e,f8854cfd-19a7-4235-8f2e-1381c8d72865,->,b514dd35-72b3-493a-a02a-c78c1a8365b9,org/eclipse/jface/dialogs/Dialog.java,configureShell
b514dd35-72b3-493a-a02a-c78c1a8365b9,b53187de-f715-4a78-843a-9dfeb545064e,f8854cfd-19a7-4235-8f2e-1381c8d72865,->,b514dd35-72b3-493a-a02a-c78c1a8365b9,org/eclipse/swt/widgets/Shell.java,setText
b514dd35-72b3-493a-a02a-c78c1a8365b9,org/fhsolution/eclipse/plugins/csvedit/page/InsertColumnPage$1.java,modifyText,->,b514dd35-72b3-493a-a02a-c78c1a8365b9,org/eclipse/swt/widgets/Text.java,getText
b514dd35-72b3-493a-a02a-c78c1a8365b9,org/fhsolution/eclipse/plugins/csvedit/page/InsertColumnPage$1.java,modifyText,->,b514dd35-72b3-493a-a02a-c78c1a8365b9,org/fhsolution/eclipse/plugins/csvedit/page/InsertColumnPage.java,access$002
b514dd35-72b3-493a-a02a-c78c1a8365b9,e86e9a8e-93b7-4904-8d8b-b8a1126ce8db,a8c4db44-b8be-4263-b90a-dae66932981c,->,b514dd35-72b3-493a-a02a-c78c1a8365b9,org/eclipse/ui/plugin/AbstractUIPlugin.java,start
b514dd35-72b3-493a-a02a-c78c1a8365b9,e86e9a8e-93b7-4904-8d8b-b8a1126ce8db,7cf38e82-efa1-484a-949a-f7a99b6f11eb,->,b514dd35-72b3-493a-a02a-c78c1a8365b9,org/eclipse/ui/plugin/AbstractUIPlugin.java,stop
b514dd35-72b3-493a-a02a-c78c1a8365b9,e86e9a8e-93b7-4904-8d8b-b8a1126ce8db,eecfbfaf-8c7c-4039-ab19-757c92ba072d,->,b514dd35-72b3-493a-a02a-c78c1a8365b9,org/fhsolution/eclipse/plugins/csvedit/Activator.java,imageDescriptorFromPlugin
b514dd35-72b3-493a-a02a-c78c1a8365b9,8090cdb2-6082-41f4-abde-f52b4c3a8449,83e18129-6c00-4db9-94cb-bb4c1a3cd4a3,->,b514dd35-72b3-493a-a02a-c78c1a8365b9,8b6dd70d-ee22-4a13-b13e-45efe98b3257,f9f9974a-b4b4-486e-8d13-a722eb8dde75
b514dd35-72b3-493a-a02a-c78c1a8365b9,f418906e-191d-44cb-ba3f-726c160c4c59,8034415f-ec69-4b4e-bda0-e82c1dce58ae,->,b514dd35-72b3-493a-a02a-c78c1a8365b9,b19ea652-d121-4cda-b965-84e19491907f,ab916b28-2613-472f-8e62-29b731093b57
b514dd35-72b3-493a-a02a-c78c1a8365b9,f418906e-191d-44cb-ba3f-726c160c4c59,8034415f-ec69-4b4e-bda0-e82c1dce58ae,->,b514dd35-72b3-493a-a02a-c78c1a8365b9,java/util/ArrayList.java,size
b514dd35-72b3-493a-a02a-c78c1a8365b9,f418906e-191d-44cb-ba3f-726c160c4c59,8034415f-ec69-4b4e-bda0-e82c1dce58ae,->,b514dd35-72b3-493a-a02a-c78c1a8365b9,b19ea652-d121-4cda-b965-84e19491907f,ab916b28-2613-472f-8e62-29b731093b57
b514dd35-72b3-493a-a02a-c78c1a8365b9,f418906e-191d-44cb-ba3f-726c160c4c59,8034415f-ec69-4b4e-bda0-e82c1dce58ae,->,b514dd35-72b3-493a-a02a-c78c1a8365b9,java/util/ArrayList.java,get
b514dd35-72b3-493a-a02a-c78c1a8365b9,f418906e-191d-44cb-ba3f-726c160c4c59,8034415f-ec69-4b4e-bda0-e82c1dce58ae,->,b514dd35-72b3-493a-a02a-c78c1a8365b9,java/lang/String.java,toString
b514dd35-72b3-493a-a02a-c78c1a8365b9,f418906e-191d-44cb-ba3f-726c160c4c59,d8bdc9be-7664-48c6-9a3f-e6f4d39471d3,->,b514dd35-72b3-493a-a02a-c78c1a8365b9,org/eclipse/jface/viewers/ViewerCell.java,getElement
b514dd35-72b3-493a-a02a-c78c1a8365b9,f418906e-191d-44cb-ba3f-726c160c4c59,d8bdc9be-7664-48c6-9a3f-e6f4d39471d3,->,b514dd35-72b3-493a-a02a-c78c1a8365b9,org/eclipse/jface/viewers/ViewerCell.java,getColumnIndex
b514dd35-72b3-493a-a02a-c78c1a8365b9,f418906e-191d-44cb-ba3f-726c160c4c59,d8bdc9be-7664-48c6-9a3f-e6f4d39471d3,->,b514dd35-72b3-493a-a02a-c78c1a8365b9,f418906e-191d-44cb-ba3f-726c160c4c59,8034415f-ec69-4b4e-bda0-e82c1dce58ae
b514dd35-72b3-493a-a02a-c78c1a8365b9,f418906e-191d-44cb-ba3f-726c160c4c59,d8bdc9be-7664-48c6-9a3f-e6f4d39471d3,->,b514dd35-72b3-493a-a02a-c78c1a8365b9,org/eclipse/jface/viewers/ViewerCell.java,setText
b514dd35-72b3-493a-a02a-c78c1a8365b9,f418906e-191d-44cb-ba3f-726c160c4c59,d8bdc9be-7664-48c6-9a3f-e6f4d39471d3,->,b514dd35-72b3-493a-a02a-c78c1a8365b9,f418906e-191d-44cb-ba3f-726c160c4c59,05d831d5-468e-4b50-bc1f-94971d8e702f
b514dd35-72b3-493a-a02a-c78c1a8365b9,f418906e-191d-44cb-ba3f-726c160c4c59,d8bdc9be-7664-48c6-9a3f-e6f4d39471d3,->,b514dd35-72b3-493a-a02a-c78c1a8365b9,org/eclipse/jface/viewers/ViewerCell.java,setImage
b514dd35-72b3-493a-a02a-c78c1a8365b9,f418906e-191d-44cb-ba3f-726c160c4c59,d8bdc9be-7664-48c6-9a3f-e6f4d39471d3,->,b514dd35-72b3-493a-a02a-c78c1a8365b9,java/lang/String.java,length
b514dd35-72b3-493a-a02a-c78c1a8365b9,f418906e-191d-44cb-ba3f-726c160c4c59,d8bdc9be-7664-48c6-9a3f-e6f4d39471d3,->,b514dd35-72b3-493a-a02a-c78c1a8365b9,fd2ad0cc-d86e-401d-bc9c-7045e6f050ec,3c9b7999-13a1-4fa6-bde5-8a307b0d9573
b514dd35-72b3-493a-a02a-c78c1a8365b9,f418906e-191d-44cb-ba3f-726c160c4c59,d8bdc9be-7664-48c6-9a3f-e6f4d39471d3,->,b514dd35-72b3-493a-a02a-c78c1a8365b9,java/util/List.java,add
b514dd35-72b3-493a-a02a-c78c1a8365b9,f418906e-191d-44cb-ba3f-726c160c4c59,d8bdc9be-7664-48c6-9a3f-e6f4d39471d3,->,b514dd35-72b3-493a-a02a-c78c1a8365b9,java/util/List.java,size
b514dd35-72b3-493a-a02a-c78c1a8365b9,f418906e-191d-44cb-ba3f-726c160c4c59,d8bdc9be-7664-48c6-9a3f-e6f4d39471d3,->,b514dd35-72b3-493a-a02a-c78c1a8365b9,java/util/List.java,toArray
b514dd35-72b3-493a-a02a-c78c1a8365b9,f418906e-191d-44cb-ba3f-726c160c4c59,d8bdc9be-7664-48c6-9a3f-e6f4d39471d3,->,b514dd35-72b3-493a-a02a-c78c1a8365b9,org/eclipse/jface/viewers/ViewerCell.java,setStyleRanges
b514dd35-72b3-493a-a02a-c78c1a8365b9,f418906e-191d-44cb-ba3f-726c160c4c59,d8bdc9be-7664-48c6-9a3f-e6f4d39471d3,->,b514dd35-72b3-493a-a02a-c78c1a8365b9,org/eclipse/jface/viewers/ViewerCell.java,setStyleRanges
b514dd35-72b3-493a-a02a-c78c1a8365b9,f418906e-191d-44cb-ba3f-726c160c4c59,d8bdc9be-7664-48c6-9a3f-e6f4d39471d3,->,b514dd35-72b3-493a-a02a-c78c1a8365b9,org/eclipse/jface/viewers/StyledCellLabelProvider.java,update
b514dd35-72b3-493a-a02a-c78c1a8365b9,org/fhsolution/eclipse/plugins/csvedit/detailededitor/DetailedEditor$2.java,handleEvent,->,b514dd35-72b3-493a-a02a-c78c1a8365b9,org/fhsolution/eclipse/plugins/csvedit/detailededitor/DetailedEditor.java,access$000
b514dd35-72b3-493a-a02a-c78c1a8365b9,org/fhsolution/eclipse/plugins/csvedit/detailededitor/DetailedEditor$2.java,handleEvent,->,b514dd35-72b3-493a-a02a-c78c1a8365b9,org/eclipse/swt/widgets/Shell.java,dispose
b514dd35-72b3-493a-a02a-c78c1a8365b9,org/fhsolution/eclipse/plugins/csvedit/detailededitor/DetailedAttributeTableViewer$3$1.java,rowChanged,->,b514dd35-72b3-493a-a02a-c78c1a8365b9,org/eclipse/jface/viewers/TableViewer.java,refresh
b514dd35-72b3-493a-a02a-c78c1a8365b9,org/fhsolution/eclipse/plugins/csvedit/detailededitor/DetailedAttributeTableViewer$3.java,handleEvent,->,b514dd35-72b3-493a-a02a-c78c1a8365b9,org/eclipse/jface/viewers/TableViewer.java,getSelection
b514dd35-72b3-493a-a02a-c78c1a8365b9,org/fhsolution/eclipse/plugins/csvedit/detailededitor/DetailedAttributeTableViewer$3.java,handleEvent,->,b514dd35-72b3-493a-a02a-c78c1a8365b9,org/eclipse/jface/viewers/IStructuredSelection.java,getFirstElement
b514dd35-72b3-493a-a02a-c78c1a8365b9,org/fhsolution/eclipse/plugins/csvedit/detailededitor/DetailedAttributeTableViewer$3.java,handleEvent,->,b514dd35-72b3-493a-a02a-c78c1a8365b9,org/eclipse/jface/viewers/TableViewer.java,getTable
b514dd35-72b3-493a-a02a-c78c1a8365b9,org/fhsolution/eclipse/plugins/csvedit/detailededitor/DetailedAttributeTableViewer$3.java,handleEvent,->,b514dd35-72b3-493a-a02a-c78c1a8365b9,org/eclipse/swt/widgets/Table.java,getColumnCount
b514dd35-72b3-493a-a02a-c78c1a8365b9,org/fhsolution/eclipse/plugins/csvedit/detailededitor/DetailedAttributeTableViewer$3.java,handleEvent,->,b514dd35-72b3-493a-a02a-c78c1a8365b9,java/util/List.java,add
b514dd35-72b3-493a-a02a-c78c1a8365b9,org/fhsolution/eclipse/plugins/csvedit/detailededitor/DetailedAttributeTableViewer$3.java,handleEvent,->,b514dd35-72b3-493a-a02a-c78c1a8365b9,java/util/List.java,indexOf
b514dd35-72b3-493a-a02a-c78c1a8365b9,org/fhsolution/eclipse/plugins/csvedit/detailededitor/DetailedAttributeTableViewer$3.java,handleEvent,->,b514dd35-72b3-493a-a02a-c78c1a8365b9,java/util/List.java,add
b514dd35-72b3-493a-a02a-c78c1a8365b9,org/fhsolution/eclipse/plugins/csvedit/detailededitor/DetailedAttributeTableViewer$3.java,handleEvent,->,b514dd35-72b3-493a-a02a-c78c1a8365b9,java/util/List.java,add
b514dd35-72b3-493a-a02a-c78c1a8365b9,org/fhsolution/eclipse/plugins/csvedit/detailededitor/DetailedAttributeTableViewer$3.java,handleEvent,->,b514dd35-72b3-493a-a02a-c78c1a8365b9,org/eclipse/jface/viewers/TableViewer.java,refresh
b514dd35-72b3-493a-a02a-c78c1a8365b9,org/fhsolution/eclipse/plugins/csvedit/detailededitor/DetailedAttributeTableViewer$4.java,handleEvent,->,b514dd35-72b3-493a-a02a-c78c1a8365b9,org/eclipse/jface/viewers/TableViewer.java,getSelection
b514dd35-72b3-493a-a02a-c78c1a8365b9,org/fhsolution/eclipse/plugins/csvedit/detailededitor/DetailedAttributeTableViewer$4.java,handleEvent,->,b514dd35-72b3-493a-a02a-c78c1a8365b9,org/eclipse/jface/viewers/IStructuredSelection.java,getFirstElement
b514dd35-72b3-493a-a02a-c78c1a8365b9,org/fhsolution/eclipse/plugins/csvedit/detailededitor/DetailedAttributeTableViewer$4.java,handleEvent,->,b514dd35-72b3-493a-a02a-c78c1a8365b9,org/eclipse/jface/viewers/TableViewer.java,getSelection
b514dd35-72b3-493a-a02a-c78c1a8365b9,org/fhsolution/eclipse/plugins/csvedit/detailededitor/DetailedAttributeTableViewer$4.java,handleEvent,->,b514dd35-72b3-493a-a02a-c78c1a8365b9,org/eclipse/jface/viewers/IStructuredSelection.java,getFirstElement
b514dd35-72b3-493a-a02a-c78c1a8365b9,org/fhsolution/eclipse/plugins/csvedit/detailededitor/DetailedAttributeTableViewer$4.java,handleEvent,->,b514dd35-72b3-493a-a02a-c78c1a8365b9,java/util/List.java,indexOf
b514dd35-72b3-493a-a02a-c78c1a8365b9,org/fhsolution/eclipse/plugins/csvedit/detailededitor/DetailedAttributeTableViewer$4.java,handleEvent,->,b514dd35-72b3-493a-a02a-c78c1a8365b9,java/util/List.java,remove
b514dd35-72b3-493a-a02a-c78c1a8365b9,org/fhsolution/eclipse/plugins/csvedit/detailededitor/DetailedAttributeTableViewer$4.java,handleEvent,->,b514dd35-72b3-493a-a02a-c78c1a8365b9,org/eclipse/jface/viewers/TableViewer.java,refresh
b514dd35-72b3-493a-a02a-c78c1a8365b9,org/fhsolution/eclipse/plugins/csvedit/detailededitor/DetailedAttributeTableViewer$5.java,handleEvent,->,b514dd35-72b3-493a-a02a-c78c1a8365b9,org/eclipse/jface/viewers/TableViewer.java,getTable
b514dd35-72b3-493a-a02a-c78c1a8365b9,org/fhsolution/eclipse/plugins/csvedit/detailededitor/DetailedAttributeTableViewer$5.java,handleEvent,->,b514dd35-72b3-493a-a02a-c78c1a8365b9,org/eclipse/swt/widgets/Table.java,setMenu
b514dd35-72b3-493a-a02a-c78c1a8365b9,org/fhsolution/eclipse/plugins/csvedit/detailededitor/DetailedAttributeTableViewer$5.java,handleEvent,->,b514dd35-72b3-493a-a02a-c78c1a8365b9,org/eclipse/jface/viewers/TableViewer.java,refresh
b514dd35-72b3-493a-a02a-c78c1a8365b9,org/fhsolution/eclipse/plugins/csvedit/detailededitor/DetailedAttributeTableViewer$1.java,rowChanged,->,b514dd35-72b3-493a-a02a-c78c1a8365b9,org/eclipse/jface/viewers/TableViewer.java,refresh
b514dd35-72b3-493a-a02a-c78c1a8365b9,1bbcb45b-e236-4d86-a099-4ba1d0a01ff0,b5837ffc-3c37-4f79-8ecd-511d2412fac3,->,b514dd35-72b3-493a-a02a-c78c1a8365b9,java/lang/Integer.java,parseInt
b514dd35-72b3-493a-a02a-c78c1a8365b9,1bbcb45b-e236-4d86-a099-4ba1d0a01ff0,b5837ffc-3c37-4f79-8ecd-511d2412fac3,->,b514dd35-72b3-493a-a02a-c78c1a8365b9,b2a90c58-e4ca-41e0-84f6-e49ff7606846,e7a2d7e2-dea3-4ba7-b117-8c3681230ef2
b514dd35-72b3-493a-a02a-c78c1a8365b9,1bbcb45b-e236-4d86-a099-4ba1d0a01ff0,b5837ffc-3c37-4f79-8ecd-511d2412fac3,->,b514dd35-72b3-493a-a02a-c78c1a8365b9,b2a90c58-e4ca-41e0-84f6-e49ff7606846,94099fa9-53a3-456d-ac74-4de7e7887dd1
b514dd35-72b3-493a-a02a-c78c1a8365b9,1bbcb45b-e236-4d86-a099-4ba1d0a01ff0,b2d1e8e5-49ba-4d58-ad34-0fb99da72b46,->,b514dd35-72b3-493a-a02a-c78c1a8365b9,java/lang/Integer.java,parseInt
b514dd35-72b3-493a-a02a-c78c1a8365b9,1bbcb45b-e236-4d86-a099-4ba1d0a01ff0,b2d1e8e5-49ba-4d58-ad34-0fb99da72b46,->,b514dd35-72b3-493a-a02a-c78c1a8365b9,org/eclipse/swt/widgets/TableItem.java,getData
b514dd35-72b3-493a-a02a-c78c1a8365b9,1bbcb45b-e236-4d86-a099-4ba1d0a01ff0,b2d1e8e5-49ba-4d58-ad34-0fb99da72b46,->,b514dd35-72b3-493a-a02a-c78c1a8365b9,b2a90c58-e4ca-41e0-84f6-e49ff7606846,e7a2d7e2-dea3-4ba7-b117-8c3681230ef2
b514dd35-72b3-493a-a02a-c78c1a8365b9,1bbcb45b-e236-4d86-a099-4ba1d0a01ff0,b2d1e8e5-49ba-4d58-ad34-0fb99da72b46,->,b514dd35-72b3-493a-a02a-c78c1a8365b9,java/lang/Object.java,toString
b514dd35-72b3-493a-a02a-c78c1a8365b9,1bbcb45b-e236-4d86-a099-4ba1d0a01ff0,b2d1e8e5-49ba-4d58-ad34-0fb99da72b46,->,b514dd35-72b3-493a-a02a-c78c1a8365b9,b2a90c58-e4ca-41e0-84f6-e49ff7606846,bfd203a9-7c4e-4f73-b793-923c4ca187e7
b514dd35-72b3-493a-a02a-c78c1a8365b9,1bbcb45b-e236-4d86-a099-4ba1d0a01ff0,b2d1e8e5-49ba-4d58-ad34-0fb99da72b46,->,b514dd35-72b3-493a-a02a-c78c1a8365b9,b2a90c58-e4ca-41e0-84f6-e49ff7606846,e7a2d7e2-dea3-4ba7-b117-8c3681230ef2
b514dd35-72b3-493a-a02a-c78c1a8365b9,1bbcb45b-e236-4d86-a099-4ba1d0a01ff0,b2d1e8e5-49ba-4d58-ad34-0fb99da72b46,->,b514dd35-72b3-493a-a02a-c78c1a8365b9,b2a90c58-e4ca-41e0-84f6-e49ff7606846,2857cd82-e036-4b46-898d-d2e4b66661ce
b514dd35-72b3-493a-a02a-c78c1a8365b9,1bbcb45b-e236-4d86-a099-4ba1d0a01ff0,b2d1e8e5-49ba-4d58-ad34-0fb99da72b46,->,b514dd35-72b3-493a-a02a-c78c1a8365b9,java/lang/Object.java,toString
b514dd35-72b3-493a-a02a-c78c1a8365b9,1bbcb45b-e236-4d86-a099-4ba1d0a01ff0,b2d1e8e5-49ba-4d58-ad34-0fb99da72b46,->,b514dd35-72b3-493a-a02a-c78c1a8365b9,b2a90c58-e4ca-41e0-84f6-e49ff7606846,bfd203a9-7c4e-4f73-b793-923c4ca187e7
b514dd35-72b3-493a-a02a-c78c1a8365b9,2e3a2178-03b1-4a35-b916-f1b6a97ab8e2,f0df48e1-9dd7-49bf-bbcb-896f5ec68a55,->,b514dd35-72b3-493a-a02a-c78c1a8365b9,java/util/List.java,size
b514dd35-72b3-493a-a02a-c78c1a8365b9,2e3a2178-03b1-4a35-b916-f1b6a97ab8e2,f0df48e1-9dd7-49bf-bbcb-896f5ec68a55,->,b514dd35-72b3-493a-a02a-c78c1a8365b9,java/util/List.java,get
b514dd35-72b3-493a-a02a-c78c1a8365b9,2e3a2178-03b1-4a35-b916-f1b6a97ab8e2,f0df48e1-9dd7-49bf-bbcb-896f5ec68a55,->,b514dd35-72b3-493a-a02a-c78c1a8365b9,java/lang/String.java,equals
b514dd35-72b3-493a-a02a-c78c1a8365b9,2e3a2178-03b1-4a35-b916-f1b6a97ab8e2,f0df48e1-9dd7-49bf-bbcb-896f5ec68a55,->,b514dd35-72b3-493a-a02a-c78c1a8365b9,org/eclipse/swt/widgets/Label.java,setLayoutData
b514dd35-72b3-493a-a02a-c78c1a8365b9,2e3a2178-03b1-4a35-b916-f1b6a97ab8e2,f0df48e1-9dd7-49bf-bbcb-896f5ec68a55,->,b514dd35-72b3-493a-a02a-c78c1a8365b9,java/util/List.java,get
b514dd35-72b3-493a-a02a-c78c1a8365b9,2e3a2178-03b1-4a35-b916-f1b6a97ab8e2,f0df48e1-9dd7-49bf-bbcb-896f5ec68a55,->,b514dd35-72b3-493a-a02a-c78c1a8365b9,java/lang/String.java,matches
b514dd35-72b3-493a-a02a-c78c1a8365b9,2e3a2178-03b1-4a35-b916-f1b6a97ab8e2,f0df48e1-9dd7-49bf-bbcb-896f5ec68a55,->,b514dd35-72b3-493a-a02a-c78c1a8365b9,java/util/List.java,add
b514dd35-72b3-493a-a02a-c78c1a8365b9,2e3a2178-03b1-4a35-b916-f1b6a97ab8e2,f0df48e1-9dd7-49bf-bbcb-896f5ec68a55,->,b514dd35-72b3-493a-a02a-c78c1a8365b9,java/util/List.java,get
b514dd35-72b3-493a-a02a-c78c1a8365b9,2e3a2178-03b1-4a35-b916-f1b6a97ab8e2,f0df48e1-9dd7-49bf-bbcb-896f5ec68a55,->,b514dd35-72b3-493a-a02a-c78c1a8365b9,org/eclipse/swt/widgets/Label.java,setText
b514dd35-72b3-493a-a02a-c78c1a8365b9,2e3a2178-03b1-4a35-b916-f1b6a97ab8e2,f0df48e1-9dd7-49bf-bbcb-896f5ec68a55,->,b514dd35-72b3-493a-a02a-c78c1a8365b9,org/eclipse/swt/widgets/Text.java,setLayoutData
b514dd35-72b3-493a-a02a-c78c1a8365b9,2e3a2178-03b1-4a35-b916-f1b6a97ab8e2,f0df48e1-9dd7-49bf-bbcb-896f5ec68a55,->,b514dd35-72b3-493a-a02a-c78c1a8365b9,java/util/List.java,add
b514dd35-72b3-493a-a02a-c78c1a8365b9,2e3a2178-03b1-4a35-b916-f1b6a97ab8e2,ed60aead-6b51-40da-8366-f6be5c32ac4a,->,b514dd35-72b3-493a-a02a-c78c1a8365b9,java/util/List.java,size
b514dd35-72b3-493a-a02a-c78c1a8365b9,2e3a2178-03b1-4a35-b916-f1b6a97ab8e2,ed60aead-6b51-40da-8366-f6be5c32ac4a,->,b514dd35-72b3-493a-a02a-c78c1a8365b9,java/util/List.java,get
b514dd35-72b3-493a-a02a-c78c1a8365b9,2e3a2178-03b1-4a35-b916-f1b6a97ab8e2,ed60aead-6b51-40da-8366-f6be5c32ac4a,->,b514dd35-72b3-493a-a02a-c78c1a8365b9,java/util/List.java,get
b514dd35-72b3-493a-a02a-c78c1a8365b9,2e3a2178-03b1-4a35-b916-f1b6a97ab8e2,ed60aead-6b51-40da-8366-f6be5c32ac4a,->,b514dd35-72b3-493a-a02a-c78c1a8365b9,b19ea652-d121-4cda-b965-84e19491907f,e4d0e371-780b-473a-b426-eb964223ef59
b514dd35-72b3-493a-a02a-c78c1a8365b9,2e3a2178-03b1-4a35-b916-f1b6a97ab8e2,ed60aead-6b51-40da-8366-f6be5c32ac4a,->,b514dd35-72b3-493a-a02a-c78c1a8365b9,org/eclipse/swt/widgets/Text.java,setText
b514dd35-72b3-493a-a02a-c78c1a8365b9,2e3a2178-03b1-4a35-b916-f1b6a97ab8e2,ed60aead-6b51-40da-8366-f6be5c32ac4a,->,b514dd35-72b3-493a-a02a-c78c1a8365b9,java/util/List.java,get
b514dd35-72b3-493a-a02a-c78c1a8365b9,2e3a2178-03b1-4a35-b916-f1b6a97ab8e2,ed60aead-6b51-40da-8366-f6be5c32ac4a,->,b514dd35-72b3-493a-a02a-c78c1a8365b9,java/util/List.java,get
b514dd35-72b3-493a-a02a-c78c1a8365b9,2e3a2178-03b1-4a35-b916-f1b6a97ab8e2,ed60aead-6b51-40da-8366-f6be5c32ac4a,->,b514dd35-72b3-493a-a02a-c78c1a8365b9,java/util/List.java,add
b514dd35-72b3-493a-a02a-c78c1a8365b9,2e3a2178-03b1-4a35-b916-f1b6a97ab8e2,ed60aead-6b51-40da-8366-f6be5c32ac4a,->,b514dd35-72b3-493a-a02a-c78c1a8365b9,b19ea652-d121-4cda-b965-84e19491907f,e4d0e371-780b-473a-b426-eb964223ef59
b514dd35-72b3-493a-a02a-c78c1a8365b9,2e3a2178-03b1-4a35-b916-f1b6a97ab8e2,ed60aead-6b51-40da-8366-f6be5c32ac4a,->,b514dd35-72b3-493a-a02a-c78c1a8365b9,java/lang/String.java,split
b514dd35-72b3-493a-a02a-c78c1a8365b9,2e3a2178-03b1-4a35-b916-f1b6a97ab8e2,ed60aead-6b51-40da-8366-f6be5c32ac4a,->,b514dd35-72b3-493a-a02a-c78c1a8365b9,java/lang/String.java,trim
b514dd35-72b3-493a-a02a-c78c1a8365b9,2e3a2178-03b1-4a35-b916-f1b6a97ab8e2,ed60aead-6b51-40da-8366-f6be5c32ac4a,->,b514dd35-72b3-493a-a02a-c78c1a8365b9,java/lang/String.java,equals
b514dd35-72b3-493a-a02a-c78c1a8365b9,2e3a2178-03b1-4a35-b916-f1b6a97ab8e2,ed60aead-6b51-40da-8366-f6be5c32ac4a,->,b514dd35-72b3-493a-a02a-c78c1a8365b9,java/util/List.java,add
b514dd35-72b3-493a-a02a-c78c1a8365b9,2e3a2178-03b1-4a35-b916-f1b6a97ab8e2,ed60aead-6b51-40da-8366-f6be5c32ac4a,->,b514dd35-72b3-493a-a02a-c78c1a8365b9,java/util/List.java,get
b514dd35-72b3-493a-a02a-c78c1a8365b9,2e3a2178-03b1-4a35-b916-f1b6a97ab8e2,ed60aead-6b51-40da-8366-f6be5c32ac4a,->,b514dd35-72b3-493a-a02a-c78c1a8365b9,fdc35c35-ed24-4219-a2a3-c14bd5096bfa,91462bfe-b424-4efd-9d4e-d8824990cfb7
b514dd35-72b3-493a-a02a-c78c1a8365b9,2e3a2178-03b1-4a35-b916-f1b6a97ab8e2,aba272fd-d2a4-4613-9581-d58319d49cbe,->,b514dd35-72b3-493a-a02a-c78c1a8365b9,java/util/List.java,size
b514dd35-72b3-493a-a02a-c78c1a8365b9,2e3a2178-03b1-4a35-b916-f1b6a97ab8e2,aba272fd-d2a4-4613-9581-d58319d49cbe,->,b514dd35-72b3-493a-a02a-c78c1a8365b9,java/util/List.java,get
b514dd35-72b3-493a-a02a-c78c1a8365b9,2e3a2178-03b1-4a35-b916-f1b6a97ab8e2,aba272fd-d2a4-4613-9581-d58319d49cbe,->,b514dd35-72b3-493a-a02a-c78c1a8365b9,java/lang/String.java,equals
b514dd35-72b3-493a-a02a-c78c1a8365b9,2e3a2178-03b1-4a35-b916-f1b6a97ab8e2,aba272fd-d2a4-4613-9581-d58319d49cbe,->,b514dd35-72b3-493a-a02a-c78c1a8365b9,java/util/List.java,get
b514dd35-72b3-493a-a02a-c78c1a8365b9,2e3a2178-03b1-4a35-b916-f1b6a97ab8e2,aba272fd-d2a4-4613-9581-d58319d49cbe,->,b514dd35-72b3-493a-a02a-c78c1a8365b9,java/util/List.java,get
b514dd35-72b3-493a-a02a-c78c1a8365b9,2e3a2178-03b1-4a35-b916-f1b6a97ab8e2,aba272fd-d2a4-4613-9581-d58319d49cbe,->,b514dd35-72b3-493a-a02a-c78c1a8365b9,org/eclipse/swt/widgets/Text.java,getText
b514dd35-72b3-493a-a02a-c78c1a8365b9,2e3a2178-03b1-4a35-b916-f1b6a97ab8e2,aba272fd-d2a4-4613-9581-d58319d49cbe,->,b514dd35-72b3-493a-a02a-c78c1a8365b9,b19ea652-d121-4cda-b965-84e19491907f,da2c0dc7-cf93-4f20-b290-8ec93ab5f656
b514dd35-72b3-493a-a02a-c78c1a8365b9,2e3a2178-03b1-4a35-b916-f1b6a97ab8e2,aba272fd-d2a4-4613-9581-d58319d49cbe,->,b514dd35-72b3-493a-a02a-c78c1a8365b9,java/util/List.java,get
b514dd35-72b3-493a-a02a-c78c1a8365b9,2e3a2178-03b1-4a35-b916-f1b6a97ab8e2,aba272fd-d2a4-4613-9581-d58319d49cbe,->,b514dd35-72b3-493a-a02a-c78c1a8365b9,java/util/List.java,get
b514dd35-72b3-493a-a02a-c78c1a8365b9,2e3a2178-03b1-4a35-b916-f1b6a97ab8e2,aba272fd-d2a4-4613-9581-d58319d49cbe,->,b514dd35-72b3-493a-a02a-c78c1a8365b9,fdc35c35-ed24-4219-a2a3-c14bd5096bfa,80eb5d64-6342-4a2c-83a5-f62dc4943b5f
b514dd35-72b3-493a-a02a-c78c1a8365b9,2e3a2178-03b1-4a35-b916-f1b6a97ab8e2,aba272fd-d2a4-4613-9581-d58319d49cbe,->,b514dd35-72b3-493a-a02a-c78c1a8365b9,java/util/List.java,iterator
b514dd35-72b3-493a-a02a-c78c1a8365b9,2e3a2178-03b1-4a35-b916-f1b6a97ab8e2,aba272fd-d2a4-4613-9581-d58319d49cbe,->,b514dd35-72b3-493a-a02a-c78c1a8365b9,java/util/Iterator.java,hasNext
b514dd35-72b3-493a-a02a-c78c1a8365b9,2e3a2178-03b1-4a35-b916-f1b6a97ab8e2,aba272fd-d2a4-4613-9581-d58319d49cbe,->,b514dd35-72b3-493a-a02a-c78c1a8365b9,java/util/Iterator.java,next
b514dd35-72b3-493a-a02a-c78c1a8365b9,2e3a2178-03b1-4a35-b916-f1b6a97ab8e2,aba272fd-d2a4-4613-9581-d58319d49cbe,->,b514dd35-72b3-493a-a02a-c78c1a8365b9,b2a90c58-e4ca-41e0-84f6-e49ff7606846,94099fa9-53a3-456d-ac74-4de7e7887dd1
b514dd35-72b3-493a-a02a-c78c1a8365b9,2e3a2178-03b1-4a35-b916-f1b6a97ab8e2,aba272fd-d2a4-4613-9581-d58319d49cbe,->,b514dd35-72b3-493a-a02a-c78c1a8365b9,java/lang/String.java,equals
b514dd35-72b3-493a-a02a-c78c1a8365b9,2e3a2178-03b1-4a35-b916-f1b6a97ab8e2,aba272fd-d2a4-4613-9581-d58319d49cbe,->,b514dd35-72b3-493a-a02a-c78c1a8365b9,b2a90c58-e4ca-41e0-84f6-e49ff7606846,94099fa9-53a3-456d-ac74-4de7e7887dd1
b514dd35-72b3-493a-a02a-c78c1a8365b9,2e3a2178-03b1-4a35-b916-f1b6a97ab8e2,aba272fd-d2a4-4613-9581-d58319d49cbe,->,b514dd35-72b3-493a-a02a-c78c1a8365b9,java/lang/String.java,trim
b514dd35-72b3-493a-a02a-c78c1a8365b9,2e3a2178-03b1-4a35-b916-f1b6a97ab8e2,aba272fd-d2a4-4613-9581-d58319d49cbe,->,b514dd35-72b3-493a-a02a-c78c1a8365b9,java/lang/StringBuilder.java,append
b514dd35-72b3-493a-a02a-c78c1a8365b9,2e3a2178-03b1-4a35-b916-f1b6a97ab8e2,aba272fd-d2a4-4613-9581-d58319d49cbe,->,b514dd35-72b3-493a-a02a-c78c1a8365b9,java/lang/StringBuilder.java,append
b514dd35-72b3-493a-a02a-c78c1a8365b9,2e3a2178-03b1-4a35-b916-f1b6a97ab8e2,aba272fd-d2a4-4613-9581-d58319d49cbe,->,b514dd35-72b3-493a-a02a-c78c1a8365b9,java/lang/StringBuilder.java,toString
b514dd35-72b3-493a-a02a-c78c1a8365b9,2e3a2178-03b1-4a35-b916-f1b6a97ab8e2,aba272fd-d2a4-4613-9581-d58319d49cbe,->,b514dd35-72b3-493a-a02a-c78c1a8365b9,java/lang/String.java,length
b514dd35-72b3-493a-a02a-c78c1a8365b9,2e3a2178-03b1-4a35-b916-f1b6a97ab8e2,aba272fd-d2a4-4613-9581-d58319d49cbe,->,b514dd35-72b3-493a-a02a-c78c1a8365b9,java/lang/String.java,length
b514dd35-72b3-493a-a02a-c78c1a8365b9,2e3a2178-03b1-4a35-b916-f1b6a97ab8e2,aba272fd-d2a4-4613-9581-d58319d49cbe,->,b514dd35-72b3-493a-a02a-c78c1a8365b9,java/lang/String.java,length
b514dd35-72b3-493a-a02a-c78c1a8365b9,2e3a2178-03b1-4a35-b916-f1b6a97ab8e2,aba272fd-d2a4-4613-9581-d58319d49cbe,->,b514dd35-72b3-493a-a02a-c78c1a8365b9,java/lang/String.java,substring
b514dd35-72b3-493a-a02a-c78c1a8365b9,2e3a2178-03b1-4a35-b916-f1b6a97ab8e2,aba272fd-d2a4-4613-9581-d58319d49cbe,->,b514dd35-72b3-493a-a02a-c78c1a8365b9,java/lang/String.java,equals
b514dd35-72b3-493a-a02a-c78c1a8365b9,2e3a2178-03b1-4a35-b916-f1b6a97ab8e2,aba272fd-d2a4-4613-9581-d58319d49cbe,->,b514dd35-72b3-493a-a02a-c78c1a8365b9,java/lang/String.java,length
b514dd35-72b3-493a-a02a-c78c1a8365b9,2e3a2178-03b1-4a35-b916-f1b6a97ab8e2,aba272fd-d2a4-4613-9581-d58319d49cbe,->,b514dd35-72b3-493a-a02a-c78c1a8365b9,java/lang/String.java,substring
b514dd35-72b3-493a-a02a-c78c1a8365b9,2e3a2178-03b1-4a35-b916-f1b6a97ab8e2,aba272fd-d2a4-4613-9581-d58319d49cbe,->,b514dd35-72b3-493a-a02a-c78c1a8365b9,b19ea652-d121-4cda-b965-84e19491907f,da2c0dc7-cf93-4f20-b290-8ec93ab5f656
b514dd35-72b3-493a-a02a-c78c1a8365b9,2e3a2178-03b1-4a35-b916-f1b6a97ab8e2,f75aeab6-990e-4bac-bc8d-f26bea3bcedd,->,b514dd35-72b3-493a-a02a-c78c1a8365b9,org/eclipse/swt/widgets/Shell.java,open
b514dd35-72b3-493a-a02a-c78c1a8365b9,org/fhsolution/eclipse/plugins/csvedit/detailededitor/DetailedEditor.java,access$000,->,b514dd35-72b3-493a-a02a-c78c1a8365b9,2e3a2178-03b1-4a35-b916-f1b6a97ab8e2,aba272fd-d2a4-4613-9581-d58319d49cbe
b514dd35-72b3-493a-a02a-c78c1a8365b9,org/fhsolution/eclipse/plugins/csvedit/detailededitor/DetailedAttributeTableViewer$2.java,getText,->,b514dd35-72b3-493a-a02a-c78c1a8365b9,b2a90c58-e4ca-41e0-84f6-e49ff7606846,94099fa9-53a3-456d-ac74-4de7e7887dd1
b514dd35-72b3-493a-a02a-c78c1a8365b9,fdc35c35-ed24-4219-a2a3-c14bd5096bfa,91462bfe-b424-4efd-9d4e-d8824990cfb7,->,b514dd35-72b3-493a-a02a-c78c1a8365b9,java/util/List.java,size
b514dd35-72b3-493a-a02a-c78c1a8365b9,fdc35c35-ed24-4219-a2a3-c14bd5096bfa,91462bfe-b424-4efd-9d4e-d8824990cfb7,->,b514dd35-72b3-493a-a02a-c78c1a8365b9,org/eclipse/jface/viewers/TableViewerColumn.java,getColumn
b514dd35-72b3-493a-a02a-c78c1a8365b9,fdc35c35-ed24-4219-a2a3-c14bd5096bfa,91462bfe-b424-4efd-9d4e-d8824990cfb7,->,b514dd35-72b3-493a-a02a-c78c1a8365b9,java/util/List.java,get
b514dd35-72b3-493a-a02a-c78c1a8365b9,fdc35c35-ed24-4219-a2a3-c14bd5096bfa,91462bfe-b424-4efd-9d4e-d8824990cfb7,->,b514dd35-72b3-493a-a02a-c78c1a8365b9,org/eclipse/swt/widgets/TableColumn.java,setText
b514dd35-72b3-493a-a02a-c78c1a8365b9,fdc35c35-ed24-4219-a2a3-c14bd5096bfa,91462bfe-b424-4efd-9d4e-d8824990cfb7,->,b514dd35-72b3-493a-a02a-c78c1a8365b9,org/eclipse/jface/viewers/TableViewerColumn.java,getColumn
b514dd35-72b3-493a-a02a-c78c1a8365b9,fdc35c35-ed24-4219-a2a3-c14bd5096bfa,91462bfe-b424-4efd-9d4e-d8824990cfb7,->,b514dd35-72b3-493a-a02a-c78c1a8365b9,org/eclipse/swt/widgets/TableColumn.java,setWidth
b514dd35-72b3-493a-a02a-c78c1a8365b9,fdc35c35-ed24-4219-a2a3-c14bd5096bfa,91462bfe-b424-4efd-9d4e-d8824990cfb7,->,b514dd35-72b3-493a-a02a-c78c1a8365b9,org/eclipse/jface/viewers/TableViewerColumn.java,getColumn
b514dd35-72b3-493a-a02a-c78c1a8365b9,fdc35c35-ed24-4219-a2a3-c14bd5096bfa,91462bfe-b424-4efd-9d4e-d8824990cfb7,->,b514dd35-72b3-493a-a02a-c78c1a8365b9,org/eclipse/swt/widgets/TableColumn.java,setResizable
b514dd35-72b3-493a-a02a-c78c1a8365b9,fdc35c35-ed24-4219-a2a3-c14bd5096bfa,91462bfe-b424-4efd-9d4e-d8824990cfb7,->,b514dd35-72b3-493a-a02a-c78c1a8365b9,org/eclipse/jface/viewers/TableViewerColumn.java,getColumn
b514dd35-72b3-493a-a02a-c78c1a8365b9,fdc35c35-ed24-4219-a2a3-c14bd5096bfa,91462bfe-b424-4efd-9d4e-d8824990cfb7,->,b514dd35-72b3-493a-a02a-c78c1a8365b9,org/eclipse/swt/widgets/TableColumn.java,setMoveable
b514dd35-72b3-493a-a02a-c78c1a8365b9,fdc35c35-ed24-4219-a2a3-c14bd5096bfa,91462bfe-b424-4efd-9d4e-d8824990cfb7,->,b514dd35-72b3-493a-a02a-c78c1a8365b9,org/eclipse/jface/viewers/TableViewerColumn.java,setLabelProvider
b514dd35-72b3-493a-a02a-c78c1a8365b9,fdc35c35-ed24-4219-a2a3-c14bd5096bfa,91462bfe-b424-4efd-9d4e-d8824990cfb7,->,b514dd35-72b3-493a-a02a-c78c1a8365b9,java/util/List.java,size
b514dd35-72b3-493a-a02a-c78c1a8365b9,fdc35c35-ed24-4219-a2a3-c14bd5096bfa,91462bfe-b424-4efd-9d4e-d8824990cfb7,->,b514dd35-72b3-493a-a02a-c78c1a8365b9,java/util/List.java,size
b514dd35-72b3-493a-a02a-c78c1a8365b9,fdc35c35-ed24-4219-a2a3-c14bd5096bfa,91462bfe-b424-4efd-9d4e-d8824990cfb7,->,b514dd35-72b3-493a-a02a-c78c1a8365b9,java/util/List.java,get
b514dd35-72b3-493a-a02a-c78c1a8365b9,fdc35c35-ed24-4219-a2a3-c14bd5096bfa,91462bfe-b424-4efd-9d4e-d8824990cfb7,->,b514dd35-72b3-493a-a02a-c78c1a8365b9,java/util/List.java,get
b514dd35-72b3-493a-a02a-c78c1a8365b9,fdc35c35-ed24-4219-a2a3-c14bd5096bfa,91462bfe-b424-4efd-9d4e-d8824990cfb7,->,b514dd35-72b3-493a-a02a-c78c1a8365b9,java/util/List.java,get
b514dd35-72b3-493a-a02a-c78c1a8365b9,fdc35c35-ed24-4219-a2a3-c14bd5096bfa,91462bfe-b424-4efd-9d4e-d8824990cfb7,->,b514dd35-72b3-493a-a02a-c78c1a8365b9,java/util/List.java,size
b514dd35-72b3-493a-a02a-c78c1a8365b9,fdc35c35-ed24-4219-a2a3-c14bd5096bfa,91462bfe-b424-4efd-9d4e-d8824990cfb7,->,b514dd35-72b3-493a-a02a-c78c1a8365b9,java/util/List.java,get
b514dd35-72b3-493a-a02a-c78c1a8365b9,fdc35c35-ed24-4219-a2a3-c14bd5096bfa,91462bfe-b424-4efd-9d4e-d8824990cfb7,->,b514dd35-72b3-493a-a02a-c78c1a8365b9,java/util/List.java,get
b514dd35-72b3-493a-a02a-c78c1a8365b9,fdc35c35-ed24-4219-a2a3-c14bd5096bfa,91462bfe-b424-4efd-9d4e-d8824990cfb7,->,b514dd35-72b3-493a-a02a-c78c1a8365b9,java/util/List.java,add
b514dd35-72b3-493a-a02a-c78c1a8365b9,fdc35c35-ed24-4219-a2a3-c14bd5096bfa,91462bfe-b424-4efd-9d4e-d8824990cfb7,->,b514dd35-72b3-493a-a02a-c78c1a8365b9,java/util/List.java,add
b514dd35-72b3-493a-a02a-c78c1a8365b9,fdc35c35-ed24-4219-a2a3-c14bd5096bfa,91462bfe-b424-4efd-9d4e-d8824990cfb7,->,b514dd35-72b3-493a-a02a-c78c1a8365b9,java/util/List.java,add
b514dd35-72b3-493a-a02a-c78c1a8365b9,fdc35c35-ed24-4219-a2a3-c14bd5096bfa,91462bfe-b424-4efd-9d4e-d8824990cfb7,->,b514dd35-72b3-493a-a02a-c78c1a8365b9,org/eclipse/jface/viewers/TableViewer.java,setContentProvider
b514dd35-72b3-493a-a02a-c78c1a8365b9,fdc35c35-ed24-4219-a2a3-c14bd5096bfa,91462bfe-b424-4efd-9d4e-d8824990cfb7,->,b514dd35-72b3-493a-a02a-c78c1a8365b9,org/eclipse/jface/viewers/TableViewer.java,setInput
b514dd35-72b3-493a-a02a-c78c1a8365b9,fdc35c35-ed24-4219-a2a3-c14bd5096bfa,91462bfe-b424-4efd-9d4e-d8824990cfb7,->,b514dd35-72b3-493a-a02a-c78c1a8365b9,java/util/List.java,size
b514dd35-72b3-493a-a02a-c78c1a8365b9,fdc35c35-ed24-4219-a2a3-c14bd5096bfa,91462bfe-b424-4efd-9d4e-d8824990cfb7,->,b514dd35-72b3-493a-a02a-c78c1a8365b9,fdc35c35-ed24-4219-a2a3-c14bd5096bfa,99b307f6-357c-4703-a1da-310a6ff3f84e
b514dd35-72b3-493a-a02a-c78c1a8365b9,fdc35c35-ed24-4219-a2a3-c14bd5096bfa,91462bfe-b424-4efd-9d4e-d8824990cfb7,->,b514dd35-72b3-493a-a02a-c78c1a8365b9,fdc35c35-ed24-4219-a2a3-c14bd5096bfa,57d56081-0619-41f7-88d2-674db4730fe7
b514dd35-72b3-493a-a02a-c78c1a8365b9,fdc35c35-ed24-4219-a2a3-c14bd5096bfa,99b307f6-357c-4703-a1da-310a6ff3f84e,->,b514dd35-72b3-493a-a02a-c78c1a8365b9,java/lang/Integer.java,toString
b514dd35-72b3-493a-a02a-c78c1a8365b9,fdc35c35-ed24-4219-a2a3-c14bd5096bfa,99b307f6-357c-4703-a1da-310a6ff3f84e,->,b514dd35-72b3-493a-a02a-c78c1a8365b9,org/eclipse/jface/viewers/TableViewer.java,getTable
b514dd35-72b3-493a-a02a-c78c1a8365b9,fdc35c35-ed24-4219-a2a3-c14bd5096bfa,99b307f6-357c-4703-a1da-310a6ff3f84e,->,b514dd35-72b3-493a-a02a-c78c1a8365b9,org/eclipse/jface/viewers/TableViewer.java,setColumnProperties
b514dd35-72b3-493a-a02a-c78c1a8365b9,fdc35c35-ed24-4219-a2a3-c14bd5096bfa,99b307f6-357c-4703-a1da-310a6ff3f84e,->,b514dd35-72b3-493a-a02a-c78c1a8365b9,org/eclipse/jface/viewers/TableViewer.java,setCellEditors
b514dd35-72b3-493a-a02a-c78c1a8365b9,fdc35c35-ed24-4219-a2a3-c14bd5096bfa,99b307f6-357c-4703-a1da-310a6ff3f84e,->,b514dd35-72b3-493a-a02a-c78c1a8365b9,org/eclipse/jface/viewers/TableViewer.java,setCellModifier
b514dd35-72b3-493a-a02a-c78c1a8365b9,fdc35c35-ed24-4219-a2a3-c14bd5096bfa,57d56081-0619-41f7-88d2-674db4730fe7,->,b514dd35-72b3-493a-a02a-c78c1a8365b9,org/eclipse/jface/viewers/TableViewer.java,getTable
b514dd35-72b3-493a-a02a-c78c1a8365b9,fdc35c35-ed24-4219-a2a3-c14bd5096bfa,57d56081-0619-41f7-88d2-674db4730fe7,->,b514dd35-72b3-493a-a02a-c78c1a8365b9,org/eclipse/swt/widgets/MenuItem.java,setText
b514dd35-72b3-493a-a02a-c78c1a8365b9,fdc35c35-ed24-4219-a2a3-c14bd5096bfa,57d56081-0619-41f7-88d2-674db4730fe7,->,b514dd35-72b3-493a-a02a-c78c1a8365b9,org/eclipse/swt/widgets/MenuItem.java,setSelection
b514dd35-72b3-493a-a02a-c78c1a8365b9,fdc35c35-ed24-4219-a2a3-c14bd5096bfa,57d56081-0619-41f7-88d2-674db4730fe7,->,b514dd35-72b3-493a-a02a-c78c1a8365b9,org/eclipse/swt/widgets/MenuItem.java,addListener
b514dd35-72b3-493a-a02a-c78c1a8365b9,fdc35c35-ed24-4219-a2a3-c14bd5096bfa,57d56081-0619-41f7-88d2-674db4730fe7,->,b514dd35-72b3-493a-a02a-c78c1a8365b9,org/eclipse/swt/widgets/MenuItem.java,setText
b514dd35-72b3-493a-a02a-c78c1a8365b9,fdc35c35-ed24-4219-a2a3-c14bd5096bfa,57d56081-0619-41f7-88d2-674db4730fe7,->,b514dd35-72b3-493a-a02a-c78c1a8365b9,org/eclipse/swt/widgets/MenuItem.java,setSelection
b514dd35-72b3-493a-a02a-c78c1a8365b9,fdc35c35-ed24-4219-a2a3-c14bd5096bfa,57d56081-0619-41f7-88d2-674db4730fe7,->,b514dd35-72b3-493a-a02a-c78c1a8365b9,org/eclipse/swt/widgets/MenuItem.java,addListener
b514dd35-72b3-493a-a02a-c78c1a8365b9,fdc35c35-ed24-4219-a2a3-c14bd5096bfa,57d56081-0619-41f7-88d2-674db4730fe7,->,b514dd35-72b3-493a-a02a-c78c1a8365b9,org/eclipse/jface/viewers/TableViewer.java,getTable
b514dd35-72b3-493a-a02a-c78c1a8365b9,fdc35c35-ed24-4219-a2a3-c14bd5096bfa,57d56081-0619-41f7-88d2-674db4730fe7,->,b514dd35-72b3-493a-a02a-c78c1a8365b9,org/eclipse/swt/widgets/Table.java,addListener
b514dd35-72b3-493a-a02a-c78c1a8365b9,org/fhsolution/eclipse/plugins/csvedit/detailededitor/DetailedEditor$3.java,handleEvent,->,b514dd35-72b3-493a-a02a-c78c1a8365b9,org/eclipse/swt/widgets/Shell.java,dispose
b514dd35-72b3-493a-a02a-c78c1a8365b9,b2a90c58-e4ca-41e0-84f6-e49ff7606846,eaf59648-a400-4051-834b-bbce15538e0a,->,b514dd35-72b3-493a-a02a-c78c1a8365b9,java/util/List.java,add
b514dd35-72b3-493a-a02a-c78c1a8365b9,b2a90c58-e4ca-41e0-84f6-e49ff7606846,69baa239-a522-4fa1-aba8-f281220e1104,->,b514dd35-72b3-493a-a02a-c78c1a8365b9,java/util/ArrayList.java,size
b514dd35-72b3-493a-a02a-c78c1a8365b9,b2a90c58-e4ca-41e0-84f6-e49ff7606846,69baa239-a522-4fa1-aba8-f281220e1104,->,b514dd35-72b3-493a-a02a-c78c1a8365b9,java/util/ArrayList.java,toArray
b514dd35-72b3-493a-a02a-c78c1a8365b9,b2a90c58-e4ca-41e0-84f6-e49ff7606846,bfd203a9-7c4e-4f73-b793-923c4ca187e7,->,b514dd35-72b3-493a-a02a-c78c1a8365b9,java/util/ArrayList.java,get
b514dd35-72b3-493a-a02a-c78c1a8365b9,b2a90c58-e4ca-41e0-84f6-e49ff7606846,bfd203a9-7c4e-4f73-b793-923c4ca187e7,->,b514dd35-72b3-493a-a02a-c78c1a8365b9,java/lang/String.java,compareTo
b514dd35-72b3-493a-a02a-c78c1a8365b9,b2a90c58-e4ca-41e0-84f6-e49ff7606846,bfd203a9-7c4e-4f73-b793-923c4ca187e7,->,b514dd35-72b3-493a-a02a-c78c1a8365b9,java/util/ArrayList.java,set
b514dd35-72b3-493a-a02a-c78c1a8365b9,b2a90c58-e4ca-41e0-84f6-e49ff7606846,bfd203a9-7c4e-4f73-b793-923c4ca187e7,->,b514dd35-72b3-493a-a02a-c78c1a8365b9,257966e9-9095-4580-a8dd-3b5767944fad,d5acd69a-d6c9-4f45-b8a9-7dc78a7c8428
b514dd35-72b3-493a-a02a-c78c1a8365b9,b2a90c58-e4ca-41e0-84f6-e49ff7606846,94099fa9-53a3-456d-ac74-4de7e7887dd1,->,b514dd35-72b3-493a-a02a-c78c1a8365b9,java/util/ArrayList.java,size
b514dd35-72b3-493a-a02a-c78c1a8365b9,b2a90c58-e4ca-41e0-84f6-e49ff7606846,94099fa9-53a3-456d-ac74-4de7e7887dd1,->,b514dd35-72b3-493a-a02a-c78c1a8365b9,java/util/ArrayList.java,get
b514dd35-72b3-493a-a02a-c78c1a8365b9,b2a90c58-e4ca-41e0-84f6-e49ff7606846,e7a2d7e2-dea3-4ba7-b117-8c3681230ef2,->,b514dd35-72b3-493a-a02a-c78c1a8365b9,java/util/ArrayList.java,size
b514dd35-72b3-493a-a02a-c78c1a8365b9,b2a90c58-e4ca-41e0-84f6-e49ff7606846,2857cd82-e036-4b46-898d-d2e4b66661ce,->,b514dd35-72b3-493a-a02a-c78c1a8365b9,java/util/ArrayList.java,add
b514dd35-72b3-493a-a02a-c78c1a8365b9,b2a90c58-e4ca-41e0-84f6-e49ff7606846,2c7e9137-91df-497e-91a2-49a099b39e99,->,b514dd35-72b3-493a-a02a-c78c1a8365b9,java/util/ArrayList.java,remove
b514dd35-72b3-493a-a02a-c78c1a8365b9,b2a90c58-e4ca-41e0-84f6-e49ff7606846,44ff65c5-524d-448b-bf65-6657ac5f5336,->,b514dd35-72b3-493a-a02a-c78c1a8365b9,java/util/ArrayList.java,iterator
b514dd35-72b3-493a-a02a-c78c1a8365b9,b2a90c58-e4ca-41e0-84f6-e49ff7606846,44ff65c5-524d-448b-bf65-6657ac5f5336,->,b514dd35-72b3-493a-a02a-c78c1a8365b9,java/util/Iterator.java,hasNext
b514dd35-72b3-493a-a02a-c78c1a8365b9,b2a90c58-e4ca-41e0-84f6-e49ff7606846,44ff65c5-524d-448b-bf65-6657ac5f5336,->,b514dd35-72b3-493a-a02a-c78c1a8365b9,java/util/Iterator.java,next
b514dd35-72b3-493a-a02a-c78c1a8365b9,b2a90c58-e4ca-41e0-84f6-e49ff7606846,44ff65c5-524d-448b-bf65-6657ac5f5336,->,b514dd35-72b3-493a-a02a-c78c1a8365b9,java/lang/String.java,concat
b514dd35-72b3-493a-a02a-c78c1a8365b9,b2a90c58-e4ca-41e0-84f6-e49ff7606846,44ff65c5-524d-448b-bf65-6657ac5f5336,->,b514dd35-72b3-493a-a02a-c78c1a8365b9,java/lang/String.java,concat
b514dd35-72b3-493a-a02a-c78c1a8365b9,b2a90c58-e4ca-41e0-84f6-e49ff7606846,64cabd6b-7d49-4889-990f-4fa616f1ee28,->,b514dd35-72b3-493a-a02a-c78c1a8365b9,java/util/ArrayList.java,hashCode
b514dd35-72b3-493a-a02a-c78c1a8365b9,c3d31d0d-d35e-4710-a222-f99075148291,7eaf2bdc-5698-492d-9a6c-f441ed27114b,->,b514dd35-72b3-493a-a02a-c78c1a8365b9,java/lang/Integer.java,parseInt
b514dd35-72b3-493a-a02a-c78c1a8365b9,40985c5d-25a1-4bd1-914a-d7428db43fc0,e3ae37df-f260-44ba-93a6-c2ae6da227e6,->,b514dd35-72b3-493a-a02a-c78c1a8365b9,21d71409-bcfc-4858-b4c0-55f2e66e8ab6,b01077c0-b41f-45a5-8cdd-00695a955e2d
b514dd35-72b3-493a-a02a-c78c1a8365b9,40985c5d-25a1-4bd1-914a-d7428db43fc0,a1377ae9-0870-4990-a457-b8d7370dab8e,->,b514dd35-72b3-493a-a02a-c78c1a8365b9,21d71409-bcfc-4858-b4c0-55f2e66e8ab6,f9755fbb-5d20-4e48-8b54-94847398921a
b514dd35-72b3-493a-a02a-c78c1a8365b9,40985c5d-25a1-4bd1-914a-d7428db43fc0,47e6cc89-81ae-4c9a-b96c-782fc8504b7a,->,b514dd35-72b3-493a-a02a-c78c1a8365b9,21d71409-bcfc-4858-b4c0-55f2e66e8ab6,33752ad2-a197-427c-bc45-dd93604dd5d8
b514dd35-72b3-493a-a02a-c78c1a8365b9,40985c5d-25a1-4bd1-914a-d7428db43fc0,47e6cc89-81ae-4c9a-b96c-782fc8504b7a,->,b514dd35-72b3-493a-a02a-c78c1a8365b9,java/lang/String.java,charAt
b514dd35-72b3-493a-a02a-c78c1a8365b9,40985c5d-25a1-4bd1-914a-d7428db43fc0,5c0cf41f-5c1f-4230-acbb-b08a57c37843,->,b514dd35-72b3-493a-a02a-c78c1a8365b9,21d71409-bcfc-4858-b4c0-55f2e66e8ab6,3edbaa24-c090-43c8-a9db-2652102ff1a3
b514dd35-72b3-493a-a02a-c78c1a8365b9,40985c5d-25a1-4bd1-914a-d7428db43fc0,5c0cf41f-5c1f-4230-acbb-b08a57c37843,->,b514dd35-72b3-493a-a02a-c78c1a8365b9,java/lang/String.java,charAt
b514dd35-72b3-493a-a02a-c78c1a8365b9,40985c5d-25a1-4bd1-914a-d7428db43fc0,e2f74727-07d8-4ed9-b352-1d1a78d07505,->,b514dd35-72b3-493a-a02a-c78c1a8365b9,21d71409-bcfc-4858-b4c0-55f2e66e8ab6,798998d7-ba41-42d8-865a-889ecc5f5f05
b514dd35-72b3-493a-a02a-c78c1a8365b9,40985c5d-25a1-4bd1-914a-d7428db43fc0,e2f74727-07d8-4ed9-b352-1d1a78d07505,->,b514dd35-72b3-493a-a02a-c78c1a8365b9,java/lang/String.java,length
b514dd35-72b3-493a-a02a-c78c1a8365b9,40985c5d-25a1-4bd1-914a-d7428db43fc0,e2f74727-07d8-4ed9-b352-1d1a78d07505,->,b514dd35-72b3-493a-a02a-c78c1a8365b9,java/lang/String.java,charAt
b514dd35-72b3-493a-a02a-c78c1a8365b9,40985c5d-25a1-4bd1-914a-d7428db43fc0,a93ce195-295a-48fb-8506-ff4b03977b12,->,b514dd35-72b3-493a-a02a-c78c1a8365b9,21d71409-bcfc-4858-b4c0-55f2e66e8ab6,60a4a81a-5874-4892-b6ca-e3a903cbd928
b514dd35-72b3-493a-a02a-c78c1a8365b9,40985c5d-25a1-4bd1-914a-d7428db43fc0,4c2859f0-4a1b-44b9-b272-a96effe3ccb4,->,b514dd35-72b3-493a-a02a-c78c1a8365b9,21d71409-bcfc-4858-b4c0-55f2e66e8ab6,d769fca4-5ffe-48f8-be15-e20b4e4671d2
b514dd35-72b3-493a-a02a-c78c1a8365b9,40985c5d-25a1-4bd1-914a-d7428db43fc0,f21cbc3a-feba-4bc7-8d1d-1f9783d0ecd5,->,b514dd35-72b3-493a-a02a-c78c1a8365b9,21d71409-bcfc-4858-b4c0-55f2e66e8ab6,e8458dd7-53bc-4e87-afc9-882907d85438
b514dd35-72b3-493a-a02a-c78c1a8365b9,40985c5d-25a1-4bd1-914a-d7428db43fc0,f21cbc3a-feba-4bc7-8d1d-1f9783d0ecd5,->,b514dd35-72b3-493a-a02a-c78c1a8365b9,java/util/regex/Pattern.java,compile
b514dd35-72b3-493a-a02a-c78c1a8365b9,40985c5d-25a1-4bd1-914a-d7428db43fc0,f21cbc3a-feba-4bc7-8d1d-1f9783d0ecd5,->,b514dd35-72b3-493a-a02a-c78c1a8365b9,21d71409-bcfc-4858-b4c0-55f2e66e8ab6,e8458dd7-53bc-4e87-afc9-882907d85438
b514dd35-72b3-493a-a02a-c78c1a8365b9,d38f1391-c592-44b4-9d3c-f11ea75f321e,4b3661c7-67ae-48f5-bfa0-71e193020d59,->,b514dd35-72b3-493a-a02a-c78c1a8365b9,d458aa3f-2331-448d-bb33-2f9135fc3ab3,b32a3e14-0c42-401e-9630-2f98e94b3f96
b514dd35-72b3-493a-a02a-c78c1a8365b9,d38f1391-c592-44b4-9d3c-f11ea75f321e,4b3661c7-67ae-48f5-bfa0-71e193020d59,->,b514dd35-72b3-493a-a02a-c78c1a8365b9,c3d31d0d-d35e-4710-a222-f99075148291,7eaf2bdc-5698-492d-9a6c-f441ed27114b
b514dd35-72b3-493a-a02a-c78c1a8365b9,d38f1391-c592-44b4-9d3c-f11ea75f321e,4b3661c7-67ae-48f5-bfa0-71e193020d59,->,b514dd35-72b3-493a-a02a-c78c1a8365b9,org/fhsolution/eclipse/plugins/csvedit/customeditor/DefaultCSVMultipageEditor.java,setActivePage
b514dd35-72b3-493a-a02a-c78c1a8365b9,3b9d90ee-6ad0-4157-bbf8-b883fab917c4,bae215e7-392c-4fab-9cfd-f3300c577042,->,b514dd35-72b3-493a-a02a-c78c1a8365b9,e86e9a8e-93b7-4904-8d8b-b8a1126ce8db,24a1235a-9118-4c81-b769-01a00ccf5d75
b514dd35-72b3-493a-a02a-c78c1a8365b9,3b9d90ee-6ad0-4157-bbf8-b883fab917c4,bae215e7-392c-4fab-9cfd-f3300c577042,->,b514dd35-72b3-493a-a02a-c78c1a8365b9,org/fhsolution/eclipse/plugins/csvedit/Activator.java,getPreferenceStore
b514dd35-72b3-493a-a02a-c78c1a8365b9,3b9d90ee-6ad0-4157-bbf8-b883fab917c4,bae215e7-392c-4fab-9cfd-f3300c577042,->,b514dd35-72b3-493a-a02a-c78c1a8365b9,org/eclipse/jface/preference/IPreferenceStore.java,setDefault
b514dd35-72b3-493a-a02a-c78c1a8365b9,3b9d90ee-6ad0-4157-bbf8-b883fab917c4,bae215e7-392c-4fab-9cfd-f3300c577042,->,b514dd35-72b3-493a-a02a-c78c1a8365b9,org/eclipse/jface/preference/IPreferenceStore.java,setDefault
b514dd35-72b3-493a-a02a-c78c1a8365b9,3b9d90ee-6ad0-4157-bbf8-b883fab917c4,bae215e7-392c-4fab-9cfd-f3300c577042,->,b514dd35-72b3-493a-a02a-c78c1a8365b9,org/eclipse/jface/preference/IPreferenceStore.java,setDefault
b514dd35-72b3-493a-a02a-c78c1a8365b9,3b9d90ee-6ad0-4157-bbf8-b883fab917c4,bae215e7-392c-4fab-9cfd-f3300c577042,->,b514dd35-72b3-493a-a02a-c78c1a8365b9,org/eclipse/jface/preference/IPreferenceStore.java,setDefault
b514dd35-72b3-493a-a02a-c78c1a8365b9,3b9d90ee-6ad0-4157-bbf8-b883fab917c4,bae215e7-392c-4fab-9cfd-f3300c577042,->,b514dd35-72b3-493a-a02a-c78c1a8365b9,org/eclipse/jface/preference/IPreferenceStore.java,setDefault
b514dd35-72b3-493a-a02a-c78c1a8365b9,3b9d90ee-6ad0-4157-bbf8-b883fab917c4,bae215e7-392c-4fab-9cfd-f3300c577042,->,b514dd35-72b3-493a-a02a-c78c1a8365b9,org/eclipse/jface/preference/IPreferenceStore.java,setDefault
b514dd35-72b3-493a-a02a-c78c1a8365b9,e5ecad57-0f70-4690-bffe-e22f9ba45fcd,1614ca6c-c294-43b3-8386-0078bffcf63d,->,b514dd35-72b3-493a-a02a-c78c1a8365b9,org/fhsolution/eclipse/plugins/csvedit/customeditor/preferences/CSVPreferencePage.java,getFieldEditorParent
b514dd35-72b3-493a-a02a-c78c1a8365b9,e5ecad57-0f70-4690-bffe-e22f9ba45fcd,1614ca6c-c294-43b3-8386-0078bffcf63d,->,b514dd35-72b3-493a-a02a-c78c1a8365b9,org/fhsolution/eclipse/plugins/csvedit/customeditor/preferences/CSVPreferencePage.java,addField
b514dd35-72b3-493a-a02a-c78c1a8365b9,e5ecad57-0f70-4690-bffe-e22f9ba45fcd,1614ca6c-c294-43b3-8386-0078bffcf63d,->,b514dd35-72b3-493a-a02a-c78c1a8365b9,org/fhsolution/eclipse/plugins/csvedit/customeditor/preferences/CSVPreferencePage.java,getFieldEditorParent
b514dd35-72b3-493a-a02a-c78c1a8365b9,e5ecad57-0f70-4690-bffe-e22f9ba45fcd,1614ca6c-c294-43b3-8386-0078bffcf63d,->,b514dd35-72b3-493a-a02a-c78c1a8365b9,org/fhsolution/eclipse/plugins/csvedit/customeditor/preferences/CSVPreferencePage.java,addField
b514dd35-72b3-493a-a02a-c78c1a8365b9,e5ecad57-0f70-4690-bffe-e22f9ba45fcd,1614ca6c-c294-43b3-8386-0078bffcf63d,->,b514dd35-72b3-493a-a02a-c78c1a8365b9,org/fhsolution/eclipse/plugins/csvedit/customeditor/preferences/CSVPreferencePage.java,getFieldEditorParent
b514dd35-72b3-493a-a02a-c78c1a8365b9,e5ecad57-0f70-4690-bffe-e22f9ba45fcd,1614ca6c-c294-43b3-8386-0078bffcf63d,->,b514dd35-72b3-493a-a02a-c78c1a8365b9,org/eclipse/jface/preference/StringFieldEditor.java,setTextLimit
b514dd35-72b3-493a-a02a-c78c1a8365b9,e5ecad57-0f70-4690-bffe-e22f9ba45fcd,1614ca6c-c294-43b3-8386-0078bffcf63d,->,b514dd35-72b3-493a-a02a-c78c1a8365b9,org/eclipse/jface/preference/StringFieldEditor.java,setEmptyStringAllowed
b514dd35-72b3-493a-a02a-c78c1a8365b9,e5ecad57-0f70-4690-bffe-e22f9ba45fcd,1614ca6c-c294-43b3-8386-0078bffcf63d,->,b514dd35-72b3-493a-a02a-c78c1a8365b9,org/fhsolution/eclipse/plugins/csvedit/customeditor/preferences/CSVPreferencePage.java,addField
b514dd35-72b3-493a-a02a-c78c1a8365b9,e5ecad57-0f70-4690-bffe-e22f9ba45fcd,1614ca6c-c294-43b3-8386-0078bffcf63d,->,b514dd35-72b3-493a-a02a-c78c1a8365b9,org/fhsolution/eclipse/plugins/csvedit/customeditor/preferences/CSVPreferencePage.java,getFieldEditorParent
b514dd35-72b3-493a-a02a-c78c1a8365b9,e5ecad57-0f70-4690-bffe-e22f9ba45fcd,1614ca6c-c294-43b3-8386-0078bffcf63d,->,b514dd35-72b3-493a-a02a-c78c1a8365b9,org/eclipse/jface/preference/StringFieldEditor.java,setTextLimit
b514dd35-72b3-493a-a02a-c78c1a8365b9,e5ecad57-0f70-4690-bffe-e22f9ba45fcd,1614ca6c-c294-43b3-8386-0078bffcf63d,->,b514dd35-72b3-493a-a02a-c78c1a8365b9,org/eclipse/jface/preference/StringFieldEditor.java,setEmptyStringAllowed
b514dd35-72b3-493a-a02a-c78c1a8365b9,e5ecad57-0f70-4690-bffe-e22f9ba45fcd,1614ca6c-c294-43b3-8386-0078bffcf63d,->,b514dd35-72b3-493a-a02a-c78c1a8365b9,org/fhsolution/eclipse/plugins/csvedit/customeditor/preferences/CSVPreferencePage.java,addField
b514dd35-72b3-493a-a02a-c78c1a8365b9,e5ecad57-0f70-4690-bffe-e22f9ba45fcd,1614ca6c-c294-43b3-8386-0078bffcf63d,->,b514dd35-72b3-493a-a02a-c78c1a8365b9,org/fhsolution/eclipse/plugins/csvedit/customeditor/preferences/CSVPreferencePage.java,getFieldEditorParent
b514dd35-72b3-493a-a02a-c78c1a8365b9,e5ecad57-0f70-4690-bffe-e22f9ba45fcd,1614ca6c-c294-43b3-8386-0078bffcf63d,->,b514dd35-72b3-493a-a02a-c78c1a8365b9,org/fhsolution/eclipse/plugins/csvedit/customeditor/preferences/CSVPreferencePage.java,addField
b514dd35-72b3-493a-a02a-c78c1a8365b9,e5ecad57-0f70-4690-bffe-e22f9ba45fcd,1614ca6c-c294-43b3-8386-0078bffcf63d,->,b514dd35-72b3-493a-a02a-c78c1a8365b9,org/fhsolution/eclipse/plugins/csvedit/customeditor/preferences/CSVPreferencePage.java,getFieldEditorParent
b514dd35-72b3-493a-a02a-c78c1a8365b9,e5ecad57-0f70-4690-bffe-e22f9ba45fcd,1614ca6c-c294-43b3-8386-0078bffcf63d,->,b514dd35-72b3-493a-a02a-c78c1a8365b9,org/eclipse/jface/preference/StringFieldEditor.java,setTextLimit
b514dd35-72b3-493a-a02a-c78c1a8365b9,e5ecad57-0f70-4690-bffe-e22f9ba45fcd,1614ca6c-c294-43b3-8386-0078bffcf63d,->,b514dd35-72b3-493a-a02a-c78c1a8365b9,org/eclipse/jface/preference/StringFieldEditor.java,setEmptyStringAllowed
b514dd35-72b3-493a-a02a-c78c1a8365b9,e5ecad57-0f70-4690-bffe-e22f9ba45fcd,1614ca6c-c294-43b3-8386-0078bffcf63d,->,b514dd35-72b3-493a-a02a-c78c1a8365b9,org/fhsolution/eclipse/plugins/csvedit/customeditor/preferences/CSVPreferencePage.java,addField
b514dd35-72b3-493a-a02a-c78c1a8365b9,e5ecad57-0f70-4690-bffe-e22f9ba45fcd,1614ca6c-c294-43b3-8386-0078bffcf63d,->,b514dd35-72b3-493a-a02a-c78c1a8365b9,org/fhsolution/eclipse/plugins/csvedit/customeditor/preferences/CSVPreferencePage.java,getFieldEditorParent
b514dd35-72b3-493a-a02a-c78c1a8365b9,e5ecad57-0f70-4690-bffe-e22f9ba45fcd,1614ca6c-c294-43b3-8386-0078bffcf63d,->,b514dd35-72b3-493a-a02a-c78c1a8365b9,org/fhsolution/eclipse/plugins/csvedit/customeditor/preferences/CSVPreferencePage.java,addField
b514dd35-72b3-493a-a02a-c78c1a8365b9,e5ecad57-0f70-4690-bffe-e22f9ba45fcd,1614ca6c-c294-43b3-8386-0078bffcf63d,->,b514dd35-72b3-493a-a02a-c78c1a8365b9,org/fhsolution/eclipse/plugins/csvedit/customeditor/preferences/CSVPreferencePage.java,getFieldEditorParent
b514dd35-72b3-493a-a02a-c78c1a8365b9,e5ecad57-0f70-4690-bffe-e22f9ba45fcd,1614ca6c-c294-43b3-8386-0078bffcf63d,->,b514dd35-72b3-493a-a02a-c78c1a8365b9,org/eclipse/jface/preference/StringFieldEditor.java,setEmptyStringAllowed
b514dd35-72b3-493a-a02a-c78c1a8365b9,e5ecad57-0f70-4690-bffe-e22f9ba45fcd,1614ca6c-c294-43b3-8386-0078bffcf63d,->,b514dd35-72b3-493a-a02a-c78c1a8365b9,org/fhsolution/eclipse/plugins/csvedit/customeditor/preferences/CSVPreferencePage.java,addField
b514dd35-72b3-493a-a02a-c78c1a8365b9,e5ecad57-0f70-4690-bffe-e22f9ba45fcd,1614ca6c-c294-43b3-8386-0078bffcf63d,->,b514dd35-72b3-493a-a02a-c78c1a8365b9,org/fhsolution/eclipse/plugins/csvedit/customeditor/preferences/CSVPreferencePage.java,getFieldEditorParent
b514dd35-72b3-493a-a02a-c78c1a8365b9,e5ecad57-0f70-4690-bffe-e22f9ba45fcd,1614ca6c-c294-43b3-8386-0078bffcf63d,->,b514dd35-72b3-493a-a02a-c78c1a8365b9,org/eclipse/jface/preference/StringFieldEditor.java,setEmptyStringAllowed
b514dd35-72b3-493a-a02a-c78c1a8365b9,e5ecad57-0f70-4690-bffe-e22f9ba45fcd,1614ca6c-c294-43b3-8386-0078bffcf63d,->,b514dd35-72b3-493a-a02a-c78c1a8365b9,org/fhsolution/eclipse/plugins/csvedit/customeditor/preferences/CSVPreferencePage.java,addField
b514dd35-72b3-493a-a02a-c78c1a8365b9,e5ecad57-0f70-4690-bffe-e22f9ba45fcd,9400e178-7be7-4fd9-a618-e5776e324a3a,->,b514dd35-72b3-493a-a02a-c78c1a8365b9,org/eclipse/jface/preference/FieldEditorPreferencePage.java,performOk
b514dd35-72b3-493a-a02a-c78c1a8365b9,ef463225-66d7-4467-9cf4-67cbb16e0428,c585034a-1611-4666-8ab9-b72bd0f30252,->,b514dd35-72b3-493a-a02a-c78c1a8365b9,b19ea652-d121-4cda-b965-84e19491907f,e4d0e371-780b-473a-b426-eb964223ef59
b514dd35-72b3-493a-a02a-c78c1a8365b9,ef463225-66d7-4467-9cf4-67cbb16e0428,c585034a-1611-4666-8ab9-b72bd0f30252,->,b514dd35-72b3-493a-a02a-c78c1a8365b9,b19ea652-d121-4cda-b965-84e19491907f,e4d0e371-780b-473a-b426-eb964223ef59
b514dd35-72b3-493a-a02a-c78c1a8365b9,ef463225-66d7-4467-9cf4-67cbb16e0428,c585034a-1611-4666-8ab9-b72bd0f30252,->,b514dd35-72b3-493a-a02a-c78c1a8365b9,java/lang/String.java,compareTo
b514dd35-72b3-493a-a02a-c78c1a8365b9,org/fhsolution/eclipse/plugins/csvedit/editors/MultiPageCSVEditor$7.java,run,->,b514dd35-72b3-493a-a02a-c78c1a8365b9,org/fhsolution/eclipse/plugins/csvedit/editors/MultiPageCSVEditor.java,access$100
b514dd35-72b3-493a-a02a-c78c1a8365b9,org/fhsolution/eclipse/plugins/csvedit/editors/MultiPageCSVEditor$11.java,handleEvent,->,b514dd35-72b3-493a-a02a-c78c1a8365b9,org/eclipse/jface/viewers/TableViewer.java,getTable
b514dd35-72b3-493a-a02a-c78c1a8365b9,org/fhsolution/eclipse/plugins/csvedit/editors/MultiPageCSVEditor$11.java,handleEvent,->,b514dd35-72b3-493a-a02a-c78c1a8365b9,org/fhsolution/eclipse/plugins/csvedit/editors/MultiPageCSVEditor.java,access$300
b514dd35-72b3-493a-a02a-c78c1a8365b9,org/fhsolution/eclipse/plugins/csvedit/editors/MultiPageCSVEditor$11.java,handleEvent,->,b514dd35-72b3-493a-a02a-c78c1a8365b9,org/eclipse/swt/widgets/Table.java,setMenu
b514dd35-72b3-493a-a02a-c78c1a8365b9,cd2a3fb0-0bee-455f-998f-05b4a06fc58b,e78c4197-1112-4d81-a5c3-14a73654ed76,->,b514dd35-72b3-493a-a02a-c78c1a8365b9,org/eclipse/jface/text/IDocument.java,getLineInformationOfOffset
b514dd35-72b3-493a-a02a-c78c1a8365b9,cd2a3fb0-0bee-455f-998f-05b4a06fc58b,e78c4197-1112-4d81-a5c3-14a73654ed76,->,b514dd35-72b3-493a-a02a-c78c1a8365b9,org/eclipse/jface/text/IRegion.java,getOffset
b514dd35-72b3-493a-a02a-c78c1a8365b9,cd2a3fb0-0bee-455f-998f-05b4a06fc58b,e78c4197-1112-4d81-a5c3-14a73654ed76,->,b514dd35-72b3-493a-a02a-c78c1a8365b9,org/eclipse/jface/text/IRegion.java,getLength
b514dd35-72b3-493a-a02a-c78c1a8365b9,cd2a3fb0-0bee-455f-998f-05b4a06fc58b,e78c4197-1112-4d81-a5c3-14a73654ed76,->,b514dd35-72b3-493a-a02a-c78c1a8365b9,org/eclipse/jface/text/IDocument.java,getChar
b514dd35-72b3-493a-a02a-c78c1a8365b9,cd2a3fb0-0bee-455f-998f-05b4a06fc58b,e78c4197-1112-4d81-a5c3-14a73654ed76,->,b514dd35-72b3-493a-a02a-c78c1a8365b9,org/eclipse/jface/text/IDocument.java,getChar
b514dd35-72b3-493a-a02a-c78c1a8365b9,cd2a3fb0-0bee-455f-998f-05b4a06fc58b,e78c4197-1112-4d81-a5c3-14a73654ed76,->,b514dd35-72b3-493a-a02a-c78c1a8365b9,org/eclipse/jface/text/BadLocationException.java,printStackTrace
b514dd35-72b3-493a-a02a-c78c1a8365b9,org/fhsolution/eclipse/plugins/csvedit/editors/text/CSVToken$CSVTokenType.java,values,->,b514dd35-72b3-493a-a02a-c78c1a8365b9,org/fhsolution/eclipse/plugins/csvedit/editors/text/CSVToken$CSVTokenType.java,clone
b514dd35-72b3-493a-a02a-c78c1a8365b9,org/fhsolution/eclipse/plugins/csvedit/editors/text/CSVToken$CSVTokenType.java,valueOf,->,b514dd35-72b3-493a-a02a-c78c1a8365b9,java/lang/Enum.java,valueOf
b514dd35-72b3-493a-a02a-c78c1a8365b9,4c056bde-2c95-476c-9dfe-f4927d7948ad,152c9ad3-c04a-41c2-9a3a-4980c2d06af0,->,b514dd35-72b3-493a-a02a-c78c1a8365b9,org/eclipse/jface/text/presentation/PresentationReconciler.java,setDamager
b514dd35-72b3-493a-a02a-c78c1a8365b9,4c056bde-2c95-476c-9dfe-f4927d7948ad,152c9ad3-c04a-41c2-9a3a-4980c2d06af0,->,b514dd35-72b3-493a-a02a-c78c1a8365b9,org/eclipse/jface/text/presentation/PresentationReconciler.java,setRepairer
b514dd35-72b3-493a-a02a-c78c1a8365b9,org/fhsolution/eclipse/plugins/csvedit/editors/MultiPageCSVEditor$2.java,widgetSelected,->,b514dd35-72b3-493a-a02a-c78c1a8365b9,org/eclipse/jface/viewers/TableViewer.java,getSelection
b514dd35-72b3-493a-a02a-c78c1a8365b9,org/fhsolution/eclipse/plugins/csvedit/editors/MultiPageCSVEditor$2.java,widgetSelected,->,b514dd35-72b3-493a-a02a-c78c1a8365b9,org/eclipse/jface/viewers/IStructuredSelection.java,getFirstElement
b514dd35-72b3-493a-a02a-c78c1a8365b9,org/fhsolution/eclipse/plugins/csvedit/editors/MultiPageCSVEditor$2.java,widgetSelected,->,b514dd35-72b3-493a-a02a-c78c1a8365b9,org/fhsolution/eclipse/plugins/csvedit/editors/MultiPageCSVEditor.java,access$000
b514dd35-72b3-493a-a02a-c78c1a8365b9,org/fhsolution/eclipse/plugins/csvedit/editors/MultiPageCSVEditor$2.java,widgetSelected,->,b514dd35-72b3-493a-a02a-c78c1a8365b9,8b6dd70d-ee22-4a13-b13e-45efe98b3257,342eeee1-44e2-4b85-a459-5133ad9b39a0
b514dd35-72b3-493a-a02a-c78c1a8365b9,org/fhsolution/eclipse/plugins/csvedit/editors/MultiPageCSVEditor$2.java,widgetSelected,->,b514dd35-72b3-493a-a02a-c78c1a8365b9,d458aa3f-2331-448d-bb33-2f9135fc3ab3,d0b1e15b-9845-4e03-af8b-947e15ecce54
b514dd35-72b3-493a-a02a-c78c1a8365b9,org/fhsolution/eclipse/plugins/csvedit/editors/MultiPageCSVEditor$5.java,widgetSelected,->,b514dd35-72b3-493a-a02a-c78c1a8365b9,org/eclipse/jface/viewers/TableViewer.java,getSelection
b514dd35-72b3-493a-a02a-c78c1a8365b9,org/fhsolution/eclipse/plugins/csvedit/editors/MultiPageCSVEditor$5.java,widgetSelected,->,b514dd35-72b3-493a-a02a-c78c1a8365b9,org/eclipse/jface/viewers/IStructuredSelection.java,getFirstElement
b514dd35-72b3-493a-a02a-c78c1a8365b9,org/fhsolution/eclipse/plugins/csvedit/editors/MultiPageCSVEditor$5.java,widgetSelected,->,b514dd35-72b3-493a-a02a-c78c1a8365b9,org/eclipse/jface/viewers/TableViewer.java,getSelection
b514dd35-72b3-493a-a02a-c78c1a8365b9,org/fhsolution/eclipse/plugins/csvedit/editors/MultiPageCSVEditor$5.java,widgetSelected,->,b514dd35-72b3-493a-a02a-c78c1a8365b9,org/eclipse/jface/viewers/IStructuredSelection.java,getFirstElement
b514dd35-72b3-493a-a02a-c78c1a8365b9,org/fhsolution/eclipse/plugins/csvedit/editors/MultiPageCSVEditor$5.java,widgetSelected,->,b514dd35-72b3-493a-a02a-c78c1a8365b9,org/fhsolution/eclipse/plugins/csvedit/editors/MultiPageCSVEditor.java,access$000
b514dd35-72b3-493a-a02a-c78c1a8365b9,org/fhsolution/eclipse/plugins/csvedit/editors/MultiPageCSVEditor$5.java,widgetSelected,->,b514dd35-72b3-493a-a02a-c78c1a8365b9,8b6dd70d-ee22-4a13-b13e-45efe98b3257,"b1ef88cc-7655-4042-82a1-ed8df227a188,9f6228d6-01b1-4891-8509-e56390f4804a"
b514dd35-72b3-493a-a02a-c78c1a8365b9,org/fhsolution/eclipse/plugins/csvedit/editors/MultiPageCSVEditor$5.java,widgetSelected,->,b514dd35-72b3-493a-a02a-c78c1a8365b9,d458aa3f-2331-448d-bb33-2f9135fc3ab3,d0b1e15b-9845-4e03-af8b-947e15ecce54
b514dd35-72b3-493a-a02a-c78c1a8365b9,org/fhsolution/eclipse/plugins/csvedit/editors/MultiPageCSVEditor$14.java,run,->,b514dd35-72b3-493a-a02a-c78c1a8365b9,org/fhsolution/eclipse/plugins/csvedit/editors/MultiPageCSVEditor.java,getSite
b514dd35-72b3-493a-a02a-c78c1a8365b9,org/fhsolution/eclipse/plugins/csvedit/editors/MultiPageCSVEditor$14.java,run,->,b514dd35-72b3-493a-a02a-c78c1a8365b9,org/eclipse/ui/IWorkbenchPartSite.java,getWorkbenchWindow
b514dd35-72b3-493a-a02a-c78c1a8365b9,org/fhsolution/eclipse/plugins/csvedit/editors/MultiPageCSVEditor$14.java,run,->,b514dd35-72b3-493a-a02a-c78c1a8365b9,org/eclipse/ui/IWorkbenchWindow.java,getPages
b514dd35-72b3-493a-a02a-c78c1a8365b9,org/fhsolution/eclipse/plugins/csvedit/editors/MultiPageCSVEditor$14.java,run,->,b514dd35-72b3-493a-a02a-c78c1a8365b9,org/eclipse/ui/editors/text/TextEditor.java,getEditorInput
b514dd35-72b3-493a-a02a-c78c1a8365b9,org/fhsolution/eclipse/plugins/csvedit/editors/MultiPageCSVEditor$14.java,run,->,b514dd35-72b3-493a-a02a-c78c1a8365b9,org/eclipse/ui/part/FileEditorInput.java,getFile
b514dd35-72b3-493a-a02a-c78c1a8365b9,org/fhsolution/eclipse/plugins/csvedit/editors/MultiPageCSVEditor$14.java,run,->,b514dd35-72b3-493a-a02a-c78c1a8365b9,org/eclipse/core/resources/IFile.java,getProject
b514dd35-72b3-493a-a02a-c78c1a8365b9,org/fhsolution/eclipse/plugins/csvedit/editors/MultiPageCSVEditor$14.java,run,->,b514dd35-72b3-493a-a02a-c78c1a8365b9,org/eclipse/core/resources/IResourceChangeEvent.java,getResource
b514dd35-72b3-493a-a02a-c78c1a8365b9,org/fhsolution/eclipse/plugins/csvedit/editors/MultiPageCSVEditor$14.java,run,->,b514dd35-72b3-493a-a02a-c78c1a8365b9,java/lang/Object.java,equals
b514dd35-72b3-493a-a02a-c78c1a8365b9,org/fhsolution/eclipse/plugins/csvedit/editors/MultiPageCSVEditor$14.java,run,->,b514dd35-72b3-493a-a02a-c78c1a8365b9,org/eclipse/ui/editors/text/TextEditor.java,getEditorInput
b514dd35-72b3-493a-a02a-c78c1a8365b9,org/fhsolution/eclipse/plugins/csvedit/editors/MultiPageCSVEditor$14.java,run,->,b514dd35-72b3-493a-a02a-c78c1a8365b9,org/eclipse/ui/IWorkbenchPage.java,findEditor
b514dd35-72b3-493a-a02a-c78c1a8365b9,org/fhsolution/eclipse/plugins/csvedit/editors/MultiPageCSVEditor$14.java,run,->,b514dd35-72b3-493a-a02a-c78c1a8365b9,org/eclipse/ui/IWorkbenchPage.java,closeEditor
b514dd35-72b3-493a-a02a-c78c1a8365b9,org/fhsolution/eclipse/plugins/csvedit/editors/MultiPageCSVEditor$3.java,widgetSelected,->,b514dd35-72b3-493a-a02a-c78c1a8365b9,org/eclipse/jface/viewers/TableViewer.java,getSelection
b514dd35-72b3-493a-a02a-c78c1a8365b9,org/fhsolution/eclipse/plugins/csvedit/editors/MultiPageCSVEditor$3.java,widgetSelected,->,b514dd35-72b3-493a-a02a-c78c1a8365b9,org/eclipse/jface/viewers/IStructuredSelection.java,getFirstElement
b514dd35-72b3-493a-a02a-c78c1a8365b9,org/fhsolution/eclipse/plugins/csvedit/editors/MultiPageCSVEditor$3.java,widgetSelected,->,b514dd35-72b3-493a-a02a-c78c1a8365b9,org/fhsolution/eclipse/plugins/csvedit/editors/MultiPageCSVEditor.java,access$000
b514dd35-72b3-493a-a02a-c78c1a8365b9,org/fhsolution/eclipse/plugins/csvedit/editors/MultiPageCSVEditor$3.java,widgetSelected,->,b514dd35-72b3-493a-a02a-c78c1a8365b9,8b6dd70d-ee22-4a13-b13e-45efe98b3257,1a9ee105-9278-4dfa-b499-1bff4d06afec
b514dd35-72b3-493a-a02a-c78c1a8365b9,org/fhsolution/eclipse/plugins/csvedit/editors/MultiPageCSVEditor$3.java,widgetSelected,->,b514dd35-72b3-493a-a02a-c78c1a8365b9,d458aa3f-2331-448d-bb33-2f9135fc3ab3,d0b1e15b-9845-4e03-af8b-947e15ecce54
b514dd35-72b3-493a-a02a-c78c1a8365b9,org/fhsolution/eclipse/plugins/csvedit/editors/MultiPageCSVEditor$4.java,widgetSelected,->,b514dd35-72b3-493a-a02a-c78c1a8365b9,org/fhsolution/eclipse/plugins/csvedit/editors/MultiPageCSVEditor.java,access$000
b514dd35-72b3-493a-a02a-c78c1a8365b9,org/fhsolution/eclipse/plugins/csvedit/editors/MultiPageCSVEditor$4.java,widgetSelected,->,b514dd35-72b3-493a-a02a-c78c1a8365b9,8b6dd70d-ee22-4a13-b13e-45efe98b3257,a9b73e91-5e31-4a14-89de-da3a215b3a61
b514dd35-72b3-493a-a02a-c78c1a8365b9,org/fhsolution/eclipse/plugins/csvedit/editors/MultiPageCSVEditor$4.java,widgetSelected,->,b514dd35-72b3-493a-a02a-c78c1a8365b9,d458aa3f-2331-448d-bb33-2f9135fc3ab3,d0b1e15b-9845-4e03-af8b-947e15ecce54
b514dd35-72b3-493a-a02a-c78c1a8365b9,org/fhsolution/eclipse/plugins/csvedit/editors/MultiPageCSVEditor$13.java,widgetSelected,->,b514dd35-72b3-493a-a02a-c78c1a8365b9,org/eclipse/jface/viewers/TableViewer.java,getTable
b514dd35-72b3-493a-a02a-c78c1a8365b9,org/fhsolution/eclipse/plugins/csvedit/editors/MultiPageCSVEditor$13.java,widgetSelected,->,b514dd35-72b3-493a-a02a-c78c1a8365b9,org/eclipse/swt/widgets/Table.java,getSortDirection
b514dd35-72b3-493a-a02a-c78c1a8365b9,org/fhsolution/eclipse/plugins/csvedit/editors/MultiPageCSVEditor$13.java,widgetSelected,->,b514dd35-72b3-493a-a02a-c78c1a8365b9,org/fhsolution/eclipse/plugins/csvedit/editors/MultiPageCSVEditor.java,access$600
b514dd35-72b3-493a-a02a-c78c1a8365b9,org/fhsolution/eclipse/plugins/csvedit/editors/MultiPageCSVEditor$13.java,widgetSelected,->,b514dd35-72b3-493a-a02a-c78c1a8365b9,ef463225-66d7-4467-9cf4-67cbb16e0428,26505a58-7a11-4cbb-8668-bce158d05c9e
b514dd35-72b3-493a-a02a-c78c1a8365b9,org/fhsolution/eclipse/plugins/csvedit/editors/MultiPageCSVEditor$13.java,widgetSelected,->,b514dd35-72b3-493a-a02a-c78c1a8365b9,org/eclipse/jface/viewers/TableViewer.java,getTable
b514dd35-72b3-493a-a02a-c78c1a8365b9,org/fhsolution/eclipse/plugins/csvedit/editors/MultiPageCSVEditor$13.java,widgetSelected,->,b514dd35-72b3-493a-a02a-c78c1a8365b9,org/eclipse/swt/widgets/Table.java,setSortDirection
b514dd35-72b3-493a-a02a-c78c1a8365b9,org/fhsolution/eclipse/plugins/csvedit/editors/MultiPageCSVEditor$13.java,widgetSelected,->,b514dd35-72b3-493a-a02a-c78c1a8365b9,org/eclipse/jface/viewers/TableViewer.java,getTable
b514dd35-72b3-493a-a02a-c78c1a8365b9,org/fhsolution/eclipse/plugins/csvedit/editors/MultiPageCSVEditor$13.java,widgetSelected,->,b514dd35-72b3-493a-a02a-c78c1a8365b9,org/eclipse/swt/widgets/Table.java,setSortColumn
b514dd35-72b3-493a-a02a-c78c1a8365b9,org/fhsolution/eclipse/plugins/csvedit/editors/MultiPageCSVEditor$13.java,widgetSelected,->,b514dd35-72b3-493a-a02a-c78c1a8365b9,org/eclipse/jface/viewers/TableViewer.java,getTable
b514dd35-72b3-493a-a02a-c78c1a8365b9,org/fhsolution/eclipse/plugins/csvedit/editors/MultiPageCSVEditor$13.java,widgetSelected,->,b514dd35-72b3-493a-a02a-c78c1a8365b9,org/eclipse/swt/widgets/Table.java,setSortColumn
b514dd35-72b3-493a-a02a-c78c1a8365b9,org/fhsolution/eclipse/plugins/csvedit/editors/MultiPageCSVEditor$13.java,widgetSelected,->,b514dd35-72b3-493a-a02a-c78c1a8365b9,org/eclipse/jface/viewers/TableViewer.java,refresh
b514dd35-72b3-493a-a02a-c78c1a8365b9,9a18c991-45ff-4339-8fef-ffbe038ecdb7,0b6dcbdd-9b19-44e4-8791-42bb908190bd,->,b514dd35-72b3-493a-a02a-c78c1a8365b9,java/lang/Integer.java,parseInt
b514dd35-72b3-493a-a02a-c78c1a8365b9,9a18c991-45ff-4339-8fef-ffbe038ecdb7,0b6dcbdd-9b19-44e4-8791-42bb908190bd,->,b514dd35-72b3-493a-a02a-c78c1a8365b9,b19ea652-d121-4cda-b965-84e19491907f,a4477806-7fc3-489b-a9e5-e863f0c5a5ce
b514dd35-72b3-493a-a02a-c78c1a8365b9,9a18c991-45ff-4339-8fef-ffbe038ecdb7,0b6dcbdd-9b19-44e4-8791-42bb908190bd,->,b514dd35-72b3-493a-a02a-c78c1a8365b9,b19ea652-d121-4cda-b965-84e19491907f,e4d0e371-780b-473a-b426-eb964223ef59
b514dd35-72b3-493a-a02a-c78c1a8365b9,9a18c991-45ff-4339-8fef-ffbe038ecdb7,959a3435-4d4b-4499-81a2-a875dc509c33,->,b514dd35-72b3-493a-a02a-c78c1a8365b9,java/lang/Integer.java,parseInt
b514dd35-72b3-493a-a02a-c78c1a8365b9,9a18c991-45ff-4339-8fef-ffbe038ecdb7,959a3435-4d4b-4499-81a2-a875dc509c33,->,b514dd35-72b3-493a-a02a-c78c1a8365b9,org/eclipse/swt/widgets/TableItem.java,getData
b514dd35-72b3-493a-a02a-c78c1a8365b9,9a18c991-45ff-4339-8fef-ffbe038ecdb7,959a3435-4d4b-4499-81a2-a875dc509c33,->,b514dd35-72b3-493a-a02a-c78c1a8365b9,b19ea652-d121-4cda-b965-84e19491907f,a4477806-7fc3-489b-a9e5-e863f0c5a5ce
b514dd35-72b3-493a-a02a-c78c1a8365b9,9a18c991-45ff-4339-8fef-ffbe038ecdb7,959a3435-4d4b-4499-81a2-a875dc509c33,->,b514dd35-72b3-493a-a02a-c78c1a8365b9,java/lang/Object.java,toString
b514dd35-72b3-493a-a02a-c78c1a8365b9,9a18c991-45ff-4339-8fef-ffbe038ecdb7,959a3435-4d4b-4499-81a2-a875dc509c33,->,b514dd35-72b3-493a-a02a-c78c1a8365b9,b19ea652-d121-4cda-b965-84e19491907f,da2c0dc7-cf93-4f20-b290-8ec93ab5f656
b514dd35-72b3-493a-a02a-c78c1a8365b9,9a18c991-45ff-4339-8fef-ffbe038ecdb7,959a3435-4d4b-4499-81a2-a875dc509c33,->,b514dd35-72b3-493a-a02a-c78c1a8365b9,b19ea652-d121-4cda-b965-84e19491907f,a4477806-7fc3-489b-a9e5-e863f0c5a5ce
b514dd35-72b3-493a-a02a-c78c1a8365b9,9a18c991-45ff-4339-8fef-ffbe038ecdb7,959a3435-4d4b-4499-81a2-a875dc509c33,->,b514dd35-72b3-493a-a02a-c78c1a8365b9,b19ea652-d121-4cda-b965-84e19491907f,f06e66be-2f6e-4e0e-a07a-9f972da8e62c
b514dd35-72b3-493a-a02a-c78c1a8365b9,9a18c991-45ff-4339-8fef-ffbe038ecdb7,959a3435-4d4b-4499-81a2-a875dc509c33,->,b514dd35-72b3-493a-a02a-c78c1a8365b9,java/lang/Object.java,toString
b514dd35-72b3-493a-a02a-c78c1a8365b9,9a18c991-45ff-4339-8fef-ffbe038ecdb7,959a3435-4d4b-4499-81a2-a875dc509c33,->,b514dd35-72b3-493a-a02a-c78c1a8365b9,b19ea652-d121-4cda-b965-84e19491907f,da2c0dc7-cf93-4f20-b290-8ec93ab5f656
b514dd35-72b3-493a-a02a-c78c1a8365b9,org/fhsolution/eclipse/plugins/csvedit/editors/MultiPageCSVEditor$9.java,handleEvent,->,b514dd35-72b3-493a-a02a-c78c1a8365b9,org/fhsolution/eclipse/plugins/csvedit/editors/MultiPageCSVEditor.java,getSite
b514dd35-72b3-493a-a02a-c78c1a8365b9,org/fhsolution/eclipse/plugins/csvedit/editors/MultiPageCSVEditor$9.java,handleEvent,->,b514dd35-72b3-493a-a02a-c78c1a8365b9,org/eclipse/ui/IWorkbenchPartSite.java,getShell
b514dd35-72b3-493a-a02a-c78c1a8365b9,org/fhsolution/eclipse/plugins/csvedit/editors/MultiPageCSVEditor$9.java,handleEvent,->,b514dd35-72b3-493a-a02a-c78c1a8365b9,org/fhsolution/eclipse/plugins/csvedit/editors/MultiPageCSVEditor.java,access$000
b514dd35-72b3-493a-a02a-c78c1a8365b9,org/fhsolution/eclipse/plugins/csvedit/editors/MultiPageCSVEditor$9.java,handleEvent,->,b514dd35-72b3-493a-a02a-c78c1a8365b9,8b6dd70d-ee22-4a13-b13e-45efe98b3257,9dbb313f-e3a5-4278-a24b-bbab3e52a99b
b514dd35-72b3-493a-a02a-c78c1a8365b9,org/fhsolution/eclipse/plugins/csvedit/editors/MultiPageCSVEditor$9.java,handleEvent,->,b514dd35-72b3-493a-a02a-c78c1a8365b9,org/fhsolution/eclipse/plugins/csvedit/page/DeleteColumnPage.java,open
b514dd35-72b3-493a-a02a-c78c1a8365b9,org/fhsolution/eclipse/plugins/csvedit/editors/MultiPageCSVEditor$9.java,handleEvent,->,b514dd35-72b3-493a-a02a-c78c1a8365b9,b53187de-f715-4a78-843a-9dfeb545064e,de66c549-7fb8-4682-8986-2e800ba418a2
b514dd35-72b3-493a-a02a-c78c1a8365b9,org/fhsolution/eclipse/plugins/csvedit/editors/MultiPageCSVEditor$9.java,handleEvent,->,b514dd35-72b3-493a-a02a-c78c1a8365b9,org/fhsolution/eclipse/plugins/csvedit/editors/MultiPageCSVEditor.java,access$200
b514dd35-72b3-493a-a02a-c78c1a8365b9,org/fhsolution/eclipse/plugins/csvedit/editors/MultiPageCSVEditor$9.java,handleEvent,->,b514dd35-72b3-493a-a02a-c78c1a8365b9,org/eclipse/jface/viewers/TableViewer.java,getTable
b514dd35-72b3-493a-a02a-c78c1a8365b9,org/fhsolution/eclipse/plugins/csvedit/editors/MultiPageCSVEditor$9.java,handleEvent,->,b514dd35-72b3-493a-a02a-c78c1a8365b9,org/eclipse/swt/widgets/Table.java,getColumn
b514dd35-72b3-493a-a02a-c78c1a8365b9,org/fhsolution/eclipse/plugins/csvedit/editors/MultiPageCSVEditor$9.java,handleEvent,->,b514dd35-72b3-493a-a02a-c78c1a8365b9,org/eclipse/swt/widgets/TableColumn.java,dispose
b514dd35-72b3-493a-a02a-c78c1a8365b9,org/fhsolution/eclipse/plugins/csvedit/editors/MultiPageCSVEditor$9.java,handleEvent,->,b514dd35-72b3-493a-a02a-c78c1a8365b9,org/fhsolution/eclipse/plugins/csvedit/editors/MultiPageCSVEditor.java,access$300
b514dd35-72b3-493a-a02a-c78c1a8365b9,org/fhsolution/eclipse/plugins/csvedit/editors/MultiPageCSVEditor$9.java,handleEvent,->,b514dd35-72b3-493a-a02a-c78c1a8365b9,org/eclipse/swt/widgets/Menu.java,getItem
b514dd35-72b3-493a-a02a-c78c1a8365b9,org/fhsolution/eclipse/plugins/csvedit/editors/MultiPageCSVEditor$9.java,handleEvent,->,b514dd35-72b3-493a-a02a-c78c1a8365b9,org/eclipse/swt/widgets/MenuItem.java,dispose
b514dd35-72b3-493a-a02a-c78c1a8365b9,org/fhsolution/eclipse/plugins/csvedit/editors/MultiPageCSVEditor$9.java,handleEvent,->,b514dd35-72b3-493a-a02a-c78c1a8365b9,org/fhsolution/eclipse/plugins/csvedit/editors/MultiPageCSVEditor.java,access$000
b514dd35-72b3-493a-a02a-c78c1a8365b9,org/fhsolution/eclipse/plugins/csvedit/editors/MultiPageCSVEditor$9.java,handleEvent,->,b514dd35-72b3-493a-a02a-c78c1a8365b9,8b6dd70d-ee22-4a13-b13e-45efe98b3257,"4f3a270c-b220-424b-9d7a-ea41381d461c,f2321f18-7222-4ea4-aa74-07bcb6c23e07"
b514dd35-72b3-493a-a02a-c78c1a8365b9,org/fhsolution/eclipse/plugins/csvedit/editors/MultiPageCSVEditor$9.java,handleEvent,->,b514dd35-72b3-493a-a02a-c78c1a8365b9,d458aa3f-2331-448d-bb33-2f9135fc3ab3,d0b1e15b-9845-4e03-af8b-947e15ecce54
b514dd35-72b3-493a-a02a-c78c1a8365b9,org/fhsolution/eclipse/plugins/csvedit/editors/MultiPageCSVEditor$12.java,handleEvent,->,b514dd35-72b3-493a-a02a-c78c1a8365b9,org/eclipse/swt/widgets/MenuItem.java,getSelection
b514dd35-72b3-493a-a02a-c78c1a8365b9,org/fhsolution/eclipse/plugins/csvedit/editors/MultiPageCSVEditor$12.java,handleEvent,->,b514dd35-72b3-493a-a02a-c78c1a8365b9,org/eclipse/swt/widgets/TableColumn.java,setWidth
b514dd35-72b3-493a-a02a-c78c1a8365b9,org/fhsolution/eclipse/plugins/csvedit/editors/MultiPageCSVEditor$12.java,handleEvent,->,b514dd35-72b3-493a-a02a-c78c1a8365b9,org/eclipse/swt/widgets/TableColumn.java,setResizable
b514dd35-72b3-493a-a02a-c78c1a8365b9,org/fhsolution/eclipse/plugins/csvedit/editors/MultiPageCSVEditor$12.java,handleEvent,->,b514dd35-72b3-493a-a02a-c78c1a8365b9,org/eclipse/swt/widgets/TableColumn.java,setWidth
b514dd35-72b3-493a-a02a-c78c1a8365b9,org/fhsolution/eclipse/plugins/csvedit/editors/MultiPageCSVEditor$12.java,handleEvent,->,b514dd35-72b3-493a-a02a-c78c1a8365b9,org/eclipse/swt/widgets/TableColumn.java,setResizable
b514dd35-72b3-493a-a02a-c78c1a8365b9,d458aa3f-2331-448d-bb33-2f9135fc3ab3,b32a3e14-0c42-401e-9630-2f98e94b3f96,->,b514dd35-72b3-493a-a02a-c78c1a8365b9,d458aa3f-2331-448d-bb33-2f9135fc3ab3,4ad414f6-5b10-43ce-a10a-ea45cda4ce5b
b514dd35-72b3-493a-a02a-c78c1a8365b9,d458aa3f-2331-448d-bb33-2f9135fc3ab3,b32a3e14-0c42-401e-9630-2f98e94b3f96,->,b514dd35-72b3-493a-a02a-c78c1a8365b9,d458aa3f-2331-448d-bb33-2f9135fc3ab3,fd7a634a-610b-4f1b-9a83-f04ad4e4e6af
b514dd35-72b3-493a-a02a-c78c1a8365b9,d458aa3f-2331-448d-bb33-2f9135fc3ab3,b32a3e14-0c42-401e-9630-2f98e94b3f96,->,b514dd35-72b3-493a-a02a-c78c1a8365b9,d458aa3f-2331-448d-bb33-2f9135fc3ab3,e11e38fa-750c-4753-b1da-2790edaf5b9e
b514dd35-72b3-493a-a02a-c78c1a8365b9,d458aa3f-2331-448d-bb33-2f9135fc3ab3,b32a3e14-0c42-401e-9630-2f98e94b3f96,->,b514dd35-72b3-493a-a02a-c78c1a8365b9,d458aa3f-2331-448d-bb33-2f9135fc3ab3,52371b00-d5ac-4206-8a53-2b4bd21efa5d
b514dd35-72b3-493a-a02a-c78c1a8365b9,d458aa3f-2331-448d-bb33-2f9135fc3ab3,b32a3e14-0c42-401e-9630-2f98e94b3f96,->,b514dd35-72b3-493a-a02a-c78c1a8365b9,java/io/PrintStream.java,println
b514dd35-72b3-493a-a02a-c78c1a8365b9,d458aa3f-2331-448d-bb33-2f9135fc3ab3,b32a3e14-0c42-401e-9630-2f98e94b3f96,->,b514dd35-72b3-493a-a02a-c78c1a8365b9,java/lang/Exception.java,printStackTrace
b514dd35-72b3-493a-a02a-c78c1a8365b9,d458aa3f-2331-448d-bb33-2f9135fc3ab3,fd7a634a-610b-4f1b-9a83-f04ad4e4e6af,->,b514dd35-72b3-493a-a02a-c78c1a8365b9,8b6dd70d-ee22-4a13-b13e-45efe98b3257,ca281fd8-b6da-4f2d-9e53-2c11471a46c5
b514dd35-72b3-493a-a02a-c78c1a8365b9,d458aa3f-2331-448d-bb33-2f9135fc3ab3,fd7a634a-610b-4f1b-9a83-f04ad4e4e6af,->,b514dd35-72b3-493a-a02a-c78c1a8365b9,org/fhsolution/eclipse/plugins/csvedit/editors/MultiPageCSVEditor.java,getEditorInput
b514dd35-72b3-493a-a02a-c78c1a8365b9,d458aa3f-2331-448d-bb33-2f9135fc3ab3,fd7a634a-610b-4f1b-9a83-f04ad4e4e6af,->,b514dd35-72b3-493a-a02a-c78c1a8365b9,org/fhsolution/eclipse/plugins/csvedit/editors/MultiPageCSVEditor.java,addPage
b514dd35-72b3-493a-a02a-c78c1a8365b9,d458aa3f-2331-448d-bb33-2f9135fc3ab3,fd7a634a-610b-4f1b-9a83-f04ad4e4e6af,->,b514dd35-72b3-493a-a02a-c78c1a8365b9,org/fhsolution/eclipse/plugins/csvedit/editors/MultiPageCSVEditor.java,setPageText
b514dd35-72b3-493a-a02a-c78c1a8365b9,d458aa3f-2331-448d-bb33-2f9135fc3ab3,fd7a634a-610b-4f1b-9a83-f04ad4e4e6af,->,b514dd35-72b3-493a-a02a-c78c1a8365b9,org/fhsolution/eclipse/plugins/csvedit/editors/MultiPageCSVEditor.java,getSite
b514dd35-72b3-493a-a02a-c78c1a8365b9,d458aa3f-2331-448d-bb33-2f9135fc3ab3,fd7a634a-610b-4f1b-9a83-f04ad4e4e6af,->,b514dd35-72b3-493a-a02a-c78c1a8365b9,org/eclipse/ui/IWorkbenchPartSite.java,getShell
b514dd35-72b3-493a-a02a-c78c1a8365b9,d458aa3f-2331-448d-bb33-2f9135fc3ab3,fd7a634a-610b-4f1b-9a83-f04ad4e4e6af,->,b514dd35-72b3-493a-a02a-c78c1a8365b9,org/eclipse/ui/PartInitException.java,getStatus
b514dd35-72b3-493a-a02a-c78c1a8365b9,d458aa3f-2331-448d-bb33-2f9135fc3ab3,fd7a634a-610b-4f1b-9a83-f04ad4e4e6af,->,b514dd35-72b3-493a-a02a-c78c1a8365b9,org/eclipse/jface/dialogs/ErrorDialog.java,openError
b514dd35-72b3-493a-a02a-c78c1a8365b9,d458aa3f-2331-448d-bb33-2f9135fc3ab3,4ad414f6-5b10-43ce-a10a-ea45cda4ce5b,->,b514dd35-72b3-493a-a02a-c78c1a8365b9,org/fhsolution/eclipse/plugins/csvedit/editors/MultiPageCSVEditor.java,getContainer
b514dd35-72b3-493a-a02a-c78c1a8365b9,d458aa3f-2331-448d-bb33-2f9135fc3ab3,4ad414f6-5b10-43ce-a10a-ea45cda4ce5b,->,b514dd35-72b3-493a-a02a-c78c1a8365b9,org/eclipse/swt/widgets/Canvas.java,setLayout
b514dd35-72b3-493a-a02a-c78c1a8365b9,d458aa3f-2331-448d-bb33-2f9135fc3ab3,4ad414f6-5b10-43ce-a10a-ea45cda4ce5b,->,b514dd35-72b3-493a-a02a-c78c1a8365b9,org/eclipse/swt/widgets/Label.java,setText
b514dd35-72b3-493a-a02a-c78c1a8365b9,d458aa3f-2331-448d-bb33-2f9135fc3ab3,4ad414f6-5b10-43ce-a10a-ea45cda4ce5b,->,b514dd35-72b3-493a-a02a-c78c1a8365b9,org/eclipse/swt/widgets/Text.java,setLayoutData
b514dd35-72b3-493a-a02a-c78c1a8365b9,d458aa3f-2331-448d-bb33-2f9135fc3ab3,4ad414f6-5b10-43ce-a10a-ea45cda4ce5b,->,b514dd35-72b3-493a-a02a-c78c1a8365b9,org/eclipse/swt/widgets/Button.java,setText
b514dd35-72b3-493a-a02a-c78c1a8365b9,d458aa3f-2331-448d-bb33-2f9135fc3ab3,4ad414f6-5b10-43ce-a10a-ea45cda4ce5b,->,b514dd35-72b3-493a-a02a-c78c1a8365b9,org/eclipse/swt/widgets/Button.java,setToolTipText
b514dd35-72b3-493a-a02a-c78c1a8365b9,d458aa3f-2331-448d-bb33-2f9135fc3ab3,4ad414f6-5b10-43ce-a10a-ea45cda4ce5b,->,b514dd35-72b3-493a-a02a-c78c1a8365b9,org/eclipse/swt/widgets/Button.java,setLayoutData
b514dd35-72b3-493a-a02a-c78c1a8365b9,d458aa3f-2331-448d-bb33-2f9135fc3ab3,4ad414f6-5b10-43ce-a10a-ea45cda4ce5b,->,b514dd35-72b3-493a-a02a-c78c1a8365b9,org/eclipse/swt/widgets/Button.java,addSelectionListener
b514dd35-72b3-493a-a02a-c78c1a8365b9,d458aa3f-2331-448d-bb33-2f9135fc3ab3,4ad414f6-5b10-43ce-a10a-ea45cda4ce5b,->,b514dd35-72b3-493a-a02a-c78c1a8365b9,org/eclipse/swt/widgets/Button.java,setText
b514dd35-72b3-493a-a02a-c78c1a8365b9,d458aa3f-2331-448d-bb33-2f9135fc3ab3,4ad414f6-5b10-43ce-a10a-ea45cda4ce5b,->,b514dd35-72b3-493a-a02a-c78c1a8365b9,org/eclipse/swt/widgets/Button.java,setToolTipText
b514dd35-72b3-493a-a02a-c78c1a8365b9,d458aa3f-2331-448d-bb33-2f9135fc3ab3,4ad414f6-5b10-43ce-a10a-ea45cda4ce5b,->,b514dd35-72b3-493a-a02a-c78c1a8365b9,org/eclipse/swt/widgets/Button.java,setLayoutData
b514dd35-72b3-493a-a02a-c78c1a8365b9,d458aa3f-2331-448d-bb33-2f9135fc3ab3,4ad414f6-5b10-43ce-a10a-ea45cda4ce5b,->,b514dd35-72b3-493a-a02a-c78c1a8365b9,org/eclipse/swt/widgets/Button.java,addSelectionListener
b514dd35-72b3-493a-a02a-c78c1a8365b9,d458aa3f-2331-448d-bb33-2f9135fc3ab3,4ad414f6-5b10-43ce-a10a-ea45cda4ce5b,->,b514dd35-72b3-493a-a02a-c78c1a8365b9,org/eclipse/swt/widgets/Button.java,setText
b514dd35-72b3-493a-a02a-c78c1a8365b9,d458aa3f-2331-448d-bb33-2f9135fc3ab3,4ad414f6-5b10-43ce-a10a-ea45cda4ce5b,->,b514dd35-72b3-493a-a02a-c78c1a8365b9,org/eclipse/swt/widgets/Button.java,setToolTipText
b514dd35-72b3-493a-a02a-c78c1a8365b9,d458aa3f-2331-448d-bb33-2f9135fc3ab3,4ad414f6-5b10-43ce-a10a-ea45cda4ce5b,->,b514dd35-72b3-493a-a02a-c78c1a8365b9,org/eclipse/swt/widgets/Button.java,setLayoutData
b514dd35-72b3-493a-a02a-c78c1a8365b9,d458aa3f-2331-448d-bb33-2f9135fc3ab3,4ad414f6-5b10-43ce-a10a-ea45cda4ce5b,->,b514dd35-72b3-493a-a02a-c78c1a8365b9,org/eclipse/swt/widgets/Button.java,addSelectionListener
b514dd35-72b3-493a-a02a-c78c1a8365b9,d458aa3f-2331-448d-bb33-2f9135fc3ab3,4ad414f6-5b10-43ce-a10a-ea45cda4ce5b,->,b514dd35-72b3-493a-a02a-c78c1a8365b9,org/eclipse/swt/widgets/Button.java,setText
b514dd35-72b3-493a-a02a-c78c1a8365b9,d458aa3f-2331-448d-bb33-2f9135fc3ab3,4ad414f6-5b10-43ce-a10a-ea45cda4ce5b,->,b514dd35-72b3-493a-a02a-c78c1a8365b9,org/eclipse/swt/widgets/Button.java,setToolTipText
b514dd35-72b3-493a-a02a-c78c1a8365b9,d458aa3f-2331-448d-bb33-2f9135fc3ab3,4ad414f6-5b10-43ce-a10a-ea45cda4ce5b,->,b514dd35-72b3-493a-a02a-c78c1a8365b9,org/eclipse/swt/widgets/Button.java,setLayoutData
b514dd35-72b3-493a-a02a-c78c1a8365b9,d458aa3f-2331-448d-bb33-2f9135fc3ab3,4ad414f6-5b10-43ce-a10a-ea45cda4ce5b,->,b514dd35-72b3-493a-a02a-c78c1a8365b9,org/eclipse/swt/widgets/Button.java,addSelectionListener
b514dd35-72b3-493a-a02a-c78c1a8365b9,d458aa3f-2331-448d-bb33-2f9135fc3ab3,4ad414f6-5b10-43ce-a10a-ea45cda4ce5b,->,b514dd35-72b3-493a-a02a-c78c1a8365b9,org/eclipse/jface/viewers/TableViewer.java,setUseHashlookup
b514dd35-72b3-493a-a02a-c78c1a8365b9,d458aa3f-2331-448d-bb33-2f9135fc3ab3,4ad414f6-5b10-43ce-a10a-ea45cda4ce5b,->,b514dd35-72b3-493a-a02a-c78c1a8365b9,org/eclipse/jface/viewers/TableViewer.java,getTable
b514dd35-72b3-493a-a02a-c78c1a8365b9,d458aa3f-2331-448d-bb33-2f9135fc3ab3,4ad414f6-5b10-43ce-a10a-ea45cda4ce5b,->,b514dd35-72b3-493a-a02a-c78c1a8365b9,org/eclipse/swt/widgets/Table.java,setHeaderVisible
b514dd35-72b3-493a-a02a-c78c1a8365b9,d458aa3f-2331-448d-bb33-2f9135fc3ab3,4ad414f6-5b10-43ce-a10a-ea45cda4ce5b,->,b514dd35-72b3-493a-a02a-c78c1a8365b9,org/eclipse/swt/widgets/Table.java,setLinesVisible
b514dd35-72b3-493a-a02a-c78c1a8365b9,d458aa3f-2331-448d-bb33-2f9135fc3ab3,4ad414f6-5b10-43ce-a10a-ea45cda4ce5b,->,b514dd35-72b3-493a-a02a-c78c1a8365b9,org/eclipse/jface/viewers/TableViewer.java,setSorter
b514dd35-72b3-493a-a02a-c78c1a8365b9,d458aa3f-2331-448d-bb33-2f9135fc3ab3,4ad414f6-5b10-43ce-a10a-ea45cda4ce5b,->,b514dd35-72b3-493a-a02a-c78c1a8365b9,org/eclipse/jface/viewers/TableViewer.java,addFilter
b514dd35-72b3-493a-a02a-c78c1a8365b9,d458aa3f-2331-448d-bb33-2f9135fc3ab3,4ad414f6-5b10-43ce-a10a-ea45cda4ce5b,->,b514dd35-72b3-493a-a02a-c78c1a8365b9,org/eclipse/swt/widgets/Text.java,addKeyListener
b514dd35-72b3-493a-a02a-c78c1a8365b9,d458aa3f-2331-448d-bb33-2f9135fc3ab3,4ad414f6-5b10-43ce-a10a-ea45cda4ce5b,->,b514dd35-72b3-493a-a02a-c78c1a8365b9,org/eclipse/jface/viewers/TableViewer.java,getControl
b514dd35-72b3-493a-a02a-c78c1a8365b9,d458aa3f-2331-448d-bb33-2f9135fc3ab3,4ad414f6-5b10-43ce-a10a-ea45cda4ce5b,->,b514dd35-72b3-493a-a02a-c78c1a8365b9,org/eclipse/swt/widgets/Control.java,setLayoutData
b514dd35-72b3-493a-a02a-c78c1a8365b9,d458aa3f-2331-448d-bb33-2f9135fc3ab3,4ad414f6-5b10-43ce-a10a-ea45cda4ce5b,->,b514dd35-72b3-493a-a02a-c78c1a8365b9,org/fhsolution/eclipse/plugins/csvedit/editors/MultiPageCSVEditor.java,addPage
b514dd35-72b3-493a-a02a-c78c1a8365b9,d458aa3f-2331-448d-bb33-2f9135fc3ab3,4ad414f6-5b10-43ce-a10a-ea45cda4ce5b,->,b514dd35-72b3-493a-a02a-c78c1a8365b9,org/fhsolution/eclipse/plugins/csvedit/editors/MultiPageCSVEditor.java,setPageText
b514dd35-72b3-493a-a02a-c78c1a8365b9,d458aa3f-2331-448d-bb33-2f9135fc3ab3,e11e38fa-750c-4753-b1da-2790edaf5b9e,->,b514dd35-72b3-493a-a02a-c78c1a8365b9,org/fhsolution/eclipse/plugins/csvedit/editors/MultiPageCSVEditor.java,getEditorInput
b514dd35-72b3-493a-a02a-c78c1a8365b9,d458aa3f-2331-448d-bb33-2f9135fc3ab3,e11e38fa-750c-4753-b1da-2790edaf5b9e,->,b514dd35-72b3-493a-a02a-c78c1a8365b9,org/eclipse/ui/IEditorInput.java,getName
b514dd35-72b3-493a-a02a-c78c1a8365b9,d458aa3f-2331-448d-bb33-2f9135fc3ab3,e11e38fa-750c-4753-b1da-2790edaf5b9e,->,b514dd35-72b3-493a-a02a-c78c1a8365b9,org/fhsolution/eclipse/plugins/csvedit/editors/MultiPageCSVEditor.java,setPartName
b514dd35-72b3-493a-a02a-c78c1a8365b9,d458aa3f-2331-448d-bb33-2f9135fc3ab3,e11e38fa-750c-4753-b1da-2790edaf5b9e,->,b514dd35-72b3-493a-a02a-c78c1a8365b9,org/eclipse/ui/IEditorInput.java,getToolTipText
b514dd35-72b3-493a-a02a-c78c1a8365b9,d458aa3f-2331-448d-bb33-2f9135fc3ab3,e11e38fa-750c-4753-b1da-2790edaf5b9e,->,b514dd35-72b3-493a-a02a-c78c1a8365b9,org/fhsolution/eclipse/plugins/csvedit/editors/MultiPageCSVEditor.java,setTitleToolTip
b514dd35-72b3-493a-a02a-c78c1a8365b9,d458aa3f-2331-448d-bb33-2f9135fc3ab3,52371b00-d5ac-4206-8a53-2b4bd21efa5d,->,b514dd35-72b3-493a-a02a-c78c1a8365b9,org/eclipse/jface/viewers/TableViewer.java,setContentProvider
b514dd35-72b3-493a-a02a-c78c1a8365b9,d458aa3f-2331-448d-bb33-2f9135fc3ab3,52371b00-d5ac-4206-8a53-2b4bd21efa5d,->,b514dd35-72b3-493a-a02a-c78c1a8365b9,org/fhsolution/eclipse/plugins/csvedit/editors/MultiPageCSVEditor.java,getSite
b514dd35-72b3-493a-a02a-c78c1a8365b9,d458aa3f-2331-448d-bb33-2f9135fc3ab3,52371b00-d5ac-4206-8a53-2b4bd21efa5d,->,b514dd35-72b3-493a-a02a-c78c1a8365b9,org/eclipse/ui/IWorkbenchPartSite.java,setSelectionProvider
b514dd35-72b3-493a-a02a-c78c1a8365b9,d458aa3f-2331-448d-bb33-2f9135fc3ab3,52371b00-d5ac-4206-8a53-2b4bd21efa5d,->,b514dd35-72b3-493a-a02a-c78c1a8365b9,org/eclipse/jface/viewers/TableViewer.java,getTable
b514dd35-72b3-493a-a02a-c78c1a8365b9,d458aa3f-2331-448d-bb33-2f9135fc3ab3,52371b00-d5ac-4206-8a53-2b4bd21efa5d,->,b514dd35-72b3-493a-a02a-c78c1a8365b9,org/eclipse/swt/widgets/Table.java,getDisplay
b514dd35-72b3-493a-a02a-c78c1a8365b9,d458aa3f-2331-448d-bb33-2f9135fc3ab3,52371b00-d5ac-4206-8a53-2b4bd21efa5d,->,b514dd35-72b3-493a-a02a-c78c1a8365b9,org/eclipse/swt/widgets/Display.java,asyncExec
b514dd35-72b3-493a-a02a-c78c1a8365b9,d458aa3f-2331-448d-bb33-2f9135fc3ab3,d0b1e15b-9845-4e03-af8b-947e15ecce54,->,b514dd35-72b3-493a-a02a-c78c1a8365b9,org/eclipse/jface/viewers/TableViewer.java,refresh
b514dd35-72b3-493a-a02a-c78c1a8365b9,d458aa3f-2331-448d-bb33-2f9135fc3ab3,d0b1e15b-9845-4e03-af8b-947e15ecce54,->,b514dd35-72b3-493a-a02a-c78c1a8365b9,org/fhsolution/eclipse/plugins/csvedit/editors/MultiPageCSVEditor.java,firePropertyChange
b514dd35-72b3-493a-a02a-c78c1a8365b9,d458aa3f-2331-448d-bb33-2f9135fc3ab3,d0b1e15b-9845-4e03-af8b-947e15ecce54,->,b514dd35-72b3-493a-a02a-c78c1a8365b9,org/eclipse/ui/editors/text/TextEditor.java,validateEditorInputState
b514dd35-72b3-493a-a02a-c78c1a8365b9,d458aa3f-2331-448d-bb33-2f9135fc3ab3,24364266-2743-4eea-b133-1b961ab62049,->,b514dd35-72b3-493a-a02a-c78c1a8365b9,org/eclipse/jface/viewers/TableViewer.java,getTable
b514dd35-72b3-493a-a02a-c78c1a8365b9,d458aa3f-2331-448d-bb33-2f9135fc3ab3,24364266-2743-4eea-b133-1b961ab62049,->,b514dd35-72b3-493a-a02a-c78c1a8365b9,8b6dd70d-ee22-4a13-b13e-45efe98b3257,efc167b9-22f3-4d2e-b5a6-3fb2167c9a9c
b514dd35-72b3-493a-a02a-c78c1a8365b9,d458aa3f-2331-448d-bb33-2f9135fc3ab3,24364266-2743-4eea-b133-1b961ab62049,->,b514dd35-72b3-493a-a02a-c78c1a8365b9,org/eclipse/ui/editors/text/TextEditor.java,getDocumentProvider
b514dd35-72b3-493a-a02a-c78c1a8365b9,d458aa3f-2331-448d-bb33-2f9135fc3ab3,24364266-2743-4eea-b133-1b961ab62049,->,b514dd35-72b3-493a-a02a-c78c1a8365b9,org/eclipse/ui/editors/text/TextEditor.java,getEditorInput
b514dd35-72b3-493a-a02a-c78c1a8365b9,d458aa3f-2331-448d-bb33-2f9135fc3ab3,24364266-2743-4eea-b133-1b961ab62049,->,b514dd35-72b3-493a-a02a-c78c1a8365b9,org/eclipse/ui/texteditor/IDocumentProvider.java,getDocument
b514dd35-72b3-493a-a02a-c78c1a8365b9,d458aa3f-2331-448d-bb33-2f9135fc3ab3,24364266-2743-4eea-b133-1b961ab62049,->,b514dd35-72b3-493a-a02a-c78c1a8365b9,org/eclipse/jface/text/IDocument.java,get
b514dd35-72b3-493a-a02a-c78c1a8365b9,d458aa3f-2331-448d-bb33-2f9135fc3ab3,24364266-2743-4eea-b133-1b961ab62049,->,b514dd35-72b3-493a-a02a-c78c1a8365b9,8b6dd70d-ee22-4a13-b13e-45efe98b3257,d0ba4bf0-4db1-4461-8d94-770a3d47a66b
b514dd35-72b3-493a-a02a-c78c1a8365b9,d458aa3f-2331-448d-bb33-2f9135fc3ab3,24364266-2743-4eea-b133-1b961ab62049,->,b514dd35-72b3-493a-a02a-c78c1a8365b9,org/eclipse/swt/widgets/MenuItem.java,setText
b514dd35-72b3-493a-a02a-c78c1a8365b9,d458aa3f-2331-448d-bb33-2f9135fc3ab3,24364266-2743-4eea-b133-1b961ab62049,->,b514dd35-72b3-493a-a02a-c78c1a8365b9,org/eclipse/swt/widgets/MenuItem.java,setSelection
b514dd35-72b3-493a-a02a-c78c1a8365b9,d458aa3f-2331-448d-bb33-2f9135fc3ab3,24364266-2743-4eea-b133-1b961ab62049,->,b514dd35-72b3-493a-a02a-c78c1a8365b9,org/eclipse/swt/widgets/MenuItem.java,addListener
b514dd35-72b3-493a-a02a-c78c1a8365b9,d458aa3f-2331-448d-bb33-2f9135fc3ab3,24364266-2743-4eea-b133-1b961ab62049,->,b514dd35-72b3-493a-a02a-c78c1a8365b9,org/eclipse/jface/viewers/TableViewer.java,getTable
b514dd35-72b3-493a-a02a-c78c1a8365b9,d458aa3f-2331-448d-bb33-2f9135fc3ab3,24364266-2743-4eea-b133-1b961ab62049,->,b514dd35-72b3-493a-a02a-c78c1a8365b9,org/eclipse/swt/widgets/Table.java,getColumns
b514dd35-72b3-493a-a02a-c78c1a8365b9,d458aa3f-2331-448d-bb33-2f9135fc3ab3,24364266-2743-4eea-b133-1b961ab62049,->,b514dd35-72b3-493a-a02a-c78c1a8365b9,8b6dd70d-ee22-4a13-b13e-45efe98b3257,be1deb4b-9735-4aeb-8fc6-a83ace3192de
b514dd35-72b3-493a-a02a-c78c1a8365b9,d458aa3f-2331-448d-bb33-2f9135fc3ab3,24364266-2743-4eea-b133-1b961ab62049,->,b514dd35-72b3-493a-a02a-c78c1a8365b9,java/util/ArrayList.java,size
b514dd35-72b3-493a-a02a-c78c1a8365b9,d458aa3f-2331-448d-bb33-2f9135fc3ab3,24364266-2743-4eea-b133-1b961ab62049,->,b514dd35-72b3-493a-a02a-c78c1a8365b9,8b6dd70d-ee22-4a13-b13e-45efe98b3257,be1deb4b-9735-4aeb-8fc6-a83ace3192de
b514dd35-72b3-493a-a02a-c78c1a8365b9,d458aa3f-2331-448d-bb33-2f9135fc3ab3,24364266-2743-4eea-b133-1b961ab62049,->,b514dd35-72b3-493a-a02a-c78c1a8365b9,java/util/ArrayList.java,get
b514dd35-72b3-493a-a02a-c78c1a8365b9,d458aa3f-2331-448d-bb33-2f9135fc3ab3,24364266-2743-4eea-b133-1b961ab62049,->,b514dd35-72b3-493a-a02a-c78c1a8365b9,org/eclipse/swt/widgets/TableColumn.java,setText
b514dd35-72b3-493a-a02a-c78c1a8365b9,d458aa3f-2331-448d-bb33-2f9135fc3ab3,24364266-2743-4eea-b133-1b961ab62049,->,b514dd35-72b3-493a-a02a-c78c1a8365b9,d458aa3f-2331-448d-bb33-2f9135fc3ab3,b2d2e7e2-1e39-4a7c-8c88-cfe26b65ef3e
b514dd35-72b3-493a-a02a-c78c1a8365b9,d458aa3f-2331-448d-bb33-2f9135fc3ab3,24364266-2743-4eea-b133-1b961ab62049,->,b514dd35-72b3-493a-a02a-c78c1a8365b9,8b6dd70d-ee22-4a13-b13e-45efe98b3257,be1deb4b-9735-4aeb-8fc6-a83ace3192de
b514dd35-72b3-493a-a02a-c78c1a8365b9,d458aa3f-2331-448d-bb33-2f9135fc3ab3,24364266-2743-4eea-b133-1b961ab62049,->,b514dd35-72b3-493a-a02a-c78c1a8365b9,java/util/ArrayList.java,size
b514dd35-72b3-493a-a02a-c78c1a8365b9,d458aa3f-2331-448d-bb33-2f9135fc3ab3,24364266-2743-4eea-b133-1b961ab62049,->,b514dd35-72b3-493a-a02a-c78c1a8365b9,org/eclipse/jface/viewers/TableViewerColumn.java,getColumn
b514dd35-72b3-493a-a02a-c78c1a8365b9,d458aa3f-2331-448d-bb33-2f9135fc3ab3,24364266-2743-4eea-b133-1b961ab62049,->,b514dd35-72b3-493a-a02a-c78c1a8365b9,8b6dd70d-ee22-4a13-b13e-45efe98b3257,be1deb4b-9735-4aeb-8fc6-a83ace3192de
b514dd35-72b3-493a-a02a-c78c1a8365b9,d458aa3f-2331-448d-bb33-2f9135fc3ab3,24364266-2743-4eea-b133-1b961ab62049,->,b514dd35-72b3-493a-a02a-c78c1a8365b9,java/util/ArrayList.java,get
b514dd35-72b3-493a-a02a-c78c1a8365b9,d458aa3f-2331-448d-bb33-2f9135fc3ab3,24364266-2743-4eea-b133-1b961ab62049,->,b514dd35-72b3-493a-a02a-c78c1a8365b9,org/eclipse/swt/widgets/TableColumn.java,setText
b514dd35-72b3-493a-a02a-c78c1a8365b9,d458aa3f-2331-448d-bb33-2f9135fc3ab3,24364266-2743-4eea-b133-1b961ab62049,->,b514dd35-72b3-493a-a02a-c78c1a8365b9,org/eclipse/jface/viewers/TableViewerColumn.java,getColumn
b514dd35-72b3-493a-a02a-c78c1a8365b9,d458aa3f-2331-448d-bb33-2f9135fc3ab3,24364266-2743-4eea-b133-1b961ab62049,->,b514dd35-72b3-493a-a02a-c78c1a8365b9,org/eclipse/swt/widgets/TableColumn.java,setWidth
b514dd35-72b3-493a-a02a-c78c1a8365b9,d458aa3f-2331-448d-bb33-2f9135fc3ab3,24364266-2743-4eea-b133-1b961ab62049,->,b514dd35-72b3-493a-a02a-c78c1a8365b9,org/eclipse/jface/viewers/TableViewerColumn.java,getColumn
b514dd35-72b3-493a-a02a-c78c1a8365b9,d458aa3f-2331-448d-bb33-2f9135fc3ab3,24364266-2743-4eea-b133-1b961ab62049,->,b514dd35-72b3-493a-a02a-c78c1a8365b9,org/eclipse/swt/widgets/TableColumn.java,setResizable
b514dd35-72b3-493a-a02a-c78c1a8365b9,d458aa3f-2331-448d-bb33-2f9135fc3ab3,24364266-2743-4eea-b133-1b961ab62049,->,b514dd35-72b3-493a-a02a-c78c1a8365b9,org/eclipse/jface/viewers/TableViewerColumn.java,getColumn
b514dd35-72b3-493a-a02a-c78c1a8365b9,d458aa3f-2331-448d-bb33-2f9135fc3ab3,24364266-2743-4eea-b133-1b961ab62049,->,b514dd35-72b3-493a-a02a-c78c1a8365b9,org/eclipse/swt/widgets/TableColumn.java,setMoveable
b514dd35-72b3-493a-a02a-c78c1a8365b9,d458aa3f-2331-448d-bb33-2f9135fc3ab3,24364266-2743-4eea-b133-1b961ab62049,->,b514dd35-72b3-493a-a02a-c78c1a8365b9,org/eclipse/jface/viewers/TableViewerColumn.java,setLabelProvider
b514dd35-72b3-493a-a02a-c78c1a8365b9,d458aa3f-2331-448d-bb33-2f9135fc3ab3,24364266-2743-4eea-b133-1b961ab62049,->,b514dd35-72b3-493a-a02a-c78c1a8365b9,org/eclipse/jface/viewers/TableViewerColumn.java,getColumn
b514dd35-72b3-493a-a02a-c78c1a8365b9,d458aa3f-2331-448d-bb33-2f9135fc3ab3,24364266-2743-4eea-b133-1b961ab62049,->,b514dd35-72b3-493a-a02a-c78c1a8365b9,d458aa3f-2331-448d-bb33-2f9135fc3ab3,b2d2e7e2-1e39-4a7c-8c88-cfe26b65ef3e
b514dd35-72b3-493a-a02a-c78c1a8365b9,d458aa3f-2331-448d-bb33-2f9135fc3ab3,24364266-2743-4eea-b133-1b961ab62049,->,b514dd35-72b3-493a-a02a-c78c1a8365b9,8b6dd70d-ee22-4a13-b13e-45efe98b3257,d19243ff-379b-498b-adbd-869667f0b0da
b514dd35-72b3-493a-a02a-c78c1a8365b9,d458aa3f-2331-448d-bb33-2f9135fc3ab3,24364266-2743-4eea-b133-1b961ab62049,->,b514dd35-72b3-493a-a02a-c78c1a8365b9,org/eclipse/swt/widgets/MenuItem.java,setText
b514dd35-72b3-493a-a02a-c78c1a8365b9,d458aa3f-2331-448d-bb33-2f9135fc3ab3,24364266-2743-4eea-b133-1b961ab62049,->,b514dd35-72b3-493a-a02a-c78c1a8365b9,org/eclipse/swt/widgets/MenuItem.java,setSelection
b514dd35-72b3-493a-a02a-c78c1a8365b9,d458aa3f-2331-448d-bb33-2f9135fc3ab3,24364266-2743-4eea-b133-1b961ab62049,->,b514dd35-72b3-493a-a02a-c78c1a8365b9,org/eclipse/swt/widgets/MenuItem.java,addListener
b514dd35-72b3-493a-a02a-c78c1a8365b9,d458aa3f-2331-448d-bb33-2f9135fc3ab3,24364266-2743-4eea-b133-1b961ab62049,->,b514dd35-72b3-493a-a02a-c78c1a8365b9,org/eclipse/swt/widgets/MenuItem.java,setText
b514dd35-72b3-493a-a02a-c78c1a8365b9,d458aa3f-2331-448d-bb33-2f9135fc3ab3,24364266-2743-4eea-b133-1b961ab62049,->,b514dd35-72b3-493a-a02a-c78c1a8365b9,org/eclipse/swt/widgets/MenuItem.java,setSelection
b514dd35-72b3-493a-a02a-c78c1a8365b9,d458aa3f-2331-448d-bb33-2f9135fc3ab3,24364266-2743-4eea-b133-1b961ab62049,->,b514dd35-72b3-493a-a02a-c78c1a8365b9,org/eclipse/swt/widgets/MenuItem.java,addListener
b514dd35-72b3-493a-a02a-c78c1a8365b9,d458aa3f-2331-448d-bb33-2f9135fc3ab3,24364266-2743-4eea-b133-1b961ab62049,->,b514dd35-72b3-493a-a02a-c78c1a8365b9,org/eclipse/jface/viewers/TableViewer.java,setInput
b514dd35-72b3-493a-a02a-c78c1a8365b9,d458aa3f-2331-448d-bb33-2f9135fc3ab3,24364266-2743-4eea-b133-1b961ab62049,->,b514dd35-72b3-493a-a02a-c78c1a8365b9,8b6dd70d-ee22-4a13-b13e-45efe98b3257,231650a7-3787-4cb3-a841-f1668e650f13
b514dd35-72b3-493a-a02a-c78c1a8365b9,d458aa3f-2331-448d-bb33-2f9135fc3ab3,24364266-2743-4eea-b133-1b961ab62049,->,b514dd35-72b3-493a-a02a-c78c1a8365b9,org/eclipse/jface/viewers/TableViewer.java,getTable
b514dd35-72b3-493a-a02a-c78c1a8365b9,d458aa3f-2331-448d-bb33-2f9135fc3ab3,24364266-2743-4eea-b133-1b961ab62049,->,b514dd35-72b3-493a-a02a-c78c1a8365b9,org/eclipse/swt/widgets/Table.java,addListener
b514dd35-72b3-493a-a02a-c78c1a8365b9,d458aa3f-2331-448d-bb33-2f9135fc3ab3,24364266-2743-4eea-b133-1b961ab62049,->,b514dd35-72b3-493a-a02a-c78c1a8365b9,d458aa3f-2331-448d-bb33-2f9135fc3ab3,8790d037-a490-4722-9c2f-b6746323f2cd
b514dd35-72b3-493a-a02a-c78c1a8365b9,d458aa3f-2331-448d-bb33-2f9135fc3ab3,8790d037-a490-4722-9c2f-b6746323f2cd,->,b514dd35-72b3-493a-a02a-c78c1a8365b9,8b6dd70d-ee22-4a13-b13e-45efe98b3257,6316bc97-ee81-4c0d-a54b-cd0f5eb69729
b514dd35-72b3-493a-a02a-c78c1a8365b9,d458aa3f-2331-448d-bb33-2f9135fc3ab3,8790d037-a490-4722-9c2f-b6746323f2cd,->,b514dd35-72b3-493a-a02a-c78c1a8365b9,8b6dd70d-ee22-4a13-b13e-45efe98b3257,6316bc97-ee81-4c0d-a54b-cd0f5eb69729
b514dd35-72b3-493a-a02a-c78c1a8365b9,d458aa3f-2331-448d-bb33-2f9135fc3ab3,8790d037-a490-4722-9c2f-b6746323f2cd,->,b514dd35-72b3-493a-a02a-c78c1a8365b9,8b6dd70d-ee22-4a13-b13e-45efe98b3257,6316bc97-ee81-4c0d-a54b-cd0f5eb69729
b514dd35-72b3-493a-a02a-c78c1a8365b9,d458aa3f-2331-448d-bb33-2f9135fc3ab3,8790d037-a490-4722-9c2f-b6746323f2cd,->,b514dd35-72b3-493a-a02a-c78c1a8365b9,java/lang/Integer.java,toString
b514dd35-72b3-493a-a02a-c78c1a8365b9,d458aa3f-2331-448d-bb33-2f9135fc3ab3,8790d037-a490-4722-9c2f-b6746323f2cd,->,b514dd35-72b3-493a-a02a-c78c1a8365b9,org/eclipse/jface/viewers/TableViewer.java,getTable
b514dd35-72b3-493a-a02a-c78c1a8365b9,d458aa3f-2331-448d-bb33-2f9135fc3ab3,8790d037-a490-4722-9c2f-b6746323f2cd,->,b514dd35-72b3-493a-a02a-c78c1a8365b9,org/eclipse/jface/viewers/TableViewer.java,setColumnProperties
b514dd35-72b3-493a-a02a-c78c1a8365b9,d458aa3f-2331-448d-bb33-2f9135fc3ab3,8790d037-a490-4722-9c2f-b6746323f2cd,->,b514dd35-72b3-493a-a02a-c78c1a8365b9,org/eclipse/jface/viewers/TableViewer.java,setCellEditors
b514dd35-72b3-493a-a02a-c78c1a8365b9,d458aa3f-2331-448d-bb33-2f9135fc3ab3,8790d037-a490-4722-9c2f-b6746323f2cd,->,b514dd35-72b3-493a-a02a-c78c1a8365b9,org/eclipse/jface/viewers/TableViewer.java,setCellModifier
b514dd35-72b3-493a-a02a-c78c1a8365b9,d458aa3f-2331-448d-bb33-2f9135fc3ab3,0fc28243-a14c-4aed-93f0-235e44b49273,->,b514dd35-72b3-493a-a02a-c78c1a8365b9,org/eclipse/jface/viewers/TableViewer.java,getTable
b514dd35-72b3-493a-a02a-c78c1a8365b9,d458aa3f-2331-448d-bb33-2f9135fc3ab3,0fc28243-a14c-4aed-93f0-235e44b49273,->,b514dd35-72b3-493a-a02a-c78c1a8365b9,org/eclipse/swt/widgets/Table.java,getColumns
b514dd35-72b3-493a-a02a-c78c1a8365b9,d458aa3f-2331-448d-bb33-2f9135fc3ab3,0fc28243-a14c-4aed-93f0-235e44b49273,->,b514dd35-72b3-493a-a02a-c78c1a8365b9,org/eclipse/swt/widgets/TableColumn.java,getText
b514dd35-72b3-493a-a02a-c78c1a8365b9,d458aa3f-2331-448d-bb33-2f9135fc3ab3,0fc28243-a14c-4aed-93f0-235e44b49273,->,b514dd35-72b3-493a-a02a-c78c1a8365b9,java/lang/String.java,equalsIgnoreCase
b514dd35-72b3-493a-a02a-c78c1a8365b9,d458aa3f-2331-448d-bb33-2f9135fc3ab3,b2d2e7e2-1e39-4a7c-8c88-cfe26b65ef3e,->,b514dd35-72b3-493a-a02a-c78c1a8365b9,org/eclipse/swt/widgets/TableColumn.java,getText
b514dd35-72b3-493a-a02a-c78c1a8365b9,d458aa3f-2331-448d-bb33-2f9135fc3ab3,b2d2e7e2-1e39-4a7c-8c88-cfe26b65ef3e,->,b514dd35-72b3-493a-a02a-c78c1a8365b9,org/eclipse/swt/widgets/MenuItem.java,setText
b514dd35-72b3-493a-a02a-c78c1a8365b9,d458aa3f-2331-448d-bb33-2f9135fc3ab3,b2d2e7e2-1e39-4a7c-8c88-cfe26b65ef3e,->,b514dd35-72b3-493a-a02a-c78c1a8365b9,org/eclipse/swt/widgets/TableColumn.java,getResizable
b514dd35-72b3-493a-a02a-c78c1a8365b9,d458aa3f-2331-448d-bb33-2f9135fc3ab3,b2d2e7e2-1e39-4a7c-8c88-cfe26b65ef3e,->,b514dd35-72b3-493a-a02a-c78c1a8365b9,org/eclipse/swt/widgets/MenuItem.java,setSelection
b514dd35-72b3-493a-a02a-c78c1a8365b9,d458aa3f-2331-448d-bb33-2f9135fc3ab3,b2d2e7e2-1e39-4a7c-8c88-cfe26b65ef3e,->,b514dd35-72b3-493a-a02a-c78c1a8365b9,org/eclipse/swt/widgets/MenuItem.java,addListener
b514dd35-72b3-493a-a02a-c78c1a8365b9,d458aa3f-2331-448d-bb33-2f9135fc3ab3,b2d2e7e2-1e39-4a7c-8c88-cfe26b65ef3e,->,b514dd35-72b3-493a-a02a-c78c1a8365b9,org/eclipse/swt/widgets/TableColumn.java,addSelectionListener
b514dd35-72b3-493a-a02a-c78c1a8365b9,d458aa3f-2331-448d-bb33-2f9135fc3ab3,cc0b5602-fd4f-4847-b831-ac377de3829a,->,b514dd35-72b3-493a-a02a-c78c1a8365b9,org/eclipse/core/resources/ResourcesPlugin.java,getWorkspace
b514dd35-72b3-493a-a02a-c78c1a8365b9,d458aa3f-2331-448d-bb33-2f9135fc3ab3,cc0b5602-fd4f-4847-b831-ac377de3829a,->,b514dd35-72b3-493a-a02a-c78c1a8365b9,org/eclipse/core/resources/IWorkspace.java,removeResourceChangeListener
b514dd35-72b3-493a-a02a-c78c1a8365b9,d458aa3f-2331-448d-bb33-2f9135fc3ab3,cc0b5602-fd4f-4847-b831-ac377de3829a,->,b514dd35-72b3-493a-a02a-c78c1a8365b9,org/eclipse/ui/part/MultiPageEditorPart.java,dispose
b514dd35-72b3-493a-a02a-c78c1a8365b9,d458aa3f-2331-448d-bb33-2f9135fc3ab3,4ba79e09-9c4d-4ffe-9d17-9d6551ae561f,->,b514dd35-72b3-493a-a02a-c78c1a8365b9,org/fhsolution/eclipse/plugins/csvedit/editors/MultiPageCSVEditor.java,getActivePage
b514dd35-72b3-493a-a02a-c78c1a8365b9,d458aa3f-2331-448d-bb33-2f9135fc3ab3,4ba79e09-9c4d-4ffe-9d17-9d6551ae561f,->,b514dd35-72b3-493a-a02a-c78c1a8365b9,d458aa3f-2331-448d-bb33-2f9135fc3ab3,4edcf7b8-c18e-4642-9b87-374f5446b909
b514dd35-72b3-493a-a02a-c78c1a8365b9,d458aa3f-2331-448d-bb33-2f9135fc3ab3,4ba79e09-9c4d-4ffe-9d17-9d6551ae561f,->,b514dd35-72b3-493a-a02a-c78c1a8365b9,d458aa3f-2331-448d-bb33-2f9135fc3ab3,24364266-2743-4eea-b133-1b961ab62049
b514dd35-72b3-493a-a02a-c78c1a8365b9,d458aa3f-2331-448d-bb33-2f9135fc3ab3,4ba79e09-9c4d-4ffe-9d17-9d6551ae561f,->,b514dd35-72b3-493a-a02a-c78c1a8365b9,org/eclipse/ui/editors/text/TextEditor.java,doSave
b514dd35-72b3-493a-a02a-c78c1a8365b9,d458aa3f-2331-448d-bb33-2f9135fc3ab3,b5786ecc-4eaa-4fa9-9255-17740a4da9e4,->,b514dd35-72b3-493a-a02a-c78c1a8365b9,org/fhsolution/eclipse/plugins/csvedit/editors/MultiPageCSVEditor.java,getActivePage
b514dd35-72b3-493a-a02a-c78c1a8365b9,d458aa3f-2331-448d-bb33-2f9135fc3ab3,b5786ecc-4eaa-4fa9-9255-17740a4da9e4,->,b514dd35-72b3-493a-a02a-c78c1a8365b9,d458aa3f-2331-448d-bb33-2f9135fc3ab3,4edcf7b8-c18e-4642-9b87-374f5446b909
b514dd35-72b3-493a-a02a-c78c1a8365b9,d458aa3f-2331-448d-bb33-2f9135fc3ab3,b5786ecc-4eaa-4fa9-9255-17740a4da9e4,->,b514dd35-72b3-493a-a02a-c78c1a8365b9,d458aa3f-2331-448d-bb33-2f9135fc3ab3,24364266-2743-4eea-b133-1b961ab62049
b514dd35-72b3-493a-a02a-c78c1a8365b9,d458aa3f-2331-448d-bb33-2f9135fc3ab3,b5786ecc-4eaa-4fa9-9255-17740a4da9e4,->,b514dd35-72b3-493a-a02a-c78c1a8365b9,org/eclipse/ui/editors/text/TextEditor.java,doSaveAs
b514dd35-72b3-493a-a02a-c78c1a8365b9,d458aa3f-2331-448d-bb33-2f9135fc3ab3,b5786ecc-4eaa-4fa9-9255-17740a4da9e4,->,b514dd35-72b3-493a-a02a-c78c1a8365b9,org/eclipse/ui/editors/text/TextEditor.java,getEditorInput
b514dd35-72b3-493a-a02a-c78c1a8365b9,d458aa3f-2331-448d-bb33-2f9135fc3ab3,b5786ecc-4eaa-4fa9-9255-17740a4da9e4,->,b514dd35-72b3-493a-a02a-c78c1a8365b9,org/fhsolution/eclipse/plugins/csvedit/editors/MultiPageCSVEditor.java,setInput
b514dd35-72b3-493a-a02a-c78c1a8365b9,d458aa3f-2331-448d-bb33-2f9135fc3ab3,b5786ecc-4eaa-4fa9-9255-17740a4da9e4,->,b514dd35-72b3-493a-a02a-c78c1a8365b9,d458aa3f-2331-448d-bb33-2f9135fc3ab3,e11e38fa-750c-4753-b1da-2790edaf5b9e
b514dd35-72b3-493a-a02a-c78c1a8365b9,d458aa3f-2331-448d-bb33-2f9135fc3ab3,1bce7d60-bfb9-4079-bf95-ffcd33ab8405,->,b514dd35-72b3-493a-a02a-c78c1a8365b9,org/eclipse/ui/part/MultiPageEditorPart.java,init
b514dd35-72b3-493a-a02a-c78c1a8365b9,d458aa3f-2331-448d-bb33-2f9135fc3ab3,59330e18-e46c-480c-bc84-38573f1cb34d,->,b514dd35-72b3-493a-a02a-c78c1a8365b9,d458aa3f-2331-448d-bb33-2f9135fc3ab3,0cb55e4c-336e-4ff6-925c-1a2f8044cac4
b514dd35-72b3-493a-a02a-c78c1a8365b9,d458aa3f-2331-448d-bb33-2f9135fc3ab3,59330e18-e46c-480c-bc84-38573f1cb34d,->,b514dd35-72b3-493a-a02a-c78c1a8365b9,org/eclipse/ui/part/MultiPageEditorPart.java,handlePropertyChange
b514dd35-72b3-493a-a02a-c78c1a8365b9,d458aa3f-2331-448d-bb33-2f9135fc3ab3,0cb55e4c-336e-4ff6-925c-1a2f8044cac4,->,b514dd35-72b3-493a-a02a-c78c1a8365b9,org/eclipse/ui/part/MultiPageEditorPart.java,isDirty
b514dd35-72b3-493a-a02a-c78c1a8365b9,d458aa3f-2331-448d-bb33-2f9135fc3ab3,bce2b295-9859-4ab3-a0ff-93938202e3fc,->,b514dd35-72b3-493a-a02a-c78c1a8365b9,d458aa3f-2331-448d-bb33-2f9135fc3ab3,0cb55e4c-336e-4ff6-925c-1a2f8044cac4
b514dd35-72b3-493a-a02a-c78c1a8365b9,d458aa3f-2331-448d-bb33-2f9135fc3ab3,bce2b295-9859-4ab3-a0ff-93938202e3fc,->,b514dd35-72b3-493a-a02a-c78c1a8365b9,d458aa3f-2331-448d-bb33-2f9135fc3ab3,4edcf7b8-c18e-4642-9b87-374f5446b909
b514dd35-72b3-493a-a02a-c78c1a8365b9,d458aa3f-2331-448d-bb33-2f9135fc3ab3,bce2b295-9859-4ab3-a0ff-93938202e3fc,->,b514dd35-72b3-493a-a02a-c78c1a8365b9,d458aa3f-2331-448d-bb33-2f9135fc3ab3,0cb55e4c-336e-4ff6-925c-1a2f8044cac4
b514dd35-72b3-493a-a02a-c78c1a8365b9,d458aa3f-2331-448d-bb33-2f9135fc3ab3,bce2b295-9859-4ab3-a0ff-93938202e3fc,->,b514dd35-72b3-493a-a02a-c78c1a8365b9,d458aa3f-2331-448d-bb33-2f9135fc3ab3,24364266-2743-4eea-b133-1b961ab62049
b514dd35-72b3-493a-a02a-c78c1a8365b9,d458aa3f-2331-448d-bb33-2f9135fc3ab3,bce2b295-9859-4ab3-a0ff-93938202e3fc,->,b514dd35-72b3-493a-a02a-c78c1a8365b9,org/eclipse/ui/part/MultiPageEditorPart.java,pageChange
b514dd35-72b3-493a-a02a-c78c1a8365b9,d458aa3f-2331-448d-bb33-2f9135fc3ab3,4edcf7b8-c18e-4642-9b87-374f5446b909,->,b514dd35-72b3-493a-a02a-c78c1a8365b9,org/eclipse/ui/editors/text/TextEditor.java,getDocumentProvider
b514dd35-72b3-493a-a02a-c78c1a8365b9,d458aa3f-2331-448d-bb33-2f9135fc3ab3,4edcf7b8-c18e-4642-9b87-374f5446b909,->,b514dd35-72b3-493a-a02a-c78c1a8365b9,org/eclipse/ui/editors/text/TextEditor.java,getEditorInput
b514dd35-72b3-493a-a02a-c78c1a8365b9,d458aa3f-2331-448d-bb33-2f9135fc3ab3,4edcf7b8-c18e-4642-9b87-374f5446b909,->,b514dd35-72b3-493a-a02a-c78c1a8365b9,org/eclipse/ui/texteditor/IDocumentProvider.java,getDocument
b514dd35-72b3-493a-a02a-c78c1a8365b9,d458aa3f-2331-448d-bb33-2f9135fc3ab3,4edcf7b8-c18e-4642-9b87-374f5446b909,->,b514dd35-72b3-493a-a02a-c78c1a8365b9,org/eclipse/jface/viewers/TableViewer.java,getInput
b514dd35-72b3-493a-a02a-c78c1a8365b9,d458aa3f-2331-448d-bb33-2f9135fc3ab3,4edcf7b8-c18e-4642-9b87-374f5446b909,->,b514dd35-72b3-493a-a02a-c78c1a8365b9,8b6dd70d-ee22-4a13-b13e-45efe98b3257,7572d097-7d64-4e7d-91c8-38310d9ce481
b514dd35-72b3-493a-a02a-c78c1a8365b9,d458aa3f-2331-448d-bb33-2f9135fc3ab3,4edcf7b8-c18e-4642-9b87-374f5446b909,->,b514dd35-72b3-493a-a02a-c78c1a8365b9,org/eclipse/jface/text/IDocument.java,set
b514dd35-72b3-493a-a02a-c78c1a8365b9,d458aa3f-2331-448d-bb33-2f9135fc3ab3,e6beb538-67e9-4dcf-a6e2-7e3077557e65,->,b514dd35-72b3-493a-a02a-c78c1a8365b9,org/fhsolution/eclipse/plugins/csvedit/editors/MultiPageCSVEditor.java,getActivePage
b514dd35-72b3-493a-a02a-c78c1a8365b9,d458aa3f-2331-448d-bb33-2f9135fc3ab3,e6beb538-67e9-4dcf-a6e2-7e3077557e65,->,b514dd35-72b3-493a-a02a-c78c1a8365b9,org/eclipse/ui/editors/text/TextEditor.java,setFocus
b514dd35-72b3-493a-a02a-c78c1a8365b9,d458aa3f-2331-448d-bb33-2f9135fc3ab3,e6beb538-67e9-4dcf-a6e2-7e3077557e65,->,b514dd35-72b3-493a-a02a-c78c1a8365b9,org/eclipse/jface/viewers/TableViewer.java,getTable
b514dd35-72b3-493a-a02a-c78c1a8365b9,d458aa3f-2331-448d-bb33-2f9135fc3ab3,e6beb538-67e9-4dcf-a6e2-7e3077557e65,->,b514dd35-72b3-493a-a02a-c78c1a8365b9,org/eclipse/swt/widgets/Table.java,setFocus
b514dd35-72b3-493a-a02a-c78c1a8365b9,d458aa3f-2331-448d-bb33-2f9135fc3ab3,c1d7a03e-846b-46c5-9ff4-1ceb65cf6331,->,b514dd35-72b3-493a-a02a-c78c1a8365b9,org/eclipse/core/resources/IResourceChangeEvent.java,getType
b514dd35-72b3-493a-a02a-c78c1a8365b9,d458aa3f-2331-448d-bb33-2f9135fc3ab3,c1d7a03e-846b-46c5-9ff4-1ceb65cf6331,->,b514dd35-72b3-493a-a02a-c78c1a8365b9,org/eclipse/swt/widgets/Display.java,getDefault
b514dd35-72b3-493a-a02a-c78c1a8365b9,d458aa3f-2331-448d-bb33-2f9135fc3ab3,c1d7a03e-846b-46c5-9ff4-1ceb65cf6331,->,b514dd35-72b3-493a-a02a-c78c1a8365b9,org/eclipse/swt/widgets/Display.java,asyncExec
b514dd35-72b3-493a-a02a-c78c1a8365b9,org/fhsolution/eclipse/plugins/csvedit/editors/MultiPageCSVEditor.java,access$100,->,b514dd35-72b3-493a-a02a-c78c1a8365b9,d458aa3f-2331-448d-bb33-2f9135fc3ab3,24364266-2743-4eea-b133-1b961ab62049
b514dd35-72b3-493a-a02a-c78c1a8365b9,org/fhsolution/eclipse/plugins/csvedit/editors/MultiPageCSVEditor.java,access$200,->,b514dd35-72b3-493a-a02a-c78c1a8365b9,d458aa3f-2331-448d-bb33-2f9135fc3ab3,0fc28243-a14c-4aed-93f0-235e44b49273
b514dd35-72b3-493a-a02a-c78c1a8365b9,org/fhsolution/eclipse/plugins/csvedit/editors/MultiPageCSVEditor.java,access$400,->,b514dd35-72b3-493a-a02a-c78c1a8365b9,d458aa3f-2331-448d-bb33-2f9135fc3ab3,b2d2e7e2-1e39-4a7c-8c88-cfe26b65ef3e
b514dd35-72b3-493a-a02a-c78c1a8365b9,org/fhsolution/eclipse/plugins/csvedit/editors/MultiPageCSVEditor.java,access$500,->,b514dd35-72b3-493a-a02a-c78c1a8365b9,d458aa3f-2331-448d-bb33-2f9135fc3ab3,8790d037-a490-4722-9c2f-b6746323f2cd
b514dd35-72b3-493a-a02a-c78c1a8365b9,org/fhsolution/eclipse/plugins/csvedit/editors/MultiPageCSVEditor$6.java,keyReleased,->,b514dd35-72b3-493a-a02a-c78c1a8365b9,org/eclipse/swt/widgets/Text.java,getText
b514dd35-72b3-493a-a02a-c78c1a8365b9,org/fhsolution/eclipse/plugins/csvedit/editors/MultiPageCSVEditor$6.java,keyReleased,->,b514dd35-72b3-493a-a02a-c78c1a8365b9,org/fhsolution/eclipse/plugins/csvedit/editors/MultiPageCSVEditor.java,access$000
b514dd35-72b3-493a-a02a-c78c1a8365b9,org/fhsolution/eclipse/plugins/csvedit/editors/MultiPageCSVEditor$6.java,keyReleased,->,b514dd35-72b3-493a-a02a-c78c1a8365b9,8b6dd70d-ee22-4a13-b13e-45efe98b3257,2cbf2acb-c8d7-433c-8d54-c236ff31ba70
b514dd35-72b3-493a-a02a-c78c1a8365b9,org/fhsolution/eclipse/plugins/csvedit/editors/MultiPageCSVEditor$6.java,keyReleased,->,b514dd35-72b3-493a-a02a-c78c1a8365b9,c7a6dd03-069a-4c39-91d5-d8cb3d2649e3,2b0ea9fa-bbce-4335-b715-fbf3f845b368
b514dd35-72b3-493a-a02a-c78c1a8365b9,org/fhsolution/eclipse/plugins/csvedit/editors/MultiPageCSVEditor$6.java,keyReleased,->,b514dd35-72b3-493a-a02a-c78c1a8365b9,org/eclipse/swt/widgets/Text.java,getText
b514dd35-72b3-493a-a02a-c78c1a8365b9,org/fhsolution/eclipse/plugins/csvedit/editors/MultiPageCSVEditor$6.java,keyReleased,->,b514dd35-72b3-493a-a02a-c78c1a8365b9,org/eclipse/jface/viewers/TableViewer.java,getColumnProperties
b514dd35-72b3-493a-a02a-c78c1a8365b9,org/fhsolution/eclipse/plugins/csvedit/editors/MultiPageCSVEditor$6.java,keyReleased,->,b514dd35-72b3-493a-a02a-c78c1a8365b9,org/eclipse/jface/viewers/TableViewer.java,getLabelProvider
b514dd35-72b3-493a-a02a-c78c1a8365b9,org/fhsolution/eclipse/plugins/csvedit/editors/MultiPageCSVEditor$6.java,keyReleased,->,b514dd35-72b3-493a-a02a-c78c1a8365b9,f418906e-191d-44cb-ba3f-726c160c4c59,8be4d6c9-0799-4beb-9377-49444a1f8fd2
b514dd35-72b3-493a-a02a-c78c1a8365b9,org/fhsolution/eclipse/plugins/csvedit/editors/MultiPageCSVEditor$6.java,keyReleased,->,b514dd35-72b3-493a-a02a-c78c1a8365b9,org/eclipse/jface/viewers/TableViewer.java,refresh
b514dd35-72b3-493a-a02a-c78c1a8365b9,org/fhsolution/eclipse/plugins/csvedit/editors/MultiPageCSVEditor$1.java,entryChanged,->,b514dd35-72b3-493a-a02a-c78c1a8365b9,d458aa3f-2331-448d-bb33-2f9135fc3ab3,d0b1e15b-9845-4e03-af8b-947e15ecce54
b514dd35-72b3-493a-a02a-c78c1a8365b9,org/fhsolution/eclipse/plugins/csvedit/editors/MultiPageCSVEditor$8.java,handleEvent,->,b514dd35-72b3-493a-a02a-c78c1a8365b9,org/eclipse/jface/viewers/TableViewer.java,getSelection
b514dd35-72b3-493a-a02a-c78c1a8365b9,org/fhsolution/eclipse/plugins/csvedit/editors/MultiPageCSVEditor$8.java,handleEvent,->,b514dd35-72b3-493a-a02a-c78c1a8365b9,org/eclipse/jface/viewers/IStructuredSelection.java,getFirstElement
b514dd35-72b3-493a-a02a-c78c1a8365b9,org/fhsolution/eclipse/plugins/csvedit/editors/MultiPageCSVEditor$8.java,handleEvent,->,b514dd35-72b3-493a-a02a-c78c1a8365b9,org/eclipse/swt/widgets/Display.java,getDefault
b514dd35-72b3-493a-a02a-c78c1a8365b9,org/fhsolution/eclipse/plugins/csvedit/editors/MultiPageCSVEditor$8.java,handleEvent,->,b514dd35-72b3-493a-a02a-c78c1a8365b9,org/fhsolution/eclipse/plugins/csvedit/editors/MultiPageCSVEditor.java,access$000
b514dd35-72b3-493a-a02a-c78c1a8365b9,org/fhsolution/eclipse/plugins/csvedit/editors/MultiPageCSVEditor$8.java,handleEvent,->,b514dd35-72b3-493a-a02a-c78c1a8365b9,8b6dd70d-ee22-4a13-b13e-45efe98b3257,be1deb4b-9735-4aeb-8fc6-a83ace3192de
b514dd35-72b3-493a-a02a-c78c1a8365b9,org/fhsolution/eclipse/plugins/csvedit/editors/MultiPageCSVEditor$8.java,handleEvent,->,b514dd35-72b3-493a-a02a-c78c1a8365b9,org/fhsolution/eclipse/plugins/csvedit/editors/MultiPageCSVEditor.java,access$000
b514dd35-72b3-493a-a02a-c78c1a8365b9,org/fhsolution/eclipse/plugins/csvedit/editors/MultiPageCSVEditor$8.java,handleEvent,->,b514dd35-72b3-493a-a02a-c78c1a8365b9,8b6dd70d-ee22-4a13-b13e-45efe98b3257,d3253af9-faf6-45a6-a5a1-eceb5f567666
b514dd35-72b3-493a-a02a-c78c1a8365b9,org/fhsolution/eclipse/plugins/csvedit/editors/MultiPageCSVEditor$8.java,handleEvent,->,b514dd35-72b3-493a-a02a-c78c1a8365b9,org/fhsolution/eclipse/plugins/csvedit/editors/MultiPageCSVEditor.java,access$000
b514dd35-72b3-493a-a02a-c78c1a8365b9,org/fhsolution/eclipse/plugins/csvedit/editors/MultiPageCSVEditor$8.java,handleEvent,->,b514dd35-72b3-493a-a02a-c78c1a8365b9,8b6dd70d-ee22-4a13-b13e-45efe98b3257,79d95df4-431b-479e-9530-8776857accd2
b514dd35-72b3-493a-a02a-c78c1a8365b9,org/fhsolution/eclipse/plugins/csvedit/editors/MultiPageCSVEditor$8.java,handleEvent,->,b514dd35-72b3-493a-a02a-c78c1a8365b9,2e3a2178-03b1-4a35-b916-f1b6a97ab8e2,f75aeab6-990e-4bac-bc8d-f26bea3bcedd
b514dd35-72b3-493a-a02a-c78c1a8365b9,ebbd73c4-c22f-4b99-9fc8-107164eda0d3,bd319adb-baee-4fe6-8a6f-99e0f3825e29,->,b514dd35-72b3-493a-a02a-c78c1a8365b9,org/eclipse/ui/texteditor/ITextEditor.java,getAction
b514dd35-72b3-493a-a02a-c78c1a8365b9,org/fhsolution/eclipse/plugins/csvedit/editors/MultiPageCSVEditor$10.java,handleEvent,->,b514dd35-72b3-493a-a02a-c78c1a8365b9,org/fhsolution/eclipse/plugins/csvedit/editors/MultiPageCSVEditor.java,getSite
b514dd35-72b3-493a-a02a-c78c1a8365b9,org/fhsolution/eclipse/plugins/csvedit/editors/MultiPageCSVEditor$10.java,handleEvent,->,b514dd35-72b3-493a-a02a-c78c1a8365b9,org/eclipse/ui/IWorkbenchPartSite.java,getShell
b514dd35-72b3-493a-a02a-c78c1a8365b9,org/fhsolution/eclipse/plugins/csvedit/editors/MultiPageCSVEditor$10.java,handleEvent,->,b514dd35-72b3-493a-a02a-c78c1a8365b9,org/fhsolution/eclipse/plugins/csvedit/editors/MultiPageCSVEditor.java,access$000
b514dd35-72b3-493a-a02a-c78c1a8365b9,org/fhsolution/eclipse/plugins/csvedit/editors/MultiPageCSVEditor$10.java,handleEvent,->,b514dd35-72b3-493a-a02a-c78c1a8365b9,8b6dd70d-ee22-4a13-b13e-45efe98b3257,9dbb313f-e3a5-4278-a24b-bbab3e52a99b
b514dd35-72b3-493a-a02a-c78c1a8365b9,org/fhsolution/eclipse/plugins/csvedit/editors/MultiPageCSVEditor$10.java,handleEvent,->,b514dd35-72b3-493a-a02a-c78c1a8365b9,org/fhsolution/eclipse/plugins/csvedit/page/InsertColumnPage.java,open
b514dd35-72b3-493a-a02a-c78c1a8365b9,org/fhsolution/eclipse/plugins/csvedit/editors/MultiPageCSVEditor$10.java,handleEvent,->,b514dd35-72b3-493a-a02a-c78c1a8365b9,e4696e06-24ce-4f0b-a4a8-0cbeadf217c1,56d3b9ce-1263-44a3-937a-0269ef34722d
b514dd35-72b3-493a-a02a-c78c1a8365b9,org/fhsolution/eclipse/plugins/csvedit/editors/MultiPageCSVEditor$10.java,handleEvent,->,b514dd35-72b3-493a-a02a-c78c1a8365b9,org/fhsolution/eclipse/plugins/csvedit/editors/MultiPageCSVEditor.java,access$000
b514dd35-72b3-493a-a02a-c78c1a8365b9,org/fhsolution/eclipse/plugins/csvedit/editors/MultiPageCSVEditor$10.java,handleEvent,->,b514dd35-72b3-493a-a02a-c78c1a8365b9,8b6dd70d-ee22-4a13-b13e-45efe98b3257,01e5a2f8-ab80-49f1-af47-b7e746f388f5
b514dd35-72b3-493a-a02a-c78c1a8365b9,org/fhsolution/eclipse/plugins/csvedit/editors/MultiPageCSVEditor$10.java,handleEvent,->,b514dd35-72b3-493a-a02a-c78c1a8365b9,org/fhsolution/eclipse/plugins/csvedit/editors/MultiPageCSVEditor.java,access$000
b514dd35-72b3-493a-a02a-c78c1a8365b9,org/fhsolution/eclipse/plugins/csvedit/editors/MultiPageCSVEditor$10.java,handleEvent,->,b514dd35-72b3-493a-a02a-c78c1a8365b9,org/eclipse/jface/viewers/TableViewer.java,setInput
b514dd35-72b3-493a-a02a-c78c1a8365b9,org/fhsolution/eclipse/plugins/csvedit/editors/MultiPageCSVEditor$10.java,handleEvent,->,b514dd35-72b3-493a-a02a-c78c1a8365b9,org/eclipse/jface/viewers/TableViewer.java,getTable
b514dd35-72b3-493a-a02a-c78c1a8365b9,org/fhsolution/eclipse/plugins/csvedit/editors/MultiPageCSVEditor$10.java,handleEvent,->,b514dd35-72b3-493a-a02a-c78c1a8365b9,org/eclipse/swt/widgets/TableColumn.java,setText
b514dd35-72b3-493a-a02a-c78c1a8365b9,org/fhsolution/eclipse/plugins/csvedit/editors/MultiPageCSVEditor$10.java,handleEvent,->,b514dd35-72b3-493a-a02a-c78c1a8365b9,org/eclipse/swt/widgets/TableColumn.java,setWidth
b514dd35-72b3-493a-a02a-c78c1a8365b9,org/fhsolution/eclipse/plugins/csvedit/editors/MultiPageCSVEditor$10.java,handleEvent,->,b514dd35-72b3-493a-a02a-c78c1a8365b9,org/eclipse/swt/widgets/TableColumn.java,setResizable
b514dd35-72b3-493a-a02a-c78c1a8365b9,org/fhsolution/eclipse/plugins/csvedit/editors/MultiPageCSVEditor$10.java,handleEvent,->,b514dd35-72b3-493a-a02a-c78c1a8365b9,org/eclipse/swt/widgets/TableColumn.java,setMoveable
b514dd35-72b3-493a-a02a-c78c1a8365b9,org/fhsolution/eclipse/plugins/csvedit/editors/MultiPageCSVEditor$10.java,handleEvent,->,b514dd35-72b3-493a-a02a-c78c1a8365b9,org/fhsolution/eclipse/plugins/csvedit/editors/MultiPageCSVEditor.java,access$000
b514dd35-72b3-493a-a02a-c78c1a8365b9,org/fhsolution/eclipse/plugins/csvedit/editors/MultiPageCSVEditor$10.java,handleEvent,->,b514dd35-72b3-493a-a02a-c78c1a8365b9,8b6dd70d-ee22-4a13-b13e-45efe98b3257,6316bc97-ee81-4c0d-a54b-cd0f5eb69729
b514dd35-72b3-493a-a02a-c78c1a8365b9,org/fhsolution/eclipse/plugins/csvedit/editors/MultiPageCSVEditor$10.java,handleEvent,->,b514dd35-72b3-493a-a02a-c78c1a8365b9,org/fhsolution/eclipse/plugins/csvedit/editors/MultiPageCSVEditor.java,access$400
b514dd35-72b3-493a-a02a-c78c1a8365b9,org/fhsolution/eclipse/plugins/csvedit/editors/MultiPageCSVEditor$10.java,handleEvent,->,b514dd35-72b3-493a-a02a-c78c1a8365b9,org/fhsolution/eclipse/plugins/csvedit/editors/MultiPageCSVEditor.java,access$500
b514dd35-72b3-493a-a02a-c78c1a8365b9,org/fhsolution/eclipse/plugins/csvedit/editors/MultiPageCSVEditor$10.java,handleEvent,->,b514dd35-72b3-493a-a02a-c78c1a8365b9,d458aa3f-2331-448d-bb33-2f9135fc3ab3,d0b1e15b-9845-4e03-af8b-947e15ecce54
