caller_project_id,caller_class_id,caller_method_id,CALL_DIRECTION,callee_project_id,callee_class_id,callee_method_id
d3288806-fa87-4d10-9f78-e7589046cffc,50470902-dc9f-4e76-9ce2-3305729e7111,7d6eb5ed-923c-4c17-a7e1-118d41d2dd11,->,d3288806-fa87-4d10-9f78-e7589046cffc,java/util/Calendar.java,getInstance
d3288806-fa87-4d10-9f78-e7589046cffc,50470902-dc9f-4e76-9ce2-3305729e7111,7d6eb5ed-923c-4c17-a7e1-118d41d2dd11,->,d3288806-fa87-4d10-9f78-e7589046cffc,java/util/Calendar.java,getTime
d3288806-fa87-4d10-9f78-e7589046cffc,50470902-dc9f-4e76-9ce2-3305729e7111,7d6eb5ed-923c-4c17-a7e1-118d41d2dd11,->,d3288806-fa87-4d10-9f78-e7589046cffc,java/text/SimpleDateFormat.java,format
d3288806-fa87-4d10-9f78-e7589046cffc,cd8f1786-6e56-4509-92c5-59f04bdc94ac,f4ce6b9f-6cd7-4617-9099-3ef8a40a3716,->,d3288806-fa87-4d10-9f78-e7589046cffc,java/io/PrintStream.java,println
d3288806-fa87-4d10-9f78-e7589046cffc,cd8f1786-6e56-4509-92c5-59f04bdc94ac,f4ce6b9f-6cd7-4617-9099-3ef8a40a3716,->,d3288806-fa87-4d10-9f78-e7589046cffc,9be160ee-9e6c-4139-a834-f1e8a319e17d,2a44d976-6cf9-47ce-8b1e-1aab0ddd2373
d3288806-fa87-4d10-9f78-e7589046cffc,cd8f1786-6e56-4509-92c5-59f04bdc94ac,f4ce6b9f-6cd7-4617-9099-3ef8a40a3716,->,d3288806-fa87-4d10-9f78-e7589046cffc,java/lang/StringBuilder.java,append
d3288806-fa87-4d10-9f78-e7589046cffc,cd8f1786-6e56-4509-92c5-59f04bdc94ac,f4ce6b9f-6cd7-4617-9099-3ef8a40a3716,->,d3288806-fa87-4d10-9f78-e7589046cffc,java/lang/StringBuilder.java,append
d3288806-fa87-4d10-9f78-e7589046cffc,cd8f1786-6e56-4509-92c5-59f04bdc94ac,f4ce6b9f-6cd7-4617-9099-3ef8a40a3716,->,d3288806-fa87-4d10-9f78-e7589046cffc,java/lang/StringBuilder.java,toString
d3288806-fa87-4d10-9f78-e7589046cffc,cd8f1786-6e56-4509-92c5-59f04bdc94ac,f4ce6b9f-6cd7-4617-9099-3ef8a40a3716,->,d3288806-fa87-4d10-9f78-e7589046cffc,javax/swing/JTextArea.java,append
d3288806-fa87-4d10-9f78-e7589046cffc,com/phoenixjcam/server/ServerGUI$1.java,actionPerformed,->,d3288806-fa87-4d10-9f78-e7589046cffc,9be160ee-9e6c-4139-a834-f1e8a319e17d,2a44d976-6cf9-47ce-8b1e-1aab0ddd2373
d3288806-fa87-4d10-9f78-e7589046cffc,com/phoenixjcam/server/ServerGUI$1.java,actionPerformed,->,d3288806-fa87-4d10-9f78-e7589046cffc,javax/swing/JTextArea.java,setText
d3288806-fa87-4d10-9f78-e7589046cffc,6aed82e1-ed8b-4f05-8f46-e538b33d16a7,a384c5fd-c92a-402a-91ca-f900697a8c2a,->,d3288806-fa87-4d10-9f78-e7589046cffc,java/net/Socket.java,getOutputStream
d3288806-fa87-4d10-9f78-e7589046cffc,6aed82e1-ed8b-4f05-8f46-e538b33d16a7,a384c5fd-c92a-402a-91ca-f900697a8c2a,->,d3288806-fa87-4d10-9f78-e7589046cffc,java/net/Socket.java,getInputStream
d3288806-fa87-4d10-9f78-e7589046cffc,6aed82e1-ed8b-4f05-8f46-e538b33d16a7,a384c5fd-c92a-402a-91ca-f900697a8c2a,->,d3288806-fa87-4d10-9f78-e7589046cffc,java/io/ObjectOutputStream.java,writeObject
d3288806-fa87-4d10-9f78-e7589046cffc,6aed82e1-ed8b-4f05-8f46-e538b33d16a7,a384c5fd-c92a-402a-91ca-f900697a8c2a,->,d3288806-fa87-4d10-9f78-e7589046cffc,java/io/ObjectInputStream.java,readObject
d3288806-fa87-4d10-9f78-e7589046cffc,6aed82e1-ed8b-4f05-8f46-e538b33d16a7,a384c5fd-c92a-402a-91ca-f900697a8c2a,->,d3288806-fa87-4d10-9f78-e7589046cffc,java/lang/Object.java,toString
d3288806-fa87-4d10-9f78-e7589046cffc,6aed82e1-ed8b-4f05-8f46-e538b33d16a7,a384c5fd-c92a-402a-91ca-f900697a8c2a,->,d3288806-fa87-4d10-9f78-e7589046cffc,java/lang/StringBuilder.java,append
d3288806-fa87-4d10-9f78-e7589046cffc,6aed82e1-ed8b-4f05-8f46-e538b33d16a7,a384c5fd-c92a-402a-91ca-f900697a8c2a,->,d3288806-fa87-4d10-9f78-e7589046cffc,java/lang/StringBuilder.java,append
d3288806-fa87-4d10-9f78-e7589046cffc,6aed82e1-ed8b-4f05-8f46-e538b33d16a7,a384c5fd-c92a-402a-91ca-f900697a8c2a,->,d3288806-fa87-4d10-9f78-e7589046cffc,java/lang/StringBuilder.java,append
d3288806-fa87-4d10-9f78-e7589046cffc,6aed82e1-ed8b-4f05-8f46-e538b33d16a7,a384c5fd-c92a-402a-91ca-f900697a8c2a,->,d3288806-fa87-4d10-9f78-e7589046cffc,java/lang/StringBuilder.java,toString
d3288806-fa87-4d10-9f78-e7589046cffc,6aed82e1-ed8b-4f05-8f46-e538b33d16a7,a384c5fd-c92a-402a-91ca-f900697a8c2a,->,d3288806-fa87-4d10-9f78-e7589046cffc,java/io/ObjectOutputStream.java,writeObject
d3288806-fa87-4d10-9f78-e7589046cffc,6aed82e1-ed8b-4f05-8f46-e538b33d16a7,a384c5fd-c92a-402a-91ca-f900697a8c2a,->,d3288806-fa87-4d10-9f78-e7589046cffc,9be160ee-9e6c-4139-a834-f1e8a319e17d,2a44d976-6cf9-47ce-8b1e-1aab0ddd2373
d3288806-fa87-4d10-9f78-e7589046cffc,6aed82e1-ed8b-4f05-8f46-e538b33d16a7,a384c5fd-c92a-402a-91ca-f900697a8c2a,->,d3288806-fa87-4d10-9f78-e7589046cffc,java/lang/StringBuilder.java,append
d3288806-fa87-4d10-9f78-e7589046cffc,6aed82e1-ed8b-4f05-8f46-e538b33d16a7,a384c5fd-c92a-402a-91ca-f900697a8c2a,->,d3288806-fa87-4d10-9f78-e7589046cffc,java/lang/StringBuilder.java,append
d3288806-fa87-4d10-9f78-e7589046cffc,6aed82e1-ed8b-4f05-8f46-e538b33d16a7,a384c5fd-c92a-402a-91ca-f900697a8c2a,->,d3288806-fa87-4d10-9f78-e7589046cffc,java/lang/StringBuilder.java,append
d3288806-fa87-4d10-9f78-e7589046cffc,6aed82e1-ed8b-4f05-8f46-e538b33d16a7,a384c5fd-c92a-402a-91ca-f900697a8c2a,->,d3288806-fa87-4d10-9f78-e7589046cffc,java/lang/StringBuilder.java,toString
d3288806-fa87-4d10-9f78-e7589046cffc,6aed82e1-ed8b-4f05-8f46-e538b33d16a7,a384c5fd-c92a-402a-91ca-f900697a8c2a,->,d3288806-fa87-4d10-9f78-e7589046cffc,javax/swing/JTextArea.java,append
d3288806-fa87-4d10-9f78-e7589046cffc,6aed82e1-ed8b-4f05-8f46-e538b33d16a7,a384c5fd-c92a-402a-91ca-f900697a8c2a,->,d3288806-fa87-4d10-9f78-e7589046cffc,java/lang/StringBuilder.java,append
d3288806-fa87-4d10-9f78-e7589046cffc,6aed82e1-ed8b-4f05-8f46-e538b33d16a7,a384c5fd-c92a-402a-91ca-f900697a8c2a,->,d3288806-fa87-4d10-9f78-e7589046cffc,java/lang/StringBuilder.java,append
d3288806-fa87-4d10-9f78-e7589046cffc,6aed82e1-ed8b-4f05-8f46-e538b33d16a7,a384c5fd-c92a-402a-91ca-f900697a8c2a,->,d3288806-fa87-4d10-9f78-e7589046cffc,java/lang/StringBuilder.java,toString
d3288806-fa87-4d10-9f78-e7589046cffc,6aed82e1-ed8b-4f05-8f46-e538b33d16a7,a384c5fd-c92a-402a-91ca-f900697a8c2a,->,d3288806-fa87-4d10-9f78-e7589046cffc,java/lang/StringBuilder.java,append
d3288806-fa87-4d10-9f78-e7589046cffc,6aed82e1-ed8b-4f05-8f46-e538b33d16a7,a384c5fd-c92a-402a-91ca-f900697a8c2a,->,d3288806-fa87-4d10-9f78-e7589046cffc,java/lang/StringBuilder.java,append
d3288806-fa87-4d10-9f78-e7589046cffc,6aed82e1-ed8b-4f05-8f46-e538b33d16a7,a384c5fd-c92a-402a-91ca-f900697a8c2a,->,d3288806-fa87-4d10-9f78-e7589046cffc,java/lang/StringBuilder.java,append
d3288806-fa87-4d10-9f78-e7589046cffc,6aed82e1-ed8b-4f05-8f46-e538b33d16a7,a384c5fd-c92a-402a-91ca-f900697a8c2a,->,d3288806-fa87-4d10-9f78-e7589046cffc,java/lang/StringBuilder.java,toString
d3288806-fa87-4d10-9f78-e7589046cffc,6aed82e1-ed8b-4f05-8f46-e538b33d16a7,a384c5fd-c92a-402a-91ca-f900697a8c2a,->,d3288806-fa87-4d10-9f78-e7589046cffc,java/io/ObjectOutputStream.java,writeObject
d3288806-fa87-4d10-9f78-e7589046cffc,6aed82e1-ed8b-4f05-8f46-e538b33d16a7,a384c5fd-c92a-402a-91ca-f900697a8c2a,->,d3288806-fa87-4d10-9f78-e7589046cffc,java/io/PrintStream.java,println
d3288806-fa87-4d10-9f78-e7589046cffc,6aed82e1-ed8b-4f05-8f46-e538b33d16a7,a384c5fd-c92a-402a-91ca-f900697a8c2a,->,d3288806-fa87-4d10-9f78-e7589046cffc,java/io/ObjectInputStream.java,readObject
d3288806-fa87-4d10-9f78-e7589046cffc,6aed82e1-ed8b-4f05-8f46-e538b33d16a7,a384c5fd-c92a-402a-91ca-f900697a8c2a,->,d3288806-fa87-4d10-9f78-e7589046cffc,java/lang/Object.java,toString
d3288806-fa87-4d10-9f78-e7589046cffc,6aed82e1-ed8b-4f05-8f46-e538b33d16a7,a384c5fd-c92a-402a-91ca-f900697a8c2a,->,d3288806-fa87-4d10-9f78-e7589046cffc,java/lang/String.java,contains
d3288806-fa87-4d10-9f78-e7589046cffc,6aed82e1-ed8b-4f05-8f46-e538b33d16a7,a384c5fd-c92a-402a-91ca-f900697a8c2a,->,d3288806-fa87-4d10-9f78-e7589046cffc,java/lang/StringBuilder.java,append
d3288806-fa87-4d10-9f78-e7589046cffc,6aed82e1-ed8b-4f05-8f46-e538b33d16a7,a384c5fd-c92a-402a-91ca-f900697a8c2a,->,d3288806-fa87-4d10-9f78-e7589046cffc,java/lang/StringBuilder.java,append
d3288806-fa87-4d10-9f78-e7589046cffc,6aed82e1-ed8b-4f05-8f46-e538b33d16a7,a384c5fd-c92a-402a-91ca-f900697a8c2a,->,d3288806-fa87-4d10-9f78-e7589046cffc,java/lang/StringBuilder.java,append
d3288806-fa87-4d10-9f78-e7589046cffc,6aed82e1-ed8b-4f05-8f46-e538b33d16a7,a384c5fd-c92a-402a-91ca-f900697a8c2a,->,d3288806-fa87-4d10-9f78-e7589046cffc,java/lang/StringBuilder.java,append
d3288806-fa87-4d10-9f78-e7589046cffc,6aed82e1-ed8b-4f05-8f46-e538b33d16a7,a384c5fd-c92a-402a-91ca-f900697a8c2a,->,d3288806-fa87-4d10-9f78-e7589046cffc,java/lang/StringBuilder.java,toString
d3288806-fa87-4d10-9f78-e7589046cffc,6aed82e1-ed8b-4f05-8f46-e538b33d16a7,a384c5fd-c92a-402a-91ca-f900697a8c2a,->,d3288806-fa87-4d10-9f78-e7589046cffc,java/io/ObjectOutputStream.java,writeObject
d3288806-fa87-4d10-9f78-e7589046cffc,6aed82e1-ed8b-4f05-8f46-e538b33d16a7,a384c5fd-c92a-402a-91ca-f900697a8c2a,->,d3288806-fa87-4d10-9f78-e7589046cffc,9be160ee-9e6c-4139-a834-f1e8a319e17d,2a44d976-6cf9-47ce-8b1e-1aab0ddd2373
d3288806-fa87-4d10-9f78-e7589046cffc,6aed82e1-ed8b-4f05-8f46-e538b33d16a7,a384c5fd-c92a-402a-91ca-f900697a8c2a,->,d3288806-fa87-4d10-9f78-e7589046cffc,java/lang/StringBuilder.java,append
d3288806-fa87-4d10-9f78-e7589046cffc,6aed82e1-ed8b-4f05-8f46-e538b33d16a7,a384c5fd-c92a-402a-91ca-f900697a8c2a,->,d3288806-fa87-4d10-9f78-e7589046cffc,java/lang/StringBuilder.java,append
d3288806-fa87-4d10-9f78-e7589046cffc,6aed82e1-ed8b-4f05-8f46-e538b33d16a7,a384c5fd-c92a-402a-91ca-f900697a8c2a,->,d3288806-fa87-4d10-9f78-e7589046cffc,java/lang/StringBuilder.java,append
d3288806-fa87-4d10-9f78-e7589046cffc,6aed82e1-ed8b-4f05-8f46-e538b33d16a7,a384c5fd-c92a-402a-91ca-f900697a8c2a,->,d3288806-fa87-4d10-9f78-e7589046cffc,java/lang/StringBuilder.java,append
d3288806-fa87-4d10-9f78-e7589046cffc,6aed82e1-ed8b-4f05-8f46-e538b33d16a7,a384c5fd-c92a-402a-91ca-f900697a8c2a,->,d3288806-fa87-4d10-9f78-e7589046cffc,java/lang/StringBuilder.java,toString
d3288806-fa87-4d10-9f78-e7589046cffc,6aed82e1-ed8b-4f05-8f46-e538b33d16a7,a384c5fd-c92a-402a-91ca-f900697a8c2a,->,d3288806-fa87-4d10-9f78-e7589046cffc,javax/swing/JTextArea.java,append
d3288806-fa87-4d10-9f78-e7589046cffc,6aed82e1-ed8b-4f05-8f46-e538b33d16a7,a384c5fd-c92a-402a-91ca-f900697a8c2a,->,d3288806-fa87-4d10-9f78-e7589046cffc,9be160ee-9e6c-4139-a834-f1e8a319e17d,2a44d976-6cf9-47ce-8b1e-1aab0ddd2373
d3288806-fa87-4d10-9f78-e7589046cffc,6aed82e1-ed8b-4f05-8f46-e538b33d16a7,a384c5fd-c92a-402a-91ca-f900697a8c2a,->,d3288806-fa87-4d10-9f78-e7589046cffc,javax/swing/JTextArea.java,append
d3288806-fa87-4d10-9f78-e7589046cffc,6aed82e1-ed8b-4f05-8f46-e538b33d16a7,a384c5fd-c92a-402a-91ca-f900697a8c2a,->,d3288806-fa87-4d10-9f78-e7589046cffc,java/lang/StringBuilder.java,append
d3288806-fa87-4d10-9f78-e7589046cffc,6aed82e1-ed8b-4f05-8f46-e538b33d16a7,a384c5fd-c92a-402a-91ca-f900697a8c2a,->,d3288806-fa87-4d10-9f78-e7589046cffc,java/lang/StringBuilder.java,append
d3288806-fa87-4d10-9f78-e7589046cffc,6aed82e1-ed8b-4f05-8f46-e538b33d16a7,a384c5fd-c92a-402a-91ca-f900697a8c2a,->,d3288806-fa87-4d10-9f78-e7589046cffc,java/lang/StringBuilder.java,append
d3288806-fa87-4d10-9f78-e7589046cffc,6aed82e1-ed8b-4f05-8f46-e538b33d16a7,a384c5fd-c92a-402a-91ca-f900697a8c2a,->,d3288806-fa87-4d10-9f78-e7589046cffc,java/lang/StringBuilder.java,toString
d3288806-fa87-4d10-9f78-e7589046cffc,6aed82e1-ed8b-4f05-8f46-e538b33d16a7,a384c5fd-c92a-402a-91ca-f900697a8c2a,->,d3288806-fa87-4d10-9f78-e7589046cffc,java/io/ObjectOutputStream.java,writeObject
d3288806-fa87-4d10-9f78-e7589046cffc,6aed82e1-ed8b-4f05-8f46-e538b33d16a7,a384c5fd-c92a-402a-91ca-f900697a8c2a,->,d3288806-fa87-4d10-9f78-e7589046cffc,6aed82e1-ed8b-4f05-8f46-e538b33d16a7,2ee6a6f6-e4c8-47ff-bec4-70e3f7b43565
d3288806-fa87-4d10-9f78-e7589046cffc,6aed82e1-ed8b-4f05-8f46-e538b33d16a7,a384c5fd-c92a-402a-91ca-f900697a8c2a,->,d3288806-fa87-4d10-9f78-e7589046cffc,6aed82e1-ed8b-4f05-8f46-e538b33d16a7,67b78b66-8181-4cf3-be3f-e1c423e8a99d
d3288806-fa87-4d10-9f78-e7589046cffc,6aed82e1-ed8b-4f05-8f46-e538b33d16a7,a384c5fd-c92a-402a-91ca-f900697a8c2a,->,d3288806-fa87-4d10-9f78-e7589046cffc,java/io/IOException.java,printStackTrace
d3288806-fa87-4d10-9f78-e7589046cffc,6aed82e1-ed8b-4f05-8f46-e538b33d16a7,a384c5fd-c92a-402a-91ca-f900697a8c2a,->,d3288806-fa87-4d10-9f78-e7589046cffc,6aed82e1-ed8b-4f05-8f46-e538b33d16a7,2ee6a6f6-e4c8-47ff-bec4-70e3f7b43565
d3288806-fa87-4d10-9f78-e7589046cffc,6aed82e1-ed8b-4f05-8f46-e538b33d16a7,a384c5fd-c92a-402a-91ca-f900697a8c2a,->,d3288806-fa87-4d10-9f78-e7589046cffc,6aed82e1-ed8b-4f05-8f46-e538b33d16a7,67b78b66-8181-4cf3-be3f-e1c423e8a99d
d3288806-fa87-4d10-9f78-e7589046cffc,6aed82e1-ed8b-4f05-8f46-e538b33d16a7,a384c5fd-c92a-402a-91ca-f900697a8c2a,->,d3288806-fa87-4d10-9f78-e7589046cffc,java/lang/ClassNotFoundException.java,printStackTrace
d3288806-fa87-4d10-9f78-e7589046cffc,6aed82e1-ed8b-4f05-8f46-e538b33d16a7,a384c5fd-c92a-402a-91ca-f900697a8c2a,->,d3288806-fa87-4d10-9f78-e7589046cffc,6aed82e1-ed8b-4f05-8f46-e538b33d16a7,2ee6a6f6-e4c8-47ff-bec4-70e3f7b43565
d3288806-fa87-4d10-9f78-e7589046cffc,6aed82e1-ed8b-4f05-8f46-e538b33d16a7,a384c5fd-c92a-402a-91ca-f900697a8c2a,->,d3288806-fa87-4d10-9f78-e7589046cffc,6aed82e1-ed8b-4f05-8f46-e538b33d16a7,67b78b66-8181-4cf3-be3f-e1c423e8a99d
d3288806-fa87-4d10-9f78-e7589046cffc,6aed82e1-ed8b-4f05-8f46-e538b33d16a7,a384c5fd-c92a-402a-91ca-f900697a8c2a,->,d3288806-fa87-4d10-9f78-e7589046cffc,6aed82e1-ed8b-4f05-8f46-e538b33d16a7,2ee6a6f6-e4c8-47ff-bec4-70e3f7b43565
d3288806-fa87-4d10-9f78-e7589046cffc,6aed82e1-ed8b-4f05-8f46-e538b33d16a7,a384c5fd-c92a-402a-91ca-f900697a8c2a,->,d3288806-fa87-4d10-9f78-e7589046cffc,6aed82e1-ed8b-4f05-8f46-e538b33d16a7,67b78b66-8181-4cf3-be3f-e1c423e8a99d
d3288806-fa87-4d10-9f78-e7589046cffc,6aed82e1-ed8b-4f05-8f46-e538b33d16a7,2ee6a6f6-e4c8-47ff-bec4-70e3f7b43565,->,d3288806-fa87-4d10-9f78-e7589046cffc,java/net/Socket.java,shutdownOutput
d3288806-fa87-4d10-9f78-e7589046cffc,6aed82e1-ed8b-4f05-8f46-e538b33d16a7,2ee6a6f6-e4c8-47ff-bec4-70e3f7b43565,->,d3288806-fa87-4d10-9f78-e7589046cffc,java/net/Socket.java,shutdownInput
d3288806-fa87-4d10-9f78-e7589046cffc,6aed82e1-ed8b-4f05-8f46-e538b33d16a7,2ee6a6f6-e4c8-47ff-bec4-70e3f7b43565,->,d3288806-fa87-4d10-9f78-e7589046cffc,java/io/PrintStream.java,println
d3288806-fa87-4d10-9f78-e7589046cffc,6aed82e1-ed8b-4f05-8f46-e538b33d16a7,2ee6a6f6-e4c8-47ff-bec4-70e3f7b43565,->,d3288806-fa87-4d10-9f78-e7589046cffc,java/io/IOException.java,printStackTrace
d3288806-fa87-4d10-9f78-e7589046cffc,6aed82e1-ed8b-4f05-8f46-e538b33d16a7,67b78b66-8181-4cf3-be3f-e1c423e8a99d,->,d3288806-fa87-4d10-9f78-e7589046cffc,java/net/Socket.java,close
d3288806-fa87-4d10-9f78-e7589046cffc,6aed82e1-ed8b-4f05-8f46-e538b33d16a7,67b78b66-8181-4cf3-be3f-e1c423e8a99d,->,d3288806-fa87-4d10-9f78-e7589046cffc,java/io/PrintStream.java,println
d3288806-fa87-4d10-9f78-e7589046cffc,6aed82e1-ed8b-4f05-8f46-e538b33d16a7,67b78b66-8181-4cf3-be3f-e1c423e8a99d,->,d3288806-fa87-4d10-9f78-e7589046cffc,java/io/IOException.java,printStackTrace
d3288806-fa87-4d10-9f78-e7589046cffc,9be160ee-9e6c-4139-a834-f1e8a319e17d,61ed0727-9e0e-4d3c-b7de-2e22adea53e4,->,d3288806-fa87-4d10-9f78-e7589046cffc,javax/swing/JMenuItem.java,addActionListener
d3288806-fa87-4d10-9f78-e7589046cffc,9be160ee-9e6c-4139-a834-f1e8a319e17d,61ed0727-9e0e-4d3c-b7de-2e22adea53e4,->,d3288806-fa87-4d10-9f78-e7589046cffc,javax/swing/JPopupMenu.java,add
d3288806-fa87-4d10-9f78-e7589046cffc,9be160ee-9e6c-4139-a834-f1e8a319e17d,61ed0727-9e0e-4d3c-b7de-2e22adea53e4,->,d3288806-fa87-4d10-9f78-e7589046cffc,javax/swing/JMenuItem.java,addActionListener
d3288806-fa87-4d10-9f78-e7589046cffc,9be160ee-9e6c-4139-a834-f1e8a319e17d,61ed0727-9e0e-4d3c-b7de-2e22adea53e4,->,d3288806-fa87-4d10-9f78-e7589046cffc,javax/swing/JPopupMenu.java,add
d3288806-fa87-4d10-9f78-e7589046cffc,9be160ee-9e6c-4139-a834-f1e8a319e17d,61ed0727-9e0e-4d3c-b7de-2e22adea53e4,->,d3288806-fa87-4d10-9f78-e7589046cffc,9be160ee-9e6c-4139-a834-f1e8a319e17d,2a44d976-6cf9-47ce-8b1e-1aab0ddd2373
d3288806-fa87-4d10-9f78-e7589046cffc,9be160ee-9e6c-4139-a834-f1e8a319e17d,61ed0727-9e0e-4d3c-b7de-2e22adea53e4,->,d3288806-fa87-4d10-9f78-e7589046cffc,javax/swing/JTextArea.java,addMouseListener
d3288806-fa87-4d10-9f78-e7589046cffc,com/phoenixjcam/server/ServerGUI$2.java,actionPerformed,->,d3288806-fa87-4d10-9f78-e7589046cffc,java/io/PrintStream.java,println
d3288806-fa87-4d10-9f78-e7589046cffc,com/phoenixjcam/server/ServerGUI$2.java,actionPerformed,->,d3288806-fa87-4d10-9f78-e7589046cffc,9be160ee-9e6c-4139-a834-f1e8a319e17d,2a44d976-6cf9-47ce-8b1e-1aab0ddd2373
d3288806-fa87-4d10-9f78-e7589046cffc,com/phoenixjcam/server/ServerGUI$2.java,actionPerformed,->,d3288806-fa87-4d10-9f78-e7589046cffc,javax/swing/JTextArea.java,append
d3288806-fa87-4d10-9f78-e7589046cffc,com/phoenixjcam/server/ServerGUI$PopupListener.java,mouseReleased,->,d3288806-fa87-4d10-9f78-e7589046cffc,java/awt/event/MouseEvent.java,isPopupTrigger
d3288806-fa87-4d10-9f78-e7589046cffc,com/phoenixjcam/server/ServerGUI$PopupListener.java,mouseReleased,->,d3288806-fa87-4d10-9f78-e7589046cffc,java/awt/event/MouseEvent.java,getComponent
d3288806-fa87-4d10-9f78-e7589046cffc,com/phoenixjcam/server/ServerGUI$PopupListener.java,mouseReleased,->,d3288806-fa87-4d10-9f78-e7589046cffc,java/awt/event/MouseEvent.java,getX
d3288806-fa87-4d10-9f78-e7589046cffc,com/phoenixjcam/server/ServerGUI$PopupListener.java,mouseReleased,->,d3288806-fa87-4d10-9f78-e7589046cffc,java/awt/event/MouseEvent.java,getY
d3288806-fa87-4d10-9f78-e7589046cffc,com/phoenixjcam/server/ServerGUI$PopupListener.java,mouseReleased,->,d3288806-fa87-4d10-9f78-e7589046cffc,javax/swing/JPopupMenu.java,show
d3288806-fa87-4d10-9f78-e7589046cffc,components/DialogDemo$3.java,actionPerformed,->,d3288806-fa87-4d10-9f78-e7589046cffc,javax/swing/ButtonGroup.java,getSelection
d3288806-fa87-4d10-9f78-e7589046cffc,components/DialogDemo$3.java,actionPerformed,->,d3288806-fa87-4d10-9f78-e7589046cffc,javax/swing/ButtonModel.java,getActionCommand
d3288806-fa87-4d10-9f78-e7589046cffc,components/DialogDemo$3.java,actionPerformed,->,d3288806-fa87-4d10-9f78-e7589046cffc,javax/swing/JOptionPane.java,showInputDialog
d3288806-fa87-4d10-9f78-e7589046cffc,components/DialogDemo$3.java,actionPerformed,->,d3288806-fa87-4d10-9f78-e7589046cffc,java/lang/String.java,length
d3288806-fa87-4d10-9f78-e7589046cffc,components/DialogDemo$3.java,actionPerformed,->,d3288806-fa87-4d10-9f78-e7589046cffc,java/lang/StringBuilder.java,append
d3288806-fa87-4d10-9f78-e7589046cffc,components/DialogDemo$3.java,actionPerformed,->,d3288806-fa87-4d10-9f78-e7589046cffc,java/lang/StringBuilder.java,append
d3288806-fa87-4d10-9f78-e7589046cffc,components/DialogDemo$3.java,actionPerformed,->,d3288806-fa87-4d10-9f78-e7589046cffc,java/lang/StringBuilder.java,append
d3288806-fa87-4d10-9f78-e7589046cffc,components/DialogDemo$3.java,actionPerformed,->,d3288806-fa87-4d10-9f78-e7589046cffc,java/lang/StringBuilder.java,toString
d3288806-fa87-4d10-9f78-e7589046cffc,components/DialogDemo$3.java,actionPerformed,->,d3288806-fa87-4d10-9f78-e7589046cffc,c571455b-b5f2-4853-8eb6-528c9570b142,10fcd3bc-5a9e-4093-b208-6e4534bc9a90
d3288806-fa87-4d10-9f78-e7589046cffc,components/DialogDemo$3.java,actionPerformed,->,d3288806-fa87-4d10-9f78-e7589046cffc,c571455b-b5f2-4853-8eb6-528c9570b142,10fcd3bc-5a9e-4093-b208-6e4534bc9a90
d3288806-fa87-4d10-9f78-e7589046cffc,components/DialogDemo$3.java,actionPerformed,->,d3288806-fa87-4d10-9f78-e7589046cffc,javax/swing/JOptionPane.java,showInputDialog
d3288806-fa87-4d10-9f78-e7589046cffc,components/DialogDemo$3.java,actionPerformed,->,d3288806-fa87-4d10-9f78-e7589046cffc,java/lang/String.java,length
d3288806-fa87-4d10-9f78-e7589046cffc,components/DialogDemo$3.java,actionPerformed,->,d3288806-fa87-4d10-9f78-e7589046cffc,java/lang/StringBuilder.java,append
d3288806-fa87-4d10-9f78-e7589046cffc,components/DialogDemo$3.java,actionPerformed,->,d3288806-fa87-4d10-9f78-e7589046cffc,java/lang/StringBuilder.java,append
d3288806-fa87-4d10-9f78-e7589046cffc,components/DialogDemo$3.java,actionPerformed,->,d3288806-fa87-4d10-9f78-e7589046cffc,java/lang/StringBuilder.java,append
d3288806-fa87-4d10-9f78-e7589046cffc,components/DialogDemo$3.java,actionPerformed,->,d3288806-fa87-4d10-9f78-e7589046cffc,java/lang/StringBuilder.java,toString
d3288806-fa87-4d10-9f78-e7589046cffc,components/DialogDemo$3.java,actionPerformed,->,d3288806-fa87-4d10-9f78-e7589046cffc,c571455b-b5f2-4853-8eb6-528c9570b142,10fcd3bc-5a9e-4093-b208-6e4534bc9a90
d3288806-fa87-4d10-9f78-e7589046cffc,components/DialogDemo$3.java,actionPerformed,->,d3288806-fa87-4d10-9f78-e7589046cffc,c571455b-b5f2-4853-8eb6-528c9570b142,10fcd3bc-5a9e-4093-b208-6e4534bc9a90
d3288806-fa87-4d10-9f78-e7589046cffc,components/DialogDemo$3.java,actionPerformed,->,d3288806-fa87-4d10-9f78-e7589046cffc,javax/swing/JDialog.java,setContentPane
d3288806-fa87-4d10-9f78-e7589046cffc,components/DialogDemo$3.java,actionPerformed,->,d3288806-fa87-4d10-9f78-e7589046cffc,javax/swing/JDialog.java,setDefaultCloseOperation
d3288806-fa87-4d10-9f78-e7589046cffc,components/DialogDemo$3.java,actionPerformed,->,d3288806-fa87-4d10-9f78-e7589046cffc,javax/swing/JDialog.java,addWindowListener
d3288806-fa87-4d10-9f78-e7589046cffc,components/DialogDemo$3.java,actionPerformed,->,d3288806-fa87-4d10-9f78-e7589046cffc,javax/swing/JOptionPane.java,addPropertyChangeListener
d3288806-fa87-4d10-9f78-e7589046cffc,components/DialogDemo$3.java,actionPerformed,->,d3288806-fa87-4d10-9f78-e7589046cffc,javax/swing/JDialog.java,pack
d3288806-fa87-4d10-9f78-e7589046cffc,components/DialogDemo$3.java,actionPerformed,->,d3288806-fa87-4d10-9f78-e7589046cffc,javax/swing/JDialog.java,setLocationRelativeTo
d3288806-fa87-4d10-9f78-e7589046cffc,components/DialogDemo$3.java,actionPerformed,->,d3288806-fa87-4d10-9f78-e7589046cffc,javax/swing/JDialog.java,setVisible
d3288806-fa87-4d10-9f78-e7589046cffc,components/DialogDemo$3.java,actionPerformed,->,d3288806-fa87-4d10-9f78-e7589046cffc,javax/swing/JOptionPane.java,getValue
d3288806-fa87-4d10-9f78-e7589046cffc,components/DialogDemo$3.java,actionPerformed,->,d3288806-fa87-4d10-9f78-e7589046cffc,java/lang/Integer.java,intValue
d3288806-fa87-4d10-9f78-e7589046cffc,components/DialogDemo$3.java,actionPerformed,->,d3288806-fa87-4d10-9f78-e7589046cffc,c571455b-b5f2-4853-8eb6-528c9570b142,10fcd3bc-5a9e-4093-b208-6e4534bc9a90
d3288806-fa87-4d10-9f78-e7589046cffc,components/DialogDemo$3.java,actionPerformed,->,d3288806-fa87-4d10-9f78-e7589046cffc,c571455b-b5f2-4853-8eb6-528c9570b142,10fcd3bc-5a9e-4093-b208-6e4534bc9a90
d3288806-fa87-4d10-9f78-e7589046cffc,components/DialogDemo$3.java,actionPerformed,->,d3288806-fa87-4d10-9f78-e7589046cffc,c571455b-b5f2-4853-8eb6-528c9570b142,10fcd3bc-5a9e-4093-b208-6e4534bc9a90
d3288806-fa87-4d10-9f78-e7589046cffc,components/DialogDemo$3.java,actionPerformed,->,d3288806-fa87-4d10-9f78-e7589046cffc,components/CustomDialog.java,setLocationRelativeTo
d3288806-fa87-4d10-9f78-e7589046cffc,components/DialogDemo$3.java,actionPerformed,->,d3288806-fa87-4d10-9f78-e7589046cffc,components/CustomDialog.java,setVisible
d3288806-fa87-4d10-9f78-e7589046cffc,components/DialogDemo$3.java,actionPerformed,->,d3288806-fa87-4d10-9f78-e7589046cffc,e6f76ffe-1d91-4fb7-ab20-f0506859604c,b8d12777-4c73-4ad7-980c-498bc48fbc88
d3288806-fa87-4d10-9f78-e7589046cffc,components/DialogDemo$3.java,actionPerformed,->,d3288806-fa87-4d10-9f78-e7589046cffc,java/lang/StringBuilder.java,append
d3288806-fa87-4d10-9f78-e7589046cffc,components/DialogDemo$3.java,actionPerformed,->,d3288806-fa87-4d10-9f78-e7589046cffc,java/lang/StringBuilder.java,append
d3288806-fa87-4d10-9f78-e7589046cffc,components/DialogDemo$3.java,actionPerformed,->,d3288806-fa87-4d10-9f78-e7589046cffc,java/lang/StringBuilder.java,append
d3288806-fa87-4d10-9f78-e7589046cffc,components/DialogDemo$3.java,actionPerformed,->,d3288806-fa87-4d10-9f78-e7589046cffc,java/lang/StringBuilder.java,toString
d3288806-fa87-4d10-9f78-e7589046cffc,components/DialogDemo$3.java,actionPerformed,->,d3288806-fa87-4d10-9f78-e7589046cffc,c571455b-b5f2-4853-8eb6-528c9570b142,10fcd3bc-5a9e-4093-b208-6e4534bc9a90
d3288806-fa87-4d10-9f78-e7589046cffc,components/DialogDemo$3.java,actionPerformed,->,d3288806-fa87-4d10-9f78-e7589046cffc,javax/swing/JLabel.java,setHorizontalAlignment
d3288806-fa87-4d10-9f78-e7589046cffc,components/DialogDemo$3.java,actionPerformed,->,d3288806-fa87-4d10-9f78-e7589046cffc,javax/swing/JLabel.java,getFont
d3288806-fa87-4d10-9f78-e7589046cffc,components/DialogDemo$3.java,actionPerformed,->,d3288806-fa87-4d10-9f78-e7589046cffc,javax/swing/JLabel.java,getFont
d3288806-fa87-4d10-9f78-e7589046cffc,components/DialogDemo$3.java,actionPerformed,->,d3288806-fa87-4d10-9f78-e7589046cffc,java/awt/Font.java,deriveFont
d3288806-fa87-4d10-9f78-e7589046cffc,components/DialogDemo$3.java,actionPerformed,->,d3288806-fa87-4d10-9f78-e7589046cffc,javax/swing/JLabel.java,setFont
d3288806-fa87-4d10-9f78-e7589046cffc,components/DialogDemo$3.java,actionPerformed,->,d3288806-fa87-4d10-9f78-e7589046cffc,javax/swing/JButton.java,addActionListener
d3288806-fa87-4d10-9f78-e7589046cffc,components/DialogDemo$3.java,actionPerformed,->,d3288806-fa87-4d10-9f78-e7589046cffc,javax/swing/JPanel.java,setLayout
d3288806-fa87-4d10-9f78-e7589046cffc,components/DialogDemo$3.java,actionPerformed,->,d3288806-fa87-4d10-9f78-e7589046cffc,javax/swing/Box.java,createHorizontalGlue
d3288806-fa87-4d10-9f78-e7589046cffc,components/DialogDemo$3.java,actionPerformed,->,d3288806-fa87-4d10-9f78-e7589046cffc,javax/swing/JPanel.java,add
d3288806-fa87-4d10-9f78-e7589046cffc,components/DialogDemo$3.java,actionPerformed,->,d3288806-fa87-4d10-9f78-e7589046cffc,javax/swing/JPanel.java,add
d3288806-fa87-4d10-9f78-e7589046cffc,components/DialogDemo$3.java,actionPerformed,->,d3288806-fa87-4d10-9f78-e7589046cffc,javax/swing/BorderFactory.java,createEmptyBorder
d3288806-fa87-4d10-9f78-e7589046cffc,components/DialogDemo$3.java,actionPerformed,->,d3288806-fa87-4d10-9f78-e7589046cffc,javax/swing/JPanel.java,setBorder
d3288806-fa87-4d10-9f78-e7589046cffc,components/DialogDemo$3.java,actionPerformed,->,d3288806-fa87-4d10-9f78-e7589046cffc,javax/swing/JPanel.java,add
d3288806-fa87-4d10-9f78-e7589046cffc,components/DialogDemo$3.java,actionPerformed,->,d3288806-fa87-4d10-9f78-e7589046cffc,javax/swing/JPanel.java,add
d3288806-fa87-4d10-9f78-e7589046cffc,components/DialogDemo$3.java,actionPerformed,->,d3288806-fa87-4d10-9f78-e7589046cffc,javax/swing/JPanel.java,setOpaque
d3288806-fa87-4d10-9f78-e7589046cffc,components/DialogDemo$3.java,actionPerformed,->,d3288806-fa87-4d10-9f78-e7589046cffc,javax/swing/JDialog.java,setContentPane
d3288806-fa87-4d10-9f78-e7589046cffc,components/DialogDemo$3.java,actionPerformed,->,d3288806-fa87-4d10-9f78-e7589046cffc,javax/swing/JDialog.java,setSize
d3288806-fa87-4d10-9f78-e7589046cffc,components/DialogDemo$3.java,actionPerformed,->,d3288806-fa87-4d10-9f78-e7589046cffc,javax/swing/JDialog.java,setLocationRelativeTo
d3288806-fa87-4d10-9f78-e7589046cffc,components/DialogDemo$3.java,actionPerformed,->,d3288806-fa87-4d10-9f78-e7589046cffc,javax/swing/JDialog.java,setVisible
d3288806-fa87-4d10-9f78-e7589046cffc,c571455b-b5f2-4853-8eb6-528c9570b142,10fcd3bc-5a9e-4093-b208-6e4534bc9a90,->,d3288806-fa87-4d10-9f78-e7589046cffc,javax/swing/JLabel.java,setText
d3288806-fa87-4d10-9f78-e7589046cffc,c571455b-b5f2-4853-8eb6-528c9570b142,fb6deba2-8b9e-4047-a4c7-a4e7fae28483,->,d3288806-fa87-4d10-9f78-e7589046cffc,java/lang/Class.java,getResource
d3288806-fa87-4d10-9f78-e7589046cffc,c571455b-b5f2-4853-8eb6-528c9570b142,fb6deba2-8b9e-4047-a4c7-a4e7fae28483,->,d3288806-fa87-4d10-9f78-e7589046cffc,java/lang/StringBuilder.java,append
d3288806-fa87-4d10-9f78-e7589046cffc,c571455b-b5f2-4853-8eb6-528c9570b142,fb6deba2-8b9e-4047-a4c7-a4e7fae28483,->,d3288806-fa87-4d10-9f78-e7589046cffc,java/lang/StringBuilder.java,append
d3288806-fa87-4d10-9f78-e7589046cffc,c571455b-b5f2-4853-8eb6-528c9570b142,fb6deba2-8b9e-4047-a4c7-a4e7fae28483,->,d3288806-fa87-4d10-9f78-e7589046cffc,java/lang/StringBuilder.java,toString
d3288806-fa87-4d10-9f78-e7589046cffc,c571455b-b5f2-4853-8eb6-528c9570b142,fb6deba2-8b9e-4047-a4c7-a4e7fae28483,->,d3288806-fa87-4d10-9f78-e7589046cffc,java/io/PrintStream.java,println
d3288806-fa87-4d10-9f78-e7589046cffc,c571455b-b5f2-4853-8eb6-528c9570b142,62450af3-40f1-4780-a5c6-cfed12d3c0eb,->,d3288806-fa87-4d10-9f78-e7589046cffc,javax/swing/JRadioButton.java,setActionCommand
d3288806-fa87-4d10-9f78-e7589046cffc,c571455b-b5f2-4853-8eb6-528c9570b142,62450af3-40f1-4780-a5c6-cfed12d3c0eb,->,d3288806-fa87-4d10-9f78-e7589046cffc,javax/swing/JRadioButton.java,setActionCommand
d3288806-fa87-4d10-9f78-e7589046cffc,c571455b-b5f2-4853-8eb6-528c9570b142,62450af3-40f1-4780-a5c6-cfed12d3c0eb,->,d3288806-fa87-4d10-9f78-e7589046cffc,javax/swing/JRadioButton.java,setActionCommand
d3288806-fa87-4d10-9f78-e7589046cffc,c571455b-b5f2-4853-8eb6-528c9570b142,62450af3-40f1-4780-a5c6-cfed12d3c0eb,->,d3288806-fa87-4d10-9f78-e7589046cffc,javax/swing/JRadioButton.java,setActionCommand
d3288806-fa87-4d10-9f78-e7589046cffc,c571455b-b5f2-4853-8eb6-528c9570b142,62450af3-40f1-4780-a5c6-cfed12d3c0eb,->,d3288806-fa87-4d10-9f78-e7589046cffc,javax/swing/ButtonGroup.java,add
d3288806-fa87-4d10-9f78-e7589046cffc,c571455b-b5f2-4853-8eb6-528c9570b142,62450af3-40f1-4780-a5c6-cfed12d3c0eb,->,d3288806-fa87-4d10-9f78-e7589046cffc,javax/swing/JRadioButton.java,setSelected
d3288806-fa87-4d10-9f78-e7589046cffc,c571455b-b5f2-4853-8eb6-528c9570b142,62450af3-40f1-4780-a5c6-cfed12d3c0eb,->,d3288806-fa87-4d10-9f78-e7589046cffc,javax/swing/JButton.java,addActionListener
d3288806-fa87-4d10-9f78-e7589046cffc,c571455b-b5f2-4853-8eb6-528c9570b142,62450af3-40f1-4780-a5c6-cfed12d3c0eb,->,d3288806-fa87-4d10-9f78-e7589046cffc,java/lang/StringBuilder.java,append
d3288806-fa87-4d10-9f78-e7589046cffc,c571455b-b5f2-4853-8eb6-528c9570b142,62450af3-40f1-4780-a5c6-cfed12d3c0eb,->,d3288806-fa87-4d10-9f78-e7589046cffc,java/lang/StringBuilder.java,append
d3288806-fa87-4d10-9f78-e7589046cffc,c571455b-b5f2-4853-8eb6-528c9570b142,62450af3-40f1-4780-a5c6-cfed12d3c0eb,->,d3288806-fa87-4d10-9f78-e7589046cffc,java/lang/StringBuilder.java,toString
d3288806-fa87-4d10-9f78-e7589046cffc,c571455b-b5f2-4853-8eb6-528c9570b142,62450af3-40f1-4780-a5c6-cfed12d3c0eb,->,d3288806-fa87-4d10-9f78-e7589046cffc,c571455b-b5f2-4853-8eb6-528c9570b142,dc7647a1-92fa-428d-a0b6-53e1b5864af7
d3288806-fa87-4d10-9f78-e7589046cffc,c571455b-b5f2-4853-8eb6-528c9570b142,dc7647a1-92fa-428d-a0b6-53e1b5864af7,->,d3288806-fa87-4d10-9f78-e7589046cffc,javax/swing/JPanel.java,setLayout
d3288806-fa87-4d10-9f78-e7589046cffc,c571455b-b5f2-4853-8eb6-528c9570b142,dc7647a1-92fa-428d-a0b6-53e1b5864af7,->,d3288806-fa87-4d10-9f78-e7589046cffc,javax/swing/JPanel.java,add
d3288806-fa87-4d10-9f78-e7589046cffc,c571455b-b5f2-4853-8eb6-528c9570b142,dc7647a1-92fa-428d-a0b6-53e1b5864af7,->,d3288806-fa87-4d10-9f78-e7589046cffc,javax/swing/JPanel.java,add
d3288806-fa87-4d10-9f78-e7589046cffc,c571455b-b5f2-4853-8eb6-528c9570b142,dc7647a1-92fa-428d-a0b6-53e1b5864af7,->,d3288806-fa87-4d10-9f78-e7589046cffc,javax/swing/JPanel.java,add
d3288806-fa87-4d10-9f78-e7589046cffc,c571455b-b5f2-4853-8eb6-528c9570b142,dc7647a1-92fa-428d-a0b6-53e1b5864af7,->,d3288806-fa87-4d10-9f78-e7589046cffc,javax/swing/JPanel.java,add
d3288806-fa87-4d10-9f78-e7589046cffc,c571455b-b5f2-4853-8eb6-528c9570b142,a4a00d7b-8eed-4b02-aa2b-a34b80334925,->,d3288806-fa87-4d10-9f78-e7589046cffc,javax/swing/JPanel.java,add
d3288806-fa87-4d10-9f78-e7589046cffc,c571455b-b5f2-4853-8eb6-528c9570b142,a4a00d7b-8eed-4b02-aa2b-a34b80334925,->,d3288806-fa87-4d10-9f78-e7589046cffc,javax/swing/JPanel.java,add
d3288806-fa87-4d10-9f78-e7589046cffc,c571455b-b5f2-4853-8eb6-528c9570b142,a4a00d7b-8eed-4b02-aa2b-a34b80334925,->,d3288806-fa87-4d10-9f78-e7589046cffc,javax/swing/JPanel.java,setLayout
d3288806-fa87-4d10-9f78-e7589046cffc,c571455b-b5f2-4853-8eb6-528c9570b142,a4a00d7b-8eed-4b02-aa2b-a34b80334925,->,d3288806-fa87-4d10-9f78-e7589046cffc,javax/swing/JPanel.java,add
d3288806-fa87-4d10-9f78-e7589046cffc,c571455b-b5f2-4853-8eb6-528c9570b142,a4a00d7b-8eed-4b02-aa2b-a34b80334925,->,d3288806-fa87-4d10-9f78-e7589046cffc,javax/swing/JPanel.java,setAlignmentX
d3288806-fa87-4d10-9f78-e7589046cffc,c571455b-b5f2-4853-8eb6-528c9570b142,a4a00d7b-8eed-4b02-aa2b-a34b80334925,->,d3288806-fa87-4d10-9f78-e7589046cffc,javax/swing/JPanel.java,add
d3288806-fa87-4d10-9f78-e7589046cffc,c571455b-b5f2-4853-8eb6-528c9570b142,a4a00d7b-8eed-4b02-aa2b-a34b80334925,->,d3288806-fa87-4d10-9f78-e7589046cffc,javax/swing/JPanel.java,add
d3288806-fa87-4d10-9f78-e7589046cffc,c571455b-b5f2-4853-8eb6-528c9570b142,a4a00d7b-8eed-4b02-aa2b-a34b80334925,->,d3288806-fa87-4d10-9f78-e7589046cffc,javax/swing/JPanel.java,add
d3288806-fa87-4d10-9f78-e7589046cffc,c571455b-b5f2-4853-8eb6-528c9570b142,29eca213-1dab-46f2-ac90-e02e050b2d9f,->,d3288806-fa87-4d10-9f78-e7589046cffc,javax/swing/JRadioButton.java,setActionCommand
d3288806-fa87-4d10-9f78-e7589046cffc,c571455b-b5f2-4853-8eb6-528c9570b142,29eca213-1dab-46f2-ac90-e02e050b2d9f,->,d3288806-fa87-4d10-9f78-e7589046cffc,javax/swing/JRadioButton.java,setActionCommand
d3288806-fa87-4d10-9f78-e7589046cffc,c571455b-b5f2-4853-8eb6-528c9570b142,29eca213-1dab-46f2-ac90-e02e050b2d9f,->,d3288806-fa87-4d10-9f78-e7589046cffc,javax/swing/JRadioButton.java,setActionCommand
d3288806-fa87-4d10-9f78-e7589046cffc,c571455b-b5f2-4853-8eb6-528c9570b142,29eca213-1dab-46f2-ac90-e02e050b2d9f,->,d3288806-fa87-4d10-9f78-e7589046cffc,javax/swing/JRadioButton.java,setActionCommand
d3288806-fa87-4d10-9f78-e7589046cffc,c571455b-b5f2-4853-8eb6-528c9570b142,29eca213-1dab-46f2-ac90-e02e050b2d9f,->,d3288806-fa87-4d10-9f78-e7589046cffc,javax/swing/JRadioButton.java,setActionCommand
d3288806-fa87-4d10-9f78-e7589046cffc,c571455b-b5f2-4853-8eb6-528c9570b142,29eca213-1dab-46f2-ac90-e02e050b2d9f,->,d3288806-fa87-4d10-9f78-e7589046cffc,javax/swing/JRadioButton.java,setActionCommand
d3288806-fa87-4d10-9f78-e7589046cffc,c571455b-b5f2-4853-8eb6-528c9570b142,29eca213-1dab-46f2-ac90-e02e050b2d9f,->,d3288806-fa87-4d10-9f78-e7589046cffc,javax/swing/ButtonGroup.java,add
d3288806-fa87-4d10-9f78-e7589046cffc,c571455b-b5f2-4853-8eb6-528c9570b142,29eca213-1dab-46f2-ac90-e02e050b2d9f,->,d3288806-fa87-4d10-9f78-e7589046cffc,javax/swing/JRadioButton.java,setSelected
d3288806-fa87-4d10-9f78-e7589046cffc,c571455b-b5f2-4853-8eb6-528c9570b142,29eca213-1dab-46f2-ac90-e02e050b2d9f,->,d3288806-fa87-4d10-9f78-e7589046cffc,javax/swing/JButton.java,addActionListener
d3288806-fa87-4d10-9f78-e7589046cffc,c571455b-b5f2-4853-8eb6-528c9570b142,29eca213-1dab-46f2-ac90-e02e050b2d9f,->,d3288806-fa87-4d10-9f78-e7589046cffc,java/lang/StringBuilder.java,append
d3288806-fa87-4d10-9f78-e7589046cffc,c571455b-b5f2-4853-8eb6-528c9570b142,29eca213-1dab-46f2-ac90-e02e050b2d9f,->,d3288806-fa87-4d10-9f78-e7589046cffc,java/lang/StringBuilder.java,append
d3288806-fa87-4d10-9f78-e7589046cffc,c571455b-b5f2-4853-8eb6-528c9570b142,29eca213-1dab-46f2-ac90-e02e050b2d9f,->,d3288806-fa87-4d10-9f78-e7589046cffc,java/lang/StringBuilder.java,toString
d3288806-fa87-4d10-9f78-e7589046cffc,c571455b-b5f2-4853-8eb6-528c9570b142,29eca213-1dab-46f2-ac90-e02e050b2d9f,->,d3288806-fa87-4d10-9f78-e7589046cffc,c571455b-b5f2-4853-8eb6-528c9570b142,a4a00d7b-8eed-4b02-aa2b-a34b80334925
d3288806-fa87-4d10-9f78-e7589046cffc,c571455b-b5f2-4853-8eb6-528c9570b142,989d5b4c-4e7d-4044-909b-f7717abb707c,->,d3288806-fa87-4d10-9f78-e7589046cffc,javax/swing/JRadioButton.java,setActionCommand
d3288806-fa87-4d10-9f78-e7589046cffc,c571455b-b5f2-4853-8eb6-528c9570b142,989d5b4c-4e7d-4044-909b-f7717abb707c,->,d3288806-fa87-4d10-9f78-e7589046cffc,javax/swing/JRadioButton.java,setActionCommand
d3288806-fa87-4d10-9f78-e7589046cffc,c571455b-b5f2-4853-8eb6-528c9570b142,989d5b4c-4e7d-4044-909b-f7717abb707c,->,d3288806-fa87-4d10-9f78-e7589046cffc,javax/swing/JRadioButton.java,setActionCommand
d3288806-fa87-4d10-9f78-e7589046cffc,c571455b-b5f2-4853-8eb6-528c9570b142,989d5b4c-4e7d-4044-909b-f7717abb707c,->,d3288806-fa87-4d10-9f78-e7589046cffc,javax/swing/JRadioButton.java,setActionCommand
d3288806-fa87-4d10-9f78-e7589046cffc,c571455b-b5f2-4853-8eb6-528c9570b142,989d5b4c-4e7d-4044-909b-f7717abb707c,->,d3288806-fa87-4d10-9f78-e7589046cffc,javax/swing/JRadioButton.java,setActionCommand
d3288806-fa87-4d10-9f78-e7589046cffc,c571455b-b5f2-4853-8eb6-528c9570b142,989d5b4c-4e7d-4044-909b-f7717abb707c,->,d3288806-fa87-4d10-9f78-e7589046cffc,javax/swing/ButtonGroup.java,add
d3288806-fa87-4d10-9f78-e7589046cffc,c571455b-b5f2-4853-8eb6-528c9570b142,989d5b4c-4e7d-4044-909b-f7717abb707c,->,d3288806-fa87-4d10-9f78-e7589046cffc,javax/swing/JRadioButton.java,setSelected
d3288806-fa87-4d10-9f78-e7589046cffc,c571455b-b5f2-4853-8eb6-528c9570b142,989d5b4c-4e7d-4044-909b-f7717abb707c,->,d3288806-fa87-4d10-9f78-e7589046cffc,javax/swing/JButton.java,addActionListener
d3288806-fa87-4d10-9f78-e7589046cffc,c571455b-b5f2-4853-8eb6-528c9570b142,989d5b4c-4e7d-4044-909b-f7717abb707c,->,d3288806-fa87-4d10-9f78-e7589046cffc,java/lang/StringBuilder.java,append
d3288806-fa87-4d10-9f78-e7589046cffc,c571455b-b5f2-4853-8eb6-528c9570b142,989d5b4c-4e7d-4044-909b-f7717abb707c,->,d3288806-fa87-4d10-9f78-e7589046cffc,java/lang/StringBuilder.java,append
d3288806-fa87-4d10-9f78-e7589046cffc,c571455b-b5f2-4853-8eb6-528c9570b142,989d5b4c-4e7d-4044-909b-f7717abb707c,->,d3288806-fa87-4d10-9f78-e7589046cffc,java/lang/StringBuilder.java,toString
d3288806-fa87-4d10-9f78-e7589046cffc,c571455b-b5f2-4853-8eb6-528c9570b142,989d5b4c-4e7d-4044-909b-f7717abb707c,->,d3288806-fa87-4d10-9f78-e7589046cffc,c571455b-b5f2-4853-8eb6-528c9570b142,dc7647a1-92fa-428d-a0b6-53e1b5864af7
d3288806-fa87-4d10-9f78-e7589046cffc,c571455b-b5f2-4853-8eb6-528c9570b142,e41eaf78-ff62-4e1b-a6fc-daf99967484c,->,d3288806-fa87-4d10-9f78-e7589046cffc,javax/swing/JFrame.java,setDefaultCloseOperation
d3288806-fa87-4d10-9f78-e7589046cffc,c571455b-b5f2-4853-8eb6-528c9570b142,e41eaf78-ff62-4e1b-a6fc-daf99967484c,->,d3288806-fa87-4d10-9f78-e7589046cffc,components/DialogDemo.java,setOpaque
d3288806-fa87-4d10-9f78-e7589046cffc,c571455b-b5f2-4853-8eb6-528c9570b142,e41eaf78-ff62-4e1b-a6fc-daf99967484c,->,d3288806-fa87-4d10-9f78-e7589046cffc,javax/swing/JFrame.java,setContentPane
d3288806-fa87-4d10-9f78-e7589046cffc,c571455b-b5f2-4853-8eb6-528c9570b142,e41eaf78-ff62-4e1b-a6fc-daf99967484c,->,d3288806-fa87-4d10-9f78-e7589046cffc,javax/swing/JFrame.java,pack
d3288806-fa87-4d10-9f78-e7589046cffc,c571455b-b5f2-4853-8eb6-528c9570b142,e41eaf78-ff62-4e1b-a6fc-daf99967484c,->,d3288806-fa87-4d10-9f78-e7589046cffc,javax/swing/JFrame.java,setVisible
d3288806-fa87-4d10-9f78-e7589046cffc,c571455b-b5f2-4853-8eb6-528c9570b142,3883626b-bff4-440e-99b7-d6582eb5624c,->,d3288806-fa87-4d10-9f78-e7589046cffc,javax/swing/SwingUtilities.java,invokeLater
d3288806-fa87-4d10-9f78-e7589046cffc,components/DialogDemo.java,access$000,->,d3288806-fa87-4d10-9f78-e7589046cffc,c571455b-b5f2-4853-8eb6-528c9570b142,e41eaf78-ff62-4e1b-a6fc-daf99967484c
d3288806-fa87-4d10-9f78-e7589046cffc,components/DialogDemo$3$2.java,propertyChange,->,d3288806-fa87-4d10-9f78-e7589046cffc,java/beans/PropertyChangeEvent.java,getPropertyName
d3288806-fa87-4d10-9f78-e7589046cffc,components/DialogDemo$3$2.java,propertyChange,->,d3288806-fa87-4d10-9f78-e7589046cffc,javax/swing/JDialog.java,isVisible
d3288806-fa87-4d10-9f78-e7589046cffc,components/DialogDemo$3$2.java,propertyChange,->,d3288806-fa87-4d10-9f78-e7589046cffc,java/beans/PropertyChangeEvent.java,getSource
d3288806-fa87-4d10-9f78-e7589046cffc,components/DialogDemo$3$2.java,propertyChange,->,d3288806-fa87-4d10-9f78-e7589046cffc,java/lang/String.java,equals
d3288806-fa87-4d10-9f78-e7589046cffc,components/DialogDemo$3$2.java,propertyChange,->,d3288806-fa87-4d10-9f78-e7589046cffc,javax/swing/JDialog.java,setVisible
d3288806-fa87-4d10-9f78-e7589046cffc,components/CustomDialog$2.java,componentShown,->,d3288806-fa87-4d10-9f78-e7589046cffc,components/CustomDialog.java,access$100
d3288806-fa87-4d10-9f78-e7589046cffc,components/CustomDialog$2.java,componentShown,->,d3288806-fa87-4d10-9f78-e7589046cffc,javax/swing/JTextField.java,requestFocusInWindow
d3288806-fa87-4d10-9f78-e7589046cffc,components/DialogDemo$3$3.java,actionPerformed,->,d3288806-fa87-4d10-9f78-e7589046cffc,javax/swing/JDialog.java,setVisible
d3288806-fa87-4d10-9f78-e7589046cffc,components/DialogDemo$3$3.java,actionPerformed,->,d3288806-fa87-4d10-9f78-e7589046cffc,javax/swing/JDialog.java,dispose
d3288806-fa87-4d10-9f78-e7589046cffc,components/DialogDemo$1.java,actionPerformed,->,d3288806-fa87-4d10-9f78-e7589046cffc,javax/swing/ButtonGroup.java,getSelection
d3288806-fa87-4d10-9f78-e7589046cffc,components/DialogDemo$1.java,actionPerformed,->,d3288806-fa87-4d10-9f78-e7589046cffc,javax/swing/ButtonModel.java,getActionCommand
d3288806-fa87-4d10-9f78-e7589046cffc,components/DialogDemo$1.java,actionPerformed,->,d3288806-fa87-4d10-9f78-e7589046cffc,javax/swing/JOptionPane.java,showMessageDialog
d3288806-fa87-4d10-9f78-e7589046cffc,components/DialogDemo$1.java,actionPerformed,->,d3288806-fa87-4d10-9f78-e7589046cffc,javax/swing/JOptionPane.java,showConfirmDialog
d3288806-fa87-4d10-9f78-e7589046cffc,components/DialogDemo$1.java,actionPerformed,->,d3288806-fa87-4d10-9f78-e7589046cffc,c571455b-b5f2-4853-8eb6-528c9570b142,10fcd3bc-5a9e-4093-b208-6e4534bc9a90
d3288806-fa87-4d10-9f78-e7589046cffc,components/DialogDemo$1.java,actionPerformed,->,d3288806-fa87-4d10-9f78-e7589046cffc,c571455b-b5f2-4853-8eb6-528c9570b142,10fcd3bc-5a9e-4093-b208-6e4534bc9a90
d3288806-fa87-4d10-9f78-e7589046cffc,components/DialogDemo$1.java,actionPerformed,->,d3288806-fa87-4d10-9f78-e7589046cffc,c571455b-b5f2-4853-8eb6-528c9570b142,10fcd3bc-5a9e-4093-b208-6e4534bc9a90
d3288806-fa87-4d10-9f78-e7589046cffc,components/DialogDemo$1.java,actionPerformed,->,d3288806-fa87-4d10-9f78-e7589046cffc,javax/swing/JOptionPane.java,showOptionDialog
d3288806-fa87-4d10-9f78-e7589046cffc,components/DialogDemo$1.java,actionPerformed,->,d3288806-fa87-4d10-9f78-e7589046cffc,c571455b-b5f2-4853-8eb6-528c9570b142,10fcd3bc-5a9e-4093-b208-6e4534bc9a90
d3288806-fa87-4d10-9f78-e7589046cffc,components/DialogDemo$1.java,actionPerformed,->,d3288806-fa87-4d10-9f78-e7589046cffc,c571455b-b5f2-4853-8eb6-528c9570b142,10fcd3bc-5a9e-4093-b208-6e4534bc9a90
d3288806-fa87-4d10-9f78-e7589046cffc,components/DialogDemo$1.java,actionPerformed,->,d3288806-fa87-4d10-9f78-e7589046cffc,c571455b-b5f2-4853-8eb6-528c9570b142,10fcd3bc-5a9e-4093-b208-6e4534bc9a90
d3288806-fa87-4d10-9f78-e7589046cffc,components/DialogDemo$1.java,actionPerformed,->,d3288806-fa87-4d10-9f78-e7589046cffc,javax/swing/JOptionPane.java,showOptionDialog
d3288806-fa87-4d10-9f78-e7589046cffc,components/DialogDemo$1.java,actionPerformed,->,d3288806-fa87-4d10-9f78-e7589046cffc,c571455b-b5f2-4853-8eb6-528c9570b142,10fcd3bc-5a9e-4093-b208-6e4534bc9a90
d3288806-fa87-4d10-9f78-e7589046cffc,components/DialogDemo$1.java,actionPerformed,->,d3288806-fa87-4d10-9f78-e7589046cffc,c571455b-b5f2-4853-8eb6-528c9570b142,10fcd3bc-5a9e-4093-b208-6e4534bc9a90
d3288806-fa87-4d10-9f78-e7589046cffc,components/DialogDemo$1.java,actionPerformed,->,d3288806-fa87-4d10-9f78-e7589046cffc,c571455b-b5f2-4853-8eb6-528c9570b142,10fcd3bc-5a9e-4093-b208-6e4534bc9a90
d3288806-fa87-4d10-9f78-e7589046cffc,components/DialogDemo$1.java,actionPerformed,->,d3288806-fa87-4d10-9f78-e7589046cffc,c571455b-b5f2-4853-8eb6-528c9570b142,10fcd3bc-5a9e-4093-b208-6e4534bc9a90
d3288806-fa87-4d10-9f78-e7589046cffc,components/DialogDemo$2.java,actionPerformed,->,d3288806-fa87-4d10-9f78-e7589046cffc,javax/swing/ButtonGroup.java,getSelection
d3288806-fa87-4d10-9f78-e7589046cffc,components/DialogDemo$2.java,actionPerformed,->,d3288806-fa87-4d10-9f78-e7589046cffc,javax/swing/ButtonModel.java,getActionCommand
d3288806-fa87-4d10-9f78-e7589046cffc,components/DialogDemo$2.java,actionPerformed,->,d3288806-fa87-4d10-9f78-e7589046cffc,javax/swing/JOptionPane.java,showMessageDialog
d3288806-fa87-4d10-9f78-e7589046cffc,components/DialogDemo$2.java,actionPerformed,->,d3288806-fa87-4d10-9f78-e7589046cffc,javax/swing/JOptionPane.java,showMessageDialog
d3288806-fa87-4d10-9f78-e7589046cffc,components/DialogDemo$2.java,actionPerformed,->,d3288806-fa87-4d10-9f78-e7589046cffc,javax/swing/JOptionPane.java,showMessageDialog
d3288806-fa87-4d10-9f78-e7589046cffc,components/DialogDemo$2.java,actionPerformed,->,d3288806-fa87-4d10-9f78-e7589046cffc,javax/swing/JOptionPane.java,showMessageDialog
d3288806-fa87-4d10-9f78-e7589046cffc,components/DialogDemo$2.java,actionPerformed,->,d3288806-fa87-4d10-9f78-e7589046cffc,javax/swing/JOptionPane.java,showMessageDialog
d3288806-fa87-4d10-9f78-e7589046cffc,components/DialogDemo$2.java,actionPerformed,->,d3288806-fa87-4d10-9f78-e7589046cffc,javax/swing/JOptionPane.java,showMessageDialog
d3288806-fa87-4d10-9f78-e7589046cffc,components/CustomDialog$1.java,windowClosing,->,d3288806-fa87-4d10-9f78-e7589046cffc,components/CustomDialog.java,access$000
d3288806-fa87-4d10-9f78-e7589046cffc,components/CustomDialog$1.java,windowClosing,->,d3288806-fa87-4d10-9f78-e7589046cffc,javax/swing/JOptionPane.java,setValue
d3288806-fa87-4d10-9f78-e7589046cffc,e6f76ffe-1d91-4fb7-ab20-f0506859604c,f5e25ffb-cdac-4b9a-bfc2-b1fceab28128,->,d3288806-fa87-4d10-9f78-e7589046cffc,javax/swing/JOptionPane.java,setValue
d3288806-fa87-4d10-9f78-e7589046cffc,e6f76ffe-1d91-4fb7-ab20-f0506859604c,00b9329b-5f8f-4ff9-975a-7b65fb9c547d,->,d3288806-fa87-4d10-9f78-e7589046cffc,java/beans/PropertyChangeEvent.java,getPropertyName
d3288806-fa87-4d10-9f78-e7589046cffc,e6f76ffe-1d91-4fb7-ab20-f0506859604c,00b9329b-5f8f-4ff9-975a-7b65fb9c547d,->,d3288806-fa87-4d10-9f78-e7589046cffc,components/CustomDialog.java,isVisible
d3288806-fa87-4d10-9f78-e7589046cffc,e6f76ffe-1d91-4fb7-ab20-f0506859604c,00b9329b-5f8f-4ff9-975a-7b65fb9c547d,->,d3288806-fa87-4d10-9f78-e7589046cffc,java/beans/PropertyChangeEvent.java,getSource
d3288806-fa87-4d10-9f78-e7589046cffc,e6f76ffe-1d91-4fb7-ab20-f0506859604c,00b9329b-5f8f-4ff9-975a-7b65fb9c547d,->,d3288806-fa87-4d10-9f78-e7589046cffc,java/lang/String.java,equals
d3288806-fa87-4d10-9f78-e7589046cffc,e6f76ffe-1d91-4fb7-ab20-f0506859604c,00b9329b-5f8f-4ff9-975a-7b65fb9c547d,->,d3288806-fa87-4d10-9f78-e7589046cffc,java/lang/String.java,equals
d3288806-fa87-4d10-9f78-e7589046cffc,e6f76ffe-1d91-4fb7-ab20-f0506859604c,00b9329b-5f8f-4ff9-975a-7b65fb9c547d,->,d3288806-fa87-4d10-9f78-e7589046cffc,javax/swing/JOptionPane.java,getValue
d3288806-fa87-4d10-9f78-e7589046cffc,e6f76ffe-1d91-4fb7-ab20-f0506859604c,00b9329b-5f8f-4ff9-975a-7b65fb9c547d,->,d3288806-fa87-4d10-9f78-e7589046cffc,javax/swing/JOptionPane.java,setValue
d3288806-fa87-4d10-9f78-e7589046cffc,e6f76ffe-1d91-4fb7-ab20-f0506859604c,00b9329b-5f8f-4ff9-975a-7b65fb9c547d,->,d3288806-fa87-4d10-9f78-e7589046cffc,java/lang/String.java,equals
d3288806-fa87-4d10-9f78-e7589046cffc,e6f76ffe-1d91-4fb7-ab20-f0506859604c,00b9329b-5f8f-4ff9-975a-7b65fb9c547d,->,d3288806-fa87-4d10-9f78-e7589046cffc,javax/swing/JTextField.java,getText
d3288806-fa87-4d10-9f78-e7589046cffc,e6f76ffe-1d91-4fb7-ab20-f0506859604c,00b9329b-5f8f-4ff9-975a-7b65fb9c547d,->,d3288806-fa87-4d10-9f78-e7589046cffc,java/lang/String.java,toUpperCase
d3288806-fa87-4d10-9f78-e7589046cffc,e6f76ffe-1d91-4fb7-ab20-f0506859604c,00b9329b-5f8f-4ff9-975a-7b65fb9c547d,->,d3288806-fa87-4d10-9f78-e7589046cffc,java/lang/String.java,equals
d3288806-fa87-4d10-9f78-e7589046cffc,e6f76ffe-1d91-4fb7-ab20-f0506859604c,00b9329b-5f8f-4ff9-975a-7b65fb9c547d,->,d3288806-fa87-4d10-9f78-e7589046cffc,e6f76ffe-1d91-4fb7-ab20-f0506859604c,57735bce-5be5-4de3-b642-7b5bbddeff24
d3288806-fa87-4d10-9f78-e7589046cffc,e6f76ffe-1d91-4fb7-ab20-f0506859604c,00b9329b-5f8f-4ff9-975a-7b65fb9c547d,->,d3288806-fa87-4d10-9f78-e7589046cffc,javax/swing/JTextField.java,selectAll
d3288806-fa87-4d10-9f78-e7589046cffc,e6f76ffe-1d91-4fb7-ab20-f0506859604c,00b9329b-5f8f-4ff9-975a-7b65fb9c547d,->,d3288806-fa87-4d10-9f78-e7589046cffc,java/lang/StringBuilder.java,append
d3288806-fa87-4d10-9f78-e7589046cffc,e6f76ffe-1d91-4fb7-ab20-f0506859604c,00b9329b-5f8f-4ff9-975a-7b65fb9c547d,->,d3288806-fa87-4d10-9f78-e7589046cffc,java/lang/StringBuilder.java,append
d3288806-fa87-4d10-9f78-e7589046cffc,e6f76ffe-1d91-4fb7-ab20-f0506859604c,00b9329b-5f8f-4ff9-975a-7b65fb9c547d,->,d3288806-fa87-4d10-9f78-e7589046cffc,java/lang/StringBuilder.java,append
d3288806-fa87-4d10-9f78-e7589046cffc,e6f76ffe-1d91-4fb7-ab20-f0506859604c,00b9329b-5f8f-4ff9-975a-7b65fb9c547d,->,d3288806-fa87-4d10-9f78-e7589046cffc,java/lang/StringBuilder.java,append
d3288806-fa87-4d10-9f78-e7589046cffc,e6f76ffe-1d91-4fb7-ab20-f0506859604c,00b9329b-5f8f-4ff9-975a-7b65fb9c547d,->,d3288806-fa87-4d10-9f78-e7589046cffc,java/lang/StringBuilder.java,append
d3288806-fa87-4d10-9f78-e7589046cffc,e6f76ffe-1d91-4fb7-ab20-f0506859604c,00b9329b-5f8f-4ff9-975a-7b65fb9c547d,->,d3288806-fa87-4d10-9f78-e7589046cffc,java/lang/StringBuilder.java,append
d3288806-fa87-4d10-9f78-e7589046cffc,e6f76ffe-1d91-4fb7-ab20-f0506859604c,00b9329b-5f8f-4ff9-975a-7b65fb9c547d,->,d3288806-fa87-4d10-9f78-e7589046cffc,java/lang/StringBuilder.java,append
d3288806-fa87-4d10-9f78-e7589046cffc,e6f76ffe-1d91-4fb7-ab20-f0506859604c,00b9329b-5f8f-4ff9-975a-7b65fb9c547d,->,d3288806-fa87-4d10-9f78-e7589046cffc,java/lang/StringBuilder.java,toString
d3288806-fa87-4d10-9f78-e7589046cffc,e6f76ffe-1d91-4fb7-ab20-f0506859604c,00b9329b-5f8f-4ff9-975a-7b65fb9c547d,->,d3288806-fa87-4d10-9f78-e7589046cffc,javax/swing/JOptionPane.java,showMessageDialog
d3288806-fa87-4d10-9f78-e7589046cffc,e6f76ffe-1d91-4fb7-ab20-f0506859604c,00b9329b-5f8f-4ff9-975a-7b65fb9c547d,->,d3288806-fa87-4d10-9f78-e7589046cffc,javax/swing/JTextField.java,requestFocusInWindow
d3288806-fa87-4d10-9f78-e7589046cffc,e6f76ffe-1d91-4fb7-ab20-f0506859604c,00b9329b-5f8f-4ff9-975a-7b65fb9c547d,->,d3288806-fa87-4d10-9f78-e7589046cffc,java/lang/StringBuilder.java,append
d3288806-fa87-4d10-9f78-e7589046cffc,e6f76ffe-1d91-4fb7-ab20-f0506859604c,00b9329b-5f8f-4ff9-975a-7b65fb9c547d,->,d3288806-fa87-4d10-9f78-e7589046cffc,java/lang/StringBuilder.java,append
d3288806-fa87-4d10-9f78-e7589046cffc,e6f76ffe-1d91-4fb7-ab20-f0506859604c,00b9329b-5f8f-4ff9-975a-7b65fb9c547d,->,d3288806-fa87-4d10-9f78-e7589046cffc,java/lang/StringBuilder.java,append
d3288806-fa87-4d10-9f78-e7589046cffc,e6f76ffe-1d91-4fb7-ab20-f0506859604c,00b9329b-5f8f-4ff9-975a-7b65fb9c547d,->,d3288806-fa87-4d10-9f78-e7589046cffc,java/lang/StringBuilder.java,toString
d3288806-fa87-4d10-9f78-e7589046cffc,e6f76ffe-1d91-4fb7-ab20-f0506859604c,00b9329b-5f8f-4ff9-975a-7b65fb9c547d,->,d3288806-fa87-4d10-9f78-e7589046cffc,c571455b-b5f2-4853-8eb6-528c9570b142,10fcd3bc-5a9e-4093-b208-6e4534bc9a90
d3288806-fa87-4d10-9f78-e7589046cffc,e6f76ffe-1d91-4fb7-ab20-f0506859604c,00b9329b-5f8f-4ff9-975a-7b65fb9c547d,->,d3288806-fa87-4d10-9f78-e7589046cffc,e6f76ffe-1d91-4fb7-ab20-f0506859604c,57735bce-5be5-4de3-b642-7b5bbddeff24
d3288806-fa87-4d10-9f78-e7589046cffc,e6f76ffe-1d91-4fb7-ab20-f0506859604c,57735bce-5be5-4de3-b642-7b5bbddeff24,->,d3288806-fa87-4d10-9f78-e7589046cffc,javax/swing/JTextField.java,setText
d3288806-fa87-4d10-9f78-e7589046cffc,e6f76ffe-1d91-4fb7-ab20-f0506859604c,57735bce-5be5-4de3-b642-7b5bbddeff24,->,d3288806-fa87-4d10-9f78-e7589046cffc,components/CustomDialog.java,setVisible
d3288806-fa87-4d10-9f78-e7589046cffc,components/DialogDemo$3$1.java,windowClosing,->,d3288806-fa87-4d10-9f78-e7589046cffc,c571455b-b5f2-4853-8eb6-528c9570b142,10fcd3bc-5a9e-4093-b208-6e4534bc9a90
d3288806-fa87-4d10-9f78-e7589046cffc,components/DialogDemo$4.java,run,->,d3288806-fa87-4d10-9f78-e7589046cffc,components/DialogDemo.java,access$000
d3288806-fa87-4d10-9f78-e7589046cffc,9abe8160-f198-4326-ae1d-72c262101281,6039fd28-4d06-427a-a97e-30a11bfda004,->,d3288806-fa87-4d10-9f78-e7589046cffc,java/util/Calendar.java,getInstance
d3288806-fa87-4d10-9f78-e7589046cffc,9abe8160-f198-4326-ae1d-72c262101281,6039fd28-4d06-427a-a97e-30a11bfda004,->,d3288806-fa87-4d10-9f78-e7589046cffc,java/util/Calendar.java,getTime
d3288806-fa87-4d10-9f78-e7589046cffc,9abe8160-f198-4326-ae1d-72c262101281,6039fd28-4d06-427a-a97e-30a11bfda004,->,d3288806-fa87-4d10-9f78-e7589046cffc,java/text/SimpleDateFormat.java,format
d3288806-fa87-4d10-9f78-e7589046cffc,c2ffa4e6-f533-4bd6-9609-568ae7c9a1d5,945dda5e-61c7-4fb8-8cb4-042810c5a6e5,->,d3288806-fa87-4d10-9f78-e7589046cffc,java/net/Socket.java,getInputStream
d3288806-fa87-4d10-9f78-e7589046cffc,c2ffa4e6-f533-4bd6-9609-568ae7c9a1d5,945dda5e-61c7-4fb8-8cb4-042810c5a6e5,->,d3288806-fa87-4d10-9f78-e7589046cffc,java/net/Socket.java,getOutputStream
d3288806-fa87-4d10-9f78-e7589046cffc,c2ffa4e6-f533-4bd6-9609-568ae7c9a1d5,945dda5e-61c7-4fb8-8cb4-042810c5a6e5,->,d3288806-fa87-4d10-9f78-e7589046cffc,java/io/PrintStream.java,println
d3288806-fa87-4d10-9f78-e7589046cffc,c2ffa4e6-f533-4bd6-9609-568ae7c9a1d5,945dda5e-61c7-4fb8-8cb4-042810c5a6e5,->,d3288806-fa87-4d10-9f78-e7589046cffc,java/io/DataInputStream.java,readLine
d3288806-fa87-4d10-9f78-e7589046cffc,c2ffa4e6-f533-4bd6-9609-568ae7c9a1d5,945dda5e-61c7-4fb8-8cb4-042810c5a6e5,->,d3288806-fa87-4d10-9f78-e7589046cffc,java/lang/String.java,trim
d3288806-fa87-4d10-9f78-e7589046cffc,c2ffa4e6-f533-4bd6-9609-568ae7c9a1d5,945dda5e-61c7-4fb8-8cb4-042810c5a6e5,->,d3288806-fa87-4d10-9f78-e7589046cffc,java/lang/String.java,indexOf
d3288806-fa87-4d10-9f78-e7589046cffc,c2ffa4e6-f533-4bd6-9609-568ae7c9a1d5,945dda5e-61c7-4fb8-8cb4-042810c5a6e5,->,d3288806-fa87-4d10-9f78-e7589046cffc,java/io/PrintStream.java,println
d3288806-fa87-4d10-9f78-e7589046cffc,c2ffa4e6-f533-4bd6-9609-568ae7c9a1d5,945dda5e-61c7-4fb8-8cb4-042810c5a6e5,->,d3288806-fa87-4d10-9f78-e7589046cffc,java/lang/StringBuilder.java,append
d3288806-fa87-4d10-9f78-e7589046cffc,c2ffa4e6-f533-4bd6-9609-568ae7c9a1d5,945dda5e-61c7-4fb8-8cb4-042810c5a6e5,->,d3288806-fa87-4d10-9f78-e7589046cffc,java/lang/StringBuilder.java,append
d3288806-fa87-4d10-9f78-e7589046cffc,c2ffa4e6-f533-4bd6-9609-568ae7c9a1d5,945dda5e-61c7-4fb8-8cb4-042810c5a6e5,->,d3288806-fa87-4d10-9f78-e7589046cffc,java/lang/StringBuilder.java,append
d3288806-fa87-4d10-9f78-e7589046cffc,c2ffa4e6-f533-4bd6-9609-568ae7c9a1d5,945dda5e-61c7-4fb8-8cb4-042810c5a6e5,->,d3288806-fa87-4d10-9f78-e7589046cffc,java/lang/StringBuilder.java,toString
d3288806-fa87-4d10-9f78-e7589046cffc,c2ffa4e6-f533-4bd6-9609-568ae7c9a1d5,945dda5e-61c7-4fb8-8cb4-042810c5a6e5,->,d3288806-fa87-4d10-9f78-e7589046cffc,java/io/PrintStream.java,println
d3288806-fa87-4d10-9f78-e7589046cffc,c2ffa4e6-f533-4bd6-9609-568ae7c9a1d5,945dda5e-61c7-4fb8-8cb4-042810c5a6e5,->,d3288806-fa87-4d10-9f78-e7589046cffc,9abe8160-f198-4326-ae1d-72c262101281,6039fd28-4d06-427a-a97e-30a11bfda004
d3288806-fa87-4d10-9f78-e7589046cffc,c2ffa4e6-f533-4bd6-9609-568ae7c9a1d5,945dda5e-61c7-4fb8-8cb4-042810c5a6e5,->,d3288806-fa87-4d10-9f78-e7589046cffc,java/lang/StringBuilder.java,append
d3288806-fa87-4d10-9f78-e7589046cffc,c2ffa4e6-f533-4bd6-9609-568ae7c9a1d5,945dda5e-61c7-4fb8-8cb4-042810c5a6e5,->,d3288806-fa87-4d10-9f78-e7589046cffc,java/lang/StringBuilder.java,append
d3288806-fa87-4d10-9f78-e7589046cffc,c2ffa4e6-f533-4bd6-9609-568ae7c9a1d5,945dda5e-61c7-4fb8-8cb4-042810c5a6e5,->,d3288806-fa87-4d10-9f78-e7589046cffc,java/lang/StringBuilder.java,append
d3288806-fa87-4d10-9f78-e7589046cffc,c2ffa4e6-f533-4bd6-9609-568ae7c9a1d5,945dda5e-61c7-4fb8-8cb4-042810c5a6e5,->,d3288806-fa87-4d10-9f78-e7589046cffc,java/lang/StringBuilder.java,append
d3288806-fa87-4d10-9f78-e7589046cffc,c2ffa4e6-f533-4bd6-9609-568ae7c9a1d5,945dda5e-61c7-4fb8-8cb4-042810c5a6e5,->,d3288806-fa87-4d10-9f78-e7589046cffc,java/lang/StringBuilder.java,append
d3288806-fa87-4d10-9f78-e7589046cffc,c2ffa4e6-f533-4bd6-9609-568ae7c9a1d5,945dda5e-61c7-4fb8-8cb4-042810c5a6e5,->,d3288806-fa87-4d10-9f78-e7589046cffc,java/lang/StringBuilder.java,toString
d3288806-fa87-4d10-9f78-e7589046cffc,c2ffa4e6-f533-4bd6-9609-568ae7c9a1d5,945dda5e-61c7-4fb8-8cb4-042810c5a6e5,->,d3288806-fa87-4d10-9f78-e7589046cffc,java/io/PrintStream.java,println
d3288806-fa87-4d10-9f78-e7589046cffc,c2ffa4e6-f533-4bd6-9609-568ae7c9a1d5,945dda5e-61c7-4fb8-8cb4-042810c5a6e5,->,d3288806-fa87-4d10-9f78-e7589046cffc,java/lang/StringBuilder.java,append
d3288806-fa87-4d10-9f78-e7589046cffc,c2ffa4e6-f533-4bd6-9609-568ae7c9a1d5,945dda5e-61c7-4fb8-8cb4-042810c5a6e5,->,d3288806-fa87-4d10-9f78-e7589046cffc,java/lang/StringBuilder.java,append
d3288806-fa87-4d10-9f78-e7589046cffc,c2ffa4e6-f533-4bd6-9609-568ae7c9a1d5,945dda5e-61c7-4fb8-8cb4-042810c5a6e5,->,d3288806-fa87-4d10-9f78-e7589046cffc,java/lang/StringBuilder.java,toString
d3288806-fa87-4d10-9f78-e7589046cffc,c2ffa4e6-f533-4bd6-9609-568ae7c9a1d5,945dda5e-61c7-4fb8-8cb4-042810c5a6e5,->,d3288806-fa87-4d10-9f78-e7589046cffc,java/lang/StringBuilder.java,append
d3288806-fa87-4d10-9f78-e7589046cffc,c2ffa4e6-f533-4bd6-9609-568ae7c9a1d5,945dda5e-61c7-4fb8-8cb4-042810c5a6e5,->,d3288806-fa87-4d10-9f78-e7589046cffc,java/lang/StringBuilder.java,append
d3288806-fa87-4d10-9f78-e7589046cffc,c2ffa4e6-f533-4bd6-9609-568ae7c9a1d5,945dda5e-61c7-4fb8-8cb4-042810c5a6e5,->,d3288806-fa87-4d10-9f78-e7589046cffc,java/lang/StringBuilder.java,append
d3288806-fa87-4d10-9f78-e7589046cffc,c2ffa4e6-f533-4bd6-9609-568ae7c9a1d5,945dda5e-61c7-4fb8-8cb4-042810c5a6e5,->,d3288806-fa87-4d10-9f78-e7589046cffc,java/lang/StringBuilder.java,toString
d3288806-fa87-4d10-9f78-e7589046cffc,c2ffa4e6-f533-4bd6-9609-568ae7c9a1d5,945dda5e-61c7-4fb8-8cb4-042810c5a6e5,->,d3288806-fa87-4d10-9f78-e7589046cffc,java/io/PrintStream.java,println
d3288806-fa87-4d10-9f78-e7589046cffc,c2ffa4e6-f533-4bd6-9609-568ae7c9a1d5,945dda5e-61c7-4fb8-8cb4-042810c5a6e5,->,d3288806-fa87-4d10-9f78-e7589046cffc,java/io/DataInputStream.java,readLine
d3288806-fa87-4d10-9f78-e7589046cffc,c2ffa4e6-f533-4bd6-9609-568ae7c9a1d5,945dda5e-61c7-4fb8-8cb4-042810c5a6e5,->,d3288806-fa87-4d10-9f78-e7589046cffc,java/lang/String.java,startsWith
d3288806-fa87-4d10-9f78-e7589046cffc,c2ffa4e6-f533-4bd6-9609-568ae7c9a1d5,945dda5e-61c7-4fb8-8cb4-042810c5a6e5,->,d3288806-fa87-4d10-9f78-e7589046cffc,java/lang/String.java,startsWith
d3288806-fa87-4d10-9f78-e7589046cffc,c2ffa4e6-f533-4bd6-9609-568ae7c9a1d5,945dda5e-61c7-4fb8-8cb4-042810c5a6e5,->,d3288806-fa87-4d10-9f78-e7589046cffc,java/lang/String.java,split
d3288806-fa87-4d10-9f78-e7589046cffc,c2ffa4e6-f533-4bd6-9609-568ae7c9a1d5,945dda5e-61c7-4fb8-8cb4-042810c5a6e5,->,d3288806-fa87-4d10-9f78-e7589046cffc,java/lang/String.java,trim
d3288806-fa87-4d10-9f78-e7589046cffc,c2ffa4e6-f533-4bd6-9609-568ae7c9a1d5,945dda5e-61c7-4fb8-8cb4-042810c5a6e5,->,d3288806-fa87-4d10-9f78-e7589046cffc,java/lang/String.java,isEmpty
d3288806-fa87-4d10-9f78-e7589046cffc,c2ffa4e6-f533-4bd6-9609-568ae7c9a1d5,945dda5e-61c7-4fb8-8cb4-042810c5a6e5,->,d3288806-fa87-4d10-9f78-e7589046cffc,java/lang/String.java,equals
d3288806-fa87-4d10-9f78-e7589046cffc,c2ffa4e6-f533-4bd6-9609-568ae7c9a1d5,945dda5e-61c7-4fb8-8cb4-042810c5a6e5,->,d3288806-fa87-4d10-9f78-e7589046cffc,java/lang/StringBuilder.java,append
d3288806-fa87-4d10-9f78-e7589046cffc,c2ffa4e6-f533-4bd6-9609-568ae7c9a1d5,945dda5e-61c7-4fb8-8cb4-042810c5a6e5,->,d3288806-fa87-4d10-9f78-e7589046cffc,java/lang/StringBuilder.java,append
d3288806-fa87-4d10-9f78-e7589046cffc,c2ffa4e6-f533-4bd6-9609-568ae7c9a1d5,945dda5e-61c7-4fb8-8cb4-042810c5a6e5,->,d3288806-fa87-4d10-9f78-e7589046cffc,java/lang/StringBuilder.java,append
d3288806-fa87-4d10-9f78-e7589046cffc,c2ffa4e6-f533-4bd6-9609-568ae7c9a1d5,945dda5e-61c7-4fb8-8cb4-042810c5a6e5,->,d3288806-fa87-4d10-9f78-e7589046cffc,java/lang/StringBuilder.java,append
d3288806-fa87-4d10-9f78-e7589046cffc,c2ffa4e6-f533-4bd6-9609-568ae7c9a1d5,945dda5e-61c7-4fb8-8cb4-042810c5a6e5,->,d3288806-fa87-4d10-9f78-e7589046cffc,java/lang/StringBuilder.java,toString
d3288806-fa87-4d10-9f78-e7589046cffc,c2ffa4e6-f533-4bd6-9609-568ae7c9a1d5,945dda5e-61c7-4fb8-8cb4-042810c5a6e5,->,d3288806-fa87-4d10-9f78-e7589046cffc,java/io/PrintStream.java,println
d3288806-fa87-4d10-9f78-e7589046cffc,c2ffa4e6-f533-4bd6-9609-568ae7c9a1d5,945dda5e-61c7-4fb8-8cb4-042810c5a6e5,->,d3288806-fa87-4d10-9f78-e7589046cffc,java/lang/StringBuilder.java,append
d3288806-fa87-4d10-9f78-e7589046cffc,c2ffa4e6-f533-4bd6-9609-568ae7c9a1d5,945dda5e-61c7-4fb8-8cb4-042810c5a6e5,->,d3288806-fa87-4d10-9f78-e7589046cffc,java/lang/StringBuilder.java,append
d3288806-fa87-4d10-9f78-e7589046cffc,c2ffa4e6-f533-4bd6-9609-568ae7c9a1d5,945dda5e-61c7-4fb8-8cb4-042810c5a6e5,->,d3288806-fa87-4d10-9f78-e7589046cffc,java/lang/StringBuilder.java,append
d3288806-fa87-4d10-9f78-e7589046cffc,c2ffa4e6-f533-4bd6-9609-568ae7c9a1d5,945dda5e-61c7-4fb8-8cb4-042810c5a6e5,->,d3288806-fa87-4d10-9f78-e7589046cffc,java/lang/StringBuilder.java,append
d3288806-fa87-4d10-9f78-e7589046cffc,c2ffa4e6-f533-4bd6-9609-568ae7c9a1d5,945dda5e-61c7-4fb8-8cb4-042810c5a6e5,->,d3288806-fa87-4d10-9f78-e7589046cffc,java/lang/StringBuilder.java,toString
d3288806-fa87-4d10-9f78-e7589046cffc,c2ffa4e6-f533-4bd6-9609-568ae7c9a1d5,945dda5e-61c7-4fb8-8cb4-042810c5a6e5,->,d3288806-fa87-4d10-9f78-e7589046cffc,java/io/PrintStream.java,println
d3288806-fa87-4d10-9f78-e7589046cffc,c2ffa4e6-f533-4bd6-9609-568ae7c9a1d5,945dda5e-61c7-4fb8-8cb4-042810c5a6e5,->,d3288806-fa87-4d10-9f78-e7589046cffc,java/lang/StringBuilder.java,append
d3288806-fa87-4d10-9f78-e7589046cffc,c2ffa4e6-f533-4bd6-9609-568ae7c9a1d5,945dda5e-61c7-4fb8-8cb4-042810c5a6e5,->,d3288806-fa87-4d10-9f78-e7589046cffc,java/lang/StringBuilder.java,append
d3288806-fa87-4d10-9f78-e7589046cffc,c2ffa4e6-f533-4bd6-9609-568ae7c9a1d5,945dda5e-61c7-4fb8-8cb4-042810c5a6e5,->,d3288806-fa87-4d10-9f78-e7589046cffc,java/lang/StringBuilder.java,append
d3288806-fa87-4d10-9f78-e7589046cffc,c2ffa4e6-f533-4bd6-9609-568ae7c9a1d5,945dda5e-61c7-4fb8-8cb4-042810c5a6e5,->,d3288806-fa87-4d10-9f78-e7589046cffc,java/lang/StringBuilder.java,append
d3288806-fa87-4d10-9f78-e7589046cffc,c2ffa4e6-f533-4bd6-9609-568ae7c9a1d5,945dda5e-61c7-4fb8-8cb4-042810c5a6e5,->,d3288806-fa87-4d10-9f78-e7589046cffc,java/lang/StringBuilder.java,toString
d3288806-fa87-4d10-9f78-e7589046cffc,c2ffa4e6-f533-4bd6-9609-568ae7c9a1d5,945dda5e-61c7-4fb8-8cb4-042810c5a6e5,->,d3288806-fa87-4d10-9f78-e7589046cffc,java/io/PrintStream.java,println
d3288806-fa87-4d10-9f78-e7589046cffc,c2ffa4e6-f533-4bd6-9609-568ae7c9a1d5,945dda5e-61c7-4fb8-8cb4-042810c5a6e5,->,d3288806-fa87-4d10-9f78-e7589046cffc,9abe8160-f198-4326-ae1d-72c262101281,6039fd28-4d06-427a-a97e-30a11bfda004
d3288806-fa87-4d10-9f78-e7589046cffc,c2ffa4e6-f533-4bd6-9609-568ae7c9a1d5,945dda5e-61c7-4fb8-8cb4-042810c5a6e5,->,d3288806-fa87-4d10-9f78-e7589046cffc,java/lang/StringBuilder.java,append
d3288806-fa87-4d10-9f78-e7589046cffc,c2ffa4e6-f533-4bd6-9609-568ae7c9a1d5,945dda5e-61c7-4fb8-8cb4-042810c5a6e5,->,d3288806-fa87-4d10-9f78-e7589046cffc,java/lang/StringBuilder.java,append
d3288806-fa87-4d10-9f78-e7589046cffc,c2ffa4e6-f533-4bd6-9609-568ae7c9a1d5,945dda5e-61c7-4fb8-8cb4-042810c5a6e5,->,d3288806-fa87-4d10-9f78-e7589046cffc,java/lang/StringBuilder.java,append
d3288806-fa87-4d10-9f78-e7589046cffc,c2ffa4e6-f533-4bd6-9609-568ae7c9a1d5,945dda5e-61c7-4fb8-8cb4-042810c5a6e5,->,d3288806-fa87-4d10-9f78-e7589046cffc,java/lang/StringBuilder.java,append
d3288806-fa87-4d10-9f78-e7589046cffc,c2ffa4e6-f533-4bd6-9609-568ae7c9a1d5,945dda5e-61c7-4fb8-8cb4-042810c5a6e5,->,d3288806-fa87-4d10-9f78-e7589046cffc,java/lang/StringBuilder.java,append
d3288806-fa87-4d10-9f78-e7589046cffc,c2ffa4e6-f533-4bd6-9609-568ae7c9a1d5,945dda5e-61c7-4fb8-8cb4-042810c5a6e5,->,d3288806-fa87-4d10-9f78-e7589046cffc,java/lang/StringBuilder.java,toString
d3288806-fa87-4d10-9f78-e7589046cffc,c2ffa4e6-f533-4bd6-9609-568ae7c9a1d5,945dda5e-61c7-4fb8-8cb4-042810c5a6e5,->,d3288806-fa87-4d10-9f78-e7589046cffc,java/io/PrintStream.java,println
d3288806-fa87-4d10-9f78-e7589046cffc,c2ffa4e6-f533-4bd6-9609-568ae7c9a1d5,945dda5e-61c7-4fb8-8cb4-042810c5a6e5,->,d3288806-fa87-4d10-9f78-e7589046cffc,java/io/PrintStream.java,println
d3288806-fa87-4d10-9f78-e7589046cffc,c2ffa4e6-f533-4bd6-9609-568ae7c9a1d5,945dda5e-61c7-4fb8-8cb4-042810c5a6e5,->,d3288806-fa87-4d10-9f78-e7589046cffc,java/lang/StringBuilder.java,append
d3288806-fa87-4d10-9f78-e7589046cffc,c2ffa4e6-f533-4bd6-9609-568ae7c9a1d5,945dda5e-61c7-4fb8-8cb4-042810c5a6e5,->,d3288806-fa87-4d10-9f78-e7589046cffc,java/lang/StringBuilder.java,append
d3288806-fa87-4d10-9f78-e7589046cffc,c2ffa4e6-f533-4bd6-9609-568ae7c9a1d5,945dda5e-61c7-4fb8-8cb4-042810c5a6e5,->,d3288806-fa87-4d10-9f78-e7589046cffc,java/lang/StringBuilder.java,append
d3288806-fa87-4d10-9f78-e7589046cffc,c2ffa4e6-f533-4bd6-9609-568ae7c9a1d5,945dda5e-61c7-4fb8-8cb4-042810c5a6e5,->,d3288806-fa87-4d10-9f78-e7589046cffc,java/lang/StringBuilder.java,toString
d3288806-fa87-4d10-9f78-e7589046cffc,c2ffa4e6-f533-4bd6-9609-568ae7c9a1d5,945dda5e-61c7-4fb8-8cb4-042810c5a6e5,->,d3288806-fa87-4d10-9f78-e7589046cffc,java/io/PrintStream.java,println
d3288806-fa87-4d10-9f78-e7589046cffc,c2ffa4e6-f533-4bd6-9609-568ae7c9a1d5,945dda5e-61c7-4fb8-8cb4-042810c5a6e5,->,d3288806-fa87-4d10-9f78-e7589046cffc,java/lang/StringBuilder.java,append
d3288806-fa87-4d10-9f78-e7589046cffc,c2ffa4e6-f533-4bd6-9609-568ae7c9a1d5,945dda5e-61c7-4fb8-8cb4-042810c5a6e5,->,d3288806-fa87-4d10-9f78-e7589046cffc,java/lang/StringBuilder.java,append
d3288806-fa87-4d10-9f78-e7589046cffc,c2ffa4e6-f533-4bd6-9609-568ae7c9a1d5,945dda5e-61c7-4fb8-8cb4-042810c5a6e5,->,d3288806-fa87-4d10-9f78-e7589046cffc,java/lang/StringBuilder.java,append
d3288806-fa87-4d10-9f78-e7589046cffc,c2ffa4e6-f533-4bd6-9609-568ae7c9a1d5,945dda5e-61c7-4fb8-8cb4-042810c5a6e5,->,d3288806-fa87-4d10-9f78-e7589046cffc,java/lang/StringBuilder.java,toString
d3288806-fa87-4d10-9f78-e7589046cffc,c2ffa4e6-f533-4bd6-9609-568ae7c9a1d5,945dda5e-61c7-4fb8-8cb4-042810c5a6e5,->,d3288806-fa87-4d10-9f78-e7589046cffc,java/io/PrintStream.java,println
d3288806-fa87-4d10-9f78-e7589046cffc,c2ffa4e6-f533-4bd6-9609-568ae7c9a1d5,945dda5e-61c7-4fb8-8cb4-042810c5a6e5,->,d3288806-fa87-4d10-9f78-e7589046cffc,java/io/DataInputStream.java,close
d3288806-fa87-4d10-9f78-e7589046cffc,c2ffa4e6-f533-4bd6-9609-568ae7c9a1d5,945dda5e-61c7-4fb8-8cb4-042810c5a6e5,->,d3288806-fa87-4d10-9f78-e7589046cffc,java/io/PrintStream.java,close
d3288806-fa87-4d10-9f78-e7589046cffc,c2ffa4e6-f533-4bd6-9609-568ae7c9a1d5,945dda5e-61c7-4fb8-8cb4-042810c5a6e5,->,d3288806-fa87-4d10-9f78-e7589046cffc,java/net/Socket.java,close
d3288806-fa87-4d10-9f78-e7589046cffc,cc0c45e8-feaf-4855-80cc-5dcbf8f4b56d,ad9a0798-59b1-4194-89b1-c6bd234a90d1,->,d3288806-fa87-4d10-9f78-e7589046cffc,java/net/Socket.java,getOutputStream
d3288806-fa87-4d10-9f78-e7589046cffc,cc0c45e8-feaf-4855-80cc-5dcbf8f4b56d,ad9a0798-59b1-4194-89b1-c6bd234a90d1,->,d3288806-fa87-4d10-9f78-e7589046cffc,java/net/Socket.java,getInputStream
d3288806-fa87-4d10-9f78-e7589046cffc,cc0c45e8-feaf-4855-80cc-5dcbf8f4b56d,ad9a0798-59b1-4194-89b1-c6bd234a90d1,->,d3288806-fa87-4d10-9f78-e7589046cffc,java/lang/StringBuilder.java,append
d3288806-fa87-4d10-9f78-e7589046cffc,cc0c45e8-feaf-4855-80cc-5dcbf8f4b56d,ad9a0798-59b1-4194-89b1-c6bd234a90d1,->,d3288806-fa87-4d10-9f78-e7589046cffc,java/lang/StringBuilder.java,append
d3288806-fa87-4d10-9f78-e7589046cffc,cc0c45e8-feaf-4855-80cc-5dcbf8f4b56d,ad9a0798-59b1-4194-89b1-c6bd234a90d1,->,d3288806-fa87-4d10-9f78-e7589046cffc,java/lang/StringBuilder.java,toString
d3288806-fa87-4d10-9f78-e7589046cffc,cc0c45e8-feaf-4855-80cc-5dcbf8f4b56d,ad9a0798-59b1-4194-89b1-c6bd234a90d1,->,d3288806-fa87-4d10-9f78-e7589046cffc,java/io/PrintStream.java,println
d3288806-fa87-4d10-9f78-e7589046cffc,cc0c45e8-feaf-4855-80cc-5dcbf8f4b56d,ad9a0798-59b1-4194-89b1-c6bd234a90d1,->,d3288806-fa87-4d10-9f78-e7589046cffc,java/lang/StringBuilder.java,append
d3288806-fa87-4d10-9f78-e7589046cffc,cc0c45e8-feaf-4855-80cc-5dcbf8f4b56d,ad9a0798-59b1-4194-89b1-c6bd234a90d1,->,d3288806-fa87-4d10-9f78-e7589046cffc,java/lang/StringBuilder.java,append
d3288806-fa87-4d10-9f78-e7589046cffc,cc0c45e8-feaf-4855-80cc-5dcbf8f4b56d,ad9a0798-59b1-4194-89b1-c6bd234a90d1,->,d3288806-fa87-4d10-9f78-e7589046cffc,java/lang/StringBuilder.java,toString
d3288806-fa87-4d10-9f78-e7589046cffc,cc0c45e8-feaf-4855-80cc-5dcbf8f4b56d,ad9a0798-59b1-4194-89b1-c6bd234a90d1,->,d3288806-fa87-4d10-9f78-e7589046cffc,java/io/PrintStream.java,println
d3288806-fa87-4d10-9f78-e7589046cffc,cc0c45e8-feaf-4855-80cc-5dcbf8f4b56d,ad9a0798-59b1-4194-89b1-c6bd234a90d1,->,d3288806-fa87-4d10-9f78-e7589046cffc,java/lang/Thread.java,start
d3288806-fa87-4d10-9f78-e7589046cffc,cc0c45e8-feaf-4855-80cc-5dcbf8f4b56d,ad9a0798-59b1-4194-89b1-c6bd234a90d1,->,d3288806-fa87-4d10-9f78-e7589046cffc,java/io/BufferedReader.java,readLine
d3288806-fa87-4d10-9f78-e7589046cffc,cc0c45e8-feaf-4855-80cc-5dcbf8f4b56d,ad9a0798-59b1-4194-89b1-c6bd234a90d1,->,d3288806-fa87-4d10-9f78-e7589046cffc,java/lang/String.java,trim
d3288806-fa87-4d10-9f78-e7589046cffc,cc0c45e8-feaf-4855-80cc-5dcbf8f4b56d,ad9a0798-59b1-4194-89b1-c6bd234a90d1,->,d3288806-fa87-4d10-9f78-e7589046cffc,java/io/PrintStream.java,println
d3288806-fa87-4d10-9f78-e7589046cffc,cc0c45e8-feaf-4855-80cc-5dcbf8f4b56d,ad9a0798-59b1-4194-89b1-c6bd234a90d1,->,d3288806-fa87-4d10-9f78-e7589046cffc,java/io/PrintStream.java,close
d3288806-fa87-4d10-9f78-e7589046cffc,cc0c45e8-feaf-4855-80cc-5dcbf8f4b56d,ad9a0798-59b1-4194-89b1-c6bd234a90d1,->,d3288806-fa87-4d10-9f78-e7589046cffc,java/io/DataInputStream.java,close
d3288806-fa87-4d10-9f78-e7589046cffc,cc0c45e8-feaf-4855-80cc-5dcbf8f4b56d,ad9a0798-59b1-4194-89b1-c6bd234a90d1,->,d3288806-fa87-4d10-9f78-e7589046cffc,java/net/Socket.java,close
d3288806-fa87-4d10-9f78-e7589046cffc,cc0c45e8-feaf-4855-80cc-5dcbf8f4b56d,ad9a0798-59b1-4194-89b1-c6bd234a90d1,->,d3288806-fa87-4d10-9f78-e7589046cffc,java/lang/StringBuilder.java,append
d3288806-fa87-4d10-9f78-e7589046cffc,cc0c45e8-feaf-4855-80cc-5dcbf8f4b56d,ad9a0798-59b1-4194-89b1-c6bd234a90d1,->,d3288806-fa87-4d10-9f78-e7589046cffc,java/lang/StringBuilder.java,append
d3288806-fa87-4d10-9f78-e7589046cffc,cc0c45e8-feaf-4855-80cc-5dcbf8f4b56d,ad9a0798-59b1-4194-89b1-c6bd234a90d1,->,d3288806-fa87-4d10-9f78-e7589046cffc,java/lang/StringBuilder.java,toString
d3288806-fa87-4d10-9f78-e7589046cffc,cc0c45e8-feaf-4855-80cc-5dcbf8f4b56d,ad9a0798-59b1-4194-89b1-c6bd234a90d1,->,d3288806-fa87-4d10-9f78-e7589046cffc,java/io/PrintStream.java,println
d3288806-fa87-4d10-9f78-e7589046cffc,cc0c45e8-feaf-4855-80cc-5dcbf8f4b56d,2a604b22-35e1-4d5e-a2c6-ccbc1416521e,->,d3288806-fa87-4d10-9f78-e7589046cffc,java/io/DataInputStream.java,readLine
d3288806-fa87-4d10-9f78-e7589046cffc,cc0c45e8-feaf-4855-80cc-5dcbf8f4b56d,2a604b22-35e1-4d5e-a2c6-ccbc1416521e,->,d3288806-fa87-4d10-9f78-e7589046cffc,java/io/PrintStream.java,println
d3288806-fa87-4d10-9f78-e7589046cffc,cc0c45e8-feaf-4855-80cc-5dcbf8f4b56d,2a604b22-35e1-4d5e-a2c6-ccbc1416521e,->,d3288806-fa87-4d10-9f78-e7589046cffc,java/lang/String.java,indexOf
d3288806-fa87-4d10-9f78-e7589046cffc,cc0c45e8-feaf-4855-80cc-5dcbf8f4b56d,2a604b22-35e1-4d5e-a2c6-ccbc1416521e,->,d3288806-fa87-4d10-9f78-e7589046cffc,java/lang/StringBuilder.java,append
d3288806-fa87-4d10-9f78-e7589046cffc,cc0c45e8-feaf-4855-80cc-5dcbf8f4b56d,2a604b22-35e1-4d5e-a2c6-ccbc1416521e,->,d3288806-fa87-4d10-9f78-e7589046cffc,java/lang/StringBuilder.java,append
d3288806-fa87-4d10-9f78-e7589046cffc,cc0c45e8-feaf-4855-80cc-5dcbf8f4b56d,2a604b22-35e1-4d5e-a2c6-ccbc1416521e,->,d3288806-fa87-4d10-9f78-e7589046cffc,java/lang/StringBuilder.java,toString
d3288806-fa87-4d10-9f78-e7589046cffc,cc0c45e8-feaf-4855-80cc-5dcbf8f4b56d,2a604b22-35e1-4d5e-a2c6-ccbc1416521e,->,d3288806-fa87-4d10-9f78-e7589046cffc,java/io/PrintStream.java,println
