caller_project_id,caller_class_id,caller_method_id,CALL_DIRECTION,callee_project_id,callee_class_id,callee_method_id
d45cede6-0c21-49a3-8643-c26d35a00a73,27213de7-f051-4239-9e87-47cf370956de,43c13801-68b0-48cd-9672-294e752d5c6c,->,d45cede6-0c21-49a3-8643-c26d35a00a73,bab4eebc-dec3-48f0-ad61-d6b4fcf4cbfa,0f5eeeec-24fc-4422-90ce-302f221967e3
d45cede6-0c21-49a3-8643-c26d35a00a73,27213de7-f051-4239-9e87-47cf370956de,43c13801-68b0-48cd-9672-294e752d5c6c,->,d45cede6-0c21-49a3-8643-c26d35a00a73,handwrittengui/TableGUI.java,setBackground
d45cede6-0c21-49a3-8643-c26d35a00a73,27213de7-f051-4239-9e87-47cf370956de,43c13801-68b0-48cd-9672-294e752d5c6c,->,d45cede6-0c21-49a3-8643-c26d35a00a73,handwrittengui/TableGUI.java,setBackground
d45cede6-0c21-49a3-8643-c26d35a00a73,27213de7-f051-4239-9e87-47cf370956de,43c13801-68b0-48cd-9672-294e752d5c6c,->,d45cede6-0c21-49a3-8643-c26d35a00a73,bab4eebc-dec3-48f0-ad61-d6b4fcf4cbfa,9c56f1ab-daf7-4c7e-8528-90f7e2d800b5
d45cede6-0c21-49a3-8643-c26d35a00a73,27213de7-f051-4239-9e87-47cf370956de,43c13801-68b0-48cd-9672-294e752d5c6c,->,d45cede6-0c21-49a3-8643-c26d35a00a73,27213de7-f051-4239-9e87-47cf370956de,c66a4f4b-475e-46cb-ac65-7b2f7a279197
d45cede6-0c21-49a3-8643-c26d35a00a73,27213de7-f051-4239-9e87-47cf370956de,43c13801-68b0-48cd-9672-294e752d5c6c,->,d45cede6-0c21-49a3-8643-c26d35a00a73,handwrittengui/TableGUI.java,setBorder
d45cede6-0c21-49a3-8643-c26d35a00a73,27213de7-f051-4239-9e87-47cf370956de,43c13801-68b0-48cd-9672-294e752d5c6c,->,d45cede6-0c21-49a3-8643-c26d35a00a73,handwrittengui/TableGUI.java,setLayout
d45cede6-0c21-49a3-8643-c26d35a00a73,27213de7-f051-4239-9e87-47cf370956de,43c13801-68b0-48cd-9672-294e752d5c6c,->,d45cede6-0c21-49a3-8643-c26d35a00a73,javax/swing/GroupLayout.java,createSequentialGroup
d45cede6-0c21-49a3-8643-c26d35a00a73,27213de7-f051-4239-9e87-47cf370956de,43c13801-68b0-48cd-9672-294e752d5c6c,->,d45cede6-0c21-49a3-8643-c26d35a00a73,javax/swing/GroupLayout$SequentialGroup.java,addComponent
d45cede6-0c21-49a3-8643-c26d35a00a73,27213de7-f051-4239-9e87-47cf370956de,43c13801-68b0-48cd-9672-294e752d5c6c,->,d45cede6-0c21-49a3-8643-c26d35a00a73,javax/swing/GroupLayout.java,setHorizontalGroup
d45cede6-0c21-49a3-8643-c26d35a00a73,27213de7-f051-4239-9e87-47cf370956de,43c13801-68b0-48cd-9672-294e752d5c6c,->,d45cede6-0c21-49a3-8643-c26d35a00a73,javax/swing/GroupLayout.java,createParallelGroup
d45cede6-0c21-49a3-8643-c26d35a00a73,27213de7-f051-4239-9e87-47cf370956de,43c13801-68b0-48cd-9672-294e752d5c6c,->,d45cede6-0c21-49a3-8643-c26d35a00a73,javax/swing/GroupLayout$ParallelGroup.java,addComponent
d45cede6-0c21-49a3-8643-c26d35a00a73,27213de7-f051-4239-9e87-47cf370956de,43c13801-68b0-48cd-9672-294e752d5c6c,->,d45cede6-0c21-49a3-8643-c26d35a00a73,javax/swing/GroupLayout.java,setVerticalGroup
d45cede6-0c21-49a3-8643-c26d35a00a73,27213de7-f051-4239-9e87-47cf370956de,9f815e45-f1a9-48f0-afbf-3966ea005800,->,d45cede6-0c21-49a3-8643-c26d35a00a73,javax/swing/JPopupMenu.java,setLocation
d45cede6-0c21-49a3-8643-c26d35a00a73,27213de7-f051-4239-9e87-47cf370956de,9f815e45-f1a9-48f0-afbf-3966ea005800,->,d45cede6-0c21-49a3-8643-c26d35a00a73,handwrittengui/TableGUI.java,add
d45cede6-0c21-49a3-8643-c26d35a00a73,27213de7-f051-4239-9e87-47cf370956de,9f815e45-f1a9-48f0-afbf-3966ea005800,->,d45cede6-0c21-49a3-8643-c26d35a00a73,javax/swing/JPopupMenu.java,setVisible
d45cede6-0c21-49a3-8643-c26d35a00a73,27213de7-f051-4239-9e87-47cf370956de,9f815e45-f1a9-48f0-afbf-3966ea005800,->,d45cede6-0c21-49a3-8643-c26d35a00a73,javax/swing/JPopupMenu.java,setRequestFocusEnabled
d45cede6-0c21-49a3-8643-c26d35a00a73,27213de7-f051-4239-9e87-47cf370956de,8cd0bf3e-63d4-4a44-9971-ed8b16b200f4,->,d45cede6-0c21-49a3-8643-c26d35a00a73,javax/swing/JPopupMenu.java,add
d45cede6-0c21-49a3-8643-c26d35a00a73,27213de7-f051-4239-9e87-47cf370956de,8cd0bf3e-63d4-4a44-9971-ed8b16b200f4,->,d45cede6-0c21-49a3-8643-c26d35a00a73,javax/swing/JPopupMenu.java,add
d45cede6-0c21-49a3-8643-c26d35a00a73,27213de7-f051-4239-9e87-47cf370956de,8cd0bf3e-63d4-4a44-9971-ed8b16b200f4,->,d45cede6-0c21-49a3-8643-c26d35a00a73,27213de7-f051-4239-9e87-47cf370956de,792f7cd6-7f49-4744-9092-54733cf5d9c2
d45cede6-0c21-49a3-8643-c26d35a00a73,27213de7-f051-4239-9e87-47cf370956de,8cd0bf3e-63d4-4a44-9971-ed8b16b200f4,->,d45cede6-0c21-49a3-8643-c26d35a00a73,27213de7-f051-4239-9e87-47cf370956de,b9d333ff-1f06-4515-ac91-3a9b3ce3ad0d
d45cede6-0c21-49a3-8643-c26d35a00a73,27213de7-f051-4239-9e87-47cf370956de,b9d333ff-1f06-4515-ac91-3a9b3ce3ad0d,->,d45cede6-0c21-49a3-8643-c26d35a00a73,javax/swing/JMenuItem.java,addMouseListener
d45cede6-0c21-49a3-8643-c26d35a00a73,27213de7-f051-4239-9e87-47cf370956de,792f7cd6-7f49-4744-9092-54733cf5d9c2,->,d45cede6-0c21-49a3-8643-c26d35a00a73,javax/swing/JMenuItem.java,addMouseListener
d45cede6-0c21-49a3-8643-c26d35a00a73,27213de7-f051-4239-9e87-47cf370956de,c66a4f4b-475e-46cb-ac65-7b2f7a279197,->,d45cede6-0c21-49a3-8643-c26d35a00a73,javax/swing/JLabel.java,addMouseListener
d45cede6-0c21-49a3-8643-c26d35a00a73,handwrittengui/TableGUI.java,access$400,->,d45cede6-0c21-49a3-8643-c26d35a00a73,27213de7-f051-4239-9e87-47cf370956de,9f815e45-f1a9-48f0-afbf-3966ea005800
d45cede6-0c21-49a3-8643-c26d35a00a73,handwrittengui/TableWatcher$2.java,actionPerformed,->,d45cede6-0c21-49a3-8643-c26d35a00a73,handwrittengui/TableWatcher.java,access$000
d45cede6-0c21-49a3-8643-c26d35a00a73,handwrittengui/Greeter$3.java,mouseClicked,->,d45cede6-0c21-49a3-8643-c26d35a00a73,handwrittengui/Greeter.java,access$200
d45cede6-0c21-49a3-8643-c26d35a00a73,6b90a6c5-1ca5-4cb8-acc3-398ab5feed53,e9070729-9b2d-417b-be47-925f85127229,->,d45cede6-0c21-49a3-8643-c26d35a00a73,java/util/ArrayList.java,add
d45cede6-0c21-49a3-8643-c26d35a00a73,6b90a6c5-1ca5-4cb8-acc3-398ab5feed53,a3410de4-f9d0-48fc-b719-66a4220a7143,->,d45cede6-0c21-49a3-8643-c26d35a00a73,bab4eebc-dec3-48f0-ad61-d6b4fcf4cbfa,b489d052-4001-4dea-a67c-47fc28da56b3
d45cede6-0c21-49a3-8643-c26d35a00a73,6b90a6c5-1ca5-4cb8-acc3-398ab5feed53,a3410de4-f9d0-48fc-b719-66a4220a7143,->,d45cede6-0c21-49a3-8643-c26d35a00a73,java/lang/String.java,split
d45cede6-0c21-49a3-8643-c26d35a00a73,6b90a6c5-1ca5-4cb8-acc3-398ab5feed53,a3410de4-f9d0-48fc-b719-66a4220a7143,->,d45cede6-0c21-49a3-8643-c26d35a00a73,java/lang/Integer.java,parseInt
d45cede6-0c21-49a3-8643-c26d35a00a73,6b90a6c5-1ca5-4cb8-acc3-398ab5feed53,a3410de4-f9d0-48fc-b719-66a4220a7143,->,d45cede6-0c21-49a3-8643-c26d35a00a73,java/lang/String.java,split
d45cede6-0c21-49a3-8643-c26d35a00a73,6b90a6c5-1ca5-4cb8-acc3-398ab5feed53,a3410de4-f9d0-48fc-b719-66a4220a7143,->,d45cede6-0c21-49a3-8643-c26d35a00a73,java/lang/Integer.java,parseInt
d45cede6-0c21-49a3-8643-c26d35a00a73,6b90a6c5-1ca5-4cb8-acc3-398ab5feed53,a3410de4-f9d0-48fc-b719-66a4220a7143,->,d45cede6-0c21-49a3-8643-c26d35a00a73,bab4eebc-dec3-48f0-ad61-d6b4fcf4cbfa,b489d052-4001-4dea-a67c-47fc28da56b3
d45cede6-0c21-49a3-8643-c26d35a00a73,6b90a6c5-1ca5-4cb8-acc3-398ab5feed53,a3410de4-f9d0-48fc-b719-66a4220a7143,->,d45cede6-0c21-49a3-8643-c26d35a00a73,java/lang/String.java,split
d45cede6-0c21-49a3-8643-c26d35a00a73,6b90a6c5-1ca5-4cb8-acc3-398ab5feed53,a3410de4-f9d0-48fc-b719-66a4220a7143,->,d45cede6-0c21-49a3-8643-c26d35a00a73,java/lang/Integer.java,parseInt
d45cede6-0c21-49a3-8643-c26d35a00a73,6b90a6c5-1ca5-4cb8-acc3-398ab5feed53,a3410de4-f9d0-48fc-b719-66a4220a7143,->,d45cede6-0c21-49a3-8643-c26d35a00a73,java/lang/String.java,split
d45cede6-0c21-49a3-8643-c26d35a00a73,6b90a6c5-1ca5-4cb8-acc3-398ab5feed53,a3410de4-f9d0-48fc-b719-66a4220a7143,->,d45cede6-0c21-49a3-8643-c26d35a00a73,java/lang/Integer.java,parseInt
d45cede6-0c21-49a3-8643-c26d35a00a73,6b90a6c5-1ca5-4cb8-acc3-398ab5feed53,99cfef45-412f-40b5-9332-c18c37532671,->,d45cede6-0c21-49a3-8643-c26d35a00a73,6b90a6c5-1ca5-4cb8-acc3-398ab5feed53,b079c600-6cfa-4640-8dd7-d440882b0394
d45cede6-0c21-49a3-8643-c26d35a00a73,6b90a6c5-1ca5-4cb8-acc3-398ab5feed53,99cfef45-412f-40b5-9332-c18c37532671,->,d45cede6-0c21-49a3-8643-c26d35a00a73,java/util/ArrayList.java,get
d45cede6-0c21-49a3-8643-c26d35a00a73,6b90a6c5-1ca5-4cb8-acc3-398ab5feed53,99cfef45-412f-40b5-9332-c18c37532671,->,d45cede6-0c21-49a3-8643-c26d35a00a73,java/lang/Integer.java,intValue
d45cede6-0c21-49a3-8643-c26d35a00a73,6b90a6c5-1ca5-4cb8-acc3-398ab5feed53,99cfef45-412f-40b5-9332-c18c37532671,->,d45cede6-0c21-49a3-8643-c26d35a00a73,bab4eebc-dec3-48f0-ad61-d6b4fcf4cbfa,32b1efba-489b-4398-b827-8daa082cab49
d45cede6-0c21-49a3-8643-c26d35a00a73,6b90a6c5-1ca5-4cb8-acc3-398ab5feed53,99cfef45-412f-40b5-9332-c18c37532671,->,d45cede6-0c21-49a3-8643-c26d35a00a73,java/util/ArrayList.java,size
d45cede6-0c21-49a3-8643-c26d35a00a73,6b90a6c5-1ca5-4cb8-acc3-398ab5feed53,99cfef45-412f-40b5-9332-c18c37532671,->,d45cede6-0c21-49a3-8643-c26d35a00a73,java/util/ArrayList.java,size
d45cede6-0c21-49a3-8643-c26d35a00a73,6b90a6c5-1ca5-4cb8-acc3-398ab5feed53,99cfef45-412f-40b5-9332-c18c37532671,->,d45cede6-0c21-49a3-8643-c26d35a00a73,java/util/ArrayList.java,get
d45cede6-0c21-49a3-8643-c26d35a00a73,6b90a6c5-1ca5-4cb8-acc3-398ab5feed53,99cfef45-412f-40b5-9332-c18c37532671,->,d45cede6-0c21-49a3-8643-c26d35a00a73,java/lang/Integer.java,intValue
d45cede6-0c21-49a3-8643-c26d35a00a73,6b90a6c5-1ca5-4cb8-acc3-398ab5feed53,99cfef45-412f-40b5-9332-c18c37532671,->,d45cede6-0c21-49a3-8643-c26d35a00a73,bab4eebc-dec3-48f0-ad61-d6b4fcf4cbfa,32b1efba-489b-4398-b827-8daa082cab49
d45cede6-0c21-49a3-8643-c26d35a00a73,6b90a6c5-1ca5-4cb8-acc3-398ab5feed53,99cfef45-412f-40b5-9332-c18c37532671,->,d45cede6-0c21-49a3-8643-c26d35a00a73,java/util/ArrayList.java,size
d45cede6-0c21-49a3-8643-c26d35a00a73,6b90a6c5-1ca5-4cb8-acc3-398ab5feed53,99cfef45-412f-40b5-9332-c18c37532671,->,d45cede6-0c21-49a3-8643-c26d35a00a73,java/util/ArrayList.java,add
d45cede6-0c21-49a3-8643-c26d35a00a73,6b90a6c5-1ca5-4cb8-acc3-398ab5feed53,99cfef45-412f-40b5-9332-c18c37532671,->,d45cede6-0c21-49a3-8643-c26d35a00a73,java/util/ArrayList.java,add
d45cede6-0c21-49a3-8643-c26d35a00a73,6b90a6c5-1ca5-4cb8-acc3-398ab5feed53,99cfef45-412f-40b5-9332-c18c37532671,->,d45cede6-0c21-49a3-8643-c26d35a00a73,java/util/ArrayList.java,add
d45cede6-0c21-49a3-8643-c26d35a00a73,6b90a6c5-1ca5-4cb8-acc3-398ab5feed53,99cfef45-412f-40b5-9332-c18c37532671,->,d45cede6-0c21-49a3-8643-c26d35a00a73,java/util/ArrayList.java,isEmpty
d45cede6-0c21-49a3-8643-c26d35a00a73,6b90a6c5-1ca5-4cb8-acc3-398ab5feed53,99cfef45-412f-40b5-9332-c18c37532671,->,d45cede6-0c21-49a3-8643-c26d35a00a73,java/util/ArrayList.java,add
d45cede6-0c21-49a3-8643-c26d35a00a73,6b90a6c5-1ca5-4cb8-acc3-398ab5feed53,b079c600-6cfa-4640-8dd7-d440882b0394,->,d45cede6-0c21-49a3-8643-c26d35a00a73,java/util/ArrayList.java,size
d45cede6-0c21-49a3-8643-c26d35a00a73,6b90a6c5-1ca5-4cb8-acc3-398ab5feed53,b079c600-6cfa-4640-8dd7-d440882b0394,->,d45cede6-0c21-49a3-8643-c26d35a00a73,bab4eebc-dec3-48f0-ad61-d6b4fcf4cbfa,32b1efba-489b-4398-b827-8daa082cab49
d45cede6-0c21-49a3-8643-c26d35a00a73,6b90a6c5-1ca5-4cb8-acc3-398ab5feed53,b079c600-6cfa-4640-8dd7-d440882b0394,->,d45cede6-0c21-49a3-8643-c26d35a00a73,java/util/ArrayList.java,size
d45cede6-0c21-49a3-8643-c26d35a00a73,6b90a6c5-1ca5-4cb8-acc3-398ab5feed53,b079c600-6cfa-4640-8dd7-d440882b0394,->,d45cede6-0c21-49a3-8643-c26d35a00a73,java/lang/Integer.java,valueOf
d45cede6-0c21-49a3-8643-c26d35a00a73,6b90a6c5-1ca5-4cb8-acc3-398ab5feed53,b079c600-6cfa-4640-8dd7-d440882b0394,->,d45cede6-0c21-49a3-8643-c26d35a00a73,java/util/ArrayList.java,contains
d45cede6-0c21-49a3-8643-c26d35a00a73,6b90a6c5-1ca5-4cb8-acc3-398ab5feed53,b079c600-6cfa-4640-8dd7-d440882b0394,->,d45cede6-0c21-49a3-8643-c26d35a00a73,bab4eebc-dec3-48f0-ad61-d6b4fcf4cbfa,32b1efba-489b-4398-b827-8daa082cab49
d45cede6-0c21-49a3-8643-c26d35a00a73,6b90a6c5-1ca5-4cb8-acc3-398ab5feed53,b079c600-6cfa-4640-8dd7-d440882b0394,->,d45cede6-0c21-49a3-8643-c26d35a00a73,java/util/ArrayList.java,size
d45cede6-0c21-49a3-8643-c26d35a00a73,6b90a6c5-1ca5-4cb8-acc3-398ab5feed53,b079c600-6cfa-4640-8dd7-d440882b0394,->,d45cede6-0c21-49a3-8643-c26d35a00a73,java/lang/Integer.java,valueOf
d45cede6-0c21-49a3-8643-c26d35a00a73,6b90a6c5-1ca5-4cb8-acc3-398ab5feed53,b079c600-6cfa-4640-8dd7-d440882b0394,->,d45cede6-0c21-49a3-8643-c26d35a00a73,java/util/ArrayList.java,contains
d45cede6-0c21-49a3-8643-c26d35a00a73,6b90a6c5-1ca5-4cb8-acc3-398ab5feed53,b079c600-6cfa-4640-8dd7-d440882b0394,->,d45cede6-0c21-49a3-8643-c26d35a00a73,bab4eebc-dec3-48f0-ad61-d6b4fcf4cbfa,32b1efba-489b-4398-b827-8daa082cab49
d45cede6-0c21-49a3-8643-c26d35a00a73,6b90a6c5-1ca5-4cb8-acc3-398ab5feed53,b079c600-6cfa-4640-8dd7-d440882b0394,->,d45cede6-0c21-49a3-8643-c26d35a00a73,java/util/ArrayList.java,size
d45cede6-0c21-49a3-8643-c26d35a00a73,6b90a6c5-1ca5-4cb8-acc3-398ab5feed53,b079c600-6cfa-4640-8dd7-d440882b0394,->,d45cede6-0c21-49a3-8643-c26d35a00a73,java/lang/Integer.java,valueOf
d45cede6-0c21-49a3-8643-c26d35a00a73,6b90a6c5-1ca5-4cb8-acc3-398ab5feed53,b079c600-6cfa-4640-8dd7-d440882b0394,->,d45cede6-0c21-49a3-8643-c26d35a00a73,java/util/ArrayList.java,add
d45cede6-0c21-49a3-8643-c26d35a00a73,6b90a6c5-1ca5-4cb8-acc3-398ab5feed53,062cf586-7dbd-41f7-bd3d-2868c3b7b16b,->,d45cede6-0c21-49a3-8643-c26d35a00a73,bab4eebc-dec3-48f0-ad61-d6b4fcf4cbfa,8e74316a-ba9c-4db0-9b4f-4ef6e50d28c4
d45cede6-0c21-49a3-8643-c26d35a00a73,6b90a6c5-1ca5-4cb8-acc3-398ab5feed53,062cf586-7dbd-41f7-bd3d-2868c3b7b16b,->,d45cede6-0c21-49a3-8643-c26d35a00a73,java/util/ArrayList.java,size
d45cede6-0c21-49a3-8643-c26d35a00a73,6b90a6c5-1ca5-4cb8-acc3-398ab5feed53,062cf586-7dbd-41f7-bd3d-2868c3b7b16b,->,d45cede6-0c21-49a3-8643-c26d35a00a73,java/util/ArrayList.java,add
d45cede6-0c21-49a3-8643-c26d35a00a73,6b90a6c5-1ca5-4cb8-acc3-398ab5feed53,062cf586-7dbd-41f7-bd3d-2868c3b7b16b,->,d45cede6-0c21-49a3-8643-c26d35a00a73,bab4eebc-dec3-48f0-ad61-d6b4fcf4cbfa,8e74316a-ba9c-4db0-9b4f-4ef6e50d28c4
d45cede6-0c21-49a3-8643-c26d35a00a73,6b90a6c5-1ca5-4cb8-acc3-398ab5feed53,062cf586-7dbd-41f7-bd3d-2868c3b7b16b,->,d45cede6-0c21-49a3-8643-c26d35a00a73,java/util/ArrayList.java,size
d45cede6-0c21-49a3-8643-c26d35a00a73,6b90a6c5-1ca5-4cb8-acc3-398ab5feed53,062cf586-7dbd-41f7-bd3d-2868c3b7b16b,->,d45cede6-0c21-49a3-8643-c26d35a00a73,java/util/ArrayList.java,add
d45cede6-0c21-49a3-8643-c26d35a00a73,6b90a6c5-1ca5-4cb8-acc3-398ab5feed53,c3b29c9f-9186-4c90-81c7-2ce3f9e9cfe6,->,d45cede6-0c21-49a3-8643-c26d35a00a73,java/util/HashMap.java,keySet
d45cede6-0c21-49a3-8643-c26d35a00a73,6b90a6c5-1ca5-4cb8-acc3-398ab5feed53,c3b29c9f-9186-4c90-81c7-2ce3f9e9cfe6,->,d45cede6-0c21-49a3-8643-c26d35a00a73,java/util/Set.java,toArray
d45cede6-0c21-49a3-8643-c26d35a00a73,6b90a6c5-1ca5-4cb8-acc3-398ab5feed53,c3b29c9f-9186-4c90-81c7-2ce3f9e9cfe6,->,d45cede6-0c21-49a3-8643-c26d35a00a73,java/util/ArrayList.java,size
d45cede6-0c21-49a3-8643-c26d35a00a73,6b90a6c5-1ca5-4cb8-acc3-398ab5feed53,c3b29c9f-9186-4c90-81c7-2ce3f9e9cfe6,->,d45cede6-0c21-49a3-8643-c26d35a00a73,java/util/HashMap.java,size
d45cede6-0c21-49a3-8643-c26d35a00a73,6b90a6c5-1ca5-4cb8-acc3-398ab5feed53,c3b29c9f-9186-4c90-81c7-2ce3f9e9cfe6,->,d45cede6-0c21-49a3-8643-c26d35a00a73,java/lang/Integer.java,intValue
d45cede6-0c21-49a3-8643-c26d35a00a73,6b90a6c5-1ca5-4cb8-acc3-398ab5feed53,c3b29c9f-9186-4c90-81c7-2ce3f9e9cfe6,->,d45cede6-0c21-49a3-8643-c26d35a00a73,java/util/HashMap.java,get
d45cede6-0c21-49a3-8643-c26d35a00a73,6b90a6c5-1ca5-4cb8-acc3-398ab5feed53,c3b29c9f-9186-4c90-81c7-2ce3f9e9cfe6,->,d45cede6-0c21-49a3-8643-c26d35a00a73,java/lang/Double.java,doubleValue
d45cede6-0c21-49a3-8643-c26d35a00a73,6b90a6c5-1ca5-4cb8-acc3-398ab5feed53,c3b29c9f-9186-4c90-81c7-2ce3f9e9cfe6,->,d45cede6-0c21-49a3-8643-c26d35a00a73,java/lang/Integer.java,valueOf
d45cede6-0c21-49a3-8643-c26d35a00a73,6b90a6c5-1ca5-4cb8-acc3-398ab5feed53,c3b29c9f-9186-4c90-81c7-2ce3f9e9cfe6,->,d45cede6-0c21-49a3-8643-c26d35a00a73,java/util/ArrayList.java,contains
d45cede6-0c21-49a3-8643-c26d35a00a73,6b90a6c5-1ca5-4cb8-acc3-398ab5feed53,c3b29c9f-9186-4c90-81c7-2ce3f9e9cfe6,->,d45cede6-0c21-49a3-8643-c26d35a00a73,java/util/HashMap.java,size
d45cede6-0c21-49a3-8643-c26d35a00a73,6b90a6c5-1ca5-4cb8-acc3-398ab5feed53,c3b29c9f-9186-4c90-81c7-2ce3f9e9cfe6,->,d45cede6-0c21-49a3-8643-c26d35a00a73,java/util/HashMap.java,get
d45cede6-0c21-49a3-8643-c26d35a00a73,6b90a6c5-1ca5-4cb8-acc3-398ab5feed53,c3b29c9f-9186-4c90-81c7-2ce3f9e9cfe6,->,d45cede6-0c21-49a3-8643-c26d35a00a73,java/lang/Double.java,doubleValue
d45cede6-0c21-49a3-8643-c26d35a00a73,6b90a6c5-1ca5-4cb8-acc3-398ab5feed53,c3b29c9f-9186-4c90-81c7-2ce3f9e9cfe6,->,d45cede6-0c21-49a3-8643-c26d35a00a73,java/lang/Integer.java,intValue
d45cede6-0c21-49a3-8643-c26d35a00a73,6b90a6c5-1ca5-4cb8-acc3-398ab5feed53,c3b29c9f-9186-4c90-81c7-2ce3f9e9cfe6,->,d45cede6-0c21-49a3-8643-c26d35a00a73,java/lang/Integer.java,valueOf
d45cede6-0c21-49a3-8643-c26d35a00a73,6b90a6c5-1ca5-4cb8-acc3-398ab5feed53,c3b29c9f-9186-4c90-81c7-2ce3f9e9cfe6,->,d45cede6-0c21-49a3-8643-c26d35a00a73,java/util/ArrayList.java,contains
d45cede6-0c21-49a3-8643-c26d35a00a73,6b90a6c5-1ca5-4cb8-acc3-398ab5feed53,c3b29c9f-9186-4c90-81c7-2ce3f9e9cfe6,->,d45cede6-0c21-49a3-8643-c26d35a00a73,java/util/HashMap.java,get
d45cede6-0c21-49a3-8643-c26d35a00a73,6b90a6c5-1ca5-4cb8-acc3-398ab5feed53,c3b29c9f-9186-4c90-81c7-2ce3f9e9cfe6,->,d45cede6-0c21-49a3-8643-c26d35a00a73,java/lang/Double.java,doubleValue
d45cede6-0c21-49a3-8643-c26d35a00a73,6b90a6c5-1ca5-4cb8-acc3-398ab5feed53,c3b29c9f-9186-4c90-81c7-2ce3f9e9cfe6,->,d45cede6-0c21-49a3-8643-c26d35a00a73,java/lang/Integer.java,intValue
d45cede6-0c21-49a3-8643-c26d35a00a73,6b90a6c5-1ca5-4cb8-acc3-398ab5feed53,c3b29c9f-9186-4c90-81c7-2ce3f9e9cfe6,->,d45cede6-0c21-49a3-8643-c26d35a00a73,java/lang/Integer.java,valueOf
d45cede6-0c21-49a3-8643-c26d35a00a73,6b90a6c5-1ca5-4cb8-acc3-398ab5feed53,c3b29c9f-9186-4c90-81c7-2ce3f9e9cfe6,->,d45cede6-0c21-49a3-8643-c26d35a00a73,java/util/ArrayList.java,add
d45cede6-0c21-49a3-8643-c26d35a00a73,6b90a6c5-1ca5-4cb8-acc3-398ab5feed53,91cdf5ae-5edd-4ab2-a4d6-0746937590d2,->,d45cede6-0c21-49a3-8643-c26d35a00a73,java/lang/Object.java,equals
d45cede6-0c21-49a3-8643-c26d35a00a73,6b90a6c5-1ca5-4cb8-acc3-398ab5feed53,0b14d75c-3c01-47c5-8f0a-8b8a0836eecd,->,d45cede6-0c21-49a3-8643-c26d35a00a73,java/util/ArrayList.java,size
d45cede6-0c21-49a3-8643-c26d35a00a73,6b90a6c5-1ca5-4cb8-acc3-398ab5feed53,0b14d75c-3c01-47c5-8f0a-8b8a0836eecd,->,d45cede6-0c21-49a3-8643-c26d35a00a73,java/util/ArrayList.java,get
d45cede6-0c21-49a3-8643-c26d35a00a73,6b90a6c5-1ca5-4cb8-acc3-398ab5feed53,0b14d75c-3c01-47c5-8f0a-8b8a0836eecd,->,d45cede6-0c21-49a3-8643-c26d35a00a73,java/lang/Object.java,equals
d45cede6-0c21-49a3-8643-c26d35a00a73,6b90a6c5-1ca5-4cb8-acc3-398ab5feed53,5800d383-d4da-4d5b-a987-7d14a767ebf1,->,d45cede6-0c21-49a3-8643-c26d35a00a73,java/lang/Object.java,equals
d45cede6-0c21-49a3-8643-c26d35a00a73,6b90a6c5-1ca5-4cb8-acc3-398ab5feed53,b2dc1059-8068-4564-aa7e-5c3a9d026dbd,->,d45cede6-0c21-49a3-8643-c26d35a00a73,java/util/ArrayList.java,size
d45cede6-0c21-49a3-8643-c26d35a00a73,6b90a6c5-1ca5-4cb8-acc3-398ab5feed53,b2dc1059-8068-4564-aa7e-5c3a9d026dbd,->,d45cede6-0c21-49a3-8643-c26d35a00a73,java/util/ArrayList.java,get
d45cede6-0c21-49a3-8643-c26d35a00a73,6b90a6c5-1ca5-4cb8-acc3-398ab5feed53,c9697fa2-b393-424d-a163-b983f51c3720,->,d45cede6-0c21-49a3-8643-c26d35a00a73,java/util/ArrayList.java,size
d45cede6-0c21-49a3-8643-c26d35a00a73,6b90a6c5-1ca5-4cb8-acc3-398ab5feed53,c9697fa2-b393-424d-a163-b983f51c3720,->,d45cede6-0c21-49a3-8643-c26d35a00a73,java/util/ArrayList.java,get
d45cede6-0c21-49a3-8643-c26d35a00a73,6b90a6c5-1ca5-4cb8-acc3-398ab5feed53,ac1ed4fc-c461-4841-b86c-15566724e471,->,d45cede6-0c21-49a3-8643-c26d35a00a73,java/util/ArrayList.java,size
d45cede6-0c21-49a3-8643-c26d35a00a73,6b90a6c5-1ca5-4cb8-acc3-398ab5feed53,ac1ed4fc-c461-4841-b86c-15566724e471,->,d45cede6-0c21-49a3-8643-c26d35a00a73,java/util/ArrayList.java,get
d45cede6-0c21-49a3-8643-c26d35a00a73,6b90a6c5-1ca5-4cb8-acc3-398ab5feed53,08be9ef3-87c8-4d4f-a5d4-3d3abd78905b,->,d45cede6-0c21-49a3-8643-c26d35a00a73,java/util/ArrayList.java,size
d45cede6-0c21-49a3-8643-c26d35a00a73,6b90a6c5-1ca5-4cb8-acc3-398ab5feed53,08be9ef3-87c8-4d4f-a5d4-3d3abd78905b,->,d45cede6-0c21-49a3-8643-c26d35a00a73,java/util/ArrayList.java,size
d45cede6-0c21-49a3-8643-c26d35a00a73,6b90a6c5-1ca5-4cb8-acc3-398ab5feed53,08be9ef3-87c8-4d4f-a5d4-3d3abd78905b,->,d45cede6-0c21-49a3-8643-c26d35a00a73,java/util/ArrayList.java,get
d45cede6-0c21-49a3-8643-c26d35a00a73,6b90a6c5-1ca5-4cb8-acc3-398ab5feed53,08be9ef3-87c8-4d4f-a5d4-3d3abd78905b,->,d45cede6-0c21-49a3-8643-c26d35a00a73,java/lang/Integer.java,intValue
d45cede6-0c21-49a3-8643-c26d35a00a73,6b90a6c5-1ca5-4cb8-acc3-398ab5feed53,08be9ef3-87c8-4d4f-a5d4-3d3abd78905b,->,d45cede6-0c21-49a3-8643-c26d35a00a73,java/util/ArrayList.java,get
d45cede6-0c21-49a3-8643-c26d35a00a73,6b90a6c5-1ca5-4cb8-acc3-398ab5feed53,"66016449-67ea-4546-a24a-bbff6d7543aa,4af7a0d2-321c-4489-9fe7-db70a64478b3",->,d45cede6-0c21-49a3-8643-c26d35a00a73,java/util/ArrayList.java,size
d45cede6-0c21-49a3-8643-c26d35a00a73,6b90a6c5-1ca5-4cb8-acc3-398ab5feed53,"66016449-67ea-4546-a24a-bbff6d7543aa,4af7a0d2-321c-4489-9fe7-db70a64478b3",->,d45cede6-0c21-49a3-8643-c26d35a00a73,java/util/ArrayList.java,size
d45cede6-0c21-49a3-8643-c26d35a00a73,6b90a6c5-1ca5-4cb8-acc3-398ab5feed53,"66016449-67ea-4546-a24a-bbff6d7543aa,4af7a0d2-321c-4489-9fe7-db70a64478b3",->,d45cede6-0c21-49a3-8643-c26d35a00a73,java/util/ArrayList.java,get
d45cede6-0c21-49a3-8643-c26d35a00a73,6b90a6c5-1ca5-4cb8-acc3-398ab5feed53,"66016449-67ea-4546-a24a-bbff6d7543aa,4af7a0d2-321c-4489-9fe7-db70a64478b3",->,d45cede6-0c21-49a3-8643-c26d35a00a73,java/lang/Integer.java,intValue
d45cede6-0c21-49a3-8643-c26d35a00a73,6b90a6c5-1ca5-4cb8-acc3-398ab5feed53,"66016449-67ea-4546-a24a-bbff6d7543aa,4af7a0d2-321c-4489-9fe7-db70a64478b3",->,d45cede6-0c21-49a3-8643-c26d35a00a73,java/util/ArrayList.java,get
d45cede6-0c21-49a3-8643-c26d35a00a73,6b90a6c5-1ca5-4cb8-acc3-398ab5feed53,"66016449-67ea-4546-a24a-bbff6d7543aa,4af7a0d2-321c-4489-9fe7-db70a64478b3",->,d45cede6-0c21-49a3-8643-c26d35a00a73,java/util/ArrayList.java,size
d45cede6-0c21-49a3-8643-c26d35a00a73,6b90a6c5-1ca5-4cb8-acc3-398ab5feed53,"66016449-67ea-4546-a24a-bbff6d7543aa,4af7a0d2-321c-4489-9fe7-db70a64478b3",->,d45cede6-0c21-49a3-8643-c26d35a00a73,java/util/ArrayList.java,size
d45cede6-0c21-49a3-8643-c26d35a00a73,6b90a6c5-1ca5-4cb8-acc3-398ab5feed53,"66016449-67ea-4546-a24a-bbff6d7543aa,4af7a0d2-321c-4489-9fe7-db70a64478b3",->,d45cede6-0c21-49a3-8643-c26d35a00a73,java/util/ArrayList.java,get
d45cede6-0c21-49a3-8643-c26d35a00a73,6b90a6c5-1ca5-4cb8-acc3-398ab5feed53,"66016449-67ea-4546-a24a-bbff6d7543aa,4af7a0d2-321c-4489-9fe7-db70a64478b3",->,d45cede6-0c21-49a3-8643-c26d35a00a73,java/lang/Integer.java,intValue
d45cede6-0c21-49a3-8643-c26d35a00a73,6b90a6c5-1ca5-4cb8-acc3-398ab5feed53,15632663-87ee-4e4d-afc5-909d04fef93f,->,d45cede6-0c21-49a3-8643-c26d35a00a73,6b90a6c5-1ca5-4cb8-acc3-398ab5feed53,ac1ed4fc-c461-4841-b86c-15566724e471
d45cede6-0c21-49a3-8643-c26d35a00a73,6b90a6c5-1ca5-4cb8-acc3-398ab5feed53,15632663-87ee-4e4d-afc5-909d04fef93f,->,d45cede6-0c21-49a3-8643-c26d35a00a73,java/util/ArrayList.java,size
d45cede6-0c21-49a3-8643-c26d35a00a73,6b90a6c5-1ca5-4cb8-acc3-398ab5feed53,15632663-87ee-4e4d-afc5-909d04fef93f,->,d45cede6-0c21-49a3-8643-c26d35a00a73,java/util/ArrayList.java,size
d45cede6-0c21-49a3-8643-c26d35a00a73,6b90a6c5-1ca5-4cb8-acc3-398ab5feed53,15632663-87ee-4e4d-afc5-909d04fef93f,->,d45cede6-0c21-49a3-8643-c26d35a00a73,7971d8cd-36d8-4128-8924-5072f695ee76,c8ab797f-056e-4591-bddc-4ed761e64e6b
d45cede6-0c21-49a3-8643-c26d35a00a73,6b90a6c5-1ca5-4cb8-acc3-398ab5feed53,15632663-87ee-4e4d-afc5-909d04fef93f,->,d45cede6-0c21-49a3-8643-c26d35a00a73,java/lang/Integer.java,valueOf
d45cede6-0c21-49a3-8643-c26d35a00a73,6b90a6c5-1ca5-4cb8-acc3-398ab5feed53,15632663-87ee-4e4d-afc5-909d04fef93f,->,d45cede6-0c21-49a3-8643-c26d35a00a73,java/util/ArrayList.java,contains
d45cede6-0c21-49a3-8643-c26d35a00a73,6b90a6c5-1ca5-4cb8-acc3-398ab5feed53,15632663-87ee-4e4d-afc5-909d04fef93f,->,d45cede6-0c21-49a3-8643-c26d35a00a73,java/util/ArrayList.java,size
d45cede6-0c21-49a3-8643-c26d35a00a73,6b90a6c5-1ca5-4cb8-acc3-398ab5feed53,15632663-87ee-4e4d-afc5-909d04fef93f,->,d45cede6-0c21-49a3-8643-c26d35a00a73,7971d8cd-36d8-4128-8924-5072f695ee76,c8ab797f-056e-4591-bddc-4ed761e64e6b
d45cede6-0c21-49a3-8643-c26d35a00a73,6b90a6c5-1ca5-4cb8-acc3-398ab5feed53,15632663-87ee-4e4d-afc5-909d04fef93f,->,d45cede6-0c21-49a3-8643-c26d35a00a73,java/lang/Integer.java,valueOf
d45cede6-0c21-49a3-8643-c26d35a00a73,6b90a6c5-1ca5-4cb8-acc3-398ab5feed53,15632663-87ee-4e4d-afc5-909d04fef93f,->,d45cede6-0c21-49a3-8643-c26d35a00a73,java/util/ArrayList.java,contains
d45cede6-0c21-49a3-8643-c26d35a00a73,6b90a6c5-1ca5-4cb8-acc3-398ab5feed53,15632663-87ee-4e4d-afc5-909d04fef93f,->,d45cede6-0c21-49a3-8643-c26d35a00a73,7971d8cd-36d8-4128-8924-5072f695ee76,c8ab797f-056e-4591-bddc-4ed761e64e6b
d45cede6-0c21-49a3-8643-c26d35a00a73,6b90a6c5-1ca5-4cb8-acc3-398ab5feed53,15632663-87ee-4e4d-afc5-909d04fef93f,->,d45cede6-0c21-49a3-8643-c26d35a00a73,java/lang/Integer.java,valueOf
d45cede6-0c21-49a3-8643-c26d35a00a73,6b90a6c5-1ca5-4cb8-acc3-398ab5feed53,15632663-87ee-4e4d-afc5-909d04fef93f,->,d45cede6-0c21-49a3-8643-c26d35a00a73,java/util/ArrayList.java,add
d45cede6-0c21-49a3-8643-c26d35a00a73,6b90a6c5-1ca5-4cb8-acc3-398ab5feed53,596a311c-3fec-45a2-965f-331351b6838f,->,d45cede6-0c21-49a3-8643-c26d35a00a73,java/util/ArrayList.java,size
d45cede6-0c21-49a3-8643-c26d35a00a73,6b90a6c5-1ca5-4cb8-acc3-398ab5feed53,596a311c-3fec-45a2-965f-331351b6838f,->,d45cede6-0c21-49a3-8643-c26d35a00a73,java/util/ArrayList.java,size
d45cede6-0c21-49a3-8643-c26d35a00a73,6b90a6c5-1ca5-4cb8-acc3-398ab5feed53,596a311c-3fec-45a2-965f-331351b6838f,->,d45cede6-0c21-49a3-8643-c26d35a00a73,java/util/ArrayList.java,get
d45cede6-0c21-49a3-8643-c26d35a00a73,6b90a6c5-1ca5-4cb8-acc3-398ab5feed53,596a311c-3fec-45a2-965f-331351b6838f,->,d45cede6-0c21-49a3-8643-c26d35a00a73,bab4eebc-dec3-48f0-ad61-d6b4fcf4cbfa,8e74316a-ba9c-4db0-9b4f-4ef6e50d28c4
d45cede6-0c21-49a3-8643-c26d35a00a73,6b90a6c5-1ca5-4cb8-acc3-398ab5feed53,596a311c-3fec-45a2-965f-331351b6838f,->,d45cede6-0c21-49a3-8643-c26d35a00a73,java/util/ArrayList.java,size
d45cede6-0c21-49a3-8643-c26d35a00a73,6b90a6c5-1ca5-4cb8-acc3-398ab5feed53,596a311c-3fec-45a2-965f-331351b6838f,->,d45cede6-0c21-49a3-8643-c26d35a00a73,java/lang/Integer.java,valueOf
d45cede6-0c21-49a3-8643-c26d35a00a73,6b90a6c5-1ca5-4cb8-acc3-398ab5feed53,596a311c-3fec-45a2-965f-331351b6838f,->,d45cede6-0c21-49a3-8643-c26d35a00a73,java/util/ArrayList.java,contains
d45cede6-0c21-49a3-8643-c26d35a00a73,6b90a6c5-1ca5-4cb8-acc3-398ab5feed53,596a311c-3fec-45a2-965f-331351b6838f,->,d45cede6-0c21-49a3-8643-c26d35a00a73,java/util/ArrayList.java,size
d45cede6-0c21-49a3-8643-c26d35a00a73,6b90a6c5-1ca5-4cb8-acc3-398ab5feed53,596a311c-3fec-45a2-965f-331351b6838f,->,d45cede6-0c21-49a3-8643-c26d35a00a73,java/util/ArrayList.java,get
d45cede6-0c21-49a3-8643-c26d35a00a73,6b90a6c5-1ca5-4cb8-acc3-398ab5feed53,596a311c-3fec-45a2-965f-331351b6838f,->,d45cede6-0c21-49a3-8643-c26d35a00a73,bab4eebc-dec3-48f0-ad61-d6b4fcf4cbfa,8e74316a-ba9c-4db0-9b4f-4ef6e50d28c4
d45cede6-0c21-49a3-8643-c26d35a00a73,6b90a6c5-1ca5-4cb8-acc3-398ab5feed53,596a311c-3fec-45a2-965f-331351b6838f,->,d45cede6-0c21-49a3-8643-c26d35a00a73,java/util/ArrayList.java,size
d45cede6-0c21-49a3-8643-c26d35a00a73,6b90a6c5-1ca5-4cb8-acc3-398ab5feed53,596a311c-3fec-45a2-965f-331351b6838f,->,d45cede6-0c21-49a3-8643-c26d35a00a73,java/lang/Integer.java,valueOf
d45cede6-0c21-49a3-8643-c26d35a00a73,6b90a6c5-1ca5-4cb8-acc3-398ab5feed53,596a311c-3fec-45a2-965f-331351b6838f,->,d45cede6-0c21-49a3-8643-c26d35a00a73,java/util/ArrayList.java,contains
d45cede6-0c21-49a3-8643-c26d35a00a73,6b90a6c5-1ca5-4cb8-acc3-398ab5feed53,596a311c-3fec-45a2-965f-331351b6838f,->,d45cede6-0c21-49a3-8643-c26d35a00a73,java/lang/Integer.java,valueOf
d45cede6-0c21-49a3-8643-c26d35a00a73,6b90a6c5-1ca5-4cb8-acc3-398ab5feed53,596a311c-3fec-45a2-965f-331351b6838f,->,d45cede6-0c21-49a3-8643-c26d35a00a73,java/util/ArrayList.java,add
d45cede6-0c21-49a3-8643-c26d35a00a73,6b90a6c5-1ca5-4cb8-acc3-398ab5feed53,0a13ee2f-5169-43f0-9022-3c4bee729750,->,d45cede6-0c21-49a3-8643-c26d35a00a73,java/util/ArrayList.java,size
d45cede6-0c21-49a3-8643-c26d35a00a73,6b90a6c5-1ca5-4cb8-acc3-398ab5feed53,0a13ee2f-5169-43f0-9022-3c4bee729750,->,d45cede6-0c21-49a3-8643-c26d35a00a73,bab4eebc-dec3-48f0-ad61-d6b4fcf4cbfa,203b3d6c-6ae6-4d3a-be84-84f8cc4183cd
d45cede6-0c21-49a3-8643-c26d35a00a73,6b90a6c5-1ca5-4cb8-acc3-398ab5feed53,0a13ee2f-5169-43f0-9022-3c4bee729750,->,d45cede6-0c21-49a3-8643-c26d35a00a73,java/lang/Integer.java,valueOf
d45cede6-0c21-49a3-8643-c26d35a00a73,6b90a6c5-1ca5-4cb8-acc3-398ab5feed53,0a13ee2f-5169-43f0-9022-3c4bee729750,->,d45cede6-0c21-49a3-8643-c26d35a00a73,java/util/ArrayList.java,contains
d45cede6-0c21-49a3-8643-c26d35a00a73,6b90a6c5-1ca5-4cb8-acc3-398ab5feed53,0a13ee2f-5169-43f0-9022-3c4bee729750,->,d45cede6-0c21-49a3-8643-c26d35a00a73,bab4eebc-dec3-48f0-ad61-d6b4fcf4cbfa,203b3d6c-6ae6-4d3a-be84-84f8cc4183cd
d45cede6-0c21-49a3-8643-c26d35a00a73,6b90a6c5-1ca5-4cb8-acc3-398ab5feed53,0a13ee2f-5169-43f0-9022-3c4bee729750,->,d45cede6-0c21-49a3-8643-c26d35a00a73,java/lang/Integer.java,valueOf
d45cede6-0c21-49a3-8643-c26d35a00a73,6b90a6c5-1ca5-4cb8-acc3-398ab5feed53,0a13ee2f-5169-43f0-9022-3c4bee729750,->,d45cede6-0c21-49a3-8643-c26d35a00a73,java/util/ArrayList.java,contains
d45cede6-0c21-49a3-8643-c26d35a00a73,6b90a6c5-1ca5-4cb8-acc3-398ab5feed53,0a13ee2f-5169-43f0-9022-3c4bee729750,->,d45cede6-0c21-49a3-8643-c26d35a00a73,bab4eebc-dec3-48f0-ad61-d6b4fcf4cbfa,203b3d6c-6ae6-4d3a-be84-84f8cc4183cd
d45cede6-0c21-49a3-8643-c26d35a00a73,6b90a6c5-1ca5-4cb8-acc3-398ab5feed53,0a13ee2f-5169-43f0-9022-3c4bee729750,->,d45cede6-0c21-49a3-8643-c26d35a00a73,java/lang/Integer.java,valueOf
d45cede6-0c21-49a3-8643-c26d35a00a73,6b90a6c5-1ca5-4cb8-acc3-398ab5feed53,0a13ee2f-5169-43f0-9022-3c4bee729750,->,d45cede6-0c21-49a3-8643-c26d35a00a73,java/util/ArrayList.java,add
d45cede6-0c21-49a3-8643-c26d35a00a73,e4d5af85-38c4-4d98-9ccd-a1a6ea56c8e4,6cddc020-65a8-4287-a9b6-e504abbd35dd,->,d45cede6-0c21-49a3-8643-c26d35a00a73,java/awt/EventQueue.java,invokeLater
d45cede6-0c21-49a3-8643-c26d35a00a73,e4d5af85-38c4-4d98-9ccd-a1a6ea56c8e4,3f41c664-d4fb-4e97-87de-1088a235cbda,->,d45cede6-0c21-49a3-8643-c26d35a00a73,java/net/Socket.java,getOutputStream
d45cede6-0c21-49a3-8643-c26d35a00a73,e4d5af85-38c4-4d98-9ccd-a1a6ea56c8e4,3f41c664-d4fb-4e97-87de-1088a235cbda,->,d45cede6-0c21-49a3-8643-c26d35a00a73,java/io/ObjectOutputStream.java,flush
d45cede6-0c21-49a3-8643-c26d35a00a73,e4d5af85-38c4-4d98-9ccd-a1a6ea56c8e4,3f41c664-d4fb-4e97-87de-1088a235cbda,->,d45cede6-0c21-49a3-8643-c26d35a00a73,java/lang/Exception.java,toString
d45cede6-0c21-49a3-8643-c26d35a00a73,e4d5af85-38c4-4d98-9ccd-a1a6ea56c8e4,3f41c664-d4fb-4e97-87de-1088a235cbda,->,d45cede6-0c21-49a3-8643-c26d35a00a73,java/io/PrintStream.java,println
d45cede6-0c21-49a3-8643-c26d35a00a73,e4d5af85-38c4-4d98-9ccd-a1a6ea56c8e4,f3b18f1e-e222-4bc6-9619-50b945b11e20,->,d45cede6-0c21-49a3-8643-c26d35a00a73,java/io/ObjectOutputStream.java,writeObject
d45cede6-0c21-49a3-8643-c26d35a00a73,e4d5af85-38c4-4d98-9ccd-a1a6ea56c8e4,f3b18f1e-e222-4bc6-9619-50b945b11e20,->,d45cede6-0c21-49a3-8643-c26d35a00a73,java/io/ObjectOutputStream.java,flush
d45cede6-0c21-49a3-8643-c26d35a00a73,e4d5af85-38c4-4d98-9ccd-a1a6ea56c8e4,f3b18f1e-e222-4bc6-9619-50b945b11e20,->,d45cede6-0c21-49a3-8643-c26d35a00a73,java/lang/Exception.java,toString
d45cede6-0c21-49a3-8643-c26d35a00a73,e4d5af85-38c4-4d98-9ccd-a1a6ea56c8e4,f3b18f1e-e222-4bc6-9619-50b945b11e20,->,d45cede6-0c21-49a3-8643-c26d35a00a73,java/io/PrintStream.java,println
d45cede6-0c21-49a3-8643-c26d35a00a73,e4d5af85-38c4-4d98-9ccd-a1a6ea56c8e4,d2746fbf-a914-4fcc-ba88-aa7d03f9ef2c,->,d45cede6-0c21-49a3-8643-c26d35a00a73,java/lang/StringBuilder.java,append
d45cede6-0c21-49a3-8643-c26d35a00a73,e4d5af85-38c4-4d98-9ccd-a1a6ea56c8e4,d2746fbf-a914-4fcc-ba88-aa7d03f9ef2c,->,d45cede6-0c21-49a3-8643-c26d35a00a73,javax/swing/JTextField.java,getText
d45cede6-0c21-49a3-8643-c26d35a00a73,e4d5af85-38c4-4d98-9ccd-a1a6ea56c8e4,d2746fbf-a914-4fcc-ba88-aa7d03f9ef2c,->,d45cede6-0c21-49a3-8643-c26d35a00a73,java/lang/StringBuilder.java,append
d45cede6-0c21-49a3-8643-c26d35a00a73,e4d5af85-38c4-4d98-9ccd-a1a6ea56c8e4,d2746fbf-a914-4fcc-ba88-aa7d03f9ef2c,->,d45cede6-0c21-49a3-8643-c26d35a00a73,java/lang/StringBuilder.java,toString
d45cede6-0c21-49a3-8643-c26d35a00a73,e4d5af85-38c4-4d98-9ccd-a1a6ea56c8e4,d2746fbf-a914-4fcc-ba88-aa7d03f9ef2c,->,d45cede6-0c21-49a3-8643-c26d35a00a73,e4d5af85-38c4-4d98-9ccd-a1a6ea56c8e4,f3b18f1e-e222-4bc6-9619-50b945b11e20
d45cede6-0c21-49a3-8643-c26d35a00a73,e4d5af85-38c4-4d98-9ccd-a1a6ea56c8e4,8f266074-a223-4949-954e-a1c32ade5a52,->,d45cede6-0c21-49a3-8643-c26d35a00a73,handwrittengui/TableWatcher.java,setDefaultCloseOperation
d45cede6-0c21-49a3-8643-c26d35a00a73,e4d5af85-38c4-4d98-9ccd-a1a6ea56c8e4,8f266074-a223-4949-954e-a1c32ade5a52,->,d45cede6-0c21-49a3-8643-c26d35a00a73,javax/swing/JButton.java,setText
d45cede6-0c21-49a3-8643-c26d35a00a73,e4d5af85-38c4-4d98-9ccd-a1a6ea56c8e4,8f266074-a223-4949-954e-a1c32ade5a52,->,d45cede6-0c21-49a3-8643-c26d35a00a73,javax/swing/JButton.java,addActionListener
d45cede6-0c21-49a3-8643-c26d35a00a73,e4d5af85-38c4-4d98-9ccd-a1a6ea56c8e4,8f266074-a223-4949-954e-a1c32ade5a52,->,d45cede6-0c21-49a3-8643-c26d35a00a73,javax/swing/JButton.java,setText
d45cede6-0c21-49a3-8643-c26d35a00a73,e4d5af85-38c4-4d98-9ccd-a1a6ea56c8e4,8f266074-a223-4949-954e-a1c32ade5a52,->,d45cede6-0c21-49a3-8643-c26d35a00a73,javax/swing/JButton.java,addActionListener
d45cede6-0c21-49a3-8643-c26d35a00a73,e4d5af85-38c4-4d98-9ccd-a1a6ea56c8e4,8f266074-a223-4949-954e-a1c32ade5a52,->,d45cede6-0c21-49a3-8643-c26d35a00a73,handwrittengui/TableWatcher.java,getContentPane
d45cede6-0c21-49a3-8643-c26d35a00a73,e4d5af85-38c4-4d98-9ccd-a1a6ea56c8e4,8f266074-a223-4949-954e-a1c32ade5a52,->,d45cede6-0c21-49a3-8643-c26d35a00a73,handwrittengui/TableWatcher.java,getContentPane
d45cede6-0c21-49a3-8643-c26d35a00a73,e4d5af85-38c4-4d98-9ccd-a1a6ea56c8e4,8f266074-a223-4949-954e-a1c32ade5a52,->,d45cede6-0c21-49a3-8643-c26d35a00a73,java/awt/Container.java,setLayout
d45cede6-0c21-49a3-8643-c26d35a00a73,e4d5af85-38c4-4d98-9ccd-a1a6ea56c8e4,8f266074-a223-4949-954e-a1c32ade5a52,->,d45cede6-0c21-49a3-8643-c26d35a00a73,javax/swing/GroupLayout.java,createParallelGroup
d45cede6-0c21-49a3-8643-c26d35a00a73,e4d5af85-38c4-4d98-9ccd-a1a6ea56c8e4,8f266074-a223-4949-954e-a1c32ade5a52,->,d45cede6-0c21-49a3-8643-c26d35a00a73,javax/swing/GroupLayout.java,createSequentialGroup
d45cede6-0c21-49a3-8643-c26d35a00a73,e4d5af85-38c4-4d98-9ccd-a1a6ea56c8e4,8f266074-a223-4949-954e-a1c32ade5a52,->,d45cede6-0c21-49a3-8643-c26d35a00a73,javax/swing/GroupLayout$SequentialGroup.java,addGap
d45cede6-0c21-49a3-8643-c26d35a00a73,e4d5af85-38c4-4d98-9ccd-a1a6ea56c8e4,8f266074-a223-4949-954e-a1c32ade5a52,->,d45cede6-0c21-49a3-8643-c26d35a00a73,javax/swing/GroupLayout.java,createParallelGroup
d45cede6-0c21-49a3-8643-c26d35a00a73,e4d5af85-38c4-4d98-9ccd-a1a6ea56c8e4,8f266074-a223-4949-954e-a1c32ade5a52,->,d45cede6-0c21-49a3-8643-c26d35a00a73,javax/swing/GroupLayout.java,createSequentialGroup
d45cede6-0c21-49a3-8643-c26d35a00a73,e4d5af85-38c4-4d98-9ccd-a1a6ea56c8e4,8f266074-a223-4949-954e-a1c32ade5a52,->,d45cede6-0c21-49a3-8643-c26d35a00a73,javax/swing/GroupLayout$SequentialGroup.java,addComponent
d45cede6-0c21-49a3-8643-c26d35a00a73,e4d5af85-38c4-4d98-9ccd-a1a6ea56c8e4,8f266074-a223-4949-954e-a1c32ade5a52,->,d45cede6-0c21-49a3-8643-c26d35a00a73,javax/swing/GroupLayout$SequentialGroup.java,addGap
d45cede6-0c21-49a3-8643-c26d35a00a73,e4d5af85-38c4-4d98-9ccd-a1a6ea56c8e4,8f266074-a223-4949-954e-a1c32ade5a52,->,d45cede6-0c21-49a3-8643-c26d35a00a73,javax/swing/GroupLayout$SequentialGroup.java,addComponent
d45cede6-0c21-49a3-8643-c26d35a00a73,e4d5af85-38c4-4d98-9ccd-a1a6ea56c8e4,8f266074-a223-4949-954e-a1c32ade5a52,->,d45cede6-0c21-49a3-8643-c26d35a00a73,javax/swing/GroupLayout$ParallelGroup.java,addGroup
d45cede6-0c21-49a3-8643-c26d35a00a73,e4d5af85-38c4-4d98-9ccd-a1a6ea56c8e4,8f266074-a223-4949-954e-a1c32ade5a52,->,d45cede6-0c21-49a3-8643-c26d35a00a73,javax/swing/GroupLayout$ParallelGroup.java,addComponent
d45cede6-0c21-49a3-8643-c26d35a00a73,e4d5af85-38c4-4d98-9ccd-a1a6ea56c8e4,8f266074-a223-4949-954e-a1c32ade5a52,->,d45cede6-0c21-49a3-8643-c26d35a00a73,javax/swing/GroupLayout$SequentialGroup.java,addGroup
d45cede6-0c21-49a3-8643-c26d35a00a73,e4d5af85-38c4-4d98-9ccd-a1a6ea56c8e4,8f266074-a223-4949-954e-a1c32ade5a52,->,d45cede6-0c21-49a3-8643-c26d35a00a73,javax/swing/GroupLayout$SequentialGroup.java,addContainerGap
d45cede6-0c21-49a3-8643-c26d35a00a73,e4d5af85-38c4-4d98-9ccd-a1a6ea56c8e4,8f266074-a223-4949-954e-a1c32ade5a52,->,d45cede6-0c21-49a3-8643-c26d35a00a73,javax/swing/GroupLayout$ParallelGroup.java,addGroup
d45cede6-0c21-49a3-8643-c26d35a00a73,e4d5af85-38c4-4d98-9ccd-a1a6ea56c8e4,8f266074-a223-4949-954e-a1c32ade5a52,->,d45cede6-0c21-49a3-8643-c26d35a00a73,javax/swing/GroupLayout.java,setHorizontalGroup
d45cede6-0c21-49a3-8643-c26d35a00a73,e4d5af85-38c4-4d98-9ccd-a1a6ea56c8e4,8f266074-a223-4949-954e-a1c32ade5a52,->,d45cede6-0c21-49a3-8643-c26d35a00a73,javax/swing/GroupLayout.java,createParallelGroup
d45cede6-0c21-49a3-8643-c26d35a00a73,e4d5af85-38c4-4d98-9ccd-a1a6ea56c8e4,8f266074-a223-4949-954e-a1c32ade5a52,->,d45cede6-0c21-49a3-8643-c26d35a00a73,javax/swing/GroupLayout.java,createSequentialGroup
d45cede6-0c21-49a3-8643-c26d35a00a73,e4d5af85-38c4-4d98-9ccd-a1a6ea56c8e4,8f266074-a223-4949-954e-a1c32ade5a52,->,d45cede6-0c21-49a3-8643-c26d35a00a73,javax/swing/GroupLayout$SequentialGroup.java,addGap
d45cede6-0c21-49a3-8643-c26d35a00a73,e4d5af85-38c4-4d98-9ccd-a1a6ea56c8e4,8f266074-a223-4949-954e-a1c32ade5a52,->,d45cede6-0c21-49a3-8643-c26d35a00a73,javax/swing/GroupLayout$SequentialGroup.java,addComponent
d45cede6-0c21-49a3-8643-c26d35a00a73,e4d5af85-38c4-4d98-9ccd-a1a6ea56c8e4,8f266074-a223-4949-954e-a1c32ade5a52,->,d45cede6-0c21-49a3-8643-c26d35a00a73,javax/swing/GroupLayout$SequentialGroup.java,addGap
d45cede6-0c21-49a3-8643-c26d35a00a73,e4d5af85-38c4-4d98-9ccd-a1a6ea56c8e4,8f266074-a223-4949-954e-a1c32ade5a52,->,d45cede6-0c21-49a3-8643-c26d35a00a73,javax/swing/GroupLayout.java,createParallelGroup
d45cede6-0c21-49a3-8643-c26d35a00a73,e4d5af85-38c4-4d98-9ccd-a1a6ea56c8e4,8f266074-a223-4949-954e-a1c32ade5a52,->,d45cede6-0c21-49a3-8643-c26d35a00a73,javax/swing/GroupLayout$ParallelGroup.java,addComponent
d45cede6-0c21-49a3-8643-c26d35a00a73,e4d5af85-38c4-4d98-9ccd-a1a6ea56c8e4,8f266074-a223-4949-954e-a1c32ade5a52,->,d45cede6-0c21-49a3-8643-c26d35a00a73,javax/swing/GroupLayout$ParallelGroup.java,addComponent
d45cede6-0c21-49a3-8643-c26d35a00a73,e4d5af85-38c4-4d98-9ccd-a1a6ea56c8e4,8f266074-a223-4949-954e-a1c32ade5a52,->,d45cede6-0c21-49a3-8643-c26d35a00a73,javax/swing/GroupLayout$SequentialGroup.java,addGroup
d45cede6-0c21-49a3-8643-c26d35a00a73,e4d5af85-38c4-4d98-9ccd-a1a6ea56c8e4,8f266074-a223-4949-954e-a1c32ade5a52,->,d45cede6-0c21-49a3-8643-c26d35a00a73,javax/swing/GroupLayout$SequentialGroup.java,addContainerGap
d45cede6-0c21-49a3-8643-c26d35a00a73,e4d5af85-38c4-4d98-9ccd-a1a6ea56c8e4,8f266074-a223-4949-954e-a1c32ade5a52,->,d45cede6-0c21-49a3-8643-c26d35a00a73,javax/swing/GroupLayout$ParallelGroup.java,addGroup
d45cede6-0c21-49a3-8643-c26d35a00a73,e4d5af85-38c4-4d98-9ccd-a1a6ea56c8e4,8f266074-a223-4949-954e-a1c32ade5a52,->,d45cede6-0c21-49a3-8643-c26d35a00a73,javax/swing/GroupLayout.java,setVerticalGroup
d45cede6-0c21-49a3-8643-c26d35a00a73,e4d5af85-38c4-4d98-9ccd-a1a6ea56c8e4,8f266074-a223-4949-954e-a1c32ade5a52,->,d45cede6-0c21-49a3-8643-c26d35a00a73,handwrittengui/TableWatcher.java,pack
d45cede6-0c21-49a3-8643-c26d35a00a73,e4d5af85-38c4-4d98-9ccd-a1a6ea56c8e4,2808ab4a-9133-45b7-908b-73cf06cf54be,->,d45cede6-0c21-49a3-8643-c26d35a00a73,e4d5af85-38c4-4d98-9ccd-a1a6ea56c8e4,d2746fbf-a914-4fcc-ba88-aa7d03f9ef2c
d45cede6-0c21-49a3-8643-c26d35a00a73,e4d5af85-38c4-4d98-9ccd-a1a6ea56c8e4,b7307941-597e-4016-8080-04c12944477e,->,d45cede6-0c21-49a3-8643-c26d35a00a73,e4d5af85-38c4-4d98-9ccd-a1a6ea56c8e4,d2746fbf-a914-4fcc-ba88-aa7d03f9ef2c
d45cede6-0c21-49a3-8643-c26d35a00a73,handwrittengui/TableWatcher.java,access$000,->,d45cede6-0c21-49a3-8643-c26d35a00a73,e4d5af85-38c4-4d98-9ccd-a1a6ea56c8e4,2808ab4a-9133-45b7-908b-73cf06cf54be
d45cede6-0c21-49a3-8643-c26d35a00a73,handwrittengui/TableWatcher.java,access$100,->,d45cede6-0c21-49a3-8643-c26d35a00a73,e4d5af85-38c4-4d98-9ccd-a1a6ea56c8e4,b7307941-597e-4016-8080-04c12944477e
d45cede6-0c21-49a3-8643-c26d35a00a73,handwrittengui/TableWatcher$3.java,actionPerformed,->,d45cede6-0c21-49a3-8643-c26d35a00a73,handwrittengui/TableWatcher.java,access$100
d45cede6-0c21-49a3-8643-c26d35a00a73,e8a27418-fe6e-481d-99e9-8cfcf17f2059,ab8aadcf-dae6-4a3f-885b-f92f4f36bfc1,->,d45cede6-0c21-49a3-8643-c26d35a00a73,handwrittengui/Greeter.java,getContentPane
d45cede6-0c21-49a3-8643-c26d35a00a73,e8a27418-fe6e-481d-99e9-8cfcf17f2059,ab8aadcf-dae6-4a3f-885b-f92f4f36bfc1,->,d45cede6-0c21-49a3-8643-c26d35a00a73,javax/swing/GroupLayout.java,setAutoCreateGaps
d45cede6-0c21-49a3-8643-c26d35a00a73,e8a27418-fe6e-481d-99e9-8cfcf17f2059,ab8aadcf-dae6-4a3f-885b-f92f4f36bfc1,->,d45cede6-0c21-49a3-8643-c26d35a00a73,handwrittengui/Greeter.java,getContentPane
d45cede6-0c21-49a3-8643-c26d35a00a73,e8a27418-fe6e-481d-99e9-8cfcf17f2059,ab8aadcf-dae6-4a3f-885b-f92f4f36bfc1,->,d45cede6-0c21-49a3-8643-c26d35a00a73,java/awt/Container.java,setLayout
d45cede6-0c21-49a3-8643-c26d35a00a73,e8a27418-fe6e-481d-99e9-8cfcf17f2059,ab8aadcf-dae6-4a3f-885b-f92f4f36bfc1,->,d45cede6-0c21-49a3-8643-c26d35a00a73,javax/swing/JLabel.java,getPreferredSize
d45cede6-0c21-49a3-8643-c26d35a00a73,e8a27418-fe6e-481d-99e9-8cfcf17f2059,ab8aadcf-dae6-4a3f-885b-f92f4f36bfc1,->,d45cede6-0c21-49a3-8643-c26d35a00a73,javax/swing/JSpinner.java,getPreferredSize
d45cede6-0c21-49a3-8643-c26d35a00a73,e8a27418-fe6e-481d-99e9-8cfcf17f2059,ab8aadcf-dae6-4a3f-885b-f92f4f36bfc1,->,d45cede6-0c21-49a3-8643-c26d35a00a73,javax/swing/GroupLayout.java,createSequentialGroup
d45cede6-0c21-49a3-8643-c26d35a00a73,e8a27418-fe6e-481d-99e9-8cfcf17f2059,ab8aadcf-dae6-4a3f-885b-f92f4f36bfc1,->,d45cede6-0c21-49a3-8643-c26d35a00a73,javax/swing/GroupLayout.java,createParallelGroup
d45cede6-0c21-49a3-8643-c26d35a00a73,e8a27418-fe6e-481d-99e9-8cfcf17f2059,ab8aadcf-dae6-4a3f-885b-f92f4f36bfc1,->,d45cede6-0c21-49a3-8643-c26d35a00a73,javax/swing/GroupLayout$ParallelGroup.java,addComponent
d45cede6-0c21-49a3-8643-c26d35a00a73,e8a27418-fe6e-481d-99e9-8cfcf17f2059,ab8aadcf-dae6-4a3f-885b-f92f4f36bfc1,->,d45cede6-0c21-49a3-8643-c26d35a00a73,javax/swing/GroupLayout$ParallelGroup.java,addComponent
d45cede6-0c21-49a3-8643-c26d35a00a73,e8a27418-fe6e-481d-99e9-8cfcf17f2059,ab8aadcf-dae6-4a3f-885b-f92f4f36bfc1,->,d45cede6-0c21-49a3-8643-c26d35a00a73,javax/swing/GroupLayout$SequentialGroup.java,addGroup
d45cede6-0c21-49a3-8643-c26d35a00a73,e8a27418-fe6e-481d-99e9-8cfcf17f2059,ab8aadcf-dae6-4a3f-885b-f92f4f36bfc1,->,d45cede6-0c21-49a3-8643-c26d35a00a73,javax/swing/GroupLayout.java,createParallelGroup
d45cede6-0c21-49a3-8643-c26d35a00a73,e8a27418-fe6e-481d-99e9-8cfcf17f2059,ab8aadcf-dae6-4a3f-885b-f92f4f36bfc1,->,d45cede6-0c21-49a3-8643-c26d35a00a73,javax/swing/GroupLayout$ParallelGroup.java,addComponent
d45cede6-0c21-49a3-8643-c26d35a00a73,e8a27418-fe6e-481d-99e9-8cfcf17f2059,ab8aadcf-dae6-4a3f-885b-f92f4f36bfc1,->,d45cede6-0c21-49a3-8643-c26d35a00a73,javax/swing/GroupLayout$ParallelGroup.java,addComponent
d45cede6-0c21-49a3-8643-c26d35a00a73,e8a27418-fe6e-481d-99e9-8cfcf17f2059,ab8aadcf-dae6-4a3f-885b-f92f4f36bfc1,->,d45cede6-0c21-49a3-8643-c26d35a00a73,javax/swing/GroupLayout$SequentialGroup.java,addGroup
d45cede6-0c21-49a3-8643-c26d35a00a73,e8a27418-fe6e-481d-99e9-8cfcf17f2059,ab8aadcf-dae6-4a3f-885b-f92f4f36bfc1,->,d45cede6-0c21-49a3-8643-c26d35a00a73,javax/swing/GroupLayout.java,createParallelGroup
d45cede6-0c21-49a3-8643-c26d35a00a73,e8a27418-fe6e-481d-99e9-8cfcf17f2059,ab8aadcf-dae6-4a3f-885b-f92f4f36bfc1,->,d45cede6-0c21-49a3-8643-c26d35a00a73,javax/swing/GroupLayout$ParallelGroup.java,addComponent
d45cede6-0c21-49a3-8643-c26d35a00a73,e8a27418-fe6e-481d-99e9-8cfcf17f2059,ab8aadcf-dae6-4a3f-885b-f92f4f36bfc1,->,d45cede6-0c21-49a3-8643-c26d35a00a73,javax/swing/GroupLayout$ParallelGroup.java,addComponent
d45cede6-0c21-49a3-8643-c26d35a00a73,e8a27418-fe6e-481d-99e9-8cfcf17f2059,ab8aadcf-dae6-4a3f-885b-f92f4f36bfc1,->,d45cede6-0c21-49a3-8643-c26d35a00a73,javax/swing/GroupLayout$SequentialGroup.java,addGroup
d45cede6-0c21-49a3-8643-c26d35a00a73,e8a27418-fe6e-481d-99e9-8cfcf17f2059,ab8aadcf-dae6-4a3f-885b-f92f4f36bfc1,->,d45cede6-0c21-49a3-8643-c26d35a00a73,javax/swing/GroupLayout$SequentialGroup.java,addComponent
d45cede6-0c21-49a3-8643-c26d35a00a73,e8a27418-fe6e-481d-99e9-8cfcf17f2059,ab8aadcf-dae6-4a3f-885b-f92f4f36bfc1,->,d45cede6-0c21-49a3-8643-c26d35a00a73,javax/swing/GroupLayout.java,createParallelGroup
d45cede6-0c21-49a3-8643-c26d35a00a73,e8a27418-fe6e-481d-99e9-8cfcf17f2059,ab8aadcf-dae6-4a3f-885b-f92f4f36bfc1,->,d45cede6-0c21-49a3-8643-c26d35a00a73,javax/swing/GroupLayout$ParallelGroup.java,addComponent
d45cede6-0c21-49a3-8643-c26d35a00a73,e8a27418-fe6e-481d-99e9-8cfcf17f2059,ab8aadcf-dae6-4a3f-885b-f92f4f36bfc1,->,d45cede6-0c21-49a3-8643-c26d35a00a73,javax/swing/GroupLayout$ParallelGroup.java,addComponent
d45cede6-0c21-49a3-8643-c26d35a00a73,e8a27418-fe6e-481d-99e9-8cfcf17f2059,ab8aadcf-dae6-4a3f-885b-f92f4f36bfc1,->,d45cede6-0c21-49a3-8643-c26d35a00a73,javax/swing/GroupLayout$SequentialGroup.java,addGroup
d45cede6-0c21-49a3-8643-c26d35a00a73,e8a27418-fe6e-481d-99e9-8cfcf17f2059,ab8aadcf-dae6-4a3f-885b-f92f4f36bfc1,->,d45cede6-0c21-49a3-8643-c26d35a00a73,javax/swing/GroupLayout.java,createParallelGroup
d45cede6-0c21-49a3-8643-c26d35a00a73,e8a27418-fe6e-481d-99e9-8cfcf17f2059,ab8aadcf-dae6-4a3f-885b-f92f4f36bfc1,->,d45cede6-0c21-49a3-8643-c26d35a00a73,javax/swing/GroupLayout$ParallelGroup.java,addComponent
d45cede6-0c21-49a3-8643-c26d35a00a73,e8a27418-fe6e-481d-99e9-8cfcf17f2059,ab8aadcf-dae6-4a3f-885b-f92f4f36bfc1,->,d45cede6-0c21-49a3-8643-c26d35a00a73,javax/swing/GroupLayout$ParallelGroup.java,addComponent
d45cede6-0c21-49a3-8643-c26d35a00a73,e8a27418-fe6e-481d-99e9-8cfcf17f2059,ab8aadcf-dae6-4a3f-885b-f92f4f36bfc1,->,d45cede6-0c21-49a3-8643-c26d35a00a73,javax/swing/GroupLayout$SequentialGroup.java,addGroup
d45cede6-0c21-49a3-8643-c26d35a00a73,e8a27418-fe6e-481d-99e9-8cfcf17f2059,ab8aadcf-dae6-4a3f-885b-f92f4f36bfc1,->,d45cede6-0c21-49a3-8643-c26d35a00a73,javax/swing/GroupLayout.java,setHorizontalGroup
d45cede6-0c21-49a3-8643-c26d35a00a73,e8a27418-fe6e-481d-99e9-8cfcf17f2059,ab8aadcf-dae6-4a3f-885b-f92f4f36bfc1,->,d45cede6-0c21-49a3-8643-c26d35a00a73,javax/swing/GroupLayout.java,createParallelGroup
d45cede6-0c21-49a3-8643-c26d35a00a73,e8a27418-fe6e-481d-99e9-8cfcf17f2059,ab8aadcf-dae6-4a3f-885b-f92f4f36bfc1,->,d45cede6-0c21-49a3-8643-c26d35a00a73,javax/swing/GroupLayout.java,createSequentialGroup
d45cede6-0c21-49a3-8643-c26d35a00a73,e8a27418-fe6e-481d-99e9-8cfcf17f2059,ab8aadcf-dae6-4a3f-885b-f92f4f36bfc1,->,d45cede6-0c21-49a3-8643-c26d35a00a73,javax/swing/GroupLayout$SequentialGroup.java,addComponent
d45cede6-0c21-49a3-8643-c26d35a00a73,e8a27418-fe6e-481d-99e9-8cfcf17f2059,ab8aadcf-dae6-4a3f-885b-f92f4f36bfc1,->,d45cede6-0c21-49a3-8643-c26d35a00a73,javax/swing/GroupLayout$SequentialGroup.java,addComponent
d45cede6-0c21-49a3-8643-c26d35a00a73,e8a27418-fe6e-481d-99e9-8cfcf17f2059,ab8aadcf-dae6-4a3f-885b-f92f4f36bfc1,->,d45cede6-0c21-49a3-8643-c26d35a00a73,javax/swing/GroupLayout$ParallelGroup.java,addGroup
d45cede6-0c21-49a3-8643-c26d35a00a73,e8a27418-fe6e-481d-99e9-8cfcf17f2059,ab8aadcf-dae6-4a3f-885b-f92f4f36bfc1,->,d45cede6-0c21-49a3-8643-c26d35a00a73,javax/swing/GroupLayout.java,createSequentialGroup
d45cede6-0c21-49a3-8643-c26d35a00a73,e8a27418-fe6e-481d-99e9-8cfcf17f2059,ab8aadcf-dae6-4a3f-885b-f92f4f36bfc1,->,d45cede6-0c21-49a3-8643-c26d35a00a73,javax/swing/GroupLayout$SequentialGroup.java,addComponent
d45cede6-0c21-49a3-8643-c26d35a00a73,e8a27418-fe6e-481d-99e9-8cfcf17f2059,ab8aadcf-dae6-4a3f-885b-f92f4f36bfc1,->,d45cede6-0c21-49a3-8643-c26d35a00a73,javax/swing/GroupLayout$SequentialGroup.java,addComponent
d45cede6-0c21-49a3-8643-c26d35a00a73,e8a27418-fe6e-481d-99e9-8cfcf17f2059,ab8aadcf-dae6-4a3f-885b-f92f4f36bfc1,->,d45cede6-0c21-49a3-8643-c26d35a00a73,javax/swing/GroupLayout$ParallelGroup.java,addGroup
d45cede6-0c21-49a3-8643-c26d35a00a73,e8a27418-fe6e-481d-99e9-8cfcf17f2059,ab8aadcf-dae6-4a3f-885b-f92f4f36bfc1,->,d45cede6-0c21-49a3-8643-c26d35a00a73,javax/swing/GroupLayout.java,createSequentialGroup
d45cede6-0c21-49a3-8643-c26d35a00a73,e8a27418-fe6e-481d-99e9-8cfcf17f2059,ab8aadcf-dae6-4a3f-885b-f92f4f36bfc1,->,d45cede6-0c21-49a3-8643-c26d35a00a73,javax/swing/GroupLayout$SequentialGroup.java,addComponent
d45cede6-0c21-49a3-8643-c26d35a00a73,e8a27418-fe6e-481d-99e9-8cfcf17f2059,ab8aadcf-dae6-4a3f-885b-f92f4f36bfc1,->,d45cede6-0c21-49a3-8643-c26d35a00a73,javax/swing/GroupLayout$SequentialGroup.java,addComponent
d45cede6-0c21-49a3-8643-c26d35a00a73,e8a27418-fe6e-481d-99e9-8cfcf17f2059,ab8aadcf-dae6-4a3f-885b-f92f4f36bfc1,->,d45cede6-0c21-49a3-8643-c26d35a00a73,javax/swing/GroupLayout$ParallelGroup.java,addGroup
d45cede6-0c21-49a3-8643-c26d35a00a73,e8a27418-fe6e-481d-99e9-8cfcf17f2059,ab8aadcf-dae6-4a3f-885b-f92f4f36bfc1,->,d45cede6-0c21-49a3-8643-c26d35a00a73,javax/swing/GroupLayout$ParallelGroup.java,addComponent
d45cede6-0c21-49a3-8643-c26d35a00a73,e8a27418-fe6e-481d-99e9-8cfcf17f2059,ab8aadcf-dae6-4a3f-885b-f92f4f36bfc1,->,d45cede6-0c21-49a3-8643-c26d35a00a73,javax/swing/GroupLayout.java,createSequentialGroup
d45cede6-0c21-49a3-8643-c26d35a00a73,e8a27418-fe6e-481d-99e9-8cfcf17f2059,ab8aadcf-dae6-4a3f-885b-f92f4f36bfc1,->,d45cede6-0c21-49a3-8643-c26d35a00a73,javax/swing/GroupLayout$SequentialGroup.java,addComponent
d45cede6-0c21-49a3-8643-c26d35a00a73,e8a27418-fe6e-481d-99e9-8cfcf17f2059,ab8aadcf-dae6-4a3f-885b-f92f4f36bfc1,->,d45cede6-0c21-49a3-8643-c26d35a00a73,javax/swing/GroupLayout$SequentialGroup.java,addComponent
d45cede6-0c21-49a3-8643-c26d35a00a73,e8a27418-fe6e-481d-99e9-8cfcf17f2059,ab8aadcf-dae6-4a3f-885b-f92f4f36bfc1,->,d45cede6-0c21-49a3-8643-c26d35a00a73,javax/swing/GroupLayout$ParallelGroup.java,addGroup
d45cede6-0c21-49a3-8643-c26d35a00a73,e8a27418-fe6e-481d-99e9-8cfcf17f2059,ab8aadcf-dae6-4a3f-885b-f92f4f36bfc1,->,d45cede6-0c21-49a3-8643-c26d35a00a73,javax/swing/GroupLayout.java,createSequentialGroup
d45cede6-0c21-49a3-8643-c26d35a00a73,e8a27418-fe6e-481d-99e9-8cfcf17f2059,ab8aadcf-dae6-4a3f-885b-f92f4f36bfc1,->,d45cede6-0c21-49a3-8643-c26d35a00a73,javax/swing/GroupLayout$SequentialGroup.java,addComponent
d45cede6-0c21-49a3-8643-c26d35a00a73,e8a27418-fe6e-481d-99e9-8cfcf17f2059,ab8aadcf-dae6-4a3f-885b-f92f4f36bfc1,->,d45cede6-0c21-49a3-8643-c26d35a00a73,javax/swing/GroupLayout$SequentialGroup.java,addComponent
d45cede6-0c21-49a3-8643-c26d35a00a73,e8a27418-fe6e-481d-99e9-8cfcf17f2059,ab8aadcf-dae6-4a3f-885b-f92f4f36bfc1,->,d45cede6-0c21-49a3-8643-c26d35a00a73,javax/swing/GroupLayout$ParallelGroup.java,addGroup
d45cede6-0c21-49a3-8643-c26d35a00a73,e8a27418-fe6e-481d-99e9-8cfcf17f2059,ab8aadcf-dae6-4a3f-885b-f92f4f36bfc1,->,d45cede6-0c21-49a3-8643-c26d35a00a73,javax/swing/GroupLayout.java,setVerticalGroup
d45cede6-0c21-49a3-8643-c26d35a00a73,e8a27418-fe6e-481d-99e9-8cfcf17f2059,ab8aadcf-dae6-4a3f-885b-f92f4f36bfc1,->,d45cede6-0c21-49a3-8643-c26d35a00a73,handwrittengui/Greeter.java,pack
d45cede6-0c21-49a3-8643-c26d35a00a73,e8a27418-fe6e-481d-99e9-8cfcf17f2059,ab8aadcf-dae6-4a3f-885b-f92f4f36bfc1,->,d45cede6-0c21-49a3-8643-c26d35a00a73,javax/swing/JSpinner.java,requestFocusInWindow
d45cede6-0c21-49a3-8643-c26d35a00a73,e8a27418-fe6e-481d-99e9-8cfcf17f2059,ab8aadcf-dae6-4a3f-885b-f92f4f36bfc1,->,d45cede6-0c21-49a3-8643-c26d35a00a73,handwrittengui/Greeter.java,setVisible
d45cede6-0c21-49a3-8643-c26d35a00a73,e8a27418-fe6e-481d-99e9-8cfcf17f2059,f6034a2b-73b2-4122-a026-9d0116ab7b72,->,d45cede6-0c21-49a3-8643-c26d35a00a73,handwrittengui/Greeter.java,setDefaultCloseOperation
d45cede6-0c21-49a3-8643-c26d35a00a73,e8a27418-fe6e-481d-99e9-8cfcf17f2059,f6034a2b-73b2-4122-a026-9d0116ab7b72,->,d45cede6-0c21-49a3-8643-c26d35a00a73,e8a27418-fe6e-481d-99e9-8cfcf17f2059,09dabb6e-f85b-4043-b141-5fd532740860
d45cede6-0c21-49a3-8643-c26d35a00a73,e8a27418-fe6e-481d-99e9-8cfcf17f2059,f6034a2b-73b2-4122-a026-9d0116ab7b72,->,d45cede6-0c21-49a3-8643-c26d35a00a73,e8a27418-fe6e-481d-99e9-8cfcf17f2059,1680febc-9d57-47b0-b917-1666ab0519f7
d45cede6-0c21-49a3-8643-c26d35a00a73,e8a27418-fe6e-481d-99e9-8cfcf17f2059,f6034a2b-73b2-4122-a026-9d0116ab7b72,->,d45cede6-0c21-49a3-8643-c26d35a00a73,e8a27418-fe6e-481d-99e9-8cfcf17f2059,98aa31d8-7fa8-4a42-974a-7b7a57dc86c5
d45cede6-0c21-49a3-8643-c26d35a00a73,e8a27418-fe6e-481d-99e9-8cfcf17f2059,329d9d63-e56d-4389-a1eb-ddb613625b90,->,d45cede6-0c21-49a3-8643-c26d35a00a73,javax/swing/JSpinner.java,getValue
d45cede6-0c21-49a3-8643-c26d35a00a73,e8a27418-fe6e-481d-99e9-8cfcf17f2059,329d9d63-e56d-4389-a1eb-ddb613625b90,->,d45cede6-0c21-49a3-8643-c26d35a00a73,java/lang/Number.java,intValue
d45cede6-0c21-49a3-8643-c26d35a00a73,e8a27418-fe6e-481d-99e9-8cfcf17f2059,329d9d63-e56d-4389-a1eb-ddb613625b90,->,d45cede6-0c21-49a3-8643-c26d35a00a73,javax/swing/JSpinner.java,getValue
d45cede6-0c21-49a3-8643-c26d35a00a73,e8a27418-fe6e-481d-99e9-8cfcf17f2059,329d9d63-e56d-4389-a1eb-ddb613625b90,->,d45cede6-0c21-49a3-8643-c26d35a00a73,java/lang/Number.java,intValue
d45cede6-0c21-49a3-8643-c26d35a00a73,e8a27418-fe6e-481d-99e9-8cfcf17f2059,329d9d63-e56d-4389-a1eb-ddb613625b90,->,d45cede6-0c21-49a3-8643-c26d35a00a73,javax/swing/JSpinner.java,getValue
d45cede6-0c21-49a3-8643-c26d35a00a73,e8a27418-fe6e-481d-99e9-8cfcf17f2059,329d9d63-e56d-4389-a1eb-ddb613625b90,->,d45cede6-0c21-49a3-8643-c26d35a00a73,java/lang/Number.java,intValue
d45cede6-0c21-49a3-8643-c26d35a00a73,e8a27418-fe6e-481d-99e9-8cfcf17f2059,329d9d63-e56d-4389-a1eb-ddb613625b90,->,d45cede6-0c21-49a3-8643-c26d35a00a73,javax/swing/JCheckBox.java,isSelected
d45cede6-0c21-49a3-8643-c26d35a00a73,e8a27418-fe6e-481d-99e9-8cfcf17f2059,329d9d63-e56d-4389-a1eb-ddb613625b90,->,d45cede6-0c21-49a3-8643-c26d35a00a73,javax/swing/JCheckBox.java,isSelected
d45cede6-0c21-49a3-8643-c26d35a00a73,e8a27418-fe6e-481d-99e9-8cfcf17f2059,329d9d63-e56d-4389-a1eb-ddb613625b90,->,d45cede6-0c21-49a3-8643-c26d35a00a73,javax/swing/JCheckBox.java,isSelected
d45cede6-0c21-49a3-8643-c26d35a00a73,e8a27418-fe6e-481d-99e9-8cfcf17f2059,329d9d63-e56d-4389-a1eb-ddb613625b90,->,d45cede6-0c21-49a3-8643-c26d35a00a73,javax/swing/JCheckBox.java,isSelected
d45cede6-0c21-49a3-8643-c26d35a00a73,e8a27418-fe6e-481d-99e9-8cfcf17f2059,329d9d63-e56d-4389-a1eb-ddb613625b90,->,d45cede6-0c21-49a3-8643-c26d35a00a73,java/lang/Integer.java,toString
d45cede6-0c21-49a3-8643-c26d35a00a73,e8a27418-fe6e-481d-99e9-8cfcf17f2059,329d9d63-e56d-4389-a1eb-ddb613625b90,->,d45cede6-0c21-49a3-8643-c26d35a00a73,java/lang/StringBuilder.java,append
d45cede6-0c21-49a3-8643-c26d35a00a73,e8a27418-fe6e-481d-99e9-8cfcf17f2059,329d9d63-e56d-4389-a1eb-ddb613625b90,->,d45cede6-0c21-49a3-8643-c26d35a00a73,java/lang/StringBuilder.java,append
d45cede6-0c21-49a3-8643-c26d35a00a73,e8a27418-fe6e-481d-99e9-8cfcf17f2059,329d9d63-e56d-4389-a1eb-ddb613625b90,->,d45cede6-0c21-49a3-8643-c26d35a00a73,java/lang/Integer.java,toString
d45cede6-0c21-49a3-8643-c26d35a00a73,e8a27418-fe6e-481d-99e9-8cfcf17f2059,329d9d63-e56d-4389-a1eb-ddb613625b90,->,d45cede6-0c21-49a3-8643-c26d35a00a73,java/lang/StringBuilder.java,append
d45cede6-0c21-49a3-8643-c26d35a00a73,e8a27418-fe6e-481d-99e9-8cfcf17f2059,329d9d63-e56d-4389-a1eb-ddb613625b90,->,d45cede6-0c21-49a3-8643-c26d35a00a73,java/lang/StringBuilder.java,append
d45cede6-0c21-49a3-8643-c26d35a00a73,e8a27418-fe6e-481d-99e9-8cfcf17f2059,329d9d63-e56d-4389-a1eb-ddb613625b90,->,d45cede6-0c21-49a3-8643-c26d35a00a73,java/lang/Integer.java,toString
d45cede6-0c21-49a3-8643-c26d35a00a73,e8a27418-fe6e-481d-99e9-8cfcf17f2059,329d9d63-e56d-4389-a1eb-ddb613625b90,->,d45cede6-0c21-49a3-8643-c26d35a00a73,java/lang/StringBuilder.java,append
d45cede6-0c21-49a3-8643-c26d35a00a73,e8a27418-fe6e-481d-99e9-8cfcf17f2059,329d9d63-e56d-4389-a1eb-ddb613625b90,->,d45cede6-0c21-49a3-8643-c26d35a00a73,java/lang/StringBuilder.java,append
d45cede6-0c21-49a3-8643-c26d35a00a73,e8a27418-fe6e-481d-99e9-8cfcf17f2059,329d9d63-e56d-4389-a1eb-ddb613625b90,->,d45cede6-0c21-49a3-8643-c26d35a00a73,java/lang/StringBuilder.java,append
d45cede6-0c21-49a3-8643-c26d35a00a73,e8a27418-fe6e-481d-99e9-8cfcf17f2059,329d9d63-e56d-4389-a1eb-ddb613625b90,->,d45cede6-0c21-49a3-8643-c26d35a00a73,java/lang/StringBuilder.java,toString
d45cede6-0c21-49a3-8643-c26d35a00a73,e8a27418-fe6e-481d-99e9-8cfcf17f2059,329d9d63-e56d-4389-a1eb-ddb613625b90,->,d45cede6-0c21-49a3-8643-c26d35a00a73,efc75c3d-3f80-40f4-a473-ed04316ef50b,a9856c0c-826e-4ffb-b2a5-37fb12ba0dc3
d45cede6-0c21-49a3-8643-c26d35a00a73,e8a27418-fe6e-481d-99e9-8cfcf17f2059,98aa31d8-7fa8-4a42-974a-7b7a57dc86c5,->,d45cede6-0c21-49a3-8643-c26d35a00a73,javax/swing/JCheckBox.java,addMouseListener
d45cede6-0c21-49a3-8643-c26d35a00a73,e8a27418-fe6e-481d-99e9-8cfcf17f2059,1680febc-9d57-47b0-b917-1666ab0519f7,->,d45cede6-0c21-49a3-8643-c26d35a00a73,javax/swing/JCheckBox.java,addMouseListener
d45cede6-0c21-49a3-8643-c26d35a00a73,e8a27418-fe6e-481d-99e9-8cfcf17f2059,09dabb6e-f85b-4043-b141-5fd532740860,->,d45cede6-0c21-49a3-8643-c26d35a00a73,javax/swing/JButton.java,addMouseListener
d45cede6-0c21-49a3-8643-c26d35a00a73,handwrittengui/Greeter.java,access$200,->,d45cede6-0c21-49a3-8643-c26d35a00a73,e8a27418-fe6e-481d-99e9-8cfcf17f2059,329d9d63-e56d-4389-a1eb-ddb613625b90
d45cede6-0c21-49a3-8643-c26d35a00a73,handwrittengui/Customer$TableType.java,values,->,d45cede6-0c21-49a3-8643-c26d35a00a73,handwrittengui/Customer$TableType.java,clone
d45cede6-0c21-49a3-8643-c26d35a00a73,handwrittengui/Customer$TableType.java,valueOf,->,d45cede6-0c21-49a3-8643-c26d35a00a73,java/lang/Enum.java,valueOf
d45cede6-0c21-49a3-8643-c26d35a00a73,b1753134-45e1-4bba-80ff-cb9487a44839,8d883998-15d5-43e5-966c-9bb8663f68e8,->,d45cede6-0c21-49a3-8643-c26d35a00a73,bab4eebc-dec3-48f0-ad61-d6b4fcf4cbfa,860f26dc-9110-4228-9a2a-46af6490409b
d45cede6-0c21-49a3-8643-c26d35a00a73,b1753134-45e1-4bba-80ff-cb9487a44839,8d883998-15d5-43e5-966c-9bb8663f68e8,->,d45cede6-0c21-49a3-8643-c26d35a00a73,java/io/PrintStream.java,println
d45cede6-0c21-49a3-8643-c26d35a00a73,handwrittengui/ServerGUI$1.java,mouseClicked,->,d45cede6-0c21-49a3-8643-c26d35a00a73,handwrittengui/ServerGUI.java,requestFocus
d45cede6-0c21-49a3-8643-c26d35a00a73,5456f471-460d-4f5d-bedc-d455770e6bf7,ea05e101-8cf2-4c2b-a0b3-18044f942dbb,->,d45cede6-0c21-49a3-8643-c26d35a00a73,java/io/PrintStream.java,println
d45cede6-0c21-49a3-8643-c26d35a00a73,5456f471-460d-4f5d-bedc-d455770e6bf7,ea05e101-8cf2-4c2b-a0b3-18044f942dbb,->,d45cede6-0c21-49a3-8643-c26d35a00a73,java/net/ServerSocket.java,accept
d45cede6-0c21-49a3-8643-c26d35a00a73,5456f471-460d-4f5d-bedc-d455770e6bf7,ea05e101-8cf2-4c2b-a0b3-18044f942dbb,->,d45cede6-0c21-49a3-8643-c26d35a00a73,java/lang/StringBuilder.java,append
d45cede6-0c21-49a3-8643-c26d35a00a73,5456f471-460d-4f5d-bedc-d455770e6bf7,ea05e101-8cf2-4c2b-a0b3-18044f942dbb,->,d45cede6-0c21-49a3-8643-c26d35a00a73,java/net/Socket.java,getInetAddress
d45cede6-0c21-49a3-8643-c26d35a00a73,5456f471-460d-4f5d-bedc-d455770e6bf7,ea05e101-8cf2-4c2b-a0b3-18044f942dbb,->,d45cede6-0c21-49a3-8643-c26d35a00a73,java/net/InetAddress.java,getHostName
d45cede6-0c21-49a3-8643-c26d35a00a73,5456f471-460d-4f5d-bedc-d455770e6bf7,ea05e101-8cf2-4c2b-a0b3-18044f942dbb,->,d45cede6-0c21-49a3-8643-c26d35a00a73,java/lang/StringBuilder.java,append
d45cede6-0c21-49a3-8643-c26d35a00a73,5456f471-460d-4f5d-bedc-d455770e6bf7,ea05e101-8cf2-4c2b-a0b3-18044f942dbb,->,d45cede6-0c21-49a3-8643-c26d35a00a73,java/lang/StringBuilder.java,toString
d45cede6-0c21-49a3-8643-c26d35a00a73,5456f471-460d-4f5d-bedc-d455770e6bf7,ea05e101-8cf2-4c2b-a0b3-18044f942dbb,->,d45cede6-0c21-49a3-8643-c26d35a00a73,java/io/PrintStream.java,println
d45cede6-0c21-49a3-8643-c26d35a00a73,5456f471-460d-4f5d-bedc-d455770e6bf7,ea05e101-8cf2-4c2b-a0b3-18044f942dbb,->,d45cede6-0c21-49a3-8643-c26d35a00a73,java/net/Socket.java,getInputStream
d45cede6-0c21-49a3-8643-c26d35a00a73,5456f471-460d-4f5d-bedc-d455770e6bf7,ea05e101-8cf2-4c2b-a0b3-18044f942dbb,->,d45cede6-0c21-49a3-8643-c26d35a00a73,java/io/ObjectInputStream.java,readObject
d45cede6-0c21-49a3-8643-c26d35a00a73,5456f471-460d-4f5d-bedc-d455770e6bf7,ea05e101-8cf2-4c2b-a0b3-18044f942dbb,->,d45cede6-0c21-49a3-8643-c26d35a00a73,java/lang/String.java,split
d45cede6-0c21-49a3-8643-c26d35a00a73,5456f471-460d-4f5d-bedc-d455770e6bf7,ea05e101-8cf2-4c2b-a0b3-18044f942dbb,->,d45cede6-0c21-49a3-8643-c26d35a00a73,5456f471-460d-4f5d-bedc-d455770e6bf7,c438500f-30f3-4910-9dac-09873dff2d83
d45cede6-0c21-49a3-8643-c26d35a00a73,5456f471-460d-4f5d-bedc-d455770e6bf7,ea05e101-8cf2-4c2b-a0b3-18044f942dbb,->,d45cede6-0c21-49a3-8643-c26d35a00a73,java/lang/String.java,equalsIgnoreCase
d45cede6-0c21-49a3-8643-c26d35a00a73,5456f471-460d-4f5d-bedc-d455770e6bf7,ea05e101-8cf2-4c2b-a0b3-18044f942dbb,->,d45cede6-0c21-49a3-8643-c26d35a00a73,bab4eebc-dec3-48f0-ad61-d6b4fcf4cbfa,7028d12e-6e54-4e2a-8eff-5a6c42d59312
d45cede6-0c21-49a3-8643-c26d35a00a73,5456f471-460d-4f5d-bedc-d455770e6bf7,ea05e101-8cf2-4c2b-a0b3-18044f942dbb,->,d45cede6-0c21-49a3-8643-c26d35a00a73,java/lang/String.java,equalsIgnoreCase
d45cede6-0c21-49a3-8643-c26d35a00a73,5456f471-460d-4f5d-bedc-d455770e6bf7,ea05e101-8cf2-4c2b-a0b3-18044f942dbb,->,d45cede6-0c21-49a3-8643-c26d35a00a73,bab4eebc-dec3-48f0-ad61-d6b4fcf4cbfa,7028d12e-6e54-4e2a-8eff-5a6c42d59312
d45cede6-0c21-49a3-8643-c26d35a00a73,5456f471-460d-4f5d-bedc-d455770e6bf7,ea05e101-8cf2-4c2b-a0b3-18044f942dbb,->,d45cede6-0c21-49a3-8643-c26d35a00a73,java/lang/Exception.java,toString
d45cede6-0c21-49a3-8643-c26d35a00a73,5456f471-460d-4f5d-bedc-d455770e6bf7,ea05e101-8cf2-4c2b-a0b3-18044f942dbb,->,d45cede6-0c21-49a3-8643-c26d35a00a73,java/io/PrintStream.java,println
d45cede6-0c21-49a3-8643-c26d35a00a73,5456f471-460d-4f5d-bedc-d455770e6bf7,c438500f-30f3-4910-9dac-09873dff2d83,->,d45cede6-0c21-49a3-8643-c26d35a00a73,bab4eebc-dec3-48f0-ad61-d6b4fcf4cbfa,9c56f1ab-daf7-4c7e-8528-90f7e2d800b5
d45cede6-0c21-49a3-8643-c26d35a00a73,5456f471-460d-4f5d-bedc-d455770e6bf7,c438500f-30f3-4910-9dac-09873dff2d83,->,d45cede6-0c21-49a3-8643-c26d35a00a73,java/lang/String.java,equalsIgnoreCase
d45cede6-0c21-49a3-8643-c26d35a00a73,handwrittengui/WaitList$1.java,run,->,d45cede6-0c21-49a3-8643-c26d35a00a73,handwrittengui/WaitList.java,access$000
d45cede6-0c21-49a3-8643-c26d35a00a73,handwrittengui/WaitList$1.java,run,->,d45cede6-0c21-49a3-8643-c26d35a00a73,java/io/PrintStream.java,println
d45cede6-0c21-49a3-8643-c26d35a00a73,handwrittengui/TableGUI$2.java,mouseClicked,->,d45cede6-0c21-49a3-8643-c26d35a00a73,handwrittengui/TableGUI.java,access$300
d45cede6-0c21-49a3-8643-c26d35a00a73,handwrittengui/TableGUI$2.java,mouseClicked,->,d45cede6-0c21-49a3-8643-c26d35a00a73,handwrittengui/TableGUI.java,access$102
d45cede6-0c21-49a3-8643-c26d35a00a73,handwrittengui/TableGUI$2.java,mouseClicked,->,d45cede6-0c21-49a3-8643-c26d35a00a73,handwrittengui/TableGUI.java,access$202
d45cede6-0c21-49a3-8643-c26d35a00a73,handwrittengui/TableGUI$2.java,mouseClicked,->,d45cede6-0c21-49a3-8643-c26d35a00a73,handwrittengui/TableGUI.java,access$000
d45cede6-0c21-49a3-8643-c26d35a00a73,handwrittengui/TableGUI$2.java,mouseClicked,->,d45cede6-0c21-49a3-8643-c26d35a00a73,javax/swing/JPopupMenu.java,setVisible
d45cede6-0c21-49a3-8643-c26d35a00a73,efc75c3d-3f80-40f4-a473-ed04316ef50b,55d4051d-e773-49c7-8476-3392d4d8f46e,->,d45cede6-0c21-49a3-8643-c26d35a00a73,java/net/Socket.java,getOutputStream
d45cede6-0c21-49a3-8643-c26d35a00a73,efc75c3d-3f80-40f4-a473-ed04316ef50b,55d4051d-e773-49c7-8476-3392d4d8f46e,->,d45cede6-0c21-49a3-8643-c26d35a00a73,java/io/ObjectOutputStream.java,flush
d45cede6-0c21-49a3-8643-c26d35a00a73,efc75c3d-3f80-40f4-a473-ed04316ef50b,55d4051d-e773-49c7-8476-3392d4d8f46e,->,d45cede6-0c21-49a3-8643-c26d35a00a73,java/lang/Exception.java,toString
d45cede6-0c21-49a3-8643-c26d35a00a73,efc75c3d-3f80-40f4-a473-ed04316ef50b,55d4051d-e773-49c7-8476-3392d4d8f46e,->,d45cede6-0c21-49a3-8643-c26d35a00a73,java/io/PrintStream.java,println
d45cede6-0c21-49a3-8643-c26d35a00a73,efc75c3d-3f80-40f4-a473-ed04316ef50b,a9856c0c-826e-4ffb-b2a5-37fb12ba0dc3,->,d45cede6-0c21-49a3-8643-c26d35a00a73,java/io/ObjectOutputStream.java,writeObject
d45cede6-0c21-49a3-8643-c26d35a00a73,efc75c3d-3f80-40f4-a473-ed04316ef50b,a9856c0c-826e-4ffb-b2a5-37fb12ba0dc3,->,d45cede6-0c21-49a3-8643-c26d35a00a73,java/io/ObjectOutputStream.java,flush
d45cede6-0c21-49a3-8643-c26d35a00a73,efc75c3d-3f80-40f4-a473-ed04316ef50b,a9856c0c-826e-4ffb-b2a5-37fb12ba0dc3,->,d45cede6-0c21-49a3-8643-c26d35a00a73,java/lang/Exception.java,toString
d45cede6-0c21-49a3-8643-c26d35a00a73,efc75c3d-3f80-40f4-a473-ed04316ef50b,a9856c0c-826e-4ffb-b2a5-37fb12ba0dc3,->,d45cede6-0c21-49a3-8643-c26d35a00a73,java/io/PrintStream.java,println
d45cede6-0c21-49a3-8643-c26d35a00a73,9334b516-c0aa-4af8-808b-d0d000c5629c,112be19e-2b92-4bf1-948d-008769bd3e03,->,d45cede6-0c21-49a3-8643-c26d35a00a73,bab4eebc-dec3-48f0-ad61-d6b4fcf4cbfa,ed670f24-3f00-47cb-947e-f9ef7b6bf527
d45cede6-0c21-49a3-8643-c26d35a00a73,bab4eebc-dec3-48f0-ad61-d6b4fcf4cbfa,017f7253-767c-451b-bd14-bf460eb90d42,->,d45cede6-0c21-49a3-8643-c26d35a00a73,6b90a6c5-1ca5-4cb8-acc3-398ab5feed53,b2dc1059-8068-4564-aa7e-5c3a9d026dbd
d45cede6-0c21-49a3-8643-c26d35a00a73,bab4eebc-dec3-48f0-ad61-d6b4fcf4cbfa,017f7253-767c-451b-bd14-bf460eb90d42,->,d45cede6-0c21-49a3-8643-c26d35a00a73,6b90a6c5-1ca5-4cb8-acc3-398ab5feed53,91cdf5ae-5edd-4ab2-a4d6-0746937590d2
d45cede6-0c21-49a3-8643-c26d35a00a73,bab4eebc-dec3-48f0-ad61-d6b4fcf4cbfa,777a4a5a-0dd1-47a9-acd3-9d2cbc3a991d,->,d45cede6-0c21-49a3-8643-c26d35a00a73,java/util/ArrayList.java,size
d45cede6-0c21-49a3-8643-c26d35a00a73,bab4eebc-dec3-48f0-ad61-d6b4fcf4cbfa,777a4a5a-0dd1-47a9-acd3-9d2cbc3a991d,->,d45cede6-0c21-49a3-8643-c26d35a00a73,6b90a6c5-1ca5-4cb8-acc3-398ab5feed53,b2dc1059-8068-4564-aa7e-5c3a9d026dbd
d45cede6-0c21-49a3-8643-c26d35a00a73,bab4eebc-dec3-48f0-ad61-d6b4fcf4cbfa,777a4a5a-0dd1-47a9-acd3-9d2cbc3a991d,->,d45cede6-0c21-49a3-8643-c26d35a00a73,java/util/ArrayList.java,size
d45cede6-0c21-49a3-8643-c26d35a00a73,bab4eebc-dec3-48f0-ad61-d6b4fcf4cbfa,777a4a5a-0dd1-47a9-acd3-9d2cbc3a991d,->,d45cede6-0c21-49a3-8643-c26d35a00a73,bab4eebc-dec3-48f0-ad61-d6b4fcf4cbfa,777a4a5a-0dd1-47a9-acd3-9d2cbc3a991d
d45cede6-0c21-49a3-8643-c26d35a00a73,bab4eebc-dec3-48f0-ad61-d6b4fcf4cbfa,845e47d6-eb3e-42c8-8f75-1a5da93e715f,->,d45cede6-0c21-49a3-8643-c26d35a00a73,bab4eebc-dec3-48f0-ad61-d6b4fcf4cbfa,25db47fa-c489-4eba-b304-9d82a32e6f0d
d45cede6-0c21-49a3-8643-c26d35a00a73,bab4eebc-dec3-48f0-ad61-d6b4fcf4cbfa,845e47d6-eb3e-42c8-8f75-1a5da93e715f,->,d45cede6-0c21-49a3-8643-c26d35a00a73,7971d8cd-36d8-4128-8924-5072f695ee76,f5cf9288-fe6c-4685-b350-a63df9bf6f39
d45cede6-0c21-49a3-8643-c26d35a00a73,bab4eebc-dec3-48f0-ad61-d6b4fcf4cbfa,1285994c-d653-42e4-986b-40de91b5a971,->,d45cede6-0c21-49a3-8643-c26d35a00a73,java/lang/StringBuilder.java,append
d45cede6-0c21-49a3-8643-c26d35a00a73,bab4eebc-dec3-48f0-ad61-d6b4fcf4cbfa,1285994c-d653-42e4-986b-40de91b5a971,->,d45cede6-0c21-49a3-8643-c26d35a00a73,bab4eebc-dec3-48f0-ad61-d6b4fcf4cbfa,9c56f1ab-daf7-4c7e-8528-90f7e2d800b5
d45cede6-0c21-49a3-8643-c26d35a00a73,bab4eebc-dec3-48f0-ad61-d6b4fcf4cbfa,1285994c-d653-42e4-986b-40de91b5a971,->,d45cede6-0c21-49a3-8643-c26d35a00a73,java/lang/StringBuilder.java,append
d45cede6-0c21-49a3-8643-c26d35a00a73,bab4eebc-dec3-48f0-ad61-d6b4fcf4cbfa,1285994c-d653-42e4-986b-40de91b5a971,->,d45cede6-0c21-49a3-8643-c26d35a00a73,java/lang/StringBuilder.java,append
d45cede6-0c21-49a3-8643-c26d35a00a73,bab4eebc-dec3-48f0-ad61-d6b4fcf4cbfa,1285994c-d653-42e4-986b-40de91b5a971,->,d45cede6-0c21-49a3-8643-c26d35a00a73,java/lang/StringBuilder.java,toString
d45cede6-0c21-49a3-8643-c26d35a00a73,bab4eebc-dec3-48f0-ad61-d6b4fcf4cbfa,1285994c-d653-42e4-986b-40de91b5a971,->,d45cede6-0c21-49a3-8643-c26d35a00a73,bab4eebc-dec3-48f0-ad61-d6b4fcf4cbfa,057bbca1-60d3-47aa-baca-3615141c7470
d45cede6-0c21-49a3-8643-c26d35a00a73,bab4eebc-dec3-48f0-ad61-d6b4fcf4cbfa,1285994c-d653-42e4-986b-40de91b5a971,->,d45cede6-0c21-49a3-8643-c26d35a00a73,bab4eebc-dec3-48f0-ad61-d6b4fcf4cbfa,f2380d48-8f07-4fb9-a01a-b20d57c46158
d45cede6-0c21-49a3-8643-c26d35a00a73,bab4eebc-dec3-48f0-ad61-d6b4fcf4cbfa,1285994c-d653-42e4-986b-40de91b5a971,->,d45cede6-0c21-49a3-8643-c26d35a00a73,bab4eebc-dec3-48f0-ad61-d6b4fcf4cbfa,f71f5a99-e9b2-434a-8b01-655d1c1e1d6c
d45cede6-0c21-49a3-8643-c26d35a00a73,bab4eebc-dec3-48f0-ad61-d6b4fcf4cbfa,1285994c-d653-42e4-986b-40de91b5a971,->,d45cede6-0c21-49a3-8643-c26d35a00a73,bab4eebc-dec3-48f0-ad61-d6b4fcf4cbfa,203b3d6c-6ae6-4d3a-be84-84f8cc4183cd
d45cede6-0c21-49a3-8643-c26d35a00a73,bab4eebc-dec3-48f0-ad61-d6b4fcf4cbfa,1285994c-d653-42e4-986b-40de91b5a971,->,d45cede6-0c21-49a3-8643-c26d35a00a73,java/lang/String.java,length
d45cede6-0c21-49a3-8643-c26d35a00a73,bab4eebc-dec3-48f0-ad61-d6b4fcf4cbfa,1285994c-d653-42e4-986b-40de91b5a971,->,d45cede6-0c21-49a3-8643-c26d35a00a73,java/lang/String.java,substring
d45cede6-0c21-49a3-8643-c26d35a00a73,bab4eebc-dec3-48f0-ad61-d6b4fcf4cbfa,1285994c-d653-42e4-986b-40de91b5a971,->,d45cede6-0c21-49a3-8643-c26d35a00a73,bab4eebc-dec3-48f0-ad61-d6b4fcf4cbfa,c3ef01ec-18cd-4d4c-836a-3c433dd0cb53
d45cede6-0c21-49a3-8643-c26d35a00a73,bab4eebc-dec3-48f0-ad61-d6b4fcf4cbfa,8e74316a-ba9c-4db0-9b4f-4ef6e50d28c4,->,d45cede6-0c21-49a3-8643-c26d35a00a73,bab4eebc-dec3-48f0-ad61-d6b4fcf4cbfa,c1c4498e-4dfe-4873-8f23-f300d8f2ccac
d45cede6-0c21-49a3-8643-c26d35a00a73,bab4eebc-dec3-48f0-ad61-d6b4fcf4cbfa,8e74316a-ba9c-4db0-9b4f-4ef6e50d28c4,->,d45cede6-0c21-49a3-8643-c26d35a00a73,6b90a6c5-1ca5-4cb8-acc3-398ab5feed53,b2dc1059-8068-4564-aa7e-5c3a9d026dbd
d45cede6-0c21-49a3-8643-c26d35a00a73,bab4eebc-dec3-48f0-ad61-d6b4fcf4cbfa,8e74316a-ba9c-4db0-9b4f-4ef6e50d28c4,->,d45cede6-0c21-49a3-8643-c26d35a00a73,bab4eebc-dec3-48f0-ad61-d6b4fcf4cbfa,c1c4498e-4dfe-4873-8f23-f300d8f2ccac
d45cede6-0c21-49a3-8643-c26d35a00a73,bab4eebc-dec3-48f0-ad61-d6b4fcf4cbfa,8e74316a-ba9c-4db0-9b4f-4ef6e50d28c4,->,d45cede6-0c21-49a3-8643-c26d35a00a73,java/util/ArrayList.java,size
d45cede6-0c21-49a3-8643-c26d35a00a73,bab4eebc-dec3-48f0-ad61-d6b4fcf4cbfa,8e74316a-ba9c-4db0-9b4f-4ef6e50d28c4,->,d45cede6-0c21-49a3-8643-c26d35a00a73,bab4eebc-dec3-48f0-ad61-d6b4fcf4cbfa,8e74316a-ba9c-4db0-9b4f-4ef6e50d28c4
d45cede6-0c21-49a3-8643-c26d35a00a73,bab4eebc-dec3-48f0-ad61-d6b4fcf4cbfa,8e74316a-ba9c-4db0-9b4f-4ef6e50d28c4,->,d45cede6-0c21-49a3-8643-c26d35a00a73,java/util/ArrayList.java,isEmpty
d45cede6-0c21-49a3-8643-c26d35a00a73,bab4eebc-dec3-48f0-ad61-d6b4fcf4cbfa,8e74316a-ba9c-4db0-9b4f-4ef6e50d28c4,->,d45cede6-0c21-49a3-8643-c26d35a00a73,java/util/ArrayList.java,size
d45cede6-0c21-49a3-8643-c26d35a00a73,bab4eebc-dec3-48f0-ad61-d6b4fcf4cbfa,8e74316a-ba9c-4db0-9b4f-4ef6e50d28c4,->,d45cede6-0c21-49a3-8643-c26d35a00a73,java/util/ArrayList.java,get
d45cede6-0c21-49a3-8643-c26d35a00a73,bab4eebc-dec3-48f0-ad61-d6b4fcf4cbfa,8e74316a-ba9c-4db0-9b4f-4ef6e50d28c4,->,d45cede6-0c21-49a3-8643-c26d35a00a73,6b90a6c5-1ca5-4cb8-acc3-398ab5feed53,0b14d75c-3c01-47c5-8f0a-8b8a0836eecd
d45cede6-0c21-49a3-8643-c26d35a00a73,bab4eebc-dec3-48f0-ad61-d6b4fcf4cbfa,8e74316a-ba9c-4db0-9b4f-4ef6e50d28c4,->,d45cede6-0c21-49a3-8643-c26d35a00a73,java/util/ArrayList.java,add
d45cede6-0c21-49a3-8643-c26d35a00a73,bab4eebc-dec3-48f0-ad61-d6b4fcf4cbfa,8e74316a-ba9c-4db0-9b4f-4ef6e50d28c4,->,d45cede6-0c21-49a3-8643-c26d35a00a73,bab4eebc-dec3-48f0-ad61-d6b4fcf4cbfa,25db47fa-c489-4eba-b304-9d82a32e6f0d
d45cede6-0c21-49a3-8643-c26d35a00a73,bab4eebc-dec3-48f0-ad61-d6b4fcf4cbfa,8e74316a-ba9c-4db0-9b4f-4ef6e50d28c4,->,d45cede6-0c21-49a3-8643-c26d35a00a73,bab4eebc-dec3-48f0-ad61-d6b4fcf4cbfa,25db47fa-c489-4eba-b304-9d82a32e6f0d
d45cede6-0c21-49a3-8643-c26d35a00a73,bab4eebc-dec3-48f0-ad61-d6b4fcf4cbfa,8e74316a-ba9c-4db0-9b4f-4ef6e50d28c4,->,d45cede6-0c21-49a3-8643-c26d35a00a73,java/util/ArrayList.java,add
d45cede6-0c21-49a3-8643-c26d35a00a73,bab4eebc-dec3-48f0-ad61-d6b4fcf4cbfa,c1c4498e-4dfe-4873-8f23-f300d8f2ccac,->,d45cede6-0c21-49a3-8643-c26d35a00a73,java/util/ArrayList.java,isEmpty
d45cede6-0c21-49a3-8643-c26d35a00a73,bab4eebc-dec3-48f0-ad61-d6b4fcf4cbfa,c1c4498e-4dfe-4873-8f23-f300d8f2ccac,->,d45cede6-0c21-49a3-8643-c26d35a00a73,java/util/ArrayList.java,size
d45cede6-0c21-49a3-8643-c26d35a00a73,bab4eebc-dec3-48f0-ad61-d6b4fcf4cbfa,c1c4498e-4dfe-4873-8f23-f300d8f2ccac,->,d45cede6-0c21-49a3-8643-c26d35a00a73,java/util/ArrayList.java,get
d45cede6-0c21-49a3-8643-c26d35a00a73,bab4eebc-dec3-48f0-ad61-d6b4fcf4cbfa,c1c4498e-4dfe-4873-8f23-f300d8f2ccac,->,d45cede6-0c21-49a3-8643-c26d35a00a73,bab4eebc-dec3-48f0-ad61-d6b4fcf4cbfa,c1c4498e-4dfe-4873-8f23-f300d8f2ccac
d45cede6-0c21-49a3-8643-c26d35a00a73,bab4eebc-dec3-48f0-ad61-d6b4fcf4cbfa,c1c4498e-4dfe-4873-8f23-f300d8f2ccac,->,d45cede6-0c21-49a3-8643-c26d35a00a73,java/util/ArrayList.java,addAll
d45cede6-0c21-49a3-8643-c26d35a00a73,bab4eebc-dec3-48f0-ad61-d6b4fcf4cbfa,c1c4498e-4dfe-4873-8f23-f300d8f2ccac,->,d45cede6-0c21-49a3-8643-c26d35a00a73,java/util/ArrayList.java,add
d45cede6-0c21-49a3-8643-c26d35a00a73,bab4eebc-dec3-48f0-ad61-d6b4fcf4cbfa,c3ef01ec-18cd-4d4c-836a-3c433dd0cb53,->,d45cede6-0c21-49a3-8643-c26d35a00a73,java/util/ArrayList.java,add
d45cede6-0c21-49a3-8643-c26d35a00a73,bab4eebc-dec3-48f0-ad61-d6b4fcf4cbfa,78193042-40cb-4c4d-9e37-f338d00248f4,->,d45cede6-0c21-49a3-8643-c26d35a00a73,java/util/ArrayList.java,isEmpty
d45cede6-0c21-49a3-8643-c26d35a00a73,bab4eebc-dec3-48f0-ad61-d6b4fcf4cbfa,78193042-40cb-4c4d-9e37-f338d00248f4,->,d45cede6-0c21-49a3-8643-c26d35a00a73,6b90a6c5-1ca5-4cb8-acc3-398ab5feed53,b2dc1059-8068-4564-aa7e-5c3a9d026dbd
d45cede6-0c21-49a3-8643-c26d35a00a73,bab4eebc-dec3-48f0-ad61-d6b4fcf4cbfa,78193042-40cb-4c4d-9e37-f338d00248f4,->,d45cede6-0c21-49a3-8643-c26d35a00a73,java/util/ArrayList.java,size
d45cede6-0c21-49a3-8643-c26d35a00a73,bab4eebc-dec3-48f0-ad61-d6b4fcf4cbfa,78193042-40cb-4c4d-9e37-f338d00248f4,->,d45cede6-0c21-49a3-8643-c26d35a00a73,bab4eebc-dec3-48f0-ad61-d6b4fcf4cbfa,78193042-40cb-4c4d-9e37-f338d00248f4
d45cede6-0c21-49a3-8643-c26d35a00a73,bab4eebc-dec3-48f0-ad61-d6b4fcf4cbfa,78193042-40cb-4c4d-9e37-f338d00248f4,->,d45cede6-0c21-49a3-8643-c26d35a00a73,java/util/ArrayList.java,addAll
d45cede6-0c21-49a3-8643-c26d35a00a73,bab4eebc-dec3-48f0-ad61-d6b4fcf4cbfa,78193042-40cb-4c4d-9e37-f338d00248f4,->,d45cede6-0c21-49a3-8643-c26d35a00a73,6b90a6c5-1ca5-4cb8-acc3-398ab5feed53,b2dc1059-8068-4564-aa7e-5c3a9d026dbd
d45cede6-0c21-49a3-8643-c26d35a00a73,bab4eebc-dec3-48f0-ad61-d6b4fcf4cbfa,78193042-40cb-4c4d-9e37-f338d00248f4,->,d45cede6-0c21-49a3-8643-c26d35a00a73,java/util/ArrayList.java,size
d45cede6-0c21-49a3-8643-c26d35a00a73,bab4eebc-dec3-48f0-ad61-d6b4fcf4cbfa,78193042-40cb-4c4d-9e37-f338d00248f4,->,d45cede6-0c21-49a3-8643-c26d35a00a73,bab4eebc-dec3-48f0-ad61-d6b4fcf4cbfa,0f5eeeec-24fc-4422-90ce-302f221967e3
d45cede6-0c21-49a3-8643-c26d35a00a73,bab4eebc-dec3-48f0-ad61-d6b4fcf4cbfa,78193042-40cb-4c4d-9e37-f338d00248f4,->,d45cede6-0c21-49a3-8643-c26d35a00a73,bab4eebc-dec3-48f0-ad61-d6b4fcf4cbfa,1b3c2293-3350-4b71-ab84-bf7879653c4e
d45cede6-0c21-49a3-8643-c26d35a00a73,bab4eebc-dec3-48f0-ad61-d6b4fcf4cbfa,78193042-40cb-4c4d-9e37-f338d00248f4,->,d45cede6-0c21-49a3-8643-c26d35a00a73,java/util/ArrayList.java,add
d45cede6-0c21-49a3-8643-c26d35a00a73,bab4eebc-dec3-48f0-ad61-d6b4fcf4cbfa,1b3c2293-3350-4b71-ab84-bf7879653c4e,->,d45cede6-0c21-49a3-8643-c26d35a00a73,bab4eebc-dec3-48f0-ad61-d6b4fcf4cbfa,c1c4498e-4dfe-4873-8f23-f300d8f2ccac
d45cede6-0c21-49a3-8643-c26d35a00a73,bab4eebc-dec3-48f0-ad61-d6b4fcf4cbfa,1b3c2293-3350-4b71-ab84-bf7879653c4e,->,d45cede6-0c21-49a3-8643-c26d35a00a73,6b90a6c5-1ca5-4cb8-acc3-398ab5feed53,b2dc1059-8068-4564-aa7e-5c3a9d026dbd
d45cede6-0c21-49a3-8643-c26d35a00a73,bab4eebc-dec3-48f0-ad61-d6b4fcf4cbfa,1b3c2293-3350-4b71-ab84-bf7879653c4e,->,d45cede6-0c21-49a3-8643-c26d35a00a73,6b90a6c5-1ca5-4cb8-acc3-398ab5feed53,91cdf5ae-5edd-4ab2-a4d6-0746937590d2
d45cede6-0c21-49a3-8643-c26d35a00a73,bab4eebc-dec3-48f0-ad61-d6b4fcf4cbfa,46e10e44-ee6a-49a6-8b87-0f1815923f8f,->,d45cede6-0c21-49a3-8643-c26d35a00a73,bab4eebc-dec3-48f0-ad61-d6b4fcf4cbfa,203b3d6c-6ae6-4d3a-be84-84f8cc4183cd
d45cede6-0c21-49a3-8643-c26d35a00a73,bab4eebc-dec3-48f0-ad61-d6b4fcf4cbfa,46e10e44-ee6a-49a6-8b87-0f1815923f8f,->,d45cede6-0c21-49a3-8643-c26d35a00a73,bab4eebc-dec3-48f0-ad61-d6b4fcf4cbfa,e6104c97-4bf3-45ca-9da1-e367adec5599
d45cede6-0c21-49a3-8643-c26d35a00a73,bab4eebc-dec3-48f0-ad61-d6b4fcf4cbfa,46e10e44-ee6a-49a6-8b87-0f1815923f8f,->,d45cede6-0c21-49a3-8643-c26d35a00a73,9334b516-c0aa-4af8-808b-d0d000c5629c,f040640b-0d23-49a4-ac1e-3cfc6bb23569
d45cede6-0c21-49a3-8643-c26d35a00a73,bab4eebc-dec3-48f0-ad61-d6b4fcf4cbfa,46e10e44-ee6a-49a6-8b87-0f1815923f8f,->,d45cede6-0c21-49a3-8643-c26d35a00a73,9334b516-c0aa-4af8-808b-d0d000c5629c,8873aec8-7f3a-42bf-beb4-c947a7700562
d45cede6-0c21-49a3-8643-c26d35a00a73,bab4eebc-dec3-48f0-ad61-d6b4fcf4cbfa,46e10e44-ee6a-49a6-8b87-0f1815923f8f,->,d45cede6-0c21-49a3-8643-c26d35a00a73,bab4eebc-dec3-48f0-ad61-d6b4fcf4cbfa,69488d71-5112-4b6e-b983-97e04abc8f8a
d45cede6-0c21-49a3-8643-c26d35a00a73,bab4eebc-dec3-48f0-ad61-d6b4fcf4cbfa,46e10e44-ee6a-49a6-8b87-0f1815923f8f,->,d45cede6-0c21-49a3-8643-c26d35a00a73,java/lang/Object.java,equals
d45cede6-0c21-49a3-8643-c26d35a00a73,bab4eebc-dec3-48f0-ad61-d6b4fcf4cbfa,96e7b406-2681-4cdc-954c-ffc16e11d2a8,->,d45cede6-0c21-49a3-8643-c26d35a00a73,bab4eebc-dec3-48f0-ad61-d6b4fcf4cbfa,0f5eeeec-24fc-4422-90ce-302f221967e3
d45cede6-0c21-49a3-8643-c26d35a00a73,bab4eebc-dec3-48f0-ad61-d6b4fcf4cbfa,96e7b406-2681-4cdc-954c-ffc16e11d2a8,->,d45cede6-0c21-49a3-8643-c26d35a00a73,bab4eebc-dec3-48f0-ad61-d6b4fcf4cbfa,203b3d6c-6ae6-4d3a-be84-84f8cc4183cd
d45cede6-0c21-49a3-8643-c26d35a00a73,bab4eebc-dec3-48f0-ad61-d6b4fcf4cbfa,96e7b406-2681-4cdc-954c-ffc16e11d2a8,->,d45cede6-0c21-49a3-8643-c26d35a00a73,bab4eebc-dec3-48f0-ad61-d6b4fcf4cbfa,e6104c97-4bf3-45ca-9da1-e367adec5599
d45cede6-0c21-49a3-8643-c26d35a00a73,bab4eebc-dec3-48f0-ad61-d6b4fcf4cbfa,96e7b406-2681-4cdc-954c-ffc16e11d2a8,->,d45cede6-0c21-49a3-8643-c26d35a00a73,9334b516-c0aa-4af8-808b-d0d000c5629c,f040640b-0d23-49a4-ac1e-3cfc6bb23569
d45cede6-0c21-49a3-8643-c26d35a00a73,bab4eebc-dec3-48f0-ad61-d6b4fcf4cbfa,96e7b406-2681-4cdc-954c-ffc16e11d2a8,->,d45cede6-0c21-49a3-8643-c26d35a00a73,9334b516-c0aa-4af8-808b-d0d000c5629c,8873aec8-7f3a-42bf-beb4-c947a7700562
d45cede6-0c21-49a3-8643-c26d35a00a73,bab4eebc-dec3-48f0-ad61-d6b4fcf4cbfa,96e7b406-2681-4cdc-954c-ffc16e11d2a8,->,d45cede6-0c21-49a3-8643-c26d35a00a73,bab4eebc-dec3-48f0-ad61-d6b4fcf4cbfa,69488d71-5112-4b6e-b983-97e04abc8f8a
d45cede6-0c21-49a3-8643-c26d35a00a73,bab4eebc-dec3-48f0-ad61-d6b4fcf4cbfa,96e7b406-2681-4cdc-954c-ffc16e11d2a8,->,d45cede6-0c21-49a3-8643-c26d35a00a73,bab4eebc-dec3-48f0-ad61-d6b4fcf4cbfa,0f5eeeec-24fc-4422-90ce-302f221967e3
d45cede6-0c21-49a3-8643-c26d35a00a73,bab4eebc-dec3-48f0-ad61-d6b4fcf4cbfa,69488d71-5112-4b6e-b983-97e04abc8f8a,->,d45cede6-0c21-49a3-8643-c26d35a00a73,handwrittengui/Customer$TableType.java,toString
d45cede6-0c21-49a3-8643-c26d35a00a73,bab4eebc-dec3-48f0-ad61-d6b4fcf4cbfa,69488d71-5112-4b6e-b983-97e04abc8f8a,->,d45cede6-0c21-49a3-8643-c26d35a00a73,handwrittengui/Table$TableType.java,toString
d45cede6-0c21-49a3-8643-c26d35a00a73,bab4eebc-dec3-48f0-ad61-d6b4fcf4cbfa,0f5eeeec-24fc-4422-90ce-302f221967e3,->,d45cede6-0c21-49a3-8643-c26d35a00a73,java/util/concurrent/locks/ReentrantLock.java,isLocked
d45cede6-0c21-49a3-8643-c26d35a00a73,bab4eebc-dec3-48f0-ad61-d6b4fcf4cbfa,0f5eeeec-24fc-4422-90ce-302f221967e3,->,d45cede6-0c21-49a3-8643-c26d35a00a73,java/io/PrintStream.java,println
d45cede6-0c21-49a3-8643-c26d35a00a73,bab4eebc-dec3-48f0-ad61-d6b4fcf4cbfa,0f5eeeec-24fc-4422-90ce-302f221967e3,->,d45cede6-0c21-49a3-8643-c26d35a00a73,java/lang/Thread.java,sleep
d45cede6-0c21-49a3-8643-c26d35a00a73,bab4eebc-dec3-48f0-ad61-d6b4fcf4cbfa,f43f2670-1622-4c2e-afe7-0bad24e94733,->,d45cede6-0c21-49a3-8643-c26d35a00a73,java/util/concurrent/locks/ReentrantLock.java,lock
d45cede6-0c21-49a3-8643-c26d35a00a73,bab4eebc-dec3-48f0-ad61-d6b4fcf4cbfa,f43f2670-1622-4c2e-afe7-0bad24e94733,->,d45cede6-0c21-49a3-8643-c26d35a00a73,bab4eebc-dec3-48f0-ad61-d6b4fcf4cbfa,c1c4498e-4dfe-4873-8f23-f300d8f2ccac
d45cede6-0c21-49a3-8643-c26d35a00a73,bab4eebc-dec3-48f0-ad61-d6b4fcf4cbfa,f43f2670-1622-4c2e-afe7-0bad24e94733,->,d45cede6-0c21-49a3-8643-c26d35a00a73,java/util/ArrayList.java,size
d45cede6-0c21-49a3-8643-c26d35a00a73,bab4eebc-dec3-48f0-ad61-d6b4fcf4cbfa,f43f2670-1622-4c2e-afe7-0bad24e94733,->,d45cede6-0c21-49a3-8643-c26d35a00a73,6b90a6c5-1ca5-4cb8-acc3-398ab5feed53,b2dc1059-8068-4564-aa7e-5c3a9d026dbd
d45cede6-0c21-49a3-8643-c26d35a00a73,bab4eebc-dec3-48f0-ad61-d6b4fcf4cbfa,f43f2670-1622-4c2e-afe7-0bad24e94733,->,d45cede6-0c21-49a3-8643-c26d35a00a73,bab4eebc-dec3-48f0-ad61-d6b4fcf4cbfa,f43f2670-1622-4c2e-afe7-0bad24e94733
d45cede6-0c21-49a3-8643-c26d35a00a73,bab4eebc-dec3-48f0-ad61-d6b4fcf4cbfa,f43f2670-1622-4c2e-afe7-0bad24e94733,->,d45cede6-0c21-49a3-8643-c26d35a00a73,7971d8cd-36d8-4128-8924-5072f695ee76,548af5d2-e318-49f5-9c49-d1a532581ed5
d45cede6-0c21-49a3-8643-c26d35a00a73,bab4eebc-dec3-48f0-ad61-d6b4fcf4cbfa,f43f2670-1622-4c2e-afe7-0bad24e94733,->,d45cede6-0c21-49a3-8643-c26d35a00a73,7971d8cd-36d8-4128-8924-5072f695ee76,548af5d2-e318-49f5-9c49-d1a532581ed5
d45cede6-0c21-49a3-8643-c26d35a00a73,bab4eebc-dec3-48f0-ad61-d6b4fcf4cbfa,f43f2670-1622-4c2e-afe7-0bad24e94733,->,d45cede6-0c21-49a3-8643-c26d35a00a73,bab4eebc-dec3-48f0-ad61-d6b4fcf4cbfa,777a4a5a-0dd1-47a9-acd3-9d2cbc3a991d
d45cede6-0c21-49a3-8643-c26d35a00a73,bab4eebc-dec3-48f0-ad61-d6b4fcf4cbfa,f43f2670-1622-4c2e-afe7-0bad24e94733,->,d45cede6-0c21-49a3-8643-c26d35a00a73,7971d8cd-36d8-4128-8924-5072f695ee76,0f1a45fc-0565-44f5-86f4-6a9b9ea64d44
d45cede6-0c21-49a3-8643-c26d35a00a73,bab4eebc-dec3-48f0-ad61-d6b4fcf4cbfa,f43f2670-1622-4c2e-afe7-0bad24e94733,->,d45cede6-0c21-49a3-8643-c26d35a00a73,java/lang/StringBuilder.java,append
d45cede6-0c21-49a3-8643-c26d35a00a73,bab4eebc-dec3-48f0-ad61-d6b4fcf4cbfa,f43f2670-1622-4c2e-afe7-0bad24e94733,->,d45cede6-0c21-49a3-8643-c26d35a00a73,bab4eebc-dec3-48f0-ad61-d6b4fcf4cbfa,9c56f1ab-daf7-4c7e-8528-90f7e2d800b5
d45cede6-0c21-49a3-8643-c26d35a00a73,bab4eebc-dec3-48f0-ad61-d6b4fcf4cbfa,f43f2670-1622-4c2e-afe7-0bad24e94733,->,d45cede6-0c21-49a3-8643-c26d35a00a73,java/lang/StringBuilder.java,append
d45cede6-0c21-49a3-8643-c26d35a00a73,bab4eebc-dec3-48f0-ad61-d6b4fcf4cbfa,f43f2670-1622-4c2e-afe7-0bad24e94733,->,d45cede6-0c21-49a3-8643-c26d35a00a73,java/lang/StringBuilder.java,toString
d45cede6-0c21-49a3-8643-c26d35a00a73,bab4eebc-dec3-48f0-ad61-d6b4fcf4cbfa,f43f2670-1622-4c2e-afe7-0bad24e94733,->,d45cede6-0c21-49a3-8643-c26d35a00a73,java/io/PrintStream.java,println
d45cede6-0c21-49a3-8643-c26d35a00a73,bab4eebc-dec3-48f0-ad61-d6b4fcf4cbfa,f43f2670-1622-4c2e-afe7-0bad24e94733,->,d45cede6-0c21-49a3-8643-c26d35a00a73,java/util/concurrent/locks/ReentrantLock.java,unlock
d45cede6-0c21-49a3-8643-c26d35a00a73,bab4eebc-dec3-48f0-ad61-d6b4fcf4cbfa,f43f2670-1622-4c2e-afe7-0bad24e94733,->,d45cede6-0c21-49a3-8643-c26d35a00a73,bab4eebc-dec3-48f0-ad61-d6b4fcf4cbfa,860f26dc-9110-4228-9a2a-46af6490409b
d45cede6-0c21-49a3-8643-c26d35a00a73,bab4eebc-dec3-48f0-ad61-d6b4fcf4cbfa,f43f2670-1622-4c2e-afe7-0bad24e94733,->,d45cede6-0c21-49a3-8643-c26d35a00a73,java/util/concurrent/locks/ReentrantLock.java,unlock
d45cede6-0c21-49a3-8643-c26d35a00a73,bab4eebc-dec3-48f0-ad61-d6b4fcf4cbfa,f43f2670-1622-4c2e-afe7-0bad24e94733,->,d45cede6-0c21-49a3-8643-c26d35a00a73,bab4eebc-dec3-48f0-ad61-d6b4fcf4cbfa,860f26dc-9110-4228-9a2a-46af6490409b
d45cede6-0c21-49a3-8643-c26d35a00a73,bab4eebc-dec3-48f0-ad61-d6b4fcf4cbfa,f43f2670-1622-4c2e-afe7-0bad24e94733,->,d45cede6-0c21-49a3-8643-c26d35a00a73,java/util/concurrent/locks/ReentrantLock.java,unlock
d45cede6-0c21-49a3-8643-c26d35a00a73,bab4eebc-dec3-48f0-ad61-d6b4fcf4cbfa,f43f2670-1622-4c2e-afe7-0bad24e94733,->,d45cede6-0c21-49a3-8643-c26d35a00a73,bab4eebc-dec3-48f0-ad61-d6b4fcf4cbfa,860f26dc-9110-4228-9a2a-46af6490409b
d45cede6-0c21-49a3-8643-c26d35a00a73,bab4eebc-dec3-48f0-ad61-d6b4fcf4cbfa,b489d052-4001-4dea-a67c-47fc28da56b3,->,d45cede6-0c21-49a3-8643-c26d35a00a73,java/util/Calendar.java,getInstance
d45cede6-0c21-49a3-8643-c26d35a00a73,bab4eebc-dec3-48f0-ad61-d6b4fcf4cbfa,b489d052-4001-4dea-a67c-47fc28da56b3,->,d45cede6-0c21-49a3-8643-c26d35a00a73,java/util/Calendar.java,clone
d45cede6-0c21-49a3-8643-c26d35a00a73,bab4eebc-dec3-48f0-ad61-d6b4fcf4cbfa,b489d052-4001-4dea-a67c-47fc28da56b3,->,d45cede6-0c21-49a3-8643-c26d35a00a73,java/util/Calendar.java,before
d45cede6-0c21-49a3-8643-c26d35a00a73,bab4eebc-dec3-48f0-ad61-d6b4fcf4cbfa,b489d052-4001-4dea-a67c-47fc28da56b3,->,d45cede6-0c21-49a3-8643-c26d35a00a73,java/util/Calendar.java,get
d45cede6-0c21-49a3-8643-c26d35a00a73,bab4eebc-dec3-48f0-ad61-d6b4fcf4cbfa,b489d052-4001-4dea-a67c-47fc28da56b3,->,d45cede6-0c21-49a3-8643-c26d35a00a73,java/util/Calendar.java,add
d45cede6-0c21-49a3-8643-c26d35a00a73,bab4eebc-dec3-48f0-ad61-d6b4fcf4cbfa,b489d052-4001-4dea-a67c-47fc28da56b3,->,d45cede6-0c21-49a3-8643-c26d35a00a73,java/util/Calendar.java,get
d45cede6-0c21-49a3-8643-c26d35a00a73,bab4eebc-dec3-48f0-ad61-d6b4fcf4cbfa,b489d052-4001-4dea-a67c-47fc28da56b3,->,d45cede6-0c21-49a3-8643-c26d35a00a73,java/util/Calendar.java,add
d45cede6-0c21-49a3-8643-c26d35a00a73,bab4eebc-dec3-48f0-ad61-d6b4fcf4cbfa,b489d052-4001-4dea-a67c-47fc28da56b3,->,d45cede6-0c21-49a3-8643-c26d35a00a73,java/util/Calendar.java,get
d45cede6-0c21-49a3-8643-c26d35a00a73,bab4eebc-dec3-48f0-ad61-d6b4fcf4cbfa,b489d052-4001-4dea-a67c-47fc28da56b3,->,d45cede6-0c21-49a3-8643-c26d35a00a73,java/util/Calendar.java,get
d45cede6-0c21-49a3-8643-c26d35a00a73,bab4eebc-dec3-48f0-ad61-d6b4fcf4cbfa,b489d052-4001-4dea-a67c-47fc28da56b3,->,d45cede6-0c21-49a3-8643-c26d35a00a73,java/lang/Integer.java,toString
d45cede6-0c21-49a3-8643-c26d35a00a73,bab4eebc-dec3-48f0-ad61-d6b4fcf4cbfa,b489d052-4001-4dea-a67c-47fc28da56b3,->,d45cede6-0c21-49a3-8643-c26d35a00a73,java/lang/StringBuilder.java,append
d45cede6-0c21-49a3-8643-c26d35a00a73,bab4eebc-dec3-48f0-ad61-d6b4fcf4cbfa,b489d052-4001-4dea-a67c-47fc28da56b3,->,d45cede6-0c21-49a3-8643-c26d35a00a73,java/lang/Integer.java,toString
d45cede6-0c21-49a3-8643-c26d35a00a73,bab4eebc-dec3-48f0-ad61-d6b4fcf4cbfa,b489d052-4001-4dea-a67c-47fc28da56b3,->,d45cede6-0c21-49a3-8643-c26d35a00a73,java/lang/StringBuilder.java,append
d45cede6-0c21-49a3-8643-c26d35a00a73,bab4eebc-dec3-48f0-ad61-d6b4fcf4cbfa,b489d052-4001-4dea-a67c-47fc28da56b3,->,d45cede6-0c21-49a3-8643-c26d35a00a73,java/lang/StringBuilder.java,toString
d45cede6-0c21-49a3-8643-c26d35a00a73,bab4eebc-dec3-48f0-ad61-d6b4fcf4cbfa,b489d052-4001-4dea-a67c-47fc28da56b3,->,d45cede6-0c21-49a3-8643-c26d35a00a73,java/lang/Integer.java,toString
d45cede6-0c21-49a3-8643-c26d35a00a73,bab4eebc-dec3-48f0-ad61-d6b4fcf4cbfa,b489d052-4001-4dea-a67c-47fc28da56b3,->,d45cede6-0c21-49a3-8643-c26d35a00a73,java/lang/StringBuilder.java,append
d45cede6-0c21-49a3-8643-c26d35a00a73,bab4eebc-dec3-48f0-ad61-d6b4fcf4cbfa,b489d052-4001-4dea-a67c-47fc28da56b3,->,d45cede6-0c21-49a3-8643-c26d35a00a73,java/lang/StringBuilder.java,append
d45cede6-0c21-49a3-8643-c26d35a00a73,bab4eebc-dec3-48f0-ad61-d6b4fcf4cbfa,b489d052-4001-4dea-a67c-47fc28da56b3,->,d45cede6-0c21-49a3-8643-c26d35a00a73,java/lang/StringBuilder.java,append
d45cede6-0c21-49a3-8643-c26d35a00a73,bab4eebc-dec3-48f0-ad61-d6b4fcf4cbfa,b489d052-4001-4dea-a67c-47fc28da56b3,->,d45cede6-0c21-49a3-8643-c26d35a00a73,java/lang/StringBuilder.java,toString
d45cede6-0c21-49a3-8643-c26d35a00a73,bab4eebc-dec3-48f0-ad61-d6b4fcf4cbfa,7f21e167-9b86-4499-927c-5d8875bcac3e,->,d45cede6-0c21-49a3-8643-c26d35a00a73,java/util/Calendar.java,getInstance
d45cede6-0c21-49a3-8643-c26d35a00a73,bab4eebc-dec3-48f0-ad61-d6b4fcf4cbfa,7f21e167-9b86-4499-927c-5d8875bcac3e,->,d45cede6-0c21-49a3-8643-c26d35a00a73,java/util/Calendar.java,add
d45cede6-0c21-49a3-8643-c26d35a00a73,bab4eebc-dec3-48f0-ad61-d6b4fcf4cbfa,7f21e167-9b86-4499-927c-5d8875bcac3e,->,d45cede6-0c21-49a3-8643-c26d35a00a73,java/util/Calendar.java,add
d45cede6-0c21-49a3-8643-c26d35a00a73,bab4eebc-dec3-48f0-ad61-d6b4fcf4cbfa,7f21e167-9b86-4499-927c-5d8875bcac3e,->,d45cede6-0c21-49a3-8643-c26d35a00a73,87b3be37-775e-495b-8327-e7fc1413959f,"8c92e1e8-cfaa-4202-8176-9375cee8a110,8225fee3-c612-491c-9813-bb50dc23b8d9"
d45cede6-0c21-49a3-8643-c26d35a00a73,bab4eebc-dec3-48f0-ad61-d6b4fcf4cbfa,fc0cacf8-9ade-4cb1-8185-aac79d8dd4e1,->,d45cede6-0c21-49a3-8643-c26d35a00a73,java/util/Calendar.java,add
d45cede6-0c21-49a3-8643-c26d35a00a73,bab4eebc-dec3-48f0-ad61-d6b4fcf4cbfa,fc0cacf8-9ade-4cb1-8185-aac79d8dd4e1,->,d45cede6-0c21-49a3-8643-c26d35a00a73,java/util/Calendar.java,add
d45cede6-0c21-49a3-8643-c26d35a00a73,bab4eebc-dec3-48f0-ad61-d6b4fcf4cbfa,7028d12e-6e54-4e2a-8eff-5a6c42d59312,->,d45cede6-0c21-49a3-8643-c26d35a00a73,java/util/concurrent/locks/ReentrantLock.java,lock
d45cede6-0c21-49a3-8643-c26d35a00a73,bab4eebc-dec3-48f0-ad61-d6b4fcf4cbfa,7028d12e-6e54-4e2a-8eff-5a6c42d59312,->,d45cede6-0c21-49a3-8643-c26d35a00a73,bab4eebc-dec3-48f0-ad61-d6b4fcf4cbfa,c1c4498e-4dfe-4873-8f23-f300d8f2ccac
d45cede6-0c21-49a3-8643-c26d35a00a73,bab4eebc-dec3-48f0-ad61-d6b4fcf4cbfa,7028d12e-6e54-4e2a-8eff-5a6c42d59312,->,d45cede6-0c21-49a3-8643-c26d35a00a73,java/util/ArrayList.java,size
d45cede6-0c21-49a3-8643-c26d35a00a73,bab4eebc-dec3-48f0-ad61-d6b4fcf4cbfa,7028d12e-6e54-4e2a-8eff-5a6c42d59312,->,d45cede6-0c21-49a3-8643-c26d35a00a73,6b90a6c5-1ca5-4cb8-acc3-398ab5feed53,b2dc1059-8068-4564-aa7e-5c3a9d026dbd
d45cede6-0c21-49a3-8643-c26d35a00a73,bab4eebc-dec3-48f0-ad61-d6b4fcf4cbfa,7028d12e-6e54-4e2a-8eff-5a6c42d59312,->,d45cede6-0c21-49a3-8643-c26d35a00a73,bab4eebc-dec3-48f0-ad61-d6b4fcf4cbfa,7028d12e-6e54-4e2a-8eff-5a6c42d59312
d45cede6-0c21-49a3-8643-c26d35a00a73,bab4eebc-dec3-48f0-ad61-d6b4fcf4cbfa,7028d12e-6e54-4e2a-8eff-5a6c42d59312,->,d45cede6-0c21-49a3-8643-c26d35a00a73,7971d8cd-36d8-4128-8924-5072f695ee76,548af5d2-e318-49f5-9c49-d1a532581ed5
d45cede6-0c21-49a3-8643-c26d35a00a73,bab4eebc-dec3-48f0-ad61-d6b4fcf4cbfa,7028d12e-6e54-4e2a-8eff-5a6c42d59312,->,d45cede6-0c21-49a3-8643-c26d35a00a73,7971d8cd-36d8-4128-8924-5072f695ee76,548af5d2-e318-49f5-9c49-d1a532581ed5
d45cede6-0c21-49a3-8643-c26d35a00a73,bab4eebc-dec3-48f0-ad61-d6b4fcf4cbfa,7028d12e-6e54-4e2a-8eff-5a6c42d59312,->,d45cede6-0c21-49a3-8643-c26d35a00a73,bab4eebc-dec3-48f0-ad61-d6b4fcf4cbfa,777a4a5a-0dd1-47a9-acd3-9d2cbc3a991d
d45cede6-0c21-49a3-8643-c26d35a00a73,bab4eebc-dec3-48f0-ad61-d6b4fcf4cbfa,7028d12e-6e54-4e2a-8eff-5a6c42d59312,->,d45cede6-0c21-49a3-8643-c26d35a00a73,7971d8cd-36d8-4128-8924-5072f695ee76,0f1a45fc-0565-44f5-86f4-6a9b9ea64d44
d45cede6-0c21-49a3-8643-c26d35a00a73,bab4eebc-dec3-48f0-ad61-d6b4fcf4cbfa,7028d12e-6e54-4e2a-8eff-5a6c42d59312,->,d45cede6-0c21-49a3-8643-c26d35a00a73,java/lang/StringBuilder.java,append
d45cede6-0c21-49a3-8643-c26d35a00a73,bab4eebc-dec3-48f0-ad61-d6b4fcf4cbfa,7028d12e-6e54-4e2a-8eff-5a6c42d59312,->,d45cede6-0c21-49a3-8643-c26d35a00a73,bab4eebc-dec3-48f0-ad61-d6b4fcf4cbfa,9c56f1ab-daf7-4c7e-8528-90f7e2d800b5
d45cede6-0c21-49a3-8643-c26d35a00a73,bab4eebc-dec3-48f0-ad61-d6b4fcf4cbfa,7028d12e-6e54-4e2a-8eff-5a6c42d59312,->,d45cede6-0c21-49a3-8643-c26d35a00a73,java/lang/StringBuilder.java,append
d45cede6-0c21-49a3-8643-c26d35a00a73,bab4eebc-dec3-48f0-ad61-d6b4fcf4cbfa,7028d12e-6e54-4e2a-8eff-5a6c42d59312,->,d45cede6-0c21-49a3-8643-c26d35a00a73,java/lang/StringBuilder.java,toString
d45cede6-0c21-49a3-8643-c26d35a00a73,bab4eebc-dec3-48f0-ad61-d6b4fcf4cbfa,7028d12e-6e54-4e2a-8eff-5a6c42d59312,->,d45cede6-0c21-49a3-8643-c26d35a00a73,java/io/PrintStream.java,println
d45cede6-0c21-49a3-8643-c26d35a00a73,bab4eebc-dec3-48f0-ad61-d6b4fcf4cbfa,7028d12e-6e54-4e2a-8eff-5a6c42d59312,->,d45cede6-0c21-49a3-8643-c26d35a00a73,java/io/PrintStream.java,println
d45cede6-0c21-49a3-8643-c26d35a00a73,bab4eebc-dec3-48f0-ad61-d6b4fcf4cbfa,7028d12e-6e54-4e2a-8eff-5a6c42d59312,->,d45cede6-0c21-49a3-8643-c26d35a00a73,java/util/concurrent/locks/ReentrantLock.java,unlock
d45cede6-0c21-49a3-8643-c26d35a00a73,bab4eebc-dec3-48f0-ad61-d6b4fcf4cbfa,7028d12e-6e54-4e2a-8eff-5a6c42d59312,->,d45cede6-0c21-49a3-8643-c26d35a00a73,87b3be37-775e-495b-8327-e7fc1413959f,ed3a6e49-ddb2-4fb2-90bd-ddbaf140b9c4
d45cede6-0c21-49a3-8643-c26d35a00a73,bab4eebc-dec3-48f0-ad61-d6b4fcf4cbfa,7028d12e-6e54-4e2a-8eff-5a6c42d59312,->,d45cede6-0c21-49a3-8643-c26d35a00a73,bab4eebc-dec3-48f0-ad61-d6b4fcf4cbfa,860f26dc-9110-4228-9a2a-46af6490409b
d45cede6-0c21-49a3-8643-c26d35a00a73,bab4eebc-dec3-48f0-ad61-d6b4fcf4cbfa,7028d12e-6e54-4e2a-8eff-5a6c42d59312,->,d45cede6-0c21-49a3-8643-c26d35a00a73,java/util/concurrent/locks/ReentrantLock.java,unlock
d45cede6-0c21-49a3-8643-c26d35a00a73,bab4eebc-dec3-48f0-ad61-d6b4fcf4cbfa,7028d12e-6e54-4e2a-8eff-5a6c42d59312,->,d45cede6-0c21-49a3-8643-c26d35a00a73,87b3be37-775e-495b-8327-e7fc1413959f,ed3a6e49-ddb2-4fb2-90bd-ddbaf140b9c4
d45cede6-0c21-49a3-8643-c26d35a00a73,bab4eebc-dec3-48f0-ad61-d6b4fcf4cbfa,7028d12e-6e54-4e2a-8eff-5a6c42d59312,->,d45cede6-0c21-49a3-8643-c26d35a00a73,bab4eebc-dec3-48f0-ad61-d6b4fcf4cbfa,860f26dc-9110-4228-9a2a-46af6490409b
d45cede6-0c21-49a3-8643-c26d35a00a73,bab4eebc-dec3-48f0-ad61-d6b4fcf4cbfa,7028d12e-6e54-4e2a-8eff-5a6c42d59312,->,d45cede6-0c21-49a3-8643-c26d35a00a73,java/util/concurrent/locks/ReentrantLock.java,unlock
d45cede6-0c21-49a3-8643-c26d35a00a73,bab4eebc-dec3-48f0-ad61-d6b4fcf4cbfa,7028d12e-6e54-4e2a-8eff-5a6c42d59312,->,d45cede6-0c21-49a3-8643-c26d35a00a73,87b3be37-775e-495b-8327-e7fc1413959f,ed3a6e49-ddb2-4fb2-90bd-ddbaf140b9c4
d45cede6-0c21-49a3-8643-c26d35a00a73,bab4eebc-dec3-48f0-ad61-d6b4fcf4cbfa,7028d12e-6e54-4e2a-8eff-5a6c42d59312,->,d45cede6-0c21-49a3-8643-c26d35a00a73,bab4eebc-dec3-48f0-ad61-d6b4fcf4cbfa,860f26dc-9110-4228-9a2a-46af6490409b
d45cede6-0c21-49a3-8643-c26d35a00a73,bab4eebc-dec3-48f0-ad61-d6b4fcf4cbfa,618345cf-655c-41d1-95f1-67a4ba03edc0,->,d45cede6-0c21-49a3-8643-c26d35a00a73,bab4eebc-dec3-48f0-ad61-d6b4fcf4cbfa,0f5eeeec-24fc-4422-90ce-302f221967e3
d45cede6-0c21-49a3-8643-c26d35a00a73,bab4eebc-dec3-48f0-ad61-d6b4fcf4cbfa,618345cf-655c-41d1-95f1-67a4ba03edc0,->,d45cede6-0c21-49a3-8643-c26d35a00a73,bab4eebc-dec3-48f0-ad61-d6b4fcf4cbfa,7028d12e-6e54-4e2a-8eff-5a6c42d59312
d45cede6-0c21-49a3-8643-c26d35a00a73,bab4eebc-dec3-48f0-ad61-d6b4fcf4cbfa,618345cf-655c-41d1-95f1-67a4ba03edc0,->,d45cede6-0c21-49a3-8643-c26d35a00a73,bab4eebc-dec3-48f0-ad61-d6b4fcf4cbfa,860f26dc-9110-4228-9a2a-46af6490409b
d45cede6-0c21-49a3-8643-c26d35a00a73,bab4eebc-dec3-48f0-ad61-d6b4fcf4cbfa,860f26dc-9110-4228-9a2a-46af6490409b,->,d45cede6-0c21-49a3-8643-c26d35a00a73,handwrittengui/TableGUI.java,removeAll
d45cede6-0c21-49a3-8643-c26d35a00a73,bab4eebc-dec3-48f0-ad61-d6b4fcf4cbfa,860f26dc-9110-4228-9a2a-46af6490409b,->,d45cede6-0c21-49a3-8643-c26d35a00a73,27213de7-f051-4239-9e87-47cf370956de,43c13801-68b0-48cd-9672-294e752d5c6c
d45cede6-0c21-49a3-8643-c26d35a00a73,f3c3f79b-42b0-489d-a27a-dbc0f77ce909,a976b6e9-3ed6-4e9a-a5b9-99f314c55798,->,d45cede6-0c21-49a3-8643-c26d35a00a73,java/io/PrintStream.java,println
d45cede6-0c21-49a3-8643-c26d35a00a73,f3c3f79b-42b0-489d-a27a-dbc0f77ce909,a976b6e9-3ed6-4e9a-a5b9-99f314c55798,->,d45cede6-0c21-49a3-8643-c26d35a00a73,java/net/ServerSocket.java,accept
d45cede6-0c21-49a3-8643-c26d35a00a73,f3c3f79b-42b0-489d-a27a-dbc0f77ce909,a976b6e9-3ed6-4e9a-a5b9-99f314c55798,->,d45cede6-0c21-49a3-8643-c26d35a00a73,java/lang/StringBuilder.java,append
d45cede6-0c21-49a3-8643-c26d35a00a73,f3c3f79b-42b0-489d-a27a-dbc0f77ce909,a976b6e9-3ed6-4e9a-a5b9-99f314c55798,->,d45cede6-0c21-49a3-8643-c26d35a00a73,java/net/Socket.java,getInetAddress
d45cede6-0c21-49a3-8643-c26d35a00a73,f3c3f79b-42b0-489d-a27a-dbc0f77ce909,a976b6e9-3ed6-4e9a-a5b9-99f314c55798,->,d45cede6-0c21-49a3-8643-c26d35a00a73,java/net/InetAddress.java,getHostName
d45cede6-0c21-49a3-8643-c26d35a00a73,f3c3f79b-42b0-489d-a27a-dbc0f77ce909,a976b6e9-3ed6-4e9a-a5b9-99f314c55798,->,d45cede6-0c21-49a3-8643-c26d35a00a73,java/lang/StringBuilder.java,append
d45cede6-0c21-49a3-8643-c26d35a00a73,f3c3f79b-42b0-489d-a27a-dbc0f77ce909,a976b6e9-3ed6-4e9a-a5b9-99f314c55798,->,d45cede6-0c21-49a3-8643-c26d35a00a73,java/lang/StringBuilder.java,toString
d45cede6-0c21-49a3-8643-c26d35a00a73,f3c3f79b-42b0-489d-a27a-dbc0f77ce909,a976b6e9-3ed6-4e9a-a5b9-99f314c55798,->,d45cede6-0c21-49a3-8643-c26d35a00a73,java/io/PrintStream.java,println
d45cede6-0c21-49a3-8643-c26d35a00a73,f3c3f79b-42b0-489d-a27a-dbc0f77ce909,a976b6e9-3ed6-4e9a-a5b9-99f314c55798,->,d45cede6-0c21-49a3-8643-c26d35a00a73,java/net/Socket.java,getInputStream
d45cede6-0c21-49a3-8643-c26d35a00a73,f3c3f79b-42b0-489d-a27a-dbc0f77ce909,a976b6e9-3ed6-4e9a-a5b9-99f314c55798,->,d45cede6-0c21-49a3-8643-c26d35a00a73,java/io/ObjectInputStream.java,readObject
d45cede6-0c21-49a3-8643-c26d35a00a73,f3c3f79b-42b0-489d-a27a-dbc0f77ce909,a976b6e9-3ed6-4e9a-a5b9-99f314c55798,->,d45cede6-0c21-49a3-8643-c26d35a00a73,java/lang/String.java,split
d45cede6-0c21-49a3-8643-c26d35a00a73,f3c3f79b-42b0-489d-a27a-dbc0f77ce909,a976b6e9-3ed6-4e9a-a5b9-99f314c55798,->,d45cede6-0c21-49a3-8643-c26d35a00a73,java/lang/Integer.java,parseInt
d45cede6-0c21-49a3-8643-c26d35a00a73,f3c3f79b-42b0-489d-a27a-dbc0f77ce909,a976b6e9-3ed6-4e9a-a5b9-99f314c55798,->,d45cede6-0c21-49a3-8643-c26d35a00a73,java/lang/Integer.java,parseInt
d45cede6-0c21-49a3-8643-c26d35a00a73,f3c3f79b-42b0-489d-a27a-dbc0f77ce909,a976b6e9-3ed6-4e9a-a5b9-99f314c55798,->,d45cede6-0c21-49a3-8643-c26d35a00a73,java/lang/Integer.java,parseInt
d45cede6-0c21-49a3-8643-c26d35a00a73,f3c3f79b-42b0-489d-a27a-dbc0f77ce909,a976b6e9-3ed6-4e9a-a5b9-99f314c55798,->,d45cede6-0c21-49a3-8643-c26d35a00a73,java/lang/String.java,charAt
d45cede6-0c21-49a3-8643-c26d35a00a73,f3c3f79b-42b0-489d-a27a-dbc0f77ce909,a976b6e9-3ed6-4e9a-a5b9-99f314c55798,->,d45cede6-0c21-49a3-8643-c26d35a00a73,6b90a6c5-1ca5-4cb8-acc3-398ab5feed53,15632663-87ee-4e4d-afc5-909d04fef93f
d45cede6-0c21-49a3-8643-c26d35a00a73,f3c3f79b-42b0-489d-a27a-dbc0f77ce909,a976b6e9-3ed6-4e9a-a5b9-99f314c55798,->,d45cede6-0c21-49a3-8643-c26d35a00a73,java/util/ArrayList.java,size
d45cede6-0c21-49a3-8643-c26d35a00a73,f3c3f79b-42b0-489d-a27a-dbc0f77ce909,a976b6e9-3ed6-4e9a-a5b9-99f314c55798,->,d45cede6-0c21-49a3-8643-c26d35a00a73,87b3be37-775e-495b-8327-e7fc1413959f,75f6b6fb-cf1a-4fca-a09b-bffb68a46061
d45cede6-0c21-49a3-8643-c26d35a00a73,f3c3f79b-42b0-489d-a27a-dbc0f77ce909,a976b6e9-3ed6-4e9a-a5b9-99f314c55798,->,d45cede6-0c21-49a3-8643-c26d35a00a73,java/util/ArrayList.java,get
d45cede6-0c21-49a3-8643-c26d35a00a73,f3c3f79b-42b0-489d-a27a-dbc0f77ce909,a976b6e9-3ed6-4e9a-a5b9-99f314c55798,->,d45cede6-0c21-49a3-8643-c26d35a00a73,java/lang/Integer.java,intValue
d45cede6-0c21-49a3-8643-c26d35a00a73,f3c3f79b-42b0-489d-a27a-dbc0f77ce909,a976b6e9-3ed6-4e9a-a5b9-99f314c55798,->,d45cede6-0c21-49a3-8643-c26d35a00a73,java/util/ArrayList.java,get
d45cede6-0c21-49a3-8643-c26d35a00a73,f3c3f79b-42b0-489d-a27a-dbc0f77ce909,a976b6e9-3ed6-4e9a-a5b9-99f314c55798,->,d45cede6-0c21-49a3-8643-c26d35a00a73,7971d8cd-36d8-4128-8924-5072f695ee76,"f1599ce4-0aaf-4708-aefa-80836583598d,79af5fa9-5773-40f3-bd2b-2def3105c66b"
d45cede6-0c21-49a3-8643-c26d35a00a73,f3c3f79b-42b0-489d-a27a-dbc0f77ce909,a976b6e9-3ed6-4e9a-a5b9-99f314c55798,->,d45cede6-0c21-49a3-8643-c26d35a00a73,java/util/ArrayList.java,get
d45cede6-0c21-49a3-8643-c26d35a00a73,f3c3f79b-42b0-489d-a27a-dbc0f77ce909,a976b6e9-3ed6-4e9a-a5b9-99f314c55798,->,d45cede6-0c21-49a3-8643-c26d35a00a73,java/lang/StringBuilder.java,append
d45cede6-0c21-49a3-8643-c26d35a00a73,f3c3f79b-42b0-489d-a27a-dbc0f77ce909,a976b6e9-3ed6-4e9a-a5b9-99f314c55798,->,d45cede6-0c21-49a3-8643-c26d35a00a73,bab4eebc-dec3-48f0-ad61-d6b4fcf4cbfa,9c56f1ab-daf7-4c7e-8528-90f7e2d800b5
d45cede6-0c21-49a3-8643-c26d35a00a73,f3c3f79b-42b0-489d-a27a-dbc0f77ce909,a976b6e9-3ed6-4e9a-a5b9-99f314c55798,->,d45cede6-0c21-49a3-8643-c26d35a00a73,java/lang/StringBuilder.java,append
d45cede6-0c21-49a3-8643-c26d35a00a73,f3c3f79b-42b0-489d-a27a-dbc0f77ce909,a976b6e9-3ed6-4e9a-a5b9-99f314c55798,->,d45cede6-0c21-49a3-8643-c26d35a00a73,java/lang/StringBuilder.java,toString
d45cede6-0c21-49a3-8643-c26d35a00a73,f3c3f79b-42b0-489d-a27a-dbc0f77ce909,a976b6e9-3ed6-4e9a-a5b9-99f314c55798,->,d45cede6-0c21-49a3-8643-c26d35a00a73,java/io/PrintStream.java,println
d45cede6-0c21-49a3-8643-c26d35a00a73,f3c3f79b-42b0-489d-a27a-dbc0f77ce909,a976b6e9-3ed6-4e9a-a5b9-99f314c55798,->,d45cede6-0c21-49a3-8643-c26d35a00a73,java/lang/StringBuilder.java,append
d45cede6-0c21-49a3-8643-c26d35a00a73,f3c3f79b-42b0-489d-a27a-dbc0f77ce909,a976b6e9-3ed6-4e9a-a5b9-99f314c55798,->,d45cede6-0c21-49a3-8643-c26d35a00a73,7971d8cd-36d8-4128-8924-5072f695ee76,bd931530-8b02-4c7d-b859-301cea79cc46
d45cede6-0c21-49a3-8643-c26d35a00a73,f3c3f79b-42b0-489d-a27a-dbc0f77ce909,a976b6e9-3ed6-4e9a-a5b9-99f314c55798,->,d45cede6-0c21-49a3-8643-c26d35a00a73,java/lang/StringBuilder.java,append
d45cede6-0c21-49a3-8643-c26d35a00a73,f3c3f79b-42b0-489d-a27a-dbc0f77ce909,a976b6e9-3ed6-4e9a-a5b9-99f314c55798,->,d45cede6-0c21-49a3-8643-c26d35a00a73,java/lang/StringBuilder.java,toString
d45cede6-0c21-49a3-8643-c26d35a00a73,f3c3f79b-42b0-489d-a27a-dbc0f77ce909,a976b6e9-3ed6-4e9a-a5b9-99f314c55798,->,d45cede6-0c21-49a3-8643-c26d35a00a73,java/io/PrintStream.java,println
d45cede6-0c21-49a3-8643-c26d35a00a73,f3c3f79b-42b0-489d-a27a-dbc0f77ce909,a976b6e9-3ed6-4e9a-a5b9-99f314c55798,->,d45cede6-0c21-49a3-8643-c26d35a00a73,87b3be37-775e-495b-8327-e7fc1413959f,818ff3ae-d956-4d99-9ad1-69310814e215
d45cede6-0c21-49a3-8643-c26d35a00a73,f3c3f79b-42b0-489d-a27a-dbc0f77ce909,a976b6e9-3ed6-4e9a-a5b9-99f314c55798,->,d45cede6-0c21-49a3-8643-c26d35a00a73,java/io/PrintStream.java,println
d45cede6-0c21-49a3-8643-c26d35a00a73,f3c3f79b-42b0-489d-a27a-dbc0f77ce909,a976b6e9-3ed6-4e9a-a5b9-99f314c55798,->,d45cede6-0c21-49a3-8643-c26d35a00a73,87b3be37-775e-495b-8327-e7fc1413959f,93e3bd50-2836-4dac-82b5-b949f263dbac
d45cede6-0c21-49a3-8643-c26d35a00a73,f3c3f79b-42b0-489d-a27a-dbc0f77ce909,a976b6e9-3ed6-4e9a-a5b9-99f314c55798,->,d45cede6-0c21-49a3-8643-c26d35a00a73,87b3be37-775e-495b-8327-e7fc1413959f,"8c92e1e8-cfaa-4202-8176-9375cee8a110,8225fee3-c612-491c-9813-bb50dc23b8d9"
d45cede6-0c21-49a3-8643-c26d35a00a73,f3c3f79b-42b0-489d-a27a-dbc0f77ce909,a976b6e9-3ed6-4e9a-a5b9-99f314c55798,->,d45cede6-0c21-49a3-8643-c26d35a00a73,87b3be37-775e-495b-8327-e7fc1413959f,ef5f0684-3290-4fc9-bf6a-f389db74f8b5
d45cede6-0c21-49a3-8643-c26d35a00a73,f3c3f79b-42b0-489d-a27a-dbc0f77ce909,a976b6e9-3ed6-4e9a-a5b9-99f314c55798,->,d45cede6-0c21-49a3-8643-c26d35a00a73,java/lang/Exception.java,toString
d45cede6-0c21-49a3-8643-c26d35a00a73,f3c3f79b-42b0-489d-a27a-dbc0f77ce909,a976b6e9-3ed6-4e9a-a5b9-99f314c55798,->,d45cede6-0c21-49a3-8643-c26d35a00a73,java/io/PrintStream.java,println
d45cede6-0c21-49a3-8643-c26d35a00a73,handwrittengui/TableGUI$1.java,focusLost,->,d45cede6-0c21-49a3-8643-c26d35a00a73,handwrittengui/TableGUI.java,access$000
d45cede6-0c21-49a3-8643-c26d35a00a73,handwrittengui/TableGUI$1.java,focusLost,->,d45cede6-0c21-49a3-8643-c26d35a00a73,javax/swing/JPopupMenu.java,setVisible
d45cede6-0c21-49a3-8643-c26d35a00a73,handwrittengui/TableGUI$1.java,focusLost,->,d45cede6-0c21-49a3-8643-c26d35a00a73,handwrittengui/TableGUI.java,access$102
d45cede6-0c21-49a3-8643-c26d35a00a73,handwrittengui/TableGUI$1.java,focusLost,->,d45cede6-0c21-49a3-8643-c26d35a00a73,handwrittengui/TableGUI.java,access$202
d45cede6-0c21-49a3-8643-c26d35a00a73,handwrittengui/Table$TableType.java,values,->,d45cede6-0c21-49a3-8643-c26d35a00a73,handwrittengui/Table$TableType.java,clone
d45cede6-0c21-49a3-8643-c26d35a00a73,handwrittengui/Table$TableType.java,valueOf,->,d45cede6-0c21-49a3-8643-c26d35a00a73,java/lang/Enum.java,valueOf
d45cede6-0c21-49a3-8643-c26d35a00a73,handwrittengui/TableWatcher$1.java,run,->,d45cede6-0c21-49a3-8643-c26d35a00a73,handwrittengui/TableWatcher.java,setVisible
d45cede6-0c21-49a3-8643-c26d35a00a73,9166116b-0811-4213-829c-4cef8b306f81,9ed2216a-83e9-4511-88d3-6dec0cdb39d1,->,d45cede6-0c21-49a3-8643-c26d35a00a73,javax/swing/GroupLayout.java,createParallelGroup
d45cede6-0c21-49a3-8643-c26d35a00a73,9166116b-0811-4213-829c-4cef8b306f81,9ed2216a-83e9-4511-88d3-6dec0cdb39d1,->,d45cede6-0c21-49a3-8643-c26d35a00a73,javax/swing/GroupLayout.java,createSequentialGroup
d45cede6-0c21-49a3-8643-c26d35a00a73,9166116b-0811-4213-829c-4cef8b306f81,9ed2216a-83e9-4511-88d3-6dec0cdb39d1,->,d45cede6-0c21-49a3-8643-c26d35a00a73,javax/swing/GroupLayout$SequentialGroup.java,addComponent
d45cede6-0c21-49a3-8643-c26d35a00a73,9166116b-0811-4213-829c-4cef8b306f81,9ed2216a-83e9-4511-88d3-6dec0cdb39d1,->,d45cede6-0c21-49a3-8643-c26d35a00a73,javax/swing/GroupLayout$SequentialGroup.java,addComponent
d45cede6-0c21-49a3-8643-c26d35a00a73,9166116b-0811-4213-829c-4cef8b306f81,9ed2216a-83e9-4511-88d3-6dec0cdb39d1,->,d45cede6-0c21-49a3-8643-c26d35a00a73,javax/swing/GroupLayout$SequentialGroup.java,addComponent
d45cede6-0c21-49a3-8643-c26d35a00a73,9166116b-0811-4213-829c-4cef8b306f81,9ed2216a-83e9-4511-88d3-6dec0cdb39d1,->,d45cede6-0c21-49a3-8643-c26d35a00a73,javax/swing/GroupLayout$SequentialGroup.java,addComponent
d45cede6-0c21-49a3-8643-c26d35a00a73,9166116b-0811-4213-829c-4cef8b306f81,9ed2216a-83e9-4511-88d3-6dec0cdb39d1,->,d45cede6-0c21-49a3-8643-c26d35a00a73,javax/swing/GroupLayout$SequentialGroup.java,addComponent
d45cede6-0c21-49a3-8643-c26d35a00a73,9166116b-0811-4213-829c-4cef8b306f81,9ed2216a-83e9-4511-88d3-6dec0cdb39d1,->,d45cede6-0c21-49a3-8643-c26d35a00a73,javax/swing/GroupLayout$SequentialGroup.java,addComponent
d45cede6-0c21-49a3-8643-c26d35a00a73,9166116b-0811-4213-829c-4cef8b306f81,9ed2216a-83e9-4511-88d3-6dec0cdb39d1,->,d45cede6-0c21-49a3-8643-c26d35a00a73,javax/swing/GroupLayout$SequentialGroup.java,addComponent
d45cede6-0c21-49a3-8643-c26d35a00a73,9166116b-0811-4213-829c-4cef8b306f81,9ed2216a-83e9-4511-88d3-6dec0cdb39d1,->,d45cede6-0c21-49a3-8643-c26d35a00a73,javax/swing/GroupLayout$ParallelGroup.java,addGroup
d45cede6-0c21-49a3-8643-c26d35a00a73,9166116b-0811-4213-829c-4cef8b306f81,9ed2216a-83e9-4511-88d3-6dec0cdb39d1,->,d45cede6-0c21-49a3-8643-c26d35a00a73,javax/swing/GroupLayout$ParallelGroup.java,addGroup
d45cede6-0c21-49a3-8643-c26d35a00a73,9166116b-0811-4213-829c-4cef8b306f81,9ed2216a-83e9-4511-88d3-6dec0cdb39d1,->,d45cede6-0c21-49a3-8643-c26d35a00a73,javax/swing/GroupLayout.java,setHorizontalGroup
d45cede6-0c21-49a3-8643-c26d35a00a73,9166116b-0811-4213-829c-4cef8b306f81,9ed2216a-83e9-4511-88d3-6dec0cdb39d1,->,d45cede6-0c21-49a3-8643-c26d35a00a73,javax/swing/GroupLayout.java,createSequentialGroup
d45cede6-0c21-49a3-8643-c26d35a00a73,9166116b-0811-4213-829c-4cef8b306f81,9ed2216a-83e9-4511-88d3-6dec0cdb39d1,->,d45cede6-0c21-49a3-8643-c26d35a00a73,javax/swing/GroupLayout.java,createParallelGroup
d45cede6-0c21-49a3-8643-c26d35a00a73,9166116b-0811-4213-829c-4cef8b306f81,9ed2216a-83e9-4511-88d3-6dec0cdb39d1,->,d45cede6-0c21-49a3-8643-c26d35a00a73,javax/swing/GroupLayout$ParallelGroup.java,addComponent
d45cede6-0c21-49a3-8643-c26d35a00a73,9166116b-0811-4213-829c-4cef8b306f81,9ed2216a-83e9-4511-88d3-6dec0cdb39d1,->,d45cede6-0c21-49a3-8643-c26d35a00a73,javax/swing/GroupLayout$ParallelGroup.java,addComponent
d45cede6-0c21-49a3-8643-c26d35a00a73,9166116b-0811-4213-829c-4cef8b306f81,9ed2216a-83e9-4511-88d3-6dec0cdb39d1,->,d45cede6-0c21-49a3-8643-c26d35a00a73,javax/swing/GroupLayout$ParallelGroup.java,addComponent
d45cede6-0c21-49a3-8643-c26d35a00a73,9166116b-0811-4213-829c-4cef8b306f81,9ed2216a-83e9-4511-88d3-6dec0cdb39d1,->,d45cede6-0c21-49a3-8643-c26d35a00a73,javax/swing/GroupLayout$ParallelGroup.java,addComponent
d45cede6-0c21-49a3-8643-c26d35a00a73,9166116b-0811-4213-829c-4cef8b306f81,9ed2216a-83e9-4511-88d3-6dec0cdb39d1,->,d45cede6-0c21-49a3-8643-c26d35a00a73,javax/swing/GroupLayout$ParallelGroup.java,addComponent
d45cede6-0c21-49a3-8643-c26d35a00a73,9166116b-0811-4213-829c-4cef8b306f81,9ed2216a-83e9-4511-88d3-6dec0cdb39d1,->,d45cede6-0c21-49a3-8643-c26d35a00a73,javax/swing/GroupLayout$ParallelGroup.java,addComponent
d45cede6-0c21-49a3-8643-c26d35a00a73,9166116b-0811-4213-829c-4cef8b306f81,9ed2216a-83e9-4511-88d3-6dec0cdb39d1,->,d45cede6-0c21-49a3-8643-c26d35a00a73,javax/swing/GroupLayout$ParallelGroup.java,addComponent
d45cede6-0c21-49a3-8643-c26d35a00a73,9166116b-0811-4213-829c-4cef8b306f81,9ed2216a-83e9-4511-88d3-6dec0cdb39d1,->,d45cede6-0c21-49a3-8643-c26d35a00a73,javax/swing/GroupLayout$SequentialGroup.java,addGroup
d45cede6-0c21-49a3-8643-c26d35a00a73,9166116b-0811-4213-829c-4cef8b306f81,9ed2216a-83e9-4511-88d3-6dec0cdb39d1,->,d45cede6-0c21-49a3-8643-c26d35a00a73,javax/swing/GroupLayout.java,createSequentialGroup
d45cede6-0c21-49a3-8643-c26d35a00a73,9166116b-0811-4213-829c-4cef8b306f81,9ed2216a-83e9-4511-88d3-6dec0cdb39d1,->,d45cede6-0c21-49a3-8643-c26d35a00a73,javax/swing/GroupLayout$SequentialGroup.java,addGroup
d45cede6-0c21-49a3-8643-c26d35a00a73,9166116b-0811-4213-829c-4cef8b306f81,9ed2216a-83e9-4511-88d3-6dec0cdb39d1,->,d45cede6-0c21-49a3-8643-c26d35a00a73,javax/swing/GroupLayout$SequentialGroup.java,addGroup
d45cede6-0c21-49a3-8643-c26d35a00a73,9166116b-0811-4213-829c-4cef8b306f81,9ed2216a-83e9-4511-88d3-6dec0cdb39d1,->,d45cede6-0c21-49a3-8643-c26d35a00a73,javax/swing/GroupLayout.java,setVerticalGroup
d45cede6-0c21-49a3-8643-c26d35a00a73,9166116b-0811-4213-829c-4cef8b306f81,9ed2216a-83e9-4511-88d3-6dec0cdb39d1,->,d45cede6-0c21-49a3-8643-c26d35a00a73,handwrittengui/WaitListGUI.java,pack
d45cede6-0c21-49a3-8643-c26d35a00a73,9166116b-0811-4213-829c-4cef8b306f81,9ed2216a-83e9-4511-88d3-6dec0cdb39d1,->,d45cede6-0c21-49a3-8643-c26d35a00a73,handwrittengui/WaitListGUI.java,setVisible
d45cede6-0c21-49a3-8643-c26d35a00a73,9166116b-0811-4213-829c-4cef8b306f81,928ef7d2-efd6-4a04-8213-fd96a257ebc6,->,d45cede6-0c21-49a3-8643-c26d35a00a73,9334b516-c0aa-4af8-808b-d0d000c5629c,2444aede-d5fe-43b6-8860-4f2248382686
d45cede6-0c21-49a3-8643-c26d35a00a73,9166116b-0811-4213-829c-4cef8b306f81,928ef7d2-efd6-4a04-8213-fd96a257ebc6,->,d45cede6-0c21-49a3-8643-c26d35a00a73,javax/swing/GroupLayout$ParallelGroup.java,addComponent
d45cede6-0c21-49a3-8643-c26d35a00a73,9166116b-0811-4213-829c-4cef8b306f81,928ef7d2-efd6-4a04-8213-fd96a257ebc6,->,d45cede6-0c21-49a3-8643-c26d35a00a73,9334b516-c0aa-4af8-808b-d0d000c5629c,2444aede-d5fe-43b6-8860-4f2248382686
d45cede6-0c21-49a3-8643-c26d35a00a73,9166116b-0811-4213-829c-4cef8b306f81,928ef7d2-efd6-4a04-8213-fd96a257ebc6,->,d45cede6-0c21-49a3-8643-c26d35a00a73,javax/swing/GroupLayout$SequentialGroup.java,addComponent
d45cede6-0c21-49a3-8643-c26d35a00a73,9166116b-0811-4213-829c-4cef8b306f81,928ef7d2-efd6-4a04-8213-fd96a257ebc6,->,d45cede6-0c21-49a3-8643-c26d35a00a73,9166116b-0811-4213-829c-4cef8b306f81,9ed2216a-83e9-4511-88d3-6dec0cdb39d1
d45cede6-0c21-49a3-8643-c26d35a00a73,9166116b-0811-4213-829c-4cef8b306f81,9061a9a9-d4b8-4190-925a-0e12c20b12c7,->,d45cede6-0c21-49a3-8643-c26d35a00a73,handwrittengui/WaitListGUI.java,getContentPane
d45cede6-0c21-49a3-8643-c26d35a00a73,9166116b-0811-4213-829c-4cef8b306f81,9061a9a9-d4b8-4190-925a-0e12c20b12c7,->,d45cede6-0c21-49a3-8643-c26d35a00a73,java/awt/Container.java,removeAll
d45cede6-0c21-49a3-8643-c26d35a00a73,9166116b-0811-4213-829c-4cef8b306f81,9061a9a9-d4b8-4190-925a-0e12c20b12c7,->,d45cede6-0c21-49a3-8643-c26d35a00a73,9334b516-c0aa-4af8-808b-d0d000c5629c,2444aede-d5fe-43b6-8860-4f2248382686
d45cede6-0c21-49a3-8643-c26d35a00a73,9166116b-0811-4213-829c-4cef8b306f81,9061a9a9-d4b8-4190-925a-0e12c20b12c7,->,d45cede6-0c21-49a3-8643-c26d35a00a73,javax/swing/GroupLayout$ParallelGroup.java,addComponent
d45cede6-0c21-49a3-8643-c26d35a00a73,9166116b-0811-4213-829c-4cef8b306f81,9061a9a9-d4b8-4190-925a-0e12c20b12c7,->,d45cede6-0c21-49a3-8643-c26d35a00a73,9334b516-c0aa-4af8-808b-d0d000c5629c,2444aede-d5fe-43b6-8860-4f2248382686
d45cede6-0c21-49a3-8643-c26d35a00a73,9166116b-0811-4213-829c-4cef8b306f81,9061a9a9-d4b8-4190-925a-0e12c20b12c7,->,d45cede6-0c21-49a3-8643-c26d35a00a73,javax/swing/GroupLayout$SequentialGroup.java,addComponent
d45cede6-0c21-49a3-8643-c26d35a00a73,9166116b-0811-4213-829c-4cef8b306f81,9061a9a9-d4b8-4190-925a-0e12c20b12c7,->,d45cede6-0c21-49a3-8643-c26d35a00a73,9166116b-0811-4213-829c-4cef8b306f81,9ed2216a-83e9-4511-88d3-6dec0cdb39d1
d45cede6-0c21-49a3-8643-c26d35a00a73,9166116b-0811-4213-829c-4cef8b306f81,bb160797-5ac2-4603-8d69-d9083b21960d,->,d45cede6-0c21-49a3-8643-c26d35a00a73,java/awt/EventQueue.java,invokeLater
d45cede6-0c21-49a3-8643-c26d35a00a73,7971d8cd-36d8-4128-8924-5072f695ee76,e47aec62-058a-474c-bb30-153a80b6ab98,->,d45cede6-0c21-49a3-8643-c26d35a00a73,bab4eebc-dec3-48f0-ad61-d6b4fcf4cbfa,8ea4330e-8e58-46ee-9d6a-88f2da386911
d45cede6-0c21-49a3-8643-c26d35a00a73,7971d8cd-36d8-4128-8924-5072f695ee76,e47aec62-058a-474c-bb30-153a80b6ab98,->,d45cede6-0c21-49a3-8643-c26d35a00a73,bab4eebc-dec3-48f0-ad61-d6b4fcf4cbfa,777a4a5a-0dd1-47a9-acd3-9d2cbc3a991d
d45cede6-0c21-49a3-8643-c26d35a00a73,7971d8cd-36d8-4128-8924-5072f695ee76,f5cf9288-fe6c-4685-b350-a63df9bf6f39,->,d45cede6-0c21-49a3-8643-c26d35a00a73,bab4eebc-dec3-48f0-ad61-d6b4fcf4cbfa,1285994c-d653-42e4-986b-40de91b5a971
d45cede6-0c21-49a3-8643-c26d35a00a73,7971d8cd-36d8-4128-8924-5072f695ee76,f5cf9288-fe6c-4685-b350-a63df9bf6f39,->,d45cede6-0c21-49a3-8643-c26d35a00a73,bab4eebc-dec3-48f0-ad61-d6b4fcf4cbfa,11a47d65-e1b2-4b83-8020-23adee5d1325
d45cede6-0c21-49a3-8643-c26d35a00a73,7971d8cd-36d8-4128-8924-5072f695ee76,f5cf9288-fe6c-4685-b350-a63df9bf6f39,->,d45cede6-0c21-49a3-8643-c26d35a00a73,7971d8cd-36d8-4128-8924-5072f695ee76,f7a2e63c-3405-4764-a79f-cbfcca401fc0
d45cede6-0c21-49a3-8643-c26d35a00a73,7971d8cd-36d8-4128-8924-5072f695ee76,f5cf9288-fe6c-4685-b350-a63df9bf6f39,->,d45cede6-0c21-49a3-8643-c26d35a00a73,java/util/ArrayList.java,add
d45cede6-0c21-49a3-8643-c26d35a00a73,7971d8cd-36d8-4128-8924-5072f695ee76,f5cf9288-fe6c-4685-b350-a63df9bf6f39,->,d45cede6-0c21-49a3-8643-c26d35a00a73,7971d8cd-36d8-4128-8924-5072f695ee76,df9953bb-792b-463d-8008-128539766122
d45cede6-0c21-49a3-8643-c26d35a00a73,7971d8cd-36d8-4128-8924-5072f695ee76,f5cf9288-fe6c-4685-b350-a63df9bf6f39,->,d45cede6-0c21-49a3-8643-c26d35a00a73,6b90a6c5-1ca5-4cb8-acc3-398ab5feed53,ac1ed4fc-c461-4841-b86c-15566724e471
d45cede6-0c21-49a3-8643-c26d35a00a73,7971d8cd-36d8-4128-8924-5072f695ee76,f5cf9288-fe6c-4685-b350-a63df9bf6f39,->,d45cede6-0c21-49a3-8643-c26d35a00a73,7971d8cd-36d8-4128-8924-5072f695ee76,e3c59e0a-062f-44b7-8143-910dc7b8824f
d45cede6-0c21-49a3-8643-c26d35a00a73,7971d8cd-36d8-4128-8924-5072f695ee76,f5cf9288-fe6c-4685-b350-a63df9bf6f39,->,d45cede6-0c21-49a3-8643-c26d35a00a73,b67f5695-8e71-4738-8af7-75c192b85fa8,09e14bbf-34cb-47e3-b41e-f612756244f5
d45cede6-0c21-49a3-8643-c26d35a00a73,7971d8cd-36d8-4128-8924-5072f695ee76,548af5d2-e318-49f5-9c49-d1a532581ed5,->,d45cede6-0c21-49a3-8643-c26d35a00a73,7971d8cd-36d8-4128-8924-5072f695ee76,f7a2e63c-3405-4764-a79f-cbfcca401fc0
d45cede6-0c21-49a3-8643-c26d35a00a73,7971d8cd-36d8-4128-8924-5072f695ee76,548af5d2-e318-49f5-9c49-d1a532581ed5,->,d45cede6-0c21-49a3-8643-c26d35a00a73,b67f5695-8e71-4738-8af7-75c192b85fa8,09e14bbf-34cb-47e3-b41e-f612756244f5
d45cede6-0c21-49a3-8643-c26d35a00a73,7971d8cd-36d8-4128-8924-5072f695ee76,0f1a45fc-0565-44f5-86f4-6a9b9ea64d44,->,d45cede6-0c21-49a3-8643-c26d35a00a73,7971d8cd-36d8-4128-8924-5072f695ee76,df9953bb-792b-463d-8008-128539766122
d45cede6-0c21-49a3-8643-c26d35a00a73,7971d8cd-36d8-4128-8924-5072f695ee76,0f1a45fc-0565-44f5-86f4-6a9b9ea64d44,->,d45cede6-0c21-49a3-8643-c26d35a00a73,b67f5695-8e71-4738-8af7-75c192b85fa8,09e14bbf-34cb-47e3-b41e-f612756244f5
d45cede6-0c21-49a3-8643-c26d35a00a73,7971d8cd-36d8-4128-8924-5072f695ee76,df9953bb-792b-463d-8008-128539766122,->,d45cede6-0c21-49a3-8643-c26d35a00a73,handwrittengui/Table.java,clone
d45cede6-0c21-49a3-8643-c26d35a00a73,7971d8cd-36d8-4128-8924-5072f695ee76,f7a2e63c-3405-4764-a79f-cbfcca401fc0,->,d45cede6-0c21-49a3-8643-c26d35a00a73,handwrittengui/Table.java,clone
d45cede6-0c21-49a3-8643-c26d35a00a73,7971d8cd-36d8-4128-8924-5072f695ee76,f7a2e63c-3405-4764-a79f-cbfcca401fc0,->,d45cede6-0c21-49a3-8643-c26d35a00a73,java/util/ArrayList.java,add
d45cede6-0c21-49a3-8643-c26d35a00a73,7971d8cd-36d8-4128-8924-5072f695ee76,f7a2e63c-3405-4764-a79f-cbfcca401fc0,->,d45cede6-0c21-49a3-8643-c26d35a00a73,6b90a6c5-1ca5-4cb8-acc3-398ab5feed53,b2dc1059-8068-4564-aa7e-5c3a9d026dbd
d45cede6-0c21-49a3-8643-c26d35a00a73,7971d8cd-36d8-4128-8924-5072f695ee76,2f6d8acf-0ed1-4822-afe8-44ac0737be38,->,d45cede6-0c21-49a3-8643-c26d35a00a73,bab4eebc-dec3-48f0-ad61-d6b4fcf4cbfa,c1c4498e-4dfe-4873-8f23-f300d8f2ccac
d45cede6-0c21-49a3-8643-c26d35a00a73,7971d8cd-36d8-4128-8924-5072f695ee76,2f6d8acf-0ed1-4822-afe8-44ac0737be38,->,d45cede6-0c21-49a3-8643-c26d35a00a73,6b90a6c5-1ca5-4cb8-acc3-398ab5feed53,b2dc1059-8068-4564-aa7e-5c3a9d026dbd
d45cede6-0c21-49a3-8643-c26d35a00a73,7971d8cd-36d8-4128-8924-5072f695ee76,2f6d8acf-0ed1-4822-afe8-44ac0737be38,->,d45cede6-0c21-49a3-8643-c26d35a00a73,handwrittengui/Table.java,clone
d45cede6-0c21-49a3-8643-c26d35a00a73,7971d8cd-36d8-4128-8924-5072f695ee76,2f6d8acf-0ed1-4822-afe8-44ac0737be38,->,d45cede6-0c21-49a3-8643-c26d35a00a73,6b90a6c5-1ca5-4cb8-acc3-398ab5feed53,91cdf5ae-5edd-4ab2-a4d6-0746937590d2
d45cede6-0c21-49a3-8643-c26d35a00a73,7971d8cd-36d8-4128-8924-5072f695ee76,2f6d8acf-0ed1-4822-afe8-44ac0737be38,->,d45cede6-0c21-49a3-8643-c26d35a00a73,b67f5695-8e71-4738-8af7-75c192b85fa8,40ce92f8-b47c-4784-9f96-4a1ee338e89b
d45cede6-0c21-49a3-8643-c26d35a00a73,7971d8cd-36d8-4128-8924-5072f695ee76,ad5f05bf-dd57-4f78-96ad-196ac1e2c6bf,->,d45cede6-0c21-49a3-8643-c26d35a00a73,bab4eebc-dec3-48f0-ad61-d6b4fcf4cbfa,71d05c89-92b9-4480-944b-fccd02327ddd
d45cede6-0c21-49a3-8643-c26d35a00a73,7971d8cd-36d8-4128-8924-5072f695ee76,ad5f05bf-dd57-4f78-96ad-196ac1e2c6bf,->,d45cede6-0c21-49a3-8643-c26d35a00a73,bab4eebc-dec3-48f0-ad61-d6b4fcf4cbfa,fc0cacf8-9ade-4cb1-8185-aac79d8dd4e1
d45cede6-0c21-49a3-8643-c26d35a00a73,7971d8cd-36d8-4128-8924-5072f695ee76,"f1599ce4-0aaf-4708-aefa-80836583598d,79af5fa9-5773-40f3-bd2b-2def3105c66b",->,d45cede6-0c21-49a3-8643-c26d35a00a73,bab4eebc-dec3-48f0-ad61-d6b4fcf4cbfa,c1c4498e-4dfe-4873-8f23-f300d8f2ccac
d45cede6-0c21-49a3-8643-c26d35a00a73,7971d8cd-36d8-4128-8924-5072f695ee76,"f1599ce4-0aaf-4708-aefa-80836583598d,79af5fa9-5773-40f3-bd2b-2def3105c66b",->,d45cede6-0c21-49a3-8643-c26d35a00a73,6b90a6c5-1ca5-4cb8-acc3-398ab5feed53,b2dc1059-8068-4564-aa7e-5c3a9d026dbd
d45cede6-0c21-49a3-8643-c26d35a00a73,7971d8cd-36d8-4128-8924-5072f695ee76,"f1599ce4-0aaf-4708-aefa-80836583598d,79af5fa9-5773-40f3-bd2b-2def3105c66b",->,d45cede6-0c21-49a3-8643-c26d35a00a73,bab4eebc-dec3-48f0-ad61-d6b4fcf4cbfa,7f21e167-9b86-4499-927c-5d8875bcac3e
d45cede6-0c21-49a3-8643-c26d35a00a73,7971d8cd-36d8-4128-8924-5072f695ee76,"f1599ce4-0aaf-4708-aefa-80836583598d,79af5fa9-5773-40f3-bd2b-2def3105c66b",->,d45cede6-0c21-49a3-8643-c26d35a00a73,bab4eebc-dec3-48f0-ad61-d6b4fcf4cbfa,777a4a5a-0dd1-47a9-acd3-9d2cbc3a991d
d45cede6-0c21-49a3-8643-c26d35a00a73,7971d8cd-36d8-4128-8924-5072f695ee76,"f1599ce4-0aaf-4708-aefa-80836583598d,79af5fa9-5773-40f3-bd2b-2def3105c66b",->,d45cede6-0c21-49a3-8643-c26d35a00a73,bab4eebc-dec3-48f0-ad61-d6b4fcf4cbfa,7028d12e-6e54-4e2a-8eff-5a6c42d59312
d45cede6-0c21-49a3-8643-c26d35a00a73,7971d8cd-36d8-4128-8924-5072f695ee76,"f1599ce4-0aaf-4708-aefa-80836583598d,79af5fa9-5773-40f3-bd2b-2def3105c66b",->,d45cede6-0c21-49a3-8643-c26d35a00a73,7971d8cd-36d8-4128-8924-5072f695ee76,aced33c6-5b0d-405b-8dfa-8d91e6ffd3d8
d45cede6-0c21-49a3-8643-c26d35a00a73,7971d8cd-36d8-4128-8924-5072f695ee76,"f1599ce4-0aaf-4708-aefa-80836583598d,79af5fa9-5773-40f3-bd2b-2def3105c66b",->,d45cede6-0c21-49a3-8643-c26d35a00a73,b67f5695-8e71-4738-8af7-75c192b85fa8,09e14bbf-34cb-47e3-b41e-f612756244f5
d45cede6-0c21-49a3-8643-c26d35a00a73,7971d8cd-36d8-4128-8924-5072f695ee76,"f1599ce4-0aaf-4708-aefa-80836583598d,79af5fa9-5773-40f3-bd2b-2def3105c66b",->,d45cede6-0c21-49a3-8643-c26d35a00a73,7971d8cd-36d8-4128-8924-5072f695ee76,449ffeca-ad39-4785-b2fe-e9fd34f29a49
d45cede6-0c21-49a3-8643-c26d35a00a73,7971d8cd-36d8-4128-8924-5072f695ee76,"f1599ce4-0aaf-4708-aefa-80836583598d,79af5fa9-5773-40f3-bd2b-2def3105c66b",->,d45cede6-0c21-49a3-8643-c26d35a00a73,7971d8cd-36d8-4128-8924-5072f695ee76,3ab4f373-787a-45ca-a678-14d02e65a63f
d45cede6-0c21-49a3-8643-c26d35a00a73,7971d8cd-36d8-4128-8924-5072f695ee76,"f1599ce4-0aaf-4708-aefa-80836583598d,79af5fa9-5773-40f3-bd2b-2def3105c66b",->,d45cede6-0c21-49a3-8643-c26d35a00a73,java/util/ArrayList.java,isEmpty
d45cede6-0c21-49a3-8643-c26d35a00a73,7971d8cd-36d8-4128-8924-5072f695ee76,"f1599ce4-0aaf-4708-aefa-80836583598d,79af5fa9-5773-40f3-bd2b-2def3105c66b",->,d45cede6-0c21-49a3-8643-c26d35a00a73,6b90a6c5-1ca5-4cb8-acc3-398ab5feed53,"66016449-67ea-4546-a24a-bbff6d7543aa,4af7a0d2-321c-4489-9fe7-db70a64478b3"
d45cede6-0c21-49a3-8643-c26d35a00a73,7971d8cd-36d8-4128-8924-5072f695ee76,"f1599ce4-0aaf-4708-aefa-80836583598d,79af5fa9-5773-40f3-bd2b-2def3105c66b",->,d45cede6-0c21-49a3-8643-c26d35a00a73,6b90a6c5-1ca5-4cb8-acc3-398ab5feed53,99cfef45-412f-40b5-9332-c18c37532671
d45cede6-0c21-49a3-8643-c26d35a00a73,7971d8cd-36d8-4128-8924-5072f695ee76,"f1599ce4-0aaf-4708-aefa-80836583598d,79af5fa9-5773-40f3-bd2b-2def3105c66b",->,d45cede6-0c21-49a3-8643-c26d35a00a73,java/util/ArrayList.java,size
d45cede6-0c21-49a3-8643-c26d35a00a73,7971d8cd-36d8-4128-8924-5072f695ee76,"f1599ce4-0aaf-4708-aefa-80836583598d,79af5fa9-5773-40f3-bd2b-2def3105c66b",->,d45cede6-0c21-49a3-8643-c26d35a00a73,java/util/ArrayList.java,get
d45cede6-0c21-49a3-8643-c26d35a00a73,7971d8cd-36d8-4128-8924-5072f695ee76,"f1599ce4-0aaf-4708-aefa-80836583598d,79af5fa9-5773-40f3-bd2b-2def3105c66b",->,d45cede6-0c21-49a3-8643-c26d35a00a73,6b90a6c5-1ca5-4cb8-acc3-398ab5feed53,b2dc1059-8068-4564-aa7e-5c3a9d026dbd
d45cede6-0c21-49a3-8643-c26d35a00a73,7971d8cd-36d8-4128-8924-5072f695ee76,"f1599ce4-0aaf-4708-aefa-80836583598d,79af5fa9-5773-40f3-bd2b-2def3105c66b",->,d45cede6-0c21-49a3-8643-c26d35a00a73,6b90a6c5-1ca5-4cb8-acc3-398ab5feed53,0a13ee2f-5169-43f0-9022-3c4bee729750
d45cede6-0c21-49a3-8643-c26d35a00a73,7971d8cd-36d8-4128-8924-5072f695ee76,"f1599ce4-0aaf-4708-aefa-80836583598d,79af5fa9-5773-40f3-bd2b-2def3105c66b",->,d45cede6-0c21-49a3-8643-c26d35a00a73,java/util/ArrayList.java,size
d45cede6-0c21-49a3-8643-c26d35a00a73,7971d8cd-36d8-4128-8924-5072f695ee76,"f1599ce4-0aaf-4708-aefa-80836583598d,79af5fa9-5773-40f3-bd2b-2def3105c66b",->,d45cede6-0c21-49a3-8643-c26d35a00a73,java/util/ArrayList.java,get
d45cede6-0c21-49a3-8643-c26d35a00a73,7971d8cd-36d8-4128-8924-5072f695ee76,"f1599ce4-0aaf-4708-aefa-80836583598d,79af5fa9-5773-40f3-bd2b-2def3105c66b",->,d45cede6-0c21-49a3-8643-c26d35a00a73,java/lang/Integer.java,intValue
d45cede6-0c21-49a3-8643-c26d35a00a73,7971d8cd-36d8-4128-8924-5072f695ee76,"f1599ce4-0aaf-4708-aefa-80836583598d,79af5fa9-5773-40f3-bd2b-2def3105c66b",->,d45cede6-0c21-49a3-8643-c26d35a00a73,java/util/ArrayList.java,add
d45cede6-0c21-49a3-8643-c26d35a00a73,7971d8cd-36d8-4128-8924-5072f695ee76,"f1599ce4-0aaf-4708-aefa-80836583598d,79af5fa9-5773-40f3-bd2b-2def3105c66b",->,d45cede6-0c21-49a3-8643-c26d35a00a73,java/util/ArrayList.java,size
d45cede6-0c21-49a3-8643-c26d35a00a73,7971d8cd-36d8-4128-8924-5072f695ee76,"f1599ce4-0aaf-4708-aefa-80836583598d,79af5fa9-5773-40f3-bd2b-2def3105c66b",->,d45cede6-0c21-49a3-8643-c26d35a00a73,java/util/ArrayList.java,get
d45cede6-0c21-49a3-8643-c26d35a00a73,7971d8cd-36d8-4128-8924-5072f695ee76,"f1599ce4-0aaf-4708-aefa-80836583598d,79af5fa9-5773-40f3-bd2b-2def3105c66b",->,d45cede6-0c21-49a3-8643-c26d35a00a73,bab4eebc-dec3-48f0-ad61-d6b4fcf4cbfa,96e7b406-2681-4cdc-954c-ffc16e11d2a8
d45cede6-0c21-49a3-8643-c26d35a00a73,7971d8cd-36d8-4128-8924-5072f695ee76,"f1599ce4-0aaf-4708-aefa-80836583598d,79af5fa9-5773-40f3-bd2b-2def3105c66b",->,d45cede6-0c21-49a3-8643-c26d35a00a73,7971d8cd-36d8-4128-8924-5072f695ee76,aced33c6-5b0d-405b-8dfa-8d91e6ffd3d8
d45cede6-0c21-49a3-8643-c26d35a00a73,7971d8cd-36d8-4128-8924-5072f695ee76,"f1599ce4-0aaf-4708-aefa-80836583598d,79af5fa9-5773-40f3-bd2b-2def3105c66b",->,d45cede6-0c21-49a3-8643-c26d35a00a73,bab4eebc-dec3-48f0-ad61-d6b4fcf4cbfa,7f21e167-9b86-4499-927c-5d8875bcac3e
d45cede6-0c21-49a3-8643-c26d35a00a73,7971d8cd-36d8-4128-8924-5072f695ee76,"f1599ce4-0aaf-4708-aefa-80836583598d,79af5fa9-5773-40f3-bd2b-2def3105c66b",->,d45cede6-0c21-49a3-8643-c26d35a00a73,bab4eebc-dec3-48f0-ad61-d6b4fcf4cbfa,777a4a5a-0dd1-47a9-acd3-9d2cbc3a991d
d45cede6-0c21-49a3-8643-c26d35a00a73,7971d8cd-36d8-4128-8924-5072f695ee76,"f1599ce4-0aaf-4708-aefa-80836583598d,79af5fa9-5773-40f3-bd2b-2def3105c66b",->,d45cede6-0c21-49a3-8643-c26d35a00a73,bab4eebc-dec3-48f0-ad61-d6b4fcf4cbfa,7028d12e-6e54-4e2a-8eff-5a6c42d59312
d45cede6-0c21-49a3-8643-c26d35a00a73,7971d8cd-36d8-4128-8924-5072f695ee76,"f1599ce4-0aaf-4708-aefa-80836583598d,79af5fa9-5773-40f3-bd2b-2def3105c66b",->,d45cede6-0c21-49a3-8643-c26d35a00a73,b67f5695-8e71-4738-8af7-75c192b85fa8,09e14bbf-34cb-47e3-b41e-f612756244f5
d45cede6-0c21-49a3-8643-c26d35a00a73,7971d8cd-36d8-4128-8924-5072f695ee76,c37849c0-c571-4b59-acf6-d7496d5c8801,->,d45cede6-0c21-49a3-8643-c26d35a00a73,bab4eebc-dec3-48f0-ad61-d6b4fcf4cbfa,0f5eeeec-24fc-4422-90ce-302f221967e3
d45cede6-0c21-49a3-8643-c26d35a00a73,7971d8cd-36d8-4128-8924-5072f695ee76,c37849c0-c571-4b59-acf6-d7496d5c8801,->,d45cede6-0c21-49a3-8643-c26d35a00a73,java/util/ArrayList.java,add
d45cede6-0c21-49a3-8643-c26d35a00a73,7971d8cd-36d8-4128-8924-5072f695ee76,3ab4f373-787a-45ca-a678-14d02e65a63f,->,d45cede6-0c21-49a3-8643-c26d35a00a73,bab4eebc-dec3-48f0-ad61-d6b4fcf4cbfa,0f5eeeec-24fc-4422-90ce-302f221967e3
d45cede6-0c21-49a3-8643-c26d35a00a73,7971d8cd-36d8-4128-8924-5072f695ee76,3ab4f373-787a-45ca-a678-14d02e65a63f,->,d45cede6-0c21-49a3-8643-c26d35a00a73,java/lang/Integer.java,valueOf
d45cede6-0c21-49a3-8643-c26d35a00a73,7971d8cd-36d8-4128-8924-5072f695ee76,3ab4f373-787a-45ca-a678-14d02e65a63f,->,d45cede6-0c21-49a3-8643-c26d35a00a73,java/util/ArrayList.java,add
d45cede6-0c21-49a3-8643-c26d35a00a73,7971d8cd-36d8-4128-8924-5072f695ee76,449ffeca-ad39-4785-b2fe-e9fd34f29a49,->,d45cede6-0c21-49a3-8643-c26d35a00a73,7971d8cd-36d8-4128-8924-5072f695ee76,23465af1-8412-4804-8944-67660a7c148a
d45cede6-0c21-49a3-8643-c26d35a00a73,7971d8cd-36d8-4128-8924-5072f695ee76,23465af1-8412-4804-8944-67660a7c148a,->,d45cede6-0c21-49a3-8643-c26d35a00a73,java/util/Calendar.java,getInstance
d45cede6-0c21-49a3-8643-c26d35a00a73,7971d8cd-36d8-4128-8924-5072f695ee76,23465af1-8412-4804-8944-67660a7c148a,->,d45cede6-0c21-49a3-8643-c26d35a00a73,java/util/Calendar.java,get
d45cede6-0c21-49a3-8643-c26d35a00a73,7971d8cd-36d8-4128-8924-5072f695ee76,23465af1-8412-4804-8944-67660a7c148a,->,d45cede6-0c21-49a3-8643-c26d35a00a73,java/util/Calendar.java,get
d45cede6-0c21-49a3-8643-c26d35a00a73,7971d8cd-36d8-4128-8924-5072f695ee76,23465af1-8412-4804-8944-67660a7c148a,->,d45cede6-0c21-49a3-8643-c26d35a00a73,java/util/Calendar.java,get
d45cede6-0c21-49a3-8643-c26d35a00a73,7971d8cd-36d8-4128-8924-5072f695ee76,23465af1-8412-4804-8944-67660a7c148a,->,d45cede6-0c21-49a3-8643-c26d35a00a73,java/util/Calendar.java,get
d45cede6-0c21-49a3-8643-c26d35a00a73,7971d8cd-36d8-4128-8924-5072f695ee76,23465af1-8412-4804-8944-67660a7c148a,->,d45cede6-0c21-49a3-8643-c26d35a00a73,java/util/Calendar.java,get
d45cede6-0c21-49a3-8643-c26d35a00a73,7971d8cd-36d8-4128-8924-5072f695ee76,23465af1-8412-4804-8944-67660a7c148a,->,d45cede6-0c21-49a3-8643-c26d35a00a73,java/util/Calendar.java,get
d45cede6-0c21-49a3-8643-c26d35a00a73,7971d8cd-36d8-4128-8924-5072f695ee76,aced33c6-5b0d-405b-8dfa-8d91e6ffd3d8,->,d45cede6-0c21-49a3-8643-c26d35a00a73,java/util/Calendar.java,getInstance
d45cede6-0c21-49a3-8643-c26d35a00a73,7971d8cd-36d8-4128-8924-5072f695ee76,c663d14b-6733-431b-b5a3-1e8f5db51631,->,d45cede6-0c21-49a3-8643-c26d35a00a73,java/lang/StringBuilder.java,append
d45cede6-0c21-49a3-8643-c26d35a00a73,7971d8cd-36d8-4128-8924-5072f695ee76,c663d14b-6733-431b-b5a3-1e8f5db51631,->,d45cede6-0c21-49a3-8643-c26d35a00a73,java/util/Calendar.java,get
d45cede6-0c21-49a3-8643-c26d35a00a73,7971d8cd-36d8-4128-8924-5072f695ee76,c663d14b-6733-431b-b5a3-1e8f5db51631,->,d45cede6-0c21-49a3-8643-c26d35a00a73,java/lang/Integer.java,toString
d45cede6-0c21-49a3-8643-c26d35a00a73,7971d8cd-36d8-4128-8924-5072f695ee76,c663d14b-6733-431b-b5a3-1e8f5db51631,->,d45cede6-0c21-49a3-8643-c26d35a00a73,java/lang/StringBuilder.java,append
d45cede6-0c21-49a3-8643-c26d35a00a73,7971d8cd-36d8-4128-8924-5072f695ee76,c663d14b-6733-431b-b5a3-1e8f5db51631,->,d45cede6-0c21-49a3-8643-c26d35a00a73,java/lang/StringBuilder.java,toString
d45cede6-0c21-49a3-8643-c26d35a00a73,7971d8cd-36d8-4128-8924-5072f695ee76,c663d14b-6733-431b-b5a3-1e8f5db51631,->,d45cede6-0c21-49a3-8643-c26d35a00a73,java/lang/StringBuilder.java,append
d45cede6-0c21-49a3-8643-c26d35a00a73,7971d8cd-36d8-4128-8924-5072f695ee76,c663d14b-6733-431b-b5a3-1e8f5db51631,->,d45cede6-0c21-49a3-8643-c26d35a00a73,java/lang/StringBuilder.java,append
d45cede6-0c21-49a3-8643-c26d35a00a73,7971d8cd-36d8-4128-8924-5072f695ee76,c663d14b-6733-431b-b5a3-1e8f5db51631,->,d45cede6-0c21-49a3-8643-c26d35a00a73,java/lang/StringBuilder.java,toString
d45cede6-0c21-49a3-8643-c26d35a00a73,7971d8cd-36d8-4128-8924-5072f695ee76,c663d14b-6733-431b-b5a3-1e8f5db51631,->,d45cede6-0c21-49a3-8643-c26d35a00a73,java/lang/StringBuilder.java,append
d45cede6-0c21-49a3-8643-c26d35a00a73,7971d8cd-36d8-4128-8924-5072f695ee76,c663d14b-6733-431b-b5a3-1e8f5db51631,->,d45cede6-0c21-49a3-8643-c26d35a00a73,java/util/Calendar.java,get
d45cede6-0c21-49a3-8643-c26d35a00a73,7971d8cd-36d8-4128-8924-5072f695ee76,c663d14b-6733-431b-b5a3-1e8f5db51631,->,d45cede6-0c21-49a3-8643-c26d35a00a73,java/lang/Integer.java,toString
d45cede6-0c21-49a3-8643-c26d35a00a73,7971d8cd-36d8-4128-8924-5072f695ee76,c663d14b-6733-431b-b5a3-1e8f5db51631,->,d45cede6-0c21-49a3-8643-c26d35a00a73,java/lang/StringBuilder.java,append
d45cede6-0c21-49a3-8643-c26d35a00a73,7971d8cd-36d8-4128-8924-5072f695ee76,c663d14b-6733-431b-b5a3-1e8f5db51631,->,d45cede6-0c21-49a3-8643-c26d35a00a73,java/lang/StringBuilder.java,toString
d45cede6-0c21-49a3-8643-c26d35a00a73,handwrittengui/TableGUI$4.java,mouseClicked,->,d45cede6-0c21-49a3-8643-c26d35a00a73,handwrittengui/TableGUI.java,access$200
d45cede6-0c21-49a3-8643-c26d35a00a73,handwrittengui/TableGUI$4.java,mouseClicked,->,d45cede6-0c21-49a3-8643-c26d35a00a73,handwrittengui/TableGUI.java,requestFocus
d45cede6-0c21-49a3-8643-c26d35a00a73,handwrittengui/TableGUI$4.java,mouseClicked,->,d45cede6-0c21-49a3-8643-c26d35a00a73,java/awt/event/MouseEvent.java,getButton
d45cede6-0c21-49a3-8643-c26d35a00a73,handwrittengui/TableGUI$4.java,mouseClicked,->,d45cede6-0c21-49a3-8643-c26d35a00a73,handwrittengui/TableGUI.java,access$300
d45cede6-0c21-49a3-8643-c26d35a00a73,handwrittengui/TableGUI$4.java,mouseClicked,->,d45cede6-0c21-49a3-8643-c26d35a00a73,bab4eebc-dec3-48f0-ad61-d6b4fcf4cbfa,618345cf-655c-41d1-95f1-67a4ba03edc0
d45cede6-0c21-49a3-8643-c26d35a00a73,handwrittengui/TableGUI$4.java,mouseClicked,->,d45cede6-0c21-49a3-8643-c26d35a00a73,java/awt/event/MouseEvent.java,getButton
d45cede6-0c21-49a3-8643-c26d35a00a73,handwrittengui/TableGUI$4.java,mouseClicked,->,d45cede6-0c21-49a3-8643-c26d35a00a73,java/awt/event/MouseEvent.java,getXOnScreen
d45cede6-0c21-49a3-8643-c26d35a00a73,handwrittengui/TableGUI$4.java,mouseClicked,->,d45cede6-0c21-49a3-8643-c26d35a00a73,java/awt/event/MouseEvent.java,getYOnScreen
d45cede6-0c21-49a3-8643-c26d35a00a73,handwrittengui/TableGUI$4.java,mouseClicked,->,d45cede6-0c21-49a3-8643-c26d35a00a73,handwrittengui/TableGUI.java,access$400
d45cede6-0c21-49a3-8643-c26d35a00a73,handwrittengui/TableGUI$4.java,mouseClicked,->,d45cede6-0c21-49a3-8643-c26d35a00a73,handwrittengui/TableGUI.java,access$300
d45cede6-0c21-49a3-8643-c26d35a00a73,handwrittengui/TableGUI$4.java,mouseClicked,->,d45cede6-0c21-49a3-8643-c26d35a00a73,handwrittengui/TableGUI.java,access$100
d45cede6-0c21-49a3-8643-c26d35a00a73,handwrittengui/TableGUI$4.java,mouseClicked,->,d45cede6-0c21-49a3-8643-c26d35a00a73,bab4eebc-dec3-48f0-ad61-d6b4fcf4cbfa,845e47d6-eb3e-42c8-8f75-1a5da93e715f
d45cede6-0c21-49a3-8643-c26d35a00a73,handwrittengui/TableGUI$4.java,mouseClicked,->,d45cede6-0c21-49a3-8643-c26d35a00a73,handwrittengui/TableGUI.java,access$102
d45cede6-0c21-49a3-8643-c26d35a00a73,handwrittengui/TableGUI$4.java,mouseClicked,->,d45cede6-0c21-49a3-8643-c26d35a00a73,handwrittengui/TableGUI.java,access$202
d45cede6-0c21-49a3-8643-c26d35a00a73,b67f5695-8e71-4738-8af7-75c192b85fa8,aa2a7f53-2d9d-4dff-ba87-6558f677db6e,->,d45cede6-0c21-49a3-8643-c26d35a00a73,handwrittengui/ServerGUI.java,addMouseListener
d45cede6-0c21-49a3-8643-c26d35a00a73,b67f5695-8e71-4738-8af7-75c192b85fa8,09e14bbf-34cb-47e3-b41e-f612756244f5,->,d45cede6-0c21-49a3-8643-c26d35a00a73,java/util/Timer.java,cancel
d45cede6-0c21-49a3-8643-c26d35a00a73,b67f5695-8e71-4738-8af7-75c192b85fa8,09e14bbf-34cb-47e3-b41e-f612756244f5,->,d45cede6-0c21-49a3-8643-c26d35a00a73,handwrittengui/ServerGUI.java,removeAll
d45cede6-0c21-49a3-8643-c26d35a00a73,b67f5695-8e71-4738-8af7-75c192b85fa8,09e14bbf-34cb-47e3-b41e-f612756244f5,->,d45cede6-0c21-49a3-8643-c26d35a00a73,b67f5695-8e71-4738-8af7-75c192b85fa8,40ce92f8-b47c-4784-9f96-4a1ee338e89b
d45cede6-0c21-49a3-8643-c26d35a00a73,b67f5695-8e71-4738-8af7-75c192b85fa8,09e14bbf-34cb-47e3-b41e-f612756244f5,->,d45cede6-0c21-49a3-8643-c26d35a00a73,b67f5695-8e71-4738-8af7-75c192b85fa8,8f6e3b4b-550a-45a7-8d09-fcf8b7f89742
d45cede6-0c21-49a3-8643-c26d35a00a73,b67f5695-8e71-4738-8af7-75c192b85fa8,8f6e3b4b-550a-45a7-8d09-fcf8b7f89742,->,d45cede6-0c21-49a3-8643-c26d35a00a73,java/util/Timer.java,schedule
d45cede6-0c21-49a3-8643-c26d35a00a73,b67f5695-8e71-4738-8af7-75c192b85fa8,40ce92f8-b47c-4784-9f96-4a1ee338e89b,->,d45cede6-0c21-49a3-8643-c26d35a00a73,7971d8cd-36d8-4128-8924-5072f695ee76,bd931530-8b02-4c7d-b859-301cea79cc46
d45cede6-0c21-49a3-8643-c26d35a00a73,b67f5695-8e71-4738-8af7-75c192b85fa8,40ce92f8-b47c-4784-9f96-4a1ee338e89b,->,d45cede6-0c21-49a3-8643-c26d35a00a73,7971d8cd-36d8-4128-8924-5072f695ee76,c8ab797f-056e-4591-bddc-4ed761e64e6b
d45cede6-0c21-49a3-8643-c26d35a00a73,b67f5695-8e71-4738-8af7-75c192b85fa8,40ce92f8-b47c-4784-9f96-4a1ee338e89b,->,d45cede6-0c21-49a3-8643-c26d35a00a73,java/lang/Integer.java,toString
d45cede6-0c21-49a3-8643-c26d35a00a73,b67f5695-8e71-4738-8af7-75c192b85fa8,40ce92f8-b47c-4784-9f96-4a1ee338e89b,->,d45cede6-0c21-49a3-8643-c26d35a00a73,7971d8cd-36d8-4128-8924-5072f695ee76,41598bbd-2be1-4b88-ab8d-7e9cf66345b8
d45cede6-0c21-49a3-8643-c26d35a00a73,b67f5695-8e71-4738-8af7-75c192b85fa8,40ce92f8-b47c-4784-9f96-4a1ee338e89b,->,d45cede6-0c21-49a3-8643-c26d35a00a73,java/lang/Integer.java,toString
d45cede6-0c21-49a3-8643-c26d35a00a73,b67f5695-8e71-4738-8af7-75c192b85fa8,40ce92f8-b47c-4784-9f96-4a1ee338e89b,->,d45cede6-0c21-49a3-8643-c26d35a00a73,b67f5695-8e71-4738-8af7-75c192b85fa8,dfa475fb-6681-4bf5-a4c4-7d978f9d16f3
d45cede6-0c21-49a3-8643-c26d35a00a73,b67f5695-8e71-4738-8af7-75c192b85fa8,40ce92f8-b47c-4784-9f96-4a1ee338e89b,->,d45cede6-0c21-49a3-8643-c26d35a00a73,handwrittengui/ServerGUI.java,setLayout
d45cede6-0c21-49a3-8643-c26d35a00a73,b67f5695-8e71-4738-8af7-75c192b85fa8,40ce92f8-b47c-4784-9f96-4a1ee338e89b,->,d45cede6-0c21-49a3-8643-c26d35a00a73,javax/swing/GroupLayout.java,setAutoCreateGaps
d45cede6-0c21-49a3-8643-c26d35a00a73,b67f5695-8e71-4738-8af7-75c192b85fa8,40ce92f8-b47c-4784-9f96-4a1ee338e89b,->,d45cede6-0c21-49a3-8643-c26d35a00a73,javax/swing/GroupLayout.java,setAutoCreateContainerGaps
d45cede6-0c21-49a3-8643-c26d35a00a73,b67f5695-8e71-4738-8af7-75c192b85fa8,40ce92f8-b47c-4784-9f96-4a1ee338e89b,->,d45cede6-0c21-49a3-8643-c26d35a00a73,javax/swing/GroupLayout.java,createSequentialGroup
d45cede6-0c21-49a3-8643-c26d35a00a73,b67f5695-8e71-4738-8af7-75c192b85fa8,40ce92f8-b47c-4784-9f96-4a1ee338e89b,->,d45cede6-0c21-49a3-8643-c26d35a00a73,javax/swing/GroupLayout$SequentialGroup.java,addComponent
d45cede6-0c21-49a3-8643-c26d35a00a73,b67f5695-8e71-4738-8af7-75c192b85fa8,40ce92f8-b47c-4784-9f96-4a1ee338e89b,->,d45cede6-0c21-49a3-8643-c26d35a00a73,javax/swing/GroupLayout$SequentialGroup.java,addComponent
d45cede6-0c21-49a3-8643-c26d35a00a73,b67f5695-8e71-4738-8af7-75c192b85fa8,40ce92f8-b47c-4784-9f96-4a1ee338e89b,->,d45cede6-0c21-49a3-8643-c26d35a00a73,javax/swing/GroupLayout$SequentialGroup.java,addGroup
d45cede6-0c21-49a3-8643-c26d35a00a73,b67f5695-8e71-4738-8af7-75c192b85fa8,40ce92f8-b47c-4784-9f96-4a1ee338e89b,->,d45cede6-0c21-49a3-8643-c26d35a00a73,javax/swing/GroupLayout$SequentialGroup.java,addComponent
d45cede6-0c21-49a3-8643-c26d35a00a73,b67f5695-8e71-4738-8af7-75c192b85fa8,40ce92f8-b47c-4784-9f96-4a1ee338e89b,->,d45cede6-0c21-49a3-8643-c26d35a00a73,javax/swing/GroupLayout$SequentialGroup.java,addComponent
d45cede6-0c21-49a3-8643-c26d35a00a73,b67f5695-8e71-4738-8af7-75c192b85fa8,40ce92f8-b47c-4784-9f96-4a1ee338e89b,->,d45cede6-0c21-49a3-8643-c26d35a00a73,javax/swing/GroupLayout.java,setHorizontalGroup
d45cede6-0c21-49a3-8643-c26d35a00a73,b67f5695-8e71-4738-8af7-75c192b85fa8,40ce92f8-b47c-4784-9f96-4a1ee338e89b,->,d45cede6-0c21-49a3-8643-c26d35a00a73,javax/swing/GroupLayout.java,createSequentialGroup
d45cede6-0c21-49a3-8643-c26d35a00a73,b67f5695-8e71-4738-8af7-75c192b85fa8,40ce92f8-b47c-4784-9f96-4a1ee338e89b,->,d45cede6-0c21-49a3-8643-c26d35a00a73,javax/swing/GroupLayout.java,createParallelGroup
d45cede6-0c21-49a3-8643-c26d35a00a73,b67f5695-8e71-4738-8af7-75c192b85fa8,40ce92f8-b47c-4784-9f96-4a1ee338e89b,->,d45cede6-0c21-49a3-8643-c26d35a00a73,javax/swing/GroupLayout$ParallelGroup.java,addComponent
d45cede6-0c21-49a3-8643-c26d35a00a73,b67f5695-8e71-4738-8af7-75c192b85fa8,40ce92f8-b47c-4784-9f96-4a1ee338e89b,->,d45cede6-0c21-49a3-8643-c26d35a00a73,javax/swing/GroupLayout$ParallelGroup.java,addComponent
d45cede6-0c21-49a3-8643-c26d35a00a73,b67f5695-8e71-4738-8af7-75c192b85fa8,40ce92f8-b47c-4784-9f96-4a1ee338e89b,->,d45cede6-0c21-49a3-8643-c26d35a00a73,javax/swing/GroupLayout$ParallelGroup.java,addGroup
d45cede6-0c21-49a3-8643-c26d35a00a73,b67f5695-8e71-4738-8af7-75c192b85fa8,40ce92f8-b47c-4784-9f96-4a1ee338e89b,->,d45cede6-0c21-49a3-8643-c26d35a00a73,javax/swing/GroupLayout$ParallelGroup.java,addComponent
d45cede6-0c21-49a3-8643-c26d35a00a73,b67f5695-8e71-4738-8af7-75c192b85fa8,40ce92f8-b47c-4784-9f96-4a1ee338e89b,->,d45cede6-0c21-49a3-8643-c26d35a00a73,javax/swing/GroupLayout$ParallelGroup.java,addComponent
d45cede6-0c21-49a3-8643-c26d35a00a73,b67f5695-8e71-4738-8af7-75c192b85fa8,40ce92f8-b47c-4784-9f96-4a1ee338e89b,->,d45cede6-0c21-49a3-8643-c26d35a00a73,javax/swing/GroupLayout$SequentialGroup.java,addGroup
d45cede6-0c21-49a3-8643-c26d35a00a73,b67f5695-8e71-4738-8af7-75c192b85fa8,40ce92f8-b47c-4784-9f96-4a1ee338e89b,->,d45cede6-0c21-49a3-8643-c26d35a00a73,javax/swing/GroupLayout.java,setVerticalGroup
d45cede6-0c21-49a3-8643-c26d35a00a73,b67f5695-8e71-4738-8af7-75c192b85fa8,dfa475fb-6681-4bf5-a4c4-7d978f9d16f3,->,d45cede6-0c21-49a3-8643-c26d35a00a73,javax/swing/GroupLayout.java,createParallelGroup
d45cede6-0c21-49a3-8643-c26d35a00a73,b67f5695-8e71-4738-8af7-75c192b85fa8,dfa475fb-6681-4bf5-a4c4-7d978f9d16f3,->,d45cede6-0c21-49a3-8643-c26d35a00a73,javax/swing/GroupLayout.java,createSequentialGroup
d45cede6-0c21-49a3-8643-c26d35a00a73,b67f5695-8e71-4738-8af7-75c192b85fa8,dfa475fb-6681-4bf5-a4c4-7d978f9d16f3,->,d45cede6-0c21-49a3-8643-c26d35a00a73,7971d8cd-36d8-4128-8924-5072f695ee76,4d863730-9ae4-4351-a8ca-44bb54ee259a
d45cede6-0c21-49a3-8643-c26d35a00a73,b67f5695-8e71-4738-8af7-75c192b85fa8,dfa475fb-6681-4bf5-a4c4-7d978f9d16f3,->,d45cede6-0c21-49a3-8643-c26d35a00a73,bab4eebc-dec3-48f0-ad61-d6b4fcf4cbfa,3250e39a-d2e4-4a29-9cbf-52de045ed62e
d45cede6-0c21-49a3-8643-c26d35a00a73,b67f5695-8e71-4738-8af7-75c192b85fa8,dfa475fb-6681-4bf5-a4c4-7d978f9d16f3,->,d45cede6-0c21-49a3-8643-c26d35a00a73,javax/swing/GroupLayout$Group.java,addComponent
d45cede6-0c21-49a3-8643-c26d35a00a73,b67f5695-8e71-4738-8af7-75c192b85fa8,dfa475fb-6681-4bf5-a4c4-7d978f9d16f3,->,d45cede6-0c21-49a3-8643-c26d35a00a73,bab4eebc-dec3-48f0-ad61-d6b4fcf4cbfa,3250e39a-d2e4-4a29-9cbf-52de045ed62e
d45cede6-0c21-49a3-8643-c26d35a00a73,b67f5695-8e71-4738-8af7-75c192b85fa8,dfa475fb-6681-4bf5-a4c4-7d978f9d16f3,->,d45cede6-0c21-49a3-8643-c26d35a00a73,javax/swing/GroupLayout$Group.java,addComponent
d45cede6-0c21-49a3-8643-c26d35a00a73,handwrittengui/Greeter$2.java,mouseClicked,->,d45cede6-0c21-49a3-8643-c26d35a00a73,handwrittengui/Greeter.java,access$100
d45cede6-0c21-49a3-8643-c26d35a00a73,handwrittengui/Greeter$2.java,mouseClicked,->,d45cede6-0c21-49a3-8643-c26d35a00a73,javax/swing/JCheckBox.java,isSelected
d45cede6-0c21-49a3-8643-c26d35a00a73,handwrittengui/Greeter$2.java,mouseClicked,->,d45cede6-0c21-49a3-8643-c26d35a00a73,handwrittengui/Greeter.java,access$100
d45cede6-0c21-49a3-8643-c26d35a00a73,handwrittengui/Greeter$2.java,mouseClicked,->,d45cede6-0c21-49a3-8643-c26d35a00a73,javax/swing/JCheckBox.java,doClick
d45cede6-0c21-49a3-8643-c26d35a00a73,handwrittengui/ServerGUI$2.java,run,->,d45cede6-0c21-49a3-8643-c26d35a00a73,b67f5695-8e71-4738-8af7-75c192b85fa8,09e14bbf-34cb-47e3-b41e-f612756244f5
d45cede6-0c21-49a3-8643-c26d35a00a73,handwrittengui/ServerGUI$2.java,run,->,d45cede6-0c21-49a3-8643-c26d35a00a73,java/io/PrintStream.java,println
d45cede6-0c21-49a3-8643-c26d35a00a73,82aaf26a-05ce-4c77-a6f0-29e05742ebb5,9c6f5516-559a-4a33-8fa4-82d256de13a5,->,d45cede6-0c21-49a3-8643-c26d35a00a73,bab4eebc-dec3-48f0-ad61-d6b4fcf4cbfa,6ecfaeab-4534-402d-acdf-a0b1b41d42f3
d45cede6-0c21-49a3-8643-c26d35a00a73,82aaf26a-05ce-4c77-a6f0-29e05742ebb5,b0c66a3a-4481-4baf-9c26-35099906acea,->,d45cede6-0c21-49a3-8643-c26d35a00a73,efc75c3d-3f80-40f4-a473-ed04316ef50b,55d4051d-e773-49c7-8476-3392d4d8f46e
d45cede6-0c21-49a3-8643-c26d35a00a73,82aaf26a-05ce-4c77-a6f0-29e05742ebb5,b0c66a3a-4481-4baf-9c26-35099906acea,->,d45cede6-0c21-49a3-8643-c26d35a00a73,java/lang/Thread.java,sleep
d45cede6-0c21-49a3-8643-c26d35a00a73,82aaf26a-05ce-4c77-a6f0-29e05742ebb5,b0c66a3a-4481-4baf-9c26-35099906acea,->,d45cede6-0c21-49a3-8643-c26d35a00a73,efc75c3d-3f80-40f4-a473-ed04316ef50b,a9856c0c-826e-4ffb-b2a5-37fb12ba0dc3
d45cede6-0c21-49a3-8643-c26d35a00a73,82aaf26a-05ce-4c77-a6f0-29e05742ebb5,b0c66a3a-4481-4baf-9c26-35099906acea,->,d45cede6-0c21-49a3-8643-c26d35a00a73,java/lang/Thread.java,sleep
d45cede6-0c21-49a3-8643-c26d35a00a73,82aaf26a-05ce-4c77-a6f0-29e05742ebb5,b0c66a3a-4481-4baf-9c26-35099906acea,->,d45cede6-0c21-49a3-8643-c26d35a00a73,efc75c3d-3f80-40f4-a473-ed04316ef50b,a9856c0c-826e-4ffb-b2a5-37fb12ba0dc3
d45cede6-0c21-49a3-8643-c26d35a00a73,82aaf26a-05ce-4c77-a6f0-29e05742ebb5,b0c66a3a-4481-4baf-9c26-35099906acea,->,d45cede6-0c21-49a3-8643-c26d35a00a73,java/lang/Thread.java,sleep
d45cede6-0c21-49a3-8643-c26d35a00a73,82aaf26a-05ce-4c77-a6f0-29e05742ebb5,b0c66a3a-4481-4baf-9c26-35099906acea,->,d45cede6-0c21-49a3-8643-c26d35a00a73,efc75c3d-3f80-40f4-a473-ed04316ef50b,a9856c0c-826e-4ffb-b2a5-37fb12ba0dc3
d45cede6-0c21-49a3-8643-c26d35a00a73,82aaf26a-05ce-4c77-a6f0-29e05742ebb5,b0c66a3a-4481-4baf-9c26-35099906acea,->,d45cede6-0c21-49a3-8643-c26d35a00a73,java/lang/Thread.java,sleep
d45cede6-0c21-49a3-8643-c26d35a00a73,82aaf26a-05ce-4c77-a6f0-29e05742ebb5,b0c66a3a-4481-4baf-9c26-35099906acea,->,d45cede6-0c21-49a3-8643-c26d35a00a73,efc75c3d-3f80-40f4-a473-ed04316ef50b,a9856c0c-826e-4ffb-b2a5-37fb12ba0dc3
d45cede6-0c21-49a3-8643-c26d35a00a73,82aaf26a-05ce-4c77-a6f0-29e05742ebb5,b0c66a3a-4481-4baf-9c26-35099906acea,->,d45cede6-0c21-49a3-8643-c26d35a00a73,java/lang/Thread.java,sleep
d45cede6-0c21-49a3-8643-c26d35a00a73,82aaf26a-05ce-4c77-a6f0-29e05742ebb5,b0c66a3a-4481-4baf-9c26-35099906acea,->,d45cede6-0c21-49a3-8643-c26d35a00a73,efc75c3d-3f80-40f4-a473-ed04316ef50b,a9856c0c-826e-4ffb-b2a5-37fb12ba0dc3
d45cede6-0c21-49a3-8643-c26d35a00a73,82aaf26a-05ce-4c77-a6f0-29e05742ebb5,b0c66a3a-4481-4baf-9c26-35099906acea,->,d45cede6-0c21-49a3-8643-c26d35a00a73,java/lang/Thread.java,sleep
d45cede6-0c21-49a3-8643-c26d35a00a73,82aaf26a-05ce-4c77-a6f0-29e05742ebb5,b0c66a3a-4481-4baf-9c26-35099906acea,->,d45cede6-0c21-49a3-8643-c26d35a00a73,efc75c3d-3f80-40f4-a473-ed04316ef50b,a9856c0c-826e-4ffb-b2a5-37fb12ba0dc3
d45cede6-0c21-49a3-8643-c26d35a00a73,82aaf26a-05ce-4c77-a6f0-29e05742ebb5,b0c66a3a-4481-4baf-9c26-35099906acea,->,d45cede6-0c21-49a3-8643-c26d35a00a73,java/lang/Thread.java,sleep
d45cede6-0c21-49a3-8643-c26d35a00a73,82aaf26a-05ce-4c77-a6f0-29e05742ebb5,b0c66a3a-4481-4baf-9c26-35099906acea,->,d45cede6-0c21-49a3-8643-c26d35a00a73,efc75c3d-3f80-40f4-a473-ed04316ef50b,a9856c0c-826e-4ffb-b2a5-37fb12ba0dc3
d45cede6-0c21-49a3-8643-c26d35a00a73,82aaf26a-05ce-4c77-a6f0-29e05742ebb5,b0c66a3a-4481-4baf-9c26-35099906acea,->,d45cede6-0c21-49a3-8643-c26d35a00a73,java/lang/Thread.java,sleep
d45cede6-0c21-49a3-8643-c26d35a00a73,82aaf26a-05ce-4c77-a6f0-29e05742ebb5,b0c66a3a-4481-4baf-9c26-35099906acea,->,d45cede6-0c21-49a3-8643-c26d35a00a73,efc75c3d-3f80-40f4-a473-ed04316ef50b,a9856c0c-826e-4ffb-b2a5-37fb12ba0dc3
d45cede6-0c21-49a3-8643-c26d35a00a73,82aaf26a-05ce-4c77-a6f0-29e05742ebb5,b0c66a3a-4481-4baf-9c26-35099906acea,->,d45cede6-0c21-49a3-8643-c26d35a00a73,java/lang/Thread.java,sleep
d45cede6-0c21-49a3-8643-c26d35a00a73,82aaf26a-05ce-4c77-a6f0-29e05742ebb5,b0c66a3a-4481-4baf-9c26-35099906acea,->,d45cede6-0c21-49a3-8643-c26d35a00a73,efc75c3d-3f80-40f4-a473-ed04316ef50b,a9856c0c-826e-4ffb-b2a5-37fb12ba0dc3
d45cede6-0c21-49a3-8643-c26d35a00a73,82aaf26a-05ce-4c77-a6f0-29e05742ebb5,b0c66a3a-4481-4baf-9c26-35099906acea,->,d45cede6-0c21-49a3-8643-c26d35a00a73,java/lang/Thread.java,sleep
d45cede6-0c21-49a3-8643-c26d35a00a73,82aaf26a-05ce-4c77-a6f0-29e05742ebb5,b0c66a3a-4481-4baf-9c26-35099906acea,->,d45cede6-0c21-49a3-8643-c26d35a00a73,efc75c3d-3f80-40f4-a473-ed04316ef50b,a9856c0c-826e-4ffb-b2a5-37fb12ba0dc3
d45cede6-0c21-49a3-8643-c26d35a00a73,82aaf26a-05ce-4c77-a6f0-29e05742ebb5,b0c66a3a-4481-4baf-9c26-35099906acea,->,d45cede6-0c21-49a3-8643-c26d35a00a73,java/lang/Thread.java,sleep
d45cede6-0c21-49a3-8643-c26d35a00a73,82aaf26a-05ce-4c77-a6f0-29e05742ebb5,b0c66a3a-4481-4baf-9c26-35099906acea,->,d45cede6-0c21-49a3-8643-c26d35a00a73,efc75c3d-3f80-40f4-a473-ed04316ef50b,a9856c0c-826e-4ffb-b2a5-37fb12ba0dc3
d45cede6-0c21-49a3-8643-c26d35a00a73,82aaf26a-05ce-4c77-a6f0-29e05742ebb5,b0c66a3a-4481-4baf-9c26-35099906acea,->,d45cede6-0c21-49a3-8643-c26d35a00a73,java/lang/Thread.java,sleep
d45cede6-0c21-49a3-8643-c26d35a00a73,82aaf26a-05ce-4c77-a6f0-29e05742ebb5,b0c66a3a-4481-4baf-9c26-35099906acea,->,d45cede6-0c21-49a3-8643-c26d35a00a73,efc75c3d-3f80-40f4-a473-ed04316ef50b,a9856c0c-826e-4ffb-b2a5-37fb12ba0dc3
d45cede6-0c21-49a3-8643-c26d35a00a73,82aaf26a-05ce-4c77-a6f0-29e05742ebb5,b0c66a3a-4481-4baf-9c26-35099906acea,->,d45cede6-0c21-49a3-8643-c26d35a00a73,java/lang/Thread.java,sleep
d45cede6-0c21-49a3-8643-c26d35a00a73,82aaf26a-05ce-4c77-a6f0-29e05742ebb5,b0c66a3a-4481-4baf-9c26-35099906acea,->,d45cede6-0c21-49a3-8643-c26d35a00a73,efc75c3d-3f80-40f4-a473-ed04316ef50b,a9856c0c-826e-4ffb-b2a5-37fb12ba0dc3
d45cede6-0c21-49a3-8643-c26d35a00a73,82aaf26a-05ce-4c77-a6f0-29e05742ebb5,b0c66a3a-4481-4baf-9c26-35099906acea,->,d45cede6-0c21-49a3-8643-c26d35a00a73,java/lang/Thread.java,sleep
d45cede6-0c21-49a3-8643-c26d35a00a73,82aaf26a-05ce-4c77-a6f0-29e05742ebb5,b0c66a3a-4481-4baf-9c26-35099906acea,->,d45cede6-0c21-49a3-8643-c26d35a00a73,efc75c3d-3f80-40f4-a473-ed04316ef50b,a9856c0c-826e-4ffb-b2a5-37fb12ba0dc3
d45cede6-0c21-49a3-8643-c26d35a00a73,82aaf26a-05ce-4c77-a6f0-29e05742ebb5,b0c66a3a-4481-4baf-9c26-35099906acea,->,d45cede6-0c21-49a3-8643-c26d35a00a73,java/lang/Thread.java,sleep
d45cede6-0c21-49a3-8643-c26d35a00a73,82aaf26a-05ce-4c77-a6f0-29e05742ebb5,b0c66a3a-4481-4baf-9c26-35099906acea,->,d45cede6-0c21-49a3-8643-c26d35a00a73,efc75c3d-3f80-40f4-a473-ed04316ef50b,a9856c0c-826e-4ffb-b2a5-37fb12ba0dc3
d45cede6-0c21-49a3-8643-c26d35a00a73,82aaf26a-05ce-4c77-a6f0-29e05742ebb5,b0c66a3a-4481-4baf-9c26-35099906acea,->,d45cede6-0c21-49a3-8643-c26d35a00a73,java/lang/Thread.java,sleep
d45cede6-0c21-49a3-8643-c26d35a00a73,82aaf26a-05ce-4c77-a6f0-29e05742ebb5,b0c66a3a-4481-4baf-9c26-35099906acea,->,d45cede6-0c21-49a3-8643-c26d35a00a73,efc75c3d-3f80-40f4-a473-ed04316ef50b,a9856c0c-826e-4ffb-b2a5-37fb12ba0dc3
d45cede6-0c21-49a3-8643-c26d35a00a73,82aaf26a-05ce-4c77-a6f0-29e05742ebb5,b0c66a3a-4481-4baf-9c26-35099906acea,->,d45cede6-0c21-49a3-8643-c26d35a00a73,java/lang/Thread.java,sleep
d45cede6-0c21-49a3-8643-c26d35a00a73,82aaf26a-05ce-4c77-a6f0-29e05742ebb5,b0c66a3a-4481-4baf-9c26-35099906acea,->,d45cede6-0c21-49a3-8643-c26d35a00a73,efc75c3d-3f80-40f4-a473-ed04316ef50b,a9856c0c-826e-4ffb-b2a5-37fb12ba0dc3
d45cede6-0c21-49a3-8643-c26d35a00a73,82aaf26a-05ce-4c77-a6f0-29e05742ebb5,b0c66a3a-4481-4baf-9c26-35099906acea,->,d45cede6-0c21-49a3-8643-c26d35a00a73,java/lang/Thread.java,sleep
d45cede6-0c21-49a3-8643-c26d35a00a73,82aaf26a-05ce-4c77-a6f0-29e05742ebb5,b0c66a3a-4481-4baf-9c26-35099906acea,->,d45cede6-0c21-49a3-8643-c26d35a00a73,efc75c3d-3f80-40f4-a473-ed04316ef50b,a9856c0c-826e-4ffb-b2a5-37fb12ba0dc3
d45cede6-0c21-49a3-8643-c26d35a00a73,82aaf26a-05ce-4c77-a6f0-29e05742ebb5,b0c66a3a-4481-4baf-9c26-35099906acea,->,d45cede6-0c21-49a3-8643-c26d35a00a73,java/lang/Thread.java,sleep
d45cede6-0c21-49a3-8643-c26d35a00a73,82aaf26a-05ce-4c77-a6f0-29e05742ebb5,b0c66a3a-4481-4baf-9c26-35099906acea,->,d45cede6-0c21-49a3-8643-c26d35a00a73,efc75c3d-3f80-40f4-a473-ed04316ef50b,a9856c0c-826e-4ffb-b2a5-37fb12ba0dc3
d45cede6-0c21-49a3-8643-c26d35a00a73,82aaf26a-05ce-4c77-a6f0-29e05742ebb5,b0c66a3a-4481-4baf-9c26-35099906acea,->,d45cede6-0c21-49a3-8643-c26d35a00a73,java/lang/Thread.java,sleep
d45cede6-0c21-49a3-8643-c26d35a00a73,82aaf26a-05ce-4c77-a6f0-29e05742ebb5,b0c66a3a-4481-4baf-9c26-35099906acea,->,d45cede6-0c21-49a3-8643-c26d35a00a73,efc75c3d-3f80-40f4-a473-ed04316ef50b,a9856c0c-826e-4ffb-b2a5-37fb12ba0dc3
d45cede6-0c21-49a3-8643-c26d35a00a73,82aaf26a-05ce-4c77-a6f0-29e05742ebb5,b0c66a3a-4481-4baf-9c26-35099906acea,->,d45cede6-0c21-49a3-8643-c26d35a00a73,java/lang/Thread.java,sleep
d45cede6-0c21-49a3-8643-c26d35a00a73,82aaf26a-05ce-4c77-a6f0-29e05742ebb5,b0c66a3a-4481-4baf-9c26-35099906acea,->,d45cede6-0c21-49a3-8643-c26d35a00a73,efc75c3d-3f80-40f4-a473-ed04316ef50b,a9856c0c-826e-4ffb-b2a5-37fb12ba0dc3
d45cede6-0c21-49a3-8643-c26d35a00a73,82aaf26a-05ce-4c77-a6f0-29e05742ebb5,b0c66a3a-4481-4baf-9c26-35099906acea,->,d45cede6-0c21-49a3-8643-c26d35a00a73,java/lang/Thread.java,sleep
d45cede6-0c21-49a3-8643-c26d35a00a73,82aaf26a-05ce-4c77-a6f0-29e05742ebb5,b0c66a3a-4481-4baf-9c26-35099906acea,->,d45cede6-0c21-49a3-8643-c26d35a00a73,efc75c3d-3f80-40f4-a473-ed04316ef50b,a9856c0c-826e-4ffb-b2a5-37fb12ba0dc3
d45cede6-0c21-49a3-8643-c26d35a00a73,82aaf26a-05ce-4c77-a6f0-29e05742ebb5,b0c66a3a-4481-4baf-9c26-35099906acea,->,d45cede6-0c21-49a3-8643-c26d35a00a73,java/lang/Thread.java,sleep
d45cede6-0c21-49a3-8643-c26d35a00a73,82aaf26a-05ce-4c77-a6f0-29e05742ebb5,b0c66a3a-4481-4baf-9c26-35099906acea,->,d45cede6-0c21-49a3-8643-c26d35a00a73,efc75c3d-3f80-40f4-a473-ed04316ef50b,a9856c0c-826e-4ffb-b2a5-37fb12ba0dc3
d45cede6-0c21-49a3-8643-c26d35a00a73,82aaf26a-05ce-4c77-a6f0-29e05742ebb5,b0c66a3a-4481-4baf-9c26-35099906acea,->,d45cede6-0c21-49a3-8643-c26d35a00a73,java/lang/Thread.java,sleep
d45cede6-0c21-49a3-8643-c26d35a00a73,82aaf26a-05ce-4c77-a6f0-29e05742ebb5,b0c66a3a-4481-4baf-9c26-35099906acea,->,d45cede6-0c21-49a3-8643-c26d35a00a73,efc75c3d-3f80-40f4-a473-ed04316ef50b,a9856c0c-826e-4ffb-b2a5-37fb12ba0dc3
d45cede6-0c21-49a3-8643-c26d35a00a73,82aaf26a-05ce-4c77-a6f0-29e05742ebb5,b0c66a3a-4481-4baf-9c26-35099906acea,->,d45cede6-0c21-49a3-8643-c26d35a00a73,java/lang/Thread.java,sleep
d45cede6-0c21-49a3-8643-c26d35a00a73,82aaf26a-05ce-4c77-a6f0-29e05742ebb5,b0c66a3a-4481-4baf-9c26-35099906acea,->,d45cede6-0c21-49a3-8643-c26d35a00a73,efc75c3d-3f80-40f4-a473-ed04316ef50b,a9856c0c-826e-4ffb-b2a5-37fb12ba0dc3
d45cede6-0c21-49a3-8643-c26d35a00a73,82aaf26a-05ce-4c77-a6f0-29e05742ebb5,b0c66a3a-4481-4baf-9c26-35099906acea,->,d45cede6-0c21-49a3-8643-c26d35a00a73,java/lang/Thread.java,sleep
d45cede6-0c21-49a3-8643-c26d35a00a73,82aaf26a-05ce-4c77-a6f0-29e05742ebb5,b0c66a3a-4481-4baf-9c26-35099906acea,->,d45cede6-0c21-49a3-8643-c26d35a00a73,efc75c3d-3f80-40f4-a473-ed04316ef50b,a9856c0c-826e-4ffb-b2a5-37fb12ba0dc3
d45cede6-0c21-49a3-8643-c26d35a00a73,82aaf26a-05ce-4c77-a6f0-29e05742ebb5,b0c66a3a-4481-4baf-9c26-35099906acea,->,d45cede6-0c21-49a3-8643-c26d35a00a73,java/lang/Thread.java,sleep
d45cede6-0c21-49a3-8643-c26d35a00a73,82aaf26a-05ce-4c77-a6f0-29e05742ebb5,b0c66a3a-4481-4baf-9c26-35099906acea,->,d45cede6-0c21-49a3-8643-c26d35a00a73,efc75c3d-3f80-40f4-a473-ed04316ef50b,a9856c0c-826e-4ffb-b2a5-37fb12ba0dc3
d45cede6-0c21-49a3-8643-c26d35a00a73,82aaf26a-05ce-4c77-a6f0-29e05742ebb5,b0c66a3a-4481-4baf-9c26-35099906acea,->,d45cede6-0c21-49a3-8643-c26d35a00a73,java/lang/Thread.java,sleep
d45cede6-0c21-49a3-8643-c26d35a00a73,82aaf26a-05ce-4c77-a6f0-29e05742ebb5,b0c66a3a-4481-4baf-9c26-35099906acea,->,d45cede6-0c21-49a3-8643-c26d35a00a73,efc75c3d-3f80-40f4-a473-ed04316ef50b,a9856c0c-826e-4ffb-b2a5-37fb12ba0dc3
d45cede6-0c21-49a3-8643-c26d35a00a73,82aaf26a-05ce-4c77-a6f0-29e05742ebb5,b0c66a3a-4481-4baf-9c26-35099906acea,->,d45cede6-0c21-49a3-8643-c26d35a00a73,java/lang/Thread.java,sleep
d45cede6-0c21-49a3-8643-c26d35a00a73,82aaf26a-05ce-4c77-a6f0-29e05742ebb5,b0c66a3a-4481-4baf-9c26-35099906acea,->,d45cede6-0c21-49a3-8643-c26d35a00a73,efc75c3d-3f80-40f4-a473-ed04316ef50b,a9856c0c-826e-4ffb-b2a5-37fb12ba0dc3
d45cede6-0c21-49a3-8643-c26d35a00a73,82aaf26a-05ce-4c77-a6f0-29e05742ebb5,b0c66a3a-4481-4baf-9c26-35099906acea,->,d45cede6-0c21-49a3-8643-c26d35a00a73,java/lang/Thread.java,sleep
d45cede6-0c21-49a3-8643-c26d35a00a73,82aaf26a-05ce-4c77-a6f0-29e05742ebb5,b0c66a3a-4481-4baf-9c26-35099906acea,->,d45cede6-0c21-49a3-8643-c26d35a00a73,efc75c3d-3f80-40f4-a473-ed04316ef50b,a9856c0c-826e-4ffb-b2a5-37fb12ba0dc3
d45cede6-0c21-49a3-8643-c26d35a00a73,82aaf26a-05ce-4c77-a6f0-29e05742ebb5,b0c66a3a-4481-4baf-9c26-35099906acea,->,d45cede6-0c21-49a3-8643-c26d35a00a73,java/lang/Thread.java,sleep
d45cede6-0c21-49a3-8643-c26d35a00a73,82aaf26a-05ce-4c77-a6f0-29e05742ebb5,b0c66a3a-4481-4baf-9c26-35099906acea,->,d45cede6-0c21-49a3-8643-c26d35a00a73,efc75c3d-3f80-40f4-a473-ed04316ef50b,a9856c0c-826e-4ffb-b2a5-37fb12ba0dc3
d45cede6-0c21-49a3-8643-c26d35a00a73,82aaf26a-05ce-4c77-a6f0-29e05742ebb5,b0c66a3a-4481-4baf-9c26-35099906acea,->,d45cede6-0c21-49a3-8643-c26d35a00a73,java/lang/StringBuilder.java,append
d45cede6-0c21-49a3-8643-c26d35a00a73,82aaf26a-05ce-4c77-a6f0-29e05742ebb5,b0c66a3a-4481-4baf-9c26-35099906acea,->,d45cede6-0c21-49a3-8643-c26d35a00a73,java/lang/Exception.java,toString
d45cede6-0c21-49a3-8643-c26d35a00a73,82aaf26a-05ce-4c77-a6f0-29e05742ebb5,b0c66a3a-4481-4baf-9c26-35099906acea,->,d45cede6-0c21-49a3-8643-c26d35a00a73,java/lang/StringBuilder.java,append
d45cede6-0c21-49a3-8643-c26d35a00a73,82aaf26a-05ce-4c77-a6f0-29e05742ebb5,b0c66a3a-4481-4baf-9c26-35099906acea,->,d45cede6-0c21-49a3-8643-c26d35a00a73,java/lang/StringBuilder.java,toString
d45cede6-0c21-49a3-8643-c26d35a00a73,82aaf26a-05ce-4c77-a6f0-29e05742ebb5,b0c66a3a-4481-4baf-9c26-35099906acea,->,d45cede6-0c21-49a3-8643-c26d35a00a73,java/io/PrintStream.java,println
d45cede6-0c21-49a3-8643-c26d35a00a73,82aaf26a-05ce-4c77-a6f0-29e05742ebb5,bdf649ac-6e08-4bca-b5dc-79cc3332992b,->,d45cede6-0c21-49a3-8643-c26d35a00a73,handwrittengui/HandWrittenGUI.java,setDefaultCloseOperation
d45cede6-0c21-49a3-8643-c26d35a00a73,82aaf26a-05ce-4c77-a6f0-29e05742ebb5,bdf649ac-6e08-4bca-b5dc-79cc3332992b,->,d45cede6-0c21-49a3-8643-c26d35a00a73,handwrittengui/HandWrittenGUI.java,getContentPane
d45cede6-0c21-49a3-8643-c26d35a00a73,82aaf26a-05ce-4c77-a6f0-29e05742ebb5,bdf649ac-6e08-4bca-b5dc-79cc3332992b,->,d45cede6-0c21-49a3-8643-c26d35a00a73,java/awt/Container.java,setLayout
d45cede6-0c21-49a3-8643-c26d35a00a73,82aaf26a-05ce-4c77-a6f0-29e05742ebb5,bdf649ac-6e08-4bca-b5dc-79cc3332992b,->,d45cede6-0c21-49a3-8643-c26d35a00a73,javax/swing/GroupLayout.java,setHorizontalGroup
d45cede6-0c21-49a3-8643-c26d35a00a73,82aaf26a-05ce-4c77-a6f0-29e05742ebb5,bdf649ac-6e08-4bca-b5dc-79cc3332992b,->,d45cede6-0c21-49a3-8643-c26d35a00a73,javax/swing/GroupLayout.java,setVerticalGroup
d45cede6-0c21-49a3-8643-c26d35a00a73,82aaf26a-05ce-4c77-a6f0-29e05742ebb5,bdf649ac-6e08-4bca-b5dc-79cc3332992b,->,d45cede6-0c21-49a3-8643-c26d35a00a73,handwrittengui/HandWrittenGUI.java,pack
d45cede6-0c21-49a3-8643-c26d35a00a73,82aaf26a-05ce-4c77-a6f0-29e05742ebb5,bdf649ac-6e08-4bca-b5dc-79cc3332992b,->,d45cede6-0c21-49a3-8643-c26d35a00a73,handwrittengui/HandWrittenGUI.java,setVisible
d45cede6-0c21-49a3-8643-c26d35a00a73,82aaf26a-05ce-4c77-a6f0-29e05742ebb5,4488184f-1eb4-4055-99b0-ecb1464d240b,->,d45cede6-0c21-49a3-8643-c26d35a00a73,java/io/BufferedReader.java,ready
d45cede6-0c21-49a3-8643-c26d35a00a73,82aaf26a-05ce-4c77-a6f0-29e05742ebb5,4488184f-1eb4-4055-99b0-ecb1464d240b,->,d45cede6-0c21-49a3-8643-c26d35a00a73,java/io/BufferedReader.java,readLine
d45cede6-0c21-49a3-8643-c26d35a00a73,82aaf26a-05ce-4c77-a6f0-29e05742ebb5,4488184f-1eb4-4055-99b0-ecb1464d240b,->,d45cede6-0c21-49a3-8643-c26d35a00a73,java/io/PrintStream.java,println
d45cede6-0c21-49a3-8643-c26d35a00a73,82aaf26a-05ce-4c77-a6f0-29e05742ebb5,4488184f-1eb4-4055-99b0-ecb1464d240b,->,d45cede6-0c21-49a3-8643-c26d35a00a73,java/lang/String.java,split
d45cede6-0c21-49a3-8643-c26d35a00a73,82aaf26a-05ce-4c77-a6f0-29e05742ebb5,4488184f-1eb4-4055-99b0-ecb1464d240b,->,d45cede6-0c21-49a3-8643-c26d35a00a73,java/lang/String.java,startsWith
d45cede6-0c21-49a3-8643-c26d35a00a73,82aaf26a-05ce-4c77-a6f0-29e05742ebb5,4488184f-1eb4-4055-99b0-ecb1464d240b,->,d45cede6-0c21-49a3-8643-c26d35a00a73,java/lang/String.java,endsWith
d45cede6-0c21-49a3-8643-c26d35a00a73,82aaf26a-05ce-4c77-a6f0-29e05742ebb5,4488184f-1eb4-4055-99b0-ecb1464d240b,->,d45cede6-0c21-49a3-8643-c26d35a00a73,java/lang/String.java,length
d45cede6-0c21-49a3-8643-c26d35a00a73,82aaf26a-05ce-4c77-a6f0-29e05742ebb5,4488184f-1eb4-4055-99b0-ecb1464d240b,->,d45cede6-0c21-49a3-8643-c26d35a00a73,java/lang/String.java,substring
d45cede6-0c21-49a3-8643-c26d35a00a73,82aaf26a-05ce-4c77-a6f0-29e05742ebb5,4488184f-1eb4-4055-99b0-ecb1464d240b,->,d45cede6-0c21-49a3-8643-c26d35a00a73,java/lang/String.java,split
d45cede6-0c21-49a3-8643-c26d35a00a73,82aaf26a-05ce-4c77-a6f0-29e05742ebb5,4488184f-1eb4-4055-99b0-ecb1464d240b,->,d45cede6-0c21-49a3-8643-c26d35a00a73,82aaf26a-05ce-4c77-a6f0-29e05742ebb5,205a7f87-53c2-4a51-9051-adda6f5e03f6
d45cede6-0c21-49a3-8643-c26d35a00a73,82aaf26a-05ce-4c77-a6f0-29e05742ebb5,4488184f-1eb4-4055-99b0-ecb1464d240b,->,d45cede6-0c21-49a3-8643-c26d35a00a73,java/util/ArrayList.java,add
d45cede6-0c21-49a3-8643-c26d35a00a73,82aaf26a-05ce-4c77-a6f0-29e05742ebb5,4488184f-1eb4-4055-99b0-ecb1464d240b,->,d45cede6-0c21-49a3-8643-c26d35a00a73,82aaf26a-05ce-4c77-a6f0-29e05742ebb5,205a7f87-53c2-4a51-9051-adda6f5e03f6
d45cede6-0c21-49a3-8643-c26d35a00a73,82aaf26a-05ce-4c77-a6f0-29e05742ebb5,4488184f-1eb4-4055-99b0-ecb1464d240b,->,d45cede6-0c21-49a3-8643-c26d35a00a73,bab4eebc-dec3-48f0-ad61-d6b4fcf4cbfa,18805b1b-df32-4125-bd5d-496a20b43c27
d45cede6-0c21-49a3-8643-c26d35a00a73,82aaf26a-05ce-4c77-a6f0-29e05742ebb5,4488184f-1eb4-4055-99b0-ecb1464d240b,->,d45cede6-0c21-49a3-8643-c26d35a00a73,java/lang/Exception.java,toString
d45cede6-0c21-49a3-8643-c26d35a00a73,82aaf26a-05ce-4c77-a6f0-29e05742ebb5,4488184f-1eb4-4055-99b0-ecb1464d240b,->,d45cede6-0c21-49a3-8643-c26d35a00a73,java/io/PrintStream.java,println
d45cede6-0c21-49a3-8643-c26d35a00a73,82aaf26a-05ce-4c77-a6f0-29e05742ebb5,f56fa94f-aaa0-495e-b6fd-5788dad68c07,->,d45cede6-0c21-49a3-8643-c26d35a00a73,java/io/BufferedReader.java,ready
d45cede6-0c21-49a3-8643-c26d35a00a73,82aaf26a-05ce-4c77-a6f0-29e05742ebb5,f56fa94f-aaa0-495e-b6fd-5788dad68c07,->,d45cede6-0c21-49a3-8643-c26d35a00a73,java/io/BufferedReader.java,readLine
d45cede6-0c21-49a3-8643-c26d35a00a73,82aaf26a-05ce-4c77-a6f0-29e05742ebb5,f56fa94f-aaa0-495e-b6fd-5788dad68c07,->,d45cede6-0c21-49a3-8643-c26d35a00a73,java/io/PrintStream.java,println
d45cede6-0c21-49a3-8643-c26d35a00a73,82aaf26a-05ce-4c77-a6f0-29e05742ebb5,f56fa94f-aaa0-495e-b6fd-5788dad68c07,->,d45cede6-0c21-49a3-8643-c26d35a00a73,java/lang/String.java,split
d45cede6-0c21-49a3-8643-c26d35a00a73,82aaf26a-05ce-4c77-a6f0-29e05742ebb5,f56fa94f-aaa0-495e-b6fd-5788dad68c07,->,d45cede6-0c21-49a3-8643-c26d35a00a73,java/lang/String.java,equals
d45cede6-0c21-49a3-8643-c26d35a00a73,82aaf26a-05ce-4c77-a6f0-29e05742ebb5,f56fa94f-aaa0-495e-b6fd-5788dad68c07,->,d45cede6-0c21-49a3-8643-c26d35a00a73,java/lang/Double.java,parseDouble
d45cede6-0c21-49a3-8643-c26d35a00a73,82aaf26a-05ce-4c77-a6f0-29e05742ebb5,f56fa94f-aaa0-495e-b6fd-5788dad68c07,->,d45cede6-0c21-49a3-8643-c26d35a00a73,java/lang/Integer.java,parseInt
d45cede6-0c21-49a3-8643-c26d35a00a73,82aaf26a-05ce-4c77-a6f0-29e05742ebb5,f56fa94f-aaa0-495e-b6fd-5788dad68c07,->,d45cede6-0c21-49a3-8643-c26d35a00a73,bab4eebc-dec3-48f0-ad61-d6b4fcf4cbfa,f7a4510b-6f5b-41d4-991f-5c0f7ea486ae
d45cede6-0c21-49a3-8643-c26d35a00a73,82aaf26a-05ce-4c77-a6f0-29e05742ebb5,f56fa94f-aaa0-495e-b6fd-5788dad68c07,->,d45cede6-0c21-49a3-8643-c26d35a00a73,java/lang/Exception.java,toString
d45cede6-0c21-49a3-8643-c26d35a00a73,82aaf26a-05ce-4c77-a6f0-29e05742ebb5,f56fa94f-aaa0-495e-b6fd-5788dad68c07,->,d45cede6-0c21-49a3-8643-c26d35a00a73,java/io/PrintStream.java,println
d45cede6-0c21-49a3-8643-c26d35a00a73,82aaf26a-05ce-4c77-a6f0-29e05742ebb5,bf9bc406-e5d2-4bbf-bb47-092c3177fb32,->,d45cede6-0c21-49a3-8643-c26d35a00a73,java/io/BufferedReader.java,ready
d45cede6-0c21-49a3-8643-c26d35a00a73,82aaf26a-05ce-4c77-a6f0-29e05742ebb5,bf9bc406-e5d2-4bbf-bb47-092c3177fb32,->,d45cede6-0c21-49a3-8643-c26d35a00a73,java/io/BufferedReader.java,readLine
d45cede6-0c21-49a3-8643-c26d35a00a73,82aaf26a-05ce-4c77-a6f0-29e05742ebb5,bf9bc406-e5d2-4bbf-bb47-092c3177fb32,->,d45cede6-0c21-49a3-8643-c26d35a00a73,java/io/PrintStream.java,println
d45cede6-0c21-49a3-8643-c26d35a00a73,82aaf26a-05ce-4c77-a6f0-29e05742ebb5,bf9bc406-e5d2-4bbf-bb47-092c3177fb32,->,d45cede6-0c21-49a3-8643-c26d35a00a73,java/lang/String.java,split
d45cede6-0c21-49a3-8643-c26d35a00a73,82aaf26a-05ce-4c77-a6f0-29e05742ebb5,bf9bc406-e5d2-4bbf-bb47-092c3177fb32,->,d45cede6-0c21-49a3-8643-c26d35a00a73,java/lang/String.java,startsWith
d45cede6-0c21-49a3-8643-c26d35a00a73,82aaf26a-05ce-4c77-a6f0-29e05742ebb5,bf9bc406-e5d2-4bbf-bb47-092c3177fb32,->,d45cede6-0c21-49a3-8643-c26d35a00a73,java/lang/String.java,endsWith
d45cede6-0c21-49a3-8643-c26d35a00a73,82aaf26a-05ce-4c77-a6f0-29e05742ebb5,bf9bc406-e5d2-4bbf-bb47-092c3177fb32,->,d45cede6-0c21-49a3-8643-c26d35a00a73,java/lang/String.java,length
d45cede6-0c21-49a3-8643-c26d35a00a73,82aaf26a-05ce-4c77-a6f0-29e05742ebb5,bf9bc406-e5d2-4bbf-bb47-092c3177fb32,->,d45cede6-0c21-49a3-8643-c26d35a00a73,java/lang/String.java,substring
d45cede6-0c21-49a3-8643-c26d35a00a73,82aaf26a-05ce-4c77-a6f0-29e05742ebb5,bf9bc406-e5d2-4bbf-bb47-092c3177fb32,->,d45cede6-0c21-49a3-8643-c26d35a00a73,java/lang/String.java,split
d45cede6-0c21-49a3-8643-c26d35a00a73,82aaf26a-05ce-4c77-a6f0-29e05742ebb5,bf9bc406-e5d2-4bbf-bb47-092c3177fb32,->,d45cede6-0c21-49a3-8643-c26d35a00a73,82aaf26a-05ce-4c77-a6f0-29e05742ebb5,205a7f87-53c2-4a51-9051-adda6f5e03f6
d45cede6-0c21-49a3-8643-c26d35a00a73,82aaf26a-05ce-4c77-a6f0-29e05742ebb5,bf9bc406-e5d2-4bbf-bb47-092c3177fb32,->,d45cede6-0c21-49a3-8643-c26d35a00a73,java/util/ArrayList.java,add
d45cede6-0c21-49a3-8643-c26d35a00a73,82aaf26a-05ce-4c77-a6f0-29e05742ebb5,bf9bc406-e5d2-4bbf-bb47-092c3177fb32,->,d45cede6-0c21-49a3-8643-c26d35a00a73,java/util/ArrayList.java,get
d45cede6-0c21-49a3-8643-c26d35a00a73,82aaf26a-05ce-4c77-a6f0-29e05742ebb5,bf9bc406-e5d2-4bbf-bb47-092c3177fb32,->,d45cede6-0c21-49a3-8643-c26d35a00a73,7971d8cd-36d8-4128-8924-5072f695ee76,e3c59e0a-062f-44b7-8143-910dc7b8824f
d45cede6-0c21-49a3-8643-c26d35a00a73,82aaf26a-05ce-4c77-a6f0-29e05742ebb5,bf9bc406-e5d2-4bbf-bb47-092c3177fb32,->,d45cede6-0c21-49a3-8643-c26d35a00a73,javax/swing/GroupLayout$Group.java,addComponent
d45cede6-0c21-49a3-8643-c26d35a00a73,82aaf26a-05ce-4c77-a6f0-29e05742ebb5,bf9bc406-e5d2-4bbf-bb47-092c3177fb32,->,d45cede6-0c21-49a3-8643-c26d35a00a73,7971d8cd-36d8-4128-8924-5072f695ee76,e3c59e0a-062f-44b7-8143-910dc7b8824f
d45cede6-0c21-49a3-8643-c26d35a00a73,82aaf26a-05ce-4c77-a6f0-29e05742ebb5,bf9bc406-e5d2-4bbf-bb47-092c3177fb32,->,d45cede6-0c21-49a3-8643-c26d35a00a73,javax/swing/GroupLayout$Group.java,addComponent
d45cede6-0c21-49a3-8643-c26d35a00a73,82aaf26a-05ce-4c77-a6f0-29e05742ebb5,bf9bc406-e5d2-4bbf-bb47-092c3177fb32,->,d45cede6-0c21-49a3-8643-c26d35a00a73,java/lang/Exception.java,toString
d45cede6-0c21-49a3-8643-c26d35a00a73,82aaf26a-05ce-4c77-a6f0-29e05742ebb5,bf9bc406-e5d2-4bbf-bb47-092c3177fb32,->,d45cede6-0c21-49a3-8643-c26d35a00a73,java/io/PrintStream.java,println
d45cede6-0c21-49a3-8643-c26d35a00a73,82aaf26a-05ce-4c77-a6f0-29e05742ebb5,205a7f87-53c2-4a51-9051-adda6f5e03f6,->,d45cede6-0c21-49a3-8643-c26d35a00a73,bab4eebc-dec3-48f0-ad61-d6b4fcf4cbfa,9c56f1ab-daf7-4c7e-8528-90f7e2d800b5
d45cede6-0c21-49a3-8643-c26d35a00a73,82aaf26a-05ce-4c77-a6f0-29e05742ebb5,205a7f87-53c2-4a51-9051-adda6f5e03f6,->,d45cede6-0c21-49a3-8643-c26d35a00a73,java/lang/String.java,equalsIgnoreCase
d45cede6-0c21-49a3-8643-c26d35a00a73,handwrittengui/Greeter$1.java,mouseClicked,->,d45cede6-0c21-49a3-8643-c26d35a00a73,handwrittengui/Greeter.java,access$000
d45cede6-0c21-49a3-8643-c26d35a00a73,handwrittengui/Greeter$1.java,mouseClicked,->,d45cede6-0c21-49a3-8643-c26d35a00a73,javax/swing/JCheckBox.java,isSelected
d45cede6-0c21-49a3-8643-c26d35a00a73,handwrittengui/Greeter$1.java,mouseClicked,->,d45cede6-0c21-49a3-8643-c26d35a00a73,handwrittengui/Greeter.java,access$000
d45cede6-0c21-49a3-8643-c26d35a00a73,handwrittengui/Greeter$1.java,mouseClicked,->,d45cede6-0c21-49a3-8643-c26d35a00a73,javax/swing/JCheckBox.java,doClick
d45cede6-0c21-49a3-8643-c26d35a00a73,2c002aa6-9005-4bdd-8028-0d6d017d9e79,22314dfd-5afc-4436-a6ff-b7cb5cc6dcb0,->,d45cede6-0c21-49a3-8643-c26d35a00a73,javax/swing/GroupLayout.java,setAutoCreateGaps
d45cede6-0c21-49a3-8643-c26d35a00a73,2c002aa6-9005-4bdd-8028-0d6d017d9e79,22314dfd-5afc-4436-a6ff-b7cb5cc6dcb0,->,d45cede6-0c21-49a3-8643-c26d35a00a73,9334b516-c0aa-4af8-808b-d0d000c5629c,f040640b-0d23-49a4-ac1e-3cfc6bb23569
d45cede6-0c21-49a3-8643-c26d35a00a73,2c002aa6-9005-4bdd-8028-0d6d017d9e79,22314dfd-5afc-4436-a6ff-b7cb5cc6dcb0,->,d45cede6-0c21-49a3-8643-c26d35a00a73,java/lang/Integer.java,toString
d45cede6-0c21-49a3-8643-c26d35a00a73,2c002aa6-9005-4bdd-8028-0d6d017d9e79,22314dfd-5afc-4436-a6ff-b7cb5cc6dcb0,->,d45cede6-0c21-49a3-8643-c26d35a00a73,9334b516-c0aa-4af8-808b-d0d000c5629c,8670455a-6d50-4321-8578-7d76942f9917
d45cede6-0c21-49a3-8643-c26d35a00a73,2c002aa6-9005-4bdd-8028-0d6d017d9e79,22314dfd-5afc-4436-a6ff-b7cb5cc6dcb0,->,d45cede6-0c21-49a3-8643-c26d35a00a73,java/lang/Integer.java,toString
d45cede6-0c21-49a3-8643-c26d35a00a73,2c002aa6-9005-4bdd-8028-0d6d017d9e79,22314dfd-5afc-4436-a6ff-b7cb5cc6dcb0,->,d45cede6-0c21-49a3-8643-c26d35a00a73,9334b516-c0aa-4af8-808b-d0d000c5629c,18cfa827-6eda-4cce-9715-b13a02dbda4f
d45cede6-0c21-49a3-8643-c26d35a00a73,2c002aa6-9005-4bdd-8028-0d6d017d9e79,22314dfd-5afc-4436-a6ff-b7cb5cc6dcb0,->,d45cede6-0c21-49a3-8643-c26d35a00a73,java/lang/Integer.java,toString
d45cede6-0c21-49a3-8643-c26d35a00a73,2c002aa6-9005-4bdd-8028-0d6d017d9e79,22314dfd-5afc-4436-a6ff-b7cb5cc6dcb0,->,d45cede6-0c21-49a3-8643-c26d35a00a73,9334b516-c0aa-4af8-808b-d0d000c5629c,550a7f9d-d1c7-4a0a-a016-326880891999
d45cede6-0c21-49a3-8643-c26d35a00a73,2c002aa6-9005-4bdd-8028-0d6d017d9e79,22314dfd-5afc-4436-a6ff-b7cb5cc6dcb0,->,d45cede6-0c21-49a3-8643-c26d35a00a73,9334b516-c0aa-4af8-808b-d0d000c5629c,550a7f9d-d1c7-4a0a-a016-326880891999
d45cede6-0c21-49a3-8643-c26d35a00a73,2c002aa6-9005-4bdd-8028-0d6d017d9e79,22314dfd-5afc-4436-a6ff-b7cb5cc6dcb0,->,d45cede6-0c21-49a3-8643-c26d35a00a73,bab4eebc-dec3-48f0-ad61-d6b4fcf4cbfa,b489d052-4001-4dea-a67c-47fc28da56b3
d45cede6-0c21-49a3-8643-c26d35a00a73,2c002aa6-9005-4bdd-8028-0d6d017d9e79,22314dfd-5afc-4436-a6ff-b7cb5cc6dcb0,->,d45cede6-0c21-49a3-8643-c26d35a00a73,9334b516-c0aa-4af8-808b-d0d000c5629c,550a7f9d-d1c7-4a0a-a016-326880891999
d45cede6-0c21-49a3-8643-c26d35a00a73,2c002aa6-9005-4bdd-8028-0d6d017d9e79,22314dfd-5afc-4436-a6ff-b7cb5cc6dcb0,->,d45cede6-0c21-49a3-8643-c26d35a00a73,bab4eebc-dec3-48f0-ad61-d6b4fcf4cbfa,9c56f1ab-daf7-4c7e-8528-90f7e2d800b5
d45cede6-0c21-49a3-8643-c26d35a00a73,2c002aa6-9005-4bdd-8028-0d6d017d9e79,22314dfd-5afc-4436-a6ff-b7cb5cc6dcb0,->,d45cede6-0c21-49a3-8643-c26d35a00a73,javax/swing/GroupLayout.java,createSequentialGroup
d45cede6-0c21-49a3-8643-c26d35a00a73,2c002aa6-9005-4bdd-8028-0d6d017d9e79,22314dfd-5afc-4436-a6ff-b7cb5cc6dcb0,->,d45cede6-0c21-49a3-8643-c26d35a00a73,javax/swing/GroupLayout.java,createParallelGroup
d45cede6-0c21-49a3-8643-c26d35a00a73,2c002aa6-9005-4bdd-8028-0d6d017d9e79,22314dfd-5afc-4436-a6ff-b7cb5cc6dcb0,->,d45cede6-0c21-49a3-8643-c26d35a00a73,handwrittengui/CustomerGraphic.java,setLayout
d45cede6-0c21-49a3-8643-c26d35a00a73,2c002aa6-9005-4bdd-8028-0d6d017d9e79,22314dfd-5afc-4436-a6ff-b7cb5cc6dcb0,->,d45cede6-0c21-49a3-8643-c26d35a00a73,javax/swing/GroupLayout$SequentialGroup.java,addComponent
d45cede6-0c21-49a3-8643-c26d35a00a73,2c002aa6-9005-4bdd-8028-0d6d017d9e79,22314dfd-5afc-4436-a6ff-b7cb5cc6dcb0,->,d45cede6-0c21-49a3-8643-c26d35a00a73,javax/swing/GroupLayout$SequentialGroup.java,addComponent
d45cede6-0c21-49a3-8643-c26d35a00a73,2c002aa6-9005-4bdd-8028-0d6d017d9e79,22314dfd-5afc-4436-a6ff-b7cb5cc6dcb0,->,d45cede6-0c21-49a3-8643-c26d35a00a73,javax/swing/GroupLayout$SequentialGroup.java,addComponent
d45cede6-0c21-49a3-8643-c26d35a00a73,2c002aa6-9005-4bdd-8028-0d6d017d9e79,22314dfd-5afc-4436-a6ff-b7cb5cc6dcb0,->,d45cede6-0c21-49a3-8643-c26d35a00a73,javax/swing/GroupLayout$SequentialGroup.java,addComponent
d45cede6-0c21-49a3-8643-c26d35a00a73,2c002aa6-9005-4bdd-8028-0d6d017d9e79,22314dfd-5afc-4436-a6ff-b7cb5cc6dcb0,->,d45cede6-0c21-49a3-8643-c26d35a00a73,javax/swing/GroupLayout$SequentialGroup.java,addComponent
d45cede6-0c21-49a3-8643-c26d35a00a73,2c002aa6-9005-4bdd-8028-0d6d017d9e79,22314dfd-5afc-4436-a6ff-b7cb5cc6dcb0,->,d45cede6-0c21-49a3-8643-c26d35a00a73,javax/swing/GroupLayout$SequentialGroup.java,addComponent
d45cede6-0c21-49a3-8643-c26d35a00a73,2c002aa6-9005-4bdd-8028-0d6d017d9e79,22314dfd-5afc-4436-a6ff-b7cb5cc6dcb0,->,d45cede6-0c21-49a3-8643-c26d35a00a73,javax/swing/GroupLayout$SequentialGroup.java,addComponent
d45cede6-0c21-49a3-8643-c26d35a00a73,2c002aa6-9005-4bdd-8028-0d6d017d9e79,22314dfd-5afc-4436-a6ff-b7cb5cc6dcb0,->,d45cede6-0c21-49a3-8643-c26d35a00a73,javax/swing/GroupLayout$SequentialGroup.java,addComponent
d45cede6-0c21-49a3-8643-c26d35a00a73,2c002aa6-9005-4bdd-8028-0d6d017d9e79,22314dfd-5afc-4436-a6ff-b7cb5cc6dcb0,->,d45cede6-0c21-49a3-8643-c26d35a00a73,javax/swing/GroupLayout.java,setHorizontalGroup
d45cede6-0c21-49a3-8643-c26d35a00a73,2c002aa6-9005-4bdd-8028-0d6d017d9e79,22314dfd-5afc-4436-a6ff-b7cb5cc6dcb0,->,d45cede6-0c21-49a3-8643-c26d35a00a73,javax/swing/GroupLayout$ParallelGroup.java,addComponent
d45cede6-0c21-49a3-8643-c26d35a00a73,2c002aa6-9005-4bdd-8028-0d6d017d9e79,22314dfd-5afc-4436-a6ff-b7cb5cc6dcb0,->,d45cede6-0c21-49a3-8643-c26d35a00a73,javax/swing/GroupLayout$ParallelGroup.java,addComponent
d45cede6-0c21-49a3-8643-c26d35a00a73,2c002aa6-9005-4bdd-8028-0d6d017d9e79,22314dfd-5afc-4436-a6ff-b7cb5cc6dcb0,->,d45cede6-0c21-49a3-8643-c26d35a00a73,javax/swing/GroupLayout$ParallelGroup.java,addComponent
d45cede6-0c21-49a3-8643-c26d35a00a73,2c002aa6-9005-4bdd-8028-0d6d017d9e79,22314dfd-5afc-4436-a6ff-b7cb5cc6dcb0,->,d45cede6-0c21-49a3-8643-c26d35a00a73,javax/swing/GroupLayout$ParallelGroup.java,addComponent
d45cede6-0c21-49a3-8643-c26d35a00a73,2c002aa6-9005-4bdd-8028-0d6d017d9e79,22314dfd-5afc-4436-a6ff-b7cb5cc6dcb0,->,d45cede6-0c21-49a3-8643-c26d35a00a73,javax/swing/GroupLayout$ParallelGroup.java,addComponent
d45cede6-0c21-49a3-8643-c26d35a00a73,2c002aa6-9005-4bdd-8028-0d6d017d9e79,22314dfd-5afc-4436-a6ff-b7cb5cc6dcb0,->,d45cede6-0c21-49a3-8643-c26d35a00a73,javax/swing/GroupLayout$ParallelGroup.java,addComponent
d45cede6-0c21-49a3-8643-c26d35a00a73,2c002aa6-9005-4bdd-8028-0d6d017d9e79,22314dfd-5afc-4436-a6ff-b7cb5cc6dcb0,->,d45cede6-0c21-49a3-8643-c26d35a00a73,javax/swing/GroupLayout$ParallelGroup.java,addComponent
d45cede6-0c21-49a3-8643-c26d35a00a73,2c002aa6-9005-4bdd-8028-0d6d017d9e79,22314dfd-5afc-4436-a6ff-b7cb5cc6dcb0,->,d45cede6-0c21-49a3-8643-c26d35a00a73,javax/swing/GroupLayout$ParallelGroup.java,addComponent
d45cede6-0c21-49a3-8643-c26d35a00a73,2c002aa6-9005-4bdd-8028-0d6d017d9e79,22314dfd-5afc-4436-a6ff-b7cb5cc6dcb0,->,d45cede6-0c21-49a3-8643-c26d35a00a73,javax/swing/GroupLayout.java,setVerticalGroup
d45cede6-0c21-49a3-8643-c26d35a00a73,2c002aa6-9005-4bdd-8028-0d6d017d9e79,7adf856e-c9c4-4965-a1b4-af5d1dc3ea77,->,d45cede6-0c21-49a3-8643-c26d35a00a73,handwrittengui/CustomerGraphic.java,removeAll
d45cede6-0c21-49a3-8643-c26d35a00a73,2c002aa6-9005-4bdd-8028-0d6d017d9e79,7adf856e-c9c4-4965-a1b4-af5d1dc3ea77,->,d45cede6-0c21-49a3-8643-c26d35a00a73,2c002aa6-9005-4bdd-8028-0d6d017d9e79,22314dfd-5afc-4436-a6ff-b7cb5cc6dcb0
d45cede6-0c21-49a3-8643-c26d35a00a73,handwrittengui/TableGUI$3.java,mouseClicked,->,d45cede6-0c21-49a3-8643-c26d35a00a73,handwrittengui/TableGUI.java,access$000
d45cede6-0c21-49a3-8643-c26d35a00a73,handwrittengui/TableGUI$3.java,mouseClicked,->,d45cede6-0c21-49a3-8643-c26d35a00a73,javax/swing/JPopupMenu.java,setVisible
d45cede6-0c21-49a3-8643-c26d35a00a73,handwrittengui/TableGUI$3.java,mouseClicked,->,d45cede6-0c21-49a3-8643-c26d35a00a73,handwrittengui/TableGUI.java,access$300
d45cede6-0c21-49a3-8643-c26d35a00a73,handwrittengui/TableGUI$3.java,mouseClicked,->,d45cede6-0c21-49a3-8643-c26d35a00a73,bab4eebc-dec3-48f0-ad61-d6b4fcf4cbfa,f43f2670-1622-4c2e-afe7-0bad24e94733
d45cede6-0c21-49a3-8643-c26d35a00a73,87b3be37-775e-495b-8327-e7fc1413959f,ef5f0684-3290-4fc9-bf6a-f389db74f8b5,->,d45cede6-0c21-49a3-8643-c26d35a00a73,9166116b-0811-4213-829c-4cef8b306f81,9ed2216a-83e9-4511-88d3-6dec0cdb39d1
d45cede6-0c21-49a3-8643-c26d35a00a73,87b3be37-775e-495b-8327-e7fc1413959f,ed3a6e49-ddb2-4fb2-90bd-ddbaf140b9c4,->,d45cede6-0c21-49a3-8643-c26d35a00a73,6b90a6c5-1ca5-4cb8-acc3-398ab5feed53,c9697fa2-b393-424d-a163-b983f51c3720
d45cede6-0c21-49a3-8643-c26d35a00a73,87b3be37-775e-495b-8327-e7fc1413959f,ed3a6e49-ddb2-4fb2-90bd-ddbaf140b9c4,->,d45cede6-0c21-49a3-8643-c26d35a00a73,6b90a6c5-1ca5-4cb8-acc3-398ab5feed53,15632663-87ee-4e4d-afc5-909d04fef93f
d45cede6-0c21-49a3-8643-c26d35a00a73,87b3be37-775e-495b-8327-e7fc1413959f,ed3a6e49-ddb2-4fb2-90bd-ddbaf140b9c4,->,d45cede6-0c21-49a3-8643-c26d35a00a73,6b90a6c5-1ca5-4cb8-acc3-398ab5feed53,ac1ed4fc-c461-4841-b86c-15566724e471
d45cede6-0c21-49a3-8643-c26d35a00a73,87b3be37-775e-495b-8327-e7fc1413959f,ed3a6e49-ddb2-4fb2-90bd-ddbaf140b9c4,->,d45cede6-0c21-49a3-8643-c26d35a00a73,java/util/ArrayList.java,size
d45cede6-0c21-49a3-8643-c26d35a00a73,87b3be37-775e-495b-8327-e7fc1413959f,ed3a6e49-ddb2-4fb2-90bd-ddbaf140b9c4,->,d45cede6-0c21-49a3-8643-c26d35a00a73,java/util/ArrayList.java,get
d45cede6-0c21-49a3-8643-c26d35a00a73,87b3be37-775e-495b-8327-e7fc1413959f,ed3a6e49-ddb2-4fb2-90bd-ddbaf140b9c4,->,d45cede6-0c21-49a3-8643-c26d35a00a73,java/lang/Integer.java,intValue
d45cede6-0c21-49a3-8643-c26d35a00a73,87b3be37-775e-495b-8327-e7fc1413959f,ed3a6e49-ddb2-4fb2-90bd-ddbaf140b9c4,->,d45cede6-0c21-49a3-8643-c26d35a00a73,7971d8cd-36d8-4128-8924-5072f695ee76,"f1599ce4-0aaf-4708-aefa-80836583598d,79af5fa9-5773-40f3-bd2b-2def3105c66b"
d45cede6-0c21-49a3-8643-c26d35a00a73,87b3be37-775e-495b-8327-e7fc1413959f,ed3a6e49-ddb2-4fb2-90bd-ddbaf140b9c4,->,d45cede6-0c21-49a3-8643-c26d35a00a73,java/io/PrintStream.java,println
d45cede6-0c21-49a3-8643-c26d35a00a73,87b3be37-775e-495b-8327-e7fc1413959f,ed3a6e49-ddb2-4fb2-90bd-ddbaf140b9c4,->,d45cede6-0c21-49a3-8643-c26d35a00a73,87b3be37-775e-495b-8327-e7fc1413959f,e3a910f9-3efd-4927-9817-68aa904248fe
d45cede6-0c21-49a3-8643-c26d35a00a73,87b3be37-775e-495b-8327-e7fc1413959f,ed3a6e49-ddb2-4fb2-90bd-ddbaf140b9c4,->,d45cede6-0c21-49a3-8643-c26d35a00a73,87b3be37-775e-495b-8327-e7fc1413959f,818ff3ae-d956-4d99-9ad1-69310814e215
d45cede6-0c21-49a3-8643-c26d35a00a73,87b3be37-775e-495b-8327-e7fc1413959f,a9625845-7af2-43fa-a45d-2effbb9276f4,->,d45cede6-0c21-49a3-8643-c26d35a00a73,java/util/Calendar.java,clone
d45cede6-0c21-49a3-8643-c26d35a00a73,87b3be37-775e-495b-8327-e7fc1413959f,a9625845-7af2-43fa-a45d-2effbb9276f4,->,d45cede6-0c21-49a3-8643-c26d35a00a73,java/util/Calendar.java,get
d45cede6-0c21-49a3-8643-c26d35a00a73,87b3be37-775e-495b-8327-e7fc1413959f,a9625845-7af2-43fa-a45d-2effbb9276f4,->,d45cede6-0c21-49a3-8643-c26d35a00a73,java/util/Calendar.java,add
d45cede6-0c21-49a3-8643-c26d35a00a73,87b3be37-775e-495b-8327-e7fc1413959f,a9625845-7af2-43fa-a45d-2effbb9276f4,->,d45cede6-0c21-49a3-8643-c26d35a00a73,java/util/Calendar.java,get
d45cede6-0c21-49a3-8643-c26d35a00a73,87b3be37-775e-495b-8327-e7fc1413959f,a9625845-7af2-43fa-a45d-2effbb9276f4,->,d45cede6-0c21-49a3-8643-c26d35a00a73,java/util/Calendar.java,add
d45cede6-0c21-49a3-8643-c26d35a00a73,87b3be37-775e-495b-8327-e7fc1413959f,a9625845-7af2-43fa-a45d-2effbb9276f4,->,d45cede6-0c21-49a3-8643-c26d35a00a73,java/util/Calendar.java,get
d45cede6-0c21-49a3-8643-c26d35a00a73,87b3be37-775e-495b-8327-e7fc1413959f,a9625845-7af2-43fa-a45d-2effbb9276f4,->,d45cede6-0c21-49a3-8643-c26d35a00a73,java/util/Calendar.java,get
d45cede6-0c21-49a3-8643-c26d35a00a73,87b3be37-775e-495b-8327-e7fc1413959f,a9625845-7af2-43fa-a45d-2effbb9276f4,->,d45cede6-0c21-49a3-8643-c26d35a00a73,java/lang/Integer.java,toString
d45cede6-0c21-49a3-8643-c26d35a00a73,87b3be37-775e-495b-8327-e7fc1413959f,a9625845-7af2-43fa-a45d-2effbb9276f4,->,d45cede6-0c21-49a3-8643-c26d35a00a73,java/lang/StringBuilder.java,append
d45cede6-0c21-49a3-8643-c26d35a00a73,87b3be37-775e-495b-8327-e7fc1413959f,a9625845-7af2-43fa-a45d-2effbb9276f4,->,d45cede6-0c21-49a3-8643-c26d35a00a73,java/lang/Integer.java,toString
d45cede6-0c21-49a3-8643-c26d35a00a73,87b3be37-775e-495b-8327-e7fc1413959f,a9625845-7af2-43fa-a45d-2effbb9276f4,->,d45cede6-0c21-49a3-8643-c26d35a00a73,java/lang/StringBuilder.java,append
d45cede6-0c21-49a3-8643-c26d35a00a73,87b3be37-775e-495b-8327-e7fc1413959f,a9625845-7af2-43fa-a45d-2effbb9276f4,->,d45cede6-0c21-49a3-8643-c26d35a00a73,java/lang/StringBuilder.java,toString
d45cede6-0c21-49a3-8643-c26d35a00a73,87b3be37-775e-495b-8327-e7fc1413959f,a9625845-7af2-43fa-a45d-2effbb9276f4,->,d45cede6-0c21-49a3-8643-c26d35a00a73,java/lang/Integer.java,toString
d45cede6-0c21-49a3-8643-c26d35a00a73,87b3be37-775e-495b-8327-e7fc1413959f,a9625845-7af2-43fa-a45d-2effbb9276f4,->,d45cede6-0c21-49a3-8643-c26d35a00a73,java/lang/StringBuilder.java,append
d45cede6-0c21-49a3-8643-c26d35a00a73,87b3be37-775e-495b-8327-e7fc1413959f,a9625845-7af2-43fa-a45d-2effbb9276f4,->,d45cede6-0c21-49a3-8643-c26d35a00a73,java/lang/StringBuilder.java,append
d45cede6-0c21-49a3-8643-c26d35a00a73,87b3be37-775e-495b-8327-e7fc1413959f,a9625845-7af2-43fa-a45d-2effbb9276f4,->,d45cede6-0c21-49a3-8643-c26d35a00a73,java/lang/StringBuilder.java,append
d45cede6-0c21-49a3-8643-c26d35a00a73,87b3be37-775e-495b-8327-e7fc1413959f,a9625845-7af2-43fa-a45d-2effbb9276f4,->,d45cede6-0c21-49a3-8643-c26d35a00a73,java/lang/StringBuilder.java,toString
d45cede6-0c21-49a3-8643-c26d35a00a73,87b3be37-775e-495b-8327-e7fc1413959f,"8c92e1e8-cfaa-4202-8176-9375cee8a110,8225fee3-c612-491c-9813-bb50dc23b8d9",->,d45cede6-0c21-49a3-8643-c26d35a00a73,87b3be37-775e-495b-8327-e7fc1413959f,75f6b6fb-cf1a-4fca-a09b-bffb68a46061
d45cede6-0c21-49a3-8643-c26d35a00a73,87b3be37-775e-495b-8327-e7fc1413959f,"8c92e1e8-cfaa-4202-8176-9375cee8a110,8225fee3-c612-491c-9813-bb50dc23b8d9",->,d45cede6-0c21-49a3-8643-c26d35a00a73,87b3be37-775e-495b-8327-e7fc1413959f,a7826826-e15c-427b-b804-0e510db1ebba
d45cede6-0c21-49a3-8643-c26d35a00a73,87b3be37-775e-495b-8327-e7fc1413959f,"8c92e1e8-cfaa-4202-8176-9375cee8a110,8225fee3-c612-491c-9813-bb50dc23b8d9",->,d45cede6-0c21-49a3-8643-c26d35a00a73,6b90a6c5-1ca5-4cb8-acc3-398ab5feed53,a3410de4-f9d0-48fc-b719-66a4220a7143
d45cede6-0c21-49a3-8643-c26d35a00a73,87b3be37-775e-495b-8327-e7fc1413959f,"8c92e1e8-cfaa-4202-8176-9375cee8a110,8225fee3-c612-491c-9813-bb50dc23b8d9",->,d45cede6-0c21-49a3-8643-c26d35a00a73,6b90a6c5-1ca5-4cb8-acc3-398ab5feed53,e9070729-9b2d-417b-be47-925f85127229
d45cede6-0c21-49a3-8643-c26d35a00a73,87b3be37-775e-495b-8327-e7fc1413959f,"8c92e1e8-cfaa-4202-8176-9375cee8a110,8225fee3-c612-491c-9813-bb50dc23b8d9",->,d45cede6-0c21-49a3-8643-c26d35a00a73,java/util/ArrayList.java,size
d45cede6-0c21-49a3-8643-c26d35a00a73,87b3be37-775e-495b-8327-e7fc1413959f,"8c92e1e8-cfaa-4202-8176-9375cee8a110,8225fee3-c612-491c-9813-bb50dc23b8d9",->,d45cede6-0c21-49a3-8643-c26d35a00a73,java/util/ArrayList.java,get
d45cede6-0c21-49a3-8643-c26d35a00a73,87b3be37-775e-495b-8327-e7fc1413959f,"8c92e1e8-cfaa-4202-8176-9375cee8a110,8225fee3-c612-491c-9813-bb50dc23b8d9",->,d45cede6-0c21-49a3-8643-c26d35a00a73,java/util/HashMap.java,put
d45cede6-0c21-49a3-8643-c26d35a00a73,87b3be37-775e-495b-8327-e7fc1413959f,"8c92e1e8-cfaa-4202-8176-9375cee8a110,8225fee3-c612-491c-9813-bb50dc23b8d9",->,d45cede6-0c21-49a3-8643-c26d35a00a73,java/util/ArrayList.java,size
d45cede6-0c21-49a3-8643-c26d35a00a73,87b3be37-775e-495b-8327-e7fc1413959f,"8c92e1e8-cfaa-4202-8176-9375cee8a110,8225fee3-c612-491c-9813-bb50dc23b8d9",->,d45cede6-0c21-49a3-8643-c26d35a00a73,java/util/ArrayList.java,get
d45cede6-0c21-49a3-8643-c26d35a00a73,87b3be37-775e-495b-8327-e7fc1413959f,"8c92e1e8-cfaa-4202-8176-9375cee8a110,8225fee3-c612-491c-9813-bb50dc23b8d9",->,d45cede6-0c21-49a3-8643-c26d35a00a73,bab4eebc-dec3-48f0-ad61-d6b4fcf4cbfa,46e10e44-ee6a-49a6-8b87-0f1815923f8f
d45cede6-0c21-49a3-8643-c26d35a00a73,87b3be37-775e-495b-8327-e7fc1413959f,"8c92e1e8-cfaa-4202-8176-9375cee8a110,8225fee3-c612-491c-9813-bb50dc23b8d9",->,d45cede6-0c21-49a3-8643-c26d35a00a73,bab4eebc-dec3-48f0-ad61-d6b4fcf4cbfa,8bdc28ef-f092-4205-9b78-fdeef05a8ba4
d45cede6-0c21-49a3-8643-c26d35a00a73,87b3be37-775e-495b-8327-e7fc1413959f,"8c92e1e8-cfaa-4202-8176-9375cee8a110,8225fee3-c612-491c-9813-bb50dc23b8d9",->,d45cede6-0c21-49a3-8643-c26d35a00a73,9334b516-c0aa-4af8-808b-d0d000c5629c,cd96f585-8915-4a0f-9c6d-1a87e9e8b127
d45cede6-0c21-49a3-8643-c26d35a00a73,87b3be37-775e-495b-8327-e7fc1413959f,"8c92e1e8-cfaa-4202-8176-9375cee8a110,8225fee3-c612-491c-9813-bb50dc23b8d9",->,d45cede6-0c21-49a3-8643-c26d35a00a73,87b3be37-775e-495b-8327-e7fc1413959f,a9625845-7af2-43fa-a45d-2effbb9276f4
d45cede6-0c21-49a3-8643-c26d35a00a73,87b3be37-775e-495b-8327-e7fc1413959f,"8c92e1e8-cfaa-4202-8176-9375cee8a110,8225fee3-c612-491c-9813-bb50dc23b8d9",->,d45cede6-0c21-49a3-8643-c26d35a00a73,java/util/HashMap.java,put
d45cede6-0c21-49a3-8643-c26d35a00a73,87b3be37-775e-495b-8327-e7fc1413959f,"8c92e1e8-cfaa-4202-8176-9375cee8a110,8225fee3-c612-491c-9813-bb50dc23b8d9",->,d45cede6-0c21-49a3-8643-c26d35a00a73,java/util/HashMap.java,put
d45cede6-0c21-49a3-8643-c26d35a00a73,87b3be37-775e-495b-8327-e7fc1413959f,"8c92e1e8-cfaa-4202-8176-9375cee8a110,8225fee3-c612-491c-9813-bb50dc23b8d9",->,d45cede6-0c21-49a3-8643-c26d35a00a73,java/util/ArrayList.java,isEmpty
d45cede6-0c21-49a3-8643-c26d35a00a73,87b3be37-775e-495b-8327-e7fc1413959f,"8c92e1e8-cfaa-4202-8176-9375cee8a110,8225fee3-c612-491c-9813-bb50dc23b8d9",->,d45cede6-0c21-49a3-8643-c26d35a00a73,java/util/ArrayList.java,get
d45cede6-0c21-49a3-8643-c26d35a00a73,87b3be37-775e-495b-8327-e7fc1413959f,"8c92e1e8-cfaa-4202-8176-9375cee8a110,8225fee3-c612-491c-9813-bb50dc23b8d9",->,d45cede6-0c21-49a3-8643-c26d35a00a73,java/util/HashMap.java,get
d45cede6-0c21-49a3-8643-c26d35a00a73,87b3be37-775e-495b-8327-e7fc1413959f,"8c92e1e8-cfaa-4202-8176-9375cee8a110,8225fee3-c612-491c-9813-bb50dc23b8d9",->,d45cede6-0c21-49a3-8643-c26d35a00a73,java/util/ArrayList.java,size
d45cede6-0c21-49a3-8643-c26d35a00a73,87b3be37-775e-495b-8327-e7fc1413959f,"8c92e1e8-cfaa-4202-8176-9375cee8a110,8225fee3-c612-491c-9813-bb50dc23b8d9",->,d45cede6-0c21-49a3-8643-c26d35a00a73,java/util/ArrayList.java,get
d45cede6-0c21-49a3-8643-c26d35a00a73,87b3be37-775e-495b-8327-e7fc1413959f,"8c92e1e8-cfaa-4202-8176-9375cee8a110,8225fee3-c612-491c-9813-bb50dc23b8d9",->,d45cede6-0c21-49a3-8643-c26d35a00a73,java/util/HashMap.java,containsKey
d45cede6-0c21-49a3-8643-c26d35a00a73,87b3be37-775e-495b-8327-e7fc1413959f,"8c92e1e8-cfaa-4202-8176-9375cee8a110,8225fee3-c612-491c-9813-bb50dc23b8d9",->,d45cede6-0c21-49a3-8643-c26d35a00a73,9334b516-c0aa-4af8-808b-d0d000c5629c,550a7f9d-d1c7-4a0a-a016-326880891999
d45cede6-0c21-49a3-8643-c26d35a00a73,87b3be37-775e-495b-8327-e7fc1413959f,"8c92e1e8-cfaa-4202-8176-9375cee8a110,8225fee3-c612-491c-9813-bb50dc23b8d9",->,d45cede6-0c21-49a3-8643-c26d35a00a73,9334b516-c0aa-4af8-808b-d0d000c5629c,112be19e-2b92-4bf1-948d-008769bd3e03
d45cede6-0c21-49a3-8643-c26d35a00a73,87b3be37-775e-495b-8327-e7fc1413959f,"8c92e1e8-cfaa-4202-8176-9375cee8a110,8225fee3-c612-491c-9813-bb50dc23b8d9",->,d45cede6-0c21-49a3-8643-c26d35a00a73,bab4eebc-dec3-48f0-ad61-d6b4fcf4cbfa,25db47fa-c489-4eba-b304-9d82a32e6f0d
d45cede6-0c21-49a3-8643-c26d35a00a73,87b3be37-775e-495b-8327-e7fc1413959f,"8c92e1e8-cfaa-4202-8176-9375cee8a110,8225fee3-c612-491c-9813-bb50dc23b8d9",->,d45cede6-0c21-49a3-8643-c26d35a00a73,7971d8cd-36d8-4128-8924-5072f695ee76,ad5f05bf-dd57-4f78-96ad-196ac1e2c6bf
d45cede6-0c21-49a3-8643-c26d35a00a73,87b3be37-775e-495b-8327-e7fc1413959f,"8c92e1e8-cfaa-4202-8176-9375cee8a110,8225fee3-c612-491c-9813-bb50dc23b8d9",->,d45cede6-0c21-49a3-8643-c26d35a00a73,9334b516-c0aa-4af8-808b-d0d000c5629c,2444aede-d5fe-43b6-8860-4f2248382686
d45cede6-0c21-49a3-8643-c26d35a00a73,87b3be37-775e-495b-8327-e7fc1413959f,"8c92e1e8-cfaa-4202-8176-9375cee8a110,8225fee3-c612-491c-9813-bb50dc23b8d9",->,d45cede6-0c21-49a3-8643-c26d35a00a73,2c002aa6-9005-4bdd-8028-0d6d017d9e79,7adf856e-c9c4-4965-a1b4-af5d1dc3ea77
d45cede6-0c21-49a3-8643-c26d35a00a73,87b3be37-775e-495b-8327-e7fc1413959f,"8c92e1e8-cfaa-4202-8176-9375cee8a110,8225fee3-c612-491c-9813-bb50dc23b8d9",->,d45cede6-0c21-49a3-8643-c26d35a00a73,java/util/ArrayList.java,remove
d45cede6-0c21-49a3-8643-c26d35a00a73,87b3be37-775e-495b-8327-e7fc1413959f,"8c92e1e8-cfaa-4202-8176-9375cee8a110,8225fee3-c612-491c-9813-bb50dc23b8d9",->,d45cede6-0c21-49a3-8643-c26d35a00a73,6b90a6c5-1ca5-4cb8-acc3-398ab5feed53,b2dc1059-8068-4564-aa7e-5c3a9d026dbd
d45cede6-0c21-49a3-8643-c26d35a00a73,87b3be37-775e-495b-8327-e7fc1413959f,"8c92e1e8-cfaa-4202-8176-9375cee8a110,8225fee3-c612-491c-9813-bb50dc23b8d9",->,d45cede6-0c21-49a3-8643-c26d35a00a73,6b90a6c5-1ca5-4cb8-acc3-398ab5feed53,a3410de4-f9d0-48fc-b719-66a4220a7143
d45cede6-0c21-49a3-8643-c26d35a00a73,87b3be37-775e-495b-8327-e7fc1413959f,"8c92e1e8-cfaa-4202-8176-9375cee8a110,8225fee3-c612-491c-9813-bb50dc23b8d9",->,d45cede6-0c21-49a3-8643-c26d35a00a73,6b90a6c5-1ca5-4cb8-acc3-398ab5feed53,e9070729-9b2d-417b-be47-925f85127229
d45cede6-0c21-49a3-8643-c26d35a00a73,87b3be37-775e-495b-8327-e7fc1413959f,"8c92e1e8-cfaa-4202-8176-9375cee8a110,8225fee3-c612-491c-9813-bb50dc23b8d9",->,d45cede6-0c21-49a3-8643-c26d35a00a73,java/util/ArrayList.java,remove
d45cede6-0c21-49a3-8643-c26d35a00a73,87b3be37-775e-495b-8327-e7fc1413959f,"8c92e1e8-cfaa-4202-8176-9375cee8a110,8225fee3-c612-491c-9813-bb50dc23b8d9",->,d45cede6-0c21-49a3-8643-c26d35a00a73,java/lang/Exception.java,toString
d45cede6-0c21-49a3-8643-c26d35a00a73,87b3be37-775e-495b-8327-e7fc1413959f,"8c92e1e8-cfaa-4202-8176-9375cee8a110,8225fee3-c612-491c-9813-bb50dc23b8d9",->,d45cede6-0c21-49a3-8643-c26d35a00a73,java/io/PrintStream.java,println
d45cede6-0c21-49a3-8643-c26d35a00a73,87b3be37-775e-495b-8327-e7fc1413959f,818ff3ae-d956-4d99-9ad1-69310814e215,->,d45cede6-0c21-49a3-8643-c26d35a00a73,87b3be37-775e-495b-8327-e7fc1413959f,e5ad5a7b-5891-4e6a-8ef1-44ba408192a8
d45cede6-0c21-49a3-8643-c26d35a00a73,87b3be37-775e-495b-8327-e7fc1413959f,818ff3ae-d956-4d99-9ad1-69310814e215,->,d45cede6-0c21-49a3-8643-c26d35a00a73,87b3be37-775e-495b-8327-e7fc1413959f,d213cb63-f905-4f51-913c-a0b5b2fdfce5
d45cede6-0c21-49a3-8643-c26d35a00a73,87b3be37-775e-495b-8327-e7fc1413959f,818ff3ae-d956-4d99-9ad1-69310814e215,->,d45cede6-0c21-49a3-8643-c26d35a00a73,java/util/ArrayList.java,size
d45cede6-0c21-49a3-8643-c26d35a00a73,87b3be37-775e-495b-8327-e7fc1413959f,818ff3ae-d956-4d99-9ad1-69310814e215,->,d45cede6-0c21-49a3-8643-c26d35a00a73,87b3be37-775e-495b-8327-e7fc1413959f,b6c8e26f-a667-4865-80de-5b609bb7ee3c
d45cede6-0c21-49a3-8643-c26d35a00a73,87b3be37-775e-495b-8327-e7fc1413959f,818ff3ae-d956-4d99-9ad1-69310814e215,->,d45cede6-0c21-49a3-8643-c26d35a00a73,87b3be37-775e-495b-8327-e7fc1413959f,07806c6d-e554-4326-b016-5affec0c7c81
d45cede6-0c21-49a3-8643-c26d35a00a73,87b3be37-775e-495b-8327-e7fc1413959f,818ff3ae-d956-4d99-9ad1-69310814e215,->,d45cede6-0c21-49a3-8643-c26d35a00a73,87b3be37-775e-495b-8327-e7fc1413959f,4442c8a3-5b19-4dde-8735-bcb68b355901
d45cede6-0c21-49a3-8643-c26d35a00a73,87b3be37-775e-495b-8327-e7fc1413959f,a7826826-e15c-427b-b804-0e510db1ebba,->,d45cede6-0c21-49a3-8643-c26d35a00a73,java/util/ArrayList.java,size
d45cede6-0c21-49a3-8643-c26d35a00a73,87b3be37-775e-495b-8327-e7fc1413959f,a7826826-e15c-427b-b804-0e510db1ebba,->,d45cede6-0c21-49a3-8643-c26d35a00a73,java/util/ArrayList.java,get
d45cede6-0c21-49a3-8643-c26d35a00a73,87b3be37-775e-495b-8327-e7fc1413959f,a7826826-e15c-427b-b804-0e510db1ebba,->,d45cede6-0c21-49a3-8643-c26d35a00a73,7971d8cd-36d8-4128-8924-5072f695ee76,4d863730-9ae4-4351-a8ca-44bb54ee259a
d45cede6-0c21-49a3-8643-c26d35a00a73,87b3be37-775e-495b-8327-e7fc1413959f,a7826826-e15c-427b-b804-0e510db1ebba,->,d45cede6-0c21-49a3-8643-c26d35a00a73,7971d8cd-36d8-4128-8924-5072f695ee76,4d863730-9ae4-4351-a8ca-44bb54ee259a
d45cede6-0c21-49a3-8643-c26d35a00a73,87b3be37-775e-495b-8327-e7fc1413959f,a7826826-e15c-427b-b804-0e510db1ebba,->,d45cede6-0c21-49a3-8643-c26d35a00a73,bab4eebc-dec3-48f0-ad61-d6b4fcf4cbfa,c1c4498e-4dfe-4873-8f23-f300d8f2ccac
d45cede6-0c21-49a3-8643-c26d35a00a73,87b3be37-775e-495b-8327-e7fc1413959f,a7826826-e15c-427b-b804-0e510db1ebba,->,d45cede6-0c21-49a3-8643-c26d35a00a73,java/util/ArrayList.java,addAll
d45cede6-0c21-49a3-8643-c26d35a00a73,87b3be37-775e-495b-8327-e7fc1413959f,a7826826-e15c-427b-b804-0e510db1ebba,->,d45cede6-0c21-49a3-8643-c26d35a00a73,6b90a6c5-1ca5-4cb8-acc3-398ab5feed53,b2dc1059-8068-4564-aa7e-5c3a9d026dbd
d45cede6-0c21-49a3-8643-c26d35a00a73,87b3be37-775e-495b-8327-e7fc1413959f,07806c6d-e554-4326-b016-5affec0c7c81,->,d45cede6-0c21-49a3-8643-c26d35a00a73,6b90a6c5-1ca5-4cb8-acc3-398ab5feed53,596a311c-3fec-45a2-965f-331351b6838f
d45cede6-0c21-49a3-8643-c26d35a00a73,87b3be37-775e-495b-8327-e7fc1413959f,07806c6d-e554-4326-b016-5affec0c7c81,->,d45cede6-0c21-49a3-8643-c26d35a00a73,6b90a6c5-1ca5-4cb8-acc3-398ab5feed53,"66016449-67ea-4546-a24a-bbff6d7543aa,4af7a0d2-321c-4489-9fe7-db70a64478b3"
d45cede6-0c21-49a3-8643-c26d35a00a73,87b3be37-775e-495b-8327-e7fc1413959f,07806c6d-e554-4326-b016-5affec0c7c81,->,d45cede6-0c21-49a3-8643-c26d35a00a73,6b90a6c5-1ca5-4cb8-acc3-398ab5feed53,062cf586-7dbd-41f7-bd3d-2868c3b7b16b
d45cede6-0c21-49a3-8643-c26d35a00a73,87b3be37-775e-495b-8327-e7fc1413959f,b6c8e26f-a667-4865-80de-5b609bb7ee3c,->,d45cede6-0c21-49a3-8643-c26d35a00a73,6b90a6c5-1ca5-4cb8-acc3-398ab5feed53,15632663-87ee-4e4d-afc5-909d04fef93f
d45cede6-0c21-49a3-8643-c26d35a00a73,87b3be37-775e-495b-8327-e7fc1413959f,b6c8e26f-a667-4865-80de-5b609bb7ee3c,->,d45cede6-0c21-49a3-8643-c26d35a00a73,6b90a6c5-1ca5-4cb8-acc3-398ab5feed53,08be9ef3-87c8-4d4f-a5d4-3d3abd78905b
d45cede6-0c21-49a3-8643-c26d35a00a73,87b3be37-775e-495b-8327-e7fc1413959f,b6c8e26f-a667-4865-80de-5b609bb7ee3c,->,d45cede6-0c21-49a3-8643-c26d35a00a73,87b3be37-775e-495b-8327-e7fc1413959f,fd47f112-a9a4-4892-9d2c-583de4531ae8
d45cede6-0c21-49a3-8643-c26d35a00a73,87b3be37-775e-495b-8327-e7fc1413959f,b6c8e26f-a667-4865-80de-5b609bb7ee3c,->,d45cede6-0c21-49a3-8643-c26d35a00a73,87b3be37-775e-495b-8327-e7fc1413959f,e23c3248-fdf1-4c3b-9af7-eb6408c96f70
d45cede6-0c21-49a3-8643-c26d35a00a73,87b3be37-775e-495b-8327-e7fc1413959f,4442c8a3-5b19-4dde-8735-bcb68b355901,->,d45cede6-0c21-49a3-8643-c26d35a00a73,java/util/ArrayList.java,size
d45cede6-0c21-49a3-8643-c26d35a00a73,87b3be37-775e-495b-8327-e7fc1413959f,4442c8a3-5b19-4dde-8735-bcb68b355901,->,d45cede6-0c21-49a3-8643-c26d35a00a73,java/util/ArrayList.java,get
d45cede6-0c21-49a3-8643-c26d35a00a73,87b3be37-775e-495b-8327-e7fc1413959f,4442c8a3-5b19-4dde-8735-bcb68b355901,->,d45cede6-0c21-49a3-8643-c26d35a00a73,bab4eebc-dec3-48f0-ad61-d6b4fcf4cbfa,c1c4498e-4dfe-4873-8f23-f300d8f2ccac
d45cede6-0c21-49a3-8643-c26d35a00a73,87b3be37-775e-495b-8327-e7fc1413959f,4442c8a3-5b19-4dde-8735-bcb68b355901,->,d45cede6-0c21-49a3-8643-c26d35a00a73,java/util/ArrayList.java,size
d45cede6-0c21-49a3-8643-c26d35a00a73,87b3be37-775e-495b-8327-e7fc1413959f,4442c8a3-5b19-4dde-8735-bcb68b355901,->,d45cede6-0c21-49a3-8643-c26d35a00a73,bab4eebc-dec3-48f0-ad61-d6b4fcf4cbfa,8e74316a-ba9c-4db0-9b4f-4ef6e50d28c4
d45cede6-0c21-49a3-8643-c26d35a00a73,87b3be37-775e-495b-8327-e7fc1413959f,4442c8a3-5b19-4dde-8735-bcb68b355901,->,d45cede6-0c21-49a3-8643-c26d35a00a73,java/util/ArrayList.java,contains
d45cede6-0c21-49a3-8643-c26d35a00a73,87b3be37-775e-495b-8327-e7fc1413959f,4442c8a3-5b19-4dde-8735-bcb68b355901,->,d45cede6-0c21-49a3-8643-c26d35a00a73,bab4eebc-dec3-48f0-ad61-d6b4fcf4cbfa,c1c4498e-4dfe-4873-8f23-f300d8f2ccac
d45cede6-0c21-49a3-8643-c26d35a00a73,87b3be37-775e-495b-8327-e7fc1413959f,4442c8a3-5b19-4dde-8735-bcb68b355901,->,d45cede6-0c21-49a3-8643-c26d35a00a73,6b90a6c5-1ca5-4cb8-acc3-398ab5feed53,b2dc1059-8068-4564-aa7e-5c3a9d026dbd
d45cede6-0c21-49a3-8643-c26d35a00a73,87b3be37-775e-495b-8327-e7fc1413959f,4442c8a3-5b19-4dde-8735-bcb68b355901,->,d45cede6-0c21-49a3-8643-c26d35a00a73,7971d8cd-36d8-4128-8924-5072f695ee76,f5cf9288-fe6c-4685-b350-a63df9bf6f39
d45cede6-0c21-49a3-8643-c26d35a00a73,87b3be37-775e-495b-8327-e7fc1413959f,4442c8a3-5b19-4dde-8735-bcb68b355901,->,d45cede6-0c21-49a3-8643-c26d35a00a73,7971d8cd-36d8-4128-8924-5072f695ee76,"f1599ce4-0aaf-4708-aefa-80836583598d,79af5fa9-5773-40f3-bd2b-2def3105c66b"
d45cede6-0c21-49a3-8643-c26d35a00a73,87b3be37-775e-495b-8327-e7fc1413959f,4442c8a3-5b19-4dde-8735-bcb68b355901,->,d45cede6-0c21-49a3-8643-c26d35a00a73,87b3be37-775e-495b-8327-e7fc1413959f,e3a910f9-3efd-4927-9817-68aa904248fe
d45cede6-0c21-49a3-8643-c26d35a00a73,87b3be37-775e-495b-8327-e7fc1413959f,e99161d5-e90e-423f-af5d-2f21a1c0b59c,->,d45cede6-0c21-49a3-8643-c26d35a00a73,java/util/ArrayList.java,size
d45cede6-0c21-49a3-8643-c26d35a00a73,87b3be37-775e-495b-8327-e7fc1413959f,e99161d5-e90e-423f-af5d-2f21a1c0b59c,->,d45cede6-0c21-49a3-8643-c26d35a00a73,java/util/ArrayList.java,size
d45cede6-0c21-49a3-8643-c26d35a00a73,87b3be37-775e-495b-8327-e7fc1413959f,e99161d5-e90e-423f-af5d-2f21a1c0b59c,->,d45cede6-0c21-49a3-8643-c26d35a00a73,java/util/ArrayList.java,get
d45cede6-0c21-49a3-8643-c26d35a00a73,87b3be37-775e-495b-8327-e7fc1413959f,e99161d5-e90e-423f-af5d-2f21a1c0b59c,->,d45cede6-0c21-49a3-8643-c26d35a00a73,java/lang/Integer.java,intValue
d45cede6-0c21-49a3-8643-c26d35a00a73,87b3be37-775e-495b-8327-e7fc1413959f,e99161d5-e90e-423f-af5d-2f21a1c0b59c,->,d45cede6-0c21-49a3-8643-c26d35a00a73,java/lang/Integer.java,valueOf
d45cede6-0c21-49a3-8643-c26d35a00a73,87b3be37-775e-495b-8327-e7fc1413959f,e99161d5-e90e-423f-af5d-2f21a1c0b59c,->,d45cede6-0c21-49a3-8643-c26d35a00a73,java/lang/Double.java,valueOf
d45cede6-0c21-49a3-8643-c26d35a00a73,87b3be37-775e-495b-8327-e7fc1413959f,e99161d5-e90e-423f-af5d-2f21a1c0b59c,->,d45cede6-0c21-49a3-8643-c26d35a00a73,java/util/HashMap.java,put
d45cede6-0c21-49a3-8643-c26d35a00a73,87b3be37-775e-495b-8327-e7fc1413959f,e99161d5-e90e-423f-af5d-2f21a1c0b59c,->,d45cede6-0c21-49a3-8643-c26d35a00a73,java/util/ArrayList.java,size
d45cede6-0c21-49a3-8643-c26d35a00a73,87b3be37-775e-495b-8327-e7fc1413959f,e99161d5-e90e-423f-af5d-2f21a1c0b59c,->,d45cede6-0c21-49a3-8643-c26d35a00a73,java/util/ArrayList.java,get
d45cede6-0c21-49a3-8643-c26d35a00a73,87b3be37-775e-495b-8327-e7fc1413959f,e99161d5-e90e-423f-af5d-2f21a1c0b59c,->,d45cede6-0c21-49a3-8643-c26d35a00a73,java/lang/Integer.java,intValue
d45cede6-0c21-49a3-8643-c26d35a00a73,87b3be37-775e-495b-8327-e7fc1413959f,e99161d5-e90e-423f-af5d-2f21a1c0b59c,->,d45cede6-0c21-49a3-8643-c26d35a00a73,java/lang/Integer.java,valueOf
d45cede6-0c21-49a3-8643-c26d35a00a73,87b3be37-775e-495b-8327-e7fc1413959f,e99161d5-e90e-423f-af5d-2f21a1c0b59c,->,d45cede6-0c21-49a3-8643-c26d35a00a73,java/util/HashMap.java,get
d45cede6-0c21-49a3-8643-c26d35a00a73,87b3be37-775e-495b-8327-e7fc1413959f,e99161d5-e90e-423f-af5d-2f21a1c0b59c,->,d45cede6-0c21-49a3-8643-c26d35a00a73,java/lang/Double.java,doubleValue
d45cede6-0c21-49a3-8643-c26d35a00a73,87b3be37-775e-495b-8327-e7fc1413959f,e99161d5-e90e-423f-af5d-2f21a1c0b59c,->,d45cede6-0c21-49a3-8643-c26d35a00a73,java/lang/Integer.java,valueOf
d45cede6-0c21-49a3-8643-c26d35a00a73,87b3be37-775e-495b-8327-e7fc1413959f,e99161d5-e90e-423f-af5d-2f21a1c0b59c,->,d45cede6-0c21-49a3-8643-c26d35a00a73,java/util/HashMap.java,remove
d45cede6-0c21-49a3-8643-c26d35a00a73,87b3be37-775e-495b-8327-e7fc1413959f,e99161d5-e90e-423f-af5d-2f21a1c0b59c,->,d45cede6-0c21-49a3-8643-c26d35a00a73,java/lang/Integer.java,valueOf
d45cede6-0c21-49a3-8643-c26d35a00a73,87b3be37-775e-495b-8327-e7fc1413959f,e99161d5-e90e-423f-af5d-2f21a1c0b59c,->,d45cede6-0c21-49a3-8643-c26d35a00a73,java/lang/Double.java,valueOf
d45cede6-0c21-49a3-8643-c26d35a00a73,87b3be37-775e-495b-8327-e7fc1413959f,e99161d5-e90e-423f-af5d-2f21a1c0b59c,->,d45cede6-0c21-49a3-8643-c26d35a00a73,java/util/HashMap.java,put
d45cede6-0c21-49a3-8643-c26d35a00a73,87b3be37-775e-495b-8327-e7fc1413959f,e99161d5-e90e-423f-af5d-2f21a1c0b59c,->,d45cede6-0c21-49a3-8643-c26d35a00a73,6b90a6c5-1ca5-4cb8-acc3-398ab5feed53,c3b29c9f-9186-4c90-81c7-2ce3f9e9cfe6
d45cede6-0c21-49a3-8643-c26d35a00a73,87b3be37-775e-495b-8327-e7fc1413959f,e23c3248-fdf1-4c3b-9af7-eb6408c96f70,->,d45cede6-0c21-49a3-8643-c26d35a00a73,6b90a6c5-1ca5-4cb8-acc3-398ab5feed53,5800d383-d4da-4d5b-a987-7d14a767ebf1
d45cede6-0c21-49a3-8643-c26d35a00a73,87b3be37-775e-495b-8327-e7fc1413959f,fd47f112-a9a4-4892-9d2c-583de4531ae8,->,d45cede6-0c21-49a3-8643-c26d35a00a73,6b90a6c5-1ca5-4cb8-acc3-398ab5feed53,b2dc1059-8068-4564-aa7e-5c3a9d026dbd
d45cede6-0c21-49a3-8643-c26d35a00a73,87b3be37-775e-495b-8327-e7fc1413959f,fd47f112-a9a4-4892-9d2c-583de4531ae8,->,d45cede6-0c21-49a3-8643-c26d35a00a73,bab4eebc-dec3-48f0-ad61-d6b4fcf4cbfa,8e74316a-ba9c-4db0-9b4f-4ef6e50d28c4
d45cede6-0c21-49a3-8643-c26d35a00a73,87b3be37-775e-495b-8327-e7fc1413959f,fd47f112-a9a4-4892-9d2c-583de4531ae8,->,d45cede6-0c21-49a3-8643-c26d35a00a73,java/util/ArrayList.java,containsAll
d45cede6-0c21-49a3-8643-c26d35a00a73,87b3be37-775e-495b-8327-e7fc1413959f,fd47f112-a9a4-4892-9d2c-583de4531ae8,->,d45cede6-0c21-49a3-8643-c26d35a00a73,6b90a6c5-1ca5-4cb8-acc3-398ab5feed53,ac1ed4fc-c461-4841-b86c-15566724e471
d45cede6-0c21-49a3-8643-c26d35a00a73,87b3be37-775e-495b-8327-e7fc1413959f,fd47f112-a9a4-4892-9d2c-583de4531ae8,->,d45cede6-0c21-49a3-8643-c26d35a00a73,java/util/ArrayList.java,contains
d45cede6-0c21-49a3-8643-c26d35a00a73,87b3be37-775e-495b-8327-e7fc1413959f,fd47f112-a9a4-4892-9d2c-583de4531ae8,->,d45cede6-0c21-49a3-8643-c26d35a00a73,7971d8cd-36d8-4128-8924-5072f695ee76,449ffeca-ad39-4785-b2fe-e9fd34f29a49
d45cede6-0c21-49a3-8643-c26d35a00a73,87b3be37-775e-495b-8327-e7fc1413959f,fd47f112-a9a4-4892-9d2c-583de4531ae8,->,d45cede6-0c21-49a3-8643-c26d35a00a73,java/util/ArrayList.java,add
d45cede6-0c21-49a3-8643-c26d35a00a73,87b3be37-775e-495b-8327-e7fc1413959f,fd47f112-a9a4-4892-9d2c-583de4531ae8,->,d45cede6-0c21-49a3-8643-c26d35a00a73,6b90a6c5-1ca5-4cb8-acc3-398ab5feed53,ac1ed4fc-c461-4841-b86c-15566724e471
d45cede6-0c21-49a3-8643-c26d35a00a73,87b3be37-775e-495b-8327-e7fc1413959f,d213cb63-f905-4f51-913c-a0b5b2fdfce5,->,d45cede6-0c21-49a3-8643-c26d35a00a73,bab4eebc-dec3-48f0-ad61-d6b4fcf4cbfa,78193042-40cb-4c4d-9e37-f338d00248f4
d45cede6-0c21-49a3-8643-c26d35a00a73,87b3be37-775e-495b-8327-e7fc1413959f,d213cb63-f905-4f51-913c-a0b5b2fdfce5,->,d45cede6-0c21-49a3-8643-c26d35a00a73,6b90a6c5-1ca5-4cb8-acc3-398ab5feed53,b2dc1059-8068-4564-aa7e-5c3a9d026dbd
d45cede6-0c21-49a3-8643-c26d35a00a73,87b3be37-775e-495b-8327-e7fc1413959f,d213cb63-f905-4f51-913c-a0b5b2fdfce5,->,d45cede6-0c21-49a3-8643-c26d35a00a73,bab4eebc-dec3-48f0-ad61-d6b4fcf4cbfa,1285994c-d653-42e4-986b-40de91b5a971
d45cede6-0c21-49a3-8643-c26d35a00a73,87b3be37-775e-495b-8327-e7fc1413959f,d213cb63-f905-4f51-913c-a0b5b2fdfce5,->,d45cede6-0c21-49a3-8643-c26d35a00a73,bab4eebc-dec3-48f0-ad61-d6b4fcf4cbfa,96e7b406-2681-4cdc-954c-ffc16e11d2a8
d45cede6-0c21-49a3-8643-c26d35a00a73,87b3be37-775e-495b-8327-e7fc1413959f,d213cb63-f905-4f51-913c-a0b5b2fdfce5,->,d45cede6-0c21-49a3-8643-c26d35a00a73,java/util/ArrayList.java,add
d45cede6-0c21-49a3-8643-c26d35a00a73,87b3be37-775e-495b-8327-e7fc1413959f,d213cb63-f905-4f51-913c-a0b5b2fdfce5,->,d45cede6-0c21-49a3-8643-c26d35a00a73,87b3be37-775e-495b-8327-e7fc1413959f,d213cb63-f905-4f51-913c-a0b5b2fdfce5
d45cede6-0c21-49a3-8643-c26d35a00a73,87b3be37-775e-495b-8327-e7fc1413959f,d213cb63-f905-4f51-913c-a0b5b2fdfce5,->,d45cede6-0c21-49a3-8643-c26d35a00a73,java/util/ArrayList.java,addAll
d45cede6-0c21-49a3-8643-c26d35a00a73,87b3be37-775e-495b-8327-e7fc1413959f,e5ad5a7b-5891-4e6a-8ef1-44ba408192a8,->,d45cede6-0c21-49a3-8643-c26d35a00a73,6b90a6c5-1ca5-4cb8-acc3-398ab5feed53,ac1ed4fc-c461-4841-b86c-15566724e471
d45cede6-0c21-49a3-8643-c26d35a00a73,87b3be37-775e-495b-8327-e7fc1413959f,e5ad5a7b-5891-4e6a-8ef1-44ba408192a8,->,d45cede6-0c21-49a3-8643-c26d35a00a73,java/util/ArrayList.java,size
d45cede6-0c21-49a3-8643-c26d35a00a73,87b3be37-775e-495b-8327-e7fc1413959f,e5ad5a7b-5891-4e6a-8ef1-44ba408192a8,->,d45cede6-0c21-49a3-8643-c26d35a00a73,7971d8cd-36d8-4128-8924-5072f695ee76,c37849c0-c571-4b59-acf6-d7496d5c8801
d45cede6-0c21-49a3-8643-c26d35a00a73,87b3be37-775e-495b-8327-e7fc1413959f,e5ad5a7b-5891-4e6a-8ef1-44ba408192a8,->,d45cede6-0c21-49a3-8643-c26d35a00a73,java/util/ArrayList.java,addAll
d45cede6-0c21-49a3-8643-c26d35a00a73,87b3be37-775e-495b-8327-e7fc1413959f,e5ad5a7b-5891-4e6a-8ef1-44ba408192a8,->,d45cede6-0c21-49a3-8643-c26d35a00a73,6b90a6c5-1ca5-4cb8-acc3-398ab5feed53,b2dc1059-8068-4564-aa7e-5c3a9d026dbd
d45cede6-0c21-49a3-8643-c26d35a00a73,87b3be37-775e-495b-8327-e7fc1413959f,93e3bd50-2836-4dac-82b5-b949f263dbac,->,d45cede6-0c21-49a3-8643-c26d35a00a73,java/util/ArrayList.java,size
d45cede6-0c21-49a3-8643-c26d35a00a73,87b3be37-775e-495b-8327-e7fc1413959f,93e3bd50-2836-4dac-82b5-b949f263dbac,->,d45cede6-0c21-49a3-8643-c26d35a00a73,9334b516-c0aa-4af8-808b-d0d000c5629c,ff541dc9-53c3-46ee-bf1b-eedb1a626ae9
d45cede6-0c21-49a3-8643-c26d35a00a73,87b3be37-775e-495b-8327-e7fc1413959f,93e3bd50-2836-4dac-82b5-b949f263dbac,->,d45cede6-0c21-49a3-8643-c26d35a00a73,java/util/ArrayList.java,add
d45cede6-0c21-49a3-8643-c26d35a00a73,87b3be37-775e-495b-8327-e7fc1413959f,93e3bd50-2836-4dac-82b5-b949f263dbac,->,d45cede6-0c21-49a3-8643-c26d35a00a73,9166116b-0811-4213-829c-4cef8b306f81,928ef7d2-efd6-4a04-8213-fd96a257ebc6
d45cede6-0c21-49a3-8643-c26d35a00a73,87b3be37-775e-495b-8327-e7fc1413959f,e3a910f9-3efd-4927-9817-68aa904248fe,->,d45cede6-0c21-49a3-8643-c26d35a00a73,java/util/ArrayList.java,remove
d45cede6-0c21-49a3-8643-c26d35a00a73,87b3be37-775e-495b-8327-e7fc1413959f,e3a910f9-3efd-4927-9817-68aa904248fe,->,d45cede6-0c21-49a3-8643-c26d35a00a73,6b90a6c5-1ca5-4cb8-acc3-398ab5feed53,c9697fa2-b393-424d-a163-b983f51c3720
d45cede6-0c21-49a3-8643-c26d35a00a73,87b3be37-775e-495b-8327-e7fc1413959f,e3a910f9-3efd-4927-9817-68aa904248fe,->,d45cede6-0c21-49a3-8643-c26d35a00a73,9166116b-0811-4213-829c-4cef8b306f81,9061a9a9-d4b8-4190-925a-0e12c20b12c7
d45cede6-0c21-49a3-8643-c26d35a00a73,87b3be37-775e-495b-8327-e7fc1413959f,e3a910f9-3efd-4927-9817-68aa904248fe,->,d45cede6-0c21-49a3-8643-c26d35a00a73,java/util/ArrayList.java,isEmpty
d45cede6-0c21-49a3-8643-c26d35a00a73,87b3be37-775e-495b-8327-e7fc1413959f,e3a910f9-3efd-4927-9817-68aa904248fe,->,d45cede6-0c21-49a3-8643-c26d35a00a73,handwrittengui/WaitListGUI.java,dispose
d45cede6-0c21-49a3-8643-c26d35a00a73,87b3be37-775e-495b-8327-e7fc1413959f,e3a910f9-3efd-4927-9817-68aa904248fe,->,d45cede6-0c21-49a3-8643-c26d35a00a73,87b3be37-775e-495b-8327-e7fc1413959f,e44396a9-2622-4b95-a4d0-0d69f4623c67
d45cede6-0c21-49a3-8643-c26d35a00a73,87b3be37-775e-495b-8327-e7fc1413959f,05534ac5-9289-4775-b77a-afe824b2641f,->,d45cede6-0c21-49a3-8643-c26d35a00a73,java/util/Timer.java,schedule
d45cede6-0c21-49a3-8643-c26d35a00a73,87b3be37-775e-495b-8327-e7fc1413959f,48b0c43e-d382-4cc6-9cd8-d2ea21d09f67,->,d45cede6-0c21-49a3-8643-c26d35a00a73,java/io/PrintStream.java,println
d45cede6-0c21-49a3-8643-c26d35a00a73,87b3be37-775e-495b-8327-e7fc1413959f,48b0c43e-d382-4cc6-9cd8-d2ea21d09f67,->,d45cede6-0c21-49a3-8643-c26d35a00a73,java/util/Timer.java,cancel
d45cede6-0c21-49a3-8643-c26d35a00a73,87b3be37-775e-495b-8327-e7fc1413959f,48b0c43e-d382-4cc6-9cd8-d2ea21d09f67,->,d45cede6-0c21-49a3-8643-c26d35a00a73,6b90a6c5-1ca5-4cb8-acc3-398ab5feed53,c9697fa2-b393-424d-a163-b983f51c3720
d45cede6-0c21-49a3-8643-c26d35a00a73,87b3be37-775e-495b-8327-e7fc1413959f,48b0c43e-d382-4cc6-9cd8-d2ea21d09f67,->,d45cede6-0c21-49a3-8643-c26d35a00a73,9334b516-c0aa-4af8-808b-d0d000c5629c,2444aede-d5fe-43b6-8860-4f2248382686
d45cede6-0c21-49a3-8643-c26d35a00a73,87b3be37-775e-495b-8327-e7fc1413959f,48b0c43e-d382-4cc6-9cd8-d2ea21d09f67,->,d45cede6-0c21-49a3-8643-c26d35a00a73,2c002aa6-9005-4bdd-8028-0d6d017d9e79,7adf856e-c9c4-4965-a1b4-af5d1dc3ea77
d45cede6-0c21-49a3-8643-c26d35a00a73,87b3be37-775e-495b-8327-e7fc1413959f,48b0c43e-d382-4cc6-9cd8-d2ea21d09f67,->,d45cede6-0c21-49a3-8643-c26d35a00a73,9166116b-0811-4213-829c-4cef8b306f81,9061a9a9-d4b8-4190-925a-0e12c20b12c7
d45cede6-0c21-49a3-8643-c26d35a00a73,87b3be37-775e-495b-8327-e7fc1413959f,48b0c43e-d382-4cc6-9cd8-d2ea21d09f67,->,d45cede6-0c21-49a3-8643-c26d35a00a73,87b3be37-775e-495b-8327-e7fc1413959f,05534ac5-9289-4775-b77a-afe824b2641f
d45cede6-0c21-49a3-8643-c26d35a00a73,87b3be37-775e-495b-8327-e7fc1413959f,e44396a9-2622-4b95-a4d0-0d69f4623c67,->,d45cede6-0c21-49a3-8643-c26d35a00a73,java/io/PrintStream.java,println
d45cede6-0c21-49a3-8643-c26d35a00a73,handwrittengui/WaitList.java,access$000,->,d45cede6-0c21-49a3-8643-c26d35a00a73,87b3be37-775e-495b-8327-e7fc1413959f,48b0c43e-d382-4cc6-9cd8-d2ea21d09f67
