caller_project_id,caller_class_id,caller_method_id,CALL_DIRECTION,callee_project_id,callee_class_id,callee_method_id
f1dc3983-5daf-40b6-8dea-a8e712cf73bb,dc153d7f-3534-4a67-8710-d7f60b14f568,472f63e7-c3c2-47c7-a89d-b8410df8fc92,->,f1dc3983-5daf-40b6-8dea-a8e712cf73bb,4d5d5404-a022-4f98-9bfb-75e7837433dc,cfe058b5-59f9-4bd2-85f2-07dd8ef7ca4b
f1dc3983-5daf-40b6-8dea-a8e712cf73bb,dc153d7f-3534-4a67-8710-d7f60b14f568,472f63e7-c3c2-47c7-a89d-b8410df8fc92,->,f1dc3983-5daf-40b6-8dea-a8e712cf73bb,4d5d5404-a022-4f98-9bfb-75e7837433dc,ab036b9d-aa4b-46f0-a485-9b2674240d25
f1dc3983-5daf-40b6-8dea-a8e712cf73bb,dc153d7f-3534-4a67-8710-d7f60b14f568,472f63e7-c3c2-47c7-a89d-b8410df8fc92,->,f1dc3983-5daf-40b6-8dea-a8e712cf73bb,java/sql/PreparedStatement.java,executeQuery
f1dc3983-5daf-40b6-8dea-a8e712cf73bb,dc153d7f-3534-4a67-8710-d7f60b14f568,472f63e7-c3c2-47c7-a89d-b8410df8fc92,->,f1dc3983-5daf-40b6-8dea-a8e712cf73bb,java/sql/ResultSet.java,next
f1dc3983-5daf-40b6-8dea-a8e712cf73bb,dc153d7f-3534-4a67-8710-d7f60b14f568,472f63e7-c3c2-47c7-a89d-b8410df8fc92,->,f1dc3983-5daf-40b6-8dea-a8e712cf73bb,java/sql/ResultSet.java,getInt
f1dc3983-5daf-40b6-8dea-a8e712cf73bb,dc153d7f-3534-4a67-8710-d7f60b14f568,472f63e7-c3c2-47c7-a89d-b8410df8fc92,->,f1dc3983-5daf-40b6-8dea-a8e712cf73bb,java/sql/ResultSet.java,getString
f1dc3983-5daf-40b6-8dea-a8e712cf73bb,dc153d7f-3534-4a67-8710-d7f60b14f568,472f63e7-c3c2-47c7-a89d-b8410df8fc92,->,f1dc3983-5daf-40b6-8dea-a8e712cf73bb,java/sql/ResultSet.java,getString
f1dc3983-5daf-40b6-8dea-a8e712cf73bb,dc153d7f-3534-4a67-8710-d7f60b14f568,472f63e7-c3c2-47c7-a89d-b8410df8fc92,->,f1dc3983-5daf-40b6-8dea-a8e712cf73bb,99d9e32d-3617-4d0f-9d2f-21ca6442d165,67b3882d-cf90-4793-a1cc-f9d09bfdd818
f1dc3983-5daf-40b6-8dea-a8e712cf73bb,dc153d7f-3534-4a67-8710-d7f60b14f568,472f63e7-c3c2-47c7-a89d-b8410df8fc92,->,f1dc3983-5daf-40b6-8dea-a8e712cf73bb,java/util/Set.java,add
f1dc3983-5daf-40b6-8dea-a8e712cf73bb,dc153d7f-3534-4a67-8710-d7f60b14f568,472f63e7-c3c2-47c7-a89d-b8410df8fc92,->,f1dc3983-5daf-40b6-8dea-a8e712cf73bb,java/util/Collection.java,add
f1dc3983-5daf-40b6-8dea-a8e712cf73bb,dc153d7f-3534-4a67-8710-d7f60b14f568,472f63e7-c3c2-47c7-a89d-b8410df8fc92,->,f1dc3983-5daf-40b6-8dea-a8e712cf73bb,java/sql/ResultSet.java,close
f1dc3983-5daf-40b6-8dea-a8e712cf73bb,dc153d7f-3534-4a67-8710-d7f60b14f568,472f63e7-c3c2-47c7-a89d-b8410df8fc92,->,f1dc3983-5daf-40b6-8dea-a8e712cf73bb,java/sql/PreparedStatement.java,close
f1dc3983-5daf-40b6-8dea-a8e712cf73bb,dc153d7f-3534-4a67-8710-d7f60b14f568,0dbccecc-42b6-43da-ab58-b4a1efe5ee28,->,f1dc3983-5daf-40b6-8dea-a8e712cf73bb,dc153d7f-3534-4a67-8710-d7f60b14f568,472f63e7-c3c2-47c7-a89d-b8410df8fc92
f1dc3983-5daf-40b6-8dea-a8e712cf73bb,dc153d7f-3534-4a67-8710-d7f60b14f568,0dbccecc-42b6-43da-ab58-b4a1efe5ee28,->,f1dc3983-5daf-40b6-8dea-a8e712cf73bb,java/sql/SQLException.java,printStackTrace
f1dc3983-5daf-40b6-8dea-a8e712cf73bb,dc153d7f-3534-4a67-8710-d7f60b14f568,3a6c38a3-7e7d-47ea-89b2-797e92682c30,->,f1dc3983-5daf-40b6-8dea-a8e712cf73bb,4d5d5404-a022-4f98-9bfb-75e7837433dc,cfe058b5-59f9-4bd2-85f2-07dd8ef7ca4b
f1dc3983-5daf-40b6-8dea-a8e712cf73bb,dc153d7f-3534-4a67-8710-d7f60b14f568,3a6c38a3-7e7d-47ea-89b2-797e92682c30,->,f1dc3983-5daf-40b6-8dea-a8e712cf73bb,4d5d5404-a022-4f98-9bfb-75e7837433dc,ab036b9d-aa4b-46f0-a485-9b2674240d25
f1dc3983-5daf-40b6-8dea-a8e712cf73bb,dc153d7f-3534-4a67-8710-d7f60b14f568,3a6c38a3-7e7d-47ea-89b2-797e92682c30,->,f1dc3983-5daf-40b6-8dea-a8e712cf73bb,java/sql/PreparedStatement.java,setInt
f1dc3983-5daf-40b6-8dea-a8e712cf73bb,dc153d7f-3534-4a67-8710-d7f60b14f568,3a6c38a3-7e7d-47ea-89b2-797e92682c30,->,f1dc3983-5daf-40b6-8dea-a8e712cf73bb,java/sql/PreparedStatement.java,executeQuery
f1dc3983-5daf-40b6-8dea-a8e712cf73bb,dc153d7f-3534-4a67-8710-d7f60b14f568,3a6c38a3-7e7d-47ea-89b2-797e92682c30,->,f1dc3983-5daf-40b6-8dea-a8e712cf73bb,java/sql/ResultSet.java,next
f1dc3983-5daf-40b6-8dea-a8e712cf73bb,dc153d7f-3534-4a67-8710-d7f60b14f568,3a6c38a3-7e7d-47ea-89b2-797e92682c30,->,f1dc3983-5daf-40b6-8dea-a8e712cf73bb,c7cdac10-3eac-4c66-8aa0-5fbbf6d253f5,714d54c7-fff0-443c-a5f4-4a0c59b7f36f
f1dc3983-5daf-40b6-8dea-a8e712cf73bb,dc153d7f-3534-4a67-8710-d7f60b14f568,3a6c38a3-7e7d-47ea-89b2-797e92682c30,->,f1dc3983-5daf-40b6-8dea-a8e712cf73bb,java/sql/ResultSet.java,getString
f1dc3983-5daf-40b6-8dea-a8e712cf73bb,dc153d7f-3534-4a67-8710-d7f60b14f568,3a6c38a3-7e7d-47ea-89b2-797e92682c30,->,f1dc3983-5daf-40b6-8dea-a8e712cf73bb,c7cdac10-3eac-4c66-8aa0-5fbbf6d253f5,458f856a-1f11-4200-8a32-e3ecc7c14340
f1dc3983-5daf-40b6-8dea-a8e712cf73bb,dc153d7f-3534-4a67-8710-d7f60b14f568,3a6c38a3-7e7d-47ea-89b2-797e92682c30,->,f1dc3983-5daf-40b6-8dea-a8e712cf73bb,java/util/Vector.java,add
f1dc3983-5daf-40b6-8dea-a8e712cf73bb,dc153d7f-3534-4a67-8710-d7f60b14f568,3a6c38a3-7e7d-47ea-89b2-797e92682c30,->,f1dc3983-5daf-40b6-8dea-a8e712cf73bb,java/sql/ResultSet.java,close
f1dc3983-5daf-40b6-8dea-a8e712cf73bb,dc153d7f-3534-4a67-8710-d7f60b14f568,"6b7e8dc4-5dc7-4a81-a1ce-b3984bcfab9c,4acde63b-de54-49d6-8a44-e21018882fc3",->,f1dc3983-5daf-40b6-8dea-a8e712cf73bb,4d5d5404-a022-4f98-9bfb-75e7837433dc,cfe058b5-59f9-4bd2-85f2-07dd8ef7ca4b
f1dc3983-5daf-40b6-8dea-a8e712cf73bb,dc153d7f-3534-4a67-8710-d7f60b14f568,"6b7e8dc4-5dc7-4a81-a1ce-b3984bcfab9c,4acde63b-de54-49d6-8a44-e21018882fc3",->,f1dc3983-5daf-40b6-8dea-a8e712cf73bb,4d5d5404-a022-4f98-9bfb-75e7837433dc,ab036b9d-aa4b-46f0-a485-9b2674240d25
f1dc3983-5daf-40b6-8dea-a8e712cf73bb,dc153d7f-3534-4a67-8710-d7f60b14f568,"6b7e8dc4-5dc7-4a81-a1ce-b3984bcfab9c,4acde63b-de54-49d6-8a44-e21018882fc3",->,f1dc3983-5daf-40b6-8dea-a8e712cf73bb,java/sql/PreparedStatement.java,setInt
f1dc3983-5daf-40b6-8dea-a8e712cf73bb,dc153d7f-3534-4a67-8710-d7f60b14f568,"6b7e8dc4-5dc7-4a81-a1ce-b3984bcfab9c,4acde63b-de54-49d6-8a44-e21018882fc3",->,f1dc3983-5daf-40b6-8dea-a8e712cf73bb,java/sql/PreparedStatement.java,executeQuery
f1dc3983-5daf-40b6-8dea-a8e712cf73bb,dc153d7f-3534-4a67-8710-d7f60b14f568,"6b7e8dc4-5dc7-4a81-a1ce-b3984bcfab9c,4acde63b-de54-49d6-8a44-e21018882fc3",->,f1dc3983-5daf-40b6-8dea-a8e712cf73bb,java/sql/ResultSet.java,next
f1dc3983-5daf-40b6-8dea-a8e712cf73bb,dc153d7f-3534-4a67-8710-d7f60b14f568,"6b7e8dc4-5dc7-4a81-a1ce-b3984bcfab9c,4acde63b-de54-49d6-8a44-e21018882fc3",->,f1dc3983-5daf-40b6-8dea-a8e712cf73bb,java/sql/ResultSet.java,getString
f1dc3983-5daf-40b6-8dea-a8e712cf73bb,dc153d7f-3534-4a67-8710-d7f60b14f568,"6b7e8dc4-5dc7-4a81-a1ce-b3984bcfab9c,4acde63b-de54-49d6-8a44-e21018882fc3",->,f1dc3983-5daf-40b6-8dea-a8e712cf73bb,java/sql/ResultSet.java,getString
f1dc3983-5daf-40b6-8dea-a8e712cf73bb,dc153d7f-3534-4a67-8710-d7f60b14f568,"6b7e8dc4-5dc7-4a81-a1ce-b3984bcfab9c,4acde63b-de54-49d6-8a44-e21018882fc3",->,f1dc3983-5daf-40b6-8dea-a8e712cf73bb,java/sql/ResultSet.java,close
f1dc3983-5daf-40b6-8dea-a8e712cf73bb,dc153d7f-3534-4a67-8710-d7f60b14f568,"6b7e8dc4-5dc7-4a81-a1ce-b3984bcfab9c,4acde63b-de54-49d6-8a44-e21018882fc3",->,f1dc3983-5daf-40b6-8dea-a8e712cf73bb,4d5d5404-a022-4f98-9bfb-75e7837433dc,cfe058b5-59f9-4bd2-85f2-07dd8ef7ca4b
f1dc3983-5daf-40b6-8dea-a8e712cf73bb,dc153d7f-3534-4a67-8710-d7f60b14f568,"6b7e8dc4-5dc7-4a81-a1ce-b3984bcfab9c,4acde63b-de54-49d6-8a44-e21018882fc3",->,f1dc3983-5daf-40b6-8dea-a8e712cf73bb,4d5d5404-a022-4f98-9bfb-75e7837433dc,ab036b9d-aa4b-46f0-a485-9b2674240d25
f1dc3983-5daf-40b6-8dea-a8e712cf73bb,dc153d7f-3534-4a67-8710-d7f60b14f568,"6b7e8dc4-5dc7-4a81-a1ce-b3984bcfab9c,4acde63b-de54-49d6-8a44-e21018882fc3",->,f1dc3983-5daf-40b6-8dea-a8e712cf73bb,java/sql/PreparedStatement.java,setString
f1dc3983-5daf-40b6-8dea-a8e712cf73bb,dc153d7f-3534-4a67-8710-d7f60b14f568,"6b7e8dc4-5dc7-4a81-a1ce-b3984bcfab9c,4acde63b-de54-49d6-8a44-e21018882fc3",->,f1dc3983-5daf-40b6-8dea-a8e712cf73bb,java/sql/PreparedStatement.java,executeQuery
f1dc3983-5daf-40b6-8dea-a8e712cf73bb,dc153d7f-3534-4a67-8710-d7f60b14f568,"6b7e8dc4-5dc7-4a81-a1ce-b3984bcfab9c,4acde63b-de54-49d6-8a44-e21018882fc3",->,f1dc3983-5daf-40b6-8dea-a8e712cf73bb,java/sql/ResultSet.java,next
f1dc3983-5daf-40b6-8dea-a8e712cf73bb,dc153d7f-3534-4a67-8710-d7f60b14f568,"6b7e8dc4-5dc7-4a81-a1ce-b3984bcfab9c,4acde63b-de54-49d6-8a44-e21018882fc3",->,f1dc3983-5daf-40b6-8dea-a8e712cf73bb,java/sql/ResultSet.java,getInt
f1dc3983-5daf-40b6-8dea-a8e712cf73bb,dc153d7f-3534-4a67-8710-d7f60b14f568,"6b7e8dc4-5dc7-4a81-a1ce-b3984bcfab9c,4acde63b-de54-49d6-8a44-e21018882fc3",->,f1dc3983-5daf-40b6-8dea-a8e712cf73bb,java/sql/ResultSet.java,getString
f1dc3983-5daf-40b6-8dea-a8e712cf73bb,dc153d7f-3534-4a67-8710-d7f60b14f568,"6b7e8dc4-5dc7-4a81-a1ce-b3984bcfab9c,4acde63b-de54-49d6-8a44-e21018882fc3",->,f1dc3983-5daf-40b6-8dea-a8e712cf73bb,java/sql/ResultSet.java,close
f1dc3983-5daf-40b6-8dea-a8e712cf73bb,dc153d7f-3534-4a67-8710-d7f60b14f568,9847bccf-b243-4823-be02-22096d33748e,->,f1dc3983-5daf-40b6-8dea-a8e712cf73bb,java/util/Collection.java,size
f1dc3983-5daf-40b6-8dea-a8e712cf73bb,dc153d7f-3534-4a67-8710-d7f60b14f568,9847bccf-b243-4823-be02-22096d33748e,->,f1dc3983-5daf-40b6-8dea-a8e712cf73bb,dc153d7f-3534-4a67-8710-d7f60b14f568,472f63e7-c3c2-47c7-a89d-b8410df8fc92
f1dc3983-5daf-40b6-8dea-a8e712cf73bb,dc153d7f-3534-4a67-8710-d7f60b14f568,9847bccf-b243-4823-be02-22096d33748e,->,f1dc3983-5daf-40b6-8dea-a8e712cf73bb,java/sql/SQLException.java,printStackTrace
f1dc3983-5daf-40b6-8dea-a8e712cf73bb,dc153d7f-3534-4a67-8710-d7f60b14f568,2469b60d-11ab-4fe5-8dff-f402b1ffe0fe,->,f1dc3983-5daf-40b6-8dea-a8e712cf73bb,4d5d5404-a022-4f98-9bfb-75e7837433dc,cfe058b5-59f9-4bd2-85f2-07dd8ef7ca4b
f1dc3983-5daf-40b6-8dea-a8e712cf73bb,dc153d7f-3534-4a67-8710-d7f60b14f568,2469b60d-11ab-4fe5-8dff-f402b1ffe0fe,->,f1dc3983-5daf-40b6-8dea-a8e712cf73bb,4d5d5404-a022-4f98-9bfb-75e7837433dc,ab036b9d-aa4b-46f0-a485-9b2674240d25
f1dc3983-5daf-40b6-8dea-a8e712cf73bb,dc153d7f-3534-4a67-8710-d7f60b14f568,2469b60d-11ab-4fe5-8dff-f402b1ffe0fe,->,f1dc3983-5daf-40b6-8dea-a8e712cf73bb,99d9e32d-3617-4d0f-9d2f-21ca6442d165,0b399953-e9aa-48cd-9781-c3f4a9498364
f1dc3983-5daf-40b6-8dea-a8e712cf73bb,dc153d7f-3534-4a67-8710-d7f60b14f568,2469b60d-11ab-4fe5-8dff-f402b1ffe0fe,->,f1dc3983-5daf-40b6-8dea-a8e712cf73bb,java/sql/PreparedStatement.java,setString
f1dc3983-5daf-40b6-8dea-a8e712cf73bb,dc153d7f-3534-4a67-8710-d7f60b14f568,2469b60d-11ab-4fe5-8dff-f402b1ffe0fe,->,f1dc3983-5daf-40b6-8dea-a8e712cf73bb,java/sql/PreparedStatement.java,executeQuery
f1dc3983-5daf-40b6-8dea-a8e712cf73bb,dc153d7f-3534-4a67-8710-d7f60b14f568,2469b60d-11ab-4fe5-8dff-f402b1ffe0fe,->,f1dc3983-5daf-40b6-8dea-a8e712cf73bb,java/sql/ResultSet.java,next
f1dc3983-5daf-40b6-8dea-a8e712cf73bb,dc153d7f-3534-4a67-8710-d7f60b14f568,2469b60d-11ab-4fe5-8dff-f402b1ffe0fe,->,f1dc3983-5daf-40b6-8dea-a8e712cf73bb,4d5d5404-a022-4f98-9bfb-75e7837433dc,cfe058b5-59f9-4bd2-85f2-07dd8ef7ca4b
f1dc3983-5daf-40b6-8dea-a8e712cf73bb,dc153d7f-3534-4a67-8710-d7f60b14f568,2469b60d-11ab-4fe5-8dff-f402b1ffe0fe,->,f1dc3983-5daf-40b6-8dea-a8e712cf73bb,4d5d5404-a022-4f98-9bfb-75e7837433dc,ab036b9d-aa4b-46f0-a485-9b2674240d25
f1dc3983-5daf-40b6-8dea-a8e712cf73bb,dc153d7f-3534-4a67-8710-d7f60b14f568,2469b60d-11ab-4fe5-8dff-f402b1ffe0fe,->,f1dc3983-5daf-40b6-8dea-a8e712cf73bb,99d9e32d-3617-4d0f-9d2f-21ca6442d165,0b399953-e9aa-48cd-9781-c3f4a9498364
f1dc3983-5daf-40b6-8dea-a8e712cf73bb,dc153d7f-3534-4a67-8710-d7f60b14f568,2469b60d-11ab-4fe5-8dff-f402b1ffe0fe,->,f1dc3983-5daf-40b6-8dea-a8e712cf73bb,java/sql/PreparedStatement.java,setString
f1dc3983-5daf-40b6-8dea-a8e712cf73bb,dc153d7f-3534-4a67-8710-d7f60b14f568,2469b60d-11ab-4fe5-8dff-f402b1ffe0fe,->,f1dc3983-5daf-40b6-8dea-a8e712cf73bb,99d9e32d-3617-4d0f-9d2f-21ca6442d165,67b3882d-cf90-4793-a1cc-f9d09bfdd818
f1dc3983-5daf-40b6-8dea-a8e712cf73bb,dc153d7f-3534-4a67-8710-d7f60b14f568,2469b60d-11ab-4fe5-8dff-f402b1ffe0fe,->,f1dc3983-5daf-40b6-8dea-a8e712cf73bb,java/sql/PreparedStatement.java,setString
f1dc3983-5daf-40b6-8dea-a8e712cf73bb,dc153d7f-3534-4a67-8710-d7f60b14f568,2469b60d-11ab-4fe5-8dff-f402b1ffe0fe,->,f1dc3983-5daf-40b6-8dea-a8e712cf73bb,java/sql/PreparedStatement.java,execute
f1dc3983-5daf-40b6-8dea-a8e712cf73bb,dc153d7f-3534-4a67-8710-d7f60b14f568,2469b60d-11ab-4fe5-8dff-f402b1ffe0fe,->,f1dc3983-5daf-40b6-8dea-a8e712cf73bb,99d9e32d-3617-4d0f-9d2f-21ca6442d165,0b399953-e9aa-48cd-9781-c3f4a9498364
f1dc3983-5daf-40b6-8dea-a8e712cf73bb,dc153d7f-3534-4a67-8710-d7f60b14f568,2469b60d-11ab-4fe5-8dff-f402b1ffe0fe,->,f1dc3983-5daf-40b6-8dea-a8e712cf73bb,java/sql/PreparedStatement.java,setString
f1dc3983-5daf-40b6-8dea-a8e712cf73bb,dc153d7f-3534-4a67-8710-d7f60b14f568,2469b60d-11ab-4fe5-8dff-f402b1ffe0fe,->,f1dc3983-5daf-40b6-8dea-a8e712cf73bb,java/sql/PreparedStatement.java,executeQuery
f1dc3983-5daf-40b6-8dea-a8e712cf73bb,dc153d7f-3534-4a67-8710-d7f60b14f568,2469b60d-11ab-4fe5-8dff-f402b1ffe0fe,->,f1dc3983-5daf-40b6-8dea-a8e712cf73bb,java/sql/ResultSet.java,next
f1dc3983-5daf-40b6-8dea-a8e712cf73bb,dc153d7f-3534-4a67-8710-d7f60b14f568,2469b60d-11ab-4fe5-8dff-f402b1ffe0fe,->,f1dc3983-5daf-40b6-8dea-a8e712cf73bb,java/sql/ResultSet.java,getInt
f1dc3983-5daf-40b6-8dea-a8e712cf73bb,dc153d7f-3534-4a67-8710-d7f60b14f568,2469b60d-11ab-4fe5-8dff-f402b1ffe0fe,->,f1dc3983-5daf-40b6-8dea-a8e712cf73bb,java/sql/ResultSet.java,close
f1dc3983-5daf-40b6-8dea-a8e712cf73bb,99d9e32d-3617-4d0f-9d2f-21ca6442d165,33440f3f-8969-4f0f-9886-028efc8f8df8,->,f1dc3983-5daf-40b6-8dea-a8e712cf73bb,java/lang/String.java,compareTo
f1dc3983-5daf-40b6-8dea-a8e712cf73bb,99d9e32d-3617-4d0f-9d2f-21ca6442d165,97132b05-59e4-4e1f-86af-11efe5bcf4a6,->,f1dc3983-5daf-40b6-8dea-a8e712cf73bb,99d9e32d-3617-4d0f-9d2f-21ca6442d165,33440f3f-8969-4f0f-9886-028efc8f8df8
f1dc3983-5daf-40b6-8dea-a8e712cf73bb,99d9e32d-3617-4d0f-9d2f-21ca6442d165,d16825b0-f8c2-4571-b756-68eaaf515432,->,f1dc3983-5daf-40b6-8dea-a8e712cf73bb,java/lang/StringBuilder.java,append
f1dc3983-5daf-40b6-8dea-a8e712cf73bb,99d9e32d-3617-4d0f-9d2f-21ca6442d165,d16825b0-f8c2-4571-b756-68eaaf515432,->,f1dc3983-5daf-40b6-8dea-a8e712cf73bb,java/lang/StringBuilder.java,append
f1dc3983-5daf-40b6-8dea-a8e712cf73bb,99d9e32d-3617-4d0f-9d2f-21ca6442d165,d16825b0-f8c2-4571-b756-68eaaf515432,->,f1dc3983-5daf-40b6-8dea-a8e712cf73bb,java/lang/StringBuilder.java,append
f1dc3983-5daf-40b6-8dea-a8e712cf73bb,99d9e32d-3617-4d0f-9d2f-21ca6442d165,d16825b0-f8c2-4571-b756-68eaaf515432,->,f1dc3983-5daf-40b6-8dea-a8e712cf73bb,java/lang/StringBuilder.java,append
f1dc3983-5daf-40b6-8dea-a8e712cf73bb,99d9e32d-3617-4d0f-9d2f-21ca6442d165,d16825b0-f8c2-4571-b756-68eaaf515432,->,f1dc3983-5daf-40b6-8dea-a8e712cf73bb,java/lang/StringBuilder.java,toString
f1dc3983-5daf-40b6-8dea-a8e712cf73bb,99d9e32d-3617-4d0f-9d2f-21ca6442d165,402e1355-7950-48c3-89f3-60b375fde875,->,f1dc3983-5daf-40b6-8dea-a8e712cf73bb,java/lang/String.java,hashCode
f1dc3983-5daf-40b6-8dea-a8e712cf73bb,99d9e32d-3617-4d0f-9d2f-21ca6442d165,ee08fea1-0833-4408-b826-781c149a250d,->,f1dc3983-5daf-40b6-8dea-a8e712cf73bb,dc153d7f-3534-4a67-8710-d7f60b14f568,dc5bac52-4aa7-4294-b9b9-a13a2f4a1d58
f1dc3983-5daf-40b6-8dea-a8e712cf73bb,99d9e32d-3617-4d0f-9d2f-21ca6442d165,ee08fea1-0833-4408-b826-781c149a250d,->,f1dc3983-5daf-40b6-8dea-a8e712cf73bb,dc153d7f-3534-4a67-8710-d7f60b14f568,2469b60d-11ab-4fe5-8dff-f402b1ffe0fe
f1dc3983-5daf-40b6-8dea-a8e712cf73bb,99d9e32d-3617-4d0f-9d2f-21ca6442d165,33440f3f-8969-4f0f-9886-028efc8f8df8,->,f1dc3983-5daf-40b6-8dea-a8e712cf73bb,99d9e32d-3617-4d0f-9d2f-21ca6442d165,33440f3f-8969-4f0f-9886-028efc8f8df8
f1dc3983-5daf-40b6-8dea-a8e712cf73bb,03baa09b-7430-4bd4-ad7b-20052eded064,185958af-428f-4667-b043-6fb5200e2983,->,f1dc3983-5daf-40b6-8dea-a8e712cf73bb,5dc8f63a-d8df-47a6-9231-b039f5da5158,87a07274-d969-4211-af88-81fad419957e
f1dc3983-5daf-40b6-8dea-a8e712cf73bb,03baa09b-7430-4bd4-ad7b-20052eded064,185958af-428f-4667-b043-6fb5200e2983,->,f1dc3983-5daf-40b6-8dea-a8e712cf73bb,46ea8bdb-6073-4428-9248-da3e9e211ea4,b10cd8c8-1102-44e0-8f60-d2114b8ce88a
f1dc3983-5daf-40b6-8dea-a8e712cf73bb,03baa09b-7430-4bd4-ad7b-20052eded064,185958af-428f-4667-b043-6fb5200e2983,->,f1dc3983-5daf-40b6-8dea-a8e712cf73bb,java/util/Collection.java,iterator
f1dc3983-5daf-40b6-8dea-a8e712cf73bb,03baa09b-7430-4bd4-ad7b-20052eded064,185958af-428f-4667-b043-6fb5200e2983,->,f1dc3983-5daf-40b6-8dea-a8e712cf73bb,java/util/Iterator.java,next
f1dc3983-5daf-40b6-8dea-a8e712cf73bb,03baa09b-7430-4bd4-ad7b-20052eded064,185958af-428f-4667-b043-6fb5200e2983,->,f1dc3983-5daf-40b6-8dea-a8e712cf73bb,2e5ebc02-f3d0-423a-95be-92767c90aca1,c33819c1-970e-4001-9634-4d1e11984a63
f1dc3983-5daf-40b6-8dea-a8e712cf73bb,03baa09b-7430-4bd4-ad7b-20052eded064,185958af-428f-4667-b043-6fb5200e2983,->,f1dc3983-5daf-40b6-8dea-a8e712cf73bb,46ea8bdb-6073-4428-9248-da3e9e211ea4,2305fe18-f79f-44ba-aad5-b96ad1020e1e
f1dc3983-5daf-40b6-8dea-a8e712cf73bb,03baa09b-7430-4bd4-ad7b-20052eded064,185958af-428f-4667-b043-6fb5200e2983,->,f1dc3983-5daf-40b6-8dea-a8e712cf73bb,java/lang/Exception.java,printStackTrace
f1dc3983-5daf-40b6-8dea-a8e712cf73bb,03baa09b-7430-4bd4-ad7b-20052eded064,46267cbc-0fca-4e3d-b236-c7b93381e7fb,->,f1dc3983-5daf-40b6-8dea-a8e712cf73bb,5dc8f63a-d8df-47a6-9231-b039f5da5158,87a07274-d969-4211-af88-81fad419957e
f1dc3983-5daf-40b6-8dea-a8e712cf73bb,03baa09b-7430-4bd4-ad7b-20052eded064,46267cbc-0fca-4e3d-b236-c7b93381e7fb,->,f1dc3983-5daf-40b6-8dea-a8e712cf73bb,46ea8bdb-6073-4428-9248-da3e9e211ea4,b10cd8c8-1102-44e0-8f60-d2114b8ce88a
f1dc3983-5daf-40b6-8dea-a8e712cf73bb,03baa09b-7430-4bd4-ad7b-20052eded064,46267cbc-0fca-4e3d-b236-c7b93381e7fb,->,f1dc3983-5daf-40b6-8dea-a8e712cf73bb,java/util/Collection.java,iterator
f1dc3983-5daf-40b6-8dea-a8e712cf73bb,03baa09b-7430-4bd4-ad7b-20052eded064,46267cbc-0fca-4e3d-b236-c7b93381e7fb,->,f1dc3983-5daf-40b6-8dea-a8e712cf73bb,java/util/Iterator.java,next
f1dc3983-5daf-40b6-8dea-a8e712cf73bb,03baa09b-7430-4bd4-ad7b-20052eded064,46267cbc-0fca-4e3d-b236-c7b93381e7fb,->,f1dc3983-5daf-40b6-8dea-a8e712cf73bb,2e5ebc02-f3d0-423a-95be-92767c90aca1,c33819c1-970e-4001-9634-4d1e11984a63
f1dc3983-5daf-40b6-8dea-a8e712cf73bb,03baa09b-7430-4bd4-ad7b-20052eded064,46267cbc-0fca-4e3d-b236-c7b93381e7fb,->,f1dc3983-5daf-40b6-8dea-a8e712cf73bb,java/lang/Exception.java,printStackTrace
f1dc3983-5daf-40b6-8dea-a8e712cf73bb,03baa09b-7430-4bd4-ad7b-20052eded064,23379ee7-78d7-43f3-a560-db5430a52c9b,->,f1dc3983-5daf-40b6-8dea-a8e712cf73bb,5dc8f63a-d8df-47a6-9231-b039f5da5158,87a07274-d969-4211-af88-81fad419957e
f1dc3983-5daf-40b6-8dea-a8e712cf73bb,03baa09b-7430-4bd4-ad7b-20052eded064,23379ee7-78d7-43f3-a560-db5430a52c9b,->,f1dc3983-5daf-40b6-8dea-a8e712cf73bb,46ea8bdb-6073-4428-9248-da3e9e211ea4,571af7d4-b576-4b58-ba45-81c089ddefd0
f1dc3983-5daf-40b6-8dea-a8e712cf73bb,03baa09b-7430-4bd4-ad7b-20052eded064,23379ee7-78d7-43f3-a560-db5430a52c9b,->,f1dc3983-5daf-40b6-8dea-a8e712cf73bb,java/util/Collection.java,size
f1dc3983-5daf-40b6-8dea-a8e712cf73bb,03baa09b-7430-4bd4-ad7b-20052eded064,23379ee7-78d7-43f3-a560-db5430a52c9b,->,f1dc3983-5daf-40b6-8dea-a8e712cf73bb,46ea8bdb-6073-4428-9248-da3e9e211ea4,571af7d4-b576-4b58-ba45-81c089ddefd0
f1dc3983-5daf-40b6-8dea-a8e712cf73bb,03baa09b-7430-4bd4-ad7b-20052eded064,23379ee7-78d7-43f3-a560-db5430a52c9b,->,f1dc3983-5daf-40b6-8dea-a8e712cf73bb,java/util/Collection.java,iterator
f1dc3983-5daf-40b6-8dea-a8e712cf73bb,03baa09b-7430-4bd4-ad7b-20052eded064,23379ee7-78d7-43f3-a560-db5430a52c9b,->,f1dc3983-5daf-40b6-8dea-a8e712cf73bb,java/util/Iterator.java,next
f1dc3983-5daf-40b6-8dea-a8e712cf73bb,03baa09b-7430-4bd4-ad7b-20052eded064,23379ee7-78d7-43f3-a560-db5430a52c9b,->,f1dc3983-5daf-40b6-8dea-a8e712cf73bb,69ac7b64-9248-4ac5-b8f4-75048ed8f843,b4225403-99f5-4d50-9fe3-ef193b1e6028
f1dc3983-5daf-40b6-8dea-a8e712cf73bb,03baa09b-7430-4bd4-ad7b-20052eded064,23379ee7-78d7-43f3-a560-db5430a52c9b,->,f1dc3983-5daf-40b6-8dea-a8e712cf73bb,java/lang/String.java,equals
f1dc3983-5daf-40b6-8dea-a8e712cf73bb,03baa09b-7430-4bd4-ad7b-20052eded064,23379ee7-78d7-43f3-a560-db5430a52c9b,->,f1dc3983-5daf-40b6-8dea-a8e712cf73bb,java/lang/Exception.java,printStackTrace
f1dc3983-5daf-40b6-8dea-a8e712cf73bb,03baa09b-7430-4bd4-ad7b-20052eded064,1af5bfdc-d73f-4f69-ae87-7af76a5501cb,->,f1dc3983-5daf-40b6-8dea-a8e712cf73bb,5dc8f63a-d8df-47a6-9231-b039f5da5158,87a07274-d969-4211-af88-81fad419957e
f1dc3983-5daf-40b6-8dea-a8e712cf73bb,03baa09b-7430-4bd4-ad7b-20052eded064,1af5bfdc-d73f-4f69-ae87-7af76a5501cb,->,f1dc3983-5daf-40b6-8dea-a8e712cf73bb,46ea8bdb-6073-4428-9248-da3e9e211ea4,519f1dae-8bb0-46e3-b81f-94dd5784623f
f1dc3983-5daf-40b6-8dea-a8e712cf73bb,03baa09b-7430-4bd4-ad7b-20052eded064,1af5bfdc-d73f-4f69-ae87-7af76a5501cb,->,f1dc3983-5daf-40b6-8dea-a8e712cf73bb,2e5ebc02-f3d0-423a-95be-92767c90aca1,9bccf370-b2e7-4f17-886e-44b2aba8e789
f1dc3983-5daf-40b6-8dea-a8e712cf73bb,03baa09b-7430-4bd4-ad7b-20052eded064,1af5bfdc-d73f-4f69-ae87-7af76a5501cb,->,f1dc3983-5daf-40b6-8dea-a8e712cf73bb,java/util/Collection.java,size
f1dc3983-5daf-40b6-8dea-a8e712cf73bb,03baa09b-7430-4bd4-ad7b-20052eded064,1af5bfdc-d73f-4f69-ae87-7af76a5501cb,->,f1dc3983-5daf-40b6-8dea-a8e712cf73bb,java/util/Collection.java,iterator
f1dc3983-5daf-40b6-8dea-a8e712cf73bb,03baa09b-7430-4bd4-ad7b-20052eded064,1af5bfdc-d73f-4f69-ae87-7af76a5501cb,->,f1dc3983-5daf-40b6-8dea-a8e712cf73bb,java/util/Iterator.java,hasNext
f1dc3983-5daf-40b6-8dea-a8e712cf73bb,03baa09b-7430-4bd4-ad7b-20052eded064,1af5bfdc-d73f-4f69-ae87-7af76a5501cb,->,f1dc3983-5daf-40b6-8dea-a8e712cf73bb,java/util/Iterator.java,next
f1dc3983-5daf-40b6-8dea-a8e712cf73bb,03baa09b-7430-4bd4-ad7b-20052eded064,1af5bfdc-d73f-4f69-ae87-7af76a5501cb,->,f1dc3983-5daf-40b6-8dea-a8e712cf73bb,edfb3cf2-a62e-4314-ac6a-8a6bad7c286e,2b55fe8a-801f-4dae-b880-b40a3e787ff7
f1dc3983-5daf-40b6-8dea-a8e712cf73bb,03baa09b-7430-4bd4-ad7b-20052eded064,1af5bfdc-d73f-4f69-ae87-7af76a5501cb,->,f1dc3983-5daf-40b6-8dea-a8e712cf73bb,java/lang/String.java,equals
f1dc3983-5daf-40b6-8dea-a8e712cf73bb,03baa09b-7430-4bd4-ad7b-20052eded064,1af5bfdc-d73f-4f69-ae87-7af76a5501cb,->,f1dc3983-5daf-40b6-8dea-a8e712cf73bb,edfb3cf2-a62e-4314-ac6a-8a6bad7c286e,2b55fe8a-801f-4dae-b880-b40a3e787ff7
f1dc3983-5daf-40b6-8dea-a8e712cf73bb,03baa09b-7430-4bd4-ad7b-20052eded064,1af5bfdc-d73f-4f69-ae87-7af76a5501cb,->,f1dc3983-5daf-40b6-8dea-a8e712cf73bb,java/lang/String.java,equals
f1dc3983-5daf-40b6-8dea-a8e712cf73bb,03baa09b-7430-4bd4-ad7b-20052eded064,1af5bfdc-d73f-4f69-ae87-7af76a5501cb,->,f1dc3983-5daf-40b6-8dea-a8e712cf73bb,java/lang/Exception.java,printStackTrace
f1dc3983-5daf-40b6-8dea-a8e712cf73bb,03baa09b-7430-4bd4-ad7b-20052eded064,c79d5479-d619-4d8e-b104-442a29e60084,->,f1dc3983-5daf-40b6-8dea-a8e712cf73bb,5dc8f63a-d8df-47a6-9231-b039f5da5158,87a07274-d969-4211-af88-81fad419957e
f1dc3983-5daf-40b6-8dea-a8e712cf73bb,03baa09b-7430-4bd4-ad7b-20052eded064,c79d5479-d619-4d8e-b104-442a29e60084,->,f1dc3983-5daf-40b6-8dea-a8e712cf73bb,46ea8bdb-6073-4428-9248-da3e9e211ea4,b10cd8c8-1102-44e0-8f60-d2114b8ce88a
f1dc3983-5daf-40b6-8dea-a8e712cf73bb,03baa09b-7430-4bd4-ad7b-20052eded064,c79d5479-d619-4d8e-b104-442a29e60084,->,f1dc3983-5daf-40b6-8dea-a8e712cf73bb,java/util/Collection.java,size
f1dc3983-5daf-40b6-8dea-a8e712cf73bb,03baa09b-7430-4bd4-ad7b-20052eded064,c79d5479-d619-4d8e-b104-442a29e60084,->,f1dc3983-5daf-40b6-8dea-a8e712cf73bb,java/lang/StringBuilder.java,append
f1dc3983-5daf-40b6-8dea-a8e712cf73bb,03baa09b-7430-4bd4-ad7b-20052eded064,c79d5479-d619-4d8e-b104-442a29e60084,->,f1dc3983-5daf-40b6-8dea-a8e712cf73bb,46ea8bdb-6073-4428-9248-da3e9e211ea4,1ab375eb-6d78-474f-a77e-537456340dba
f1dc3983-5daf-40b6-8dea-a8e712cf73bb,03baa09b-7430-4bd4-ad7b-20052eded064,c79d5479-d619-4d8e-b104-442a29e60084,->,f1dc3983-5daf-40b6-8dea-a8e712cf73bb,java/lang/StringBuilder.java,append
f1dc3983-5daf-40b6-8dea-a8e712cf73bb,03baa09b-7430-4bd4-ad7b-20052eded064,c79d5479-d619-4d8e-b104-442a29e60084,->,f1dc3983-5daf-40b6-8dea-a8e712cf73bb,java/lang/StringBuilder.java,toString
f1dc3983-5daf-40b6-8dea-a8e712cf73bb,03baa09b-7430-4bd4-ad7b-20052eded064,c79d5479-d619-4d8e-b104-442a29e60084,->,f1dc3983-5daf-40b6-8dea-a8e712cf73bb,java/io/PrintStream.java,println
f1dc3983-5daf-40b6-8dea-a8e712cf73bb,03baa09b-7430-4bd4-ad7b-20052eded064,c79d5479-d619-4d8e-b104-442a29e60084,->,f1dc3983-5daf-40b6-8dea-a8e712cf73bb,java/lang/Exception.java,printStackTrace
f1dc3983-5daf-40b6-8dea-a8e712cf73bb,03baa09b-7430-4bd4-ad7b-20052eded064,034cae82-adf2-4b87-92f0-16757d88a587,->,f1dc3983-5daf-40b6-8dea-a8e712cf73bb,5dc8f63a-d8df-47a6-9231-b039f5da5158,87a07274-d969-4211-af88-81fad419957e
f1dc3983-5daf-40b6-8dea-a8e712cf73bb,03baa09b-7430-4bd4-ad7b-20052eded064,034cae82-adf2-4b87-92f0-16757d88a587,->,f1dc3983-5daf-40b6-8dea-a8e712cf73bb,46ea8bdb-6073-4428-9248-da3e9e211ea4,b10cd8c8-1102-44e0-8f60-d2114b8ce88a
f1dc3983-5daf-40b6-8dea-a8e712cf73bb,03baa09b-7430-4bd4-ad7b-20052eded064,034cae82-adf2-4b87-92f0-16757d88a587,->,f1dc3983-5daf-40b6-8dea-a8e712cf73bb,java/util/Collection.java,size
f1dc3983-5daf-40b6-8dea-a8e712cf73bb,03baa09b-7430-4bd4-ad7b-20052eded064,034cae82-adf2-4b87-92f0-16757d88a587,->,f1dc3983-5daf-40b6-8dea-a8e712cf73bb,java/lang/Exception.java,printStackTrace
f1dc3983-5daf-40b6-8dea-a8e712cf73bb,03baa09b-7430-4bd4-ad7b-20052eded064,a2a0b86b-9ff6-4ace-be9b-492e24899f26,->,f1dc3983-5daf-40b6-8dea-a8e712cf73bb,5dc8f63a-d8df-47a6-9231-b039f5da5158,87a07274-d969-4211-af88-81fad419957e
f1dc3983-5daf-40b6-8dea-a8e712cf73bb,03baa09b-7430-4bd4-ad7b-20052eded064,a2a0b86b-9ff6-4ace-be9b-492e24899f26,->,f1dc3983-5daf-40b6-8dea-a8e712cf73bb,46ea8bdb-6073-4428-9248-da3e9e211ea4,b10cd8c8-1102-44e0-8f60-d2114b8ce88a
f1dc3983-5daf-40b6-8dea-a8e712cf73bb,03baa09b-7430-4bd4-ad7b-20052eded064,a2a0b86b-9ff6-4ace-be9b-492e24899f26,->,f1dc3983-5daf-40b6-8dea-a8e712cf73bb,java/util/Collection.java,size
f1dc3983-5daf-40b6-8dea-a8e712cf73bb,03baa09b-7430-4bd4-ad7b-20052eded064,a2a0b86b-9ff6-4ace-be9b-492e24899f26,->,f1dc3983-5daf-40b6-8dea-a8e712cf73bb,java/lang/Exception.java,printStackTrace
f1dc3983-5daf-40b6-8dea-a8e712cf73bb,03baa09b-7430-4bd4-ad7b-20052eded064,9334586d-ff3d-4d2c-a68e-d14de3559316,->,f1dc3983-5daf-40b6-8dea-a8e712cf73bb,5dc8f63a-d8df-47a6-9231-b039f5da5158,87a07274-d969-4211-af88-81fad419957e
f1dc3983-5daf-40b6-8dea-a8e712cf73bb,03baa09b-7430-4bd4-ad7b-20052eded064,9334586d-ff3d-4d2c-a68e-d14de3559316,->,f1dc3983-5daf-40b6-8dea-a8e712cf73bb,java/lang/StringBuilder.java,append
f1dc3983-5daf-40b6-8dea-a8e712cf73bb,03baa09b-7430-4bd4-ad7b-20052eded064,9334586d-ff3d-4d2c-a68e-d14de3559316,->,f1dc3983-5daf-40b6-8dea-a8e712cf73bb,46ea8bdb-6073-4428-9248-da3e9e211ea4,b10cd8c8-1102-44e0-8f60-d2114b8ce88a
f1dc3983-5daf-40b6-8dea-a8e712cf73bb,03baa09b-7430-4bd4-ad7b-20052eded064,9334586d-ff3d-4d2c-a68e-d14de3559316,->,f1dc3983-5daf-40b6-8dea-a8e712cf73bb,java/util/Collection.java,size
f1dc3983-5daf-40b6-8dea-a8e712cf73bb,03baa09b-7430-4bd4-ad7b-20052eded064,9334586d-ff3d-4d2c-a68e-d14de3559316,->,f1dc3983-5daf-40b6-8dea-a8e712cf73bb,java/lang/StringBuilder.java,append
f1dc3983-5daf-40b6-8dea-a8e712cf73bb,03baa09b-7430-4bd4-ad7b-20052eded064,9334586d-ff3d-4d2c-a68e-d14de3559316,->,f1dc3983-5daf-40b6-8dea-a8e712cf73bb,java/lang/StringBuilder.java,toString
f1dc3983-5daf-40b6-8dea-a8e712cf73bb,03baa09b-7430-4bd4-ad7b-20052eded064,9334586d-ff3d-4d2c-a68e-d14de3559316,->,f1dc3983-5daf-40b6-8dea-a8e712cf73bb,java/io/PrintStream.java,println
f1dc3983-5daf-40b6-8dea-a8e712cf73bb,03baa09b-7430-4bd4-ad7b-20052eded064,9334586d-ff3d-4d2c-a68e-d14de3559316,->,f1dc3983-5daf-40b6-8dea-a8e712cf73bb,46ea8bdb-6073-4428-9248-da3e9e211ea4,b10cd8c8-1102-44e0-8f60-d2114b8ce88a
f1dc3983-5daf-40b6-8dea-a8e712cf73bb,03baa09b-7430-4bd4-ad7b-20052eded064,9334586d-ff3d-4d2c-a68e-d14de3559316,->,f1dc3983-5daf-40b6-8dea-a8e712cf73bb,java/util/Collection.java,size
f1dc3983-5daf-40b6-8dea-a8e712cf73bb,03baa09b-7430-4bd4-ad7b-20052eded064,9334586d-ff3d-4d2c-a68e-d14de3559316,->,f1dc3983-5daf-40b6-8dea-a8e712cf73bb,46ea8bdb-6073-4428-9248-da3e9e211ea4,b10cd8c8-1102-44e0-8f60-d2114b8ce88a
f1dc3983-5daf-40b6-8dea-a8e712cf73bb,03baa09b-7430-4bd4-ad7b-20052eded064,9334586d-ff3d-4d2c-a68e-d14de3559316,->,f1dc3983-5daf-40b6-8dea-a8e712cf73bb,java/util/Collection.java,iterator
f1dc3983-5daf-40b6-8dea-a8e712cf73bb,03baa09b-7430-4bd4-ad7b-20052eded064,9334586d-ff3d-4d2c-a68e-d14de3559316,->,f1dc3983-5daf-40b6-8dea-a8e712cf73bb,java/util/Iterator.java,hasNext
f1dc3983-5daf-40b6-8dea-a8e712cf73bb,03baa09b-7430-4bd4-ad7b-20052eded064,9334586d-ff3d-4d2c-a68e-d14de3559316,->,f1dc3983-5daf-40b6-8dea-a8e712cf73bb,java/util/Iterator.java,next
f1dc3983-5daf-40b6-8dea-a8e712cf73bb,03baa09b-7430-4bd4-ad7b-20052eded064,9334586d-ff3d-4d2c-a68e-d14de3559316,->,f1dc3983-5daf-40b6-8dea-a8e712cf73bb,2e5ebc02-f3d0-423a-95be-92767c90aca1,9fbcd0b4-e68c-4613-8a36-c540706b9d72
f1dc3983-5daf-40b6-8dea-a8e712cf73bb,03baa09b-7430-4bd4-ad7b-20052eded064,9334586d-ff3d-4d2c-a68e-d14de3559316,->,f1dc3983-5daf-40b6-8dea-a8e712cf73bb,2e5ebc02-f3d0-423a-95be-92767c90aca1,d9101dae-b588-4be7-ac20-55d0c28ebeaa
f1dc3983-5daf-40b6-8dea-a8e712cf73bb,03baa09b-7430-4bd4-ad7b-20052eded064,9334586d-ff3d-4d2c-a68e-d14de3559316,->,f1dc3983-5daf-40b6-8dea-a8e712cf73bb,java/lang/String.java,equals
f1dc3983-5daf-40b6-8dea-a8e712cf73bb,03baa09b-7430-4bd4-ad7b-20052eded064,9334586d-ff3d-4d2c-a68e-d14de3559316,->,f1dc3983-5daf-40b6-8dea-a8e712cf73bb,java/lang/Exception.java,printStackTrace
f1dc3983-5daf-40b6-8dea-a8e712cf73bb,03baa09b-7430-4bd4-ad7b-20052eded064,f1e1df67-1b52-4225-985e-f8e740d0b4ca,->,f1dc3983-5daf-40b6-8dea-a8e712cf73bb,5dc8f63a-d8df-47a6-9231-b039f5da5158,87a07274-d969-4211-af88-81fad419957e
f1dc3983-5daf-40b6-8dea-a8e712cf73bb,03baa09b-7430-4bd4-ad7b-20052eded064,f1e1df67-1b52-4225-985e-f8e740d0b4ca,->,f1dc3983-5daf-40b6-8dea-a8e712cf73bb,java/lang/StringBuilder.java,append
f1dc3983-5daf-40b6-8dea-a8e712cf73bb,03baa09b-7430-4bd4-ad7b-20052eded064,f1e1df67-1b52-4225-985e-f8e740d0b4ca,->,f1dc3983-5daf-40b6-8dea-a8e712cf73bb,46ea8bdb-6073-4428-9248-da3e9e211ea4,d1f2f841-1195-449f-a55a-6fd5a23e2284
f1dc3983-5daf-40b6-8dea-a8e712cf73bb,03baa09b-7430-4bd4-ad7b-20052eded064,f1e1df67-1b52-4225-985e-f8e740d0b4ca,->,f1dc3983-5daf-40b6-8dea-a8e712cf73bb,java/lang/StringBuilder.java,append
f1dc3983-5daf-40b6-8dea-a8e712cf73bb,03baa09b-7430-4bd4-ad7b-20052eded064,f1e1df67-1b52-4225-985e-f8e740d0b4ca,->,f1dc3983-5daf-40b6-8dea-a8e712cf73bb,java/lang/StringBuilder.java,toString
f1dc3983-5daf-40b6-8dea-a8e712cf73bb,03baa09b-7430-4bd4-ad7b-20052eded064,f1e1df67-1b52-4225-985e-f8e740d0b4ca,->,f1dc3983-5daf-40b6-8dea-a8e712cf73bb,java/io/PrintStream.java,println
f1dc3983-5daf-40b6-8dea-a8e712cf73bb,03baa09b-7430-4bd4-ad7b-20052eded064,f1e1df67-1b52-4225-985e-f8e740d0b4ca,->,f1dc3983-5daf-40b6-8dea-a8e712cf73bb,46ea8bdb-6073-4428-9248-da3e9e211ea4,d1f2f841-1195-449f-a55a-6fd5a23e2284
f1dc3983-5daf-40b6-8dea-a8e712cf73bb,03baa09b-7430-4bd4-ad7b-20052eded064,f1e1df67-1b52-4225-985e-f8e740d0b4ca,->,f1dc3983-5daf-40b6-8dea-a8e712cf73bb,java/lang/String.java,equals
f1dc3983-5daf-40b6-8dea-a8e712cf73bb,03baa09b-7430-4bd4-ad7b-20052eded064,f1e1df67-1b52-4225-985e-f8e740d0b4ca,->,f1dc3983-5daf-40b6-8dea-a8e712cf73bb,java/lang/Exception.java,printStackTrace
f1dc3983-5daf-40b6-8dea-a8e712cf73bb,uk/co/brotherlogic/mdb/DiscogTest.java,<clinit>,->,f1dc3983-5daf-40b6-8dea-a8e712cf73bb,java/lang/Class.java,desiredAssertionStatus
f1dc3983-5daf-40b6-8dea-a8e712cf73bb,4e47a46d-5a1c-4090-8fba-332ed3e91a2c,fd5a65e2-2b1c-449a-b763-2060f43a9ab8,->,f1dc3983-5daf-40b6-8dea-a8e712cf73bb,java/lang/String.java,contains
f1dc3983-5daf-40b6-8dea-a8e712cf73bb,4e47a46d-5a1c-4090-8fba-332ed3e91a2c,fd5a65e2-2b1c-449a-b763-2060f43a9ab8,->,f1dc3983-5daf-40b6-8dea-a8e712cf73bb,java/lang/String.java,indexOf
f1dc3983-5daf-40b6-8dea-a8e712cf73bb,4e47a46d-5a1c-4090-8fba-332ed3e91a2c,fd5a65e2-2b1c-449a-b763-2060f43a9ab8,->,f1dc3983-5daf-40b6-8dea-a8e712cf73bb,java/lang/String.java,substring
f1dc3983-5daf-40b6-8dea-a8e712cf73bb,4e47a46d-5a1c-4090-8fba-332ed3e91a2c,fd5a65e2-2b1c-449a-b763-2060f43a9ab8,->,f1dc3983-5daf-40b6-8dea-a8e712cf73bb,java/lang/String.java,trim
f1dc3983-5daf-40b6-8dea-a8e712cf73bb,4e47a46d-5a1c-4090-8fba-332ed3e91a2c,fd5a65e2-2b1c-449a-b763-2060f43a9ab8,->,f1dc3983-5daf-40b6-8dea-a8e712cf73bb,java/lang/StringBuilder.java,append
f1dc3983-5daf-40b6-8dea-a8e712cf73bb,4e47a46d-5a1c-4090-8fba-332ed3e91a2c,fd5a65e2-2b1c-449a-b763-2060f43a9ab8,->,f1dc3983-5daf-40b6-8dea-a8e712cf73bb,java/lang/StringBuilder.java,append
f1dc3983-5daf-40b6-8dea-a8e712cf73bb,4e47a46d-5a1c-4090-8fba-332ed3e91a2c,fd5a65e2-2b1c-449a-b763-2060f43a9ab8,->,f1dc3983-5daf-40b6-8dea-a8e712cf73bb,java/lang/String.java,substring
f1dc3983-5daf-40b6-8dea-a8e712cf73bb,4e47a46d-5a1c-4090-8fba-332ed3e91a2c,fd5a65e2-2b1c-449a-b763-2060f43a9ab8,->,f1dc3983-5daf-40b6-8dea-a8e712cf73bb,java/lang/StringBuilder.java,append
f1dc3983-5daf-40b6-8dea-a8e712cf73bb,4e47a46d-5a1c-4090-8fba-332ed3e91a2c,fd5a65e2-2b1c-449a-b763-2060f43a9ab8,->,f1dc3983-5daf-40b6-8dea-a8e712cf73bb,java/lang/StringBuilder.java,toString
f1dc3983-5daf-40b6-8dea-a8e712cf73bb,dcfb92ea-1a1c-400e-b05a-3685c4f1cd00,88826179-cda5-42a0-a614-39dbcdf5a8dd,->,f1dc3983-5daf-40b6-8dea-a8e712cf73bb,4d5d5404-a022-4f98-9bfb-75e7837433dc,cfe058b5-59f9-4bd2-85f2-07dd8ef7ca4b
f1dc3983-5daf-40b6-8dea-a8e712cf73bb,dcfb92ea-1a1c-400e-b05a-3685c4f1cd00,88826179-cda5-42a0-a614-39dbcdf5a8dd,->,f1dc3983-5daf-40b6-8dea-a8e712cf73bb,4d5d5404-a022-4f98-9bfb-75e7837433dc,ab036b9d-aa4b-46f0-a485-9b2674240d25
f1dc3983-5daf-40b6-8dea-a8e712cf73bb,dcfb92ea-1a1c-400e-b05a-3685c4f1cd00,88826179-cda5-42a0-a614-39dbcdf5a8dd,->,f1dc3983-5daf-40b6-8dea-a8e712cf73bb,edfb3cf2-a62e-4314-ac6a-8a6bad7c286e,31fc4442-6758-4542-8b88-507887482e44
f1dc3983-5daf-40b6-8dea-a8e712cf73bb,dcfb92ea-1a1c-400e-b05a-3685c4f1cd00,88826179-cda5-42a0-a614-39dbcdf5a8dd,->,f1dc3983-5daf-40b6-8dea-a8e712cf73bb,java/sql/PreparedStatement.java,setInt
f1dc3983-5daf-40b6-8dea-a8e712cf73bb,dcfb92ea-1a1c-400e-b05a-3685c4f1cd00,88826179-cda5-42a0-a614-39dbcdf5a8dd,->,f1dc3983-5daf-40b6-8dea-a8e712cf73bb,java/sql/PreparedStatement.java,execute
f1dc3983-5daf-40b6-8dea-a8e712cf73bb,dcfb92ea-1a1c-400e-b05a-3685c4f1cd00,88826179-cda5-42a0-a614-39dbcdf5a8dd,->,f1dc3983-5daf-40b6-8dea-a8e712cf73bb,java/sql/PreparedStatement.java,close
f1dc3983-5daf-40b6-8dea-a8e712cf73bb,dcfb92ea-1a1c-400e-b05a-3685c4f1cd00,7e5f762a-e3d9-4e72-a424-c3f1d1267d5a,->,f1dc3983-5daf-40b6-8dea-a8e712cf73bb,java/util/Collection.java,size
f1dc3983-5daf-40b6-8dea-a8e712cf73bb,dcfb92ea-1a1c-400e-b05a-3685c4f1cd00,7e5f762a-e3d9-4e72-a424-c3f1d1267d5a,->,f1dc3983-5daf-40b6-8dea-a8e712cf73bb,java/util/Collection.java,iterator
f1dc3983-5daf-40b6-8dea-a8e712cf73bb,dcfb92ea-1a1c-400e-b05a-3685c4f1cd00,7e5f762a-e3d9-4e72-a424-c3f1d1267d5a,->,f1dc3983-5daf-40b6-8dea-a8e712cf73bb,java/util/Iterator.java,hasNext
f1dc3983-5daf-40b6-8dea-a8e712cf73bb,dcfb92ea-1a1c-400e-b05a-3685c4f1cd00,7e5f762a-e3d9-4e72-a424-c3f1d1267d5a,->,f1dc3983-5daf-40b6-8dea-a8e712cf73bb,java/util/Iterator.java,next
f1dc3983-5daf-40b6-8dea-a8e712cf73bb,dcfb92ea-1a1c-400e-b05a-3685c4f1cd00,7e5f762a-e3d9-4e72-a424-c3f1d1267d5a,->,f1dc3983-5daf-40b6-8dea-a8e712cf73bb,dcfb92ea-1a1c-400e-b05a-3685c4f1cd00,951d0c22-3fdf-4c2b-926a-01739787a25b
f1dc3983-5daf-40b6-8dea-a8e712cf73bb,dcfb92ea-1a1c-400e-b05a-3685c4f1cd00,bf15c99f-3777-403a-9df2-84d5bc78ab60,->,f1dc3983-5daf-40b6-8dea-a8e712cf73bb,java/util/Map.java,putAll
f1dc3983-5daf-40b6-8dea-a8e712cf73bb,dcfb92ea-1a1c-400e-b05a-3685c4f1cd00,bf15c99f-3777-403a-9df2-84d5bc78ab60,->,f1dc3983-5daf-40b6-8dea-a8e712cf73bb,java/util/Map.java,clear
f1dc3983-5daf-40b6-8dea-a8e712cf73bb,dcfb92ea-1a1c-400e-b05a-3685c4f1cd00,3e09fbeb-5d5c-4b3b-97ca-d1c6d37775f7,->,f1dc3983-5daf-40b6-8dea-a8e712cf73bb,4d5d5404-a022-4f98-9bfb-75e7837433dc,cfe058b5-59f9-4bd2-85f2-07dd8ef7ca4b
f1dc3983-5daf-40b6-8dea-a8e712cf73bb,dcfb92ea-1a1c-400e-b05a-3685c4f1cd00,3e09fbeb-5d5c-4b3b-97ca-d1c6d37775f7,->,f1dc3983-5daf-40b6-8dea-a8e712cf73bb,4d5d5404-a022-4f98-9bfb-75e7837433dc,ab036b9d-aa4b-46f0-a485-9b2674240d25
f1dc3983-5daf-40b6-8dea-a8e712cf73bb,dcfb92ea-1a1c-400e-b05a-3685c4f1cd00,3e09fbeb-5d5c-4b3b-97ca-d1c6d37775f7,->,f1dc3983-5daf-40b6-8dea-a8e712cf73bb,java/sql/PreparedStatement.java,executeQuery
f1dc3983-5daf-40b6-8dea-a8e712cf73bb,dcfb92ea-1a1c-400e-b05a-3685c4f1cd00,3e09fbeb-5d5c-4b3b-97ca-d1c6d37775f7,->,f1dc3983-5daf-40b6-8dea-a8e712cf73bb,java/sql/ResultSet.java,next
f1dc3983-5daf-40b6-8dea-a8e712cf73bb,dcfb92ea-1a1c-400e-b05a-3685c4f1cd00,3e09fbeb-5d5c-4b3b-97ca-d1c6d37775f7,->,f1dc3983-5daf-40b6-8dea-a8e712cf73bb,java/sql/ResultSet.java,getString
f1dc3983-5daf-40b6-8dea-a8e712cf73bb,dcfb92ea-1a1c-400e-b05a-3685c4f1cd00,3e09fbeb-5d5c-4b3b-97ca-d1c6d37775f7,->,f1dc3983-5daf-40b6-8dea-a8e712cf73bb,java/sql/ResultSet.java,getInt
f1dc3983-5daf-40b6-8dea-a8e712cf73bb,dcfb92ea-1a1c-400e-b05a-3685c4f1cd00,3e09fbeb-5d5c-4b3b-97ca-d1c6d37775f7,->,f1dc3983-5daf-40b6-8dea-a8e712cf73bb,java/sql/ResultSet.java,getString
f1dc3983-5daf-40b6-8dea-a8e712cf73bb,dcfb92ea-1a1c-400e-b05a-3685c4f1cd00,3e09fbeb-5d5c-4b3b-97ca-d1c6d37775f7,->,f1dc3983-5daf-40b6-8dea-a8e712cf73bb,java/util/Map.java,put
f1dc3983-5daf-40b6-8dea-a8e712cf73bb,dcfb92ea-1a1c-400e-b05a-3685c4f1cd00,3e09fbeb-5d5c-4b3b-97ca-d1c6d37775f7,->,f1dc3983-5daf-40b6-8dea-a8e712cf73bb,java/sql/ResultSet.java,close
f1dc3983-5daf-40b6-8dea-a8e712cf73bb,dcfb92ea-1a1c-400e-b05a-3685c4f1cd00,3e09fbeb-5d5c-4b3b-97ca-d1c6d37775f7,->,f1dc3983-5daf-40b6-8dea-a8e712cf73bb,java/sql/PreparedStatement.java,close
f1dc3983-5daf-40b6-8dea-a8e712cf73bb,dcfb92ea-1a1c-400e-b05a-3685c4f1cd00,e289abc4-6b85-4e69-b627-b9b097af47c3,->,f1dc3983-5daf-40b6-8dea-a8e712cf73bb,java/util/Map.java,keySet
f1dc3983-5daf-40b6-8dea-a8e712cf73bb,dcfb92ea-1a1c-400e-b05a-3685c4f1cd00,e289abc4-6b85-4e69-b627-b9b097af47c3,->,f1dc3983-5daf-40b6-8dea-a8e712cf73bb,java/util/Set.java,contains
f1dc3983-5daf-40b6-8dea-a8e712cf73bb,dcfb92ea-1a1c-400e-b05a-3685c4f1cd00,"80ef8ac1-577e-42c6-9fdf-dcd7aaa3346a,3ba1642e-adf1-4231-aa75-c7cd5ad14b16",->,f1dc3983-5daf-40b6-8dea-a8e712cf73bb,a17892e1-e29a-43c6-a2db-748b6dc50328,afd43c94-8189-4bb7-a258-b5cde9446c63
f1dc3983-5daf-40b6-8dea-a8e712cf73bb,dcfb92ea-1a1c-400e-b05a-3685c4f1cd00,"80ef8ac1-577e-42c6-9fdf-dcd7aaa3346a,3ba1642e-adf1-4231-aa75-c7cd5ad14b16",->,f1dc3983-5daf-40b6-8dea-a8e712cf73bb,4d5d5404-a022-4f98-9bfb-75e7837433dc,cfe058b5-59f9-4bd2-85f2-07dd8ef7ca4b
f1dc3983-5daf-40b6-8dea-a8e712cf73bb,dcfb92ea-1a1c-400e-b05a-3685c4f1cd00,"80ef8ac1-577e-42c6-9fdf-dcd7aaa3346a,3ba1642e-adf1-4231-aa75-c7cd5ad14b16",->,f1dc3983-5daf-40b6-8dea-a8e712cf73bb,4d5d5404-a022-4f98-9bfb-75e7837433dc,ab036b9d-aa4b-46f0-a485-9b2674240d25
f1dc3983-5daf-40b6-8dea-a8e712cf73bb,dcfb92ea-1a1c-400e-b05a-3685c4f1cd00,"80ef8ac1-577e-42c6-9fdf-dcd7aaa3346a,3ba1642e-adf1-4231-aa75-c7cd5ad14b16",->,f1dc3983-5daf-40b6-8dea-a8e712cf73bb,java/sql/PreparedStatement.java,setInt
f1dc3983-5daf-40b6-8dea-a8e712cf73bb,dcfb92ea-1a1c-400e-b05a-3685c4f1cd00,"80ef8ac1-577e-42c6-9fdf-dcd7aaa3346a,3ba1642e-adf1-4231-aa75-c7cd5ad14b16",->,f1dc3983-5daf-40b6-8dea-a8e712cf73bb,4d5d5404-a022-4f98-9bfb-75e7837433dc,cfe058b5-59f9-4bd2-85f2-07dd8ef7ca4b
f1dc3983-5daf-40b6-8dea-a8e712cf73bb,dcfb92ea-1a1c-400e-b05a-3685c4f1cd00,"80ef8ac1-577e-42c6-9fdf-dcd7aaa3346a,3ba1642e-adf1-4231-aa75-c7cd5ad14b16",->,f1dc3983-5daf-40b6-8dea-a8e712cf73bb,4d5d5404-a022-4f98-9bfb-75e7837433dc,c6697ba3-0f94-4dee-8f5b-789d53ec0631
f1dc3983-5daf-40b6-8dea-a8e712cf73bb,dcfb92ea-1a1c-400e-b05a-3685c4f1cd00,"80ef8ac1-577e-42c6-9fdf-dcd7aaa3346a,3ba1642e-adf1-4231-aa75-c7cd5ad14b16",->,f1dc3983-5daf-40b6-8dea-a8e712cf73bb,java/sql/ResultSet.java,next
f1dc3983-5daf-40b6-8dea-a8e712cf73bb,dcfb92ea-1a1c-400e-b05a-3685c4f1cd00,"80ef8ac1-577e-42c6-9fdf-dcd7aaa3346a,3ba1642e-adf1-4231-aa75-c7cd5ad14b16",->,f1dc3983-5daf-40b6-8dea-a8e712cf73bb,java/sql/ResultSet.java,getString
f1dc3983-5daf-40b6-8dea-a8e712cf73bb,dcfb92ea-1a1c-400e-b05a-3685c4f1cd00,"80ef8ac1-577e-42c6-9fdf-dcd7aaa3346a,3ba1642e-adf1-4231-aa75-c7cd5ad14b16",->,f1dc3983-5daf-40b6-8dea-a8e712cf73bb,java/sql/ResultSet.java,getString
f1dc3983-5daf-40b6-8dea-a8e712cf73bb,dcfb92ea-1a1c-400e-b05a-3685c4f1cd00,"80ef8ac1-577e-42c6-9fdf-dcd7aaa3346a,3ba1642e-adf1-4231-aa75-c7cd5ad14b16",->,f1dc3983-5daf-40b6-8dea-a8e712cf73bb,java/sql/ResultSet.java,close
f1dc3983-5daf-40b6-8dea-a8e712cf73bb,dcfb92ea-1a1c-400e-b05a-3685c4f1cd00,"80ef8ac1-577e-42c6-9fdf-dcd7aaa3346a,3ba1642e-adf1-4231-aa75-c7cd5ad14b16",->,f1dc3983-5daf-40b6-8dea-a8e712cf73bb,java/sql/PreparedStatement.java,close
f1dc3983-5daf-40b6-8dea-a8e712cf73bb,dcfb92ea-1a1c-400e-b05a-3685c4f1cd00,"80ef8ac1-577e-42c6-9fdf-dcd7aaa3346a,3ba1642e-adf1-4231-aa75-c7cd5ad14b16",->,f1dc3983-5daf-40b6-8dea-a8e712cf73bb,a17892e1-e29a-43c6-a2db-748b6dc50328,084ba6c9-7bf9-4350-8794-a9d4ca2dd6a8
f1dc3983-5daf-40b6-8dea-a8e712cf73bb,dcfb92ea-1a1c-400e-b05a-3685c4f1cd00,"80ef8ac1-577e-42c6-9fdf-dcd7aaa3346a,3ba1642e-adf1-4231-aa75-c7cd5ad14b16",->,f1dc3983-5daf-40b6-8dea-a8e712cf73bb,dcfb92ea-1a1c-400e-b05a-3685c4f1cd00,e289abc4-6b85-4e69-b627-b9b097af47c3
f1dc3983-5daf-40b6-8dea-a8e712cf73bb,dcfb92ea-1a1c-400e-b05a-3685c4f1cd00,"80ef8ac1-577e-42c6-9fdf-dcd7aaa3346a,3ba1642e-adf1-4231-aa75-c7cd5ad14b16",->,f1dc3983-5daf-40b6-8dea-a8e712cf73bb,java/util/Map.java,get
f1dc3983-5daf-40b6-8dea-a8e712cf73bb,dcfb92ea-1a1c-400e-b05a-3685c4f1cd00,"80ef8ac1-577e-42c6-9fdf-dcd7aaa3346a,3ba1642e-adf1-4231-aa75-c7cd5ad14b16",->,f1dc3983-5daf-40b6-8dea-a8e712cf73bb,java/util/Map.java,containsKey
f1dc3983-5daf-40b6-8dea-a8e712cf73bb,dcfb92ea-1a1c-400e-b05a-3685c4f1cd00,"80ef8ac1-577e-42c6-9fdf-dcd7aaa3346a,3ba1642e-adf1-4231-aa75-c7cd5ad14b16",->,f1dc3983-5daf-40b6-8dea-a8e712cf73bb,java/util/Map.java,get
f1dc3983-5daf-40b6-8dea-a8e712cf73bb,dcfb92ea-1a1c-400e-b05a-3685c4f1cd00,"80ef8ac1-577e-42c6-9fdf-dcd7aaa3346a,3ba1642e-adf1-4231-aa75-c7cd5ad14b16",->,f1dc3983-5daf-40b6-8dea-a8e712cf73bb,java/sql/PreparedStatement.java,setString
f1dc3983-5daf-40b6-8dea-a8e712cf73bb,dcfb92ea-1a1c-400e-b05a-3685c4f1cd00,"80ef8ac1-577e-42c6-9fdf-dcd7aaa3346a,3ba1642e-adf1-4231-aa75-c7cd5ad14b16",->,f1dc3983-5daf-40b6-8dea-a8e712cf73bb,java/sql/PreparedStatement.java,executeQuery
f1dc3983-5daf-40b6-8dea-a8e712cf73bb,dcfb92ea-1a1c-400e-b05a-3685c4f1cd00,"80ef8ac1-577e-42c6-9fdf-dcd7aaa3346a,3ba1642e-adf1-4231-aa75-c7cd5ad14b16",->,f1dc3983-5daf-40b6-8dea-a8e712cf73bb,java/sql/ResultSet.java,next
f1dc3983-5daf-40b6-8dea-a8e712cf73bb,dcfb92ea-1a1c-400e-b05a-3685c4f1cd00,"80ef8ac1-577e-42c6-9fdf-dcd7aaa3346a,3ba1642e-adf1-4231-aa75-c7cd5ad14b16",->,f1dc3983-5daf-40b6-8dea-a8e712cf73bb,java/sql/ResultSet.java,getInt
f1dc3983-5daf-40b6-8dea-a8e712cf73bb,dcfb92ea-1a1c-400e-b05a-3685c4f1cd00,"80ef8ac1-577e-42c6-9fdf-dcd7aaa3346a,3ba1642e-adf1-4231-aa75-c7cd5ad14b16",->,f1dc3983-5daf-40b6-8dea-a8e712cf73bb,java/sql/ResultSet.java,getString
f1dc3983-5daf-40b6-8dea-a8e712cf73bb,dcfb92ea-1a1c-400e-b05a-3685c4f1cd00,"80ef8ac1-577e-42c6-9fdf-dcd7aaa3346a,3ba1642e-adf1-4231-aa75-c7cd5ad14b16",->,f1dc3983-5daf-40b6-8dea-a8e712cf73bb,java/sql/ResultSet.java,close
f1dc3983-5daf-40b6-8dea-a8e712cf73bb,dcfb92ea-1a1c-400e-b05a-3685c4f1cd00,"80ef8ac1-577e-42c6-9fdf-dcd7aaa3346a,3ba1642e-adf1-4231-aa75-c7cd5ad14b16",->,f1dc3983-5daf-40b6-8dea-a8e712cf73bb,java/util/Map.java,put
f1dc3983-5daf-40b6-8dea-a8e712cf73bb,dcfb92ea-1a1c-400e-b05a-3685c4f1cd00,"80ef8ac1-577e-42c6-9fdf-dcd7aaa3346a,3ba1642e-adf1-4231-aa75-c7cd5ad14b16",->,f1dc3983-5daf-40b6-8dea-a8e712cf73bb,java/util/Map.java,get
f1dc3983-5daf-40b6-8dea-a8e712cf73bb,dcfb92ea-1a1c-400e-b05a-3685c4f1cd00,"80ef8ac1-577e-42c6-9fdf-dcd7aaa3346a,3ba1642e-adf1-4231-aa75-c7cd5ad14b16",->,f1dc3983-5daf-40b6-8dea-a8e712cf73bb,java/sql/ResultSet.java,close
f1dc3983-5daf-40b6-8dea-a8e712cf73bb,dcfb92ea-1a1c-400e-b05a-3685c4f1cd00,"80ef8ac1-577e-42c6-9fdf-dcd7aaa3346a,3ba1642e-adf1-4231-aa75-c7cd5ad14b16",->,f1dc3983-5daf-40b6-8dea-a8e712cf73bb,4e47a46d-5a1c-4090-8fba-332ed3e91a2c,fd5a65e2-2b1c-449a-b763-2060f43a9ab8
f1dc3983-5daf-40b6-8dea-a8e712cf73bb,dcfb92ea-1a1c-400e-b05a-3685c4f1cd00,552ea341-e2ee-4dce-9761-ed5bd85c36e1,->,f1dc3983-5daf-40b6-8dea-a8e712cf73bb,dcfb92ea-1a1c-400e-b05a-3685c4f1cd00,e289abc4-6b85-4e69-b627-b9b097af47c3
f1dc3983-5daf-40b6-8dea-a8e712cf73bb,dcfb92ea-1a1c-400e-b05a-3685c4f1cd00,552ea341-e2ee-4dce-9761-ed5bd85c36e1,->,f1dc3983-5daf-40b6-8dea-a8e712cf73bb,java/util/Map.java,get
f1dc3983-5daf-40b6-8dea-a8e712cf73bb,dcfb92ea-1a1c-400e-b05a-3685c4f1cd00,552ea341-e2ee-4dce-9761-ed5bd85c36e1,->,f1dc3983-5daf-40b6-8dea-a8e712cf73bb,java/util/Map.java,containsKey
f1dc3983-5daf-40b6-8dea-a8e712cf73bb,dcfb92ea-1a1c-400e-b05a-3685c4f1cd00,552ea341-e2ee-4dce-9761-ed5bd85c36e1,->,f1dc3983-5daf-40b6-8dea-a8e712cf73bb,java/util/Map.java,get
f1dc3983-5daf-40b6-8dea-a8e712cf73bb,dcfb92ea-1a1c-400e-b05a-3685c4f1cd00,552ea341-e2ee-4dce-9761-ed5bd85c36e1,->,f1dc3983-5daf-40b6-8dea-a8e712cf73bb,java/sql/PreparedStatement.java,setString
f1dc3983-5daf-40b6-8dea-a8e712cf73bb,dcfb92ea-1a1c-400e-b05a-3685c4f1cd00,552ea341-e2ee-4dce-9761-ed5bd85c36e1,->,f1dc3983-5daf-40b6-8dea-a8e712cf73bb,java/sql/PreparedStatement.java,executeQuery
f1dc3983-5daf-40b6-8dea-a8e712cf73bb,dcfb92ea-1a1c-400e-b05a-3685c4f1cd00,552ea341-e2ee-4dce-9761-ed5bd85c36e1,->,f1dc3983-5daf-40b6-8dea-a8e712cf73bb,java/sql/ResultSet.java,next
f1dc3983-5daf-40b6-8dea-a8e712cf73bb,dcfb92ea-1a1c-400e-b05a-3685c4f1cd00,552ea341-e2ee-4dce-9761-ed5bd85c36e1,->,f1dc3983-5daf-40b6-8dea-a8e712cf73bb,java/sql/ResultSet.java,getInt
f1dc3983-5daf-40b6-8dea-a8e712cf73bb,dcfb92ea-1a1c-400e-b05a-3685c4f1cd00,552ea341-e2ee-4dce-9761-ed5bd85c36e1,->,f1dc3983-5daf-40b6-8dea-a8e712cf73bb,java/sql/ResultSet.java,getString
f1dc3983-5daf-40b6-8dea-a8e712cf73bb,dcfb92ea-1a1c-400e-b05a-3685c4f1cd00,552ea341-e2ee-4dce-9761-ed5bd85c36e1,->,f1dc3983-5daf-40b6-8dea-a8e712cf73bb,java/sql/ResultSet.java,close
f1dc3983-5daf-40b6-8dea-a8e712cf73bb,dcfb92ea-1a1c-400e-b05a-3685c4f1cd00,552ea341-e2ee-4dce-9761-ed5bd85c36e1,->,f1dc3983-5daf-40b6-8dea-a8e712cf73bb,java/util/Map.java,put
f1dc3983-5daf-40b6-8dea-a8e712cf73bb,dcfb92ea-1a1c-400e-b05a-3685c4f1cd00,552ea341-e2ee-4dce-9761-ed5bd85c36e1,->,f1dc3983-5daf-40b6-8dea-a8e712cf73bb,java/util/Map.java,get
f1dc3983-5daf-40b6-8dea-a8e712cf73bb,dcfb92ea-1a1c-400e-b05a-3685c4f1cd00,552ea341-e2ee-4dce-9761-ed5bd85c36e1,->,f1dc3983-5daf-40b6-8dea-a8e712cf73bb,java/sql/ResultSet.java,close
f1dc3983-5daf-40b6-8dea-a8e712cf73bb,dcfb92ea-1a1c-400e-b05a-3685c4f1cd00,552ea341-e2ee-4dce-9761-ed5bd85c36e1,->,f1dc3983-5daf-40b6-8dea-a8e712cf73bb,4e47a46d-5a1c-4090-8fba-332ed3e91a2c,fd5a65e2-2b1c-449a-b763-2060f43a9ab8
f1dc3983-5daf-40b6-8dea-a8e712cf73bb,dcfb92ea-1a1c-400e-b05a-3685c4f1cd00,91858ff8-3940-4e0c-8688-032848673632,->,f1dc3983-5daf-40b6-8dea-a8e712cf73bb,dcfb92ea-1a1c-400e-b05a-3685c4f1cd00,3e09fbeb-5d5c-4b3b-97ca-d1c6d37775f7
f1dc3983-5daf-40b6-8dea-a8e712cf73bb,dcfb92ea-1a1c-400e-b05a-3685c4f1cd00,91858ff8-3940-4e0c-8688-032848673632,->,f1dc3983-5daf-40b6-8dea-a8e712cf73bb,java/sql/SQLException.java,printStackTrace
f1dc3983-5daf-40b6-8dea-a8e712cf73bb,dcfb92ea-1a1c-400e-b05a-3685c4f1cd00,91858ff8-3940-4e0c-8688-032848673632,->,f1dc3983-5daf-40b6-8dea-a8e712cf73bb,java/util/Map.java,values
f1dc3983-5daf-40b6-8dea-a8e712cf73bb,dcfb92ea-1a1c-400e-b05a-3685c4f1cd00,951d0c22-3fdf-4c2b-926a-01739787a25b,->,f1dc3983-5daf-40b6-8dea-a8e712cf73bb,edfb3cf2-a62e-4314-ac6a-8a6bad7c286e,e828f6c0-8f1f-4266-b9f4-cb6e203e8f57
f1dc3983-5daf-40b6-8dea-a8e712cf73bb,dcfb92ea-1a1c-400e-b05a-3685c4f1cd00,951d0c22-3fdf-4c2b-926a-01739787a25b,->,f1dc3983-5daf-40b6-8dea-a8e712cf73bb,java/sql/PreparedStatement.java,setString
f1dc3983-5daf-40b6-8dea-a8e712cf73bb,dcfb92ea-1a1c-400e-b05a-3685c4f1cd00,951d0c22-3fdf-4c2b-926a-01739787a25b,->,f1dc3983-5daf-40b6-8dea-a8e712cf73bb,java/sql/PreparedStatement.java,executeQuery
f1dc3983-5daf-40b6-8dea-a8e712cf73bb,dcfb92ea-1a1c-400e-b05a-3685c4f1cd00,951d0c22-3fdf-4c2b-926a-01739787a25b,->,f1dc3983-5daf-40b6-8dea-a8e712cf73bb,java/sql/ResultSet.java,next
f1dc3983-5daf-40b6-8dea-a8e712cf73bb,dcfb92ea-1a1c-400e-b05a-3685c4f1cd00,951d0c22-3fdf-4c2b-926a-01739787a25b,->,f1dc3983-5daf-40b6-8dea-a8e712cf73bb,edfb3cf2-a62e-4314-ac6a-8a6bad7c286e,e828f6c0-8f1f-4266-b9f4-cb6e203e8f57
f1dc3983-5daf-40b6-8dea-a8e712cf73bb,dcfb92ea-1a1c-400e-b05a-3685c4f1cd00,951d0c22-3fdf-4c2b-926a-01739787a25b,->,f1dc3983-5daf-40b6-8dea-a8e712cf73bb,java/sql/PreparedStatement.java,setString
f1dc3983-5daf-40b6-8dea-a8e712cf73bb,dcfb92ea-1a1c-400e-b05a-3685c4f1cd00,951d0c22-3fdf-4c2b-926a-01739787a25b,->,f1dc3983-5daf-40b6-8dea-a8e712cf73bb,edfb3cf2-a62e-4314-ac6a-8a6bad7c286e,2b55fe8a-801f-4dae-b880-b40a3e787ff7
f1dc3983-5daf-40b6-8dea-a8e712cf73bb,dcfb92ea-1a1c-400e-b05a-3685c4f1cd00,951d0c22-3fdf-4c2b-926a-01739787a25b,->,f1dc3983-5daf-40b6-8dea-a8e712cf73bb,java/sql/PreparedStatement.java,setString
f1dc3983-5daf-40b6-8dea-a8e712cf73bb,dcfb92ea-1a1c-400e-b05a-3685c4f1cd00,951d0c22-3fdf-4c2b-926a-01739787a25b,->,f1dc3983-5daf-40b6-8dea-a8e712cf73bb,java/sql/PreparedStatement.java,execute
f1dc3983-5daf-40b6-8dea-a8e712cf73bb,dcfb92ea-1a1c-400e-b05a-3685c4f1cd00,951d0c22-3fdf-4c2b-926a-01739787a25b,->,f1dc3983-5daf-40b6-8dea-a8e712cf73bb,edfb3cf2-a62e-4314-ac6a-8a6bad7c286e,e828f6c0-8f1f-4266-b9f4-cb6e203e8f57
f1dc3983-5daf-40b6-8dea-a8e712cf73bb,dcfb92ea-1a1c-400e-b05a-3685c4f1cd00,951d0c22-3fdf-4c2b-926a-01739787a25b,->,f1dc3983-5daf-40b6-8dea-a8e712cf73bb,java/sql/PreparedStatement.java,setString
f1dc3983-5daf-40b6-8dea-a8e712cf73bb,dcfb92ea-1a1c-400e-b05a-3685c4f1cd00,951d0c22-3fdf-4c2b-926a-01739787a25b,->,f1dc3983-5daf-40b6-8dea-a8e712cf73bb,java/sql/PreparedStatement.java,executeQuery
f1dc3983-5daf-40b6-8dea-a8e712cf73bb,dcfb92ea-1a1c-400e-b05a-3685c4f1cd00,951d0c22-3fdf-4c2b-926a-01739787a25b,->,f1dc3983-5daf-40b6-8dea-a8e712cf73bb,java/sql/ResultSet.java,next
f1dc3983-5daf-40b6-8dea-a8e712cf73bb,dcfb92ea-1a1c-400e-b05a-3685c4f1cd00,951d0c22-3fdf-4c2b-926a-01739787a25b,->,f1dc3983-5daf-40b6-8dea-a8e712cf73bb,java/sql/ResultSet.java,getInt
f1dc3983-5daf-40b6-8dea-a8e712cf73bb,dcfb92ea-1a1c-400e-b05a-3685c4f1cd00,951d0c22-3fdf-4c2b-926a-01739787a25b,->,f1dc3983-5daf-40b6-8dea-a8e712cf73bb,java/sql/ResultSet.java,close
f1dc3983-5daf-40b6-8dea-a8e712cf73bb,dcfb92ea-1a1c-400e-b05a-3685c4f1cd00,2853d66a-845c-4c98-914c-b03cca6c9684,->,f1dc3983-5daf-40b6-8dea-a8e712cf73bb,4d5d5404-a022-4f98-9bfb-75e7837433dc,cfe058b5-59f9-4bd2-85f2-07dd8ef7ca4b
f1dc3983-5daf-40b6-8dea-a8e712cf73bb,dcfb92ea-1a1c-400e-b05a-3685c4f1cd00,2853d66a-845c-4c98-914c-b03cca6c9684,->,f1dc3983-5daf-40b6-8dea-a8e712cf73bb,4d5d5404-a022-4f98-9bfb-75e7837433dc,ab036b9d-aa4b-46f0-a485-9b2674240d25
f1dc3983-5daf-40b6-8dea-a8e712cf73bb,dcfb92ea-1a1c-400e-b05a-3685c4f1cd00,2853d66a-845c-4c98-914c-b03cca6c9684,->,f1dc3983-5daf-40b6-8dea-a8e712cf73bb,java/lang/StringBuilder.java,append
f1dc3983-5daf-40b6-8dea-a8e712cf73bb,dcfb92ea-1a1c-400e-b05a-3685c4f1cd00,2853d66a-845c-4c98-914c-b03cca6c9684,->,f1dc3983-5daf-40b6-8dea-a8e712cf73bb,java/lang/String.java,toLowerCase
f1dc3983-5daf-40b6-8dea-a8e712cf73bb,dcfb92ea-1a1c-400e-b05a-3685c4f1cd00,2853d66a-845c-4c98-914c-b03cca6c9684,->,f1dc3983-5daf-40b6-8dea-a8e712cf73bb,java/lang/StringBuilder.java,append
f1dc3983-5daf-40b6-8dea-a8e712cf73bb,dcfb92ea-1a1c-400e-b05a-3685c4f1cd00,2853d66a-845c-4c98-914c-b03cca6c9684,->,f1dc3983-5daf-40b6-8dea-a8e712cf73bb,java/lang/StringBuilder.java,append
f1dc3983-5daf-40b6-8dea-a8e712cf73bb,dcfb92ea-1a1c-400e-b05a-3685c4f1cd00,2853d66a-845c-4c98-914c-b03cca6c9684,->,f1dc3983-5daf-40b6-8dea-a8e712cf73bb,java/lang/StringBuilder.java,toString
f1dc3983-5daf-40b6-8dea-a8e712cf73bb,dcfb92ea-1a1c-400e-b05a-3685c4f1cd00,2853d66a-845c-4c98-914c-b03cca6c9684,->,f1dc3983-5daf-40b6-8dea-a8e712cf73bb,java/sql/PreparedStatement.java,setString
f1dc3983-5daf-40b6-8dea-a8e712cf73bb,dcfb92ea-1a1c-400e-b05a-3685c4f1cd00,2853d66a-845c-4c98-914c-b03cca6c9684,->,f1dc3983-5daf-40b6-8dea-a8e712cf73bb,4d5d5404-a022-4f98-9bfb-75e7837433dc,cfe058b5-59f9-4bd2-85f2-07dd8ef7ca4b
f1dc3983-5daf-40b6-8dea-a8e712cf73bb,dcfb92ea-1a1c-400e-b05a-3685c4f1cd00,2853d66a-845c-4c98-914c-b03cca6c9684,->,f1dc3983-5daf-40b6-8dea-a8e712cf73bb,4d5d5404-a022-4f98-9bfb-75e7837433dc,c6697ba3-0f94-4dee-8f5b-789d53ec0631
f1dc3983-5daf-40b6-8dea-a8e712cf73bb,dcfb92ea-1a1c-400e-b05a-3685c4f1cd00,2853d66a-845c-4c98-914c-b03cca6c9684,->,f1dc3983-5daf-40b6-8dea-a8e712cf73bb,java/sql/ResultSet.java,next
f1dc3983-5daf-40b6-8dea-a8e712cf73bb,dcfb92ea-1a1c-400e-b05a-3685c4f1cd00,2853d66a-845c-4c98-914c-b03cca6c9684,->,f1dc3983-5daf-40b6-8dea-a8e712cf73bb,java/sql/ResultSet.java,getString
f1dc3983-5daf-40b6-8dea-a8e712cf73bb,dcfb92ea-1a1c-400e-b05a-3685c4f1cd00,2853d66a-845c-4c98-914c-b03cca6c9684,->,f1dc3983-5daf-40b6-8dea-a8e712cf73bb,java/sql/ResultSet.java,getString
f1dc3983-5daf-40b6-8dea-a8e712cf73bb,dcfb92ea-1a1c-400e-b05a-3685c4f1cd00,2853d66a-845c-4c98-914c-b03cca6c9684,->,f1dc3983-5daf-40b6-8dea-a8e712cf73bb,java/sql/ResultSet.java,getInt
f1dc3983-5daf-40b6-8dea-a8e712cf73bb,dcfb92ea-1a1c-400e-b05a-3685c4f1cd00,2853d66a-845c-4c98-914c-b03cca6c9684,->,f1dc3983-5daf-40b6-8dea-a8e712cf73bb,java/util/List.java,add
f1dc3983-5daf-40b6-8dea-a8e712cf73bb,edfb3cf2-a62e-4314-ac6a-8a6bad7c286e,88410a01-e410-4bb7-9a97-52d8529eca65,->,f1dc3983-5daf-40b6-8dea-a8e712cf73bb,java/lang/String.java,toLowerCase
f1dc3983-5daf-40b6-8dea-a8e712cf73bb,edfb3cf2-a62e-4314-ac6a-8a6bad7c286e,88410a01-e410-4bb7-9a97-52d8529eca65,->,f1dc3983-5daf-40b6-8dea-a8e712cf73bb,java/lang/String.java,toLowerCase
f1dc3983-5daf-40b6-8dea-a8e712cf73bb,edfb3cf2-a62e-4314-ac6a-8a6bad7c286e,88410a01-e410-4bb7-9a97-52d8529eca65,->,f1dc3983-5daf-40b6-8dea-a8e712cf73bb,java/lang/String.java,compareTo
f1dc3983-5daf-40b6-8dea-a8e712cf73bb,edfb3cf2-a62e-4314-ac6a-8a6bad7c286e,bf0c5573-8380-4d69-8f55-84b1b99687f0,->,f1dc3983-5daf-40b6-8dea-a8e712cf73bb,edfb3cf2-a62e-4314-ac6a-8a6bad7c286e,31fc4442-6758-4542-8b88-507887482e44
f1dc3983-5daf-40b6-8dea-a8e712cf73bb,edfb3cf2-a62e-4314-ac6a-8a6bad7c286e,bf0c5573-8380-4d69-8f55-84b1b99687f0,->,f1dc3983-5daf-40b6-8dea-a8e712cf73bb,edfb3cf2-a62e-4314-ac6a-8a6bad7c286e,31fc4442-6758-4542-8b88-507887482e44
f1dc3983-5daf-40b6-8dea-a8e712cf73bb,edfb3cf2-a62e-4314-ac6a-8a6bad7c286e,bf0c5573-8380-4d69-8f55-84b1b99687f0,->,f1dc3983-5daf-40b6-8dea-a8e712cf73bb,edfb3cf2-a62e-4314-ac6a-8a6bad7c286e,88410a01-e410-4bb7-9a97-52d8529eca65
f1dc3983-5daf-40b6-8dea-a8e712cf73bb,edfb3cf2-a62e-4314-ac6a-8a6bad7c286e,b43f6d4f-fa3c-426a-a31f-80b24f502659,->,f1dc3983-5daf-40b6-8dea-a8e712cf73bb,42b060b8-8069-4ce2-b697-af4348e810da,9db7681e-b6da-43b8-a39b-41ccc0a749a4
f1dc3983-5daf-40b6-8dea-a8e712cf73bb,edfb3cf2-a62e-4314-ac6a-8a6bad7c286e,b43f6d4f-fa3c-426a-a31f-80b24f502659,->,f1dc3983-5daf-40b6-8dea-a8e712cf73bb,42b060b8-8069-4ce2-b697-af4348e810da,46d432c2-a1a4-4b52-b6cc-f87678e11b1f
f1dc3983-5daf-40b6-8dea-a8e712cf73bb,edfb3cf2-a62e-4314-ac6a-8a6bad7c286e,8f43ca4e-bb1d-4a93-91f5-3dc72f51b72f,->,f1dc3983-5daf-40b6-8dea-a8e712cf73bb,42b060b8-8069-4ce2-b697-af4348e810da,9db7681e-b6da-43b8-a39b-41ccc0a749a4
f1dc3983-5daf-40b6-8dea-a8e712cf73bb,edfb3cf2-a62e-4314-ac6a-8a6bad7c286e,8f43ca4e-bb1d-4a93-91f5-3dc72f51b72f,->,f1dc3983-5daf-40b6-8dea-a8e712cf73bb,42b060b8-8069-4ce2-b697-af4348e810da,50e8e26e-78cc-4394-90df-06fe25b6f7a4
f1dc3983-5daf-40b6-8dea-a8e712cf73bb,edfb3cf2-a62e-4314-ac6a-8a6bad7c286e,c297c987-786b-4d60-b873-119bb90abb26,->,f1dc3983-5daf-40b6-8dea-a8e712cf73bb,java/lang/String.java,hashCode
f1dc3983-5daf-40b6-8dea-a8e712cf73bb,edfb3cf2-a62e-4314-ac6a-8a6bad7c286e,a417c716-8098-47d5-894f-3f69752ab23b,->,f1dc3983-5daf-40b6-8dea-a8e712cf73bb,dcfb92ea-1a1c-400e-b05a-3685c4f1cd00,c4d7b40b-c986-4a57-9b84-2bdf07190901
f1dc3983-5daf-40b6-8dea-a8e712cf73bb,edfb3cf2-a62e-4314-ac6a-8a6bad7c286e,a417c716-8098-47d5-894f-3f69752ab23b,->,f1dc3983-5daf-40b6-8dea-a8e712cf73bb,dcfb92ea-1a1c-400e-b05a-3685c4f1cd00,951d0c22-3fdf-4c2b-926a-01739787a25b
f1dc3983-5daf-40b6-8dea-a8e712cf73bb,edfb3cf2-a62e-4314-ac6a-8a6bad7c286e,88410a01-e410-4bb7-9a97-52d8529eca65,->,f1dc3983-5daf-40b6-8dea-a8e712cf73bb,edfb3cf2-a62e-4314-ac6a-8a6bad7c286e,88410a01-e410-4bb7-9a97-52d8529eca65
f1dc3983-5daf-40b6-8dea-a8e712cf73bb,9dba587e-18d4-4fa5-bc1c-d81e081a843d,4f3993f0-1f4e-4f55-a15b-b0809673a9d3,->,f1dc3983-5daf-40b6-8dea-a8e712cf73bb,46ea8bdb-6073-4428-9248-da3e9e211ea4,b00f4f60-8f1d-4f31-91bd-b2cc0615c9e0
f1dc3983-5daf-40b6-8dea-a8e712cf73bb,9dba587e-18d4-4fa5-bc1c-d81e081a843d,4f3993f0-1f4e-4f55-a15b-b0809673a9d3,->,f1dc3983-5daf-40b6-8dea-a8e712cf73bb,46ea8bdb-6073-4428-9248-da3e9e211ea4,e9b86211-4a60-41dc-9404-e69ae43c1bc9
f1dc3983-5daf-40b6-8dea-a8e712cf73bb,9dba587e-18d4-4fa5-bc1c-d81e081a843d,4f3993f0-1f4e-4f55-a15b-b0809673a9d3,->,f1dc3983-5daf-40b6-8dea-a8e712cf73bb,46ea8bdb-6073-4428-9248-da3e9e211ea4,0a25df6d-a020-4827-90f4-0de7e48fd272
f1dc3983-5daf-40b6-8dea-a8e712cf73bb,9dba587e-18d4-4fa5-bc1c-d81e081a843d,4f3993f0-1f4e-4f55-a15b-b0809673a9d3,->,f1dc3983-5daf-40b6-8dea-a8e712cf73bb,46ea8bdb-6073-4428-9248-da3e9e211ea4,2bf4f2e5-4982-4a35-a850-06a2a4b7c700
f1dc3983-5daf-40b6-8dea-a8e712cf73bb,9dba587e-18d4-4fa5-bc1c-d81e081a843d,4f3993f0-1f4e-4f55-a15b-b0809673a9d3,->,f1dc3983-5daf-40b6-8dea-a8e712cf73bb,46ea8bdb-6073-4428-9248-da3e9e211ea4,530d3865-c0c6-4ad3-b88c-2a63ab68c911
f1dc3983-5daf-40b6-8dea-a8e712cf73bb,9dba587e-18d4-4fa5-bc1c-d81e081a843d,4f3993f0-1f4e-4f55-a15b-b0809673a9d3,->,f1dc3983-5daf-40b6-8dea-a8e712cf73bb,46ea8bdb-6073-4428-9248-da3e9e211ea4,"65523ea8-674d-4a7c-b591-441b58b393e2,81994144-8fcb-4ad4-b1bd-3b23831aeafe"
f1dc3983-5daf-40b6-8dea-a8e712cf73bb,9dba587e-18d4-4fa5-bc1c-d81e081a843d,4f3993f0-1f4e-4f55-a15b-b0809673a9d3,->,f1dc3983-5daf-40b6-8dea-a8e712cf73bb,46ea8bdb-6073-4428-9248-da3e9e211ea4,28054cce-8af9-4c57-8f92-6923af772d76
f1dc3983-5daf-40b6-8dea-a8e712cf73bb,9dba587e-18d4-4fa5-bc1c-d81e081a843d,4f3993f0-1f4e-4f55-a15b-b0809673a9d3,->,f1dc3983-5daf-40b6-8dea-a8e712cf73bb,46ea8bdb-6073-4428-9248-da3e9e211ea4,05e13568-4545-4aba-b5e5-4a0bd4502a65
f1dc3983-5daf-40b6-8dea-a8e712cf73bb,9dba587e-18d4-4fa5-bc1c-d81e081a843d,4f3993f0-1f4e-4f55-a15b-b0809673a9d3,->,f1dc3983-5daf-40b6-8dea-a8e712cf73bb,46ea8bdb-6073-4428-9248-da3e9e211ea4,7e022196-315f-48a3-8618-1c577db54747
f1dc3983-5daf-40b6-8dea-a8e712cf73bb,9dba587e-18d4-4fa5-bc1c-d81e081a843d,4f3993f0-1f4e-4f55-a15b-b0809673a9d3,->,f1dc3983-5daf-40b6-8dea-a8e712cf73bb,46ea8bdb-6073-4428-9248-da3e9e211ea4,8fc58116-acbd-488f-b7a8-30c798751805
f1dc3983-5daf-40b6-8dea-a8e712cf73bb,9dba587e-18d4-4fa5-bc1c-d81e081a843d,4f3993f0-1f4e-4f55-a15b-b0809673a9d3,->,f1dc3983-5daf-40b6-8dea-a8e712cf73bb,46ea8bdb-6073-4428-9248-da3e9e211ea4,ab0ad166-68b0-486e-88c7-18a9fe878e86
f1dc3983-5daf-40b6-8dea-a8e712cf73bb,9dba587e-18d4-4fa5-bc1c-d81e081a843d,4f3993f0-1f4e-4f55-a15b-b0809673a9d3,->,f1dc3983-5daf-40b6-8dea-a8e712cf73bb,46ea8bdb-6073-4428-9248-da3e9e211ea4,005ada01-4732-4964-a154-e045159482f1
f1dc3983-5daf-40b6-8dea-a8e712cf73bb,9dba587e-18d4-4fa5-bc1c-d81e081a843d,4f3993f0-1f4e-4f55-a15b-b0809673a9d3,->,f1dc3983-5daf-40b6-8dea-a8e712cf73bb,46ea8bdb-6073-4428-9248-da3e9e211ea4,6f58e015-f448-43e7-b239-45c313accc3f
f1dc3983-5daf-40b6-8dea-a8e712cf73bb,9dba587e-18d4-4fa5-bc1c-d81e081a843d,4f3993f0-1f4e-4f55-a15b-b0809673a9d3,->,f1dc3983-5daf-40b6-8dea-a8e712cf73bb,46ea8bdb-6073-4428-9248-da3e9e211ea4,f3566917-81dc-4c55-830e-92527b3bb039
f1dc3983-5daf-40b6-8dea-a8e712cf73bb,9dba587e-18d4-4fa5-bc1c-d81e081a843d,4f3993f0-1f4e-4f55-a15b-b0809673a9d3,->,f1dc3983-5daf-40b6-8dea-a8e712cf73bb,46ea8bdb-6073-4428-9248-da3e9e211ea4,e3bc6356-89c6-427c-8a2c-23b727ab1aa9
f1dc3983-5daf-40b6-8dea-a8e712cf73bb,9dba587e-18d4-4fa5-bc1c-d81e081a843d,4f3993f0-1f4e-4f55-a15b-b0809673a9d3,->,f1dc3983-5daf-40b6-8dea-a8e712cf73bb,7111fdad-32ae-44ce-aecb-8a1afef85fc1,a66609bb-5bb4-4d32-8852-aeba9c835db3
f1dc3983-5daf-40b6-8dea-a8e712cf73bb,9dba587e-18d4-4fa5-bc1c-d81e081a843d,4f3993f0-1f4e-4f55-a15b-b0809673a9d3,->,f1dc3983-5daf-40b6-8dea-a8e712cf73bb,7111fdad-32ae-44ce-aecb-8a1afef85fc1,a66609bb-5bb4-4d32-8852-aeba9c835db3
f1dc3983-5daf-40b6-8dea-a8e712cf73bb,9dba587e-18d4-4fa5-bc1c-d81e081a843d,4f3993f0-1f4e-4f55-a15b-b0809673a9d3,->,f1dc3983-5daf-40b6-8dea-a8e712cf73bb,2e5ebc02-f3d0-423a-95be-92767c90aca1,61edbe51-d793-4134-9991-bb364dad9d0e
f1dc3983-5daf-40b6-8dea-a8e712cf73bb,9dba587e-18d4-4fa5-bc1c-d81e081a843d,4f3993f0-1f4e-4f55-a15b-b0809673a9d3,->,f1dc3983-5daf-40b6-8dea-a8e712cf73bb,2e5ebc02-f3d0-423a-95be-92767c90aca1,61edbe51-d793-4134-9991-bb364dad9d0e
f1dc3983-5daf-40b6-8dea-a8e712cf73bb,9dba587e-18d4-4fa5-bc1c-d81e081a843d,4f3993f0-1f4e-4f55-a15b-b0809673a9d3,->,f1dc3983-5daf-40b6-8dea-a8e712cf73bb,46ea8bdb-6073-4428-9248-da3e9e211ea4,5ad442c7-c5fe-44fe-b9c4-87e93693da64
f1dc3983-5daf-40b6-8dea-a8e712cf73bb,9dba587e-18d4-4fa5-bc1c-d81e081a843d,4f3993f0-1f4e-4f55-a15b-b0809673a9d3,->,f1dc3983-5daf-40b6-8dea-a8e712cf73bb,46ea8bdb-6073-4428-9248-da3e9e211ea4,5ad442c7-c5fe-44fe-b9c4-87e93693da64
f1dc3983-5daf-40b6-8dea-a8e712cf73bb,9dba587e-18d4-4fa5-bc1c-d81e081a843d,4f3993f0-1f4e-4f55-a15b-b0809673a9d3,->,f1dc3983-5daf-40b6-8dea-a8e712cf73bb,46ea8bdb-6073-4428-9248-da3e9e211ea4,e3bc6356-89c6-427c-8a2c-23b727ab1aa9
f1dc3983-5daf-40b6-8dea-a8e712cf73bb,9dba587e-18d4-4fa5-bc1c-d81e081a843d,4f3993f0-1f4e-4f55-a15b-b0809673a9d3,->,f1dc3983-5daf-40b6-8dea-a8e712cf73bb,42b060b8-8069-4ce2-b697-af4348e810da,9db7681e-b6da-43b8-a39b-41ccc0a749a4
f1dc3983-5daf-40b6-8dea-a8e712cf73bb,9dba587e-18d4-4fa5-bc1c-d81e081a843d,4f3993f0-1f4e-4f55-a15b-b0809673a9d3,->,f1dc3983-5daf-40b6-8dea-a8e712cf73bb,42b060b8-8069-4ce2-b697-af4348e810da,9fe223bf-1976-4938-815d-5462fdea25d5
f1dc3983-5daf-40b6-8dea-a8e712cf73bb,9dba587e-18d4-4fa5-bc1c-d81e081a843d,4f3993f0-1f4e-4f55-a15b-b0809673a9d3,->,f1dc3983-5daf-40b6-8dea-a8e712cf73bb,java/util/List.java,get
f1dc3983-5daf-40b6-8dea-a8e712cf73bb,9dba587e-18d4-4fa5-bc1c-d81e081a843d,4f3993f0-1f4e-4f55-a15b-b0809673a9d3,->,f1dc3983-5daf-40b6-8dea-a8e712cf73bb,46ea8bdb-6073-4428-9248-da3e9e211ea4,b10cd8c8-1102-44e0-8f60-d2114b8ce88a
f1dc3983-5daf-40b6-8dea-a8e712cf73bb,9dba587e-18d4-4fa5-bc1c-d81e081a843d,4f3993f0-1f4e-4f55-a15b-b0809673a9d3,->,f1dc3983-5daf-40b6-8dea-a8e712cf73bb,java/util/Collection.java,iterator
f1dc3983-5daf-40b6-8dea-a8e712cf73bb,9dba587e-18d4-4fa5-bc1c-d81e081a843d,4f3993f0-1f4e-4f55-a15b-b0809673a9d3,->,f1dc3983-5daf-40b6-8dea-a8e712cf73bb,java/util/Iterator.java,next
f1dc3983-5daf-40b6-8dea-a8e712cf73bb,9dba587e-18d4-4fa5-bc1c-d81e081a843d,4f3993f0-1f4e-4f55-a15b-b0809673a9d3,->,f1dc3983-5daf-40b6-8dea-a8e712cf73bb,2e5ebc02-f3d0-423a-95be-92767c90aca1,0bb1b53f-6623-498e-a78a-36c548301bb7
f1dc3983-5daf-40b6-8dea-a8e712cf73bb,9dba587e-18d4-4fa5-bc1c-d81e081a843d,4f3993f0-1f4e-4f55-a15b-b0809673a9d3,->,f1dc3983-5daf-40b6-8dea-a8e712cf73bb,java/util/Collection.java,size
f1dc3983-5daf-40b6-8dea-a8e712cf73bb,9dba587e-18d4-4fa5-bc1c-d81e081a843d,4f3993f0-1f4e-4f55-a15b-b0809673a9d3,->,f1dc3983-5daf-40b6-8dea-a8e712cf73bb,java/io/PrintStream.java,println
f1dc3983-5daf-40b6-8dea-a8e712cf73bb,9dba587e-18d4-4fa5-bc1c-d81e081a843d,4f3993f0-1f4e-4f55-a15b-b0809673a9d3,->,f1dc3983-5daf-40b6-8dea-a8e712cf73bb,java/sql/SQLException.java,printStackTrace
f1dc3983-5daf-40b6-8dea-a8e712cf73bb,9dba587e-18d4-4fa5-bc1c-d81e081a843d,3bd5a7c1-ed7a-4abd-a00f-41bd8ba46204,->,f1dc3983-5daf-40b6-8dea-a8e712cf73bb,46ea8bdb-6073-4428-9248-da3e9e211ea4,b00f4f60-8f1d-4f31-91bd-b2cc0615c9e0
f1dc3983-5daf-40b6-8dea-a8e712cf73bb,9dba587e-18d4-4fa5-bc1c-d81e081a843d,3bd5a7c1-ed7a-4abd-a00f-41bd8ba46204,->,f1dc3983-5daf-40b6-8dea-a8e712cf73bb,46ea8bdb-6073-4428-9248-da3e9e211ea4,e9b86211-4a60-41dc-9404-e69ae43c1bc9
f1dc3983-5daf-40b6-8dea-a8e712cf73bb,9dba587e-18d4-4fa5-bc1c-d81e081a843d,3bd5a7c1-ed7a-4abd-a00f-41bd8ba46204,->,f1dc3983-5daf-40b6-8dea-a8e712cf73bb,46ea8bdb-6073-4428-9248-da3e9e211ea4,0a25df6d-a020-4827-90f4-0de7e48fd272
f1dc3983-5daf-40b6-8dea-a8e712cf73bb,9dba587e-18d4-4fa5-bc1c-d81e081a843d,3bd5a7c1-ed7a-4abd-a00f-41bd8ba46204,->,f1dc3983-5daf-40b6-8dea-a8e712cf73bb,46ea8bdb-6073-4428-9248-da3e9e211ea4,2bf4f2e5-4982-4a35-a850-06a2a4b7c700
f1dc3983-5daf-40b6-8dea-a8e712cf73bb,9dba587e-18d4-4fa5-bc1c-d81e081a843d,3bd5a7c1-ed7a-4abd-a00f-41bd8ba46204,->,f1dc3983-5daf-40b6-8dea-a8e712cf73bb,46ea8bdb-6073-4428-9248-da3e9e211ea4,530d3865-c0c6-4ad3-b88c-2a63ab68c911
f1dc3983-5daf-40b6-8dea-a8e712cf73bb,9dba587e-18d4-4fa5-bc1c-d81e081a843d,3bd5a7c1-ed7a-4abd-a00f-41bd8ba46204,->,f1dc3983-5daf-40b6-8dea-a8e712cf73bb,46ea8bdb-6073-4428-9248-da3e9e211ea4,"65523ea8-674d-4a7c-b591-441b58b393e2,81994144-8fcb-4ad4-b1bd-3b23831aeafe"
f1dc3983-5daf-40b6-8dea-a8e712cf73bb,9dba587e-18d4-4fa5-bc1c-d81e081a843d,3bd5a7c1-ed7a-4abd-a00f-41bd8ba46204,->,f1dc3983-5daf-40b6-8dea-a8e712cf73bb,46ea8bdb-6073-4428-9248-da3e9e211ea4,28054cce-8af9-4c57-8f92-6923af772d76
f1dc3983-5daf-40b6-8dea-a8e712cf73bb,9dba587e-18d4-4fa5-bc1c-d81e081a843d,3bd5a7c1-ed7a-4abd-a00f-41bd8ba46204,->,f1dc3983-5daf-40b6-8dea-a8e712cf73bb,46ea8bdb-6073-4428-9248-da3e9e211ea4,05e13568-4545-4aba-b5e5-4a0bd4502a65
f1dc3983-5daf-40b6-8dea-a8e712cf73bb,9dba587e-18d4-4fa5-bc1c-d81e081a843d,3bd5a7c1-ed7a-4abd-a00f-41bd8ba46204,->,f1dc3983-5daf-40b6-8dea-a8e712cf73bb,46ea8bdb-6073-4428-9248-da3e9e211ea4,7e022196-315f-48a3-8618-1c577db54747
f1dc3983-5daf-40b6-8dea-a8e712cf73bb,9dba587e-18d4-4fa5-bc1c-d81e081a843d,3bd5a7c1-ed7a-4abd-a00f-41bd8ba46204,->,f1dc3983-5daf-40b6-8dea-a8e712cf73bb,46ea8bdb-6073-4428-9248-da3e9e211ea4,8fc58116-acbd-488f-b7a8-30c798751805
f1dc3983-5daf-40b6-8dea-a8e712cf73bb,9dba587e-18d4-4fa5-bc1c-d81e081a843d,3bd5a7c1-ed7a-4abd-a00f-41bd8ba46204,->,f1dc3983-5daf-40b6-8dea-a8e712cf73bb,46ea8bdb-6073-4428-9248-da3e9e211ea4,ab0ad166-68b0-486e-88c7-18a9fe878e86
f1dc3983-5daf-40b6-8dea-a8e712cf73bb,9dba587e-18d4-4fa5-bc1c-d81e081a843d,3bd5a7c1-ed7a-4abd-a00f-41bd8ba46204,->,f1dc3983-5daf-40b6-8dea-a8e712cf73bb,46ea8bdb-6073-4428-9248-da3e9e211ea4,005ada01-4732-4964-a154-e045159482f1
f1dc3983-5daf-40b6-8dea-a8e712cf73bb,9dba587e-18d4-4fa5-bc1c-d81e081a843d,3bd5a7c1-ed7a-4abd-a00f-41bd8ba46204,->,f1dc3983-5daf-40b6-8dea-a8e712cf73bb,46ea8bdb-6073-4428-9248-da3e9e211ea4,6f58e015-f448-43e7-b239-45c313accc3f
f1dc3983-5daf-40b6-8dea-a8e712cf73bb,9dba587e-18d4-4fa5-bc1c-d81e081a843d,3bd5a7c1-ed7a-4abd-a00f-41bd8ba46204,->,f1dc3983-5daf-40b6-8dea-a8e712cf73bb,46ea8bdb-6073-4428-9248-da3e9e211ea4,f3566917-81dc-4c55-830e-92527b3bb039
f1dc3983-5daf-40b6-8dea-a8e712cf73bb,9dba587e-18d4-4fa5-bc1c-d81e081a843d,3bd5a7c1-ed7a-4abd-a00f-41bd8ba46204,->,f1dc3983-5daf-40b6-8dea-a8e712cf73bb,46ea8bdb-6073-4428-9248-da3e9e211ea4,e3bc6356-89c6-427c-8a2c-23b727ab1aa9
f1dc3983-5daf-40b6-8dea-a8e712cf73bb,9dba587e-18d4-4fa5-bc1c-d81e081a843d,3bd5a7c1-ed7a-4abd-a00f-41bd8ba46204,->,f1dc3983-5daf-40b6-8dea-a8e712cf73bb,7111fdad-32ae-44ce-aecb-8a1afef85fc1,a66609bb-5bb4-4d32-8852-aeba9c835db3
f1dc3983-5daf-40b6-8dea-a8e712cf73bb,9dba587e-18d4-4fa5-bc1c-d81e081a843d,3bd5a7c1-ed7a-4abd-a00f-41bd8ba46204,->,f1dc3983-5daf-40b6-8dea-a8e712cf73bb,7111fdad-32ae-44ce-aecb-8a1afef85fc1,a66609bb-5bb4-4d32-8852-aeba9c835db3
f1dc3983-5daf-40b6-8dea-a8e712cf73bb,9dba587e-18d4-4fa5-bc1c-d81e081a843d,3bd5a7c1-ed7a-4abd-a00f-41bd8ba46204,->,f1dc3983-5daf-40b6-8dea-a8e712cf73bb,2e5ebc02-f3d0-423a-95be-92767c90aca1,ada74ef7-a525-4fda-aee3-250768a3eafe
f1dc3983-5daf-40b6-8dea-a8e712cf73bb,9dba587e-18d4-4fa5-bc1c-d81e081a843d,3bd5a7c1-ed7a-4abd-a00f-41bd8ba46204,->,f1dc3983-5daf-40b6-8dea-a8e712cf73bb,2e5ebc02-f3d0-423a-95be-92767c90aca1,33fa2d5b-fbe6-479f-9dfe-b70c9f6c2697
f1dc3983-5daf-40b6-8dea-a8e712cf73bb,9dba587e-18d4-4fa5-bc1c-d81e081a843d,3bd5a7c1-ed7a-4abd-a00f-41bd8ba46204,->,f1dc3983-5daf-40b6-8dea-a8e712cf73bb,2e5ebc02-f3d0-423a-95be-92767c90aca1,ab22fc39-2497-4a20-b288-ae855507fb63
f1dc3983-5daf-40b6-8dea-a8e712cf73bb,9dba587e-18d4-4fa5-bc1c-d81e081a843d,3bd5a7c1-ed7a-4abd-a00f-41bd8ba46204,->,f1dc3983-5daf-40b6-8dea-a8e712cf73bb,2e5ebc02-f3d0-423a-95be-92767c90aca1,"ab479749-000c-4c44-acbf-8965decdf2f7,7d18af26-792c-493d-a951-2c2e96114534"
f1dc3983-5daf-40b6-8dea-a8e712cf73bb,9dba587e-18d4-4fa5-bc1c-d81e081a843d,3bd5a7c1-ed7a-4abd-a00f-41bd8ba46204,->,f1dc3983-5daf-40b6-8dea-a8e712cf73bb,2e5ebc02-f3d0-423a-95be-92767c90aca1,61edbe51-d793-4134-9991-bb364dad9d0e
f1dc3983-5daf-40b6-8dea-a8e712cf73bb,9dba587e-18d4-4fa5-bc1c-d81e081a843d,3bd5a7c1-ed7a-4abd-a00f-41bd8ba46204,->,f1dc3983-5daf-40b6-8dea-a8e712cf73bb,2e5ebc02-f3d0-423a-95be-92767c90aca1,ada74ef7-a525-4fda-aee3-250768a3eafe
f1dc3983-5daf-40b6-8dea-a8e712cf73bb,9dba587e-18d4-4fa5-bc1c-d81e081a843d,3bd5a7c1-ed7a-4abd-a00f-41bd8ba46204,->,f1dc3983-5daf-40b6-8dea-a8e712cf73bb,2e5ebc02-f3d0-423a-95be-92767c90aca1,33fa2d5b-fbe6-479f-9dfe-b70c9f6c2697
f1dc3983-5daf-40b6-8dea-a8e712cf73bb,9dba587e-18d4-4fa5-bc1c-d81e081a843d,3bd5a7c1-ed7a-4abd-a00f-41bd8ba46204,->,f1dc3983-5daf-40b6-8dea-a8e712cf73bb,2e5ebc02-f3d0-423a-95be-92767c90aca1,ab22fc39-2497-4a20-b288-ae855507fb63
f1dc3983-5daf-40b6-8dea-a8e712cf73bb,9dba587e-18d4-4fa5-bc1c-d81e081a843d,3bd5a7c1-ed7a-4abd-a00f-41bd8ba46204,->,f1dc3983-5daf-40b6-8dea-a8e712cf73bb,2e5ebc02-f3d0-423a-95be-92767c90aca1,"ab479749-000c-4c44-acbf-8965decdf2f7,7d18af26-792c-493d-a951-2c2e96114534"
f1dc3983-5daf-40b6-8dea-a8e712cf73bb,9dba587e-18d4-4fa5-bc1c-d81e081a843d,3bd5a7c1-ed7a-4abd-a00f-41bd8ba46204,->,f1dc3983-5daf-40b6-8dea-a8e712cf73bb,2e5ebc02-f3d0-423a-95be-92767c90aca1,61edbe51-d793-4134-9991-bb364dad9d0e
f1dc3983-5daf-40b6-8dea-a8e712cf73bb,9dba587e-18d4-4fa5-bc1c-d81e081a843d,3bd5a7c1-ed7a-4abd-a00f-41bd8ba46204,->,f1dc3983-5daf-40b6-8dea-a8e712cf73bb,46ea8bdb-6073-4428-9248-da3e9e211ea4,5ad442c7-c5fe-44fe-b9c4-87e93693da64
f1dc3983-5daf-40b6-8dea-a8e712cf73bb,9dba587e-18d4-4fa5-bc1c-d81e081a843d,3bd5a7c1-ed7a-4abd-a00f-41bd8ba46204,->,f1dc3983-5daf-40b6-8dea-a8e712cf73bb,46ea8bdb-6073-4428-9248-da3e9e211ea4,5ad442c7-c5fe-44fe-b9c4-87e93693da64
f1dc3983-5daf-40b6-8dea-a8e712cf73bb,9dba587e-18d4-4fa5-bc1c-d81e081a843d,3bd5a7c1-ed7a-4abd-a00f-41bd8ba46204,->,f1dc3983-5daf-40b6-8dea-a8e712cf73bb,46ea8bdb-6073-4428-9248-da3e9e211ea4,e3bc6356-89c6-427c-8a2c-23b727ab1aa9
f1dc3983-5daf-40b6-8dea-a8e712cf73bb,9dba587e-18d4-4fa5-bc1c-d81e081a843d,3bd5a7c1-ed7a-4abd-a00f-41bd8ba46204,->,f1dc3983-5daf-40b6-8dea-a8e712cf73bb,42b060b8-8069-4ce2-b697-af4348e810da,9db7681e-b6da-43b8-a39b-41ccc0a749a4
f1dc3983-5daf-40b6-8dea-a8e712cf73bb,9dba587e-18d4-4fa5-bc1c-d81e081a843d,3bd5a7c1-ed7a-4abd-a00f-41bd8ba46204,->,f1dc3983-5daf-40b6-8dea-a8e712cf73bb,42b060b8-8069-4ce2-b697-af4348e810da,9fe223bf-1976-4938-815d-5462fdea25d5
f1dc3983-5daf-40b6-8dea-a8e712cf73bb,9dba587e-18d4-4fa5-bc1c-d81e081a843d,3bd5a7c1-ed7a-4abd-a00f-41bd8ba46204,->,f1dc3983-5daf-40b6-8dea-a8e712cf73bb,java/util/List.java,get
f1dc3983-5daf-40b6-8dea-a8e712cf73bb,9dba587e-18d4-4fa5-bc1c-d81e081a843d,3bd5a7c1-ed7a-4abd-a00f-41bd8ba46204,->,f1dc3983-5daf-40b6-8dea-a8e712cf73bb,46ea8bdb-6073-4428-9248-da3e9e211ea4,b10cd8c8-1102-44e0-8f60-d2114b8ce88a
f1dc3983-5daf-40b6-8dea-a8e712cf73bb,9dba587e-18d4-4fa5-bc1c-d81e081a843d,3bd5a7c1-ed7a-4abd-a00f-41bd8ba46204,->,f1dc3983-5daf-40b6-8dea-a8e712cf73bb,java/util/Collection.java,iterator
f1dc3983-5daf-40b6-8dea-a8e712cf73bb,9dba587e-18d4-4fa5-bc1c-d81e081a843d,3bd5a7c1-ed7a-4abd-a00f-41bd8ba46204,->,f1dc3983-5daf-40b6-8dea-a8e712cf73bb,java/util/Iterator.java,next
f1dc3983-5daf-40b6-8dea-a8e712cf73bb,9dba587e-18d4-4fa5-bc1c-d81e081a843d,3bd5a7c1-ed7a-4abd-a00f-41bd8ba46204,->,f1dc3983-5daf-40b6-8dea-a8e712cf73bb,2e5ebc02-f3d0-423a-95be-92767c90aca1,0bb1b53f-6623-498e-a78a-36c548301bb7
f1dc3983-5daf-40b6-8dea-a8e712cf73bb,9dba587e-18d4-4fa5-bc1c-d81e081a843d,3bd5a7c1-ed7a-4abd-a00f-41bd8ba46204,->,f1dc3983-5daf-40b6-8dea-a8e712cf73bb,java/util/Collection.java,size
f1dc3983-5daf-40b6-8dea-a8e712cf73bb,9dba587e-18d4-4fa5-bc1c-d81e081a843d,3bd5a7c1-ed7a-4abd-a00f-41bd8ba46204,->,f1dc3983-5daf-40b6-8dea-a8e712cf73bb,java/io/PrintStream.java,println
f1dc3983-5daf-40b6-8dea-a8e712cf73bb,9dba587e-18d4-4fa5-bc1c-d81e081a843d,3bd5a7c1-ed7a-4abd-a00f-41bd8ba46204,->,f1dc3983-5daf-40b6-8dea-a8e712cf73bb,java/sql/SQLException.java,printStackTrace
f1dc3983-5daf-40b6-8dea-a8e712cf73bb,9dba587e-18d4-4fa5-bc1c-d81e081a843d,0f3025f1-aaa4-4c55-99b5-c3d378b28030,->,f1dc3983-5daf-40b6-8dea-a8e712cf73bb,46ea8bdb-6073-4428-9248-da3e9e211ea4,b00f4f60-8f1d-4f31-91bd-b2cc0615c9e0
f1dc3983-5daf-40b6-8dea-a8e712cf73bb,9dba587e-18d4-4fa5-bc1c-d81e081a843d,0f3025f1-aaa4-4c55-99b5-c3d378b28030,->,f1dc3983-5daf-40b6-8dea-a8e712cf73bb,46ea8bdb-6073-4428-9248-da3e9e211ea4,e9b86211-4a60-41dc-9404-e69ae43c1bc9
f1dc3983-5daf-40b6-8dea-a8e712cf73bb,9dba587e-18d4-4fa5-bc1c-d81e081a843d,0f3025f1-aaa4-4c55-99b5-c3d378b28030,->,f1dc3983-5daf-40b6-8dea-a8e712cf73bb,46ea8bdb-6073-4428-9248-da3e9e211ea4,0a25df6d-a020-4827-90f4-0de7e48fd272
f1dc3983-5daf-40b6-8dea-a8e712cf73bb,9dba587e-18d4-4fa5-bc1c-d81e081a843d,0f3025f1-aaa4-4c55-99b5-c3d378b28030,->,f1dc3983-5daf-40b6-8dea-a8e712cf73bb,46ea8bdb-6073-4428-9248-da3e9e211ea4,2bf4f2e5-4982-4a35-a850-06a2a4b7c700
f1dc3983-5daf-40b6-8dea-a8e712cf73bb,9dba587e-18d4-4fa5-bc1c-d81e081a843d,0f3025f1-aaa4-4c55-99b5-c3d378b28030,->,f1dc3983-5daf-40b6-8dea-a8e712cf73bb,46ea8bdb-6073-4428-9248-da3e9e211ea4,530d3865-c0c6-4ad3-b88c-2a63ab68c911
f1dc3983-5daf-40b6-8dea-a8e712cf73bb,9dba587e-18d4-4fa5-bc1c-d81e081a843d,0f3025f1-aaa4-4c55-99b5-c3d378b28030,->,f1dc3983-5daf-40b6-8dea-a8e712cf73bb,46ea8bdb-6073-4428-9248-da3e9e211ea4,"65523ea8-674d-4a7c-b591-441b58b393e2,81994144-8fcb-4ad4-b1bd-3b23831aeafe"
f1dc3983-5daf-40b6-8dea-a8e712cf73bb,9dba587e-18d4-4fa5-bc1c-d81e081a843d,0f3025f1-aaa4-4c55-99b5-c3d378b28030,->,f1dc3983-5daf-40b6-8dea-a8e712cf73bb,46ea8bdb-6073-4428-9248-da3e9e211ea4,28054cce-8af9-4c57-8f92-6923af772d76
f1dc3983-5daf-40b6-8dea-a8e712cf73bb,9dba587e-18d4-4fa5-bc1c-d81e081a843d,0f3025f1-aaa4-4c55-99b5-c3d378b28030,->,f1dc3983-5daf-40b6-8dea-a8e712cf73bb,46ea8bdb-6073-4428-9248-da3e9e211ea4,05e13568-4545-4aba-b5e5-4a0bd4502a65
f1dc3983-5daf-40b6-8dea-a8e712cf73bb,9dba587e-18d4-4fa5-bc1c-d81e081a843d,0f3025f1-aaa4-4c55-99b5-c3d378b28030,->,f1dc3983-5daf-40b6-8dea-a8e712cf73bb,46ea8bdb-6073-4428-9248-da3e9e211ea4,7e022196-315f-48a3-8618-1c577db54747
f1dc3983-5daf-40b6-8dea-a8e712cf73bb,9dba587e-18d4-4fa5-bc1c-d81e081a843d,0f3025f1-aaa4-4c55-99b5-c3d378b28030,->,f1dc3983-5daf-40b6-8dea-a8e712cf73bb,46ea8bdb-6073-4428-9248-da3e9e211ea4,8fc58116-acbd-488f-b7a8-30c798751805
f1dc3983-5daf-40b6-8dea-a8e712cf73bb,9dba587e-18d4-4fa5-bc1c-d81e081a843d,0f3025f1-aaa4-4c55-99b5-c3d378b28030,->,f1dc3983-5daf-40b6-8dea-a8e712cf73bb,46ea8bdb-6073-4428-9248-da3e9e211ea4,ab0ad166-68b0-486e-88c7-18a9fe878e86
f1dc3983-5daf-40b6-8dea-a8e712cf73bb,9dba587e-18d4-4fa5-bc1c-d81e081a843d,0f3025f1-aaa4-4c55-99b5-c3d378b28030,->,f1dc3983-5daf-40b6-8dea-a8e712cf73bb,46ea8bdb-6073-4428-9248-da3e9e211ea4,005ada01-4732-4964-a154-e045159482f1
f1dc3983-5daf-40b6-8dea-a8e712cf73bb,9dba587e-18d4-4fa5-bc1c-d81e081a843d,0f3025f1-aaa4-4c55-99b5-c3d378b28030,->,f1dc3983-5daf-40b6-8dea-a8e712cf73bb,46ea8bdb-6073-4428-9248-da3e9e211ea4,6f58e015-f448-43e7-b239-45c313accc3f
f1dc3983-5daf-40b6-8dea-a8e712cf73bb,9dba587e-18d4-4fa5-bc1c-d81e081a843d,0f3025f1-aaa4-4c55-99b5-c3d378b28030,->,f1dc3983-5daf-40b6-8dea-a8e712cf73bb,46ea8bdb-6073-4428-9248-da3e9e211ea4,f3566917-81dc-4c55-830e-92527b3bb039
f1dc3983-5daf-40b6-8dea-a8e712cf73bb,9dba587e-18d4-4fa5-bc1c-d81e081a843d,0f3025f1-aaa4-4c55-99b5-c3d378b28030,->,f1dc3983-5daf-40b6-8dea-a8e712cf73bb,46ea8bdb-6073-4428-9248-da3e9e211ea4,e3bc6356-89c6-427c-8a2c-23b727ab1aa9
f1dc3983-5daf-40b6-8dea-a8e712cf73bb,9dba587e-18d4-4fa5-bc1c-d81e081a843d,0f3025f1-aaa4-4c55-99b5-c3d378b28030,->,f1dc3983-5daf-40b6-8dea-a8e712cf73bb,7111fdad-32ae-44ce-aecb-8a1afef85fc1,a66609bb-5bb4-4d32-8852-aeba9c835db3
f1dc3983-5daf-40b6-8dea-a8e712cf73bb,9dba587e-18d4-4fa5-bc1c-d81e081a843d,0f3025f1-aaa4-4c55-99b5-c3d378b28030,->,f1dc3983-5daf-40b6-8dea-a8e712cf73bb,7111fdad-32ae-44ce-aecb-8a1afef85fc1,a66609bb-5bb4-4d32-8852-aeba9c835db3
f1dc3983-5daf-40b6-8dea-a8e712cf73bb,9dba587e-18d4-4fa5-bc1c-d81e081a843d,0f3025f1-aaa4-4c55-99b5-c3d378b28030,->,f1dc3983-5daf-40b6-8dea-a8e712cf73bb,2e5ebc02-f3d0-423a-95be-92767c90aca1,ada74ef7-a525-4fda-aee3-250768a3eafe
f1dc3983-5daf-40b6-8dea-a8e712cf73bb,9dba587e-18d4-4fa5-bc1c-d81e081a843d,0f3025f1-aaa4-4c55-99b5-c3d378b28030,->,f1dc3983-5daf-40b6-8dea-a8e712cf73bb,2e5ebc02-f3d0-423a-95be-92767c90aca1,33fa2d5b-fbe6-479f-9dfe-b70c9f6c2697
f1dc3983-5daf-40b6-8dea-a8e712cf73bb,9dba587e-18d4-4fa5-bc1c-d81e081a843d,0f3025f1-aaa4-4c55-99b5-c3d378b28030,->,f1dc3983-5daf-40b6-8dea-a8e712cf73bb,2e5ebc02-f3d0-423a-95be-92767c90aca1,ab22fc39-2497-4a20-b288-ae855507fb63
f1dc3983-5daf-40b6-8dea-a8e712cf73bb,9dba587e-18d4-4fa5-bc1c-d81e081a843d,0f3025f1-aaa4-4c55-99b5-c3d378b28030,->,f1dc3983-5daf-40b6-8dea-a8e712cf73bb,2e5ebc02-f3d0-423a-95be-92767c90aca1,"ab479749-000c-4c44-acbf-8965decdf2f7,7d18af26-792c-493d-a951-2c2e96114534"
f1dc3983-5daf-40b6-8dea-a8e712cf73bb,9dba587e-18d4-4fa5-bc1c-d81e081a843d,0f3025f1-aaa4-4c55-99b5-c3d378b28030,->,f1dc3983-5daf-40b6-8dea-a8e712cf73bb,2e5ebc02-f3d0-423a-95be-92767c90aca1,61edbe51-d793-4134-9991-bb364dad9d0e
f1dc3983-5daf-40b6-8dea-a8e712cf73bb,9dba587e-18d4-4fa5-bc1c-d81e081a843d,0f3025f1-aaa4-4c55-99b5-c3d378b28030,->,f1dc3983-5daf-40b6-8dea-a8e712cf73bb,2e5ebc02-f3d0-423a-95be-92767c90aca1,ada74ef7-a525-4fda-aee3-250768a3eafe
f1dc3983-5daf-40b6-8dea-a8e712cf73bb,9dba587e-18d4-4fa5-bc1c-d81e081a843d,0f3025f1-aaa4-4c55-99b5-c3d378b28030,->,f1dc3983-5daf-40b6-8dea-a8e712cf73bb,2e5ebc02-f3d0-423a-95be-92767c90aca1,33fa2d5b-fbe6-479f-9dfe-b70c9f6c2697
f1dc3983-5daf-40b6-8dea-a8e712cf73bb,9dba587e-18d4-4fa5-bc1c-d81e081a843d,0f3025f1-aaa4-4c55-99b5-c3d378b28030,->,f1dc3983-5daf-40b6-8dea-a8e712cf73bb,2e5ebc02-f3d0-423a-95be-92767c90aca1,ab22fc39-2497-4a20-b288-ae855507fb63
f1dc3983-5daf-40b6-8dea-a8e712cf73bb,9dba587e-18d4-4fa5-bc1c-d81e081a843d,0f3025f1-aaa4-4c55-99b5-c3d378b28030,->,f1dc3983-5daf-40b6-8dea-a8e712cf73bb,2e5ebc02-f3d0-423a-95be-92767c90aca1,"ab479749-000c-4c44-acbf-8965decdf2f7,7d18af26-792c-493d-a951-2c2e96114534"
f1dc3983-5daf-40b6-8dea-a8e712cf73bb,9dba587e-18d4-4fa5-bc1c-d81e081a843d,0f3025f1-aaa4-4c55-99b5-c3d378b28030,->,f1dc3983-5daf-40b6-8dea-a8e712cf73bb,2e5ebc02-f3d0-423a-95be-92767c90aca1,61edbe51-d793-4134-9991-bb364dad9d0e
f1dc3983-5daf-40b6-8dea-a8e712cf73bb,9dba587e-18d4-4fa5-bc1c-d81e081a843d,0f3025f1-aaa4-4c55-99b5-c3d378b28030,->,f1dc3983-5daf-40b6-8dea-a8e712cf73bb,46ea8bdb-6073-4428-9248-da3e9e211ea4,5ad442c7-c5fe-44fe-b9c4-87e93693da64
f1dc3983-5daf-40b6-8dea-a8e712cf73bb,9dba587e-18d4-4fa5-bc1c-d81e081a843d,0f3025f1-aaa4-4c55-99b5-c3d378b28030,->,f1dc3983-5daf-40b6-8dea-a8e712cf73bb,46ea8bdb-6073-4428-9248-da3e9e211ea4,5ad442c7-c5fe-44fe-b9c4-87e93693da64
f1dc3983-5daf-40b6-8dea-a8e712cf73bb,9dba587e-18d4-4fa5-bc1c-d81e081a843d,0f3025f1-aaa4-4c55-99b5-c3d378b28030,->,f1dc3983-5daf-40b6-8dea-a8e712cf73bb,46ea8bdb-6073-4428-9248-da3e9e211ea4,e3bc6356-89c6-427c-8a2c-23b727ab1aa9
f1dc3983-5daf-40b6-8dea-a8e712cf73bb,9dba587e-18d4-4fa5-bc1c-d81e081a843d,0f3025f1-aaa4-4c55-99b5-c3d378b28030,->,f1dc3983-5daf-40b6-8dea-a8e712cf73bb,42b060b8-8069-4ce2-b697-af4348e810da,9db7681e-b6da-43b8-a39b-41ccc0a749a4
f1dc3983-5daf-40b6-8dea-a8e712cf73bb,9dba587e-18d4-4fa5-bc1c-d81e081a843d,0f3025f1-aaa4-4c55-99b5-c3d378b28030,->,f1dc3983-5daf-40b6-8dea-a8e712cf73bb,42b060b8-8069-4ce2-b697-af4348e810da,9fe223bf-1976-4938-815d-5462fdea25d5
f1dc3983-5daf-40b6-8dea-a8e712cf73bb,9dba587e-18d4-4fa5-bc1c-d81e081a843d,0f3025f1-aaa4-4c55-99b5-c3d378b28030,->,f1dc3983-5daf-40b6-8dea-a8e712cf73bb,java/util/List.java,get
f1dc3983-5daf-40b6-8dea-a8e712cf73bb,9dba587e-18d4-4fa5-bc1c-d81e081a843d,0f3025f1-aaa4-4c55-99b5-c3d378b28030,->,f1dc3983-5daf-40b6-8dea-a8e712cf73bb,46ea8bdb-6073-4428-9248-da3e9e211ea4,3ef2b01d-de8a-4d80-804b-150b8772bb23
f1dc3983-5daf-40b6-8dea-a8e712cf73bb,9dba587e-18d4-4fa5-bc1c-d81e081a843d,0f3025f1-aaa4-4c55-99b5-c3d378b28030,->,f1dc3983-5daf-40b6-8dea-a8e712cf73bb,java/io/PrintStream.java,println
f1dc3983-5daf-40b6-8dea-a8e712cf73bb,9dba587e-18d4-4fa5-bc1c-d81e081a843d,0f3025f1-aaa4-4c55-99b5-c3d378b28030,->,f1dc3983-5daf-40b6-8dea-a8e712cf73bb,java/sql/SQLException.java,printStackTrace
f1dc3983-5daf-40b6-8dea-a8e712cf73bb,9dba587e-18d4-4fa5-bc1c-d81e081a843d,8d8d484a-8e91-4d9e-8716-66d9d037c221,->,f1dc3983-5daf-40b6-8dea-a8e712cf73bb,9dba587e-18d4-4fa5-bc1c-d81e081a843d,3bd5a7c1-ed7a-4abd-a00f-41bd8ba46204
f1dc3983-5daf-40b6-8dea-a8e712cf73bb,9dba587e-18d4-4fa5-bc1c-d81e081a843d,8d8d484a-8e91-4d9e-8716-66d9d037c221,->,f1dc3983-5daf-40b6-8dea-a8e712cf73bb,42b060b8-8069-4ce2-b697-af4348e810da,9db7681e-b6da-43b8-a39b-41ccc0a749a4
f1dc3983-5daf-40b6-8dea-a8e712cf73bb,9dba587e-18d4-4fa5-bc1c-d81e081a843d,8d8d484a-8e91-4d9e-8716-66d9d037c221,->,f1dc3983-5daf-40b6-8dea-a8e712cf73bb,42b060b8-8069-4ce2-b697-af4348e810da,9fe223bf-1976-4938-815d-5462fdea25d5
f1dc3983-5daf-40b6-8dea-a8e712cf73bb,9dba587e-18d4-4fa5-bc1c-d81e081a843d,8d8d484a-8e91-4d9e-8716-66d9d037c221,->,f1dc3983-5daf-40b6-8dea-a8e712cf73bb,java/util/List.java,get
f1dc3983-5daf-40b6-8dea-a8e712cf73bb,9dba587e-18d4-4fa5-bc1c-d81e081a843d,8d8d484a-8e91-4d9e-8716-66d9d037c221,->,f1dc3983-5daf-40b6-8dea-a8e712cf73bb,46ea8bdb-6073-4428-9248-da3e9e211ea4,b10cd8c8-1102-44e0-8f60-d2114b8ce88a
f1dc3983-5daf-40b6-8dea-a8e712cf73bb,9dba587e-18d4-4fa5-bc1c-d81e081a843d,8d8d484a-8e91-4d9e-8716-66d9d037c221,->,f1dc3983-5daf-40b6-8dea-a8e712cf73bb,java/util/Collection.java,iterator
f1dc3983-5daf-40b6-8dea-a8e712cf73bb,9dba587e-18d4-4fa5-bc1c-d81e081a843d,8d8d484a-8e91-4d9e-8716-66d9d037c221,->,f1dc3983-5daf-40b6-8dea-a8e712cf73bb,java/util/Iterator.java,next
f1dc3983-5daf-40b6-8dea-a8e712cf73bb,9dba587e-18d4-4fa5-bc1c-d81e081a843d,8d8d484a-8e91-4d9e-8716-66d9d037c221,->,f1dc3983-5daf-40b6-8dea-a8e712cf73bb,2e5ebc02-f3d0-423a-95be-92767c90aca1,0bb1b53f-6623-498e-a78a-36c548301bb7
f1dc3983-5daf-40b6-8dea-a8e712cf73bb,9dba587e-18d4-4fa5-bc1c-d81e081a843d,8d8d484a-8e91-4d9e-8716-66d9d037c221,->,f1dc3983-5daf-40b6-8dea-a8e712cf73bb,java/util/Collection.java,size
f1dc3983-5daf-40b6-8dea-a8e712cf73bb,9dba587e-18d4-4fa5-bc1c-d81e081a843d,8d8d484a-8e91-4d9e-8716-66d9d037c221,->,f1dc3983-5daf-40b6-8dea-a8e712cf73bb,46ea8bdb-6073-4428-9248-da3e9e211ea4,"ab276c7b-bd7c-4db8-9524-42f5f6d95974,bf9218e9-68f1-4c86-ba45-95330669fbb6"
f1dc3983-5daf-40b6-8dea-a8e712cf73bb,9dba587e-18d4-4fa5-bc1c-d81e081a843d,8d8d484a-8e91-4d9e-8716-66d9d037c221,->,f1dc3983-5daf-40b6-8dea-a8e712cf73bb,java/lang/String.java,length
f1dc3983-5daf-40b6-8dea-a8e712cf73bb,9dba587e-18d4-4fa5-bc1c-d81e081a843d,8d8d484a-8e91-4d9e-8716-66d9d037c221,->,f1dc3983-5daf-40b6-8dea-a8e712cf73bb,java/lang/Exception.java,printStackTrace
f1dc3983-5daf-40b6-8dea-a8e712cf73bb,9dba587e-18d4-4fa5-bc1c-d81e081a843d,97817b4a-834f-4350-a63b-c83de72108b4,->,f1dc3983-5daf-40b6-8dea-a8e712cf73bb,9dba587e-18d4-4fa5-bc1c-d81e081a843d,3bd5a7c1-ed7a-4abd-a00f-41bd8ba46204
f1dc3983-5daf-40b6-8dea-a8e712cf73bb,9dba587e-18d4-4fa5-bc1c-d81e081a843d,97817b4a-834f-4350-a63b-c83de72108b4,->,f1dc3983-5daf-40b6-8dea-a8e712cf73bb,42b060b8-8069-4ce2-b697-af4348e810da,9db7681e-b6da-43b8-a39b-41ccc0a749a4
f1dc3983-5daf-40b6-8dea-a8e712cf73bb,9dba587e-18d4-4fa5-bc1c-d81e081a843d,97817b4a-834f-4350-a63b-c83de72108b4,->,f1dc3983-5daf-40b6-8dea-a8e712cf73bb,42b060b8-8069-4ce2-b697-af4348e810da,b6677a8c-26a8-4911-be26-5b1ff9b09b1e
f1dc3983-5daf-40b6-8dea-a8e712cf73bb,9dba587e-18d4-4fa5-bc1c-d81e081a843d,97817b4a-834f-4350-a63b-c83de72108b4,->,f1dc3983-5daf-40b6-8dea-a8e712cf73bb,46ea8bdb-6073-4428-9248-da3e9e211ea4,"ab276c7b-bd7c-4db8-9524-42f5f6d95974,bf9218e9-68f1-4c86-ba45-95330669fbb6"
f1dc3983-5daf-40b6-8dea-a8e712cf73bb,9dba587e-18d4-4fa5-bc1c-d81e081a843d,97817b4a-834f-4350-a63b-c83de72108b4,->,f1dc3983-5daf-40b6-8dea-a8e712cf73bb,java/lang/String.java,length
f1dc3983-5daf-40b6-8dea-a8e712cf73bb,9dba587e-18d4-4fa5-bc1c-d81e081a843d,97817b4a-834f-4350-a63b-c83de72108b4,->,f1dc3983-5daf-40b6-8dea-a8e712cf73bb,java/lang/Exception.java,printStackTrace
f1dc3983-5daf-40b6-8dea-a8e712cf73bb,9dba587e-18d4-4fa5-bc1c-d81e081a843d,a124b152-87b9-4f1b-be35-aa537de748c4,->,f1dc3983-5daf-40b6-8dea-a8e712cf73bb,42b060b8-8069-4ce2-b697-af4348e810da,9db7681e-b6da-43b8-a39b-41ccc0a749a4
f1dc3983-5daf-40b6-8dea-a8e712cf73bb,9dba587e-18d4-4fa5-bc1c-d81e081a843d,a124b152-87b9-4f1b-be35-aa537de748c4,->,f1dc3983-5daf-40b6-8dea-a8e712cf73bb,42b060b8-8069-4ce2-b697-af4348e810da,13f64f8a-d353-416d-b1d1-fbbbbe17e793
f1dc3983-5daf-40b6-8dea-a8e712cf73bb,9dba587e-18d4-4fa5-bc1c-d81e081a843d,a124b152-87b9-4f1b-be35-aa537de748c4,->,f1dc3983-5daf-40b6-8dea-a8e712cf73bb,java/util/Collection.java,size
f1dc3983-5daf-40b6-8dea-a8e712cf73bb,9dba587e-18d4-4fa5-bc1c-d81e081a843d,a124b152-87b9-4f1b-be35-aa537de748c4,->,f1dc3983-5daf-40b6-8dea-a8e712cf73bb,java/sql/SQLException.java,printStackTrace
f1dc3983-5daf-40b6-8dea-a8e712cf73bb,9dba587e-18d4-4fa5-bc1c-d81e081a843d,18d445fd-c2d2-469d-a040-e6c92cf955ef,->,f1dc3983-5daf-40b6-8dea-a8e712cf73bb,46ea8bdb-6073-4428-9248-da3e9e211ea4,b00f4f60-8f1d-4f31-91bd-b2cc0615c9e0
f1dc3983-5daf-40b6-8dea-a8e712cf73bb,9dba587e-18d4-4fa5-bc1c-d81e081a843d,18d445fd-c2d2-469d-a040-e6c92cf955ef,->,f1dc3983-5daf-40b6-8dea-a8e712cf73bb,46ea8bdb-6073-4428-9248-da3e9e211ea4,e9b86211-4a60-41dc-9404-e69ae43c1bc9
f1dc3983-5daf-40b6-8dea-a8e712cf73bb,9dba587e-18d4-4fa5-bc1c-d81e081a843d,18d445fd-c2d2-469d-a040-e6c92cf955ef,->,f1dc3983-5daf-40b6-8dea-a8e712cf73bb,46ea8bdb-6073-4428-9248-da3e9e211ea4,0a25df6d-a020-4827-90f4-0de7e48fd272
f1dc3983-5daf-40b6-8dea-a8e712cf73bb,9dba587e-18d4-4fa5-bc1c-d81e081a843d,18d445fd-c2d2-469d-a040-e6c92cf955ef,->,f1dc3983-5daf-40b6-8dea-a8e712cf73bb,46ea8bdb-6073-4428-9248-da3e9e211ea4,2bf4f2e5-4982-4a35-a850-06a2a4b7c700
f1dc3983-5daf-40b6-8dea-a8e712cf73bb,9dba587e-18d4-4fa5-bc1c-d81e081a843d,18d445fd-c2d2-469d-a040-e6c92cf955ef,->,f1dc3983-5daf-40b6-8dea-a8e712cf73bb,46ea8bdb-6073-4428-9248-da3e9e211ea4,530d3865-c0c6-4ad3-b88c-2a63ab68c911
f1dc3983-5daf-40b6-8dea-a8e712cf73bb,9dba587e-18d4-4fa5-bc1c-d81e081a843d,18d445fd-c2d2-469d-a040-e6c92cf955ef,->,f1dc3983-5daf-40b6-8dea-a8e712cf73bb,46ea8bdb-6073-4428-9248-da3e9e211ea4,"65523ea8-674d-4a7c-b591-441b58b393e2,81994144-8fcb-4ad4-b1bd-3b23831aeafe"
f1dc3983-5daf-40b6-8dea-a8e712cf73bb,9dba587e-18d4-4fa5-bc1c-d81e081a843d,18d445fd-c2d2-469d-a040-e6c92cf955ef,->,f1dc3983-5daf-40b6-8dea-a8e712cf73bb,46ea8bdb-6073-4428-9248-da3e9e211ea4,28054cce-8af9-4c57-8f92-6923af772d76
f1dc3983-5daf-40b6-8dea-a8e712cf73bb,9dba587e-18d4-4fa5-bc1c-d81e081a843d,18d445fd-c2d2-469d-a040-e6c92cf955ef,->,f1dc3983-5daf-40b6-8dea-a8e712cf73bb,46ea8bdb-6073-4428-9248-da3e9e211ea4,05e13568-4545-4aba-b5e5-4a0bd4502a65
f1dc3983-5daf-40b6-8dea-a8e712cf73bb,9dba587e-18d4-4fa5-bc1c-d81e081a843d,18d445fd-c2d2-469d-a040-e6c92cf955ef,->,f1dc3983-5daf-40b6-8dea-a8e712cf73bb,46ea8bdb-6073-4428-9248-da3e9e211ea4,7e022196-315f-48a3-8618-1c577db54747
f1dc3983-5daf-40b6-8dea-a8e712cf73bb,9dba587e-18d4-4fa5-bc1c-d81e081a843d,18d445fd-c2d2-469d-a040-e6c92cf955ef,->,f1dc3983-5daf-40b6-8dea-a8e712cf73bb,46ea8bdb-6073-4428-9248-da3e9e211ea4,8fc58116-acbd-488f-b7a8-30c798751805
f1dc3983-5daf-40b6-8dea-a8e712cf73bb,9dba587e-18d4-4fa5-bc1c-d81e081a843d,18d445fd-c2d2-469d-a040-e6c92cf955ef,->,f1dc3983-5daf-40b6-8dea-a8e712cf73bb,46ea8bdb-6073-4428-9248-da3e9e211ea4,ab0ad166-68b0-486e-88c7-18a9fe878e86
f1dc3983-5daf-40b6-8dea-a8e712cf73bb,9dba587e-18d4-4fa5-bc1c-d81e081a843d,18d445fd-c2d2-469d-a040-e6c92cf955ef,->,f1dc3983-5daf-40b6-8dea-a8e712cf73bb,46ea8bdb-6073-4428-9248-da3e9e211ea4,005ada01-4732-4964-a154-e045159482f1
f1dc3983-5daf-40b6-8dea-a8e712cf73bb,9dba587e-18d4-4fa5-bc1c-d81e081a843d,18d445fd-c2d2-469d-a040-e6c92cf955ef,->,f1dc3983-5daf-40b6-8dea-a8e712cf73bb,46ea8bdb-6073-4428-9248-da3e9e211ea4,6f58e015-f448-43e7-b239-45c313accc3f
f1dc3983-5daf-40b6-8dea-a8e712cf73bb,9dba587e-18d4-4fa5-bc1c-d81e081a843d,18d445fd-c2d2-469d-a040-e6c92cf955ef,->,f1dc3983-5daf-40b6-8dea-a8e712cf73bb,46ea8bdb-6073-4428-9248-da3e9e211ea4,f3566917-81dc-4c55-830e-92527b3bb039
f1dc3983-5daf-40b6-8dea-a8e712cf73bb,9dba587e-18d4-4fa5-bc1c-d81e081a843d,18d445fd-c2d2-469d-a040-e6c92cf955ef,->,f1dc3983-5daf-40b6-8dea-a8e712cf73bb,46ea8bdb-6073-4428-9248-da3e9e211ea4,e3bc6356-89c6-427c-8a2c-23b727ab1aa9
f1dc3983-5daf-40b6-8dea-a8e712cf73bb,9dba587e-18d4-4fa5-bc1c-d81e081a843d,18d445fd-c2d2-469d-a040-e6c92cf955ef,->,f1dc3983-5daf-40b6-8dea-a8e712cf73bb,7111fdad-32ae-44ce-aecb-8a1afef85fc1,a66609bb-5bb4-4d32-8852-aeba9c835db3
f1dc3983-5daf-40b6-8dea-a8e712cf73bb,9dba587e-18d4-4fa5-bc1c-d81e081a843d,18d445fd-c2d2-469d-a040-e6c92cf955ef,->,f1dc3983-5daf-40b6-8dea-a8e712cf73bb,7111fdad-32ae-44ce-aecb-8a1afef85fc1,a66609bb-5bb4-4d32-8852-aeba9c835db3
f1dc3983-5daf-40b6-8dea-a8e712cf73bb,9dba587e-18d4-4fa5-bc1c-d81e081a843d,18d445fd-c2d2-469d-a040-e6c92cf955ef,->,f1dc3983-5daf-40b6-8dea-a8e712cf73bb,2e5ebc02-f3d0-423a-95be-92767c90aca1,ada74ef7-a525-4fda-aee3-250768a3eafe
f1dc3983-5daf-40b6-8dea-a8e712cf73bb,9dba587e-18d4-4fa5-bc1c-d81e081a843d,18d445fd-c2d2-469d-a040-e6c92cf955ef,->,f1dc3983-5daf-40b6-8dea-a8e712cf73bb,2e5ebc02-f3d0-423a-95be-92767c90aca1,33fa2d5b-fbe6-479f-9dfe-b70c9f6c2697
f1dc3983-5daf-40b6-8dea-a8e712cf73bb,9dba587e-18d4-4fa5-bc1c-d81e081a843d,18d445fd-c2d2-469d-a040-e6c92cf955ef,->,f1dc3983-5daf-40b6-8dea-a8e712cf73bb,2e5ebc02-f3d0-423a-95be-92767c90aca1,ab22fc39-2497-4a20-b288-ae855507fb63
f1dc3983-5daf-40b6-8dea-a8e712cf73bb,9dba587e-18d4-4fa5-bc1c-d81e081a843d,18d445fd-c2d2-469d-a040-e6c92cf955ef,->,f1dc3983-5daf-40b6-8dea-a8e712cf73bb,2e5ebc02-f3d0-423a-95be-92767c90aca1,"ab479749-000c-4c44-acbf-8965decdf2f7,7d18af26-792c-493d-a951-2c2e96114534"
f1dc3983-5daf-40b6-8dea-a8e712cf73bb,9dba587e-18d4-4fa5-bc1c-d81e081a843d,18d445fd-c2d2-469d-a040-e6c92cf955ef,->,f1dc3983-5daf-40b6-8dea-a8e712cf73bb,2e5ebc02-f3d0-423a-95be-92767c90aca1,61edbe51-d793-4134-9991-bb364dad9d0e
f1dc3983-5daf-40b6-8dea-a8e712cf73bb,9dba587e-18d4-4fa5-bc1c-d81e081a843d,18d445fd-c2d2-469d-a040-e6c92cf955ef,->,f1dc3983-5daf-40b6-8dea-a8e712cf73bb,2e5ebc02-f3d0-423a-95be-92767c90aca1,ada74ef7-a525-4fda-aee3-250768a3eafe
f1dc3983-5daf-40b6-8dea-a8e712cf73bb,9dba587e-18d4-4fa5-bc1c-d81e081a843d,18d445fd-c2d2-469d-a040-e6c92cf955ef,->,f1dc3983-5daf-40b6-8dea-a8e712cf73bb,2e5ebc02-f3d0-423a-95be-92767c90aca1,33fa2d5b-fbe6-479f-9dfe-b70c9f6c2697
f1dc3983-5daf-40b6-8dea-a8e712cf73bb,9dba587e-18d4-4fa5-bc1c-d81e081a843d,18d445fd-c2d2-469d-a040-e6c92cf955ef,->,f1dc3983-5daf-40b6-8dea-a8e712cf73bb,2e5ebc02-f3d0-423a-95be-92767c90aca1,ab22fc39-2497-4a20-b288-ae855507fb63
f1dc3983-5daf-40b6-8dea-a8e712cf73bb,9dba587e-18d4-4fa5-bc1c-d81e081a843d,18d445fd-c2d2-469d-a040-e6c92cf955ef,->,f1dc3983-5daf-40b6-8dea-a8e712cf73bb,2e5ebc02-f3d0-423a-95be-92767c90aca1,"ab479749-000c-4c44-acbf-8965decdf2f7,7d18af26-792c-493d-a951-2c2e96114534"
f1dc3983-5daf-40b6-8dea-a8e712cf73bb,9dba587e-18d4-4fa5-bc1c-d81e081a843d,18d445fd-c2d2-469d-a040-e6c92cf955ef,->,f1dc3983-5daf-40b6-8dea-a8e712cf73bb,2e5ebc02-f3d0-423a-95be-92767c90aca1,61edbe51-d793-4134-9991-bb364dad9d0e
f1dc3983-5daf-40b6-8dea-a8e712cf73bb,9dba587e-18d4-4fa5-bc1c-d81e081a843d,18d445fd-c2d2-469d-a040-e6c92cf955ef,->,f1dc3983-5daf-40b6-8dea-a8e712cf73bb,46ea8bdb-6073-4428-9248-da3e9e211ea4,5ad442c7-c5fe-44fe-b9c4-87e93693da64
f1dc3983-5daf-40b6-8dea-a8e712cf73bb,9dba587e-18d4-4fa5-bc1c-d81e081a843d,18d445fd-c2d2-469d-a040-e6c92cf955ef,->,f1dc3983-5daf-40b6-8dea-a8e712cf73bb,46ea8bdb-6073-4428-9248-da3e9e211ea4,5ad442c7-c5fe-44fe-b9c4-87e93693da64
f1dc3983-5daf-40b6-8dea-a8e712cf73bb,9dba587e-18d4-4fa5-bc1c-d81e081a843d,18d445fd-c2d2-469d-a040-e6c92cf955ef,->,f1dc3983-5daf-40b6-8dea-a8e712cf73bb,46ea8bdb-6073-4428-9248-da3e9e211ea4,e3bc6356-89c6-427c-8a2c-23b727ab1aa9
f1dc3983-5daf-40b6-8dea-a8e712cf73bb,9dba587e-18d4-4fa5-bc1c-d81e081a843d,18d445fd-c2d2-469d-a040-e6c92cf955ef,->,f1dc3983-5daf-40b6-8dea-a8e712cf73bb,42b060b8-8069-4ce2-b697-af4348e810da,9db7681e-b6da-43b8-a39b-41ccc0a749a4
f1dc3983-5daf-40b6-8dea-a8e712cf73bb,9dba587e-18d4-4fa5-bc1c-d81e081a843d,18d445fd-c2d2-469d-a040-e6c92cf955ef,->,f1dc3983-5daf-40b6-8dea-a8e712cf73bb,42b060b8-8069-4ce2-b697-af4348e810da,9fe223bf-1976-4938-815d-5462fdea25d5
f1dc3983-5daf-40b6-8dea-a8e712cf73bb,9dba587e-18d4-4fa5-bc1c-d81e081a843d,18d445fd-c2d2-469d-a040-e6c92cf955ef,->,f1dc3983-5daf-40b6-8dea-a8e712cf73bb,java/util/List.java,get
f1dc3983-5daf-40b6-8dea-a8e712cf73bb,9dba587e-18d4-4fa5-bc1c-d81e081a843d,18d445fd-c2d2-469d-a040-e6c92cf955ef,->,f1dc3983-5daf-40b6-8dea-a8e712cf73bb,46ea8bdb-6073-4428-9248-da3e9e211ea4,b10cd8c8-1102-44e0-8f60-d2114b8ce88a
f1dc3983-5daf-40b6-8dea-a8e712cf73bb,9dba587e-18d4-4fa5-bc1c-d81e081a843d,18d445fd-c2d2-469d-a040-e6c92cf955ef,->,f1dc3983-5daf-40b6-8dea-a8e712cf73bb,java/util/Collection.java,size
f1dc3983-5daf-40b6-8dea-a8e712cf73bb,9dba587e-18d4-4fa5-bc1c-d81e081a843d,18d445fd-c2d2-469d-a040-e6c92cf955ef,->,f1dc3983-5daf-40b6-8dea-a8e712cf73bb,46ea8bdb-6073-4428-9248-da3e9e211ea4,b10cd8c8-1102-44e0-8f60-d2114b8ce88a
f1dc3983-5daf-40b6-8dea-a8e712cf73bb,9dba587e-18d4-4fa5-bc1c-d81e081a843d,18d445fd-c2d2-469d-a040-e6c92cf955ef,->,f1dc3983-5daf-40b6-8dea-a8e712cf73bb,java/util/Collection.java,iterator
f1dc3983-5daf-40b6-8dea-a8e712cf73bb,9dba587e-18d4-4fa5-bc1c-d81e081a843d,18d445fd-c2d2-469d-a040-e6c92cf955ef,->,f1dc3983-5daf-40b6-8dea-a8e712cf73bb,java/util/Iterator.java,next
f1dc3983-5daf-40b6-8dea-a8e712cf73bb,9dba587e-18d4-4fa5-bc1c-d81e081a843d,18d445fd-c2d2-469d-a040-e6c92cf955ef,->,f1dc3983-5daf-40b6-8dea-a8e712cf73bb,2e5ebc02-f3d0-423a-95be-92767c90aca1,9bccf370-b2e7-4f17-886e-44b2aba8e789
f1dc3983-5daf-40b6-8dea-a8e712cf73bb,9dba587e-18d4-4fa5-bc1c-d81e081a843d,18d445fd-c2d2-469d-a040-e6c92cf955ef,->,f1dc3983-5daf-40b6-8dea-a8e712cf73bb,java/util/Collection.java,size
f1dc3983-5daf-40b6-8dea-a8e712cf73bb,9dba587e-18d4-4fa5-bc1c-d81e081a843d,18d445fd-c2d2-469d-a040-e6c92cf955ef,->,f1dc3983-5daf-40b6-8dea-a8e712cf73bb,46ea8bdb-6073-4428-9248-da3e9e211ea4,3ef2b01d-de8a-4d80-804b-150b8772bb23
f1dc3983-5daf-40b6-8dea-a8e712cf73bb,9dba587e-18d4-4fa5-bc1c-d81e081a843d,18d445fd-c2d2-469d-a040-e6c92cf955ef,->,f1dc3983-5daf-40b6-8dea-a8e712cf73bb,46ea8bdb-6073-4428-9248-da3e9e211ea4,b10cd8c8-1102-44e0-8f60-d2114b8ce88a
f1dc3983-5daf-40b6-8dea-a8e712cf73bb,9dba587e-18d4-4fa5-bc1c-d81e081a843d,18d445fd-c2d2-469d-a040-e6c92cf955ef,->,f1dc3983-5daf-40b6-8dea-a8e712cf73bb,java/util/Collection.java,iterator
f1dc3983-5daf-40b6-8dea-a8e712cf73bb,9dba587e-18d4-4fa5-bc1c-d81e081a843d,18d445fd-c2d2-469d-a040-e6c92cf955ef,->,f1dc3983-5daf-40b6-8dea-a8e712cf73bb,java/util/Iterator.java,next
f1dc3983-5daf-40b6-8dea-a8e712cf73bb,9dba587e-18d4-4fa5-bc1c-d81e081a843d,18d445fd-c2d2-469d-a040-e6c92cf955ef,->,f1dc3983-5daf-40b6-8dea-a8e712cf73bb,2e5ebc02-f3d0-423a-95be-92767c90aca1,0bb1b53f-6623-498e-a78a-36c548301bb7
f1dc3983-5daf-40b6-8dea-a8e712cf73bb,9dba587e-18d4-4fa5-bc1c-d81e081a843d,18d445fd-c2d2-469d-a040-e6c92cf955ef,->,f1dc3983-5daf-40b6-8dea-a8e712cf73bb,java/util/Collection.java,size
f1dc3983-5daf-40b6-8dea-a8e712cf73bb,9dba587e-18d4-4fa5-bc1c-d81e081a843d,18d445fd-c2d2-469d-a040-e6c92cf955ef,->,f1dc3983-5daf-40b6-8dea-a8e712cf73bb,java/io/PrintStream.java,println
f1dc3983-5daf-40b6-8dea-a8e712cf73bb,9dba587e-18d4-4fa5-bc1c-d81e081a843d,18d445fd-c2d2-469d-a040-e6c92cf955ef,->,f1dc3983-5daf-40b6-8dea-a8e712cf73bb,java/sql/SQLException.java,printStackTrace
f1dc3983-5daf-40b6-8dea-a8e712cf73bb,9dba587e-18d4-4fa5-bc1c-d81e081a843d,6d918ca8-5893-4747-8983-912259975b01,->,f1dc3983-5daf-40b6-8dea-a8e712cf73bb,9dba587e-18d4-4fa5-bc1c-d81e081a843d,4f3993f0-1f4e-4f55-a15b-b0809673a9d3
f1dc3983-5daf-40b6-8dea-a8e712cf73bb,9dba587e-18d4-4fa5-bc1c-d81e081a843d,6d918ca8-5893-4747-8983-912259975b01,->,f1dc3983-5daf-40b6-8dea-a8e712cf73bb,42b060b8-8069-4ce2-b697-af4348e810da,9db7681e-b6da-43b8-a39b-41ccc0a749a4
f1dc3983-5daf-40b6-8dea-a8e712cf73bb,9dba587e-18d4-4fa5-bc1c-d81e081a843d,6d918ca8-5893-4747-8983-912259975b01,->,f1dc3983-5daf-40b6-8dea-a8e712cf73bb,42b060b8-8069-4ce2-b697-af4348e810da,9fe223bf-1976-4938-815d-5462fdea25d5
f1dc3983-5daf-40b6-8dea-a8e712cf73bb,9dba587e-18d4-4fa5-bc1c-d81e081a843d,6d918ca8-5893-4747-8983-912259975b01,->,f1dc3983-5daf-40b6-8dea-a8e712cf73bb,java/util/List.java,get
f1dc3983-5daf-40b6-8dea-a8e712cf73bb,9dba587e-18d4-4fa5-bc1c-d81e081a843d,6d918ca8-5893-4747-8983-912259975b01,->,f1dc3983-5daf-40b6-8dea-a8e712cf73bb,46ea8bdb-6073-4428-9248-da3e9e211ea4,3ef2b01d-de8a-4d80-804b-150b8772bb23
f1dc3983-5daf-40b6-8dea-a8e712cf73bb,9dba587e-18d4-4fa5-bc1c-d81e081a843d,6d918ca8-5893-4747-8983-912259975b01,->,f1dc3983-5daf-40b6-8dea-a8e712cf73bb,46ea8bdb-6073-4428-9248-da3e9e211ea4,0fee9112-b5a0-418f-809e-64edae3413d3
f1dc3983-5daf-40b6-8dea-a8e712cf73bb,9dba587e-18d4-4fa5-bc1c-d81e081a843d,6d918ca8-5893-4747-8983-912259975b01,->,f1dc3983-5daf-40b6-8dea-a8e712cf73bb,java/lang/String.java,length
f1dc3983-5daf-40b6-8dea-a8e712cf73bb,9dba587e-18d4-4fa5-bc1c-d81e081a843d,6d918ca8-5893-4747-8983-912259975b01,->,f1dc3983-5daf-40b6-8dea-a8e712cf73bb,java/lang/StringBuilder.java,append
f1dc3983-5daf-40b6-8dea-a8e712cf73bb,9dba587e-18d4-4fa5-bc1c-d81e081a843d,6d918ca8-5893-4747-8983-912259975b01,->,f1dc3983-5daf-40b6-8dea-a8e712cf73bb,46ea8bdb-6073-4428-9248-da3e9e211ea4,f386fa86-95ac-4bbd-8f63-3971e561b0fa
f1dc3983-5daf-40b6-8dea-a8e712cf73bb,9dba587e-18d4-4fa5-bc1c-d81e081a843d,6d918ca8-5893-4747-8983-912259975b01,->,f1dc3983-5daf-40b6-8dea-a8e712cf73bb,java/lang/StringBuilder.java,append
f1dc3983-5daf-40b6-8dea-a8e712cf73bb,9dba587e-18d4-4fa5-bc1c-d81e081a843d,6d918ca8-5893-4747-8983-912259975b01,->,f1dc3983-5daf-40b6-8dea-a8e712cf73bb,java/lang/StringBuilder.java,toString
f1dc3983-5daf-40b6-8dea-a8e712cf73bb,9dba587e-18d4-4fa5-bc1c-d81e081a843d,6d918ca8-5893-4747-8983-912259975b01,->,f1dc3983-5daf-40b6-8dea-a8e712cf73bb,java/io/PrintStream.java,println
f1dc3983-5daf-40b6-8dea-a8e712cf73bb,9dba587e-18d4-4fa5-bc1c-d81e081a843d,6d918ca8-5893-4747-8983-912259975b01,->,f1dc3983-5daf-40b6-8dea-a8e712cf73bb,46ea8bdb-6073-4428-9248-da3e9e211ea4,f386fa86-95ac-4bbd-8f63-3971e561b0fa
f1dc3983-5daf-40b6-8dea-a8e712cf73bb,9dba587e-18d4-4fa5-bc1c-d81e081a843d,6d918ca8-5893-4747-8983-912259975b01,->,f1dc3983-5daf-40b6-8dea-a8e712cf73bb,java/lang/String.java,length
f1dc3983-5daf-40b6-8dea-a8e712cf73bb,9dba587e-18d4-4fa5-bc1c-d81e081a843d,6d918ca8-5893-4747-8983-912259975b01,->,f1dc3983-5daf-40b6-8dea-a8e712cf73bb,java/sql/SQLException.java,printStackTrace
f1dc3983-5daf-40b6-8dea-a8e712cf73bb,uk/co/brotherlogic/mdb/TrackTest.java,<clinit>,->,f1dc3983-5daf-40b6-8dea-a8e712cf73bb,java/lang/Class.java,desiredAssertionStatus
f1dc3983-5daf-40b6-8dea-a8e712cf73bb,5bff5f67-3f8d-4201-bec3-d7c009a97186,8bcb3077-59e4-4590-b57d-d5f298c32982,->,f1dc3983-5daf-40b6-8dea-a8e712cf73bb,46ea8bdb-6073-4428-9248-da3e9e211ea4,b00f4f60-8f1d-4f31-91bd-b2cc0615c9e0
f1dc3983-5daf-40b6-8dea-a8e712cf73bb,5bff5f67-3f8d-4201-bec3-d7c009a97186,8bcb3077-59e4-4590-b57d-d5f298c32982,->,f1dc3983-5daf-40b6-8dea-a8e712cf73bb,46ea8bdb-6073-4428-9248-da3e9e211ea4,e9b86211-4a60-41dc-9404-e69ae43c1bc9
f1dc3983-5daf-40b6-8dea-a8e712cf73bb,5bff5f67-3f8d-4201-bec3-d7c009a97186,8bcb3077-59e4-4590-b57d-d5f298c32982,->,f1dc3983-5daf-40b6-8dea-a8e712cf73bb,46ea8bdb-6073-4428-9248-da3e9e211ea4,0a25df6d-a020-4827-90f4-0de7e48fd272
f1dc3983-5daf-40b6-8dea-a8e712cf73bb,5bff5f67-3f8d-4201-bec3-d7c009a97186,8bcb3077-59e4-4590-b57d-d5f298c32982,->,f1dc3983-5daf-40b6-8dea-a8e712cf73bb,46ea8bdb-6073-4428-9248-da3e9e211ea4,2bf4f2e5-4982-4a35-a850-06a2a4b7c700
f1dc3983-5daf-40b6-8dea-a8e712cf73bb,5bff5f67-3f8d-4201-bec3-d7c009a97186,8bcb3077-59e4-4590-b57d-d5f298c32982,->,f1dc3983-5daf-40b6-8dea-a8e712cf73bb,46ea8bdb-6073-4428-9248-da3e9e211ea4,530d3865-c0c6-4ad3-b88c-2a63ab68c911
f1dc3983-5daf-40b6-8dea-a8e712cf73bb,5bff5f67-3f8d-4201-bec3-d7c009a97186,8bcb3077-59e4-4590-b57d-d5f298c32982,->,f1dc3983-5daf-40b6-8dea-a8e712cf73bb,46ea8bdb-6073-4428-9248-da3e9e211ea4,"65523ea8-674d-4a7c-b591-441b58b393e2,81994144-8fcb-4ad4-b1bd-3b23831aeafe"
f1dc3983-5daf-40b6-8dea-a8e712cf73bb,5bff5f67-3f8d-4201-bec3-d7c009a97186,8bcb3077-59e4-4590-b57d-d5f298c32982,->,f1dc3983-5daf-40b6-8dea-a8e712cf73bb,46ea8bdb-6073-4428-9248-da3e9e211ea4,28054cce-8af9-4c57-8f92-6923af772d76
f1dc3983-5daf-40b6-8dea-a8e712cf73bb,5bff5f67-3f8d-4201-bec3-d7c009a97186,8bcb3077-59e4-4590-b57d-d5f298c32982,->,f1dc3983-5daf-40b6-8dea-a8e712cf73bb,46ea8bdb-6073-4428-9248-da3e9e211ea4,05e13568-4545-4aba-b5e5-4a0bd4502a65
f1dc3983-5daf-40b6-8dea-a8e712cf73bb,5bff5f67-3f8d-4201-bec3-d7c009a97186,8bcb3077-59e4-4590-b57d-d5f298c32982,->,f1dc3983-5daf-40b6-8dea-a8e712cf73bb,46ea8bdb-6073-4428-9248-da3e9e211ea4,7e022196-315f-48a3-8618-1c577db54747
f1dc3983-5daf-40b6-8dea-a8e712cf73bb,5bff5f67-3f8d-4201-bec3-d7c009a97186,8bcb3077-59e4-4590-b57d-d5f298c32982,->,f1dc3983-5daf-40b6-8dea-a8e712cf73bb,46ea8bdb-6073-4428-9248-da3e9e211ea4,8fc58116-acbd-488f-b7a8-30c798751805
f1dc3983-5daf-40b6-8dea-a8e712cf73bb,5bff5f67-3f8d-4201-bec3-d7c009a97186,8bcb3077-59e4-4590-b57d-d5f298c32982,->,f1dc3983-5daf-40b6-8dea-a8e712cf73bb,46ea8bdb-6073-4428-9248-da3e9e211ea4,ab0ad166-68b0-486e-88c7-18a9fe878e86
f1dc3983-5daf-40b6-8dea-a8e712cf73bb,5bff5f67-3f8d-4201-bec3-d7c009a97186,8bcb3077-59e4-4590-b57d-d5f298c32982,->,f1dc3983-5daf-40b6-8dea-a8e712cf73bb,46ea8bdb-6073-4428-9248-da3e9e211ea4,005ada01-4732-4964-a154-e045159482f1
f1dc3983-5daf-40b6-8dea-a8e712cf73bb,5bff5f67-3f8d-4201-bec3-d7c009a97186,8bcb3077-59e4-4590-b57d-d5f298c32982,->,f1dc3983-5daf-40b6-8dea-a8e712cf73bb,46ea8bdb-6073-4428-9248-da3e9e211ea4,6f58e015-f448-43e7-b239-45c313accc3f
f1dc3983-5daf-40b6-8dea-a8e712cf73bb,5bff5f67-3f8d-4201-bec3-d7c009a97186,8bcb3077-59e4-4590-b57d-d5f298c32982,->,f1dc3983-5daf-40b6-8dea-a8e712cf73bb,46ea8bdb-6073-4428-9248-da3e9e211ea4,f3566917-81dc-4c55-830e-92527b3bb039
f1dc3983-5daf-40b6-8dea-a8e712cf73bb,5bff5f67-3f8d-4201-bec3-d7c009a97186,8bcb3077-59e4-4590-b57d-d5f298c32982,->,f1dc3983-5daf-40b6-8dea-a8e712cf73bb,46ea8bdb-6073-4428-9248-da3e9e211ea4,e02e7c45-46ae-439c-ab20-2747651fa32c
f1dc3983-5daf-40b6-8dea-a8e712cf73bb,5bff5f67-3f8d-4201-bec3-d7c009a97186,8bcb3077-59e4-4590-b57d-d5f298c32982,->,f1dc3983-5daf-40b6-8dea-a8e712cf73bb,46ea8bdb-6073-4428-9248-da3e9e211ea4,e3bc6356-89c6-427c-8a2c-23b727ab1aa9
f1dc3983-5daf-40b6-8dea-a8e712cf73bb,5bff5f67-3f8d-4201-bec3-d7c009a97186,8bcb3077-59e4-4590-b57d-d5f298c32982,->,f1dc3983-5daf-40b6-8dea-a8e712cf73bb,42b060b8-8069-4ce2-b697-af4348e810da,9db7681e-b6da-43b8-a39b-41ccc0a749a4
f1dc3983-5daf-40b6-8dea-a8e712cf73bb,5bff5f67-3f8d-4201-bec3-d7c009a97186,8bcb3077-59e4-4590-b57d-d5f298c32982,->,f1dc3983-5daf-40b6-8dea-a8e712cf73bb,42b060b8-8069-4ce2-b697-af4348e810da,9fe223bf-1976-4938-815d-5462fdea25d5
f1dc3983-5daf-40b6-8dea-a8e712cf73bb,5bff5f67-3f8d-4201-bec3-d7c009a97186,8bcb3077-59e4-4590-b57d-d5f298c32982,->,f1dc3983-5daf-40b6-8dea-a8e712cf73bb,java/util/List.java,get
f1dc3983-5daf-40b6-8dea-a8e712cf73bb,5bff5f67-3f8d-4201-bec3-d7c009a97186,8bcb3077-59e4-4590-b57d-d5f298c32982,->,f1dc3983-5daf-40b6-8dea-a8e712cf73bb,46ea8bdb-6073-4428-9248-da3e9e211ea4,30056950-15a9-4a0a-a4b2-a821dff86181
f1dc3983-5daf-40b6-8dea-a8e712cf73bb,5bff5f67-3f8d-4201-bec3-d7c009a97186,8bcb3077-59e4-4590-b57d-d5f298c32982,->,f1dc3983-5daf-40b6-8dea-a8e712cf73bb,java/util/Collection.java,size
f1dc3983-5daf-40b6-8dea-a8e712cf73bb,5bff5f67-3f8d-4201-bec3-d7c009a97186,8bcb3077-59e4-4590-b57d-d5f298c32982,->,f1dc3983-5daf-40b6-8dea-a8e712cf73bb,java/sql/SQLException.java,printStackTrace
f1dc3983-5daf-40b6-8dea-a8e712cf73bb,uk/co/brotherlogic/mdb/CatNoTest.java,<clinit>,->,f1dc3983-5daf-40b6-8dea-a8e712cf73bb,java/lang/Class.java,desiredAssertionStatus
f1dc3983-5daf-40b6-8dea-a8e712cf73bb,fcb3e895-f74c-4168-af17-351dabaabbfa,5a389de0-8329-440f-a219-d17207683538,->,f1dc3983-5daf-40b6-8dea-a8e712cf73bb,4d5d5404-a022-4f98-9bfb-75e7837433dc,cfe058b5-59f9-4bd2-85f2-07dd8ef7ca4b
f1dc3983-5daf-40b6-8dea-a8e712cf73bb,fcb3e895-f74c-4168-af17-351dabaabbfa,5a389de0-8329-440f-a219-d17207683538,->,f1dc3983-5daf-40b6-8dea-a8e712cf73bb,uk/co/brotherlogic/mdb/ConnectionTest.java,assertTrue
f1dc3983-5daf-40b6-8dea-a8e712cf73bb,fcb3e895-f74c-4168-af17-351dabaabbfa,5a389de0-8329-440f-a219-d17207683538,->,f1dc3983-5daf-40b6-8dea-a8e712cf73bb,java/sql/SQLException.java,printStackTrace
f1dc3983-5daf-40b6-8dea-a8e712cf73bb,804c0c58-ce27-403b-96d3-d8bbd0da88e1,"b2d2d98d-692b-49c7-bcd4-28acd3ba346f,39e98d01-514f-45d8-af9b-dde2e838ed74",->,f1dc3983-5daf-40b6-8dea-a8e712cf73bb,4d5d5404-a022-4f98-9bfb-75e7837433dc,cfe058b5-59f9-4bd2-85f2-07dd8ef7ca4b
f1dc3983-5daf-40b6-8dea-a8e712cf73bb,804c0c58-ce27-403b-96d3-d8bbd0da88e1,"b2d2d98d-692b-49c7-bcd4-28acd3ba346f,39e98d01-514f-45d8-af9b-dde2e838ed74",->,f1dc3983-5daf-40b6-8dea-a8e712cf73bb,4d5d5404-a022-4f98-9bfb-75e7837433dc,ab036b9d-aa4b-46f0-a485-9b2674240d25
f1dc3983-5daf-40b6-8dea-a8e712cf73bb,804c0c58-ce27-403b-96d3-d8bbd0da88e1,"b2d2d98d-692b-49c7-bcd4-28acd3ba346f,39e98d01-514f-45d8-af9b-dde2e838ed74",->,f1dc3983-5daf-40b6-8dea-a8e712cf73bb,java/sql/PreparedStatement.java,setInt
f1dc3983-5daf-40b6-8dea-a8e712cf73bb,804c0c58-ce27-403b-96d3-d8bbd0da88e1,"b2d2d98d-692b-49c7-bcd4-28acd3ba346f,39e98d01-514f-45d8-af9b-dde2e838ed74",->,f1dc3983-5daf-40b6-8dea-a8e712cf73bb,java/sql/PreparedStatement.java,executeQuery
f1dc3983-5daf-40b6-8dea-a8e712cf73bb,804c0c58-ce27-403b-96d3-d8bbd0da88e1,"b2d2d98d-692b-49c7-bcd4-28acd3ba346f,39e98d01-514f-45d8-af9b-dde2e838ed74",->,f1dc3983-5daf-40b6-8dea-a8e712cf73bb,java/sql/ResultSet.java,next
f1dc3983-5daf-40b6-8dea-a8e712cf73bb,804c0c58-ce27-403b-96d3-d8bbd0da88e1,"b2d2d98d-692b-49c7-bcd4-28acd3ba346f,39e98d01-514f-45d8-af9b-dde2e838ed74",->,f1dc3983-5daf-40b6-8dea-a8e712cf73bb,java/sql/ResultSet.java,getString
f1dc3983-5daf-40b6-8dea-a8e712cf73bb,804c0c58-ce27-403b-96d3-d8bbd0da88e1,"b2d2d98d-692b-49c7-bcd4-28acd3ba346f,39e98d01-514f-45d8-af9b-dde2e838ed74",->,f1dc3983-5daf-40b6-8dea-a8e712cf73bb,java/sql/SQLException.java,printStackTrace
f1dc3983-5daf-40b6-8dea-a8e712cf73bb,804c0c58-ce27-403b-96d3-d8bbd0da88e1,"b2d2d98d-692b-49c7-bcd4-28acd3ba346f,39e98d01-514f-45d8-af9b-dde2e838ed74",->,f1dc3983-5daf-40b6-8dea-a8e712cf73bb,4d5d5404-a022-4f98-9bfb-75e7837433dc,cfe058b5-59f9-4bd2-85f2-07dd8ef7ca4b
f1dc3983-5daf-40b6-8dea-a8e712cf73bb,804c0c58-ce27-403b-96d3-d8bbd0da88e1,"b2d2d98d-692b-49c7-bcd4-28acd3ba346f,39e98d01-514f-45d8-af9b-dde2e838ed74",->,f1dc3983-5daf-40b6-8dea-a8e712cf73bb,4d5d5404-a022-4f98-9bfb-75e7837433dc,ab036b9d-aa4b-46f0-a485-9b2674240d25
f1dc3983-5daf-40b6-8dea-a8e712cf73bb,804c0c58-ce27-403b-96d3-d8bbd0da88e1,"b2d2d98d-692b-49c7-bcd4-28acd3ba346f,39e98d01-514f-45d8-af9b-dde2e838ed74",->,f1dc3983-5daf-40b6-8dea-a8e712cf73bb,java/lang/String.java,toLowerCase
f1dc3983-5daf-40b6-8dea-a8e712cf73bb,804c0c58-ce27-403b-96d3-d8bbd0da88e1,"b2d2d98d-692b-49c7-bcd4-28acd3ba346f,39e98d01-514f-45d8-af9b-dde2e838ed74",->,f1dc3983-5daf-40b6-8dea-a8e712cf73bb,java/sql/PreparedStatement.java,setString
f1dc3983-5daf-40b6-8dea-a8e712cf73bb,804c0c58-ce27-403b-96d3-d8bbd0da88e1,"b2d2d98d-692b-49c7-bcd4-28acd3ba346f,39e98d01-514f-45d8-af9b-dde2e838ed74",->,f1dc3983-5daf-40b6-8dea-a8e712cf73bb,java/sql/PreparedStatement.java,executeQuery
f1dc3983-5daf-40b6-8dea-a8e712cf73bb,804c0c58-ce27-403b-96d3-d8bbd0da88e1,"b2d2d98d-692b-49c7-bcd4-28acd3ba346f,39e98d01-514f-45d8-af9b-dde2e838ed74",->,f1dc3983-5daf-40b6-8dea-a8e712cf73bb,java/sql/ResultSet.java,next
f1dc3983-5daf-40b6-8dea-a8e712cf73bb,804c0c58-ce27-403b-96d3-d8bbd0da88e1,"b2d2d98d-692b-49c7-bcd4-28acd3ba346f,39e98d01-514f-45d8-af9b-dde2e838ed74",->,f1dc3983-5daf-40b6-8dea-a8e712cf73bb,java/sql/ResultSet.java,getInt
f1dc3983-5daf-40b6-8dea-a8e712cf73bb,804c0c58-ce27-403b-96d3-d8bbd0da88e1,"b2d2d98d-692b-49c7-bcd4-28acd3ba346f,39e98d01-514f-45d8-af9b-dde2e838ed74",->,f1dc3983-5daf-40b6-8dea-a8e712cf73bb,java/sql/SQLException.java,printStackTrace
f1dc3983-5daf-40b6-8dea-a8e712cf73bb,804c0c58-ce27-403b-96d3-d8bbd0da88e1,e2227fa3-5d9e-4d66-a03f-e7fe58dd1004,->,f1dc3983-5daf-40b6-8dea-a8e712cf73bb,4d5d5404-a022-4f98-9bfb-75e7837433dc,cfe058b5-59f9-4bd2-85f2-07dd8ef7ca4b
f1dc3983-5daf-40b6-8dea-a8e712cf73bb,804c0c58-ce27-403b-96d3-d8bbd0da88e1,e2227fa3-5d9e-4d66-a03f-e7fe58dd1004,->,f1dc3983-5daf-40b6-8dea-a8e712cf73bb,4d5d5404-a022-4f98-9bfb-75e7837433dc,ab036b9d-aa4b-46f0-a485-9b2674240d25
f1dc3983-5daf-40b6-8dea-a8e712cf73bb,804c0c58-ce27-403b-96d3-d8bbd0da88e1,e2227fa3-5d9e-4d66-a03f-e7fe58dd1004,->,f1dc3983-5daf-40b6-8dea-a8e712cf73bb,java/sql/PreparedStatement.java,executeQuery
f1dc3983-5daf-40b6-8dea-a8e712cf73bb,804c0c58-ce27-403b-96d3-d8bbd0da88e1,e2227fa3-5d9e-4d66-a03f-e7fe58dd1004,->,f1dc3983-5daf-40b6-8dea-a8e712cf73bb,java/sql/ResultSet.java,next
f1dc3983-5daf-40b6-8dea-a8e712cf73bb,804c0c58-ce27-403b-96d3-d8bbd0da88e1,e2227fa3-5d9e-4d66-a03f-e7fe58dd1004,->,f1dc3983-5daf-40b6-8dea-a8e712cf73bb,java/sql/ResultSet.java,getInt
f1dc3983-5daf-40b6-8dea-a8e712cf73bb,804c0c58-ce27-403b-96d3-d8bbd0da88e1,e2227fa3-5d9e-4d66-a03f-e7fe58dd1004,->,f1dc3983-5daf-40b6-8dea-a8e712cf73bb,java/sql/ResultSet.java,getString
f1dc3983-5daf-40b6-8dea-a8e712cf73bb,804c0c58-ce27-403b-96d3-d8bbd0da88e1,e2227fa3-5d9e-4d66-a03f-e7fe58dd1004,->,f1dc3983-5daf-40b6-8dea-a8e712cf73bb,java/util/List.java,add
f1dc3983-5daf-40b6-8dea-a8e712cf73bb,804c0c58-ce27-403b-96d3-d8bbd0da88e1,e2227fa3-5d9e-4d66-a03f-e7fe58dd1004,->,f1dc3983-5daf-40b6-8dea-a8e712cf73bb,java/sql/SQLException.java,printStackTrace
f1dc3983-5daf-40b6-8dea-a8e712cf73bb,9c04f607-b9f4-4747-9ce2-9d53c09656c8,5a073fc4-1a6d-4fe1-97f1-fe532f4d1a17,->,f1dc3983-5daf-40b6-8dea-a8e712cf73bb,edfb3cf2-a62e-4314-ac6a-8a6bad7c286e,a417c716-8098-47d5-894f-3f69752ab23b
f1dc3983-5daf-40b6-8dea-a8e712cf73bb,9c04f607-b9f4-4747-9ce2-9d53c09656c8,5a073fc4-1a6d-4fe1-97f1-fe532f4d1a17,->,f1dc3983-5daf-40b6-8dea-a8e712cf73bb,dcfb92ea-1a1c-400e-b05a-3685c4f1cd00,c4d7b40b-c986-4a57-9b84-2bdf07190901
f1dc3983-5daf-40b6-8dea-a8e712cf73bb,9c04f607-b9f4-4747-9ce2-9d53c09656c8,5a073fc4-1a6d-4fe1-97f1-fe532f4d1a17,->,f1dc3983-5daf-40b6-8dea-a8e712cf73bb,dcfb92ea-1a1c-400e-b05a-3685c4f1cd00,"80ef8ac1-577e-42c6-9fdf-dcd7aaa3346a,3ba1642e-adf1-4231-aa75-c7cd5ad14b16"
f1dc3983-5daf-40b6-8dea-a8e712cf73bb,9c04f607-b9f4-4747-9ce2-9d53c09656c8,5a073fc4-1a6d-4fe1-97f1-fe532f4d1a17,->,f1dc3983-5daf-40b6-8dea-a8e712cf73bb,edfb3cf2-a62e-4314-ac6a-8a6bad7c286e,bf0c5573-8380-4d69-8f55-84b1b99687f0
f1dc3983-5daf-40b6-8dea-a8e712cf73bb,9c04f607-b9f4-4747-9ce2-9d53c09656c8,5a073fc4-1a6d-4fe1-97f1-fe532f4d1a17,->,f1dc3983-5daf-40b6-8dea-a8e712cf73bb,edfb3cf2-a62e-4314-ac6a-8a6bad7c286e,31fc4442-6758-4542-8b88-507887482e44
f1dc3983-5daf-40b6-8dea-a8e712cf73bb,9c04f607-b9f4-4747-9ce2-9d53c09656c8,5a073fc4-1a6d-4fe1-97f1-fe532f4d1a17,->,f1dc3983-5daf-40b6-8dea-a8e712cf73bb,edfb3cf2-a62e-4314-ac6a-8a6bad7c286e,a417c716-8098-47d5-894f-3f69752ab23b
f1dc3983-5daf-40b6-8dea-a8e712cf73bb,9c04f607-b9f4-4747-9ce2-9d53c09656c8,5a073fc4-1a6d-4fe1-97f1-fe532f4d1a17,->,f1dc3983-5daf-40b6-8dea-a8e712cf73bb,dcfb92ea-1a1c-400e-b05a-3685c4f1cd00,c4d7b40b-c986-4a57-9b84-2bdf07190901
f1dc3983-5daf-40b6-8dea-a8e712cf73bb,9c04f607-b9f4-4747-9ce2-9d53c09656c8,5a073fc4-1a6d-4fe1-97f1-fe532f4d1a17,->,f1dc3983-5daf-40b6-8dea-a8e712cf73bb,dcfb92ea-1a1c-400e-b05a-3685c4f1cd00,"80ef8ac1-577e-42c6-9fdf-dcd7aaa3346a,3ba1642e-adf1-4231-aa75-c7cd5ad14b16"
f1dc3983-5daf-40b6-8dea-a8e712cf73bb,9c04f607-b9f4-4747-9ce2-9d53c09656c8,5a073fc4-1a6d-4fe1-97f1-fe532f4d1a17,->,f1dc3983-5daf-40b6-8dea-a8e712cf73bb,edfb3cf2-a62e-4314-ac6a-8a6bad7c286e,bf0c5573-8380-4d69-8f55-84b1b99687f0
f1dc3983-5daf-40b6-8dea-a8e712cf73bb,9c04f607-b9f4-4747-9ce2-9d53c09656c8,5a073fc4-1a6d-4fe1-97f1-fe532f4d1a17,->,f1dc3983-5daf-40b6-8dea-a8e712cf73bb,edfb3cf2-a62e-4314-ac6a-8a6bad7c286e,bf0c5573-8380-4d69-8f55-84b1b99687f0
f1dc3983-5daf-40b6-8dea-a8e712cf73bb,9c04f607-b9f4-4747-9ce2-9d53c09656c8,5a073fc4-1a6d-4fe1-97f1-fe532f4d1a17,->,f1dc3983-5daf-40b6-8dea-a8e712cf73bb,java/sql/SQLException.java,printStackTrace
f1dc3983-5daf-40b6-8dea-a8e712cf73bb,uk/co/brotherlogic/mdb/ArtistTest.java,<clinit>,->,f1dc3983-5daf-40b6-8dea-a8e712cf73bb,java/lang/Class.java,desiredAssertionStatus
f1dc3983-5daf-40b6-8dea-a8e712cf73bb,58b6f058-eb41-4728-9329-3c253af52eb6,1d8cdc2d-2c7a-42ae-bea3-fd52db53c0a7,->,f1dc3983-5daf-40b6-8dea-a8e712cf73bb,f206751d-d458-4b7a-a4a8-72d4bc1e8a8c,3d03fe3b-9e2f-47ed-a9c1-c1f14e4288fc
f1dc3983-5daf-40b6-8dea-a8e712cf73bb,58b6f058-eb41-4728-9329-3c253af52eb6,1d8cdc2d-2c7a-42ae-bea3-fd52db53c0a7,->,f1dc3983-5daf-40b6-8dea-a8e712cf73bb,java/sql/PreparedStatement.java,setString
f1dc3983-5daf-40b6-8dea-a8e712cf73bb,58b6f058-eb41-4728-9329-3c253af52eb6,1d8cdc2d-2c7a-42ae-bea3-fd52db53c0a7,->,f1dc3983-5daf-40b6-8dea-a8e712cf73bb,f206751d-d458-4b7a-a4a8-72d4bc1e8a8c,8f15257a-8957-4dfb-8dfd-cdb2150c10d8
f1dc3983-5daf-40b6-8dea-a8e712cf73bb,58b6f058-eb41-4728-9329-3c253af52eb6,1d8cdc2d-2c7a-42ae-bea3-fd52db53c0a7,->,f1dc3983-5daf-40b6-8dea-a8e712cf73bb,java/sql/PreparedStatement.java,setString
f1dc3983-5daf-40b6-8dea-a8e712cf73bb,58b6f058-eb41-4728-9329-3c253af52eb6,1d8cdc2d-2c7a-42ae-bea3-fd52db53c0a7,->,f1dc3983-5daf-40b6-8dea-a8e712cf73bb,java/sql/PreparedStatement.java,executeQuery
f1dc3983-5daf-40b6-8dea-a8e712cf73bb,58b6f058-eb41-4728-9329-3c253af52eb6,1d8cdc2d-2c7a-42ae-bea3-fd52db53c0a7,->,f1dc3983-5daf-40b6-8dea-a8e712cf73bb,java/sql/ResultSet.java,next
f1dc3983-5daf-40b6-8dea-a8e712cf73bb,58b6f058-eb41-4728-9329-3c253af52eb6,1d8cdc2d-2c7a-42ae-bea3-fd52db53c0a7,->,f1dc3983-5daf-40b6-8dea-a8e712cf73bb,f206751d-d458-4b7a-a4a8-72d4bc1e8a8c,3d03fe3b-9e2f-47ed-a9c1-c1f14e4288fc
f1dc3983-5daf-40b6-8dea-a8e712cf73bb,58b6f058-eb41-4728-9329-3c253af52eb6,1d8cdc2d-2c7a-42ae-bea3-fd52db53c0a7,->,f1dc3983-5daf-40b6-8dea-a8e712cf73bb,java/sql/PreparedStatement.java,setString
f1dc3983-5daf-40b6-8dea-a8e712cf73bb,58b6f058-eb41-4728-9329-3c253af52eb6,1d8cdc2d-2c7a-42ae-bea3-fd52db53c0a7,->,f1dc3983-5daf-40b6-8dea-a8e712cf73bb,f206751d-d458-4b7a-a4a8-72d4bc1e8a8c,8f15257a-8957-4dfb-8dfd-cdb2150c10d8
f1dc3983-5daf-40b6-8dea-a8e712cf73bb,58b6f058-eb41-4728-9329-3c253af52eb6,1d8cdc2d-2c7a-42ae-bea3-fd52db53c0a7,->,f1dc3983-5daf-40b6-8dea-a8e712cf73bb,java/sql/PreparedStatement.java,setString
f1dc3983-5daf-40b6-8dea-a8e712cf73bb,58b6f058-eb41-4728-9329-3c253af52eb6,1d8cdc2d-2c7a-42ae-bea3-fd52db53c0a7,->,f1dc3983-5daf-40b6-8dea-a8e712cf73bb,4d5d5404-a022-4f98-9bfb-75e7837433dc,cfe058b5-59f9-4bd2-85f2-07dd8ef7ca4b
f1dc3983-5daf-40b6-8dea-a8e712cf73bb,58b6f058-eb41-4728-9329-3c253af52eb6,1d8cdc2d-2c7a-42ae-bea3-fd52db53c0a7,->,f1dc3983-5daf-40b6-8dea-a8e712cf73bb,4d5d5404-a022-4f98-9bfb-75e7837433dc,d5f515f6-e2fa-4169-8946-0af34553e682
f1dc3983-5daf-40b6-8dea-a8e712cf73bb,58b6f058-eb41-4728-9329-3c253af52eb6,1d8cdc2d-2c7a-42ae-bea3-fd52db53c0a7,->,f1dc3983-5daf-40b6-8dea-a8e712cf73bb,f206751d-d458-4b7a-a4a8-72d4bc1e8a8c,3d03fe3b-9e2f-47ed-a9c1-c1f14e4288fc
f1dc3983-5daf-40b6-8dea-a8e712cf73bb,58b6f058-eb41-4728-9329-3c253af52eb6,1d8cdc2d-2c7a-42ae-bea3-fd52db53c0a7,->,f1dc3983-5daf-40b6-8dea-a8e712cf73bb,java/sql/PreparedStatement.java,setString
f1dc3983-5daf-40b6-8dea-a8e712cf73bb,58b6f058-eb41-4728-9329-3c253af52eb6,1d8cdc2d-2c7a-42ae-bea3-fd52db53c0a7,->,f1dc3983-5daf-40b6-8dea-a8e712cf73bb,f206751d-d458-4b7a-a4a8-72d4bc1e8a8c,8f15257a-8957-4dfb-8dfd-cdb2150c10d8
f1dc3983-5daf-40b6-8dea-a8e712cf73bb,58b6f058-eb41-4728-9329-3c253af52eb6,1d8cdc2d-2c7a-42ae-bea3-fd52db53c0a7,->,f1dc3983-5daf-40b6-8dea-a8e712cf73bb,java/sql/PreparedStatement.java,setString
f1dc3983-5daf-40b6-8dea-a8e712cf73bb,58b6f058-eb41-4728-9329-3c253af52eb6,1d8cdc2d-2c7a-42ae-bea3-fd52db53c0a7,->,f1dc3983-5daf-40b6-8dea-a8e712cf73bb,java/sql/PreparedStatement.java,executeQuery
f1dc3983-5daf-40b6-8dea-a8e712cf73bb,58b6f058-eb41-4728-9329-3c253af52eb6,1d8cdc2d-2c7a-42ae-bea3-fd52db53c0a7,->,f1dc3983-5daf-40b6-8dea-a8e712cf73bb,java/sql/ResultSet.java,next
f1dc3983-5daf-40b6-8dea-a8e712cf73bb,58b6f058-eb41-4728-9329-3c253af52eb6,1d8cdc2d-2c7a-42ae-bea3-fd52db53c0a7,->,f1dc3983-5daf-40b6-8dea-a8e712cf73bb,java/sql/ResultSet.java,getInt
f1dc3983-5daf-40b6-8dea-a8e712cf73bb,58b6f058-eb41-4728-9329-3c253af52eb6,e142b8a7-395b-4fcf-a86d-d9b0b49ccbf6,->,f1dc3983-5daf-40b6-8dea-a8e712cf73bb,7111fdad-32ae-44ce-aecb-8a1afef85fc1,36a98832-47d1-4ed4-a704-6adeec721756
f1dc3983-5daf-40b6-8dea-a8e712cf73bb,58b6f058-eb41-4728-9329-3c253af52eb6,e142b8a7-395b-4fcf-a86d-d9b0b49ccbf6,->,f1dc3983-5daf-40b6-8dea-a8e712cf73bb,f206751d-d458-4b7a-a4a8-72d4bc1e8a8c,7469c91c-7952-46ee-b081-bdc11080c563
f1dc3983-5daf-40b6-8dea-a8e712cf73bb,58b6f058-eb41-4728-9329-3c253af52eb6,e142b8a7-395b-4fcf-a86d-d9b0b49ccbf6,->,f1dc3983-5daf-40b6-8dea-a8e712cf73bb,f206751d-d458-4b7a-a4a8-72d4bc1e8a8c,b03e9418-7ab3-4114-adfb-bf32f06a0d8a
f1dc3983-5daf-40b6-8dea-a8e712cf73bb,58b6f058-eb41-4728-9329-3c253af52eb6,e142b8a7-395b-4fcf-a86d-d9b0b49ccbf6,->,f1dc3983-5daf-40b6-8dea-a8e712cf73bb,7111fdad-32ae-44ce-aecb-8a1afef85fc1,0ddf0fdd-32f8-4bed-af92-3ea37a957041
f1dc3983-5daf-40b6-8dea-a8e712cf73bb,58b6f058-eb41-4728-9329-3c253af52eb6,e142b8a7-395b-4fcf-a86d-d9b0b49ccbf6,->,f1dc3983-5daf-40b6-8dea-a8e712cf73bb,58b6f058-eb41-4728-9329-3c253af52eb6,c213203e-c113-4ab1-8196-1931227fd407
f1dc3983-5daf-40b6-8dea-a8e712cf73bb,58b6f058-eb41-4728-9329-3c253af52eb6,e142b8a7-395b-4fcf-a86d-d9b0b49ccbf6,->,f1dc3983-5daf-40b6-8dea-a8e712cf73bb,7111fdad-32ae-44ce-aecb-8a1afef85fc1,0ddf0fdd-32f8-4bed-af92-3ea37a957041
f1dc3983-5daf-40b6-8dea-a8e712cf73bb,58b6f058-eb41-4728-9329-3c253af52eb6,240c58a0-ffff-4858-a63e-fc181fac321b,->,f1dc3983-5daf-40b6-8dea-a8e712cf73bb,java/util/Map.java,keySet
f1dc3983-5daf-40b6-8dea-a8e712cf73bb,58b6f058-eb41-4728-9329-3c253af52eb6,240c58a0-ffff-4858-a63e-fc181fac321b,->,f1dc3983-5daf-40b6-8dea-a8e712cf73bb,java/util/Set.java,iterator
f1dc3983-5daf-40b6-8dea-a8e712cf73bb,58b6f058-eb41-4728-9329-3c253af52eb6,240c58a0-ffff-4858-a63e-fc181fac321b,->,f1dc3983-5daf-40b6-8dea-a8e712cf73bb,java/util/Iterator.java,hasNext
f1dc3983-5daf-40b6-8dea-a8e712cf73bb,58b6f058-eb41-4728-9329-3c253af52eb6,240c58a0-ffff-4858-a63e-fc181fac321b,->,f1dc3983-5daf-40b6-8dea-a8e712cf73bb,java/util/Iterator.java,next
f1dc3983-5daf-40b6-8dea-a8e712cf73bb,58b6f058-eb41-4728-9329-3c253af52eb6,240c58a0-ffff-4858-a63e-fc181fac321b,->,f1dc3983-5daf-40b6-8dea-a8e712cf73bb,java/util/Map.java,get
f1dc3983-5daf-40b6-8dea-a8e712cf73bb,58b6f058-eb41-4728-9329-3c253af52eb6,240c58a0-ffff-4858-a63e-fc181fac321b,->,f1dc3983-5daf-40b6-8dea-a8e712cf73bb,java/util/Map.java,keySet
f1dc3983-5daf-40b6-8dea-a8e712cf73bb,58b6f058-eb41-4728-9329-3c253af52eb6,240c58a0-ffff-4858-a63e-fc181fac321b,->,f1dc3983-5daf-40b6-8dea-a8e712cf73bb,java/util/Set.java,contains
f1dc3983-5daf-40b6-8dea-a8e712cf73bb,58b6f058-eb41-4728-9329-3c253af52eb6,240c58a0-ffff-4858-a63e-fc181fac321b,->,f1dc3983-5daf-40b6-8dea-a8e712cf73bb,java/util/Map.java,put
f1dc3983-5daf-40b6-8dea-a8e712cf73bb,58b6f058-eb41-4728-9329-3c253af52eb6,240c58a0-ffff-4858-a63e-fc181fac321b,->,f1dc3983-5daf-40b6-8dea-a8e712cf73bb,java/util/Map.java,get
f1dc3983-5daf-40b6-8dea-a8e712cf73bb,58b6f058-eb41-4728-9329-3c253af52eb6,240c58a0-ffff-4858-a63e-fc181fac321b,->,f1dc3983-5daf-40b6-8dea-a8e712cf73bb,java/util/Map.java,get
f1dc3983-5daf-40b6-8dea-a8e712cf73bb,58b6f058-eb41-4728-9329-3c253af52eb6,240c58a0-ffff-4858-a63e-fc181fac321b,->,f1dc3983-5daf-40b6-8dea-a8e712cf73bb,f206751d-d458-4b7a-a4a8-72d4bc1e8a8c,acc54cbe-4183-474f-8494-9291b3a508e8
f1dc3983-5daf-40b6-8dea-a8e712cf73bb,58b6f058-eb41-4728-9329-3c253af52eb6,240c58a0-ffff-4858-a63e-fc181fac321b,->,f1dc3983-5daf-40b6-8dea-a8e712cf73bb,f206751d-d458-4b7a-a4a8-72d4bc1e8a8c,a5f4183f-39a3-442e-b79f-04602ad781be
f1dc3983-5daf-40b6-8dea-a8e712cf73bb,58b6f058-eb41-4728-9329-3c253af52eb6,240c58a0-ffff-4858-a63e-fc181fac321b,->,f1dc3983-5daf-40b6-8dea-a8e712cf73bb,java/util/Map.java,clear
f1dc3983-5daf-40b6-8dea-a8e712cf73bb,58b6f058-eb41-4728-9329-3c253af52eb6,97d8faa2-f7ea-4b7b-a3d4-f1120c94328d,->,f1dc3983-5daf-40b6-8dea-a8e712cf73bb,4d5d5404-a022-4f98-9bfb-75e7837433dc,cfe058b5-59f9-4bd2-85f2-07dd8ef7ca4b
f1dc3983-5daf-40b6-8dea-a8e712cf73bb,58b6f058-eb41-4728-9329-3c253af52eb6,97d8faa2-f7ea-4b7b-a3d4-f1120c94328d,->,f1dc3983-5daf-40b6-8dea-a8e712cf73bb,4d5d5404-a022-4f98-9bfb-75e7837433dc,ab036b9d-aa4b-46f0-a485-9b2674240d25
f1dc3983-5daf-40b6-8dea-a8e712cf73bb,58b6f058-eb41-4728-9329-3c253af52eb6,97d8faa2-f7ea-4b7b-a3d4-f1120c94328d,->,f1dc3983-5daf-40b6-8dea-a8e712cf73bb,java/sql/PreparedStatement.java,executeQuery
f1dc3983-5daf-40b6-8dea-a8e712cf73bb,58b6f058-eb41-4728-9329-3c253af52eb6,97d8faa2-f7ea-4b7b-a3d4-f1120c94328d,->,f1dc3983-5daf-40b6-8dea-a8e712cf73bb,java/sql/ResultSet.java,next
f1dc3983-5daf-40b6-8dea-a8e712cf73bb,58b6f058-eb41-4728-9329-3c253af52eb6,97d8faa2-f7ea-4b7b-a3d4-f1120c94328d,->,f1dc3983-5daf-40b6-8dea-a8e712cf73bb,java/sql/ResultSet.java,close
f1dc3983-5daf-40b6-8dea-a8e712cf73bb,58b6f058-eb41-4728-9329-3c253af52eb6,97d8faa2-f7ea-4b7b-a3d4-f1120c94328d,->,f1dc3983-5daf-40b6-8dea-a8e712cf73bb,java/sql/PreparedStatement.java,close
f1dc3983-5daf-40b6-8dea-a8e712cf73bb,58b6f058-eb41-4728-9329-3c253af52eb6,97d8faa2-f7ea-4b7b-a3d4-f1120c94328d,->,f1dc3983-5daf-40b6-8dea-a8e712cf73bb,4d5d5404-a022-4f98-9bfb-75e7837433dc,cfe058b5-59f9-4bd2-85f2-07dd8ef7ca4b
f1dc3983-5daf-40b6-8dea-a8e712cf73bb,58b6f058-eb41-4728-9329-3c253af52eb6,97d8faa2-f7ea-4b7b-a3d4-f1120c94328d,->,f1dc3983-5daf-40b6-8dea-a8e712cf73bb,4d5d5404-a022-4f98-9bfb-75e7837433dc,ab036b9d-aa4b-46f0-a485-9b2674240d25
f1dc3983-5daf-40b6-8dea-a8e712cf73bb,58b6f058-eb41-4728-9329-3c253af52eb6,97d8faa2-f7ea-4b7b-a3d4-f1120c94328d,->,f1dc3983-5daf-40b6-8dea-a8e712cf73bb,java/sql/PreparedStatement.java,execute
f1dc3983-5daf-40b6-8dea-a8e712cf73bb,58b6f058-eb41-4728-9329-3c253af52eb6,97d8faa2-f7ea-4b7b-a3d4-f1120c94328d,->,f1dc3983-5daf-40b6-8dea-a8e712cf73bb,java/sql/PreparedStatement.java,getResultSet
f1dc3983-5daf-40b6-8dea-a8e712cf73bb,58b6f058-eb41-4728-9329-3c253af52eb6,97d8faa2-f7ea-4b7b-a3d4-f1120c94328d,->,f1dc3983-5daf-40b6-8dea-a8e712cf73bb,java/sql/ResultSet.java,next
f1dc3983-5daf-40b6-8dea-a8e712cf73bb,58b6f058-eb41-4728-9329-3c253af52eb6,97d8faa2-f7ea-4b7b-a3d4-f1120c94328d,->,f1dc3983-5daf-40b6-8dea-a8e712cf73bb,java/sql/ResultSet.java,getString
f1dc3983-5daf-40b6-8dea-a8e712cf73bb,58b6f058-eb41-4728-9329-3c253af52eb6,97d8faa2-f7ea-4b7b-a3d4-f1120c94328d,->,f1dc3983-5daf-40b6-8dea-a8e712cf73bb,java/sql/ResultSet.java,getString
f1dc3983-5daf-40b6-8dea-a8e712cf73bb,58b6f058-eb41-4728-9329-3c253af52eb6,97d8faa2-f7ea-4b7b-a3d4-f1120c94328d,->,f1dc3983-5daf-40b6-8dea-a8e712cf73bb,java/sql/ResultSet.java,getInt
f1dc3983-5daf-40b6-8dea-a8e712cf73bb,58b6f058-eb41-4728-9329-3c253af52eb6,97d8faa2-f7ea-4b7b-a3d4-f1120c94328d,->,f1dc3983-5daf-40b6-8dea-a8e712cf73bb,java/util/Map.java,put
f1dc3983-5daf-40b6-8dea-a8e712cf73bb,58b6f058-eb41-4728-9329-3c253af52eb6,516719e8-df67-4d56-9ed0-c8dfe81ca613,->,f1dc3983-5daf-40b6-8dea-a8e712cf73bb,java/util/Map.java,values
f1dc3983-5daf-40b6-8dea-a8e712cf73bb,58b6f058-eb41-4728-9329-3c253af52eb6,"b80afa00-8b2d-4fc5-99de-f1442c6fe63b,c1171709-d810-432c-bd0b-22758db807c8",->,f1dc3983-5daf-40b6-8dea-a8e712cf73bb,a17892e1-e29a-43c6-a2db-748b6dc50328,afd43c94-8189-4bb7-a258-b5cde9446c63
f1dc3983-5daf-40b6-8dea-a8e712cf73bb,58b6f058-eb41-4728-9329-3c253af52eb6,"b80afa00-8b2d-4fc5-99de-f1442c6fe63b,c1171709-d810-432c-bd0b-22758db807c8",->,f1dc3983-5daf-40b6-8dea-a8e712cf73bb,4d5d5404-a022-4f98-9bfb-75e7837433dc,cfe058b5-59f9-4bd2-85f2-07dd8ef7ca4b
f1dc3983-5daf-40b6-8dea-a8e712cf73bb,58b6f058-eb41-4728-9329-3c253af52eb6,"b80afa00-8b2d-4fc5-99de-f1442c6fe63b,c1171709-d810-432c-bd0b-22758db807c8",->,f1dc3983-5daf-40b6-8dea-a8e712cf73bb,4d5d5404-a022-4f98-9bfb-75e7837433dc,ab036b9d-aa4b-46f0-a485-9b2674240d25
f1dc3983-5daf-40b6-8dea-a8e712cf73bb,58b6f058-eb41-4728-9329-3c253af52eb6,"b80afa00-8b2d-4fc5-99de-f1442c6fe63b,c1171709-d810-432c-bd0b-22758db807c8",->,f1dc3983-5daf-40b6-8dea-a8e712cf73bb,java/sql/PreparedStatement.java,setInt
f1dc3983-5daf-40b6-8dea-a8e712cf73bb,58b6f058-eb41-4728-9329-3c253af52eb6,"b80afa00-8b2d-4fc5-99de-f1442c6fe63b,c1171709-d810-432c-bd0b-22758db807c8",->,f1dc3983-5daf-40b6-8dea-a8e712cf73bb,java/sql/PreparedStatement.java,executeQuery
f1dc3983-5daf-40b6-8dea-a8e712cf73bb,58b6f058-eb41-4728-9329-3c253af52eb6,"b80afa00-8b2d-4fc5-99de-f1442c6fe63b,c1171709-d810-432c-bd0b-22758db807c8",->,f1dc3983-5daf-40b6-8dea-a8e712cf73bb,java/sql/ResultSet.java,next
f1dc3983-5daf-40b6-8dea-a8e712cf73bb,58b6f058-eb41-4728-9329-3c253af52eb6,"b80afa00-8b2d-4fc5-99de-f1442c6fe63b,c1171709-d810-432c-bd0b-22758db807c8",->,f1dc3983-5daf-40b6-8dea-a8e712cf73bb,java/sql/ResultSet.java,getString
f1dc3983-5daf-40b6-8dea-a8e712cf73bb,58b6f058-eb41-4728-9329-3c253af52eb6,"b80afa00-8b2d-4fc5-99de-f1442c6fe63b,c1171709-d810-432c-bd0b-22758db807c8",->,f1dc3983-5daf-40b6-8dea-a8e712cf73bb,java/sql/ResultSet.java,getString
f1dc3983-5daf-40b6-8dea-a8e712cf73bb,58b6f058-eb41-4728-9329-3c253af52eb6,"b80afa00-8b2d-4fc5-99de-f1442c6fe63b,c1171709-d810-432c-bd0b-22758db807c8",->,f1dc3983-5daf-40b6-8dea-a8e712cf73bb,java/sql/ResultSet.java,close
f1dc3983-5daf-40b6-8dea-a8e712cf73bb,58b6f058-eb41-4728-9329-3c253af52eb6,"b80afa00-8b2d-4fc5-99de-f1442c6fe63b,c1171709-d810-432c-bd0b-22758db807c8",->,f1dc3983-5daf-40b6-8dea-a8e712cf73bb,a17892e1-e29a-43c6-a2db-748b6dc50328,084ba6c9-7bf9-4350-8794-a9d4ca2dd6a8
f1dc3983-5daf-40b6-8dea-a8e712cf73bb,58b6f058-eb41-4728-9329-3c253af52eb6,"b80afa00-8b2d-4fc5-99de-f1442c6fe63b,c1171709-d810-432c-bd0b-22758db807c8",->,f1dc3983-5daf-40b6-8dea-a8e712cf73bb,4d5d5404-a022-4f98-9bfb-75e7837433dc,cfe058b5-59f9-4bd2-85f2-07dd8ef7ca4b
f1dc3983-5daf-40b6-8dea-a8e712cf73bb,58b6f058-eb41-4728-9329-3c253af52eb6,"b80afa00-8b2d-4fc5-99de-f1442c6fe63b,c1171709-d810-432c-bd0b-22758db807c8",->,f1dc3983-5daf-40b6-8dea-a8e712cf73bb,4d5d5404-a022-4f98-9bfb-75e7837433dc,ab036b9d-aa4b-46f0-a485-9b2674240d25
f1dc3983-5daf-40b6-8dea-a8e712cf73bb,58b6f058-eb41-4728-9329-3c253af52eb6,"b80afa00-8b2d-4fc5-99de-f1442c6fe63b,c1171709-d810-432c-bd0b-22758db807c8",->,f1dc3983-5daf-40b6-8dea-a8e712cf73bb,java/sql/PreparedStatement.java,setString
f1dc3983-5daf-40b6-8dea-a8e712cf73bb,58b6f058-eb41-4728-9329-3c253af52eb6,"b80afa00-8b2d-4fc5-99de-f1442c6fe63b,c1171709-d810-432c-bd0b-22758db807c8",->,f1dc3983-5daf-40b6-8dea-a8e712cf73bb,java/sql/PreparedStatement.java,executeQuery
f1dc3983-5daf-40b6-8dea-a8e712cf73bb,58b6f058-eb41-4728-9329-3c253af52eb6,"b80afa00-8b2d-4fc5-99de-f1442c6fe63b,c1171709-d810-432c-bd0b-22758db807c8",->,f1dc3983-5daf-40b6-8dea-a8e712cf73bb,java/sql/ResultSet.java,next
f1dc3983-5daf-40b6-8dea-a8e712cf73bb,58b6f058-eb41-4728-9329-3c253af52eb6,"b80afa00-8b2d-4fc5-99de-f1442c6fe63b,c1171709-d810-432c-bd0b-22758db807c8",->,f1dc3983-5daf-40b6-8dea-a8e712cf73bb,java/sql/ResultSet.java,getString
f1dc3983-5daf-40b6-8dea-a8e712cf73bb,58b6f058-eb41-4728-9329-3c253af52eb6,"b80afa00-8b2d-4fc5-99de-f1442c6fe63b,c1171709-d810-432c-bd0b-22758db807c8",->,f1dc3983-5daf-40b6-8dea-a8e712cf73bb,java/sql/ResultSet.java,getInt
f1dc3983-5daf-40b6-8dea-a8e712cf73bb,58b6f058-eb41-4728-9329-3c253af52eb6,"b80afa00-8b2d-4fc5-99de-f1442c6fe63b,c1171709-d810-432c-bd0b-22758db807c8",->,f1dc3983-5daf-40b6-8dea-a8e712cf73bb,java/sql/ResultSet.java,close
f1dc3983-5daf-40b6-8dea-a8e712cf73bb,58b6f058-eb41-4728-9329-3c253af52eb6,"b80afa00-8b2d-4fc5-99de-f1442c6fe63b,c1171709-d810-432c-bd0b-22758db807c8",->,f1dc3983-5daf-40b6-8dea-a8e712cf73bb,f206751d-d458-4b7a-a4a8-72d4bc1e8a8c,7469c91c-7952-46ee-b081-bdc11080c563
f1dc3983-5daf-40b6-8dea-a8e712cf73bb,58b6f058-eb41-4728-9329-3c253af52eb6,"b80afa00-8b2d-4fc5-99de-f1442c6fe63b,c1171709-d810-432c-bd0b-22758db807c8",->,f1dc3983-5daf-40b6-8dea-a8e712cf73bb,java/lang/Integer.java,valueOf
f1dc3983-5daf-40b6-8dea-a8e712cf73bb,58b6f058-eb41-4728-9329-3c253af52eb6,"b80afa00-8b2d-4fc5-99de-f1442c6fe63b,c1171709-d810-432c-bd0b-22758db807c8",->,f1dc3983-5daf-40b6-8dea-a8e712cf73bb,java/util/Map.java,put
f1dc3983-5daf-40b6-8dea-a8e712cf73bb,58b6f058-eb41-4728-9329-3c253af52eb6,4bfe96f7-22ea-4b1b-9f43-38f19cebf389,->,f1dc3983-5daf-40b6-8dea-a8e712cf73bb,4d5d5404-a022-4f98-9bfb-75e7837433dc,cfe058b5-59f9-4bd2-85f2-07dd8ef7ca4b
f1dc3983-5daf-40b6-8dea-a8e712cf73bb,58b6f058-eb41-4728-9329-3c253af52eb6,4bfe96f7-22ea-4b1b-9f43-38f19cebf389,->,f1dc3983-5daf-40b6-8dea-a8e712cf73bb,4d5d5404-a022-4f98-9bfb-75e7837433dc,ab036b9d-aa4b-46f0-a485-9b2674240d25
f1dc3983-5daf-40b6-8dea-a8e712cf73bb,58b6f058-eb41-4728-9329-3c253af52eb6,4bfe96f7-22ea-4b1b-9f43-38f19cebf389,->,f1dc3983-5daf-40b6-8dea-a8e712cf73bb,java/sql/PreparedStatement.java,setString
f1dc3983-5daf-40b6-8dea-a8e712cf73bb,58b6f058-eb41-4728-9329-3c253af52eb6,4bfe96f7-22ea-4b1b-9f43-38f19cebf389,->,f1dc3983-5daf-40b6-8dea-a8e712cf73bb,java/sql/PreparedStatement.java,executeQuery
f1dc3983-5daf-40b6-8dea-a8e712cf73bb,58b6f058-eb41-4728-9329-3c253af52eb6,4bfe96f7-22ea-4b1b-9f43-38f19cebf389,->,f1dc3983-5daf-40b6-8dea-a8e712cf73bb,java/sql/ResultSet.java,next
f1dc3983-5daf-40b6-8dea-a8e712cf73bb,58b6f058-eb41-4728-9329-3c253af52eb6,4bfe96f7-22ea-4b1b-9f43-38f19cebf389,->,f1dc3983-5daf-40b6-8dea-a8e712cf73bb,java/sql/ResultSet.java,getString
f1dc3983-5daf-40b6-8dea-a8e712cf73bb,58b6f058-eb41-4728-9329-3c253af52eb6,4bfe96f7-22ea-4b1b-9f43-38f19cebf389,->,f1dc3983-5daf-40b6-8dea-a8e712cf73bb,java/sql/ResultSet.java,getInt
f1dc3983-5daf-40b6-8dea-a8e712cf73bb,58b6f058-eb41-4728-9329-3c253af52eb6,4bfe96f7-22ea-4b1b-9f43-38f19cebf389,->,f1dc3983-5daf-40b6-8dea-a8e712cf73bb,java/sql/ResultSet.java,close
f1dc3983-5daf-40b6-8dea-a8e712cf73bb,58b6f058-eb41-4728-9329-3c253af52eb6,4bfe96f7-22ea-4b1b-9f43-38f19cebf389,->,f1dc3983-5daf-40b6-8dea-a8e712cf73bb,f206751d-d458-4b7a-a4a8-72d4bc1e8a8c,7469c91c-7952-46ee-b081-bdc11080c563
f1dc3983-5daf-40b6-8dea-a8e712cf73bb,58b6f058-eb41-4728-9329-3c253af52eb6,4bfe96f7-22ea-4b1b-9f43-38f19cebf389,->,f1dc3983-5daf-40b6-8dea-a8e712cf73bb,java/lang/Integer.java,valueOf
f1dc3983-5daf-40b6-8dea-a8e712cf73bb,58b6f058-eb41-4728-9329-3c253af52eb6,4bfe96f7-22ea-4b1b-9f43-38f19cebf389,->,f1dc3983-5daf-40b6-8dea-a8e712cf73bb,java/util/Map.java,put
f1dc3983-5daf-40b6-8dea-a8e712cf73bb,58b6f058-eb41-4728-9329-3c253af52eb6,b8287a65-168e-4565-ad87-a59e639645f0,->,f1dc3983-5daf-40b6-8dea-a8e712cf73bb,java/util/Map.java,size
f1dc3983-5daf-40b6-8dea-a8e712cf73bb,58b6f058-eb41-4728-9329-3c253af52eb6,b8287a65-168e-4565-ad87-a59e639645f0,->,f1dc3983-5daf-40b6-8dea-a8e712cf73bb,58b6f058-eb41-4728-9329-3c253af52eb6,97d8faa2-f7ea-4b7b-a3d4-f1120c94328d
f1dc3983-5daf-40b6-8dea-a8e712cf73bb,58b6f058-eb41-4728-9329-3c253af52eb6,b8287a65-168e-4565-ad87-a59e639645f0,->,f1dc3983-5daf-40b6-8dea-a8e712cf73bb,java/sql/SQLException.java,printStackTrace
f1dc3983-5daf-40b6-8dea-a8e712cf73bb,58b6f058-eb41-4728-9329-3c253af52eb6,2dc2139f-aed3-482d-b4f2-12c5e4c794fe,->,f1dc3983-5daf-40b6-8dea-a8e712cf73bb,4d5d5404-a022-4f98-9bfb-75e7837433dc,cfe058b5-59f9-4bd2-85f2-07dd8ef7ca4b
f1dc3983-5daf-40b6-8dea-a8e712cf73bb,58b6f058-eb41-4728-9329-3c253af52eb6,2dc2139f-aed3-482d-b4f2-12c5e4c794fe,->,f1dc3983-5daf-40b6-8dea-a8e712cf73bb,4d5d5404-a022-4f98-9bfb-75e7837433dc,ab036b9d-aa4b-46f0-a485-9b2674240d25
f1dc3983-5daf-40b6-8dea-a8e712cf73bb,58b6f058-eb41-4728-9329-3c253af52eb6,2dc2139f-aed3-482d-b4f2-12c5e4c794fe,->,f1dc3983-5daf-40b6-8dea-a8e712cf73bb,f206751d-d458-4b7a-a4a8-72d4bc1e8a8c,7469c91c-7952-46ee-b081-bdc11080c563
f1dc3983-5daf-40b6-8dea-a8e712cf73bb,58b6f058-eb41-4728-9329-3c253af52eb6,2dc2139f-aed3-482d-b4f2-12c5e4c794fe,->,f1dc3983-5daf-40b6-8dea-a8e712cf73bb,java/sql/PreparedStatement.java,setInt
f1dc3983-5daf-40b6-8dea-a8e712cf73bb,58b6f058-eb41-4728-9329-3c253af52eb6,2dc2139f-aed3-482d-b4f2-12c5e4c794fe,->,f1dc3983-5daf-40b6-8dea-a8e712cf73bb,java/sql/PreparedStatement.java,execute
f1dc3983-5daf-40b6-8dea-a8e712cf73bb,58b6f058-eb41-4728-9329-3c253af52eb6,2dc2139f-aed3-482d-b4f2-12c5e4c794fe,->,f1dc3983-5daf-40b6-8dea-a8e712cf73bb,java/sql/PreparedStatement.java,getResultSet
f1dc3983-5daf-40b6-8dea-a8e712cf73bb,58b6f058-eb41-4728-9329-3c253af52eb6,2dc2139f-aed3-482d-b4f2-12c5e4c794fe,->,f1dc3983-5daf-40b6-8dea-a8e712cf73bb,java/sql/ResultSet.java,next
f1dc3983-5daf-40b6-8dea-a8e712cf73bb,58b6f058-eb41-4728-9329-3c253af52eb6,2dc2139f-aed3-482d-b4f2-12c5e4c794fe,->,f1dc3983-5daf-40b6-8dea-a8e712cf73bb,java/sql/ResultSet.java,getInt
f1dc3983-5daf-40b6-8dea-a8e712cf73bb,58b6f058-eb41-4728-9329-3c253af52eb6,2dc2139f-aed3-482d-b4f2-12c5e4c794fe,->,f1dc3983-5daf-40b6-8dea-a8e712cf73bb,java/sql/ResultSet.java,getInt
f1dc3983-5daf-40b6-8dea-a8e712cf73bb,58b6f058-eb41-4728-9329-3c253af52eb6,2dc2139f-aed3-482d-b4f2-12c5e4c794fe,->,f1dc3983-5daf-40b6-8dea-a8e712cf73bb,dcfb92ea-1a1c-400e-b05a-3685c4f1cd00,c4d7b40b-c986-4a57-9b84-2bdf07190901
f1dc3983-5daf-40b6-8dea-a8e712cf73bb,58b6f058-eb41-4728-9329-3c253af52eb6,2dc2139f-aed3-482d-b4f2-12c5e4c794fe,->,f1dc3983-5daf-40b6-8dea-a8e712cf73bb,dcfb92ea-1a1c-400e-b05a-3685c4f1cd00,"80ef8ac1-577e-42c6-9fdf-dcd7aaa3346a,3ba1642e-adf1-4231-aa75-c7cd5ad14b16"
f1dc3983-5daf-40b6-8dea-a8e712cf73bb,58b6f058-eb41-4728-9329-3c253af52eb6,2dc2139f-aed3-482d-b4f2-12c5e4c794fe,->,f1dc3983-5daf-40b6-8dea-a8e712cf73bb,7111fdad-32ae-44ce-aecb-8a1afef85fc1,a66609bb-5bb4-4d32-8852-aeba9c835db3
f1dc3983-5daf-40b6-8dea-a8e712cf73bb,58b6f058-eb41-4728-9329-3c253af52eb6,2dc2139f-aed3-482d-b4f2-12c5e4c794fe,->,f1dc3983-5daf-40b6-8dea-a8e712cf73bb,7111fdad-32ae-44ce-aecb-8a1afef85fc1,0ddf0fdd-32f8-4bed-af92-3ea37a957041
f1dc3983-5daf-40b6-8dea-a8e712cf73bb,58b6f058-eb41-4728-9329-3c253af52eb6,2dc2139f-aed3-482d-b4f2-12c5e4c794fe,->,f1dc3983-5daf-40b6-8dea-a8e712cf73bb,java/util/Collection.java,add
f1dc3983-5daf-40b6-8dea-a8e712cf73bb,58b6f058-eb41-4728-9329-3c253af52eb6,2dc2139f-aed3-482d-b4f2-12c5e4c794fe,->,f1dc3983-5daf-40b6-8dea-a8e712cf73bb,dcfb92ea-1a1c-400e-b05a-3685c4f1cd00,c4d7b40b-c986-4a57-9b84-2bdf07190901
f1dc3983-5daf-40b6-8dea-a8e712cf73bb,58b6f058-eb41-4728-9329-3c253af52eb6,2dc2139f-aed3-482d-b4f2-12c5e4c794fe,->,f1dc3983-5daf-40b6-8dea-a8e712cf73bb,dcfb92ea-1a1c-400e-b05a-3685c4f1cd00,"80ef8ac1-577e-42c6-9fdf-dcd7aaa3346a,3ba1642e-adf1-4231-aa75-c7cd5ad14b16"
f1dc3983-5daf-40b6-8dea-a8e712cf73bb,58b6f058-eb41-4728-9329-3c253af52eb6,2dc2139f-aed3-482d-b4f2-12c5e4c794fe,->,f1dc3983-5daf-40b6-8dea-a8e712cf73bb,7111fdad-32ae-44ce-aecb-8a1afef85fc1,a66609bb-5bb4-4d32-8852-aeba9c835db3
f1dc3983-5daf-40b6-8dea-a8e712cf73bb,58b6f058-eb41-4728-9329-3c253af52eb6,2dc2139f-aed3-482d-b4f2-12c5e4c794fe,->,f1dc3983-5daf-40b6-8dea-a8e712cf73bb,dcfb92ea-1a1c-400e-b05a-3685c4f1cd00,c4d7b40b-c986-4a57-9b84-2bdf07190901
f1dc3983-5daf-40b6-8dea-a8e712cf73bb,58b6f058-eb41-4728-9329-3c253af52eb6,2dc2139f-aed3-482d-b4f2-12c5e4c794fe,->,f1dc3983-5daf-40b6-8dea-a8e712cf73bb,dcfb92ea-1a1c-400e-b05a-3685c4f1cd00,"80ef8ac1-577e-42c6-9fdf-dcd7aaa3346a,3ba1642e-adf1-4231-aa75-c7cd5ad14b16"
f1dc3983-5daf-40b6-8dea-a8e712cf73bb,58b6f058-eb41-4728-9329-3c253af52eb6,2dc2139f-aed3-482d-b4f2-12c5e4c794fe,->,f1dc3983-5daf-40b6-8dea-a8e712cf73bb,7111fdad-32ae-44ce-aecb-8a1afef85fc1,a66609bb-5bb4-4d32-8852-aeba9c835db3
f1dc3983-5daf-40b6-8dea-a8e712cf73bb,58b6f058-eb41-4728-9329-3c253af52eb6,2dc2139f-aed3-482d-b4f2-12c5e4c794fe,->,f1dc3983-5daf-40b6-8dea-a8e712cf73bb,7111fdad-32ae-44ce-aecb-8a1afef85fc1,fc8c0e56-0109-47f7-9eea-c0907834b09f
f1dc3983-5daf-40b6-8dea-a8e712cf73bb,58b6f058-eb41-4728-9329-3c253af52eb6,2dc2139f-aed3-482d-b4f2-12c5e4c794fe,->,f1dc3983-5daf-40b6-8dea-a8e712cf73bb,java/util/Collection.java,size
f1dc3983-5daf-40b6-8dea-a8e712cf73bb,58b6f058-eb41-4728-9329-3c253af52eb6,2dc2139f-aed3-482d-b4f2-12c5e4c794fe,->,f1dc3983-5daf-40b6-8dea-a8e712cf73bb,java/util/Collection.java,add
f1dc3983-5daf-40b6-8dea-a8e712cf73bb,58b6f058-eb41-4728-9329-3c253af52eb6,78ce4923-1e79-439f-869e-752dc0f398c3,->,f1dc3983-5daf-40b6-8dea-a8e712cf73bb,4d5d5404-a022-4f98-9bfb-75e7837433dc,cfe058b5-59f9-4bd2-85f2-07dd8ef7ca4b
f1dc3983-5daf-40b6-8dea-a8e712cf73bb,58b6f058-eb41-4728-9329-3c253af52eb6,78ce4923-1e79-439f-869e-752dc0f398c3,->,f1dc3983-5daf-40b6-8dea-a8e712cf73bb,4d5d5404-a022-4f98-9bfb-75e7837433dc,ab036b9d-aa4b-46f0-a485-9b2674240d25
f1dc3983-5daf-40b6-8dea-a8e712cf73bb,58b6f058-eb41-4728-9329-3c253af52eb6,78ce4923-1e79-439f-869e-752dc0f398c3,->,f1dc3983-5daf-40b6-8dea-a8e712cf73bb,java/sql/PreparedStatement.java,setInt
f1dc3983-5daf-40b6-8dea-a8e712cf73bb,58b6f058-eb41-4728-9329-3c253af52eb6,78ce4923-1e79-439f-869e-752dc0f398c3,->,f1dc3983-5daf-40b6-8dea-a8e712cf73bb,java/sql/PreparedStatement.java,execute
f1dc3983-5daf-40b6-8dea-a8e712cf73bb,58b6f058-eb41-4728-9329-3c253af52eb6,78ce4923-1e79-439f-869e-752dc0f398c3,->,f1dc3983-5daf-40b6-8dea-a8e712cf73bb,java/sql/PreparedStatement.java,getResultSet
f1dc3983-5daf-40b6-8dea-a8e712cf73bb,58b6f058-eb41-4728-9329-3c253af52eb6,78ce4923-1e79-439f-869e-752dc0f398c3,->,f1dc3983-5daf-40b6-8dea-a8e712cf73bb,java/sql/ResultSet.java,next
f1dc3983-5daf-40b6-8dea-a8e712cf73bb,58b6f058-eb41-4728-9329-3c253af52eb6,78ce4923-1e79-439f-869e-752dc0f398c3,->,f1dc3983-5daf-40b6-8dea-a8e712cf73bb,java/sql/ResultSet.java,getInt
f1dc3983-5daf-40b6-8dea-a8e712cf73bb,58b6f058-eb41-4728-9329-3c253af52eb6,78ce4923-1e79-439f-869e-752dc0f398c3,->,f1dc3983-5daf-40b6-8dea-a8e712cf73bb,java/sql/ResultSet.java,getString
f1dc3983-5daf-40b6-8dea-a8e712cf73bb,58b6f058-eb41-4728-9329-3c253af52eb6,78ce4923-1e79-439f-869e-752dc0f398c3,->,f1dc3983-5daf-40b6-8dea-a8e712cf73bb,java/sql/ResultSet.java,getString
f1dc3983-5daf-40b6-8dea-a8e712cf73bb,58b6f058-eb41-4728-9329-3c253af52eb6,78ce4923-1e79-439f-869e-752dc0f398c3,->,f1dc3983-5daf-40b6-8dea-a8e712cf73bb,java/sql/ResultSet.java,getInt
f1dc3983-5daf-40b6-8dea-a8e712cf73bb,58b6f058-eb41-4728-9329-3c253af52eb6,78ce4923-1e79-439f-869e-752dc0f398c3,->,f1dc3983-5daf-40b6-8dea-a8e712cf73bb,java/sql/ResultSet.java,getInt
f1dc3983-5daf-40b6-8dea-a8e712cf73bb,58b6f058-eb41-4728-9329-3c253af52eb6,78ce4923-1e79-439f-869e-752dc0f398c3,->,f1dc3983-5daf-40b6-8dea-a8e712cf73bb,dcfb92ea-1a1c-400e-b05a-3685c4f1cd00,c4d7b40b-c986-4a57-9b84-2bdf07190901
f1dc3983-5daf-40b6-8dea-a8e712cf73bb,58b6f058-eb41-4728-9329-3c253af52eb6,78ce4923-1e79-439f-869e-752dc0f398c3,->,f1dc3983-5daf-40b6-8dea-a8e712cf73bb,dcfb92ea-1a1c-400e-b05a-3685c4f1cd00,"80ef8ac1-577e-42c6-9fdf-dcd7aaa3346a,3ba1642e-adf1-4231-aa75-c7cd5ad14b16"
f1dc3983-5daf-40b6-8dea-a8e712cf73bb,58b6f058-eb41-4728-9329-3c253af52eb6,78ce4923-1e79-439f-869e-752dc0f398c3,->,f1dc3983-5daf-40b6-8dea-a8e712cf73bb,7111fdad-32ae-44ce-aecb-8a1afef85fc1,a66609bb-5bb4-4d32-8852-aeba9c835db3
f1dc3983-5daf-40b6-8dea-a8e712cf73bb,58b6f058-eb41-4728-9329-3c253af52eb6,78ce4923-1e79-439f-869e-752dc0f398c3,->,f1dc3983-5daf-40b6-8dea-a8e712cf73bb,f206751d-d458-4b7a-a4a8-72d4bc1e8a8c,8f15257a-8957-4dfb-8dfd-cdb2150c10d8
f1dc3983-5daf-40b6-8dea-a8e712cf73bb,58b6f058-eb41-4728-9329-3c253af52eb6,78ce4923-1e79-439f-869e-752dc0f398c3,->,f1dc3983-5daf-40b6-8dea-a8e712cf73bb,java/lang/String.java,equals
f1dc3983-5daf-40b6-8dea-a8e712cf73bb,58b6f058-eb41-4728-9329-3c253af52eb6,78ce4923-1e79-439f-869e-752dc0f398c3,->,f1dc3983-5daf-40b6-8dea-a8e712cf73bb,f206751d-d458-4b7a-a4a8-72d4bc1e8a8c,5be11c83-fd49-4219-8153-9babd021a7ae
f1dc3983-5daf-40b6-8dea-a8e712cf73bb,58b6f058-eb41-4728-9329-3c253af52eb6,78ce4923-1e79-439f-869e-752dc0f398c3,->,f1dc3983-5daf-40b6-8dea-a8e712cf73bb,dcfb92ea-1a1c-400e-b05a-3685c4f1cd00,c4d7b40b-c986-4a57-9b84-2bdf07190901
f1dc3983-5daf-40b6-8dea-a8e712cf73bb,58b6f058-eb41-4728-9329-3c253af52eb6,78ce4923-1e79-439f-869e-752dc0f398c3,->,f1dc3983-5daf-40b6-8dea-a8e712cf73bb,dcfb92ea-1a1c-400e-b05a-3685c4f1cd00,"80ef8ac1-577e-42c6-9fdf-dcd7aaa3346a,3ba1642e-adf1-4231-aa75-c7cd5ad14b16"
f1dc3983-5daf-40b6-8dea-a8e712cf73bb,58b6f058-eb41-4728-9329-3c253af52eb6,78ce4923-1e79-439f-869e-752dc0f398c3,->,f1dc3983-5daf-40b6-8dea-a8e712cf73bb,7111fdad-32ae-44ce-aecb-8a1afef85fc1,a66609bb-5bb4-4d32-8852-aeba9c835db3
f1dc3983-5daf-40b6-8dea-a8e712cf73bb,58b6f058-eb41-4728-9329-3c253af52eb6,78ce4923-1e79-439f-869e-752dc0f398c3,->,f1dc3983-5daf-40b6-8dea-a8e712cf73bb,7111fdad-32ae-44ce-aecb-8a1afef85fc1,0ddf0fdd-32f8-4bed-af92-3ea37a957041
f1dc3983-5daf-40b6-8dea-a8e712cf73bb,58b6f058-eb41-4728-9329-3c253af52eb6,78ce4923-1e79-439f-869e-752dc0f398c3,->,f1dc3983-5daf-40b6-8dea-a8e712cf73bb,f206751d-d458-4b7a-a4a8-72d4bc1e8a8c,5be11c83-fd49-4219-8153-9babd021a7ae
f1dc3983-5daf-40b6-8dea-a8e712cf73bb,58b6f058-eb41-4728-9329-3c253af52eb6,78ce4923-1e79-439f-869e-752dc0f398c3,->,f1dc3983-5daf-40b6-8dea-a8e712cf73bb,dcfb92ea-1a1c-400e-b05a-3685c4f1cd00,c4d7b40b-c986-4a57-9b84-2bdf07190901
f1dc3983-5daf-40b6-8dea-a8e712cf73bb,58b6f058-eb41-4728-9329-3c253af52eb6,78ce4923-1e79-439f-869e-752dc0f398c3,->,f1dc3983-5daf-40b6-8dea-a8e712cf73bb,dcfb92ea-1a1c-400e-b05a-3685c4f1cd00,"80ef8ac1-577e-42c6-9fdf-dcd7aaa3346a,3ba1642e-adf1-4231-aa75-c7cd5ad14b16"
f1dc3983-5daf-40b6-8dea-a8e712cf73bb,58b6f058-eb41-4728-9329-3c253af52eb6,78ce4923-1e79-439f-869e-752dc0f398c3,->,f1dc3983-5daf-40b6-8dea-a8e712cf73bb,7111fdad-32ae-44ce-aecb-8a1afef85fc1,a66609bb-5bb4-4d32-8852-aeba9c835db3
f1dc3983-5daf-40b6-8dea-a8e712cf73bb,58b6f058-eb41-4728-9329-3c253af52eb6,78ce4923-1e79-439f-869e-752dc0f398c3,->,f1dc3983-5daf-40b6-8dea-a8e712cf73bb,dcfb92ea-1a1c-400e-b05a-3685c4f1cd00,c4d7b40b-c986-4a57-9b84-2bdf07190901
f1dc3983-5daf-40b6-8dea-a8e712cf73bb,58b6f058-eb41-4728-9329-3c253af52eb6,78ce4923-1e79-439f-869e-752dc0f398c3,->,f1dc3983-5daf-40b6-8dea-a8e712cf73bb,dcfb92ea-1a1c-400e-b05a-3685c4f1cd00,"80ef8ac1-577e-42c6-9fdf-dcd7aaa3346a,3ba1642e-adf1-4231-aa75-c7cd5ad14b16"
f1dc3983-5daf-40b6-8dea-a8e712cf73bb,58b6f058-eb41-4728-9329-3c253af52eb6,78ce4923-1e79-439f-869e-752dc0f398c3,->,f1dc3983-5daf-40b6-8dea-a8e712cf73bb,7111fdad-32ae-44ce-aecb-8a1afef85fc1,a66609bb-5bb4-4d32-8852-aeba9c835db3
f1dc3983-5daf-40b6-8dea-a8e712cf73bb,58b6f058-eb41-4728-9329-3c253af52eb6,063f1c57-12ba-4d27-a1c9-4a9c65d4404a,->,f1dc3983-5daf-40b6-8dea-a8e712cf73bb,f206751d-d458-4b7a-a4a8-72d4bc1e8a8c,8f15257a-8957-4dfb-8dfd-cdb2150c10d8
f1dc3983-5daf-40b6-8dea-a8e712cf73bb,58b6f058-eb41-4728-9329-3c253af52eb6,063f1c57-12ba-4d27-a1c9-4a9c65d4404a,->,f1dc3983-5daf-40b6-8dea-a8e712cf73bb,java/sql/PreparedStatement.java,setString
f1dc3983-5daf-40b6-8dea-a8e712cf73bb,58b6f058-eb41-4728-9329-3c253af52eb6,063f1c57-12ba-4d27-a1c9-4a9c65d4404a,->,f1dc3983-5daf-40b6-8dea-a8e712cf73bb,f206751d-d458-4b7a-a4a8-72d4bc1e8a8c,3d03fe3b-9e2f-47ed-a9c1-c1f14e4288fc
f1dc3983-5daf-40b6-8dea-a8e712cf73bb,58b6f058-eb41-4728-9329-3c253af52eb6,063f1c57-12ba-4d27-a1c9-4a9c65d4404a,->,f1dc3983-5daf-40b6-8dea-a8e712cf73bb,java/sql/PreparedStatement.java,setString
f1dc3983-5daf-40b6-8dea-a8e712cf73bb,58b6f058-eb41-4728-9329-3c253af52eb6,063f1c57-12ba-4d27-a1c9-4a9c65d4404a,->,f1dc3983-5daf-40b6-8dea-a8e712cf73bb,f206751d-d458-4b7a-a4a8-72d4bc1e8a8c,7469c91c-7952-46ee-b081-bdc11080c563
f1dc3983-5daf-40b6-8dea-a8e712cf73bb,58b6f058-eb41-4728-9329-3c253af52eb6,063f1c57-12ba-4d27-a1c9-4a9c65d4404a,->,f1dc3983-5daf-40b6-8dea-a8e712cf73bb,java/sql/PreparedStatement.java,setInt
f1dc3983-5daf-40b6-8dea-a8e712cf73bb,58b6f058-eb41-4728-9329-3c253af52eb6,063f1c57-12ba-4d27-a1c9-4a9c65d4404a,->,f1dc3983-5daf-40b6-8dea-a8e712cf73bb,java/sql/PreparedStatement.java,execute
f1dc3983-5daf-40b6-8dea-a8e712cf73bb,58b6f058-eb41-4728-9329-3c253af52eb6,c213203e-c113-4ab1-8196-1931227fd407,->,f1dc3983-5daf-40b6-8dea-a8e712cf73bb,7111fdad-32ae-44ce-aecb-8a1afef85fc1,36a98832-47d1-4ed4-a704-6adeec721756
f1dc3983-5daf-40b6-8dea-a8e712cf73bb,58b6f058-eb41-4728-9329-3c253af52eb6,c213203e-c113-4ab1-8196-1931227fd407,->,f1dc3983-5daf-40b6-8dea-a8e712cf73bb,f206751d-d458-4b7a-a4a8-72d4bc1e8a8c,acc54cbe-4183-474f-8494-9291b3a508e8
f1dc3983-5daf-40b6-8dea-a8e712cf73bb,58b6f058-eb41-4728-9329-3c253af52eb6,c213203e-c113-4ab1-8196-1931227fd407,->,f1dc3983-5daf-40b6-8dea-a8e712cf73bb,java/util/Collection.java,iterator
f1dc3983-5daf-40b6-8dea-a8e712cf73bb,58b6f058-eb41-4728-9329-3c253af52eb6,c213203e-c113-4ab1-8196-1931227fd407,->,f1dc3983-5daf-40b6-8dea-a8e712cf73bb,java/util/Iterator.java,hasNext
f1dc3983-5daf-40b6-8dea-a8e712cf73bb,58b6f058-eb41-4728-9329-3c253af52eb6,c213203e-c113-4ab1-8196-1931227fd407,->,f1dc3983-5daf-40b6-8dea-a8e712cf73bb,java/util/Iterator.java,next
f1dc3983-5daf-40b6-8dea-a8e712cf73bb,58b6f058-eb41-4728-9329-3c253af52eb6,c213203e-c113-4ab1-8196-1931227fd407,->,f1dc3983-5daf-40b6-8dea-a8e712cf73bb,7111fdad-32ae-44ce-aecb-8a1afef85fc1,8d20aa4e-3ae7-46d5-be7f-e4e04986a218
f1dc3983-5daf-40b6-8dea-a8e712cf73bb,58b6f058-eb41-4728-9329-3c253af52eb6,c213203e-c113-4ab1-8196-1931227fd407,->,f1dc3983-5daf-40b6-8dea-a8e712cf73bb,7111fdad-32ae-44ce-aecb-8a1afef85fc1,0ddf0fdd-32f8-4bed-af92-3ea37a957041
f1dc3983-5daf-40b6-8dea-a8e712cf73bb,58b6f058-eb41-4728-9329-3c253af52eb6,c213203e-c113-4ab1-8196-1931227fd407,->,f1dc3983-5daf-40b6-8dea-a8e712cf73bb,7111fdad-32ae-44ce-aecb-8a1afef85fc1,0ddf0fdd-32f8-4bed-af92-3ea37a957041
f1dc3983-5daf-40b6-8dea-a8e712cf73bb,58b6f058-eb41-4728-9329-3c253af52eb6,c213203e-c113-4ab1-8196-1931227fd407,->,f1dc3983-5daf-40b6-8dea-a8e712cf73bb,4d5d5404-a022-4f98-9bfb-75e7837433dc,cfe058b5-59f9-4bd2-85f2-07dd8ef7ca4b
f1dc3983-5daf-40b6-8dea-a8e712cf73bb,58b6f058-eb41-4728-9329-3c253af52eb6,c213203e-c113-4ab1-8196-1931227fd407,->,f1dc3983-5daf-40b6-8dea-a8e712cf73bb,4d5d5404-a022-4f98-9bfb-75e7837433dc,ab036b9d-aa4b-46f0-a485-9b2674240d25
f1dc3983-5daf-40b6-8dea-a8e712cf73bb,58b6f058-eb41-4728-9329-3c253af52eb6,c213203e-c113-4ab1-8196-1931227fd407,->,f1dc3983-5daf-40b6-8dea-a8e712cf73bb,f206751d-d458-4b7a-a4a8-72d4bc1e8a8c,7469c91c-7952-46ee-b081-bdc11080c563
f1dc3983-5daf-40b6-8dea-a8e712cf73bb,58b6f058-eb41-4728-9329-3c253af52eb6,c213203e-c113-4ab1-8196-1931227fd407,->,f1dc3983-5daf-40b6-8dea-a8e712cf73bb,java/sql/PreparedStatement.java,setInt
f1dc3983-5daf-40b6-8dea-a8e712cf73bb,58b6f058-eb41-4728-9329-3c253af52eb6,c213203e-c113-4ab1-8196-1931227fd407,->,f1dc3983-5daf-40b6-8dea-a8e712cf73bb,java/sql/PreparedStatement.java,execute
f1dc3983-5daf-40b6-8dea-a8e712cf73bb,58b6f058-eb41-4728-9329-3c253af52eb6,c213203e-c113-4ab1-8196-1931227fd407,->,f1dc3983-5daf-40b6-8dea-a8e712cf73bb,4d5d5404-a022-4f98-9bfb-75e7837433dc,cfe058b5-59f9-4bd2-85f2-07dd8ef7ca4b
f1dc3983-5daf-40b6-8dea-a8e712cf73bb,58b6f058-eb41-4728-9329-3c253af52eb6,c213203e-c113-4ab1-8196-1931227fd407,->,f1dc3983-5daf-40b6-8dea-a8e712cf73bb,4d5d5404-a022-4f98-9bfb-75e7837433dc,ab036b9d-aa4b-46f0-a485-9b2674240d25
f1dc3983-5daf-40b6-8dea-a8e712cf73bb,58b6f058-eb41-4728-9329-3c253af52eb6,c213203e-c113-4ab1-8196-1931227fd407,->,f1dc3983-5daf-40b6-8dea-a8e712cf73bb,java/sql/PreparedStatement.java,executeQuery
f1dc3983-5daf-40b6-8dea-a8e712cf73bb,58b6f058-eb41-4728-9329-3c253af52eb6,c213203e-c113-4ab1-8196-1931227fd407,->,f1dc3983-5daf-40b6-8dea-a8e712cf73bb,java/sql/ResultSet.java,next
f1dc3983-5daf-40b6-8dea-a8e712cf73bb,58b6f058-eb41-4728-9329-3c253af52eb6,c213203e-c113-4ab1-8196-1931227fd407,->,f1dc3983-5daf-40b6-8dea-a8e712cf73bb,java/sql/ResultSet.java,getInt
f1dc3983-5daf-40b6-8dea-a8e712cf73bb,58b6f058-eb41-4728-9329-3c253af52eb6,c213203e-c113-4ab1-8196-1931227fd407,->,f1dc3983-5daf-40b6-8dea-a8e712cf73bb,4d5d5404-a022-4f98-9bfb-75e7837433dc,cfe058b5-59f9-4bd2-85f2-07dd8ef7ca4b
f1dc3983-5daf-40b6-8dea-a8e712cf73bb,58b6f058-eb41-4728-9329-3c253af52eb6,c213203e-c113-4ab1-8196-1931227fd407,->,f1dc3983-5daf-40b6-8dea-a8e712cf73bb,4d5d5404-a022-4f98-9bfb-75e7837433dc,ab036b9d-aa4b-46f0-a485-9b2674240d25
f1dc3983-5daf-40b6-8dea-a8e712cf73bb,58b6f058-eb41-4728-9329-3c253af52eb6,c213203e-c113-4ab1-8196-1931227fd407,->,f1dc3983-5daf-40b6-8dea-a8e712cf73bb,7111fdad-32ae-44ce-aecb-8a1afef85fc1,fc8c0e56-0109-47f7-9eea-c0907834b09f
f1dc3983-5daf-40b6-8dea-a8e712cf73bb,58b6f058-eb41-4728-9329-3c253af52eb6,c213203e-c113-4ab1-8196-1931227fd407,->,f1dc3983-5daf-40b6-8dea-a8e712cf73bb,java/util/Collection.java,iterator
f1dc3983-5daf-40b6-8dea-a8e712cf73bb,58b6f058-eb41-4728-9329-3c253af52eb6,c213203e-c113-4ab1-8196-1931227fd407,->,f1dc3983-5daf-40b6-8dea-a8e712cf73bb,java/util/Iterator.java,hasNext
f1dc3983-5daf-40b6-8dea-a8e712cf73bb,58b6f058-eb41-4728-9329-3c253af52eb6,c213203e-c113-4ab1-8196-1931227fd407,->,f1dc3983-5daf-40b6-8dea-a8e712cf73bb,java/util/Iterator.java,next
f1dc3983-5daf-40b6-8dea-a8e712cf73bb,58b6f058-eb41-4728-9329-3c253af52eb6,c213203e-c113-4ab1-8196-1931227fd407,->,f1dc3983-5daf-40b6-8dea-a8e712cf73bb,edfb3cf2-a62e-4314-ac6a-8a6bad7c286e,a417c716-8098-47d5-894f-3f69752ab23b
f1dc3983-5daf-40b6-8dea-a8e712cf73bb,58b6f058-eb41-4728-9329-3c253af52eb6,c213203e-c113-4ab1-8196-1931227fd407,->,f1dc3983-5daf-40b6-8dea-a8e712cf73bb,java/sql/PreparedStatement.java,setInt
f1dc3983-5daf-40b6-8dea-a8e712cf73bb,58b6f058-eb41-4728-9329-3c253af52eb6,c213203e-c113-4ab1-8196-1931227fd407,->,f1dc3983-5daf-40b6-8dea-a8e712cf73bb,edfb3cf2-a62e-4314-ac6a-8a6bad7c286e,31fc4442-6758-4542-8b88-507887482e44
f1dc3983-5daf-40b6-8dea-a8e712cf73bb,58b6f058-eb41-4728-9329-3c253af52eb6,c213203e-c113-4ab1-8196-1931227fd407,->,f1dc3983-5daf-40b6-8dea-a8e712cf73bb,java/sql/PreparedStatement.java,setInt
f1dc3983-5daf-40b6-8dea-a8e712cf73bb,58b6f058-eb41-4728-9329-3c253af52eb6,c213203e-c113-4ab1-8196-1931227fd407,->,f1dc3983-5daf-40b6-8dea-a8e712cf73bb,java/sql/PreparedStatement.java,execute
f1dc3983-5daf-40b6-8dea-a8e712cf73bb,7111fdad-32ae-44ce-aecb-8a1afef85fc1,a66609bb-5bb4-4d32-8852-aeba9c835db3,->,f1dc3983-5daf-40b6-8dea-a8e712cf73bb,java/util/Collection.java,add
f1dc3983-5daf-40b6-8dea-a8e712cf73bb,7111fdad-32ae-44ce-aecb-8a1afef85fc1,e1997bb0-dc3a-4db0-9e36-c36fe2507925,->,f1dc3983-5daf-40b6-8dea-a8e712cf73bb,7111fdad-32ae-44ce-aecb-8a1afef85fc1,4de35fae-7df9-472f-9d05-07e8e7b11adb
f1dc3983-5daf-40b6-8dea-a8e712cf73bb,7111fdad-32ae-44ce-aecb-8a1afef85fc1,e1997bb0-dc3a-4db0-9e36-c36fe2507925,->,f1dc3983-5daf-40b6-8dea-a8e712cf73bb,7111fdad-32ae-44ce-aecb-8a1afef85fc1,4de35fae-7df9-472f-9d05-07e8e7b11adb
f1dc3983-5daf-40b6-8dea-a8e712cf73bb,7111fdad-32ae-44ce-aecb-8a1afef85fc1,e1997bb0-dc3a-4db0-9e36-c36fe2507925,->,f1dc3983-5daf-40b6-8dea-a8e712cf73bb,java/lang/String.java,compareTo
f1dc3983-5daf-40b6-8dea-a8e712cf73bb,7111fdad-32ae-44ce-aecb-8a1afef85fc1,8d20aa4e-3ae7-46d5-be7f-e4e04986a218,->,f1dc3983-5daf-40b6-8dea-a8e712cf73bb,7111fdad-32ae-44ce-aecb-8a1afef85fc1,e1997bb0-dc3a-4db0-9e36-c36fe2507925
f1dc3983-5daf-40b6-8dea-a8e712cf73bb,7111fdad-32ae-44ce-aecb-8a1afef85fc1,6d5c5a95-4d15-4b48-babd-adafc7cf6dad,->,f1dc3983-5daf-40b6-8dea-a8e712cf73bb,f206751d-d458-4b7a-a4a8-72d4bc1e8a8c,3d03fe3b-9e2f-47ed-a9c1-c1f14e4288fc
f1dc3983-5daf-40b6-8dea-a8e712cf73bb,7111fdad-32ae-44ce-aecb-8a1afef85fc1,6d5c5a95-4d15-4b48-babd-adafc7cf6dad,->,f1dc3983-5daf-40b6-8dea-a8e712cf73bb,java/lang/String.java,hashCode
f1dc3983-5daf-40b6-8dea-a8e712cf73bb,7111fdad-32ae-44ce-aecb-8a1afef85fc1,305f690d-69c3-4183-ad47-da1c782062eb,->,f1dc3983-5daf-40b6-8dea-a8e712cf73bb,58b6f058-eb41-4728-9329-3c253af52eb6,5b56014e-5e46-4583-a30d-c7ed84ceb455
f1dc3983-5daf-40b6-8dea-a8e712cf73bb,7111fdad-32ae-44ce-aecb-8a1afef85fc1,305f690d-69c3-4183-ad47-da1c782062eb,->,f1dc3983-5daf-40b6-8dea-a8e712cf73bb,58b6f058-eb41-4728-9329-3c253af52eb6,e142b8a7-395b-4fcf-a86d-d9b0b49ccbf6
f1dc3983-5daf-40b6-8dea-a8e712cf73bb,7111fdad-32ae-44ce-aecb-8a1afef85fc1,4de35fae-7df9-472f-9d05-07e8e7b11adb,->,f1dc3983-5daf-40b6-8dea-a8e712cf73bb,java/lang/StringBuilder.java,append
f1dc3983-5daf-40b6-8dea-a8e712cf73bb,7111fdad-32ae-44ce-aecb-8a1afef85fc1,4de35fae-7df9-472f-9d05-07e8e7b11adb,->,f1dc3983-5daf-40b6-8dea-a8e712cf73bb,java/lang/StringBuilder.java,append
f1dc3983-5daf-40b6-8dea-a8e712cf73bb,7111fdad-32ae-44ce-aecb-8a1afef85fc1,4de35fae-7df9-472f-9d05-07e8e7b11adb,->,f1dc3983-5daf-40b6-8dea-a8e712cf73bb,java/lang/StringBuilder.java,append
f1dc3983-5daf-40b6-8dea-a8e712cf73bb,7111fdad-32ae-44ce-aecb-8a1afef85fc1,4de35fae-7df9-472f-9d05-07e8e7b11adb,->,f1dc3983-5daf-40b6-8dea-a8e712cf73bb,java/lang/StringBuilder.java,append
f1dc3983-5daf-40b6-8dea-a8e712cf73bb,7111fdad-32ae-44ce-aecb-8a1afef85fc1,4de35fae-7df9-472f-9d05-07e8e7b11adb,->,f1dc3983-5daf-40b6-8dea-a8e712cf73bb,java/lang/StringBuilder.java,toString
f1dc3983-5daf-40b6-8dea-a8e712cf73bb,7111fdad-32ae-44ce-aecb-8a1afef85fc1,e1997bb0-dc3a-4db0-9e36-c36fe2507925,->,f1dc3983-5daf-40b6-8dea-a8e712cf73bb,7111fdad-32ae-44ce-aecb-8a1afef85fc1,e1997bb0-dc3a-4db0-9e36-c36fe2507925
f1dc3983-5daf-40b6-8dea-a8e712cf73bb,f206751d-d458-4b7a-a4a8-72d4bc1e8a8c,5be11c83-fd49-4219-8153-9babd021a7ae,->,f1dc3983-5daf-40b6-8dea-a8e712cf73bb,java/util/Collection.java,add
f1dc3983-5daf-40b6-8dea-a8e712cf73bb,f206751d-d458-4b7a-a4a8-72d4bc1e8a8c,a5f4183f-39a3-442e-b79f-04602ad781be,->,f1dc3983-5daf-40b6-8dea-a8e712cf73bb,java/util/Collection.java,addAll
f1dc3983-5daf-40b6-8dea-a8e712cf73bb,f206751d-d458-4b7a-a4a8-72d4bc1e8a8c,77bdf755-ff6e-42a7-90b3-4f0e0ad5cfd9,->,f1dc3983-5daf-40b6-8dea-a8e712cf73bb,4e47a46d-5a1c-4090-8fba-332ed3e91a2c,fd5a65e2-2b1c-449a-b763-2060f43a9ab8
f1dc3983-5daf-40b6-8dea-a8e712cf73bb,f206751d-d458-4b7a-a4a8-72d4bc1e8a8c,eae41500-8fb8-4280-bd03-3af7f86b160b,->,f1dc3983-5daf-40b6-8dea-a8e712cf73bb,java/lang/String.java,toLowerCase
f1dc3983-5daf-40b6-8dea-a8e712cf73bb,f206751d-d458-4b7a-a4a8-72d4bc1e8a8c,eae41500-8fb8-4280-bd03-3af7f86b160b,->,f1dc3983-5daf-40b6-8dea-a8e712cf73bb,java/lang/String.java,toLowerCase
f1dc3983-5daf-40b6-8dea-a8e712cf73bb,f206751d-d458-4b7a-a4a8-72d4bc1e8a8c,eae41500-8fb8-4280-bd03-3af7f86b160b,->,f1dc3983-5daf-40b6-8dea-a8e712cf73bb,java/lang/String.java,compareTo
f1dc3983-5daf-40b6-8dea-a8e712cf73bb,f206751d-d458-4b7a-a4a8-72d4bc1e8a8c,41ee9f55-277b-4cd3-b4f4-19d415c8f7b4,->,f1dc3983-5daf-40b6-8dea-a8e712cf73bb,f206751d-d458-4b7a-a4a8-72d4bc1e8a8c,eae41500-8fb8-4280-bd03-3af7f86b160b
f1dc3983-5daf-40b6-8dea-a8e712cf73bb,f206751d-d458-4b7a-a4a8-72d4bc1e8a8c,00636217-37c2-4839-bf21-778474a8b18f,->,f1dc3983-5daf-40b6-8dea-a8e712cf73bb,58b6f058-eb41-4728-9329-3c253af52eb6,5b56014e-5e46-4583-a30d-c7ed84ceb455
f1dc3983-5daf-40b6-8dea-a8e712cf73bb,f206751d-d458-4b7a-a4a8-72d4bc1e8a8c,00636217-37c2-4839-bf21-778474a8b18f,->,f1dc3983-5daf-40b6-8dea-a8e712cf73bb,58b6f058-eb41-4728-9329-3c253af52eb6,2dc2139f-aed3-482d-b4f2-12c5e4c794fe
f1dc3983-5daf-40b6-8dea-a8e712cf73bb,f206751d-d458-4b7a-a4a8-72d4bc1e8a8c,00636217-37c2-4839-bf21-778474a8b18f,->,f1dc3983-5daf-40b6-8dea-a8e712cf73bb,java/sql/SQLException.java,printStackTrace
f1dc3983-5daf-40b6-8dea-a8e712cf73bb,f206751d-d458-4b7a-a4a8-72d4bc1e8a8c,5bf31367-ccfa-4ee6-b6d8-cd6d82259685,->,f1dc3983-5daf-40b6-8dea-a8e712cf73bb,f206751d-d458-4b7a-a4a8-72d4bc1e8a8c,acc54cbe-4183-474f-8494-9291b3a508e8
f1dc3983-5daf-40b6-8dea-a8e712cf73bb,f206751d-d458-4b7a-a4a8-72d4bc1e8a8c,5bf31367-ccfa-4ee6-b6d8-cd6d82259685,->,f1dc3983-5daf-40b6-8dea-a8e712cf73bb,java/util/Collection.java,iterator
f1dc3983-5daf-40b6-8dea-a8e712cf73bb,f206751d-d458-4b7a-a4a8-72d4bc1e8a8c,5bf31367-ccfa-4ee6-b6d8-cd6d82259685,->,f1dc3983-5daf-40b6-8dea-a8e712cf73bb,java/util/Iterator.java,hasNext
f1dc3983-5daf-40b6-8dea-a8e712cf73bb,f206751d-d458-4b7a-a4a8-72d4bc1e8a8c,5bf31367-ccfa-4ee6-b6d8-cd6d82259685,->,f1dc3983-5daf-40b6-8dea-a8e712cf73bb,java/util/Iterator.java,next
f1dc3983-5daf-40b6-8dea-a8e712cf73bb,f206751d-d458-4b7a-a4a8-72d4bc1e8a8c,5bf31367-ccfa-4ee6-b6d8-cd6d82259685,->,f1dc3983-5daf-40b6-8dea-a8e712cf73bb,7111fdad-32ae-44ce-aecb-8a1afef85fc1,fc8c0e56-0109-47f7-9eea-c0907834b09f
f1dc3983-5daf-40b6-8dea-a8e712cf73bb,f206751d-d458-4b7a-a4a8-72d4bc1e8a8c,5bf31367-ccfa-4ee6-b6d8-cd6d82259685,->,f1dc3983-5daf-40b6-8dea-a8e712cf73bb,java/util/Set.java,addAll
f1dc3983-5daf-40b6-8dea-a8e712cf73bb,f206751d-d458-4b7a-a4a8-72d4bc1e8a8c,fe15f263-d11c-4fd7-b5e5-6e14f6c0bc53,->,f1dc3983-5daf-40b6-8dea-a8e712cf73bb,42b060b8-8069-4ce2-b697-af4348e810da,9db7681e-b6da-43b8-a39b-41ccc0a749a4
f1dc3983-5daf-40b6-8dea-a8e712cf73bb,f206751d-d458-4b7a-a4a8-72d4bc1e8a8c,fe15f263-d11c-4fd7-b5e5-6e14f6c0bc53,->,f1dc3983-5daf-40b6-8dea-a8e712cf73bb,42b060b8-8069-4ce2-b697-af4348e810da,0f32d2c7-98de-4820-9514-57f44815ba9e
f1dc3983-5daf-40b6-8dea-a8e712cf73bb,f206751d-d458-4b7a-a4a8-72d4bc1e8a8c,51a323e9-ab1b-4189-be94-7919f9cddc3e,->,f1dc3983-5daf-40b6-8dea-a8e712cf73bb,f206751d-d458-4b7a-a4a8-72d4bc1e8a8c,acc54cbe-4183-474f-8494-9291b3a508e8
f1dc3983-5daf-40b6-8dea-a8e712cf73bb,f206751d-d458-4b7a-a4a8-72d4bc1e8a8c,51a323e9-ab1b-4189-be94-7919f9cddc3e,->,f1dc3983-5daf-40b6-8dea-a8e712cf73bb,java/util/Collection.java,iterator
f1dc3983-5daf-40b6-8dea-a8e712cf73bb,f206751d-d458-4b7a-a4a8-72d4bc1e8a8c,51a323e9-ab1b-4189-be94-7919f9cddc3e,->,f1dc3983-5daf-40b6-8dea-a8e712cf73bb,java/util/Iterator.java,hasNext
f1dc3983-5daf-40b6-8dea-a8e712cf73bb,f206751d-d458-4b7a-a4a8-72d4bc1e8a8c,51a323e9-ab1b-4189-be94-7919f9cddc3e,->,f1dc3983-5daf-40b6-8dea-a8e712cf73bb,java/util/Iterator.java,next
f1dc3983-5daf-40b6-8dea-a8e712cf73bb,f206751d-d458-4b7a-a4a8-72d4bc1e8a8c,51a323e9-ab1b-4189-be94-7919f9cddc3e,->,f1dc3983-5daf-40b6-8dea-a8e712cf73bb,7111fdad-32ae-44ce-aecb-8a1afef85fc1,fc8c0e56-0109-47f7-9eea-c0907834b09f
f1dc3983-5daf-40b6-8dea-a8e712cf73bb,f206751d-d458-4b7a-a4a8-72d4bc1e8a8c,51a323e9-ab1b-4189-be94-7919f9cddc3e,->,f1dc3983-5daf-40b6-8dea-a8e712cf73bb,java/util/Set.java,addAll
f1dc3983-5daf-40b6-8dea-a8e712cf73bb,f206751d-d458-4b7a-a4a8-72d4bc1e8a8c,51a323e9-ab1b-4189-be94-7919f9cddc3e,->,f1dc3983-5daf-40b6-8dea-a8e712cf73bb,java/util/Set.java,iterator
f1dc3983-5daf-40b6-8dea-a8e712cf73bb,f206751d-d458-4b7a-a4a8-72d4bc1e8a8c,51a323e9-ab1b-4189-be94-7919f9cddc3e,->,f1dc3983-5daf-40b6-8dea-a8e712cf73bb,java/util/Iterator.java,hasNext
f1dc3983-5daf-40b6-8dea-a8e712cf73bb,f206751d-d458-4b7a-a4a8-72d4bc1e8a8c,51a323e9-ab1b-4189-be94-7919f9cddc3e,->,f1dc3983-5daf-40b6-8dea-a8e712cf73bb,java/util/Iterator.java,next
f1dc3983-5daf-40b6-8dea-a8e712cf73bb,f206751d-d458-4b7a-a4a8-72d4bc1e8a8c,51a323e9-ab1b-4189-be94-7919f9cddc3e,->,f1dc3983-5daf-40b6-8dea-a8e712cf73bb,7111fdad-32ae-44ce-aecb-8a1afef85fc1,fc8c0e56-0109-47f7-9eea-c0907834b09f
f1dc3983-5daf-40b6-8dea-a8e712cf73bb,f206751d-d458-4b7a-a4a8-72d4bc1e8a8c,51a323e9-ab1b-4189-be94-7919f9cddc3e,->,f1dc3983-5daf-40b6-8dea-a8e712cf73bb,java/util/Collection.java,contains
f1dc3983-5daf-40b6-8dea-a8e712cf73bb,f206751d-d458-4b7a-a4a8-72d4bc1e8a8c,51a323e9-ab1b-4189-be94-7919f9cddc3e,->,f1dc3983-5daf-40b6-8dea-a8e712cf73bb,java/util/Collection.java,add
f1dc3983-5daf-40b6-8dea-a8e712cf73bb,f206751d-d458-4b7a-a4a8-72d4bc1e8a8c,51a323e9-ab1b-4189-be94-7919f9cddc3e,->,f1dc3983-5daf-40b6-8dea-a8e712cf73bb,java/util/Set.java,removeAll
f1dc3983-5daf-40b6-8dea-a8e712cf73bb,f206751d-d458-4b7a-a4a8-72d4bc1e8a8c,e02ffef8-6bfb-4845-b12a-c98de4735573,->,f1dc3983-5daf-40b6-8dea-a8e712cf73bb,java/util/Collection.java,size
f1dc3983-5daf-40b6-8dea-a8e712cf73bb,f206751d-d458-4b7a-a4a8-72d4bc1e8a8c,e02ffef8-6bfb-4845-b12a-c98de4735573,->,f1dc3983-5daf-40b6-8dea-a8e712cf73bb,f206751d-d458-4b7a-a4a8-72d4bc1e8a8c,00636217-37c2-4839-bf21-778474a8b18f
f1dc3983-5daf-40b6-8dea-a8e712cf73bb,f206751d-d458-4b7a-a4a8-72d4bc1e8a8c,e02ffef8-6bfb-4845-b12a-c98de4735573,->,f1dc3983-5daf-40b6-8dea-a8e712cf73bb,java/util/Collection.java,iterator
f1dc3983-5daf-40b6-8dea-a8e712cf73bb,f206751d-d458-4b7a-a4a8-72d4bc1e8a8c,e02ffef8-6bfb-4845-b12a-c98de4735573,->,f1dc3983-5daf-40b6-8dea-a8e712cf73bb,java/util/Iterator.java,hasNext
f1dc3983-5daf-40b6-8dea-a8e712cf73bb,f206751d-d458-4b7a-a4a8-72d4bc1e8a8c,e02ffef8-6bfb-4845-b12a-c98de4735573,->,f1dc3983-5daf-40b6-8dea-a8e712cf73bb,java/util/Iterator.java,next
f1dc3983-5daf-40b6-8dea-a8e712cf73bb,f206751d-d458-4b7a-a4a8-72d4bc1e8a8c,e02ffef8-6bfb-4845-b12a-c98de4735573,->,f1dc3983-5daf-40b6-8dea-a8e712cf73bb,7111fdad-32ae-44ce-aecb-8a1afef85fc1,0ddf0fdd-32f8-4bed-af92-3ea37a957041
f1dc3983-5daf-40b6-8dea-a8e712cf73bb,f206751d-d458-4b7a-a4a8-72d4bc1e8a8c,acc54cbe-4183-474f-8494-9291b3a508e8,->,f1dc3983-5daf-40b6-8dea-a8e712cf73bb,java/util/Collection.java,size
f1dc3983-5daf-40b6-8dea-a8e712cf73bb,f206751d-d458-4b7a-a4a8-72d4bc1e8a8c,acc54cbe-4183-474f-8494-9291b3a508e8,->,f1dc3983-5daf-40b6-8dea-a8e712cf73bb,f206751d-d458-4b7a-a4a8-72d4bc1e8a8c,00636217-37c2-4839-bf21-778474a8b18f
f1dc3983-5daf-40b6-8dea-a8e712cf73bb,f206751d-d458-4b7a-a4a8-72d4bc1e8a8c,a2e8f636-010d-44f1-8d79-27434369bfc8,->,f1dc3983-5daf-40b6-8dea-a8e712cf73bb,java/util/Collection.java,size
f1dc3983-5daf-40b6-8dea-a8e712cf73bb,f206751d-d458-4b7a-a4a8-72d4bc1e8a8c,1de47596-69cf-4256-9baa-602d8a91d41b,->,f1dc3983-5daf-40b6-8dea-a8e712cf73bb,dcfb92ea-1a1c-400e-b05a-3685c4f1cd00,c4d7b40b-c986-4a57-9b84-2bdf07190901
f1dc3983-5daf-40b6-8dea-a8e712cf73bb,f206751d-d458-4b7a-a4a8-72d4bc1e8a8c,1de47596-69cf-4256-9baa-602d8a91d41b,->,f1dc3983-5daf-40b6-8dea-a8e712cf73bb,dcfb92ea-1a1c-400e-b05a-3685c4f1cd00,"80ef8ac1-577e-42c6-9fdf-dcd7aaa3346a,3ba1642e-adf1-4231-aa75-c7cd5ad14b16"
f1dc3983-5daf-40b6-8dea-a8e712cf73bb,f206751d-d458-4b7a-a4a8-72d4bc1e8a8c,1de47596-69cf-4256-9baa-602d8a91d41b,->,f1dc3983-5daf-40b6-8dea-a8e712cf73bb,edfb3cf2-a62e-4314-ac6a-8a6bad7c286e,8f43ca4e-bb1d-4a93-91f5-3dc72f51b72f
f1dc3983-5daf-40b6-8dea-a8e712cf73bb,f206751d-d458-4b7a-a4a8-72d4bc1e8a8c,1de47596-69cf-4256-9baa-602d8a91d41b,->,f1dc3983-5daf-40b6-8dea-a8e712cf73bb,java/util/List.java,addAll
f1dc3983-5daf-40b6-8dea-a8e712cf73bb,f206751d-d458-4b7a-a4a8-72d4bc1e8a8c,2c615c6d-637d-43ca-a9a3-10893ca98f85,->,f1dc3983-5daf-40b6-8dea-a8e712cf73bb,java/lang/StringBuilder.java,append
f1dc3983-5daf-40b6-8dea-a8e712cf73bb,f206751d-d458-4b7a-a4a8-72d4bc1e8a8c,2c615c6d-637d-43ca-a9a3-10893ca98f85,->,f1dc3983-5daf-40b6-8dea-a8e712cf73bb,java/lang/StringBuilder.java,append
f1dc3983-5daf-40b6-8dea-a8e712cf73bb,f206751d-d458-4b7a-a4a8-72d4bc1e8a8c,2c615c6d-637d-43ca-a9a3-10893ca98f85,->,f1dc3983-5daf-40b6-8dea-a8e712cf73bb,java/lang/StringBuilder.java,toString
f1dc3983-5daf-40b6-8dea-a8e712cf73bb,f206751d-d458-4b7a-a4a8-72d4bc1e8a8c,7424f5d2-8208-4daa-9cf7-26e64cfdfafd,->,f1dc3983-5daf-40b6-8dea-a8e712cf73bb,42b060b8-8069-4ce2-b697-af4348e810da,9db7681e-b6da-43b8-a39b-41ccc0a749a4
f1dc3983-5daf-40b6-8dea-a8e712cf73bb,f206751d-d458-4b7a-a4a8-72d4bc1e8a8c,7424f5d2-8208-4daa-9cf7-26e64cfdfafd,->,f1dc3983-5daf-40b6-8dea-a8e712cf73bb,42b060b8-8069-4ce2-b697-af4348e810da,dc8cc81c-2278-4245-8a1a-07c75f471f64
f1dc3983-5daf-40b6-8dea-a8e712cf73bb,f206751d-d458-4b7a-a4a8-72d4bc1e8a8c,f22fda31-6050-4bc6-b3ea-bbe6c2449ced,->,f1dc3983-5daf-40b6-8dea-a8e712cf73bb,java/lang/String.java,hashCode
f1dc3983-5daf-40b6-8dea-a8e712cf73bb,f206751d-d458-4b7a-a4a8-72d4bc1e8a8c,b03e9418-7ab3-4114-adfb-bf32f06a0d8a,->,f1dc3983-5daf-40b6-8dea-a8e712cf73bb,58b6f058-eb41-4728-9329-3c253af52eb6,5b56014e-5e46-4583-a30d-c7ed84ceb455
f1dc3983-5daf-40b6-8dea-a8e712cf73bb,f206751d-d458-4b7a-a4a8-72d4bc1e8a8c,b03e9418-7ab3-4114-adfb-bf32f06a0d8a,->,f1dc3983-5daf-40b6-8dea-a8e712cf73bb,58b6f058-eb41-4728-9329-3c253af52eb6,1d8cdc2d-2c7a-42ae-bea3-fd52db53c0a7
f1dc3983-5daf-40b6-8dea-a8e712cf73bb,f206751d-d458-4b7a-a4a8-72d4bc1e8a8c,b03e9418-7ab3-4114-adfb-bf32f06a0d8a,->,f1dc3983-5daf-40b6-8dea-a8e712cf73bb,58b6f058-eb41-4728-9329-3c253af52eb6,5b56014e-5e46-4583-a30d-c7ed84ceb455
f1dc3983-5daf-40b6-8dea-a8e712cf73bb,f206751d-d458-4b7a-a4a8-72d4bc1e8a8c,b03e9418-7ab3-4114-adfb-bf32f06a0d8a,->,f1dc3983-5daf-40b6-8dea-a8e712cf73bb,58b6f058-eb41-4728-9329-3c253af52eb6,063f1c57-12ba-4d27-a1c9-4a9c65d4404a
f1dc3983-5daf-40b6-8dea-a8e712cf73bb,f206751d-d458-4b7a-a4a8-72d4bc1e8a8c,c1d8643a-2a89-4d6a-b405-309bed9d3f7f,->,f1dc3983-5daf-40b6-8dea-a8e712cf73bb,java/util/Collection.java,clear
f1dc3983-5daf-40b6-8dea-a8e712cf73bb,f206751d-d458-4b7a-a4a8-72d4bc1e8a8c,c1d8643a-2a89-4d6a-b405-309bed9d3f7f,->,f1dc3983-5daf-40b6-8dea-a8e712cf73bb,java/util/Collection.java,addAll
f1dc3983-5daf-40b6-8dea-a8e712cf73bb,f206751d-d458-4b7a-a4a8-72d4bc1e8a8c,eae41500-8fb8-4280-bd03-3af7f86b160b,->,f1dc3983-5daf-40b6-8dea-a8e712cf73bb,f206751d-d458-4b7a-a4a8-72d4bc1e8a8c,eae41500-8fb8-4280-bd03-3af7f86b160b
f1dc3983-5daf-40b6-8dea-a8e712cf73bb,3dd0bf9d-8023-4674-8d16-300b19dc2c5e,2878af3b-7d49-42c2-8540-756c5a6a4a2a,->,f1dc3983-5daf-40b6-8dea-a8e712cf73bb,99d9e32d-3617-4d0f-9d2f-21ca6442d165,ee08fea1-0833-4408-b826-781c149a250d
f1dc3983-5daf-40b6-8dea-a8e712cf73bb,3dd0bf9d-8023-4674-8d16-300b19dc2c5e,2878af3b-7d49-42c2-8540-756c5a6a4a2a,->,f1dc3983-5daf-40b6-8dea-a8e712cf73bb,dc153d7f-3534-4a67-8710-d7f60b14f568,dc5bac52-4aa7-4294-b9b9-a13a2f4a1d58
f1dc3983-5daf-40b6-8dea-a8e712cf73bb,3dd0bf9d-8023-4674-8d16-300b19dc2c5e,2878af3b-7d49-42c2-8540-756c5a6a4a2a,->,f1dc3983-5daf-40b6-8dea-a8e712cf73bb,dc153d7f-3534-4a67-8710-d7f60b14f568,"6b7e8dc4-5dc7-4a81-a1ce-b3984bcfab9c,4acde63b-de54-49d6-8a44-e21018882fc3"
f1dc3983-5daf-40b6-8dea-a8e712cf73bb,3dd0bf9d-8023-4674-8d16-300b19dc2c5e,2878af3b-7d49-42c2-8540-756c5a6a4a2a,->,f1dc3983-5daf-40b6-8dea-a8e712cf73bb,99d9e32d-3617-4d0f-9d2f-21ca6442d165,97132b05-59e4-4e1f-86af-11efe5bcf4a6
f1dc3983-5daf-40b6-8dea-a8e712cf73bb,3dd0bf9d-8023-4674-8d16-300b19dc2c5e,2878af3b-7d49-42c2-8540-756c5a6a4a2a,->,f1dc3983-5daf-40b6-8dea-a8e712cf73bb,99d9e32d-3617-4d0f-9d2f-21ca6442d165,67b3882d-cf90-4793-a1cc-f9d09bfdd818
f1dc3983-5daf-40b6-8dea-a8e712cf73bb,3dd0bf9d-8023-4674-8d16-300b19dc2c5e,2878af3b-7d49-42c2-8540-756c5a6a4a2a,->,f1dc3983-5daf-40b6-8dea-a8e712cf73bb,java/lang/String.java,equals
f1dc3983-5daf-40b6-8dea-a8e712cf73bb,3dd0bf9d-8023-4674-8d16-300b19dc2c5e,2878af3b-7d49-42c2-8540-756c5a6a4a2a,->,f1dc3983-5daf-40b6-8dea-a8e712cf73bb,99d9e32d-3617-4d0f-9d2f-21ca6442d165,ee08fea1-0833-4408-b826-781c149a250d
f1dc3983-5daf-40b6-8dea-a8e712cf73bb,3dd0bf9d-8023-4674-8d16-300b19dc2c5e,2878af3b-7d49-42c2-8540-756c5a6a4a2a,->,f1dc3983-5daf-40b6-8dea-a8e712cf73bb,dc153d7f-3534-4a67-8710-d7f60b14f568,dc5bac52-4aa7-4294-b9b9-a13a2f4a1d58
f1dc3983-5daf-40b6-8dea-a8e712cf73bb,3dd0bf9d-8023-4674-8d16-300b19dc2c5e,2878af3b-7d49-42c2-8540-756c5a6a4a2a,->,f1dc3983-5daf-40b6-8dea-a8e712cf73bb,dc153d7f-3534-4a67-8710-d7f60b14f568,"6b7e8dc4-5dc7-4a81-a1ce-b3984bcfab9c,4acde63b-de54-49d6-8a44-e21018882fc3"
f1dc3983-5daf-40b6-8dea-a8e712cf73bb,3dd0bf9d-8023-4674-8d16-300b19dc2c5e,2878af3b-7d49-42c2-8540-756c5a6a4a2a,->,f1dc3983-5daf-40b6-8dea-a8e712cf73bb,99d9e32d-3617-4d0f-9d2f-21ca6442d165,97132b05-59e4-4e1f-86af-11efe5bcf4a6
f1dc3983-5daf-40b6-8dea-a8e712cf73bb,3dd0bf9d-8023-4674-8d16-300b19dc2c5e,2878af3b-7d49-42c2-8540-756c5a6a4a2a,->,f1dc3983-5daf-40b6-8dea-a8e712cf73bb,99d9e32d-3617-4d0f-9d2f-21ca6442d165,97132b05-59e4-4e1f-86af-11efe5bcf4a6
f1dc3983-5daf-40b6-8dea-a8e712cf73bb,3dd0bf9d-8023-4674-8d16-300b19dc2c5e,2878af3b-7d49-42c2-8540-756c5a6a4a2a,->,f1dc3983-5daf-40b6-8dea-a8e712cf73bb,java/sql/SQLException.java,printStackTrace
f1dc3983-5daf-40b6-8dea-a8e712cf73bb,3dd0bf9d-8023-4674-8d16-300b19dc2c5e,d64f92e6-e2a5-4552-87f7-4499580a5ff0,->,f1dc3983-5daf-40b6-8dea-a8e712cf73bb,dc153d7f-3534-4a67-8710-d7f60b14f568,dc5bac52-4aa7-4294-b9b9-a13a2f4a1d58
f1dc3983-5daf-40b6-8dea-a8e712cf73bb,3dd0bf9d-8023-4674-8d16-300b19dc2c5e,d64f92e6-e2a5-4552-87f7-4499580a5ff0,->,f1dc3983-5daf-40b6-8dea-a8e712cf73bb,dc153d7f-3534-4a67-8710-d7f60b14f568,9847bccf-b243-4823-be02-22096d33748e
f1dc3983-5daf-40b6-8dea-a8e712cf73bb,3dd0bf9d-8023-4674-8d16-300b19dc2c5e,d64f92e6-e2a5-4552-87f7-4499580a5ff0,->,f1dc3983-5daf-40b6-8dea-a8e712cf73bb,java/sql/SQLException.java,printStackTrace
f1dc3983-5daf-40b6-8dea-a8e712cf73bb,uk/co/brotherlogic/mdb/FormatTest.java,<clinit>,->,f1dc3983-5daf-40b6-8dea-a8e712cf73bb,java/lang/Class.java,desiredAssertionStatus
f1dc3983-5daf-40b6-8dea-a8e712cf73bb,385ca2ff-7130-42a2-a098-9b0c7c704198,468c7216-acc7-4260-8292-364a14947fa4,->,f1dc3983-5daf-40b6-8dea-a8e712cf73bb,4d5d5404-a022-4f98-9bfb-75e7837433dc,d9f9ab23-5fef-4ee4-bdac-95b9786e4990
f1dc3983-5daf-40b6-8dea-a8e712cf73bb,385ca2ff-7130-42a2-a098-9b0c7c704198,468c7216-acc7-4260-8292-364a14947fa4,->,f1dc3983-5daf-40b6-8dea-a8e712cf73bb,385ca2ff-7130-42a2-a098-9b0c7c704198,a1121577-3501-4850-b4c2-3539f1852cb3
f1dc3983-5daf-40b6-8dea-a8e712cf73bb,385ca2ff-7130-42a2-a098-9b0c7c704198,287b6ea9-a862-4a2d-8e3c-c5b8b49604bb,->,f1dc3983-5daf-40b6-8dea-a8e712cf73bb,42b060b8-8069-4ce2-b697-af4348e810da,9db7681e-b6da-43b8-a39b-41ccc0a749a4
f1dc3983-5daf-40b6-8dea-a8e712cf73bb,385ca2ff-7130-42a2-a098-9b0c7c704198,287b6ea9-a862-4a2d-8e3c-c5b8b49604bb,->,f1dc3983-5daf-40b6-8dea-a8e712cf73bb,42b060b8-8069-4ce2-b697-af4348e810da,ff743858-6939-4628-9fbd-60a8658f9ccc
f1dc3983-5daf-40b6-8dea-a8e712cf73bb,385ca2ff-7130-42a2-a098-9b0c7c704198,287b6ea9-a862-4a2d-8e3c-c5b8b49604bb,->,f1dc3983-5daf-40b6-8dea-a8e712cf73bb,java/util/Collection.java,iterator
f1dc3983-5daf-40b6-8dea-a8e712cf73bb,385ca2ff-7130-42a2-a098-9b0c7c704198,287b6ea9-a862-4a2d-8e3c-c5b8b49604bb,->,f1dc3983-5daf-40b6-8dea-a8e712cf73bb,java/util/Iterator.java,hasNext
f1dc3983-5daf-40b6-8dea-a8e712cf73bb,385ca2ff-7130-42a2-a098-9b0c7c704198,287b6ea9-a862-4a2d-8e3c-c5b8b49604bb,->,f1dc3983-5daf-40b6-8dea-a8e712cf73bb,java/util/Iterator.java,next
f1dc3983-5daf-40b6-8dea-a8e712cf73bb,385ca2ff-7130-42a2-a098-9b0c7c704198,287b6ea9-a862-4a2d-8e3c-c5b8b49604bb,->,f1dc3983-5daf-40b6-8dea-a8e712cf73bb,46ea8bdb-6073-4428-9248-da3e9e211ea4,2305fe18-f79f-44ba-aad5-b96ad1020e1e
f1dc3983-5daf-40b6-8dea-a8e712cf73bb,385ca2ff-7130-42a2-a098-9b0c7c704198,287b6ea9-a862-4a2d-8e3c-c5b8b49604bb,->,f1dc3983-5daf-40b6-8dea-a8e712cf73bb,46ea8bdb-6073-4428-9248-da3e9e211ea4,2305fe18-f79f-44ba-aad5-b96ad1020e1e
f1dc3983-5daf-40b6-8dea-a8e712cf73bb,385ca2ff-7130-42a2-a098-9b0c7c704198,287b6ea9-a862-4a2d-8e3c-c5b8b49604bb,->,f1dc3983-5daf-40b6-8dea-a8e712cf73bb,5dc8f63a-d8df-47a6-9231-b039f5da5158,87a07274-d969-4211-af88-81fad419957e
f1dc3983-5daf-40b6-8dea-a8e712cf73bb,385ca2ff-7130-42a2-a098-9b0c7c704198,287b6ea9-a862-4a2d-8e3c-c5b8b49604bb,->,f1dc3983-5daf-40b6-8dea-a8e712cf73bb,385ca2ff-7130-42a2-a098-9b0c7c704198,1281f74c-d77c-40c3-aa33-3769d4d78025
f1dc3983-5daf-40b6-8dea-a8e712cf73bb,385ca2ff-7130-42a2-a098-9b0c7c704198,287b6ea9-a862-4a2d-8e3c-c5b8b49604bb,->,f1dc3983-5daf-40b6-8dea-a8e712cf73bb,46ea8bdb-6073-4428-9248-da3e9e211ea4,4b230d2e-4878-4c43-af8c-3f1357c03d92
f1dc3983-5daf-40b6-8dea-a8e712cf73bb,385ca2ff-7130-42a2-a098-9b0c7c704198,287b6ea9-a862-4a2d-8e3c-c5b8b49604bb,->,f1dc3983-5daf-40b6-8dea-a8e712cf73bb,java/lang/StringBuilder.java,append
f1dc3983-5daf-40b6-8dea-a8e712cf73bb,385ca2ff-7130-42a2-a098-9b0c7c704198,287b6ea9-a862-4a2d-8e3c-c5b8b49604bb,->,f1dc3983-5daf-40b6-8dea-a8e712cf73bb,java/lang/StringBuilder.java,append
f1dc3983-5daf-40b6-8dea-a8e712cf73bb,385ca2ff-7130-42a2-a098-9b0c7c704198,287b6ea9-a862-4a2d-8e3c-c5b8b49604bb,->,f1dc3983-5daf-40b6-8dea-a8e712cf73bb,46ea8bdb-6073-4428-9248-da3e9e211ea4,2305fe18-f79f-44ba-aad5-b96ad1020e1e
f1dc3983-5daf-40b6-8dea-a8e712cf73bb,385ca2ff-7130-42a2-a098-9b0c7c704198,287b6ea9-a862-4a2d-8e3c-c5b8b49604bb,->,f1dc3983-5daf-40b6-8dea-a8e712cf73bb,java/lang/StringBuilder.java,append
f1dc3983-5daf-40b6-8dea-a8e712cf73bb,385ca2ff-7130-42a2-a098-9b0c7c704198,287b6ea9-a862-4a2d-8e3c-c5b8b49604bb,->,f1dc3983-5daf-40b6-8dea-a8e712cf73bb,java/lang/StringBuilder.java,toString
f1dc3983-5daf-40b6-8dea-a8e712cf73bb,385ca2ff-7130-42a2-a098-9b0c7c704198,287b6ea9-a862-4a2d-8e3c-c5b8b49604bb,->,f1dc3983-5daf-40b6-8dea-a8e712cf73bb,java/io/PrintStream.java,println
f1dc3983-5daf-40b6-8dea-a8e712cf73bb,385ca2ff-7130-42a2-a098-9b0c7c704198,287b6ea9-a862-4a2d-8e3c-c5b8b49604bb,->,f1dc3983-5daf-40b6-8dea-a8e712cf73bb,java/lang/StringBuilder.java,append
f1dc3983-5daf-40b6-8dea-a8e712cf73bb,385ca2ff-7130-42a2-a098-9b0c7c704198,287b6ea9-a862-4a2d-8e3c-c5b8b49604bb,->,f1dc3983-5daf-40b6-8dea-a8e712cf73bb,46ea8bdb-6073-4428-9248-da3e9e211ea4,2305fe18-f79f-44ba-aad5-b96ad1020e1e
f1dc3983-5daf-40b6-8dea-a8e712cf73bb,385ca2ff-7130-42a2-a098-9b0c7c704198,287b6ea9-a862-4a2d-8e3c-c5b8b49604bb,->,f1dc3983-5daf-40b6-8dea-a8e712cf73bb,java/lang/StringBuilder.java,append
f1dc3983-5daf-40b6-8dea-a8e712cf73bb,385ca2ff-7130-42a2-a098-9b0c7c704198,287b6ea9-a862-4a2d-8e3c-c5b8b49604bb,->,f1dc3983-5daf-40b6-8dea-a8e712cf73bb,java/lang/StringBuilder.java,toString
f1dc3983-5daf-40b6-8dea-a8e712cf73bb,385ca2ff-7130-42a2-a098-9b0c7c704198,287b6ea9-a862-4a2d-8e3c-c5b8b49604bb,->,f1dc3983-5daf-40b6-8dea-a8e712cf73bb,java/io/PrintStream.java,println
f1dc3983-5daf-40b6-8dea-a8e712cf73bb,385ca2ff-7130-42a2-a098-9b0c7c704198,1281f74c-d77c-40c3-aa33-3769d4d78025,->,f1dc3983-5daf-40b6-8dea-a8e712cf73bb,46ea8bdb-6073-4428-9248-da3e9e211ea4,1ab375eb-6d78-474f-a77e-537456340dba
f1dc3983-5daf-40b6-8dea-a8e712cf73bb,385ca2ff-7130-42a2-a098-9b0c7c704198,1281f74c-d77c-40c3-aa33-3769d4d78025,->,f1dc3983-5daf-40b6-8dea-a8e712cf73bb,46ea8bdb-6073-4428-9248-da3e9e211ea4,1ab375eb-6d78-474f-a77e-537456340dba
f1dc3983-5daf-40b6-8dea-a8e712cf73bb,385ca2ff-7130-42a2-a098-9b0c7c704198,1281f74c-d77c-40c3-aa33-3769d4d78025,->,f1dc3983-5daf-40b6-8dea-a8e712cf73bb,java/lang/String.java,equals
f1dc3983-5daf-40b6-8dea-a8e712cf73bb,385ca2ff-7130-42a2-a098-9b0c7c704198,1281f74c-d77c-40c3-aa33-3769d4d78025,->,f1dc3983-5daf-40b6-8dea-a8e712cf73bb,java/lang/StringBuilder.java,append
f1dc3983-5daf-40b6-8dea-a8e712cf73bb,385ca2ff-7130-42a2-a098-9b0c7c704198,1281f74c-d77c-40c3-aa33-3769d4d78025,->,f1dc3983-5daf-40b6-8dea-a8e712cf73bb,46ea8bdb-6073-4428-9248-da3e9e211ea4,1ab375eb-6d78-474f-a77e-537456340dba
f1dc3983-5daf-40b6-8dea-a8e712cf73bb,385ca2ff-7130-42a2-a098-9b0c7c704198,1281f74c-d77c-40c3-aa33-3769d4d78025,->,f1dc3983-5daf-40b6-8dea-a8e712cf73bb,java/lang/StringBuilder.java,append
f1dc3983-5daf-40b6-8dea-a8e712cf73bb,385ca2ff-7130-42a2-a098-9b0c7c704198,1281f74c-d77c-40c3-aa33-3769d4d78025,->,f1dc3983-5daf-40b6-8dea-a8e712cf73bb,java/lang/StringBuilder.java,append
f1dc3983-5daf-40b6-8dea-a8e712cf73bb,385ca2ff-7130-42a2-a098-9b0c7c704198,1281f74c-d77c-40c3-aa33-3769d4d78025,->,f1dc3983-5daf-40b6-8dea-a8e712cf73bb,46ea8bdb-6073-4428-9248-da3e9e211ea4,1ab375eb-6d78-474f-a77e-537456340dba
f1dc3983-5daf-40b6-8dea-a8e712cf73bb,385ca2ff-7130-42a2-a098-9b0c7c704198,1281f74c-d77c-40c3-aa33-3769d4d78025,->,f1dc3983-5daf-40b6-8dea-a8e712cf73bb,java/lang/StringBuilder.java,append
f1dc3983-5daf-40b6-8dea-a8e712cf73bb,385ca2ff-7130-42a2-a098-9b0c7c704198,1281f74c-d77c-40c3-aa33-3769d4d78025,->,f1dc3983-5daf-40b6-8dea-a8e712cf73bb,java/lang/StringBuilder.java,toString
f1dc3983-5daf-40b6-8dea-a8e712cf73bb,385ca2ff-7130-42a2-a098-9b0c7c704198,1281f74c-d77c-40c3-aa33-3769d4d78025,->,f1dc3983-5daf-40b6-8dea-a8e712cf73bb,java/io/PrintStream.java,println
f1dc3983-5daf-40b6-8dea-a8e712cf73bb,385ca2ff-7130-42a2-a098-9b0c7c704198,1e662f83-3c61-4047-add5-3516cb0251d1,->,f1dc3983-5daf-40b6-8dea-a8e712cf73bb,42b060b8-8069-4ce2-b697-af4348e810da,9db7681e-b6da-43b8-a39b-41ccc0a749a4
f1dc3983-5daf-40b6-8dea-a8e712cf73bb,385ca2ff-7130-42a2-a098-9b0c7c704198,1e662f83-3c61-4047-add5-3516cb0251d1,->,f1dc3983-5daf-40b6-8dea-a8e712cf73bb,42b060b8-8069-4ce2-b697-af4348e810da,ff743858-6939-4628-9fbd-60a8658f9ccc
f1dc3983-5daf-40b6-8dea-a8e712cf73bb,385ca2ff-7130-42a2-a098-9b0c7c704198,1e662f83-3c61-4047-add5-3516cb0251d1,->,f1dc3983-5daf-40b6-8dea-a8e712cf73bb,java/util/Collection.java,iterator
f1dc3983-5daf-40b6-8dea-a8e712cf73bb,385ca2ff-7130-42a2-a098-9b0c7c704198,1e662f83-3c61-4047-add5-3516cb0251d1,->,f1dc3983-5daf-40b6-8dea-a8e712cf73bb,java/util/Iterator.java,hasNext
f1dc3983-5daf-40b6-8dea-a8e712cf73bb,385ca2ff-7130-42a2-a098-9b0c7c704198,1e662f83-3c61-4047-add5-3516cb0251d1,->,f1dc3983-5daf-40b6-8dea-a8e712cf73bb,java/util/Iterator.java,next
f1dc3983-5daf-40b6-8dea-a8e712cf73bb,385ca2ff-7130-42a2-a098-9b0c7c704198,1e662f83-3c61-4047-add5-3516cb0251d1,->,f1dc3983-5daf-40b6-8dea-a8e712cf73bb,46ea8bdb-6073-4428-9248-da3e9e211ea4,443be998-ecb8-4e6e-8010-16ebd14bd192
f1dc3983-5daf-40b6-8dea-a8e712cf73bb,385ca2ff-7130-42a2-a098-9b0c7c704198,1e662f83-3c61-4047-add5-3516cb0251d1,->,f1dc3983-5daf-40b6-8dea-a8e712cf73bb,java/lang/Integer.java,intValue
f1dc3983-5daf-40b6-8dea-a8e712cf73bb,385ca2ff-7130-42a2-a098-9b0c7c704198,1e662f83-3c61-4047-add5-3516cb0251d1,->,f1dc3983-5daf-40b6-8dea-a8e712cf73bb,46ea8bdb-6073-4428-9248-da3e9e211ea4,b79bf6fe-eab6-424b-a0b7-126c8cd7d54f
f1dc3983-5daf-40b6-8dea-a8e712cf73bb,385ca2ff-7130-42a2-a098-9b0c7c704198,1e662f83-3c61-4047-add5-3516cb0251d1,->,f1dc3983-5daf-40b6-8dea-a8e712cf73bb,46ea8bdb-6073-4428-9248-da3e9e211ea4,adf0fa5a-d7ea-4e44-9198-5ef9f2dc8c84
f1dc3983-5daf-40b6-8dea-a8e712cf73bb,385ca2ff-7130-42a2-a098-9b0c7c704198,1e662f83-3c61-4047-add5-3516cb0251d1,->,f1dc3983-5daf-40b6-8dea-a8e712cf73bb,99d9e32d-3617-4d0f-9d2f-21ca6442d165,67b3882d-cf90-4793-a1cc-f9d09bfdd818
f1dc3983-5daf-40b6-8dea-a8e712cf73bb,385ca2ff-7130-42a2-a098-9b0c7c704198,1e662f83-3c61-4047-add5-3516cb0251d1,->,f1dc3983-5daf-40b6-8dea-a8e712cf73bb,java/util/Map.java,containsKey
f1dc3983-5daf-40b6-8dea-a8e712cf73bb,385ca2ff-7130-42a2-a098-9b0c7c704198,1e662f83-3c61-4047-add5-3516cb0251d1,->,f1dc3983-5daf-40b6-8dea-a8e712cf73bb,46ea8bdb-6073-4428-9248-da3e9e211ea4,adf0fa5a-d7ea-4e44-9198-5ef9f2dc8c84
f1dc3983-5daf-40b6-8dea-a8e712cf73bb,385ca2ff-7130-42a2-a098-9b0c7c704198,1e662f83-3c61-4047-add5-3516cb0251d1,->,f1dc3983-5daf-40b6-8dea-a8e712cf73bb,99d9e32d-3617-4d0f-9d2f-21ca6442d165,67b3882d-cf90-4793-a1cc-f9d09bfdd818
f1dc3983-5daf-40b6-8dea-a8e712cf73bb,385ca2ff-7130-42a2-a098-9b0c7c704198,1e662f83-3c61-4047-add5-3516cb0251d1,->,f1dc3983-5daf-40b6-8dea-a8e712cf73bb,46ea8bdb-6073-4428-9248-da3e9e211ea4,adf0fa5a-d7ea-4e44-9198-5ef9f2dc8c84
f1dc3983-5daf-40b6-8dea-a8e712cf73bb,385ca2ff-7130-42a2-a098-9b0c7c704198,1e662f83-3c61-4047-add5-3516cb0251d1,->,f1dc3983-5daf-40b6-8dea-a8e712cf73bb,99d9e32d-3617-4d0f-9d2f-21ca6442d165,67b3882d-cf90-4793-a1cc-f9d09bfdd818
f1dc3983-5daf-40b6-8dea-a8e712cf73bb,385ca2ff-7130-42a2-a098-9b0c7c704198,1e662f83-3c61-4047-add5-3516cb0251d1,->,f1dc3983-5daf-40b6-8dea-a8e712cf73bb,java/util/Map.java,get
f1dc3983-5daf-40b6-8dea-a8e712cf73bb,385ca2ff-7130-42a2-a098-9b0c7c704198,1e662f83-3c61-4047-add5-3516cb0251d1,->,f1dc3983-5daf-40b6-8dea-a8e712cf73bb,java/lang/Integer.java,intValue
f1dc3983-5daf-40b6-8dea-a8e712cf73bb,385ca2ff-7130-42a2-a098-9b0c7c704198,1e662f83-3c61-4047-add5-3516cb0251d1,->,f1dc3983-5daf-40b6-8dea-a8e712cf73bb,java/lang/Integer.java,valueOf
f1dc3983-5daf-40b6-8dea-a8e712cf73bb,385ca2ff-7130-42a2-a098-9b0c7c704198,1e662f83-3c61-4047-add5-3516cb0251d1,->,f1dc3983-5daf-40b6-8dea-a8e712cf73bb,java/util/Map.java,put
f1dc3983-5daf-40b6-8dea-a8e712cf73bb,385ca2ff-7130-42a2-a098-9b0c7c704198,1e662f83-3c61-4047-add5-3516cb0251d1,->,f1dc3983-5daf-40b6-8dea-a8e712cf73bb,46ea8bdb-6073-4428-9248-da3e9e211ea4,adf0fa5a-d7ea-4e44-9198-5ef9f2dc8c84
f1dc3983-5daf-40b6-8dea-a8e712cf73bb,385ca2ff-7130-42a2-a098-9b0c7c704198,1e662f83-3c61-4047-add5-3516cb0251d1,->,f1dc3983-5daf-40b6-8dea-a8e712cf73bb,99d9e32d-3617-4d0f-9d2f-21ca6442d165,67b3882d-cf90-4793-a1cc-f9d09bfdd818
f1dc3983-5daf-40b6-8dea-a8e712cf73bb,385ca2ff-7130-42a2-a098-9b0c7c704198,1e662f83-3c61-4047-add5-3516cb0251d1,->,f1dc3983-5daf-40b6-8dea-a8e712cf73bb,java/lang/Integer.java,valueOf
f1dc3983-5daf-40b6-8dea-a8e712cf73bb,385ca2ff-7130-42a2-a098-9b0c7c704198,1e662f83-3c61-4047-add5-3516cb0251d1,->,f1dc3983-5daf-40b6-8dea-a8e712cf73bb,java/util/Map.java,put
f1dc3983-5daf-40b6-8dea-a8e712cf73bb,385ca2ff-7130-42a2-a098-9b0c7c704198,1e662f83-3c61-4047-add5-3516cb0251d1,->,f1dc3983-5daf-40b6-8dea-a8e712cf73bb,java/util/Map.java,entrySet
f1dc3983-5daf-40b6-8dea-a8e712cf73bb,385ca2ff-7130-42a2-a098-9b0c7c704198,1e662f83-3c61-4047-add5-3516cb0251d1,->,f1dc3983-5daf-40b6-8dea-a8e712cf73bb,java/util/Set.java,iterator
f1dc3983-5daf-40b6-8dea-a8e712cf73bb,385ca2ff-7130-42a2-a098-9b0c7c704198,1e662f83-3c61-4047-add5-3516cb0251d1,->,f1dc3983-5daf-40b6-8dea-a8e712cf73bb,java/util/Iterator.java,hasNext
f1dc3983-5daf-40b6-8dea-a8e712cf73bb,385ca2ff-7130-42a2-a098-9b0c7c704198,1e662f83-3c61-4047-add5-3516cb0251d1,->,f1dc3983-5daf-40b6-8dea-a8e712cf73bb,java/util/Iterator.java,next
f1dc3983-5daf-40b6-8dea-a8e712cf73bb,385ca2ff-7130-42a2-a098-9b0c7c704198,1e662f83-3c61-4047-add5-3516cb0251d1,->,f1dc3983-5daf-40b6-8dea-a8e712cf73bb,java/util/Map$Entry.java,getKey
f1dc3983-5daf-40b6-8dea-a8e712cf73bb,385ca2ff-7130-42a2-a098-9b0c7c704198,1e662f83-3c61-4047-add5-3516cb0251d1,->,f1dc3983-5daf-40b6-8dea-a8e712cf73bb,java/lang/StringBuilder.java,append
f1dc3983-5daf-40b6-8dea-a8e712cf73bb,385ca2ff-7130-42a2-a098-9b0c7c704198,1e662f83-3c61-4047-add5-3516cb0251d1,->,f1dc3983-5daf-40b6-8dea-a8e712cf73bb,java/lang/StringBuilder.java,append
f1dc3983-5daf-40b6-8dea-a8e712cf73bb,385ca2ff-7130-42a2-a098-9b0c7c704198,1e662f83-3c61-4047-add5-3516cb0251d1,->,f1dc3983-5daf-40b6-8dea-a8e712cf73bb,java/util/Map$Entry.java,getValue
f1dc3983-5daf-40b6-8dea-a8e712cf73bb,385ca2ff-7130-42a2-a098-9b0c7c704198,1e662f83-3c61-4047-add5-3516cb0251d1,->,f1dc3983-5daf-40b6-8dea-a8e712cf73bb,java/lang/StringBuilder.java,append
f1dc3983-5daf-40b6-8dea-a8e712cf73bb,385ca2ff-7130-42a2-a098-9b0c7c704198,1e662f83-3c61-4047-add5-3516cb0251d1,->,f1dc3983-5daf-40b6-8dea-a8e712cf73bb,java/lang/StringBuilder.java,toString
f1dc3983-5daf-40b6-8dea-a8e712cf73bb,385ca2ff-7130-42a2-a098-9b0c7c704198,1e662f83-3c61-4047-add5-3516cb0251d1,->,f1dc3983-5daf-40b6-8dea-a8e712cf73bb,java/io/PrintStream.java,println
f1dc3983-5daf-40b6-8dea-a8e712cf73bb,385ca2ff-7130-42a2-a098-9b0c7c704198,a1121577-3501-4850-b4c2-3539f1852cb3,->,f1dc3983-5daf-40b6-8dea-a8e712cf73bb,385ca2ff-7130-42a2-a098-9b0c7c704198,1e662f83-3c61-4047-add5-3516cb0251d1
f1dc3983-5daf-40b6-8dea-a8e712cf73bb,e5a4b429-14f8-406e-a767-8bcf84776072,35848b45-732e-4638-9c46-c78e9bc5869a,->,f1dc3983-5daf-40b6-8dea-a8e712cf73bb,46ea8bdb-6073-4428-9248-da3e9e211ea4,b00f4f60-8f1d-4f31-91bd-b2cc0615c9e0
f1dc3983-5daf-40b6-8dea-a8e712cf73bb,e5a4b429-14f8-406e-a767-8bcf84776072,35848b45-732e-4638-9c46-c78e9bc5869a,->,f1dc3983-5daf-40b6-8dea-a8e712cf73bb,46ea8bdb-6073-4428-9248-da3e9e211ea4,e9b86211-4a60-41dc-9404-e69ae43c1bc9
f1dc3983-5daf-40b6-8dea-a8e712cf73bb,e5a4b429-14f8-406e-a767-8bcf84776072,35848b45-732e-4638-9c46-c78e9bc5869a,->,f1dc3983-5daf-40b6-8dea-a8e712cf73bb,46ea8bdb-6073-4428-9248-da3e9e211ea4,0a25df6d-a020-4827-90f4-0de7e48fd272
f1dc3983-5daf-40b6-8dea-a8e712cf73bb,e5a4b429-14f8-406e-a767-8bcf84776072,35848b45-732e-4638-9c46-c78e9bc5869a,->,f1dc3983-5daf-40b6-8dea-a8e712cf73bb,46ea8bdb-6073-4428-9248-da3e9e211ea4,2bf4f2e5-4982-4a35-a850-06a2a4b7c700
f1dc3983-5daf-40b6-8dea-a8e712cf73bb,e5a4b429-14f8-406e-a767-8bcf84776072,35848b45-732e-4638-9c46-c78e9bc5869a,->,f1dc3983-5daf-40b6-8dea-a8e712cf73bb,46ea8bdb-6073-4428-9248-da3e9e211ea4,530d3865-c0c6-4ad3-b88c-2a63ab68c911
f1dc3983-5daf-40b6-8dea-a8e712cf73bb,e5a4b429-14f8-406e-a767-8bcf84776072,35848b45-732e-4638-9c46-c78e9bc5869a,->,f1dc3983-5daf-40b6-8dea-a8e712cf73bb,46ea8bdb-6073-4428-9248-da3e9e211ea4,"65523ea8-674d-4a7c-b591-441b58b393e2,81994144-8fcb-4ad4-b1bd-3b23831aeafe"
f1dc3983-5daf-40b6-8dea-a8e712cf73bb,e5a4b429-14f8-406e-a767-8bcf84776072,35848b45-732e-4638-9c46-c78e9bc5869a,->,f1dc3983-5daf-40b6-8dea-a8e712cf73bb,46ea8bdb-6073-4428-9248-da3e9e211ea4,28054cce-8af9-4c57-8f92-6923af772d76
f1dc3983-5daf-40b6-8dea-a8e712cf73bb,e5a4b429-14f8-406e-a767-8bcf84776072,35848b45-732e-4638-9c46-c78e9bc5869a,->,f1dc3983-5daf-40b6-8dea-a8e712cf73bb,46ea8bdb-6073-4428-9248-da3e9e211ea4,05e13568-4545-4aba-b5e5-4a0bd4502a65
f1dc3983-5daf-40b6-8dea-a8e712cf73bb,e5a4b429-14f8-406e-a767-8bcf84776072,35848b45-732e-4638-9c46-c78e9bc5869a,->,f1dc3983-5daf-40b6-8dea-a8e712cf73bb,46ea8bdb-6073-4428-9248-da3e9e211ea4,7e022196-315f-48a3-8618-1c577db54747
f1dc3983-5daf-40b6-8dea-a8e712cf73bb,e5a4b429-14f8-406e-a767-8bcf84776072,35848b45-732e-4638-9c46-c78e9bc5869a,->,f1dc3983-5daf-40b6-8dea-a8e712cf73bb,46ea8bdb-6073-4428-9248-da3e9e211ea4,8fc58116-acbd-488f-b7a8-30c798751805
f1dc3983-5daf-40b6-8dea-a8e712cf73bb,e5a4b429-14f8-406e-a767-8bcf84776072,35848b45-732e-4638-9c46-c78e9bc5869a,->,f1dc3983-5daf-40b6-8dea-a8e712cf73bb,46ea8bdb-6073-4428-9248-da3e9e211ea4,ab0ad166-68b0-486e-88c7-18a9fe878e86
f1dc3983-5daf-40b6-8dea-a8e712cf73bb,e5a4b429-14f8-406e-a767-8bcf84776072,35848b45-732e-4638-9c46-c78e9bc5869a,->,f1dc3983-5daf-40b6-8dea-a8e712cf73bb,46ea8bdb-6073-4428-9248-da3e9e211ea4,005ada01-4732-4964-a154-e045159482f1
f1dc3983-5daf-40b6-8dea-a8e712cf73bb,e5a4b429-14f8-406e-a767-8bcf84776072,35848b45-732e-4638-9c46-c78e9bc5869a,->,f1dc3983-5daf-40b6-8dea-a8e712cf73bb,46ea8bdb-6073-4428-9248-da3e9e211ea4,6f58e015-f448-43e7-b239-45c313accc3f
f1dc3983-5daf-40b6-8dea-a8e712cf73bb,e5a4b429-14f8-406e-a767-8bcf84776072,35848b45-732e-4638-9c46-c78e9bc5869a,->,f1dc3983-5daf-40b6-8dea-a8e712cf73bb,46ea8bdb-6073-4428-9248-da3e9e211ea4,f3566917-81dc-4c55-830e-92527b3bb039
f1dc3983-5daf-40b6-8dea-a8e712cf73bb,e5a4b429-14f8-406e-a767-8bcf84776072,35848b45-732e-4638-9c46-c78e9bc5869a,->,f1dc3983-5daf-40b6-8dea-a8e712cf73bb,46ea8bdb-6073-4428-9248-da3e9e211ea4,530d3865-c0c6-4ad3-b88c-2a63ab68c911
f1dc3983-5daf-40b6-8dea-a8e712cf73bb,e5a4b429-14f8-406e-a767-8bcf84776072,35848b45-732e-4638-9c46-c78e9bc5869a,->,f1dc3983-5daf-40b6-8dea-a8e712cf73bb,46ea8bdb-6073-4428-9248-da3e9e211ea4,e3bc6356-89c6-427c-8a2c-23b727ab1aa9
f1dc3983-5daf-40b6-8dea-a8e712cf73bb,e5a4b429-14f8-406e-a767-8bcf84776072,35848b45-732e-4638-9c46-c78e9bc5869a,->,f1dc3983-5daf-40b6-8dea-a8e712cf73bb,804c0c58-ce27-403b-96d3-d8bbd0da88e1,"b2d2d98d-692b-49c7-bcd4-28acd3ba346f,39e98d01-514f-45d8-af9b-dde2e838ed74"
f1dc3983-5daf-40b6-8dea-a8e712cf73bb,e5a4b429-14f8-406e-a767-8bcf84776072,35848b45-732e-4638-9c46-c78e9bc5869a,->,f1dc3983-5daf-40b6-8dea-a8e712cf73bb,46ea8bdb-6073-4428-9248-da3e9e211ea4,810f8528-b89d-4c09-8700-d2abf6b6c64d
f1dc3983-5daf-40b6-8dea-a8e712cf73bb,e5a4b429-14f8-406e-a767-8bcf84776072,35848b45-732e-4638-9c46-c78e9bc5869a,->,f1dc3983-5daf-40b6-8dea-a8e712cf73bb,java/sql/SQLException.java,printStackTrace
f1dc3983-5daf-40b6-8dea-a8e712cf73bb,e5a4b429-14f8-406e-a767-8bcf84776072,000a8dac-7478-471f-87c5-135e26322380,->,f1dc3983-5daf-40b6-8dea-a8e712cf73bb,e5a4b429-14f8-406e-a767-8bcf84776072,35848b45-732e-4638-9c46-c78e9bc5869a
f1dc3983-5daf-40b6-8dea-a8e712cf73bb,e5a4b429-14f8-406e-a767-8bcf84776072,000a8dac-7478-471f-87c5-135e26322380,->,f1dc3983-5daf-40b6-8dea-a8e712cf73bb,42b060b8-8069-4ce2-b697-af4348e810da,9db7681e-b6da-43b8-a39b-41ccc0a749a4
f1dc3983-5daf-40b6-8dea-a8e712cf73bb,e5a4b429-14f8-406e-a767-8bcf84776072,000a8dac-7478-471f-87c5-135e26322380,->,f1dc3983-5daf-40b6-8dea-a8e712cf73bb,42b060b8-8069-4ce2-b697-af4348e810da,9fe223bf-1976-4938-815d-5462fdea25d5
f1dc3983-5daf-40b6-8dea-a8e712cf73bb,e5a4b429-14f8-406e-a767-8bcf84776072,000a8dac-7478-471f-87c5-135e26322380,->,f1dc3983-5daf-40b6-8dea-a8e712cf73bb,java/util/List.java,get
f1dc3983-5daf-40b6-8dea-a8e712cf73bb,e5a4b429-14f8-406e-a767-8bcf84776072,000a8dac-7478-471f-87c5-135e26322380,->,f1dc3983-5daf-40b6-8dea-a8e712cf73bb,46ea8bdb-6073-4428-9248-da3e9e211ea4,30056950-15a9-4a0a-a4b2-a821dff86181
f1dc3983-5daf-40b6-8dea-a8e712cf73bb,e5a4b429-14f8-406e-a767-8bcf84776072,000a8dac-7478-471f-87c5-135e26322380,->,f1dc3983-5daf-40b6-8dea-a8e712cf73bb,java/util/Collection.java,size
f1dc3983-5daf-40b6-8dea-a8e712cf73bb,e5a4b429-14f8-406e-a767-8bcf84776072,000a8dac-7478-471f-87c5-135e26322380,->,f1dc3983-5daf-40b6-8dea-a8e712cf73bb,46ea8bdb-6073-4428-9248-da3e9e211ea4,b30f2c63-b99f-4b9b-85d8-ba3e8e917344
f1dc3983-5daf-40b6-8dea-a8e712cf73bb,e5a4b429-14f8-406e-a767-8bcf84776072,000a8dac-7478-471f-87c5-135e26322380,->,f1dc3983-5daf-40b6-8dea-a8e712cf73bb,java/lang/String.java,equals
f1dc3983-5daf-40b6-8dea-a8e712cf73bb,e5a4b429-14f8-406e-a767-8bcf84776072,000a8dac-7478-471f-87c5-135e26322380,->,f1dc3983-5daf-40b6-8dea-a8e712cf73bb,java/sql/SQLException.java,printStackTrace
f1dc3983-5daf-40b6-8dea-a8e712cf73bb,e5a4b429-14f8-406e-a767-8bcf84776072,1e491f29-2c3a-4f26-b446-dbb9028d03ae,->,f1dc3983-5daf-40b6-8dea-a8e712cf73bb,e5a4b429-14f8-406e-a767-8bcf84776072,35848b45-732e-4638-9c46-c78e9bc5869a
f1dc3983-5daf-40b6-8dea-a8e712cf73bb,e5a4b429-14f8-406e-a767-8bcf84776072,1e491f29-2c3a-4f26-b446-dbb9028d03ae,->,f1dc3983-5daf-40b6-8dea-a8e712cf73bb,42b060b8-8069-4ce2-b697-af4348e810da,9db7681e-b6da-43b8-a39b-41ccc0a749a4
f1dc3983-5daf-40b6-8dea-a8e712cf73bb,e5a4b429-14f8-406e-a767-8bcf84776072,1e491f29-2c3a-4f26-b446-dbb9028d03ae,->,f1dc3983-5daf-40b6-8dea-a8e712cf73bb,42b060b8-8069-4ce2-b697-af4348e810da,9fe223bf-1976-4938-815d-5462fdea25d5
f1dc3983-5daf-40b6-8dea-a8e712cf73bb,e5a4b429-14f8-406e-a767-8bcf84776072,1e491f29-2c3a-4f26-b446-dbb9028d03ae,->,f1dc3983-5daf-40b6-8dea-a8e712cf73bb,java/util/List.java,get
f1dc3983-5daf-40b6-8dea-a8e712cf73bb,e5a4b429-14f8-406e-a767-8bcf84776072,1e491f29-2c3a-4f26-b446-dbb9028d03ae,->,f1dc3983-5daf-40b6-8dea-a8e712cf73bb,804c0c58-ce27-403b-96d3-d8bbd0da88e1,"b2d2d98d-692b-49c7-bcd4-28acd3ba346f,39e98d01-514f-45d8-af9b-dde2e838ed74"
f1dc3983-5daf-40b6-8dea-a8e712cf73bb,e5a4b429-14f8-406e-a767-8bcf84776072,1e491f29-2c3a-4f26-b446-dbb9028d03ae,->,f1dc3983-5daf-40b6-8dea-a8e712cf73bb,46ea8bdb-6073-4428-9248-da3e9e211ea4,810f8528-b89d-4c09-8700-d2abf6b6c64d
f1dc3983-5daf-40b6-8dea-a8e712cf73bb,e5a4b429-14f8-406e-a767-8bcf84776072,1e491f29-2c3a-4f26-b446-dbb9028d03ae,->,f1dc3983-5daf-40b6-8dea-a8e712cf73bb,42b060b8-8069-4ce2-b697-af4348e810da,9db7681e-b6da-43b8-a39b-41ccc0a749a4
f1dc3983-5daf-40b6-8dea-a8e712cf73bb,e5a4b429-14f8-406e-a767-8bcf84776072,1e491f29-2c3a-4f26-b446-dbb9028d03ae,->,f1dc3983-5daf-40b6-8dea-a8e712cf73bb,42b060b8-8069-4ce2-b697-af4348e810da,59626785-a236-4cea-b82f-e7ef13f79752
f1dc3983-5daf-40b6-8dea-a8e712cf73bb,e5a4b429-14f8-406e-a767-8bcf84776072,1e491f29-2c3a-4f26-b446-dbb9028d03ae,->,f1dc3983-5daf-40b6-8dea-a8e712cf73bb,42b060b8-8069-4ce2-b697-af4348e810da,9db7681e-b6da-43b8-a39b-41ccc0a749a4
f1dc3983-5daf-40b6-8dea-a8e712cf73bb,e5a4b429-14f8-406e-a767-8bcf84776072,1e491f29-2c3a-4f26-b446-dbb9028d03ae,->,f1dc3983-5daf-40b6-8dea-a8e712cf73bb,42b060b8-8069-4ce2-b697-af4348e810da,9fe223bf-1976-4938-815d-5462fdea25d5
f1dc3983-5daf-40b6-8dea-a8e712cf73bb,e5a4b429-14f8-406e-a767-8bcf84776072,1e491f29-2c3a-4f26-b446-dbb9028d03ae,->,f1dc3983-5daf-40b6-8dea-a8e712cf73bb,java/util/List.java,size
f1dc3983-5daf-40b6-8dea-a8e712cf73bb,e5a4b429-14f8-406e-a767-8bcf84776072,1e491f29-2c3a-4f26-b446-dbb9028d03ae,->,f1dc3983-5daf-40b6-8dea-a8e712cf73bb,java/sql/SQLException.java,printStackTrace
f1dc3983-5daf-40b6-8dea-a8e712cf73bb,e5a4b429-14f8-406e-a767-8bcf84776072,44063f78-694e-4516-9a6e-b3f16584abcb,->,f1dc3983-5daf-40b6-8dea-a8e712cf73bb,e5a4b429-14f8-406e-a767-8bcf84776072,35848b45-732e-4638-9c46-c78e9bc5869a
f1dc3983-5daf-40b6-8dea-a8e712cf73bb,e5a4b429-14f8-406e-a767-8bcf84776072,44063f78-694e-4516-9a6e-b3f16584abcb,->,f1dc3983-5daf-40b6-8dea-a8e712cf73bb,42b060b8-8069-4ce2-b697-af4348e810da,9db7681e-b6da-43b8-a39b-41ccc0a749a4
f1dc3983-5daf-40b6-8dea-a8e712cf73bb,e5a4b429-14f8-406e-a767-8bcf84776072,44063f78-694e-4516-9a6e-b3f16584abcb,->,f1dc3983-5daf-40b6-8dea-a8e712cf73bb,42b060b8-8069-4ce2-b697-af4348e810da,9fe223bf-1976-4938-815d-5462fdea25d5
f1dc3983-5daf-40b6-8dea-a8e712cf73bb,e5a4b429-14f8-406e-a767-8bcf84776072,44063f78-694e-4516-9a6e-b3f16584abcb,->,f1dc3983-5daf-40b6-8dea-a8e712cf73bb,java/util/List.java,get
f1dc3983-5daf-40b6-8dea-a8e712cf73bb,e5a4b429-14f8-406e-a767-8bcf84776072,44063f78-694e-4516-9a6e-b3f16584abcb,->,f1dc3983-5daf-40b6-8dea-a8e712cf73bb,46ea8bdb-6073-4428-9248-da3e9e211ea4,30056950-15a9-4a0a-a4b2-a821dff86181
f1dc3983-5daf-40b6-8dea-a8e712cf73bb,e5a4b429-14f8-406e-a767-8bcf84776072,44063f78-694e-4516-9a6e-b3f16584abcb,->,f1dc3983-5daf-40b6-8dea-a8e712cf73bb,java/util/Collection.java,size
f1dc3983-5daf-40b6-8dea-a8e712cf73bb,e5a4b429-14f8-406e-a767-8bcf84776072,44063f78-694e-4516-9a6e-b3f16584abcb,->,f1dc3983-5daf-40b6-8dea-a8e712cf73bb,46ea8bdb-6073-4428-9248-da3e9e211ea4,571af7d4-b576-4b58-ba45-81c089ddefd0
f1dc3983-5daf-40b6-8dea-a8e712cf73bb,e5a4b429-14f8-406e-a767-8bcf84776072,44063f78-694e-4516-9a6e-b3f16584abcb,->,f1dc3983-5daf-40b6-8dea-a8e712cf73bb,java/util/Collection.java,size
f1dc3983-5daf-40b6-8dea-a8e712cf73bb,e5a4b429-14f8-406e-a767-8bcf84776072,44063f78-694e-4516-9a6e-b3f16584abcb,->,f1dc3983-5daf-40b6-8dea-a8e712cf73bb,46ea8bdb-6073-4428-9248-da3e9e211ea4,2305fe18-f79f-44ba-aad5-b96ad1020e1e
f1dc3983-5daf-40b6-8dea-a8e712cf73bb,e5a4b429-14f8-406e-a767-8bcf84776072,44063f78-694e-4516-9a6e-b3f16584abcb,->,f1dc3983-5daf-40b6-8dea-a8e712cf73bb,46ea8bdb-6073-4428-9248-da3e9e211ea4,530d3865-c0c6-4ad3-b88c-2a63ab68c911
f1dc3983-5daf-40b6-8dea-a8e712cf73bb,e5a4b429-14f8-406e-a767-8bcf84776072,44063f78-694e-4516-9a6e-b3f16584abcb,->,f1dc3983-5daf-40b6-8dea-a8e712cf73bb,46ea8bdb-6073-4428-9248-da3e9e211ea4,e3bc6356-89c6-427c-8a2c-23b727ab1aa9
f1dc3983-5daf-40b6-8dea-a8e712cf73bb,e5a4b429-14f8-406e-a767-8bcf84776072,44063f78-694e-4516-9a6e-b3f16584abcb,->,f1dc3983-5daf-40b6-8dea-a8e712cf73bb,42b060b8-8069-4ce2-b697-af4348e810da,9db7681e-b6da-43b8-a39b-41ccc0a749a4
f1dc3983-5daf-40b6-8dea-a8e712cf73bb,e5a4b429-14f8-406e-a767-8bcf84776072,44063f78-694e-4516-9a6e-b3f16584abcb,->,f1dc3983-5daf-40b6-8dea-a8e712cf73bb,42b060b8-8069-4ce2-b697-af4348e810da,9fe223bf-1976-4938-815d-5462fdea25d5
f1dc3983-5daf-40b6-8dea-a8e712cf73bb,e5a4b429-14f8-406e-a767-8bcf84776072,44063f78-694e-4516-9a6e-b3f16584abcb,->,f1dc3983-5daf-40b6-8dea-a8e712cf73bb,java/util/List.java,get
f1dc3983-5daf-40b6-8dea-a8e712cf73bb,e5a4b429-14f8-406e-a767-8bcf84776072,44063f78-694e-4516-9a6e-b3f16584abcb,->,f1dc3983-5daf-40b6-8dea-a8e712cf73bb,46ea8bdb-6073-4428-9248-da3e9e211ea4,2305fe18-f79f-44ba-aad5-b96ad1020e1e
f1dc3983-5daf-40b6-8dea-a8e712cf73bb,e5a4b429-14f8-406e-a767-8bcf84776072,44063f78-694e-4516-9a6e-b3f16584abcb,->,f1dc3983-5daf-40b6-8dea-a8e712cf73bb,java/sql/SQLException.java,printStackTrace
f1dc3983-5daf-40b6-8dea-a8e712cf73bb,e5a4b429-14f8-406e-a767-8bcf84776072,c296b039-d26e-4b7e-b6ec-d8d0dceb641d,->,f1dc3983-5daf-40b6-8dea-a8e712cf73bb,46ea8bdb-6073-4428-9248-da3e9e211ea4,b00f4f60-8f1d-4f31-91bd-b2cc0615c9e0
f1dc3983-5daf-40b6-8dea-a8e712cf73bb,e5a4b429-14f8-406e-a767-8bcf84776072,c296b039-d26e-4b7e-b6ec-d8d0dceb641d,->,f1dc3983-5daf-40b6-8dea-a8e712cf73bb,46ea8bdb-6073-4428-9248-da3e9e211ea4,6f58e015-f448-43e7-b239-45c313accc3f
f1dc3983-5daf-40b6-8dea-a8e712cf73bb,e5a4b429-14f8-406e-a767-8bcf84776072,c296b039-d26e-4b7e-b6ec-d8d0dceb641d,->,f1dc3983-5daf-40b6-8dea-a8e712cf73bb,46ea8bdb-6073-4428-9248-da3e9e211ea4,"65523ea8-674d-4a7c-b591-441b58b393e2,81994144-8fcb-4ad4-b1bd-3b23831aeafe"
f1dc3983-5daf-40b6-8dea-a8e712cf73bb,e5a4b429-14f8-406e-a767-8bcf84776072,c296b039-d26e-4b7e-b6ec-d8d0dceb641d,->,f1dc3983-5daf-40b6-8dea-a8e712cf73bb,46ea8bdb-6073-4428-9248-da3e9e211ea4,cc794057-b482-460c-a51f-b233f2b17a19
f1dc3983-5daf-40b6-8dea-a8e712cf73bb,e5a4b429-14f8-406e-a767-8bcf84776072,c296b039-d26e-4b7e-b6ec-d8d0dceb641d,->,f1dc3983-5daf-40b6-8dea-a8e712cf73bb,java/lang/StringBuilder.java,append
f1dc3983-5daf-40b6-8dea-a8e712cf73bb,e5a4b429-14f8-406e-a767-8bcf84776072,c296b039-d26e-4b7e-b6ec-d8d0dceb641d,->,f1dc3983-5daf-40b6-8dea-a8e712cf73bb,java/lang/StringBuilder.java,append
f1dc3983-5daf-40b6-8dea-a8e712cf73bb,e5a4b429-14f8-406e-a767-8bcf84776072,c296b039-d26e-4b7e-b6ec-d8d0dceb641d,->,f1dc3983-5daf-40b6-8dea-a8e712cf73bb,java/lang/StringBuilder.java,toString
f1dc3983-5daf-40b6-8dea-a8e712cf73bb,e5a4b429-14f8-406e-a767-8bcf84776072,c296b039-d26e-4b7e-b6ec-d8d0dceb641d,->,f1dc3983-5daf-40b6-8dea-a8e712cf73bb,java/lang/String.java,contains
f1dc3983-5daf-40b6-8dea-a8e712cf73bb,e5a4b429-14f8-406e-a767-8bcf84776072,c296b039-d26e-4b7e-b6ec-d8d0dceb641d,->,f1dc3983-5daf-40b6-8dea-a8e712cf73bb,java/sql/SQLException.java,printStackTrace
f1dc3983-5daf-40b6-8dea-a8e712cf73bb,e5a4b429-14f8-406e-a767-8bcf84776072,d00d717a-18de-4650-b744-b3a4c7c7cb88,->,f1dc3983-5daf-40b6-8dea-a8e712cf73bb,e5a4b429-14f8-406e-a767-8bcf84776072,35848b45-732e-4638-9c46-c78e9bc5869a
f1dc3983-5daf-40b6-8dea-a8e712cf73bb,e5a4b429-14f8-406e-a767-8bcf84776072,d00d717a-18de-4650-b744-b3a4c7c7cb88,->,f1dc3983-5daf-40b6-8dea-a8e712cf73bb,42b060b8-8069-4ce2-b697-af4348e810da,9db7681e-b6da-43b8-a39b-41ccc0a749a4
f1dc3983-5daf-40b6-8dea-a8e712cf73bb,e5a4b429-14f8-406e-a767-8bcf84776072,d00d717a-18de-4650-b744-b3a4c7c7cb88,->,f1dc3983-5daf-40b6-8dea-a8e712cf73bb,42b060b8-8069-4ce2-b697-af4348e810da,9fe223bf-1976-4938-815d-5462fdea25d5
f1dc3983-5daf-40b6-8dea-a8e712cf73bb,e5a4b429-14f8-406e-a767-8bcf84776072,d00d717a-18de-4650-b744-b3a4c7c7cb88,->,f1dc3983-5daf-40b6-8dea-a8e712cf73bb,java/util/List.java,get
f1dc3983-5daf-40b6-8dea-a8e712cf73bb,e5a4b429-14f8-406e-a767-8bcf84776072,d00d717a-18de-4650-b744-b3a4c7c7cb88,->,f1dc3983-5daf-40b6-8dea-a8e712cf73bb,46ea8bdb-6073-4428-9248-da3e9e211ea4,571af7d4-b576-4b58-ba45-81c089ddefd0
f1dc3983-5daf-40b6-8dea-a8e712cf73bb,e5a4b429-14f8-406e-a767-8bcf84776072,d00d717a-18de-4650-b744-b3a4c7c7cb88,->,f1dc3983-5daf-40b6-8dea-a8e712cf73bb,java/util/Collection.java,size
f1dc3983-5daf-40b6-8dea-a8e712cf73bb,e5a4b429-14f8-406e-a767-8bcf84776072,d00d717a-18de-4650-b744-b3a4c7c7cb88,->,f1dc3983-5daf-40b6-8dea-a8e712cf73bb,46ea8bdb-6073-4428-9248-da3e9e211ea4,571af7d4-b576-4b58-ba45-81c089ddefd0
f1dc3983-5daf-40b6-8dea-a8e712cf73bb,e5a4b429-14f8-406e-a767-8bcf84776072,d00d717a-18de-4650-b744-b3a4c7c7cb88,->,f1dc3983-5daf-40b6-8dea-a8e712cf73bb,java/util/Collection.java,iterator
f1dc3983-5daf-40b6-8dea-a8e712cf73bb,e5a4b429-14f8-406e-a767-8bcf84776072,d00d717a-18de-4650-b744-b3a4c7c7cb88,->,f1dc3983-5daf-40b6-8dea-a8e712cf73bb,java/util/Iterator.java,next
f1dc3983-5daf-40b6-8dea-a8e712cf73bb,e5a4b429-14f8-406e-a767-8bcf84776072,d00d717a-18de-4650-b744-b3a4c7c7cb88,->,f1dc3983-5daf-40b6-8dea-a8e712cf73bb,69ac7b64-9248-4ac5-b8f4-75048ed8f843,b4225403-99f5-4d50-9fe3-ef193b1e6028
f1dc3983-5daf-40b6-8dea-a8e712cf73bb,e5a4b429-14f8-406e-a767-8bcf84776072,d00d717a-18de-4650-b744-b3a4c7c7cb88,->,f1dc3983-5daf-40b6-8dea-a8e712cf73bb,java/lang/String.java,equals
f1dc3983-5daf-40b6-8dea-a8e712cf73bb,e5a4b429-14f8-406e-a767-8bcf84776072,d00d717a-18de-4650-b744-b3a4c7c7cb88,->,f1dc3983-5daf-40b6-8dea-a8e712cf73bb,java/sql/SQLException.java,printStackTrace
f1dc3983-5daf-40b6-8dea-a8e712cf73bb,e5a4b429-14f8-406e-a767-8bcf84776072,d7eaf4e6-4ef6-4d2e-ae40-13ac8740edec,->,f1dc3983-5daf-40b6-8dea-a8e712cf73bb,e5a4b429-14f8-406e-a767-8bcf84776072,35848b45-732e-4638-9c46-c78e9bc5869a
f1dc3983-5daf-40b6-8dea-a8e712cf73bb,e5a4b429-14f8-406e-a767-8bcf84776072,d7eaf4e6-4ef6-4d2e-ae40-13ac8740edec,->,f1dc3983-5daf-40b6-8dea-a8e712cf73bb,42b060b8-8069-4ce2-b697-af4348e810da,9db7681e-b6da-43b8-a39b-41ccc0a749a4
f1dc3983-5daf-40b6-8dea-a8e712cf73bb,e5a4b429-14f8-406e-a767-8bcf84776072,d7eaf4e6-4ef6-4d2e-ae40-13ac8740edec,->,f1dc3983-5daf-40b6-8dea-a8e712cf73bb,42b060b8-8069-4ce2-b697-af4348e810da,9fe223bf-1976-4938-815d-5462fdea25d5
f1dc3983-5daf-40b6-8dea-a8e712cf73bb,e5a4b429-14f8-406e-a767-8bcf84776072,d7eaf4e6-4ef6-4d2e-ae40-13ac8740edec,->,f1dc3983-5daf-40b6-8dea-a8e712cf73bb,java/util/List.java,get
f1dc3983-5daf-40b6-8dea-a8e712cf73bb,e5a4b429-14f8-406e-a767-8bcf84776072,d7eaf4e6-4ef6-4d2e-ae40-13ac8740edec,->,f1dc3983-5daf-40b6-8dea-a8e712cf73bb,46ea8bdb-6073-4428-9248-da3e9e211ea4,b00f4f60-8f1d-4f31-91bd-b2cc0615c9e0
f1dc3983-5daf-40b6-8dea-a8e712cf73bb,e5a4b429-14f8-406e-a767-8bcf84776072,d7eaf4e6-4ef6-4d2e-ae40-13ac8740edec,->,f1dc3983-5daf-40b6-8dea-a8e712cf73bb,46ea8bdb-6073-4428-9248-da3e9e211ea4,e3bc6356-89c6-427c-8a2c-23b727ab1aa9
f1dc3983-5daf-40b6-8dea-a8e712cf73bb,e5a4b429-14f8-406e-a767-8bcf84776072,d7eaf4e6-4ef6-4d2e-ae40-13ac8740edec,->,f1dc3983-5daf-40b6-8dea-a8e712cf73bb,42b060b8-8069-4ce2-b697-af4348e810da,9db7681e-b6da-43b8-a39b-41ccc0a749a4
f1dc3983-5daf-40b6-8dea-a8e712cf73bb,e5a4b429-14f8-406e-a767-8bcf84776072,d7eaf4e6-4ef6-4d2e-ae40-13ac8740edec,->,f1dc3983-5daf-40b6-8dea-a8e712cf73bb,42b060b8-8069-4ce2-b697-af4348e810da,9fe223bf-1976-4938-815d-5462fdea25d5
f1dc3983-5daf-40b6-8dea-a8e712cf73bb,e5a4b429-14f8-406e-a767-8bcf84776072,d7eaf4e6-4ef6-4d2e-ae40-13ac8740edec,->,f1dc3983-5daf-40b6-8dea-a8e712cf73bb,java/util/List.java,get
f1dc3983-5daf-40b6-8dea-a8e712cf73bb,e5a4b429-14f8-406e-a767-8bcf84776072,d7eaf4e6-4ef6-4d2e-ae40-13ac8740edec,->,f1dc3983-5daf-40b6-8dea-a8e712cf73bb,46ea8bdb-6073-4428-9248-da3e9e211ea4,d1f2f841-1195-449f-a55a-6fd5a23e2284
f1dc3983-5daf-40b6-8dea-a8e712cf73bb,e5a4b429-14f8-406e-a767-8bcf84776072,d7eaf4e6-4ef6-4d2e-ae40-13ac8740edec,->,f1dc3983-5daf-40b6-8dea-a8e712cf73bb,java/lang/String.java,equals
f1dc3983-5daf-40b6-8dea-a8e712cf73bb,e5a4b429-14f8-406e-a767-8bcf84776072,d7eaf4e6-4ef6-4d2e-ae40-13ac8740edec,->,f1dc3983-5daf-40b6-8dea-a8e712cf73bb,java/sql/SQLException.java,printStackTrace
f1dc3983-5daf-40b6-8dea-a8e712cf73bb,e5a4b429-14f8-406e-a767-8bcf84776072,853878e8-3537-4e02-bc94-0b095bea85ff,->,f1dc3983-5daf-40b6-8dea-a8e712cf73bb,42b060b8-8069-4ce2-b697-af4348e810da,9db7681e-b6da-43b8-a39b-41ccc0a749a4
f1dc3983-5daf-40b6-8dea-a8e712cf73bb,e5a4b429-14f8-406e-a767-8bcf84776072,853878e8-3537-4e02-bc94-0b095bea85ff,->,f1dc3983-5daf-40b6-8dea-a8e712cf73bb,42b060b8-8069-4ce2-b697-af4348e810da,9fe223bf-1976-4938-815d-5462fdea25d5
f1dc3983-5daf-40b6-8dea-a8e712cf73bb,e5a4b429-14f8-406e-a767-8bcf84776072,853878e8-3537-4e02-bc94-0b095bea85ff,->,f1dc3983-5daf-40b6-8dea-a8e712cf73bb,java/util/Collection.java,iterator
f1dc3983-5daf-40b6-8dea-a8e712cf73bb,e5a4b429-14f8-406e-a767-8bcf84776072,853878e8-3537-4e02-bc94-0b095bea85ff,->,f1dc3983-5daf-40b6-8dea-a8e712cf73bb,java/util/Iterator.java,hasNext
f1dc3983-5daf-40b6-8dea-a8e712cf73bb,e5a4b429-14f8-406e-a767-8bcf84776072,853878e8-3537-4e02-bc94-0b095bea85ff,->,f1dc3983-5daf-40b6-8dea-a8e712cf73bb,java/util/Iterator.java,next
f1dc3983-5daf-40b6-8dea-a8e712cf73bb,e5a4b429-14f8-406e-a767-8bcf84776072,853878e8-3537-4e02-bc94-0b095bea85ff,->,f1dc3983-5daf-40b6-8dea-a8e712cf73bb,46ea8bdb-6073-4428-9248-da3e9e211ea4,adf0fa5a-d7ea-4e44-9198-5ef9f2dc8c84
f1dc3983-5daf-40b6-8dea-a8e712cf73bb,e5a4b429-14f8-406e-a767-8bcf84776072,853878e8-3537-4e02-bc94-0b095bea85ff,->,f1dc3983-5daf-40b6-8dea-a8e712cf73bb,99d9e32d-3617-4d0f-9d2f-21ca6442d165,67b3882d-cf90-4793-a1cc-f9d09bfdd818
f1dc3983-5daf-40b6-8dea-a8e712cf73bb,e5a4b429-14f8-406e-a767-8bcf84776072,853878e8-3537-4e02-bc94-0b095bea85ff,->,f1dc3983-5daf-40b6-8dea-a8e712cf73bb,java/lang/String.java,equals
f1dc3983-5daf-40b6-8dea-a8e712cf73bb,e5a4b429-14f8-406e-a767-8bcf84776072,853878e8-3537-4e02-bc94-0b095bea85ff,->,f1dc3983-5daf-40b6-8dea-a8e712cf73bb,46ea8bdb-6073-4428-9248-da3e9e211ea4,cc794057-b482-460c-a51f-b233f2b17a19
f1dc3983-5daf-40b6-8dea-a8e712cf73bb,e5a4b429-14f8-406e-a767-8bcf84776072,853878e8-3537-4e02-bc94-0b095bea85ff,->,f1dc3983-5daf-40b6-8dea-a8e712cf73bb,java/util/List.java,add
f1dc3983-5daf-40b6-8dea-a8e712cf73bb,e5a4b429-14f8-406e-a767-8bcf84776072,853878e8-3537-4e02-bc94-0b095bea85ff,->,f1dc3983-5daf-40b6-8dea-a8e712cf73bb,java/util/List.java,size
f1dc3983-5daf-40b6-8dea-a8e712cf73bb,e5a4b429-14f8-406e-a767-8bcf84776072,853878e8-3537-4e02-bc94-0b095bea85ff,->,f1dc3983-5daf-40b6-8dea-a8e712cf73bb,java/util/List.java,size
f1dc3983-5daf-40b6-8dea-a8e712cf73bb,e5a4b429-14f8-406e-a767-8bcf84776072,853878e8-3537-4e02-bc94-0b095bea85ff,->,f1dc3983-5daf-40b6-8dea-a8e712cf73bb,java/util/List.java,get
f1dc3983-5daf-40b6-8dea-a8e712cf73bb,e5a4b429-14f8-406e-a767-8bcf84776072,853878e8-3537-4e02-bc94-0b095bea85ff,->,f1dc3983-5daf-40b6-8dea-a8e712cf73bb,java/util/List.java,get
f1dc3983-5daf-40b6-8dea-a8e712cf73bb,e5a4b429-14f8-406e-a767-8bcf84776072,853878e8-3537-4e02-bc94-0b095bea85ff,->,f1dc3983-5daf-40b6-8dea-a8e712cf73bb,java/lang/String.java,equals
f1dc3983-5daf-40b6-8dea-a8e712cf73bb,e5a4b429-14f8-406e-a767-8bcf84776072,853878e8-3537-4e02-bc94-0b095bea85ff,->,f1dc3983-5daf-40b6-8dea-a8e712cf73bb,java/util/List.java,get
f1dc3983-5daf-40b6-8dea-a8e712cf73bb,e5a4b429-14f8-406e-a767-8bcf84776072,853878e8-3537-4e02-bc94-0b095bea85ff,->,f1dc3983-5daf-40b6-8dea-a8e712cf73bb,java/lang/StringBuilder.java,append
f1dc3983-5daf-40b6-8dea-a8e712cf73bb,e5a4b429-14f8-406e-a767-8bcf84776072,853878e8-3537-4e02-bc94-0b095bea85ff,->,f1dc3983-5daf-40b6-8dea-a8e712cf73bb,java/lang/StringBuilder.java,append
f1dc3983-5daf-40b6-8dea-a8e712cf73bb,e5a4b429-14f8-406e-a767-8bcf84776072,853878e8-3537-4e02-bc94-0b095bea85ff,->,f1dc3983-5daf-40b6-8dea-a8e712cf73bb,java/util/List.java,get
f1dc3983-5daf-40b6-8dea-a8e712cf73bb,e5a4b429-14f8-406e-a767-8bcf84776072,853878e8-3537-4e02-bc94-0b095bea85ff,->,f1dc3983-5daf-40b6-8dea-a8e712cf73bb,java/lang/StringBuilder.java,append
f1dc3983-5daf-40b6-8dea-a8e712cf73bb,e5a4b429-14f8-406e-a767-8bcf84776072,853878e8-3537-4e02-bc94-0b095bea85ff,->,f1dc3983-5daf-40b6-8dea-a8e712cf73bb,java/lang/StringBuilder.java,toString
f1dc3983-5daf-40b6-8dea-a8e712cf73bb,e5a4b429-14f8-406e-a767-8bcf84776072,853878e8-3537-4e02-bc94-0b095bea85ff,->,f1dc3983-5daf-40b6-8dea-a8e712cf73bb,java/io/PrintStream.java,println
f1dc3983-5daf-40b6-8dea-a8e712cf73bb,e5a4b429-14f8-406e-a767-8bcf84776072,853878e8-3537-4e02-bc94-0b095bea85ff,->,f1dc3983-5daf-40b6-8dea-a8e712cf73bb,java/util/List.java,get
f1dc3983-5daf-40b6-8dea-a8e712cf73bb,e5a4b429-14f8-406e-a767-8bcf84776072,853878e8-3537-4e02-bc94-0b095bea85ff,->,f1dc3983-5daf-40b6-8dea-a8e712cf73bb,java/util/List.java,get
f1dc3983-5daf-40b6-8dea-a8e712cf73bb,e5a4b429-14f8-406e-a767-8bcf84776072,853878e8-3537-4e02-bc94-0b095bea85ff,->,f1dc3983-5daf-40b6-8dea-a8e712cf73bb,java/lang/String.java,equals
f1dc3983-5daf-40b6-8dea-a8e712cf73bb,e5a4b429-14f8-406e-a767-8bcf84776072,853878e8-3537-4e02-bc94-0b095bea85ff,->,f1dc3983-5daf-40b6-8dea-a8e712cf73bb,java/sql/SQLException.java,printStackTrace
f1dc3983-5daf-40b6-8dea-a8e712cf73bb,e5a4b429-14f8-406e-a767-8bcf84776072,5d18abd5-7712-4738-950b-e6525924b803,->,f1dc3983-5daf-40b6-8dea-a8e712cf73bb,e5a4b429-14f8-406e-a767-8bcf84776072,35848b45-732e-4638-9c46-c78e9bc5869a
f1dc3983-5daf-40b6-8dea-a8e712cf73bb,e5a4b429-14f8-406e-a767-8bcf84776072,5d18abd5-7712-4738-950b-e6525924b803,->,f1dc3983-5daf-40b6-8dea-a8e712cf73bb,42b060b8-8069-4ce2-b697-af4348e810da,9db7681e-b6da-43b8-a39b-41ccc0a749a4
f1dc3983-5daf-40b6-8dea-a8e712cf73bb,e5a4b429-14f8-406e-a767-8bcf84776072,5d18abd5-7712-4738-950b-e6525924b803,->,f1dc3983-5daf-40b6-8dea-a8e712cf73bb,42b060b8-8069-4ce2-b697-af4348e810da,9fe223bf-1976-4938-815d-5462fdea25d5
f1dc3983-5daf-40b6-8dea-a8e712cf73bb,e5a4b429-14f8-406e-a767-8bcf84776072,5d18abd5-7712-4738-950b-e6525924b803,->,f1dc3983-5daf-40b6-8dea-a8e712cf73bb,java/util/List.java,get
f1dc3983-5daf-40b6-8dea-a8e712cf73bb,e5a4b429-14f8-406e-a767-8bcf84776072,5d18abd5-7712-4738-950b-e6525924b803,->,f1dc3983-5daf-40b6-8dea-a8e712cf73bb,46ea8bdb-6073-4428-9248-da3e9e211ea4,a6653cf9-98a1-42af-b528-dfb0d01eb8fd
f1dc3983-5daf-40b6-8dea-a8e712cf73bb,e5a4b429-14f8-406e-a767-8bcf84776072,5d18abd5-7712-4738-950b-e6525924b803,->,f1dc3983-5daf-40b6-8dea-a8e712cf73bb,java/lang/Integer.java,intValue
f1dc3983-5daf-40b6-8dea-a8e712cf73bb,e5a4b429-14f8-406e-a767-8bcf84776072,5d18abd5-7712-4738-950b-e6525924b803,->,f1dc3983-5daf-40b6-8dea-a8e712cf73bb,java/lang/Integer.java,valueOf
f1dc3983-5daf-40b6-8dea-a8e712cf73bb,e5a4b429-14f8-406e-a767-8bcf84776072,5d18abd5-7712-4738-950b-e6525924b803,->,f1dc3983-5daf-40b6-8dea-a8e712cf73bb,46ea8bdb-6073-4428-9248-da3e9e211ea4,f0f635ae-2351-480d-a595-62ed30632f5f
f1dc3983-5daf-40b6-8dea-a8e712cf73bb,e5a4b429-14f8-406e-a767-8bcf84776072,5d18abd5-7712-4738-950b-e6525924b803,->,f1dc3983-5daf-40b6-8dea-a8e712cf73bb,46ea8bdb-6073-4428-9248-da3e9e211ea4,e3bc6356-89c6-427c-8a2c-23b727ab1aa9
f1dc3983-5daf-40b6-8dea-a8e712cf73bb,e5a4b429-14f8-406e-a767-8bcf84776072,5d18abd5-7712-4738-950b-e6525924b803,->,f1dc3983-5daf-40b6-8dea-a8e712cf73bb,42b060b8-8069-4ce2-b697-af4348e810da,9db7681e-b6da-43b8-a39b-41ccc0a749a4
f1dc3983-5daf-40b6-8dea-a8e712cf73bb,e5a4b429-14f8-406e-a767-8bcf84776072,5d18abd5-7712-4738-950b-e6525924b803,->,f1dc3983-5daf-40b6-8dea-a8e712cf73bb,42b060b8-8069-4ce2-b697-af4348e810da,9fe223bf-1976-4938-815d-5462fdea25d5
f1dc3983-5daf-40b6-8dea-a8e712cf73bb,e5a4b429-14f8-406e-a767-8bcf84776072,5d18abd5-7712-4738-950b-e6525924b803,->,f1dc3983-5daf-40b6-8dea-a8e712cf73bb,java/util/List.java,get
f1dc3983-5daf-40b6-8dea-a8e712cf73bb,e5a4b429-14f8-406e-a767-8bcf84776072,5d18abd5-7712-4738-950b-e6525924b803,->,f1dc3983-5daf-40b6-8dea-a8e712cf73bb,46ea8bdb-6073-4428-9248-da3e9e211ea4,a6653cf9-98a1-42af-b528-dfb0d01eb8fd
f1dc3983-5daf-40b6-8dea-a8e712cf73bb,e5a4b429-14f8-406e-a767-8bcf84776072,5d18abd5-7712-4738-950b-e6525924b803,->,f1dc3983-5daf-40b6-8dea-a8e712cf73bb,java/lang/Integer.java,intValue
f1dc3983-5daf-40b6-8dea-a8e712cf73bb,e5a4b429-14f8-406e-a767-8bcf84776072,5d18abd5-7712-4738-950b-e6525924b803,->,f1dc3983-5daf-40b6-8dea-a8e712cf73bb,java/sql/SQLException.java,printStackTrace
f1dc3983-5daf-40b6-8dea-a8e712cf73bb,e5a4b429-14f8-406e-a767-8bcf84776072,2972c280-7d98-40cd-a768-5e34a6b5d61b,->,f1dc3983-5daf-40b6-8dea-a8e712cf73bb,e5a4b429-14f8-406e-a767-8bcf84776072,35848b45-732e-4638-9c46-c78e9bc5869a
f1dc3983-5daf-40b6-8dea-a8e712cf73bb,e5a4b429-14f8-406e-a767-8bcf84776072,2972c280-7d98-40cd-a768-5e34a6b5d61b,->,f1dc3983-5daf-40b6-8dea-a8e712cf73bb,42b060b8-8069-4ce2-b697-af4348e810da,9db7681e-b6da-43b8-a39b-41ccc0a749a4
f1dc3983-5daf-40b6-8dea-a8e712cf73bb,e5a4b429-14f8-406e-a767-8bcf84776072,2972c280-7d98-40cd-a768-5e34a6b5d61b,->,f1dc3983-5daf-40b6-8dea-a8e712cf73bb,42b060b8-8069-4ce2-b697-af4348e810da,9fe223bf-1976-4938-815d-5462fdea25d5
f1dc3983-5daf-40b6-8dea-a8e712cf73bb,e5a4b429-14f8-406e-a767-8bcf84776072,2972c280-7d98-40cd-a768-5e34a6b5d61b,->,f1dc3983-5daf-40b6-8dea-a8e712cf73bb,java/util/List.java,size
f1dc3983-5daf-40b6-8dea-a8e712cf73bb,e5a4b429-14f8-406e-a767-8bcf84776072,2972c280-7d98-40cd-a768-5e34a6b5d61b,->,f1dc3983-5daf-40b6-8dea-a8e712cf73bb,java/sql/SQLException.java,printStackTrace
f1dc3983-5daf-40b6-8dea-a8e712cf73bb,e5a4b429-14f8-406e-a767-8bcf84776072,abee52ec-8849-4a5b-9f7e-78663157e7c6,->,f1dc3983-5daf-40b6-8dea-a8e712cf73bb,e5a4b429-14f8-406e-a767-8bcf84776072,35848b45-732e-4638-9c46-c78e9bc5869a
f1dc3983-5daf-40b6-8dea-a8e712cf73bb,e5a4b429-14f8-406e-a767-8bcf84776072,abee52ec-8849-4a5b-9f7e-78663157e7c6,->,f1dc3983-5daf-40b6-8dea-a8e712cf73bb,42b060b8-8069-4ce2-b697-af4348e810da,9db7681e-b6da-43b8-a39b-41ccc0a749a4
f1dc3983-5daf-40b6-8dea-a8e712cf73bb,e5a4b429-14f8-406e-a767-8bcf84776072,abee52ec-8849-4a5b-9f7e-78663157e7c6,->,f1dc3983-5daf-40b6-8dea-a8e712cf73bb,42b060b8-8069-4ce2-b697-af4348e810da,9fe223bf-1976-4938-815d-5462fdea25d5
f1dc3983-5daf-40b6-8dea-a8e712cf73bb,e5a4b429-14f8-406e-a767-8bcf84776072,abee52ec-8849-4a5b-9f7e-78663157e7c6,->,f1dc3983-5daf-40b6-8dea-a8e712cf73bb,java/util/List.java,get
f1dc3983-5daf-40b6-8dea-a8e712cf73bb,e5a4b429-14f8-406e-a767-8bcf84776072,abee52ec-8849-4a5b-9f7e-78663157e7c6,->,f1dc3983-5daf-40b6-8dea-a8e712cf73bb,46ea8bdb-6073-4428-9248-da3e9e211ea4,e8365944-b43d-4d2b-83d7-aa15bca21bdc
f1dc3983-5daf-40b6-8dea-a8e712cf73bb,e5a4b429-14f8-406e-a767-8bcf84776072,abee52ec-8849-4a5b-9f7e-78663157e7c6,->,f1dc3983-5daf-40b6-8dea-a8e712cf73bb,46ea8bdb-6073-4428-9248-da3e9e211ea4,e3bc6356-89c6-427c-8a2c-23b727ab1aa9
f1dc3983-5daf-40b6-8dea-a8e712cf73bb,e5a4b429-14f8-406e-a767-8bcf84776072,abee52ec-8849-4a5b-9f7e-78663157e7c6,->,f1dc3983-5daf-40b6-8dea-a8e712cf73bb,42b060b8-8069-4ce2-b697-af4348e810da,9db7681e-b6da-43b8-a39b-41ccc0a749a4
f1dc3983-5daf-40b6-8dea-a8e712cf73bb,e5a4b429-14f8-406e-a767-8bcf84776072,abee52ec-8849-4a5b-9f7e-78663157e7c6,->,f1dc3983-5daf-40b6-8dea-a8e712cf73bb,42b060b8-8069-4ce2-b697-af4348e810da,9fe223bf-1976-4938-815d-5462fdea25d5
f1dc3983-5daf-40b6-8dea-a8e712cf73bb,e5a4b429-14f8-406e-a767-8bcf84776072,abee52ec-8849-4a5b-9f7e-78663157e7c6,->,f1dc3983-5daf-40b6-8dea-a8e712cf73bb,java/util/List.java,get
f1dc3983-5daf-40b6-8dea-a8e712cf73bb,e5a4b429-14f8-406e-a767-8bcf84776072,abee52ec-8849-4a5b-9f7e-78663157e7c6,->,f1dc3983-5daf-40b6-8dea-a8e712cf73bb,46ea8bdb-6073-4428-9248-da3e9e211ea4,d441370c-542f-44ab-b483-97a5ecbc0816
f1dc3983-5daf-40b6-8dea-a8e712cf73bb,e5a4b429-14f8-406e-a767-8bcf84776072,abee52ec-8849-4a5b-9f7e-78663157e7c6,->,f1dc3983-5daf-40b6-8dea-a8e712cf73bb,java/lang/String.java,equals
f1dc3983-5daf-40b6-8dea-a8e712cf73bb,e5a4b429-14f8-406e-a767-8bcf84776072,abee52ec-8849-4a5b-9f7e-78663157e7c6,->,f1dc3983-5daf-40b6-8dea-a8e712cf73bb,java/sql/SQLException.java,printStackTrace
f1dc3983-5daf-40b6-8dea-a8e712cf73bb,e5a4b429-14f8-406e-a767-8bcf84776072,08eb646c-09ad-437e-b601-22142ac1a8de,->,f1dc3983-5daf-40b6-8dea-a8e712cf73bb,1c866960-847f-46b0-a0f4-2b5e191ee538,34e42ad2-745f-4156-9bfb-1dc9b0bd368a
f1dc3983-5daf-40b6-8dea-a8e712cf73bb,e5a4b429-14f8-406e-a767-8bcf84776072,08eb646c-09ad-437e-b601-22142ac1a8de,->,f1dc3983-5daf-40b6-8dea-a8e712cf73bb,java/util/Collection.java,iterator
f1dc3983-5daf-40b6-8dea-a8e712cf73bb,e5a4b429-14f8-406e-a767-8bcf84776072,08eb646c-09ad-437e-b601-22142ac1a8de,->,f1dc3983-5daf-40b6-8dea-a8e712cf73bb,java/util/Iterator.java,hasNext
f1dc3983-5daf-40b6-8dea-a8e712cf73bb,e5a4b429-14f8-406e-a767-8bcf84776072,08eb646c-09ad-437e-b601-22142ac1a8de,->,f1dc3983-5daf-40b6-8dea-a8e712cf73bb,java/util/Iterator.java,next
f1dc3983-5daf-40b6-8dea-a8e712cf73bb,e5a4b429-14f8-406e-a767-8bcf84776072,08eb646c-09ad-437e-b601-22142ac1a8de,->,f1dc3983-5daf-40b6-8dea-a8e712cf73bb,46ea8bdb-6073-4428-9248-da3e9e211ea4,53f2491b-566b-4a9c-94e2-f44f7ed95061
f1dc3983-5daf-40b6-8dea-a8e712cf73bb,e5a4b429-14f8-406e-a767-8bcf84776072,08eb646c-09ad-437e-b601-22142ac1a8de,->,f1dc3983-5daf-40b6-8dea-a8e712cf73bb,46ea8bdb-6073-4428-9248-da3e9e211ea4,adf0fa5a-d7ea-4e44-9198-5ef9f2dc8c84
f1dc3983-5daf-40b6-8dea-a8e712cf73bb,e5a4b429-14f8-406e-a767-8bcf84776072,08eb646c-09ad-437e-b601-22142ac1a8de,->,f1dc3983-5daf-40b6-8dea-a8e712cf73bb,99d9e32d-3617-4d0f-9d2f-21ca6442d165,0b399953-e9aa-48cd-9781-c3f4a9498364
f1dc3983-5daf-40b6-8dea-a8e712cf73bb,e5a4b429-14f8-406e-a767-8bcf84776072,08eb646c-09ad-437e-b601-22142ac1a8de,->,f1dc3983-5daf-40b6-8dea-a8e712cf73bb,java/lang/String.java,contains
f1dc3983-5daf-40b6-8dea-a8e712cf73bb,e5a4b429-14f8-406e-a767-8bcf84776072,08eb646c-09ad-437e-b601-22142ac1a8de,->,f1dc3983-5daf-40b6-8dea-a8e712cf73bb,java/sql/SQLException.java,printStackTrace
f1dc3983-5daf-40b6-8dea-a8e712cf73bb,e5a4b429-14f8-406e-a767-8bcf84776072,6e6e8e82-82ed-4a9e-9873-4cfadd1990f6,->,f1dc3983-5daf-40b6-8dea-a8e712cf73bb,e5a4b429-14f8-406e-a767-8bcf84776072,35848b45-732e-4638-9c46-c78e9bc5869a
f1dc3983-5daf-40b6-8dea-a8e712cf73bb,e5a4b429-14f8-406e-a767-8bcf84776072,6e6e8e82-82ed-4a9e-9873-4cfadd1990f6,->,f1dc3983-5daf-40b6-8dea-a8e712cf73bb,42b060b8-8069-4ce2-b697-af4348e810da,9db7681e-b6da-43b8-a39b-41ccc0a749a4
f1dc3983-5daf-40b6-8dea-a8e712cf73bb,e5a4b429-14f8-406e-a767-8bcf84776072,6e6e8e82-82ed-4a9e-9873-4cfadd1990f6,->,f1dc3983-5daf-40b6-8dea-a8e712cf73bb,42b060b8-8069-4ce2-b697-af4348e810da,9fe223bf-1976-4938-815d-5462fdea25d5
f1dc3983-5daf-40b6-8dea-a8e712cf73bb,e5a4b429-14f8-406e-a767-8bcf84776072,6e6e8e82-82ed-4a9e-9873-4cfadd1990f6,->,f1dc3983-5daf-40b6-8dea-a8e712cf73bb,java/util/List.java,get
f1dc3983-5daf-40b6-8dea-a8e712cf73bb,e5a4b429-14f8-406e-a767-8bcf84776072,6e6e8e82-82ed-4a9e-9873-4cfadd1990f6,->,f1dc3983-5daf-40b6-8dea-a8e712cf73bb,46ea8bdb-6073-4428-9248-da3e9e211ea4,4e157a56-ce53-41fc-8bfa-53a40f6ff461
f1dc3983-5daf-40b6-8dea-a8e712cf73bb,e5a4b429-14f8-406e-a767-8bcf84776072,6e6e8e82-82ed-4a9e-9873-4cfadd1990f6,->,f1dc3983-5daf-40b6-8dea-a8e712cf73bb,46ea8bdb-6073-4428-9248-da3e9e211ea4,e3bc6356-89c6-427c-8a2c-23b727ab1aa9
f1dc3983-5daf-40b6-8dea-a8e712cf73bb,e5a4b429-14f8-406e-a767-8bcf84776072,6e6e8e82-82ed-4a9e-9873-4cfadd1990f6,->,f1dc3983-5daf-40b6-8dea-a8e712cf73bb,42b060b8-8069-4ce2-b697-af4348e810da,9db7681e-b6da-43b8-a39b-41ccc0a749a4
f1dc3983-5daf-40b6-8dea-a8e712cf73bb,e5a4b429-14f8-406e-a767-8bcf84776072,6e6e8e82-82ed-4a9e-9873-4cfadd1990f6,->,f1dc3983-5daf-40b6-8dea-a8e712cf73bb,42b060b8-8069-4ce2-b697-af4348e810da,9fe223bf-1976-4938-815d-5462fdea25d5
f1dc3983-5daf-40b6-8dea-a8e712cf73bb,e5a4b429-14f8-406e-a767-8bcf84776072,6e6e8e82-82ed-4a9e-9873-4cfadd1990f6,->,f1dc3983-5daf-40b6-8dea-a8e712cf73bb,java/util/List.java,get
f1dc3983-5daf-40b6-8dea-a8e712cf73bb,e5a4b429-14f8-406e-a767-8bcf84776072,6e6e8e82-82ed-4a9e-9873-4cfadd1990f6,->,f1dc3983-5daf-40b6-8dea-a8e712cf73bb,java/lang/StringBuilder.java,append
f1dc3983-5daf-40b6-8dea-a8e712cf73bb,e5a4b429-14f8-406e-a767-8bcf84776072,6e6e8e82-82ed-4a9e-9873-4cfadd1990f6,->,f1dc3983-5daf-40b6-8dea-a8e712cf73bb,46ea8bdb-6073-4428-9248-da3e9e211ea4,b79bf6fe-eab6-424b-a0b7-126c8cd7d54f
f1dc3983-5daf-40b6-8dea-a8e712cf73bb,e5a4b429-14f8-406e-a767-8bcf84776072,6e6e8e82-82ed-4a9e-9873-4cfadd1990f6,->,f1dc3983-5daf-40b6-8dea-a8e712cf73bb,java/lang/StringBuilder.java,append
f1dc3983-5daf-40b6-8dea-a8e712cf73bb,e5a4b429-14f8-406e-a767-8bcf84776072,6e6e8e82-82ed-4a9e-9873-4cfadd1990f6,->,f1dc3983-5daf-40b6-8dea-a8e712cf73bb,java/lang/StringBuilder.java,toString
f1dc3983-5daf-40b6-8dea-a8e712cf73bb,e5a4b429-14f8-406e-a767-8bcf84776072,6e6e8e82-82ed-4a9e-9873-4cfadd1990f6,->,f1dc3983-5daf-40b6-8dea-a8e712cf73bb,java/io/PrintStream.java,println
f1dc3983-5daf-40b6-8dea-a8e712cf73bb,e5a4b429-14f8-406e-a767-8bcf84776072,6e6e8e82-82ed-4a9e-9873-4cfadd1990f6,->,f1dc3983-5daf-40b6-8dea-a8e712cf73bb,46ea8bdb-6073-4428-9248-da3e9e211ea4,b79bf6fe-eab6-424b-a0b7-126c8cd7d54f
f1dc3983-5daf-40b6-8dea-a8e712cf73bb,e5a4b429-14f8-406e-a767-8bcf84776072,6e6e8e82-82ed-4a9e-9873-4cfadd1990f6,->,f1dc3983-5daf-40b6-8dea-a8e712cf73bb,java/sql/SQLException.java,printStackTrace
f1dc3983-5daf-40b6-8dea-a8e712cf73bb,e5a4b429-14f8-406e-a767-8bcf84776072,d51e24e2-eafe-4b5d-8a35-f11a9bbee347,->,f1dc3983-5daf-40b6-8dea-a8e712cf73bb,e5a4b429-14f8-406e-a767-8bcf84776072,35848b45-732e-4638-9c46-c78e9bc5869a
f1dc3983-5daf-40b6-8dea-a8e712cf73bb,e5a4b429-14f8-406e-a767-8bcf84776072,d51e24e2-eafe-4b5d-8a35-f11a9bbee347,->,f1dc3983-5daf-40b6-8dea-a8e712cf73bb,42b060b8-8069-4ce2-b697-af4348e810da,9db7681e-b6da-43b8-a39b-41ccc0a749a4
f1dc3983-5daf-40b6-8dea-a8e712cf73bb,e5a4b429-14f8-406e-a767-8bcf84776072,d51e24e2-eafe-4b5d-8a35-f11a9bbee347,->,f1dc3983-5daf-40b6-8dea-a8e712cf73bb,42b060b8-8069-4ce2-b697-af4348e810da,9fe223bf-1976-4938-815d-5462fdea25d5
f1dc3983-5daf-40b6-8dea-a8e712cf73bb,e5a4b429-14f8-406e-a767-8bcf84776072,d51e24e2-eafe-4b5d-8a35-f11a9bbee347,->,f1dc3983-5daf-40b6-8dea-a8e712cf73bb,java/util/List.java,get
f1dc3983-5daf-40b6-8dea-a8e712cf73bb,e5a4b429-14f8-406e-a767-8bcf84776072,d51e24e2-eafe-4b5d-8a35-f11a9bbee347,->,f1dc3983-5daf-40b6-8dea-a8e712cf73bb,46ea8bdb-6073-4428-9248-da3e9e211ea4,ba3c5f8e-6a3a-4b23-827f-caab58406d6b
f1dc3983-5daf-40b6-8dea-a8e712cf73bb,e5a4b429-14f8-406e-a767-8bcf84776072,d51e24e2-eafe-4b5d-8a35-f11a9bbee347,->,f1dc3983-5daf-40b6-8dea-a8e712cf73bb,804c0c58-ce27-403b-96d3-d8bbd0da88e1,"b2d2d98d-692b-49c7-bcd4-28acd3ba346f,39e98d01-514f-45d8-af9b-dde2e838ed74"
f1dc3983-5daf-40b6-8dea-a8e712cf73bb,e5a4b429-14f8-406e-a767-8bcf84776072,d51e24e2-eafe-4b5d-8a35-f11a9bbee347,->,f1dc3983-5daf-40b6-8dea-a8e712cf73bb,46ea8bdb-6073-4428-9248-da3e9e211ea4,65dec948-5673-4912-a6f8-451a906b2711
f1dc3983-5daf-40b6-8dea-a8e712cf73bb,e5a4b429-14f8-406e-a767-8bcf84776072,d51e24e2-eafe-4b5d-8a35-f11a9bbee347,->,f1dc3983-5daf-40b6-8dea-a8e712cf73bb,java/sql/SQLException.java,printStackTrace
f1dc3983-5daf-40b6-8dea-a8e712cf73bb,e5a4b429-14f8-406e-a767-8bcf84776072,f1bf82e2-81c4-4ff7-81ef-22054ed1a3e8,->,f1dc3983-5daf-40b6-8dea-a8e712cf73bb,42b060b8-8069-4ce2-b697-af4348e810da,9db7681e-b6da-43b8-a39b-41ccc0a749a4
f1dc3983-5daf-40b6-8dea-a8e712cf73bb,e5a4b429-14f8-406e-a767-8bcf84776072,f1bf82e2-81c4-4ff7-81ef-22054ed1a3e8,->,f1dc3983-5daf-40b6-8dea-a8e712cf73bb,42b060b8-8069-4ce2-b697-af4348e810da,b6677a8c-26a8-4911-be26-5b1ff9b09b1e
f1dc3983-5daf-40b6-8dea-a8e712cf73bb,e5a4b429-14f8-406e-a767-8bcf84776072,f1bf82e2-81c4-4ff7-81ef-22054ed1a3e8,->,f1dc3983-5daf-40b6-8dea-a8e712cf73bb,46ea8bdb-6073-4428-9248-da3e9e211ea4,"ab276c7b-bd7c-4db8-9524-42f5f6d95974,bf9218e9-68f1-4c86-ba45-95330669fbb6"
f1dc3983-5daf-40b6-8dea-a8e712cf73bb,e5a4b429-14f8-406e-a767-8bcf84776072,f1bf82e2-81c4-4ff7-81ef-22054ed1a3e8,->,f1dc3983-5daf-40b6-8dea-a8e712cf73bb,java/lang/Exception.java,printStackTrace
f1dc3983-5daf-40b6-8dea-a8e712cf73bb,uk/co/brotherlogic/mdb/RecordTest.java,<clinit>,->,f1dc3983-5daf-40b6-8dea-a8e712cf73bb,java/lang/Class.java,desiredAssertionStatus
f1dc3983-5daf-40b6-8dea-a8e712cf73bb,0c1b7ced-cddf-48ac-8879-d806287bb040,f4e45333-2d06-4e17-85c8-e45a1f49ed13,->,f1dc3983-5daf-40b6-8dea-a8e712cf73bb,69ac7b64-9248-4ac5-b8f4-75048ed8f843,6aceb7ed-c9d4-454d-a368-4fb6e00103e1
f1dc3983-5daf-40b6-8dea-a8e712cf73bb,0c1b7ced-cddf-48ac-8879-d806287bb040,f4e45333-2d06-4e17-85c8-e45a1f49ed13,->,f1dc3983-5daf-40b6-8dea-a8e712cf73bb,6198afdb-06e9-4997-8ed5-260a93c105b5,e4b89c22-c7fc-4c4a-8501-278ccf890630
f1dc3983-5daf-40b6-8dea-a8e712cf73bb,0c1b7ced-cddf-48ac-8879-d806287bb040,f4e45333-2d06-4e17-85c8-e45a1f49ed13,->,f1dc3983-5daf-40b6-8dea-a8e712cf73bb,6198afdb-06e9-4997-8ed5-260a93c105b5,"7dba553b-c13f-4a64-8b45-bbd5b3920f77,8791b37f-3194-4d3c-b2c9-e9781dedc325"
f1dc3983-5daf-40b6-8dea-a8e712cf73bb,0c1b7ced-cddf-48ac-8879-d806287bb040,f4e45333-2d06-4e17-85c8-e45a1f49ed13,->,f1dc3983-5daf-40b6-8dea-a8e712cf73bb,69ac7b64-9248-4ac5-b8f4-75048ed8f843,c79e7097-330c-4b62-9dc2-162f442e41c4
f1dc3983-5daf-40b6-8dea-a8e712cf73bb,0c1b7ced-cddf-48ac-8879-d806287bb040,f4e45333-2d06-4e17-85c8-e45a1f49ed13,->,f1dc3983-5daf-40b6-8dea-a8e712cf73bb,69ac7b64-9248-4ac5-b8f4-75048ed8f843,6aceb7ed-c9d4-454d-a368-4fb6e00103e1
f1dc3983-5daf-40b6-8dea-a8e712cf73bb,0c1b7ced-cddf-48ac-8879-d806287bb040,f4e45333-2d06-4e17-85c8-e45a1f49ed13,->,f1dc3983-5daf-40b6-8dea-a8e712cf73bb,6198afdb-06e9-4997-8ed5-260a93c105b5,e4b89c22-c7fc-4c4a-8501-278ccf890630
f1dc3983-5daf-40b6-8dea-a8e712cf73bb,0c1b7ced-cddf-48ac-8879-d806287bb040,f4e45333-2d06-4e17-85c8-e45a1f49ed13,->,f1dc3983-5daf-40b6-8dea-a8e712cf73bb,6198afdb-06e9-4997-8ed5-260a93c105b5,"7dba553b-c13f-4a64-8b45-bbd5b3920f77,8791b37f-3194-4d3c-b2c9-e9781dedc325"
f1dc3983-5daf-40b6-8dea-a8e712cf73bb,0c1b7ced-cddf-48ac-8879-d806287bb040,f4e45333-2d06-4e17-85c8-e45a1f49ed13,->,f1dc3983-5daf-40b6-8dea-a8e712cf73bb,69ac7b64-9248-4ac5-b8f4-75048ed8f843,c79e7097-330c-4b62-9dc2-162f442e41c4
f1dc3983-5daf-40b6-8dea-a8e712cf73bb,0c1b7ced-cddf-48ac-8879-d806287bb040,f4e45333-2d06-4e17-85c8-e45a1f49ed13,->,f1dc3983-5daf-40b6-8dea-a8e712cf73bb,69ac7b64-9248-4ac5-b8f4-75048ed8f843,c79e7097-330c-4b62-9dc2-162f442e41c4
f1dc3983-5daf-40b6-8dea-a8e712cf73bb,0c1b7ced-cddf-48ac-8879-d806287bb040,f95f2a3b-aaad-401b-b225-418e04e7e83c,->,f1dc3983-5daf-40b6-8dea-a8e712cf73bb,6198afdb-06e9-4997-8ed5-260a93c105b5,e4b89c22-c7fc-4c4a-8501-278ccf890630
f1dc3983-5daf-40b6-8dea-a8e712cf73bb,0c1b7ced-cddf-48ac-8879-d806287bb040,f95f2a3b-aaad-401b-b225-418e04e7e83c,->,f1dc3983-5daf-40b6-8dea-a8e712cf73bb,6198afdb-06e9-4997-8ed5-260a93c105b5,a95c5a4c-36a4-46d9-b165-be7b3e12cfa0
f1dc3983-5daf-40b6-8dea-a8e712cf73bb,0c1b7ced-cddf-48ac-8879-d806287bb040,f95f2a3b-aaad-401b-b225-418e04e7e83c,->,f1dc3983-5daf-40b6-8dea-a8e712cf73bb,java/util/Collection.java,iterator
f1dc3983-5daf-40b6-8dea-a8e712cf73bb,0c1b7ced-cddf-48ac-8879-d806287bb040,f95f2a3b-aaad-401b-b225-418e04e7e83c,->,f1dc3983-5daf-40b6-8dea-a8e712cf73bb,java/util/Iterator.java,hasNext
f1dc3983-5daf-40b6-8dea-a8e712cf73bb,0c1b7ced-cddf-48ac-8879-d806287bb040,f95f2a3b-aaad-401b-b225-418e04e7e83c,->,f1dc3983-5daf-40b6-8dea-a8e712cf73bb,java/util/Iterator.java,next
f1dc3983-5daf-40b6-8dea-a8e712cf73bb,0c1b7ced-cddf-48ac-8879-d806287bb040,f95f2a3b-aaad-401b-b225-418e04e7e83c,->,f1dc3983-5daf-40b6-8dea-a8e712cf73bb,69ac7b64-9248-4ac5-b8f4-75048ed8f843,b4225403-99f5-4d50-9fe3-ef193b1e6028
f1dc3983-5daf-40b6-8dea-a8e712cf73bb,0c1b7ced-cddf-48ac-8879-d806287bb040,f95f2a3b-aaad-401b-b225-418e04e7e83c,->,f1dc3983-5daf-40b6-8dea-a8e712cf73bb,java/lang/String.java,contains
f1dc3983-5daf-40b6-8dea-a8e712cf73bb,0c1b7ced-cddf-48ac-8879-d806287bb040,f95f2a3b-aaad-401b-b225-418e04e7e83c,->,f1dc3983-5daf-40b6-8dea-a8e712cf73bb,java/sql/SQLException.java,printStackTrace
f1dc3983-5daf-40b6-8dea-a8e712cf73bb,uk/co/brotherlogic/mdb/LabelTest.java,<clinit>,->,f1dc3983-5daf-40b6-8dea-a8e712cf73bb,java/lang/Class.java,desiredAssertionStatus
f1dc3983-5daf-40b6-8dea-a8e712cf73bb,4d5d5404-a022-4f98-9bfb-75e7837433dc,cfe058b5-59f9-4bd2-85f2-07dd8ef7ca4b,->,f1dc3983-5daf-40b6-8dea-a8e712cf73bb,6d64a759-576c-4fb8-bf1e-4b4ca66fe322,a7fe5716-e788-4430-991e-618d8daa6f79
f1dc3983-5daf-40b6-8dea-a8e712cf73bb,4d5d5404-a022-4f98-9bfb-75e7837433dc,990994c1-d778-4e38-a560-6bcb20b73623,->,f1dc3983-5daf-40b6-8dea-a8e712cf73bb,4d5d5404-a022-4f98-9bfb-75e7837433dc,cfe058b5-59f9-4bd2-85f2-07dd8ef7ca4b
f1dc3983-5daf-40b6-8dea-a8e712cf73bb,4d5d5404-a022-4f98-9bfb-75e7837433dc,990994c1-d778-4e38-a560-6bcb20b73623,->,f1dc3983-5daf-40b6-8dea-a8e712cf73bb,4d5d5404-a022-4f98-9bfb-75e7837433dc,c789a948-ffd0-4c24-afa6-42f8e045664a
f1dc3983-5daf-40b6-8dea-a8e712cf73bb,4d5d5404-a022-4f98-9bfb-75e7837433dc,990994c1-d778-4e38-a560-6bcb20b73623,->,f1dc3983-5daf-40b6-8dea-a8e712cf73bb,java/io/PrintStream.java,println
f1dc3983-5daf-40b6-8dea-a8e712cf73bb,4d5d5404-a022-4f98-9bfb-75e7837433dc,990994c1-d778-4e38-a560-6bcb20b73623,->,f1dc3983-5daf-40b6-8dea-a8e712cf73bb,42b060b8-8069-4ce2-b697-af4348e810da,9db7681e-b6da-43b8-a39b-41ccc0a749a4
f1dc3983-5daf-40b6-8dea-a8e712cf73bb,4d5d5404-a022-4f98-9bfb-75e7837433dc,990994c1-d778-4e38-a560-6bcb20b73623,->,f1dc3983-5daf-40b6-8dea-a8e712cf73bb,42b060b8-8069-4ce2-b697-af4348e810da,a0d414d2-c9a2-475c-b9a1-3196d2d98029
f1dc3983-5daf-40b6-8dea-a8e712cf73bb,4d5d5404-a022-4f98-9bfb-75e7837433dc,990994c1-d778-4e38-a560-6bcb20b73623,->,f1dc3983-5daf-40b6-8dea-a8e712cf73bb,java/util/Collection.java,iterator
f1dc3983-5daf-40b6-8dea-a8e712cf73bb,4d5d5404-a022-4f98-9bfb-75e7837433dc,990994c1-d778-4e38-a560-6bcb20b73623,->,f1dc3983-5daf-40b6-8dea-a8e712cf73bb,java/util/Iterator.java,hasNext
f1dc3983-5daf-40b6-8dea-a8e712cf73bb,4d5d5404-a022-4f98-9bfb-75e7837433dc,990994c1-d778-4e38-a560-6bcb20b73623,->,f1dc3983-5daf-40b6-8dea-a8e712cf73bb,java/util/Iterator.java,next
f1dc3983-5daf-40b6-8dea-a8e712cf73bb,4d5d5404-a022-4f98-9bfb-75e7837433dc,990994c1-d778-4e38-a560-6bcb20b73623,->,f1dc3983-5daf-40b6-8dea-a8e712cf73bb,46ea8bdb-6073-4428-9248-da3e9e211ea4,d1f2f841-1195-449f-a55a-6fd5a23e2284
f1dc3983-5daf-40b6-8dea-a8e712cf73bb,4d5d5404-a022-4f98-9bfb-75e7837433dc,990994c1-d778-4e38-a560-6bcb20b73623,->,f1dc3983-5daf-40b6-8dea-a8e712cf73bb,java/lang/StringBuilder.java,append
f1dc3983-5daf-40b6-8dea-a8e712cf73bb,4d5d5404-a022-4f98-9bfb-75e7837433dc,990994c1-d778-4e38-a560-6bcb20b73623,->,f1dc3983-5daf-40b6-8dea-a8e712cf73bb,java/lang/StringBuilder.java,append
f1dc3983-5daf-40b6-8dea-a8e712cf73bb,4d5d5404-a022-4f98-9bfb-75e7837433dc,990994c1-d778-4e38-a560-6bcb20b73623,->,f1dc3983-5daf-40b6-8dea-a8e712cf73bb,46ea8bdb-6073-4428-9248-da3e9e211ea4,1ab375eb-6d78-474f-a77e-537456340dba
f1dc3983-5daf-40b6-8dea-a8e712cf73bb,4d5d5404-a022-4f98-9bfb-75e7837433dc,990994c1-d778-4e38-a560-6bcb20b73623,->,f1dc3983-5daf-40b6-8dea-a8e712cf73bb,java/lang/StringBuilder.java,append
f1dc3983-5daf-40b6-8dea-a8e712cf73bb,4d5d5404-a022-4f98-9bfb-75e7837433dc,990994c1-d778-4e38-a560-6bcb20b73623,->,f1dc3983-5daf-40b6-8dea-a8e712cf73bb,java/lang/StringBuilder.java,toString
f1dc3983-5daf-40b6-8dea-a8e712cf73bb,4d5d5404-a022-4f98-9bfb-75e7837433dc,990994c1-d778-4e38-a560-6bcb20b73623,->,f1dc3983-5daf-40b6-8dea-a8e712cf73bb,java/io/PrintStream.java,println
f1dc3983-5daf-40b6-8dea-a8e712cf73bb,4d5d5404-a022-4f98-9bfb-75e7837433dc,990994c1-d778-4e38-a560-6bcb20b73623,->,f1dc3983-5daf-40b6-8dea-a8e712cf73bb,java/lang/System.java,exit
f1dc3983-5daf-40b6-8dea-a8e712cf73bb,4d5d5404-a022-4f98-9bfb-75e7837433dc,4f53615f-194c-4730-9750-aa096520376e,->,f1dc3983-5daf-40b6-8dea-a8e712cf73bb,java/io/PrintStream.java,println
f1dc3983-5daf-40b6-8dea-a8e712cf73bb,4d5d5404-a022-4f98-9bfb-75e7837433dc,3d06801f-abac-48fe-97db-a8d0dec57e3a,->,f1dc3983-5daf-40b6-8dea-a8e712cf73bb,java/sql/Connection.java,rollback
f1dc3983-5daf-40b6-8dea-a8e712cf73bb,4d5d5404-a022-4f98-9bfb-75e7837433dc,9f47af6c-9d59-40b7-b92f-59078678a04b,->,f1dc3983-5daf-40b6-8dea-a8e712cf73bb,java/sql/Connection.java,commit
f1dc3983-5daf-40b6-8dea-a8e712cf73bb,4d5d5404-a022-4f98-9bfb-75e7837433dc,c6697ba3-0f94-4dee-8f5b-789d53ec0631,->,f1dc3983-5daf-40b6-8dea-a8e712cf73bb,java/lang/System.java,currentTimeMillis
f1dc3983-5daf-40b6-8dea-a8e712cf73bb,4d5d5404-a022-4f98-9bfb-75e7837433dc,c6697ba3-0f94-4dee-8f5b-789d53ec0631,->,f1dc3983-5daf-40b6-8dea-a8e712cf73bb,java/sql/PreparedStatement.java,executeQuery
f1dc3983-5daf-40b6-8dea-a8e712cf73bb,4d5d5404-a022-4f98-9bfb-75e7837433dc,c6697ba3-0f94-4dee-8f5b-789d53ec0631,->,f1dc3983-5daf-40b6-8dea-a8e712cf73bb,java/lang/System.java,currentTimeMillis
f1dc3983-5daf-40b6-8dea-a8e712cf73bb,4d5d5404-a022-4f98-9bfb-75e7837433dc,c6697ba3-0f94-4dee-8f5b-789d53ec0631,->,f1dc3983-5daf-40b6-8dea-a8e712cf73bb,java/lang/Object.java,toString
f1dc3983-5daf-40b6-8dea-a8e712cf73bb,4d5d5404-a022-4f98-9bfb-75e7837433dc,d5f515f6-e2fa-4169-8946-0af34553e682,->,f1dc3983-5daf-40b6-8dea-a8e712cf73bb,java/lang/System.java,currentTimeMillis
f1dc3983-5daf-40b6-8dea-a8e712cf73bb,4d5d5404-a022-4f98-9bfb-75e7837433dc,d5f515f6-e2fa-4169-8946-0af34553e682,->,f1dc3983-5daf-40b6-8dea-a8e712cf73bb,java/sql/PreparedStatement.java,execute
f1dc3983-5daf-40b6-8dea-a8e712cf73bb,4d5d5404-a022-4f98-9bfb-75e7837433dc,d5f515f6-e2fa-4169-8946-0af34553e682,->,f1dc3983-5daf-40b6-8dea-a8e712cf73bb,java/lang/System.java,currentTimeMillis
f1dc3983-5daf-40b6-8dea-a8e712cf73bb,4d5d5404-a022-4f98-9bfb-75e7837433dc,d5f515f6-e2fa-4169-8946-0af34553e682,->,f1dc3983-5daf-40b6-8dea-a8e712cf73bb,java/lang/Object.java,toString
f1dc3983-5daf-40b6-8dea-a8e712cf73bb,4d5d5404-a022-4f98-9bfb-75e7837433dc,ab036b9d-aa4b-46f0-a485-9b2674240d25,->,f1dc3983-5daf-40b6-8dea-a8e712cf73bb,java/sql/Connection.java,prepareStatement
f1dc3983-5daf-40b6-8dea-a8e712cf73bb,4d5d5404-a022-4f98-9bfb-75e7837433dc,c789a948-ffd0-4c24-afa6-42f8e045664a,->,f1dc3983-5daf-40b6-8dea-a8e712cf73bb,java/lang/Object.java,getClass
f1dc3983-5daf-40b6-8dea-a8e712cf73bb,4d5d5404-a022-4f98-9bfb-75e7837433dc,c789a948-ffd0-4c24-afa6-42f8e045664a,->,f1dc3983-5daf-40b6-8dea-a8e712cf73bb,java/lang/Class.java,getResourceAsStream
f1dc3983-5daf-40b6-8dea-a8e712cf73bb,4d5d5404-a022-4f98-9bfb-75e7837433dc,c789a948-ffd0-4c24-afa6-42f8e045664a,->,f1dc3983-5daf-40b6-8dea-a8e712cf73bb,java/util/Properties.java,load
f1dc3983-5daf-40b6-8dea-a8e712cf73bb,4d5d5404-a022-4f98-9bfb-75e7837433dc,c789a948-ffd0-4c24-afa6-42f8e045664a,->,f1dc3983-5daf-40b6-8dea-a8e712cf73bb,java/util/Properties.java,getProperty
f1dc3983-5daf-40b6-8dea-a8e712cf73bb,4d5d5404-a022-4f98-9bfb-75e7837433dc,c789a948-ffd0-4c24-afa6-42f8e045664a,->,f1dc3983-5daf-40b6-8dea-a8e712cf73bb,java/lang/String.java,trim
f1dc3983-5daf-40b6-8dea-a8e712cf73bb,4d5d5404-a022-4f98-9bfb-75e7837433dc,3de60bd0-0a5c-46b6-9975-812c3cafe217,->,f1dc3983-5daf-40b6-8dea-a8e712cf73bb,java/lang/Class.java,forName
f1dc3983-5daf-40b6-8dea-a8e712cf73bb,4d5d5404-a022-4f98-9bfb-75e7837433dc,3de60bd0-0a5c-46b6-9975-812c3cafe217,->,f1dc3983-5daf-40b6-8dea-a8e712cf73bb,4d5d5404-a022-4f98-9bfb-75e7837433dc,c789a948-ffd0-4c24-afa6-42f8e045664a
f1dc3983-5daf-40b6-8dea-a8e712cf73bb,4d5d5404-a022-4f98-9bfb-75e7837433dc,3de60bd0-0a5c-46b6-9975-812c3cafe217,->,f1dc3983-5daf-40b6-8dea-a8e712cf73bb,java/lang/StringBuilder.java,append
f1dc3983-5daf-40b6-8dea-a8e712cf73bb,4d5d5404-a022-4f98-9bfb-75e7837433dc,3de60bd0-0a5c-46b6-9975-812c3cafe217,->,f1dc3983-5daf-40b6-8dea-a8e712cf73bb,java/lang/StringBuilder.java,append
f1dc3983-5daf-40b6-8dea-a8e712cf73bb,4d5d5404-a022-4f98-9bfb-75e7837433dc,3de60bd0-0a5c-46b6-9975-812c3cafe217,->,f1dc3983-5daf-40b6-8dea-a8e712cf73bb,java/lang/StringBuilder.java,append
f1dc3983-5daf-40b6-8dea-a8e712cf73bb,4d5d5404-a022-4f98-9bfb-75e7837433dc,3de60bd0-0a5c-46b6-9975-812c3cafe217,->,f1dc3983-5daf-40b6-8dea-a8e712cf73bb,java/lang/StringBuilder.java,toString
f1dc3983-5daf-40b6-8dea-a8e712cf73bb,4d5d5404-a022-4f98-9bfb-75e7837433dc,3de60bd0-0a5c-46b6-9975-812c3cafe217,->,f1dc3983-5daf-40b6-8dea-a8e712cf73bb,java/io/PrintStream.java,println
f1dc3983-5daf-40b6-8dea-a8e712cf73bb,4d5d5404-a022-4f98-9bfb-75e7837433dc,3de60bd0-0a5c-46b6-9975-812c3cafe217,->,f1dc3983-5daf-40b6-8dea-a8e712cf73bb,4d5d5404-a022-4f98-9bfb-75e7837433dc,c789a948-ffd0-4c24-afa6-42f8e045664a
f1dc3983-5daf-40b6-8dea-a8e712cf73bb,4d5d5404-a022-4f98-9bfb-75e7837433dc,3de60bd0-0a5c-46b6-9975-812c3cafe217,->,f1dc3983-5daf-40b6-8dea-a8e712cf73bb,java/lang/String.java,contains
f1dc3983-5daf-40b6-8dea-a8e712cf73bb,4d5d5404-a022-4f98-9bfb-75e7837433dc,3de60bd0-0a5c-46b6-9975-812c3cafe217,->,f1dc3983-5daf-40b6-8dea-a8e712cf73bb,java/sql/DriverManager.java,getConnection
f1dc3983-5daf-40b6-8dea-a8e712cf73bb,4d5d5404-a022-4f98-9bfb-75e7837433dc,3de60bd0-0a5c-46b6-9975-812c3cafe217,->,f1dc3983-5daf-40b6-8dea-a8e712cf73bb,java/io/PrintStream.java,println
f1dc3983-5daf-40b6-8dea-a8e712cf73bb,4d5d5404-a022-4f98-9bfb-75e7837433dc,3de60bd0-0a5c-46b6-9975-812c3cafe217,->,f1dc3983-5daf-40b6-8dea-a8e712cf73bb,java/sql/DriverManager.java,getConnection
f1dc3983-5daf-40b6-8dea-a8e712cf73bb,4d5d5404-a022-4f98-9bfb-75e7837433dc,3de60bd0-0a5c-46b6-9975-812c3cafe217,->,f1dc3983-5daf-40b6-8dea-a8e712cf73bb,java/sql/Connection.java,setAutoCommit
f1dc3983-5daf-40b6-8dea-a8e712cf73bb,4d5d5404-a022-4f98-9bfb-75e7837433dc,a933aa04-7571-4cdd-ae27-5c8906359e94,->,f1dc3983-5daf-40b6-8dea-a8e712cf73bb,java/lang/StringBuilder.java,append
f1dc3983-5daf-40b6-8dea-a8e712cf73bb,4d5d5404-a022-4f98-9bfb-75e7837433dc,a933aa04-7571-4cdd-ae27-5c8906359e94,->,f1dc3983-5daf-40b6-8dea-a8e712cf73bb,java/lang/StringBuilder.java,append
f1dc3983-5daf-40b6-8dea-a8e712cf73bb,4d5d5404-a022-4f98-9bfb-75e7837433dc,a933aa04-7571-4cdd-ae27-5c8906359e94,->,f1dc3983-5daf-40b6-8dea-a8e712cf73bb,java/lang/StringBuilder.java,append
f1dc3983-5daf-40b6-8dea-a8e712cf73bb,4d5d5404-a022-4f98-9bfb-75e7837433dc,a933aa04-7571-4cdd-ae27-5c8906359e94,->,f1dc3983-5daf-40b6-8dea-a8e712cf73bb,java/lang/StringBuilder.java,append
f1dc3983-5daf-40b6-8dea-a8e712cf73bb,4d5d5404-a022-4f98-9bfb-75e7837433dc,a933aa04-7571-4cdd-ae27-5c8906359e94,->,f1dc3983-5daf-40b6-8dea-a8e712cf73bb,java/lang/StringBuilder.java,toString
f1dc3983-5daf-40b6-8dea-a8e712cf73bb,4d5d5404-a022-4f98-9bfb-75e7837433dc,a933aa04-7571-4cdd-ae27-5c8906359e94,->,f1dc3983-5daf-40b6-8dea-a8e712cf73bb,java/io/PrintStream.java,println
f1dc3983-5daf-40b6-8dea-a8e712cf73bb,5667b3ef-d8ea-4616-b911-2c553c1fc841,50e8bb9f-15fb-4969-bed6-17e1d8b18db2,->,f1dc3983-5daf-40b6-8dea-a8e712cf73bb,42b060b8-8069-4ce2-b697-af4348e810da,9db7681e-b6da-43b8-a39b-41ccc0a749a4
f1dc3983-5daf-40b6-8dea-a8e712cf73bb,5667b3ef-d8ea-4616-b911-2c553c1fc841,50e8bb9f-15fb-4969-bed6-17e1d8b18db2,->,f1dc3983-5daf-40b6-8dea-a8e712cf73bb,42b060b8-8069-4ce2-b697-af4348e810da,9340fa54-24b8-4e5b-8b6e-b6e64e0dfb28
f1dc3983-5daf-40b6-8dea-a8e712cf73bb,5667b3ef-d8ea-4616-b911-2c553c1fc841,50e8bb9f-15fb-4969-bed6-17e1d8b18db2,->,f1dc3983-5daf-40b6-8dea-a8e712cf73bb,java/util/Collection.java,iterator
f1dc3983-5daf-40b6-8dea-a8e712cf73bb,5667b3ef-d8ea-4616-b911-2c553c1fc841,50e8bb9f-15fb-4969-bed6-17e1d8b18db2,->,f1dc3983-5daf-40b6-8dea-a8e712cf73bb,java/util/Iterator.java,next
f1dc3983-5daf-40b6-8dea-a8e712cf73bb,5667b3ef-d8ea-4616-b911-2c553c1fc841,50e8bb9f-15fb-4969-bed6-17e1d8b18db2,->,f1dc3983-5daf-40b6-8dea-a8e712cf73bb,java/lang/Integer.java,intValue
f1dc3983-5daf-40b6-8dea-a8e712cf73bb,5667b3ef-d8ea-4616-b911-2c553c1fc841,50e8bb9f-15fb-4969-bed6-17e1d8b18db2,->,f1dc3983-5daf-40b6-8dea-a8e712cf73bb,42b060b8-8069-4ce2-b697-af4348e810da,9db7681e-b6da-43b8-a39b-41ccc0a749a4
f1dc3983-5daf-40b6-8dea-a8e712cf73bb,5667b3ef-d8ea-4616-b911-2c553c1fc841,50e8bb9f-15fb-4969-bed6-17e1d8b18db2,->,f1dc3983-5daf-40b6-8dea-a8e712cf73bb,42b060b8-8069-4ce2-b697-af4348e810da,b6677a8c-26a8-4911-be26-5b1ff9b09b1e
f1dc3983-5daf-40b6-8dea-a8e712cf73bb,5667b3ef-d8ea-4616-b911-2c553c1fc841,50e8bb9f-15fb-4969-bed6-17e1d8b18db2,->,f1dc3983-5daf-40b6-8dea-a8e712cf73bb,46ea8bdb-6073-4428-9248-da3e9e211ea4,b9a8f95f-46c6-4b8b-af84-4dd24d766fe4
f1dc3983-5daf-40b6-8dea-a8e712cf73bb,5667b3ef-d8ea-4616-b911-2c553c1fc841,50e8bb9f-15fb-4969-bed6-17e1d8b18db2,->,f1dc3983-5daf-40b6-8dea-a8e712cf73bb,42b060b8-8069-4ce2-b697-af4348e810da,9db7681e-b6da-43b8-a39b-41ccc0a749a4
f1dc3983-5daf-40b6-8dea-a8e712cf73bb,5667b3ef-d8ea-4616-b911-2c553c1fc841,50e8bb9f-15fb-4969-bed6-17e1d8b18db2,->,f1dc3983-5daf-40b6-8dea-a8e712cf73bb,42b060b8-8069-4ce2-b697-af4348e810da,b6677a8c-26a8-4911-be26-5b1ff9b09b1e
f1dc3983-5daf-40b6-8dea-a8e712cf73bb,5667b3ef-d8ea-4616-b911-2c553c1fc841,50e8bb9f-15fb-4969-bed6-17e1d8b18db2,->,f1dc3983-5daf-40b6-8dea-a8e712cf73bb,46ea8bdb-6073-4428-9248-da3e9e211ea4,0c870256-54e4-42ee-9ec3-a2d258f1a684
f1dc3983-5daf-40b6-8dea-a8e712cf73bb,5667b3ef-d8ea-4616-b911-2c553c1fc841,50e8bb9f-15fb-4969-bed6-17e1d8b18db2,->,f1dc3983-5daf-40b6-8dea-a8e712cf73bb,4d5d5404-a022-4f98-9bfb-75e7837433dc,cfe058b5-59f9-4bd2-85f2-07dd8ef7ca4b
f1dc3983-5daf-40b6-8dea-a8e712cf73bb,5667b3ef-d8ea-4616-b911-2c553c1fc841,50e8bb9f-15fb-4969-bed6-17e1d8b18db2,->,f1dc3983-5daf-40b6-8dea-a8e712cf73bb,4d5d5404-a022-4f98-9bfb-75e7837433dc,c789a948-ffd0-4c24-afa6-42f8e045664a
f1dc3983-5daf-40b6-8dea-a8e712cf73bb,5667b3ef-d8ea-4616-b911-2c553c1fc841,50e8bb9f-15fb-4969-bed6-17e1d8b18db2,->,f1dc3983-5daf-40b6-8dea-a8e712cf73bb,java/lang/String.java,equals
f1dc3983-5daf-40b6-8dea-a8e712cf73bb,5667b3ef-d8ea-4616-b911-2c553c1fc841,50e8bb9f-15fb-4969-bed6-17e1d8b18db2,->,f1dc3983-5daf-40b6-8dea-a8e712cf73bb,46ea8bdb-6073-4428-9248-da3e9e211ea4,6f58e015-f448-43e7-b239-45c313accc3f
f1dc3983-5daf-40b6-8dea-a8e712cf73bb,5667b3ef-d8ea-4616-b911-2c553c1fc841,50e8bb9f-15fb-4969-bed6-17e1d8b18db2,->,f1dc3983-5daf-40b6-8dea-a8e712cf73bb,46ea8bdb-6073-4428-9248-da3e9e211ea4,e3bc6356-89c6-427c-8a2c-23b727ab1aa9
f1dc3983-5daf-40b6-8dea-a8e712cf73bb,5667b3ef-d8ea-4616-b911-2c553c1fc841,50e8bb9f-15fb-4969-bed6-17e1d8b18db2,->,f1dc3983-5daf-40b6-8dea-a8e712cf73bb,42b060b8-8069-4ce2-b697-af4348e810da,9db7681e-b6da-43b8-a39b-41ccc0a749a4
f1dc3983-5daf-40b6-8dea-a8e712cf73bb,5667b3ef-d8ea-4616-b911-2c553c1fc841,50e8bb9f-15fb-4969-bed6-17e1d8b18db2,->,f1dc3983-5daf-40b6-8dea-a8e712cf73bb,42b060b8-8069-4ce2-b697-af4348e810da,b6677a8c-26a8-4911-be26-5b1ff9b09b1e
f1dc3983-5daf-40b6-8dea-a8e712cf73bb,5667b3ef-d8ea-4616-b911-2c553c1fc841,50e8bb9f-15fb-4969-bed6-17e1d8b18db2,->,f1dc3983-5daf-40b6-8dea-a8e712cf73bb,46ea8bdb-6073-4428-9248-da3e9e211ea4,0c870256-54e4-42ee-9ec3-a2d258f1a684
f1dc3983-5daf-40b6-8dea-a8e712cf73bb,5667b3ef-d8ea-4616-b911-2c553c1fc841,50e8bb9f-15fb-4969-bed6-17e1d8b18db2,->,f1dc3983-5daf-40b6-8dea-a8e712cf73bb,java/lang/StringBuilder.java,append
f1dc3983-5daf-40b6-8dea-a8e712cf73bb,5667b3ef-d8ea-4616-b911-2c553c1fc841,50e8bb9f-15fb-4969-bed6-17e1d8b18db2,->,f1dc3983-5daf-40b6-8dea-a8e712cf73bb,java/lang/StringBuilder.java,append
f1dc3983-5daf-40b6-8dea-a8e712cf73bb,5667b3ef-d8ea-4616-b911-2c553c1fc841,50e8bb9f-15fb-4969-bed6-17e1d8b18db2,->,f1dc3983-5daf-40b6-8dea-a8e712cf73bb,46ea8bdb-6073-4428-9248-da3e9e211ea4,0c870256-54e4-42ee-9ec3-a2d258f1a684
f1dc3983-5daf-40b6-8dea-a8e712cf73bb,5667b3ef-d8ea-4616-b911-2c553c1fc841,50e8bb9f-15fb-4969-bed6-17e1d8b18db2,->,f1dc3983-5daf-40b6-8dea-a8e712cf73bb,java/lang/StringBuilder.java,append
f1dc3983-5daf-40b6-8dea-a8e712cf73bb,5667b3ef-d8ea-4616-b911-2c553c1fc841,50e8bb9f-15fb-4969-bed6-17e1d8b18db2,->,f1dc3983-5daf-40b6-8dea-a8e712cf73bb,java/lang/StringBuilder.java,toString
f1dc3983-5daf-40b6-8dea-a8e712cf73bb,5667b3ef-d8ea-4616-b911-2c553c1fc841,50e8bb9f-15fb-4969-bed6-17e1d8b18db2,->,f1dc3983-5daf-40b6-8dea-a8e712cf73bb,java/io/PrintStream.java,println
f1dc3983-5daf-40b6-8dea-a8e712cf73bb,5667b3ef-d8ea-4616-b911-2c553c1fc841,50e8bb9f-15fb-4969-bed6-17e1d8b18db2,->,f1dc3983-5daf-40b6-8dea-a8e712cf73bb,46ea8bdb-6073-4428-9248-da3e9e211ea4,0c870256-54e4-42ee-9ec3-a2d258f1a684
f1dc3983-5daf-40b6-8dea-a8e712cf73bb,5667b3ef-d8ea-4616-b911-2c553c1fc841,50e8bb9f-15fb-4969-bed6-17e1d8b18db2,->,f1dc3983-5daf-40b6-8dea-a8e712cf73bb,46ea8bdb-6073-4428-9248-da3e9e211ea4,0c870256-54e4-42ee-9ec3-a2d258f1a684
f1dc3983-5daf-40b6-8dea-a8e712cf73bb,5667b3ef-d8ea-4616-b911-2c553c1fc841,50e8bb9f-15fb-4969-bed6-17e1d8b18db2,->,f1dc3983-5daf-40b6-8dea-a8e712cf73bb,java/lang/String.java,equals
f1dc3983-5daf-40b6-8dea-a8e712cf73bb,5667b3ef-d8ea-4616-b911-2c553c1fc841,50e8bb9f-15fb-4969-bed6-17e1d8b18db2,->,f1dc3983-5daf-40b6-8dea-a8e712cf73bb,java/sql/SQLException.java,printStackTrace
f1dc3983-5daf-40b6-8dea-a8e712cf73bb,uk/co/brotherlogic/mdb/UpdateTest.java,<clinit>,->,f1dc3983-5daf-40b6-8dea-a8e712cf73bb,java/lang/Class.java,desiredAssertionStatus
f1dc3983-5daf-40b6-8dea-a8e712cf73bb,1a276292-7787-4587-8319-ee3c311edb03,"d2a99b52-01ea-4c3e-8091-48b0c1f83cbb,287451c6-fe43-4a27-84ba-f3c98d8597cd",->,f1dc3983-5daf-40b6-8dea-a8e712cf73bb,46ea8bdb-6073-4428-9248-da3e9e211ea4,4b230d2e-4878-4c43-af8c-3f1357c03d92
f1dc3983-5daf-40b6-8dea-a8e712cf73bb,1a276292-7787-4587-8319-ee3c311edb03,"d2a99b52-01ea-4c3e-8091-48b0c1f83cbb,287451c6-fe43-4a27-84ba-f3c98d8597cd",->,f1dc3983-5daf-40b6-8dea-a8e712cf73bb,java/io/PrintStream.java,print
f1dc3983-5daf-40b6-8dea-a8e712cf73bb,1a276292-7787-4587-8319-ee3c311edb03,"d2a99b52-01ea-4c3e-8091-48b0c1f83cbb,287451c6-fe43-4a27-84ba-f3c98d8597cd",->,f1dc3983-5daf-40b6-8dea-a8e712cf73bb,java/io/PrintStream.java,close
f1dc3983-5daf-40b6-8dea-a8e712cf73bb,1a276292-7787-4587-8319-ee3c311edb03,"d2a99b52-01ea-4c3e-8091-48b0c1f83cbb,287451c6-fe43-4a27-84ba-f3c98d8597cd",->,f1dc3983-5daf-40b6-8dea-a8e712cf73bb,java/util/List.java,iterator
f1dc3983-5daf-40b6-8dea-a8e712cf73bb,1a276292-7787-4587-8319-ee3c311edb03,"d2a99b52-01ea-4c3e-8091-48b0c1f83cbb,287451c6-fe43-4a27-84ba-f3c98d8597cd",->,f1dc3983-5daf-40b6-8dea-a8e712cf73bb,java/util/Iterator.java,hasNext
f1dc3983-5daf-40b6-8dea-a8e712cf73bb,1a276292-7787-4587-8319-ee3c311edb03,"d2a99b52-01ea-4c3e-8091-48b0c1f83cbb,287451c6-fe43-4a27-84ba-f3c98d8597cd",->,f1dc3983-5daf-40b6-8dea-a8e712cf73bb,java/util/Iterator.java,next
f1dc3983-5daf-40b6-8dea-a8e712cf73bb,1a276292-7787-4587-8319-ee3c311edb03,"d2a99b52-01ea-4c3e-8091-48b0c1f83cbb,287451c6-fe43-4a27-84ba-f3c98d8597cd",->,f1dc3983-5daf-40b6-8dea-a8e712cf73bb,java/io/File.java,listFiles
f1dc3983-5daf-40b6-8dea-a8e712cf73bb,1a276292-7787-4587-8319-ee3c311edb03,"d2a99b52-01ea-4c3e-8091-48b0c1f83cbb,287451c6-fe43-4a27-84ba-f3c98d8597cd",->,f1dc3983-5daf-40b6-8dea-a8e712cf73bb,46ea8bdb-6073-4428-9248-da3e9e211ea4,4b230d2e-4878-4c43-af8c-3f1357c03d92
f1dc3983-5daf-40b6-8dea-a8e712cf73bb,1a276292-7787-4587-8319-ee3c311edb03,"d2a99b52-01ea-4c3e-8091-48b0c1f83cbb,287451c6-fe43-4a27-84ba-f3c98d8597cd",->,f1dc3983-5daf-40b6-8dea-a8e712cf73bb,java/lang/StringBuilder.java,append
f1dc3983-5daf-40b6-8dea-a8e712cf73bb,1a276292-7787-4587-8319-ee3c311edb03,"d2a99b52-01ea-4c3e-8091-48b0c1f83cbb,287451c6-fe43-4a27-84ba-f3c98d8597cd",->,f1dc3983-5daf-40b6-8dea-a8e712cf73bb,java/lang/StringBuilder.java,append
f1dc3983-5daf-40b6-8dea-a8e712cf73bb,1a276292-7787-4587-8319-ee3c311edb03,"d2a99b52-01ea-4c3e-8091-48b0c1f83cbb,287451c6-fe43-4a27-84ba-f3c98d8597cd",->,f1dc3983-5daf-40b6-8dea-a8e712cf73bb,java/lang/StringBuilder.java,append
f1dc3983-5daf-40b6-8dea-a8e712cf73bb,1a276292-7787-4587-8319-ee3c311edb03,"d2a99b52-01ea-4c3e-8091-48b0c1f83cbb,287451c6-fe43-4a27-84ba-f3c98d8597cd",->,f1dc3983-5daf-40b6-8dea-a8e712cf73bb,java/lang/StringBuilder.java,append
f1dc3983-5daf-40b6-8dea-a8e712cf73bb,1a276292-7787-4587-8319-ee3c311edb03,"d2a99b52-01ea-4c3e-8091-48b0c1f83cbb,287451c6-fe43-4a27-84ba-f3c98d8597cd",->,f1dc3983-5daf-40b6-8dea-a8e712cf73bb,java/lang/StringBuilder.java,append
f1dc3983-5daf-40b6-8dea-a8e712cf73bb,1a276292-7787-4587-8319-ee3c311edb03,"d2a99b52-01ea-4c3e-8091-48b0c1f83cbb,287451c6-fe43-4a27-84ba-f3c98d8597cd",->,f1dc3983-5daf-40b6-8dea-a8e712cf73bb,java/lang/StringBuilder.java,toString
f1dc3983-5daf-40b6-8dea-a8e712cf73bb,1a276292-7787-4587-8319-ee3c311edb03,"d2a99b52-01ea-4c3e-8091-48b0c1f83cbb,287451c6-fe43-4a27-84ba-f3c98d8597cd",->,f1dc3983-5daf-40b6-8dea-a8e712cf73bb,java/io/PrintStream.java,println
f1dc3983-5daf-40b6-8dea-a8e712cf73bb,1a276292-7787-4587-8319-ee3c311edb03,"d2a99b52-01ea-4c3e-8091-48b0c1f83cbb,287451c6-fe43-4a27-84ba-f3c98d8597cd",->,f1dc3983-5daf-40b6-8dea-a8e712cf73bb,java/io/PrintStream.java,close
f1dc3983-5daf-40b6-8dea-a8e712cf73bb,c7cdac10-3eac-4c66-8aa0-5fbbf6d253f5,5d5d8241-fdc3-4131-8a98-e1976ba3f5c6,->,f1dc3983-5daf-40b6-8dea-a8e712cf73bb,495a24b3-509f-446a-880a-5e23a89bf661,da710775-2e08-47b7-92de-c8150a097160
f1dc3983-5daf-40b6-8dea-a8e712cf73bb,c7cdac10-3eac-4c66-8aa0-5fbbf6d253f5,5d5d8241-fdc3-4131-8a98-e1976ba3f5c6,->,f1dc3983-5daf-40b6-8dea-a8e712cf73bb,java/sql/PreparedStatement.java,setString
f1dc3983-5daf-40b6-8dea-a8e712cf73bb,c7cdac10-3eac-4c66-8aa0-5fbbf6d253f5,5d5d8241-fdc3-4131-8a98-e1976ba3f5c6,->,f1dc3983-5daf-40b6-8dea-a8e712cf73bb,java/sql/PreparedStatement.java,executeQuery
f1dc3983-5daf-40b6-8dea-a8e712cf73bb,c7cdac10-3eac-4c66-8aa0-5fbbf6d253f5,5d5d8241-fdc3-4131-8a98-e1976ba3f5c6,->,f1dc3983-5daf-40b6-8dea-a8e712cf73bb,java/sql/ResultSet.java,next
f1dc3983-5daf-40b6-8dea-a8e712cf73bb,c7cdac10-3eac-4c66-8aa0-5fbbf6d253f5,5d5d8241-fdc3-4131-8a98-e1976ba3f5c6,->,f1dc3983-5daf-40b6-8dea-a8e712cf73bb,495a24b3-509f-446a-880a-5e23a89bf661,da710775-2e08-47b7-92de-c8150a097160
f1dc3983-5daf-40b6-8dea-a8e712cf73bb,c7cdac10-3eac-4c66-8aa0-5fbbf6d253f5,5d5d8241-fdc3-4131-8a98-e1976ba3f5c6,->,f1dc3983-5daf-40b6-8dea-a8e712cf73bb,java/sql/PreparedStatement.java,setString
f1dc3983-5daf-40b6-8dea-a8e712cf73bb,c7cdac10-3eac-4c66-8aa0-5fbbf6d253f5,5d5d8241-fdc3-4131-8a98-e1976ba3f5c6,->,f1dc3983-5daf-40b6-8dea-a8e712cf73bb,495a24b3-509f-446a-880a-5e23a89bf661,568d3271-607e-465a-8d62-10d708196047
f1dc3983-5daf-40b6-8dea-a8e712cf73bb,c7cdac10-3eac-4c66-8aa0-5fbbf6d253f5,5d5d8241-fdc3-4131-8a98-e1976ba3f5c6,->,f1dc3983-5daf-40b6-8dea-a8e712cf73bb,java/sql/PreparedStatement.java,setInt
f1dc3983-5daf-40b6-8dea-a8e712cf73bb,c7cdac10-3eac-4c66-8aa0-5fbbf6d253f5,5d5d8241-fdc3-4131-8a98-e1976ba3f5c6,->,f1dc3983-5daf-40b6-8dea-a8e712cf73bb,java/sql/PreparedStatement.java,execute
f1dc3983-5daf-40b6-8dea-a8e712cf73bb,c7cdac10-3eac-4c66-8aa0-5fbbf6d253f5,5d5d8241-fdc3-4131-8a98-e1976ba3f5c6,->,f1dc3983-5daf-40b6-8dea-a8e712cf73bb,495a24b3-509f-446a-880a-5e23a89bf661,da710775-2e08-47b7-92de-c8150a097160
f1dc3983-5daf-40b6-8dea-a8e712cf73bb,c7cdac10-3eac-4c66-8aa0-5fbbf6d253f5,5d5d8241-fdc3-4131-8a98-e1976ba3f5c6,->,f1dc3983-5daf-40b6-8dea-a8e712cf73bb,java/sql/PreparedStatement.java,setString
f1dc3983-5daf-40b6-8dea-a8e712cf73bb,c7cdac10-3eac-4c66-8aa0-5fbbf6d253f5,5d5d8241-fdc3-4131-8a98-e1976ba3f5c6,->,f1dc3983-5daf-40b6-8dea-a8e712cf73bb,java/sql/PreparedStatement.java,executeQuery
f1dc3983-5daf-40b6-8dea-a8e712cf73bb,c7cdac10-3eac-4c66-8aa0-5fbbf6d253f5,5d5d8241-fdc3-4131-8a98-e1976ba3f5c6,->,f1dc3983-5daf-40b6-8dea-a8e712cf73bb,java/sql/ResultSet.java,next
f1dc3983-5daf-40b6-8dea-a8e712cf73bb,c7cdac10-3eac-4c66-8aa0-5fbbf6d253f5,5d5d8241-fdc3-4131-8a98-e1976ba3f5c6,->,f1dc3983-5daf-40b6-8dea-a8e712cf73bb,java/sql/ResultSet.java,getInt
f1dc3983-5daf-40b6-8dea-a8e712cf73bb,c7cdac10-3eac-4c66-8aa0-5fbbf6d253f5,60eea17b-df7b-4847-8163-e017156c88ae,->,f1dc3983-5daf-40b6-8dea-a8e712cf73bb,4d5d5404-a022-4f98-9bfb-75e7837433dc,cfe058b5-59f9-4bd2-85f2-07dd8ef7ca4b
f1dc3983-5daf-40b6-8dea-a8e712cf73bb,c7cdac10-3eac-4c66-8aa0-5fbbf6d253f5,60eea17b-df7b-4847-8163-e017156c88ae,->,f1dc3983-5daf-40b6-8dea-a8e712cf73bb,4d5d5404-a022-4f98-9bfb-75e7837433dc,ab036b9d-aa4b-46f0-a485-9b2674240d25
f1dc3983-5daf-40b6-8dea-a8e712cf73bb,c7cdac10-3eac-4c66-8aa0-5fbbf6d253f5,60eea17b-df7b-4847-8163-e017156c88ae,->,f1dc3983-5daf-40b6-8dea-a8e712cf73bb,java/sql/PreparedStatement.java,executeQuery
f1dc3983-5daf-40b6-8dea-a8e712cf73bb,c7cdac10-3eac-4c66-8aa0-5fbbf6d253f5,60eea17b-df7b-4847-8163-e017156c88ae,->,f1dc3983-5daf-40b6-8dea-a8e712cf73bb,java/sql/ResultSet.java,next
f1dc3983-5daf-40b6-8dea-a8e712cf73bb,c7cdac10-3eac-4c66-8aa0-5fbbf6d253f5,60eea17b-df7b-4847-8163-e017156c88ae,->,f1dc3983-5daf-40b6-8dea-a8e712cf73bb,java/sql/ResultSet.java,getInt
f1dc3983-5daf-40b6-8dea-a8e712cf73bb,c7cdac10-3eac-4c66-8aa0-5fbbf6d253f5,60eea17b-df7b-4847-8163-e017156c88ae,->,f1dc3983-5daf-40b6-8dea-a8e712cf73bb,java/sql/ResultSet.java,getString
f1dc3983-5daf-40b6-8dea-a8e712cf73bb,c7cdac10-3eac-4c66-8aa0-5fbbf6d253f5,60eea17b-df7b-4847-8163-e017156c88ae,->,f1dc3983-5daf-40b6-8dea-a8e712cf73bb,java/sql/ResultSet.java,getInt
f1dc3983-5daf-40b6-8dea-a8e712cf73bb,c7cdac10-3eac-4c66-8aa0-5fbbf6d253f5,60eea17b-df7b-4847-8163-e017156c88ae,->,f1dc3983-5daf-40b6-8dea-a8e712cf73bb,java/util/Map.java,put
f1dc3983-5daf-40b6-8dea-a8e712cf73bb,c7cdac10-3eac-4c66-8aa0-5fbbf6d253f5,60eea17b-df7b-4847-8163-e017156c88ae,->,f1dc3983-5daf-40b6-8dea-a8e712cf73bb,java/sql/ResultSet.java,close
f1dc3983-5daf-40b6-8dea-a8e712cf73bb,c7cdac10-3eac-4c66-8aa0-5fbbf6d253f5,60eea17b-df7b-4847-8163-e017156c88ae,->,f1dc3983-5daf-40b6-8dea-a8e712cf73bb,java/sql/PreparedStatement.java,close
f1dc3983-5daf-40b6-8dea-a8e712cf73bb,c7cdac10-3eac-4c66-8aa0-5fbbf6d253f5,0c4f8718-44d0-40f6-89f1-41d96c6ef004,->,f1dc3983-5daf-40b6-8dea-a8e712cf73bb,java/util/Map.java,keySet
f1dc3983-5daf-40b6-8dea-a8e712cf73bb,c7cdac10-3eac-4c66-8aa0-5fbbf6d253f5,0c4f8718-44d0-40f6-89f1-41d96c6ef004,->,f1dc3983-5daf-40b6-8dea-a8e712cf73bb,java/util/Set.java,contains
f1dc3983-5daf-40b6-8dea-a8e712cf73bb,c7cdac10-3eac-4c66-8aa0-5fbbf6d253f5,dd7376db-123c-4d31-ab1e-e828d45df29c,->,f1dc3983-5daf-40b6-8dea-a8e712cf73bb,c7cdac10-3eac-4c66-8aa0-5fbbf6d253f5,60eea17b-df7b-4847-8163-e017156c88ae
f1dc3983-5daf-40b6-8dea-a8e712cf73bb,c7cdac10-3eac-4c66-8aa0-5fbbf6d253f5,dd7376db-123c-4d31-ab1e-e828d45df29c,->,f1dc3983-5daf-40b6-8dea-a8e712cf73bb,java/sql/SQLException.java,printStackTrace
f1dc3983-5daf-40b6-8dea-a8e712cf73bb,c7cdac10-3eac-4c66-8aa0-5fbbf6d253f5,dd7376db-123c-4d31-ab1e-e828d45df29c,->,f1dc3983-5daf-40b6-8dea-a8e712cf73bb,java/util/Map.java,values
f1dc3983-5daf-40b6-8dea-a8e712cf73bb,c7cdac10-3eac-4c66-8aa0-5fbbf6d253f5,dd7376db-123c-4d31-ab1e-e828d45df29c,->,f1dc3983-5daf-40b6-8dea-a8e712cf73bb,java/util/TreeSet.java,addAll
f1dc3983-5daf-40b6-8dea-a8e712cf73bb,c7cdac10-3eac-4c66-8aa0-5fbbf6d253f5,458f856a-1f11-4200-8a32-e3ecc7c14340,->,f1dc3983-5daf-40b6-8dea-a8e712cf73bb,c7cdac10-3eac-4c66-8aa0-5fbbf6d253f5,60eea17b-df7b-4847-8163-e017156c88ae
f1dc3983-5daf-40b6-8dea-a8e712cf73bb,c7cdac10-3eac-4c66-8aa0-5fbbf6d253f5,458f856a-1f11-4200-8a32-e3ecc7c14340,->,f1dc3983-5daf-40b6-8dea-a8e712cf73bb,c7cdac10-3eac-4c66-8aa0-5fbbf6d253f5,0c4f8718-44d0-40f6-89f1-41d96c6ef004
f1dc3983-5daf-40b6-8dea-a8e712cf73bb,c7cdac10-3eac-4c66-8aa0-5fbbf6d253f5,458f856a-1f11-4200-8a32-e3ecc7c14340,->,f1dc3983-5daf-40b6-8dea-a8e712cf73bb,java/util/Map.java,get
f1dc3983-5daf-40b6-8dea-a8e712cf73bb,495a24b3-509f-446a-880a-5e23a89bf661,8a573182-6910-40e5-8f3b-b79fbb23fb5b,->,f1dc3983-5daf-40b6-8dea-a8e712cf73bb,495a24b3-509f-446a-880a-5e23a89bf661,3219cff1-550c-40cb-84f4-2be16bd84b9c
f1dc3983-5daf-40b6-8dea-a8e712cf73bb,495a24b3-509f-446a-880a-5e23a89bf661,8a573182-6910-40e5-8f3b-b79fbb23fb5b,->,f1dc3983-5daf-40b6-8dea-a8e712cf73bb,495a24b3-509f-446a-880a-5e23a89bf661,3219cff1-550c-40cb-84f4-2be16bd84b9c
f1dc3983-5daf-40b6-8dea-a8e712cf73bb,495a24b3-509f-446a-880a-5e23a89bf661,8a573182-6910-40e5-8f3b-b79fbb23fb5b,->,f1dc3983-5daf-40b6-8dea-a8e712cf73bb,java/lang/String.java,compareTo
f1dc3983-5daf-40b6-8dea-a8e712cf73bb,495a24b3-509f-446a-880a-5e23a89bf661,7f63184c-d7a4-4d53-a8a0-8dedda271aee,->,f1dc3983-5daf-40b6-8dea-a8e712cf73bb,495a24b3-509f-446a-880a-5e23a89bf661,8a573182-6910-40e5-8f3b-b79fbb23fb5b
f1dc3983-5daf-40b6-8dea-a8e712cf73bb,495a24b3-509f-446a-880a-5e23a89bf661,7fba6641-384d-44e1-9241-4b8a9f179f7e,->,f1dc3983-5daf-40b6-8dea-a8e712cf73bb,java/lang/String.java,hashCode
f1dc3983-5daf-40b6-8dea-a8e712cf73bb,495a24b3-509f-446a-880a-5e23a89bf661,76c504f6-6541-4328-9b38-ee3df69d99d3,->,f1dc3983-5daf-40b6-8dea-a8e712cf73bb,c7cdac10-3eac-4c66-8aa0-5fbbf6d253f5,714d54c7-fff0-443c-a5f4-4a0c59b7f36f
f1dc3983-5daf-40b6-8dea-a8e712cf73bb,495a24b3-509f-446a-880a-5e23a89bf661,76c504f6-6541-4328-9b38-ee3df69d99d3,->,f1dc3983-5daf-40b6-8dea-a8e712cf73bb,c7cdac10-3eac-4c66-8aa0-5fbbf6d253f5,5d5d8241-fdc3-4131-8a98-e1976ba3f5c6
f1dc3983-5daf-40b6-8dea-a8e712cf73bb,495a24b3-509f-446a-880a-5e23a89bf661,8a573182-6910-40e5-8f3b-b79fbb23fb5b,->,f1dc3983-5daf-40b6-8dea-a8e712cf73bb,495a24b3-509f-446a-880a-5e23a89bf661,8a573182-6910-40e5-8f3b-b79fbb23fb5b
f1dc3983-5daf-40b6-8dea-a8e712cf73bb,uk/co/brotherlogic/mdb/parsers/DiscogHandler.java,characters,->,f1dc3983-5daf-40b6-8dea-a8e712cf73bb,java/lang/StringBuilder.java,append
f1dc3983-5daf-40b6-8dea-a8e712cf73bb,uk/co/brotherlogic/mdb/parsers/DiscogHandler.java,characters,->,f1dc3983-5daf-40b6-8dea-a8e712cf73bb,java/lang/StringBuilder.java,append
f1dc3983-5daf-40b6-8dea-a8e712cf73bb,uk/co/brotherlogic/mdb/parsers/DiscogHandler.java,characters,->,f1dc3983-5daf-40b6-8dea-a8e712cf73bb,java/lang/StringBuilder.java,toString
f1dc3983-5daf-40b6-8dea-a8e712cf73bb,uk/co/brotherlogic/mdb/parsers/DiscogHandler.java,endElement,->,f1dc3983-5daf-40b6-8dea-a8e712cf73bb,java/lang/StringBuilder.java,append
f1dc3983-5daf-40b6-8dea-a8e712cf73bb,uk/co/brotherlogic/mdb/parsers/DiscogHandler.java,endElement,->,f1dc3983-5daf-40b6-8dea-a8e712cf73bb,java/lang/StringBuilder.java,append
f1dc3983-5daf-40b6-8dea-a8e712cf73bb,uk/co/brotherlogic/mdb/parsers/DiscogHandler.java,endElement,->,f1dc3983-5daf-40b6-8dea-a8e712cf73bb,java/lang/StringBuilder.java,toString
f1dc3983-5daf-40b6-8dea-a8e712cf73bb,uk/co/brotherlogic/mdb/parsers/DiscogHandler.java,endElement,->,f1dc3983-5daf-40b6-8dea-a8e712cf73bb,java/lang/String.java,equals
f1dc3983-5daf-40b6-8dea-a8e712cf73bb,uk/co/brotherlogic/mdb/parsers/DiscogHandler.java,endElement,->,f1dc3983-5daf-40b6-8dea-a8e712cf73bb,java/lang/String.java,equals
f1dc3983-5daf-40b6-8dea-a8e712cf73bb,uk/co/brotherlogic/mdb/parsers/DiscogHandler.java,endElement,->,f1dc3983-5daf-40b6-8dea-a8e712cf73bb,java/lang/String.java,split
f1dc3983-5daf-40b6-8dea-a8e712cf73bb,uk/co/brotherlogic/mdb/parsers/DiscogHandler.java,endElement,->,f1dc3983-5daf-40b6-8dea-a8e712cf73bb,java/lang/Integer.java,parseInt
f1dc3983-5daf-40b6-8dea-a8e712cf73bb,uk/co/brotherlogic/mdb/parsers/DiscogHandler.java,endElement,->,f1dc3983-5daf-40b6-8dea-a8e712cf73bb,java/lang/Integer.java,valueOf
f1dc3983-5daf-40b6-8dea-a8e712cf73bb,uk/co/brotherlogic/mdb/parsers/DiscogHandler.java,endElement,->,f1dc3983-5daf-40b6-8dea-a8e712cf73bb,java/util/Map.java,put
f1dc3983-5daf-40b6-8dea-a8e712cf73bb,uk/co/brotherlogic/mdb/parsers/DiscogHandler.java,getReleaseMap,->,f1dc3983-5daf-40b6-8dea-a8e712cf73bb,java/util/Map.java,keySet
f1dc3983-5daf-40b6-8dea-a8e712cf73bb,uk/co/brotherlogic/mdb/parsers/DiscogHandler.java,getReleaseMap,->,f1dc3983-5daf-40b6-8dea-a8e712cf73bb,java/util/Set.java,iterator
f1dc3983-5daf-40b6-8dea-a8e712cf73bb,uk/co/brotherlogic/mdb/parsers/DiscogHandler.java,getReleaseMap,->,f1dc3983-5daf-40b6-8dea-a8e712cf73bb,java/util/Iterator.java,hasNext
f1dc3983-5daf-40b6-8dea-a8e712cf73bb,uk/co/brotherlogic/mdb/parsers/DiscogHandler.java,getReleaseMap,->,f1dc3983-5daf-40b6-8dea-a8e712cf73bb,java/util/Iterator.java,next
f1dc3983-5daf-40b6-8dea-a8e712cf73bb,uk/co/brotherlogic/mdb/parsers/DiscogHandler.java,getReleaseMap,->,f1dc3983-5daf-40b6-8dea-a8e712cf73bb,java/lang/String.java,contains
f1dc3983-5daf-40b6-8dea-a8e712cf73bb,uk/co/brotherlogic/mdb/parsers/DiscogHandler.java,getReleaseMap,->,f1dc3983-5daf-40b6-8dea-a8e712cf73bb,java/util/List.java,add
f1dc3983-5daf-40b6-8dea-a8e712cf73bb,uk/co/brotherlogic/mdb/parsers/DiscogHandler.java,getReleaseMap,->,f1dc3983-5daf-40b6-8dea-a8e712cf73bb,java/util/List.java,iterator
f1dc3983-5daf-40b6-8dea-a8e712cf73bb,uk/co/brotherlogic/mdb/parsers/DiscogHandler.java,getReleaseMap,->,f1dc3983-5daf-40b6-8dea-a8e712cf73bb,java/util/Iterator.java,hasNext
f1dc3983-5daf-40b6-8dea-a8e712cf73bb,uk/co/brotherlogic/mdb/parsers/DiscogHandler.java,getReleaseMap,->,f1dc3983-5daf-40b6-8dea-a8e712cf73bb,java/util/Iterator.java,next
f1dc3983-5daf-40b6-8dea-a8e712cf73bb,uk/co/brotherlogic/mdb/parsers/DiscogHandler.java,getReleaseMap,->,f1dc3983-5daf-40b6-8dea-a8e712cf73bb,java/util/Map.java,remove
f1dc3983-5daf-40b6-8dea-a8e712cf73bb,5dc8f63a-d8df-47a6-9231-b039f5da5158,101bba47-e3e2-4253-97e5-1a0456e22cd0,->,f1dc3983-5daf-40b6-8dea-a8e712cf73bb,5dc8f63a-d8df-47a6-9231-b039f5da5158,87a07274-d969-4211-af88-81fad419957e
f1dc3983-5daf-40b6-8dea-a8e712cf73bb,5dc8f63a-d8df-47a6-9231-b039f5da5158,101bba47-e3e2-4253-97e5-1a0456e22cd0,->,f1dc3983-5daf-40b6-8dea-a8e712cf73bb,46ea8bdb-6073-4428-9248-da3e9e211ea4,b10cd8c8-1102-44e0-8f60-d2114b8ce88a
f1dc3983-5daf-40b6-8dea-a8e712cf73bb,5dc8f63a-d8df-47a6-9231-b039f5da5158,101bba47-e3e2-4253-97e5-1a0456e22cd0,->,f1dc3983-5daf-40b6-8dea-a8e712cf73bb,java/util/Collection.java,size
f1dc3983-5daf-40b6-8dea-a8e712cf73bb,5dc8f63a-d8df-47a6-9231-b039f5da5158,101bba47-e3e2-4253-97e5-1a0456e22cd0,->,f1dc3983-5daf-40b6-8dea-a8e712cf73bb,java/io/PrintStream.java,println
f1dc3983-5daf-40b6-8dea-a8e712cf73bb,5dc8f63a-d8df-47a6-9231-b039f5da5158,101bba47-e3e2-4253-97e5-1a0456e22cd0,->,f1dc3983-5daf-40b6-8dea-a8e712cf73bb,46ea8bdb-6073-4428-9248-da3e9e211ea4,b10cd8c8-1102-44e0-8f60-d2114b8ce88a
f1dc3983-5daf-40b6-8dea-a8e712cf73bb,5dc8f63a-d8df-47a6-9231-b039f5da5158,101bba47-e3e2-4253-97e5-1a0456e22cd0,->,f1dc3983-5daf-40b6-8dea-a8e712cf73bb,java/util/Collection.java,iterator
f1dc3983-5daf-40b6-8dea-a8e712cf73bb,5dc8f63a-d8df-47a6-9231-b039f5da5158,101bba47-e3e2-4253-97e5-1a0456e22cd0,->,f1dc3983-5daf-40b6-8dea-a8e712cf73bb,java/util/Iterator.java,hasNext
f1dc3983-5daf-40b6-8dea-a8e712cf73bb,5dc8f63a-d8df-47a6-9231-b039f5da5158,101bba47-e3e2-4253-97e5-1a0456e22cd0,->,f1dc3983-5daf-40b6-8dea-a8e712cf73bb,java/util/Iterator.java,next
f1dc3983-5daf-40b6-8dea-a8e712cf73bb,5dc8f63a-d8df-47a6-9231-b039f5da5158,101bba47-e3e2-4253-97e5-1a0456e22cd0,->,f1dc3983-5daf-40b6-8dea-a8e712cf73bb,2e5ebc02-f3d0-423a-95be-92767c90aca1,9fbcd0b4-e68c-4613-8a36-c540706b9d72
f1dc3983-5daf-40b6-8dea-a8e712cf73bb,5dc8f63a-d8df-47a6-9231-b039f5da5158,101bba47-e3e2-4253-97e5-1a0456e22cd0,->,f1dc3983-5daf-40b6-8dea-a8e712cf73bb,java/lang/StringBuilder.java,append
f1dc3983-5daf-40b6-8dea-a8e712cf73bb,5dc8f63a-d8df-47a6-9231-b039f5da5158,101bba47-e3e2-4253-97e5-1a0456e22cd0,->,f1dc3983-5daf-40b6-8dea-a8e712cf73bb,java/lang/StringBuilder.java,append
f1dc3983-5daf-40b6-8dea-a8e712cf73bb,5dc8f63a-d8df-47a6-9231-b039f5da5158,101bba47-e3e2-4253-97e5-1a0456e22cd0,->,f1dc3983-5daf-40b6-8dea-a8e712cf73bb,2e5ebc02-f3d0-423a-95be-92767c90aca1,d9101dae-b588-4be7-ac20-55d0c28ebeaa
f1dc3983-5daf-40b6-8dea-a8e712cf73bb,5dc8f63a-d8df-47a6-9231-b039f5da5158,101bba47-e3e2-4253-97e5-1a0456e22cd0,->,f1dc3983-5daf-40b6-8dea-a8e712cf73bb,java/lang/StringBuilder.java,append
f1dc3983-5daf-40b6-8dea-a8e712cf73bb,5dc8f63a-d8df-47a6-9231-b039f5da5158,101bba47-e3e2-4253-97e5-1a0456e22cd0,->,f1dc3983-5daf-40b6-8dea-a8e712cf73bb,java/lang/StringBuilder.java,toString
f1dc3983-5daf-40b6-8dea-a8e712cf73bb,5dc8f63a-d8df-47a6-9231-b039f5da5158,101bba47-e3e2-4253-97e5-1a0456e22cd0,->,f1dc3983-5daf-40b6-8dea-a8e712cf73bb,java/io/PrintStream.java,println
f1dc3983-5daf-40b6-8dea-a8e712cf73bb,5dc8f63a-d8df-47a6-9231-b039f5da5158,87a07274-d969-4211-af88-81fad419957e,->,f1dc3983-5daf-40b6-8dea-a8e712cf73bb,java/lang/StringBuilder.java,append
f1dc3983-5daf-40b6-8dea-a8e712cf73bb,5dc8f63a-d8df-47a6-9231-b039f5da5158,87a07274-d969-4211-af88-81fad419957e,->,f1dc3983-5daf-40b6-8dea-a8e712cf73bb,java/lang/StringBuilder.java,append
f1dc3983-5daf-40b6-8dea-a8e712cf73bb,5dc8f63a-d8df-47a6-9231-b039f5da5158,87a07274-d969-4211-af88-81fad419957e,->,f1dc3983-5daf-40b6-8dea-a8e712cf73bb,java/lang/StringBuilder.java,toString
f1dc3983-5daf-40b6-8dea-a8e712cf73bb,5dc8f63a-d8df-47a6-9231-b039f5da5158,87a07274-d969-4211-af88-81fad419957e,->,f1dc3983-5daf-40b6-8dea-a8e712cf73bb,java/lang/String.java,replace
f1dc3983-5daf-40b6-8dea-a8e712cf73bb,5dc8f63a-d8df-47a6-9231-b039f5da5158,87a07274-d969-4211-af88-81fad419957e,->,f1dc3983-5daf-40b6-8dea-a8e712cf73bb,java/net/URL.java,openConnection
f1dc3983-5daf-40b6-8dea-a8e712cf73bb,5dc8f63a-d8df-47a6-9231-b039f5da5158,87a07274-d969-4211-af88-81fad419957e,->,f1dc3983-5daf-40b6-8dea-a8e712cf73bb,java/net/HttpURLConnection.java,addRequestProperty
f1dc3983-5daf-40b6-8dea-a8e712cf73bb,5dc8f63a-d8df-47a6-9231-b039f5da5158,87a07274-d969-4211-af88-81fad419957e,->,f1dc3983-5daf-40b6-8dea-a8e712cf73bb,java/net/HttpURLConnection.java,addRequestProperty
f1dc3983-5daf-40b6-8dea-a8e712cf73bb,5dc8f63a-d8df-47a6-9231-b039f5da5158,87a07274-d969-4211-af88-81fad419957e,->,f1dc3983-5daf-40b6-8dea-a8e712cf73bb,javax/xml/parsers/SAXParserFactory.java,newInstance
f1dc3983-5daf-40b6-8dea-a8e712cf73bb,5dc8f63a-d8df-47a6-9231-b039f5da5158,87a07274-d969-4211-af88-81fad419957e,->,f1dc3983-5daf-40b6-8dea-a8e712cf73bb,javax/xml/parsers/SAXParserFactory.java,newSAXParser
f1dc3983-5daf-40b6-8dea-a8e712cf73bb,5dc8f63a-d8df-47a6-9231-b039f5da5158,87a07274-d969-4211-af88-81fad419957e,->,f1dc3983-5daf-40b6-8dea-a8e712cf73bb,java/net/HttpURLConnection.java,getInputStream
f1dc3983-5daf-40b6-8dea-a8e712cf73bb,5dc8f63a-d8df-47a6-9231-b039f5da5158,87a07274-d969-4211-af88-81fad419957e,->,f1dc3983-5daf-40b6-8dea-a8e712cf73bb,javax/xml/parsers/SAXParser.java,parse
f1dc3983-5daf-40b6-8dea-a8e712cf73bb,5dc8f63a-d8df-47a6-9231-b039f5da5158,87a07274-d969-4211-af88-81fad419957e,->,f1dc3983-5daf-40b6-8dea-a8e712cf73bb,uk/co/brotherlogic/mdb/parsers/DiscogXMLParser.java,getRecord
f1dc3983-5daf-40b6-8dea-a8e712cf73bb,5dc8f63a-d8df-47a6-9231-b039f5da5158,87a07274-d969-4211-af88-81fad419957e,->,f1dc3983-5daf-40b6-8dea-a8e712cf73bb,java/io/IOException.java,getMessage
f1dc3983-5daf-40b6-8dea-a8e712cf73bb,5dc8f63a-d8df-47a6-9231-b039f5da5158,87a07274-d969-4211-af88-81fad419957e,->,f1dc3983-5daf-40b6-8dea-a8e712cf73bb,java/lang/String.java,contains
f1dc3983-5daf-40b6-8dea-a8e712cf73bb,5dc8f63a-d8df-47a6-9231-b039f5da5158,87a07274-d969-4211-af88-81fad419957e,->,f1dc3983-5daf-40b6-8dea-a8e712cf73bb,java/io/PrintStream.java,println
f1dc3983-5daf-40b6-8dea-a8e712cf73bb,5dc8f63a-d8df-47a6-9231-b039f5da5158,87a07274-d969-4211-af88-81fad419957e,->,f1dc3983-5daf-40b6-8dea-a8e712cf73bb,java/net/URL.java,openConnection
f1dc3983-5daf-40b6-8dea-a8e712cf73bb,5dc8f63a-d8df-47a6-9231-b039f5da5158,87a07274-d969-4211-af88-81fad419957e,->,f1dc3983-5daf-40b6-8dea-a8e712cf73bb,java/net/HttpURLConnection.java,addRequestProperty
f1dc3983-5daf-40b6-8dea-a8e712cf73bb,5dc8f63a-d8df-47a6-9231-b039f5da5158,87a07274-d969-4211-af88-81fad419957e,->,f1dc3983-5daf-40b6-8dea-a8e712cf73bb,java/net/HttpURLConnection.java,addRequestProperty
f1dc3983-5daf-40b6-8dea-a8e712cf73bb,5dc8f63a-d8df-47a6-9231-b039f5da5158,87a07274-d969-4211-af88-81fad419957e,->,f1dc3983-5daf-40b6-8dea-a8e712cf73bb,javax/xml/parsers/SAXParserFactory.java,newInstance
f1dc3983-5daf-40b6-8dea-a8e712cf73bb,5dc8f63a-d8df-47a6-9231-b039f5da5158,87a07274-d969-4211-af88-81fad419957e,->,f1dc3983-5daf-40b6-8dea-a8e712cf73bb,javax/xml/parsers/SAXParserFactory.java,newSAXParser
f1dc3983-5daf-40b6-8dea-a8e712cf73bb,5dc8f63a-d8df-47a6-9231-b039f5da5158,87a07274-d969-4211-af88-81fad419957e,->,f1dc3983-5daf-40b6-8dea-a8e712cf73bb,java/net/HttpURLConnection.java,getInputStream
f1dc3983-5daf-40b6-8dea-a8e712cf73bb,5dc8f63a-d8df-47a6-9231-b039f5da5158,87a07274-d969-4211-af88-81fad419957e,->,f1dc3983-5daf-40b6-8dea-a8e712cf73bb,javax/xml/parsers/SAXParser.java,parse
f1dc3983-5daf-40b6-8dea-a8e712cf73bb,5dc8f63a-d8df-47a6-9231-b039f5da5158,87a07274-d969-4211-af88-81fad419957e,->,f1dc3983-5daf-40b6-8dea-a8e712cf73bb,uk/co/brotherlogic/mdb/parsers/DiscogXMLParser.java,getRecord
f1dc3983-5daf-40b6-8dea-a8e712cf73bb,5dc8f63a-d8df-47a6-9231-b039f5da5158,87a07274-d969-4211-af88-81fad419957e,->,f1dc3983-5daf-40b6-8dea-a8e712cf73bb,46ea8bdb-6073-4428-9248-da3e9e211ea4,530d3865-c0c6-4ad3-b88c-2a63ab68c911
f1dc3983-5daf-40b6-8dea-a8e712cf73bb,uk/co/brotherlogic/mdb/parsers/DiscogXMLParser.java,characters,->,f1dc3983-5daf-40b6-8dea-a8e712cf73bb,java/lang/StringBuilder.java,append
f1dc3983-5daf-40b6-8dea-a8e712cf73bb,uk/co/brotherlogic/mdb/parsers/DiscogXMLParser.java,characters,->,f1dc3983-5daf-40b6-8dea-a8e712cf73bb,java/lang/StringBuilder.java,append
f1dc3983-5daf-40b6-8dea-a8e712cf73bb,uk/co/brotherlogic/mdb/parsers/DiscogXMLParser.java,characters,->,f1dc3983-5daf-40b6-8dea-a8e712cf73bb,java/lang/StringBuilder.java,toString
f1dc3983-5daf-40b6-8dea-a8e712cf73bb,uk/co/brotherlogic/mdb/parsers/DiscogXMLParser.java,endElement,->,f1dc3983-5daf-40b6-8dea-a8e712cf73bb,java/lang/StringBuilder.java,append
f1dc3983-5daf-40b6-8dea-a8e712cf73bb,uk/co/brotherlogic/mdb/parsers/DiscogXMLParser.java,endElement,->,f1dc3983-5daf-40b6-8dea-a8e712cf73bb,java/lang/StringBuilder.java,append
f1dc3983-5daf-40b6-8dea-a8e712cf73bb,uk/co/brotherlogic/mdb/parsers/DiscogXMLParser.java,endElement,->,f1dc3983-5daf-40b6-8dea-a8e712cf73bb,java/lang/StringBuilder.java,toString
f1dc3983-5daf-40b6-8dea-a8e712cf73bb,uk/co/brotherlogic/mdb/parsers/DiscogXMLParser.java,endElement,->,f1dc3983-5daf-40b6-8dea-a8e712cf73bb,java/lang/String.java,equals
f1dc3983-5daf-40b6-8dea-a8e712cf73bb,uk/co/brotherlogic/mdb/parsers/DiscogXMLParser.java,endElement,->,f1dc3983-5daf-40b6-8dea-a8e712cf73bb,java/lang/String.java,equals
f1dc3983-5daf-40b6-8dea-a8e712cf73bb,uk/co/brotherlogic/mdb/parsers/DiscogXMLParser.java,endElement,->,f1dc3983-5daf-40b6-8dea-a8e712cf73bb,java/lang/String.java,equals
f1dc3983-5daf-40b6-8dea-a8e712cf73bb,uk/co/brotherlogic/mdb/parsers/DiscogXMLParser.java,endElement,->,f1dc3983-5daf-40b6-8dea-a8e712cf73bb,java/lang/String.java,equals
f1dc3983-5daf-40b6-8dea-a8e712cf73bb,uk/co/brotherlogic/mdb/parsers/DiscogXMLParser.java,endElement,->,f1dc3983-5daf-40b6-8dea-a8e712cf73bb,java/lang/String.java,equals
f1dc3983-5daf-40b6-8dea-a8e712cf73bb,uk/co/brotherlogic/mdb/parsers/DiscogXMLParser.java,endElement,->,f1dc3983-5daf-40b6-8dea-a8e712cf73bb,dc153d7f-3534-4a67-8710-d7f60b14f568,dc5bac52-4aa7-4294-b9b9-a13a2f4a1d58
f1dc3983-5daf-40b6-8dea-a8e712cf73bb,uk/co/brotherlogic/mdb/parsers/DiscogXMLParser.java,endElement,->,f1dc3983-5daf-40b6-8dea-a8e712cf73bb,dc153d7f-3534-4a67-8710-d7f60b14f568,"6b7e8dc4-5dc7-4a81-a1ce-b3984bcfab9c,4acde63b-de54-49d6-8a44-e21018882fc3"
f1dc3983-5daf-40b6-8dea-a8e712cf73bb,uk/co/brotherlogic/mdb/parsers/DiscogXMLParser.java,endElement,->,f1dc3983-5daf-40b6-8dea-a8e712cf73bb,46ea8bdb-6073-4428-9248-da3e9e211ea4,"65523ea8-674d-4a7c-b591-441b58b393e2,81994144-8fcb-4ad4-b1bd-3b23831aeafe"
f1dc3983-5daf-40b6-8dea-a8e712cf73bb,uk/co/brotherlogic/mdb/parsers/DiscogXMLParser.java,endElement,->,f1dc3983-5daf-40b6-8dea-a8e712cf73bb,java/lang/String.java,equals
f1dc3983-5daf-40b6-8dea-a8e712cf73bb,uk/co/brotherlogic/mdb/parsers/DiscogXMLParser.java,endElement,->,f1dc3983-5daf-40b6-8dea-a8e712cf73bb,java/lang/String.java,trim
f1dc3983-5daf-40b6-8dea-a8e712cf73bb,uk/co/brotherlogic/mdb/parsers/DiscogXMLParser.java,endElement,->,f1dc3983-5daf-40b6-8dea-a8e712cf73bb,java/lang/String.java,endsWith
f1dc3983-5daf-40b6-8dea-a8e712cf73bb,uk/co/brotherlogic/mdb/parsers/DiscogXMLParser.java,endElement,->,f1dc3983-5daf-40b6-8dea-a8e712cf73bb,java/lang/String.java,lastIndexOf
f1dc3983-5daf-40b6-8dea-a8e712cf73bb,uk/co/brotherlogic/mdb/parsers/DiscogXMLParser.java,endElement,->,f1dc3983-5daf-40b6-8dea-a8e712cf73bb,java/lang/String.java,substring
f1dc3983-5daf-40b6-8dea-a8e712cf73bb,uk/co/brotherlogic/mdb/parsers/DiscogXMLParser.java,endElement,->,f1dc3983-5daf-40b6-8dea-a8e712cf73bb,58b6f058-eb41-4728-9329-3c253af52eb6,5b56014e-5e46-4583-a30d-c7ed84ceb455
f1dc3983-5daf-40b6-8dea-a8e712cf73bb,uk/co/brotherlogic/mdb/parsers/DiscogXMLParser.java,endElement,->,f1dc3983-5daf-40b6-8dea-a8e712cf73bb,58b6f058-eb41-4728-9329-3c253af52eb6,4bfe96f7-22ea-4b1b-9f43-38f19cebf389
f1dc3983-5daf-40b6-8dea-a8e712cf73bb,uk/co/brotherlogic/mdb/parsers/DiscogXMLParser.java,endElement,->,f1dc3983-5daf-40b6-8dea-a8e712cf73bb,f206751d-d458-4b7a-a4a8-72d4bc1e8a8c,acc54cbe-4183-474f-8494-9291b3a508e8
f1dc3983-5daf-40b6-8dea-a8e712cf73bb,uk/co/brotherlogic/mdb/parsers/DiscogXMLParser.java,endElement,->,f1dc3983-5daf-40b6-8dea-a8e712cf73bb,f206751d-d458-4b7a-a4a8-72d4bc1e8a8c,acc54cbe-4183-474f-8494-9291b3a508e8
f1dc3983-5daf-40b6-8dea-a8e712cf73bb,uk/co/brotherlogic/mdb/parsers/DiscogXMLParser.java,endElement,->,f1dc3983-5daf-40b6-8dea-a8e712cf73bb,java/util/Collection.java,size
f1dc3983-5daf-40b6-8dea-a8e712cf73bb,uk/co/brotherlogic/mdb/parsers/DiscogXMLParser.java,endElement,->,f1dc3983-5daf-40b6-8dea-a8e712cf73bb,dcfb92ea-1a1c-400e-b05a-3685c4f1cd00,c4d7b40b-c986-4a57-9b84-2bdf07190901
f1dc3983-5daf-40b6-8dea-a8e712cf73bb,uk/co/brotherlogic/mdb/parsers/DiscogXMLParser.java,endElement,->,f1dc3983-5daf-40b6-8dea-a8e712cf73bb,dcfb92ea-1a1c-400e-b05a-3685c4f1cd00,552ea341-e2ee-4dce-9761-ed5bd85c36e1
f1dc3983-5daf-40b6-8dea-a8e712cf73bb,uk/co/brotherlogic/mdb/parsers/DiscogXMLParser.java,endElement,->,f1dc3983-5daf-40b6-8dea-a8e712cf73bb,7111fdad-32ae-44ce-aecb-8a1afef85fc1,a66609bb-5bb4-4d32-8852-aeba9c835db3
f1dc3983-5daf-40b6-8dea-a8e712cf73bb,uk/co/brotherlogic/mdb/parsers/DiscogXMLParser.java,endElement,->,f1dc3983-5daf-40b6-8dea-a8e712cf73bb,f206751d-d458-4b7a-a4a8-72d4bc1e8a8c,acc54cbe-4183-474f-8494-9291b3a508e8
f1dc3983-5daf-40b6-8dea-a8e712cf73bb,uk/co/brotherlogic/mdb/parsers/DiscogXMLParser.java,endElement,->,f1dc3983-5daf-40b6-8dea-a8e712cf73bb,java/util/Collection.java,iterator
f1dc3983-5daf-40b6-8dea-a8e712cf73bb,uk/co/brotherlogic/mdb/parsers/DiscogXMLParser.java,endElement,->,f1dc3983-5daf-40b6-8dea-a8e712cf73bb,java/util/Iterator.java,next
f1dc3983-5daf-40b6-8dea-a8e712cf73bb,uk/co/brotherlogic/mdb/parsers/DiscogXMLParser.java,endElement,->,f1dc3983-5daf-40b6-8dea-a8e712cf73bb,java/util/List.java,add
f1dc3983-5daf-40b6-8dea-a8e712cf73bb,uk/co/brotherlogic/mdb/parsers/DiscogXMLParser.java,endElement,->,f1dc3983-5daf-40b6-8dea-a8e712cf73bb,java/lang/String.java,equals
f1dc3983-5daf-40b6-8dea-a8e712cf73bb,uk/co/brotherlogic/mdb/parsers/DiscogXMLParser.java,endElement,->,f1dc3983-5daf-40b6-8dea-a8e712cf73bb,46ea8bdb-6073-4428-9248-da3e9e211ea4,6f58e015-f448-43e7-b239-45c313accc3f
f1dc3983-5daf-40b6-8dea-a8e712cf73bb,uk/co/brotherlogic/mdb/parsers/DiscogXMLParser.java,endElement,->,f1dc3983-5daf-40b6-8dea-a8e712cf73bb,java/lang/String.java,equals
f1dc3983-5daf-40b6-8dea-a8e712cf73bb,uk/co/brotherlogic/mdb/parsers/DiscogXMLParser.java,endElement,->,f1dc3983-5daf-40b6-8dea-a8e712cf73bb,java/lang/String.java,equals
f1dc3983-5daf-40b6-8dea-a8e712cf73bb,uk/co/brotherlogic/mdb/parsers/DiscogXMLParser.java,endElement,->,f1dc3983-5daf-40b6-8dea-a8e712cf73bb,46ea8bdb-6073-4428-9248-da3e9e211ea4,005ada01-4732-4964-a154-e045159482f1
f1dc3983-5daf-40b6-8dea-a8e712cf73bb,uk/co/brotherlogic/mdb/parsers/DiscogXMLParser.java,endElement,->,f1dc3983-5daf-40b6-8dea-a8e712cf73bb,java/lang/String.java,equals
f1dc3983-5daf-40b6-8dea-a8e712cf73bb,uk/co/brotherlogic/mdb/parsers/DiscogXMLParser.java,endElement,->,f1dc3983-5daf-40b6-8dea-a8e712cf73bb,java/lang/String.java,contains
f1dc3983-5daf-40b6-8dea-a8e712cf73bb,uk/co/brotherlogic/mdb/parsers/DiscogXMLParser.java,endElement,->,f1dc3983-5daf-40b6-8dea-a8e712cf73bb,java/lang/String.java,split
f1dc3983-5daf-40b6-8dea-a8e712cf73bb,uk/co/brotherlogic/mdb/parsers/DiscogXMLParser.java,endElement,->,f1dc3983-5daf-40b6-8dea-a8e712cf73bb,java/lang/Integer.java,parseInt
f1dc3983-5daf-40b6-8dea-a8e712cf73bb,uk/co/brotherlogic/mdb/parsers/DiscogXMLParser.java,endElement,->,f1dc3983-5daf-40b6-8dea-a8e712cf73bb,46ea8bdb-6073-4428-9248-da3e9e211ea4,f3566917-81dc-4c55-830e-92527b3bb039
f1dc3983-5daf-40b6-8dea-a8e712cf73bb,uk/co/brotherlogic/mdb/parsers/DiscogXMLParser.java,endElement,->,f1dc3983-5daf-40b6-8dea-a8e712cf73bb,java/lang/Integer.java,parseInt
f1dc3983-5daf-40b6-8dea-a8e712cf73bb,uk/co/brotherlogic/mdb/parsers/DiscogXMLParser.java,endElement,->,f1dc3983-5daf-40b6-8dea-a8e712cf73bb,46ea8bdb-6073-4428-9248-da3e9e211ea4,ab0ad166-68b0-486e-88c7-18a9fe878e86
f1dc3983-5daf-40b6-8dea-a8e712cf73bb,uk/co/brotherlogic/mdb/parsers/DiscogXMLParser.java,endElement,->,f1dc3983-5daf-40b6-8dea-a8e712cf73bb,java/lang/Integer.java,parseInt
f1dc3983-5daf-40b6-8dea-a8e712cf73bb,uk/co/brotherlogic/mdb/parsers/DiscogXMLParser.java,endElement,->,f1dc3983-5daf-40b6-8dea-a8e712cf73bb,46ea8bdb-6073-4428-9248-da3e9e211ea4,f3566917-81dc-4c55-830e-92527b3bb039
f1dc3983-5daf-40b6-8dea-a8e712cf73bb,uk/co/brotherlogic/mdb/parsers/DiscogXMLParser.java,endElement,->,f1dc3983-5daf-40b6-8dea-a8e712cf73bb,java/lang/String.java,equals
f1dc3983-5daf-40b6-8dea-a8e712cf73bb,uk/co/brotherlogic/mdb/parsers/DiscogXMLParser.java,endElement,->,f1dc3983-5daf-40b6-8dea-a8e712cf73bb,c7cdac10-3eac-4c66-8aa0-5fbbf6d253f5,714d54c7-fff0-443c-a5f4-4a0c59b7f36f
f1dc3983-5daf-40b6-8dea-a8e712cf73bb,uk/co/brotherlogic/mdb/parsers/DiscogXMLParser.java,endElement,->,f1dc3983-5daf-40b6-8dea-a8e712cf73bb,c7cdac10-3eac-4c66-8aa0-5fbbf6d253f5,458f856a-1f11-4200-8a32-e3ecc7c14340
f1dc3983-5daf-40b6-8dea-a8e712cf73bb,uk/co/brotherlogic/mdb/parsers/DiscogXMLParser.java,endElement,->,f1dc3983-5daf-40b6-8dea-a8e712cf73bb,java/lang/String.java,equals
f1dc3983-5daf-40b6-8dea-a8e712cf73bb,uk/co/brotherlogic/mdb/parsers/DiscogXMLParser.java,endElement,->,f1dc3983-5daf-40b6-8dea-a8e712cf73bb,c7cdac10-3eac-4c66-8aa0-5fbbf6d253f5,714d54c7-fff0-443c-a5f4-4a0c59b7f36f
f1dc3983-5daf-40b6-8dea-a8e712cf73bb,uk/co/brotherlogic/mdb/parsers/DiscogXMLParser.java,endElement,->,f1dc3983-5daf-40b6-8dea-a8e712cf73bb,c7cdac10-3eac-4c66-8aa0-5fbbf6d253f5,458f856a-1f11-4200-8a32-e3ecc7c14340
f1dc3983-5daf-40b6-8dea-a8e712cf73bb,uk/co/brotherlogic/mdb/parsers/DiscogXMLParser.java,endElement,->,f1dc3983-5daf-40b6-8dea-a8e712cf73bb,46ea8bdb-6073-4428-9248-da3e9e211ea4,e9b86211-4a60-41dc-9404-e69ae43c1bc9
f1dc3983-5daf-40b6-8dea-a8e712cf73bb,uk/co/brotherlogic/mdb/parsers/DiscogXMLParser.java,endElement,->,f1dc3983-5daf-40b6-8dea-a8e712cf73bb,java/lang/String.java,equals
f1dc3983-5daf-40b6-8dea-a8e712cf73bb,uk/co/brotherlogic/mdb/parsers/DiscogXMLParser.java,endElement,->,f1dc3983-5daf-40b6-8dea-a8e712cf73bb,java/lang/String.java,length
f1dc3983-5daf-40b6-8dea-a8e712cf73bb,uk/co/brotherlogic/mdb/parsers/DiscogXMLParser.java,endElement,->,f1dc3983-5daf-40b6-8dea-a8e712cf73bb,java/lang/String.java,charAt
f1dc3983-5daf-40b6-8dea-a8e712cf73bb,uk/co/brotherlogic/mdb/parsers/DiscogXMLParser.java,endElement,->,f1dc3983-5daf-40b6-8dea-a8e712cf73bb,java/lang/Character.java,isLetter
f1dc3983-5daf-40b6-8dea-a8e712cf73bb,uk/co/brotherlogic/mdb/parsers/DiscogXMLParser.java,endElement,->,f1dc3983-5daf-40b6-8dea-a8e712cf73bb,java/lang/String.java,trim
f1dc3983-5daf-40b6-8dea-a8e712cf73bb,uk/co/brotherlogic/mdb/parsers/DiscogXMLParser.java,endElement,->,f1dc3983-5daf-40b6-8dea-a8e712cf73bb,java/lang/String.java,length
f1dc3983-5daf-40b6-8dea-a8e712cf73bb,uk/co/brotherlogic/mdb/parsers/DiscogXMLParser.java,endElement,->,f1dc3983-5daf-40b6-8dea-a8e712cf73bb,java/lang/StringBuilder.java,append
f1dc3983-5daf-40b6-8dea-a8e712cf73bb,uk/co/brotherlogic/mdb/parsers/DiscogXMLParser.java,endElement,->,f1dc3983-5daf-40b6-8dea-a8e712cf73bb,java/lang/StringBuilder.java,append
f1dc3983-5daf-40b6-8dea-a8e712cf73bb,uk/co/brotherlogic/mdb/parsers/DiscogXMLParser.java,endElement,->,f1dc3983-5daf-40b6-8dea-a8e712cf73bb,java/lang/StringBuilder.java,toString
f1dc3983-5daf-40b6-8dea-a8e712cf73bb,uk/co/brotherlogic/mdb/parsers/DiscogXMLParser.java,endElement,->,f1dc3983-5daf-40b6-8dea-a8e712cf73bb,java/lang/String.java,charAt
f1dc3983-5daf-40b6-8dea-a8e712cf73bb,uk/co/brotherlogic/mdb/parsers/DiscogXMLParser.java,endElement,->,f1dc3983-5daf-40b6-8dea-a8e712cf73bb,java/lang/StringBuilder.java,append
f1dc3983-5daf-40b6-8dea-a8e712cf73bb,uk/co/brotherlogic/mdb/parsers/DiscogXMLParser.java,endElement,->,f1dc3983-5daf-40b6-8dea-a8e712cf73bb,java/lang/StringBuilder.java,append
f1dc3983-5daf-40b6-8dea-a8e712cf73bb,uk/co/brotherlogic/mdb/parsers/DiscogXMLParser.java,endElement,->,f1dc3983-5daf-40b6-8dea-a8e712cf73bb,java/lang/String.java,substring
f1dc3983-5daf-40b6-8dea-a8e712cf73bb,uk/co/brotherlogic/mdb/parsers/DiscogXMLParser.java,endElement,->,f1dc3983-5daf-40b6-8dea-a8e712cf73bb,java/lang/StringBuilder.java,append
f1dc3983-5daf-40b6-8dea-a8e712cf73bb,uk/co/brotherlogic/mdb/parsers/DiscogXMLParser.java,endElement,->,f1dc3983-5daf-40b6-8dea-a8e712cf73bb,java/lang/StringBuilder.java,toString
f1dc3983-5daf-40b6-8dea-a8e712cf73bb,uk/co/brotherlogic/mdb/parsers/DiscogXMLParser.java,endElement,->,f1dc3983-5daf-40b6-8dea-a8e712cf73bb,java/lang/String.java,length
f1dc3983-5daf-40b6-8dea-a8e712cf73bb,uk/co/brotherlogic/mdb/parsers/DiscogXMLParser.java,endElement,->,f1dc3983-5daf-40b6-8dea-a8e712cf73bb,java/lang/String.java,contains
f1dc3983-5daf-40b6-8dea-a8e712cf73bb,uk/co/brotherlogic/mdb/parsers/DiscogXMLParser.java,endElement,->,f1dc3983-5daf-40b6-8dea-a8e712cf73bb,java/lang/String.java,split
f1dc3983-5daf-40b6-8dea-a8e712cf73bb,uk/co/brotherlogic/mdb/parsers/DiscogXMLParser.java,endElement,->,f1dc3983-5daf-40b6-8dea-a8e712cf73bb,java/lang/Integer.java,parseInt
f1dc3983-5daf-40b6-8dea-a8e712cf73bb,uk/co/brotherlogic/mdb/parsers/DiscogXMLParser.java,endElement,->,f1dc3983-5daf-40b6-8dea-a8e712cf73bb,java/lang/String.java,equals
f1dc3983-5daf-40b6-8dea-a8e712cf73bb,uk/co/brotherlogic/mdb/parsers/DiscogXMLParser.java,endElement,->,f1dc3983-5daf-40b6-8dea-a8e712cf73bb,java/lang/Integer.java,parseInt
f1dc3983-5daf-40b6-8dea-a8e712cf73bb,uk/co/brotherlogic/mdb/parsers/DiscogXMLParser.java,endElement,->,f1dc3983-5daf-40b6-8dea-a8e712cf73bb,java/lang/Integer.java,valueOf
f1dc3983-5daf-40b6-8dea-a8e712cf73bb,uk/co/brotherlogic/mdb/parsers/DiscogXMLParser.java,endElement,->,f1dc3983-5daf-40b6-8dea-a8e712cf73bb,java/util/Map.java,get
f1dc3983-5daf-40b6-8dea-a8e712cf73bb,uk/co/brotherlogic/mdb/parsers/DiscogXMLParser.java,endElement,->,f1dc3983-5daf-40b6-8dea-a8e712cf73bb,java/lang/Integer.java,intValue
f1dc3983-5daf-40b6-8dea-a8e712cf73bb,uk/co/brotherlogic/mdb/parsers/DiscogXMLParser.java,endElement,->,f1dc3983-5daf-40b6-8dea-a8e712cf73bb,java/lang/Integer.java,valueOf
f1dc3983-5daf-40b6-8dea-a8e712cf73bb,uk/co/brotherlogic/mdb/parsers/DiscogXMLParser.java,endElement,->,f1dc3983-5daf-40b6-8dea-a8e712cf73bb,java/util/Map.java,containsKey
f1dc3983-5daf-40b6-8dea-a8e712cf73bb,uk/co/brotherlogic/mdb/parsers/DiscogXMLParser.java,endElement,->,f1dc3983-5daf-40b6-8dea-a8e712cf73bb,java/lang/Integer.java,valueOf
f1dc3983-5daf-40b6-8dea-a8e712cf73bb,uk/co/brotherlogic/mdb/parsers/DiscogXMLParser.java,endElement,->,f1dc3983-5daf-40b6-8dea-a8e712cf73bb,java/util/Map.java,get
f1dc3983-5daf-40b6-8dea-a8e712cf73bb,uk/co/brotherlogic/mdb/parsers/DiscogXMLParser.java,endElement,->,f1dc3983-5daf-40b6-8dea-a8e712cf73bb,java/lang/Integer.java,intValue
f1dc3983-5daf-40b6-8dea-a8e712cf73bb,uk/co/brotherlogic/mdb/parsers/DiscogXMLParser.java,endElement,->,f1dc3983-5daf-40b6-8dea-a8e712cf73bb,java/lang/Integer.java,valueOf
f1dc3983-5daf-40b6-8dea-a8e712cf73bb,uk/co/brotherlogic/mdb/parsers/DiscogXMLParser.java,endElement,->,f1dc3983-5daf-40b6-8dea-a8e712cf73bb,java/util/Map.java,get
f1dc3983-5daf-40b6-8dea-a8e712cf73bb,uk/co/brotherlogic/mdb/parsers/DiscogXMLParser.java,endElement,->,f1dc3983-5daf-40b6-8dea-a8e712cf73bb,java/lang/Integer.java,intValue
f1dc3983-5daf-40b6-8dea-a8e712cf73bb,uk/co/brotherlogic/mdb/parsers/DiscogXMLParser.java,endElement,->,f1dc3983-5daf-40b6-8dea-a8e712cf73bb,java/lang/Integer.java,valueOf
f1dc3983-5daf-40b6-8dea-a8e712cf73bb,uk/co/brotherlogic/mdb/parsers/DiscogXMLParser.java,endElement,->,f1dc3983-5daf-40b6-8dea-a8e712cf73bb,java/util/Map.java,containsKey
f1dc3983-5daf-40b6-8dea-a8e712cf73bb,uk/co/brotherlogic/mdb/parsers/DiscogXMLParser.java,endElement,->,f1dc3983-5daf-40b6-8dea-a8e712cf73bb,java/lang/Integer.java,valueOf
f1dc3983-5daf-40b6-8dea-a8e712cf73bb,uk/co/brotherlogic/mdb/parsers/DiscogXMLParser.java,endElement,->,f1dc3983-5daf-40b6-8dea-a8e712cf73bb,java/lang/Math.java,max
f1dc3983-5daf-40b6-8dea-a8e712cf73bb,uk/co/brotherlogic/mdb/parsers/DiscogXMLParser.java,endElement,->,f1dc3983-5daf-40b6-8dea-a8e712cf73bb,java/lang/Integer.java,valueOf
f1dc3983-5daf-40b6-8dea-a8e712cf73bb,uk/co/brotherlogic/mdb/parsers/DiscogXMLParser.java,endElement,->,f1dc3983-5daf-40b6-8dea-a8e712cf73bb,java/util/Map.java,put
f1dc3983-5daf-40b6-8dea-a8e712cf73bb,uk/co/brotherlogic/mdb/parsers/DiscogXMLParser.java,endElement,->,f1dc3983-5daf-40b6-8dea-a8e712cf73bb,java/lang/Integer.java,valueOf
f1dc3983-5daf-40b6-8dea-a8e712cf73bb,uk/co/brotherlogic/mdb/parsers/DiscogXMLParser.java,endElement,->,f1dc3983-5daf-40b6-8dea-a8e712cf73bb,java/lang/Integer.java,valueOf
f1dc3983-5daf-40b6-8dea-a8e712cf73bb,uk/co/brotherlogic/mdb/parsers/DiscogXMLParser.java,endElement,->,f1dc3983-5daf-40b6-8dea-a8e712cf73bb,java/util/Map.java,put
f1dc3983-5daf-40b6-8dea-a8e712cf73bb,uk/co/brotherlogic/mdb/parsers/DiscogXMLParser.java,endElement,->,f1dc3983-5daf-40b6-8dea-a8e712cf73bb,java/lang/Integer.java,parseInt
f1dc3983-5daf-40b6-8dea-a8e712cf73bb,uk/co/brotherlogic/mdb/parsers/DiscogXMLParser.java,endElement,->,f1dc3983-5daf-40b6-8dea-a8e712cf73bb,2e5ebc02-f3d0-423a-95be-92767c90aca1,a70bf9be-29c8-40dc-8888-2dbeb5c2bbfc
f1dc3983-5daf-40b6-8dea-a8e712cf73bb,uk/co/brotherlogic/mdb/parsers/DiscogXMLParser.java,endElement,->,f1dc3983-5daf-40b6-8dea-a8e712cf73bb,2e5ebc02-f3d0-423a-95be-92767c90aca1,61edbe51-d793-4134-9991-bb364dad9d0e
f1dc3983-5daf-40b6-8dea-a8e712cf73bb,uk/co/brotherlogic/mdb/parsers/DiscogXMLParser.java,endElement,->,f1dc3983-5daf-40b6-8dea-a8e712cf73bb,java/lang/String.java,equals
f1dc3983-5daf-40b6-8dea-a8e712cf73bb,uk/co/brotherlogic/mdb/parsers/DiscogXMLParser.java,endElement,->,f1dc3983-5daf-40b6-8dea-a8e712cf73bb,java/lang/String.java,equals
f1dc3983-5daf-40b6-8dea-a8e712cf73bb,uk/co/brotherlogic/mdb/parsers/DiscogXMLParser.java,endElement,->,f1dc3983-5daf-40b6-8dea-a8e712cf73bb,2e5ebc02-f3d0-423a-95be-92767c90aca1,9fbcd0b4-e68c-4613-8a36-c540706b9d72
f1dc3983-5daf-40b6-8dea-a8e712cf73bb,uk/co/brotherlogic/mdb/parsers/DiscogXMLParser.java,endElement,->,f1dc3983-5daf-40b6-8dea-a8e712cf73bb,46ea8bdb-6073-4428-9248-da3e9e211ea4,5ad442c7-c5fe-44fe-b9c4-87e93693da64
f1dc3983-5daf-40b6-8dea-a8e712cf73bb,uk/co/brotherlogic/mdb/parsers/DiscogXMLParser.java,endElement,->,f1dc3983-5daf-40b6-8dea-a8e712cf73bb,2e5ebc02-f3d0-423a-95be-92767c90aca1,0bb1b53f-6623-498e-a78a-36c548301bb7
f1dc3983-5daf-40b6-8dea-a8e712cf73bb,uk/co/brotherlogic/mdb/parsers/DiscogXMLParser.java,endElement,->,f1dc3983-5daf-40b6-8dea-a8e712cf73bb,java/util/Collection.java,size
f1dc3983-5daf-40b6-8dea-a8e712cf73bb,uk/co/brotherlogic/mdb/parsers/DiscogXMLParser.java,endElement,->,f1dc3983-5daf-40b6-8dea-a8e712cf73bb,2e5ebc02-f3d0-423a-95be-92767c90aca1,c2c54f6e-3cd6-4ae3-84fc-79fdabd69799
f1dc3983-5daf-40b6-8dea-a8e712cf73bb,uk/co/brotherlogic/mdb/parsers/DiscogXMLParser.java,endElement,->,f1dc3983-5daf-40b6-8dea-a8e712cf73bb,java/lang/String.java,equals
f1dc3983-5daf-40b6-8dea-a8e712cf73bb,uk/co/brotherlogic/mdb/parsers/DiscogXMLParser.java,endElement,->,f1dc3983-5daf-40b6-8dea-a8e712cf73bb,2e5ebc02-f3d0-423a-95be-92767c90aca1,33fa2d5b-fbe6-479f-9dfe-b70c9f6c2697
f1dc3983-5daf-40b6-8dea-a8e712cf73bb,uk/co/brotherlogic/mdb/parsers/DiscogXMLParser.java,endElement,->,f1dc3983-5daf-40b6-8dea-a8e712cf73bb,java/lang/String.java,equals
f1dc3983-5daf-40b6-8dea-a8e712cf73bb,uk/co/brotherlogic/mdb/parsers/DiscogXMLParser.java,endElement,->,f1dc3983-5daf-40b6-8dea-a8e712cf73bb,58b6f058-eb41-4728-9329-3c253af52eb6,5b56014e-5e46-4583-a30d-c7ed84ceb455
f1dc3983-5daf-40b6-8dea-a8e712cf73bb,uk/co/brotherlogic/mdb/parsers/DiscogXMLParser.java,endElement,->,f1dc3983-5daf-40b6-8dea-a8e712cf73bb,58b6f058-eb41-4728-9329-3c253af52eb6,4bfe96f7-22ea-4b1b-9f43-38f19cebf389
f1dc3983-5daf-40b6-8dea-a8e712cf73bb,uk/co/brotherlogic/mdb/parsers/DiscogXMLParser.java,endElement,->,f1dc3983-5daf-40b6-8dea-a8e712cf73bb,f206751d-d458-4b7a-a4a8-72d4bc1e8a8c,acc54cbe-4183-474f-8494-9291b3a508e8
f1dc3983-5daf-40b6-8dea-a8e712cf73bb,uk/co/brotherlogic/mdb/parsers/DiscogXMLParser.java,endElement,->,f1dc3983-5daf-40b6-8dea-a8e712cf73bb,f206751d-d458-4b7a-a4a8-72d4bc1e8a8c,acc54cbe-4183-474f-8494-9291b3a508e8
f1dc3983-5daf-40b6-8dea-a8e712cf73bb,uk/co/brotherlogic/mdb/parsers/DiscogXMLParser.java,endElement,->,f1dc3983-5daf-40b6-8dea-a8e712cf73bb,java/util/Collection.java,size
f1dc3983-5daf-40b6-8dea-a8e712cf73bb,uk/co/brotherlogic/mdb/parsers/DiscogXMLParser.java,endElement,->,f1dc3983-5daf-40b6-8dea-a8e712cf73bb,dcfb92ea-1a1c-400e-b05a-3685c4f1cd00,c4d7b40b-c986-4a57-9b84-2bdf07190901
f1dc3983-5daf-40b6-8dea-a8e712cf73bb,uk/co/brotherlogic/mdb/parsers/DiscogXMLParser.java,endElement,->,f1dc3983-5daf-40b6-8dea-a8e712cf73bb,dcfb92ea-1a1c-400e-b05a-3685c4f1cd00,552ea341-e2ee-4dce-9761-ed5bd85c36e1
f1dc3983-5daf-40b6-8dea-a8e712cf73bb,uk/co/brotherlogic/mdb/parsers/DiscogXMLParser.java,endElement,->,f1dc3983-5daf-40b6-8dea-a8e712cf73bb,7111fdad-32ae-44ce-aecb-8a1afef85fc1,a66609bb-5bb4-4d32-8852-aeba9c835db3
f1dc3983-5daf-40b6-8dea-a8e712cf73bb,uk/co/brotherlogic/mdb/parsers/DiscogXMLParser.java,endElement,->,f1dc3983-5daf-40b6-8dea-a8e712cf73bb,f206751d-d458-4b7a-a4a8-72d4bc1e8a8c,acc54cbe-4183-474f-8494-9291b3a508e8
f1dc3983-5daf-40b6-8dea-a8e712cf73bb,uk/co/brotherlogic/mdb/parsers/DiscogXMLParser.java,endElement,->,f1dc3983-5daf-40b6-8dea-a8e712cf73bb,java/util/Collection.java,iterator
f1dc3983-5daf-40b6-8dea-a8e712cf73bb,uk/co/brotherlogic/mdb/parsers/DiscogXMLParser.java,endElement,->,f1dc3983-5daf-40b6-8dea-a8e712cf73bb,java/util/Iterator.java,next
f1dc3983-5daf-40b6-8dea-a8e712cf73bb,uk/co/brotherlogic/mdb/parsers/DiscogXMLParser.java,endElement,->,f1dc3983-5daf-40b6-8dea-a8e712cf73bb,2e5ebc02-f3d0-423a-95be-92767c90aca1,ab22fc39-2497-4a20-b288-ae855507fb63
f1dc3983-5daf-40b6-8dea-a8e712cf73bb,uk/co/brotherlogic/mdb/parsers/DiscogXMLParser.java,endElement,->,f1dc3983-5daf-40b6-8dea-a8e712cf73bb,dcfb92ea-1a1c-400e-b05a-3685c4f1cd00,c4d7b40b-c986-4a57-9b84-2bdf07190901
f1dc3983-5daf-40b6-8dea-a8e712cf73bb,uk/co/brotherlogic/mdb/parsers/DiscogXMLParser.java,endElement,->,f1dc3983-5daf-40b6-8dea-a8e712cf73bb,dcfb92ea-1a1c-400e-b05a-3685c4f1cd00,552ea341-e2ee-4dce-9761-ed5bd85c36e1
f1dc3983-5daf-40b6-8dea-a8e712cf73bb,uk/co/brotherlogic/mdb/parsers/DiscogXMLParser.java,endElement,->,f1dc3983-5daf-40b6-8dea-a8e712cf73bb,2e5ebc02-f3d0-423a-95be-92767c90aca1,"ab479749-000c-4c44-acbf-8965decdf2f7,7d18af26-792c-493d-a951-2c2e96114534"
f1dc3983-5daf-40b6-8dea-a8e712cf73bb,uk/co/brotherlogic/mdb/parsers/DiscogXMLParser.java,endElement,->,f1dc3983-5daf-40b6-8dea-a8e712cf73bb,java/lang/String.java,equals
f1dc3983-5daf-40b6-8dea-a8e712cf73bb,uk/co/brotherlogic/mdb/parsers/DiscogXMLParser.java,endElement,->,f1dc3983-5daf-40b6-8dea-a8e712cf73bb,java/lang/String.java,trim
f1dc3983-5daf-40b6-8dea-a8e712cf73bb,uk/co/brotherlogic/mdb/parsers/DiscogXMLParser.java,endElement,->,f1dc3983-5daf-40b6-8dea-a8e712cf73bb,java/lang/String.java,length
f1dc3983-5daf-40b6-8dea-a8e712cf73bb,uk/co/brotherlogic/mdb/parsers/DiscogXMLParser.java,endElement,->,f1dc3983-5daf-40b6-8dea-a8e712cf73bb,java/lang/String.java,split
f1dc3983-5daf-40b6-8dea-a8e712cf73bb,uk/co/brotherlogic/mdb/parsers/DiscogXMLParser.java,endElement,->,f1dc3983-5daf-40b6-8dea-a8e712cf73bb,java/lang/Integer.java,parseInt
f1dc3983-5daf-40b6-8dea-a8e712cf73bb,uk/co/brotherlogic/mdb/parsers/DiscogXMLParser.java,endElement,->,f1dc3983-5daf-40b6-8dea-a8e712cf73bb,java/lang/Integer.java,parseInt
f1dc3983-5daf-40b6-8dea-a8e712cf73bb,uk/co/brotherlogic/mdb/parsers/DiscogXMLParser.java,endElement,->,f1dc3983-5daf-40b6-8dea-a8e712cf73bb,2e5ebc02-f3d0-423a-95be-92767c90aca1,ada74ef7-a525-4fda-aee3-250768a3eafe
f1dc3983-5daf-40b6-8dea-a8e712cf73bb,uk/co/brotherlogic/mdb/parsers/DiscogXMLParser.java,getRecord,->,f1dc3983-5daf-40b6-8dea-a8e712cf73bb,46ea8bdb-6073-4428-9248-da3e9e211ea4,ed6ecf11-a3a8-44b8-a659-2113e42c0e55
f1dc3983-5daf-40b6-8dea-a8e712cf73bb,uk/co/brotherlogic/mdb/parsers/DiscogXMLParser.java,getRecord,->,f1dc3983-5daf-40b6-8dea-a8e712cf73bb,46ea8bdb-6073-4428-9248-da3e9e211ea4,b00f4f60-8f1d-4f31-91bd-b2cc0615c9e0
f1dc3983-5daf-40b6-8dea-a8e712cf73bb,uk/co/brotherlogic/mdb/parsers/DiscogXMLParser.java,startElement,->,f1dc3983-5daf-40b6-8dea-a8e712cf73bb,java/lang/StringBuilder.java,append
f1dc3983-5daf-40b6-8dea-a8e712cf73bb,uk/co/brotherlogic/mdb/parsers/DiscogXMLParser.java,startElement,->,f1dc3983-5daf-40b6-8dea-a8e712cf73bb,java/lang/StringBuilder.java,append
f1dc3983-5daf-40b6-8dea-a8e712cf73bb,uk/co/brotherlogic/mdb/parsers/DiscogXMLParser.java,startElement,->,f1dc3983-5daf-40b6-8dea-a8e712cf73bb,java/lang/StringBuilder.java,toString
f1dc3983-5daf-40b6-8dea-a8e712cf73bb,uk/co/brotherlogic/mdb/parsers/DiscogXMLParser.java,startElement,->,f1dc3983-5daf-40b6-8dea-a8e712cf73bb,java/lang/String.java,equals
f1dc3983-5daf-40b6-8dea-a8e712cf73bb,uk/co/brotherlogic/mdb/parsers/DiscogXMLParser.java,startElement,->,f1dc3983-5daf-40b6-8dea-a8e712cf73bb,java/lang/String.java,equals
f1dc3983-5daf-40b6-8dea-a8e712cf73bb,uk/co/brotherlogic/mdb/parsers/DiscogXMLParser.java,startElement,->,f1dc3983-5daf-40b6-8dea-a8e712cf73bb,java/lang/String.java,equals
f1dc3983-5daf-40b6-8dea-a8e712cf73bb,uk/co/brotherlogic/mdb/parsers/DiscogXMLParser.java,startElement,->,f1dc3983-5daf-40b6-8dea-a8e712cf73bb,org/xml/sax/Attributes.java,getValue
f1dc3983-5daf-40b6-8dea-a8e712cf73bb,uk/co/brotherlogic/mdb/parsers/DiscogXMLParser.java,startElement,->,f1dc3983-5daf-40b6-8dea-a8e712cf73bb,org/xml/sax/Attributes.java,getValue
f1dc3983-5daf-40b6-8dea-a8e712cf73bb,uk/co/brotherlogic/mdb/parsers/DiscogXMLParser.java,startElement,->,f1dc3983-5daf-40b6-8dea-a8e712cf73bb,6198afdb-06e9-4997-8ed5-260a93c105b5,e4b89c22-c7fc-4c4a-8501-278ccf890630
f1dc3983-5daf-40b6-8dea-a8e712cf73bb,uk/co/brotherlogic/mdb/parsers/DiscogXMLParser.java,startElement,->,f1dc3983-5daf-40b6-8dea-a8e712cf73bb,6198afdb-06e9-4997-8ed5-260a93c105b5,"7dba553b-c13f-4a64-8b45-bbd5b3920f77,8791b37f-3194-4d3c-b2c9-e9781dedc325"
f1dc3983-5daf-40b6-8dea-a8e712cf73bb,uk/co/brotherlogic/mdb/parsers/DiscogXMLParser.java,startElement,->,f1dc3983-5daf-40b6-8dea-a8e712cf73bb,46ea8bdb-6073-4428-9248-da3e9e211ea4,0f3a7e78-15f7-40ad-bdfa-ecf6298621fc
f1dc3983-5daf-40b6-8dea-a8e712cf73bb,uk/co/brotherlogic/mdb/parsers/DiscogXMLParser.java,startElement,->,f1dc3983-5daf-40b6-8dea-a8e712cf73bb,46ea8bdb-6073-4428-9248-da3e9e211ea4,e02e7c45-46ae-439c-ab20-2747651fa32c
f1dc3983-5daf-40b6-8dea-a8e712cf73bb,uk/co/brotherlogic/mdb/parsers/DiscogXMLParser.java,startElement,->,f1dc3983-5daf-40b6-8dea-a8e712cf73bb,java/lang/String.java,equals
f1dc3983-5daf-40b6-8dea-a8e712cf73bb,uk/co/brotherlogic/mdb/parsers/DiscogXMLParser.java,startElement,->,f1dc3983-5daf-40b6-8dea-a8e712cf73bb,java/lang/String.java,equals
f1dc3983-5daf-40b6-8dea-a8e712cf73bb,uk/co/brotherlogic/mdb/parsers/DiscogXMLParser.java,startElement,->,f1dc3983-5daf-40b6-8dea-a8e712cf73bb,dc153d7f-3534-4a67-8710-d7f60b14f568,dc5bac52-4aa7-4294-b9b9-a13a2f4a1d58
f1dc3983-5daf-40b6-8dea-a8e712cf73bb,uk/co/brotherlogic/mdb/parsers/DiscogXMLParser.java,startElement,->,f1dc3983-5daf-40b6-8dea-a8e712cf73bb,org/xml/sax/Attributes.java,getValue
f1dc3983-5daf-40b6-8dea-a8e712cf73bb,uk/co/brotherlogic/mdb/parsers/DiscogXMLParser.java,startElement,->,f1dc3983-5daf-40b6-8dea-a8e712cf73bb,dc153d7f-3534-4a67-8710-d7f60b14f568,"6b7e8dc4-5dc7-4a81-a1ce-b3984bcfab9c,4acde63b-de54-49d6-8a44-e21018882fc3"
f1dc3983-5daf-40b6-8dea-a8e712cf73bb,uk/co/brotherlogic/mdb/parsers/DiscogXMLParser.java,startElement,->,f1dc3983-5daf-40b6-8dea-a8e712cf73bb,46ea8bdb-6073-4428-9248-da3e9e211ea4,"65523ea8-674d-4a7c-b591-441b58b393e2,81994144-8fcb-4ad4-b1bd-3b23831aeafe"
f1dc3983-5daf-40b6-8dea-a8e712cf73bb,uk/co/brotherlogic/mdb/parsers/DiscogXMLParser.java,startElement,->,f1dc3983-5daf-40b6-8dea-a8e712cf73bb,org/xml/sax/Attributes.java,getValue
f1dc3983-5daf-40b6-8dea-a8e712cf73bb,uk/co/brotherlogic/mdb/parsers/DiscogXMLParser.java,startElement,->,f1dc3983-5daf-40b6-8dea-a8e712cf73bb,java/lang/Integer.java,parseInt
f1dc3983-5daf-40b6-8dea-a8e712cf73bb,uk/co/brotherlogic/mdb/parsers/DiscogXMLParser.java,startElement,->,f1dc3983-5daf-40b6-8dea-a8e712cf73bb,java/lang/String.java,equals
f1dc3983-5daf-40b6-8dea-a8e712cf73bb,uk/co/brotherlogic/mdb/parsers/DiscogXMLParser.java,startElement,->,f1dc3983-5daf-40b6-8dea-a8e712cf73bb,java/lang/String.java,equals
f1dc3983-5daf-40b6-8dea-a8e712cf73bb,uk/co/brotherlogic/mdb/parsers/DiscogXMLParser.java,startElement,->,f1dc3983-5daf-40b6-8dea-a8e712cf73bb,java/lang/String.java,equals
f1dc3983-5daf-40b6-8dea-a8e712cf73bb,uk/co/brotherlogic/mdb/parsers/DiscogXMLParser.java,startElement,->,f1dc3983-5daf-40b6-8dea-a8e712cf73bb,java/lang/String.java,equals
f1dc3983-5daf-40b6-8dea-a8e712cf73bb,uk/co/brotherlogic/mdb/parsers/DiscogXMLParser.java,startElement,->,f1dc3983-5daf-40b6-8dea-a8e712cf73bb,org/xml/sax/Attributes.java,getValue
f1dc3983-5daf-40b6-8dea-a8e712cf73bb,uk/co/brotherlogic/mdb/parsers/DiscogXMLParser.java,startElement,->,f1dc3983-5daf-40b6-8dea-a8e712cf73bb,java/lang/Integer.java,parseInt
f1dc3983-5daf-40b6-8dea-a8e712cf73bb,uk/co/brotherlogic/mdb/parsers/DiscogXMLParser.java,startElement,->,f1dc3983-5daf-40b6-8dea-a8e712cf73bb,46ea8bdb-6073-4428-9248-da3e9e211ea4,530d3865-c0c6-4ad3-b88c-2a63ab68c911
f1dc3983-5daf-40b6-8dea-a8e712cf73bb,10cc8812-d17b-4259-8f87-03ac9a49d8e6,c1994b78-a8a4-41da-8960-4adec0dca734,->,f1dc3983-5daf-40b6-8dea-a8e712cf73bb,java/net/URLEncoder.java,encode
f1dc3983-5daf-40b6-8dea-a8e712cf73bb,10cc8812-d17b-4259-8f87-03ac9a49d8e6,c1994b78-a8a4-41da-8960-4adec0dca734,->,f1dc3983-5daf-40b6-8dea-a8e712cf73bb,java/lang/String.java,replace
f1dc3983-5daf-40b6-8dea-a8e712cf73bb,10cc8812-d17b-4259-8f87-03ac9a49d8e6,c1994b78-a8a4-41da-8960-4adec0dca734,->,f1dc3983-5daf-40b6-8dea-a8e712cf73bb,javax/xml/parsers/SAXParserFactory.java,newInstance
f1dc3983-5daf-40b6-8dea-a8e712cf73bb,10cc8812-d17b-4259-8f87-03ac9a49d8e6,c1994b78-a8a4-41da-8960-4adec0dca734,->,f1dc3983-5daf-40b6-8dea-a8e712cf73bb,javax/xml/parsers/SAXParserFactory.java,newSAXParser
f1dc3983-5daf-40b6-8dea-a8e712cf73bb,10cc8812-d17b-4259-8f87-03ac9a49d8e6,c1994b78-a8a4-41da-8960-4adec0dca734,->,f1dc3983-5daf-40b6-8dea-a8e712cf73bb,java/net/URL.java,openStream
f1dc3983-5daf-40b6-8dea-a8e712cf73bb,10cc8812-d17b-4259-8f87-03ac9a49d8e6,c1994b78-a8a4-41da-8960-4adec0dca734,->,f1dc3983-5daf-40b6-8dea-a8e712cf73bb,javax/xml/parsers/SAXParser.java,parse
f1dc3983-5daf-40b6-8dea-a8e712cf73bb,10cc8812-d17b-4259-8f87-03ac9a49d8e6,c1994b78-a8a4-41da-8960-4adec0dca734,->,f1dc3983-5daf-40b6-8dea-a8e712cf73bb,uk/co/brotherlogic/mdb/parsers/DiscogHandler.java,getReleaseMap
f1dc3983-5daf-40b6-8dea-a8e712cf73bb,10cc8812-d17b-4259-8f87-03ac9a49d8e6,c1994b78-a8a4-41da-8960-4adec0dca734,->,f1dc3983-5daf-40b6-8dea-a8e712cf73bb,java/util/Map.java,keySet
f1dc3983-5daf-40b6-8dea-a8e712cf73bb,10cc8812-d17b-4259-8f87-03ac9a49d8e6,c1994b78-a8a4-41da-8960-4adec0dca734,->,f1dc3983-5daf-40b6-8dea-a8e712cf73bb,java/util/Set.java,size
f1dc3983-5daf-40b6-8dea-a8e712cf73bb,10cc8812-d17b-4259-8f87-03ac9a49d8e6,c1994b78-a8a4-41da-8960-4adec0dca734,->,f1dc3983-5daf-40b6-8dea-a8e712cf73bb,java/util/Map.java,keySet
f1dc3983-5daf-40b6-8dea-a8e712cf73bb,10cc8812-d17b-4259-8f87-03ac9a49d8e6,c1994b78-a8a4-41da-8960-4adec0dca734,->,f1dc3983-5daf-40b6-8dea-a8e712cf73bb,java/util/Set.java,iterator
f1dc3983-5daf-40b6-8dea-a8e712cf73bb,10cc8812-d17b-4259-8f87-03ac9a49d8e6,c1994b78-a8a4-41da-8960-4adec0dca734,->,f1dc3983-5daf-40b6-8dea-a8e712cf73bb,java/util/Iterator.java,hasNext
f1dc3983-5daf-40b6-8dea-a8e712cf73bb,10cc8812-d17b-4259-8f87-03ac9a49d8e6,c1994b78-a8a4-41da-8960-4adec0dca734,->,f1dc3983-5daf-40b6-8dea-a8e712cf73bb,java/util/Iterator.java,next
f1dc3983-5daf-40b6-8dea-a8e712cf73bb,10cc8812-d17b-4259-8f87-03ac9a49d8e6,c1994b78-a8a4-41da-8960-4adec0dca734,->,f1dc3983-5daf-40b6-8dea-a8e712cf73bb,java/util/Map.java,get
f1dc3983-5daf-40b6-8dea-a8e712cf73bb,10cc8812-d17b-4259-8f87-03ac9a49d8e6,c1994b78-a8a4-41da-8960-4adec0dca734,->,f1dc3983-5daf-40b6-8dea-a8e712cf73bb,java/lang/Integer.java,intValue
f1dc3983-5daf-40b6-8dea-a8e712cf73bb,10cc8812-d17b-4259-8f87-03ac9a49d8e6,c1994b78-a8a4-41da-8960-4adec0dca734,->,f1dc3983-5daf-40b6-8dea-a8e712cf73bb,javax/swing/JOptionPane.java,showOptionDialog
f1dc3983-5daf-40b6-8dea-a8e712cf73bb,10cc8812-d17b-4259-8f87-03ac9a49d8e6,c1994b78-a8a4-41da-8960-4adec0dca734,->,f1dc3983-5daf-40b6-8dea-a8e712cf73bb,java/util/Map.java,get
f1dc3983-5daf-40b6-8dea-a8e712cf73bb,10cc8812-d17b-4259-8f87-03ac9a49d8e6,c1994b78-a8a4-41da-8960-4adec0dca734,->,f1dc3983-5daf-40b6-8dea-a8e712cf73bb,java/lang/Integer.java,intValue
f1dc3983-5daf-40b6-8dea-a8e712cf73bb,10cc8812-d17b-4259-8f87-03ac9a49d8e6,c1994b78-a8a4-41da-8960-4adec0dca734,->,f1dc3983-5daf-40b6-8dea-a8e712cf73bb,org/xml/sax/SAXException.java,printStackTrace
f1dc3983-5daf-40b6-8dea-a8e712cf73bb,10cc8812-d17b-4259-8f87-03ac9a49d8e6,c1994b78-a8a4-41da-8960-4adec0dca734,->,f1dc3983-5daf-40b6-8dea-a8e712cf73bb,java/io/IOException.java,printStackTrace
f1dc3983-5daf-40b6-8dea-a8e712cf73bb,10cc8812-d17b-4259-8f87-03ac9a49d8e6,c1994b78-a8a4-41da-8960-4adec0dca734,->,f1dc3983-5daf-40b6-8dea-a8e712cf73bb,javax/xml/parsers/ParserConfigurationException.java,printStackTrace
f1dc3983-5daf-40b6-8dea-a8e712cf73bb,6d64a759-576c-4fb8-bf1e-4b4ca66fe322,0ba29b51-ab0d-41d1-ab1a-b524590308a3,->,f1dc3983-5daf-40b6-8dea-a8e712cf73bb,4d5d5404-a022-4f98-9bfb-75e7837433dc,cfe058b5-59f9-4bd2-85f2-07dd8ef7ca4b
f1dc3983-5daf-40b6-8dea-a8e712cf73bb,6d64a759-576c-4fb8-bf1e-4b4ca66fe322,0ba29b51-ab0d-41d1-ab1a-b524590308a3,->,f1dc3983-5daf-40b6-8dea-a8e712cf73bb,4d5d5404-a022-4f98-9bfb-75e7837433dc,ab036b9d-aa4b-46f0-a485-9b2674240d25
f1dc3983-5daf-40b6-8dea-a8e712cf73bb,6d64a759-576c-4fb8-bf1e-4b4ca66fe322,0ba29b51-ab0d-41d1-ab1a-b524590308a3,->,f1dc3983-5daf-40b6-8dea-a8e712cf73bb,java/sql/PreparedStatement.java,executeQuery
f1dc3983-5daf-40b6-8dea-a8e712cf73bb,6d64a759-576c-4fb8-bf1e-4b4ca66fe322,0ba29b51-ab0d-41d1-ab1a-b524590308a3,->,f1dc3983-5daf-40b6-8dea-a8e712cf73bb,java/sql/ResultSet.java,next
f1dc3983-5daf-40b6-8dea-a8e712cf73bb,6d64a759-576c-4fb8-bf1e-4b4ca66fe322,0ba29b51-ab0d-41d1-ab1a-b524590308a3,->,f1dc3983-5daf-40b6-8dea-a8e712cf73bb,java/sql/ResultSet.java,getInt
f1dc3983-5daf-40b6-8dea-a8e712cf73bb,6d64a759-576c-4fb8-bf1e-4b4ca66fe322,0ba29b51-ab0d-41d1-ab1a-b524590308a3,->,f1dc3983-5daf-40b6-8dea-a8e712cf73bb,java/lang/Integer.java,valueOf
f1dc3983-5daf-40b6-8dea-a8e712cf73bb,6d64a759-576c-4fb8-bf1e-4b4ca66fe322,0ba29b51-ab0d-41d1-ab1a-b524590308a3,->,f1dc3983-5daf-40b6-8dea-a8e712cf73bb,java/sql/SQLException.java,printStackTrace
f1dc3983-5daf-40b6-8dea-a8e712cf73bb,6d64a759-576c-4fb8-bf1e-4b4ca66fe322,0ba29b51-ab0d-41d1-ab1a-b524590308a3,->,f1dc3983-5daf-40b6-8dea-a8e712cf73bb,4d5d5404-a022-4f98-9bfb-75e7837433dc,cfe058b5-59f9-4bd2-85f2-07dd8ef7ca4b
f1dc3983-5daf-40b6-8dea-a8e712cf73bb,6d64a759-576c-4fb8-bf1e-4b4ca66fe322,0ba29b51-ab0d-41d1-ab1a-b524590308a3,->,f1dc3983-5daf-40b6-8dea-a8e712cf73bb,4d5d5404-a022-4f98-9bfb-75e7837433dc,3d06801f-abac-48fe-97db-a8d0dec57e3a
f1dc3983-5daf-40b6-8dea-a8e712cf73bb,6d64a759-576c-4fb8-bf1e-4b4ca66fe322,0ba29b51-ab0d-41d1-ab1a-b524590308a3,->,f1dc3983-5daf-40b6-8dea-a8e712cf73bb,java/io/PrintStream.java,println
f1dc3983-5daf-40b6-8dea-a8e712cf73bb,6d64a759-576c-4fb8-bf1e-4b4ca66fe322,0ba29b51-ab0d-41d1-ab1a-b524590308a3,->,f1dc3983-5daf-40b6-8dea-a8e712cf73bb,java/io/PrintStream.java,println
f1dc3983-5daf-40b6-8dea-a8e712cf73bb,6d64a759-576c-4fb8-bf1e-4b4ca66fe322,0ba29b51-ab0d-41d1-ab1a-b524590308a3,->,f1dc3983-5daf-40b6-8dea-a8e712cf73bb,java/sql/SQLException.java,printStackTrace
f1dc3983-5daf-40b6-8dea-a8e712cf73bb,6d64a759-576c-4fb8-bf1e-4b4ca66fe322,0ba29b51-ab0d-41d1-ab1a-b524590308a3,->,f1dc3983-5daf-40b6-8dea-a8e712cf73bb,java/lang/Integer.java,valueOf
f1dc3983-5daf-40b6-8dea-a8e712cf73bb,6d64a759-576c-4fb8-bf1e-4b4ca66fe322,1db39236-2814-4670-be87-8965e1bf9ebb,->,f1dc3983-5daf-40b6-8dea-a8e712cf73bb,6d64a759-576c-4fb8-bf1e-4b4ca66fe322,a7fe5716-e788-4430-991e-618d8daa6f79
f1dc3983-5daf-40b6-8dea-a8e712cf73bb,6d64a759-576c-4fb8-bf1e-4b4ca66fe322,a7fe5716-e788-4430-991e-618d8daa6f79,->,f1dc3983-5daf-40b6-8dea-a8e712cf73bb,6d64a759-576c-4fb8-bf1e-4b4ca66fe322,0ba29b51-ab0d-41d1-ab1a-b524590308a3
f1dc3983-5daf-40b6-8dea-a8e712cf73bb,6d64a759-576c-4fb8-bf1e-4b4ca66fe322,a7fe5716-e788-4430-991e-618d8daa6f79,->,f1dc3983-5daf-40b6-8dea-a8e712cf73bb,java/lang/Integer.java,intValue
f1dc3983-5daf-40b6-8dea-a8e712cf73bb,6d64a759-576c-4fb8-bf1e-4b4ca66fe322,a7fe5716-e788-4430-991e-618d8daa6f79,->,f1dc3983-5daf-40b6-8dea-a8e712cf73bb,java/lang/StringBuilder.java,append
f1dc3983-5daf-40b6-8dea-a8e712cf73bb,6d64a759-576c-4fb8-bf1e-4b4ca66fe322,a7fe5716-e788-4430-991e-618d8daa6f79,->,f1dc3983-5daf-40b6-8dea-a8e712cf73bb,java/lang/StringBuilder.java,append
f1dc3983-5daf-40b6-8dea-a8e712cf73bb,6d64a759-576c-4fb8-bf1e-4b4ca66fe322,a7fe5716-e788-4430-991e-618d8daa6f79,->,f1dc3983-5daf-40b6-8dea-a8e712cf73bb,java/lang/StringBuilder.java,toString
f1dc3983-5daf-40b6-8dea-a8e712cf73bb,6d64a759-576c-4fb8-bf1e-4b4ca66fe322,a7fe5716-e788-4430-991e-618d8daa6f79,->,f1dc3983-5daf-40b6-8dea-a8e712cf73bb,java/lang/Class.java,forName
f1dc3983-5daf-40b6-8dea-a8e712cf73bb,6d64a759-576c-4fb8-bf1e-4b4ca66fe322,a7fe5716-e788-4430-991e-618d8daa6f79,->,f1dc3983-5daf-40b6-8dea-a8e712cf73bb,java/lang/Class.java,getConstructor
f1dc3983-5daf-40b6-8dea-a8e712cf73bb,6d64a759-576c-4fb8-bf1e-4b4ca66fe322,a7fe5716-e788-4430-991e-618d8daa6f79,->,f1dc3983-5daf-40b6-8dea-a8e712cf73bb,java/lang/reflect/Constructor.java,newInstance
f1dc3983-5daf-40b6-8dea-a8e712cf73bb,6d64a759-576c-4fb8-bf1e-4b4ca66fe322,a7fe5716-e788-4430-991e-618d8daa6f79,->,f1dc3983-5daf-40b6-8dea-a8e712cf73bb,8c3572d1-1ab0-4b40-b7ba-ee512b7af06e,9fc187b4-4124-4e3e-baca-0ddcaf0fc1eb
f1dc3983-5daf-40b6-8dea-a8e712cf73bb,6d64a759-576c-4fb8-bf1e-4b4ca66fe322,a7fe5716-e788-4430-991e-618d8daa6f79,->,f1dc3983-5daf-40b6-8dea-a8e712cf73bb,4d5d5404-a022-4f98-9bfb-75e7837433dc,cfe058b5-59f9-4bd2-85f2-07dd8ef7ca4b
f1dc3983-5daf-40b6-8dea-a8e712cf73bb,6d64a759-576c-4fb8-bf1e-4b4ca66fe322,a7fe5716-e788-4430-991e-618d8daa6f79,->,f1dc3983-5daf-40b6-8dea-a8e712cf73bb,4d5d5404-a022-4f98-9bfb-75e7837433dc,9f47af6c-9d59-40b7-b92f-59078678a04b
f1dc3983-5daf-40b6-8dea-a8e712cf73bb,6d64a759-576c-4fb8-bf1e-4b4ca66fe322,a7fe5716-e788-4430-991e-618d8daa6f79,->,f1dc3983-5daf-40b6-8dea-a8e712cf73bb,6d64a759-576c-4fb8-bf1e-4b4ca66fe322,a7fe5716-e788-4430-991e-618d8daa6f79
f1dc3983-5daf-40b6-8dea-a8e712cf73bb,6d64a759-576c-4fb8-bf1e-4b4ca66fe322,a7fe5716-e788-4430-991e-618d8daa6f79,->,f1dc3983-5daf-40b6-8dea-a8e712cf73bb,java/io/PrintStream.java,println
f1dc3983-5daf-40b6-8dea-a8e712cf73bb,6d64a759-576c-4fb8-bf1e-4b4ca66fe322,a7fe5716-e788-4430-991e-618d8daa6f79,->,f1dc3983-5daf-40b6-8dea-a8e712cf73bb,java/lang/System.java,exit
f1dc3983-5daf-40b6-8dea-a8e712cf73bb,6d64a759-576c-4fb8-bf1e-4b4ca66fe322,a7fe5716-e788-4430-991e-618d8daa6f79,->,f1dc3983-5daf-40b6-8dea-a8e712cf73bb,java/lang/IllegalArgumentException.java,printStackTrace
f1dc3983-5daf-40b6-8dea-a8e712cf73bb,6d64a759-576c-4fb8-bf1e-4b4ca66fe322,a7fe5716-e788-4430-991e-618d8daa6f79,->,f1dc3983-5daf-40b6-8dea-a8e712cf73bb,java/lang/SecurityException.java,printStackTrace
f1dc3983-5daf-40b6-8dea-a8e712cf73bb,6d64a759-576c-4fb8-bf1e-4b4ca66fe322,a7fe5716-e788-4430-991e-618d8daa6f79,->,f1dc3983-5daf-40b6-8dea-a8e712cf73bb,java/lang/InstantiationException.java,printStackTrace
f1dc3983-5daf-40b6-8dea-a8e712cf73bb,6d64a759-576c-4fb8-bf1e-4b4ca66fe322,a7fe5716-e788-4430-991e-618d8daa6f79,->,f1dc3983-5daf-40b6-8dea-a8e712cf73bb,java/lang/IllegalAccessException.java,printStackTrace
f1dc3983-5daf-40b6-8dea-a8e712cf73bb,6d64a759-576c-4fb8-bf1e-4b4ca66fe322,a7fe5716-e788-4430-991e-618d8daa6f79,->,f1dc3983-5daf-40b6-8dea-a8e712cf73bb,java/lang/reflect/InvocationTargetException.java,printStackTrace
f1dc3983-5daf-40b6-8dea-a8e712cf73bb,6d64a759-576c-4fb8-bf1e-4b4ca66fe322,a7fe5716-e788-4430-991e-618d8daa6f79,->,f1dc3983-5daf-40b6-8dea-a8e712cf73bb,java/lang/NoSuchMethodException.java,printStackTrace
f1dc3983-5daf-40b6-8dea-a8e712cf73bb,6d64a759-576c-4fb8-bf1e-4b4ca66fe322,a7fe5716-e788-4430-991e-618d8daa6f79,->,f1dc3983-5daf-40b6-8dea-a8e712cf73bb,java/sql/SQLException.java,printStackTrace
f1dc3983-5daf-40b6-8dea-a8e712cf73bb,6d64a759-576c-4fb8-bf1e-4b4ca66fe322,a7fe5716-e788-4430-991e-618d8daa6f79,->,f1dc3983-5daf-40b6-8dea-a8e712cf73bb,java/sql/SQLException.java,getNextException
f1dc3983-5daf-40b6-8dea-a8e712cf73bb,6d64a759-576c-4fb8-bf1e-4b4ca66fe322,a7fe5716-e788-4430-991e-618d8daa6f79,->,f1dc3983-5daf-40b6-8dea-a8e712cf73bb,java/sql/SQLException.java,printStackTrace
f1dc3983-5daf-40b6-8dea-a8e712cf73bb,2e5ebc02-f3d0-423a-95be-92767c90aca1,ab22fc39-2497-4a20-b288-ae855507fb63,->,f1dc3983-5daf-40b6-8dea-a8e712cf73bb,java/util/List.java,add
f1dc3983-5daf-40b6-8dea-a8e712cf73bb,2e5ebc02-f3d0-423a-95be-92767c90aca1,c2c54f6e-3cd6-4ae3-84fc-79fdabd69799,->,f1dc3983-5daf-40b6-8dea-a8e712cf73bb,java/util/List.java,addAll
f1dc3983-5daf-40b6-8dea-a8e712cf73bb,2e5ebc02-f3d0-423a-95be-92767c90aca1,"ab479749-000c-4c44-acbf-8965decdf2f7,7d18af26-792c-493d-a951-2c2e96114534",->,f1dc3983-5daf-40b6-8dea-a8e712cf73bb,java/util/Collection.java,add
f1dc3983-5daf-40b6-8dea-a8e712cf73bb,2e5ebc02-f3d0-423a-95be-92767c90aca1,"ab479749-000c-4c44-acbf-8965decdf2f7,7d18af26-792c-493d-a951-2c2e96114534",->,f1dc3983-5daf-40b6-8dea-a8e712cf73bb,java/util/Collection.java,addAll
f1dc3983-5daf-40b6-8dea-a8e712cf73bb,2e5ebc02-f3d0-423a-95be-92767c90aca1,5382051c-569b-4ad8-b4b0-be2b573244be,->,f1dc3983-5daf-40b6-8dea-a8e712cf73bb,2e5ebc02-f3d0-423a-95be-92767c90aca1,9fbcd0b4-e68c-4613-8a36-c540706b9d72
f1dc3983-5daf-40b6-8dea-a8e712cf73bb,2e5ebc02-f3d0-423a-95be-92767c90aca1,8a2830a6-7f98-4ead-8f4c-a874a5a43f51,->,f1dc3983-5daf-40b6-8dea-a8e712cf73bb,2e5ebc02-f3d0-423a-95be-92767c90aca1,5382051c-569b-4ad8-b4b0-be2b573244be
f1dc3983-5daf-40b6-8dea-a8e712cf73bb,2e5ebc02-f3d0-423a-95be-92767c90aca1,101672ab-7f59-4acd-a267-c575a07772c4,->,f1dc3983-5daf-40b6-8dea-a8e712cf73bb,java/util/List.java,iterator
f1dc3983-5daf-40b6-8dea-a8e712cf73bb,2e5ebc02-f3d0-423a-95be-92767c90aca1,101672ab-7f59-4acd-a267-c575a07772c4,->,f1dc3983-5daf-40b6-8dea-a8e712cf73bb,java/util/Iterator.java,hasNext
f1dc3983-5daf-40b6-8dea-a8e712cf73bb,2e5ebc02-f3d0-423a-95be-92767c90aca1,101672ab-7f59-4acd-a267-c575a07772c4,->,f1dc3983-5daf-40b6-8dea-a8e712cf73bb,java/util/Iterator.java,next
f1dc3983-5daf-40b6-8dea-a8e712cf73bb,2e5ebc02-f3d0-423a-95be-92767c90aca1,101672ab-7f59-4acd-a267-c575a07772c4,->,f1dc3983-5daf-40b6-8dea-a8e712cf73bb,7111fdad-32ae-44ce-aecb-8a1afef85fc1,36a98832-47d1-4ed4-a704-6adeec721756
f1dc3983-5daf-40b6-8dea-a8e712cf73bb,2e5ebc02-f3d0-423a-95be-92767c90aca1,101672ab-7f59-4acd-a267-c575a07772c4,->,f1dc3983-5daf-40b6-8dea-a8e712cf73bb,java/util/Collection.java,add
f1dc3983-5daf-40b6-8dea-a8e712cf73bb,2e5ebc02-f3d0-423a-95be-92767c90aca1,fe2baa14-0f3c-4a0e-b5a9-aa5558b00d81,->,f1dc3983-5daf-40b6-8dea-a8e712cf73bb,42b060b8-8069-4ce2-b697-af4348e810da,9db7681e-b6da-43b8-a39b-41ccc0a749a4
f1dc3983-5daf-40b6-8dea-a8e712cf73bb,2e5ebc02-f3d0-423a-95be-92767c90aca1,fe2baa14-0f3c-4a0e-b5a9-aa5558b00d81,->,f1dc3983-5daf-40b6-8dea-a8e712cf73bb,42b060b8-8069-4ce2-b697-af4348e810da,b6677a8c-26a8-4911-be26-5b1ff9b09b1e
f1dc3983-5daf-40b6-8dea-a8e712cf73bb,2e5ebc02-f3d0-423a-95be-92767c90aca1,70b5b321-ee18-4f4d-ae39-8eaf9f8c9b95,->,f1dc3983-5daf-40b6-8dea-a8e712cf73bb,java/util/List.java,get
f1dc3983-5daf-40b6-8dea-a8e712cf73bb,2e5ebc02-f3d0-423a-95be-92767c90aca1,70b5b321-ee18-4f4d-ae39-8eaf9f8c9b95,->,f1dc3983-5daf-40b6-8dea-a8e712cf73bb,7111fdad-32ae-44ce-aecb-8a1afef85fc1,36a98832-47d1-4ed4-a704-6adeec721756
f1dc3983-5daf-40b6-8dea-a8e712cf73bb,2e5ebc02-f3d0-423a-95be-92767c90aca1,70b5b321-ee18-4f4d-ae39-8eaf9f8c9b95,->,f1dc3983-5daf-40b6-8dea-a8e712cf73bb,f206751d-d458-4b7a-a4a8-72d4bc1e8a8c,3d03fe3b-9e2f-47ed-a9c1-c1f14e4288fc
f1dc3983-5daf-40b6-8dea-a8e712cf73bb,2e5ebc02-f3d0-423a-95be-92767c90aca1,70b5b321-ee18-4f4d-ae39-8eaf9f8c9b95,->,f1dc3983-5daf-40b6-8dea-a8e712cf73bb,java/util/List.java,size
f1dc3983-5daf-40b6-8dea-a8e712cf73bb,2e5ebc02-f3d0-423a-95be-92767c90aca1,70b5b321-ee18-4f4d-ae39-8eaf9f8c9b95,->,f1dc3983-5daf-40b6-8dea-a8e712cf73bb,java/util/List.java,subList
f1dc3983-5daf-40b6-8dea-a8e712cf73bb,2e5ebc02-f3d0-423a-95be-92767c90aca1,70b5b321-ee18-4f4d-ae39-8eaf9f8c9b95,->,f1dc3983-5daf-40b6-8dea-a8e712cf73bb,java/util/List.java,iterator
f1dc3983-5daf-40b6-8dea-a8e712cf73bb,2e5ebc02-f3d0-423a-95be-92767c90aca1,70b5b321-ee18-4f4d-ae39-8eaf9f8c9b95,->,f1dc3983-5daf-40b6-8dea-a8e712cf73bb,java/util/Iterator.java,hasNext
f1dc3983-5daf-40b6-8dea-a8e712cf73bb,2e5ebc02-f3d0-423a-95be-92767c90aca1,70b5b321-ee18-4f4d-ae39-8eaf9f8c9b95,->,f1dc3983-5daf-40b6-8dea-a8e712cf73bb,java/util/Iterator.java,next
f1dc3983-5daf-40b6-8dea-a8e712cf73bb,2e5ebc02-f3d0-423a-95be-92767c90aca1,70b5b321-ee18-4f4d-ae39-8eaf9f8c9b95,->,f1dc3983-5daf-40b6-8dea-a8e712cf73bb,java/lang/StringBuilder.java,append
f1dc3983-5daf-40b6-8dea-a8e712cf73bb,2e5ebc02-f3d0-423a-95be-92767c90aca1,70b5b321-ee18-4f4d-ae39-8eaf9f8c9b95,->,f1dc3983-5daf-40b6-8dea-a8e712cf73bb,7111fdad-32ae-44ce-aecb-8a1afef85fc1,36a98832-47d1-4ed4-a704-6adeec721756
f1dc3983-5daf-40b6-8dea-a8e712cf73bb,2e5ebc02-f3d0-423a-95be-92767c90aca1,70b5b321-ee18-4f4d-ae39-8eaf9f8c9b95,->,f1dc3983-5daf-40b6-8dea-a8e712cf73bb,f206751d-d458-4b7a-a4a8-72d4bc1e8a8c,3d03fe3b-9e2f-47ed-a9c1-c1f14e4288fc
f1dc3983-5daf-40b6-8dea-a8e712cf73bb,2e5ebc02-f3d0-423a-95be-92767c90aca1,70b5b321-ee18-4f4d-ae39-8eaf9f8c9b95,->,f1dc3983-5daf-40b6-8dea-a8e712cf73bb,java/lang/StringBuilder.java,append
f1dc3983-5daf-40b6-8dea-a8e712cf73bb,2e5ebc02-f3d0-423a-95be-92767c90aca1,70b5b321-ee18-4f4d-ae39-8eaf9f8c9b95,->,f1dc3983-5daf-40b6-8dea-a8e712cf73bb,java/lang/StringBuilder.java,toString
f1dc3983-5daf-40b6-8dea-a8e712cf73bb,2e5ebc02-f3d0-423a-95be-92767c90aca1,70b5b321-ee18-4f4d-ae39-8eaf9f8c9b95,->,f1dc3983-5daf-40b6-8dea-a8e712cf73bb,java/lang/StringBuffer.java,append
f1dc3983-5daf-40b6-8dea-a8e712cf73bb,2e5ebc02-f3d0-423a-95be-92767c90aca1,70b5b321-ee18-4f4d-ae39-8eaf9f8c9b95,->,f1dc3983-5daf-40b6-8dea-a8e712cf73bb,java/lang/StringBuffer.java,toString
f1dc3983-5daf-40b6-8dea-a8e712cf73bb,2e5ebc02-f3d0-423a-95be-92767c90aca1,91789471-83dc-4425-8d27-2559b59f8f63,->,f1dc3983-5daf-40b6-8dea-a8e712cf73bb,java/util/List.java,get
f1dc3983-5daf-40b6-8dea-a8e712cf73bb,2e5ebc02-f3d0-423a-95be-92767c90aca1,91789471-83dc-4425-8d27-2559b59f8f63,->,f1dc3983-5daf-40b6-8dea-a8e712cf73bb,7111fdad-32ae-44ce-aecb-8a1afef85fc1,36a98832-47d1-4ed4-a704-6adeec721756
f1dc3983-5daf-40b6-8dea-a8e712cf73bb,2e5ebc02-f3d0-423a-95be-92767c90aca1,91789471-83dc-4425-8d27-2559b59f8f63,->,f1dc3983-5daf-40b6-8dea-a8e712cf73bb,f206751d-d458-4b7a-a4a8-72d4bc1e8a8c,8f15257a-8957-4dfb-8dfd-cdb2150c10d8
f1dc3983-5daf-40b6-8dea-a8e712cf73bb,2e5ebc02-f3d0-423a-95be-92767c90aca1,91789471-83dc-4425-8d27-2559b59f8f63,->,f1dc3983-5daf-40b6-8dea-a8e712cf73bb,java/util/List.java,size
f1dc3983-5daf-40b6-8dea-a8e712cf73bb,2e5ebc02-f3d0-423a-95be-92767c90aca1,91789471-83dc-4425-8d27-2559b59f8f63,->,f1dc3983-5daf-40b6-8dea-a8e712cf73bb,java/util/List.java,subList
f1dc3983-5daf-40b6-8dea-a8e712cf73bb,2e5ebc02-f3d0-423a-95be-92767c90aca1,91789471-83dc-4425-8d27-2559b59f8f63,->,f1dc3983-5daf-40b6-8dea-a8e712cf73bb,java/util/List.java,iterator
f1dc3983-5daf-40b6-8dea-a8e712cf73bb,2e5ebc02-f3d0-423a-95be-92767c90aca1,91789471-83dc-4425-8d27-2559b59f8f63,->,f1dc3983-5daf-40b6-8dea-a8e712cf73bb,java/util/Iterator.java,hasNext
f1dc3983-5daf-40b6-8dea-a8e712cf73bb,2e5ebc02-f3d0-423a-95be-92767c90aca1,91789471-83dc-4425-8d27-2559b59f8f63,->,f1dc3983-5daf-40b6-8dea-a8e712cf73bb,java/util/Iterator.java,next
f1dc3983-5daf-40b6-8dea-a8e712cf73bb,2e5ebc02-f3d0-423a-95be-92767c90aca1,91789471-83dc-4425-8d27-2559b59f8f63,->,f1dc3983-5daf-40b6-8dea-a8e712cf73bb,java/lang/StringBuilder.java,append
f1dc3983-5daf-40b6-8dea-a8e712cf73bb,2e5ebc02-f3d0-423a-95be-92767c90aca1,91789471-83dc-4425-8d27-2559b59f8f63,->,f1dc3983-5daf-40b6-8dea-a8e712cf73bb,7111fdad-32ae-44ce-aecb-8a1afef85fc1,36a98832-47d1-4ed4-a704-6adeec721756
f1dc3983-5daf-40b6-8dea-a8e712cf73bb,2e5ebc02-f3d0-423a-95be-92767c90aca1,91789471-83dc-4425-8d27-2559b59f8f63,->,f1dc3983-5daf-40b6-8dea-a8e712cf73bb,f206751d-d458-4b7a-a4a8-72d4bc1e8a8c,8f15257a-8957-4dfb-8dfd-cdb2150c10d8
f1dc3983-5daf-40b6-8dea-a8e712cf73bb,2e5ebc02-f3d0-423a-95be-92767c90aca1,91789471-83dc-4425-8d27-2559b59f8f63,->,f1dc3983-5daf-40b6-8dea-a8e712cf73bb,java/lang/StringBuilder.java,append
f1dc3983-5daf-40b6-8dea-a8e712cf73bb,2e5ebc02-f3d0-423a-95be-92767c90aca1,91789471-83dc-4425-8d27-2559b59f8f63,->,f1dc3983-5daf-40b6-8dea-a8e712cf73bb,java/lang/StringBuilder.java,toString
f1dc3983-5daf-40b6-8dea-a8e712cf73bb,2e5ebc02-f3d0-423a-95be-92767c90aca1,91789471-83dc-4425-8d27-2559b59f8f63,->,f1dc3983-5daf-40b6-8dea-a8e712cf73bb,java/lang/StringBuffer.java,append
f1dc3983-5daf-40b6-8dea-a8e712cf73bb,2e5ebc02-f3d0-423a-95be-92767c90aca1,91789471-83dc-4425-8d27-2559b59f8f63,->,f1dc3983-5daf-40b6-8dea-a8e712cf73bb,java/lang/StringBuffer.java,toString
f1dc3983-5daf-40b6-8dea-a8e712cf73bb,2e5ebc02-f3d0-423a-95be-92767c90aca1,d7ba6499-b6f1-4788-8bdf-3ea3f72f686d,->,f1dc3983-5daf-40b6-8dea-a8e712cf73bb,java/lang/String.java,hashCode
f1dc3983-5daf-40b6-8dea-a8e712cf73bb,2e5ebc02-f3d0-423a-95be-92767c90aca1,a69ce930-dae7-4beb-911c-6907e5a1169a,->,f1dc3983-5daf-40b6-8dea-a8e712cf73bb,42b060b8-8069-4ce2-b697-af4348e810da,9db7681e-b6da-43b8-a39b-41ccc0a749a4
f1dc3983-5daf-40b6-8dea-a8e712cf73bb,2e5ebc02-f3d0-423a-95be-92767c90aca1,a69ce930-dae7-4beb-911c-6907e5a1169a,->,f1dc3983-5daf-40b6-8dea-a8e712cf73bb,42b060b8-8069-4ce2-b697-af4348e810da,2676153b-5af3-4c8a-8950-cd97e5f1ce41
f1dc3983-5daf-40b6-8dea-a8e712cf73bb,2e5ebc02-f3d0-423a-95be-92767c90aca1,a69ce930-dae7-4beb-911c-6907e5a1169a,->,f1dc3983-5daf-40b6-8dea-a8e712cf73bb,42b060b8-8069-4ce2-b697-af4348e810da,9db7681e-b6da-43b8-a39b-41ccc0a749a4
f1dc3983-5daf-40b6-8dea-a8e712cf73bb,2e5ebc02-f3d0-423a-95be-92767c90aca1,a69ce930-dae7-4beb-911c-6907e5a1169a,->,f1dc3983-5daf-40b6-8dea-a8e712cf73bb,42b060b8-8069-4ce2-b697-af4348e810da,9f82363d-a8d4-44a0-b2d5-dec303783ea4
f1dc3983-5daf-40b6-8dea-a8e712cf73bb,2e5ebc02-f3d0-423a-95be-92767c90aca1,babb86f7-a002-40c4-ac9f-6818508cc4cf,->,f1dc3983-5daf-40b6-8dea-a8e712cf73bb,java/lang/StringBuilder.java,append
f1dc3983-5daf-40b6-8dea-a8e712cf73bb,2e5ebc02-f3d0-423a-95be-92767c90aca1,babb86f7-a002-40c4-ac9f-6818508cc4cf,->,f1dc3983-5daf-40b6-8dea-a8e712cf73bb,java/lang/StringBuilder.java,append
f1dc3983-5daf-40b6-8dea-a8e712cf73bb,2e5ebc02-f3d0-423a-95be-92767c90aca1,babb86f7-a002-40c4-ac9f-6818508cc4cf,->,f1dc3983-5daf-40b6-8dea-a8e712cf73bb,java/lang/StringBuilder.java,append
f1dc3983-5daf-40b6-8dea-a8e712cf73bb,2e5ebc02-f3d0-423a-95be-92767c90aca1,babb86f7-a002-40c4-ac9f-6818508cc4cf,->,f1dc3983-5daf-40b6-8dea-a8e712cf73bb,java/lang/StringBuilder.java,append
f1dc3983-5daf-40b6-8dea-a8e712cf73bb,2e5ebc02-f3d0-423a-95be-92767c90aca1,babb86f7-a002-40c4-ac9f-6818508cc4cf,->,f1dc3983-5daf-40b6-8dea-a8e712cf73bb,java/lang/StringBuilder.java,append
f1dc3983-5daf-40b6-8dea-a8e712cf73bb,2e5ebc02-f3d0-423a-95be-92767c90aca1,babb86f7-a002-40c4-ac9f-6818508cc4cf,->,f1dc3983-5daf-40b6-8dea-a8e712cf73bb,java/lang/StringBuilder.java,append
f1dc3983-5daf-40b6-8dea-a8e712cf73bb,2e5ebc02-f3d0-423a-95be-92767c90aca1,babb86f7-a002-40c4-ac9f-6818508cc4cf,->,f1dc3983-5daf-40b6-8dea-a8e712cf73bb,java/lang/StringBuilder.java,toString
f1dc3983-5daf-40b6-8dea-a8e712cf73bb,2e5ebc02-f3d0-423a-95be-92767c90aca1,babb86f7-a002-40c4-ac9f-6818508cc4cf,->,f1dc3983-5daf-40b6-8dea-a8e712cf73bb,java/lang/StringBuffer.java,append
f1dc3983-5daf-40b6-8dea-a8e712cf73bb,2e5ebc02-f3d0-423a-95be-92767c90aca1,babb86f7-a002-40c4-ac9f-6818508cc4cf,->,f1dc3983-5daf-40b6-8dea-a8e712cf73bb,java/util/Collection.java,iterator
f1dc3983-5daf-40b6-8dea-a8e712cf73bb,2e5ebc02-f3d0-423a-95be-92767c90aca1,babb86f7-a002-40c4-ac9f-6818508cc4cf,->,f1dc3983-5daf-40b6-8dea-a8e712cf73bb,java/util/Iterator.java,hasNext
f1dc3983-5daf-40b6-8dea-a8e712cf73bb,2e5ebc02-f3d0-423a-95be-92767c90aca1,babb86f7-a002-40c4-ac9f-6818508cc4cf,->,f1dc3983-5daf-40b6-8dea-a8e712cf73bb,java/lang/StringBuilder.java,append
f1dc3983-5daf-40b6-8dea-a8e712cf73bb,2e5ebc02-f3d0-423a-95be-92767c90aca1,babb86f7-a002-40c4-ac9f-6818508cc4cf,->,f1dc3983-5daf-40b6-8dea-a8e712cf73bb,java/util/Iterator.java,next
f1dc3983-5daf-40b6-8dea-a8e712cf73bb,2e5ebc02-f3d0-423a-95be-92767c90aca1,babb86f7-a002-40c4-ac9f-6818508cc4cf,->,f1dc3983-5daf-40b6-8dea-a8e712cf73bb,java/lang/StringBuilder.java,append
f1dc3983-5daf-40b6-8dea-a8e712cf73bb,2e5ebc02-f3d0-423a-95be-92767c90aca1,babb86f7-a002-40c4-ac9f-6818508cc4cf,->,f1dc3983-5daf-40b6-8dea-a8e712cf73bb,java/lang/StringBuilder.java,toString
f1dc3983-5daf-40b6-8dea-a8e712cf73bb,2e5ebc02-f3d0-423a-95be-92767c90aca1,babb86f7-a002-40c4-ac9f-6818508cc4cf,->,f1dc3983-5daf-40b6-8dea-a8e712cf73bb,java/lang/StringBuffer.java,append
f1dc3983-5daf-40b6-8dea-a8e712cf73bb,2e5ebc02-f3d0-423a-95be-92767c90aca1,babb86f7-a002-40c4-ac9f-6818508cc4cf,->,f1dc3983-5daf-40b6-8dea-a8e712cf73bb,java/lang/StringBuffer.java,append
f1dc3983-5daf-40b6-8dea-a8e712cf73bb,2e5ebc02-f3d0-423a-95be-92767c90aca1,babb86f7-a002-40c4-ac9f-6818508cc4cf,->,f1dc3983-5daf-40b6-8dea-a8e712cf73bb,java/util/List.java,iterator
f1dc3983-5daf-40b6-8dea-a8e712cf73bb,2e5ebc02-f3d0-423a-95be-92767c90aca1,babb86f7-a002-40c4-ac9f-6818508cc4cf,->,f1dc3983-5daf-40b6-8dea-a8e712cf73bb,java/util/Iterator.java,hasNext
f1dc3983-5daf-40b6-8dea-a8e712cf73bb,2e5ebc02-f3d0-423a-95be-92767c90aca1,babb86f7-a002-40c4-ac9f-6818508cc4cf,->,f1dc3983-5daf-40b6-8dea-a8e712cf73bb,java/util/Iterator.java,next
f1dc3983-5daf-40b6-8dea-a8e712cf73bb,2e5ebc02-f3d0-423a-95be-92767c90aca1,babb86f7-a002-40c4-ac9f-6818508cc4cf,->,f1dc3983-5daf-40b6-8dea-a8e712cf73bb,java/lang/StringBuffer.java,append
f1dc3983-5daf-40b6-8dea-a8e712cf73bb,2e5ebc02-f3d0-423a-95be-92767c90aca1,babb86f7-a002-40c4-ac9f-6818508cc4cf,->,f1dc3983-5daf-40b6-8dea-a8e712cf73bb,java/lang/StringBuffer.java,toString
f1dc3983-5daf-40b6-8dea-a8e712cf73bb,2e5ebc02-f3d0-423a-95be-92767c90aca1,5382051c-569b-4ad8-b4b0-be2b573244be,->,f1dc3983-5daf-40b6-8dea-a8e712cf73bb,2e5ebc02-f3d0-423a-95be-92767c90aca1,5382051c-569b-4ad8-b4b0-be2b573244be
f1dc3983-5daf-40b6-8dea-a8e712cf73bb,42b060b8-8069-4ce2-b697-af4348e810da,75866a2e-ecad-4d8b-a256-d16d39a0b5c8,->,f1dc3983-5daf-40b6-8dea-a8e712cf73bb,42b060b8-8069-4ce2-b697-af4348e810da,9db7681e-b6da-43b8-a39b-41ccc0a749a4
f1dc3983-5daf-40b6-8dea-a8e712cf73bb,42b060b8-8069-4ce2-b697-af4348e810da,75866a2e-ecad-4d8b-a256-d16d39a0b5c8,->,f1dc3983-5daf-40b6-8dea-a8e712cf73bb,42b060b8-8069-4ce2-b697-af4348e810da,b6677a8c-26a8-4911-be26-5b1ff9b09b1e
f1dc3983-5daf-40b6-8dea-a8e712cf73bb,42b060b8-8069-4ce2-b697-af4348e810da,75866a2e-ecad-4d8b-a256-d16d39a0b5c8,->,f1dc3983-5daf-40b6-8dea-a8e712cf73bb,java/lang/StringBuilder.java,append
f1dc3983-5daf-40b6-8dea-a8e712cf73bb,42b060b8-8069-4ce2-b697-af4348e810da,75866a2e-ecad-4d8b-a256-d16d39a0b5c8,->,f1dc3983-5daf-40b6-8dea-a8e712cf73bb,46ea8bdb-6073-4428-9248-da3e9e211ea4,"ab276c7b-bd7c-4db8-9524-42f5f6d95974,bf9218e9-68f1-4c86-ba45-95330669fbb6"
f1dc3983-5daf-40b6-8dea-a8e712cf73bb,42b060b8-8069-4ce2-b697-af4348e810da,75866a2e-ecad-4d8b-a256-d16d39a0b5c8,->,f1dc3983-5daf-40b6-8dea-a8e712cf73bb,java/lang/StringBuilder.java,append
f1dc3983-5daf-40b6-8dea-a8e712cf73bb,42b060b8-8069-4ce2-b697-af4348e810da,75866a2e-ecad-4d8b-a256-d16d39a0b5c8,->,f1dc3983-5daf-40b6-8dea-a8e712cf73bb,java/lang/StringBuilder.java,toString
f1dc3983-5daf-40b6-8dea-a8e712cf73bb,42b060b8-8069-4ce2-b697-af4348e810da,75866a2e-ecad-4d8b-a256-d16d39a0b5c8,->,f1dc3983-5daf-40b6-8dea-a8e712cf73bb,java/io/PrintStream.java,println
f1dc3983-5daf-40b6-8dea-a8e712cf73bb,42b060b8-8069-4ce2-b697-af4348e810da,993c3f2c-12da-4c25-9863-45172a661476,->,f1dc3983-5daf-40b6-8dea-a8e712cf73bb,dcfb92ea-1a1c-400e-b05a-3685c4f1cd00,c4d7b40b-c986-4a57-9b84-2bdf07190901
f1dc3983-5daf-40b6-8dea-a8e712cf73bb,42b060b8-8069-4ce2-b697-af4348e810da,993c3f2c-12da-4c25-9863-45172a661476,->,f1dc3983-5daf-40b6-8dea-a8e712cf73bb,2e5ebc02-f3d0-423a-95be-92767c90aca1,9bccf370-b2e7-4f17-886e-44b2aba8e789
f1dc3983-5daf-40b6-8dea-a8e712cf73bb,42b060b8-8069-4ce2-b697-af4348e810da,993c3f2c-12da-4c25-9863-45172a661476,->,f1dc3983-5daf-40b6-8dea-a8e712cf73bb,dcfb92ea-1a1c-400e-b05a-3685c4f1cd00,7e5f762a-e3d9-4e72-a424-c3f1d1267d5a
f1dc3983-5daf-40b6-8dea-a8e712cf73bb,42b060b8-8069-4ce2-b697-af4348e810da,993c3f2c-12da-4c25-9863-45172a661476,->,f1dc3983-5daf-40b6-8dea-a8e712cf73bb,4d5d5404-a022-4f98-9bfb-75e7837433dc,cfe058b5-59f9-4bd2-85f2-07dd8ef7ca4b
f1dc3983-5daf-40b6-8dea-a8e712cf73bb,42b060b8-8069-4ce2-b697-af4348e810da,993c3f2c-12da-4c25-9863-45172a661476,->,f1dc3983-5daf-40b6-8dea-a8e712cf73bb,4d5d5404-a022-4f98-9bfb-75e7837433dc,ab036b9d-aa4b-46f0-a485-9b2674240d25
f1dc3983-5daf-40b6-8dea-a8e712cf73bb,42b060b8-8069-4ce2-b697-af4348e810da,993c3f2c-12da-4c25-9863-45172a661476,->,f1dc3983-5daf-40b6-8dea-a8e712cf73bb,java/sql/PreparedStatement.java,setInt
f1dc3983-5daf-40b6-8dea-a8e712cf73bb,42b060b8-8069-4ce2-b697-af4348e810da,993c3f2c-12da-4c25-9863-45172a661476,->,f1dc3983-5daf-40b6-8dea-a8e712cf73bb,java/sql/PreparedStatement.java,setInt
f1dc3983-5daf-40b6-8dea-a8e712cf73bb,42b060b8-8069-4ce2-b697-af4348e810da,993c3f2c-12da-4c25-9863-45172a661476,->,f1dc3983-5daf-40b6-8dea-a8e712cf73bb,java/sql/PreparedStatement.java,addBatch
f1dc3983-5daf-40b6-8dea-a8e712cf73bb,42b060b8-8069-4ce2-b697-af4348e810da,993c3f2c-12da-4c25-9863-45172a661476,->,f1dc3983-5daf-40b6-8dea-a8e712cf73bb,java/sql/PreparedStatement.java,executeBatch
f1dc3983-5daf-40b6-8dea-a8e712cf73bb,42b060b8-8069-4ce2-b697-af4348e810da,993c3f2c-12da-4c25-9863-45172a661476,->,f1dc3983-5daf-40b6-8dea-a8e712cf73bb,2e5ebc02-f3d0-423a-95be-92767c90aca1,0bb1b53f-6623-498e-a78a-36c548301bb7
f1dc3983-5daf-40b6-8dea-a8e712cf73bb,42b060b8-8069-4ce2-b697-af4348e810da,993c3f2c-12da-4c25-9863-45172a661476,->,f1dc3983-5daf-40b6-8dea-a8e712cf73bb,java/util/Collection.java,iterator
f1dc3983-5daf-40b6-8dea-a8e712cf73bb,42b060b8-8069-4ce2-b697-af4348e810da,993c3f2c-12da-4c25-9863-45172a661476,->,f1dc3983-5daf-40b6-8dea-a8e712cf73bb,java/util/Iterator.java,hasNext
f1dc3983-5daf-40b6-8dea-a8e712cf73bb,42b060b8-8069-4ce2-b697-af4348e810da,993c3f2c-12da-4c25-9863-45172a661476,->,f1dc3983-5daf-40b6-8dea-a8e712cf73bb,java/util/Iterator.java,next
f1dc3983-5daf-40b6-8dea-a8e712cf73bb,42b060b8-8069-4ce2-b697-af4348e810da,993c3f2c-12da-4c25-9863-45172a661476,->,f1dc3983-5daf-40b6-8dea-a8e712cf73bb,42b060b8-8069-4ce2-b697-af4348e810da,a45c787a-40c6-449c-b3fa-e8e4b9faccfe
f1dc3983-5daf-40b6-8dea-a8e712cf73bb,42b060b8-8069-4ce2-b697-af4348e810da,a45c787a-40c6-449c-b3fa-e8e4b9faccfe,->,f1dc3983-5daf-40b6-8dea-a8e712cf73bb,58b6f058-eb41-4728-9329-3c253af52eb6,5b56014e-5e46-4583-a30d-c7ed84ceb455
f1dc3983-5daf-40b6-8dea-a8e712cf73bb,42b060b8-8069-4ce2-b697-af4348e810da,a45c787a-40c6-449c-b3fa-e8e4b9faccfe,->,f1dc3983-5daf-40b6-8dea-a8e712cf73bb,58b6f058-eb41-4728-9329-3c253af52eb6,e142b8a7-395b-4fcf-a86d-d9b0b49ccbf6
f1dc3983-5daf-40b6-8dea-a8e712cf73bb,42b060b8-8069-4ce2-b697-af4348e810da,a45c787a-40c6-449c-b3fa-e8e4b9faccfe,->,f1dc3983-5daf-40b6-8dea-a8e712cf73bb,4d5d5404-a022-4f98-9bfb-75e7837433dc,cfe058b5-59f9-4bd2-85f2-07dd8ef7ca4b
f1dc3983-5daf-40b6-8dea-a8e712cf73bb,42b060b8-8069-4ce2-b697-af4348e810da,a45c787a-40c6-449c-b3fa-e8e4b9faccfe,->,f1dc3983-5daf-40b6-8dea-a8e712cf73bb,4d5d5404-a022-4f98-9bfb-75e7837433dc,ab036b9d-aa4b-46f0-a485-9b2674240d25
f1dc3983-5daf-40b6-8dea-a8e712cf73bb,42b060b8-8069-4ce2-b697-af4348e810da,a45c787a-40c6-449c-b3fa-e8e4b9faccfe,->,f1dc3983-5daf-40b6-8dea-a8e712cf73bb,java/sql/PreparedStatement.java,setInt
f1dc3983-5daf-40b6-8dea-a8e712cf73bb,42b060b8-8069-4ce2-b697-af4348e810da,a45c787a-40c6-449c-b3fa-e8e4b9faccfe,->,f1dc3983-5daf-40b6-8dea-a8e712cf73bb,java/sql/PreparedStatement.java,setInt
f1dc3983-5daf-40b6-8dea-a8e712cf73bb,42b060b8-8069-4ce2-b697-af4348e810da,a45c787a-40c6-449c-b3fa-e8e4b9faccfe,->,f1dc3983-5daf-40b6-8dea-a8e712cf73bb,4d5d5404-a022-4f98-9bfb-75e7837433dc,cfe058b5-59f9-4bd2-85f2-07dd8ef7ca4b
f1dc3983-5daf-40b6-8dea-a8e712cf73bb,42b060b8-8069-4ce2-b697-af4348e810da,a45c787a-40c6-449c-b3fa-e8e4b9faccfe,->,f1dc3983-5daf-40b6-8dea-a8e712cf73bb,4d5d5404-a022-4f98-9bfb-75e7837433dc,d5f515f6-e2fa-4169-8946-0af34553e682
f1dc3983-5daf-40b6-8dea-a8e712cf73bb,42b060b8-8069-4ce2-b697-af4348e810da,612874e7-923f-4291-91f9-ba69c6c9c279,->,f1dc3983-5daf-40b6-8dea-a8e712cf73bb,46ea8bdb-6073-4428-9248-da3e9e211ea4,adf0fa5a-d7ea-4e44-9198-5ef9f2dc8c84
f1dc3983-5daf-40b6-8dea-a8e712cf73bb,42b060b8-8069-4ce2-b697-af4348e810da,612874e7-923f-4291-91f9-ba69c6c9c279,->,f1dc3983-5daf-40b6-8dea-a8e712cf73bb,99d9e32d-3617-4d0f-9d2f-21ca6442d165,ee08fea1-0833-4408-b826-781c149a250d
f1dc3983-5daf-40b6-8dea-a8e712cf73bb,42b060b8-8069-4ce2-b697-af4348e810da,612874e7-923f-4291-91f9-ba69c6c9c279,->,f1dc3983-5daf-40b6-8dea-a8e712cf73bb,46ea8bdb-6073-4428-9248-da3e9e211ea4,1e9de47c-b5ee-4560-9e60-82910aedfef0
f1dc3983-5daf-40b6-8dea-a8e712cf73bb,42b060b8-8069-4ce2-b697-af4348e810da,612874e7-923f-4291-91f9-ba69c6c9c279,->,f1dc3983-5daf-40b6-8dea-a8e712cf73bb,495a24b3-509f-446a-880a-5e23a89bf661,76c504f6-6541-4328-9b38-ee3df69d99d3
f1dc3983-5daf-40b6-8dea-a8e712cf73bb,42b060b8-8069-4ce2-b697-af4348e810da,612874e7-923f-4291-91f9-ba69c6c9c279,->,f1dc3983-5daf-40b6-8dea-a8e712cf73bb,java/text/NumberFormat.java,getInstance
f1dc3983-5daf-40b6-8dea-a8e712cf73bb,42b060b8-8069-4ce2-b697-af4348e810da,612874e7-923f-4291-91f9-ba69c6c9c279,->,f1dc3983-5daf-40b6-8dea-a8e712cf73bb,java/text/NumberFormat.java,setMaximumFractionDigits
f1dc3983-5daf-40b6-8dea-a8e712cf73bb,42b060b8-8069-4ce2-b697-af4348e810da,612874e7-923f-4291-91f9-ba69c6c9c279,->,f1dc3983-5daf-40b6-8dea-a8e712cf73bb,java/text/NumberFormat.java,setMinimumFractionDigits
f1dc3983-5daf-40b6-8dea-a8e712cf73bb,42b060b8-8069-4ce2-b697-af4348e810da,612874e7-923f-4291-91f9-ba69c6c9c279,->,f1dc3983-5daf-40b6-8dea-a8e712cf73bb,46ea8bdb-6073-4428-9248-da3e9e211ea4,1ab375eb-6d78-474f-a77e-537456340dba
f1dc3983-5daf-40b6-8dea-a8e712cf73bb,42b060b8-8069-4ce2-b697-af4348e810da,612874e7-923f-4291-91f9-ba69c6c9c279,->,f1dc3983-5daf-40b6-8dea-a8e712cf73bb,java/sql/PreparedStatement.java,setString
f1dc3983-5daf-40b6-8dea-a8e712cf73bb,42b060b8-8069-4ce2-b697-af4348e810da,612874e7-923f-4291-91f9-ba69c6c9c279,->,f1dc3983-5daf-40b6-8dea-a8e712cf73bb,46ea8bdb-6073-4428-9248-da3e9e211ea4,5781ac2e-365b-4a93-904d-bb56e484cde2
f1dc3983-5daf-40b6-8dea-a8e712cf73bb,42b060b8-8069-4ce2-b697-af4348e810da,612874e7-923f-4291-91f9-ba69c6c9c279,->,f1dc3983-5daf-40b6-8dea-a8e712cf73bb,java/util/Calendar.java,getTime
f1dc3983-5daf-40b6-8dea-a8e712cf73bb,42b060b8-8069-4ce2-b697-af4348e810da,612874e7-923f-4291-91f9-ba69c6c9c279,->,f1dc3983-5daf-40b6-8dea-a8e712cf73bb,java/util/Date.java,getTime
f1dc3983-5daf-40b6-8dea-a8e712cf73bb,42b060b8-8069-4ce2-b697-af4348e810da,612874e7-923f-4291-91f9-ba69c6c9c279,->,f1dc3983-5daf-40b6-8dea-a8e712cf73bb,java/sql/PreparedStatement.java,setDate
f1dc3983-5daf-40b6-8dea-a8e712cf73bb,42b060b8-8069-4ce2-b697-af4348e810da,612874e7-923f-4291-91f9-ba69c6c9c279,->,f1dc3983-5daf-40b6-8dea-a8e712cf73bb,java/sql/PreparedStatement.java,setInt
f1dc3983-5daf-40b6-8dea-a8e712cf73bb,42b060b8-8069-4ce2-b697-af4348e810da,612874e7-923f-4291-91f9-ba69c6c9c279,->,f1dc3983-5daf-40b6-8dea-a8e712cf73bb,46ea8bdb-6073-4428-9248-da3e9e211ea4,39e5a5b2-be39-4164-b9a5-98ee1f4925b2
f1dc3983-5daf-40b6-8dea-a8e712cf73bb,42b060b8-8069-4ce2-b697-af4348e810da,612874e7-923f-4291-91f9-ba69c6c9c279,->,f1dc3983-5daf-40b6-8dea-a8e712cf73bb,java/sql/PreparedStatement.java,setString
f1dc3983-5daf-40b6-8dea-a8e712cf73bb,42b060b8-8069-4ce2-b697-af4348e810da,612874e7-923f-4291-91f9-ba69c6c9c279,->,f1dc3983-5daf-40b6-8dea-a8e712cf73bb,46ea8bdb-6073-4428-9248-da3e9e211ea4,fa71786c-f67b-4386-abcd-f9e6500ac247
f1dc3983-5daf-40b6-8dea-a8e712cf73bb,42b060b8-8069-4ce2-b697-af4348e810da,612874e7-923f-4291-91f9-ba69c6c9c279,->,f1dc3983-5daf-40b6-8dea-a8e712cf73bb,java/lang/Integer.java,intValue
f1dc3983-5daf-40b6-8dea-a8e712cf73bb,42b060b8-8069-4ce2-b697-af4348e810da,612874e7-923f-4291-91f9-ba69c6c9c279,->,f1dc3983-5daf-40b6-8dea-a8e712cf73bb,java/sql/PreparedStatement.java,setInt
f1dc3983-5daf-40b6-8dea-a8e712cf73bb,42b060b8-8069-4ce2-b697-af4348e810da,612874e7-923f-4291-91f9-ba69c6c9c279,->,f1dc3983-5daf-40b6-8dea-a8e712cf73bb,java/sql/PreparedStatement.java,setInt
f1dc3983-5daf-40b6-8dea-a8e712cf73bb,42b060b8-8069-4ce2-b697-af4348e810da,612874e7-923f-4291-91f9-ba69c6c9c279,->,f1dc3983-5daf-40b6-8dea-a8e712cf73bb,46ea8bdb-6073-4428-9248-da3e9e211ea4,d1f2f841-1195-449f-a55a-6fd5a23e2284
f1dc3983-5daf-40b6-8dea-a8e712cf73bb,42b060b8-8069-4ce2-b697-af4348e810da,612874e7-923f-4291-91f9-ba69c6c9c279,->,f1dc3983-5daf-40b6-8dea-a8e712cf73bb,java/sql/PreparedStatement.java,setString
f1dc3983-5daf-40b6-8dea-a8e712cf73bb,42b060b8-8069-4ce2-b697-af4348e810da,612874e7-923f-4291-91f9-ba69c6c9c279,->,f1dc3983-5daf-40b6-8dea-a8e712cf73bb,46ea8bdb-6073-4428-9248-da3e9e211ea4,5c5d3b35-03a6-4d31-837b-0266fee0fb8d
f1dc3983-5daf-40b6-8dea-a8e712cf73bb,42b060b8-8069-4ce2-b697-af4348e810da,612874e7-923f-4291-91f9-ba69c6c9c279,->,f1dc3983-5daf-40b6-8dea-a8e712cf73bb,java/sql/PreparedStatement.java,setInt
f1dc3983-5daf-40b6-8dea-a8e712cf73bb,42b060b8-8069-4ce2-b697-af4348e810da,612874e7-923f-4291-91f9-ba69c6c9c279,->,f1dc3983-5daf-40b6-8dea-a8e712cf73bb,46ea8bdb-6073-4428-9248-da3e9e211ea4,99de866d-de55-4edb-a9b5-a76d564c2049
f1dc3983-5daf-40b6-8dea-a8e712cf73bb,42b060b8-8069-4ce2-b697-af4348e810da,612874e7-923f-4291-91f9-ba69c6c9c279,->,f1dc3983-5daf-40b6-8dea-a8e712cf73bb,java/sql/PreparedStatement.java,setInt
f1dc3983-5daf-40b6-8dea-a8e712cf73bb,42b060b8-8069-4ce2-b697-af4348e810da,612874e7-923f-4291-91f9-ba69c6c9c279,->,f1dc3983-5daf-40b6-8dea-a8e712cf73bb,46ea8bdb-6073-4428-9248-da3e9e211ea4,53f2491b-566b-4a9c-94e2-f44f7ed95061
f1dc3983-5daf-40b6-8dea-a8e712cf73bb,42b060b8-8069-4ce2-b697-af4348e810da,612874e7-923f-4291-91f9-ba69c6c9c279,->,f1dc3983-5daf-40b6-8dea-a8e712cf73bb,java/sql/PreparedStatement.java,setInt
f1dc3983-5daf-40b6-8dea-a8e712cf73bb,42b060b8-8069-4ce2-b697-af4348e810da,612874e7-923f-4291-91f9-ba69c6c9c279,->,f1dc3983-5daf-40b6-8dea-a8e712cf73bb,46ea8bdb-6073-4428-9248-da3e9e211ea4,ac116dcb-9124-47fb-b3bb-b413ff0d2842
f1dc3983-5daf-40b6-8dea-a8e712cf73bb,42b060b8-8069-4ce2-b697-af4348e810da,612874e7-923f-4291-91f9-ba69c6c9c279,->,f1dc3983-5daf-40b6-8dea-a8e712cf73bb,java/sql/PreparedStatement.java,setDouble
f1dc3983-5daf-40b6-8dea-a8e712cf73bb,42b060b8-8069-4ce2-b697-af4348e810da,612874e7-923f-4291-91f9-ba69c6c9c279,->,f1dc3983-5daf-40b6-8dea-a8e712cf73bb,46ea8bdb-6073-4428-9248-da3e9e211ea4,2305fe18-f79f-44ba-aad5-b96ad1020e1e
f1dc3983-5daf-40b6-8dea-a8e712cf73bb,42b060b8-8069-4ce2-b697-af4348e810da,612874e7-923f-4291-91f9-ba69c6c9c279,->,f1dc3983-5daf-40b6-8dea-a8e712cf73bb,java/sql/PreparedStatement.java,setInt
f1dc3983-5daf-40b6-8dea-a8e712cf73bb,42b060b8-8069-4ce2-b697-af4348e810da,612874e7-923f-4291-91f9-ba69c6c9c279,->,f1dc3983-5daf-40b6-8dea-a8e712cf73bb,46ea8bdb-6073-4428-9248-da3e9e211ea4,a6653cf9-98a1-42af-b528-dfb0d01eb8fd
f1dc3983-5daf-40b6-8dea-a8e712cf73bb,42b060b8-8069-4ce2-b697-af4348e810da,612874e7-923f-4291-91f9-ba69c6c9c279,->,f1dc3983-5daf-40b6-8dea-a8e712cf73bb,java/lang/Integer.java,intValue
f1dc3983-5daf-40b6-8dea-a8e712cf73bb,42b060b8-8069-4ce2-b697-af4348e810da,612874e7-923f-4291-91f9-ba69c6c9c279,->,f1dc3983-5daf-40b6-8dea-a8e712cf73bb,java/sql/PreparedStatement.java,setInt
f1dc3983-5daf-40b6-8dea-a8e712cf73bb,42b060b8-8069-4ce2-b697-af4348e810da,612874e7-923f-4291-91f9-ba69c6c9c279,->,f1dc3983-5daf-40b6-8dea-a8e712cf73bb,4d5d5404-a022-4f98-9bfb-75e7837433dc,cfe058b5-59f9-4bd2-85f2-07dd8ef7ca4b
f1dc3983-5daf-40b6-8dea-a8e712cf73bb,42b060b8-8069-4ce2-b697-af4348e810da,612874e7-923f-4291-91f9-ba69c6c9c279,->,f1dc3983-5daf-40b6-8dea-a8e712cf73bb,4d5d5404-a022-4f98-9bfb-75e7837433dc,d5f515f6-e2fa-4169-8946-0af34553e682
f1dc3983-5daf-40b6-8dea-a8e712cf73bb,42b060b8-8069-4ce2-b697-af4348e810da,612874e7-923f-4291-91f9-ba69c6c9c279,->,f1dc3983-5daf-40b6-8dea-a8e712cf73bb,46ea8bdb-6073-4428-9248-da3e9e211ea4,1ab375eb-6d78-474f-a77e-537456340dba
f1dc3983-5daf-40b6-8dea-a8e712cf73bb,42b060b8-8069-4ce2-b697-af4348e810da,612874e7-923f-4291-91f9-ba69c6c9c279,->,f1dc3983-5daf-40b6-8dea-a8e712cf73bb,java/sql/PreparedStatement.java,setString
f1dc3983-5daf-40b6-8dea-a8e712cf73bb,42b060b8-8069-4ce2-b697-af4348e810da,612874e7-923f-4291-91f9-ba69c6c9c279,->,f1dc3983-5daf-40b6-8dea-a8e712cf73bb,46ea8bdb-6073-4428-9248-da3e9e211ea4,5781ac2e-365b-4a93-904d-bb56e484cde2
f1dc3983-5daf-40b6-8dea-a8e712cf73bb,42b060b8-8069-4ce2-b697-af4348e810da,612874e7-923f-4291-91f9-ba69c6c9c279,->,f1dc3983-5daf-40b6-8dea-a8e712cf73bb,java/util/Calendar.java,getTime
f1dc3983-5daf-40b6-8dea-a8e712cf73bb,42b060b8-8069-4ce2-b697-af4348e810da,612874e7-923f-4291-91f9-ba69c6c9c279,->,f1dc3983-5daf-40b6-8dea-a8e712cf73bb,java/util/Date.java,getTime
f1dc3983-5daf-40b6-8dea-a8e712cf73bb,42b060b8-8069-4ce2-b697-af4348e810da,612874e7-923f-4291-91f9-ba69c6c9c279,->,f1dc3983-5daf-40b6-8dea-a8e712cf73bb,java/sql/PreparedStatement.java,setDate
f1dc3983-5daf-40b6-8dea-a8e712cf73bb,42b060b8-8069-4ce2-b697-af4348e810da,612874e7-923f-4291-91f9-ba69c6c9c279,->,f1dc3983-5daf-40b6-8dea-a8e712cf73bb,java/sql/PreparedStatement.java,setInt
f1dc3983-5daf-40b6-8dea-a8e712cf73bb,42b060b8-8069-4ce2-b697-af4348e810da,612874e7-923f-4291-91f9-ba69c6c9c279,->,f1dc3983-5daf-40b6-8dea-a8e712cf73bb,46ea8bdb-6073-4428-9248-da3e9e211ea4,39e5a5b2-be39-4164-b9a5-98ee1f4925b2
f1dc3983-5daf-40b6-8dea-a8e712cf73bb,42b060b8-8069-4ce2-b697-af4348e810da,612874e7-923f-4291-91f9-ba69c6c9c279,->,f1dc3983-5daf-40b6-8dea-a8e712cf73bb,java/sql/PreparedStatement.java,setString
f1dc3983-5daf-40b6-8dea-a8e712cf73bb,42b060b8-8069-4ce2-b697-af4348e810da,612874e7-923f-4291-91f9-ba69c6c9c279,->,f1dc3983-5daf-40b6-8dea-a8e712cf73bb,4d5d5404-a022-4f98-9bfb-75e7837433dc,cfe058b5-59f9-4bd2-85f2-07dd8ef7ca4b
f1dc3983-5daf-40b6-8dea-a8e712cf73bb,42b060b8-8069-4ce2-b697-af4348e810da,612874e7-923f-4291-91f9-ba69c6c9c279,->,f1dc3983-5daf-40b6-8dea-a8e712cf73bb,4d5d5404-a022-4f98-9bfb-75e7837433dc,c6697ba3-0f94-4dee-8f5b-789d53ec0631
f1dc3983-5daf-40b6-8dea-a8e712cf73bb,42b060b8-8069-4ce2-b697-af4348e810da,612874e7-923f-4291-91f9-ba69c6c9c279,->,f1dc3983-5daf-40b6-8dea-a8e712cf73bb,java/sql/ResultSet.java,next
f1dc3983-5daf-40b6-8dea-a8e712cf73bb,42b060b8-8069-4ce2-b697-af4348e810da,612874e7-923f-4291-91f9-ba69c6c9c279,->,f1dc3983-5daf-40b6-8dea-a8e712cf73bb,java/sql/ResultSet.java,getInt
f1dc3983-5daf-40b6-8dea-a8e712cf73bb,42b060b8-8069-4ce2-b697-af4348e810da,612874e7-923f-4291-91f9-ba69c6c9c279,->,f1dc3983-5daf-40b6-8dea-a8e712cf73bb,java/sql/ResultSet.java,close
f1dc3983-5daf-40b6-8dea-a8e712cf73bb,42b060b8-8069-4ce2-b697-af4348e810da,612874e7-923f-4291-91f9-ba69c6c9c279,->,f1dc3983-5daf-40b6-8dea-a8e712cf73bb,46ea8bdb-6073-4428-9248-da3e9e211ea4,571af7d4-b576-4b58-ba45-81c089ddefd0
f1dc3983-5daf-40b6-8dea-a8e712cf73bb,42b060b8-8069-4ce2-b697-af4348e810da,612874e7-923f-4291-91f9-ba69c6c9c279,->,f1dc3983-5daf-40b6-8dea-a8e712cf73bb,java/util/Collection.java,size
f1dc3983-5daf-40b6-8dea-a8e712cf73bb,42b060b8-8069-4ce2-b697-af4348e810da,612874e7-923f-4291-91f9-ba69c6c9c279,->,f1dc3983-5daf-40b6-8dea-a8e712cf73bb,46ea8bdb-6073-4428-9248-da3e9e211ea4,571af7d4-b576-4b58-ba45-81c089ddefd0
f1dc3983-5daf-40b6-8dea-a8e712cf73bb,42b060b8-8069-4ce2-b697-af4348e810da,612874e7-923f-4291-91f9-ba69c6c9c279,->,f1dc3983-5daf-40b6-8dea-a8e712cf73bb,java/util/Collection.java,iterator
f1dc3983-5daf-40b6-8dea-a8e712cf73bb,42b060b8-8069-4ce2-b697-af4348e810da,612874e7-923f-4291-91f9-ba69c6c9c279,->,f1dc3983-5daf-40b6-8dea-a8e712cf73bb,java/util/Iterator.java,hasNext
f1dc3983-5daf-40b6-8dea-a8e712cf73bb,42b060b8-8069-4ce2-b697-af4348e810da,612874e7-923f-4291-91f9-ba69c6c9c279,->,f1dc3983-5daf-40b6-8dea-a8e712cf73bb,java/util/Iterator.java,next
f1dc3983-5daf-40b6-8dea-a8e712cf73bb,42b060b8-8069-4ce2-b697-af4348e810da,612874e7-923f-4291-91f9-ba69c6c9c279,->,f1dc3983-5daf-40b6-8dea-a8e712cf73bb,69ac7b64-9248-4ac5-b8f4-75048ed8f843,6aceb7ed-c9d4-454d-a368-4fb6e00103e1
f1dc3983-5daf-40b6-8dea-a8e712cf73bb,42b060b8-8069-4ce2-b697-af4348e810da,612874e7-923f-4291-91f9-ba69c6c9c279,->,f1dc3983-5daf-40b6-8dea-a8e712cf73bb,4d5d5404-a022-4f98-9bfb-75e7837433dc,cfe058b5-59f9-4bd2-85f2-07dd8ef7ca4b
f1dc3983-5daf-40b6-8dea-a8e712cf73bb,42b060b8-8069-4ce2-b697-af4348e810da,612874e7-923f-4291-91f9-ba69c6c9c279,->,f1dc3983-5daf-40b6-8dea-a8e712cf73bb,4d5d5404-a022-4f98-9bfb-75e7837433dc,ab036b9d-aa4b-46f0-a485-9b2674240d25
f1dc3983-5daf-40b6-8dea-a8e712cf73bb,42b060b8-8069-4ce2-b697-af4348e810da,612874e7-923f-4291-91f9-ba69c6c9c279,->,f1dc3983-5daf-40b6-8dea-a8e712cf73bb,java/sql/PreparedStatement.java,setInt
f1dc3983-5daf-40b6-8dea-a8e712cf73bb,42b060b8-8069-4ce2-b697-af4348e810da,612874e7-923f-4291-91f9-ba69c6c9c279,->,f1dc3983-5daf-40b6-8dea-a8e712cf73bb,java/sql/PreparedStatement.java,setInt
f1dc3983-5daf-40b6-8dea-a8e712cf73bb,42b060b8-8069-4ce2-b697-af4348e810da,612874e7-923f-4291-91f9-ba69c6c9c279,->,f1dc3983-5daf-40b6-8dea-a8e712cf73bb,java/sql/PreparedStatement.java,execute
f1dc3983-5daf-40b6-8dea-a8e712cf73bb,42b060b8-8069-4ce2-b697-af4348e810da,612874e7-923f-4291-91f9-ba69c6c9c279,->,f1dc3983-5daf-40b6-8dea-a8e712cf73bb,46ea8bdb-6073-4428-9248-da3e9e211ea4,30056950-15a9-4a0a-a4b2-a821dff86181
f1dc3983-5daf-40b6-8dea-a8e712cf73bb,42b060b8-8069-4ce2-b697-af4348e810da,612874e7-923f-4291-91f9-ba69c6c9c279,->,f1dc3983-5daf-40b6-8dea-a8e712cf73bb,java/util/Collection.java,iterator
f1dc3983-5daf-40b6-8dea-a8e712cf73bb,42b060b8-8069-4ce2-b697-af4348e810da,612874e7-923f-4291-91f9-ba69c6c9c279,->,f1dc3983-5daf-40b6-8dea-a8e712cf73bb,java/util/Iterator.java,hasNext
f1dc3983-5daf-40b6-8dea-a8e712cf73bb,42b060b8-8069-4ce2-b697-af4348e810da,612874e7-923f-4291-91f9-ba69c6c9c279,->,f1dc3983-5daf-40b6-8dea-a8e712cf73bb,java/util/Iterator.java,next
f1dc3983-5daf-40b6-8dea-a8e712cf73bb,42b060b8-8069-4ce2-b697-af4348e810da,612874e7-923f-4291-91f9-ba69c6c9c279,->,f1dc3983-5daf-40b6-8dea-a8e712cf73bb,4d5d5404-a022-4f98-9bfb-75e7837433dc,cfe058b5-59f9-4bd2-85f2-07dd8ef7ca4b
f1dc3983-5daf-40b6-8dea-a8e712cf73bb,42b060b8-8069-4ce2-b697-af4348e810da,612874e7-923f-4291-91f9-ba69c6c9c279,->,f1dc3983-5daf-40b6-8dea-a8e712cf73bb,4d5d5404-a022-4f98-9bfb-75e7837433dc,ab036b9d-aa4b-46f0-a485-9b2674240d25
f1dc3983-5daf-40b6-8dea-a8e712cf73bb,42b060b8-8069-4ce2-b697-af4348e810da,612874e7-923f-4291-91f9-ba69c6c9c279,->,f1dc3983-5daf-40b6-8dea-a8e712cf73bb,java/sql/PreparedStatement.java,setInt
f1dc3983-5daf-40b6-8dea-a8e712cf73bb,42b060b8-8069-4ce2-b697-af4348e810da,612874e7-923f-4291-91f9-ba69c6c9c279,->,f1dc3983-5daf-40b6-8dea-a8e712cf73bb,java/sql/PreparedStatement.java,setString
f1dc3983-5daf-40b6-8dea-a8e712cf73bb,42b060b8-8069-4ce2-b697-af4348e810da,612874e7-923f-4291-91f9-ba69c6c9c279,->,f1dc3983-5daf-40b6-8dea-a8e712cf73bb,java/sql/PreparedStatement.java,execute
f1dc3983-5daf-40b6-8dea-a8e712cf73bb,42b060b8-8069-4ce2-b697-af4348e810da,612874e7-923f-4291-91f9-ba69c6c9c279,->,f1dc3983-5daf-40b6-8dea-a8e712cf73bb,46ea8bdb-6073-4428-9248-da3e9e211ea4,b10cd8c8-1102-44e0-8f60-d2114b8ce88a
f1dc3983-5daf-40b6-8dea-a8e712cf73bb,42b060b8-8069-4ce2-b697-af4348e810da,612874e7-923f-4291-91f9-ba69c6c9c279,->,f1dc3983-5daf-40b6-8dea-a8e712cf73bb,java/util/Collection.java,iterator
f1dc3983-5daf-40b6-8dea-a8e712cf73bb,42b060b8-8069-4ce2-b697-af4348e810da,612874e7-923f-4291-91f9-ba69c6c9c279,->,f1dc3983-5daf-40b6-8dea-a8e712cf73bb,java/util/Iterator.java,hasNext
f1dc3983-5daf-40b6-8dea-a8e712cf73bb,42b060b8-8069-4ce2-b697-af4348e810da,612874e7-923f-4291-91f9-ba69c6c9c279,->,f1dc3983-5daf-40b6-8dea-a8e712cf73bb,java/util/Iterator.java,next
f1dc3983-5daf-40b6-8dea-a8e712cf73bb,42b060b8-8069-4ce2-b697-af4348e810da,612874e7-923f-4291-91f9-ba69c6c9c279,->,f1dc3983-5daf-40b6-8dea-a8e712cf73bb,42b060b8-8069-4ce2-b697-af4348e810da,2676153b-5af3-4c8a-8950-cd97e5f1ce41
f1dc3983-5daf-40b6-8dea-a8e712cf73bb,42b060b8-8069-4ce2-b697-af4348e810da,2676153b-5af3-4c8a-8950-cd97e5f1ce41,->,f1dc3983-5daf-40b6-8dea-a8e712cf73bb,4d5d5404-a022-4f98-9bfb-75e7837433dc,cfe058b5-59f9-4bd2-85f2-07dd8ef7ca4b
f1dc3983-5daf-40b6-8dea-a8e712cf73bb,42b060b8-8069-4ce2-b697-af4348e810da,2676153b-5af3-4c8a-8950-cd97e5f1ce41,->,f1dc3983-5daf-40b6-8dea-a8e712cf73bb,4d5d5404-a022-4f98-9bfb-75e7837433dc,ab036b9d-aa4b-46f0-a485-9b2674240d25
f1dc3983-5daf-40b6-8dea-a8e712cf73bb,42b060b8-8069-4ce2-b697-af4348e810da,2676153b-5af3-4c8a-8950-cd97e5f1ce41,->,f1dc3983-5daf-40b6-8dea-a8e712cf73bb,java/sql/PreparedStatement.java,setInt
f1dc3983-5daf-40b6-8dea-a8e712cf73bb,42b060b8-8069-4ce2-b697-af4348e810da,2676153b-5af3-4c8a-8950-cd97e5f1ce41,->,f1dc3983-5daf-40b6-8dea-a8e712cf73bb,2e5ebc02-f3d0-423a-95be-92767c90aca1,9fbcd0b4-e68c-4613-8a36-c540706b9d72
f1dc3983-5daf-40b6-8dea-a8e712cf73bb,42b060b8-8069-4ce2-b697-af4348e810da,2676153b-5af3-4c8a-8950-cd97e5f1ce41,->,f1dc3983-5daf-40b6-8dea-a8e712cf73bb,java/sql/PreparedStatement.java,setInt
f1dc3983-5daf-40b6-8dea-a8e712cf73bb,42b060b8-8069-4ce2-b697-af4348e810da,2676153b-5af3-4c8a-8950-cd97e5f1ce41,->,f1dc3983-5daf-40b6-8dea-a8e712cf73bb,2e5ebc02-f3d0-423a-95be-92767c90aca1,d9101dae-b588-4be7-ac20-55d0c28ebeaa
f1dc3983-5daf-40b6-8dea-a8e712cf73bb,42b060b8-8069-4ce2-b697-af4348e810da,2676153b-5af3-4c8a-8950-cd97e5f1ce41,->,f1dc3983-5daf-40b6-8dea-a8e712cf73bb,java/sql/PreparedStatement.java,setString
f1dc3983-5daf-40b6-8dea-a8e712cf73bb,42b060b8-8069-4ce2-b697-af4348e810da,2676153b-5af3-4c8a-8950-cd97e5f1ce41,->,f1dc3983-5daf-40b6-8dea-a8e712cf73bb,2e5ebc02-f3d0-423a-95be-92767c90aca1,2b0491c7-6d69-4ad1-b193-1c7b127470e7
f1dc3983-5daf-40b6-8dea-a8e712cf73bb,42b060b8-8069-4ce2-b697-af4348e810da,2676153b-5af3-4c8a-8950-cd97e5f1ce41,->,f1dc3983-5daf-40b6-8dea-a8e712cf73bb,java/sql/PreparedStatement.java,setInt
f1dc3983-5daf-40b6-8dea-a8e712cf73bb,42b060b8-8069-4ce2-b697-af4348e810da,2676153b-5af3-4c8a-8950-cd97e5f1ce41,->,f1dc3983-5daf-40b6-8dea-a8e712cf73bb,2e5ebc02-f3d0-423a-95be-92767c90aca1,c33819c1-970e-4001-9634-4d1e11984a63
f1dc3983-5daf-40b6-8dea-a8e712cf73bb,42b060b8-8069-4ce2-b697-af4348e810da,2676153b-5af3-4c8a-8950-cd97e5f1ce41,->,f1dc3983-5daf-40b6-8dea-a8e712cf73bb,java/sql/PreparedStatement.java,setInt
f1dc3983-5daf-40b6-8dea-a8e712cf73bb,42b060b8-8069-4ce2-b697-af4348e810da,2676153b-5af3-4c8a-8950-cd97e5f1ce41,->,f1dc3983-5daf-40b6-8dea-a8e712cf73bb,java/sql/PreparedStatement.java,execute
f1dc3983-5daf-40b6-8dea-a8e712cf73bb,42b060b8-8069-4ce2-b697-af4348e810da,2676153b-5af3-4c8a-8950-cd97e5f1ce41,->,f1dc3983-5daf-40b6-8dea-a8e712cf73bb,java/sql/PreparedStatement.java,setInt
f1dc3983-5daf-40b6-8dea-a8e712cf73bb,42b060b8-8069-4ce2-b697-af4348e810da,2676153b-5af3-4c8a-8950-cd97e5f1ce41,->,f1dc3983-5daf-40b6-8dea-a8e712cf73bb,2e5ebc02-f3d0-423a-95be-92767c90aca1,9fbcd0b4-e68c-4613-8a36-c540706b9d72
f1dc3983-5daf-40b6-8dea-a8e712cf73bb,42b060b8-8069-4ce2-b697-af4348e810da,2676153b-5af3-4c8a-8950-cd97e5f1ce41,->,f1dc3983-5daf-40b6-8dea-a8e712cf73bb,java/sql/PreparedStatement.java,setInt
f1dc3983-5daf-40b6-8dea-a8e712cf73bb,42b060b8-8069-4ce2-b697-af4348e810da,2676153b-5af3-4c8a-8950-cd97e5f1ce41,->,f1dc3983-5daf-40b6-8dea-a8e712cf73bb,java/sql/PreparedStatement.java,executeQuery
f1dc3983-5daf-40b6-8dea-a8e712cf73bb,42b060b8-8069-4ce2-b697-af4348e810da,2676153b-5af3-4c8a-8950-cd97e5f1ce41,->,f1dc3983-5daf-40b6-8dea-a8e712cf73bb,java/sql/ResultSet.java,next
f1dc3983-5daf-40b6-8dea-a8e712cf73bb,42b060b8-8069-4ce2-b697-af4348e810da,2676153b-5af3-4c8a-8950-cd97e5f1ce41,->,f1dc3983-5daf-40b6-8dea-a8e712cf73bb,java/sql/ResultSet.java,getInt
f1dc3983-5daf-40b6-8dea-a8e712cf73bb,42b060b8-8069-4ce2-b697-af4348e810da,2676153b-5af3-4c8a-8950-cd97e5f1ce41,->,f1dc3983-5daf-40b6-8dea-a8e712cf73bb,java/sql/ResultSet.java,close
f1dc3983-5daf-40b6-8dea-a8e712cf73bb,42b060b8-8069-4ce2-b697-af4348e810da,2676153b-5af3-4c8a-8950-cd97e5f1ce41,->,f1dc3983-5daf-40b6-8dea-a8e712cf73bb,42b060b8-8069-4ce2-b697-af4348e810da,993c3f2c-12da-4c25-9863-45172a661476
f1dc3983-5daf-40b6-8dea-a8e712cf73bb,42b060b8-8069-4ce2-b697-af4348e810da,59626785-a236-4cea-b82f-e7ef13f79752,->,f1dc3983-5daf-40b6-8dea-a8e712cf73bb,4d5d5404-a022-4f98-9bfb-75e7837433dc,cfe058b5-59f9-4bd2-85f2-07dd8ef7ca4b
f1dc3983-5daf-40b6-8dea-a8e712cf73bb,42b060b8-8069-4ce2-b697-af4348e810da,59626785-a236-4cea-b82f-e7ef13f79752,->,f1dc3983-5daf-40b6-8dea-a8e712cf73bb,4d5d5404-a022-4f98-9bfb-75e7837433dc,ab036b9d-aa4b-46f0-a485-9b2674240d25
f1dc3983-5daf-40b6-8dea-a8e712cf73bb,42b060b8-8069-4ce2-b697-af4348e810da,59626785-a236-4cea-b82f-e7ef13f79752,->,f1dc3983-5daf-40b6-8dea-a8e712cf73bb,4d5d5404-a022-4f98-9bfb-75e7837433dc,cfe058b5-59f9-4bd2-85f2-07dd8ef7ca4b
f1dc3983-5daf-40b6-8dea-a8e712cf73bb,42b060b8-8069-4ce2-b697-af4348e810da,59626785-a236-4cea-b82f-e7ef13f79752,->,f1dc3983-5daf-40b6-8dea-a8e712cf73bb,4d5d5404-a022-4f98-9bfb-75e7837433dc,ab036b9d-aa4b-46f0-a485-9b2674240d25
f1dc3983-5daf-40b6-8dea-a8e712cf73bb,42b060b8-8069-4ce2-b697-af4348e810da,59626785-a236-4cea-b82f-e7ef13f79752,->,f1dc3983-5daf-40b6-8dea-a8e712cf73bb,4d5d5404-a022-4f98-9bfb-75e7837433dc,cfe058b5-59f9-4bd2-85f2-07dd8ef7ca4b
f1dc3983-5daf-40b6-8dea-a8e712cf73bb,42b060b8-8069-4ce2-b697-af4348e810da,59626785-a236-4cea-b82f-e7ef13f79752,->,f1dc3983-5daf-40b6-8dea-a8e712cf73bb,4d5d5404-a022-4f98-9bfb-75e7837433dc,ab036b9d-aa4b-46f0-a485-9b2674240d25
f1dc3983-5daf-40b6-8dea-a8e712cf73bb,42b060b8-8069-4ce2-b697-af4348e810da,59626785-a236-4cea-b82f-e7ef13f79752,->,f1dc3983-5daf-40b6-8dea-a8e712cf73bb,46ea8bdb-6073-4428-9248-da3e9e211ea4,b10cd8c8-1102-44e0-8f60-d2114b8ce88a
f1dc3983-5daf-40b6-8dea-a8e712cf73bb,42b060b8-8069-4ce2-b697-af4348e810da,59626785-a236-4cea-b82f-e7ef13f79752,->,f1dc3983-5daf-40b6-8dea-a8e712cf73bb,java/util/Collection.java,iterator
f1dc3983-5daf-40b6-8dea-a8e712cf73bb,42b060b8-8069-4ce2-b697-af4348e810da,59626785-a236-4cea-b82f-e7ef13f79752,->,f1dc3983-5daf-40b6-8dea-a8e712cf73bb,java/util/Iterator.java,hasNext
f1dc3983-5daf-40b6-8dea-a8e712cf73bb,42b060b8-8069-4ce2-b697-af4348e810da,59626785-a236-4cea-b82f-e7ef13f79752,->,f1dc3983-5daf-40b6-8dea-a8e712cf73bb,java/util/Iterator.java,next
f1dc3983-5daf-40b6-8dea-a8e712cf73bb,42b060b8-8069-4ce2-b697-af4348e810da,59626785-a236-4cea-b82f-e7ef13f79752,->,f1dc3983-5daf-40b6-8dea-a8e712cf73bb,2e5ebc02-f3d0-423a-95be-92767c90aca1,c4513050-a10b-4544-bb7b-31a1df4b5893
f1dc3983-5daf-40b6-8dea-a8e712cf73bb,42b060b8-8069-4ce2-b697-af4348e810da,59626785-a236-4cea-b82f-e7ef13f79752,->,f1dc3983-5daf-40b6-8dea-a8e712cf73bb,java/sql/PreparedStatement.java,setInt
f1dc3983-5daf-40b6-8dea-a8e712cf73bb,42b060b8-8069-4ce2-b697-af4348e810da,59626785-a236-4cea-b82f-e7ef13f79752,->,f1dc3983-5daf-40b6-8dea-a8e712cf73bb,java/sql/PreparedStatement.java,execute
f1dc3983-5daf-40b6-8dea-a8e712cf73bb,42b060b8-8069-4ce2-b697-af4348e810da,59626785-a236-4cea-b82f-e7ef13f79752,->,f1dc3983-5daf-40b6-8dea-a8e712cf73bb,2e5ebc02-f3d0-423a-95be-92767c90aca1,c4513050-a10b-4544-bb7b-31a1df4b5893
f1dc3983-5daf-40b6-8dea-a8e712cf73bb,42b060b8-8069-4ce2-b697-af4348e810da,59626785-a236-4cea-b82f-e7ef13f79752,->,f1dc3983-5daf-40b6-8dea-a8e712cf73bb,java/sql/PreparedStatement.java,setInt
f1dc3983-5daf-40b6-8dea-a8e712cf73bb,42b060b8-8069-4ce2-b697-af4348e810da,59626785-a236-4cea-b82f-e7ef13f79752,->,f1dc3983-5daf-40b6-8dea-a8e712cf73bb,java/sql/PreparedStatement.java,execute
f1dc3983-5daf-40b6-8dea-a8e712cf73bb,42b060b8-8069-4ce2-b697-af4348e810da,59626785-a236-4cea-b82f-e7ef13f79752,->,f1dc3983-5daf-40b6-8dea-a8e712cf73bb,2e5ebc02-f3d0-423a-95be-92767c90aca1,c4513050-a10b-4544-bb7b-31a1df4b5893
f1dc3983-5daf-40b6-8dea-a8e712cf73bb,42b060b8-8069-4ce2-b697-af4348e810da,59626785-a236-4cea-b82f-e7ef13f79752,->,f1dc3983-5daf-40b6-8dea-a8e712cf73bb,java/sql/PreparedStatement.java,setInt
f1dc3983-5daf-40b6-8dea-a8e712cf73bb,42b060b8-8069-4ce2-b697-af4348e810da,59626785-a236-4cea-b82f-e7ef13f79752,->,f1dc3983-5daf-40b6-8dea-a8e712cf73bb,java/sql/PreparedStatement.java,execute
f1dc3983-5daf-40b6-8dea-a8e712cf73bb,42b060b8-8069-4ce2-b697-af4348e810da,59626785-a236-4cea-b82f-e7ef13f79752,->,f1dc3983-5daf-40b6-8dea-a8e712cf73bb,4d5d5404-a022-4f98-9bfb-75e7837433dc,cfe058b5-59f9-4bd2-85f2-07dd8ef7ca4b
f1dc3983-5daf-40b6-8dea-a8e712cf73bb,42b060b8-8069-4ce2-b697-af4348e810da,59626785-a236-4cea-b82f-e7ef13f79752,->,f1dc3983-5daf-40b6-8dea-a8e712cf73bb,4d5d5404-a022-4f98-9bfb-75e7837433dc,ab036b9d-aa4b-46f0-a485-9b2674240d25
f1dc3983-5daf-40b6-8dea-a8e712cf73bb,42b060b8-8069-4ce2-b697-af4348e810da,59626785-a236-4cea-b82f-e7ef13f79752,->,f1dc3983-5daf-40b6-8dea-a8e712cf73bb,4d5d5404-a022-4f98-9bfb-75e7837433dc,cfe058b5-59f9-4bd2-85f2-07dd8ef7ca4b
f1dc3983-5daf-40b6-8dea-a8e712cf73bb,42b060b8-8069-4ce2-b697-af4348e810da,59626785-a236-4cea-b82f-e7ef13f79752,->,f1dc3983-5daf-40b6-8dea-a8e712cf73bb,4d5d5404-a022-4f98-9bfb-75e7837433dc,ab036b9d-aa4b-46f0-a485-9b2674240d25
f1dc3983-5daf-40b6-8dea-a8e712cf73bb,42b060b8-8069-4ce2-b697-af4348e810da,59626785-a236-4cea-b82f-e7ef13f79752,->,f1dc3983-5daf-40b6-8dea-a8e712cf73bb,4d5d5404-a022-4f98-9bfb-75e7837433dc,cfe058b5-59f9-4bd2-85f2-07dd8ef7ca4b
f1dc3983-5daf-40b6-8dea-a8e712cf73bb,42b060b8-8069-4ce2-b697-af4348e810da,59626785-a236-4cea-b82f-e7ef13f79752,->,f1dc3983-5daf-40b6-8dea-a8e712cf73bb,4d5d5404-a022-4f98-9bfb-75e7837433dc,ab036b9d-aa4b-46f0-a485-9b2674240d25
f1dc3983-5daf-40b6-8dea-a8e712cf73bb,42b060b8-8069-4ce2-b697-af4348e810da,59626785-a236-4cea-b82f-e7ef13f79752,->,f1dc3983-5daf-40b6-8dea-a8e712cf73bb,4d5d5404-a022-4f98-9bfb-75e7837433dc,cfe058b5-59f9-4bd2-85f2-07dd8ef7ca4b
f1dc3983-5daf-40b6-8dea-a8e712cf73bb,42b060b8-8069-4ce2-b697-af4348e810da,59626785-a236-4cea-b82f-e7ef13f79752,->,f1dc3983-5daf-40b6-8dea-a8e712cf73bb,4d5d5404-a022-4f98-9bfb-75e7837433dc,ab036b9d-aa4b-46f0-a485-9b2674240d25
f1dc3983-5daf-40b6-8dea-a8e712cf73bb,42b060b8-8069-4ce2-b697-af4348e810da,59626785-a236-4cea-b82f-e7ef13f79752,->,f1dc3983-5daf-40b6-8dea-a8e712cf73bb,46ea8bdb-6073-4428-9248-da3e9e211ea4,4b230d2e-4878-4c43-af8c-3f1357c03d92
f1dc3983-5daf-40b6-8dea-a8e712cf73bb,42b060b8-8069-4ce2-b697-af4348e810da,59626785-a236-4cea-b82f-e7ef13f79752,->,f1dc3983-5daf-40b6-8dea-a8e712cf73bb,java/sql/PreparedStatement.java,setInt
f1dc3983-5daf-40b6-8dea-a8e712cf73bb,42b060b8-8069-4ce2-b697-af4348e810da,59626785-a236-4cea-b82f-e7ef13f79752,->,f1dc3983-5daf-40b6-8dea-a8e712cf73bb,java/sql/PreparedStatement.java,execute
f1dc3983-5daf-40b6-8dea-a8e712cf73bb,42b060b8-8069-4ce2-b697-af4348e810da,59626785-a236-4cea-b82f-e7ef13f79752,->,f1dc3983-5daf-40b6-8dea-a8e712cf73bb,46ea8bdb-6073-4428-9248-da3e9e211ea4,4b230d2e-4878-4c43-af8c-3f1357c03d92
f1dc3983-5daf-40b6-8dea-a8e712cf73bb,42b060b8-8069-4ce2-b697-af4348e810da,59626785-a236-4cea-b82f-e7ef13f79752,->,f1dc3983-5daf-40b6-8dea-a8e712cf73bb,java/sql/PreparedStatement.java,setInt
f1dc3983-5daf-40b6-8dea-a8e712cf73bb,42b060b8-8069-4ce2-b697-af4348e810da,59626785-a236-4cea-b82f-e7ef13f79752,->,f1dc3983-5daf-40b6-8dea-a8e712cf73bb,java/sql/PreparedStatement.java,execute
f1dc3983-5daf-40b6-8dea-a8e712cf73bb,42b060b8-8069-4ce2-b697-af4348e810da,59626785-a236-4cea-b82f-e7ef13f79752,->,f1dc3983-5daf-40b6-8dea-a8e712cf73bb,46ea8bdb-6073-4428-9248-da3e9e211ea4,4b230d2e-4878-4c43-af8c-3f1357c03d92
f1dc3983-5daf-40b6-8dea-a8e712cf73bb,42b060b8-8069-4ce2-b697-af4348e810da,59626785-a236-4cea-b82f-e7ef13f79752,->,f1dc3983-5daf-40b6-8dea-a8e712cf73bb,java/sql/PreparedStatement.java,setInt
f1dc3983-5daf-40b6-8dea-a8e712cf73bb,42b060b8-8069-4ce2-b697-af4348e810da,59626785-a236-4cea-b82f-e7ef13f79752,->,f1dc3983-5daf-40b6-8dea-a8e712cf73bb,java/sql/PreparedStatement.java,execute
f1dc3983-5daf-40b6-8dea-a8e712cf73bb,42b060b8-8069-4ce2-b697-af4348e810da,59626785-a236-4cea-b82f-e7ef13f79752,->,f1dc3983-5daf-40b6-8dea-a8e712cf73bb,46ea8bdb-6073-4428-9248-da3e9e211ea4,4b230d2e-4878-4c43-af8c-3f1357c03d92
f1dc3983-5daf-40b6-8dea-a8e712cf73bb,42b060b8-8069-4ce2-b697-af4348e810da,59626785-a236-4cea-b82f-e7ef13f79752,->,f1dc3983-5daf-40b6-8dea-a8e712cf73bb,java/sql/PreparedStatement.java,setInt
f1dc3983-5daf-40b6-8dea-a8e712cf73bb,42b060b8-8069-4ce2-b697-af4348e810da,59626785-a236-4cea-b82f-e7ef13f79752,->,f1dc3983-5daf-40b6-8dea-a8e712cf73bb,java/sql/PreparedStatement.java,execute
f1dc3983-5daf-40b6-8dea-a8e712cf73bb,42b060b8-8069-4ce2-b697-af4348e810da,561d7764-f8e2-4fec-b94e-5a1be751857a,->,f1dc3983-5daf-40b6-8dea-a8e712cf73bb,4d5d5404-a022-4f98-9bfb-75e7837433dc,cfe058b5-59f9-4bd2-85f2-07dd8ef7ca4b
f1dc3983-5daf-40b6-8dea-a8e712cf73bb,42b060b8-8069-4ce2-b697-af4348e810da,561d7764-f8e2-4fec-b94e-5a1be751857a,->,f1dc3983-5daf-40b6-8dea-a8e712cf73bb,4d5d5404-a022-4f98-9bfb-75e7837433dc,c789a948-ffd0-4c24-afa6-42f8e045664a
f1dc3983-5daf-40b6-8dea-a8e712cf73bb,42b060b8-8069-4ce2-b697-af4348e810da,561d7764-f8e2-4fec-b94e-5a1be751857a,->,f1dc3983-5daf-40b6-8dea-a8e712cf73bb,46ea8bdb-6073-4428-9248-da3e9e211ea4,bf86cb68-8e70-4f7c-a702-6c7778a0b67f
f1dc3983-5daf-40b6-8dea-a8e712cf73bb,42b060b8-8069-4ce2-b697-af4348e810da,561d7764-f8e2-4fec-b94e-5a1be751857a,->,f1dc3983-5daf-40b6-8dea-a8e712cf73bb,4d5d5404-a022-4f98-9bfb-75e7837433dc,cfe058b5-59f9-4bd2-85f2-07dd8ef7ca4b
f1dc3983-5daf-40b6-8dea-a8e712cf73bb,42b060b8-8069-4ce2-b697-af4348e810da,561d7764-f8e2-4fec-b94e-5a1be751857a,->,f1dc3983-5daf-40b6-8dea-a8e712cf73bb,4d5d5404-a022-4f98-9bfb-75e7837433dc,ab036b9d-aa4b-46f0-a485-9b2674240d25
f1dc3983-5daf-40b6-8dea-a8e712cf73bb,42b060b8-8069-4ce2-b697-af4348e810da,561d7764-f8e2-4fec-b94e-5a1be751857a,->,f1dc3983-5daf-40b6-8dea-a8e712cf73bb,java/lang/StringBuilder.java,append
f1dc3983-5daf-40b6-8dea-a8e712cf73bb,42b060b8-8069-4ce2-b697-af4348e810da,561d7764-f8e2-4fec-b94e-5a1be751857a,->,f1dc3983-5daf-40b6-8dea-a8e712cf73bb,46ea8bdb-6073-4428-9248-da3e9e211ea4,0c870256-54e4-42ee-9ec3-a2d258f1a684
f1dc3983-5daf-40b6-8dea-a8e712cf73bb,42b060b8-8069-4ce2-b697-af4348e810da,561d7764-f8e2-4fec-b94e-5a1be751857a,->,f1dc3983-5daf-40b6-8dea-a8e712cf73bb,java/lang/StringBuilder.java,append
f1dc3983-5daf-40b6-8dea-a8e712cf73bb,42b060b8-8069-4ce2-b697-af4348e810da,561d7764-f8e2-4fec-b94e-5a1be751857a,->,f1dc3983-5daf-40b6-8dea-a8e712cf73bb,java/lang/StringBuilder.java,append
f1dc3983-5daf-40b6-8dea-a8e712cf73bb,42b060b8-8069-4ce2-b697-af4348e810da,561d7764-f8e2-4fec-b94e-5a1be751857a,->,f1dc3983-5daf-40b6-8dea-a8e712cf73bb,java/lang/StringBuilder.java,toString
f1dc3983-5daf-40b6-8dea-a8e712cf73bb,42b060b8-8069-4ce2-b697-af4348e810da,561d7764-f8e2-4fec-b94e-5a1be751857a,->,f1dc3983-5daf-40b6-8dea-a8e712cf73bb,java/io/PrintStream.java,println
f1dc3983-5daf-40b6-8dea-a8e712cf73bb,42b060b8-8069-4ce2-b697-af4348e810da,561d7764-f8e2-4fec-b94e-5a1be751857a,->,f1dc3983-5daf-40b6-8dea-a8e712cf73bb,46ea8bdb-6073-4428-9248-da3e9e211ea4,0c870256-54e4-42ee-9ec3-a2d258f1a684
f1dc3983-5daf-40b6-8dea-a8e712cf73bb,42b060b8-8069-4ce2-b697-af4348e810da,561d7764-f8e2-4fec-b94e-5a1be751857a,->,f1dc3983-5daf-40b6-8dea-a8e712cf73bb,java/sql/PreparedStatement.java,setString
f1dc3983-5daf-40b6-8dea-a8e712cf73bb,42b060b8-8069-4ce2-b697-af4348e810da,561d7764-f8e2-4fec-b94e-5a1be751857a,->,f1dc3983-5daf-40b6-8dea-a8e712cf73bb,46ea8bdb-6073-4428-9248-da3e9e211ea4,4b230d2e-4878-4c43-af8c-3f1357c03d92
f1dc3983-5daf-40b6-8dea-a8e712cf73bb,42b060b8-8069-4ce2-b697-af4348e810da,561d7764-f8e2-4fec-b94e-5a1be751857a,->,f1dc3983-5daf-40b6-8dea-a8e712cf73bb,java/sql/PreparedStatement.java,setInt
f1dc3983-5daf-40b6-8dea-a8e712cf73bb,42b060b8-8069-4ce2-b697-af4348e810da,561d7764-f8e2-4fec-b94e-5a1be751857a,->,f1dc3983-5daf-40b6-8dea-a8e712cf73bb,java/sql/PreparedStatement.java,execute
f1dc3983-5daf-40b6-8dea-a8e712cf73bb,42b060b8-8069-4ce2-b697-af4348e810da,ff743858-6939-4628-9fbd-60a8658f9ccc,->,f1dc3983-5daf-40b6-8dea-a8e712cf73bb,java/sql/PreparedStatement.java,executeQuery
f1dc3983-5daf-40b6-8dea-a8e712cf73bb,42b060b8-8069-4ce2-b697-af4348e810da,ff743858-6939-4628-9fbd-60a8658f9ccc,->,f1dc3983-5daf-40b6-8dea-a8e712cf73bb,java/sql/ResultSet.java,next
f1dc3983-5daf-40b6-8dea-a8e712cf73bb,42b060b8-8069-4ce2-b697-af4348e810da,ff743858-6939-4628-9fbd-60a8658f9ccc,->,f1dc3983-5daf-40b6-8dea-a8e712cf73bb,java/sql/ResultSet.java,getString
f1dc3983-5daf-40b6-8dea-a8e712cf73bb,42b060b8-8069-4ce2-b697-af4348e810da,ff743858-6939-4628-9fbd-60a8658f9ccc,->,f1dc3983-5daf-40b6-8dea-a8e712cf73bb,46ea8bdb-6073-4428-9248-da3e9e211ea4,6f58e015-f448-43e7-b239-45c313accc3f
f1dc3983-5daf-40b6-8dea-a8e712cf73bb,42b060b8-8069-4ce2-b697-af4348e810da,ff743858-6939-4628-9fbd-60a8658f9ccc,->,f1dc3983-5daf-40b6-8dea-a8e712cf73bb,java/sql/ResultSet.java,getInt
f1dc3983-5daf-40b6-8dea-a8e712cf73bb,42b060b8-8069-4ce2-b697-af4348e810da,ff743858-6939-4628-9fbd-60a8658f9ccc,->,f1dc3983-5daf-40b6-8dea-a8e712cf73bb,46ea8bdb-6073-4428-9248-da3e9e211ea4,5018599d-ae33-4293-b10b-96e199afe67e
f1dc3983-5daf-40b6-8dea-a8e712cf73bb,42b060b8-8069-4ce2-b697-af4348e810da,ff743858-6939-4628-9fbd-60a8658f9ccc,->,f1dc3983-5daf-40b6-8dea-a8e712cf73bb,java/sql/ResultSet.java,getInt
f1dc3983-5daf-40b6-8dea-a8e712cf73bb,42b060b8-8069-4ce2-b697-af4348e810da,ff743858-6939-4628-9fbd-60a8658f9ccc,->,f1dc3983-5daf-40b6-8dea-a8e712cf73bb,46ea8bdb-6073-4428-9248-da3e9e211ea4,530d3865-c0c6-4ad3-b88c-2a63ab68c911
f1dc3983-5daf-40b6-8dea-a8e712cf73bb,42b060b8-8069-4ce2-b697-af4348e810da,ff743858-6939-4628-9fbd-60a8658f9ccc,->,f1dc3983-5daf-40b6-8dea-a8e712cf73bb,java/sql/ResultSet.java,getInt
f1dc3983-5daf-40b6-8dea-a8e712cf73bb,42b060b8-8069-4ce2-b697-af4348e810da,ff743858-6939-4628-9fbd-60a8658f9ccc,->,f1dc3983-5daf-40b6-8dea-a8e712cf73bb,46ea8bdb-6073-4428-9248-da3e9e211ea4,"65523ea8-674d-4a7c-b591-441b58b393e2,81994144-8fcb-4ad4-b1bd-3b23831aeafe"
f1dc3983-5daf-40b6-8dea-a8e712cf73bb,42b060b8-8069-4ce2-b697-af4348e810da,ff743858-6939-4628-9fbd-60a8658f9ccc,->,f1dc3983-5daf-40b6-8dea-a8e712cf73bb,java/sql/ResultSet.java,getInt
f1dc3983-5daf-40b6-8dea-a8e712cf73bb,42b060b8-8069-4ce2-b697-af4348e810da,ff743858-6939-4628-9fbd-60a8658f9ccc,->,f1dc3983-5daf-40b6-8dea-a8e712cf73bb,46ea8bdb-6073-4428-9248-da3e9e211ea4,5893b196-0a5c-47ad-b0af-7795c1d6e23b
f1dc3983-5daf-40b6-8dea-a8e712cf73bb,42b060b8-8069-4ce2-b697-af4348e810da,ff743858-6939-4628-9fbd-60a8658f9ccc,->,f1dc3983-5daf-40b6-8dea-a8e712cf73bb,java/sql/ResultSet.java,getInt
f1dc3983-5daf-40b6-8dea-a8e712cf73bb,42b060b8-8069-4ce2-b697-af4348e810da,ff743858-6939-4628-9fbd-60a8658f9ccc,->,f1dc3983-5daf-40b6-8dea-a8e712cf73bb,46ea8bdb-6073-4428-9248-da3e9e211ea4,4e157a56-ce53-41fc-8bfa-53a40f6ff461
f1dc3983-5daf-40b6-8dea-a8e712cf73bb,42b060b8-8069-4ce2-b697-af4348e810da,ff743858-6939-4628-9fbd-60a8658f9ccc,->,f1dc3983-5daf-40b6-8dea-a8e712cf73bb,java/sql/ResultSet.java,getString
f1dc3983-5daf-40b6-8dea-a8e712cf73bb,42b060b8-8069-4ce2-b697-af4348e810da,ff743858-6939-4628-9fbd-60a8658f9ccc,->,f1dc3983-5daf-40b6-8dea-a8e712cf73bb,46ea8bdb-6073-4428-9248-da3e9e211ea4,b00f4f60-8f1d-4f31-91bd-b2cc0615c9e0
f1dc3983-5daf-40b6-8dea-a8e712cf73bb,42b060b8-8069-4ce2-b697-af4348e810da,ff743858-6939-4628-9fbd-60a8658f9ccc,->,f1dc3983-5daf-40b6-8dea-a8e712cf73bb,java/util/List.java,add
f1dc3983-5daf-40b6-8dea-a8e712cf73bb,42b060b8-8069-4ce2-b697-af4348e810da,c3fb6742-4e9a-4dfb-b833-51312048497b,->,f1dc3983-5daf-40b6-8dea-a8e712cf73bb,4d5d5404-a022-4f98-9bfb-75e7837433dc,cfe058b5-59f9-4bd2-85f2-07dd8ef7ca4b
f1dc3983-5daf-40b6-8dea-a8e712cf73bb,42b060b8-8069-4ce2-b697-af4348e810da,c3fb6742-4e9a-4dfb-b833-51312048497b,->,f1dc3983-5daf-40b6-8dea-a8e712cf73bb,4d5d5404-a022-4f98-9bfb-75e7837433dc,ab036b9d-aa4b-46f0-a485-9b2674240d25
f1dc3983-5daf-40b6-8dea-a8e712cf73bb,42b060b8-8069-4ce2-b697-af4348e810da,c3fb6742-4e9a-4dfb-b833-51312048497b,->,f1dc3983-5daf-40b6-8dea-a8e712cf73bb,java/sql/PreparedStatement.java,setInt
f1dc3983-5daf-40b6-8dea-a8e712cf73bb,42b060b8-8069-4ce2-b697-af4348e810da,c3fb6742-4e9a-4dfb-b833-51312048497b,->,f1dc3983-5daf-40b6-8dea-a8e712cf73bb,java/sql/PreparedStatement.java,executeQuery
f1dc3983-5daf-40b6-8dea-a8e712cf73bb,42b060b8-8069-4ce2-b697-af4348e810da,c3fb6742-4e9a-4dfb-b833-51312048497b,->,f1dc3983-5daf-40b6-8dea-a8e712cf73bb,java/sql/ResultSet.java,next
f1dc3983-5daf-40b6-8dea-a8e712cf73bb,42b060b8-8069-4ce2-b697-af4348e810da,c3fb6742-4e9a-4dfb-b833-51312048497b,->,f1dc3983-5daf-40b6-8dea-a8e712cf73bb,java/sql/ResultSet.java,getString
f1dc3983-5daf-40b6-8dea-a8e712cf73bb,42b060b8-8069-4ce2-b697-af4348e810da,c3fb6742-4e9a-4dfb-b833-51312048497b,->,f1dc3983-5daf-40b6-8dea-a8e712cf73bb,java/util/Set.java,add
f1dc3983-5daf-40b6-8dea-a8e712cf73bb,42b060b8-8069-4ce2-b697-af4348e810da,8a5b572d-016f-472a-b5f2-2536ff781b34,->,f1dc3983-5daf-40b6-8dea-a8e712cf73bb,java/sql/PreparedStatement.java,clearParameters
f1dc3983-5daf-40b6-8dea-a8e712cf73bb,42b060b8-8069-4ce2-b697-af4348e810da,8a5b572d-016f-472a-b5f2-2536ff781b34,->,f1dc3983-5daf-40b6-8dea-a8e712cf73bb,46ea8bdb-6073-4428-9248-da3e9e211ea4,4b230d2e-4878-4c43-af8c-3f1357c03d92
f1dc3983-5daf-40b6-8dea-a8e712cf73bb,42b060b8-8069-4ce2-b697-af4348e810da,8a5b572d-016f-472a-b5f2-2536ff781b34,->,f1dc3983-5daf-40b6-8dea-a8e712cf73bb,java/sql/PreparedStatement.java,setInt
f1dc3983-5daf-40b6-8dea-a8e712cf73bb,42b060b8-8069-4ce2-b697-af4348e810da,8a5b572d-016f-472a-b5f2-2536ff781b34,->,f1dc3983-5daf-40b6-8dea-a8e712cf73bb,java/sql/PreparedStatement.java,executeQuery
f1dc3983-5daf-40b6-8dea-a8e712cf73bb,42b060b8-8069-4ce2-b697-af4348e810da,8a5b572d-016f-472a-b5f2-2536ff781b34,->,f1dc3983-5daf-40b6-8dea-a8e712cf73bb,java/sql/ResultSet.java,next
f1dc3983-5daf-40b6-8dea-a8e712cf73bb,42b060b8-8069-4ce2-b697-af4348e810da,8a5b572d-016f-472a-b5f2-2536ff781b34,->,f1dc3983-5daf-40b6-8dea-a8e712cf73bb,java/sql/ResultSet.java,getInt
f1dc3983-5daf-40b6-8dea-a8e712cf73bb,42b060b8-8069-4ce2-b697-af4348e810da,8a5b572d-016f-472a-b5f2-2536ff781b34,->,f1dc3983-5daf-40b6-8dea-a8e712cf73bb,42b060b8-8069-4ce2-b697-af4348e810da,b6677a8c-26a8-4911-be26-5b1ff9b09b1e
f1dc3983-5daf-40b6-8dea-a8e712cf73bb,42b060b8-8069-4ce2-b697-af4348e810da,8a5b572d-016f-472a-b5f2-2536ff781b34,->,f1dc3983-5daf-40b6-8dea-a8e712cf73bb,java/util/Collection.java,add
f1dc3983-5daf-40b6-8dea-a8e712cf73bb,42b060b8-8069-4ce2-b697-af4348e810da,8a5b572d-016f-472a-b5f2-2536ff781b34,->,f1dc3983-5daf-40b6-8dea-a8e712cf73bb,java/sql/ResultSet.java,close
f1dc3983-5daf-40b6-8dea-a8e712cf73bb,42b060b8-8069-4ce2-b697-af4348e810da,ace09d48-6a14-4a3e-ad2b-d5dc8a2e91f1,->,f1dc3983-5daf-40b6-8dea-a8e712cf73bb,4d5d5404-a022-4f98-9bfb-75e7837433dc,cfe058b5-59f9-4bd2-85f2-07dd8ef7ca4b
f1dc3983-5daf-40b6-8dea-a8e712cf73bb,42b060b8-8069-4ce2-b697-af4348e810da,ace09d48-6a14-4a3e-ad2b-d5dc8a2e91f1,->,f1dc3983-5daf-40b6-8dea-a8e712cf73bb,4d5d5404-a022-4f98-9bfb-75e7837433dc,ab036b9d-aa4b-46f0-a485-9b2674240d25
f1dc3983-5daf-40b6-8dea-a8e712cf73bb,42b060b8-8069-4ce2-b697-af4348e810da,ace09d48-6a14-4a3e-ad2b-d5dc8a2e91f1,->,f1dc3983-5daf-40b6-8dea-a8e712cf73bb,46ea8bdb-6073-4428-9248-da3e9e211ea4,4b230d2e-4878-4c43-af8c-3f1357c03d92
f1dc3983-5daf-40b6-8dea-a8e712cf73bb,42b060b8-8069-4ce2-b697-af4348e810da,ace09d48-6a14-4a3e-ad2b-d5dc8a2e91f1,->,f1dc3983-5daf-40b6-8dea-a8e712cf73bb,java/sql/PreparedStatement.java,setInt
f1dc3983-5daf-40b6-8dea-a8e712cf73bb,42b060b8-8069-4ce2-b697-af4348e810da,ace09d48-6a14-4a3e-ad2b-d5dc8a2e91f1,->,f1dc3983-5daf-40b6-8dea-a8e712cf73bb,java/sql/PreparedStatement.java,execute
f1dc3983-5daf-40b6-8dea-a8e712cf73bb,42b060b8-8069-4ce2-b697-af4348e810da,ace09d48-6a14-4a3e-ad2b-d5dc8a2e91f1,->,f1dc3983-5daf-40b6-8dea-a8e712cf73bb,java/sql/PreparedStatement.java,getResultSet
f1dc3983-5daf-40b6-8dea-a8e712cf73bb,42b060b8-8069-4ce2-b697-af4348e810da,ace09d48-6a14-4a3e-ad2b-d5dc8a2e91f1,->,f1dc3983-5daf-40b6-8dea-a8e712cf73bb,java/sql/ResultSet.java,next
f1dc3983-5daf-40b6-8dea-a8e712cf73bb,42b060b8-8069-4ce2-b697-af4348e810da,ace09d48-6a14-4a3e-ad2b-d5dc8a2e91f1,->,f1dc3983-5daf-40b6-8dea-a8e712cf73bb,dcfb92ea-1a1c-400e-b05a-3685c4f1cd00,c4d7b40b-c986-4a57-9b84-2bdf07190901
f1dc3983-5daf-40b6-8dea-a8e712cf73bb,42b060b8-8069-4ce2-b697-af4348e810da,ace09d48-6a14-4a3e-ad2b-d5dc8a2e91f1,->,f1dc3983-5daf-40b6-8dea-a8e712cf73bb,java/sql/ResultSet.java,getInt
f1dc3983-5daf-40b6-8dea-a8e712cf73bb,42b060b8-8069-4ce2-b697-af4348e810da,ace09d48-6a14-4a3e-ad2b-d5dc8a2e91f1,->,f1dc3983-5daf-40b6-8dea-a8e712cf73bb,dcfb92ea-1a1c-400e-b05a-3685c4f1cd00,"80ef8ac1-577e-42c6-9fdf-dcd7aaa3346a,3ba1642e-adf1-4231-aa75-c7cd5ad14b16"
f1dc3983-5daf-40b6-8dea-a8e712cf73bb,42b060b8-8069-4ce2-b697-af4348e810da,ace09d48-6a14-4a3e-ad2b-d5dc8a2e91f1,->,f1dc3983-5daf-40b6-8dea-a8e712cf73bb,java/util/Collection.java,add
f1dc3983-5daf-40b6-8dea-a8e712cf73bb,42b060b8-8069-4ce2-b697-af4348e810da,79c04a3c-b81a-4643-9207-a28f0b88ac6d,->,f1dc3983-5daf-40b6-8dea-a8e712cf73bb,4d5d5404-a022-4f98-9bfb-75e7837433dc,cfe058b5-59f9-4bd2-85f2-07dd8ef7ca4b
f1dc3983-5daf-40b6-8dea-a8e712cf73bb,42b060b8-8069-4ce2-b697-af4348e810da,79c04a3c-b81a-4643-9207-a28f0b88ac6d,->,f1dc3983-5daf-40b6-8dea-a8e712cf73bb,4d5d5404-a022-4f98-9bfb-75e7837433dc,ab036b9d-aa4b-46f0-a485-9b2674240d25
f1dc3983-5daf-40b6-8dea-a8e712cf73bb,42b060b8-8069-4ce2-b697-af4348e810da,79c04a3c-b81a-4643-9207-a28f0b88ac6d,->,f1dc3983-5daf-40b6-8dea-a8e712cf73bb,java/sql/PreparedStatement.java,setInt
f1dc3983-5daf-40b6-8dea-a8e712cf73bb,42b060b8-8069-4ce2-b697-af4348e810da,79c04a3c-b81a-4643-9207-a28f0b88ac6d,->,f1dc3983-5daf-40b6-8dea-a8e712cf73bb,java/sql/PreparedStatement.java,executeQuery
f1dc3983-5daf-40b6-8dea-a8e712cf73bb,42b060b8-8069-4ce2-b697-af4348e810da,79c04a3c-b81a-4643-9207-a28f0b88ac6d,->,f1dc3983-5daf-40b6-8dea-a8e712cf73bb,java/sql/ResultSet.java,next
f1dc3983-5daf-40b6-8dea-a8e712cf73bb,42b060b8-8069-4ce2-b697-af4348e810da,79c04a3c-b81a-4643-9207-a28f0b88ac6d,->,f1dc3983-5daf-40b6-8dea-a8e712cf73bb,6198afdb-06e9-4997-8ed5-260a93c105b5,e4b89c22-c7fc-4c4a-8501-278ccf890630
f1dc3983-5daf-40b6-8dea-a8e712cf73bb,42b060b8-8069-4ce2-b697-af4348e810da,79c04a3c-b81a-4643-9207-a28f0b88ac6d,->,f1dc3983-5daf-40b6-8dea-a8e712cf73bb,java/sql/ResultSet.java,getString
f1dc3983-5daf-40b6-8dea-a8e712cf73bb,42b060b8-8069-4ce2-b697-af4348e810da,79c04a3c-b81a-4643-9207-a28f0b88ac6d,->,f1dc3983-5daf-40b6-8dea-a8e712cf73bb,6198afdb-06e9-4997-8ed5-260a93c105b5,"7dba553b-c13f-4a64-8b45-bbd5b3920f77,8791b37f-3194-4d3c-b2c9-e9781dedc325"
f1dc3983-5daf-40b6-8dea-a8e712cf73bb,42b060b8-8069-4ce2-b697-af4348e810da,79c04a3c-b81a-4643-9207-a28f0b88ac6d,->,f1dc3983-5daf-40b6-8dea-a8e712cf73bb,java/util/Set.java,add
f1dc3983-5daf-40b6-8dea-a8e712cf73bb,42b060b8-8069-4ce2-b697-af4348e810da,b9a2cf9a-f0fc-454b-9ba4-34cee6b23bd6,->,f1dc3983-5daf-40b6-8dea-a8e712cf73bb,4d5d5404-a022-4f98-9bfb-75e7837433dc,cfe058b5-59f9-4bd2-85f2-07dd8ef7ca4b
f1dc3983-5daf-40b6-8dea-a8e712cf73bb,42b060b8-8069-4ce2-b697-af4348e810da,b9a2cf9a-f0fc-454b-9ba4-34cee6b23bd6,->,f1dc3983-5daf-40b6-8dea-a8e712cf73bb,4d5d5404-a022-4f98-9bfb-75e7837433dc,ab036b9d-aa4b-46f0-a485-9b2674240d25
f1dc3983-5daf-40b6-8dea-a8e712cf73bb,42b060b8-8069-4ce2-b697-af4348e810da,b9a2cf9a-f0fc-454b-9ba4-34cee6b23bd6,->,f1dc3983-5daf-40b6-8dea-a8e712cf73bb,java/sql/PreparedStatement.java,setInt
f1dc3983-5daf-40b6-8dea-a8e712cf73bb,42b060b8-8069-4ce2-b697-af4348e810da,b9a2cf9a-f0fc-454b-9ba4-34cee6b23bd6,->,f1dc3983-5daf-40b6-8dea-a8e712cf73bb,4d5d5404-a022-4f98-9bfb-75e7837433dc,cfe058b5-59f9-4bd2-85f2-07dd8ef7ca4b
f1dc3983-5daf-40b6-8dea-a8e712cf73bb,42b060b8-8069-4ce2-b697-af4348e810da,b9a2cf9a-f0fc-454b-9ba4-34cee6b23bd6,->,f1dc3983-5daf-40b6-8dea-a8e712cf73bb,4d5d5404-a022-4f98-9bfb-75e7837433dc,c6697ba3-0f94-4dee-8f5b-789d53ec0631
f1dc3983-5daf-40b6-8dea-a8e712cf73bb,42b060b8-8069-4ce2-b697-af4348e810da,b9a2cf9a-f0fc-454b-9ba4-34cee6b23bd6,->,f1dc3983-5daf-40b6-8dea-a8e712cf73bb,java/sql/ResultSet.java,next
f1dc3983-5daf-40b6-8dea-a8e712cf73bb,42b060b8-8069-4ce2-b697-af4348e810da,b9a2cf9a-f0fc-454b-9ba4-34cee6b23bd6,->,f1dc3983-5daf-40b6-8dea-a8e712cf73bb,java/sql/ResultSet.java,getInt
f1dc3983-5daf-40b6-8dea-a8e712cf73bb,42b060b8-8069-4ce2-b697-af4348e810da,b9a2cf9a-f0fc-454b-9ba4-34cee6b23bd6,->,f1dc3983-5daf-40b6-8dea-a8e712cf73bb,java/sql/ResultSet.java,getInt
f1dc3983-5daf-40b6-8dea-a8e712cf73bb,42b060b8-8069-4ce2-b697-af4348e810da,b9a2cf9a-f0fc-454b-9ba4-34cee6b23bd6,->,f1dc3983-5daf-40b6-8dea-a8e712cf73bb,58b6f058-eb41-4728-9329-3c253af52eb6,5b56014e-5e46-4583-a30d-c7ed84ceb455
f1dc3983-5daf-40b6-8dea-a8e712cf73bb,42b060b8-8069-4ce2-b697-af4348e810da,b9a2cf9a-f0fc-454b-9ba4-34cee6b23bd6,->,f1dc3983-5daf-40b6-8dea-a8e712cf73bb,58b6f058-eb41-4728-9329-3c253af52eb6,"b80afa00-8b2d-4fc5-99de-f1442c6fe63b,c1171709-d810-432c-bd0b-22758db807c8"
f1dc3983-5daf-40b6-8dea-a8e712cf73bb,42b060b8-8069-4ce2-b697-af4348e810da,b9a2cf9a-f0fc-454b-9ba4-34cee6b23bd6,->,f1dc3983-5daf-40b6-8dea-a8e712cf73bb,f206751d-d458-4b7a-a4a8-72d4bc1e8a8c,e02ffef8-6bfb-4845-b12a-c98de4735573
f1dc3983-5daf-40b6-8dea-a8e712cf73bb,42b060b8-8069-4ce2-b697-af4348e810da,b9a2cf9a-f0fc-454b-9ba4-34cee6b23bd6,->,f1dc3983-5daf-40b6-8dea-a8e712cf73bb,java/util/Set.java,add
f1dc3983-5daf-40b6-8dea-a8e712cf73bb,42b060b8-8069-4ce2-b697-af4348e810da,93843e61-c291-4a4f-93e5-86075204f88d,->,f1dc3983-5daf-40b6-8dea-a8e712cf73bb,java/sql/PreparedStatement.java,setInt
f1dc3983-5daf-40b6-8dea-a8e712cf73bb,42b060b8-8069-4ce2-b697-af4348e810da,93843e61-c291-4a4f-93e5-86075204f88d,->,f1dc3983-5daf-40b6-8dea-a8e712cf73bb,4d5d5404-a022-4f98-9bfb-75e7837433dc,cfe058b5-59f9-4bd2-85f2-07dd8ef7ca4b
f1dc3983-5daf-40b6-8dea-a8e712cf73bb,42b060b8-8069-4ce2-b697-af4348e810da,93843e61-c291-4a4f-93e5-86075204f88d,->,f1dc3983-5daf-40b6-8dea-a8e712cf73bb,4d5d5404-a022-4f98-9bfb-75e7837433dc,c6697ba3-0f94-4dee-8f5b-789d53ec0631
f1dc3983-5daf-40b6-8dea-a8e712cf73bb,42b060b8-8069-4ce2-b697-af4348e810da,93843e61-c291-4a4f-93e5-86075204f88d,->,f1dc3983-5daf-40b6-8dea-a8e712cf73bb,java/sql/ResultSet.java,next
f1dc3983-5daf-40b6-8dea-a8e712cf73bb,42b060b8-8069-4ce2-b697-af4348e810da,93843e61-c291-4a4f-93e5-86075204f88d,->,f1dc3983-5daf-40b6-8dea-a8e712cf73bb,java/sql/ResultSet.java,getString
f1dc3983-5daf-40b6-8dea-a8e712cf73bb,42b060b8-8069-4ce2-b697-af4348e810da,93843e61-c291-4a4f-93e5-86075204f88d,->,f1dc3983-5daf-40b6-8dea-a8e712cf73bb,java/sql/ResultSet.java,getString
f1dc3983-5daf-40b6-8dea-a8e712cf73bb,42b060b8-8069-4ce2-b697-af4348e810da,93843e61-c291-4a4f-93e5-86075204f88d,->,f1dc3983-5daf-40b6-8dea-a8e712cf73bb,java/sql/ResultSet.java,getInt
f1dc3983-5daf-40b6-8dea-a8e712cf73bb,42b060b8-8069-4ce2-b697-af4348e810da,93843e61-c291-4a4f-93e5-86075204f88d,->,f1dc3983-5daf-40b6-8dea-a8e712cf73bb,java/util/Set.java,add
f1dc3983-5daf-40b6-8dea-a8e712cf73bb,42b060b8-8069-4ce2-b697-af4348e810da,93843e61-c291-4a4f-93e5-86075204f88d,->,f1dc3983-5daf-40b6-8dea-a8e712cf73bb,java/sql/ResultSet.java,close
f1dc3983-5daf-40b6-8dea-a8e712cf73bb,42b060b8-8069-4ce2-b697-af4348e810da,b6677a8c-26a8-4911-be26-5b1ff9b09b1e,->,f1dc3983-5daf-40b6-8dea-a8e712cf73bb,42b060b8-8069-4ce2-b697-af4348e810da,d3fa509b-efbb-4adb-9c91-4d9e58a3fab6
f1dc3983-5daf-40b6-8dea-a8e712cf73bb,42b060b8-8069-4ce2-b697-af4348e810da,b6677a8c-26a8-4911-be26-5b1ff9b09b1e,->,f1dc3983-5daf-40b6-8dea-a8e712cf73bb,java/text/ParseException.java,printStackTrace
f1dc3983-5daf-40b6-8dea-a8e712cf73bb,42b060b8-8069-4ce2-b697-af4348e810da,9340fa54-24b8-4e5b-8b6e-b6e64e0dfb28,->,f1dc3983-5daf-40b6-8dea-a8e712cf73bb,4d5d5404-a022-4f98-9bfb-75e7837433dc,cfe058b5-59f9-4bd2-85f2-07dd8ef7ca4b
f1dc3983-5daf-40b6-8dea-a8e712cf73bb,42b060b8-8069-4ce2-b697-af4348e810da,9340fa54-24b8-4e5b-8b6e-b6e64e0dfb28,->,f1dc3983-5daf-40b6-8dea-a8e712cf73bb,4d5d5404-a022-4f98-9bfb-75e7837433dc,ab036b9d-aa4b-46f0-a485-9b2674240d25
f1dc3983-5daf-40b6-8dea-a8e712cf73bb,42b060b8-8069-4ce2-b697-af4348e810da,9340fa54-24b8-4e5b-8b6e-b6e64e0dfb28,->,f1dc3983-5daf-40b6-8dea-a8e712cf73bb,java/sql/PreparedStatement.java,executeQuery
f1dc3983-5daf-40b6-8dea-a8e712cf73bb,42b060b8-8069-4ce2-b697-af4348e810da,9340fa54-24b8-4e5b-8b6e-b6e64e0dfb28,->,f1dc3983-5daf-40b6-8dea-a8e712cf73bb,java/sql/ResultSet.java,next
f1dc3983-5daf-40b6-8dea-a8e712cf73bb,42b060b8-8069-4ce2-b697-af4348e810da,9340fa54-24b8-4e5b-8b6e-b6e64e0dfb28,->,f1dc3983-5daf-40b6-8dea-a8e712cf73bb,java/sql/ResultSet.java,getInt
f1dc3983-5daf-40b6-8dea-a8e712cf73bb,42b060b8-8069-4ce2-b697-af4348e810da,9340fa54-24b8-4e5b-8b6e-b6e64e0dfb28,->,f1dc3983-5daf-40b6-8dea-a8e712cf73bb,java/lang/Integer.java,valueOf
f1dc3983-5daf-40b6-8dea-a8e712cf73bb,42b060b8-8069-4ce2-b697-af4348e810da,9340fa54-24b8-4e5b-8b6e-b6e64e0dfb28,->,f1dc3983-5daf-40b6-8dea-a8e712cf73bb,java/util/Set.java,add
f1dc3983-5daf-40b6-8dea-a8e712cf73bb,42b060b8-8069-4ce2-b697-af4348e810da,9340fa54-24b8-4e5b-8b6e-b6e64e0dfb28,->,f1dc3983-5daf-40b6-8dea-a8e712cf73bb,java/sql/ResultSet.java,close
f1dc3983-5daf-40b6-8dea-a8e712cf73bb,42b060b8-8069-4ce2-b697-af4348e810da,9340fa54-24b8-4e5b-8b6e-b6e64e0dfb28,->,f1dc3983-5daf-40b6-8dea-a8e712cf73bb,java/sql/PreparedStatement.java,close
f1dc3983-5daf-40b6-8dea-a8e712cf73bb,42b060b8-8069-4ce2-b697-af4348e810da,dd002ab3-beb3-4662-99e7-c99cb36d2f57,->,f1dc3983-5daf-40b6-8dea-a8e712cf73bb,4d5d5404-a022-4f98-9bfb-75e7837433dc,cfe058b5-59f9-4bd2-85f2-07dd8ef7ca4b
f1dc3983-5daf-40b6-8dea-a8e712cf73bb,42b060b8-8069-4ce2-b697-af4348e810da,dd002ab3-beb3-4662-99e7-c99cb36d2f57,->,f1dc3983-5daf-40b6-8dea-a8e712cf73bb,4d5d5404-a022-4f98-9bfb-75e7837433dc,ab036b9d-aa4b-46f0-a485-9b2674240d25
f1dc3983-5daf-40b6-8dea-a8e712cf73bb,42b060b8-8069-4ce2-b697-af4348e810da,dd002ab3-beb3-4662-99e7-c99cb36d2f57,->,f1dc3983-5daf-40b6-8dea-a8e712cf73bb,java/sql/PreparedStatement.java,executeQuery
f1dc3983-5daf-40b6-8dea-a8e712cf73bb,42b060b8-8069-4ce2-b697-af4348e810da,dd002ab3-beb3-4662-99e7-c99cb36d2f57,->,f1dc3983-5daf-40b6-8dea-a8e712cf73bb,java/sql/ResultSet.java,next
f1dc3983-5daf-40b6-8dea-a8e712cf73bb,42b060b8-8069-4ce2-b697-af4348e810da,dd002ab3-beb3-4662-99e7-c99cb36d2f57,->,f1dc3983-5daf-40b6-8dea-a8e712cf73bb,java/sql/ResultSet.java,getInt
f1dc3983-5daf-40b6-8dea-a8e712cf73bb,42b060b8-8069-4ce2-b697-af4348e810da,dd002ab3-beb3-4662-99e7-c99cb36d2f57,->,f1dc3983-5daf-40b6-8dea-a8e712cf73bb,java/lang/Integer.java,valueOf
f1dc3983-5daf-40b6-8dea-a8e712cf73bb,42b060b8-8069-4ce2-b697-af4348e810da,dd002ab3-beb3-4662-99e7-c99cb36d2f57,->,f1dc3983-5daf-40b6-8dea-a8e712cf73bb,java/util/Set.java,add
f1dc3983-5daf-40b6-8dea-a8e712cf73bb,42b060b8-8069-4ce2-b697-af4348e810da,dd002ab3-beb3-4662-99e7-c99cb36d2f57,->,f1dc3983-5daf-40b6-8dea-a8e712cf73bb,java/sql/ResultSet.java,close
f1dc3983-5daf-40b6-8dea-a8e712cf73bb,42b060b8-8069-4ce2-b697-af4348e810da,dd002ab3-beb3-4662-99e7-c99cb36d2f57,->,f1dc3983-5daf-40b6-8dea-a8e712cf73bb,java/sql/PreparedStatement.java,close
f1dc3983-5daf-40b6-8dea-a8e712cf73bb,42b060b8-8069-4ce2-b697-af4348e810da,a0d414d2-c9a2-475c-b9a1-3196d2d98029,->,f1dc3983-5daf-40b6-8dea-a8e712cf73bb,4d5d5404-a022-4f98-9bfb-75e7837433dc,cfe058b5-59f9-4bd2-85f2-07dd8ef7ca4b
f1dc3983-5daf-40b6-8dea-a8e712cf73bb,42b060b8-8069-4ce2-b697-af4348e810da,a0d414d2-c9a2-475c-b9a1-3196d2d98029,->,f1dc3983-5daf-40b6-8dea-a8e712cf73bb,4d5d5404-a022-4f98-9bfb-75e7837433dc,ab036b9d-aa4b-46f0-a485-9b2674240d25
f1dc3983-5daf-40b6-8dea-a8e712cf73bb,42b060b8-8069-4ce2-b697-af4348e810da,a0d414d2-c9a2-475c-b9a1-3196d2d98029,->,f1dc3983-5daf-40b6-8dea-a8e712cf73bb,java/sql/PreparedStatement.java,setString
f1dc3983-5daf-40b6-8dea-a8e712cf73bb,42b060b8-8069-4ce2-b697-af4348e810da,a0d414d2-c9a2-475c-b9a1-3196d2d98029,->,f1dc3983-5daf-40b6-8dea-a8e712cf73bb,java/sql/PreparedStatement.java,executeQuery
f1dc3983-5daf-40b6-8dea-a8e712cf73bb,42b060b8-8069-4ce2-b697-af4348e810da,a0d414d2-c9a2-475c-b9a1-3196d2d98029,->,f1dc3983-5daf-40b6-8dea-a8e712cf73bb,java/sql/ResultSet.java,next
f1dc3983-5daf-40b6-8dea-a8e712cf73bb,42b060b8-8069-4ce2-b697-af4348e810da,a0d414d2-c9a2-475c-b9a1-3196d2d98029,->,f1dc3983-5daf-40b6-8dea-a8e712cf73bb,java/sql/ResultSet.java,getInt
f1dc3983-5daf-40b6-8dea-a8e712cf73bb,42b060b8-8069-4ce2-b697-af4348e810da,a0d414d2-c9a2-475c-b9a1-3196d2d98029,->,f1dc3983-5daf-40b6-8dea-a8e712cf73bb,java/sql/ResultSet.java,getString
f1dc3983-5daf-40b6-8dea-a8e712cf73bb,42b060b8-8069-4ce2-b697-af4348e810da,a0d414d2-c9a2-475c-b9a1-3196d2d98029,->,f1dc3983-5daf-40b6-8dea-a8e712cf73bb,java/sql/ResultSet.java,getString
f1dc3983-5daf-40b6-8dea-a8e712cf73bb,42b060b8-8069-4ce2-b697-af4348e810da,a0d414d2-c9a2-475c-b9a1-3196d2d98029,->,f1dc3983-5daf-40b6-8dea-a8e712cf73bb,java/sql/ResultSet.java,getString
f1dc3983-5daf-40b6-8dea-a8e712cf73bb,42b060b8-8069-4ce2-b697-af4348e810da,a0d414d2-c9a2-475c-b9a1-3196d2d98029,->,f1dc3983-5daf-40b6-8dea-a8e712cf73bb,46ea8bdb-6073-4428-9248-da3e9e211ea4,a6653cf9-98a1-42af-b528-dfb0d01eb8fd
f1dc3983-5daf-40b6-8dea-a8e712cf73bb,42b060b8-8069-4ce2-b697-af4348e810da,a0d414d2-c9a2-475c-b9a1-3196d2d98029,->,f1dc3983-5daf-40b6-8dea-a8e712cf73bb,java/lang/Integer.java,intValue
f1dc3983-5daf-40b6-8dea-a8e712cf73bb,42b060b8-8069-4ce2-b697-af4348e810da,a0d414d2-c9a2-475c-b9a1-3196d2d98029,->,f1dc3983-5daf-40b6-8dea-a8e712cf73bb,java/util/Collection.java,add
f1dc3983-5daf-40b6-8dea-a8e712cf73bb,42b060b8-8069-4ce2-b697-af4348e810da,a0d414d2-c9a2-475c-b9a1-3196d2d98029,->,f1dc3983-5daf-40b6-8dea-a8e712cf73bb,java/sql/ResultSet.java,close
f1dc3983-5daf-40b6-8dea-a8e712cf73bb,42b060b8-8069-4ce2-b697-af4348e810da,a0d414d2-c9a2-475c-b9a1-3196d2d98029,->,f1dc3983-5daf-40b6-8dea-a8e712cf73bb,java/sql/PreparedStatement.java,close
f1dc3983-5daf-40b6-8dea-a8e712cf73bb,42b060b8-8069-4ce2-b697-af4348e810da,a0d414d2-c9a2-475c-b9a1-3196d2d98029,->,f1dc3983-5daf-40b6-8dea-a8e712cf73bb,4d5d5404-a022-4f98-9bfb-75e7837433dc,cfe058b5-59f9-4bd2-85f2-07dd8ef7ca4b
f1dc3983-5daf-40b6-8dea-a8e712cf73bb,42b060b8-8069-4ce2-b697-af4348e810da,a0d414d2-c9a2-475c-b9a1-3196d2d98029,->,f1dc3983-5daf-40b6-8dea-a8e712cf73bb,4d5d5404-a022-4f98-9bfb-75e7837433dc,ab036b9d-aa4b-46f0-a485-9b2674240d25
f1dc3983-5daf-40b6-8dea-a8e712cf73bb,42b060b8-8069-4ce2-b697-af4348e810da,a0d414d2-c9a2-475c-b9a1-3196d2d98029,->,f1dc3983-5daf-40b6-8dea-a8e712cf73bb,java/sql/PreparedStatement.java,setString
f1dc3983-5daf-40b6-8dea-a8e712cf73bb,42b060b8-8069-4ce2-b697-af4348e810da,a0d414d2-c9a2-475c-b9a1-3196d2d98029,->,f1dc3983-5daf-40b6-8dea-a8e712cf73bb,java/sql/PreparedStatement.java,executeQuery
f1dc3983-5daf-40b6-8dea-a8e712cf73bb,42b060b8-8069-4ce2-b697-af4348e810da,a0d414d2-c9a2-475c-b9a1-3196d2d98029,->,f1dc3983-5daf-40b6-8dea-a8e712cf73bb,java/sql/ResultSet.java,next
f1dc3983-5daf-40b6-8dea-a8e712cf73bb,42b060b8-8069-4ce2-b697-af4348e810da,a0d414d2-c9a2-475c-b9a1-3196d2d98029,->,f1dc3983-5daf-40b6-8dea-a8e712cf73bb,java/sql/ResultSet.java,getInt
f1dc3983-5daf-40b6-8dea-a8e712cf73bb,42b060b8-8069-4ce2-b697-af4348e810da,a0d414d2-c9a2-475c-b9a1-3196d2d98029,->,f1dc3983-5daf-40b6-8dea-a8e712cf73bb,42b060b8-8069-4ce2-b697-af4348e810da,b6677a8c-26a8-4911-be26-5b1ff9b09b1e
f1dc3983-5daf-40b6-8dea-a8e712cf73bb,42b060b8-8069-4ce2-b697-af4348e810da,a0d414d2-c9a2-475c-b9a1-3196d2d98029,->,f1dc3983-5daf-40b6-8dea-a8e712cf73bb,java/lang/StringBuilder.java,append
f1dc3983-5daf-40b6-8dea-a8e712cf73bb,42b060b8-8069-4ce2-b697-af4348e810da,a0d414d2-c9a2-475c-b9a1-3196d2d98029,->,f1dc3983-5daf-40b6-8dea-a8e712cf73bb,46ea8bdb-6073-4428-9248-da3e9e211ea4,d1f2f841-1195-449f-a55a-6fd5a23e2284
f1dc3983-5daf-40b6-8dea-a8e712cf73bb,42b060b8-8069-4ce2-b697-af4348e810da,a0d414d2-c9a2-475c-b9a1-3196d2d98029,->,f1dc3983-5daf-40b6-8dea-a8e712cf73bb,java/lang/StringBuilder.java,append
f1dc3983-5daf-40b6-8dea-a8e712cf73bb,42b060b8-8069-4ce2-b697-af4348e810da,a0d414d2-c9a2-475c-b9a1-3196d2d98029,->,f1dc3983-5daf-40b6-8dea-a8e712cf73bb,java/lang/StringBuilder.java,append
f1dc3983-5daf-40b6-8dea-a8e712cf73bb,42b060b8-8069-4ce2-b697-af4348e810da,a0d414d2-c9a2-475c-b9a1-3196d2d98029,->,f1dc3983-5daf-40b6-8dea-a8e712cf73bb,46ea8bdb-6073-4428-9248-da3e9e211ea4,1ab375eb-6d78-474f-a77e-537456340dba
f1dc3983-5daf-40b6-8dea-a8e712cf73bb,42b060b8-8069-4ce2-b697-af4348e810da,a0d414d2-c9a2-475c-b9a1-3196d2d98029,->,f1dc3983-5daf-40b6-8dea-a8e712cf73bb,java/lang/StringBuilder.java,append
f1dc3983-5daf-40b6-8dea-a8e712cf73bb,42b060b8-8069-4ce2-b697-af4348e810da,a0d414d2-c9a2-475c-b9a1-3196d2d98029,->,f1dc3983-5daf-40b6-8dea-a8e712cf73bb,java/lang/StringBuilder.java,toString
f1dc3983-5daf-40b6-8dea-a8e712cf73bb,42b060b8-8069-4ce2-b697-af4348e810da,a0d414d2-c9a2-475c-b9a1-3196d2d98029,->,f1dc3983-5daf-40b6-8dea-a8e712cf73bb,java/io/PrintStream.java,println
f1dc3983-5daf-40b6-8dea-a8e712cf73bb,42b060b8-8069-4ce2-b697-af4348e810da,a0d414d2-c9a2-475c-b9a1-3196d2d98029,->,f1dc3983-5daf-40b6-8dea-a8e712cf73bb,46ea8bdb-6073-4428-9248-da3e9e211ea4,a6653cf9-98a1-42af-b528-dfb0d01eb8fd
f1dc3983-5daf-40b6-8dea-a8e712cf73bb,42b060b8-8069-4ce2-b697-af4348e810da,a0d414d2-c9a2-475c-b9a1-3196d2d98029,->,f1dc3983-5daf-40b6-8dea-a8e712cf73bb,java/lang/Integer.java,intValue
f1dc3983-5daf-40b6-8dea-a8e712cf73bb,42b060b8-8069-4ce2-b697-af4348e810da,a0d414d2-c9a2-475c-b9a1-3196d2d98029,->,f1dc3983-5daf-40b6-8dea-a8e712cf73bb,java/util/Collection.java,add
f1dc3983-5daf-40b6-8dea-a8e712cf73bb,42b060b8-8069-4ce2-b697-af4348e810da,a0d414d2-c9a2-475c-b9a1-3196d2d98029,->,f1dc3983-5daf-40b6-8dea-a8e712cf73bb,java/sql/ResultSet.java,close
f1dc3983-5daf-40b6-8dea-a8e712cf73bb,42b060b8-8069-4ce2-b697-af4348e810da,a0d414d2-c9a2-475c-b9a1-3196d2d98029,->,f1dc3983-5daf-40b6-8dea-a8e712cf73bb,java/sql/PreparedStatement.java,close
f1dc3983-5daf-40b6-8dea-a8e712cf73bb,42b060b8-8069-4ce2-b697-af4348e810da,9fe223bf-1976-4938-815d-5462fdea25d5,->,f1dc3983-5daf-40b6-8dea-a8e712cf73bb,4d5d5404-a022-4f98-9bfb-75e7837433dc,cfe058b5-59f9-4bd2-85f2-07dd8ef7ca4b
f1dc3983-5daf-40b6-8dea-a8e712cf73bb,42b060b8-8069-4ce2-b697-af4348e810da,9fe223bf-1976-4938-815d-5462fdea25d5,->,f1dc3983-5daf-40b6-8dea-a8e712cf73bb,4d5d5404-a022-4f98-9bfb-75e7837433dc,ab036b9d-aa4b-46f0-a485-9b2674240d25
f1dc3983-5daf-40b6-8dea-a8e712cf73bb,42b060b8-8069-4ce2-b697-af4348e810da,9fe223bf-1976-4938-815d-5462fdea25d5,->,f1dc3983-5daf-40b6-8dea-a8e712cf73bb,java/sql/PreparedStatement.java,setString
f1dc3983-5daf-40b6-8dea-a8e712cf73bb,42b060b8-8069-4ce2-b697-af4348e810da,9fe223bf-1976-4938-815d-5462fdea25d5,->,f1dc3983-5daf-40b6-8dea-a8e712cf73bb,java/sql/PreparedStatement.java,executeQuery
f1dc3983-5daf-40b6-8dea-a8e712cf73bb,42b060b8-8069-4ce2-b697-af4348e810da,9fe223bf-1976-4938-815d-5462fdea25d5,->,f1dc3983-5daf-40b6-8dea-a8e712cf73bb,java/sql/ResultSet.java,next
f1dc3983-5daf-40b6-8dea-a8e712cf73bb,42b060b8-8069-4ce2-b697-af4348e810da,9fe223bf-1976-4938-815d-5462fdea25d5,->,f1dc3983-5daf-40b6-8dea-a8e712cf73bb,java/sql/ResultSet.java,getInt
f1dc3983-5daf-40b6-8dea-a8e712cf73bb,42b060b8-8069-4ce2-b697-af4348e810da,9fe223bf-1976-4938-815d-5462fdea25d5,->,f1dc3983-5daf-40b6-8dea-a8e712cf73bb,java/lang/Integer.java,valueOf
f1dc3983-5daf-40b6-8dea-a8e712cf73bb,42b060b8-8069-4ce2-b697-af4348e810da,9fe223bf-1976-4938-815d-5462fdea25d5,->,f1dc3983-5daf-40b6-8dea-a8e712cf73bb,java/util/Collection.java,add
f1dc3983-5daf-40b6-8dea-a8e712cf73bb,42b060b8-8069-4ce2-b697-af4348e810da,9fe223bf-1976-4938-815d-5462fdea25d5,->,f1dc3983-5daf-40b6-8dea-a8e712cf73bb,java/sql/ResultSet.java,close
f1dc3983-5daf-40b6-8dea-a8e712cf73bb,42b060b8-8069-4ce2-b697-af4348e810da,9fe223bf-1976-4938-815d-5462fdea25d5,->,f1dc3983-5daf-40b6-8dea-a8e712cf73bb,java/sql/PreparedStatement.java,close
f1dc3983-5daf-40b6-8dea-a8e712cf73bb,42b060b8-8069-4ce2-b697-af4348e810da,9fe223bf-1976-4938-815d-5462fdea25d5,->,f1dc3983-5daf-40b6-8dea-a8e712cf73bb,java/util/Collection.java,iterator
f1dc3983-5daf-40b6-8dea-a8e712cf73bb,42b060b8-8069-4ce2-b697-af4348e810da,9fe223bf-1976-4938-815d-5462fdea25d5,->,f1dc3983-5daf-40b6-8dea-a8e712cf73bb,java/util/Iterator.java,hasNext
f1dc3983-5daf-40b6-8dea-a8e712cf73bb,42b060b8-8069-4ce2-b697-af4348e810da,9fe223bf-1976-4938-815d-5462fdea25d5,->,f1dc3983-5daf-40b6-8dea-a8e712cf73bb,java/util/Iterator.java,next
f1dc3983-5daf-40b6-8dea-a8e712cf73bb,42b060b8-8069-4ce2-b697-af4348e810da,9fe223bf-1976-4938-815d-5462fdea25d5,->,f1dc3983-5daf-40b6-8dea-a8e712cf73bb,java/lang/Integer.java,intValue
f1dc3983-5daf-40b6-8dea-a8e712cf73bb,42b060b8-8069-4ce2-b697-af4348e810da,9fe223bf-1976-4938-815d-5462fdea25d5,->,f1dc3983-5daf-40b6-8dea-a8e712cf73bb,42b060b8-8069-4ce2-b697-af4348e810da,b6677a8c-26a8-4911-be26-5b1ff9b09b1e
f1dc3983-5daf-40b6-8dea-a8e712cf73bb,42b060b8-8069-4ce2-b697-af4348e810da,9fe223bf-1976-4938-815d-5462fdea25d5,->,f1dc3983-5daf-40b6-8dea-a8e712cf73bb,java/util/List.java,add
f1dc3983-5daf-40b6-8dea-a8e712cf73bb,42b060b8-8069-4ce2-b697-af4348e810da,dc8cc81c-2278-4245-8a1a-07c75f471f64,->,f1dc3983-5daf-40b6-8dea-a8e712cf73bb,4d5d5404-a022-4f98-9bfb-75e7837433dc,cfe058b5-59f9-4bd2-85f2-07dd8ef7ca4b
f1dc3983-5daf-40b6-8dea-a8e712cf73bb,42b060b8-8069-4ce2-b697-af4348e810da,dc8cc81c-2278-4245-8a1a-07c75f471f64,->,f1dc3983-5daf-40b6-8dea-a8e712cf73bb,4d5d5404-a022-4f98-9bfb-75e7837433dc,ab036b9d-aa4b-46f0-a485-9b2674240d25
f1dc3983-5daf-40b6-8dea-a8e712cf73bb,42b060b8-8069-4ce2-b697-af4348e810da,dc8cc81c-2278-4245-8a1a-07c75f471f64,->,f1dc3983-5daf-40b6-8dea-a8e712cf73bb,java/sql/PreparedStatement.java,setInt
f1dc3983-5daf-40b6-8dea-a8e712cf73bb,42b060b8-8069-4ce2-b697-af4348e810da,dc8cc81c-2278-4245-8a1a-07c75f471f64,->,f1dc3983-5daf-40b6-8dea-a8e712cf73bb,java/sql/PreparedStatement.java,executeQuery
f1dc3983-5daf-40b6-8dea-a8e712cf73bb,42b060b8-8069-4ce2-b697-af4348e810da,dc8cc81c-2278-4245-8a1a-07c75f471f64,->,f1dc3983-5daf-40b6-8dea-a8e712cf73bb,java/sql/ResultSet.java,next
f1dc3983-5daf-40b6-8dea-a8e712cf73bb,42b060b8-8069-4ce2-b697-af4348e810da,dc8cc81c-2278-4245-8a1a-07c75f471f64,->,f1dc3983-5daf-40b6-8dea-a8e712cf73bb,java/sql/ResultSet.java,getInt
f1dc3983-5daf-40b6-8dea-a8e712cf73bb,42b060b8-8069-4ce2-b697-af4348e810da,dc8cc81c-2278-4245-8a1a-07c75f471f64,->,f1dc3983-5daf-40b6-8dea-a8e712cf73bb,42b060b8-8069-4ce2-b697-af4348e810da,b6677a8c-26a8-4911-be26-5b1ff9b09b1e
f1dc3983-5daf-40b6-8dea-a8e712cf73bb,42b060b8-8069-4ce2-b697-af4348e810da,dc8cc81c-2278-4245-8a1a-07c75f471f64,->,f1dc3983-5daf-40b6-8dea-a8e712cf73bb,46ea8bdb-6073-4428-9248-da3e9e211ea4,d1f2f841-1195-449f-a55a-6fd5a23e2284
f1dc3983-5daf-40b6-8dea-a8e712cf73bb,42b060b8-8069-4ce2-b697-af4348e810da,dc8cc81c-2278-4245-8a1a-07c75f471f64,->,f1dc3983-5daf-40b6-8dea-a8e712cf73bb,java/lang/String.java,equals
f1dc3983-5daf-40b6-8dea-a8e712cf73bb,42b060b8-8069-4ce2-b697-af4348e810da,dc8cc81c-2278-4245-8a1a-07c75f471f64,->,f1dc3983-5daf-40b6-8dea-a8e712cf73bb,java/sql/ResultSet.java,getInt
f1dc3983-5daf-40b6-8dea-a8e712cf73bb,42b060b8-8069-4ce2-b697-af4348e810da,dc8cc81c-2278-4245-8a1a-07c75f471f64,->,f1dc3983-5daf-40b6-8dea-a8e712cf73bb,42b060b8-8069-4ce2-b697-af4348e810da,b6677a8c-26a8-4911-be26-5b1ff9b09b1e
f1dc3983-5daf-40b6-8dea-a8e712cf73bb,42b060b8-8069-4ce2-b697-af4348e810da,dc8cc81c-2278-4245-8a1a-07c75f471f64,->,f1dc3983-5daf-40b6-8dea-a8e712cf73bb,java/util/List.java,add
f1dc3983-5daf-40b6-8dea-a8e712cf73bb,42b060b8-8069-4ce2-b697-af4348e810da,266426af-b7f6-4824-8f73-2cbe69adc1e4,->,f1dc3983-5daf-40b6-8dea-a8e712cf73bb,4d5d5404-a022-4f98-9bfb-75e7837433dc,cfe058b5-59f9-4bd2-85f2-07dd8ef7ca4b
f1dc3983-5daf-40b6-8dea-a8e712cf73bb,42b060b8-8069-4ce2-b697-af4348e810da,266426af-b7f6-4824-8f73-2cbe69adc1e4,->,f1dc3983-5daf-40b6-8dea-a8e712cf73bb,4d5d5404-a022-4f98-9bfb-75e7837433dc,ab036b9d-aa4b-46f0-a485-9b2674240d25
f1dc3983-5daf-40b6-8dea-a8e712cf73bb,42b060b8-8069-4ce2-b697-af4348e810da,266426af-b7f6-4824-8f73-2cbe69adc1e4,->,f1dc3983-5daf-40b6-8dea-a8e712cf73bb,java/sql/PreparedStatement.java,setString
f1dc3983-5daf-40b6-8dea-a8e712cf73bb,42b060b8-8069-4ce2-b697-af4348e810da,266426af-b7f6-4824-8f73-2cbe69adc1e4,->,f1dc3983-5daf-40b6-8dea-a8e712cf73bb,java/sql/PreparedStatement.java,setInt
f1dc3983-5daf-40b6-8dea-a8e712cf73bb,42b060b8-8069-4ce2-b697-af4348e810da,266426af-b7f6-4824-8f73-2cbe69adc1e4,->,f1dc3983-5daf-40b6-8dea-a8e712cf73bb,java/sql/PreparedStatement.java,executeQuery
f1dc3983-5daf-40b6-8dea-a8e712cf73bb,42b060b8-8069-4ce2-b697-af4348e810da,266426af-b7f6-4824-8f73-2cbe69adc1e4,->,f1dc3983-5daf-40b6-8dea-a8e712cf73bb,java/sql/ResultSet.java,next
f1dc3983-5daf-40b6-8dea-a8e712cf73bb,42b060b8-8069-4ce2-b697-af4348e810da,266426af-b7f6-4824-8f73-2cbe69adc1e4,->,f1dc3983-5daf-40b6-8dea-a8e712cf73bb,java/sql/ResultSet.java,getInt
f1dc3983-5daf-40b6-8dea-a8e712cf73bb,42b060b8-8069-4ce2-b697-af4348e810da,266426af-b7f6-4824-8f73-2cbe69adc1e4,->,f1dc3983-5daf-40b6-8dea-a8e712cf73bb,42b060b8-8069-4ce2-b697-af4348e810da,b6677a8c-26a8-4911-be26-5b1ff9b09b1e
f1dc3983-5daf-40b6-8dea-a8e712cf73bb,42b060b8-8069-4ce2-b697-af4348e810da,266426af-b7f6-4824-8f73-2cbe69adc1e4,->,f1dc3983-5daf-40b6-8dea-a8e712cf73bb,java/util/List.java,add
f1dc3983-5daf-40b6-8dea-a8e712cf73bb,42b060b8-8069-4ce2-b697-af4348e810da,0f32d2c7-98de-4820-9514-57f44815ba9e,->,f1dc3983-5daf-40b6-8dea-a8e712cf73bb,4d5d5404-a022-4f98-9bfb-75e7837433dc,cfe058b5-59f9-4bd2-85f2-07dd8ef7ca4b
f1dc3983-5daf-40b6-8dea-a8e712cf73bb,42b060b8-8069-4ce2-b697-af4348e810da,0f32d2c7-98de-4820-9514-57f44815ba9e,->,f1dc3983-5daf-40b6-8dea-a8e712cf73bb,4d5d5404-a022-4f98-9bfb-75e7837433dc,ab036b9d-aa4b-46f0-a485-9b2674240d25
f1dc3983-5daf-40b6-8dea-a8e712cf73bb,42b060b8-8069-4ce2-b697-af4348e810da,0f32d2c7-98de-4820-9514-57f44815ba9e,->,f1dc3983-5daf-40b6-8dea-a8e712cf73bb,java/sql/PreparedStatement.java,setString
f1dc3983-5daf-40b6-8dea-a8e712cf73bb,42b060b8-8069-4ce2-b697-af4348e810da,0f32d2c7-98de-4820-9514-57f44815ba9e,->,f1dc3983-5daf-40b6-8dea-a8e712cf73bb,java/sql/PreparedStatement.java,executeQuery
f1dc3983-5daf-40b6-8dea-a8e712cf73bb,42b060b8-8069-4ce2-b697-af4348e810da,0f32d2c7-98de-4820-9514-57f44815ba9e,->,f1dc3983-5daf-40b6-8dea-a8e712cf73bb,java/sql/ResultSet.java,next
f1dc3983-5daf-40b6-8dea-a8e712cf73bb,42b060b8-8069-4ce2-b697-af4348e810da,0f32d2c7-98de-4820-9514-57f44815ba9e,->,f1dc3983-5daf-40b6-8dea-a8e712cf73bb,java/sql/ResultSet.java,getInt
f1dc3983-5daf-40b6-8dea-a8e712cf73bb,42b060b8-8069-4ce2-b697-af4348e810da,0f32d2c7-98de-4820-9514-57f44815ba9e,->,f1dc3983-5daf-40b6-8dea-a8e712cf73bb,42b060b8-8069-4ce2-b697-af4348e810da,b6677a8c-26a8-4911-be26-5b1ff9b09b1e
f1dc3983-5daf-40b6-8dea-a8e712cf73bb,42b060b8-8069-4ce2-b697-af4348e810da,0f32d2c7-98de-4820-9514-57f44815ba9e,->,f1dc3983-5daf-40b6-8dea-a8e712cf73bb,java/util/Collection.java,add
f1dc3983-5daf-40b6-8dea-a8e712cf73bb,42b060b8-8069-4ce2-b697-af4348e810da,46d432c2-a1a4-4b52-b6cc-f87678e11b1f,->,f1dc3983-5daf-40b6-8dea-a8e712cf73bb,4d5d5404-a022-4f98-9bfb-75e7837433dc,cfe058b5-59f9-4bd2-85f2-07dd8ef7ca4b
f1dc3983-5daf-40b6-8dea-a8e712cf73bb,42b060b8-8069-4ce2-b697-af4348e810da,46d432c2-a1a4-4b52-b6cc-f87678e11b1f,->,f1dc3983-5daf-40b6-8dea-a8e712cf73bb,4d5d5404-a022-4f98-9bfb-75e7837433dc,ab036b9d-aa4b-46f0-a485-9b2674240d25
f1dc3983-5daf-40b6-8dea-a8e712cf73bb,42b060b8-8069-4ce2-b697-af4348e810da,46d432c2-a1a4-4b52-b6cc-f87678e11b1f,->,f1dc3983-5daf-40b6-8dea-a8e712cf73bb,java/sql/PreparedStatement.java,setInt
f1dc3983-5daf-40b6-8dea-a8e712cf73bb,42b060b8-8069-4ce2-b697-af4348e810da,46d432c2-a1a4-4b52-b6cc-f87678e11b1f,->,f1dc3983-5daf-40b6-8dea-a8e712cf73bb,java/sql/PreparedStatement.java,executeQuery
f1dc3983-5daf-40b6-8dea-a8e712cf73bb,42b060b8-8069-4ce2-b697-af4348e810da,46d432c2-a1a4-4b52-b6cc-f87678e11b1f,->,f1dc3983-5daf-40b6-8dea-a8e712cf73bb,java/sql/ResultSet.java,next
f1dc3983-5daf-40b6-8dea-a8e712cf73bb,42b060b8-8069-4ce2-b697-af4348e810da,46d432c2-a1a4-4b52-b6cc-f87678e11b1f,->,f1dc3983-5daf-40b6-8dea-a8e712cf73bb,java/sql/ResultSet.java,getInt
f1dc3983-5daf-40b6-8dea-a8e712cf73bb,42b060b8-8069-4ce2-b697-af4348e810da,46d432c2-a1a4-4b52-b6cc-f87678e11b1f,->,f1dc3983-5daf-40b6-8dea-a8e712cf73bb,42b060b8-8069-4ce2-b697-af4348e810da,b6677a8c-26a8-4911-be26-5b1ff9b09b1e
f1dc3983-5daf-40b6-8dea-a8e712cf73bb,42b060b8-8069-4ce2-b697-af4348e810da,46d432c2-a1a4-4b52-b6cc-f87678e11b1f,->,f1dc3983-5daf-40b6-8dea-a8e712cf73bb,java/util/List.java,add
f1dc3983-5daf-40b6-8dea-a8e712cf73bb,42b060b8-8069-4ce2-b697-af4348e810da,50e8e26e-78cc-4394-90df-06fe25b6f7a4,->,f1dc3983-5daf-40b6-8dea-a8e712cf73bb,4d5d5404-a022-4f98-9bfb-75e7837433dc,cfe058b5-59f9-4bd2-85f2-07dd8ef7ca4b
f1dc3983-5daf-40b6-8dea-a8e712cf73bb,42b060b8-8069-4ce2-b697-af4348e810da,50e8e26e-78cc-4394-90df-06fe25b6f7a4,->,f1dc3983-5daf-40b6-8dea-a8e712cf73bb,4d5d5404-a022-4f98-9bfb-75e7837433dc,ab036b9d-aa4b-46f0-a485-9b2674240d25
f1dc3983-5daf-40b6-8dea-a8e712cf73bb,42b060b8-8069-4ce2-b697-af4348e810da,50e8e26e-78cc-4394-90df-06fe25b6f7a4,->,f1dc3983-5daf-40b6-8dea-a8e712cf73bb,java/sql/PreparedStatement.java,setInt
f1dc3983-5daf-40b6-8dea-a8e712cf73bb,42b060b8-8069-4ce2-b697-af4348e810da,50e8e26e-78cc-4394-90df-06fe25b6f7a4,->,f1dc3983-5daf-40b6-8dea-a8e712cf73bb,java/sql/PreparedStatement.java,executeQuery
f1dc3983-5daf-40b6-8dea-a8e712cf73bb,42b060b8-8069-4ce2-b697-af4348e810da,50e8e26e-78cc-4394-90df-06fe25b6f7a4,->,f1dc3983-5daf-40b6-8dea-a8e712cf73bb,java/sql/ResultSet.java,next
f1dc3983-5daf-40b6-8dea-a8e712cf73bb,42b060b8-8069-4ce2-b697-af4348e810da,50e8e26e-78cc-4394-90df-06fe25b6f7a4,->,f1dc3983-5daf-40b6-8dea-a8e712cf73bb,java/sql/ResultSet.java,getInt
f1dc3983-5daf-40b6-8dea-a8e712cf73bb,42b060b8-8069-4ce2-b697-af4348e810da,50e8e26e-78cc-4394-90df-06fe25b6f7a4,->,f1dc3983-5daf-40b6-8dea-a8e712cf73bb,42b060b8-8069-4ce2-b697-af4348e810da,b6677a8c-26a8-4911-be26-5b1ff9b09b1e
f1dc3983-5daf-40b6-8dea-a8e712cf73bb,42b060b8-8069-4ce2-b697-af4348e810da,50e8e26e-78cc-4394-90df-06fe25b6f7a4,->,f1dc3983-5daf-40b6-8dea-a8e712cf73bb,java/util/List.java,add
f1dc3983-5daf-40b6-8dea-a8e712cf73bb,42b060b8-8069-4ce2-b697-af4348e810da,ed336e74-1e49-48c5-be5f-e32361d21e60,->,f1dc3983-5daf-40b6-8dea-a8e712cf73bb,4d5d5404-a022-4f98-9bfb-75e7837433dc,cfe058b5-59f9-4bd2-85f2-07dd8ef7ca4b
f1dc3983-5daf-40b6-8dea-a8e712cf73bb,42b060b8-8069-4ce2-b697-af4348e810da,ed336e74-1e49-48c5-be5f-e32361d21e60,->,f1dc3983-5daf-40b6-8dea-a8e712cf73bb,4d5d5404-a022-4f98-9bfb-75e7837433dc,ab036b9d-aa4b-46f0-a485-9b2674240d25
f1dc3983-5daf-40b6-8dea-a8e712cf73bb,42b060b8-8069-4ce2-b697-af4348e810da,ed336e74-1e49-48c5-be5f-e32361d21e60,->,f1dc3983-5daf-40b6-8dea-a8e712cf73bb,java/sql/PreparedStatement.java,setString
f1dc3983-5daf-40b6-8dea-a8e712cf73bb,42b060b8-8069-4ce2-b697-af4348e810da,ed336e74-1e49-48c5-be5f-e32361d21e60,->,f1dc3983-5daf-40b6-8dea-a8e712cf73bb,java/sql/PreparedStatement.java,executeQuery
f1dc3983-5daf-40b6-8dea-a8e712cf73bb,42b060b8-8069-4ce2-b697-af4348e810da,ed336e74-1e49-48c5-be5f-e32361d21e60,->,f1dc3983-5daf-40b6-8dea-a8e712cf73bb,java/sql/ResultSet.java,next
f1dc3983-5daf-40b6-8dea-a8e712cf73bb,42b060b8-8069-4ce2-b697-af4348e810da,ed336e74-1e49-48c5-be5f-e32361d21e60,->,f1dc3983-5daf-40b6-8dea-a8e712cf73bb,java/sql/ResultSet.java,getInt
f1dc3983-5daf-40b6-8dea-a8e712cf73bb,42b060b8-8069-4ce2-b697-af4348e810da,ed336e74-1e49-48c5-be5f-e32361d21e60,->,f1dc3983-5daf-40b6-8dea-a8e712cf73bb,42b060b8-8069-4ce2-b697-af4348e810da,b6677a8c-26a8-4911-be26-5b1ff9b09b1e
f1dc3983-5daf-40b6-8dea-a8e712cf73bb,42b060b8-8069-4ce2-b697-af4348e810da,ed336e74-1e49-48c5-be5f-e32361d21e60,->,f1dc3983-5daf-40b6-8dea-a8e712cf73bb,java/util/List.java,add
f1dc3983-5daf-40b6-8dea-a8e712cf73bb,42b060b8-8069-4ce2-b697-af4348e810da,16ba83da-339a-4080-a35d-d2e1523a8124,->,f1dc3983-5daf-40b6-8dea-a8e712cf73bb,4d5d5404-a022-4f98-9bfb-75e7837433dc,cfe058b5-59f9-4bd2-85f2-07dd8ef7ca4b
f1dc3983-5daf-40b6-8dea-a8e712cf73bb,42b060b8-8069-4ce2-b697-af4348e810da,16ba83da-339a-4080-a35d-d2e1523a8124,->,f1dc3983-5daf-40b6-8dea-a8e712cf73bb,4d5d5404-a022-4f98-9bfb-75e7837433dc,ab036b9d-aa4b-46f0-a485-9b2674240d25
f1dc3983-5daf-40b6-8dea-a8e712cf73bb,42b060b8-8069-4ce2-b697-af4348e810da,16ba83da-339a-4080-a35d-d2e1523a8124,->,f1dc3983-5daf-40b6-8dea-a8e712cf73bb,java/sql/PreparedStatement.java,executeQuery
f1dc3983-5daf-40b6-8dea-a8e712cf73bb,42b060b8-8069-4ce2-b697-af4348e810da,16ba83da-339a-4080-a35d-d2e1523a8124,->,f1dc3983-5daf-40b6-8dea-a8e712cf73bb,java/sql/ResultSet.java,next
f1dc3983-5daf-40b6-8dea-a8e712cf73bb,42b060b8-8069-4ce2-b697-af4348e810da,16ba83da-339a-4080-a35d-d2e1523a8124,->,f1dc3983-5daf-40b6-8dea-a8e712cf73bb,java/sql/ResultSet.java,getString
f1dc3983-5daf-40b6-8dea-a8e712cf73bb,42b060b8-8069-4ce2-b697-af4348e810da,16ba83da-339a-4080-a35d-d2e1523a8124,->,f1dc3983-5daf-40b6-8dea-a8e712cf73bb,java/util/Set.java,add
f1dc3983-5daf-40b6-8dea-a8e712cf73bb,42b060b8-8069-4ce2-b697-af4348e810da,16ba83da-339a-4080-a35d-d2e1523a8124,->,f1dc3983-5daf-40b6-8dea-a8e712cf73bb,java/sql/ResultSet.java,close
f1dc3983-5daf-40b6-8dea-a8e712cf73bb,42b060b8-8069-4ce2-b697-af4348e810da,16ba83da-339a-4080-a35d-d2e1523a8124,->,f1dc3983-5daf-40b6-8dea-a8e712cf73bb,java/sql/PreparedStatement.java,close
f1dc3983-5daf-40b6-8dea-a8e712cf73bb,42b060b8-8069-4ce2-b697-af4348e810da,d3fa509b-efbb-4adb-9c91-4d9e58a3fab6,->,f1dc3983-5daf-40b6-8dea-a8e712cf73bb,4d5d5404-a022-4f98-9bfb-75e7837433dc,cfe058b5-59f9-4bd2-85f2-07dd8ef7ca4b
f1dc3983-5daf-40b6-8dea-a8e712cf73bb,42b060b8-8069-4ce2-b697-af4348e810da,d3fa509b-efbb-4adb-9c91-4d9e58a3fab6,->,f1dc3983-5daf-40b6-8dea-a8e712cf73bb,4d5d5404-a022-4f98-9bfb-75e7837433dc,ab036b9d-aa4b-46f0-a485-9b2674240d25
f1dc3983-5daf-40b6-8dea-a8e712cf73bb,42b060b8-8069-4ce2-b697-af4348e810da,d3fa509b-efbb-4adb-9c91-4d9e58a3fab6,->,f1dc3983-5daf-40b6-8dea-a8e712cf73bb,java/sql/PreparedStatement.java,setInt
f1dc3983-5daf-40b6-8dea-a8e712cf73bb,42b060b8-8069-4ce2-b697-af4348e810da,d3fa509b-efbb-4adb-9c91-4d9e58a3fab6,->,f1dc3983-5daf-40b6-8dea-a8e712cf73bb,java/sql/PreparedStatement.java,executeQuery
f1dc3983-5daf-40b6-8dea-a8e712cf73bb,42b060b8-8069-4ce2-b697-af4348e810da,d3fa509b-efbb-4adb-9c91-4d9e58a3fab6,->,f1dc3983-5daf-40b6-8dea-a8e712cf73bb,java/sql/ResultSet.java,next
f1dc3983-5daf-40b6-8dea-a8e712cf73bb,42b060b8-8069-4ce2-b697-af4348e810da,d3fa509b-efbb-4adb-9c91-4d9e58a3fab6,->,f1dc3983-5daf-40b6-8dea-a8e712cf73bb,java/sql/ResultSet.java,getString
f1dc3983-5daf-40b6-8dea-a8e712cf73bb,42b060b8-8069-4ce2-b697-af4348e810da,d3fa509b-efbb-4adb-9c91-4d9e58a3fab6,->,f1dc3983-5daf-40b6-8dea-a8e712cf73bb,java/util/Calendar.java,getInstance
f1dc3983-5daf-40b6-8dea-a8e712cf73bb,42b060b8-8069-4ce2-b697-af4348e810da,d3fa509b-efbb-4adb-9c91-4d9e58a3fab6,->,f1dc3983-5daf-40b6-8dea-a8e712cf73bb,java/sql/ResultSet.java,getDate
f1dc3983-5daf-40b6-8dea-a8e712cf73bb,42b060b8-8069-4ce2-b697-af4348e810da,d3fa509b-efbb-4adb-9c91-4d9e58a3fab6,->,f1dc3983-5daf-40b6-8dea-a8e712cf73bb,java/sql/Date.java,getTime
f1dc3983-5daf-40b6-8dea-a8e712cf73bb,42b060b8-8069-4ce2-b697-af4348e810da,d3fa509b-efbb-4adb-9c91-4d9e58a3fab6,->,f1dc3983-5daf-40b6-8dea-a8e712cf73bb,java/util/Calendar.java,setTimeInMillis
f1dc3983-5daf-40b6-8dea-a8e712cf73bb,42b060b8-8069-4ce2-b697-af4348e810da,d3fa509b-efbb-4adb-9c91-4d9e58a3fab6,->,f1dc3983-5daf-40b6-8dea-a8e712cf73bb,java/sql/ResultSet.java,getInt
f1dc3983-5daf-40b6-8dea-a8e712cf73bb,42b060b8-8069-4ce2-b697-af4348e810da,d3fa509b-efbb-4adb-9c91-4d9e58a3fab6,->,f1dc3983-5daf-40b6-8dea-a8e712cf73bb,java/sql/ResultSet.java,getString
f1dc3983-5daf-40b6-8dea-a8e712cf73bb,42b060b8-8069-4ce2-b697-af4348e810da,d3fa509b-efbb-4adb-9c91-4d9e58a3fab6,->,f1dc3983-5daf-40b6-8dea-a8e712cf73bb,java/sql/ResultSet.java,getInt
f1dc3983-5daf-40b6-8dea-a8e712cf73bb,42b060b8-8069-4ce2-b697-af4348e810da,d3fa509b-efbb-4adb-9c91-4d9e58a3fab6,->,f1dc3983-5daf-40b6-8dea-a8e712cf73bb,java/sql/ResultSet.java,getString
f1dc3983-5daf-40b6-8dea-a8e712cf73bb,42b060b8-8069-4ce2-b697-af4348e810da,d3fa509b-efbb-4adb-9c91-4d9e58a3fab6,->,f1dc3983-5daf-40b6-8dea-a8e712cf73bb,java/sql/ResultSet.java,getInt
f1dc3983-5daf-40b6-8dea-a8e712cf73bb,42b060b8-8069-4ce2-b697-af4348e810da,d3fa509b-efbb-4adb-9c91-4d9e58a3fab6,->,f1dc3983-5daf-40b6-8dea-a8e712cf73bb,java/sql/ResultSet.java,getInt
f1dc3983-5daf-40b6-8dea-a8e712cf73bb,42b060b8-8069-4ce2-b697-af4348e810da,d3fa509b-efbb-4adb-9c91-4d9e58a3fab6,->,f1dc3983-5daf-40b6-8dea-a8e712cf73bb,java/sql/ResultSet.java,getString
f1dc3983-5daf-40b6-8dea-a8e712cf73bb,42b060b8-8069-4ce2-b697-af4348e810da,d3fa509b-efbb-4adb-9c91-4d9e58a3fab6,->,f1dc3983-5daf-40b6-8dea-a8e712cf73bb,java/sql/ResultSet.java,getInt
f1dc3983-5daf-40b6-8dea-a8e712cf73bb,42b060b8-8069-4ce2-b697-af4348e810da,d3fa509b-efbb-4adb-9c91-4d9e58a3fab6,->,f1dc3983-5daf-40b6-8dea-a8e712cf73bb,java/sql/ResultSet.java,getDouble
f1dc3983-5daf-40b6-8dea-a8e712cf73bb,42b060b8-8069-4ce2-b697-af4348e810da,d3fa509b-efbb-4adb-9c91-4d9e58a3fab6,->,f1dc3983-5daf-40b6-8dea-a8e712cf73bb,java/sql/ResultSet.java,getInt
f1dc3983-5daf-40b6-8dea-a8e712cf73bb,42b060b8-8069-4ce2-b697-af4348e810da,d3fa509b-efbb-4adb-9c91-4d9e58a3fab6,->,f1dc3983-5daf-40b6-8dea-a8e712cf73bb,java/sql/ResultSet.java,getString
f1dc3983-5daf-40b6-8dea-a8e712cf73bb,42b060b8-8069-4ce2-b697-af4348e810da,d3fa509b-efbb-4adb-9c91-4d9e58a3fab6,->,f1dc3983-5daf-40b6-8dea-a8e712cf73bb,java/sql/ResultSet.java,getInt
f1dc3983-5daf-40b6-8dea-a8e712cf73bb,42b060b8-8069-4ce2-b697-af4348e810da,d3fa509b-efbb-4adb-9c91-4d9e58a3fab6,->,f1dc3983-5daf-40b6-8dea-a8e712cf73bb,java/sql/ResultSet.java,getInt
f1dc3983-5daf-40b6-8dea-a8e712cf73bb,42b060b8-8069-4ce2-b697-af4348e810da,d3fa509b-efbb-4adb-9c91-4d9e58a3fab6,->,f1dc3983-5daf-40b6-8dea-a8e712cf73bb,java/sql/ResultSet.java,getInt
f1dc3983-5daf-40b6-8dea-a8e712cf73bb,42b060b8-8069-4ce2-b697-af4348e810da,d3fa509b-efbb-4adb-9c91-4d9e58a3fab6,->,f1dc3983-5daf-40b6-8dea-a8e712cf73bb,java/sql/ResultSet.java,getString
f1dc3983-5daf-40b6-8dea-a8e712cf73bb,42b060b8-8069-4ce2-b697-af4348e810da,d3fa509b-efbb-4adb-9c91-4d9e58a3fab6,->,f1dc3983-5daf-40b6-8dea-a8e712cf73bb,java/lang/String.java,trim
f1dc3983-5daf-40b6-8dea-a8e712cf73bb,42b060b8-8069-4ce2-b697-af4348e810da,d3fa509b-efbb-4adb-9c91-4d9e58a3fab6,->,f1dc3983-5daf-40b6-8dea-a8e712cf73bb,dc153d7f-3534-4a67-8710-d7f60b14f568,dc5bac52-4aa7-4294-b9b9-a13a2f4a1d58
f1dc3983-5daf-40b6-8dea-a8e712cf73bb,42b060b8-8069-4ce2-b697-af4348e810da,d3fa509b-efbb-4adb-9c91-4d9e58a3fab6,->,f1dc3983-5daf-40b6-8dea-a8e712cf73bb,dc153d7f-3534-4a67-8710-d7f60b14f568,"6b7e8dc4-5dc7-4a81-a1ce-b3984bcfab9c,4acde63b-de54-49d6-8a44-e21018882fc3"
f1dc3983-5daf-40b6-8dea-a8e712cf73bb,42b060b8-8069-4ce2-b697-af4348e810da,d3fa509b-efbb-4adb-9c91-4d9e58a3fab6,->,f1dc3983-5daf-40b6-8dea-a8e712cf73bb,46ea8bdb-6073-4428-9248-da3e9e211ea4,5018599d-ae33-4293-b10b-96e199afe67e
f1dc3983-5daf-40b6-8dea-a8e712cf73bb,42b060b8-8069-4ce2-b697-af4348e810da,d3fa509b-efbb-4adb-9c91-4d9e58a3fab6,->,f1dc3983-5daf-40b6-8dea-a8e712cf73bb,46ea8bdb-6073-4428-9248-da3e9e211ea4,05e13568-4545-4aba-b5e5-4a0bd4502a65
f1dc3983-5daf-40b6-8dea-a8e712cf73bb,42b060b8-8069-4ce2-b697-af4348e810da,d3fa509b-efbb-4adb-9c91-4d9e58a3fab6,->,f1dc3983-5daf-40b6-8dea-a8e712cf73bb,46ea8bdb-6073-4428-9248-da3e9e211ea4,f3566917-81dc-4c55-830e-92527b3bb039
f1dc3983-5daf-40b6-8dea-a8e712cf73bb,42b060b8-8069-4ce2-b697-af4348e810da,d3fa509b-efbb-4adb-9c91-4d9e58a3fab6,->,f1dc3983-5daf-40b6-8dea-a8e712cf73bb,46ea8bdb-6073-4428-9248-da3e9e211ea4,ab0ad166-68b0-486e-88c7-18a9fe878e86
f1dc3983-5daf-40b6-8dea-a8e712cf73bb,42b060b8-8069-4ce2-b697-af4348e810da,d3fa509b-efbb-4adb-9c91-4d9e58a3fab6,->,f1dc3983-5daf-40b6-8dea-a8e712cf73bb,46ea8bdb-6073-4428-9248-da3e9e211ea4,005ada01-4732-4964-a154-e045159482f1
f1dc3983-5daf-40b6-8dea-a8e712cf73bb,42b060b8-8069-4ce2-b697-af4348e810da,d3fa509b-efbb-4adb-9c91-4d9e58a3fab6,->,f1dc3983-5daf-40b6-8dea-a8e712cf73bb,46ea8bdb-6073-4428-9248-da3e9e211ea4,b00f4f60-8f1d-4f31-91bd-b2cc0615c9e0
f1dc3983-5daf-40b6-8dea-a8e712cf73bb,42b060b8-8069-4ce2-b697-af4348e810da,d3fa509b-efbb-4adb-9c91-4d9e58a3fab6,->,f1dc3983-5daf-40b6-8dea-a8e712cf73bb,46ea8bdb-6073-4428-9248-da3e9e211ea4,7e022196-315f-48a3-8618-1c577db54747
f1dc3983-5daf-40b6-8dea-a8e712cf73bb,42b060b8-8069-4ce2-b697-af4348e810da,d3fa509b-efbb-4adb-9c91-4d9e58a3fab6,->,f1dc3983-5daf-40b6-8dea-a8e712cf73bb,46ea8bdb-6073-4428-9248-da3e9e211ea4,8fc58116-acbd-488f-b7a8-30c798751805
f1dc3983-5daf-40b6-8dea-a8e712cf73bb,42b060b8-8069-4ce2-b697-af4348e810da,d3fa509b-efbb-4adb-9c91-4d9e58a3fab6,->,f1dc3983-5daf-40b6-8dea-a8e712cf73bb,46ea8bdb-6073-4428-9248-da3e9e211ea4,e8365944-b43d-4d2b-83d7-aa15bca21bdc
f1dc3983-5daf-40b6-8dea-a8e712cf73bb,42b060b8-8069-4ce2-b697-af4348e810da,d3fa509b-efbb-4adb-9c91-4d9e58a3fab6,->,f1dc3983-5daf-40b6-8dea-a8e712cf73bb,46ea8bdb-6073-4428-9248-da3e9e211ea4,530d3865-c0c6-4ad3-b88c-2a63ab68c911
f1dc3983-5daf-40b6-8dea-a8e712cf73bb,42b060b8-8069-4ce2-b697-af4348e810da,d3fa509b-efbb-4adb-9c91-4d9e58a3fab6,->,f1dc3983-5daf-40b6-8dea-a8e712cf73bb,java/lang/Integer.java,valueOf
f1dc3983-5daf-40b6-8dea-a8e712cf73bb,42b060b8-8069-4ce2-b697-af4348e810da,d3fa509b-efbb-4adb-9c91-4d9e58a3fab6,->,f1dc3983-5daf-40b6-8dea-a8e712cf73bb,46ea8bdb-6073-4428-9248-da3e9e211ea4,f0f635ae-2351-480d-a595-62ed30632f5f
f1dc3983-5daf-40b6-8dea-a8e712cf73bb,42b060b8-8069-4ce2-b697-af4348e810da,d3fa509b-efbb-4adb-9c91-4d9e58a3fab6,->,f1dc3983-5daf-40b6-8dea-a8e712cf73bb,46ea8bdb-6073-4428-9248-da3e9e211ea4,4e157a56-ce53-41fc-8bfa-53a40f6ff461
f1dc3983-5daf-40b6-8dea-a8e712cf73bb,42b060b8-8069-4ce2-b697-af4348e810da,d3fa509b-efbb-4adb-9c91-4d9e58a3fab6,->,f1dc3983-5daf-40b6-8dea-a8e712cf73bb,46ea8bdb-6073-4428-9248-da3e9e211ea4,bf86cb68-8e70-4f7c-a702-6c7778a0b67f
f1dc3983-5daf-40b6-8dea-a8e712cf73bb,42b060b8-8069-4ce2-b697-af4348e810da,d3fa509b-efbb-4adb-9c91-4d9e58a3fab6,->,f1dc3983-5daf-40b6-8dea-a8e712cf73bb,c7cdac10-3eac-4c66-8aa0-5fbbf6d253f5,714d54c7-fff0-443c-a5f4-4a0c59b7f36f
f1dc3983-5daf-40b6-8dea-a8e712cf73bb,42b060b8-8069-4ce2-b697-af4348e810da,d3fa509b-efbb-4adb-9c91-4d9e58a3fab6,->,f1dc3983-5daf-40b6-8dea-a8e712cf73bb,c7cdac10-3eac-4c66-8aa0-5fbbf6d253f5,458f856a-1f11-4200-8a32-e3ecc7c14340
f1dc3983-5daf-40b6-8dea-a8e712cf73bb,42b060b8-8069-4ce2-b697-af4348e810da,d3fa509b-efbb-4adb-9c91-4d9e58a3fab6,->,f1dc3983-5daf-40b6-8dea-a8e712cf73bb,46ea8bdb-6073-4428-9248-da3e9e211ea4,e9b86211-4a60-41dc-9404-e69ae43c1bc9
f1dc3983-5daf-40b6-8dea-a8e712cf73bb,42b060b8-8069-4ce2-b697-af4348e810da,d3fa509b-efbb-4adb-9c91-4d9e58a3fab6,->,f1dc3983-5daf-40b6-8dea-a8e712cf73bb,46ea8bdb-6073-4428-9248-da3e9e211ea4,4113847c-a408-4091-b92a-cad6216c8365
f1dc3983-5daf-40b6-8dea-a8e712cf73bb,42b060b8-8069-4ce2-b697-af4348e810da,13462065-0820-4a21-adc0-bd6a52fe08a7,->,f1dc3983-5daf-40b6-8dea-a8e712cf73bb,4d5d5404-a022-4f98-9bfb-75e7837433dc,cfe058b5-59f9-4bd2-85f2-07dd8ef7ca4b
f1dc3983-5daf-40b6-8dea-a8e712cf73bb,42b060b8-8069-4ce2-b697-af4348e810da,13462065-0820-4a21-adc0-bd6a52fe08a7,->,f1dc3983-5daf-40b6-8dea-a8e712cf73bb,4d5d5404-a022-4f98-9bfb-75e7837433dc,ab036b9d-aa4b-46f0-a485-9b2674240d25
f1dc3983-5daf-40b6-8dea-a8e712cf73bb,42b060b8-8069-4ce2-b697-af4348e810da,13462065-0820-4a21-adc0-bd6a52fe08a7,->,f1dc3983-5daf-40b6-8dea-a8e712cf73bb,java/sql/PreparedStatement.java,setInt
f1dc3983-5daf-40b6-8dea-a8e712cf73bb,42b060b8-8069-4ce2-b697-af4348e810da,13462065-0820-4a21-adc0-bd6a52fe08a7,->,f1dc3983-5daf-40b6-8dea-a8e712cf73bb,java/sql/PreparedStatement.java,executeQuery
f1dc3983-5daf-40b6-8dea-a8e712cf73bb,42b060b8-8069-4ce2-b697-af4348e810da,13462065-0820-4a21-adc0-bd6a52fe08a7,->,f1dc3983-5daf-40b6-8dea-a8e712cf73bb,java/sql/ResultSet.java,next
f1dc3983-5daf-40b6-8dea-a8e712cf73bb,42b060b8-8069-4ce2-b697-af4348e810da,13462065-0820-4a21-adc0-bd6a52fe08a7,->,f1dc3983-5daf-40b6-8dea-a8e712cf73bb,java/sql/ResultSet.java,getInt
f1dc3983-5daf-40b6-8dea-a8e712cf73bb,42b060b8-8069-4ce2-b697-af4348e810da,13462065-0820-4a21-adc0-bd6a52fe08a7,->,f1dc3983-5daf-40b6-8dea-a8e712cf73bb,java/sql/ResultSet.java,getString
f1dc3983-5daf-40b6-8dea-a8e712cf73bb,42b060b8-8069-4ce2-b697-af4348e810da,13462065-0820-4a21-adc0-bd6a52fe08a7,->,f1dc3983-5daf-40b6-8dea-a8e712cf73bb,java/sql/ResultSet.java,getInt
f1dc3983-5daf-40b6-8dea-a8e712cf73bb,42b060b8-8069-4ce2-b697-af4348e810da,13462065-0820-4a21-adc0-bd6a52fe08a7,->,f1dc3983-5daf-40b6-8dea-a8e712cf73bb,java/sql/ResultSet.java,getInt
f1dc3983-5daf-40b6-8dea-a8e712cf73bb,42b060b8-8069-4ce2-b697-af4348e810da,13462065-0820-4a21-adc0-bd6a52fe08a7,->,f1dc3983-5daf-40b6-8dea-a8e712cf73bb,java/sql/ResultSet.java,getInt
f1dc3983-5daf-40b6-8dea-a8e712cf73bb,42b060b8-8069-4ce2-b697-af4348e810da,13462065-0820-4a21-adc0-bd6a52fe08a7,->,f1dc3983-5daf-40b6-8dea-a8e712cf73bb,42b060b8-8069-4ce2-b697-af4348e810da,b9a2cf9a-f0fc-454b-9ba4-34cee6b23bd6
f1dc3983-5daf-40b6-8dea-a8e712cf73bb,42b060b8-8069-4ce2-b697-af4348e810da,13462065-0820-4a21-adc0-bd6a52fe08a7,->,f1dc3983-5daf-40b6-8dea-a8e712cf73bb,42b060b8-8069-4ce2-b697-af4348e810da,93843e61-c291-4a4f-93e5-86075204f88d
f1dc3983-5daf-40b6-8dea-a8e712cf73bb,42b060b8-8069-4ce2-b697-af4348e810da,13462065-0820-4a21-adc0-bd6a52fe08a7,->,f1dc3983-5daf-40b6-8dea-a8e712cf73bb,java/sql/ResultSet.java,close
f1dc3983-5daf-40b6-8dea-a8e712cf73bb,42b060b8-8069-4ce2-b697-af4348e810da,13462065-0820-4a21-adc0-bd6a52fe08a7,->,f1dc3983-5daf-40b6-8dea-a8e712cf73bb,java/sql/PreparedStatement.java,close
f1dc3983-5daf-40b6-8dea-a8e712cf73bb,42b060b8-8069-4ce2-b697-af4348e810da,1aae151e-0a25-430e-85d3-03104409256f,->,f1dc3983-5daf-40b6-8dea-a8e712cf73bb,4d5d5404-a022-4f98-9bfb-75e7837433dc,cfe058b5-59f9-4bd2-85f2-07dd8ef7ca4b
f1dc3983-5daf-40b6-8dea-a8e712cf73bb,42b060b8-8069-4ce2-b697-af4348e810da,1aae151e-0a25-430e-85d3-03104409256f,->,f1dc3983-5daf-40b6-8dea-a8e712cf73bb,4d5d5404-a022-4f98-9bfb-75e7837433dc,ab036b9d-aa4b-46f0-a485-9b2674240d25
f1dc3983-5daf-40b6-8dea-a8e712cf73bb,42b060b8-8069-4ce2-b697-af4348e810da,1aae151e-0a25-430e-85d3-03104409256f,->,f1dc3983-5daf-40b6-8dea-a8e712cf73bb,java/sql/PreparedStatement.java,setInt
f1dc3983-5daf-40b6-8dea-a8e712cf73bb,42b060b8-8069-4ce2-b697-af4348e810da,1aae151e-0a25-430e-85d3-03104409256f,->,f1dc3983-5daf-40b6-8dea-a8e712cf73bb,java/sql/PreparedStatement.java,executeQuery
f1dc3983-5daf-40b6-8dea-a8e712cf73bb,42b060b8-8069-4ce2-b697-af4348e810da,1aae151e-0a25-430e-85d3-03104409256f,->,f1dc3983-5daf-40b6-8dea-a8e712cf73bb,java/sql/ResultSet.java,next
f1dc3983-5daf-40b6-8dea-a8e712cf73bb,42b060b8-8069-4ce2-b697-af4348e810da,1aae151e-0a25-430e-85d3-03104409256f,->,f1dc3983-5daf-40b6-8dea-a8e712cf73bb,java/sql/ResultSet.java,getInt
f1dc3983-5daf-40b6-8dea-a8e712cf73bb,42b060b8-8069-4ce2-b697-af4348e810da,1aae151e-0a25-430e-85d3-03104409256f,->,f1dc3983-5daf-40b6-8dea-a8e712cf73bb,java/sql/ResultSet.java,getString
f1dc3983-5daf-40b6-8dea-a8e712cf73bb,42b060b8-8069-4ce2-b697-af4348e810da,1aae151e-0a25-430e-85d3-03104409256f,->,f1dc3983-5daf-40b6-8dea-a8e712cf73bb,java/sql/ResultSet.java,getInt
f1dc3983-5daf-40b6-8dea-a8e712cf73bb,42b060b8-8069-4ce2-b697-af4348e810da,1aae151e-0a25-430e-85d3-03104409256f,->,f1dc3983-5daf-40b6-8dea-a8e712cf73bb,java/sql/ResultSet.java,getInt
f1dc3983-5daf-40b6-8dea-a8e712cf73bb,42b060b8-8069-4ce2-b697-af4348e810da,1aae151e-0a25-430e-85d3-03104409256f,->,f1dc3983-5daf-40b6-8dea-a8e712cf73bb,java/sql/ResultSet.java,getInt
f1dc3983-5daf-40b6-8dea-a8e712cf73bb,42b060b8-8069-4ce2-b697-af4348e810da,1aae151e-0a25-430e-85d3-03104409256f,->,f1dc3983-5daf-40b6-8dea-a8e712cf73bb,42b060b8-8069-4ce2-b697-af4348e810da,b9a2cf9a-f0fc-454b-9ba4-34cee6b23bd6
f1dc3983-5daf-40b6-8dea-a8e712cf73bb,42b060b8-8069-4ce2-b697-af4348e810da,1aae151e-0a25-430e-85d3-03104409256f,->,f1dc3983-5daf-40b6-8dea-a8e712cf73bb,42b060b8-8069-4ce2-b697-af4348e810da,93843e61-c291-4a4f-93e5-86075204f88d
f1dc3983-5daf-40b6-8dea-a8e712cf73bb,42b060b8-8069-4ce2-b697-af4348e810da,1aae151e-0a25-430e-85d3-03104409256f,->,f1dc3983-5daf-40b6-8dea-a8e712cf73bb,java/util/Set.java,add
f1dc3983-5daf-40b6-8dea-a8e712cf73bb,42b060b8-8069-4ce2-b697-af4348e810da,1aae151e-0a25-430e-85d3-03104409256f,->,f1dc3983-5daf-40b6-8dea-a8e712cf73bb,java/sql/ResultSet.java,close
f1dc3983-5daf-40b6-8dea-a8e712cf73bb,42b060b8-8069-4ce2-b697-af4348e810da,1aae151e-0a25-430e-85d3-03104409256f,->,f1dc3983-5daf-40b6-8dea-a8e712cf73bb,java/sql/PreparedStatement.java,close
f1dc3983-5daf-40b6-8dea-a8e712cf73bb,42b060b8-8069-4ce2-b697-af4348e810da,8577f0b7-82f8-480a-b39f-cd55db91fb42,->,f1dc3983-5daf-40b6-8dea-a8e712cf73bb,4d5d5404-a022-4f98-9bfb-75e7837433dc,cfe058b5-59f9-4bd2-85f2-07dd8ef7ca4b
f1dc3983-5daf-40b6-8dea-a8e712cf73bb,42b060b8-8069-4ce2-b697-af4348e810da,8577f0b7-82f8-480a-b39f-cd55db91fb42,->,f1dc3983-5daf-40b6-8dea-a8e712cf73bb,4d5d5404-a022-4f98-9bfb-75e7837433dc,ab036b9d-aa4b-46f0-a485-9b2674240d25
f1dc3983-5daf-40b6-8dea-a8e712cf73bb,42b060b8-8069-4ce2-b697-af4348e810da,8577f0b7-82f8-480a-b39f-cd55db91fb42,->,f1dc3983-5daf-40b6-8dea-a8e712cf73bb,java/sql/PreparedStatement.java,executeQuery
f1dc3983-5daf-40b6-8dea-a8e712cf73bb,42b060b8-8069-4ce2-b697-af4348e810da,8577f0b7-82f8-480a-b39f-cd55db91fb42,->,f1dc3983-5daf-40b6-8dea-a8e712cf73bb,java/sql/ResultSet.java,next
f1dc3983-5daf-40b6-8dea-a8e712cf73bb,42b060b8-8069-4ce2-b697-af4348e810da,8577f0b7-82f8-480a-b39f-cd55db91fb42,->,f1dc3983-5daf-40b6-8dea-a8e712cf73bb,java/sql/ResultSet.java,getString
f1dc3983-5daf-40b6-8dea-a8e712cf73bb,42b060b8-8069-4ce2-b697-af4348e810da,8577f0b7-82f8-480a-b39f-cd55db91fb42,->,f1dc3983-5daf-40b6-8dea-a8e712cf73bb,java/util/List.java,add
f1dc3983-5daf-40b6-8dea-a8e712cf73bb,42b060b8-8069-4ce2-b697-af4348e810da,8577f0b7-82f8-480a-b39f-cd55db91fb42,->,f1dc3983-5daf-40b6-8dea-a8e712cf73bb,java/sql/ResultSet.java,close
f1dc3983-5daf-40b6-8dea-a8e712cf73bb,42b060b8-8069-4ce2-b697-af4348e810da,8577f0b7-82f8-480a-b39f-cd55db91fb42,->,f1dc3983-5daf-40b6-8dea-a8e712cf73bb,java/sql/PreparedStatement.java,close
f1dc3983-5daf-40b6-8dea-a8e712cf73bb,42b060b8-8069-4ce2-b697-af4348e810da,8370024c-0c54-4661-a049-246aab70853b,->,f1dc3983-5daf-40b6-8dea-a8e712cf73bb,4d5d5404-a022-4f98-9bfb-75e7837433dc,cfe058b5-59f9-4bd2-85f2-07dd8ef7ca4b
f1dc3983-5daf-40b6-8dea-a8e712cf73bb,42b060b8-8069-4ce2-b697-af4348e810da,8370024c-0c54-4661-a049-246aab70853b,->,f1dc3983-5daf-40b6-8dea-a8e712cf73bb,4d5d5404-a022-4f98-9bfb-75e7837433dc,ab036b9d-aa4b-46f0-a485-9b2674240d25
f1dc3983-5daf-40b6-8dea-a8e712cf73bb,42b060b8-8069-4ce2-b697-af4348e810da,8370024c-0c54-4661-a049-246aab70853b,->,f1dc3983-5daf-40b6-8dea-a8e712cf73bb,46ea8bdb-6073-4428-9248-da3e9e211ea4,4b230d2e-4878-4c43-af8c-3f1357c03d92
f1dc3983-5daf-40b6-8dea-a8e712cf73bb,42b060b8-8069-4ce2-b697-af4348e810da,8370024c-0c54-4661-a049-246aab70853b,->,f1dc3983-5daf-40b6-8dea-a8e712cf73bb,java/sql/PreparedStatement.java,setInt
f1dc3983-5daf-40b6-8dea-a8e712cf73bb,42b060b8-8069-4ce2-b697-af4348e810da,8370024c-0c54-4661-a049-246aab70853b,->,f1dc3983-5daf-40b6-8dea-a8e712cf73bb,java/sql/PreparedStatement.java,execute
f1dc3983-5daf-40b6-8dea-a8e712cf73bb,42b060b8-8069-4ce2-b697-af4348e810da,8370024c-0c54-4661-a049-246aab70853b,->,f1dc3983-5daf-40b6-8dea-a8e712cf73bb,4d5d5404-a022-4f98-9bfb-75e7837433dc,cfe058b5-59f9-4bd2-85f2-07dd8ef7ca4b
f1dc3983-5daf-40b6-8dea-a8e712cf73bb,42b060b8-8069-4ce2-b697-af4348e810da,8370024c-0c54-4661-a049-246aab70853b,->,f1dc3983-5daf-40b6-8dea-a8e712cf73bb,4d5d5404-a022-4f98-9bfb-75e7837433dc,ab036b9d-aa4b-46f0-a485-9b2674240d25
f1dc3983-5daf-40b6-8dea-a8e712cf73bb,42b060b8-8069-4ce2-b697-af4348e810da,8370024c-0c54-4661-a049-246aab70853b,->,f1dc3983-5daf-40b6-8dea-a8e712cf73bb,dcfb92ea-1a1c-400e-b05a-3685c4f1cd00,c4d7b40b-c986-4a57-9b84-2bdf07190901
f1dc3983-5daf-40b6-8dea-a8e712cf73bb,42b060b8-8069-4ce2-b697-af4348e810da,8370024c-0c54-4661-a049-246aab70853b,->,f1dc3983-5daf-40b6-8dea-a8e712cf73bb,46ea8bdb-6073-4428-9248-da3e9e211ea4,3aada537-b5ec-4829-a260-6e905197ec5a
f1dc3983-5daf-40b6-8dea-a8e712cf73bb,42b060b8-8069-4ce2-b697-af4348e810da,8370024c-0c54-4661-a049-246aab70853b,->,f1dc3983-5daf-40b6-8dea-a8e712cf73bb,dcfb92ea-1a1c-400e-b05a-3685c4f1cd00,7e5f762a-e3d9-4e72-a424-c3f1d1267d5a
f1dc3983-5daf-40b6-8dea-a8e712cf73bb,42b060b8-8069-4ce2-b697-af4348e810da,8370024c-0c54-4661-a049-246aab70853b,->,f1dc3983-5daf-40b6-8dea-a8e712cf73bb,46ea8bdb-6073-4428-9248-da3e9e211ea4,3aada537-b5ec-4829-a260-6e905197ec5a
f1dc3983-5daf-40b6-8dea-a8e712cf73bb,42b060b8-8069-4ce2-b697-af4348e810da,8370024c-0c54-4661-a049-246aab70853b,->,f1dc3983-5daf-40b6-8dea-a8e712cf73bb,java/util/Collection.java,iterator
f1dc3983-5daf-40b6-8dea-a8e712cf73bb,42b060b8-8069-4ce2-b697-af4348e810da,8370024c-0c54-4661-a049-246aab70853b,->,f1dc3983-5daf-40b6-8dea-a8e712cf73bb,java/util/Iterator.java,hasNext
f1dc3983-5daf-40b6-8dea-a8e712cf73bb,42b060b8-8069-4ce2-b697-af4348e810da,8370024c-0c54-4661-a049-246aab70853b,->,f1dc3983-5daf-40b6-8dea-a8e712cf73bb,java/util/Iterator.java,next
f1dc3983-5daf-40b6-8dea-a8e712cf73bb,42b060b8-8069-4ce2-b697-af4348e810da,8370024c-0c54-4661-a049-246aab70853b,->,f1dc3983-5daf-40b6-8dea-a8e712cf73bb,java/sql/PreparedStatement.java,clearParameters
f1dc3983-5daf-40b6-8dea-a8e712cf73bb,42b060b8-8069-4ce2-b697-af4348e810da,8370024c-0c54-4661-a049-246aab70853b,->,f1dc3983-5daf-40b6-8dea-a8e712cf73bb,46ea8bdb-6073-4428-9248-da3e9e211ea4,4b230d2e-4878-4c43-af8c-3f1357c03d92
f1dc3983-5daf-40b6-8dea-a8e712cf73bb,42b060b8-8069-4ce2-b697-af4348e810da,8370024c-0c54-4661-a049-246aab70853b,->,f1dc3983-5daf-40b6-8dea-a8e712cf73bb,java/sql/PreparedStatement.java,setInt
f1dc3983-5daf-40b6-8dea-a8e712cf73bb,42b060b8-8069-4ce2-b697-af4348e810da,8370024c-0c54-4661-a049-246aab70853b,->,f1dc3983-5daf-40b6-8dea-a8e712cf73bb,edfb3cf2-a62e-4314-ac6a-8a6bad7c286e,31fc4442-6758-4542-8b88-507887482e44
f1dc3983-5daf-40b6-8dea-a8e712cf73bb,42b060b8-8069-4ce2-b697-af4348e810da,8370024c-0c54-4661-a049-246aab70853b,->,f1dc3983-5daf-40b6-8dea-a8e712cf73bb,java/sql/PreparedStatement.java,setInt
f1dc3983-5daf-40b6-8dea-a8e712cf73bb,42b060b8-8069-4ce2-b697-af4348e810da,8370024c-0c54-4661-a049-246aab70853b,->,f1dc3983-5daf-40b6-8dea-a8e712cf73bb,java/sql/PreparedStatement.java,addBatch
f1dc3983-5daf-40b6-8dea-a8e712cf73bb,42b060b8-8069-4ce2-b697-af4348e810da,8370024c-0c54-4661-a049-246aab70853b,->,f1dc3983-5daf-40b6-8dea-a8e712cf73bb,java/sql/PreparedStatement.java,executeBatch
f1dc3983-5daf-40b6-8dea-a8e712cf73bb,42b060b8-8069-4ce2-b697-af4348e810da,e6ce432b-22dc-4225-b805-26fe5987275a,->,f1dc3983-5daf-40b6-8dea-a8e712cf73bb,4d5d5404-a022-4f98-9bfb-75e7837433dc,cfe058b5-59f9-4bd2-85f2-07dd8ef7ca4b
f1dc3983-5daf-40b6-8dea-a8e712cf73bb,42b060b8-8069-4ce2-b697-af4348e810da,e6ce432b-22dc-4225-b805-26fe5987275a,->,f1dc3983-5daf-40b6-8dea-a8e712cf73bb,4d5d5404-a022-4f98-9bfb-75e7837433dc,ab036b9d-aa4b-46f0-a485-9b2674240d25
f1dc3983-5daf-40b6-8dea-a8e712cf73bb,42b060b8-8069-4ce2-b697-af4348e810da,e6ce432b-22dc-4225-b805-26fe5987275a,->,f1dc3983-5daf-40b6-8dea-a8e712cf73bb,java/lang/StringBuilder.java,append
f1dc3983-5daf-40b6-8dea-a8e712cf73bb,42b060b8-8069-4ce2-b697-af4348e810da,e6ce432b-22dc-4225-b805-26fe5987275a,->,f1dc3983-5daf-40b6-8dea-a8e712cf73bb,java/lang/String.java,toLowerCase
f1dc3983-5daf-40b6-8dea-a8e712cf73bb,42b060b8-8069-4ce2-b697-af4348e810da,e6ce432b-22dc-4225-b805-26fe5987275a,->,f1dc3983-5daf-40b6-8dea-a8e712cf73bb,java/lang/StringBuilder.java,append
f1dc3983-5daf-40b6-8dea-a8e712cf73bb,42b060b8-8069-4ce2-b697-af4348e810da,e6ce432b-22dc-4225-b805-26fe5987275a,->,f1dc3983-5daf-40b6-8dea-a8e712cf73bb,java/lang/StringBuilder.java,append
f1dc3983-5daf-40b6-8dea-a8e712cf73bb,42b060b8-8069-4ce2-b697-af4348e810da,e6ce432b-22dc-4225-b805-26fe5987275a,->,f1dc3983-5daf-40b6-8dea-a8e712cf73bb,java/lang/StringBuilder.java,toString
f1dc3983-5daf-40b6-8dea-a8e712cf73bb,42b060b8-8069-4ce2-b697-af4348e810da,e6ce432b-22dc-4225-b805-26fe5987275a,->,f1dc3983-5daf-40b6-8dea-a8e712cf73bb,java/sql/PreparedStatement.java,setString
f1dc3983-5daf-40b6-8dea-a8e712cf73bb,42b060b8-8069-4ce2-b697-af4348e810da,e6ce432b-22dc-4225-b805-26fe5987275a,->,f1dc3983-5daf-40b6-8dea-a8e712cf73bb,4d5d5404-a022-4f98-9bfb-75e7837433dc,cfe058b5-59f9-4bd2-85f2-07dd8ef7ca4b
f1dc3983-5daf-40b6-8dea-a8e712cf73bb,42b060b8-8069-4ce2-b697-af4348e810da,e6ce432b-22dc-4225-b805-26fe5987275a,->,f1dc3983-5daf-40b6-8dea-a8e712cf73bb,4d5d5404-a022-4f98-9bfb-75e7837433dc,c6697ba3-0f94-4dee-8f5b-789d53ec0631
f1dc3983-5daf-40b6-8dea-a8e712cf73bb,42b060b8-8069-4ce2-b697-af4348e810da,e6ce432b-22dc-4225-b805-26fe5987275a,->,f1dc3983-5daf-40b6-8dea-a8e712cf73bb,java/sql/ResultSet.java,next
f1dc3983-5daf-40b6-8dea-a8e712cf73bb,42b060b8-8069-4ce2-b697-af4348e810da,e6ce432b-22dc-4225-b805-26fe5987275a,->,f1dc3983-5daf-40b6-8dea-a8e712cf73bb,java/sql/ResultSet.java,getInt
f1dc3983-5daf-40b6-8dea-a8e712cf73bb,42b060b8-8069-4ce2-b697-af4348e810da,e6ce432b-22dc-4225-b805-26fe5987275a,->,f1dc3983-5daf-40b6-8dea-a8e712cf73bb,42b060b8-8069-4ce2-b697-af4348e810da,b6677a8c-26a8-4911-be26-5b1ff9b09b1e
f1dc3983-5daf-40b6-8dea-a8e712cf73bb,42b060b8-8069-4ce2-b697-af4348e810da,e6ce432b-22dc-4225-b805-26fe5987275a,->,f1dc3983-5daf-40b6-8dea-a8e712cf73bb,java/util/List.java,add
f1dc3983-5daf-40b6-8dea-a8e712cf73bb,42b060b8-8069-4ce2-b697-af4348e810da,13f64f8a-d353-416d-b1d1-fbbbbe17e793,->,f1dc3983-5daf-40b6-8dea-a8e712cf73bb,4d5d5404-a022-4f98-9bfb-75e7837433dc,cfe058b5-59f9-4bd2-85f2-07dd8ef7ca4b
f1dc3983-5daf-40b6-8dea-a8e712cf73bb,42b060b8-8069-4ce2-b697-af4348e810da,13f64f8a-d353-416d-b1d1-fbbbbe17e793,->,f1dc3983-5daf-40b6-8dea-a8e712cf73bb,4d5d5404-a022-4f98-9bfb-75e7837433dc,ab036b9d-aa4b-46f0-a485-9b2674240d25
f1dc3983-5daf-40b6-8dea-a8e712cf73bb,42b060b8-8069-4ce2-b697-af4348e810da,13f64f8a-d353-416d-b1d1-fbbbbe17e793,->,f1dc3983-5daf-40b6-8dea-a8e712cf73bb,java/lang/StringBuilder.java,append
f1dc3983-5daf-40b6-8dea-a8e712cf73bb,42b060b8-8069-4ce2-b697-af4348e810da,13f64f8a-d353-416d-b1d1-fbbbbe17e793,->,f1dc3983-5daf-40b6-8dea-a8e712cf73bb,java/lang/String.java,toLowerCase
f1dc3983-5daf-40b6-8dea-a8e712cf73bb,42b060b8-8069-4ce2-b697-af4348e810da,13f64f8a-d353-416d-b1d1-fbbbbe17e793,->,f1dc3983-5daf-40b6-8dea-a8e712cf73bb,java/lang/StringBuilder.java,append
f1dc3983-5daf-40b6-8dea-a8e712cf73bb,42b060b8-8069-4ce2-b697-af4348e810da,13f64f8a-d353-416d-b1d1-fbbbbe17e793,->,f1dc3983-5daf-40b6-8dea-a8e712cf73bb,java/lang/StringBuilder.java,append
f1dc3983-5daf-40b6-8dea-a8e712cf73bb,42b060b8-8069-4ce2-b697-af4348e810da,13f64f8a-d353-416d-b1d1-fbbbbe17e793,->,f1dc3983-5daf-40b6-8dea-a8e712cf73bb,java/lang/StringBuilder.java,toString
f1dc3983-5daf-40b6-8dea-a8e712cf73bb,42b060b8-8069-4ce2-b697-af4348e810da,13f64f8a-d353-416d-b1d1-fbbbbe17e793,->,f1dc3983-5daf-40b6-8dea-a8e712cf73bb,java/sql/PreparedStatement.java,setString
f1dc3983-5daf-40b6-8dea-a8e712cf73bb,42b060b8-8069-4ce2-b697-af4348e810da,13f64f8a-d353-416d-b1d1-fbbbbe17e793,->,f1dc3983-5daf-40b6-8dea-a8e712cf73bb,4d5d5404-a022-4f98-9bfb-75e7837433dc,cfe058b5-59f9-4bd2-85f2-07dd8ef7ca4b
f1dc3983-5daf-40b6-8dea-a8e712cf73bb,42b060b8-8069-4ce2-b697-af4348e810da,13f64f8a-d353-416d-b1d1-fbbbbe17e793,->,f1dc3983-5daf-40b6-8dea-a8e712cf73bb,4d5d5404-a022-4f98-9bfb-75e7837433dc,c6697ba3-0f94-4dee-8f5b-789d53ec0631
f1dc3983-5daf-40b6-8dea-a8e712cf73bb,42b060b8-8069-4ce2-b697-af4348e810da,13f64f8a-d353-416d-b1d1-fbbbbe17e793,->,f1dc3983-5daf-40b6-8dea-a8e712cf73bb,java/sql/ResultSet.java,next
f1dc3983-5daf-40b6-8dea-a8e712cf73bb,42b060b8-8069-4ce2-b697-af4348e810da,13f64f8a-d353-416d-b1d1-fbbbbe17e793,->,f1dc3983-5daf-40b6-8dea-a8e712cf73bb,java/sql/ResultSet.java,getInt
f1dc3983-5daf-40b6-8dea-a8e712cf73bb,42b060b8-8069-4ce2-b697-af4348e810da,13f64f8a-d353-416d-b1d1-fbbbbe17e793,->,f1dc3983-5daf-40b6-8dea-a8e712cf73bb,42b060b8-8069-4ce2-b697-af4348e810da,13462065-0820-4a21-adc0-bd6a52fe08a7
f1dc3983-5daf-40b6-8dea-a8e712cf73bb,42b060b8-8069-4ce2-b697-af4348e810da,13f64f8a-d353-416d-b1d1-fbbbbe17e793,->,f1dc3983-5daf-40b6-8dea-a8e712cf73bb,java/util/List.java,add
f1dc3983-5daf-40b6-8dea-a8e712cf73bb,42b060b8-8069-4ce2-b697-af4348e810da,8d298874-4cee-498b-ac32-9dd18cf10831,->,f1dc3983-5daf-40b6-8dea-a8e712cf73bb,46ea8bdb-6073-4428-9248-da3e9e211ea4,adf0fa5a-d7ea-4e44-9198-5ef9f2dc8c84
f1dc3983-5daf-40b6-8dea-a8e712cf73bb,42b060b8-8069-4ce2-b697-af4348e810da,8d298874-4cee-498b-ac32-9dd18cf10831,->,f1dc3983-5daf-40b6-8dea-a8e712cf73bb,99d9e32d-3617-4d0f-9d2f-21ca6442d165,ee08fea1-0833-4408-b826-781c149a250d
f1dc3983-5daf-40b6-8dea-a8e712cf73bb,42b060b8-8069-4ce2-b697-af4348e810da,8d298874-4cee-498b-ac32-9dd18cf10831,->,f1dc3983-5daf-40b6-8dea-a8e712cf73bb,46ea8bdb-6073-4428-9248-da3e9e211ea4,1e9de47c-b5ee-4560-9e60-82910aedfef0
f1dc3983-5daf-40b6-8dea-a8e712cf73bb,42b060b8-8069-4ce2-b697-af4348e810da,8d298874-4cee-498b-ac32-9dd18cf10831,->,f1dc3983-5daf-40b6-8dea-a8e712cf73bb,495a24b3-509f-446a-880a-5e23a89bf661,76c504f6-6541-4328-9b38-ee3df69d99d3
f1dc3983-5daf-40b6-8dea-a8e712cf73bb,42b060b8-8069-4ce2-b697-af4348e810da,8d298874-4cee-498b-ac32-9dd18cf10831,->,f1dc3983-5daf-40b6-8dea-a8e712cf73bb,46ea8bdb-6073-4428-9248-da3e9e211ea4,1ab375eb-6d78-474f-a77e-537456340dba
f1dc3983-5daf-40b6-8dea-a8e712cf73bb,42b060b8-8069-4ce2-b697-af4348e810da,8d298874-4cee-498b-ac32-9dd18cf10831,->,f1dc3983-5daf-40b6-8dea-a8e712cf73bb,java/sql/PreparedStatement.java,setString
f1dc3983-5daf-40b6-8dea-a8e712cf73bb,42b060b8-8069-4ce2-b697-af4348e810da,8d298874-4cee-498b-ac32-9dd18cf10831,->,f1dc3983-5daf-40b6-8dea-a8e712cf73bb,46ea8bdb-6073-4428-9248-da3e9e211ea4,5781ac2e-365b-4a93-904d-bb56e484cde2
f1dc3983-5daf-40b6-8dea-a8e712cf73bb,42b060b8-8069-4ce2-b697-af4348e810da,8d298874-4cee-498b-ac32-9dd18cf10831,->,f1dc3983-5daf-40b6-8dea-a8e712cf73bb,java/util/Calendar.java,getTime
f1dc3983-5daf-40b6-8dea-a8e712cf73bb,42b060b8-8069-4ce2-b697-af4348e810da,8d298874-4cee-498b-ac32-9dd18cf10831,->,f1dc3983-5daf-40b6-8dea-a8e712cf73bb,java/util/Date.java,getTime
f1dc3983-5daf-40b6-8dea-a8e712cf73bb,42b060b8-8069-4ce2-b697-af4348e810da,8d298874-4cee-498b-ac32-9dd18cf10831,->,f1dc3983-5daf-40b6-8dea-a8e712cf73bb,java/sql/PreparedStatement.java,setDate
f1dc3983-5daf-40b6-8dea-a8e712cf73bb,42b060b8-8069-4ce2-b697-af4348e810da,8d298874-4cee-498b-ac32-9dd18cf10831,->,f1dc3983-5daf-40b6-8dea-a8e712cf73bb,java/sql/PreparedStatement.java,setInt
f1dc3983-5daf-40b6-8dea-a8e712cf73bb,42b060b8-8069-4ce2-b697-af4348e810da,8d298874-4cee-498b-ac32-9dd18cf10831,->,f1dc3983-5daf-40b6-8dea-a8e712cf73bb,46ea8bdb-6073-4428-9248-da3e9e211ea4,39e5a5b2-be39-4164-b9a5-98ee1f4925b2
f1dc3983-5daf-40b6-8dea-a8e712cf73bb,42b060b8-8069-4ce2-b697-af4348e810da,8d298874-4cee-498b-ac32-9dd18cf10831,->,f1dc3983-5daf-40b6-8dea-a8e712cf73bb,java/sql/PreparedStatement.java,setString
f1dc3983-5daf-40b6-8dea-a8e712cf73bb,42b060b8-8069-4ce2-b697-af4348e810da,8d298874-4cee-498b-ac32-9dd18cf10831,->,f1dc3983-5daf-40b6-8dea-a8e712cf73bb,46ea8bdb-6073-4428-9248-da3e9e211ea4,fa71786c-f67b-4386-abcd-f9e6500ac247
f1dc3983-5daf-40b6-8dea-a8e712cf73bb,42b060b8-8069-4ce2-b697-af4348e810da,8d298874-4cee-498b-ac32-9dd18cf10831,->,f1dc3983-5daf-40b6-8dea-a8e712cf73bb,java/lang/Integer.java,intValue
f1dc3983-5daf-40b6-8dea-a8e712cf73bb,42b060b8-8069-4ce2-b697-af4348e810da,8d298874-4cee-498b-ac32-9dd18cf10831,->,f1dc3983-5daf-40b6-8dea-a8e712cf73bb,java/sql/PreparedStatement.java,setInt
f1dc3983-5daf-40b6-8dea-a8e712cf73bb,42b060b8-8069-4ce2-b697-af4348e810da,8d298874-4cee-498b-ac32-9dd18cf10831,->,f1dc3983-5daf-40b6-8dea-a8e712cf73bb,java/sql/PreparedStatement.java,setInt
f1dc3983-5daf-40b6-8dea-a8e712cf73bb,42b060b8-8069-4ce2-b697-af4348e810da,8d298874-4cee-498b-ac32-9dd18cf10831,->,f1dc3983-5daf-40b6-8dea-a8e712cf73bb,46ea8bdb-6073-4428-9248-da3e9e211ea4,d1f2f841-1195-449f-a55a-6fd5a23e2284
f1dc3983-5daf-40b6-8dea-a8e712cf73bb,42b060b8-8069-4ce2-b697-af4348e810da,8d298874-4cee-498b-ac32-9dd18cf10831,->,f1dc3983-5daf-40b6-8dea-a8e712cf73bb,java/sql/PreparedStatement.java,setString
f1dc3983-5daf-40b6-8dea-a8e712cf73bb,42b060b8-8069-4ce2-b697-af4348e810da,8d298874-4cee-498b-ac32-9dd18cf10831,->,f1dc3983-5daf-40b6-8dea-a8e712cf73bb,46ea8bdb-6073-4428-9248-da3e9e211ea4,5c5d3b35-03a6-4d31-837b-0266fee0fb8d
f1dc3983-5daf-40b6-8dea-a8e712cf73bb,42b060b8-8069-4ce2-b697-af4348e810da,8d298874-4cee-498b-ac32-9dd18cf10831,->,f1dc3983-5daf-40b6-8dea-a8e712cf73bb,java/sql/PreparedStatement.java,setInt
f1dc3983-5daf-40b6-8dea-a8e712cf73bb,42b060b8-8069-4ce2-b697-af4348e810da,8d298874-4cee-498b-ac32-9dd18cf10831,->,f1dc3983-5daf-40b6-8dea-a8e712cf73bb,46ea8bdb-6073-4428-9248-da3e9e211ea4,99de866d-de55-4edb-a9b5-a76d564c2049
f1dc3983-5daf-40b6-8dea-a8e712cf73bb,42b060b8-8069-4ce2-b697-af4348e810da,8d298874-4cee-498b-ac32-9dd18cf10831,->,f1dc3983-5daf-40b6-8dea-a8e712cf73bb,java/sql/PreparedStatement.java,setInt
f1dc3983-5daf-40b6-8dea-a8e712cf73bb,42b060b8-8069-4ce2-b697-af4348e810da,8d298874-4cee-498b-ac32-9dd18cf10831,->,f1dc3983-5daf-40b6-8dea-a8e712cf73bb,46ea8bdb-6073-4428-9248-da3e9e211ea4,53f2491b-566b-4a9c-94e2-f44f7ed95061
f1dc3983-5daf-40b6-8dea-a8e712cf73bb,42b060b8-8069-4ce2-b697-af4348e810da,8d298874-4cee-498b-ac32-9dd18cf10831,->,f1dc3983-5daf-40b6-8dea-a8e712cf73bb,java/sql/PreparedStatement.java,setInt
f1dc3983-5daf-40b6-8dea-a8e712cf73bb,42b060b8-8069-4ce2-b697-af4348e810da,8d298874-4cee-498b-ac32-9dd18cf10831,->,f1dc3983-5daf-40b6-8dea-a8e712cf73bb,46ea8bdb-6073-4428-9248-da3e9e211ea4,ac116dcb-9124-47fb-b3bb-b413ff0d2842
f1dc3983-5daf-40b6-8dea-a8e712cf73bb,42b060b8-8069-4ce2-b697-af4348e810da,8d298874-4cee-498b-ac32-9dd18cf10831,->,f1dc3983-5daf-40b6-8dea-a8e712cf73bb,java/sql/PreparedStatement.java,setDouble
f1dc3983-5daf-40b6-8dea-a8e712cf73bb,42b060b8-8069-4ce2-b697-af4348e810da,8d298874-4cee-498b-ac32-9dd18cf10831,->,f1dc3983-5daf-40b6-8dea-a8e712cf73bb,46ea8bdb-6073-4428-9248-da3e9e211ea4,443be998-ecb8-4e6e-8010-16ebd14bd192
f1dc3983-5daf-40b6-8dea-a8e712cf73bb,42b060b8-8069-4ce2-b697-af4348e810da,8d298874-4cee-498b-ac32-9dd18cf10831,->,f1dc3983-5daf-40b6-8dea-a8e712cf73bb,java/lang/Integer.java,intValue
f1dc3983-5daf-40b6-8dea-a8e712cf73bb,42b060b8-8069-4ce2-b697-af4348e810da,8d298874-4cee-498b-ac32-9dd18cf10831,->,f1dc3983-5daf-40b6-8dea-a8e712cf73bb,java/sql/PreparedStatement.java,setInt
f1dc3983-5daf-40b6-8dea-a8e712cf73bb,42b060b8-8069-4ce2-b697-af4348e810da,8d298874-4cee-498b-ac32-9dd18cf10831,->,f1dc3983-5daf-40b6-8dea-a8e712cf73bb,46ea8bdb-6073-4428-9248-da3e9e211ea4,d441370c-542f-44ab-b483-97a5ecbc0816
f1dc3983-5daf-40b6-8dea-a8e712cf73bb,42b060b8-8069-4ce2-b697-af4348e810da,8d298874-4cee-498b-ac32-9dd18cf10831,->,f1dc3983-5daf-40b6-8dea-a8e712cf73bb,java/sql/PreparedStatement.java,setString
f1dc3983-5daf-40b6-8dea-a8e712cf73bb,42b060b8-8069-4ce2-b697-af4348e810da,8d298874-4cee-498b-ac32-9dd18cf10831,->,f1dc3983-5daf-40b6-8dea-a8e712cf73bb,46ea8bdb-6073-4428-9248-da3e9e211ea4,2305fe18-f79f-44ba-aad5-b96ad1020e1e
f1dc3983-5daf-40b6-8dea-a8e712cf73bb,42b060b8-8069-4ce2-b697-af4348e810da,8d298874-4cee-498b-ac32-9dd18cf10831,->,f1dc3983-5daf-40b6-8dea-a8e712cf73bb,java/sql/PreparedStatement.java,setInt
f1dc3983-5daf-40b6-8dea-a8e712cf73bb,42b060b8-8069-4ce2-b697-af4348e810da,8d298874-4cee-498b-ac32-9dd18cf10831,->,f1dc3983-5daf-40b6-8dea-a8e712cf73bb,46ea8bdb-6073-4428-9248-da3e9e211ea4,a6653cf9-98a1-42af-b528-dfb0d01eb8fd
f1dc3983-5daf-40b6-8dea-a8e712cf73bb,42b060b8-8069-4ce2-b697-af4348e810da,8d298874-4cee-498b-ac32-9dd18cf10831,->,f1dc3983-5daf-40b6-8dea-a8e712cf73bb,java/lang/Integer.java,intValue
f1dc3983-5daf-40b6-8dea-a8e712cf73bb,42b060b8-8069-4ce2-b697-af4348e810da,8d298874-4cee-498b-ac32-9dd18cf10831,->,f1dc3983-5daf-40b6-8dea-a8e712cf73bb,java/sql/PreparedStatement.java,setInt
f1dc3983-5daf-40b6-8dea-a8e712cf73bb,42b060b8-8069-4ce2-b697-af4348e810da,8d298874-4cee-498b-ac32-9dd18cf10831,->,f1dc3983-5daf-40b6-8dea-a8e712cf73bb,46ea8bdb-6073-4428-9248-da3e9e211ea4,4b230d2e-4878-4c43-af8c-3f1357c03d92
f1dc3983-5daf-40b6-8dea-a8e712cf73bb,42b060b8-8069-4ce2-b697-af4348e810da,8d298874-4cee-498b-ac32-9dd18cf10831,->,f1dc3983-5daf-40b6-8dea-a8e712cf73bb,java/sql/PreparedStatement.java,setInt
f1dc3983-5daf-40b6-8dea-a8e712cf73bb,42b060b8-8069-4ce2-b697-af4348e810da,8d298874-4cee-498b-ac32-9dd18cf10831,->,f1dc3983-5daf-40b6-8dea-a8e712cf73bb,46ea8bdb-6073-4428-9248-da3e9e211ea4,b79bf6fe-eab6-424b-a0b7-126c8cd7d54f
f1dc3983-5daf-40b6-8dea-a8e712cf73bb,42b060b8-8069-4ce2-b697-af4348e810da,8d298874-4cee-498b-ac32-9dd18cf10831,->,f1dc3983-5daf-40b6-8dea-a8e712cf73bb,java/sql/PreparedStatement.java,setDouble
f1dc3983-5daf-40b6-8dea-a8e712cf73bb,42b060b8-8069-4ce2-b697-af4348e810da,8d298874-4cee-498b-ac32-9dd18cf10831,->,f1dc3983-5daf-40b6-8dea-a8e712cf73bb,java/sql/PreparedStatement.java,execute
f1dc3983-5daf-40b6-8dea-a8e712cf73bb,42b060b8-8069-4ce2-b697-af4348e810da,8d298874-4cee-498b-ac32-9dd18cf10831,->,f1dc3983-5daf-40b6-8dea-a8e712cf73bb,46ea8bdb-6073-4428-9248-da3e9e211ea4,4b230d2e-4878-4c43-af8c-3f1357c03d92
f1dc3983-5daf-40b6-8dea-a8e712cf73bb,42b060b8-8069-4ce2-b697-af4348e810da,8d298874-4cee-498b-ac32-9dd18cf10831,->,f1dc3983-5daf-40b6-8dea-a8e712cf73bb,4d5d5404-a022-4f98-9bfb-75e7837433dc,cfe058b5-59f9-4bd2-85f2-07dd8ef7ca4b
f1dc3983-5daf-40b6-8dea-a8e712cf73bb,42b060b8-8069-4ce2-b697-af4348e810da,8d298874-4cee-498b-ac32-9dd18cf10831,->,f1dc3983-5daf-40b6-8dea-a8e712cf73bb,4d5d5404-a022-4f98-9bfb-75e7837433dc,ab036b9d-aa4b-46f0-a485-9b2674240d25
f1dc3983-5daf-40b6-8dea-a8e712cf73bb,42b060b8-8069-4ce2-b697-af4348e810da,8d298874-4cee-498b-ac32-9dd18cf10831,->,f1dc3983-5daf-40b6-8dea-a8e712cf73bb,java/sql/PreparedStatement.java,setInt
f1dc3983-5daf-40b6-8dea-a8e712cf73bb,42b060b8-8069-4ce2-b697-af4348e810da,8d298874-4cee-498b-ac32-9dd18cf10831,->,f1dc3983-5daf-40b6-8dea-a8e712cf73bb,java/sql/PreparedStatement.java,execute
f1dc3983-5daf-40b6-8dea-a8e712cf73bb,42b060b8-8069-4ce2-b697-af4348e810da,8d298874-4cee-498b-ac32-9dd18cf10831,->,f1dc3983-5daf-40b6-8dea-a8e712cf73bb,46ea8bdb-6073-4428-9248-da3e9e211ea4,571af7d4-b576-4b58-ba45-81c089ddefd0
f1dc3983-5daf-40b6-8dea-a8e712cf73bb,42b060b8-8069-4ce2-b697-af4348e810da,8d298874-4cee-498b-ac32-9dd18cf10831,->,f1dc3983-5daf-40b6-8dea-a8e712cf73bb,java/util/Collection.java,size
f1dc3983-5daf-40b6-8dea-a8e712cf73bb,42b060b8-8069-4ce2-b697-af4348e810da,8d298874-4cee-498b-ac32-9dd18cf10831,->,f1dc3983-5daf-40b6-8dea-a8e712cf73bb,46ea8bdb-6073-4428-9248-da3e9e211ea4,571af7d4-b576-4b58-ba45-81c089ddefd0
f1dc3983-5daf-40b6-8dea-a8e712cf73bb,42b060b8-8069-4ce2-b697-af4348e810da,8d298874-4cee-498b-ac32-9dd18cf10831,->,f1dc3983-5daf-40b6-8dea-a8e712cf73bb,java/util/Collection.java,iterator
f1dc3983-5daf-40b6-8dea-a8e712cf73bb,42b060b8-8069-4ce2-b697-af4348e810da,8d298874-4cee-498b-ac32-9dd18cf10831,->,f1dc3983-5daf-40b6-8dea-a8e712cf73bb,java/util/Iterator.java,hasNext
f1dc3983-5daf-40b6-8dea-a8e712cf73bb,42b060b8-8069-4ce2-b697-af4348e810da,8d298874-4cee-498b-ac32-9dd18cf10831,->,f1dc3983-5daf-40b6-8dea-a8e712cf73bb,java/util/Iterator.java,next
f1dc3983-5daf-40b6-8dea-a8e712cf73bb,42b060b8-8069-4ce2-b697-af4348e810da,8d298874-4cee-498b-ac32-9dd18cf10831,->,f1dc3983-5daf-40b6-8dea-a8e712cf73bb,69ac7b64-9248-4ac5-b8f4-75048ed8f843,6aceb7ed-c9d4-454d-a368-4fb6e00103e1
f1dc3983-5daf-40b6-8dea-a8e712cf73bb,42b060b8-8069-4ce2-b697-af4348e810da,8d298874-4cee-498b-ac32-9dd18cf10831,->,f1dc3983-5daf-40b6-8dea-a8e712cf73bb,4d5d5404-a022-4f98-9bfb-75e7837433dc,cfe058b5-59f9-4bd2-85f2-07dd8ef7ca4b
f1dc3983-5daf-40b6-8dea-a8e712cf73bb,42b060b8-8069-4ce2-b697-af4348e810da,8d298874-4cee-498b-ac32-9dd18cf10831,->,f1dc3983-5daf-40b6-8dea-a8e712cf73bb,4d5d5404-a022-4f98-9bfb-75e7837433dc,ab036b9d-aa4b-46f0-a485-9b2674240d25
f1dc3983-5daf-40b6-8dea-a8e712cf73bb,42b060b8-8069-4ce2-b697-af4348e810da,8d298874-4cee-498b-ac32-9dd18cf10831,->,f1dc3983-5daf-40b6-8dea-a8e712cf73bb,java/sql/PreparedStatement.java,setInt
f1dc3983-5daf-40b6-8dea-a8e712cf73bb,42b060b8-8069-4ce2-b697-af4348e810da,8d298874-4cee-498b-ac32-9dd18cf10831,->,f1dc3983-5daf-40b6-8dea-a8e712cf73bb,java/sql/PreparedStatement.java,setInt
f1dc3983-5daf-40b6-8dea-a8e712cf73bb,42b060b8-8069-4ce2-b697-af4348e810da,8d298874-4cee-498b-ac32-9dd18cf10831,->,f1dc3983-5daf-40b6-8dea-a8e712cf73bb,java/sql/PreparedStatement.java,execute
f1dc3983-5daf-40b6-8dea-a8e712cf73bb,42b060b8-8069-4ce2-b697-af4348e810da,8d298874-4cee-498b-ac32-9dd18cf10831,->,f1dc3983-5daf-40b6-8dea-a8e712cf73bb,4d5d5404-a022-4f98-9bfb-75e7837433dc,cfe058b5-59f9-4bd2-85f2-07dd8ef7ca4b
f1dc3983-5daf-40b6-8dea-a8e712cf73bb,42b060b8-8069-4ce2-b697-af4348e810da,8d298874-4cee-498b-ac32-9dd18cf10831,->,f1dc3983-5daf-40b6-8dea-a8e712cf73bb,4d5d5404-a022-4f98-9bfb-75e7837433dc,ab036b9d-aa4b-46f0-a485-9b2674240d25
f1dc3983-5daf-40b6-8dea-a8e712cf73bb,42b060b8-8069-4ce2-b697-af4348e810da,8d298874-4cee-498b-ac32-9dd18cf10831,->,f1dc3983-5daf-40b6-8dea-a8e712cf73bb,java/sql/PreparedStatement.java,setInt
f1dc3983-5daf-40b6-8dea-a8e712cf73bb,42b060b8-8069-4ce2-b697-af4348e810da,8d298874-4cee-498b-ac32-9dd18cf10831,->,f1dc3983-5daf-40b6-8dea-a8e712cf73bb,java/sql/PreparedStatement.java,execute
f1dc3983-5daf-40b6-8dea-a8e712cf73bb,42b060b8-8069-4ce2-b697-af4348e810da,8d298874-4cee-498b-ac32-9dd18cf10831,->,f1dc3983-5daf-40b6-8dea-a8e712cf73bb,46ea8bdb-6073-4428-9248-da3e9e211ea4,30056950-15a9-4a0a-a4b2-a821dff86181
f1dc3983-5daf-40b6-8dea-a8e712cf73bb,42b060b8-8069-4ce2-b697-af4348e810da,8d298874-4cee-498b-ac32-9dd18cf10831,->,f1dc3983-5daf-40b6-8dea-a8e712cf73bb,java/util/Collection.java,iterator
f1dc3983-5daf-40b6-8dea-a8e712cf73bb,42b060b8-8069-4ce2-b697-af4348e810da,8d298874-4cee-498b-ac32-9dd18cf10831,->,f1dc3983-5daf-40b6-8dea-a8e712cf73bb,java/util/Iterator.java,hasNext
f1dc3983-5daf-40b6-8dea-a8e712cf73bb,42b060b8-8069-4ce2-b697-af4348e810da,8d298874-4cee-498b-ac32-9dd18cf10831,->,f1dc3983-5daf-40b6-8dea-a8e712cf73bb,java/util/Iterator.java,next
f1dc3983-5daf-40b6-8dea-a8e712cf73bb,42b060b8-8069-4ce2-b697-af4348e810da,8d298874-4cee-498b-ac32-9dd18cf10831,->,f1dc3983-5daf-40b6-8dea-a8e712cf73bb,4d5d5404-a022-4f98-9bfb-75e7837433dc,cfe058b5-59f9-4bd2-85f2-07dd8ef7ca4b
f1dc3983-5daf-40b6-8dea-a8e712cf73bb,42b060b8-8069-4ce2-b697-af4348e810da,8d298874-4cee-498b-ac32-9dd18cf10831,->,f1dc3983-5daf-40b6-8dea-a8e712cf73bb,4d5d5404-a022-4f98-9bfb-75e7837433dc,ab036b9d-aa4b-46f0-a485-9b2674240d25
f1dc3983-5daf-40b6-8dea-a8e712cf73bb,42b060b8-8069-4ce2-b697-af4348e810da,8d298874-4cee-498b-ac32-9dd18cf10831,->,f1dc3983-5daf-40b6-8dea-a8e712cf73bb,java/sql/PreparedStatement.java,setInt
f1dc3983-5daf-40b6-8dea-a8e712cf73bb,42b060b8-8069-4ce2-b697-af4348e810da,8d298874-4cee-498b-ac32-9dd18cf10831,->,f1dc3983-5daf-40b6-8dea-a8e712cf73bb,java/sql/PreparedStatement.java,setString
f1dc3983-5daf-40b6-8dea-a8e712cf73bb,42b060b8-8069-4ce2-b697-af4348e810da,8d298874-4cee-498b-ac32-9dd18cf10831,->,f1dc3983-5daf-40b6-8dea-a8e712cf73bb,java/sql/PreparedStatement.java,execute
f1dc3983-5daf-40b6-8dea-a8e712cf73bb,42b060b8-8069-4ce2-b697-af4348e810da,8d298874-4cee-498b-ac32-9dd18cf10831,->,f1dc3983-5daf-40b6-8dea-a8e712cf73bb,46ea8bdb-6073-4428-9248-da3e9e211ea4,b10cd8c8-1102-44e0-8f60-d2114b8ce88a
f1dc3983-5daf-40b6-8dea-a8e712cf73bb,42b060b8-8069-4ce2-b697-af4348e810da,8d298874-4cee-498b-ac32-9dd18cf10831,->,f1dc3983-5daf-40b6-8dea-a8e712cf73bb,java/util/Collection.java,iterator
f1dc3983-5daf-40b6-8dea-a8e712cf73bb,42b060b8-8069-4ce2-b697-af4348e810da,8d298874-4cee-498b-ac32-9dd18cf10831,->,f1dc3983-5daf-40b6-8dea-a8e712cf73bb,java/util/Iterator.java,hasNext
f1dc3983-5daf-40b6-8dea-a8e712cf73bb,42b060b8-8069-4ce2-b697-af4348e810da,8d298874-4cee-498b-ac32-9dd18cf10831,->,f1dc3983-5daf-40b6-8dea-a8e712cf73bb,java/util/Iterator.java,next
f1dc3983-5daf-40b6-8dea-a8e712cf73bb,42b060b8-8069-4ce2-b697-af4348e810da,8d298874-4cee-498b-ac32-9dd18cf10831,->,f1dc3983-5daf-40b6-8dea-a8e712cf73bb,46ea8bdb-6073-4428-9248-da3e9e211ea4,4b230d2e-4878-4c43-af8c-3f1357c03d92
f1dc3983-5daf-40b6-8dea-a8e712cf73bb,42b060b8-8069-4ce2-b697-af4348e810da,8d298874-4cee-498b-ac32-9dd18cf10831,->,f1dc3983-5daf-40b6-8dea-a8e712cf73bb,2e5ebc02-f3d0-423a-95be-92767c90aca1,a69ce930-dae7-4beb-911c-6907e5a1169a
f1dc3983-5daf-40b6-8dea-a8e712cf73bb,42b060b8-8069-4ce2-b697-af4348e810da,8d298874-4cee-498b-ac32-9dd18cf10831,->,f1dc3983-5daf-40b6-8dea-a8e712cf73bb,4d5d5404-a022-4f98-9bfb-75e7837433dc,cfe058b5-59f9-4bd2-85f2-07dd8ef7ca4b
f1dc3983-5daf-40b6-8dea-a8e712cf73bb,42b060b8-8069-4ce2-b697-af4348e810da,8d298874-4cee-498b-ac32-9dd18cf10831,->,f1dc3983-5daf-40b6-8dea-a8e712cf73bb,4d5d5404-a022-4f98-9bfb-75e7837433dc,ab036b9d-aa4b-46f0-a485-9b2674240d25
f1dc3983-5daf-40b6-8dea-a8e712cf73bb,42b060b8-8069-4ce2-b697-af4348e810da,8d298874-4cee-498b-ac32-9dd18cf10831,->,f1dc3983-5daf-40b6-8dea-a8e712cf73bb,46ea8bdb-6073-4428-9248-da3e9e211ea4,4b230d2e-4878-4c43-af8c-3f1357c03d92
f1dc3983-5daf-40b6-8dea-a8e712cf73bb,42b060b8-8069-4ce2-b697-af4348e810da,8d298874-4cee-498b-ac32-9dd18cf10831,->,f1dc3983-5daf-40b6-8dea-a8e712cf73bb,java/sql/PreparedStatement.java,setInt
f1dc3983-5daf-40b6-8dea-a8e712cf73bb,42b060b8-8069-4ce2-b697-af4348e810da,8d298874-4cee-498b-ac32-9dd18cf10831,->,f1dc3983-5daf-40b6-8dea-a8e712cf73bb,46ea8bdb-6073-4428-9248-da3e9e211ea4,b10cd8c8-1102-44e0-8f60-d2114b8ce88a
f1dc3983-5daf-40b6-8dea-a8e712cf73bb,42b060b8-8069-4ce2-b697-af4348e810da,8d298874-4cee-498b-ac32-9dd18cf10831,->,f1dc3983-5daf-40b6-8dea-a8e712cf73bb,java/util/Collection.java,size
f1dc3983-5daf-40b6-8dea-a8e712cf73bb,42b060b8-8069-4ce2-b697-af4348e810da,8d298874-4cee-498b-ac32-9dd18cf10831,->,f1dc3983-5daf-40b6-8dea-a8e712cf73bb,java/sql/PreparedStatement.java,setInt
f1dc3983-5daf-40b6-8dea-a8e712cf73bb,42b060b8-8069-4ce2-b697-af4348e810da,8d298874-4cee-498b-ac32-9dd18cf10831,->,f1dc3983-5daf-40b6-8dea-a8e712cf73bb,java/sql/PreparedStatement.java,execute
f1dc3983-5daf-40b6-8dea-a8e712cf73bb,42b060b8-8069-4ce2-b697-af4348e810da,9f82363d-a8d4-44a0-b2d5-dec303783ea4,->,f1dc3983-5daf-40b6-8dea-a8e712cf73bb,2e5ebc02-f3d0-423a-95be-92767c90aca1,d9101dae-b588-4be7-ac20-55d0c28ebeaa
f1dc3983-5daf-40b6-8dea-a8e712cf73bb,42b060b8-8069-4ce2-b697-af4348e810da,9f82363d-a8d4-44a0-b2d5-dec303783ea4,->,f1dc3983-5daf-40b6-8dea-a8e712cf73bb,java/sql/PreparedStatement.java,setString
f1dc3983-5daf-40b6-8dea-a8e712cf73bb,42b060b8-8069-4ce2-b697-af4348e810da,9f82363d-a8d4-44a0-b2d5-dec303783ea4,->,f1dc3983-5daf-40b6-8dea-a8e712cf73bb,2e5ebc02-f3d0-423a-95be-92767c90aca1,2b0491c7-6d69-4ad1-b193-1c7b127470e7
f1dc3983-5daf-40b6-8dea-a8e712cf73bb,42b060b8-8069-4ce2-b697-af4348e810da,9f82363d-a8d4-44a0-b2d5-dec303783ea4,->,f1dc3983-5daf-40b6-8dea-a8e712cf73bb,java/sql/PreparedStatement.java,setInt
f1dc3983-5daf-40b6-8dea-a8e712cf73bb,42b060b8-8069-4ce2-b697-af4348e810da,9f82363d-a8d4-44a0-b2d5-dec303783ea4,->,f1dc3983-5daf-40b6-8dea-a8e712cf73bb,2e5ebc02-f3d0-423a-95be-92767c90aca1,c33819c1-970e-4001-9634-4d1e11984a63
f1dc3983-5daf-40b6-8dea-a8e712cf73bb,42b060b8-8069-4ce2-b697-af4348e810da,9f82363d-a8d4-44a0-b2d5-dec303783ea4,->,f1dc3983-5daf-40b6-8dea-a8e712cf73bb,java/sql/PreparedStatement.java,setInt
f1dc3983-5daf-40b6-8dea-a8e712cf73bb,42b060b8-8069-4ce2-b697-af4348e810da,9f82363d-a8d4-44a0-b2d5-dec303783ea4,->,f1dc3983-5daf-40b6-8dea-a8e712cf73bb,java/sql/PreparedStatement.java,setInt
f1dc3983-5daf-40b6-8dea-a8e712cf73bb,42b060b8-8069-4ce2-b697-af4348e810da,9f82363d-a8d4-44a0-b2d5-dec303783ea4,->,f1dc3983-5daf-40b6-8dea-a8e712cf73bb,2e5ebc02-f3d0-423a-95be-92767c90aca1,9fbcd0b4-e68c-4613-8a36-c540706b9d72
f1dc3983-5daf-40b6-8dea-a8e712cf73bb,42b060b8-8069-4ce2-b697-af4348e810da,9f82363d-a8d4-44a0-b2d5-dec303783ea4,->,f1dc3983-5daf-40b6-8dea-a8e712cf73bb,java/sql/PreparedStatement.java,setInt
f1dc3983-5daf-40b6-8dea-a8e712cf73bb,42b060b8-8069-4ce2-b697-af4348e810da,9f82363d-a8d4-44a0-b2d5-dec303783ea4,->,f1dc3983-5daf-40b6-8dea-a8e712cf73bb,java/sql/PreparedStatement.java,execute
f1dc3983-5daf-40b6-8dea-a8e712cf73bb,42b060b8-8069-4ce2-b697-af4348e810da,9f82363d-a8d4-44a0-b2d5-dec303783ea4,->,f1dc3983-5daf-40b6-8dea-a8e712cf73bb,4d5d5404-a022-4f98-9bfb-75e7837433dc,cfe058b5-59f9-4bd2-85f2-07dd8ef7ca4b
f1dc3983-5daf-40b6-8dea-a8e712cf73bb,42b060b8-8069-4ce2-b697-af4348e810da,9f82363d-a8d4-44a0-b2d5-dec303783ea4,->,f1dc3983-5daf-40b6-8dea-a8e712cf73bb,4d5d5404-a022-4f98-9bfb-75e7837433dc,ab036b9d-aa4b-46f0-a485-9b2674240d25
f1dc3983-5daf-40b6-8dea-a8e712cf73bb,42b060b8-8069-4ce2-b697-af4348e810da,9f82363d-a8d4-44a0-b2d5-dec303783ea4,->,f1dc3983-5daf-40b6-8dea-a8e712cf73bb,java/sql/PreparedStatement.java,setInt
f1dc3983-5daf-40b6-8dea-a8e712cf73bb,42b060b8-8069-4ce2-b697-af4348e810da,9f82363d-a8d4-44a0-b2d5-dec303783ea4,->,f1dc3983-5daf-40b6-8dea-a8e712cf73bb,2e5ebc02-f3d0-423a-95be-92767c90aca1,9fbcd0b4-e68c-4613-8a36-c540706b9d72
f1dc3983-5daf-40b6-8dea-a8e712cf73bb,42b060b8-8069-4ce2-b697-af4348e810da,9f82363d-a8d4-44a0-b2d5-dec303783ea4,->,f1dc3983-5daf-40b6-8dea-a8e712cf73bb,java/sql/PreparedStatement.java,setInt
f1dc3983-5daf-40b6-8dea-a8e712cf73bb,42b060b8-8069-4ce2-b697-af4348e810da,9f82363d-a8d4-44a0-b2d5-dec303783ea4,->,f1dc3983-5daf-40b6-8dea-a8e712cf73bb,java/sql/PreparedStatement.java,executeQuery
f1dc3983-5daf-40b6-8dea-a8e712cf73bb,42b060b8-8069-4ce2-b697-af4348e810da,9f82363d-a8d4-44a0-b2d5-dec303783ea4,->,f1dc3983-5daf-40b6-8dea-a8e712cf73bb,java/sql/ResultSet.java,next
f1dc3983-5daf-40b6-8dea-a8e712cf73bb,42b060b8-8069-4ce2-b697-af4348e810da,9f82363d-a8d4-44a0-b2d5-dec303783ea4,->,f1dc3983-5daf-40b6-8dea-a8e712cf73bb,java/sql/ResultSet.java,getInt
f1dc3983-5daf-40b6-8dea-a8e712cf73bb,42b060b8-8069-4ce2-b697-af4348e810da,9f82363d-a8d4-44a0-b2d5-dec303783ea4,->,f1dc3983-5daf-40b6-8dea-a8e712cf73bb,java/sql/ResultSet.java,close
f1dc3983-5daf-40b6-8dea-a8e712cf73bb,42b060b8-8069-4ce2-b697-af4348e810da,9f82363d-a8d4-44a0-b2d5-dec303783ea4,->,f1dc3983-5daf-40b6-8dea-a8e712cf73bb,java/sql/PreparedStatement.java,close
f1dc3983-5daf-40b6-8dea-a8e712cf73bb,42b060b8-8069-4ce2-b697-af4348e810da,9f82363d-a8d4-44a0-b2d5-dec303783ea4,->,f1dc3983-5daf-40b6-8dea-a8e712cf73bb,4d5d5404-a022-4f98-9bfb-75e7837433dc,cfe058b5-59f9-4bd2-85f2-07dd8ef7ca4b
f1dc3983-5daf-40b6-8dea-a8e712cf73bb,42b060b8-8069-4ce2-b697-af4348e810da,9f82363d-a8d4-44a0-b2d5-dec303783ea4,->,f1dc3983-5daf-40b6-8dea-a8e712cf73bb,4d5d5404-a022-4f98-9bfb-75e7837433dc,ab036b9d-aa4b-46f0-a485-9b2674240d25
f1dc3983-5daf-40b6-8dea-a8e712cf73bb,42b060b8-8069-4ce2-b697-af4348e810da,9f82363d-a8d4-44a0-b2d5-dec303783ea4,->,f1dc3983-5daf-40b6-8dea-a8e712cf73bb,java/sql/PreparedStatement.java,setInt
f1dc3983-5daf-40b6-8dea-a8e712cf73bb,42b060b8-8069-4ce2-b697-af4348e810da,9f82363d-a8d4-44a0-b2d5-dec303783ea4,->,f1dc3983-5daf-40b6-8dea-a8e712cf73bb,java/sql/PreparedStatement.java,execute
f1dc3983-5daf-40b6-8dea-a8e712cf73bb,42b060b8-8069-4ce2-b697-af4348e810da,9f82363d-a8d4-44a0-b2d5-dec303783ea4,->,f1dc3983-5daf-40b6-8dea-a8e712cf73bb,4d5d5404-a022-4f98-9bfb-75e7837433dc,cfe058b5-59f9-4bd2-85f2-07dd8ef7ca4b
f1dc3983-5daf-40b6-8dea-a8e712cf73bb,42b060b8-8069-4ce2-b697-af4348e810da,9f82363d-a8d4-44a0-b2d5-dec303783ea4,->,f1dc3983-5daf-40b6-8dea-a8e712cf73bb,4d5d5404-a022-4f98-9bfb-75e7837433dc,ab036b9d-aa4b-46f0-a485-9b2674240d25
f1dc3983-5daf-40b6-8dea-a8e712cf73bb,42b060b8-8069-4ce2-b697-af4348e810da,9f82363d-a8d4-44a0-b2d5-dec303783ea4,->,f1dc3983-5daf-40b6-8dea-a8e712cf73bb,java/sql/PreparedStatement.java,setInt
f1dc3983-5daf-40b6-8dea-a8e712cf73bb,42b060b8-8069-4ce2-b697-af4348e810da,9f82363d-a8d4-44a0-b2d5-dec303783ea4,->,f1dc3983-5daf-40b6-8dea-a8e712cf73bb,java/sql/PreparedStatement.java,execute
f1dc3983-5daf-40b6-8dea-a8e712cf73bb,42b060b8-8069-4ce2-b697-af4348e810da,9f82363d-a8d4-44a0-b2d5-dec303783ea4,->,f1dc3983-5daf-40b6-8dea-a8e712cf73bb,42b060b8-8069-4ce2-b697-af4348e810da,993c3f2c-12da-4c25-9863-45172a661476
f1dc3983-5daf-40b6-8dea-a8e712cf73bb,1c866960-847f-46b0-a0f4-2b5e191ee538,2c2ea73f-bb24-4ccd-a2b1-25c75a63c2a8,->,f1dc3983-5daf-40b6-8dea-a8e712cf73bb,4d5d5404-a022-4f98-9bfb-75e7837433dc,cfe058b5-59f9-4bd2-85f2-07dd8ef7ca4b
f1dc3983-5daf-40b6-8dea-a8e712cf73bb,1c866960-847f-46b0-a0f4-2b5e191ee538,2c2ea73f-bb24-4ccd-a2b1-25c75a63c2a8,->,f1dc3983-5daf-40b6-8dea-a8e712cf73bb,4d5d5404-a022-4f98-9bfb-75e7837433dc,ab036b9d-aa4b-46f0-a485-9b2674240d25
f1dc3983-5daf-40b6-8dea-a8e712cf73bb,1c866960-847f-46b0-a0f4-2b5e191ee538,2c2ea73f-bb24-4ccd-a2b1-25c75a63c2a8,->,f1dc3983-5daf-40b6-8dea-a8e712cf73bb,java/sql/PreparedStatement.java,executeQuery
f1dc3983-5daf-40b6-8dea-a8e712cf73bb,1c866960-847f-46b0-a0f4-2b5e191ee538,2c2ea73f-bb24-4ccd-a2b1-25c75a63c2a8,->,f1dc3983-5daf-40b6-8dea-a8e712cf73bb,java/sql/ResultSet.java,next
f1dc3983-5daf-40b6-8dea-a8e712cf73bb,1c866960-847f-46b0-a0f4-2b5e191ee538,2c2ea73f-bb24-4ccd-a2b1-25c75a63c2a8,->,f1dc3983-5daf-40b6-8dea-a8e712cf73bb,42b060b8-8069-4ce2-b697-af4348e810da,9db7681e-b6da-43b8-a39b-41ccc0a749a4
f1dc3983-5daf-40b6-8dea-a8e712cf73bb,1c866960-847f-46b0-a0f4-2b5e191ee538,2c2ea73f-bb24-4ccd-a2b1-25c75a63c2a8,->,f1dc3983-5daf-40b6-8dea-a8e712cf73bb,java/sql/ResultSet.java,getInt
f1dc3983-5daf-40b6-8dea-a8e712cf73bb,1c866960-847f-46b0-a0f4-2b5e191ee538,2c2ea73f-bb24-4ccd-a2b1-25c75a63c2a8,->,f1dc3983-5daf-40b6-8dea-a8e712cf73bb,42b060b8-8069-4ce2-b697-af4348e810da,b6677a8c-26a8-4911-be26-5b1ff9b09b1e
f1dc3983-5daf-40b6-8dea-a8e712cf73bb,1c866960-847f-46b0-a0f4-2b5e191ee538,2c2ea73f-bb24-4ccd-a2b1-25c75a63c2a8,->,f1dc3983-5daf-40b6-8dea-a8e712cf73bb,java/util/List.java,add
f1dc3983-5daf-40b6-8dea-a8e712cf73bb,1c866960-847f-46b0-a0f4-2b5e191ee538,9e941499-4806-4ddf-9eee-231220a27654,->,f1dc3983-5daf-40b6-8dea-a8e712cf73bb,java/lang/String.java,equalsIgnoreCase
f1dc3983-5daf-40b6-8dea-a8e712cf73bb,1c866960-847f-46b0-a0f4-2b5e191ee538,9e941499-4806-4ddf-9eee-231220a27654,->,f1dc3983-5daf-40b6-8dea-a8e712cf73bb,java/lang/StringBuilder.java,append
f1dc3983-5daf-40b6-8dea-a8e712cf73bb,1c866960-847f-46b0-a0f4-2b5e191ee538,9e941499-4806-4ddf-9eee-231220a27654,->,f1dc3983-5daf-40b6-8dea-a8e712cf73bb,java/lang/StringBuilder.java,append
f1dc3983-5daf-40b6-8dea-a8e712cf73bb,1c866960-847f-46b0-a0f4-2b5e191ee538,9e941499-4806-4ddf-9eee-231220a27654,->,f1dc3983-5daf-40b6-8dea-a8e712cf73bb,java/lang/StringBuilder.java,append
f1dc3983-5daf-40b6-8dea-a8e712cf73bb,1c866960-847f-46b0-a0f4-2b5e191ee538,9e941499-4806-4ddf-9eee-231220a27654,->,f1dc3983-5daf-40b6-8dea-a8e712cf73bb,java/lang/StringBuilder.java,toString
f1dc3983-5daf-40b6-8dea-a8e712cf73bb,1c866960-847f-46b0-a0f4-2b5e191ee538,9e941499-4806-4ddf-9eee-231220a27654,->,f1dc3983-5daf-40b6-8dea-a8e712cf73bb,4d5d5404-a022-4f98-9bfb-75e7837433dc,cfe058b5-59f9-4bd2-85f2-07dd8ef7ca4b
f1dc3983-5daf-40b6-8dea-a8e712cf73bb,1c866960-847f-46b0-a0f4-2b5e191ee538,9e941499-4806-4ddf-9eee-231220a27654,->,f1dc3983-5daf-40b6-8dea-a8e712cf73bb,4d5d5404-a022-4f98-9bfb-75e7837433dc,ab036b9d-aa4b-46f0-a485-9b2674240d25
f1dc3983-5daf-40b6-8dea-a8e712cf73bb,1c866960-847f-46b0-a0f4-2b5e191ee538,9e941499-4806-4ddf-9eee-231220a27654,->,f1dc3983-5daf-40b6-8dea-a8e712cf73bb,java/sql/PreparedStatement.java,setString
f1dc3983-5daf-40b6-8dea-a8e712cf73bb,1c866960-847f-46b0-a0f4-2b5e191ee538,9e941499-4806-4ddf-9eee-231220a27654,->,f1dc3983-5daf-40b6-8dea-a8e712cf73bb,4d5d5404-a022-4f98-9bfb-75e7837433dc,cfe058b5-59f9-4bd2-85f2-07dd8ef7ca4b
f1dc3983-5daf-40b6-8dea-a8e712cf73bb,1c866960-847f-46b0-a0f4-2b5e191ee538,9e941499-4806-4ddf-9eee-231220a27654,->,f1dc3983-5daf-40b6-8dea-a8e712cf73bb,4d5d5404-a022-4f98-9bfb-75e7837433dc,c6697ba3-0f94-4dee-8f5b-789d53ec0631
f1dc3983-5daf-40b6-8dea-a8e712cf73bb,1c866960-847f-46b0-a0f4-2b5e191ee538,9e941499-4806-4ddf-9eee-231220a27654,->,f1dc3983-5daf-40b6-8dea-a8e712cf73bb,java/sql/ResultSet.java,next
f1dc3983-5daf-40b6-8dea-a8e712cf73bb,1c866960-847f-46b0-a0f4-2b5e191ee538,9e941499-4806-4ddf-9eee-231220a27654,->,f1dc3983-5daf-40b6-8dea-a8e712cf73bb,42b060b8-8069-4ce2-b697-af4348e810da,9db7681e-b6da-43b8-a39b-41ccc0a749a4
f1dc3983-5daf-40b6-8dea-a8e712cf73bb,1c866960-847f-46b0-a0f4-2b5e191ee538,9e941499-4806-4ddf-9eee-231220a27654,->,f1dc3983-5daf-40b6-8dea-a8e712cf73bb,java/sql/ResultSet.java,getInt
f1dc3983-5daf-40b6-8dea-a8e712cf73bb,1c866960-847f-46b0-a0f4-2b5e191ee538,9e941499-4806-4ddf-9eee-231220a27654,->,f1dc3983-5daf-40b6-8dea-a8e712cf73bb,42b060b8-8069-4ce2-b697-af4348e810da,b6677a8c-26a8-4911-be26-5b1ff9b09b1e
f1dc3983-5daf-40b6-8dea-a8e712cf73bb,1c866960-847f-46b0-a0f4-2b5e191ee538,9e941499-4806-4ddf-9eee-231220a27654,->,f1dc3983-5daf-40b6-8dea-a8e712cf73bb,46ea8bdb-6073-4428-9248-da3e9e211ea4,d1f2f841-1195-449f-a55a-6fd5a23e2284
f1dc3983-5daf-40b6-8dea-a8e712cf73bb,1c866960-847f-46b0-a0f4-2b5e191ee538,9e941499-4806-4ddf-9eee-231220a27654,->,f1dc3983-5daf-40b6-8dea-a8e712cf73bb,java/lang/StringBuilder.java,append
f1dc3983-5daf-40b6-8dea-a8e712cf73bb,1c866960-847f-46b0-a0f4-2b5e191ee538,9e941499-4806-4ddf-9eee-231220a27654,->,f1dc3983-5daf-40b6-8dea-a8e712cf73bb,java/lang/StringBuilder.java,append
f1dc3983-5daf-40b6-8dea-a8e712cf73bb,1c866960-847f-46b0-a0f4-2b5e191ee538,9e941499-4806-4ddf-9eee-231220a27654,->,f1dc3983-5daf-40b6-8dea-a8e712cf73bb,46ea8bdb-6073-4428-9248-da3e9e211ea4,1ab375eb-6d78-474f-a77e-537456340dba
f1dc3983-5daf-40b6-8dea-a8e712cf73bb,1c866960-847f-46b0-a0f4-2b5e191ee538,9e941499-4806-4ddf-9eee-231220a27654,->,f1dc3983-5daf-40b6-8dea-a8e712cf73bb,java/lang/StringBuilder.java,append
f1dc3983-5daf-40b6-8dea-a8e712cf73bb,1c866960-847f-46b0-a0f4-2b5e191ee538,9e941499-4806-4ddf-9eee-231220a27654,->,f1dc3983-5daf-40b6-8dea-a8e712cf73bb,java/lang/StringBuilder.java,append
f1dc3983-5daf-40b6-8dea-a8e712cf73bb,1c866960-847f-46b0-a0f4-2b5e191ee538,9e941499-4806-4ddf-9eee-231220a27654,->,f1dc3983-5daf-40b6-8dea-a8e712cf73bb,46ea8bdb-6073-4428-9248-da3e9e211ea4,c74faea8-c394-4831-b6ca-682cd4182d30
f1dc3983-5daf-40b6-8dea-a8e712cf73bb,1c866960-847f-46b0-a0f4-2b5e191ee538,9e941499-4806-4ddf-9eee-231220a27654,->,f1dc3983-5daf-40b6-8dea-a8e712cf73bb,java/util/Collection.java,size
f1dc3983-5daf-40b6-8dea-a8e712cf73bb,1c866960-847f-46b0-a0f4-2b5e191ee538,9e941499-4806-4ddf-9eee-231220a27654,->,f1dc3983-5daf-40b6-8dea-a8e712cf73bb,java/lang/StringBuilder.java,append
f1dc3983-5daf-40b6-8dea-a8e712cf73bb,1c866960-847f-46b0-a0f4-2b5e191ee538,9e941499-4806-4ddf-9eee-231220a27654,->,f1dc3983-5daf-40b6-8dea-a8e712cf73bb,java/lang/StringBuilder.java,toString
f1dc3983-5daf-40b6-8dea-a8e712cf73bb,1c866960-847f-46b0-a0f4-2b5e191ee538,9e941499-4806-4ddf-9eee-231220a27654,->,f1dc3983-5daf-40b6-8dea-a8e712cf73bb,java/io/PrintStream.java,println
f1dc3983-5daf-40b6-8dea-a8e712cf73bb,1c866960-847f-46b0-a0f4-2b5e191ee538,9e941499-4806-4ddf-9eee-231220a27654,->,f1dc3983-5daf-40b6-8dea-a8e712cf73bb,46ea8bdb-6073-4428-9248-da3e9e211ea4,c74faea8-c394-4831-b6ca-682cd4182d30
f1dc3983-5daf-40b6-8dea-a8e712cf73bb,1c866960-847f-46b0-a0f4-2b5e191ee538,9e941499-4806-4ddf-9eee-231220a27654,->,f1dc3983-5daf-40b6-8dea-a8e712cf73bb,java/util/Collection.java,size
f1dc3983-5daf-40b6-8dea-a8e712cf73bb,1c866960-847f-46b0-a0f4-2b5e191ee538,93649da9-b422-4c36-a16d-d410c1ad8345,->,f1dc3983-5daf-40b6-8dea-a8e712cf73bb,java/lang/String.java,equalsIgnoreCase
f1dc3983-5daf-40b6-8dea-a8e712cf73bb,1c866960-847f-46b0-a0f4-2b5e191ee538,93649da9-b422-4c36-a16d-d410c1ad8345,->,f1dc3983-5daf-40b6-8dea-a8e712cf73bb,java/lang/StringBuilder.java,append
f1dc3983-5daf-40b6-8dea-a8e712cf73bb,1c866960-847f-46b0-a0f4-2b5e191ee538,93649da9-b422-4c36-a16d-d410c1ad8345,->,f1dc3983-5daf-40b6-8dea-a8e712cf73bb,java/lang/StringBuilder.java,append
f1dc3983-5daf-40b6-8dea-a8e712cf73bb,1c866960-847f-46b0-a0f4-2b5e191ee538,93649da9-b422-4c36-a16d-d410c1ad8345,->,f1dc3983-5daf-40b6-8dea-a8e712cf73bb,java/lang/StringBuilder.java,append
f1dc3983-5daf-40b6-8dea-a8e712cf73bb,1c866960-847f-46b0-a0f4-2b5e191ee538,93649da9-b422-4c36-a16d-d410c1ad8345,->,f1dc3983-5daf-40b6-8dea-a8e712cf73bb,java/lang/StringBuilder.java,toString
f1dc3983-5daf-40b6-8dea-a8e712cf73bb,1c866960-847f-46b0-a0f4-2b5e191ee538,93649da9-b422-4c36-a16d-d410c1ad8345,->,f1dc3983-5daf-40b6-8dea-a8e712cf73bb,4d5d5404-a022-4f98-9bfb-75e7837433dc,cfe058b5-59f9-4bd2-85f2-07dd8ef7ca4b
f1dc3983-5daf-40b6-8dea-a8e712cf73bb,1c866960-847f-46b0-a0f4-2b5e191ee538,93649da9-b422-4c36-a16d-d410c1ad8345,->,f1dc3983-5daf-40b6-8dea-a8e712cf73bb,4d5d5404-a022-4f98-9bfb-75e7837433dc,ab036b9d-aa4b-46f0-a485-9b2674240d25
f1dc3983-5daf-40b6-8dea-a8e712cf73bb,1c866960-847f-46b0-a0f4-2b5e191ee538,93649da9-b422-4c36-a16d-d410c1ad8345,->,f1dc3983-5daf-40b6-8dea-a8e712cf73bb,java/sql/PreparedStatement.java,setString
f1dc3983-5daf-40b6-8dea-a8e712cf73bb,1c866960-847f-46b0-a0f4-2b5e191ee538,93649da9-b422-4c36-a16d-d410c1ad8345,->,f1dc3983-5daf-40b6-8dea-a8e712cf73bb,4d5d5404-a022-4f98-9bfb-75e7837433dc,cfe058b5-59f9-4bd2-85f2-07dd8ef7ca4b
f1dc3983-5daf-40b6-8dea-a8e712cf73bb,1c866960-847f-46b0-a0f4-2b5e191ee538,93649da9-b422-4c36-a16d-d410c1ad8345,->,f1dc3983-5daf-40b6-8dea-a8e712cf73bb,4d5d5404-a022-4f98-9bfb-75e7837433dc,c6697ba3-0f94-4dee-8f5b-789d53ec0631
f1dc3983-5daf-40b6-8dea-a8e712cf73bb,1c866960-847f-46b0-a0f4-2b5e191ee538,93649da9-b422-4c36-a16d-d410c1ad8345,->,f1dc3983-5daf-40b6-8dea-a8e712cf73bb,java/sql/ResultSet.java,next
f1dc3983-5daf-40b6-8dea-a8e712cf73bb,1c866960-847f-46b0-a0f4-2b5e191ee538,93649da9-b422-4c36-a16d-d410c1ad8345,->,f1dc3983-5daf-40b6-8dea-a8e712cf73bb,42b060b8-8069-4ce2-b697-af4348e810da,9db7681e-b6da-43b8-a39b-41ccc0a749a4
f1dc3983-5daf-40b6-8dea-a8e712cf73bb,1c866960-847f-46b0-a0f4-2b5e191ee538,93649da9-b422-4c36-a16d-d410c1ad8345,->,f1dc3983-5daf-40b6-8dea-a8e712cf73bb,java/sql/ResultSet.java,getInt
f1dc3983-5daf-40b6-8dea-a8e712cf73bb,1c866960-847f-46b0-a0f4-2b5e191ee538,93649da9-b422-4c36-a16d-d410c1ad8345,->,f1dc3983-5daf-40b6-8dea-a8e712cf73bb,42b060b8-8069-4ce2-b697-af4348e810da,b6677a8c-26a8-4911-be26-5b1ff9b09b1e
f1dc3983-5daf-40b6-8dea-a8e712cf73bb,1c866960-847f-46b0-a0f4-2b5e191ee538,93649da9-b422-4c36-a16d-d410c1ad8345,->,f1dc3983-5daf-40b6-8dea-a8e712cf73bb,46ea8bdb-6073-4428-9248-da3e9e211ea4,c74faea8-c394-4831-b6ca-682cd4182d30
f1dc3983-5daf-40b6-8dea-a8e712cf73bb,1c866960-847f-46b0-a0f4-2b5e191ee538,93649da9-b422-4c36-a16d-d410c1ad8345,->,f1dc3983-5daf-40b6-8dea-a8e712cf73bb,java/util/Collection.java,size
f1dc3983-5daf-40b6-8dea-a8e712cf73bb,1c866960-847f-46b0-a0f4-2b5e191ee538,93649da9-b422-4c36-a16d-d410c1ad8345,->,f1dc3983-5daf-40b6-8dea-a8e712cf73bb,java/util/List.java,add
f1dc3983-5daf-40b6-8dea-a8e712cf73bb,1c866960-847f-46b0-a0f4-2b5e191ee538,6b5cc00f-a30d-4551-9823-272391e4c8da,->,f1dc3983-5daf-40b6-8dea-a8e712cf73bb,4d5d5404-a022-4f98-9bfb-75e7837433dc,cfe058b5-59f9-4bd2-85f2-07dd8ef7ca4b
f1dc3983-5daf-40b6-8dea-a8e712cf73bb,1c866960-847f-46b0-a0f4-2b5e191ee538,6b5cc00f-a30d-4551-9823-272391e4c8da,->,f1dc3983-5daf-40b6-8dea-a8e712cf73bb,4d5d5404-a022-4f98-9bfb-75e7837433dc,ab036b9d-aa4b-46f0-a485-9b2674240d25
f1dc3983-5daf-40b6-8dea-a8e712cf73bb,1c866960-847f-46b0-a0f4-2b5e191ee538,6b5cc00f-a30d-4551-9823-272391e4c8da,->,f1dc3983-5daf-40b6-8dea-a8e712cf73bb,java/sql/PreparedStatement.java,setDouble
f1dc3983-5daf-40b6-8dea-a8e712cf73bb,1c866960-847f-46b0-a0f4-2b5e191ee538,6b5cc00f-a30d-4551-9823-272391e4c8da,->,f1dc3983-5daf-40b6-8dea-a8e712cf73bb,4d5d5404-a022-4f98-9bfb-75e7837433dc,cfe058b5-59f9-4bd2-85f2-07dd8ef7ca4b
f1dc3983-5daf-40b6-8dea-a8e712cf73bb,1c866960-847f-46b0-a0f4-2b5e191ee538,6b5cc00f-a30d-4551-9823-272391e4c8da,->,f1dc3983-5daf-40b6-8dea-a8e712cf73bb,4d5d5404-a022-4f98-9bfb-75e7837433dc,c6697ba3-0f94-4dee-8f5b-789d53ec0631
f1dc3983-5daf-40b6-8dea-a8e712cf73bb,1c866960-847f-46b0-a0f4-2b5e191ee538,6b5cc00f-a30d-4551-9823-272391e4c8da,->,f1dc3983-5daf-40b6-8dea-a8e712cf73bb,java/sql/ResultSet.java,next
f1dc3983-5daf-40b6-8dea-a8e712cf73bb,1c866960-847f-46b0-a0f4-2b5e191ee538,6b5cc00f-a30d-4551-9823-272391e4c8da,->,f1dc3983-5daf-40b6-8dea-a8e712cf73bb,42b060b8-8069-4ce2-b697-af4348e810da,9db7681e-b6da-43b8-a39b-41ccc0a749a4
f1dc3983-5daf-40b6-8dea-a8e712cf73bb,1c866960-847f-46b0-a0f4-2b5e191ee538,6b5cc00f-a30d-4551-9823-272391e4c8da,->,f1dc3983-5daf-40b6-8dea-a8e712cf73bb,java/sql/ResultSet.java,getInt
f1dc3983-5daf-40b6-8dea-a8e712cf73bb,1c866960-847f-46b0-a0f4-2b5e191ee538,6b5cc00f-a30d-4551-9823-272391e4c8da,->,f1dc3983-5daf-40b6-8dea-a8e712cf73bb,42b060b8-8069-4ce2-b697-af4348e810da,b6677a8c-26a8-4911-be26-5b1ff9b09b1e
f1dc3983-5daf-40b6-8dea-a8e712cf73bb,1c866960-847f-46b0-a0f4-2b5e191ee538,6b5cc00f-a30d-4551-9823-272391e4c8da,->,f1dc3983-5daf-40b6-8dea-a8e712cf73bb,46ea8bdb-6073-4428-9248-da3e9e211ea4,b10cd8c8-1102-44e0-8f60-d2114b8ce88a
f1dc3983-5daf-40b6-8dea-a8e712cf73bb,1c866960-847f-46b0-a0f4-2b5e191ee538,6b5cc00f-a30d-4551-9823-272391e4c8da,->,f1dc3983-5daf-40b6-8dea-a8e712cf73bb,java/util/Collections.java,shuffle
f1dc3983-5daf-40b6-8dea-a8e712cf73bb,1c866960-847f-46b0-a0f4-2b5e191ee538,6b5cc00f-a30d-4551-9823-272391e4c8da,->,f1dc3983-5daf-40b6-8dea-a8e712cf73bb,java/util/List.java,get
f1dc3983-5daf-40b6-8dea-a8e712cf73bb,1c866960-847f-46b0-a0f4-2b5e191ee538,b2e6ef17-386d-42ee-b912-dcda85f2ffde,->,f1dc3983-5daf-40b6-8dea-a8e712cf73bb,1c866960-847f-46b0-a0f4-2b5e191ee538,3cddcd51-8142-4251-9a98-c77b7f30c519
f1dc3983-5daf-40b6-8dea-a8e712cf73bb,1c866960-847f-46b0-a0f4-2b5e191ee538,b2e6ef17-386d-42ee-b912-dcda85f2ffde,->,f1dc3983-5daf-40b6-8dea-a8e712cf73bb,java/util/List.java,size
f1dc3983-5daf-40b6-8dea-a8e712cf73bb,1c866960-847f-46b0-a0f4-2b5e191ee538,b2e6ef17-386d-42ee-b912-dcda85f2ffde,->,f1dc3983-5daf-40b6-8dea-a8e712cf73bb,java/util/List.java,get
f1dc3983-5daf-40b6-8dea-a8e712cf73bb,1c866960-847f-46b0-a0f4-2b5e191ee538,3cddcd51-8142-4251-9a98-c77b7f30c519,->,f1dc3983-5daf-40b6-8dea-a8e712cf73bb,java/lang/String.java,equalsIgnoreCase
f1dc3983-5daf-40b6-8dea-a8e712cf73bb,1c866960-847f-46b0-a0f4-2b5e191ee538,3cddcd51-8142-4251-9a98-c77b7f30c519,->,f1dc3983-5daf-40b6-8dea-a8e712cf73bb,java/lang/StringBuilder.java,append
f1dc3983-5daf-40b6-8dea-a8e712cf73bb,1c866960-847f-46b0-a0f4-2b5e191ee538,3cddcd51-8142-4251-9a98-c77b7f30c519,->,f1dc3983-5daf-40b6-8dea-a8e712cf73bb,java/lang/StringBuilder.java,append
f1dc3983-5daf-40b6-8dea-a8e712cf73bb,1c866960-847f-46b0-a0f4-2b5e191ee538,3cddcd51-8142-4251-9a98-c77b7f30c519,->,f1dc3983-5daf-40b6-8dea-a8e712cf73bb,java/lang/StringBuilder.java,append
f1dc3983-5daf-40b6-8dea-a8e712cf73bb,1c866960-847f-46b0-a0f4-2b5e191ee538,3cddcd51-8142-4251-9a98-c77b7f30c519,->,f1dc3983-5daf-40b6-8dea-a8e712cf73bb,java/lang/StringBuilder.java,append
f1dc3983-5daf-40b6-8dea-a8e712cf73bb,1c866960-847f-46b0-a0f4-2b5e191ee538,3cddcd51-8142-4251-9a98-c77b7f30c519,->,f1dc3983-5daf-40b6-8dea-a8e712cf73bb,java/lang/StringBuilder.java,append
f1dc3983-5daf-40b6-8dea-a8e712cf73bb,1c866960-847f-46b0-a0f4-2b5e191ee538,3cddcd51-8142-4251-9a98-c77b7f30c519,->,f1dc3983-5daf-40b6-8dea-a8e712cf73bb,java/lang/StringBuilder.java,toString
f1dc3983-5daf-40b6-8dea-a8e712cf73bb,1c866960-847f-46b0-a0f4-2b5e191ee538,3cddcd51-8142-4251-9a98-c77b7f30c519,->,f1dc3983-5daf-40b6-8dea-a8e712cf73bb,4d5d5404-a022-4f98-9bfb-75e7837433dc,cfe058b5-59f9-4bd2-85f2-07dd8ef7ca4b
f1dc3983-5daf-40b6-8dea-a8e712cf73bb,1c866960-847f-46b0-a0f4-2b5e191ee538,3cddcd51-8142-4251-9a98-c77b7f30c519,->,f1dc3983-5daf-40b6-8dea-a8e712cf73bb,4d5d5404-a022-4f98-9bfb-75e7837433dc,ab036b9d-aa4b-46f0-a485-9b2674240d25
f1dc3983-5daf-40b6-8dea-a8e712cf73bb,1c866960-847f-46b0-a0f4-2b5e191ee538,3cddcd51-8142-4251-9a98-c77b7f30c519,->,f1dc3983-5daf-40b6-8dea-a8e712cf73bb,java/sql/PreparedStatement.java,setString
f1dc3983-5daf-40b6-8dea-a8e712cf73bb,1c866960-847f-46b0-a0f4-2b5e191ee538,3cddcd51-8142-4251-9a98-c77b7f30c519,->,f1dc3983-5daf-40b6-8dea-a8e712cf73bb,java/io/PrintStream.java,println
f1dc3983-5daf-40b6-8dea-a8e712cf73bb,1c866960-847f-46b0-a0f4-2b5e191ee538,3cddcd51-8142-4251-9a98-c77b7f30c519,->,f1dc3983-5daf-40b6-8dea-a8e712cf73bb,4d5d5404-a022-4f98-9bfb-75e7837433dc,cfe058b5-59f9-4bd2-85f2-07dd8ef7ca4b
f1dc3983-5daf-40b6-8dea-a8e712cf73bb,1c866960-847f-46b0-a0f4-2b5e191ee538,3cddcd51-8142-4251-9a98-c77b7f30c519,->,f1dc3983-5daf-40b6-8dea-a8e712cf73bb,4d5d5404-a022-4f98-9bfb-75e7837433dc,c6697ba3-0f94-4dee-8f5b-789d53ec0631
f1dc3983-5daf-40b6-8dea-a8e712cf73bb,1c866960-847f-46b0-a0f4-2b5e191ee538,3cddcd51-8142-4251-9a98-c77b7f30c519,->,f1dc3983-5daf-40b6-8dea-a8e712cf73bb,java/sql/ResultSet.java,next
f1dc3983-5daf-40b6-8dea-a8e712cf73bb,1c866960-847f-46b0-a0f4-2b5e191ee538,3cddcd51-8142-4251-9a98-c77b7f30c519,->,f1dc3983-5daf-40b6-8dea-a8e712cf73bb,42b060b8-8069-4ce2-b697-af4348e810da,9db7681e-b6da-43b8-a39b-41ccc0a749a4
f1dc3983-5daf-40b6-8dea-a8e712cf73bb,1c866960-847f-46b0-a0f4-2b5e191ee538,3cddcd51-8142-4251-9a98-c77b7f30c519,->,f1dc3983-5daf-40b6-8dea-a8e712cf73bb,java/sql/ResultSet.java,getInt
f1dc3983-5daf-40b6-8dea-a8e712cf73bb,1c866960-847f-46b0-a0f4-2b5e191ee538,3cddcd51-8142-4251-9a98-c77b7f30c519,->,f1dc3983-5daf-40b6-8dea-a8e712cf73bb,42b060b8-8069-4ce2-b697-af4348e810da,b6677a8c-26a8-4911-be26-5b1ff9b09b1e
f1dc3983-5daf-40b6-8dea-a8e712cf73bb,1c866960-847f-46b0-a0f4-2b5e191ee538,3cddcd51-8142-4251-9a98-c77b7f30c519,->,f1dc3983-5daf-40b6-8dea-a8e712cf73bb,java/util/List.java,add
f1dc3983-5daf-40b6-8dea-a8e712cf73bb,1c866960-847f-46b0-a0f4-2b5e191ee538,"3ba3b757-bd22-4006-9ed6-d93b5a14d109,ce2d4dc3-fd0d-47a4-b53e-1c5ae171112f",->,f1dc3983-5daf-40b6-8dea-a8e712cf73bb,1c866960-847f-46b0-a0f4-2b5e191ee538,9e941499-4806-4ddf-9eee-231220a27654
f1dc3983-5daf-40b6-8dea-a8e712cf73bb,1c866960-847f-46b0-a0f4-2b5e191ee538,"3ba3b757-bd22-4006-9ed6-d93b5a14d109,ce2d4dc3-fd0d-47a4-b53e-1c5ae171112f",->,f1dc3983-5daf-40b6-8dea-a8e712cf73bb,1c866960-847f-46b0-a0f4-2b5e191ee538,b2e6ef17-386d-42ee-b912-dcda85f2ffde
f1dc3983-5daf-40b6-8dea-a8e712cf73bb,1c866960-847f-46b0-a0f4-2b5e191ee538,"3ba3b757-bd22-4006-9ed6-d93b5a14d109,ce2d4dc3-fd0d-47a4-b53e-1c5ae171112f",->,f1dc3983-5daf-40b6-8dea-a8e712cf73bb,1c866960-847f-46b0-a0f4-2b5e191ee538,9e941499-4806-4ddf-9eee-231220a27654
f1dc3983-5daf-40b6-8dea-a8e712cf73bb,1c866960-847f-46b0-a0f4-2b5e191ee538,"3ba3b757-bd22-4006-9ed6-d93b5a14d109,ce2d4dc3-fd0d-47a4-b53e-1c5ae171112f",->,f1dc3983-5daf-40b6-8dea-a8e712cf73bb,1c866960-847f-46b0-a0f4-2b5e191ee538,"3ba3b757-bd22-4006-9ed6-d93b5a14d109,ce2d4dc3-fd0d-47a4-b53e-1c5ae171112f"
f1dc3983-5daf-40b6-8dea-a8e712cf73bb,1c866960-847f-46b0-a0f4-2b5e191ee538,"3ba3b757-bd22-4006-9ed6-d93b5a14d109,ce2d4dc3-fd0d-47a4-b53e-1c5ae171112f",->,f1dc3983-5daf-40b6-8dea-a8e712cf73bb,46ea8bdb-6073-4428-9248-da3e9e211ea4,5781ac2e-365b-4a93-904d-bb56e484cde2
f1dc3983-5daf-40b6-8dea-a8e712cf73bb,1c866960-847f-46b0-a0f4-2b5e191ee538,"3ba3b757-bd22-4006-9ed6-d93b5a14d109,ce2d4dc3-fd0d-47a4-b53e-1c5ae171112f",->,f1dc3983-5daf-40b6-8dea-a8e712cf73bb,46ea8bdb-6073-4428-9248-da3e9e211ea4,5781ac2e-365b-4a93-904d-bb56e484cde2
f1dc3983-5daf-40b6-8dea-a8e712cf73bb,1c866960-847f-46b0-a0f4-2b5e191ee538,"3ba3b757-bd22-4006-9ed6-d93b5a14d109,ce2d4dc3-fd0d-47a4-b53e-1c5ae171112f",->,f1dc3983-5daf-40b6-8dea-a8e712cf73bb,java/util/Calendar.java,after
f1dc3983-5daf-40b6-8dea-a8e712cf73bb,1c866960-847f-46b0-a0f4-2b5e191ee538,"3ba3b757-bd22-4006-9ed6-d93b5a14d109,ce2d4dc3-fd0d-47a4-b53e-1c5ae171112f",->,f1dc3983-5daf-40b6-8dea-a8e712cf73bb,46ea8bdb-6073-4428-9248-da3e9e211ea4,5781ac2e-365b-4a93-904d-bb56e484cde2
f1dc3983-5daf-40b6-8dea-a8e712cf73bb,1c866960-847f-46b0-a0f4-2b5e191ee538,"3ba3b757-bd22-4006-9ed6-d93b5a14d109,ce2d4dc3-fd0d-47a4-b53e-1c5ae171112f",->,f1dc3983-5daf-40b6-8dea-a8e712cf73bb,46ea8bdb-6073-4428-9248-da3e9e211ea4,5781ac2e-365b-4a93-904d-bb56e484cde2
f1dc3983-5daf-40b6-8dea-a8e712cf73bb,1c866960-847f-46b0-a0f4-2b5e191ee538,"3ba3b757-bd22-4006-9ed6-d93b5a14d109,ce2d4dc3-fd0d-47a4-b53e-1c5ae171112f",->,f1dc3983-5daf-40b6-8dea-a8e712cf73bb,java/util/Calendar.java,before
f1dc3983-5daf-40b6-8dea-a8e712cf73bb,1c866960-847f-46b0-a0f4-2b5e191ee538,34e42ad2-745f-4156-9bfb-1dc9b0bd368a,->,f1dc3983-5daf-40b6-8dea-a8e712cf73bb,4d5d5404-a022-4f98-9bfb-75e7837433dc,cfe058b5-59f9-4bd2-85f2-07dd8ef7ca4b
f1dc3983-5daf-40b6-8dea-a8e712cf73bb,1c866960-847f-46b0-a0f4-2b5e191ee538,34e42ad2-745f-4156-9bfb-1dc9b0bd368a,->,f1dc3983-5daf-40b6-8dea-a8e712cf73bb,4d5d5404-a022-4f98-9bfb-75e7837433dc,ab036b9d-aa4b-46f0-a485-9b2674240d25
f1dc3983-5daf-40b6-8dea-a8e712cf73bb,1c866960-847f-46b0-a0f4-2b5e191ee538,34e42ad2-745f-4156-9bfb-1dc9b0bd368a,->,f1dc3983-5daf-40b6-8dea-a8e712cf73bb,java/sql/PreparedStatement.java,executeQuery
f1dc3983-5daf-40b6-8dea-a8e712cf73bb,1c866960-847f-46b0-a0f4-2b5e191ee538,34e42ad2-745f-4156-9bfb-1dc9b0bd368a,->,f1dc3983-5daf-40b6-8dea-a8e712cf73bb,java/sql/ResultSet.java,next
f1dc3983-5daf-40b6-8dea-a8e712cf73bb,1c866960-847f-46b0-a0f4-2b5e191ee538,34e42ad2-745f-4156-9bfb-1dc9b0bd368a,->,f1dc3983-5daf-40b6-8dea-a8e712cf73bb,42b060b8-8069-4ce2-b697-af4348e810da,9db7681e-b6da-43b8-a39b-41ccc0a749a4
f1dc3983-5daf-40b6-8dea-a8e712cf73bb,1c866960-847f-46b0-a0f4-2b5e191ee538,34e42ad2-745f-4156-9bfb-1dc9b0bd368a,->,f1dc3983-5daf-40b6-8dea-a8e712cf73bb,java/sql/ResultSet.java,getInt
f1dc3983-5daf-40b6-8dea-a8e712cf73bb,1c866960-847f-46b0-a0f4-2b5e191ee538,34e42ad2-745f-4156-9bfb-1dc9b0bd368a,->,f1dc3983-5daf-40b6-8dea-a8e712cf73bb,42b060b8-8069-4ce2-b697-af4348e810da,b6677a8c-26a8-4911-be26-5b1ff9b09b1e
f1dc3983-5daf-40b6-8dea-a8e712cf73bb,1c866960-847f-46b0-a0f4-2b5e191ee538,34e42ad2-745f-4156-9bfb-1dc9b0bd368a,->,f1dc3983-5daf-40b6-8dea-a8e712cf73bb,46ea8bdb-6073-4428-9248-da3e9e211ea4,adf0fa5a-d7ea-4e44-9198-5ef9f2dc8c84
f1dc3983-5daf-40b6-8dea-a8e712cf73bb,1c866960-847f-46b0-a0f4-2b5e191ee538,34e42ad2-745f-4156-9bfb-1dc9b0bd368a,->,f1dc3983-5daf-40b6-8dea-a8e712cf73bb,99d9e32d-3617-4d0f-9d2f-21ca6442d165,0b399953-e9aa-48cd-9781-c3f4a9498364
f1dc3983-5daf-40b6-8dea-a8e712cf73bb,1c866960-847f-46b0-a0f4-2b5e191ee538,34e42ad2-745f-4156-9bfb-1dc9b0bd368a,->,f1dc3983-5daf-40b6-8dea-a8e712cf73bb,java/lang/String.java,equals
f1dc3983-5daf-40b6-8dea-a8e712cf73bb,1c866960-847f-46b0-a0f4-2b5e191ee538,34e42ad2-745f-4156-9bfb-1dc9b0bd368a,->,f1dc3983-5daf-40b6-8dea-a8e712cf73bb,46ea8bdb-6073-4428-9248-da3e9e211ea4,53f2491b-566b-4a9c-94e2-f44f7ed95061
f1dc3983-5daf-40b6-8dea-a8e712cf73bb,1c866960-847f-46b0-a0f4-2b5e191ee538,34e42ad2-745f-4156-9bfb-1dc9b0bd368a,->,f1dc3983-5daf-40b6-8dea-a8e712cf73bb,46ea8bdb-6073-4428-9248-da3e9e211ea4,adf0fa5a-d7ea-4e44-9198-5ef9f2dc8c84
f1dc3983-5daf-40b6-8dea-a8e712cf73bb,1c866960-847f-46b0-a0f4-2b5e191ee538,34e42ad2-745f-4156-9bfb-1dc9b0bd368a,->,f1dc3983-5daf-40b6-8dea-a8e712cf73bb,99d9e32d-3617-4d0f-9d2f-21ca6442d165,0b399953-e9aa-48cd-9781-c3f4a9498364
f1dc3983-5daf-40b6-8dea-a8e712cf73bb,1c866960-847f-46b0-a0f4-2b5e191ee538,34e42ad2-745f-4156-9bfb-1dc9b0bd368a,->,f1dc3983-5daf-40b6-8dea-a8e712cf73bb,java/lang/String.java,contains
f1dc3983-5daf-40b6-8dea-a8e712cf73bb,1c866960-847f-46b0-a0f4-2b5e191ee538,34e42ad2-745f-4156-9bfb-1dc9b0bd368a,->,f1dc3983-5daf-40b6-8dea-a8e712cf73bb,46ea8bdb-6073-4428-9248-da3e9e211ea4,c74faea8-c394-4831-b6ca-682cd4182d30
f1dc3983-5daf-40b6-8dea-a8e712cf73bb,1c866960-847f-46b0-a0f4-2b5e191ee538,34e42ad2-745f-4156-9bfb-1dc9b0bd368a,->,f1dc3983-5daf-40b6-8dea-a8e712cf73bb,java/util/Collection.java,size
f1dc3983-5daf-40b6-8dea-a8e712cf73bb,1c866960-847f-46b0-a0f4-2b5e191ee538,34e42ad2-745f-4156-9bfb-1dc9b0bd368a,->,f1dc3983-5daf-40b6-8dea-a8e712cf73bb,java/util/List.java,add
f1dc3983-5daf-40b6-8dea-a8e712cf73bb,1c866960-847f-46b0-a0f4-2b5e191ee538,34e42ad2-745f-4156-9bfb-1dc9b0bd368a,->,f1dc3983-5daf-40b6-8dea-a8e712cf73bb,java/util/List.java,size
f1dc3983-5daf-40b6-8dea-a8e712cf73bb,1c866960-847f-46b0-a0f4-2b5e191ee538,613bcfda-3d5e-41a7-a090-03ca64d29bac,->,f1dc3983-5daf-40b6-8dea-a8e712cf73bb,1c866960-847f-46b0-a0f4-2b5e191ee538,"3ba3b757-bd22-4006-9ed6-d93b5a14d109,ce2d4dc3-fd0d-47a4-b53e-1c5ae171112f"
f1dc3983-5daf-40b6-8dea-a8e712cf73bb,1c866960-847f-46b0-a0f4-2b5e191ee538,613bcfda-3d5e-41a7-a090-03ca64d29bac,->,f1dc3983-5daf-40b6-8dea-a8e712cf73bb,46ea8bdb-6073-4428-9248-da3e9e211ea4,d1f2f841-1195-449f-a55a-6fd5a23e2284
f1dc3983-5daf-40b6-8dea-a8e712cf73bb,1c866960-847f-46b0-a0f4-2b5e191ee538,613bcfda-3d5e-41a7-a090-03ca64d29bac,->,f1dc3983-5daf-40b6-8dea-a8e712cf73bb,java/lang/StringBuilder.java,append
f1dc3983-5daf-40b6-8dea-a8e712cf73bb,1c866960-847f-46b0-a0f4-2b5e191ee538,613bcfda-3d5e-41a7-a090-03ca64d29bac,->,f1dc3983-5daf-40b6-8dea-a8e712cf73bb,java/lang/StringBuilder.java,append
f1dc3983-5daf-40b6-8dea-a8e712cf73bb,1c866960-847f-46b0-a0f4-2b5e191ee538,613bcfda-3d5e-41a7-a090-03ca64d29bac,->,f1dc3983-5daf-40b6-8dea-a8e712cf73bb,46ea8bdb-6073-4428-9248-da3e9e211ea4,1ab375eb-6d78-474f-a77e-537456340dba
f1dc3983-5daf-40b6-8dea-a8e712cf73bb,1c866960-847f-46b0-a0f4-2b5e191ee538,613bcfda-3d5e-41a7-a090-03ca64d29bac,->,f1dc3983-5daf-40b6-8dea-a8e712cf73bb,java/lang/StringBuilder.java,append
f1dc3983-5daf-40b6-8dea-a8e712cf73bb,1c866960-847f-46b0-a0f4-2b5e191ee538,613bcfda-3d5e-41a7-a090-03ca64d29bac,->,f1dc3983-5daf-40b6-8dea-a8e712cf73bb,java/lang/StringBuilder.java,toString
f1dc3983-5daf-40b6-8dea-a8e712cf73bb,1c866960-847f-46b0-a0f4-2b5e191ee538,613bcfda-3d5e-41a7-a090-03ca64d29bac,->,f1dc3983-5daf-40b6-8dea-a8e712cf73bb,java/io/PrintStream.java,println
f1dc3983-5daf-40b6-8dea-a8e712cf73bb,101edd0f-55ef-4ae1-9d2b-0a8f56aac357,837cffbd-f5c2-485b-b00e-f82a0ebc24a0,->,f1dc3983-5daf-40b6-8dea-a8e712cf73bb,4d5d5404-a022-4f98-9bfb-75e7837433dc,cfe058b5-59f9-4bd2-85f2-07dd8ef7ca4b
f1dc3983-5daf-40b6-8dea-a8e712cf73bb,101edd0f-55ef-4ae1-9d2b-0a8f56aac357,837cffbd-f5c2-485b-b00e-f82a0ebc24a0,->,f1dc3983-5daf-40b6-8dea-a8e712cf73bb,java/lang/String.java,toString
f1dc3983-5daf-40b6-8dea-a8e712cf73bb,101edd0f-55ef-4ae1-9d2b-0a8f56aac357,837cffbd-f5c2-485b-b00e-f82a0ebc24a0,->,f1dc3983-5daf-40b6-8dea-a8e712cf73bb,4d5d5404-a022-4f98-9bfb-75e7837433dc,ab036b9d-aa4b-46f0-a485-9b2674240d25
f1dc3983-5daf-40b6-8dea-a8e712cf73bb,101edd0f-55ef-4ae1-9d2b-0a8f56aac357,837cffbd-f5c2-485b-b00e-f82a0ebc24a0,->,f1dc3983-5daf-40b6-8dea-a8e712cf73bb,46ea8bdb-6073-4428-9248-da3e9e211ea4,4b230d2e-4878-4c43-af8c-3f1357c03d92
f1dc3983-5daf-40b6-8dea-a8e712cf73bb,101edd0f-55ef-4ae1-9d2b-0a8f56aac357,837cffbd-f5c2-485b-b00e-f82a0ebc24a0,->,f1dc3983-5daf-40b6-8dea-a8e712cf73bb,java/sql/PreparedStatement.java,setInt
f1dc3983-5daf-40b6-8dea-a8e712cf73bb,101edd0f-55ef-4ae1-9d2b-0a8f56aac357,837cffbd-f5c2-485b-b00e-f82a0ebc24a0,->,f1dc3983-5daf-40b6-8dea-a8e712cf73bb,804c0c58-ce27-403b-96d3-d8bbd0da88e1,c699c28e-9e2d-417d-aeb1-c718ba2ef477
f1dc3983-5daf-40b6-8dea-a8e712cf73bb,101edd0f-55ef-4ae1-9d2b-0a8f56aac357,837cffbd-f5c2-485b-b00e-f82a0ebc24a0,->,f1dc3983-5daf-40b6-8dea-a8e712cf73bb,java/sql/PreparedStatement.java,setInt
f1dc3983-5daf-40b6-8dea-a8e712cf73bb,101edd0f-55ef-4ae1-9d2b-0a8f56aac357,837cffbd-f5c2-485b-b00e-f82a0ebc24a0,->,f1dc3983-5daf-40b6-8dea-a8e712cf73bb,java/sql/PreparedStatement.java,setInt
f1dc3983-5daf-40b6-8dea-a8e712cf73bb,101edd0f-55ef-4ae1-9d2b-0a8f56aac357,837cffbd-f5c2-485b-b00e-f82a0ebc24a0,->,f1dc3983-5daf-40b6-8dea-a8e712cf73bb,java/sql/PreparedStatement.java,execute
f1dc3983-5daf-40b6-8dea-a8e712cf73bb,101edd0f-55ef-4ae1-9d2b-0a8f56aac357,837cffbd-f5c2-485b-b00e-f82a0ebc24a0,->,f1dc3983-5daf-40b6-8dea-a8e712cf73bb,java/sql/PreparedStatement.java,close
f1dc3983-5daf-40b6-8dea-a8e712cf73bb,101edd0f-55ef-4ae1-9d2b-0a8f56aac357,837cffbd-f5c2-485b-b00e-f82a0ebc24a0,->,f1dc3983-5daf-40b6-8dea-a8e712cf73bb,46ea8bdb-6073-4428-9248-da3e9e211ea4,e3bc6356-89c6-427c-8a2c-23b727ab1aa9
f1dc3983-5daf-40b6-8dea-a8e712cf73bb,101edd0f-55ef-4ae1-9d2b-0a8f56aac357,a7850df8-f862-46b3-8b8d-3a1c71a4797e,->,f1dc3983-5daf-40b6-8dea-a8e712cf73bb,804c0c58-ce27-403b-96d3-d8bbd0da88e1,e2227fa3-5d9e-4d66-a03f-e7fe58dd1004
f1dc3983-5daf-40b6-8dea-a8e712cf73bb,101edd0f-55ef-4ae1-9d2b-0a8f56aac357,a7850df8-f862-46b3-8b8d-3a1c71a4797e,->,f1dc3983-5daf-40b6-8dea-a8e712cf73bb,java/util/Collection.java,iterator
f1dc3983-5daf-40b6-8dea-a8e712cf73bb,101edd0f-55ef-4ae1-9d2b-0a8f56aac357,a7850df8-f862-46b3-8b8d-3a1c71a4797e,->,f1dc3983-5daf-40b6-8dea-a8e712cf73bb,java/util/Iterator.java,hasNext
f1dc3983-5daf-40b6-8dea-a8e712cf73bb,101edd0f-55ef-4ae1-9d2b-0a8f56aac357,a7850df8-f862-46b3-8b8d-3a1c71a4797e,->,f1dc3983-5daf-40b6-8dea-a8e712cf73bb,java/util/Iterator.java,next
f1dc3983-5daf-40b6-8dea-a8e712cf73bb,101edd0f-55ef-4ae1-9d2b-0a8f56aac357,a7850df8-f862-46b3-8b8d-3a1c71a4797e,->,f1dc3983-5daf-40b6-8dea-a8e712cf73bb,101edd0f-55ef-4ae1-9d2b-0a8f56aac357,2bc08c5e-623e-4d8b-897b-71878f614d68
f1dc3983-5daf-40b6-8dea-a8e712cf73bb,101edd0f-55ef-4ae1-9d2b-0a8f56aac357,2bc08c5e-623e-4d8b-897b-71878f614d68,->,f1dc3983-5daf-40b6-8dea-a8e712cf73bb,4d5d5404-a022-4f98-9bfb-75e7837433dc,cfe058b5-59f9-4bd2-85f2-07dd8ef7ca4b
f1dc3983-5daf-40b6-8dea-a8e712cf73bb,101edd0f-55ef-4ae1-9d2b-0a8f56aac357,2bc08c5e-623e-4d8b-897b-71878f614d68,->,f1dc3983-5daf-40b6-8dea-a8e712cf73bb,4d5d5404-a022-4f98-9bfb-75e7837433dc,ab036b9d-aa4b-46f0-a485-9b2674240d25
f1dc3983-5daf-40b6-8dea-a8e712cf73bb,101edd0f-55ef-4ae1-9d2b-0a8f56aac357,2bc08c5e-623e-4d8b-897b-71878f614d68,->,f1dc3983-5daf-40b6-8dea-a8e712cf73bb,46ea8bdb-6073-4428-9248-da3e9e211ea4,4b230d2e-4878-4c43-af8c-3f1357c03d92
f1dc3983-5daf-40b6-8dea-a8e712cf73bb,101edd0f-55ef-4ae1-9d2b-0a8f56aac357,2bc08c5e-623e-4d8b-897b-71878f614d68,->,f1dc3983-5daf-40b6-8dea-a8e712cf73bb,java/sql/PreparedStatement.java,setInt
f1dc3983-5daf-40b6-8dea-a8e712cf73bb,101edd0f-55ef-4ae1-9d2b-0a8f56aac357,2bc08c5e-623e-4d8b-897b-71878f614d68,->,f1dc3983-5daf-40b6-8dea-a8e712cf73bb,804c0c58-ce27-403b-96d3-d8bbd0da88e1,c699c28e-9e2d-417d-aeb1-c718ba2ef477
f1dc3983-5daf-40b6-8dea-a8e712cf73bb,101edd0f-55ef-4ae1-9d2b-0a8f56aac357,2bc08c5e-623e-4d8b-897b-71878f614d68,->,f1dc3983-5daf-40b6-8dea-a8e712cf73bb,java/sql/PreparedStatement.java,setInt
f1dc3983-5daf-40b6-8dea-a8e712cf73bb,101edd0f-55ef-4ae1-9d2b-0a8f56aac357,2bc08c5e-623e-4d8b-897b-71878f614d68,->,f1dc3983-5daf-40b6-8dea-a8e712cf73bb,java/sql/PreparedStatement.java,executeQuery
f1dc3983-5daf-40b6-8dea-a8e712cf73bb,101edd0f-55ef-4ae1-9d2b-0a8f56aac357,2bc08c5e-623e-4d8b-897b-71878f614d68,->,f1dc3983-5daf-40b6-8dea-a8e712cf73bb,java/sql/ResultSet.java,next
f1dc3983-5daf-40b6-8dea-a8e712cf73bb,101edd0f-55ef-4ae1-9d2b-0a8f56aac357,2bc08c5e-623e-4d8b-897b-71878f614d68,->,f1dc3983-5daf-40b6-8dea-a8e712cf73bb,java/sql/ResultSet.java,getInt
f1dc3983-5daf-40b6-8dea-a8e712cf73bb,101edd0f-55ef-4ae1-9d2b-0a8f56aac357,435bd617-d205-4ba2-ae78-5386b70c6072,->,f1dc3983-5daf-40b6-8dea-a8e712cf73bb,4d5d5404-a022-4f98-9bfb-75e7837433dc,cfe058b5-59f9-4bd2-85f2-07dd8ef7ca4b
f1dc3983-5daf-40b6-8dea-a8e712cf73bb,101edd0f-55ef-4ae1-9d2b-0a8f56aac357,435bd617-d205-4ba2-ae78-5386b70c6072,->,f1dc3983-5daf-40b6-8dea-a8e712cf73bb,4d5d5404-a022-4f98-9bfb-75e7837433dc,ab036b9d-aa4b-46f0-a485-9b2674240d25
f1dc3983-5daf-40b6-8dea-a8e712cf73bb,101edd0f-55ef-4ae1-9d2b-0a8f56aac357,435bd617-d205-4ba2-ae78-5386b70c6072,->,f1dc3983-5daf-40b6-8dea-a8e712cf73bb,46ea8bdb-6073-4428-9248-da3e9e211ea4,4b230d2e-4878-4c43-af8c-3f1357c03d92
f1dc3983-5daf-40b6-8dea-a8e712cf73bb,101edd0f-55ef-4ae1-9d2b-0a8f56aac357,435bd617-d205-4ba2-ae78-5386b70c6072,->,f1dc3983-5daf-40b6-8dea-a8e712cf73bb,java/sql/PreparedStatement.java,setInt
f1dc3983-5daf-40b6-8dea-a8e712cf73bb,101edd0f-55ef-4ae1-9d2b-0a8f56aac357,435bd617-d205-4ba2-ae78-5386b70c6072,->,f1dc3983-5daf-40b6-8dea-a8e712cf73bb,804c0c58-ce27-403b-96d3-d8bbd0da88e1,c699c28e-9e2d-417d-aeb1-c718ba2ef477
f1dc3983-5daf-40b6-8dea-a8e712cf73bb,101edd0f-55ef-4ae1-9d2b-0a8f56aac357,435bd617-d205-4ba2-ae78-5386b70c6072,->,f1dc3983-5daf-40b6-8dea-a8e712cf73bb,java/sql/PreparedStatement.java,setInt
f1dc3983-5daf-40b6-8dea-a8e712cf73bb,101edd0f-55ef-4ae1-9d2b-0a8f56aac357,435bd617-d205-4ba2-ae78-5386b70c6072,->,f1dc3983-5daf-40b6-8dea-a8e712cf73bb,java/sql/PreparedStatement.java,executeQuery
f1dc3983-5daf-40b6-8dea-a8e712cf73bb,101edd0f-55ef-4ae1-9d2b-0a8f56aac357,435bd617-d205-4ba2-ae78-5386b70c6072,->,f1dc3983-5daf-40b6-8dea-a8e712cf73bb,java/sql/ResultSet.java,next
f1dc3983-5daf-40b6-8dea-a8e712cf73bb,101edd0f-55ef-4ae1-9d2b-0a8f56aac357,435bd617-d205-4ba2-ae78-5386b70c6072,->,f1dc3983-5daf-40b6-8dea-a8e712cf73bb,java/sql/ResultSet.java,getInt
f1dc3983-5daf-40b6-8dea-a8e712cf73bb,101edd0f-55ef-4ae1-9d2b-0a8f56aac357,435bd617-d205-4ba2-ae78-5386b70c6072,->,f1dc3983-5daf-40b6-8dea-a8e712cf73bb,java/sql/ResultSet.java,close
f1dc3983-5daf-40b6-8dea-a8e712cf73bb,101edd0f-55ef-4ae1-9d2b-0a8f56aac357,435bd617-d205-4ba2-ae78-5386b70c6072,->,f1dc3983-5daf-40b6-8dea-a8e712cf73bb,java/sql/PreparedStatement.java,close
f1dc3983-5daf-40b6-8dea-a8e712cf73bb,101edd0f-55ef-4ae1-9d2b-0a8f56aac357,ed9b2ae0-c3f0-47c2-8b22-ac3dd8d96c34,->,f1dc3983-5daf-40b6-8dea-a8e712cf73bb,4d5d5404-a022-4f98-9bfb-75e7837433dc,cfe058b5-59f9-4bd2-85f2-07dd8ef7ca4b
f1dc3983-5daf-40b6-8dea-a8e712cf73bb,101edd0f-55ef-4ae1-9d2b-0a8f56aac357,ed9b2ae0-c3f0-47c2-8b22-ac3dd8d96c34,->,f1dc3983-5daf-40b6-8dea-a8e712cf73bb,4d5d5404-a022-4f98-9bfb-75e7837433dc,ab036b9d-aa4b-46f0-a485-9b2674240d25
f1dc3983-5daf-40b6-8dea-a8e712cf73bb,101edd0f-55ef-4ae1-9d2b-0a8f56aac357,ed9b2ae0-c3f0-47c2-8b22-ac3dd8d96c34,->,f1dc3983-5daf-40b6-8dea-a8e712cf73bb,46ea8bdb-6073-4428-9248-da3e9e211ea4,4b230d2e-4878-4c43-af8c-3f1357c03d92
f1dc3983-5daf-40b6-8dea-a8e712cf73bb,101edd0f-55ef-4ae1-9d2b-0a8f56aac357,ed9b2ae0-c3f0-47c2-8b22-ac3dd8d96c34,->,f1dc3983-5daf-40b6-8dea-a8e712cf73bb,java/sql/PreparedStatement.java,setInt
f1dc3983-5daf-40b6-8dea-a8e712cf73bb,101edd0f-55ef-4ae1-9d2b-0a8f56aac357,ed9b2ae0-c3f0-47c2-8b22-ac3dd8d96c34,->,f1dc3983-5daf-40b6-8dea-a8e712cf73bb,804c0c58-ce27-403b-96d3-d8bbd0da88e1,c699c28e-9e2d-417d-aeb1-c718ba2ef477
f1dc3983-5daf-40b6-8dea-a8e712cf73bb,101edd0f-55ef-4ae1-9d2b-0a8f56aac357,ed9b2ae0-c3f0-47c2-8b22-ac3dd8d96c34,->,f1dc3983-5daf-40b6-8dea-a8e712cf73bb,java/sql/PreparedStatement.java,setInt
f1dc3983-5daf-40b6-8dea-a8e712cf73bb,101edd0f-55ef-4ae1-9d2b-0a8f56aac357,ed9b2ae0-c3f0-47c2-8b22-ac3dd8d96c34,->,f1dc3983-5daf-40b6-8dea-a8e712cf73bb,java/sql/PreparedStatement.java,executeQuery
f1dc3983-5daf-40b6-8dea-a8e712cf73bb,101edd0f-55ef-4ae1-9d2b-0a8f56aac357,ed9b2ae0-c3f0-47c2-8b22-ac3dd8d96c34,->,f1dc3983-5daf-40b6-8dea-a8e712cf73bb,java/sql/ResultSet.java,next
f1dc3983-5daf-40b6-8dea-a8e712cf73bb,101edd0f-55ef-4ae1-9d2b-0a8f56aac357,ed9b2ae0-c3f0-47c2-8b22-ac3dd8d96c34,->,f1dc3983-5daf-40b6-8dea-a8e712cf73bb,java/sql/ResultSet.java,getDouble
f1dc3983-5daf-40b6-8dea-a8e712cf73bb,101edd0f-55ef-4ae1-9d2b-0a8f56aac357,ed9b2ae0-c3f0-47c2-8b22-ac3dd8d96c34,->,f1dc3983-5daf-40b6-8dea-a8e712cf73bb,java/sql/ResultSet.java,close
f1dc3983-5daf-40b6-8dea-a8e712cf73bb,101edd0f-55ef-4ae1-9d2b-0a8f56aac357,ed9b2ae0-c3f0-47c2-8b22-ac3dd8d96c34,->,f1dc3983-5daf-40b6-8dea-a8e712cf73bb,java/sql/PreparedStatement.java,close
f1dc3983-5daf-40b6-8dea-a8e712cf73bb,101edd0f-55ef-4ae1-9d2b-0a8f56aac357,814d6b97-1431-411c-bd91-ad456054ea58,->,f1dc3983-5daf-40b6-8dea-a8e712cf73bb,4d5d5404-a022-4f98-9bfb-75e7837433dc,cfe058b5-59f9-4bd2-85f2-07dd8ef7ca4b
f1dc3983-5daf-40b6-8dea-a8e712cf73bb,101edd0f-55ef-4ae1-9d2b-0a8f56aac357,814d6b97-1431-411c-bd91-ad456054ea58,->,f1dc3983-5daf-40b6-8dea-a8e712cf73bb,4d5d5404-a022-4f98-9bfb-75e7837433dc,ab036b9d-aa4b-46f0-a485-9b2674240d25
f1dc3983-5daf-40b6-8dea-a8e712cf73bb,101edd0f-55ef-4ae1-9d2b-0a8f56aac357,814d6b97-1431-411c-bd91-ad456054ea58,->,f1dc3983-5daf-40b6-8dea-a8e712cf73bb,46ea8bdb-6073-4428-9248-da3e9e211ea4,4b230d2e-4878-4c43-af8c-3f1357c03d92
f1dc3983-5daf-40b6-8dea-a8e712cf73bb,101edd0f-55ef-4ae1-9d2b-0a8f56aac357,814d6b97-1431-411c-bd91-ad456054ea58,->,f1dc3983-5daf-40b6-8dea-a8e712cf73bb,java/sql/PreparedStatement.java,setInt
f1dc3983-5daf-40b6-8dea-a8e712cf73bb,101edd0f-55ef-4ae1-9d2b-0a8f56aac357,814d6b97-1431-411c-bd91-ad456054ea58,->,f1dc3983-5daf-40b6-8dea-a8e712cf73bb,804c0c58-ce27-403b-96d3-d8bbd0da88e1,c699c28e-9e2d-417d-aeb1-c718ba2ef477
f1dc3983-5daf-40b6-8dea-a8e712cf73bb,101edd0f-55ef-4ae1-9d2b-0a8f56aac357,814d6b97-1431-411c-bd91-ad456054ea58,->,f1dc3983-5daf-40b6-8dea-a8e712cf73bb,java/sql/PreparedStatement.java,setInt
f1dc3983-5daf-40b6-8dea-a8e712cf73bb,101edd0f-55ef-4ae1-9d2b-0a8f56aac357,814d6b97-1431-411c-bd91-ad456054ea58,->,f1dc3983-5daf-40b6-8dea-a8e712cf73bb,java/sql/PreparedStatement.java,executeQuery
f1dc3983-5daf-40b6-8dea-a8e712cf73bb,101edd0f-55ef-4ae1-9d2b-0a8f56aac357,814d6b97-1431-411c-bd91-ad456054ea58,->,f1dc3983-5daf-40b6-8dea-a8e712cf73bb,java/sql/ResultSet.java,next
f1dc3983-5daf-40b6-8dea-a8e712cf73bb,101edd0f-55ef-4ae1-9d2b-0a8f56aac357,814d6b97-1431-411c-bd91-ad456054ea58,->,f1dc3983-5daf-40b6-8dea-a8e712cf73bb,java/sql/ResultSet.java,getTimestamp
f1dc3983-5daf-40b6-8dea-a8e712cf73bb,101edd0f-55ef-4ae1-9d2b-0a8f56aac357,814d6b97-1431-411c-bd91-ad456054ea58,->,f1dc3983-5daf-40b6-8dea-a8e712cf73bb,java/sql/Timestamp.java,getTime
f1dc3983-5daf-40b6-8dea-a8e712cf73bb,101edd0f-55ef-4ae1-9d2b-0a8f56aac357,814d6b97-1431-411c-bd91-ad456054ea58,->,f1dc3983-5daf-40b6-8dea-a8e712cf73bb,java/sql/ResultSet.java,close
f1dc3983-5daf-40b6-8dea-a8e712cf73bb,101edd0f-55ef-4ae1-9d2b-0a8f56aac357,814d6b97-1431-411c-bd91-ad456054ea58,->,f1dc3983-5daf-40b6-8dea-a8e712cf73bb,java/sql/PreparedStatement.java,close
f1dc3983-5daf-40b6-8dea-a8e712cf73bb,101edd0f-55ef-4ae1-9d2b-0a8f56aac357,3a5a0698-36ad-4346-b1ec-c2cb8919e9cd,->,f1dc3983-5daf-40b6-8dea-a8e712cf73bb,4d5d5404-a022-4f98-9bfb-75e7837433dc,cfe058b5-59f9-4bd2-85f2-07dd8ef7ca4b
f1dc3983-5daf-40b6-8dea-a8e712cf73bb,101edd0f-55ef-4ae1-9d2b-0a8f56aac357,3a5a0698-36ad-4346-b1ec-c2cb8919e9cd,->,f1dc3983-5daf-40b6-8dea-a8e712cf73bb,4d5d5404-a022-4f98-9bfb-75e7837433dc,ab036b9d-aa4b-46f0-a485-9b2674240d25
f1dc3983-5daf-40b6-8dea-a8e712cf73bb,101edd0f-55ef-4ae1-9d2b-0a8f56aac357,3a5a0698-36ad-4346-b1ec-c2cb8919e9cd,->,f1dc3983-5daf-40b6-8dea-a8e712cf73bb,46ea8bdb-6073-4428-9248-da3e9e211ea4,4b230d2e-4878-4c43-af8c-3f1357c03d92
f1dc3983-5daf-40b6-8dea-a8e712cf73bb,101edd0f-55ef-4ae1-9d2b-0a8f56aac357,3a5a0698-36ad-4346-b1ec-c2cb8919e9cd,->,f1dc3983-5daf-40b6-8dea-a8e712cf73bb,java/sql/PreparedStatement.java,setInt
f1dc3983-5daf-40b6-8dea-a8e712cf73bb,101edd0f-55ef-4ae1-9d2b-0a8f56aac357,3a5a0698-36ad-4346-b1ec-c2cb8919e9cd,->,f1dc3983-5daf-40b6-8dea-a8e712cf73bb,java/sql/PreparedStatement.java,executeQuery
f1dc3983-5daf-40b6-8dea-a8e712cf73bb,101edd0f-55ef-4ae1-9d2b-0a8f56aac357,3a5a0698-36ad-4346-b1ec-c2cb8919e9cd,->,f1dc3983-5daf-40b6-8dea-a8e712cf73bb,java/sql/ResultSet.java,next
f1dc3983-5daf-40b6-8dea-a8e712cf73bb,101edd0f-55ef-4ae1-9d2b-0a8f56aac357,3a5a0698-36ad-4346-b1ec-c2cb8919e9cd,->,f1dc3983-5daf-40b6-8dea-a8e712cf73bb,java/sql/ResultSet.java,getInt
f1dc3983-5daf-40b6-8dea-a8e712cf73bb,101edd0f-55ef-4ae1-9d2b-0a8f56aac357,3a5a0698-36ad-4346-b1ec-c2cb8919e9cd,->,f1dc3983-5daf-40b6-8dea-a8e712cf73bb,java/lang/Integer.java,valueOf
f1dc3983-5daf-40b6-8dea-a8e712cf73bb,101edd0f-55ef-4ae1-9d2b-0a8f56aac357,3a5a0698-36ad-4346-b1ec-c2cb8919e9cd,->,f1dc3983-5daf-40b6-8dea-a8e712cf73bb,java/util/List.java,add
f1dc3983-5daf-40b6-8dea-a8e712cf73bb,101edd0f-55ef-4ae1-9d2b-0a8f56aac357,3a5a0698-36ad-4346-b1ec-c2cb8919e9cd,->,f1dc3983-5daf-40b6-8dea-a8e712cf73bb,java/util/List.java,toArray
f1dc3983-5daf-40b6-8dea-a8e712cf73bb,101edd0f-55ef-4ae1-9d2b-0a8f56aac357,17447ded-345a-4bcc-b7aa-f72f05e38e02,->,f1dc3983-5daf-40b6-8dea-a8e712cf73bb,4d5d5404-a022-4f98-9bfb-75e7837433dc,d9f9ab23-5fef-4ee4-bdac-95b9786e4990
f1dc3983-5daf-40b6-8dea-a8e712cf73bb,101edd0f-55ef-4ae1-9d2b-0a8f56aac357,17447ded-345a-4bcc-b7aa-f72f05e38e02,->,f1dc3983-5daf-40b6-8dea-a8e712cf73bb,42b060b8-8069-4ce2-b697-af4348e810da,9db7681e-b6da-43b8-a39b-41ccc0a749a4
f1dc3983-5daf-40b6-8dea-a8e712cf73bb,101edd0f-55ef-4ae1-9d2b-0a8f56aac357,17447ded-345a-4bcc-b7aa-f72f05e38e02,->,f1dc3983-5daf-40b6-8dea-a8e712cf73bb,42b060b8-8069-4ce2-b697-af4348e810da,b6677a8c-26a8-4911-be26-5b1ff9b09b1e
f1dc3983-5daf-40b6-8dea-a8e712cf73bb,101edd0f-55ef-4ae1-9d2b-0a8f56aac357,17447ded-345a-4bcc-b7aa-f72f05e38e02,->,f1dc3983-5daf-40b6-8dea-a8e712cf73bb,101edd0f-55ef-4ae1-9d2b-0a8f56aac357,3a5a0698-36ad-4346-b1ec-c2cb8919e9cd
f1dc3983-5daf-40b6-8dea-a8e712cf73bb,101edd0f-55ef-4ae1-9d2b-0a8f56aac357,17447ded-345a-4bcc-b7aa-f72f05e38e02,->,f1dc3983-5daf-40b6-8dea-a8e712cf73bb,java/io/PrintStream.java,println
f1dc3983-5daf-40b6-8dea-a8e712cf73bb,101edd0f-55ef-4ae1-9d2b-0a8f56aac357,a08bb2de-22d5-4cd6-9634-54a1c9fd3cfc,->,f1dc3983-5daf-40b6-8dea-a8e712cf73bb,4d5d5404-a022-4f98-9bfb-75e7837433dc,cfe058b5-59f9-4bd2-85f2-07dd8ef7ca4b
f1dc3983-5daf-40b6-8dea-a8e712cf73bb,101edd0f-55ef-4ae1-9d2b-0a8f56aac357,a08bb2de-22d5-4cd6-9634-54a1c9fd3cfc,->,f1dc3983-5daf-40b6-8dea-a8e712cf73bb,4d5d5404-a022-4f98-9bfb-75e7837433dc,ab036b9d-aa4b-46f0-a485-9b2674240d25
f1dc3983-5daf-40b6-8dea-a8e712cf73bb,101edd0f-55ef-4ae1-9d2b-0a8f56aac357,a08bb2de-22d5-4cd6-9634-54a1c9fd3cfc,->,f1dc3983-5daf-40b6-8dea-a8e712cf73bb,804c0c58-ce27-403b-96d3-d8bbd0da88e1,"b2d2d98d-692b-49c7-bcd4-28acd3ba346f,39e98d01-514f-45d8-af9b-dde2e838ed74"
f1dc3983-5daf-40b6-8dea-a8e712cf73bb,101edd0f-55ef-4ae1-9d2b-0a8f56aac357,a08bb2de-22d5-4cd6-9634-54a1c9fd3cfc,->,f1dc3983-5daf-40b6-8dea-a8e712cf73bb,804c0c58-ce27-403b-96d3-d8bbd0da88e1,c699c28e-9e2d-417d-aeb1-c718ba2ef477
f1dc3983-5daf-40b6-8dea-a8e712cf73bb,101edd0f-55ef-4ae1-9d2b-0a8f56aac357,a08bb2de-22d5-4cd6-9634-54a1c9fd3cfc,->,f1dc3983-5daf-40b6-8dea-a8e712cf73bb,java/sql/PreparedStatement.java,setInt
f1dc3983-5daf-40b6-8dea-a8e712cf73bb,101edd0f-55ef-4ae1-9d2b-0a8f56aac357,a08bb2de-22d5-4cd6-9634-54a1c9fd3cfc,->,f1dc3983-5daf-40b6-8dea-a8e712cf73bb,java/sql/PreparedStatement.java,executeQuery
f1dc3983-5daf-40b6-8dea-a8e712cf73bb,101edd0f-55ef-4ae1-9d2b-0a8f56aac357,a08bb2de-22d5-4cd6-9634-54a1c9fd3cfc,->,f1dc3983-5daf-40b6-8dea-a8e712cf73bb,java/sql/ResultSet.java,next
f1dc3983-5daf-40b6-8dea-a8e712cf73bb,101edd0f-55ef-4ae1-9d2b-0a8f56aac357,a08bb2de-22d5-4cd6-9634-54a1c9fd3cfc,->,f1dc3983-5daf-40b6-8dea-a8e712cf73bb,java/sql/ResultSet.java,getInt
f1dc3983-5daf-40b6-8dea-a8e712cf73bb,101edd0f-55ef-4ae1-9d2b-0a8f56aac357,a08bb2de-22d5-4cd6-9634-54a1c9fd3cfc,->,f1dc3983-5daf-40b6-8dea-a8e712cf73bb,java/sql/ResultSet.java,getInt
f1dc3983-5daf-40b6-8dea-a8e712cf73bb,101edd0f-55ef-4ae1-9d2b-0a8f56aac357,a08bb2de-22d5-4cd6-9634-54a1c9fd3cfc,->,f1dc3983-5daf-40b6-8dea-a8e712cf73bb,java/lang/Integer.java,valueOf
f1dc3983-5daf-40b6-8dea-a8e712cf73bb,101edd0f-55ef-4ae1-9d2b-0a8f56aac357,a08bb2de-22d5-4cd6-9634-54a1c9fd3cfc,->,f1dc3983-5daf-40b6-8dea-a8e712cf73bb,java/util/Map.java,containsKey
f1dc3983-5daf-40b6-8dea-a8e712cf73bb,101edd0f-55ef-4ae1-9d2b-0a8f56aac357,a08bb2de-22d5-4cd6-9634-54a1c9fd3cfc,->,f1dc3983-5daf-40b6-8dea-a8e712cf73bb,java/lang/Integer.java,valueOf
f1dc3983-5daf-40b6-8dea-a8e712cf73bb,101edd0f-55ef-4ae1-9d2b-0a8f56aac357,a08bb2de-22d5-4cd6-9634-54a1c9fd3cfc,->,f1dc3983-5daf-40b6-8dea-a8e712cf73bb,java/lang/Integer.java,valueOf
f1dc3983-5daf-40b6-8dea-a8e712cf73bb,101edd0f-55ef-4ae1-9d2b-0a8f56aac357,a08bb2de-22d5-4cd6-9634-54a1c9fd3cfc,->,f1dc3983-5daf-40b6-8dea-a8e712cf73bb,java/util/Map.java,put
f1dc3983-5daf-40b6-8dea-a8e712cf73bb,101edd0f-55ef-4ae1-9d2b-0a8f56aac357,a08bb2de-22d5-4cd6-9634-54a1c9fd3cfc,->,f1dc3983-5daf-40b6-8dea-a8e712cf73bb,java/lang/Integer.java,valueOf
f1dc3983-5daf-40b6-8dea-a8e712cf73bb,101edd0f-55ef-4ae1-9d2b-0a8f56aac357,a08bb2de-22d5-4cd6-9634-54a1c9fd3cfc,->,f1dc3983-5daf-40b6-8dea-a8e712cf73bb,java/lang/Integer.java,valueOf
f1dc3983-5daf-40b6-8dea-a8e712cf73bb,101edd0f-55ef-4ae1-9d2b-0a8f56aac357,a08bb2de-22d5-4cd6-9634-54a1c9fd3cfc,->,f1dc3983-5daf-40b6-8dea-a8e712cf73bb,java/util/Map.java,put
f1dc3983-5daf-40b6-8dea-a8e712cf73bb,101edd0f-55ef-4ae1-9d2b-0a8f56aac357,a08bb2de-22d5-4cd6-9634-54a1c9fd3cfc,->,f1dc3983-5daf-40b6-8dea-a8e712cf73bb,java/lang/Integer.java,valueOf
f1dc3983-5daf-40b6-8dea-a8e712cf73bb,101edd0f-55ef-4ae1-9d2b-0a8f56aac357,a08bb2de-22d5-4cd6-9634-54a1c9fd3cfc,->,f1dc3983-5daf-40b6-8dea-a8e712cf73bb,java/lang/Integer.java,valueOf
f1dc3983-5daf-40b6-8dea-a8e712cf73bb,101edd0f-55ef-4ae1-9d2b-0a8f56aac357,a08bb2de-22d5-4cd6-9634-54a1c9fd3cfc,->,f1dc3983-5daf-40b6-8dea-a8e712cf73bb,java/util/Map.java,get
f1dc3983-5daf-40b6-8dea-a8e712cf73bb,101edd0f-55ef-4ae1-9d2b-0a8f56aac357,a08bb2de-22d5-4cd6-9634-54a1c9fd3cfc,->,f1dc3983-5daf-40b6-8dea-a8e712cf73bb,java/lang/Integer.java,intValue
f1dc3983-5daf-40b6-8dea-a8e712cf73bb,101edd0f-55ef-4ae1-9d2b-0a8f56aac357,a08bb2de-22d5-4cd6-9634-54a1c9fd3cfc,->,f1dc3983-5daf-40b6-8dea-a8e712cf73bb,java/lang/Integer.java,valueOf
f1dc3983-5daf-40b6-8dea-a8e712cf73bb,101edd0f-55ef-4ae1-9d2b-0a8f56aac357,a08bb2de-22d5-4cd6-9634-54a1c9fd3cfc,->,f1dc3983-5daf-40b6-8dea-a8e712cf73bb,java/util/Map.java,put
f1dc3983-5daf-40b6-8dea-a8e712cf73bb,101edd0f-55ef-4ae1-9d2b-0a8f56aac357,a08bb2de-22d5-4cd6-9634-54a1c9fd3cfc,->,f1dc3983-5daf-40b6-8dea-a8e712cf73bb,java/lang/Integer.java,valueOf
f1dc3983-5daf-40b6-8dea-a8e712cf73bb,101edd0f-55ef-4ae1-9d2b-0a8f56aac357,a08bb2de-22d5-4cd6-9634-54a1c9fd3cfc,->,f1dc3983-5daf-40b6-8dea-a8e712cf73bb,java/lang/Integer.java,valueOf
f1dc3983-5daf-40b6-8dea-a8e712cf73bb,101edd0f-55ef-4ae1-9d2b-0a8f56aac357,a08bb2de-22d5-4cd6-9634-54a1c9fd3cfc,->,f1dc3983-5daf-40b6-8dea-a8e712cf73bb,java/util/Map.java,get
f1dc3983-5daf-40b6-8dea-a8e712cf73bb,101edd0f-55ef-4ae1-9d2b-0a8f56aac357,a08bb2de-22d5-4cd6-9634-54a1c9fd3cfc,->,f1dc3983-5daf-40b6-8dea-a8e712cf73bb,java/lang/Integer.java,intValue
f1dc3983-5daf-40b6-8dea-a8e712cf73bb,101edd0f-55ef-4ae1-9d2b-0a8f56aac357,a08bb2de-22d5-4cd6-9634-54a1c9fd3cfc,->,f1dc3983-5daf-40b6-8dea-a8e712cf73bb,java/lang/Integer.java,valueOf
f1dc3983-5daf-40b6-8dea-a8e712cf73bb,101edd0f-55ef-4ae1-9d2b-0a8f56aac357,a08bb2de-22d5-4cd6-9634-54a1c9fd3cfc,->,f1dc3983-5daf-40b6-8dea-a8e712cf73bb,java/util/Map.java,put
f1dc3983-5daf-40b6-8dea-a8e712cf73bb,101edd0f-55ef-4ae1-9d2b-0a8f56aac357,a08bb2de-22d5-4cd6-9634-54a1c9fd3cfc,->,f1dc3983-5daf-40b6-8dea-a8e712cf73bb,java/util/Collection.java,iterator
f1dc3983-5daf-40b6-8dea-a8e712cf73bb,101edd0f-55ef-4ae1-9d2b-0a8f56aac357,a08bb2de-22d5-4cd6-9634-54a1c9fd3cfc,->,f1dc3983-5daf-40b6-8dea-a8e712cf73bb,java/util/Iterator.java,hasNext
f1dc3983-5daf-40b6-8dea-a8e712cf73bb,101edd0f-55ef-4ae1-9d2b-0a8f56aac357,a08bb2de-22d5-4cd6-9634-54a1c9fd3cfc,->,f1dc3983-5daf-40b6-8dea-a8e712cf73bb,java/util/Iterator.java,next
f1dc3983-5daf-40b6-8dea-a8e712cf73bb,101edd0f-55ef-4ae1-9d2b-0a8f56aac357,a08bb2de-22d5-4cd6-9634-54a1c9fd3cfc,->,f1dc3983-5daf-40b6-8dea-a8e712cf73bb,46ea8bdb-6073-4428-9248-da3e9e211ea4,4b230d2e-4878-4c43-af8c-3f1357c03d92
f1dc3983-5daf-40b6-8dea-a8e712cf73bb,101edd0f-55ef-4ae1-9d2b-0a8f56aac357,a08bb2de-22d5-4cd6-9634-54a1c9fd3cfc,->,f1dc3983-5daf-40b6-8dea-a8e712cf73bb,java/lang/Integer.java,valueOf
f1dc3983-5daf-40b6-8dea-a8e712cf73bb,101edd0f-55ef-4ae1-9d2b-0a8f56aac357,a08bb2de-22d5-4cd6-9634-54a1c9fd3cfc,->,f1dc3983-5daf-40b6-8dea-a8e712cf73bb,java/util/Map.java,containsKey
f1dc3983-5daf-40b6-8dea-a8e712cf73bb,101edd0f-55ef-4ae1-9d2b-0a8f56aac357,a08bb2de-22d5-4cd6-9634-54a1c9fd3cfc,->,f1dc3983-5daf-40b6-8dea-a8e712cf73bb,46ea8bdb-6073-4428-9248-da3e9e211ea4,4b230d2e-4878-4c43-af8c-3f1357c03d92
f1dc3983-5daf-40b6-8dea-a8e712cf73bb,101edd0f-55ef-4ae1-9d2b-0a8f56aac357,a08bb2de-22d5-4cd6-9634-54a1c9fd3cfc,->,f1dc3983-5daf-40b6-8dea-a8e712cf73bb,java/lang/Integer.java,valueOf
f1dc3983-5daf-40b6-8dea-a8e712cf73bb,101edd0f-55ef-4ae1-9d2b-0a8f56aac357,a08bb2de-22d5-4cd6-9634-54a1c9fd3cfc,->,f1dc3983-5daf-40b6-8dea-a8e712cf73bb,java/util/Map.java,get
f1dc3983-5daf-40b6-8dea-a8e712cf73bb,101edd0f-55ef-4ae1-9d2b-0a8f56aac357,a08bb2de-22d5-4cd6-9634-54a1c9fd3cfc,->,f1dc3983-5daf-40b6-8dea-a8e712cf73bb,java/lang/Integer.java,intValue
f1dc3983-5daf-40b6-8dea-a8e712cf73bb,101edd0f-55ef-4ae1-9d2b-0a8f56aac357,a08bb2de-22d5-4cd6-9634-54a1c9fd3cfc,->,f1dc3983-5daf-40b6-8dea-a8e712cf73bb,46ea8bdb-6073-4428-9248-da3e9e211ea4,4b230d2e-4878-4c43-af8c-3f1357c03d92
f1dc3983-5daf-40b6-8dea-a8e712cf73bb,101edd0f-55ef-4ae1-9d2b-0a8f56aac357,a08bb2de-22d5-4cd6-9634-54a1c9fd3cfc,->,f1dc3983-5daf-40b6-8dea-a8e712cf73bb,java/lang/Integer.java,valueOf
f1dc3983-5daf-40b6-8dea-a8e712cf73bb,101edd0f-55ef-4ae1-9d2b-0a8f56aac357,a08bb2de-22d5-4cd6-9634-54a1c9fd3cfc,->,f1dc3983-5daf-40b6-8dea-a8e712cf73bb,java/util/Map.java,get
f1dc3983-5daf-40b6-8dea-a8e712cf73bb,101edd0f-55ef-4ae1-9d2b-0a8f56aac357,a08bb2de-22d5-4cd6-9634-54a1c9fd3cfc,->,f1dc3983-5daf-40b6-8dea-a8e712cf73bb,java/lang/Integer.java,intValue
f1dc3983-5daf-40b6-8dea-a8e712cf73bb,101edd0f-55ef-4ae1-9d2b-0a8f56aac357,a08bb2de-22d5-4cd6-9634-54a1c9fd3cfc,->,f1dc3983-5daf-40b6-8dea-a8e712cf73bb,46ea8bdb-6073-4428-9248-da3e9e211ea4,be1f61e4-f490-475a-ba3d-169adc224c5f
f1dc3983-5daf-40b6-8dea-a8e712cf73bb,c7ba6ae9-e9d1-4c39-b1ac-701833450a68,00e95130-c675-45d8-a15e-ba6de5fb5443,->,f1dc3983-5daf-40b6-8dea-a8e712cf73bb,4d5d5404-a022-4f98-9bfb-75e7837433dc,4f53615f-194c-4730-9750-aa096520376e
f1dc3983-5daf-40b6-8dea-a8e712cf73bb,c7ba6ae9-e9d1-4c39-b1ac-701833450a68,00e95130-c675-45d8-a15e-ba6de5fb5443,->,f1dc3983-5daf-40b6-8dea-a8e712cf73bb,c7ba6ae9-e9d1-4c39-b1ac-701833450a68,758047ad-6126-4e47-8069-dc1940313886
f1dc3983-5daf-40b6-8dea-a8e712cf73bb,c7ba6ae9-e9d1-4c39-b1ac-701833450a68,758047ad-6126-4e47-8069-dc1940313886,->,f1dc3983-5daf-40b6-8dea-a8e712cf73bb,c7ba6ae9-e9d1-4c39-b1ac-701833450a68,70dea20a-9d1b-4dfe-a2f2-8d9be22a8c5a
f1dc3983-5daf-40b6-8dea-a8e712cf73bb,c7ba6ae9-e9d1-4c39-b1ac-701833450a68,758047ad-6126-4e47-8069-dc1940313886,->,f1dc3983-5daf-40b6-8dea-a8e712cf73bb,c7ba6ae9-e9d1-4c39-b1ac-701833450a68,78679942-a04a-4a26-8b4d-f191b5df912d
f1dc3983-5daf-40b6-8dea-a8e712cf73bb,c7ba6ae9-e9d1-4c39-b1ac-701833450a68,758047ad-6126-4e47-8069-dc1940313886,->,f1dc3983-5daf-40b6-8dea-a8e712cf73bb,4d5d5404-a022-4f98-9bfb-75e7837433dc,cfe058b5-59f9-4bd2-85f2-07dd8ef7ca4b
f1dc3983-5daf-40b6-8dea-a8e712cf73bb,c7ba6ae9-e9d1-4c39-b1ac-701833450a68,758047ad-6126-4e47-8069-dc1940313886,->,f1dc3983-5daf-40b6-8dea-a8e712cf73bb,4d5d5404-a022-4f98-9bfb-75e7837433dc,9f47af6c-9d59-40b7-b92f-59078678a04b
f1dc3983-5daf-40b6-8dea-a8e712cf73bb,c7ba6ae9-e9d1-4c39-b1ac-701833450a68,78679942-a04a-4a26-8b4d-f191b5df912d,->,f1dc3983-5daf-40b6-8dea-a8e712cf73bb,4d5d5404-a022-4f98-9bfb-75e7837433dc,cfe058b5-59f9-4bd2-85f2-07dd8ef7ca4b
f1dc3983-5daf-40b6-8dea-a8e712cf73bb,c7ba6ae9-e9d1-4c39-b1ac-701833450a68,78679942-a04a-4a26-8b4d-f191b5df912d,->,f1dc3983-5daf-40b6-8dea-a8e712cf73bb,4d5d5404-a022-4f98-9bfb-75e7837433dc,ab036b9d-aa4b-46f0-a485-9b2674240d25
f1dc3983-5daf-40b6-8dea-a8e712cf73bb,c7ba6ae9-e9d1-4c39-b1ac-701833450a68,78679942-a04a-4a26-8b4d-f191b5df912d,->,f1dc3983-5daf-40b6-8dea-a8e712cf73bb,java/sql/PreparedStatement.java,executeQuery
f1dc3983-5daf-40b6-8dea-a8e712cf73bb,c7ba6ae9-e9d1-4c39-b1ac-701833450a68,78679942-a04a-4a26-8b4d-f191b5df912d,->,f1dc3983-5daf-40b6-8dea-a8e712cf73bb,java/sql/ResultSet.java,next
f1dc3983-5daf-40b6-8dea-a8e712cf73bb,c7ba6ae9-e9d1-4c39-b1ac-701833450a68,78679942-a04a-4a26-8b4d-f191b5df912d,->,f1dc3983-5daf-40b6-8dea-a8e712cf73bb,java/sql/ResultSet.java,getInt
f1dc3983-5daf-40b6-8dea-a8e712cf73bb,c7ba6ae9-e9d1-4c39-b1ac-701833450a68,78679942-a04a-4a26-8b4d-f191b5df912d,->,f1dc3983-5daf-40b6-8dea-a8e712cf73bb,java/lang/Integer.java,valueOf
f1dc3983-5daf-40b6-8dea-a8e712cf73bb,c7ba6ae9-e9d1-4c39-b1ac-701833450a68,78679942-a04a-4a26-8b4d-f191b5df912d,->,f1dc3983-5daf-40b6-8dea-a8e712cf73bb,java/util/List.java,add
f1dc3983-5daf-40b6-8dea-a8e712cf73bb,c7ba6ae9-e9d1-4c39-b1ac-701833450a68,78679942-a04a-4a26-8b4d-f191b5df912d,->,f1dc3983-5daf-40b6-8dea-a8e712cf73bb,java/sql/ResultSet.java,close
f1dc3983-5daf-40b6-8dea-a8e712cf73bb,c7ba6ae9-e9d1-4c39-b1ac-701833450a68,78679942-a04a-4a26-8b4d-f191b5df912d,->,f1dc3983-5daf-40b6-8dea-a8e712cf73bb,java/sql/PreparedStatement.java,close
f1dc3983-5daf-40b6-8dea-a8e712cf73bb,c7ba6ae9-e9d1-4c39-b1ac-701833450a68,78679942-a04a-4a26-8b4d-f191b5df912d,->,f1dc3983-5daf-40b6-8dea-a8e712cf73bb,java/lang/StringBuilder.java,append
f1dc3983-5daf-40b6-8dea-a8e712cf73bb,c7ba6ae9-e9d1-4c39-b1ac-701833450a68,78679942-a04a-4a26-8b4d-f191b5df912d,->,f1dc3983-5daf-40b6-8dea-a8e712cf73bb,java/util/List.java,size
f1dc3983-5daf-40b6-8dea-a8e712cf73bb,c7ba6ae9-e9d1-4c39-b1ac-701833450a68,78679942-a04a-4a26-8b4d-f191b5df912d,->,f1dc3983-5daf-40b6-8dea-a8e712cf73bb,java/lang/StringBuilder.java,append
f1dc3983-5daf-40b6-8dea-a8e712cf73bb,c7ba6ae9-e9d1-4c39-b1ac-701833450a68,78679942-a04a-4a26-8b4d-f191b5df912d,->,f1dc3983-5daf-40b6-8dea-a8e712cf73bb,java/lang/StringBuilder.java,append
f1dc3983-5daf-40b6-8dea-a8e712cf73bb,c7ba6ae9-e9d1-4c39-b1ac-701833450a68,78679942-a04a-4a26-8b4d-f191b5df912d,->,f1dc3983-5daf-40b6-8dea-a8e712cf73bb,java/lang/StringBuilder.java,toString
f1dc3983-5daf-40b6-8dea-a8e712cf73bb,c7ba6ae9-e9d1-4c39-b1ac-701833450a68,78679942-a04a-4a26-8b4d-f191b5df912d,->,f1dc3983-5daf-40b6-8dea-a8e712cf73bb,java/io/PrintStream.java,println
f1dc3983-5daf-40b6-8dea-a8e712cf73bb,c7ba6ae9-e9d1-4c39-b1ac-701833450a68,78679942-a04a-4a26-8b4d-f191b5df912d,->,f1dc3983-5daf-40b6-8dea-a8e712cf73bb,4d5d5404-a022-4f98-9bfb-75e7837433dc,cfe058b5-59f9-4bd2-85f2-07dd8ef7ca4b
f1dc3983-5daf-40b6-8dea-a8e712cf73bb,c7ba6ae9-e9d1-4c39-b1ac-701833450a68,78679942-a04a-4a26-8b4d-f191b5df912d,->,f1dc3983-5daf-40b6-8dea-a8e712cf73bb,4d5d5404-a022-4f98-9bfb-75e7837433dc,ab036b9d-aa4b-46f0-a485-9b2674240d25
f1dc3983-5daf-40b6-8dea-a8e712cf73bb,c7ba6ae9-e9d1-4c39-b1ac-701833450a68,78679942-a04a-4a26-8b4d-f191b5df912d,->,f1dc3983-5daf-40b6-8dea-a8e712cf73bb,java/sql/PreparedStatement.java,executeQuery
f1dc3983-5daf-40b6-8dea-a8e712cf73bb,c7ba6ae9-e9d1-4c39-b1ac-701833450a68,78679942-a04a-4a26-8b4d-f191b5df912d,->,f1dc3983-5daf-40b6-8dea-a8e712cf73bb,java/sql/ResultSet.java,next
f1dc3983-5daf-40b6-8dea-a8e712cf73bb,c7ba6ae9-e9d1-4c39-b1ac-701833450a68,78679942-a04a-4a26-8b4d-f191b5df912d,->,f1dc3983-5daf-40b6-8dea-a8e712cf73bb,java/sql/ResultSet.java,getInt
f1dc3983-5daf-40b6-8dea-a8e712cf73bb,c7ba6ae9-e9d1-4c39-b1ac-701833450a68,78679942-a04a-4a26-8b4d-f191b5df912d,->,f1dc3983-5daf-40b6-8dea-a8e712cf73bb,java/lang/Integer.java,valueOf
f1dc3983-5daf-40b6-8dea-a8e712cf73bb,c7ba6ae9-e9d1-4c39-b1ac-701833450a68,78679942-a04a-4a26-8b4d-f191b5df912d,->,f1dc3983-5daf-40b6-8dea-a8e712cf73bb,java/util/List.java,add
f1dc3983-5daf-40b6-8dea-a8e712cf73bb,c7ba6ae9-e9d1-4c39-b1ac-701833450a68,78679942-a04a-4a26-8b4d-f191b5df912d,->,f1dc3983-5daf-40b6-8dea-a8e712cf73bb,java/sql/ResultSet.java,close
f1dc3983-5daf-40b6-8dea-a8e712cf73bb,c7ba6ae9-e9d1-4c39-b1ac-701833450a68,78679942-a04a-4a26-8b4d-f191b5df912d,->,f1dc3983-5daf-40b6-8dea-a8e712cf73bb,java/sql/PreparedStatement.java,close
f1dc3983-5daf-40b6-8dea-a8e712cf73bb,c7ba6ae9-e9d1-4c39-b1ac-701833450a68,78679942-a04a-4a26-8b4d-f191b5df912d,->,f1dc3983-5daf-40b6-8dea-a8e712cf73bb,java/lang/StringBuilder.java,append
f1dc3983-5daf-40b6-8dea-a8e712cf73bb,c7ba6ae9-e9d1-4c39-b1ac-701833450a68,78679942-a04a-4a26-8b4d-f191b5df912d,->,f1dc3983-5daf-40b6-8dea-a8e712cf73bb,java/util/List.java,size
f1dc3983-5daf-40b6-8dea-a8e712cf73bb,c7ba6ae9-e9d1-4c39-b1ac-701833450a68,78679942-a04a-4a26-8b4d-f191b5df912d,->,f1dc3983-5daf-40b6-8dea-a8e712cf73bb,java/lang/StringBuilder.java,append
f1dc3983-5daf-40b6-8dea-a8e712cf73bb,c7ba6ae9-e9d1-4c39-b1ac-701833450a68,78679942-a04a-4a26-8b4d-f191b5df912d,->,f1dc3983-5daf-40b6-8dea-a8e712cf73bb,java/lang/StringBuilder.java,append
f1dc3983-5daf-40b6-8dea-a8e712cf73bb,c7ba6ae9-e9d1-4c39-b1ac-701833450a68,78679942-a04a-4a26-8b4d-f191b5df912d,->,f1dc3983-5daf-40b6-8dea-a8e712cf73bb,java/lang/StringBuilder.java,toString
f1dc3983-5daf-40b6-8dea-a8e712cf73bb,c7ba6ae9-e9d1-4c39-b1ac-701833450a68,78679942-a04a-4a26-8b4d-f191b5df912d,->,f1dc3983-5daf-40b6-8dea-a8e712cf73bb,java/io/PrintStream.java,println
f1dc3983-5daf-40b6-8dea-a8e712cf73bb,c7ba6ae9-e9d1-4c39-b1ac-701833450a68,78679942-a04a-4a26-8b4d-f191b5df912d,->,f1dc3983-5daf-40b6-8dea-a8e712cf73bb,java/util/List.java,iterator
f1dc3983-5daf-40b6-8dea-a8e712cf73bb,c7ba6ae9-e9d1-4c39-b1ac-701833450a68,78679942-a04a-4a26-8b4d-f191b5df912d,->,f1dc3983-5daf-40b6-8dea-a8e712cf73bb,java/util/Iterator.java,hasNext
f1dc3983-5daf-40b6-8dea-a8e712cf73bb,c7ba6ae9-e9d1-4c39-b1ac-701833450a68,78679942-a04a-4a26-8b4d-f191b5df912d,->,f1dc3983-5daf-40b6-8dea-a8e712cf73bb,java/util/Iterator.java,next
f1dc3983-5daf-40b6-8dea-a8e712cf73bb,c7ba6ae9-e9d1-4c39-b1ac-701833450a68,78679942-a04a-4a26-8b4d-f191b5df912d,->,f1dc3983-5daf-40b6-8dea-a8e712cf73bb,java/util/List.java,contains
f1dc3983-5daf-40b6-8dea-a8e712cf73bb,c7ba6ae9-e9d1-4c39-b1ac-701833450a68,78679942-a04a-4a26-8b4d-f191b5df912d,->,f1dc3983-5daf-40b6-8dea-a8e712cf73bb,java/util/List.java,add
f1dc3983-5daf-40b6-8dea-a8e712cf73bb,c7ba6ae9-e9d1-4c39-b1ac-701833450a68,78679942-a04a-4a26-8b4d-f191b5df912d,->,f1dc3983-5daf-40b6-8dea-a8e712cf73bb,java/lang/StringBuilder.java,append
f1dc3983-5daf-40b6-8dea-a8e712cf73bb,c7ba6ae9-e9d1-4c39-b1ac-701833450a68,78679942-a04a-4a26-8b4d-f191b5df912d,->,f1dc3983-5daf-40b6-8dea-a8e712cf73bb,java/util/List.java,size
f1dc3983-5daf-40b6-8dea-a8e712cf73bb,c7ba6ae9-e9d1-4c39-b1ac-701833450a68,78679942-a04a-4a26-8b4d-f191b5df912d,->,f1dc3983-5daf-40b6-8dea-a8e712cf73bb,java/lang/StringBuilder.java,append
f1dc3983-5daf-40b6-8dea-a8e712cf73bb,c7ba6ae9-e9d1-4c39-b1ac-701833450a68,78679942-a04a-4a26-8b4d-f191b5df912d,->,f1dc3983-5daf-40b6-8dea-a8e712cf73bb,java/lang/StringBuilder.java,append
f1dc3983-5daf-40b6-8dea-a8e712cf73bb,c7ba6ae9-e9d1-4c39-b1ac-701833450a68,78679942-a04a-4a26-8b4d-f191b5df912d,->,f1dc3983-5daf-40b6-8dea-a8e712cf73bb,java/lang/StringBuilder.java,toString
f1dc3983-5daf-40b6-8dea-a8e712cf73bb,c7ba6ae9-e9d1-4c39-b1ac-701833450a68,78679942-a04a-4a26-8b4d-f191b5df912d,->,f1dc3983-5daf-40b6-8dea-a8e712cf73bb,java/io/PrintStream.java,println
f1dc3983-5daf-40b6-8dea-a8e712cf73bb,c7ba6ae9-e9d1-4c39-b1ac-701833450a68,78679942-a04a-4a26-8b4d-f191b5df912d,->,f1dc3983-5daf-40b6-8dea-a8e712cf73bb,java/util/List.java,iterator
f1dc3983-5daf-40b6-8dea-a8e712cf73bb,c7ba6ae9-e9d1-4c39-b1ac-701833450a68,78679942-a04a-4a26-8b4d-f191b5df912d,->,f1dc3983-5daf-40b6-8dea-a8e712cf73bb,java/util/Iterator.java,hasNext
f1dc3983-5daf-40b6-8dea-a8e712cf73bb,c7ba6ae9-e9d1-4c39-b1ac-701833450a68,78679942-a04a-4a26-8b4d-f191b5df912d,->,f1dc3983-5daf-40b6-8dea-a8e712cf73bb,java/util/Iterator.java,next
f1dc3983-5daf-40b6-8dea-a8e712cf73bb,c7ba6ae9-e9d1-4c39-b1ac-701833450a68,78679942-a04a-4a26-8b4d-f191b5df912d,->,f1dc3983-5daf-40b6-8dea-a8e712cf73bb,dcfb92ea-1a1c-400e-b05a-3685c4f1cd00,c4d7b40b-c986-4a57-9b84-2bdf07190901
f1dc3983-5daf-40b6-8dea-a8e712cf73bb,c7ba6ae9-e9d1-4c39-b1ac-701833450a68,78679942-a04a-4a26-8b4d-f191b5df912d,->,f1dc3983-5daf-40b6-8dea-a8e712cf73bb,java/lang/Integer.java,intValue
f1dc3983-5daf-40b6-8dea-a8e712cf73bb,c7ba6ae9-e9d1-4c39-b1ac-701833450a68,78679942-a04a-4a26-8b4d-f191b5df912d,->,f1dc3983-5daf-40b6-8dea-a8e712cf73bb,dcfb92ea-1a1c-400e-b05a-3685c4f1cd00,"80ef8ac1-577e-42c6-9fdf-dcd7aaa3346a,3ba1642e-adf1-4231-aa75-c7cd5ad14b16"
f1dc3983-5daf-40b6-8dea-a8e712cf73bb,c7ba6ae9-e9d1-4c39-b1ac-701833450a68,78679942-a04a-4a26-8b4d-f191b5df912d,->,f1dc3983-5daf-40b6-8dea-a8e712cf73bb,java/lang/StringBuilder.java,append
f1dc3983-5daf-40b6-8dea-a8e712cf73bb,c7ba6ae9-e9d1-4c39-b1ac-701833450a68,78679942-a04a-4a26-8b4d-f191b5df912d,->,f1dc3983-5daf-40b6-8dea-a8e712cf73bb,edfb3cf2-a62e-4314-ac6a-8a6bad7c286e,2b55fe8a-801f-4dae-b880-b40a3e787ff7
f1dc3983-5daf-40b6-8dea-a8e712cf73bb,c7ba6ae9-e9d1-4c39-b1ac-701833450a68,78679942-a04a-4a26-8b4d-f191b5df912d,->,f1dc3983-5daf-40b6-8dea-a8e712cf73bb,java/lang/StringBuilder.java,append
f1dc3983-5daf-40b6-8dea-a8e712cf73bb,c7ba6ae9-e9d1-4c39-b1ac-701833450a68,78679942-a04a-4a26-8b4d-f191b5df912d,->,f1dc3983-5daf-40b6-8dea-a8e712cf73bb,java/lang/StringBuilder.java,toString
f1dc3983-5daf-40b6-8dea-a8e712cf73bb,c7ba6ae9-e9d1-4c39-b1ac-701833450a68,78679942-a04a-4a26-8b4d-f191b5df912d,->,f1dc3983-5daf-40b6-8dea-a8e712cf73bb,java/io/PrintStream.java,println
f1dc3983-5daf-40b6-8dea-a8e712cf73bb,c7ba6ae9-e9d1-4c39-b1ac-701833450a68,78679942-a04a-4a26-8b4d-f191b5df912d,->,f1dc3983-5daf-40b6-8dea-a8e712cf73bb,dcfb92ea-1a1c-400e-b05a-3685c4f1cd00,c4d7b40b-c986-4a57-9b84-2bdf07190901
f1dc3983-5daf-40b6-8dea-a8e712cf73bb,c7ba6ae9-e9d1-4c39-b1ac-701833450a68,78679942-a04a-4a26-8b4d-f191b5df912d,->,f1dc3983-5daf-40b6-8dea-a8e712cf73bb,dcfb92ea-1a1c-400e-b05a-3685c4f1cd00,88826179-cda5-42a0-a614-39dbcdf5a8dd
f1dc3983-5daf-40b6-8dea-a8e712cf73bb,c7ba6ae9-e9d1-4c39-b1ac-701833450a68,70dea20a-9d1b-4dfe-a2f2-8d9be22a8c5a,->,f1dc3983-5daf-40b6-8dea-a8e712cf73bb,804c0c58-ce27-403b-96d3-d8bbd0da88e1,e2227fa3-5d9e-4d66-a03f-e7fe58dd1004
f1dc3983-5daf-40b6-8dea-a8e712cf73bb,c7ba6ae9-e9d1-4c39-b1ac-701833450a68,70dea20a-9d1b-4dfe-a2f2-8d9be22a8c5a,->,f1dc3983-5daf-40b6-8dea-a8e712cf73bb,42b060b8-8069-4ce2-b697-af4348e810da,9db7681e-b6da-43b8-a39b-41ccc0a749a4
f1dc3983-5daf-40b6-8dea-a8e712cf73bb,c7ba6ae9-e9d1-4c39-b1ac-701833450a68,70dea20a-9d1b-4dfe-a2f2-8d9be22a8c5a,->,f1dc3983-5daf-40b6-8dea-a8e712cf73bb,42b060b8-8069-4ce2-b697-af4348e810da,9340fa54-24b8-4e5b-8b6e-b6e64e0dfb28
f1dc3983-5daf-40b6-8dea-a8e712cf73bb,c7ba6ae9-e9d1-4c39-b1ac-701833450a68,70dea20a-9d1b-4dfe-a2f2-8d9be22a8c5a,->,f1dc3983-5daf-40b6-8dea-a8e712cf73bb,java/util/Collection.java,iterator
f1dc3983-5daf-40b6-8dea-a8e712cf73bb,c7ba6ae9-e9d1-4c39-b1ac-701833450a68,70dea20a-9d1b-4dfe-a2f2-8d9be22a8c5a,->,f1dc3983-5daf-40b6-8dea-a8e712cf73bb,java/util/Iterator.java,hasNext
f1dc3983-5daf-40b6-8dea-a8e712cf73bb,c7ba6ae9-e9d1-4c39-b1ac-701833450a68,70dea20a-9d1b-4dfe-a2f2-8d9be22a8c5a,->,f1dc3983-5daf-40b6-8dea-a8e712cf73bb,java/util/Iterator.java,next
f1dc3983-5daf-40b6-8dea-a8e712cf73bb,c7ba6ae9-e9d1-4c39-b1ac-701833450a68,70dea20a-9d1b-4dfe-a2f2-8d9be22a8c5a,->,f1dc3983-5daf-40b6-8dea-a8e712cf73bb,42b060b8-8069-4ce2-b697-af4348e810da,9db7681e-b6da-43b8-a39b-41ccc0a749a4
f1dc3983-5daf-40b6-8dea-a8e712cf73bb,c7ba6ae9-e9d1-4c39-b1ac-701833450a68,70dea20a-9d1b-4dfe-a2f2-8d9be22a8c5a,->,f1dc3983-5daf-40b6-8dea-a8e712cf73bb,java/lang/Integer.java,intValue
f1dc3983-5daf-40b6-8dea-a8e712cf73bb,c7ba6ae9-e9d1-4c39-b1ac-701833450a68,70dea20a-9d1b-4dfe-a2f2-8d9be22a8c5a,->,f1dc3983-5daf-40b6-8dea-a8e712cf73bb,42b060b8-8069-4ce2-b697-af4348e810da,b6677a8c-26a8-4911-be26-5b1ff9b09b1e
f1dc3983-5daf-40b6-8dea-a8e712cf73bb,c7ba6ae9-e9d1-4c39-b1ac-701833450a68,70dea20a-9d1b-4dfe-a2f2-8d9be22a8c5a,->,f1dc3983-5daf-40b6-8dea-a8e712cf73bb,java/util/Collection.java,iterator
f1dc3983-5daf-40b6-8dea-a8e712cf73bb,c7ba6ae9-e9d1-4c39-b1ac-701833450a68,70dea20a-9d1b-4dfe-a2f2-8d9be22a8c5a,->,f1dc3983-5daf-40b6-8dea-a8e712cf73bb,java/util/Iterator.java,hasNext
f1dc3983-5daf-40b6-8dea-a8e712cf73bb,c7ba6ae9-e9d1-4c39-b1ac-701833450a68,70dea20a-9d1b-4dfe-a2f2-8d9be22a8c5a,->,f1dc3983-5daf-40b6-8dea-a8e712cf73bb,java/util/Iterator.java,next
f1dc3983-5daf-40b6-8dea-a8e712cf73bb,c7ba6ae9-e9d1-4c39-b1ac-701833450a68,70dea20a-9d1b-4dfe-a2f2-8d9be22a8c5a,->,f1dc3983-5daf-40b6-8dea-a8e712cf73bb,804c0c58-ce27-403b-96d3-d8bbd0da88e1,c699c28e-9e2d-417d-aeb1-c718ba2ef477
f1dc3983-5daf-40b6-8dea-a8e712cf73bb,c7ba6ae9-e9d1-4c39-b1ac-701833450a68,70dea20a-9d1b-4dfe-a2f2-8d9be22a8c5a,->,f1dc3983-5daf-40b6-8dea-a8e712cf73bb,46ea8bdb-6073-4428-9248-da3e9e211ea4,53f2491b-566b-4a9c-94e2-f44f7ed95061
f1dc3983-5daf-40b6-8dea-a8e712cf73bb,c7ba6ae9-e9d1-4c39-b1ac-701833450a68,70dea20a-9d1b-4dfe-a2f2-8d9be22a8c5a,->,f1dc3983-5daf-40b6-8dea-a8e712cf73bb,46ea8bdb-6073-4428-9248-da3e9e211ea4,4b230d2e-4878-4c43-af8c-3f1357c03d92
f1dc3983-5daf-40b6-8dea-a8e712cf73bb,c7ba6ae9-e9d1-4c39-b1ac-701833450a68,70dea20a-9d1b-4dfe-a2f2-8d9be22a8c5a,->,f1dc3983-5daf-40b6-8dea-a8e712cf73bb,java/lang/Integer.java,valueOf
f1dc3983-5daf-40b6-8dea-a8e712cf73bb,c7ba6ae9-e9d1-4c39-b1ac-701833450a68,70dea20a-9d1b-4dfe-a2f2-8d9be22a8c5a,->,f1dc3983-5daf-40b6-8dea-a8e712cf73bb,java/util/Collection.java,add
f1dc3983-5daf-40b6-8dea-a8e712cf73bb,c7ba6ae9-e9d1-4c39-b1ac-701833450a68,70dea20a-9d1b-4dfe-a2f2-8d9be22a8c5a,->,f1dc3983-5daf-40b6-8dea-a8e712cf73bb,java/lang/StringBuilder.java,append
f1dc3983-5daf-40b6-8dea-a8e712cf73bb,c7ba6ae9-e9d1-4c39-b1ac-701833450a68,70dea20a-9d1b-4dfe-a2f2-8d9be22a8c5a,->,f1dc3983-5daf-40b6-8dea-a8e712cf73bb,java/util/Collection.java,size
f1dc3983-5daf-40b6-8dea-a8e712cf73bb,c7ba6ae9-e9d1-4c39-b1ac-701833450a68,70dea20a-9d1b-4dfe-a2f2-8d9be22a8c5a,->,f1dc3983-5daf-40b6-8dea-a8e712cf73bb,java/lang/StringBuilder.java,append
f1dc3983-5daf-40b6-8dea-a8e712cf73bb,c7ba6ae9-e9d1-4c39-b1ac-701833450a68,70dea20a-9d1b-4dfe-a2f2-8d9be22a8c5a,->,f1dc3983-5daf-40b6-8dea-a8e712cf73bb,java/lang/StringBuilder.java,append
f1dc3983-5daf-40b6-8dea-a8e712cf73bb,c7ba6ae9-e9d1-4c39-b1ac-701833450a68,70dea20a-9d1b-4dfe-a2f2-8d9be22a8c5a,->,f1dc3983-5daf-40b6-8dea-a8e712cf73bb,java/lang/StringBuilder.java,toString
f1dc3983-5daf-40b6-8dea-a8e712cf73bb,c7ba6ae9-e9d1-4c39-b1ac-701833450a68,70dea20a-9d1b-4dfe-a2f2-8d9be22a8c5a,->,f1dc3983-5daf-40b6-8dea-a8e712cf73bb,java/io/PrintStream.java,println
f1dc3983-5daf-40b6-8dea-a8e712cf73bb,c7ba6ae9-e9d1-4c39-b1ac-701833450a68,70dea20a-9d1b-4dfe-a2f2-8d9be22a8c5a,->,f1dc3983-5daf-40b6-8dea-a8e712cf73bb,java/util/Collection.java,iterator
f1dc3983-5daf-40b6-8dea-a8e712cf73bb,c7ba6ae9-e9d1-4c39-b1ac-701833450a68,70dea20a-9d1b-4dfe-a2f2-8d9be22a8c5a,->,f1dc3983-5daf-40b6-8dea-a8e712cf73bb,java/util/Iterator.java,hasNext
f1dc3983-5daf-40b6-8dea-a8e712cf73bb,c7ba6ae9-e9d1-4c39-b1ac-701833450a68,70dea20a-9d1b-4dfe-a2f2-8d9be22a8c5a,->,f1dc3983-5daf-40b6-8dea-a8e712cf73bb,java/util/Iterator.java,next
f1dc3983-5daf-40b6-8dea-a8e712cf73bb,c7ba6ae9-e9d1-4c39-b1ac-701833450a68,70dea20a-9d1b-4dfe-a2f2-8d9be22a8c5a,->,f1dc3983-5daf-40b6-8dea-a8e712cf73bb,42b060b8-8069-4ce2-b697-af4348e810da,9db7681e-b6da-43b8-a39b-41ccc0a749a4
f1dc3983-5daf-40b6-8dea-a8e712cf73bb,c7ba6ae9-e9d1-4c39-b1ac-701833450a68,70dea20a-9d1b-4dfe-a2f2-8d9be22a8c5a,->,f1dc3983-5daf-40b6-8dea-a8e712cf73bb,java/lang/Integer.java,intValue
f1dc3983-5daf-40b6-8dea-a8e712cf73bb,c7ba6ae9-e9d1-4c39-b1ac-701833450a68,70dea20a-9d1b-4dfe-a2f2-8d9be22a8c5a,->,f1dc3983-5daf-40b6-8dea-a8e712cf73bb,42b060b8-8069-4ce2-b697-af4348e810da,b6677a8c-26a8-4911-be26-5b1ff9b09b1e
f1dc3983-5daf-40b6-8dea-a8e712cf73bb,c7ba6ae9-e9d1-4c39-b1ac-701833450a68,70dea20a-9d1b-4dfe-a2f2-8d9be22a8c5a,->,f1dc3983-5daf-40b6-8dea-a8e712cf73bb,java/lang/StringBuilder.java,append
f1dc3983-5daf-40b6-8dea-a8e712cf73bb,c7ba6ae9-e9d1-4c39-b1ac-701833450a68,70dea20a-9d1b-4dfe-a2f2-8d9be22a8c5a,->,f1dc3983-5daf-40b6-8dea-a8e712cf73bb,46ea8bdb-6073-4428-9248-da3e9e211ea4,d1f2f841-1195-449f-a55a-6fd5a23e2284
f1dc3983-5daf-40b6-8dea-a8e712cf73bb,c7ba6ae9-e9d1-4c39-b1ac-701833450a68,70dea20a-9d1b-4dfe-a2f2-8d9be22a8c5a,->,f1dc3983-5daf-40b6-8dea-a8e712cf73bb,java/lang/StringBuilder.java,append
f1dc3983-5daf-40b6-8dea-a8e712cf73bb,c7ba6ae9-e9d1-4c39-b1ac-701833450a68,70dea20a-9d1b-4dfe-a2f2-8d9be22a8c5a,->,f1dc3983-5daf-40b6-8dea-a8e712cf73bb,java/lang/StringBuilder.java,append
f1dc3983-5daf-40b6-8dea-a8e712cf73bb,c7ba6ae9-e9d1-4c39-b1ac-701833450a68,70dea20a-9d1b-4dfe-a2f2-8d9be22a8c5a,->,f1dc3983-5daf-40b6-8dea-a8e712cf73bb,46ea8bdb-6073-4428-9248-da3e9e211ea4,1ab375eb-6d78-474f-a77e-537456340dba
f1dc3983-5daf-40b6-8dea-a8e712cf73bb,c7ba6ae9-e9d1-4c39-b1ac-701833450a68,70dea20a-9d1b-4dfe-a2f2-8d9be22a8c5a,->,f1dc3983-5daf-40b6-8dea-a8e712cf73bb,java/lang/StringBuilder.java,append
f1dc3983-5daf-40b6-8dea-a8e712cf73bb,c7ba6ae9-e9d1-4c39-b1ac-701833450a68,70dea20a-9d1b-4dfe-a2f2-8d9be22a8c5a,->,f1dc3983-5daf-40b6-8dea-a8e712cf73bb,java/lang/StringBuilder.java,toString
f1dc3983-5daf-40b6-8dea-a8e712cf73bb,c7ba6ae9-e9d1-4c39-b1ac-701833450a68,70dea20a-9d1b-4dfe-a2f2-8d9be22a8c5a,->,f1dc3983-5daf-40b6-8dea-a8e712cf73bb,java/io/PrintStream.java,println
f1dc3983-5daf-40b6-8dea-a8e712cf73bb,c7ba6ae9-e9d1-4c39-b1ac-701833450a68,70dea20a-9d1b-4dfe-a2f2-8d9be22a8c5a,->,f1dc3983-5daf-40b6-8dea-a8e712cf73bb,42b060b8-8069-4ce2-b697-af4348e810da,9db7681e-b6da-43b8-a39b-41ccc0a749a4
f1dc3983-5daf-40b6-8dea-a8e712cf73bb,c7ba6ae9-e9d1-4c39-b1ac-701833450a68,70dea20a-9d1b-4dfe-a2f2-8d9be22a8c5a,->,f1dc3983-5daf-40b6-8dea-a8e712cf73bb,42b060b8-8069-4ce2-b697-af4348e810da,59626785-a236-4cea-b82f-e7ef13f79752
f1dc3983-5daf-40b6-8dea-a8e712cf73bb,46ea8bdb-6073-4428-9248-da3e9e211ea4,465b612f-a084-4fd7-b710-dd22831742d4,->,f1dc3983-5daf-40b6-8dea-a8e712cf73bb,42b060b8-8069-4ce2-b697-af4348e810da,9db7681e-b6da-43b8-a39b-41ccc0a749a4
f1dc3983-5daf-40b6-8dea-a8e712cf73bb,46ea8bdb-6073-4428-9248-da3e9e211ea4,465b612f-a084-4fd7-b710-dd22831742d4,->,f1dc3983-5daf-40b6-8dea-a8e712cf73bb,42b060b8-8069-4ce2-b697-af4348e810da,b6677a8c-26a8-4911-be26-5b1ff9b09b1e
f1dc3983-5daf-40b6-8dea-a8e712cf73bb,46ea8bdb-6073-4428-9248-da3e9e211ea4,465b612f-a084-4fd7-b710-dd22831742d4,->,f1dc3983-5daf-40b6-8dea-a8e712cf73bb,46ea8bdb-6073-4428-9248-da3e9e211ea4,f386fa86-95ac-4bbd-8f63-3971e561b0fa
f1dc3983-5daf-40b6-8dea-a8e712cf73bb,46ea8bdb-6073-4428-9248-da3e9e211ea4,465b612f-a084-4fd7-b710-dd22831742d4,->,f1dc3983-5daf-40b6-8dea-a8e712cf73bb,java/io/PrintStream.java,println
f1dc3983-5daf-40b6-8dea-a8e712cf73bb,46ea8bdb-6073-4428-9248-da3e9e211ea4,e02e7c45-46ae-439c-ab20-2747651fa32c,->,f1dc3983-5daf-40b6-8dea-a8e712cf73bb,java/util/Collection.java,add
f1dc3983-5daf-40b6-8dea-a8e712cf73bb,46ea8bdb-6073-4428-9248-da3e9e211ea4,431f152b-8384-49e6-aae7-510e2f6793bf,->,f1dc3983-5daf-40b6-8dea-a8e712cf73bb,java/lang/String.java,endsWith
f1dc3983-5daf-40b6-8dea-a8e712cf73bb,46ea8bdb-6073-4428-9248-da3e9e211ea4,431f152b-8384-49e6-aae7-510e2f6793bf,->,f1dc3983-5daf-40b6-8dea-a8e712cf73bb,java/lang/StringBuilder.java,append
f1dc3983-5daf-40b6-8dea-a8e712cf73bb,46ea8bdb-6073-4428-9248-da3e9e211ea4,431f152b-8384-49e6-aae7-510e2f6793bf,->,f1dc3983-5daf-40b6-8dea-a8e712cf73bb,java/lang/StringBuilder.java,append
f1dc3983-5daf-40b6-8dea-a8e712cf73bb,46ea8bdb-6073-4428-9248-da3e9e211ea4,431f152b-8384-49e6-aae7-510e2f6793bf,->,f1dc3983-5daf-40b6-8dea-a8e712cf73bb,java/lang/StringBuilder.java,toString
f1dc3983-5daf-40b6-8dea-a8e712cf73bb,46ea8bdb-6073-4428-9248-da3e9e211ea4,0f3a7e78-15f7-40ad-bdfa-ecf6298621fc,->,f1dc3983-5daf-40b6-8dea-a8e712cf73bb,java/util/Collection.java,add
f1dc3983-5daf-40b6-8dea-a8e712cf73bb,46ea8bdb-6073-4428-9248-da3e9e211ea4,edcc499d-b56d-4c0e-bc41-3a2526e1742c,->,f1dc3983-5daf-40b6-8dea-a8e712cf73bb,46ea8bdb-6073-4428-9248-da3e9e211ea4,519f1dae-8bb0-46e3-b81f-94dd5784623f
f1dc3983-5daf-40b6-8dea-a8e712cf73bb,46ea8bdb-6073-4428-9248-da3e9e211ea4,edcc499d-b56d-4c0e-bc41-3a2526e1742c,->,f1dc3983-5daf-40b6-8dea-a8e712cf73bb,2e5ebc02-f3d0-423a-95be-92767c90aca1,"ab479749-000c-4c44-acbf-8965decdf2f7,7d18af26-792c-493d-a951-2c2e96114534"
f1dc3983-5daf-40b6-8dea-a8e712cf73bb,46ea8bdb-6073-4428-9248-da3e9e211ea4,810f8528-b89d-4c09-8700-d2abf6b6c64d,->,f1dc3983-5daf-40b6-8dea-a8e712cf73bb,101edd0f-55ef-4ae1-9d2b-0a8f56aac357,837cffbd-f5c2-485b-b00e-f82a0ebc24a0
f1dc3983-5daf-40b6-8dea-a8e712cf73bb,46ea8bdb-6073-4428-9248-da3e9e211ea4,5ad442c7-c5fe-44fe-b9c4-87e93693da64,->,f1dc3983-5daf-40b6-8dea-a8e712cf73bb,java/util/Collection.java,add
f1dc3983-5daf-40b6-8dea-a8e712cf73bb,46ea8bdb-6073-4428-9248-da3e9e211ea4,eb1d109b-ea5a-45b6-8c6c-8c1dd344fa0c,->,f1dc3983-5daf-40b6-8dea-a8e712cf73bb,java/util/Collection.java,iterator
f1dc3983-5daf-40b6-8dea-a8e712cf73bb,46ea8bdb-6073-4428-9248-da3e9e211ea4,eb1d109b-ea5a-45b6-8c6c-8c1dd344fa0c,->,f1dc3983-5daf-40b6-8dea-a8e712cf73bb,java/util/Iterator.java,hasNext
f1dc3983-5daf-40b6-8dea-a8e712cf73bb,46ea8bdb-6073-4428-9248-da3e9e211ea4,eb1d109b-ea5a-45b6-8c6c-8c1dd344fa0c,->,f1dc3983-5daf-40b6-8dea-a8e712cf73bb,java/util/Iterator.java,next
f1dc3983-5daf-40b6-8dea-a8e712cf73bb,46ea8bdb-6073-4428-9248-da3e9e211ea4,eb1d109b-ea5a-45b6-8c6c-8c1dd344fa0c,->,f1dc3983-5daf-40b6-8dea-a8e712cf73bb,2e5ebc02-f3d0-423a-95be-92767c90aca1,9fbcd0b4-e68c-4613-8a36-c540706b9d72
f1dc3983-5daf-40b6-8dea-a8e712cf73bb,46ea8bdb-6073-4428-9248-da3e9e211ea4,eb1d109b-ea5a-45b6-8c6c-8c1dd344fa0c,->,f1dc3983-5daf-40b6-8dea-a8e712cf73bb,2e5ebc02-f3d0-423a-95be-92767c90aca1,9fbcd0b4-e68c-4613-8a36-c540706b9d72
f1dc3983-5daf-40b6-8dea-a8e712cf73bb,46ea8bdb-6073-4428-9248-da3e9e211ea4,eb1d109b-ea5a-45b6-8c6c-8c1dd344fa0c,->,f1dc3983-5daf-40b6-8dea-a8e712cf73bb,2e5ebc02-f3d0-423a-95be-92767c90aca1,a70bf9be-29c8-40dc-8888-2dbeb5c2bbfc
f1dc3983-5daf-40b6-8dea-a8e712cf73bb,46ea8bdb-6073-4428-9248-da3e9e211ea4,eb1d109b-ea5a-45b6-8c6c-8c1dd344fa0c,->,f1dc3983-5daf-40b6-8dea-a8e712cf73bb,2e5ebc02-f3d0-423a-95be-92767c90aca1,9fbcd0b4-e68c-4613-8a36-c540706b9d72
f1dc3983-5daf-40b6-8dea-a8e712cf73bb,46ea8bdb-6073-4428-9248-da3e9e211ea4,eb1d109b-ea5a-45b6-8c6c-8c1dd344fa0c,->,f1dc3983-5daf-40b6-8dea-a8e712cf73bb,2e5ebc02-f3d0-423a-95be-92767c90aca1,0bb1b53f-6623-498e-a78a-36c548301bb7
f1dc3983-5daf-40b6-8dea-a8e712cf73bb,46ea8bdb-6073-4428-9248-da3e9e211ea4,eb1d109b-ea5a-45b6-8c6c-8c1dd344fa0c,->,f1dc3983-5daf-40b6-8dea-a8e712cf73bb,2e5ebc02-f3d0-423a-95be-92767c90aca1,9bccf370-b2e7-4f17-886e-44b2aba8e789
f1dc3983-5daf-40b6-8dea-a8e712cf73bb,46ea8bdb-6073-4428-9248-da3e9e211ea4,eb1d109b-ea5a-45b6-8c6c-8c1dd344fa0c,->,f1dc3983-5daf-40b6-8dea-a8e712cf73bb,46ea8bdb-6073-4428-9248-da3e9e211ea4,4b230d2e-4878-4c43-af8c-3f1357c03d92
f1dc3983-5daf-40b6-8dea-a8e712cf73bb,46ea8bdb-6073-4428-9248-da3e9e211ea4,eb1d109b-ea5a-45b6-8c6c-8c1dd344fa0c,->,f1dc3983-5daf-40b6-8dea-a8e712cf73bb,java/util/Collection.java,add
f1dc3983-5daf-40b6-8dea-a8e712cf73bb,46ea8bdb-6073-4428-9248-da3e9e211ea4,5e6ff716-c75c-48f9-95cc-de2e9a0cf93e,->,f1dc3983-5daf-40b6-8dea-a8e712cf73bb,java/lang/String.java,toLowerCase
f1dc3983-5daf-40b6-8dea-a8e712cf73bb,46ea8bdb-6073-4428-9248-da3e9e211ea4,5e6ff716-c75c-48f9-95cc-de2e9a0cf93e,->,f1dc3983-5daf-40b6-8dea-a8e712cf73bb,java/lang/StringBuilder.java,append
f1dc3983-5daf-40b6-8dea-a8e712cf73bb,46ea8bdb-6073-4428-9248-da3e9e211ea4,5e6ff716-c75c-48f9-95cc-de2e9a0cf93e,->,f1dc3983-5daf-40b6-8dea-a8e712cf73bb,java/lang/StringBuilder.java,append
f1dc3983-5daf-40b6-8dea-a8e712cf73bb,46ea8bdb-6073-4428-9248-da3e9e211ea4,5e6ff716-c75c-48f9-95cc-de2e9a0cf93e,->,f1dc3983-5daf-40b6-8dea-a8e712cf73bb,java/lang/StringBuilder.java,toString
f1dc3983-5daf-40b6-8dea-a8e712cf73bb,46ea8bdb-6073-4428-9248-da3e9e211ea4,5e6ff716-c75c-48f9-95cc-de2e9a0cf93e,->,f1dc3983-5daf-40b6-8dea-a8e712cf73bb,46ea8bdb-6073-4428-9248-da3e9e211ea4,1ab375eb-6d78-474f-a77e-537456340dba
f1dc3983-5daf-40b6-8dea-a8e712cf73bb,46ea8bdb-6073-4428-9248-da3e9e211ea4,5e6ff716-c75c-48f9-95cc-de2e9a0cf93e,->,f1dc3983-5daf-40b6-8dea-a8e712cf73bb,java/lang/String.java,toLowerCase
f1dc3983-5daf-40b6-8dea-a8e712cf73bb,46ea8bdb-6073-4428-9248-da3e9e211ea4,5e6ff716-c75c-48f9-95cc-de2e9a0cf93e,->,f1dc3983-5daf-40b6-8dea-a8e712cf73bb,java/lang/StringBuilder.java,append
f1dc3983-5daf-40b6-8dea-a8e712cf73bb,46ea8bdb-6073-4428-9248-da3e9e211ea4,5e6ff716-c75c-48f9-95cc-de2e9a0cf93e,->,f1dc3983-5daf-40b6-8dea-a8e712cf73bb,46ea8bdb-6073-4428-9248-da3e9e211ea4,4b230d2e-4878-4c43-af8c-3f1357c03d92
f1dc3983-5daf-40b6-8dea-a8e712cf73bb,46ea8bdb-6073-4428-9248-da3e9e211ea4,5e6ff716-c75c-48f9-95cc-de2e9a0cf93e,->,f1dc3983-5daf-40b6-8dea-a8e712cf73bb,java/lang/StringBuilder.java,append
f1dc3983-5daf-40b6-8dea-a8e712cf73bb,46ea8bdb-6073-4428-9248-da3e9e211ea4,5e6ff716-c75c-48f9-95cc-de2e9a0cf93e,->,f1dc3983-5daf-40b6-8dea-a8e712cf73bb,java/lang/StringBuilder.java,toString
f1dc3983-5daf-40b6-8dea-a8e712cf73bb,46ea8bdb-6073-4428-9248-da3e9e211ea4,5e6ff716-c75c-48f9-95cc-de2e9a0cf93e,->,f1dc3983-5daf-40b6-8dea-a8e712cf73bb,java/lang/String.java,compareTo
f1dc3983-5daf-40b6-8dea-a8e712cf73bb,46ea8bdb-6073-4428-9248-da3e9e211ea4,25bd12f9-c802-4141-ab86-c7755ed0a730,->,f1dc3983-5daf-40b6-8dea-a8e712cf73bb,java/util/Collection.java,add
f1dc3983-5daf-40b6-8dea-a8e712cf73bb,46ea8bdb-6073-4428-9248-da3e9e211ea4,cc210632-a042-4b68-9e3c-9138fdd630b2,->,f1dc3983-5daf-40b6-8dea-a8e712cf73bb,46ea8bdb-6073-4428-9248-da3e9e211ea4,5e6ff716-c75c-48f9-95cc-de2e9a0cf93e
f1dc3983-5daf-40b6-8dea-a8e712cf73bb,46ea8bdb-6073-4428-9248-da3e9e211ea4,b9a8f95f-46c6-4b8b-af84-4dd24d766fe4,->,f1dc3983-5daf-40b6-8dea-a8e712cf73bb,42b060b8-8069-4ce2-b697-af4348e810da,9db7681e-b6da-43b8-a39b-41ccc0a749a4
f1dc3983-5daf-40b6-8dea-a8e712cf73bb,46ea8bdb-6073-4428-9248-da3e9e211ea4,b9a8f95f-46c6-4b8b-af84-4dd24d766fe4,->,f1dc3983-5daf-40b6-8dea-a8e712cf73bb,42b060b8-8069-4ce2-b697-af4348e810da,561d7764-f8e2-4fec-b94e-5a1be751857a
f1dc3983-5daf-40b6-8dea-a8e712cf73bb,46ea8bdb-6073-4428-9248-da3e9e211ea4,e9c7ddaa-1269-4b42-b9c8-11bfefefac7b,->,f1dc3983-5daf-40b6-8dea-a8e712cf73bb,java/util/Collection.java,iterator
f1dc3983-5daf-40b6-8dea-a8e712cf73bb,46ea8bdb-6073-4428-9248-da3e9e211ea4,e9c7ddaa-1269-4b42-b9c8-11bfefefac7b,->,f1dc3983-5daf-40b6-8dea-a8e712cf73bb,java/util/Iterator.java,hasNext
f1dc3983-5daf-40b6-8dea-a8e712cf73bb,46ea8bdb-6073-4428-9248-da3e9e211ea4,e9c7ddaa-1269-4b42-b9c8-11bfefefac7b,->,f1dc3983-5daf-40b6-8dea-a8e712cf73bb,java/util/Iterator.java,next
f1dc3983-5daf-40b6-8dea-a8e712cf73bb,46ea8bdb-6073-4428-9248-da3e9e211ea4,e9c7ddaa-1269-4b42-b9c8-11bfefefac7b,->,f1dc3983-5daf-40b6-8dea-a8e712cf73bb,2e5ebc02-f3d0-423a-95be-92767c90aca1,0bb1b53f-6623-498e-a78a-36c548301bb7
f1dc3983-5daf-40b6-8dea-a8e712cf73bb,46ea8bdb-6073-4428-9248-da3e9e211ea4,e9c7ddaa-1269-4b42-b9c8-11bfefefac7b,->,f1dc3983-5daf-40b6-8dea-a8e712cf73bb,java/util/Collection.java,addAll
f1dc3983-5daf-40b6-8dea-a8e712cf73bb,46ea8bdb-6073-4428-9248-da3e9e211ea4,d1f2f841-1195-449f-a55a-6fd5a23e2284,->,f1dc3983-5daf-40b6-8dea-a8e712cf73bb,java/lang/String.java,trim
f1dc3983-5daf-40b6-8dea-a8e712cf73bb,46ea8bdb-6073-4428-9248-da3e9e211ea4,d1f2f841-1195-449f-a55a-6fd5a23e2284,->,f1dc3983-5daf-40b6-8dea-a8e712cf73bb,java/lang/String.java,length
f1dc3983-5daf-40b6-8dea-a8e712cf73bb,46ea8bdb-6073-4428-9248-da3e9e211ea4,30056950-15a9-4a0a-a4b2-a821dff86181,->,f1dc3983-5daf-40b6-8dea-a8e712cf73bb,java/util/Collection.java,size
f1dc3983-5daf-40b6-8dea-a8e712cf73bb,46ea8bdb-6073-4428-9248-da3e9e211ea4,30056950-15a9-4a0a-a4b2-a821dff86181,->,f1dc3983-5daf-40b6-8dea-a8e712cf73bb,42b060b8-8069-4ce2-b697-af4348e810da,9db7681e-b6da-43b8-a39b-41ccc0a749a4
f1dc3983-5daf-40b6-8dea-a8e712cf73bb,46ea8bdb-6073-4428-9248-da3e9e211ea4,30056950-15a9-4a0a-a4b2-a821dff86181,->,f1dc3983-5daf-40b6-8dea-a8e712cf73bb,42b060b8-8069-4ce2-b697-af4348e810da,c3fb6742-4e9a-4dfb-b833-51312048497b
f1dc3983-5daf-40b6-8dea-a8e712cf73bb,46ea8bdb-6073-4428-9248-da3e9e211ea4,b30f2c63-b99f-4b9b-85d8-ba3e8e917344,->,f1dc3983-5daf-40b6-8dea-a8e712cf73bb,46ea8bdb-6073-4428-9248-da3e9e211ea4,30056950-15a9-4a0a-a4b2-a821dff86181
f1dc3983-5daf-40b6-8dea-a8e712cf73bb,46ea8bdb-6073-4428-9248-da3e9e211ea4,b30f2c63-b99f-4b9b-85d8-ba3e8e917344,->,f1dc3983-5daf-40b6-8dea-a8e712cf73bb,java/util/Collection.java,iterator
f1dc3983-5daf-40b6-8dea-a8e712cf73bb,46ea8bdb-6073-4428-9248-da3e9e211ea4,b30f2c63-b99f-4b9b-85d8-ba3e8e917344,->,f1dc3983-5daf-40b6-8dea-a8e712cf73bb,java/util/Iterator.java,hasNext
f1dc3983-5daf-40b6-8dea-a8e712cf73bb,46ea8bdb-6073-4428-9248-da3e9e211ea4,b30f2c63-b99f-4b9b-85d8-ba3e8e917344,->,f1dc3983-5daf-40b6-8dea-a8e712cf73bb,java/util/Iterator.java,next
f1dc3983-5daf-40b6-8dea-a8e712cf73bb,46ea8bdb-6073-4428-9248-da3e9e211ea4,b30f2c63-b99f-4b9b-85d8-ba3e8e917344,->,f1dc3983-5daf-40b6-8dea-a8e712cf73bb,java/lang/StringBuffer.java,append
f1dc3983-5daf-40b6-8dea-a8e712cf73bb,46ea8bdb-6073-4428-9248-da3e9e211ea4,b30f2c63-b99f-4b9b-85d8-ba3e8e917344,->,f1dc3983-5daf-40b6-8dea-a8e712cf73bb,java/lang/StringBuffer.java,toString
f1dc3983-5daf-40b6-8dea-a8e712cf73bb,46ea8bdb-6073-4428-9248-da3e9e211ea4,c74faea8-c394-4831-b6ca-682cd4182d30,->,f1dc3983-5daf-40b6-8dea-a8e712cf73bb,42b060b8-8069-4ce2-b697-af4348e810da,9db7681e-b6da-43b8-a39b-41ccc0a749a4
f1dc3983-5daf-40b6-8dea-a8e712cf73bb,46ea8bdb-6073-4428-9248-da3e9e211ea4,c74faea8-c394-4831-b6ca-682cd4182d30,->,f1dc3983-5daf-40b6-8dea-a8e712cf73bb,42b060b8-8069-4ce2-b697-af4348e810da,8a5b572d-016f-472a-b5f2-2536ff781b34
f1dc3983-5daf-40b6-8dea-a8e712cf73bb,46ea8bdb-6073-4428-9248-da3e9e211ea4,3aada537-b5ec-4829-a260-6e905197ec5a,->,f1dc3983-5daf-40b6-8dea-a8e712cf73bb,42b060b8-8069-4ce2-b697-af4348e810da,9db7681e-b6da-43b8-a39b-41ccc0a749a4
f1dc3983-5daf-40b6-8dea-a8e712cf73bb,46ea8bdb-6073-4428-9248-da3e9e211ea4,3aada537-b5ec-4829-a260-6e905197ec5a,->,f1dc3983-5daf-40b6-8dea-a8e712cf73bb,42b060b8-8069-4ce2-b697-af4348e810da,ace09d48-6a14-4a3e-ad2b-d5dc8a2e91f1
f1dc3983-5daf-40b6-8dea-a8e712cf73bb,46ea8bdb-6073-4428-9248-da3e9e211ea4,6ef33536-be3e-46e2-afb4-3dd3f0a3c457,->,f1dc3983-5daf-40b6-8dea-a8e712cf73bb,java/lang/StringBuilder.java,append
f1dc3983-5daf-40b6-8dea-a8e712cf73bb,46ea8bdb-6073-4428-9248-da3e9e211ea4,6ef33536-be3e-46e2-afb4-3dd3f0a3c457,->,f1dc3983-5daf-40b6-8dea-a8e712cf73bb,java/lang/StringBuilder.java,append
f1dc3983-5daf-40b6-8dea-a8e712cf73bb,46ea8bdb-6073-4428-9248-da3e9e211ea4,6ef33536-be3e-46e2-afb4-3dd3f0a3c457,->,f1dc3983-5daf-40b6-8dea-a8e712cf73bb,java/lang/StringBuilder.java,append
f1dc3983-5daf-40b6-8dea-a8e712cf73bb,46ea8bdb-6073-4428-9248-da3e9e211ea4,6ef33536-be3e-46e2-afb4-3dd3f0a3c457,->,f1dc3983-5daf-40b6-8dea-a8e712cf73bb,java/lang/StringBuilder.java,toString
f1dc3983-5daf-40b6-8dea-a8e712cf73bb,46ea8bdb-6073-4428-9248-da3e9e211ea4,cc794057-b482-460c-a51f-b233f2b17a19,->,f1dc3983-5daf-40b6-8dea-a8e712cf73bb,46ea8bdb-6073-4428-9248-da3e9e211ea4,d1f2f841-1195-449f-a55a-6fd5a23e2284
f1dc3983-5daf-40b6-8dea-a8e712cf73bb,46ea8bdb-6073-4428-9248-da3e9e211ea4,cc794057-b482-460c-a51f-b233f2b17a19,->,f1dc3983-5daf-40b6-8dea-a8e712cf73bb,46ea8bdb-6073-4428-9248-da3e9e211ea4,c9d274db-ace9-4c14-9cf0-4f06567b098c
f1dc3983-5daf-40b6-8dea-a8e712cf73bb,46ea8bdb-6073-4428-9248-da3e9e211ea4,cc794057-b482-460c-a51f-b233f2b17a19,->,f1dc3983-5daf-40b6-8dea-a8e712cf73bb,46ea8bdb-6073-4428-9248-da3e9e211ea4,431f152b-8384-49e6-aae7-510e2f6793bf
f1dc3983-5daf-40b6-8dea-a8e712cf73bb,46ea8bdb-6073-4428-9248-da3e9e211ea4,cc794057-b482-460c-a51f-b233f2b17a19,->,f1dc3983-5daf-40b6-8dea-a8e712cf73bb,java/lang/StringBuilder.java,append
f1dc3983-5daf-40b6-8dea-a8e712cf73bb,46ea8bdb-6073-4428-9248-da3e9e211ea4,cc794057-b482-460c-a51f-b233f2b17a19,->,f1dc3983-5daf-40b6-8dea-a8e712cf73bb,java/lang/StringBuilder.java,append
f1dc3983-5daf-40b6-8dea-a8e712cf73bb,46ea8bdb-6073-4428-9248-da3e9e211ea4,cc794057-b482-460c-a51f-b233f2b17a19,->,f1dc3983-5daf-40b6-8dea-a8e712cf73bb,46ea8bdb-6073-4428-9248-da3e9e211ea4,ca7c7730-790c-41bb-a9af-fae44a9f312c
f1dc3983-5daf-40b6-8dea-a8e712cf73bb,46ea8bdb-6073-4428-9248-da3e9e211ea4,cc794057-b482-460c-a51f-b233f2b17a19,->,f1dc3983-5daf-40b6-8dea-a8e712cf73bb,46ea8bdb-6073-4428-9248-da3e9e211ea4,c9d274db-ace9-4c14-9cf0-4f06567b098c
f1dc3983-5daf-40b6-8dea-a8e712cf73bb,46ea8bdb-6073-4428-9248-da3e9e211ea4,cc794057-b482-460c-a51f-b233f2b17a19,->,f1dc3983-5daf-40b6-8dea-a8e712cf73bb,java/lang/StringBuilder.java,append
f1dc3983-5daf-40b6-8dea-a8e712cf73bb,46ea8bdb-6073-4428-9248-da3e9e211ea4,cc794057-b482-460c-a51f-b233f2b17a19,->,f1dc3983-5daf-40b6-8dea-a8e712cf73bb,java/lang/StringBuilder.java,toString
f1dc3983-5daf-40b6-8dea-a8e712cf73bb,46ea8bdb-6073-4428-9248-da3e9e211ea4,cc794057-b482-460c-a51f-b233f2b17a19,->,f1dc3983-5daf-40b6-8dea-a8e712cf73bb,java/io/UnsupportedEncodingException.java,printStackTrace
f1dc3983-5daf-40b6-8dea-a8e712cf73bb,46ea8bdb-6073-4428-9248-da3e9e211ea4,adf0fa5a-d7ea-4e44-9198-5ef9f2dc8c84,->,f1dc3983-5daf-40b6-8dea-a8e712cf73bb,dc153d7f-3534-4a67-8710-d7f60b14f568,dc5bac52-4aa7-4294-b9b9-a13a2f4a1d58
f1dc3983-5daf-40b6-8dea-a8e712cf73bb,46ea8bdb-6073-4428-9248-da3e9e211ea4,adf0fa5a-d7ea-4e44-9198-5ef9f2dc8c84,->,f1dc3983-5daf-40b6-8dea-a8e712cf73bb,dc153d7f-3534-4a67-8710-d7f60b14f568,"6b7e8dc4-5dc7-4a81-a1ce-b3984bcfab9c,4acde63b-de54-49d6-8a44-e21018882fc3"
f1dc3983-5daf-40b6-8dea-a8e712cf73bb,46ea8bdb-6073-4428-9248-da3e9e211ea4,0fee9112-b5a0-418f-809e-64edae3413d3,->,f1dc3983-5daf-40b6-8dea-a8e712cf73bb,46ea8bdb-6073-4428-9248-da3e9e211ea4,b10cd8c8-1102-44e0-8f60-d2114b8ce88a
f1dc3983-5daf-40b6-8dea-a8e712cf73bb,46ea8bdb-6073-4428-9248-da3e9e211ea4,0fee9112-b5a0-418f-809e-64edae3413d3,->,f1dc3983-5daf-40b6-8dea-a8e712cf73bb,java/util/Collection.java,iterator
f1dc3983-5daf-40b6-8dea-a8e712cf73bb,46ea8bdb-6073-4428-9248-da3e9e211ea4,0fee9112-b5a0-418f-809e-64edae3413d3,->,f1dc3983-5daf-40b6-8dea-a8e712cf73bb,java/util/Iterator.java,hasNext
f1dc3983-5daf-40b6-8dea-a8e712cf73bb,46ea8bdb-6073-4428-9248-da3e9e211ea4,0fee9112-b5a0-418f-809e-64edae3413d3,->,f1dc3983-5daf-40b6-8dea-a8e712cf73bb,java/util/Iterator.java,next
f1dc3983-5daf-40b6-8dea-a8e712cf73bb,46ea8bdb-6073-4428-9248-da3e9e211ea4,0fee9112-b5a0-418f-809e-64edae3413d3,->,f1dc3983-5daf-40b6-8dea-a8e712cf73bb,2e5ebc02-f3d0-423a-95be-92767c90aca1,c33819c1-970e-4001-9634-4d1e11984a63
f1dc3983-5daf-40b6-8dea-a8e712cf73bb,46ea8bdb-6073-4428-9248-da3e9e211ea4,0fee9112-b5a0-418f-809e-64edae3413d3,->,f1dc3983-5daf-40b6-8dea-a8e712cf73bb,java/util/List.java,add
f1dc3983-5daf-40b6-8dea-a8e712cf73bb,46ea8bdb-6073-4428-9248-da3e9e211ea4,0fee9112-b5a0-418f-809e-64edae3413d3,->,f1dc3983-5daf-40b6-8dea-a8e712cf73bb,java/util/List.java,get
f1dc3983-5daf-40b6-8dea-a8e712cf73bb,46ea8bdb-6073-4428-9248-da3e9e211ea4,0fee9112-b5a0-418f-809e-64edae3413d3,->,f1dc3983-5daf-40b6-8dea-a8e712cf73bb,2e5ebc02-f3d0-423a-95be-92767c90aca1,101672ab-7f59-4acd-a267-c575a07772c4
f1dc3983-5daf-40b6-8dea-a8e712cf73bb,46ea8bdb-6073-4428-9248-da3e9e211ea4,0fee9112-b5a0-418f-809e-64edae3413d3,->,f1dc3983-5daf-40b6-8dea-a8e712cf73bb,java/util/Set.java,addAll
f1dc3983-5daf-40b6-8dea-a8e712cf73bb,46ea8bdb-6073-4428-9248-da3e9e211ea4,0fee9112-b5a0-418f-809e-64edae3413d3,->,f1dc3983-5daf-40b6-8dea-a8e712cf73bb,java/util/List.java,size
f1dc3983-5daf-40b6-8dea-a8e712cf73bb,46ea8bdb-6073-4428-9248-da3e9e211ea4,0fee9112-b5a0-418f-809e-64edae3413d3,->,f1dc3983-5daf-40b6-8dea-a8e712cf73bb,java/util/List.java,subList
f1dc3983-5daf-40b6-8dea-a8e712cf73bb,46ea8bdb-6073-4428-9248-da3e9e211ea4,0fee9112-b5a0-418f-809e-64edae3413d3,->,f1dc3983-5daf-40b6-8dea-a8e712cf73bb,java/util/List.java,iterator
f1dc3983-5daf-40b6-8dea-a8e712cf73bb,46ea8bdb-6073-4428-9248-da3e9e211ea4,0fee9112-b5a0-418f-809e-64edae3413d3,->,f1dc3983-5daf-40b6-8dea-a8e712cf73bb,java/util/Iterator.java,hasNext
f1dc3983-5daf-40b6-8dea-a8e712cf73bb,46ea8bdb-6073-4428-9248-da3e9e211ea4,0fee9112-b5a0-418f-809e-64edae3413d3,->,f1dc3983-5daf-40b6-8dea-a8e712cf73bb,java/util/Iterator.java,next
f1dc3983-5daf-40b6-8dea-a8e712cf73bb,46ea8bdb-6073-4428-9248-da3e9e211ea4,0fee9112-b5a0-418f-809e-64edae3413d3,->,f1dc3983-5daf-40b6-8dea-a8e712cf73bb,2e5ebc02-f3d0-423a-95be-92767c90aca1,101672ab-7f59-4acd-a267-c575a07772c4
f1dc3983-5daf-40b6-8dea-a8e712cf73bb,46ea8bdb-6073-4428-9248-da3e9e211ea4,0fee9112-b5a0-418f-809e-64edae3413d3,->,f1dc3983-5daf-40b6-8dea-a8e712cf73bb,java/util/Set.java,addAll
f1dc3983-5daf-40b6-8dea-a8e712cf73bb,46ea8bdb-6073-4428-9248-da3e9e211ea4,0fee9112-b5a0-418f-809e-64edae3413d3,->,f1dc3983-5daf-40b6-8dea-a8e712cf73bb,java/util/List.java,size
f1dc3983-5daf-40b6-8dea-a8e712cf73bb,46ea8bdb-6073-4428-9248-da3e9e211ea4,0fee9112-b5a0-418f-809e-64edae3413d3,->,f1dc3983-5daf-40b6-8dea-a8e712cf73bb,java/util/List.java,get
f1dc3983-5daf-40b6-8dea-a8e712cf73bb,46ea8bdb-6073-4428-9248-da3e9e211ea4,0fee9112-b5a0-418f-809e-64edae3413d3,->,f1dc3983-5daf-40b6-8dea-a8e712cf73bb,f206751d-d458-4b7a-a4a8-72d4bc1e8a8c,3d03fe3b-9e2f-47ed-a9c1-c1f14e4288fc
f1dc3983-5daf-40b6-8dea-a8e712cf73bb,46ea8bdb-6073-4428-9248-da3e9e211ea4,0fee9112-b5a0-418f-809e-64edae3413d3,->,f1dc3983-5daf-40b6-8dea-a8e712cf73bb,java/util/List.java,size
f1dc3983-5daf-40b6-8dea-a8e712cf73bb,46ea8bdb-6073-4428-9248-da3e9e211ea4,0fee9112-b5a0-418f-809e-64edae3413d3,->,f1dc3983-5daf-40b6-8dea-a8e712cf73bb,java/util/List.java,subList
f1dc3983-5daf-40b6-8dea-a8e712cf73bb,46ea8bdb-6073-4428-9248-da3e9e211ea4,0fee9112-b5a0-418f-809e-64edae3413d3,->,f1dc3983-5daf-40b6-8dea-a8e712cf73bb,java/util/List.java,iterator
f1dc3983-5daf-40b6-8dea-a8e712cf73bb,46ea8bdb-6073-4428-9248-da3e9e211ea4,0fee9112-b5a0-418f-809e-64edae3413d3,->,f1dc3983-5daf-40b6-8dea-a8e712cf73bb,java/util/Iterator.java,hasNext
f1dc3983-5daf-40b6-8dea-a8e712cf73bb,46ea8bdb-6073-4428-9248-da3e9e211ea4,0fee9112-b5a0-418f-809e-64edae3413d3,->,f1dc3983-5daf-40b6-8dea-a8e712cf73bb,java/util/Iterator.java,next
f1dc3983-5daf-40b6-8dea-a8e712cf73bb,46ea8bdb-6073-4428-9248-da3e9e211ea4,0fee9112-b5a0-418f-809e-64edae3413d3,->,f1dc3983-5daf-40b6-8dea-a8e712cf73bb,java/lang/StringBuilder.java,append
f1dc3983-5daf-40b6-8dea-a8e712cf73bb,46ea8bdb-6073-4428-9248-da3e9e211ea4,0fee9112-b5a0-418f-809e-64edae3413d3,->,f1dc3983-5daf-40b6-8dea-a8e712cf73bb,f206751d-d458-4b7a-a4a8-72d4bc1e8a8c,3d03fe3b-9e2f-47ed-a9c1-c1f14e4288fc
f1dc3983-5daf-40b6-8dea-a8e712cf73bb,46ea8bdb-6073-4428-9248-da3e9e211ea4,0fee9112-b5a0-418f-809e-64edae3413d3,->,f1dc3983-5daf-40b6-8dea-a8e712cf73bb,java/lang/StringBuilder.java,append
f1dc3983-5daf-40b6-8dea-a8e712cf73bb,46ea8bdb-6073-4428-9248-da3e9e211ea4,0fee9112-b5a0-418f-809e-64edae3413d3,->,f1dc3983-5daf-40b6-8dea-a8e712cf73bb,java/lang/StringBuilder.java,toString
f1dc3983-5daf-40b6-8dea-a8e712cf73bb,46ea8bdb-6073-4428-9248-da3e9e211ea4,0fee9112-b5a0-418f-809e-64edae3413d3,->,f1dc3983-5daf-40b6-8dea-a8e712cf73bb,java/lang/StringBuffer.java,append
f1dc3983-5daf-40b6-8dea-a8e712cf73bb,46ea8bdb-6073-4428-9248-da3e9e211ea4,0fee9112-b5a0-418f-809e-64edae3413d3,->,f1dc3983-5daf-40b6-8dea-a8e712cf73bb,java/lang/StringBuffer.java,toString
f1dc3983-5daf-40b6-8dea-a8e712cf73bb,46ea8bdb-6073-4428-9248-da3e9e211ea4,f386fa86-95ac-4bbd-8f63-3971e561b0fa,->,f1dc3983-5daf-40b6-8dea-a8e712cf73bb,46ea8bdb-6073-4428-9248-da3e9e211ea4,b10cd8c8-1102-44e0-8f60-d2114b8ce88a
f1dc3983-5daf-40b6-8dea-a8e712cf73bb,46ea8bdb-6073-4428-9248-da3e9e211ea4,f386fa86-95ac-4bbd-8f63-3971e561b0fa,->,f1dc3983-5daf-40b6-8dea-a8e712cf73bb,java/util/Collection.java,iterator
f1dc3983-5daf-40b6-8dea-a8e712cf73bb,46ea8bdb-6073-4428-9248-da3e9e211ea4,f386fa86-95ac-4bbd-8f63-3971e561b0fa,->,f1dc3983-5daf-40b6-8dea-a8e712cf73bb,java/util/Iterator.java,hasNext
f1dc3983-5daf-40b6-8dea-a8e712cf73bb,46ea8bdb-6073-4428-9248-da3e9e211ea4,f386fa86-95ac-4bbd-8f63-3971e561b0fa,->,f1dc3983-5daf-40b6-8dea-a8e712cf73bb,java/util/Iterator.java,next
f1dc3983-5daf-40b6-8dea-a8e712cf73bb,46ea8bdb-6073-4428-9248-da3e9e211ea4,f386fa86-95ac-4bbd-8f63-3971e561b0fa,->,f1dc3983-5daf-40b6-8dea-a8e712cf73bb,2e5ebc02-f3d0-423a-95be-92767c90aca1,c33819c1-970e-4001-9634-4d1e11984a63
f1dc3983-5daf-40b6-8dea-a8e712cf73bb,46ea8bdb-6073-4428-9248-da3e9e211ea4,f386fa86-95ac-4bbd-8f63-3971e561b0fa,->,f1dc3983-5daf-40b6-8dea-a8e712cf73bb,java/util/List.java,add
f1dc3983-5daf-40b6-8dea-a8e712cf73bb,46ea8bdb-6073-4428-9248-da3e9e211ea4,f386fa86-95ac-4bbd-8f63-3971e561b0fa,->,f1dc3983-5daf-40b6-8dea-a8e712cf73bb,java/util/List.java,size
f1dc3983-5daf-40b6-8dea-a8e712cf73bb,46ea8bdb-6073-4428-9248-da3e9e211ea4,f386fa86-95ac-4bbd-8f63-3971e561b0fa,->,f1dc3983-5daf-40b6-8dea-a8e712cf73bb,java/util/List.java,get
f1dc3983-5daf-40b6-8dea-a8e712cf73bb,46ea8bdb-6073-4428-9248-da3e9e211ea4,f386fa86-95ac-4bbd-8f63-3971e561b0fa,->,f1dc3983-5daf-40b6-8dea-a8e712cf73bb,2e5ebc02-f3d0-423a-95be-92767c90aca1,d9101dae-b588-4be7-ac20-55d0c28ebeaa
f1dc3983-5daf-40b6-8dea-a8e712cf73bb,46ea8bdb-6073-4428-9248-da3e9e211ea4,f386fa86-95ac-4bbd-8f63-3971e561b0fa,->,f1dc3983-5daf-40b6-8dea-a8e712cf73bb,java/lang/String.java,trim
f1dc3983-5daf-40b6-8dea-a8e712cf73bb,46ea8bdb-6073-4428-9248-da3e9e211ea4,f386fa86-95ac-4bbd-8f63-3971e561b0fa,->,f1dc3983-5daf-40b6-8dea-a8e712cf73bb,java/lang/String.java,length
f1dc3983-5daf-40b6-8dea-a8e712cf73bb,46ea8bdb-6073-4428-9248-da3e9e211ea4,f386fa86-95ac-4bbd-8f63-3971e561b0fa,->,f1dc3983-5daf-40b6-8dea-a8e712cf73bb,java/util/List.java,get
f1dc3983-5daf-40b6-8dea-a8e712cf73bb,46ea8bdb-6073-4428-9248-da3e9e211ea4,f386fa86-95ac-4bbd-8f63-3971e561b0fa,->,f1dc3983-5daf-40b6-8dea-a8e712cf73bb,2e5ebc02-f3d0-423a-95be-92767c90aca1,d9101dae-b588-4be7-ac20-55d0c28ebeaa
f1dc3983-5daf-40b6-8dea-a8e712cf73bb,46ea8bdb-6073-4428-9248-da3e9e211ea4,f386fa86-95ac-4bbd-8f63-3971e561b0fa,->,f1dc3983-5daf-40b6-8dea-a8e712cf73bb,java/util/List.java,get
f1dc3983-5daf-40b6-8dea-a8e712cf73bb,46ea8bdb-6073-4428-9248-da3e9e211ea4,f386fa86-95ac-4bbd-8f63-3971e561b0fa,->,f1dc3983-5daf-40b6-8dea-a8e712cf73bb,2e5ebc02-f3d0-423a-95be-92767c90aca1,d9101dae-b588-4be7-ac20-55d0c28ebeaa
f1dc3983-5daf-40b6-8dea-a8e712cf73bb,46ea8bdb-6073-4428-9248-da3e9e211ea4,f386fa86-95ac-4bbd-8f63-3971e561b0fa,->,f1dc3983-5daf-40b6-8dea-a8e712cf73bb,java/util/List.java,size
f1dc3983-5daf-40b6-8dea-a8e712cf73bb,46ea8bdb-6073-4428-9248-da3e9e211ea4,f386fa86-95ac-4bbd-8f63-3971e561b0fa,->,f1dc3983-5daf-40b6-8dea-a8e712cf73bb,java/util/List.java,subList
f1dc3983-5daf-40b6-8dea-a8e712cf73bb,46ea8bdb-6073-4428-9248-da3e9e211ea4,f386fa86-95ac-4bbd-8f63-3971e561b0fa,->,f1dc3983-5daf-40b6-8dea-a8e712cf73bb,java/util/List.java,iterator
f1dc3983-5daf-40b6-8dea-a8e712cf73bb,46ea8bdb-6073-4428-9248-da3e9e211ea4,f386fa86-95ac-4bbd-8f63-3971e561b0fa,->,f1dc3983-5daf-40b6-8dea-a8e712cf73bb,java/util/Iterator.java,hasNext
f1dc3983-5daf-40b6-8dea-a8e712cf73bb,46ea8bdb-6073-4428-9248-da3e9e211ea4,f386fa86-95ac-4bbd-8f63-3971e561b0fa,->,f1dc3983-5daf-40b6-8dea-a8e712cf73bb,java/util/Iterator.java,next
f1dc3983-5daf-40b6-8dea-a8e712cf73bb,46ea8bdb-6073-4428-9248-da3e9e211ea4,f386fa86-95ac-4bbd-8f63-3971e561b0fa,->,f1dc3983-5daf-40b6-8dea-a8e712cf73bb,java/lang/StringBuilder.java,append
f1dc3983-5daf-40b6-8dea-a8e712cf73bb,46ea8bdb-6073-4428-9248-da3e9e211ea4,f386fa86-95ac-4bbd-8f63-3971e561b0fa,->,f1dc3983-5daf-40b6-8dea-a8e712cf73bb,2e5ebc02-f3d0-423a-95be-92767c90aca1,d9101dae-b588-4be7-ac20-55d0c28ebeaa
f1dc3983-5daf-40b6-8dea-a8e712cf73bb,46ea8bdb-6073-4428-9248-da3e9e211ea4,f386fa86-95ac-4bbd-8f63-3971e561b0fa,->,f1dc3983-5daf-40b6-8dea-a8e712cf73bb,java/lang/StringBuilder.java,append
f1dc3983-5daf-40b6-8dea-a8e712cf73bb,46ea8bdb-6073-4428-9248-da3e9e211ea4,f386fa86-95ac-4bbd-8f63-3971e561b0fa,->,f1dc3983-5daf-40b6-8dea-a8e712cf73bb,java/lang/StringBuilder.java,toString
f1dc3983-5daf-40b6-8dea-a8e712cf73bb,46ea8bdb-6073-4428-9248-da3e9e211ea4,f386fa86-95ac-4bbd-8f63-3971e561b0fa,->,f1dc3983-5daf-40b6-8dea-a8e712cf73bb,java/lang/StringBuffer.java,append
f1dc3983-5daf-40b6-8dea-a8e712cf73bb,46ea8bdb-6073-4428-9248-da3e9e211ea4,f386fa86-95ac-4bbd-8f63-3971e561b0fa,->,f1dc3983-5daf-40b6-8dea-a8e712cf73bb,java/lang/StringBuffer.java,toString
f1dc3983-5daf-40b6-8dea-a8e712cf73bb,46ea8bdb-6073-4428-9248-da3e9e211ea4,f386fa86-95ac-4bbd-8f63-3971e561b0fa,->,f1dc3983-5daf-40b6-8dea-a8e712cf73bb,java/lang/String.java,trim
f1dc3983-5daf-40b6-8dea-a8e712cf73bb,46ea8bdb-6073-4428-9248-da3e9e211ea4,f386fa86-95ac-4bbd-8f63-3971e561b0fa,->,f1dc3983-5daf-40b6-8dea-a8e712cf73bb,java/lang/String.java,length
f1dc3983-5daf-40b6-8dea-a8e712cf73bb,46ea8bdb-6073-4428-9248-da3e9e211ea4,f386fa86-95ac-4bbd-8f63-3971e561b0fa,->,f1dc3983-5daf-40b6-8dea-a8e712cf73bb,java/lang/StringBuffer.java,toString
f1dc3983-5daf-40b6-8dea-a8e712cf73bb,46ea8bdb-6073-4428-9248-da3e9e211ea4,2fdcf8b1-00c4-40a7-a463-c1c6e5202fd6,->,f1dc3983-5daf-40b6-8dea-a8e712cf73bb,495a24b3-509f-446a-880a-5e23a89bf661,568d3271-607e-465a-8d62-10d708196047
f1dc3983-5daf-40b6-8dea-a8e712cf73bb,46ea8bdb-6073-4428-9248-da3e9e211ea4,ed6ecf11-a3a8-44b8-a659-2113e42c0e55,->,f1dc3983-5daf-40b6-8dea-a8e712cf73bb,46ea8bdb-6073-4428-9248-da3e9e211ea4,23280cb6-2bab-445c-9efb-0eef1b3200dd
f1dc3983-5daf-40b6-8dea-a8e712cf73bb,46ea8bdb-6073-4428-9248-da3e9e211ea4,ed6ecf11-a3a8-44b8-a659-2113e42c0e55,->,f1dc3983-5daf-40b6-8dea-a8e712cf73bb,java/util/Collection.java,iterator
f1dc3983-5daf-40b6-8dea-a8e712cf73bb,46ea8bdb-6073-4428-9248-da3e9e211ea4,ed6ecf11-a3a8-44b8-a659-2113e42c0e55,->,f1dc3983-5daf-40b6-8dea-a8e712cf73bb,java/util/Iterator.java,hasNext
f1dc3983-5daf-40b6-8dea-a8e712cf73bb,46ea8bdb-6073-4428-9248-da3e9e211ea4,ed6ecf11-a3a8-44b8-a659-2113e42c0e55,->,f1dc3983-5daf-40b6-8dea-a8e712cf73bb,java/util/Iterator.java,next
f1dc3983-5daf-40b6-8dea-a8e712cf73bb,46ea8bdb-6073-4428-9248-da3e9e211ea4,ed6ecf11-a3a8-44b8-a659-2113e42c0e55,->,f1dc3983-5daf-40b6-8dea-a8e712cf73bb,java/lang/StringBuilder.java,append
f1dc3983-5daf-40b6-8dea-a8e712cf73bb,46ea8bdb-6073-4428-9248-da3e9e211ea4,ed6ecf11-a3a8-44b8-a659-2113e42c0e55,->,f1dc3983-5daf-40b6-8dea-a8e712cf73bb,java/lang/StringBuilder.java,append
f1dc3983-5daf-40b6-8dea-a8e712cf73bb,46ea8bdb-6073-4428-9248-da3e9e211ea4,ed6ecf11-a3a8-44b8-a659-2113e42c0e55,->,f1dc3983-5daf-40b6-8dea-a8e712cf73bb,java/lang/StringBuilder.java,toString
f1dc3983-5daf-40b6-8dea-a8e712cf73bb,46ea8bdb-6073-4428-9248-da3e9e211ea4,ed6ecf11-a3a8-44b8-a659-2113e42c0e55,->,f1dc3983-5daf-40b6-8dea-a8e712cf73bb,java/lang/StringBuffer.java,append
f1dc3983-5daf-40b6-8dea-a8e712cf73bb,46ea8bdb-6073-4428-9248-da3e9e211ea4,ed6ecf11-a3a8-44b8-a659-2113e42c0e55,->,f1dc3983-5daf-40b6-8dea-a8e712cf73bb,java/lang/StringBuffer.java,length
f1dc3983-5daf-40b6-8dea-a8e712cf73bb,46ea8bdb-6073-4428-9248-da3e9e211ea4,ed6ecf11-a3a8-44b8-a659-2113e42c0e55,->,f1dc3983-5daf-40b6-8dea-a8e712cf73bb,java/lang/StringBuffer.java,length
f1dc3983-5daf-40b6-8dea-a8e712cf73bb,46ea8bdb-6073-4428-9248-da3e9e211ea4,ed6ecf11-a3a8-44b8-a659-2113e42c0e55,->,f1dc3983-5daf-40b6-8dea-a8e712cf73bb,java/lang/StringBuffer.java,substring
f1dc3983-5daf-40b6-8dea-a8e712cf73bb,46ea8bdb-6073-4428-9248-da3e9e211ea4,571af7d4-b576-4b58-ba45-81c089ddefd0,->,f1dc3983-5daf-40b6-8dea-a8e712cf73bb,java/util/Collection.java,size
f1dc3983-5daf-40b6-8dea-a8e712cf73bb,46ea8bdb-6073-4428-9248-da3e9e211ea4,571af7d4-b576-4b58-ba45-81c089ddefd0,->,f1dc3983-5daf-40b6-8dea-a8e712cf73bb,42b060b8-8069-4ce2-b697-af4348e810da,9db7681e-b6da-43b8-a39b-41ccc0a749a4
f1dc3983-5daf-40b6-8dea-a8e712cf73bb,46ea8bdb-6073-4428-9248-da3e9e211ea4,571af7d4-b576-4b58-ba45-81c089ddefd0,->,f1dc3983-5daf-40b6-8dea-a8e712cf73bb,42b060b8-8069-4ce2-b697-af4348e810da,79c04a3c-b81a-4643-9207-a28f0b88ac6d
f1dc3983-5daf-40b6-8dea-a8e712cf73bb,46ea8bdb-6073-4428-9248-da3e9e211ea4,5202dbbf-b45c-4a77-9451-56844bba45b6,->,f1dc3983-5daf-40b6-8dea-a8e712cf73bb,101edd0f-55ef-4ae1-9d2b-0a8f56aac357,814d6b97-1431-411c-bd91-ad456054ea58
f1dc3983-5daf-40b6-8dea-a8e712cf73bb,46ea8bdb-6073-4428-9248-da3e9e211ea4,23280cb6-2bab-445c-9efb-0eef1b3200dd,->,f1dc3983-5daf-40b6-8dea-a8e712cf73bb,java/util/Collection.java,iterator
f1dc3983-5daf-40b6-8dea-a8e712cf73bb,46ea8bdb-6073-4428-9248-da3e9e211ea4,23280cb6-2bab-445c-9efb-0eef1b3200dd,->,f1dc3983-5daf-40b6-8dea-a8e712cf73bb,java/util/Iterator.java,hasNext
f1dc3983-5daf-40b6-8dea-a8e712cf73bb,46ea8bdb-6073-4428-9248-da3e9e211ea4,23280cb6-2bab-445c-9efb-0eef1b3200dd,->,f1dc3983-5daf-40b6-8dea-a8e712cf73bb,java/util/Iterator.java,next
f1dc3983-5daf-40b6-8dea-a8e712cf73bb,46ea8bdb-6073-4428-9248-da3e9e211ea4,23280cb6-2bab-445c-9efb-0eef1b3200dd,->,f1dc3983-5daf-40b6-8dea-a8e712cf73bb,2e5ebc02-f3d0-423a-95be-92767c90aca1,0bb1b53f-6623-498e-a78a-36c548301bb7
f1dc3983-5daf-40b6-8dea-a8e712cf73bb,46ea8bdb-6073-4428-9248-da3e9e211ea4,23280cb6-2bab-445c-9efb-0eef1b3200dd,->,f1dc3983-5daf-40b6-8dea-a8e712cf73bb,java/util/Collection.java,iterator
f1dc3983-5daf-40b6-8dea-a8e712cf73bb,46ea8bdb-6073-4428-9248-da3e9e211ea4,23280cb6-2bab-445c-9efb-0eef1b3200dd,->,f1dc3983-5daf-40b6-8dea-a8e712cf73bb,java/util/Iterator.java,hasNext
f1dc3983-5daf-40b6-8dea-a8e712cf73bb,46ea8bdb-6073-4428-9248-da3e9e211ea4,23280cb6-2bab-445c-9efb-0eef1b3200dd,->,f1dc3983-5daf-40b6-8dea-a8e712cf73bb,java/util/Iterator.java,next
f1dc3983-5daf-40b6-8dea-a8e712cf73bb,46ea8bdb-6073-4428-9248-da3e9e211ea4,23280cb6-2bab-445c-9efb-0eef1b3200dd,->,f1dc3983-5daf-40b6-8dea-a8e712cf73bb,7111fdad-32ae-44ce-aecb-8a1afef85fc1,36a98832-47d1-4ed4-a704-6adeec721756
f1dc3983-5daf-40b6-8dea-a8e712cf73bb,46ea8bdb-6073-4428-9248-da3e9e211ea4,23280cb6-2bab-445c-9efb-0eef1b3200dd,->,f1dc3983-5daf-40b6-8dea-a8e712cf73bb,f206751d-d458-4b7a-a4a8-72d4bc1e8a8c,8f15257a-8957-4dfb-8dfd-cdb2150c10d8
f1dc3983-5daf-40b6-8dea-a8e712cf73bb,46ea8bdb-6073-4428-9248-da3e9e211ea4,23280cb6-2bab-445c-9efb-0eef1b3200dd,->,f1dc3983-5daf-40b6-8dea-a8e712cf73bb,java/util/Map.java,containsKey
f1dc3983-5daf-40b6-8dea-a8e712cf73bb,46ea8bdb-6073-4428-9248-da3e9e211ea4,23280cb6-2bab-445c-9efb-0eef1b3200dd,->,f1dc3983-5daf-40b6-8dea-a8e712cf73bb,java/util/Map.java,get
f1dc3983-5daf-40b6-8dea-a8e712cf73bb,46ea8bdb-6073-4428-9248-da3e9e211ea4,23280cb6-2bab-445c-9efb-0eef1b3200dd,->,f1dc3983-5daf-40b6-8dea-a8e712cf73bb,java/lang/Integer.java,intValue
f1dc3983-5daf-40b6-8dea-a8e712cf73bb,46ea8bdb-6073-4428-9248-da3e9e211ea4,23280cb6-2bab-445c-9efb-0eef1b3200dd,->,f1dc3983-5daf-40b6-8dea-a8e712cf73bb,java/lang/Integer.java,valueOf
f1dc3983-5daf-40b6-8dea-a8e712cf73bb,46ea8bdb-6073-4428-9248-da3e9e211ea4,23280cb6-2bab-445c-9efb-0eef1b3200dd,->,f1dc3983-5daf-40b6-8dea-a8e712cf73bb,java/lang/Integer.java,valueOf
f1dc3983-5daf-40b6-8dea-a8e712cf73bb,46ea8bdb-6073-4428-9248-da3e9e211ea4,23280cb6-2bab-445c-9efb-0eef1b3200dd,->,f1dc3983-5daf-40b6-8dea-a8e712cf73bb,java/util/Map.java,put
f1dc3983-5daf-40b6-8dea-a8e712cf73bb,46ea8bdb-6073-4428-9248-da3e9e211ea4,23280cb6-2bab-445c-9efb-0eef1b3200dd,->,f1dc3983-5daf-40b6-8dea-a8e712cf73bb,java/util/Map.java,entrySet
f1dc3983-5daf-40b6-8dea-a8e712cf73bb,46ea8bdb-6073-4428-9248-da3e9e211ea4,23280cb6-2bab-445c-9efb-0eef1b3200dd,->,f1dc3983-5daf-40b6-8dea-a8e712cf73bb,java/util/Set.java,iterator
f1dc3983-5daf-40b6-8dea-a8e712cf73bb,46ea8bdb-6073-4428-9248-da3e9e211ea4,23280cb6-2bab-445c-9efb-0eef1b3200dd,->,f1dc3983-5daf-40b6-8dea-a8e712cf73bb,java/util/Iterator.java,hasNext
f1dc3983-5daf-40b6-8dea-a8e712cf73bb,46ea8bdb-6073-4428-9248-da3e9e211ea4,23280cb6-2bab-445c-9efb-0eef1b3200dd,->,f1dc3983-5daf-40b6-8dea-a8e712cf73bb,java/util/Iterator.java,next
f1dc3983-5daf-40b6-8dea-a8e712cf73bb,46ea8bdb-6073-4428-9248-da3e9e211ea4,23280cb6-2bab-445c-9efb-0eef1b3200dd,->,f1dc3983-5daf-40b6-8dea-a8e712cf73bb,java/util/Map$Entry.java,getValue
f1dc3983-5daf-40b6-8dea-a8e712cf73bb,46ea8bdb-6073-4428-9248-da3e9e211ea4,23280cb6-2bab-445c-9efb-0eef1b3200dd,->,f1dc3983-5daf-40b6-8dea-a8e712cf73bb,java/lang/Integer.java,doubleValue
f1dc3983-5daf-40b6-8dea-a8e712cf73bb,46ea8bdb-6073-4428-9248-da3e9e211ea4,23280cb6-2bab-445c-9efb-0eef1b3200dd,->,f1dc3983-5daf-40b6-8dea-a8e712cf73bb,java/util/Collection.java,size
f1dc3983-5daf-40b6-8dea-a8e712cf73bb,46ea8bdb-6073-4428-9248-da3e9e211ea4,23280cb6-2bab-445c-9efb-0eef1b3200dd,->,f1dc3983-5daf-40b6-8dea-a8e712cf73bb,java/util/Map$Entry.java,getKey
f1dc3983-5daf-40b6-8dea-a8e712cf73bb,46ea8bdb-6073-4428-9248-da3e9e211ea4,23280cb6-2bab-445c-9efb-0eef1b3200dd,->,f1dc3983-5daf-40b6-8dea-a8e712cf73bb,java/util/Collection.java,add
f1dc3983-5daf-40b6-8dea-a8e712cf73bb,46ea8bdb-6073-4428-9248-da3e9e211ea4,23280cb6-2bab-445c-9efb-0eef1b3200dd,->,f1dc3983-5daf-40b6-8dea-a8e712cf73bb,java/lang/StringBuilder.java,append
f1dc3983-5daf-40b6-8dea-a8e712cf73bb,46ea8bdb-6073-4428-9248-da3e9e211ea4,23280cb6-2bab-445c-9efb-0eef1b3200dd,->,f1dc3983-5daf-40b6-8dea-a8e712cf73bb,java/lang/StringBuilder.java,append
f1dc3983-5daf-40b6-8dea-a8e712cf73bb,46ea8bdb-6073-4428-9248-da3e9e211ea4,23280cb6-2bab-445c-9efb-0eef1b3200dd,->,f1dc3983-5daf-40b6-8dea-a8e712cf73bb,java/lang/StringBuilder.java,toString
f1dc3983-5daf-40b6-8dea-a8e712cf73bb,46ea8bdb-6073-4428-9248-da3e9e211ea4,23280cb6-2bab-445c-9efb-0eef1b3200dd,->,f1dc3983-5daf-40b6-8dea-a8e712cf73bb,java/io/PrintStream.java,println
f1dc3983-5daf-40b6-8dea-a8e712cf73bb,46ea8bdb-6073-4428-9248-da3e9e211ea4,ffadb2f5-11cd-409d-877a-62da2e955782,->,f1dc3983-5daf-40b6-8dea-a8e712cf73bb,java/util/Collection.java,iterator
f1dc3983-5daf-40b6-8dea-a8e712cf73bb,46ea8bdb-6073-4428-9248-da3e9e211ea4,ffadb2f5-11cd-409d-877a-62da2e955782,->,f1dc3983-5daf-40b6-8dea-a8e712cf73bb,java/util/Iterator.java,hasNext
f1dc3983-5daf-40b6-8dea-a8e712cf73bb,46ea8bdb-6073-4428-9248-da3e9e211ea4,ffadb2f5-11cd-409d-877a-62da2e955782,->,f1dc3983-5daf-40b6-8dea-a8e712cf73bb,java/util/Iterator.java,next
f1dc3983-5daf-40b6-8dea-a8e712cf73bb,46ea8bdb-6073-4428-9248-da3e9e211ea4,ffadb2f5-11cd-409d-877a-62da2e955782,->,f1dc3983-5daf-40b6-8dea-a8e712cf73bb,2e5ebc02-f3d0-423a-95be-92767c90aca1,0bb1b53f-6623-498e-a78a-36c548301bb7
f1dc3983-5daf-40b6-8dea-a8e712cf73bb,46ea8bdb-6073-4428-9248-da3e9e211ea4,ffadb2f5-11cd-409d-877a-62da2e955782,->,f1dc3983-5daf-40b6-8dea-a8e712cf73bb,java/util/Collection.java,iterator
f1dc3983-5daf-40b6-8dea-a8e712cf73bb,46ea8bdb-6073-4428-9248-da3e9e211ea4,ffadb2f5-11cd-409d-877a-62da2e955782,->,f1dc3983-5daf-40b6-8dea-a8e712cf73bb,java/util/Iterator.java,hasNext
f1dc3983-5daf-40b6-8dea-a8e712cf73bb,46ea8bdb-6073-4428-9248-da3e9e211ea4,ffadb2f5-11cd-409d-877a-62da2e955782,->,f1dc3983-5daf-40b6-8dea-a8e712cf73bb,java/util/Iterator.java,next
f1dc3983-5daf-40b6-8dea-a8e712cf73bb,46ea8bdb-6073-4428-9248-da3e9e211ea4,ffadb2f5-11cd-409d-877a-62da2e955782,->,f1dc3983-5daf-40b6-8dea-a8e712cf73bb,7111fdad-32ae-44ce-aecb-8a1afef85fc1,36a98832-47d1-4ed4-a704-6adeec721756
f1dc3983-5daf-40b6-8dea-a8e712cf73bb,46ea8bdb-6073-4428-9248-da3e9e211ea4,ffadb2f5-11cd-409d-877a-62da2e955782,->,f1dc3983-5daf-40b6-8dea-a8e712cf73bb,f206751d-d458-4b7a-a4a8-72d4bc1e8a8c,8f15257a-8957-4dfb-8dfd-cdb2150c10d8
f1dc3983-5daf-40b6-8dea-a8e712cf73bb,46ea8bdb-6073-4428-9248-da3e9e211ea4,ffadb2f5-11cd-409d-877a-62da2e955782,->,f1dc3983-5daf-40b6-8dea-a8e712cf73bb,java/util/Map.java,containsKey
f1dc3983-5daf-40b6-8dea-a8e712cf73bb,46ea8bdb-6073-4428-9248-da3e9e211ea4,ffadb2f5-11cd-409d-877a-62da2e955782,->,f1dc3983-5daf-40b6-8dea-a8e712cf73bb,java/util/Map.java,get
f1dc3983-5daf-40b6-8dea-a8e712cf73bb,46ea8bdb-6073-4428-9248-da3e9e211ea4,ffadb2f5-11cd-409d-877a-62da2e955782,->,f1dc3983-5daf-40b6-8dea-a8e712cf73bb,java/lang/Integer.java,intValue
f1dc3983-5daf-40b6-8dea-a8e712cf73bb,46ea8bdb-6073-4428-9248-da3e9e211ea4,ffadb2f5-11cd-409d-877a-62da2e955782,->,f1dc3983-5daf-40b6-8dea-a8e712cf73bb,java/lang/Integer.java,valueOf
f1dc3983-5daf-40b6-8dea-a8e712cf73bb,46ea8bdb-6073-4428-9248-da3e9e211ea4,ffadb2f5-11cd-409d-877a-62da2e955782,->,f1dc3983-5daf-40b6-8dea-a8e712cf73bb,java/lang/Integer.java,valueOf
f1dc3983-5daf-40b6-8dea-a8e712cf73bb,46ea8bdb-6073-4428-9248-da3e9e211ea4,ffadb2f5-11cd-409d-877a-62da2e955782,->,f1dc3983-5daf-40b6-8dea-a8e712cf73bb,java/util/Map.java,put
f1dc3983-5daf-40b6-8dea-a8e712cf73bb,46ea8bdb-6073-4428-9248-da3e9e211ea4,ffadb2f5-11cd-409d-877a-62da2e955782,->,f1dc3983-5daf-40b6-8dea-a8e712cf73bb,java/util/Map.java,entrySet
f1dc3983-5daf-40b6-8dea-a8e712cf73bb,46ea8bdb-6073-4428-9248-da3e9e211ea4,ffadb2f5-11cd-409d-877a-62da2e955782,->,f1dc3983-5daf-40b6-8dea-a8e712cf73bb,java/util/Set.java,iterator
f1dc3983-5daf-40b6-8dea-a8e712cf73bb,46ea8bdb-6073-4428-9248-da3e9e211ea4,ffadb2f5-11cd-409d-877a-62da2e955782,->,f1dc3983-5daf-40b6-8dea-a8e712cf73bb,java/util/Iterator.java,hasNext
f1dc3983-5daf-40b6-8dea-a8e712cf73bb,46ea8bdb-6073-4428-9248-da3e9e211ea4,ffadb2f5-11cd-409d-877a-62da2e955782,->,f1dc3983-5daf-40b6-8dea-a8e712cf73bb,java/util/Iterator.java,next
f1dc3983-5daf-40b6-8dea-a8e712cf73bb,46ea8bdb-6073-4428-9248-da3e9e211ea4,ffadb2f5-11cd-409d-877a-62da2e955782,->,f1dc3983-5daf-40b6-8dea-a8e712cf73bb,java/util/Map$Entry.java,getValue
f1dc3983-5daf-40b6-8dea-a8e712cf73bb,46ea8bdb-6073-4428-9248-da3e9e211ea4,ffadb2f5-11cd-409d-877a-62da2e955782,->,f1dc3983-5daf-40b6-8dea-a8e712cf73bb,java/lang/Integer.java,doubleValue
f1dc3983-5daf-40b6-8dea-a8e712cf73bb,46ea8bdb-6073-4428-9248-da3e9e211ea4,ffadb2f5-11cd-409d-877a-62da2e955782,->,f1dc3983-5daf-40b6-8dea-a8e712cf73bb,java/util/Collection.java,size
f1dc3983-5daf-40b6-8dea-a8e712cf73bb,46ea8bdb-6073-4428-9248-da3e9e211ea4,ffadb2f5-11cd-409d-877a-62da2e955782,->,f1dc3983-5daf-40b6-8dea-a8e712cf73bb,java/util/Map$Entry.java,getKey
f1dc3983-5daf-40b6-8dea-a8e712cf73bb,46ea8bdb-6073-4428-9248-da3e9e211ea4,ffadb2f5-11cd-409d-877a-62da2e955782,->,f1dc3983-5daf-40b6-8dea-a8e712cf73bb,java/util/Collection.java,add
f1dc3983-5daf-40b6-8dea-a8e712cf73bb,46ea8bdb-6073-4428-9248-da3e9e211ea4,3ef2b01d-de8a-4d80-804b-150b8772bb23,->,f1dc3983-5daf-40b6-8dea-a8e712cf73bb,46ea8bdb-6073-4428-9248-da3e9e211ea4,b10cd8c8-1102-44e0-8f60-d2114b8ce88a
f1dc3983-5daf-40b6-8dea-a8e712cf73bb,46ea8bdb-6073-4428-9248-da3e9e211ea4,3ef2b01d-de8a-4d80-804b-150b8772bb23,->,f1dc3983-5daf-40b6-8dea-a8e712cf73bb,java/util/Collection.java,iterator
f1dc3983-5daf-40b6-8dea-a8e712cf73bb,46ea8bdb-6073-4428-9248-da3e9e211ea4,3ef2b01d-de8a-4d80-804b-150b8772bb23,->,f1dc3983-5daf-40b6-8dea-a8e712cf73bb,java/util/Iterator.java,hasNext
f1dc3983-5daf-40b6-8dea-a8e712cf73bb,46ea8bdb-6073-4428-9248-da3e9e211ea4,3ef2b01d-de8a-4d80-804b-150b8772bb23,->,f1dc3983-5daf-40b6-8dea-a8e712cf73bb,java/util/Iterator.java,next
f1dc3983-5daf-40b6-8dea-a8e712cf73bb,46ea8bdb-6073-4428-9248-da3e9e211ea4,3ef2b01d-de8a-4d80-804b-150b8772bb23,->,f1dc3983-5daf-40b6-8dea-a8e712cf73bb,2e5ebc02-f3d0-423a-95be-92767c90aca1,c33819c1-970e-4001-9634-4d1e11984a63
f1dc3983-5daf-40b6-8dea-a8e712cf73bb,46ea8bdb-6073-4428-9248-da3e9e211ea4,3ef2b01d-de8a-4d80-804b-150b8772bb23,->,f1dc3983-5daf-40b6-8dea-a8e712cf73bb,java/lang/Math.java,max
f1dc3983-5daf-40b6-8dea-a8e712cf73bb,46ea8bdb-6073-4428-9248-da3e9e211ea4,a1c46b69-45ef-4b32-9201-2ef4fe12b9dc,->,f1dc3983-5daf-40b6-8dea-a8e712cf73bb,46ea8bdb-6073-4428-9248-da3e9e211ea4,23280cb6-2bab-445c-9efb-0eef1b3200dd
f1dc3983-5daf-40b6-8dea-a8e712cf73bb,46ea8bdb-6073-4428-9248-da3e9e211ea4,a1c46b69-45ef-4b32-9201-2ef4fe12b9dc,->,f1dc3983-5daf-40b6-8dea-a8e712cf73bb,java/util/Collection.java,iterator
f1dc3983-5daf-40b6-8dea-a8e712cf73bb,46ea8bdb-6073-4428-9248-da3e9e211ea4,a1c46b69-45ef-4b32-9201-2ef4fe12b9dc,->,f1dc3983-5daf-40b6-8dea-a8e712cf73bb,java/util/Iterator.java,hasNext
f1dc3983-5daf-40b6-8dea-a8e712cf73bb,46ea8bdb-6073-4428-9248-da3e9e211ea4,a1c46b69-45ef-4b32-9201-2ef4fe12b9dc,->,f1dc3983-5daf-40b6-8dea-a8e712cf73bb,java/util/Iterator.java,next
f1dc3983-5daf-40b6-8dea-a8e712cf73bb,46ea8bdb-6073-4428-9248-da3e9e211ea4,a1c46b69-45ef-4b32-9201-2ef4fe12b9dc,->,f1dc3983-5daf-40b6-8dea-a8e712cf73bb,java/lang/StringBuilder.java,append
f1dc3983-5daf-40b6-8dea-a8e712cf73bb,46ea8bdb-6073-4428-9248-da3e9e211ea4,a1c46b69-45ef-4b32-9201-2ef4fe12b9dc,->,f1dc3983-5daf-40b6-8dea-a8e712cf73bb,java/lang/StringBuilder.java,append
f1dc3983-5daf-40b6-8dea-a8e712cf73bb,46ea8bdb-6073-4428-9248-da3e9e211ea4,a1c46b69-45ef-4b32-9201-2ef4fe12b9dc,->,f1dc3983-5daf-40b6-8dea-a8e712cf73bb,java/lang/StringBuilder.java,toString
f1dc3983-5daf-40b6-8dea-a8e712cf73bb,46ea8bdb-6073-4428-9248-da3e9e211ea4,a1c46b69-45ef-4b32-9201-2ef4fe12b9dc,->,f1dc3983-5daf-40b6-8dea-a8e712cf73bb,java/lang/StringBuffer.java,append
f1dc3983-5daf-40b6-8dea-a8e712cf73bb,46ea8bdb-6073-4428-9248-da3e9e211ea4,a1c46b69-45ef-4b32-9201-2ef4fe12b9dc,->,f1dc3983-5daf-40b6-8dea-a8e712cf73bb,java/lang/StringBuffer.java,length
f1dc3983-5daf-40b6-8dea-a8e712cf73bb,46ea8bdb-6073-4428-9248-da3e9e211ea4,a1c46b69-45ef-4b32-9201-2ef4fe12b9dc,->,f1dc3983-5daf-40b6-8dea-a8e712cf73bb,java/lang/StringBuffer.java,length
f1dc3983-5daf-40b6-8dea-a8e712cf73bb,46ea8bdb-6073-4428-9248-da3e9e211ea4,a1c46b69-45ef-4b32-9201-2ef4fe12b9dc,->,f1dc3983-5daf-40b6-8dea-a8e712cf73bb,java/lang/StringBuffer.java,substring
f1dc3983-5daf-40b6-8dea-a8e712cf73bb,46ea8bdb-6073-4428-9248-da3e9e211ea4,ca7c7730-790c-41bb-a9af-fae44a9f312c,->,f1dc3983-5daf-40b6-8dea-a8e712cf73bb,46ea8bdb-6073-4428-9248-da3e9e211ea4,adf0fa5a-d7ea-4e44-9198-5ef9f2dc8c84
f1dc3983-5daf-40b6-8dea-a8e712cf73bb,46ea8bdb-6073-4428-9248-da3e9e211ea4,ca7c7730-790c-41bb-a9af-fae44a9f312c,->,f1dc3983-5daf-40b6-8dea-a8e712cf73bb,99d9e32d-3617-4d0f-9d2f-21ca6442d165,67b3882d-cf90-4793-a1cc-f9d09bfdd818
f1dc3983-5daf-40b6-8dea-a8e712cf73bb,46ea8bdb-6073-4428-9248-da3e9e211ea4,ca7c7730-790c-41bb-a9af-fae44a9f312c,->,f1dc3983-5daf-40b6-8dea-a8e712cf73bb,java/lang/String.java,equals
f1dc3983-5daf-40b6-8dea-a8e712cf73bb,46ea8bdb-6073-4428-9248-da3e9e211ea4,ca7c7730-790c-41bb-a9af-fae44a9f312c,->,f1dc3983-5daf-40b6-8dea-a8e712cf73bb,46ea8bdb-6073-4428-9248-da3e9e211ea4,1ab375eb-6d78-474f-a77e-537456340dba
f1dc3983-5daf-40b6-8dea-a8e712cf73bb,46ea8bdb-6073-4428-9248-da3e9e211ea4,ca7c7730-790c-41bb-a9af-fae44a9f312c,->,f1dc3983-5daf-40b6-8dea-a8e712cf73bb,42b060b8-8069-4ce2-b697-af4348e810da,9db7681e-b6da-43b8-a39b-41ccc0a749a4
f1dc3983-5daf-40b6-8dea-a8e712cf73bb,46ea8bdb-6073-4428-9248-da3e9e211ea4,ca7c7730-790c-41bb-a9af-fae44a9f312c,->,f1dc3983-5daf-40b6-8dea-a8e712cf73bb,46ea8bdb-6073-4428-9248-da3e9e211ea4,1ab375eb-6d78-474f-a77e-537456340dba
f1dc3983-5daf-40b6-8dea-a8e712cf73bb,46ea8bdb-6073-4428-9248-da3e9e211ea4,ca7c7730-790c-41bb-a9af-fae44a9f312c,->,f1dc3983-5daf-40b6-8dea-a8e712cf73bb,42b060b8-8069-4ce2-b697-af4348e810da,9fe223bf-1976-4938-815d-5462fdea25d5
f1dc3983-5daf-40b6-8dea-a8e712cf73bb,46ea8bdb-6073-4428-9248-da3e9e211ea4,ca7c7730-790c-41bb-a9af-fae44a9f312c,->,f1dc3983-5daf-40b6-8dea-a8e712cf73bb,java/util/List.java,iterator
f1dc3983-5daf-40b6-8dea-a8e712cf73bb,46ea8bdb-6073-4428-9248-da3e9e211ea4,ca7c7730-790c-41bb-a9af-fae44a9f312c,->,f1dc3983-5daf-40b6-8dea-a8e712cf73bb,java/util/Iterator.java,hasNext
f1dc3983-5daf-40b6-8dea-a8e712cf73bb,46ea8bdb-6073-4428-9248-da3e9e211ea4,ca7c7730-790c-41bb-a9af-fae44a9f312c,->,f1dc3983-5daf-40b6-8dea-a8e712cf73bb,java/util/Iterator.java,next
f1dc3983-5daf-40b6-8dea-a8e712cf73bb,46ea8bdb-6073-4428-9248-da3e9e211ea4,ca7c7730-790c-41bb-a9af-fae44a9f312c,->,f1dc3983-5daf-40b6-8dea-a8e712cf73bb,46ea8bdb-6073-4428-9248-da3e9e211ea4,adf0fa5a-d7ea-4e44-9198-5ef9f2dc8c84
f1dc3983-5daf-40b6-8dea-a8e712cf73bb,46ea8bdb-6073-4428-9248-da3e9e211ea4,ca7c7730-790c-41bb-a9af-fae44a9f312c,->,f1dc3983-5daf-40b6-8dea-a8e712cf73bb,99d9e32d-3617-4d0f-9d2f-21ca6442d165,67b3882d-cf90-4793-a1cc-f9d09bfdd818
f1dc3983-5daf-40b6-8dea-a8e712cf73bb,46ea8bdb-6073-4428-9248-da3e9e211ea4,ca7c7730-790c-41bb-a9af-fae44a9f312c,->,f1dc3983-5daf-40b6-8dea-a8e712cf73bb,java/lang/String.java,equals
f1dc3983-5daf-40b6-8dea-a8e712cf73bb,46ea8bdb-6073-4428-9248-da3e9e211ea4,ca7c7730-790c-41bb-a9af-fae44a9f312c,->,f1dc3983-5daf-40b6-8dea-a8e712cf73bb,46ea8bdb-6073-4428-9248-da3e9e211ea4,d1f2f841-1195-449f-a55a-6fd5a23e2284
f1dc3983-5daf-40b6-8dea-a8e712cf73bb,46ea8bdb-6073-4428-9248-da3e9e211ea4,ca7c7730-790c-41bb-a9af-fae44a9f312c,->,f1dc3983-5daf-40b6-8dea-a8e712cf73bb,46ea8bdb-6073-4428-9248-da3e9e211ea4,d1f2f841-1195-449f-a55a-6fd5a23e2284
f1dc3983-5daf-40b6-8dea-a8e712cf73bb,46ea8bdb-6073-4428-9248-da3e9e211ea4,ca7c7730-790c-41bb-a9af-fae44a9f312c,->,f1dc3983-5daf-40b6-8dea-a8e712cf73bb,java/lang/String.java,equals
f1dc3983-5daf-40b6-8dea-a8e712cf73bb,46ea8bdb-6073-4428-9248-da3e9e211ea4,ca7c7730-790c-41bb-a9af-fae44a9f312c,->,f1dc3983-5daf-40b6-8dea-a8e712cf73bb,46ea8bdb-6073-4428-9248-da3e9e211ea4,1ab375eb-6d78-474f-a77e-537456340dba
f1dc3983-5daf-40b6-8dea-a8e712cf73bb,46ea8bdb-6073-4428-9248-da3e9e211ea4,ca7c7730-790c-41bb-a9af-fae44a9f312c,->,f1dc3983-5daf-40b6-8dea-a8e712cf73bb,46ea8bdb-6073-4428-9248-da3e9e211ea4,1ab375eb-6d78-474f-a77e-537456340dba
f1dc3983-5daf-40b6-8dea-a8e712cf73bb,46ea8bdb-6073-4428-9248-da3e9e211ea4,ca7c7730-790c-41bb-a9af-fae44a9f312c,->,f1dc3983-5daf-40b6-8dea-a8e712cf73bb,java/lang/StringBuilder.java,append
f1dc3983-5daf-40b6-8dea-a8e712cf73bb,46ea8bdb-6073-4428-9248-da3e9e211ea4,ca7c7730-790c-41bb-a9af-fae44a9f312c,->,f1dc3983-5daf-40b6-8dea-a8e712cf73bb,java/lang/StringBuilder.java,append
f1dc3983-5daf-40b6-8dea-a8e712cf73bb,46ea8bdb-6073-4428-9248-da3e9e211ea4,ca7c7730-790c-41bb-a9af-fae44a9f312c,->,f1dc3983-5daf-40b6-8dea-a8e712cf73bb,46ea8bdb-6073-4428-9248-da3e9e211ea4,b30f2c63-b99f-4b9b-85d8-ba3e8e917344
f1dc3983-5daf-40b6-8dea-a8e712cf73bb,46ea8bdb-6073-4428-9248-da3e9e211ea4,ca7c7730-790c-41bb-a9af-fae44a9f312c,->,f1dc3983-5daf-40b6-8dea-a8e712cf73bb,java/lang/StringBuilder.java,append
f1dc3983-5daf-40b6-8dea-a8e712cf73bb,46ea8bdb-6073-4428-9248-da3e9e211ea4,ca7c7730-790c-41bb-a9af-fae44a9f312c,->,f1dc3983-5daf-40b6-8dea-a8e712cf73bb,java/lang/StringBuilder.java,toString
f1dc3983-5daf-40b6-8dea-a8e712cf73bb,46ea8bdb-6073-4428-9248-da3e9e211ea4,ba3c5f8e-6a3a-4b23-827f-caab58406d6b,->,f1dc3983-5daf-40b6-8dea-a8e712cf73bb,101edd0f-55ef-4ae1-9d2b-0a8f56aac357,a7850df8-f862-46b3-8b8d-3a1c71a4797e
f1dc3983-5daf-40b6-8dea-a8e712cf73bb,46ea8bdb-6073-4428-9248-da3e9e211ea4,65dec948-5673-4912-a6f8-451a906b2711,->,f1dc3983-5daf-40b6-8dea-a8e712cf73bb,101edd0f-55ef-4ae1-9d2b-0a8f56aac357,2bc08c5e-623e-4d8b-897b-71878f614d68
f1dc3983-5daf-40b6-8dea-a8e712cf73bb,46ea8bdb-6073-4428-9248-da3e9e211ea4,461fcb1c-b0e2-40aa-96b4-3cc7da62a88c,->,f1dc3983-5daf-40b6-8dea-a8e712cf73bb,101edd0f-55ef-4ae1-9d2b-0a8f56aac357,435bd617-d205-4ba2-ae78-5386b70c6072
f1dc3983-5daf-40b6-8dea-a8e712cf73bb,46ea8bdb-6073-4428-9248-da3e9e211ea4,443be998-ecb8-4e6e-8010-16ebd14bd192,->,f1dc3983-5daf-40b6-8dea-a8e712cf73bb,java/lang/Integer.java,valueOf
f1dc3983-5daf-40b6-8dea-a8e712cf73bb,46ea8bdb-6073-4428-9248-da3e9e211ea4,50d575b1-0d42-4411-a9d3-f06380188037,->,f1dc3983-5daf-40b6-8dea-a8e712cf73bb,46ea8bdb-6073-4428-9248-da3e9e211ea4,1ab375eb-6d78-474f-a77e-537456340dba
f1dc3983-5daf-40b6-8dea-a8e712cf73bb,46ea8bdb-6073-4428-9248-da3e9e211ea4,50d575b1-0d42-4411-a9d3-f06380188037,->,f1dc3983-5daf-40b6-8dea-a8e712cf73bb,java/lang/StringBuilder.java,append
f1dc3983-5daf-40b6-8dea-a8e712cf73bb,46ea8bdb-6073-4428-9248-da3e9e211ea4,50d575b1-0d42-4411-a9d3-f06380188037,->,f1dc3983-5daf-40b6-8dea-a8e712cf73bb,46ea8bdb-6073-4428-9248-da3e9e211ea4,b30f2c63-b99f-4b9b-85d8-ba3e8e917344
f1dc3983-5daf-40b6-8dea-a8e712cf73bb,46ea8bdb-6073-4428-9248-da3e9e211ea4,50d575b1-0d42-4411-a9d3-f06380188037,->,f1dc3983-5daf-40b6-8dea-a8e712cf73bb,java/lang/StringBuilder.java,append
f1dc3983-5daf-40b6-8dea-a8e712cf73bb,46ea8bdb-6073-4428-9248-da3e9e211ea4,50d575b1-0d42-4411-a9d3-f06380188037,->,f1dc3983-5daf-40b6-8dea-a8e712cf73bb,java/lang/StringBuilder.java,toString
f1dc3983-5daf-40b6-8dea-a8e712cf73bb,46ea8bdb-6073-4428-9248-da3e9e211ea4,519f1dae-8bb0-46e3-b81f-94dd5784623f,->,f1dc3983-5daf-40b6-8dea-a8e712cf73bb,java/util/Collection.java,iterator
f1dc3983-5daf-40b6-8dea-a8e712cf73bb,46ea8bdb-6073-4428-9248-da3e9e211ea4,519f1dae-8bb0-46e3-b81f-94dd5784623f,->,f1dc3983-5daf-40b6-8dea-a8e712cf73bb,java/util/Iterator.java,hasNext
f1dc3983-5daf-40b6-8dea-a8e712cf73bb,46ea8bdb-6073-4428-9248-da3e9e211ea4,519f1dae-8bb0-46e3-b81f-94dd5784623f,->,f1dc3983-5daf-40b6-8dea-a8e712cf73bb,java/util/Iterator.java,next
f1dc3983-5daf-40b6-8dea-a8e712cf73bb,46ea8bdb-6073-4428-9248-da3e9e211ea4,519f1dae-8bb0-46e3-b81f-94dd5784623f,->,f1dc3983-5daf-40b6-8dea-a8e712cf73bb,2e5ebc02-f3d0-423a-95be-92767c90aca1,9fbcd0b4-e68c-4613-8a36-c540706b9d72
f1dc3983-5daf-40b6-8dea-a8e712cf73bb,46ea8bdb-6073-4428-9248-da3e9e211ea4,"ab276c7b-bd7c-4db8-9524-42f5f6d95974,bf9218e9-68f1-4c86-ba45-95330669fbb6",->,f1dc3983-5daf-40b6-8dea-a8e712cf73bb,java/util/Collection.java,size
f1dc3983-5daf-40b6-8dea-a8e712cf73bb,46ea8bdb-6073-4428-9248-da3e9e211ea4,"ab276c7b-bd7c-4db8-9524-42f5f6d95974,bf9218e9-68f1-4c86-ba45-95330669fbb6",->,f1dc3983-5daf-40b6-8dea-a8e712cf73bb,46ea8bdb-6073-4428-9248-da3e9e211ea4,b10cd8c8-1102-44e0-8f60-d2114b8ce88a
f1dc3983-5daf-40b6-8dea-a8e712cf73bb,46ea8bdb-6073-4428-9248-da3e9e211ea4,"ab276c7b-bd7c-4db8-9524-42f5f6d95974,bf9218e9-68f1-4c86-ba45-95330669fbb6",->,f1dc3983-5daf-40b6-8dea-a8e712cf73bb,46ea8bdb-6073-4428-9248-da3e9e211ea4,f6ddf61d-6c0b-483a-9f7e-26aab9ec0091
f1dc3983-5daf-40b6-8dea-a8e712cf73bb,46ea8bdb-6073-4428-9248-da3e9e211ea4,"ab276c7b-bd7c-4db8-9524-42f5f6d95974,bf9218e9-68f1-4c86-ba45-95330669fbb6",->,f1dc3983-5daf-40b6-8dea-a8e712cf73bb,java/lang/StringBuilder.java,append
f1dc3983-5daf-40b6-8dea-a8e712cf73bb,46ea8bdb-6073-4428-9248-da3e9e211ea4,"ab276c7b-bd7c-4db8-9524-42f5f6d95974,bf9218e9-68f1-4c86-ba45-95330669fbb6",->,f1dc3983-5daf-40b6-8dea-a8e712cf73bb,java/lang/StringBuilder.java,append
f1dc3983-5daf-40b6-8dea-a8e712cf73bb,46ea8bdb-6073-4428-9248-da3e9e211ea4,"ab276c7b-bd7c-4db8-9524-42f5f6d95974,bf9218e9-68f1-4c86-ba45-95330669fbb6",->,f1dc3983-5daf-40b6-8dea-a8e712cf73bb,46ea8bdb-6073-4428-9248-da3e9e211ea4,0fee9112-b5a0-418f-809e-64edae3413d3
f1dc3983-5daf-40b6-8dea-a8e712cf73bb,46ea8bdb-6073-4428-9248-da3e9e211ea4,"ab276c7b-bd7c-4db8-9524-42f5f6d95974,bf9218e9-68f1-4c86-ba45-95330669fbb6",->,f1dc3983-5daf-40b6-8dea-a8e712cf73bb,46ea8bdb-6073-4428-9248-da3e9e211ea4,c9d274db-ace9-4c14-9cf0-4f06567b098c
f1dc3983-5daf-40b6-8dea-a8e712cf73bb,46ea8bdb-6073-4428-9248-da3e9e211ea4,"ab276c7b-bd7c-4db8-9524-42f5f6d95974,bf9218e9-68f1-4c86-ba45-95330669fbb6",->,f1dc3983-5daf-40b6-8dea-a8e712cf73bb,java/lang/StringBuilder.java,append
f1dc3983-5daf-40b6-8dea-a8e712cf73bb,46ea8bdb-6073-4428-9248-da3e9e211ea4,"ab276c7b-bd7c-4db8-9524-42f5f6d95974,bf9218e9-68f1-4c86-ba45-95330669fbb6",->,f1dc3983-5daf-40b6-8dea-a8e712cf73bb,java/lang/StringBuilder.java,append
f1dc3983-5daf-40b6-8dea-a8e712cf73bb,46ea8bdb-6073-4428-9248-da3e9e211ea4,"ab276c7b-bd7c-4db8-9524-42f5f6d95974,bf9218e9-68f1-4c86-ba45-95330669fbb6",->,f1dc3983-5daf-40b6-8dea-a8e712cf73bb,46ea8bdb-6073-4428-9248-da3e9e211ea4,f386fa86-95ac-4bbd-8f63-3971e561b0fa
f1dc3983-5daf-40b6-8dea-a8e712cf73bb,46ea8bdb-6073-4428-9248-da3e9e211ea4,"ab276c7b-bd7c-4db8-9524-42f5f6d95974,bf9218e9-68f1-4c86-ba45-95330669fbb6",->,f1dc3983-5daf-40b6-8dea-a8e712cf73bb,46ea8bdb-6073-4428-9248-da3e9e211ea4,c9d274db-ace9-4c14-9cf0-4f06567b098c
f1dc3983-5daf-40b6-8dea-a8e712cf73bb,46ea8bdb-6073-4428-9248-da3e9e211ea4,"ab276c7b-bd7c-4db8-9524-42f5f6d95974,bf9218e9-68f1-4c86-ba45-95330669fbb6",->,f1dc3983-5daf-40b6-8dea-a8e712cf73bb,java/lang/StringBuilder.java,append
f1dc3983-5daf-40b6-8dea-a8e712cf73bb,46ea8bdb-6073-4428-9248-da3e9e211ea4,"ab276c7b-bd7c-4db8-9524-42f5f6d95974,bf9218e9-68f1-4c86-ba45-95330669fbb6",->,f1dc3983-5daf-40b6-8dea-a8e712cf73bb,java/lang/StringBuilder.java,toString
f1dc3983-5daf-40b6-8dea-a8e712cf73bb,46ea8bdb-6073-4428-9248-da3e9e211ea4,"ab276c7b-bd7c-4db8-9524-42f5f6d95974,bf9218e9-68f1-4c86-ba45-95330669fbb6",->,f1dc3983-5daf-40b6-8dea-a8e712cf73bb,java/io/UnsupportedEncodingException.java,printStackTrace
f1dc3983-5daf-40b6-8dea-a8e712cf73bb,46ea8bdb-6073-4428-9248-da3e9e211ea4,"ab276c7b-bd7c-4db8-9524-42f5f6d95974,bf9218e9-68f1-4c86-ba45-95330669fbb6",->,f1dc3983-5daf-40b6-8dea-a8e712cf73bb,2e5ebc02-f3d0-423a-95be-92767c90aca1,c33819c1-970e-4001-9634-4d1e11984a63
f1dc3983-5daf-40b6-8dea-a8e712cf73bb,46ea8bdb-6073-4428-9248-da3e9e211ea4,"ab276c7b-bd7c-4db8-9524-42f5f6d95974,bf9218e9-68f1-4c86-ba45-95330669fbb6",->,f1dc3983-5daf-40b6-8dea-a8e712cf73bb,46ea8bdb-6073-4428-9248-da3e9e211ea4,f6ddf61d-6c0b-483a-9f7e-26aab9ec0091
f1dc3983-5daf-40b6-8dea-a8e712cf73bb,46ea8bdb-6073-4428-9248-da3e9e211ea4,"ab276c7b-bd7c-4db8-9524-42f5f6d95974,bf9218e9-68f1-4c86-ba45-95330669fbb6",->,f1dc3983-5daf-40b6-8dea-a8e712cf73bb,java/lang/StringBuilder.java,append
f1dc3983-5daf-40b6-8dea-a8e712cf73bb,46ea8bdb-6073-4428-9248-da3e9e211ea4,"ab276c7b-bd7c-4db8-9524-42f5f6d95974,bf9218e9-68f1-4c86-ba45-95330669fbb6",->,f1dc3983-5daf-40b6-8dea-a8e712cf73bb,java/lang/StringBuilder.java,append
f1dc3983-5daf-40b6-8dea-a8e712cf73bb,46ea8bdb-6073-4428-9248-da3e9e211ea4,"ab276c7b-bd7c-4db8-9524-42f5f6d95974,bf9218e9-68f1-4c86-ba45-95330669fbb6",->,f1dc3983-5daf-40b6-8dea-a8e712cf73bb,2e5ebc02-f3d0-423a-95be-92767c90aca1,91789471-83dc-4425-8d27-2559b59f8f63
f1dc3983-5daf-40b6-8dea-a8e712cf73bb,46ea8bdb-6073-4428-9248-da3e9e211ea4,"ab276c7b-bd7c-4db8-9524-42f5f6d95974,bf9218e9-68f1-4c86-ba45-95330669fbb6",->,f1dc3983-5daf-40b6-8dea-a8e712cf73bb,46ea8bdb-6073-4428-9248-da3e9e211ea4,c9d274db-ace9-4c14-9cf0-4f06567b098c
f1dc3983-5daf-40b6-8dea-a8e712cf73bb,46ea8bdb-6073-4428-9248-da3e9e211ea4,"ab276c7b-bd7c-4db8-9524-42f5f6d95974,bf9218e9-68f1-4c86-ba45-95330669fbb6",->,f1dc3983-5daf-40b6-8dea-a8e712cf73bb,java/lang/StringBuilder.java,append
f1dc3983-5daf-40b6-8dea-a8e712cf73bb,46ea8bdb-6073-4428-9248-da3e9e211ea4,"ab276c7b-bd7c-4db8-9524-42f5f6d95974,bf9218e9-68f1-4c86-ba45-95330669fbb6",->,f1dc3983-5daf-40b6-8dea-a8e712cf73bb,java/lang/StringBuilder.java,append
f1dc3983-5daf-40b6-8dea-a8e712cf73bb,46ea8bdb-6073-4428-9248-da3e9e211ea4,"ab276c7b-bd7c-4db8-9524-42f5f6d95974,bf9218e9-68f1-4c86-ba45-95330669fbb6",->,f1dc3983-5daf-40b6-8dea-a8e712cf73bb,2e5ebc02-f3d0-423a-95be-92767c90aca1,d9101dae-b588-4be7-ac20-55d0c28ebeaa
f1dc3983-5daf-40b6-8dea-a8e712cf73bb,46ea8bdb-6073-4428-9248-da3e9e211ea4,"ab276c7b-bd7c-4db8-9524-42f5f6d95974,bf9218e9-68f1-4c86-ba45-95330669fbb6",->,f1dc3983-5daf-40b6-8dea-a8e712cf73bb,46ea8bdb-6073-4428-9248-da3e9e211ea4,c9d274db-ace9-4c14-9cf0-4f06567b098c
f1dc3983-5daf-40b6-8dea-a8e712cf73bb,46ea8bdb-6073-4428-9248-da3e9e211ea4,"ab276c7b-bd7c-4db8-9524-42f5f6d95974,bf9218e9-68f1-4c86-ba45-95330669fbb6",->,f1dc3983-5daf-40b6-8dea-a8e712cf73bb,java/lang/StringBuilder.java,append
f1dc3983-5daf-40b6-8dea-a8e712cf73bb,46ea8bdb-6073-4428-9248-da3e9e211ea4,"ab276c7b-bd7c-4db8-9524-42f5f6d95974,bf9218e9-68f1-4c86-ba45-95330669fbb6",->,f1dc3983-5daf-40b6-8dea-a8e712cf73bb,java/lang/StringBuilder.java,toString
f1dc3983-5daf-40b6-8dea-a8e712cf73bb,46ea8bdb-6073-4428-9248-da3e9e211ea4,"ab276c7b-bd7c-4db8-9524-42f5f6d95974,bf9218e9-68f1-4c86-ba45-95330669fbb6",->,f1dc3983-5daf-40b6-8dea-a8e712cf73bb,java/io/UnsupportedEncodingException.java,printStackTrace
f1dc3983-5daf-40b6-8dea-a8e712cf73bb,46ea8bdb-6073-4428-9248-da3e9e211ea4,b10cd8c8-1102-44e0-8f60-d2114b8ce88a,->,f1dc3983-5daf-40b6-8dea-a8e712cf73bb,java/util/Collection.java,size
f1dc3983-5daf-40b6-8dea-a8e712cf73bb,46ea8bdb-6073-4428-9248-da3e9e211ea4,b10cd8c8-1102-44e0-8f60-d2114b8ce88a,->,f1dc3983-5daf-40b6-8dea-a8e712cf73bb,42b060b8-8069-4ce2-b697-af4348e810da,9db7681e-b6da-43b8-a39b-41ccc0a749a4
f1dc3983-5daf-40b6-8dea-a8e712cf73bb,46ea8bdb-6073-4428-9248-da3e9e211ea4,b10cd8c8-1102-44e0-8f60-d2114b8ce88a,->,f1dc3983-5daf-40b6-8dea-a8e712cf73bb,42b060b8-8069-4ce2-b697-af4348e810da,1aae151e-0a25-430e-85d3-03104409256f
f1dc3983-5daf-40b6-8dea-a8e712cf73bb,46ea8bdb-6073-4428-9248-da3e9e211ea4,914caa15-92af-426a-8400-bfc575219d4d,->,f1dc3983-5daf-40b6-8dea-a8e712cf73bb,java/util/Collection.java,iterator
f1dc3983-5daf-40b6-8dea-a8e712cf73bb,46ea8bdb-6073-4428-9248-da3e9e211ea4,914caa15-92af-426a-8400-bfc575219d4d,->,f1dc3983-5daf-40b6-8dea-a8e712cf73bb,java/util/Iterator.java,hasNext
f1dc3983-5daf-40b6-8dea-a8e712cf73bb,46ea8bdb-6073-4428-9248-da3e9e211ea4,914caa15-92af-426a-8400-bfc575219d4d,->,f1dc3983-5daf-40b6-8dea-a8e712cf73bb,java/util/Iterator.java,next
f1dc3983-5daf-40b6-8dea-a8e712cf73bb,46ea8bdb-6073-4428-9248-da3e9e211ea4,914caa15-92af-426a-8400-bfc575219d4d,->,f1dc3983-5daf-40b6-8dea-a8e712cf73bb,2e5ebc02-f3d0-423a-95be-92767c90aca1,d9101dae-b588-4be7-ac20-55d0c28ebeaa
f1dc3983-5daf-40b6-8dea-a8e712cf73bb,46ea8bdb-6073-4428-9248-da3e9e211ea4,914caa15-92af-426a-8400-bfc575219d4d,->,f1dc3983-5daf-40b6-8dea-a8e712cf73bb,java/util/Collection.java,add
f1dc3983-5daf-40b6-8dea-a8e712cf73bb,46ea8bdb-6073-4428-9248-da3e9e211ea4,f6ddf61d-6c0b-483a-9f7e-26aab9ec0091,->,f1dc3983-5daf-40b6-8dea-a8e712cf73bb,java/lang/StringBuilder.java,append
f1dc3983-5daf-40b6-8dea-a8e712cf73bb,46ea8bdb-6073-4428-9248-da3e9e211ea4,f6ddf61d-6c0b-483a-9f7e-26aab9ec0091,->,f1dc3983-5daf-40b6-8dea-a8e712cf73bb,java/lang/StringBuilder.java,append
f1dc3983-5daf-40b6-8dea-a8e712cf73bb,46ea8bdb-6073-4428-9248-da3e9e211ea4,f6ddf61d-6c0b-483a-9f7e-26aab9ec0091,->,f1dc3983-5daf-40b6-8dea-a8e712cf73bb,java/lang/StringBuilder.java,toString
f1dc3983-5daf-40b6-8dea-a8e712cf73bb,46ea8bdb-6073-4428-9248-da3e9e211ea4,f6ddf61d-6c0b-483a-9f7e-26aab9ec0091,->,f1dc3983-5daf-40b6-8dea-a8e712cf73bb,java/lang/StringBuilder.java,append
f1dc3983-5daf-40b6-8dea-a8e712cf73bb,46ea8bdb-6073-4428-9248-da3e9e211ea4,f6ddf61d-6c0b-483a-9f7e-26aab9ec0091,->,f1dc3983-5daf-40b6-8dea-a8e712cf73bb,java/lang/StringBuilder.java,append
f1dc3983-5daf-40b6-8dea-a8e712cf73bb,46ea8bdb-6073-4428-9248-da3e9e211ea4,f6ddf61d-6c0b-483a-9f7e-26aab9ec0091,->,f1dc3983-5daf-40b6-8dea-a8e712cf73bb,java/lang/StringBuilder.java,toString
f1dc3983-5daf-40b6-8dea-a8e712cf73bb,46ea8bdb-6073-4428-9248-da3e9e211ea4,f6ddf61d-6c0b-483a-9f7e-26aab9ec0091,->,f1dc3983-5daf-40b6-8dea-a8e712cf73bb,java/lang/StringBuilder.java,append
f1dc3983-5daf-40b6-8dea-a8e712cf73bb,46ea8bdb-6073-4428-9248-da3e9e211ea4,f6ddf61d-6c0b-483a-9f7e-26aab9ec0091,->,f1dc3983-5daf-40b6-8dea-a8e712cf73bb,java/lang/StringBuilder.java,append
f1dc3983-5daf-40b6-8dea-a8e712cf73bb,46ea8bdb-6073-4428-9248-da3e9e211ea4,f6ddf61d-6c0b-483a-9f7e-26aab9ec0091,->,f1dc3983-5daf-40b6-8dea-a8e712cf73bb,java/lang/StringBuilder.java,toString
f1dc3983-5daf-40b6-8dea-a8e712cf73bb,46ea8bdb-6073-4428-9248-da3e9e211ea4,c9d274db-ace9-4c14-9cf0-4f06567b098c,->,f1dc3983-5daf-40b6-8dea-a8e712cf73bb,java/lang/String.java,replace
f1dc3983-5daf-40b6-8dea-a8e712cf73bb,46ea8bdb-6073-4428-9248-da3e9e211ea4,c9d274db-ace9-4c14-9cf0-4f06567b098c,->,f1dc3983-5daf-40b6-8dea-a8e712cf73bb,java/net/URLEncoder.java,encode
f1dc3983-5daf-40b6-8dea-a8e712cf73bb,46ea8bdb-6073-4428-9248-da3e9e211ea4,c9d274db-ace9-4c14-9cf0-4f06567b098c,->,f1dc3983-5daf-40b6-8dea-a8e712cf73bb,java/net/URLEncoder.java,encode
f1dc3983-5daf-40b6-8dea-a8e712cf73bb,46ea8bdb-6073-4428-9248-da3e9e211ea4,c9d274db-ace9-4c14-9cf0-4f06567b098c,->,f1dc3983-5daf-40b6-8dea-a8e712cf73bb,java/lang/String.java,replace
f1dc3983-5daf-40b6-8dea-a8e712cf73bb,46ea8bdb-6073-4428-9248-da3e9e211ea4,c9d274db-ace9-4c14-9cf0-4f06567b098c,->,f1dc3983-5daf-40b6-8dea-a8e712cf73bb,java/lang/String.java,replace
f1dc3983-5daf-40b6-8dea-a8e712cf73bb,46ea8bdb-6073-4428-9248-da3e9e211ea4,e3bc6356-89c6-427c-8a2c-23b727ab1aa9,->,f1dc3983-5daf-40b6-8dea-a8e712cf73bb,42b060b8-8069-4ce2-b697-af4348e810da,9db7681e-b6da-43b8-a39b-41ccc0a749a4
f1dc3983-5daf-40b6-8dea-a8e712cf73bb,46ea8bdb-6073-4428-9248-da3e9e211ea4,e3bc6356-89c6-427c-8a2c-23b727ab1aa9,->,f1dc3983-5daf-40b6-8dea-a8e712cf73bb,42b060b8-8069-4ce2-b697-af4348e810da,612874e7-923f-4291-91f9-ba69c6c9c279
f1dc3983-5daf-40b6-8dea-a8e712cf73bb,46ea8bdb-6073-4428-9248-da3e9e211ea4,e3bc6356-89c6-427c-8a2c-23b727ab1aa9,->,f1dc3983-5daf-40b6-8dea-a8e712cf73bb,42b060b8-8069-4ce2-b697-af4348e810da,9db7681e-b6da-43b8-a39b-41ccc0a749a4
f1dc3983-5daf-40b6-8dea-a8e712cf73bb,46ea8bdb-6073-4428-9248-da3e9e211ea4,e3bc6356-89c6-427c-8a2c-23b727ab1aa9,->,f1dc3983-5daf-40b6-8dea-a8e712cf73bb,42b060b8-8069-4ce2-b697-af4348e810da,8d298874-4cee-498b-ac32-9dd18cf10831
f1dc3983-5daf-40b6-8dea-a8e712cf73bb,46ea8bdb-6073-4428-9248-da3e9e211ea4,0a25df6d-a020-4827-90f4-0de7e48fd272,->,f1dc3983-5daf-40b6-8dea-a8e712cf73bb,java/util/Collection.java,clear
f1dc3983-5daf-40b6-8dea-a8e712cf73bb,46ea8bdb-6073-4428-9248-da3e9e211ea4,0a25df6d-a020-4827-90f4-0de7e48fd272,->,f1dc3983-5daf-40b6-8dea-a8e712cf73bb,java/util/Collection.java,add
f1dc3983-5daf-40b6-8dea-a8e712cf73bb,46ea8bdb-6073-4428-9248-da3e9e211ea4,90963894-cf81-4ef3-9d50-66f2f577ee88,->,f1dc3983-5daf-40b6-8dea-a8e712cf73bb,java/util/Collection.java,clear
f1dc3983-5daf-40b6-8dea-a8e712cf73bb,46ea8bdb-6073-4428-9248-da3e9e211ea4,90963894-cf81-4ef3-9d50-66f2f577ee88,->,f1dc3983-5daf-40b6-8dea-a8e712cf73bb,java/util/Collection.java,addAll
f1dc3983-5daf-40b6-8dea-a8e712cf73bb,46ea8bdb-6073-4428-9248-da3e9e211ea4,2bf4f2e5-4982-4a35-a850-06a2a4b7c700,->,f1dc3983-5daf-40b6-8dea-a8e712cf73bb,java/util/Calendar.java,setTime
f1dc3983-5daf-40b6-8dea-a8e712cf73bb,46ea8bdb-6073-4428-9248-da3e9e211ea4,"65523ea8-674d-4a7c-b591-441b58b393e2,81994144-8fcb-4ad4-b1bd-3b23831aeafe",->,f1dc3983-5daf-40b6-8dea-a8e712cf73bb,46ea8bdb-6073-4428-9248-da3e9e211ea4,23e8844a-024e-44b4-beb0-6e362af82dfc
f1dc3983-5daf-40b6-8dea-a8e712cf73bb,46ea8bdb-6073-4428-9248-da3e9e211ea4,591512ce-52b6-4620-be1b-09b419af0eea,->,f1dc3983-5daf-40b6-8dea-a8e712cf73bb,46ea8bdb-6073-4428-9248-da3e9e211ea4,519f1dae-8bb0-46e3-b81f-94dd5784623f
f1dc3983-5daf-40b6-8dea-a8e712cf73bb,46ea8bdb-6073-4428-9248-da3e9e211ea4,591512ce-52b6-4620-be1b-09b419af0eea,->,f1dc3983-5daf-40b6-8dea-a8e712cf73bb,java/util/Collection.java,iterator
f1dc3983-5daf-40b6-8dea-a8e712cf73bb,46ea8bdb-6073-4428-9248-da3e9e211ea4,591512ce-52b6-4620-be1b-09b419af0eea,->,f1dc3983-5daf-40b6-8dea-a8e712cf73bb,java/util/Iterator.java,hasNext
f1dc3983-5daf-40b6-8dea-a8e712cf73bb,46ea8bdb-6073-4428-9248-da3e9e211ea4,591512ce-52b6-4620-be1b-09b419af0eea,->,f1dc3983-5daf-40b6-8dea-a8e712cf73bb,java/util/Iterator.java,next
f1dc3983-5daf-40b6-8dea-a8e712cf73bb,46ea8bdb-6073-4428-9248-da3e9e211ea4,591512ce-52b6-4620-be1b-09b419af0eea,->,f1dc3983-5daf-40b6-8dea-a8e712cf73bb,2e5ebc02-f3d0-423a-95be-92767c90aca1,ab22fc39-2497-4a20-b288-ae855507fb63
f1dc3983-5daf-40b6-8dea-a8e712cf73bb,46ea8bdb-6073-4428-9248-da3e9e211ea4,28054cce-8af9-4c57-8f92-6923af772d76,->,f1dc3983-5daf-40b6-8dea-a8e712cf73bb,java/util/Collection.java,clear
f1dc3983-5daf-40b6-8dea-a8e712cf73bb,46ea8bdb-6073-4428-9248-da3e9e211ea4,28054cce-8af9-4c57-8f92-6923af772d76,->,f1dc3983-5daf-40b6-8dea-a8e712cf73bb,java/util/Collection.java,add
f1dc3983-5daf-40b6-8dea-a8e712cf73bb,46ea8bdb-6073-4428-9248-da3e9e211ea4,7d98dfe3-2520-4275-a429-981d1f41a43f,->,f1dc3983-5daf-40b6-8dea-a8e712cf73bb,java/util/Collection.java,clear
f1dc3983-5daf-40b6-8dea-a8e712cf73bb,46ea8bdb-6073-4428-9248-da3e9e211ea4,7d98dfe3-2520-4275-a429-981d1f41a43f,->,f1dc3983-5daf-40b6-8dea-a8e712cf73bb,java/util/Collection.java,addAll
f1dc3983-5daf-40b6-8dea-a8e712cf73bb,46ea8bdb-6073-4428-9248-da3e9e211ea4,38ea9750-362b-487d-885d-85289bb41415,->,f1dc3983-5daf-40b6-8dea-a8e712cf73bb,46ea8bdb-6073-4428-9248-da3e9e211ea4,519f1dae-8bb0-46e3-b81f-94dd5784623f
f1dc3983-5daf-40b6-8dea-a8e712cf73bb,46ea8bdb-6073-4428-9248-da3e9e211ea4,38ea9750-362b-487d-885d-85289bb41415,->,f1dc3983-5daf-40b6-8dea-a8e712cf73bb,2e5ebc02-f3d0-423a-95be-92767c90aca1,"ab479749-000c-4c44-acbf-8965decdf2f7,7d18af26-792c-493d-a951-2c2e96114534"
f1dc3983-5daf-40b6-8dea-a8e712cf73bb,46ea8bdb-6073-4428-9248-da3e9e211ea4,dd81435a-e193-4013-952c-81d642fb5018,->,f1dc3983-5daf-40b6-8dea-a8e712cf73bb,46ea8bdb-6073-4428-9248-da3e9e211ea4,b10cd8c8-1102-44e0-8f60-d2114b8ce88a
f1dc3983-5daf-40b6-8dea-a8e712cf73bb,46ea8bdb-6073-4428-9248-da3e9e211ea4,dd81435a-e193-4013-952c-81d642fb5018,->,f1dc3983-5daf-40b6-8dea-a8e712cf73bb,java/util/Collection.java,iterator
f1dc3983-5daf-40b6-8dea-a8e712cf73bb,46ea8bdb-6073-4428-9248-da3e9e211ea4,dd81435a-e193-4013-952c-81d642fb5018,->,f1dc3983-5daf-40b6-8dea-a8e712cf73bb,java/util/Iterator.java,hasNext
f1dc3983-5daf-40b6-8dea-a8e712cf73bb,46ea8bdb-6073-4428-9248-da3e9e211ea4,dd81435a-e193-4013-952c-81d642fb5018,->,f1dc3983-5daf-40b6-8dea-a8e712cf73bb,java/util/Iterator.java,next
f1dc3983-5daf-40b6-8dea-a8e712cf73bb,46ea8bdb-6073-4428-9248-da3e9e211ea4,dd81435a-e193-4013-952c-81d642fb5018,->,f1dc3983-5daf-40b6-8dea-a8e712cf73bb,2e5ebc02-f3d0-423a-95be-92767c90aca1,c33819c1-970e-4001-9634-4d1e11984a63
f1dc3983-5daf-40b6-8dea-a8e712cf73bb,46ea8bdb-6073-4428-9248-da3e9e211ea4,dd81435a-e193-4013-952c-81d642fb5018,->,f1dc3983-5daf-40b6-8dea-a8e712cf73bb,2e5ebc02-f3d0-423a-95be-92767c90aca1,ada74ef7-a525-4fda-aee3-250768a3eafe
f1dc3983-5daf-40b6-8dea-a8e712cf73bb,46ea8bdb-6073-4428-9248-da3e9e211ea4,"55c4b874-66d2-4423-9aaa-025e40136ecd,a172fde4-59ad-4084-b2a1-0fc75f38a994",->,f1dc3983-5daf-40b6-8dea-a8e712cf73bb,java/util/Collection.java,clear
f1dc3983-5daf-40b6-8dea-a8e712cf73bb,46ea8bdb-6073-4428-9248-da3e9e211ea4,"55c4b874-66d2-4423-9aaa-025e40136ecd,a172fde4-59ad-4084-b2a1-0fc75f38a994",->,f1dc3983-5daf-40b6-8dea-a8e712cf73bb,java/util/Collection.java,addAll
f1dc3983-5daf-40b6-8dea-a8e712cf73bb,46ea8bdb-6073-4428-9248-da3e9e211ea4,"55c4b874-66d2-4423-9aaa-025e40136ecd,a172fde4-59ad-4084-b2a1-0fc75f38a994",->,f1dc3983-5daf-40b6-8dea-a8e712cf73bb,java/util/Collection.java,iterator
f1dc3983-5daf-40b6-8dea-a8e712cf73bb,46ea8bdb-6073-4428-9248-da3e9e211ea4,"55c4b874-66d2-4423-9aaa-025e40136ecd,a172fde4-59ad-4084-b2a1-0fc75f38a994",->,f1dc3983-5daf-40b6-8dea-a8e712cf73bb,java/util/Iterator.java,hasNext
f1dc3983-5daf-40b6-8dea-a8e712cf73bb,46ea8bdb-6073-4428-9248-da3e9e211ea4,"55c4b874-66d2-4423-9aaa-025e40136ecd,a172fde4-59ad-4084-b2a1-0fc75f38a994",->,f1dc3983-5daf-40b6-8dea-a8e712cf73bb,java/util/Iterator.java,next
f1dc3983-5daf-40b6-8dea-a8e712cf73bb,46ea8bdb-6073-4428-9248-da3e9e211ea4,"55c4b874-66d2-4423-9aaa-025e40136ecd,a172fde4-59ad-4084-b2a1-0fc75f38a994",->,f1dc3983-5daf-40b6-8dea-a8e712cf73bb,2e5ebc02-f3d0-423a-95be-92767c90aca1,9fbcd0b4-e68c-4613-8a36-c540706b9d72
f1dc3983-5daf-40b6-8dea-a8e712cf73bb,46ea8bdb-6073-4428-9248-da3e9e211ea4,"55c4b874-66d2-4423-9aaa-025e40136ecd,a172fde4-59ad-4084-b2a1-0fc75f38a994",->,f1dc3983-5daf-40b6-8dea-a8e712cf73bb,java/util/Collection.java,add
f1dc3983-5daf-40b6-8dea-a8e712cf73bb,46ea8bdb-6073-4428-9248-da3e9e211ea4,f3566917-81dc-4c55-830e-92527b3bb039,->,f1dc3983-5daf-40b6-8dea-a8e712cf73bb,java/lang/Integer.java,valueOf
f1dc3983-5daf-40b6-8dea-a8e712cf73bb,46ea8bdb-6073-4428-9248-da3e9e211ea4,60303bf7-6ea0-4292-91b7-b4b4b3d72f02,->,f1dc3983-5daf-40b6-8dea-a8e712cf73bb,java/lang/StringBuilder.java,append
f1dc3983-5daf-40b6-8dea-a8e712cf73bb,46ea8bdb-6073-4428-9248-da3e9e211ea4,60303bf7-6ea0-4292-91b7-b4b4b3d72f02,->,f1dc3983-5daf-40b6-8dea-a8e712cf73bb,46ea8bdb-6073-4428-9248-da3e9e211ea4,1ab375eb-6d78-474f-a77e-537456340dba
f1dc3983-5daf-40b6-8dea-a8e712cf73bb,46ea8bdb-6073-4428-9248-da3e9e211ea4,60303bf7-6ea0-4292-91b7-b4b4b3d72f02,->,f1dc3983-5daf-40b6-8dea-a8e712cf73bb,java/lang/StringBuilder.java,append
f1dc3983-5daf-40b6-8dea-a8e712cf73bb,46ea8bdb-6073-4428-9248-da3e9e211ea4,60303bf7-6ea0-4292-91b7-b4b4b3d72f02,->,f1dc3983-5daf-40b6-8dea-a8e712cf73bb,java/lang/StringBuilder.java,append
f1dc3983-5daf-40b6-8dea-a8e712cf73bb,46ea8bdb-6073-4428-9248-da3e9e211ea4,60303bf7-6ea0-4292-91b7-b4b4b3d72f02,->,f1dc3983-5daf-40b6-8dea-a8e712cf73bb,java/lang/StringBuilder.java,toString
f1dc3983-5daf-40b6-8dea-a8e712cf73bb,46ea8bdb-6073-4428-9248-da3e9e211ea4,60303bf7-6ea0-4292-91b7-b4b4b3d72f02,->,f1dc3983-5daf-40b6-8dea-a8e712cf73bb,java/lang/StringBuilder.java,append
f1dc3983-5daf-40b6-8dea-a8e712cf73bb,46ea8bdb-6073-4428-9248-da3e9e211ea4,60303bf7-6ea0-4292-91b7-b4b4b3d72f02,->,f1dc3983-5daf-40b6-8dea-a8e712cf73bb,46ea8bdb-6073-4428-9248-da3e9e211ea4,571af7d4-b576-4b58-ba45-81c089ddefd0
f1dc3983-5daf-40b6-8dea-a8e712cf73bb,46ea8bdb-6073-4428-9248-da3e9e211ea4,60303bf7-6ea0-4292-91b7-b4b4b3d72f02,->,f1dc3983-5daf-40b6-8dea-a8e712cf73bb,java/lang/StringBuilder.java,append
f1dc3983-5daf-40b6-8dea-a8e712cf73bb,46ea8bdb-6073-4428-9248-da3e9e211ea4,60303bf7-6ea0-4292-91b7-b4b4b3d72f02,->,f1dc3983-5daf-40b6-8dea-a8e712cf73bb,java/lang/StringBuilder.java,append
f1dc3983-5daf-40b6-8dea-a8e712cf73bb,46ea8bdb-6073-4428-9248-da3e9e211ea4,60303bf7-6ea0-4292-91b7-b4b4b3d72f02,->,f1dc3983-5daf-40b6-8dea-a8e712cf73bb,java/lang/StringBuilder.java,toString
f1dc3983-5daf-40b6-8dea-a8e712cf73bb,46ea8bdb-6073-4428-9248-da3e9e211ea4,60303bf7-6ea0-4292-91b7-b4b4b3d72f02,->,f1dc3983-5daf-40b6-8dea-a8e712cf73bb,java/lang/StringBuffer.java,append
f1dc3983-5daf-40b6-8dea-a8e712cf73bb,46ea8bdb-6073-4428-9248-da3e9e211ea4,60303bf7-6ea0-4292-91b7-b4b4b3d72f02,->,f1dc3983-5daf-40b6-8dea-a8e712cf73bb,java/lang/StringBuilder.java,append
f1dc3983-5daf-40b6-8dea-a8e712cf73bb,46ea8bdb-6073-4428-9248-da3e9e211ea4,60303bf7-6ea0-4292-91b7-b4b4b3d72f02,->,f1dc3983-5daf-40b6-8dea-a8e712cf73bb,46ea8bdb-6073-4428-9248-da3e9e211ea4,adf0fa5a-d7ea-4e44-9198-5ef9f2dc8c84
f1dc3983-5daf-40b6-8dea-a8e712cf73bb,46ea8bdb-6073-4428-9248-da3e9e211ea4,60303bf7-6ea0-4292-91b7-b4b4b3d72f02,->,f1dc3983-5daf-40b6-8dea-a8e712cf73bb,java/lang/StringBuilder.java,append
f1dc3983-5daf-40b6-8dea-a8e712cf73bb,46ea8bdb-6073-4428-9248-da3e9e211ea4,60303bf7-6ea0-4292-91b7-b4b4b3d72f02,->,f1dc3983-5daf-40b6-8dea-a8e712cf73bb,java/lang/StringBuilder.java,append
f1dc3983-5daf-40b6-8dea-a8e712cf73bb,46ea8bdb-6073-4428-9248-da3e9e211ea4,60303bf7-6ea0-4292-91b7-b4b4b3d72f02,->,f1dc3983-5daf-40b6-8dea-a8e712cf73bb,java/lang/StringBuilder.java,toString
f1dc3983-5daf-40b6-8dea-a8e712cf73bb,46ea8bdb-6073-4428-9248-da3e9e211ea4,60303bf7-6ea0-4292-91b7-b4b4b3d72f02,->,f1dc3983-5daf-40b6-8dea-a8e712cf73bb,java/lang/StringBuffer.java,append
f1dc3983-5daf-40b6-8dea-a8e712cf73bb,46ea8bdb-6073-4428-9248-da3e9e211ea4,60303bf7-6ea0-4292-91b7-b4b4b3d72f02,->,f1dc3983-5daf-40b6-8dea-a8e712cf73bb,java/lang/StringBuilder.java,append
f1dc3983-5daf-40b6-8dea-a8e712cf73bb,46ea8bdb-6073-4428-9248-da3e9e211ea4,60303bf7-6ea0-4292-91b7-b4b4b3d72f02,->,f1dc3983-5daf-40b6-8dea-a8e712cf73bb,46ea8bdb-6073-4428-9248-da3e9e211ea4,99de866d-de55-4edb-a9b5-a76d564c2049
f1dc3983-5daf-40b6-8dea-a8e712cf73bb,46ea8bdb-6073-4428-9248-da3e9e211ea4,60303bf7-6ea0-4292-91b7-b4b4b3d72f02,->,f1dc3983-5daf-40b6-8dea-a8e712cf73bb,java/lang/StringBuilder.java,append
f1dc3983-5daf-40b6-8dea-a8e712cf73bb,46ea8bdb-6073-4428-9248-da3e9e211ea4,60303bf7-6ea0-4292-91b7-b4b4b3d72f02,->,f1dc3983-5daf-40b6-8dea-a8e712cf73bb,java/lang/StringBuilder.java,append
f1dc3983-5daf-40b6-8dea-a8e712cf73bb,46ea8bdb-6073-4428-9248-da3e9e211ea4,60303bf7-6ea0-4292-91b7-b4b4b3d72f02,->,f1dc3983-5daf-40b6-8dea-a8e712cf73bb,java/lang/StringBuilder.java,toString
f1dc3983-5daf-40b6-8dea-a8e712cf73bb,46ea8bdb-6073-4428-9248-da3e9e211ea4,60303bf7-6ea0-4292-91b7-b4b4b3d72f02,->,f1dc3983-5daf-40b6-8dea-a8e712cf73bb,java/lang/StringBuffer.java,append
f1dc3983-5daf-40b6-8dea-a8e712cf73bb,46ea8bdb-6073-4428-9248-da3e9e211ea4,60303bf7-6ea0-4292-91b7-b4b4b3d72f02,->,f1dc3983-5daf-40b6-8dea-a8e712cf73bb,java/lang/StringBuilder.java,append
f1dc3983-5daf-40b6-8dea-a8e712cf73bb,46ea8bdb-6073-4428-9248-da3e9e211ea4,60303bf7-6ea0-4292-91b7-b4b4b3d72f02,->,f1dc3983-5daf-40b6-8dea-a8e712cf73bb,46ea8bdb-6073-4428-9248-da3e9e211ea4,30056950-15a9-4a0a-a4b2-a821dff86181
f1dc3983-5daf-40b6-8dea-a8e712cf73bb,46ea8bdb-6073-4428-9248-da3e9e211ea4,60303bf7-6ea0-4292-91b7-b4b4b3d72f02,->,f1dc3983-5daf-40b6-8dea-a8e712cf73bb,java/lang/StringBuilder.java,append
f1dc3983-5daf-40b6-8dea-a8e712cf73bb,46ea8bdb-6073-4428-9248-da3e9e211ea4,60303bf7-6ea0-4292-91b7-b4b4b3d72f02,->,f1dc3983-5daf-40b6-8dea-a8e712cf73bb,java/lang/StringBuilder.java,append
f1dc3983-5daf-40b6-8dea-a8e712cf73bb,46ea8bdb-6073-4428-9248-da3e9e211ea4,60303bf7-6ea0-4292-91b7-b4b4b3d72f02,->,f1dc3983-5daf-40b6-8dea-a8e712cf73bb,java/lang/StringBuilder.java,toString
f1dc3983-5daf-40b6-8dea-a8e712cf73bb,46ea8bdb-6073-4428-9248-da3e9e211ea4,60303bf7-6ea0-4292-91b7-b4b4b3d72f02,->,f1dc3983-5daf-40b6-8dea-a8e712cf73bb,java/lang/StringBuffer.java,append
f1dc3983-5daf-40b6-8dea-a8e712cf73bb,46ea8bdb-6073-4428-9248-da3e9e211ea4,60303bf7-6ea0-4292-91b7-b4b4b3d72f02,->,f1dc3983-5daf-40b6-8dea-a8e712cf73bb,java/text/DateFormat.java,getDateInstance
f1dc3983-5daf-40b6-8dea-a8e712cf73bb,46ea8bdb-6073-4428-9248-da3e9e211ea4,60303bf7-6ea0-4292-91b7-b4b4b3d72f02,->,f1dc3983-5daf-40b6-8dea-a8e712cf73bb,java/lang/StringBuilder.java,append
f1dc3983-5daf-40b6-8dea-a8e712cf73bb,46ea8bdb-6073-4428-9248-da3e9e211ea4,60303bf7-6ea0-4292-91b7-b4b4b3d72f02,->,f1dc3983-5daf-40b6-8dea-a8e712cf73bb,46ea8bdb-6073-4428-9248-da3e9e211ea4,5781ac2e-365b-4a93-904d-bb56e484cde2
f1dc3983-5daf-40b6-8dea-a8e712cf73bb,46ea8bdb-6073-4428-9248-da3e9e211ea4,60303bf7-6ea0-4292-91b7-b4b4b3d72f02,->,f1dc3983-5daf-40b6-8dea-a8e712cf73bb,java/util/Calendar.java,getTime
f1dc3983-5daf-40b6-8dea-a8e712cf73bb,46ea8bdb-6073-4428-9248-da3e9e211ea4,60303bf7-6ea0-4292-91b7-b4b4b3d72f02,->,f1dc3983-5daf-40b6-8dea-a8e712cf73bb,java/text/DateFormat.java,format
f1dc3983-5daf-40b6-8dea-a8e712cf73bb,46ea8bdb-6073-4428-9248-da3e9e211ea4,60303bf7-6ea0-4292-91b7-b4b4b3d72f02,->,f1dc3983-5daf-40b6-8dea-a8e712cf73bb,java/lang/StringBuilder.java,append
f1dc3983-5daf-40b6-8dea-a8e712cf73bb,46ea8bdb-6073-4428-9248-da3e9e211ea4,60303bf7-6ea0-4292-91b7-b4b4b3d72f02,->,f1dc3983-5daf-40b6-8dea-a8e712cf73bb,java/lang/StringBuilder.java,append
f1dc3983-5daf-40b6-8dea-a8e712cf73bb,46ea8bdb-6073-4428-9248-da3e9e211ea4,60303bf7-6ea0-4292-91b7-b4b4b3d72f02,->,f1dc3983-5daf-40b6-8dea-a8e712cf73bb,java/lang/StringBuilder.java,toString
f1dc3983-5daf-40b6-8dea-a8e712cf73bb,46ea8bdb-6073-4428-9248-da3e9e211ea4,60303bf7-6ea0-4292-91b7-b4b4b3d72f02,->,f1dc3983-5daf-40b6-8dea-a8e712cf73bb,java/lang/StringBuffer.java,append
f1dc3983-5daf-40b6-8dea-a8e712cf73bb,46ea8bdb-6073-4428-9248-da3e9e211ea4,60303bf7-6ea0-4292-91b7-b4b4b3d72f02,->,f1dc3983-5daf-40b6-8dea-a8e712cf73bb,java/lang/StringBuilder.java,append
f1dc3983-5daf-40b6-8dea-a8e712cf73bb,46ea8bdb-6073-4428-9248-da3e9e211ea4,60303bf7-6ea0-4292-91b7-b4b4b3d72f02,->,f1dc3983-5daf-40b6-8dea-a8e712cf73bb,46ea8bdb-6073-4428-9248-da3e9e211ea4,fa71786c-f67b-4386-abcd-f9e6500ac247
f1dc3983-5daf-40b6-8dea-a8e712cf73bb,46ea8bdb-6073-4428-9248-da3e9e211ea4,60303bf7-6ea0-4292-91b7-b4b4b3d72f02,->,f1dc3983-5daf-40b6-8dea-a8e712cf73bb,java/lang/StringBuilder.java,append
f1dc3983-5daf-40b6-8dea-a8e712cf73bb,46ea8bdb-6073-4428-9248-da3e9e211ea4,60303bf7-6ea0-4292-91b7-b4b4b3d72f02,->,f1dc3983-5daf-40b6-8dea-a8e712cf73bb,java/lang/StringBuilder.java,append
f1dc3983-5daf-40b6-8dea-a8e712cf73bb,46ea8bdb-6073-4428-9248-da3e9e211ea4,60303bf7-6ea0-4292-91b7-b4b4b3d72f02,->,f1dc3983-5daf-40b6-8dea-a8e712cf73bb,java/lang/StringBuilder.java,toString
f1dc3983-5daf-40b6-8dea-a8e712cf73bb,46ea8bdb-6073-4428-9248-da3e9e211ea4,60303bf7-6ea0-4292-91b7-b4b4b3d72f02,->,f1dc3983-5daf-40b6-8dea-a8e712cf73bb,java/lang/StringBuffer.java,append
f1dc3983-5daf-40b6-8dea-a8e712cf73bb,46ea8bdb-6073-4428-9248-da3e9e211ea4,60303bf7-6ea0-4292-91b7-b4b4b3d72f02,->,f1dc3983-5daf-40b6-8dea-a8e712cf73bb,java/lang/StringBuilder.java,append
f1dc3983-5daf-40b6-8dea-a8e712cf73bb,46ea8bdb-6073-4428-9248-da3e9e211ea4,60303bf7-6ea0-4292-91b7-b4b4b3d72f02,->,f1dc3983-5daf-40b6-8dea-a8e712cf73bb,46ea8bdb-6073-4428-9248-da3e9e211ea4,5c5d3b35-03a6-4d31-837b-0266fee0fb8d
f1dc3983-5daf-40b6-8dea-a8e712cf73bb,46ea8bdb-6073-4428-9248-da3e9e211ea4,60303bf7-6ea0-4292-91b7-b4b4b3d72f02,->,f1dc3983-5daf-40b6-8dea-a8e712cf73bb,java/lang/StringBuilder.java,append
f1dc3983-5daf-40b6-8dea-a8e712cf73bb,46ea8bdb-6073-4428-9248-da3e9e211ea4,60303bf7-6ea0-4292-91b7-b4b4b3d72f02,->,f1dc3983-5daf-40b6-8dea-a8e712cf73bb,java/lang/StringBuilder.java,append
f1dc3983-5daf-40b6-8dea-a8e712cf73bb,46ea8bdb-6073-4428-9248-da3e9e211ea4,60303bf7-6ea0-4292-91b7-b4b4b3d72f02,->,f1dc3983-5daf-40b6-8dea-a8e712cf73bb,java/lang/StringBuilder.java,toString
f1dc3983-5daf-40b6-8dea-a8e712cf73bb,46ea8bdb-6073-4428-9248-da3e9e211ea4,60303bf7-6ea0-4292-91b7-b4b4b3d72f02,->,f1dc3983-5daf-40b6-8dea-a8e712cf73bb,java/lang/StringBuffer.java,append
f1dc3983-5daf-40b6-8dea-a8e712cf73bb,46ea8bdb-6073-4428-9248-da3e9e211ea4,60303bf7-6ea0-4292-91b7-b4b4b3d72f02,->,f1dc3983-5daf-40b6-8dea-a8e712cf73bb,java/lang/StringBuilder.java,append
f1dc3983-5daf-40b6-8dea-a8e712cf73bb,46ea8bdb-6073-4428-9248-da3e9e211ea4,60303bf7-6ea0-4292-91b7-b4b4b3d72f02,->,f1dc3983-5daf-40b6-8dea-a8e712cf73bb,46ea8bdb-6073-4428-9248-da3e9e211ea4,1e9de47c-b5ee-4560-9e60-82910aedfef0
f1dc3983-5daf-40b6-8dea-a8e712cf73bb,46ea8bdb-6073-4428-9248-da3e9e211ea4,60303bf7-6ea0-4292-91b7-b4b4b3d72f02,->,f1dc3983-5daf-40b6-8dea-a8e712cf73bb,java/lang/StringBuilder.java,append
f1dc3983-5daf-40b6-8dea-a8e712cf73bb,46ea8bdb-6073-4428-9248-da3e9e211ea4,60303bf7-6ea0-4292-91b7-b4b4b3d72f02,->,f1dc3983-5daf-40b6-8dea-a8e712cf73bb,java/lang/StringBuilder.java,append
f1dc3983-5daf-40b6-8dea-a8e712cf73bb,46ea8bdb-6073-4428-9248-da3e9e211ea4,60303bf7-6ea0-4292-91b7-b4b4b3d72f02,->,f1dc3983-5daf-40b6-8dea-a8e712cf73bb,java/lang/StringBuilder.java,toString
f1dc3983-5daf-40b6-8dea-a8e712cf73bb,46ea8bdb-6073-4428-9248-da3e9e211ea4,60303bf7-6ea0-4292-91b7-b4b4b3d72f02,->,f1dc3983-5daf-40b6-8dea-a8e712cf73bb,java/lang/StringBuffer.java,append
f1dc3983-5daf-40b6-8dea-a8e712cf73bb,46ea8bdb-6073-4428-9248-da3e9e211ea4,60303bf7-6ea0-4292-91b7-b4b4b3d72f02,->,f1dc3983-5daf-40b6-8dea-a8e712cf73bb,java/lang/StringBuilder.java,append
f1dc3983-5daf-40b6-8dea-a8e712cf73bb,46ea8bdb-6073-4428-9248-da3e9e211ea4,60303bf7-6ea0-4292-91b7-b4b4b3d72f02,->,f1dc3983-5daf-40b6-8dea-a8e712cf73bb,46ea8bdb-6073-4428-9248-da3e9e211ea4,39e5a5b2-be39-4164-b9a5-98ee1f4925b2
f1dc3983-5daf-40b6-8dea-a8e712cf73bb,46ea8bdb-6073-4428-9248-da3e9e211ea4,60303bf7-6ea0-4292-91b7-b4b4b3d72f02,->,f1dc3983-5daf-40b6-8dea-a8e712cf73bb,java/lang/StringBuilder.java,append
f1dc3983-5daf-40b6-8dea-a8e712cf73bb,46ea8bdb-6073-4428-9248-da3e9e211ea4,60303bf7-6ea0-4292-91b7-b4b4b3d72f02,->,f1dc3983-5daf-40b6-8dea-a8e712cf73bb,java/lang/StringBuilder.java,append
f1dc3983-5daf-40b6-8dea-a8e712cf73bb,46ea8bdb-6073-4428-9248-da3e9e211ea4,60303bf7-6ea0-4292-91b7-b4b4b3d72f02,->,f1dc3983-5daf-40b6-8dea-a8e712cf73bb,java/lang/StringBuilder.java,toString
f1dc3983-5daf-40b6-8dea-a8e712cf73bb,46ea8bdb-6073-4428-9248-da3e9e211ea4,60303bf7-6ea0-4292-91b7-b4b4b3d72f02,->,f1dc3983-5daf-40b6-8dea-a8e712cf73bb,java/lang/StringBuffer.java,append
f1dc3983-5daf-40b6-8dea-a8e712cf73bb,46ea8bdb-6073-4428-9248-da3e9e211ea4,60303bf7-6ea0-4292-91b7-b4b4b3d72f02,->,f1dc3983-5daf-40b6-8dea-a8e712cf73bb,java/lang/StringBuilder.java,append
f1dc3983-5daf-40b6-8dea-a8e712cf73bb,46ea8bdb-6073-4428-9248-da3e9e211ea4,60303bf7-6ea0-4292-91b7-b4b4b3d72f02,->,f1dc3983-5daf-40b6-8dea-a8e712cf73bb,46ea8bdb-6073-4428-9248-da3e9e211ea4,53f2491b-566b-4a9c-94e2-f44f7ed95061
f1dc3983-5daf-40b6-8dea-a8e712cf73bb,46ea8bdb-6073-4428-9248-da3e9e211ea4,60303bf7-6ea0-4292-91b7-b4b4b3d72f02,->,f1dc3983-5daf-40b6-8dea-a8e712cf73bb,java/lang/StringBuilder.java,append
f1dc3983-5daf-40b6-8dea-a8e712cf73bb,46ea8bdb-6073-4428-9248-da3e9e211ea4,60303bf7-6ea0-4292-91b7-b4b4b3d72f02,->,f1dc3983-5daf-40b6-8dea-a8e712cf73bb,java/lang/StringBuilder.java,append
f1dc3983-5daf-40b6-8dea-a8e712cf73bb,46ea8bdb-6073-4428-9248-da3e9e211ea4,60303bf7-6ea0-4292-91b7-b4b4b3d72f02,->,f1dc3983-5daf-40b6-8dea-a8e712cf73bb,java/lang/StringBuilder.java,toString
f1dc3983-5daf-40b6-8dea-a8e712cf73bb,46ea8bdb-6073-4428-9248-da3e9e211ea4,60303bf7-6ea0-4292-91b7-b4b4b3d72f02,->,f1dc3983-5daf-40b6-8dea-a8e712cf73bb,java/lang/StringBuffer.java,append
f1dc3983-5daf-40b6-8dea-a8e712cf73bb,46ea8bdb-6073-4428-9248-da3e9e211ea4,60303bf7-6ea0-4292-91b7-b4b4b3d72f02,->,f1dc3983-5daf-40b6-8dea-a8e712cf73bb,java/lang/StringBuilder.java,append
f1dc3983-5daf-40b6-8dea-a8e712cf73bb,46ea8bdb-6073-4428-9248-da3e9e211ea4,60303bf7-6ea0-4292-91b7-b4b4b3d72f02,->,f1dc3983-5daf-40b6-8dea-a8e712cf73bb,46ea8bdb-6073-4428-9248-da3e9e211ea4,3aada537-b5ec-4829-a260-6e905197ec5a
f1dc3983-5daf-40b6-8dea-a8e712cf73bb,46ea8bdb-6073-4428-9248-da3e9e211ea4,60303bf7-6ea0-4292-91b7-b4b4b3d72f02,->,f1dc3983-5daf-40b6-8dea-a8e712cf73bb,java/lang/StringBuilder.java,append
f1dc3983-5daf-40b6-8dea-a8e712cf73bb,46ea8bdb-6073-4428-9248-da3e9e211ea4,60303bf7-6ea0-4292-91b7-b4b4b3d72f02,->,f1dc3983-5daf-40b6-8dea-a8e712cf73bb,java/lang/StringBuilder.java,append
f1dc3983-5daf-40b6-8dea-a8e712cf73bb,46ea8bdb-6073-4428-9248-da3e9e211ea4,60303bf7-6ea0-4292-91b7-b4b4b3d72f02,->,f1dc3983-5daf-40b6-8dea-a8e712cf73bb,java/lang/StringBuilder.java,toString
f1dc3983-5daf-40b6-8dea-a8e712cf73bb,46ea8bdb-6073-4428-9248-da3e9e211ea4,60303bf7-6ea0-4292-91b7-b4b4b3d72f02,->,f1dc3983-5daf-40b6-8dea-a8e712cf73bb,java/lang/StringBuffer.java,append
f1dc3983-5daf-40b6-8dea-a8e712cf73bb,46ea8bdb-6073-4428-9248-da3e9e211ea4,60303bf7-6ea0-4292-91b7-b4b4b3d72f02,->,f1dc3983-5daf-40b6-8dea-a8e712cf73bb,java/lang/StringBuilder.java,append
f1dc3983-5daf-40b6-8dea-a8e712cf73bb,46ea8bdb-6073-4428-9248-da3e9e211ea4,60303bf7-6ea0-4292-91b7-b4b4b3d72f02,->,f1dc3983-5daf-40b6-8dea-a8e712cf73bb,46ea8bdb-6073-4428-9248-da3e9e211ea4,ac116dcb-9124-47fb-b3bb-b413ff0d2842
f1dc3983-5daf-40b6-8dea-a8e712cf73bb,46ea8bdb-6073-4428-9248-da3e9e211ea4,60303bf7-6ea0-4292-91b7-b4b4b3d72f02,->,f1dc3983-5daf-40b6-8dea-a8e712cf73bb,java/lang/StringBuilder.java,append
f1dc3983-5daf-40b6-8dea-a8e712cf73bb,46ea8bdb-6073-4428-9248-da3e9e211ea4,60303bf7-6ea0-4292-91b7-b4b4b3d72f02,->,f1dc3983-5daf-40b6-8dea-a8e712cf73bb,java/lang/StringBuilder.java,append
f1dc3983-5daf-40b6-8dea-a8e712cf73bb,46ea8bdb-6073-4428-9248-da3e9e211ea4,60303bf7-6ea0-4292-91b7-b4b4b3d72f02,->,f1dc3983-5daf-40b6-8dea-a8e712cf73bb,java/lang/StringBuilder.java,toString
f1dc3983-5daf-40b6-8dea-a8e712cf73bb,46ea8bdb-6073-4428-9248-da3e9e211ea4,60303bf7-6ea0-4292-91b7-b4b4b3d72f02,->,f1dc3983-5daf-40b6-8dea-a8e712cf73bb,java/lang/StringBuffer.java,append
f1dc3983-5daf-40b6-8dea-a8e712cf73bb,46ea8bdb-6073-4428-9248-da3e9e211ea4,60303bf7-6ea0-4292-91b7-b4b4b3d72f02,->,f1dc3983-5daf-40b6-8dea-a8e712cf73bb,java/lang/StringBuilder.java,append
f1dc3983-5daf-40b6-8dea-a8e712cf73bb,46ea8bdb-6073-4428-9248-da3e9e211ea4,60303bf7-6ea0-4292-91b7-b4b4b3d72f02,->,f1dc3983-5daf-40b6-8dea-a8e712cf73bb,46ea8bdb-6073-4428-9248-da3e9e211ea4,d1f2f841-1195-449f-a55a-6fd5a23e2284
f1dc3983-5daf-40b6-8dea-a8e712cf73bb,46ea8bdb-6073-4428-9248-da3e9e211ea4,60303bf7-6ea0-4292-91b7-b4b4b3d72f02,->,f1dc3983-5daf-40b6-8dea-a8e712cf73bb,java/lang/StringBuilder.java,append
f1dc3983-5daf-40b6-8dea-a8e712cf73bb,46ea8bdb-6073-4428-9248-da3e9e211ea4,60303bf7-6ea0-4292-91b7-b4b4b3d72f02,->,f1dc3983-5daf-40b6-8dea-a8e712cf73bb,java/lang/StringBuilder.java,append
f1dc3983-5daf-40b6-8dea-a8e712cf73bb,46ea8bdb-6073-4428-9248-da3e9e211ea4,60303bf7-6ea0-4292-91b7-b4b4b3d72f02,->,f1dc3983-5daf-40b6-8dea-a8e712cf73bb,java/lang/StringBuilder.java,toString
f1dc3983-5daf-40b6-8dea-a8e712cf73bb,46ea8bdb-6073-4428-9248-da3e9e211ea4,60303bf7-6ea0-4292-91b7-b4b4b3d72f02,->,f1dc3983-5daf-40b6-8dea-a8e712cf73bb,java/lang/StringBuffer.java,append
f1dc3983-5daf-40b6-8dea-a8e712cf73bb,46ea8bdb-6073-4428-9248-da3e9e211ea4,60303bf7-6ea0-4292-91b7-b4b4b3d72f02,->,f1dc3983-5daf-40b6-8dea-a8e712cf73bb,java/util/Collection.java,iterator
f1dc3983-5daf-40b6-8dea-a8e712cf73bb,46ea8bdb-6073-4428-9248-da3e9e211ea4,60303bf7-6ea0-4292-91b7-b4b4b3d72f02,->,f1dc3983-5daf-40b6-8dea-a8e712cf73bb,java/util/Iterator.java,hasNext
f1dc3983-5daf-40b6-8dea-a8e712cf73bb,46ea8bdb-6073-4428-9248-da3e9e211ea4,60303bf7-6ea0-4292-91b7-b4b4b3d72f02,->,f1dc3983-5daf-40b6-8dea-a8e712cf73bb,java/util/Iterator.java,next
f1dc3983-5daf-40b6-8dea-a8e712cf73bb,46ea8bdb-6073-4428-9248-da3e9e211ea4,60303bf7-6ea0-4292-91b7-b4b4b3d72f02,->,f1dc3983-5daf-40b6-8dea-a8e712cf73bb,java/lang/StringBuilder.java,append
f1dc3983-5daf-40b6-8dea-a8e712cf73bb,46ea8bdb-6073-4428-9248-da3e9e211ea4,60303bf7-6ea0-4292-91b7-b4b4b3d72f02,->,f1dc3983-5daf-40b6-8dea-a8e712cf73bb,2e5ebc02-f3d0-423a-95be-92767c90aca1,9fbcd0b4-e68c-4613-8a36-c540706b9d72
f1dc3983-5daf-40b6-8dea-a8e712cf73bb,46ea8bdb-6073-4428-9248-da3e9e211ea4,60303bf7-6ea0-4292-91b7-b4b4b3d72f02,->,f1dc3983-5daf-40b6-8dea-a8e712cf73bb,java/lang/StringBuilder.java,append
f1dc3983-5daf-40b6-8dea-a8e712cf73bb,46ea8bdb-6073-4428-9248-da3e9e211ea4,60303bf7-6ea0-4292-91b7-b4b4b3d72f02,->,f1dc3983-5daf-40b6-8dea-a8e712cf73bb,java/lang/StringBuilder.java,append
f1dc3983-5daf-40b6-8dea-a8e712cf73bb,46ea8bdb-6073-4428-9248-da3e9e211ea4,60303bf7-6ea0-4292-91b7-b4b4b3d72f02,->,f1dc3983-5daf-40b6-8dea-a8e712cf73bb,java/lang/StringBuilder.java,toString
f1dc3983-5daf-40b6-8dea-a8e712cf73bb,46ea8bdb-6073-4428-9248-da3e9e211ea4,60303bf7-6ea0-4292-91b7-b4b4b3d72f02,->,f1dc3983-5daf-40b6-8dea-a8e712cf73bb,java/lang/StringBuffer.java,append
f1dc3983-5daf-40b6-8dea-a8e712cf73bb,46ea8bdb-6073-4428-9248-da3e9e211ea4,60303bf7-6ea0-4292-91b7-b4b4b3d72f02,->,f1dc3983-5daf-40b6-8dea-a8e712cf73bb,java/lang/StringBuilder.java,append
f1dc3983-5daf-40b6-8dea-a8e712cf73bb,46ea8bdb-6073-4428-9248-da3e9e211ea4,60303bf7-6ea0-4292-91b7-b4b4b3d72f02,->,f1dc3983-5daf-40b6-8dea-a8e712cf73bb,2e5ebc02-f3d0-423a-95be-92767c90aca1,0bb1b53f-6623-498e-a78a-36c548301bb7
f1dc3983-5daf-40b6-8dea-a8e712cf73bb,46ea8bdb-6073-4428-9248-da3e9e211ea4,60303bf7-6ea0-4292-91b7-b4b4b3d72f02,->,f1dc3983-5daf-40b6-8dea-a8e712cf73bb,java/lang/StringBuilder.java,append
f1dc3983-5daf-40b6-8dea-a8e712cf73bb,46ea8bdb-6073-4428-9248-da3e9e211ea4,60303bf7-6ea0-4292-91b7-b4b4b3d72f02,->,f1dc3983-5daf-40b6-8dea-a8e712cf73bb,java/lang/StringBuilder.java,append
f1dc3983-5daf-40b6-8dea-a8e712cf73bb,46ea8bdb-6073-4428-9248-da3e9e211ea4,60303bf7-6ea0-4292-91b7-b4b4b3d72f02,->,f1dc3983-5daf-40b6-8dea-a8e712cf73bb,java/lang/StringBuilder.java,toString
f1dc3983-5daf-40b6-8dea-a8e712cf73bb,46ea8bdb-6073-4428-9248-da3e9e211ea4,60303bf7-6ea0-4292-91b7-b4b4b3d72f02,->,f1dc3983-5daf-40b6-8dea-a8e712cf73bb,java/lang/StringBuffer.java,append
f1dc3983-5daf-40b6-8dea-a8e712cf73bb,46ea8bdb-6073-4428-9248-da3e9e211ea4,60303bf7-6ea0-4292-91b7-b4b4b3d72f02,->,f1dc3983-5daf-40b6-8dea-a8e712cf73bb,java/lang/StringBuilder.java,append
f1dc3983-5daf-40b6-8dea-a8e712cf73bb,46ea8bdb-6073-4428-9248-da3e9e211ea4,60303bf7-6ea0-4292-91b7-b4b4b3d72f02,->,f1dc3983-5daf-40b6-8dea-a8e712cf73bb,2e5ebc02-f3d0-423a-95be-92767c90aca1,d9101dae-b588-4be7-ac20-55d0c28ebeaa
f1dc3983-5daf-40b6-8dea-a8e712cf73bb,46ea8bdb-6073-4428-9248-da3e9e211ea4,60303bf7-6ea0-4292-91b7-b4b4b3d72f02,->,f1dc3983-5daf-40b6-8dea-a8e712cf73bb,java/lang/StringBuilder.java,append
f1dc3983-5daf-40b6-8dea-a8e712cf73bb,46ea8bdb-6073-4428-9248-da3e9e211ea4,60303bf7-6ea0-4292-91b7-b4b4b3d72f02,->,f1dc3983-5daf-40b6-8dea-a8e712cf73bb,java/lang/StringBuilder.java,append
f1dc3983-5daf-40b6-8dea-a8e712cf73bb,46ea8bdb-6073-4428-9248-da3e9e211ea4,60303bf7-6ea0-4292-91b7-b4b4b3d72f02,->,f1dc3983-5daf-40b6-8dea-a8e712cf73bb,java/lang/StringBuilder.java,toString
f1dc3983-5daf-40b6-8dea-a8e712cf73bb,46ea8bdb-6073-4428-9248-da3e9e211ea4,60303bf7-6ea0-4292-91b7-b4b4b3d72f02,->,f1dc3983-5daf-40b6-8dea-a8e712cf73bb,java/lang/StringBuffer.java,append
f1dc3983-5daf-40b6-8dea-a8e712cf73bb,46ea8bdb-6073-4428-9248-da3e9e211ea4,60303bf7-6ea0-4292-91b7-b4b4b3d72f02,->,f1dc3983-5daf-40b6-8dea-a8e712cf73bb,java/lang/StringBuilder.java,append
f1dc3983-5daf-40b6-8dea-a8e712cf73bb,46ea8bdb-6073-4428-9248-da3e9e211ea4,60303bf7-6ea0-4292-91b7-b4b4b3d72f02,->,f1dc3983-5daf-40b6-8dea-a8e712cf73bb,2e5ebc02-f3d0-423a-95be-92767c90aca1,9bccf370-b2e7-4f17-886e-44b2aba8e789
f1dc3983-5daf-40b6-8dea-a8e712cf73bb,46ea8bdb-6073-4428-9248-da3e9e211ea4,60303bf7-6ea0-4292-91b7-b4b4b3d72f02,->,f1dc3983-5daf-40b6-8dea-a8e712cf73bb,java/lang/StringBuilder.java,append
f1dc3983-5daf-40b6-8dea-a8e712cf73bb,46ea8bdb-6073-4428-9248-da3e9e211ea4,60303bf7-6ea0-4292-91b7-b4b4b3d72f02,->,f1dc3983-5daf-40b6-8dea-a8e712cf73bb,java/lang/StringBuilder.java,append
f1dc3983-5daf-40b6-8dea-a8e712cf73bb,46ea8bdb-6073-4428-9248-da3e9e211ea4,60303bf7-6ea0-4292-91b7-b4b4b3d72f02,->,f1dc3983-5daf-40b6-8dea-a8e712cf73bb,java/lang/StringBuilder.java,toString
f1dc3983-5daf-40b6-8dea-a8e712cf73bb,46ea8bdb-6073-4428-9248-da3e9e211ea4,60303bf7-6ea0-4292-91b7-b4b4b3d72f02,->,f1dc3983-5daf-40b6-8dea-a8e712cf73bb,java/lang/StringBuffer.java,append
f1dc3983-5daf-40b6-8dea-a8e712cf73bb,46ea8bdb-6073-4428-9248-da3e9e211ea4,60303bf7-6ea0-4292-91b7-b4b4b3d72f02,->,f1dc3983-5daf-40b6-8dea-a8e712cf73bb,java/lang/StringBuilder.java,append
f1dc3983-5daf-40b6-8dea-a8e712cf73bb,46ea8bdb-6073-4428-9248-da3e9e211ea4,60303bf7-6ea0-4292-91b7-b4b4b3d72f02,->,f1dc3983-5daf-40b6-8dea-a8e712cf73bb,2e5ebc02-f3d0-423a-95be-92767c90aca1,2b0491c7-6d69-4ad1-b193-1c7b127470e7
f1dc3983-5daf-40b6-8dea-a8e712cf73bb,46ea8bdb-6073-4428-9248-da3e9e211ea4,60303bf7-6ea0-4292-91b7-b4b4b3d72f02,->,f1dc3983-5daf-40b6-8dea-a8e712cf73bb,java/lang/StringBuilder.java,append
f1dc3983-5daf-40b6-8dea-a8e712cf73bb,46ea8bdb-6073-4428-9248-da3e9e211ea4,60303bf7-6ea0-4292-91b7-b4b4b3d72f02,->,f1dc3983-5daf-40b6-8dea-a8e712cf73bb,java/lang/StringBuilder.java,append
f1dc3983-5daf-40b6-8dea-a8e712cf73bb,46ea8bdb-6073-4428-9248-da3e9e211ea4,60303bf7-6ea0-4292-91b7-b4b4b3d72f02,->,f1dc3983-5daf-40b6-8dea-a8e712cf73bb,java/lang/StringBuilder.java,toString
f1dc3983-5daf-40b6-8dea-a8e712cf73bb,46ea8bdb-6073-4428-9248-da3e9e211ea4,60303bf7-6ea0-4292-91b7-b4b4b3d72f02,->,f1dc3983-5daf-40b6-8dea-a8e712cf73bb,java/lang/StringBuffer.java,append
f1dc3983-5daf-40b6-8dea-a8e712cf73bb,46ea8bdb-6073-4428-9248-da3e9e211ea4,60303bf7-6ea0-4292-91b7-b4b4b3d72f02,->,f1dc3983-5daf-40b6-8dea-a8e712cf73bb,java/sql/SQLException.java,printStackTrace
f1dc3983-5daf-40b6-8dea-a8e712cf73bb,46ea8bdb-6073-4428-9248-da3e9e211ea4,60303bf7-6ea0-4292-91b7-b4b4b3d72f02,->,f1dc3983-5daf-40b6-8dea-a8e712cf73bb,java/lang/StringBuffer.java,toString
f1dc3983-5daf-40b6-8dea-a8e712cf73bb,46ea8bdb-6073-4428-9248-da3e9e211ea4,5e6ff716-c75c-48f9-95cc-de2e9a0cf93e,->,f1dc3983-5daf-40b6-8dea-a8e712cf73bb,46ea8bdb-6073-4428-9248-da3e9e211ea4,5e6ff716-c75c-48f9-95cc-de2e9a0cf93e
f1dc3983-5daf-40b6-8dea-a8e712cf73bb,55d43026-5c52-4a6a-8bc0-517870df561a,11227c71-6dbf-48b2-99e1-53dd6edacd6f,->,f1dc3983-5daf-40b6-8dea-a8e712cf73bb,495a24b3-509f-446a-880a-5e23a89bf661,76c504f6-6541-4328-9b38-ee3df69d99d3
f1dc3983-5daf-40b6-8dea-a8e712cf73bb,55d43026-5c52-4a6a-8bc0-517870df561a,11227c71-6dbf-48b2-99e1-53dd6edacd6f,->,f1dc3983-5daf-40b6-8dea-a8e712cf73bb,c7cdac10-3eac-4c66-8aa0-5fbbf6d253f5,714d54c7-fff0-443c-a5f4-4a0c59b7f36f
f1dc3983-5daf-40b6-8dea-a8e712cf73bb,55d43026-5c52-4a6a-8bc0-517870df561a,11227c71-6dbf-48b2-99e1-53dd6edacd6f,->,f1dc3983-5daf-40b6-8dea-a8e712cf73bb,c7cdac10-3eac-4c66-8aa0-5fbbf6d253f5,458f856a-1f11-4200-8a32-e3ecc7c14340
f1dc3983-5daf-40b6-8dea-a8e712cf73bb,55d43026-5c52-4a6a-8bc0-517870df561a,11227c71-6dbf-48b2-99e1-53dd6edacd6f,->,f1dc3983-5daf-40b6-8dea-a8e712cf73bb,495a24b3-509f-446a-880a-5e23a89bf661,7f63184c-d7a4-4d53-a8a0-8dedda271aee
f1dc3983-5daf-40b6-8dea-a8e712cf73bb,55d43026-5c52-4a6a-8bc0-517870df561a,11227c71-6dbf-48b2-99e1-53dd6edacd6f,->,f1dc3983-5daf-40b6-8dea-a8e712cf73bb,495a24b3-509f-446a-880a-5e23a89bf661,568d3271-607e-465a-8d62-10d708196047
f1dc3983-5daf-40b6-8dea-a8e712cf73bb,55d43026-5c52-4a6a-8bc0-517870df561a,11227c71-6dbf-48b2-99e1-53dd6edacd6f,->,f1dc3983-5daf-40b6-8dea-a8e712cf73bb,495a24b3-509f-446a-880a-5e23a89bf661,76c504f6-6541-4328-9b38-ee3df69d99d3
f1dc3983-5daf-40b6-8dea-a8e712cf73bb,55d43026-5c52-4a6a-8bc0-517870df561a,11227c71-6dbf-48b2-99e1-53dd6edacd6f,->,f1dc3983-5daf-40b6-8dea-a8e712cf73bb,c7cdac10-3eac-4c66-8aa0-5fbbf6d253f5,714d54c7-fff0-443c-a5f4-4a0c59b7f36f
f1dc3983-5daf-40b6-8dea-a8e712cf73bb,55d43026-5c52-4a6a-8bc0-517870df561a,11227c71-6dbf-48b2-99e1-53dd6edacd6f,->,f1dc3983-5daf-40b6-8dea-a8e712cf73bb,c7cdac10-3eac-4c66-8aa0-5fbbf6d253f5,458f856a-1f11-4200-8a32-e3ecc7c14340
f1dc3983-5daf-40b6-8dea-a8e712cf73bb,55d43026-5c52-4a6a-8bc0-517870df561a,11227c71-6dbf-48b2-99e1-53dd6edacd6f,->,f1dc3983-5daf-40b6-8dea-a8e712cf73bb,495a24b3-509f-446a-880a-5e23a89bf661,7f63184c-d7a4-4d53-a8a0-8dedda271aee
f1dc3983-5daf-40b6-8dea-a8e712cf73bb,55d43026-5c52-4a6a-8bc0-517870df561a,11227c71-6dbf-48b2-99e1-53dd6edacd6f,->,f1dc3983-5daf-40b6-8dea-a8e712cf73bb,495a24b3-509f-446a-880a-5e23a89bf661,7f63184c-d7a4-4d53-a8a0-8dedda271aee
f1dc3983-5daf-40b6-8dea-a8e712cf73bb,55d43026-5c52-4a6a-8bc0-517870df561a,11227c71-6dbf-48b2-99e1-53dd6edacd6f,->,f1dc3983-5daf-40b6-8dea-a8e712cf73bb,java/sql/SQLException.java,printStackTrace
f1dc3983-5daf-40b6-8dea-a8e712cf73bb,uk/co/brotherlogic/mdb/CategoryTest.java,<clinit>,->,f1dc3983-5daf-40b6-8dea-a8e712cf73bb,java/lang/Class.java,desiredAssertionStatus
f1dc3983-5daf-40b6-8dea-a8e712cf73bb,6198afdb-06e9-4997-8ed5-260a93c105b5,a8176245-c2e7-4ab2-a082-3b0236231f74,->,f1dc3983-5daf-40b6-8dea-a8e712cf73bb,69ac7b64-9248-4ac5-b8f4-75048ed8f843,b4225403-99f5-4d50-9fe3-ef193b1e6028
f1dc3983-5daf-40b6-8dea-a8e712cf73bb,6198afdb-06e9-4997-8ed5-260a93c105b5,a8176245-c2e7-4ab2-a082-3b0236231f74,->,f1dc3983-5daf-40b6-8dea-a8e712cf73bb,java/sql/PreparedStatement.java,setString
f1dc3983-5daf-40b6-8dea-a8e712cf73bb,6198afdb-06e9-4997-8ed5-260a93c105b5,a8176245-c2e7-4ab2-a082-3b0236231f74,->,f1dc3983-5daf-40b6-8dea-a8e712cf73bb,java/sql/PreparedStatement.java,executeQuery
f1dc3983-5daf-40b6-8dea-a8e712cf73bb,6198afdb-06e9-4997-8ed5-260a93c105b5,a8176245-c2e7-4ab2-a082-3b0236231f74,->,f1dc3983-5daf-40b6-8dea-a8e712cf73bb,java/sql/ResultSet.java,next
f1dc3983-5daf-40b6-8dea-a8e712cf73bb,6198afdb-06e9-4997-8ed5-260a93c105b5,a8176245-c2e7-4ab2-a082-3b0236231f74,->,f1dc3983-5daf-40b6-8dea-a8e712cf73bb,69ac7b64-9248-4ac5-b8f4-75048ed8f843,b4225403-99f5-4d50-9fe3-ef193b1e6028
f1dc3983-5daf-40b6-8dea-a8e712cf73bb,6198afdb-06e9-4997-8ed5-260a93c105b5,a8176245-c2e7-4ab2-a082-3b0236231f74,->,f1dc3983-5daf-40b6-8dea-a8e712cf73bb,java/sql/PreparedStatement.java,setString
f1dc3983-5daf-40b6-8dea-a8e712cf73bb,6198afdb-06e9-4997-8ed5-260a93c105b5,a8176245-c2e7-4ab2-a082-3b0236231f74,->,f1dc3983-5daf-40b6-8dea-a8e712cf73bb,java/sql/PreparedStatement.java,execute
f1dc3983-5daf-40b6-8dea-a8e712cf73bb,6198afdb-06e9-4997-8ed5-260a93c105b5,a8176245-c2e7-4ab2-a082-3b0236231f74,->,f1dc3983-5daf-40b6-8dea-a8e712cf73bb,69ac7b64-9248-4ac5-b8f4-75048ed8f843,b4225403-99f5-4d50-9fe3-ef193b1e6028
f1dc3983-5daf-40b6-8dea-a8e712cf73bb,6198afdb-06e9-4997-8ed5-260a93c105b5,a8176245-c2e7-4ab2-a082-3b0236231f74,->,f1dc3983-5daf-40b6-8dea-a8e712cf73bb,java/sql/PreparedStatement.java,setString
f1dc3983-5daf-40b6-8dea-a8e712cf73bb,6198afdb-06e9-4997-8ed5-260a93c105b5,a8176245-c2e7-4ab2-a082-3b0236231f74,->,f1dc3983-5daf-40b6-8dea-a8e712cf73bb,java/sql/PreparedStatement.java,executeQuery
f1dc3983-5daf-40b6-8dea-a8e712cf73bb,6198afdb-06e9-4997-8ed5-260a93c105b5,a8176245-c2e7-4ab2-a082-3b0236231f74,->,f1dc3983-5daf-40b6-8dea-a8e712cf73bb,java/sql/ResultSet.java,next
f1dc3983-5daf-40b6-8dea-a8e712cf73bb,6198afdb-06e9-4997-8ed5-260a93c105b5,a8176245-c2e7-4ab2-a082-3b0236231f74,->,f1dc3983-5daf-40b6-8dea-a8e712cf73bb,java/sql/ResultSet.java,getInt
f1dc3983-5daf-40b6-8dea-a8e712cf73bb,6198afdb-06e9-4997-8ed5-260a93c105b5,a8176245-c2e7-4ab2-a082-3b0236231f74,->,f1dc3983-5daf-40b6-8dea-a8e712cf73bb,java/sql/ResultSet.java,close
f1dc3983-5daf-40b6-8dea-a8e712cf73bb,6198afdb-06e9-4997-8ed5-260a93c105b5,331c3dc5-96da-4305-a3f3-826be976df17,->,f1dc3983-5daf-40b6-8dea-a8e712cf73bb,4d5d5404-a022-4f98-9bfb-75e7837433dc,cfe058b5-59f9-4bd2-85f2-07dd8ef7ca4b
f1dc3983-5daf-40b6-8dea-a8e712cf73bb,6198afdb-06e9-4997-8ed5-260a93c105b5,331c3dc5-96da-4305-a3f3-826be976df17,->,f1dc3983-5daf-40b6-8dea-a8e712cf73bb,4d5d5404-a022-4f98-9bfb-75e7837433dc,ab036b9d-aa4b-46f0-a485-9b2674240d25
f1dc3983-5daf-40b6-8dea-a8e712cf73bb,6198afdb-06e9-4997-8ed5-260a93c105b5,331c3dc5-96da-4305-a3f3-826be976df17,->,f1dc3983-5daf-40b6-8dea-a8e712cf73bb,java/sql/PreparedStatement.java,executeQuery
f1dc3983-5daf-40b6-8dea-a8e712cf73bb,6198afdb-06e9-4997-8ed5-260a93c105b5,331c3dc5-96da-4305-a3f3-826be976df17,->,f1dc3983-5daf-40b6-8dea-a8e712cf73bb,java/sql/ResultSet.java,next
f1dc3983-5daf-40b6-8dea-a8e712cf73bb,6198afdb-06e9-4997-8ed5-260a93c105b5,331c3dc5-96da-4305-a3f3-826be976df17,->,f1dc3983-5daf-40b6-8dea-a8e712cf73bb,java/sql/ResultSet.java,getString
f1dc3983-5daf-40b6-8dea-a8e712cf73bb,6198afdb-06e9-4997-8ed5-260a93c105b5,331c3dc5-96da-4305-a3f3-826be976df17,->,f1dc3983-5daf-40b6-8dea-a8e712cf73bb,java/sql/ResultSet.java,getInt
f1dc3983-5daf-40b6-8dea-a8e712cf73bb,6198afdb-06e9-4997-8ed5-260a93c105b5,331c3dc5-96da-4305-a3f3-826be976df17,->,f1dc3983-5daf-40b6-8dea-a8e712cf73bb,java/util/Map.java,put
f1dc3983-5daf-40b6-8dea-a8e712cf73bb,6198afdb-06e9-4997-8ed5-260a93c105b5,331c3dc5-96da-4305-a3f3-826be976df17,->,f1dc3983-5daf-40b6-8dea-a8e712cf73bb,java/sql/ResultSet.java,close
f1dc3983-5daf-40b6-8dea-a8e712cf73bb,6198afdb-06e9-4997-8ed5-260a93c105b5,331c3dc5-96da-4305-a3f3-826be976df17,->,f1dc3983-5daf-40b6-8dea-a8e712cf73bb,java/sql/PreparedStatement.java,close
f1dc3983-5daf-40b6-8dea-a8e712cf73bb,6198afdb-06e9-4997-8ed5-260a93c105b5,"7dba553b-c13f-4a64-8b45-bbd5b3920f77,8791b37f-3194-4d3c-b2c9-e9781dedc325",->,f1dc3983-5daf-40b6-8dea-a8e712cf73bb,java/sql/PreparedStatement.java,setInt
f1dc3983-5daf-40b6-8dea-a8e712cf73bb,6198afdb-06e9-4997-8ed5-260a93c105b5,"7dba553b-c13f-4a64-8b45-bbd5b3920f77,8791b37f-3194-4d3c-b2c9-e9781dedc325",->,f1dc3983-5daf-40b6-8dea-a8e712cf73bb,java/sql/PreparedStatement.java,executeQuery
f1dc3983-5daf-40b6-8dea-a8e712cf73bb,6198afdb-06e9-4997-8ed5-260a93c105b5,"7dba553b-c13f-4a64-8b45-bbd5b3920f77,8791b37f-3194-4d3c-b2c9-e9781dedc325",->,f1dc3983-5daf-40b6-8dea-a8e712cf73bb,java/sql/ResultSet.java,next
f1dc3983-5daf-40b6-8dea-a8e712cf73bb,6198afdb-06e9-4997-8ed5-260a93c105b5,"7dba553b-c13f-4a64-8b45-bbd5b3920f77,8791b37f-3194-4d3c-b2c9-e9781dedc325",->,f1dc3983-5daf-40b6-8dea-a8e712cf73bb,java/sql/ResultSet.java,getString
f1dc3983-5daf-40b6-8dea-a8e712cf73bb,6198afdb-06e9-4997-8ed5-260a93c105b5,"7dba553b-c13f-4a64-8b45-bbd5b3920f77,8791b37f-3194-4d3c-b2c9-e9781dedc325",->,f1dc3983-5daf-40b6-8dea-a8e712cf73bb,java/sql/ResultSet.java,close
f1dc3983-5daf-40b6-8dea-a8e712cf73bb,6198afdb-06e9-4997-8ed5-260a93c105b5,"7dba553b-c13f-4a64-8b45-bbd5b3920f77,8791b37f-3194-4d3c-b2c9-e9781dedc325",->,f1dc3983-5daf-40b6-8dea-a8e712cf73bb,java/sql/ResultSet.java,close
f1dc3983-5daf-40b6-8dea-a8e712cf73bb,6198afdb-06e9-4997-8ed5-260a93c105b5,"7dba553b-c13f-4a64-8b45-bbd5b3920f77,8791b37f-3194-4d3c-b2c9-e9781dedc325",->,f1dc3983-5daf-40b6-8dea-a8e712cf73bb,java/sql/PreparedStatement.java,setString
f1dc3983-5daf-40b6-8dea-a8e712cf73bb,6198afdb-06e9-4997-8ed5-260a93c105b5,"7dba553b-c13f-4a64-8b45-bbd5b3920f77,8791b37f-3194-4d3c-b2c9-e9781dedc325",->,f1dc3983-5daf-40b6-8dea-a8e712cf73bb,java/sql/PreparedStatement.java,executeQuery
f1dc3983-5daf-40b6-8dea-a8e712cf73bb,6198afdb-06e9-4997-8ed5-260a93c105b5,"7dba553b-c13f-4a64-8b45-bbd5b3920f77,8791b37f-3194-4d3c-b2c9-e9781dedc325",->,f1dc3983-5daf-40b6-8dea-a8e712cf73bb,java/sql/ResultSet.java,next
f1dc3983-5daf-40b6-8dea-a8e712cf73bb,6198afdb-06e9-4997-8ed5-260a93c105b5,"7dba553b-c13f-4a64-8b45-bbd5b3920f77,8791b37f-3194-4d3c-b2c9-e9781dedc325",->,f1dc3983-5daf-40b6-8dea-a8e712cf73bb,java/sql/ResultSet.java,getInt
f1dc3983-5daf-40b6-8dea-a8e712cf73bb,6198afdb-06e9-4997-8ed5-260a93c105b5,"7dba553b-c13f-4a64-8b45-bbd5b3920f77,8791b37f-3194-4d3c-b2c9-e9781dedc325",->,f1dc3983-5daf-40b6-8dea-a8e712cf73bb,java/sql/ResultSet.java,close
f1dc3983-5daf-40b6-8dea-a8e712cf73bb,6198afdb-06e9-4997-8ed5-260a93c105b5,"7dba553b-c13f-4a64-8b45-bbd5b3920f77,8791b37f-3194-4d3c-b2c9-e9781dedc325",->,f1dc3983-5daf-40b6-8dea-a8e712cf73bb,java/sql/ResultSet.java,close
f1dc3983-5daf-40b6-8dea-a8e712cf73bb,6198afdb-06e9-4997-8ed5-260a93c105b5,fcde6a74-da33-4363-b26b-fc82aeae96c4,->,f1dc3983-5daf-40b6-8dea-a8e712cf73bb,java/util/Map.java,size
f1dc3983-5daf-40b6-8dea-a8e712cf73bb,6198afdb-06e9-4997-8ed5-260a93c105b5,fcde6a74-da33-4363-b26b-fc82aeae96c4,->,f1dc3983-5daf-40b6-8dea-a8e712cf73bb,6198afdb-06e9-4997-8ed5-260a93c105b5,331c3dc5-96da-4305-a3f3-826be976df17
f1dc3983-5daf-40b6-8dea-a8e712cf73bb,6198afdb-06e9-4997-8ed5-260a93c105b5,fcde6a74-da33-4363-b26b-fc82aeae96c4,->,f1dc3983-5daf-40b6-8dea-a8e712cf73bb,java/sql/SQLException.java,printStackTrace
f1dc3983-5daf-40b6-8dea-a8e712cf73bb,6198afdb-06e9-4997-8ed5-260a93c105b5,fcde6a74-da33-4363-b26b-fc82aeae96c4,->,f1dc3983-5daf-40b6-8dea-a8e712cf73bb,java/util/Map.java,values
f1dc3983-5daf-40b6-8dea-a8e712cf73bb,6198afdb-06e9-4997-8ed5-260a93c105b5,c152c448-8e92-49d3-add3-e7c5d1bd2a81,->,f1dc3983-5daf-40b6-8dea-a8e712cf73bb,4d5d5404-a022-4f98-9bfb-75e7837433dc,cfe058b5-59f9-4bd2-85f2-07dd8ef7ca4b
f1dc3983-5daf-40b6-8dea-a8e712cf73bb,6198afdb-06e9-4997-8ed5-260a93c105b5,c152c448-8e92-49d3-add3-e7c5d1bd2a81,->,f1dc3983-5daf-40b6-8dea-a8e712cf73bb,4d5d5404-a022-4f98-9bfb-75e7837433dc,ab036b9d-aa4b-46f0-a485-9b2674240d25
f1dc3983-5daf-40b6-8dea-a8e712cf73bb,6198afdb-06e9-4997-8ed5-260a93c105b5,c152c448-8e92-49d3-add3-e7c5d1bd2a81,->,f1dc3983-5daf-40b6-8dea-a8e712cf73bb,java/sql/PreparedStatement.java,setInt
f1dc3983-5daf-40b6-8dea-a8e712cf73bb,6198afdb-06e9-4997-8ed5-260a93c105b5,c152c448-8e92-49d3-add3-e7c5d1bd2a81,->,f1dc3983-5daf-40b6-8dea-a8e712cf73bb,java/sql/PreparedStatement.java,executeQuery
f1dc3983-5daf-40b6-8dea-a8e712cf73bb,6198afdb-06e9-4997-8ed5-260a93c105b5,c152c448-8e92-49d3-add3-e7c5d1bd2a81,->,f1dc3983-5daf-40b6-8dea-a8e712cf73bb,java/sql/ResultSet.java,next
f1dc3983-5daf-40b6-8dea-a8e712cf73bb,6198afdb-06e9-4997-8ed5-260a93c105b5,c152c448-8e92-49d3-add3-e7c5d1bd2a81,->,f1dc3983-5daf-40b6-8dea-a8e712cf73bb,42b060b8-8069-4ce2-b697-af4348e810da,9db7681e-b6da-43b8-a39b-41ccc0a749a4
f1dc3983-5daf-40b6-8dea-a8e712cf73bb,6198afdb-06e9-4997-8ed5-260a93c105b5,c152c448-8e92-49d3-add3-e7c5d1bd2a81,->,f1dc3983-5daf-40b6-8dea-a8e712cf73bb,java/sql/ResultSet.java,getInt
f1dc3983-5daf-40b6-8dea-a8e712cf73bb,6198afdb-06e9-4997-8ed5-260a93c105b5,c152c448-8e92-49d3-add3-e7c5d1bd2a81,->,f1dc3983-5daf-40b6-8dea-a8e712cf73bb,42b060b8-8069-4ce2-b697-af4348e810da,b6677a8c-26a8-4911-be26-5b1ff9b09b1e
f1dc3983-5daf-40b6-8dea-a8e712cf73bb,6198afdb-06e9-4997-8ed5-260a93c105b5,c152c448-8e92-49d3-add3-e7c5d1bd2a81,->,f1dc3983-5daf-40b6-8dea-a8e712cf73bb,java/util/Collection.java,add
f1dc3983-5daf-40b6-8dea-a8e712cf73bb,6198afdb-06e9-4997-8ed5-260a93c105b5,a95c5a4c-36a4-46d9-b165-be7b3e12cfa0,->,f1dc3983-5daf-40b6-8dea-a8e712cf73bb,4d5d5404-a022-4f98-9bfb-75e7837433dc,cfe058b5-59f9-4bd2-85f2-07dd8ef7ca4b
f1dc3983-5daf-40b6-8dea-a8e712cf73bb,6198afdb-06e9-4997-8ed5-260a93c105b5,a95c5a4c-36a4-46d9-b165-be7b3e12cfa0,->,f1dc3983-5daf-40b6-8dea-a8e712cf73bb,4d5d5404-a022-4f98-9bfb-75e7837433dc,ab036b9d-aa4b-46f0-a485-9b2674240d25
f1dc3983-5daf-40b6-8dea-a8e712cf73bb,6198afdb-06e9-4997-8ed5-260a93c105b5,a95c5a4c-36a4-46d9-b165-be7b3e12cfa0,->,f1dc3983-5daf-40b6-8dea-a8e712cf73bb,java/lang/StringBuilder.java,append
f1dc3983-5daf-40b6-8dea-a8e712cf73bb,6198afdb-06e9-4997-8ed5-260a93c105b5,a95c5a4c-36a4-46d9-b165-be7b3e12cfa0,->,f1dc3983-5daf-40b6-8dea-a8e712cf73bb,java/lang/String.java,toLowerCase
f1dc3983-5daf-40b6-8dea-a8e712cf73bb,6198afdb-06e9-4997-8ed5-260a93c105b5,a95c5a4c-36a4-46d9-b165-be7b3e12cfa0,->,f1dc3983-5daf-40b6-8dea-a8e712cf73bb,java/lang/StringBuilder.java,append
f1dc3983-5daf-40b6-8dea-a8e712cf73bb,6198afdb-06e9-4997-8ed5-260a93c105b5,a95c5a4c-36a4-46d9-b165-be7b3e12cfa0,->,f1dc3983-5daf-40b6-8dea-a8e712cf73bb,java/lang/StringBuilder.java,append
f1dc3983-5daf-40b6-8dea-a8e712cf73bb,6198afdb-06e9-4997-8ed5-260a93c105b5,a95c5a4c-36a4-46d9-b165-be7b3e12cfa0,->,f1dc3983-5daf-40b6-8dea-a8e712cf73bb,java/lang/StringBuilder.java,toString
f1dc3983-5daf-40b6-8dea-a8e712cf73bb,6198afdb-06e9-4997-8ed5-260a93c105b5,a95c5a4c-36a4-46d9-b165-be7b3e12cfa0,->,f1dc3983-5daf-40b6-8dea-a8e712cf73bb,java/sql/PreparedStatement.java,setString
f1dc3983-5daf-40b6-8dea-a8e712cf73bb,6198afdb-06e9-4997-8ed5-260a93c105b5,a95c5a4c-36a4-46d9-b165-be7b3e12cfa0,->,f1dc3983-5daf-40b6-8dea-a8e712cf73bb,4d5d5404-a022-4f98-9bfb-75e7837433dc,cfe058b5-59f9-4bd2-85f2-07dd8ef7ca4b
f1dc3983-5daf-40b6-8dea-a8e712cf73bb,6198afdb-06e9-4997-8ed5-260a93c105b5,a95c5a4c-36a4-46d9-b165-be7b3e12cfa0,->,f1dc3983-5daf-40b6-8dea-a8e712cf73bb,4d5d5404-a022-4f98-9bfb-75e7837433dc,c6697ba3-0f94-4dee-8f5b-789d53ec0631
f1dc3983-5daf-40b6-8dea-a8e712cf73bb,6198afdb-06e9-4997-8ed5-260a93c105b5,a95c5a4c-36a4-46d9-b165-be7b3e12cfa0,->,f1dc3983-5daf-40b6-8dea-a8e712cf73bb,java/sql/ResultSet.java,next
f1dc3983-5daf-40b6-8dea-a8e712cf73bb,6198afdb-06e9-4997-8ed5-260a93c105b5,a95c5a4c-36a4-46d9-b165-be7b3e12cfa0,->,f1dc3983-5daf-40b6-8dea-a8e712cf73bb,java/sql/ResultSet.java,getInt
f1dc3983-5daf-40b6-8dea-a8e712cf73bb,6198afdb-06e9-4997-8ed5-260a93c105b5,a95c5a4c-36a4-46d9-b165-be7b3e12cfa0,->,f1dc3983-5daf-40b6-8dea-a8e712cf73bb,6198afdb-06e9-4997-8ed5-260a93c105b5,"7dba553b-c13f-4a64-8b45-bbd5b3920f77,8791b37f-3194-4d3c-b2c9-e9781dedc325"
f1dc3983-5daf-40b6-8dea-a8e712cf73bb,6198afdb-06e9-4997-8ed5-260a93c105b5,a95c5a4c-36a4-46d9-b165-be7b3e12cfa0,->,f1dc3983-5daf-40b6-8dea-a8e712cf73bb,java/util/List.java,add
f1dc3983-5daf-40b6-8dea-a8e712cf73bb,69ac7b64-9248-4ac5-b8f4-75048ed8f843,9df181c7-9e10-4fcf-b3cd-4da14fea29b3,->,f1dc3983-5daf-40b6-8dea-a8e712cf73bb,java/lang/String.java,toLowerCase
f1dc3983-5daf-40b6-8dea-a8e712cf73bb,69ac7b64-9248-4ac5-b8f4-75048ed8f843,9df181c7-9e10-4fcf-b3cd-4da14fea29b3,->,f1dc3983-5daf-40b6-8dea-a8e712cf73bb,java/lang/String.java,toLowerCase
f1dc3983-5daf-40b6-8dea-a8e712cf73bb,69ac7b64-9248-4ac5-b8f4-75048ed8f843,9df181c7-9e10-4fcf-b3cd-4da14fea29b3,->,f1dc3983-5daf-40b6-8dea-a8e712cf73bb,java/lang/String.java,compareTo
f1dc3983-5daf-40b6-8dea-a8e712cf73bb,69ac7b64-9248-4ac5-b8f4-75048ed8f843,c79e7097-330c-4b62-9dc2-162f442e41c4,->,f1dc3983-5daf-40b6-8dea-a8e712cf73bb,69ac7b64-9248-4ac5-b8f4-75048ed8f843,9df181c7-9e10-4fcf-b3cd-4da14fea29b3
f1dc3983-5daf-40b6-8dea-a8e712cf73bb,69ac7b64-9248-4ac5-b8f4-75048ed8f843,20d4bc52-20f2-41c3-a414-85e39221601f,->,f1dc3983-5daf-40b6-8dea-a8e712cf73bb,6198afdb-06e9-4997-8ed5-260a93c105b5,e4b89c22-c7fc-4c4a-8501-278ccf890630
f1dc3983-5daf-40b6-8dea-a8e712cf73bb,69ac7b64-9248-4ac5-b8f4-75048ed8f843,20d4bc52-20f2-41c3-a414-85e39221601f,->,f1dc3983-5daf-40b6-8dea-a8e712cf73bb,6198afdb-06e9-4997-8ed5-260a93c105b5,c152c448-8e92-49d3-add3-e7c5d1bd2a81
f1dc3983-5daf-40b6-8dea-a8e712cf73bb,69ac7b64-9248-4ac5-b8f4-75048ed8f843,e42ae45f-72e4-4a3b-b4ee-c6ec7ae1e080,->,f1dc3983-5daf-40b6-8dea-a8e712cf73bb,java/lang/String.java,hashCode
f1dc3983-5daf-40b6-8dea-a8e712cf73bb,69ac7b64-9248-4ac5-b8f4-75048ed8f843,6aceb7ed-c9d4-454d-a368-4fb6e00103e1,->,f1dc3983-5daf-40b6-8dea-a8e712cf73bb,6198afdb-06e9-4997-8ed5-260a93c105b5,e4b89c22-c7fc-4c4a-8501-278ccf890630
f1dc3983-5daf-40b6-8dea-a8e712cf73bb,69ac7b64-9248-4ac5-b8f4-75048ed8f843,6aceb7ed-c9d4-454d-a368-4fb6e00103e1,->,f1dc3983-5daf-40b6-8dea-a8e712cf73bb,6198afdb-06e9-4997-8ed5-260a93c105b5,a8176245-c2e7-4ab2-a082-3b0236231f74
f1dc3983-5daf-40b6-8dea-a8e712cf73bb,69ac7b64-9248-4ac5-b8f4-75048ed8f843,9df181c7-9e10-4fcf-b3cd-4da14fea29b3,->,f1dc3983-5daf-40b6-8dea-a8e712cf73bb,69ac7b64-9248-4ac5-b8f4-75048ed8f843,9df181c7-9e10-4fcf-b3cd-4da14fea29b3
f1dc3983-5daf-40b6-8dea-a8e712cf73bb,ef589e53-44de-409c-9e81-ccf56e3654fa,a17af1c2-0943-44a3-94d1-7fb4d0784ef5,->,f1dc3983-5daf-40b6-8dea-a8e712cf73bb,7111fdad-32ae-44ce-aecb-8a1afef85fc1,a66609bb-5bb4-4d32-8852-aeba9c835db3
f1dc3983-5daf-40b6-8dea-a8e712cf73bb,ef589e53-44de-409c-9e81-ccf56e3654fa,a17af1c2-0943-44a3-94d1-7fb4d0784ef5,->,f1dc3983-5daf-40b6-8dea-a8e712cf73bb,7111fdad-32ae-44ce-aecb-8a1afef85fc1,a66609bb-5bb4-4d32-8852-aeba9c835db3
f1dc3983-5daf-40b6-8dea-a8e712cf73bb,ef589e53-44de-409c-9e81-ccf56e3654fa,a17af1c2-0943-44a3-94d1-7fb4d0784ef5,->,f1dc3983-5daf-40b6-8dea-a8e712cf73bb,f206751d-d458-4b7a-a4a8-72d4bc1e8a8c,b03e9418-7ab3-4114-adfb-bf32f06a0d8a
f1dc3983-5daf-40b6-8dea-a8e712cf73bb,ef589e53-44de-409c-9e81-ccf56e3654fa,a17af1c2-0943-44a3-94d1-7fb4d0784ef5,->,f1dc3983-5daf-40b6-8dea-a8e712cf73bb,7111fdad-32ae-44ce-aecb-8a1afef85fc1,305f690d-69c3-4183-ad47-da1c782062eb
f1dc3983-5daf-40b6-8dea-a8e712cf73bb,ef589e53-44de-409c-9e81-ccf56e3654fa,a17af1c2-0943-44a3-94d1-7fb4d0784ef5,->,f1dc3983-5daf-40b6-8dea-a8e712cf73bb,58b6f058-eb41-4728-9329-3c253af52eb6,5b56014e-5e46-4583-a30d-c7ed84ceb455
f1dc3983-5daf-40b6-8dea-a8e712cf73bb,ef589e53-44de-409c-9e81-ccf56e3654fa,a17af1c2-0943-44a3-94d1-7fb4d0784ef5,->,f1dc3983-5daf-40b6-8dea-a8e712cf73bb,58b6f058-eb41-4728-9329-3c253af52eb6,"b80afa00-8b2d-4fc5-99de-f1442c6fe63b,c1171709-d810-432c-bd0b-22758db807c8"
f1dc3983-5daf-40b6-8dea-a8e712cf73bb,ef589e53-44de-409c-9e81-ccf56e3654fa,a17af1c2-0943-44a3-94d1-7fb4d0784ef5,->,f1dc3983-5daf-40b6-8dea-a8e712cf73bb,f206751d-d458-4b7a-a4a8-72d4bc1e8a8c,acc54cbe-4183-474f-8494-9291b3a508e8
f1dc3983-5daf-40b6-8dea-a8e712cf73bb,ef589e53-44de-409c-9e81-ccf56e3654fa,a17af1c2-0943-44a3-94d1-7fb4d0784ef5,->,f1dc3983-5daf-40b6-8dea-a8e712cf73bb,java/lang/StringBuilder.java,append
f1dc3983-5daf-40b6-8dea-a8e712cf73bb,ef589e53-44de-409c-9e81-ccf56e3654fa,a17af1c2-0943-44a3-94d1-7fb4d0784ef5,->,f1dc3983-5daf-40b6-8dea-a8e712cf73bb,java/util/LinkedList.java,size
f1dc3983-5daf-40b6-8dea-a8e712cf73bb,ef589e53-44de-409c-9e81-ccf56e3654fa,a17af1c2-0943-44a3-94d1-7fb4d0784ef5,->,f1dc3983-5daf-40b6-8dea-a8e712cf73bb,java/lang/StringBuilder.java,append
f1dc3983-5daf-40b6-8dea-a8e712cf73bb,ef589e53-44de-409c-9e81-ccf56e3654fa,a17af1c2-0943-44a3-94d1-7fb4d0784ef5,->,f1dc3983-5daf-40b6-8dea-a8e712cf73bb,java/lang/StringBuilder.java,toString
f1dc3983-5daf-40b6-8dea-a8e712cf73bb,ef589e53-44de-409c-9e81-ccf56e3654fa,a17af1c2-0943-44a3-94d1-7fb4d0784ef5,->,f1dc3983-5daf-40b6-8dea-a8e712cf73bb,java/io/PrintStream.java,println
f1dc3983-5daf-40b6-8dea-a8e712cf73bb,ef589e53-44de-409c-9e81-ccf56e3654fa,a17af1c2-0943-44a3-94d1-7fb4d0784ef5,->,f1dc3983-5daf-40b6-8dea-a8e712cf73bb,java/util/LinkedList.java,size
f1dc3983-5daf-40b6-8dea-a8e712cf73bb,ef589e53-44de-409c-9e81-ccf56e3654fa,a17af1c2-0943-44a3-94d1-7fb4d0784ef5,->,f1dc3983-5daf-40b6-8dea-a8e712cf73bb,java/util/LinkedList.java,get
f1dc3983-5daf-40b6-8dea-a8e712cf73bb,ef589e53-44de-409c-9e81-ccf56e3654fa,a17af1c2-0943-44a3-94d1-7fb4d0784ef5,->,f1dc3983-5daf-40b6-8dea-a8e712cf73bb,7111fdad-32ae-44ce-aecb-8a1afef85fc1,fc8c0e56-0109-47f7-9eea-c0907834b09f
f1dc3983-5daf-40b6-8dea-a8e712cf73bb,ef589e53-44de-409c-9e81-ccf56e3654fa,a17af1c2-0943-44a3-94d1-7fb4d0784ef5,->,f1dc3983-5daf-40b6-8dea-a8e712cf73bb,java/util/LinkedList.java,size
f1dc3983-5daf-40b6-8dea-a8e712cf73bb,ef589e53-44de-409c-9e81-ccf56e3654fa,a17af1c2-0943-44a3-94d1-7fb4d0784ef5,->,f1dc3983-5daf-40b6-8dea-a8e712cf73bb,java/util/LinkedList.java,get
f1dc3983-5daf-40b6-8dea-a8e712cf73bb,ef589e53-44de-409c-9e81-ccf56e3654fa,a17af1c2-0943-44a3-94d1-7fb4d0784ef5,->,f1dc3983-5daf-40b6-8dea-a8e712cf73bb,edfb3cf2-a62e-4314-ac6a-8a6bad7c286e,bf0c5573-8380-4d69-8f55-84b1b99687f0
f1dc3983-5daf-40b6-8dea-a8e712cf73bb,ef589e53-44de-409c-9e81-ccf56e3654fa,a17af1c2-0943-44a3-94d1-7fb4d0784ef5,->,f1dc3983-5daf-40b6-8dea-a8e712cf73bb,java/util/LinkedList.java,get
f1dc3983-5daf-40b6-8dea-a8e712cf73bb,ef589e53-44de-409c-9e81-ccf56e3654fa,a17af1c2-0943-44a3-94d1-7fb4d0784ef5,->,f1dc3983-5daf-40b6-8dea-a8e712cf73bb,edfb3cf2-a62e-4314-ac6a-8a6bad7c286e,bf0c5573-8380-4d69-8f55-84b1b99687f0
f1dc3983-5daf-40b6-8dea-a8e712cf73bb,ef589e53-44de-409c-9e81-ccf56e3654fa,a17af1c2-0943-44a3-94d1-7fb4d0784ef5,->,f1dc3983-5daf-40b6-8dea-a8e712cf73bb,java/util/LinkedList.java,get
f1dc3983-5daf-40b6-8dea-a8e712cf73bb,ef589e53-44de-409c-9e81-ccf56e3654fa,a17af1c2-0943-44a3-94d1-7fb4d0784ef5,->,f1dc3983-5daf-40b6-8dea-a8e712cf73bb,edfb3cf2-a62e-4314-ac6a-8a6bad7c286e,bf0c5573-8380-4d69-8f55-84b1b99687f0
f1dc3983-5daf-40b6-8dea-a8e712cf73bb,ef589e53-44de-409c-9e81-ccf56e3654fa,a17af1c2-0943-44a3-94d1-7fb4d0784ef5,->,f1dc3983-5daf-40b6-8dea-a8e712cf73bb,java/util/LinkedList.java,get
f1dc3983-5daf-40b6-8dea-a8e712cf73bb,ef589e53-44de-409c-9e81-ccf56e3654fa,a17af1c2-0943-44a3-94d1-7fb4d0784ef5,->,f1dc3983-5daf-40b6-8dea-a8e712cf73bb,edfb3cf2-a62e-4314-ac6a-8a6bad7c286e,bf0c5573-8380-4d69-8f55-84b1b99687f0
f1dc3983-5daf-40b6-8dea-a8e712cf73bb,ef589e53-44de-409c-9e81-ccf56e3654fa,a17af1c2-0943-44a3-94d1-7fb4d0784ef5,->,f1dc3983-5daf-40b6-8dea-a8e712cf73bb,7111fdad-32ae-44ce-aecb-8a1afef85fc1,a66609bb-5bb4-4d32-8852-aeba9c835db3
f1dc3983-5daf-40b6-8dea-a8e712cf73bb,ef589e53-44de-409c-9e81-ccf56e3654fa,a17af1c2-0943-44a3-94d1-7fb4d0784ef5,->,f1dc3983-5daf-40b6-8dea-a8e712cf73bb,7111fdad-32ae-44ce-aecb-8a1afef85fc1,a66609bb-5bb4-4d32-8852-aeba9c835db3
f1dc3983-5daf-40b6-8dea-a8e712cf73bb,ef589e53-44de-409c-9e81-ccf56e3654fa,a17af1c2-0943-44a3-94d1-7fb4d0784ef5,->,f1dc3983-5daf-40b6-8dea-a8e712cf73bb,f206751d-d458-4b7a-a4a8-72d4bc1e8a8c,b03e9418-7ab3-4114-adfb-bf32f06a0d8a
f1dc3983-5daf-40b6-8dea-a8e712cf73bb,ef589e53-44de-409c-9e81-ccf56e3654fa,a17af1c2-0943-44a3-94d1-7fb4d0784ef5,->,f1dc3983-5daf-40b6-8dea-a8e712cf73bb,7111fdad-32ae-44ce-aecb-8a1afef85fc1,305f690d-69c3-4183-ad47-da1c782062eb
f1dc3983-5daf-40b6-8dea-a8e712cf73bb,ef589e53-44de-409c-9e81-ccf56e3654fa,a17af1c2-0943-44a3-94d1-7fb4d0784ef5,->,f1dc3983-5daf-40b6-8dea-a8e712cf73bb,java/sql/SQLException.java,printStackTrace
f1dc3983-5daf-40b6-8dea-a8e712cf73bb,uk/co/brotherlogic/mdb/LineUpTest.java,<clinit>,->,f1dc3983-5daf-40b6-8dea-a8e712cf73bb,java/lang/Class.java,desiredAssertionStatus
f1dc3983-5daf-40b6-8dea-a8e712cf73bb,5b533daf-bbb9-4e2e-b53b-65be87e0aeef,96c53499-2301-426f-874c-f6d437c5f74e,->,f1dc3983-5daf-40b6-8dea-a8e712cf73bb,4d5d5404-a022-4f98-9bfb-75e7837433dc,cfe058b5-59f9-4bd2-85f2-07dd8ef7ca4b
f1dc3983-5daf-40b6-8dea-a8e712cf73bb,5b533daf-bbb9-4e2e-b53b-65be87e0aeef,96c53499-2301-426f-874c-f6d437c5f74e,->,f1dc3983-5daf-40b6-8dea-a8e712cf73bb,4d5d5404-a022-4f98-9bfb-75e7837433dc,ab036b9d-aa4b-46f0-a485-9b2674240d25
f1dc3983-5daf-40b6-8dea-a8e712cf73bb,5b533daf-bbb9-4e2e-b53b-65be87e0aeef,96c53499-2301-426f-874c-f6d437c5f74e,->,f1dc3983-5daf-40b6-8dea-a8e712cf73bb,java/sql/PreparedStatement.java,execute
f1dc3983-5daf-40b6-8dea-a8e712cf73bb,5b533daf-bbb9-4e2e-b53b-65be87e0aeef,96c53499-2301-426f-874c-f6d437c5f74e,->,f1dc3983-5daf-40b6-8dea-a8e712cf73bb,4d5d5404-a022-4f98-9bfb-75e7837433dc,cfe058b5-59f9-4bd2-85f2-07dd8ef7ca4b
f1dc3983-5daf-40b6-8dea-a8e712cf73bb,5b533daf-bbb9-4e2e-b53b-65be87e0aeef,96c53499-2301-426f-874c-f6d437c5f74e,->,f1dc3983-5daf-40b6-8dea-a8e712cf73bb,4d5d5404-a022-4f98-9bfb-75e7837433dc,ab036b9d-aa4b-46f0-a485-9b2674240d25
f1dc3983-5daf-40b6-8dea-a8e712cf73bb,5b533daf-bbb9-4e2e-b53b-65be87e0aeef,96c53499-2301-426f-874c-f6d437c5f74e,->,f1dc3983-5daf-40b6-8dea-a8e712cf73bb,java/sql/PreparedStatement.java,executeQuery
f1dc3983-5daf-40b6-8dea-a8e712cf73bb,5b533daf-bbb9-4e2e-b53b-65be87e0aeef,96c53499-2301-426f-874c-f6d437c5f74e,->,f1dc3983-5daf-40b6-8dea-a8e712cf73bb,java/sql/ResultSet.java,next
f1dc3983-5daf-40b6-8dea-a8e712cf73bb,5b533daf-bbb9-4e2e-b53b-65be87e0aeef,96c53499-2301-426f-874c-f6d437c5f74e,->,f1dc3983-5daf-40b6-8dea-a8e712cf73bb,java/sql/ResultSet.java,getString
f1dc3983-5daf-40b6-8dea-a8e712cf73bb,5b533daf-bbb9-4e2e-b53b-65be87e0aeef,96c53499-2301-426f-874c-f6d437c5f74e,->,f1dc3983-5daf-40b6-8dea-a8e712cf73bb,java/lang/String.java,equals
f1dc3983-5daf-40b6-8dea-a8e712cf73bb,5b533daf-bbb9-4e2e-b53b-65be87e0aeef,96c53499-2301-426f-874c-f6d437c5f74e,->,f1dc3983-5daf-40b6-8dea-a8e712cf73bb,java/sql/ResultSet.java,getInt
f1dc3983-5daf-40b6-8dea-a8e712cf73bb,5b533daf-bbb9-4e2e-b53b-65be87e0aeef,96c53499-2301-426f-874c-f6d437c5f74e,->,f1dc3983-5daf-40b6-8dea-a8e712cf73bb,java/sql/ResultSet.java,getInt
f1dc3983-5daf-40b6-8dea-a8e712cf73bb,5b533daf-bbb9-4e2e-b53b-65be87e0aeef,96c53499-2301-426f-874c-f6d437c5f74e,->,f1dc3983-5daf-40b6-8dea-a8e712cf73bb,java/sql/ResultSet.java,close
f1dc3983-5daf-40b6-8dea-a8e712cf73bb,5b533daf-bbb9-4e2e-b53b-65be87e0aeef,96c53499-2301-426f-874c-f6d437c5f74e,->,f1dc3983-5daf-40b6-8dea-a8e712cf73bb,4d5d5404-a022-4f98-9bfb-75e7837433dc,cfe058b5-59f9-4bd2-85f2-07dd8ef7ca4b
f1dc3983-5daf-40b6-8dea-a8e712cf73bb,5b533daf-bbb9-4e2e-b53b-65be87e0aeef,96c53499-2301-426f-874c-f6d437c5f74e,->,f1dc3983-5daf-40b6-8dea-a8e712cf73bb,4d5d5404-a022-4f98-9bfb-75e7837433dc,ab036b9d-aa4b-46f0-a485-9b2674240d25
f1dc3983-5daf-40b6-8dea-a8e712cf73bb,5b533daf-bbb9-4e2e-b53b-65be87e0aeef,96c53499-2301-426f-874c-f6d437c5f74e,->,f1dc3983-5daf-40b6-8dea-a8e712cf73bb,4d5d5404-a022-4f98-9bfb-75e7837433dc,cfe058b5-59f9-4bd2-85f2-07dd8ef7ca4b
f1dc3983-5daf-40b6-8dea-a8e712cf73bb,5b533daf-bbb9-4e2e-b53b-65be87e0aeef,96c53499-2301-426f-874c-f6d437c5f74e,->,f1dc3983-5daf-40b6-8dea-a8e712cf73bb,4d5d5404-a022-4f98-9bfb-75e7837433dc,ab036b9d-aa4b-46f0-a485-9b2674240d25
f1dc3983-5daf-40b6-8dea-a8e712cf73bb,5b533daf-bbb9-4e2e-b53b-65be87e0aeef,96c53499-2301-426f-874c-f6d437c5f74e,->,f1dc3983-5daf-40b6-8dea-a8e712cf73bb,java/sql/PreparedStatement.java,executeQuery
f1dc3983-5daf-40b6-8dea-a8e712cf73bb,5b533daf-bbb9-4e2e-b53b-65be87e0aeef,96c53499-2301-426f-874c-f6d437c5f74e,->,f1dc3983-5daf-40b6-8dea-a8e712cf73bb,java/sql/ResultSet.java,next
f1dc3983-5daf-40b6-8dea-a8e712cf73bb,5b533daf-bbb9-4e2e-b53b-65be87e0aeef,96c53499-2301-426f-874c-f6d437c5f74e,->,f1dc3983-5daf-40b6-8dea-a8e712cf73bb,java/sql/ResultSet.java,getInt
f1dc3983-5daf-40b6-8dea-a8e712cf73bb,5b533daf-bbb9-4e2e-b53b-65be87e0aeef,96c53499-2301-426f-874c-f6d437c5f74e,->,f1dc3983-5daf-40b6-8dea-a8e712cf73bb,java/sql/ResultSet.java,getInt
f1dc3983-5daf-40b6-8dea-a8e712cf73bb,5b533daf-bbb9-4e2e-b53b-65be87e0aeef,96c53499-2301-426f-874c-f6d437c5f74e,->,f1dc3983-5daf-40b6-8dea-a8e712cf73bb,java/sql/ResultSet.java,getTimestamp
f1dc3983-5daf-40b6-8dea-a8e712cf73bb,5b533daf-bbb9-4e2e-b53b-65be87e0aeef,96c53499-2301-426f-874c-f6d437c5f74e,->,f1dc3983-5daf-40b6-8dea-a8e712cf73bb,java/sql/Timestamp.java,getTime
f1dc3983-5daf-40b6-8dea-a8e712cf73bb,5b533daf-bbb9-4e2e-b53b-65be87e0aeef,96c53499-2301-426f-874c-f6d437c5f74e,->,f1dc3983-5daf-40b6-8dea-a8e712cf73bb,java/sql/PreparedStatement.java,setInt
f1dc3983-5daf-40b6-8dea-a8e712cf73bb,5b533daf-bbb9-4e2e-b53b-65be87e0aeef,96c53499-2301-426f-874c-f6d437c5f74e,->,f1dc3983-5daf-40b6-8dea-a8e712cf73bb,java/sql/PreparedStatement.java,setInt
f1dc3983-5daf-40b6-8dea-a8e712cf73bb,5b533daf-bbb9-4e2e-b53b-65be87e0aeef,96c53499-2301-426f-874c-f6d437c5f74e,->,f1dc3983-5daf-40b6-8dea-a8e712cf73bb,java/sql/PreparedStatement.java,setInt
f1dc3983-5daf-40b6-8dea-a8e712cf73bb,5b533daf-bbb9-4e2e-b53b-65be87e0aeef,96c53499-2301-426f-874c-f6d437c5f74e,->,f1dc3983-5daf-40b6-8dea-a8e712cf73bb,java/sql/PreparedStatement.java,setTimestamp
f1dc3983-5daf-40b6-8dea-a8e712cf73bb,5b533daf-bbb9-4e2e-b53b-65be87e0aeef,96c53499-2301-426f-874c-f6d437c5f74e,->,f1dc3983-5daf-40b6-8dea-a8e712cf73bb,java/sql/PreparedStatement.java,addBatch
f1dc3983-5daf-40b6-8dea-a8e712cf73bb,5b533daf-bbb9-4e2e-b53b-65be87e0aeef,96c53499-2301-426f-874c-f6d437c5f74e,->,f1dc3983-5daf-40b6-8dea-a8e712cf73bb,java/sql/ResultSet.java,getInt
f1dc3983-5daf-40b6-8dea-a8e712cf73bb,5b533daf-bbb9-4e2e-b53b-65be87e0aeef,96c53499-2301-426f-874c-f6d437c5f74e,->,f1dc3983-5daf-40b6-8dea-a8e712cf73bb,java/sql/ResultSet.java,getTimestamp
f1dc3983-5daf-40b6-8dea-a8e712cf73bb,5b533daf-bbb9-4e2e-b53b-65be87e0aeef,96c53499-2301-426f-874c-f6d437c5f74e,->,f1dc3983-5daf-40b6-8dea-a8e712cf73bb,java/sql/PreparedStatement.java,setInt
f1dc3983-5daf-40b6-8dea-a8e712cf73bb,5b533daf-bbb9-4e2e-b53b-65be87e0aeef,96c53499-2301-426f-874c-f6d437c5f74e,->,f1dc3983-5daf-40b6-8dea-a8e712cf73bb,java/sql/PreparedStatement.java,setInt
f1dc3983-5daf-40b6-8dea-a8e712cf73bb,5b533daf-bbb9-4e2e-b53b-65be87e0aeef,96c53499-2301-426f-874c-f6d437c5f74e,->,f1dc3983-5daf-40b6-8dea-a8e712cf73bb,java/sql/PreparedStatement.java,setInt
f1dc3983-5daf-40b6-8dea-a8e712cf73bb,5b533daf-bbb9-4e2e-b53b-65be87e0aeef,96c53499-2301-426f-874c-f6d437c5f74e,->,f1dc3983-5daf-40b6-8dea-a8e712cf73bb,java/sql/PreparedStatement.java,setTimestamp
f1dc3983-5daf-40b6-8dea-a8e712cf73bb,5b533daf-bbb9-4e2e-b53b-65be87e0aeef,96c53499-2301-426f-874c-f6d437c5f74e,->,f1dc3983-5daf-40b6-8dea-a8e712cf73bb,java/sql/PreparedStatement.java,addBatch
f1dc3983-5daf-40b6-8dea-a8e712cf73bb,5b533daf-bbb9-4e2e-b53b-65be87e0aeef,96c53499-2301-426f-874c-f6d437c5f74e,->,f1dc3983-5daf-40b6-8dea-a8e712cf73bb,java/sql/ResultSet.java,getInt
f1dc3983-5daf-40b6-8dea-a8e712cf73bb,5b533daf-bbb9-4e2e-b53b-65be87e0aeef,96c53499-2301-426f-874c-f6d437c5f74e,->,f1dc3983-5daf-40b6-8dea-a8e712cf73bb,java/sql/PreparedStatement.java,addBatch
f1dc3983-5daf-40b6-8dea-a8e712cf73bb,5b533daf-bbb9-4e2e-b53b-65be87e0aeef,96c53499-2301-426f-874c-f6d437c5f74e,->,f1dc3983-5daf-40b6-8dea-a8e712cf73bb,java/sql/ResultSet.java,close
f1dc3983-5daf-40b6-8dea-a8e712cf73bb,5b533daf-bbb9-4e2e-b53b-65be87e0aeef,96c53499-2301-426f-874c-f6d437c5f74e,->,f1dc3983-5daf-40b6-8dea-a8e712cf73bb,java/sql/PreparedStatement.java,executeBatch
f1dc3983-5daf-40b6-8dea-a8e712cf73bb,97403011-5fa7-4b5d-9166-4b0b42d1b3db,68df3a66-3cd7-48ef-9ddc-6fb12f399fee,->,f1dc3983-5daf-40b6-8dea-a8e712cf73bb,4d5d5404-a022-4f98-9bfb-75e7837433dc,cfe058b5-59f9-4bd2-85f2-07dd8ef7ca4b
f1dc3983-5daf-40b6-8dea-a8e712cf73bb,97403011-5fa7-4b5d-9166-4b0b42d1b3db,68df3a66-3cd7-48ef-9ddc-6fb12f399fee,->,f1dc3983-5daf-40b6-8dea-a8e712cf73bb,4d5d5404-a022-4f98-9bfb-75e7837433dc,ab036b9d-aa4b-46f0-a485-9b2674240d25
f1dc3983-5daf-40b6-8dea-a8e712cf73bb,97403011-5fa7-4b5d-9166-4b0b42d1b3db,68df3a66-3cd7-48ef-9ddc-6fb12f399fee,->,f1dc3983-5daf-40b6-8dea-a8e712cf73bb,java/sql/PreparedStatement.java,execute
f1dc3983-5daf-40b6-8dea-a8e712cf73bb,97403011-5fa7-4b5d-9166-4b0b42d1b3db,68df3a66-3cd7-48ef-9ddc-6fb12f399fee,->,f1dc3983-5daf-40b6-8dea-a8e712cf73bb,java/sql/PreparedStatement.java,close
f1dc3983-5daf-40b6-8dea-a8e712cf73bb,97403011-5fa7-4b5d-9166-4b0b42d1b3db,68df3a66-3cd7-48ef-9ddc-6fb12f399fee,->,f1dc3983-5daf-40b6-8dea-a8e712cf73bb,4d5d5404-a022-4f98-9bfb-75e7837433dc,cfe058b5-59f9-4bd2-85f2-07dd8ef7ca4b
f1dc3983-5daf-40b6-8dea-a8e712cf73bb,97403011-5fa7-4b5d-9166-4b0b42d1b3db,68df3a66-3cd7-48ef-9ddc-6fb12f399fee,->,f1dc3983-5daf-40b6-8dea-a8e712cf73bb,4d5d5404-a022-4f98-9bfb-75e7837433dc,ab036b9d-aa4b-46f0-a485-9b2674240d25
f1dc3983-5daf-40b6-8dea-a8e712cf73bb,97403011-5fa7-4b5d-9166-4b0b42d1b3db,68df3a66-3cd7-48ef-9ddc-6fb12f399fee,->,f1dc3983-5daf-40b6-8dea-a8e712cf73bb,java/sql/PreparedStatement.java,execute
f1dc3983-5daf-40b6-8dea-a8e712cf73bb,97403011-5fa7-4b5d-9166-4b0b42d1b3db,68df3a66-3cd7-48ef-9ddc-6fb12f399fee,->,f1dc3983-5daf-40b6-8dea-a8e712cf73bb,java/sql/PreparedStatement.java,close
f1dc3983-5daf-40b6-8dea-a8e712cf73bb,8c3572d1-1ab0-4b40-b7ba-ee512b7af06e,9fc187b4-4124-4e3e-baca-0ddcaf0fc1eb,->,f1dc3983-5daf-40b6-8dea-a8e712cf73bb,8c3572d1-1ab0-4b40-b7ba-ee512b7af06e,53ef8628-e0c0-404b-bbe0-018a3f3f8dec
f1dc3983-5daf-40b6-8dea-a8e712cf73bb,8c3572d1-1ab0-4b40-b7ba-ee512b7af06e,9fc187b4-4124-4e3e-baca-0ddcaf0fc1eb,->,f1dc3983-5daf-40b6-8dea-a8e712cf73bb,8c3572d1-1ab0-4b40-b7ba-ee512b7af06e,f3184901-ddfe-48c8-af69-72d3ac99c360
f1dc3983-5daf-40b6-8dea-a8e712cf73bb,8c3572d1-1ab0-4b40-b7ba-ee512b7af06e,9fc187b4-4124-4e3e-baca-0ddcaf0fc1eb,->,f1dc3983-5daf-40b6-8dea-a8e712cf73bb,8c3572d1-1ab0-4b40-b7ba-ee512b7af06e,30f1d09d-c424-42ab-9bce-185386d77dba
f1dc3983-5daf-40b6-8dea-a8e712cf73bb,8c3572d1-1ab0-4b40-b7ba-ee512b7af06e,30f1d09d-c424-42ab-9bce-185386d77dba,->,f1dc3983-5daf-40b6-8dea-a8e712cf73bb,4d5d5404-a022-4f98-9bfb-75e7837433dc,cfe058b5-59f9-4bd2-85f2-07dd8ef7ca4b
f1dc3983-5daf-40b6-8dea-a8e712cf73bb,8c3572d1-1ab0-4b40-b7ba-ee512b7af06e,30f1d09d-c424-42ab-9bce-185386d77dba,->,f1dc3983-5daf-40b6-8dea-a8e712cf73bb,4d5d5404-a022-4f98-9bfb-75e7837433dc,ab036b9d-aa4b-46f0-a485-9b2674240d25
f1dc3983-5daf-40b6-8dea-a8e712cf73bb,8c3572d1-1ab0-4b40-b7ba-ee512b7af06e,30f1d09d-c424-42ab-9bce-185386d77dba,->,f1dc3983-5daf-40b6-8dea-a8e712cf73bb,java/sql/PreparedStatement.java,setInt
f1dc3983-5daf-40b6-8dea-a8e712cf73bb,8c3572d1-1ab0-4b40-b7ba-ee512b7af06e,30f1d09d-c424-42ab-9bce-185386d77dba,->,f1dc3983-5daf-40b6-8dea-a8e712cf73bb,java/sql/PreparedStatement.java,execute
f1dc3983-5daf-40b6-8dea-a8e712cf73bb,8c3572d1-1ab0-4b40-b7ba-ee512b7af06e,30f1d09d-c424-42ab-9bce-185386d77dba,->,f1dc3983-5daf-40b6-8dea-a8e712cf73bb,java/sql/PreparedStatement.java,close
f1dc3983-5daf-40b6-8dea-a8e712cf73bb,35f0643f-9fa4-42ab-adda-8b4864f785c3,a4e98397-557b-4f51-a1aa-51bbe8f3b163,->,f1dc3983-5daf-40b6-8dea-a8e712cf73bb,4d5d5404-a022-4f98-9bfb-75e7837433dc,cfe058b5-59f9-4bd2-85f2-07dd8ef7ca4b
f1dc3983-5daf-40b6-8dea-a8e712cf73bb,35f0643f-9fa4-42ab-adda-8b4864f785c3,a4e98397-557b-4f51-a1aa-51bbe8f3b163,->,f1dc3983-5daf-40b6-8dea-a8e712cf73bb,4d5d5404-a022-4f98-9bfb-75e7837433dc,ab036b9d-aa4b-46f0-a485-9b2674240d25
f1dc3983-5daf-40b6-8dea-a8e712cf73bb,35f0643f-9fa4-42ab-adda-8b4864f785c3,a4e98397-557b-4f51-a1aa-51bbe8f3b163,->,f1dc3983-5daf-40b6-8dea-a8e712cf73bb,java/sql/PreparedStatement.java,execute
f1dc3983-5daf-40b6-8dea-a8e712cf73bb,35f0643f-9fa4-42ab-adda-8b4864f785c3,a4e98397-557b-4f51-a1aa-51bbe8f3b163,->,f1dc3983-5daf-40b6-8dea-a8e712cf73bb,java/sql/PreparedStatement.java,close
f1dc3983-5daf-40b6-8dea-a8e712cf73bb,35f0643f-9fa4-42ab-adda-8b4864f785c3,a4e98397-557b-4f51-a1aa-51bbe8f3b163,->,f1dc3983-5daf-40b6-8dea-a8e712cf73bb,4d5d5404-a022-4f98-9bfb-75e7837433dc,cfe058b5-59f9-4bd2-85f2-07dd8ef7ca4b
f1dc3983-5daf-40b6-8dea-a8e712cf73bb,35f0643f-9fa4-42ab-adda-8b4864f785c3,a4e98397-557b-4f51-a1aa-51bbe8f3b163,->,f1dc3983-5daf-40b6-8dea-a8e712cf73bb,4d5d5404-a022-4f98-9bfb-75e7837433dc,ab036b9d-aa4b-46f0-a485-9b2674240d25
f1dc3983-5daf-40b6-8dea-a8e712cf73bb,35f0643f-9fa4-42ab-adda-8b4864f785c3,a4e98397-557b-4f51-a1aa-51bbe8f3b163,->,f1dc3983-5daf-40b6-8dea-a8e712cf73bb,java/sql/PreparedStatement.java,execute
f1dc3983-5daf-40b6-8dea-a8e712cf73bb,35f0643f-9fa4-42ab-adda-8b4864f785c3,a4e98397-557b-4f51-a1aa-51bbe8f3b163,->,f1dc3983-5daf-40b6-8dea-a8e712cf73bb,java/sql/PreparedStatement.java,close
f1dc3983-5daf-40b6-8dea-a8e712cf73bb,cfe1308d-1b0e-4cb4-88d7-ef21e4ae2aa8,365f2a69-6857-4e68-b81a-4cdda19a4ac4,->,f1dc3983-5daf-40b6-8dea-a8e712cf73bb,4d5d5404-a022-4f98-9bfb-75e7837433dc,cfe058b5-59f9-4bd2-85f2-07dd8ef7ca4b
f1dc3983-5daf-40b6-8dea-a8e712cf73bb,cfe1308d-1b0e-4cb4-88d7-ef21e4ae2aa8,365f2a69-6857-4e68-b81a-4cdda19a4ac4,->,f1dc3983-5daf-40b6-8dea-a8e712cf73bb,4d5d5404-a022-4f98-9bfb-75e7837433dc,ab036b9d-aa4b-46f0-a485-9b2674240d25
f1dc3983-5daf-40b6-8dea-a8e712cf73bb,cfe1308d-1b0e-4cb4-88d7-ef21e4ae2aa8,365f2a69-6857-4e68-b81a-4cdda19a4ac4,->,f1dc3983-5daf-40b6-8dea-a8e712cf73bb,java/sql/PreparedStatement.java,execute
f1dc3983-5daf-40b6-8dea-a8e712cf73bb,cfe1308d-1b0e-4cb4-88d7-ef21e4ae2aa8,365f2a69-6857-4e68-b81a-4cdda19a4ac4,->,f1dc3983-5daf-40b6-8dea-a8e712cf73bb,java/sql/PreparedStatement.java,close
f1dc3983-5daf-40b6-8dea-a8e712cf73bb,cfe1308d-1b0e-4cb4-88d7-ef21e4ae2aa8,365f2a69-6857-4e68-b81a-4cdda19a4ac4,->,f1dc3983-5daf-40b6-8dea-a8e712cf73bb,4d5d5404-a022-4f98-9bfb-75e7837433dc,cfe058b5-59f9-4bd2-85f2-07dd8ef7ca4b
f1dc3983-5daf-40b6-8dea-a8e712cf73bb,cfe1308d-1b0e-4cb4-88d7-ef21e4ae2aa8,365f2a69-6857-4e68-b81a-4cdda19a4ac4,->,f1dc3983-5daf-40b6-8dea-a8e712cf73bb,4d5d5404-a022-4f98-9bfb-75e7837433dc,ab036b9d-aa4b-46f0-a485-9b2674240d25
f1dc3983-5daf-40b6-8dea-a8e712cf73bb,cfe1308d-1b0e-4cb4-88d7-ef21e4ae2aa8,365f2a69-6857-4e68-b81a-4cdda19a4ac4,->,f1dc3983-5daf-40b6-8dea-a8e712cf73bb,java/sql/PreparedStatement.java,execute
f1dc3983-5daf-40b6-8dea-a8e712cf73bb,cfe1308d-1b0e-4cb4-88d7-ef21e4ae2aa8,365f2a69-6857-4e68-b81a-4cdda19a4ac4,->,f1dc3983-5daf-40b6-8dea-a8e712cf73bb,java/sql/PreparedStatement.java,close
f1dc3983-5daf-40b6-8dea-a8e712cf73bb,0f1343af-0eb7-4f89-865b-68349d18a196,103ec126-77f8-4247-b8c6-b426aba0447d,->,f1dc3983-5daf-40b6-8dea-a8e712cf73bb,4d5d5404-a022-4f98-9bfb-75e7837433dc,cfe058b5-59f9-4bd2-85f2-07dd8ef7ca4b
f1dc3983-5daf-40b6-8dea-a8e712cf73bb,0f1343af-0eb7-4f89-865b-68349d18a196,103ec126-77f8-4247-b8c6-b426aba0447d,->,f1dc3983-5daf-40b6-8dea-a8e712cf73bb,4d5d5404-a022-4f98-9bfb-75e7837433dc,ab036b9d-aa4b-46f0-a485-9b2674240d25
f1dc3983-5daf-40b6-8dea-a8e712cf73bb,0f1343af-0eb7-4f89-865b-68349d18a196,103ec126-77f8-4247-b8c6-b426aba0447d,->,f1dc3983-5daf-40b6-8dea-a8e712cf73bb,java/sql/PreparedStatement.java,execute
f1dc3983-5daf-40b6-8dea-a8e712cf73bb,0f1343af-0eb7-4f89-865b-68349d18a196,103ec126-77f8-4247-b8c6-b426aba0447d,->,f1dc3983-5daf-40b6-8dea-a8e712cf73bb,4d5d5404-a022-4f98-9bfb-75e7837433dc,cfe058b5-59f9-4bd2-85f2-07dd8ef7ca4b
f1dc3983-5daf-40b6-8dea-a8e712cf73bb,0f1343af-0eb7-4f89-865b-68349d18a196,103ec126-77f8-4247-b8c6-b426aba0447d,->,f1dc3983-5daf-40b6-8dea-a8e712cf73bb,4d5d5404-a022-4f98-9bfb-75e7837433dc,ab036b9d-aa4b-46f0-a485-9b2674240d25
f1dc3983-5daf-40b6-8dea-a8e712cf73bb,0f1343af-0eb7-4f89-865b-68349d18a196,103ec126-77f8-4247-b8c6-b426aba0447d,->,f1dc3983-5daf-40b6-8dea-a8e712cf73bb,java/sql/PreparedStatement.java,setString
f1dc3983-5daf-40b6-8dea-a8e712cf73bb,0f1343af-0eb7-4f89-865b-68349d18a196,103ec126-77f8-4247-b8c6-b426aba0447d,->,f1dc3983-5daf-40b6-8dea-a8e712cf73bb,java/sql/PreparedStatement.java,addBatch
f1dc3983-5daf-40b6-8dea-a8e712cf73bb,0f1343af-0eb7-4f89-865b-68349d18a196,103ec126-77f8-4247-b8c6-b426aba0447d,->,f1dc3983-5daf-40b6-8dea-a8e712cf73bb,java/sql/PreparedStatement.java,setString
f1dc3983-5daf-40b6-8dea-a8e712cf73bb,0f1343af-0eb7-4f89-865b-68349d18a196,103ec126-77f8-4247-b8c6-b426aba0447d,->,f1dc3983-5daf-40b6-8dea-a8e712cf73bb,java/sql/PreparedStatement.java,addBatch
f1dc3983-5daf-40b6-8dea-a8e712cf73bb,0f1343af-0eb7-4f89-865b-68349d18a196,103ec126-77f8-4247-b8c6-b426aba0447d,->,f1dc3983-5daf-40b6-8dea-a8e712cf73bb,java/sql/PreparedStatement.java,executeBatch
f1dc3983-5daf-40b6-8dea-a8e712cf73bb,abc064df-86dc-461a-aafb-0a29c3041332,31edac87-d3b5-4cc7-8ef7-28ae8354e983,->,f1dc3983-5daf-40b6-8dea-a8e712cf73bb,4d5d5404-a022-4f98-9bfb-75e7837433dc,cfe058b5-59f9-4bd2-85f2-07dd8ef7ca4b
f1dc3983-5daf-40b6-8dea-a8e712cf73bb,abc064df-86dc-461a-aafb-0a29c3041332,31edac87-d3b5-4cc7-8ef7-28ae8354e983,->,f1dc3983-5daf-40b6-8dea-a8e712cf73bb,4d5d5404-a022-4f98-9bfb-75e7837433dc,ab036b9d-aa4b-46f0-a485-9b2674240d25
f1dc3983-5daf-40b6-8dea-a8e712cf73bb,abc064df-86dc-461a-aafb-0a29c3041332,31edac87-d3b5-4cc7-8ef7-28ae8354e983,->,f1dc3983-5daf-40b6-8dea-a8e712cf73bb,java/sql/PreparedStatement.java,execute
f1dc3983-5daf-40b6-8dea-a8e712cf73bb,abc064df-86dc-461a-aafb-0a29c3041332,31edac87-d3b5-4cc7-8ef7-28ae8354e983,->,f1dc3983-5daf-40b6-8dea-a8e712cf73bb,java/sql/PreparedStatement.java,close
f1dc3983-5daf-40b6-8dea-a8e712cf73bb,abc064df-86dc-461a-aafb-0a29c3041332,31edac87-d3b5-4cc7-8ef7-28ae8354e983,->,f1dc3983-5daf-40b6-8dea-a8e712cf73bb,4d5d5404-a022-4f98-9bfb-75e7837433dc,cfe058b5-59f9-4bd2-85f2-07dd8ef7ca4b
f1dc3983-5daf-40b6-8dea-a8e712cf73bb,abc064df-86dc-461a-aafb-0a29c3041332,31edac87-d3b5-4cc7-8ef7-28ae8354e983,->,f1dc3983-5daf-40b6-8dea-a8e712cf73bb,4d5d5404-a022-4f98-9bfb-75e7837433dc,ab036b9d-aa4b-46f0-a485-9b2674240d25
f1dc3983-5daf-40b6-8dea-a8e712cf73bb,abc064df-86dc-461a-aafb-0a29c3041332,31edac87-d3b5-4cc7-8ef7-28ae8354e983,->,f1dc3983-5daf-40b6-8dea-a8e712cf73bb,java/sql/PreparedStatement.java,execute
f1dc3983-5daf-40b6-8dea-a8e712cf73bb,abc064df-86dc-461a-aafb-0a29c3041332,31edac87-d3b5-4cc7-8ef7-28ae8354e983,->,f1dc3983-5daf-40b6-8dea-a8e712cf73bb,java/sql/PreparedStatement.java,close
f1dc3983-5daf-40b6-8dea-a8e712cf73bb,9e4f7679-2c4c-413b-88ce-0b07499beb69,29b62016-9bed-4674-b2cf-cc03894f74b6,->,f1dc3983-5daf-40b6-8dea-a8e712cf73bb,4d5d5404-a022-4f98-9bfb-75e7837433dc,cfe058b5-59f9-4bd2-85f2-07dd8ef7ca4b
f1dc3983-5daf-40b6-8dea-a8e712cf73bb,9e4f7679-2c4c-413b-88ce-0b07499beb69,29b62016-9bed-4674-b2cf-cc03894f74b6,->,f1dc3983-5daf-40b6-8dea-a8e712cf73bb,4d5d5404-a022-4f98-9bfb-75e7837433dc,ab036b9d-aa4b-46f0-a485-9b2674240d25
f1dc3983-5daf-40b6-8dea-a8e712cf73bb,9e4f7679-2c4c-413b-88ce-0b07499beb69,29b62016-9bed-4674-b2cf-cc03894f74b6,->,f1dc3983-5daf-40b6-8dea-a8e712cf73bb,java/sql/PreparedStatement.java,execute
f1dc3983-5daf-40b6-8dea-a8e712cf73bb,9e989554-1596-4945-8458-301f45029186,abe14aec-37ae-47bf-97cb-b21c6a86f633,->,f1dc3983-5daf-40b6-8dea-a8e712cf73bb,4d5d5404-a022-4f98-9bfb-75e7837433dc,cfe058b5-59f9-4bd2-85f2-07dd8ef7ca4b
f1dc3983-5daf-40b6-8dea-a8e712cf73bb,9e989554-1596-4945-8458-301f45029186,abe14aec-37ae-47bf-97cb-b21c6a86f633,->,f1dc3983-5daf-40b6-8dea-a8e712cf73bb,4d5d5404-a022-4f98-9bfb-75e7837433dc,ab036b9d-aa4b-46f0-a485-9b2674240d25
f1dc3983-5daf-40b6-8dea-a8e712cf73bb,9e989554-1596-4945-8458-301f45029186,abe14aec-37ae-47bf-97cb-b21c6a86f633,->,f1dc3983-5daf-40b6-8dea-a8e712cf73bb,java/sql/PreparedStatement.java,execute
f1dc3983-5daf-40b6-8dea-a8e712cf73bb,9e989554-1596-4945-8458-301f45029186,abe14aec-37ae-47bf-97cb-b21c6a86f633,->,f1dc3983-5daf-40b6-8dea-a8e712cf73bb,java/sql/PreparedStatement.java,close
f1dc3983-5daf-40b6-8dea-a8e712cf73bb,9e989554-1596-4945-8458-301f45029186,abe14aec-37ae-47bf-97cb-b21c6a86f633,->,f1dc3983-5daf-40b6-8dea-a8e712cf73bb,4d5d5404-a022-4f98-9bfb-75e7837433dc,cfe058b5-59f9-4bd2-85f2-07dd8ef7ca4b
f1dc3983-5daf-40b6-8dea-a8e712cf73bb,9e989554-1596-4945-8458-301f45029186,abe14aec-37ae-47bf-97cb-b21c6a86f633,->,f1dc3983-5daf-40b6-8dea-a8e712cf73bb,4d5d5404-a022-4f98-9bfb-75e7837433dc,ab036b9d-aa4b-46f0-a485-9b2674240d25
f1dc3983-5daf-40b6-8dea-a8e712cf73bb,9e989554-1596-4945-8458-301f45029186,abe14aec-37ae-47bf-97cb-b21c6a86f633,->,f1dc3983-5daf-40b6-8dea-a8e712cf73bb,java/sql/PreparedStatement.java,execute
f1dc3983-5daf-40b6-8dea-a8e712cf73bb,9e989554-1596-4945-8458-301f45029186,abe14aec-37ae-47bf-97cb-b21c6a86f633,->,f1dc3983-5daf-40b6-8dea-a8e712cf73bb,java/sql/PreparedStatement.java,close
f1dc3983-5daf-40b6-8dea-a8e712cf73bb,a17892e1-e29a-43c6-a2db-748b6dc50328,084ba6c9-7bf9-4350-8794-a9d4ca2dd6a8,->,f1dc3983-5daf-40b6-8dea-a8e712cf73bb,java/lang/Integer.java,valueOf
f1dc3983-5daf-40b6-8dea-a8e712cf73bb,a17892e1-e29a-43c6-a2db-748b6dc50328,084ba6c9-7bf9-4350-8794-a9d4ca2dd6a8,->,f1dc3983-5daf-40b6-8dea-a8e712cf73bb,java/util/Map.java,put
f1dc3983-5daf-40b6-8dea-a8e712cf73bb,a17892e1-e29a-43c6-a2db-748b6dc50328,afd43c94-8189-4bb7-a258-b5cde9446c63,->,f1dc3983-5daf-40b6-8dea-a8e712cf73bb,java/lang/Integer.java,valueOf
f1dc3983-5daf-40b6-8dea-a8e712cf73bb,a17892e1-e29a-43c6-a2db-748b6dc50328,afd43c94-8189-4bb7-a258-b5cde9446c63,->,f1dc3983-5daf-40b6-8dea-a8e712cf73bb,java/util/Map.java,containsKey
f1dc3983-5daf-40b6-8dea-a8e712cf73bb,a17892e1-e29a-43c6-a2db-748b6dc50328,afd43c94-8189-4bb7-a258-b5cde9446c63,->,f1dc3983-5daf-40b6-8dea-a8e712cf73bb,java/lang/Integer.java,valueOf
f1dc3983-5daf-40b6-8dea-a8e712cf73bb,a17892e1-e29a-43c6-a2db-748b6dc50328,afd43c94-8189-4bb7-a258-b5cde9446c63,->,f1dc3983-5daf-40b6-8dea-a8e712cf73bb,java/util/Map.java,get
f1dc3983-5daf-40b6-8dea-a8e712cf73bb,8e797e69-f5b0-4782-868f-8a29eec04381,c5f914a3-e072-4fa1-a155-cd710faecb8b,->,f1dc3983-5daf-40b6-8dea-a8e712cf73bb,f206751d-d458-4b7a-a4a8-72d4bc1e8a8c,b03e9418-7ab3-4114-adfb-bf32f06a0d8a
f1dc3983-5daf-40b6-8dea-a8e712cf73bb,8e797e69-f5b0-4782-868f-8a29eec04381,c5f914a3-e072-4fa1-a155-cd710faecb8b,->,f1dc3983-5daf-40b6-8dea-a8e712cf73bb,58b6f058-eb41-4728-9329-3c253af52eb6,5b56014e-5e46-4583-a30d-c7ed84ceb455
f1dc3983-5daf-40b6-8dea-a8e712cf73bb,8e797e69-f5b0-4782-868f-8a29eec04381,c5f914a3-e072-4fa1-a155-cd710faecb8b,->,f1dc3983-5daf-40b6-8dea-a8e712cf73bb,58b6f058-eb41-4728-9329-3c253af52eb6,"b80afa00-8b2d-4fc5-99de-f1442c6fe63b,c1171709-d810-432c-bd0b-22758db807c8"
f1dc3983-5daf-40b6-8dea-a8e712cf73bb,8e797e69-f5b0-4782-868f-8a29eec04381,c5f914a3-e072-4fa1-a155-cd710faecb8b,->,f1dc3983-5daf-40b6-8dea-a8e712cf73bb,f206751d-d458-4b7a-a4a8-72d4bc1e8a8c,41ee9f55-277b-4cd3-b4f4-19d415c8f7b4
f1dc3983-5daf-40b6-8dea-a8e712cf73bb,8e797e69-f5b0-4782-868f-8a29eec04381,c5f914a3-e072-4fa1-a155-cd710faecb8b,->,f1dc3983-5daf-40b6-8dea-a8e712cf73bb,f206751d-d458-4b7a-a4a8-72d4bc1e8a8c,b03e9418-7ab3-4114-adfb-bf32f06a0d8a
f1dc3983-5daf-40b6-8dea-a8e712cf73bb,8e797e69-f5b0-4782-868f-8a29eec04381,c5f914a3-e072-4fa1-a155-cd710faecb8b,->,f1dc3983-5daf-40b6-8dea-a8e712cf73bb,58b6f058-eb41-4728-9329-3c253af52eb6,5b56014e-5e46-4583-a30d-c7ed84ceb455
f1dc3983-5daf-40b6-8dea-a8e712cf73bb,8e797e69-f5b0-4782-868f-8a29eec04381,c5f914a3-e072-4fa1-a155-cd710faecb8b,->,f1dc3983-5daf-40b6-8dea-a8e712cf73bb,58b6f058-eb41-4728-9329-3c253af52eb6,"b80afa00-8b2d-4fc5-99de-f1442c6fe63b,c1171709-d810-432c-bd0b-22758db807c8"
f1dc3983-5daf-40b6-8dea-a8e712cf73bb,8e797e69-f5b0-4782-868f-8a29eec04381,c5f914a3-e072-4fa1-a155-cd710faecb8b,->,f1dc3983-5daf-40b6-8dea-a8e712cf73bb,f206751d-d458-4b7a-a4a8-72d4bc1e8a8c,41ee9f55-277b-4cd3-b4f4-19d415c8f7b4
f1dc3983-5daf-40b6-8dea-a8e712cf73bb,8e797e69-f5b0-4782-868f-8a29eec04381,c5f914a3-e072-4fa1-a155-cd710faecb8b,->,f1dc3983-5daf-40b6-8dea-a8e712cf73bb,f206751d-d458-4b7a-a4a8-72d4bc1e8a8c,41ee9f55-277b-4cd3-b4f4-19d415c8f7b4
f1dc3983-5daf-40b6-8dea-a8e712cf73bb,8e797e69-f5b0-4782-868f-8a29eec04381,c5f914a3-e072-4fa1-a155-cd710faecb8b,->,f1dc3983-5daf-40b6-8dea-a8e712cf73bb,java/sql/SQLException.java,printStackTrace
f1dc3983-5daf-40b6-8dea-a8e712cf73bb,uk/co/brotherlogic/mdb/GroopTest.java,<clinit>,->,f1dc3983-5daf-40b6-8dea-a8e712cf73bb,java/lang/Class.java,desiredAssertionStatus
f1dc3983-5daf-40b6-8dea-a8e712cf73bb,uk/co/brotherlogic/mdb/Connect$mode.java,values,->,f1dc3983-5daf-40b6-8dea-a8e712cf73bb,uk/co/brotherlogic/mdb/Connect$mode.java,clone
f1dc3983-5daf-40b6-8dea-a8e712cf73bb,uk/co/brotherlogic/mdb/Connect$mode.java,valueOf,->,f1dc3983-5daf-40b6-8dea-a8e712cf73bb,java/lang/Enum.java,valueOf
