caller_project_id,caller_class_id,caller_method_id,CALL_DIRECTION,callee_project_id,callee_class_id,callee_method_id
fd25839b-7c8b-47e1-af7d-fe334646b0e3,759fa756-b11f-42fd-8494-fa2bc9c72c58,f28a5ce9-208c-422e-9438-4a2f74828f3e,->,fd25839b-7c8b-47e1-af7d-fe334646b0e3,java/io/PrintStream.java,println
fd25839b-7c8b-47e1-af7d-fe334646b0e3,759fa756-b11f-42fd-8494-fa2bc9c72c58,f28a5ce9-208c-422e-9438-4a2f74828f3e,->,fd25839b-7c8b-47e1-af7d-fe334646b0e3,java/io/BufferedReader.java,readLine
fd25839b-7c8b-47e1-af7d-fe334646b0e3,759fa756-b11f-42fd-8494-fa2bc9c72c58,f28a5ce9-208c-422e-9438-4a2f74828f3e,->,fd25839b-7c8b-47e1-af7d-fe334646b0e3,java/lang/Integer.java,parseInt
fd25839b-7c8b-47e1-af7d-fe334646b0e3,759fa756-b11f-42fd-8494-fa2bc9c72c58,f28a5ce9-208c-422e-9438-4a2f74828f3e,->,fd25839b-7c8b-47e1-af7d-fe334646b0e3,java/util/Random.java,nextInt
fd25839b-7c8b-47e1-af7d-fe334646b0e3,759fa756-b11f-42fd-8494-fa2bc9c72c58,f28a5ce9-208c-422e-9438-4a2f74828f3e,->,fd25839b-7c8b-47e1-af7d-fe334646b0e3,java/io/PrintStream.java,println
fd25839b-7c8b-47e1-af7d-fe334646b0e3,759fa756-b11f-42fd-8494-fa2bc9c72c58,f28a5ce9-208c-422e-9438-4a2f74828f3e,->,fd25839b-7c8b-47e1-af7d-fe334646b0e3,java/io/BufferedReader.java,readLine
fd25839b-7c8b-47e1-af7d-fe334646b0e3,759fa756-b11f-42fd-8494-fa2bc9c72c58,f28a5ce9-208c-422e-9438-4a2f74828f3e,->,fd25839b-7c8b-47e1-af7d-fe334646b0e3,java/lang/Integer.java,parseInt
fd25839b-7c8b-47e1-af7d-fe334646b0e3,759fa756-b11f-42fd-8494-fa2bc9c72c58,f28a5ce9-208c-422e-9438-4a2f74828f3e,->,fd25839b-7c8b-47e1-af7d-fe334646b0e3,java/io/PrintStream.java,println
fd25839b-7c8b-47e1-af7d-fe334646b0e3,759fa756-b11f-42fd-8494-fa2bc9c72c58,f28a5ce9-208c-422e-9438-4a2f74828f3e,->,fd25839b-7c8b-47e1-af7d-fe334646b0e3,java/util/Arrays.java,toString
fd25839b-7c8b-47e1-af7d-fe334646b0e3,759fa756-b11f-42fd-8494-fa2bc9c72c58,f28a5ce9-208c-422e-9438-4a2f74828f3e,->,fd25839b-7c8b-47e1-af7d-fe334646b0e3,java/io/PrintStream.java,println
fd25839b-7c8b-47e1-af7d-fe334646b0e3,759fa756-b11f-42fd-8494-fa2bc9c72c58,f28a5ce9-208c-422e-9438-4a2f74828f3e,->,fd25839b-7c8b-47e1-af7d-fe334646b0e3,java/io/PrintStream.java,println
fd25839b-7c8b-47e1-af7d-fe334646b0e3,759fa756-b11f-42fd-8494-fa2bc9c72c58,f28a5ce9-208c-422e-9438-4a2f74828f3e,->,fd25839b-7c8b-47e1-af7d-fe334646b0e3,759fa756-b11f-42fd-8494-fa2bc9c72c58,52c9405b-5b76-4c7d-9bd3-83529b269d97
fd25839b-7c8b-47e1-af7d-fe334646b0e3,759fa756-b11f-42fd-8494-fa2bc9c72c58,f28a5ce9-208c-422e-9438-4a2f74828f3e,->,fd25839b-7c8b-47e1-af7d-fe334646b0e3,java/lang/StringBuilder.java,append
fd25839b-7c8b-47e1-af7d-fe334646b0e3,759fa756-b11f-42fd-8494-fa2bc9c72c58,f28a5ce9-208c-422e-9438-4a2f74828f3e,->,fd25839b-7c8b-47e1-af7d-fe334646b0e3,759fa756-b11f-42fd-8494-fa2bc9c72c58,afb7c7fc-2e6c-4974-ab0a-fad2563d0ecd
fd25839b-7c8b-47e1-af7d-fe334646b0e3,759fa756-b11f-42fd-8494-fa2bc9c72c58,f28a5ce9-208c-422e-9438-4a2f74828f3e,->,fd25839b-7c8b-47e1-af7d-fe334646b0e3,java/lang/StringBuilder.java,append
fd25839b-7c8b-47e1-af7d-fe334646b0e3,759fa756-b11f-42fd-8494-fa2bc9c72c58,f28a5ce9-208c-422e-9438-4a2f74828f3e,->,fd25839b-7c8b-47e1-af7d-fe334646b0e3,java/lang/StringBuilder.java,toString
fd25839b-7c8b-47e1-af7d-fe334646b0e3,759fa756-b11f-42fd-8494-fa2bc9c72c58,f28a5ce9-208c-422e-9438-4a2f74828f3e,->,fd25839b-7c8b-47e1-af7d-fe334646b0e3,java/io/PrintStream.java,println
fd25839b-7c8b-47e1-af7d-fe334646b0e3,759fa756-b11f-42fd-8494-fa2bc9c72c58,f28a5ce9-208c-422e-9438-4a2f74828f3e,->,fd25839b-7c8b-47e1-af7d-fe334646b0e3,java/lang/StringBuilder.java,append
fd25839b-7c8b-47e1-af7d-fe334646b0e3,759fa756-b11f-42fd-8494-fa2bc9c72c58,f28a5ce9-208c-422e-9438-4a2f74828f3e,->,fd25839b-7c8b-47e1-af7d-fe334646b0e3,759fa756-b11f-42fd-8494-fa2bc9c72c58,52b1eb2f-f785-4200-b37d-dcfd10b0cbe9
fd25839b-7c8b-47e1-af7d-fe334646b0e3,759fa756-b11f-42fd-8494-fa2bc9c72c58,f28a5ce9-208c-422e-9438-4a2f74828f3e,->,fd25839b-7c8b-47e1-af7d-fe334646b0e3,java/lang/StringBuilder.java,append
fd25839b-7c8b-47e1-af7d-fe334646b0e3,759fa756-b11f-42fd-8494-fa2bc9c72c58,f28a5ce9-208c-422e-9438-4a2f74828f3e,->,fd25839b-7c8b-47e1-af7d-fe334646b0e3,java/lang/StringBuilder.java,toString
fd25839b-7c8b-47e1-af7d-fe334646b0e3,759fa756-b11f-42fd-8494-fa2bc9c72c58,f28a5ce9-208c-422e-9438-4a2f74828f3e,->,fd25839b-7c8b-47e1-af7d-fe334646b0e3,java/io/PrintStream.java,println
fd25839b-7c8b-47e1-af7d-fe334646b0e3,759fa756-b11f-42fd-8494-fa2bc9c72c58,afb7c7fc-2e6c-4974-ab0a-fad2563d0ecd,->,fd25839b-7c8b-47e1-af7d-fe334646b0e3,759fa756-b11f-42fd-8494-fa2bc9c72c58,afb7c7fc-2e6c-4974-ab0a-fad2563d0ecd
fd25839b-7c8b-47e1-af7d-fe334646b0e3,759fa756-b11f-42fd-8494-fa2bc9c72c58,afb7c7fc-2e6c-4974-ab0a-fad2563d0ecd,->,fd25839b-7c8b-47e1-af7d-fe334646b0e3,759fa756-b11f-42fd-8494-fa2bc9c72c58,afb7c7fc-2e6c-4974-ab0a-fad2563d0ecd
fd25839b-7c8b-47e1-af7d-fe334646b0e3,759fa756-b11f-42fd-8494-fa2bc9c72c58,52c9405b-5b76-4c7d-9bd3-83529b269d97,->,fd25839b-7c8b-47e1-af7d-fe334646b0e3,759fa756-b11f-42fd-8494-fa2bc9c72c58,c5a49852-6583-428b-bacd-11f711aba599
fd25839b-7c8b-47e1-af7d-fe334646b0e3,759fa756-b11f-42fd-8494-fa2bc9c72c58,52c9405b-5b76-4c7d-9bd3-83529b269d97,->,fd25839b-7c8b-47e1-af7d-fe334646b0e3,java/util/Arrays.java,toString
fd25839b-7c8b-47e1-af7d-fe334646b0e3,759fa756-b11f-42fd-8494-fa2bc9c72c58,52c9405b-5b76-4c7d-9bd3-83529b269d97,->,fd25839b-7c8b-47e1-af7d-fe334646b0e3,java/io/PrintStream.java,println
fd25839b-7c8b-47e1-af7d-fe334646b0e3,7e23dcbf-6f57-47a5-82bf-2741fc0f98da,a289bc8d-7095-47d6-b99b-c5085c113f99,->,fd25839b-7c8b-47e1-af7d-fe334646b0e3,java/io/PrintStream.java,println
fd25839b-7c8b-47e1-af7d-fe334646b0e3,7e23dcbf-6f57-47a5-82bf-2741fc0f98da,a289bc8d-7095-47d6-b99b-c5085c113f99,->,fd25839b-7c8b-47e1-af7d-fe334646b0e3,java/io/BufferedReader.java,readLine
fd25839b-7c8b-47e1-af7d-fe334646b0e3,7e23dcbf-6f57-47a5-82bf-2741fc0f98da,a289bc8d-7095-47d6-b99b-c5085c113f99,->,fd25839b-7c8b-47e1-af7d-fe334646b0e3,java/lang/Integer.java,parseInt
fd25839b-7c8b-47e1-af7d-fe334646b0e3,7e23dcbf-6f57-47a5-82bf-2741fc0f98da,a289bc8d-7095-47d6-b99b-c5085c113f99,->,fd25839b-7c8b-47e1-af7d-fe334646b0e3,java/io/PrintStream.java,println
fd25839b-7c8b-47e1-af7d-fe334646b0e3,7e23dcbf-6f57-47a5-82bf-2741fc0f98da,a289bc8d-7095-47d6-b99b-c5085c113f99,->,fd25839b-7c8b-47e1-af7d-fe334646b0e3,7e23dcbf-6f57-47a5-82bf-2741fc0f98da,ca80d4b6-e01d-401b-8406-13a0340f8069
fd25839b-7c8b-47e1-af7d-fe334646b0e3,7e23dcbf-6f57-47a5-82bf-2741fc0f98da,a289bc8d-7095-47d6-b99b-c5085c113f99,->,fd25839b-7c8b-47e1-af7d-fe334646b0e3,java/util/Arrays.java,toString
fd25839b-7c8b-47e1-af7d-fe334646b0e3,7e23dcbf-6f57-47a5-82bf-2741fc0f98da,a289bc8d-7095-47d6-b99b-c5085c113f99,->,fd25839b-7c8b-47e1-af7d-fe334646b0e3,java/io/PrintStream.java,println
fd25839b-7c8b-47e1-af7d-fe334646b0e3,7e23dcbf-6f57-47a5-82bf-2741fc0f98da,a289bc8d-7095-47d6-b99b-c5085c113f99,->,fd25839b-7c8b-47e1-af7d-fe334646b0e3,java/io/PrintStream.java,println
fd25839b-7c8b-47e1-af7d-fe334646b0e3,7e23dcbf-6f57-47a5-82bf-2741fc0f98da,a289bc8d-7095-47d6-b99b-c5085c113f99,->,fd25839b-7c8b-47e1-af7d-fe334646b0e3,7e23dcbf-6f57-47a5-82bf-2741fc0f98da,bc1a822e-e538-4f70-9790-2188f0536fa3
fd25839b-7c8b-47e1-af7d-fe334646b0e3,7e23dcbf-6f57-47a5-82bf-2741fc0f98da,a289bc8d-7095-47d6-b99b-c5085c113f99,->,fd25839b-7c8b-47e1-af7d-fe334646b0e3,java/util/Arrays.java,toString
fd25839b-7c8b-47e1-af7d-fe334646b0e3,7e23dcbf-6f57-47a5-82bf-2741fc0f98da,a289bc8d-7095-47d6-b99b-c5085c113f99,->,fd25839b-7c8b-47e1-af7d-fe334646b0e3,java/io/PrintStream.java,println
fd25839b-7c8b-47e1-af7d-fe334646b0e3,7e23dcbf-6f57-47a5-82bf-2741fc0f98da,ca80d4b6-e01d-401b-8406-13a0340f8069,->,fd25839b-7c8b-47e1-af7d-fe334646b0e3,7e23dcbf-6f57-47a5-82bf-2741fc0f98da,ca80d4b6-e01d-401b-8406-13a0340f8069
fd25839b-7c8b-47e1-af7d-fe334646b0e3,7e23dcbf-6f57-47a5-82bf-2741fc0f98da,ca80d4b6-e01d-401b-8406-13a0340f8069,->,fd25839b-7c8b-47e1-af7d-fe334646b0e3,7e23dcbf-6f57-47a5-82bf-2741fc0f98da,ca80d4b6-e01d-401b-8406-13a0340f8069
fd25839b-7c8b-47e1-af7d-fe334646b0e3,7e23dcbf-6f57-47a5-82bf-2741fc0f98da,ca80d4b6-e01d-401b-8406-13a0340f8069,->,fd25839b-7c8b-47e1-af7d-fe334646b0e3,7e23dcbf-6f57-47a5-82bf-2741fc0f98da,ca80d4b6-e01d-401b-8406-13a0340f8069
fd25839b-7c8b-47e1-af7d-fe334646b0e3,7e23dcbf-6f57-47a5-82bf-2741fc0f98da,ca80d4b6-e01d-401b-8406-13a0340f8069,->,fd25839b-7c8b-47e1-af7d-fe334646b0e3,7e23dcbf-6f57-47a5-82bf-2741fc0f98da,ca80d4b6-e01d-401b-8406-13a0340f8069
fd25839b-7c8b-47e1-af7d-fe334646b0e3,1120dd95-8318-4bf0-9379-0e82dddce031,f9441e6e-9709-41e4-a911-2ce87df57c28,->,fd25839b-7c8b-47e1-af7d-fe334646b0e3,java/io/PrintStream.java,println
fd25839b-7c8b-47e1-af7d-fe334646b0e3,1120dd95-8318-4bf0-9379-0e82dddce031,f9441e6e-9709-41e4-a911-2ce87df57c28,->,fd25839b-7c8b-47e1-af7d-fe334646b0e3,java/io/PrintStream.java,println
fd25839b-7c8b-47e1-af7d-fe334646b0e3,1120dd95-8318-4bf0-9379-0e82dddce031,f9441e6e-9709-41e4-a911-2ce87df57c28,->,fd25839b-7c8b-47e1-af7d-fe334646b0e3,java/io/PrintStream.java,println
fd25839b-7c8b-47e1-af7d-fe334646b0e3,1120dd95-8318-4bf0-9379-0e82dddce031,f9441e6e-9709-41e4-a911-2ce87df57c28,->,fd25839b-7c8b-47e1-af7d-fe334646b0e3,6c9eb866-b487-49d8-bbcb-2251056303a6,cf005c04-3c29-4b70-a94f-718d4557013f
fd25839b-7c8b-47e1-af7d-fe334646b0e3,1120dd95-8318-4bf0-9379-0e82dddce031,f9441e6e-9709-41e4-a911-2ce87df57c28,->,fd25839b-7c8b-47e1-af7d-fe334646b0e3,d83c4265-f9fd-4308-a42b-2c1da263ef4a,953c1ab5-f5c4-45d4-9303-2fe7278b6ae4
fd25839b-7c8b-47e1-af7d-fe334646b0e3,1120dd95-8318-4bf0-9379-0e82dddce031,f9441e6e-9709-41e4-a911-2ce87df57c28,->,fd25839b-7c8b-47e1-af7d-fe334646b0e3,java/io/PrintStream.java,println
fd25839b-7c8b-47e1-af7d-fe334646b0e3,1120dd95-8318-4bf0-9379-0e82dddce031,f9441e6e-9709-41e4-a911-2ce87df57c28,->,fd25839b-7c8b-47e1-af7d-fe334646b0e3,java/io/PrintStream.java,println
fd25839b-7c8b-47e1-af7d-fe334646b0e3,1120dd95-8318-4bf0-9379-0e82dddce031,f9441e6e-9709-41e4-a911-2ce87df57c28,->,fd25839b-7c8b-47e1-af7d-fe334646b0e3,java/io/PrintStream.java,println
fd25839b-7c8b-47e1-af7d-fe334646b0e3,1120dd95-8318-4bf0-9379-0e82dddce031,f9441e6e-9709-41e4-a911-2ce87df57c28,->,fd25839b-7c8b-47e1-af7d-fe334646b0e3,f88ad017-2b81-44fe-b563-468c1415ad3b,71195f4a-4d76-4248-aea2-1d9a27e7ec56
fd25839b-7c8b-47e1-af7d-fe334646b0e3,f3859534-dba5-4b2c-a338-62a4bf72c8f4,90c5cb8f-a655-41dc-a9cd-5101eceb0e69,->,fd25839b-7c8b-47e1-af7d-fe334646b0e3,com/luxoft/training/lab2/invoices/Service.java,getInvoicePrice
fd25839b-7c8b-47e1-af7d-fe334646b0e3,f3859534-dba5-4b2c-a338-62a4bf72c8f4,90c5cb8f-a655-41dc-a9cd-5101eceb0e69,->,fd25839b-7c8b-47e1-af7d-fe334646b0e3,com/luxoft/training/lab2/invoices/Service.java,setInvoicePrice
fd25839b-7c8b-47e1-af7d-fe334646b0e3,f3859534-dba5-4b2c-a338-62a4bf72c8f4,90c5cb8f-a655-41dc-a9cd-5101eceb0e69,->,fd25839b-7c8b-47e1-af7d-fe334646b0e3,com/luxoft/training/lab2/invoices/Service.java,getInvoicePrice
fd25839b-7c8b-47e1-af7d-fe334646b0e3,f3859534-dba5-4b2c-a338-62a4bf72c8f4,70449702-33e8-4698-b080-2fe990506a75,->,fd25839b-7c8b-47e1-af7d-fe334646b0e3,java/lang/StringBuilder.java,append
fd25839b-7c8b-47e1-af7d-fe334646b0e3,f3859534-dba5-4b2c-a338-62a4bf72c8f4,70449702-33e8-4698-b080-2fe990506a75,->,fd25839b-7c8b-47e1-af7d-fe334646b0e3,com/luxoft/training/lab2/invoices/Service.java,getProductDescription
fd25839b-7c8b-47e1-af7d-fe334646b0e3,f3859534-dba5-4b2c-a338-62a4bf72c8f4,70449702-33e8-4698-b080-2fe990506a75,->,fd25839b-7c8b-47e1-af7d-fe334646b0e3,java/lang/StringBuilder.java,append
fd25839b-7c8b-47e1-af7d-fe334646b0e3,f3859534-dba5-4b2c-a338-62a4bf72c8f4,70449702-33e8-4698-b080-2fe990506a75,->,fd25839b-7c8b-47e1-af7d-fe334646b0e3,java/lang/StringBuilder.java,toString
fd25839b-7c8b-47e1-af7d-fe334646b0e3,f3859534-dba5-4b2c-a338-62a4bf72c8f4,70449702-33e8-4698-b080-2fe990506a75,->,fd25839b-7c8b-47e1-af7d-fe334646b0e3,java/io/PrintStream.java,println
fd25839b-7c8b-47e1-af7d-fe334646b0e3,f3859534-dba5-4b2c-a338-62a4bf72c8f4,70449702-33e8-4698-b080-2fe990506a75,->,fd25839b-7c8b-47e1-af7d-fe334646b0e3,java/lang/StringBuilder.java,append
fd25839b-7c8b-47e1-af7d-fe334646b0e3,f3859534-dba5-4b2c-a338-62a4bf72c8f4,70449702-33e8-4698-b080-2fe990506a75,->,fd25839b-7c8b-47e1-af7d-fe334646b0e3,com/luxoft/training/lab2/invoices/Service.java,getSellerContacts
fd25839b-7c8b-47e1-af7d-fe334646b0e3,f3859534-dba5-4b2c-a338-62a4bf72c8f4,70449702-33e8-4698-b080-2fe990506a75,->,fd25839b-7c8b-47e1-af7d-fe334646b0e3,java/lang/StringBuilder.java,append
fd25839b-7c8b-47e1-af7d-fe334646b0e3,f3859534-dba5-4b2c-a338-62a4bf72c8f4,70449702-33e8-4698-b080-2fe990506a75,->,fd25839b-7c8b-47e1-af7d-fe334646b0e3,java/lang/StringBuilder.java,toString
fd25839b-7c8b-47e1-af7d-fe334646b0e3,f3859534-dba5-4b2c-a338-62a4bf72c8f4,70449702-33e8-4698-b080-2fe990506a75,->,fd25839b-7c8b-47e1-af7d-fe334646b0e3,java/io/PrintStream.java,println
fd25839b-7c8b-47e1-af7d-fe334646b0e3,f3859534-dba5-4b2c-a338-62a4bf72c8f4,70449702-33e8-4698-b080-2fe990506a75,->,fd25839b-7c8b-47e1-af7d-fe334646b0e3,java/lang/StringBuilder.java,append
fd25839b-7c8b-47e1-af7d-fe334646b0e3,f3859534-dba5-4b2c-a338-62a4bf72c8f4,70449702-33e8-4698-b080-2fe990506a75,->,fd25839b-7c8b-47e1-af7d-fe334646b0e3,com/luxoft/training/lab2/invoices/Service.java,getBuyerContacts
fd25839b-7c8b-47e1-af7d-fe334646b0e3,f3859534-dba5-4b2c-a338-62a4bf72c8f4,70449702-33e8-4698-b080-2fe990506a75,->,fd25839b-7c8b-47e1-af7d-fe334646b0e3,java/lang/StringBuilder.java,append
fd25839b-7c8b-47e1-af7d-fe334646b0e3,f3859534-dba5-4b2c-a338-62a4bf72c8f4,70449702-33e8-4698-b080-2fe990506a75,->,fd25839b-7c8b-47e1-af7d-fe334646b0e3,java/lang/StringBuilder.java,toString
fd25839b-7c8b-47e1-af7d-fe334646b0e3,f3859534-dba5-4b2c-a338-62a4bf72c8f4,70449702-33e8-4698-b080-2fe990506a75,->,fd25839b-7c8b-47e1-af7d-fe334646b0e3,java/io/PrintStream.java,println
fd25839b-7c8b-47e1-af7d-fe334646b0e3,f3859534-dba5-4b2c-a338-62a4bf72c8f4,70449702-33e8-4698-b080-2fe990506a75,->,fd25839b-7c8b-47e1-af7d-fe334646b0e3,java/lang/StringBuilder.java,append
fd25839b-7c8b-47e1-af7d-fe334646b0e3,f3859534-dba5-4b2c-a338-62a4bf72c8f4,70449702-33e8-4698-b080-2fe990506a75,->,fd25839b-7c8b-47e1-af7d-fe334646b0e3,com/luxoft/training/lab2/invoices/Service.java,getInvoiceDate
fd25839b-7c8b-47e1-af7d-fe334646b0e3,f3859534-dba5-4b2c-a338-62a4bf72c8f4,70449702-33e8-4698-b080-2fe990506a75,->,fd25839b-7c8b-47e1-af7d-fe334646b0e3,564fb405-3117-4d59-9d8e-2f32f7f2ac6f,12124ccc-d5d5-4e6e-936d-ddf3222f838b
fd25839b-7c8b-47e1-af7d-fe334646b0e3,f3859534-dba5-4b2c-a338-62a4bf72c8f4,70449702-33e8-4698-b080-2fe990506a75,->,fd25839b-7c8b-47e1-af7d-fe334646b0e3,java/lang/StringBuilder.java,append
fd25839b-7c8b-47e1-af7d-fe334646b0e3,f3859534-dba5-4b2c-a338-62a4bf72c8f4,70449702-33e8-4698-b080-2fe990506a75,->,fd25839b-7c8b-47e1-af7d-fe334646b0e3,java/lang/StringBuilder.java,toString
fd25839b-7c8b-47e1-af7d-fe334646b0e3,f3859534-dba5-4b2c-a338-62a4bf72c8f4,70449702-33e8-4698-b080-2fe990506a75,->,fd25839b-7c8b-47e1-af7d-fe334646b0e3,java/io/PrintStream.java,println
fd25839b-7c8b-47e1-af7d-fe334646b0e3,f3859534-dba5-4b2c-a338-62a4bf72c8f4,70449702-33e8-4698-b080-2fe990506a75,->,fd25839b-7c8b-47e1-af7d-fe334646b0e3,java/lang/StringBuilder.java,append
fd25839b-7c8b-47e1-af7d-fe334646b0e3,f3859534-dba5-4b2c-a338-62a4bf72c8f4,70449702-33e8-4698-b080-2fe990506a75,->,fd25839b-7c8b-47e1-af7d-fe334646b0e3,com/luxoft/training/lab2/invoices/Service.java,getInvoicePrice
fd25839b-7c8b-47e1-af7d-fe334646b0e3,f3859534-dba5-4b2c-a338-62a4bf72c8f4,70449702-33e8-4698-b080-2fe990506a75,->,fd25839b-7c8b-47e1-af7d-fe334646b0e3,java/lang/StringBuilder.java,append
fd25839b-7c8b-47e1-af7d-fe334646b0e3,f3859534-dba5-4b2c-a338-62a4bf72c8f4,70449702-33e8-4698-b080-2fe990506a75,->,fd25839b-7c8b-47e1-af7d-fe334646b0e3,java/lang/StringBuilder.java,toString
fd25839b-7c8b-47e1-af7d-fe334646b0e3,f3859534-dba5-4b2c-a338-62a4bf72c8f4,70449702-33e8-4698-b080-2fe990506a75,->,fd25839b-7c8b-47e1-af7d-fe334646b0e3,java/io/PrintStream.java,println
fd25839b-7c8b-47e1-af7d-fe334646b0e3,f3859534-dba5-4b2c-a338-62a4bf72c8f4,70449702-33e8-4698-b080-2fe990506a75,->,fd25839b-7c8b-47e1-af7d-fe334646b0e3,java/io/PrintStream.java,println
fd25839b-7c8b-47e1-af7d-fe334646b0e3,779da481-4b0f-421c-8d48-6d581366f107,79af20a1-415f-4fc2-af72-8cbafdecb2f9,->,fd25839b-7c8b-47e1-af7d-fe334646b0e3,com/luxoft/training/lab2/invoices/Purchase.java,getInvoicePrice
fd25839b-7c8b-47e1-af7d-fe334646b0e3,779da481-4b0f-421c-8d48-6d581366f107,79af20a1-415f-4fc2-af72-8cbafdecb2f9,->,fd25839b-7c8b-47e1-af7d-fe334646b0e3,com/luxoft/training/lab2/invoices/Purchase.java,setInvoicePrice
fd25839b-7c8b-47e1-af7d-fe334646b0e3,779da481-4b0f-421c-8d48-6d581366f107,79af20a1-415f-4fc2-af72-8cbafdecb2f9,->,fd25839b-7c8b-47e1-af7d-fe334646b0e3,com/luxoft/training/lab2/invoices/Purchase.java,getInvoicePrice
fd25839b-7c8b-47e1-af7d-fe334646b0e3,779da481-4b0f-421c-8d48-6d581366f107,8b15c4be-eef2-46b0-9334-08d60f7bdf69,->,fd25839b-7c8b-47e1-af7d-fe334646b0e3,java/lang/StringBuilder.java,append
fd25839b-7c8b-47e1-af7d-fe334646b0e3,779da481-4b0f-421c-8d48-6d581366f107,8b15c4be-eef2-46b0-9334-08d60f7bdf69,->,fd25839b-7c8b-47e1-af7d-fe334646b0e3,com/luxoft/training/lab2/invoices/Purchase.java,getProductDescription
fd25839b-7c8b-47e1-af7d-fe334646b0e3,779da481-4b0f-421c-8d48-6d581366f107,8b15c4be-eef2-46b0-9334-08d60f7bdf69,->,fd25839b-7c8b-47e1-af7d-fe334646b0e3,java/lang/StringBuilder.java,append
fd25839b-7c8b-47e1-af7d-fe334646b0e3,779da481-4b0f-421c-8d48-6d581366f107,8b15c4be-eef2-46b0-9334-08d60f7bdf69,->,fd25839b-7c8b-47e1-af7d-fe334646b0e3,java/lang/StringBuilder.java,toString
fd25839b-7c8b-47e1-af7d-fe334646b0e3,779da481-4b0f-421c-8d48-6d581366f107,8b15c4be-eef2-46b0-9334-08d60f7bdf69,->,fd25839b-7c8b-47e1-af7d-fe334646b0e3,java/io/PrintStream.java,println
fd25839b-7c8b-47e1-af7d-fe334646b0e3,779da481-4b0f-421c-8d48-6d581366f107,8b15c4be-eef2-46b0-9334-08d60f7bdf69,->,fd25839b-7c8b-47e1-af7d-fe334646b0e3,java/lang/StringBuilder.java,append
fd25839b-7c8b-47e1-af7d-fe334646b0e3,779da481-4b0f-421c-8d48-6d581366f107,8b15c4be-eef2-46b0-9334-08d60f7bdf69,->,fd25839b-7c8b-47e1-af7d-fe334646b0e3,com/luxoft/training/lab2/invoices/Purchase.java,getSellerContacts
fd25839b-7c8b-47e1-af7d-fe334646b0e3,779da481-4b0f-421c-8d48-6d581366f107,8b15c4be-eef2-46b0-9334-08d60f7bdf69,->,fd25839b-7c8b-47e1-af7d-fe334646b0e3,java/lang/StringBuilder.java,append
fd25839b-7c8b-47e1-af7d-fe334646b0e3,779da481-4b0f-421c-8d48-6d581366f107,8b15c4be-eef2-46b0-9334-08d60f7bdf69,->,fd25839b-7c8b-47e1-af7d-fe334646b0e3,java/lang/StringBuilder.java,toString
fd25839b-7c8b-47e1-af7d-fe334646b0e3,779da481-4b0f-421c-8d48-6d581366f107,8b15c4be-eef2-46b0-9334-08d60f7bdf69,->,fd25839b-7c8b-47e1-af7d-fe334646b0e3,java/io/PrintStream.java,println
fd25839b-7c8b-47e1-af7d-fe334646b0e3,779da481-4b0f-421c-8d48-6d581366f107,8b15c4be-eef2-46b0-9334-08d60f7bdf69,->,fd25839b-7c8b-47e1-af7d-fe334646b0e3,java/lang/StringBuilder.java,append
fd25839b-7c8b-47e1-af7d-fe334646b0e3,779da481-4b0f-421c-8d48-6d581366f107,8b15c4be-eef2-46b0-9334-08d60f7bdf69,->,fd25839b-7c8b-47e1-af7d-fe334646b0e3,com/luxoft/training/lab2/invoices/Purchase.java,getBuyerContacts
fd25839b-7c8b-47e1-af7d-fe334646b0e3,779da481-4b0f-421c-8d48-6d581366f107,8b15c4be-eef2-46b0-9334-08d60f7bdf69,->,fd25839b-7c8b-47e1-af7d-fe334646b0e3,java/lang/StringBuilder.java,append
fd25839b-7c8b-47e1-af7d-fe334646b0e3,779da481-4b0f-421c-8d48-6d581366f107,8b15c4be-eef2-46b0-9334-08d60f7bdf69,->,fd25839b-7c8b-47e1-af7d-fe334646b0e3,java/lang/StringBuilder.java,toString
fd25839b-7c8b-47e1-af7d-fe334646b0e3,779da481-4b0f-421c-8d48-6d581366f107,8b15c4be-eef2-46b0-9334-08d60f7bdf69,->,fd25839b-7c8b-47e1-af7d-fe334646b0e3,java/io/PrintStream.java,println
fd25839b-7c8b-47e1-af7d-fe334646b0e3,779da481-4b0f-421c-8d48-6d581366f107,8b15c4be-eef2-46b0-9334-08d60f7bdf69,->,fd25839b-7c8b-47e1-af7d-fe334646b0e3,java/lang/StringBuilder.java,append
fd25839b-7c8b-47e1-af7d-fe334646b0e3,779da481-4b0f-421c-8d48-6d581366f107,8b15c4be-eef2-46b0-9334-08d60f7bdf69,->,fd25839b-7c8b-47e1-af7d-fe334646b0e3,com/luxoft/training/lab2/invoices/Purchase.java,getInvoiceDate
fd25839b-7c8b-47e1-af7d-fe334646b0e3,779da481-4b0f-421c-8d48-6d581366f107,8b15c4be-eef2-46b0-9334-08d60f7bdf69,->,fd25839b-7c8b-47e1-af7d-fe334646b0e3,564fb405-3117-4d59-9d8e-2f32f7f2ac6f,12124ccc-d5d5-4e6e-936d-ddf3222f838b
fd25839b-7c8b-47e1-af7d-fe334646b0e3,779da481-4b0f-421c-8d48-6d581366f107,8b15c4be-eef2-46b0-9334-08d60f7bdf69,->,fd25839b-7c8b-47e1-af7d-fe334646b0e3,java/lang/StringBuilder.java,append
fd25839b-7c8b-47e1-af7d-fe334646b0e3,779da481-4b0f-421c-8d48-6d581366f107,8b15c4be-eef2-46b0-9334-08d60f7bdf69,->,fd25839b-7c8b-47e1-af7d-fe334646b0e3,java/lang/StringBuilder.java,toString
fd25839b-7c8b-47e1-af7d-fe334646b0e3,779da481-4b0f-421c-8d48-6d581366f107,8b15c4be-eef2-46b0-9334-08d60f7bdf69,->,fd25839b-7c8b-47e1-af7d-fe334646b0e3,java/io/PrintStream.java,println
fd25839b-7c8b-47e1-af7d-fe334646b0e3,779da481-4b0f-421c-8d48-6d581366f107,8b15c4be-eef2-46b0-9334-08d60f7bdf69,->,fd25839b-7c8b-47e1-af7d-fe334646b0e3,java/lang/StringBuilder.java,append
fd25839b-7c8b-47e1-af7d-fe334646b0e3,779da481-4b0f-421c-8d48-6d581366f107,8b15c4be-eef2-46b0-9334-08d60f7bdf69,->,fd25839b-7c8b-47e1-af7d-fe334646b0e3,com/luxoft/training/lab2/invoices/Purchase.java,getInvoicePrice
fd25839b-7c8b-47e1-af7d-fe334646b0e3,779da481-4b0f-421c-8d48-6d581366f107,8b15c4be-eef2-46b0-9334-08d60f7bdf69,->,fd25839b-7c8b-47e1-af7d-fe334646b0e3,java/lang/StringBuilder.java,append
fd25839b-7c8b-47e1-af7d-fe334646b0e3,779da481-4b0f-421c-8d48-6d581366f107,8b15c4be-eef2-46b0-9334-08d60f7bdf69,->,fd25839b-7c8b-47e1-af7d-fe334646b0e3,java/lang/StringBuilder.java,toString
fd25839b-7c8b-47e1-af7d-fe334646b0e3,779da481-4b0f-421c-8d48-6d581366f107,8b15c4be-eef2-46b0-9334-08d60f7bdf69,->,fd25839b-7c8b-47e1-af7d-fe334646b0e3,java/io/PrintStream.java,println
fd25839b-7c8b-47e1-af7d-fe334646b0e3,779da481-4b0f-421c-8d48-6d581366f107,8b15c4be-eef2-46b0-9334-08d60f7bdf69,->,fd25839b-7c8b-47e1-af7d-fe334646b0e3,java/lang/StringBuilder.java,append
fd25839b-7c8b-47e1-af7d-fe334646b0e3,779da481-4b0f-421c-8d48-6d581366f107,8b15c4be-eef2-46b0-9334-08d60f7bdf69,->,fd25839b-7c8b-47e1-af7d-fe334646b0e3,com/luxoft/training/lab2/invoices/Purchase.java,getShippingDate
fd25839b-7c8b-47e1-af7d-fe334646b0e3,779da481-4b0f-421c-8d48-6d581366f107,8b15c4be-eef2-46b0-9334-08d60f7bdf69,->,fd25839b-7c8b-47e1-af7d-fe334646b0e3,564fb405-3117-4d59-9d8e-2f32f7f2ac6f,12124ccc-d5d5-4e6e-936d-ddf3222f838b
fd25839b-7c8b-47e1-af7d-fe334646b0e3,779da481-4b0f-421c-8d48-6d581366f107,8b15c4be-eef2-46b0-9334-08d60f7bdf69,->,fd25839b-7c8b-47e1-af7d-fe334646b0e3,java/lang/StringBuilder.java,append
fd25839b-7c8b-47e1-af7d-fe334646b0e3,779da481-4b0f-421c-8d48-6d581366f107,8b15c4be-eef2-46b0-9334-08d60f7bdf69,->,fd25839b-7c8b-47e1-af7d-fe334646b0e3,java/lang/StringBuilder.java,toString
fd25839b-7c8b-47e1-af7d-fe334646b0e3,779da481-4b0f-421c-8d48-6d581366f107,8b15c4be-eef2-46b0-9334-08d60f7bdf69,->,fd25839b-7c8b-47e1-af7d-fe334646b0e3,java/io/PrintStream.java,println
fd25839b-7c8b-47e1-af7d-fe334646b0e3,779da481-4b0f-421c-8d48-6d581366f107,8b15c4be-eef2-46b0-9334-08d60f7bdf69,->,fd25839b-7c8b-47e1-af7d-fe334646b0e3,java/lang/StringBuilder.java,append
fd25839b-7c8b-47e1-af7d-fe334646b0e3,779da481-4b0f-421c-8d48-6d581366f107,8b15c4be-eef2-46b0-9334-08d60f7bdf69,->,fd25839b-7c8b-47e1-af7d-fe334646b0e3,com/luxoft/training/lab2/invoices/Purchase.java,getDeliveryDate
fd25839b-7c8b-47e1-af7d-fe334646b0e3,779da481-4b0f-421c-8d48-6d581366f107,8b15c4be-eef2-46b0-9334-08d60f7bdf69,->,fd25839b-7c8b-47e1-af7d-fe334646b0e3,564fb405-3117-4d59-9d8e-2f32f7f2ac6f,12124ccc-d5d5-4e6e-936d-ddf3222f838b
fd25839b-7c8b-47e1-af7d-fe334646b0e3,779da481-4b0f-421c-8d48-6d581366f107,8b15c4be-eef2-46b0-9334-08d60f7bdf69,->,fd25839b-7c8b-47e1-af7d-fe334646b0e3,java/lang/StringBuilder.java,append
fd25839b-7c8b-47e1-af7d-fe334646b0e3,779da481-4b0f-421c-8d48-6d581366f107,8b15c4be-eef2-46b0-9334-08d60f7bdf69,->,fd25839b-7c8b-47e1-af7d-fe334646b0e3,java/lang/StringBuilder.java,toString
fd25839b-7c8b-47e1-af7d-fe334646b0e3,779da481-4b0f-421c-8d48-6d581366f107,8b15c4be-eef2-46b0-9334-08d60f7bdf69,->,fd25839b-7c8b-47e1-af7d-fe334646b0e3,java/io/PrintStream.java,println
fd25839b-7c8b-47e1-af7d-fe334646b0e3,779da481-4b0f-421c-8d48-6d581366f107,8b15c4be-eef2-46b0-9334-08d60f7bdf69,->,fd25839b-7c8b-47e1-af7d-fe334646b0e3,java/io/PrintStream.java,println
fd25839b-7c8b-47e1-af7d-fe334646b0e3,d83c4265-f9fd-4308-a42b-2c1da263ef4a,953c1ab5-f5c4-45d4-9303-2fe7278b6ae4,->,fd25839b-7c8b-47e1-af7d-fe334646b0e3,java/lang/StringBuilder.java,append
fd25839b-7c8b-47e1-af7d-fe334646b0e3,d83c4265-f9fd-4308-a42b-2c1da263ef4a,953c1ab5-f5c4-45d4-9303-2fe7278b6ae4,->,fd25839b-7c8b-47e1-af7d-fe334646b0e3,d83c4265-f9fd-4308-a42b-2c1da263ef4a,c06d9dae-eb14-41d2-a815-64cfc4ac1a3b
fd25839b-7c8b-47e1-af7d-fe334646b0e3,d83c4265-f9fd-4308-a42b-2c1da263ef4a,953c1ab5-f5c4-45d4-9303-2fe7278b6ae4,->,fd25839b-7c8b-47e1-af7d-fe334646b0e3,java/lang/StringBuilder.java,append
fd25839b-7c8b-47e1-af7d-fe334646b0e3,d83c4265-f9fd-4308-a42b-2c1da263ef4a,953c1ab5-f5c4-45d4-9303-2fe7278b6ae4,->,fd25839b-7c8b-47e1-af7d-fe334646b0e3,java/lang/StringBuilder.java,toString
fd25839b-7c8b-47e1-af7d-fe334646b0e3,d83c4265-f9fd-4308-a42b-2c1da263ef4a,953c1ab5-f5c4-45d4-9303-2fe7278b6ae4,->,fd25839b-7c8b-47e1-af7d-fe334646b0e3,java/io/PrintStream.java,println
fd25839b-7c8b-47e1-af7d-fe334646b0e3,d83c4265-f9fd-4308-a42b-2c1da263ef4a,953c1ab5-f5c4-45d4-9303-2fe7278b6ae4,->,fd25839b-7c8b-47e1-af7d-fe334646b0e3,java/lang/StringBuilder.java,append
fd25839b-7c8b-47e1-af7d-fe334646b0e3,d83c4265-f9fd-4308-a42b-2c1da263ef4a,953c1ab5-f5c4-45d4-9303-2fe7278b6ae4,->,fd25839b-7c8b-47e1-af7d-fe334646b0e3,d83c4265-f9fd-4308-a42b-2c1da263ef4a,202a8acc-c834-4a91-bb1d-6610b0f5dbaa
fd25839b-7c8b-47e1-af7d-fe334646b0e3,d83c4265-f9fd-4308-a42b-2c1da263ef4a,953c1ab5-f5c4-45d4-9303-2fe7278b6ae4,->,fd25839b-7c8b-47e1-af7d-fe334646b0e3,java/lang/StringBuilder.java,append
fd25839b-7c8b-47e1-af7d-fe334646b0e3,d83c4265-f9fd-4308-a42b-2c1da263ef4a,953c1ab5-f5c4-45d4-9303-2fe7278b6ae4,->,fd25839b-7c8b-47e1-af7d-fe334646b0e3,java/lang/StringBuilder.java,toString
fd25839b-7c8b-47e1-af7d-fe334646b0e3,d83c4265-f9fd-4308-a42b-2c1da263ef4a,953c1ab5-f5c4-45d4-9303-2fe7278b6ae4,->,fd25839b-7c8b-47e1-af7d-fe334646b0e3,java/io/PrintStream.java,println
fd25839b-7c8b-47e1-af7d-fe334646b0e3,d83c4265-f9fd-4308-a42b-2c1da263ef4a,953c1ab5-f5c4-45d4-9303-2fe7278b6ae4,->,fd25839b-7c8b-47e1-af7d-fe334646b0e3,java/lang/StringBuilder.java,append
fd25839b-7c8b-47e1-af7d-fe334646b0e3,d83c4265-f9fd-4308-a42b-2c1da263ef4a,953c1ab5-f5c4-45d4-9303-2fe7278b6ae4,->,fd25839b-7c8b-47e1-af7d-fe334646b0e3,d83c4265-f9fd-4308-a42b-2c1da263ef4a,97b7da2b-2542-49b3-a72d-a532476eec10
fd25839b-7c8b-47e1-af7d-fe334646b0e3,d83c4265-f9fd-4308-a42b-2c1da263ef4a,953c1ab5-f5c4-45d4-9303-2fe7278b6ae4,->,fd25839b-7c8b-47e1-af7d-fe334646b0e3,java/lang/StringBuilder.java,append
fd25839b-7c8b-47e1-af7d-fe334646b0e3,d83c4265-f9fd-4308-a42b-2c1da263ef4a,953c1ab5-f5c4-45d4-9303-2fe7278b6ae4,->,fd25839b-7c8b-47e1-af7d-fe334646b0e3,java/lang/StringBuilder.java,toString
fd25839b-7c8b-47e1-af7d-fe334646b0e3,d83c4265-f9fd-4308-a42b-2c1da263ef4a,953c1ab5-f5c4-45d4-9303-2fe7278b6ae4,->,fd25839b-7c8b-47e1-af7d-fe334646b0e3,java/io/PrintStream.java,println
fd25839b-7c8b-47e1-af7d-fe334646b0e3,d83c4265-f9fd-4308-a42b-2c1da263ef4a,953c1ab5-f5c4-45d4-9303-2fe7278b6ae4,->,fd25839b-7c8b-47e1-af7d-fe334646b0e3,java/lang/StringBuilder.java,append
fd25839b-7c8b-47e1-af7d-fe334646b0e3,d83c4265-f9fd-4308-a42b-2c1da263ef4a,953c1ab5-f5c4-45d4-9303-2fe7278b6ae4,->,fd25839b-7c8b-47e1-af7d-fe334646b0e3,d83c4265-f9fd-4308-a42b-2c1da263ef4a,c5e5a4d9-2b75-4fef-a838-4671b48d48b4
fd25839b-7c8b-47e1-af7d-fe334646b0e3,d83c4265-f9fd-4308-a42b-2c1da263ef4a,953c1ab5-f5c4-45d4-9303-2fe7278b6ae4,->,fd25839b-7c8b-47e1-af7d-fe334646b0e3,564fb405-3117-4d59-9d8e-2f32f7f2ac6f,12124ccc-d5d5-4e6e-936d-ddf3222f838b
fd25839b-7c8b-47e1-af7d-fe334646b0e3,d83c4265-f9fd-4308-a42b-2c1da263ef4a,953c1ab5-f5c4-45d4-9303-2fe7278b6ae4,->,fd25839b-7c8b-47e1-af7d-fe334646b0e3,java/lang/StringBuilder.java,append
fd25839b-7c8b-47e1-af7d-fe334646b0e3,d83c4265-f9fd-4308-a42b-2c1da263ef4a,953c1ab5-f5c4-45d4-9303-2fe7278b6ae4,->,fd25839b-7c8b-47e1-af7d-fe334646b0e3,java/lang/StringBuilder.java,toString
fd25839b-7c8b-47e1-af7d-fe334646b0e3,d83c4265-f9fd-4308-a42b-2c1da263ef4a,953c1ab5-f5c4-45d4-9303-2fe7278b6ae4,->,fd25839b-7c8b-47e1-af7d-fe334646b0e3,java/io/PrintStream.java,println
fd25839b-7c8b-47e1-af7d-fe334646b0e3,d83c4265-f9fd-4308-a42b-2c1da263ef4a,953c1ab5-f5c4-45d4-9303-2fe7278b6ae4,->,fd25839b-7c8b-47e1-af7d-fe334646b0e3,java/lang/StringBuilder.java,append
fd25839b-7c8b-47e1-af7d-fe334646b0e3,d83c4265-f9fd-4308-a42b-2c1da263ef4a,953c1ab5-f5c4-45d4-9303-2fe7278b6ae4,->,fd25839b-7c8b-47e1-af7d-fe334646b0e3,d83c4265-f9fd-4308-a42b-2c1da263ef4a,65b06907-0c30-4470-ae08-65eecc933631
fd25839b-7c8b-47e1-af7d-fe334646b0e3,d83c4265-f9fd-4308-a42b-2c1da263ef4a,953c1ab5-f5c4-45d4-9303-2fe7278b6ae4,->,fd25839b-7c8b-47e1-af7d-fe334646b0e3,java/lang/StringBuilder.java,append
fd25839b-7c8b-47e1-af7d-fe334646b0e3,d83c4265-f9fd-4308-a42b-2c1da263ef4a,953c1ab5-f5c4-45d4-9303-2fe7278b6ae4,->,fd25839b-7c8b-47e1-af7d-fe334646b0e3,java/lang/StringBuilder.java,toString
fd25839b-7c8b-47e1-af7d-fe334646b0e3,d83c4265-f9fd-4308-a42b-2c1da263ef4a,953c1ab5-f5c4-45d4-9303-2fe7278b6ae4,->,fd25839b-7c8b-47e1-af7d-fe334646b0e3,java/io/PrintStream.java,println
fd25839b-7c8b-47e1-af7d-fe334646b0e3,d83c4265-f9fd-4308-a42b-2c1da263ef4a,953c1ab5-f5c4-45d4-9303-2fe7278b6ae4,->,fd25839b-7c8b-47e1-af7d-fe334646b0e3,d83c4265-f9fd-4308-a42b-2c1da263ef4a,6c1e81f9-7195-427c-b1a8-92ebe0969181
fd25839b-7c8b-47e1-af7d-fe334646b0e3,d83c4265-f9fd-4308-a42b-2c1da263ef4a,953c1ab5-f5c4-45d4-9303-2fe7278b6ae4,->,fd25839b-7c8b-47e1-af7d-fe334646b0e3,ed41f19d-78d9-4a83-87e4-e282c8df4d0b,f94f1591-dea5-49f2-a8cd-aaf3675ee987
fd25839b-7c8b-47e1-af7d-fe334646b0e3,d83c4265-f9fd-4308-a42b-2c1da263ef4a,750f45f6-35b7-49c1-9674-90587cd23df7,->,fd25839b-7c8b-47e1-af7d-fe334646b0e3,java/lang/String.java,compareTo
fd25839b-7c8b-47e1-af7d-fe334646b0e3,07adf5fd-81bd-4355-9d72-cbd26e464af3,8fa2018a-c212-4858-b073-a10437b851f9,->,fd25839b-7c8b-47e1-af7d-fe334646b0e3,com/luxoft/training/lab2/employees/paymentType/MonthlySalary.java,getBaseSalary
fd25839b-7c8b-47e1-af7d-fe334646b0e3,07adf5fd-81bd-4355-9d72-cbd26e464af3,8fa2018a-c212-4858-b073-a10437b851f9,->,fd25839b-7c8b-47e1-af7d-fe334646b0e3,com/luxoft/training/lab2/employees/paymentType/MonthlySalary.java,setPayment
fd25839b-7c8b-47e1-af7d-fe334646b0e3,07adf5fd-81bd-4355-9d72-cbd26e464af3,8fa2018a-c212-4858-b073-a10437b851f9,->,fd25839b-7c8b-47e1-af7d-fe334646b0e3,com/luxoft/training/lab2/employees/paymentType/MonthlySalary.java,getPayment
fd25839b-7c8b-47e1-af7d-fe334646b0e3,07adf5fd-81bd-4355-9d72-cbd26e464af3,1d84a3cc-93eb-4996-9920-3d6e348ca05e,->,fd25839b-7c8b-47e1-af7d-fe334646b0e3,java/lang/StringBuilder.java,append
fd25839b-7c8b-47e1-af7d-fe334646b0e3,07adf5fd-81bd-4355-9d72-cbd26e464af3,1d84a3cc-93eb-4996-9920-3d6e348ca05e,->,fd25839b-7c8b-47e1-af7d-fe334646b0e3,com/luxoft/training/lab2/employees/paymentType/MonthlySalary.java,getBaseSalary
fd25839b-7c8b-47e1-af7d-fe334646b0e3,07adf5fd-81bd-4355-9d72-cbd26e464af3,1d84a3cc-93eb-4996-9920-3d6e348ca05e,->,fd25839b-7c8b-47e1-af7d-fe334646b0e3,java/lang/StringBuilder.java,append
fd25839b-7c8b-47e1-af7d-fe334646b0e3,07adf5fd-81bd-4355-9d72-cbd26e464af3,1d84a3cc-93eb-4996-9920-3d6e348ca05e,->,fd25839b-7c8b-47e1-af7d-fe334646b0e3,java/lang/StringBuilder.java,toString
fd25839b-7c8b-47e1-af7d-fe334646b0e3,07adf5fd-81bd-4355-9d72-cbd26e464af3,1d84a3cc-93eb-4996-9920-3d6e348ca05e,->,fd25839b-7c8b-47e1-af7d-fe334646b0e3,java/io/PrintStream.java,println
fd25839b-7c8b-47e1-af7d-fe334646b0e3,07adf5fd-81bd-4355-9d72-cbd26e464af3,1d84a3cc-93eb-4996-9920-3d6e348ca05e,->,fd25839b-7c8b-47e1-af7d-fe334646b0e3,java/lang/StringBuilder.java,append
fd25839b-7c8b-47e1-af7d-fe334646b0e3,07adf5fd-81bd-4355-9d72-cbd26e464af3,1d84a3cc-93eb-4996-9920-3d6e348ca05e,->,fd25839b-7c8b-47e1-af7d-fe334646b0e3,com/luxoft/training/lab2/employees/paymentType/MonthlySalary.java,getPayment
fd25839b-7c8b-47e1-af7d-fe334646b0e3,07adf5fd-81bd-4355-9d72-cbd26e464af3,1d84a3cc-93eb-4996-9920-3d6e348ca05e,->,fd25839b-7c8b-47e1-af7d-fe334646b0e3,java/lang/StringBuilder.java,append
fd25839b-7c8b-47e1-af7d-fe334646b0e3,07adf5fd-81bd-4355-9d72-cbd26e464af3,1d84a3cc-93eb-4996-9920-3d6e348ca05e,->,fd25839b-7c8b-47e1-af7d-fe334646b0e3,java/lang/StringBuilder.java,toString
fd25839b-7c8b-47e1-af7d-fe334646b0e3,07adf5fd-81bd-4355-9d72-cbd26e464af3,1d84a3cc-93eb-4996-9920-3d6e348ca05e,->,fd25839b-7c8b-47e1-af7d-fe334646b0e3,java/io/PrintStream.java,println
fd25839b-7c8b-47e1-af7d-fe334646b0e3,07adf5fd-81bd-4355-9d72-cbd26e464af3,1d84a3cc-93eb-4996-9920-3d6e348ca05e,->,fd25839b-7c8b-47e1-af7d-fe334646b0e3,java/io/PrintStream.java,println
fd25839b-7c8b-47e1-af7d-fe334646b0e3,691f9f11-9f15-41a1-9b53-3d6aec85e440,402726c2-370c-4e3e-b8ec-9f0c13bd08be,->,fd25839b-7c8b-47e1-af7d-fe334646b0e3,com/luxoft/training/lab2/employees/paymentType/CommissionAndSalary.java,getCommissionValue
fd25839b-7c8b-47e1-af7d-fe334646b0e3,691f9f11-9f15-41a1-9b53-3d6aec85e440,402726c2-370c-4e3e-b8ec-9f0c13bd08be,->,fd25839b-7c8b-47e1-af7d-fe334646b0e3,com/luxoft/training/lab2/employees/paymentType/CommissionAndSalary.java,getSalesAmount
fd25839b-7c8b-47e1-af7d-fe334646b0e3,691f9f11-9f15-41a1-9b53-3d6aec85e440,402726c2-370c-4e3e-b8ec-9f0c13bd08be,->,fd25839b-7c8b-47e1-af7d-fe334646b0e3,com/luxoft/training/lab2/employees/paymentType/CommissionAndSalary.java,getBaseSalary
fd25839b-7c8b-47e1-af7d-fe334646b0e3,691f9f11-9f15-41a1-9b53-3d6aec85e440,402726c2-370c-4e3e-b8ec-9f0c13bd08be,->,fd25839b-7c8b-47e1-af7d-fe334646b0e3,com/luxoft/training/lab2/employees/paymentType/CommissionAndSalary.java,setPayment
fd25839b-7c8b-47e1-af7d-fe334646b0e3,691f9f11-9f15-41a1-9b53-3d6aec85e440,402726c2-370c-4e3e-b8ec-9f0c13bd08be,->,fd25839b-7c8b-47e1-af7d-fe334646b0e3,com/luxoft/training/lab2/employees/paymentType/CommissionAndSalary.java,getPayment
fd25839b-7c8b-47e1-af7d-fe334646b0e3,691f9f11-9f15-41a1-9b53-3d6aec85e440,a8510d3c-0498-4a02-8e10-42bfcd22806e,->,fd25839b-7c8b-47e1-af7d-fe334646b0e3,java/lang/StringBuilder.java,append
fd25839b-7c8b-47e1-af7d-fe334646b0e3,691f9f11-9f15-41a1-9b53-3d6aec85e440,a8510d3c-0498-4a02-8e10-42bfcd22806e,->,fd25839b-7c8b-47e1-af7d-fe334646b0e3,com/luxoft/training/lab2/employees/paymentType/CommissionAndSalary.java,getSalesAmount
fd25839b-7c8b-47e1-af7d-fe334646b0e3,691f9f11-9f15-41a1-9b53-3d6aec85e440,a8510d3c-0498-4a02-8e10-42bfcd22806e,->,fd25839b-7c8b-47e1-af7d-fe334646b0e3,java/lang/StringBuilder.java,append
fd25839b-7c8b-47e1-af7d-fe334646b0e3,691f9f11-9f15-41a1-9b53-3d6aec85e440,a8510d3c-0498-4a02-8e10-42bfcd22806e,->,fd25839b-7c8b-47e1-af7d-fe334646b0e3,java/lang/StringBuilder.java,toString
fd25839b-7c8b-47e1-af7d-fe334646b0e3,691f9f11-9f15-41a1-9b53-3d6aec85e440,a8510d3c-0498-4a02-8e10-42bfcd22806e,->,fd25839b-7c8b-47e1-af7d-fe334646b0e3,java/io/PrintStream.java,println
fd25839b-7c8b-47e1-af7d-fe334646b0e3,691f9f11-9f15-41a1-9b53-3d6aec85e440,a8510d3c-0498-4a02-8e10-42bfcd22806e,->,fd25839b-7c8b-47e1-af7d-fe334646b0e3,java/lang/StringBuilder.java,append
fd25839b-7c8b-47e1-af7d-fe334646b0e3,691f9f11-9f15-41a1-9b53-3d6aec85e440,a8510d3c-0498-4a02-8e10-42bfcd22806e,->,fd25839b-7c8b-47e1-af7d-fe334646b0e3,com/luxoft/training/lab2/employees/paymentType/CommissionAndSalary.java,getCommissionValue
fd25839b-7c8b-47e1-af7d-fe334646b0e3,691f9f11-9f15-41a1-9b53-3d6aec85e440,a8510d3c-0498-4a02-8e10-42bfcd22806e,->,fd25839b-7c8b-47e1-af7d-fe334646b0e3,java/lang/StringBuilder.java,append
fd25839b-7c8b-47e1-af7d-fe334646b0e3,691f9f11-9f15-41a1-9b53-3d6aec85e440,a8510d3c-0498-4a02-8e10-42bfcd22806e,->,fd25839b-7c8b-47e1-af7d-fe334646b0e3,java/lang/StringBuilder.java,toString
fd25839b-7c8b-47e1-af7d-fe334646b0e3,691f9f11-9f15-41a1-9b53-3d6aec85e440,a8510d3c-0498-4a02-8e10-42bfcd22806e,->,fd25839b-7c8b-47e1-af7d-fe334646b0e3,java/io/PrintStream.java,println
fd25839b-7c8b-47e1-af7d-fe334646b0e3,691f9f11-9f15-41a1-9b53-3d6aec85e440,a8510d3c-0498-4a02-8e10-42bfcd22806e,->,fd25839b-7c8b-47e1-af7d-fe334646b0e3,java/lang/StringBuilder.java,append
fd25839b-7c8b-47e1-af7d-fe334646b0e3,691f9f11-9f15-41a1-9b53-3d6aec85e440,a8510d3c-0498-4a02-8e10-42bfcd22806e,->,fd25839b-7c8b-47e1-af7d-fe334646b0e3,com/luxoft/training/lab2/employees/paymentType/CommissionAndSalary.java,getBaseSalary
fd25839b-7c8b-47e1-af7d-fe334646b0e3,691f9f11-9f15-41a1-9b53-3d6aec85e440,a8510d3c-0498-4a02-8e10-42bfcd22806e,->,fd25839b-7c8b-47e1-af7d-fe334646b0e3,java/lang/StringBuilder.java,append
fd25839b-7c8b-47e1-af7d-fe334646b0e3,691f9f11-9f15-41a1-9b53-3d6aec85e440,a8510d3c-0498-4a02-8e10-42bfcd22806e,->,fd25839b-7c8b-47e1-af7d-fe334646b0e3,java/lang/StringBuilder.java,toString
fd25839b-7c8b-47e1-af7d-fe334646b0e3,691f9f11-9f15-41a1-9b53-3d6aec85e440,a8510d3c-0498-4a02-8e10-42bfcd22806e,->,fd25839b-7c8b-47e1-af7d-fe334646b0e3,java/io/PrintStream.java,println
fd25839b-7c8b-47e1-af7d-fe334646b0e3,691f9f11-9f15-41a1-9b53-3d6aec85e440,a8510d3c-0498-4a02-8e10-42bfcd22806e,->,fd25839b-7c8b-47e1-af7d-fe334646b0e3,java/lang/StringBuilder.java,append
fd25839b-7c8b-47e1-af7d-fe334646b0e3,691f9f11-9f15-41a1-9b53-3d6aec85e440,a8510d3c-0498-4a02-8e10-42bfcd22806e,->,fd25839b-7c8b-47e1-af7d-fe334646b0e3,com/luxoft/training/lab2/employees/paymentType/CommissionAndSalary.java,getPayment
fd25839b-7c8b-47e1-af7d-fe334646b0e3,691f9f11-9f15-41a1-9b53-3d6aec85e440,a8510d3c-0498-4a02-8e10-42bfcd22806e,->,fd25839b-7c8b-47e1-af7d-fe334646b0e3,java/lang/StringBuilder.java,append
fd25839b-7c8b-47e1-af7d-fe334646b0e3,691f9f11-9f15-41a1-9b53-3d6aec85e440,a8510d3c-0498-4a02-8e10-42bfcd22806e,->,fd25839b-7c8b-47e1-af7d-fe334646b0e3,java/lang/StringBuilder.java,toString
fd25839b-7c8b-47e1-af7d-fe334646b0e3,691f9f11-9f15-41a1-9b53-3d6aec85e440,a8510d3c-0498-4a02-8e10-42bfcd22806e,->,fd25839b-7c8b-47e1-af7d-fe334646b0e3,java/io/PrintStream.java,println
fd25839b-7c8b-47e1-af7d-fe334646b0e3,691f9f11-9f15-41a1-9b53-3d6aec85e440,a8510d3c-0498-4a02-8e10-42bfcd22806e,->,fd25839b-7c8b-47e1-af7d-fe334646b0e3,java/io/PrintStream.java,println
fd25839b-7c8b-47e1-af7d-fe334646b0e3,948353a3-7968-4f2a-b239-cffcb886cff0,a153dfcd-990d-4058-8886-0a6263815929,->,fd25839b-7c8b-47e1-af7d-fe334646b0e3,com/luxoft/training/lab2/employees/paymentType/Commission.java,getCommissionValue
fd25839b-7c8b-47e1-af7d-fe334646b0e3,948353a3-7968-4f2a-b239-cffcb886cff0,a153dfcd-990d-4058-8886-0a6263815929,->,fd25839b-7c8b-47e1-af7d-fe334646b0e3,com/luxoft/training/lab2/employees/paymentType/Commission.java,getSalesAmount
fd25839b-7c8b-47e1-af7d-fe334646b0e3,948353a3-7968-4f2a-b239-cffcb886cff0,a153dfcd-990d-4058-8886-0a6263815929,->,fd25839b-7c8b-47e1-af7d-fe334646b0e3,com/luxoft/training/lab2/employees/paymentType/Commission.java,setPayment
fd25839b-7c8b-47e1-af7d-fe334646b0e3,948353a3-7968-4f2a-b239-cffcb886cff0,a153dfcd-990d-4058-8886-0a6263815929,->,fd25839b-7c8b-47e1-af7d-fe334646b0e3,com/luxoft/training/lab2/employees/paymentType/Commission.java,getPayment
fd25839b-7c8b-47e1-af7d-fe334646b0e3,948353a3-7968-4f2a-b239-cffcb886cff0,29a2ba1e-a282-4086-9688-7e692531663d,->,fd25839b-7c8b-47e1-af7d-fe334646b0e3,java/lang/StringBuilder.java,append
fd25839b-7c8b-47e1-af7d-fe334646b0e3,948353a3-7968-4f2a-b239-cffcb886cff0,29a2ba1e-a282-4086-9688-7e692531663d,->,fd25839b-7c8b-47e1-af7d-fe334646b0e3,com/luxoft/training/lab2/employees/paymentType/Commission.java,getSalesAmount
fd25839b-7c8b-47e1-af7d-fe334646b0e3,948353a3-7968-4f2a-b239-cffcb886cff0,29a2ba1e-a282-4086-9688-7e692531663d,->,fd25839b-7c8b-47e1-af7d-fe334646b0e3,java/lang/StringBuilder.java,append
fd25839b-7c8b-47e1-af7d-fe334646b0e3,948353a3-7968-4f2a-b239-cffcb886cff0,29a2ba1e-a282-4086-9688-7e692531663d,->,fd25839b-7c8b-47e1-af7d-fe334646b0e3,java/lang/StringBuilder.java,toString
fd25839b-7c8b-47e1-af7d-fe334646b0e3,948353a3-7968-4f2a-b239-cffcb886cff0,29a2ba1e-a282-4086-9688-7e692531663d,->,fd25839b-7c8b-47e1-af7d-fe334646b0e3,java/io/PrintStream.java,println
fd25839b-7c8b-47e1-af7d-fe334646b0e3,948353a3-7968-4f2a-b239-cffcb886cff0,29a2ba1e-a282-4086-9688-7e692531663d,->,fd25839b-7c8b-47e1-af7d-fe334646b0e3,java/lang/StringBuilder.java,append
fd25839b-7c8b-47e1-af7d-fe334646b0e3,948353a3-7968-4f2a-b239-cffcb886cff0,29a2ba1e-a282-4086-9688-7e692531663d,->,fd25839b-7c8b-47e1-af7d-fe334646b0e3,com/luxoft/training/lab2/employees/paymentType/Commission.java,getCommissionValue
fd25839b-7c8b-47e1-af7d-fe334646b0e3,948353a3-7968-4f2a-b239-cffcb886cff0,29a2ba1e-a282-4086-9688-7e692531663d,->,fd25839b-7c8b-47e1-af7d-fe334646b0e3,java/lang/StringBuilder.java,append
fd25839b-7c8b-47e1-af7d-fe334646b0e3,948353a3-7968-4f2a-b239-cffcb886cff0,29a2ba1e-a282-4086-9688-7e692531663d,->,fd25839b-7c8b-47e1-af7d-fe334646b0e3,java/lang/StringBuilder.java,toString
fd25839b-7c8b-47e1-af7d-fe334646b0e3,948353a3-7968-4f2a-b239-cffcb886cff0,29a2ba1e-a282-4086-9688-7e692531663d,->,fd25839b-7c8b-47e1-af7d-fe334646b0e3,java/io/PrintStream.java,println
fd25839b-7c8b-47e1-af7d-fe334646b0e3,948353a3-7968-4f2a-b239-cffcb886cff0,29a2ba1e-a282-4086-9688-7e692531663d,->,fd25839b-7c8b-47e1-af7d-fe334646b0e3,java/lang/StringBuilder.java,append
fd25839b-7c8b-47e1-af7d-fe334646b0e3,948353a3-7968-4f2a-b239-cffcb886cff0,29a2ba1e-a282-4086-9688-7e692531663d,->,fd25839b-7c8b-47e1-af7d-fe334646b0e3,com/luxoft/training/lab2/employees/paymentType/Commission.java,getPayment
fd25839b-7c8b-47e1-af7d-fe334646b0e3,948353a3-7968-4f2a-b239-cffcb886cff0,29a2ba1e-a282-4086-9688-7e692531663d,->,fd25839b-7c8b-47e1-af7d-fe334646b0e3,java/lang/StringBuilder.java,append
fd25839b-7c8b-47e1-af7d-fe334646b0e3,948353a3-7968-4f2a-b239-cffcb886cff0,29a2ba1e-a282-4086-9688-7e692531663d,->,fd25839b-7c8b-47e1-af7d-fe334646b0e3,java/lang/StringBuilder.java,toString
fd25839b-7c8b-47e1-af7d-fe334646b0e3,948353a3-7968-4f2a-b239-cffcb886cff0,29a2ba1e-a282-4086-9688-7e692531663d,->,fd25839b-7c8b-47e1-af7d-fe334646b0e3,java/io/PrintStream.java,println
fd25839b-7c8b-47e1-af7d-fe334646b0e3,948353a3-7968-4f2a-b239-cffcb886cff0,29a2ba1e-a282-4086-9688-7e692531663d,->,fd25839b-7c8b-47e1-af7d-fe334646b0e3,java/io/PrintStream.java,println
fd25839b-7c8b-47e1-af7d-fe334646b0e3,9cace8ff-b1ff-43d3-a232-b337419e2700,b1baa94a-ed55-41b9-b65e-953e5966fc8a,->,fd25839b-7c8b-47e1-af7d-fe334646b0e3,com/luxoft/training/lab2/employees/paymentType/HourlyRate.java,getWorkingHours
fd25839b-7c8b-47e1-af7d-fe334646b0e3,9cace8ff-b1ff-43d3-a232-b337419e2700,b1baa94a-ed55-41b9-b65e-953e5966fc8a,->,fd25839b-7c8b-47e1-af7d-fe334646b0e3,com/luxoft/training/lab2/employees/paymentType/HourlyRate.java,getHourlyRate
fd25839b-7c8b-47e1-af7d-fe334646b0e3,9cace8ff-b1ff-43d3-a232-b337419e2700,b1baa94a-ed55-41b9-b65e-953e5966fc8a,->,fd25839b-7c8b-47e1-af7d-fe334646b0e3,com/luxoft/training/lab2/employees/paymentType/HourlyRate.java,setPayment
fd25839b-7c8b-47e1-af7d-fe334646b0e3,9cace8ff-b1ff-43d3-a232-b337419e2700,b1baa94a-ed55-41b9-b65e-953e5966fc8a,->,fd25839b-7c8b-47e1-af7d-fe334646b0e3,com/luxoft/training/lab2/employees/paymentType/HourlyRate.java,getPayment
fd25839b-7c8b-47e1-af7d-fe334646b0e3,9cace8ff-b1ff-43d3-a232-b337419e2700,14fe139f-6f86-4243-b288-e67a261a6202,->,fd25839b-7c8b-47e1-af7d-fe334646b0e3,java/lang/StringBuilder.java,append
fd25839b-7c8b-47e1-af7d-fe334646b0e3,9cace8ff-b1ff-43d3-a232-b337419e2700,14fe139f-6f86-4243-b288-e67a261a6202,->,fd25839b-7c8b-47e1-af7d-fe334646b0e3,com/luxoft/training/lab2/employees/paymentType/HourlyRate.java,getWorkingHours
fd25839b-7c8b-47e1-af7d-fe334646b0e3,9cace8ff-b1ff-43d3-a232-b337419e2700,14fe139f-6f86-4243-b288-e67a261a6202,->,fd25839b-7c8b-47e1-af7d-fe334646b0e3,java/lang/StringBuilder.java,append
fd25839b-7c8b-47e1-af7d-fe334646b0e3,9cace8ff-b1ff-43d3-a232-b337419e2700,14fe139f-6f86-4243-b288-e67a261a6202,->,fd25839b-7c8b-47e1-af7d-fe334646b0e3,java/lang/StringBuilder.java,toString
fd25839b-7c8b-47e1-af7d-fe334646b0e3,9cace8ff-b1ff-43d3-a232-b337419e2700,14fe139f-6f86-4243-b288-e67a261a6202,->,fd25839b-7c8b-47e1-af7d-fe334646b0e3,java/io/PrintStream.java,println
fd25839b-7c8b-47e1-af7d-fe334646b0e3,9cace8ff-b1ff-43d3-a232-b337419e2700,14fe139f-6f86-4243-b288-e67a261a6202,->,fd25839b-7c8b-47e1-af7d-fe334646b0e3,java/lang/StringBuilder.java,append
fd25839b-7c8b-47e1-af7d-fe334646b0e3,9cace8ff-b1ff-43d3-a232-b337419e2700,14fe139f-6f86-4243-b288-e67a261a6202,->,fd25839b-7c8b-47e1-af7d-fe334646b0e3,com/luxoft/training/lab2/employees/paymentType/HourlyRate.java,getHourlyRate
fd25839b-7c8b-47e1-af7d-fe334646b0e3,9cace8ff-b1ff-43d3-a232-b337419e2700,14fe139f-6f86-4243-b288-e67a261a6202,->,fd25839b-7c8b-47e1-af7d-fe334646b0e3,java/lang/StringBuilder.java,append
fd25839b-7c8b-47e1-af7d-fe334646b0e3,9cace8ff-b1ff-43d3-a232-b337419e2700,14fe139f-6f86-4243-b288-e67a261a6202,->,fd25839b-7c8b-47e1-af7d-fe334646b0e3,java/lang/StringBuilder.java,toString
fd25839b-7c8b-47e1-af7d-fe334646b0e3,9cace8ff-b1ff-43d3-a232-b337419e2700,14fe139f-6f86-4243-b288-e67a261a6202,->,fd25839b-7c8b-47e1-af7d-fe334646b0e3,java/io/PrintStream.java,println
fd25839b-7c8b-47e1-af7d-fe334646b0e3,9cace8ff-b1ff-43d3-a232-b337419e2700,14fe139f-6f86-4243-b288-e67a261a6202,->,fd25839b-7c8b-47e1-af7d-fe334646b0e3,java/lang/StringBuilder.java,append
fd25839b-7c8b-47e1-af7d-fe334646b0e3,9cace8ff-b1ff-43d3-a232-b337419e2700,14fe139f-6f86-4243-b288-e67a261a6202,->,fd25839b-7c8b-47e1-af7d-fe334646b0e3,com/luxoft/training/lab2/employees/paymentType/HourlyRate.java,getPayment
fd25839b-7c8b-47e1-af7d-fe334646b0e3,9cace8ff-b1ff-43d3-a232-b337419e2700,14fe139f-6f86-4243-b288-e67a261a6202,->,fd25839b-7c8b-47e1-af7d-fe334646b0e3,java/lang/StringBuilder.java,append
fd25839b-7c8b-47e1-af7d-fe334646b0e3,9cace8ff-b1ff-43d3-a232-b337419e2700,14fe139f-6f86-4243-b288-e67a261a6202,->,fd25839b-7c8b-47e1-af7d-fe334646b0e3,java/lang/StringBuilder.java,toString
fd25839b-7c8b-47e1-af7d-fe334646b0e3,9cace8ff-b1ff-43d3-a232-b337419e2700,14fe139f-6f86-4243-b288-e67a261a6202,->,fd25839b-7c8b-47e1-af7d-fe334646b0e3,java/io/PrintStream.java,println
fd25839b-7c8b-47e1-af7d-fe334646b0e3,9cace8ff-b1ff-43d3-a232-b337419e2700,14fe139f-6f86-4243-b288-e67a261a6202,->,fd25839b-7c8b-47e1-af7d-fe334646b0e3,java/io/PrintStream.java,println
fd25839b-7c8b-47e1-af7d-fe334646b0e3,6c9eb866-b487-49d8-bbcb-2251056303a6,cf005c04-3c29-4b70-a94f-718d4557013f,->,fd25839b-7c8b-47e1-af7d-fe334646b0e3,java/util/Arrays.java,sort
fd25839b-7c8b-47e1-af7d-fe334646b0e3,564fb405-3117-4d59-9d8e-2f32f7f2ac6f,bac2c4bd-26a4-444d-b348-5ea1a65b1561,->,fd25839b-7c8b-47e1-af7d-fe334646b0e3,java/lang/Math.java,abs
fd25839b-7c8b-47e1-af7d-fe334646b0e3,564fb405-3117-4d59-9d8e-2f32f7f2ac6f,bac2c4bd-26a4-444d-b348-5ea1a65b1561,->,fd25839b-7c8b-47e1-af7d-fe334646b0e3,java/lang/Math.java,abs
fd25839b-7c8b-47e1-af7d-fe334646b0e3,564fb405-3117-4d59-9d8e-2f32f7f2ac6f,bac2c4bd-26a4-444d-b348-5ea1a65b1561,->,fd25839b-7c8b-47e1-af7d-fe334646b0e3,java/lang/Math.java,abs
fd25839b-7c8b-47e1-af7d-fe334646b0e3,564fb405-3117-4d59-9d8e-2f32f7f2ac6f,bac2c4bd-26a4-444d-b348-5ea1a65b1561,->,fd25839b-7c8b-47e1-af7d-fe334646b0e3,java/lang/Math.java,abs
fd25839b-7c8b-47e1-af7d-fe334646b0e3,564fb405-3117-4d59-9d8e-2f32f7f2ac6f,12124ccc-d5d5-4e6e-936d-ddf3222f838b,->,fd25839b-7c8b-47e1-af7d-fe334646b0e3,java/lang/StringBuilder.java,append
fd25839b-7c8b-47e1-af7d-fe334646b0e3,564fb405-3117-4d59-9d8e-2f32f7f2ac6f,12124ccc-d5d5-4e6e-936d-ddf3222f838b,->,fd25839b-7c8b-47e1-af7d-fe334646b0e3,java/lang/StringBuilder.java,append
fd25839b-7c8b-47e1-af7d-fe334646b0e3,564fb405-3117-4d59-9d8e-2f32f7f2ac6f,12124ccc-d5d5-4e6e-936d-ddf3222f838b,->,fd25839b-7c8b-47e1-af7d-fe334646b0e3,java/lang/StringBuilder.java,toString
fd25839b-7c8b-47e1-af7d-fe334646b0e3,564fb405-3117-4d59-9d8e-2f32f7f2ac6f,12124ccc-d5d5-4e6e-936d-ddf3222f838b,->,fd25839b-7c8b-47e1-af7d-fe334646b0e3,java/lang/StringBuilder.java,append
fd25839b-7c8b-47e1-af7d-fe334646b0e3,564fb405-3117-4d59-9d8e-2f32f7f2ac6f,12124ccc-d5d5-4e6e-936d-ddf3222f838b,->,fd25839b-7c8b-47e1-af7d-fe334646b0e3,java/lang/StringBuilder.java,append
fd25839b-7c8b-47e1-af7d-fe334646b0e3,564fb405-3117-4d59-9d8e-2f32f7f2ac6f,12124ccc-d5d5-4e6e-936d-ddf3222f838b,->,fd25839b-7c8b-47e1-af7d-fe334646b0e3,java/lang/StringBuilder.java,toString
fd25839b-7c8b-47e1-af7d-fe334646b0e3,564fb405-3117-4d59-9d8e-2f32f7f2ac6f,12124ccc-d5d5-4e6e-936d-ddf3222f838b,->,fd25839b-7c8b-47e1-af7d-fe334646b0e3,java/lang/StringBuilder.java,append
fd25839b-7c8b-47e1-af7d-fe334646b0e3,564fb405-3117-4d59-9d8e-2f32f7f2ac6f,12124ccc-d5d5-4e6e-936d-ddf3222f838b,->,fd25839b-7c8b-47e1-af7d-fe334646b0e3,java/lang/StringBuilder.java,append
fd25839b-7c8b-47e1-af7d-fe334646b0e3,564fb405-3117-4d59-9d8e-2f32f7f2ac6f,12124ccc-d5d5-4e6e-936d-ddf3222f838b,->,fd25839b-7c8b-47e1-af7d-fe334646b0e3,java/lang/StringBuilder.java,toString
fd25839b-7c8b-47e1-af7d-fe334646b0e3,564fb405-3117-4d59-9d8e-2f32f7f2ac6f,12124ccc-d5d5-4e6e-936d-ddf3222f838b,->,fd25839b-7c8b-47e1-af7d-fe334646b0e3,java/lang/StringBuilder.java,append
fd25839b-7c8b-47e1-af7d-fe334646b0e3,564fb405-3117-4d59-9d8e-2f32f7f2ac6f,12124ccc-d5d5-4e6e-936d-ddf3222f838b,->,fd25839b-7c8b-47e1-af7d-fe334646b0e3,java/lang/StringBuilder.java,append
fd25839b-7c8b-47e1-af7d-fe334646b0e3,564fb405-3117-4d59-9d8e-2f32f7f2ac6f,12124ccc-d5d5-4e6e-936d-ddf3222f838b,->,fd25839b-7c8b-47e1-af7d-fe334646b0e3,java/lang/StringBuilder.java,toString
fd25839b-7c8b-47e1-af7d-fe334646b0e3,564fb405-3117-4d59-9d8e-2f32f7f2ac6f,12124ccc-d5d5-4e6e-936d-ddf3222f838b,->,fd25839b-7c8b-47e1-af7d-fe334646b0e3,java/lang/StringBuilder.java,append
fd25839b-7c8b-47e1-af7d-fe334646b0e3,564fb405-3117-4d59-9d8e-2f32f7f2ac6f,12124ccc-d5d5-4e6e-936d-ddf3222f838b,->,fd25839b-7c8b-47e1-af7d-fe334646b0e3,java/lang/StringBuilder.java,append
fd25839b-7c8b-47e1-af7d-fe334646b0e3,564fb405-3117-4d59-9d8e-2f32f7f2ac6f,12124ccc-d5d5-4e6e-936d-ddf3222f838b,->,fd25839b-7c8b-47e1-af7d-fe334646b0e3,java/lang/StringBuilder.java,append
fd25839b-7c8b-47e1-af7d-fe334646b0e3,564fb405-3117-4d59-9d8e-2f32f7f2ac6f,12124ccc-d5d5-4e6e-936d-ddf3222f838b,->,fd25839b-7c8b-47e1-af7d-fe334646b0e3,java/lang/StringBuilder.java,append
fd25839b-7c8b-47e1-af7d-fe334646b0e3,564fb405-3117-4d59-9d8e-2f32f7f2ac6f,12124ccc-d5d5-4e6e-936d-ddf3222f838b,->,fd25839b-7c8b-47e1-af7d-fe334646b0e3,java/lang/StringBuilder.java,append
fd25839b-7c8b-47e1-af7d-fe334646b0e3,564fb405-3117-4d59-9d8e-2f32f7f2ac6f,12124ccc-d5d5-4e6e-936d-ddf3222f838b,->,fd25839b-7c8b-47e1-af7d-fe334646b0e3,java/lang/StringBuilder.java,toString
fd25839b-7c8b-47e1-af7d-fe334646b0e3,99aa8d89-fc3b-484c-9780-b941e3fda3c1,9db3bb6c-21cf-4fed-a15a-594706f40591,->,fd25839b-7c8b-47e1-af7d-fe334646b0e3,java/lang/StringBuilder.java,append
fd25839b-7c8b-47e1-af7d-fe334646b0e3,99aa8d89-fc3b-484c-9780-b941e3fda3c1,9db3bb6c-21cf-4fed-a15a-594706f40591,->,fd25839b-7c8b-47e1-af7d-fe334646b0e3,564fb405-3117-4d59-9d8e-2f32f7f2ac6f,12124ccc-d5d5-4e6e-936d-ddf3222f838b
fd25839b-7c8b-47e1-af7d-fe334646b0e3,99aa8d89-fc3b-484c-9780-b941e3fda3c1,9db3bb6c-21cf-4fed-a15a-594706f40591,->,fd25839b-7c8b-47e1-af7d-fe334646b0e3,java/lang/StringBuilder.java,append
fd25839b-7c8b-47e1-af7d-fe334646b0e3,99aa8d89-fc3b-484c-9780-b941e3fda3c1,9db3bb6c-21cf-4fed-a15a-594706f40591,->,fd25839b-7c8b-47e1-af7d-fe334646b0e3,java/lang/StringBuilder.java,toString
fd25839b-7c8b-47e1-af7d-fe334646b0e3,99aa8d89-fc3b-484c-9780-b941e3fda3c1,9db3bb6c-21cf-4fed-a15a-594706f40591,->,fd25839b-7c8b-47e1-af7d-fe334646b0e3,java/io/PrintStream.java,println
fd25839b-7c8b-47e1-af7d-fe334646b0e3,99aa8d89-fc3b-484c-9780-b941e3fda3c1,9db3bb6c-21cf-4fed-a15a-594706f40591,->,fd25839b-7c8b-47e1-af7d-fe334646b0e3,java/lang/StringBuilder.java,append
fd25839b-7c8b-47e1-af7d-fe334646b0e3,99aa8d89-fc3b-484c-9780-b941e3fda3c1,9db3bb6c-21cf-4fed-a15a-594706f40591,->,fd25839b-7c8b-47e1-af7d-fe334646b0e3,564fb405-3117-4d59-9d8e-2f32f7f2ac6f,12124ccc-d5d5-4e6e-936d-ddf3222f838b
fd25839b-7c8b-47e1-af7d-fe334646b0e3,99aa8d89-fc3b-484c-9780-b941e3fda3c1,9db3bb6c-21cf-4fed-a15a-594706f40591,->,fd25839b-7c8b-47e1-af7d-fe334646b0e3,java/lang/StringBuilder.java,append
fd25839b-7c8b-47e1-af7d-fe334646b0e3,99aa8d89-fc3b-484c-9780-b941e3fda3c1,9db3bb6c-21cf-4fed-a15a-594706f40591,->,fd25839b-7c8b-47e1-af7d-fe334646b0e3,java/lang/StringBuilder.java,toString
fd25839b-7c8b-47e1-af7d-fe334646b0e3,99aa8d89-fc3b-484c-9780-b941e3fda3c1,9db3bb6c-21cf-4fed-a15a-594706f40591,->,fd25839b-7c8b-47e1-af7d-fe334646b0e3,java/io/PrintStream.java,println
fd25839b-7c8b-47e1-af7d-fe334646b0e3,99aa8d89-fc3b-484c-9780-b941e3fda3c1,9db3bb6c-21cf-4fed-a15a-594706f40591,->,fd25839b-7c8b-47e1-af7d-fe334646b0e3,java/lang/StringBuilder.java,append
fd25839b-7c8b-47e1-af7d-fe334646b0e3,99aa8d89-fc3b-484c-9780-b941e3fda3c1,9db3bb6c-21cf-4fed-a15a-594706f40591,->,fd25839b-7c8b-47e1-af7d-fe334646b0e3,564fb405-3117-4d59-9d8e-2f32f7f2ac6f,12124ccc-d5d5-4e6e-936d-ddf3222f838b
fd25839b-7c8b-47e1-af7d-fe334646b0e3,99aa8d89-fc3b-484c-9780-b941e3fda3c1,9db3bb6c-21cf-4fed-a15a-594706f40591,->,fd25839b-7c8b-47e1-af7d-fe334646b0e3,java/lang/StringBuilder.java,append
fd25839b-7c8b-47e1-af7d-fe334646b0e3,99aa8d89-fc3b-484c-9780-b941e3fda3c1,9db3bb6c-21cf-4fed-a15a-594706f40591,->,fd25839b-7c8b-47e1-af7d-fe334646b0e3,java/lang/StringBuilder.java,toString
fd25839b-7c8b-47e1-af7d-fe334646b0e3,99aa8d89-fc3b-484c-9780-b941e3fda3c1,9db3bb6c-21cf-4fed-a15a-594706f40591,->,fd25839b-7c8b-47e1-af7d-fe334646b0e3,java/io/PrintStream.java,println
fd25839b-7c8b-47e1-af7d-fe334646b0e3,99aa8d89-fc3b-484c-9780-b941e3fda3c1,9db3bb6c-21cf-4fed-a15a-594706f40591,->,fd25839b-7c8b-47e1-af7d-fe334646b0e3,564fb405-3117-4d59-9d8e-2f32f7f2ac6f,5d29b639-e4b0-479c-b35b-0f4e7ac47dfd
fd25839b-7c8b-47e1-af7d-fe334646b0e3,99aa8d89-fc3b-484c-9780-b941e3fda3c1,9db3bb6c-21cf-4fed-a15a-594706f40591,->,fd25839b-7c8b-47e1-af7d-fe334646b0e3,java/lang/StringBuilder.java,append
fd25839b-7c8b-47e1-af7d-fe334646b0e3,99aa8d89-fc3b-484c-9780-b941e3fda3c1,9db3bb6c-21cf-4fed-a15a-594706f40591,->,fd25839b-7c8b-47e1-af7d-fe334646b0e3,564fb405-3117-4d59-9d8e-2f32f7f2ac6f,12124ccc-d5d5-4e6e-936d-ddf3222f838b
fd25839b-7c8b-47e1-af7d-fe334646b0e3,99aa8d89-fc3b-484c-9780-b941e3fda3c1,9db3bb6c-21cf-4fed-a15a-594706f40591,->,fd25839b-7c8b-47e1-af7d-fe334646b0e3,java/lang/StringBuilder.java,append
fd25839b-7c8b-47e1-af7d-fe334646b0e3,99aa8d89-fc3b-484c-9780-b941e3fda3c1,9db3bb6c-21cf-4fed-a15a-594706f40591,->,fd25839b-7c8b-47e1-af7d-fe334646b0e3,java/lang/StringBuilder.java,toString
fd25839b-7c8b-47e1-af7d-fe334646b0e3,99aa8d89-fc3b-484c-9780-b941e3fda3c1,9db3bb6c-21cf-4fed-a15a-594706f40591,->,fd25839b-7c8b-47e1-af7d-fe334646b0e3,java/io/PrintStream.java,println
fd25839b-7c8b-47e1-af7d-fe334646b0e3,99aa8d89-fc3b-484c-9780-b941e3fda3c1,9db3bb6c-21cf-4fed-a15a-594706f40591,->,fd25839b-7c8b-47e1-af7d-fe334646b0e3,564fb405-3117-4d59-9d8e-2f32f7f2ac6f,38ac7fa8-3171-4ee3-ac74-90b30d6928ee
fd25839b-7c8b-47e1-af7d-fe334646b0e3,99aa8d89-fc3b-484c-9780-b941e3fda3c1,9db3bb6c-21cf-4fed-a15a-594706f40591,->,fd25839b-7c8b-47e1-af7d-fe334646b0e3,java/lang/StringBuilder.java,append
fd25839b-7c8b-47e1-af7d-fe334646b0e3,99aa8d89-fc3b-484c-9780-b941e3fda3c1,9db3bb6c-21cf-4fed-a15a-594706f40591,->,fd25839b-7c8b-47e1-af7d-fe334646b0e3,564fb405-3117-4d59-9d8e-2f32f7f2ac6f,12124ccc-d5d5-4e6e-936d-ddf3222f838b
fd25839b-7c8b-47e1-af7d-fe334646b0e3,99aa8d89-fc3b-484c-9780-b941e3fda3c1,9db3bb6c-21cf-4fed-a15a-594706f40591,->,fd25839b-7c8b-47e1-af7d-fe334646b0e3,java/lang/StringBuilder.java,append
fd25839b-7c8b-47e1-af7d-fe334646b0e3,99aa8d89-fc3b-484c-9780-b941e3fda3c1,9db3bb6c-21cf-4fed-a15a-594706f40591,->,fd25839b-7c8b-47e1-af7d-fe334646b0e3,java/lang/StringBuilder.java,toString
fd25839b-7c8b-47e1-af7d-fe334646b0e3,99aa8d89-fc3b-484c-9780-b941e3fda3c1,9db3bb6c-21cf-4fed-a15a-594706f40591,->,fd25839b-7c8b-47e1-af7d-fe334646b0e3,java/io/PrintStream.java,println
fd25839b-7c8b-47e1-af7d-fe334646b0e3,99aa8d89-fc3b-484c-9780-b941e3fda3c1,9db3bb6c-21cf-4fed-a15a-594706f40591,->,fd25839b-7c8b-47e1-af7d-fe334646b0e3,564fb405-3117-4d59-9d8e-2f32f7f2ac6f,bac2c4bd-26a4-444d-b348-5ea1a65b1561
fd25839b-7c8b-47e1-af7d-fe334646b0e3,99aa8d89-fc3b-484c-9780-b941e3fda3c1,9db3bb6c-21cf-4fed-a15a-594706f40591,->,fd25839b-7c8b-47e1-af7d-fe334646b0e3,java/lang/StringBuilder.java,append
fd25839b-7c8b-47e1-af7d-fe334646b0e3,99aa8d89-fc3b-484c-9780-b941e3fda3c1,9db3bb6c-21cf-4fed-a15a-594706f40591,->,fd25839b-7c8b-47e1-af7d-fe334646b0e3,564fb405-3117-4d59-9d8e-2f32f7f2ac6f,12124ccc-d5d5-4e6e-936d-ddf3222f838b
fd25839b-7c8b-47e1-af7d-fe334646b0e3,99aa8d89-fc3b-484c-9780-b941e3fda3c1,9db3bb6c-21cf-4fed-a15a-594706f40591,->,fd25839b-7c8b-47e1-af7d-fe334646b0e3,java/lang/StringBuilder.java,append
fd25839b-7c8b-47e1-af7d-fe334646b0e3,99aa8d89-fc3b-484c-9780-b941e3fda3c1,9db3bb6c-21cf-4fed-a15a-594706f40591,->,fd25839b-7c8b-47e1-af7d-fe334646b0e3,java/lang/StringBuilder.java,toString
fd25839b-7c8b-47e1-af7d-fe334646b0e3,99aa8d89-fc3b-484c-9780-b941e3fda3c1,9db3bb6c-21cf-4fed-a15a-594706f40591,->,fd25839b-7c8b-47e1-af7d-fe334646b0e3,java/io/PrintStream.java,println
fd25839b-7c8b-47e1-af7d-fe334646b0e3,99aa8d89-fc3b-484c-9780-b941e3fda3c1,9db3bb6c-21cf-4fed-a15a-594706f40591,->,fd25839b-7c8b-47e1-af7d-fe334646b0e3,java/lang/StringBuilder.java,append
fd25839b-7c8b-47e1-af7d-fe334646b0e3,99aa8d89-fc3b-484c-9780-b941e3fda3c1,9db3bb6c-21cf-4fed-a15a-594706f40591,->,fd25839b-7c8b-47e1-af7d-fe334646b0e3,564fb405-3117-4d59-9d8e-2f32f7f2ac6f,c02a07a3-c2c8-4b67-82da-6153573165a9
fd25839b-7c8b-47e1-af7d-fe334646b0e3,99aa8d89-fc3b-484c-9780-b941e3fda3c1,9db3bb6c-21cf-4fed-a15a-594706f40591,->,fd25839b-7c8b-47e1-af7d-fe334646b0e3,java/lang/StringBuilder.java,append
fd25839b-7c8b-47e1-af7d-fe334646b0e3,99aa8d89-fc3b-484c-9780-b941e3fda3c1,9db3bb6c-21cf-4fed-a15a-594706f40591,->,fd25839b-7c8b-47e1-af7d-fe334646b0e3,java/lang/StringBuilder.java,toString
fd25839b-7c8b-47e1-af7d-fe334646b0e3,99aa8d89-fc3b-484c-9780-b941e3fda3c1,9db3bb6c-21cf-4fed-a15a-594706f40591,->,fd25839b-7c8b-47e1-af7d-fe334646b0e3,java/io/PrintStream.java,println
fd25839b-7c8b-47e1-af7d-fe334646b0e3,37d911b2-8fd3-4279-ad3a-e3db3a2a6999,c51c2e7c-a8d0-4fca-9375-b5d27a57f5c8,->,fd25839b-7c8b-47e1-af7d-fe334646b0e3,java/io/PrintStream.java,println
fd25839b-7c8b-47e1-af7d-fe334646b0e3,37d911b2-8fd3-4279-ad3a-e3db3a2a6999,c51c2e7c-a8d0-4fca-9375-b5d27a57f5c8,->,fd25839b-7c8b-47e1-af7d-fe334646b0e3,java/io/BufferedReader.java,readLine
fd25839b-7c8b-47e1-af7d-fe334646b0e3,37d911b2-8fd3-4279-ad3a-e3db3a2a6999,c51c2e7c-a8d0-4fca-9375-b5d27a57f5c8,->,fd25839b-7c8b-47e1-af7d-fe334646b0e3,java/lang/Integer.java,parseInt
fd25839b-7c8b-47e1-af7d-fe334646b0e3,37d911b2-8fd3-4279-ad3a-e3db3a2a6999,c51c2e7c-a8d0-4fca-9375-b5d27a57f5c8,->,fd25839b-7c8b-47e1-af7d-fe334646b0e3,java/util/Random.java,nextInt
fd25839b-7c8b-47e1-af7d-fe334646b0e3,37d911b2-8fd3-4279-ad3a-e3db3a2a6999,c51c2e7c-a8d0-4fca-9375-b5d27a57f5c8,->,fd25839b-7c8b-47e1-af7d-fe334646b0e3,java/io/PrintStream.java,println
fd25839b-7c8b-47e1-af7d-fe334646b0e3,37d911b2-8fd3-4279-ad3a-e3db3a2a6999,c51c2e7c-a8d0-4fca-9375-b5d27a57f5c8,->,fd25839b-7c8b-47e1-af7d-fe334646b0e3,java/util/Arrays.java,toString
fd25839b-7c8b-47e1-af7d-fe334646b0e3,37d911b2-8fd3-4279-ad3a-e3db3a2a6999,c51c2e7c-a8d0-4fca-9375-b5d27a57f5c8,->,fd25839b-7c8b-47e1-af7d-fe334646b0e3,java/io/PrintStream.java,println
fd25839b-7c8b-47e1-af7d-fe334646b0e3,37d911b2-8fd3-4279-ad3a-e3db3a2a6999,c51c2e7c-a8d0-4fca-9375-b5d27a57f5c8,->,fd25839b-7c8b-47e1-af7d-fe334646b0e3,java/io/PrintStream.java,println
fd25839b-7c8b-47e1-af7d-fe334646b0e3,37d911b2-8fd3-4279-ad3a-e3db3a2a6999,c51c2e7c-a8d0-4fca-9375-b5d27a57f5c8,->,fd25839b-7c8b-47e1-af7d-fe334646b0e3,java/lang/System.java,nanoTime
fd25839b-7c8b-47e1-af7d-fe334646b0e3,37d911b2-8fd3-4279-ad3a-e3db3a2a6999,c51c2e7c-a8d0-4fca-9375-b5d27a57f5c8,->,fd25839b-7c8b-47e1-af7d-fe334646b0e3,37d911b2-8fd3-4279-ad3a-e3db3a2a6999,86723522-9735-407d-8f8a-fca0f9fd6e63
fd25839b-7c8b-47e1-af7d-fe334646b0e3,37d911b2-8fd3-4279-ad3a-e3db3a2a6999,c51c2e7c-a8d0-4fca-9375-b5d27a57f5c8,->,fd25839b-7c8b-47e1-af7d-fe334646b0e3,java/lang/System.java,nanoTime
fd25839b-7c8b-47e1-af7d-fe334646b0e3,37d911b2-8fd3-4279-ad3a-e3db3a2a6999,c51c2e7c-a8d0-4fca-9375-b5d27a57f5c8,->,fd25839b-7c8b-47e1-af7d-fe334646b0e3,java/lang/StringBuilder.java,append
fd25839b-7c8b-47e1-af7d-fe334646b0e3,37d911b2-8fd3-4279-ad3a-e3db3a2a6999,c51c2e7c-a8d0-4fca-9375-b5d27a57f5c8,->,fd25839b-7c8b-47e1-af7d-fe334646b0e3,java/lang/StringBuilder.java,append
fd25839b-7c8b-47e1-af7d-fe334646b0e3,37d911b2-8fd3-4279-ad3a-e3db3a2a6999,c51c2e7c-a8d0-4fca-9375-b5d27a57f5c8,->,fd25839b-7c8b-47e1-af7d-fe334646b0e3,java/lang/StringBuilder.java,toString
fd25839b-7c8b-47e1-af7d-fe334646b0e3,37d911b2-8fd3-4279-ad3a-e3db3a2a6999,c51c2e7c-a8d0-4fca-9375-b5d27a57f5c8,->,fd25839b-7c8b-47e1-af7d-fe334646b0e3,java/io/PrintStream.java,println
fd25839b-7c8b-47e1-af7d-fe334646b0e3,37d911b2-8fd3-4279-ad3a-e3db3a2a6999,c51c2e7c-a8d0-4fca-9375-b5d27a57f5c8,->,fd25839b-7c8b-47e1-af7d-fe334646b0e3,java/io/PrintStream.java,println
fd25839b-7c8b-47e1-af7d-fe334646b0e3,37d911b2-8fd3-4279-ad3a-e3db3a2a6999,c51c2e7c-a8d0-4fca-9375-b5d27a57f5c8,->,fd25839b-7c8b-47e1-af7d-fe334646b0e3,java/lang/System.java,nanoTime
fd25839b-7c8b-47e1-af7d-fe334646b0e3,37d911b2-8fd3-4279-ad3a-e3db3a2a6999,c51c2e7c-a8d0-4fca-9375-b5d27a57f5c8,->,fd25839b-7c8b-47e1-af7d-fe334646b0e3,37d911b2-8fd3-4279-ad3a-e3db3a2a6999,fa90db1a-4fc7-4211-883e-80fab87773fc
fd25839b-7c8b-47e1-af7d-fe334646b0e3,37d911b2-8fd3-4279-ad3a-e3db3a2a6999,c51c2e7c-a8d0-4fca-9375-b5d27a57f5c8,->,fd25839b-7c8b-47e1-af7d-fe334646b0e3,java/lang/System.java,nanoTime
fd25839b-7c8b-47e1-af7d-fe334646b0e3,37d911b2-8fd3-4279-ad3a-e3db3a2a6999,c51c2e7c-a8d0-4fca-9375-b5d27a57f5c8,->,fd25839b-7c8b-47e1-af7d-fe334646b0e3,java/lang/StringBuilder.java,append
fd25839b-7c8b-47e1-af7d-fe334646b0e3,37d911b2-8fd3-4279-ad3a-e3db3a2a6999,c51c2e7c-a8d0-4fca-9375-b5d27a57f5c8,->,fd25839b-7c8b-47e1-af7d-fe334646b0e3,java/lang/StringBuilder.java,append
fd25839b-7c8b-47e1-af7d-fe334646b0e3,37d911b2-8fd3-4279-ad3a-e3db3a2a6999,c51c2e7c-a8d0-4fca-9375-b5d27a57f5c8,->,fd25839b-7c8b-47e1-af7d-fe334646b0e3,java/lang/StringBuilder.java,toString
fd25839b-7c8b-47e1-af7d-fe334646b0e3,37d911b2-8fd3-4279-ad3a-e3db3a2a6999,c51c2e7c-a8d0-4fca-9375-b5d27a57f5c8,->,fd25839b-7c8b-47e1-af7d-fe334646b0e3,java/io/PrintStream.java,println
fd25839b-7c8b-47e1-af7d-fe334646b0e3,37d911b2-8fd3-4279-ad3a-e3db3a2a6999,86723522-9735-407d-8f8a-fca0f9fd6e63,->,fd25839b-7c8b-47e1-af7d-fe334646b0e3,37d911b2-8fd3-4279-ad3a-e3db3a2a6999,00870497-0c70-4361-8f04-4da4785c8009
fd25839b-7c8b-47e1-af7d-fe334646b0e3,37d911b2-8fd3-4279-ad3a-e3db3a2a6999,86723522-9735-407d-8f8a-fca0f9fd6e63,->,fd25839b-7c8b-47e1-af7d-fe334646b0e3,java/util/Arrays.java,toString
fd25839b-7c8b-47e1-af7d-fe334646b0e3,37d911b2-8fd3-4279-ad3a-e3db3a2a6999,86723522-9735-407d-8f8a-fca0f9fd6e63,->,fd25839b-7c8b-47e1-af7d-fe334646b0e3,java/io/PrintStream.java,println
fd25839b-7c8b-47e1-af7d-fe334646b0e3,37d911b2-8fd3-4279-ad3a-e3db3a2a6999,fa90db1a-4fc7-4211-883e-80fab87773fc,->,fd25839b-7c8b-47e1-af7d-fe334646b0e3,37d911b2-8fd3-4279-ad3a-e3db3a2a6999,00870497-0c70-4361-8f04-4da4785c8009
fd25839b-7c8b-47e1-af7d-fe334646b0e3,37d911b2-8fd3-4279-ad3a-e3db3a2a6999,fa90db1a-4fc7-4211-883e-80fab87773fc,->,fd25839b-7c8b-47e1-af7d-fe334646b0e3,java/util/Arrays.java,toString
fd25839b-7c8b-47e1-af7d-fe334646b0e3,37d911b2-8fd3-4279-ad3a-e3db3a2a6999,fa90db1a-4fc7-4211-883e-80fab87773fc,->,fd25839b-7c8b-47e1-af7d-fe334646b0e3,java/io/PrintStream.java,println
